[name]
unknown

[dist]
# distance from previous block
# <min> <max>
0	381

[block]
# block no. 0 follows, 32 sequences, length 19
# corresponding to MSA columns:
# 450-468
name=unknown_A
#
# <colnr> <probs for GDERKNQSTAVLIFYWHMCP>
#	G	D	E	R	K	N	Q	S	T	A	V	L	I	F	Y	W	H	M	C	P
0	0.00850	0.00607	0.00816	0.00972	0.01025	0.00573	0.00680	0.00991	0.01317	0.01750	0.03680	0.67488	0.04366	0.02071	0.00865	0.00277	0.00418	0.10078	0.00622	0.00554
1	0.02551	0.01879	0.02014	0.01544	0.02081	0.02081	0.01275	0.69996	0.03155	0.04229	0.01611	0.01611	0.01141	0.00805	0.00671	0.00201	0.00738	0.00604	0.00671	0.01141
2	0.01584	0.01810	0.03959	0.02828	0.03507	0.01697	0.69796	0.02149	0.01584	0.02149	0.01357	0.01810	0.01018	0.00566	0.00792	0.00226	0.01131	0.00792	0.00339	0.00905
3	0.01794	0.76823	0.03516	0.01148	0.01722	0.02655	0.01148	0.02009	0.01363	0.01579	0.00933	0.01076	0.00861	0.00574	0.00431	0.00144	0.00718	0.00359	0.00287	0.00861
4	0.00826	0.00601	0.00782	0.00923	0.00984	0.00556	0.00631	0.00956	0.01318	0.01734	0.03980	0.66739	0.10679	0.02055	0.00853	0.00270	0.00394	0.04548	0.00623	0.00550
5	0.00879	0.00673	0.01002	0.01072	0.01158	0.00631	0.05229	0.01034	0.01315	0.01754	0.03537	0.68233	0.04187	0.01990	0.00855	0.00271	0.00448	0.04554	0.00604	0.00572
6	0.01706	0.62407	0.17161	0.01298	0.01954	0.02439	0.01410	0.02032	0.01374	0.01686	0.00986	0.01143	0.00859	0.00587	0.00471	0.00157	0.00771	0.00386	0.00286	0.00887
7	0.01661	0.01594	0.02724	0.04119	0.72233	0.01594	0.02059	0.02059	0.01528	0.02192	0.01262	0.01661	0.01063	0.00598	0.00664	0.00199	0.00797	0.00598	0.00332	0.01063
8	0.01563	0.01769	0.03830	0.07602	0.03581	0.01683	0.65291	0.02120	0.01568	0.02120	0.01347	0.01809	0.01010	0.00573	0.00784	0.00226	0.01116	0.00779	0.00337	0.00894
9	0.00818	0.00681	0.00714	0.00706	0.00922	0.00577	0.00529	0.01011	0.01588	0.01952	0.17120	0.06228	0.61551	0.01647	0.00793	0.00224	0.00336	0.01384	0.00641	0.00577
10	0.01346	0.03471	0.72942	0.01912	0.02904	0.01558	0.02479	0.02125	0.01417	0.02125	0.01204	0.01417	0.00850	0.00637	0.00637	0.00212	0.00992	0.00496	0.00283	0.00992
11	0.00953	0.00696	0.00921	0.01027	0.01159	0.00664	0.00819	0.01192	0.01520	0.01998	0.13654	0.26196	0.12826	0.01836	0.00871	0.00275	0.00477	0.31686	0.00637	0.00593
12	0.00818	0.00584	0.00779	0.00934	0.00973	0.00545	0.00623	0.00934	0.01285	0.01713	0.03698	0.75981	0.04438	0.02102	0.00856	0.00273	0.00389	0.01908	0.00623	0.00545
13	0.01346	0.03471	0.72942	0.01912	0.02904	0.01558	0.02479	0.02125	0.01417	0.02125	0.01204	0.01417	0.00850	0.00637	0.00637	0.00212	0.00992	0.00496	0.00283	0.00992
14	0.01288	0.01213	0.02049	0.71143	0.08125	0.01496	0.01874	0.01732	0.01351	0.01739	0.01196	0.01782	0.00903	0.00667	0.00671	0.00222	0.00889	0.00596	0.00300	0.00762
15	0.01612	0.01544	0.02635	0.12895	0.63839	0.01581	0.02035	0.02016	0.01505	0.02133	0.01253	0.01677	0.01042	0.00607	0.00665	0.00202	0.00809	0.00598	0.00328	0.01023
16	0.00959	0.00719	0.01078	0.01078	0.01198	0.00839	0.00839	0.01198	0.01078	0.01558	0.01797	0.02636	0.01677	0.05032	0.73760	0.01078	0.01797	0.00719	0.00359	0.00599
17	0.81159	0.01298	0.00986	0.00882	0.01298	0.01505	0.00727	0.01972	0.01142	0.03010	0.00934	0.01090	0.00727	0.00623	0.00415	0.00208	0.00519	0.00363	0.00415	0.00727
18	0.81159	0.01298	0.00986	0.00882	0.01298	0.01505	0.00727	0.01972	0.01142	0.03010	0.00934	0.01090	0.00727	0.00623	0.00415	0.00208	0.00519	0.00363	0.00415	0.00727

[dist]
# distance from previous block
# <min> <max>
0	1

[block]
# block no. 1 follows, 32 sequences, length 31
# corresponding to MSA columns:
# 470-500
name=unknown_B
#
# <colnr> <probs for GDERKNQSTAVLIFYWHMCP>
#	G	D	E	R	K	N	Q	S	T	A	V	L	I	F	Y	W	H	M	C	P
0	0.01114	0.05908	0.05618	0.00942	0.01196	0.00830	0.00790	0.01420	0.01749	0.06145	0.47223	0.10290	0.11555	0.01335	0.00757	0.00213	0.00407	0.01159	0.00664	0.00684
1	0.01497	0.01427	0.02427	0.33593	0.44041	0.01551	0.01978	0.01915	0.01450	0.01993	0.01233	0.01714	0.00993	0.00628	0.00667	0.00209	0.00838	0.00597	0.00318	0.00930
2	0.03010	0.01142	0.01557	0.01194	0.01713	0.00986	0.00986	0.03270	0.01920	0.72698	0.02647	0.02284	0.01661	0.00830	0.00675	0.00208	0.00571	0.00675	0.00830	0.01142
3	0.01298	0.01252	0.02200	0.67860	0.04514	0.01511	0.08419	0.01756	0.01365	0.01756	0.01209	0.01791	0.00906	0.00661	0.00683	0.00224	0.00917	0.00615	0.00302	0.00761
4	0.02136	0.02529	0.01884	0.18565	0.02617	0.48800	0.01397	0.04749	0.05548	0.01837	0.03038	0.01527	0.01088	0.00720	0.00632	0.00190	0.01061	0.00514	0.00374	0.00794
5	0.03010	0.01142	0.01557	0.01194	0.01713	0.00986	0.00986	0.03270	0.01920	0.72698	0.02647	0.02284	0.01661	0.00830	0.00675	0.00208	0.00571	0.00675	0.00830	0.01142
6	0.03010	0.01142	0.01557	0.01194	0.01713	0.00986	0.00986	0.03270	0.01920	0.72698	0.02647	0.02284	0.01661	0.00830	0.00675	0.00208	0.00571	0.00675	0.00830	0.01142
7	0.00848	0.00611	0.00803	0.00904	0.00978	0.00567	0.00621	0.01014	0.01438	0.01947	0.19888	0.56858	0.07198	0.01916	0.00839	0.00256	0.00370	0.01727	0.00650	0.00567
8	0.01525	0.01303	0.01386	0.01257	0.01602	0.01475	0.00973	0.03121	0.58414	0.02711	0.09752	0.03083	0.08434	0.01022	0.00703	0.00226	0.00494	0.00859	0.00683	0.00978
9	0.00793	0.00680	0.00680	0.00680	0.00906	0.00566	0.00510	0.00963	0.01529	0.01813	0.06797	0.06457	0.71961	0.01699	0.00793	0.00227	0.00340	0.01416	0.00623	0.00566
10	0.01584	0.01810	0.03959	0.02828	0.03507	0.01697	0.69796	0.02149	0.01584	0.02149	0.01357	0.01810	0.01018	0.00566	0.00792	0.00226	0.01131	0.00792	0.00339	0.00905
11	0.01267	0.01193	0.02013	0.74806	0.04621	0.01491	0.01863	0.01714	0.01342	0.01714	0.01193	0.01789	0.00894	0.00671	0.00671	0.00224	0.00894	0.00596	0.00298	0.00745
12	0.03010	0.01142	0.01557	0.01194	0.01713	0.00986	0.00986	0.03270	0.01920	0.72698	0.02647	0.02284	0.01661	0.00830	0.00675	0.00208	0.00571	0.00675	0.00830	0.01142
13	0.00976	0.00651	0.00732	0.00732	0.00732	0.00651	0.00407	0.00976	0.00976	0.01301	0.02114	0.04391	0.02439	0.76419	0.03415	0.00651	0.00651	0.00976	0.00407	0.00407
14	0.01267	0.01193	0.02013	0.74806	0.04621	0.01491	0.01863	0.01714	0.01342	0.01714	0.01193	0.01789	0.00894	0.00671	0.00671	0.00224	0.00894	0.00596	0.00298	0.00745
15	0.01341	0.01293	0.02028	0.48090	0.03575	0.01697	0.01719	0.01678	0.01227	0.01678	0.01079	0.01672	0.00889	0.00855	0.01231	0.00249	0.28068	0.00593	0.00296	0.00741
16	0.00984	0.00757	0.01154	0.07073	0.01477	0.00892	0.00922	0.01240	0.01100	0.01570	0.01748	0.02567	0.01614	0.04678	0.67817	0.01009	0.01724	0.00709	0.00354	0.00611
17	0.01565	0.01297	0.01670	0.01591	0.05550	0.01411	0.06706	0.02803	0.41186	0.05317	0.02747	0.03685	0.02359	0.01103	0.00753	0.00246	0.00618	0.17827	0.00626	0.00939
18	0.00897	0.00640	0.00869	0.01025	0.01098	0.00613	0.00760	0.01071	0.01363	0.01801	0.03655	0.55479	0.04265	0.02028	0.00878	0.00283	0.00458	0.21629	0.00621	0.00567
19	0.01080	0.00929	0.01000	0.03232	0.01232	0.07715	0.00747	0.01361	0.04380	0.02131	0.29881	0.35933	0.04627	0.01590	0.00794	0.00236	0.00461	0.01409	0.00634	0.00629
20	0.01650	0.01588	0.02688	0.03993	0.68481	0.01619	0.02028	0.02036	0.01501	0.02161	0.01242	0.01650	0.01053	0.00629	0.00746	0.00204	0.04759	0.00597	0.00330	0.01045
21	0.01661	0.01594	0.02724	0.04119	0.72233	0.01594	0.02059	0.02059	0.01528	0.02192	0.01262	0.01661	0.01063	0.00598	0.00664	0.00199	0.00797	0.00598	0.00332	0.01063
22	0.00988	0.00665	0.00773	0.00791	0.00810	0.00665	0.00486	0.01025	0.01043	0.01385	0.02284	0.04767	0.02608	0.67598	0.03121	0.00610	0.00647	0.08871	0.00432	0.00432
23	0.02780	0.13188	0.01905	0.01215	0.01744	0.01339	0.01035	0.08496	0.01933	0.55868	0.02291	0.02038	0.01492	0.00788	0.00636	0.00197	0.00608	0.00619	0.00731	0.01097
24	0.02555	0.01425	0.01767	0.10036	0.02187	0.01472	0.01196	0.26343	0.06848	0.35838	0.02120	0.02005	0.01415	0.00808	0.00674	0.00209	0.00665	0.00646	0.00702	0.01089
25	0.00815	0.00676	0.00686	0.00686	0.00886	0.00576	0.00498	0.00964	0.01464	0.01752	0.06243	0.06213	0.63736	0.10539	0.01103	0.00277	0.00377	0.01364	0.00597	0.00548
26	0.01630	0.01417	0.01565	0.08453	0.02022	0.01652	0.01139	0.03387	0.64297	0.02701	0.02583	0.02434	0.01937	0.00887	0.00682	0.00227	0.00566	0.00743	0.00646	0.01031
27	0.02819	0.01148	0.01538	0.01170	0.01698	0.00975	0.00964	0.03083	0.01858	0.64356	0.02475	0.02178	0.01582	0.00791	0.00654	0.00195	0.00562	0.00642	0.00779	0.10533
28	0.01175	0.00887	0.01160	0.01220	0.01448	0.00873	0.01046	0.01636	0.08231	0.02106	0.03194	0.06349	0.03347	0.01602	0.00852	0.00276	0.00595	0.53291	0.00598	0.10113
29	0.02804	0.01148	0.01611	0.09902	0.02057	0.01046	0.01090	0.03086	0.01852	0.64301	0.02475	0.02225	0.01570	0.00812	0.00674	0.00210	0.00609	0.00665	0.00768	0.01095
30	0.01743	0.01731	0.02501	0.03562	0.57124	0.08564	0.01868	0.02297	0.09785	0.02212	0.01414	0.01717	0.01160	0.00644	0.00661	0.00200	0.00805	0.00601	0.00375	0.01035

[dist]
# distance from previous block
# <min> <max>
0	2

[block]
# block no. 2 follows, 32 sequences, length 6
# corresponding to MSA columns:
# 503-508
name=unknown_C
#
# <colnr> <probs for GDERKNQSTAVLIFYWHMCP>
#	G	D	E	R	K	N	Q	S	T	A	V	L	I	F	Y	W	H	M	C	P
0	0.02468	0.01067	0.01413	0.01132	0.01563	0.00962	0.00916	0.02863	0.07100	0.52454	0.17487	0.02885	0.02691	0.00952	0.00700	0.00210	0.00513	0.00796	0.00800	0.01027
1	0.01766	0.02462	0.41816	0.14583	0.02896	0.01397	0.01981	0.02351	0.01535	0.20456	0.01578	0.01708	0.01069	0.00694	0.00653	0.00213	0.00865	0.00560	0.00429	0.00987
2	0.01588	0.21013	0.02567	0.06461	0.37730	0.01687	0.01551	0.01819	0.01360	0.01826	0.01156	0.01582	0.01020	0.00901	0.00949	0.14346	0.00744	0.00533	0.00311	0.00858
3	0.01828	0.01493	0.02013	0.42778	0.03511	0.01749	0.01606	0.31565	0.02134	0.02814	0.01375	0.01711	0.01002	0.00730	0.00671	0.00214	0.00826	0.00600	0.00461	0.00918
4	0.01860	0.01539	0.01362	0.01254	0.01533	0.19914	0.00946	0.08590	0.04733	0.14506	0.02688	0.24981	0.06143	0.03668	0.00814	0.00237	0.00688	0.03167	0.00587	0.00790
5	0.02671	0.01687	0.01895	0.01453	0.01985	0.01795	0.01200	0.52595	0.02833	0.22084	0.01881	0.01786	0.01277	0.00812	0.00672	0.00203	0.00695	0.00623	0.00713	0.01141

[dist]
# distance from previous block
# <min> <max>
0	3

[block]
# block no. 3 follows, 32 sequences, length 9
# corresponding to MSA columns:
# 512-520
name=unknown_D
#
# <colnr> <probs for GDERKNQSTAVLIFYWHMCP>
#	G	D	E	R	K	N	Q	S	T	A	V	L	I	F	Y	W	H	M	C	P
0	0.01372	0.01216	0.01904	0.59903	0.04002	0.01470	0.01682	0.08877	0.01587	0.02074	0.08090	0.02083	0.01448	0.00753	0.00683	0.00220	0.00822	0.00657	0.00380	0.00776
1	0.01476	0.01478	0.02092	0.52945	0.14858	0.09138	0.01801	0.01947	0.04316	0.01827	0.01251	0.01737	0.00966	0.00671	0.00663	0.00215	0.00897	0.00586	0.00324	0.00812
2	0.00989	0.00768	0.01001	0.08111	0.01424	0.00779	0.00808	0.01348	0.07420	0.02015	0.16435	0.31904	0.11588	0.04472	0.00908	0.00265	0.00464	0.08062	0.00610	0.00630
3	0.01421	0.01398	0.02515	0.02129	0.09143	0.01362	0.29845	0.01998	0.08891	0.02243	0.10747	0.06422	0.02194	0.00901	0.00808	0.00222	0.03524	0.06003	0.00465	0.07770
4	0.06582	0.10261	0.14245	0.01249	0.01673	0.01342	0.01185	0.03851	0.08838	0.08638	0.09529	0.08004	0.06685	0.01425	0.07813	0.00301	0.03714	0.03329	0.00510	0.00825
5	0.10415	0.01527	0.01662	0.01352	0.01770	0.08860	0.05780	0.18186	0.08270	0.14871	0.10779	0.04338	0.02029	0.03602	0.00761	0.00220	0.00669	0.00721	0.00604	0.03584
6	0.17136	0.01467	0.06265	0.01279	0.01698	0.03432	0.03522	0.10347	0.04811	0.20734	0.04088	0.02121	0.01503	0.09392	0.01052	0.00262	0.06377	0.00633	0.00552	0.03329
7	0.05169	0.13636	0.25462	0.01622	0.02277	0.01800	0.06359	0.13248	0.10470	0.08530	0.01531	0.01623	0.01126	0.00720	0.00679	0.00205	0.03541	0.00559	0.00453	0.00991
8	0.10814	0.08254	0.07743	0.13276	0.05832	0.01567	0.06070	0.14498	0.01720	0.04557	0.04099	0.05796	0.01425	0.00802	0.00667	0.00206	0.02986	0.00654	0.08174	0.00859

[dist]
# distance from previous block
# <min> <max>
2	93

[block]
# block no. 4 follows, 32 sequences, length 16
# corresponding to MSA columns:
# 617-632
name=unknown_E
#
# <colnr> <probs for GDERKNQSTAVLIFYWHMCP>
#	G	D	E	R	K	N	Q	S	T	A	V	L	I	F	Y	W	H	M	C	P
0	0.07386	0.01574	0.03831	0.01507	0.01924	0.05485	0.09194	0.23831	0.06404	0.08100	0.06259	0.08643	0.04271	0.01001	0.00778	0.00222	0.04374	0.03728	0.00576	0.00912
1	0.05176	0.01531	0.01474	0.05242	0.01738	0.16229	0.01031	0.09225	0.04671	0.12091	0.20231	0.06085	0.02726	0.01017	0.00764	0.00209	0.04338	0.02360	0.00582	0.03280
2	0.05328	0.01025	0.01527	0.41006	0.03038	0.01180	0.01331	0.01577	0.04622	0.01859	0.02014	0.24320	0.02023	0.01105	0.00705	0.00231	0.00683	0.00980	0.00427	0.05020
3	0.01748	0.01419	0.01551	0.05081	0.01849	0.04767	0.01040	0.17753	0.14833	0.05124	0.06540	0.02419	0.03584	0.00842	0.00644	0.00183	0.00607	0.04526	0.00561	0.24930
4	0.01662	0.01181	0.01466	0.10674	0.01958	0.01220	0.01087	0.17470	0.06569	0.09667	0.04896	0.11406	0.05895	0.01146	0.00726	0.00223	0.00607	0.11815	0.00595	0.09737
5	0.01391	0.01193	0.01391	0.00994	0.01590	0.00894	0.00795	0.01690	0.01391	0.02186	0.01193	0.01391	0.00994	0.00497	0.00497	0.00099	0.00497	0.00398	0.00398	0.80521
6	0.01142	0.00814	0.00989	0.00953	0.01156	0.00795	0.00720	0.01644	0.12342	0.06463	0.33897	0.16476	0.14174	0.01457	0.00785	0.00230	0.00393	0.04170	0.00695	0.00704
7	0.01552	0.01653	0.01987	0.58034	0.04037	0.18069	0.01733	0.01936	0.01470	0.01698	0.01157	0.01656	0.00888	0.00676	0.00656	0.00212	0.00967	0.00559	0.00309	0.00753
8	0.02656	0.01710	0.01909	0.01463	0.01996	0.01830	0.01209	0.54682	0.02871	0.19943	0.01849	0.01765	0.01260	0.00811	0.00672	0.00203	0.00700	0.00620	0.00708	0.01141
9	0.01523	0.00859	0.01156	0.01165	0.01391	0.00823	0.00954	0.04744	0.01638	0.18257	0.03295	0.23102	0.03379	0.01634	0.00840	0.00272	0.00556	0.32998	0.00670	0.00743
10	0.02302	0.01785	0.02023	0.01594	0.02008	0.02075	0.01320	0.54302	0.02667	0.03629	0.01443	0.01578	0.01081	0.00890	0.01023	0.00223	0.17826	0.00600	0.00585	0.01048
11	0.00938	0.00678	0.00948	0.01068	0.01164	0.00688	0.00825	0.01147	0.01324	0.01776	0.03213	0.36345	0.03612	0.02692	0.17612	0.00470	0.00789	0.23569	0.00561	0.00582
12	0.01405	0.18567	0.02387	0.54932	0.06795	0.01762	0.01707	0.01797	0.01354	0.01703	0.01136	0.01620	0.00894	0.00646	0.00615	0.00204	0.00850	0.00542	0.00297	0.00785
13	0.01374	0.03011	0.56673	0.01878	0.02642	0.01672	0.02247	0.02008	0.01327	0.02008	0.01130	0.01428	0.00857	0.00761	0.00997	0.00231	0.18021	0.00517	0.00286	0.00933
14	0.01324	0.01250	0.02115	0.64634	0.14351	0.01506	0.01892	0.01764	0.01368	0.01783	0.01203	0.01770	0.00919	0.00660	0.00670	0.00220	0.00880	0.00597	0.00303	0.00791
15	0.01577	0.01371	0.02016	0.52550	0.03825	0.01668	0.01699	0.17378	0.01734	0.02284	0.01265	0.01724	0.00950	0.00739	0.00785	0.00224	0.06393	0.00597	0.00383	0.00835

[dist]
# distance from previous block
# <min> <max>
50	164

[block]
# block no. 5 follows, 32 sequences, length 22
# corresponding to MSA columns:
# 914-935
name=unknown_F
#
# <colnr> <probs for GDERKNQSTAVLIFYWHMCP>
#	G	D	E	R	K	N	Q	S	T	A	V	L	I	F	Y	W	H	M	C	P
0	0.10218	0.01475	0.01960	0.16671	0.02529	0.03848	0.10604	0.22257	0.01918	0.05722	0.01606	0.08654	0.01349	0.00893	0.00747	0.03414	0.00760	0.00714	0.00487	0.04175
1	0.16983	0.01328	0.01722	0.08843	0.02075	0.02890	0.09398	0.14077	0.01787	0.15741	0.03512	0.10579	0.01702	0.00917	0.00659	0.00218	0.00669	0.02296	0.03732	0.00872
2	0.08290	0.01860	0.10251	0.08372	0.02268	0.06382	0.04099	0.27464	0.02093	0.09531	0.01505	0.01656	0.01096	0.00769	0.00746	0.00209	0.06183	0.00575	0.05694	0.00958
3	0.25934	0.01495	0.01482	0.07777	0.01851	0.09704	0.01061	0.11308	0.01668	0.12336	0.05240	0.07092	0.01524	0.00888	0.00751	0.00217	0.07687	0.00646	0.00510	0.00831
4	0.05708	0.01429	0.02393	0.25816	0.41785	0.01528	0.04590	0.01924	0.01452	0.02077	0.01320	0.01917	0.01105	0.00672	0.00669	0.00213	0.00819	0.03325	0.00338	0.00922
5	0.01634	0.01496	0.02535	0.18204	0.55898	0.01550	0.01978	0.02037	0.01506	0.04849	0.01302	0.01711	0.01052	0.00622	0.00666	0.00204	0.00808	0.00601	0.00345	0.01002
6	0.01002	0.00767	0.00982	0.00926	0.01116	0.00720	0.00715	0.01280	0.01701	0.02379	0.44634	0.10158	0.11277	0.01411	0.00842	0.00219	0.03599	0.07462	0.00657	0.08154
7	0.01391	0.01193	0.01391	0.00994	0.01590	0.00894	0.00795	0.01690	0.01391	0.02186	0.01193	0.01391	0.00994	0.00497	0.00497	0.00099	0.00497	0.00398	0.00398	0.80521
8	0.01391	0.01193	0.01391	0.00994	0.01590	0.00894	0.00795	0.01690	0.01391	0.02186	0.01193	0.01391	0.00994	0.00497	0.00497	0.00099	0.00497	0.00398	0.00398	0.80521
9	0.01378	0.08805	0.67893	0.01857	0.02818	0.01638	0.02382	0.02117	0.01413	0.02085	0.01184	0.01392	0.00851	0.00633	0.00622	0.00207	0.00972	0.00486	0.00284	0.00982
10	0.00950	0.00686	0.00897	0.00844	0.01002	0.00633	0.00633	0.01266	0.01899	0.02691	0.71879	0.05012	0.06331	0.01372	0.00791	0.00211	0.00317	0.01213	0.00739	0.00633
11	0.01391	0.01193	0.01391	0.00994	0.01590	0.00894	0.00795	0.01690	0.01391	0.02186	0.01193	0.01391	0.00994	0.00497	0.00497	0.00099	0.00497	0.00398	0.00398	0.80521
12	0.01661	0.01594	0.02724	0.04119	0.72233	0.01594	0.02059	0.02059	0.01528	0.02192	0.01262	0.01661	0.01063	0.00598	0.00664	0.00199	0.00797	0.00598	0.00332	0.01063
13	0.01267	0.01193	0.02013	0.74806	0.04621	0.01491	0.01863	0.01714	0.01342	0.01714	0.01193	0.01789	0.00894	0.00671	0.00671	0.00224	0.00894	0.00596	0.00298	0.00745
14	0.01614	0.01378	0.01476	0.01353	0.01711	0.01584	0.01064	0.03360	0.64472	0.02732	0.02808	0.02981	0.02219	0.00999	0.00706	0.00235	0.00539	0.07070	0.00677	0.01020
15	0.02409	0.01809	0.01934	0.01515	0.02027	0.02015	0.01241	0.59336	0.14045	0.04001	0.01791	0.01754	0.01287	0.00822	0.00673	0.00206	0.00705	0.00629	0.00673	0.01128
16	0.02551	0.01879	0.02014	0.01544	0.02081	0.02081	0.01275	0.69996	0.03155	0.04229	0.01611	0.01611	0.01141	0.00805	0.00671	0.00201	0.00738	0.00604	0.00671	0.01141
17	0.00886	0.00755	0.00773	0.00765	0.01003	0.00678	0.00583	0.01224	0.08080	0.01913	0.06295	0.06125	0.62877	0.01631	0.00788	0.00230	0.00368	0.03782	0.00629	0.00615
18	0.01811	0.01427	0.01544	0.01335	0.01720	0.01599	0.01051	0.18622	0.43787	0.05205	0.09027	0.05575	0.02329	0.00977	0.00697	0.00221	0.00554	0.00811	0.00687	0.01021
19	0.05102	0.01489	0.01621	0.01309	0.01752	0.03390	0.01058	0.35095	0.06021	0.13533	0.04850	0.07873	0.01799	0.00937	0.00669	0.00203	0.00628	0.02675	0.03209	0.06786
20	0.01533	0.01498	0.02266	0.37896	0.07182	0.07151	0.13400	0.08262	0.01606	0.02064	0.01434	0.07105	0.01207	0.00761	0.00693	0.00216	0.00889	0.00706	0.00373	0.03760
21	0.05187	0.01706	0.02154	0.01636	0.02170	0.01809	0.11219	0.42033	0.06152	0.08945	0.01639	0.01701	0.01179	0.00759	0.00709	0.00202	0.02734	0.00621	0.00596	0.06849

[dist]
# distance from previous block
# <min> <max>
9	37

[block]
# block no. 6 follows, 32 sequences, length 19
# corresponding to MSA columns:
# 982-1000
name=unknown_G
#
# <colnr> <probs for GDERKNQSTAVLIFYWHMCP>
#	G	D	E	R	K	N	Q	S	T	A	V	L	I	F	Y	W	H	M	C	P
0	0.07690	0.01554	0.02269	0.07722	0.39827	0.01613	0.01663	0.16429	0.01874	0.10721	0.01466	0.01689	0.01112	0.00675	0.00649	0.00203	0.00745	0.00591	0.00464	0.01043
1	0.02056	0.01632	0.01631	0.01377	0.01786	0.09054	0.01090	0.22107	0.29818	0.09959	0.10147	0.02381	0.02120	0.00903	0.00683	0.00211	0.00640	0.00725	0.00666	0.01014
2	0.07341	0.01013	0.01189	0.02690	0.01396	0.02576	0.00826	0.07566	0.05584	0.17436	0.23097	0.18453	0.03524	0.03246	0.00800	0.00234	0.00489	0.01070	0.00675	0.00795
3	0.01484	0.12635	0.35675	0.09952	0.02610	0.06370	0.01796	0.02008	0.01428	0.01985	0.01153	0.01394	0.00888	0.00607	0.00582	0.00178	0.00854	0.00464	0.00314	0.17625
4	0.11529	0.02525	0.01835	0.01568	0.01988	0.40726	0.01224	0.25833	0.02247	0.02692	0.01223	0.01335	0.00944	0.00723	0.00606	0.00187	0.00968	0.00484	0.00466	0.00897
5	0.64755	0.01265	0.01106	0.00948	0.01385	0.01396	0.00781	0.02245	0.01305	0.17638	0.01294	0.01341	0.00923	0.00666	0.00470	0.00208	0.00530	0.00429	0.00502	0.00814
6	0.02298	0.02213	0.16902	0.01621	0.02254	0.01971	0.01528	0.55750	0.02790	0.03787	0.01526	0.01570	0.01080	0.00770	0.00664	0.00204	0.00792	0.00581	0.00590	0.01110
7	0.01034	0.00799	0.00971	0.01037	0.01181	0.00815	0.00761	0.01564	0.16012	0.02053	0.08576	0.43216	0.08286	0.01745	0.00819	0.00260	0.00437	0.09122	0.00643	0.00670
8	0.02421	0.01640	0.01956	0.01523	0.02037	0.01750	0.05743	0.39271	0.15251	0.18201	0.02017	0.01929	0.01409	0.00814	0.00682	0.00209	0.00691	0.00660	0.00685	0.01111
9	0.02551	0.01879	0.02014	0.01544	0.02081	0.02081	0.01275	0.69996	0.03155	0.04229	0.01611	0.01611	0.01141	0.00805	0.00671	0.00201	0.00738	0.00604	0.00671	0.01141
10	0.00922	0.00664	0.00872	0.00863	0.00996	0.00615	0.00631	0.01197	0.01770	0.02485	0.57568	0.19909	0.05934	0.01525	0.00805	0.00224	0.00332	0.01359	0.00714	0.00615
11	0.01778	0.01800	0.03414	0.02482	0.03082	0.01803	0.50502	0.16352	0.01874	0.02547	0.01376	0.01744	0.01034	0.00660	0.00868	0.00226	0.06372	0.00738	0.00406	0.00942
12	0.02551	0.01879	0.02014	0.01544	0.02081	0.02081	0.01275	0.69996	0.03155	0.04229	0.01611	0.01611	0.01141	0.00805	0.00671	0.00201	0.00738	0.00604	0.00671	0.01141
13	0.02551	0.01879	0.02014	0.01544	0.02081	0.02081	0.01275	0.69996	0.03155	0.04229	0.01611	0.01611	0.01141	0.00805	0.00671	0.00201	0.00738	0.00604	0.00671	0.01141
14	0.55498	0.17217	0.01635	0.01014	0.01476	0.01812	0.00878	0.09770	0.01419	0.02849	0.01011	0.01147	0.00802	0.00634	0.00448	0.00193	0.00586	0.00390	0.00418	0.00802
15	0.02551	0.01879	0.02014	0.01544	0.02081	0.02081	0.01275	0.69996	0.03155	0.04229	0.01611	0.01611	0.01141	0.00805	0.00671	0.00201	0.00738	0.00604	0.00671	0.01141
16	0.02010	0.47620	0.07656	0.01327	0.01917	0.02396	0.01278	0.24073	0.01948	0.02475	0.01171	0.01272	0.00951	0.00653	0.00522	0.00167	0.00743	0.00448	0.00411	0.00961
17	0.02187	0.01608	0.01754	0.01416	0.01848	0.01758	0.01138	0.55500	0.02762	0.03701	0.02049	0.17221	0.01833	0.01078	0.00710	0.00216	0.00665	0.00878	0.00661	0.01016
18	0.02390	0.01800	0.01923	0.01511	0.02020	0.02006	0.01237	0.57918	0.15494	0.03970	0.01815	0.01773	0.01306	0.00825	0.00673	0.00206	0.00701	0.00632	0.00673	0.01127

[dist]
# distance from previous block
# <min> <max>
9	129

[block]
# block no. 7 follows, 32 sequences, length 43
# corresponding to MSA columns:
# 1170-1212
name=unknown_H
#
# <colnr> <probs for GDERKNQSTAVLIFYWHMCP>
#	G	D	E	R	K	N	Q	S	T	A	V	L	I	F	Y	W	H	M	C	P
0	0.01950	0.01919	0.01903	0.01583	0.01954	0.21278	0.07965	0.18632	0.07611	0.02552	0.07000	0.02308	0.04671	0.00906	0.00815	0.00208	0.07403	0.03422	0.02839	0.03082
1	0.01233	0.00911	0.01155	0.01090	0.01276	0.00989	0.00826	0.12170	0.03785	0.02073	0.02166	0.16082	0.02160	0.10029	0.35482	0.00667	0.01141	0.00931	0.02370	0.03466
2	0.01553	0.01387	0.02328	0.03265	0.51207	0.01371	0.04108	0.01933	0.01593	0.04585	0.10696	0.02708	0.02042	0.00830	0.00712	0.00213	0.00721	0.07357	0.00430	0.00960
3	0.01196	0.00861	0.01055	0.00988	0.01212	0.00865	0.00766	0.01786	0.14767	0.06485	0.39266	0.04523	0.11067	0.01577	0.05958	0.00283	0.00498	0.05424	0.00687	0.00733
4	0.02365	0.08491	0.02327	0.01632	0.02182	0.02083	0.08068	0.55561	0.04554	0.03752	0.01554	0.01606	0.01127	0.00764	0.00662	0.00199	0.00770	0.00605	0.00605	0.01091
5	0.01476	0.06269	0.56561	0.01756	0.02650	0.01586	0.02148	0.08080	0.01566	0.02294	0.01227	0.01417	0.00891	0.00636	0.00618	0.00197	0.00908	0.00490	0.00329	0.08903
6	0.01678	0.01446	0.01719	0.01460	0.01862	0.01613	0.07120	0.09819	0.51612	0.02859	0.07506	0.02623	0.03792	0.00920	0.00702	0.00224	0.00585	0.00794	0.00654	0.01014
7	0.01150	0.00795	0.00998	0.00917	0.01112	0.00771	0.00706	0.01396	0.01694	0.09263	0.37399	0.07653	0.24085	0.01423	0.00908	0.00225	0.06975	0.01190	0.00671	0.00670
8	0.01311	0.01441	0.09018	0.61065	0.04196	0.01513	0.01854	0.01919	0.07513	0.01852	0.01330	0.01815	0.00992	0.00689	0.00669	0.00223	0.00872	0.00601	0.00331	0.00798
9	0.01559	0.01465	0.02419	0.03526	0.58909	0.01432	0.01807	0.01923	0.01493	0.02149	0.01471	0.08208	0.01355	0.00721	0.00665	0.00196	0.00731	0.00694	0.00364	0.08914
10	0.01260	0.01178	0.01934	0.61025	0.04034	0.01489	0.01734	0.01659	0.01287	0.01691	0.01215	0.01832	0.00962	0.01107	0.07288	0.00306	0.08358	0.00606	0.00303	0.00731
11	0.01604	0.01754	0.03639	0.03162	0.21300	0.01670	0.52260	0.02126	0.01569	0.02160	0.01333	0.01771	0.01030	0.00574	0.00759	0.00219	0.01045	0.00742	0.00337	0.00946
12	0.00959	0.00719	0.01078	0.01078	0.01198	0.00839	0.00839	0.01198	0.01078	0.01558	0.01797	0.02636	0.01677	0.05032	0.73760	0.01078	0.01797	0.00719	0.00359	0.00599
13	0.01267	0.01193	0.02013	0.74806	0.04621	0.01491	0.01863	0.01714	0.01342	0.01714	0.01193	0.01789	0.00894	0.00671	0.00671	0.00224	0.00894	0.00596	0.00298	0.00745
14	0.00940	0.00679	0.00889	0.00851	0.01000	0.00627	0.00632	0.01243	0.01856	0.02621	0.67035	0.10055	0.06197	0.01424	0.00796	0.00215	0.00322	0.01263	0.00730	0.00627
15	0.81159	0.01298	0.00986	0.00882	0.01298	0.01505	0.00727	0.01972	0.01142	0.03010	0.00934	0.01090	0.00727	0.00623	0.00415	0.00208	0.00519	0.00363	0.00415	0.00727
16	0.00818	0.00584	0.00779	0.00934	0.00973	0.00545	0.00623	0.00934	0.01285	0.01713	0.03698	0.75981	0.04438	0.02102	0.00856	0.00273	0.00389	0.01908	0.00623	0.00545
17	0.02506	0.03198	0.01901	0.01729	0.02074	0.73725	0.01296	0.02679	0.01901	0.01642	0.01037	0.01210	0.00864	0.00691	0.00605	0.00173	0.01210	0.00432	0.00346	0.00778
18	0.00818	0.00584	0.00779	0.00934	0.00973	0.00545	0.00623	0.00934	0.01285	0.01713	0.03698	0.75981	0.04438	0.02102	0.00856	0.00273	0.00389	0.01908	0.00623	0.00545
19	0.00976	0.00651	0.00732	0.00732	0.00732	0.00651	0.00407	0.00976	0.00976	0.01301	0.02114	0.04391	0.02439	0.76419	0.03415	0.00651	0.00651	0.00976	0.00407	0.00407
20	0.02506	0.03198	0.01901	0.01729	0.02074	0.73725	0.01296	0.02679	0.01901	0.01642	0.01037	0.01210	0.00864	0.00691	0.00605	0.00173	0.01210	0.00432	0.00346	0.00778
21	0.01661	0.01594	0.02724	0.04119	0.72233	0.01594	0.02059	0.02059	0.01528	0.02192	0.01262	0.01661	0.01063	0.00598	0.00664	0.00199	0.00797	0.00598	0.00332	0.01063
22	0.01645	0.01578	0.02695	0.06920	0.69554	0.01590	0.02051	0.02046	0.01520	0.02173	0.01259	0.01666	0.01056	0.00601	0.00665	0.00200	0.00801	0.00598	0.00331	0.01050
23	0.01391	0.01193	0.01391	0.00994	0.01590	0.00894	0.00795	0.01690	0.01391	0.02186	0.01193	0.01391	0.00994	0.00497	0.00497	0.00099	0.00497	0.00398	0.00398	0.80521
24	0.01346	0.03471	0.72942	0.01912	0.02904	0.01558	0.02479	0.02125	0.01417	0.02125	0.01204	0.01417	0.00850	0.00637	0.00637	0.00212	0.00992	0.00496	0.00283	0.00992
25	0.01352	0.01280	0.02167	0.59482	0.19279	0.01513	0.01906	0.01789	0.01382	0.01818	0.01208	0.01761	0.00931	0.00655	0.00669	0.00218	0.00873	0.00597	0.00306	0.00814
26	0.81159	0.01298	0.00986	0.00882	0.01298	0.01505	0.00727	0.01972	0.01142	0.03010	0.00934	0.01090	0.00727	0.00623	0.00415	0.00208	0.00519	0.00363	0.00415	0.00727
27	0.00806	0.00680	0.00698	0.00694	0.00914	0.00572	0.00520	0.00989	0.01561	0.01887	0.12288	0.06336	0.66424	0.01672	0.00793	0.00225	0.00338	0.01399	0.00633	0.00572
28	0.02277	0.01816	0.06773	0.01437	0.01933	0.08837	0.01220	0.25602	0.18835	0.17927	0.02218	0.02106	0.04227	0.00848	0.00671	0.00208	0.00703	0.00663	0.00646	0.01053
29	0.01009	0.00793	0.01175	0.01146	0.01254	0.00960	0.00901	0.01240	0.01073	0.01563	0.01706	0.02520	0.01598	0.04649	0.66648	0.01000	0.09091	0.00706	0.00353	0.00612
30	0.00818	0.00584	0.00779	0.00934	0.00973	0.00545	0.00623	0.00934	0.01285	0.01713	0.03698	0.75981	0.04438	0.02102	0.00856	0.00273	0.00389	0.01908	0.00623	0.00545
31	0.00832	0.00686	0.00735	0.00736	0.00948	0.00588	0.00560	0.01032	0.01585	0.01953	0.16193	0.06308	0.58427	0.01660	0.00800	0.00229	0.00352	0.05157	0.00640	0.00579
32	0.01486	0.01378	0.02266	0.45130	0.28571	0.01564	0.01897	0.06008	0.01519	0.02038	0.01243	0.01732	0.00970	0.00653	0.00669	0.00214	0.00850	0.00597	0.00333	0.00883
33	0.01511	0.01432	0.02056	0.57276	0.09025	0.06689	0.01779	0.08594	0.01575	0.01993	0.01228	0.01721	0.00929	0.00680	0.00666	0.00216	0.00894	0.00586	0.00341	0.00810
34	0.76685	0.01406	0.01038	0.00931	0.01342	0.05613	0.00759	0.02013	0.01185	0.02933	0.00940	0.01097	0.00734	0.00627	0.00426	0.00206	0.00558	0.00367	0.00411	0.00730
35	0.00976	0.00651	0.00732	0.00732	0.00732	0.00651	0.00407	0.00976	0.00976	0.01301	0.02114	0.04391	0.02439	0.76419	0.03415	0.00651	0.00651	0.00976	0.00407	0.00407
36	0.00825	0.00590	0.00785	0.00929	0.00975	0.00550	0.00623	0.00953	0.01320	0.01768	0.07576	0.71945	0.04546	0.02061	0.00853	0.00269	0.00385	0.01868	0.00629	0.00550
37	0.01544	0.18299	0.52500	0.01724	0.02590	0.01828	0.02101	0.08105	0.01560	0.02200	0.01185	0.01364	0.00878	0.00639	0.00598	0.00197	0.00913	0.00477	0.00318	0.00978
38	0.02508	0.03141	0.01906	0.01721	0.02075	0.70633	0.01296	0.05584	0.01956	0.01754	0.01062	0.01227	0.00876	0.00696	0.00608	0.00174	0.01190	0.00440	0.00360	0.00794
39	0.02217	0.01714	0.01826	0.01476	0.01954	0.01925	0.01195	0.44878	0.28815	0.03691	0.02034	0.01948	0.01484	0.00845	0.00676	0.00211	0.00660	0.00663	0.00676	0.01111
40	0.01512	0.01280	0.01500	0.01103	0.01651	0.01095	0.00891	0.08473	0.01541	0.02349	0.01212	0.01419	0.01000	0.00576	0.00635	0.00123	0.05828	0.00432	0.00417	0.66963
41	0.01694	0.01739	0.03532	0.07023	0.03348	0.01681	0.55929	0.07031	0.03729	0.05197	0.01459	0.01834	0.01076	0.00610	0.00768	0.00224	0.01048	0.00761	0.00391	0.00926
42	0.68260	0.01328	0.01115	0.00960	0.01394	0.01503	0.00791	0.07267	0.01364	0.09268	0.01137	0.01235	0.00841	0.00655	0.00458	0.00207	0.00540	0.00409	0.00471	0.00795

[dist]
# distance from previous block
# <min> <max>
0	14

[block]
# block no. 8 follows, 32 sequences, length 211
# corresponding to MSA columns:
# 1227-1389,1404-1451
name=unknown_I
#
# <colnr> <probs for GDERKNQSTAVLIFYWHMCP>
#	G	D	E	R	K	N	Q	S	T	A	V	L	I	F	Y	W	H	M	C	P
0	0.01081	0.00772	0.01081	0.01236	0.01390	0.00772	0.01081	0.01390	0.01545	0.02008	0.03553	0.07569	0.03862	0.01854	0.00927	0.00309	0.00618	0.67717	0.00618	0.00618
1	0.00793	0.00680	0.00680	0.00680	0.00906	0.00566	0.00510	0.00963	0.01529	0.01813	0.06797	0.06457	0.71961	0.01699	0.00793	0.00227	0.00340	0.01416	0.00623	0.00566
2	0.81159	0.01298	0.00986	0.00882	0.01298	0.01505	0.00727	0.01972	0.01142	0.03010	0.00934	0.01090	0.00727	0.00623	0.00415	0.00208	0.00519	0.00363	0.00415	0.00727
3	0.01346	0.03471	0.72942	0.01912	0.02904	0.01558	0.02479	0.02125	0.01417	0.02125	0.01204	0.01417	0.00850	0.00637	0.00637	0.00212	0.00992	0.00496	0.00283	0.00992
4	0.00959	0.00719	0.01078	0.01078	0.01198	0.00839	0.00839	0.01198	0.01078	0.01558	0.01797	0.02636	0.01677	0.05032	0.73760	0.01078	0.01797	0.00719	0.00359	0.00599
5	0.00818	0.00584	0.00779	0.00934	0.00973	0.00545	0.00623	0.00934	0.01285	0.01713	0.03698	0.75981	0.04438	0.02102	0.00856	0.00273	0.00389	0.01908	0.00623	0.00545
6	0.81159	0.01298	0.00986	0.00882	0.01298	0.01505	0.00727	0.01972	0.01142	0.03010	0.00934	0.01090	0.00727	0.00623	0.00415	0.00208	0.00519	0.00363	0.00415	0.00727
7	0.02334	0.02884	0.01831	0.01676	0.02002	0.62468	0.01274	0.02624	0.06240	0.01738	0.01295	0.01692	0.01125	0.00792	0.00678	0.00188	0.03385	0.04607	0.00382	0.00785
8	0.00816	0.00590	0.00772	0.00919	0.00969	0.00546	0.00616	0.00936	0.01300	0.01719	0.03889	0.71694	0.08601	0.02077	0.00853	0.00270	0.00386	0.01877	0.00623	0.00546
9	0.01535	0.01732	0.03757	0.02708	0.03346	0.01624	0.65405	0.02072	0.01565	0.02122	0.01506	0.06518	0.01235	0.00663	0.00796	0.00229	0.01084	0.00863	0.00357	0.00882
10	0.02439	0.05974	0.04974	0.01665	0.02096	0.49716	0.01334	0.19537	0.02173	0.02309	0.01184	0.01314	0.00933	0.00713	0.00616	0.00180	0.01062	0.00475	0.00422	0.00882
11	0.01673	0.01564	0.04857	0.01549	0.02135	0.01406	0.14785	0.14077	0.12193	0.02628	0.01530	0.01682	0.01177	0.00632	0.00620	0.00166	0.00691	0.00571	0.00472	0.35590
12	0.00976	0.00651	0.00732	0.00732	0.00732	0.00651	0.00407	0.00976	0.00976	0.01301	0.02114	0.04391	0.02439	0.76419	0.03415	0.00651	0.00651	0.00976	0.00407	0.00407
13	0.02366	0.02911	0.01759	0.01605	0.01930	0.65561	0.01204	0.02555	0.01846	0.01738	0.01166	0.01354	0.00960	0.00702	0.00590	0.00171	0.01110	0.00454	0.09258	0.00761
14	0.04443	0.00791	0.01070	0.01204	0.01370	0.00797	0.01048	0.01409	0.01543	0.02079	0.06306	0.07189	0.03833	0.01782	0.00900	0.00301	0.00601	0.62098	0.00614	0.00623
15	0.02945	0.01234	0.04374	0.01222	0.01760	0.01009	0.01045	0.03225	0.01901	0.69913	0.02590	0.02250	0.01629	0.00823	0.00673	0.00208	0.00588	0.00668	0.00809	0.01136
16	0.01010	0.00749	0.00949	0.00888	0.01065	0.00720	0.00669	0.01459	0.07703	0.02700	0.66074	0.04802	0.05972	0.01333	0.00782	0.00212	0.00335	0.01175	0.00734	0.00669
17	0.00818	0.00584	0.00779	0.00934	0.00973	0.00545	0.00623	0.00934	0.01285	0.01713	0.03698	0.75981	0.04438	0.02102	0.00856	0.00273	0.00389	0.01908	0.00623	0.00545
18	0.01624	0.15987	0.46732	0.01771	0.02590	0.07491	0.04713	0.07729	0.01595	0.02166	0.01183	0.01373	0.00884	0.00642	0.00608	0.00197	0.00946	0.00488	0.00323	0.00961
19	0.01452	0.00752	0.00824	0.00774	0.00977	0.00750	0.00590	0.06003	0.01547	0.09001	0.02311	0.08597	0.01905	0.01007	0.02402	0.00197	0.00408	0.00739	0.59067	0.00698
20	0.00976	0.00651	0.00732	0.00732	0.00732	0.00651	0.00407	0.00976	0.00976	0.01301	0.02114	0.04391	0.02439	0.76419	0.03415	0.00651	0.00651	0.00976	0.00407	0.00407
21	0.02467	0.01287	0.01557	0.01224	0.01677	0.01272	0.01000	0.24622	0.02288	0.36383	0.11858	0.02455	0.02141	0.00894	0.00677	0.00203	0.00574	0.00723	0.05657	0.01039
22	0.07898	0.06195	0.04787	0.01724	0.02074	0.06229	0.16447	0.01994	0.04011	0.06936	0.01722	0.06529	0.01590	0.01016	0.01070	0.00244	0.18662	0.09634	0.00430	0.00806
23	0.01346	0.03471	0.72942	0.01912	0.02904	0.01558	0.02479	0.02125	0.01417	0.02125	0.01204	0.01417	0.00850	0.00637	0.00637	0.00212	0.00992	0.00496	0.00283	0.00992
24	0.00840	0.00600	0.00804	0.00960	0.01008	0.00564	0.00661	0.00973	0.01306	0.01738	0.03686	0.70237	0.04389	0.02081	0.00862	0.00276	0.00408	0.07433	0.00622	0.00551
25	0.01794	0.76823	0.03516	0.01148	0.01722	0.02655	0.01148	0.02009	0.01363	0.01579	0.00933	0.01076	0.00861	0.00574	0.00431	0.00144	0.00718	0.00359	0.00287	0.00861
26	0.00818	0.00584	0.00779	0.00934	0.00973	0.00545	0.00623	0.00934	0.01285	0.01713	0.03698	0.75981	0.04438	0.02102	0.00856	0.00273	0.00389	0.01908	0.00623	0.00545
27	0.02570	0.01727	0.01897	0.01460	0.01981	0.01870	0.01204	0.57864	0.02913	0.14070	0.01782	0.01741	0.01237	0.00808	0.00664	0.00201	0.00699	0.00615	0.03575	0.01123
28	0.81159	0.01298	0.00986	0.00882	0.01298	0.01505	0.00727	0.01972	0.01142	0.03010	0.00934	0.01090	0.00727	0.00623	0.00415	0.00208	0.00519	0.00363	0.00415	0.00727
29	0.01097	0.00807	0.01158	0.07284	0.01656	0.00831	0.01146	0.01417	0.01528	0.01984	0.03359	0.07094	0.03618	0.01756	0.00906	0.00302	0.00641	0.62199	0.00592	0.00628
30	0.01818	0.01655	0.03381	0.02429	0.03075	0.01523	0.53529	0.02314	0.01630	0.14339	0.01570	0.01865	0.01128	0.00607	0.00753	0.00215	0.00994	0.00747	0.00428	0.06000
31	0.00943	0.00686	0.00888	0.00838	0.00999	0.00630	0.00628	0.01254	0.01885	0.02656	0.69311	0.05069	0.08921	0.01385	0.00791	0.00212	0.00317	0.01221	0.00734	0.00630
32	0.01794	0.76823	0.03516	0.01148	0.01722	0.02655	0.01148	0.02009	0.01363	0.01579	0.00933	0.01076	0.00861	0.00574	0.00431	0.00144	0.00718	0.00359	0.00287	0.00861
33	0.00950	0.00686	0.00897	0.00844	0.01002	0.00633	0.00633	0.01266	0.01899	0.02691	0.71879	0.05012	0.06331	0.01372	0.00791	0.00211	0.00317	0.01213	0.00739	0.00633
34	0.05843	0.01148	0.01536	0.01183	0.01698	0.01005	0.00977	0.03223	0.01892	0.70172	0.02585	0.02241	0.01627	0.00823	0.00665	0.00208	0.00569	0.00663	0.00815	0.01127
35	0.00818	0.00584	0.00779	0.00934	0.00973	0.00545	0.00623	0.00934	0.01285	0.01713	0.03698	0.75981	0.04438	0.02102	0.00856	0.00273	0.00389	0.01908	0.00623	0.00545
36	0.01267	0.01193	0.02013	0.74806	0.04621	0.01491	0.01863	0.01714	0.01342	0.01714	0.01193	0.01789	0.00894	0.00671	0.00671	0.00224	0.00894	0.00596	0.00298	0.00745
37	0.01594	0.01526	0.02604	0.16051	0.60820	0.01577	0.02026	0.02001	0.01496	0.02111	0.01250	0.01682	0.01034	0.00610	0.00665	0.00203	0.00814	0.00598	0.00326	0.01009
38	0.00974	0.00656	0.00758	0.00758	0.00767	0.00665	0.00439	0.00992	0.00983	0.01320	0.02090	0.04260	0.02382	0.71076	0.08680	0.00683	0.00736	0.00957	0.00403	0.00421
39	0.01584	0.01810	0.03959	0.02828	0.03507	0.01697	0.69796	0.02149	0.01584	0.02149	0.01357	0.01810	0.01018	0.00566	0.00792	0.00226	0.01131	0.00792	0.00339	0.00905
40	0.06565	0.01379	0.01829	0.01441	0.01936	0.01388	0.08707	0.09690	0.20948	0.35232	0.02334	0.02162	0.01595	0.00809	0.00676	0.00215	0.00636	0.00688	0.00698	0.01071
41	0.01058	0.00865	0.01269	0.01211	0.01308	0.01076	0.00961	0.01279	0.01068	0.01569	0.01619	0.02409	0.01522	0.04281	0.59825	0.00926	0.16089	0.00693	0.00347	0.00625
42	0.00975	0.00652	0.00742	0.00742	0.00745	0.00656	0.00419	0.00982	0.00979	0.01308	0.02105	0.04342	0.02418	0.74417	0.05388	0.00663	0.00683	0.00969	0.00405	0.00412
43	0.01267	0.01193	0.02013	0.74806	0.04621	0.01491	0.01863	0.01714	0.01342	0.01714	0.01193	0.01789	0.00894	0.00671	0.00671	0.00224	0.00894	0.00596	0.00298	0.00745
44	0.01062	0.00758	0.01059	0.01213	0.01359	0.00755	0.01047	0.01356	0.01525	0.01986	0.03564	0.12689	0.03905	0.01872	0.00922	0.00306	0.00601	0.62792	0.00618	0.00612
45	0.01391	0.01193	0.01391	0.00994	0.01590	0.00894	0.00795	0.01690	0.01391	0.02186	0.01193	0.01391	0.00994	0.00497	0.00497	0.00099	0.00497	0.00398	0.00398	0.80521
46	0.81159	0.01298	0.00986	0.00882	0.01298	0.01505	0.00727	0.01972	0.01142	0.03010	0.00934	0.01090	0.00727	0.00623	0.00415	0.00208	0.00519	0.00363	0.00415	0.00727
47	0.01346	0.03471	0.72942	0.01912	0.02904	0.01558	0.02479	0.02125	0.01417	0.02125	0.01204	0.01417	0.00850	0.00637	0.00637	0.00212	0.00992	0.00496	0.00283	0.00992
48	0.03010	0.01142	0.01557	0.01194	0.01713	0.00986	0.00986	0.03270	0.01920	0.72698	0.02647	0.02284	0.01661	0.00830	0.00675	0.00208	0.00571	0.00675	0.00830	0.01142
49	0.01584	0.01810	0.03959	0.02828	0.03507	0.01697	0.69796	0.02149	0.01584	0.02149	0.01357	0.01810	0.01018	0.00566	0.00792	0.00226	0.01131	0.00792	0.00339	0.00905
50	0.01661	0.01594	0.02724	0.04119	0.72233	0.01594	0.02059	0.02059	0.01528	0.02192	0.01262	0.01661	0.01063	0.00598	0.00664	0.00199	0.00797	0.00598	0.00332	0.01063
51	0.00806	0.00680	0.00698	0.00694	0.00914	0.00572	0.00520	0.00988	0.01560	0.01886	0.12261	0.06336	0.66451	0.01672	0.00793	0.00225	0.00338	0.01399	0.00633	0.00572
52	0.01346	0.03471	0.72942	0.01912	0.02904	0.01558	0.02479	0.02125	0.01417	0.02125	0.01204	0.01417	0.00850	0.00637	0.00637	0.00212	0.00992	0.00496	0.00283	0.00992
53	0.01267	0.01193	0.02013	0.74806	0.04621	0.01491	0.01863	0.01714	0.01342	0.01714	0.01193	0.01789	0.00894	0.00671	0.00671	0.00224	0.00894	0.00596	0.00298	0.00745
54	0.00815	0.00592	0.00770	0.00913	0.00968	0.00547	0.00613	0.00937	0.01305	0.01721	0.03958	0.70144	0.10107	0.02068	0.00851	0.00269	0.00385	0.01866	0.00623	0.00547
55	0.01029	0.00752	0.01009	0.01125	0.01291	0.00732	0.00964	0.01319	0.01569	0.02031	0.09139	0.07216	0.13963	0.01795	0.00897	0.00290	0.00555	0.53085	0.00628	0.00612
56	0.01360	0.03368	0.68689	0.01969	0.02941	0.01567	0.06630	0.02126	0.01427	0.02126	0.01214	0.01441	0.00860	0.00633	0.00647	0.00213	0.01000	0.00514	0.00287	0.00986
57	0.01218	0.00748	0.00969	0.00878	0.01092	0.00676	0.00671	0.01515	0.01872	0.12175	0.57079	0.04759	0.11089	0.01325	0.00776	0.00212	0.00353	0.01157	0.00742	0.00697
58	0.00975	0.00654	0.00751	0.00751	0.00758	0.00661	0.00431	0.00988	0.00981	0.01315	0.02097	0.04293	0.02397	0.72449	0.07327	0.00674	0.00714	0.00961	0.00404	0.00417
59	0.12462	0.01751	0.01850	0.01435	0.01955	0.01927	0.01185	0.56455	0.02809	0.09200	0.01603	0.01596	0.01128	0.00784	0.00639	0.00203	0.00698	0.00579	0.00651	0.01089
60	0.01679	0.01681	0.03468	0.07996	0.03310	0.01643	0.53876	0.02180	0.01557	0.08363	0.01427	0.01827	0.01057	0.00639	0.00870	0.00229	0.06166	0.00753	0.00377	0.00902
61	0.01267	0.01193	0.02013	0.74806	0.04621	0.01491	0.01863	0.01714	0.01342	0.01714	0.01193	0.01789	0.00894	0.00671	0.00671	0.00224	0.00894	0.00596	0.00298	0.00745
62	0.00959	0.00715	0.01060	0.01060	0.01173	0.00829	0.00816	0.01186	0.01073	0.01544	0.01814	0.02729	0.01718	0.08831	0.70017	0.01056	0.01736	0.00733	0.00362	0.00589
63	0.01359	0.00657	0.00683	0.00660	0.00839	0.00648	0.00501	0.01669	0.01439	0.06830	0.02217	0.02488	0.01716	0.00785	0.00482	0.00160	0.00329	0.00628	0.75253	0.00657
64	0.01474	0.01703	0.08799	0.05020	0.07179	0.01522	0.40193	0.04603	0.01589	0.02191	0.06807	0.08625	0.01705	0.00815	0.00837	0.00229	0.04584	0.00862	0.00399	0.00864
65	0.01251	0.00625	0.00625	0.00625	0.00782	0.00625	0.00469	0.01563	0.01407	0.02502	0.02189	0.02502	0.01720	0.00782	0.00469	0.00156	0.00313	0.00625	0.80144	0.00625
