[name]
unknown

[dist]
# distance from previous block
# <min> <max>
0	72

[block]
# block no. 0 follows, 35 sequences, length 10
# corresponding to MSA columns:
# 72-81
name=unknown_A
#
# <colnr> <probs for GDERKNQSTAVLIFYWHMCP>
#	G	D	E	R	K	N	Q	S	T	A	V	L	I	F	Y	W	H	M	C	P
0	0.00850	0.00607	0.00825	0.00972	0.01042	0.00582	0.00723	0.01017	0.01291	0.01706	0.03454	0.55546	0.04027	0.01915	0.00830	0.00268	0.00435	0.22786	0.00587	0.00537
1	0.01458	0.01007	0.01196	0.01013	0.01288	0.01022	0.00797	0.22102	0.02147	0.07122	0.48082	0.03640	0.04281	0.01109	0.00708	0.00197	0.00431	0.00948	0.00685	0.00768
2	0.02200	0.24307	0.02323	0.01349	0.01867	0.02128	0.01170	0.51045	0.02483	0.03258	0.01334	0.01374	0.01001	0.00697	0.00567	0.00174	0.00692	0.00503	0.00527	0.01001
3	0.07836	0.01172	0.01431	0.01085	0.01592	0.01042	0.00889	0.09283	0.01732	0.41084	0.01889	0.01770	0.01275	0.00676	0.00571	0.00166	0.00531	0.00534	0.00622	0.24820
4	0.01090	0.00853	0.01013	0.00950	0.01153	0.00882	0.00718	0.01817	0.22660	0.02512	0.47668	0.09054	0.04667	0.01216	0.00722	0.00208	0.00364	0.01066	0.00675	0.00713
5	0.02408	0.01266	0.01525	0.01225	0.01680	0.01276	0.00994	0.13282	0.22887	0.42717	0.02382	0.02127	0.01606	0.00804	0.00640	0.00201	0.00552	0.00652	0.00722	0.01057
6	0.52804	0.01305	0.01149	0.01013	0.01403	0.01507	0.00817	0.07193	0.22329	0.02870	0.01430	0.01460	0.01083	0.00681	0.00484	0.00201	0.00509	0.00470	0.00484	0.00808
7	0.01109	0.00833	0.00913	0.00878	0.00985	0.00895	0.00577	0.01644	0.22099	0.01669	0.02242	0.07086	0.02287	0.51434	0.02352	0.00480	0.00570	0.00904	0.00471	0.00574
8	0.00854	0.00641	0.00784	0.00758	0.00914	0.00579	0.00560	0.01098	0.01645	0.02237	0.50097	0.08560	0.23244	0.04202	0.00842	0.00221	0.00320	0.01220	0.00653	0.00570
9	0.01572	0.01465	0.02238	0.03125	0.52462	0.01528	0.01669	0.02367	0.22453	0.02244	0.01603	0.01805	0.01280	0.00652	0.00633	0.00196	0.00679	0.00610	0.00412	0.01005

[dist]
# distance from previous block
# <min> <max>
0	6

[block]
# block no. 1 follows, 35 sequences, length 15
# corresponding to MSA columns:
# 88-102
name=unknown_B
#
# <colnr> <probs for GDERKNQSTAVLIFYWHMCP>
#	G	D	E	R	K	N	Q	S	T	A	V	L	I	F	Y	W	H	M	C	P
0	0.01553	0.01442	0.02182	0.06796	0.47512	0.01524	0.01641	0.02378	0.23805	0.02232	0.01626	0.01827	0.01290	0.00662	0.00634	0.00198	0.00679	0.00613	0.00417	0.00989
1	0.02846	0.01080	0.01472	0.01129	0.01619	0.00932	0.00932	0.03092	0.01816	0.74187	0.02503	0.02159	0.01570	0.00785	0.00638	0.00196	0.00540	0.00638	0.00785	0.01080
2	0.01099	0.24992	0.01560	0.00853	0.01146	0.01181	0.00730	0.01314	0.01483	0.01868	0.22002	0.06134	0.27842	0.01208	0.00649	0.00190	0.00441	0.04147	0.00518	0.00641
3	0.00886	0.00627	0.00627	0.00627	0.00820	0.00553	0.00470	0.01089	0.01410	0.01919	0.05057	0.04929	0.50899	0.01334	0.00653	0.00193	0.00313	0.01104	0.25939	0.00553
4	0.01599	0.53975	0.02890	0.01268	0.01640	0.02332	0.01181	0.01782	0.01189	0.01503	0.00866	0.01134	0.00820	0.00721	0.00934	0.00180	0.24528	0.00407	0.00273	0.00776
5	0.02096	0.02611	0.02409	0.01961	0.02387	0.52036	0.23300	0.02376	0.01703	0.01703	0.01076	0.01322	0.00863	0.00616	0.00628	0.00179	0.01121	0.00515	0.00325	0.00773
6	0.01132	0.00907	0.01173	0.01073	0.01381	0.00811	0.03215	0.02983	0.03025	0.01972	0.02859	0.06666	0.10858	0.03316	0.00781	0.00222	0.00529	0.30526	0.00508	0.26064
7	0.00928	0.00637	0.00814	0.00819	0.00958	0.00579	0.00595	0.01147	0.01567	0.05418	0.39267	0.27611	0.14215	0.01532	0.00763	0.00220	0.00335	0.01356	0.00653	0.00586
8	0.01527	0.00761	0.00937	0.00829	0.00983	0.00715	0.00557	0.01604	0.01203	0.24165	0.02157	0.03525	0.02075	0.53524	0.02414	0.00483	0.00591	0.00833	0.00510	0.00603
9	0.01716	0.01112	0.01767	0.52587	0.03505	0.01259	0.01501	0.02083	0.01441	0.24433	0.01560	0.01838	0.01073	0.00682	0.00635	0.00207	0.00750	0.00587	0.00440	0.00823
10	0.26956	0.00934	0.00966	0.00877	0.01170	0.00966	0.00702	0.03639	0.01386	0.16962	0.02085	0.06692	0.03526	0.03841	0.00649	0.00214	0.00462	0.07338	0.19918	0.00719
11	0.01448	0.01380	0.01783	0.01548	0.01661	0.01828	0.01267	0.02106	0.23490	0.01881	0.01383	0.01696	0.01180	0.01032	0.01630	0.00258	0.52639	0.00606	0.00393	0.00791
12	0.00906	0.00680	0.01020	0.01020	0.01133	0.00793	0.00793	0.01133	0.01020	0.01473	0.01699	0.02492	0.01586	0.04758	0.75191	0.01020	0.01699	0.00680	0.00340	0.00566
13	0.01580	0.01332	0.01903	0.52691	0.03614	0.01585	0.01587	0.23630	0.01807	0.02368	0.01252	0.01638	0.00919	0.00674	0.00634	0.00205	0.00799	0.00566	0.00393	0.00822
14	0.01055	0.00886	0.00948	0.00906	0.01148	0.00903	0.00686	0.01794	0.26223	0.02119	0.11805	0.11146	0.35241	0.01349	0.00719	0.00217	0.00386	0.01145	0.00620	0.00703

[dist]
# distance from previous block
# <min> <max>
0	6

[block]
# block no. 2 follows, 35 sequences, length 11
# corresponding to MSA columns:
# 110-120
name=unknown_C
#
# <colnr> <probs for GDERKNQSTAVLIFYWHMCP>
#	G	D	E	R	K	N	Q	S	T	A	V	L	I	F	Y	W	H	M	C	P
0	0.01578	0.01363	0.01434	0.01291	0.01650	0.01578	0.01004	0.03371	0.72602	0.02654	0.02582	0.02367	0.01937	0.00861	0.00646	0.00215	0.00502	0.00717	0.00646	0.01004
1	0.01976	0.01941	0.17147	0.01451	0.02005	0.01690	0.01366	0.38746	0.15122	0.05760	0.01694	0.01699	0.01219	0.00746	0.00621	0.00195	0.00689	0.00579	0.04341	0.01012
2	0.02577	0.01140	0.01464	0.01163	0.01626	0.01070	0.00948	0.03151	0.16854	0.58991	0.02520	0.02203	0.01648	0.00801	0.00640	0.00200	0.00532	0.00655	0.00756	0.01064
3	0.00893	0.00739	0.00814	0.00740	0.01000	0.00610	0.00554	0.01083	0.01413	0.01842	0.11435	0.09926	0.43509	0.04638	0.00801	0.00208	0.00367	0.01131	0.00546	0.17752
4	0.00878	0.00685	0.01001	0.16897	0.01677	0.00718	0.00864	0.01066	0.01241	0.01637	0.02985	0.57017	0.03451	0.01686	0.00776	0.00250	0.00483	0.05606	0.00523	0.00560
5	0.00881	0.00597	0.00704	0.00745	0.00756	0.00587	0.00442	0.00912	0.01004	0.01339	0.02418	0.24615	0.02835	0.56520	0.02552	0.00515	0.00546	0.01169	0.00442	0.00421
6	0.01209	0.00734	0.00912	0.00884	0.01082	0.00677	0.00655	0.01497	0.05977	0.14698	0.17665	0.29890	0.18664	0.01487	0.00744	0.00223	0.00383	0.01301	0.00649	0.00666
7	0.01632	0.00882	0.00957	0.00827	0.01088	0.00900	0.00653	0.15217	0.01711	0.11833	0.02019	0.02176	0.01513	0.00749	0.00505	0.00162	0.00404	0.00593	0.55429	0.00748
8	0.01124	0.00610	0.00682	0.00682	0.00823	0.00634	0.00518	0.01405	0.01264	0.02176	0.01991	0.02392	0.01618	0.01593	0.16323	0.00333	0.00594	0.00610	0.64043	0.00586
9	0.00807	0.00641	0.00725	0.00712	0.00894	0.00558	0.00531	0.01018	0.01568	0.02023	0.31606	0.08861	0.44794	0.01507	0.00752	0.00211	0.00315	0.01288	0.00630	0.00558
10	0.00763	0.00593	0.00694	0.00775	0.00892	0.00524	0.00541	0.00895	0.01318	0.01662	0.04811	0.45360	0.35278	0.01817	0.00783	0.00238	0.00347	0.01595	0.00589	0.00524

[dist]
# distance from previous block
# <min> <max>
0	4

[block]
# block no. 3 follows, 35 sequences, length 11
# corresponding to MSA columns:
# 127-137
name=unknown_D
#
# <colnr> <probs for GDERKNQSTAVLIFYWHMCP>
#	G	D	E	R	K	N	Q	S	T	A	V	L	I	F	Y	W	H	M	C	P
0	0.02171	0.02665	0.01660	0.01503	0.01825	0.62205	0.01132	0.05823	0.01814	0.01696	0.01683	0.01778	0.09844	0.00777	0.00597	0.00171	0.01019	0.00532	0.00375	0.00728
1	0.00840	0.00623	0.00808	0.00890	0.00992	0.00556	0.00609	0.00972	0.01227	0.01675	0.03203	0.67868	0.03792	0.01799	0.00768	0.00237	0.00381	0.01626	0.00562	0.10570
2	0.00854	0.00726	0.00747	0.00738	0.00959	0.00664	0.00553	0.01214	0.10257	0.01824	0.05768	0.10052	0.60322	0.01538	0.00741	0.00217	0.00347	0.01291	0.00596	0.00592
3	0.82186	0.01227	0.00932	0.00834	0.01227	0.01423	0.00687	0.01865	0.01080	0.02846	0.00883	0.01031	0.00687	0.00589	0.00393	0.00196	0.00491	0.00344	0.00393	0.00687
4	0.01592	0.62831	0.14023	0.01192	0.01773	0.02266	0.01262	0.01878	0.01283	0.01570	0.00962	0.01140	0.00851	0.00763	0.04182	0.00190	0.00769	0.00376	0.00274	0.00820
5	0.01315	0.01128	0.01315	0.00940	0.01503	0.00846	0.00752	0.01597	0.01315	0.02067	0.01128	0.01315	0.00940	0.00470	0.00470	0.00094	0.00470	0.00376	0.00376	0.81583
6	0.00750	0.00643	0.00643	0.00643	0.00857	0.00536	0.00482	0.00910	0.01446	0.01714	0.06427	0.06105	0.73490	0.01607	0.00750	0.00214	0.00321	0.01339	0.00589	0.00536
7	0.02317	0.02024	0.02086	0.01638	0.02116	0.20544	0.10662	0.38409	0.02374	0.09418	0.01440	0.01509	0.01040	0.00705	0.00634	0.00187	0.00848	0.00560	0.00527	0.00961
8	0.01183	0.00591	0.00591	0.00591	0.00739	0.00591	0.00443	0.01478	0.01330	0.02365	0.02069	0.02365	0.01626	0.00739	0.00443	0.00148	0.00296	0.00591	0.81227	0.00591
9	0.00773	0.00637	0.00682	0.00704	0.00891	0.00546	0.00526	0.00941	0.01437	0.01753	0.09216	0.14293	0.58787	0.01643	0.00763	0.00222	0.00338	0.04716	0.00594	0.00539
10	0.06545	0.02094	0.01658	0.01426	0.01818	0.31693	0.01113	0.17216	0.18273	0.09493	0.01606	0.01598	0.01196	0.00733	0.00599	0.00186	0.00809	0.00532	0.00513	0.00900

[dist]
# distance from previous block
# <min> <max>
0	1

[block]
# block no. 4 follows, 35 sequences, length 26
# corresponding to MSA columns:
# 139-164
name=unknown_E
#
# <colnr> <probs for GDERKNQSTAVLIFYWHMCP>
#	G	D	E	R	K	N	Q	S	T	A	V	L	I	F	Y	W	H	M	C	P
0	0.53018	0.03705	0.01229	0.07074	0.01594	0.03499	0.00863	0.09476	0.01372	0.05956	0.01225	0.06326	0.01027	0.00715	0.00483	0.00198	0.00560	0.00500	0.00435	0.00743
1	0.20862	0.01280	0.01437	0.01142	0.01605	0.01308	0.00939	0.17359	0.06660	0.38133	0.01929	0.01780	0.01288	0.00740	0.00581	0.00196	0.00560	0.00562	0.00654	0.00984
2	0.01003	0.00900	0.00879	0.00848	0.01028	0.08750	0.00630	0.01230	0.01642	0.02105	0.39164	0.10401	0.26320	0.01377	0.00734	0.00205	0.00404	0.01177	0.00615	0.00587
3	0.06850	0.01188	0.01338	0.00975	0.01523	0.00977	0.00785	0.07396	0.01437	0.02279	0.01144	0.01313	0.00934	0.00502	0.00478	0.00109	0.00490	0.00390	0.00398	0.69493
4	0.24191	0.05590	0.04859	0.03593	0.01732	0.03383	0.06453	0.04306	0.08288	0.12587	0.01820	0.02397	0.02816	0.00914	0.02286	0.00224	0.00647	0.09870	0.00485	0.03558
5	0.01465	0.01516	0.01932	0.01663	0.01689	0.07659	0.01375	0.01605	0.01036	0.01529	0.00844	0.01369	0.00832	0.01075	0.01964	0.00269	0.70658	0.00544	0.00281	0.00697
6	0.00891	0.00648	0.00838	0.00791	0.00943	0.00596	0.00593	0.01183	0.01779	0.02504	0.70168	0.04805	0.09256	0.01312	0.00748	0.00200	0.00300	0.01157	0.00693	0.00596
7	0.00764	0.00628	0.00672	0.00693	0.00873	0.00536	0.00508	0.00925	0.01431	0.01754	0.10450	0.17833	0.57440	0.01649	0.00760	0.00220	0.00328	0.01403	0.00596	0.00536
8	0.02370	0.03023	0.01798	0.01634	0.01961	0.75158	0.01226	0.02533	0.01798	0.01553	0.00981	0.01144	0.00817	0.00654	0.00572	0.00163	0.01144	0.00409	0.00327	0.00735
9	0.01639	0.01492	0.01463	0.01318	0.01674	0.07288	0.01021	0.03306	0.67107	0.02568	0.02458	0.02272	0.01850	0.00845	0.00640	0.00211	0.00552	0.00693	0.00621	0.00983
10	0.00912	0.00657	0.00904	0.00904	0.00977	0.00730	0.00649	0.01059	0.00985	0.01387	0.01805	0.03078	0.01840	0.30511	0.49786	0.00877	0.01316	0.00765	0.00356	0.00502
11	0.01183	0.00591	0.00591	0.00591	0.00739	0.00591	0.00443	0.01478	0.01330	0.02365	0.02069	0.02365	0.01626	0.00739	0.00443	0.00148	0.00296	0.00591	0.81227	0.00591
12	0.01102	0.00551	0.00826	0.00826	0.00826	0.00551	0.00551	0.00826	0.00826	0.01102	0.01102	0.01928	0.01102	0.02204	0.02479	0.81543	0.00551	0.00551	0.00275	0.00275
13	0.00761	0.00643	0.00659	0.00655	0.00864	0.00540	0.00491	0.00933	0.01473	0.01778	0.11625	0.05999	0.68251	0.01583	0.00750	0.00213	0.00320	0.01324	0.00598	0.00540
14	0.01578	0.01363	0.01434	0.01291	0.01650	0.01578	0.01004	0.03371	0.72602	0.02654	0.02582	0.02367	0.01937	0.00861	0.00646	0.00215	0.00502	0.00717	0.00646	0.01004
15	0.01191	0.00904	0.01205	0.01119	0.01303	0.01046	0.00884	0.12816	0.03998	0.01933	0.01680	0.02299	0.01496	0.03860	0.58239	0.00834	0.03464	0.00660	0.00398	0.00670
16	0.01578	0.01363	0.01434	0.01291	0.01650	0.01578	0.01004	0.03371	0.72602	0.02654	0.02582	0.02367	0.01937	0.00861	0.00646	0.00215	0.00502	0.00717	0.00646	0.01004
17	0.00921	0.00622	0.00725	0.00725	0.00736	0.00633	0.00425	0.00944	0.00932	0.01254	0.01969	0.03985	0.02234	0.70404	0.10432	0.00656	0.00724	0.00898	0.00380	0.00403
18	0.01640	0.01394	0.01470	0.01304	0.01673	0.01607	0.01019	0.08494	0.67377	0.02755	0.02503	0.02304	0.01872	0.00853	0.00645	0.00213	0.00517	0.00706	0.00645	0.01010
19	0.00780	0.00572	0.00736	0.00863	0.00928	0.00527	0.00593	0.00905	0.01256	0.01644	0.03888	0.64674	0.13563	0.01926	0.00804	0.00253	0.00371	0.04607	0.00589	0.00521
20	0.01315	0.01128	0.01315	0.00940	0.01503	0.00846	0.00752	0.01597	0.01315	0.02067	0.01128	0.01315	0.00940	0.00470	0.00470	0.00094	0.00470	0.00376	0.00376	0.81583
21	0.31854	0.01535	0.07180	0.03765	0.01771	0.07075	0.06676	0.01942	0.05853	0.04472	0.01184	0.01464	0.00955	0.01111	0.08117	0.00292	0.13136	0.00499	0.00374	0.00746
22	0.01792	0.02165	0.12011	0.01870	0.02392	0.21286	0.23013	0.05895	0.14429	0.04563	0.03305	0.01710	0.01232	0.00674	0.00654	0.00197	0.00914	0.00612	0.00415	0.00873
23	0.03771	0.01700	0.02341	0.02007	0.07488	0.14229	0.23347	0.04346	0.06715	0.01950	0.01469	0.08203	0.01324	0.00856	0.00956	0.00220	0.15619	0.02290	0.00379	0.00793
24	0.27055	0.01350	0.01339	0.01181	0.01486	0.09280	0.00965	0.04933	0.01413	0.14644	0.01629	0.04765	0.01428	0.00923	0.00815	0.00217	0.12622	0.09986	0.00478	0.03493
25	0.01515	0.01444	0.02462	0.19794	0.52013	0.01508	0.05493	0.04465	0.01465	0.02042	0.01196	0.01603	0.00970	0.00586	0.00636	0.00195	0.00788	0.00575	0.00319	0.00933

[dist]
# distance from previous block
# <min> <max>
0	4

[block]
# block no. 5 follows, 35 sequences, length 9
# corresponding to MSA columns:
# 169-177
name=unknown_F
#
# <colnr> <probs for GDERKNQSTAVLIFYWHMCP>
#	G	D	E	R	K	N	Q	S	T	A	V	L	I	F	Y	W	H	M	C	P
0	0.07955	0.10144	0.21876	0.01510	0.01980	0.01635	0.04816	0.04098	0.05157	0.09714	0.01284	0.01515	0.01000	0.00957	0.04539	0.00253	0.19827	0.00525	0.00373	0.00845
1	0.00989	0.00664	0.00859	0.00810	0.00968	0.00609	0.00602	0.01255	0.01711	0.06260	0.59272	0.09157	0.08838	0.04171	0.00838	0.00219	0.00329	0.01162	0.00679	0.00608
2	0.02709	0.01084	0.01458	0.01112	0.01609	0.00925	0.00916	0.02957	0.01771	0.67709	0.02379	0.02083	0.01514	0.00757	0.00623	0.00187	0.00534	0.00614	0.00748	0.08310
3	0.06260	0.01397	0.01923	0.01602	0.01734	0.01815	0.04457	0.07088	0.01227	0.07907	0.01049	0.01457	0.00911	0.01000	0.01692	0.00257	0.56545	0.00560	0.00356	0.00763
4	0.01488	0.01255	0.01477	0.01102	0.01592	0.01141	0.00894	0.12069	0.01525	0.02293	0.01152	0.01355	0.00948	0.00588	0.00682	0.00130	0.09376	0.00426	0.00403	0.60103
5	0.82186	0.01227	0.00932	0.00834	0.01227	0.01423	0.00687	0.01865	0.01080	0.02846	0.00883	0.01031	0.00687	0.00589	0.00393	0.00196	0.00491	0.00344	0.00393	0.00687
6	0.00802	0.00580	0.00759	0.00851	0.00924	0.00536	0.00586	0.00961	0.01367	0.01848	0.20584	0.56238	0.08007	0.01802	0.00792	0.00241	0.00349	0.01622	0.00615	0.00536
7	0.67298	0.01199	0.01034	0.00890	0.01301	0.01331	0.00733	0.02095	0.01218	0.16233	0.01187	0.01242	0.00853	0.00626	0.00439	0.00196	0.00500	0.00399	0.00466	0.00761
8	0.07874	0.08745	0.01781	0.01461	0.01807	0.54607	0.01122	0.02380	0.05463	0.01718	0.01163	0.04429	0.01015	0.00702	0.00557	0.00168	0.00972	0.00473	0.00357	0.03208

[dist]
# distance from previous block
# <min> <max>
3	7

[block]
# block no. 6 follows, 35 sequences, length 50
# corresponding to MSA columns:
# 185-194,300-339
name=unknown_G
#
# <colnr> <probs for GDERKNQSTAVLIFYWHMCP>
#	G	D	E	R	K	N	Q	S	T	A	V	L	I	F	Y	W	H	M	C	P
0	0.01411	0.12562	0.60843	0.01685	0.02545	0.01605	0.02105	0.04443	0.01404	0.04119	0.01159	0.01329	0.00837	0.00606	0.00580	0.00192	0.00885	0.00461	0.00296	0.00931
1	0.01539	0.01485	0.04838	0.13293	0.53234	0.01461	0.01813	0.02016	0.05817	0.04132	0.01304	0.01637	0.01048	0.00598	0.00625	0.00191	0.00743	0.00568	0.00344	0.03315
2	0.01242	0.01122	0.01681	0.49985	0.05458	0.01329	0.01470	0.03941	0.11363	0.01872	0.02039	0.02468	0.09634	0.00817	0.00657	0.00213	0.00720	0.02852	0.00390	0.00743
3	0.00908	0.00694	0.00985	0.00975	0.01085	0.00791	0.00746	0.01106	0.01052	0.01478	0.02171	0.02963	0.08853	0.10687	0.58927	0.00878	0.04020	0.00763	0.00367	0.00552
4	0.01388	0.01388	0.01943	0.01666	0.01666	0.01943	0.01388	0.01527	0.00972	0.01527	0.00833	0.01388	0.00833	0.01110	0.02082	0.00278	0.76544	0.00555	0.00278	0.00694
5	0.02440	0.01674	0.01911	0.01458	0.01968	0.01804	0.03818	0.59099	0.02758	0.14069	0.01656	0.01622	0.01146	0.00756	0.00639	0.00192	0.00689	0.00588	0.00645	0.01071
6	0.00906	0.00680	0.01020	0.01020	0.01133	0.00793	0.00793	0.01133	0.01020	0.01473	0.01699	0.02492	0.01586	0.04758	0.75191	0.01020	0.01699	0.00680	0.00340	0.00566
7	0.00906	0.00680	0.01020	0.01020	0.01133	0.00793	0.00793	0.01133	0.01020	0.01473	0.01699	0.02492	0.01586	0.04758	0.75191	0.01020	0.01699	0.00680	0.00340	0.00566
8	0.01497	0.01711	0.03743	0.02674	0.03316	0.01604	0.71444	0.02032	0.01497	0.02032	0.01283	0.01711	0.00963	0.00535	0.00749	0.00214	0.01070	0.00749	0.00321	0.00856
9	0.01102	0.00551	0.00826	0.00826	0.00826	0.00551	0.00551	0.00826	0.00826	0.01102	0.01102	0.01928	0.01102	0.02204	0.02479	0.81543	0.00551	0.00551	0.00275	0.00275
10	0.00898	0.00648	0.00848	0.00798	0.00948	0.00599	0.00599	0.01197	0.01796	0.02544	0.73413	0.04739	0.05986	0.01297	0.00748	0.00200	0.00299	0.01147	0.00698	0.00599
11	0.01315	0.01128	0.01315	0.00940	0.01503	0.00846	0.00752	0.01597	0.01315	0.02067	0.01128	0.01315	0.00940	0.00470	0.00470	0.00094	0.00470	0.00376	0.00376	0.81583
12	0.00923	0.00615	0.00692	0.00692	0.00692	0.00615	0.00384	0.00923	0.00923	0.01230	0.01999	0.04151	0.02306	0.77705	0.03229	0.00615	0.00615	0.00923	0.00384	0.00384
13	0.01014	0.00738	0.00983	0.01048	0.01203	0.00736	0.00873	0.01386	0.05668	0.02117	0.24490	0.06051	0.04216	0.03961	0.00898	0.00270	0.00494	0.42631	0.00616	0.00607
14	0.00773	0.00552	0.00736	0.00883	0.00920	0.00515	0.00589	0.00883	0.01215	0.01619	0.03497	0.77291	0.04196	0.01987	0.00810	0.00258	0.00368	0.01803	0.00589	0.00515
15	0.00923	0.00615	0.00692	0.00692	0.00692	0.00615	0.00384	0.00923	0.00923	0.01230	0.01999	0.04151	0.02306	0.77705	0.03229	0.00615	0.00615	0.00923	0.00384	0.00384
16	0.00921	0.00617	0.00707	0.00718	0.00726	0.00616	0.00418	0.00937	0.00955	0.01272	0.02110	0.07033	0.02432	0.71798	0.03043	0.00589	0.00604	0.03708	0.00400	0.00397
17	0.01497	0.01711	0.03743	0.02674	0.03316	0.01604	0.71444	0.02032	0.01497	0.02032	0.01283	0.01711	0.00963	0.00535	0.00749	0.00214	0.01070	0.00749	0.00321	0.00856
18	0.82186	0.01227	0.00932	0.00834	0.01227	0.01423	0.00687	0.01865	0.01080	0.02846	0.00883	0.01031	0.00687	0.00589	0.00393	0.00196	0.00491	0.00344	0.00393	0.00687
19	0.00809	0.00610	0.00749	0.00788	0.00912	0.00549	0.00563	0.00998	0.01477	0.01962	0.28231	0.33017	0.23730	0.01647	0.00772	0.00226	0.00332	0.01452	0.00626	0.00549
20	0.00807	0.00576	0.00775	0.00922	0.00974	0.00544	0.00648	0.00942	0.01248	0.01657	0.03478	0.67775	0.04122	0.01956	0.00819	0.00262	0.00397	0.10986	0.00588	0.00525
21	0.00923	0.00615	0.00692	0.00692	0.00692	0.00615	0.00384	0.00923	0.00923	0.01230	0.01999	0.04151	0.02306	0.77705	0.03229	0.00615	0.00615	0.00923	0.00384	0.00384
22	0.00906	0.00680	0.01020	0.01020	0.01133	0.00793	0.00793	0.01133	0.01020	0.01473	0.01699	0.02492	0.01586	0.04758	0.75191	0.01020	0.01699	0.00680	0.00340	0.00566
23	0.00867	0.00655	0.00804	0.00820	0.00979	0.00599	0.00634	0.01102	0.01563	0.02068	0.32874	0.09968	0.26762	0.03631	0.00845	0.00236	0.00372	0.14027	0.00627	0.00565
24	0.01315	0.01128	0.01315	0.00940	0.01503	0.00846	0.00752	0.01597	0.01315	0.02067	0.01128	0.01315	0.00940	0.00470	0.00470	0.00094	0.00470	0.00376	0.00376	0.81583
25	0.01388	0.01388	0.01943	0.01666	0.01666	0.01943	0.01388	0.01527	0.00972	0.01527	0.00833	0.01388	0.00833	0.01110	0.02082	0.00278	0.76544	0.00555	0.00278	0.00694
26	0.01089	0.00551	0.00823	0.00829	0.00830	0.00550	0.00552	0.00829	0.00842	0.01123	0.01198	0.04953	0.01226	0.02195	0.02412	0.78280	0.00544	0.00601	0.00288	0.00285
27	0.00821	0.00658	0.00741	0.00756	0.00948	0.00579	0.00591	0.01028	0.01511	0.01893	0.17928	0.06032	0.50000	0.01575	0.00770	0.00224	0.00360	0.12422	0.00608	0.00555
28	0.01102	0.00551	0.00826	0.00826	0.00826	0.00551	0.00551	0.00826	0.00826	0.01102	0.01102	0.01928	0.01102	0.02204	0.02479	0.81543	0.00551	0.00551	0.00275	0.00275
29	0.01570	0.01507	0.02575	0.03894	0.73748	0.01507	0.01947	0.01947	0.01444	0.02073	0.01193	0.01570	0.01005	0.00565	0.00628	0.00188	0.00754	0.00565	0.00314	0.01005
30	0.02137	0.02531	0.02181	0.01814	0.02217	0.49440	0.15814	0.09341	0.01841	0.01913	0.01196	0.01547	0.00990	0.00685	0.00628	0.00182	0.01061	0.03328	0.00367	0.00789
31	0.01063	0.00570	0.00839	0.00868	0.00887	0.00567	0.00605	0.00884	0.00930	0.01234	0.01562	0.09402	0.01658	0.02136	0.02155	0.65418	0.00538	0.08017	0.00337	0.00330
32	0.01272	0.03281	0.74418	0.01808	0.02746	0.01473	0.02344	0.02009	0.01339	0.02009	0.01138	0.01339	0.00804	0.00603	0.00603	0.00201	0.00938	0.00469	0.00268	0.00938
33	0.01414	0.18028	0.53490	0.01705	0.02523	0.04708	0.05807	0.02010	0.01357	0.01889	0.01089	0.01288	0.00815	0.00589	0.00571	0.00187	0.00902	0.00456	0.00274	0.00900
34	0.78886	0.04378	0.01030	0.00845	0.01243	0.01468	0.00703	0.01866	0.01088	0.02791	0.00883	0.01030	0.00692	0.00587	0.00393	0.00194	0.00498	0.00343	0.00388	0.00692
35	0.01539	0.01475	0.02518	0.09984	0.67903	0.01499	0.01931	0.01919	0.01430	0.02034	0.01188	0.01580	0.00991	0.00571	0.00629	0.00190	0.00761	0.00565	0.00311	0.00980
36	0.00884	0.00668	0.00829	0.00847	0.01017	0.00614	0.00674	0.01136	0.01593	0.02104	0.33097	0.05826	0.27089	0.01519	0.00783	0.00229	0.00383	0.19502	0.00633	0.00574
37	0.01198	0.01128	0.01903	0.76180	0.04369	0.01409	0.01762	0.01621	0.01268	0.01621	0.01128	0.01691	0.00846	0.00634	0.00634	0.00211	0.00846	0.00564	0.00282	0.00705
38	0.01160	0.00953	0.01184	0.01230	0.01406	0.05309	0.03059	0.03654	0.03596	0.01928	0.03082	0.12438	0.05085	0.01589	0.00871	0.00271	0.03199	0.48805	0.00555	0.00626
39	0.00766	0.00635	0.00671	0.00680	0.00871	0.00539	0.00503	0.00934	0.01457	0.01782	0.12357	0.12702	0.60691	0.01614	0.00755	0.00217	0.00324	0.01365	0.00599	0.00539
40	0.01985	0.01565	0.01664	0.01373	0.01805	0.01768	0.01103	0.36725	0.38584	0.03311	0.02065	0.01955	0.01517	0.00812	0.00640	0.00203	0.00598	0.00646	0.00640	0.01041
41	0.01498	0.43070	0.36604	0.01424	0.02151	0.02025	0.01675	0.01951	0.01313	0.01734	0.01002	0.01168	0.00809	0.00571	0.00499	0.00166	0.00800	0.00400	0.00270	0.00872
42	0.82186	0.01227	0.00932	0.00834	0.01227	0.01423	0.00687	0.01865	0.01080	0.02846	0.00883	0.01031	0.00687	0.00589	0.00393	0.00196	0.00491	0.00344	0.00393	0.00687
43	0.00898	0.00651	0.00873	0.01006	0.01115	0.00627	0.00800	0.01105	0.01361	0.01770	0.03696	0.35001	0.10297	0.01833	0.00838	0.00271	0.00474	0.36244	0.00586	0.00552
44	0.01198	0.01128	0.01903	0.76180	0.04369	0.01409	0.01762	0.01621	0.01268	0.01621	0.01128	0.01691	0.00846	0.00634	0.00634	0.00211	0.00846	0.00564	0.00282	0.00705
45	0.82186	0.01227	0.00932	0.00834	0.01227	0.01423	0.00687	0.01865	0.01080	0.02846	0.00883	0.01031	0.00687	0.00589	0.00393	0.00196	0.00491	0.00344	0.00393	0.00687
46	0.06266	0.01138	0.01313	0.01125	0.01480	0.03225	0.00905	0.09111	0.13526	0.29141	0.08471	0.05242	0.02222	0.03198	0.00733	0.00221	0.00537	0.08052	0.03206	0.00889
47	0.01295	0.01009	0.01062	0.01032	0.01249	0.07263	0.00805	0.08390	0.03439	0.07043	0.10935	0.20242	0.17389	0.01443	0.00750	0.00229	0.00510	0.14652	0.00596	0.00668
48	0.01374	0.00978	0.01117	0.00990	0.01272	0.00999	0.00770	0.07625	0.21231	0.09734	0.27982	0.03836	0.17210	0.01143	0.00700	0.00206	0.00416	0.00969	0.00666	0.00785
49	0.24481	0.06542	0.11312	0.01021	0.01394	0.01138	0.00958	0.03368	0.01398	0.04310	0.12433	0.07189	0.08019	0.01008	0.00600	0.00207	0.00525	0.08871	0.04527	0.00700

[dist]
# distance from previous block
# <min> <max>
2	4

[block]
# block no. 7 follows, 35 sequences, length 158
# corresponding to MSA columns:
# 344-500,531
name=unknown_H
#
# <colnr> <probs for GDERKNQSTAVLIFYWHMCP>
#	G	D	E	R	K	N	Q	S	T	A	V	L	I	F	Y	W	H	M	C	P
0	0.01636	0.28412	0.20057	0.01711	0.02361	0.01812	0.21259	0.03630	0.01457	0.08168	0.02995	0.01492	0.01053	0.00599	0.00584	0.00181	0.00830	0.00537	0.00348	0.00879
1	0.01308	0.13261	0.43578	0.01560	0.02232	0.04416	0.03824	0.01833	0.01302	0.01818	0.01282	0.01716	0.01054	0.01379	0.13914	0.00340	0.01036	0.03019	0.00297	0.00830
2	0.03806	0.01207	0.02031	0.60407	0.15038	0.01431	0.03803	0.01691	0.01297	0.01742	0.01135	0.01652	0.00869	0.00619	0.00629	0.00207	0.00827	0.00563	0.00292	0.00755
3	0.01542	0.04541	0.09495	0.17147	0.21096	0.03210	0.15439	0.06858	0.05325	0.04205	0.01503	0.01791	0.03657	0.00652	0.00647	0.00199	0.00819	0.00619	0.00367	0.00886
4	0.06318	0.20023	0.06792	0.03115	0.03227	0.08991	0.01130	0.02411	0.01544	0.31809	0.01755	0.01722	0.03258	0.00723	0.00635	0.00183	0.04424	0.00529	0.00507	0.00905
5	0.01288	0.01220	0.02066	0.58653	0.21192	0.01433	0.01807	0.01700	0.01311	0.01730	0.01143	0.01662	0.00884	0.00618	0.00633	0.00206	0.00823	0.00564	0.00290	0.00777
6	0.01491	0.01433	0.02698	0.02017	0.02505	0.01396	0.42129	0.05421	0.08194	0.05968	0.06920	0.04998	0.06300	0.00807	0.00770	0.00216	0.02938	0.02518	0.00449	0.00831
7	0.02038	0.10272	0.12531	0.01554	0.02068	0.20938	0.06481	0.20462	0.06312	0.07375	0.01384	0.01514	0.01049	0.02446	0.00659	0.00193	0.00850	0.00524	0.00445	0.00904
8	0.01223	0.01153	0.01948	0.71329	0.09026	0.01416	0.01774	0.01643	0.01280	0.01651	0.01132	0.01683	0.00856	0.00630	0.00634	0.00210	0.00839	0.00564	0.00284	0.00725
9	0.00768	0.00572	0.00715	0.00830	0.00906	0.00520	0.00565	0.00889	0.01266	0.01640	0.04143	0.61589	0.19481	0.01903	0.00796	0.00248	0.00358	0.01701	0.00589	0.00520
10	0.01021	0.00678	0.00862	0.00802	0.00985	0.00612	0.00606	0.01290	0.01728	0.07868	0.55943	0.06806	0.15742	0.01324	0.00742	0.00203	0.00323	0.01156	0.00685	0.00624
11	0.01473	0.01696	0.07864	0.10258	0.21198	0.01551	0.40556	0.02001	0.03199	0.02015	0.01267	0.01665	0.00975	0.00565	0.00694	0.00206	0.00944	0.00664	0.00320	0.00887
12	0.00906	0.00680	0.01020	0.01020	0.01133	0.00793	0.00793	0.01133	0.01020	0.01473	0.01699	0.02492	0.01586	0.04758	0.75191	0.01020	0.01699	0.00680	0.00340	0.00566
13	0.00805	0.00597	0.00719	0.00790	0.00879	0.00547	0.00540	0.00930	0.01280	0.01660	0.09285	0.40196	0.22345	0.13473	0.01163	0.00298	0.00393	0.03026	0.00566	0.00508
14	0.01003	0.00773	0.00997	0.01032	0.03627	0.00788	0.00771	0.03122	0.04447	0.02015	0.20998	0.06217	0.16968	0.04844	0.13449	0.00374	0.02875	0.12550	0.02534	0.00615
15	0.01640	0.55553	0.20007	0.01292	0.01914	0.06985	0.01392	0.01967	0.01334	0.01618	0.00949	0.01102	0.00812	0.00564	0.00464	0.00153	0.00770	0.00374	0.00274	0.00838
16	0.01907	0.01526	0.01620	0.01357	0.01775	0.01731	0.01084	0.30285	0.45153	0.03184	0.02165	0.02034	0.01598	0.00822	0.00641	0.00205	0.00579	0.00660	0.00641	0.01034
17	0.00886	0.00606	0.00820	0.00953	0.01026	0.00574	0.00694	0.01040	0.01285	0.03705	0.03439	0.59762	0.04003	0.01902	0.00820	0.00264	0.00420	0.16663	0.00593	0.00546
18	0.01607	0.01752	0.01923	0.07258	0.03798	0.18908	0.01392	0.01778	0.01198	0.01554	0.00898	0.01359	0.00835	0.00955	0.01586	0.00244	0.51433	0.00522	0.00290	0.00712
19	0.01271	0.01002	0.01254	0.08629	0.01675	0.01103	0.01012	0.10234	0.16551	0.02204	0.02719	0.22963	0.02764	0.01377	0.00789	0.00246	0.02551	0.20361	0.00566	0.00730
20	0.01425	0.01450	0.01938	0.01664	0.01677	0.04710	0.01382	0.01565	0.01003	0.01528	0.00838	0.01379	0.00832	0.01093	0.02025	0.00273	0.73695	0.00550	0.00279	0.00696
21	0.02400	0.02862	0.01782	0.01597	0.01941	0.68086	0.01207	0.04980	0.01840	0.06058	0.01092	0.01219	0.00872	0.00665	0.00578	0.00166	0.01092	0.00428	0.00366	0.00768
22	0.10740	0.01310	0.01368	0.01165	0.01517	0.01453	0.00917	0.25372	0.24523	0.02917	0.07011	0.05188	0.06088	0.06614	0.00824	0.00235	0.00545	0.00747	0.00592	0.00875
23	0.00906	0.00680	0.01020	0.01020	0.01133	0.00793	0.00793	0.01133	0.01020	0.01473	0.01699	0.02492	0.01586	0.04758	0.75191	0.01020	0.01699	0.00680	0.00340	0.00566
24	0.02697	0.01319	0.01621	0.01242	0.01739	0.01288	0.01026	0.26656	0.02217	0.50056	0.02166	0.01941	0.01401	0.00777	0.00637	0.00194	0.00594	0.00615	0.00733	0.01079
25	0.01651	0.00878	0.01060	0.00920	0.01133	0.00858	0.00654	0.04290	0.08426	0.24737	0.04046	0.03265	0.02088	0.40953	0.01994	0.00417	0.00575	0.00805	0.00555	0.00697
26	0.68012	0.01201	0.01029	0.00887	0.01297	0.01335	0.00731	0.02084	0.01211	0.15592	0.01173	0.01232	0.00845	0.00624	0.00436	0.00196	0.00500	0.00396	0.00463	0.00757
27	0.00906	0.00680	0.01020	0.01020	0.01133	0.00793	0.00793	0.01133	0.01020	0.01473	0.01699	0.02492	0.01586	0.04758	0.75191	0.01020	0.01699	0.00680	0.00340	0.00566
28	0.00920	0.00626	0.00746	0.00746	0.00765	0.00645	0.00452	0.00957	0.00939	0.01270	0.01949	0.03876	0.02187	0.65614	0.15156	0.00682	0.00795	0.00882	0.00377	0.00415
29	0.00866	0.00615	0.00698	0.00713	0.00773	0.00585	0.00445	0.00934	0.01129	0.01470	0.08002	0.13847	0.17695	0.46977	0.02234	0.00458	0.00501	0.01136	0.00475	0.00447
30	0.01223	0.00630	0.00635	0.00620	0.00780	0.00637	0.00469	0.03789	0.01385	0.02419	0.02051	0.02337	0.01608	0.00740	0.00450	0.00149	0.00309	0.00591	0.78573	0.00607
31	0.01272	0.03281	0.74418	0.01808	0.02746	0.01473	0.02344	0.02009	0.01339	0.02009	0.01138	0.01339	0.00804	0.00603	0.00603	0.00201	0.00938	0.00469	0.00268	0.00938
32	0.04148	0.00888	0.01140	0.00966	0.01280	0.00808	0.00753	0.02148	0.04078	0.37242	0.18797	0.09413	0.07574	0.06773	0.00871	0.00235	0.00460	0.00912	0.00691	0.00822
33	0.00788	0.00558	0.00732	0.00864	0.00897	0.00525	0.00569	0.00887	0.01186	0.01581	0.03348	0.70017	0.04008	0.09518	0.01050	0.00293	0.00393	0.01716	0.00569	0.00502
34	0.02370	0.03023	0.01798	0.01634	0.01961	0.75158	0.01226	0.02533	0.01798	0.01553	0.00981	0.01144	0.00817	0.00654	0.00572	0.00163	0.01144	0.00409	0.00327	0.00735
35	0.00921	0.00618	0.00704	0.00700	0.00711	0.00614	0.00400	0.00943	0.00987	0.01328	0.07310	0.04195	0.02580	0.72023	0.03044	0.00584	0.00592	0.00939	0.00408	0.00400
36	0.01189	0.00711	0.00874	0.00794	0.01015	0.00634	0.00609	0.01443	0.01673	0.13665	0.39361	0.04511	0.22608	0.01255	0.00708	0.00199	0.00343	0.01075	0.06672	0.00658
37	0.02370	0.03023	0.01798	0.01634	0.01961	0.75158	0.01226	0.02533	0.01798	0.01553	0.00981	0.01144	0.00817	0.00654	0.00572	0.00163	0.01144	0.00409	0.00327	0.00735
38	0.00926	0.00678	0.00873	0.00819	0.00977	0.00640	0.00616	0.01288	0.04765	0.02549	0.70443	0.04639	0.05816	0.01279	0.00744	0.00200	0.00308	0.01129	0.00696	0.00616
39	0.00826	0.00644	0.00753	0.00748	0.00921	0.00570	0.00563	0.01049	0.01580	0.02067	0.34331	0.09934	0.37507	0.01506	0.00759	0.00214	0.00327	0.04503	0.00635	0.00563
40	0.45266	0.00969	0.00876	0.00811	0.01094	0.01048	0.00631	0.01556	0.01272	0.04930	0.14894	0.07546	0.09827	0.06018	0.00719	0.00231	0.00440	0.00741	0.00495	0.00637
41	0.02370	0.03023	0.01798	0.01634	0.01961	0.75158	0.01226	0.02533	0.01798	0.01553	0.00981	0.01144	0.00817	0.00654	0.00572	0.00163	0.01144	0.00409	0.00327	0.00735
42	0.00777	0.00652	0.00681	0.00696	0.00903	0.00555	0.00537	0.00951	0.01447	0.01732	0.06115	0.06212	0.66407	0.01621	0.00763	0.00222	0.00348	0.08250	0.00589	0.00540
43	0.00921	0.00618	0.00704	0.00700	0.00711	0.00614	0.00400	0.00943	0.00987	0.01328	0.07310	0.04195	0.02580	0.72023	0.03044	0.00584	0.00592	0.00939	0.00408	0.00400
44	0.00926	0.00638	0.00794	0.00861	0.00909	0.00632	0.00602	0.01029	0.01126	0.01487	0.02639	0.17148	0.03007	0.43273	0.02150	0.00463	0.00565	0.20812	0.00476	0.00464
45	0.00943	0.00731	0.00872	0.00853	0.01030	0.00707	0.00641	0.01382	0.10811	0.02235	0.38004	0.13693	0.20158	0.01412	0.00748	0.00216	0.00350	0.03941	0.00649	0.00626
46	0.01696	0.78087	0.03324	0.01085	0.01628	0.02510	0.01085	0.01900	0.01289	0.01493	0.00882	0.01018	0.00814	0.00543	0.00407	0.00136	0.00678	0.00339	0.00271	0.00814
47	0.01538	0.01300	0.01892	0.04278	0.35492	0.01350	0.01406	0.04263	0.19527	0.06249	0.06572	0.05348	0.04524	0.00834	0.00659	0.00203	0.00614	0.02538	0.00486	0.00929
48	0.00923	0.00615	0.00692	0.00692	0.00692	0.00615	0.00384	0.00923	0.00923	0.01230	0.01999	0.04151	0.02306	0.77705	0.03229	0.00615	0.00615	0.00923	0.00384	0.00384
49	0.00773	0.00552	0.00736	0.00883	0.00920	0.00515	0.00589	0.00883	0.01215	0.01619	0.03497	0.77291	0.04196	0.01987	0.00810	0.00258	0.00368	0.01803	0.00589	0.00515
50	0.79266	0.01293	0.00964	0.00864	0.01254	0.04121	0.00707	0.01889	0.01106	0.02799	0.00887	0.01035	0.00692	0.00591	0.00399	0.00195	0.00515	0.00346	0.00390	0.00689
51	0.82186	0.01227	0.00932	0.00834	0.01227	0.01423	0.00687	0.01865	0.01080	0.02846	0.00883	0.01031	0.00687	0.00589	0.00393	0.00196	0.00491	0.00344	0.00393	0.00687
52	0.02716	0.01178	0.01520	0.01177	0.01662	0.01093	0.00969	0.11080	0.06379	0.61550	0.02394	0.02098	0.01536	0.00787	0.00638	0.00197	0.00556	0.00635	0.00759	0.01075
53	0.00923	0.00615	0.00692	0.00692	0.00692	0.00615	0.00384	0.00923	0.00923	0.01230	0.01999	0.04151	0.02306	0.77705	0.03229	0.00615	0.00615	0.00923	0.00384	0.00384
54	0.00854	0.00610	0.00829	0.00976	0.01048	0.00585	0.00730	0.01023	0.01295	0.01710	0.03452	0.54485	0.04019	0.01911	0.00831	0.00269	0.00438	0.23809	0.00587	0.00538
55	0.01717	0.04002	0.01780	0.09916	0.06277	0.03472	0.03180	0.16146	0.40927	0.02680	0.02002	0.01989	0.01502	0.00774	0.00634	0.00204	0.00631	0.00644	0.00554	0.00968
56	0.00906	0.00680	0.01020	0.01020	0.01133	0.00793	0.00793	0.01133	0.01020	0.01473	0.01699	0.02492	0.01586	0.04758	0.75191	0.01020	0.01699	0.00680	0.00340	0.00566
57	0.82186	0.01227	0.00932	0.00834	0.01227	0.01423	0.00687	0.01865	0.01080	0.02846	0.00883	0.01031	0.00687	0.00589	0.00393	0.00196	0.00491	0.00344	0.00393	0.00687
58	0.01665	0.01391	0.01479	0.01308	0.01678	0.01594	0.01032	0.12324	0.60400	0.02800	0.02474	0.02456	0.01895	0.00885	0.00654	0.00215	0.00531	0.03581	0.00641	0.00996
59	0.01598	0.52635	0.24458	0.01324	0.01975	0.05247	0.01467	0.01959	0.01325	0.01649	0.00963	0.01119	0.00811	0.00565	0.00472	0.00156	0.00775	0.00381	0.00273	0.00848
60	0.00902	0.00651	0.00854	0.00811	0.00961	0.00603	0.00613	0.01201	0.01784	0.02521	0.70967	0.04823	0.05904	0.01313	0.00753	0.00203	0.00309	0.03533	0.00694	0.00598
61	0.00802	0.00628	0.00726	0.00737	0.00898	0.00552	0.00539	0.00998	0.01516	0.01963	0.27430	0.18689	0.39107	0.01577	0.00760	0.00217	0.00323	0.01362	0.00624	0.00552
62	0.01596	0.01491	0.02345	0.18980	0.49934	0.03346	0.01815	0.08958	0.01572	0.02159	0.01207	0.01581	0.00974	0.00602	0.00629	0.00193	0.00777	0.00562	0.00340	0.00942
63	0.00928	0.00621	0.00740	0.00740	0.00754	0.00635	0.00444	0.00946	0.00931	0.01256	0.01923	0.03844	0.02163	0.65124	0.12486	0.04061	0.00752	0.00876	0.00374	0.00403
64	0.02426	0.01754	0.01890	0.01449	0.01956	0.01934	0.01197	0.69419	0.02945	0.06265	0.01555	0.01544	0.01095	0.00762	0.00635	0.00191	0.00693	0.00573	0.00639	0.01079
65	0.15425	0.04498	0.03625	0.03921	0.01963	0.51188	0.03579	0.02381	0.04595	0.01842	0.01048	0.01215	0.00848	0.00643	0.00550	0.00175	0.00979	0.00427	0.00346	0.00749
66	0.01015	0.00767	0.01158	0.01224	0.01385	0.00755	0.05645	0.01294	0.01424	0.01863	0.03242	0.17849	0.03558	0.01708	0.00857	0.00281	0.00582	0.54232	0.00567	0.00591
67	0.02133	0.24938	0.02227	0.01447	0.01846	0.51071	0.01167	0.02312	0.01631	0.01554	0.00957	0.01113	0.00821	0.00614	0.00520	0.00153	0.00982	0.00387	0.00312	0.03814
68	0.01497	0.01711	0.03743	0.02674	0.03316	0.01604	0.71444	0.02032	0.01497	0.02032	0.01283	0.01711	0.00963	0.00535	0.00749	0.00214	0.01070	0.00749	0.00321	0.00856
69	0.01370	0.15029	0.61175	0.01690	0.02548	0.03738	0.02114	0.02007	0.01345	0.01915	0.01094	0.01283	0.00806	0.00595	0.00571	0.00190	0.00903	0.00447	0.00270	0.00912
70	0.01920	0.02274	0.05353	0.02105	0.10534	0.34362	0.17791	0.07247	0.01709	0.01942	0.01262	0.01735	0.01064	0.00702	0.00688	0.00193	0.03217	0.04726	0.00358	0.00818
71	0.01198	0.01128	0.01903	0.76180	0.04369	0.01409	0.01762	0.01621	0.01268	0.01621	0.01128	0.01691	0.00846	0.00634	0.00634	0.00211	0.00846	0.00564	0.00282	0.00705
72	0.01678	0.01320	0.01464	0.03466	0.01661	0.01492	0.00996	0.24733	0.31118	0.02749	0.02023	0.02291	0.01626	0.09928	0.10222	0.00352	0.00737	0.00684	0.00564	0.00895
73	0.01696	0.78087	0.03324	0.01085	0.01628	0.02510	0.01085	0.01900	0.01289	0.01493	0.00882	0.01018	0.00814	0.00543	0.00407	0.00136	0.00678	0.00339	0.00271	0.00814
74	0.01315	0.01128	0.01315	0.00940	0.01503	0.00846	0.00752	0.01597	0.01315	0.02067	0.01128	0.01315	0.00940	0.00470	0.00470	0.00094	0.00470	0.00376	0.00376	0.81583
75	0.01014	0.00728	0.01011	0.01153	0.01301	0.00724	0.01006	0.01302	0.01460	0.01893	0.03450	0.07125	0.05723	0.01748	0.00872	0.00290	0.00576	0.67456	0.00584	0.00583
76	0.00807	0.00645	0.00722	0.00703	0.00892	0.00560	0.00527	0.01022	0.01581	0.02035	0.32376	0.05576	0.47340	0.01487	0.00749	0.00209	0.00313	0.01265	0.00631	0.00560
77	0.01749	0.02551	0.50193	0.03702	0.02449	0.01307	0.01898	0.02327	0.01482	0.23942	0.01553	0.01599	0.01038	0.00659	0.00614	0.00200	0.00814	0.00523	0.00426	0.00974
78	0.00831	0.00660	0.00774	0.02929	0.01002	0.00590	0.00573	0.01063	0.01601	0.02091	0.36961	0.05350	0.40434	0.01436	0.00746	0.00207	0.00327	0.01228	0.00630	0.00569
79	0.00923	0.00615	0.00692	0.00692	0.00692	0.00615	0.00384	0.00923	0.00923	0.01230	0.01999	0.04151	0.02306	0.77705	0.03229	0.00615	0.00615	0.00923	0.00384	0.00384
80	0.01315	0.01128	0.01315	0.00940	0.01503	0.00846	0.00752	0.01597	0.01315	0.02067	0.01128	0.01315	0.00940	0.00470	0.00470	0.00094	0.00470	0.00376	0.00376	0.81583
81	0.01209	0.01135	0.01889	0.73958	0.04289	0.01414	0.01739	0.01673	0.03385	0.01652	0.01171	0.01711	0.00878	0.00641	0.00635	0.00212	0.00835	0.00568	0.00293	0.00714
82	0.00848	0.00625	0.00796	0.00814	0.00942	0.00572	0.00596	0.01076	0.01575	0.02150	0.42192	0.24706	0.14942	0.01546	0.00770	0.00221	0.00332	0.04079	0.00649	0.00567
83	0.01578	0.01363	0.01434	0.01291	0.01650	0.01578	0.01004	0.03371	0.72602	0.02654	0.02582	0.02367	0.01937	0.00861	0.00646	0.00215	0.00502	0.00717	0.00646	0.01004
84	0.01570	0.01507	0.02575	0.03894	0.73748	0.01507	0.01947	0.01947	0.01444	0.02073	0.01193	0.01570	0.01005	0.00565	0.00628	0.00188	0.00754	0.00565	0.00314	0.01005
85	0.01183	0.00591	0.00591	0.00591	0.00739	0.00591	0.00443	0.01478	0.01330	0.02365	0.02069	0.02365	0.01626	0.00739	0.00443	0.00148	0.00296	0.00591	0.81227	0.00591
86	0.01578	0.01363	0.01434	0.01291	0.01650	0.01578	0.01004	0.03371	0.72602	0.02654	0.02582	0.02367	0.01937	0.00861	0.00646	0.00215	0.00502	0.00717	0.00646	0.01004
87	0.00923	0.00615	0.00692	0.00692	0.00692	0.00615	0.00384	0.00923	0.00923	0.01230	0.01999	0.04151	0.02306	0.77705	0.03229	0.00615	0.00615	0.00923	0.00384	0.00384
88	0.01371	0.01365	0.01939	0.08329	0.01907	0.01895	0.01421	0.01535	0.00998	0.01535	0.00859	0.01415	0.00834	0.01068	0.01952	0.00272	0.69775	0.00556	0.00278	0.00695
89	0.01570	0.01507	0.02575	0.03894	0.73748	0.01507	0.01947	0.01947	0.01444	0.02073	0.01193	0.01570	0.01005	0.00565	0.00628	0.00188	0.00754	0.00565	0.00314	0.01005
90	0.00916	0.00642	0.00827	0.00827	0.00874	0.00688	0.00553	0.01009	0.00963	0.01330	0.01875	0.03468	0.02009	0.47642	0.32886	0.00782	0.01062	0.00822	0.00366	0.00459
91	0.82186	0.01227	0.00932	0.00834	0.01227	0.01423	0.00687	0.01865	0.01080	0.02846	0.00883	0.01031	0.00687	0.00589	0.00393	0.00196	0.00491	0.00344	0.00393	0.00687
92	0.04175	0.01147	0.01408	0.01049	0.01573	0.00963	0.00855	0.06288	0.01623	0.33652	0.01744	0.01688	0.01216	0.00627	0.00551	0.00147	0.00514	0.00501	0.00570	0.39710
93	0.10024	0.01711	0.01795	0.01394	0.01886	0.01902	0.01149	0.62703	0.05093	0.03844	0.01497	0.01504	0.01070	0.00748	0.00612	0.00192	0.00672	0.00554	0.00612	0.01039
94	0.82186	0.01227	0.00932	0.00834	0.01227	0.01423	0.00687	0.01865	0.01080	0.02846	0.00883	0.01031	0.00687	0.00589	0.00393	0.00196	0.00491	0.00344	0.00393	0.00687
95	0.02032	0.01588	0.01690	0.01383	0.01823	0.01790	0.01114	0.40565	0.34668	0.03386	0.02005	0.01907	0.01469	0.00807	0.00640	0.00202	0.00609	0.00638	0.00640	0.01045
96	0.00815	0.00683	0.00727	0.00698	0.00929	0.00568	0.00523	0.00993	0.01441	0.01796	0.10151	0.10427	0.57334	0.01503	0.00727	0.00205	0.00337	0.01266	0.00576	0.08301
97	0.01497	0.01711	0.03743	0.02674	0.03316	0.01604	0.71444	0.02032	0.01497	0.02032	0.01283	0.01711	0.00963	0.00535	0.00749	0.00214	0.01070	0.00749	0.00321	0.00856
98	0.01545	0.01441	0.02317	0.15465	0.51743	0.01518	0.01787	0.04964	0.08912	0.02139	0.01341	0.01671	0.01079	0.00616	0.00631	0.00195	0.00740	0.00581	0.00357	0.00958
99	0.01280	0.01233	0.01717	0.01510	0.01518	0.01680	0.01231	0.01413	0.00998	0.01521	0.01210	0.09780	0.01295	0.04834	0.05062	0.00322	0.61710	0.00712	0.00319	0.00655
100	0.01696	0.78087	0.03324	0.01085	0.01628	0.02510	0.01085	0.01900	0.01289	0.01493	0.00882	0.01018	0.00814	0.00543	0.00407	0.00136	0.00678	0.00339	0.00271	0.00814
