[name]
unknown

[dist]
# distance from previous block
# <min> <max>
0	46

[block]
# block no. 0 follows, 35 sequences, length 41
# corresponding to MSA columns:
# 53-93
name=unknown_A
#
# <colnr> <probs for GDERKNQSTAVLIFYWHMCP>
#	G	D	E	R	K	N	Q	S	T	A	V	L	I	F	Y	W	H	M	C	P
0	0.04475	0.01249	0.01621	0.01353	0.05696	0.01152	0.06473	0.06865	0.12362	0.11217	0.03008	0.01892	0.01363	0.00662	0.00576	0.00159	0.00563	0.02867	0.00491	0.35955
1	0.01432	0.01434	0.07893	0.01475	0.01979	0.01227	0.16548	0.02196	0.20105	0.05501	0.07028	0.03736	0.03807	0.00738	0.00632	0.00180	0.00634	0.00682	0.00478	0.22296
2	0.01497	0.01526	0.02812	0.02796	0.29339	0.01464	0.30396	0.01967	0.03878	0.02059	0.01258	0.01612	0.01005	0.00564	0.00697	0.00188	0.03031	0.00618	0.00336	0.12957
3	0.01653	0.01520	0.02442	0.03486	0.62404	0.01529	0.01809	0.09752	0.01611	0.02288	0.01227	0.01553	0.01010	0.00583	0.00622	0.00184	0.00734	0.00557	0.00353	0.04679
4	0.60634	0.01262	0.01126	0.01064	0.04614	0.01433	0.00811	0.05909	0.08924	0.04744	0.03563	0.01379	0.01057	0.00655	0.00462	0.00198	0.00510	0.00441	0.00450	0.00765
5	0.01570	0.01507	0.02575	0.03894	0.73748	0.01507	0.01947	0.01947	0.01444	0.02073	0.01193	0.01570	0.01005	0.00565	0.00628	0.00188	0.00754	0.00565	0.00314	0.01005
6	0.01479	0.01393	0.04953	0.01986	0.05643	0.01237	0.37446	0.01912	0.01590	0.09897	0.19495	0.02482	0.02284	0.00754	0.00714	0.00201	0.00773	0.00802	0.00466	0.04494
7	0.41876	0.01136	0.01155	0.00949	0.01382	0.01147	0.00774	0.02208	0.01364	0.26947	0.01573	0.04630	0.01165	0.00699	0.00503	0.00186	0.00500	0.00508	0.00532	0.10764
8	0.01578	0.01363	0.01434	0.01291	0.01650	0.01578	0.01004	0.03371	0.72602	0.02654	0.02582	0.02367	0.01937	0.00861	0.00646	0.00215	0.00502	0.00717	0.00646	0.01004
9	0.01536	0.01473	0.02514	0.10443	0.67462	0.01498	0.01930	0.01917	0.01429	0.02032	0.01187	0.01581	0.00990	0.00571	0.00629	0.00190	0.00762	0.00565	0.00311	0.00978
10	0.82186	0.01227	0.00932	0.00834	0.01227	0.01423	0.00687	0.01865	0.01080	0.02846	0.00883	0.01031	0.00687	0.00589	0.00393	0.00196	0.00491	0.00344	0.00393	0.00687
11	0.07347	0.01366	0.01900	0.01457	0.01939	0.04597	0.14788	0.09971	0.05810	0.36352	0.04487	0.02089	0.03383	0.00758	0.00648	0.00199	0.00669	0.00664	0.00616	0.00960
12	0.01570	0.01507	0.02575	0.03894	0.73748	0.01507	0.01947	0.01947	0.01444	0.02073	0.01193	0.01570	0.01005	0.00565	0.00628	0.00188	0.00754	0.00565	0.00314	0.01005
13	0.01500	0.01704	0.03702	0.02717	0.05794	0.01601	0.68998	0.02029	0.01495	0.02034	0.01280	0.01706	0.00964	0.00536	0.00744	0.00213	0.01058	0.00742	0.00321	0.00861
14	0.00750	0.00643	0.00643	0.00643	0.00857	0.00536	0.00482	0.00910	0.01446	0.01714	0.06427	0.06105	0.73490	0.01607	0.00750	0.00214	0.00321	0.01339	0.00589	0.00536
15	0.00959	0.00679	0.00913	0.00950	0.03998	0.00629	0.00660	0.01220	0.01661	0.04581	0.52958	0.18491	0.07094	0.01391	0.00752	0.00211	0.00340	0.01238	0.00661	0.00613
16	0.01340	0.04443	0.61567	0.01685	0.02519	0.01444	0.02089	0.02111	0.06891	0.04476	0.04575	0.01594	0.01153	0.00659	0.00610	0.00200	0.00856	0.00522	0.00334	0.00930
17	0.01272	0.03281	0.74418	0.01808	0.02746	0.01473	0.02344	0.02009	0.01339	0.02009	0.01138	0.01339	0.00804	0.00603	0.00603	0.00201	0.00938	0.00469	0.00268	0.00938
18	0.02370	0.03023	0.01798	0.01634	0.01961	0.75158	0.01226	0.02533	0.01798	0.01553	0.00981	0.01144	0.00817	0.00654	0.00572	0.00163	0.01144	0.00409	0.00327	0.00735
19	0.01492	0.01081	0.01698	0.01731	0.15706	0.01027	0.10256	0.04124	0.02967	0.14896	0.20494	0.05511	0.11973	0.01100	0.02861	0.00226	0.00595	0.00896	0.00557	0.00809
20	0.04292	0.04061	0.06311	0.01335	0.01849	0.01472	0.02990	0.26583	0.09464	0.32029	0.01963	0.01833	0.01328	0.00754	0.00625	0.00195	0.00633	0.00598	0.00648	0.01038
21	0.01578	0.01363	0.01434	0.01291	0.01650	0.01578	0.01004	0.03371	0.72602	0.02654	0.02582	0.02367	0.01937	0.00861	0.00646	0.00215	0.00502	0.00717	0.00646	0.01004
22	0.00802	0.00574	0.00765	0.00879	0.00938	0.00537	0.00605	0.00951	0.01321	0.01785	0.15273	0.62691	0.04479	0.01863	0.00802	0.00249	0.00364	0.03984	0.00607	0.00532
23	0.02010	0.01914	0.01902	0.03954	0.14979	0.22937	0.03697	0.22057	0.05958	0.04308	0.04601	0.01685	0.01288	0.00712	0.00614	0.00183	0.00800	0.00565	0.04942	0.00895
24	0.00922	0.00617	0.00703	0.00703	0.00707	0.00621	0.00398	0.00930	0.00926	0.01238	0.01989	0.04095	0.02282	0.75245	0.05656	0.00629	0.00652	0.00914	0.00383	0.00391
25	0.00906	0.00680	0.01020	0.01020	0.01133	0.00793	0.00793	0.01133	0.01020	0.01473	0.01699	0.02492	0.01586	0.04758	0.75191	0.01020	0.01699	0.00680	0.00340	0.00566
26	0.01205	0.01131	0.01900	0.68799	0.04121	0.01386	0.03757	0.01663	0.03258	0.01700	0.04187	0.01838	0.01094	0.00665	0.00643	0.00211	0.00820	0.00598	0.00310	0.00713
27	0.02208	0.02740	0.01716	0.01566	0.01878	0.64866	0.01179	0.02479	0.06189	0.01616	0.01136	0.01324	0.00946	0.00980	0.06263	0.00232	0.01146	0.00449	0.00348	0.00739
28	0.01011	0.00722	0.01010	0.01156	0.01297	0.00721	0.01003	0.01295	0.01449	0.01886	0.03365	0.10268	0.03675	0.01763	0.00873	0.00291	0.00575	0.66475	0.00584	0.00581
29	0.01983	0.01056	0.01284	0.01042	0.01417	0.01006	0.00839	0.16386	0.01984	0.32165	0.17360	0.03265	0.15378	0.01033	0.00680	0.00199	0.00484	0.00854	0.00701	0.00884
30	0.00885	0.00615	0.00736	0.00790	0.00888	0.00568	0.00544	0.01011	0.01267	0.03572	0.06912	0.33421	0.20691	0.17758	0.01289	0.00316	0.00418	0.04478	0.03326	0.00517
31	0.54358	0.01080	0.00919	0.00822	0.01163	0.01193	0.00661	0.04116	0.01265	0.05892	0.04395	0.02071	0.10527	0.02828	0.00550	0.00206	0.00461	0.00556	0.06255	0.00681
32	0.02570	0.01137	0.01444	0.01124	0.01571	0.01062	0.00917	0.14021	0.01931	0.54366	0.02290	0.02159	0.01527	0.04192	0.00738	0.00210	0.00551	0.00636	0.06537	0.01013
33	0.05378	0.01590	0.01410	0.01252	0.01556	0.18322	0.00980	0.13376	0.14784	0.07094	0.02030	0.05901	0.03743	0.03568	0.00777	0.00215	0.04038	0.05418	0.07760	0.00807
34	0.29306	0.01156	0.01251	0.01029	0.01433	0.01185	0.00837	0.11674	0.01696	0.29918	0.09224	0.05285	0.01780	0.00822	0.00574	0.00199	0.00512	0.00634	0.00614	0.00872
35	0.01027	0.00730	0.00849	0.00816	0.01018	0.00665	0.00607	0.01309	0.05802	0.06817	0.16751	0.14213	0.30263	0.08279	0.00958	0.00250	0.00394	0.04220	0.00597	0.04435
36	0.03338	0.01011	0.01293	0.01150	0.01355	0.03585	0.04046	0.11122	0.01382	0.05312	0.01706	0.02531	0.01563	0.13923	0.36336	0.00650	0.04330	0.02355	0.02349	0.00663
37	0.04613	0.00749	0.00800	0.00851	0.00941	0.03927	0.00573	0.01112	0.03587	0.01661	0.06572	0.38631	0.10232	0.21181	0.01386	0.00334	0.00468	0.01335	0.00523	0.00522
38	0.01147	0.00805	0.00951	0.00934	0.01128	0.00790	0.00693	0.05653	0.10766	0.07511	0.11723	0.32446	0.18485	0.01512	0.00747	0.00228	0.00405	0.02777	0.00626	0.00670
39	0.07335	0.00701	0.00805	0.00775	0.00960	0.00659	0.00577	0.01188	0.01460	0.05501	0.26450	0.09735	0.28005	0.05068	0.04205	0.03874	0.00426	0.01115	0.00584	0.00575
40	0.01491	0.03071	0.01307	0.01190	0.01456	0.06919	0.00942	0.07195	0.25126	0.06303	0.05731	0.12384	0.02598	0.04680	0.00827	0.00247	0.00572	0.16586	0.00588	0.00787

[dist]
# distance from previous block
# <min> <max>
4	8

[block]
# block no. 1 follows, 35 sequences, length 6
# corresponding to MSA columns:
# 102-107
name=unknown_B
#
# <colnr> <probs for GDERKNQSTAVLIFYWHMCP>
#	G	D	E	R	K	N	Q	S	T	A	V	L	I	F	Y	W	H	M	C	P
0	0.05693	0.01591	0.01653	0.01493	0.05512	0.06362	0.01128	0.23009	0.37479	0.02905	0.01940	0.01894	0.01458	0.00801	0.00689	0.00205	0.04008	0.00622	0.00576	0.00980
1	0.07338	0.01321	0.01433	0.01499	0.11270	0.07066	0.01012	0.05341	0.24762	0.06743	0.02359	0.05017	0.07631	0.07487	0.00855	0.00237	0.00589	0.03263	0.00523	0.04253
2	0.01164	0.00869	0.01278	0.04596	0.04709	0.00855	0.07496	0.01482	0.07898	0.06450	0.10875	0.19448	0.11865	0.08172	0.01141	0.08958	0.00525	0.01068	0.00515	0.00635
3	0.01700	0.05560	0.04356	0.01432	0.04962	0.10043	0.03446	0.16911	0.17456	0.04505	0.09717	0.02628	0.05667	0.01038	0.03207	0.00228	0.00690	0.05050	0.00539	0.00864
4	0.00841	0.00691	0.00747	0.00739	0.00938	0.00624	0.00551	0.01145	0.06842	0.01928	0.18050	0.11185	0.50413	0.01524	0.00746	0.00215	0.00335	0.01294	0.00613	0.00581
5	0.01107	0.00802	0.00932	0.00895	0.01078	0.00797	0.00659	0.04443	0.11910	0.05241	0.19321	0.15731	0.17418	0.12696	0.01106	0.00279	0.00430	0.03911	0.00602	0.00642

[dist]
# distance from previous block
# <min> <max>
0	27

[block]
# block no. 2 follows, 35 sequences, length 61
# corresponding to MSA columns:
# 135-195
name=unknown_C
#
# <colnr> <probs for GDERKNQSTAVLIFYWHMCP>
#	G	D	E	R	K	N	Q	S	T	A	V	L	I	F	Y	W	H	M	C	P
0	0.00905	0.00644	0.00875	0.01013	0.01102	0.00627	0.00792	0.01099	0.01320	0.01735	0.03342	0.38340	0.03817	0.06227	0.00982	0.00295	0.00489	0.35278	0.00575	0.00542
1	0.03775	0.01364	0.01279	0.01170	0.01418	0.12709	0.00884	0.07103	0.25092	0.02125	0.05025	0.06448	0.05010	0.11849	0.09790	0.00357	0.02574	0.00768	0.00504	0.00754
2	0.01010	0.00710	0.00816	0.00791	0.00974	0.00652	0.00581	0.05083	0.01536	0.05718	0.17932	0.18598	0.32454	0.06705	0.00909	0.00243	0.00378	0.01259	0.03056	0.00594
3	0.00823	0.00594	0.00719	0.00793	0.00856	0.00556	0.00525	0.00920	0.01192	0.01555	0.05317	0.40002	0.15613	0.23724	0.01497	0.00353	0.00436	0.03507	0.00533	0.00485
4	0.02076	0.01367	0.01535	0.01231	0.01641	0.01456	0.00997	0.37136	0.10750	0.15065	0.13040	0.02279	0.02058	0.00859	0.00643	0.00193	0.00563	0.00690	0.05456	0.00966
5	0.09527	0.00993	0.01105	0.00998	0.01266	0.01036	0.00767	0.10970	0.12562	0.11033	0.10721	0.16200	0.05988	0.05510	0.00802	0.00233	0.00468	0.02469	0.06592	0.00759
6	0.01404	0.00755	0.00966	0.00887	0.01126	0.00668	0.00680	0.01621	0.01602	0.22726	0.22745	0.18542	0.19013	0.01366	0.00733	0.00216	0.00395	0.03176	0.00675	0.00706
7	0.01399	0.00877	0.01020	0.00900	0.01183	0.00826	0.00701	0.07873	0.06689	0.16365	0.18630	0.07785	0.30686	0.01272	0.00713	0.00208	0.00408	0.01072	0.00658	0.00735
8	0.00991	0.00812	0.01168	0.01130	0.01204	0.00996	0.00880	0.01175	0.01036	0.01499	0.01790	0.13543	0.01836	0.05690	0.46018	0.00732	0.17726	0.00829	0.00365	0.00581
9	0.14387	0.00798	0.00843	0.00798	0.01034	0.00778	0.00610	0.01402	0.05521	0.06160	0.22755	0.10021	0.30014	0.01298	0.00683	0.00210	0.00369	0.01086	0.00600	0.00632
10	0.35636	0.01153	0.01199	0.01011	0.01419	0.01202	0.00831	0.05857	0.06304	0.28247	0.02030	0.02155	0.04946	0.00804	0.00555	0.00204	0.00516	0.04493	0.00583	0.00855
11	0.02248	0.01430	0.01577	0.01236	0.01671	0.01526	0.01012	0.46475	0.02466	0.15589	0.01795	0.01793	0.01268	0.00761	0.00598	0.00183	0.00594	0.00586	0.16205	0.00985
12	0.00975	0.00778	0.01013	0.01014	0.01131	0.04317	0.00775	0.01189	0.01098	0.01535	0.03844	0.07642	0.01872	0.05979	0.60641	0.00870	0.01478	0.00761	0.02522	0.00568
13	0.01437	0.01606	0.03464	0.02504	0.03092	0.01521	0.64204	0.01940	0.01448	0.01975	0.01326	0.01791	0.01026	0.00967	0.08377	0.00296	0.01134	0.00742	0.00323	0.00826
14	0.00981	0.00671	0.00753	0.00739	0.00777	0.00674	0.00442	0.04484	0.01068	0.01415	0.02273	0.08320	0.05759	0.65831	0.02840	0.00554	0.00591	0.00975	0.00419	0.00434
15	0.01022	0.00730	0.01022	0.01168	0.01314	0.00730	0.01022	0.01314	0.01460	0.01899	0.03359	0.07156	0.03651	0.01752	0.00876	0.00292	0.00584	0.69478	0.00584	0.00584
16	0.01717	0.01046	0.01430	0.04977	0.09106	0.01058	0.01031	0.05941	0.06753	0.23447	0.18100	0.06832	0.04103	0.01042	0.00773	0.00213	0.04851	0.06120	0.00616	0.00842
17	0.00963	0.00742	0.01051	0.01045	0.01128	0.00865	0.00805	0.01146	0.01056	0.01493	0.01926	0.07534	0.01977	0.14871	0.44801	0.00762	0.09230	0.07673	0.00379	0.00551
18	0.00951	0.00707	0.00923	0.01030	0.01194	0.00679	0.00880	0.01208	0.01457	0.01850	0.04165	0.06880	0.21992	0.01714	0.00843	0.00272	0.00515	0.51583	0.00585	0.00571
19	0.02553	0.01415	0.01655	0.01275	0.01759	0.01447	0.01051	0.38066	0.02392	0.35215	0.01983	0.01843	0.01321	0.00771	0.00628	0.00191	0.00610	0.00602	0.04164	0.01058
20	0.01399	0.01348	0.02323	0.35630	0.38114	0.01479	0.05298	0.01798	0.01359	0.01860	0.01161	0.01627	0.00929	0.00606	0.00669	0.00202	0.02469	0.00573	0.00299	0.00858
21	0.02008	0.01122	0.01393	0.01046	0.01564	0.00932	0.00848	0.02374	0.06264	0.33921	0.01831	0.01757	0.01284	0.00635	0.00556	0.00147	0.00503	0.00514	0.00574	0.40726
22	0.01615	0.01532	0.02355	0.07131	0.39510	0.03409	0.08645	0.07293	0.13867	0.02244	0.01440	0.01706	0.01145	0.00661	0.00716	0.00201	0.04573	0.00606	0.00392	0.00956
23	0.00880	0.00648	0.00932	0.00960	0.01051	0.00716	0.00715	0.01070	0.01084	0.01529	0.04952	0.18033	0.02347	0.09127	0.51962	0.00802	0.01295	0.00946	0.00408	0.00545
24	0.05108	0.01504	0.01625	0.01329	0.01751	0.01661	0.01075	0.42877	0.18307	0.06679	0.01990	0.07794	0.01598	0.00903	0.00649	0.00205	0.00610	0.02717	0.00630	0.00989
25	0.01500	0.32339	0.42611	0.01517	0.02266	0.06115	0.01790	0.01997	0.01346	0.01782	0.01030	0.01203	0.00808	0.00582	0.00525	0.00173	0.00849	0.00415	0.00273	0.00878
26	0.02072	0.01831	0.01811	0.01675	0.08860	0.13820	0.01221	0.32983	0.23568	0.03005	0.01720	0.01719	0.01287	0.00755	0.00627	0.00193	0.00718	0.00588	0.00556	0.00993
27	0.69670	0.01275	0.01091	0.01045	0.04942	0.01462	0.00794	0.05294	0.05303	0.02851	0.01027	0.01158	0.00794	0.00612	0.00431	0.00197	0.00515	0.00387	0.00415	0.00740
28	0.01754	0.06184	0.03202	0.02239	0.02835	0.01639	0.49631	0.10871	0.03890	0.09104	0.01445	0.01709	0.01056	0.00597	0.00700	0.00205	0.00932	0.00691	0.00411	0.00907
29	0.00772	0.00578	0.00717	0.00821	0.00906	0.00523	0.00563	0.00902	0.01293	0.01678	0.06871	0.57109	0.21226	0.01868	0.00793	0.00245	0.00354	0.01665	0.00593	0.00523
30	0.00899	0.00635	0.00790	0.00857	0.00969	0.00588	0.00608	0.02811	0.01375	0.04010	0.09618	0.47766	0.18152	0.03800	0.00850	0.00252	0.00383	0.04481	0.00599	0.00557
31	0.01689	0.71664	0.07505	0.01143	0.01703	0.04366	0.01164	0.01923	0.01305	0.01525	0.00900	0.01040	0.00814	0.00549	0.00423	0.00140	0.00706	0.00349	0.00273	0.00819
32	0.02162	0.01634	0.01769	0.01355	0.01864	0.01740	0.01111	0.54822	0.06813	0.03567	0.01514	0.01535	0.01104	0.00714	0.00605	0.00174	0.00645	0.00544	0.00588	0.15739
33	0.82186	0.01227	0.00932	0.00834	0.01227	0.01423	0.00687	0.01865	0.01080	0.02846	0.00883	0.01031	0.00687	0.00589	0.00393	0.00196	0.00491	0.00344	0.00393	0.00687
34	0.01223	0.01118	0.01061	0.01010	0.01211	0.11954	0.00752	0.04594	0.09953	0.02200	0.30260	0.18129	0.11457	0.01295	0.00717	0.00208	0.00483	0.01110	0.00600	0.00664
35	0.01696	0.78087	0.03324	0.01085	0.01628	0.02510	0.01085	0.01900	0.01289	0.01493	0.00882	0.01018	0.00814	0.00543	0.00407	0.00136	0.00678	0.00339	0.00271	0.00814
36	0.00773	0.00552	0.00736	0.00883	0.00920	0.00515	0.00589	0.00883	0.01215	0.01619	0.03497	0.77291	0.04196	0.01987	0.00810	0.00258	0.00368	0.01803	0.00589	0.00515
37	0.02370	0.03023	0.01798	0.01634	0.01961	0.75158	0.01226	0.02533	0.01798	0.01553	0.00981	0.01144	0.00817	0.00654	0.00572	0.00163	0.01144	0.00409	0.00327	0.00735
38	0.00967	0.00706	0.00950	0.01076	0.01224	0.00688	0.00918	0.01229	0.01441	0.01854	0.03789	0.11957	0.13260	0.01749	0.00854	0.00279	0.00533	0.55368	0.00585	0.00573
39	0.01282	0.08195	0.62570	0.01713	0.02562	0.01488	0.04033	0.01947	0.01371	0.02011	0.06065	0.01560	0.01163	0.00644	0.00603	0.00197	0.00880	0.00514	0.00299	0.00904
40	0.82186	0.01227	0.00932	0.00834	0.01227	0.01423	0.00687	0.01865	0.01080	0.02846	0.00883	0.01031	0.00687	0.00589	0.00393	0.00196	0.00491	0.00344	0.00393	0.00687
41	0.82186	0.01227	0.00932	0.00834	0.01227	0.01423	0.00687	0.01865	0.01080	0.02846	0.00883	0.01031	0.00687	0.00589	0.00393	0.00196	0.00491	0.00344	0.00393	0.00687
42	0.00806	0.00654	0.00723	0.00745	0.00938	0.00571	0.00580	0.00998	0.01473	0.01815	0.11895	0.08074	0.54663	0.01612	0.00771	0.00226	0.00362	0.11948	0.00598	0.00548
43	0.18184	0.01125	0.01365	0.01081	0.01545	0.01066	0.00889	0.02870	0.05876	0.56080	0.02193	0.01952	0.01420	0.00752	0.00591	0.00197	0.00528	0.00585	0.00701	0.00999
44	0.01272	0.03281	0.74418	0.01808	0.02746	0.01473	0.02344	0.02009	0.01339	0.02009	0.01138	0.01339	0.00804	0.00603	0.00603	0.00201	0.00938	0.00469	0.00268	0.00938
45	0.01587	0.01719	0.01914	0.01659	0.01725	0.16770	0.01355	0.01731	0.01139	0.01532	0.00863	0.01339	0.00830	0.01018	0.01776	0.00254	0.61275	0.00525	0.00288	0.00702
46	0.00873	0.00645	0.00817	0.00795	0.00947	0.00589	0.00597	0.01139	0.01693	0.02336	0.56177	0.09600	0.15903	0.01405	0.00757	0.00209	0.00318	0.03946	0.00671	0.00583
47	0.01570	0.01507	0.02575	0.03894	0.73748	0.01507	0.01947	0.01947	0.01444	0.02073	0.01193	0.01570	0.01005	0.00565	0.00628	0.00188	0.00754	0.00565	0.00314	0.01005
48	0.01696	0.78087	0.03324	0.01085	0.01628	0.02510	0.01085	0.01900	0.01289	0.01493	0.00882	0.01018	0.00814	0.00543	0.00407	0.00136	0.00678	0.00339	0.00271	0.00814
49	0.00788	0.00602	0.00728	0.00812	0.00926	0.00541	0.00581	0.00938	0.01344	0.01719	0.08062	0.43306	0.29105	0.01800	0.00790	0.00241	0.00363	0.06229	0.00594	0.00531
50	0.00782	0.00644	0.00687	0.00676	0.00876	0.00549	0.00507	0.00972	0.01521	0.01892	0.20838	0.05811	0.58967	0.01540	0.00749	0.00211	0.00317	0.01298	0.00613	0.00549
51	0.00750	0.00643	0.00643	0.00643	0.00857	0.00536	0.00482	0.00910	0.01446	0.01714	0.06427	0.06105	0.73490	0.01607	0.00750	0.00214	0.00321	0.01339	0.00589	0.00536
52	0.00773	0.00552	0.00736	0.00883	0.00920	0.00515	0.00589	0.00883	0.01215	0.01619	0.03497	0.77291	0.04196	0.01987	0.00810	0.00258	0.00368	0.01803	0.00589	0.00515
53	0.01660	0.01379	0.01462	0.01296	0.01667	0.01583	0.01014	0.07290	0.66705	0.04644	0.02519	0.02313	0.01877	0.00853	0.00645	0.00213	0.00514	0.00707	0.00649	0.01010
54	0.02494	0.01569	0.01766	0.01362	0.01859	0.01668	0.01122	0.49972	0.05664	0.23109	0.01836	0.01733	0.01250	0.00772	0.00636	0.00193	0.00646	0.00596	0.00676	0.01076
55	0.67324	0.01120	0.00880	0.00799	0.01159	0.01261	0.00650	0.01691	0.01146	0.02640	0.01895	0.01957	0.13974	0.00775	0.00458	0.00200	0.00460	0.00525	0.00428	0.00659
56	0.01461	0.01092	0.01173	0.01042	0.01331	0.01198	0.00812	0.11911	0.31763	0.02725	0.14034	0.02739	0.04311	0.00908	0.00613	0.00192	0.00440	0.00753	0.20669	0.00833
57	0.01368	0.01482	0.03038	0.02261	0.02741	0.01453	0.51852	0.01798	0.01412	0.01924	0.01700	0.10125	0.03160	0.00832	0.00892	0.00229	0.08368	0.04218	0.00365	0.00782
58	0.00908	0.00635	0.00800	0.00837	0.00963	0.00584	0.00597	0.01127	0.03053	0.04837	0.25205	0.38935	0.15860	0.01642	0.00771	0.00229	0.00349	0.01457	0.00631	0.00577
59	0.00834	0.00606	0.00795	0.00919	0.00985	0.00581	0.00643	0.01038	0.04121	0.01740	0.07600	0.63956	0.04165	0.01881	0.00805	0.00255	0.00388	0.07545	0.00597	0.00546
60	0.02564	0.01532	0.01752	0.01343	0.01845	0.01604	0.01110	0.47543	0.02573	0.28667	0.01867	0.01747	0.01252	0.00770	0.00636	0.00192	0.00642	0.00595	0.00688	0.01079

[dist]
# distance from previous block
# <min> <max>
0	1

[block]
# block no. 3 follows, 35 sequences, length 34
# corresponding to MSA columns:
# 197-200,202-214,224-240
name=unknown_D
#
# <colnr> <probs for GDERKNQSTAVLIFYWHMCP>
#	G	D	E	R	K	N	Q	S	T	A	V	L	I	F	Y	W	H	M	C	P
0	0.00892	0.00605	0.00785	0.00885	0.00972	0.00563	0.00629	0.01040	0.01301	0.04366	0.06468	0.53793	0.10324	0.04090	0.00867	0.00261	0.00396	0.08818	0.02399	0.00546
1	0.00820	0.00658	0.00723	0.00735	0.00901	0.00595	0.00531	0.01042	0.04374	0.01766	0.11312	0.16579	0.45896	0.08087	0.02875	0.00274	0.00394	0.01316	0.00578	0.00546
2	0.02409	0.01840	0.01898	0.01468	0.01967	0.05671	0.01207	0.68136	0.02923	0.03874	0.01496	0.01504	0.01066	0.00756	0.00631	0.00189	0.00721	0.00563	0.00619	0.01061
3	0.02210	0.02990	0.10217	0.01749	0.05061	0.63562	0.01385	0.02448	0.01730	0.01627	0.01008	0.01184	0.00823	0.00644	0.00578	0.00169	0.01104	0.00422	0.00320	0.00770
4	0.00920	0.00667	0.00982	0.00982	0.01079	0.00764	0.00746	0.01097	0.01000	0.01431	0.01686	0.02588	0.01613	0.10344	0.65028	0.05968	0.01543	0.00691	0.00339	0.00534
5	0.00923	0.00615	0.00692	0.00692	0.00692	0.00615	0.00384	0.00923	0.00923	0.01230	0.01999	0.04151	0.02306	0.77705	0.03229	0.00615	0.00615	0.00923	0.00384	0.00384
6	0.01102	0.00551	0.00826	0.00826	0.00826	0.00551	0.00551	0.00826	0.00826	0.01102	0.01102	0.01928	0.01102	0.02204	0.02479	0.81543	0.00551	0.00551	0.00275	0.00275
7	0.00836	0.00568	0.00736	0.00840	0.00876	0.00546	0.00553	0.00920	0.01145	0.01555	0.03009	0.55700	0.03534	0.14874	0.03628	0.04314	0.00458	0.01507	0.03916	0.00486
8	0.00834	0.00569	0.00759	0.00888	0.00940	0.00529	0.00599	0.00953	0.01247	0.03650	0.05310	0.73303	0.04170	0.01936	0.00803	0.00254	0.00371	0.01754	0.00597	0.00533
9	0.00965	0.00578	0.00816	0.00890	0.00923	0.00564	0.00624	0.00917	0.01059	0.01405	0.02317	0.30350	0.02624	0.04440	0.01671	0.38058	0.00490	0.10464	0.00436	0.00409
10	0.00864	0.00601	0.00783	0.00902	0.00963	0.00573	0.00610	0.01046	0.04220	0.03530	0.03397	0.70485	0.03989	0.03688	0.00855	0.00263	0.00384	0.01707	0.00592	0.00547
11	0.00772	0.00557	0.00731	0.00871	0.00917	0.00516	0.00583	0.00885	0.01226	0.01624	0.03645	0.73689	0.07702	0.01968	0.00807	0.00255	0.00366	0.01780	0.00589	0.00516
12	0.06982	0.00905	0.01178	0.01000	0.01332	0.00819	0.00787	0.02229	0.01654	0.42092	0.16517	0.16689	0.02875	0.01099	0.00677	0.00208	0.00457	0.00938	0.00707	0.00855
13	0.01315	0.01128	0.01315	0.00940	0.01503	0.00846	0.00752	0.01597	0.01315	0.02067	0.01128	0.01315	0.00940	0.00470	0.00470	0.00094	0.00470	0.00376	0.00376	0.81583
14	0.07846	0.00742	0.00850	0.00825	0.01035	0.00686	0.00617	0.01362	0.01396	0.13307	0.07121	0.20767	0.28449	0.07748	0.00926	0.00256	0.00416	0.04435	0.00592	0.00623
15	0.01210	0.01152	0.01978	0.73165	0.04326	0.01417	0.04621	0.01638	0.01278	0.01638	0.01134	0.01692	0.00850	0.00630	0.00639	0.00212	0.00855	0.00571	0.00283	0.00711
16	0.39225	0.01110	0.01169	0.00964	0.01380	0.01129	0.00790	0.02361	0.01475	0.35065	0.07950	0.01865	0.01549	0.00739	0.00535	0.00197	0.00496	0.00547	0.00597	0.00857
17	0.25819	0.00827	0.00843	0.00818	0.00996	0.00864	0.00583	0.01377	0.01166	0.06898	0.06532	0.17054	0.04110	0.26250	0.01460	0.00348	0.00498	0.02504	0.00482	0.00571
18	0.01065	0.00575	0.00863	0.00863	0.00884	0.00597	0.00597	0.00884	0.00863	0.01172	0.01215	0.02035	0.01194	0.02688	0.16253	0.66289	0.00768	0.00575	0.00288	0.00331
19	0.00922	0.00692	0.00925	0.01088	0.04069	0.00662	0.00817	0.01131	0.01367	0.01768	0.03804	0.26487	0.16095	0.04637	0.00914	0.00276	0.00484	0.32729	0.00568	0.00566
20	0.00879	0.00590	0.00772	0.00871	0.00945	0.00544	0.00594	0.01010	0.01289	0.04981	0.08794	0.62809	0.07735	0.03896	0.00859	0.00258	0.00375	0.01654	0.00601	0.00545
21	0.01102	0.00551	0.00826	0.00826	0.00826	0.00551	0.00551	0.00826	0.00826	0.01102	0.01102	0.01928	0.01102	0.02204	0.02479	0.81543	0.00551	0.00551	0.00275	0.00275
22	0.20665	0.01330	0.01732	0.04169	0.21683	0.04891	0.06689	0.03527	0.08071	0.02412	0.16500	0.02177	0.02052	0.00761	0.00606	0.00197	0.00617	0.00656	0.00452	0.00811
23	0.04270	0.02187	0.02072	0.01859	0.08401	0.31105	0.09852	0.20543	0.09181	0.02442	0.01338	0.01471	0.01030	0.00679	0.00618	0.00185	0.00901	0.00536	0.00439	0.00890
24	0.00816	0.00636	0.00723	0.00716	0.00880	0.00562	0.00522	0.01008	0.01509	0.01954	0.28863	0.10387	0.40022	0.07445	0.00946	0.00243	0.00340	0.01273	0.00611	0.00544
25	0.07177	0.00631	0.00725	0.00810	0.00926	0.00593	0.00566	0.00968	0.01271	0.01743	0.04139	0.50689	0.23970	0.01767	0.00760	0.00240	0.00364	0.01554	0.00573	0.00535
26	0.18039	0.01510	0.02210	0.02002	0.14480	0.01552	0.18110	0.19628	0.01821	0.12471	0.01413	0.01564	0.01026	0.00642	0.00613	0.00198	0.00734	0.00576	0.00476	0.00934
27	0.01314	0.01155	0.01489	0.01071	0.01625	0.00896	0.06312	0.01616	0.01348	0.02083	0.03893	0.01477	0.01134	0.00506	0.00502	0.00107	0.00511	0.00435	0.00384	0.72143
28	0.01050	0.00581	0.00853	0.00853	0.00875	0.00603	0.00585	0.00893	0.00871	0.01184	0.01288	0.02212	0.01290	0.08643	0.16603	0.59595	0.00778	0.00605	0.00297	0.00340
29	0.00879	0.00599	0.00702	0.00741	0.00756	0.00587	0.00441	0.00912	0.01013	0.01345	0.02508	0.23473	0.04645	0.55787	0.02527	0.00510	0.00542	0.01165	0.00444	0.00423
30	0.01342	0.00975	0.01233	0.01052	0.01235	0.01007	0.06203	0.15466	0.03776	0.03923	0.01952	0.05248	0.02002	0.47567	0.02231	0.00456	0.00655	0.02607	0.00460	0.00610
31	0.08067	0.03619	0.02944	0.02112	0.02678	0.01543	0.45392	0.06345	0.03692	0.10834	0.01424	0.01681	0.01042	0.00606	0.00716	0.00205	0.02924	0.00665	0.00410	0.03100
32	0.03928	0.09930	0.17859	0.17422	0.06463	0.01545	0.10001	0.09444	0.01522	0.03785	0.01193	0.01463	0.00905	0.00596	0.00588	0.00182	0.00787	0.00513	0.00350	0.11523
33	0.07481	0.01573	0.01473	0.01233	0.03375	0.18632	0.00947	0.02338	0.03304	0.24221	0.03523	0.01641	0.01252	0.00653	0.00556	0.00157	0.00656	0.00496	0.00505	0.25982

[dist]
# distance from previous block
# <min> <max>
0	6

[block]
# block no. 4 follows, 35 sequences, length 7
# corresponding to MSA columns:
# 247-253
name=unknown_E
#
# <colnr> <probs for GDERKNQSTAVLIFYWHMCP>
#	G	D	E	R	K	N	Q	S	T	A	V	L	I	F	Y	W	H	M	C	P
0	0.01677	0.01287	0.01620	0.01224	0.01728	0.01189	0.06608	0.15149	0.09373	0.09073	0.06263	0.01802	0.01465	0.00655	0.00576	0.00151	0.00560	0.00554	0.00508	0.38539
1	0.01343	0.06548	0.49987	0.01867	0.02691	0.01495	0.16022	0.01971	0.01366	0.01993	0.01154	0.01396	0.00848	0.00574	0.00610	0.00191	0.00909	0.00510	0.00289	0.08238
2	0.01038	0.00835	0.01170	0.01187	0.05133	0.00804	0.04603	0.01437	0.06773	0.02180	0.29218	0.08107	0.12152	0.01344	0.00762	0.00226	0.00465	0.18815	0.00596	0.03155
3	0.01890	0.41011	0.08575	0.01320	0.01837	0.16003	0.01229	0.12772	0.06351	0.02006	0.01132	0.01234	0.00928	0.00623	0.00505	0.00160	0.00779	0.00423	0.00362	0.00862
4	0.01415	0.10929	0.55536	0.01639	0.02472	0.01578	0.02000	0.07726	0.01468	0.02123	0.01142	0.01319	0.00837	0.00600	0.00575	0.00185	0.00856	0.00457	0.00306	0.06836
5	0.01570	0.01507	0.02575	0.03894	0.73748	0.01507	0.01947	0.01947	0.01444	0.02073	0.01193	0.01570	0.01005	0.00565	0.00628	0.00188	0.00754	0.00565	0.00314	0.01005
6	0.01570	0.01507	0.02575	0.03894	0.73748	0.01507	0.01947	0.01947	0.01444	0.02073	0.01193	0.01570	0.01005	0.00565	0.00628	0.00188	0.00754	0.00565	0.00314	0.01005

[dist]
# distance from previous block
# <min> <max>
0	2

[block]
# block no. 5 follows, 35 sequences, length 9
# corresponding to MSA columns:
# 256-264
name=unknown_F
#
# <colnr> <probs for GDERKNQSTAVLIFYWHMCP>
#	G	D	E	R	K	N	Q	S	T	A	V	L	I	F	Y	W	H	M	C	P
0	0.01529	0.01466	0.02502	0.11784	0.66175	0.01497	0.01927	0.01911	0.01425	0.02023	0.01186	0.01583	0.00987	0.00573	0.00629	0.00191	0.00764	0.00565	0.00311	0.00972
1	0.00913	0.00677	0.00889	0.00972	0.01110	0.00623	0.00744	0.01104	0.01317	0.01764	0.03326	0.42797	0.06805	0.01728	0.00792	0.00249	0.00448	0.23793	0.00564	0.09388
2	0.01300	0.11285	0.61225	0.01682	0.02518	0.01532	0.02109	0.01946	0.01343	0.01944	0.01274	0.01733	0.01015	0.00681	0.00601	0.00200	0.00883	0.05540	0.00292	0.00898
3	0.01277	0.01208	0.02045	0.60831	0.19102	0.01430	0.01801	0.01690	0.01306	0.01717	0.01142	0.01666	0.00879	0.00620	0.00633	0.00207	0.00826	0.00564	0.00289	0.00768
4	0.01486	0.01422	0.02424	0.20162	0.58134	0.01485	0.01905	0.01874	0.01405	0.01971	0.01178	0.01597	0.00969	0.00581	0.00629	0.00194	0.00774	0.00565	0.00307	0.00937
5	0.00958	0.00702	0.00943	0.01059	0.01208	0.00688	0.00898	0.01214	0.01422	0.01832	0.03782	0.11287	0.14737	0.01880	0.04209	0.00310	0.00579	0.51145	0.00574	0.00571
6	0.01721	0.01322	0.01858	0.27200	0.19547	0.06708	0.01473	0.04674	0.01562	0.16360	0.05209	0.02214	0.01474	0.00760	0.00650	0.00203	0.00735	0.05028	0.00447	0.00854
7	0.01228	0.01159	0.01958	0.70266	0.10046	0.01417	0.01777	0.01648	0.01283	0.01658	0.01133	0.01681	0.00859	0.00629	0.00634	0.00210	0.00838	0.00564	0.00285	0.00729
8	0.05012	0.01102	0.01679	0.24430	0.02465	0.01213	0.08103	0.06089	0.01504	0.07380	0.12414	0.02921	0.02112	0.03737	0.00874	0.00234	0.05878	0.09705	0.00458	0.02689

[dist]
# distance from previous block
# <min> <max>
0	5

# created by:
# /home/cegg/simao/soft/augustus-3.2.1/scripts/msa2prfl.pl ./align_prep/EOG090W0FNV.fa
