[name]
unknown

[dist]
# distance from previous block
# <min> <max>
0	336

[block]
# block no. 0 follows, 31 sequences, length 22
# corresponding to MSA columns:
# 342-363
name=unknown_A
#
# <colnr> <probs for GDERKNQSTAVLIFYWHMCP>
#	G	D	E	R	K	N	Q	S	T	A	V	L	I	F	Y	W	H	M	C	P
0	0.08848	0.05675	0.07510	0.09204	0.04921	0.05538	0.01379	0.12311	0.08205	0.02462	0.01928	0.04492	0.01771	0.01050	0.00842	0.00240	0.07393	0.14882	0.00489	0.00859
1	0.01466	0.01703	0.18073	0.01629	0.05486	0.01237	0.08963	0.09605	0.03747	0.06365	0.12415	0.15416	0.07039	0.02715	0.00808	0.00237	0.00693	0.01003	0.00539	0.00860
2	0.01611	0.01154	0.01277	0.01167	0.01489	0.01244	0.00905	0.02760	0.38651	0.10611	0.05252	0.09365	0.09750	0.01135	0.00711	0.00228	0.00488	0.02825	0.08450	0.00925
3	0.11196	0.12331	0.01978	0.01466	0.03515	0.11651	0.01166	0.19282	0.25212	0.02891	0.01763	0.01757	0.01347	0.00782	0.00614	0.00203	0.00719	0.00582	0.00550	0.00995
4	0.01780	0.01309	0.01856	0.01621	0.09915	0.01124	0.07795	0.04971	0.01638	0.14730	0.03649	0.04460	0.01436	0.00685	0.00618	0.00160	0.00621	0.00608	0.00501	0.40522
5	0.11620	0.06056	0.09652	0.01677	0.04356	0.14473	0.08910	0.06119	0.03011	0.08212	0.03001	0.07163	0.01471	0.01024	0.03290	0.00248	0.06285	0.02117	0.00450	0.00865
6	0.01757	0.14447	0.31934	0.05252	0.06610	0.01703	0.10302	0.04469	0.01599	0.11818	0.02902	0.01676	0.01146	0.00678	0.00648	0.00206	0.00886	0.00576	0.00400	0.00990
7	0.00901	0.00630	0.00779	0.00847	0.00946	0.00572	0.00585	0.00950	0.01309	0.01663	0.04345	0.35104	0.27709	0.02047	0.01237	0.17410	0.00421	0.01476	0.00563	0.00508
8	0.01899	0.01330	0.01634	0.15203	0.10209	0.08296	0.01222	0.02338	0.06724	0.20645	0.11107	0.02619	0.04841	0.00883	0.00680	0.00208	0.00665	0.00742	0.07856	0.00897
9	0.02100	0.09378	0.16607	0.01503	0.02043	0.14829	0.01414	0.14883	0.01895	0.14427	0.01604	0.01811	0.01223	0.03850	0.09123	0.00317	0.00986	0.00575	0.00485	0.00946
10	0.01930	0.10120	0.04072	0.01208	0.01542	0.01211	0.01004	0.02185	0.03055	0.29039	0.02533	0.23091	0.02327	0.03025	0.03026	0.00268	0.07864	0.01004	0.00620	0.00875
11	0.00839	0.00680	0.00718	0.00732	0.00914	0.00588	0.00524	0.00993	0.01484	0.01814	0.08647	0.13126	0.54201	0.10337	0.01124	0.00285	0.00387	0.01433	0.00614	0.00559
12	0.04240	0.21785	0.25489	0.01853	0.07408	0.14198	0.04634	0.08901	0.01698	0.02185	0.01171	0.01364	0.00921	0.00653	0.00595	0.00190	0.00929	0.00486	0.00350	0.00948
13	0.01729	0.40138	0.21373	0.01931	0.14132	0.06366	0.01695	0.02128	0.01465	0.01867	0.01088	0.01299	0.00911	0.00613	0.00546	0.00176	0.00848	0.00449	0.00303	0.00943
14	0.01152	0.00852	0.01131	0.01253	0.01428	0.00876	0.01066	0.01640	0.09515	0.02120	0.03536	0.12060	0.03766	0.01797	0.00911	0.00303	0.00603	0.54675	0.00638	0.00677
15	0.63881	0.01550	0.01303	0.01367	0.09533	0.08662	0.00956	0.02093	0.01287	0.02835	0.01002	0.01191	0.00794	0.00639	0.00472	0.00207	0.00632	0.00405	0.00407	0.00786
16	0.00955	0.00670	0.00735	0.00735	0.00784	0.00645	0.00437	0.00992	0.01116	0.01439	0.03182	0.04930	0.17296	0.60010	0.02908	0.00570	0.00595	0.01091	0.00462	0.00450
17	0.01565	0.24986	0.34321	0.01570	0.02265	0.01906	0.01766	0.02201	0.07782	0.03770	0.03166	0.01711	0.03265	0.00752	0.00716	0.00203	0.06206	0.00545	0.00364	0.00940
18	0.02172	0.01056	0.01278	0.01056	0.01428	0.01020	0.00846	0.09188	0.06916	0.32483	0.09479	0.02628	0.02175	0.00892	0.00638	0.00197	0.00491	0.00728	0.24381	0.00948
19	0.01871	0.01917	0.11566	0.04151	0.08989	0.06819	0.01400	0.22594	0.12057	0.02820	0.03147	0.02026	0.01433	0.07258	0.00903	0.00239	0.00762	0.00635	0.00510	0.08904
20	0.01347	0.12483	0.01516	0.01129	0.01384	0.11490	0.00878	0.01546	0.01427	0.01802	0.06759	0.23226	0.02610	0.05127	0.12766	0.00373	0.00831	0.03196	0.00471	0.09639
21	0.01575	0.14056	0.16885	0.01607	0.03753	0.03919	0.10040	0.04686	0.06773	0.02193	0.01505	0.01717	0.02628	0.00844	0.03728	0.00215	0.00822	0.00555	0.02362	0.20135

[dist]
# distance from previous block
# <min> <max>
3	73

[block]
# block no. 1 follows, 31 sequences, length 46
# corresponding to MSA columns:
# 437-482
name=unknown_B
#
# <colnr> <probs for GDERKNQSTAVLIFYWHMCP>
#	G	D	E	R	K	N	Q	S	T	A	V	L	I	F	Y	W	H	M	C	P
0	0.01540	0.04857	0.07945	0.01156	0.01558	0.01150	0.01008	0.09186	0.08587	0.09882	0.18779	0.07497	0.10201	0.02923	0.00782	0.00221	0.00544	0.03108	0.00620	0.08456
1	0.08184	0.01569	0.01745	0.11455	0.05755	0.07816	0.01246	0.24900	0.03888	0.10403	0.04065	0.06342	0.01571	0.01219	0.06531	0.00285	0.00830	0.00702	0.00557	0.00939
2	0.01889	0.04695	0.16431	0.01645	0.04084	0.04255	0.03690	0.21109	0.21086	0.04618	0.04097	0.03721	0.01594	0.00883	0.00738	0.02461	0.00748	0.00680	0.00554	0.01021
3	0.01497	0.00831	0.00930	0.00854	0.01085	0.00834	0.00656	0.05340	0.07130	0.09894	0.12715	0.06329	0.02579	0.00968	0.00596	0.00187	0.00390	0.00804	0.45628	0.00752
4	0.01475	0.07376	0.01699	0.11722	0.01996	0.08921	0.04339	0.07361	0.07480	0.02153	0.11712	0.16342	0.02637	0.08204	0.01031	0.00266	0.03051	0.00971	0.00510	0.00754
5	0.00834	0.00672	0.00743	0.00773	0.00952	0.00581	0.00561	0.01013	0.01549	0.01935	0.14088	0.22078	0.48257	0.01785	0.00823	0.00240	0.00355	0.01533	0.00650	0.00581
6	0.06962	0.04138	0.01978	0.13395	0.04259	0.05017	0.01384	0.18707	0.01754	0.05768	0.01309	0.01734	0.01080	0.04743	0.01296	0.00260	0.24306	0.00600	0.00439	0.00872
7	0.00930	0.00758	0.00831	0.00802	0.01024	0.00689	0.00604	0.01292	0.07238	0.02209	0.26648	0.05800	0.45590	0.01564	0.00799	0.00226	0.00355	0.01325	0.00677	0.00640
8	0.01522	0.23311	0.16012	0.03821	0.01917	0.09661	0.01312	0.02003	0.07126	0.02029	0.12260	0.06654	0.07835	0.00948	0.00640	0.00198	0.00722	0.00752	0.00448	0.00830
9	0.74405	0.01347	0.01149	0.01166	0.07003	0.01542	0.00851	0.02018	0.01196	0.03002	0.00980	0.01158	0.00769	0.00633	0.00444	0.00211	0.00552	0.00390	0.00417	0.00769
10	0.01102	0.00787	0.01102	0.01260	0.01417	0.00787	0.01102	0.01417	0.01575	0.02047	0.03622	0.07717	0.03937	0.01890	0.00945	0.00315	0.00630	0.67084	0.00630	0.00630
11	0.01701	0.01490	0.01709	0.01763	0.11008	0.01692	0.01217	0.03433	0.61358	0.02779	0.02587	0.02439	0.01956	0.00886	0.00694	0.00228	0.00577	0.00752	0.00649	0.01083
12	0.01275	0.00638	0.00638	0.00638	0.00797	0.00638	0.00478	0.01594	0.01435	0.02551	0.02232	0.02551	0.01754	0.00797	0.00478	0.00159	0.00319	0.00638	0.79755	0.00638
13	0.06184	0.04584	0.02479	0.01998	0.04662	0.21345	0.24586	0.02172	0.01685	0.04412	0.04316	0.02786	0.03968	0.00893	0.00733	0.00222	0.00960	0.10758	0.00434	0.00823
14	0.02566	0.01969	0.02029	0.01577	0.02109	0.05754	0.01294	0.63653	0.05538	0.04125	0.01653	0.01654	0.01182	0.00819	0.00681	0.00205	0.00770	0.00613	0.00668	0.01142
15	0.01275	0.00638	0.00638	0.00638	0.00797	0.00638	0.00478	0.01594	0.01435	0.02551	0.02232	0.02551	0.01754	0.00797	0.00478	0.00159	0.00319	0.00638	0.79755	0.00638
16	0.00963	0.00699	0.00907	0.00855	0.01019	0.00643	0.00641	0.01280	0.01923	0.02712	0.69085	0.05162	0.08718	0.01410	0.00807	0.00216	0.00324	0.01244	0.00749	0.00643
17	0.01860	0.05590	0.02519	0.18854	0.26523	0.22966	0.07885	0.02215	0.01626	0.01926	0.01196	0.01571	0.00971	0.00650	0.00661	0.00201	0.00987	0.00565	0.00334	0.00901
18	0.06848	0.02236	0.01979	0.01920	0.11210	0.26009	0.01351	0.24906	0.11829	0.02872	0.01517	0.01607	0.01162	0.00758	0.00647	0.00199	0.00881	0.00564	0.00513	0.00992
19	0.00809	0.00693	0.00693	0.00693	0.00924	0.00578	0.00520	0.00982	0.01559	0.01848	0.06931	0.06584	0.71411	0.01733	0.00809	0.00231	0.00347	0.01444	0.00635	0.00578
20	0.01469	0.02710	0.44298	0.01848	0.04361	0.01595	0.05194	0.02554	0.21571	0.02362	0.01882	0.01965	0.03604	0.00763	0.00677	0.00222	0.00854	0.00632	0.00423	0.01015
21	0.57707	0.09905	0.03917	0.01059	0.01533	0.01739	0.00925	0.09525	0.03882	0.03004	0.01103	0.01231	0.00855	0.00661	0.00472	0.00205	0.00594	0.00416	0.00443	0.00825
22	0.01833	0.01471	0.01474	0.03917	0.01728	0.14023	0.01078	0.07928	0.09091	0.12795	0.18182	0.03690	0.03002	0.01153	0.00801	0.00230	0.03084	0.13046	0.00630	0.00843
23	0.00846	0.00652	0.00776	0.00855	0.00988	0.00583	0.00612	0.01012	0.01469	0.01872	0.09660	0.38911	0.32117	0.01911	0.00846	0.00256	0.00383	0.05033	0.00643	0.00575
24	0.13070	0.01551	0.01879	0.05175	0.16371	0.01684	0.01331	0.32782	0.02227	0.03220	0.01766	0.10220	0.01559	0.00934	0.00677	0.00219	0.00696	0.03104	0.00552	0.00981
25	0.12298	0.13089	0.20931	0.01596	0.04606	0.01772	0.03776	0.10146	0.13227	0.09754	0.01617	0.01671	0.01189	0.00721	0.00611	0.00206	0.00752	0.00557	0.00481	0.01001
26	0.01574	0.01474	0.02403	0.09823	0.52345	0.01512	0.01837	0.02094	0.07095	0.02274	0.07364	0.02191	0.03518	0.00738	0.00694	0.00209	0.00746	0.00697	0.00407	0.01005
27	0.01716	0.08263	0.12076	0.01633	0.10450	0.03440	0.01311	0.05760	0.03888	0.08215	0.01452	0.03065	0.01159	0.00646	0.00584	0.00160	0.00676	0.00522	0.00436	0.34548
28	0.80789	0.01323	0.01006	0.00900	0.01323	0.01535	0.00741	0.02011	0.01164	0.03070	0.00953	0.01111	0.00741	0.00635	0.00423	0.00212	0.00529	0.00370	0.00423	0.00741
29	0.00894	0.00696	0.00811	0.00783	0.00976	0.00614	0.00587	0.01147	0.01761	0.02326	0.41304	0.05797	0.36739	0.01554	0.00808	0.00223	0.00334	0.01334	0.00698	0.00614
30	0.01551	0.01695	0.07704	0.04592	0.29340	0.08610	0.03772	0.02086	0.09133	0.02185	0.07700	0.10825	0.03848	0.00951	0.00757	0.00220	0.02830	0.00840	0.00451	0.00913
31	0.04725	0.01946	0.11998	0.04499	0.14319	0.03545	0.03867	0.26468	0.04367	0.04888	0.01546	0.01911	0.01219	0.02335	0.00866	0.00229	0.06878	0.02887	0.00494	0.01013
32	0.03993	0.00843	0.00950	0.00857	0.01138	0.00762	0.00664	0.04682	0.01769	0.12529	0.20531	0.05202	0.40628	0.01446	0.00771	0.00223	0.00401	0.01210	0.00688	0.00713
33	0.01756	0.13397	0.06763	0.07149	0.15748	0.08626	0.03668	0.11793	0.05080	0.02401	0.10470	0.02056	0.01777	0.00921	0.02811	0.00228	0.03339	0.00649	0.00448	0.00920
34	0.01027	0.00761	0.00966	0.00904	0.01083	0.00731	0.00681	0.01480	0.07467	0.02753	0.65795	0.04904	0.06103	0.01361	0.00798	0.00217	0.00340	0.01200	0.00749	0.00681
35	0.02275	0.14646	0.02333	0.01553	0.02063	0.07683	0.05351	0.43493	0.02565	0.03323	0.01620	0.07000	0.01334	0.00855	0.00659	0.00200	0.00785	0.00669	0.00567	0.01026
36	0.00834	0.00595	0.00794	0.00953	0.00992	0.00556	0.00635	0.00953	0.01310	0.01746	0.03771	0.75510	0.04525	0.02143	0.00873	0.00278	0.00397	0.01945	0.00635	0.00556
37	0.01918	0.12130	0.33988	0.04191	0.09283	0.01642	0.01870	0.06870	0.01678	0.17734	0.01551	0.01645	0.01094	0.00694	0.00637	0.00205	0.00840	0.00549	0.00445	0.01037
38	0.04187	0.08995	0.18037	0.07823	0.08982	0.15895	0.08090	0.02468	0.05893	0.11054	0.01466	0.01636	0.01089	0.00689	0.00646	0.00203	0.00920	0.00563	0.00414	0.00950
39	0.11662	0.01634	0.02565	0.07605	0.49007	0.04087	0.07289	0.02084	0.01500	0.02272	0.01229	0.01618	0.01014	0.00635	0.00699	0.00210	0.02964	0.00589	0.00347	0.00989
40	0.01508	0.02328	0.32095	0.05402	0.02385	0.05247	0.03610	0.10670	0.07332	0.02375	0.02227	0.10329	0.07217	0.00992	0.00710	0.00227	0.00816	0.03162	0.00457	0.00911
41	0.23025	0.01168	0.01383	0.01106	0.01578	0.01114	0.00908	0.02827	0.01751	0.48668	0.07786	0.02238	0.01831	0.00836	0.00629	0.00212	0.00548	0.00650	0.00730	0.01013
42	0.01503	0.01381	0.03674	0.14284	0.13023	0.03187	0.01320	0.09216	0.18068	0.02410	0.04958	0.07972	0.11379	0.01169	0.03208	0.00255	0.00700	0.00876	0.00530	0.00889
43	0.00945	0.00696	0.00868	0.00827	0.00988	0.00636	0.00610	0.01222	0.01813	0.02506	0.56475	0.05299	0.16388	0.06556	0.00990	0.00248	0.00350	0.01253	0.00711	0.00619
44	0.01671	0.01847	0.16377	0.08738	0.09284	0.01540	0.05654	0.14208	0.10484	0.04957	0.03960	0.02303	0.07023	0.00892	0.00797	0.02197	0.03396	0.00709	0.03017	0.00947
45	0.01004	0.00755	0.01082	0.01069	0.01164	0.00877	0.00807	0.01201	0.01079	0.01545	0.01847	0.02948	0.01810	0.17346	0.57884	0.00988	0.04869	0.00773	0.00372	0.00583

[dist]
# distance from previous block
# <min> <max>
2	4

[block]
# block no. 2 follows, 31 sequences, length 28
# corresponding to MSA columns:
# 487-514
name=unknown_C
#
# <colnr> <probs for GDERKNQSTAVLIFYWHMCP>
#	G	D	E	R	K	N	Q	S	T	A	V	L	I	F	Y	W	H	M	C	P
0	0.01123	0.00834	0.00993	0.00960	0.01158	0.00827	0.00712	0.01656	0.13925	0.04790	0.29135	0.17117	0.16032	0.04005	0.03349	0.00276	0.00450	0.01270	0.00681	0.00706
1	0.01927	0.04356	0.05128	0.01504	0.03175	0.10003	0.01211	0.19134	0.32401	0.02914	0.04614	0.06805	0.01914	0.00939	0.00688	0.00217	0.00690	0.00758	0.00612	0.01010
2	0.01819	0.01172	0.01427	0.01075	0.01609	0.00948	0.00860	0.04587	0.01633	0.19620	0.04498	0.06282	0.01613	0.00737	0.00592	0.00148	0.00521	0.00609	0.00553	0.49698
3	0.01918	0.14240	0.25987	0.03609	0.02424	0.03627	0.07599	0.10872	0.04006	0.13605	0.04513	0.01787	0.01332	0.00730	0.00649	0.00204	0.00836	0.00594	0.00469	0.01000
4	0.01723	0.12255	0.21547	0.02093	0.05402	0.01667	0.25159	0.04025	0.01599	0.10204	0.01603	0.06772	0.01292	0.00745	0.00698	0.00215	0.00916	0.00719	0.00410	0.00955
5	0.00810	0.00686	0.00700	0.00711	0.00929	0.00576	0.00528	0.00980	0.01543	0.01841	0.06718	0.11217	0.66915	0.01760	0.00813	0.00234	0.00350	0.01478	0.00635	0.00576
6	0.02523	0.01155	0.01547	0.04412	0.04719	0.01080	0.01039	0.06969	0.04198	0.48048	0.05233	0.06799	0.01977	0.00928	0.00689	0.00213	0.00576	0.00774	0.06075	0.01048
7	0.03805	0.15451	0.31204	0.01651	0.05530	0.03098	0.01699	0.09031	0.04847	0.04153	0.01831	0.02164	0.05899	0.03439	0.00735	0.00222	0.00813	0.03078	0.00412	0.00938
8	0.01502	0.01345	0.05033	0.01428	0.01750	0.05725	0.10784	0.06793	0.04540	0.07508	0.07212	0.11039	0.07971	0.10273	0.05814	0.00343	0.03545	0.06094	0.00533	0.00767
9	0.00827	0.00694	0.00719	0.00712	0.00935	0.00585	0.00534	0.01018	0.01603	0.01952	0.14369	0.06414	0.63909	0.01694	0.00808	0.00229	0.00344	0.01420	0.00649	0.00585
10	0.01661	0.24662	0.27640	0.01425	0.02069	0.04080	0.01555	0.02094	0.01473	0.09730	0.01740	0.01903	0.05346	0.01187	0.08097	0.00284	0.00911	0.00566	0.02674	0.00902
11	0.01944	0.45704	0.12108	0.01474	0.02090	0.10118	0.05485	0.07724	0.01641	0.04425	0.01143	0.01290	0.00939	0.00635	0.00537	0.00171	0.00845	0.00451	0.00354	0.00922
12	0.01185	0.00784	0.01071	0.01184	0.01344	0.00770	0.00979	0.01493	0.03490	0.06709	0.03573	0.24095	0.03880	0.01856	0.00903	0.00296	0.00566	0.44513	0.00648	0.00660
13	0.80789	0.01323	0.01006	0.00900	0.01323	0.01535	0.00741	0.02011	0.01164	0.03070	0.00953	0.01111	0.00741	0.00635	0.00423	0.00212	0.00529	0.00370	0.00423	0.00741
14	0.00983	0.00665	0.00743	0.00743	0.00758	0.00658	0.00421	0.00994	0.01031	0.01360	0.02460	0.04612	0.06886	0.71220	0.03312	0.00636	0.00643	0.01024	0.00429	0.00425
15	0.03934	0.21610	0.25435	0.01789	0.06520	0.06679	0.06223	0.08996	0.04970	0.02281	0.03260	0.01639	0.02411	0.00700	0.00612	0.00196	0.00859	0.00549	0.00383	0.00954
16	0.02590	0.01187	0.01569	0.05880	0.01884	0.01124	0.01048	0.06577	0.08176	0.50609	0.09648	0.02567	0.02143	0.00899	0.00701	0.00215	0.00582	0.00744	0.00780	0.01077
17	0.01779	0.04754	0.04124	0.03137	0.05039	0.08891	0.04374	0.23421	0.01970	0.02560	0.03722	0.07111	0.01797	0.14590	0.08124	0.00375	0.00886	0.02011	0.00499	0.00835
18	0.01119	0.05289	0.01068	0.00898	0.01087	0.00771	0.00676	0.01365	0.01711	0.06916	0.40593	0.17681	0.11995	0.04655	0.00903	0.00243	0.00395	0.01289	0.00683	0.00661
19	0.01713	0.01364	0.02145	0.02471	0.27351	0.01423	0.06652	0.06046	0.01616	0.10768	0.04392	0.02631	0.06382	0.01181	0.04460	0.02836	0.10471	0.04711	0.00469	0.00917
20	0.04927	0.08190	0.16478	0.01699	0.06610	0.08608	0.04677	0.14718	0.05559	0.02520	0.03572	0.11317	0.01647	0.00898	0.00663	0.00206	0.00781	0.00741	0.00468	0.05722
21	0.08436	0.01257	0.08135	0.01269	0.03778	0.01049	0.05527	0.06328	0.01694	0.07046	0.24447	0.06293	0.07457	0.10393	0.01062	0.00270	0.00578	0.00944	0.00574	0.03463
22	0.07549	0.23936	0.02194	0.03833	0.01870	0.26806	0.01129	0.04175	0.06374	0.01929	0.01314	0.03535	0.01173	0.05511	0.00743	0.00205	0.00858	0.00521	0.00387	0.05956
23	0.28876	0.11169	0.08247	0.03670	0.06448	0.12836	0.05804	0.04515	0.03374	0.04294	0.01182	0.01368	0.00926	0.00651	0.00552	0.00195	0.00786	0.00474	0.00397	0.04237
24	0.01625	0.08347	0.05752	0.05115	0.20512	0.05895	0.10645	0.05702	0.03449	0.02184	0.05017	0.02101	0.03433	0.05524	0.00897	0.00226	0.03398	0.00663	0.00401	0.09116
25	0.04124	0.01363	0.04575	0.03453	0.07697	0.01303	0.03061	0.13144	0.12528	0.04678	0.13853	0.04238	0.07507	0.02462	0.02678	0.00236	0.00626	0.00810	0.00574	0.11089
26	0.04874	0.08931	0.09635	0.01462	0.05716	0.03371	0.04689	0.06076	0.07117	0.05266	0.10314	0.10722	0.06541	0.01227	0.04495	0.00253	0.00705	0.00852	0.00512	0.07241
27	0.09994	0.07854	0.05004	0.04508	0.10945	0.08509	0.04738	0.12990	0.09697	0.07605	0.03706	0.04202	0.03460	0.00848	0.00657	0.00211	0.00746	0.02870	0.00512	0.00943

[dist]
# distance from previous block
# <min> <max>
14	72

[block]
# block no. 3 follows, 31 sequences, length 8
# corresponding to MSA columns:
# 592-599
name=unknown_D
#
# <colnr> <probs for GDERKNQSTAVLIFYWHMCP>
#	G	D	E	R	K	N	Q	S	T	A	V	L	I	F	Y	W	H	M	C	P
0	0.08919	0.01440	0.01588	0.01262	0.01761	0.10140	0.01025	0.03158	0.01895	0.58027	0.02359	0.02098	0.01519	0.00813	0.00659	0.00207	0.00660	0.00633	0.00752	0.01085
1	0.02272	0.01736	0.02308	0.02608	0.30285	0.01828	0.01600	0.36640	0.02440	0.09106	0.01586	0.01720	0.01175	0.00738	0.00682	0.00205	0.00763	0.00619	0.00558	0.01131
2	0.01373	0.01000	0.01485	0.01169	0.01527	0.00915	0.14473	0.01741	0.01468	0.02413	0.01854	0.02178	0.01459	0.00694	0.00551	0.00162	0.00526	0.00625	0.47583	0.16806
3	0.00909	0.00677	0.00845	0.00845	0.00996	0.00614	0.00618	0.01160	0.01733	0.02360	0.44588	0.19675	0.19227	0.01617	0.00821	0.00231	0.00343	0.01423	0.00705	0.00614
4	0.02514	0.01551	0.01775	0.01408	0.01901	0.01634	0.01154	0.36482	0.11204	0.24240	0.04693	0.02307	0.01730	0.00902	0.00701	0.00215	0.00655	0.03083	0.00735	0.01116
5	0.02299	0.01208	0.01516	0.01148	0.01698	0.01019	0.00932	0.02703	0.06827	0.38672	0.02104	0.01976	0.01447	0.00715	0.00615	0.00168	0.00549	0.00580	0.00657	0.33166
6	0.00879	0.00688	0.00749	0.00738	0.00908	0.00609	0.00524	0.01047	0.01521	0.01924	0.19013	0.05858	0.44281	0.16706	0.01350	0.00315	0.00406	0.01311	0.00614	0.00558
7	0.01502	0.02763	0.44190	0.02862	0.30816	0.01604	0.02354	0.02139	0.01490	0.02194	0.01252	0.01545	0.00955	0.00634	0.00661	0.00211	0.00931	0.00548	0.00309	0.01041

[dist]
# distance from previous block
# <min> <max>
0	14

[block]
# block no. 4 follows, 31 sequences, length 38
# corresponding to MSA columns:
# 616-653
name=unknown_E
#
# <colnr> <probs for GDERKNQSTAVLIFYWHMCP>
#	G	D	E	R	K	N	Q	S	T	A	V	L	I	F	Y	W	H	M	C	P
0	0.02894	0.01559	0.01747	0.01364	0.01883	0.07793	0.01115	0.21468	0.02303	0.47160	0.02261	0.02041	0.01475	0.00827	0.00681	0.00207	0.00688	0.00646	0.00758	0.01131
1	0.00902	0.00665	0.00911	0.01131	0.05294	0.00632	0.00703	0.01027	0.01294	0.01735	0.03461	0.64049	0.04115	0.09266	0.01116	0.00311	0.00448	0.01770	0.00595	0.00574
2	0.00880	0.00640	0.00840	0.00983	0.01063	0.00600	0.00709	0.01040	0.01382	0.01811	0.04053	0.56434	0.10958	0.02057	0.00880	0.00280	0.00434	0.13750	0.00634	0.00571
3	0.07289	0.01292	0.01739	0.01323	0.01863	0.01184	0.05179	0.09548	0.01981	0.52924	0.02323	0.02105	0.01505	0.00794	0.00668	0.00205	0.00626	0.00652	0.00748	0.06050
4	0.10585	0.01199	0.01528	0.01197	0.01707	0.01100	0.00984	0.03223	0.06071	0.61167	0.02534	0.02223	0.01625	0.00831	0.00663	0.00213	0.00574	0.00662	0.00796	0.01118
5	0.01688	0.01698	0.02521	0.20347	0.48878	0.08953	0.01973	0.02082	0.01553	0.02064	0.01247	0.01677	0.01023	0.00637	0.00673	0.00206	0.00879	0.00592	0.00332	0.00978
6	0.08507	0.01175	0.01547	0.01195	0.01717	0.01043	0.00987	0.03242	0.01903	0.67329	0.02577	0.02243	0.01627	0.00832	0.00669	0.00212	0.00578	0.00666	0.00817	0.01135
7	0.01404	0.08634	0.67597	0.01895	0.02877	0.01667	0.02433	0.02158	0.01441	0.02128	0.01208	0.01420	0.00867	0.00645	0.00635	0.00212	0.00992	0.00496	0.00289	0.01002
8	0.00924	0.00696	0.00846	0.00809	0.00986	0.00627	0.00602	0.01194	0.01800	0.02444	0.50795	0.05511	0.24877	0.03809	0.00890	0.00234	0.00340	0.01289	0.00709	0.00619
9	0.01768	0.08880	0.02414	0.05419	0.29965	0.03888	0.05506	0.08535	0.09291	0.03974	0.04006	0.01903	0.01402	0.00740	0.00734	0.00206	0.04461	0.00636	0.05288	0.00982
10	0.00980	0.00724	0.01055	0.01055	0.01161	0.00831	0.00799	0.01193	0.01086	0.01555	0.01874	0.02915	0.01809	0.14120	0.64391	0.01044	0.01684	0.00766	0.00373	0.00586
11	0.01873	0.52182	0.12243	0.01373	0.01962	0.14714	0.01366	0.02160	0.01484	0.01693	0.01029	0.01209	0.00899	0.00735	0.02422	0.00186	0.00884	0.00407	0.00304	0.00874
12	0.01872	0.03242	0.07411	0.01229	0.01833	0.01233	0.01081	0.12103	0.01767	0.13937	0.01509	0.01597	0.01129	0.00640	0.00615	0.00150	0.02417	0.00495	0.00504	0.45235
13	0.02234	0.12112	0.03936	0.10018	0.02362	0.24332	0.03013	0.20469	0.03801	0.06859	0.03558	0.01635	0.01217	0.00749	0.00637	0.00193	0.00907	0.00556	0.00478	0.00934
14	0.01280	0.01162	0.04705	0.04752	0.22682	0.01058	0.05018	0.01597	0.01533	0.04201	0.12652	0.26966	0.03129	0.01290	0.00772	0.00236	0.00609	0.03220	0.02342	0.00797
15	0.00923	0.00766	0.00817	0.00804	0.01028	0.00699	0.00602	0.01290	0.08519	0.02070	0.15416	0.10431	0.50931	0.01631	0.00801	0.00232	0.00366	0.01380	0.00658	0.00637
16	0.05679	0.11337	0.06140	0.11226	0.04917	0.01891	0.06457	0.20980	0.17534	0.04569	0.01694	0.01800	0.01267	0.00753	0.00650	0.00210	0.00755	0.00616	0.00519	0.01006
17	0.01987	0.01331	0.05549	0.01138	0.01741	0.00983	0.00977	0.02306	0.01607	0.26434	0.01730	0.01735	0.01240	0.00633	0.00578	0.00146	0.00562	0.00509	0.00551	0.48262
18	0.01862	0.01736	0.13010	0.01390	0.01858	0.07512	0.04023	0.12512	0.05615	0.15739	0.06977	0.09140	0.09646	0.04807	0.00858	0.00241	0.00702	0.00879	0.00590	0.00904
19	0.01828	0.47166	0.12570	0.01443	0.04813	0.08348	0.01368	0.03538	0.01551	0.04618	0.06019	0.01522	0.01313	0.00678	0.00534	0.00170	0.00783	0.00480	0.00361	0.00898
20	0.00824	0.00686	0.00720	0.00728	0.00938	0.00582	0.00540	0.01006	0.01572	0.01917	0.12188	0.11976	0.60498	0.01737	0.00814	0.00233	0.00349	0.01466	0.00645	0.00582
21	0.03070	0.01164	0.01588	0.01217	0.01746	0.01006	0.01006	0.03334	0.01958	0.72163	0.02699	0.02329	0.01694	0.00847	0.00688	0.00212	0.00582	0.00688	0.00847	0.01164
22	0.02385	0.11896	0.02219	0.01906	0.14382	0.10070	0.01338	0.15970	0.05467	0.22701	0.01756	0.01769	0.01269	0.00762	0.00691	0.00200	0.03015	0.00588	0.00566	0.01051
23	0.02534	0.01852	0.01982	0.01527	0.02055	0.02047	0.01259	0.66005	0.03127	0.04223	0.01672	0.01688	0.01193	0.00820	0.00674	0.00203	0.00731	0.00617	0.04652	0.01137
24	0.00816	0.00688	0.00707	0.00714	0.00932	0.00579	0.00531	0.00991	0.01559	0.01875	0.09098	0.10484	0.65206	0.01744	0.00812	0.00233	0.00349	0.01465	0.00640	0.00579
25	0.01931	0.01583	0.01676	0.01439	0.01866	0.01809	0.01138	0.20391	0.53324	0.03231	0.02494	0.02321	0.01853	0.00901	0.00693	0.00225	0.00595	0.00733	0.00693	0.01103
26	0.01627	0.32881	0.40559	0.01613	0.02426	0.02071	0.01909	0.05976	0.01524	0.02065	0.01140	0.01316	0.00888	0.00634	0.00567	0.00188	0.00883	0.00455	0.00313	0.00966
27	0.00852	0.00609	0.00815	0.00974	0.01022	0.00572	0.00668	0.00985	0.01328	0.01768	0.03760	0.70767	0.04484	0.02126	0.00878	0.00280	0.00413	0.06502	0.00635	0.00561
28	0.80789	0.01323	0.01006	0.00900	0.01323	0.01535	0.00741	0.02011	0.01164	0.03070	0.00953	0.01111	0.00741	0.00635	0.00423	0.00212	0.00529	0.00370	0.00423	0.00741
29	0.00995	0.00663	0.00746	0.00746	0.00746	0.00663	0.00415	0.00995	0.00995	0.01327	0.02156	0.04477	0.02487	0.75957	0.03482	0.00663	0.00663	0.00995	0.00415	0.00415
30	0.01472	0.01266	0.01537	0.01102	0.01710	0.00988	0.03259	0.04391	0.01496	0.02310	0.01239	0.01443	0.01020	0.00521	0.00524	0.00110	0.00539	0.00428	0.00414	0.74231
31	0.02396	0.01435	0.01657	0.01359	0.01830	0.01511	0.01093	0.15750	0.31536	0.29856	0.02539	0.02297	0.01764	0.00877	0.00691	0.00219	0.00596	0.00711	0.00752	0.01129
32	0.01637	0.03985	0.30770	0.01631	0.02284	0.01606	0.03681	0.10890	0.21606	0.04487	0.05751	0.05164	0.01748	0.00858	0.00687	0.00221	0.00766	0.00709	0.00512	0.01010
33	0.00947	0.00710	0.00931	0.00934	0.01051	0.00694	0.00683	0.01188	0.01670	0.02322	0.42822	0.27432	0.08625	0.01641	0.00908	0.00241	0.04461	0.01437	0.00685	0.00619
34	0.00868	0.00703	0.00774	0.00792	0.00982	0.00623	0.00580	0.01115	0.04074	0.01986	0.14868	0.19631	0.47107	0.01738	0.00817	0.00238	0.00360	0.01489	0.00653	0.00601
35	0.01821	0.24054	0.14410	0.01751	0.02358	0.10704	0.15103	0.10918	0.01739	0.02186	0.01415	0.01647	0.03086	0.00935	0.04789	0.00244	0.00979	0.00573	0.00376	0.00912
36	0.01484	0.08387	0.55908	0.02008	0.02921	0.04659	0.10944	0.02185	0.01483	0.02111	0.01221	0.01463	0.00890	0.00638	0.00654	0.00212	0.01019	0.00532	0.00299	0.00981
37	0.05122	0.01571	0.01905	0.03857	0.08828	0.05758	0.05890	0.15794	0.01853	0.05124	0.01354	0.01542	0.01054	0.00621	0.00596	0.00159	0.00693	0.00514	0.00462	0.37304

[dist]
# distance from previous block
# <min> <max>
2	6

[block]
# block no. 5 follows, 31 sequences, length 7
# corresponding to MSA columns:
# 660-666
name=unknown_F
#
# <colnr> <probs for GDERKNQSTAVLIFYWHMCP>
#	G	D	E	R	K	N	Q	S	T	A	V	L	I	F	Y	W	H	M	C	P
0	0.01348	0.04475	0.37381	0.01585	0.02240	0.01386	0.03856	0.01858	0.01433	0.04437	0.02289	0.06432	0.12340	0.00954	0.00844	0.00220	0.08548	0.00749	0.00395	0.07232
1	0.14015	0.01543	0.02017	0.09810	0.22353	0.01650	0.01459	0.20420	0.05047	0.12743	0.01590	0.01733	0.01166	0.00726	0.00644	0.00210	0.00720	0.00593	0.00528	0.01031
2	0.01476	0.14065	0.52617	0.01727	0.02582	0.01710	0.02109	0.05786	0.01573	0.02248	0.06770	0.01694	0.01328	0.00709	0.00633	0.00205	0.00901	0.00549	0.00348	0.00971
3	0.00928	0.00725	0.00847	0.00836	0.01021	0.00664	0.00619	0.01253	0.05365	0.02274	0.33978	0.14562	0.31234	0.01599	0.00810	0.00230	0.00353	0.01383	0.00689	0.00631
4	0.01581	0.11908	0.41785	0.01972	0.04790	0.07516	0.09126	0.02239	0.04781	0.02069	0.01255	0.01491	0.00954	0.00681	0.00730	0.00211	0.05094	0.00536	0.00322	0.00959
5	0.00863	0.00646	0.00793	0.00878	0.00986	0.00589	0.00618	0.01023	0.01441	0.01873	0.11632	0.42143	0.22801	0.05743	0.00987	0.00280	0.00401	0.05099	0.00636	0.00568
6	0.01304	0.01906	0.23688	0.07252	0.12804	0.01400	0.04302	0.01734	0.01403	0.02005	0.05343	0.15775	0.04249	0.01083	0.00969	0.00241	0.12406	0.00893	0.00401	0.00841

[dist]
# distance from previous block
# <min> <max>
0	51

[block]
# block no. 6 follows, 31 sequences, length 65
# corresponding to MSA columns:
# 718-782
name=unknown_G
#
# <colnr> <probs for GDERKNQSTAVLIFYWHMCP>
#	G	D	E	R	K	N	Q	S	T	A	V	L	I	F	Y	W	H	M	C	P
0	0.00820	0.00693	0.00708	0.00705	0.00931	0.00582	0.00528	0.01003	0.01585	0.01910	0.11380	0.06482	0.66924	0.01710	0.00808	0.00230	0.00345	0.01430	0.00643	0.00582
1	0.04748	0.01520	0.04567	0.01649	0.09047	0.04476	0.01205	0.13919	0.23137	0.04803	0.02460	0.14833	0.04007	0.01107	0.00772	0.00233	0.03312	0.02671	0.00591	0.00943
2	0.80789	0.01323	0.01006	0.00900	0.01323	0.01535	0.00741	0.02011	0.01164	0.03070	0.00953	0.01111	0.00741	0.00635	0.00423	0.00212	0.00529	0.00370	0.00423	0.00741
3	0.01102	0.00787	0.01102	0.01260	0.01417	0.00787	0.01102	0.01417	0.01575	0.02047	0.03622	0.07717	0.03937	0.01890	0.00945	0.00315	0.00630	0.67084	0.00630	0.00630
4	0.01834	0.01535	0.01621	0.01419	0.01829	0.01763	0.01115	0.13301	0.60572	0.03075	0.02617	0.02419	0.01952	0.00912	0.00694	0.00228	0.00573	0.00750	0.00694	0.01095
5	0.01275	0.00638	0.00638	0.00638	0.00797	0.00638	0.00478	0.01594	0.01435	0.02551	0.02232	0.02551	0.01754	0.00797	0.00478	0.00159	0.00319	0.00638	0.79755	0.00638
6	0.08201	0.01380	0.01668	0.01294	0.01816	0.01353	0.01067	0.20460	0.04321	0.47672	0.02308	0.02074	0.01503	0.00828	0.00669	0.00211	0.00622	0.00650	0.00771	0.01133
7	0.02601	0.01916	0.02053	0.01574	0.02122	0.02122	0.01300	0.69408	0.03217	0.04312	0.01643	0.01643	0.01163	0.00821	0.00684	0.00205	0.00753	0.00616	0.00684	0.01163
8	0.01275	0.00638	0.00638	0.00638	0.00797	0.00638	0.00478	0.01594	0.01435	0.02551	0.02232	0.02551	0.01754	0.00797	0.00478	0.00159	0.00319	0.00638	0.79755	0.00638
9	0.00968	0.00699	0.00914	0.00861	0.01022	0.00646	0.00646	0.01291	0.01937	0.02743	0.71328	0.05110	0.06455	0.01399	0.00807	0.00215	0.00323	0.01237	0.00753	0.00646
10	0.02440	0.02866	0.01952	0.01734	0.02059	0.56814	0.01331	0.06533	0.01898	0.04640	0.01137	0.01336	0.00932	0.00782	0.00837	0.00196	0.10823	0.00482	0.00385	0.00824
11	0.01693	0.01626	0.02777	0.04199	0.71689	0.01626	0.02100	0.02100	0.01558	0.02235	0.01287	0.01693	0.01084	0.00610	0.00677	0.00203	0.00813	0.00610	0.00339	0.01084
12	0.00809	0.00693	0.00693	0.00693	0.00924	0.00578	0.00520	0.00982	0.01559	0.01848	0.06931	0.06584	0.71411	0.01733	0.00809	0.00231	0.00347	0.01444	0.00635	0.00578
13	0.01372	0.03539	0.72412	0.01950	0.02961	0.01589	0.02528	0.02167	0.01444	0.02167	0.01228	0.01444	0.00867	0.00650	0.00650	0.00217	0.01011	0.00506	0.00289	0.01011
14	0.02033	0.01727	0.02399	0.05114	0.18548	0.01849	0.10828	0.29379	0.15326	0.03162	0.01725	0.01862	0.01294	0.00753	0.00702	0.00214	0.00788	0.00671	0.00545	0.01081
15	0.05230	0.01773	0.04424	0.01500	0.01885	0.08925	0.01231	0.14498	0.33052	0.05293	0.02004	0.02018	0.01525	0.01007	0.02785	0.00251	0.10366	0.00659	0.00578	0.00998
16	0.01037	0.00713	0.00923	0.00869	0.01044	0.00652	0.00652	0.01340	0.01889	0.05421	0.61998	0.08031	0.09981	0.01427	0.00805	0.00219	0.00338	0.01257	0.00745	0.00659
17	0.01435	0.01153	0.01780	0.07462	0.28513	0.01178	0.01371	0.04265	0.01526	0.05918	0.02341	0.27077	0.02418	0.01235	0.00794	0.00237	0.02808	0.03850	0.03797	0.00842
18	0.01602	0.01540	0.02665	0.08617	0.58292	0.01551	0.05930	0.02002	0.01531	0.02166	0.01459	0.06811	0.01307	0.00719	0.00699	0.00212	0.00811	0.00713	0.00357	0.01016
19	0.00850	0.00629	0.00798	0.00921	0.01008	0.00577	0.00644	0.00998	0.01392	0.01814	0.06348	0.56159	0.17069	0.02028	0.00864	0.00270	0.00400	0.06024	0.00638	0.00567
20	0.01562	0.01450	0.01785	0.05463	0.13353	0.05637	0.03125	0.02106	0.10858	0.02237	0.01456	0.01705	0.01190	0.02222	0.00649	0.00163	0.00649	0.00526	0.00424	0.43439
21	0.80789	0.01323	0.01006	0.00900	0.01323	0.01535	0.00741	0.02011	0.01164	0.03070	0.00953	0.01111	0.00741	0.00635	0.00423	0.00212	0.00529	0.00370	0.00423	0.00741
22	0.00952	0.00699	0.00892	0.00844	0.01012	0.00639	0.00633	0.01260	0.01899	0.02653	0.64836	0.05259	0.13004	0.01432	0.00807	0.00217	0.00325	0.01258	0.00741	0.00639
23	0.01418	0.03532	0.04287	0.11640	0.06343	0.01410	0.09908	0.05399	0.17361	0.02245	0.05150	0.12005	0.04573	0.03232	0.06163	0.00307	0.02767	0.00911	0.00501	0.00848
24	0.02159	0.01666	0.03936	0.01782	0.08813	0.01737	0.04012	0.36974	0.08014	0.08962	0.04800	0.07521	0.01725	0.00935	0.00768	0.00219	0.03536	0.00765	0.00625	0.01052
25	0.02881	0.01109	0.01488	0.01156	0.01647	0.00967	0.00950	0.03152	0.01903	0.64862	0.02650	0.02352	0.01700	0.00842	0.00666	0.00206	0.00555	0.00683	0.09123	0.01109
26	0.02084	0.01553	0.01782	0.01667	0.08797	0.03832	0.01232	0.35983	0.05585	0.06918	0.08846	0.02868	0.02117	0.00995	0.00719	0.00219	0.00679	0.09182	0.03943	0.00999
27	0.00963	0.00699	0.00907	0.00855	0.01019	0.00643	0.00641	0.01281	0.01924	0.02713	0.69170	0.05160	0.08632	0.01410	0.00807	0.00216	0.00324	0.01244	0.00749	0.00643
28	0.02825	0.01302	0.01642	0.01287	0.01799	0.01242	0.01054	0.11824	0.11380	0.54116	0.02576	0.02271	0.01679	0.00855	0.00689	0.00214	0.00598	0.00690	0.00806	0.01153
29	0.00834	0.00595	0.00794	0.00953	0.00992	0.00556	0.00635	0.00953	0.01310	0.01746	0.03771	0.75510	0.04525	0.02143	0.00873	0.00278	0.00397	0.01945	0.00635	0.00556
30	0.01768	0.01192	0.01384	0.01231	0.01586	0.01252	0.00966	0.02859	0.35735	0.16594	0.11592	0.08865	0.02819	0.01105	0.00729	0.00229	0.00514	0.04598	0.00713	0.04269
31	0.01613	0.01384	0.01468	0.01340	0.01697	0.01586	0.01034	0.03364	0.63432	0.02751	0.02974	0.08024	0.04223	0.01040	0.00712	0.00235	0.00525	0.00878	0.00690	0.01030
32	0.01674	0.01694	0.03174	0.05079	0.22168	0.01723	0.34489	0.06860	0.01642	0.02298	0.01349	0.01776	0.01066	0.00677	0.00895	0.00226	0.08513	0.00706	0.03039	0.00952
33	0.01393	0.01312	0.02216	0.50328	0.24549	0.01511	0.01907	0.01820	0.01422	0.01893	0.01344	0.04855	0.01114	0.00723	0.00690	0.00223	0.00861	0.00664	0.00328	0.00848
34	0.75420	0.01312	0.01046	0.00922	0.01352	0.01498	0.00759	0.02102	0.01219	0.07843	0.01073	0.01195	0.00807	0.00650	0.00442	0.00212	0.00533	0.00392	0.00453	0.00770
35	0.01573	0.01478	0.02495	0.17922	0.53440	0.01536	0.01954	0.01983	0.01531	0.02167	0.03982	0.01877	0.01276	0.00660	0.00677	0.00207	0.00798	0.00634	0.02822	0.00989
36	0.00964	0.00671	0.00751	0.00746	0.00795	0.00648	0.00449	0.01015	0.01155	0.01516	0.08133	0.04856	0.13622	0.58655	0.02860	0.00561	0.00588	0.01084	0.00475	0.00458
37	0.01685	0.01780	0.04858	0.21257	0.33842	0.10774	0.01841	0.02238	0.08661	0.02083	0.01380	0.01741	0.01104	0.00694	0.00722	0.00213	0.03212	0.00600	0.00366	0.00951
38	0.00982	0.00713	0.00997	0.00997	0.01084	0.00800	0.00728	0.01156	0.01069	0.01513	0.01926	0.03205	0.01935	0.25594	0.53089	0.00973	0.01495	0.00809	0.00380	0.00554
39	0.01976	0.48519	0.02908	0.01335	0.01819	0.21147	0.01192	0.03933	0.01579	0.01711	0.01304	0.01445	0.04526	0.00704	0.00577	0.00166	0.03523	0.00456	0.00337	0.00843
40	0.01905	0.01521	0.01516	0.01251	0.01704	0.11102	0.00980	0.04553	0.19316	0.13882	0.07129	0.03993	0.01880	0.00815	0.00637	0.00179	0.00619	0.00658	0.00585	0.25776
41	0.05002	0.08869	0.48199	0.01759	0.02599	0.04728	0.02064	0.12774	0.01741	0.04264	0.01290	0.01448	0.00931	0.00678	0.00629	0.00207	0.00927	0.00508	0.00374	0.01008
42	0.01332	0.03387	0.10641	0.10173	0.20145	0.01313	0.12299	0.01750	0.01554	0.02130	0.11207	0.09614	0.09553	0.00984	0.00739	0.00222	0.00747	0.00919	0.00442	0.00848
43	0.01431	0.01230	0.01292	0.01189	0.01525	0.01357	0.00923	0.02819	0.48959	0.02551	0.03989	0.03841	0.21910	0.01183	0.00735	0.00234	0.00488	0.02741	0.00677	0.00927
44	0.70791	0.01399	0.01139	0.00986	0.01425	0.01610	0.00812	0.10629	0.01427	0.03228	0.01041	0.01179	0.00795	0.00659	0.00457	0.00211	0.00558	0.00402	0.00457	0.00795
45	0.01688	0.01043	0.01273	0.00998	0.01458	0.00843	0.00792	0.01958	0.01638	0.20569	0.10537	0.05142	0.12901	0.00938	0.00647	0.00169	0.00477	0.00783	0.00604	0.35543
46	0.01411	0.05775	0.02134	0.65000	0.04359	0.06543	0.01817	0.01834	0.01409	0.01735	0.01189	0.01740	0.00908	0.00680	0.00665	0.00220	0.00924	0.00582	0.00307	0.00769
47	0.01895	0.36055	0.09318	0.04428	0.02053	0.04158	0.01333	0.10474	0.15057	0.05176	0.01502	0.01572	0.01182	0.00718	0.00603	0.00187	0.02358	0.00519	0.00443	0.00966
48	0.00829	0.00700	0.00721	0.00732	0.00958	0.00592	0.00560	0.01012	0.01560	0.01862	0.06702	0.06662	0.66750	0.01744	0.00818	0.00237	0.00366	0.05979	0.00635	0.00581
49	0.01131	0.00730	0.00781	0.00760	0.00967	0.00687	0.00572	0.01480	0.05607	0.04605	0.11777	0.07390	0.28706	0.01282	0.00676	0.00204	0.00355	0.01073	0.30561	0.00656
50	0.01535	0.29489	0.47887	0.01672	0.02532	0.01987	0.02044	0.02125	0.01425	0.01968	0.01129	0.01321	0.00871	0.00627	0.00575	0.00192	0.00912	0.00456	0.00290	0.00964
51	0.04812	0.01108	0.01405	0.03064	0.04118	0.01057	0.00942	0.05914	0.05850	0.40409	0.02488	0.02443	0.03153	0.03336	0.00733	0.00218	0.00547	0.00691	0.16723	0.00989
52	0.00830	0.00694	0.00723	0.00716	0.00937	0.00587	0.00537	0.01023	0.01610	0.01968	0.15582	0.06386	0.62685	0.01688	0.00808	0.00229	0.00343	0.01416	0.00651	0.00587
53	0.05138	0.03943	0.17463	0.04361	0.16313	0.17671	0.07986	0.02307	0.03928	0.06512	0.04231	0.01893	0.03786	0.00736	0.00665	0.00205	0.00913	0.00617	0.00404	0.00929
54	0.14079	0.04762	0.04720	0.04942	0.31213	0.01656	0.07531	0.10656	0.01737	0.10212	0.01425	0.01651	0.01082	0.00666	0.00641	0.00207	0.00773	0.00586	0.00446	0.01014
55	0.00864	0.00630	0.00819	0.00955	0.01032	0.00586	0.00674	0.01016	0.01383	0.01815	0.05702	0.58414	0.12184	0.02051	0.00872	0.00275	0.00415	0.09107	0.00637	0.00569
56	0.80789	0.01323	0.01006	0.00900	0.01323	0.01535	0.00741	0.02011	0.01164	0.03070	0.00953	0.01111	0.00741	0.00635	0.00423	0.00212	0.00529	0.00370	0.00423	0.00741
57	0.00994	0.00666	0.00761	0.00761	0.00766	0.00671	0.00433	0.01004	0.00999	0.01337	0.02142	0.04403	0.02455	0.73006	0.06388	0.00681	0.00712	0.00984	0.00413	0.00423
58	0.11784	0.02279	0.24689	0.01784	0.04127	0.07515	0.11321	0.02473	0.14801	0.05167	0.01741	0.01859	0.03390	0.00732	0.00652	0.00214	0.00838	0.00614	0.00436	0.03583
59	0.08592	0.01161	0.01504	0.01180	0.01674	0.01051	0.00968	0.03129	0.04633	0.60247	0.06609	0.02412	0.01919	0.00867	0.00676	0.00213	0.00561	0.00700	0.00804	0.01099
60	0.02021	0.06817	0.04222	0.06742	0.07797	0.07823	0.01368	0.26836	0.17445	0.02967	0.01824	0.04389	0.01459	0.00866	0.00719	0.00214	0.02806	0.02119	0.00553	0.01013
61	0.01013	0.00757	0.00935	0.00945	0.01096	0.00722	0.00678	0.03428	0.05660	0.02246	0.26831	0.34967	0.09217	0.04138	0.00902	0.00254	0.00401	0.01468	0.00665	0.03679
62	0.01248	0.00852	0.01164	0.01346	0.10085	0.00825	0.00837	0.01419	0.01410	0.09174	0.08121	0.25438	0.10771	0.18534	0.01455	0.00341	0.02720	0.03020	0.00567	0.00671
63	0.07986	0.04060	0.01992	0.05963	0.06957	0.09959	0.01316	0.40783	0.06155	0.03394	0.01585	0.03945	0.01228	0.00813	0.00657	0.00206	0.00781	0.00621	0.00570	0.01030
64	0.16091	0.02272	0.01809	0.08186	0.06683	0.34527	0.01280	0.09517	0.01846	0.07262	0.01252	0.01422	0.00964	0.00700	0.00601	0.00192	0.00933	0.00489	0.00432	0.03540

[dist]
# distance from previous block
# <min> <max>
0	7

[block]
# block no. 7 follows, 31 sequences, length 40
# corresponding to MSA columns:
# 790-829
name=unknown_H
#
# <colnr> <probs for GDERKNQSTAVLIFYWHMCP>
#	G	D	E	R	K	N	Q	S	T	A	V	L	I	F	Y	W	H	M	C	P
0	0.04657	0.01370	0.01801	0.31481	0.02902	0.07225	0.01472	0.01899	0.03224	0.06457	0.01451	0.02129	0.01219	0.01123	0.04104	0.02723	0.17162	0.04391	0.02445	0.00764
1	0.09603	0.27797	0.02456	0.07717	0.02115	0.12085	0.04193	0.14484	0.01816	0.05437	0.01285	0.01451	0.01013	0.00682	0.00558	0.00182	0.00791	0.00493	0.04946	0.00896
2	0.01037	0.00820	0.01213	0.01179	0.01287	0.00997	0.00928	0.01270	0.01094	0.01595	0.01726	0.02552	0.01618	0.04682	0.65133	0.01008	0.10159	0.00718	0.00359	0.00627
3	0.00850	0.00607	0.00809	0.00951	0.00993	0.00578	0.00637	0.00970	0.01282	0.01717	0.03580	0.67824	0.04263	0.05984	0.05132	0.00344	0.00492	0.01829	0.00609	0.00552
4	0.01695	0.33562	0.27897	0.01593	0.02289	0.09365	0.06130	0.02144	0.01483	0.01908	0.01163	0.01368	0.00935	0.00632	0.00559	0.00181	0.00887	0.00468	0.04834	0.00906
5	0.01551	0.01643	0.02680	0.02118	0.02370	0.04863	0.24033	0.01849	0.01277	0.01826	0.01120	0.01670	0.00990	0.01194	0.05748	0.00317	0.42960	0.00669	0.00321	0.00801
6	0.01604	0.01641	0.06562	0.23752	0.43078	0.01622	0.04247	0.05353	0.01582	0.02195	0.01284	0.01719	0.01025	0.00642	0.00682	0.00212	0.00860	0.00610	0.00343	0.00987
7	0.01414	0.12956	0.49055	0.04917	0.05760	0.01668	0.04772	0.02040	0.01435	0.02046	0.01389	0.06975	0.01160	0.00750	0.00647	0.00212	0.00920	0.00615	0.00320	0.00948
8	0.01450	0.16734	0.54509	0.01817	0.02705	0.01768	0.05161	0.02108	0.01438	0.02052	0.01264	0.03733	0.00992	0.00682	0.00625	0.00206	0.00947	0.00539	0.00303	0.00968
9	0.00843	0.00723	0.00726	0.00720	0.00957	0.00621	0.00542	0.01085	0.04246	0.01888	0.06769	0.06427	0.68708	0.01701	0.00804	0.00231	0.00354	0.01418	0.00638	0.00597
10	0.01723	0.01567	0.02301	0.36158	0.22936	0.07664	0.04781	0.05713	0.01622	0.07017	0.01358	0.01764	0.01032	0.00679	0.00682	0.00214	0.00890	0.00609	0.00379	0.00911
11	0.01615	0.01546	0.02636	0.17792	0.58704	0.01605	0.02061	0.02031	0.01521	0.02141	0.01273	0.01719	0.01050	0.00624	0.00679	0.00208	0.00832	0.00609	0.00332	0.01021
12	0.01188	0.00594	0.00891	0.00891	0.00891	0.00594	0.00594	0.00891	0.00891	0.01188	0.01188	0.02080	0.01188	0.02377	0.02674	0.80095	0.00594	0.00594	0.00297	0.00297
13	0.01324	0.01249	0.02110	0.68711	0.10063	0.01528	0.01916	0.01776	0.01383	0.01787	0.01222	0.01814	0.00926	0.00678	0.00683	0.00226	0.00904	0.00608	0.00307	0.00786
14	0.04007	0.05233	0.01875	0.04537	0.05479	0.27503	0.01264	0.06936	0.26104	0.02348	0.03730	0.01884	0.01494	0.00819	0.00714	0.00207	0.03828	0.00608	0.00500	0.00928
15	0.02843	0.01321	0.01660	0.01295	0.01812	0.01265	0.01062	0.14201	0.09674	0.53440	0.02535	0.02241	0.01650	0.00852	0.00688	0.00213	0.00606	0.00686	0.00804	0.01155
16	0.00995	0.00663	0.00746	0.00746	0.00746	0.00663	0.00415	0.00995	0.00995	0.01327	0.02156	0.04477	0.02487	0.75957	0.03482	0.00663	0.00663	0.00995	0.00415	0.00415
17	0.00839	0.00604	0.00786	0.00929	0.00978	0.00562	0.00619	0.00956	0.01310	0.01734	0.03881	0.68453	0.08263	0.05355	0.00984	0.00292	0.00406	0.01875	0.00625	0.00551
18	0.00905	0.00692	0.00802	0.00777	0.00948	0.00620	0.00565	0.01127	0.01666	0.02201	0.36255	0.05644	0.32871	0.10597	0.01133	0.00276	0.00374	0.01293	0.00663	0.00589
