[name]
unknown

[dist]
# distance from previous block
# <min> <max>
0	25

[block]
# block no. 0 follows, 39 sequences, length 121
# corresponding to MSA columns:
# 25-66,94-172
name=unknown_A
#
# <colnr> <probs for GDERKNQSTAVLIFYWHMCP>
#	G	D	E	R	K	N	Q	S	T	A	V	L	I	F	Y	W	H	M	C	P
0	0.00953	0.00681	0.00953	0.01089	0.01225	0.00681	0.00953	0.01225	0.01361	0.01770	0.03131	0.06671	0.03403	0.01634	0.00817	0.00272	0.00545	0.71547	0.00545	0.00545
1	0.01471	0.01270	0.01337	0.01203	0.01538	0.01471	0.00936	0.03142	0.74459	0.02474	0.02407	0.02206	0.01805	0.00802	0.00602	0.00201	0.00468	0.00669	0.00602	0.00936
2	0.02128	0.02688	0.01683	0.07174	0.01995	0.71247	0.01180	0.02298	0.01639	0.01452	0.00924	0.01104	0.00764	0.00608	0.00538	0.00156	0.01046	0.00392	0.00302	0.00683
3	0.02158	0.01609	0.01725	0.01334	0.01798	0.01774	0.01097	0.66081	0.08042	0.03578	0.01481	0.01472	0.01061	0.00708	0.00588	0.00176	0.00631	0.00537	0.00585	0.03565
4	0.01445	0.01388	0.02355	0.06161	0.70136	0.01418	0.01789	0.01789	0.01324	0.01897	0.01097	0.01461	0.00925	0.00549	0.00638	0.00180	0.03715	0.00527	0.00290	0.00916
5	0.83394	0.01144	0.00869	0.00778	0.01144	0.01327	0.00640	0.01738	0.01006	0.02653	0.00823	0.00961	0.00640	0.00549	0.00366	0.00183	0.00457	0.00320	0.00366	0.00640
6	0.00845	0.00634	0.00950	0.00950	0.01056	0.00739	0.00739	0.01056	0.00950	0.01373	0.01584	0.02323	0.01478	0.04435	0.76873	0.00950	0.01584	0.00634	0.00317	0.00528
7	0.01117	0.01051	0.01774	0.77795	0.04073	0.01314	0.01642	0.01511	0.01182	0.01511	0.01051	0.01577	0.00788	0.00591	0.00591	0.00197	0.00788	0.00526	0.00263	0.00657
8	0.01134	0.01074	0.01777	0.70566	0.03834	0.01361	0.01609	0.01503	0.01156	0.01503	0.01025	0.01550	0.00787	0.00633	0.00719	0.00203	0.08122	0.00525	0.00262	0.00656
9	0.83394	0.01144	0.00869	0.00778	0.01144	0.01327	0.00640	0.01738	0.01006	0.02653	0.00823	0.00961	0.00640	0.00549	0.00366	0.00183	0.00457	0.00320	0.00366	0.00640
10	0.01471	0.01270	0.01337	0.01203	0.01538	0.01471	0.00936	0.03142	0.74459	0.02474	0.02407	0.02206	0.01805	0.00802	0.00602	0.00201	0.00468	0.00669	0.00602	0.00936
11	0.01117	0.01051	0.01774	0.77795	0.04073	0.01314	0.01642	0.01511	0.01182	0.01511	0.01051	0.01577	0.00788	0.00591	0.00591	0.00197	0.00788	0.00526	0.00263	0.00657
12	0.01571	0.72148	0.02932	0.01030	0.01520	0.02258	0.01005	0.01901	0.08148	0.01494	0.00972	0.01068	0.00858	0.00534	0.00401	0.00134	0.00617	0.00350	0.00286	0.00776
13	0.00794	0.00567	0.00771	0.00908	0.00975	0.00544	0.00677	0.00951	0.01205	0.01592	0.03219	0.55892	0.03750	0.01783	0.00775	0.00250	0.00407	0.23891	0.00548	0.00501
14	0.00860	0.00573	0.00645	0.00645	0.00645	0.00573	0.00358	0.00860	0.00860	0.01147	0.01863	0.03870	0.02150	0.79217	0.03010	0.00573	0.00573	0.00860	0.00358	0.00358
15	0.02344	0.01503	0.01680	0.01288	0.01758	0.01607	0.01064	0.56904	0.02524	0.20740	0.01635	0.01560	0.01114	0.00715	0.00592	0.00179	0.00616	0.00547	0.00625	0.01006
16	0.01117	0.01051	0.01774	0.77795	0.04073	0.01314	0.01642	0.01511	0.01182	0.01511	0.01051	0.01577	0.00788	0.00591	0.00591	0.00197	0.00788	0.00526	0.00263	0.00657
17	0.14013	0.01254	0.01864	0.09268	0.36711	0.01239	0.04129	0.01699	0.01252	0.02002	0.01051	0.01344	0.00861	0.00514	0.00521	0.00158	0.00620	0.00459	0.00316	0.20726
18	0.00901	0.00642	0.00756	0.00731	0.00731	0.00691	0.00447	0.00913	0.00864	0.01173	0.01760	0.03626	0.02020	0.71804	0.02909	0.00544	0.07927	0.00828	0.00349	0.00386
19	0.03018	0.01073	0.01788	0.71848	0.08039	0.01319	0.01629	0.01533	0.01188	0.01561	0.01049	0.01556	0.00793	0.00587	0.00586	0.00196	0.00776	0.00521	0.00267	0.00672
20	0.01437	0.01390	0.02130	0.16462	0.50698	0.04824	0.01650	0.01943	0.09978	0.01899	0.01246	0.01554	0.01005	0.00575	0.00586	0.00181	0.00707	0.00537	0.00324	0.00875
21	0.01339	0.01313	0.01828	0.01610	0.03883	0.01800	0.01303	0.04473	0.00998	0.01536	0.00814	0.01304	0.00791	0.01005	0.01841	0.00253	0.72444	0.00518	0.00274	0.00671
22	0.83394	0.01144	0.00869	0.00778	0.01144	0.01327	0.00640	0.01738	0.01006	0.02653	0.00823	0.00961	0.00640	0.00549	0.00366	0.00183	0.00457	0.00320	0.00366	0.00640
23	0.01284	0.01029	0.01131	0.01024	0.01302	0.01125	0.00792	0.02404	0.46352	0.05220	0.21096	0.03087	0.09711	0.00968	0.00635	0.00196	0.00406	0.00822	0.00614	0.00802
24	0.00713	0.00595	0.00622	0.00624	0.00810	0.00504	0.00465	0.00873	0.01368	0.01666	0.12415	0.09310	0.65028	0.01488	0.00702	0.00200	0.00300	0.01253	0.00559	0.00504
25	0.01226	0.01051	0.01226	0.00876	0.01401	0.00788	0.00701	0.01489	0.01226	0.01927	0.01051	0.01226	0.00876	0.00438	0.00438	0.00088	0.00438	0.00350	0.00350	0.82832
26	0.00721	0.00515	0.00686	0.00823	0.00858	0.00480	0.00549	0.00823	0.01132	0.01510	0.03259	0.78831	0.03911	0.01853	0.00755	0.00240	0.00343	0.01681	0.00549	0.00480
27	0.04474	0.01509	0.01668	0.01282	0.01749	0.01622	0.01059	0.57107	0.02510	0.18567	0.01592	0.01530	0.01090	0.00710	0.00586	0.00179	0.00615	0.00540	0.00615	0.00996
28	0.01470	0.01283	0.01438	0.01434	0.08553	0.01465	0.01019	0.03017	0.67527	0.02422	0.02284	0.02136	0.01723	0.00776	0.00600	0.00198	0.00490	0.00655	0.00572	0.00936
29	0.00873	0.00698	0.00940	0.00935	0.01056	0.03077	0.00724	0.01077	0.01011	0.01396	0.01981	0.02604	0.08455	0.04038	0.67283	0.00854	0.01446	0.00684	0.00338	0.00530
30	0.00914	0.00653	0.00908	0.01044	0.01163	0.00647	0.00885	0.01157	0.01323	0.01726	0.03153	0.18894	0.03489	0.01671	0.00806	0.00267	0.00510	0.59713	0.00545	0.00534
31	0.01396	0.01323	0.02176	0.17996	0.54450	0.01393	0.01698	0.01881	0.08247	0.01901	0.01223	0.01556	0.00990	0.00566	0.00588	0.00182	0.00697	0.00540	0.00316	0.00882
32	0.00860	0.00636	0.00807	0.00758	0.00910	0.00599	0.00570	0.01199	0.05135	0.02336	0.68104	0.04379	0.09057	0.01205	0.00693	0.00187	0.00289	0.01060	0.00643	0.00573
33	0.00847	0.00625	0.00907	0.00907	0.00998	0.00716	0.00686	0.01028	0.00938	0.01341	0.01623	0.02541	0.01573	0.14971	0.66467	0.00897	0.01442	0.00666	0.00323	0.00504
34	0.01437	0.01377	0.02351	0.09425	0.69944	0.01398	0.01801	0.01791	0.01334	0.01899	0.01108	0.01472	0.00925	0.00532	0.00586	0.00177	0.00709	0.00527	0.00290	0.00915
35	0.01152	0.00850	0.00941	0.00851	0.01052	0.05927	0.00650	0.03748	0.04251	0.08891	0.53638	0.03887	0.09602	0.01115	0.00670	0.00185	0.00374	0.00961	0.00623	0.00631
36	0.83394	0.01144	0.00869	0.00778	0.01144	0.01327	0.00640	0.01738	0.01006	0.02653	0.00823	0.00961	0.00640	0.00549	0.00366	0.00183	0.00457	0.00320	0.00366	0.00640
37	0.01581	0.79572	0.03099	0.01012	0.01518	0.02340	0.01012	0.01771	0.01202	0.01391	0.00822	0.00949	0.00759	0.00506	0.00379	0.00126	0.00632	0.00316	0.00253	0.00759
38	0.00731	0.00595	0.00661	0.00672	0.00835	0.00532	0.00496	0.00886	0.01278	0.01585	0.08560	0.12087	0.53417	0.04611	0.10066	0.00307	0.00469	0.01192	0.00519	0.00499
39	0.00837	0.00604	0.00790	0.00744	0.00883	0.00558	0.00558	0.01116	0.01674	0.02371	0.75216	0.04417	0.05580	0.01209	0.00697	0.00186	0.00279	0.01069	0.00651	0.00558
40	0.01683	0.67646	0.02896	0.01065	0.01566	0.02263	0.01029	0.12759	0.01443	0.01749	0.00914	0.01021	0.00797	0.00537	0.00412	0.00134	0.00635	0.00349	0.00305	0.00797
41	0.00713	0.00600	0.00619	0.00614	0.00808	0.00505	0.00461	0.00877	0.01382	0.01679	0.13289	0.05557	0.67939	0.01467	0.00699	0.00198	0.00297	0.01229	0.00560	0.00505
42	0.01441	0.01382	0.02359	0.08575	0.70764	0.01399	0.01803	0.01795	0.01336	0.01904	0.01108	0.01471	0.00927	0.00531	0.00586	0.00177	0.00708	0.00527	0.00291	0.00918
43	0.75626	0.01156	0.00914	0.00818	0.01181	0.01340	0.00668	0.01872	0.07971	0.02636	0.00974	0.01079	0.00751	0.00573	0.00388	0.00185	0.00458	0.00353	0.00388	0.00668
44	0.02028	0.02517	0.01703	0.01529	0.01774	0.62027	0.01172	0.02176	0.01524	0.01443	0.00887	0.01111	0.00765	0.00693	0.00811	0.00173	0.16284	0.00408	0.00296	0.00678
45	0.83394	0.01144	0.00869	0.00778	0.01144	0.01327	0.00640	0.01738	0.01006	0.02653	0.00823	0.00961	0.00640	0.00549	0.00366	0.00183	0.00457	0.00320	0.00366	0.00640
46	0.02596	0.00990	0.01342	0.01034	0.01479	0.00857	0.00852	0.02826	0.01676	0.73209	0.02318	0.02020	0.01466	0.00730	0.00588	0.00181	0.00495	0.00593	0.03758	0.00990
47	0.00824	0.00606	0.00772	0.00736	0.00883	0.00554	0.00556	0.01087	0.01626	0.02262	0.64966	0.04631	0.13865	0.01255	0.00701	0.00190	0.00289	0.03010	0.00636	0.00551
48	0.01380	0.01548	0.03226	0.02345	0.02849	0.01545	0.62059	0.01820	0.01319	0.01820	0.01130	0.01548	0.00878	0.00583	0.00893	0.00209	0.13112	0.00670	0.00293	0.00774
49	0.01464	0.01405	0.02400	0.03630	0.75528	0.01405	0.01815	0.01815	0.01347	0.01932	0.01112	0.01464	0.00937	0.00527	0.00585	0.00176	0.00703	0.00527	0.00293	0.00937
50	0.83394	0.01144	0.00869	0.00778	0.01144	0.01327	0.00640	0.01738	0.01006	0.02653	0.00823	0.00961	0.00640	0.00549	0.00366	0.00183	0.00457	0.00320	0.00366	0.00640
51	0.00941	0.00672	0.00939	0.01076	0.01206	0.00670	0.00932	0.01205	0.01350	0.01756	0.03138	0.10359	0.03429	0.01645	0.00814	0.00271	0.00534	0.67976	0.00545	0.00541
52	0.01226	0.01051	0.01226	0.00876	0.01401	0.00788	0.00701	0.01489	0.01226	0.01927	0.01051	0.01226	0.00876	0.00438	0.00438	0.00088	0.00438	0.00350	0.00350	0.82832
53	0.00979	0.00825	0.01183	0.01106	0.01173	0.01045	0.00875	0.01150	0.00930	0.01371	0.01365	0.02133	0.01320	0.08968	0.49206	0.00718	0.24184	0.00616	0.00303	0.00551
54	0.01464	0.01405	0.02400	0.03630	0.75528	0.01405	0.01815	0.01815	0.01347	0.01932	0.01112	0.01464	0.00937	0.00527	0.00585	0.00176	0.00703	0.00527	0.00293	0.00937
55	0.01718	0.00910	0.01136	0.00939	0.01234	0.00871	0.00740	0.13122	0.01783	0.28813	0.30158	0.02985	0.03026	0.06672	0.00806	0.00211	0.00439	0.00786	0.02878	0.00774
56	0.00845	0.00634	0.00950	0.00950	0.01056	0.00739	0.00739	0.01056	0.00950	0.01373	0.01584	0.02323	0.01478	0.04435	0.76873	0.00950	0.01584	0.00634	0.00317	0.00528
57	0.01294	0.01294	0.01811	0.01553	0.01553	0.01811	0.01294	0.01423	0.00906	0.01423	0.00776	0.01294	0.00776	0.01035	0.01941	0.00259	0.78134	0.00518	0.00259	0.00647
58	0.83394	0.01144	0.00869	0.00778	0.01144	0.01327	0.00640	0.01738	0.01006	0.02653	0.00823	0.00961	0.00640	0.00549	0.00366	0.00183	0.00457	0.00320	0.00366	0.00640
59	0.01445	0.01386	0.02366	0.07651	0.71654	0.01400	0.01806	0.01798	0.01338	0.01909	0.01109	0.01470	0.00929	0.00530	0.00586	0.00177	0.00707	0.00527	0.00291	0.00922
60	0.01471	0.01270	0.01337	0.01203	0.01538	0.01471	0.00936	0.03142	0.74459	0.02474	0.02407	0.02206	0.01805	0.00802	0.00602	0.00201	0.00468	0.00669	0.00602	0.00936
61	0.83394	0.01144	0.00869	0.00778	0.01144	0.01327	0.00640	0.01738	0.01006	0.02653	0.00823	0.00961	0.00640	0.00549	0.00366	0.00183	0.00457	0.00320	0.00366	0.00640
62	0.01150	0.01085	0.01833	0.70763	0.10848	0.01323	0.01659	0.01540	0.01198	0.01551	0.01057	0.01566	0.00802	0.00585	0.00591	0.00195	0.00780	0.00526	0.00266	0.00683
63	0.00824	0.00604	0.00773	0.00730	0.00876	0.00552	0.00548	0.01091	0.01643	0.02299	0.68722	0.04537	0.12119	0.01236	0.00698	0.00187	0.00281	0.01086	0.00641	0.00552
64	0.00852	0.00606	0.00811	0.00811	0.00869	0.00664	0.00566	0.00967	0.00909	0.01270	0.01711	0.03028	0.01785	0.38528	0.43199	0.00779	0.01123	0.00737	0.00336	0.00451
65	0.02209	0.02819	0.01676	0.01524	0.01828	0.76843	0.01143	0.02361	0.01676	0.01447	0.00914	0.01066	0.00762	0.00609	0.00533	0.00152	0.01066	0.00381	0.00305	0.00686
66	0.00837	0.00604	0.00790	0.00744	0.00883	0.00558	0.00558	0.01116	0.01674	0.02371	0.75216	0.04417	0.05580	0.01209	0.00697	0.00186	0.00279	0.01069	0.00651	0.00558
67	0.01548	0.01352	0.01378	0.01225	0.01567	0.04283	0.00956	0.07591	0.67208	0.02516	0.02289	0.02114	0.01716	0.00789	0.00599	0.00197	0.00502	0.00649	0.00590	0.00931
68	0.01602	0.01224	0.01941	0.06516	0.15099	0.01108	0.14763	0.03803	0.01410	0.16547	0.01352	0.01521	0.01005	0.00540	0.00558	0.00152	0.00631	0.00512	0.00407	0.29309
69	0.01267	0.01257	0.01806	0.13223	0.01938	0.01735	0.01347	0.01437	0.00948	0.01437	0.00818	0.01337	0.00778	0.00967	0.01734	0.00249	0.66295	0.00519	0.00259	0.00648
70	0.10309	0.01019	0.01325	0.01026	0.01475	0.00913	0.00847	0.02774	0.01628	0.68989	0.02190	0.01913	0.01386	0.00715	0.00573	0.00183	0.00499	0.00569	0.00697	0.00972
71	0.00737	0.00527	0.00701	0.00812	0.00861	0.00491	0.00550	0.00865	0.01209	0.01631	0.13397	0.68347	0.04146	0.01762	0.00747	0.00233	0.00334	0.01595	0.00563	0.00491
72	0.83394	0.01144	0.00869	0.00778	0.01144	0.01327	0.00640	0.01738	0.01006	0.02653	0.00823	0.00961	0.00640	0.00549	0.00366	0.00183	0.00457	0.00320	0.00366	0.00640
73	0.00834	0.00604	0.00786	0.00741	0.00881	0.00557	0.00555	0.01110	0.01666	0.02353	0.73566	0.04448	0.07241	0.01216	0.00698	0.00186	0.00279	0.01074	0.00649	0.00557
74	0.00712	0.00600	0.00617	0.00613	0.00807	0.00505	0.00460	0.00874	0.01379	0.01671	0.12555	0.05571	0.68678	0.01470	0.00699	0.00198	0.00298	0.01231	0.00559	0.00505
75	0.00837	0.00604	0.00790	0.00744	0.00883	0.00558	0.00558	0.01116	0.01674	0.02371	0.75216	0.04417	0.05580	0.01209	0.00697	0.00186	0.00279	0.01069	0.00651	0.00558
76	0.02209	0.02819	0.01676	0.01524	0.01828	0.76843	0.01143	0.02361	0.01676	0.01447	0.00914	0.01066	0.00762	0.00609	0.00533	0.00152	0.01066	0.00381	0.00305	0.00686
77	0.01464	0.01405	0.02400	0.03630	0.75528	0.01405	0.01815	0.01815	0.01347	0.01932	0.01112	0.01464	0.00937	0.00527	0.00585	0.00176	0.00703	0.00527	0.00293	0.00937
78	0.01126	0.01060	0.01790	0.75887	0.05911	0.01316	0.01647	0.01519	0.01187	0.01522	0.01053	0.01574	0.00792	0.00590	0.00591	0.00197	0.00786	0.00526	0.00264	0.00664
79	0.00852	0.00629	0.00828	0.00777	0.00909	0.00605	0.00586	0.01121	0.01631	0.02314	0.70607	0.06069	0.05353	0.01218	0.00747	0.00190	0.03307	0.01063	0.00633	0.00560
80	0.04906	0.01055	0.01732	0.74248	0.03938	0.01314	0.01596	0.01521	0.01174	0.01564	0.01041	0.01548	0.00782	0.00589	0.00581	0.00196	0.00773	0.00516	0.00268	0.00656
81	0.80352	0.01215	0.03655	0.00811	0.01196	0.01328	0.00698	0.01743	0.01015	0.02624	0.00832	0.00971	0.00644	0.00549	0.00373	0.00183	0.00473	0.00325	0.00362	0.00649
82	0.01366	0.01334	0.02094	0.32272	0.42214	0.05111	0.01692	0.01758	0.03181	0.01758	0.01112	0.01507	0.00893	0.00563	0.00586	0.00183	0.00748	0.00523	0.00290	0.00816
83	0.00725	0.00600	0.00635	0.00627	0.00815	0.00510	0.00470	0.00899	0.01410	0.01745	0.19134	0.05449	0.62053	0.01443	0.00699	0.00197	0.00296	0.01214	0.00568	0.00510
84	0.00725	0.00565	0.00640	0.00691	0.00808	0.00500	0.00480	0.00846	0.01227	0.01537	0.05934	0.33028	0.40110	0.08995	0.00939	0.00250	0.00341	0.01371	0.00533	0.00480
85	0.01832	0.01032	0.01288	0.00951	0.01447	0.00823	0.00772	0.02080	0.01424	0.33321	0.01595	0.01560	0.01125	0.00563	0.00504	0.00128	0.00466	0.00454	0.00512	0.48123
86	0.01464	0.01405	0.02400	0.03630	0.75528	0.01405	0.01815	0.01815	0.01347	0.01932	0.01112	0.01464	0.00937	0.00527	0.00585	0.00176	0.00703	0.00527	0.00293	0.00937
87	0.01117	0.01051	0.01774	0.77795	0.04073	0.01314	0.01642	0.01511	0.01182	0.01511	0.01051	0.01577	0.00788	0.00591	0.00591	0.00197	0.00788	0.00526	0.00263	0.00657
88	0.00703	0.00599	0.00604	0.00603	0.00801	0.00501	0.00452	0.00856	0.01357	0.01619	0.07877	0.05657	0.73388	0.01490	0.00699	0.00199	0.00299	0.01243	0.00552	0.00501
89	0.02104	0.02604	0.01569	0.01431	0.01720	0.69609	0.01073	0.02268	0.01635	0.01519	0.01010	0.01174	0.00833	0.00617	0.00522	0.00151	0.00991	0.00397	0.08098	0.00673
90	0.00789	0.00598	0.00726	0.00703	0.00856	0.00536	0.00524	0.01019	0.01547	0.02090	0.50290	0.08479	0.27025	0.01330	0.00701	0.00193	0.00289	0.01155	0.00615	0.00536
91	0.01117	0.01051	0.01774	0.77795	0.04073	0.01314	0.01642	0.01511	0.01182	0.01511	0.01051	0.01577	0.00788	0.00591	0.00591	0.00197	0.00788	0.00526	0.00263	0.00657
92	0.00727	0.00600	0.00638	0.00629	0.00816	0.00511	0.00472	0.00904	0.01415	0.01757	0.20232	0.05429	0.60947	0.01438	0.00699	0.00197	0.00295	0.01211	0.00570	0.00511
93	0.01186	0.03059	0.76153	0.01686	0.02560	0.01373	0.02185	0.01873	0.01249	0.01873	0.01061	0.01249	0.00749	0.00562	0.00562	0.00187	0.00874	0.00437	0.00250	0.00874
94	0.01294	0.01294	0.01811	0.01553	0.01553	0.01811	0.01294	0.01423	0.00906	0.01423	0.00776	0.01294	0.00776	0.01035	0.01941	0.00259	0.78134	0.00518	0.00259	0.00647
95	0.00806	0.00590	0.00756	0.00743	0.00872	0.00540	0.00546	0.01045	0.01558	0.02163	0.57411	0.16239	0.11852	0.01337	0.00707	0.00196	0.00291	0.01182	0.00625	0.00540
96	0.01509	0.01539	0.01850	0.03940	0.22389	0.14900	0.05505	0.03659	0.15577	0.01865	0.01494	0.08858	0.01329	0.00799	0.00799	0.00197	0.11973	0.00647	0.00381	0.00793
97	0.01297	0.01259	0.01757	0.01622	0.08538	0.01580	0.01232	0.01473	0.01008	0.01566	0.00860	0.01297	0.00810	0.00875	0.01530	0.00219	0.56180	0.00487	0.00279	0.16131
98	0.02244	0.01767	0.01765	0.01376	0.01833	0.08946	0.01126	0.66805	0.02676	0.03511	0.01372	0.01386	0.00983	0.00700	0.00586	0.00175	0.00690	0.00518	0.00564	0.00975
99	0.01400	0.01347	0.02316	0.16787	0.61021	0.01391	0.03566	0.01763	0.01319	0.01856	0.01104	0.01487	0.00909	0.00538	0.00589	0.00180	0.00725	0.00531	0.00288	0.00884
100	0.01249	0.00594	0.00629	0.00599	0.00767	0.00581	0.00457	0.01521	0.01283	0.09196	0.01967	0.02187	0.01511	0.00693	0.00431	0.00142	0.00297	0.00555	0.74747	0.00594
101	0.01117	0.01051	0.01774	0.77795	0.04073	0.01314	0.01642	0.01511	0.01182	0.01511	0.01051	0.01577	0.00788	0.00591	0.00591	0.00197	0.00788	0.00526	0.00263	0.00657
102	0.01217	0.04655	0.66769	0.01756	0.02592	0.01408	0.09713	0.01873	0.01263	0.01864	0.01070	0.01278	0.00765	0.00554	0.00572	0.00187	0.00882	0.00462	0.00255	0.00863
103	0.01514	0.66649	0.15438	0.01126	0.01694	0.02177	0.01210	0.01788	0.01210	0.01473	0.00863	0.00999	0.00757	0.00515	0.00410	0.00137	0.00673	0.00337	0.00252	0.00778
104	0.00860	0.00573	0.00645	0.00645	0.00645	0.00573	0.00358	0.00860	0.00860	0.01147	0.01863	0.03870	0.02150	0.79217	0.03010	0.00573	0.00573	0.00860	0.00358	0.00358
105	0.00747	0.00537	0.00712	0.00829	0.00884	0.00502	0.00575	0.00880	0.01205	0.01611	0.10139	0.65047	0.05741	0.01768	0.00752	0.00236	0.00350	0.06434	0.00558	0.00493
106	0.01424	0.01269	0.02189	0.25953	0.33194	0.01336	0.11071	0.01866	0.05113	0.07316	0.02702	0.01652	0.01060	0.00586	0.00606	0.00187	0.00733	0.00572	0.00340	0.00830
107	0.01117	0.01051	0.01774	0.77795	0.04073	0.01314	0.01642	0.01511	0.01182	0.01511	0.01051	0.01577	0.00788	0.00591	0.00591	0.00197	0.00788	0.00526	0.00263	0.00657
108	0.00837	0.00604	0.00790	0.00744	0.00883	0.00558	0.00558	0.01116	0.01674	0.02371	0.75216	0.04417	0.05580	0.01209	0.00697	0.00186	0.00279	0.01069	0.00651	0.00558
109	0.01431	0.01379	0.02303	0.05657	0.63560	0.01456	0.01741	0.01754	0.01283	0.01852	0.01066	0.01445	0.00911	0.00596	0.00764	0.00187	0.10913	0.00526	0.00287	0.00890
110	0.01298	0.04077	0.50982	0.01666	0.04081	0.01373	0.07833	0.10114	0.01430	0.02047	0.01319	0.08653	0.01096	0.00694	0.00592	0.00191	0.00799	0.00588	0.00323	0.00845
111	0.02209	0.02819	0.01676	0.01524	0.01828	0.76843	0.01143	0.02361	0.01676	0.01447	0.00914	0.01066	0.00762	0.00609	0.00533	0.00152	0.01066	0.00381	0.00305	0.00686
112	0.01224	0.12530	0.64605	0.01571	0.02375	0.01468	0.01986	0.01836	0.01256	0.01829	0.03422	0.01313	0.00906	0.00576	0.00543	0.00180	0.00825	0.00442	0.00263	0.00849
113	0.01293	0.01353	0.09817	0.39259	0.26360	0.01294	0.01673	0.01685	0.01265	0.05323	0.01224	0.04665	0.00991	0.00626	0.00593	0.00190	0.00738	0.00567	0.00305	0.00779
114	0.00953	0.00702	0.01035	0.03335	0.13399	0.00676	0.00805	0.01111	0.01198	0.05356	0.02797	0.60022	0.03210	0.01542	0.00714	0.00225	0.00423	0.01404	0.00508	0.00588
115	0.01087	0.00994	0.01644	0.50506	0.14305	0.01155	0.01442	0.01415	0.01197	0.01575	0.01519	0.17595	0.01459	0.00843	0.00624	0.00203	0.00683	0.00766	0.00327	0.00663
116	0.01451	0.01496	0.03717	0.10295	0.50033	0.08528	0.03879	0.01780	0.01335	0.01802	0.01185	0.03329	0.01039	0.00632	0.00664	0.00185	0.04673	0.02831	0.00302	0.00843
117	0.01266	0.06133	0.57960	0.01600	0.04980	0.01302	0.01874	0.01836	0.01282	0.06550	0.03307	0.06830	0.01156	0.00677	0.00574	0.00187	0.00779	0.00549	0.00314	0.00843
118	0.02426	0.00952	0.01300	0.01029	0.01439	0.00832	0.00838	0.02644	0.01619	0.67003	0.02382	0.08398	0.01667	0.00962	0.03431	0.00216	0.00530	0.00686	0.00701	0.00945
119	0.01372	0.01319	0.02268	0.22750	0.55108	0.01384	0.03715	0.01739	0.01306	0.01822	0.01099	0.01496	0.00897	0.00543	0.00590	0.00182	0.00733	0.00531	0.00285	0.00861
120	0.04210	0.02326	0.44529	0.01529	0.03489	0.04099	0.03321	0.04151	0.09033	0.15484	0.01434	0.01488	0.01000	0.00621	0.00569	0.00186	0.00751	0.00494	0.00391	0.00893

[dist]
# distance from previous block
# <min> <max>
0	3

[block]
# block no. 1 follows, 39 sequences, length 23
# corresponding to MSA columns:
# 176-198
name=unknown_B
#
# <colnr> <probs for GDERKNQSTAVLIFYWHMCP>
#	G	D	E	R	K	N	Q	S	T	A	V	L	I	F	Y	W	H	M	C	P
0	0.01590	0.01425	0.02086	0.08848	0.35707	0.05906	0.07521	0.07016	0.08226	0.07039	0.01321	0.01543	0.01026	0.00579	0.00582	0.00174	0.00696	0.00536	0.00375	0.07805
1	0.49890	0.01451	0.01354	0.04277	0.16498	0.12420	0.01001	0.03566	0.01223	0.02314	0.00918	0.01112	0.00733	0.00559	0.00449	0.00177	0.00613	0.00384	0.00344	0.00717
2	0.01277	0.01009	0.02985	0.01616	0.16766	0.00924	0.10155	0.01606	0.03350	0.11524	0.25020	0.04906	0.11496	0.03818	0.00743	0.00203	0.00518	0.00854	0.00508	0.00724
3	0.01339	0.01133	0.01720	0.21317	0.21902	0.02978	0.03894	0.03065	0.07788	0.05298	0.04897	0.01852	0.01280	0.03252	0.03045	0.10081	0.03501	0.00583	0.00354	0.00721
4	0.00954	0.00635	0.00803	0.00743	0.00917	0.00572	0.00563	0.01207	0.01620	0.07913	0.57809	0.04449	0.17131	0.01221	0.00690	0.00188	0.00300	0.01063	0.00640	0.00583
5	0.01474	0.01507	0.06492	0.01529	0.03668	0.10919	0.19352	0.11274	0.06513	0.02145	0.03866	0.03908	0.04505	0.00755	0.00636	0.00184	0.02689	0.03635	0.14204	0.00745
6	0.00721	0.00515	0.00686	0.00823	0.00858	0.00480	0.00549	0.00823	0.01132	0.01510	0.03259	0.78831	0.03911	0.01853	0.00755	0.00240	0.00343	0.01681	0.00549	0.00480
7	0.01464	0.01405	0.02400	0.03630	0.75528	0.01405	0.01815	0.01815	0.01347	0.01932	0.01112	0.01464	0.00937	0.00527	0.00585	0.00176	0.00703	0.00527	0.00293	0.00937
8	0.01117	0.01051	0.01774	0.77795	0.04073	0.01314	0.01642	0.01511	0.01182	0.01511	0.01051	0.01577	0.00788	0.00591	0.00591	0.00197	0.00788	0.00526	0.00263	0.00657
9	0.01329	0.01413	0.02840	0.02583	0.22492	0.01345	0.44843	0.01740	0.01360	0.01861	0.01562	0.07690	0.04705	0.00658	0.00672	0.00196	0.00833	0.00753	0.00329	0.00797
10	0.01226	0.01051	0.01226	0.00876	0.01401	0.00788	0.00701	0.01489	0.01226	0.01927	0.01051	0.01226	0.00876	0.00438	0.00438	0.00088	0.00438	0.00350	0.00350	0.82832
11	0.01932	0.01296	0.09491	0.01674	0.14289	0.01037	0.08821	0.02257	0.01531	0.38496	0.08070	0.05163	0.01688	0.00741	0.00616	0.00187	0.00603	0.00663	0.00547	0.00899
12	0.05350	0.01772	0.18910	0.01887	0.02513	0.01310	0.38058	0.01897	0.01342	0.07507	0.01213	0.01466	0.00892	0.00524	0.00606	0.00178	0.00825	0.00563	0.00332	0.12856
13	0.01226	0.01051	0.01226	0.00876	0.01401	0.00788	0.00701	0.01489	0.01226	0.01927	0.01051	0.01226	0.00876	0.00438	0.00438	0.00088	0.00438	0.00350	0.00350	0.82832
14	0.01284	0.01149	0.01801	0.45983	0.18238	0.01322	0.01513	0.09241	0.03159	0.01857	0.01323	0.08081	0.01131	0.00702	0.00604	0.00194	0.00711	0.00628	0.00336	0.00744
15	0.08910	0.01363	0.07461	0.01939	0.25900	0.01165	0.03895	0.03296	0.01330	0.10158	0.01199	0.01388	0.00931	0.00541	0.00555	0.00153	0.02435	0.00460	0.00368	0.26554
16	0.06893	0.01199	0.08100	0.01095	0.01585	0.00940	0.00976	0.02729	0.01615	0.65278	0.02136	0.01887	0.01355	0.00707	0.00579	0.00183	0.00534	0.00566	0.00669	0.00975
17	0.01292	0.01312	0.02022	0.08116	0.01961	0.01729	0.10492	0.01491	0.00991	0.01491	0.00853	0.01356	0.00793	0.00929	0.01669	0.00246	0.61786	0.00541	0.00264	0.00667
18	0.00770	0.00594	0.00676	0.00677	0.00819	0.00531	0.00490	0.00935	0.01354	0.01745	0.23937	0.09918	0.38787	0.12413	0.01032	0.00254	0.00344	0.03678	0.00550	0.00496
19	0.00804	0.00603	0.00745	0.00710	0.00864	0.00544	0.00532	0.01053	0.01597	0.02189	0.58919	0.04717	0.21990	0.01277	0.00698	0.00189	0.00284	0.01112	0.00627	0.00544
20	0.01654	0.01607	0.08240	0.06237	0.26629	0.04955	0.04049	0.25595	0.01843	0.02505	0.07887	0.01686	0.01342	0.00670	0.00628	0.00181	0.02420	0.00569	0.00419	0.00882
21	0.41002	0.01482	0.01339	0.01292	0.07910	0.17222	0.04744	0.01897	0.01311	0.07065	0.08515	0.01480	0.01260	0.00636	0.00487	0.00177	0.00622	0.00465	0.00396	0.00700
22	0.01290	0.01107	0.01563	0.13586	0.20492	0.01121	0.01159	0.04659	0.09686	0.03851	0.03928	0.09087	0.05403	0.00770	0.00613	0.00173	0.02285	0.00670	0.00407	0.18152

[dist]
# distance from previous block
# <min> <max>
0	1

[block]
# block no. 2 follows, 39 sequences, length 14
# corresponding to MSA columns:
# 200-213
name=unknown_C
#
# <colnr> <probs for GDERKNQSTAVLIFYWHMCP>
#	G	D	E	R	K	N	Q	S	T	A	V	L	I	F	Y	W	H	M	C	P
0	0.01539	0.05670	0.24387	0.01497	0.08355	0.03411	0.04435	0.01970	0.03130	0.14533	0.01303	0.01410	0.00958	0.00554	0.00530	0.00153	0.00658	0.00456	0.00378	0.24674
1	0.01319	0.01026	0.01216	0.00888	0.01388	0.00782	0.00708	0.01573	0.01259	0.07778	0.01242	0.04408	0.01045	0.00518	0.00463	0.00101	0.00439	0.00423	0.00389	0.73034
2	0.00783	0.00653	0.00815	0.00747	0.00947	0.00571	0.04269	0.00995	0.01463	0.01880	0.29609	0.05040	0.47396	0.01346	0.00698	0.00195	0.00329	0.01158	0.00571	0.00535
3	0.01156	0.00954	0.01665	0.01429	0.03847	0.00915	0.21980	0.03513	0.02828	0.05485	0.03731	0.25997	0.02304	0.09272	0.01058	0.05819	0.00615	0.06372	0.00442	0.00618
4	0.00716	0.00530	0.00670	0.00782	0.00847	0.00484	0.00530	0.00828	0.01173	0.01526	0.03769	0.65174	0.17239	0.01786	0.00744	0.00233	0.00335	0.01600	0.00549	0.00484
5	0.02433	0.01056	0.01366	0.01080	0.01515	0.00982	0.00882	0.02931	0.15280	0.62220	0.02347	0.02049	0.01528	0.00745	0.00596	0.00186	0.00497	0.00609	0.00708	0.00993
6	0.01154	0.00968	0.01145	0.00851	0.01305	0.00745	0.00674	0.01419	0.01310	0.02010	0.14900	0.01822	0.01754	0.00582	0.00486	0.00106	0.00408	0.00485	0.00407	0.67469
7	0.00734	0.00600	0.00648	0.00636	0.00821	0.00514	0.00477	0.00917	0.01432	0.01796	0.23779	0.05364	0.57376	0.01424	0.00699	0.00196	0.00294	0.01202	0.00575	0.00514
8	0.01311	0.01076	0.01347	0.00966	0.01491	0.00828	0.04322	0.01584	0.01260	0.05884	0.01127	0.01287	0.00908	0.00457	0.00459	0.00098	0.00469	0.00381	0.00368	0.74378
9	0.00848	0.00622	0.00893	0.00893	0.00979	0.00708	0.00668	0.01019	0.00934	0.01331	0.01636	0.02612	0.01604	0.18399	0.63081	0.00880	0.01395	0.00676	0.00325	0.00496
10	0.01186	0.03059	0.76153	0.01686	0.02560	0.01373	0.02185	0.01873	0.01249	0.01873	0.01061	0.01249	0.00749	0.00562	0.00562	0.00187	0.00874	0.00437	0.00250	0.00874
11	0.00860	0.00573	0.00645	0.00645	0.00645	0.00573	0.00358	0.00860	0.00860	0.01147	0.01863	0.03870	0.02150	0.79217	0.03010	0.00573	0.00573	0.00860	0.00358	0.00358
12	0.00775	0.00615	0.00705	0.00721	0.00896	0.00545	0.00566	0.00974	0.01418	0.01790	0.19824	0.05610	0.47397	0.01463	0.00721	0.00210	0.00341	0.14338	0.00569	0.00520
13	0.02653	0.01006	0.01372	0.01052	0.01510	0.00869	0.00869	0.02882	0.01693	0.75937	0.02333	0.02013	0.01464	0.00732	0.00595	0.00183	0.00503	0.00595	0.00732	0.01006

[dist]
# distance from previous block
# <min> <max>
0	0

# created by:
# /home/cegg/simao/soft/augustus-3.2.1/scripts/msa2prfl.pl ./align_prep/EOG090W0GM3.fa
