[name]
unknown

[dist]
# distance from previous block
# <min> <max>
0	192

[block]
# block no. 0 follows, 36 sequences, length 35
# corresponding to MSA columns:
# 193-227
name=unknown_A
#
# <colnr> <probs for GDERKNQSTAVLIFYWHMCP>
#	G	D	E	R	K	N	Q	S	T	A	V	L	I	F	Y	W	H	M	C	P
0	0.00888	0.00762	0.00838	0.00914	0.04078	0.03815	0.00646	0.01079	0.01452	0.01814	0.15186	0.16613	0.40572	0.01520	0.00744	0.00218	0.00395	0.07332	0.00571	0.00564
1	0.01615	0.07830	0.16736	0.06562	0.22043	0.06697	0.05921	0.04159	0.02812	0.09853	0.05307	0.03381	0.02959	0.00694	0.00613	0.00189	0.00752	0.00602	0.00393	0.00882
2	0.01251	0.01071	0.01446	0.03850	0.15415	0.04743	0.03797	0.05555	0.03973	0.04252	0.08085	0.31519	0.06356	0.01263	0.00771	0.00219	0.04108	0.01116	0.00499	0.00710
3	0.00897	0.00622	0.00728	0.00755	0.00785	0.00620	0.00461	0.01012	0.04113	0.01416	0.05409	0.21818	0.02852	0.53107	0.02384	0.00485	0.00527	0.01116	0.00450	0.00444
4	0.01242	0.01183	0.02013	0.03830	0.10976	0.01153	0.23244	0.04669	0.07509	0.02126	0.14485	0.06212	0.16683	0.00963	0.00707	0.00206	0.00642	0.00922	0.00478	0.00757
5	0.01991	0.02953	0.04654	0.02969	0.03272	0.03843	0.02328	0.35189	0.13699	0.10987	0.01921	0.10039	0.01553	0.00875	0.00639	0.00198	0.00635	0.00714	0.00587	0.00953
6	0.00758	0.00575	0.00690	0.00779	0.00873	0.00517	0.00534	0.00878	0.01258	0.01606	0.04347	0.50219	0.27726	0.05097	0.00877	0.00254	0.00356	0.01579	0.00570	0.00507
7	0.82504	0.01205	0.00916	0.00819	0.01205	0.01398	0.00675	0.01832	0.01060	0.02795	0.00868	0.01012	0.00675	0.00578	0.00386	0.00193	0.00482	0.00337	0.00386	0.00675
8	0.00801	0.00575	0.00755	0.00883	0.00941	0.00542	0.00620	0.00930	0.01221	0.01610	0.03474	0.59792	0.07516	0.06501	0.00945	0.00277	0.00403	0.11142	0.00566	0.00509
9	0.02271	0.01877	0.01884	0.01619	0.07033	0.11945	0.01230	0.54887	0.05490	0.03412	0.01442	0.01482	0.01053	0.00724	0.00615	0.00184	0.00742	0.00545	0.00560	0.01005
10	0.01275	0.05543	0.69686	0.01836	0.05543	0.01481	0.02247	0.01967	0.01318	0.01960	0.01112	0.01315	0.00798	0.00589	0.00587	0.00195	0.00905	0.00460	0.00265	0.00920
11	0.01535	0.01685	0.03546	0.02540	0.03161	0.01601	0.66849	0.07055	0.01576	0.02135	0.01277	0.01667	0.00954	0.00541	0.00727	0.00208	0.01024	0.00723	0.00337	0.00856
12	0.01542	0.01480	0.02529	0.03824	0.74217	0.01480	0.01912	0.01912	0.01419	0.02036	0.01172	0.01542	0.00987	0.00555	0.00617	0.00185	0.00740	0.00555	0.00308	0.00987
13	0.02699	0.01040	0.01408	0.01086	0.01556	0.00898	0.00895	0.02937	0.01766	0.71245	0.02638	0.02301	0.04921	0.00809	0.00632	0.00194	0.00520	0.00659	0.00762	0.01035
14	0.01527	0.01397	0.02363	0.03435	0.63662	0.01382	0.03453	0.01877	0.01428	0.04928	0.01556	0.04032	0.04842	0.00657	0.00631	0.00189	0.00706	0.00637	0.00349	0.00949
15	0.01250	0.03223	0.74875	0.01776	0.02697	0.01447	0.02302	0.01973	0.01315	0.01973	0.01118	0.01315	0.00789	0.00592	0.00592	0.00197	0.00921	0.00460	0.00263	0.00921
16	0.01550	0.01338	0.01409	0.01268	0.01620	0.01550	0.00986	0.03311	0.73091	0.02606	0.02536	0.02325	0.01902	0.00845	0.00634	0.00211	0.00493	0.00704	0.00634	0.00986
17	0.00834	0.00564	0.00757	0.00880	0.00934	0.00529	0.00596	0.00951	0.01208	0.04139	0.03345	0.72728	0.03951	0.01995	0.03104	0.00274	0.00408	0.01697	0.00578	0.00527
18	0.01542	0.01480	0.02529	0.03824	0.74217	0.01480	0.01912	0.01912	0.01419	0.02036	0.01172	0.01542	0.00987	0.00555	0.00617	0.00185	0.00740	0.00555	0.00308	0.00987
19	0.02327	0.02970	0.01766	0.01605	0.01926	0.75602	0.01204	0.02488	0.01766	0.01525	0.00963	0.01124	0.00803	0.00642	0.00562	0.00161	0.01124	0.00401	0.00321	0.00722
20	0.02168	0.06782	0.08031	0.01254	0.04431	0.03727	0.01059	0.04558	0.03973	0.41732	0.11406	0.02208	0.01922	0.00784	0.00614	0.00185	0.00574	0.00639	0.00625	0.03328
21	0.04718	0.01825	0.01891	0.01552	0.01951	0.22791	0.13475	0.09372	0.19555	0.07250	0.07782	0.01923	0.01606	0.00743	0.00629	0.00191	0.00777	0.00626	0.00492	0.00852
22	0.00830	0.00599	0.00787	0.00835	0.00935	0.00557	0.00602	0.01037	0.01485	0.02041	0.37162	0.37072	0.06994	0.01605	0.00768	0.00226	0.00339	0.04950	0.00629	0.00549
23	0.01748	0.01442	0.01563	0.01405	0.04434	0.01640	0.01069	0.19933	0.53389	0.02905	0.02233	0.02094	0.01663	0.00811	0.00631	0.00204	0.00549	0.00664	0.00619	0.01004
24	0.01672	0.01637	0.02482	0.07873	0.46926	0.07811	0.10052	0.10012	0.01617	0.02176	0.01198	0.01525	0.00965	0.00585	0.00627	0.00188	0.00809	0.00564	0.00344	0.00937
25	0.01862	0.02127	0.01533	0.01390	0.01681	0.41999	0.01060	0.03805	0.17350	0.01862	0.04894	0.02014	0.07410	0.00968	0.03504	0.00215	0.04542	0.00595	0.00431	0.00757
26	0.00753	0.00566	0.00698	0.00804	0.00887	0.00511	0.00550	0.00875	0.01254	0.01615	0.04206	0.58469	0.22851	0.01852	0.00779	0.00242	0.00349	0.01649	0.00578	0.00511
27	0.01327	0.01194	0.01891	0.05952	0.23653	0.01217	0.10994	0.06914	0.09139	0.02074	0.04039	0.18855	0.04652	0.04271	0.00792	0.00227	0.00640	0.00924	0.00449	0.00797
28	0.01567	0.01353	0.11208	0.04743	0.01730	0.02487	0.03561	0.08888	0.11677	0.15902	0.02346	0.19177	0.04125	0.05107	0.02998	0.00255	0.00629	0.00899	0.00539	0.00809
29	0.02118	0.00946	0.01224	0.00998	0.01373	0.00848	0.00802	0.04046	0.04360	0.47283	0.12029	0.06029	0.10836	0.00981	0.00655	0.00197	0.00463	0.00820	0.03097	0.00897
30	0.00784	0.00591	0.00681	0.00737	0.00854	0.00529	0.00513	0.00922	0.01301	0.01677	0.08093	0.34809	0.33519	0.07589	0.00936	0.00255	0.00354	0.01429	0.03917	0.00512
31	0.02013	0.10186	0.06594	0.01455	0.03572	0.17326	0.03789	0.11503	0.10235	0.16019	0.01637	0.01672	0.02589	0.00737	0.00694	0.00187	0.06375	0.00546	0.01987	0.00885
32	0.01379	0.02651	0.54962	0.01646	0.02409	0.01367	0.04398	0.06173	0.01408	0.06479	0.01299	0.01561	0.00964	0.02980	0.07366	0.00279	0.00946	0.00516	0.00327	0.00888
33	0.04698	0.00836	0.01063	0.00917	0.01202	0.00771	0.00718	0.01958	0.04489	0.29377	0.31820	0.07870	0.06716	0.01078	0.00671	0.00198	0.00402	0.00922	0.03520	0.00775
34	0.03474	0.09097	0.04267	0.15263	0.13737	0.11078	0.08189	0.02060	0.09251	0.04191	0.03419	0.01616	0.01153	0.00624	0.00583	0.00177	0.00750	0.00537	0.00370	0.10167

[dist]
# distance from previous block
# <min> <max>
2	8

[block]
# block no. 1 follows, 36 sequences, length 40
# corresponding to MSA columns:
# 237-276
name=unknown_B
#
# <colnr> <probs for GDERKNQSTAVLIFYWHMCP>
#	G	D	E	R	K	N	Q	S	T	A	V	L	I	F	Y	W	H	M	C	P
0	0.01054	0.05109	0.01059	0.01024	0.05387	0.00808	0.00701	0.01338	0.06816	0.05907	0.08282	0.26289	0.21113	0.07957	0.04040	0.00281	0.00479	0.01193	0.00540	0.00622
1	0.03186	0.09630	0.03311	0.01155	0.01569	0.05586	0.00961	0.13137	0.10208	0.11155	0.01863	0.05213	0.05283	0.02960	0.00724	0.00185	0.04872	0.00609	0.00490	0.17904
2	0.04435	0.09608	0.11184	0.01654	0.08830	0.07792	0.05985	0.18319	0.05781	0.06385	0.01317	0.01444	0.01001	0.00639	0.00610	0.00174	0.02813	0.00503	0.00426	0.11099
3	0.32533	0.11684	0.17191	0.01239	0.01769	0.01505	0.06665	0.05352	0.03005	0.06139	0.03490	0.01410	0.01034	0.00624	0.00502	0.00186	0.00642	0.00464	0.03771	0.00795
4	0.03041	0.03884	0.04027	0.06224	0.01718	0.10210	0.05760	0.05817	0.10816	0.09939	0.15768	0.02911	0.13156	0.00934	0.00645	0.00193	0.00596	0.00784	0.02812	0.00767
5	0.68211	0.01258	0.01218	0.01204	0.08156	0.01419	0.04262	0.01898	0.03585	0.02679	0.00972	0.01139	0.00759	0.00583	0.00433	0.00194	0.00534	0.00390	0.00383	0.00723
6	0.01065	0.00774	0.00940	0.00948	0.01150	0.00745	0.00744	0.01475	0.10747	0.05805	0.09051	0.20626	0.18871	0.01475	0.00747	0.00231	0.00432	0.18727	0.00592	0.04854
7	0.00758	0.00547	0.00718	0.00854	0.00900	0.00507	0.00572	0.00869	0.01206	0.01596	0.03596	0.73666	0.08047	0.01931	0.00792	0.00251	0.00359	0.01746	0.00578	0.00507
8	0.00768	0.00566	0.00713	0.00816	0.00887	0.00518	0.00554	0.00894	0.01259	0.01653	0.08516	0.58282	0.15931	0.04457	0.00863	0.00254	0.00358	0.01622	0.00579	0.00510
9	0.00891	0.00664	0.00985	0.00985	0.01090	0.00770	0.00758	0.01102	0.00996	0.01434	0.01684	0.02532	0.01594	0.08487	0.71870	0.00981	0.01614	0.00680	0.00336	0.00547
10	0.01361	0.01390	0.02203	0.01795	0.01921	0.01790	0.14854	0.01576	0.01055	0.01592	0.00944	0.01477	0.00878	0.01156	0.05367	0.00296	0.58769	0.00588	0.00284	0.00706
11	0.00980	0.00620	0.00818	0.00887	0.00988	0.00577	0.00634	0.01132	0.01321	0.08034	0.11045	0.49944	0.06331	0.06022	0.00912	0.00263	0.00401	0.07935	0.00595	0.00563
12	0.02501	0.00997	0.01308	0.01026	0.01451	0.00886	0.00840	0.04685	0.01733	0.60195	0.02358	0.02138	0.01538	0.00763	0.00593	0.00184	0.00493	0.00617	0.14715	0.00978
13	0.06598	0.01520	0.01612	0.01305	0.01740	0.01694	0.01058	0.41418	0.24560	0.06518	0.01844	0.01781	0.01339	0.00769	0.00607	0.00194	0.00595	0.00597	0.03251	0.01000
14	0.01611	0.01612	0.02462	0.03629	0.67838	0.08020	0.01850	0.01963	0.01449	0.01990	0.01154	0.01505	0.00971	0.00563	0.00612	0.00183	0.00774	0.00542	0.00310	0.00964
15	0.00835	0.00648	0.00706	0.00714	0.00906	0.00564	0.00532	0.01031	0.02801	0.04040	0.09428	0.15888	0.54788	0.01578	0.00742	0.00217	0.00338	0.03100	0.00592	0.00554
16	0.01542	0.01480	0.02529	0.03824	0.74217	0.01480	0.01912	0.01912	0.01419	0.02036	0.01172	0.01542	0.00987	0.00555	0.00617	0.00185	0.00740	0.00555	0.00308	0.00987
17	0.01595	0.01318	0.01455	0.01113	0.01599	0.07261	0.03315	0.08635	0.05041	0.08237	0.04585	0.03415	0.01321	0.00622	0.00537	0.00134	0.00557	0.00508	0.00453	0.48299
18	0.01471	0.01681	0.03676	0.02626	0.03256	0.01576	0.71954	0.01996	0.01471	0.01996	0.01261	0.01681	0.00945	0.00525	0.00735	0.00210	0.01050	0.00735	0.00315	0.00840
19	0.01026	0.00792	0.00839	0.00775	0.01022	0.00741	0.00596	0.07454	0.06615	0.04341	0.11934	0.05008	0.51994	0.01379	0.00709	0.00205	0.00365	0.01149	0.02427	0.00629
20	0.03957	0.02441	0.01442	0.01363	0.08014	0.05778	0.00978	0.13020	0.05747	0.23883	0.06258	0.15841	0.04109	0.01030	0.00659	0.00204	0.00562	0.03255	0.00601	0.00857
21	0.03110	0.19143	0.12076	0.01684	0.02132	0.09597	0.16075	0.03720	0.01357	0.05296	0.01073	0.01350	0.00874	0.00702	0.00921	0.00199	0.19055	0.00512	0.00319	0.00805
22	0.01365	0.01349	0.03277	0.06559	0.18423	0.03211	0.05064	0.03183	0.01173	0.01686	0.01133	0.01777	0.01061	0.08836	0.06263	0.00319	0.33682	0.00597	0.00307	0.00736
23	0.00780	0.00580	0.00722	0.00807	0.00897	0.00529	0.00561	0.00922	0.01307	0.01712	0.12184	0.49064	0.19755	0.04186	0.00852	0.00249	0.00357	0.03436	0.00584	0.00518
24	0.01429	0.05614	0.12283	0.01229	0.04733	0.01141	0.01078	0.06133	0.04956	0.03742	0.01223	0.01372	0.00970	0.00532	0.00506	0.00128	0.00568	0.00422	0.00383	0.51560
25	0.00831	0.00574	0.00708	0.00779	0.00804	0.00554	0.00488	0.00898	0.01089	0.01459	0.05879	0.41356	0.03364	0.36181	0.01861	0.00408	0.00468	0.01354	0.00493	0.00452
26	0.00812	0.00595	0.00731	0.00798	0.00911	0.00536	0.00565	0.00967	0.01353	0.03078	0.13629	0.43553	0.25012	0.01724	0.00768	0.00233	0.00347	0.03257	0.00596	0.00535
27	0.01279	0.00819	0.00998	0.00885	0.01116	0.00797	0.00685	0.06812	0.07375	0.10958	0.46116	0.03846	0.07857	0.01119	0.00685	0.00193	0.00367	0.00964	0.06424	0.00705
28	0.03683	0.01711	0.15090	0.22095	0.23978	0.03089	0.03334	0.09492	0.01507	0.02112	0.01217	0.03209	0.00971	0.00629	0.00605	0.00190	0.00775	0.00550	0.00338	0.05425
29	0.01077	0.00945	0.01127	0.01188	0.04960	0.08938	0.00850	0.01269	0.01112	0.01478	0.01692	0.08110	0.01648	0.05768	0.53331	0.03463	0.01393	0.00721	0.00349	0.00578
30	0.00771	0.00633	0.00679	0.00667	0.00863	0.00541	0.00501	0.00961	0.01502	0.01877	0.22342	0.05678	0.57813	0.01506	0.00736	0.00207	0.00310	0.01270	0.00604	0.00541
31	0.01610	0.00855	0.01102	0.00968	0.01244	0.00797	0.00763	0.05633	0.04020	0.26460	0.28645	0.11353	0.06975	0.01179	0.00704	0.00208	0.00427	0.05601	0.00686	0.00771
32	0.01669	0.11721	0.26395	0.01655	0.02289	0.03327	0.13427	0.14420	0.07892	0.06838	0.01446	0.03651	0.01102	0.00673	0.00608	0.00191	0.00797	0.00576	0.00410	0.00915
33	0.18736	0.01740	0.04234	0.15341	0.22871	0.17698	0.03830	0.01952	0.01367	0.01980	0.01037	0.01349	0.00838	0.00614	0.00620	0.00190	0.04014	0.00478	0.00319	0.00791
34	0.05549	0.03310	0.02431	0.03368	0.60419	0.04616	0.03564	0.05581	0.01492	0.02135	0.01161	0.01488	0.00963	0.00569	0.00602	0.00184	0.00747	0.00538	0.00328	0.00956
35	0.00757	0.00549	0.00716	0.00849	0.00899	0.00508	0.00570	0.00870	0.01211	0.01598	0.03659	0.72101	0.09571	0.01923	0.00791	0.00250	0.00358	0.01736	0.00578	0.00508
36	0.01815	0.58644	0.02866	0.01189	0.01675	0.16063	0.01094	0.04960	0.03795	0.01617	0.00966	0.01087	0.00847	0.00573	0.00447	0.00143	0.00747	0.00368	0.00304	0.00802
37	0.02043	0.01739	0.01677	0.01390	0.01809	0.11005	0.01109	0.36514	0.30211	0.03110	0.01836	0.01773	0.01357	0.00773	0.00620	0.00193	0.00665	0.00597	0.00590	0.00989
38	0.07138	0.01465	0.01584	0.01330	0.01707	0.07439	0.06431	0.15427	0.33348	0.04027	0.09899	0.02270	0.03522	0.00830	0.00630	0.00199	0.00597	0.00690	0.00572	0.00894
39	0.01066	0.01090	0.05348	0.01560	0.03834	0.00953	0.23282	0.01382	0.01371	0.01862	0.09946	0.29252	0.05335	0.01408	0.03879	0.00261	0.00679	0.06357	0.00473	0.00662

[dist]
# distance from previous block
# <min> <max>
0	3

[block]
# block no. 2 follows, 36 sequences, length 13
# corresponding to MSA columns:
# 280-292
name=unknown_C
#
# <colnr> <probs for GDERKNQSTAVLIFYWHMCP>
#	G	D	E	R	K	N	Q	S	T	A	V	L	I	F	Y	W	H	M	C	P
0	0.01237	0.01169	0.01978	0.64604	0.15822	0.01400	0.01760	0.01645	0.01274	0.01665	0.01118	0.01641	0.00856	0.00612	0.00622	0.00204	0.00816	0.00554	0.00282	0.00741
1	0.00933	0.00734	0.01009	0.01165	0.10150	0.00686	0.00750	0.01195	0.01593	0.02194	0.44314	0.12902	0.15139	0.01321	0.00731	0.00206	0.00370	0.03383	0.00606	0.00619
2	0.01713	0.61336	0.10212	0.01183	0.01750	0.02297	0.01204	0.10721	0.01480	0.01826	0.00971	0.01093	0.00831	0.00566	0.00447	0.00146	0.00694	0.00374	0.00311	0.00844
3	0.02409	0.01049	0.01458	0.01332	0.08545	0.00949	0.00969	0.02701	0.03569	0.56321	0.02308	0.04272	0.01576	0.00927	0.03381	0.00221	0.00572	0.00653	0.05800	0.00986
4	0.08886	0.01111	0.01478	0.10604	0.01917	0.01063	0.01012	0.06141	0.01714	0.56300	0.02115	0.01944	0.01360	0.00736	0.00607	0.00194	0.00572	0.00591	0.00671	0.00983
5	0.00762	0.00558	0.00717	0.00835	0.00897	0.00512	0.00566	0.00886	0.01248	0.01645	0.07162	0.65508	0.12666	0.01874	0.00785	0.00245	0.00353	0.01685	0.00584	0.00512
6	0.01508	0.18118	0.38910	0.01679	0.02398	0.04992	0.10618	0.07264	0.05153	0.02031	0.01179	0.01354	0.00889	0.00598	0.00574	0.00184	0.00855	0.00487	0.00319	0.00891
7	0.01100	0.00979	0.01070	0.01035	0.01141	0.10214	0.00769	0.01258	0.01073	0.01403	0.01604	0.02606	0.01590	0.21204	0.45311	0.00764	0.05315	0.00684	0.00339	0.00542
8	0.00934	0.00601	0.00790	0.00861	0.00958	0.00551	0.00600	0.01083	0.01336	0.07389	0.13970	0.57113	0.07972	0.01740	0.00770	0.00238	0.00362	0.01562	0.00609	0.00562
9	0.00771	0.00551	0.00737	0.00881	0.00923	0.00516	0.00599	0.00888	0.01205	0.01604	0.03427	0.74217	0.04095	0.01941	0.00798	0.00255	0.00372	0.05131	0.00578	0.00509
10	0.01970	0.05578	0.01890	0.01701	0.12068	0.06258	0.03693	0.31362	0.04706	0.10292	0.01743	0.11143	0.01477	0.00859	0.00662	0.00195	0.02237	0.00708	0.00532	0.00926
11	0.01656	0.01745	0.01639	0.01420	0.01635	0.23448	0.01127	0.05081	0.05154	0.01786	0.01205	0.05121	0.01094	0.00875	0.01129	0.00203	0.29959	0.00551	0.04235	0.10937
12	0.12620	0.01165	0.10235	0.00978	0.01309	0.00945	0.00867	0.07030	0.04418	0.06225	0.13785	0.15381	0.20289	0.01188	0.00659	0.00208	0.00468	0.00993	0.00544	0.00693

[dist]
# distance from previous block
# <min> <max>
0	6

[block]
# block no. 3 follows, 36 sequences, length 28
# corresponding to MSA columns:
# 299-326
name=unknown_D
#
# <colnr> <probs for GDERKNQSTAVLIFYWHMCP>
#	G	D	E	R	K	N	Q	S	T	A	V	L	I	F	Y	W	H	M	C	P
0	0.01698	0.16567	0.18016	0.01514	0.04976	0.18734	0.01373	0.06814	0.15672	0.02036	0.04051	0.01581	0.01245	0.00765	0.02197	0.00196	0.00806	0.00511	0.00393	0.00857
1	0.01152	0.00696	0.00839	0.00780	0.00981	0.00617	0.00578	0.01338	0.01497	0.14385	0.23254	0.10604	0.28836	0.10429	0.01010	0.00253	0.00384	0.01135	0.00617	0.00615
2	0.01773	0.27285	0.03882	0.01272	0.01634	0.31619	0.01058	0.04954	0.01533	0.01636	0.01524	0.14397	0.03312	0.00859	0.00557	0.00171	0.00797	0.00647	0.00366	0.00725
3	0.00956	0.00876	0.04873	0.01020	0.05770	0.00741	0.00747	0.02999	0.04977	0.02043	0.23902	0.12772	0.28797	0.03699	0.00787	0.00219	0.00401	0.01139	0.02659	0.00625
4	0.03663	0.07248	0.12901	0.01554	0.09219	0.02803	0.05484	0.10306	0.01710	0.19563	0.14021	0.03505	0.01967	0.00781	0.00621	0.00187	0.00637	0.00661	0.00519	0.02650
5	0.01607	0.12867	0.36969	0.01828	0.07875	0.05048	0.09764	0.02147	0.03165	0.11056	0.01300	0.01448	0.00946	0.00605	0.00588	0.00187	0.00837	0.00506	0.00349	0.00910
6	0.01108	0.00993	0.00879	0.00893	0.00959	0.13469	0.00578	0.01167	0.01137	0.01374	0.02219	0.24992	0.02554	0.42627	0.02031	0.00426	0.00623	0.01071	0.00426	0.00474
7	0.01220	0.07031	0.50281	0.01641	0.05663	0.03231	0.01833	0.01762	0.01322	0.01885	0.03745	0.14537	0.01529	0.00843	0.00620	0.00202	0.00787	0.00702	0.00334	0.00830
8	0.01530	0.10325	0.13683	0.16567	0.28802	0.01530	0.01678	0.03951	0.05371	0.06729	0.01298	0.01571	0.01009	0.00711	0.02492	0.00208	0.00772	0.00531	0.00348	0.00895
9	0.01981	0.01575	0.15200	0.01295	0.01754	0.01285	0.01204	0.18724	0.01765	0.26629	0.01760	0.01998	0.01314	0.09261	0.05726	0.00293	0.06193	0.00607	0.00536	0.00902
10	0.01219	0.00636	0.00642	0.00621	0.00783	0.00645	0.00471	0.04826	0.01384	0.02399	0.02007	0.02283	0.01571	0.00727	0.00445	0.00147	0.00309	0.00580	0.77698	0.00604
11	0.68727	0.01298	0.01080	0.00925	0.01330	0.01490	0.00762	0.13919	0.01382	0.02990	0.00976	0.01095	0.00741	0.00608	0.00426	0.00192	0.00517	0.00376	0.00426	0.00741
12	0.00826	0.00635	0.00755	0.00725	0.00897	0.00564	0.00544	0.01068	0.01632	0.02185	0.47940	0.05169	0.32022	0.01391	0.00735	0.00202	0.00302	0.01199	0.00645	0.00564
13	0.60341	0.01292	0.01017	0.00930	0.01262	0.08817	0.00746	0.01774	0.01122	0.02435	0.01015	0.01270	0.00840	0.01289	0.13340	0.00329	0.00751	0.00401	0.00370	0.00659
14	0.01075	0.01033	0.00919	0.00874	0.01070	0.13460	0.00653	0.01292	0.01624	0.02014	0.35219	0.07044	0.28818	0.01295	0.00708	0.00197	0.00447	0.01090	0.00582	0.00586
15	0.01072	0.00938	0.02882	0.01076	0.05671	0.04338	0.00776	0.03080	0.06540	0.02399	0.53279	0.04062	0.09130	0.01160	0.00706	0.00195	0.00401	0.01010	0.00623	0.00661
16	0.00960	0.00756	0.00881	0.00828	0.01027	0.00738	0.00627	0.01472	0.13939	0.02311	0.44506	0.04594	0.22439	0.01277	0.00718	0.00202	0.00334	0.01102	0.00650	0.00641
17	0.01592	0.01290	0.01367	0.01185	0.01538	0.01430	0.00933	0.20913	0.39226	0.02752	0.02950	0.05956	0.14164	0.00993	0.00656	0.00207	0.00508	0.00817	0.00619	0.00906
18	0.01429	0.01103	0.01306	0.00940	0.01487	0.00838	0.00754	0.01703	0.01337	0.08665	0.01231	0.01368	0.00979	0.00490	0.00477	0.00101	0.00468	0.00393	0.00406	0.74525
19	0.01194	0.07928	0.57211	0.01571	0.02313	0.01355	0.01921	0.01776	0.01291	0.01873	0.01499	0.14425	0.01363	0.00822	0.00614	0.00202	0.00807	0.00677	0.00318	0.00841
20	0.01272	0.13088	0.36497	0.01704	0.02355	0.01457	0.16979	0.01773	0.01321	0.01840	0.01512	0.14482	0.01397	0.00803	0.00631	0.00201	0.00817	0.00728	0.00329	0.00815
21	0.00756	0.00616	0.00668	0.00688	0.00862	0.00529	0.00504	0.00919	0.01418	0.01754	0.12989	0.18181	0.54730	0.01610	0.00746	0.00216	0.00321	0.01373	0.00590	0.00529
22	0.01191	0.07334	0.57776	0.01577	0.02322	0.01347	0.01931	0.01777	0.01291	0.01877	0.01501	0.14428	0.01363	0.00822	0.00615	0.00203	0.00809	0.00678	0.00318	0.00842
23	0.01440	0.06972	0.10511	0.15739	0.11534	0.02969	0.21148	0.03674	0.03200	0.04684	0.01446	0.08014	0.01228	0.00716	0.00673	0.00201	0.02343	0.00686	0.02006	0.00816
24	0.01818	0.01562	0.16890	0.01243	0.01718	0.01198	0.01184	0.15488	0.06529	0.21913	0.14107	0.04186	0.02107	0.00853	0.00658	0.00195	0.01993	0.00694	0.04765	0.00900
25	0.00856	0.00620	0.00808	0.00794	0.00924	0.00572	0.00583	0.01115	0.01655	0.02319	0.59799	0.17251	0.07568	0.01399	0.00745	0.00206	0.00306	0.01243	0.00664	0.00572
26	0.01404	0.15805	0.47520	0.01765	0.04098	0.01630	0.10381	0.02038	0.04373	0.03649	0.01185	0.01372	0.00879	0.00588	0.00579	0.00188	0.00861	0.00488	0.00299	0.00898
27	0.03282	0.01558	0.05274	0.02428	0.35215	0.07984	0.02713	0.03767	0.05260	0.07099	0.01476	0.03181	0.02876	0.00637	0.00590	0.00172	0.00688	0.00560	0.00389	0.14850

[dist]
# distance from previous block
# <min> <max>
1	4

[block]
# block no. 4 follows, 36 sequences, length 68
# corresponding to MSA columns:
# 331-356,358-399
name=unknown_E
#
# <colnr> <probs for GDERKNQSTAVLIFYWHMCP>
#	G	D	E	R	K	N	Q	S	T	A	V	L	I	F	Y	W	H	M	C	P
0	0.01542	0.07316	0.11192	0.05038	0.32731	0.03364	0.06224	0.07254	0.06500	0.03721	0.03096	0.04432	0.03444	0.00696	0.00619	0.00190	0.00728	0.00626	0.00382	0.00906
1	0.01310	0.01260	0.01337	0.03499	0.01411	0.13679	0.00950	0.03922	0.01199	0.01551	0.03620	0.02293	0.01485	0.17072	0.23961	0.00530	0.19327	0.00647	0.00345	0.00602
2	0.01462	0.01392	0.02272	0.08149	0.60194	0.02992	0.01726	0.01794	0.01370	0.01920	0.01299	0.04345	0.01174	0.06310	0.00810	0.00219	0.00731	0.00619	0.00321	0.00901
3	0.01556	0.25396	0.19272	0.01645	0.05407	0.08307	0.10360	0.04631	0.03080	0.01864	0.04126	0.01432	0.01078	0.00642	0.00661	0.00178	0.06401	0.00497	0.00322	0.03145
4	0.01463	0.13448	0.47186	0.01507	0.02229	0.01468	0.01776	0.02064	0.04952	0.10132	0.01475	0.07026	0.01177	0.00716	0.00585	0.00192	0.00778	0.00570	0.00363	0.00892
5	0.00867	0.00671	0.00766	0.00803	0.00951	0.00620	0.00576	0.06118	0.01423	0.01804	0.04584	0.39903	0.35255	0.01696	0.00756	0.00229	0.00365	0.01477	0.00582	0.00556
6	0.00855	0.00752	0.04224	0.00987	0.03547	0.00626	0.00738	0.01063	0.01375	0.01827	0.15611	0.37045	0.17243	0.01629	0.00767	0.00235	0.00406	0.09930	0.00572	0.00568
7	0.01436	0.09143	0.48967	0.01738	0.06519	0.01485	0.04029	0.06728	0.01414	0.04944	0.01181	0.01400	0.00877	0.00716	0.00720	0.06194	0.00833	0.00483	0.00313	0.00879
8	0.01523	0.01554	0.02763	0.03190	0.45541	0.03465	0.22904	0.01928	0.01434	0.02009	0.01188	0.01554	0.00965	0.00542	0.00640	0.00185	0.00824	0.00592	0.00315	0.06884
9	0.01203	0.01135	0.01917	0.71256	0.09431	0.01391	0.01744	0.01615	0.01259	0.01625	0.01112	0.01652	0.00842	0.00618	0.00622	0.00206	0.00824	0.00554	0.00279	0.00714
10	0.00890	0.00668	0.01001	0.01001	0.01113	0.00779	0.00779	0.01113	0.01001	0.01446	0.01669	0.02448	0.01558	0.04673	0.75634	0.01001	0.01669	0.00668	0.00334	0.00556
11	0.04021	0.01202	0.01927	0.51409	0.05488	0.01520	0.04025	0.01601	0.01182	0.01637	0.01037	0.01565	0.00831	0.00728	0.00960	0.00222	0.19111	0.00551	0.00282	0.00702
12	0.00905	0.00608	0.00699	0.00699	0.00706	0.00615	0.00402	0.00919	0.00912	0.01223	0.01945	0.03977	0.02222	0.73593	0.07622	0.00628	0.00669	0.00891	0.00375	0.00389
13	0.02327	0.02970	0.01766	0.01605	0.01926	0.75602	0.01204	0.02488	0.01766	0.01525	0.00963	0.01124	0.00803	0.00642	0.00562	0.00161	0.01124	0.00401	0.00321	0.00722
14	0.01646	0.01179	0.01512	0.01282	0.04047	0.01192	0.06118	0.18942	0.10797	0.11976	0.16797	0.02823	0.09801	0.01055	0.03307	0.00220	0.00575	0.00786	0.00594	0.05350
15	0.68090	0.01131	0.00908	0.00816	0.01148	0.01295	0.00645	0.03707	0.01091	0.02592	0.01048	0.01481	0.00922	0.12098	0.00806	0.00254	0.00506	0.00428	0.00391	0.00642
16	0.01199	0.01086	0.01633	0.01857	0.23310	0.00977	0.06254	0.01482	0.01381	0.01944	0.06458	0.11424	0.14156	0.00909	0.00631	0.00174	0.00542	0.00823	0.00426	0.23335
17	0.00784	0.00596	0.00728	0.00814	0.00927	0.00540	0.00590	0.00938	0.01323	0.01695	0.07685	0.42104	0.27875	0.01768	0.00780	0.00240	0.00366	0.09140	0.00583	0.00524
18	0.00921	0.00658	0.00908	0.01052	0.01159	0.00645	0.00859	0.01147	0.01352	0.01771	0.03345	0.31085	0.03768	0.01800	0.00838	0.00275	0.00501	0.46789	0.00575	0.00551
19	0.01608	0.01654	0.05508	0.04945	0.03073	0.01519	0.58285	0.04768	0.01543	0.08636	0.01368	0.01702	0.00995	0.00561	0.00713	0.00207	0.00978	0.00704	0.00365	0.00866
20	0.01601	0.17759	0.33475	0.01826	0.09103	0.01632	0.09343	0.04063	0.01424	0.10430	0.01248	0.01413	0.00923	0.00607	0.00610	0.00186	0.02606	0.00498	0.00344	0.00908
21	0.00848	0.00631	0.00789	0.00759	0.00913	0.00572	0.00566	0.01107	0.01671	0.02300	0.57663	0.08543	0.18604	0.01365	0.00738	0.00202	0.00301	0.01194	0.00660	0.00572
22	0.01245	0.01218	0.01863	0.72153	0.04151	0.05791	0.01699	0.01645	0.01277	0.01588	0.01099	0.01629	0.00829	0.00624	0.00619	0.00205	0.00848	0.00545	0.00279	0.00694
23	0.10033	0.01976	0.05629	0.01800	0.11455	0.22399	0.06800	0.17507	0.03875	0.09199	0.02658	0.01495	0.01075	0.00665	0.00591	0.00184	0.00809	0.00522	0.00446	0.00882
24	0.01567	0.03372	0.20077	0.01868	0.13375	0.05852	0.06459	0.07886	0.16542	0.05010	0.01814	0.01913	0.05253	0.00730	0.00658	0.00196	0.02908	0.00609	0.03010	0.00902
25	0.00757	0.00549	0.00716	0.00850	0.00899	0.00508	0.00571	0.00870	0.01210	0.01597	0.03649	0.72341	0.09338	0.01924	0.00791	0.00250	0.00358	0.01737	0.00578	0.00508
26	0.01456	0.01360	0.02159	0.06667	0.50934	0.01299	0.01584	0.01803	0.01376	0.02012	0.01151	0.01480	0.00962	0.00533	0.00575	0.00161	0.00669	0.00504	0.00323	0.22992
27	0.01070	0.00545	0.00803	0.00803	0.00803	0.00545	0.00530	0.00818	0.00818	0.01091	0.01143	0.02045	0.01164	0.07408	0.02486	0.76260	0.00545	0.00566	0.00278	0.00278
28	0.04728	0.01048	0.01409	0.01089	0.01555	0.00915	0.00897	0.02935	0.01764	0.70070	0.05160	0.02190	0.01687	0.00786	0.00625	0.00193	0.00520	0.00638	0.00758	0.01033
29	0.01666	0.78478	0.03265	0.01066	0.01599	0.02465	0.01066	0.01866	0.01266	0.01466	0.00866	0.00999	0.00800	0.00533	0.00400	0.00133	0.00666	0.00333	0.00267	0.00800
30	0.62372	0.01107	0.00944	0.00833	0.01177	0.01235	0.00662	0.01842	0.01121	0.10714	0.01197	0.01555	0.00989	0.11153	0.00792	0.00249	0.00504	0.00448	0.00428	0.00678
31	0.01515	0.01453	0.02480	0.09174	0.69077	0.01473	0.01899	0.01889	0.01406	0.02003	0.01167	0.01551	0.00975	0.00560	0.00617	0.00187	0.00747	0.00555	0.00306	0.00965
32	0.02591	0.08791	0.01706	0.01187	0.01664	0.06700	0.00990	0.12685	0.01895	0.52159	0.02058	0.01850	0.01348	0.00735	0.00599	0.00184	0.00609	0.00572	0.00668	0.01010
33	0.00807	0.00628	0.00733	0.00719	0.00888	0.00554	0.00535	0.01027	0.01570	0.02066	0.38364	0.09884	0.37076	0.01456	0.00739	0.00206	0.00308	0.01254	0.00630	0.00554
34	0.01503	0.01424	0.02417	0.03628	0.68856	0.01424	0.01845	0.01866	0.01420	0.02023	0.01328	0.01945	0.01178	0.00641	0.00635	0.00193	0.00728	0.05661	0.00328	0.00957
35	0.02404	0.02410	0.01745	0.01494	0.01880	0.47611	0.01158	0.19014	0.02043	0.12464	0.01301	0.01353	0.00968	0.00685	0.00586	0.00171	0.00936	0.00471	0.00456	0.00850
36	0.01469	0.02916	0.64460	0.01681	0.02540	0.01372	0.02105	0.02124	0.01382	0.12282	0.01308	0.01430	0.00896	0.00617	0.00597	0.00197	0.00865	0.00484	0.00335	0.00941
37	0.00835	0.00635	0.00740	0.00731	0.00882	0.00574	0.00538	0.01030	0.01476	0.01937	0.31295	0.05268	0.32676	0.12784	0.01104	0.00268	0.00367	0.05740	0.00590	0.00531
38	0.01621	0.70396	0.10955	0.01142	0.01717	0.02356	0.01199	0.01877	0.01271	0.01520	0.00893	0.01033	0.00798	0.00539	0.00420	0.00140	0.00694	0.00347	0.00266	0.00813
39	0.00853	0.00617	0.00776	0.00781	0.00914	0.00566	0.00575	0.01091	0.01571	0.02178	0.45122	0.19564	0.14564	0.01440	0.00737	0.00210	0.00318	0.03203	0.04358	0.00562
40	0.01423	0.01865	0.13681	0.02453	0.03108	0.01527	0.59569	0.01968	0.01447	0.01988	0.01312	0.01818	0.01016	0.00577	0.00719	0.00211	0.01015	0.03143	0.00317	0.00842
41	0.00795	0.00623	0.00721	0.00760	0.00914	0.00554	0.00569	0.00973	0.01411	0.01784	0.14351	0.20423	0.41013	0.03283	0.00815	0.00234	0.00358	0.09297	0.00588	0.00533
42	0.00834	0.00581	0.00729	0.00800	0.00839	0.00558	0.00521	0.00929	0.01157	0.01556	0.10257	0.40733	0.03609	0.29629	0.01657	0.00376	0.00450	0.03799	0.00516	0.00470
43	0.01615	0.63273	0.02846	0.01068	0.01535	0.07024	0.01016	0.01821	0.01315	0.01552	0.04946	0.01315	0.01138	0.00777	0.03883	0.00179	0.00710	0.00404	0.02818	0.00765
44	0.00785	0.00564	0.00750	0.00890	0.00943	0.00529	0.00621	0.00914	0.01227	0.01623	0.03518	0.67623	0.06464	0.01914	0.00800	0.00255	0.00383	0.09104	0.00578	0.00514
45	0.00759	0.00542	0.00723	0.00868	0.00904	0.00506	0.00578	0.00868	0.01193	0.01591	0.03434	0.77697	0.04121	0.01952	0.00795	0.00253	0.00361	0.01771	0.00578	0.00506
46	0.82504	0.01205	0.00916	0.00819	0.01205	0.01398	0.00675	0.01832	0.01060	0.02795	0.00868	0.01012	0.00675	0.00578	0.00386	0.00193	0.00482	0.00337	0.00386	0.00675
47	0.01361	0.01105	0.01299	0.00931	0.01482	0.00834	0.00746	0.01636	0.01315	0.05363	0.01169	0.01330	0.00951	0.00476	0.00469	0.00097	0.00465	0.00381	0.00388	0.78201
48	0.01542	0.01480	0.02529	0.03824	0.74217	0.01480	0.01912	0.01912	0.01419	0.02036	0.01172	0.01542	0.00987	0.00555	0.00617	0.00185	0.00740	0.00555	0.00308	0.00987
49	0.01522	0.01306	0.01435	0.01268	0.01619	0.01487	0.03104	0.04919	0.63771	0.02587	0.04138	0.02439	0.03987	0.00861	0.00637	0.00209	0.00501	0.00725	0.02531	0.00952
50	0.01423	0.29039	0.45724	0.01490	0.02235	0.04017	0.01786	0.01936	0.01312	0.01796	0.01055	0.01232	0.00818	0.00577	0.00520	0.00173	0.00820	0.00419	0.02768	0.00863
51	0.02231	0.05331	0.16056	0.01235	0.01768	0.01117	0.01183	0.06299	0.01675	0.46374	0.02147	0.08507	0.01556	0.00826	0.00623	0.00196	0.00608	0.00676	0.00620	0.00971
52	0.01666	0.78478	0.03265	0.01066	0.01599	0.02465	0.01066	0.01866	0.01266	0.01466	0.00866	0.00999	0.00800	0.00533	0.00400	0.00133	0.00666	0.00333	0.00267	0.00800
53	0.04065	0.00791	0.00936	0.06548	0.03200	0.05059	0.00736	0.01102	0.01203	0.01609	0.02756	0.51455	0.03193	0.09193	0.03364	0.00299	0.00526	0.02924	0.00499	0.00542
54	0.01782	0.01188	0.06484	0.01558	0.14014	0.01026	0.01093	0.04150	0.07727	0.27945	0.09419	0.12905	0.04013	0.02908	0.00724	0.00213	0.00544	0.00841	0.00590	0.00877
55	0.01353	0.01160	0.01440	0.03630	0.08389	0.00958	0.00899	0.05275	0.01385	0.02104	0.01199	0.03495	0.01023	0.00532	0.00499	0.00114	0.00508	0.00442	0.00380	0.65215
56	0.01271	0.00903	0.01270	0.01070	0.01361	0.00820	0.07523	0.05725	0.01565	0.10170	0.21016	0.18365	0.07819	0.03374	0.00761	0.00207	0.00473	0.02832	0.00568	0.12907
57	0.06666	0.03535	0.01508	0.02724	0.07968	0.01125	0.03178	0.06737	0.08900	0.09415	0.09015	0.02114	0.05723	0.00719	0.00568	0.00160	0.00520	0.00601	0.00486	0.28338
58	0.04007	0.01425	0.02313	0.03373	0.62483	0.01434	0.01733	0.01971	0.06226	0.02110	0.03346	0.01659	0.01177	0.00593	0.00609	0.00184	0.00693	0.00569	0.00346	0.03748
59	0.05548	0.03632	0.02191	0.02222	0.24084	0.03983	0.14514	0.04170	0.08800	0.11891	0.03794	0.03919	0.01359	0.00673	0.00621	0.00187	0.00698	0.00631	0.00441	0.06643
60	0.08155	0.12110	0.10010	0.07378	0.25733	0.06701	0.01465	0.05930	0.03647	0.05381	0.02927	0.01627	0.03298	0.00643	0.00567	0.00180	0.00713	0.00526	0.00369	0.02639
61	0.01577	0.03309	0.09501	0.07822	0.40764	0.03959	0.08100	0.02024	0.03971	0.07011	0.02975	0.01647	0.01125	0.00602	0.00619	0.00187	0.00763	0.00570	0.00356	0.03118
62	0.01631	0.04113	0.09741	0.02780	0.39593	0.03315	0.10387	0.05641	0.01519	0.07506	0.01407	0.01655	0.02910	0.00605	0.00618	0.00184	0.00762	0.00574	0.00365	0.04694
63	0.04156	0.01310	0.01651	0.01793	0.20370	0.05769	0.02861	0.07466	0.05648	0.11508	0.04091	0.02207	0.09838	0.00748	0.00596	0.00172	0.00592	0.00634	0.02786	0.15807
64	0.03886	0.03638	0.05041	0.02114	0.28657	0.03381	0.01308	0.06987	0.05113	0.06126	0.03514	0.01692	0.03003	0.00621	0.00568	0.00162	0.00623	0.00532	0.00406	0.22627
65	0.08649	0.03135	0.03523	0.02154	0.27455	0.04811	0.03315	0.11022	0.08214	0.11701	0.03819	0.01827	0.03471	0.00689	0.00598	0.00186	0.00654	0.00585	0.00465	0.03726
66	0.03987	0.05469	0.09324	0.04006	0.14441	0.04853	0.08173	0.12531	0.08884	0.07927	0.04591	0.01700	0.01284	0.00657	0.00598	0.00180	0.00699	0.00565	0.00443	0.09687
67	0.04742	0.04531	0.06268	0.09016	0.28650	0.06481	0.04994	0.06149	0.06695	0.07708	0.03581	0.01658	0.01188	0.00634	0.00599	0.00184	0.00722	0.00555	0.00398	0.05251

[dist]
# distance from previous block
# <min> <max>
2	27

[block]
# block no. 5 follows, 36 sequences, length 14
# corresponding to MSA columns:
# 427-440
name=unknown_F
#
# <colnr> <probs for GDERKNQSTAVLIFYWHMCP>
#	G	D	E	R	K	N	Q	S	T	A	V	L	I	F	Y	W	H	M	C	P
0	0.06348	0.06520	0.09500	0.01665	0.10835	0.08824	0.08291	0.07850	0.06661	0.05394	0.07739	0.08033	0.04798	0.00823	0.00618	0.00190	0.00681	0.00705	0.00445	0.04080
1	0.01898	0.05565	0.11202	0.01444	0.06623	0.10287	0.01196	0.15224	0.03900	0.17865	0.11579	0.05266	0.01893	0.00817	0.00620	0.00186	0.00661	0.00660	0.00534	0.02582
2	0.12361	0.03802	0.06839	0.01430	0.08178	0.08878	0.01109	0.10776	0.10446	0.15953	0.07454	0.02165	0.04516	0.00797	0.00598	0.00192	0.00624	0.02483	0.00527	0.00871
3	0.10215	0.09121	0.11026	0.01439	0.06986	0.08902	0.03317	0.10811	0.07686	0.06783	0.07517	0.01982	0.04228	0.03871	0.00682	0.00199	0.00669	0.00590	0.00450	0.03526
4	0.03815	0.13936	0.14578	0.04496	0.06166	0.12646	0.01296	0.08107	0.08395	0.05579	0.07408	0.01685	0.01407	0.00682	0.00564	0.00173	0.00716	0.00526	0.00413	0.07412
5	0.04873	0.09991	0.06571	0.03787	0.10960	0.05520	0.03074	0.15143	0.08630	0.02401	0.10708	0.02021	0.04116	0.00761	0.00634	0.00181	0.02836	0.00612	0.00455	0.06725
6	0.01744	0.16220	0.11189	0.01372	0.04456	0.01597	0.02958	0.19406	0.06658	0.08497	0.07490	0.01773	0.01476	0.00719	0.00619	0.00177	0.03188	0.00560	0.03764	0.06135
7	0.35122	0.06505	0.08962	0.01199	0.01674	0.06996	0.03309	0.12180	0.07258	0.09491	0.01287	0.01351	0.00948	0.00644	0.00508	0.00188	0.00638	0.00456	0.00449	0.00833
8	0.07594	0.01207	0.06154	0.01082	0.01548	0.01004	0.00935	0.06175	0.03546	0.35482	0.04789	0.02098	0.04582	0.00998	0.05436	0.00229	0.00603	0.00599	0.00588	0.15352
9	0.01257	0.01140	0.01572	0.04518	0.07352	0.06298	0.11351	0.03126	0.07075	0.04276	0.07458	0.25677	0.09154	0.01180	0.00740	0.00214	0.02654	0.01063	0.00492	0.03403
10	0.01729	0.01421	0.01512	0.01285	0.01686	0.01595	0.01018	0.19681	0.51648	0.02885	0.02195	0.02059	0.01637	0.00797	0.00620	0.00198	0.00537	0.00648	0.00614	0.06236
11	0.00795	0.00644	0.00712	0.00726	0.00918	0.00562	0.00564	0.00990	0.01471	0.01825	0.15551	0.05949	0.54332	0.01555	0.00754	0.00219	0.00349	0.10949	0.00593	0.00542
12	0.11089	0.05318	0.01394	0.06083	0.01615	0.04219	0.00926	0.12228	0.11121	0.12361	0.07117	0.14927	0.02092	0.00984	0.00622	0.00201	0.00547	0.03053	0.00550	0.03553
13	0.01350	0.21418	0.57561	0.01604	0.02431	0.01693	0.02003	0.01947	0.01303	0.01851	0.01057	0.01239	0.00792	0.00578	0.00545	0.00182	0.00859	0.00430	0.00264	0.00891

[dist]
# distance from previous block
# <min> <max>
3	4

[block]
# block no. 6 follows, 36 sequences, length 202
# corresponding to MSA columns:
# 445-646
name=unknown_G
#
# <colnr> <probs for GDERKNQSTAVLIFYWHMCP>
#	G	D	E	R	K	N	Q	S	T	A	V	L	I	F	Y	W	H	M	C	P
0	0.01594	0.01531	0.02407	0.03503	0.64629	0.04094	0.01803	0.04088	0.06347	0.02112	0.01267	0.01579	0.01045	0.00584	0.00616	0.00186	0.00735	0.00560	0.00340	0.00980
1	0.04078	0.00640	0.00778	0.00774	0.00920	0.00593	0.00569	0.01090	0.01561	0.02184	0.44912	0.19187	0.17563	0.01435	0.00733	0.00210	0.00319	0.01257	0.00633	0.00564
2	0.01597	0.04436	0.01959	0.03653	0.06468	0.20167	0.05005	0.01795	0.01275	0.01612	0.01148	0.01506	0.03748	0.00858	0.01257	0.00214	0.36093	0.00531	0.00308	0.06371
3	0.00887	0.00596	0.00685	0.00704	0.00708	0.00592	0.00403	0.00901	0.00943	0.01257	0.02151	0.13504	0.02503	0.68353	0.02867	0.00559	0.00573	0.01017	0.00403	0.00394
4	0.01363	0.01363	0.01908	0.01636	0.01636	0.01908	0.01363	0.01499	0.00954	0.01499	0.00818	0.01363	0.00818	0.01091	0.02045	0.00273	0.76963	0.00545	0.00273	0.00682
5	0.02076	0.01337	0.02039	0.05130	0.37706	0.01312	0.01464	0.09198	0.01696	0.29181	0.01679	0.01757	0.01195	0.00657	0.00621	0.00189	0.00660	0.00582	0.00510	0.01011
6	0.01279	0.01092	0.01277	0.00918	0.01459	0.00823	0.00734	0.01556	0.01307	0.02045	0.03419	0.01399	0.01080	0.00487	0.00470	0.00096	0.00456	0.00393	0.00379	0.79329
7	0.82504	0.01205	0.00916	0.00819	0.01205	0.01398	0.00675	0.01832	0.01060	0.02795	0.00868	0.01012	0.00675	0.00578	0.00386	0.00193	0.00482	0.00337	0.00386	0.00675
8	0.01262	0.05479	0.72728	0.01755	0.02664	0.01478	0.02265	0.01970	0.01314	0.01958	0.01111	0.01306	0.00790	0.00590	0.00586	0.00195	0.00913	0.00457	0.00263	0.00917
9	0.02327	0.02970	0.01766	0.01605	0.01926	0.75602	0.01204	0.02488	0.01766	0.01525	0.00963	0.01124	0.00803	0.00642	0.00562	0.00161	0.01124	0.00401	0.00321	0.00722
10	0.00922	0.00682	0.00932	0.00917	0.00981	0.00776	0.00662	0.01057	0.00963	0.01361	0.01731	0.02993	0.01780	0.31746	0.44655	0.00814	0.05435	0.00749	0.00347	0.00497
11	0.01499	0.01517	0.05333	0.03619	0.68520	0.01442	0.01872	0.01875	0.01415	0.02019	0.01370	0.01706	0.03815	0.00596	0.00620	0.00187	0.00731	0.00581	0.00317	0.00966
12	0.01759	0.01385	0.01484	0.01284	0.01668	0.01570	0.01013	0.14222	0.57433	0.07380	0.02366	0.02180	0.01745	0.00825	0.00632	0.00206	0.00526	0.00677	0.00641	0.01003
13	0.01592	0.53272	0.24076	0.01275	0.01919	0.02103	0.01420	0.01946	0.01302	0.04691	0.01007	0.01139	0.00828	0.00560	0.00465	0.00154	0.00735	0.00383	0.00287	0.00846
14	0.79105	0.04454	0.01015	0.00830	0.01222	0.01443	0.00691	0.01833	0.01069	0.02740	0.00867	0.01012	0.00680	0.00576	0.00386	0.00190	0.00490	0.00337	0.00381	0.00680
15	0.00890	0.00668	0.01001	0.01001	0.01113	0.00779	0.00779	0.01113	0.01001	0.01446	0.01669	0.02448	0.01558	0.04673	0.75634	0.01001	0.01669	0.00668	0.00334	0.00556
16	0.00850	0.00636	0.00789	0.00751	0.00912	0.00574	0.00563	0.01115	0.01689	0.02322	0.59267	0.04945	0.20610	0.01340	0.00735	0.00199	0.00299	0.01168	0.00663	0.00574
17	0.00916	0.00698	0.00837	0.00791	0.00970	0.00655	0.00596	0.03047	0.05418	0.02312	0.49467	0.06972	0.22326	0.01333	0.00729	0.00202	0.00322	0.01156	0.00652	0.00603
18	0.01550	0.01338	0.01409	0.01268	0.01620	0.01550	0.00986	0.03311	0.73091	0.02606	0.02536	0.02325	0.01902	0.00845	0.00634	0.00211	0.00493	0.00704	0.00634	0.00986
19	0.01519	0.09329	0.10867	0.01291	0.03430	0.06914	0.04535	0.08403	0.01494	0.02106	0.01119	0.01297	0.00900	0.00531	0.00511	0.00131	0.00645	0.00419	0.00362	0.44197
20	0.01989	0.05130	0.03766	0.03727	0.07749	0.49207	0.03385	0.02202	0.01575	0.01601	0.01068	0.01452	0.00934	0.00724	0.00760	0.00184	0.10272	0.03213	0.00319	0.00743
21	0.01550	0.01338	0.01409	0.01268	0.01620	0.01550	0.00986	0.03311	0.73091	0.02606	0.02536	0.02325	0.01902	0.00845	0.00634	0.00211	0.00493	0.00704	0.00634	0.00986
22	0.01526	0.04221	0.25887	0.07104	0.10269	0.03493	0.01666	0.06499	0.01418	0.08172	0.01378	0.01926	0.01140	0.00809	0.00904	0.00215	0.15743	0.06417	0.00366	0.00848
23	0.01496	0.01548	0.04603	0.25865	0.29304	0.07321	0.10383	0.04625	0.03309	0.01945	0.01212	0.01592	0.00953	0.00600	0.00625	0.00193	0.00824	0.00566	0.02187	0.00847
24	0.00789	0.00583	0.00793	0.03507	0.01040	0.00573	0.00639	0.00909	0.01189	0.01588	0.03286	0.73088	0.03921	0.01884	0.00822	0.00252	0.02363	0.01697	0.00560	0.00517
25	0.00764	0.00554	0.00722	0.00855	0.00908	0.00513	0.00580	0.00881	0.01219	0.01606	0.03677	0.69725	0.10088	0.01914	0.00792	0.00250	0.00363	0.03501	0.00578	0.00510
26	0.01640	0.01754	0.14655	0.04480	0.27948	0.01423	0.21899	0.02137	0.03567	0.12213	0.01407	0.01651	0.01043	0.00593	0.00649	0.00197	0.00825	0.00605	0.00377	0.00937
27	0.01356	0.13969	0.50758	0.01893	0.06143	0.01616	0.11917	0.01958	0.01335	0.01905	0.01104	0.01332	0.00823	0.00572	0.00585	0.00189	0.00893	0.00485	0.00273	0.00895
28	0.01363	0.01363	0.01908	0.01636	0.01636	0.01908	0.01363	0.01499	0.00954	0.01499	0.00818	0.01363	0.00818	0.01091	0.02045	0.00273	0.76963	0.00545	0.00273	0.00682
29	0.00762	0.00544	0.00726	0.00866	0.00904	0.00508	0.00579	0.00875	0.01206	0.01612	0.05107	0.75962	0.04163	0.01936	0.00794	0.00252	0.00360	0.01756	0.00581	0.00508
30	0.01562	0.01448	0.02595	0.06762	0.51427	0.01432	0.14783	0.01948	0.01435	0.06243	0.01326	0.03813	0.01095	0.00606	0.00645	0.00193	0.00779	0.00628	0.00343	0.00936
31	0.01280	0.00954	0.04048	0.14266	0.03634	0.00866	0.02591	0.01581	0.03295	0.14873	0.05769	0.09511	0.29595	0.01183	0.00695	0.00212	0.00514	0.03894	0.00539	0.00700
32	0.01550	0.01338	0.01409	0.01268	0.01620	0.01550	0.00986	0.03311	0.73091	0.02606	0.02536	0.02325	0.01902	0.00845	0.00634	0.00211	0.00493	0.00704	0.00634	0.00986
33	0.74833	0.03033	0.01072	0.00988	0.04848	0.01439	0.00756	0.03394	0.01124	0.02752	0.00897	0.01049	0.00702	0.00580	0.00403	0.00191	0.00504	0.00353	0.00384	0.00702
34	0.75845	0.01224	0.01004	0.00934	0.03423	0.01402	0.00732	0.03767	0.01140	0.04664	0.00935	0.01070	0.00717	0.00587	0.00405	0.00192	0.00496	0.00357	0.00400	0.00705
35	0.01510	0.01432	0.02555	0.15133	0.42454	0.01456	0.15870	0.03989	0.01451	0.04132	0.01285	0.03570	0.01053	0.00608	0.00647	0.00196	0.00800	0.00625	0.00335	0.00902
