[name]
unknown

[dist]
# distance from previous block
# <min> <max>
0	209

[block]
# block no. 0 follows, 26 sequences, length 54
# corresponding to MSA columns:
# 223-276
name=unknown_A
#
# <colnr> <probs for GDERKNQSTAVLIFYWHMCP>
#	G	D	E	R	K	N	Q	S	T	A	V	L	I	F	Y	W	H	M	C	P
0	0.01799	0.01605	0.01750	0.01677	0.08600	0.08892	0.01188	0.11802	0.04700	0.02869	0.17296	0.03189	0.05351	0.01052	0.00810	0.00210	0.03008	0.03944	0.00603	0.19653
1	0.05138	0.07967	0.07332	0.02243	0.15550	0.10036	0.05660	0.08990	0.08285	0.04895	0.03961	0.05213	0.01649	0.00861	0.00713	0.00218	0.00851	0.00722	0.03133	0.06582
2	0.04052	0.01251	0.04213	0.01604	0.08257	0.01195	0.03488	0.06854	0.06674	0.02628	0.16839	0.17846	0.13035	0.01693	0.04304	0.00306	0.03001	0.01267	0.00646	0.00848
3	0.01876	0.07350	0.02720	0.20840	0.14336	0.01826	0.11998	0.09290	0.07428	0.05961	0.07260	0.02317	0.01762	0.00831	0.00770	0.00237	0.00893	0.00768	0.00504	0.01033
4	0.01556	0.01459	0.02365	0.22942	0.05561	0.01442	0.14003	0.02098	0.04919	0.02347	0.04311	0.02507	0.01615	0.00806	0.00749	0.00215	0.00852	0.04916	0.00448	0.24890
5	0.00978	0.00809	0.00857	0.00874	0.01107	0.00720	0.00656	0.01266	0.04958	0.02089	0.06736	0.12035	0.53360	0.04698	0.01021	0.00285	0.00434	0.05756	0.00698	0.00663
6	0.02385	0.16925	0.02638	0.05565	0.12843	0.25763	0.01555	0.14931	0.02148	0.02489	0.01332	0.01586	0.01092	0.00855	0.00787	0.04086	0.01025	0.00557	0.00441	0.01000
7	0.01877	0.01802	0.03079	0.04656	0.68612	0.01802	0.02328	0.02328	0.01727	0.02478	0.01427	0.01877	0.01201	0.00676	0.00751	0.00225	0.00901	0.00676	0.00375	0.01201
8	0.00962	0.00756	0.00870	0.00873	0.01073	0.00663	0.00642	0.01204	0.01838	0.02381	0.28397	0.15625	0.38308	0.01853	0.00906	0.00257	0.00383	0.01596	0.00750	0.00663
9	0.00924	0.00660	0.00880	0.01056	0.01100	0.00616	0.00704	0.01056	0.01452	0.01936	0.04181	0.72848	0.05017	0.02376	0.00968	0.00308	0.00440	0.02156	0.00704	0.00616
10	0.00905	0.00769	0.00780	0.00777	0.01030	0.00644	0.00583	0.01105	0.01749	0.02098	0.10645	0.07220	0.65312	0.01903	0.00896	0.00255	0.00383	0.01590	0.00711	0.00644
11	0.03354	0.01370	0.01809	0.01387	0.01976	0.01233	0.01146	0.09637	0.02304	0.63009	0.02881	0.02509	0.01822	0.00936	0.00762	0.00234	0.00663	0.00755	0.00922	0.01291
12	0.02833	0.03615	0.02149	0.01954	0.02345	0.70298	0.01466	0.03029	0.02149	0.01856	0.01172	0.01368	0.00977	0.00782	0.00684	0.00195	0.01368	0.00489	0.00391	0.00879
13	0.01432	0.01348	0.02275	0.71520	0.05224	0.01685	0.02107	0.01938	0.01517	0.01938	0.01348	0.02022	0.01011	0.00758	0.00758	0.00253	0.01011	0.00674	0.00337	0.00843
14	0.78701	0.01467	0.01115	0.00997	0.01467	0.01702	0.00821	0.02230	0.01291	0.03403	0.01056	0.01232	0.00821	0.00704	0.00469	0.00235	0.00587	0.00411	0.00469	0.00821
15	0.01521	0.03923	0.69413	0.02162	0.03283	0.01762	0.02802	0.02402	0.01601	0.02402	0.01361	0.01601	0.00961	0.00721	0.00721	0.00240	0.01121	0.00560	0.00320	0.01121
16	0.00896	0.00768	0.00768	0.00768	0.01025	0.00640	0.00576	0.01089	0.01729	0.02049	0.07684	0.07300	0.68304	0.01921	0.00896	0.00256	0.00384	0.01601	0.00704	0.00640
17	0.03403	0.01291	0.01760	0.01350	0.01936	0.01115	0.01115	0.03697	0.02171	0.69137	0.02992	0.02582	0.01878	0.00939	0.00763	0.00235	0.00645	0.00763	0.00939	0.01291
18	0.01389	0.00712	0.00730	0.00725	0.00902	0.00708	0.00544	0.01743	0.01632	0.02844	0.07328	0.03037	0.02329	0.00933	0.00557	0.00181	0.00354	0.00756	0.71890	0.00708
19	0.01432	0.01348	0.02275	0.71520	0.05224	0.01685	0.02107	0.01938	0.01517	0.01938	0.01348	0.02022	0.01011	0.00758	0.00758	0.00253	0.01011	0.00674	0.00337	0.00843
20	0.01015	0.00773	0.00933	0.00893	0.01097	0.00691	0.00670	0.01318	0.02009	0.02714	0.48260	0.06204	0.27313	0.01673	0.00895	0.00244	0.00367	0.01447	0.00792	0.00691
21	0.01306	0.01054	0.01338	0.01306	0.01585	0.01057	0.03957	0.04109	0.12518	0.02465	0.06969	0.08609	0.22526	0.01752	0.00934	0.00293	0.00602	0.26119	0.00705	0.00797
22	0.01599	0.01531	0.02638	0.45955	0.26779	0.01735	0.04770	0.02091	0.01600	0.02142	0.01383	0.01974	0.01082	0.00725	0.00761	0.00244	0.00984	0.00684	0.00352	0.00972
23	0.01887	0.01629	0.01715	0.01544	0.01972	0.01887	0.01201	0.04031	0.67241	0.03173	0.03087	0.02830	0.02315	0.01029	0.00772	0.00257	0.00600	0.00858	0.00772	0.01201
24	0.03256	0.01248	0.01682	0.01302	0.01859	0.01085	0.01072	0.03554	0.02128	0.64241	0.02954	0.02600	0.01883	0.00935	0.00746	0.00230	0.00624	0.00759	0.06595	0.01248
25	0.01851	0.01863	0.02753	0.23377	0.43649	0.08948	0.02175	0.02291	0.01712	0.02259	0.01378	0.01865	0.01124	0.00710	0.00746	0.00230	0.00981	0.00656	0.00366	0.01066
26	0.01648	0.01568	0.02664	0.39158	0.35904	0.01742	0.02214	0.02127	0.01619	0.02199	0.01386	0.01952	0.01103	0.00718	0.00755	0.00239	0.00958	0.00675	0.00356	0.01016
27	0.00924	0.00660	0.00880	0.01056	0.01100	0.00616	0.00704	0.01056	0.01452	0.01936	0.04181	0.72848	0.05017	0.02376	0.00968	0.00308	0.00440	0.02156	0.00704	0.00616
28	0.74867	0.05084	0.01258	0.01012	0.01491	0.01767	0.00845	0.02232	0.01303	0.03322	0.01056	0.01231	0.00829	0.00701	0.00470	0.00231	0.00598	0.00410	0.00462	0.00829
29	0.00983	0.00775	0.00888	0.00870	0.01091	0.00681	0.00660	0.01250	0.01903	0.02469	0.32588	0.06673	0.40457	0.01775	0.00902	0.00253	0.00386	0.03966	0.00758	0.00674
30	0.01669	0.01647	0.02936	0.31839	0.28690	0.01799	0.12492	0.02159	0.01622	0.02215	0.01390	0.01953	0.01105	0.00737	0.00864	0.00247	0.04561	0.00710	0.00359	0.01006
31	0.01846	0.01587	0.01680	0.01514	0.01930	0.01828	0.01176	0.03901	0.63989	0.03166	0.06341	0.02972	0.02557	0.01055	0.00778	0.00256	0.00588	0.00883	0.00775	0.01176
32	0.01074	0.00775	0.01014	0.00954	0.01133	0.00716	0.00716	0.01431	0.02147	0.03042	0.68211	0.05666	0.07157	0.01551	0.00895	0.00239	0.00358	0.01372	0.00835	0.00716
33	0.03379	0.01330	0.01785	0.01368	0.01956	0.01173	0.01130	0.06631	0.02237	0.66109	0.02937	0.02546	0.01850	0.00937	0.00763	0.00234	0.00654	0.00759	0.00930	0.01291
34	0.01065	0.00775	0.01003	0.00946	0.01128	0.00712	0.00709	0.01416	0.02128	0.02996	0.65447	0.05741	0.09950	0.01568	0.00895	0.00239	0.00359	0.01382	0.00829	0.00712
35	0.01091	0.00783	0.01066	0.01066	0.01149	0.00865	0.00758	0.01256	0.01174	0.01648	0.02171	0.03754	0.02232	0.32080	0.44406	0.01030	0.01526	0.00926	0.00427	0.00592
36	0.02883	0.02125	0.02276	0.01745	0.02352	0.02352	0.01442	0.66082	0.03566	0.04780	0.01821	0.01821	0.01290	0.00911	0.00759	0.00228	0.00835	0.00683	0.00759	0.01290
37	0.01986	0.68088	0.09323	0.01368	0.02056	0.02900	0.01421	0.02282	0.01546	0.01835	0.01080	0.01248	0.00972	0.00655	0.00506	0.00169	0.00836	0.00418	0.00324	0.00985
38	0.02828	0.01238	0.01632	0.01259	0.01814	0.01048	0.01027	0.03130	0.02058	0.50662	0.08204	0.02856	0.04768	0.00967	0.00747	0.00217	0.00599	0.00795	0.00844	0.13307
39	0.02028	0.73799	0.03975	0.01298	0.01947	0.03001	0.01298	0.02271	0.01541	0.01785	0.01055	0.01217	0.00973	0.00649	0.00487	0.00162	0.00811	0.00406	0.00324	0.00973
40	0.01790	0.02090	0.19705	0.10946	0.14664	0.01587	0.01858	0.08012	0.08073	0.07595	0.06555	0.05245	0.04043	0.00946	0.00763	0.00240	0.00829	0.00807	0.03194	0.01058
41	0.02234	0.14924	0.02736	0.07483	0.18623	0.22882	0.01712	0.08566	0.01922	0.02279	0.01269	0.01588	0.01066	0.00803	0.00877	0.00219	0.08840	0.00571	0.00400	0.01006
42	0.02933	0.01890	0.02103	0.01619	0.02204	0.02023	0.01335	0.50262	0.03190	0.18290	0.02095	0.02023	0.01441	0.00915	0.00750	0.00227	0.00775	0.00701	0.03957	0.01266
43	0.01190	0.00794	0.01089	0.01235	0.01369	0.00765	0.00975	0.01435	0.01630	0.05386	0.04043	0.38287	0.04548	0.02170	0.00997	0.00324	0.00575	0.31787	0.00713	0.00689
44	0.01659	0.01659	0.02323	0.01991	0.01991	0.02323	0.01659	0.01825	0.01162	0.01825	0.00996	0.01659	0.00996	0.01328	0.02489	0.00332	0.71955	0.00664	0.00332	0.00830
45	0.01464	0.00973	0.01212	0.01095	0.01360	0.00953	0.00840	0.02110	0.12919	0.10317	0.50280	0.04858	0.05777	0.01397	0.00860	0.00241	0.00430	0.01220	0.00836	0.00859
46	0.02263	0.04872	0.15589	0.05036	0.14974	0.10772	0.08125	0.11240	0.05141	0.12056	0.01727	0.01893	0.01265	0.00782	0.00745	0.00229	0.00984	0.00663	0.00514	0.01130
47	0.01172	0.00923	0.01457	0.01466	0.01657	0.00898	0.08159	0.01472	0.01627	0.02150	0.03736	0.30987	0.04165	0.02156	0.03302	0.00353	0.00713	0.32247	0.00656	0.00704
48	0.03246	0.01256	0.01710	0.01323	0.01882	0.01088	0.01088	0.03544	0.02169	0.64685	0.07385	0.02789	0.02233	0.00980	0.00772	0.00235	0.00626	0.00804	0.00932	0.01252
49	0.02167	0.61716	0.03660	0.01411	0.02015	0.14588	0.01327	0.02402	0.01646	0.01797	0.01075	0.01243	0.00974	0.00672	0.00521	0.00168	0.00907	0.00420	0.00336	0.00957
50	0.01678	0.03813	0.61525	0.02127	0.03173	0.06408	0.02644	0.05629	0.01737	0.02484	0.01371	0.01597	0.00978	0.00734	0.00720	0.00237	0.01123	0.00562	0.00347	0.01113
51	0.03214	0.01309	0.01732	0.01341	0.01889	0.01171	0.01092	0.07657	0.02192	0.60314	0.02874	0.02692	0.01898	0.05814	0.00971	0.00268	0.00664	0.00780	0.00895	0.01235
52	0.01202	0.00998	0.01263	0.01250	0.01396	0.05609	0.00960	0.01455	0.01276	0.01754	0.01991	0.02965	0.01875	0.08541	0.62518	0.01127	0.01926	0.00805	0.00408	0.00681
53	0.01971	0.02123	0.01836	0.17295	0.02576	0.28950	0.01390	0.02240	0.01710	0.01993	0.01605	0.05272	0.01435	0.05814	0.01110	0.00263	0.09068	0.00700	0.11851	0.00800

[dist]
# distance from previous block
# <min> <max>
2	7

[block]
# block no. 1 follows, 26 sequences, length 109
# corresponding to MSA columns:
# 284-392
name=unknown_B
#
# <colnr> <probs for GDERKNQSTAVLIFYWHMCP>
#	G	D	E	R	K	N	Q	S	T	A	V	L	I	F	Y	W	H	M	C	P
0	0.01910	0.06022	0.19728	0.02811	0.15088	0.01811	0.25233	0.04397	0.01784	0.08604	0.01622	0.02010	0.01233	0.03287	0.00894	0.00256	0.01056	0.00737	0.00429	0.01090
1	0.02883	0.02125	0.02276	0.01745	0.02352	0.02352	0.01442	0.66082	0.03566	0.04780	0.01821	0.01821	0.01290	0.00911	0.00759	0.00228	0.00835	0.00683	0.00759	0.01290
2	0.01072	0.00810	0.01191	0.01191	0.01334	0.00929	0.00925	0.01338	0.01251	0.01779	0.02386	0.03251	0.06062	0.05452	0.65981	0.01159	0.01928	0.00862	0.00425	0.00675
3	0.00962	0.00865	0.05180	0.01126	0.01237	0.00688	0.00836	0.01141	0.01462	0.01966	0.04004	0.68378	0.04762	0.02272	0.00953	0.00304	0.00483	0.02056	0.00680	0.00648
4	0.01551	0.01474	0.02325	0.55909	0.14447	0.04230	0.02050	0.02030	0.01575	0.02053	0.01401	0.02010	0.01078	0.00752	0.00745	0.00243	0.00980	0.00669	0.03586	0.00892
5	0.35530	0.01647	0.02392	0.09229	0.05179	0.01741	0.19969	0.05038	0.01649	0.08835	0.01444	0.01720	0.01065	0.00719	0.00672	0.00242	0.00860	0.00632	0.00481	0.00958
6	0.01945	0.51637	0.18901	0.01597	0.02345	0.06122	0.03946	0.02346	0.01595	0.01953	0.01148	0.01342	0.00977	0.00672	0.00565	0.00185	0.00927	0.00463	0.00329	0.01004
7	0.01793	0.01714	0.02880	0.10424	0.55915	0.01787	0.02204	0.02226	0.01685	0.02405	0.03806	0.02013	0.01386	0.00759	0.00874	0.00235	0.05680	0.00700	0.00386	0.01126
8	0.00907	0.00764	0.00786	0.00790	0.01033	0.00643	0.00589	0.01105	0.01739	0.02095	0.10634	0.09967	0.62518	0.01921	0.00899	0.00257	0.00385	0.01612	0.00711	0.00643
9	0.00907	0.00728	0.00810	0.00877	0.01053	0.00631	0.00624	0.01076	0.01625	0.02007	0.06367	0.31947	0.44507	0.02092	0.00923	0.00276	0.00405	0.01810	0.00704	0.00631
10	0.02175	0.22968	0.20705	0.01921	0.05703	0.05360	0.05077	0.12463	0.01975	0.09589	0.01506	0.01657	0.01136	0.00775	0.00746	0.00217	0.03882	0.00580	0.00465	0.01099
11	0.01035	0.00802	0.00946	0.00905	0.01121	0.00728	0.00680	0.01392	0.04210	0.02676	0.43440	0.06178	0.29774	0.01671	0.00891	0.00246	0.00376	0.01440	0.00784	0.00704
12	0.03403	0.01291	0.01760	0.01350	0.01936	0.01115	0.01115	0.03697	0.02171	0.69137	0.02992	0.02582	0.01878	0.00939	0.00763	0.00235	0.00645	0.00763	0.00939	0.01291
13	0.01800	0.01794	0.05574	0.06343	0.46585	0.01771	0.04705	0.05263	0.01749	0.02478	0.01652	0.05747	0.01488	0.00882	0.00912	0.00245	0.06325	0.03167	0.00416	0.01104
14	0.01692	0.01636	0.02720	0.21578	0.24407	0.04075	0.13758	0.04292	0.01744	0.02350	0.01914	0.05162	0.03948	0.00878	0.00794	0.00244	0.00947	0.03215	0.03666	0.00980
15	0.02810	0.01811	0.02030	0.01603	0.02168	0.01942	0.01309	0.37453	0.16336	0.20790	0.02379	0.02222	0.01651	0.00942	0.00762	0.00236	0.00738	0.00739	0.00807	0.01272
16	0.40203	0.01670	0.01794	0.04552	0.17613	0.06013	0.01319	0.04872	0.01566	0.05267	0.01324	0.01692	0.01085	0.04251	0.00831	0.00259	0.03740	0.00556	0.00460	0.00935
17	0.02398	0.01163	0.01362	0.01121	0.01522	0.01137	0.00901	0.13411	0.02141	0.27626	0.02554	0.02566	0.01808	0.00909	0.00655	0.00207	0.00543	0.00723	0.36232	0.01021
18	0.01716	0.05029	0.09894	0.02844	0.03560	0.01883	0.50895	0.02310	0.01716	0.02345	0.01643	0.06399	0.01363	0.00784	0.00934	0.00257	0.04122	0.00915	0.00394	0.00996
19	0.08127	0.01302	0.01720	0.01327	0.01907	0.01152	0.01096	0.03605	0.02116	0.65013	0.02871	0.02497	0.01811	0.00924	0.00744	0.00235	0.00642	0.00741	0.00909	0.01261
20	0.00916	0.00769	0.00796	0.00789	0.01037	0.00649	0.00592	0.01127	0.01776	0.02160	0.14450	0.07117	0.61469	0.01880	0.00896	0.00254	0.00381	0.01575	0.00719	0.00649
21	0.01659	0.01659	0.02323	0.01991	0.01991	0.02323	0.01659	0.01825	0.01162	0.01825	0.00996	0.01659	0.00996	0.01328	0.02489	0.00332	0.71955	0.00664	0.00332	0.00830
22	0.01573	0.01348	0.01573	0.01123	0.01798	0.01011	0.00899	0.01910	0.01573	0.02472	0.01348	0.01573	0.01123	0.00562	0.00562	0.00112	0.00562	0.00449	0.00449	0.77980
23	0.78701	0.01467	0.01115	0.00997	0.01467	0.01702	0.00821	0.02230	0.01291	0.03403	0.01056	0.01232	0.00821	0.00704	0.00469	0.00235	0.00587	0.00411	0.00469	0.00821
24	0.01084	0.00813	0.01219	0.01219	0.01354	0.00948	0.00948	0.01354	0.01219	0.01761	0.02032	0.02980	0.01896	0.05689	0.70337	0.01219	0.02032	0.00813	0.00406	0.00677
25	0.78701	0.01467	0.01115	0.00997	0.01467	0.01702	0.00821	0.02230	0.01291	0.03403	0.01056	0.01232	0.00821	0.00704	0.00469	0.00235	0.00587	0.00411	0.00469	0.00821
26	0.01103	0.00735	0.00827	0.00827	0.00827	0.00735	0.00460	0.01103	0.01103	0.01471	0.02390	0.04964	0.02758	0.73343	0.03861	0.00735	0.00735	0.01103	0.00460	0.00460
27	0.00924	0.00660	0.00880	0.01056	0.01100	0.00616	0.00704	0.01056	0.01452	0.01936	0.04181	0.72848	0.05017	0.02376	0.00968	0.00308	0.00440	0.02156	0.00704	0.00616
28	0.02883	0.02125	0.02276	0.01745	0.02352	0.02352	0.01442	0.66082	0.03566	0.04780	0.01821	0.01821	0.01290	0.00911	0.00759	0.00228	0.00835	0.00683	0.00759	0.01290
29	0.01521	0.03923	0.69413	0.02162	0.03283	0.01762	0.02802	0.02402	0.01601	0.02402	0.01361	0.01601	0.00961	0.00721	0.00721	0.00240	0.01121	0.00560	0.00320	0.01121
30	0.02845	0.03264	0.02179	0.01905	0.02347	0.54312	0.01460	0.17864	0.02483	0.02544	0.01325	0.01474	0.01051	0.00812	0.00702	0.00203	0.01242	0.00534	0.00477	0.00976
31	0.01668	0.01040	0.01312	0.01209	0.01506	0.01026	0.00963	0.02335	0.13799	0.14929	0.33564	0.05095	0.04845	0.01440	0.00875	0.00260	0.00513	0.11900	0.00819	0.00904
32	0.01521	0.03923	0.69413	0.02162	0.03283	0.01762	0.02802	0.02402	0.01601	0.02402	0.01361	0.01601	0.00961	0.00721	0.00721	0.00240	0.01121	0.00560	0.00320	0.01121
33	0.01103	0.00735	0.00827	0.00827	0.00827	0.00735	0.00460	0.01103	0.01103	0.01471	0.02390	0.04964	0.02758	0.73343	0.03861	0.00735	0.00735	0.01103	0.00460	0.00460
34	0.03363	0.01355	0.01800	0.01380	0.01968	0.01210	0.01140	0.08496	0.02278	0.64186	0.02902	0.02523	0.01832	0.00937	0.00762	0.00234	0.00660	0.00757	0.00925	0.01291
35	0.01725	0.09839	0.55066	0.02076	0.03095	0.01830	0.05766	0.02491	0.01650	0.07482	0.01468	0.01665	0.01042	0.00727	0.00712	0.00234	0.01065	0.00579	0.00371	0.01116
36	0.01084	0.00902	0.00988	0.01123	0.01201	0.06185	0.00765	0.01232	0.01541	0.01983	0.07029	0.63899	0.04797	0.02209	0.00942	0.00296	0.00510	0.01985	0.00685	0.00642
37	0.01414	0.00707	0.00707	0.00707	0.00884	0.00707	0.00530	0.01767	0.01591	0.02828	0.02474	0.02828	0.01944	0.00884	0.00530	0.00177	0.00353	0.00707	0.77554	0.00707
38	0.01778	0.02349	0.16519	0.02838	0.06504	0.01957	0.39261	0.05411	0.01754	0.02461	0.01439	0.01891	0.01103	0.00760	0.01057	0.00260	0.10458	0.00780	0.00382	0.01038
39	0.01802	0.05210	0.03066	0.16045	0.50501	0.01847	0.06034	0.02263	0.01685	0.02348	0.01402	0.01881	0.01154	0.00687	0.00748	0.00229	0.00938	0.00676	0.00367	0.01117
40	0.01921	0.03315	0.44674	0.02045	0.02948	0.07732	0.04467	0.10959	0.07183	0.05237	0.01610	0.01760	0.01155	0.00781	0.00734	0.00236	0.01051	0.00613	0.00445	0.01132
41	0.43201	0.05307	0.01781	0.01557	0.04420	0.26183	0.03121	0.02526	0.01639	0.02720	0.01126	0.01329	0.00908	0.00726	0.00570	0.00218	0.00907	0.00463	0.00429	0.00869
42	0.00963	0.00771	0.00860	0.00838	0.01065	0.00669	0.00628	0.01217	0.01885	0.02420	0.30330	0.06688	0.45426	0.01782	0.00896	0.00250	0.00374	0.01515	0.00753	0.00669
43	0.01066	0.00883	0.00923	0.00882	0.01156	0.00803	0.00670	0.04019	0.06232	0.02354	0.14216	0.06583	0.53962	0.01776	0.00882	0.00253	0.00414	0.01486	0.00726	0.00714
44	0.01103	0.00735	0.00827	0.00827	0.00827	0.00735	0.00460	0.01103	0.01103	0.01471	0.02390	0.04964	0.02758	0.73343	0.03861	0.00735	0.00735	0.01103	0.00460	0.00460
45	0.00984	0.00790	0.00890	0.00917	0.01146	0.00696	0.00722	0.01229	0.01788	0.02225	0.15070	0.07327	0.47568	0.01906	0.00926	0.00272	0.00442	0.13718	0.00721	0.00662
46	0.78701	0.01467	0.01115	0.00997	0.01467	0.01702	0.00821	0.02230	0.01291	0.03403	0.01056	0.01232	0.00821	0.00704	0.00469	0.00235	0.00587	0.00411	0.00469	0.00821
47	0.01573	0.01348	0.01573	0.01123	0.01798	0.01011	0.00899	0.01910	0.01573	0.02472	0.01348	0.01573	0.01123	0.00562	0.00562	0.00112	0.00562	0.00449	0.00449	0.77980
48	0.01573	0.01348	0.01573	0.01123	0.01798	0.01011	0.00899	0.01910	0.01573	0.02472	0.01348	0.01573	0.01123	0.00562	0.00562	0.00112	0.00562	0.00449	0.00449	0.77980
49	0.03143	0.01678	0.07079	0.01500	0.02132	0.01438	0.01317	0.17390	0.02436	0.49775	0.02608	0.02338	0.01677	0.00916	0.00759	0.00234	0.00724	0.00730	0.00851	0.01278
50	0.02704	0.05756	0.02345	0.01740	0.02324	0.05124	0.03588	0.48041	0.10812	0.06935	0.01944	0.01930	0.01402	0.00898	0.00748	0.00228	0.00835	0.00692	0.00717	0.01237
51	0.03403	0.01291	0.01760	0.01350	0.01936	0.01115	0.01115	0.03697	0.02171	0.69137	0.02992	0.02582	0.01878	0.00939	0.00763	0.00235	0.00645	0.00763	0.00939	0.01291
52	0.00896	0.00768	0.00768	0.00768	0.01025	0.00640	0.00576	0.01089	0.01729	0.02049	0.07684	0.07300	0.68304	0.01921	0.00896	0.00256	0.00384	0.01601	0.00704	0.00640
53	0.01460	0.01503	0.05752	0.64552	0.08366	0.01695	0.02153	0.01982	0.01532	0.01989	0.01353	0.01993	0.01018	0.00752	0.00756	0.00251	0.01011	0.00668	0.00338	0.00875
54	0.02113	0.66543	0.03794	0.01354	0.01988	0.06409	0.01314	0.05575	0.01676	0.01942	0.01100	0.01255	0.00990	0.00669	0.00511	0.00167	0.00841	0.00424	0.00350	0.00985
55	0.01222	0.00873	0.01222	0.01397	0.01572	0.00873	0.01222	0.01572	0.01746	0.02270	0.04016	0.08556	0.04365	0.02095	0.01048	0.00349	0.00698	0.63506	0.00698	0.00698
56	0.78701	0.01467	0.01115	0.00997	0.01467	0.01702	0.00821	0.02230	0.01291	0.03403	0.01056	0.01232	0.00821	0.00704	0.00469	0.00235	0.00587	0.00411	0.00469	0.00821
57	0.00896	0.00768	0.00768	0.00768	0.01025	0.00640	0.00576	0.01089	0.01729	0.02049	0.07684	0.07300	0.68304	0.01921	0.00896	0.00256	0.00384	0.01601	0.00704	0.00640
58	0.01877	0.01802	0.03079	0.04656	0.68612	0.01802	0.02328	0.02328	0.01727	0.02478	0.01427	0.01877	0.01201	0.00676	0.00751	0.00225	0.00901	0.00676	0.00375	0.01201
59	0.02880	0.02225	0.02268	0.01759	0.02352	0.06949	0.01443	0.61816	0.03470	0.04583	0.01777	0.01790	0.01269	0.00902	0.00754	0.00225	0.00871	0.00670	0.00734	0.01262
60	0.01950	0.01628	0.01815	0.01759	0.06763	0.01848	0.01278	0.03894	0.59791	0.05900	0.02964	0.02751	0.02217	0.01000	0.00770	0.00254	0.00624	0.00841	0.00750	0.01204
61	0.02883	0.02125	0.02276	0.01745	0.02352	0.02352	0.01442	0.66082	0.03566	0.04780	0.01821	0.01821	0.01290	0.00911	0.00759	0.00228	0.00835	0.00683	0.00759	0.01290
62	0.01877	0.01802	0.03079	0.04656	0.68612	0.01802	0.02328	0.02328	0.01727	0.02478	0.01427	0.01877	0.01201	0.00676	0.00751	0.00225	0.00901	0.00676	0.00375	0.01201
63	0.02629	0.08809	0.04812	0.01727	0.04350	0.05151	0.01432	0.12111	0.02037	0.29143	0.01956	0.01999	0.01393	0.00974	0.01139	0.00248	0.17661	0.00669	0.00640	0.01121
64	0.00914	0.00770	0.00796	0.00811	0.01055	0.00651	0.00614	0.01112	0.01719	0.02056	0.07365	0.09828	0.62655	0.01947	0.00907	0.00263	0.00402	0.04787	0.00704	0.00642
65	0.01222	0.00873	0.01222	0.01397	0.01572	0.00873	0.01222	0.01572	0.01746	0.02270	0.04016	0.08556	0.04365	0.02095	0.01048	0.00349	0.00698	0.63506	0.00698	0.00698
66	0.02484	0.15844	0.06549	0.01537	0.02126	0.05201	0.01356	0.22049	0.12041	0.16201	0.02332	0.02249	0.04888	0.00917	0.00710	0.00222	0.00778	0.00701	0.00665	0.01153
67	0.02791	0.07494	0.04235	0.05272	0.13186	0.07254	0.01490	0.10269	0.02158	0.34910	0.02174	0.02117	0.01487	0.00842	0.00731	0.00224	0.00812	0.00678	0.00686	0.01191
68	0.03403	0.01291	0.01760	0.01350	0.01936	0.01115	0.01115	0.03697	0.02171	0.69137	0.02992	0.02582	0.01878	0.00939	0.00763	0.00235	0.00645	0.00763	0.00939	0.01291
69	0.78701	0.01467	0.01115	0.00997	0.01467	0.01702	0.00821	0.02230	0.01291	0.03403	0.01056	0.01232	0.00821	0.00704	0.00469	0.00235	0.00587	0.00411	0.00469	0.00821
70	0.01064	0.00775	0.01001	0.00945	0.01128	0.00712	0.00709	0.01414	0.02126	0.02991	0.65116	0.05749	0.10283	0.01570	0.00895	0.00239	0.00359	0.01383	0.00828	0.00712
71	0.01688	0.01345	0.01585	0.01138	0.01806	0.01018	0.00912	0.02022	0.01610	0.06654	0.01451	0.01636	0.01171	0.00585	0.00574	0.00120	0.00567	0.00469	0.00480	0.73169
72	0.01044	0.00819	0.00886	0.00860	0.01101	0.00743	0.00648	0.01414	0.05936	0.02435	0.22568	0.06255	0.43326	0.01690	0.00860	0.00246	0.00389	0.01426	0.06654	0.00700
73	0.00923	0.00769	0.00805	0.00796	0.01041	0.00652	0.00597	0.01139	0.01791	0.02197	0.16676	0.07057	0.59220	0.01866	0.00896	0.00254	0.00380	0.01567	0.00724	0.00652
74	0.04870	0.02621	0.19920	0.02074	0.07736	0.18417	0.07346	0.02433	0.01794	0.05707	0.01904	0.02438	0.04454	0.00879	0.00738	0.00224	0.01005	0.05464	0.00446	0.09531
75	0.78701	0.01467	0.01115	0.00997	0.01467	0.01702	0.00821	0.02230	0.01291	0.03403	0.01056	0.01232	0.00821	0.00704	0.00469	0.00235	0.00587	0.00411	0.00469	0.00821
76	0.01084	0.00813	0.01219	0.01219	0.01354	0.00948	0.00948	0.01354	0.01219	0.01761	0.02032	0.02980	0.01896	0.05689	0.70337	0.01219	0.02032	0.00813	0.00406	0.00677
77	0.01659	0.01659	0.02323	0.01991	0.01991	0.02323	0.01659	0.01825	0.01162	0.01825	0.00996	0.01659	0.00996	0.01328	0.02489	0.00332	0.71955	0.00664	0.00332	0.00830
78	0.75175	0.01497	0.01169	0.01032	0.01508	0.01732	0.00850	0.05200	0.01397	0.03467	0.01092	0.01260	0.00843	0.00714	0.00483	0.00234	0.00598	0.00423	0.00483	0.00843
79	0.01777	0.29158	0.40463	0.01919	0.04836	0.05400	0.02180	0.02381	0.01609	0.02155	0.01243	0.01460	0.00974	0.00696	0.00635	0.00209	0.01013	0.00505	0.00327	0.01059
80	0.02161	0.57565	0.06289	0.01458	0.02077	0.15791	0.01391	0.02421	0.01660	0.01823	0.01089	0.01261	0.00974	0.00677	0.00534	0.00172	0.00930	0.00428	0.00337	0.00961
81	0.01790	0.02046	0.04476	0.03197	0.03964	0.01918	0.65857	0.02430	0.01790	0.02430	0.01535	0.02046	0.01151	0.00639	0.00895	0.00256	0.01279	0.00895	0.00384	0.01023
82	0.02762	0.09382	0.02423	0.01702	0.02298	0.05218	0.01420	0.54961	0.05446	0.04304	0.01760	0.01775	0.01280	0.00883	0.00729	0.00221	0.00847	0.00653	0.00700	0.01238
83	0.01889	0.30897	0.05275	0.04061	0.01983	0.18196	0.01264	0.02141	0.01703	0.01920	0.04771	0.08701	0.06043	0.04525	0.00825	0.00234	0.00876	0.03402	0.00441	0.00853
84	0.04899	0.15351	0.33155	0.01816	0.02616	0.01903	0.04368	0.02648	0.04420	0.14826	0.01657	0.01775	0.01196	0.00796	0.00797	0.00232	0.05385	0.00597	0.00465	0.01097
85	0.01573	0.01357	0.01963	0.19081	0.20796	0.01485	0.01534	0.02297	0.14869	0.02360	0.02278	0.02886	0.04904	0.10996	0.01178	0.00307	0.00768	0.00819	0.07611	0.00938
86	0.00924	0.00660	0.00880	0.01056	0.01100	0.00616	0.00704	0.01056	0.01452	0.01936	0.04181	0.72848	0.05017	0.02376	0.00968	0.00308	0.00440	0.02156	0.00704	0.00616
87	0.01352	0.01348	0.06166	0.02060	0.13111	0.01176	0.11452	0.01780	0.04169	0.02315	0.08271	0.23384	0.07388	0.04465	0.00995	0.00286	0.00714	0.05020	0.03704	0.00845
88	0.06132	0.02017	0.12357	0.04385	0.09780	0.01705	0.15944	0.12447	0.04767	0.16011	0.02000	0.05645	0.01518	0.00868	0.00780	0.00243	0.00908	0.00796	0.00576	0.01121
89	0.01561	0.03688	0.62052	0.02439	0.10532	0.01766	0.02750	0.02394	0.01615	0.02411	0.01368	0.01632	0.00988	0.00716	0.00724	0.00239	0.01097	0.00573	0.00326	0.01130
90	0.03403	0.01291	0.01760	0.01350	0.01936	0.01115	0.01115	0.03697	0.02171	0.69137	0.02992	0.02582	0.01878	0.00939	0.00763	0.00235	0.00645	0.00763	0.00939	0.01291
91	0.01887	0.13868	0.13234	0.07434	0.21428	0.06146	0.05978	0.02415	0.04759	0.06663	0.01928	0.04756	0.04574	0.00847	0.00726	0.00226	0.00909	0.00731	0.00441	0.01051
92	0.04648	0.01936	0.09933	0.09757	0.39101	0.04542	0.02013	0.04509	0.01769	0.02516	0.03850	0.02289	0.05373	0.00812	0.00740	0.00229	0.00873	0.00723	0.03319	0.01067
93	0.00896	0.00768	0.00768	0.00768	0.01025	0.00640	0.00576	0.01089	0.01729	0.02049	0.07684	0.07300	0.68304	0.01921	0.00896	0.00256	0.00384	0.01601	0.00704	0.00640
94	0.78701	0.01467	0.01115	0.00997	0.01467	0.01702	0.00821	0.02230	0.01291	0.03403	0.01056	0.01232	0.00821	0.00704	0.00469	0.00235	0.00587	0.00411	0.00469	0.00821
95	0.01100	0.00748	0.00894	0.00894	0.00917	0.00771	0.00542	0.01146	0.01123	0.01520	0.02329	0.04627	0.02612	0.61873	0.15132	0.00817	0.00955	0.01054	0.00451	0.00496
96	0.01573	0.01348	0.01573	0.01123	0.01798	0.01011	0.00899	0.01910	0.01573	0.02472	0.01348	0.01573	0.01123	0.00562	0.00562	0.00112	0.00562	0.00449	0.00449	0.77980
97	0.00963	0.00701	0.00908	0.01004	0.01103	0.00646	0.00697	0.01163	0.01668	0.02253	0.22260	0.48764	0.10843	0.02109	0.00942	0.00284	0.00413	0.01892	0.00740	0.00646
98	0.01222	0.00873	0.01222	0.01397	0.01572	0.00873	0.01222	0.01572	0.01746	0.02270	0.04016	0.08556	0.04365	0.02095	0.01048	0.00349	0.00698	0.63506	0.00698	0.00698
99	0.00896	0.00768	0.00768	0.00768	0.01025	0.00640	0.00576	0.01089	0.01729	0.02049	0.07684	0.07300	0.68304	0.01921	0.00896	0.00256	0.00384	0.01601	0.00704	0.00640
100	0.01877	0.01802	0.03079	0.04656	0.68612	0.01802	0.02328	0.02328	0.01727	0.02478	0.01427	0.01877	0.01201	0.00676	0.00751	0.00225	0.00901	0.00676	0.00375	0.01201
101	0.03403	0.01291	0.01760	0.01350	0.01936	0.01115	0.01115	0.03697	0.02171	0.69137	0.02992	0.02582	0.01878	0.00939	0.00763	0.00235	0.00645	0.00763	0.00939	0.01291
102	0.01052	0.00774	0.00984	0.00931	0.01120	0.00706	0.00699	0.01389	0.02096	0.02920	0.60779	0.05867	0.14665	0.01596	0.00895	0.00241	0.00361	0.01400	0.00819	0.00706
103	0.01410	0.01286	0.02136	0.64933	0.04829	0.01590	0.01967	0.01892	0.01518	0.01983	0.01525	0.05045	0.01227	0.00833	0.00756	0.00251	0.00953	0.00738	0.04301	0.00826
104	0.78701	0.01467	0.01115	0.00997	0.01467	0.01702	0.00821	0.02230	0.01291	0.03403	0.01056	0.01232	0.00821	0.00704	0.00469	0.00235	0.00587	0.00411	0.00469	0.00821
105	0.78701	0.01467	0.01115	0.00997	0.01467	0.01702	0.00821	0.02230	0.01291	0.03403	0.01056	0.01232	0.00821	0.00704	0.00469	0.00235	0.00587	0.00411	0.00469	0.00821
106	0.78701	0.01467	0.01115	0.00997	0.01467	0.01702	0.00821	0.02230	0.01291	0.03403	0.01056	0.01232	0.00821	0.00704	0.00469	0.00235	0.00587	0.00411	0.00469	0.00821
107	0.78701	0.01467	0.01115	0.00997	0.01467	0.01702	0.00821	0.02230	0.01291	0.03403	0.01056	0.01232	0.00821	0.00704	0.00469	0.00235	0.00587	0.00411	0.00469	0.00821
108	0.01847	0.01759	0.02992	0.04504	0.65493	0.01759	0.02276	0.02293	0.01728	0.02468	0.01547	0.02188	0.01349	0.00742	0.00765	0.00231	0.00892	0.03598	0.00390	0.01178

[dist]
# distance from previous block
# <min> <max>
0	9

[block]
# block no. 2 follows, 26 sequences, length 115
# corresponding to MSA columns:
# 402-479,498-534
name=unknown_C
#
# <colnr> <probs for GDERKNQSTAVLIFYWHMCP>
#	G	D	E	R	K	N	Q	S	T	A	V	L	I	F	Y	W	H	M	C	P
0	0.78701	0.01467	0.01115	0.00997	0.01467	0.01702	0.00821	0.02230	0.01291	0.03403	0.01056	0.01232	0.00821	0.00704	0.00469	0.00235	0.00587	0.00411	0.00469	0.00821
1	0.01222	0.00873	0.01222	0.01397	0.01572	0.00873	0.01222	0.01572	0.01746	0.02270	0.04016	0.08556	0.04365	0.02095	0.01048	0.00349	0.00698	0.63506	0.00698	0.00698
2	0.01432	0.01348	0.02275	0.71520	0.05224	0.01685	0.02107	0.01938	0.01517	0.01938	0.01348	0.02022	0.01011	0.00758	0.00758	0.00253	0.01011	0.00674	0.00337	0.00843
3	0.00907	0.00769	0.00782	0.00779	0.01031	0.00645	0.00584	0.01108	0.01753	0.02106	0.11126	0.07207	0.64826	0.01900	0.00896	0.00255	0.00383	0.01588	0.00712	0.00645
4	0.02965	0.01194	0.01620	0.01275	0.01785	0.01040	0.01040	0.03270	0.02166	0.56693	0.15271	0.03162	0.02872	0.01054	0.00788	0.00235	0.00591	0.00877	0.00919	0.01183
5	0.01522	0.04080	0.14402	0.07563	0.05639	0.07802	0.03927	0.01988	0.04489	0.02142	0.02374	0.16971	0.02417	0.05405	0.01082	0.00292	0.04570	0.09367	0.00493	0.03475
6	0.02026	0.05585	0.04771	0.05040	0.24885	0.07588	0.01719	0.08480	0.26261	0.02827	0.02033	0.02147	0.01578	0.00839	0.00740	0.00233	0.00829	0.00711	0.00551	0.01156
7	0.01831	0.06231	0.32489	0.04700	0.06292	0.01635	0.06769	0.04409	0.01731	0.09395	0.01543	0.01749	0.01129	0.00707	0.00699	0.00211	0.00931	0.00591	0.00433	0.16526
8	0.06057	0.09713	0.18771	0.05245	0.02589	0.11227	0.01727	0.21501	0.02305	0.11401	0.01632	0.01724	0.01173	0.00807	0.00699	0.00222	0.00948	0.00596	0.00546	0.01117
9	0.04742	0.27547	0.37807	0.01852	0.02743	0.02221	0.05281	0.05545	0.01677	0.02350	0.01276	0.01489	0.00986	0.00701	0.00642	0.00213	0.00988	0.00525	0.00353	0.01063
10	0.01103	0.00735	0.00827	0.00827	0.00827	0.00735	0.00460	0.01103	0.01103	0.01471	0.02390	0.04964	0.02758	0.73343	0.03861	0.00735	0.00735	0.01103	0.00460	0.00460
11	0.01326	0.04819	0.11165	0.01687	0.08182	0.01126	0.04638	0.01662	0.01617	0.04626	0.05640	0.29207	0.09829	0.03848	0.00965	0.00288	0.00675	0.07295	0.00588	0.00816
12	0.02180	0.07419	0.24721	0.01757	0.02539	0.01831	0.03723	0.18714	0.06070	0.11620	0.01773	0.01840	0.01270	0.00788	0.00708	0.00216	0.00870	0.00621	0.00556	0.10783
13	0.06813	0.01495	0.02407	0.01816	0.02424	0.01375	0.17794	0.03238	0.04556	0.43769	0.02551	0.02574	0.01732	0.00890	0.00791	0.00245	0.00806	0.02793	0.00757	0.01175
14	0.00924	0.00660	0.00880	0.01056	0.01100	0.00616	0.00704	0.01056	0.01452	0.01936	0.04181	0.72848	0.05017	0.02376	0.00968	0.00308	0.00440	0.02156	0.00704	0.00616
15	0.01877	0.12894	0.37833	0.02171	0.03036	0.14812	0.12281	0.02507	0.01726	0.02222	0.01312	0.01576	0.00995	0.00710	0.00710	0.00224	0.01151	0.00579	0.00344	0.01041
16	0.02790	0.02012	0.02179	0.01692	0.02266	0.02210	0.01388	0.60195	0.03397	0.06877	0.01996	0.05887	0.01522	0.00995	0.00771	0.00232	0.00806	0.00770	0.00762	0.01252
17	0.03403	0.01291	0.01760	0.01350	0.01936	0.01115	0.01115	0.03697	0.02171	0.69137	0.02992	0.02582	0.01878	0.00939	0.00763	0.00235	0.00645	0.00763	0.00939	0.01291
18	0.01556	0.01474	0.02498	0.52945	0.22833	0.01718	0.02168	0.02046	0.01575	0.02088	0.01370	0.01982	0.01064	0.00735	0.00756	0.00245	0.00981	0.00675	0.00348	0.00942
19	0.01847	0.01706	0.01958	0.21364	0.02931	0.06548	0.01509	0.05531	0.38130	0.02717	0.02300	0.02398	0.01743	0.00948	0.00859	0.00255	0.04835	0.00763	0.00597	0.01060
20	0.01521	0.03923	0.69413	0.02162	0.03283	0.01762	0.02802	0.02402	0.01601	0.02402	0.01361	0.01601	0.00961	0.00721	0.00721	0.00240	0.01121	0.00560	0.00320	0.01121
21	0.02957	0.02007	0.02203	0.01689	0.02293	0.02177	0.01396	0.57269	0.03369	0.13872	0.01987	0.01929	0.01373	0.00915	0.00759	0.00229	0.00808	0.00694	0.00784	0.01290
22	0.01507	0.02022	0.17568	0.02303	0.06070	0.01487	0.25548	0.04235	0.01725	0.02370	0.02511	0.18731	0.05340	0.01193	0.00868	0.00266	0.00949	0.03887	0.00485	0.00937
23	0.01831	0.01755	0.02995	0.11665	0.61966	0.01790	0.02305	0.02287	0.01705	0.02421	0.01419	0.01892	0.01182	0.00684	0.00752	0.00228	0.00913	0.00676	0.00371	0.01164
24	0.03223	0.01580	0.01939	0.01487	0.02081	0.01544	0.01228	0.25343	0.02655	0.46807	0.02586	0.02318	0.01674	0.00929	0.00761	0.00232	0.00711	0.00735	0.00876	0.01291
25	0.01103	0.00735	0.00827	0.00827	0.00827	0.00735	0.00460	0.01103	0.01103	0.01471	0.02390	0.04964	0.02758	0.73343	0.03861	0.00735	0.00735	0.01103	0.00460	0.00460
26	0.67663	0.01563	0.01230	0.01081	0.01557	0.05235	0.00883	0.02409	0.01418	0.09493	0.01244	0.01366	0.00929	0.00730	0.00508	0.00233	0.00633	0.00448	0.00509	0.00869
27	0.02068	0.70280	0.03883	0.01331	0.01967	0.06376	0.01306	0.02309	0.01572	0.01788	0.01060	0.01224	0.00974	0.00656	0.00497	0.00164	0.00839	0.00410	0.00328	0.00969
28	0.02580	0.22359	0.02881	0.01701	0.02329	0.02511	0.05064	0.44444	0.02893	0.03801	0.01588	0.01663	0.01193	0.00821	0.00690	0.00211	0.00853	0.00617	0.00615	0.01185
29	0.05843	0.05260	0.01946	0.01453	0.01993	0.05199	0.01194	0.19966	0.06506	0.33599	0.07234	0.02438	0.02005	0.00950	0.00743	0.00229	0.00715	0.00746	0.00795	0.01187
30	0.01095	0.00795	0.01044	0.01036	0.01218	0.00744	0.00813	0.01443	0.02044	0.02834	0.52036	0.06340	0.09627	0.01681	0.00926	0.00262	0.00429	0.14124	0.00800	0.00708
31	0.00924	0.00660	0.00880	0.01056	0.01100	0.00616	0.00704	0.01056	0.01452	0.01936	0.04181	0.72848	0.05017	0.02376	0.00968	0.00308	0.00440	0.02156	0.00704	0.00616
32	0.00922	0.00670	0.00870	0.01029	0.01093	0.00618	0.00692	0.01059	0.01478	0.01947	0.04513	0.66634	0.11016	0.02333	0.00961	0.00303	0.00435	0.02104	0.00704	0.00618
33	0.01521	0.03923	0.69413	0.02162	0.03283	0.01762	0.02802	0.02402	0.01601	0.02402	0.01361	0.01601	0.00961	0.00721	0.00721	0.00240	0.01121	0.00560	0.00320	0.01121
34	0.01684	0.01658	0.02975	0.31364	0.32879	0.01773	0.12257	0.02187	0.01652	0.02253	0.01412	0.01962	0.01117	0.00703	0.00777	0.00241	0.01005	0.00710	0.00361	0.01029
35	0.01088	0.00796	0.01136	0.01136	0.01242	0.00903	0.00844	0.01301	0.01194	0.01699	0.02108	0.03402	0.02080	0.20101	0.56176	0.01116	0.01756	0.00875	0.00418	0.00631
36	0.01040	0.00774	0.00967	0.00919	0.01112	0.00701	0.00689	0.01366	0.02067	0.02852	0.56621	0.05979	0.18866	0.01622	0.00895	0.00242	0.00363	0.01416	0.00810	0.00701
37	0.08585	0.01669	0.11353	0.29482	0.03429	0.01482	0.06894	0.02214	0.01684	0.11599	0.08692	0.05905	0.01961	0.00928	0.00764	0.00248	0.00863	0.00812	0.00504	0.00931
38	0.02154	0.02638	0.21395	0.12446	0.08568	0.08813	0.04517	0.24595	0.02347	0.03116	0.01513	0.01757	0.01112	0.00792	0.00745	0.00233	0.01018	0.00635	0.00490	0.01118
39	0.01573	0.01348	0.01573	0.01123	0.01798	0.01011	0.00899	0.01910	0.01573	0.02472	0.01348	0.01573	0.01123	0.00562	0.00562	0.00112	0.00562	0.00449	0.00449	0.77980
40	0.01432	0.01348	0.02275	0.71520	0.05224	0.01685	0.02107	0.01938	0.01517	0.01938	0.01348	0.02022	0.01011	0.00758	0.00758	0.00253	0.01011	0.00674	0.00337	0.00843
41	0.01659	0.01659	0.02323	0.01991	0.01991	0.02323	0.01659	0.01825	0.01162	0.01825	0.00996	0.01659	0.00996	0.01328	0.02489	0.00332	0.71955	0.00664	0.00332	0.00830
42	0.01047	0.00774	0.00976	0.00926	0.01117	0.00704	0.00694	0.01379	0.02083	0.02890	0.58986	0.05915	0.16477	0.01607	0.00895	0.00241	0.00362	0.01407	0.00815	0.00704
43	0.01521	0.03923	0.69413	0.02162	0.03283	0.01762	0.02802	0.02402	0.01601	0.02402	0.01361	0.01601	0.00961	0.00721	0.00721	0.00240	0.01121	0.00560	0.00320	0.01121
44	0.01074	0.00775	0.01014	0.00954	0.01133	0.00716	0.00716	0.01431	0.02147	0.03042	0.68211	0.05666	0.07157	0.01551	0.00895	0.00239	0.00358	0.01372	0.00835	0.00716
45	0.01790	0.02046	0.04476	0.03197	0.03964	0.01918	0.65857	0.02430	0.01790	0.02430	0.01535	0.02046	0.01151	0.00639	0.00895	0.00256	0.01279	0.00895	0.00384	0.01023
46	0.01006	0.00773	0.00920	0.00883	0.01092	0.00687	0.00662	0.01301	0.01987	0.02663	0.45114	0.06289	0.30491	0.01692	0.00895	0.00245	0.00368	0.01459	0.00785	0.00687
47	0.01103	0.00735	0.00827	0.00827	0.00827	0.00735	0.00460	0.01103	0.01103	0.01471	0.02390	0.04964	0.02758	0.73343	0.03861	0.00735	0.00735	0.01103	0.00460	0.00460
48	0.26038	0.01344	0.01566	0.01244	0.01795	0.01291	0.01027	0.03256	0.01906	0.49377	0.02410	0.02176	0.01560	0.00868	0.00675	0.00235	0.00628	0.00657	0.00798	0.01150
49	0.02028	0.73799	0.03975	0.01298	0.01947	0.03001	0.01298	0.02271	0.01541	0.01785	0.01055	0.01217	0.00973	0.00649	0.00487	0.00162	0.00811	0.00406	0.00324	0.00973
50	0.01801	0.01773	0.02981	0.03204	0.28107	0.01891	0.17309	0.02562	0.13732	0.02487	0.01788	0.02306	0.01480	0.00884	0.01065	0.00259	0.11756	0.03074	0.00456	0.01083
51	0.01482	0.01403	0.02044	0.01780	0.01849	0.01864	0.03927	0.01691	0.01201	0.01819	0.01358	0.02159	0.01316	0.04885	0.21824	0.00595	0.46933	0.00730	0.00359	0.00782
52	0.78701	0.01467	0.01115	0.00997	0.01467	0.01702	0.00821	0.02230	0.01291	0.03403	0.01056	0.01232	0.00821	0.00704	0.00469	0.00235	0.00587	0.00411	0.00469	0.00821
53	0.02638	0.17057	0.04614	0.01835	0.02298	0.55263	0.01476	0.02864	0.02016	0.01860	0.01156	0.01346	0.00976	0.00754	0.00647	0.00190	0.01254	0.00475	0.00376	0.00905
54	0.02441	0.01073	0.01461	0.01221	0.01623	0.01000	0.00983	0.02740	0.01881	0.40510	0.08503	0.02976	0.02358	0.02146	0.17710	0.00469	0.00930	0.00824	0.08117	0.01034
55	0.01074	0.00775	0.01014	0.00954	0.01133	0.00716	0.00716	0.01431	0.02147	0.03042	0.68211	0.05666	0.07157	0.01551	0.00895	0.00239	0.00358	0.01372	0.00835	0.00716
56	0.01269	0.01086	0.01575	0.01468	0.01560	0.01392	0.01178	0.01506	0.01201	0.01782	0.01698	0.02554	0.01606	0.04282	0.48459	0.00933	0.24579	0.00765	0.00382	0.00726
57	0.00939	0.00671	0.00897	0.01073	0.01124	0.00629	0.00730	0.01082	0.01467	0.01953	0.04172	0.69649	0.04984	0.02362	0.00972	0.00310	0.00453	0.05209	0.00704	0.00620
58	0.01224	0.00853	0.00958	0.00949	0.00979	0.03807	0.00593	0.01187	0.01136	0.01483	0.02072	0.04045	0.02288	0.48513	0.09877	0.17319	0.00871	0.00953	0.00424	0.00471
59	0.01521	0.03923	0.69413	0.02162	0.03283	0.01762	0.02802	0.02402	0.01601	0.02402	0.01361	0.01601	0.00961	0.00721	0.00721	0.00240	0.01121	0.00560	0.00320	0.01121
60	0.01432	0.01348	0.02275	0.71520	0.05224	0.01685	0.02107	0.01938	0.01517	0.01938	0.01348	0.02022	0.01011	0.00758	0.00758	0.00253	0.01011	0.00674	0.00337	0.00843
61	0.02028	0.73799	0.03975	0.01298	0.01947	0.03001	0.01298	0.02271	0.01541	0.01785	0.01055	0.01217	0.00973	0.00649	0.00487	0.00162	0.00811	0.00406	0.00324	0.00973
62	0.01414	0.00707	0.00707	0.00707	0.00884	0.00707	0.00530	0.01767	0.01591	0.02828	0.02474	0.02828	0.01944	0.00884	0.00530	0.00177	0.00353	0.00707	0.77554	0.00707
63	0.02883	0.02125	0.02276	0.01745	0.02352	0.02352	0.01442	0.66082	0.03566	0.04780	0.01821	0.01821	0.01290	0.00911	0.00759	0.00228	0.00835	0.00683	0.00759	0.01290
64	0.01040	0.00774	0.00968	0.00919	0.01113	0.00702	0.00689	0.01367	0.02068	0.02855	0.56836	0.05973	0.18649	0.01620	0.00895	0.00242	0.00363	0.01415	0.00810	0.00702
65	0.01790	0.02046	0.04476	0.03197	0.03964	0.01918	0.65857	0.02430	0.01790	0.02430	0.01535	0.02046	0.01151	0.00639	0.00895	0.00256	0.01279	0.00895	0.00384	0.01023
66	0.01432	0.01348	0.02275	0.71520	0.05224	0.01685	0.02107	0.01938	0.01517	0.01938	0.01348	0.02022	0.01011	0.00758	0.00758	0.00253	0.01011	0.00674	0.00337	0.00843
67	0.01432	0.01348	0.02275	0.71520	0.05224	0.01685	0.02107	0.01938	0.01517	0.01938	0.01348	0.02022	0.01011	0.00758	0.00758	0.00253	0.01011	0.00674	0.00337	0.00843
68	0.01659	0.01659	0.02323	0.01991	0.01991	0.02323	0.01659	0.01825	0.01162	0.01825	0.00996	0.01659	0.00996	0.01328	0.02489	0.00332	0.71955	0.00664	0.00332	0.00830
69	0.01790	0.02046	0.04476	0.03197	0.03964	0.01918	0.65857	0.02430	0.01790	0.02430	0.01535	0.02046	0.01151	0.00639	0.00895	0.00256	0.01279	0.00895	0.00384	0.01023
70	0.01877	0.01802	0.03079	0.04656	0.68612	0.01802	0.02328	0.02328	0.01727	0.02478	0.01427	0.01877	0.01201	0.00676	0.00751	0.00225	0.00901	0.00676	0.00375	0.01201
71	0.00963	0.00771	0.00861	0.00838	0.01065	0.00669	0.00629	0.01217	0.01886	0.02422	0.30419	0.06686	0.45336	0.01782	0.00896	0.00250	0.00374	0.01515	0.00753	0.00669
72	0.00896	0.00768	0.00768	0.00768	0.01025	0.00640	0.00576	0.01089	0.01729	0.02049	0.07684	0.07300	0.68304	0.01921	0.00896	0.00256	0.00384	0.01601	0.00704	0.00640
73	0.01521	0.03923	0.69413	0.02162	0.03283	0.01762	0.02802	0.02402	0.01601	0.02402	0.01361	0.01601	0.00961	0.00721	0.00721	0.00240	0.01121	0.00560	0.00320	0.01121
74	0.01550	0.03727	0.62606	0.02270	0.03354	0.01778	0.09413	0.02405	0.01621	0.02405	0.01379	0.01648	0.00981	0.00712	0.00739	0.00242	0.01138	0.00596	0.00327	0.01111
75	0.03403	0.01291	0.01760	0.01350	0.01936	0.01115	0.01115	0.03697	0.02171	0.69137	0.02992	0.02582	0.01878	0.00939	0.00763	0.00235	0.00645	0.00763	0.00939	0.01291
76	0.01573	0.01348	0.01573	0.01123	0.01798	0.01011	0.00899	0.01910	0.01573	0.02472	0.01348	0.01573	0.01123	0.00562	0.00562	0.00112	0.00562	0.00449	0.00449	0.77980
