[name]
unknown

[dist]
# distance from previous block
# <min> <max>
0	44

[block]
# block no. 0 follows, 34 sequences, length 39
# corresponding to MSA columns:
# 44-82
name=unknown_A
#
# <colnr> <probs for GDERKNQSTAVLIFYWHMCP>
#	G	D	E	R	K	N	Q	S	T	A	V	L	I	F	Y	W	H	M	C	P
0	0.01041	0.00744	0.01041	0.01190	0.01339	0.00744	0.01041	0.01339	0.01487	0.01934	0.03421	0.07288	0.03719	0.01785	0.00892	0.00297	0.00595	0.68913	0.00595	0.00595
1	0.02389	0.01131	0.01456	0.01100	0.01613	0.00958	0.00900	0.05374	0.01752	0.48834	0.03884	0.01996	0.01511	0.00721	0.00604	0.00170	0.00530	0.00584	0.00673	0.23822
2	0.00787	0.00562	0.00750	0.00900	0.00937	0.00525	0.00600	0.00900	0.01237	0.01649	0.03561	0.76871	0.04274	0.02024	0.00825	0.00262	0.00375	0.01837	0.00600	0.00525
3	0.01542	0.01520	0.02374	0.23434	0.45628	0.05866	0.03608	0.01984	0.04100	0.01974	0.01240	0.01641	0.01002	0.00611	0.00642	0.00199	0.00816	0.00576	0.00324	0.00919
4	0.73701	0.04251	0.01102	0.03085	0.01385	0.03986	0.00766	0.01917	0.01138	0.02764	0.00910	0.01073	0.00714	0.00602	0.00414	0.00197	0.00540	0.00359	0.00390	0.00707
5	0.00786	0.00631	0.00702	0.00736	0.00900	0.00547	0.00532	0.00952	0.01451	0.01814	0.13070	0.24443	0.47764	0.01703	0.00779	0.00228	0.00337	0.01465	0.00612	0.00547
6	0.01528	0.01477	0.02556	0.10870	0.56227	0.01517	0.06813	0.01917	0.01442	0.02036	0.01288	0.01834	0.01102	0.00646	0.00709	0.00203	0.03335	0.03219	0.00326	0.00955
7	0.00914	0.00660	0.00864	0.00813	0.00965	0.00610	0.00610	0.01219	0.01829	0.02591	0.72921	0.04827	0.06097	0.01321	0.00762	0.00203	0.00305	0.01169	0.00711	0.00610
8	0.00796	0.00597	0.00739	0.00828	0.00924	0.00540	0.00573	0.00943	0.01365	0.01782	0.12290	0.50770	0.21813	0.01846	0.00802	0.00244	0.00355	0.01641	0.00613	0.00540
9	0.01296	0.03342	0.73944	0.01842	0.02797	0.01501	0.02387	0.02046	0.01364	0.02046	0.01160	0.01364	0.00818	0.00614	0.00614	0.00205	0.00955	0.00477	0.00273	0.00955
10	0.00872	0.00618	0.00778	0.00867	0.00927	0.00592	0.00599	0.00991	0.01228	0.01620	0.05923	0.37832	0.08596	0.23546	0.01536	0.00367	0.00474	0.11589	0.00543	0.00502
11	0.02246	0.01012	0.01343	0.01100	0.01500	0.00905	0.00899	0.05523	0.01817	0.46811	0.13241	0.05660	0.02537	0.01005	0.00689	0.00207	0.00515	0.07610	0.00733	0.04647
12	0.81856	0.01250	0.00950	0.00850	0.01250	0.01449	0.00700	0.01899	0.01100	0.02899	0.00900	0.01050	0.00700	0.00600	0.00400	0.00200	0.00500	0.00350	0.00400	0.00700
13	0.00787	0.00562	0.00750	0.00900	0.00937	0.00525	0.00600	0.00900	0.01237	0.01649	0.03561	0.76871	0.04274	0.02024	0.00825	0.00262	0.00375	0.01837	0.00600	0.00525
14	0.02806	0.01076	0.01466	0.01139	0.01618	0.00931	0.00934	0.03050	0.01822	0.70530	0.02594	0.05494	0.01717	0.00854	0.00657	0.00203	0.00542	0.00702	0.00791	0.01074
15	0.01340	0.01148	0.01340	0.00957	0.01531	0.00861	0.00766	0.01627	0.01340	0.02105	0.01148	0.01340	0.00957	0.00479	0.00479	0.00096	0.00479	0.00383	0.00383	0.81242
16	0.40762	0.01152	0.01188	0.00984	0.01404	0.01191	0.00806	0.04416	0.01522	0.30853	0.08277	0.01870	0.01569	0.00751	0.00540	0.00200	0.00508	0.00551	0.00594	0.00861
17	0.01340	0.01148	0.01340	0.00957	0.01531	0.00861	0.00766	0.01627	0.01340	0.02105	0.01148	0.01340	0.00957	0.00479	0.00479	0.00096	0.00479	0.00383	0.00383	0.81242
18	0.00920	0.00633	0.00761	0.00792	0.00830	0.00627	0.00509	0.00991	0.01092	0.01456	0.05774	0.14532	0.05281	0.51031	0.05689	0.00532	0.00613	0.07029	0.00458	0.00451
19	0.01204	0.00602	0.00602	0.00602	0.00753	0.00602	0.00452	0.01506	0.01355	0.02409	0.02108	0.02409	0.01656	0.00753	0.00452	0.00151	0.00301	0.00602	0.80879	0.00602
20	0.81856	0.01250	0.00950	0.00850	0.01250	0.01449	0.00700	0.01899	0.01100	0.02899	0.00900	0.01050	0.00700	0.00600	0.00400	0.00200	0.00500	0.00350	0.00400	0.00700
21	0.01312	0.01003	0.01375	0.01612	0.11631	0.01039	0.01175	0.04139	0.12585	0.04315	0.02896	0.05374	0.02912	0.01408	0.00804	0.00264	0.00609	0.44219	0.00574	0.00755
22	0.00807	0.00637	0.00727	0.00745	0.00909	0.00558	0.00543	0.00996	0.01515	0.01941	0.22804	0.20247	0.42009	0.01635	0.00776	0.00223	0.00331	0.01410	0.00628	0.00558
23	0.00787	0.00562	0.00750	0.00900	0.00937	0.00525	0.00600	0.00900	0.01237	0.01649	0.03561	0.76871	0.04274	0.02024	0.00825	0.00262	0.00375	0.01837	0.00600	0.00525
24	0.02748	0.01238	0.01572	0.01217	0.01712	0.01168	0.01002	0.14795	0.06125	0.57676	0.02383	0.02101	0.01535	0.00800	0.00650	0.00200	0.00575	0.00643	0.00765	0.01095
25	0.01737	0.70479	0.06887	0.01169	0.01732	0.05828	0.01177	0.01970	0.01339	0.01550	0.00916	0.01059	0.00829	0.00561	0.00432	0.00143	0.00726	0.00355	0.00279	0.00832
26	0.00940	0.00626	0.00705	0.00705	0.00705	0.00626	0.00392	0.00940	0.00940	0.01253	0.02036	0.04228	0.02349	0.77292	0.03289	0.00626	0.00626	0.00940	0.00392	0.00392
27	0.81856	0.01250	0.00950	0.00850	0.01250	0.01449	0.00700	0.01899	0.01100	0.02899	0.00900	0.01050	0.00700	0.00600	0.00400	0.00200	0.00500	0.00350	0.00400	0.00700
28	0.02899	0.01100	0.01499	0.01150	0.01649	0.00950	0.00950	0.03149	0.01849	0.73709	0.02549	0.02199	0.01599	0.00800	0.00650	0.00200	0.00550	0.00650	0.00800	0.01100
29	0.02041	0.01717	0.02000	0.01772	0.08808	0.06395	0.07245	0.35191	0.19892	0.03162	0.01749	0.01789	0.01300	0.00754	0.00649	0.00199	0.00716	0.00624	0.02982	0.01016
30	0.00908	0.00660	0.00855	0.00807	0.00962	0.00607	0.00605	0.01208	0.01815	0.02557	0.70279	0.04882	0.08760	0.01333	0.00762	0.00204	0.00306	0.01176	0.00707	0.00607
31	0.01145	0.00970	0.01030	0.00979	0.01246	0.01014	0.00751	0.02036	0.32139	0.02185	0.06422	0.08966	0.33648	0.01327	0.00726	0.00224	0.00419	0.03392	0.00628	0.00755
32	0.01204	0.01104	0.01826	0.57535	0.09863	0.01312	0.01621	0.01611	0.01393	0.01841	0.12627	0.02208	0.01712	0.00748	0.00664	0.00211	0.00764	0.00669	0.00358	0.00727
33	0.00843	0.00658	0.00765	0.00738	0.00922	0.00579	0.00554	0.01082	0.01661	0.02193	0.41637	0.05482	0.37629	0.01470	0.00763	0.00210	0.00315	0.01260	0.00659	0.00579
34	0.01692	0.67447	0.05866	0.01294	0.01871	0.02427	0.08198	0.01952	0.01336	0.01594	0.00949	0.01119	0.00844	0.00554	0.00457	0.00149	0.00740	0.00392	0.00281	0.00838
35	0.01511	0.01438	0.02444	0.16929	0.58286	0.01490	0.01917	0.01901	0.01439	0.02021	0.01279	0.01816	0.01086	0.00630	0.00649	0.00200	0.00779	0.02910	0.00323	0.00953
36	0.01296	0.00941	0.01062	0.00952	0.01218	0.03343	0.00731	0.01706	0.09809	0.10918	0.21614	0.10516	0.21009	0.01243	0.00755	0.00205	0.02944	0.01046	0.00620	0.08070
37	0.22704	0.07612	0.06812	0.01272	0.04983	0.03416	0.03362	0.09531	0.01490	0.02403	0.03330	0.05680	0.03677	0.00818	0.00627	0.03299	0.00607	0.02472	0.00423	0.15483
38	0.13086	0.05364	0.08259	0.03874	0.04252	0.05639	0.01143	0.15123	0.04146	0.14989	0.04197	0.03856	0.02981	0.04161	0.00760	0.00215	0.02924	0.00613	0.00513	0.03904

[dist]
# distance from previous block
# <min> <max>
1	13

[block]
# block no. 1 follows, 34 sequences, length 72
# corresponding to MSA columns:
# 96-134,141-159,163-176
name=unknown_B
#
# <colnr> <probs for GDERKNQSTAVLIFYWHMCP>
#	G	D	E	R	K	N	Q	S	T	A	V	L	I	F	Y	W	H	M	C	P
0	0.05652	0.08415	0.06413	0.01212	0.01613	0.05877	0.02801	0.10231	0.09445	0.05818	0.03993	0.05185	0.08452	0.06024	0.00855	0.00221	0.03566	0.03149	0.00487	0.10589
1	0.01054	0.06307	0.01166	0.00982	0.01156	0.00814	0.04002	0.01210	0.01260	0.03630	0.02927	0.28422	0.08682	0.19767	0.01360	0.00326	0.00528	0.09773	0.00503	0.06131
2	0.01775	0.69304	0.03199	0.01155	0.01685	0.07958	0.01113	0.02038	0.03909	0.01568	0.00968	0.01096	0.00871	0.00573	0.00436	0.00143	0.00720	0.00365	0.00294	0.00830
3	0.01266	0.00863	0.01009	0.02984	0.01166	0.00889	0.00689	0.13788	0.01763	0.02543	0.29471	0.03479	0.03372	0.13713	0.02975	0.00282	0.00482	0.00876	0.17728	0.00662
4	0.00866	0.00629	0.00828	0.00950	0.01026	0.00606	0.00679	0.01089	0.04217	0.01804	0.08807	0.58622	0.04241	0.01890	0.00823	0.00261	0.00406	0.11084	0.00610	0.00561
5	0.21643	0.05370	0.01962	0.01458	0.01935	0.04418	0.13699	0.16069	0.07847	0.14143	0.01552	0.01637	0.01130	0.00839	0.03345	0.00230	0.00740	0.00567	0.00511	0.00907
6	0.07800	0.02029	0.01897	0.06583	0.02017	0.29206	0.03374	0.03762	0.01402	0.01751	0.00960	0.01327	0.00842	0.00858	0.01239	0.00224	0.33170	0.00500	0.00321	0.00738
7	0.78956	0.01246	0.00985	0.03544	0.01365	0.01449	0.00739	0.01890	0.01107	0.02854	0.00909	0.01074	0.00706	0.00601	0.00409	0.00200	0.00513	0.00358	0.00396	0.00700
8	0.01599	0.01535	0.02623	0.03966	0.73262	0.01535	0.01983	0.01983	0.01471	0.02111	0.01215	0.01599	0.01023	0.00576	0.00640	0.00192	0.00768	0.00576	0.00320	0.01023
9	0.01338	0.01228	0.02011	0.47485	0.22043	0.01410	0.01707	0.04427	0.01388	0.01847	0.01315	0.04541	0.01113	0.04574	0.00785	0.00231	0.00801	0.00639	0.00327	0.00789
10	0.02100	0.01593	0.01718	0.01434	0.03719	0.03691	0.01132	0.45250	0.13344	0.05545	0.08018	0.02254	0.03607	0.00880	0.00666	0.00201	0.00642	0.02562	0.00638	0.01005
11	0.00800	0.00638	0.00722	0.00769	0.00931	0.00559	0.00569	0.00969	0.01434	0.01786	0.09549	0.24761	0.45614	0.01730	0.00789	0.00235	0.00359	0.06633	0.00606	0.00548
12	0.08290	0.01307	0.01538	0.01301	0.04973	0.04109	0.01005	0.15962	0.01969	0.43040	0.02198	0.02043	0.03332	0.00785	0.00620	0.00195	0.00592	0.00619	0.05110	0.01011
13	0.00809	0.00596	0.00758	0.00845	0.00933	0.00545	0.00585	0.00967	0.01390	0.01850	0.17718	0.51858	0.15121	0.01826	0.00803	0.00244	0.00354	0.01633	0.00622	0.00545
14	0.02217	0.24501	0.02278	0.01504	0.01900	0.53983	0.01207	0.02395	0.01682	0.01564	0.00970	0.01128	0.00831	0.00633	0.00534	0.00158	0.01029	0.00396	0.00317	0.00772
15	0.00864	0.00591	0.00784	0.00913	0.00977	0.00550	0.00629	0.00991	0.01277	0.03860	0.03631	0.68524	0.06636	0.01961	0.00821	0.00261	0.00390	0.05189	0.00606	0.00547
16	0.01599	0.01535	0.02623	0.03966	0.73262	0.01535	0.01983	0.01983	0.01471	0.02111	0.01215	0.01599	0.01023	0.00576	0.00640	0.00192	0.00768	0.00576	0.00320	0.01023
17	0.01770	0.05818	0.03926	0.01891	0.11807	0.11825	0.07402	0.12442	0.16424	0.02367	0.04295	0.01803	0.01380	0.00785	0.00829	0.00205	0.10698	0.00611	0.02820	0.00901
18	0.01480	0.04259	0.09819	0.01812	0.19091	0.01190	0.01271	0.01899	0.04197	0.04762	0.01268	0.01469	0.01017	0.00548	0.00544	0.00141	0.00613	0.00462	0.00378	0.43780
19	0.01481	0.02317	0.34394	0.12238	0.23800	0.03382	0.03723	0.02081	0.03976	0.04686	0.01279	0.01554	0.00960	0.00623	0.00631	0.00202	0.00865	0.00540	0.00325	0.00944
20	0.70082	0.01227	0.01032	0.00894	0.01309	0.01375	0.00737	0.02086	0.01211	0.13458	0.01146	0.01221	0.00834	0.00630	0.00437	0.00200	0.00507	0.00395	0.00459	0.00759
21	0.01154	0.00913	0.01420	0.06911	0.05695	0.00867	0.10008	0.01464	0.01615	0.06591	0.29723	0.06020	0.19004	0.01176	0.00736	0.00211	0.00505	0.02531	0.02770	0.00689
22	0.01639	0.12267	0.28182	0.08205	0.10733	0.14573	0.07659	0.02101	0.01461	0.03602	0.01141	0.01397	0.00883	0.00626	0.00643	0.00192	0.03008	0.00500	0.00308	0.00880
23	0.00881	0.00657	0.00764	0.00758	0.00936	0.00576	0.00560	0.01088	0.01571	0.04146	0.28525	0.15615	0.38476	0.01559	0.00768	0.00219	0.00333	0.01343	0.00644	0.00581
24	0.01123	0.00686	0.00850	0.00823	0.00948	0.00640	0.00571	0.01271	0.01384	0.10044	0.21580	0.15352	0.09324	0.28756	0.01672	0.00368	0.00469	0.02992	0.00577	0.00569
25	0.01473	0.01426	0.02463	0.26321	0.41813	0.01516	0.08239	0.01954	0.04715	0.01990	0.01269	0.01689	0.01013	0.00609	0.00654	0.00203	0.00815	0.00600	0.00326	0.00913
26	0.01601	0.01531	0.02481	0.15771	0.46722	0.03209	0.06201	0.06951	0.01542	0.02133	0.01211	0.01607	0.00985	0.00630	0.00723	0.00202	0.04634	0.00584	0.00337	0.00945
27	0.00834	0.00599	0.00801	0.00947	0.01010	0.00566	0.00679	0.00983	0.01291	0.01706	0.03626	0.61693	0.06261	0.01968	0.00836	0.00268	0.00415	0.14380	0.00599	0.00539
28	0.01900	0.01200	0.01322	0.01095	0.01451	0.01268	0.00883	0.28266	0.08241	0.12128	0.04306	0.02423	0.04484	0.00860	0.00603	0.00188	0.00517	0.02670	0.25305	0.00889
29	0.04830	0.12570	0.06303	0.10782	0.25920	0.08550	0.07633	0.07129	0.01565	0.04057	0.01281	0.04203	0.01071	0.00663	0.00610	0.00191	0.00808	0.00578	0.00360	0.00895
30	0.01711	0.01697	0.05975	0.03773	0.16900	0.05229	0.14258	0.15464	0.15023	0.02537	0.04517	0.01982	0.03310	0.00753	0.00732	0.00207	0.03852	0.00672	0.00466	0.00944
31	0.02162	0.01524	0.01752	0.01373	0.01804	0.01667	0.03805	0.48307	0.02496	0.07989	0.01667	0.01760	0.01219	0.00930	0.03431	0.00224	0.03680	0.00600	0.12630	0.00981
32	0.01727	0.77681	0.03386	0.01106	0.01658	0.02557	0.01106	0.01935	0.01313	0.01520	0.00898	0.01036	0.00829	0.00553	0.00415	0.00138	0.00691	0.00345	0.00276	0.00829
33	0.00959	0.00672	0.00865	0.00810	0.00977	0.00614	0.00610	0.01251	0.01802	0.04526	0.65835	0.04860	0.11117	0.01331	0.00759	0.00204	0.00313	0.01169	0.00705	0.00619
34	0.00811	0.00602	0.00746	0.00821	0.00916	0.00549	0.00567	0.00962	0.01374	0.01809	0.15824	0.45446	0.19660	0.05641	0.00926	0.00261	0.00365	0.01574	0.00608	0.00537
35	0.00773	0.00639	0.00678	0.00702	0.00887	0.00544	0.00514	0.00933	0.01446	0.01761	0.08509	0.18047	0.58959	0.01690	0.00774	0.00225	0.00334	0.01436	0.00604	0.00544
36	0.01488	0.36393	0.42575	0.01514	0.02291	0.01970	0.01817	0.01997	0.01341	0.01812	0.01043	0.01218	0.00823	0.00587	0.00525	0.00175	0.00838	0.00419	0.00274	0.00899
37	0.01388	0.01192	0.01362	0.01021	0.01558	0.00995	0.00812	0.01952	0.14061	0.02213	0.01415	0.01532	0.01140	0.00550	0.00511	0.00118	0.00484	0.00445	0.00432	0.66820
38	0.00935	0.00645	0.00800	0.00800	0.00833	0.00678	0.00510	0.01001	0.00968	0.01323	0.01949	0.03747	0.02140	0.56665	0.23630	0.00744	0.00941	0.00869	0.00379	0.00444
39	0.01220	0.01148	0.01938	0.75739	0.04450	0.01436	0.01794	0.01651	0.01292	0.01651	0.01148	0.01723	0.00861	0.00646	0.00646	0.00215	0.00861	0.00574	0.00287	0.00718
40	0.01543	0.01251	0.01763	0.08522	0.21628	0.01107	0.01211	0.01867	0.01418	0.08614	0.01295	0.01524	0.01026	0.00550	0.00554	0.00143	0.00599	0.00478	0.00395	0.44513
41	0.81856	0.01250	0.00950	0.00850	0.01250	0.01449	0.00700	0.01899	0.01100	0.02899	0.00900	0.01050	0.00700	0.00600	0.00400	0.00200	0.00500	0.00350	0.00400	0.00700
42	0.00909	0.00660	0.00856	0.00807	0.00962	0.00607	0.00605	0.01208	0.01815	0.02558	0.70331	0.04881	0.08707	0.01333	0.00762	0.00204	0.00306	0.01176	0.00707	0.00607
43	0.01015	0.00725	0.01011	0.01159	0.01297	0.00721	0.00995	0.01293	0.01461	0.01904	0.03436	0.14598	0.03777	0.01810	0.00885	0.00294	0.00572	0.61866	0.00595	0.00588
44	0.01296	0.03342	0.73944	0.01842	0.02797	0.01501	0.02387	0.02046	0.01364	0.02046	0.01160	0.01364	0.00818	0.00614	0.00614	0.00205	0.00955	0.00477	0.00273	0.00955
45	0.01725	0.01621	0.02443	0.08823	0.55254	0.05303	0.01833	0.11021	0.01681	0.02306	0.01243	0.01580	0.01012	0.00612	0.00638	0.00193	0.00787	0.00568	0.00361	0.00997
46	0.00814	0.00580	0.00773	0.00911	0.00960	0.00546	0.00625	0.00944	0.01270	0.01696	0.06261	0.67357	0.04258	0.03901	0.00890	0.00272	0.00394	0.06419	0.00599	0.00530
47	0.49680	0.01675	0.05442	0.01616	0.15027	0.11100	0.01121	0.03901	0.01333	0.02562	0.01004	0.01199	0.00796	0.00609	0.00488	0.00194	0.00669	0.00415	0.00376	0.00792
48	0.00785	0.00571	0.00741	0.00877	0.00931	0.00527	0.00590	0.00902	0.01259	0.01658	0.03833	0.70443	0.10526	0.01989	0.00819	0.00258	0.00371	0.01794	0.00600	0.00527
49	0.81856	0.01250	0.00950	0.00850	0.01250	0.01449	0.00700	0.01899	0.01100	0.02899	0.00900	0.01050	0.00700	0.00600	0.00400	0.00200	0.00500	0.00350	0.00400	0.00700
50	0.01340	0.01148	0.01340	0.00957	0.01531	0.00861	0.00766	0.01627	0.01340	0.02105	0.01148	0.01340	0.00957	0.00479	0.00479	0.00096	0.00479	0.00383	0.00383	0.81242
51	0.04705	0.13143	0.30074	0.01811	0.09736	0.07147	0.03730	0.05313	0.07221	0.09125	0.01382	0.01501	0.01025	0.00649	0.00591	0.00191	0.00814	0.00510	0.00388	0.00943
52	0.01389	0.24249	0.07325	0.01295	0.03509	0.03537	0.07330	0.04974	0.05960	0.02066	0.16218	0.04766	0.12974	0.00944	0.00629	0.00188	0.00612	0.00791	0.00467	0.00775
53	0.00792	0.00573	0.00749	0.00879	0.00934	0.00530	0.00593	0.00916	0.01280	0.01700	0.06995	0.68815	0.08925	0.01966	0.00818	0.00257	0.00368	0.01774	0.00605	0.00530
54	0.01093	0.00774	0.01063	0.01086	0.01250	0.00766	0.04362	0.04538	0.01464	0.02030	0.03064	0.20993	0.04989	0.04290	0.00868	0.00266	0.00521	0.31674	0.14300	0.00610
55	0.01748	0.01674	0.07745	0.06199	0.42862	0.03395	0.04263	0.07525	0.08062	0.07976	0.01467	0.01699	0.01133	0.00643	0.00644	0.00197	0.00763	0.00591	0.00410	0.01004
56	0.04622	0.18699	0.14013	0.01440	0.03987	0.05335	0.04995	0.07310	0.11303	0.09827	0.05128	0.04647	0.04420	0.00792	0.00602	0.00191	0.00693	0.00637	0.00468	0.00892
57	0.02414	0.03079	0.01831	0.01665	0.01998	0.74698	0.01248	0.02580	0.01831	0.01581	0.00999	0.01165	0.00832	0.00666	0.00583	0.00166	0.01165	0.00416	0.00333	0.00749
58	0.01428	0.01320	0.03361	0.05580	0.14512	0.01105	0.04650	0.04222	0.01432	0.02150	0.01183	0.01435	0.00967	0.00522	0.00539	0.00131	0.00600	0.00456	0.00371	0.54038
59	0.04280	0.01307	0.02128	0.48240	0.21659	0.03054	0.04600	0.01774	0.01357	0.01836	0.01218	0.01798	0.00974	0.00652	0.00645	0.00210	0.00833	0.02326	0.00310	0.00799
60	0.00786	0.00566	0.00746	0.00890	0.00935	0.00526	0.00595	0.00901	0.01247	0.01653	0.03683	0.73980	0.07086	0.02008	0.00822	0.00261	0.00373	0.01817	0.00600	0.00526
61	0.00778	0.00655	0.00674	0.00669	0.00881	0.00551	0.00502	0.00954	0.01506	0.01823	0.12658	0.06090	0.66839	0.01607	0.00764	0.00217	0.00325	0.01346	0.00610	0.00551
62	0.00924	0.00689	0.01023	0.01023	0.01133	0.00799	0.00788	0.01144	0.01034	0.01488	0.01745	0.02617	0.01650	0.08226	0.71399	0.01019	0.01679	0.00704	0.00348	0.00568
63	0.02899	0.01100	0.01499	0.01150	0.01649	0.00950	0.00950	0.03149	0.01849	0.73709	0.02549	0.02199	0.01599	0.00800	0.00650	0.00200	0.00550	0.00650	0.00800	0.01100
64	0.01220	0.01148	0.01938	0.75739	0.04450	0.01436	0.01794	0.01651	0.01292	0.01651	0.01148	0.01723	0.00861	0.00646	0.00646	0.00215	0.00861	0.00574	0.00287	0.00718
65	0.00787	0.00562	0.00750	0.00900	0.00937	0.00525	0.00600	0.00900	0.01237	0.01649	0.03561	0.76871	0.04274	0.02024	0.00825	0.00262	0.00375	0.01837	0.00600	0.00525
66	0.01744	0.01456	0.01538	0.01343	0.01732	0.01671	0.01056	0.14354	0.60951	0.02924	0.02456	0.02272	0.01831	0.00860	0.00656	0.00215	0.00544	0.00707	0.00656	0.01035
67	0.81856	0.01250	0.00950	0.00850	0.01250	0.01449	0.00700	0.01899	0.01100	0.02899	0.00900	0.01050	0.00700	0.00600	0.00400	0.00200	0.00500	0.00350	0.00400	0.00700
68	0.00940	0.00640	0.00787	0.00787	0.00814	0.00667	0.00494	0.00987	0.00960	0.01307	0.01941	0.03773	0.02145	0.58337	0.20048	0.02807	0.00884	0.00872	0.00378	0.00432
69	0.81856	0.01250	0.00950	0.00850	0.01250	0.01449	0.00700	0.01899	0.01100	0.02899	0.00900	0.01050	0.00700	0.00600	0.00400	0.00200	0.00500	0.00350	0.00400	0.00700
70	0.01588	0.01727	0.03699	0.02647	0.03293	0.01625	0.67135	0.03952	0.01575	0.04079	0.01348	0.01750	0.01000	0.00558	0.00756	0.00217	0.01064	0.00755	0.00348	0.00884
71	0.01724	0.07402	0.07898	0.01716	0.09991	0.08765	0.02853	0.16706	0.14396	0.02432	0.03428	0.01922	0.03353	0.01185	0.07968	0.00282	0.06003	0.00615	0.00461	0.00900

[dist]
# distance from previous block
# <min> <max>
0	2

[block]
# block no. 2 follows, 34 sequences, length 17
# corresponding to MSA columns:
# 179-195
name=unknown_C
#
# <colnr> <probs for GDERKNQSTAVLIFYWHMCP>
#	G	D	E	R	K	N	Q	S	T	A	V	L	I	F	Y	W	H	M	C	P
0	0.76530	0.01372	0.01009	0.00904	0.01300	0.06360	0.00737	0.01945	0.01149	0.02811	0.00906	0.01057	0.00709	0.00604	0.00412	0.00198	0.00544	0.00354	0.00395	0.00703
1	0.04800	0.01015	0.01277	0.08944	0.03857	0.01002	0.00894	0.06796	0.03602	0.03812	0.01841	0.09568	0.03615	0.10688	0.12625	0.00363	0.00750	0.00727	0.00434	0.23390
2	0.01048	0.00879	0.01083	0.01084	0.01188	0.05783	0.00825	0.01240	0.01148	0.01574	0.02049	0.17364	0.02119	0.05788	0.42457	0.00702	0.07139	0.02895	0.03052	0.00584
3	0.02482	0.01382	0.01847	0.01794	0.15369	0.01377	0.01236	0.20914	0.02063	0.39078	0.01971	0.01886	0.01331	0.00762	0.00698	0.00200	0.03275	0.00615	0.00650	0.01071
4	0.02054	0.10410	0.05471	0.03765	0.08295	0.17456	0.08103	0.11939	0.01810	0.14964	0.01630	0.03827	0.01318	0.00779	0.00637	0.00195	0.00820	0.05156	0.00473	0.00898
5	0.01251	0.01110	0.01813	0.35652	0.19339	0.01240	0.01600	0.01629	0.01395	0.01846	0.01881	0.03451	0.01801	0.00989	0.00722	0.00236	0.00756	0.22146	0.00392	0.00750
6	0.07312	0.01108	0.01469	0.01133	0.01627	0.00978	0.00936	0.03079	0.01807	0.69752	0.02457	0.02135	0.01549	0.00789	0.00636	0.00200	0.00547	0.00633	0.00777	0.01077
7	0.81856	0.01250	0.00950	0.00850	0.01250	0.01449	0.00700	0.01899	0.01100	0.02899	0.00900	0.01050	0.00700	0.00600	0.00400	0.00200	0.00500	0.00350	0.00400	0.00700
8	0.01414	0.01414	0.01979	0.01696	0.01696	0.01979	0.01414	0.01555	0.00990	0.01555	0.00848	0.01414	0.00848	0.01131	0.02120	0.00283	0.76110	0.00565	0.00283	0.00707
9	0.01727	0.77681	0.03386	0.01106	0.01658	0.02557	0.01106	0.01935	0.01313	0.01520	0.00898	0.01036	0.00829	0.00553	0.00415	0.00138	0.00691	0.00345	0.00276	0.00829
10	0.00767	0.00643	0.00666	0.00685	0.00881	0.00543	0.00504	0.00924	0.01444	0.01734	0.06180	0.14869	0.64585	0.01684	0.00771	0.00224	0.00333	0.01422	0.00600	0.00543
11	0.02414	0.03079	0.01831	0.01665	0.01998	0.74698	0.01248	0.02580	0.01831	0.01581	0.00999	0.01165	0.00832	0.00666	0.00583	0.00166	0.01165	0.00416	0.00333	0.00749
12	0.00926	0.00680	0.00977	0.00977	0.01071	0.00774	0.00731	0.01115	0.01020	0.01455	0.01787	0.02848	0.01750	0.18128	0.61633	0.00963	0.01528	0.00738	0.00354	0.00543
13	0.01011	0.00664	0.00849	0.00844	0.00998	0.00601	0.00616	0.01231	0.01596	0.07819	0.36319	0.27105	0.14816	0.01543	0.00773	0.00223	0.00349	0.01362	0.00668	0.00613
14	0.12022	0.01242	0.01513	0.01174	0.01665	0.01193	0.00969	0.14942	0.01971	0.53225	0.02182	0.01951	0.01407	0.00772	0.00620	0.00199	0.00572	0.00603	0.00726	0.01053
15	0.00939	0.00720	0.00885	0.00924	0.01073	0.00706	0.00692	0.01321	0.09273	0.02020	0.19227	0.28051	0.16733	0.01765	0.04018	0.00275	0.00452	0.09694	0.00619	0.00613
16	0.02480	0.01772	0.01916	0.01469	0.01985	0.01948	0.01213	0.67484	0.02975	0.07785	0.01604	0.01586	0.01126	0.00777	0.00647	0.00194	0.00702	0.00585	0.00655	0.01099

[dist]
# distance from previous block
# <min> <max>
0	6

[block]
# block no. 3 follows, 34 sequences, length 42
# corresponding to MSA columns:
# 202-243
name=unknown_D
#
# <colnr> <probs for GDERKNQSTAVLIFYWHMCP>
#	G	D	E	R	K	N	Q	S	T	A	V	L	I	F	Y	W	H	M	C	P
0	0.81856	0.01250	0.00950	0.00850	0.01250	0.01449	0.00700	0.01899	0.01100	0.02899	0.00900	0.01050	0.00700	0.00600	0.00400	0.00200	0.00500	0.00350	0.00400	0.00700
1	0.00958	0.00675	0.00855	0.00880	0.01012	0.00638	0.00633	0.01255	0.05672	0.04651	0.30687	0.36367	0.10041	0.01610	0.00780	0.00231	0.00358	0.01433	0.00654	0.00609
2	0.00787	0.00562	0.00750	0.00900	0.00937	0.00525	0.00600	0.00900	0.01237	0.01649	0.03561	0.76871	0.04274	0.02024	0.00825	0.00262	0.00375	0.01837	0.00600	0.00525
3	0.02456	0.01810	0.01939	0.01487	0.02004	0.02004	0.01228	0.71107	0.03038	0.04072	0.01551	0.01551	0.01099	0.00776	0.00646	0.00194	0.00711	0.00582	0.00646	0.01099
4	0.00991	0.00790	0.00930	0.01053	0.01159	0.04978	0.00813	0.01182	0.01376	0.01757	0.03406	0.39768	0.05841	0.03564	0.00893	0.00278	0.00517	0.29559	0.00577	0.00565
5	0.00845	0.00590	0.00729	0.00816	0.00845	0.00565	0.00515	0.00916	0.01130	0.01499	0.03072	0.46348	0.05858	0.31155	0.01777	0.00402	0.00471	0.01473	0.00519	0.00474
6	0.66305	0.01290	0.01251	0.08267	0.01714	0.01480	0.04953	0.04489	0.01216	0.02773	0.00972	0.01175	0.00747	0.00608	0.00454	0.00202	0.00578	0.00405	0.00394	0.00727
7	0.01343	0.01244	0.01922	0.54433	0.12073	0.03819	0.01658	0.03840	0.01361	0.01770	0.01162	0.01680	0.00907	0.00728	0.00745	0.04964	0.00819	0.00559	0.00308	0.04662
8	0.01587	0.04702	0.07834	0.10556	0.21885	0.09056	0.01518	0.04009	0.01407	0.06048	0.01305	0.01743	0.01095	0.03481	0.11190	0.00333	0.10497	0.00572	0.00351	0.00833
9	0.24812	0.12402	0.05238	0.03750	0.01865	0.23627	0.03764	0.04301	0.05193	0.02127	0.01072	0.01260	0.00870	0.00674	0.00642	0.00190	0.06627	0.00442	0.00363	0.00781
10	0.04032	0.02692	0.44982	0.02166	0.09152	0.03401	0.16757	0.05417	0.01493	0.02171	0.01203	0.01460	0.00882	0.00604	0.00642	0.00205	0.00945	0.00546	0.00312	0.00937
11	0.05511	0.01580	0.02092	0.08747	0.38981	0.09937	0.01534	0.01938	0.01450	0.02048	0.01153	0.01471	0.00956	0.00571	0.00584	0.00169	0.00741	0.00501	0.00337	0.19697
12	0.01326	0.01133	0.01325	0.00952	0.01513	0.00853	0.00761	0.01614	0.01355	0.02121	0.03439	0.01451	0.01121	0.00505	0.00488	0.00099	0.00473	0.00408	0.00393	0.78669
13	0.01392	0.01247	0.01356	0.04235	0.01625	0.05572	0.03247	0.02479	0.40056	0.02224	0.02866	0.10617	0.08984	0.06207	0.02698	0.00270	0.00592	0.02934	0.00574	0.00826
14	0.01773	0.01085	0.01326	0.00990	0.01496	0.00863	0.00791	0.02028	0.01480	0.24014	0.01844	0.01958	0.04123	0.04835	0.00697	0.00162	0.00502	0.00535	0.00520	0.48980
15	0.01340	0.01148	0.01340	0.00957	0.01531	0.00861	0.00766	0.01627	0.01340	0.02105	0.01148	0.01340	0.00957	0.00479	0.00479	0.00096	0.00479	0.00383	0.00383	0.81242
16	0.02938	0.00746	0.00832	0.00797	0.01001	0.00693	0.00599	0.06230	0.01663	0.02197	0.26215	0.13120	0.37635	0.01493	0.00752	0.00216	0.00358	0.01273	0.00633	0.00608
17	0.02414	0.03079	0.01831	0.01665	0.01998	0.74698	0.01248	0.02580	0.01831	0.01581	0.00999	0.01165	0.00832	0.00666	0.00583	0.00166	0.01165	0.00416	0.00333	0.00749
18	0.00802	0.00589	0.00725	0.00827	0.00895	0.00542	0.00552	0.00910	0.01245	0.01618	0.03950	0.53787	0.17467	0.11551	0.01127	0.00300	0.00398	0.01630	0.00573	0.00512
19	0.01540	0.00764	0.01030	0.00986	0.01199	0.00687	0.00736	0.01725	0.01518	0.26717	0.10334	0.41456	0.03517	0.01520	0.00760	0.00236	0.00435	0.03424	0.00680	0.00735
20	0.11920	0.01136	0.01448	0.01124	0.01613	0.01035	0.00928	0.04813	0.01795	0.63757	0.02334	0.02050	0.01483	0.00776	0.00621	0.00200	0.00548	0.00614	0.00750	0.01054
21	0.01727	0.77681	0.03386	0.01106	0.01658	0.02557	0.01106	0.01935	0.01313	0.01520	0.00898	0.01036	0.00829	0.00553	0.00415	0.00138	0.00691	0.00345	0.00276	0.00829
22	0.00928	0.00625	0.00705	0.00711	0.00719	0.00620	0.00403	0.00938	0.00968	0.01284	0.02234	0.07226	0.04557	0.71968	0.03113	0.00599	0.00607	0.00989	0.00406	0.00402
23	0.35437	0.01161	0.01273	0.01026	0.01485	0.01156	0.00847	0.02634	0.01540	0.44529	0.01869	0.01725	0.01229	0.00717	0.00547	0.00200	0.00529	0.00526	0.00635	0.00935
24	0.81856	0.01250	0.00950	0.00850	0.01250	0.01449	0.00700	0.01899	0.01100	0.02899	0.00900	0.01050	0.00700	0.00600	0.00400	0.00200	0.00500	0.00350	0.00400	0.00700
25	0.81856	0.01250	0.00950	0.00850	0.01250	0.01449	0.00700	0.01899	0.01100	0.02899	0.00900	0.01050	0.00700	0.00600	0.00400	0.00200	0.00500	0.00350	0.00400	0.00700
26	0.57684	0.01379	0.01225	0.01024	0.01459	0.01556	0.00844	0.18998	0.01621	0.07349	0.01157	0.01241	0.00851	0.00655	0.00475	0.00198	0.00555	0.00425	0.00484	0.00821
27	0.00895	0.00599	0.00785	0.00881	0.00944	0.00560	0.00593	0.01021	0.01291	0.04418	0.10451	0.59523	0.04169	0.09352	0.01055	0.00290	0.00399	0.01635	0.00598	0.00542
28	0.01094	0.00821	0.01043	0.01112	0.01288	0.00830	0.00903	0.04272	0.09250	0.02031	0.03360	0.23697	0.06558	0.01656	0.00821	0.00266	0.00520	0.36659	0.00599	0.03221
29	0.01204	0.00602	0.00602	0.00602	0.00753	0.00602	0.00452	0.01506	0.01355	0.02409	0.02108	0.02409	0.01656	0.00753	0.00452	0.00151	0.00301	0.00602	0.80879	0.00602
30	0.02650	0.01071	0.01439	0.01121	0.01580	0.00944	0.00919	0.05178	0.01886	0.62989	0.10835	0.02488	0.02114	0.00861	0.00663	0.00200	0.00526	0.00709	0.00784	0.01042
31	0.00861	0.00603	0.00751	0.00835	0.00876	0.00578	0.00548	0.00952	0.01173	0.01556	0.05197	0.41471	0.06361	0.29057	0.01711	0.00392	0.00475	0.05591	0.00528	0.00485
32	0.81856	0.01250	0.00950	0.00850	0.01250	0.01449	0.00700	0.01899	0.01100	0.02899	0.00900	0.01050	0.00700	0.00600	0.00400	0.00200	0.00500	0.00350	0.00400	0.00700
33	0.00764	0.00655	0.00655	0.00655	0.00873	0.00545	0.00491	0.00927	0.01473	0.01745	0.06546	0.06218	0.73000	0.01636	0.00764	0.00218	0.00327	0.01364	0.00600	0.00545
34	0.00954	0.00628	0.00760	0.00796	0.00928	0.00580	0.00577	0.01166	0.01463	0.03863	0.20161	0.29645	0.15813	0.01511	0.00726	0.00219	0.00347	0.03328	0.15956	0.00580
35	0.01006	0.00648	0.00868	0.00960	0.01069	0.00606	0.00709	0.01180	0.01382	0.07272	0.08521	0.50191	0.06423	0.01821	0.00818	0.00259	0.00424	0.14632	0.00622	0.00589
36	0.02899	0.01100	0.01499	0.01150	0.01649	0.00950	0.00950	0.03149	0.01849	0.73709	0.02549	0.02199	0.01599	0.00800	0.00650	0.00200	0.00550	0.00650	0.00800	0.01100
37	0.00790	0.00568	0.00750	0.00890	0.00936	0.00528	0.00597	0.00910	0.01261	0.01680	0.05694	0.72716	0.06300	0.01992	0.00821	0.00259	0.00371	0.01804	0.00603	0.00528
38	0.00872	0.00634	0.00832	0.00889	0.00945	0.00648	0.00610	0.00996	0.01162	0.01579	0.06692	0.36326	0.05743	0.20135	0.16523	0.00502	0.02593	0.01308	0.00498	0.00514
39	0.01367	0.08679	0.66303	0.01782	0.02686	0.04183	0.02255	0.02057	0.01377	0.01992	0.01135	0.01334	0.00820	0.00611	0.00598	0.00198	0.00943	0.00466	0.00275	0.00939
40	0.01239	0.01167	0.01971	0.72244	0.07801	0.01440	0.01804	0.01667	0.01301	0.01673	0.01152	0.01717	0.00869	0.00643	0.00646	0.00214	0.00857	0.00574	0.00289	0.00733
41	0.01884	0.01726	0.04422	0.01614	0.04042	0.08500	0.01307	0.24566	0.10122	0.04309	0.01401	0.01624	0.01116	0.01058	0.04291	0.00260	0.25811	0.00581	0.00466	0.00898

[dist]
# distance from previous block
# <min> <max>
0	6

[block]
# block no. 4 follows, 34 sequences, length 27
# corresponding to MSA columns:
# 250-276
name=unknown_E
#
# <colnr> <probs for GDERKNQSTAVLIFYWHMCP>
#	G	D	E	R	K	N	Q	S	T	A	V	L	I	F	Y	W	H	M	C	P
0	0.06513	0.01628	0.04412	0.24251	0.17640	0.11395	0.04963	0.03515	0.08329	0.02040	0.04491	0.01756	0.01233	0.00704	0.00703	0.00205	0.04432	0.00587	0.00371	0.00833
1	0.02297	0.01712	0.01868	0.01505	0.03866	0.01888	0.01203	0.62418	0.04897	0.03810	0.01752	0.01773	0.03618	0.00943	0.03197	0.00224	0.00729	0.00617	0.00626	0.01058
2	0.61267	0.01590	0.01322	0.01200	0.03907	0.13536	0.05041	0.02025	0.01258	0.02606	0.00951	0.01129	0.00749	0.00607	0.00460	0.00195	0.00654	0.00393	0.00382	0.00729
3	0.01246	0.01080	0.01737	0.06492	0.33213	0.01079	0.03035	0.01547	0.01416	0.01991	0.05680	0.20844	0.04304	0.01113	0.00705	0.00218	0.00602	0.06660	0.06256	0.00781
4	0.81856	0.01250	0.00950	0.00850	0.01250	0.01449	0.00700	0.01899	0.01100	0.02899	0.00900	0.01050	0.00700	0.00600	0.00400	0.00200	0.00500	0.00350	0.00400	0.00700
5	0.01525	0.01743	0.03813	0.02723	0.03377	0.01634	0.70915	0.02070	0.01525	0.02070	0.01307	0.01743	0.00980	0.00545	0.00763	0.00218	0.01089	0.00763	0.00327	0.00871
6	0.00866	0.00659	0.00796	0.00762	0.00935	0.00589	0.00571	0.01125	0.01714	0.02317	0.51417	0.05277	0.27772	0.01423	0.00763	0.00208	0.00312	0.01232	0.00675	0.00589
7	0.00851	0.00653	0.00779	0.00758	0.00929	0.00581	0.00564	0.01092	0.01662	0.02220	0.44078	0.09404	0.31132	0.01479	0.00766	0.00212	0.00317	0.01279	0.00663	0.00581
8	0.01727	0.77681	0.03386	0.01106	0.01658	0.02557	0.01106	0.01935	0.01313	0.01520	0.00898	0.01036	0.00829	0.00553	0.00415	0.00138	0.00691	0.00345	0.00276	0.00829
9	0.02319	0.01282	0.01498	0.01212	0.01609	0.04181	0.00983	0.14274	0.09080	0.36576	0.04200	0.02114	0.01605	0.00832	0.00733	0.00200	0.05956	0.00641	0.09727	0.00979
10	0.02529	0.01769	0.01857	0.01440	0.01943	0.06433	0.01182	0.55175	0.02759	0.15789	0.01686	0.01637	0.01167	0.00773	0.00643	0.00193	0.00712	0.00583	0.00653	0.01077
11	0.01041	0.00744	0.01041	0.01190	0.01339	0.00744	0.01041	0.01339	0.01487	0.01934	0.03421	0.07288	0.03719	0.01785	0.00892	0.00297	0.00595	0.68913	0.00595	0.00595
12	0.01132	0.00872	0.01028	0.00951	0.01167	0.00904	0.00724	0.01885	0.22538	0.02616	0.48986	0.04005	0.04679	0.01164	0.00717	0.00206	0.00366	0.01014	0.04315	0.00731
13	0.01361	0.12464	0.54349	0.06531	0.02741	0.01655	0.05220	0.01988	0.01345	0.01936	0.01120	0.01365	0.00831	0.00626	0.00658	0.00201	0.03940	0.00483	0.00277	0.00910
14	0.81856	0.01250	0.00950	0.00850	0.01250	0.01449	0.00700	0.01899	0.01100	0.02899	0.00900	0.01050	0.00700	0.00600	0.00400	0.00200	0.00500	0.00350	0.00400	0.00700
15	0.02186	0.01232	0.01470	0.01210	0.01615	0.01252	0.00968	0.17998	0.16338	0.31498	0.07349	0.09831	0.02147	0.00970	0.00676	0.00209	0.00543	0.00807	0.00710	0.00992
16	0.02874	0.01140	0.01524	0.01169	0.01669	0.01009	0.00965	0.06973	0.01916	0.69790	0.02493	0.02163	0.01571	0.00798	0.00650	0.00200	0.00559	0.00646	0.00791	0.01100
17	0.00923	0.00692	0.01038	0.01038	0.01154	0.00808	0.00808	0.01154	0.01038	0.01500	0.01731	0.02538	0.01615	0.04846	0.74732	0.01038	0.01731	0.00692	0.00346	0.00577
18	0.00834	0.00607	0.00786	0.00847	0.00943	0.00559	0.00595	0.01025	0.01484	0.02020	0.30514	0.43518	0.10426	0.01723	0.00796	0.00236	0.00344	0.01542	0.00643	0.00559
19	0.44546	0.01301	0.01284	0.01049	0.01499	0.01395	0.00865	0.14152	0.01657	0.24340	0.01506	0.01481	0.01038	0.00690	0.00517	0.00199	0.00551	0.00480	0.00562	0.00888
20	0.02347	0.01849	0.01872	0.01478	0.01963	0.07211	0.01204	0.57690	0.11585	0.03721	0.01646	0.01631	0.01189	0.00780	0.00643	0.00195	0.00719	0.00588	0.00625	0.01064
21	0.01196	0.00588	0.00867	0.00851	0.00873	0.00581	0.00573	0.00950	0.00891	0.04426	0.01220	0.02057	0.01189	0.04904	0.02468	0.74594	0.00563	0.00579	0.00308	0.00322
22	0.00812	0.00587	0.00738	0.00840	0.00898	0.00546	0.00558	0.00923	0.01249	0.01647	0.06839	0.55062	0.12004	0.12713	0.01167	0.00307	0.00402	0.01624	0.00575	0.00512
23	0.00921	0.00642	0.00765	0.00765	0.00807	0.00655	0.00482	0.00980	0.01006	0.01345	0.02376	0.04075	0.08460	0.56460	0.17005	0.00671	0.00815	0.00929	0.00401	0.00441
24	0.01255	0.01156	0.01927	0.51355	0.17126	0.01346	0.01703	0.01650	0.01343	0.01766	0.01493	0.05637	0.01326	0.00806	0.00677	0.00221	0.00795	0.07324	0.00338	0.00755
25	0.08329	0.01706	0.01807	0.01412	0.01906	0.01891	0.01161	0.57488	0.09195	0.06145	0.01634	0.01614	0.01166	0.00773	0.00629	0.00197	0.00672	0.00580	0.00634	0.01062
26	0.01364	0.01412	0.02713	0.34458	0.07410	0.01527	0.30330	0.01811	0.01377	0.01843	0.01280	0.04242	0.01034	0.00678	0.00793	0.00221	0.05707	0.00694	0.00316	0.00791

[dist]
# distance from previous block
# <min> <max>
0	10

[block]
# block no. 5 follows, 34 sequences, length 40
# corresponding to MSA columns:
# 288-327
name=unknown_F
#
# <colnr> <probs for GDERKNQSTAVLIFYWHMCP>
#	G	D	E	R	K	N	Q	S	T	A	V	L	I	F	Y	W	H	M	C	P
0	0.01434	0.01320	0.01844	0.55437	0.03715	0.06779	0.01577	0.05001	0.01437	0.04106	0.01201	0.01643	0.00905	0.00638	0.00621	0.00196	0.00821	0.00542	0.00335	0.10449
1	0.75940	0.01260	0.00987	0.00884	0.01281	0.01461	0.00724	0.02012	0.06334	0.02885	0.01027	0.01150	0.00794	0.00620	0.00419	0.00201	0.00501	0.00378	0.00419	0.00724
2	0.01590	0.04888	0.14309	0.02216	0.19036	0.01508	0.12366	0.05682	0.12143	0.06837	0.01629	0.04238	0.01304	0.01023	0.06156	0.00268	0.02800	0.00657	0.00420	0.00931
3	0.02298	0.02755	0.01763	0.01589	0.01920	0.61304	0.01198	0.09928	0.01919	0.01858	0.01248	0.06789	0.01115	0.00778	0.00607	0.00177	0.01057	0.00539	0.00387	0.00771
4	0.00959	0.00696	0.00881	0.00886	0.01052	0.00647	0.02268	0.01211	0.02843	0.03456	0.18881	0.18642	0.23210	0.03887	0.00846	0.00243	0.00406	0.11861	0.06534	0.00590
5	0.00792	0.00566	0.00754	0.00896	0.00938	0.00528	0.00600	0.00913	0.01262	0.01688	0.06432	0.73889	0.04349	0.01995	0.00822	0.00260	0.00372	0.01809	0.00604	0.00528
6	0.01727	0.77681	0.03386	0.01106	0.01658	0.02557	0.01106	0.01935	0.01313	0.01520	0.00898	0.01036	0.00829	0.00553	0.00415	0.00138	0.00691	0.00345	0.00276	0.00829
7	0.44684	0.01367	0.01248	0.01078	0.01484	0.01563	0.00871	0.14083	0.20523	0.03017	0.01620	0.01633	0.02954	0.00731	0.00520	0.00205	0.00535	0.00518	0.00516	0.00851
8	0.81856	0.01250	0.00950	0.00850	0.01250	0.01449	0.00700	0.01899	0.01100	0.02899	0.00900	0.01050	0.00700	0.00600	0.00400	0.00200	0.00500	0.00350	0.00400	0.00700
9	0.02081	0.01156	0.01379	0.01123	0.01494	0.01171	0.00899	0.21172	0.05598	0.27022	0.09865	0.02472	0.02021	0.05153	0.05404	0.00269	0.00616	0.00705	0.09483	0.00917
10	0.01268	0.01177	0.01623	0.01407	0.01506	0.01506	0.01147	0.01443	0.01043	0.01598	0.01144	0.01788	0.01106	0.05083	0.19188	0.00453	0.45892	0.00588	0.00315	0.10726
11	0.01040	0.00698	0.00786	0.00758	0.00790	0.00710	0.00449	0.05317	0.01068	0.01425	0.01977	0.03991	0.02233	0.70190	0.03100	0.03096	0.00630	0.00906	0.00404	0.00432
12	0.00923	0.00692	0.01038	0.01038	0.01154	0.00808	0.00808	0.01154	0.01038	0.01500	0.01731	0.02538	0.01615	0.04846	0.74732	0.01038	0.01731	0.00692	0.00346	0.00577
13	0.01751	0.42372	0.16115	0.01563	0.04648	0.11595	0.07651	0.02091	0.01431	0.03913	0.01058	0.01233	0.00872	0.00586	0.00520	0.00165	0.00836	0.00434	0.00305	0.00861
14	0.01467	0.01279	0.01324	0.01211	0.01529	0.03629	0.00932	0.02897	0.54848	0.02538	0.09494	0.06350	0.07668	0.01021	0.00681	0.00218	0.00492	0.00860	0.00646	0.00917
15	0.00924	0.00689	0.01023	0.01023	0.01132	0.00799	0.00788	0.01144	0.01034	0.01488	0.01745	0.02619	0.01650	0.08283	0.71342	0.01019	0.01678	0.00704	0.00348	0.00568
16	0.01379	0.02569	0.44463	0.04738	0.22386	0.01488	0.07315	0.01983	0.01400	0.02042	0.01259	0.03786	0.00995	0.00642	0.00640	0.00204	0.00892	0.00571	0.00300	0.00947
17	0.01607	0.01388	0.01461	0.01315	0.01680	0.01607	0.01023	0.03433	0.72094	0.02703	0.02630	0.02411	0.01972	0.00877	0.00657	0.00219	0.00511	0.00731	0.00657	0.01023
18	0.01644	0.01572	0.02517	0.03698	0.65800	0.03858	0.01889	0.05196	0.01550	0.02174	0.01285	0.03533	0.01105	0.00625	0.00643	0.00193	0.00767	0.00604	0.00343	0.01005
19	0.01727	0.77681	0.03386	0.01106	0.01658	0.02557	0.01106	0.01935	0.01313	0.01520	0.00898	0.01036	0.00829	0.00553	0.00415	0.00138	0.00691	0.00345	0.00276	0.00829
20	0.59495	0.06531	0.01359	0.01216	0.07253	0.07709	0.00900	0.01992	0.01223	0.04460	0.00976	0.01141	0.00773	0.00617	0.00478	0.00194	0.02160	0.00386	0.00387	0.00750
21	0.05318	0.01392	0.02329	0.13445	0.48950	0.01451	0.04936	0.01837	0.01394	0.02026	0.01350	0.06506	0.01203	0.00788	0.02326	0.00222	0.02623	0.00658	0.00337	0.00908
22	0.00975	0.00685	0.00923	0.00910	0.00959	0.00761	0.00637	0.01050	0.00973	0.01358	0.01748	0.03123	0.01829	0.34476	0.33646	0.09632	0.04710	0.00775	0.00355	0.00474
23	0.00994	0.00718	0.00979	0.01096	0.01243	0.00703	0.00931	0.01273	0.01511	0.01981	0.11674	0.11021	0.08351	0.01736	0.00865	0.00280	0.00532	0.52912	0.00609	0.00589
24	0.02631	0.01275	0.01562	0.01208	0.01686	0.01241	0.00995	0.23583	0.02170	0.47003	0.02212	0.02020	0.01452	0.00789	0.00633	0.00194	0.00579	0.00625	0.07081	0.01060
25	0.00914	0.00660	0.00864	0.00813	0.00965	0.00610	0.00610	0.01219	0.01829	0.02591	0.72921	0.04827	0.06097	0.01321	0.00762	0.00203	0.00305	0.01169	0.00711	0.00610
26	0.71795	0.01230	0.01020	0.00888	0.01301	0.01386	0.00732	0.02059	0.01195	0.11922	0.01110	0.01196	0.00814	0.00625	0.00432	0.00200	0.00506	0.00388	0.00451	0.00751
27	0.02866	0.01152	0.01532	0.01174	0.01676	0.01027	0.00970	0.08159	0.01937	0.68575	0.02476	0.02151	0.01563	0.00798	0.00650	0.00199	0.00562	0.00645	0.00788	0.01100
28	0.00781	0.00588	0.00723	0.00831	0.00919	0.00531	0.00569	0.00907	0.01303	0.01676	0.04401	0.56992	0.23610	0.01915	0.00808	0.00250	0.00361	0.01704	0.00600	0.00531
29	0.01296	0.03342	0.73944	0.01842	0.02797	0.01501	0.02387	0.02046	0.01364	0.02046	0.01160	0.01364	0.00818	0.00614	0.00614	0.00205	0.00955	0.00477	0.00273	0.00955
30	0.01437	0.01595	0.11377	0.01291	0.04377	0.04678	0.02874	0.03515	0.03727	0.02139	0.01207	0.01394	0.00972	0.00532	0.00525	0.00127	0.00610	0.00430	0.00377	0.56816
31	0.01545	0.01687	0.03494	0.03056	0.22108	0.01608	0.52440	0.02046	0.01511	0.02081	0.01283	0.01704	0.00992	0.00553	0.00730	0.00211	0.01003	0.00712	0.00325	0.00912
32	0.00940	0.00626	0.00705	0.00705	0.00705	0.00626	0.00392	0.00940	0.00940	0.01253	0.02036	0.04228	0.02349	0.77292	0.03289	0.00626	0.00626	0.00940	0.00392	0.00392
33	0.00957	0.00724	0.01029	0.01011	0.01096	0.00844	0.00760	0.01135	0.01015	0.01453	0.01738	0.02814	0.01718	0.19456	0.55563	0.00907	0.06147	0.00735	0.00351	0.00547
34	0.01722	0.08518	0.23653	0.03598	0.11519	0.01439	0.03376	0.10889	0.01653	0.14034	0.01754	0.11827	0.01487	0.00846	0.00643	0.00204	0.00731	0.00716	0.00460	0.00929
35	0.01328	0.01665	0.12396	0.06611	0.05480	0.12171	0.09210	0.01753	0.05193	0.01895	0.04314	0.07322	0.18801	0.01083	0.00711	0.00217	0.00732	0.07928	0.00449	0.00740
36	0.00837	0.00587	0.00731	0.00826	0.00858	0.00559	0.00527	0.00914	0.01147	0.01521	0.03163	0.50187	0.06134	0.26996	0.01640	0.00382	0.00457	0.01522	0.00531	0.00481
37	0.00951	0.00757	0.01088	0.04071	0.11389	0.00744	0.00863	0.01177	0.03599	0.01760	0.03197	0.56929	0.05706	0.01712	0.00786	0.00249	0.00457	0.03392	0.00550	0.00622
38	0.01580	0.08720	0.24863	0.02445	0.19818	0.05037	0.17644	0.02115	0.03302	0.04590	0.01258	0.01529	0.00966	0.00613	0.00676	0.00199	0.02818	0.00567	0.00329	0.00933
