[name]
unknown

[dist]
# distance from previous block
# <min> <max>
0	48

[block]
# block no. 0 follows, 35 sequences, length 26
# corresponding to MSA columns:
# 48-73
name=unknown_A
#
# <colnr> <probs for GDERKNQSTAVLIFYWHMCP>
#	G	D	E	R	K	N	Q	S	T	A	V	L	I	F	Y	W	H	M	C	P
0	0.02505	0.01627	0.01811	0.01388	0.01892	0.01744	0.01147	0.56874	0.02731	0.19111	0.01734	0.01660	0.01185	0.00767	0.00635	0.00192	0.00664	0.00586	0.00667	0.01079
1	0.00975	0.00666	0.00873	0.00811	0.00974	0.00612	0.00612	0.01272	0.01797	0.05381	0.70606	0.04637	0.05811	0.01277	0.00744	0.00199	0.00309	0.01127	0.00702	0.00618
2	0.01578	0.01363	0.01434	0.01291	0.01650	0.01578	0.01004	0.03371	0.72602	0.02654	0.02582	0.02367	0.01937	0.00861	0.00646	0.00215	0.00502	0.00717	0.00646	0.01004
3	0.00788	0.00564	0.00736	0.00860	0.00906	0.00526	0.00574	0.00903	0.01235	0.01647	0.07146	0.66987	0.06294	0.06436	0.00948	0.00275	0.00378	0.01703	0.00582	0.00512
4	0.01388	0.01388	0.01943	0.01666	0.01666	0.01943	0.01388	0.01527	0.00972	0.01527	0.00833	0.01388	0.00833	0.01110	0.02082	0.00278	0.76544	0.00555	0.00278	0.00694
5	0.01610	0.01379	0.01453	0.01298	0.01662	0.01593	0.01012	0.06021	0.69899	0.02706	0.02541	0.02334	0.01903	0.00857	0.00645	0.00214	0.00510	0.00712	0.00645	0.01007
6	0.01696	0.78087	0.03324	0.01085	0.01628	0.02510	0.01085	0.01900	0.01289	0.01493	0.00882	0.01018	0.00814	0.00543	0.00407	0.00136	0.00678	0.00339	0.00271	0.00814
7	0.00873	0.00632	0.00823	0.00807	0.00940	0.00583	0.00593	0.01137	0.01689	0.02366	0.59821	0.16745	0.07769	0.01420	0.00758	0.00210	0.00311	0.01261	0.00677	0.00583
8	0.82186	0.01227	0.00932	0.00834	0.01227	0.01423	0.00687	0.01865	0.01080	0.02846	0.00883	0.01031	0.00687	0.00589	0.00393	0.00196	0.00491	0.00344	0.00393	0.00687
9	0.01729	0.66084	0.03037	0.01132	0.01638	0.09382	0.01079	0.01980	0.03718	0.01543	0.01110	0.01223	0.02969	0.00595	0.00441	0.00143	0.00707	0.00388	0.00298	0.00805
10	0.00777	0.00641	0.00687	0.00710	0.00901	0.00551	0.00537	0.00948	0.01437	0.01746	0.08081	0.12584	0.59703	0.01642	0.00765	0.00224	0.00345	0.06590	0.00592	0.00539
11	0.01570	0.01507	0.02575	0.03894	0.73748	0.01507	0.01947	0.01947	0.01444	0.02073	0.01193	0.01570	0.01005	0.00565	0.00628	0.00188	0.00754	0.00565	0.00314	0.01005
12	0.00759	0.00628	0.00666	0.00689	0.00871	0.00534	0.00504	0.00916	0.01420	0.01728	0.08373	0.18116	0.59288	0.01660	0.00760	0.00221	0.00328	0.01411	0.00593	0.00534
13	0.01272	0.03281	0.74418	0.01808	0.02746	0.01473	0.02344	0.02009	0.01339	0.02009	0.01138	0.01339	0.00804	0.00603	0.00603	0.00201	0.00938	0.00469	0.00268	0.00938
14	0.00792	0.00567	0.00754	0.00870	0.00924	0.00528	0.00590	0.00932	0.01306	0.01764	0.14446	0.65928	0.04476	0.01879	0.00800	0.00249	0.00357	0.01701	0.00606	0.00528
15	0.00921	0.00620	0.00718	0.00718	0.00727	0.00629	0.00417	0.00939	0.00930	0.01249	0.01975	0.04020	0.02249	0.71928	0.08928	0.00647	0.00701	0.00903	0.00381	0.00399
16	0.01183	0.00591	0.00591	0.00591	0.00739	0.00591	0.00443	0.01478	0.01330	0.02365	0.02069	0.02365	0.01626	0.00739	0.00443	0.00148	0.00296	0.00591	0.81227	0.00591
17	0.01389	0.06904	0.61104	0.01713	0.02564	0.01566	0.02115	0.06654	0.06235	0.02156	0.01247	0.01404	0.00898	0.00627	0.00598	0.00198	0.00879	0.00486	0.00317	0.00945
18	0.03429	0.11243	0.14345	0.01364	0.01838	0.01383	0.06501	0.13808	0.01656	0.13814	0.01876	0.12764	0.01658	0.01255	0.07151	0.00274	0.00770	0.03535	0.00486	0.00850
19	0.01145	0.00599	0.00625	0.00619	0.00767	0.00592	0.00464	0.01441	0.01392	0.02389	0.11537	0.02680	0.02205	0.00813	0.00484	0.00155	0.00296	0.00665	0.70540	0.00592
20	0.01315	0.01128	0.01315	0.00940	0.01503	0.00846	0.00752	0.01597	0.01315	0.02067	0.01128	0.01315	0.00940	0.00470	0.00470	0.00094	0.00470	0.00376	0.00376	0.81583
21	0.01545	0.01482	0.02530	0.08753	0.69084	0.01501	0.01934	0.01925	0.01433	0.02042	0.01189	0.01578	0.00994	0.00570	0.00628	0.00190	0.00760	0.00565	0.00312	0.00985
22	0.02408	0.01287	0.01511	0.01224	0.01671	0.03385	0.00988	0.09611	0.23308	0.43859	0.02390	0.02133	0.01613	0.00802	0.00638	0.00200	0.00561	0.00649	0.00715	0.01047
23	0.01485	0.00735	0.00796	0.00721	0.00938	0.00728	0.00559	0.06378	0.01505	0.12006	0.02090	0.02282	0.01582	0.00747	0.00482	0.00157	0.00355	0.00596	0.65169	0.00689
24	0.01295	0.03108	0.67519	0.01940	0.07363	0.01490	0.02289	0.01990	0.01335	0.01999	0.01133	0.01356	0.00818	0.00616	0.00649	0.00202	0.03215	0.00478	0.00271	0.00935
25	0.02391	0.02935	0.01783	0.01611	0.01946	0.71789	0.01212	0.02559	0.01799	0.04850	0.01050	0.01190	0.00851	0.00660	0.00575	0.00165	0.01117	0.00419	0.00348	0.00751

[dist]
# distance from previous block
# <min> <max>
0	2

[block]
# block no. 1 follows, 35 sequences, length 40
# corresponding to MSA columns:
# 76-115
name=unknown_B
#
# <colnr> <probs for GDERKNQSTAVLIFYWHMCP>
#	G	D	E	R	K	N	Q	S	T	A	V	L	I	F	Y	W	H	M	C	P
0	0.07271	0.01096	0.01441	0.01117	0.01598	0.00979	0.00921	0.03031	0.03887	0.68039	0.02414	0.02102	0.01532	0.00776	0.00624	0.00197	0.00536	0.00624	0.00759	0.01055
1	0.00773	0.00552	0.00736	0.00883	0.00920	0.00515	0.00589	0.00883	0.01215	0.01619	0.03497	0.77291	0.04196	0.01987	0.00810	0.00258	0.00368	0.01803	0.00589	0.00515
2	0.01183	0.00591	0.00591	0.00591	0.00739	0.00591	0.00443	0.01478	0.01330	0.02365	0.02069	0.02365	0.01626	0.00739	0.00443	0.00148	0.00296	0.00591	0.81227	0.00591
3	0.05720	0.01050	0.01388	0.01079	0.01541	0.00926	0.00888	0.02929	0.01753	0.66326	0.02410	0.02131	0.01541	0.00774	0.00615	0.00193	0.00520	0.00623	0.06560	0.01030
4	0.02412	0.01777	0.01904	0.01460	0.01967	0.01967	0.01206	0.71633	0.02983	0.03998	0.01523	0.01523	0.01079	0.00762	0.00635	0.00190	0.00698	0.00571	0.00635	0.01079
5	0.08383	0.59451	0.06822	0.01164	0.01692	0.10334	0.01136	0.01972	0.01330	0.01639	0.00907	0.01050	0.00803	0.00562	0.00435	0.00147	0.00728	0.00354	0.00287	0.00802
6	0.00906	0.00680	0.01020	0.01020	0.01133	0.00793	0.00793	0.01133	0.01020	0.01473	0.01699	0.02492	0.01586	0.04758	0.75191	0.01020	0.01699	0.00680	0.00340	0.00566
7	0.00907	0.00677	0.01005	0.01005	0.01113	0.00785	0.00775	0.01124	0.01015	0.01462	0.01713	0.02566	0.01618	0.07990	0.72003	0.01002	0.01651	0.00690	0.00342	0.00558
8	0.02129	0.13420	0.01997	0.01600	0.05599	0.49702	0.01197	0.07824	0.01801	0.01838	0.06234	0.01437	0.01219	0.00688	0.00569	0.00166	0.00961	0.00473	0.00370	0.00778
9	0.60147	0.03955	0.01217	0.01039	0.01420	0.19604	0.00831	0.02030	0.01263	0.02488	0.00907	0.01058	0.00723	0.00603	0.00437	0.00186	0.00657	0.00359	0.00373	0.00703
10	0.01326	0.00770	0.00742	0.00699	0.00883	0.03087	0.00534	0.07527	0.01487	0.02479	0.01988	0.02254	0.01553	0.00738	0.00464	0.00152	0.00357	0.00584	0.71737	0.00638
11	0.01108	0.01052	0.10301	0.01002	0.01259	0.00796	0.00853	0.01501	0.08614	0.07566	0.08777	0.31710	0.13506	0.05723	0.00866	0.00247	0.00468	0.01228	0.02757	0.00668
12	0.00923	0.00615	0.00692	0.00692	0.00692	0.00615	0.00384	0.00923	0.00923	0.01230	0.01999	0.04151	0.02306	0.77705	0.03229	0.00615	0.00615	0.00923	0.00384	0.00384
13	0.01252	0.01223	0.01669	0.01460	0.01496	0.01640	0.01200	0.01393	0.01060	0.01562	0.01868	0.06404	0.12528	0.01238	0.01799	0.00266	0.60188	0.00749	0.00344	0.00659
14	0.01198	0.01128	0.01903	0.76180	0.04369	0.01409	0.01762	0.01621	0.01268	0.01621	0.01128	0.01691	0.00846	0.00634	0.00634	0.00211	0.00846	0.00564	0.00282	0.00705
15	0.02370	0.03023	0.01798	0.01634	0.01961	0.75158	0.01226	0.02533	0.01798	0.01553	0.00981	0.01144	0.00817	0.00654	0.00572	0.00163	0.01144	0.00409	0.00327	0.00735
16	0.00774	0.00647	0.00676	0.00680	0.00886	0.00550	0.00517	0.00951	0.01472	0.01783	0.11096	0.06059	0.65177	0.01592	0.00756	0.00217	0.00333	0.04696	0.00597	0.00542
17	0.01570	0.01507	0.02575	0.03894	0.73748	0.01507	0.01947	0.01947	0.01444	0.02073	0.01193	0.01570	0.01005	0.00565	0.00628	0.00188	0.00754	0.00565	0.00314	0.01005
18	0.79529	0.01245	0.00965	0.00855	0.01252	0.01441	0.00704	0.04189	0.01143	0.02885	0.00905	0.01047	0.00700	0.00595	0.00401	0.00196	0.00498	0.00351	0.00401	0.00700
19	0.00923	0.00615	0.00692	0.00692	0.00692	0.00615	0.00384	0.00923	0.00923	0.01230	0.01999	0.04151	0.02306	0.77705	0.03229	0.00615	0.00615	0.00923	0.00384	0.00384
20	0.00750	0.00643	0.00643	0.00643	0.00857	0.00536	0.00482	0.00910	0.01446	0.01714	0.06427	0.06105	0.73490	0.01607	0.00750	0.00214	0.00321	0.01339	0.00589	0.00536
21	0.00893	0.00648	0.00841	0.00793	0.00945	0.00597	0.00595	0.01188	0.01784	0.02517	0.71229	0.04783	0.08186	0.01307	0.00748	0.00200	0.00300	0.01154	0.00695	0.00597
22	0.01497	0.01711	0.03743	0.02674	0.03316	0.01604	0.71444	0.02032	0.01497	0.02032	0.01283	0.01711	0.00963	0.00535	0.00749	0.00214	0.01070	0.00749	0.00321	0.00856
23	0.01578	0.01363	0.01434	0.01291	0.01650	0.01578	0.01004	0.03371	0.72602	0.02654	0.02582	0.02367	0.01937	0.00861	0.00646	0.00215	0.00502	0.00717	0.00646	0.01004
24	0.82186	0.01227	0.00932	0.00834	0.01227	0.01423	0.00687	0.01865	0.01080	0.02846	0.00883	0.01031	0.00687	0.00589	0.00393	0.00196	0.00491	0.00344	0.00393	0.00687
25	0.01696	0.78087	0.03324	0.01085	0.01628	0.02510	0.01085	0.01900	0.01289	0.01493	0.00882	0.01018	0.00814	0.00543	0.00407	0.00136	0.00678	0.00339	0.00271	0.00814
26	0.01335	0.01168	0.01431	0.01158	0.05579	0.00962	0.00865	0.01612	0.01298	0.02029	0.01110	0.01335	0.00936	0.00521	0.00595	0.00112	0.05961	0.00399	0.00365	0.71229
27	0.01664	0.01447	0.01480	0.01314	0.01683	0.04002	0.01026	0.08293	0.65249	0.02715	0.02453	0.02266	0.01838	0.00847	0.00642	0.00212	0.00537	0.00697	0.00634	0.01001
28	0.21595	0.02126	0.01956	0.01630	0.01985	0.33960	0.13755	0.02143	0.01456	0.01952	0.00991	0.01251	0.00814	0.00678	0.00765	0.00196	0.11197	0.00474	0.00335	0.00740
29	0.01620	0.01374	0.01448	0.01285	0.01651	0.01578	0.01005	0.08813	0.64819	0.02734	0.02613	0.02412	0.04036	0.00875	0.00648	0.00213	0.00512	0.00724	0.00643	0.00996
30	0.82186	0.01227	0.00932	0.00834	0.01227	0.01423	0.00687	0.01865	0.01080	0.02846	0.00883	0.01031	0.00687	0.00589	0.00393	0.00196	0.00491	0.00344	0.00393	0.00687
31	0.01570	0.01507	0.02575	0.03894	0.73748	0.01507	0.01947	0.01947	0.01444	0.02073	0.01193	0.01570	0.01005	0.00565	0.00628	0.00188	0.00754	0.00565	0.00314	0.01005
32	0.63805	0.01551	0.01139	0.01006	0.01396	0.13139	0.00810	0.06992	0.01330	0.02724	0.00945	0.01084	0.00736	0.00612	0.00438	0.00191	0.00609	0.00370	0.00400	0.00723
33	0.82186	0.01227	0.00932	0.00834	0.01227	0.01423	0.00687	0.01865	0.01080	0.02846	0.00883	0.01031	0.00687	0.00589	0.00393	0.00196	0.00491	0.00344	0.00393	0.00687
34	0.01865	0.01943	0.02180	0.02002	0.11208	0.21494	0.15033	0.10031	0.23046	0.02305	0.01605	0.01716	0.01233	0.00693	0.00643	0.00195	0.00840	0.00605	0.00453	0.00911
35	0.02412	0.01777	0.01904	0.01460	0.01967	0.01967	0.01206	0.71633	0.02983	0.03998	0.01523	0.01523	0.01079	0.00762	0.00635	0.00190	0.00698	0.00571	0.00635	0.01079
36	0.00786	0.00675	0.00678	0.00671	0.00892	0.00582	0.00505	0.01019	0.04599	0.01755	0.06256	0.05940	0.70320	0.01574	0.00745	0.00214	0.00329	0.01311	0.00592	0.00556
37	0.01082	0.00564	0.00846	0.00846	0.00857	0.00575	0.00575	0.00857	0.00846	0.01139	0.01162	0.01985	0.01151	0.02463	0.09844	0.73387	0.00667	0.00564	0.00282	0.00305
38	0.47400	0.11456	0.01505	0.01153	0.03769	0.16589	0.00908	0.02104	0.03621	0.05070	0.01029	0.01155	0.00814	0.00612	0.00456	0.00182	0.00659	0.00387	0.00384	0.00748
39	0.09279	0.01292	0.01930	0.41264	0.14661	0.01505	0.03486	0.07478	0.07102	0.02095	0.01258	0.01640	0.00964	0.00657	0.00653	0.00207	0.02803	0.00560	0.00356	0.00809

[dist]
# distance from previous block
# <min> <max>
0	1

[block]
# block no. 2 follows, 35 sequences, length 91
# corresponding to MSA columns:
# 117-127,144-223
name=unknown_C
#
# <colnr> <probs for GDERKNQSTAVLIFYWHMCP>
#	G	D	E	R	K	N	Q	S	T	A	V	L	I	F	Y	W	H	M	C	P
0	0.01570	0.01507	0.02575	0.03894	0.73748	0.01507	0.01947	0.01947	0.01444	0.02073	0.01193	0.01570	0.01005	0.00565	0.00628	0.00188	0.00754	0.00565	0.00314	0.01005
1	0.00922	0.00617	0.00701	0.00701	0.00704	0.00620	0.00395	0.00928	0.00925	0.01237	0.01991	0.04106	0.02287	0.75729	0.05179	0.00626	0.00644	0.00916	0.00383	0.00389
2	0.01410	0.12748	0.56966	0.01814	0.06614	0.01637	0.02093	0.05996	0.01433	0.02060	0.01131	0.01322	0.00832	0.00602	0.00581	0.00191	0.00880	0.00463	0.00292	0.00934
3	0.01696	0.78087	0.03324	0.01085	0.01628	0.02510	0.01085	0.01900	0.01289	0.01493	0.00882	0.01018	0.00814	0.00543	0.00407	0.00136	0.00678	0.00339	0.00271	0.00814
4	0.01272	0.03281	0.74418	0.01808	0.02746	0.01473	0.02344	0.02009	0.01339	0.02009	0.01138	0.01339	0.00804	0.00603	0.00603	0.00201	0.00938	0.00469	0.00268	0.00938
5	0.00916	0.00616	0.00690	0.00690	0.00698	0.00612	0.00388	0.00922	0.00943	0.01249	0.02169	0.04226	0.05040	0.74783	0.03134	0.00600	0.00604	0.00939	0.00392	0.00390
6	0.01516	0.01459	0.02446	0.10530	0.59677	0.01543	0.01871	0.01872	0.01379	0.01973	0.01150	0.01563	0.00972	0.00628	0.00779	0.00200	0.08627	0.00564	0.00307	0.00944
7	0.01370	0.20568	0.57989	0.01641	0.02487	0.01713	0.02053	0.01984	0.01328	0.01890	0.01079	0.01265	0.00806	0.00589	0.00557	0.00186	0.00878	0.00439	0.00269	0.00909
8	0.03777	0.10451	0.31109	0.01646	0.02265	0.19330	0.05696	0.06028	0.08179	0.02026	0.01224	0.01380	0.00936	0.00650	0.00621	0.00189	0.02792	0.00485	0.00344	0.00873
9	0.00779	0.00565	0.00741	0.00868	0.00923	0.00527	0.00588	0.00902	0.01243	0.01650	0.05795	0.67925	0.09046	0.02019	0.02931	0.00275	0.00401	0.01719	0.00585	0.00521
10	0.01561	0.01498	0.02558	0.05746	0.71970	0.01505	0.01942	0.01939	0.01440	0.02061	0.01192	0.01573	0.01001	0.00567	0.00628	0.00189	0.00756	0.00565	0.00313	0.00997
11	0.01388	0.01388	0.01943	0.01666	0.01666	0.01943	0.01388	0.01527	0.00972	0.01527	0.00833	0.01388	0.00833	0.01110	0.02082	0.00278	0.76544	0.00555	0.00278	0.00694
12	0.02145	0.13054	0.01958	0.01466	0.01850	0.42354	0.01159	0.13334	0.10849	0.02091	0.03100	0.01432	0.01131	0.00698	0.00573	0.00171	0.00907	0.00482	0.00417	0.00831
13	0.01871	0.15171	0.09401	0.04776	0.05897	0.01350	0.01150	0.02368	0.10000	0.25808	0.09720	0.02132	0.01820	0.00766	0.00595	0.00186	0.00589	0.00622	0.04873	0.00907
14	0.01209	0.01139	0.01923	0.73969	0.06492	0.01412	0.01767	0.01631	0.01274	0.01635	0.01130	0.01688	0.00851	0.00632	0.00634	0.00211	0.00843	0.00564	0.00283	0.00714
15	0.82186	0.01227	0.00932	0.00834	0.01227	0.01423	0.00687	0.01865	0.01080	0.02846	0.00883	0.01031	0.00687	0.00589	0.00393	0.00196	0.00491	0.00344	0.00393	0.00687
16	0.00918	0.00704	0.00867	0.00942	0.01100	0.00676	0.00750	0.01229	0.05995	0.01858	0.06963	0.21027	0.25033	0.01682	0.00804	0.00253	0.00443	0.27578	0.00595	0.00583
17	0.00876	0.00640	0.00823	0.00793	0.00938	0.00587	0.00589	0.01150	0.01722	0.02406	0.62617	0.10560	0.11175	0.01376	0.00753	0.00205	0.00306	0.01214	0.00681	0.00587
18	0.02412	0.01777	0.01904	0.01460	0.01967	0.01967	0.01206	0.71633	0.02983	0.03998	0.01523	0.01523	0.01079	0.00762	0.00635	0.00190	0.00698	0.00571	0.00635	0.01079
19	0.01002	0.00719	0.01013	0.01143	0.01282	0.00730	0.00984	0.01281	0.01407	0.01845	0.03191	0.08994	0.03455	0.02072	0.08585	0.00366	0.00693	0.60099	0.00559	0.00580
20	0.02846	0.01080	0.01472	0.01129	0.01619	0.00932	0.00932	0.03092	0.01816	0.74187	0.02503	0.02159	0.01570	0.00785	0.00638	0.00196	0.00540	0.00638	0.00785	0.01080
21	0.02370	0.03023	0.01798	0.01634	0.01961	0.75158	0.01226	0.02533	0.01798	0.01553	0.00981	0.01144	0.00817	0.00654	0.00572	0.00163	0.01144	0.00409	0.00327	0.00735
22	0.02379	0.02750	0.01821	0.01596	0.01963	0.59084	0.01221	0.17709	0.02058	0.02090	0.01100	0.01227	0.00875	0.00677	0.00586	0.00169	0.01046	0.00444	0.00394	0.00811
23	0.82186	0.01227	0.00932	0.00834	0.01227	0.01423	0.00687	0.01865	0.01080	0.02846	0.00883	0.01031	0.00687	0.00589	0.00393	0.00196	0.00491	0.00344	0.00393	0.00687
24	0.01429	0.01195	0.01377	0.00994	0.01552	0.00962	0.00799	0.08865	0.01488	0.02268	0.01169	0.01337	0.00954	0.00500	0.00487	0.00104	0.00494	0.00396	0.00403	0.73230
25	0.02370	0.03023	0.01798	0.01634	0.01961	0.75158	0.01226	0.02533	0.01798	0.01553	0.00981	0.01144	0.00817	0.00654	0.00572	0.00163	0.01144	0.00409	0.00327	0.00735
26	0.01930	0.01429	0.01552	0.01312	0.01722	0.01595	0.01044	0.19760	0.47420	0.11499	0.02318	0.02139	0.01687	0.00828	0.00642	0.00207	0.00554	0.00673	0.00660	0.01031
27	0.02370	0.03023	0.01798	0.01634	0.01961	0.75158	0.01226	0.02533	0.01798	0.01553	0.00981	0.01144	0.00817	0.00654	0.00572	0.00163	0.01144	0.00409	0.00327	0.00735
28	0.42760	0.01099	0.01123	0.00954	0.01348	0.01137	0.00773	0.02242	0.01381	0.30574	0.01787	0.09384	0.01396	0.00811	0.00532	0.00203	0.00497	0.00610	0.00566	0.00822
29	0.02412	0.01777	0.01904	0.01460	0.01967	0.01967	0.01206	0.71633	0.02983	0.03998	0.01523	0.01523	0.01079	0.00762	0.00635	0.00190	0.00698	0.00571	0.00635	0.01079
30	0.01497	0.01711	0.03743	0.02674	0.03316	0.01604	0.71444	0.02032	0.01497	0.02032	0.01283	0.01711	0.00963	0.00535	0.00749	0.00214	0.01070	0.00749	0.00321	0.00856
31	0.00923	0.00615	0.00692	0.00692	0.00692	0.00615	0.00384	0.00923	0.00923	0.01230	0.01999	0.04151	0.02306	0.77705	0.03229	0.00615	0.00615	0.00923	0.00384	0.00384
32	0.00923	0.00615	0.00692	0.00692	0.00692	0.00615	0.00384	0.00923	0.00923	0.01230	0.01999	0.04151	0.02306	0.77705	0.03229	0.00615	0.00615	0.00923	0.00384	0.00384
33	0.00809	0.00638	0.00670	0.00676	0.00826	0.00565	0.00473	0.00928	0.01296	0.01581	0.05044	0.05582	0.50527	0.23468	0.01466	0.00332	0.00415	0.03676	0.00530	0.00494
34	0.01697	0.01353	0.01453	0.01282	0.01650	0.01536	0.01003	0.08906	0.60251	0.07054	0.02520	0.04728	0.01917	0.00885	0.00650	0.00213	0.00516	0.00736	0.00651	0.00999
35	0.00906	0.00680	0.01020	0.01020	0.01133	0.00793	0.00793	0.01133	0.01020	0.01473	0.01699	0.02492	0.01586	0.04758	0.75191	0.01020	0.01699	0.00680	0.00340	0.00566
36	0.26276	0.01230	0.01426	0.01124	0.01591	0.01229	0.02692	0.11573	0.01740	0.42114	0.01865	0.01731	0.01229	0.00718	0.00568	0.00196	0.00559	0.00545	0.00637	0.00957
37	0.01966	0.01499	0.12452	0.01189	0.01778	0.01081	0.01101	0.09063	0.01662	0.28156	0.01662	0.01643	0.01159	0.00632	0.00566	0.00156	0.00588	0.00503	0.00532	0.32611
38	0.01494	0.01701	0.03688	0.02643	0.03265	0.01615	0.69296	0.02017	0.01481	0.02017	0.01270	0.01701	0.00959	0.00552	0.00790	0.00216	0.03384	0.00743	0.00320	0.00851
39	0.01400	0.01166	0.01419	0.01019	0.01581	0.00909	0.03111	0.03871	0.01389	0.04196	0.01185	0.01359	0.00963	0.00490	0.00489	0.00104	0.00499	0.00402	0.00394	0.74054
40	0.01796	0.01567	0.01836	0.01563	0.01700	0.12309	0.01281	0.01958	0.01245	0.14820	0.01160	0.01494	0.00965	0.00985	0.01600	0.00246	0.51776	0.00549	0.00378	0.00770
41	0.00773	0.00552	0.00736	0.00883	0.00920	0.00515	0.00589	0.00883	0.01215	0.01619	0.03497	0.77291	0.04196	0.01987	0.00810	0.00258	0.00368	0.01803	0.00589	0.00515
42	0.01696	0.78087	0.03324	0.01085	0.01628	0.02510	0.01085	0.01900	0.01289	0.01493	0.00882	0.01018	0.00814	0.00543	0.00407	0.00136	0.00678	0.00339	0.00271	0.00814
43	0.00773	0.00552	0.00736	0.00883	0.00920	0.00515	0.00589	0.00883	0.01215	0.01619	0.03497	0.77291	0.04196	0.01987	0.00810	0.00258	0.00368	0.01803	0.00589	0.00515
44	0.01570	0.01507	0.02575	0.03894	0.73748	0.01507	0.01947	0.01947	0.01444	0.02073	0.01193	0.01570	0.01005	0.00565	0.00628	0.00188	0.00754	0.00565	0.00314	0.01005
45	0.00907	0.00677	0.01008	0.01008	0.01117	0.00787	0.00778	0.01125	0.01016	0.01464	0.01710	0.02552	0.01612	0.07388	0.72596	0.01005	0.01660	0.00688	0.00341	0.00560
46	0.01578	0.01363	0.01434	0.01291	0.01650	0.01578	0.01004	0.03371	0.72602	0.02654	0.02582	0.02367	0.01937	0.00861	0.00646	0.00215	0.00502	0.00717	0.00646	0.01004
47	0.00781	0.00590	0.00722	0.00803	0.00905	0.00531	0.00559	0.00928	0.01350	0.01755	0.12500	0.48118	0.24570	0.01796	0.00785	0.00238	0.00346	0.01592	0.00602	0.00531
48	0.00917	0.00618	0.00703	0.00703	0.00714	0.00620	0.00403	0.00930	0.00941	0.01253	0.02113	0.04143	0.04292	0.72751	0.05922	0.00619	0.00648	0.00925	0.00388	0.00396
49	0.78517	0.01220	0.00957	0.00848	0.01245	0.01400	0.00698	0.01922	0.01114	0.06146	0.00958	0.01083	0.00728	0.00598	0.00404	0.00196	0.00493	0.00357	0.00411	0.00705
50	0.01432	0.01374	0.02360	0.30236	0.46590	0.01474	0.03700	0.01830	0.01382	0.01907	0.01172	0.01618	0.00946	0.00590	0.00633	0.00197	0.00795	0.00570	0.00302	0.00891
51	0.00881	0.00648	0.00824	0.00780	0.00937	0.00591	0.00585	0.01164	0.01755	0.02447	0.65580	0.04899	0.13879	0.01333	0.00748	0.00201	0.00302	0.01170	0.00686	0.00591
52	0.00750	0.00643	0.00643	0.00643	0.00857	0.00536	0.00482	0.00910	0.01446	0.01714	0.06427	0.06105	0.73490	0.01607	0.00750	0.00214	0.00321	0.01339	0.00589	0.00536
53	0.01696	0.78087	0.03324	0.01085	0.01628	0.02510	0.01085	0.01900	0.01289	0.01493	0.00882	0.01018	0.00814	0.00543	0.00407	0.00136	0.00678	0.00339	0.00271	0.00814
54	0.82186	0.01227	0.00932	0.00834	0.01227	0.01423	0.00687	0.01865	0.01080	0.02846	0.00883	0.01031	0.00687	0.00589	0.00393	0.00196	0.00491	0.00344	0.00393	0.00687
55	0.00922	0.00629	0.00738	0.00768	0.00792	0.00624	0.00469	0.02536	0.01054	0.01405	0.02388	0.22093	0.02774	0.55543	0.02520	0.00510	0.00556	0.02797	0.00445	0.00437
56	0.01482	0.40227	0.39306	0.01451	0.02194	0.01985	0.01722	0.01955	0.01314	0.01754	0.01012	0.01180	0.00809	0.00573	0.00506	0.00169	0.00810	0.00405	0.00270	0.00877
57	0.02147	0.01203	0.01432	0.01193	0.01605	0.01236	0.00954	0.05070	0.33955	0.35640	0.06563	0.02383	0.01975	0.00848	0.00648	0.00205	0.00513	0.00701	0.00713	0.01018
58	0.00773	0.00552	0.00736	0.00883	0.00920	0.00515	0.00589	0.00883	0.01215	0.01619	0.03497	0.77291	0.04196	0.01987	0.00810	0.00258	0.00368	0.01803	0.00589	0.00515
59	0.01573	0.56335	0.23997	0.01296	0.01953	0.02209	0.01451	0.01931	0.01304	0.01643	0.00957	0.01111	0.00811	0.00560	0.00464	0.00155	0.00754	0.00377	0.00270	0.00850
60	0.01315	0.09995	0.47122	0.01789	0.02553	0.01507	0.14509	0.01918	0.01410	0.02019	0.08639	0.01728	0.01371	0.00657	0.00625	0.00197	0.00870	0.00577	0.00322	0.00876
61	0.00773	0.00552	0.00736	0.00883	0.00920	0.00515	0.00589	0.00883	0.01215	0.01619	0.03497	0.77291	0.04196	0.01987	0.00810	0.00258	0.00368	0.01803	0.00589	0.00515
62	0.01272	0.03281	0.74418	0.01808	0.02746	0.01473	0.02344	0.02009	0.01339	0.02009	0.01138	0.01339	0.00804	0.00603	0.00603	0.00201	0.00938	0.00469	0.00268	0.00938
63	0.01570	0.01507	0.02575	0.03894	0.73748	0.01507	0.01947	0.01947	0.01444	0.02073	0.01193	0.01570	0.01005	0.00565	0.00628	0.00188	0.00754	0.00565	0.00314	0.01005
64	0.00804	0.00581	0.00766	0.00893	0.00958	0.00543	0.00627	0.00946	0.01286	0.01706	0.07702	0.61970	0.08230	0.01902	0.00809	0.00255	0.00383	0.08516	0.00595	0.00528
65	0.01455	0.01182	0.01482	0.01092	0.01627	0.00977	0.05017	0.03754	0.07018	0.06429	0.03410	0.01575	0.01205	0.00555	0.00523	0.00122	0.00514	0.00468	0.00434	0.61160
66	0.00917	0.00668	0.00864	0.00812	0.00967	0.00626	0.00610	0.01257	0.03751	0.02547	0.71458	0.04673	0.05874	0.01285	0.00745	0.00200	0.00305	0.01135	0.00697	0.00610
67	0.02322	0.02975	0.05964	0.01628	0.01995	0.68500	0.01280	0.02521	0.01772	0.03948	0.01039	0.01188	0.00841	0.00655	0.00576	0.00167	0.01112	0.00420	0.00338	0.00758
68	0.01452	0.01208	0.01504	0.01084	0.01646	0.00976	0.04857	0.06913	0.01465	0.04263	0.01205	0.01378	0.00969	0.00504	0.00503	0.00111	0.00523	0.00419	0.00404	0.68616
69	0.01570	0.01507	0.02575	0.03894	0.73748	0.01507	0.01947	0.01947	0.01444	0.02073	0.01193	0.01570	0.01005	0.00565	0.00628	0.00188	0.00754	0.00565	0.00314	0.01005
70	0.02113	0.02434	0.01683	0.01516	0.01860	0.48330	0.01153	0.05460	0.24955	0.02006	0.01524	0.01558	0.01193	0.00725	0.00598	0.00181	0.00917	0.00516	0.00443	0.00836
71	0.00912	0.00655	0.00896	0.00896	0.00966	0.00726	0.00639	0.01053	0.00983	0.01381	0.01812	0.03119	0.01858	0.32326	0.47995	0.00867	0.01289	0.00771	0.00357	0.00498
72	0.01352	0.01284	0.02180	0.46359	0.32991	0.01450	0.01838	0.01755	0.01341	0.01807	0.01155	0.01641	0.00911	0.00606	0.00632	0.00202	0.00808	0.00564	0.00295	0.00829
73	0.01315	0.01128	0.01315	0.00940	0.01503	0.00846	0.00752	0.01597	0.01315	0.02067	0.01128	0.01315	0.00940	0.00470	0.00470	0.00094	0.00470	0.00376	0.00376	0.81583
74	0.00906	0.00708	0.00936	0.00992	0.01056	0.00758	0.00712	0.01134	0.05075	0.01762	0.10758	0.54400	0.03806	0.01819	0.02862	0.00271	0.09416	0.01496	0.00561	0.00573
75	0.01664	0.01436	0.01490	0.01458	0.07923	0.09521	0.01038	0.08391	0.34606	0.06582	0.12961	0.02616	0.05738	0.00901	0.00655	0.00202	0.00575	0.00748	0.00593	0.00901
76	0.01485	0.35865	0.35885	0.01652	0.06366	0.01935	0.04966	0.01959	0.01331	0.01788	0.01036	0.01229	0.00827	0.00571	0.00525	0.00172	0.00820	0.00431	0.00275	0.00884
77	0.01478	0.01224	0.01658	0.02024	0.25834	0.01274	0.01208	0.02324	0.27290	0.06911	0.10383	0.02815	0.11034	0.00898	0.00664	0.00203	0.00544	0.00786	0.00541	0.00906
78	0.01336	0.01256	0.02120	0.43062	0.31839	0.01409	0.01793	0.01733	0.01350	0.01817	0.01282	0.01957	0.01070	0.00671	0.00646	0.00207	0.00794	0.04528	0.00312	0.00817
79	0.00751	0.00637	0.00648	0.00658	0.00861	0.00534	0.00489	0.00909	0.01432	0.01708	0.06246	0.10501	0.69212	0.01630	0.00753	0.00217	0.00324	0.01368	0.00589	0.00534
80	0.02154	0.02614	0.01756	0.01580	0.01912	0.57698	0.03212	0.02611	0.14167	0.01762	0.01352	0.03858	0.01128	0.00730	0.00598	0.00177	0.01004	0.00518	0.00391	0.00779
81	0.09866	0.09452	0.01916	0.01382	0.01825	0.09689	0.01144	0.42513	0.06582	0.03155	0.01364	0.01428	0.01025	0.00738	0.00666	0.00189	0.05074	0.00517	0.00523	0.00952
82	0.00863	0.00647	0.00800	0.00761	0.00926	0.00584	0.00571	0.01129	0.01713	0.02348	0.57603	0.05061	0.21918	0.01370	0.00749	0.00203	0.00304	0.01192	0.00673	0.00584
83	0.01604	0.01376	0.01449	0.01296	0.01660	0.01590	0.01011	0.05532	0.70398	0.02696	0.02549	0.02340	0.01909	0.00858	0.00645	0.00214	0.00508	0.00713	0.00645	0.01006
84	0.00762	0.00643	0.00660	0.00656	0.00865	0.00541	0.00492	0.00935	0.01476	0.01784	0.12131	0.05989	0.67741	0.01580	0.00750	0.00213	0.00319	0.01323	0.00598	0.00541
85	0.01388	0.01388	0.01943	0.01666	0.01666	0.01943	0.01388	0.01527	0.00972	0.01527	0.00833	0.01388	0.00833	0.01110	0.02082	0.00278	0.76544	0.00555	0.00278	0.00694
86	0.02846	0.01080	0.01472	0.01129	0.01619	0.00932	0.00932	0.03092	0.01816	0.74187	0.02503	0.02159	0.01570	0.00785	0.00638	0.00196	0.00540	0.00638	0.00785	0.01080
87	0.02370	0.03023	0.01798	0.01634	0.01961	0.75158	0.01226	0.02533	0.01798	0.01553	0.00981	0.01144	0.00817	0.00654	0.00572	0.00163	0.01144	0.00409	0.00327	0.00735
88	0.01315	0.01128	0.01315	0.00940	0.01503	0.00846	0.00752	0.01597	0.01315	0.02067	0.01128	0.01315	0.00940	0.00470	0.00470	0.00094	0.00470	0.00376	0.00376	0.81583
89	0.00789	0.00585	0.00716	0.00813	0.00891	0.00536	0.00553	0.00905	0.01247	0.01609	0.04048	0.50588	0.20794	0.09746	0.01048	0.00285	0.00388	0.03380	0.00568	0.00508
90	0.02846	0.01080	0.01472	0.01129	0.01619	0.00932	0.00932	0.03092	0.01816	0.74187	0.02503	0.02159	0.01570	0.00785	0.00638	0.00196	0.00540	0.00638	0.00785	0.01080

[dist]
# distance from previous block
# <min> <max>
0	6

# created by:
# /home/cegg/simao/soft/augustus-3.2.1/scripts/msa2prfl.pl ./align_prep/EOG090W0FU7.fa
