[name]
unknown

[dist]
# distance from previous block
# <min> <max>
0	7

[block]
# block no. 0 follows, 34 sequences, length 9
# corresponding to MSA columns:
# 52-60
name=unknown_A
#
# <colnr> <probs for GDERKNQSTAVLIFYWHMCP>
#	G	D	E	R	K	N	Q	S	T	A	V	L	I	F	Y	W	H	M	C	P
0	0.07445	0.01207	0.01533	0.35369	0.02811	0.07299	0.01331	0.04572	0.01432	0.01919	0.01824	0.10056	0.01765	0.01005	0.00682	0.00225	0.00736	0.14314	0.00411	0.04064
1	0.01610	0.14158	0.15291	0.01494	0.05612	0.01610	0.03593	0.18280	0.06936	0.02419	0.01828	0.01973	0.07075	0.01145	0.07842	0.00266	0.00803	0.00601	0.00437	0.07023
2	0.02179	0.19636	0.13302	0.01263	0.01832	0.01499	0.01218	0.09177	0.01717	0.32799	0.01827	0.04700	0.01328	0.00746	0.00588	0.00184	0.00653	0.00581	0.00553	0.04217
3	0.01105	0.00808	0.01080	0.01011	0.01173	0.00876	0.00766	0.07307	0.01211	0.01714	0.01678	0.02572	0.01597	0.14600	0.47694	0.05705	0.01313	0.00687	0.00378	0.06726
4	0.01278	0.01600	0.19180	0.03970	0.15442	0.01188	0.01434	0.08869	0.01477	0.02067	0.02010	0.19040	0.03829	0.01712	0.13567	0.00360	0.00876	0.00883	0.00418	0.00801
5	0.01651	0.03870	0.07390	0.05179	0.22911	0.12359	0.04040	0.04443	0.15610	0.02144	0.01665	0.01832	0.04047	0.00705	0.00653	0.00189	0.02309	0.00591	0.00410	0.08003
6	0.01996	0.08654	0.02014	0.01586	0.01942	0.43609	0.07955	0.05993	0.01711	0.01770	0.01579	0.01771	0.07272	0.01009	0.05174	0.00233	0.04049	0.00560	0.00367	0.00757
7	0.01597	0.08285	0.11654	0.01443	0.08772	0.01265	0.01188	0.07630	0.01531	0.07321	0.01268	0.01421	0.00991	0.00561	0.00533	0.00139	0.00615	0.00447	0.00404	0.42934
8	0.00904	0.00651	0.00893	0.00919	0.00988	0.00707	0.00653	0.01049	0.01045	0.01455	0.02134	0.15857	0.02284	0.25054	0.41560	0.00787	0.01181	0.00961	0.00403	0.00515

[dist]
# distance from previous block
# <min> <max>
4	31

[block]
# block no. 1 follows, 34 sequences, length 28
# corresponding to MSA columns:
# 92-119
name=unknown_B
#
# <colnr> <probs for GDERKNQSTAVLIFYWHMCP>
#	G	D	E	R	K	N	Q	S	T	A	V	L	I	F	Y	W	H	M	C	P
0	0.00955	0.00723	0.01033	0.01058	0.03270	0.00786	0.00768	0.01165	0.01115	0.01589	0.06097	0.04715	0.03816	0.12538	0.53119	0.00837	0.01369	0.00778	0.00386	0.03881
1	0.74376	0.01302	0.01043	0.00910	0.01321	0.01502	0.00750	0.08420	0.01282	0.03010	0.00961	0.01097	0.00737	0.00616	0.00423	0.00199	0.00520	0.00372	0.00423	0.00737
2	0.01960	0.52492	0.02867	0.01286	0.01773	0.23765	0.01153	0.05073	0.01539	0.01647	0.00956	0.01096	0.00842	0.00596	0.00474	0.00149	0.00831	0.00376	0.00309	0.00817
3	0.00937	0.00635	0.00748	0.00748	0.00763	0.00650	0.00446	0.00967	0.00952	0.01285	0.01996	0.04009	0.02254	0.67889	0.12562	0.00680	0.00770	0.00908	0.00386	0.00416
4	0.01838	0.01607	0.01634	0.01489	0.04820	0.07231	0.01122	0.16821	0.49962	0.02866	0.02230	0.02110	0.01671	0.00828	0.00649	0.00209	0.00612	0.00670	0.00616	0.01017
5	0.01537	0.01185	0.01386	0.01038	0.01565	0.00998	0.00832	0.06309	0.07045	0.07941	0.01429	0.01561	0.01128	0.00756	0.03952	0.00164	0.00560	0.00458	0.00453	0.59703
6	0.00940	0.00626	0.00705	0.00705	0.00705	0.00626	0.00392	0.00940	0.00940	0.01253	0.02036	0.04228	0.02349	0.77292	0.03289	0.00626	0.00626	0.00940	0.00392	0.00392
7	0.00923	0.00692	0.01038	0.01038	0.01154	0.00808	0.00808	0.01154	0.01038	0.01500	0.01731	0.02538	0.01615	0.04846	0.74732	0.01038	0.01731	0.00692	0.00346	0.00577
8	0.01038	0.00721	0.00860	0.00801	0.01012	0.00653	0.00609	0.01349	0.04586	0.07652	0.40486	0.05037	0.30021	0.01379	0.00750	0.00209	0.00340	0.01183	0.00675	0.00640
9	0.01821	0.01246	0.01395	0.01215	0.01593	0.01349	0.00956	0.03120	0.48736	0.18836	0.05919	0.02698	0.06358	0.00924	0.00667	0.00214	0.00500	0.00769	0.00689	0.00993
10	0.00798	0.00656	0.00702	0.00690	0.00894	0.00560	0.00518	0.00993	0.01553	0.01936	0.21463	0.05905	0.57963	0.01565	0.00763	0.00215	0.00322	0.01320	0.00625	0.00560
11	0.05687	0.01218	0.01468	0.01188	0.01639	0.01208	0.00963	0.07904	0.20809	0.44227	0.02573	0.02304	0.04131	0.00840	0.00645	0.00205	0.00541	0.00679	0.00727	0.01043
12	0.00815	0.00654	0.00712	0.00699	0.00885	0.00568	0.00515	0.01004	0.01529	0.01931	0.23493	0.05719	0.50734	0.06769	0.00937	0.00242	0.00342	0.01284	0.00615	0.00552
13	0.01216	0.00642	0.00658	0.00642	0.00797	0.00645	0.00479	0.03517	0.01405	0.02410	0.05182	0.02577	0.01867	0.04448	0.00607	0.00177	0.00329	0.00643	0.71153	0.00607
14	0.04772	0.01519	0.01612	0.01352	0.01777	0.01714	0.01080	0.27109	0.42505	0.06095	0.02188	0.02053	0.01606	0.00828	0.00644	0.00209	0.00583	0.00662	0.00650	0.01041
15	0.00936	0.00671	0.00807	0.00766	0.00941	0.00602	0.00568	0.01172	0.01654	0.04681	0.44118	0.05149	0.27496	0.06486	0.00928	0.00236	0.00342	0.01199	0.00657	0.00591
16	0.00825	0.00634	0.00734	0.00753	0.00894	0.00566	0.00535	0.00999	0.01462	0.01896	0.22727	0.20822	0.33854	0.09124	0.01026	0.00264	0.00361	0.01372	0.00608	0.00543
17	0.42265	0.00999	0.00958	0.00889	0.01175	0.01070	0.00678	0.01748	0.01224	0.13010	0.01879	0.18666	0.01833	0.09987	0.00873	0.00264	0.00494	0.00799	0.00504	0.00684
18	0.34529	0.01014	0.01013	0.00902	0.01211	0.01065	0.00703	0.03653	0.03215	0.14527	0.11449	0.08472	0.06668	0.07992	0.00827	0.00246	0.00479	0.00763	0.00550	0.00722
19	0.01506	0.00933	0.01061	0.00926	0.01147	0.00935	0.00670	0.12322	0.05638	0.13428	0.05284	0.03640	0.12176	0.33238	0.01779	0.00382	0.00557	0.00885	0.02807	0.00686
20	0.00777	0.00601	0.00710	0.00798	0.00910	0.00533	0.00555	0.00911	0.01335	0.01689	0.04798	0.47580	0.32766	0.01863	0.00799	0.00244	0.00355	0.01641	0.00600	0.00533
21	0.00878	0.00623	0.00690	0.00715	0.00798	0.00583	0.00460	0.00967	0.01180	0.01547	0.03678	0.16699	0.24323	0.36520	0.01917	0.00409	0.00471	0.01195	0.05872	0.00475
22	0.00939	0.00662	0.00777	0.00780	0.00958	0.00580	0.00572	0.01126	0.01518	0.06506	0.20057	0.22683	0.37273	0.01608	0.00771	0.00224	0.00348	0.01389	0.00637	0.00590
23	0.00790	0.00583	0.00730	0.00845	0.00914	0.00534	0.00570	0.00907	0.01267	0.01648	0.04042	0.60264	0.16947	0.05561	0.00932	0.00272	0.00378	0.01706	0.00590	0.00522
24	0.02414	0.03079	0.01831	0.01665	0.01998	0.74698	0.01248	0.02580	0.01831	0.01581	0.00999	0.01165	0.00832	0.00666	0.00583	0.00166	0.01165	0.00416	0.00333	0.00749
25	0.00824	0.00672	0.00725	0.00721	0.00914	0.00592	0.00533	0.01057	0.03751	0.01905	0.17860	0.10307	0.52403	0.03817	0.00839	0.00230	0.00341	0.01327	0.00615	0.00566
26	0.06382	0.00748	0.00826	0.00774	0.00978	0.00701	0.00578	0.03626	0.01592	0.04337	0.29702	0.04885	0.32152	0.08761	0.00977	0.00250	0.00380	0.01134	0.00615	0.00600
27	0.00967	0.00600	0.00698	0.00748	0.00808	0.00591	0.00490	0.01100	0.01164	0.01734	0.02554	0.27697	0.02761	0.27665	0.03569	0.00376	0.00476	0.01130	0.24368	0.00503

[dist]
# distance from previous block
# <min> <max>
0	1

[block]
# block no. 2 follows, 34 sequences, length 47
# corresponding to MSA columns:
# 121-132,136-170
name=unknown_C
#
# <colnr> <probs for GDERKNQSTAVLIFYWHMCP>
#	G	D	E	R	K	N	Q	S	T	A	V	L	I	F	Y	W	H	M	C	P
0	0.01222	0.00666	0.00758	0.00734	0.00864	0.00685	0.00538	0.05027	0.01301	0.02123	0.01851	0.02365	0.01548	0.04758	0.06433	0.16412	0.00494	0.00615	0.51055	0.00553
1	0.01259	0.00655	0.00661	0.00641	0.00808	0.00664	0.00486	0.04551	0.01429	0.02482	0.02083	0.02371	0.01632	0.00754	0.00460	0.00152	0.00319	0.00601	0.77369	0.00624
2	0.02420	0.01792	0.01919	0.01479	0.01990	0.01987	0.01219	0.68194	0.06011	0.04013	0.01598	0.01588	0.01136	0.00780	0.00647	0.00195	0.00702	0.00588	0.00647	0.01096
3	0.01360	0.01411	0.05048	0.44518	0.17075	0.01496	0.13308	0.01865	0.04034	0.01862	0.01244	0.01715	0.00952	0.00623	0.00663	0.00211	0.00872	0.00608	0.00313	0.00821
4	0.01169	0.01053	0.01509	0.01368	0.01425	0.01394	0.01111	0.01355	0.01014	0.01527	0.01289	0.01976	0.01231	0.02987	0.38397	0.00660	0.38950	0.00629	0.00314	0.00642
5	0.01647	0.01430	0.02139	0.35784	0.23956	0.01610	0.01705	0.19482	0.01790	0.02404	0.01271	0.01643	0.00969	0.00659	0.00644	0.00203	0.00796	0.00577	0.00388	0.00904
6	0.15397	0.22527	0.12030	0.01691	0.10139	0.06075	0.04625	0.05846	0.01416	0.04198	0.01075	0.01296	0.00875	0.00665	0.00711	0.00191	0.09585	0.00462	0.00344	0.00853
7	0.00923	0.00692	0.01038	0.01038	0.01154	0.00808	0.00808	0.01154	0.01038	0.01500	0.01731	0.02538	0.01615	0.04846	0.74732	0.01038	0.01731	0.00692	0.00346	0.00577
8	0.01122	0.00561	0.00842	0.00842	0.00842	0.00561	0.00561	0.00842	0.00842	0.01122	0.01122	0.01964	0.01122	0.02245	0.02525	0.81201	0.00561	0.00561	0.00281	0.00281
9	0.01558	0.01694	0.02352	0.09149	0.08692	0.17038	0.25300	0.01975	0.04412	0.01958	0.07205	0.10213	0.01768	0.00827	0.00697	0.00206	0.00870	0.00799	0.02502	0.00784
10	0.01852	0.64382	0.03119	0.01191	0.01719	0.09799	0.01129	0.07257	0.01496	0.01720	0.00958	0.01089	0.00850	0.00581	0.00449	0.00145	0.00740	0.00371	0.00310	0.00842
11	0.01506	0.01296	0.01893	0.53446	0.03681	0.01519	0.01590	0.17186	0.01686	0.02227	0.01239	0.01655	0.00922	0.00662	0.00633	0.00201	0.00799	0.00561	0.00375	0.06923
12	0.01577	0.08275	0.01934	0.01533	0.01648	0.15826	0.01248	0.01719	0.01176	0.01529	0.01011	0.01612	0.00997	0.07769	0.03899	0.00300	0.46395	0.00554	0.00303	0.00694
13	0.01607	0.01388	0.01461	0.01315	0.01680	0.01607	0.01023	0.03433	0.72094	0.02703	0.02630	0.02411	0.01972	0.00877	0.00657	0.00219	0.00511	0.00731	0.00657	0.01023
14	0.81856	0.01250	0.00950	0.00850	0.01250	0.01449	0.00700	0.01899	0.01100	0.02899	0.00900	0.01050	0.00700	0.00600	0.00400	0.00200	0.00500	0.00350	0.00400	0.00700
15	0.02414	0.03079	0.01831	0.01665	0.01998	0.74698	0.01248	0.02580	0.01831	0.01581	0.00999	0.01165	0.00832	0.00666	0.00583	0.00166	0.01165	0.00416	0.00333	0.00749
16	0.01220	0.01148	0.01938	0.75739	0.04450	0.01436	0.01794	0.01651	0.01292	0.01651	0.01148	0.01723	0.00861	0.00646	0.00646	0.00215	0.00861	0.00574	0.00287	0.00718
17	0.01101	0.00573	0.00851	0.00851	0.00859	0.00582	0.00573	0.00868	0.00860	0.01155	0.01201	0.02091	0.01204	0.05236	0.07841	0.72324	0.00649	0.00585	0.00290	0.00306
18	0.00778	0.00624	0.00695	0.00743	0.00898	0.00541	0.00532	0.00930	0.01409	0.01748	0.08243	0.29687	0.47403	0.01753	0.00784	0.00232	0.00342	0.01513	0.00604	0.00541
19	0.01315	0.01084	0.01579	0.01306	0.01590	0.04120	0.13899	0.04973	0.01667	0.07799	0.26266	0.13128	0.12102	0.01201	0.00821	0.00217	0.04575	0.01070	0.00576	0.00713
20	0.02023	0.01557	0.01706	0.01291	0.01822	0.01581	0.01055	0.43530	0.05389	0.03315	0.01454	0.01513	0.01086	0.00674	0.00587	0.00160	0.00620	0.00517	0.00553	0.29566
21	0.00799	0.00622	0.00724	0.00790	0.00923	0.00552	0.00567	0.00952	0.01384	0.01747	0.08348	0.34662	0.36766	0.03534	0.00853	0.00249	0.00366	0.05022	0.00600	0.00539
22	0.01122	0.00561	0.00842	0.00842	0.00842	0.00561	0.00561	0.00842	0.00842	0.01122	0.01122	0.01964	0.01122	0.02245	0.02525	0.81201	0.00561	0.00561	0.00281	0.00281
23	0.01886	0.01470	0.01583	0.01328	0.01733	0.01646	0.01059	0.28028	0.38735	0.04876	0.08621	0.02310	0.02018	0.00878	0.00663	0.00208	0.00567	0.00714	0.00662	0.01015
24	0.01989	0.01113	0.01558	0.08402	0.11118	0.01087	0.01100	0.08066	0.03514	0.31623	0.20462	0.02710	0.02592	0.00891	0.00677	0.00201	0.00556	0.00764	0.00650	0.00925
25	0.01447	0.01227	0.01322	0.01234	0.01535	0.01396	0.00940	0.02940	0.58294	0.02498	0.02811	0.16912	0.02421	0.01100	0.00690	0.00228	0.00485	0.00946	0.00646	0.00926
26	0.01427	0.01146	0.01349	0.00968	0.01538	0.00866	0.00776	0.01712	0.01368	0.06103	0.01227	0.01388	0.00993	0.00496	0.00488	0.00102	0.00482	0.00398	0.00406	0.76767
27	0.01344	0.01319	0.01925	0.03677	0.01768	0.01785	0.04312	0.01523	0.01028	0.01572	0.01000	0.01594	0.00962	0.01613	0.12201	0.00384	0.60412	0.00592	0.00294	0.00696
28	0.01675	0.01785	0.02335	0.08753	0.39500	0.17820	0.07757	0.02005	0.01522	0.01913	0.01371	0.07996	0.01244	0.00723	0.00654	0.00196	0.00859	0.00665	0.00345	0.00882
29	0.01705	0.01901	0.03176	0.02355	0.02924	0.12294	0.49793	0.05371	0.09582	0.02159	0.01422	0.01725	0.01076	0.00610	0.00719	0.00209	0.01018	0.00700	0.00379	0.00881
30	0.01349	0.01178	0.01462	0.01044	0.01622	0.00899	0.04223	0.01649	0.01349	0.02104	0.01156	0.01360	0.00958	0.00482	0.00493	0.00102	0.00509	0.00402	0.00380	0.77281
31	0.01432	0.01176	0.01370	0.00985	0.01555	0.00913	0.00791	0.04661	0.01427	0.04213	0.01205	0.01373	0.00981	0.00500	0.00491	0.00103	0.00491	0.00399	0.00406	0.75528
32	0.00787	0.00562	0.00750	0.00900	0.00937	0.00525	0.00600	0.00900	0.01237	0.01649	0.03561	0.76871	0.04274	0.02024	0.00825	0.00262	0.00375	0.01837	0.00600	0.00525
33	0.01727	0.77681	0.03386	0.01106	0.01658	0.02557	0.01106	0.01935	0.01313	0.01520	0.00898	0.01036	0.00829	0.00553	0.00415	0.00138	0.00691	0.00345	0.00276	0.00829
34	0.00846	0.00609	0.00809	0.00890	0.00948	0.00613	0.00611	0.00970	0.01148	0.01549	0.02984	0.43054	0.06350	0.15488	0.19468	0.00514	0.00750	0.01381	0.00502	0.00516
35	0.01955	0.01561	0.01657	0.01385	0.01813	0.01770	0.01107	0.31187	0.43773	0.03264	0.02188	0.02058	0.01614	0.00835	0.00653	0.00209	0.00593	0.00669	0.00653	0.01054
36	0.01298	0.03225	0.70080	0.01795	0.02729	0.01467	0.02301	0.02024	0.01363	0.02049	0.01159	0.01363	0.00826	0.00607	0.00607	0.00199	0.00930	0.00472	0.00279	0.05228
37	0.00785	0.00570	0.00742	0.00879	0.00932	0.00527	0.00591	0.00902	0.01257	0.01657	0.03809	0.71006	0.09978	0.01992	0.00820	0.00259	0.00371	0.01798	0.00600	0.00527
38	0.01530	0.05735	0.39175	0.02384	0.19280	0.09485	0.09300	0.02087	0.01455	0.01992	0.01160	0.01424	0.00886	0.00601	0.00624	0.00196	0.00937	0.00518	0.00296	0.00935
39	0.08618	0.24095	0.05745	0.01226	0.04498	0.03501	0.01041	0.07233	0.04173	0.08372	0.05358	0.05015	0.04628	0.00755	0.00546	0.00168	0.00603	0.00581	0.00446	0.13397
40	0.20797	0.05689	0.05132	0.01256	0.04678	0.01235	0.05933	0.04741	0.01532	0.16074	0.10409	0.02555	0.11278	0.00880	0.00649	0.00201	0.02807	0.00706	0.02641	0.00806
41	0.01620	0.10385	0.05860	0.12134	0.06780	0.01458	0.01247	0.13798	0.01613	0.08810	0.03716	0.07028	0.01471	0.01355	0.09271	0.03580	0.05837	0.00663	0.00441	0.02934
42	0.05442	0.01032	0.04771	0.04380	0.05743	0.00946	0.02466	0.04413	0.03051	0.04736	0.10366	0.13211	0.20090	0.01642	0.09286	0.00308	0.02388	0.01001	0.00513	0.04215
43	0.01376	0.01173	0.05379	0.01300	0.08926	0.00950	0.00929	0.03558	0.03545	0.06846	0.07373	0.05633	0.01850	0.14633	0.01073	0.00238	0.00556	0.00672	0.00451	0.33540
44	0.05667	0.01413	0.05048	0.01637	0.02069	0.02775	0.23089	0.04842	0.08135	0.02160	0.06791	0.02251	0.04744	0.03486	0.09042	0.00306	0.05105	0.00709	0.00422	0.10310
45	0.01383	0.01342	0.02020	0.12283	0.04972	0.05071	0.17583	0.03229	0.01478	0.02048	0.07415	0.02020	0.04094	0.00839	0.03795	0.00205	0.00764	0.00629	0.00391	0.28439
46	0.01392	0.03838	0.10920	0.01335	0.01706	0.05221	0.09902	0.04623	0.01517	0.07267	0.14351	0.05908	0.08153	0.10878	0.02748	0.00278	0.04887	0.00837	0.00476	0.03764

[dist]
# distance from previous block
# <min> <max>
2	53

[block]
# block no. 3 follows, 34 sequences, length 11
# corresponding to MSA columns:
# 230-240
name=unknown_D
#
# <colnr> <probs for GDERKNQSTAVLIFYWHMCP>
#	G	D	E	R	K	N	Q	S	T	A	V	L	I	F	Y	W	H	M	C	P
0	0.08995	0.01635	0.10362	0.01574	0.05809	0.01471	0.07550	0.19597	0.08598	0.07817	0.03833	0.06650	0.01474	0.00801	0.00678	0.00199	0.03083	0.00664	0.00507	0.08704
1	0.04522	0.05735	0.18949	0.11578	0.02456	0.01443	0.09308	0.04842	0.10468	0.05875	0.04006	0.01733	0.01249	0.00670	0.00638	0.00190	0.02139	0.00568	0.00410	0.13221
2	0.01666	0.01565	0.05906	0.01714	0.02164	0.03579	0.20660	0.15626	0.05378	0.06124	0.06357	0.04809	0.01572	0.01062	0.05547	0.00260	0.07964	0.00712	0.00466	0.06868
3	0.04078	0.03872	0.01843	0.18187	0.08094	0.01324	0.04791	0.07759	0.03650	0.03945	0.01249	0.01523	0.00985	0.00603	0.00622	0.00163	0.03377	0.00499	0.00388	0.33048
4	0.02930	0.01883	0.21948	0.01779	0.02298	0.01432	0.20006	0.04406	0.07991	0.02122	0.05487	0.09448	0.04855	0.00907	0.00862	0.00224	0.09383	0.00799	0.00410	0.00832
5	0.01301	0.02529	0.46003	0.01921	0.06390	0.01412	0.11350	0.01978	0.04724	0.02043	0.04073	0.01745	0.01200	0.01125	0.09095	0.00301	0.01005	0.00584	0.00326	0.00894
6	0.00915	0.00678	0.00992	0.01002	0.01103	0.00774	0.00760	0.01119	0.01044	0.01490	0.01879	0.07686	0.01854	0.10518	0.63968	0.00953	0.01550	0.00789	0.00367	0.00558
7	0.00922	0.00728	0.00998	0.00976	0.01115	0.00708	0.03840	0.01136	0.01465	0.01967	0.24136	0.24211	0.16526	0.05695	0.01001	0.00260	0.04318	0.08827	0.00592	0.00579
8	0.01359	0.11656	0.57639	0.01741	0.02540	0.01676	0.02129	0.01977	0.01316	0.01930	0.01094	0.01332	0.00823	0.00666	0.00763	0.00206	0.09495	0.00472	0.00274	0.00912
9	0.00907	0.00694	0.00946	0.01046	0.01101	0.00733	0.00777	0.01059	0.01257	0.01693	0.03225	0.54903	0.03776	0.01876	0.00985	0.00271	0.09053	0.14574	0.00563	0.00559
10	0.01619	0.01638	0.02950	0.02411	0.09990	0.01741	0.36887	0.09890	0.05222	0.02221	0.01293	0.01668	0.01020	0.00721	0.01031	0.00227	0.17540	0.00677	0.00370	0.00885

[dist]
# distance from previous block
# <min> <max>
6	10

# created by:
# /home/cegg/simao/soft/augustus-3.2.1/scripts/msa2prfl.pl ./align_prep/EOG090W0J06.fa
