[name]
unknown

[dist]
# distance from previous block
# <min> <max>
9	76

[block]
# block no. 0 follows, 32 sequences, length 40
# corresponding to MSA columns:
# 410-449
name=unknown_A
#
# <colnr> <probs for GDERKNQSTAVLIFYWHMCP>
#	G	D	E	R	K	N	Q	S	T	A	V	L	I	F	Y	W	H	M	C	P
0	0.05217	0.01583	0.06276	0.06431	0.18678	0.08224	0.01402	0.09234	0.03568	0.02321	0.04141	0.02232	0.01508	0.01206	0.07308	0.00289	0.06298	0.04526	0.08705	0.00853
1	0.03950	0.03816	0.07514	0.03946	0.06461	0.05510	0.05927	0.10944	0.13923	0.10367	0.01898	0.08789	0.01567	0.00866	0.00716	0.00206	0.03356	0.00721	0.00523	0.09002
2	0.21173	0.01383	0.09110	0.01143	0.01535	0.01252	0.01010	0.08394	0.10653	0.06841	0.14094	0.05061	0.05525	0.03452	0.03846	0.00268	0.00612	0.03273	0.00561	0.00815
3	0.01499	0.06709	0.01831	0.10555	0.16610	0.01377	0.01273	0.12416	0.01670	0.04210	0.05744	0.16427	0.03858	0.01487	0.08350	0.00309	0.03465	0.00903	0.00479	0.00829
4	0.01603	0.05406	0.08628	0.19080	0.14529	0.09015	0.09585	0.06266	0.01592	0.02089	0.01446	0.03701	0.03036	0.00695	0.00650	0.00194	0.00851	0.00616	0.00365	0.10653
5	0.35506	0.08830	0.13837	0.03810	0.10353	0.01618	0.01295	0.05125	0.05361	0.02564	0.01475	0.01627	0.04717	0.00702	0.00540	0.00204	0.00665	0.00511	0.00405	0.00855
6	0.01360	0.01251	0.02014	0.39125	0.21322	0.01392	0.01672	0.01736	0.01371	0.01867	0.01370	0.02144	0.01184	0.05496	0.00887	0.00239	0.03153	0.03753	0.00338	0.08327
7	0.01891	0.01839	0.02270	0.10980	0.33982	0.13459	0.01683	0.12911	0.08370	0.02413	0.01403	0.01669	0.01113	0.00696	0.00691	0.00203	0.02441	0.00587	0.00416	0.00986
8	0.01769	0.01442	0.01716	0.14447	0.02281	0.01675	0.01252	0.18116	0.30230	0.04979	0.02289	0.02322	0.05938	0.00915	0.00821	0.00226	0.07320	0.00718	0.00578	0.00966
9	0.00979	0.00722	0.00997	0.07530	0.01301	0.00792	0.00740	0.01137	0.01108	0.01525	0.04259	0.10222	0.02304	0.31325	0.31345	0.00736	0.01102	0.00933	0.00409	0.00535
10	0.01865	0.00833	0.01061	0.00928	0.01194	0.00763	0.00706	0.02067	0.01557	0.30609	0.06684	0.10821	0.02308	0.08218	0.01029	0.05318	0.00475	0.00853	0.21930	0.00784
11	0.00940	0.00644	0.00756	0.00796	0.00821	0.00631	0.00488	0.00986	0.01091	0.01442	0.02713	0.19617	0.05888	0.54173	0.02651	0.00537	0.00581	0.04323	0.00471	0.00452
12	0.01166	0.00583	0.00874	0.00874	0.00874	0.00583	0.00583	0.00874	0.00874	0.01166	0.01166	0.02040	0.01166	0.02331	0.02622	0.80478	0.00583	0.00583	0.00291	0.00291
13	0.06716	0.01172	0.01304	0.01171	0.01522	0.01249	0.00930	0.02732	0.34789	0.14798	0.08234	0.03496	0.10915	0.01093	0.00708	0.00229	0.00506	0.06831	0.00683	0.00923
14	0.00904	0.00628	0.00811	0.00900	0.00993	0.00575	0.00623	0.01062	0.01429	0.04075	0.14830	0.54822	0.12044	0.01903	0.00834	0.00256	0.00378	0.01705	0.00648	0.00580
15	0.01072	0.00856	0.00973	0.00930	0.01147	0.00856	0.00703	0.01689	0.17655	0.02343	0.29155	0.07446	0.23786	0.04805	0.00893	0.00245	0.00402	0.03676	0.00669	0.00699
16	0.07117	0.00833	0.00967	0.00929	0.01135	0.00815	0.00692	0.03707	0.04882	0.10370	0.13933	0.19681	0.12823	0.10534	0.01067	0.00282	0.00460	0.04752	0.04343	0.00679
17	0.00880	0.00672	0.00813	0.00864	0.00997	0.00622	0.00615	0.01138	0.04656	0.02015	0.20255	0.37526	0.22939	0.01771	0.00816	0.00244	0.00366	0.01563	0.00652	0.00595
18	0.00824	0.00596	0.00780	0.00914	0.00971	0.00552	0.00617	0.00957	0.01338	0.01781	0.08191	0.67403	0.08531	0.02032	0.00849	0.00266	0.00382	0.01835	0.00630	0.00552
19	0.04336	0.00785	0.00923	0.00875	0.01033	0.00768	0.00606	0.01631	0.04564	0.14794	0.02510	0.17183	0.02494	0.31297	0.01767	0.00391	0.00528	0.01016	0.11855	0.00642
20	0.01219	0.00789	0.00924	0.00867	0.01069	0.00737	0.00638	0.06002	0.01649	0.09187	0.19073	0.15027	0.23374	0.10976	0.01098	0.00276	0.00430	0.01216	0.04792	0.00657
21	0.00852	0.00642	0.00795	0.00906	0.01004	0.00596	0.00636	0.01043	0.03368	0.01785	0.04376	0.53827	0.19905	0.01960	0.00841	0.00263	0.00395	0.05612	0.00624	0.00569
22	0.23489	0.01189	0.01336	0.01105	0.01540	0.01202	0.00896	0.02782	0.12899	0.36147	0.08735	0.02258	0.01915	0.00839	0.00618	0.00211	0.00527	0.00656	0.00687	0.00970
23	0.00954	0.00649	0.00803	0.00838	0.00952	0.00592	0.00583	0.01066	0.01395	0.04045	0.15037	0.29817	0.21557	0.08522	0.01245	0.08992	0.00415	0.01402	0.00593	0.00544
24	0.46215	0.01124	0.01010	0.00884	0.01248	0.01230	0.00716	0.05115	0.01404	0.11862	0.01520	0.01644	0.01131	0.00700	0.00475	0.00194	0.00480	0.00484	0.21793	0.00772
25	0.02506	0.03198	0.01901	0.01729	0.02074	0.73725	0.01296	0.02679	0.01901	0.01642	0.01037	0.01210	0.00864	0.00691	0.00605	0.00173	0.01210	0.00432	0.00346	0.00778
26	0.00885	0.00647	0.00831	0.00958	0.01030	0.00621	0.00667	0.01096	0.04468	0.01774	0.03718	0.60120	0.07445	0.05435	0.00970	0.00289	0.00425	0.07438	0.00615	0.00569
27	0.00909	0.00651	0.00731	0.00762	0.00898	0.00593	0.00537	0.01080	0.01417	0.01902	0.11257	0.19992	0.30087	0.12640	0.01151	0.00289	0.00396	0.02770	0.11383	0.00554
28	0.00818	0.00584	0.00779	0.00934	0.00973	0.00545	0.00623	0.00934	0.01285	0.01713	0.03698	0.75981	0.04438	0.02102	0.00856	0.00273	0.00389	0.01908	0.00623	0.00545
29	0.01841	0.01764	0.01583	0.01430	0.01792	0.16044	0.01110	0.07661	0.47154	0.02596	0.02386	0.04863	0.01912	0.00942	0.00683	0.00220	0.00680	0.03757	0.00610	0.00973
30	0.00920	0.00678	0.00835	0.00901	0.01016	0.00637	0.00649	0.02802	0.01459	0.01913	0.12541	0.35640	0.18459	0.09227	0.01092	0.00295	0.00432	0.09317	0.00616	0.00570
31	0.01651	0.01348	0.01431	0.01246	0.01617	0.01491	0.00980	0.17043	0.39627	0.02921	0.07604	0.03191	0.14826	0.01061	0.00707	0.00221	0.00527	0.00874	0.00673	0.00962
32	0.00848	0.00688	0.00756	0.00757	0.00964	0.00596	0.00580	0.01059	0.01607	0.02008	0.19914	0.06248	0.53117	0.01644	0.00803	0.00230	0.00357	0.06592	0.00646	0.00584
33	0.00978	0.00714	0.00833	0.00868	0.01008	0.00675	0.00612	0.01242	0.06471	0.03995	0.07217	0.30269	0.25223	0.13249	0.01211	0.00309	0.00434	0.03494	0.00605	0.00593
34	0.31505	0.03566	0.01433	0.09073	0.01850	0.01406	0.00986	0.10902	0.03594	0.19920	0.02043	0.02044	0.07448	0.00805	0.00581	0.00209	0.00591	0.00601	0.00559	0.00882
35	0.00941	0.00682	0.00865	0.00822	0.00970	0.00630	0.00603	0.01217	0.01785	0.02495	0.60534	0.05059	0.10767	0.08477	0.01039	0.00254	0.00350	0.01206	0.00699	0.00607
36	0.00844	0.00599	0.00788	0.00929	0.00969	0.00565	0.00623	0.00959	0.01267	0.01687	0.03542	0.66124	0.04223	0.09103	0.01101	0.00310	0.00424	0.04803	0.00602	0.00535
37	0.01338	0.01274	0.02099	0.57205	0.11984	0.01576	0.01834	0.01741	0.01322	0.01756	0.01160	0.01732	0.00912	0.00728	0.00870	0.00230	0.10561	0.00595	0.00301	0.00780
38	0.00840	0.00645	0.00771	0.00827	0.00964	0.00576	0.00594	0.01021	0.01503	0.01944	0.17736	0.33766	0.30951	0.01802	0.00822	0.00244	0.00363	0.03415	0.00645	0.00572
39	0.51782	0.01429	0.01252	0.01081	0.01487	0.04210	0.00880	0.15669	0.03603	0.03049	0.01216	0.01401	0.00953	0.01129	0.08105	0.00296	0.00722	0.00463	0.00466	0.00809

[dist]
# distance from previous block
# <min> <max>
0	2

[block]
# block no. 1 follows, 32 sequences, length 29
# corresponding to MSA columns:
# 452-480
name=unknown_B
#
# <colnr> <probs for GDERKNQSTAVLIFYWHMCP>
#	G	D	E	R	K	N	Q	S	T	A	V	L	I	F	Y	W	H	M	C	P
0	0.01530	0.01501	0.02700	0.12136	0.23791	0.01563	0.22711	0.05341	0.01550	0.02134	0.01561	0.05629	0.01392	0.00826	0.00867	0.00231	0.07278	0.05987	0.00380	0.00890
1	0.81159	0.01298	0.00986	0.00882	0.01298	0.01505	0.00727	0.01972	0.01142	0.03010	0.00934	0.01090	0.00727	0.00623	0.00415	0.00208	0.00519	0.00363	0.00415	0.00727
2	0.01007	0.00735	0.00983	0.01093	0.01248	0.00711	0.00917	0.01284	0.01566	0.02044	0.12377	0.12475	0.12946	0.01794	0.00887	0.00283	0.00527	0.45881	0.00634	0.00607
3	0.01386	0.03100	0.58474	0.01926	0.02782	0.03791	0.07402	0.02072	0.01408	0.02059	0.01226	0.01505	0.00907	0.00885	0.04487	0.00261	0.04556	0.00532	0.00294	0.00946
4	0.18686	0.01697	0.01664	0.01340	0.01811	0.07895	0.01089	0.36398	0.02351	0.14670	0.01682	0.04893	0.01263	0.00820	0.00622	0.00204	0.00691	0.00609	0.00614	0.00998
5	0.00917	0.00686	0.00873	0.00985	0.01123	0.00643	0.00776	0.01126	0.01457	0.01860	0.04499	0.29113	0.22934	0.01890	0.00867	0.00274	0.00468	0.28307	0.00621	0.00580
6	0.01346	0.03471	0.72942	0.01912	0.02904	0.01558	0.02479	0.02125	0.01417	0.02125	0.01204	0.01417	0.00850	0.00637	0.00637	0.00212	0.00992	0.00496	0.00283	0.00992
7	0.00869	0.00639	0.00783	0.00832	0.00934	0.00587	0.00573	0.01031	0.01450	0.01928	0.21683	0.33834	0.18201	0.12104	0.01181	0.00300	0.00397	0.01501	0.00623	0.00553
8	0.00834	0.00664	0.00748	0.00764	0.00941	0.00578	0.00559	0.01028	0.01571	0.01999	0.21361	0.18833	0.44358	0.01697	0.00804	0.00231	0.00343	0.01459	0.00650	0.00578
9	0.01477	0.01287	0.01650	0.01185	0.01785	0.01035	0.06773	0.05815	0.01513	0.02305	0.01232	0.01441	0.01005	0.00521	0.00533	0.00116	0.00566	0.00444	0.00409	0.68909
10	0.06168	0.19514	0.40637	0.01541	0.02263	0.03206	0.01789	0.01996	0.01386	0.03865	0.01387	0.07325	0.01189	0.00941	0.03859	0.00239	0.00883	0.00583	0.00338	0.00893
11	0.01624	0.02033	0.26147	0.01892	0.10364	0.01431	0.04839	0.08071	0.01659	0.10331	0.10217	0.06487	0.01892	0.00903	0.00858	0.00222	0.08902	0.00734	0.00466	0.00927
12	0.06761	0.23417	0.08072	0.01661	0.07462	0.18252	0.01364	0.15398	0.01814	0.02289	0.01161	0.01352	0.00950	0.00824	0.02951	0.00212	0.04294	0.00475	0.00389	0.00901
13	0.01306	0.00873	0.01060	0.01039	0.01239	0.00870	0.00764	0.05524	0.12621	0.09966	0.12045	0.38983	0.07844	0.01585	0.00787	0.00244	0.00439	0.01400	0.00672	0.00739
14	0.01003	0.00727	0.00863	0.00835	0.01030	0.00662	0.00623	0.01314	0.04863	0.05393	0.34415	0.13371	0.29358	0.01528	0.00789	0.00224	0.00354	0.01321	0.00685	0.00641
15	0.01634	0.01556	0.02647	0.03984	0.68918	0.01556	0.02013	0.02028	0.01529	0.02183	0.01369	0.01937	0.01194	0.00657	0.00677	0.00204	0.00789	0.03739	0.00346	0.01042
16	0.00968	0.00647	0.00734	0.00741	0.00743	0.00646	0.00417	0.00974	0.00990	0.01320	0.02188	0.07725	0.02532	0.72958	0.03296	0.00633	0.00638	0.01019	0.00417	0.00413
17	0.01087	0.00858	0.01060	0.05402	0.01292	0.04083	0.00771	0.03009	0.01160	0.01560	0.01929	0.06821	0.01985	0.29137	0.36055	0.00774	0.01219	0.00845	0.00393	0.00560
18	0.77624	0.04661	0.01099	0.00894	0.01317	0.01556	0.00745	0.01974	0.01152	0.02947	0.00934	0.01089	0.00733	0.00621	0.00416	0.00205	0.00528	0.00363	0.00410	0.00733
19	0.01768	0.14953	0.07016	0.04423	0.09947	0.16509	0.01293	0.07468	0.07169	0.03614	0.11036	0.04015	0.01903	0.00952	0.02894	0.00218	0.00798	0.00652	0.02511	0.00862
20	0.01691	0.01249	0.01371	0.01216	0.01580	0.01360	0.00950	0.03027	0.47677	0.12338	0.07810	0.03164	0.11567	0.01034	0.00703	0.00224	0.00497	0.00864	0.00699	0.00979
21	0.01805	0.69602	0.03302	0.01154	0.01697	0.06163	0.01125	0.02023	0.01393	0.01624	0.00996	0.01148	0.00901	0.00590	0.00441	0.00146	0.00724	0.00375	0.03948	0.00846
22	0.00863	0.00607	0.00783	0.00906	0.00942	0.00578	0.00599	0.00965	0.01232	0.01640	0.03358	0.57678	0.03990	0.17736	0.01398	0.00354	0.00455	0.04821	0.00577	0.00519
23	0.13814	0.53776	0.08537	0.01262	0.01842	0.04763	0.04254	0.02042	0.01362	0.01866	0.00977	0.01142	0.00847	0.00590	0.00466	0.00163	0.00744	0.00392	0.00311	0.00850
24	0.03985	0.01522	0.02220	0.31114	0.20538	0.07189	0.04895	0.03284	0.01418	0.01920	0.01176	0.01663	0.00960	0.00853	0.03006	0.00248	0.12258	0.00588	0.00325	0.00836
25	0.00884	0.00683	0.00808	0.00791	0.00974	0.00607	0.00595	0.01133	0.01715	0.02272	0.40442	0.07882	0.33600	0.01546	0.00798	0.00223	0.00338	0.03422	0.00683	0.00602
26	0.03646	0.00952	0.01281	0.01172	0.01370	0.03066	0.06006	0.04074	0.05449	0.01924	0.01979	0.08289	0.01851	0.08341	0.37956	0.00681	0.01219	0.00804	0.09275	0.00665
27	0.01587	0.01420	0.02171	0.02994	0.44994	0.01458	0.01614	0.07654	0.10174	0.02375	0.03700	0.13237	0.01846	0.00904	0.00700	0.00214	0.00684	0.00835	0.00458	0.00979
28	0.01557	0.01610	0.04247	0.29128	0.18022	0.07008	0.11910	0.05043	0.01550	0.02049	0.03522	0.01775	0.01137	0.00685	0.00750	0.00211	0.04402	0.00622	0.00350	0.04420

[dist]
# distance from previous block
# <min> <max>
0	1

[block]
# block no. 2 follows, 32 sequences, length 11
# corresponding to MSA columns:
# 482-492
name=unknown_C
#
# <colnr> <probs for GDERKNQSTAVLIFYWHMCP>
#	G	D	E	R	K	N	Q	S	T	A	V	L	I	F	Y	W	H	M	C	P
0	0.01771	0.38798	0.02580	0.05060	0.04668	0.02083	0.01161	0.14708	0.08442	0.02312	0.06374	0.01979	0.05932	0.00780	0.00568	0.00178	0.00665	0.00589	0.00451	0.00901
1	0.71553	0.01374	0.04846	0.00925	0.01358	0.01446	0.00807	0.01914	0.01182	0.02884	0.01336	0.01462	0.05432	0.00695	0.00452	0.00209	0.00533	0.00440	0.00422	0.00730
2	0.06614	0.01319	0.01870	0.08098	0.18350	0.06242	0.10146	0.01756	0.04320	0.02127	0.10041	0.11728	0.12510	0.01049	0.00718	0.00219	0.00680	0.00949	0.00473	0.00791
3	0.00927	0.00642	0.00695	0.00729	0.00873	0.00585	0.00514	0.01100	0.01386	0.01899	0.04508	0.20879	0.32717	0.09564	0.01011	0.00266	0.00378	0.01291	0.19476	0.00559
4	0.01443	0.02659	0.41251	0.02266	0.06957	0.01662	0.20286	0.02061	0.01417	0.02069	0.01207	0.01542	0.00911	0.00686	0.00883	0.00226	0.10639	0.00593	0.00302	0.00939
5	0.61041	0.01447	0.01249	0.01052	0.01498	0.01653	0.00867	0.19381	0.01657	0.03322	0.01107	0.01223	0.00833	0.00670	0.00481	0.00206	0.00575	0.00425	0.00481	0.00833
6	0.00971	0.00668	0.00822	0.00822	0.00853	0.00699	0.00519	0.01034	0.01002	0.01368	0.02032	0.03935	0.02242	0.57883	0.21681	0.00762	0.00948	0.00909	0.00394	0.00457
7	0.23756	0.01406	0.01599	0.11925	0.10445	0.05522	0.01200	0.09468	0.03959	0.06209	0.01733	0.04670	0.05356	0.01034	0.04162	0.00257	0.05377	0.00636	0.00454	0.00830
8	0.05963	0.57693	0.08340	0.01220	0.01772	0.06527	0.01213	0.01998	0.01367	0.01698	0.01020	0.01219	0.00910	0.00899	0.05568	0.00219	0.00832	0.00399	0.00302	0.00841
9	0.01422	0.07301	0.34834	0.01525	0.03999	0.01396	0.01630	0.05634	0.07119	0.04149	0.15412	0.02374	0.02164	0.03030	0.00733	0.00217	0.00727	0.00683	0.04756	0.00894
10	0.01533	0.01370	0.01461	0.01075	0.01651	0.06038	0.00856	0.05519	0.01524	0.02261	0.01205	0.01391	0.00993	0.00527	0.00514	0.00110	0.00560	0.00411	0.00409	0.70590

[dist]
# distance from previous block
# <min> <max>
0	3

[block]
# block no. 3 follows, 32 sequences, length 7
# corresponding to MSA columns:
# 496-502
name=unknown_D
#
# <colnr> <probs for GDERKNQSTAVLIFYWHMCP>
#	G	D	E	R	K	N	Q	S	T	A	V	L	I	F	Y	W	H	M	C	P
0	0.00911	0.00661	0.00841	0.00898	0.01007	0.00620	0.00655	0.01107	0.01494	0.02003	0.23658	0.28137	0.12820	0.10746	0.01148	0.00300	0.00428	0.11367	0.00630	0.00567
1	0.01558	0.02506	0.38681	0.02028	0.09381	0.01541	0.08403	0.06380	0.10649	0.05299	0.05766	0.01883	0.01424	0.00725	0.00673	0.00214	0.00853	0.00625	0.00419	0.00993
2	0.00846	0.00666	0.00742	0.00767	0.00929	0.00588	0.00554	0.01012	0.01475	0.01852	0.13203	0.17197	0.43573	0.09629	0.01085	0.00280	0.00389	0.04045	0.00613	0.00556
3	0.01895	0.01714	0.08663	0.01681	0.06809	0.01643	0.04911	0.25438	0.21739	0.05895	0.02360	0.02527	0.06557	0.00909	0.00699	0.00218	0.00687	0.04039	0.00597	0.01020
4	0.55038	0.01408	0.01277	0.01063	0.01517	0.01573	0.00877	0.17075	0.01673	0.11160	0.01277	0.01340	0.00923	0.00686	0.00501	0.00206	0.00573	0.00451	0.00518	0.00865
5	0.01755	0.41290	0.14136	0.01575	0.06754	0.12580	0.01435	0.02069	0.01471	0.01777	0.04691	0.01415	0.01158	0.00676	0.00618	0.00174	0.04773	0.00464	0.00322	0.00865
6	0.08781	0.10878	0.15243	0.01978	0.14739	0.22494	0.01542	0.02415	0.01622	0.12357	0.01324	0.01462	0.01002	0.00666	0.00596	0.00190	0.00887	0.00495	0.00402	0.00927

[dist]
# distance from previous block
# <min> <max>
0	18

[block]
# block no. 4 follows, 32 sequences, length 7
# corresponding to MSA columns:
# 521-527
name=unknown_E
#
# <colnr> <probs for GDERKNQSTAVLIFYWHMCP>
#	G	D	E	R	K	N	Q	S	T	A	V	L	I	F	Y	W	H	M	C	P
0	0.24061	0.04435	0.07196	0.01400	0.01924	0.05759	0.06798	0.16540	0.01789	0.10837	0.01360	0.01474	0.01002	0.00691	0.00634	0.00196	0.03491	0.00511	0.00486	0.09415
1	0.00906	0.00676	0.00842	0.00818	0.00980	0.00612	0.00607	0.01176	0.01772	0.02428	0.52792	0.11178	0.19739	0.01500	0.00797	0.00219	0.00327	0.01313	0.00705	0.00612
2	0.01446	0.01387	0.05574	0.03713	0.05780	0.04107	0.11735	0.10264	0.01588	0.03860	0.02299	0.18005	0.06818	0.05826	0.06936	0.00328	0.08105	0.00984	0.00470	0.00774
3	0.00886	0.00663	0.00797	0.00824	0.00957	0.00605	0.00593	0.01076	0.01520	0.02004	0.25073	0.20503	0.24840	0.11203	0.01148	0.00291	0.00400	0.05421	0.00630	0.00565
4	0.01889	0.18187	0.05930	0.13350	0.07941	0.19883	0.08280	0.07768	0.06768	0.02050	0.01267	0.01504	0.01007	0.00666	0.00614	0.00190	0.00917	0.00532	0.00372	0.00886
5	0.00961	0.00741	0.00892	0.00927	0.01082	0.00716	0.00682	0.01357	0.09581	0.02124	0.21247	0.30674	0.18881	0.01681	0.00811	0.00245	0.00392	0.05713	0.00658	0.00636
6	0.03261	0.01495	0.07663	0.03090	0.05036	0.08739	0.05631	0.01835	0.05200	0.04870	0.17210	0.03021	0.06324	0.05645	0.03627	0.00272	0.08172	0.03048	0.00489	0.05373

[dist]
# distance from previous block
# <min> <max>
2	12

[block]
# block no. 5 follows, 32 sequences, length 15
# corresponding to MSA columns:
# 540-554
name=unknown_F
#
# <colnr> <probs for GDERKNQSTAVLIFYWHMCP>
#	G	D	E	R	K	N	Q	S	T	A	V	L	I	F	Y	W	H	M	C	P
0	0.01614	0.01406	0.07213	0.05391	0.01795	0.04128	0.01061	0.09247	0.08999	0.10644	0.09016	0.03064	0.14112	0.00974	0.00674	0.00195	0.00588	0.02952	0.00567	0.16359
1	0.01580	0.03512	0.07935	0.16656	0.08369	0.01640	0.04320	0.13719	0.05119	0.02272	0.03671	0.04346	0.01352	0.02706	0.01142	0.04409	0.15327	0.00670	0.00412	0.00843
2	0.02172	0.08230	0.02026	0.05848	0.06459	0.24458	0.01278	0.20466	0.07834	0.04907	0.01415	0.01529	0.01090	0.00709	0.00614	0.00181	0.00851	0.00524	0.00474	0.08936
3	0.04114	0.05013	0.02310	0.21157	0.32399	0.03441	0.03938	0.05251	0.07182	0.02227	0.05399	0.01899	0.01379	0.00697	0.00659	0.00206	0.00779	0.00629	0.00392	0.00929
4	0.00875	0.00653	0.00811	0.00893	0.01011	0.00601	0.00654	0.01053	0.01448	0.01882	0.12603	0.35258	0.22367	0.05360	0.00963	0.00276	0.00415	0.11686	0.00626	0.00566
5	0.04524	0.01626	0.06265	0.07399	0.02147	0.09139	0.10397	0.06547	0.13475	0.04119	0.15044	0.02592	0.05348	0.00931	0.00833	0.00220	0.07266	0.00772	0.00512	0.00844
6	0.00966	0.00703	0.00881	0.00919	0.01043	0.00669	0.00669	0.03943	0.01575	0.02119	0.24395	0.31406	0.11836	0.07791	0.01037	0.00280	0.00421	0.08111	0.00642	0.00595
7	0.01710	0.18769	0.11936	0.01564	0.06201	0.18898	0.01310	0.05798	0.05591	0.01955	0.01776	0.18069	0.01757	0.00987	0.00639	0.00201	0.00796	0.00793	0.00423	0.00828
8	0.01593	0.01832	0.12608	0.09129	0.27735	0.04313	0.06393	0.06327	0.07347	0.02233	0.01508	0.06028	0.01278	0.00767	0.00761	0.00213	0.04984	0.00672	0.00391	0.03889
9	0.08026	0.06877	0.07368	0.01717	0.05552	0.39893	0.01358	0.08859	0.05262	0.04373	0.01231	0.01378	0.00974	0.00715	0.00660	0.00189	0.03817	0.00482	0.00403	0.00868
10	0.56665	0.01384	0.03667	0.01165	0.01599	0.01461	0.08239	0.05882	0.01361	0.02865	0.04532	0.06041	0.01280	0.00755	0.00523	0.00214	0.00595	0.00564	0.00446	0.00763
11	0.01469	0.01273	0.01364	0.01316	0.05044	0.04136	0.00960	0.06264	0.36508	0.02619	0.15993	0.03495	0.14545	0.01099	0.00717	0.00219	0.00510	0.00925	0.00651	0.00892
12	0.06610	0.01296	0.03692	0.01295	0.01646	0.01314	0.05632	0.12846	0.13554	0.10889	0.06448	0.08949	0.10028	0.06760	0.01007	0.00258	0.05432	0.00895	0.00592	0.00857
13	0.00937	0.00697	0.00806	0.00828	0.00954	0.00658	0.00586	0.01136	0.04091	0.01787	0.11283	0.13745	0.26077	0.22855	0.01603	0.02664	0.00473	0.07709	0.00566	0.00542
14	0.01785	0.07999	0.04614	0.07348	0.18077	0.05786	0.09270	0.17249	0.05924	0.02507	0.04190	0.01847	0.01334	0.01031	0.05264	0.02901	0.00873	0.00629	0.00439	0.00933

[dist]
# distance from previous block
# <min> <max>
0	1

[block]
# block no. 6 follows, 32 sequences, length 7
# corresponding to MSA columns:
# 556-562
name=unknown_G
#
# <colnr> <probs for GDERKNQSTAVLIFYWHMCP>
#	G	D	E	R	K	N	Q	S	T	A	V	L	I	F	Y	W	H	M	C	P
0	0.01190	0.00771	0.00955	0.00906	0.01114	0.00715	0.00691	0.01516	0.05116	0.10326	0.33215	0.10363	0.18746	0.05204	0.00920	0.00249	0.00406	0.06231	0.00688	0.00679
1	0.02045	0.10355	0.10807	0.06409	0.10550	0.20260	0.03498	0.18934	0.06434	0.02485	0.01340	0.01507	0.01035	0.00698	0.00628	0.00193	0.00902	0.00535	0.00429	0.00955
2	0.01933	0.05513	0.07372	0.01564	0.02030	0.04129	0.06666	0.31675	0.11136	0.03025	0.04222	0.05533	0.01569	0.01135	0.05238	0.00266	0.04767	0.00705	0.00548	0.00973
3	0.00941	0.00640	0.00756	0.00784	0.00806	0.00627	0.00472	0.00993	0.01123	0.01512	0.08758	0.19271	0.03206	0.54237	0.02648	0.00532	0.00566	0.01190	0.00481	0.00456
4	0.01396	0.14055	0.30160	0.01563	0.02145	0.06148	0.07021	0.01831	0.01410	0.01881	0.03628	0.07948	0.06587	0.06583	0.00936	0.00243	0.04551	0.00731	0.00365	0.00818
5	0.00882	0.00664	0.00816	0.00818	0.00971	0.00598	0.00598	0.01121	0.01681	0.02266	0.41213	0.19249	0.23466	0.01602	0.00805	0.00227	0.00337	0.01403	0.00685	0.00598
6	0.05512	0.01484	0.02129	0.10633	0.39905	0.06078	0.01624	0.01975	0.05701	0.02073	0.01566	0.08534	0.01447	0.04786	0.00868	0.00236	0.03442	0.00723	0.00384	0.00901

[dist]
# distance from previous block
# <min> <max>
0	20

[block]
# block no. 7 follows, 32 sequences, length 17
# corresponding to MSA columns:
# 586-601,604
name=unknown_H
#
# <colnr> <probs for GDERKNQSTAVLIFYWHMCP>
#	G	D	E	R	K	N	Q	S	T	A	V	L	I	F	Y	W	H	M	C	P
0	0.01652	0.01474	0.04054	0.01784	0.07298	0.01437	0.15748	0.13914	0.15832	0.04931	0.09453	0.06066	0.05943	0.00906	0.00714	0.00211	0.00687	0.00831	0.00555	0.06510
1	0.00924	0.00705	0.00871	0.00880	0.01034	0.00674	0.00646	0.01243	0.05556	0.02163	0.30607	0.22532	0.19705	0.01916	0.07130	0.00306	0.00480	0.01361	0.00648	0.00618
2	0.00976	0.00651	0.00732	0.00732	0.00732	0.00651	0.00407	0.00976	0.00976	0.01301	0.02114	0.04391	0.02439	0.76419	0.03415	0.00651	0.00651	0.00976	0.00407	0.00407
3	0.05387	0.01694	0.01877	0.01680	0.07913	0.01887	0.01253	0.40633	0.24208	0.03560	0.01905	0.01874	0.01402	0.00813	0.00664	0.00210	0.00669	0.00642	0.00636	0.01093
4	0.01760	0.01577	0.01537	0.01364	0.01745	0.07760	0.01063	0.09470	0.53912	0.02769	0.02771	0.02591	0.06823	0.00938	0.00683	0.00220	0.00594	0.00763	0.00649	0.01010
5	0.08693	0.18734	0.07436	0.05697	0.03958	0.13064	0.01303	0.05377	0.06469	0.08693	0.01420	0.04507	0.01177	0.00801	0.00777	0.00203	0.09841	0.00561	0.00420	0.00871
6	0.01521	0.06565	0.01494	0.16426	0.01979	0.08210	0.01002	0.08023	0.01514	0.07283	0.02212	0.09127	0.07029	0.23073	0.01476	0.00339	0.00717	0.00854	0.00462	0.00695
7	0.01491	0.01290	0.01634	0.01520	0.12897	0.01064	0.01020	0.05058	0.01499	0.02286	0.01224	0.01445	0.01012	0.00528	0.00532	0.00120	0.00557	0.00440	0.00400	0.63984
8	0.01769	0.04893	0.09730	0.01639	0.02043	0.23808	0.08786	0.07554	0.03304	0.02097	0.06859	0.02572	0.07591	0.00951	0.00845	0.00215	0.08423	0.05673	0.00436	0.00809
9	0.00939	0.00665	0.00847	0.00874	0.00938	0.00680	0.00594	0.01059	0.01162	0.01577	0.07394	0.15649	0.06248	0.35256	0.20094	0.00633	0.00855	0.03557	0.00471	0.00508
10	0.19055	0.02091	0.03315	0.04535	0.05981	0.25552	0.01230	0.10694	0.14035	0.02498	0.01401	0.01525	0.01091	0.00740	0.00651	0.00202	0.03552	0.00519	0.00454	0.00879
11	0.01407	0.01220	0.01147	0.01106	0.01323	0.12466	0.00831	0.09612	0.01727	0.04695	0.08208	0.25924	0.16052	0.04510	0.00880	0.00251	0.00584	0.06779	0.00591	0.00686
12	0.01333	0.01226	0.01238	0.01040	0.01409	0.09988	0.00791	0.01592	0.01565	0.02169	0.19103	0.13903	0.02839	0.00989	0.00640	0.00163	0.00526	0.00840	0.00511	0.38135
13	0.03629	0.06563	0.11861	0.11887	0.14828	0.16467	0.11736	0.05850	0.01671	0.07326	0.01308	0.01571	0.00994	0.00655	0.00650	0.00200	0.00939	0.00565	0.00379	0.00920
14	0.49009	0.01600	0.01470	0.05760	0.12941	0.11609	0.01088	0.02057	0.01333	0.02574	0.01028	0.01253	0.00822	0.00625	0.00500	0.00197	0.00681	0.00425	0.00385	0.04642
15	0.07329	0.00909	0.01137	0.00970	0.01293	0.00820	0.00760	0.01965	0.01754	0.25423	0.31107	0.08552	0.07049	0.01143	0.00709	0.00206	0.00434	0.00974	0.00707	0.06759
16	0.03307	0.07351	0.10150	0.06994	0.14791	0.15834	0.02749	0.10110	0.09329	0.07566	0.01575	0.01877	0.01242	0.00750	0.00646	0.00202	0.00843	0.03283	0.00451	0.00951

[dist]
# distance from previous block
# <min> <max>
0	1

[block]
# block no. 8 follows, 32 sequences, length 23
# corresponding to MSA columns:
# 606-628
name=unknown_I
#
# <colnr> <probs for GDERKNQSTAVLIFYWHMCP>
#	G	D	E	R	K	N	Q	S	T	A	V	L	I	F	Y	W	H	M	C	P
0	0.08624	0.04737	0.01878	0.06434	0.17388	0.17091	0.01342	0.05884	0.02958	0.03754	0.04394	0.02511	0.06829	0.00913	0.00778	0.00214	0.06543	0.06460	0.00434	0.00833
1	0.00827	0.00607	0.00768	0.00882	0.00955	0.00557	0.00598	0.00959	0.01344	0.01766	0.07883	0.58591	0.14736	0.04991	0.00946	0.00277	0.00388	0.01757	0.00621	0.00548
2	0.01573	0.24212	0.06530	0.01664	0.04315	0.05211	0.13215	0.05238	0.01502	0.01944	0.04731	0.07279	0.06257	0.00909	0.00881	0.00209	0.12401	0.00722	0.00387	0.00820
3	0.01907	0.01133	0.01348	0.01138	0.01499	0.01134	0.00901	0.13218	0.13869	0.23172	0.19126	0.07304	0.09105	0.01114	0.00723	0.00216	0.00501	0.00938	0.00728	0.00925
4	0.06066	0.07561	0.06794	0.14406	0.31154	0.09106	0.01707	0.02019	0.01465	0.03772	0.01295	0.04700	0.01114	0.00726	0.00727	0.00206	0.05331	0.00599	0.00349	0.00903
5	0.01346	0.01015	0.01305	0.04833	0.01562	0.01047	0.03758	0.12861	0.07252	0.04991	0.15286	0.19103	0.12215	0.01616	0.05651	0.00289	0.00606	0.03890	0.00618	0.00756
6	0.01568	0.00984	0.01131	0.00996	0.01293	0.03290	0.00774	0.02054	0.11423	0.19453	0.29404	0.04181	0.18267	0.01223	0.00742	0.00215	0.00443	0.01036	0.00716	0.00807
7	0.01862	0.01935	0.08785	0.03601	0.06045	0.07948	0.17931	0.21351	0.07264	0.02645	0.01549	0.04062	0.01254	0.03828	0.00928	0.00236	0.06684	0.00690	0.00462	0.00941
8	0.02066	0.01342	0.01524	0.01303	0.01721	0.01447	0.01032	0.05794	0.45879	0.23264	0.05180	0.02498	0.02058	0.00900	0.00684	0.00220	0.00542	0.00745	0.00728	0.01073
9	0.06764	0.01793	0.01940	0.08595	0.08784	0.13524	0.01383	0.18535	0.04389	0.04301	0.01330	0.01666	0.01078	0.00844	0.00995	0.00220	0.17891	0.01918	0.00443	0.03607
10	0.06015	0.01408	0.07525	0.58287	0.07565	0.01525	0.01838	0.01775	0.01332	0.01843	0.01169	0.01699	0.00889	0.00682	0.00714	0.00223	0.03851	0.00574	0.00305	0.00779
11	0.00823	0.00677	0.00724	0.00721	0.00927	0.00578	0.00537	0.01017	0.01587	0.01970	0.18629	0.09142	0.57032	0.01656	0.00795	0.00226	0.00338	0.01400	0.00644	0.00578
12	0.02017	0.01321	0.01548	0.04954	0.01823	0.01410	0.01055	0.17129	0.25221	0.18996	0.14497	0.02667	0.02459	0.00939	0.00697	0.00214	0.00565	0.00778	0.00705	0.01006
13	0.06698	0.01719	0.01880	0.01448	0.01975	0.01857	0.01196	0.54645	0.02832	0.16307	0.01760	0.01703	0.01212	0.00800	0.00659	0.00203	0.00697	0.00604	0.00686	0.01120
14	0.01652	0.01337	0.04327	0.01097	0.01697	0.01031	0.00923	0.07644	0.01595	0.09511	0.01376	0.01502	0.01068	0.00562	0.00535	0.00124	0.00545	0.00447	0.00460	0.62569
15	0.01038	0.00822	0.01054	0.01164	0.08061	0.00770	0.00768	0.04659	0.01742	0.02340	0.33835	0.13358	0.24951	0.01451	0.00781	0.00221	0.00401	0.01265	0.00647	0.00671
16	0.04891	0.25318	0.05995	0.01506	0.01932	0.38912	0.01287	0.02308	0.01631	0.01715	0.01144	0.01538	0.01024	0.00734	0.00629	0.00180	0.03969	0.04144	0.00340	0.00802
17	0.01820	0.15786	0.23638	0.02088	0.13716	0.01881	0.06735	0.16752	0.01817	0.05040	0.01305	0.01499	0.00992	0.00676	0.00679	0.00199	0.03434	0.00542	0.00400	0.01002
18	0.01922	0.17630	0.02349	0.02001	0.18914	0.04307	0.01355	0.18054	0.09160	0.05046	0.01621	0.01741	0.03318	0.00731	0.00660	0.00187	0.03194	0.00573	0.00469	0.06770
19	0.00836	0.00595	0.00790	0.00939	0.00981	0.00559	0.00633	0.00956	0.01282	0.01708	0.03623	0.69917	0.04326	0.05316	0.00971	0.00290	0.00411	0.04712	0.00613	0.00542
20	0.01405	0.01390	0.08352	0.01744	0.14039	0.03720	0.03580	0.04348	0.09530	0.04931	0.22221	0.10184	0.03109	0.05723	0.00926	0.00245	0.02240	0.00940	0.00549	0.00823
21	0.00849	0.00648	0.00754	0.00793	0.00923	0.00581	0.00554	0.01008	0.01452	0.01873	0.16515	0.27329	0.31625	0.10647	0.01124	0.00288	0.00388	0.01480	0.00617	0.00552
22	0.01637	0.09025	0.22387	0.14144	0.15201	0.08140	0.09243	0.05903	0.04137	0.02122	0.01268	0.01564	0.00975	0.00647	0.00646	0.00204	0.00920	0.00560	0.00342	0.00935

[dist]
# distance from previous block
# <min> <max>
2	4

[block]
# block no. 9 follows, 32 sequences, length 21
# corresponding to MSA columns:
# 633-653
name=unknown_J
#
# <colnr> <probs for GDERKNQSTAVLIFYWHMCP>
#	G	D	E	R	K	N	Q	S	T	A	V	L	I	F	Y	W	H	M	C	P
0	0.05368	0.04263	0.03783	0.17018	0.09016	0.08563	0.10682	0.10303	0.01611	0.02165	0.02944	0.01924	0.01233	0.05717	0.07608	0.00318	0.05645	0.00634	0.00385	0.00820
1	0.01074	0.00744	0.00901	0.00896	0.01081	0.00692	0.00673	0.01380	0.05395	0.06956	0.23028	0.18522	0.23814	0.04827	0.00915	0.00255	0.00407	0.07132	0.00662	0.00645
2	0.02018	0.01509	0.01833	0.10578	0.09902	0.04147	0.01295	0.24505	0.11489	0.11551	0.01805	0.02063	0.01387	0.06134	0.04378	0.00282	0.02939	0.00656	0.00555	0.00973
3	0.00870	0.00645	0.00797	0.00880	0.00986	0.00595	0.00630	0.01030	0.01404	0.01826	0.10769	0.37632	0.20828	0.08825	0.01081	0.00295	0.00421	0.09319	0.00613	0.00554
4	0.01552	0.01492	0.02466	0.21100	0.36566	0.01674	0.05457	0.04102	0.01445	0.02031	0.01191	0.01663	0.00988	0.00727	0.00956	0.00224	0.14513	0.00606	0.00328	0.00918
5	0.81159	0.01298	0.00986	0.00882	0.01298	0.01505	0.00727	0.01972	0.01142	0.03010	0.00934	0.01090	0.00727	0.00623	0.00415	0.00208	0.00519	0.00363	0.00415	0.00727
6	0.02424	0.01601	0.01694	0.01355	0.01827	0.06789	0.01098	0.31982	0.09884	0.23705	0.02475	0.02325	0.07943	0.00899	0.00680	0.00206	0.00664	0.00704	0.00691	0.01053
7	0.01346	0.03471	0.72942	0.01912	0.02904	0.01558	0.02479	0.02125	0.01417	0.02125	0.01204	0.01417	0.00850	0.00637	0.00637	0.00212	0.00992	0.00496	0.00283	0.00992
8	0.76135	0.01335	0.01052	0.00925	0.01348	0.01542	0.00762	0.06319	0.01271	0.03088	0.00978	0.01123	0.00753	0.00635	0.00432	0.00207	0.00533	0.00379	0.00432	0.00753
9	0.01489	0.01112	0.01239	0.01117	0.01428	0.01178	0.00864	0.05795	0.32593	0.08573	0.15987	0.08283	0.15145	0.01196	0.00732	0.00224	0.00463	0.01015	0.00691	0.00875
10	0.06573	0.01342	0.01719	0.23099	0.04960	0.05093	0.01336	0.08792	0.04792	0.02130	0.06127	0.02116	0.01496	0.05967	0.07101	0.00327	0.15197	0.00656	0.00407	0.00770
11	0.01021	0.00716	0.00912	0.00990	0.01143	0.00674	0.00786	0.01235	0.01475	0.04473	0.06646	0.19285	0.20419	0.07647	0.01062	0.00302	0.00499	0.29504	0.00616	0.00595
12	0.01580	0.41851	0.36616	0.01513	0.02286	0.02132	0.01783	0.02064	0.01389	0.01839	0.01062	0.01239	0.00856	0.00604	0.00529	0.00176	0.00848	0.00424	0.00285	0.00923
13	0.48999	0.01376	0.01309	0.01078	0.01539	0.01504	0.00889	0.15406	0.01700	0.18371	0.01437	0.01450	0.01010	0.00703	0.00521	0.00206	0.00573	0.00477	0.00555	0.00897
14	0.01887	0.01443	0.02323	0.12039	0.45157	0.01463	0.01754	0.02358	0.05965	0.16492	0.01627	0.01856	0.01226	0.00674	0.00668	0.00206	0.00746	0.00623	0.00451	0.01040
15	0.01649	0.14747	0.34864	0.01711	0.02419	0.12657	0.06851	0.05523	0.04485	0.02078	0.01583	0.01732	0.05413	0.00717	0.00624	0.00197	0.00918	0.00560	0.00355	0.00915
16	0.00856	0.00675	0.00768	0.00775	0.00955	0.00594	0.00576	0.01063	0.01594	0.02042	0.24395	0.12904	0.42266	0.03674	0.00875	0.00242	0.00358	0.04157	0.00649	0.00581
17	0.01099	0.04706	0.05726	0.01068	0.01321	0.00900	0.04807	0.01425	0.04913	0.04085	0.16964	0.18261	0.16035	0.09854	0.05516	0.00326	0.00590	0.01181	0.00561	0.00663
18	0.01045	0.00612	0.00850	0.00879	0.00927	0.00591	0.00608	0.00957	0.01133	0.01503	0.08943	0.15502	0.08401	0.04226	0.01934	0.46278	0.00508	0.04256	0.00437	0.00409
19	0.01986	0.01665	0.02251	0.01947	0.08404	0.01812	0.12704	0.31720	0.15057	0.03133	0.01823	0.02185	0.01439	0.00857	0.00806	0.00223	0.05456	0.04951	0.00561	0.01021
20	0.08769	0.01142	0.01468	0.01151	0.01627	0.01042	0.00944	0.06110	0.01917	0.57061	0.09462	0.02436	0.02037	0.00868	0.00666	0.00208	0.00549	0.00702	0.00782	0.01059

[dist]
# distance from previous block
# <min> <max>
0	1

[block]
# block no. 10 follows, 32 sequences, length 7
# corresponding to MSA columns:
# 655-661
name=unknown_K
#
# <colnr> <probs for GDERKNQSTAVLIFYWHMCP>
#	G	D	E	R	K	N	Q	S	T	A	V	L	I	F	Y	W	H	M	C	P
0	0.04686	0.30127	0.12320	0.01632	0.08046	0.07982	0.01414	0.09492	0.04472	0.02169	0.05122	0.01552	0.01259	0.00725	0.00683	0.00187	0.06334	0.00513	0.00384	0.00901
1	0.07554	0.01848	0.06414	0.03694	0.02426	0.13011	0.24827	0.02039	0.03917	0.02004	0.03205	0.01782	0.01190	0.01222	0.08919	0.00320	0.13812	0.00649	0.00359	0.00808
2	0.01770	0.39396	0.02681	0.01370	0.01778	0.13749	0.03992	0.02106	0.06634	0.01754	0.04831	0.01636	0.01313	0.04104	0.00866	0.00203	0.10122	0.00519	0.00358	0.00817
3	0.00877	0.00683	0.00802	0.00816	0.00996	0.00608	0.00622	0.01105	0.01628	0.02107	0.27102	0.12398	0.37315	0.01647	0.00813	0.00235	0.00367	0.08627	0.00660	0.00592
4	0.01441	0.06844	0.01404	0.01142	0.01334	0.07224	0.00851	0.09906	0.09044	0.01973	0.02081	0.14247	0.02143	0.25464	0.06164	0.00413	0.06241	0.00918	0.00478	0.00690
5	0.00848	0.00621	0.00778	0.00862	0.00947	0.00571	0.00588	0.00996	0.01398	0.01853	0.15073	0.47445	0.15419	0.08062	0.01047	0.00286	0.00391	0.01640	0.00624	0.00551
6	0.02012	0.02106	0.02349	0.08439	0.33525	0.23325	0.01724	0.07074	0.01746	0.02157	0.01265	0.01631	0.01061	0.00759	0.00827	0.00218	0.07856	0.00574	0.00385	0.00968

[dist]
# distance from previous block
# <min> <max>
1	2

[block]
# block no. 11 follows, 32 sequences, length 8
# corresponding to MSA columns:
# 664-671
name=unknown_L
#
# <colnr> <probs for GDERKNQSTAVLIFYWHMCP>
#	G	D	E	R	K	N	Q	S	T	A	V	L	I	F	Y	W	H	M	C	P
0	0.02305	0.02948	0.06334	0.01893	0.02334	0.55616	0.11449	0.05684	0.01885	0.01865	0.01121	0.01329	0.00899	0.00675	0.00637	0.00184	0.01164	0.00497	0.00356	0.00826
1	0.58035	0.11764	0.01506	0.01148	0.04323	0.10061	0.00904	0.02063	0.01276	0.02624	0.00959	0.01125	0.00775	0.00623	0.00449	0.00195	0.00638	0.00380	0.00386	0.00764
2	0.02354	0.04359	0.05281	0.01450	0.01959	0.03737	0.01230	0.42789	0.08751	0.13773	0.01926	0.06069	0.01459	0.00875	0.00672	0.00207	0.00699	0.00686	0.00652	0.01073
3	0.01204	0.01075	0.00981	0.00933	0.01166	0.09234	0.00690	0.01583	0.10118	0.04262	0.09902	0.08279	0.37615	0.08766	0.01013	0.00262	0.00503	0.01161	0.00593	0.00660
4	0.01045	0.00867	0.01271	0.06168	0.01529	0.00846	0.07506	0.01427	0.05025	0.02283	0.36128	0.06383	0.15975	0.04262	0.03368	0.00268	0.00528	0.03842	0.00613	0.00664
5	0.00913	0.00953	0.09184	0.01037	0.01215	0.00695	0.00857	0.01123	0.01330	0.01772	0.03613	0.48297	0.10985	0.06999	0.01008	0.00290	0.00495	0.08070	0.00568	0.00597
6	0.01489	0.19796	0.16641	0.01387	0.01857	0.06609	0.05979	0.06832	0.01540	0.01998	0.06659	0.13102	0.02004	0.10104	0.00980	0.00255	0.00753	0.00807	0.00419	0.00788
7	0.25941	0.01068	0.01187	0.00989	0.01391	0.01042	0.00801	0.02319	0.01638	0.33299	0.12714	0.02808	0.10235	0.00948	0.00628	0.00210	0.00491	0.00746	0.00668	0.00876

[dist]
# distance from previous block
# <min> <max>
5	8

[block]
# block no. 12 follows, 32 sequences, length 11
# corresponding to MSA columns:
# 680-690
name=unknown_M
#
# <colnr> <probs for GDERKNQSTAVLIFYWHMCP>
#	G	D	E	R	K	N	Q	S	T	A	V	L	I	F	Y	W	H	M	C	P
0	0.00996	0.00746	0.00942	0.00956	0.01127	0.00716	0.00750	0.01376	0.06128	0.02344	0.37333	0.11315	0.13878	0.01558	0.00822	0.00242	0.00411	0.17038	0.00682	0.00641
1	0.06955	0.10999	0.10807	0.13758	0.10767	0.13337	0.03514	0.07302	0.01652	0.08530	0.01297	0.01514	0.00986	0.00659	0.00604	0.00191	0.00844	0.00517	0.00397	0.05370
2	0.01764	0.01728	0.02232	0.23426	0.19157	0.12873	0.06751	0.12359	0.03945	0.02253	0.01347	0.01720	0.01062	0.00955	0.05322	0.00261	0.00961	0.00600	0.00389	0.00897
3	0.00839	0.00654	0.00768	0.00839	0.00986	0.00583	0.00617	0.01011	0.01458	0.01839	0.08502	0.32273	0.36697	0.01849	0.00830	0.00251	0.00386	0.08422	0.00628	0.00567
4	0.01417	0.01215	0.01403	0.01027	0.01604	0.00965	0.00819	0.01859	0.07695	0.02243	0.01332	0.01492	0.01089	0.00534	0.00514	0.00111	0.00500	0.00430	0.00423	0.73327
5	0.00958	0.00841	0.01154	0.01199	0.07580	0.00753	0.05891	0.01197	0.01572	0.02003	0.15919	0.11096	0.44347	0.01495	0.00786	0.00225	0.00441	0.01303	0.00594	0.00646
6	0.02212	0.01016	0.01331	0.01087	0.01471	0.00920	0.00870	0.06766	0.01951	0.42514	0.22811	0.06583	0.05339	0.01072	0.00720	0.00212	0.00492	0.00907	0.00778	0.00949
7	0.01585	0.01393	0.01717	0.09579	0.06407	0.04921	0.04328	0.10970	0.11682	0.02417	0.01866	0.06874	0.01654	0.00871	0.00661	0.00192	0.00666	0.07412	0.00490	0.24315
8	0.09660	0.01678	0.03458	0.01663	0.10714	0.12229	0.01187	0.18652	0.01932	0.06473	0.03521	0.09876	0.01677	0.00912	0.00650	0.00199	0.00710	0.04098	0.00515	0.10196
9	0.07680	0.09330	0.17084	0.04344	0.09336	0.01570	0.01415	0.16249	0.01746	0.04716	0.03677	0.01918	0.01322	0.09309	0.00922	0.00242	0.00737	0.00585	0.00436	0.07380
10	0.04013	0.01544	0.04056	0.01403	0.03852	0.15414	0.01078	0.07979	0.06881	0.05415	0.04383	0.22818	0.02511	0.02916	0.00884	0.00245	0.05243	0.08061	0.00537	0.00768

[dist]
# distance from previous block
# <min> <max>
2	6

[block]
# block no. 13 follows, 32 sequences, length 7
# corresponding to MSA columns:
# 699-705
name=unknown_N
#
# <colnr> <probs for GDERKNQSTAVLIFYWHMCP>
#	G	D	E	R	K	N	Q	S	T	A	V	L	I	F	Y	W	H	M	C	P
0	0.13671	0.01365	0.03729	0.01431	0.08359	0.03665	0.01038	0.08784	0.11234	0.05818	0.04666	0.10214	0.01876	0.04043	0.00745	0.00217	0.00592	0.02677	0.00521	0.15355
1	0.01701	0.01308	0.01667	0.07322	0.01944	0.01416	0.05259	0.21609	0.10412	0.06654	0.04844	0.15707	0.04999	0.03366	0.00897	0.00238	0.05410	0.00933	0.00581	0.03732
2	0.08576	0.01590	0.08194	0.14709	0.02256	0.09622	0.03442	0.07753	0.07667	0.04846	0.08353	0.12123	0.03866	0.01019	0.00690	0.00222	0.00715	0.03054	0.00500	0.00805
3	0.01573	0.01777	0.03776	0.02725	0.03339	0.01731	0.63208	0.02098	0.01530	0.02098	0.01312	0.01777	0.01005	0.00624	0.00928	0.00233	0.08272	0.00772	0.00335	0.00888
4	0.01109	0.00919	0.01090	0.01104	0.01229	0.06710	0.00850	0.01317	0.01213	0.01605	0.02106	0.03702	0.02132	0.15653	0.43189	0.00796	0.01349	0.12928	0.00413	0.00586
5	0.01589	0.01521	0.02594	0.16981	0.59931	0.01575	0.02024	0.01996	0.01494	0.02105	0.01249	0.01684	0.01032	0.00611	0.00665	0.00204	0.00815	0.00598	0.00326	0.01005
6	0.01273	0.00749	0.00957	0.00895	0.01109	0.00669	0.00673	0.01516	0.01725	0.15094	0.35238	0.17646	0.16915	0.01465	0.00782	0.00224	0.00380	0.01278	0.00714	0.00698

[dist]
# distance from previous block
# <min> <max>
0	2

[block]
# block no. 14 follows, 32 sequences, length 7
# corresponding to MSA columns:
# 708-714
name=unknown_O
#
# <colnr> <probs for GDERKNQSTAVLIFYWHMCP>
#	G	D	E	R	K	N	Q	S	T	A	V	L	I	F	Y	W	H	M	C	P
0	0.15719	0.00775	0.00823	0.00804	0.00997	0.00848	0.00624	0.01532	0.01263	0.02320	0.01846	0.02284	0.01527	0.01989	0.21781	0.00434	0.00782	0.00605	0.42413	0.00636
1	0.16144	0.00929	0.01087	0.00939	0.01255	0.00889	0.00742	0.01952	0.01736	0.23041	0.33293	0.03627	0.09523	0.01106	0.00689	0.00211	0.00429	0.00919	0.00697	0.00793
2	0.01220	0.00652	0.00708	0.00737	0.00893	0.00652	0.00581	0.01532	0.01432	0.02412	0.02437	0.03424	0.02110	0.00977	0.00552	0.00184	0.00368	0.12844	0.65660	0.00624
3	0.01107	0.00876	0.01080	0.01157	0.01284	0.04916	0.00932	0.01330	0.01413	0.01843	0.06738	0.16042	0.03330	0.04330	0.12662	0.03926	0.02811	0.33086	0.00540	0.00597
4	0.01892	0.12321	0.01916	0.01257	0.01799	0.12345	0.01035	0.18210	0.01885	0.02507	0.01233	0.01372	0.00991	0.00611	0.00545	0.00141	0.00693	0.00447	0.00440	0.38360
5	0.04303	0.03587	0.07375	0.02563	0.23686	0.04649	0.14860	0.15603	0.05778	0.02564	0.01508	0.01761	0.02725	0.00717	0.00769	0.00212	0.05294	0.00638	0.00424	0.00985
6	0.57925	0.01248	0.01218	0.01333	0.11255	0.01387	0.00901	0.01879	0.01310	0.02847	0.11617	0.01758	0.01614	0.00732	0.00507	0.00207	0.00528	0.00524	0.00452	0.00760

[dist]
# distance from previous block
# <min> <max>
0	4

[block]
# block no. 15 follows, 32 sequences, length 6
# corresponding to MSA columns:
# 724-729
name=unknown_P
#
# <colnr> <probs for GDERKNQSTAVLIFYWHMCP>
#	G	D	E	R	K	N	Q	S	T	A	V	L	I	F	Y	W	H	M	C	P
0	0.01558	0.01495	0.02135	0.12188	0.38746	0.05257	0.01635	0.02204	0.14424	0.02173	0.02137	0.02350	0.09197	0.00794	0.00680	0.00209	0.00730	0.00711	0.00426	0.00951
1	0.00855	0.00619	0.00772	0.00859	0.00929	0.00575	0.00575	0.00982	0.01336	0.01771	0.11601	0.47446	0.13018	0.13921	0.01252	0.00320	0.00417	0.01615	0.00601	0.00536
2	0.01236	0.00861	0.00980	0.00913	0.01025	0.00889	0.00621	0.12135	0.01449	0.01945	0.07896	0.04257	0.02668	0.51939	0.02553	0.00514	0.00634	0.06430	0.00494	0.00561
