[name]
unknown

[dist]
# distance from previous block
# <min> <max>
0	130

[block]
# block no. 0 follows, 28 sequences, length 28
# corresponding to MSA columns:
# 149-176
name=unknown_A
#
# <colnr> <probs for GDERKNQSTAVLIFYWHMCP>
#	G	D	E	R	K	N	Q	S	T	A	V	L	I	F	Y	W	H	M	C	P
0	0.01171	0.00837	0.01171	0.01339	0.01506	0.00837	0.01171	0.01506	0.01673	0.02175	0.03849	0.08199	0.04183	0.02008	0.01004	0.00335	0.00669	0.65027	0.00669	0.00669
1	0.79588	0.01406	0.01068	0.00956	0.01406	0.01631	0.00787	0.02137	0.01237	0.03261	0.01012	0.01181	0.00787	0.00675	0.00450	0.00225	0.00562	0.00394	0.00450	0.00787
2	0.79588	0.01406	0.01068	0.00956	0.01406	0.01631	0.00787	0.02137	0.01237	0.03261	0.01012	0.01181	0.00787	0.00675	0.00450	0.00225	0.00562	0.00394	0.00450	0.00787
3	0.01507	0.01292	0.01507	0.01077	0.01723	0.00969	0.00861	0.01830	0.01507	0.02369	0.01292	0.01507	0.01077	0.00538	0.00538	0.00108	0.00538	0.00431	0.00431	0.78898
4	0.01809	0.01882	0.06631	0.02476	0.06090	0.01769	0.36976	0.07316	0.16181	0.04711	0.02112	0.02327	0.04543	0.00783	0.00804	0.00241	0.00973	0.00837	0.00500	0.01039
5	0.05188	0.02136	0.04707	0.10028	0.10581	0.17756	0.01550	0.12483	0.17365	0.02648	0.01677	0.01854	0.01302	0.00844	0.00833	0.00229	0.06676	0.00632	0.00500	0.01009
6	0.04164	0.01252	0.01394	0.01384	0.05210	0.01349	0.00998	0.02719	0.36656	0.05092	0.06541	0.10178	0.17496	0.01282	0.00777	0.00247	0.00523	0.01086	0.00697	0.00952
7	0.01899	0.52011	0.16906	0.01458	0.02150	0.05013	0.01538	0.04787	0.04695	0.02001	0.01191	0.01338	0.01002	0.00667	0.00540	0.00178	0.00847	0.00451	0.00348	0.00979
8	0.01684	0.02124	0.12503	0.03055	0.14112	0.01836	0.42627	0.02258	0.01629	0.02281	0.01386	0.01847	0.01074	0.00687	0.00951	0.00245	0.07582	0.00763	0.00354	0.01003
9	0.01029	0.00743	0.00972	0.00914	0.01086	0.00686	0.00686	0.01372	0.02058	0.02915	0.69536	0.05430	0.06859	0.01486	0.00857	0.00229	0.00343	0.01315	0.00800	0.00686
10	0.21259	0.01503	0.01835	0.01553	0.01756	0.01903	0.01287	0.01858	0.01199	0.02216	0.01015	0.01476	0.00929	0.01020	0.01643	0.00266	0.44813	0.00547	0.00367	0.11555
11	0.01797	0.40681	0.27453	0.01700	0.02477	0.06064	0.06444	0.02271	0.01546	0.01967	0.01153	0.01361	0.00941	0.00652	0.00584	0.00190	0.00943	0.00479	0.00317	0.00982
12	0.01038	0.00779	0.01168	0.01168	0.01298	0.00909	0.00909	0.01298	0.01168	0.01687	0.01947	0.02856	0.01817	0.05452	0.71573	0.01168	0.01947	0.00779	0.00389	0.00649
13	0.00886	0.00633	0.00843	0.01012	0.01054	0.00590	0.00675	0.01012	0.01392	0.01856	0.04006	0.73979	0.04808	0.02277	0.00928	0.00295	0.00422	0.02066	0.00675	0.00590
14	0.01128	0.00977	0.01215	0.04257	0.01441	0.04559	0.00938	0.01285	0.01370	0.01825	0.03117	0.51214	0.03636	0.02122	0.04737	0.00336	0.13009	0.01614	0.00569	0.00651
15	0.01443	0.01380	0.02384	0.60628	0.13045	0.01640	0.05384	0.01928	0.01492	0.01946	0.01311	0.01922	0.00999	0.00711	0.00733	0.00239	0.00969	0.00657	0.00330	0.00859
16	0.00859	0.00736	0.00736	0.00736	0.00982	0.00614	0.00552	0.01043	0.01657	0.01964	0.07364	0.06996	0.69624	0.01841	0.00859	0.00245	0.00368	0.01534	0.00675	0.00614
17	0.01171	0.00837	0.01171	0.01339	0.01506	0.00837	0.01171	0.01506	0.01673	0.02175	0.03849	0.08199	0.04183	0.02008	0.01004	0.00335	0.00669	0.65027	0.00669	0.00669
18	0.01808	0.01561	0.01644	0.01479	0.01890	0.01808	0.01151	0.03863	0.68606	0.03041	0.02959	0.02712	0.02219	0.00986	0.00740	0.00247	0.00575	0.00822	0.00740	0.01151
19	0.01943	0.74891	0.03809	0.01244	0.01866	0.02876	0.01244	0.02177	0.01477	0.01710	0.01011	0.01166	0.00933	0.00622	0.00466	0.00155	0.00777	0.00389	0.00311	0.00933
20	0.01423	0.01333	0.02199	0.64648	0.08872	0.01632	0.01985	0.01988	0.05067	0.01953	0.01386	0.01971	0.01047	0.00736	0.00727	0.00241	0.00941	0.00656	0.00348	0.00847
21	0.01943	0.74891	0.03809	0.01244	0.01866	0.02876	0.01244	0.02177	0.01477	0.01710	0.01011	0.01166	0.00933	0.00622	0.00466	0.00155	0.00777	0.00389	0.00311	0.00933
22	0.01171	0.00837	0.01171	0.01339	0.01506	0.00837	0.01171	0.01506	0.01673	0.02175	0.03849	0.08199	0.04183	0.02008	0.01004	0.00335	0.00669	0.65027	0.00669	0.00669
23	0.00887	0.00745	0.00775	0.00790	0.01028	0.00633	0.00607	0.01084	0.01658	0.01982	0.07053	0.07102	0.63847	0.01856	0.00872	0.00253	0.00395	0.07140	0.00675	0.00619
24	0.01716	0.01961	0.04289	0.03064	0.03799	0.01838	0.67279	0.02328	0.01716	0.02328	0.01471	0.01961	0.01103	0.00613	0.00858	0.00245	0.01225	0.00858	0.00368	0.00980
25	0.00896	0.00637	0.00840	0.00999	0.01038	0.00598	0.00660	0.01015	0.01371	0.01828	0.03900	0.69679	0.04673	0.06761	0.01100	0.00321	0.00439	0.02004	0.00660	0.00581
26	0.01507	0.01292	0.01507	0.01077	0.01723	0.00969	0.00861	0.01830	0.01507	0.02369	0.01292	0.01507	0.01077	0.00538	0.00538	0.00108	0.00538	0.00431	0.00431	0.78898
27	0.01036	0.00737	0.00925	0.00915	0.01039	0.00698	0.00657	0.01269	0.01706	0.02351	0.39692	0.08032	0.08574	0.21426	0.01647	0.00371	0.00476	0.07161	0.00679	0.00611

[dist]
# distance from previous block
# <min> <max>
0	1

[block]
# block no. 1 follows, 28 sequences, length 111
# corresponding to MSA columns:
# 178-232,239-294
name=unknown_B
#
# <colnr> <probs for GDERKNQSTAVLIFYWHMCP>
#	G	D	E	R	K	N	Q	S	T	A	V	L	I	F	Y	W	H	M	C	P
0	0.06208	0.01929	0.04103	0.02942	0.03661	0.01826	0.63443	0.02317	0.01688	0.02382	0.01444	0.01916	0.01085	0.00616	0.00834	0.00244	0.01187	0.00831	0.00372	0.00969
1	0.05775	0.14926	0.02405	0.01560	0.02137	0.02322	0.01324	0.50856	0.05367	0.03960	0.01629	0.01654	0.01200	0.00824	0.00670	0.00208	0.00778	0.00603	0.00642	0.01161
2	0.01526	0.01463	0.02418	0.22223	0.14582	0.01592	0.13983	0.02222	0.12619	0.02211	0.02132	0.02564	0.06619	0.03736	0.03881	0.00298	0.03768	0.00804	0.00441	0.00920
3	0.00884	0.00639	0.00837	0.00995	0.01050	0.00592	0.00667	0.01014	0.01408	0.01862	0.04214	0.69833	0.08820	0.02250	0.00924	0.00292	0.00418	0.02034	0.00675	0.00592
4	0.79588	0.01406	0.01068	0.00956	0.01406	0.01631	0.00787	0.02137	0.01237	0.03261	0.01012	0.01181	0.00787	0.00675	0.00450	0.00225	0.00562	0.00394	0.00450	0.00787
5	0.01507	0.01292	0.01507	0.01077	0.01723	0.00969	0.00861	0.01830	0.01507	0.02369	0.01292	0.01507	0.01077	0.00538	0.00538	0.00108	0.00538	0.00431	0.00431	0.78898
6	0.01203	0.00656	0.00960	0.00967	0.00985	0.00670	0.00655	0.01003	0.01003	0.01353	0.01544	0.05600	0.01588	0.08099	0.11586	0.59862	0.00795	0.00743	0.00350	0.00379
7	0.00878	0.00743	0.00763	0.00774	0.01014	0.00627	0.00591	0.01072	0.01658	0.01977	0.07146	0.07070	0.65574	0.01851	0.00868	0.00251	0.00387	0.05464	0.00675	0.00617
8	0.03261	0.01237	0.01687	0.01293	0.01856	0.01068	0.01068	0.03543	0.02081	0.70423	0.02868	0.02474	0.01799	0.00900	0.00731	0.00225	0.00619	0.00731	0.00900	0.01237
9	0.01678	0.01680	0.03067	0.10686	0.42880	0.01674	0.18146	0.02144	0.01650	0.02286	0.01756	0.02174	0.05360	0.00721	0.00763	0.00228	0.00933	0.00754	0.00378	0.01042
10	0.01371	0.01280	0.02152	0.65246	0.07661	0.01576	0.01959	0.01839	0.01445	0.01870	0.01336	0.01989	0.01030	0.01016	0.05112	0.00298	0.01025	0.00654	0.00329	0.00813
11	0.01373	0.01292	0.02180	0.72707	0.05006	0.01615	0.02019	0.01857	0.01453	0.01857	0.01292	0.01938	0.00969	0.00727	0.00727	0.00242	0.00969	0.00646	0.00323	0.00807
12	0.01948	0.01530	0.01648	0.01461	0.01887	0.01737	0.01143	0.03832	0.62181	0.09549	0.02950	0.02689	0.02178	0.00978	0.00739	0.00244	0.00579	0.00813	0.00755	0.01159
13	0.01840	0.01425	0.04446	0.01201	0.01832	0.01101	0.01015	0.06803	0.01735	0.12447	0.01638	0.01885	0.01288	0.00669	0.00601	0.00145	0.00595	0.02600	0.00523	0.56209
14	0.01642	0.15685	0.51991	0.02044	0.07003	0.01866	0.02339	0.02331	0.01557	0.05235	0.01328	0.01530	0.00976	0.00685	0.00656	0.00216	0.00990	0.00527	0.00337	0.01062
15	0.01029	0.00743	0.00972	0.00914	0.01086	0.00686	0.00686	0.01372	0.02058	0.02915	0.69536	0.05430	0.06859	0.01486	0.00857	0.00229	0.00343	0.01315	0.00800	0.00686
16	0.01755	0.01840	0.03904	0.05759	0.03620	0.01734	0.57975	0.02325	0.01723	0.06222	0.01789	0.02199	0.03985	0.00685	0.00845	0.00244	0.01144	0.00870	0.00409	0.00973
17	0.01778	0.01853	0.07143	0.04314	0.65786	0.01725	0.02259	0.02235	0.01648	0.02370	0.01363	0.01783	0.01137	0.00650	0.00718	0.00217	0.00877	0.00641	0.00357	0.01147
18	0.01799	0.01727	0.02950	0.04462	0.69919	0.01727	0.02231	0.02231	0.01655	0.02375	0.01367	0.01799	0.01151	0.00648	0.00720	0.00216	0.00864	0.00648	0.00360	0.01151
19	0.01038	0.00779	0.01168	0.01168	0.01298	0.00909	0.00909	0.01298	0.01168	0.01687	0.01947	0.02856	0.01817	0.05452	0.71573	0.01168	0.01947	0.00779	0.00389	0.00649
20	0.02099	0.05433	0.18768	0.02285	0.12437	0.04134	0.10993	0.14513	0.01988	0.12344	0.01641	0.01890	0.01222	0.03163	0.00884	0.00241	0.03734	0.00660	0.00493	0.01080
21	0.01495	0.03500	0.61106	0.02215	0.03240	0.01710	0.12007	0.02306	0.01561	0.02306	0.01328	0.01596	0.00947	0.00679	0.00715	0.00232	0.01096	0.00583	0.00316	0.01061
22	0.00859	0.00736	0.00736	0.00736	0.00982	0.00614	0.00552	0.01043	0.01657	0.01964	0.07364	0.06996	0.69624	0.01841	0.00859	0.00245	0.00368	0.01534	0.00675	0.00614
23	0.79588	0.01406	0.01068	0.00956	0.01406	0.01631	0.00787	0.02137	0.01237	0.03261	0.01012	0.01181	0.00787	0.00675	0.00450	0.00225	0.00562	0.00394	0.00450	0.00787
24	0.79588	0.01406	0.01068	0.00956	0.01406	0.01631	0.00787	0.02137	0.01237	0.03261	0.01012	0.01181	0.00787	0.00675	0.00450	0.00225	0.00562	0.00394	0.00450	0.00787
25	0.74773	0.01426	0.01185	0.01173	0.05647	0.01637	0.00877	0.02143	0.01263	0.03206	0.01034	0.01219	0.00810	0.00673	0.00467	0.00224	0.00581	0.00409	0.00444	0.00810
26	0.02763	0.02036	0.02182	0.01672	0.02254	0.02254	0.01382	0.67496	0.03418	0.04581	0.01745	0.01745	0.01236	0.00873	0.00727	0.00218	0.00800	0.00654	0.00727	0.01236
27	0.01507	0.01292	0.01507	0.01077	0.01723	0.00969	0.00861	0.01830	0.01507	0.02369	0.01292	0.01507	0.01077	0.00538	0.00538	0.00108	0.00538	0.00431	0.00431	0.78898
28	0.00859	0.00736	0.00736	0.00736	0.00982	0.00614	0.00552	0.01043	0.01657	0.01964	0.07364	0.06996	0.69624	0.01841	0.00859	0.00245	0.00368	0.01534	0.00675	0.00614
29	0.00904	0.00645	0.00859	0.01009	0.01054	0.00615	0.00675	0.01031	0.01360	0.01821	0.03791	0.65973	0.04513	0.06530	0.05160	0.00369	0.00526	0.01935	0.00645	0.00585
30	0.01766	0.01899	0.09134	0.03931	0.54576	0.01708	0.06227	0.04292	0.01705	0.02427	0.01488	0.02062	0.01262	0.00716	0.00738	0.00224	0.00895	0.03453	0.00381	0.01115
31	0.01263	0.00631	0.00947	0.00947	0.00947	0.00631	0.00631	0.00947	0.00947	0.01263	0.01263	0.02210	0.01263	0.02525	0.02841	0.78851	0.00631	0.00631	0.00316	0.00316
32	0.01808	0.01561	0.01644	0.01479	0.01890	0.01808	0.01151	0.03863	0.68606	0.03041	0.02959	0.02712	0.02219	0.00986	0.00740	0.00247	0.00575	0.00822	0.00740	0.01151
33	0.02164	0.05487	0.13001	0.02462	0.10965	0.34546	0.16433	0.02577	0.01834	0.02050	0.01254	0.01544	0.00997	0.00693	0.00707	0.00209	0.01183	0.00585	0.00359	0.00949
34	0.01227	0.01040	0.01518	0.15021	0.12815	0.01098	0.01232	0.01681	0.08303	0.02105	0.04989	0.33887	0.06951	0.01542	0.00835	0.00264	0.00613	0.03527	0.00569	0.00783
35	0.01716	0.01961	0.04289	0.03064	0.03799	0.01838	0.67279	0.02328	0.01716	0.02328	0.01471	0.01961	0.01103	0.00613	0.00858	0.00245	0.01225	0.00858	0.00368	0.00980
36	0.79588	0.01406	0.01068	0.00956	0.01406	0.01631	0.00787	0.02137	0.01237	0.03261	0.01012	0.01181	0.00787	0.00675	0.00450	0.00225	0.00562	0.00394	0.00450	0.00787
37	0.01548	0.06274	0.52664	0.02462	0.12693	0.01756	0.07971	0.02289	0.01565	0.02290	0.01315	0.01593	0.00970	0.00675	0.00699	0.00226	0.01044	0.00574	0.00320	0.01072
38	0.00886	0.00633	0.00843	0.01012	0.01054	0.00590	0.00675	0.01012	0.01392	0.01856	0.04006	0.73979	0.04808	0.02277	0.00928	0.00295	0.00422	0.02066	0.00675	0.00590
39	0.00967	0.00691	0.00937	0.01105	0.01183	0.00661	0.00816	0.01153	0.01472	0.01947	0.03962	0.55247	0.04630	0.02201	0.00950	0.00306	0.00492	0.19996	0.00673	0.00613
40	0.01355	0.00678	0.00678	0.00678	0.00847	0.00678	0.00508	0.01694	0.01524	0.02710	0.02371	0.02710	0.01863	0.00847	0.00508	0.00169	0.00339	0.00678	0.78489	0.00678
41	0.01707	0.02222	0.18268	0.03559	0.39672	0.01743	0.15441	0.02315	0.03627	0.02369	0.01421	0.01800	0.01122	0.00660	0.00742	0.00226	0.00975	0.00671	0.00361	0.01100
42	0.01773	0.02093	0.10169	0.06306	0.34975	0.05783	0.23582	0.02294	0.01678	0.02297	0.01378	0.01803	0.01093	0.00650	0.00759	0.00226	0.01034	0.00695	0.00356	0.01056
43	0.00886	0.00633	0.00843	0.01012	0.01054	0.00590	0.00675	0.01012	0.01392	0.01856	0.04006	0.73979	0.04808	0.02277	0.00928	0.00295	0.00422	0.02066	0.00675	0.00590
44	0.01943	0.74891	0.03809	0.01244	0.01866	0.02876	0.01244	0.02177	0.01477	0.01710	0.01011	0.01166	0.00933	0.00622	0.00466	0.00155	0.00777	0.00389	0.00311	0.00933
45	0.01824	0.02141	0.12264	0.13290	0.26077	0.11461	0.06624	0.02271	0.01665	0.05006	0.04186	0.01889	0.01308	0.00767	0.00842	0.00228	0.06122	0.00652	0.00387	0.00993
46	0.01043	0.03301	0.01051	0.01047	0.03550	0.00802	0.00740	0.03755	0.01692	0.02170	0.13785	0.26685	0.32260	0.01811	0.00861	0.00256	0.00438	0.03411	0.00670	0.00672
47	0.02554	0.01857	0.01996	0.01563	0.02084	0.02045	0.01278	0.58925	0.03165	0.04289	0.01921	0.05982	0.01487	0.00952	0.00723	0.00219	0.00745	0.00738	0.06319	0.01159
48	0.01507	0.01292	0.01507	0.01077	0.01723	0.00969	0.00861	0.01830	0.01507	0.02369	0.01292	0.01507	0.01077	0.00538	0.00538	0.00108	0.00538	0.00431	0.00431	0.78898
49	0.01845	0.03115	0.45913	0.02085	0.05669	0.04508	0.05155	0.12313	0.03771	0.06582	0.01511	0.01675	0.01074	0.00736	0.00707	0.00227	0.01000	0.00590	0.00425	0.01100
50	0.06329	0.01569	0.01629	0.01456	0.01875	0.01814	0.01138	0.06014	0.62414	0.03108	0.02803	0.02589	0.02102	0.00964	0.00722	0.00244	0.00582	0.00791	0.00722	0.01133
51	0.06583	0.01244	0.01660	0.01279	0.01836	0.01093	0.01056	0.03481	0.02044	0.67500	0.02787	0.02418	0.01755	0.00890	0.00719	0.00225	0.00616	0.00716	0.00880	0.01217
52	0.01507	0.01292	0.01507	0.01077	0.01723	0.00969	0.00861	0.01830	0.01507	0.02369	0.01292	0.01507	0.01077	0.00538	0.00538	0.00108	0.00538	0.00431	0.00431	0.78898
53	0.01558	0.01544	0.02165	0.01866	0.01873	0.02150	0.01551	0.01723	0.01116	0.01746	0.01011	0.01663	0.01004	0.01513	0.06377	0.00367	0.69017	0.00644	0.00322	0.00787
54	0.01799	0.01727	0.02950	0.04462	0.69919	0.01727	0.02231	0.02231	0.01655	0.02375	0.01367	0.01799	0.01151	0.00648	0.00720	0.00216	0.00864	0.00648	0.00360	0.01151
55	0.01493	0.01380	0.01889	0.01624	0.01755	0.01764	0.01334	0.04012	0.01257	0.01912	0.01257	0.01882	0.01182	0.02147	0.18315	0.00488	0.44948	0.00645	0.00363	0.10352
56	0.01038	0.00779	0.01168	0.01168	0.01298	0.00909	0.00909	0.01298	0.01168	0.01687	0.01947	0.02856	0.01817	0.05452	0.71573	0.01168	0.01947	0.00779	0.00389	0.00649
57	0.01011	0.00742	0.00947	0.00896	0.01075	0.00678	0.00672	0.01338	0.02016	0.02817	0.63104	0.05592	0.13352	0.01523	0.00858	0.00230	0.00346	0.01337	0.00787	0.00678
58	0.27519	0.01291	0.01490	0.01186	0.01713	0.01247	0.00979	0.03096	0.01812	0.49078	0.02278	0.02063	0.01478	0.00828	0.00642	0.00225	0.00601	0.00624	0.00757	0.01094
59	0.01057	0.00705	0.00793	0.00793	0.00793	0.00705	0.00440	0.01057	0.01057	0.01409	0.02290	0.04757	0.02643	0.74454	0.03700	0.00705	0.00705	0.01057	0.00440	0.00440
60	0.01373	0.01292	0.02180	0.72707	0.05006	0.01615	0.02019	0.01857	0.01453	0.01857	0.01292	0.01938	0.00969	0.00727	0.00727	0.00242	0.00969	0.00646	0.00323	0.00807
61	0.01038	0.00779	0.01168	0.01168	0.01298	0.00909	0.00909	0.01298	0.01168	0.01687	0.01947	0.02856	0.01817	0.05452	0.71573	0.01168	0.01947	0.00779	0.00389	0.00649
62	0.01754	0.00954	0.01237	0.01072	0.01378	0.00888	0.00836	0.02213	0.07301	0.22996	0.44476	0.04337	0.04989	0.01272	0.00811	0.00229	0.00443	0.01102	0.00825	0.00886
63	0.02158	0.31510	0.02863	0.01707	0.05127	0.24086	0.05117	0.05325	0.05554	0.02052	0.01254	0.01427	0.01051	0.00687	0.00592	0.00177	0.00944	0.00492	0.00389	0.07488
64	0.01507	0.01292	0.01507	0.01077	0.01723	0.00969	0.00861	0.01830	0.01507	0.02369	0.01292	0.01507	0.01077	0.00538	0.00538	0.00108	0.00538	0.00431	0.00431	0.78898
65	0.00927	0.00657	0.00863	0.01002	0.01047	0.00629	0.00672	0.01050	0.01348	0.01801	0.03682	0.58882	0.04365	0.12354	0.04103	0.00388	0.00531	0.04493	0.00631	0.00575
66	0.01826	0.01522	0.01621	0.01453	0.01860	0.01744	0.01131	0.03763	0.64095	0.05184	0.05347	0.02802	0.02372	0.01001	0.00744	0.00245	0.00568	0.00837	0.00747	0.01137
67	0.01531	0.05739	0.63601	0.02135	0.05713	0.04233	0.02580	0.02317	0.01557	0.02269	0.01292	0.01526	0.00931	0.00689	0.00684	0.00226	0.01066	0.00535	0.00312	0.01065
68	0.02017	0.53068	0.10149	0.01555	0.04883	0.11213	0.01454	0.04822	0.01638	0.01917	0.01097	0.01270	0.00953	0.00655	0.00533	0.00172	0.00878	0.00434	0.00337	0.00957
69	0.02351	0.01465	0.01678	0.01421	0.01891	0.01565	0.01130	0.06036	0.42974	0.26687	0.02883	0.02594	0.02037	0.00952	0.00736	0.00238	0.00598	0.00784	0.00795	0.01184
70	0.00927	0.00661	0.00859	0.00992	0.01050	0.00622	0.00673	0.01063	0.01410	0.01875	0.06838	0.56989	0.06946	0.10287	0.01237	0.00339	0.00462	0.05533	0.00654	0.00583
71	0.01757	0.05571	0.25543	0.07071	0.17867	0.03744	0.13884	0.02323	0.01653	0.07944	0.01730	0.01994	0.04138	0.00737	0.00730	0.00226	0.00973	0.00678	0.00399	0.01038
72	0.01773	0.11916	0.13901	0.07092	0.18794	0.04375	0.20633	0.02269	0.01639	0.05208	0.01507	0.04881	0.01241	0.00732	0.00728	0.00223	0.00982	0.00714	0.00383	0.01008
73	0.00884	0.00720	0.00783	0.00804	0.01007	0.00618	0.00589	0.01077	0.01660	0.02059	0.14225	0.18131	0.51169	0.01872	0.00871	0.00252	0.00374	0.01598	0.00690	0.00618
74	0.01464	0.03527	0.63493	0.06490	0.03290	0.01690	0.05517	0.02276	0.01538	0.02276	0.01311	0.01579	0.00932	0.00689	0.00700	0.00232	0.01074	0.00558	0.00311	0.01054
75	0.01971	0.02226	0.15094	0.11540	0.23626	0.10984	0.05678	0.06102	0.01799	0.09123	0.01580	0.04216	0.01248	0.00770	0.00723	0.00223	0.00953	0.00672	0.00433	0.01037
76	0.01925	0.72125	0.06410	0.01276	0.01915	0.02830	0.01300	0.02181	0.01479	0.01733	0.01022	0.01180	0.00932	0.00625	0.00475	0.00158	0.00789	0.00394	0.00311	0.00938
77	0.51277	0.01639	0.01684	0.01672	0.10274	0.06860	0.06640	0.04717	0.01482	0.02954	0.01257	0.04381	0.01055	0.00746	0.00564	0.00225	0.00715	0.00550	0.00446	0.00863
78	0.01346	0.00988	0.01188	0.00978	0.01371	0.00809	0.00759	0.01642	0.01754	0.07506	0.25173	0.06275	0.14975	0.01162	0.00727	0.00187	0.00446	0.00991	0.00638	0.31085
79	0.01596	0.06350	0.49671	0.06674	0.09495	0.01726	0.07038	0.02313	0.01573	0.04947	0.01370	0.01635	0.00994	0.00688	0.00699	0.00227	0.01027	0.00578	0.00341	0.01059
80	0.01429	0.01369	0.02192	0.54501	0.04210	0.01772	0.01909	0.01829	0.01366	0.01829	0.01205	0.01849	0.00965	0.00867	0.01153	0.00262	0.19524	0.00643	0.00322	0.00804
81	0.01467	0.01066	0.01239	0.01134	0.01422	0.01101	0.00868	0.02380	0.25400	0.08479	0.31078	0.08203	0.10515	0.01338	0.00809	0.00240	0.00455	0.01155	0.00769	0.00884
82	0.01006	0.00742	0.00940	0.00890	0.01072	0.00676	0.00668	0.01327	0.02003	0.02786	0.61082	0.05643	0.15393	0.01534	0.00858	0.00231	0.00346	0.01344	0.00783	0.00676
83	0.00896	0.00685	0.00823	0.00899	0.01033	0.00612	0.00632	0.01073	0.01580	0.02041	0.14303	0.40270	0.28516	0.02010	0.00893	0.00268	0.00391	0.01770	0.00692	0.00612
84	0.01057	0.00705	0.00793	0.00793	0.00793	0.00705	0.00440	0.01057	0.01057	0.01409	0.02290	0.04757	0.02643	0.74454	0.03700	0.00705	0.00705	0.01057	0.00440	0.00440
85	0.02763	0.02036	0.02182	0.01672	0.02254	0.02254	0.01382	0.67496	0.03418	0.04581	0.01745	0.01745	0.01236	0.00873	0.00727	0.00218	0.00800	0.00654	0.00727	0.01236
86	0.01716	0.01961	0.04289	0.03064	0.03799	0.01838	0.67279	0.02328	0.01716	0.02328	0.01471	0.01961	0.01103	0.00613	0.00858	0.00245	0.01225	0.00858	0.00368	0.00980
87	0.01038	0.00779	0.01168	0.01168	0.01298	0.00909	0.00909	0.01298	0.01168	0.01687	0.01947	0.02856	0.01817	0.05452	0.71573	0.01168	0.01947	0.00779	0.00389	0.00649
88	0.01507	0.01292	0.01507	0.01077	0.01723	0.00969	0.00861	0.01830	0.01507	0.02369	0.01292	0.01507	0.01077	0.00538	0.00538	0.00108	0.00538	0.00431	0.00431	0.78898
89	0.01716	0.01961	0.04289	0.03064	0.03799	0.01838	0.67279	0.02328	0.01716	0.02328	0.01471	0.01961	0.01103	0.00613	0.00858	0.00245	0.01225	0.00858	0.00368	0.00980
90	0.01039	0.00776	0.01152	0.01152	0.01276	0.00900	0.00888	0.01287	0.01163	0.01675	0.01962	0.02940	0.01854	0.08520	0.68555	0.01148	0.01892	0.00791	0.00392	0.00640
91	0.02763	0.02036	0.02182	0.01672	0.02254	0.02254	0.01382	0.67496	0.03418	0.04581	0.01745	0.01745	0.01236	0.00873	0.00727	0.00218	0.00800	0.00654	0.00727	0.01236
92	0.01355	0.00678	0.00678	0.00678	0.00847	0.00678	0.00508	0.01694	0.01524	0.02710	0.02371	0.02710	0.01863	0.00847	0.00508	0.00169	0.00339	0.00678	0.78489	0.00678
93	0.03212	0.01316	0.01736	0.01331	0.01895	0.01185	0.01099	0.09842	0.02212	0.63937	0.02757	0.02402	0.01744	0.00897	0.00731	0.00224	0.00636	0.00723	0.00883	0.01237
94	0.01808	0.01561	0.01644	0.01479	0.01890	0.01808	0.01151	0.03863	0.68606	0.03041	0.02959	0.02712	0.02219	0.00986	0.00740	0.00247	0.00575	0.00822	0.00740	0.01151
95	0.02551	0.01931	0.02062	0.01630	0.02174	0.02155	0.01330	0.53389	0.17869	0.04240	0.02014	0.01960	0.01454	0.00898	0.00730	0.00224	0.00750	0.00692	0.00730	0.01217
96	0.79588	0.01406	0.01068	0.00956	0.01406	0.01631	0.00787	0.02137	0.01237	0.03261	0.01012	0.01181	0.00787	0.00675	0.00450	0.00225	0.00562	0.00394	0.00450	0.00787
97	0.02763	0.02036	0.02182	0.01672	0.02254	0.02254	0.01382	0.67496	0.03418	0.04581	0.01745	0.01745	0.01236	0.00873	0.00727	0.00218	0.00800	0.00654	0.00727	0.01236
98	0.02763	0.02036	0.02182	0.01672	0.02254	0.02254	0.01382	0.67496	0.03418	0.04581	0.01745	0.01745	0.01236	0.00873	0.00727	0.00218	0.00800	0.00654	0.00727	0.01236
99	0.01035	0.00695	0.00799	0.00821	0.00827	0.00690	0.00471	0.01051	0.01100	0.01467	0.02513	0.13722	0.02923	0.65106	0.03341	0.00652	0.00668	0.01188	0.00471	0.00460
100	0.02600	0.03296	0.01978	0.01802	0.02169	0.67146	0.01352	0.02788	0.02035	0.01790	0.01510	0.01663	0.05188	0.00817	0.00668	0.00191	0.01253	0.00534	0.00393	0.00829
101	0.02785	0.01803	0.12131	0.01494	0.02124	0.01452	0.01378	0.19706	0.02341	0.40928	0.04689	0.02250	0.01701	0.00882	0.00728	0.00224	0.00724	0.00703	0.00763	0.01193
102	0.00867	0.00737	0.00747	0.00744	0.00986	0.00617	0.00558	0.01058	0.01675	0.02006	0.10127	0.06926	0.66835	0.01825	0.00859	0.00245	0.00367	0.01524	0.00681	0.00617
103	0.01128	0.00858	0.01208	0.01172	0.01285	0.01003	0.00893	0.03203	0.01212	0.01731	0.01930	0.03044	0.01875	0.16126	0.53982	0.01009	0.06486	0.00810	0.00403	0.00642
104	0.01966	0.04554	0.02166	0.09575	0.13852	0.14422	0.03269	0.07579	0.26648	0.02567	0.01945	0.02083	0.01512	0.01001	0.03467	0.00261	0.00893	0.00682	0.00526	0.01033
105	0.01382	0.01128	0.01567	0.01416	0.01493	0.01438	0.01124	0.01568	0.01184	0.04578	0.01628	0.02551	0.01563	0.12531	0.26980	0.00661	0.31892	0.00749	0.03858	0.00709
106	0.01021	0.00749	0.01073	0.01095	0.01196	0.00839	0.00813	0.01227	0.01182	0.01670	0.02264	0.12400	0.02323	0.14690	0.52862	0.00989	0.01574	0.00986	0.00434	0.00612
107	0.01811	0.01695	0.02638	0.16708	0.37526	0.04215	0.06580	0.10439	0.01844	0.02501	0.01563	0.06281	0.01343	0.00793	0.00742	0.00227	0.00890	0.00745	0.00420	0.01039
108	0.04857	0.05145	0.06034	0.02219	0.15624	0.22095	0.03827	0.08052	0.13898	0.02443	0.01722	0.04481	0.01448	0.04029	0.00826	0.00237	0.00924	0.00678	0.00476	0.00985
109	0.01811	0.01886	0.02359	0.32900	0.18376	0.16618	0.04193	0.04040	0.01664	0.02026	0.01279	0.01766	0.01025	0.00797	0.00848	0.02991	0.03563	0.00615	0.00355	0.00892
110	0.01874	0.05426	0.13168	0.02289	0.17796	0.10732	0.03872	0.09100	0.08624	0.02519	0.01655	0.05881	0.01393	0.00802	0.00689	0.00205	0.00857	0.00672	0.00456	0.11989

[dist]
# distance from previous block
# <min> <max>
1	3

[block]
# block no. 2 follows, 28 sequences, length 54
# corresponding to MSA columns:
# 298-351
name=unknown_C
#
# <colnr> <probs for GDERKNQSTAVLIFYWHMCP>
#	G	D	E	R	K	N	Q	S	T	A	V	L	I	F	Y	W	H	M	C	P
0	0.01565	0.01370	0.01575	0.01311	0.05450	0.03730	0.00962	0.04489	0.01604	0.02390	0.01552	0.08037	0.01417	0.00722	0.00595	0.00138	0.00586	0.00600	0.00459	0.61447
1	0.02243	0.01956	0.05953	0.02180	0.14618	0.09744	0.06566	0.20602	0.02246	0.11716	0.05125	0.04906	0.01644	0.00855	0.00727	0.00214	0.00839	0.00725	0.00571	0.06569
2	0.16514	0.17963	0.04740	0.01810	0.07434	0.30182	0.03522	0.06064	0.01799	0.02273	0.01150	0.01348	0.00947	0.00701	0.00594	0.00195	0.00986	0.00477	0.00391	0.00910
3	0.01340	0.00918	0.01186	0.01148	0.01397	0.00875	0.02649	0.04281	0.03635	0.08436	0.13684	0.08949	0.20551	0.05011	0.01020	0.00293	0.00552	0.22640	0.00696	0.00739
4	0.01778	0.01778	0.05786	0.12523	0.55914	0.01737	0.02185	0.05266	0.01708	0.02413	0.01373	0.01802	0.01123	0.00670	0.00720	0.00220	0.00883	0.00643	0.00370	0.01110
5	0.01192	0.00639	0.00920	0.00940	0.00957	0.00628	0.00627	0.00963	0.01038	0.01372	0.01917	0.11201	0.05003	0.04605	0.02540	0.63256	0.00596	0.00861	0.00380	0.00367
6	0.08654	0.01972	0.02078	0.01611	0.02177	0.02191	0.01328	0.60324	0.05435	0.04428	0.01729	0.01734	0.01235	0.00861	0.00706	0.00220	0.00774	0.00640	0.00706	0.01199
7	0.00943	0.00731	0.00862	0.00871	0.01059	0.00650	0.00652	0.01187	0.01774	0.02317	0.29957	0.14968	0.34381	0.01773	0.00875	0.00250	0.00382	0.05007	0.00721	0.00641
8	0.00859	0.00736	0.00736	0.00736	0.00982	0.00614	0.00552	0.01043	0.01657	0.01964	0.07364	0.06996	0.69624	0.01841	0.00859	0.00245	0.00368	0.01534	0.00675	0.00614
9	0.01943	0.74891	0.03809	0.01244	0.01866	0.02876	0.01244	0.02177	0.01477	0.01710	0.01011	0.01166	0.00933	0.00622	0.00466	0.00155	0.00777	0.00389	0.00311	0.00933
10	0.01373	0.01292	0.02180	0.72707	0.05006	0.01615	0.02019	0.01857	0.01453	0.01857	0.01292	0.01938	0.00969	0.00727	0.00727	0.00242	0.00969	0.00646	0.00323	0.00807
11	0.01263	0.00631	0.00947	0.00947	0.00947	0.00631	0.00631	0.00947	0.00947	0.01263	0.01263	0.02210	0.01263	0.02525	0.02841	0.78851	0.00631	0.00631	0.00316	0.00316
12	0.23258	0.01500	0.01609	0.01253	0.01809	0.01503	0.01029	0.19269	0.02074	0.20678	0.01739	0.01729	0.01226	0.00754	0.00613	0.00198	0.00633	0.00556	0.00633	0.17937
13	0.01920	0.01518	0.01636	0.01454	0.01869	0.01720	0.01134	0.05742	0.58909	0.08365	0.02950	0.05199	0.02247	0.01022	0.00745	0.00246	0.00580	0.00854	0.00750	0.01140
14	0.01728	0.01820	0.02206	0.01904	0.01950	0.10714	0.01568	0.01891	0.01229	0.01753	0.00975	0.01556	0.00952	0.01208	0.02174	0.00302	0.64329	0.00616	0.00325	0.00801
15	0.01574	0.01361	0.01690	0.01212	0.01860	0.01073	0.04532	0.04732	0.01602	0.02463	0.01322	0.01543	0.01085	0.00557	0.00564	0.00120	0.00588	0.00464	0.00440	0.71218
16	0.00929	0.00684	0.00943	0.01175	0.04301	0.00644	0.00748	0.01070	0.01404	0.01880	0.03882	0.70576	0.04635	0.02200	0.00918	0.00291	0.00443	0.02000	0.00660	0.00617
17	0.00905	0.00647	0.00866	0.01014	0.01061	0.00620	0.00682	0.01036	0.01360	0.01823	0.03772	0.65435	0.04482	0.05788	0.06426	0.00380	0.00551	0.01923	0.00642	0.00588
18	0.01649	0.00927	0.01107	0.00972	0.01305	0.00821	0.00760	0.01985	0.05178	0.22459	0.17640	0.05147	0.34271	0.01452	0.00815	0.00236	0.00448	0.01219	0.00769	0.00839
19	0.01799	0.01950	0.08227	0.06258	0.59696	0.04779	0.02224	0.02254	0.01657	0.02327	0.01349	0.01761	0.01118	0.00658	0.00715	0.00217	0.00903	0.00631	0.00355	0.01121
20	0.01732	0.01446	0.01528	0.01383	0.01762	0.01657	0.01073	0.03557	0.59646	0.03006	0.06047	0.02840	0.02407	0.00998	0.00725	0.00239	0.00544	0.00833	0.07490	0.01088
21	0.01024	0.00713	0.00800	0.00795	0.00848	0.00689	0.00479	0.01083	0.01238	0.01628	0.08983	0.05163	0.13386	0.56798	0.03010	0.00592	0.00621	0.01154	0.00508	0.00489
22	0.03054	0.01220	0.01640	0.01278	0.01808	0.01078	0.01048	0.03419	0.05092	0.63094	0.07095	0.02672	0.02139	0.00941	0.00739	0.00226	0.00599	0.00772	0.00886	0.01198
23	0.01744	0.32787	0.32565	0.01826	0.02654	0.02220	0.09397	0.05107	0.01614	0.02161	0.01222	0.01441	0.00960	0.00661	0.00619	0.00201	0.00957	0.00518	0.00334	0.01012
24	0.01477	0.01463	0.02034	0.51321	0.08112	0.08984	0.01785	0.01878	0.01522	0.01880	0.01644	0.11561	0.01493	0.00933	0.00746	0.00242	0.00926	0.00818	0.00378	0.00803
25	0.00859	0.00736	0.00736	0.00736	0.00982	0.00614	0.00552	0.01043	0.01657	0.01964	0.07364	0.06996	0.69624	0.01841	0.00859	0.00245	0.00368	0.01534	0.00675	0.00614
26	0.01648	0.01520	0.02434	0.30128	0.33468	0.01673	0.01976	0.04848	0.07369	0.02314	0.01598	0.02209	0.01309	0.00776	0.00737	0.00234	0.00868	0.03483	0.00407	0.01002
27	0.04471	0.09486	0.28734	0.02320	0.14528	0.05089	0.06916	0.02577	0.10230	0.06459	0.01588	0.01764	0.01192	0.00723	0.00686	0.00221	0.00922	0.00607	0.00421	0.01066
28	0.01502	0.03484	0.61442	0.02211	0.06780	0.01701	0.04889	0.02371	0.04620	0.02341	0.01390	0.01618	0.00999	0.00699	0.00700	0.00231	0.01045	0.00568	0.00332	0.01079
29	0.00886	0.00633	0.00843	0.01012	0.01054	0.00590	0.00675	0.01012	0.01392	0.01856	0.04006	0.73979	0.04808	0.02277	0.00928	0.00295	0.00422	0.02066	0.00675	0.00590
30	0.05790	0.06398	0.07866	0.01963	0.14404	0.05454	0.04396	0.06991	0.01902	0.18816	0.08353	0.02777	0.09872	0.00946	0.00722	0.00220	0.00736	0.00793	0.00589	0.01010
31	0.01685	0.01999	0.11111	0.03306	0.29438	0.01799	0.24389	0.02188	0.01583	0.02255	0.01361	0.01827	0.01102	0.00849	0.02917	0.00266	0.09836	0.00709	0.00352	0.01027
32	0.01031	0.00707	0.00804	0.00812	0.00840	0.00699	0.00478	0.01062	0.01129	0.01489	0.02801	0.08195	0.08530	0.62243	0.05736	0.00662	0.00706	0.01137	0.00470	0.00470
33	0.01636	0.05407	0.01622	0.01130	0.01697	0.04029	0.00912	0.06950	0.01716	0.02539	0.06158	0.01845	0.01528	0.00662	0.00574	0.00134	0.00578	0.00524	0.05080	0.55280
34	0.04522	0.09772	0.32402	0.02027	0.10467	0.07147	0.01936	0.06439	0.01766	0.08519	0.04285	0.01969	0.04064	0.00790	0.00680	0.00217	0.00906	0.00621	0.00437	0.01033
35	0.05635	0.18580	0.29128	0.01697	0.02418	0.13114	0.01797	0.04335	0.10325	0.04321	0.01470	0.01588	0.01122	0.00734	0.00633	0.00209	0.00938	0.00533	0.00410	0.01012
36	0.05227	0.05419	0.02074	0.02651	0.34720	0.03758	0.01465	0.01840	0.01688	0.02320	0.10997	0.03482	0.19333	0.01057	0.00743	0.00221	0.00671	0.00922	0.00495	0.00918
37	0.01421	0.01366	0.02385	0.63827	0.08129	0.01638	0.07179	0.01913	0.01484	0.01920	0.01310	0.01933	0.00989	0.00714	0.00737	0.00241	0.00984	0.00663	0.00328	0.00838
38	0.02128	0.17558	0.02840	0.02947	0.33682	0.24701	0.01756	0.02438	0.01750	0.02042	0.01214	0.01508	0.01036	0.00675	0.00646	0.00194	0.00991	0.00535	0.00354	0.01005
39	0.02077	0.53449	0.06333	0.01559	0.05119	0.17166	0.01386	0.02337	0.01610	0.01781	0.01063	0.01242	0.00943	0.00653	0.00527	0.00168	0.00906	0.00424	0.00326	0.00930
40	0.01238	0.00789	0.01039	0.00950	0.01158	0.00722	0.00722	0.01575	0.02060	0.09237	0.63293	0.05153	0.06385	0.01431	0.00846	0.00228	0.00369	0.01260	0.00810	0.00737
41	0.00939	0.00763	0.00870	0.00866	0.01066	0.00694	0.00656	0.01162	0.01711	0.02178	0.21172	0.11815	0.44676	0.01781	0.00923	0.00252	0.02871	0.04276	0.00692	0.00637
42	0.00868	0.00725	0.00756	0.00774	0.00993	0.00613	0.00571	0.01050	0.01640	0.01982	0.08985	0.14584	0.60209	0.01879	0.00867	0.00251	0.00373	0.01588	0.00679	0.00613
43	0.00900	0.00643	0.00860	0.01028	0.01077	0.00603	0.00699	0.01037	0.01406	0.01871	0.03999	0.70718	0.04777	0.02264	0.00932	0.00297	0.00434	0.05188	0.00674	0.00594
44	0.01057	0.00705	0.00793	0.00793	0.00793	0.00705	0.00440	0.01057	0.01057	0.01409	0.02290	0.04757	0.02643	0.74454	0.03700	0.00705	0.00705	0.01057	0.00440	0.00440
45	0.02611	0.01961	0.02096	0.01642	0.02196	0.02183	0.01345	0.57378	0.13783	0.04336	0.01938	0.01899	0.01392	0.00891	0.00729	0.00223	0.00764	0.00681	0.00729	0.01223
46	0.03261	0.01237	0.01687	0.01293	0.01856	0.01068	0.01068	0.03543	0.02081	0.70423	0.02868	0.02474	0.01799	0.00900	0.00731	0.00225	0.00619	0.00731	0.00900	0.01237
47	0.01590	0.01590	0.02226	0.01908	0.01908	0.02226	0.01590	0.01749	0.01113	0.01749	0.00954	0.01590	0.00954	0.01272	0.02385	0.00318	0.73123	0.00636	0.00318	0.00795
48	0.02763	0.02036	0.02182	0.01672	0.02254	0.02254	0.01382	0.67496	0.03418	0.04581	0.01745	0.01745	0.01236	0.00873	0.00727	0.00218	0.00800	0.00654	0.00727	0.01236
49	0.00886	0.00633	0.00843	0.01012	0.01054	0.00590	0.00675	0.01012	0.01392	0.01856	0.04006	0.73979	0.04808	0.02277	0.00928	0.00295	0.00422	0.02066	0.00675	0.00590
50	0.01507	0.01292	0.01507	0.01077	0.01723	0.00969	0.00861	0.01830	0.01507	0.02369	0.01292	0.01507	0.01077	0.00538	0.00538	0.00108	0.00538	0.00431	0.00431	0.78898
51	0.00899	0.00642	0.00858	0.01027	0.01075	0.00602	0.00697	0.01035	0.01404	0.01870	0.03999	0.71000	0.04779	0.02265	0.00931	0.00297	0.00433	0.04918	0.00675	0.00594
52	0.01767	0.01714	0.02986	0.08706	0.61610	0.01727	0.06338	0.02213	0.01646	0.02339	0.01369	0.01818	0.01137	0.00650	0.00729	0.00219	0.00893	0.00661	0.00358	0.01119
53	0.02935	0.01241	0.01636	0.01281	0.01796	0.01123	0.01048	0.06836	0.04878	0.56813	0.09952	0.02760	0.02328	0.00965	0.00745	0.00226	0.00597	0.00793	0.00873	0.01174

[dist]
# distance from previous block
# <min> <max>
0	2

[block]
# block no. 3 follows, 28 sequences, length 30
# corresponding to MSA columns:
# 354-383
name=unknown_D
#
# <colnr> <probs for GDERKNQSTAVLIFYWHMCP>
#	G	D	E	R	K	N	Q	S	T	A	V	L	I	F	Y	W	H	M	C	P
0	0.01029	0.00743	0.00972	0.00914	0.01086	0.00686	0.00686	0.01372	0.02058	0.02915	0.69536	0.05430	0.06859	0.01486	0.00857	0.00229	0.00343	0.01315	0.00800	0.00686
1	0.02651	0.03003	0.02096	0.05816	0.02404	0.51146	0.01434	0.18181	0.02348	0.02449	0.01281	0.01449	0.01009	0.00777	0.00676	0.00198	0.01170	0.00522	0.00455	0.00934
2	0.01373	0.01292	0.02180	0.72707	0.05006	0.01615	0.02019	0.01857	0.01453	0.01857	0.01292	0.01938	0.00969	0.00727	0.00727	0.00242	0.00969	0.00646	0.00323	0.00807
3	0.79588	0.01406	0.01068	0.00956	0.01406	0.01631	0.00787	0.02137	0.01237	0.03261	0.01012	0.01181	0.00787	0.00675	0.00450	0.00225	0.00562	0.00394	0.00450	0.00787
4	0.01943	0.74891	0.03809	0.01244	0.01866	0.02876	0.01244	0.02177	0.01477	0.01710	0.01011	0.01166	0.00933	0.00622	0.00466	0.00155	0.00777	0.00389	0.00311	0.00933
5	0.02346	0.01469	0.01724	0.01320	0.01898	0.01380	0.01072	0.16766	0.10379	0.23499	0.02072	0.02000	0.01471	0.00775	0.00662	0.00184	0.00624	0.00618	0.00675	0.29067
6	0.01038	0.00779	0.01168	0.01168	0.01298	0.00909	0.00909	0.01298	0.01168	0.01687	0.01947	0.02856	0.01817	0.05452	0.71573	0.01168	0.01947	0.00779	0.00389	0.00649
7	0.01653	0.01287	0.01522	0.01095	0.01734	0.00977	0.00879	0.01973	0.01555	0.08035	0.01423	0.01588	0.01137	0.00568	0.00554	0.00117	0.00545	0.00456	0.00470	0.72432
8	0.05500	0.01893	0.02054	0.01588	0.02142	0.02069	0.01306	0.57134	0.03134	0.10254	0.01801	0.01806	0.01271	0.00926	0.00792	0.03003	0.00769	0.00651	0.00718	0.01188
9	0.01458	0.03760	0.70688	0.02072	0.03146	0.01688	0.02686	0.02302	0.01535	0.02302	0.01304	0.01535	0.00921	0.00691	0.00691	0.00230	0.01074	0.00537	0.00307	0.01074
10	0.00995	0.00742	0.00925	0.00879	0.01065	0.00672	0.00659	0.01307	0.01978	0.02727	0.57223	0.05740	0.19290	0.01556	0.00858	0.00232	0.00348	0.01358	0.00775	0.00672
11	0.70162	0.01385	0.01145	0.00998	0.01461	0.01561	0.00822	0.02310	0.01341	0.11556	0.01241	0.01341	0.00912	0.00703	0.00485	0.00225	0.00569	0.00435	0.00505	0.00843
12	0.09597	0.01283	0.01655	0.01280	0.01834	0.01162	0.01057	0.05942	0.02063	0.62240	0.02669	0.02338	0.01693	0.00880	0.00707	0.00225	0.00621	0.00700	0.00855	0.01200
13	0.02001	0.01658	0.01753	0.01518	0.01964	0.01898	0.01197	0.16749	0.55405	0.03353	0.02713	0.02516	0.02020	0.00963	0.00737	0.00241	0.00621	0.00788	0.00737	0.01168
14	0.01029	0.00743	0.00972	0.00914	0.01086	0.00686	0.00686	0.01372	0.02058	0.02915	0.69536	0.05430	0.06859	0.01486	0.00857	0.00229	0.00343	0.01315	0.00800	0.00686
15	0.01994	0.01817	0.03131	0.02366	0.02839	0.05749	0.33456	0.02395	0.01621	0.13492	0.01534	0.01902	0.01167	0.00860	0.01269	0.00260	0.21994	0.00750	0.00442	0.00962
16	0.01414	0.01105	0.01287	0.01287	0.01483	0.08339	0.03781	0.01649	0.01662	0.08322	0.08903	0.35367	0.03982	0.01787	0.00890	0.00279	0.00621	0.16463	0.00659	0.00720
17	0.01029	0.00743	0.00972	0.00914	0.01086	0.00686	0.00686	0.01372	0.02058	0.02915	0.69536	0.05430	0.06859	0.01486	0.00857	0.00229	0.00343	0.01315	0.00800	0.00686
18	0.01171	0.00837	0.01171	0.01339	0.01506	0.00837	0.01171	0.01506	0.01673	0.02175	0.03849	0.08199	0.04183	0.02008	0.01004	0.00335	0.00669	0.65027	0.00669	0.00669
19	0.04237	0.05272	0.22005	0.02689	0.09747	0.01778	0.34891	0.02368	0.01656	0.06167	0.01461	0.01801	0.01080	0.00656	0.00763	0.00233	0.01076	0.00709	0.00381	0.01029
20	0.01521	0.03325	0.56078	0.02441	0.12513	0.01719	0.05152	0.02273	0.01544	0.02294	0.01307	0.01591	0.00962	0.00702	0.00762	0.00232	0.03626	0.00569	0.00317	0.01071
21	0.00886	0.00633	0.00843	0.01012	0.01054	0.00590	0.00675	0.01012	0.01392	0.01856	0.04006	0.73979	0.04808	0.02277	0.00928	0.00295	0.00422	0.02066	0.00675	0.00590
22	0.33469	0.06265	0.02081	0.01964	0.12419	0.22923	0.06758	0.02402	0.01604	0.02511	0.01139	0.01379	0.00923	0.00685	0.00589	0.00210	0.00903	0.00494	0.00399	0.00884
23	0.01328	0.01208	0.01586	0.01414	0.01592	0.07964	0.07957	0.01539	0.01280	0.01700	0.01780	0.02851	0.01726	0.17187	0.36305	0.03869	0.06873	0.00793	0.00387	0.00661
24	0.01803	0.01214	0.01202	0.01052	0.01355	0.04028	0.00824	0.18235	0.08714	0.03168	0.02225	0.02415	0.01706	0.00863	0.00591	0.00190	0.00515	0.00678	0.48351	0.00870
25	0.02595	0.03276	0.02227	0.01960	0.02344	0.63537	0.06145	0.02812	0.01994	0.01817	0.01141	0.01370	0.00949	0.00762	0.00745	0.00197	0.04404	0.00503	0.00372	0.00851
26	0.01507	0.01292	0.01507	0.01077	0.01723	0.00969	0.00861	0.01830	0.01507	0.02369	0.01292	0.01507	0.01077	0.00538	0.00538	0.00108	0.00538	0.00431	0.00431	0.78898
27	0.01038	0.00779	0.01168	0.01168	0.01298	0.00909	0.00909	0.01298	0.01168	0.01687	0.01947	0.02856	0.01817	0.05452	0.71573	0.01168	0.01947	0.00779	0.00389	0.00649
28	0.02197	0.01806	0.02144	0.01876	0.07756	0.06282	0.07696	0.32767	0.07372	0.03419	0.01991	0.02128	0.03768	0.00876	0.00776	0.00219	0.03693	0.00708	0.11471	0.01055
29	0.00886	0.00633	0.00843	0.01012	0.01054	0.00590	0.00675	0.01012	0.01392	0.01856	0.04006	0.73979	0.04808	0.02277	0.00928	0.00295	0.00422	0.02066	0.00675	0.00590

[dist]
# distance from previous block
# <min> <max>
0	5

[block]
# block no. 4 follows, 28 sequences, length 119
# corresponding to MSA columns:
# 389-476,478-508
name=unknown_E
#
# <colnr> <probs for GDERKNQSTAVLIFYWHMCP>
#	G	D	E	R	K	N	Q	S	T	A	V	L	I	F	Y	W	H	M	C	P
0	0.01029	0.00743	0.00972	0.00914	0.01086	0.00686	0.00686	0.01372	0.02058	0.02915	0.69536	0.05430	0.06859	0.01486	0.00857	0.00229	0.00343	0.01315	0.00800	0.00686
1	0.79588	0.01406	0.01068	0.00956	0.01406	0.01631	0.00787	0.02137	0.01237	0.03261	0.01012	0.01181	0.00787	0.00675	0.00450	0.00225	0.00562	0.00394	0.00450	0.00787
2	0.01507	0.01292	0.01507	0.01077	0.01723	0.00969	0.00861	0.01830	0.01507	0.02369	0.01292	0.01507	0.01077	0.00538	0.00538	0.00108	0.00538	0.00431	0.00431	0.78898
3	0.00927	0.00676	0.00878	0.01021	0.01092	0.00640	0.00700	0.01129	0.03455	0.01948	0.06678	0.64037	0.07689	0.02179	0.00919	0.00290	0.00429	0.04016	0.00681	0.00615
4	0.01683	0.01406	0.04039	0.01152	0.01804	0.01052	0.00963	0.04536	0.01625	0.07446	0.01426	0.01589	0.01130	0.00583	0.00565	0.00125	0.00574	0.00465	0.00472	0.67364
5	0.01263	0.00631	0.00947	0.00947	0.00947	0.00631	0.00631	0.00947	0.00947	0.01263	0.01263	0.02210	0.01263	0.02525	0.02841	0.78851	0.00631	0.00631	0.00316	0.00316
6	0.00886	0.00633	0.00843	0.01012	0.01054	0.00590	0.00675	0.01012	0.01392	0.01856	0.04006	0.73979	0.04808	0.02277	0.00928	0.00295	0.00422	0.02066	0.00675	0.00590
7	0.28045	0.02034	0.19577	0.01532	0.02203	0.01523	0.06388	0.05291	0.01686	0.22601	0.01694	0.01732	0.01159	0.00748	0.00636	0.00228	0.00771	0.00575	0.00549	0.01026
8	0.01507	0.01292	0.01507	0.01077	0.01723	0.00969	0.00861	0.01830	0.01507	0.02369	0.01292	0.01507	0.01077	0.00538	0.00538	0.00108	0.00538	0.00431	0.00431	0.78898
9	0.01570	0.00912	0.01126	0.01032	0.01202	0.00915	0.00729	0.06475	0.01468	0.13969	0.02432	0.06499	0.02415	0.40320	0.12471	0.00619	0.00863	0.03741	0.00554	0.00686
10	0.01808	0.01561	0.01644	0.01479	0.01890	0.01808	0.01151	0.03863	0.68606	0.03041	0.02959	0.02712	0.02219	0.00986	0.00740	0.00247	0.00575	0.00822	0.00740	0.01151
11	0.01897	0.68024	0.10265	0.01324	0.01989	0.02762	0.01383	0.02189	0.01483	0.01767	0.01039	0.01202	0.00932	0.00629	0.00488	0.00163	0.00806	0.00403	0.00311	0.00946
12	0.01948	0.38567	0.26080	0.01590	0.02336	0.09289	0.01735	0.02386	0.01597	0.06652	0.01249	0.01395	0.00989	0.00677	0.00579	0.00189	0.00921	0.00470	0.00357	0.00992
13	0.03212	0.01248	0.01685	0.01300	0.01857	0.01094	0.01071	0.03553	0.04357	0.68117	0.02871	0.02482	0.01814	0.00903	0.00731	0.00226	0.00617	0.00734	0.00894	0.01234
