[name]
unknown

[dist]
# distance from previous block
# <min> <max>
7	59

[block]
# block no. 0 follows, 31 sequences, length 7
# corresponding to MSA columns:
# 189-195
name=unknown_A
#
# <colnr> <probs for GDERKNQSTAVLIFYWHMCP>
#	G	D	E	R	K	N	Q	S	T	A	V	L	I	F	Y	W	H	M	C	P
0	0.07042	0.01086	0.03121	0.01229	0.03482	0.01058	0.04705	0.04971	0.10974	0.02280	0.09680	0.21087	0.16967	0.03881	0.00892	0.00250	0.02778	0.01183	0.00584	0.02750
1	0.01999	0.39337	0.08985	0.01482	0.04208	0.19439	0.01327	0.04446	0.01637	0.04910	0.03461	0.01395	0.01119	0.00665	0.00542	0.00167	0.00855	0.00457	0.00364	0.03207
2	0.00913	0.00657	0.00827	0.00875	0.00952	0.00639	0.00593	0.01050	0.01311	0.01763	0.12952	0.29532	0.10814	0.22561	0.10975	0.00476	0.00641	0.01376	0.00557	0.00539
3	0.01909	0.04806	0.26921	0.04406	0.13712	0.04782	0.01824	0.13501	0.08941	0.10163	0.01609	0.01719	0.01169	0.00723	0.00662	0.00210	0.00839	0.00584	0.00468	0.01050
4	0.49964	0.12332	0.10568	0.01178	0.01690	0.10578	0.01100	0.02125	0.01327	0.02578	0.01000	0.01167	0.00793	0.00639	0.00478	0.00199	0.00706	0.00396	0.00379	0.00801
5	0.01218	0.00886	0.01118	0.01047	0.01208	0.00989	0.00799	0.09197	0.01409	0.02007	0.02311	0.03105	0.07919	0.14399	0.35269	0.00697	0.05062	0.00804	0.09903	0.00653
6	0.01702	0.01450	0.01671	0.01703	0.10064	0.01628	0.01183	0.08980	0.50212	0.02815	0.02594	0.08852	0.02104	0.00989	0.00709	0.00230	0.00579	0.00844	0.00647	0.01043

[dist]
# distance from previous block
# <min> <max>
0	2

[block]
# block no. 1 follows, 31 sequences, length 49
# corresponding to MSA columns:
# 198-246
name=unknown_B
#
# <colnr> <probs for GDERKNQSTAVLIFYWHMCP>
#	G	D	E	R	K	N	Q	S	T	A	V	L	I	F	Y	W	H	M	C	P
0	0.04540	0.00882	0.01002	0.00991	0.01156	0.04561	0.00707	0.01526	0.01514	0.12794	0.15723	0.35108	0.03841	0.11070	0.01133	0.00297	0.00495	0.01355	0.00638	0.00668
1	0.00968	0.04731	0.00921	0.00780	0.01017	0.00716	0.00599	0.01170	0.01617	0.04331	0.17692	0.09695	0.50148	0.01606	0.00788	0.00226	0.00373	0.01352	0.00645	0.00624
2	0.00959	0.00811	0.00856	0.00883	0.01052	0.04462	0.00649	0.01160	0.01604	0.02030	0.20567	0.23616	0.32241	0.01713	0.00821	0.00240	0.00415	0.04671	0.00647	0.00602
3	0.04955	0.01215	0.01420	0.01031	0.01622	0.00949	0.00829	0.01912	0.01467	0.09960	0.01368	0.01506	0.01077	0.00550	0.00523	0.00118	0.00516	0.00435	0.00455	0.68094
4	0.02567	0.01718	0.01884	0.01455	0.01972	0.01858	0.01199	0.55285	0.02911	0.13506	0.01832	0.01804	0.01280	0.00823	0.00670	0.00203	0.00697	0.00627	0.06585	0.01124
5	0.01050	0.00807	0.00965	0.00868	0.01112	0.00723	0.00662	0.04251	0.01845	0.02540	0.45066	0.04915	0.21371	0.01358	0.00769	0.00206	0.00367	0.01170	0.00684	0.09271
6	0.02450	0.01496	0.01672	0.01311	0.01779	0.01579	0.01073	0.41182	0.02584	0.19412	0.01998	0.01975	0.01399	0.00822	0.00645	0.00198	0.00630	0.00637	0.16098	0.01061
7	0.00955	0.00699	0.00897	0.00847	0.01014	0.00640	0.00635	0.01266	0.01906	0.02672	0.66160	0.05229	0.11668	0.01425	0.00807	0.00216	0.00325	0.01254	0.00744	0.00640
8	0.76629	0.01355	0.01061	0.00936	0.01366	0.01566	0.00771	0.05597	0.01273	0.03136	0.00989	0.01140	0.00763	0.00645	0.00437	0.00211	0.00541	0.00384	0.00437	0.00763
9	0.02556	0.03261	0.01939	0.01763	0.02115	0.73210	0.01322	0.02732	0.01939	0.01674	0.01058	0.01234	0.00881	0.00705	0.00617	0.00176	0.01234	0.00441	0.00353	0.00793
10	0.01292	0.00771	0.01018	0.00916	0.01134	0.00701	0.00701	0.01606	0.01940	0.13444	0.60749	0.04682	0.05721	0.01314	0.00789	0.00215	0.00363	0.01153	0.00768	0.00725
11	0.42782	0.01312	0.01294	0.01046	0.01535	0.01347	0.00858	0.07393	0.01552	0.19340	0.01463	0.01492	0.01045	0.00677	0.00520	0.00192	0.00555	0.00470	0.00540	0.14587
12	0.01615	0.01845	0.04037	0.02884	0.03576	0.01730	0.69204	0.02191	0.01615	0.02191	0.01384	0.01845	0.01038	0.00577	0.00807	0.00231	0.01153	0.00807	0.00346	0.00923
13	0.00834	0.00595	0.00794	0.00953	0.00992	0.00556	0.00635	0.00953	0.01310	0.01746	0.03771	0.75510	0.04525	0.02143	0.00873	0.00278	0.00397	0.01945	0.00635	0.00556
14	0.02527	0.01307	0.01564	0.01255	0.01720	0.01308	0.01019	0.15611	0.15185	0.38684	0.02466	0.02266	0.01676	0.00852	0.00666	0.00209	0.00578	0.00685	0.09331	0.01092
15	0.01221	0.00763	0.00927	0.00872	0.01074	0.00723	0.00658	0.01602	0.05740	0.08388	0.37614	0.09864	0.10512	0.01299	0.00734	0.00212	0.00364	0.01125	0.15609	0.00700
16	0.01829	0.76368	0.03585	0.01171	0.01756	0.02707	0.01171	0.02049	0.01390	0.01610	0.00951	0.01097	0.00878	0.00585	0.00439	0.00146	0.00732	0.00366	0.00293	0.00878
17	0.00931	0.00620	0.00829	0.00964	0.01025	0.00575	0.00651	0.01057	0.01338	0.04822	0.03724	0.72314	0.04401	0.02087	0.00865	0.00275	0.00405	0.01890	0.00644	0.00582
18	0.00858	0.00625	0.00805	0.00924	0.00999	0.00579	0.00637	0.01006	0.01395	0.01847	0.09985	0.57088	0.11966	0.03914	0.00930	0.00279	0.00402	0.04557	0.00640	0.00565
19	0.00822	0.00690	0.00714	0.00716	0.00934	0.00582	0.00534	0.01005	0.01579	0.01913	0.11782	0.09101	0.63844	0.01723	0.00811	0.00232	0.00347	0.01447	0.00644	0.00582
20	0.02352	0.01892	0.08340	0.01597	0.02115	0.04303	0.03588	0.34450	0.08859	0.15711	0.01803	0.01812	0.01280	0.00844	0.00831	0.00219	0.07672	0.00632	0.00620	0.01083
21	0.02346	0.01915	0.01962	0.01677	0.05435	0.08124	0.01291	0.45256	0.18488	0.03650	0.01837	0.01819	0.01348	0.00826	0.00681	0.00209	0.00749	0.00637	0.00642	0.01109
22	0.03983	0.00881	0.01204	0.01478	0.11983	0.00868	0.00906	0.04903	0.01462	0.04451	0.03178	0.47038	0.06690	0.04356	0.03037	0.00293	0.00540	0.01476	0.00576	0.00695
23	0.11301	0.07038	0.05893	0.05015	0.21107	0.18536	0.17228	0.02247	0.01591	0.02132	0.01188	0.01505	0.00955	0.00630	0.00646	0.00202	0.00964	0.00566	0.00347	0.00909
24	0.01347	0.00798	0.01021	0.00996	0.01201	0.00725	0.00747	0.01547	0.01454	0.12813	0.05142	0.28086	0.03194	0.11160	0.01122	0.00293	0.00501	0.11846	0.06688	0.09321
25	0.01435	0.02048	0.25206	0.11316	0.21689	0.01453	0.04102	0.03540	0.01491	0.02146	0.03694	0.05478	0.01408	0.04064	0.00849	0.00235	0.03164	0.00679	0.03004	0.03000
26	0.01500	0.01406	0.02306	0.18777	0.40881	0.01513	0.01797	0.01865	0.01416	0.02001	0.01313	0.01881	0.01132	0.04162	0.05917	0.00293	0.06497	0.00624	0.00336	0.04380
27	0.00985	0.00697	0.00833	0.00812	0.00993	0.00621	0.00601	0.01202	0.01676	0.04520	0.33547	0.11280	0.30327	0.01600	0.00891	0.04120	0.00360	0.01308	0.03015	0.00612
28	0.57445	0.01341	0.01221	0.01026	0.01483	0.01474	0.00846	0.08206	0.01513	0.17832	0.01384	0.01416	0.00980	0.00696	0.00502	0.00211	0.00560	0.00459	0.00536	0.00868
29	0.01756	0.01533	0.01703	0.05540	0.01953	0.09218	0.04622	0.20387	0.11341	0.02614	0.02253	0.07562	0.04516	0.04098	0.08051	0.00333	0.03481	0.07627	0.00546	0.00865
30	0.00945	0.00689	0.00793	0.00825	0.01005	0.00602	0.00603	0.01119	0.01527	0.05309	0.09861	0.27588	0.41311	0.01799	0.00826	0.00246	0.00380	0.03315	0.00653	0.00605
31	0.01311	0.00847	0.01060	0.01021	0.01094	0.03276	0.00726	0.04849	0.04272	0.01543	0.01544	0.02649	0.01531	0.10208	0.04730	0.50951	0.02945	0.04616	0.00373	0.00453
32	0.01773	0.09476	0.02220	0.01675	0.01860	0.04393	0.01407	0.14094	0.03967	0.02170	0.01111	0.01511	0.00986	0.01040	0.01666	0.00260	0.48578	0.00579	0.00384	0.00851
33	0.01610	0.04244	0.13989	0.01391	0.04309	0.01341	0.01249	0.12033	0.06804	0.02542	0.01586	0.01715	0.03488	0.00658	0.00586	0.00156	0.00646	0.00522	0.00450	0.40678
34	0.05297	0.01260	0.03347	0.01245	0.01715	0.01160	0.01051	0.08881	0.04040	0.48476	0.02469	0.02511	0.01712	0.00905	0.00733	0.00217	0.03180	0.04544	0.06195	0.01061
35	0.00883	0.00646	0.00765	0.00825	0.00909	0.00598	0.00546	0.00997	0.01329	0.01728	0.09113	0.33626	0.20358	0.22658	0.01583	0.00370	0.00454	0.01504	0.00582	0.00528
36	0.00852	0.00667	0.00771	0.00803	0.00965	0.00587	0.00580	0.01044	0.01575	0.02023	0.20651	0.25422	0.38081	0.01771	0.00826	0.00240	0.00355	0.01536	0.00662	0.00587
37	0.01543	0.01289	0.01485	0.01072	0.01674	0.01039	0.00862	0.08820	0.01607	0.02448	0.01261	0.01442	0.01029	0.00540	0.00525	0.00112	0.00532	0.00427	0.00435	0.71857
38	0.01055	0.00783	0.00871	0.00849	0.01034	0.00741	0.00617	0.07499	0.01645	0.02166	0.13150	0.18757	0.31291	0.09666	0.01076	0.00278	0.00424	0.01332	0.06143	0.00624
39	0.01105	0.00725	0.00896	0.00852	0.01033	0.00676	0.00632	0.01345	0.01630	0.07362	0.31937	0.07175	0.19382	0.08778	0.08222	0.00347	0.00531	0.01157	0.05573	0.00640
40	0.80789	0.01323	0.01006	0.00900	0.01323	0.01535	0.00741	0.02011	0.01164	0.03070	0.00953	0.01111	0.00741	0.00635	0.00423	0.00212	0.00529	0.00370	0.00423	0.00741
41	0.04913	0.01391	0.01576	0.01229	0.01722	0.03990	0.00993	0.16784	0.01951	0.20704	0.04072	0.04188	0.01517	0.00932	0.03142	0.00208	0.02641	0.00616	0.00593	0.26840
42	0.02009	0.37155	0.02680	0.03223	0.01936	0.18728	0.01224	0.10450	0.01717	0.02003	0.01109	0.01306	0.00950	0.00811	0.02849	0.00197	0.04810	0.00446	0.00365	0.06033
43	0.01964	0.01199	0.01475	0.01081	0.01663	0.00943	0.00875	0.02255	0.01597	0.25347	0.01706	0.01719	0.01238	0.00619	0.00567	0.00138	0.00532	0.00499	0.00551	0.54032
44	0.00972	0.00726	0.01057	0.01057	0.01175	0.00830	0.00809	0.01195	0.01109	0.01578	0.02051	0.02971	0.04429	0.10325	0.65236	0.01034	0.01688	0.00780	0.00380	0.00595
45	0.08384	0.21582	0.07776	0.06319	0.05994	0.18218	0.09743	0.05100	0.01603	0.02023	0.01245	0.04044	0.01070	0.00851	0.03109	0.00223	0.00945	0.00556	0.00358	0.00858
46	0.01596	0.08924	0.21753	0.01782	0.06147	0.04907	0.01645	0.08393	0.03565	0.02107	0.01399	0.07556	0.01267	0.01013	0.01180	0.03456	0.21403	0.00662	0.00377	0.00871
47	0.01941	0.16364	0.09458	0.04044	0.17133	0.10881	0.03638	0.11385	0.06345	0.05374	0.01396	0.01599	0.01104	0.00818	0.02499	0.00220	0.03851	0.00555	0.00418	0.00976
48	0.07929	0.05334	0.01930	0.01556	0.06316	0.04635	0.02623	0.35721	0.04691	0.03298	0.01680	0.01762	0.03552	0.00759	0.00624	0.00187	0.00695	0.00584	0.02897	0.13228

[dist]
# distance from previous block
# <min> <max>
0	3

[block]
# block no. 2 follows, 31 sequences, length 29
# corresponding to MSA columns:
# 250-255,275-297
name=unknown_C
#
# <colnr> <probs for GDERKNQSTAVLIFYWHMCP>
#	G	D	E	R	K	N	Q	S	T	A	V	L	I	F	Y	W	H	M	C	P
0	0.01717	0.16512	0.29810	0.02014	0.10833	0.01830	0.07263	0.11937	0.01740	0.04318	0.01569	0.01740	0.04339	0.00709	0.00640	0.00202	0.00864	0.00582	0.00390	0.00993
1	0.00964	0.00786	0.01060	0.05579	0.08268	0.00758	0.00838	0.01198	0.03370	0.01855	0.04205	0.42899	0.22138	0.01757	0.00820	0.00253	0.00459	0.01562	0.00588	0.00641
2	0.04166	0.00965	0.01041	0.00931	0.01203	0.01001	0.00726	0.10424	0.09577	0.07169	0.09799	0.03033	0.08901	0.01104	0.02929	0.00221	0.00474	0.00788	0.34761	0.00786
3	0.01910	0.01407	0.01545	0.01345	0.01733	0.01558	0.01062	0.17106	0.39124	0.09514	0.02628	0.08720	0.02114	0.01029	0.00708	0.00229	0.00572	0.03074	0.03591	0.01031
4	0.05996	0.01555	0.04993	0.01351	0.01873	0.01504	0.01146	0.24438	0.12516	0.28363	0.02148	0.02016	0.01475	0.00817	0.00660	0.00207	0.00637	0.00642	0.03383	0.04280
5	0.01671	0.01059	0.01008	0.00926	0.01166	0.09505	0.00699	0.01924	0.01602	0.15212	0.06752	0.07969	0.06632	0.04517	0.00744	0.00211	0.00502	0.00820	0.36347	0.00735
6	0.01551	0.32093	0.45427	0.01644	0.02489	0.02027	0.01996	0.02120	0.01423	0.01948	0.01119	0.01308	0.00871	0.00625	0.00567	0.00189	0.00902	0.00451	0.00290	0.00959
7	0.00886	0.00655	0.00793	0.00837	0.00946	0.00600	0.00577	0.01050	0.01478	0.01956	0.21123	0.30768	0.20619	0.13062	0.01237	0.00310	0.00407	0.01505	0.00631	0.00562
8	0.01000	0.00750	0.01076	0.01065	0.01161	0.00869	0.00803	0.01199	0.01080	0.01545	0.01853	0.02951	0.01814	0.17196	0.58532	0.00994	0.04385	0.00773	0.00372	0.00582
9	0.01340	0.01268	0.10313	0.01318	0.03922	0.01024	0.04241	0.05759	0.01534	0.08152	0.06668	0.12518	0.13324	0.07635	0.13583	0.00414	0.02713	0.01003	0.02518	0.00753
10	0.14016	0.01583	0.01382	0.01203	0.01543	0.13600	0.00943	0.22688	0.02006	0.02916	0.01787	0.08736	0.01529	0.01036	0.03017	0.00227	0.00699	0.00683	0.19573	0.00833
11	0.04683	0.07030	0.12970	0.01859	0.12608	0.01586	0.03326	0.09122	0.14786	0.11138	0.05519	0.02164	0.04016	0.00817	0.00704	0.00210	0.02699	0.00669	0.00528	0.03567
12	0.01665	0.17555	0.34756	0.01961	0.09694	0.01859	0.05074	0.10368	0.03767	0.02360	0.01320	0.01517	0.01005	0.00664	0.00617	0.00199	0.00870	0.00529	0.03225	0.00995
13	0.01657	0.08262	0.04765	0.07699	0.15899	0.06679	0.08838	0.05922	0.01552	0.04624	0.01629	0.11899	0.01522	0.00951	0.00935	0.00226	0.12471	0.00782	0.02820	0.00868
14	0.01724	0.01715	0.02650	0.10114	0.60557	0.07074	0.02023	0.02117	0.01570	0.02150	0.01263	0.01670	0.01053	0.00623	0.00673	0.00203	0.00853	0.00597	0.00337	0.01033
15	0.00866	0.00636	0.00786	0.00869	0.00976	0.00578	0.00606	0.01038	0.01474	0.01964	0.15730	0.46021	0.19467	0.01882	0.00834	0.00253	0.00371	0.01671	0.03401	0.00578
16	0.01135	0.00719	0.00896	0.00891	0.01074	0.00640	0.00652	0.01342	0.01625	0.10603	0.22772	0.29257	0.22457	0.01675	0.00816	0.00240	0.00386	0.01468	0.00693	0.00660
17	0.01181	0.00747	0.00941	0.00910	0.01084	0.00692	0.00662	0.01453	0.03846	0.10088	0.31624	0.21566	0.12183	0.08593	0.01059	0.00274	0.00411	0.01329	0.00689	0.00667
18	0.00887	0.00656	0.00815	0.00883	0.00994	0.00603	0.00628	0.01064	0.01487	0.01965	0.18474	0.36166	0.18815	0.07585	0.01052	0.00287	0.00407	0.06014	0.00643	0.00573
19	0.01574	0.01780	0.03868	0.02783	0.03441	0.01669	0.65639	0.02127	0.01599	0.02168	0.01508	0.05676	0.01219	0.00658	0.00811	0.00233	0.01114	0.00867	0.00361	0.00904
20	0.00865	0.00654	0.00739	0.00791	0.00900	0.00593	0.00530	0.00976	0.01333	0.01681	0.04678	0.28287	0.32029	0.21027	0.01520	0.00358	0.00445	0.01490	0.00578	0.00528
21	0.01292	0.01216	0.02052	0.74312	0.04712	0.01520	0.01900	0.01748	0.01368	0.01748	0.01216	0.01824	0.00912	0.00684	0.00684	0.00228	0.00912	0.00608	0.00304	0.00760
22	0.06284	0.01604	0.01789	0.01403	0.01907	0.01710	0.01150	0.41102	0.08305	0.20596	0.05585	0.02040	0.01624	0.00857	0.00680	0.00210	0.00661	0.00667	0.00716	0.01110
23	0.01614	0.01310	0.01497	0.01120	0.01690	0.01127	0.00896	0.07977	0.10837	0.04774	0.01512	0.01620	0.01193	0.00602	0.00554	0.00132	0.00535	0.00482	0.00483	0.60046
24	0.00898	0.00654	0.00842	0.00906	0.01007	0.00625	0.00642	0.01051	0.01385	0.01841	0.13173	0.34826	0.16334	0.06473	0.10548	0.03905	0.00595	0.03146	0.00589	0.00562
25	0.01145	0.03285	0.05390	0.01038	0.01303	0.03236	0.03307	0.03343	0.01721	0.02330	0.33456	0.04391	0.20460	0.01350	0.00895	0.03968	0.02906	0.01076	0.04725	0.00674
26	0.15633	0.04826	0.01814	0.06199	0.16770	0.06254	0.01248	0.09827	0.03662	0.07826	0.04814	0.04354	0.01517	0.03116	0.05310	0.00271	0.00770	0.00640	0.00476	0.04674
27	0.05664	0.06696	0.08388	0.16040	0.15566	0.08964	0.01565	0.10020	0.03979	0.09529	0.01636	0.01833	0.03536	0.00733	0.00645	0.00203	0.00810	0.00593	0.00446	0.03156
28	0.01429	0.01296	0.01611	0.07482	0.05119	0.06552	0.03348	0.08518	0.01539	0.02070	0.02132	0.22165	0.04107	0.01570	0.07200	0.00307	0.12545	0.00983	0.00467	0.09563

[dist]
# distance from previous block
# <min> <max>
0	2

[block]
# block no. 3 follows, 31 sequences, length 13
# corresponding to MSA columns:
# 300-312
name=unknown_D
#
# <colnr> <probs for GDERKNQSTAVLIFYWHMCP>
#	G	D	E	R	K	N	Q	S	T	A	V	L	I	F	Y	W	H	M	C	P
0	0.01959	0.24507	0.10927	0.04285	0.06318	0.05757	0.03358	0.18131	0.03575	0.05718	0.01541	0.01665	0.03519	0.00732	0.00638	0.00189	0.02402	0.00551	0.00445	0.03785
1	0.00984	0.00667	0.00785	0.00794	0.00809	0.00677	0.00472	0.01016	0.01023	0.01377	0.02211	0.08186	0.02518	0.64561	0.10577	0.00687	0.00770	0.01020	0.00422	0.00443
2	0.04812	0.00855	0.01183	0.01113	0.01215	0.00913	0.05689	0.01238	0.01226	0.01779	0.05098	0.28647	0.02925	0.23667	0.03879	0.00404	0.09141	0.01224	0.04412	0.00581
3	0.01865	0.09833	0.02374	0.02180	0.16348	0.18769	0.08983	0.06203	0.10554	0.02156	0.01802	0.04596	0.05175	0.00833	0.00764	0.00208	0.05334	0.00682	0.00429	0.00911
4	0.01629	0.18499	0.24947	0.06801	0.09757	0.05682	0.09243	0.05193	0.01535	0.02053	0.01223	0.01532	0.00975	0.00900	0.04658	0.00251	0.03322	0.00543	0.00328	0.00929
5	0.00843	0.00623	0.00789	0.00898	0.00984	0.00569	0.00616	0.00993	0.01418	0.01867	0.11317	0.56354	0.16233	0.01996	0.00855	0.00263	0.00381	0.01785	0.00647	0.00569
6	0.01543	0.01143	0.03562	0.04177	0.12030	0.01069	0.03503	0.05901	0.04952	0.12701	0.20393	0.13602	0.06546	0.01215	0.00766	0.00229	0.00567	0.04628	0.00626	0.00846
7	0.04645	0.11425	0.19089	0.01974	0.07072	0.19730	0.11957	0.04879	0.03730	0.04041	0.01378	0.04523	0.01129	0.00723	0.00647	0.00202	0.00964	0.00597	0.00379	0.00916
8	0.01208	0.00945	0.04011	0.01205	0.06000	0.00884	0.00812	0.06275	0.03562	0.01772	0.02239	0.16361	0.04158	0.24121	0.05929	0.17808	0.00681	0.00998	0.00452	0.00579
9	0.00999	0.00683	0.00855	0.00884	0.01015	0.00625	0.00630	0.01188	0.01541	0.05336	0.23497	0.30421	0.16285	0.09172	0.01098	0.00289	0.00411	0.03814	0.00657	0.00602
10	0.01559	0.01630	0.07837	0.11545	0.21956	0.03814	0.13494	0.02172	0.09750	0.04679	0.07006	0.07931	0.01850	0.00847	0.00725	0.00222	0.00804	0.00806	0.00447	0.00927
11	0.10333	0.11470	0.12379	0.04318	0.06332	0.07376	0.09107	0.08279	0.04170	0.08577	0.01458	0.03733	0.01151	0.00733	0.00680	0.00203	0.03397	0.00588	0.00436	0.05279
12	0.01693	0.01259	0.01636	0.09928	0.07547	0.07243	0.04825	0.04118	0.01580	0.15154	0.06064	0.12729	0.05993	0.06842	0.03418	0.03568	0.04166	0.00918	0.00527	0.00792

[dist]
# distance from previous block
# <min> <max>
0	2

[block]
# block no. 4 follows, 31 sequences, length 17
# corresponding to MSA columns:
# 315-331
name=unknown_E
#
# <colnr> <probs for GDERKNQSTAVLIFYWHMCP>
#	G	D	E	R	K	N	Q	S	T	A	V	L	I	F	Y	W	H	M	C	P
0	0.03661	0.06270	0.12411	0.06152	0.19415	0.03888	0.03598	0.14363	0.01917	0.14576	0.05817	0.01915	0.01462	0.00748	0.00667	0.00206	0.00779	0.00628	0.00504	0.01024
1	0.01654	0.06401	0.10969	0.19267	0.23413	0.06530	0.07540	0.05722	0.01566	0.02097	0.01221	0.01619	0.00976	0.00697	0.00807	0.00216	0.07447	0.00587	0.00339	0.00930
2	0.01097	0.00785	0.00957	0.00898	0.01105	0.00742	0.00678	0.01527	0.08065	0.05751	0.47178	0.07816	0.17947	0.01423	0.00794	0.00222	0.00362	0.01237	0.00725	0.00693
3	0.01142	0.00893	0.00931	0.00873	0.01099	0.04752	0.00656	0.01428	0.04046	0.06467	0.29898	0.05252	0.33838	0.04612	0.00899	0.00239	0.00422	0.01223	0.00669	0.00661
4	0.00927	0.00724	0.00811	0.00810	0.01009	0.00657	0.00609	0.01228	0.04841	0.02153	0.22148	0.11484	0.40338	0.01607	0.00798	0.00231	0.00364	0.04136	0.04504	0.00621
5	0.00834	0.00595	0.00794	0.00953	0.00992	0.00556	0.00635	0.00953	0.01310	0.01746	0.03771	0.75510	0.04525	0.02143	0.00873	0.00278	0.00397	0.01945	0.00635	0.00556
6	0.02435	0.01654	0.01827	0.01458	0.01957	0.01800	0.01186	0.38937	0.21805	0.16292	0.02155	0.02022	0.01519	0.00856	0.00688	0.00214	0.00663	0.00673	0.00717	0.01141
7	0.33662	0.01654	0.01621	0.01294	0.01791	0.01850	0.01068	0.40339	0.02358	0.06189	0.01406	0.01456	0.01014	0.00748	0.00581	0.00208	0.00658	0.00521	0.00586	0.00996
8	0.05339	0.01422	0.01498	0.01265	0.01649	0.03567	0.01017	0.34143	0.04619	0.06123	0.02867	0.10698	0.12395	0.01165	0.00719	0.00223	0.00615	0.05453	0.04304	0.00918
9	0.01219	0.00864	0.01044	0.00981	0.01080	0.00933	0.00677	0.10121	0.01329	0.01807	0.02051	0.08424	0.02191	0.41502	0.16334	0.04074	0.03428	0.00928	0.00447	0.00568
10	0.19642	0.19422	0.02018	0.01215	0.01726	0.06067	0.01043	0.10961	0.01805	0.27420	0.01667	0.01616	0.01175	0.00726	0.00566	0.00193	0.00667	0.00518	0.00571	0.00981
11	0.01272	0.04759	0.05951	0.01409	0.01542	0.01501	0.01194	0.01484	0.01147	0.01686	0.05283	0.02348	0.01615	0.10600	0.22215	0.00549	0.33700	0.00700	0.00356	0.00688
12	0.05893	0.02760	0.48021	0.01801	0.02588	0.01513	0.07074	0.02158	0.04466	0.04691	0.07996	0.01885	0.01487	0.00757	0.00735	0.00221	0.04008	0.00612	0.00382	0.00952
13	0.01462	0.01415	0.02205	0.33033	0.22182	0.05248	0.05871	0.01848	0.01452	0.01935	0.01506	0.06948	0.01337	0.00830	0.00789	0.00227	0.05000	0.02908	0.02969	0.00837
14	0.01660	0.07382	0.02057	0.19073	0.09250	0.11205	0.01454	0.03831	0.04431	0.04175	0.01624	0.02052	0.05371	0.04355	0.01173	0.00249	0.18818	0.00644	0.00382	0.00814
15	0.05481	0.35448	0.12683	0.03404	0.01946	0.09710	0.02943	0.01963	0.01492	0.01882	0.06025	0.02029	0.08472	0.00801	0.00622	0.00185	0.03128	0.00585	0.00371	0.00830
16	0.01211	0.01419	0.12698	0.05752	0.06154	0.02774	0.01169	0.03968	0.04393	0.02274	0.20406	0.06874	0.20300	0.01197	0.00774	0.00218	0.02249	0.01009	0.00549	0.04614

[dist]
# distance from previous block
# <min> <max>
0	2

[block]
# block no. 5 follows, 31 sequences, length 16
# corresponding to MSA columns:
# 334-349
name=unknown_F
#
# <colnr> <probs for GDERKNQSTAVLIFYWHMCP>
#	G	D	E	R	K	N	Q	S	T	A	V	L	I	F	Y	W	H	M	C	P
0	0.12124	0.10375	0.06582	0.12956	0.05175	0.01589	0.06082	0.09610	0.08009	0.02495	0.09062	0.07337	0.01971	0.00906	0.00662	0.00217	0.00699	0.02808	0.00482	0.00858
1	0.14036	0.03638	0.13066	0.03797	0.05781	0.01626	0.01378	0.13145	0.12136	0.09290	0.04737	0.01911	0.01457	0.00998	0.03781	0.00257	0.06879	0.00615	0.00515	0.00957
2	0.14967	0.01687	0.08422	0.06298	0.04519	0.07554	0.01191	0.18104	0.01890	0.02810	0.05983	0.05696	0.03713	0.00853	0.00621	0.00200	0.00681	0.00667	0.07806	0.06336
3	0.01664	0.01402	0.01954	0.05570	0.14304	0.01323	0.05328	0.06610	0.04650	0.06292	0.01400	0.01636	0.01111	0.00645	0.00715	0.00166	0.05763	0.00536	0.00434	0.38497
4	0.00955	0.00667	0.00854	0.00881	0.00948	0.00675	0.00596	0.01052	0.01186	0.01601	0.07509	0.17556	0.08852	0.29074	0.18812	0.05819	0.00831	0.01143	0.00480	0.00509
5	0.01388	0.01377	0.08402	0.46563	0.08321	0.01386	0.01737	0.01823	0.01399	0.06408	0.01580	0.02075	0.03339	0.01278	0.09787	0.00334	0.00990	0.00646	0.00359	0.00807
6	0.01001	0.00716	0.01014	0.01014	0.01120	0.00811	0.00762	0.01213	0.01107	0.01615	0.01909	0.02951	0.01832	0.15627	0.57591	0.00968	0.01550	0.00766	0.05852	0.00583
7	0.01005	0.00762	0.01031	0.05927	0.06782	0.00739	0.00817	0.01239	0.01500	0.02058	0.14734	0.31802	0.15204	0.01590	0.00786	0.00240	0.00444	0.03964	0.08737	0.00640
8	0.02079	0.01184	0.01409	0.01175	0.01549	0.01195	0.00930	0.15553	0.11919	0.25146	0.14305	0.07220	0.02670	0.03822	0.00809	0.00231	0.00538	0.00864	0.06441	0.00961
9	0.05160	0.01862	0.01593	0.01339	0.01742	0.19965	0.01055	0.23114	0.07395	0.06673	0.01705	0.01796	0.01286	0.00770	0.00605	0.00185	0.00739	0.00569	0.16742	0.05707
10	0.05902	0.13943	0.21232	0.01456	0.02131	0.01602	0.05248	0.08779	0.04232	0.02412	0.04392	0.01611	0.01236	0.00656	0.00586	0.00174	0.00735	0.00519	0.00408	0.22745
11	0.03735	0.05991	0.14903	0.04752	0.11188	0.17233	0.04973	0.06476	0.03882	0.02126	0.01906	0.10022	0.05655	0.01041	0.02945	0.00238	0.00897	0.00752	0.00417	0.00868
12	0.05245	0.05322	0.01422	0.01120	0.01434	0.04166	0.00863	0.16785	0.09144	0.08803	0.06771	0.03223	0.09856	0.19482	0.03142	0.00342	0.00655	0.00835	0.00579	0.00811
13	0.11198	0.01796	0.07562	0.04503	0.14542	0.11088	0.08885	0.06394	0.05097	0.05420	0.01768	0.11828	0.01606	0.00923	0.00726	0.00223	0.02653	0.02446	0.00456	0.00886
14	0.04402	0.06194	0.14021	0.05823	0.11895	0.03725	0.03322	0.16354	0.03836	0.09893	0.01709	0.07351	0.01397	0.00955	0.02932	0.00236	0.00804	0.00683	0.00491	0.03977
15	0.04803	0.06176	0.10188	0.01564	0.05435	0.07443	0.06430	0.11443	0.01799	0.09040	0.07150	0.18921	0.04488	0.01115	0.00715	0.00221	0.00707	0.00959	0.00539	0.00863

[dist]
# distance from previous block
# <min> <max>
2	11

[block]
# block no. 6 follows, 31 sequences, length 10
# corresponding to MSA columns:
# 361-370
name=unknown_G
#
# <colnr> <probs for GDERKNQSTAVLIFYWHMCP>
#	G	D	E	R	K	N	Q	S	T	A	V	L	I	F	Y	W	H	M	C	P
0	0.01226	0.04461	0.01208	0.04315	0.01397	0.06927	0.00847	0.06872	0.01572	0.02012	0.08098	0.38191	0.06196	0.05671	0.03806	0.00303	0.00610	0.05059	0.00572	0.00656
1	0.04283	0.08188	0.10817	0.05572	0.15014	0.21454	0.07626	0.07278	0.01691	0.02116	0.01171	0.01468	0.00950	0.00718	0.00810	0.00207	0.08829	0.00541	0.00356	0.00910
2	0.01130	0.00610	0.00858	0.00864	0.00902	0.00596	0.00587	0.00960	0.01054	0.01427	0.05618	0.06728	0.07545	0.02177	0.02206	0.60621	0.00534	0.00777	0.04437	0.00371
3	0.01484	0.04179	0.01893	0.07689	0.24934	0.03085	0.01370	0.02226	0.19381	0.02271	0.05637	0.05749	0.10953	0.00970	0.00704	0.00216	0.00643	0.02515	0.00506	0.03594
4	0.01448	0.02014	0.26333	0.09621	0.07857	0.01314	0.05440	0.01993	0.03590	0.06036	0.01592	0.06846	0.01328	0.01090	0.06251	0.00270	0.00885	0.00660	0.00392	0.15040
5	0.01097	0.00906	0.01250	0.01332	0.04989	0.01036	0.00947	0.01252	0.01242	0.01718	0.02704	0.30506	0.04979	0.12359	0.05347	0.00379	0.18222	0.08618	0.00494	0.00622
6	0.03875	0.05430	0.39568	0.02229	0.15005	0.01633	0.05278	0.06886	0.04755	0.02356	0.01559	0.01887	0.03029	0.00730	0.00666	0.00215	0.00888	0.02644	0.00371	0.00997
7	0.25254	0.08232	0.01688	0.06119	0.11633	0.04585	0.01091	0.03692	0.01511	0.06345	0.08768	0.03954	0.03427	0.00783	0.00580	0.00193	0.00619	0.00612	0.00463	0.10451
8	0.05424	0.10991	0.11393	0.07600	0.11595	0.10847	0.03315	0.08043	0.04331	0.05651	0.07080	0.01959	0.03273	0.00759	0.00636	0.00196	0.00794	0.00610	0.00442	0.05063
9	0.01502	0.05440	0.10661	0.05146	0.01876	0.08761	0.03294	0.04238	0.08845	0.05272	0.10934	0.08762	0.08513	0.05108	0.00904	0.00245	0.02488	0.04588	0.00523	0.02900

[dist]
# distance from previous block
# <min> <max>
0	22

[block]
# block no. 7 follows, 31 sequences, length 15
# corresponding to MSA columns:
# 393-397,404-413
name=unknown_H
#
# <colnr> <probs for GDERKNQSTAVLIFYWHMCP>
#	G	D	E	R	K	N	Q	S	T	A	V	L	I	F	Y	W	H	M	C	P
0	0.00937	0.00729	0.00842	0.00864	0.01047	0.00664	0.00649	0.03794	0.01631	0.02084	0.15997	0.21829	0.37156	0.01750	0.00830	0.00245	0.00395	0.07291	0.00656	0.00611
1	0.01432	0.01286	0.01450	0.01184	0.01530	0.05894	0.00922	0.03879	0.01366	0.01976	0.01438	0.04780	0.01374	0.10747	0.07453	0.00307	0.13092	0.00610	0.00400	0.38880
2	0.72358	0.01315	0.01162	0.01012	0.01431	0.01496	0.04519	0.01967	0.01197	0.02954	0.01119	0.04926	0.00949	0.00708	0.00467	0.00216	0.00557	0.00474	0.00430	0.00742
3	0.60508	0.01404	0.01232	0.01040	0.01494	0.01578	0.00858	0.13088	0.01575	0.10009	0.01235	0.01316	0.00902	0.00686	0.00492	0.00211	0.00571	0.00441	0.00507	0.00851
4	0.80789	0.01323	0.01006	0.00900	0.01323	0.01535	0.00741	0.02011	0.01164	0.03070	0.00953	0.01111	0.00741	0.00635	0.00423	0.00212	0.00529	0.00370	0.00423	0.00741
5	0.01269	0.01137	0.00994	0.00970	0.01046	0.13834	0.00626	0.01327	0.01190	0.01432	0.02007	0.07153	0.02229	0.52857	0.08651	0.00593	0.00851	0.00918	0.00410	0.00506
6	0.13243	0.01253	0.01500	0.01213	0.01697	0.01231	0.00987	0.03222	0.17012	0.47510	0.02483	0.02214	0.01653	0.00836	0.00654	0.00216	0.00566	0.00664	0.00756	0.01089
7	0.01534	0.01316	0.01938	0.12264	0.15273	0.04637	0.08829	0.06226	0.03852	0.06185	0.05571	0.18060	0.02265	0.04070	0.00856	0.00246	0.00726	0.02975	0.00496	0.02682
8	0.03788	0.04378	0.02535	0.06378	0.19073	0.07929	0.18397	0.05269	0.11783	0.03884	0.01929	0.04901	0.05057	0.00794	0.00708	0.00216	0.00842	0.00751	0.00447	0.00942
9	0.00856	0.00617	0.00792	0.00922	0.00978	0.00576	0.00621	0.00975	0.01310	0.01726	0.03876	0.60689	0.09885	0.09092	0.01117	0.00312	0.00426	0.04070	0.00614	0.00547
10	0.00998	0.00733	0.00960	0.00956	0.01012	0.00807	0.00665	0.01114	0.01080	0.01494	0.02236	0.09654	0.04284	0.36595	0.29374	0.00761	0.05371	0.00966	0.00415	0.00524
11	0.04821	0.08504	0.16525	0.07307	0.14238	0.16185	0.05535	0.02312	0.07235	0.04259	0.01499	0.05871	0.01254	0.00762	0.00651	0.00206	0.00894	0.00629	0.00391	0.00919
12	0.03522	0.01019	0.01201	0.01224	0.05358	0.03334	0.00856	0.03883	0.08458	0.10928	0.10418	0.20467	0.14455	0.05572	0.04356	0.00299	0.02108	0.01167	0.00618	0.00759
13	0.05269	0.00668	0.00760	0.00821	0.00931	0.00661	0.00579	0.01280	0.01356	0.02127	0.06140	0.32026	0.03181	0.08886	0.00965	0.00268	0.00407	0.03602	0.29485	0.00588
14	0.03636	0.06124	0.09964	0.01605	0.06591	0.07507	0.05387	0.13895	0.10361	0.02580	0.07969	0.08222	0.08676	0.00995	0.00692	0.00213	0.00702	0.00833	0.03153	0.00894

[dist]
# distance from previous block
# <min> <max>
0	1

[block]
# block no. 8 follows, 31 sequences, length 35
# corresponding to MSA columns:
# 415-449
name=unknown_I
#
# <colnr> <probs for GDERKNQSTAVLIFYWHMCP>
#	G	D	E	R	K	N	Q	S	T	A	V	L	I	F	Y	W	H	M	C	P
0	0.01788	0.07852	0.09702	0.08304	0.11232	0.11118	0.09147	0.07265	0.07142	0.06633	0.02017	0.04343	0.06262	0.00854	0.00690	0.00213	0.00839	0.03225	0.00456	0.00918
1	0.13582	0.11281	0.08116	0.01925	0.10557	0.17245	0.09109	0.08412	0.04272	0.04752	0.01372	0.03940	0.01121	0.00721	0.00618	0.00200	0.00870	0.00576	0.00417	0.00913
2	0.00924	0.00677	0.00803	0.00815	0.00958	0.00618	0.00587	0.01132	0.01578	0.02124	0.27813	0.16589	0.24276	0.10390	0.01121	0.00283	0.00392	0.03593	0.04744	0.00583
3	0.01587	0.01425	0.04155	0.07631	0.02076	0.02936	0.04884	0.07900	0.04248	0.04373	0.01549	0.01738	0.03107	0.00632	0.00583	0.00148	0.00631	0.00526	0.02269	0.47601
4	0.01398	0.00763	0.00844	0.00791	0.01000	0.00760	0.00604	0.01852	0.07519	0.08180	0.15352	0.03016	0.02665	0.00926	0.00576	0.00180	0.00360	0.00767	0.51729	0.00720
5	0.01570	0.01139	0.01272	0.01165	0.01450	0.03769	0.00913	0.06564	0.20506	0.10255	0.19233	0.06480	0.07039	0.05524	0.00923	0.00259	0.00537	0.09879	0.00682	0.00839
6	0.04215	0.00833	0.00994	0.00941	0.01151	0.00808	0.00711	0.03946	0.06050	0.06925	0.33227	0.13293	0.14589	0.05303	0.00926	0.00253	0.00420	0.04035	0.00686	0.00695
7	0.00858	0.00611	0.00789	0.00915	0.00959	0.00573	0.00603	0.00971	0.01299	0.01730	0.06027	0.61689	0.06389	0.11695	0.01208	0.00324	0.00427	0.01781	0.00611	0.00541
8	0.04497	0.00692	0.00814	0.00867	0.00954	0.00676	0.00592	0.01084	0.01266	0.01730	0.06299	0.25285	0.12788	0.29082	0.04214	0.00437	0.00558	0.07097	0.00541	0.00528
9	0.01396	0.01250	0.01917	0.16024	0.27635	0.03334	0.01572	0.01749	0.01470	0.02010	0.01961	0.05989	0.01895	0.01350	0.06358	0.00305	0.03360	0.15748	0.03852	0.00825
10	0.00986	0.00700	0.00935	0.00935	0.01000	0.00766	0.00650	0.01116	0.01051	0.01466	0.01983	0.03522	0.02073	0.38172	0.40700	0.00896	0.01287	0.00855	0.00389	0.00519
11	0.01145	0.00687	0.00767	0.00765	0.00924	0.00673	0.00566	0.01505	0.04503	0.02491	0.20252	0.11584	0.06391	0.01149	0.00630	0.00193	0.00339	0.00979	0.43808	0.00647
12	0.02211	0.01700	0.01781	0.01453	0.01881	0.05615	0.01164	0.50525	0.02711	0.03588	0.01987	0.14369	0.01754	0.01265	0.04468	0.00262	0.00773	0.00841	0.00642	0.01010
13	0.01420	0.11218	0.65155	0.01868	0.02834	0.01707	0.02385	0.02154	0.01439	0.02108	0.01199	0.01408	0.00868	0.00643	0.00628	0.00209	0.00982	0.00491	0.00289	0.00997
14	0.80789	0.01323	0.01006	0.00900	0.01323	0.01535	0.00741	0.02011	0.01164	0.03070	0.00953	0.01111	0.00741	0.00635	0.00423	0.00212	0.00529	0.00370	0.00423	0.00741
15	0.01829	0.69268	0.03358	0.01166	0.01719	0.05511	0.01140	0.02052	0.01415	0.01663	0.01024	0.01181	0.00925	0.00602	0.00448	0.00148	0.00730	0.00384	0.04574	0.00862
16	0.02556	0.03261	0.01939	0.01763	0.02115	0.73210	0.01322	0.02732	0.01939	0.01674	0.01058	0.01234	0.00881	0.00705	0.00617	0.00176	0.01234	0.00441	0.00353	0.00793
17	0.01566	0.01217	0.01485	0.16615	0.02181	0.01321	0.01123	0.17185	0.11900	0.05535	0.09997	0.03593	0.18899	0.01124	0.00737	0.00225	0.00604	0.03233	0.00605	0.00855
18	0.01701	0.05384	0.05965	0.01266	0.01818	0.03932	0.03734	0.07501	0.10255	0.08005	0.04232	0.02036	0.04983	0.00727	0.00606	0.00162	0.00617	0.00593	0.00505	0.35976
19	0.01766	0.66249	0.13148	0.01279	0.01923	0.02552	0.01359	0.02065	0.01398	0.01687	0.00990	0.01146	0.00876	0.00594	0.00468	0.00156	0.00770	0.00385	0.00292	0.00896
20	0.07019	0.01230	0.01594	0.01228	0.01754	0.01118	0.01015	0.08337	0.02014	0.63413	0.02528	0.02214	0.01604	0.00834	0.00674	0.00211	0.00593	0.00666	0.00813	0.01143
21	0.01150	0.00955	0.04814	0.01014	0.01247	0.00833	0.00825	0.05570	0.05144	0.03904	0.17563	0.21116	0.16147	0.01641	0.03199	0.00267	0.00501	0.06800	0.06616	0.00695
22	0.01536	0.07228	0.10272	0.05480	0.02155	0.01300	0.12930	0.02069	0.07851	0.10158	0.04069	0.12933	0.02311	0.01126	0.00751	0.00239	0.00724	0.12560	0.03463	0.00845
23	0.00909	0.00655	0.00826	0.00939	0.01034	0.00615	0.00681	0.01072	0.01381	0.01815	0.04090	0.42656	0.15445	0.08012	0.01075	0.00304	0.00452	0.14079	0.03395	0.00565
24	0.01500	0.00849	0.01069	0.00997	0.01245	0.00787	0.00756	0.01845	0.06745	0.19839	0.18054	0.21929	0.14446	0.03372	0.00858	0.00248	0.00446	0.03533	0.00712	0.00770
25	0.01943	0.08798	0.05416	0.14396	0.13141	0.13101	0.06261	0.11698	0.01832	0.08026	0.01644	0.01864	0.03873	0.00737	0.00653	0.00200	0.00854	0.00611	0.04029	0.00926
26	0.03406	0.01460	0.11143	0.04533	0.14254	0.01281	0.01379	0.09952	0.01578	0.02241	0.04355	0.12395	0.02021	0.04487	0.15696	0.00425	0.03882	0.04240	0.00452	0.00820
27	0.00971	0.00723	0.00893	0.00967	0.01075	0.00705	0.00673	0.03303	0.06573	0.02015	0.11540	0.51995	0.09526	0.04484	0.00933	0.00275	0.00416	0.01664	0.00647	0.00620
28	0.02239	0.22214	0.02295	0.01509	0.01921	0.41543	0.01216	0.09101	0.01887	0.01956	0.04270	0.01532	0.01217	0.03508	0.00691	0.00191	0.00991	0.00495	0.00390	0.00832
29	0.06543	0.05730	0.21012	0.02184	0.12671	0.05489	0.13184	0.04507	0.04194	0.08414	0.01437	0.01686	0.01090	0.00893	0.03989	0.00255	0.04761	0.00599	0.00400	0.00962
30	0.01049	0.00624	0.00843	0.00870	0.00923	0.00607	0.00592	0.00989	0.01147	0.01550	0.07315	0.17049	0.09080	0.07643	0.05005	0.39111	0.00560	0.01017	0.03592	0.00434
31	0.01059	0.00750	0.00953	0.01091	0.05066	0.00722	0.00724	0.04638	0.01480	0.02041	0.05998	0.39781	0.13306	0.01728	0.00886	0.04543	0.00434	0.02905	0.11273	0.00622
32	0.08832	0.09138	0.06580	0.08718	0.11757	0.15739	0.08575	0.05966	0.01646	0.04815	0.01469	0.04898	0.01277	0.00808	0.00709	0.00212	0.03397	0.04183	0.00405	0.00875
33	0.06132	0.07310	0.04806	0.00987	0.01257	0.00978	0.00808	0.01459	0.05562	0.02077	0.12878	0.20111	0.16415	0.07023	0.00943	0.00260	0.00492	0.04722	0.00565	0.05215
34	0.01227	0.00997	0.01176	0.05006	0.07211	0.06527	0.00862	0.01413	0.01425	0.04440	0.12754	0.19498	0.05303	0.20904	0.05383	0.00393	0.00674	0.03648	0.00524	0.00635

[dist]
# distance from previous block
# <min> <max>
1	10

[block]
# block no. 9 follows, 31 sequences, length 22
# corresponding to MSA columns:
# 489-498,501-512
name=unknown_J
#
# <colnr> <probs for GDERKNQSTAVLIFYWHMCP>
#	G	D	E	R	K	N	Q	S	T	A	V	L	I	F	Y	W	H	M	C	P
0	0.01547	0.03502	0.01556	0.03911	0.09074	0.07263	0.03460	0.07703	0.06491	0.05474	0.04210	0.08917	0.07649	0.15967	0.01263	0.00306	0.00677	0.04810	0.03894	0.02326
1	0.01767	0.12672	0.07085	0.04734	0.19067	0.10104	0.05503	0.08839	0.04718	0.02331	0.03399	0.01919	0.03260	0.00732	0.00624	0.00192	0.00780	0.00610	0.10745	0.00917
2	0.00880	0.00629	0.00784	0.00868	0.00950	0.00579	0.00588	0.00979	0.01341	0.01749	0.08389	0.44075	0.18419	0.08565	0.01234	0.06824	0.00421	0.01599	0.00595	0.00532
3	0.01437	0.01491	0.10871	0.05279	0.20411	0.01240	0.01407	0.04850	0.08319	0.05703	0.08652	0.03505	0.19624	0.01063	0.00730	0.00221	0.00639	0.03148	0.00524	0.00887
4	0.01088	0.00895	0.01299	0.01196	0.03307	0.00871	0.07494	0.01321	0.01450	0.01966	0.13729	0.04342	0.20956	0.08860	0.10137	0.03982	0.03826	0.05489	0.03375	0.04415
5	0.01419	0.01216	0.01419	0.01013	0.01621	0.00912	0.00811	0.01723	0.01419	0.02229	0.01216	0.01419	0.01013	0.00507	0.00507	0.00101	0.00507	0.00405	0.00405	0.80139
6	0.01681	0.01447	0.01665	0.01453	0.06481	0.04428	0.01084	0.17353	0.01860	0.02598	0.05520	0.02239	0.08891	0.00863	0.00839	0.00181	0.10256	0.00650	0.00492	0.30018
7	0.02457	0.01862	0.02059	0.01603	0.02079	0.02118	0.01326	0.60579	0.02934	0.03964	0.01546	0.01624	0.01129	0.00870	0.00888	0.00218	0.10388	0.00614	0.00634	0.01109
8	0.01188	0.00594	0.00891	0.00891	0.00891	0.00594	0.00594	0.00891	0.00891	0.01188	0.01188	0.02080	0.01188	0.02377	0.02674	0.80095	0.00594	0.00594	0.00297	0.00297
9	0.01873	0.02034	0.05493	0.03316	0.46276	0.16373	0.04290	0.05415	0.01725	0.02231	0.03635	0.01707	0.01217	0.00667	0.00673	0.00200	0.00901	0.00599	0.00370	0.01004
10	0.01137	0.00863	0.01110	0.01066	0.01133	0.00991	0.00772	0.04434	0.01209	0.01714	0.02140	0.15783	0.02313	0.28110	0.17410	0.00581	0.13133	0.01003	0.04514	0.00584
11	0.00973	0.00732	0.00904	0.00976	0.01086	0.00724	0.00681	0.01356	0.10410	0.02029	0.13887	0.49408	0.07316	0.04972	0.00948	0.00277	0.00414	0.01624	0.00652	0.00633
12	0.01197	0.01007	0.00931	0.00908	0.00964	0.10131	0.00569	0.01240	0.01127	0.01393	0.01986	0.03906	0.02214	0.60294	0.08879	0.00636	0.00834	0.00901	0.00402	0.00480
13	0.70442	0.01612	0.10309	0.01037	0.01536	0.01542	0.00974	0.02031	0.01201	0.02952	0.00988	0.01155	0.00757	0.00637	0.00453	0.00212	0.00592	0.00388	0.00406	0.00776
14	0.10627	0.02616	0.01905	0.04406	0.08704	0.47066	0.01335	0.06613	0.04972	0.03860	0.01228	0.01397	0.00979	0.00708	0.00614	0.00189	0.01032	0.00487	0.00405	0.00859
15	0.01707	0.09969	0.03426	0.01152	0.01652	0.03225	0.00985	0.06729	0.01644	0.10632	0.01909	0.04159	0.02958	0.00840	0.00610	0.00169	0.00596	0.09204	0.03208	0.35226
16	0.01538	0.01156	0.01384	0.01066	0.01536	0.00997	0.00847	0.04765	0.03885	0.08756	0.12409	0.02328	0.03745	0.02653	0.00744	0.00164	0.03847	0.00630	0.00522	0.47027
17	0.01583	0.01218	0.01466	0.01113	0.01615	0.01046	0.02854	0.05479	0.07766	0.07604	0.01621	0.02014	0.01363	0.10420	0.00944	0.00204	0.00568	0.00560	0.00479	0.50081
18	0.01220	0.03766	0.09904	0.13850	0.03735	0.01130	0.04138	0.05836	0.01553	0.02096	0.07986	0.24789	0.06857	0.01416	0.02910	0.00262	0.00681	0.03931	0.00503	0.03437
19	0.09273	0.13693	0.18258	0.01642	0.02198	0.09426	0.11576	0.04936	0.04665	0.02177	0.01688	0.12079	0.01567	0.00904	0.00660	0.00215	0.00835	0.02930	0.00413	0.00860
20	0.00947	0.00751	0.00874	0.00873	0.01090	0.00650	0.00658	0.01143	0.01484	0.01923	0.08025	0.20704	0.33172	0.04829	0.00914	0.00253	0.00427	0.09741	0.00601	0.10942
21	0.00980	0.00712	0.00992	0.00985	0.01083	0.00782	0.00724	0.01177	0.01184	0.01677	0.10963	0.03427	0.02513	0.21418	0.47285	0.00881	0.01359	0.00861	0.00428	0.00569

[dist]
# distance from previous block
# <min> <max>
0	1

# created by:
# /home/cegg/simao/soft/augustus-3.2.1/scripts/msa2prfl.pl ./align_prep/EOG090W0F8P.fa
