[name]
unknown

[dist]
# distance from previous block
# <min> <max>
0	59

[block]
# block no. 0 follows, 33 sequences, length 29
# corresponding to MSA columns:
# 60-88
name=unknown_A
#
# <colnr> <probs for GDERKNQSTAVLIFYWHMCP>
#	G	D	E	R	K	N	Q	S	T	A	V	L	I	F	Y	W	H	M	C	P
0	0.01080	0.01054	0.09273	0.01275	0.01517	0.00851	0.01197	0.01430	0.01464	0.01947	0.03083	0.06344	0.03278	0.01939	0.06897	0.00354	0.00743	0.55080	0.00548	0.00646
1	0.02733	0.01235	0.01632	0.01272	0.01725	0.01203	0.01052	0.10299	0.01916	0.57628	0.02291	0.02079	0.01488	0.00850	0.00832	0.00213	0.09097	0.00645	0.00738	0.01075
2	0.01569	0.01797	0.10500	0.11657	0.46682	0.03853	0.10319	0.02019	0.01485	0.02068	0.01229	0.01621	0.00990	0.00598	0.00663	0.00202	0.00866	0.00593	0.00318	0.00972
3	0.00954	0.00650	0.00780	0.00780	0.00802	0.00672	0.00476	0.00997	0.00976	0.01322	0.02017	0.03994	0.02257	0.63726	0.16302	0.00715	0.00844	0.00911	0.00390	0.00433
4	0.01839	0.68852	0.03270	0.01191	0.01729	0.10729	0.01143	0.02046	0.01398	0.01556	0.00927	0.01071	0.00845	0.00576	0.00442	0.00144	0.00759	0.00360	0.00288	0.00836
5	0.00852	0.00641	0.00901	0.09353	0.01361	0.00640	0.00749	0.01003	0.01267	0.01681	0.03350	0.67963	0.03960	0.01903	0.00820	0.00262	0.00438	0.01726	0.00575	0.00557
6	0.01787	0.01381	0.01493	0.01321	0.01708	0.01561	0.01034	0.03465	0.63663	0.10747	0.02670	0.02432	0.01966	0.00884	0.00669	0.00221	0.00525	0.00735	0.00686	0.01051
7	0.04104	0.01209	0.01482	0.13165	0.01981	0.01311	0.01052	0.18294	0.06012	0.11698	0.01763	0.02150	0.01394	0.08912	0.04992	0.00288	0.03579	0.00635	0.09595	0.06385
8	0.01223	0.01100	0.01721	0.24961	0.22816	0.01173	0.01398	0.01612	0.03657	0.02024	0.14116	0.08043	0.11494	0.00990	0.00705	0.00214	0.00638	0.00887	0.00450	0.00776
9	0.01494	0.01672	0.01206	0.01173	0.01410	0.30704	0.00882	0.01667	0.01616	0.01713	0.03630	0.14568	0.27114	0.01334	0.00723	0.00215	0.00714	0.07024	0.00500	0.00642
10	0.45604	0.01021	0.00913	0.00833	0.01149	0.01115	0.00662	0.01838	0.01305	0.08615	0.06460	0.06325	0.01620	0.00804	0.00493	0.00196	0.00444	0.00592	0.19304	0.00707
11	0.01530	0.01701	0.03572	0.02551	0.03207	0.01567	0.61734	0.02053	0.01530	0.02113	0.01312	0.01725	0.00996	0.00547	0.00741	0.00207	0.01033	0.00729	0.00340	0.10812
12	0.00943	0.00694	0.00998	0.00998	0.01095	0.00791	0.00749	0.01137	0.01040	0.01484	0.01818	0.02888	0.01777	0.17537	0.61835	0.00984	0.01566	0.00749	0.00361	0.00555
13	0.00802	0.00573	0.00764	0.00917	0.00955	0.00535	0.00611	0.00917	0.01260	0.01681	0.03628	0.76434	0.04354	0.02062	0.00840	0.00267	0.00382	0.01872	0.00611	0.00535
14	0.01760	0.77260	0.03450	0.01126	0.01690	0.02605	0.01126	0.01971	0.01338	0.01549	0.00915	0.01056	0.00845	0.00563	0.00422	0.00141	0.00704	0.00352	0.00282	0.00845
15	0.01264	0.01192	0.02013	0.71375	0.08275	0.01468	0.01839	0.01701	0.01326	0.01708	0.01174	0.01748	0.00887	0.00654	0.00658	0.00218	0.00872	0.00585	0.00294	0.00748
16	0.01440	0.01440	0.02016	0.01728	0.01728	0.02016	0.01440	0.01584	0.01008	0.01584	0.00864	0.01440	0.00864	0.01152	0.02160	0.00288	0.75659	0.00576	0.00288	0.00720
17	0.00802	0.00573	0.00764	0.00917	0.00955	0.00535	0.00611	0.00917	0.01260	0.01681	0.03628	0.76434	0.04354	0.02062	0.00840	0.00267	0.00382	0.01872	0.00611	0.00535
18	0.01132	0.00892	0.01048	0.00971	0.01194	0.00918	0.00739	0.01893	0.22449	0.02627	0.48201	0.04268	0.08595	0.01230	0.00745	0.00213	0.00374	0.01070	0.00702	0.00742
19	0.00946	0.00633	0.00721	0.00733	0.00736	0.00631	0.00415	0.00954	0.00980	0.01306	0.02190	0.09657	0.02539	0.71316	0.03165	0.00611	0.00619	0.01025	0.00415	0.00409
20	0.01365	0.01170	0.01365	0.00975	0.01560	0.00878	0.00780	0.01658	0.01365	0.02145	0.01170	0.01365	0.00975	0.00488	0.00488	0.00098	0.00488	0.00390	0.00390	0.80888
21	0.00849	0.00637	0.00857	0.00977	0.01012	0.00645	0.00673	0.00966	0.01242	0.01673	0.03423	0.70872	0.04095	0.01995	0.00938	0.00269	0.05965	0.01775	0.00587	0.00548
22	0.00820	0.00586	0.00784	0.00937	0.00983	0.00550	0.00642	0.00948	0.01278	0.01701	0.03619	0.71657	0.04315	0.02046	0.00845	0.00270	0.00397	0.06472	0.00611	0.00540
23	0.01320	0.03405	0.73453	0.01876	0.02849	0.01529	0.02432	0.02085	0.01390	0.02085	0.01181	0.01390	0.00834	0.00625	0.00625	0.00208	0.00973	0.00486	0.00278	0.00973
24	0.00957	0.00638	0.00718	0.00718	0.00718	0.00638	0.00399	0.00957	0.00957	0.01276	0.02074	0.04308	0.02393	0.76864	0.03351	0.00638	0.00638	0.00957	0.00399	0.00399
25	0.00802	0.00573	0.00764	0.00917	0.00955	0.00535	0.00611	0.00917	0.01260	0.01681	0.03628	0.76434	0.04354	0.02062	0.00840	0.00267	0.00382	0.01872	0.00611	0.00535
26	0.02157	0.01333	0.01506	0.01222	0.01619	0.01399	0.00982	0.36905	0.02336	0.17048	0.02145	0.11840	0.01743	0.00961	0.00651	0.00201	0.00579	0.00780	0.13634	0.00960
27	0.15467	0.01225	0.01613	0.01244	0.01741	0.01154	0.05985	0.06907	0.01796	0.48635	0.04177	0.02034	0.01522	0.00769	0.00628	0.00202	0.00593	0.00625	0.00691	0.02993
28	0.01629	0.01564	0.02672	0.04041	0.72757	0.01564	0.02020	0.02020	0.01499	0.02151	0.01238	0.01629	0.01043	0.00587	0.00652	0.00196	0.00782	0.00587	0.00326	0.01043

[dist]
# distance from previous block
# <min> <max>
0	34

[block]
# block no. 1 follows, 33 sequences, length 35
# corresponding to MSA columns:
# 123-157
name=unknown_B
#
# <colnr> <probs for GDERKNQSTAVLIFYWHMCP>
#	G	D	E	R	K	N	Q	S	T	A	V	L	I	F	Y	W	H	M	C	P
0	0.07250	0.13799	0.31812	0.04643	0.07825	0.03816	0.10551	0.08908	0.01573	0.02252	0.01181	0.01411	0.00894	0.00622	0.00604	0.00197	0.00880	0.00514	0.00339	0.00929
1	0.00880	0.00744	0.00770	0.00750	0.00982	0.00673	0.00566	0.01233	0.08736	0.01954	0.12002	0.05813	0.59454	0.01560	0.00767	0.00221	0.00351	0.01306	0.00627	0.00611
2	0.00943	0.00696	0.01011	0.01011	0.01112	0.00797	0.00764	0.01145	0.01044	0.01493	0.01807	0.02825	0.01750	0.14924	0.64411	0.01000	0.01607	0.00740	0.00359	0.00562
3	0.02024	0.49413	0.02862	0.01330	0.01819	0.25525	0.01180	0.05905	0.01602	0.01710	0.00984	0.01127	0.00861	0.00612	0.00490	0.00153	0.00860	0.00388	0.00321	0.00834
4	0.01481	0.02363	0.30890	0.02737	0.20456	0.01586	0.26695	0.02077	0.01476	0.02110	0.01250	0.01588	0.00945	0.00590	0.00686	0.00210	0.00975	0.00616	0.00310	0.00960
5	0.02000	0.05918	0.02332	0.04642	0.05849	0.28997	0.14262	0.09485	0.11816	0.02154	0.01376	0.01570	0.01082	0.00712	0.00727	0.00198	0.05016	0.00572	0.00410	0.00878
6	0.01534	0.21866	0.43885	0.01586	0.02360	0.01803	0.01870	0.09198	0.01583	0.02198	0.05333	0.01532	0.01182	0.00669	0.00586	0.00190	0.00840	0.00505	0.00345	0.00935
7	0.00849	0.00639	0.00793	0.00904	0.00991	0.00605	0.00620	0.01079	0.05597	0.01761	0.04040	0.61091	0.14726	0.01930	0.00820	0.00258	0.00383	0.01728	0.00615	0.00569
8	0.00802	0.00573	0.00764	0.00917	0.00955	0.00535	0.00611	0.00917	0.01260	0.01681	0.03628	0.76434	0.04354	0.02062	0.00840	0.00267	0.00382	0.01872	0.00611	0.00535
9	0.01576	0.01992	0.12844	0.02725	0.17807	0.05925	0.33688	0.02051	0.01469	0.02019	0.01214	0.01614	0.00960	0.00654	0.00894	0.00220	0.10475	0.00650	0.00319	0.00904
10	0.05243	0.00946	0.01245	0.01036	0.01369	0.00880	0.00811	0.02317	0.01587	0.41879	0.09187	0.02843	0.02171	0.13873	0.11230	0.00393	0.00712	0.00756	0.00658	0.00864
11	0.01364	0.01347	0.04126	0.02961	0.49073	0.01259	0.01574	0.01698	0.01496	0.02037	0.02873	0.03040	0.22561	0.00913	0.00689	0.00204	0.00652	0.00826	0.00410	0.00894
12	0.00938	0.00724	0.01001	0.01247	0.08182	0.00703	0.00776	0.01187	0.05137	0.01845	0.07544	0.60560	0.04009	0.01808	0.00808	0.00254	0.00425	0.01640	0.00593	0.00618
13	0.01570	0.40061	0.30461	0.01466	0.02166	0.02018	0.03757	0.02009	0.01364	0.03686	0.01122	0.01323	0.00910	0.00831	0.04526	0.00221	0.00875	0.00445	0.00300	0.00889
14	0.01073	0.00923	0.00949	0.00898	0.01171	0.00927	0.00686	0.01820	0.25528	0.02113	0.05301	0.05005	0.48321	0.01402	0.00741	0.00223	0.00398	0.01168	0.00631	0.00723
15	0.00839	0.00612	0.00789	0.00865	0.00957	0.00563	0.00603	0.01018	0.01466	0.01979	0.24654	0.47875	0.11731	0.01807	0.00815	0.00245	0.00356	0.01618	0.00645	0.00563
16	0.02486	0.02341	0.01933	0.01584	0.02039	0.29771	0.01259	0.44464	0.02623	0.03174	0.01364	0.01429	0.01015	0.00747	0.00634	0.00187	0.00902	0.00528	0.00536	0.00983
17	0.01717	0.01592	0.02602	0.03788	0.65681	0.01612	0.01943	0.08879	0.01659	0.02351	0.01273	0.01624	0.01050	0.00607	0.00652	0.00196	0.00776	0.00587	0.00359	0.01050
18	0.01637	0.01414	0.01489	0.01340	0.01712	0.01637	0.01042	0.03498	0.71568	0.02754	0.02679	0.02456	0.02010	0.00893	0.00670	0.00223	0.00521	0.00744	0.00670	0.01042
19	0.02164	0.02651	0.01709	0.01561	0.01835	0.58653	0.01166	0.02319	0.01681	0.01571	0.01161	0.01598	0.01052	0.08586	0.05455	0.00277	0.05001	0.00502	0.00343	0.00714
20	0.01061	0.00758	0.01061	0.01212	0.01364	0.00758	0.01061	0.01364	0.01515	0.01970	0.03486	0.07426	0.03789	0.01819	0.00909	0.00303	0.00606	0.68326	0.00606	0.00606
21	0.00840	0.00661	0.00759	0.00752	0.00932	0.00579	0.00557	0.01058	0.01620	0.02105	0.32024	0.12100	0.40511	0.01578	0.00783	0.00220	0.00329	0.01355	0.00656	0.00579
22	0.01760	0.77260	0.03450	0.01126	0.01690	0.02605	0.01126	0.01971	0.01338	0.01549	0.00915	0.01056	0.00845	0.00563	0.00422	0.00141	0.00704	0.00352	0.00282	0.00845
23	0.00940	0.00705	0.01058	0.01058	0.01176	0.00823	0.00823	0.01176	0.01058	0.01528	0.01763	0.02586	0.01646	0.04937	0.74255	0.01058	0.01763	0.00705	0.00353	0.00588
24	0.01859	0.01374	0.05187	0.01373	0.04906	0.01340	0.01081	0.13154	0.25804	0.16948	0.09803	0.05757	0.06531	0.00976	0.00688	0.00213	0.00557	0.00816	0.00661	0.00972
25	0.00940	0.00772	0.00888	0.00906	0.01097	0.00750	0.00712	0.01269	0.07181	0.01896	0.06587	0.12993	0.41670	0.01643	0.00864	0.00245	0.03850	0.14524	0.00603	0.00612
26	0.01745	0.74678	0.05897	0.01153	0.01730	0.02567	0.01172	0.01975	0.01339	0.01568	0.00925	0.01068	0.00844	0.00565	0.00430	0.00143	0.00713	0.00357	0.00281	0.00849
27	0.00919	0.00771	0.00811	0.00783	0.01016	0.00714	0.00593	0.01340	0.11195	0.02040	0.15811	0.05593	0.53022	0.01513	0.00763	0.00220	0.00356	0.01271	0.00636	0.00632
28	0.01213	0.01106	0.01848	0.49921	0.10067	0.01283	0.04111	0.01563	0.01323	0.01718	0.01763	0.09510	0.05639	0.00938	0.00791	0.04598	0.00778	0.00769	0.00348	0.00712
29	0.01589	0.01691	0.09905	0.08246	0.38478	0.01532	0.08684	0.06991	0.05874	0.02297	0.01456	0.01872	0.01176	0.00668	0.00661	0.00204	0.00793	0.02415	0.04500	0.00969
30	0.09413	0.01516	0.06825	0.24112	0.03184	0.01481	0.26888	0.03590	0.04046	0.02114	0.01524	0.04301	0.01280	0.00757	0.00700	0.00226	0.00880	0.05982	0.00375	0.00807
31	0.00909	0.08255	0.01043	0.00930	0.01031	0.00750	0.00664	0.01051	0.01321	0.01752	0.09442	0.62564	0.04167	0.01849	0.00793	0.00249	0.00408	0.01659	0.00588	0.00573
32	0.05435	0.01327	0.01306	0.01201	0.01437	0.15998	0.00933	0.01665	0.01298	0.04960	0.01548	0.03565	0.01391	0.02995	0.40154	0.00649	0.04449	0.00615	0.00380	0.08694
33	0.01326	0.01206	0.01297	0.04886	0.01621	0.08167	0.00880	0.01580	0.01408	0.01958	0.01880	0.16736	0.01916	0.00964	0.00620	0.00166	0.00569	0.07828	0.00446	0.44545
34	0.08172	0.26494	0.06809	0.01316	0.03812	0.09805	0.01142	0.11608	0.03349	0.02238	0.01269	0.04270	0.01088	0.00677	0.00527	0.00163	0.00702	0.00492	0.02498	0.13568

[dist]
# distance from previous block
# <min> <max>
0	11

[block]
# block no. 2 follows, 33 sequences, length 29
# corresponding to MSA columns:
# 169-197
name=unknown_C
#
# <colnr> <probs for GDERKNQSTAVLIFYWHMCP>
#	G	D	E	R	K	N	Q	S	T	A	V	L	I	F	Y	W	H	M	C	P
0	0.03592	0.09078	0.38913	0.01850	0.10826	0.07042	0.01811	0.01953	0.01410	0.01990	0.04314	0.01770	0.01232	0.07229	0.00839	0.00230	0.00852	0.00546	0.00327	0.04195
1	0.01290	0.04259	0.03051	0.01120	0.01355	0.05772	0.00910	0.01804	0.12359	0.05054	0.27362	0.10814	0.05670	0.01303	0.00812	0.00229	0.03768	0.11729	0.00614	0.00725
2	0.04652	0.01327	0.07537	0.01075	0.01630	0.00966	0.00942	0.01726	0.03896	0.02167	0.01457	0.04568	0.01298	0.00664	0.00543	0.00136	0.00535	0.04899	0.00413	0.59570
3	0.01387	0.12670	0.58340	0.01768	0.02604	0.01708	0.02180	0.02027	0.01350	0.01973	0.01120	0.01352	0.00838	0.00663	0.00732	0.00207	0.07389	0.00477	0.00279	0.00935
4	0.01473	0.09285	0.54153	0.01848	0.02709	0.01671	0.08061	0.07081	0.03709	0.02212	0.01248	0.01442	0.00906	0.00634	0.00625	0.00204	0.00930	0.00516	0.00323	0.00968
5	0.00851	0.00618	0.00813	0.00951	0.01029	0.00581	0.00689	0.01007	0.01333	0.01747	0.03886	0.56302	0.10635	0.01977	0.00848	0.00270	0.00421	0.14881	0.00610	0.00551
6	0.08444	0.01336	0.02080	0.02716	0.40204	0.01340	0.05339	0.03582	0.03359	0.05342	0.08978	0.02393	0.05376	0.05722	0.00834	0.00230	0.00678	0.00713	0.00432	0.00900
7	0.01867	0.03572	0.08945	0.04886	0.05887	0.15260	0.14823	0.09095	0.09678	0.09247	0.01880	0.06094	0.04149	0.00807	0.00677	0.00206	0.00846	0.00708	0.00470	0.00903
8	0.04750	0.01197	0.01970	0.68037	0.08236	0.01469	0.01791	0.01712	0.01318	0.01764	0.01163	0.01718	0.00880	0.00652	0.00647	0.00217	0.00856	0.00575	0.00299	0.00748
9	0.01283	0.01211	0.02046	0.67952	0.11553	0.01473	0.01848	0.01717	0.01335	0.01730	0.01177	0.01742	0.00895	0.00651	0.00658	0.00217	0.00868	0.00585	0.00296	0.00763
10	0.07870	0.01469	0.03562	0.01811	0.08204	0.05239	0.17935	0.05689	0.01711	0.29043	0.02116	0.06277	0.04381	0.00811	0.00681	0.00210	0.00740	0.00741	0.00562	0.00948
11	0.01514	0.08913	0.29895	0.03830	0.02330	0.12499	0.07773	0.02076	0.05476	0.02054	0.11902	0.01967	0.01727	0.00772	0.00717	0.00203	0.04495	0.00619	0.00382	0.00854
12	0.00910	0.00672	0.00850	0.00805	0.00970	0.00612	0.00604	0.01200	0.01812	0.02518	0.63091	0.05119	0.15607	0.01391	0.00777	0.00209	0.00314	0.01219	0.00709	0.00612
13	0.00845	0.00606	0.00802	0.00888	0.00964	0.00563	0.00614	0.01024	0.01458	0.01995	0.26204	0.52961	0.04964	0.01827	0.00819	0.00248	0.00359	0.01648	0.00648	0.00563
14	0.02195	0.06448	0.02220	0.01613	0.02085	0.07310	0.16703	0.07368	0.04681	0.29561	0.05465	0.03732	0.01603	0.00805	0.00762	0.00208	0.05012	0.00697	0.00576	0.00956
15	0.01490	0.02295	0.29119	0.02331	0.10340	0.01599	0.26006	0.02329	0.13485	0.02215	0.01497	0.01734	0.01116	0.00642	0.00689	0.00214	0.00923	0.00643	0.00370	0.00962
16	0.00802	0.00573	0.00764	0.00917	0.00955	0.00535	0.00611	0.00917	0.01260	0.01681	0.03628	0.76434	0.04354	0.02062	0.00840	0.00267	0.00382	0.01872	0.00611	0.00535
17	0.08127	0.01644	0.08641	0.05082	0.20311	0.01507	0.21432	0.07892	0.01604	0.02360	0.04068	0.02133	0.01377	0.00733	0.00717	0.00214	0.02650	0.05059	0.03557	0.00891
18	0.04505	0.08624	0.29589	0.07230	0.02443	0.01452	0.08708	0.03863	0.02977	0.12938	0.08247	0.02012	0.03059	0.00744	0.00643	0.00204	0.00786	0.00628	0.00438	0.00911
19	0.00813	0.00582	0.00774	0.00909	0.00957	0.00542	0.00612	0.00945	0.01312	0.01763	0.09569	0.70258	0.04515	0.02001	0.00835	0.00262	0.00376	0.01813	0.00621	0.00542
20	0.01584	0.04558	0.05558	0.08972	0.07899	0.05800	0.51556	0.02090	0.01535	0.02025	0.01274	0.01694	0.00972	0.00575	0.00731	0.00214	0.01054	0.00704	0.00326	0.00878
21	0.01856	0.14506	0.22362	0.01688	0.05100	0.22022	0.03409	0.06313	0.05192	0.05091	0.01398	0.05630	0.01162	0.00739	0.00607	0.00190	0.00897	0.00565	0.00384	0.00888
22	0.02011	0.02534	0.31543	0.04666	0.02372	0.16614	0.01689	0.04671	0.05655	0.19529	0.01592	0.01638	0.01110	0.00705	0.00633	0.00200	0.00879	0.00539	0.00457	0.00964
23	0.01428	0.00914	0.01051	0.00937	0.01171	0.05490	0.00720	0.01719	0.01840	0.15824	0.50632	0.04031	0.04743	0.01170	0.00725	0.00201	0.00414	0.01008	0.05258	0.00724
24	0.02072	0.06261	0.17420	0.02112	0.18292	0.01634	0.03481	0.21313	0.01987	0.16651	0.01573	0.01656	0.01123	0.00694	0.00640	0.00198	0.00767	0.00574	0.00502	0.01049
25	0.01308	0.06037	0.01411	0.00995	0.01435	0.01013	0.00802	0.03183	0.03226	0.02253	0.18433	0.02358	0.04052	0.00773	0.00638	0.00143	0.03591	0.00626	0.00478	0.47246
26	0.00821	0.00653	0.00737	0.00750	0.00924	0.00569	0.00549	0.01015	0.01552	0.01980	0.22809	0.17701	0.44309	0.01652	0.00788	0.00226	0.00336	0.01420	0.00640	0.00569
27	0.01050	0.00731	0.00952	0.01025	0.01159	0.00718	0.00779	0.01400	0.07519	0.04977	0.14434	0.38076	0.04191	0.01734	0.00825	0.00260	0.00447	0.18446	0.00642	0.00635
28	0.01843	0.12315	0.02501	0.11134	0.29200	0.04742	0.05919	0.10240	0.05680	0.08053	0.01414	0.01645	0.01096	0.00654	0.00628	0.00194	0.00780	0.00574	0.00415	0.00972

[dist]
# distance from previous block
# <min> <max>
3	6

[block]
# block no. 3 follows, 33 sequences, length 10
# corresponding to MSA columns:
# 204-213
name=unknown_D
#
# <colnr> <probs for GDERKNQSTAVLIFYWHMCP>
#	G	D	E	R	K	N	Q	S	T	A	V	L	I	F	Y	W	H	M	C	P
0	0.01177	0.03246	0.13894	0.01204	0.03946	0.00984	0.01053	0.01710	0.10237	0.05137	0.25334	0.14584	0.12388	0.01243	0.00728	0.00218	0.00504	0.01074	0.00586	0.00755
1	0.00958	0.00723	0.00970	0.05388	0.01365	0.00710	0.00895	0.01200	0.01445	0.01851	0.04016	0.22093	0.17441	0.01774	0.00853	0.00274	0.00518	0.36348	0.00590	0.00588
2	0.01657	0.01484	0.05695	0.03161	0.51715	0.01361	0.01719	0.02021	0.01539	0.10357	0.02104	0.02305	0.10451	0.00756	0.00668	0.00201	0.00707	0.00696	0.00418	0.00985
3	0.01860	0.02045	0.01959	0.02072	0.16225	0.29802	0.05371	0.02475	0.16909	0.01988	0.01542	0.01772	0.01255	0.01257	0.10273	0.00306	0.01031	0.00584	0.00410	0.00865
4	0.10043	0.00855	0.01012	0.06031	0.01422	0.00829	0.00844	0.01343	0.01456	0.02056	0.07583	0.05187	0.24668	0.01386	0.00742	0.00233	0.00499	0.23963	0.00547	0.09302
5	0.01592	0.18603	0.40904	0.01605	0.02361	0.01831	0.01837	0.10204	0.10761	0.02299	0.01367	0.01481	0.01023	0.00666	0.00592	0.00195	0.00828	0.00504	0.00374	0.00972
6	0.24429	0.01689	0.04507	0.01481	0.06609	0.06502	0.01141	0.19773	0.22116	0.03018	0.01635	0.01660	0.01228	0.00741	0.00585	0.00205	0.00650	0.00554	0.00531	0.00948
7	0.01144	0.00885	0.01211	0.01287	0.01432	0.00973	0.01109	0.01516	0.05486	0.01965	0.03096	0.06356	0.03303	0.01678	0.01059	0.00297	0.10423	0.55565	0.00568	0.00646
8	0.01367	0.01296	0.02198	0.52506	0.26345	0.01495	0.01890	0.01790	0.01375	0.01832	0.01192	0.01715	0.00930	0.00635	0.00656	0.00212	0.00847	0.00586	0.00303	0.00831
9	0.01709	0.68677	0.11585	0.01214	0.01824	0.02480	0.01278	0.01984	0.01344	0.01611	0.00946	0.01095	0.00844	0.00570	0.00446	0.00149	0.00735	0.00368	0.00281	0.00860

[dist]
# distance from previous block
# <min> <max>
0	1

[block]
# block no. 4 follows, 33 sequences, length 11
# corresponding to MSA columns:
# 215-225
name=unknown_E
#
# <colnr> <probs for GDERKNQSTAVLIFYWHMCP>
#	G	D	E	R	K	N	Q	S	T	A	V	L	I	F	Y	W	H	M	C	P
0	0.02274	0.01794	0.01847	0.01428	0.01947	0.06348	0.01165	0.52037	0.05464	0.03597	0.01520	0.01555	0.01114	0.00736	0.00626	0.00180	0.00705	0.00554	0.00594	0.14514
1	0.01600	0.01534	0.02618	0.09536	0.67495	0.01556	0.02006	0.01994	0.01485	0.02115	0.01233	0.01639	0.01030	0.00592	0.00652	0.00197	0.00789	0.00586	0.00323	0.01019
2	0.06008	0.01434	0.01631	0.01472	0.05911	0.01560	0.01106	0.15759	0.36597	0.17798	0.02286	0.02131	0.01644	0.00826	0.00652	0.00212	0.00582	0.00670	0.00665	0.01057
3	0.00828	0.00593	0.00758	0.00869	0.00921	0.00555	0.00577	0.00942	0.01271	0.01689	0.07522	0.58266	0.08766	0.11771	0.01161	0.00309	0.00408	0.01681	0.00590	0.00523
4	0.00999	0.00888	0.00879	0.00881	0.01065	0.07288	0.00662	0.01209	0.01604	0.02005	0.23820	0.15063	0.32959	0.01553	0.00779	0.00226	0.00432	0.06475	0.00618	0.00594
5	0.02193	0.02368	0.01924	0.01866	0.09328	0.39952	0.01331	0.09025	0.08830	0.05546	0.01320	0.01481	0.01051	0.00766	0.00810	0.00197	0.10205	0.00520	0.00419	0.00867
6	0.01487	0.00827	0.01096	0.00986	0.01155	0.00848	0.00726	0.01639	0.01276	0.19731	0.06263	0.03210	0.02147	0.30136	0.20676	0.00590	0.05229	0.00809	0.00506	0.00663
7	0.00802	0.00573	0.00764	0.00917	0.00955	0.00535	0.00611	0.00917	0.01260	0.01681	0.03628	0.76434	0.04354	0.02062	0.00840	0.00267	0.00382	0.01872	0.00611	0.00535
8	0.04983	0.01567	0.02531	0.01945	0.02429	0.01653	0.30381	0.10214	0.23903	0.02522	0.01778	0.01977	0.01357	0.00991	0.05371	0.00274	0.04000	0.00715	0.00479	0.00930
9	0.01630	0.18285	0.09979	0.04452	0.19927	0.01834	0.16346	0.04528	0.12494	0.02151	0.01417	0.01643	0.01119	0.00635	0.00629	0.00196	0.00814	0.00591	0.00377	0.00953
10	0.01534	0.16546	0.40437	0.01760	0.04996	0.08834	0.04067	0.02154	0.05416	0.01974	0.01343	0.01744	0.01090	0.00701	0.00610	0.00199	0.00895	0.04461	0.00330	0.00911

[dist]
# distance from previous block
# <min> <max>
1	5

[block]
# block no. 5 follows, 33 sequences, length 40
# corresponding to MSA columns:
# 231-270
name=unknown_F
#
# <colnr> <probs for GDERKNQSTAVLIFYWHMCP>
#	G	D	E	R	K	N	Q	S	T	A	V	L	I	F	Y	W	H	M	C	P
0	0.01670	0.05411	0.09923	0.10268	0.36959	0.11650	0.10640	0.02087	0.01520	0.01990	0.01192	0.01549	0.00963	0.00605	0.00647	0.00197	0.00905	0.00567	0.00318	0.00937
1	0.00946	0.02703	0.00939	0.00858	0.01050	0.00753	0.00660	0.01184	0.03054	0.01905	0.16354	0.07118	0.33637	0.07739	0.06716	0.00321	0.03257	0.06619	0.00566	0.03619
2	0.01439	0.22546	0.52542	0.01676	0.02505	0.01827	0.02055	0.02036	0.01362	0.01927	0.01100	0.01305	0.00838	0.00629	0.00631	0.00194	0.03724	0.00455	0.00279	0.00930
3	0.01153	0.01004	0.01258	0.01397	0.06982	0.04598	0.01055	0.01396	0.01448	0.01859	0.03532	0.08848	0.18078	0.01552	0.01011	0.00267	0.10759	0.32624	0.00529	0.00650
4	0.00901	0.00690	0.00848	0.00936	0.01099	0.00637	0.00753	0.01116	0.01468	0.01843	0.04842	0.18144	0.32649	0.01795	0.00843	0.00263	0.00456	0.29535	0.00609	0.00574
5	0.01519	0.37992	0.25334	0.03933	0.04810	0.01982	0.06195	0.01938	0.01362	0.01787	0.01195	0.04735	0.01043	0.00780	0.02658	0.00204	0.00840	0.00518	0.00303	0.00870
6	0.09252	0.08126	0.01936	0.05075	0.02012	0.05456	0.01188	0.44679	0.08016	0.03424	0.03508	0.01644	0.01250	0.00767	0.00617	0.00195	0.00706	0.00572	0.00573	0.01003
7	0.01453	0.00796	0.01043	0.01020	0.01221	0.00747	0.00786	0.01696	0.03470	0.19647	0.07792	0.22460	0.05486	0.12054	0.01152	0.00305	0.00513	0.17020	0.00640	0.00700
8	0.01043	0.00888	0.01405	0.01241	0.01426	0.00972	0.08744	0.01316	0.01302	0.01837	0.15819	0.03138	0.08005	0.03118	0.38856	0.00657	0.08307	0.00850	0.00437	0.00639
9	0.01524	0.01456	0.02457	0.23059	0.49007	0.01543	0.03732	0.02005	0.04942	0.02053	0.01294	0.01708	0.01045	0.00620	0.00658	0.00204	0.00803	0.00599	0.00334	0.00955
10	0.00802	0.00573	0.00764	0.00917	0.00955	0.00535	0.00611	0.00917	0.01260	0.01681	0.03628	0.76434	0.04354	0.02062	0.00840	0.00267	0.00382	0.01872	0.00611	0.00535
11	0.02918	0.01178	0.01563	0.01199	0.01709	0.01053	0.00990	0.08547	0.01980	0.67739	0.02517	0.02188	0.01589	0.00813	0.00662	0.00203	0.00573	0.00657	0.00802	0.01120
12	0.01629	0.01564	0.02672	0.04041	0.72757	0.01564	0.02020	0.02020	0.01499	0.02151	0.01238	0.01629	0.01043	0.00587	0.00652	0.00196	0.00782	0.00587	0.00326	0.01043
13	0.00985	0.00725	0.01046	0.01034	0.01143	0.00847	0.00799	0.01210	0.01077	0.01591	0.01772	0.02614	0.01654	0.08033	0.61884	0.00933	0.04656	0.00705	0.06706	0.00586
14	0.01053	0.00909	0.01441	0.42138	0.02941	0.01053	0.01286	0.01357	0.01321	0.01729	0.05692	0.31471	0.02519	0.01248	0.00736	0.00238	0.00653	0.01124	0.00440	0.00648
15	0.00940	0.00705	0.01058	0.01058	0.01176	0.00823	0.00823	0.01176	0.01058	0.01528	0.01763	0.02586	0.01646	0.04937	0.74255	0.01058	0.01763	0.00705	0.00353	0.00588
16	0.01320	0.03405	0.73453	0.01876	0.02849	0.01529	0.02432	0.02085	0.01390	0.02085	0.01181	0.01390	0.00834	0.00625	0.00625	0.00208	0.00973	0.00486	0.00278	0.00973
17	0.01227	0.00614	0.00614	0.00614	0.00767	0.00614	0.00460	0.01534	0.01381	0.02454	0.02148	0.02454	0.01687	0.00767	0.00460	0.00153	0.00307	0.00614	0.80518	0.00614
18	0.81514	0.01273	0.00968	0.00866	0.01273	0.01477	0.00713	0.01935	0.01120	0.02954	0.00917	0.01069	0.00713	0.00611	0.00407	0.00204	0.00509	0.00356	0.00407	0.00713
19	0.02408	0.02920	0.01849	0.01658	0.02014	0.63670	0.01255	0.08071	0.06601	0.01888	0.01173	0.01303	0.00947	0.00702	0.00604	0.00175	0.01106	0.00459	0.00387	0.00810
20	0.00940	0.00705	0.01058	0.01058	0.01176	0.00823	0.00823	0.01176	0.01058	0.01528	0.01763	0.02586	0.01646	0.04937	0.74255	0.01058	0.01763	0.00705	0.00353	0.00588
21	0.02001	0.01791	0.06293	0.06713	0.02362	0.05036	0.12206	0.33819	0.10455	0.04890	0.06334	0.01935	0.01511	0.00779	0.00682	0.00206	0.00776	0.00667	0.00555	0.00989
22	0.01341	0.10526	0.22898	0.01548	0.07428	0.07599	0.01418	0.01743	0.01542	0.02083	0.21423	0.07591	0.04487	0.00974	0.00739	0.00204	0.04424	0.00794	0.00445	0.00794
23	0.02403	0.01601	0.01779	0.01399	0.01895	0.01720	0.01143	0.42781	0.15476	0.17729	0.01978	0.01870	0.01383	0.00806	0.00657	0.00201	0.00647	0.00629	0.00685	0.03217
24	0.08055	0.01305	0.01390	0.01222	0.01593	0.01446	0.00959	0.09393	0.42838	0.09343	0.04863	0.05957	0.06841	0.00974	0.00666	0.00219	0.00518	0.00801	0.00656	0.00961
25	0.06945	0.01718	0.01814	0.01410	0.01906	0.01891	0.01161	0.61067	0.02854	0.03892	0.01945	0.01928	0.06753	0.00849	0.00653	0.00200	0.00681	0.00642	0.00640	0.01051
26	0.00941	0.00701	0.01038	0.01038	0.01149	0.00812	0.00798	0.01163	0.01052	0.01514	0.01781	0.02686	0.01689	0.09106	0.70146	0.01034	0.01698	0.00720	0.00355	0.00577
27	0.00802	0.00573	0.00764	0.00917	0.00955	0.00535	0.00611	0.00917	0.01260	0.01681	0.03628	0.76434	0.04354	0.02062	0.00840	0.00267	0.00382	0.01872	0.00611	0.00535
28	0.00940	0.00705	0.01058	0.01058	0.01176	0.00823	0.00823	0.01176	0.01058	0.01528	0.01763	0.02586	0.01646	0.04937	0.74255	0.01058	0.01763	0.00705	0.00353	0.00588
29	0.00932	0.00644	0.00718	0.00716	0.00753	0.00626	0.00423	0.00969	0.01072	0.01407	0.05904	0.04610	0.12051	0.63246	0.02885	0.00562	0.00582	0.01026	0.00443	0.00430
30	0.01099	0.00654	0.00812	0.00812	0.00949	0.00707	0.00622	0.01374	0.01237	0.02042	0.01976	0.02513	0.01669	0.02625	0.33344	0.00557	0.00956	0.00654	0.44796	0.00602
31	0.01033	0.00813	0.01202	0.01197	0.01372	0.00785	0.07282	0.04079	0.01479	0.01936	0.03569	0.34855	0.10226	0.01744	0.00846	0.00269	0.00540	0.25567	0.00585	0.00620
32	0.00912	0.00747	0.00834	0.00948	0.01036	0.04823	0.00664	0.01050	0.01345	0.01709	0.03880	0.57948	0.13355	0.01912	0.00822	0.00258	0.00437	0.06169	0.00595	0.00556
33	0.00904	0.00672	0.00841	0.00799	0.00966	0.00609	0.00599	0.01188	0.01797	0.02482	0.60370	0.05177	0.18350	0.01405	0.00777	0.00210	0.00315	0.01227	0.00704	0.00609
34	0.01030	0.00736	0.01026	0.01177	0.01316	0.00731	0.01008	0.01311	0.01485	0.01936	0.03503	0.15579	0.03856	0.01847	0.00901	0.00299	0.00580	0.60474	0.00607	0.00598
35	0.01671	0.01614	0.09892	0.01324	0.01943	0.01266	0.05734	0.17109	0.01780	0.04616	0.01314	0.01468	0.01011	0.00584	0.00566	0.00144	0.00639	0.00480	0.00445	0.46397
36	0.01597	0.01271	0.01525	0.01121	0.01685	0.01074	0.03062	0.08943	0.05892	0.06506	0.01393	0.01518	0.01092	0.00565	0.00536	0.00126	0.00538	0.00461	0.00458	0.60640
37	0.06546	0.03753	0.01662	0.01417	0.01780	0.17659	0.01114	0.07698	0.38317	0.05074	0.01965	0.01924	0.01497	0.00828	0.00730	0.00210	0.05715	0.00616	0.00551	0.00943
38	0.01760	0.77260	0.03450	0.01126	0.01690	0.02605	0.01126	0.01971	0.01338	0.01549	0.00915	0.01056	0.00845	0.00563	0.00422	0.00141	0.00704	0.00352	0.00282	0.00845
39	0.01629	0.01564	0.02672	0.04041	0.72757	0.01564	0.02020	0.02020	0.01499	0.02151	0.01238	0.01629	0.01043	0.00587	0.00652	0.00196	0.00782	0.00587	0.00326	0.01043

[dist]
# distance from previous block
# <min> <max>
0	3

[block]
# block no. 6 follows, 33 sequences, length 37
# corresponding to MSA columns:
# 274-310
name=unknown_G
#
# <colnr> <probs for GDERKNQSTAVLIFYWHMCP>
#	G	D	E	R	K	N	Q	S	T	A	V	L	I	F	Y	W	H	M	C	P
0	0.02459	0.03138	0.01866	0.01696	0.02035	0.74221	0.01272	0.02629	0.01866	0.01611	0.01018	0.01187	0.00848	0.00678	0.00594	0.00170	0.01187	0.00424	0.00339	0.00763
1	0.00941	0.00703	0.01046	0.01046	0.01160	0.00817	0.00808	0.01168	0.01055	0.01520	0.01774	0.02646	0.01672	0.07418	0.71809	0.01044	0.01725	0.00714	0.00354	0.00581
2	0.00801	0.00576	0.00760	0.00907	0.00952	0.00535	0.00607	0.00918	0.01269	0.01684	0.03741	0.73849	0.06867	0.02048	0.00838	0.00266	0.00380	0.01854	0.00611	0.00535
3	0.06476	0.02589	0.01803	0.01569	0.01962	0.47877	0.01209	0.17262	0.06872	0.02321	0.01252	0.01358	0.00983	0.00708	0.00600	0.00179	0.00987	0.00478	0.00436	0.03078
4	0.01113	0.00713	0.00938	0.00859	0.01046	0.00652	0.00652	0.01419	0.01865	0.08982	0.66136	0.04677	0.05800	0.01298	0.00766	0.00207	0.00333	0.01143	0.00733	0.00666
5	0.00984	0.00658	0.00860	0.00963	0.01048	0.00626	0.00669	0.03966	0.01375	0.05216	0.03489	0.67642	0.04071	0.01942	0.00826	0.00262	0.00412	0.03779	0.00623	0.00589
6	0.01144	0.00572	0.00858	0.00858	0.00858	0.00572	0.00572	0.00858	0.00858	0.01144	0.01144	0.02001	0.01144	0.02287	0.02573	0.80846	0.00572	0.00572	0.00286	0.00286
7	0.81514	0.01273	0.00968	0.00866	0.01273	0.01477	0.00713	0.01935	0.01120	0.02954	0.00917	0.01069	0.00713	0.00611	0.00407	0.00204	0.00509	0.00356	0.00407	0.00713
8	0.01600	0.01534	0.02619	0.09451	0.67576	0.01556	0.02006	0.01995	0.01485	0.02115	0.01233	0.01639	0.01030	0.00592	0.00652	0.00197	0.00789	0.00586	0.00323	0.01019
9	0.00808	0.00575	0.00762	0.00909	0.00946	0.00539	0.00603	0.00918	0.01249	0.01666	0.03571	0.73771	0.04282	0.04825	0.00933	0.00281	0.00391	0.01838	0.00603	0.00530
10	0.02954	0.01120	0.01528	0.01171	0.01681	0.00968	0.00968	0.03208	0.01884	0.73213	0.02597	0.02241	0.01630	0.00815	0.00662	0.00204	0.00560	0.00662	0.00815	0.01120
11	0.02299	0.01484	0.01681	0.01338	0.01781	0.01570	0.01084	0.45120	0.02566	0.17332	0.05702	0.11150	0.01884	0.00981	0.00688	0.00208	0.00628	0.00796	0.00687	0.01022
12	0.01330	0.03256	0.68027	0.01865	0.02764	0.01566	0.02357	0.02047	0.01361	0.02047	0.01157	0.01394	0.00836	0.00665	0.00742	0.00215	0.06645	0.00493	0.00279	0.00954
13	0.00778	0.00667	0.00667	0.00667	0.00889	0.00556	0.00500	0.00945	0.01501	0.01778	0.06669	0.06336	0.72490	0.01667	0.00778	0.00222	0.00333	0.01389	0.00611	0.00556
14	0.00802	0.00573	0.00764	0.00917	0.00955	0.00535	0.00611	0.00917	0.01260	0.01681	0.03628	0.76434	0.04354	0.02062	0.00840	0.00267	0.00382	0.01872	0.00611	0.00535
15	0.01326	0.01024	0.01180	0.01075	0.01335	0.01091	0.00824	0.05284	0.29400	0.04532	0.36232	0.07532	0.04106	0.01167	0.00730	0.00216	0.00423	0.01010	0.00696	0.00818
16	0.01323	0.01404	0.02909	0.04521	0.02746	0.01327	0.47737	0.01746	0.01460	0.01970	0.02000	0.23676	0.01979	0.01000	0.00792	0.00235	0.00889	0.01092	0.00413	0.00779
17	0.05805	0.05915	0.05282	0.01597	0.01951	0.54027	0.01276	0.04301	0.01737	0.01794	0.01066	0.01267	0.00884	0.00711	0.00695	0.00181	0.06734	0.00445	0.03559	0.00775
18	0.01144	0.00572	0.00858	0.00858	0.00858	0.00572	0.00572	0.00858	0.00858	0.01144	0.01144	0.02001	0.01144	0.02287	0.02573	0.80846	0.00572	0.00572	0.00286	0.00286
19	0.01760	0.36440	0.17569	0.01541	0.02158	0.15758	0.08116	0.02115	0.01471	0.01759	0.01044	0.01237	0.00865	0.00593	0.00535	0.00166	0.00879	0.00437	0.00303	0.05255
20	0.10049	0.01468	0.01527	0.01317	0.01727	0.01669	0.01044	0.15768	0.48839	0.05861	0.02291	0.02143	0.01696	0.00842	0.00641	0.00216	0.00559	0.00673	0.00647	0.01026
21	0.02954	0.01120	0.01528	0.01171	0.01681	0.00968	0.00968	0.03208	0.01884	0.73213	0.02597	0.02241	0.01630	0.00815	0.00662	0.00204	0.00560	0.00662	0.00815	0.01120
22	0.00802	0.00573	0.00764	0.00917	0.00955	0.00535	0.00611	0.00917	0.01260	0.01681	0.03628	0.76434	0.04354	0.02062	0.00840	0.00267	0.00382	0.01872	0.00611	0.00535
23	0.01410	0.18516	0.59130	0.01723	0.02612	0.01749	0.02165	0.02062	0.01379	0.01975	0.01127	0.01322	0.00836	0.00613	0.00584	0.00195	0.00918	0.00459	0.00279	0.00947
24	0.01816	0.71532	0.03338	0.01156	0.01716	0.02562	0.01136	0.07181	0.01471	0.01746	0.00966	0.01096	0.00866	0.00580	0.00440	0.00145	0.00706	0.00370	0.00310	0.00866
25	0.00818	0.00596	0.00772	0.00882	0.00953	0.00549	0.00603	0.00966	0.01368	0.01826	0.13705	0.59942	0.10742	0.01925	0.00826	0.00255	0.00367	0.01731	0.00627	0.00549
26	0.02171	0.02533	0.01733	0.01571	0.01922	0.48755	0.01191	0.02934	0.26321	0.02012	0.01601	0.01632	0.01256	0.00754	0.00620	0.00188	0.00953	0.00536	0.00455	0.00861
27	0.01469	0.01388	0.02333	0.22636	0.47214	0.01478	0.01847	0.01859	0.01464	0.02048	0.06615	0.01907	0.01387	0.00679	0.00705	0.00205	0.02868	0.00632	0.00346	0.00919
28	0.00802	0.00573	0.00764	0.00917	0.00955	0.00535	0.00611	0.00917	0.01260	0.01681	0.03628	0.76434	0.04354	0.02062	0.00840	0.00267	0.00382	0.01872	0.00611	0.00535
29	0.01276	0.01204	0.02034	0.69219	0.10340	0.01471	0.01845	0.01711	0.01332	0.01722	0.01176	0.01744	0.00892	0.00652	0.00658	0.00217	0.00869	0.00585	0.00295	0.00758
30	0.01449	0.25017	0.52968	0.01657	0.02510	0.01844	0.02050	0.02052	0.01375	0.01928	0.01104	0.01292	0.00837	0.00607	0.00566	0.00189	0.00894	0.00447	0.00279	0.00935
31	0.00948	0.00674	0.00900	0.00900	0.00963	0.00737	0.00625	0.01074	0.01011	0.01411	0.01908	0.03388	0.01994	0.38426	0.41242	0.00863	0.01240	0.00823	0.00374	0.00500
32	0.00778	0.00667	0.00667	0.00667	0.00889	0.00556	0.00500	0.00945	0.01501	0.01778	0.06669	0.06336	0.72490	0.01667	0.00778	0.00222	0.00333	0.01389	0.00611	0.00556
33	0.01737	0.73435	0.07075	0.01165	0.01750	0.02549	0.01194	0.01977	0.01340	0.01577	0.00929	0.01073	0.00844	0.00566	0.00433	0.00144	0.00718	0.00359	0.00281	0.00851
34	0.13103	0.02272	0.01775	0.01488	0.01920	0.31896	0.01175	0.30113	0.02265	0.06040	0.01303	0.01378	0.00975	0.00721	0.00598	0.00187	0.00880	0.00494	0.00499	0.00917
35	0.10515	0.02237	0.01709	0.01477	0.01846	0.37217	0.01154	0.13241	0.01897	0.12278	0.01350	0.01473	0.01030	0.00955	0.04495	0.00235	0.05075	0.00500	0.00462	0.00853
36	0.10003	0.01813	0.01537	0.01317	0.01684	0.24839	0.03536	0.06477	0.08773	0.04494	0.09711	0.02286	0.08047	0.00854	0.00663	0.00187	0.02807	0.00653	0.00486	0.09833

[dist]
# distance from previous block
# <min> <max>
1	5

[block]
# block no. 7 follows, 33 sequences, length 227
# corresponding to MSA columns:
# 316-393,403-431,433-490,493-554
name=unknown_H
#
# <colnr> <probs for GDERKNQSTAVLIFYWHMCP>
#	G	D	E	R	K	N	Q	S	T	A	V	L	I	F	Y	W	H	M	C	P
0	0.02335	0.02225	0.01851	0.01548	0.01981	0.27457	0.01222	0.34783	0.14700	0.03008	0.01575	0.01596	0.01180	0.00769	0.00638	0.00192	0.00852	0.00560	0.00548	0.00980
1	0.02249	0.01856	0.01761	0.01421	0.01895	0.14537	0.01137	0.33143	0.13636	0.09113	0.01693	0.01681	0.01241	0.00751	0.00627	0.00185	0.00729	0.00567	0.00583	0.11196
2	0.00829	0.00621	0.00776	0.00884	0.00985	0.00568	0.00634	0.00984	0.01368	0.01767	0.06403	0.48612	0.21720	0.01913	0.00830	0.00258	0.00393	0.09288	0.00614	0.00551
3	0.01537	0.01857	0.07741	0.02692	0.03355	0.01668	0.64429	0.02091	0.01528	0.02091	0.01309	0.01744	0.00985	0.00577	0.00811	0.00223	0.03391	0.00754	0.00328	0.00888
4	0.01673	0.00935	0.01179	0.01032	0.01312	0.00892	0.00798	0.11231	0.01899	0.22069	0.26967	0.19135	0.05545	0.01285	0.00742	0.00218	0.00452	0.01114	0.00713	0.00807
5	0.00802	0.00573	0.00764	0.00917	0.00955	0.00535	0.00611	0.00917	0.01260	0.01681	0.03628	0.76434	0.04354	0.02062	0.00840	0.00267	0.00382	0.01872	0.00611	0.00535
6	0.01550	0.01764	0.03817	0.02737	0.03379	0.01677	0.67887	0.02090	0.01534	0.02090	0.01315	0.01764	0.00994	0.00576	0.00827	0.00224	0.03792	0.00770	0.00331	0.00882
7	0.01549	0.01760	0.03797	0.02726	0.03361	0.01681	0.67153	0.02084	0.01528	0.02084	0.01310	0.01760	0.00993	0.00583	0.00841	0.00225	0.04586	0.00768	0.00331	0.00880
8	0.01243	0.01170	0.01975	0.75282	0.04534	0.01463	0.01828	0.01682	0.01316	0.01682	0.01170	0.01755	0.00878	0.00658	0.00658	0.00219	0.00878	0.00585	0.00293	0.00731
9	0.01676	0.01406	0.01490	0.01335	0.01711	0.01618	0.01040	0.03490	0.69537	0.04807	0.02677	0.02450	0.01999	0.00891	0.00670	0.00223	0.00522	0.00742	0.00674	0.01044
10	0.01144	0.00572	0.00858	0.00858	0.00858	0.00572	0.00572	0.00858	0.00858	0.01144	0.01144	0.02001	0.01144	0.02287	0.02573	0.80846	0.00572	0.00572	0.00286	0.00286
11	0.00808	0.00575	0.00762	0.00910	0.00946	0.00538	0.00603	0.00918	0.01250	0.01666	0.03573	0.73840	0.04284	0.04753	0.00931	0.00281	0.00391	0.01839	0.00603	0.00530
12	0.00796	0.00668	0.00691	0.00685	0.00900	0.00563	0.00514	0.00979	0.01542	0.01876	0.14148	0.06174	0.64950	0.01631	0.00778	0.00221	0.00331	0.01367	0.00624	0.00563
13	0.01440	0.01440	0.02016	0.01728	0.01728	0.02016	0.01440	0.01584	0.01008	0.01584	0.00864	0.01440	0.00864	0.01152	0.02160	0.00288	0.75659	0.00576	0.00288	0.00720
14	0.01144	0.00572	0.00858	0.00858	0.00858	0.00572	0.00572	0.00858	0.00858	0.01144	0.01144	0.02001	0.01144	0.02287	0.02573	0.80846	0.00572	0.00572	0.00286	0.00286
15	0.02503	0.01844	0.01976	0.01515	0.02042	0.02042	0.01251	0.70562	0.03095	0.04149	0.01581	0.01581	0.01120	0.00790	0.00659	0.00198	0.00724	0.00593	0.00659	0.01120
16	0.00842	0.00604	0.00800	0.00889	0.00964	0.00562	0.00614	0.01018	0.01448	0.01979	0.25007	0.54205	0.04931	0.01840	0.00820	0.00249	0.00360	0.01660	0.00646	0.00562
17	0.00909	0.00618	0.00732	0.00780	0.00792	0.00606	0.00465	0.00945	0.01052	0.01402	0.02557	0.26726	0.03003	0.53614	0.02570	0.00523	0.00559	0.01241	0.00465	0.00441
18	0.00916	0.00672	0.00858	0.00812	0.00974	0.00615	0.00609	0.01212	0.01827	0.02553	0.65742	0.05061	0.12934	0.01378	0.00777	0.00209	0.00313	0.01211	0.00713	0.00615
19	0.00956	0.00644	0.00745	0.00745	0.00755	0.00653	0.00433	0.00975	0.00965	0.01297	0.02049	0.04170	0.02333	0.71081	0.09051	0.00672	0.00729	0.00937	0.00395	0.00414
20	0.00957	0.00638	0.00718	0.00718	0.00718	0.00638	0.00399	0.00957	0.00957	0.01276	0.02074	0.04308	0.02393	0.76864	0.03351	0.00638	0.00638	0.00957	0.00399	0.00399
21	0.02459	0.03138	0.01866	0.01696	0.02035	0.74221	0.01272	0.02629	0.01866	0.01611	0.01018	0.01187	0.00848	0.00678	0.00594	0.00170	0.01187	0.00424	0.00339	0.00763
22	0.01440	0.01440	0.02016	0.01728	0.01728	0.02016	0.01440	0.01584	0.01008	0.01584	0.00864	0.01440	0.00864	0.01152	0.02160	0.00288	0.75659	0.00576	0.00288	0.00720
23	0.03823	0.05251	0.03913	0.01020	0.01420	0.00995	0.00855	0.04683	0.03838	0.12480	0.25850	0.03092	0.05723	0.00950	0.00646	0.00178	0.00476	0.02861	0.00589	0.21356
24	0.01565	0.01495	0.02580	0.03701	0.62344	0.01488	0.05663	0.01951	0.01496	0.02123	0.01456	0.04306	0.01312	0.00706	0.00680	0.00206	0.00777	0.04808	0.00352	0.00992
25	0.81514	0.01273	0.00968	0.00866	0.01273	0.01477	0.00713	0.01935	0.01120	0.02954	0.00917	0.01069	0.00713	0.00611	0.00407	0.00204	0.00509	0.00356	0.00407	0.00713
26	0.01243	0.01170	0.01975	0.75282	0.04534	0.01463	0.01828	0.01682	0.01316	0.01682	0.01170	0.01755	0.00878	0.00658	0.00658	0.00219	0.00878	0.00585	0.00293	0.00731
27	0.01733	0.72715	0.07757	0.01173	0.01761	0.02539	0.01207	0.01978	0.01341	0.01582	0.00932	0.01077	0.00844	0.00567	0.00435	0.00145	0.00721	0.00360	0.00281	0.00853
28	0.00875	0.00668	0.00822	0.00965	0.01022	0.02858	0.00668	0.01006	0.01300	0.01702	0.03535	0.68513	0.04199	0.02000	0.00838	0.00267	0.00425	0.07188	0.00602	0.00548
29	0.00784	0.00667	0.00675	0.00673	0.00893	0.00558	0.00505	0.00955	0.01514	0.01809	0.09034	0.06285	0.70106	0.01656	0.00778	0.00222	0.00333	0.01382	0.00615	0.00558
30	0.00782	0.00667	0.00673	0.00671	0.00892	0.00557	0.00503	0.00953	0.01510	0.01801	0.08417	0.06298	0.70728	0.01659	0.00778	0.00222	0.00333	0.01384	0.00614	0.00557
31	0.01491	0.32027	0.46323	0.01586	0.02400	0.01946	0.01926	0.02041	0.01370	0.01877	0.01078	0.01261	0.00838	0.00601	0.00547	0.00182	0.00869	0.00434	0.00279	0.00923
32	0.01045	0.00750	0.01041	0.01188	0.01338	0.00745	0.01031	0.01338	0.01507	0.01956	0.03580	0.09509	0.05746	0.01822	0.00903	0.00300	0.00592	0.64400	0.00606	0.00603
33	0.00951	0.00636	0.00720	0.00726	0.00728	0.00634	0.00408	0.00956	0.00970	0.01293	0.02139	0.07329	0.02476	0.73731	0.03246	0.00623	0.00628	0.00996	0.00408	0.00405
34	0.00802	0.00573	0.00764	0.00917	0.00955	0.00535	0.00611	0.00917	0.01260	0.01681	0.03628	0.76434	0.04354	0.02062	0.00840	0.00267	0.00382	0.01872	0.00611	0.00535
35	0.00955	0.00727	0.01086	0.01078	0.01192	0.00858	0.00841	0.01188	0.01057	0.01530	0.01737	0.02553	0.01623	0.04826	0.72143	0.01035	0.03929	0.00702	0.00351	0.00592
36	0.01441	0.01372	0.02332	0.38729	0.39538	0.01515	0.01927	0.01856	0.01410	0.01923	0.01205	0.01691	0.00962	0.00621	0.00655	0.00207	0.00829	0.00586	0.00310	0.00891
37	0.01433	0.01227	0.01615	0.01156	0.01747	0.00957	0.07552	0.01750	0.01400	0.04365	0.01230	0.01432	0.00998	0.00504	0.00521	0.00113	0.00550	0.00436	0.00398	0.70614
38	0.01299	0.01291	0.01627	0.01472	0.01565	0.08731	0.05583	0.01460	0.01230	0.01659	0.02003	0.31092	0.02251	0.01425	0.01389	0.00264	0.33484	0.01086	0.00424	0.00662
39	0.00940	0.00705	0.01058	0.01058	0.01176	0.00823	0.00823	0.01176	0.01058	0.01528	0.01763	0.02586	0.01646	0.04937	0.74255	0.01058	0.01763	0.00705	0.00353	0.00588
40	0.00802	0.00573	0.00764	0.00917	0.00955	0.00535	0.00611	0.00917	0.01260	0.01681	0.03628	0.76434	0.04354	0.02062	0.00840	0.00267	0.00382	0.01872	0.00611	0.00535
41	0.02459	0.03138	0.01866	0.01696	0.02035	0.74221	0.01272	0.02629	0.01866	0.01611	0.01018	0.01187	0.00848	0.00678	0.00594	0.00170	0.01187	0.00424	0.00339	0.00763
