[name]
unknown

[dist]
# distance from previous block
# <min> <max>
8	184

[block]
# block no. 0 follows, 37 sequences, length 17
# corresponding to MSA columns:
# 196-212
name=unknown_A
#
# <colnr> <probs for GDERKNQSTAVLIFYWHMCP>
#	G	D	E	R	K	N	Q	S	T	A	V	L	I	F	Y	W	H	M	C	P
0	0.68364	0.01080	0.00859	0.00781	0.01093	0.01236	0.00611	0.01639	0.01015	0.02471	0.01042	0.01525	0.00938	0.14310	0.00861	0.00261	0.00495	0.00430	0.00377	0.00611
1	0.68496	0.14882	0.01307	0.00848	0.01252	0.01558	0.00731	0.01805	0.01077	0.02516	0.00852	0.00992	0.00685	0.00560	0.00381	0.00179	0.00505	0.00331	0.00358	0.00685
2	0.68360	0.01085	0.00885	0.00799	0.01136	0.01233	0.00648	0.01686	0.01164	0.02695	0.13813	0.01625	0.01565	0.00689	0.00439	0.00190	0.00441	0.00468	0.00431	0.00648
3	0.00820	0.00703	0.00735	0.00671	0.00937	0.00570	0.00511	0.00995	0.01373	0.01714	0.05299	0.05076	0.61456	0.01357	0.00676	0.00186	0.00335	0.01128	0.00532	0.14927
4	0.02325	0.01028	0.01313	0.01037	0.01420	0.00953	0.00824	0.10692	0.01718	0.51712	0.02207	0.02356	0.01587	0.14462	0.01051	0.00259	0.00545	0.00655	0.02945	0.00910
5	0.68411	0.01167	0.01065	0.14245	0.01719	0.01371	0.00846	0.01758	0.01074	0.02538	0.00894	0.01107	0.00690	0.00576	0.00420	0.00192	0.00534	0.00369	0.00360	0.00666
6	0.00860	0.00625	0.00809	0.00763	0.00910	0.00575	0.00572	0.01142	0.01717	0.02418	0.71223	0.04633	0.08922	0.01265	0.00722	0.00193	0.00290	0.01115	0.00669	0.00575
7	0.02113	0.01608	0.01716	0.01365	0.01817	0.01798	0.01112	0.54153	0.21702	0.03512	0.01742	0.01686	0.01261	0.00760	0.00615	0.00190	0.00623	0.00589	0.00615	0.01022
8	0.01212	0.00639	0.00647	0.00621	0.00784	0.00650	0.00472	0.05701	0.01379	0.02377	0.01965	0.02233	0.01537	0.00714	0.00439	0.00145	0.00309	0.00569	0.77006	0.00599
9	0.02385	0.00956	0.01299	0.01037	0.01439	0.00833	0.00839	0.02616	0.01699	0.61477	0.09613	0.08978	0.02158	0.00908	0.00641	0.00195	0.00483	0.00763	0.00733	0.00948
10	0.01263	0.02938	0.64980	0.01930	0.06716	0.01434	0.08380	0.01937	0.01311	0.01944	0.01114	0.01336	0.00800	0.00574	0.00595	0.00194	0.00906	0.00481	0.00265	0.00901
11	0.18576	0.01354	0.01543	0.01283	0.01688	0.01504	0.07180	0.12389	0.37682	0.07548	0.01896	0.01835	0.01399	0.00731	0.00579	0.00199	0.00559	0.00595	0.00552	0.00908
12	0.00794	0.00597	0.00734	0.00830	0.00912	0.00565	0.00568	0.01002	0.05547	0.01625	0.03760	0.58530	0.16012	0.04409	0.00842	0.00251	0.00363	0.01571	0.00565	0.00525
13	0.06412	0.01232	0.01452	0.01140	0.01588	0.04437	0.00932	0.14391	0.03502	0.51767	0.05203	0.01997	0.01554	0.00762	0.00606	0.00188	0.00559	0.00604	0.00689	0.00987
14	0.00863	0.00654	0.00833	0.00815	0.00921	0.00652	0.02421	0.01027	0.02935	0.01489	0.05828	0.11716	0.18861	0.29466	0.18313	0.00520	0.00733	0.01018	0.00444	0.00492
15	0.00965	0.00669	0.00855	0.00892	0.00992	0.00690	0.00640	0.07241	0.01270	0.01776	0.02574	0.42319	0.02839	0.05568	0.17302	0.02387	0.00671	0.01218	0.08579	0.00552
16	0.01650	0.04226	0.20111	0.06186	0.01844	0.03123	0.01257	0.04216	0.01448	0.20437	0.04499	0.01966	0.01391	0.00818	0.02021	0.00203	0.06744	0.02237	0.14806	0.00815

[dist]
# distance from previous block
# <min> <max>
2	5

[block]
# block no. 1 follows, 37 sequences, length 37
# corresponding to MSA columns:
# 218,220-255
name=unknown_B
#
# <colnr> <probs for GDERKNQSTAVLIFYWHMCP>
#	G	D	E	R	K	N	Q	S	T	A	V	L	I	F	Y	W	H	M	C	P
0	0.01511	0.09536	0.40328	0.02088	0.18503	0.01526	0.03994	0.06943	0.01456	0.06741	0.01202	0.01387	0.00890	0.00588	0.00578	0.00185	0.00805	0.00487	0.00327	0.00924
1	0.01875	0.11115	0.05363	0.05536	0.17568	0.05195	0.03201	0.31644	0.07899	0.02708	0.01345	0.01474	0.01025	0.00653	0.00584	0.00180	0.00713	0.00527	0.00451	0.00945
2	0.00826	0.00658	0.00746	0.00738	0.00914	0.00601	0.00548	0.01124	0.06294	0.01965	0.27882	0.13767	0.38821	0.01448	0.00723	0.00207	0.00320	0.01245	0.00606	0.00564
3	0.02741	0.00662	0.00752	0.00759	0.00932	0.00606	0.00557	0.01138	0.05019	0.04622	0.16304	0.24078	0.36588	0.01508	0.00721	0.00214	0.00339	0.01301	0.00591	0.00568
4	0.00762	0.00552	0.00722	0.00841	0.00900	0.00512	0.00577	0.00891	0.01235	0.01640	0.08397	0.65236	0.09165	0.01838	0.00776	0.00243	0.00355	0.04278	0.00575	0.00507
5	0.00741	0.00597	0.00660	0.00694	0.00850	0.00516	0.00502	0.00893	0.01362	0.01692	0.10766	0.25193	0.50142	0.01626	0.00739	0.00217	0.00321	0.01398	0.00577	0.00516
6	0.01813	0.01434	0.01529	0.01293	0.01689	0.01625	0.01029	0.25331	0.49028	0.05027	0.02164	0.02019	0.01595	0.00798	0.00619	0.00199	0.00546	0.00645	0.00623	0.00994
7	0.01973	0.04231	0.29467	0.04973	0.02137	0.01295	0.01488	0.09990	0.04386	0.31363	0.01709	0.01672	0.01143	0.00678	0.00596	0.00190	0.00699	0.00538	0.00511	0.00962
8	0.02281	0.01692	0.01811	0.01399	0.01881	0.01877	0.01152	0.68626	0.06956	0.03783	0.01529	0.01517	0.01089	0.00740	0.00613	0.00185	0.00663	0.00559	0.00613	0.01037
9	0.01818	0.03849	0.05201	0.01274	0.01799	0.03622	0.04160	0.31950	0.04474	0.04933	0.01334	0.01418	0.01003	0.00611	0.00551	0.00150	0.00622	0.00481	0.00478	0.30272
10	0.00792	0.00596	0.00739	0.00828	0.00917	0.00561	0.00573	0.01006	0.05090	0.01696	0.08995	0.56421	0.16023	0.01749	0.00759	0.00235	0.00349	0.01562	0.00579	0.00531
11	0.00784	0.00620	0.00705	0.00689	0.00865	0.00542	0.00515	0.00993	0.01529	0.01985	0.34502	0.07477	0.43747	0.01437	0.00725	0.00202	0.00303	0.01228	0.00612	0.00542
12	0.01516	0.01444	0.02402	0.03569	0.69183	0.01460	0.01810	0.01982	0.06812	0.02042	0.01252	0.01573	0.01037	0.00567	0.00607	0.00184	0.00709	0.00556	0.00327	0.00970
13	0.01956	0.01277	0.01444	0.04740	0.03654	0.06602	0.01003	0.10562	0.20377	0.26188	0.09469	0.02474	0.01995	0.00853	0.00635	0.00197	0.00569	0.04476	0.00621	0.00907
14	0.01136	0.00737	0.00935	0.00840	0.01042	0.00696	0.00644	0.04525	0.04023	0.09837	0.59493	0.04155	0.07173	0.01175	0.00703	0.00193	0.00336	0.01026	0.00675	0.00655
15	0.01728	0.01345	0.01452	0.01252	0.01625	0.01515	0.00992	0.17058	0.51383	0.07214	0.04443	0.02271	0.01832	0.00837	0.00628	0.00203	0.00520	0.02104	0.00629	0.00968
16	0.02291	0.02791	0.01745	0.01559	0.01893	0.68241	0.01181	0.09818	0.01855	0.01746	0.01001	0.01142	0.00815	0.00642	0.00558	0.00160	0.01059	0.00411	0.00347	0.00744
17	0.00888	0.00612	0.00774	0.00787	0.00921	0.00554	0.00570	0.01088	0.01479	0.05445	0.34254	0.30279	0.17037	0.01513	0.00738	0.00214	0.00327	0.01337	0.00623	0.00561
18	0.01205	0.01122	0.05891	0.01436	0.10574	0.01035	0.05005	0.09535	0.04169	0.02378	0.35572	0.05543	0.07013	0.01042	0.00748	0.00199	0.04137	0.02130	0.00543	0.00725
19	0.01334	0.01027	0.01328	0.01056	0.01399	0.00959	0.04311	0.04797	0.02289	0.07528	0.03777	0.02291	0.03620	0.13501	0.04676	0.00263	0.07742	0.02776	0.00418	0.34909
20	0.00808	0.00626	0.00883	0.00907	0.01008	0.00586	0.04696	0.00956	0.01231	0.01630	0.08670	0.49472	0.13458	0.07400	0.04401	0.00295	0.00459	0.01462	0.00536	0.00518
21	0.27151	0.01237	0.01276	0.01083	0.01480	0.01352	0.00871	0.07842	0.28331	0.20372	0.01888	0.01774	0.01347	0.00724	0.00544	0.00196	0.00504	0.00551	0.00579	0.00897
22	0.01451	0.01404	0.02439	0.15986	0.58831	0.01444	0.05812	0.01830	0.01368	0.01924	0.01146	0.01542	0.00942	0.00555	0.00614	0.00187	0.00759	0.00555	0.00298	0.00913
23	0.01200	0.00975	0.01131	0.01083	0.01311	0.01087	0.00837	0.04199	0.34714	0.02128	0.05859	0.13828	0.05658	0.01854	0.15833	0.00373	0.00693	0.05935	0.00551	0.00751
24	0.00952	0.00670	0.00821	0.00860	0.00986	0.00641	0.00618	0.06848	0.01424	0.03738	0.10506	0.47783	0.14346	0.01630	0.00740	0.00228	0.00376	0.03260	0.03004	0.00570
25	0.01283	0.01072	0.01314	0.01189	0.01434	0.02765	0.04434	0.05545	0.25862	0.02276	0.16842	0.03386	0.02729	0.01277	0.05352	0.00263	0.05510	0.12678	0.04039	0.00749
26	0.01554	0.03629	0.11493	0.11008	0.23857	0.05858	0.16367	0.09731	0.03689	0.02093	0.01198	0.01504	0.00933	0.00606	0.00676	0.00193	0.03838	0.00561	0.00337	0.00875
27	0.00875	0.00587	0.00672	0.00687	0.00691	0.00583	0.00392	0.00886	0.00920	0.01226	0.02081	0.11789	0.02417	0.70443	0.02870	0.00557	0.00568	0.00979	0.00392	0.00384
28	0.01700	0.68149	0.04943	0.01127	0.01636	0.10836	0.01095	0.01906	0.01301	0.01460	0.00868	0.01004	0.00786	0.00538	0.00416	0.00136	0.00713	0.00338	0.00268	0.00780
29	0.00839	0.00625	0.00780	0.00741	0.00898	0.00566	0.00556	0.01102	0.01667	0.02300	0.61174	0.04827	0.19045	0.01309	0.00722	0.00195	0.00293	0.01143	0.00653	0.00566
30	0.01467	0.02295	0.36078	0.05268	0.10160	0.05771	0.11285	0.04755	0.07278	0.05387	0.01368	0.03748	0.01048	0.00647	0.00615	0.00195	0.00834	0.00568	0.00349	0.00884
31	0.01247	0.06652	0.71995	0.01713	0.02600	0.01468	0.02206	0.01934	0.01290	0.01916	0.01087	0.01278	0.00776	0.00579	0.00573	0.00191	0.00893	0.00447	0.00259	0.00899
32	0.01297	0.01336	0.06176	0.24500	0.16445	0.01342	0.09801	0.01989	0.17195	0.01960	0.03549	0.05288	0.04929	0.00751	0.00640	0.00202	0.00700	0.00694	0.00395	0.00810
33	0.01640	0.12247	0.16707	0.03566	0.09573	0.06098	0.01388	0.17005	0.13380	0.02366	0.04986	0.01632	0.01284	0.00685	0.00603	0.00181	0.02247	0.00535	0.00425	0.03452
34	0.04227	0.01049	0.01259	0.01048	0.01418	0.01019	0.00844	0.11795	0.09943	0.32569	0.05982	0.07418	0.11539	0.00987	0.00644	0.00198	0.00488	0.03841	0.00652	0.03079
35	0.03587	0.07580	0.19384	0.01525	0.04834	0.09388	0.03044	0.25860	0.05745	0.06003	0.04117	0.03552	0.01241	0.00713	0.00589	0.00184	0.00739	0.00557	0.00456	0.00904
36	0.01845	0.09204	0.06643	0.01419	0.06381	0.05628	0.01142	0.30708	0.07826	0.06266	0.02885	0.01825	0.03117	0.00940	0.02538	0.06358	0.00679	0.01870	0.01856	0.00870

[dist]
# distance from previous block
# <min> <max>
1	11

[block]
# block no. 2 follows, 37 sequences, length 17
# corresponding to MSA columns:
# 267-276,278-284
name=unknown_C
#
# <colnr> <probs for GDERKNQSTAVLIFYWHMCP>
#	G	D	E	R	K	N	Q	S	T	A	V	L	I	F	Y	W	H	M	C	P
0	0.06523	0.01156	0.01454	0.07556	0.04972	0.05967	0.01075	0.01661	0.01181	0.10096	0.01386	0.04054	0.01190	0.01553	0.14893	0.00357	0.25492	0.00587	0.08157	0.00692
1	0.04007	0.03139	0.03104	0.01242	0.05945	0.03769	0.03859	0.06701	0.01458	0.10491	0.01315	0.03259	0.01050	0.00566	0.00514	0.00131	0.00553	0.00465	0.00419	0.48014
2	0.04366	0.01979	0.01738	0.01594	0.06275	0.31128	0.04894	0.16048	0.11149	0.05308	0.01551	0.04299	0.01293	0.00775	0.00608	0.00186	0.00813	0.04715	0.00456	0.00827
3	0.00780	0.00599	0.00697	0.00718	0.00850	0.00534	0.00511	0.00945	0.01387	0.01800	0.22811	0.22427	0.33881	0.08125	0.00941	0.00246	0.00339	0.01316	0.00579	0.00515
4	0.03884	0.06298	0.05837	0.13755	0.16259	0.08419	0.06836	0.07381	0.10071	0.02054	0.04638	0.04596	0.04240	0.00742	0.00637	0.00192	0.02318	0.00634	0.00394	0.00812
5	0.00968	0.00756	0.00885	0.00830	0.01020	0.00749	0.00624	0.01499	0.15499	0.02279	0.45154	0.04353	0.17560	0.04154	0.00794	0.00213	0.00342	0.01053	0.00633	0.00634
6	0.00817	0.00682	0.00861	0.00829	0.00988	0.00638	0.03577	0.00988	0.01351	0.01729	0.14188	0.21409	0.39726	0.04300	0.00890	0.00231	0.04423	0.01289	0.00549	0.00536
7	0.01336	0.01442	0.06808	0.01446	0.01703	0.08176	0.09676	0.04527	0.07843	0.01953	0.15528	0.05028	0.03886	0.01145	0.04733	0.00255	0.22645	0.00733	0.00422	0.00716
8	0.08217	0.65391	0.05252	0.01053	0.01574	0.02212	0.01047	0.01904	0.01260	0.06071	0.00955	0.01060	0.00820	0.00543	0.00411	0.00141	0.00640	0.00349	0.00302	0.00795
9	0.01564	0.01452	0.05313	0.14457	0.06333	0.04232	0.13331	0.14040	0.14649	0.05260	0.06193	0.02048	0.01507	0.05934	0.00804	0.00223	0.00718	0.00654	0.00454	0.00833
10	0.00877	0.00596	0.00788	0.00821	0.00925	0.00551	0.00585	0.01076	0.01464	0.04665	0.37657	0.39780	0.04792	0.01553	0.00747	0.00219	0.00329	0.01393	0.00626	0.00556
11	0.01300	0.08870	0.05538	0.01587	0.14415	0.01240	0.04082	0.01960	0.19314	0.03992	0.15561	0.06410	0.08350	0.00946	0.00642	0.00196	0.00537	0.03764	0.00501	0.00795
12	0.03304	0.04026	0.08591	0.04138	0.14872	0.08203	0.05897	0.14731	0.03967	0.05146	0.01317	0.01664	0.01069	0.02352	0.04814	0.00246	0.11112	0.01809	0.01905	0.00838
13	0.00772	0.00604	0.00687	0.00701	0.00849	0.00533	0.00505	0.00941	0.01405	0.01802	0.21839	0.18495	0.40762	0.06256	0.00880	0.00235	0.00330	0.01304	0.00582	0.00519
14	0.01873	0.32299	0.08696	0.01329	0.01763	0.32066	0.01190	0.02101	0.01455	0.04226	0.01012	0.01165	0.00844	0.00611	0.00549	0.00155	0.03959	0.00394	0.03550	0.00761
15	0.01763	0.06327	0.01557	0.01216	0.03433	0.04337	0.00953	0.22756	0.13464	0.09573	0.01834	0.03510	0.03699	0.03392	0.05999	0.00241	0.00653	0.00600	0.02262	0.12430
16	0.04837	0.07002	0.15323	0.04207	0.15893	0.07341	0.01356	0.08775	0.06188	0.05919	0.09145	0.06484	0.03369	0.00787	0.00601	0.00188	0.00669	0.00654	0.00430	0.00833

[dist]
# distance from previous block
# <min> <max>
0	3

[block]
# block no. 3 follows, 37 sequences, length 9
# corresponding to MSA columns:
# 288-296
name=unknown_D
#
# <colnr> <probs for GDERKNQSTAVLIFYWHMCP>
#	G	D	E	R	K	N	Q	S	T	A	V	L	I	F	Y	W	H	M	C	P
0	0.06949	0.08759	0.23162	0.05227	0.09195	0.14436	0.07101	0.05020	0.03190	0.05355	0.01279	0.05324	0.01046	0.00667	0.00576	0.00185	0.00812	0.00542	0.00349	0.00827
1	0.05920	0.01545	0.02166	0.04922	0.30903	0.07405	0.06246	0.08113	0.01403	0.02001	0.01053	0.01414	0.00891	0.00719	0.00994	0.00207	0.22404	0.00532	0.00325	0.00836
2	0.00990	0.00779	0.01047	0.04564	0.03846	0.00793	0.04041	0.01335	0.09261	0.01738	0.06735	0.15718	0.15132	0.13201	0.07691	0.03258	0.00581	0.03151	0.05557	0.00582
3	0.01061	0.00672	0.00820	0.00767	0.00969	0.00593	0.00580	0.01279	0.01565	0.12001	0.33908	0.11153	0.29620	0.01349	0.00713	0.00202	0.00334	0.01162	0.00638	0.00612
4	0.01247	0.01494	0.13407	0.07268	0.10698	0.07762	0.03198	0.04251	0.07391	0.01902	0.07378	0.11387	0.11002	0.04453	0.04238	0.00253	0.00692	0.00827	0.00427	0.00727
5	0.01311	0.01113	0.01193	0.01116	0.01396	0.01248	0.00850	0.02609	0.54091	0.02301	0.03019	0.15305	0.09662	0.01086	0.00660	0.00214	0.00445	0.00928	0.00608	0.00844
6	0.05450	0.08547	0.19236	0.05655	0.15713	0.01576	0.01505	0.18566	0.07112	0.06869	0.03113	0.01553	0.01119	0.00652	0.00578	0.00185	0.00702	0.00525	0.00424	0.00921
7	0.10366	0.06642	0.01873	0.01782	0.15710	0.18130	0.01218	0.23084	0.06633	0.06878	0.01314	0.01408	0.00999	0.00653	0.00561	0.00177	0.00736	0.00492	0.00451	0.00894
8	0.57883	0.04112	0.06450	0.01270	0.09448	0.05633	0.00970	0.04483	0.01212	0.02534	0.00931	0.01096	0.00730	0.00575	0.00437	0.00185	0.00581	0.00375	0.00363	0.00734

[dist]
# distance from previous block
# <min> <max>
0	1

[block]
# block no. 4 follows, 37 sequences, length 20
# corresponding to MSA columns:
# 298-302,304-318
name=unknown_E
#
# <colnr> <probs for GDERKNQSTAVLIFYWHMCP>
#	G	D	E	R	K	N	Q	S	T	A	V	L	I	F	Y	W	H	M	C	P
0	0.01258	0.01276	0.08209	0.09299	0.08596	0.05185	0.04634	0.03923	0.04914	0.04478	0.12029	0.05641	0.15272	0.00940	0.00676	0.00192	0.02865	0.00798	0.06281	0.03534
1	0.00753	0.00619	0.00668	0.00664	0.00852	0.00534	0.00496	0.00932	0.01435	0.01782	0.17758	0.07850	0.58217	0.01598	0.02905	0.00228	0.00346	0.01256	0.00580	0.00528
2	0.03811	0.01539	0.05652	0.04405	0.26836	0.07288	0.05928	0.12128	0.02950	0.06609	0.01460	0.03153	0.02540	0.03631	0.05783	0.00257	0.04182	0.00598	0.00395	0.00855
3	0.00876	0.00650	0.00952	0.00952	0.01050	0.00748	0.00725	0.01073	0.00974	0.01397	0.01669	0.02567	0.01601	0.12063	0.68686	0.00944	0.01534	0.00680	0.00332	0.00529
4	0.09277	0.09530	0.10608	0.11216	0.32410	0.01543	0.03064	0.06722	0.04106	0.02115	0.03073	0.01507	0.01045	0.00599	0.00567	0.00183	0.00708	0.00516	0.00340	0.00871
5	0.01194	0.01021	0.01595	0.12288	0.26031	0.01086	0.01247	0.04613	0.01339	0.01862	0.08869	0.04842	0.01888	0.06259	0.18569	0.00407	0.00879	0.04907	0.00383	0.00720
6	0.00877	0.00585	0.00749	0.00826	0.00923	0.00531	0.00574	0.01012	0.01282	0.06269	0.08742	0.57117	0.14741	0.01742	0.00758	0.00235	0.00354	0.01556	0.00588	0.00540
7	0.01141	0.00571	0.00571	0.00571	0.00713	0.00571	0.00428	0.01426	0.01284	0.02282	0.01997	0.02282	0.01569	0.00713	0.00428	0.00143	0.00285	0.00571	0.81886	0.00571
8	0.00745	0.00583	0.00675	0.00732	0.00860	0.00514	0.00519	0.00891	0.01329	0.01684	0.10832	0.36461	0.38637	0.01681	0.00748	0.00223	0.00327	0.01467	0.00577	0.00514
9	0.01141	0.00571	0.00571	0.00571	0.00713	0.00571	0.00428	0.01426	0.01284	0.02282	0.01997	0.02282	0.01569	0.00713	0.00428	0.00143	0.00285	0.00571	0.81886	0.00571
10	0.01668	0.01411	0.01423	0.01256	0.01605	0.06400	0.00986	0.11577	0.52645	0.04684	0.02249	0.02222	0.01713	0.00907	0.02303	0.00218	0.00572	0.02459	0.02769	0.00932
11	0.82811	0.01184	0.00900	0.00805	0.01184	0.01373	0.00663	0.01799	0.01042	0.02746	0.00852	0.00994	0.00663	0.00568	0.00379	0.00189	0.00474	0.00331	0.00379	0.00663
12	0.28527	0.01087	0.01253	0.00998	0.01441	0.01052	0.00823	0.02602	0.01523	0.51798	0.01912	0.01733	0.01241	0.00697	0.00539	0.00189	0.00506	0.00524	0.00636	0.00920
13	0.01403	0.01323	0.07428	0.29416	0.07696	0.01347	0.01385	0.12353	0.08799	0.04739	0.01753	0.05308	0.05324	0.01018	0.05245	0.00250	0.03357	0.00657	0.00410	0.00788
14	0.01378	0.01085	0.01280	0.00920	0.01459	0.00822	0.00738	0.01647	0.01305	0.07373	0.01186	0.01329	0.00951	0.00476	0.00465	0.00098	0.00458	0.00381	0.00392	0.76256
15	0.01576	0.01603	0.02320	0.11182	0.57933	0.11003	0.01771	0.01918	0.01420	0.01890	0.01118	0.01475	0.00930	0.00563	0.00600	0.00181	0.00785	0.00526	0.00301	0.00906
16	0.06403	0.00615	0.00749	0.00837	0.00938	0.00580	0.00585	0.00967	0.01207	0.01699	0.05046	0.59582	0.09763	0.01710	0.00736	0.00234	0.00368	0.03532	0.00549	0.03901
17	0.00746	0.00609	0.00642	0.00654	0.00824	0.00524	0.00473	0.00889	0.01346	0.01642	0.08609	0.12982	0.58299	0.07898	0.00926	0.00242	0.00337	0.01296	0.00557	0.00506
18	0.03091	0.06643	0.06632	0.01262	0.03915	0.03058	0.02404	0.13719	0.04289	0.12050	0.04806	0.08247	0.01529	0.00882	0.02449	0.00193	0.05433	0.00630	0.01775	0.16992
19	0.08971	0.14449	0.13477	0.01550	0.05229	0.07845	0.11614	0.08023	0.07753	0.05159	0.01360	0.01616	0.01073	0.00643	0.00557	0.00179	0.00730	0.02721	0.04026	0.03021

[dist]
# distance from previous block
# <min> <max>
3	11

[block]
# block no. 5 follows, 37 sequences, length 42
# corresponding to MSA columns:
# 331-372
name=unknown_F
#
# <colnr> <probs for GDERKNQSTAVLIFYWHMCP>
#	G	D	E	R	K	N	Q	S	T	A	V	L	I	F	Y	W	H	M	C	P
0	0.00824	0.00624	0.00759	0.00726	0.00888	0.00560	0.00544	0.01073	0.01633	0.02217	0.54118	0.04964	0.26152	0.01340	0.00722	0.00197	0.00295	0.01162	0.00643	0.00560
1	0.00761	0.00596	0.00689	0.00719	0.00863	0.00524	0.00519	0.00931	0.01404	0.01800	0.20086	0.26274	0.39474	0.01591	0.00740	0.00216	0.00318	0.01380	0.00591	0.00524
2	0.79810	0.01189	0.00918	0.00821	0.01199	0.01379	0.00674	0.01853	0.03719	0.02740	0.00913	0.01042	0.00707	0.00578	0.00388	0.00190	0.00474	0.00345	0.00388	0.00674
3	0.00746	0.00616	0.00655	0.00655	0.00843	0.00525	0.00487	0.00919	0.01435	0.01770	0.16336	0.09403	0.60447	0.01524	0.00726	0.00207	0.00309	0.01287	0.00584	0.00525
4	0.01156	0.01088	0.01836	0.77016	0.04216	0.01360	0.01700	0.01564	0.01224	0.01564	0.01088	0.01632	0.00816	0.00612	0.00612	0.00204	0.00816	0.00544	0.00272	0.00680
5	0.01637	0.78856	0.03208	0.01047	0.01571	0.02422	0.01047	0.01833	0.01244	0.01440	0.00851	0.00982	0.00786	0.00524	0.00393	0.00131	0.00655	0.00327	0.00262	0.00786
6	0.01662	0.01284	0.01388	0.01228	0.01588	0.01452	0.00961	0.03222	0.65381	0.10825	0.02483	0.02261	0.01828	0.00822	0.00622	0.00206	0.00489	0.00683	0.00638	0.00977
7	0.01575	0.35159	0.36186	0.01373	0.02066	0.01788	0.01589	0.02013	0.01324	0.10062	0.01143	0.01250	0.00864	0.00577	0.00505	0.00167	0.00754	0.00418	0.00317	0.00870
8	0.02278	0.01690	0.01810	0.01399	0.01880	0.01876	0.01152	0.68428	0.07157	0.03779	0.01531	0.01519	0.01091	0.00741	0.00613	0.00185	0.00662	0.00560	0.00613	0.01037
9	0.01134	0.00685	0.00904	0.00815	0.01007	0.00623	0.00623	0.01415	0.01735	0.12780	0.64121	0.04219	0.05170	0.01181	0.00707	0.00192	0.00322	0.01037	0.00686	0.00644
10	0.01401	0.03862	0.17456	0.09369	0.18179	0.07541	0.09549	0.01791	0.01393	0.05744	0.04913	0.11420	0.03101	0.00802	0.00635	0.00196	0.00750	0.00724	0.00372	0.00801
11	0.01472	0.11788	0.30190	0.01615	0.03767	0.07021	0.09385	0.04592	0.10473	0.03770	0.05239	0.03470	0.01309	0.00691	0.00626	0.00189	0.02613	0.00570	0.00370	0.00851
12	0.00840	0.00574	0.00687	0.00734	0.00751	0.00560	0.00445	0.00887	0.01016	0.01360	0.04999	0.29219	0.02972	0.49698	0.02237	0.00462	0.00502	0.01187	0.00449	0.00421
13	0.01547	0.01535	0.06243	0.12433	0.04601	0.01476	0.32412	0.14644	0.05575	0.04322	0.06073	0.01943	0.01361	0.00669	0.00672	0.00201	0.00822	0.02213	0.00414	0.00844
14	0.01514	0.01700	0.12055	0.13928	0.24513	0.05172	0.17849	0.03838	0.03188	0.06070	0.01399	0.01687	0.03029	0.00610	0.00632	0.00193	0.00822	0.00594	0.00344	0.00864
15	0.01318	0.01248	0.02116	0.39457	0.37720	0.01385	0.01753	0.01698	0.01297	0.01767	0.01137	0.01603	0.00914	0.00717	0.03199	0.00220	0.00802	0.00549	0.00289	0.00814
16	0.00775	0.00588	0.00715	0.00755	0.00877	0.00527	0.00539	0.00952	0.01410	0.01859	0.25597	0.33531	0.26449	0.01603	0.00745	0.00219	0.00321	0.01410	0.00600	0.00527
17	0.04201	0.01342	0.02114	0.04229	0.33418	0.01333	0.07902	0.06897	0.03924	0.24120	0.01585	0.01704	0.01148	0.00644	0.00649	0.00190	0.02587	0.00582	0.00472	0.00960
18	0.04887	0.05390	0.05966	0.01506	0.05374	0.30035	0.03145	0.12168	0.12505	0.03942	0.01502	0.01693	0.02989	0.05398	0.00728	0.00202	0.00810	0.00534	0.00420	0.00807
19	0.09033	0.01269	0.01482	0.01153	0.01607	0.01278	0.00950	0.27751	0.02073	0.39793	0.01927	0.01785	0.01279	0.00732	0.00585	0.00185	0.00559	0.00567	0.05008	0.00985
20	0.01376	0.01291	0.02098	0.34803	0.35454	0.01443	0.01706	0.03572	0.06182	0.01880	0.01211	0.01610	0.00961	0.00615	0.00655	0.00196	0.03239	0.00554	0.00318	0.00838
21	0.01302	0.04919	0.04005	0.38907	0.23796	0.01373	0.01576	0.01756	0.05193	0.01816	0.01257	0.01655	0.00986	0.00609	0.00582	0.00188	0.00717	0.00542	0.08040	0.00780
22	0.00823	0.00624	0.00753	0.00756	0.00907	0.00565	0.00571	0.01038	0.01502	0.01989	0.34959	0.10174	0.28927	0.05321	0.00860	0.00231	0.00345	0.08511	0.00604	0.00539
23	0.00936	0.00646	0.00822	0.00818	0.00962	0.00601	0.00603	0.01208	0.04005	0.05620	0.40454	0.24241	0.12044	0.01434	0.00733	0.00212	0.00334	0.03108	0.00634	0.00585
24	0.00789	0.00613	0.00717	0.00712	0.00872	0.00541	0.00526	0.00997	0.01519	0.01995	0.35796	0.13268	0.36540	0.01460	0.00729	0.00205	0.00306	0.01260	0.00615	0.00541
25	0.00981	0.00677	0.00843	0.00801	0.00974	0.00630	0.00600	0.01303	0.05458	0.06639	0.48125	0.12585	0.15415	0.01317	0.00717	0.00201	0.00324	0.01152	0.00649	0.00609
26	0.82811	0.01184	0.00900	0.00805	0.01184	0.01373	0.00663	0.01799	0.01042	0.02746	0.00852	0.00994	0.00663	0.00568	0.00379	0.00189	0.00474	0.00331	0.00379	0.00663
27	0.02287	0.02917	0.01735	0.01577	0.01892	0.76030	0.01183	0.02444	0.01735	0.01498	0.00946	0.01104	0.00788	0.00631	0.00552	0.00158	0.01104	0.00394	0.00315	0.00710
28	0.82811	0.01184	0.00900	0.00805	0.01184	0.01373	0.00663	0.01799	0.01042	0.02746	0.00852	0.00994	0.00663	0.00568	0.00379	0.00189	0.00474	0.00331	0.00379	0.00663
29	0.82811	0.01184	0.00900	0.00805	0.01184	0.01373	0.00663	0.01799	0.01042	0.02746	0.00852	0.00994	0.00663	0.00568	0.00379	0.00189	0.00474	0.00331	0.00379	0.00663
30	0.00723	0.00620	0.00620	0.00620	0.00827	0.00517	0.00465	0.00878	0.01395	0.01654	0.06201	0.05891	0.74421	0.01550	0.00723	0.00207	0.00310	0.01292	0.00568	0.00517
31	0.02746	0.01042	0.01421	0.01089	0.01563	0.00900	0.00900	0.02983	0.01752	0.75093	0.02415	0.02083	0.01515	0.00758	0.00616	0.00189	0.00521	0.00616	0.00758	0.01042
32	0.01999	0.01552	0.01652	0.01342	0.01773	0.01745	0.01084	0.44336	0.31704	0.03329	0.01886	0.01802	0.01378	0.00774	0.00617	0.00193	0.00596	0.00609	0.00617	0.01012
33	0.01228	0.03166	0.75316	0.01745	0.02649	0.01422	0.02262	0.01939	0.01292	0.01939	0.01099	0.01292	0.00775	0.00582	0.00582	0.00194	0.00905	0.00452	0.00258	0.00905
34	0.00766	0.00576	0.00710	0.00773	0.00877	0.00520	0.00543	0.00926	0.01354	0.01782	0.19694	0.42773	0.23132	0.01674	0.00753	0.00225	0.00329	0.01482	0.00591	0.00520
35	0.01318	0.00729	0.00944	0.00831	0.01065	0.00650	0.00644	0.01577	0.01696	0.20489	0.47944	0.04114	0.13218	0.01165	0.00696	0.00194	0.00349	0.01007	0.00682	0.00686
36	0.01126	0.01028	0.01409	0.01280	0.01340	0.03107	0.01032	0.01298	0.00978	0.01441	0.01241	0.01921	0.01193	0.04949	0.37581	0.00618	0.36954	0.00600	0.00301	0.00603
37	0.10694	0.02486	0.48846	0.01915	0.14231	0.01379	0.01906	0.01998	0.01318	0.08000	0.01186	0.01359	0.00855	0.00588	0.00565	0.00191	0.00795	0.00467	0.00320	0.00899
38	0.00831	0.00651	0.00762	0.00791	0.00938	0.00609	0.00576	0.01129	0.07269	0.01865	0.18771	0.29501	0.29307	0.01557	0.00737	0.00220	0.00341	0.02992	0.00594	0.00561
39	0.01479	0.07353	0.09371	0.10858	0.19631	0.03542	0.09308	0.08027	0.05188	0.02018	0.01275	0.03349	0.01048	0.00689	0.00762	0.00195	0.09807	0.00572	0.04696	0.00831
40	0.51302	0.13518	0.01455	0.01020	0.01411	0.17277	0.00844	0.03744	0.01266	0.02311	0.00888	0.01028	0.00718	0.00579	0.00423	0.00174	0.00639	0.00350	0.00353	0.00701
41	0.00921	0.00672	0.00807	0.00773	0.00954	0.00619	0.00584	0.01233	0.05389	0.04741	0.41783	0.08544	0.26352	0.01348	0.00719	0.00203	0.00324	0.02808	0.00634	0.00592

[dist]
# distance from previous block
# <min> <max>
0	1

[block]
# block no. 6 follows, 37 sequences, length 32
# corresponding to MSA columns:
# 374-405
name=unknown_G
#
# <colnr> <probs for GDERKNQSTAVLIFYWHMCP>
#	G	D	E	R	K	N	Q	S	T	A	V	L	I	F	Y	W	H	M	C	P
0	0.01362	0.11007	0.46196	0.01904	0.07295	0.03990	0.11695	0.01916	0.01309	0.01851	0.01073	0.01319	0.00813	0.00593	0.00662	0.00191	0.05204	0.00485	0.00271	0.00865
1	0.00900	0.00719	0.00955	0.01089	0.09308	0.00664	0.00715	0.01151	0.01555	0.02098	0.39254	0.07550	0.25252	0.01309	0.00718	0.00203	0.00363	0.05005	0.00590	0.00600
2	0.01012	0.01037	0.06185	0.01078	0.01242	0.01056	0.00919	0.01242	0.01345	0.01876	0.26441	0.03612	0.22055	0.01225	0.01146	0.00222	0.26293	0.00919	0.00481	0.00615
3	0.01063	0.00532	0.00797	0.00797	0.00797	0.00532	0.00532	0.00797	0.00797	0.01063	0.01063	0.01861	0.01063	0.02127	0.02392	0.82190	0.00532	0.00532	0.00266	0.00266
4	0.01273	0.00715	0.00936	0.00835	0.01053	0.00642	0.00642	0.01534	0.01692	0.18651	0.50753	0.07091	0.09365	0.01188	0.00701	0.00195	0.00345	0.01035	0.00681	0.00674
5	0.00763	0.00622	0.00675	0.00662	0.00851	0.00534	0.00496	0.00955	0.01489	0.01875	0.25058	0.05526	0.55425	0.01468	0.00723	0.00203	0.00304	0.01241	0.00598	0.00534
6	0.01424	0.01362	0.02320	0.22304	0.56833	0.01431	0.01833	0.01799	0.01351	0.01889	0.01135	0.01545	0.00931	0.00562	0.00608	0.00187	0.00750	0.00545	0.00295	0.00896
7	0.01597	0.70392	0.07204	0.01117	0.01634	0.02336	0.01132	0.01819	0.01230	0.01470	0.00862	0.01019	0.00786	0.00557	0.00491	0.00142	0.04819	0.00346	0.00262	0.00786
8	0.04213	0.16077	0.05753	0.04727	0.20406	0.18941	0.01355	0.11932	0.01624	0.02045	0.01075	0.01275	0.00875	0.00586	0.00536	0.00162	0.00778	0.00447	0.00345	0.06849
9	0.01196	0.01125	0.01585	0.01400	0.01429	0.01524	0.01144	0.01346	0.00947	0.01446	0.01075	0.01743	0.01060	0.05570	0.21537	0.00471	0.53906	0.00584	0.00288	0.00623
10	0.00746	0.00627	0.00652	0.00664	0.00865	0.00533	0.00510	0.00912	0.01396	0.01669	0.05944	0.05979	0.68267	0.01562	0.00734	0.00213	0.00332	0.07303	0.00568	0.00521
11	0.02305	0.01754	0.01762	0.01388	0.01849	0.09362	0.01130	0.55024	0.07310	0.09543	0.01563	0.01538	0.01110	0.00732	0.00607	0.00183	0.00692	0.00550	0.00595	0.01002
12	0.02568	0.01223	0.01587	0.01342	0.06590	0.01164	0.01026	0.18745	0.01984	0.53944	0.02114	0.01905	0.01370	0.00738	0.00614	0.00188	0.00570	0.00596	0.00694	0.01037
13	0.01777	0.01326	0.01404	0.01230	0.01598	0.04267	0.00964	0.03172	0.57620	0.15840	0.02418	0.02202	0.01762	0.00809	0.00619	0.00202	0.00515	0.00667	0.00636	0.00972
14	0.00890	0.00596	0.00678	0.00678	0.00682	0.00599	0.00384	0.00897	0.00893	0.01195	0.01919	0.03953	0.02203	0.76053	0.05518	0.00606	0.00628	0.00882	0.00369	0.00377
15	0.00815	0.00624	0.00747	0.00716	0.00883	0.00556	0.00537	0.01055	0.01611	0.02166	0.49747	0.05048	0.30555	0.01359	0.00723	0.00198	0.00296	0.01174	0.00636	0.00556
16	0.01637	0.78856	0.03208	0.01047	0.01571	0.02422	0.01047	0.01833	0.01244	0.01440	0.00851	0.00982	0.00786	0.00524	0.00393	0.00131	0.00655	0.00327	0.00262	0.00786
17	0.01543	0.01130	0.01333	0.00969	0.01500	0.00910	0.00782	0.07192	0.01456	0.11649	0.01290	0.01391	0.00996	0.00515	0.00487	0.00111	0.00479	0.00410	0.00433	0.65427
18	0.79682	0.01162	0.00897	0.00804	0.01174	0.01343	0.00660	0.01775	0.01068	0.02735	0.03659	0.01131	0.00858	0.00594	0.00392	0.00190	0.00466	0.00361	0.00390	0.00660
19	0.02746	0.01042	0.01421	0.01089	0.01563	0.00900	0.00900	0.02983	0.01752	0.75093	0.02415	0.02083	0.01515	0.00758	0.00616	0.00189	0.00521	0.00616	0.00758	0.01042
20	0.07030	0.01126	0.01440	0.01110	0.01580	0.01039	0.00917	0.10867	0.01842	0.63050	0.02223	0.01955	0.01415	0.00745	0.00602	0.00189	0.00536	0.00593	0.00721	0.01021
21	0.01284	0.02492	0.49105	0.05527	0.08769	0.01427	0.03876	0.02043	0.10683	0.01976	0.01299	0.01509	0.00969	0.00770	0.03380	0.00226	0.02952	0.00513	0.00315	0.00886
22	0.00889	0.00600	0.00700	0.00700	0.00711	0.00611	0.00411	0.00911	0.00900	0.01211	0.01899	0.03842	0.02154	0.70939	0.10567	0.00633	0.00700	0.00866	0.00367	0.00389
23	0.00868	0.00584	0.00674	0.00696	0.00702	0.00578	0.00402	0.00884	0.00934	0.01246	0.02154	0.15581	0.02510	0.66524	0.02751	0.00540	0.00556	0.01023	0.00402	0.00391
24	0.01257	0.01784	0.20248	0.04108	0.02617	0.01330	0.37576	0.01733	0.01342	0.01863	0.01588	0.13459	0.01459	0.00811	0.00741	0.00215	0.03344	0.03406	0.00344	0.00775
25	0.06186	0.12115	0.15475	0.04784	0.01947	0.09469	0.03831	0.15702	0.04015	0.02240	0.03210	0.03851	0.03498	0.00763	0.01931	0.00187	0.00726	0.00540	0.00397	0.09132
26	0.01704	0.03016	0.01795	0.26555	0.14099	0.01396	0.01350	0.17195	0.05562	0.12367	0.04140	0.01797	0.01256	0.00685	0.00603	0.00189	0.00666	0.00580	0.04182	0.00863
27	0.00933	0.00644	0.00861	0.02815	0.03234	0.00608	0.00676	0.01106	0.01329	0.05705	0.13999	0.40712	0.11396	0.05157	0.00862	0.00249	0.00403	0.08183	0.00569	0.00560
28	0.01417	0.07173	0.03489	0.12493	0.22072	0.07452	0.06262	0.05676	0.06068	0.01873	0.01571	0.09151	0.02519	0.03992	0.05911	0.00261	0.00786	0.00685	0.00368	0.00782
29	0.05111	0.03851	0.19001	0.05072	0.25998	0.16225	0.01630	0.04599	0.05263	0.01964	0.01212	0.03481	0.00996	0.00644	0.00611	0.00185	0.02447	0.00520	0.00331	0.00858
30	0.12594	0.03487	0.03657	0.14415	0.27067	0.03588	0.04439	0.04453	0.08602	0.02134	0.03174	0.01700	0.02663	0.00638	0.00571	0.00186	0.00668	0.00553	0.03005	0.02405
31	0.05292	0.20897	0.08626	0.07071	0.10379	0.07009	0.04564	0.05705	0.01488	0.15973	0.01473	0.01581	0.03011	0.00638	0.00541	0.00172	0.00691	0.00506	0.03532	0.00848

[dist]
# distance from previous block
# <min> <max>
1	26

[block]
# block no. 7 follows, 37 sequences, length 14
# corresponding to MSA columns:
# 432-445
name=unknown_H
#
# <colnr> <probs for GDERKNQSTAVLIFYWHMCP>
#	G	D	E	R	K	N	Q	S	T	A	V	L	I	F	Y	W	H	M	C	P
0	0.04175	0.03349	0.13354	0.05165	0.06452	0.06473	0.11703	0.06371	0.10109	0.07103	0.04880	0.01998	0.05457	0.00945	0.05188	0.00235	0.00771	0.00621	0.00422	0.05226
1	0.01543	0.08976	0.17236	0.03170	0.05703	0.07433	0.05144	0.12644	0.03279	0.04169	0.06768	0.06258	0.01472	0.00721	0.00581	0.00172	0.00691	0.00596	0.00410	0.13036
2	0.04632	0.01367	0.01576	0.01582	0.13897	0.04848	0.01070	0.16739	0.17117	0.05276	0.05050	0.03569	0.03978	0.00738	0.00585	0.00173	0.00571	0.00609	0.00499	0.16125
3	0.01315	0.00937	0.01083	0.00919	0.01245	0.00873	0.00717	0.06028	0.12712	0.10337	0.17248	0.07014	0.17853	0.01027	0.00634	0.00178	0.00411	0.00867	0.00578	0.18024
4	0.01230	0.00852	0.00966	0.00896	0.01088	0.03368	0.00671	0.05073	0.10245	0.07710	0.21483	0.09582	0.11201	0.03899	0.03663	0.09867	0.00473	0.00913	0.06192	0.00630
5	0.01530	0.01522	0.02345	0.12747	0.60224	0.07219	0.01802	0.01883	0.01399	0.01906	0.01128	0.01498	0.00936	0.00560	0.00603	0.00183	0.00767	0.00534	0.00300	0.00913
6	0.01118	0.01041	0.01677	0.65365	0.03725	0.01267	0.01529	0.01543	0.03802	0.01610	0.01738	0.02155	0.09497	0.00730	0.00625	0.00204	0.00745	0.00637	0.00319	0.00671
7	0.01003	0.00808	0.01094	0.01193	0.05643	0.00819	0.00909	0.01234	0.01334	0.01786	0.06261	0.13530	0.14052	0.01448	0.00887	0.00240	0.08320	0.32020	0.00508	0.06911
8	0.01216	0.01131	0.01875	0.43931	0.24886	0.01272	0.01586	0.01588	0.01336	0.01793	0.09098	0.02076	0.04261	0.00697	0.00626	0.00196	0.00714	0.00633	0.00336	0.00750
9	0.00929	0.00670	0.00923	0.00916	0.01006	0.00753	0.00673	0.01149	0.05069	0.01407	0.01706	0.02704	0.01664	0.20239	0.50227	0.07145	0.01261	0.00699	0.00349	0.00511
10	0.01695	0.03557	0.04135	0.01484	0.07313	0.10268	0.01119	0.15858	0.34855	0.02562	0.07259	0.02144	0.01779	0.00802	0.00617	0.00193	0.00618	0.02294	0.00541	0.00907
11	0.01089	0.01618	0.28440	0.01144	0.01608	0.00937	0.01221	0.01565	0.04605	0.05504	0.23470	0.03501	0.18761	0.01041	0.00664	0.00199	0.00549	0.02866	0.00495	0.00724
12	0.04256	0.07207	0.18348	0.05094	0.07608	0.01447	0.02761	0.11248	0.16755	0.08834	0.03792	0.02045	0.04560	0.00753	0.00600	0.00193	0.00653	0.02490	0.00467	0.00889
13	0.05694	0.19464	0.05407	0.04434	0.08755	0.10933	0.04196	0.05864	0.11477	0.07964	0.04674	0.05739	0.01422	0.00727	0.00561	0.00178	0.00677	0.00584	0.00424	0.00826

[dist]
# distance from previous block
# <min> <max>
0	12

[block]
# block no. 8 follows, 37 sequences, length 21
# corresponding to MSA columns:
# 458-478
name=unknown_I
#
# <colnr> <probs for GDERKNQSTAVLIFYWHMCP>
#	G	D	E	R	K	N	Q	S	T	A	V	L	I	F	Y	W	H	M	C	P
0	0.09190	0.01331	0.05502	0.06410	0.29229	0.04742	0.01291	0.01774	0.06561	0.03606	0.05958	0.09385	0.07188	0.00828	0.00608	0.00190	0.00608	0.00721	0.00409	0.04470
1	0.13805	0.03857	0.01734	0.09238	0.17104	0.05021	0.04735	0.10412	0.04185	0.05294	0.01427	0.06053	0.01264	0.09320	0.00912	0.00238	0.03601	0.00622	0.00402	0.00776
2	0.67154	0.01300	0.01084	0.00988	0.03353	0.03427	0.00775	0.09650	0.03397	0.02809	0.00979	0.01102	0.00752	0.00595	0.00423	0.00188	0.00520	0.00374	0.00408	0.00723
3	0.02324	0.01097	0.01402	0.01070	0.01553	0.00959	0.00875	0.05681	0.05742	0.51331	0.02077	0.01883	0.01377	0.00692	0.00579	0.00168	0.00510	0.00560	0.00654	0.19466
4	0.02718	0.01087	0.01449	0.01111	0.01585	0.00967	0.00917	0.07677	0.01828	0.70292	0.02351	0.02042	0.01483	0.00756	0.00615	0.00189	0.00531	0.00611	0.00748	0.01042
5	0.00746	0.00533	0.00710	0.00852	0.00888	0.00497	0.00568	0.00852	0.01172	0.01563	0.03374	0.78088	0.04049	0.01918	0.00781	0.00249	0.00355	0.01740	0.00568	0.00497
6	0.82811	0.01184	0.00900	0.00805	0.01184	0.01373	0.00663	0.01799	0.01042	0.02746	0.00852	0.00994	0.00663	0.00568	0.00379	0.00189	0.00474	0.00331	0.00379	0.00663
7	0.01269	0.01088	0.01269	0.00907	0.01451	0.00816	0.00725	0.01541	0.01269	0.01995	0.01088	0.01269	0.00907	0.00453	0.00453	0.00091	0.00453	0.00363	0.00363	0.82229
8	0.01615	0.66868	0.07137	0.01142	0.01645	0.04746	0.01140	0.01835	0.01242	0.01472	0.00865	0.01028	0.00786	0.00567	0.00518	0.00145	0.05854	0.00351	0.00264	0.00782
9	0.01063	0.00532	0.00797	0.00797	0.00797	0.00532	0.00532	0.00797	0.00797	0.01063	0.01063	0.01861	0.01063	0.02127	0.02392	0.82190	0.00532	0.00532	0.00266	0.00266
10	0.01268	0.04580	0.01925	0.01554	0.01660	0.01641	0.08294	0.01460	0.01011	0.01510	0.01018	0.01571	0.00963	0.01706	0.16816	0.00401	0.51105	0.00570	0.00284	0.00665
11	0.01776	0.01788	0.06592	0.20686	0.13463	0.20266	0.01443	0.04846	0.06982	0.10809	0.01333	0.01544	0.01003	0.00664	0.00657	0.00189	0.04227	0.00520	0.00386	0.00825
12	0.01756	0.05092	0.03365	0.05967	0.11315	0.18004	0.06059	0.14882	0.05816	0.04001	0.01527	0.04657	0.04260	0.00781	0.00771	0.00193	0.09727	0.00602	0.00406	0.00819
13	0.00829	0.00591	0.00725	0.00755	0.00823	0.00573	0.00504	0.00926	0.01133	0.01504	0.10261	0.22273	0.14404	0.29248	0.09988	0.02808	0.00573	0.01148	0.00474	0.00462
14	0.03400	0.28444	0.15438	0.01356	0.03918	0.12624	0.02917	0.05210	0.05967	0.01832	0.01238	0.01409	0.02719	0.02365	0.00564	0.00166	0.00733	0.00449	0.00333	0.08920
15	0.01009	0.00838	0.00884	0.00912	0.01067	0.05588	0.00678	0.07317	0.01462	0.01840	0.05858	0.36630	0.22938	0.01585	0.00741	0.00227	0.00440	0.08854	0.00558	0.00574
16	0.03845	0.01292	0.01809	0.10883	0.17763	0.03191	0.06744	0.12109	0.08639	0.02193	0.05061	0.05568	0.08668	0.00930	0.02382	0.00219	0.06751	0.00717	0.00431	0.00803
17	0.61520	0.03459	0.01245	0.06014	0.10595	0.01419	0.00905	0.01860	0.04336	0.02532	0.00978	0.01157	0.00768	0.00579	0.00433	0.00189	0.00533	0.00388	0.00370	0.00720
18	0.05998	0.01499	0.06466	0.06873	0.04338	0.08241	0.01117	0.17883	0.07654	0.16713	0.08290	0.02165	0.06468	0.00812	0.00647	0.00191	0.02607	0.00640	0.00536	0.00861
19	0.05001	0.07252	0.03971	0.07037	0.03343	0.09178	0.01016	0.13703	0.01580	0.10037	0.01880	0.21409	0.01817	0.03249	0.00763	0.00212	0.04590	0.00829	0.02387	0.00746
20	0.12885	0.07119	0.13291	0.03841	0.08020	0.02879	0.04104	0.09668	0.02951	0.08977	0.09861	0.08105	0.01788	0.03104	0.00663	0.00203	0.00624	0.00671	0.00452	0.00796

[dist]
# distance from previous block
# <min> <max>
0	5

[block]
# block no. 9 follows, 37 sequences, length 17
# corresponding to MSA columns:
# 484-500
name=unknown_J
#
# <colnr> <probs for GDERKNQSTAVLIFYWHMCP>
#	G	D	E	R	K	N	Q	S	T	A	V	L	I	F	Y	W	H	M	C	P
0	0.08557	0.01626	0.10393	0.08025	0.01903	0.09802	0.01134	0.15038	0.06191	0.04876	0.04340	0.03852	0.04482	0.00744	0.00573	0.00175	0.00650	0.02128	0.00445	0.15067
1	0.03934	0.10356	0.08744	0.11701	0.11245	0.08628	0.05836	0.09793	0.11614	0.04573	0.01691	0.01825	0.06045	0.00698	0.00588	0.00185	0.00720	0.00577	0.00406	0.00841
2	0.01661	0.05580	0.10625	0.06175	0.19227	0.09894	0.01388	0.17146	0.01701	0.03981	0.01422	0.09141	0.01242	0.00739	0.00593	0.00179	0.00716	0.00615	0.00405	0.07569
3	0.00909	0.00706	0.00865	0.00792	0.01011	0.00605	0.00591	0.01141	0.01482	0.02076	0.35765	0.17509	0.14551	0.01248	0.00676	0.00183	0.00339	0.01092	0.00573	0.17888
4	0.01393	0.01622	0.13584	0.05887	0.20133	0.03040	0.10994	0.01997	0.12689	0.04337	0.01966	0.02136	0.09733	0.00765	0.00746	0.00202	0.06877	0.00664	0.00389	0.00844
5	0.00785	0.00628	0.00705	0.00701	0.00884	0.00548	0.00535	0.00988	0.01497	0.01905	0.26276	0.05570	0.48980	0.01471	0.00732	0.00208	0.00322	0.06129	0.00599	0.00538
6	0.01197	0.02058	0.35494	0.01531	0.01974	0.01450	0.01638	0.01610	0.01163	0.01732	0.04104	0.01806	0.05704	0.01141	0.06654	0.00280	0.28831	0.00576	0.00302	0.00756
7	0.00941	0.00738	0.00996	0.00982	0.01085	0.02984	0.00752	0.01138	0.01005	0.01430	0.01627	0.02468	0.01546	0.10792	0.62501	0.00874	0.04131	0.00662	0.02806	0.00541
8	0.08198	0.01941	0.20299	0.02308	0.27573	0.06659	0.06696	0.08712	0.01514	0.04231	0.01217	0.01451	0.00935	0.00593	0.00577	0.00184	0.00764	0.00511	0.04749	0.00887
9	0.01506	0.00947	0.01041	0.00898	0.01163	0.00992	0.00707	0.18161	0.08732	0.07335	0.14838	0.02489	0.02221	0.00828	0.00554	0.00170	0.00410	0.00676	0.35580	0.00749
10	0.01221	0.02680	0.57349	0.06711	0.02599	0.01425	0.04849	0.01823	0.01255	0.01854	0.01174	0.04680	0.00930	0.00686	0.00734	0.00204	0.08171	0.00533	0.00276	0.00846
11	0.00802	0.00618	0.00732	0.00715	0.00878	0.00548	0.00532	0.01025	0.01562	0.02078	0.42597	0.09792	0.33083	0.01413	0.00726	0.00202	0.00302	0.01221	0.00625	0.00548
12	0.01577	0.08518	0.16699	0.02013	0.22484	0.01506	0.01482	0.16037	0.05735	0.04423	0.05831	0.03786	0.02759	0.02231	0.00674	0.00194	0.02134	0.00604	0.00418	0.00895
13	0.01731	0.09876	0.12327	0.09885	0.14770	0.05990	0.10384	0.17190	0.03748	0.06377	0.01282	0.01478	0.00963	0.00617	0.00595	0.00184	0.00783	0.00532	0.00392	0.00897
14	0.00804	0.00617	0.00741	0.00761	0.00907	0.00563	0.00569	0.00998	0.01419	0.01851	0.24187	0.15762	0.32438	0.04579	0.04614	0.00269	0.00411	0.07403	0.00578	0.00531
15	0.01203	0.01224	0.09416	0.03493	0.08926	0.02788	0.05899	0.05413	0.06930	0.03993	0.06224	0.19138	0.12642	0.04897	0.00787	0.00224	0.00560	0.00971	0.04565	0.00707
16	0.01597	0.04472	0.20436	0.03689	0.05137	0.07311	0.05909	0.10087	0.11434	0.08108	0.01650	0.03309	0.01333	0.00924	0.03988	0.00229	0.00779	0.05735	0.00433	0.03439

[dist]
# distance from previous block
# <min> <max>
0	37

[block]
# block no. 10 follows, 37 sequences, length 33
# corresponding to MSA columns:
# 538-570
name=unknown_K
#
# <colnr> <probs for GDERKNQSTAVLIFYWHMCP>
#	G	D	E	R	K	N	Q	S	T	A	V	L	I	F	Y	W	H	M	C	P
0	0.07380	0.09133	0.23564	0.01468	0.05813	0.08543	0.03075	0.11259	0.01562	0.05446	0.04335	0.08493	0.03438	0.00782	0.00580	0.00186	0.00707	0.00627	0.02797	0.00814
1	0.07151	0.09387	0.20094	0.01686	0.09445	0.09232	0.08869	0.09019	0.04290	0.02152	0.04561	0.01735	0.04440	0.00673	0.00573	0.00181	0.00744	0.00555	0.04391	0.00823
