[name]
unknown

[dist]
# distance from previous block
# <min> <max>
7	181

[block]
# block no. 0 follows, 35 sequences, length 37
# corresponding to MSA columns:
# 196-232
name=unknown_A
#
# <colnr> <probs for GDERKNQSTAVLIFYWHMCP>
#	G	D	E	R	K	N	Q	S	T	A	V	L	I	F	Y	W	H	M	C	P
0	0.04284	0.08996	0.15076	0.07918	0.04398	0.04193	0.01153	0.03393	0.01295	0.03362	0.01787	0.05375	0.05784	0.16286	0.01165	0.00273	0.03588	0.00674	0.06376	0.04623
1	0.03606	0.07097	0.07711	0.03506	0.03464	0.04662	0.01032	0.09143	0.06048	0.10538	0.03969	0.05511	0.05815	0.02465	0.03142	0.00209	0.00629	0.00640	0.03481	0.17331
2	0.01661	0.14048	0.16556	0.04048	0.03719	0.12022	0.01308	0.13055	0.04919	0.02214	0.05420	0.01700	0.01311	0.03806	0.00673	0.00189	0.00741	0.00526	0.03377	0.08707
3	0.01238	0.01015	0.02938	0.01050	0.03762	0.05157	0.00775	0.06908	0.01606	0.06620	0.22921	0.10309	0.18305	0.10527	0.01070	0.00258	0.03286	0.01037	0.00566	0.00655
4	0.01737	0.27729	0.04406	0.01218	0.01628	0.18337	0.01051	0.09480	0.05782	0.01973	0.03725	0.04728	0.03863	0.00902	0.03410	0.00197	0.00758	0.00554	0.04729	0.03793
5	0.01227	0.01286	0.11699	0.04094	0.07282	0.02827	0.01085	0.04047	0.03451	0.04262	0.22320	0.05214	0.06118	0.03741	0.06932	0.00276	0.03188	0.00808	0.05517	0.04627
6	0.01521	0.28810	0.25255	0.01484	0.06624	0.01687	0.01465	0.04717	0.01438	0.06543	0.06215	0.05723	0.01448	0.00880	0.03431	0.00211	0.00754	0.00572	0.00370	0.00853
7	0.01366	0.01421	0.10744	0.09125	0.15394	0.01295	0.01353	0.04931	0.13391	0.03867	0.06510	0.04246	0.01679	0.03926	0.11061	0.00330	0.04845	0.00676	0.00426	0.03414
8	0.01184	0.00965	0.06291	0.00959	0.01190	0.00827	0.00774	0.05294	0.05651	0.08197	0.13625	0.14094	0.13256	0.15611	0.08874	0.00371	0.00616	0.01028	0.00542	0.00652
9	0.01134	0.00952	0.03071	0.01205	0.05712	0.00903	0.04213	0.09373	0.04046	0.02012	0.07665	0.22303	0.13775	0.13924	0.03118	0.00310	0.00558	0.04555	0.00525	0.00648
10	0.05190	0.01291	0.01638	0.37740	0.06545	0.08028	0.01357	0.04388	0.08274	0.03840	0.03295	0.06211	0.01350	0.00759	0.00616	0.00200	0.00722	0.00641	0.05344	0.02571
11	0.01362	0.01314	0.04040	0.39123	0.20123	0.01424	0.05981	0.04115	0.06518	0.01937	0.01327	0.01752	0.01032	0.00789	0.03405	0.00233	0.00822	0.00590	0.03299	0.00816
12	0.00780	0.00608	0.00701	0.00751	0.00884	0.00537	0.00531	0.00930	0.01375	0.01745	0.11966	0.32749	0.37880	0.04509	0.00863	0.00244	0.00347	0.01479	0.00593	0.00529
13	0.03212	0.06546	0.14392	0.07273	0.13488	0.05622	0.09453	0.06391	0.03682	0.04343	0.01767	0.11246	0.03864	0.02998	0.00712	0.00212	0.00743	0.00741	0.02491	0.00822
14	0.04835	0.06103	0.21859	0.05548	0.07212	0.03257	0.03876	0.16887	0.10161	0.07424	0.01514	0.03453	0.01152	0.00724	0.00659	0.00200	0.03180	0.00575	0.00446	0.00936
15	0.02248	0.03533	0.01389	0.01089	0.01488	0.00997	0.00878	0.04610	0.08865	0.47847	0.04527	0.12153	0.05512	0.00993	0.00662	0.00205	0.00506	0.00833	0.00713	0.00951
16	0.03985	0.01353	0.09891	0.08592	0.23486	0.01171	0.05980	0.01723	0.04695	0.02128	0.12282	0.07978	0.04390	0.00854	0.00644	0.00199	0.00627	0.00772	0.08451	0.00797
17	0.03549	0.03659	0.13567	0.01540	0.08360	0.01243	0.07163	0.09049	0.09148	0.07062	0.10475	0.06765	0.08397	0.03726	0.00749	0.00217	0.00623	0.00794	0.03086	0.00827
18	0.01513	0.23719	0.29374	0.05893	0.10035	0.01747	0.01688	0.01946	0.01343	0.06141	0.03445	0.01456	0.01046	0.00661	0.00689	0.00188	0.07435	0.00487	0.00320	0.00873
19	0.00837	0.00613	0.00773	0.00856	0.00950	0.00572	0.00618	0.00995	0.01330	0.01746	0.11893	0.38089	0.16210	0.09610	0.01052	0.00286	0.00411	0.12055	0.00580	0.00526
20	0.01428	0.01670	0.17259	0.13257	0.14130	0.03642	0.05143	0.05127	0.06316	0.05767	0.06183	0.06568	0.05076	0.00814	0.00645	0.00201	0.00711	0.00711	0.04514	0.00838
21	0.06418	0.09160	0.17799	0.03530	0.03950	0.07810	0.07114	0.13668	0.09949	0.04971	0.05197	0.04763	0.01428	0.00750	0.00610	0.00194	0.00748	0.00613	0.00445	0.00885
22	0.02328	0.01735	0.01857	0.01443	0.01935	0.01928	0.01185	0.64755	0.09997	0.03863	0.01630	0.01608	0.01165	0.00772	0.00636	0.00193	0.00678	0.00586	0.00636	0.01071
23	0.01585	0.30311	0.16414	0.01386	0.01978	0.01820	0.06760	0.09884	0.04033	0.02055	0.01202	0.03307	0.01003	0.00632	0.00571	0.00164	0.02723	0.00486	0.00354	0.13332
24	0.00903	0.00633	0.00816	0.00830	0.00875	0.00672	0.00553	0.00996	0.00984	0.01354	0.02023	0.10122	0.02211	0.44063	0.29479	0.00732	0.00992	0.00912	0.00386	0.00463
25	0.01154	0.00843	0.03465	0.03048	0.02873	0.00827	0.00749	0.01366	0.03422	0.07721	0.04080	0.08323	0.02099	0.31300	0.19389	0.00559	0.03640	0.00842	0.03716	0.00584
26	0.01597	0.09964	0.05938	0.04432	0.16596	0.03625	0.10418	0.08458	0.08016	0.06699	0.01951	0.06481	0.06871	0.02351	0.00686	0.00201	0.00700	0.00706	0.00438	0.03873
27	0.06862	0.01716	0.08694	0.01640	0.07969	0.09454	0.06883	0.20628	0.06269	0.02532	0.05035	0.08715	0.03559	0.03726	0.00788	0.00218	0.03266	0.00724	0.00475	0.00847
28	0.01454	0.00801	0.01007	0.00899	0.01137	0.00740	0.00683	0.05424	0.01671	0.20590	0.26819	0.14373	0.11614	0.06118	0.00871	0.00233	0.00415	0.01069	0.03369	0.00714
29	0.01029	0.00744	0.00976	0.03186	0.05100	0.00743	0.00756	0.01303	0.05877	0.04385	0.04527	0.28080	0.10369	0.13512	0.05593	0.00344	0.00554	0.09704	0.02619	0.00597
30	0.01762	0.09788	0.15657	0.03523	0.06595	0.11059	0.05962	0.09128	0.03456	0.09796	0.05435	0.01759	0.02825	0.00759	0.00783	0.00198	0.09655	0.00576	0.00417	0.00867
31	0.05826	0.04451	0.04372	0.04387	0.08274	0.03766	0.06155	0.09329	0.11269	0.14333	0.05757	0.10037	0.03287	0.00968	0.02148	0.00218	0.00639	0.00763	0.03159	0.00862
32	0.00903	0.00623	0.00804	0.00882	0.00977	0.00584	0.00623	0.01096	0.02971	0.04492	0.14127	0.50788	0.09271	0.03925	0.00858	0.00255	0.00383	0.05271	0.00608	0.00561
33	0.04158	0.06460	0.07237	0.08897	0.15827	0.10784	0.10260	0.08198	0.04349	0.06146	0.05026	0.06896	0.01465	0.00756	0.00634	0.00195	0.00776	0.00665	0.00415	0.00855
34	0.01543	0.06931	0.28787	0.02107	0.13119	0.06155	0.14000	0.06472	0.05715	0.02130	0.01255	0.01478	0.00956	0.00601	0.00614	0.00188	0.00859	0.00536	0.00340	0.06213
35	0.14474	0.01303	0.04040	0.01205	0.01608	0.01302	0.04356	0.18702	0.06456	0.17230	0.06750	0.04370	0.06170	0.01024	0.03687	0.00234	0.02584	0.00690	0.02945	0.00870
36	0.00865	0.00686	0.00870	0.00955	0.01031	0.03208	0.02695	0.01000	0.01271	0.01663	0.05960	0.64034	0.05955	0.03743	0.00858	0.00259	0.00424	0.03416	0.00571	0.00535

[dist]
# distance from previous block
# <min> <max>
1	14

[block]
# block no. 1 follows, 35 sequences, length 35
# corresponding to MSA columns:
# 247-281
name=unknown_B
#
# <colnr> <probs for GDERKNQSTAVLIFYWHMCP>
#	G	D	E	R	K	N	Q	S	T	A	V	L	I	F	Y	W	H	M	C	P
0	0.14743	0.03868	0.07200	0.05430	0.09850	0.12848	0.01196	0.05024	0.05415	0.09561	0.03433	0.04661	0.01266	0.00724	0.00620	0.00185	0.03340	0.00553	0.00430	0.09652
1	0.03408	0.00728	0.00870	0.00904	0.04223	0.00653	0.00619	0.01118	0.01437	0.01959	0.21832	0.16553	0.27859	0.06752	0.00892	0.00233	0.00382	0.01185	0.00565	0.07829
2	0.01582	0.04099	0.22313	0.04408	0.12190	0.01426	0.05433	0.15718	0.03505	0.05903	0.04031	0.02093	0.07039	0.03032	0.00707	0.00206	0.00727	0.00638	0.02278	0.02673
3	0.01370	0.12837	0.42198	0.19304	0.02958	0.05069	0.03984	0.01928	0.01342	0.01827	0.01098	0.01381	0.00820	0.00602	0.00586	0.00193	0.00894	0.00479	0.00276	0.00854
4	0.00775	0.00636	0.00675	0.00679	0.00866	0.00544	0.00499	0.00943	0.01453	0.01787	0.13911	0.10620	0.58397	0.04348	0.00843	0.00230	0.00332	0.01332	0.00594	0.00536
5	0.00838	0.00633	0.00774	0.00766	0.00918	0.00569	0.00564	0.01071	0.01614	0.02177	0.44508	0.15439	0.24844	0.01483	0.00757	0.00212	0.00315	0.01295	0.00652	0.00569
6	0.01238	0.00645	0.00650	0.00630	0.00794	0.00653	0.00478	0.04630	0.01405	0.02438	0.02045	0.02327	0.01601	0.00740	0.00452	0.00150	0.00314	0.00590	0.77606	0.00613
7	0.00866	0.00622	0.00848	0.00897	0.00958	0.00659	0.00628	0.01001	0.01060	0.01463	0.02360	0.27427	0.02614	0.21281	0.33593	0.00673	0.01003	0.01106	0.00432	0.00506
8	0.82186	0.01227	0.00932	0.00834	0.01227	0.01423	0.00687	0.01865	0.01080	0.02846	0.00883	0.01031	0.00687	0.00589	0.00393	0.00196	0.00491	0.00344	0.00393	0.00687
9	0.00769	0.00569	0.00718	0.00838	0.00908	0.00519	0.00569	0.00888	0.01259	0.01637	0.04054	0.63756	0.17371	0.01915	0.00798	0.00249	0.00359	0.01715	0.00589	0.00519
10	0.82186	0.01227	0.00932	0.00834	0.01227	0.01423	0.00687	0.01865	0.01080	0.02846	0.00883	0.01031	0.00687	0.00589	0.00393	0.00196	0.00491	0.00344	0.00393	0.00687
11	0.01612	0.01678	0.02086	0.11201	0.15368	0.15280	0.08618	0.04110	0.01437	0.01882	0.01090	0.01436	0.00906	0.00668	0.00848	0.00186	0.13772	0.00515	0.00330	0.16980
12	0.00878	0.00620	0.00690	0.00693	0.00748	0.00593	0.00423	0.00931	0.01089	0.01412	0.06345	0.07168	0.18300	0.54669	0.02480	0.00495	0.00527	0.01056	0.00451	0.00432
13	0.09033	0.01391	0.01522	0.03950	0.01741	0.01526	0.01024	0.34225	0.14620	0.09790	0.03983	0.08246	0.01656	0.00880	0.00627	0.00201	0.00583	0.00705	0.03357	0.00940
14	0.01331	0.08419	0.40175	0.19059	0.03011	0.01560	0.08554	0.02008	0.06312	0.01925	0.01230	0.01503	0.00908	0.00617	0.00611	0.00200	0.00878	0.00524	0.00303	0.00871
15	0.01534	0.01250	0.01197	0.01074	0.01280	0.11100	0.00841	0.09038	0.09286	0.02305	0.01763	0.03782	0.01432	0.00832	0.00769	0.00185	0.12462	0.00602	0.38549	0.00720
16	0.01311	0.01223	0.01331	0.08335	0.05169	0.10826	0.00988	0.04186	0.08091	0.01992	0.16415	0.05075	0.08336	0.06423	0.06264	0.00292	0.05983	0.04282	0.00481	0.02996
17	0.03852	0.01284	0.01695	0.01350	0.01731	0.01342	0.12750	0.22736	0.09370	0.02641	0.06297	0.03064	0.21278	0.00999	0.00735	0.00206	0.03586	0.00848	0.03417	0.00818
18	0.02569	0.01438	0.01688	0.01291	0.01793	0.01459	0.01066	0.38109	0.02395	0.35710	0.01953	0.01804	0.01296	0.00762	0.00630	0.00190	0.00618	0.00594	0.00694	0.03940
19	0.01179	0.01067	0.01754	0.40995	0.18289	0.01206	0.01510	0.01523	0.01319	0.01755	0.03834	0.16686	0.01791	0.00945	0.00680	0.00218	0.00707	0.03445	0.00372	0.00724
20	0.01086	0.00930	0.01323	0.01231	0.01321	0.01184	0.00986	0.01359	0.04372	0.01545	0.01474	0.02146	0.01371	0.03451	0.49171	0.00753	0.24690	0.00643	0.00335	0.00626
21	0.01497	0.01711	0.03743	0.02674	0.03316	0.01604	0.71444	0.02032	0.01497	0.02032	0.01283	0.01711	0.00963	0.00535	0.00749	0.00214	0.01070	0.00749	0.00321	0.00856
22	0.01048	0.00623	0.00801	0.00860	0.00945	0.00583	0.00581	0.01162	0.01232	0.09509	0.03039	0.51793	0.03430	0.15774	0.01219	0.00311	0.00429	0.01452	0.04651	0.00557
23	0.09718	0.01092	0.01425	0.01103	0.01585	0.00975	0.00911	0.02985	0.01752	0.68008	0.02362	0.02061	0.01494	0.00768	0.00617	0.00196	0.00536	0.00612	0.00751	0.01046
24	0.01068	0.00639	0.00795	0.00820	0.00889	0.00607	0.00530	0.01141	0.01143	0.09314	0.02688	0.34914	0.03027	0.37286	0.01923	0.00418	0.00502	0.01265	0.00515	0.00515
25	0.00785	0.00589	0.00728	0.00809	0.00908	0.00532	0.00562	0.00935	0.01357	0.01775	0.14194	0.48452	0.22488	0.01790	0.00785	0.00238	0.00346	0.01589	0.00604	0.00532
26	0.00837	0.00636	0.00859	0.08059	0.01264	0.00624	0.00713	0.01000	0.01278	0.01673	0.06101	0.51888	0.12216	0.03910	0.00856	0.00258	0.00428	0.06304	0.00557	0.00540
27	0.04672	0.01039	0.02761	0.00957	0.01242	0.01046	0.00770	0.17786	0.07115	0.05887	0.07509	0.08556	0.07414	0.01033	0.02082	0.00203	0.00474	0.00781	0.27916	0.00758
28	0.00971	0.00658	0.00830	0.00891	0.01005	0.00624	0.00625	0.01222	0.06080	0.06395	0.10014	0.52549	0.10496	0.03441	0.00831	0.00250	0.00383	0.01533	0.00611	0.00590
29	0.01480	0.01510	0.02833	0.14845	0.36477	0.01541	0.25031	0.01907	0.01416	0.01966	0.01199	0.01629	0.00959	0.00587	0.00726	0.00204	0.03859	0.00626	0.00310	0.00895
30	0.01569	0.13544	0.21619	0.14454	0.11431	0.05280	0.01638	0.12713	0.03234	0.02154	0.01420	0.03551	0.03323	0.00696	0.00596	0.00190	0.00788	0.00559	0.00364	0.00877
31	0.01415	0.01417	0.03858	0.10516	0.11498	0.07361	0.03541	0.06413	0.02975	0.01869	0.03449	0.09168	0.04012	0.03075	0.04491	0.00273	0.22811	0.00733	0.00378	0.00746
32	0.01027	0.00731	0.00962	0.00942	0.01024	0.00813	0.00679	0.01222	0.03764	0.03813	0.02007	0.11215	0.02075	0.28061	0.30292	0.00664	0.06390	0.00873	0.02904	0.00543
33	0.10394	0.07238	0.04383	0.01911	0.15679	0.24444	0.03341	0.16306	0.01826	0.04861	0.01186	0.01345	0.00926	0.00639	0.00571	0.00177	0.00831	0.00479	0.00405	0.03058
34	0.03668	0.00940	0.01070	0.00921	0.01223	0.00906	0.00718	0.11220	0.05046	0.14138	0.12129	0.08290	0.17779	0.03272	0.00721	0.00204	0.00438	0.00904	0.10078	0.06337

[dist]
# distance from previous block
# <min> <max>
0	2

[block]
# block no. 2 follows, 35 sequences, length 17
# corresponding to MSA columns:
# 284-300
name=unknown_C
#
# <colnr> <probs for GDERKNQSTAVLIFYWHMCP>
#	G	D	E	R	K	N	Q	S	T	A	V	L	I	F	Y	W	H	M	C	P
0	0.01466	0.01690	0.13150	0.15371	0.24338	0.03691	0.04904	0.06292	0.05222	0.02067	0.01282	0.01619	0.01018	0.00876	0.05257	0.00242	0.02688	0.00553	0.00346	0.07927
1	0.04392	0.00743	0.00932	0.00845	0.01068	0.00679	0.00648	0.01514	0.01690	0.15542	0.44559	0.08779	0.13623	0.01258	0.00718	0.00204	0.00358	0.01088	0.00681	0.00677
2	0.01248	0.01205	0.05200	0.01466	0.07499	0.04849	0.07769	0.06455	0.01380	0.01887	0.04227	0.13198	0.06576	0.09925	0.13030	0.00387	0.07206	0.00873	0.04939	0.00679
3	0.01091	0.00691	0.00873	0.00829	0.00993	0.00657	0.00609	0.01277	0.01395	0.10235	0.21093	0.08601	0.18458	0.15402	0.14530	0.00426	0.00643	0.01045	0.00559	0.00593
4	0.01019	0.00789	0.01090	0.01041	0.01128	0.00934	0.00789	0.03465	0.01057	0.01509	0.01653	0.02695	0.01637	0.20500	0.47592	0.00810	0.10667	0.00715	0.00352	0.00558
5	0.01696	0.78087	0.03324	0.01085	0.01628	0.02510	0.01085	0.01900	0.01289	0.01493	0.00882	0.01018	0.00814	0.00543	0.00407	0.00136	0.00678	0.00339	0.00271	0.00814
6	0.01315	0.01128	0.01315	0.00940	0.01503	0.00846	0.00752	0.01597	0.01315	0.02067	0.01128	0.01315	0.00940	0.00470	0.00470	0.00094	0.00470	0.00376	0.00376	0.81583
7	0.01074	0.00711	0.00900	0.00908	0.03153	0.00639	0.00660	0.01306	0.01597	0.09827	0.31711	0.13484	0.25193	0.01419	0.00747	0.00215	0.00368	0.04809	0.00645	0.00633
8	0.00944	0.00660	0.00771	0.00762	0.00764	0.00692	0.00457	0.00958	0.00940	0.01268	0.02003	0.07713	0.02312	0.69112	0.03035	0.00576	0.05291	0.00945	0.00388	0.00410
9	0.03620	0.01303	0.01420	0.11042	0.01863	0.06483	0.01032	0.17747	0.18004	0.02416	0.01885	0.07588	0.01615	0.06016	0.10723	0.00336	0.00782	0.00714	0.04608	0.00802
10	0.01604	0.05070	0.12172	0.01607	0.10253	0.05586	0.02768	0.13719	0.05335	0.05883	0.07142	0.06662	0.05338	0.00836	0.00672	0.00187	0.03175	0.00685	0.00467	0.10841
11	0.01937	0.11446	0.02232	0.03400	0.11353	0.10393	0.08734	0.22881	0.08093	0.05169	0.01440	0.01581	0.01102	0.00685	0.00636	0.00185	0.02611	0.00556	0.04643	0.00922
12	0.01430	0.16860	0.57693	0.01641	0.02484	0.01636	0.02042	0.02044	0.01354	0.05589	0.01161	0.01322	0.00845	0.00601	0.00569	0.00189	0.00870	0.00454	0.00295	0.00922
13	0.01094	0.00924	0.01374	0.01732	0.22543	0.00878	0.03526	0.01367	0.01481	0.02051	0.17453	0.11785	0.21291	0.01156	0.00691	0.00202	0.00475	0.01029	0.08248	0.00702
14	0.01604	0.08486	0.34291	0.01930	0.09616	0.11575	0.08009	0.05372	0.05262	0.04002	0.01308	0.03398	0.01022	0.00657	0.00609	0.00192	0.00879	0.00542	0.00345	0.00903
15	0.00890	0.00683	0.00758	0.00762	0.00933	0.00631	0.00555	0.03242	0.04231	0.01927	0.13875	0.20045	0.38076	0.04833	0.00844	0.00234	0.00358	0.01301	0.05250	0.00571
16	0.00777	0.00566	0.00733	0.00856	0.00916	0.00522	0.00579	0.00902	0.01267	0.01677	0.07460	0.66638	0.10941	0.01915	0.00801	0.00250	0.00360	0.01724	0.00595	0.00522

[dist]
# distance from previous block
# <min> <max>
1	2

[block]
# block no. 3 follows, 35 sequences, length 19
# corresponding to MSA columns:
# 304-322
name=unknown_D
#
# <colnr> <probs for GDERKNQSTAVLIFYWHMCP>
#	G	D	E	R	K	N	Q	S	T	A	V	L	I	F	Y	W	H	M	C	P
0	0.04595	0.01704	0.14780	0.17272	0.11297	0.04463	0.07378	0.06401	0.05908	0.06270	0.01465	0.05626	0.01192	0.00910	0.03809	0.00242	0.04827	0.00632	0.00386	0.00844
1	0.00862	0.00625	0.00846	0.00885	0.00935	0.00605	0.03225	0.00952	0.01108	0.01483	0.02779	0.44027	0.03261	0.30405	0.04678	0.00420	0.00540	0.01388	0.00492	0.00481
2	0.31707	0.23634	0.01976	0.01351	0.06961	0.18975	0.01045	0.02025	0.01331	0.02054	0.00927	0.01106	0.00783	0.00607	0.00515	0.00174	0.03358	0.00381	0.00333	0.00759
3	0.17721	0.00817	0.03227	0.00761	0.00943	0.00782	0.00579	0.01329	0.01206	0.02082	0.05207	0.14988	0.05936	0.15955	0.01069	0.00274	0.00433	0.00862	0.25259	0.00567
4	0.01474	0.03957	0.21042	0.01360	0.01813	0.09114	0.02675	0.06729	0.12896	0.04383	0.03763	0.09753	0.07234	0.02446	0.00753	0.00212	0.04116	0.00754	0.04711	0.00814
5	0.00851	0.00637	0.00791	0.00784	0.00934	0.00577	0.00582	0.01093	0.01629	0.02211	0.46605	0.14544	0.21483	0.01472	0.00760	0.00213	0.00322	0.03286	0.00655	0.00573
6	0.00795	0.00620	0.00729	0.00804	0.00942	0.00554	0.00595	0.00954	0.01360	0.01703	0.04906	0.33195	0.37886	0.01770	0.00789	0.00241	0.00374	0.10658	0.00588	0.00534
7	0.03697	0.03658	0.18084	0.03481	0.12779	0.05088	0.03819	0.07754	0.12233	0.08039	0.05603	0.03597	0.01474	0.00723	0.00615	0.00190	0.00702	0.00607	0.00451	0.07407
8	0.01360	0.06450	0.44085	0.01740	0.08288	0.08787	0.01813	0.01922	0.03165	0.01942	0.04407	0.02046	0.09810	0.00754	0.00616	0.00195	0.00821	0.00600	0.00341	0.00857
9	0.02299	0.10930	0.01959	0.01577	0.01926	0.67506	0.01211	0.02466	0.01744	0.01546	0.00970	0.01131	0.00817	0.00642	0.00555	0.00161	0.01095	0.00401	0.00321	0.00744
10	0.01380	0.04104	0.32350	0.05435	0.05235	0.05627	0.01544	0.07382	0.03668	0.02136	0.01644	0.11166	0.01431	0.00821	0.00604	0.00195	0.00725	0.00675	0.13059	0.00819
11	0.01518	0.02862	0.60496	0.04164	0.02622	0.01386	0.02102	0.02167	0.01412	0.13395	0.01354	0.01481	0.00926	0.00633	0.00609	0.00201	0.00872	0.00499	0.00350	0.00952
12	0.62414	0.01197	0.01035	0.00892	0.01289	0.01335	0.00732	0.05676	0.01294	0.12447	0.01206	0.01289	0.00883	0.00633	0.00441	0.00193	0.00496	0.00410	0.05381	0.00754
13	0.04085	0.01424	0.02398	0.07328	0.59988	0.01441	0.04564	0.01898	0.01418	0.02092	0.01243	0.01619	0.01027	0.00580	0.00613	0.00188	0.00731	0.00567	0.05849	0.00945
14	0.01158	0.05065	0.01666	0.32124	0.02578	0.01345	0.01305	0.01441	0.01125	0.01537	0.01269	0.01931	0.01123	0.04401	0.24776	0.00490	0.15109	0.00598	0.00302	0.00654
15	0.01316	0.01574	0.16838	0.10899	0.19514	0.01225	0.03688	0.04142	0.05291	0.03920	0.09101	0.07372	0.08550	0.00877	0.00659	0.00203	0.00669	0.00774	0.02560	0.00827
16	0.01544	0.00812	0.01029	0.00909	0.01184	0.00730	0.00704	0.01835	0.04600	0.26670	0.23846	0.12959	0.18078	0.01253	0.00714	0.00209	0.00403	0.01076	0.00690	0.00756
17	0.03929	0.12196	0.08948	0.05391	0.09789	0.12768	0.01324	0.19983	0.07004	0.02438	0.03099	0.04658	0.01250	0.00728	0.00589	0.00182	0.00747	0.00567	0.00436	0.03974
18	0.13747	0.12495	0.05700	0.03799	0.03395	0.12794	0.02822	0.03763	0.05364	0.02152	0.15934	0.02127	0.03950	0.00800	0.00637	0.00183	0.03962	0.00611	0.00433	0.05330

[dist]
# distance from previous block
# <min> <max>
0	3

[block]
# block no. 4 follows, 35 sequences, length 25
# corresponding to MSA columns:
# 326-350
name=unknown_E
#
# <colnr> <probs for GDERKNQSTAVLIFYWHMCP>
#	G	D	E	R	K	N	Q	S	T	A	V	L	I	F	Y	W	H	M	C	P
0	0.01355	0.01061	0.01351	0.03116	0.08062	0.02734	0.02930	0.08425	0.09521	0.05758	0.20290	0.14267	0.04700	0.01162	0.02552	0.00218	0.00530	0.00931	0.02912	0.08125
1	0.01662	0.01390	0.01474	0.01295	0.01665	0.01592	0.01015	0.12269	0.60763	0.02826	0.05123	0.02346	0.01977	0.00864	0.00648	0.00211	0.00520	0.00714	0.00646	0.00999
2	0.00784	0.00564	0.00737	0.00860	0.00911	0.00524	0.00578	0.00905	0.01252	0.01668	0.07828	0.67059	0.07665	0.04333	0.00880	0.00263	0.00369	0.01713	0.00589	0.00517
3	0.00896	0.00634	0.00781	0.00766	0.00849	0.00618	0.00517	0.01044	0.01301	0.01788	0.28978	0.06443	0.08379	0.34732	0.09185	0.00463	0.00578	0.01035	0.00517	0.00496
4	0.00911	0.00660	0.00919	0.00919	0.00997	0.00738	0.00667	0.01068	0.00990	0.01398	0.01792	0.03004	0.01808	0.27237	0.53015	0.00895	0.01365	0.00755	0.00354	0.00510
5	0.00912	0.00622	0.00841	0.00969	0.01050	0.00594	0.00721	0.01077	0.01295	0.03802	0.03377	0.51887	0.03895	0.04385	0.00904	0.00278	0.00445	0.21811	0.00586	0.00548
6	0.01315	0.01128	0.01315	0.00940	0.01503	0.00846	0.00752	0.01597	0.01315	0.02067	0.01128	0.01315	0.00940	0.00470	0.00470	0.00094	0.00470	0.00376	0.00376	0.81583
7	0.01388	0.01388	0.01943	0.01666	0.01666	0.01943	0.01388	0.01527	0.00972	0.01527	0.00833	0.01388	0.00833	0.01110	0.02082	0.00278	0.76544	0.00555	0.00278	0.00694
8	0.01183	0.00591	0.00591	0.00591	0.00739	0.00591	0.00443	0.01478	0.01330	0.02365	0.02069	0.02365	0.01626	0.00739	0.00443	0.00148	0.00296	0.00591	0.81227	0.00591
9	0.01442	0.01153	0.01330	0.00986	0.01494	0.00957	0.00780	0.07605	0.04326	0.04612	0.01329	0.01609	0.01112	0.06108	0.00696	0.00148	0.00503	0.00455	0.00423	0.62932
10	0.01504	0.01496	0.02320	0.09491	0.42965	0.07142	0.08571	0.01914	0.03817	0.01965	0.03756	0.01788	0.01232	0.01025	0.08015	0.00274	0.00893	0.00607	0.00340	0.00885
11	0.07397	0.01521	0.05523	0.02042	0.02563	0.01421	0.43563	0.02001	0.01442	0.09205	0.01608	0.01899	0.03970	0.00664	0.00773	0.00210	0.06001	0.00696	0.06676	0.00824
12	0.00768	0.00570	0.00718	0.00836	0.00908	0.00519	0.00568	0.00889	0.01260	0.01638	0.04067	0.63423	0.17696	0.01913	0.00798	0.00249	0.00359	0.01713	0.00589	0.00519
13	0.01362	0.01114	0.01216	0.01123	0.01418	0.01213	0.00886	0.09312	0.36091	0.02467	0.07338	0.06292	0.16558	0.01174	0.00706	0.00223	0.00480	0.09574	0.00627	0.00826
14	0.02294	0.07039	0.01872	0.01569	0.01896	0.60290	0.01208	0.02464	0.01710	0.06802	0.01074	0.01228	0.00873	0.00690	0.00678	0.00173	0.06595	0.00432	0.00353	0.00762
15	0.02370	0.03023	0.01798	0.01634	0.01961	0.75158	0.01226	0.02533	0.01798	0.01553	0.00981	0.01144	0.00817	0.00654	0.00572	0.00163	0.01144	0.00409	0.00327	0.00735
16	0.00872	0.00588	0.00701	0.00763	0.00798	0.00568	0.00478	0.00946	0.01095	0.01495	0.02810	0.34727	0.05924	0.37358	0.01914	0.00415	0.00477	0.01284	0.06327	0.00460
17	0.00776	0.00562	0.00734	0.00863	0.00917	0.00520	0.00582	0.00897	0.01254	0.01662	0.06380	0.69369	0.09277	0.01934	0.00803	0.00252	0.00362	0.01745	0.00593	0.00520
18	0.01093	0.00709	0.01059	0.05259	0.01195	0.00814	0.00772	0.01023	0.00914	0.01267	0.01214	0.01987	0.01171	0.02595	0.19518	0.48712	0.09408	0.00583	0.00291	0.00416
19	0.02196	0.01348	0.01722	0.03799	0.12956	0.01385	0.01172	0.22345	0.10555	0.27204	0.04659	0.02002	0.01534	0.00767	0.00634	0.00195	0.00605	0.00633	0.03275	0.01014
20	0.02370	0.03023	0.01798	0.01634	0.01961	0.75158	0.01226	0.02533	0.01798	0.01553	0.00981	0.01144	0.00817	0.00654	0.00572	0.00163	0.01144	0.00409	0.00327	0.00735
21	0.01102	0.00551	0.00826	0.00826	0.00826	0.00551	0.00551	0.00826	0.00826	0.01102	0.01102	0.01928	0.01102	0.02204	0.02479	0.81543	0.00551	0.00551	0.00275	0.00275
22	0.31497	0.01550	0.01507	0.05265	0.04659	0.09332	0.02797	0.19461	0.06694	0.02780	0.01270	0.01428	0.00975	0.00790	0.02606	0.00216	0.02635	0.00487	0.03224	0.00824
23	0.03192	0.03501	0.08265	0.15929	0.04630	0.03694	0.01224	0.09673	0.04414	0.05687	0.05183	0.12556	0.01697	0.00875	0.00677	0.00192	0.03511	0.00725	0.00444	0.13931
24	0.03880	0.09300	0.19285	0.03603	0.08194	0.18413	0.04771	0.04395	0.03532	0.03810	0.01345	0.06301	0.01171	0.00775	0.00725	0.00198	0.07069	0.02050	0.00357	0.00825

[dist]
# distance from previous block
# <min> <max>
0	1

[block]
# block no. 5 follows, 35 sequences, length 19
# corresponding to MSA columns:
# 352-370
name=unknown_F
#
# <colnr> <probs for GDERKNQSTAVLIFYWHMCP>
#	G	D	E	R	K	N	Q	S	T	A	V	L	I	F	Y	W	H	M	C	P
0	0.00771	0.00559	0.00729	0.00864	0.00915	0.00517	0.00580	0.00886	0.01233	0.01627	0.03734	0.71509	0.09824	0.01957	0.00805	0.00254	0.00364	0.01766	0.00589	0.00517
1	0.08932	0.01811	0.03685	0.07950	0.12940	0.15202	0.03210	0.21383	0.04628	0.04613	0.01287	0.01465	0.00985	0.00678	0.00653	0.00187	0.03842	0.00518	0.00437	0.05595
2	0.02112	0.02403	0.01876	0.04795	0.13615	0.48028	0.01326	0.06085	0.01727	0.03971	0.01139	0.01361	0.00928	0.00776	0.02659	0.00198	0.03294	0.00472	0.02438	0.00797
3	0.01075	0.00601	0.00641	0.00646	0.00791	0.00582	0.00479	0.01346	0.01394	0.02275	0.12118	0.08667	0.08733	0.00984	0.00539	0.00169	0.00304	0.00823	0.57252	0.00582
4	0.00801	0.00637	0.00709	0.00719	0.00884	0.00565	0.00526	0.00970	0.01415	0.01780	0.15243	0.11943	0.46843	0.08256	0.03829	0.00283	0.00407	0.03079	0.00578	0.00532
5	0.00777	0.00580	0.00716	0.00814	0.00898	0.00527	0.00556	0.00903	0.01285	0.01666	0.06878	0.54555	0.21305	0.04309	0.00871	0.00256	0.00362	0.01635	0.00587	0.00519
6	0.00797	0.00608	0.00702	0.00748	0.00864	0.00546	0.00516	0.00931	0.01325	0.01693	0.11368	0.30074	0.32801	0.12733	0.01129	0.00286	0.00378	0.01419	0.00570	0.00513
7	0.16569	0.01367	0.01300	0.01096	0.01459	0.06691	0.00877	0.22775	0.10871	0.08087	0.01709	0.01769	0.01270	0.00731	0.00540	0.00182	0.00556	0.00546	0.20755	0.00851
8	0.02370	0.03023	0.01798	0.01634	0.01961	0.75158	0.01226	0.02533	0.01798	0.01553	0.00981	0.01144	0.00817	0.00654	0.00572	0.00163	0.01144	0.00409	0.00327	0.00735
9	0.02412	0.01777	0.01904	0.01460	0.01967	0.01967	0.01206	0.71633	0.02983	0.03998	0.01523	0.01523	0.01079	0.00762	0.00635	0.00190	0.00698	0.00571	0.00635	0.01079
10	0.00926	0.00605	0.00708	0.00717	0.00729	0.00598	0.00421	0.00908	0.00954	0.01262	0.02198	0.08502	0.05671	0.60630	0.02874	0.09984	0.00578	0.00954	0.00394	0.00387
11	0.01928	0.04066	0.18412	0.04697	0.06663	0.09658	0.01475	0.26055	0.08701	0.07020	0.01467	0.01569	0.01078	0.00752	0.00680	0.03044	0.00777	0.00541	0.00471	0.00947
12	0.06269	0.04005	0.13338	0.06999	0.09439	0.01533	0.07190	0.18862	0.03783	0.04193	0.01699	0.04102	0.03582	0.00840	0.00736	0.00211	0.05413	0.06486	0.00444	0.00874
13	0.00889	0.00631	0.00760	0.00789	0.00936	0.00560	0.00568	0.01064	0.01450	0.05301	0.19110	0.32370	0.29961	0.01646	0.00767	0.00227	0.00345	0.01440	0.00621	0.00567
14	0.01187	0.01130	0.06966	0.01003	0.01292	0.03923	0.00842	0.06615	0.10044	0.04488	0.21063	0.10623	0.23040	0.01379	0.03321	0.00237	0.00508	0.01050	0.00587	0.00703
15	0.03522	0.13037	0.29808	0.01376	0.01926	0.05021	0.03039	0.01933	0.04095	0.06268	0.01600	0.08196	0.01374	0.00803	0.00633	0.00194	0.03373	0.02641	0.10345	0.00815
16	0.05249	0.06048	0.02033	0.08501	0.02211	0.20773	0.08891	0.19171	0.09678	0.04144	0.01375	0.01540	0.01055	0.00803	0.02517	0.00212	0.03950	0.00546	0.00441	0.00864
17	0.04325	0.01495	0.01786	0.03738	0.07045	0.10272	0.09747	0.12029	0.10648	0.04384	0.01825	0.06070	0.04290	0.00816	0.00719	0.00195	0.05868	0.00674	0.08254	0.05819
18	0.01505	0.01266	0.01423	0.07726	0.01788	0.03426	0.00956	0.14074	0.16128	0.02482	0.08158	0.04382	0.04508	0.00783	0.00597	0.00167	0.00545	0.00645	0.00509	0.28931

[dist]
# distance from previous block
# <min> <max>
0	6

[block]
# block no. 6 follows, 35 sequences, length 24
# corresponding to MSA columns:
# 377-400
name=unknown_G
#
# <colnr> <probs for GDERKNQSTAVLIFYWHMCP>
#	G	D	E	R	K	N	Q	S	T	A	V	L	I	F	Y	W	H	M	C	P
0	0.05150	0.09663	0.12708	0.01392	0.04251	0.10187	0.04247	0.07726	0.03259	0.12026	0.02028	0.12348	0.06339	0.00896	0.00617	0.00192	0.00685	0.00736	0.00467	0.05084
1	0.01820	0.10588	0.07254	0.03938	0.03651	0.20341	0.03412	0.14259	0.11033	0.02232	0.01503	0.04014	0.01258	0.02554	0.00654	0.00191	0.00781	0.02351	0.02477	0.05690
2	0.02042	0.06012	0.01389	0.01053	0.01417	0.03613	0.00848	0.06052	0.03906	0.37273	0.12130	0.10778	0.05955	0.01006	0.00653	0.00198	0.00507	0.00839	0.03454	0.00878
3	0.09340	0.13100	0.08638	0.06281	0.08893	0.08357	0.01249	0.05243	0.01423	0.07196	0.01255	0.04067	0.01049	0.00796	0.02632	0.00200	0.06749	0.00510	0.00376	0.12646
4	0.00976	0.00728	0.01020	0.01000	0.01089	0.00855	0.00764	0.01169	0.01044	0.01544	0.01773	0.06386	0.01728	0.11903	0.49028	0.00779	0.08856	0.00743	0.08056	0.00559
5	0.00885	0.00709	0.00753	0.00734	0.00935	0.00639	0.00546	0.05394	0.01515	0.01877	0.10120	0.09624	0.53611	0.07182	0.00932	0.00246	0.00374	0.02778	0.00584	0.00563
6	0.01238	0.00964	0.01213	0.01257	0.06795	0.03367	0.02596	0.08990	0.03765	0.04615	0.10810	0.29146	0.06686	0.06131	0.05252	0.00292	0.02577	0.01146	0.02481	0.00678
7	0.01509	0.09507	0.08743	0.25971	0.19361	0.03123	0.03495	0.02000	0.06638	0.06411	0.01375	0.01795	0.01094	0.00683	0.00668	0.00201	0.03446	0.02771	0.00357	0.00853
8	0.01034	0.00743	0.00830	0.00790	0.01010	0.00673	0.00595	0.06314	0.01592	0.06836	0.13295	0.15854	0.45083	0.01509	0.00742	0.00216	0.00368	0.01281	0.00619	0.00617
9	0.01528	0.03333	0.04361	0.04912	0.05943	0.04928	0.06290	0.09422	0.07897	0.09392	0.07933	0.08035	0.05732	0.07718	0.04803	0.00286	0.01996	0.04205	0.00507	0.00781
10	0.01535	0.06809	0.09292	0.01272	0.06011	0.01163	0.01062	0.07412	0.01489	0.06606	0.01232	0.01381	0.00970	0.00537	0.00512	0.00128	0.00573	0.00426	0.00399	0.51189
11	0.01053	0.00864	0.01133	0.01120	0.02994	0.02937	0.00824	0.01221	0.01062	0.01513	0.01818	0.05064	0.04180	0.17323	0.36223	0.00673	0.14185	0.00749	0.04499	0.00568
12	0.03238	0.00883	0.01005	0.00914	0.01149	0.00904	0.00704	0.06165	0.15067	0.06123	0.30857	0.03693	0.09393	0.03535	0.00748	0.00211	0.00398	0.02528	0.11768	0.00718
13	0.01442	0.11171	0.08887	0.06858	0.09752	0.05687	0.04896	0.03883	0.19774	0.02116	0.08096	0.09045	0.03970	0.00879	0.00637	0.00199	0.00654	0.00753	0.00463	0.00838
14	0.01272	0.03281	0.74418	0.01808	0.02746	0.01473	0.02344	0.02009	0.01339	0.02009	0.01138	0.01339	0.00804	0.00603	0.00603	0.00201	0.00938	0.00469	0.00268	0.00938
15	0.01023	0.00803	0.01142	0.03029	0.01291	0.00775	0.07690	0.01326	0.05957	0.04386	0.13767	0.20415	0.17983	0.12657	0.04570	0.00317	0.00543	0.01179	0.00539	0.00606
16	0.08314	0.01440	0.09237	0.01724	0.14375	0.01190	0.07106	0.03186	0.03185	0.08441	0.05914	0.03765	0.03208	0.00697	0.00635	0.00174	0.03067	0.00596	0.00425	0.23320
17	0.00783	0.00577	0.00725	0.00827	0.00902	0.00528	0.00562	0.00910	0.01283	0.01682	0.08560	0.56901	0.16745	0.04753	0.00887	0.00260	0.00364	0.01643	0.00588	0.00519
18	0.01400	0.08470	0.32030	0.08957	0.06480	0.01403	0.01631	0.06964	0.01524	0.05816	0.08493	0.02202	0.08479	0.00796	0.00660	0.00198	0.02611	0.00640	0.00398	0.00849
19	0.02209	0.16224	0.02197	0.01587	0.01984	0.52951	0.06376	0.02412	0.01686	0.05300	0.01063	0.01215	0.00866	0.00632	0.00559	0.00164	0.01024	0.00433	0.00340	0.00776
20	0.01899	0.19294	0.07354	0.01323	0.01770	0.19051	0.01156	0.17757	0.10932	0.02335	0.01531	0.01605	0.02960	0.00707	0.00554	0.00173	0.00746	0.00513	0.07478	0.00862
21	0.00918	0.00635	0.00792	0.00792	0.00826	0.00669	0.00509	0.00987	0.00952	0.01304	0.01907	0.03646	0.02087	0.55464	0.25170	0.00738	0.00946	0.00849	0.00371	0.00440
22	0.01434	0.05792	0.21286	0.14660	0.21415	0.01509	0.05334	0.06983	0.01483	0.02080	0.04554	0.01664	0.01159	0.00756	0.02583	0.00217	0.03265	0.00563	0.00337	0.02926
23	0.01145	0.00921	0.01205	0.01089	0.01217	0.01070	0.00837	0.04896	0.03237	0.01715	0.05114	0.02583	0.01737	0.18785	0.27169	0.00579	0.17033	0.00700	0.02385	0.06584

[dist]
# distance from previous block
# <min> <max>
0	1

[block]
# block no. 7 follows, 35 sequences, length 14
# corresponding to MSA columns:
# 402-415
name=unknown_H
#
# <colnr> <probs for GDERKNQSTAVLIFYWHMCP>
#	G	D	E	R	K	N	Q	S	T	A	V	L	I	F	Y	W	H	M	C	P
0	0.03815	0.04868	0.07094	0.03963	0.08677	0.11003	0.05074	0.03648	0.12479	0.02086	0.10395	0.05310	0.01871	0.02973	0.02259	0.00220	0.05326	0.00676	0.00436	0.07826
1	0.01775	0.31502	0.22447	0.01468	0.02041	0.21392	0.01487	0.04993	0.01496	0.01757	0.01004	0.01175	0.00824	0.00619	0.00577	0.00169	0.03729	0.00411	0.00300	0.00834
2	0.01135	0.00742	0.00864	0.00793	0.01033	0.00663	0.00608	0.01432	0.05102	0.12329	0.26827	0.04929	0.38438	0.01355	0.00728	0.00207	0.00354	0.01148	0.00654	0.00656
3	0.00923	0.00615	0.00692	0.00692	0.00692	0.00615	0.00384	0.00923	0.00923	0.01230	0.01999	0.04151	0.02306	0.77705	0.03229	0.00615	0.00615	0.00923	0.00384	0.00384
4	0.02289	0.02722	0.01765	0.01575	0.01913	0.61209	0.01198	0.11461	0.01906	0.01867	0.01094	0.01273	0.00897	0.00911	0.05000	0.00218	0.01119	0.00446	0.00368	0.00770
5	0.08821	0.61093	0.02900	0.01094	0.01618	0.02281	0.01051	0.07217	0.01430	0.06105	0.01026	0.01124	0.00868	0.00578	0.00437	0.00149	0.00655	0.00375	0.00340	0.00839
6	0.01192	0.00952	0.01056	0.01033	0.01242	0.01029	0.00761	0.03985	0.32341	0.02157	0.03174	0.29336	0.09202	0.05148	0.00833	0.00247	0.00441	0.01160	0.03969	0.00742
7	0.02481	0.01780	0.01820	0.01420	0.01908	0.08907	0.01161	0.53294	0.02670	0.15661	0.01636	0.01594	0.01137	0.00755	0.00629	0.00189	0.00715	0.00567	0.00630	0.01046
8	0.00782	0.00608	0.00698	0.00749	0.00878	0.00538	0.00526	0.00926	0.01359	0.01722	0.10955	0.32382	0.37443	0.06323	0.00922	0.00253	0.00355	0.01470	0.00586	0.00524
9	0.01388	0.01388	0.01943	0.01666	0.01666	0.01943	0.01388	0.01527	0.00972	0.01527	0.00833	0.01388	0.00833	0.01110	0.02082	0.00278	0.76544	0.00555	0.00278	0.00694
10	0.00973	0.00785	0.00919	0.00880	0.01074	0.00795	0.00672	0.03472	0.09920	0.02012	0.18206	0.08823	0.31140	0.01961	0.13102	0.00348	0.02618	0.01101	0.00570	0.00629
11	0.00908	0.00617	0.00688	0.00688	0.00706	0.00608	0.00393	0.00921	0.00968	0.01272	0.02383	0.04321	0.08475	0.71111	0.03014	0.00580	0.00590	0.00959	0.00402	0.00397
12	0.01591	0.04799	0.01546	0.01237	0.04741	0.05673	0.00936	0.10859	0.12107	0.04398	0.01586	0.06969	0.01347	0.00702	0.00556	0.00149	0.00561	0.00570	0.00465	0.39207
13	0.01561	0.01889	0.16168	0.07052	0.19358	0.08549	0.11940	0.04155	0.04926	0.05248	0.01586	0.04677	0.03144	0.00718	0.00646	0.00197	0.00813	0.02357	0.00379	0.04636

[dist]
# distance from previous block
# <min> <max>
4	7

[block]
# block no. 8 follows, 35 sequences, length 6
# corresponding to MSA columns:
# 423-428
name=unknown_I
#
# <colnr> <probs for GDERKNQSTAVLIFYWHMCP>
#	G	D	E	R	K	N	Q	S	T	A	V	L	I	F	Y	W	H	M	C	P
0	0.09680	0.11957	0.06475	0.01115	0.01579	0.04743	0.00980	0.15559	0.03630	0.04985	0.04363	0.04037	0.01339	0.00697	0.00530	0.00161	0.00583	0.00531	0.08424	0.18633
1	0.04135	0.10899	0.11688	0.03701	0.04933	0.05221	0.10799	0.16749	0.08094	0.09975	0.01465	0.01566	0.01080	0.00654	0.00599	0.00184	0.00750	0.00546	0.00456	0.06507
2	0.01704	0.23531	0.13766	0.01378	0.04977	0.06101	0.01242	0.12292	0.01612	0.07807	0.05245	0.01930	0.03358	0.08318	0.00885	0.00222	0.03818	0.00570	0.00414	0.00832
3	0.00928	0.00651	0.00749	0.00750	0.00801	0.00646	0.00466	0.01072	0.04563	0.01530	0.11578	0.10977	0.06744	0.53123	0.02430	0.00488	0.00531	0.01045	0.00467	0.00462
4	0.01178	0.00653	0.00907	0.00885	0.00931	0.00665	0.00609	0.06718	0.01044	0.01394	0.01373	0.09330	0.01405	0.02063	0.02161	0.66760	0.00545	0.00676	0.00336	0.00366
5	0.01748	0.15137	0.09073	0.01778	0.10552	0.20897	0.06377	0.07138	0.08179	0.01973	0.01517	0.03638	0.03125	0.00869	0.03153	0.00212	0.00862	0.02550	0.00383	0.00838

[dist]
# distance from previous block
# <min> <max>
18	117

# created by:
# /home/cegg/simao/soft/augustus-3.2.1/scripts/msa2prfl.pl ./align_prep/EOG090W0H7U.fa
