[name]
unknown

[dist]
# distance from previous block
# <min> <max>
0	29

[block]
# block no. 0 follows, 38 sequences, length 20
# corresponding to MSA columns:
# 30-49
name=unknown_A
#
# <colnr> <probs for GDERKNQSTAVLIFYWHMCP>
#	G	D	E	R	K	N	Q	S	T	A	V	L	I	F	Y	W	H	M	C	P
0	0.05847	0.01044	0.01470	0.16472	0.03454	0.02813	0.07756	0.07030	0.04945	0.04704	0.05886	0.14197	0.03597	0.01059	0.00671	0.00214	0.00608	0.14673	0.00467	0.03095
1	0.01308	0.01067	0.01254	0.00898	0.01430	0.00805	0.00720	0.01574	0.01267	0.05017	0.01123	0.01281	0.00916	0.00458	0.00452	0.00093	0.00448	0.00367	0.00373	0.79149
2	0.01081	0.00880	0.01107	0.01190	0.10920	0.00833	0.02419	0.09877	0.01588	0.03583	0.12216	0.06098	0.43438	0.01231	0.00681	0.00196	0.00422	0.01047	0.00539	0.00654
3	0.04505	0.00866	0.01145	0.00937	0.01271	0.00773	0.00751	0.02181	0.01692	0.44159	0.31110	0.02986	0.03127	0.00932	0.00639	0.00187	0.00420	0.00788	0.00700	0.00831
4	0.01008	0.06193	0.01123	0.00959	0.01105	0.00904	0.00742	0.06662	0.01143	0.01579	0.01778	0.11597	0.01781	0.10607	0.49170	0.00723	0.01220	0.00765	0.00372	0.00569
5	0.00795	0.00646	0.00958	0.00960	0.01081	0.00592	0.07547	0.00948	0.01218	0.01590	0.03623	0.57666	0.16710	0.01685	0.00752	0.00233	0.00405	0.01532	0.00534	0.00523
6	0.01413	0.01220	0.01281	0.01159	0.01485	0.01392	0.00900	0.02949	0.66319	0.02422	0.02835	0.02620	0.09576	0.00891	0.00623	0.00204	0.00458	0.00743	0.00606	0.00905
7	0.01179	0.01113	0.01882	0.68447	0.12773	0.01348	0.01692	0.01575	0.01223	0.01589	0.01077	0.01590	0.00820	0.00593	0.00601	0.00198	0.00791	0.00535	0.00271	0.00703
8	0.01303	0.01206	0.01959	0.28843	0.36869	0.01304	0.01576	0.03279	0.04373	0.01908	0.07820	0.01959	0.03682	0.00667	0.00612	0.00189	0.00683	0.00613	0.00347	0.00807
9	0.01185	0.02315	0.50610	0.01399	0.02071	0.01156	0.01681	0.01762	0.03605	0.05495	0.02228	0.02391	0.14944	0.00804	0.00603	0.00194	0.00715	0.02700	0.03340	0.00804
10	0.01472	0.01509	0.10684	0.01630	0.10530	0.01409	0.06362	0.13761	0.23077	0.02390	0.05087	0.02141	0.06585	0.00793	0.00705	0.00196	0.05850	0.00656	0.04302	0.00860
11	0.00837	0.00589	0.00645	0.00645	0.00692	0.00566	0.00386	0.00872	0.00990	0.01273	0.02867	0.04366	0.19012	0.60955	0.02518	0.00495	0.00519	0.00966	0.00409	0.00398
12	0.02287	0.01685	0.01805	0.01384	0.01866	0.01866	0.01143	0.73100	0.02828	0.03791	0.01444	0.01444	0.01023	0.00722	0.00602	0.00181	0.00662	0.00542	0.00602	0.01023
13	0.02446	0.01181	0.01448	0.01121	0.01564	0.01148	0.00922	0.23562	0.02011	0.48203	0.02064	0.01885	0.01356	0.00734	0.00589	0.00181	0.00537	0.00583	0.07482	0.00985
14	0.01465	0.00816	0.00867	0.00760	0.00991	0.00841	0.00597	0.15640	0.01604	0.07865	0.01890	0.02071	0.01436	0.00708	0.00470	0.00151	0.00372	0.00560	0.60210	0.00685
15	0.01316	0.01316	0.01843	0.01579	0.01579	0.01843	0.01316	0.01448	0.00921	0.01448	0.00790	0.01316	0.00790	0.01053	0.01974	0.00263	0.77757	0.00526	0.00263	0.00658
16	0.01136	0.01069	0.01804	0.77412	0.04143	0.01337	0.01671	0.01537	0.01203	0.01537	0.01069	0.01604	0.00802	0.00601	0.00601	0.00200	0.00802	0.00535	0.00267	0.00668
17	0.00748	0.00538	0.00731	0.00853	0.00897	0.00521	0.00582	0.00866	0.01129	0.01519	0.03108	0.69211	0.03678	0.02204	0.09974	0.00332	0.00503	0.01581	0.00530	0.00495
18	0.01288	0.01306	0.01686	0.01460	0.01500	0.05342	0.01204	0.01424	0.01014	0.01471	0.01442	0.01849	0.09797	0.01089	0.01750	0.00251	0.64574	0.00610	0.00301	0.00642
19	0.02153	0.01704	0.01877	0.03962	0.10840	0.06150	0.01246	0.58154	0.02537	0.03366	0.01365	0.01434	0.00993	0.00690	0.00598	0.00179	0.00697	0.00532	0.00538	0.00985

[dist]
# distance from previous block
# <min> <max>
0	19

[block]
# block no. 1 follows, 38 sequences, length 54
# corresponding to MSA columns:
# 69-122
name=unknown_B
#
# <colnr> <probs for GDERKNQSTAVLIFYWHMCP>
#	G	D	E	R	K	N	Q	S	T	A	V	L	I	F	Y	W	H	M	C	P
0	0.01292	0.03154	0.06266	0.01173	0.06708	0.00984	0.00922	0.04026	0.02632	0.01993	0.01288	0.01455	0.03661	0.00531	0.00514	0.00116	0.02170	0.00424	0.00362	0.60329
1	0.01362	0.03486	0.08254	0.05892	0.01977	0.04441	0.15273	0.06584	0.01260	0.03524	0.01268	0.03642	0.01155	0.11588	0.06148	0.00314	0.22175	0.00631	0.00332	0.00696
2	0.00760	0.00523	0.00705	0.00833	0.00865	0.00492	0.00555	0.00833	0.01120	0.01494	0.03122	0.71927	0.03728	0.01902	0.00903	0.07263	0.00364	0.01609	0.00533	0.00469
3	0.02030	0.08370	0.01777	0.01321	0.01740	0.13316	0.01076	0.40110	0.16341	0.02931	0.01526	0.01530	0.01139	0.00706	0.00570	0.00175	0.00677	0.00527	0.03215	0.00922
4	0.01541	0.50015	0.22640	0.01336	0.03580	0.02005	0.03829	0.03513	0.01298	0.03955	0.00984	0.01127	0.00807	0.00542	0.00464	0.00152	0.00720	0.00387	0.00282	0.00823
5	0.03164	0.02558	0.53301	0.01632	0.02388	0.01363	0.07013	0.06443	0.03208	0.08834	0.03606	0.01498	0.01036	0.00619	0.00588	0.00191	0.00811	0.00508	0.00349	0.00890
6	0.01361	0.09472	0.49220	0.01834	0.10954	0.01423	0.04867	0.01916	0.01333	0.06481	0.04734	0.01488	0.01076	0.00602	0.00572	0.00184	0.00799	0.00497	0.00312	0.00876
7	0.02247	0.02867	0.01705	0.01550	0.01860	0.76443	0.01162	0.02402	0.01705	0.01472	0.00930	0.01085	0.00775	0.00620	0.00542	0.00155	0.01085	0.00387	0.00310	0.00697
8	0.01461	0.01227	0.04014	0.17529	0.25397	0.03880	0.01342	0.06119	0.01453	0.10728	0.04101	0.14075	0.04363	0.00863	0.00631	0.00195	0.00637	0.00768	0.00426	0.00794
9	0.01551	0.03988	0.27570	0.03479	0.14711	0.04584	0.10039	0.01991	0.01405	0.14597	0.01681	0.03776	0.04965	0.00696	0.00610	0.00190	0.00757	0.02163	0.00386	0.00861
10	0.00848	0.00664	0.00777	0.00769	0.00932	0.00626	0.00568	0.01197	0.08660	0.02009	0.32423	0.17822	0.27672	0.01401	0.00711	0.00205	0.00321	0.01218	0.00605	0.00572
11	0.00864	0.00628	0.00882	0.00882	0.00961	0.00706	0.00647	0.01020	0.00942	0.01334	0.01688	0.02791	0.01689	0.24702	0.56538	0.00863	0.01332	0.00707	0.00334	0.00490
12	0.83108	0.01163	0.00884	0.00791	0.01163	0.01350	0.00651	0.01768	0.01024	0.02699	0.00838	0.00977	0.00651	0.00558	0.00372	0.00186	0.00465	0.00326	0.00372	0.00651
13	0.01592	0.01395	0.02353	0.03469	0.68828	0.01383	0.01764	0.01939	0.01400	0.08242	0.01238	0.01537	0.00999	0.00554	0.00596	0.00179	0.00697	0.00542	0.00336	0.00959
14	0.01121	0.00561	0.00561	0.00561	0.00701	0.00561	0.00421	0.01402	0.01262	0.02243	0.01962	0.02243	0.01542	0.00701	0.00421	0.00140	0.00280	0.00561	0.82198	0.00561
15	0.02129	0.02677	0.01642	0.01500	0.01793	0.69985	0.01127	0.02289	0.01642	0.01466	0.00988	0.01194	0.00837	0.00952	0.07021	0.00224	0.01130	0.00409	0.00311	0.00684
16	0.02077	0.02583	0.01730	0.01555	0.01808	0.62802	0.01190	0.02228	0.01562	0.01468	0.00904	0.01127	0.00778	0.00699	0.00804	0.00175	0.15105	0.00413	0.00301	0.00690
17	0.01104	0.00909	0.05654	0.00950	0.03856	0.00731	0.00715	0.01291	0.01186	0.07881	0.04146	0.06680	0.14488	0.23424	0.09358	0.00370	0.00619	0.00806	0.00431	0.15400
18	0.01633	0.01765	0.01454	0.01299	0.01481	0.33786	0.00989	0.01703	0.01260	0.01409	0.00984	0.01432	0.00910	0.03921	0.02954	0.17020	0.17672	0.00466	0.00296	0.07567
19	0.76247	0.01151	0.00928	0.00815	0.01195	0.01310	0.00671	0.01868	0.01083	0.08913	0.00969	0.01069	0.00723	0.00574	0.00392	0.00186	0.00469	0.00350	0.00404	0.00683
20	0.01316	0.01316	0.01843	0.01579	0.01579	0.01843	0.01316	0.01448	0.00921	0.01448	0.00790	0.01316	0.00790	0.01053	0.01974	0.00263	0.77757	0.00526	0.00263	0.00658
21	0.83108	0.01163	0.00884	0.00791	0.01163	0.01350	0.00651	0.01768	0.01024	0.02699	0.00838	0.00977	0.00651	0.00558	0.00372	0.00186	0.00465	0.00326	0.00372	0.00651
22	0.01316	0.01316	0.01843	0.01579	0.01579	0.01843	0.01316	0.01448	0.00921	0.01448	0.00790	0.01316	0.00790	0.01053	0.01974	0.00263	0.77757	0.00526	0.00263	0.00658
23	0.02247	0.02867	0.01705	0.01550	0.01860	0.76443	0.01162	0.02402	0.01705	0.01472	0.00930	0.01085	0.00775	0.00620	0.00542	0.00155	0.01085	0.00387	0.00310	0.00697
24	0.00859	0.00645	0.00967	0.00967	0.01074	0.00752	0.00752	0.01074	0.00967	0.01396	0.01611	0.02363	0.01504	0.04512	0.76474	0.00967	0.01611	0.00645	0.00322	0.00537
25	0.01262	0.01134	0.03647	0.03155	0.03382	0.01183	0.00903	0.04276	0.42392	0.02282	0.10733	0.09358	0.11716	0.01020	0.00646	0.00204	0.00456	0.00869	0.00577	0.00806
26	0.00835	0.00605	0.00787	0.00762	0.00893	0.00557	0.00564	0.01095	0.01634	0.02295	0.65107	0.12589	0.07399	0.01309	0.00716	0.00196	0.00291	0.01161	0.00648	0.00557
27	0.01210	0.02704	0.60559	0.01867	0.10292	0.01357	0.02045	0.01815	0.01262	0.01873	0.01220	0.06265	0.00991	0.00668	0.00633	0.00195	0.03366	0.00539	0.00279	0.00863
28	0.00831	0.00612	0.00778	0.00741	0.00888	0.00558	0.00554	0.01094	0.01648	0.02293	0.64534	0.06595	0.14069	0.01283	0.00711	0.00192	0.00288	0.01126	0.00647	0.00558
29	0.01496	0.01301	0.01428	0.01380	0.06198	0.01492	0.01009	0.03112	0.69441	0.02482	0.02365	0.02197	0.01781	0.00799	0.00611	0.00202	0.00491	0.00671	0.00592	0.00952
30	0.00797	0.00585	0.00747	0.00765	0.00880	0.00535	0.00551	0.01008	0.01487	0.02038	0.43749	0.28167	0.13513	0.01474	0.00728	0.00208	0.00307	0.01308	0.00617	0.00535
31	0.01250	0.01072	0.01654	0.41096	0.15045	0.01230	0.01376	0.07588	0.01325	0.01799	0.01294	0.01927	0.01092	0.10276	0.03716	0.00266	0.00743	0.00583	0.05971	0.00697
32	0.83108	0.01163	0.00884	0.00791	0.01163	0.01350	0.00651	0.01768	0.01024	0.02699	0.00838	0.00977	0.00651	0.00558	0.00372	0.00186	0.00465	0.00326	0.00372	0.00651
33	0.01466	0.01217	0.06060	0.01043	0.01575	0.00907	0.03116	0.01758	0.01314	0.12751	0.01257	0.01380	0.00968	0.00519	0.00534	0.00119	0.02949	0.00415	0.00402	0.60251
34	0.00818	0.00614	0.00759	0.00733	0.00888	0.00555	0.00552	0.01065	0.01599	0.02179	0.53983	0.06483	0.22730	0.01330	0.00715	0.00197	0.00299	0.03321	0.00631	0.00551
35	0.01738	0.55981	0.02727	0.01162	0.01618	0.10799	0.01071	0.09670	0.03075	0.01708	0.00947	0.01079	0.00825	0.00585	0.00519	0.00146	0.04880	0.00372	0.00309	0.00789
36	0.06540	0.01085	0.01373	0.04079	0.03512	0.00936	0.04372	0.04887	0.01376	0.07624	0.05271	0.04019	0.03043	0.00611	0.00514	0.00132	0.00496	0.00514	0.00418	0.49198
37	0.01344	0.13406	0.08374	0.12908	0.22197	0.01375	0.05973	0.01746	0.04343	0.04841	0.10566	0.04779	0.04167	0.00732	0.00595	0.00183	0.00652	0.00651	0.00378	0.00792
38	0.01496	0.01292	0.01360	0.01224	0.01564	0.01496	0.00952	0.03197	0.74019	0.02516	0.02448	0.02244	0.01836	0.00816	0.00612	0.00204	0.00476	0.00680	0.00612	0.00952
39	0.83108	0.01163	0.00884	0.00791	0.01163	0.01350	0.00651	0.01768	0.01024	0.02699	0.00838	0.00977	0.00651	0.00558	0.00372	0.00186	0.00465	0.00326	0.00372	0.00651
40	0.00969	0.00692	0.00969	0.01108	0.01246	0.00692	0.00969	0.01246	0.01385	0.01800	0.03185	0.06786	0.03462	0.01662	0.00831	0.00277	0.00554	0.71057	0.00554	0.00554
41	0.00834	0.00614	0.00780	0.00738	0.00888	0.00560	0.00554	0.01101	0.01661	0.02314	0.66220	0.04655	0.14306	0.01266	0.00710	0.00191	0.00286	0.01111	0.00649	0.00560
42	0.00914	0.00739	0.03450	0.01034	0.01187	0.00665	0.00892	0.01168	0.01351	0.01763	0.05267	0.17948	0.09603	0.01637	0.00798	0.00260	0.00504	0.49721	0.00548	0.00551
43	0.02224	0.05635	0.01757	0.01531	0.01848	0.73758	0.01158	0.02380	0.01687	0.01470	0.00926	0.01081	0.00775	0.00616	0.00537	0.00154	0.01069	0.00385	0.00308	0.00700
44	0.00756	0.00595	0.00689	0.00745	0.00888	0.00528	0.00556	0.00916	0.01324	0.01658	0.08120	0.26997	0.42115	0.01632	0.00742	0.00224	0.00348	0.10094	0.00563	0.00511
45	0.01663	0.01476	0.04115	0.01240	0.01575	0.08192	0.01000	0.18037	0.32755	0.04778	0.06472	0.02165	0.01735	0.07463	0.00880	0.00228	0.04181	0.00648	0.00540	0.00857
46	0.01472	0.57575	0.15918	0.01175	0.01735	0.02046	0.03494	0.01767	0.01260	0.01563	0.03829	0.01337	0.03493	0.00586	0.00453	0.00147	0.00674	0.00417	0.00284	0.00777
47	0.00733	0.00524	0.00698	0.00838	0.00873	0.00489	0.00558	0.00838	0.01152	0.01536	0.03316	0.78466	0.03979	0.01885	0.00768	0.00244	0.00349	0.01710	0.00558	0.00489
48	0.01489	0.01429	0.02442	0.03692	0.75106	0.01429	0.01846	0.01846	0.01370	0.01965	0.01132	0.01489	0.00953	0.00536	0.00596	0.00179	0.00715	0.00536	0.00298	0.00953
49	0.01403	0.06670	0.06368	0.01933	0.20135	0.01228	0.13097	0.03672	0.05457	0.08581	0.12811	0.05469	0.06801	0.00901	0.02625	0.00209	0.00654	0.00742	0.00442	0.00804
50	0.01108	0.00725	0.00991	0.00937	0.01086	0.00788	0.00722	0.01355	0.03549	0.09904	0.08263	0.05166	0.05998	0.08699	0.40507	0.00629	0.04819	0.00756	0.03398	0.00599
51	0.00884	0.00653	0.00857	0.00956	0.01097	0.00625	0.00797	0.01117	0.01374	0.01770	0.07822	0.14282	0.18272	0.01634	0.00793	0.00253	0.00465	0.45249	0.00561	0.00538
52	0.01419	0.16778	0.23613	0.01971	0.15871	0.08229	0.10966	0.01818	0.01318	0.01743	0.01231	0.07871	0.01096	0.00675	0.00612	0.00182	0.02917	0.00578	0.00301	0.00811
53	0.03492	0.03467	0.12057	0.02116	0.25617	0.12155	0.03912	0.02176	0.05756	0.16285	0.01639	0.01819	0.03860	0.00672	0.00592	0.00183	0.00723	0.02184	0.00416	0.00880

[dist]
# distance from previous block
# <min> <max>
0	1

[block]
# block no. 2 follows, 38 sequences, length 19
# corresponding to MSA columns:
# 124-142
name=unknown_C
#
# <colnr> <probs for GDERKNQSTAVLIFYWHMCP>
#	G	D	E	R	K	N	Q	S	T	A	V	L	I	F	Y	W	H	M	C	P
0	0.00751	0.00593	0.00677	0.00694	0.00847	0.00519	0.00506	0.00926	0.01407	0.01802	0.22614	0.20816	0.42662	0.01527	0.00723	0.00208	0.00309	0.01317	0.00584	0.00519
1	0.04006	0.00681	0.00881	0.00983	0.01124	0.00672	0.00824	0.01165	0.01324	0.01755	0.03426	0.10827	0.13109	0.06278	0.00928	0.00280	0.00505	0.50159	0.00537	0.00536
2	0.04267	0.22929	0.28257	0.02060	0.21686	0.04266	0.04885	0.01875	0.01297	0.01803	0.01021	0.01246	0.00819	0.00545	0.00527	0.00170	0.00774	0.00442	0.00275	0.00856
3	0.01317	0.04012	0.14708	0.09709	0.11357	0.01260	0.13538	0.01825	0.06525	0.01924	0.01196	0.01445	0.00935	0.00534	0.00557	0.00158	0.00698	0.00495	0.00329	0.27476
4	0.00819	0.00579	0.00768	0.00888	0.00948	0.00559	0.00647	0.00957	0.01179	0.01559	0.03084	0.48168	0.03588	0.12384	0.01100	0.00300	0.00439	0.21013	0.00531	0.00490
5	0.01608	0.79220	0.03152	0.01029	0.01544	0.02380	0.01029	0.01801	0.01222	0.01415	0.00836	0.00965	0.00772	0.00515	0.00386	0.00129	0.00643	0.00322	0.00257	0.00772
6	0.01316	0.01316	0.01843	0.01579	0.01579	0.01843	0.01316	0.01448	0.00921	0.01448	0.00790	0.01316	0.00790	0.01053	0.01974	0.00263	0.77757	0.00526	0.00263	0.00658
7	0.01376	0.01280	0.02149	0.05417	0.59791	0.01287	0.01668	0.01713	0.01358	0.01912	0.01502	0.05398	0.01418	0.00748	0.00635	0.00196	0.00680	0.10261	0.00343	0.00870
8	0.02205	0.02797	0.01711	0.01551	0.01847	0.73055	0.01169	0.02359	0.01669	0.01471	0.00924	0.01095	0.00776	0.00640	0.00607	0.00160	0.04568	0.00394	0.00308	0.00696
9	0.00748	0.00548	0.00676	0.00770	0.00832	0.00505	0.00513	0.00848	0.01155	0.01502	0.03641	0.54623	0.17013	0.12379	0.01072	0.00283	0.00373	0.01513	0.00532	0.00475
10	0.01696	0.68744	0.02954	0.01101	0.01587	0.12543	0.01048	0.01884	0.01289	0.01423	0.00849	0.00981	0.00772	0.00529	0.00407	0.00132	0.00704	0.00331	0.00265	0.00762
11	0.01380	0.01389	0.04478	0.03066	0.55806	0.03471	0.04770	0.01708	0.01344	0.01880	0.01473	0.13639	0.01418	0.00751	0.00626	0.00190	0.00686	0.00722	0.00338	0.00864
12	0.01599	0.75219	0.03173	0.01107	0.01626	0.02336	0.04736	0.01808	0.01233	0.01442	0.00856	0.00999	0.00779	0.00514	0.00403	0.00132	0.00662	0.00342	0.00260	0.00774
13	0.00868	0.00626	0.00827	0.00805	0.00946	0.00585	0.00623	0.01150	0.01659	0.02328	0.64964	0.04808	0.05372	0.01289	0.00726	0.00201	0.00321	0.10688	0.00647	0.00566
14	0.01324	0.16092	0.16540	0.01085	0.01657	0.01202	0.01072	0.01654	0.01257	0.04164	0.01195	0.05552	0.01035	0.00574	0.00483	0.00129	0.00568	0.00451	0.00341	0.43624
15	0.00899	0.00690	0.00992	0.00970	0.01053	0.00816	0.00740	0.01075	0.00949	0.01366	0.01587	0.02512	0.01547	0.15300	0.59476	0.00852	0.07659	0.00669	0.00324	0.00521
16	0.00875	0.00583	0.00656	0.00656	0.00656	0.00583	0.00365	0.00875	0.00875	0.01166	0.01895	0.03937	0.02187	0.78858	0.03062	0.00583	0.00583	0.00875	0.00365	0.00365
17	0.01586	0.01329	0.03704	0.16882	0.39761	0.01335	0.03650	0.07096	0.01461	0.10860	0.01335	0.01705	0.01055	0.04781	0.00733	0.00206	0.00708	0.00566	0.00371	0.00876
18	0.01821	0.24512	0.09620	0.01488	0.06704	0.23407	0.01240	0.08929	0.11311	0.03754	0.01220	0.01310	0.00969	0.00618	0.00520	0.00162	0.00777	0.00443	0.00367	0.00829

[dist]
# distance from previous block
# <min> <max>
0	2

[block]
# block no. 3 follows, 38 sequences, length 20
# corresponding to MSA columns:
# 145-164
name=unknown_D
#
# <colnr> <probs for GDERKNQSTAVLIFYWHMCP>
#	G	D	E	R	K	N	Q	S	T	A	V	L	I	F	Y	W	H	M	C	P
0	0.01027	0.00870	0.01204	0.21569	0.05570	0.00940	0.00978	0.01517	0.11760	0.01981	0.24300	0.07812	0.13842	0.01063	0.00668	0.00202	0.00487	0.03049	0.00506	0.00655
1	0.01084	0.00782	0.00952	0.00798	0.01092	0.00653	0.00618	0.01339	0.01516	0.07409	0.36912	0.03524	0.14246	0.01000	0.00622	0.00161	0.00352	0.00858	0.00560	0.25522
2	0.02132	0.01593	0.01722	0.01311	0.01800	0.01707	0.01079	0.62416	0.02592	0.03518	0.01388	0.01415	0.01003	0.00681	0.00578	0.00167	0.00630	0.00514	0.00565	0.13189
3	0.01496	0.01292	0.01360	0.01224	0.01564	0.01496	0.00952	0.03197	0.74019	0.02516	0.02448	0.02244	0.01836	0.00816	0.00612	0.00204	0.00476	0.00680	0.00612	0.00952
4	0.01614	0.01351	0.01427	0.01248	0.01609	0.01551	0.00981	0.13630	0.63394	0.02707	0.02299	0.02125	0.01715	0.00802	0.00611	0.00201	0.00504	0.00659	0.00611	0.00963
5	0.01207	0.03112	0.75741	0.01715	0.02604	0.01397	0.02223	0.01905	0.01270	0.01905	0.01080	0.01270	0.00762	0.00572	0.00572	0.00191	0.00889	0.00445	0.00254	0.00889
6	0.02200	0.02789	0.01712	0.01551	0.01846	0.72695	0.01170	0.02354	0.01665	0.01471	0.00923	0.01096	0.00776	0.00642	0.00614	0.00160	0.04937	0.00394	0.00308	0.00695
7	0.00795	0.00590	0.00742	0.00752	0.00877	0.00536	0.00546	0.01009	0.01499	0.02042	0.43834	0.24304	0.17346	0.01455	0.00725	0.00206	0.00305	0.01284	0.00617	0.00536
8	0.02525	0.01062	0.01384	0.01081	0.01525	0.00972	0.00886	0.06425	0.07621	0.63416	0.02318	0.02040	0.01496	0.00748	0.00599	0.00186	0.00508	0.00606	0.03600	0.01002
9	0.00826	0.00677	0.00862	0.12135	0.01343	0.00653	0.00682	0.01062	0.01458	0.01895	0.30227	0.07459	0.35943	0.01293	0.00696	0.00199	0.00373	0.01111	0.00553	0.00553
10	0.00866	0.00609	0.00784	0.00777	0.00835	0.00639	0.00527	0.00982	0.01030	0.01431	0.12678	0.03482	0.02474	0.41877	0.27787	0.00655	0.00890	0.00828	0.00395	0.00454
11	0.00738	0.00598	0.00655	0.00668	0.00836	0.00515	0.00491	0.00905	0.01394	0.01745	0.17268	0.16418	0.52611	0.01528	0.00719	0.00207	0.00308	0.01305	0.00576	0.00515
12	0.01000	0.00538	0.00750	0.00750	0.00750	0.00538	0.00481	0.00808	0.00808	0.01077	0.01267	0.02380	0.01344	0.22174	0.02537	0.61067	0.00538	0.00615	0.00288	0.00288
13	0.01797	0.28460	0.08474	0.01453	0.05532	0.19183	0.03048	0.15303	0.03210	0.01990	0.01143	0.01390	0.00955	0.00736	0.02654	0.00184	0.00804	0.02517	0.00355	0.00813
14	0.05724	0.02092	0.18390	0.11089	0.16771	0.17549	0.06297	0.09580	0.01531	0.02013	0.01086	0.01342	0.00840	0.00601	0.00609	0.00183	0.02668	0.00485	0.00323	0.00826
15	0.00780	0.00571	0.00740	0.00836	0.00922	0.00531	0.00606	0.00940	0.01289	0.01705	0.13388	0.48645	0.13311	0.01717	0.00762	0.00236	0.00364	0.11572	0.00572	0.00511
16	0.01556	0.01247	0.02075	0.19894	0.35786	0.01282	0.06240	0.03684	0.01433	0.12887	0.03306	0.01913	0.03115	0.00653	0.00617	0.00190	0.00698	0.02177	0.00387	0.00860
17	0.01651	0.01426	0.10977	0.10795	0.19639	0.01228	0.05995	0.05239	0.07505	0.18995	0.01746	0.09154	0.01404	0.00757	0.00621	0.00195	0.00661	0.00678	0.00457	0.00877
18	0.01181	0.01256	0.09069	0.01474	0.01831	0.01079	0.21674	0.03590	0.02828	0.04815	0.10410	0.14384	0.12751	0.01059	0.00802	0.00213	0.06826	0.03611	0.00452	0.00694
19	0.01053	0.00765	0.00961	0.01010	0.01159	0.00772	0.00796	0.11779	0.01501	0.01977	0.03127	0.36193	0.06919	0.01609	0.00764	0.00245	0.00471	0.27742	0.00563	0.00594

[dist]
# distance from previous block
# <min> <max>
2	4

[block]
# block no. 4 follows, 38 sequences, length 19
# corresponding to MSA columns:
# 169-187
name=unknown_E
#
# <colnr> <probs for GDERKNQSTAVLIFYWHMCP>
#	G	D	E	R	K	N	Q	S	T	A	V	L	I	F	Y	W	H	M	C	P
0	0.00922	0.00718	0.00860	0.00922	0.01045	0.00737	0.00658	0.01418	0.18509	0.01800	0.04796	0.52468	0.07668	0.01589	0.00728	0.00232	0.00381	0.03371	0.00573	0.00604
1	0.00745	0.00532	0.00711	0.00851	0.00891	0.00499	0.00579	0.00858	0.01163	0.01549	0.03309	0.74913	0.03953	0.01874	0.00771	0.00246	0.00359	0.05147	0.00558	0.00492
2	0.01128	0.19459	0.01649	0.01092	0.01272	0.01349	0.00916	0.01314	0.01016	0.01404	0.01274	0.01876	0.01211	0.05327	0.41266	0.00616	0.16371	0.00552	0.00297	0.00611
3	0.01284	0.02626	0.55760	0.01660	0.04626	0.01422	0.01909	0.02210	0.18571	0.02052	0.01407	0.01509	0.01023	0.00629	0.00582	0.00193	0.00785	0.00503	0.00341	0.00906
4	0.00804	0.00613	0.00739	0.00707	0.00870	0.00548	0.00531	0.01044	0.01592	0.02149	0.51769	0.04928	0.28860	0.01328	0.00710	0.00194	0.00291	0.01149	0.00628	0.00548
5	0.01370	0.01395	0.05597	0.21049	0.52773	0.01379	0.01785	0.01746	0.01319	0.01848	0.01177	0.03724	0.00995	0.00592	0.00601	0.00186	0.00733	0.00565	0.00296	0.00869
6	0.00738	0.00590	0.00661	0.00687	0.00840	0.00513	0.00498	0.00900	0.01371	0.01727	0.16143	0.22868	0.47221	0.01564	0.00724	0.00211	0.00312	0.01346	0.00575	0.00513
7	0.01005	0.00850	0.01153	0.01094	0.01174	0.03001	0.00859	0.01185	0.00989	0.01431	0.01513	0.06207	0.01480	0.06730	0.47492	0.00701	0.19356	0.00675	0.02544	0.00560
8	0.01207	0.03112	0.75741	0.01715	0.02604	0.01397	0.02223	0.01905	0.01270	0.01905	0.01080	0.01270	0.00762	0.00572	0.00572	0.00191	0.00889	0.00445	0.00254	0.00889
9	0.01523	0.19822	0.01786	0.01178	0.01559	0.01707	0.00971	0.02865	0.56709	0.02255	0.02065	0.01940	0.01583	0.00744	0.00558	0.00186	0.00516	0.00595	0.00528	0.00909
10	0.01397	0.33074	0.40855	0.01394	0.02099	0.03888	0.01638	0.01857	0.01262	0.01702	0.00979	0.01143	0.00773	0.00544	0.00490	0.00159	0.00773	0.00390	0.00263	0.05321
11	0.01702	0.20277	0.02431	0.02537	0.39764	0.19937	0.01485	0.01971	0.01416	0.01714	0.01012	0.01266	0.00867	0.00551	0.00533	0.00161	0.00788	0.00449	0.00291	0.00848
12	0.01887	0.02310	0.01465	0.01380	0.01625	0.58383	0.01019	0.02030	0.01573	0.01487	0.01497	0.19485	0.01537	0.00921	0.00596	0.00176	0.00910	0.00702	0.00369	0.00648
13	0.01083	0.00746	0.00824	0.00760	0.00966	0.00730	0.00593	0.07062	0.01483	0.05542	0.09567	0.04098	0.36612	0.01181	0.00698	0.00190	0.04471	0.02818	0.19976	0.00601
14	0.01273	0.00714	0.00920	0.00821	0.01050	0.00638	0.00641	0.01523	0.01642	0.19648	0.43872	0.04207	0.15613	0.01178	0.00690	0.00194	0.00352	0.03697	0.00661	0.00666
15	0.01214	0.01435	0.18881	0.05063	0.07128	0.01033	0.01168	0.06857	0.06965	0.05638	0.10126	0.06091	0.19506	0.01031	0.01910	0.00206	0.00569	0.00814	0.03619	0.00744
16	0.00826	0.00629	0.00846	0.00846	0.00963	0.00674	0.00637	0.01001	0.01052	0.01424	0.02710	0.03361	0.19026	0.12435	0.49934	0.00741	0.01181	0.00820	0.00383	0.00510
17	0.01234	0.01134	0.01720	0.56820	0.05914	0.01378	0.01506	0.01942	0.18523	0.01784	0.01399	0.01752	0.01053	0.00650	0.00604	0.00201	0.00722	0.00569	0.00350	0.00745
18	0.63633	0.01627	0.18684	0.01011	0.01506	0.01361	0.01025	0.01801	0.01082	0.02510	0.00895	0.01047	0.00678	0.00562	0.00420	0.00187	0.00566	0.00354	0.00344	0.00708

[dist]
# distance from previous block
# <min> <max>
1	115

# created by:
# /home/cegg/simao/soft/augustus-3.2.1/scripts/msa2prfl.pl ./align_prep/EOG090W0GP3.fa
