[name]
unknown

[dist]
# distance from previous block
# <min> <max>
0	16

[block]
# block no. 0 follows, 35 sequences, length 12
# corresponding to MSA columns:
# 16-22,24-28
name=unknown_A
#
# <colnr> <probs for GDERKNQSTAVLIFYWHMCP>
#	G	D	E	R	K	N	Q	S	T	A	V	L	I	F	Y	W	H	M	C	P
0	0.01290	0.00939	0.01171	0.01114	0.03642	0.00906	0.00844	0.06732	0.06597	0.07377	0.14444	0.15133	0.08764	0.01229	0.00746	0.00209	0.02780	0.11644	0.00575	0.13865
1	0.04491	0.10731	0.01776	0.01193	0.01661	0.03559	0.00993	0.22398	0.01798	0.05197	0.01295	0.03502	0.01060	0.00682	0.00661	0.00157	0.06926	0.00494	0.00452	0.30974
2	0.00999	0.00876	0.01376	0.04562	0.01536	0.00867	0.11524	0.01226	0.01324	0.01775	0.07373	0.32115	0.12882	0.03447	0.00925	0.00244	0.06106	0.05774	0.00502	0.04566
3	0.00883	0.00636	0.00872	0.00903	0.00970	0.00688	0.00640	0.01025	0.01033	0.01437	0.02149	0.18272	0.02316	0.23996	0.40408	0.00754	0.01132	0.00976	0.00403	0.00507
4	0.01471	0.01422	0.04216	0.22091	0.24594	0.05695	0.05109	0.04997	0.05937	0.03629	0.01387	0.01832	0.01130	0.03444	0.10032	0.00313	0.00913	0.00599	0.00357	0.00831
5	0.04752	0.05050	0.07472	0.41645	0.05266	0.03934	0.06431	0.04339	0.04553	0.01873	0.01270	0.01817	0.01016	0.00701	0.00698	0.00210	0.04526	0.03347	0.00331	0.00768
6	0.00911	0.00702	0.00757	0.00757	0.00963	0.00630	0.00561	0.01192	0.06910	0.04986	0.05436	0.18272	0.52485	0.01580	0.00747	0.00221	0.00353	0.01342	0.00602	0.00592
7	0.00791	0.00571	0.00748	0.00858	0.00921	0.00529	0.00585	0.00932	0.01315	0.01765	0.14270	0.62632	0.08007	0.01863	0.00797	0.00247	0.00355	0.01680	0.00606	0.00529
8	0.06742	0.01586	0.01993	0.05514	0.13928	0.04595	0.06130	0.31241	0.05204	0.14367	0.01576	0.01646	0.01129	0.00701	0.00626	0.00194	0.00713	0.00579	0.00541	0.00993
9	0.01313	0.04396	0.15713	0.25206	0.12830	0.04416	0.01588	0.04781	0.01391	0.01857	0.01665	0.13617	0.03606	0.00885	0.00708	0.00211	0.03930	0.00751	0.00359	0.00778
10	0.00923	0.00615	0.00692	0.00692	0.00692	0.00615	0.00384	0.00923	0.00923	0.01230	0.01999	0.04151	0.02306	0.77705	0.03229	0.00615	0.00615	0.00923	0.00384	0.00384
11	0.01315	0.01128	0.01315	0.00940	0.01503	0.00846	0.00752	0.01597	0.01315	0.02067	0.01128	0.01315	0.00940	0.00470	0.00470	0.00094	0.00470	0.00376	0.00376	0.81583

[dist]
# distance from previous block
# <min> <max>
0	1

[block]
# block no. 1 follows, 35 sequences, length 18
# corresponding to MSA columns:
# 30-47
name=unknown_B
#
# <colnr> <probs for GDERKNQSTAVLIFYWHMCP>
#	G	D	E	R	K	N	Q	S	T	A	V	L	I	F	Y	W	H	M	C	P
0	0.21335	0.01510	0.07044	0.11765	0.06763	0.01399	0.24576	0.01909	0.01338	0.04603	0.01170	0.01472	0.00888	0.00568	0.00589	0.00191	0.00775	0.00543	0.00352	0.11208
1	0.09945	0.09455	0.01790	0.01465	0.03969	0.38451	0.01120	0.11739	0.01725	0.02017	0.01141	0.01370	0.00951	0.01209	0.10726	0.00285	0.01037	0.00460	0.00372	0.00771
2	0.00876	0.00654	0.00754	0.00780	0.00892	0.00617	0.00547	0.01057	0.03573	0.01671	0.10388	0.15237	0.25446	0.26066	0.01564	0.00355	0.00452	0.08026	0.00535	0.00510
3	0.01874	0.01569	0.02033	0.09916	0.22383	0.04836	0.03691	0.22534	0.16005	0.06264	0.01616	0.01742	0.01213	0.00702	0.00636	0.00197	0.00714	0.00600	0.00494	0.00982
4	0.00899	0.00620	0.00768	0.00788	0.00817	0.00639	0.00500	0.00962	0.00983	0.01335	0.02140	0.13803	0.02411	0.51736	0.18298	0.00653	0.00813	0.00991	0.00403	0.00441
5	0.01232	0.00718	0.00763	0.00733	0.00916	0.00734	0.00568	0.05826	0.05153	0.02445	0.07945	0.02913	0.04420	0.00880	0.00526	0.00169	0.00349	0.04816	0.58252	0.00641
6	0.00923	0.00615	0.00692	0.00692	0.00692	0.00615	0.00384	0.00923	0.00923	0.01230	0.01999	0.04151	0.02306	0.77705	0.03229	0.00615	0.00615	0.00923	0.00384	0.00384
7	0.02846	0.01080	0.01472	0.01129	0.01619	0.00932	0.00932	0.03092	0.01816	0.74187	0.02503	0.02159	0.01570	0.00785	0.00638	0.00196	0.00540	0.00638	0.00785	0.01080
8	0.00906	0.00680	0.01020	0.01020	0.01133	0.00793	0.00793	0.01133	0.01020	0.01473	0.01699	0.02492	0.01586	0.04758	0.75191	0.01020	0.01699	0.00680	0.00340	0.00566
9	0.82186	0.01227	0.00932	0.00834	0.01227	0.01423	0.00687	0.01865	0.01080	0.02846	0.00883	0.01031	0.00687	0.00589	0.00393	0.00196	0.00491	0.00344	0.00393	0.00687
10	0.02412	0.01777	0.01904	0.01460	0.01967	0.01967	0.01206	0.71633	0.02983	0.03998	0.01523	0.01523	0.01079	0.00762	0.00635	0.00190	0.00698	0.00571	0.00635	0.01079
11	0.64890	0.01195	0.01050	0.00898	0.01312	0.01316	0.00741	0.02132	0.01240	0.18399	0.01236	0.01277	0.00880	0.00632	0.00446	0.00196	0.00501	0.00408	0.00478	0.00773
12	0.01190	0.00713	0.00942	0.00848	0.01048	0.00649	0.00649	0.01481	0.01799	0.13278	0.62789	0.04352	0.05324	0.01220	0.00732	0.00199	0.00335	0.01071	0.00711	0.00671
13	0.01238	0.01065	0.01658	0.02310	0.36451	0.01065	0.01228	0.01474	0.01279	0.01777	0.04966	0.03121	0.04417	0.24677	0.05299	0.00372	0.00712	0.05783	0.00383	0.00726
14	0.01477	0.04681	0.02753	0.10228	0.29611	0.01477	0.25189	0.01891	0.01420	0.01988	0.01195	0.01570	0.00957	0.00547	0.00638	0.00184	0.00826	0.00590	0.00320	0.12458
15	0.01497	0.01711	0.03743	0.02674	0.03316	0.01604	0.71444	0.02032	0.01497	0.02032	0.01283	0.01711	0.00963	0.00535	0.00749	0.00214	0.01070	0.00749	0.00321	0.00856
16	0.06632	0.00966	0.03554	0.01308	0.09676	0.00928	0.00893	0.04446	0.06334	0.02063	0.10727	0.29958	0.12904	0.01383	0.00764	0.00227	0.03036	0.02985	0.00540	0.00677
17	0.42432	0.04248	0.03476	0.01353	0.04671	0.14842	0.07440	0.05309	0.03767	0.02473	0.03952	0.01360	0.01029	0.00639	0.00508	0.00190	0.00694	0.00460	0.00395	0.00761

[dist]
# distance from previous block
# <min> <max>
2	28

[block]
# block no. 2 follows, 35 sequences, length 31
# corresponding to MSA columns:
# 76-106
name=unknown_C
#
# <colnr> <probs for GDERKNQSTAVLIFYWHMCP>
#	G	D	E	R	K	N	Q	S	T	A	V	L	I	F	Y	W	H	M	C	P
0	0.07650	0.04682	0.04113	0.02267	0.28622	0.04439	0.01420	0.20073	0.07491	0.07918	0.01438	0.01571	0.01094	0.00657	0.00597	0.00186	0.00691	0.00543	0.00463	0.04085
1	0.04799	0.09233	0.08276	0.06008	0.19512	0.15867	0.06203	0.05797	0.03185	0.02006	0.01135	0.01392	0.00921	0.00619	0.00645	0.00178	0.04310	0.00493	0.00340	0.09081
2	0.02167	0.02542	0.01765	0.01676	0.06808	0.54817	0.01201	0.02471	0.06539	0.04159	0.01171	0.01309	0.00944	0.00647	0.00572	0.00162	0.00983	0.00445	0.00368	0.09254
3	0.00980	0.00707	0.00965	0.01072	0.01219	0.00692	0.00912	0.01260	0.01505	0.01981	0.14570	0.08976	0.07810	0.01680	0.00847	0.00272	0.00518	0.52848	0.00603	0.00582
4	0.00773	0.00618	0.00692	0.00728	0.00885	0.00537	0.00525	0.00935	0.01419	0.01780	0.13098	0.26191	0.46227	0.01680	0.00767	0.00225	0.00332	0.01449	0.00601	0.00537
5	0.01696	0.78087	0.03324	0.01085	0.01628	0.02510	0.01085	0.01900	0.01289	0.01493	0.00882	0.01018	0.00814	0.00543	0.00407	0.00136	0.00678	0.00339	0.00271	0.00814
6	0.00785	0.00560	0.00749	0.00897	0.00938	0.00525	0.00609	0.00903	0.01226	0.01632	0.03490	0.74025	0.04170	0.01977	0.00813	0.00259	0.00378	0.04955	0.00589	0.00518
7	0.00800	0.00649	0.00712	0.00710	0.00906	0.00562	0.00542	0.00999	0.01524	0.01908	0.21003	0.05870	0.54193	0.01548	0.00757	0.00216	0.00333	0.05602	0.00613	0.00553
8	0.00919	0.00629	0.00764	0.00764	0.00789	0.00654	0.00474	0.00969	0.00944	0.01283	0.01933	0.03787	0.02148	0.61685	0.19033	0.00704	0.00853	0.00869	0.00375	0.00424
9	0.01181	0.00714	0.00826	0.00768	0.00953	0.00704	0.00585	0.03870	0.05194	0.05285	0.33846	0.03385	0.03561	0.00996	0.00603	0.00178	0.00331	0.00846	0.35522	0.00651
10	0.00898	0.00648	0.00848	0.00798	0.00948	0.00599	0.00599	0.01197	0.01796	0.02544	0.73413	0.04739	0.05986	0.01297	0.00748	0.00200	0.00299	0.01147	0.00698	0.00599
11	0.04158	0.25090	0.10585	0.26088	0.07633	0.10699	0.01504	0.01890	0.01354	0.01702	0.01033	0.01338	0.00836	0.00594	0.00541	0.00176	0.00812	0.00453	0.00291	0.03221
12	0.02113	0.31586	0.02379	0.01425	0.01834	0.47515	0.01172	0.02292	0.01604	0.01530	0.00943	0.01096	0.00816	0.00611	0.00509	0.00153	0.00967	0.00382	0.00306	0.00765
13	0.01892	0.01251	0.01462	0.01102	0.01611	0.01134	0.00894	0.18335	0.03945	0.18462	0.03652	0.01794	0.03092	0.00670	0.00565	0.00149	0.00531	0.00534	0.00549	0.38376
14	0.04011	0.04830	0.01473	0.04095	0.01542	0.09563	0.02792	0.10866	0.01518	0.02013	0.07880	0.13719	0.06379	0.03949	0.11778	0.00344	0.11267	0.00845	0.00449	0.00688
15	0.24717	0.01361	0.02060	0.14280	0.12423	0.01438	0.17019	0.06464	0.01448	0.08650	0.01319	0.03794	0.01028	0.00651	0.00596	0.00203	0.00731	0.00587	0.00403	0.00827
16	0.01066	0.00564	0.00800	0.00800	0.00800	0.00564	0.00518	0.00846	0.00846	0.01128	0.01281	0.02373	0.01343	0.17314	0.02629	0.65346	0.00564	0.00625	0.00297	0.00297
17	0.01388	0.01388	0.01943	0.01666	0.01666	0.01943	0.01388	0.01527	0.00972	0.01527	0.00833	0.01388	0.00833	0.01110	0.02082	0.00278	0.76544	0.00555	0.00278	0.00694
18	0.15539	0.01466	0.10002	0.04427	0.09891	0.01266	0.03137	0.06802	0.05574	0.29063	0.03674	0.01936	0.01381	0.00733	0.00603	0.00200	0.00630	0.02187	0.00551	0.00940
19	0.01711	0.02351	0.39262	0.01822	0.05230	0.01391	0.11816	0.07131	0.01578	0.17179	0.01534	0.03572	0.01102	0.00677	0.00640	0.00202	0.00835	0.00590	0.00419	0.00957
20	0.02370	0.03023	0.01798	0.01634	0.01961	0.75158	0.01226	0.02533	0.01798	0.01553	0.00981	0.01144	0.00817	0.00654	0.00572	0.00163	0.01144	0.00409	0.00327	0.00735
21	0.00782	0.00612	0.00713	0.00787	0.00921	0.00543	0.00571	0.00932	0.01350	0.01689	0.04942	0.36214	0.38594	0.01779	0.00785	0.00239	0.00362	0.07067	0.00589	0.00531
22	0.01515	0.04061	0.20944	0.05589	0.13356	0.05737	0.05167	0.05974	0.01469	0.07288	0.01698	0.12005	0.03359	0.00884	0.00786	0.00211	0.07988	0.00729	0.00396	0.00844
23	0.01206	0.01228	0.05796	0.28852	0.10296	0.01241	0.09295	0.01645	0.04936	0.01816	0.01937	0.14139	0.03362	0.00990	0.00747	0.00227	0.03173	0.07986	0.00393	0.00735
24	0.02167	0.02690	0.01886	0.01673	0.01952	0.59768	0.03513	0.02338	0.01641	0.01563	0.00964	0.01206	0.00825	0.00731	0.00846	0.00185	0.14555	0.00446	0.00318	0.00732
25	0.01406	0.01348	0.07642	0.01063	0.01609	0.01015	0.00922	0.09651	0.01480	0.02223	0.01237	0.01529	0.01037	0.04923	0.02569	0.00167	0.00576	0.00445	0.00396	0.58763
26	0.04694	0.08576	0.06095	0.03678	0.12262	0.03863	0.01355	0.43412	0.04726	0.03181	0.01388	0.01481	0.01033	0.00697	0.00603	0.00187	0.00720	0.00537	0.00511	0.01003
27	0.01388	0.01388	0.01943	0.01666	0.01666	0.01943	0.01388	0.01527	0.00972	0.01527	0.00833	0.01388	0.00833	0.01110	0.02082	0.00278	0.76544	0.00555	0.00278	0.00694
28	0.00906	0.00680	0.01020	0.01020	0.01133	0.00793	0.00793	0.01133	0.01020	0.01473	0.01699	0.02492	0.01586	0.04758	0.75191	0.01020	0.01699	0.00680	0.00340	0.00566
29	0.02423	0.01616	0.01784	0.01375	0.01859	0.01743	0.01128	0.57556	0.02709	0.15395	0.01703	0.01733	0.01209	0.03854	0.00739	0.00208	0.00669	0.00596	0.00649	0.01051
30	0.18478	0.01177	0.01576	0.01271	0.01650	0.01191	0.11553	0.10155	0.03593	0.19113	0.01972	0.05410	0.03500	0.08709	0.00952	0.02890	0.00626	0.04857	0.00529	0.00798

[dist]
# distance from previous block
# <min> <max>
0	1

[block]
# block no. 3 follows, 35 sequences, length 13
# corresponding to MSA columns:
# 108-120
name=unknown_D
#
# <colnr> <probs for GDERKNQSTAVLIFYWHMCP>
#	G	D	E	R	K	N	Q	S	T	A	V	L	I	F	Y	W	H	M	C	P
0	0.00825	0.00596	0.00791	0.00929	0.01001	0.00563	0.00675	0.00977	0.01282	0.01685	0.03652	0.57784	0.08457	0.01913	0.00820	0.00262	0.00411	0.16257	0.00588	0.00531
1	0.04908	0.01309	0.02230	0.41667	0.29283	0.01459	0.06549	0.01778	0.01340	0.01866	0.01151	0.01620	0.00904	0.00600	0.00629	0.00203	0.00812	0.00567	0.00301	0.00823
2	0.01074	0.00900	0.01311	0.04522	0.04087	0.01038	0.04407	0.01204	0.01070	0.01487	0.01959	0.11078	0.06038	0.21271	0.13363	0.05681	0.17716	0.00864	0.00371	0.00560
3	0.00820	0.00577	0.00745	0.00862	0.00898	0.00550	0.00574	0.00919	0.01170	0.01556	0.03176	0.57553	0.03767	0.17744	0.01318	0.00334	0.00433	0.05965	0.00546	0.00492
4	0.82186	0.01227	0.00932	0.00834	0.01227	0.01423	0.00687	0.01865	0.01080	0.02846	0.00883	0.01031	0.00687	0.00589	0.00393	0.00196	0.00491	0.00344	0.00393	0.00687
5	0.10890	0.01476	0.08699	0.01510	0.06630	0.01465	0.01239	0.05660	0.01287	0.06098	0.01130	0.01444	0.00939	0.00969	0.04720	0.00243	0.26981	0.00497	0.00365	0.17758
6	0.14174	0.01729	0.01883	0.15048	0.20999	0.19599	0.03682	0.02113	0.07606	0.02009	0.01227	0.01517	0.00987	0.00811	0.03852	0.00227	0.00855	0.00516	0.00354	0.00813
7	0.01504	0.00861	0.01011	0.00897	0.01092	0.00852	0.00641	0.09483	0.04105	0.16359	0.02427	0.08434	0.06547	0.32613	0.01772	0.03146	0.00545	0.00870	0.06186	0.00655
8	0.00892	0.00656	0.00769	0.00741	0.00928	0.00577	0.00556	0.01115	0.01605	0.04651	0.36209	0.08837	0.37251	0.01457	0.00748	0.00209	0.00321	0.01251	0.00645	0.00582
9	0.02403	0.01156	0.01458	0.01180	0.01615	0.01114	0.00969	0.10741	0.11964	0.47748	0.05068	0.02602	0.01891	0.00888	0.00661	0.00206	0.00547	0.06047	0.00729	0.01012
10	0.06656	0.01554	0.02142	0.18862	0.22832	0.09883	0.09194	0.04582	0.06003	0.01996	0.01259	0.01681	0.01032	0.04030	0.00827	0.00220	0.05493	0.00578	0.00348	0.00827
11	0.00920	0.00657	0.00854	0.00856	0.00976	0.00662	0.00628	0.01098	0.01251	0.03483	0.13949	0.10798	0.15461	0.16009	0.26666	0.00564	0.00859	0.03275	0.00490	0.00543
12	0.01497	0.01711	0.03743	0.02674	0.03316	0.01604	0.71444	0.02032	0.01497	0.02032	0.01283	0.01711	0.00963	0.00535	0.00749	0.00214	0.01070	0.00749	0.00321	0.00856

[dist]
# distance from previous block
# <min> <max>
0	1

[block]
# block no. 4 follows, 35 sequences, length 14
# corresponding to MSA columns:
# 122-135
name=unknown_E
#
# <colnr> <probs for GDERKNQSTAVLIFYWHMCP>
#	G	D	E	R	K	N	Q	S	T	A	V	L	I	F	Y	W	H	M	C	P
0	0.05980	0.01987	0.01839	0.09143	0.14664	0.29465	0.01338	0.08529	0.07698	0.02031	0.01290	0.03477	0.01077	0.00839	0.02756	0.00215	0.05926	0.00543	0.00383	0.00818
1	0.04115	0.00815	0.01011	0.00952	0.01081	0.00854	0.00687	0.12541	0.01318	0.03601	0.01799	0.13236	0.01843	0.13780	0.08498	0.29533	0.00661	0.02721	0.00427	0.00528
2	0.60162	0.04399	0.01139	0.00891	0.01321	0.01344	0.00740	0.01976	0.01201	0.10926	0.01099	0.01194	0.00824	0.00596	0.00431	0.00182	0.00502	0.00381	0.00431	0.10261
3	0.02823	0.01117	0.01495	0.01146	0.01638	0.00987	0.00947	0.06739	0.01878	0.70452	0.02451	0.02125	0.01544	0.00784	0.00638	0.00196	0.00548	0.00634	0.00777	0.01080
4	0.14475	0.01441	0.02127	0.13317	0.45685	0.04163	0.01636	0.01975	0.01396	0.06220	0.01201	0.01519	0.00957	0.00594	0.00590	0.00192	0.00727	0.00528	0.00349	0.00906
5	0.00861	0.00639	0.00802	0.00778	0.00929	0.00580	0.00577	0.01119	0.01683	0.02317	0.55534	0.11368	0.17640	0.01412	0.00754	0.00207	0.00309	0.01239	0.00670	0.00580
6	0.00908	0.00672	0.00982	0.00982	0.01082	0.00773	0.00746	0.01109	0.01008	0.01445	0.01734	0.02682	0.01668	0.13112	0.66950	0.00973	0.01575	0.00708	0.00345	0.00546
7	0.00939	0.00640	0.00823	0.00823	0.00885	0.00689	0.00564	0.01063	0.01001	0.01437	0.01877	0.03279	0.01936	0.39497	0.33733	0.00745	0.01049	0.00788	0.07748	0.00481
8	0.02370	0.03023	0.01798	0.01634	0.01961	0.75158	0.01226	0.02533	0.01798	0.01553	0.00981	0.01144	0.00817	0.00654	0.00572	0.00163	0.01144	0.00409	0.00327	0.00735
9	0.01578	0.01363	0.01434	0.01291	0.01650	0.01578	0.01004	0.03371	0.72602	0.02654	0.02582	0.02367	0.01937	0.00861	0.00646	0.00215	0.00502	0.00717	0.00646	0.01004
10	0.00773	0.00552	0.00736	0.00883	0.00920	0.00515	0.00589	0.00883	0.01215	0.01619	0.03497	0.77291	0.04196	0.01987	0.00810	0.00258	0.00368	0.01803	0.00589	0.00515
11	0.00851	0.00647	0.00783	0.00749	0.00919	0.00579	0.00562	0.01106	0.01685	0.02281	0.52232	0.05171	0.27331	0.01395	0.00749	0.00204	0.00306	0.01208	0.00664	0.00579
12	0.01367	0.03486	0.06272	0.07833	0.12687	0.01140	0.07165	0.01722	0.01347	0.02009	0.01145	0.01412	0.00932	0.00513	0.00537	0.00136	0.00629	0.00456	0.00345	0.48869
13	0.01042	0.00814	0.00932	0.00937	0.01116	0.00823	0.00699	0.05025	0.14556	0.02008	0.07823	0.25453	0.20921	0.06983	0.00932	0.00261	0.00433	0.08006	0.00593	0.00641

[dist]
# distance from previous block
# <min> <max>
1	4

[block]
# block no. 5 follows, 35 sequences, length 40
# corresponding to MSA columns:
# 140-179
name=unknown_F
#
# <colnr> <probs for GDERKNQSTAVLIFYWHMCP>
#	G	D	E	R	K	N	Q	S	T	A	V	L	I	F	Y	W	H	M	C	P
0	0.41940	0.23677	0.01805	0.01078	0.01500	0.17569	0.00917	0.02018	0.01294	0.02180	0.00904	0.01051	0.00751	0.00590	0.00435	0.00172	0.00685	0.00356	0.00344	0.00734
1	0.04292	0.00811	0.01172	0.07979	0.01469	0.00810	0.06448	0.01266	0.01536	0.02153	0.37524	0.08931	0.14168	0.03347	0.03563	0.00250	0.02040	0.01064	0.00563	0.00613
2	0.01224	0.01122	0.03241	0.01155	0.01398	0.05385	0.03989	0.01929	0.24110	0.02045	0.08670	0.17079	0.09268	0.03436	0.02811	0.04198	0.00563	0.07113	0.00552	0.00712
3	0.00767	0.00636	0.00664	0.00671	0.00861	0.00541	0.00493	0.00926	0.01431	0.01739	0.10088	0.11016	0.61775	0.04515	0.00848	0.00232	0.00335	0.01345	0.00588	0.00532
4	0.01570	0.01507	0.02575	0.03894	0.73748	0.01507	0.01947	0.01947	0.01444	0.02073	0.01193	0.01570	0.01005	0.00565	0.00628	0.00188	0.00754	0.00565	0.00314	0.01005
5	0.00906	0.00680	0.01020	0.01020	0.01133	0.00793	0.00793	0.01133	0.01020	0.01473	0.01699	0.02492	0.01586	0.04758	0.75191	0.01020	0.01699	0.00680	0.00340	0.00566
6	0.82186	0.01227	0.00932	0.00834	0.01227	0.01423	0.00687	0.01865	0.01080	0.02846	0.00883	0.01031	0.00687	0.00589	0.00393	0.00196	0.00491	0.00344	0.00393	0.00687
7	0.00877	0.00648	0.00819	0.00776	0.00935	0.00590	0.00582	0.01156	0.01746	0.02426	0.63885	0.04933	0.15588	0.01341	0.00748	0.00202	0.00302	0.01175	0.00683	0.00590
8	0.00839	0.00646	0.00766	0.00736	0.00911	0.00573	0.00552	0.01082	0.01656	0.02212	0.46604	0.05286	0.33002	0.01421	0.00749	0.00205	0.00308	0.01224	0.00655	0.00573
9	0.02230	0.01592	0.01778	0.01459	0.04184	0.01746	0.01153	0.54494	0.04497	0.08466	0.01713	0.05801	0.01315	0.00837	0.00683	0.00196	0.03000	0.00648	0.03192	0.01016
10	0.01487	0.04715	0.27235	0.07321	0.05693	0.04006	0.11435	0.04986	0.19238	0.02172	0.01510	0.01676	0.01134	0.00685	0.00692	0.00206	0.03925	0.00582	0.00389	0.00913
11	0.01438	0.03600	0.16286	0.03836	0.23523	0.06257	0.01488	0.08292	0.03499	0.02191	0.10035	0.04882	0.10269	0.00859	0.00649	0.00196	0.00690	0.00733	0.00428	0.00851
12	0.01853	0.37069	0.04499	0.01347	0.01810	0.02107	0.04302	0.20718	0.01736	0.05198	0.01207	0.03258	0.01013	0.00723	0.00725	0.00180	0.10474	0.00501	0.00402	0.00878
13	0.00789	0.00566	0.00743	0.00879	0.00926	0.00529	0.00596	0.00905	0.01224	0.01621	0.03553	0.68442	0.06943	0.04867	0.00903	0.00271	0.00385	0.04762	0.00581	0.00514
14	0.00809	0.00624	0.00739	0.00754	0.00904	0.00554	0.00549	0.01009	0.01521	0.01996	0.30234	0.21724	0.33140	0.01580	0.00763	0.00219	0.00324	0.01374	0.00629	0.00554
15	0.03509	0.09538	0.29919	0.01619	0.02255	0.10912	0.07394	0.06850	0.13012	0.06816	0.01446	0.01539	0.01067	0.00661	0.00599	0.00192	0.00829	0.00527	0.00401	0.00917
16	0.01696	0.78087	0.03324	0.01085	0.01628	0.02510	0.01085	0.01900	0.01289	0.01493	0.00882	0.01018	0.00814	0.00543	0.00407	0.00136	0.00678	0.00339	0.00271	0.00814
17	0.00773	0.00552	0.00736	0.00883	0.00920	0.00515	0.00589	0.00883	0.01215	0.01619	0.03497	0.77291	0.04196	0.01987	0.00810	0.00258	0.00368	0.01803	0.00589	0.00515
18	0.00901	0.00669	0.00835	0.00931	0.01018	0.00659	0.00643	0.03804	0.07151	0.01799	0.03444	0.65840	0.06219	0.01835	0.00788	0.00250	0.00390	0.01651	0.00595	0.00578
19	0.01613	0.53579	0.17556	0.01290	0.01869	0.04801	0.01360	0.01970	0.03574	0.01638	0.00989	0.01151	0.00849	0.00600	0.00553	0.00160	0.04933	0.00392	0.00285	0.00836
20	0.01102	0.00551	0.00826	0.00826	0.00826	0.00551	0.00551	0.00826	0.00826	0.01102	0.01102	0.01928	0.01102	0.02204	0.02479	0.81543	0.00551	0.00551	0.00275	0.00275
21	0.01964	0.07119	0.01945	0.18532	0.05654	0.30997	0.01347	0.14654	0.07921	0.02118	0.01251	0.01451	0.00975	0.00675	0.00595	0.00183	0.00894	0.00502	0.00395	0.00830
22	0.01532	0.25059	0.03982	0.01258	0.01565	0.06558	0.01099	0.09148	0.02884	0.01853	0.02797	0.01815	0.01255	0.03334	0.14740	0.00355	0.15306	0.02443	0.02268	0.00749
23	0.00772	0.00555	0.00733	0.00874	0.00918	0.00516	0.00585	0.00884	0.01223	0.01623	0.03605	0.74667	0.06750	0.01973	0.00808	0.00256	0.00366	0.01786	0.00589	0.00516
24	0.00906	0.00680	0.01020	0.01020	0.01133	0.00793	0.00793	0.01133	0.01020	0.01473	0.01699	0.02492	0.01586	0.04758	0.75191	0.01020	0.01699	0.00680	0.00340	0.00566
25	0.00794	0.00579	0.00752	0.00872	0.00941	0.00536	0.00607	0.00933	0.01288	0.01701	0.07837	0.61142	0.11385	0.01893	0.00804	0.00252	0.00374	0.06187	0.00595	0.00527
26	0.02800	0.01154	0.01518	0.01164	0.01656	0.01042	0.00961	0.10363	0.01940	0.66741	0.02399	0.02092	0.01518	0.00783	0.00638	0.00196	0.00557	0.00631	0.00769	0.01080
27	0.82186	0.01227	0.00932	0.00834	0.01227	0.01423	0.00687	0.01865	0.01080	0.02846	0.00883	0.01031	0.00687	0.00589	0.00393	0.00196	0.00491	0.00344	0.00393	0.00687
28	0.01198	0.01128	0.01903	0.76180	0.04369	0.01409	0.01762	0.01621	0.01268	0.01621	0.01128	0.01691	0.00846	0.00634	0.00634	0.00211	0.00846	0.00564	0.00282	0.00705
29	0.00787	0.00562	0.00752	0.00899	0.00942	0.00527	0.00613	0.00907	0.01228	0.01635	0.03489	0.73415	0.04166	0.01974	0.00813	0.00260	0.00380	0.05544	0.00589	0.00519
30	0.01407	0.01445	0.02261	0.01844	0.01957	0.01883	0.13775	0.01616	0.01065	0.01616	0.00912	0.01445	0.00856	0.01009	0.01846	0.00266	0.63199	0.00589	0.00285	0.00723
31	0.01570	0.01507	0.02575	0.03894	0.73748	0.01507	0.01947	0.01947	0.01444	0.02073	0.01193	0.01570	0.01005	0.00565	0.00628	0.00188	0.00754	0.00565	0.00314	0.01005
32	0.01315	0.01128	0.01315	0.00940	0.01503	0.00846	0.00752	0.01597	0.01315	0.02067	0.01128	0.01315	0.00940	0.00470	0.00470	0.00094	0.00470	0.00376	0.00376	0.81583
33	0.00890	0.00648	0.00837	0.00790	0.00943	0.00595	0.00592	0.01181	0.01776	0.02498	0.69711	0.04814	0.09717	0.01314	0.00748	0.00200	0.00301	0.01158	0.00692	0.00595
34	0.01375	0.02151	0.32180	0.05034	0.16646	0.01421	0.10201	0.04443	0.07232	0.02100	0.01556	0.07159	0.01324	0.00760	0.00657	0.00209	0.00815	0.03476	0.00363	0.00898
35	0.01021	0.11615	0.06176	0.00961	0.03908	0.02875	0.00783	0.01252	0.01464	0.01831	0.15822	0.04475	0.39988	0.04195	0.00778	0.00213	0.00458	0.01040	0.00516	0.00629
36	0.00779	0.00601	0.00712	0.00774	0.00898	0.00534	0.00546	0.00934	0.01382	0.01774	0.13453	0.39156	0.32693	0.01746	0.00778	0.00233	0.00340	0.01532	0.00603	0.00534
37	0.01106	0.01063	0.05478	0.15954	0.17238	0.00997	0.01219	0.01444	0.01489	0.02063	0.26645	0.10184	0.05521	0.01196	0.03539	0.00239	0.00604	0.02825	0.00482	0.00713
38	0.01635	0.02193	0.24818	0.01909	0.13006	0.10949	0.05923	0.06580	0.03442	0.05331	0.01257	0.01443	0.00956	0.00597	0.00589	0.00172	0.00804	0.00494	0.00365	0.17538
39	0.01526	0.01145	0.01327	0.01027	0.01505	0.01000	0.00810	0.03741	0.14712	0.10023	0.01665	0.04069	0.01351	0.03596	0.00641	0.00155	0.00491	0.00538	0.00484	0.50193

[dist]
# distance from previous block
# <min> <max>
0	2

[block]
# block no. 6 follows, 35 sequences, length 86
# corresponding to MSA columns:
# 182-267
name=unknown_G
#
# <colnr> <probs for GDERKNQSTAVLIFYWHMCP>
#	G	D	E	R	K	N	Q	S	T	A	V	L	I	F	Y	W	H	M	C	P
0	0.08608	0.16528	0.06953	0.01409	0.01878	0.21988	0.02750	0.24096	0.01961	0.02484	0.02952	0.01379	0.01038	0.00773	0.02403	0.00195	0.00839	0.00478	0.00424	0.00864
1	0.07319	0.07863	0.01867	0.01321	0.01808	0.01734	0.03484	0.44257	0.04430	0.04948	0.03851	0.01728	0.03600	0.00745	0.00596	0.00180	0.00640	0.00574	0.00558	0.08496
2	0.01406	0.01940	0.22435	0.12234	0.13463	0.01422	0.23868	0.01918	0.01402	0.03904	0.01308	0.04175	0.01036	0.00624	0.00656	0.00199	0.00879	0.00629	0.00325	0.06177
3	0.00775	0.00577	0.00722	0.00826	0.00908	0.00524	0.00566	0.00907	0.01297	0.01691	0.08013	0.57752	0.19398	0.01866	0.00793	0.00245	0.00354	0.01666	0.00595	0.00524
4	0.01463	0.06587	0.04285	0.16585	0.18219	0.04269	0.24108	0.01928	0.03884	0.01951	0.03971	0.01711	0.01153	0.00602	0.00645	0.00191	0.00841	0.00615	0.00337	0.06655
5	0.01854	0.05768	0.04459	0.03413	0.01876	0.13641	0.03355	0.19532	0.20396	0.04697	0.01911	0.02385	0.01568	0.00862	0.00641	0.00203	0.00714	0.08946	0.02886	0.00892
6	0.02778	0.01082	0.01465	0.01120	0.01614	0.00929	0.00924	0.03025	0.01793	0.70952	0.02441	0.02121	0.01542	0.00771	0.00630	0.00192	0.00537	0.00626	0.00767	0.04691
7	0.00787	0.00566	0.00750	0.00891	0.00941	0.00529	0.00610	0.00910	0.01238	0.01639	0.03596	0.70543	0.06714	0.01960	0.00811	0.00258	0.00379	0.05770	0.00589	0.00520
8	0.01422	0.06271	0.12812	0.14255	0.02490	0.01313	0.17498	0.01880	0.03403	0.09473	0.16149	0.04314	0.02108	0.00808	0.00712	0.00205	0.02901	0.00742	0.00443	0.00800
9	0.01408	0.01390	0.04766	0.08178	0.07832	0.03818	0.23008	0.07438	0.06378	0.03558	0.02012	0.20776	0.01943	0.01007	0.00720	0.00221	0.00751	0.03556	0.00449	0.00791
10	0.02370	0.03023	0.01798	0.01634	0.01961	0.75158	0.01226	0.02533	0.01798	0.01553	0.00981	0.01144	0.00817	0.00654	0.00572	0.00163	0.01144	0.00409	0.00327	0.00735
11	0.00856	0.00578	0.00762	0.00882	0.00946	0.00533	0.00598	0.00974	0.01250	0.04574	0.03591	0.70961	0.07277	0.01921	0.00800	0.00253	0.00373	0.01735	0.00597	0.00539
12	0.01290	0.01274	0.02031	0.14732	0.04129	0.03961	0.15268	0.01581	0.01251	0.01726	0.06197	0.04100	0.01537	0.04694	0.07694	0.00321	0.23893	0.03275	0.00348	0.00697
13	0.06025	0.01684	0.01759	0.01370	0.01848	0.04093	0.01125	0.58125	0.02699	0.08115	0.01718	0.01703	0.03589	0.00780	0.00622	0.00190	0.00671	0.00587	0.02277	0.01021
14	0.02772	0.01063	0.01448	0.01116	0.01594	0.00920	0.00920	0.03020	0.01815	0.71462	0.05201	0.02257	0.01738	0.00805	0.00642	0.00196	0.00531	0.00657	0.00782	0.01061
15	0.00884	0.00628	0.00797	0.00809	0.00920	0.00588	0.00583	0.01099	0.01515	0.02102	0.40420	0.19270	0.08581	0.11302	0.01079	0.00269	0.00371	0.05259	0.02975	0.00550
16	0.01395	0.01421	0.02177	0.04478	0.01979	0.01880	0.10570	0.01596	0.01051	0.01596	0.00902	0.01441	0.00850	0.01018	0.01855	0.00267	0.63943	0.00581	0.00283	0.00716
17	0.02189	0.01130	0.01370	0.01106	0.01511	0.01104	0.00894	0.14187	0.10522	0.37572	0.09417	0.02599	0.06692	0.00891	0.00644	0.00196	0.00509	0.00729	0.05781	0.00957
18	0.02811	0.01087	0.01471	0.01133	0.01620	0.00950	0.00934	0.03099	0.03784	0.72198	0.02505	0.02165	0.01581	0.00787	0.00638	0.00197	0.00539	0.00640	0.00781	0.01078
19	0.00791	0.00560	0.00731	0.00861	0.00893	0.00527	0.00565	0.00888	0.01180	0.01573	0.03318	0.68597	0.03971	0.10988	0.01097	0.00300	0.00397	0.01699	0.00565	0.00500
20	0.00771	0.00559	0.00729	0.00864	0.00915	0.00517	0.00580	0.00885	0.01233	0.01627	0.03728	0.71666	0.09672	0.01957	0.00805	0.00254	0.00364	0.01767	0.00589	0.00517
21	0.00842	0.00615	0.00769	0.00871	0.00970	0.00577	0.00630	0.01038	0.02953	0.01755	0.05695	0.48012	0.16671	0.01786	0.00785	0.00247	0.00386	0.10550	0.04303	0.00545
22	0.00773	0.00552	0.00736	0.00883	0.00920	0.00515	0.00589	0.00883	0.01215	0.01619	0.03497	0.77291	0.04196	0.01987	0.00810	0.00258	0.00368	0.01803	0.00589	0.00515
23	0.01315	0.01128	0.01315	0.00940	0.01503	0.00846	0.00752	0.01597	0.01315	0.02067	0.01128	0.01315	0.00940	0.00470	0.00470	0.00094	0.00470	0.00376	0.00376	0.81583
24	0.01337	0.06588	0.58364	0.01995	0.06699	0.01541	0.10720	0.02003	0.01362	0.01991	0.01147	0.01382	0.00835	0.00589	0.00613	0.00199	0.00931	0.00502	0.00277	0.00925
25	0.01512	0.01426	0.05906	0.02024	0.19173	0.01496	0.03987	0.08015	0.12142	0.04522	0.04712	0.01987	0.01447	0.04297	0.07687	0.00306	0.17447	0.00641	0.00419	0.00854
26	0.00923	0.00615	0.00692	0.00692	0.00692	0.00615	0.00384	0.00923	0.00923	0.01230	0.01999	0.04151	0.02306	0.77705	0.03229	0.00615	0.00615	0.00923	0.00384	0.00384
27	0.01784	0.01465	0.01551	0.01333	0.01728	0.01674	0.01054	0.20269	0.55368	0.02987	0.02320	0.02158	0.01724	0.00836	0.00643	0.00209	0.00551	0.00681	0.00643	0.01023
28	0.01536	0.02873	0.58184	0.01788	0.05123	0.01474	0.02091	0.08930	0.01547	0.08678	0.01300	0.01439	0.00907	0.00633	0.00610	0.00199	0.00872	0.00497	0.00352	0.00967
29	0.01049	0.00793	0.01089	0.10290	0.04292	0.00845	0.00824	0.03539	0.01274	0.03642	0.09289	0.03434	0.13128	0.18180	0.24983	0.00550	0.00920	0.00853	0.00435	0.00592
30	0.03879	0.28049	0.28917	0.01622	0.02271	0.04473	0.12504	0.01927	0.01337	0.01813	0.01143	0.04277	0.00964	0.00647	0.00617	0.00185	0.03719	0.00519	0.00296	0.00842
31	0.00850	0.00587	0.00727	0.00807	0.00831	0.00568	0.00512	0.00917	0.01092	0.01454	0.02814	0.41645	0.03322	0.36209	0.01906	0.00420	0.00488	0.03896	0.00496	0.00459
32	0.00910	0.00665	0.00943	0.00943	0.01029	0.00751	0.00697	0.01083	0.00997	0.01416	0.01770	0.02882	0.01755	0.21885	0.58296	0.00925	0.01445	0.00737	0.00350	0.00524
33	0.01351	0.01215	0.01808	0.17231	0.16164	0.01439	0.03663	0.01807	0.09480	0.01873	0.01412	0.01933	0.01204	0.06650	0.01189	0.00248	0.20337	0.00616	0.09617	0.00763
34	0.01836	0.01223	0.01455	0.03202	0.05015	0.01311	0.01011	0.02985	0.42416	0.21272	0.09046	0.02479	0.02147	0.00862	0.00652	0.00207	0.00513	0.00726	0.00662	0.00979
35	0.00750	0.00643	0.00643	0.00643	0.00857	0.00536	0.00482	0.00910	0.01446	0.01714	0.06427	0.06105	0.73490	0.01607	0.00750	0.00214	0.00321	0.01339	0.00589	0.00536
36	0.02402	0.01342	0.01576	0.01247	0.01710	0.01370	0.01017	0.25726	0.14336	0.35828	0.02347	0.02140	0.04313	0.00823	0.00643	0.00198	0.00577	0.00657	0.00704	0.01045
37	0.21155	0.05578	0.04545	0.03212	0.01851	0.30751	0.01133	0.17404	0.01833	0.05362	0.01143	0.01257	0.00874	0.00660	0.00541	0.00180	0.00831	0.00441	0.00422	0.00824
38	0.00778	0.00562	0.00727	0.00857	0.00905	0.00521	0.00572	0.00887	0.01219	0.01609	0.03649	0.68682	0.09298	0.05355	0.00914	0.00270	0.00376	0.01729	0.00580	0.00511
39	0.02412	0.01777	0.01904	0.01460	0.01967	0.01967	0.01206	0.71633	0.02983	0.03998	0.01523	0.01523	0.01079	0.00762	0.00635	0.00190	0.00698	0.00571	0.00635	0.01079
40	0.00906	0.00680	0.01020	0.01020	0.01133	0.00793	0.00793	0.01133	0.01020	0.01473	0.01699	0.02492	0.01586	0.04758	0.75191	0.01020	0.01699	0.00680	0.00340	0.00566
41	0.02124	0.05676	0.01963	0.08180	0.15529	0.23097	0.01329	0.13176	0.01824	0.15424	0.01511	0.01625	0.02641	0.00702	0.00639	0.00185	0.02482	0.00539	0.00455	0.00899
42	0.82186	0.01227	0.00932	0.00834	0.01227	0.01423	0.00687	0.01865	0.01080	0.02846	0.00883	0.01031	0.00687	0.00589	0.00393	0.00196	0.00491	0.00344	0.00393	0.00687
43	0.01696	0.78087	0.03324	0.01085	0.01628	0.02510	0.01085	0.01900	0.01289	0.01493	0.00882	0.01018	0.00814	0.00543	0.00407	0.00136	0.00678	0.00339	0.00271	0.00814
44	0.00923	0.00615	0.00692	0.00692	0.00692	0.00615	0.00384	0.00923	0.00923	0.01230	0.01999	0.04151	0.02306	0.77705	0.03229	0.00615	0.00615	0.00923	0.00384	0.00384
45	0.01198	0.01128	0.01903	0.76180	0.04369	0.01409	0.01762	0.01621	0.01268	0.01621	0.01128	0.01691	0.00846	0.00634	0.00634	0.00211	0.00846	0.00564	0.00282	0.00705
46	0.01048	0.00759	0.01041	0.01174	0.01330	0.00769	0.01021	0.01409	0.04734	0.01933	0.03323	0.06936	0.03572	0.01711	0.00866	0.00289	0.00580	0.66314	0.00587	0.00603
47	0.01039	0.00876	0.00964	0.04258	0.01265	0.00895	0.00717	0.01703	0.22553	0.02042	0.10026	0.07335	0.37655	0.03290	0.00782	0.00227	0.00412	0.02680	0.00595	0.00684
48	0.00916	0.00616	0.00690	0.00690	0.00699	0.00612	0.00388	0.00922	0.00944	0.01250	0.02179	0.04231	0.05201	0.74611	0.03128	0.00599	0.00603	0.00939	0.00393	0.00391
49	0.82186	0.01227	0.00932	0.00834	0.01227	0.01423	0.00687	0.01865	0.01080	0.02846	0.00883	0.01031	0.00687	0.00589	0.00393	0.00196	0.00491	0.00344	0.00393	0.00687
50	0.01272	0.03281	0.74418	0.01808	0.02746	0.01473	0.02344	0.02009	0.01339	0.02009	0.01138	0.01339	0.00804	0.00603	0.00603	0.00201	0.00938	0.00469	0.00268	0.00938
51	0.02166	0.25747	0.02260	0.01468	0.01860	0.53166	0.01183	0.02341	0.01644	0.01534	0.00951	0.01106	0.00816	0.00620	0.00522	0.00155	0.01003	0.00388	0.00310	0.00759
52	0.01529	0.01466	0.02502	0.11783	0.66176	0.01497	0.01927	0.01911	0.01425	0.02023	0.01186	0.01583	0.00987	0.00573	0.00629	0.00191	0.00764	0.00565	0.00311	0.00972
53	0.02028	0.26126	0.04305	0.01595	0.02043	0.41858	0.09772	0.02263	0.01592	0.01604	0.00991	0.01179	0.00834	0.00604	0.00543	0.00162	0.00986	0.00430	0.00307	0.00779
54	0.01570	0.01507	0.02575	0.03894	0.73748	0.01507	0.01947	0.01947	0.01444	0.02073	0.01193	0.01570	0.01005	0.00565	0.00628	0.00188	0.00754	0.00565	0.00314	0.01005
55	0.00872	0.00647	0.00812	0.00771	0.00932	0.00588	0.00578	0.01147	0.01734	0.02398	0.61643	0.04979	0.17847	0.01351	0.00748	0.00202	0.00303	0.01181	0.00679	0.00588
56	0.01758	0.02007	0.11545	0.14516	0.06499	0.18730	0.05406	0.07187	0.03013	0.06556	0.01198	0.01485	0.00933	0.00741	0.00903	0.00208	0.15598	0.00532	0.00360	0.00824
57	0.02370	0.03023	0.01798	0.01634	0.01961	0.75158	0.01226	0.02533	0.01798	0.01553	0.00981	0.01144	0.00817	0.00654	0.00572	0.00163	0.01144	0.00409	0.00327	0.00735
58	0.00750	0.00643	0.00643	0.00643	0.00857	0.00536	0.00482	0.00910	0.01446	0.01714	0.06427	0.06105	0.73490	0.01607	0.00750	0.00214	0.00321	0.01339	0.00589	0.00536
59	0.00887	0.00640	0.00839	0.00805	0.00945	0.00592	0.00598	0.01171	0.01747	0.02466	0.67513	0.10861	0.05835	0.01355	0.00753	0.00204	0.00305	0.01203	0.00689	0.00592
60	0.05046	0.10823	0.07320	0.10626	0.17268	0.01382	0.08700	0.03769	0.03255	0.02030	0.09592	0.11933	0.03872	0.00880	0.00643	0.00200	0.00669	0.00791	0.00410	0.00791
61	0.01694	0.01293	0.01449	0.01169	0.04810	0.06399	0.00883	0.03736	0.01485	0.14371	0.01364	0.01463	0.01045	0.00549	0.00517	0.00123	0.00550	0.00436	0.00446	0.56218
62	0.01497	0.01711	0.03743	0.02674	0.03316	0.01604	0.71444	0.02032	0.01497	0.02032	0.01283	0.01711	0.00963	0.00535	0.00749	0.00214	0.01070	0.00749	0.00321	0.00856
63	0.00823	0.00776	0.05801	0.00892	0.01042	0.00603	0.00697	0.00998	0.01295	0.01690	0.05625	0.46369	0.21007	0.04763	0.00878	0.00258	0.00415	0.04959	0.00561	0.00550
64	0.01533	0.01949	0.19840	0.01590	0.04691	0.12532	0.09040	0.05411	0.05130	0.06460	0.03362	0.13398	0.06010	0.00912	0.00657	0.00200	0.00756	0.00786	0.00436	0.05307
65	0.08718	0.09103	0.15791	0.06457	0.06923	0.20033	0.02940	0.04422	0.01453	0.01891	0.01339	0.09921	0.01232	0.00896	0.02505	0.00215	0.04416	0.00614	0.00351	0.00777
66	0.00916	0.00612	0.00694	0.00701	0.00702	0.00610	0.00394	0.00921	0.00936	0.01248	0.02068	0.07517	0.02393	0.74221	0.03118	0.00599	0.00604	0.00963	0.00394	0.00390
67	0.01190	0.01100	0.01864	0.51277	0.08591	0.01278	0.06785	0.01543	0.01244	0.01626	0.01364	0.04890	0.01211	0.12247	0.01039	0.00272	0.00803	0.00678	0.00314	0.00682
68	0.01674	0.05179	0.29490	0.03778	0.10732	0.10019	0.06446	0.11139	0.01662	0.06447	0.03363	0.04621	0.01204	0.00705	0.00624	0.00194	0.00841	0.00586	0.00388	0.00906
69	0.00804	0.00595	0.00807	0.00996	0.03879	0.00556	0.00640	0.00928	0.01233	0.01642	0.03519	0.71398	0.06805	0.01915	0.00800	0.00253	0.00382	0.01735	0.00578	0.00536
70	0.00906	0.00680	0.01020	0.01020	0.01133	0.00793	0.00793	0.01133	0.01020	0.01473	0.01699	0.02492	0.01586	0.04758	0.75191	0.01020	0.01699	0.00680	0.00340	0.00566
71	0.08144	0.01550	0.07851	0.18614	0.12371	0.05450	0.07341	0.07735	0.03549	0.16000	0.01481	0.01691	0.01076	0.00812	0.03416	0.00230	0.00800	0.00569	0.00437	0.00883
72	0.01431	0.01169	0.01357	0.00983	0.01537	0.00930	0.00789	0.05742	0.03051	0.04374	0.01225	0.01377	0.00989	0.00505	0.00488	0.00105	0.00486	0.00403	0.00409	0.72646
73	0.01196	0.00830	0.00960	0.00894	0.01119	0.00822	0.00675	0.03703	0.13258	0.08924	0.15944	0.09873	0.24067	0.06670	0.05935	0.00293	0.00496	0.01059	0.02601	0.00683
74	0.00824	0.00601	0.00779	0.00896	0.00978	0.00563	0.00648	0.00977	0.01300	0.01701	0.06120	0.50621	0.13095	0.04163	0.00885	0.00267	0.00407	0.14060	0.00585	0.00529
75	0.04036	0.03836	0.06617	0.06479	0.31615	0.03978	0.15349	0.07072	0.06248	0.04848	0.01391	0.03217	0.01111	0.00640	0.00641	0.00197	0.00797	0.00617	0.00381	0.00930
76	0.01618	0.06775	0.04231	0.01616	0.03702	0.07194	0.10392	0.11765	0.09279	0.03750	0.01632	0.07820	0.03014	0.03464	0.01109	0.00233	0.20467	0.00704	0.00425	0.00810
77	0.00853	0.00594	0.00752	0.00839	0.00874	0.00579	0.00554	0.00941	0.01118	0.01491	0.02863	0.41802	0.03355	0.30280	0.04392	0.00421	0.00525	0.06788	0.00503	0.00474
78	0.04678	0.15876	0.08148	0.03968	0.11560	0.01808	0.01357	0.15311	0.09131	0.04165	0.01299	0.01481	0.01032	0.00726	0.00810	0.00194	0.13081	0.00516	0.00409	0.04448
79	0.04203	0.31325	0.04908	0.05550	0.07994	0.11621	0.09466	0.05905	0.02853	0.04670	0.02459	0.01387	0.01007	0.00629	0.00599	0.00174	0.03581	0.00485	0.00347	0.00839
80	0.00999	0.00730	0.01017	0.00989	0.01117	0.00824	0.00758	0.05039	0.01178	0.01685	0.06180	0.02718	0.01895	0.10532	0.57926	0.00861	0.01420	0.00721	0.02829	0.00582
81	0.00848	0.00628	0.00795	0.00820	0.00951	0.00575	0.00606	0.01073	0.01557	0.02108	0.38154	0.24284	0.17172	0.01566	0.00774	0.00224	0.00342	0.06316	0.00642	0.00565
82	0.01765	0.36757	0.20527	0.01357	0.01955	0.01854	0.03965	0.02119	0.01387	0.15286	0.01283	0.01392	0.00979	0.00736	0.02480	0.00195	0.04248	0.00461	0.00371	0.00884
83	0.00936	0.00768	0.04158	0.00822	0.00989	0.00640	0.00631	0.01113	0.01335	0.04445	0.14661	0.14685	0.24894	0.19002	0.05443	0.00355	0.00513	0.03522	0.00538	0.00551
84	0.01645	0.08663	0.01789	0.01267	0.04193	0.05655	0.03736	0.15500	0.01681	0.02362	0.01182	0.01343	0.00951	0.00551	0.00519	0.00129	0.00608	0.00434	0.00410	0.47383
85	0.01394	0.01419	0.10212	0.03823	0.14518	0.03604	0.05437	0.06319	0.07408	0.05305	0.05700	0.07193	0.07584	0.08908	0.00953	0.00255	0.00666	0.08045	0.00469	0.00787

[dist]
# distance from previous block
# <min> <max>
2	29

[block]
# block no. 7 follows, 35 sequences, length 33
# corresponding to MSA columns:
# 299-331
name=unknown_H
#
# <colnr> <probs for GDERKNQSTAVLIFYWHMCP>
#	G	D	E	R	K	N	Q	S	T	A	V	L	I	F	Y	W	H	M	C	P
0	0.01245	0.01142	0.01651	0.01518	0.07198	0.02570	0.13593	0.03064	0.16146	0.02072	0.06677	0.08059	0.16206	0.03130	0.04577	0.00263	0.00653	0.05256	0.00505	0.04476
1	0.04125	0.00627	0.00676	0.00683	0.00793	0.00635	0.00487	0.01298	0.01194	0.01982	0.02024	0.03045	0.01855	0.19320	0.01295	0.06542	0.00419	0.05488	0.46991	0.00521
2	0.01503	0.01824	0.20745	0.06436	0.04447	0.04325	0.01480	0.08005	0.08877	0.06231	0.01897	0.02385	0.05860	0.00913	0.00898	0.00221	0.13816	0.06732	0.02567	0.00836
3	0.01497	0.01711	0.03743	0.02674	0.03316	0.01604	0.71444	0.02032	0.01497	0.02032	0.01283	0.01711	0.00963	0.00535	0.00749	0.00214	0.01070	0.00749	0.00321	0.00856
4	0.01696	0.78087	0.03324	0.01085	0.01628	0.02510	0.01085	0.01900	0.01289	0.01493	0.00882	0.01018	0.00814	0.00543	0.00407	0.00136	0.00678	0.00339	0.00271	0.00814
5	0.01359	0.01153	0.01722	0.02033	0.24317	0.01143	0.05611	0.01917	0.13500	0.05093	0.08665	0.10718	0.06853	0.01003	0.00689	0.00208	0.00581	0.06954	0.00498	0.05984
6	0.04436	0.01710	0.01822	0.03030	0.01941	0.05085	0.01185	0.53009	0.05691	0.09021	0.01557	0.01575	0.01114	0.00775	0.00707	0.00196	0.04957	0.00568	0.00599	0.01020
7	0.01423	0.01340	0.09120	0.03968	0.01705	0.01042	0.00996	0.05309	0.10273	0.07240	0.05060	0.05129	0.06036	0.00746	0.00576	0.00156	0.00533	0.00617	0.00472	0.38259
8	0.01386	0.04329	0.10075	0.01447	0.06758	0.04413	0.04971	0.03996	0.08148	0.06617	0.07950	0.17430	0.03690	0.02607	0.00774	0.00214	0.03438	0.03406	0.00487	0.07863
9	0.02035	0.01144	0.01371	0.01161	0.01545	0.01169	0.00921	0.02958	0.32838	0.33588	0.08559	0.05761	0.02218	0.00914	0.00658	0.00208	0.00495	0.00767	0.00708	0.00981
10	0.01307	0.01246	0.01760	0.27486	0.22360	0.05030	0.01423	0.01798	0.09000	0.01910	0.05416	0.02631	0.14320	0.00845	0.00656	0.00203	0.00680	0.00738	0.00405	0.00786
11	0.00939	0.00916	0.07556	0.03839	0.01287	0.00727	0.00842	0.03708	0.01403	0.01859	0.06456	0.34352	0.19542	0.01581	0.00758	0.00237	0.00462	0.09844	0.03091	0.00601
12	0.01272	0.01117	0.01707	0.01452	0.01575	0.01378	0.08681	0.01466	0.01073	0.04719	0.01339	0.02102	0.01269	0.11344	0.22521	0.00516	0.34819	0.00659	0.00335	0.00655
13	0.01388	0.01388	0.01943	0.01666	0.01666	0.01943	0.01388	0.01527	0.00972	0.01527	0.00833	0.01388	0.00833	0.01110	0.02082	0.00278	0.76544	0.00555	0.00278	0.00694
14	0.00773	0.00552	0.00736	0.00883	0.00920	0.00515	0.00589	0.00883	0.01215	0.01619	0.03497	0.77291	0.04196	0.01987	0.00810	0.00258	0.00368	0.01803	0.00589	0.00515
15	0.01740	0.01988	0.01616	0.19302	0.02316	0.38556	0.01243	0.01966	0.01506	0.01570	0.01370	0.02204	0.01272	0.07908	0.04092	0.00268	0.02733	0.07331	0.00346	0.00673
16	0.05055	0.01629	0.02969	0.02217	0.02673	0.04679	0.45086	0.04459	0.01415	0.01990	0.01192	0.01626	0.00954	0.00883	0.04795	0.00264	0.16314	0.00668	0.00328	0.00804
17	0.01048	0.00622	0.00834	0.00916	0.01013	0.00571	0.00634	0.01176	0.01294	0.11238	0.03365	0.67332	0.03848	0.01828	0.00787	0.00250	0.00391	0.01649	0.00615	0.00590
18	0.01315	0.01128	0.01315	0.00940	0.01503	0.00846	0.00752	0.01597	0.01315	0.02067	0.01128	0.01315	0.00940	0.00470	0.00470	0.00094	0.00470	0.00376	0.00376	0.81583
