[name]
unknown

[dist]
# distance from previous block
# <min> <max>
3	30

[block]
# block no. 0 follows, 34 sequences, length 41
# corresponding to MSA columns:
# 48-88
name=unknown_A
#
# <colnr> <probs for GDERKNQSTAVLIFYWHMCP>
#	G	D	E	R	K	N	Q	S	T	A	V	L	I	F	Y	W	H	M	C	P
0	0.10549	0.01411	0.02190	0.09072	0.10965	0.01489	0.19598	0.08001	0.15237	0.02419	0.03645	0.02412	0.01563	0.00796	0.00679	0.00219	0.00747	0.07679	0.00459	0.00869
1	0.01463	0.01262	0.01472	0.01691	0.16326	0.07889	0.01071	0.08922	0.09228	0.04996	0.08141	0.17624	0.12703	0.01181	0.00709	0.00215	0.00581	0.03186	0.00544	0.00796
2	0.01281	0.01186	0.01820	0.46728	0.06108	0.03424	0.04803	0.01729	0.04233	0.01885	0.08138	0.02040	0.01471	0.00725	0.00683	0.00204	0.02925	0.00634	0.05136	0.04848
3	0.01327	0.01519	0.09138	0.16391	0.02665	0.01497	0.18595	0.01696	0.01259	0.01791	0.01252	0.04599	0.01096	0.02976	0.04316	0.00270	0.20606	0.00656	0.00320	0.08031
4	0.01374	0.01326	0.02256	0.01730	0.04937	0.01164	0.27303	0.03434	0.01502	0.02159	0.07948	0.04399	0.03728	0.00676	0.00642	0.00167	0.00703	0.00686	0.00409	0.33457
5	0.00886	0.00633	0.00850	0.00890	0.00955	0.00658	0.00619	0.01028	0.01143	0.01579	0.08790	0.25373	0.03005	0.22528	0.27404	0.00624	0.00910	0.01141	0.00467	0.00516
6	0.01858	0.02326	0.26637	0.01795	0.04847	0.05695	0.08302	0.29920	0.02073	0.02842	0.01352	0.01515	0.00989	0.00695	0.00681	0.00199	0.03177	0.00555	0.03566	0.00975
7	0.81856	0.01250	0.00950	0.00850	0.01250	0.01449	0.00700	0.01899	0.01100	0.02899	0.00900	0.01050	0.00700	0.00600	0.00400	0.00200	0.00500	0.00350	0.00400	0.00700
8	0.01209	0.01425	0.09309	0.01911	0.02348	0.01179	0.36291	0.01601	0.01395	0.01900	0.02193	0.31686	0.02279	0.01142	0.00773	0.00234	0.00791	0.01164	0.00431	0.00741
9	0.00787	0.00562	0.00750	0.00900	0.00937	0.00525	0.00600	0.00900	0.01237	0.01649	0.03561	0.76871	0.04274	0.02024	0.00825	0.00262	0.00375	0.01837	0.00600	0.00525
10	0.01264	0.01009	0.01331	0.01210	0.01332	0.01233	0.00961	0.09441	0.01309	0.01925	0.01679	0.09254	0.01613	0.04802	0.27268	0.00533	0.22999	0.00750	0.09421	0.00668
11	0.01599	0.01535	0.02623	0.03966	0.73262	0.01535	0.01983	0.01983	0.01471	0.02111	0.01215	0.01599	0.01023	0.00576	0.00640	0.00192	0.00768	0.00576	0.00320	0.01023
12	0.00923	0.00692	0.01038	0.01038	0.01154	0.00808	0.00808	0.01154	0.01038	0.01500	0.01731	0.02538	0.01615	0.04846	0.74732	0.01038	0.01731	0.00692	0.00346	0.00577
13	0.01607	0.01388	0.01461	0.01315	0.01680	0.01607	0.01023	0.03433	0.72094	0.02703	0.02630	0.02411	0.01972	0.00877	0.00657	0.00219	0.00511	0.00731	0.00657	0.01023
14	0.02414	0.03079	0.01831	0.01665	0.01998	0.74698	0.01248	0.02580	0.01831	0.01581	0.00999	0.01165	0.00832	0.00666	0.00583	0.00166	0.01165	0.00416	0.00333	0.00749
15	0.01343	0.00758	0.00985	0.00873	0.01109	0.00679	0.00674	0.01622	0.01799	0.18375	0.50864	0.04374	0.11503	0.01235	0.00737	0.00204	0.00362	0.01071	0.00720	0.00713
16	0.01002	0.00713	0.00967	0.01054	0.01190	0.00701	0.00877	0.01272	0.01516	0.02024	0.19688	0.06414	0.04149	0.08909	0.01091	0.00307	0.00530	0.46416	0.00603	0.00579
17	0.01563	0.01498	0.02557	0.10842	0.66670	0.01526	0.01965	0.01951	0.01454	0.02067	0.01209	0.01611	0.01008	0.00582	0.00640	0.00194	0.00777	0.00576	0.00317	0.00994
18	0.81856	0.01250	0.00950	0.00850	0.01250	0.01449	0.00700	0.01899	0.01100	0.02899	0.00900	0.01050	0.00700	0.00600	0.00400	0.00200	0.00500	0.00350	0.00400	0.00700
19	0.01106	0.00567	0.00829	0.00829	0.00829	0.00567	0.00546	0.00851	0.00851	0.01134	0.01205	0.02169	0.01233	0.09027	0.02594	0.73919	0.00567	0.00595	0.00291	0.00291
20	0.01525	0.01743	0.03813	0.02723	0.03377	0.01634	0.70915	0.02070	0.01525	0.02070	0.01307	0.01743	0.00980	0.00545	0.00763	0.00218	0.01089	0.00763	0.00327	0.00871
21	0.01103	0.00986	0.01255	0.01182	0.01332	0.07931	0.04863	0.01319	0.01153	0.01541	0.01795	0.09147	0.01766	0.08139	0.50399	0.00792	0.03548	0.00784	0.00368	0.00598
22	0.01220	0.01148	0.01938	0.75739	0.04450	0.01436	0.01794	0.01651	0.01292	0.01651	0.01148	0.01723	0.00861	0.00646	0.00646	0.00215	0.00861	0.00574	0.00287	0.00718
23	0.01077	0.00589	0.00873	0.00873	0.00895	0.00610	0.00601	0.00905	0.00883	0.01199	0.01274	0.02164	0.01265	0.05767	0.16224	0.62774	0.00785	0.00601	0.00297	0.00341
24	0.00964	0.00624	0.00695	0.00695	0.00709	0.00624	0.00397	0.00991	0.00977	0.01357	0.02042	0.04064	0.02286	0.70375	0.03032	0.00583	0.00597	0.00909	0.07665	0.00411
25	0.01341	0.01009	0.01210	0.01245	0.07758	0.01017	0.00861	0.05778	0.18879	0.08234	0.14275	0.09427	0.23908	0.01219	0.00715	0.00214	0.00452	0.01041	0.00625	0.00790
26	0.00854	0.00614	0.00810	0.00854	0.00952	0.00570	0.00605	0.01069	0.01550	0.02147	0.40194	0.38820	0.05236	0.01653	0.00792	0.00231	0.00338	0.01484	0.00659	0.00570
27	0.01856	0.60738	0.03063	0.03222	0.01802	0.02418	0.01148	0.15465	0.01650	0.02023	0.01033	0.01156	0.00883	0.00599	0.00466	0.00151	0.00700	0.00398	0.00349	0.00879
28	0.05234	0.01221	0.01451	0.01082	0.01618	0.01058	0.00881	0.10936	0.01709	0.25434	0.01640	0.01632	0.01171	0.00624	0.00552	0.00146	0.00532	0.00493	0.00551	0.42035
29	0.01566	0.09915	0.37858	0.02125	0.10889	0.08887	0.12773	0.04873	0.01511	0.02043	0.01164	0.01407	0.00881	0.00604	0.00619	0.00195	0.00940	0.00519	0.00308	0.00923
30	0.04045	0.01438	0.01474	0.01302	0.01675	0.08012	0.01040	0.08363	0.36747	0.15649	0.02434	0.02760	0.01914	0.00941	0.00671	0.00218	0.00603	0.09119	0.00639	0.00957
31	0.81856	0.01250	0.00950	0.00850	0.01250	0.01449	0.00700	0.01899	0.01100	0.02899	0.00900	0.01050	0.00700	0.00600	0.00400	0.00200	0.00500	0.00350	0.00400	0.00700
32	0.01051	0.01321	0.17181	0.01091	0.01425	0.00894	0.01026	0.04124	0.05703	0.02139	0.21586	0.20559	0.13129	0.04791	0.00848	0.00239	0.00512	0.01136	0.00552	0.00692
33	0.00787	0.00562	0.00750	0.00900	0.00937	0.00525	0.00600	0.00900	0.01237	0.01649	0.03561	0.76871	0.04274	0.02024	0.00825	0.00262	0.00375	0.01837	0.00600	0.00525
34	0.04359	0.06349	0.02079	0.01757	0.08674	0.01968	0.01344	0.32874	0.01979	0.02778	0.01204	0.01459	0.00972	0.00866	0.01158	0.00223	0.28031	0.00554	0.00453	0.00921
35	0.00923	0.00692	0.01038	0.01038	0.01154	0.00808	0.00808	0.01154	0.01038	0.01500	0.01731	0.02538	0.01615	0.04846	0.74732	0.01038	0.01731	0.00692	0.00346	0.00577
36	0.00928	0.00671	0.00931	0.00931	0.01009	0.00749	0.00673	0.01085	0.01007	0.01420	0.01829	0.03084	0.01852	0.28241	0.51660	0.00905	0.01374	0.00772	0.00361	0.00517
37	0.00862	0.00679	0.01047	0.01071	0.01172	0.00634	0.07336	0.01023	0.01285	0.01723	0.05778	0.67146	0.04022	0.01858	0.00817	0.00256	0.00441	0.01710	0.00578	0.00561
38	0.01651	0.01237	0.01120	0.00982	0.01246	0.10225	0.00758	0.19067	0.03672	0.02644	0.01969	0.02255	0.03550	0.05187	0.00695	0.00195	0.00537	0.00619	0.41649	0.00742
39	0.01435	0.27230	0.51272	0.01605	0.02431	0.01840	0.01975	0.02010	0.01348	0.01877	0.01076	0.01259	0.00822	0.00594	0.00550	0.00183	0.00870	0.00435	0.00274	0.00915
40	0.17899	0.01745	0.01631	0.01295	0.01776	0.10611	0.01050	0.37511	0.02226	0.03208	0.01288	0.01370	0.00964	0.00678	0.00562	0.00175	0.00686	0.00483	0.00516	0.14327

[dist]
# distance from previous block
# <min> <max>
2	14

[block]
# block no. 1 follows, 34 sequences, length 61
# corresponding to MSA columns:
# 103-163
name=unknown_B
#
# <colnr> <probs for GDERKNQSTAVLIFYWHMCP>
#	G	D	E	R	K	N	Q	S	T	A	V	L	I	F	Y	W	H	M	C	P
0	0.19867	0.01654	0.01576	0.01713	0.16034	0.17994	0.01116	0.08011	0.01624	0.09844	0.01403	0.01564	0.01074	0.00670	0.00545	0.00182	0.00697	0.00501	0.13094	0.00837
1	0.10700	0.01746	0.02656	0.02304	0.13665	0.06624	0.29048	0.17486	0.04890	0.02608	0.01338	0.01591	0.01015	0.00630	0.00660	0.00203	0.00869	0.00622	0.00420	0.00925
2	0.01493	0.01152	0.01751	0.37628	0.03023	0.01256	0.04951	0.04890	0.05974	0.10944	0.10910	0.02191	0.01739	0.00752	0.00652	0.00200	0.00695	0.00663	0.00457	0.08679
3	0.01407	0.01127	0.01330	0.00962	0.01516	0.00856	0.00770	0.01693	0.01386	0.05962	0.03967	0.01519	0.01188	0.00528	0.00499	0.00105	0.00476	0.00427	0.00418	0.73865
4	0.01280	0.01209	0.02046	0.64446	0.15277	0.01451	0.01824	0.01703	0.01320	0.01723	0.01159	0.01703	0.00887	0.00635	0.00645	0.00212	0.00847	0.00574	0.00292	0.00766
5	0.67297	0.01133	0.00887	0.00805	0.01160	0.01297	0.00655	0.01828	0.01146	0.02811	0.01118	0.01295	0.00872	0.00627	0.00409	0.00191	0.00464	0.00395	0.14928	0.00682
6	0.02050	0.01792	0.06200	0.01781	0.02323	0.01790	0.19059	0.43166	0.05450	0.03239	0.01493	0.01649	0.01093	0.00789	0.00772	0.04410	0.00804	0.00628	0.00526	0.00987
7	0.00956	0.00677	0.00799	0.00761	0.00949	0.00600	0.00566	0.01178	0.01620	0.05955	0.35872	0.07051	0.33686	0.05390	0.00890	0.00233	0.00346	0.01228	0.00650	0.00596
8	0.01259	0.01200	0.01865	0.01572	0.01718	0.01491	0.09953	0.01488	0.01089	0.01625	0.01217	0.01832	0.01129	0.02284	0.26410	0.00522	0.38221	0.00625	0.00314	0.04186
9	0.00787	0.00562	0.00750	0.00900	0.00937	0.00525	0.00600	0.00900	0.01237	0.01649	0.03561	0.76871	0.04274	0.02024	0.00825	0.00262	0.00375	0.01837	0.00600	0.00525
10	0.02413	0.01263	0.05377	0.01594	0.12917	0.01061	0.01154	0.04423	0.01761	0.50650	0.02593	0.02398	0.07725	0.00828	0.00656	0.00200	0.00590	0.00690	0.00675	0.01031
11	0.54352	0.01509	0.01193	0.01035	0.01443	0.12880	0.00834	0.02244	0.01357	0.16148	0.01229	0.01286	0.00892	0.00648	0.00476	0.00195	0.00614	0.00417	0.00465	0.00784
12	0.02899	0.01100	0.01499	0.01150	0.01649	0.00950	0.00950	0.03149	0.01849	0.73709	0.02549	0.02199	0.01599	0.00800	0.00650	0.00200	0.00550	0.00650	0.00800	0.01100
13	0.00880	0.00651	0.00821	0.00796	0.00948	0.00592	0.00590	0.01145	0.01721	0.02375	0.56387	0.11371	0.16463	0.01432	0.00768	0.00211	0.00315	0.01258	0.00684	0.00592
14	0.00793	0.00656	0.00695	0.00685	0.00890	0.00558	0.00514	0.00983	0.01541	0.01908	0.19274	0.05951	0.60170	0.01576	0.00763	0.00215	0.00323	0.01326	0.00621	0.00558
15	0.02067	0.01315	0.01366	0.01131	0.01489	0.07637	0.00906	0.23387	0.02004	0.19349	0.01911	0.01997	0.01396	0.01098	0.06653	0.00250	0.00678	0.00598	0.23886	0.00882
16	0.01382	0.01186	0.01359	0.01013	0.01555	0.00979	0.00806	0.01911	0.12473	0.02199	0.01382	0.01508	0.01117	0.00541	0.00507	0.00115	0.00484	0.00438	0.00426	0.68620
17	0.02456	0.01810	0.01939	0.01487	0.02004	0.02004	0.01228	0.71107	0.03038	0.04072	0.01551	0.01551	0.01099	0.00776	0.00646	0.00194	0.00711	0.00582	0.00646	0.01099
18	0.01727	0.77681	0.03386	0.01106	0.01658	0.02557	0.01106	0.01935	0.01313	0.01520	0.00898	0.01036	0.00829	0.00553	0.00415	0.00138	0.00691	0.00345	0.00276	0.00829
19	0.01296	0.03342	0.73944	0.01842	0.02797	0.01501	0.02387	0.02046	0.01364	0.02046	0.01160	0.01364	0.00818	0.00614	0.00614	0.00205	0.00955	0.00477	0.00273	0.00955
20	0.01727	0.77681	0.03386	0.01106	0.01658	0.02557	0.01106	0.01935	0.01313	0.01520	0.00898	0.01036	0.00829	0.00553	0.00415	0.00138	0.00691	0.00345	0.00276	0.00829
21	0.02281	0.01706	0.01845	0.01403	0.01929	0.01824	0.01155	0.60175	0.02771	0.03763	0.01488	0.01518	0.01077	0.00729	0.00620	0.00178	0.00674	0.00550	0.00605	0.13709
22	0.01676	0.01778	0.01834	0.23382	0.14649	0.24568	0.01428	0.06476	0.01600	0.01867	0.01519	0.13338	0.01432	0.00866	0.00653	0.00202	0.00855	0.00724	0.00380	0.00774
23	0.01741	0.01454	0.01536	0.01342	0.01731	0.01670	0.01055	0.14081	0.61229	0.02918	0.02460	0.02275	0.01835	0.00861	0.00656	0.00215	0.00543	0.00707	0.00656	0.01035
24	0.00940	0.00626	0.00705	0.00705	0.00705	0.00626	0.00392	0.00940	0.00940	0.01253	0.02036	0.04228	0.02349	0.77292	0.03289	0.00626	0.00626	0.00940	0.00392	0.00392
25	0.01881	0.01493	0.01593	0.01356	0.01767	0.01693	0.01076	0.21858	0.50949	0.05436	0.02333	0.02170	0.01722	0.00847	0.00654	0.00212	0.00567	0.00687	0.00659	0.01046
26	0.00871	0.00659	0.00803	0.00767	0.00938	0.00591	0.00575	0.01135	0.01726	0.02346	0.53693	0.05230	0.25477	0.01412	0.00763	0.00208	0.00311	0.01225	0.00679	0.00591
27	0.07491	0.02415	0.01593	0.01434	0.01757	0.52139	0.01087	0.02367	0.01784	0.07735	0.12436	0.01818	0.01715	0.00775	0.00604	0.00177	0.00935	0.00549	0.00435	0.00753
28	0.01954	0.01339	0.01422	0.01140	0.01523	0.01445	0.00924	0.42949	0.02356	0.03389	0.01745	0.01863	0.01301	0.00757	0.00568	0.00175	0.00551	0.00583	0.30466	0.03547
29	0.02539	0.01270	0.01725	0.01647	0.12960	0.01209	0.01156	0.12431	0.04632	0.48285	0.02224	0.02144	0.01504	0.00788	0.00654	0.00201	0.00606	0.02260	0.00692	0.01073
30	0.01935	0.01882	0.13078	0.01474	0.01999	0.01766	0.01328	0.33212	0.30355	0.03207	0.01920	0.01865	0.01404	0.00791	0.00646	0.00206	0.00670	0.00625	0.00592	0.01046
31	0.69228	0.01295	0.01213	0.01340	0.12580	0.01463	0.00902	0.01912	0.01158	0.02775	0.00949	0.01136	0.00751	0.00596	0.00438	0.00199	0.00542	0.00385	0.00387	0.00751
32	0.01789	0.52544	0.14154	0.01292	0.01898	0.03833	0.01328	0.12850	0.01603	0.02005	0.01044	0.01171	0.00870	0.00600	0.00486	0.00158	0.00745	0.00405	0.00335	0.00890
33	0.01451	0.01057	0.01265	0.01205	0.01474	0.01115	0.01000	0.16267	0.12310	0.04885	0.08362	0.07620	0.06116	0.01374	0.00780	0.00249	0.00563	0.31501	0.00631	0.00777
34	0.01159	0.00701	0.00858	0.00839	0.01010	0.00636	0.00606	0.01313	0.01399	0.13027	0.09626	0.22386	0.23507	0.14522	0.03622	0.00323	0.00475	0.02786	0.00597	0.00609
35	0.01599	0.01535	0.02623	0.03966	0.73262	0.01535	0.01983	0.01983	0.01471	0.02111	0.01215	0.01599	0.01023	0.00576	0.00640	0.00192	0.00768	0.00576	0.00320	0.01023
36	0.00787	0.00562	0.00750	0.00900	0.00937	0.00525	0.00600	0.00900	0.01237	0.01649	0.03561	0.76871	0.04274	0.02024	0.00825	0.00262	0.00375	0.01837	0.00600	0.00525
37	0.01264	0.01202	0.02060	0.67008	0.10456	0.01451	0.04110	0.01694	0.01315	0.01705	0.01160	0.01712	0.00880	0.00636	0.00649	0.00213	0.00861	0.00581	0.00291	0.00750
38	0.02899	0.01100	0.01499	0.01150	0.01649	0.00950	0.00950	0.03149	0.01849	0.73709	0.02549	0.02199	0.01599	0.00800	0.00650	0.00200	0.00550	0.00650	0.00800	0.01100
39	0.08550	0.01626	0.01774	0.01769	0.13012	0.13823	0.04784	0.05792	0.19160	0.15326	0.05048	0.02027	0.02912	0.00769	0.00631	0.00199	0.00695	0.00633	0.00538	0.00932
40	0.01842	0.65743	0.03158	0.01166	0.01713	0.02470	0.01125	0.12819	0.01584	0.01922	0.01001	0.01117	0.00872	0.00588	0.00451	0.00147	0.00694	0.00383	0.00335	0.00872
41	0.06106	0.01050	0.01403	0.01143	0.01583	0.00939	0.00953	0.02809	0.01759	0.59278	0.02613	0.02949	0.01893	0.00946	0.00677	0.00215	0.00555	0.11377	0.00750	0.01002
42	0.01301	0.01276	0.02293	0.57949	0.10323	0.01476	0.12687	0.01746	0.01344	0.01757	0.01179	0.01715	0.00894	0.00624	0.00664	0.00214	0.00889	0.00604	0.00296	0.00769
43	0.02473	0.01709	0.17756	0.01356	0.01960	0.01233	0.01313	0.13261	0.01922	0.47080	0.02086	0.01914	0.01349	0.00755	0.00641	0.00200	0.00665	0.00601	0.00659	0.01067
44	0.01220	0.01148	0.01938	0.75739	0.04450	0.01436	0.01794	0.01651	0.01292	0.01651	0.01148	0.01723	0.00861	0.00646	0.00646	0.00215	0.00861	0.00574	0.00287	0.00718
45	0.01660	0.01938	0.03416	0.02509	0.03082	0.13146	0.56738	0.02126	0.01548	0.01969	0.01237	0.01637	0.00951	0.00591	0.00797	0.00213	0.04572	0.00699	0.00326	0.00845
46	0.01495	0.05943	0.59918	0.01758	0.02628	0.01620	0.02156	0.12908	0.01626	0.02345	0.01211	0.01381	0.00863	0.00637	0.00611	0.00200	0.00906	0.00489	0.00332	0.00973
47	0.01122	0.00561	0.00842	0.00842	0.00842	0.00561	0.00561	0.00842	0.00842	0.01122	0.01122	0.01964	0.01122	0.02245	0.02525	0.81201	0.00561	0.00561	0.00281	0.00281
48	0.00927	0.00673	0.00882	0.00865	0.01020	0.00628	0.00672	0.01225	0.01759	0.02449	0.58915	0.05278	0.08818	0.01409	0.00783	0.00219	0.00352	0.11837	0.00688	0.00604
49	0.01911	0.38842	0.13928	0.01416	0.01961	0.25218	0.01358	0.05357	0.01565	0.01740	0.01001	0.01153	0.00841	0.00609	0.00510	0.00160	0.00884	0.00400	0.00311	0.00836
50	0.38406	0.01326	0.01715	0.17072	0.26228	0.01476	0.01355	0.01877	0.01264	0.02380	0.01057	0.01372	0.00842	0.00601	0.00531	0.00200	0.00664	0.00472	0.00350	0.00813
51	0.00786	0.00567	0.00745	0.00888	0.00934	0.00526	0.00595	0.00901	0.01248	0.01654	0.03699	0.73602	0.07453	0.02006	0.00822	0.00260	0.00373	0.01815	0.00600	0.00526
52	0.01484	0.01141	0.01869	0.64003	0.04010	0.01359	0.01662	0.01887	0.01380	0.12989	0.01369	0.01798	0.00977	0.00670	0.00647	0.00213	0.00812	0.00586	0.00368	0.00778
53	0.02475	0.01033	0.01374	0.01109	0.01528	0.00918	0.00892	0.05865	0.01795	0.56755	0.02795	0.14052	0.04372	0.01019	0.00681	0.00210	0.00522	0.00857	0.00755	0.00991
54	0.00896	0.00660	0.00838	0.00794	0.00954	0.00602	0.00595	0.01184	0.01786	0.02489	0.64871	0.04995	0.14210	0.01359	0.00762	0.00205	0.00308	0.01192	0.00698	0.00602
55	0.02032	0.01042	0.01309	0.01083	0.01452	0.01000	0.00865	0.06102	0.13142	0.35983	0.23640	0.03067	0.04438	0.00984	0.00687	0.00204	0.00474	0.00829	0.00738	0.00929
56	0.01308	0.03259	0.70301	0.01887	0.02827	0.01508	0.05947	0.02047	0.01373	0.02047	0.01167	0.01384	0.00827	0.00610	0.00622	0.00205	0.00962	0.00492	0.00276	0.00951
57	0.01625	0.01347	0.01517	0.13027	0.02073	0.07736	0.01208	0.23673	0.01979	0.02529	0.02423	0.03992	0.05895	0.01178	0.00741	0.00236	0.00710	0.26784	0.00540	0.00785
58	0.01245	0.01168	0.01635	0.01456	0.01480	0.01570	0.01180	0.01393	0.01018	0.01538	0.01307	0.08388	0.01365	0.05837	0.15175	0.00435	0.52111	0.00719	0.00328	0.00651
59	0.01894	0.01518	0.01619	0.01373	0.01785	0.01721	0.01097	0.27734	0.44880	0.03170	0.02268	0.02263	0.01716	0.00870	0.00661	0.00213	0.00586	0.02943	0.00651	0.01036
60	0.01445	0.01318	0.01820	0.15447	0.22371	0.05895	0.03133	0.07860	0.05319	0.02229	0.13034	0.05246	0.04908	0.00928	0.00692	0.00210	0.00683	0.06178	0.00465	0.00820

[dist]
# distance from previous block
# <min> <max>
0	7

[block]
# block no. 2 follows, 34 sequences, length 9
# corresponding to MSA columns:
# 171-179
name=unknown_C
#
# <colnr> <probs for GDERKNQSTAVLIFYWHMCP>
#	G	D	E	R	K	N	Q	S	T	A	V	L	I	F	Y	W	H	M	C	P
0	0.01813	0.01422	0.01955	0.01453	0.02001	0.01337	0.13785	0.17462	0.08511	0.10211	0.01556	0.01654	0.01157	0.00629	0.00603	0.00163	0.00653	0.00558	0.00501	0.32576
1	0.01789	0.01405	0.01737	0.01286	0.01838	0.01306	0.06644	0.22950	0.04649	0.06581	0.01417	0.01525	0.01076	0.00607	0.00569	0.00146	0.00604	0.00502	0.00492	0.42878
2	0.00862	0.00689	0.00948	0.14581	0.01568	0.00696	0.00796	0.01043	0.01297	0.01670	0.03751	0.48095	0.18224	0.01689	0.00779	0.00244	0.00454	0.01505	0.00542	0.00565
3	0.01659	0.01300	0.01599	0.01166	0.01729	0.01120	0.04780	0.14503	0.01696	0.07234	0.01325	0.01458	0.01027	0.00558	0.00537	0.00127	0.00560	0.00458	0.00456	0.56709
4	0.01395	0.01212	0.01450	0.10817	0.01952	0.01134	0.00968	0.02109	0.20085	0.02204	0.01541	0.01674	0.01214	0.00606	0.00548	0.00144	0.00537	0.00500	0.00443	0.49467
5	0.01290	0.01219	0.02064	0.62568	0.17078	0.01454	0.01829	0.01712	0.01325	0.01735	0.01161	0.01700	0.00891	0.00633	0.00645	0.00211	0.00844	0.00574	0.00293	0.00774
6	0.01371	0.14969	0.53155	0.01608	0.02449	0.01586	0.01970	0.01974	0.01353	0.01970	0.01116	0.01308	0.00838	0.00586	0.00564	0.00180	0.00850	0.00444	0.00288	0.11419
7	0.01380	0.01369	0.02145	0.01763	0.01957	0.01664	0.16274	0.01825	0.10423	0.01829	0.01539	0.11596	0.01477	0.01089	0.01465	0.00258	0.40008	0.00798	0.00383	0.00760
8	0.01238	0.00934	0.01108	0.01072	0.01246	0.00984	0.00794	0.17607	0.03919	0.02258	0.03162	0.47116	0.08878	0.01616	0.00838	0.00242	0.04302	0.01402	0.00597	0.00687

[dist]
# distance from previous block
# <min> <max>
0	24

[block]
# block no. 3 follows, 34 sequences, length 30
# corresponding to MSA columns:
# 218-247
name=unknown_D
#
# <colnr> <probs for GDERKNQSTAVLIFYWHMCP>
#	G	D	E	R	K	N	Q	S	T	A	V	L	I	F	Y	W	H	M	C	P
0	0.02410	0.12132	0.16548	0.01285	0.01885	0.01284	0.01265	0.02756	0.01676	0.49112	0.02037	0.01868	0.01334	0.00728	0.00610	0.00192	0.00652	0.00573	0.00620	0.01033
1	0.01372	0.00779	0.00995	0.00902	0.01110	0.00727	0.00671	0.01676	0.05177	0.17886	0.35754	0.11372	0.05607	0.11753	0.01087	0.00268	0.00421	0.01073	0.00670	0.00698
2	0.01110	0.00868	0.01192	0.11384	0.01624	0.00977	0.00929	0.08203	0.01360	0.01842	0.02431	0.39461	0.02690	0.01934	0.08959	0.04572	0.08138	0.01219	0.00486	0.00620
3	0.01710	0.67166	0.03280	0.01501	0.11546	0.02416	0.01227	0.01941	0.01335	0.01602	0.00942	0.01114	0.00856	0.00556	0.00446	0.00146	0.00702	0.00377	0.00282	0.00856
4	0.02717	0.01046	0.01403	0.01091	0.01553	0.00912	0.00896	0.02972	0.01796	0.66031	0.02502	0.02222	0.01606	0.00795	0.00628	0.00195	0.00523	0.00645	0.09424	0.01046
5	0.00924	0.00642	0.00785	0.00845	0.00897	0.00629	0.00579	0.01020	0.01146	0.01504	0.02879	0.18208	0.07057	0.42544	0.02165	0.00464	0.00557	0.16199	0.00486	0.00470
6	0.16834	0.01471	0.11410	0.01217	0.01710	0.01212	0.03976	0.11175	0.01742	0.24766	0.08311	0.02424	0.09307	0.00858	0.00624	0.00203	0.00595	0.00687	0.00584	0.00894
7	0.02167	0.01964	0.11634	0.01503	0.04371	0.16353	0.01287	0.19315	0.04934	0.18302	0.01766	0.01965	0.01315	0.00781	0.00629	0.00194	0.00762	0.03899	0.05914	0.00944
8	0.02073	0.00979	0.01225	0.01001	0.01356	0.00918	0.00804	0.09712	0.01872	0.36171	0.17673	0.02744	0.02536	0.00901	0.00633	0.00190	0.00463	0.00746	0.17111	0.00891
9	0.01335	0.01566	0.12132	0.50694	0.06985	0.01496	0.10026	0.04665	0.01410	0.01876	0.01188	0.01663	0.00886	0.00632	0.00655	0.00212	0.00891	0.00583	0.00306	0.00798
10	0.01616	0.09427	0.24776	0.02215	0.10315	0.01641	0.25213	0.05169	0.04604	0.06791	0.01362	0.01594	0.01010	0.00611	0.00654	0.00201	0.00899	0.00599	0.00364	0.00941
11	0.01772	0.01625	0.02972	0.02198	0.02693	0.01681	0.41016	0.11615	0.01665	0.09503	0.01380	0.01700	0.01034	0.00714	0.00993	0.00225	0.15220	0.00689	0.00410	0.00895
12	0.00811	0.00585	0.00769	0.00884	0.00949	0.00544	0.00608	0.00957	0.01337	0.01792	0.13275	0.61691	0.07728	0.01902	0.00815	0.00253	0.00369	0.03576	0.00615	0.00539
13	0.01552	0.01568	0.02386	0.06996	0.02433	0.09673	0.28936	0.03619	0.11199	0.03629	0.01578	0.02138	0.01322	0.11245	0.05051	0.00313	0.04465	0.00710	0.00396	0.00790
14	0.01493	0.01642	0.10069	0.10044	0.33209	0.04557	0.11556	0.01894	0.01456	0.04734	0.01680	0.09393	0.03814	0.00778	0.00676	0.00207	0.00797	0.00742	0.00370	0.00888
15	0.01952	0.01202	0.01405	0.01193	0.01569	0.01255	0.00957	0.12209	0.26446	0.23167	0.12473	0.02854	0.02422	0.00952	0.00676	0.00210	0.00520	0.04659	0.02917	0.00960
16	0.01304	0.06445	0.60513	0.01636	0.02461	0.01426	0.02060	0.01966	0.01360	0.02072	0.01278	0.01493	0.00935	0.00630	0.00582	0.00194	0.00852	0.00489	0.11404	0.00900
17	0.01439	0.01750	0.12608	0.02473	0.17056	0.01499	0.29484	0.02054	0.09037	0.02076	0.01611	0.09163	0.01394	0.00772	0.00778	0.00218	0.04543	0.00778	0.00378	0.00888
18	0.02065	0.01473	0.01688	0.01359	0.01722	0.07796	0.05673	0.24601	0.02001	0.15767	0.01737	0.03267	0.01303	0.00817	0.00788	0.00197	0.09565	0.00618	0.16668	0.00896
19	0.02075	0.14777	0.01978	0.01455	0.01816	0.41898	0.01155	0.10315	0.03963	0.01886	0.01199	0.01418	0.01007	0.01244	0.10804	0.00287	0.01092	0.00472	0.00372	0.00788
20	0.01887	0.01168	0.01578	0.01292	0.01625	0.03634	0.08447	0.11867	0.01676	0.25055	0.02165	0.12367	0.01883	0.11900	0.08427	0.00352	0.02435	0.00846	0.00571	0.00827
21	0.02009	0.01195	0.01394	0.01200	0.01543	0.04806	0.00955	0.14905	0.06957	0.27424	0.02380	0.13383	0.02014	0.01590	0.10916	0.00329	0.00747	0.04730	0.00634	0.00890
22	0.00804	0.00574	0.00768	0.00913	0.00959	0.00539	0.00623	0.00931	0.01266	0.01689	0.05400	0.71310	0.04293	0.01993	0.00827	0.00263	0.00385	0.05330	0.00603	0.00531
23	0.02407	0.01227	0.01587	0.01231	0.01683	0.01190	0.04603	0.19825	0.02067	0.40092	0.05622	0.02168	0.01669	0.00800	0.00635	0.00193	0.00575	0.00658	0.10766	0.01001
24	0.01343	0.01338	0.02460	0.48995	0.13999	0.01495	0.17470	0.01793	0.01370	0.01811	0.01194	0.01710	0.00911	0.00613	0.00671	0.00213	0.00900	0.00617	0.00301	0.00796
25	0.02325	0.01230	0.01486	0.01200	0.01634	0.01231	0.00970	0.13718	0.18237	0.38715	0.08394	0.02374	0.01991	0.00857	0.00656	0.00203	0.00540	0.00701	0.02510	0.01029
26	0.00775	0.00638	0.00682	0.00707	0.00889	0.00545	0.00516	0.00937	0.01447	0.01769	0.09251	0.18978	0.57248	0.01691	0.00775	0.00225	0.00335	0.01440	0.00605	0.00545
27	0.01396	0.20598	0.57566	0.01671	0.02532	0.01746	0.02090	0.02020	0.01352	0.01924	0.01099	0.01288	0.00821	0.00600	0.00568	0.00189	0.00894	0.00447	0.00274	0.00926
28	0.04679	0.16051	0.02046	0.01427	0.01855	0.29772	0.01157	0.17824	0.11685	0.05456	0.01393	0.01441	0.01078	0.00702	0.00574	0.00177	0.00840	0.00492	0.00459	0.00893
29	0.01492	0.00975	0.01133	0.01038	0.01282	0.00991	0.00791	0.20758	0.01842	0.08867	0.04277	0.32722	0.08437	0.01381	0.00715	0.00222	0.00476	0.02577	0.09278	0.00749

[dist]
# distance from previous block
# <min> <max>
0	7

[block]
# block no. 4 follows, 34 sequences, length 31
# corresponding to MSA columns:
# 255-285
name=unknown_E
#
# <colnr> <probs for GDERKNQSTAVLIFYWHMCP>
#	G	D	E	R	K	N	Q	S	T	A	V	L	I	F	Y	W	H	M	C	P
0	0.01273	0.04154	0.01327	0.01266	0.07958	0.01052	0.02863	0.12128	0.03905	0.02090	0.07866	0.09343	0.13348	0.23734	0.01475	0.00336	0.00575	0.04128	0.00507	0.00673
1	0.01492	0.01134	0.01409	0.04036	0.05606	0.01233	0.00994	0.18886	0.07670	0.04173	0.02045	0.13300	0.01960	0.10730	0.11834	0.00386	0.04282	0.03958	0.00508	0.04363
2	0.01855	0.02001	0.01680	0.01448	0.01722	0.31110	0.01129	0.09275	0.01606	0.01888	0.01312	0.01695	0.03397	0.06200	0.02614	0.00239	0.18680	0.00538	0.00374	0.11235
3	0.01135	0.00939	0.01016	0.01009	0.01204	0.03343	0.00741	0.04903	0.19607	0.02119	0.08968	0.33872	0.15592	0.01505	0.00750	0.00233	0.00438	0.01314	0.00616	0.00697
4	0.13380	0.66567	0.03032	0.01068	0.01599	0.02396	0.01047	0.01930	0.01282	0.01721	0.00898	0.01038	0.00810	0.00560	0.00412	0.00147	0.00663	0.00346	0.00294	0.00810
5	0.01480	0.01317	0.04247	0.01200	0.01759	0.01059	0.06450	0.04928	0.01439	0.05496	0.01230	0.01426	0.00985	0.00551	0.00605	0.00128	0.04420	0.00447	0.00401	0.60433
6	0.06233	0.44046	0.21596	0.01347	0.01969	0.09443	0.01432	0.02071	0.03438	0.01778	0.01028	0.01177	0.00853	0.00592	0.00490	0.00164	0.00792	0.00399	0.00299	0.00853
7	0.00803	0.00574	0.00768	0.00918	0.00963	0.00539	0.00628	0.00928	0.01253	0.01667	0.03552	0.72445	0.04238	0.02009	0.00829	0.00265	0.00389	0.06103	0.00599	0.00529
8	0.00895	0.00734	0.01195	0.01165	0.01292	0.00686	0.10825	0.01070	0.01279	0.01711	0.03233	0.65946	0.03795	0.01809	0.00816	0.00256	0.00479	0.01681	0.00560	0.00575
9	0.01103	0.00814	0.00990	0.00988	0.01168	0.00804	0.00764	0.11267	0.01708	0.02271	0.18348	0.26612	0.14168	0.01590	0.00790	0.00240	0.00445	0.14656	0.00629	0.00643
10	0.00797	0.00570	0.00760	0.00905	0.00948	0.00533	0.00612	0.00920	0.01259	0.01682	0.05412	0.73125	0.04308	0.01999	0.00825	0.00262	0.00379	0.03572	0.00603	0.00529
11	0.01599	0.01535	0.02623	0.03966	0.73262	0.01535	0.01983	0.01983	0.01471	0.02111	0.01215	0.01599	0.01023	0.00576	0.00640	0.00192	0.00768	0.00576	0.00320	0.01023
12	0.02666	0.01426	0.12034	0.01250	0.01816	0.01030	0.01159	0.02989	0.01779	0.63288	0.02347	0.02078	0.01486	0.00773	0.00645	0.00201	0.00609	0.00625	0.00723	0.01079
13	0.01335	0.01042	0.01132	0.01067	0.01328	0.01136	0.00819	0.06183	0.34248	0.02433	0.04890	0.14709	0.09974	0.01166	0.00678	0.00218	0.00450	0.04079	0.12306	0.00807
14	0.02483	0.01619	0.01803	0.01398	0.01899	0.01739	0.01150	0.50561	0.08495	0.19270	0.01860	0.01765	0.01281	0.00789	0.00648	0.00197	0.00659	0.00609	0.00681	0.01093
15	0.02027	0.01617	0.12429	0.01584	0.02056	0.01415	0.10322	0.05694	0.07940	0.29224	0.01811	0.01870	0.01277	0.00904	0.02703	0.00240	0.14769	0.00629	0.00535	0.00956
16	0.04832	0.01173	0.01506	0.01178	0.01662	0.01090	0.00966	0.07007	0.09077	0.60619	0.02457	0.02154	0.01585	0.00801	0.00644	0.00202	0.00554	0.00646	0.00766	0.01081
17	0.01795	0.01439	0.01544	0.01355	0.01727	0.03322	0.01100	0.25530	0.33123	0.02976	0.02391	0.03081	0.02007	0.01022	0.00699	0.00225	0.00610	0.14463	0.00633	0.00955
18	0.01130	0.00969	0.01400	0.01271	0.01504	0.00987	0.10952	0.01779	0.19909	0.02077	0.08557	0.35096	0.05803	0.01428	0.00768	0.00240	0.00517	0.04312	0.00584	0.00716
19	0.01514	0.01744	0.12679	0.01810	0.02178	0.01717	0.15174	0.09624	0.08001	0.02111	0.01298	0.01668	0.01063	0.01169	0.07055	0.00302	0.29063	0.00619	0.00370	0.00838
20	0.01613	0.01048	0.01112	0.00976	0.01268	0.01129	0.00766	0.14003	0.20561	0.06809	0.02276	0.02335	0.03228	0.00812	0.00558	0.00181	0.00442	0.00653	0.39404	0.00826
21	0.00787	0.00562	0.00750	0.00900	0.00937	0.00525	0.00600	0.00900	0.01237	0.01649	0.03561	0.76871	0.04274	0.02024	0.00825	0.00262	0.00375	0.01837	0.00600	0.00525
22	0.07432	0.01684	0.01521	0.01350	0.01640	0.17580	0.01047	0.15398	0.17898	0.02405	0.01880	0.13303	0.01712	0.03232	0.00879	0.00227	0.08712	0.00765	0.00509	0.00826
23	0.01462	0.01610	0.03328	0.15606	0.03428	0.01627	0.52884	0.01953	0.01439	0.01953	0.01241	0.01712	0.00948	0.00611	0.00854	0.00223	0.07261	0.00713	0.00316	0.00831
24	0.01339	0.00642	0.00673	0.00646	0.00824	0.00630	0.00491	0.01636	0.01394	0.08062	0.02143	0.02392	0.01652	0.00757	0.00467	0.00154	0.00321	0.00606	0.74530	0.00642
25	0.00822	0.00599	0.00760	0.00867	0.00937	0.00563	0.00598	0.00946	0.01249	0.01635	0.03759	0.51556	0.13933	0.10217	0.03541	0.00324	0.00455	0.06152	0.00568	0.00520
26	0.13180	0.01872	0.01569	0.01327	0.01716	0.24319	0.01049	0.20803	0.02013	0.12996	0.07103	0.01772	0.01459	0.00995	0.04813	0.00236	0.00826	0.00561	0.00525	0.00866
27	0.01037	0.00805	0.00873	0.00834	0.01056	0.00767	0.00630	0.11159	0.01635	0.02081	0.04907	0.18151	0.44329	0.01682	0.03809	0.00254	0.00449	0.01280	0.03637	0.00626
28	0.00806	0.00577	0.00766	0.00887	0.00941	0.00537	0.00601	0.00946	0.01323	0.01786	0.13647	0.66394	0.04539	0.01922	0.00816	0.00254	0.00365	0.01740	0.00616	0.00537
29	0.01328	0.01382	0.02742	0.12864	0.02878	0.01432	0.39077	0.01749	0.01341	0.01839	0.01391	0.03678	0.01165	0.01543	0.16381	0.00396	0.06989	0.00731	0.00328	0.00766
30	0.01436	0.12526	0.02870	0.31381	0.08241	0.01694	0.26544	0.01862	0.01381	0.01811	0.01164	0.01612	0.00910	0.00607	0.00701	0.00206	0.03334	0.00608	0.00302	0.00810

[dist]
# distance from previous block
# <min> <max>
0	555

# created by:
# /home/cegg/simao/soft/augustus-3.2.1/scripts/msa2prfl.pl ./align_prep/EOG090W0ATA.fa
