[name]
unknown

[dist]
# distance from previous block
# <min> <max>
0	36

[block]
# block no. 0 follows, 27 sequences, length 60
# corresponding to MSA columns:
# 38-42,51-88,97-113
name=unknown_A
#
# <colnr> <probs for GDERKNQSTAVLIFYWHMCP>
#	G	D	E	R	K	N	Q	S	T	A	V	L	I	F	Y	W	H	M	C	P
0	0.01158	0.00773	0.01007	0.01014	0.01130	0.00799	0.00727	0.01327	0.01304	0.04904	0.02938	0.11435	0.08312	0.25742	0.27677	0.00751	0.01110	0.03920	0.03355	0.00617
1	0.01227	0.01081	0.01473	0.01323	0.01520	0.03735	0.08706	0.03311	0.01526	0.01988	0.05476	0.23469	0.15599	0.14076	0.06697	0.00415	0.05784	0.01356	0.00557	0.00681
2	0.01774	0.01788	0.02208	0.15193	0.28153	0.14032	0.01694	0.04551	0.01732	0.02171	0.02013	0.07264	0.05981	0.04370	0.03666	0.00289	0.00953	0.00813	0.00427	0.00931
3	0.00987	0.00764	0.01017	0.03851	0.03846	0.00730	0.00796	0.01198	0.01579	0.02094	0.14519	0.39282	0.17587	0.02206	0.05655	0.00336	0.00552	0.01681	0.00663	0.00657
4	0.01463	0.01344	0.02266	0.56603	0.14991	0.01599	0.02000	0.01894	0.01482	0.01939	0.01330	0.01976	0.01039	0.00854	0.00887	0.05543	0.00949	0.00659	0.00335	0.00846
5	0.01978	0.01755	0.02111	0.19741	0.13645	0.10213	0.01600	0.17225	0.02074	0.05115	0.02014	0.10177	0.04122	0.01020	0.00830	0.00239	0.03811	0.00842	0.00515	0.00971
6	0.07567	0.01432	0.02126	0.49002	0.11055	0.03646	0.01840	0.02158	0.04639	0.05180	0.01484	0.01970	0.01118	0.00754	0.00712	0.00239	0.00903	0.00648	0.02634	0.00893
7	0.01222	0.00784	0.00983	0.00977	0.01034	0.00801	0.00641	0.05515	0.01280	0.01717	0.02300	0.15674	0.02550	0.32917	0.07394	0.21388	0.00742	0.01095	0.00473	0.00512
8	0.01814	0.05688	0.01776	0.01263	0.01797	0.04063	0.01031	0.05589	0.01663	0.07893	0.01487	0.01713	0.01202	0.00888	0.03449	0.00197	0.07624	0.00520	0.03468	0.46875
9	0.01159	0.00771	0.00937	0.00905	0.01110	0.00685	0.00670	0.01357	0.01767	0.07310	0.26957	0.12850	0.30065	0.01797	0.01060	0.07393	0.00417	0.01403	0.00716	0.00669
10	0.01889	0.01919	0.05019	0.21171	0.24255	0.09574	0.01867	0.07349	0.14629	0.02513	0.01689	0.01984	0.01310	0.00780	0.00733	0.00231	0.00908	0.00671	0.00460	0.01051
11	0.01215	0.00793	0.01034	0.00961	0.01165	0.00724	0.00725	0.01545	0.02058	0.08094	0.58597	0.08208	0.08990	0.01519	0.00869	0.00237	0.00377	0.01337	0.00815	0.00737
12	0.02773	0.03538	0.02104	0.01913	0.02295	0.70930	0.01434	0.02964	0.02104	0.01817	0.01148	0.01339	0.00956	0.00765	0.00669	0.00191	0.01339	0.00478	0.00383	0.00861
13	0.01384	0.00692	0.00692	0.00692	0.00865	0.00692	0.00519	0.01730	0.01557	0.02768	0.02422	0.02768	0.01903	0.00865	0.00519	0.00173	0.00346	0.00692	0.78031	0.00692
14	0.01289	0.00645	0.00967	0.00967	0.00967	0.00645	0.00645	0.00967	0.00967	0.01289	0.01289	0.02257	0.01289	0.02579	0.02901	0.78401	0.00645	0.00645	0.00322	0.00322
15	0.01080	0.00720	0.00810	0.00810	0.00810	0.00720	0.00450	0.01080	0.01080	0.01439	0.02339	0.04858	0.02699	0.73910	0.03779	0.00720	0.00720	0.01080	0.00450	0.00450
16	0.01384	0.00692	0.00692	0.00692	0.00865	0.00692	0.00519	0.01730	0.01557	0.02768	0.02422	0.02768	0.01903	0.00865	0.00519	0.00173	0.00346	0.00692	0.78031	0.00692
17	0.07953	0.03396	0.02035	0.01849	0.02237	0.66233	0.01392	0.02911	0.02047	0.01920	0.01140	0.01330	0.00946	0.00760	0.00655	0.00194	0.01287	0.00473	0.00388	0.00857
18	0.07370	0.01869	0.04954	0.02116	0.10678	0.07826	0.10553	0.14760	0.08105	0.05424	0.04493	0.06986	0.01795	0.04219	0.00993	0.00262	0.05235	0.00817	0.00544	0.01002
19	0.02281	0.13637	0.02123	0.01608	0.01948	0.43866	0.01244	0.02405	0.01761	0.01716	0.01220	0.01588	0.01081	0.01419	0.06683	0.12564	0.01199	0.00518	0.00364	0.00774
20	0.01927	0.01627	0.01636	0.01458	0.01844	0.06366	0.01124	0.11423	0.42205	0.04924	0.02941	0.09011	0.04446	0.04520	0.00910	0.00270	0.00655	0.00937	0.00711	0.01065
21	0.01691	0.04498	0.02526	0.15972	0.39020	0.01655	0.01885	0.04485	0.01657	0.02299	0.05935	0.02117	0.01535	0.00940	0.00993	0.07375	0.03343	0.00695	0.00398	0.00983
22	0.01003	0.00757	0.00927	0.00884	0.01080	0.00680	0.00663	0.01309	0.01990	0.02712	0.52165	0.05981	0.23893	0.01616	0.00876	0.00238	0.00357	0.01404	0.00782	0.00680
23	0.01547	0.01229	0.01619	0.01490	0.07799	0.01093	0.02926	0.07256	0.01603	0.02320	0.01822	0.06888	0.04045	0.01374	0.04346	0.14759	0.00694	0.00704	0.00460	0.36027
24	0.01213	0.01028	0.01680	0.22824	0.02591	0.01188	0.05671	0.01543	0.01307	0.01789	0.01792	0.02787	0.01638	0.11423	0.37360	0.00789	0.01493	0.00792	0.00381	0.00711
25	0.07167	0.07789	0.11329	0.06851	0.07212	0.05741	0.16798	0.04770	0.01730	0.07523	0.01981	0.08045	0.04594	0.00891	0.00739	0.00229	0.00904	0.00808	0.00465	0.04433
26	0.01958	0.18650	0.19819	0.01939	0.02621	0.10165	0.13694	0.10151	0.01868	0.02449	0.01390	0.01647	0.01085	0.00737	0.00737	0.00213	0.03623	0.00595	0.05657	0.01002
27	0.04552	0.01210	0.01725	0.33529	0.03130	0.01374	0.01430	0.09446	0.01721	0.06858	0.02370	0.12165	0.07047	0.01400	0.04039	0.04916	0.00828	0.00931	0.00504	0.00823
28	0.02488	0.20565	0.05681	0.01752	0.02230	0.48699	0.01446	0.02794	0.04419	0.01873	0.01199	0.01368	0.01004	0.00740	0.00628	0.00188	0.01168	0.00475	0.00378	0.00906
29	0.10129	0.01471	0.01626	0.01347	0.01712	0.01615	0.01061	0.34938	0.02325	0.03315	0.01588	0.01951	0.01272	0.01574	0.04242	0.24005	0.00770	0.00640	0.03536	0.00883
30	0.01228	0.00667	0.00921	0.00921	0.00921	0.00667	0.00588	0.01000	0.01000	0.01333	0.01595	0.03013	0.01700	0.23332	0.03157	0.55800	0.00667	0.00771	0.00359	0.00359
31	0.01400	0.09619	0.03644	0.04174	0.01784	0.01407	0.03654	0.02096	0.16964	0.02260	0.06968	0.17058	0.05908	0.04922	0.05465	0.00341	0.03478	0.07436	0.00589	0.00835
32	0.01384	0.00692	0.00692	0.00692	0.00865	0.00692	0.00519	0.01730	0.01557	0.02768	0.02422	0.02768	0.01903	0.00865	0.00519	0.00173	0.00346	0.00692	0.78031	0.00692
33	0.01715	0.01442	0.01770	0.01572	0.09532	0.01234	0.01102	0.10400	0.01808	0.02694	0.01505	0.04606	0.01289	0.00681	0.00613	0.00145	0.00618	0.00565	0.00482	0.56227
34	0.02059	0.03766	0.02107	0.02012	0.12016	0.04663	0.01411	0.19822	0.04355	0.06956	0.01665	0.02163	0.01404	0.07523	0.06479	0.03223	0.16180	0.00702	0.00517	0.00978
35	0.01384	0.00692	0.00692	0.00692	0.00865	0.00692	0.00519	0.01730	0.01557	0.02768	0.02422	0.02768	0.01903	0.00865	0.00519	0.00173	0.00346	0.00692	0.78031	0.00692
36	0.01574	0.05937	0.45991	0.02139	0.05263	0.01733	0.09161	0.04646	0.05874	0.02428	0.01676	0.07212	0.01370	0.00843	0.00739	0.00239	0.01000	0.00724	0.00394	0.01057
37	0.01752	0.02003	0.04380	0.03129	0.03880	0.01877	0.66583	0.02378	0.01752	0.02378	0.01502	0.02003	0.01126	0.00626	0.00876	0.00250	0.01252	0.00876	0.00375	0.01001
38	0.01088	0.00828	0.01214	0.01199	0.01315	0.00975	0.00924	0.01328	0.01182	0.01704	0.01968	0.03006	0.01880	0.10630	0.62608	0.01116	0.05174	0.00810	0.00398	0.00653
39	0.02773	0.03538	0.02104	0.01913	0.02295	0.70930	0.01434	0.02964	0.02104	0.01817	0.01148	0.01339	0.00956	0.00765	0.00669	0.00191	0.01339	0.00478	0.00383	0.00861
40	0.79154	0.01436	0.01091	0.00976	0.01436	0.01665	0.00804	0.02182	0.01263	0.03331	0.01034	0.01206	0.00804	0.00689	0.00459	0.00230	0.00574	0.00402	0.00459	0.00804
41	0.01080	0.00720	0.00810	0.00810	0.00810	0.00720	0.00450	0.01080	0.01080	0.01439	0.02339	0.04858	0.02699	0.73910	0.03779	0.00720	0.00720	0.01080	0.00450	0.00450
42	0.02241	0.06744	0.02093	0.01798	0.06611	0.14339	0.01338	0.21707	0.23922	0.03116	0.02159	0.06940	0.01762	0.00973	0.00730	0.00228	0.00812	0.00772	0.00626	0.01090
43	0.02008	0.04364	0.13648	0.03458	0.42666	0.01863	0.02131	0.13471	0.01991	0.05137	0.01495	0.01789	0.01169	0.00716	0.00724	0.00222	0.00894	0.00639	0.00441	0.01174
44	0.02139	0.60546	0.03542	0.01395	0.01981	0.16197	0.01302	0.02368	0.01625	0.01760	0.01055	0.01220	0.00953	0.00660	0.00514	0.00165	0.00900	0.00413	0.00330	0.00935
45	0.79154	0.01436	0.01091	0.00976	0.01436	0.01665	0.00804	0.02182	0.01263	0.03331	0.01034	0.01206	0.00804	0.00689	0.00459	0.00230	0.00574	0.00402	0.00459	0.00804
46	0.10701	0.63188	0.03507	0.01255	0.01869	0.02768	0.01224	0.04868	0.01562	0.02045	0.01063	0.01217	0.00949	0.00652	0.00485	0.00169	0.00770	0.00409	0.00351	0.00949
47	0.01061	0.00795	0.01193	0.01193	0.01326	0.00928	0.00928	0.01326	0.01193	0.01723	0.01988	0.02916	0.01856	0.05568	0.70968	0.01193	0.01988	0.00795	0.00398	0.00663
48	0.02712	0.03137	0.02028	0.01825	0.02222	0.57837	0.01389	0.05337	0.04889	0.06754	0.01485	0.01779	0.01216	0.00842	0.00695	0.00204	0.01213	0.03067	0.00461	0.00910
49	0.01473	0.01331	0.02232	0.25015	0.25178	0.01459	0.04636	0.01877	0.01486	0.02072	0.01591	0.02302	0.01362	0.05159	0.16007	0.00461	0.01141	0.00720	0.03608	0.00891
50	0.01630	0.23236	0.23929	0.01502	0.02148	0.01864	0.01595	0.06665	0.06640	0.02466	0.13110	0.05643	0.04689	0.00971	0.00691	0.00217	0.00771	0.00774	0.00492	0.00967
51	0.00894	0.00742	0.00785	0.00815	0.01034	0.00632	0.00606	0.01080	0.01656	0.01999	0.06912	0.16217	0.57694	0.01948	0.00893	0.00261	0.00396	0.04124	0.00689	0.00626
52	0.01648	0.01671	0.06806	0.01271	0.01843	0.07484	0.01072	0.05740	0.01654	0.02371	0.01520	0.03931	0.01346	0.05980	0.04694	0.00241	0.00767	0.00577	0.00448	0.48934
53	0.01978	0.02667	0.39277	0.01731	0.02549	0.01458	0.01975	0.06289	0.01841	0.19985	0.02442	0.02609	0.07544	0.00932	0.00747	0.00239	0.00877	0.03224	0.00545	0.01091
54	0.01780	0.01998	0.07167	0.02897	0.03623	0.01783	0.57715	0.02374	0.01730	0.05352	0.01595	0.02133	0.01220	0.03920	0.00992	0.00270	0.01193	0.00864	0.00400	0.00993
55	0.01373	0.01174	0.01546	0.12142	0.02005	0.04532	0.01181	0.04424	0.01366	0.01855	0.01827	0.08513	0.01804	0.09839	0.24919	0.05923	0.13605	0.00857	0.00414	0.00701
56	0.02060	0.22114	0.13715	0.04983	0.15225	0.09392	0.05691	0.06237	0.01778	0.07262	0.01384	0.01620	0.01090	0.00731	0.00729	0.00211	0.03757	0.00571	0.00407	0.01042
57	0.01803	0.05116	0.12810	0.06427	0.05422	0.01696	0.03747	0.15281	0.16758	0.02927	0.02384	0.02504	0.06315	0.01100	0.03521	0.00266	0.00801	0.00753	0.09343	0.01026
58	0.02231	0.01741	0.04627	0.05925	0.06141	0.03735	0.01339	0.32825	0.02522	0.08951	0.05139	0.08371	0.01945	0.06357	0.00977	0.00263	0.00768	0.00838	0.00646	0.04661
59	0.03755	0.04150	0.01793	0.04428	0.09140	0.05971	0.03075	0.11519	0.01823	0.05581	0.02414	0.22314	0.02459	0.06361	0.01106	0.00286	0.05586	0.03349	0.04030	0.00861

[dist]
# distance from previous block
# <min> <max>
7	30

[block]
# block no. 1 follows, 27 sequences, length 32
# corresponding to MSA columns:
# 154-185
name=unknown_B
#
# <colnr> <probs for GDERKNQSTAVLIFYWHMCP>
#	G	D	E	R	K	N	Q	S	T	A	V	L	I	F	Y	W	H	M	C	P
0	0.04302	0.01401	0.01631	0.12957	0.05828	0.07746	0.01225	0.07182	0.05451	0.09426	0.02345	0.12497	0.04040	0.01694	0.10210	0.00361	0.00905	0.00899	0.05202	0.04698
1	0.01999	0.04630	0.04009	0.06192	0.10253	0.09708	0.05575	0.20325	0.04354	0.02905	0.04311	0.11964	0.01930	0.01017	0.00747	0.00225	0.00823	0.00865	0.03072	0.05099
2	0.07302	0.09360	0.01904	0.01512	0.06658	0.06138	0.01127	0.04583	0.06484	0.09039	0.07917	0.02222	0.01849	0.03228	0.00876	0.00214	0.06133	0.00650	0.03875	0.18929
3	0.05841	0.01745	0.01702	0.01410	0.01867	0.14263	0.02942	0.10579	0.05642	0.12924	0.02195	0.08184	0.04071	0.04224	0.02738	0.00252	0.00797	0.00774	0.00587	0.17262
4	0.08440	0.01901	0.04207	0.06308	0.10357	0.07884	0.07700	0.14804	0.13318	0.08053	0.03904	0.02063	0.01526	0.00863	0.00835	0.00237	0.05274	0.00700	0.00563	0.01063
5	0.07192	0.03321	0.07170	0.01832	0.02265	0.58638	0.01466	0.02807	0.02012	0.01996	0.03918	0.01520	0.01193	0.00787	0.00668	0.00199	0.01234	0.00514	0.00400	0.00869
6	0.52629	0.01682	0.01478	0.05165	0.05878	0.07481	0.01084	0.07029	0.06606	0.03154	0.01285	0.01457	0.00993	0.00735	0.00551	0.00228	0.00697	0.00490	0.00484	0.00893
7	0.00933	0.00658	0.00853	0.00998	0.01034	0.00622	0.00650	0.01041	0.01366	0.01822	0.03809	0.62355	0.04553	0.13884	0.01405	0.00369	0.00477	0.01944	0.00650	0.00578
8	0.01384	0.00692	0.00692	0.00692	0.00865	0.00692	0.00519	0.01730	0.01557	0.02768	0.02422	0.02768	0.01903	0.00865	0.00519	0.00173	0.00346	0.00692	0.78031	0.00692
9	0.01826	0.07927	0.09017	0.10050	0.12946	0.07524	0.03559	0.02406	0.10296	0.08399	0.05228	0.02550	0.04394	0.06360	0.01040	0.03451	0.00831	0.00749	0.00495	0.00951
10	0.07410	0.07199	0.11179	0.02141	0.10795	0.09288	0.13792	0.02066	0.01559	0.02149	0.01691	0.04581	0.01557	0.08706	0.09452	0.00396	0.01095	0.03663	0.00403	0.00880
11	0.01384	0.00692	0.00692	0.00692	0.00865	0.00692	0.00519	0.01730	0.01557	0.02768	0.02422	0.02768	0.01903	0.00865	0.00519	0.00173	0.00346	0.00692	0.78031	0.00692
12	0.02727	0.03334	0.02090	0.01877	0.02276	0.62519	0.01419	0.07407	0.05718	0.02083	0.01291	0.01446	0.01047	0.00787	0.00679	0.00197	0.01263	0.00511	0.00427	0.00905
13	0.01644	0.02000	0.12155	0.22877	0.18100	0.09947	0.05358	0.02112	0.01661	0.02155	0.02000	0.02533	0.06935	0.00868	0.00747	0.00234	0.00947	0.03239	0.03559	0.00929
14	0.02650	0.02857	0.02126	0.09032	0.07345	0.48852	0.01508	0.02903	0.02015	0.11769	0.01442	0.01612	0.01104	0.00778	0.00693	0.00205	0.01168	0.00549	0.00454	0.00938
15	0.01638	0.02797	0.32779	0.02691	0.03592	0.01811	0.38982	0.02366	0.01672	0.02366	0.01429	0.01814	0.01046	0.00660	0.00802	0.00244	0.01185	0.00734	0.00349	0.01043
16	0.06306	0.02652	0.33062	0.15371	0.03436	0.01785	0.12996	0.07475	0.05265	0.02554	0.01466	0.01778	0.01069	0.00729	0.00732	0.00240	0.01022	0.00641	0.00393	0.01029
17	0.00957	0.00714	0.00968	0.01194	0.04355	0.00668	0.00773	0.01112	0.01462	0.01939	0.04193	0.63331	0.09116	0.02206	0.00935	0.00295	0.00457	0.04017	0.00674	0.00635
18	0.01837	0.01764	0.03013	0.04557	0.69279	0.01764	0.02278	0.02278	0.01690	0.02425	0.01396	0.01837	0.01176	0.00661	0.00735	0.00220	0.00882	0.00661	0.00367	0.01176
19	0.00964	0.00723	0.00897	0.00944	0.01092	0.00656	0.00687	0.01198	0.01747	0.02327	0.28246	0.29475	0.21496	0.01912	0.00908	0.00266	0.00400	0.04679	0.00735	0.00648
20	0.01545	0.01653	0.14489	0.03815	0.02027	0.01335	0.03862	0.07922	0.04720	0.07176	0.02615	0.15403	0.06714	0.04232	0.13320	0.00438	0.06301	0.01022	0.00534	0.00877
21	0.01728	0.02279	0.16501	0.03379	0.24084	0.01813	0.34398	0.02342	0.01698	0.02388	0.01437	0.01868	0.01106	0.00652	0.00800	0.00238	0.01107	0.00747	0.00361	0.01074
22	0.00927	0.00662	0.00887	0.01059	0.01112	0.00622	0.00728	0.01072	0.01443	0.01920	0.04079	0.68475	0.04861	0.02305	0.00953	0.00305	0.00450	0.06843	0.00689	0.00609
23	0.02833	0.01524	0.01943	0.11933	0.02492	0.01559	0.01332	0.21795	0.05269	0.37874	0.02360	0.02239	0.01563	0.00888	0.00745	0.00231	0.00737	0.00715	0.00773	0.01194
24	0.02231	0.05504	0.07347	0.01982	0.02471	0.31066	0.12695	0.11948	0.02078	0.02380	0.01643	0.09788	0.01483	0.00945	0.00796	0.00225	0.03256	0.00769	0.00460	0.00934
25	0.01052	0.00716	0.00853	0.00879	0.00897	0.00722	0.00530	0.01096	0.01141	0.01533	0.02566	0.14837	0.02948	0.56935	0.09620	0.00702	0.00795	0.01206	0.00480	0.00492
26	0.01406	0.07694	0.27353	0.06489	0.02484	0.01477	0.06107	0.02075	0.06221	0.02452	0.18400	0.03266	0.07007	0.01042	0.00770	0.00237	0.00798	0.03289	0.00510	0.00924
27	0.01628	0.01479	0.01580	0.01158	0.01798	0.06030	0.00920	0.01948	0.01580	0.02376	0.01307	0.01525	0.01089	0.00565	0.00558	0.00116	0.00607	0.00443	0.00436	0.72857
28	0.01568	0.03344	0.05104	0.11613	0.14568	0.01420	0.01438	0.12358	0.04078	0.02588	0.05589	0.13334	0.12590	0.01282	0.00809	0.00250	0.00708	0.05879	0.00568	0.00912
29	0.02117	0.05227	0.01920	0.07042	0.04338	0.34870	0.01316	0.06194	0.01923	0.02141	0.05177	0.02271	0.06314	0.01236	0.05472	0.00276	0.04871	0.00673	0.05778	0.00844
30	0.01599	0.12076	0.38444	0.01932	0.06588	0.01767	0.02050	0.04932	0.01615	0.02324	0.01508	0.07013	0.01292	0.00836	0.00763	0.00219	0.04345	0.00653	0.00379	0.09665
31	0.02067	0.05792	0.09814	0.15755	0.08938	0.11632	0.01671	0.18707	0.02180	0.05368	0.06451	0.04931	0.01690	0.00894	0.00732	0.00225	0.00905	0.00722	0.00516	0.01010

[dist]
# distance from previous block
# <min> <max>
0	2

[block]
# block no. 2 follows, 27 sequences, length 32
# corresponding to MSA columns:
# 188-192,194-204,206-221
name=unknown_C
#
# <colnr> <probs for GDERKNQSTAVLIFYWHMCP>
#	G	D	E	R	K	N	Q	S	T	A	V	L	I	F	Y	W	H	M	C	P
0	0.01959	0.57782	0.11856	0.01592	0.05833	0.06462	0.01516	0.02282	0.01558	0.01862	0.01095	0.01281	0.00964	0.00652	0.00529	0.00173	0.00866	0.00435	0.00323	0.00978
1	0.01815	0.07614	0.13678	0.02439	0.13307	0.01638	0.20415	0.02366	0.04051	0.10528	0.03964	0.06162	0.03741	0.01055	0.03650	0.00274	0.00965	0.00835	0.00480	0.01023
2	0.01508	0.03710	0.65415	0.02188	0.03260	0.01735	0.07261	0.02353	0.01580	0.02353	0.01344	0.01598	0.00954	0.00700	0.00717	0.00236	0.01108	0.00572	0.00318	0.01090
3	0.00962	0.00724	0.00897	0.00963	0.01109	0.00658	0.00707	0.01183	0.01695	0.02229	0.21311	0.31840	0.23004	0.01973	0.00918	0.00274	0.00420	0.07772	0.00721	0.00642
4	0.01869	0.08945	0.33302	0.02783	0.25536	0.01768	0.02261	0.02465	0.01670	0.10307	0.01517	0.01741	0.01128	0.00709	0.00700	0.00223	0.00942	0.00597	0.00404	0.01131
5	0.04757	0.01845	0.13578	0.09642	0.05136	0.04479	0.03750	0.08024	0.01868	0.07636	0.17130	0.02679	0.02498	0.01008	0.00960	0.00241	0.09714	0.00796	0.03327	0.00930
6	0.01091	0.00740	0.00915	0.00915	0.00963	0.00779	0.00593	0.01187	0.01139	0.01596	0.02242	0.04177	0.02409	0.49954	0.23157	0.00827	0.01068	0.00975	0.04748	0.00525
7	0.01711	0.01837	0.07746	0.23941	0.30713	0.01771	0.14097	0.04947	0.01709	0.02352	0.01405	0.01888	0.01099	0.00692	0.00761	0.00235	0.00994	0.00693	0.00370	0.01038
8	0.01733	0.04803	0.06767	0.15944	0.14789	0.10201	0.09305	0.03878	0.01730	0.04294	0.04174	0.07577	0.03841	0.01155	0.03771	0.00278	0.00977	0.03411	0.00447	0.00922
9	0.01904	0.01881	0.05405	0.02778	0.16973	0.01923	0.22306	0.15157	0.01943	0.02708	0.01484	0.01918	0.01190	0.01172	0.06407	0.00322	0.12317	0.00735	0.00439	0.01039
10	0.00917	0.00651	0.00858	0.01018	0.01058	0.00611	0.00672	0.01037	0.01397	0.01863	0.03968	0.68573	0.04753	0.07392	0.01148	0.00331	0.00451	0.02037	0.00672	0.00592
11	0.01543	0.11494	0.62881	0.02024	0.03071	0.01856	0.02583	0.02337	0.01561	0.02285	0.01300	0.01526	0.00942	0.00698	0.00680	0.00227	0.01064	0.00532	0.00314	0.01081
12	0.01703	0.06751	0.17471	0.10617	0.29683	0.01856	0.14223	0.02251	0.01623	0.02280	0.01356	0.01778	0.01076	0.00694	0.00800	0.00232	0.03536	0.00660	0.00349	0.01063
13	0.02246	0.01822	0.07686	0.07900	0.16419	0.01645	0.17012	0.10793	0.02032	0.19982	0.03721	0.02140	0.01475	0.00781	0.00774	0.00234	0.00906	0.00745	0.00564	0.01122
14	0.01061	0.00792	0.01175	0.01175	0.01301	0.00918	0.00905	0.01314	0.01188	0.01710	0.02005	0.03009	0.01896	0.08821	0.67770	0.01171	0.01928	0.00809	0.00400	0.00653
15	0.04116	0.01576	0.02445	0.14891	0.23750	0.01535	0.08482	0.05636	0.01698	0.02478	0.01379	0.01762	0.01107	0.00650	0.00684	0.00193	0.00821	0.00605	0.00408	0.25784
16	0.00904	0.00646	0.00861	0.01034	0.01077	0.00603	0.00689	0.01034	0.01421	0.01895	0.04092	0.73426	0.04910	0.02326	0.00948	0.00301	0.00431	0.02110	0.00689	0.00603
17	0.01384	0.00692	0.00692	0.00692	0.00865	0.00692	0.00519	0.01730	0.01557	0.02768	0.02422	0.02768	0.01903	0.00865	0.00519	0.00173	0.00346	0.00692	0.78031	0.00692
18	0.08750	0.04569	0.02164	0.05835	0.11115	0.01693	0.05429	0.18171	0.07133	0.12084	0.01960	0.06963	0.01571	0.00889	0.00712	0.00221	0.00745	0.00749	0.00597	0.08648
19	0.01876	0.01695	0.02627	0.14754	0.15655	0.01779	0.14540	0.14707	0.10904	0.02824	0.01796	0.04781	0.01437	0.00816	0.00763	0.00231	0.00881	0.00770	0.00504	0.06660
20	0.01384	0.00692	0.00692	0.00692	0.00865	0.00692	0.00519	0.01730	0.01557	0.02768	0.02422	0.02768	0.01903	0.00865	0.00519	0.00173	0.00346	0.00692	0.78031	0.00692
21	0.01804	0.15776	0.23763	0.04953	0.15374	0.05808	0.10653	0.05839	0.01759	0.02366	0.04156	0.01788	0.01286	0.00722	0.00700	0.00218	0.00985	0.00626	0.00382	0.01042
22	0.04965	0.01778	0.04449	0.27026	0.17671	0.04719	0.01817	0.20159	0.02107	0.02855	0.01561	0.04745	0.01256	0.00829	0.00734	0.00233	0.00897	0.00701	0.00475	0.01023
23	0.01246	0.01049	0.01324	0.01214	0.01369	0.01189	0.00940	0.01696	0.09163	0.02431	0.29620	0.08257	0.13199	0.05483	0.01397	0.00290	0.17554	0.01180	0.00648	0.00751
24	0.00987	0.00710	0.00936	0.00977	0.01095	0.00658	0.00696	0.01242	0.01807	0.02509	0.40870	0.34897	0.06099	0.01867	0.00907	0.00263	0.00385	0.01675	0.00762	0.00658
25	0.04562	0.05762	0.09453	0.05682	0.21818	0.15752	0.13828	0.04874	0.01767	0.02289	0.01324	0.01701	0.01069	0.00782	0.00859	0.02993	0.03482	0.00631	0.00377	0.00996
26	0.01991	0.13360	0.02513	0.13835	0.19326	0.04727	0.01647	0.12270	0.06617	0.06264	0.01767	0.02314	0.01462	0.01021	0.03266	0.00260	0.00886	0.04947	0.00492	0.01035
27	0.01409	0.01148	0.01398	0.01414	0.06348	0.01211	0.00994	0.02427	0.26981	0.02986	0.39088	0.04227	0.04790	0.01263	0.00820	0.00239	0.00478	0.01103	0.00761	0.00914
28	0.00901	0.00659	0.00848	0.00999	0.01068	0.00606	0.00674	0.01038	0.01455	0.01909	0.04519	0.65167	0.12893	0.02270	0.00939	0.00295	0.00424	0.02043	0.00689	0.00606
29	0.01924	0.02093	0.06484	0.13084	0.05213	0.16514	0.01654	0.10314	0.01773	0.02252	0.01408	0.02024	0.01219	0.01334	0.06481	0.00327	0.21303	0.03288	0.00412	0.00897
30	0.01698	0.07582	0.12406	0.12869	0.40969	0.01788	0.04319	0.02183	0.01622	0.02267	0.01467	0.04834	0.01258	0.00746	0.00726	0.00226	0.00913	0.00694	0.00365	0.01070
31	0.01656	0.01901	0.08312	0.03106	0.19832	0.01673	0.36616	0.02214	0.01772	0.02472	0.10911	0.02426	0.01949	0.00766	0.00828	0.00239	0.01021	0.00864	0.00431	0.01010

[dist]
# distance from previous block
# <min> <max>
0	1

[block]
# block no. 3 follows, 27 sequences, length 22
# corresponding to MSA columns:
# 223-244
name=unknown_D
#
# <colnr> <probs for GDERKNQSTAVLIFYWHMCP>
#	G	D	E	R	K	N	Q	S	T	A	V	L	I	F	Y	W	H	M	C	P
0	0.01977	0.05188	0.07455	0.09102	0.09729	0.04535	0.01444	0.07572	0.13360	0.14038	0.08382	0.09577	0.02334	0.01043	0.00758	0.00237	0.00734	0.00885	0.00621	0.01029
1	0.01617	0.01301	0.01530	0.01618	0.07724	0.08365	0.01124	0.04554	0.06823	0.01937	0.01856	0.03101	0.01789	0.01823	0.01856	0.34182	0.06554	0.11136	0.00446	0.00666
2	0.00948	0.00702	0.00852	0.00917	0.01029	0.00642	0.00629	0.01115	0.01566	0.02060	0.16579	0.35698	0.20579	0.11628	0.01295	0.00333	0.00441	0.01700	0.00681	0.00606
3	0.01169	0.00847	0.01017	0.01077	0.01217	0.00846	0.00756	0.01617	0.12160	0.04325	0.03961	0.42203	0.09985	0.11400	0.01277	0.00343	0.00505	0.03917	0.00676	0.00702
4	0.53195	0.07476	0.04025	0.06462	0.02163	0.01801	0.10987	0.02200	0.01383	0.02925	0.01134	0.01392	0.00882	0.00679	0.00552	0.00229	0.00741	0.00497	0.00421	0.00856
5	0.01985	0.01611	0.01645	0.01452	0.01784	0.10549	0.01144	0.24669	0.02212	0.05258	0.02208	0.09319	0.02049	0.06208	0.18807	0.00509	0.01125	0.05970	0.00589	0.00906
6	0.01925	0.01995	0.02723	0.15577	0.46817	0.13684	0.02096	0.02332	0.01727	0.02230	0.01340	0.01775	0.01106	0.00693	0.00725	0.00220	0.00979	0.00630	0.00364	0.01062
7	0.01011	0.00736	0.00927	0.01028	0.01141	0.00696	0.00759	0.01197	0.01527	0.01989	0.08216	0.30463	0.15563	0.13561	0.01403	0.00366	0.00527	0.17626	0.00657	0.00609
8	0.01779	0.01437	0.05229	0.05982	0.06980	0.01356	0.08844	0.10600	0.08336	0.11135	0.02745	0.26981	0.02651	0.01341	0.00829	0.00259	0.00715	0.01215	0.00633	0.00954
9	0.01662	0.11097	0.08091	0.01886	0.02348	0.12587	0.20658	0.02005	0.01606	0.01984	0.02005	0.16505	0.02034	0.10825	0.01182	0.00301	0.00959	0.01001	0.00437	0.00826
10	0.01092	0.00810	0.00956	0.01006	0.01110	0.00816	0.00683	0.01436	0.09449	0.01909	0.03658	0.30222	0.10365	0.26189	0.04013	0.00459	0.00599	0.03991	0.00608	0.00629
11	0.15796	0.01374	0.02019	0.25598	0.18056	0.01494	0.04705	0.01956	0.01533	0.02387	0.02048	0.02411	0.08622	0.00835	0.00690	0.00229	0.00779	0.00718	0.05030	0.03720
12	0.01937	0.01773	0.02441	0.11340	0.15476	0.09471	0.11734	0.04831	0.09236	0.08583	0.02283	0.02598	0.07291	0.00926	0.00875	0.00241	0.05160	0.02297	0.00507	0.00998
13	0.01820	0.01733	0.02576	0.07821	0.46794	0.05743	0.01927	0.05624	0.01765	0.02434	0.01609	0.07570	0.01451	0.00810	0.00734	0.00218	0.00849	0.00750	0.00418	0.07355
14	0.29172	0.05486	0.10233	0.01479	0.05199	0.07217	0.01265	0.08014	0.01673	0.02855	0.01238	0.01428	0.00975	0.00676	0.00570	0.00192	0.00742	0.00472	0.00444	0.20669
15	0.01460	0.01140	0.01544	0.01628	0.09937	0.04332	0.06242	0.01704	0.01666	0.09587	0.06544	0.23446	0.19834	0.06207	0.01041	0.00285	0.00621	0.01365	0.00624	0.00793
16	0.02024	0.02022	0.06992	0.05001	0.18561	0.09812	0.09559	0.13203	0.04432	0.05654	0.02080	0.02297	0.06789	0.00879	0.00841	0.00231	0.04751	0.00745	0.03091	0.01038
17	0.01520	0.01249	0.01526	0.09448	0.09493	0.06122	0.01146	0.01972	0.08456	0.07114	0.09468	0.22814	0.07615	0.04199	0.00927	0.00266	0.00645	0.01213	0.00607	0.04201
18	0.05488	0.01260	0.04216	0.01298	0.01601	0.04115	0.06678	0.06828	0.04951	0.02368	0.06495	0.27254	0.18957	0.03877	0.00936	0.00275	0.00610	0.01403	0.00625	0.00766
19	0.01798	0.14521	0.02196	0.03710	0.16221	0.01470	0.04080	0.02078	0.01673	0.13723	0.06857	0.03361	0.13040	0.10800	0.01137	0.00286	0.00704	0.00885	0.00545	0.00916
20	0.02157	0.04538	0.02395	0.02338	0.16094	0.14689	0.08709	0.14698	0.02150	0.07679	0.05519	0.07495	0.01974	0.00997	0.00774	0.00232	0.00901	0.05098	0.00550	0.01013
21	0.02112	0.02239	0.07641	0.01866	0.04678	0.19731	0.07961	0.08254	0.04240	0.08015	0.02098	0.02246	0.07741	0.00915	0.00901	0.00221	0.08358	0.00702	0.00496	0.09585

[dist]
# distance from previous block
# <min> <max>
30	145

[block]
# block no. 4 follows, 27 sequences, length 12
# corresponding to MSA columns:
# 418-429
name=unknown_E
#
# <colnr> <probs for GDERKNQSTAVLIFYWHMCP>
#	G	D	E	R	K	N	Q	S	T	A	V	L	I	F	Y	W	H	M	C	P
0	0.16112	0.01280	0.01358	0.01166	0.01533	0.03932	0.00905	0.10639	0.01921	0.20808	0.09000	0.10049	0.05322	0.09300	0.01063	0.00289	0.00616	0.00930	0.02868	0.00908
1	0.41075	0.01180	0.01113	0.01024	0.01383	0.01273	0.00814	0.02053	0.04922	0.08282	0.13526	0.08813	0.07613	0.01134	0.00658	0.00243	0.00519	0.02953	0.00615	0.00808
2	0.01242	0.00797	0.00985	0.01040	0.01188	0.00766	0.00752	0.01529	0.05359	0.07498	0.03937	0.35814	0.10616	0.10548	0.01229	0.00333	0.00507	0.08605	0.06566	0.00689
3	0.10193	0.00904	0.01017	0.01050	0.01212	0.00937	0.00755	0.01620	0.09744	0.02260	0.09668	0.27790	0.06348	0.16100	0.01427	0.00365	0.00536	0.06757	0.00635	0.00685
4	0.01170	0.00777	0.00951	0.01007	0.01141	0.00734	0.00695	0.01417	0.05324	0.07269	0.04256	0.43365	0.14695	0.12019	0.01303	0.00343	0.00487	0.01697	0.00678	0.00671
5	0.02153	0.04741	0.05424	0.02304	0.05795	0.07330	0.25624	0.10326	0.05321	0.11481	0.01729	0.01970	0.01284	0.00801	0.00922	0.00238	0.07507	0.00734	0.03267	0.01046
6	0.04651	0.00812	0.00937	0.00960	0.01073	0.00804	0.00661	0.03948	0.01471	0.02017	0.08438	0.20449	0.10959	0.31266	0.02066	0.00458	0.00583	0.07260	0.00593	0.00595
7	0.08554	0.00878	0.01030	0.07400	0.01482	0.00896	0.00809	0.01487	0.04171	0.02314	0.12616	0.18814	0.17584	0.07000	0.01026	0.00289	0.00505	0.04388	0.08072	0.00684
8	0.07752	0.01230	0.01520	0.04349	0.01759	0.01339	0.01076	0.09793	0.06119	0.15804	0.08388	0.17250	0.05205	0.01542	0.04333	0.00305	0.09595	0.01067	0.00664	0.00911
9	0.01761	0.01538	0.01565	0.04334	0.04966	0.12245	0.01143	0.07807	0.08019	0.04966	0.02720	0.13394	0.07448	0.01393	0.03173	0.00274	0.07298	0.03678	0.11422	0.00855
10	0.01105	0.00770	0.00940	0.00980	0.01112	0.00749	0.00701	0.01410	0.06467	0.02216	0.16090	0.26642	0.11935	0.06705	0.01239	0.07269	0.00464	0.04528	0.08037	0.00644
11	0.08811	0.01155	0.01336	0.06811	0.01708	0.03707	0.00968	0.04360	0.03734	0.07171	0.07906	0.11156	0.06031	0.04842	0.01214	0.09309	0.03887	0.04038	0.03505	0.08351

[dist]
# distance from previous block
# <min> <max>
0	15

[block]
# block no. 5 follows, 27 sequences, length 16
# corresponding to MSA columns:
# 445-460
name=unknown_F
#
# <colnr> <probs for GDERKNQSTAVLIFYWHMCP>
#	G	D	E	R	K	N	Q	S	T	A	V	L	I	F	Y	W	H	M	C	P
0	0.05748	0.01682	0.01771	0.01490	0.01885	0.10549	0.05271	0.12342	0.12396	0.08716	0.02984	0.06014	0.13248	0.04240	0.00999	0.00259	0.05545	0.00903	0.00615	0.03341
1	0.05193	0.01380	0.01824	0.16668	0.04544	0.01552	0.03464	0.17328	0.04781	0.02831	0.10231	0.08728	0.05655	0.01189	0.00987	0.03569	0.06028	0.00917	0.02240	0.00891
2	0.05669	0.20308	0.02246	0.01678	0.10220	0.01796	0.01207	0.08578	0.05942	0.04385	0.05918	0.09841	0.02106	0.07163	0.06213	0.00333	0.04149	0.00831	0.00506	0.00908
3	0.01277	0.00923	0.01091	0.04206	0.01429	0.00891	0.00824	0.01745	0.09741	0.07643	0.15149	0.08875	0.31460	0.04744	0.00988	0.00277	0.00490	0.06781	0.00708	0.00760
4	0.01458	0.01148	0.01118	0.01064	0.01284	0.09642	0.00772	0.01668	0.01717	0.08092	0.16415	0.18933	0.13628	0.10176	0.01165	0.00294	0.00574	0.01265	0.05372	0.04216
5	0.04901	0.01296	0.04325	0.01430	0.05869	0.04109	0.03731	0.08757	0.01787	0.05845	0.02871	0.23967	0.06403	0.01317	0.00747	0.00234	0.00603	0.01140	0.16758	0.03909
6	0.06243	0.05310	0.01532	0.01280	0.01580	0.01140	0.05122	0.05696	0.04082	0.08748	0.09836	0.18781	0.09934	0.04208	0.00953	0.00284	0.00606	0.13198	0.00663	0.00804
7	0.01284	0.00783	0.00984	0.01022	0.01152	0.00741	0.00707	0.03655	0.01553	0.09209	0.05651	0.44507	0.06457	0.13190	0.01335	0.00346	0.00502	0.01638	0.04606	0.00681
8	0.07587	0.00830	0.00961	0.01007	0.01165	0.00812	0.00717	0.04092	0.01546	0.05088	0.03913	0.40074	0.12733	0.09056	0.01147	0.00320	0.00495	0.03896	0.03891	0.00671
9	0.01287	0.01039	0.09324	0.01093	0.01241	0.00774	0.00894	0.01141	0.01086	0.01464	0.01694	0.02486	0.05580	0.02307	0.02506	0.63929	0.00682	0.00692	0.00345	0.00436
10	0.01638	0.01105	0.01283	0.01165	0.01469	0.01109	0.00906	0.13694	0.07776	0.09702	0.14065	0.16964	0.16323	0.01522	0.00837	0.00253	0.00525	0.05111	0.03686	0.00868
11	0.06942	0.00843	0.00956	0.00884	0.01128	0.00795	0.00671	0.01678	0.01797	0.09724	0.27527	0.04613	0.17082	0.04857	0.00898	0.00247	0.00418	0.01106	0.17094	0.00738
12	0.01018	0.00765	0.01014	0.01205	0.05341	0.00731	0.00775	0.01182	0.01456	0.01931	0.07002	0.39570	0.12355	0.13652	0.04517	0.00396	0.00579	0.05257	0.00623	0.00629
13	0.01725	0.01159	0.01561	0.05773	0.05850	0.01193	0.03489	0.04440	0.08950	0.13608	0.06444	0.06854	0.11259	0.04361	0.01003	0.00270	0.04264	0.07680	0.09226	0.00891
14	0.09440	0.01107	0.01281	0.01266	0.04464	0.01112	0.00922	0.05926	0.10306	0.11590	0.06092	0.15749	0.19015	0.01502	0.00886	0.03355	0.00539	0.03912	0.00684	0.00853
15	0.10974	0.05783	0.05794	0.01376	0.01762	0.01424	0.04385	0.05115	0.18243	0.06923	0.05368	0.24373	0.02811	0.01328	0.00769	0.00254	0.00618	0.01146	0.00639	0.00916

[dist]
# distance from previous block
# <min> <max>
42	67

[block]
# block no. 6 follows, 27 sequences, length 6
# corresponding to MSA columns:
# 542-547
name=unknown_G
#
# <colnr> <probs for GDERKNQSTAVLIFYWHMCP>
#	G	D	E	R	K	N	Q	S	T	A	V	L	I	F	Y	W	H	M	C	P
0	0.06002	0.05504	0.12932	0.11967	0.16864	0.01898	0.01857	0.05949	0.04754	0.02379	0.01339	0.01724	0.01090	0.00847	0.01077	0.00243	0.17009	0.00610	0.00392	0.05566
1	0.01950	0.01903	0.06203	0.07411	0.22916	0.07963	0.01670	0.15973	0.09569	0.02869	0.06022	0.08385	0.01957	0.00965	0.00759	0.00233	0.00824	0.00829	0.00542	0.01057
2	0.01440	0.01266	0.01428	0.04462	0.05786	0.05546	0.00998	0.07419	0.01724	0.02274	0.03387	0.18470	0.17283	0.05383	0.01015	0.00254	0.03766	0.01143	0.00559	0.16396
3	0.01778	0.01354	0.01613	0.01616	0.08899	0.03567	0.01128	0.11755	0.11500	0.07873	0.09929	0.06512	0.09211	0.01542	0.07224	0.00318	0.03048	0.00929	0.06042	0.04161
4	0.01912	0.06117	0.09564	0.27108	0.11357	0.04983	0.01837	0.11378	0.05723	0.07209	0.01695	0.02179	0.01318	0.00829	0.00732	0.00235	0.00907	0.03433	0.00473	0.01011
5	0.08944	0.15846	0.11401	0.04320	0.07485	0.15334	0.04613	0.02230	0.01677	0.02226	0.04521	0.02001	0.05605	0.00788	0.00644	0.00198	0.00882	0.00608	0.00410	0.10268

[dist]
# distance from previous block
# <min> <max>
35	184

[block]
# block no. 7 follows, 27 sequences, length 10
# corresponding to MSA columns:
# 750-759
name=unknown_H
#
# <colnr> <probs for GDERKNQSTAVLIFYWHMCP>
#	G	D	E	R	K	N	Q	S	T	A	V	L	I	F	Y	W	H	M	C	P
0	0.08903	0.05659	0.06710	0.01622	0.04544	0.11675	0.01336	0.16397	0.02083	0.08989	0.05369	0.01857	0.01471	0.00833	0.00796	0.00206	0.06268	0.00601	0.00538	0.14142
1	0.04042	0.12699	0.07477	0.01624	0.03844	0.05459	0.05896	0.18359	0.05682	0.02849	0.04011	0.05124	0.05858	0.01095	0.03492	0.00247	0.00833	0.00740	0.00532	0.10138
2	0.02131	0.11465	0.06217	0.06924	0.07964	0.09490	0.01523	0.17626	0.10531	0.05317	0.01818	0.02246	0.01478	0.00901	0.00780	0.00225	0.03797	0.04922	0.00537	0.04109
3	0.05522	0.05934	0.09750	0.03757	0.01997	0.05964	0.04511	0.11865	0.07310	0.02530	0.03782	0.02856	0.01857	0.16466	0.05347	0.00383	0.00885	0.03254	0.02262	0.03767
4	0.10489	0.16420	0.12597	0.05575	0.02255	0.01814	0.06072	0.08914	0.05451	0.02550	0.01660	0.05410	0.01404	0.01264	0.07239	0.00305	0.00907	0.00667	0.05295	0.03710
5	0.01364	0.05554	0.01399	0.01173	0.01394	0.00921	0.05202	0.01565	0.01587	0.10557	0.09182	0.37128	0.09547	0.08498	0.01139	0.00309	0.00550	0.01537	0.00662	0.00732
6	0.10759	0.08514	0.02228	0.01652	0.02116	0.20999	0.09071	0.09100	0.01942	0.08798	0.05809	0.02054	0.01577	0.05344	0.00918	0.00242	0.02899	0.00651	0.00505	0.04823
7	0.16542	0.19812	0.07191	0.09812	0.02405	0.09742	0.04057	0.09662	0.04796	0.02547	0.01492	0.06121	0.01284	0.00831	0.00632	0.00216	0.00847	0.00629	0.00447	0.00935
8	0.11380	0.17361	0.02284	0.01463	0.01978	0.09565	0.01229	0.31923	0.02454	0.03351	0.01616	0.05114	0.01324	0.00869	0.00643	0.00208	0.00795	0.00631	0.04776	0.01037
9	0.00965	0.00722	0.00830	0.00879	0.01041	0.00648	0.00635	0.01163	0.01623	0.02118	0.12864	0.25233	0.32813	0.05708	0.01033	0.00287	0.00419	0.04474	0.05923	0.00626

[dist]
# distance from previous block
# <min> <max>
0	1

[block]
# block no. 8 follows, 27 sequences, length 7
# corresponding to MSA columns:
# 761-767
name=unknown_I
#
# <colnr> <probs for GDERKNQSTAVLIFYWHMCP>
#	G	D	E	R	K	N	Q	S	T	A	V	L	I	F	Y	W	H	M	C	P
0	0.02219	0.09395	0.02339	0.10494	0.02581	0.18731	0.06292	0.16083	0.11986	0.05057	0.01846	0.06405	0.01515	0.00906	0.00723	0.00223	0.00930	0.00730	0.00538	0.01004
1	0.01405	0.01143	0.01423	0.01363	0.01560	0.08213	0.07417	0.01604	0.01590	0.08018	0.03416	0.52281	0.03837	0.01864	0.00893	0.00278	0.00627	0.01692	0.00646	0.00729
2	0.08069	0.01949	0.02252	0.05986	0.06682	0.09350	0.07932	0.30739	0.02443	0.03340	0.01698	0.05936	0.01385	0.00916	0.00817	0.00232	0.04598	0.00732	0.03904	0.01041
3	0.07280	0.00942	0.01096	0.01048	0.01290	0.00916	0.00775	0.04690	0.05152	0.11541	0.12665	0.26609	0.15169	0.06138	0.01018	0.00288	0.00492	0.01404	0.00711	0.00775
4	0.12676	0.01475	0.01394	0.01272	0.01543	0.09751	0.00948	0.14231	0.07851	0.02580	0.02111	0.15514	0.02073	0.08211	0.01395	0.14009	0.00714	0.00927	0.00549	0.00777
5	0.12078	0.10918	0.06117	0.13914	0.02599	0.14721	0.01443	0.17172	0.02031	0.02735	0.01360	0.01672	0.01084	0.03393	0.00756	0.00226	0.00906	0.00558	0.00461	0.05859
6	0.02066	0.06071	0.05895	0.06406	0.06542	0.09469	0.01372	0.21569	0.02229	0.07010	0.04401	0.16110	0.02118	0.01120	0.00753	0.00229	0.00791	0.00928	0.00590	0.04330

[dist]
# distance from previous block
# <min> <max>
3	72

[block]
# block no. 9 follows, 27 sequences, length 13
# corresponding to MSA columns:
# 849-861
name=unknown_J
#
# <colnr> <probs for GDERKNQSTAVLIFYWHMCP>
#	G	D	E	R	K	N	Q	S	T	A	V	L	I	F	Y	W	H	M	C	P
0	0.05342	0.01761	0.02377	0.24025	0.07928	0.07766	0.09733	0.14046	0.05065	0.05746	0.03306	0.03884	0.01411	0.00851	0.00811	0.00239	0.03510	0.00729	0.00492	0.00980
1	0.01920	0.01534	0.02099	0.26292	0.12864	0.03441	0.01617	0.11194	0.08022	0.09278	0.05768	0.02214	0.01626	0.00822	0.00731	0.00223	0.00807	0.00702	0.00530	0.08316
2	0.01856	0.01935	0.06417	0.26530	0.20578	0.09412	0.01906	0.07973	0.11347	0.02463	0.01606	0.01944	0.01238	0.00772	0.00732	0.00232	0.00934	0.00660	0.00441	0.01024
3	0.01833	0.01698	0.01841	0.04744	0.09137	0.12548	0.03643	0.10473	0.01948	0.02612	0.10392	0.02451	0.02043	0.06337	0.00920	0.00227	0.00769	0.00706	0.04733	0.20945
4	0.01094	0.00833	0.00984	0.01021	0.01182	0.00812	0.00737	0.03241	0.07808	0.02217	0.12290	0.30623	0.19073	0.09010	0.01184	0.00319	0.00479	0.05721	0.00688	0.00682
5	0.00956	0.00746	0.00977	0.07973	0.01459	0.00718	0.00794	0.01149	0.01536	0.01988	0.08581	0.45820	0.20558	0.02010	0.00906	0.00279	0.00467	0.01786	0.00661	0.00637
6	0.02522	0.01710	0.02050	0.04379	0.02247	0.01827	0.04567	0.38944	0.05778	0.14332	0.02165	0.02527	0.01648	0.03991	0.00885	0.00253	0.00775	0.04542	0.03718	0.01137
7	0.01539	0.01319	0.01539	0.01100	0.01759	0.00990	0.00880	0.01869	0.01539	0.02419	0.01319	0.01539	0.01100	0.00550	0.00550	0.00110	0.00550	0.00440	0.00440	0.78449
8	0.01940	0.01725	0.08453	0.01365	0.02027	0.01384	0.01203	0.13959	0.07887	0.08402	0.01688	0.01777	0.01278	0.00698	0.00634	0.00165	0.00662	0.00553	0.00549	0.43650
9	0.01630	0.01582	0.02748	0.29856	0.29421	0.01659	0.10580	0.02105	0.01605	0.02216	0.01373	0.01884	0.01091	0.00677	0.00738	0.00224	0.00939	0.00667	0.00361	0.08644
10	0.00961	0.00670	0.00845	0.00961	0.00990	0.00641	0.00612	0.01049	0.01311	0.01748	0.03525	0.51243	0.04195	0.25485	0.01863	0.00437	0.00524	0.01777	0.00612	0.00553
11	0.09592	0.01770	0.02418	0.08877	0.19025	0.05301	0.09126	0.13609	0.08489	0.02819	0.01717	0.06156	0.01440	0.00888	0.00845	0.00241	0.05406	0.00756	0.00495	0.01029
12	0.14476	0.01736	0.01683	0.01446	0.01866	0.09908	0.01152	0.18161	0.11614	0.10242	0.02147	0.08575	0.01813	0.01185	0.02888	0.00266	0.03362	0.03411	0.00633	0.03435

[dist]
# distance from previous block
# <min> <max>
0	15

[block]
# block no. 10 follows, 27 sequences, length 11
# corresponding to MSA columns:
# 877-887
name=unknown_K
#
# <colnr> <probs for GDERKNQSTAVLIFYWHMCP>
#	G	D	E	R	K	N	Q	S	T	A	V	L	I	F	Y	W	H	M	C	P
0	0.01442	0.00833	0.01144	0.01083	0.01170	0.00876	0.00771	0.08794	0.01294	0.01744	0.01435	0.02283	0.01357	0.02754	0.11178	0.59483	0.00834	0.00666	0.00381	0.00476
1	0.01477	0.00922	0.01242	0.09445	0.01737	0.00899	0.00934	0.01839	0.04527	0.14291	0.26093	0.19821	0.10782	0.01516	0.00848	0.00252	0.00506	0.01330	0.00734	0.00805
2	0.02800	0.01660	0.02042	0.10201	0.10810	0.08512	0.01427	0.10499	0.02151	0.38841	0.02232	0.02168	0.01498	0.00847	0.00736	0.00226	0.00799	0.00689	0.00705	0.01159
3	0.39857	0.12405	0.01796	0.01205	0.01724	0.01844	0.01022	0.10203	0.06508	0.14778	0.01594	0.01614	0.01165	0.00768	0.00567	0.00220	0.00647	0.00524	0.00573	0.00987
4	0.56261	0.01484	0.01311	0.01131	0.01607	0.01675	0.00923	0.07173	0.09868	0.10185	0.01530	0.01578	0.01126	0.00767	0.00546	0.00232	0.00599	0.00511	0.00564	0.00930
5	0.01454	0.01077	0.01302	0.01196	0.01426	0.01161	0.00909	0.17305	0.01830	0.02466	0.02903	0.12237	0.10141	0.12794	0.27600	0.00668	0.01144	0.01059	0.00560	0.00770
6	0.01560	0.00921	0.01105	0.01063	0.01152	0.05722	0.00734	0.01394	0.01208	0.08377	0.01732	0.07546	0.01695	0.07986	0.02452	0.52973	0.00684	0.00784	0.00424	0.00487
7	0.06406	0.02072	0.02835	0.04948	0.15165	0.12397	0.20417	0.09209	0.11605	0.02660	0.01629	0.01902	0.01263	0.00767	0.00813	0.00234	0.03460	0.00707	0.00470	0.01041
8	0.11970	0.02525	0.13794	0.01875	0.02478	0.21028	0.11411	0.08758	0.01973	0.11451	0.03170	0.03340	0.01335	0.00808	0.00709	0.00224	0.01002	0.00651	0.00501	0.00997
9	0.20737	0.07488	0.06577	0.03979	0.01966	0.01655	0.04062	0.04698	0.09349	0.02590	0.01870	0.12085	0.01744	0.01042	0.00845	0.00239	0.08013	0.02097	0.00497	0.08466
10	0.13728	0.01942	0.04179	0.01612	0.02087	0.16737	0.09577	0.03645	0.04435	0.02458	0.04756	0.02633	0.05291	0.00930	0.00760	0.00217	0.03314	0.06188	0.00484	0.15028

[dist]
# distance from previous block
# <min> <max>
2	29

[block]
# block no. 11 follows, 27 sequences, length 18
# corresponding to MSA columns:
# 919-925,930-940
name=unknown_L
#
# <colnr> <probs for GDERKNQSTAVLIFYWHMCP>
#	G	D	E	R	K	N	Q	S	T	A	V	L	I	F	Y	W	H	M	C	P
0	0.01799	0.01702	0.08458	0.04204	0.13561	0.01457	0.01428	0.08311	0.13190	0.06412	0.04000	0.03983	0.03619	0.00832	0.00696	0.00199	0.00695	0.00703	0.00545	0.24207
1	0.05096	0.04588	0.01875	0.01599	0.01988	0.27854	0.01259	0.11286	0.11779	0.02513	0.01875	0.02549	0.01640	0.03550	0.03314	0.00272	0.03161	0.07444	0.00524	0.05834
2	0.05733	0.00919	0.01068	0.01117	0.01314	0.00924	0.00824	0.01692	0.12829	0.02256	0.03946	0.40142	0.10855	0.01843	0.00867	0.00278	0.00490	0.07701	0.00674	0.04529
3	0.15851	0.01970	0.02034	0.01583	0.02154	0.02193	0.01307	0.55774	0.03110	0.04449	0.01655	0.01684	0.01184	0.00857	0.00694	0.00224	0.00775	0.00623	0.00694	0.01184
4	0.01636	0.01698	0.02206	0.60141	0.04632	0.13475	0.01955	0.02079	0.01590	0.01883	0.01290	0.01870	0.00984	0.00746	0.00730	0.00238	0.01049	0.00629	0.00339	0.00831
