[name]
unknown

[dist]
# distance from previous block
# <min> <max>
8	206

[block]
# block no. 0 follows, 34 sequences, length 47
# corresponding to MSA columns:
# 287-315,317-334
name=unknown_A
#
# <colnr> <probs for GDERKNQSTAVLIFYWHMCP>
#	G	D	E	R	K	N	Q	S	T	A	V	L	I	F	Y	W	H	M	C	P
0	0.04772	0.04209	0.05680	0.02139	0.26128	0.05352	0.03512	0.02056	0.09268	0.07569	0.08762	0.02355	0.05083	0.05825	0.00810	0.00221	0.00663	0.00683	0.00453	0.04460
1	0.10023	0.06572	0.15093	0.01544	0.07252	0.04314	0.05356	0.08905	0.06989	0.04969	0.09508	0.02467	0.06236	0.00845	0.00632	0.00200	0.00674	0.04336	0.00470	0.03615
2	0.01544	0.13498	0.19276	0.01543	0.07367	0.05741	0.01385	0.07929	0.06492	0.05028	0.04313	0.04565	0.07436	0.04286	0.00806	0.00220	0.03722	0.03573	0.00432	0.00844
3	0.01624	0.09369	0.08686	0.02344	0.28260	0.05940	0.04988	0.05063	0.04568	0.05938	0.03673	0.04433	0.05330	0.00820	0.00751	0.03052	0.03215	0.00656	0.00401	0.00889
4	0.04678	0.03909	0.21769	0.05476	0.15057	0.01441	0.11418	0.08152	0.03174	0.03787	0.04231	0.04457	0.05733	0.00880	0.02833	0.00229	0.00812	0.00680	0.00397	0.00886
5	0.06492	0.10226	0.12715	0.01309	0.01769	0.07665	0.04158	0.11347	0.06423	0.08975	0.14633	0.03949	0.02111	0.02743	0.00688	0.00204	0.00666	0.00681	0.02399	0.00846
6	0.09443	0.06858	0.07021	0.05300	0.36095	0.01450	0.07110	0.01857	0.01385	0.04045	0.01475	0.09837	0.01347	0.00880	0.02971	0.00227	0.00758	0.00690	0.00366	0.00883
7	0.03405	0.00763	0.01069	0.01142	0.07042	0.00769	0.00731	0.03516	0.03321	0.04726	0.04541	0.02266	0.03531	0.05081	0.02011	0.54053	0.00565	0.00633	0.00367	0.00468
8	0.05848	0.02109	0.34593	0.04282	0.06390	0.01273	0.01656	0.01837	0.03695	0.02116	0.06682	0.02401	0.03215	0.00822	0.00685	0.00204	0.03327	0.07907	0.00383	0.10576
9	0.01425	0.01308	0.01406	0.01044	0.01574	0.06555	0.00831	0.01697	0.01362	0.02041	0.01124	0.01330	0.00943	0.00522	0.00560	0.00109	0.03905	0.00394	0.00375	0.71496
10	0.01789	0.08405	0.11675	0.01719	0.12676	0.09053	0.03218	0.05577	0.01597	0.13636	0.04031	0.05606	0.01392	0.00718	0.00599	0.00174	0.00706	0.00593	0.00446	0.16389
11	0.02181	0.07380	0.01960	0.01735	0.05651	0.58236	0.03556	0.02376	0.01732	0.01636	0.01209	0.04781	0.01097	0.00748	0.00602	0.00176	0.01058	0.02779	0.00349	0.00757
12	0.01122	0.00561	0.00842	0.00842	0.00842	0.00561	0.00561	0.00842	0.00842	0.01122	0.01122	0.01964	0.01122	0.02245	0.02525	0.81201	0.00561	0.00561	0.00281	0.00281
13	0.01214	0.01936	0.29731	0.18873	0.08550	0.01279	0.04481	0.01726	0.03189	0.01861	0.01784	0.10214	0.04709	0.06651	0.00864	0.00246	0.00794	0.00751	0.00352	0.00795
14	0.01424	0.01863	0.17219	0.04191	0.12127	0.04681	0.20446	0.02036	0.08829	0.02101	0.07029	0.06550	0.01640	0.00775	0.00732	0.00209	0.03320	0.00732	0.00395	0.03702
15	0.01039	0.00867	0.01078	0.01008	0.01199	0.00898	0.03073	0.01474	0.11505	0.02000	0.16118	0.07116	0.26501	0.07860	0.01098	0.00266	0.07078	0.08605	0.00572	0.00641
16	0.00809	0.00587	0.00780	0.00905	0.00967	0.00558	0.00627	0.00946	0.01260	0.01678	0.05210	0.62623	0.08162	0.02185	0.06325	0.00318	0.00480	0.04461	0.00583	0.00535
17	0.01535	0.16375	0.35077	0.01723	0.06128	0.09369	0.03923	0.04407	0.03427	0.01985	0.03263	0.01754	0.02948	0.00712	0.00634	0.00193	0.02560	0.02768	0.00338	0.00881
18	0.02349	0.02979	0.01788	0.01634	0.01955	0.71738	0.01223	0.02513	0.01807	0.01584	0.01101	0.04187	0.00970	0.00720	0.00592	0.00170	0.01134	0.00473	0.00344	0.00740
19	0.00772	0.00639	0.00677	0.00701	0.00886	0.00544	0.00513	0.00931	0.01442	0.01753	0.07880	0.18268	0.59381	0.01694	0.00774	0.00225	0.00335	0.01439	0.00603	0.00544
20	0.01361	0.01349	0.02219	0.54214	0.15255	0.04626	0.08286	0.01783	0.01366	0.01761	0.01168	0.01681	0.00897	0.00626	0.00653	0.00210	0.00881	0.00585	0.00298	0.00782
21	0.01387	0.05792	0.44167	0.04289	0.04278	0.05186	0.04122	0.03806	0.01449	0.04366	0.01790	0.08966	0.05983	0.00825	0.00643	0.00206	0.00833	0.00682	0.00360	0.00870
22	0.01041	0.00744	0.01041	0.01190	0.01339	0.00744	0.01041	0.01339	0.01487	0.01934	0.03421	0.07288	0.03719	0.01785	0.00892	0.00297	0.00595	0.68913	0.00595	0.00595
23	0.01220	0.01148	0.01938	0.75739	0.04450	0.01436	0.01794	0.01651	0.01292	0.01651	0.01148	0.01723	0.00861	0.00646	0.00646	0.00215	0.00861	0.00574	0.00287	0.00718
24	0.01717	0.01553	0.02285	0.04624	0.42856	0.07007	0.06214	0.07188	0.03563	0.05926	0.01523	0.04484	0.01285	0.00711	0.00651	0.00197	0.00760	0.02640	0.03868	0.00947
25	0.04679	0.09723	0.09274	0.01590	0.04827	0.24681	0.02904	0.09072	0.01660	0.07275	0.01395	0.04858	0.01198	0.00975	0.03867	0.00232	0.07755	0.02804	0.00405	0.00826
26	0.01627	0.04742	0.04812	0.11505	0.20991	0.11795	0.05435	0.03745	0.01489	0.05907	0.03400	0.02184	0.01386	0.05194	0.02943	0.00253	0.06313	0.05076	0.00381	0.00823
27	0.01673	0.30865	0.04196	0.01226	0.03212	0.03186	0.01055	0.04542	0.17927	0.05786	0.01582	0.04628	0.01314	0.00700	0.00533	0.00163	0.00608	0.00537	0.00440	0.15827
28	0.02899	0.01100	0.01499	0.01150	0.01649	0.00950	0.00950	0.03149	0.01849	0.73709	0.02549	0.02199	0.01599	0.00800	0.00650	0.00200	0.00550	0.00650	0.00800	0.01100
29	0.01340	0.01148	0.01340	0.00957	0.01531	0.00861	0.00766	0.01627	0.01340	0.02105	0.01148	0.01340	0.00957	0.00479	0.00479	0.00096	0.00479	0.00383	0.00383	0.81242
30	0.00914	0.00660	0.00864	0.00813	0.00965	0.00610	0.00610	0.01219	0.01829	0.02591	0.72921	0.04827	0.06097	0.01321	0.00762	0.00203	0.00305	0.01169	0.00711	0.00610
31	0.01727	0.77681	0.03386	0.01106	0.01658	0.02557	0.01106	0.01935	0.01313	0.01520	0.00898	0.01036	0.00829	0.00553	0.00415	0.00138	0.00691	0.00345	0.00276	0.00829
32	0.01786	0.03667	0.12330	0.01602	0.05064	0.06241	0.04102	0.18775	0.31303	0.02775	0.04324	0.01968	0.01563	0.00783	0.00645	0.00204	0.00695	0.00640	0.00544	0.00989
33	0.01030	0.00736	0.01029	0.01177	0.01321	0.00734	0.01022	0.01320	0.01477	0.01921	0.03427	0.10287	0.03742	0.01795	0.00890	0.00296	0.00585	0.66022	0.00595	0.00592
34	0.81856	0.01250	0.00950	0.00850	0.01250	0.01449	0.00700	0.01899	0.01100	0.02899	0.00900	0.01050	0.00700	0.00600	0.00400	0.00200	0.00500	0.00350	0.00400	0.00700
35	0.01204	0.00602	0.00602	0.00602	0.00753	0.00602	0.00452	0.01506	0.01355	0.02409	0.02108	0.02409	0.01656	0.00753	0.00452	0.00151	0.00301	0.00602	0.80879	0.00602
36	0.01531	0.28909	0.05662	0.01594	0.04029	0.02141	0.03560	0.01742	0.01154	0.01597	0.00906	0.01292	0.00850	0.00865	0.01353	0.00223	0.41043	0.00489	0.00283	0.00777
37	0.01485	0.01534	0.05245	0.06473	0.43453	0.01454	0.17362	0.01910	0.01485	0.02079	0.03759	0.02218	0.01394	0.00700	0.00692	0.00209	0.00821	0.06449	0.00354	0.00923
38	0.01295	0.00733	0.00755	0.00712	0.00884	0.00757	0.00530	0.07391	0.03801	0.02433	0.02070	0.02535	0.01695	0.09121	0.00785	0.00208	0.00378	0.00642	0.62639	0.00635
39	0.02055	0.01164	0.01496	0.03919	0.04055	0.01157	0.01048	0.12509	0.06644	0.30446	0.02412	0.05288	0.03808	0.01080	0.02578	0.00234	0.03074	0.10194	0.00637	0.06201
40	0.01673	0.66554	0.11006	0.01251	0.01852	0.02405	0.04109	0.01952	0.01327	0.01599	0.00943	0.01101	0.00834	0.00559	0.00450	0.00149	0.00736	0.00377	0.00278	0.00844
41	0.04031	0.13769	0.20553	0.01639	0.07454	0.06653	0.06727	0.04185	0.03519	0.02020	0.01418	0.09203	0.01270	0.00736	0.00589	0.00179	0.00749	0.00614	0.00365	0.14325
42	0.04694	0.09385	0.10561	0.02160	0.20584	0.21190	0.03790	0.05624	0.03675	0.02046	0.03683	0.01505	0.01119	0.00662	0.00645	0.00183	0.03441	0.00515	0.00358	0.04178
43	0.10060	0.01068	0.01348	0.01096	0.01523	0.00996	0.00895	0.02774	0.06516	0.51756	0.04996	0.04862	0.01882	0.00886	0.00640	0.00206	0.00522	0.03623	0.03370	0.00982
44	0.01818	0.20741	0.07020	0.01258	0.01769	0.06883	0.01123	0.17181	0.09546	0.05384	0.06278	0.01690	0.01426	0.00699	0.00562	0.00165	0.00659	0.00528	0.00472	0.14799
45	0.01541	0.03609	0.11978	0.01226	0.03967	0.01094	0.01083	0.05000	0.04397	0.09659	0.03273	0.01777	0.04273	0.00636	0.00553	0.00144	0.00571	0.00513	0.00445	0.44259
46	0.01554	0.07550	0.19263	0.02557	0.33252	0.01492	0.03374	0.05031	0.01524	0.04522	0.05045	0.01669	0.01245	0.00629	0.00611	0.00183	0.00751	0.00555	0.00363	0.08831

[dist]
# distance from previous block
# <min> <max>
0	9

[block]
# block no. 1 follows, 34 sequences, length 31
# corresponding to MSA columns:
# 344-374
name=unknown_B
#
# <colnr> <probs for GDERKNQSTAVLIFYWHMCP>
#	G	D	E	R	K	N	Q	S	T	A	V	L	I	F	Y	W	H	M	C	P
0	0.01205	0.04772	0.05278	0.01053	0.01345	0.01097	0.00870	0.02049	0.26359	0.02471	0.34874	0.05575	0.08198	0.01127	0.00702	0.00208	0.00435	0.00966	0.00637	0.00778
1	0.03439	0.01303	0.02195	0.10123	0.11303	0.01337	0.21253	0.08060	0.05313	0.03756	0.03780	0.04888	0.04573	0.06137	0.07542	0.00315	0.00869	0.02584	0.00425	0.00806
2	0.01303	0.01282	0.01931	0.70625	0.04281	0.06493	0.01757	0.01715	0.01329	0.01646	0.01138	0.01684	0.00859	0.00647	0.00642	0.00212	0.00882	0.00563	0.00290	0.00720
3	0.00928	0.00671	0.00931	0.00931	0.01010	0.00749	0.00674	0.01085	0.01007	0.01421	0.01829	0.03081	0.01851	0.28094	0.51805	0.00906	0.01376	0.00772	0.00361	0.00517
4	0.01487	0.01629	0.03180	0.02369	0.02797	0.01753	0.46929	0.01892	0.01340	0.01892	0.01149	0.01629	0.00935	0.00747	0.01231	0.00240	0.26980	0.00695	0.00312	0.00815
5	0.01851	0.01386	0.01569	0.01520	0.09909	0.05501	0.01074	0.20730	0.13332	0.10727	0.09931	0.02494	0.06822	0.00891	0.00684	0.00198	0.02396	0.00723	0.07347	0.00915
6	0.00787	0.00562	0.00750	0.00900	0.00937	0.00525	0.00600	0.00900	0.01237	0.01649	0.03561	0.76871	0.04274	0.02024	0.00825	0.00262	0.00375	0.01837	0.00600	0.00525
7	0.00847	0.00637	0.00784	0.00791	0.00935	0.00574	0.00576	0.01072	0.01604	0.02160	0.40102	0.21203	0.23234	0.01560	0.00776	0.00220	0.00326	0.01368	0.00657	0.00574
8	0.02687	0.01439	0.01710	0.01311	0.01819	0.01454	0.01083	0.35658	0.02418	0.40397	0.02072	0.01889	0.01360	0.00788	0.00648	0.00197	0.00627	0.00617	0.00726	0.01099
9	0.00787	0.00562	0.00750	0.00900	0.00937	0.00525	0.00600	0.00900	0.01237	0.01649	0.03561	0.76871	0.04274	0.02024	0.00825	0.00262	0.00375	0.01837	0.00600	0.00525
10	0.01027	0.00739	0.01021	0.01162	0.01314	0.00733	0.01012	0.01317	0.01487	0.01924	0.03585	0.07232	0.07363	0.01777	0.00886	0.00293	0.00581	0.65360	0.00595	0.00592
11	0.00787	0.00562	0.00750	0.00900	0.00937	0.00525	0.00600	0.00900	0.01237	0.01649	0.03561	0.76871	0.04274	0.02024	0.00825	0.00262	0.00375	0.01837	0.00600	0.00525
12	0.02456	0.01810	0.01939	0.01487	0.02004	0.02004	0.01228	0.71107	0.03038	0.04072	0.01551	0.01551	0.01099	0.00776	0.00646	0.00194	0.00711	0.00582	0.00646	0.01099
13	0.02507	0.01728	0.01889	0.01448	0.01963	0.01883	0.01196	0.63294	0.02901	0.12078	0.01666	0.01626	0.01156	0.00778	0.00647	0.00195	0.00692	0.00590	0.00664	0.01099
14	0.01525	0.01743	0.03813	0.02723	0.03377	0.01634	0.70915	0.02070	0.01525	0.02070	0.01307	0.01743	0.00980	0.00545	0.00763	0.00218	0.01089	0.00763	0.00327	0.00871
15	0.01607	0.01388	0.01461	0.01315	0.01680	0.01607	0.01023	0.03433	0.72094	0.02703	0.02630	0.02411	0.01972	0.00877	0.00657	0.00219	0.00511	0.00731	0.00657	0.01023
16	0.01556	0.01491	0.02544	0.12218	0.65351	0.01524	0.01961	0.01945	0.01451	0.02058	0.01208	0.01613	0.01005	0.00584	0.00640	0.00195	0.00778	0.00576	0.00316	0.00988
17	0.01727	0.77681	0.03386	0.01106	0.01658	0.02557	0.01106	0.01935	0.01313	0.01520	0.00898	0.01036	0.00829	0.00553	0.00415	0.00138	0.00691	0.00345	0.00276	0.00829
18	0.01571	0.04492	0.24701	0.02263	0.06585	0.01520	0.35589	0.02124	0.01507	0.08615	0.03739	0.01743	0.01156	0.00617	0.00690	0.00208	0.00944	0.00656	0.00365	0.00916
19	0.01170	0.00801	0.00989	0.00903	0.01119	0.00776	0.00690	0.01679	0.11835	0.08501	0.52912	0.04348	0.09259	0.01233	0.00738	0.00206	0.00356	0.01075	0.00704	0.00706
20	0.01691	0.01593	0.01488	0.01343	0.01695	0.11703	0.01037	0.03225	0.59479	0.02543	0.05276	0.02337	0.01983	0.00866	0.00651	0.00211	0.00594	0.00705	0.00615	0.00968
21	0.01089	0.00902	0.01216	0.01124	0.01157	0.01119	0.00844	0.01202	0.00984	0.01422	0.01561	0.02825	0.01649	0.31645	0.23451	0.00633	0.25539	0.00747	0.00343	0.00548
22	0.02277	0.01792	0.18111	0.01505	0.02092	0.01365	0.06180	0.14505	0.01872	0.36227	0.01876	0.01820	0.01249	0.00756	0.00737	0.00206	0.05210	0.00602	0.00591	0.01028
23	0.02660	0.01055	0.01397	0.01094	0.01550	0.00935	0.00896	0.02975	0.04420	0.63047	0.02503	0.02231	0.01620	0.00797	0.00628	0.00195	0.00520	0.00647	0.09788	0.01041
24	0.01060	0.00727	0.00991	0.01122	0.01271	0.00727	0.00973	0.01358	0.01472	0.01988	0.03270	0.06727	0.03481	0.01666	0.00842	0.00281	0.00561	0.61059	0.09825	0.00596
25	0.04097	0.01704	0.09608	0.02323	0.08625	0.03685	0.40919	0.01927	0.03322	0.02039	0.01661	0.12043	0.01503	0.00803	0.00730	0.00221	0.00907	0.02675	0.00377	0.00832
26	0.01271	0.01201	0.02030	0.66073	0.13718	0.01449	0.01820	0.01696	0.01316	0.01713	0.01157	0.01706	0.00883	0.00637	0.00645	0.00212	0.00849	0.00574	0.00292	0.00759
27	0.00787	0.00562	0.00750	0.00900	0.00937	0.00525	0.00600	0.00900	0.01237	0.01649	0.03561	0.76871	0.04274	0.02024	0.00825	0.00262	0.00375	0.01837	0.00600	0.00525
28	0.01422	0.01398	0.02074	0.26957	0.33604	0.06450	0.01662	0.01773	0.01429	0.01880	0.03922	0.02141	0.07930	0.00752	0.00714	0.00204	0.03848	0.00657	0.00347	0.00833
29	0.01775	0.04285	0.17535	0.02045	0.16901	0.04953	0.05468	0.11100	0.13989	0.09509	0.01840	0.01913	0.04297	0.00731	0.00642	0.00200	0.00750	0.00620	0.00469	0.00978
30	0.01243	0.01150	0.01713	0.08919	0.03734	0.01456	0.05021	0.01497	0.03219	0.01595	0.01308	0.02082	0.01246	0.10645	0.18789	0.00483	0.34251	0.00655	0.00325	0.00669

[dist]
# distance from previous block
# <min> <max>
0	2

[block]
# block no. 2 follows, 34 sequences, length 26
# corresponding to MSA columns:
# 377-402
name=unknown_C
#
# <colnr> <probs for GDERKNQSTAVLIFYWHMCP>
#	G	D	E	R	K	N	Q	S	T	A	V	L	I	F	Y	W	H	M	C	P
0	0.66262	0.01371	0.01086	0.00964	0.01362	0.04798	0.00782	0.04995	0.08893	0.02867	0.01119	0.01223	0.00860	0.00640	0.00446	0.00200	0.00540	0.00404	0.00435	0.00754
1	0.00950	0.00583	0.00693	0.00775	0.00849	0.00562	0.00527	0.01119	0.01251	0.01882	0.02898	0.43413	0.03157	0.08746	0.00927	0.00257	0.00373	0.01311	0.29186	0.00540
2	0.01621	0.01400	0.01485	0.01389	0.04776	0.03224	0.01036	0.09472	0.53816	0.02684	0.02820	0.02646	0.08919	0.00925	0.00665	0.00214	0.00538	0.00766	0.00628	0.00976
3	0.01148	0.00910	0.01079	0.00873	0.01249	0.00730	0.00677	0.01411	0.01502	0.03985	0.21629	0.06655	0.13804	0.00970	0.00621	0.00155	0.00405	0.00825	0.00527	0.40847
4	0.05225	0.21136	0.34541	0.01533	0.02228	0.01749	0.04575	0.07954	0.01502	0.05892	0.01258	0.03548	0.00993	0.00671	0.00609	0.00189	0.02816	0.00509	0.00354	0.02719
5	0.01972	0.01966	0.01837	0.01786	0.10709	0.26332	0.03670	0.14257	0.09989	0.05287	0.03829	0.03535	0.06385	0.00838	0.00721	0.00196	0.04698	0.00648	0.00475	0.00869
6	0.00789	0.00648	0.00697	0.00714	0.00904	0.00556	0.00532	0.00965	0.01480	0.01818	0.12082	0.13636	0.57253	0.01654	0.00775	0.00224	0.00340	0.03771	0.00610	0.00551
7	0.01399	0.00924	0.01269	0.01284	0.06645	0.00905	0.03315	0.06338	0.03566	0.13178	0.11373	0.25489	0.09034	0.01357	0.00780	0.00229	0.02511	0.06345	0.03319	0.00740
8	0.06445	0.12560	0.17708	0.01584	0.04483	0.12245	0.07797	0.03791	0.01607	0.19739	0.04876	0.01690	0.01288	0.00688	0.00601	0.00189	0.00794	0.00550	0.00455	0.00910
9	0.01477	0.01107	0.01250	0.01172	0.01480	0.01193	0.00940	0.02563	0.39065	0.09156	0.03389	0.04048	0.13049	0.01186	0.00725	0.00235	0.00506	0.15951	0.00648	0.00863
10	0.01663	0.26680	0.05718	0.01490	0.10092	0.01723	0.01174	0.11452	0.04938	0.02209	0.01200	0.01351	0.00984	0.00581	0.00514	0.00146	0.00639	0.00441	0.00384	0.26620
11	0.01656	0.35550	0.09392	0.01361	0.01864	0.06285	0.07811	0.06605	0.04738	0.04477	0.07380	0.07146	0.01633	0.00775	0.00571	0.00178	0.00716	0.00624	0.00405	0.00836
12	0.05287	0.15736	0.18411	0.01669	0.07326	0.14334	0.04740	0.08300	0.04939	0.05363	0.06768	0.01662	0.01360	0.00695	0.00590	0.00185	0.00806	0.00540	0.00404	0.00883
13	0.01242	0.01644	0.20758	0.04241	0.11654	0.01181	0.01386	0.01950	0.14202	0.02348	0.27346	0.02947	0.04524	0.00933	0.00683	0.00206	0.00599	0.00807	0.00513	0.00835
14	0.00786	0.00567	0.00745	0.00888	0.00934	0.00526	0.00595	0.00901	0.01248	0.01654	0.03704	0.73500	0.07553	0.02006	0.00822	0.00260	0.00373	0.01814	0.00600	0.00526
15	0.33883	0.02221	0.34835	0.01374	0.02032	0.01449	0.03255	0.05196	0.01347	0.02469	0.01403	0.01549	0.05155	0.00676	0.00542	0.00203	0.00725	0.00492	0.00363	0.00832
16	0.05245	0.04803	0.21046	0.08636	0.26246	0.13471	0.07494	0.02071	0.01469	0.01982	0.01143	0.01445	0.00901	0.00604	0.00616	0.00194	0.00900	0.00521	0.00310	0.00902
17	0.00802	0.00582	0.00760	0.00888	0.00949	0.00539	0.00609	0.00936	0.01296	0.01717	0.07363	0.64938	0.09672	0.01949	0.00819	0.00257	0.00376	0.04409	0.00605	0.00534
18	0.00771	0.00625	0.00685	0.00732	0.00893	0.00539	0.00525	0.00919	0.01398	0.01715	0.05604	0.28515	0.51311	0.01759	0.00783	0.00232	0.00342	0.01513	0.00600	0.00539
19	0.01202	0.01090	0.01715	0.04987	0.11466	0.01305	0.05411	0.01451	0.01122	0.01634	0.01372	0.02056	0.01269	0.04593	0.34956	0.00617	0.22093	0.00646	0.00322	0.00694
20	0.01338	0.01244	0.04519	0.00996	0.01587	0.00889	0.00837	0.01645	0.01341	0.02103	0.01149	0.01341	0.00951	0.00484	0.00484	0.00100	0.00499	0.00387	0.00378	0.77727
21	0.00914	0.00660	0.00864	0.00813	0.00965	0.00610	0.00610	0.01219	0.01829	0.02591	0.72921	0.04827	0.06097	0.01321	0.00762	0.00203	0.00305	0.01169	0.00711	0.00610
22	0.48876	0.01482	0.01361	0.01114	0.01563	0.01680	0.00919	0.30646	0.01905	0.03386	0.01170	0.01258	0.00866	0.00673	0.00502	0.00197	0.00588	0.00446	0.00502	0.00866
23	0.00940	0.00626	0.00705	0.00705	0.00705	0.00626	0.00392	0.00940	0.00940	0.01253	0.02036	0.04228	0.02349	0.77292	0.03289	0.00626	0.00626	0.00940	0.00392	0.00392
24	0.01146	0.00692	0.01040	0.01065	0.03495	0.00741	0.00756	0.01176	0.01023	0.05737	0.01517	0.02254	0.01395	0.03406	0.38563	0.33357	0.01154	0.00633	0.00346	0.00504
25	0.01612	0.01592	0.02510	0.10668	0.62391	0.05952	0.01921	0.01987	0.01476	0.02035	0.01196	0.01585	0.00996	0.00588	0.00637	0.00193	0.00801	0.00566	0.00318	0.00978

[dist]
# distance from previous block
# <min> <max>
1	4

[block]
# block no. 3 follows, 34 sequences, length 69
# corresponding to MSA columns:
# 407-475
name=unknown_D
#
# <colnr> <probs for GDERKNQSTAVLIFYWHMCP>
#	G	D	E	R	K	N	Q	S	T	A	V	L	I	F	Y	W	H	M	C	P
0	0.01599	0.01535	0.02623	0.03966	0.73262	0.01535	0.01983	0.01983	0.01471	0.02111	0.01215	0.01599	0.01023	0.00576	0.00640	0.00192	0.00768	0.00576	0.00320	0.01023
1	0.01838	0.00951	0.01219	0.01020	0.01345	0.00893	0.00808	0.06167	0.06691	0.30905	0.36093	0.03431	0.03743	0.01052	0.00704	0.00202	0.00440	0.00899	0.00739	0.00860
2	0.01538	0.03515	0.09839	0.05863	0.51578	0.03315	0.07185	0.01956	0.01473	0.02063	0.03160	0.01746	0.02611	0.00623	0.00646	0.00195	0.00801	0.00602	0.00330	0.00962
3	0.01106	0.00966	0.01209	0.01152	0.01252	0.06101	0.00892	0.01294	0.01075	0.01489	0.01571	0.02440	0.01515	0.11492	0.50599	0.00815	0.13424	0.00679	0.00340	0.00590
4	0.00769	0.00633	0.00677	0.00712	0.00888	0.00541	0.00516	0.00921	0.01418	0.01723	0.05849	0.22708	0.56959	0.01727	0.00778	0.00229	0.00338	0.01474	0.00600	0.00541
5	0.01481	0.01437	0.02474	0.06420	0.55924	0.01426	0.07916	0.01856	0.01469	0.02046	0.01833	0.02148	0.09284	0.00698	0.00665	0.00198	0.00749	0.00683	0.00351	0.00943
6	0.01533	0.01608	0.05289	0.11741	0.29173	0.03550	0.26924	0.01973	0.01479	0.03843	0.01398	0.04105	0.01162	0.00659	0.00695	0.00209	0.00891	0.02524	0.00345	0.00897
7	0.01815	0.01390	0.01512	0.01309	0.01697	0.01558	0.01038	0.15202	0.49260	0.08573	0.05066	0.02500	0.02002	0.00901	0.00667	0.00215	0.00545	0.03072	0.00667	0.01012
8	0.02051	0.01526	0.01642	0.01334	0.01762	0.01692	0.01077	0.40979	0.23272	0.05316	0.06031	0.02064	0.01692	0.00836	0.00644	0.00199	0.00599	0.00663	0.05605	0.01018
9	0.01544	0.01846	0.16163	0.04394	0.18874	0.01461	0.27244	0.03679	0.03182	0.06636	0.03279	0.02004	0.05258	0.00677	0.00691	0.00207	0.00867	0.00693	0.00383	0.00917
10	0.00866	0.00704	0.00756	0.00750	0.00957	0.00635	0.00567	0.01171	0.06402	0.01954	0.15531	0.08589	0.51427	0.01536	0.00755	0.00219	0.00347	0.03542	0.02703	0.00590
11	0.00786	0.00565	0.00747	0.00892	0.00935	0.00526	0.00596	0.00901	0.01245	0.01653	0.03661	0.74517	0.06563	0.02011	0.00823	0.00261	0.00373	0.01821	0.00600	0.00526
12	0.01169	0.01059	0.01646	0.08981	0.22423	0.01088	0.04710	0.01494	0.03646	0.01929	0.08709	0.19041	0.14739	0.01184	0.00804	0.00222	0.04895	0.01051	0.00468	0.00742
13	0.01699	0.50064	0.15587	0.05389	0.03906	0.07352	0.01407	0.04824	0.01432	0.01745	0.01000	0.01176	0.00845	0.00586	0.00489	0.00160	0.00783	0.00402	0.00297	0.00856
14	0.01532	0.03865	0.16016	0.02942	0.35675	0.01562	0.17006	0.04003	0.04413	0.02170	0.03673	0.01712	0.01181	0.00618	0.00661	0.00200	0.00843	0.00619	0.00348	0.00961
15	0.00925	0.00686	0.01008	0.01008	0.01113	0.00791	0.00770	0.01134	0.01029	0.01477	0.01759	0.02693	0.01682	0.11462	0.68207	0.01001	0.01630	0.00715	0.00350	0.00560
16	0.15819	0.25818	0.02164	0.04120	0.03826	0.28292	0.01127	0.06361	0.01573	0.01982	0.01026	0.01195	0.00853	0.00625	0.00503	0.00167	0.00829	0.00408	0.02522	0.00790
17	0.51682	0.01552	0.03331	0.01108	0.01558	0.04340	0.00933	0.23703	0.01744	0.03195	0.01116	0.01221	0.00834	0.00658	0.00490	0.00197	0.00604	0.00429	0.00471	0.00834
18	0.01691	0.68909	0.03259	0.05541	0.05948	0.02434	0.01196	0.01921	0.01321	0.01562	0.00931	0.01108	0.00842	0.00559	0.00441	0.00146	0.00705	0.00372	0.00280	0.00834
19	0.00785	0.00655	0.00684	0.00677	0.00886	0.00555	0.00508	0.00969	0.01523	0.01866	0.15967	0.06021	0.63503	0.01592	0.00763	0.00216	0.00324	0.01336	0.00616	0.00555
20	0.01340	0.01148	0.01340	0.00957	0.01531	0.00861	0.00766	0.01627	0.01340	0.02105	0.01148	0.01340	0.00957	0.00479	0.00479	0.00096	0.00479	0.00383	0.00383	0.81242
21	0.06697	0.26781	0.04291	0.08821	0.11652	0.25720	0.01340	0.02165	0.01507	0.04060	0.01058	0.01267	0.00876	0.00614	0.00534	0.00169	0.00863	0.00435	0.00326	0.00823
22	0.01929	0.10496	0.01844	0.01380	0.01797	0.12467	0.01111	0.18352	0.38186	0.02711	0.01950	0.01878	0.01478	0.00786	0.00616	0.00196	0.00672	0.00607	0.00564	0.00978
23	0.00930	0.00660	0.00797	0.00789	0.00959	0.00586	0.00581	0.01145	0.01589	0.05466	0.32541	0.19039	0.29456	0.01544	0.00769	0.00220	0.00338	0.01342	0.00654	0.00594
24	0.01505	0.06346	0.36929	0.02587	0.27718	0.01604	0.05991	0.05971	0.01504	0.02159	0.01197	0.01463	0.00917	0.00603	0.00623	0.00197	0.00869	0.00528	0.00314	0.00976
25	0.14186	0.16812	0.32128	0.01837	0.13667	0.01672	0.01698	0.02004	0.03947	0.02102	0.01212	0.03859	0.00994	0.00651	0.00555	0.00192	0.00766	0.00503	0.00326	0.00890
26	0.00787	0.00562	0.00750	0.00900	0.00937	0.00525	0.00600	0.00900	0.01237	0.01649	0.03561	0.76871	0.04274	0.02024	0.00825	0.00262	0.00375	0.01837	0.00600	0.00525
27	0.01083	0.00641	0.00773	0.00772	0.00917	0.00623	0.02665	0.01349	0.01387	0.02221	0.08929	0.18230	0.04657	0.01126	0.00593	0.00188	0.00353	0.03736	0.49162	0.00593
28	0.06641	0.07379	0.07512	0.02763	0.39944	0.01610	0.03475	0.09955	0.03790	0.08787	0.01372	0.01584	0.01063	0.00629	0.00612	0.00192	0.00734	0.00555	0.00409	0.00996
29	0.00787	0.00562	0.00750	0.00900	0.00937	0.00525	0.00600	0.00900	0.01237	0.01649	0.03561	0.76871	0.04274	0.02024	0.00825	0.00262	0.00375	0.01837	0.00600	0.00525
30	0.01358	0.01165	0.01348	0.00982	0.01542	0.00913	0.00783	0.01752	0.06239	0.02147	0.01251	0.01414	0.01027	0.00506	0.00491	0.00104	0.00481	0.00407	0.00402	0.75688
31	0.81856	0.01250	0.00950	0.00850	0.01250	0.01449	0.00700	0.01899	0.01100	0.02899	0.00900	0.01050	0.00700	0.00600	0.00400	0.00200	0.00500	0.00350	0.00400	0.00700
32	0.00914	0.00660	0.00864	0.00813	0.00965	0.00610	0.00610	0.01219	0.01829	0.02591	0.72921	0.04827	0.06097	0.01321	0.00762	0.00203	0.00305	0.01169	0.00711	0.00610
33	0.81856	0.01250	0.00950	0.00850	0.01250	0.01449	0.00700	0.01899	0.01100	0.02899	0.00900	0.01050	0.00700	0.00600	0.00400	0.00200	0.00500	0.00350	0.00400	0.00700
34	0.01432	0.01190	0.01515	0.01406	0.11794	0.00976	0.00951	0.01778	0.03823	0.05049	0.01348	0.03980	0.01139	0.00571	0.00526	0.00124	0.00521	0.00482	0.00408	0.60987
35	0.01599	0.01535	0.02623	0.03966	0.73262	0.01535	0.01983	0.01983	0.01471	0.02111	0.01215	0.01599	0.01023	0.00576	0.00640	0.00192	0.00768	0.00576	0.00320	0.01023
36	0.01041	0.00744	0.01041	0.01190	0.01339	0.00744	0.01041	0.01339	0.01487	0.01934	0.03421	0.07288	0.03719	0.01785	0.00892	0.00297	0.00595	0.68913	0.00595	0.00595
37	0.07145	0.01126	0.01481	0.01142	0.01637	0.01004	0.00944	0.04870	0.01840	0.68059	0.02434	0.02120	0.01538	0.00788	0.00636	0.00200	0.00551	0.00632	0.00774	0.01078
38	0.01552	0.01644	0.01959	0.01692	0.01738	0.12051	0.01391	0.01697	0.01106	0.01559	0.00869	0.01379	0.00846	0.01066	0.01907	0.00267	0.65730	0.00545	0.00290	0.00713
39	0.00772	0.00620	0.00690	0.00746	0.00897	0.00538	0.00532	0.00917	0.01384	0.01709	0.05427	0.32700	0.47240	0.01782	0.00787	0.00235	0.00345	0.01541	0.00600	0.00538
40	0.01462	0.00678	0.00739	0.00685	0.00889	0.00655	0.00527	0.01755	0.01430	0.13245	0.02175	0.02377	0.01648	0.00760	0.00482	0.00158	0.00339	0.00609	0.68709	0.00678
41	0.01012	0.00723	0.01008	0.01157	0.01293	0.00719	0.00990	0.01288	0.01459	0.01901	0.03437	0.15284	0.03782	0.01812	0.00885	0.00293	0.00570	0.61205	0.00596	0.00587
42	0.05257	0.01577	0.02376	0.08937	0.18874	0.07651	0.17388	0.06201	0.01645	0.18928	0.01519	0.01716	0.01103	0.00665	0.00704	0.00203	0.03252	0.00613	0.00453	0.00936
43	0.01532	0.01224	0.01262	0.01104	0.01417	0.05380	0.00862	0.14521	0.21531	0.05596	0.20281	0.03439	0.15233	0.01083	0.00691	0.00205	0.00499	0.00899	0.02413	0.00829
44	0.07659	0.01052	0.01362	0.01068	0.01521	0.00941	0.00877	0.02882	0.01746	0.61073	0.02395	0.02151	0.01550	0.00782	0.00611	0.00194	0.00518	0.00625	0.09976	0.01017
45	0.01101	0.00569	0.00826	0.00826	0.00826	0.00569	0.00542	0.00853	0.00853	0.01137	0.01227	0.02224	0.01263	0.10868	0.02613	0.71942	0.00569	0.00605	0.00293	0.00293
46	0.37863	0.14775	0.01760	0.01236	0.01636	0.25536	0.02983	0.02122	0.01383	0.02175	0.00942	0.01115	0.00777	0.00627	0.00521	0.00181	0.02885	0.00389	0.00352	0.00743
47	0.01391	0.01840	0.16923	0.01960	0.15450	0.09677	0.09018	0.01867	0.05084	0.02073	0.13540	0.02706	0.11694	0.00888	0.00722	0.00204	0.02946	0.00768	0.00430	0.00819
48	0.00889	0.00678	0.00819	0.00785	0.00960	0.00619	0.00588	0.01194	0.03790	0.02332	0.50329	0.06921	0.24889	0.01414	0.00761	0.00209	0.00319	0.01227	0.00675	0.00602
49	0.01706	0.01393	0.01493	0.01293	0.01666	0.01576	0.01019	0.17434	0.49474	0.02978	0.10480	0.02507	0.02262	0.00906	0.00667	0.00212	0.00530	0.00750	0.00661	0.00991
50	0.81856	0.01250	0.00950	0.00850	0.01250	0.01449	0.00700	0.01899	0.01100	0.02899	0.00900	0.01050	0.00700	0.00600	0.00400	0.00200	0.00500	0.00350	0.00400	0.00700
51	0.00764	0.00655	0.00655	0.00655	0.00873	0.00545	0.00491	0.00927	0.01473	0.01745	0.06546	0.06218	0.73000	0.01636	0.00764	0.00218	0.00327	0.01364	0.00600	0.00545
52	0.81856	0.01250	0.00950	0.00850	0.01250	0.01449	0.00700	0.01899	0.01100	0.02899	0.00900	0.01050	0.00700	0.00600	0.00400	0.00200	0.00500	0.00350	0.00400	0.00700
53	0.00914	0.00660	0.00864	0.00813	0.00965	0.00610	0.00610	0.01219	0.01829	0.02591	0.72921	0.04827	0.06097	0.01321	0.00762	0.00203	0.00305	0.01169	0.00711	0.00610
54	0.01727	0.77681	0.03386	0.01106	0.01658	0.02557	0.01106	0.01935	0.01313	0.01520	0.00898	0.01036	0.00829	0.00553	0.00415	0.00138	0.00691	0.00345	0.00276	0.00829
55	0.01437	0.01215	0.01312	0.01190	0.01507	0.01368	0.00921	0.02897	0.55366	0.02649	0.17208	0.03030	0.05115	0.00993	0.00682	0.00216	0.00463	0.00841	0.00667	0.00922
56	0.01414	0.01414	0.01979	0.01696	0.01696	0.01979	0.01414	0.01555	0.00990	0.01555	0.00848	0.01414	0.00848	0.01131	0.02120	0.00283	0.76110	0.00565	0.00283	0.00707
57	0.00914	0.00660	0.00864	0.00813	0.00965	0.00610	0.00610	0.01219	0.01829	0.02591	0.72921	0.04827	0.06097	0.01321	0.00762	0.00203	0.00305	0.01169	0.00711	0.00610
58	0.01414	0.01414	0.01979	0.01696	0.01696	0.01979	0.01414	0.01555	0.00990	0.01555	0.00848	0.01414	0.00848	0.01131	0.02120	0.00283	0.76110	0.00565	0.00283	0.00707
59	0.01220	0.01148	0.01938	0.75739	0.04450	0.01436	0.01794	0.01651	0.01292	0.01651	0.01148	0.01723	0.00861	0.00646	0.00646	0.00215	0.00861	0.00574	0.00287	0.00718
60	0.00764	0.00652	0.00658	0.00662	0.00875	0.00545	0.00494	0.00926	0.01465	0.01742	0.06451	0.08457	0.70822	0.01649	0.00766	0.00220	0.00329	0.01379	0.00600	0.00545
61	0.02186	0.01398	0.01539	0.01227	0.01650	0.01497	0.00998	0.39186	0.08498	0.14981	0.01928	0.01916	0.01376	0.00783	0.00606	0.00188	0.00579	0.00610	0.17867	0.00986
62	0.02414	0.03079	0.01831	0.01665	0.01998	0.74698	0.01248	0.02580	0.01831	0.01581	0.00999	0.01165	0.00832	0.00666	0.00583	0.00166	0.01165	0.00416	0.00333	0.00749
63	0.01210	0.01087	0.01824	0.67957	0.04075	0.01345	0.01666	0.01567	0.01245	0.01596	0.01146	0.01748	0.00888	0.00812	0.00841	0.08631	0.00830	0.00573	0.00286	0.00672
64	0.00793	0.00578	0.00735	0.00857	0.00916	0.00533	0.00574	0.00905	0.01250	0.01639	0.03850	0.63754	0.12846	0.06317	0.00959	0.00278	0.00383	0.01725	0.00588	0.00520
65	0.40949	0.01637	0.05195	0.03986	0.16576	0.09505	0.05056	0.02024	0.01316	0.04400	0.01063	0.01294	0.00837	0.00624	0.00570	0.00199	0.03138	0.00455	0.00370	0.00806
66	0.01122	0.00561	0.00842	0.00842	0.00842	0.00561	0.00561	0.00842	0.00842	0.01122	0.01122	0.01964	0.01122	0.02245	0.02525	0.81201	0.00561	0.00561	0.00281	0.00281
67	0.00958	0.00662	0.00869	0.00833	0.00982	0.00610	0.00618	0.01239	0.01761	0.04565	0.62821	0.13100	0.05754	0.01387	0.00766	0.00210	0.00320	0.01231	0.00701	0.00614
68	0.06354	0.01641	0.04071	0.09498	0.28742	0.11554	0.01454	0.01921	0.01428	0.02017	0.01128	0.01436	0.00932	0.00590	0.00624	0.00169	0.03269	0.00485	0.00337	0.22348

[dist]
# distance from previous block
# <min> <max>
0	5

[block]
# block no. 4 follows, 34 sequences, length 56
# corresponding to MSA columns:
# 481-536
name=unknown_E
#
# <colnr> <probs for GDERKNQSTAVLIFYWHMCP>
#	G	D	E	R	K	N	Q	S	T	A	V	L	I	F	Y	W	H	M	C	P
0	0.01778	0.01420	0.01518	0.01325	0.01716	0.01615	0.01042	0.11212	0.60141	0.06903	0.02501	0.02300	0.01851	0.00861	0.00656	0.00215	0.00537	0.00709	0.00664	0.01036
1	0.01699	0.01568	0.02498	0.06531	0.61857	0.03531	0.01877	0.06658	0.01589	0.04146	0.01265	0.01605	0.01032	0.00600	0.00639	0.00193	0.00772	0.00574	0.00354	0.01011
2	0.01558	0.01753	0.13018	0.01384	0.01830	0.05770	0.01225	0.03018	0.52360	0.02504	0.04944	0.02356	0.03697	0.00858	0.00653	0.00213	0.00608	0.00704	0.00578	0.00969
3	0.01340	0.01148	0.01340	0.00957	0.01531	0.00861	0.00766	0.01627	0.01340	0.02105	0.01148	0.01340	0.00957	0.00479	0.00479	0.00096	0.00479	0.00383	0.00383	0.81242
4	0.01296	0.03342	0.73944	0.01842	0.02797	0.01501	0.02387	0.02046	0.01364	0.02046	0.01160	0.01364	0.00818	0.00614	0.00614	0.00205	0.00955	0.00477	0.00273	0.00955
5	0.03740	0.14000	0.35272	0.01973	0.06602	0.03960	0.17196	0.02106	0.01433	0.06060	0.01223	0.01444	0.00909	0.00599	0.00613	0.00195	0.00905	0.00531	0.00323	0.00916
6	0.01607	0.01388	0.01461	0.01315	0.01680	0.01607	0.01023	0.03433	0.72094	0.02703	0.02630	0.02411	0.01972	0.00877	0.00657	0.00219	0.00511	0.00731	0.00657	0.01023
7	0.01262	0.01215	0.02127	0.66580	0.07129	0.01457	0.07736	0.01700	0.01319	0.01705	0.01165	0.01719	0.00878	0.00634	0.00656	0.00215	0.00877	0.00590	0.00292	0.00743
8	0.01364	0.01192	0.01858	0.04791	0.25956	0.02782	0.08205	0.01715	0.03116	0.06150	0.15775	0.07737	0.12550	0.00997	0.00745	0.00209	0.02661	0.00904	0.00485	0.00808
9	0.11027	0.01511	0.08186	0.01560	0.02102	0.01313	0.16928	0.09228	0.03803	0.31711	0.01911	0.04826	0.01361	0.00753	0.00651	0.00207	0.00709	0.00671	0.00576	0.00966
10	0.00793	0.00571	0.00753	0.00887	0.00937	0.00530	0.00597	0.00918	0.01277	0.01704	0.07453	0.70746	0.06492	0.01974	0.00819	0.00258	0.00370	0.01786	0.00606	0.00530
11	0.01303	0.03292	0.71726	0.01870	0.02815	0.01505	0.04555	0.02047	0.01369	0.02047	0.01164	0.01376	0.00824	0.00612	0.00619	0.00205	0.00959	0.00486	0.00275	0.00952
12	0.03855	0.18089	0.08678	0.07663	0.11249	0.05460	0.01397	0.20427	0.04387	0.10690	0.01411	0.01518	0.01053	0.00674	0.00585	0.00185	0.00740	0.00520	0.00460	0.00958
13	0.01122	0.00561	0.00842	0.00842	0.00842	0.00561	0.00561	0.00842	0.00842	0.01122	0.01122	0.01964	0.01122	0.02245	0.02525	0.81201	0.00561	0.00561	0.00281	0.00281
14	0.00786	0.00566	0.00746	0.00891	0.00935	0.00526	0.00596	0.00901	0.01245	0.01653	0.03667	0.74362	0.06714	0.02011	0.00823	0.00261	0.00373	0.01820	0.00600	0.00526
15	0.01340	0.01148	0.01340	0.00957	0.01531	0.00861	0.00766	0.01627	0.01340	0.02105	0.01148	0.01340	0.00957	0.00479	0.00479	0.00096	0.00479	0.00383	0.00383	0.81242
16	0.01365	0.01271	0.02017	0.13352	0.23356	0.03350	0.09747	0.03534	0.03380	0.01838	0.01458	0.02218	0.01320	0.14359	0.11409	0.00394	0.03836	0.00676	0.00349	0.00771
17	0.01556	0.19270	0.41433	0.01553	0.02315	0.04544	0.01790	0.09027	0.01539	0.02125	0.01135	0.01301	0.00863	0.00606	0.00559	0.00177	0.00835	0.00448	0.00324	0.08601
18	0.00822	0.00598	0.00815	0.03618	0.01081	0.00581	0.00662	0.00955	0.01229	0.01640	0.03338	0.66201	0.03950	0.04289	0.04389	0.00309	0.00471	0.03949	0.00570	0.00533
19	0.01122	0.00561	0.00842	0.00842	0.00842	0.00561	0.00561	0.00842	0.00842	0.01122	0.01122	0.01964	0.01122	0.02245	0.02525	0.81201	0.00561	0.00561	0.00281	0.00281
20	0.06612	0.13418	0.09797	0.05111	0.05453	0.03960	0.05807	0.27894	0.07024	0.06673	0.01437	0.01531	0.01064	0.00689	0.00600	0.00191	0.00746	0.00542	0.00484	0.00968
21	0.01346	0.12029	0.65699	0.01756	0.02664	0.01624	0.02238	0.02033	0.01358	0.01985	0.01129	0.01326	0.00820	0.00607	0.00591	0.00197	0.00924	0.00462	0.00273	0.00940
22	0.00882	0.00656	0.00821	0.00786	0.00947	0.00595	0.00587	0.01154	0.01742	0.02401	0.58158	0.07579	0.18494	0.01404	0.00765	0.00208	0.00311	0.01228	0.00687	0.00595
23	0.05613	0.03006	0.01796	0.01632	0.01967	0.71749	0.01226	0.02553	0.01802	0.01634	0.00995	0.01161	0.00827	0.00663	0.00575	0.00168	0.01138	0.00413	0.00336	0.00747
24	0.01441	0.01377	0.01818	0.01577	0.01653	0.06231	0.03498	0.01607	0.01120	0.04482	0.01254	0.08021	0.01246	0.01485	0.08428	0.00337	0.52695	0.00687	0.00341	0.00703
25	0.00888	0.00702	0.00822	0.00940	0.01011	0.03436	0.00641	0.01085	0.04621	0.01700	0.03526	0.67873	0.06519	0.01904	0.00805	0.00255	0.00410	0.01713	0.00592	0.00558
26	0.00837	0.00592	0.00780	0.00912	0.00959	0.00564	0.00630	0.00958	0.01233	0.01638	0.03364	0.59721	0.03978	0.10885	0.01124	0.00310	0.00432	0.09992	0.00575	0.00518
27	0.00914	0.00660	0.00864	0.00813	0.00965	0.00610	0.00610	0.01219	0.01829	0.02591	0.72921	0.04827	0.06097	0.01321	0.00762	0.00203	0.00305	0.01169	0.00711	0.00610
28	0.78121	0.01242	0.00976	0.00864	0.01268	0.01426	0.00712	0.01958	0.01135	0.06249	0.00978	0.01104	0.00742	0.00609	0.00412	0.00200	0.00502	0.00364	0.00419	0.00719
29	0.00940	0.00626	0.00705	0.00705	0.00705	0.00626	0.00392	0.00940	0.00940	0.01253	0.02036	0.04228	0.02349	0.77292	0.03289	0.00626	0.00626	0.00940	0.00392	0.00392
30	0.81856	0.01250	0.00950	0.00850	0.01250	0.01449	0.00700	0.01899	0.01100	0.02899	0.00900	0.01050	0.00700	0.00600	0.00400	0.00200	0.00500	0.00350	0.00400	0.00700
31	0.01525	0.01743	0.03813	0.02723	0.03377	0.01634	0.70915	0.02070	0.01525	0.02070	0.01307	0.01743	0.00980	0.00545	0.00763	0.00218	0.01089	0.00763	0.00327	0.00871
32	0.01531	0.01834	0.15705	0.01772	0.04231	0.01590	0.15380	0.02855	0.42509	0.02434	0.02045	0.02055	0.01527	0.00752	0.00670	0.00215	0.00719	0.00685	0.00509	0.00979
33	0.00918	0.00782	0.00843	0.00864	0.03179	0.00728	0.00621	0.01330	0.11439	0.01941	0.09847	0.07504	0.54695	0.01489	0.00747	0.00218	0.00366	0.01252	0.00607	0.00631
34	0.01204	0.00602	0.00602	0.00602	0.00753	0.00602	0.00452	0.01506	0.01355	0.02409	0.02108	0.02409	0.01656	0.00753	0.00452	0.00151	0.00301	0.00602	0.80879	0.00602
35	0.01236	0.01094	0.01640	0.10232	0.16938	0.01139	0.05723	0.01815	0.15329	0.01998	0.02383	0.30373	0.02423	0.01188	0.00717	0.00225	0.00590	0.01091	0.00492	0.03373
36	0.01487	0.01172	0.01374	0.00991	0.01558	0.00913	0.00796	0.04506	0.01441	0.06879	0.01256	0.01405	0.01005	0.00511	0.00496	0.00106	0.00492	0.00408	0.00421	0.72782
37	0.01130	0.00921	0.01320	0.17879	0.04699	0.00965	0.03400	0.01598	0.09006	0.04185	0.27560	0.10513	0.11931	0.01156	0.00723	0.00215	0.00513	0.01024	0.00560	0.00701
38	0.13846	0.01464	0.01654	0.14488	0.16143	0.12606	0.01247	0.03412	0.01325	0.01897	0.01266	0.01957	0.01163	0.14426	0.04149	0.00312	0.06988	0.00585	0.00347	0.00725
39	0.01340	0.01148	0.01340	0.00957	0.01531	0.00861	0.00766	0.01627	0.01340	0.02105	0.01148	0.01340	0.00957	0.00479	0.00479	0.00096	0.00479	0.00383	0.00383	0.81242
40	0.01494	0.03776	0.02205	0.07744	0.27881	0.08628	0.09928	0.03659	0.01465	0.01930	0.01647	0.11990	0.01597	0.01031	0.03159	0.00241	0.05337	0.05081	0.00381	0.00825
41	0.01204	0.00602	0.00602	0.00602	0.00753	0.00602	0.00452	0.01506	0.01355	0.02409	0.02108	0.02409	0.01656	0.00753	0.00452	0.00151	0.00301	0.00602	0.80879	0.00602
42	0.16413	0.07672	0.08925	0.01427	0.03899	0.11618	0.03391	0.17287	0.03685	0.08707	0.03777	0.01753	0.04549	0.00757	0.00638	0.00194	0.03398	0.00559	0.00474	0.00877
43	0.01585	0.07017	0.34808	0.01807	0.06473	0.03735	0.05822	0.10028	0.17778	0.02381	0.01531	0.01635	0.01136	0.00684	0.00625	0.00202	0.00813	0.00560	0.00410	0.00972
44	0.01204	0.00602	0.00602	0.00602	0.00753	0.00602	0.00452	0.01506	0.01355	0.02409	0.02108	0.02409	0.01656	0.00753	0.00452	0.00151	0.00301	0.00602	0.80879	0.00602
45	0.04109	0.00661	0.00858	0.01019	0.03399	0.00642	0.00670	0.03182	0.01296	0.01791	0.03313	0.68958	0.03922	0.01880	0.00796	0.00255	0.00404	0.01696	0.00584	0.00567
46	0.02387	0.03024	0.01819	0.01653	0.01987	0.72305	0.01241	0.02608	0.04132	0.01618	0.01052	0.01206	0.00870	0.00673	0.00585	0.00168	0.01144	0.00426	0.00344	0.00758
47	0.01789	0.01676	0.01950	0.14271	0.22231	0.18972	0.03743	0.04033	0.01593	0.09357	0.03404	0.06455	0.01388	0.00878	0.02814	0.00220	0.00842	0.00650	0.02889	0.00844
48	0.04318	0.24947	0.10894	0.01475	0.04651	0.15557	0.01301	0.12482	0.05938	0.04102	0.01222	0.01341	0.00971	0.00651	0.00576	0.00171	0.02456	0.00457	0.00391	0.06101
49	0.00789	0.00633	0.00698	0.00727	0.00891	0.00549	0.00524	0.00949	0.01434	0.01786	0.11916	0.22221	0.48628	0.04223	0.00862	0.00241	0.00346	0.01440	0.00603	0.00542
50	0.01204	0.00602	0.00602	0.00602	0.00753	0.00602	0.00452	0.01506	0.01355	0.02409	0.02108	0.02409	0.01656	0.00753	0.00452	0.00151	0.00301	0.00602	0.80879	0.00602
51	0.01340	0.01148	0.01340	0.00957	0.01531	0.00861	0.00766	0.01627	0.01340	0.02105	0.01148	0.01340	0.00957	0.00479	0.00479	0.00096	0.00479	0.00383	0.00383	0.81242
52	0.01747	0.01132	0.03024	0.01116	0.01407	0.01142	0.00880	0.21349	0.01741	0.15895	0.01904	0.02621	0.01644	0.22316	0.18646	0.00509	0.00901	0.00714	0.00528	0.00783
53	0.21405	0.03020	0.01562	0.06562	0.04125	0.01388	0.01042	0.17911	0.01873	0.30431	0.03390	0.01761	0.01288	0.00735	0.00586	0.00198	0.00601	0.00560	0.00604	0.00957
54	0.14793	0.01334	0.03922	0.07065	0.13603	0.03810	0.05434	0.03954	0.07397	0.03761	0.04007	0.04077	0.03538	0.07513	0.04414	0.00273	0.02298	0.00652	0.00420	0.07734
55	0.01758	0.04029	0.04438	0.02715	0.37549	0.04997	0.06255	0.07344	0.01620	0.10616	0.01613	0.06676	0.01378	0.00890	0.03130	0.00228	0.00784	0.02606	0.00427	0.00947

[dist]
# distance from previous block
# <min> <max>
0	134

# created by:
# /home/cegg/simao/soft/augustus-3.2.1/scripts/msa2prfl.pl ./align_prep/EOG090W09IG.fa
