[name]
unknown

[dist]
# distance from previous block
# <min> <max>
0	341

[block]
# block no. 0 follows, 37 sequences, length 28
# corresponding to MSA columns:
# 396-423
name=unknown_A
#
# <colnr> <probs for GDERKNQSTAVLIFYWHMCP>
#	G	D	E	R	K	N	Q	S	T	A	V	L	I	F	Y	W	H	M	C	P
0	0.00930	0.00827	0.03546	0.00929	0.01088	0.03201	0.00721	0.01265	0.07986	0.01854	0.15091	0.35541	0.13858	0.01540	0.00741	0.00228	0.00418	0.09079	0.00570	0.00586
1	0.00920	0.00664	0.00829	0.00787	0.00957	0.00616	0.00600	0.01237	0.04265	0.04157	0.55137	0.04756	0.16984	0.01294	0.00722	0.00200	0.00318	0.04317	0.00651	0.00593
2	0.08290	0.01382	0.02006	0.09922	0.28890	0.01540	0.04468	0.08941	0.11439	0.04138	0.01325	0.01582	0.01049	0.00691	0.00794	0.00202	0.11522	0.00556	0.00388	0.00875
3	0.00812	0.00617	0.00743	0.00725	0.00878	0.00553	0.00535	0.01038	0.01563	0.02102	0.45597	0.10140	0.27675	0.03337	0.00787	0.00211	0.00308	0.01206	0.00625	0.00547
4	0.00869	0.00562	0.00742	0.00785	0.00840	0.00533	0.00531	0.00897	0.01154	0.01549	0.15367	0.30490	0.08691	0.09857	0.01461	0.23173	0.00414	0.01167	0.00482	0.00435
5	0.01477	0.05068	0.01906	0.20311	0.10090	0.17453	0.09781	0.01753	0.04384	0.01592	0.01232	0.05067	0.01076	0.00929	0.00922	0.14587	0.00802	0.00582	0.00316	0.00671
6	0.01680	0.00897	0.03770	0.00977	0.01272	0.00756	0.00785	0.01955	0.04075	0.33754	0.14729	0.23964	0.06377	0.01198	0.00684	0.00208	0.00439	0.01041	0.00659	0.00780
7	0.82811	0.01184	0.00900	0.00805	0.01184	0.01373	0.00663	0.01799	0.01042	0.02746	0.00852	0.00994	0.00663	0.00568	0.00379	0.00189	0.00474	0.00331	0.00379	0.00663
8	0.01111	0.01016	0.01653	0.46834	0.12948	0.01182	0.01440	0.01436	0.01237	0.01624	0.01755	0.16765	0.04605	0.00911	0.00687	0.00212	0.02751	0.00810	0.00347	0.00676
9	0.00890	0.00722	0.00995	0.00993	0.01135	0.00716	0.04217	0.01091	0.01338	0.01752	0.10786	0.25485	0.21690	0.01570	0.00866	0.00240	0.06226	0.18190	0.00542	0.00555
10	0.04774	0.01786	0.05376	0.01625	0.10453	0.11876	0.01218	0.37132	0.02166	0.06618	0.01349	0.01434	0.00998	0.00661	0.00576	0.00172	0.00707	0.00504	0.02524	0.08051
11	0.00875	0.00653	0.00972	0.00972	0.01077	0.00759	0.00750	0.01085	0.00980	0.01412	0.01651	0.02467	0.01557	0.07447	0.73243	0.00969	0.01599	0.00665	0.00330	0.00540
12	0.22679	0.10615	0.01757	0.02517	0.05011	0.03374	0.09557	0.10803	0.03272	0.04235	0.01672	0.11560	0.03501	0.00859	0.00607	0.00198	0.02500	0.04101	0.00432	0.00749
13	0.04765	0.06667	0.05412	0.03410	0.13735	0.02783	0.08650	0.10602	0.07698	0.17214	0.02879	0.01663	0.01204	0.00639	0.00582	0.00176	0.00654	0.00551	0.00472	0.10245
14	0.36967	0.01274	0.01303	0.01049	0.01486	0.01357	0.00865	0.20206	0.01734	0.25939	0.01504	0.01460	0.01029	0.00671	0.00513	0.00188	0.00539	0.00477	0.00558	0.00879
15	0.00768	0.00613	0.02779	0.00879	0.00945	0.00535	0.00622	0.00902	0.01188	0.01599	0.05741	0.70637	0.03927	0.01955	0.03512	0.00272	0.00415	0.01643	0.00555	0.00513
16	0.01553	0.03739	0.07317	0.17601	0.22155	0.12805	0.15110	0.01997	0.04739	0.03431	0.01194	0.01517	0.00935	0.00599	0.00650	0.00190	0.02768	0.00552	0.00320	0.00829
17	0.00754	0.00557	0.00708	0.00824	0.00895	0.00511	0.00570	0.00877	0.01224	0.01592	0.03879	0.61529	0.16753	0.01840	0.00774	0.00243	0.00357	0.05040	0.00568	0.00504
18	0.01445	0.01651	0.03612	0.02580	0.03199	0.01548	0.72446	0.01961	0.01445	0.01961	0.01238	0.01651	0.00929	0.00516	0.00722	0.00206	0.01032	0.00722	0.00310	0.00826
19	0.01567	0.01484	0.03846	0.06483	0.37135	0.06649	0.10982	0.04256	0.01466	0.07406	0.01609	0.06414	0.04558	0.00717	0.00670	0.00193	0.02657	0.00669	0.00374	0.00866
20	0.01473	0.01149	0.03414	0.03094	0.05814	0.04720	0.06161	0.04613	0.08185	0.13551	0.08002	0.10265	0.07607	0.06697	0.02584	0.00251	0.05571	0.02650	0.03459	0.00742
21	0.00790	0.00595	0.00744	0.00831	0.00921	0.00565	0.00578	0.00994	0.04573	0.01661	0.07162	0.54239	0.16682	0.01900	0.04460	0.00273	0.00413	0.01527	0.00564	0.00529
22	0.02285	0.01271	0.03558	0.01164	0.01606	0.01210	0.00972	0.25267	0.03908	0.38454	0.06509	0.02222	0.04272	0.03536	0.00712	0.00203	0.00561	0.00656	0.00667	0.00965
23	0.04234	0.13161	0.02134	0.08064	0.09381	0.23604	0.05842	0.16249	0.03541	0.04786	0.01175	0.01347	0.00918	0.00636	0.00593	0.00174	0.02460	0.00482	0.00386	0.00834
24	0.01472	0.01378	0.02098	0.10440	0.15002	0.04973	0.14775	0.09285	0.03321	0.03596	0.01437	0.09030	0.01282	0.01000	0.04742	0.00247	0.11956	0.00693	0.00376	0.02897
25	0.01252	0.01199	0.01501	0.01357	0.03366	0.05144	0.01068	0.03294	0.03050	0.01752	0.11918	0.04110	0.10941	0.01195	0.03239	0.00251	0.41476	0.00734	0.00394	0.02757
26	0.01367	0.03254	0.01758	0.05235	0.21436	0.07182	0.04443	0.01607	0.01322	0.05599	0.05755	0.12054	0.07745	0.02853	0.02547	0.00234	0.13680	0.00796	0.00398	0.00735
27	0.05321	0.17338	0.10150	0.03595	0.08580	0.16493	0.11125	0.04090	0.06382	0.05357	0.01380	0.03543	0.02739	0.00656	0.00565	0.00177	0.00792	0.00540	0.00362	0.00815

[dist]
# distance from previous block
# <min> <max>
3	13

[block]
# block no. 1 follows, 37 sequences, length 22
# corresponding to MSA columns:
# 437-458
name=unknown_B
#
# <colnr> <probs for GDERKNQSTAVLIFYWHMCP>
#	G	D	E	R	K	N	Q	S	T	A	V	L	I	F	Y	W	H	M	C	P
0	0.04808	0.06492	0.04805	0.20022	0.07073	0.07057	0.01176	0.03186	0.01316	0.05147	0.01301	0.03451	0.01069	0.00887	0.05114	0.00219	0.04087	0.00520	0.09334	0.12938
1	0.15495	0.21526	0.01967	0.01317	0.01686	0.43004	0.01067	0.02155	0.01473	0.01691	0.00903	0.01062	0.00767	0.00607	0.00527	0.00160	0.03191	0.00371	0.00311	0.00720
2	0.01372	0.01077	0.01219	0.01097	0.01372	0.01202	0.00852	0.08016	0.38318	0.04194	0.16153	0.02709	0.02499	0.03041	0.11898	0.00324	0.00632	0.00755	0.02451	0.00817
3	0.00749	0.00539	0.00711	0.00842	0.00887	0.00501	0.00565	0.00863	0.01198	0.01595	0.05819	0.73205	0.06494	0.01883	0.00777	0.00245	0.00351	0.01704	0.00572	0.00501
4	0.00765	0.00577	0.00708	0.00770	0.00877	0.00520	0.00542	0.00924	0.01354	0.01779	0.19357	0.42268	0.23989	0.01673	0.00753	0.00225	0.00328	0.01480	0.00591	0.00520
5	0.00779	0.00547	0.00701	0.00812	0.00873	0.00508	0.00552	0.00912	0.01228	0.01671	0.07648	0.63427	0.08954	0.01769	0.00749	0.00235	0.00343	0.01590	0.06193	0.00508
6	0.00981	0.00826	0.01253	0.01110	0.01317	0.00800	0.11293	0.01402	0.09557	0.02074	0.29814	0.26869	0.07583	0.01318	0.00729	0.00214	0.00443	0.01210	0.00576	0.00630
7	0.01236	0.03106	0.72464	0.01778	0.02671	0.01427	0.05053	0.01939	0.01298	0.01939	0.01104	0.01307	0.00782	0.00579	0.00587	0.00194	0.00910	0.00463	0.00261	0.00902
8	0.01294	0.01269	0.01776	0.01535	0.01542	0.01759	0.01270	0.01429	0.00939	0.01460	0.00896	0.01497	0.00898	0.03799	0.07012	0.00326	0.69816	0.00555	0.00275	0.00652
9	0.01543	0.20129	0.09613	0.01518	0.10354	0.14529	0.01203	0.01852	0.02991	0.01719	0.01078	0.01341	0.00925	0.02635	0.03571	0.00191	0.04094	0.00430	0.00313	0.19969
10	0.01399	0.01128	0.01313	0.00948	0.01485	0.00892	0.00762	0.06367	0.01396	0.05017	0.01166	0.01315	0.00940	0.00484	0.00470	0.00101	0.00471	0.00385	0.00395	0.73565
11	0.00887	0.00649	0.00836	0.00796	0.00942	0.00613	0.00594	0.01226	0.04823	0.02399	0.66456	0.09404	0.05490	0.01278	0.00722	0.00197	0.00302	0.01131	0.00665	0.00589
12	0.00875	0.00653	0.00970	0.00970	0.01074	0.00757	0.00747	0.01084	0.00980	0.01411	0.01653	0.02476	0.01561	0.07901	0.72794	0.00966	0.01593	0.00666	0.00330	0.00539
13	0.01523	0.01315	0.01384	0.01246	0.01592	0.01523	0.00969	0.03253	0.73563	0.02561	0.02491	0.02284	0.01869	0.00830	0.00623	0.00208	0.00484	0.00692	0.00623	0.00969
14	0.00915	0.00717	0.00822	0.00784	0.00974	0.00661	0.00587	0.01250	0.07372	0.02185	0.40969	0.04957	0.32754	0.01365	0.00735	0.00209	0.00332	0.01159	0.00642	0.00612
15	0.82198	0.01218	0.00937	0.00840	0.01221	0.01398	0.00685	0.01831	0.01075	0.02784	0.00905	0.01067	0.00713	0.00602	0.00402	0.00199	0.00491	0.00349	0.00396	0.00689
16	0.00781	0.00648	0.00670	0.00685	0.00875	0.00546	0.00501	0.00915	0.01398	0.01690	0.05872	0.14559	0.65453	0.01620	0.00751	0.00221	0.00334	0.01355	0.00584	0.00542
17	0.01207	0.01123	0.01865	0.76432	0.04229	0.01385	0.01714	0.01598	0.01255	0.01612	0.01139	0.01699	0.00865	0.00646	0.00633	0.00213	0.00831	0.00560	0.00290	0.00706
18	0.01801	0.18706	0.01941	0.01311	0.01703	0.12048	0.01072	0.11866	0.35845	0.02345	0.01774	0.01763	0.01382	0.00762	0.00622	0.00192	0.02883	0.00562	0.00504	0.00917
19	0.01615	0.04136	0.04715	0.09675	0.55192	0.06951	0.01782	0.04729	0.01485	0.02023	0.01182	0.01537	0.00981	0.00599	0.00616	0.00190	0.00779	0.00540	0.00328	0.00944
20	0.20534	0.18625	0.04020	0.01326	0.01788	0.07969	0.10044	0.08346	0.09466	0.05665	0.03278	0.01505	0.01139	0.00659	0.00539	0.00184	0.00682	0.00501	0.00425	0.03305
21	0.00964	0.00734	0.01046	0.01011	0.01164	0.00800	0.00783	0.01172	0.01043	0.01522	0.01635	0.02362	0.01516	0.04213	0.68541	0.00905	0.01539	0.00644	0.00348	0.08058

[dist]
# distance from previous block
# <min> <max>
0	1

[block]
# block no. 2 follows, 37 sequences, length 42
# corresponding to MSA columns:
# 460-501
name=unknown_C
#
# <colnr> <probs for GDERKNQSTAVLIFYWHMCP>
#	G	D	E	R	K	N	Q	S	T	A	V	L	I	F	Y	W	H	M	C	P
0	0.01585	0.08488	0.22886	0.03483	0.05494	0.03163	0.06909	0.08377	0.07246	0.07876	0.03504	0.06561	0.06512	0.00841	0.00647	0.00206	0.00724	0.00686	0.00454	0.04360
1	0.01556	0.11840	0.39509	0.02010	0.11619	0.03789	0.09017	0.07533	0.03167	0.02126	0.01244	0.01486	0.00958	0.00648	0.00620	0.00202	0.00870	0.00520	0.00342	0.00944
2	0.01510	0.40478	0.28281	0.01353	0.01968	0.01905	0.01476	0.01932	0.04624	0.01794	0.03662	0.01494	0.01138	0.00880	0.04810	0.00226	0.00809	0.00467	0.00330	0.00864
3	0.01365	0.02722	0.58739	0.01643	0.02425	0.01331	0.03764	0.01936	0.01397	0.06568	0.01899	0.02042	0.09818	0.00774	0.00646	0.00213	0.00839	0.00603	0.00363	0.00911
4	0.01524	0.07520	0.11579	0.08210	0.11458	0.08548	0.07790	0.04418	0.08373	0.04030	0.05415	0.09537	0.03779	0.04074	0.00766	0.00227	0.00740	0.00746	0.00436	0.00831
5	0.01378	0.01300	0.02054	0.47018	0.21859	0.03328	0.04096	0.01765	0.03350	0.01806	0.01380	0.01859	0.02786	0.00779	0.02425	0.00233	0.00835	0.00602	0.00335	0.00811
6	0.00851	0.00609	0.00785	0.00920	0.00965	0.00560	0.00613	0.00929	0.01234	0.01655	0.03436	0.77011	0.04092	0.01962	0.00820	0.00266	0.00391	0.01752	0.00598	0.00551
7	0.01397	0.01362	0.04600	0.29520	0.34107	0.01383	0.03713	0.01793	0.03863	0.01949	0.05016	0.02079	0.04980	0.00730	0.00664	0.00212	0.00753	0.00647	0.00367	0.00864
8	0.04070	0.05179	0.02045	0.03972	0.14006	0.11573	0.06687	0.19545	0.03898	0.16594	0.01606	0.03397	0.01227	0.00760	0.00673	0.00203	0.02490	0.00600	0.00516	0.00960
9	0.00853	0.00647	0.00866	0.01040	0.05088	0.00631	0.00672	0.01103	0.06532	0.01711	0.07203	0.64055	0.03813	0.01723	0.00756	0.00239	0.00382	0.01560	0.00563	0.00563
10	0.77749	0.01293	0.00952	0.00854	0.01228	0.06066	0.00696	0.01840	0.01085	0.02668	0.00858	0.01001	0.00671	0.00572	0.00390	0.00187	0.00513	0.00335	0.00375	0.00666
11	0.02723	0.01080	0.01444	0.01107	0.01582	0.00956	0.00915	0.06927	0.01816	0.71059	0.02361	0.02049	0.01488	0.00756	0.00615	0.00189	0.00530	0.00612	0.00749	0.01042
12	0.01386	0.25995	0.51143	0.01529	0.02299	0.04173	0.01860	0.01923	0.01292	0.01774	0.01019	0.01193	0.00779	0.00566	0.00524	0.00174	0.00836	0.00413	0.00261	0.00862
13	0.00890	0.00593	0.00668	0.00668	0.00668	0.00593	0.00371	0.00890	0.00890	0.01187	0.01929	0.04006	0.02225	0.78487	0.03116	0.00593	0.00593	0.00890	0.00371	0.00371
14	0.01063	0.00901	0.01304	0.03209	0.06388	0.01095	0.00961	0.01236	0.01058	0.01531	0.07255	0.02394	0.03220	0.09539	0.30564	0.04050	0.22626	0.00677	0.00342	0.00588
15	0.01300	0.01235	0.02096	0.47666	0.32442	0.01398	0.01772	0.01690	0.01292	0.01739	0.01113	0.01585	0.00878	0.00585	0.00610	0.00195	0.00780	0.00545	0.00284	0.00796
16	0.01523	0.01315	0.01384	0.01246	0.01592	0.01523	0.00969	0.03253	0.73563	0.02561	0.02491	0.02284	0.01869	0.00830	0.00623	0.00208	0.00484	0.00692	0.00623	0.00969
17	0.02103	0.24387	0.02151	0.01427	0.01802	0.55220	0.01144	0.02271	0.01596	0.01482	0.00919	0.01069	0.00788	0.00601	0.00507	0.00150	0.00977	0.00375	0.00300	0.00731
18	0.01156	0.01088	0.01836	0.77016	0.04216	0.01360	0.01700	0.01564	0.01224	0.01564	0.01088	0.01632	0.00816	0.00612	0.00612	0.00204	0.00816	0.00544	0.00272	0.00680
19	0.82811	0.01184	0.00900	0.00805	0.01184	0.01373	0.00663	0.01799	0.01042	0.02746	0.00852	0.00994	0.00663	0.00568	0.00379	0.00189	0.00474	0.00331	0.00379	0.00663
20	0.82811	0.01184	0.00900	0.00805	0.01184	0.01373	0.00663	0.01799	0.01042	0.02746	0.00852	0.00994	0.00663	0.00568	0.00379	0.00189	0.00474	0.00331	0.00379	0.00663
21	0.00746	0.00533	0.00710	0.00852	0.00888	0.00497	0.00568	0.00852	0.01172	0.01563	0.03374	0.78088	0.04049	0.01918	0.00781	0.00249	0.00355	0.01740	0.00568	0.00497
22	0.00737	0.00621	0.00638	0.00634	0.00835	0.00522	0.00475	0.00904	0.01426	0.01727	0.12452	0.05770	0.68124	0.01523	0.00723	0.00205	0.00308	0.01275	0.00578	0.00522
23	0.01523	0.01315	0.01384	0.01246	0.01592	0.01523	0.00969	0.03253	0.73563	0.02561	0.02491	0.02284	0.01869	0.00830	0.00623	0.00208	0.00484	0.00692	0.00623	0.00969
24	0.00889	0.00597	0.00684	0.00684	0.00689	0.00602	0.00391	0.00900	0.00895	0.01199	0.01914	0.03925	0.02191	0.74776	0.06779	0.00613	0.00646	0.00878	0.00369	0.00380
25	0.01339	0.01339	0.01875	0.01607	0.01607	0.01875	0.01339	0.01473	0.00937	0.01473	0.00804	0.01339	0.00804	0.01071	0.02009	0.00268	0.77367	0.00536	0.00268	0.00670
26	0.79495	0.01255	0.00934	0.00837	0.01213	0.04448	0.00684	0.01826	0.01070	0.02695	0.00856	0.00999	0.00668	0.00571	0.00386	0.00188	0.00499	0.00334	0.00376	0.00665
27	0.01273	0.01102	0.01304	0.00946	0.01460	0.00876	0.00760	0.01537	0.01251	0.01965	0.01072	0.01273	0.00901	0.00488	0.00541	0.00101	0.04808	0.00372	0.00357	0.77611
28	0.82811	0.01184	0.00900	0.00805	0.01184	0.01373	0.00663	0.01799	0.01042	0.02746	0.00852	0.00994	0.00663	0.00568	0.00379	0.00189	0.00474	0.00331	0.00379	0.00663
29	0.01445	0.01651	0.03612	0.02580	0.03199	0.01548	0.72446	0.01961	0.01445	0.01961	0.01238	0.01651	0.00929	0.00516	0.00722	0.00206	0.01032	0.00722	0.00310	0.00826
30	0.00746	0.00533	0.00710	0.00852	0.00888	0.00497	0.00568	0.00852	0.01172	0.01563	0.03374	0.78088	0.04049	0.01918	0.00781	0.00249	0.00355	0.01740	0.00568	0.00497
31	0.00853	0.00625	0.00800	0.00756	0.00906	0.00572	0.00567	0.01130	0.01702	0.02381	0.68117	0.04693	0.12051	0.01279	0.00722	0.00194	0.00291	0.01124	0.00664	0.00572
32	0.02119	0.00926	0.01235	0.00999	0.01363	0.00825	0.00804	0.04667	0.01764	0.49164	0.23297	0.05374	0.02823	0.00940	0.00652	0.00192	0.00453	0.00794	0.00722	0.00888
33	0.00874	0.00656	0.00984	0.00984	0.01093	0.00765	0.00765	0.01093	0.00984	0.01421	0.01640	0.02405	0.01530	0.04591	0.76062	0.00984	0.01640	0.00656	0.00328	0.00547
34	0.01269	0.01088	0.01269	0.00907	0.01451	0.00816	0.00725	0.01541	0.01269	0.01995	0.01088	0.01269	0.00907	0.00453	0.00453	0.00091	0.00453	0.00363	0.00363	0.82229
35	0.00742	0.00618	0.00648	0.00645	0.00840	0.00524	0.00482	0.00913	0.01432	0.01752	0.14740	0.07698	0.63818	0.01523	0.00725	0.00206	0.00309	0.01281	0.00582	0.00524
36	0.00745	0.00579	0.00678	0.00742	0.00862	0.00512	0.00523	0.00887	0.01314	0.01670	0.09934	0.40138	0.35828	0.01703	0.00751	0.00226	0.00330	0.01491	0.00576	0.00512
37	0.02048	0.13876	0.01940	0.01482	0.01789	0.55174	0.01164	0.02211	0.01557	0.01484	0.00941	0.01154	0.00815	0.00794	0.03246	0.00193	0.08710	0.00407	0.00303	0.00711
38	0.00746	0.00533	0.00710	0.00852	0.00888	0.00497	0.00568	0.00852	0.01172	0.01563	0.03374	0.78088	0.04049	0.01918	0.00781	0.00249	0.00355	0.01740	0.00568	0.00497
39	0.03735	0.01405	0.02375	0.12233	0.60942	0.01453	0.03404	0.01831	0.01354	0.01956	0.01129	0.01513	0.00938	0.00566	0.00637	0.00187	0.02580	0.00543	0.00301	0.00916
40	0.01608	0.10232	0.05075	0.03717	0.06022	0.17978	0.23967	0.01957	0.02959	0.01741	0.01111	0.01431	0.00908	0.00659	0.00837	0.00193	0.13894	0.00545	0.04399	0.00766
41	0.00892	0.00601	0.00735	0.00738	0.00760	0.00620	0.00458	0.00923	0.00910	0.01234	0.01866	0.05424	0.02081	0.58842	0.16764	0.04757	0.00782	0.00849	0.00362	0.00402

[dist]
# distance from previous block
# <min> <max>
2	7

[block]
# block no. 3 follows, 37 sequences, length 24
# corresponding to MSA columns:
# 510-533
name=unknown_D
#
# <colnr> <probs for GDERKNQSTAVLIFYWHMCP>
#	G	D	E	R	K	N	Q	S	T	A	V	L	I	F	Y	W	H	M	C	P
0	0.24611	0.01629	0.01684	0.01388	0.04105	0.06270	0.04766	0.42685	0.02175	0.03246	0.01244	0.01326	0.00912	0.00665	0.00549	0.00185	0.00665	0.00489	0.00504	0.00902
1	0.00844	0.00637	0.00791	0.00808	0.00964	0.00583	0.00633	0.01083	0.01534	0.02037	0.35065	0.09089	0.25593	0.01469	0.00752	0.00219	0.00358	0.16374	0.00613	0.00553
2	0.01235	0.01169	0.01980	0.60798	0.19813	0.01381	0.01740	0.01634	0.01262	0.01660	0.01102	0.01606	0.00850	0.00597	0.00611	0.00199	0.00796	0.00544	0.00279	0.00744
3	0.01167	0.04232	0.00994	0.06301	0.01120	0.04395	0.00656	0.01073	0.00966	0.01318	0.01188	0.01830	0.01094	0.01663	0.01793	0.56415	0.00549	0.00522	0.12337	0.00386
4	0.00874	0.00656	0.00984	0.00984	0.01093	0.00765	0.00765	0.01093	0.00984	0.01421	0.01640	0.02405	0.01530	0.04591	0.76062	0.00984	0.01640	0.00656	0.00328	0.00547
5	0.00853	0.00625	0.00800	0.00756	0.00906	0.00572	0.00567	0.01129	0.01701	0.02380	0.68016	0.04695	0.12152	0.01279	0.00722	0.00194	0.00291	0.01124	0.00664	0.00572
6	0.03818	0.01681	0.09994	0.01305	0.03452	0.13755	0.01113	0.18260	0.01747	0.11254	0.01499	0.01642	0.01123	0.00822	0.02779	0.00201	0.06397	0.00522	0.17819	0.00817
7	0.01676	0.01625	0.05235	0.05491	0.17126	0.06549	0.13091	0.12527	0.17827	0.04807	0.01513	0.01679	0.01155	0.00687	0.00725	0.00198	0.06159	0.00596	0.00432	0.00904
8	0.00741	0.00576	0.00675	0.00745	0.00862	0.00510	0.00522	0.00878	0.01298	0.01645	0.07942	0.42348	0.35631	0.01722	0.00753	0.00227	0.00332	0.01510	0.00573	0.00510
9	0.01243	0.03057	0.70153	0.01805	0.02689	0.01431	0.07315	0.01940	0.01303	0.01940	0.01109	0.01318	0.00786	0.00577	0.00592	0.00195	0.00914	0.00472	0.00262	0.00899
10	0.01490	0.01905	0.23676	0.14431	0.23541	0.01424	0.11974	0.05180	0.01438	0.07255	0.01244	0.01527	0.00925	0.00586	0.00617	0.00193	0.00820	0.00549	0.00333	0.00892
11	0.01332	0.01024	0.01181	0.01124	0.01386	0.01118	0.00894	0.02367	0.39538	0.06106	0.12408	0.07807	0.02878	0.01141	0.00696	0.00224	0.00471	0.16883	0.00620	0.00801
12	0.00823	0.00624	0.00758	0.00724	0.00888	0.00559	0.00543	0.01070	0.01629	0.02209	0.53478	0.04976	0.26797	0.01343	0.00722	0.00197	0.00295	0.01164	0.00642	0.00559
13	0.00857	0.00703	0.00732	0.00706	0.00927	0.00627	0.00543	0.06073	0.01516	0.01853	0.08508	0.05565	0.63133	0.01486	0.00721	0.00208	0.00347	0.04359	0.00576	0.00559
14	0.01355	0.11353	0.17507	0.20864	0.11377	0.03856	0.13479	0.01830	0.03789	0.01774	0.01234	0.04923	0.01022	0.00648	0.00633	0.00193	0.02477	0.00582	0.00305	0.00801
15	0.01069	0.00798	0.00948	0.00970	0.01133	0.00826	0.00709	0.01675	0.22383	0.04926	0.07758	0.42153	0.06862	0.01484	0.00724	0.00230	0.00400	0.03689	0.00599	0.00666
16	0.01141	0.00571	0.00571	0.00571	0.00713	0.00571	0.00428	0.01426	0.01284	0.02282	0.01997	0.02282	0.01569	0.00713	0.00428	0.00143	0.00285	0.00571	0.81886	0.00571
17	0.01771	0.01397	0.03833	0.15502	0.15807	0.06141	0.09918	0.04051	0.03027	0.20188	0.01506	0.01795	0.01132	0.04727	0.00852	0.00218	0.06265	0.00593	0.00428	0.00849
18	0.01477	0.05872	0.30297	0.08463	0.12563	0.01480	0.08186	0.12892	0.01563	0.03927	0.01352	0.06705	0.01105	0.00691	0.00611	0.00193	0.00788	0.00600	0.00359	0.00878
19	0.00891	0.00626	0.00821	0.00883	0.00948	0.00641	0.00646	0.01027	0.01097	0.01469	0.02470	0.16308	0.02749	0.31338	0.15540	0.00524	0.00740	0.20357	0.00448	0.00477
20	0.55760	0.06828	0.03610	0.01074	0.03434	0.08747	0.00878	0.09668	0.01343	0.02612	0.00945	0.01080	0.00737	0.00589	0.00435	0.00182	0.00590	0.00371	0.00384	0.00734
21	0.00743	0.00579	0.00676	0.00740	0.00861	0.00511	0.00521	0.00884	0.01311	0.01663	0.09298	0.40028	0.36593	0.01705	0.00751	0.00226	0.00330	0.01492	0.00575	0.00511
22	0.01563	0.01843	0.16342	0.10255	0.22720	0.09146	0.06704	0.06382	0.01493	0.05875	0.01301	0.03399	0.01053	0.00641	0.00603	0.00183	0.00784	0.02126	0.00353	0.07235
23	0.17175	0.01425	0.03595	0.01188	0.01644	0.09988	0.03250	0.08321	0.01689	0.42929	0.01803	0.01682	0.01195	0.00693	0.00567	0.00186	0.00621	0.00531	0.00596	0.00922

[dist]
# distance from previous block
# <min> <max>
2	6

[block]
# block no. 4 follows, 37 sequences, length 8
# corresponding to MSA columns:
# 542-549
name=unknown_E
#
# <colnr> <probs for GDERKNQSTAVLIFYWHMCP>
#	G	D	E	R	K	N	Q	S	T	A	V	L	I	F	Y	W	H	M	C	P
0	0.01826	0.01472	0.01713	0.01618	0.11901	0.01574	0.01144	0.32138	0.23651	0.02952	0.01679	0.01693	0.01261	0.00698	0.00593	0.00178	0.00594	0.00567	0.00538	0.12209
1	0.01482	0.01704	0.15703	0.01471	0.06141	0.05969	0.07850	0.04483	0.03904	0.05839	0.01230	0.01398	0.00950	0.00540	0.00538	0.00143	0.00664	0.00457	0.00370	0.39164
2	0.01373	0.31476	0.06881	0.01205	0.01489	0.04400	0.01088	0.01559	0.01106	0.01446	0.01085	0.01666	0.01064	0.11962	0.08672	0.00322	0.21736	0.00506	0.00287	0.00678
3	0.01469	0.01267	0.01360	0.01174	0.01562	0.01372	0.00917	0.02888	0.58175	0.02440	0.02193	0.02068	0.01664	0.00750	0.00587	0.00183	0.00478	0.00622	0.00567	0.18265
4	0.82811	0.01184	0.00900	0.00805	0.01184	0.01373	0.00663	0.01799	0.01042	0.02746	0.00852	0.00994	0.00663	0.00568	0.00379	0.00189	0.00474	0.00331	0.00379	0.00663
5	0.00815	0.00611	0.00755	0.00745	0.00889	0.00551	0.00549	0.01045	0.01572	0.02134	0.47765	0.15156	0.22333	0.01418	0.00731	0.00204	0.00303	0.01241	0.00633	0.00551
6	0.01063	0.00532	0.00797	0.00797	0.00797	0.00532	0.00532	0.00797	0.00797	0.01063	0.01063	0.01861	0.01063	0.02127	0.02392	0.82190	0.00532	0.00532	0.00266	0.00266
7	0.00827	0.00624	0.00763	0.00728	0.00890	0.00561	0.00546	0.01078	0.01639	0.02231	0.55354	0.04940	0.24907	0.01335	0.00722	0.00196	0.00295	0.01159	0.00644	0.00561

[dist]
# distance from previous block
# <min> <max>
0	9

[block]
# block no. 5 follows, 37 sequences, length 52
# corresponding to MSA columns:
# 561-612
name=unknown_F
#
# <colnr> <probs for GDERKNQSTAVLIFYWHMCP>
#	G	D	E	R	K	N	Q	S	T	A	V	L	I	F	Y	W	H	M	C	P
0	0.01352	0.00633	0.00682	0.00639	0.00825	0.00614	0.00490	0.01631	0.01345	0.11870	0.02052	0.02256	0.01562	0.00719	0.00453	0.00149	0.00316	0.00576	0.71203	0.00633
1	0.02746	0.01042	0.01421	0.01089	0.01563	0.00900	0.00900	0.02983	0.01752	0.75093	0.02415	0.02083	0.01515	0.00758	0.00616	0.00189	0.00521	0.00616	0.00758	0.01042
2	0.00741	0.00620	0.00647	0.00657	0.00851	0.00526	0.00495	0.00904	0.01399	0.01687	0.08547	0.09151	0.65745	0.01561	0.00731	0.00211	0.00322	0.04115	0.00572	0.00520
3	0.82811	0.01184	0.00900	0.00805	0.01184	0.01373	0.00663	0.01799	0.01042	0.02746	0.00852	0.00994	0.00663	0.00568	0.00379	0.00189	0.00474	0.00331	0.00379	0.00663
4	0.00765	0.00619	0.00679	0.00670	0.00854	0.00534	0.00500	0.00957	0.01485	0.01879	0.25559	0.07762	0.52642	0.01476	0.00725	0.00204	0.00305	0.01253	0.00599	0.00534
5	0.01320	0.01312	0.01871	0.09678	0.01886	0.01820	0.01378	0.01483	0.00968	0.01483	0.00834	0.01371	0.00805	0.01022	0.01859	0.00261	0.69174	0.00537	0.00268	0.00671
6	0.31844	0.01055	0.01174	0.00956	0.01364	0.01043	0.00783	0.02381	0.01491	0.41917	0.08504	0.01916	0.01598	0.00734	0.00539	0.00190	0.00482	0.00557	0.00611	0.00860
7	0.05644	0.01693	0.01798	0.01384	0.01869	0.01877	0.01143	0.69709	0.02802	0.03812	0.01444	0.01450	0.01025	0.00728	0.00603	0.00184	0.00665	0.00542	0.00603	0.01025
8	0.01168	0.01111	0.01908	0.73996	0.04175	0.01368	0.04570	0.01580	0.01233	0.01580	0.01094	0.01633	0.00821	0.00608	0.00616	0.00204	0.00825	0.00551	0.00274	0.00686
9	0.00917	0.00705	0.01010	0.00987	0.01069	0.00833	0.00752	0.01093	0.00965	0.01388	0.01614	0.02569	0.01579	0.16105	0.58025	0.00860	0.07988	0.00683	0.00330	0.00529
10	0.00817	0.00624	0.00750	0.00718	0.00884	0.00557	0.00539	0.01059	0.01616	0.02178	0.50768	0.05029	0.29527	0.01355	0.00722	0.00197	0.00296	0.01171	0.00637	0.00557
11	0.01510	0.01285	0.01367	0.01229	0.01566	0.01476	0.00960	0.05524	0.66370	0.02583	0.05436	0.02464	0.02042	0.00866	0.00632	0.00208	0.00485	0.02429	0.00623	0.00945
12	0.01649	0.01360	0.01450	0.01271	0.01634	0.01552	0.01007	0.16466	0.56242	0.02772	0.02334	0.02368	0.01796	0.00857	0.00632	0.00207	0.00525	0.04299	0.00618	0.00962
13	0.01339	0.01339	0.01875	0.01607	0.01607	0.01875	0.01339	0.01473	0.00937	0.01473	0.00804	0.01339	0.00804	0.01071	0.02009	0.00268	0.77367	0.00536	0.00268	0.00670
14	0.82811	0.01184	0.00900	0.00805	0.01184	0.01373	0.00663	0.01799	0.01042	0.02746	0.00852	0.00994	0.00663	0.00568	0.00379	0.00189	0.00474	0.00331	0.00379	0.00663
15	0.00748	0.00567	0.00683	0.00767	0.00862	0.00510	0.00528	0.00874	0.01258	0.01615	0.06965	0.49059	0.27350	0.04183	0.00833	0.00243	0.00345	0.01541	0.00566	0.00503
16	0.14730	0.01085	0.01323	0.01040	0.01481	0.01026	0.00856	0.07841	0.01700	0.54681	0.02085	0.01885	0.01355	0.00725	0.00569	0.00186	0.00511	0.00565	0.05400	0.00957
17	0.00746	0.00547	0.00696	0.00815	0.00874	0.00502	0.00549	0.00857	0.01197	0.01567	0.03740	0.66105	0.13977	0.03677	0.00828	0.00251	0.00354	0.01657	0.00564	0.00497
18	0.02287	0.02917	0.01735	0.01577	0.01892	0.76030	0.01183	0.02444	0.01735	0.01498	0.00946	0.01104	0.00788	0.00631	0.00552	0.00158	0.01104	0.00394	0.00315	0.00710
19	0.01134	0.00572	0.00577	0.00576	0.00719	0.00571	0.00432	0.01419	0.01296	0.02287	0.03979	0.02345	0.01684	0.00728	0.00436	0.00144	0.00285	0.00585	0.79661	0.00571
20	0.01976	0.17839	0.01857	0.01296	0.01641	0.42962	0.01034	0.08004	0.01659	0.01807	0.01137	0.01297	0.00933	0.00631	0.00505	0.00152	0.00847	0.00422	0.13271	0.00731
21	0.01562	0.01479	0.01371	0.01240	0.01558	0.12807	0.00955	0.02881	0.54097	0.02386	0.10738	0.02374	0.02165	0.00850	0.00624	0.00198	0.00556	0.00696	0.00582	0.00883
22	0.01706	0.67549	0.04883	0.01131	0.01638	0.11466	0.01095	0.01911	0.01306	0.01460	0.00869	0.01005	0.00786	0.00538	0.00417	0.00136	0.00716	0.00339	0.00268	0.00779
23	0.00746	0.00533	0.00710	0.00852	0.00888	0.00497	0.00568	0.00852	0.01172	0.01563	0.03374	0.78088	0.04049	0.01918	0.00781	0.00249	0.00355	0.01740	0.00568	0.00497
24	0.07179	0.06065	0.07474	0.04362	0.20543	0.01674	0.02795	0.26830	0.10740	0.02708	0.01379	0.01515	0.01051	0.00662	0.00613	0.00187	0.02298	0.00535	0.00449	0.00940
25	0.01063	0.00532	0.00797	0.00797	0.00797	0.00532	0.00532	0.00797	0.00797	0.01063	0.01063	0.01861	0.01063	0.02127	0.02392	0.82190	0.00532	0.00532	0.00266	0.00266
26	0.00889	0.00597	0.00687	0.00687	0.00693	0.00604	0.00394	0.00902	0.00896	0.01201	0.01911	0.03910	0.02184	0.74067	0.07479	0.00617	0.00656	0.00876	0.00368	0.00381
27	0.07436	0.19915	0.24453	0.01669	0.08671	0.10008	0.04660	0.12612	0.01568	0.02129	0.01074	0.01242	0.00836	0.00590	0.00534	0.00173	0.00793	0.00444	0.00334	0.00861
28	0.01319	0.01309	0.01835	0.01579	0.01584	0.01826	0.01314	0.01456	0.00940	0.01471	0.00841	0.01386	0.00836	0.01227	0.05291	0.00300	0.74010	0.00541	0.00271	0.00664
29	0.00723	0.00620	0.00620	0.00620	0.00827	0.00517	0.00465	0.00878	0.01395	0.01654	0.06201	0.05891	0.74421	0.01550	0.00723	0.00207	0.00310	0.01292	0.00568	0.00517
30	0.00972	0.06574	0.05338	0.00864	0.01097	0.00814	0.00725	0.01355	0.05933	0.02296	0.55285	0.04080	0.10032	0.01156	0.00684	0.00190	0.00365	0.01001	0.00608	0.00631
31	0.01355	0.01085	0.01278	0.00917	0.01457	0.00821	0.00735	0.01625	0.01297	0.06239	0.01165	0.01317	0.00942	0.00471	0.00463	0.00096	0.00457	0.00377	0.00386	0.77516
32	0.01141	0.00571	0.00571	0.00571	0.00713	0.00571	0.00428	0.01426	0.01284	0.02282	0.01997	0.02282	0.01569	0.00713	0.00428	0.00143	0.00285	0.00571	0.81886	0.00571
33	0.82811	0.01184	0.00900	0.00805	0.01184	0.01373	0.00663	0.01799	0.01042	0.02746	0.00852	0.00994	0.00663	0.00568	0.00379	0.00189	0.00474	0.00331	0.00379	0.00663
34	0.00727	0.00605	0.00636	0.00660	0.00837	0.00513	0.00483	0.00874	0.01357	0.01638	0.05713	0.18367	0.62260	0.01614	0.00733	0.00214	0.00318	0.01369	0.00568	0.00513
35	0.01287	0.05197	0.52792	0.03202	0.05688	0.01313	0.01870	0.01868	0.01358	0.05214	0.08569	0.01665	0.01333	0.00647	0.00585	0.00185	0.00780	0.00523	0.00331	0.05593
36	0.65883	0.14984	0.03652	0.00877	0.01298	0.01560	0.00781	0.01810	0.01085	0.02490	0.00860	0.01002	0.00688	0.00561	0.00388	0.00179	0.00519	0.00335	0.00354	0.00692
37	0.01515	0.01454	0.02485	0.03757	0.74669	0.01454	0.01879	0.01879	0.01394	0.02000	0.01151	0.01515	0.00970	0.00545	0.00606	0.00182	0.00727	0.00545	0.00303	0.00970
38	0.64703	0.03815	0.06941	0.00988	0.01429	0.01460	0.02871	0.07897	0.01237	0.02716	0.00935	0.01077	0.00715	0.00581	0.00425	0.00188	0.00546	0.00371	0.00384	0.00723
39	0.00951	0.00689	0.00877	0.00807	0.00972	0.00654	0.00612	0.05305	0.01799	0.02536	0.70115	0.04392	0.05501	0.01221	0.00716	0.00192	0.00311	0.01075	0.00670	0.00604
40	0.01523	0.01315	0.01384	0.01246	0.01592	0.01523	0.00969	0.03253	0.73563	0.02561	0.02491	0.02284	0.01869	0.00830	0.00623	0.00208	0.00484	0.00692	0.00623	0.00969
41	0.02327	0.01715	0.01837	0.01408	0.01898	0.01898	0.01163	0.72628	0.02878	0.03858	0.01470	0.01470	0.01041	0.00735	0.00612	0.00184	0.00674	0.00551	0.00612	0.01041
42	0.00759	0.00554	0.00695	0.00798	0.00858	0.00511	0.00534	0.00867	0.01190	0.01559	0.05208	0.58495	0.14406	0.09305	0.00999	0.00275	0.00370	0.01577	0.00551	0.00490
43	0.02167	0.01595	0.01718	0.01358	0.01815	0.01770	0.01108	0.54069	0.18524	0.06795	0.01739	0.01678	0.01246	0.00757	0.00615	0.00189	0.00625	0.00585	0.00621	0.01025
44	0.01526	0.01876	0.16124	0.09635	0.35071	0.07638	0.08343	0.03884	0.01420	0.03485	0.01147	0.01465	0.00906	0.00596	0.00672	0.00191	0.04293	0.00533	0.00310	0.00886
45	0.01205	0.02855	0.64512	0.01732	0.02549	0.01358	0.06961	0.01855	0.01293	0.01911	0.01287	0.07356	0.01043	0.00682	0.00607	0.00199	0.00870	0.00572	0.00286	0.00867
46	0.00879	0.00645	0.00803	0.00894	0.00982	0.00644	0.00625	0.01220	0.10736	0.01769	0.05644	0.59756	0.03679	0.01683	0.00742	0.00237	0.00372	0.03315	0.04809	0.00568
47	0.30753	0.05831	0.03414	0.04909	0.07373	0.15178	0.04336	0.08160	0.04406	0.02302	0.01192	0.04203	0.00987	0.00658	0.00509	0.00182	0.00678	0.00488	0.03688	0.00752
48	0.01222	0.01089	0.01564	0.46046	0.05044	0.04558	0.01365	0.01659	0.06002	0.04067	0.08840	0.02632	0.06355	0.00836	0.00646	0.00206	0.00692	0.06094	0.00394	0.00690
49	0.01636	0.15576	0.07713	0.04862	0.03726	0.25934	0.04578	0.01965	0.05308	0.01676	0.03652	0.03086	0.03704	0.02890	0.00757	0.00190	0.07777	0.00542	0.03699	0.00730
50	0.00925	0.00653	0.00787	0.00743	0.00901	0.00607	0.00550	0.01201	0.03176	0.02182	0.43616	0.04210	0.11808	0.09280	0.00924	0.00227	0.00341	0.02569	0.11047	0.04254
51	0.05272	0.04958	0.04607	0.07271	0.04645	0.05054	0.03002	0.11589	0.30050	0.02403	0.01762	0.04158	0.01386	0.00731	0.00580	0.00184	0.00602	0.00598	0.02205	0.08944

[dist]
# distance from previous block
# <min> <max>
0	2

[block]
# block no. 6 follows, 37 sequences, length 22
# corresponding to MSA columns:
# 615-636
name=unknown_G
#
# <colnr> <probs for GDERKNQSTAVLIFYWHMCP>
#	G	D	E	R	K	N	Q	S	T	A	V	L	I	F	Y	W	H	M	C	P
0	0.00884	0.00716	0.00807	0.00767	0.00981	0.00652	0.00583	0.01234	0.08124	0.01998	0.25386	0.07610	0.37673	0.01344	0.00703	0.00199	0.00340	0.03548	0.00591	0.05861
1	0.05925	0.16398	0.26473	0.01804	0.10473	0.05528	0.07361	0.11041	0.01502	0.02098	0.01081	0.01290	0.00843	0.00611	0.00633	0.00183	0.05098	0.00470	0.00324	0.00865
2	0.01432	0.32130	0.33566	0.04363	0.05580	0.01799	0.03723	0.04568	0.01357	0.01828	0.03704	0.01333	0.00988	0.00587	0.00521	0.00169	0.00769	0.00447	0.00293	0.00844
3	0.01365	0.00831	0.01024	0.00899	0.01154	0.00797	0.00699	0.04177	0.10511	0.17261	0.41220	0.03819	0.11518	0.01113	0.00685	0.00195	0.00375	0.00957	0.00672	0.00729
4	0.01123	0.00854	0.00936	0.00878	0.01118	0.00851	0.00674	0.07510	0.15381	0.04904	0.09231	0.12771	0.34045	0.01315	0.00693	0.00209	0.00394	0.03538	0.02901	0.00673
5	0.05149	0.08579	0.06707	0.01027	0.01568	0.01049	0.02967	0.01639	0.01274	0.04105	0.01181	0.04022	0.01006	0.00538	0.00478	0.00118	0.00521	0.00432	0.00364	0.57277
6	0.04500	0.03796	0.03592	0.01388	0.12208	0.03114	0.00960	0.03289	0.03553	0.11806	0.18575	0.10083	0.10722	0.01040	0.00699	0.00196	0.03370	0.02920	0.00527	0.03662
7	0.00845	0.00577	0.00691	0.00742	0.00758	0.00565	0.00454	0.00889	0.00999	0.01330	0.02446	0.28625	0.02867	0.50866	0.02276	0.00470	0.00514	0.03225	0.00442	0.00418
8	0.00892	0.00704	0.01028	0.02687	0.07876	0.00668	0.04006	0.01086	0.01307	0.01784	0.12330	0.44835	0.11005	0.01510	0.00726	0.00222	0.00413	0.01367	0.04977	0.00576
9	0.01700	0.19214	0.08785	0.14027	0.09407	0.19153	0.06929	0.02012	0.01422	0.06557	0.01157	0.01478	0.00937	0.00627	0.00590	0.00176	0.02487	0.02226	0.00324	0.00791
10	0.02108	0.01442	0.01510	0.01293	0.04265	0.09519	0.01002	0.29074	0.04210	0.20570	0.05463	0.02111	0.03050	0.00798	0.00605	0.00183	0.00613	0.02970	0.08307	0.00905
11	0.00890	0.00593	0.00668	0.00668	0.00668	0.00593	0.00371	0.00890	0.00890	0.01187	0.01929	0.04006	0.02225	0.78487	0.03116	0.00593	0.00593	0.00890	0.00371	0.00371
12	0.01963	0.01614	0.09710	0.12646	0.05364	0.03139	0.07160	0.24227	0.07205	0.18329	0.01609	0.01676	0.01125	0.00684	0.00618	0.00192	0.00713	0.00574	0.00513	0.00940
13	0.01644	0.17617	0.16385	0.02012	0.19461	0.13324	0.03983	0.02131	0.08334	0.04635	0.01215	0.01394	0.00966	0.00617	0.00611	0.00177	0.03811	0.00482	0.00335	0.00865
14	0.04054	0.01298	0.08362	0.01201	0.01520	0.06745	0.08604	0.01759	0.14087	0.02107	0.21762	0.07947	0.11084	0.02770	0.00742	0.00209	0.01955	0.00885	0.02207	0.00702
15	0.00961	0.00652	0.00735	0.00719	0.00748	0.00660	0.00426	0.04855	0.01016	0.01356	0.01987	0.08153	0.02265	0.69756	0.02842	0.00551	0.00584	0.00921	0.00396	0.00415
16	0.09181	0.09259	0.19008	0.01956	0.09247	0.09930	0.20134	0.06346	0.01442	0.02024	0.01084	0.01344	0.00844	0.00596	0.00662	0.00189	0.05094	0.00513	0.00317	0.00830
17	0.01182	0.00639	0.00662	0.00639	0.00791	0.00653	0.00479	0.05328	0.01338	0.02275	0.01950	0.02337	0.01574	0.05169	0.03573	0.00203	0.00377	0.00591	0.69655	0.00585
18	0.01528	0.08565	0.15076	0.07667	0.14483	0.09274	0.06961	0.09723	0.03049	0.02038	0.01485	0.03509	0.04673	0.00688	0.00621	0.00181	0.02676	0.00571	0.03191	0.04042
19	0.00909	0.00683	0.00815	0.00855	0.00981	0.00678	0.00612	0.02935	0.09279	0.01821	0.08962	0.38765	0.15244	0.05577	0.04084	0.00277	0.00433	0.02744	0.03774	0.00572
20	0.01201	0.05905	0.13042	0.01369	0.06310	0.01078	0.10285	0.03389	0.01453	0.04669	0.13709	0.03087	0.19610	0.00946	0.00685	0.00191	0.03320	0.00813	0.08221	0.00715
21	0.01361	0.20413	0.34465	0.01354	0.01956	0.07009	0.01495	0.03326	0.01349	0.01809	0.04982	0.08027	0.01366	0.02769	0.00619	0.00185	0.00741	0.00570	0.00328	0.05878

[dist]
# distance from previous block
# <min> <max>
0	178

# created by:
# /home/cegg/simao/soft/augustus-3.2.1/scripts/msa2prfl.pl ./align_prep/EOG090W0ALA.fa
