[name]
unknown

[dist]
# distance from previous block
# <min> <max>
0	59

[block]
# block no. 0 follows, 34 sequences, length 50
# corresponding to MSA columns:
# 59-80,83-110
name=unknown_A
#
# <colnr> <probs for GDERKNQSTAVLIFYWHMCP>
#	G	D	E	R	K	N	Q	S	T	A	V	L	I	F	Y	W	H	M	C	P
0	0.01041	0.00744	0.01041	0.01190	0.01339	0.00744	0.01041	0.01339	0.01487	0.01934	0.03421	0.07288	0.03719	0.01785	0.00892	0.00297	0.00595	0.68913	0.00595	0.00595
1	0.01599	0.01535	0.02623	0.03966	0.73262	0.01535	0.01983	0.01983	0.01471	0.02111	0.01215	0.01599	0.01023	0.00576	0.00640	0.00192	0.00768	0.00576	0.00320	0.01023
2	0.00787	0.00562	0.00750	0.00900	0.00937	0.00525	0.00600	0.00900	0.01237	0.01649	0.03561	0.76871	0.04274	0.02024	0.00825	0.00262	0.00375	0.01837	0.00600	0.00525
3	0.00787	0.00562	0.00750	0.00900	0.00937	0.00525	0.00600	0.00900	0.01237	0.01649	0.03561	0.76871	0.04274	0.02024	0.00825	0.00262	0.00375	0.01837	0.00600	0.00525
4	0.01296	0.03342	0.73944	0.01842	0.02797	0.01501	0.02387	0.02046	0.01364	0.02046	0.01160	0.01364	0.00818	0.00614	0.00614	0.00205	0.00955	0.00477	0.00273	0.00955
5	0.02454	0.01881	0.01933	0.01497	0.02003	0.06077	0.01229	0.67267	0.02970	0.03933	0.01520	0.01530	0.01084	0.00769	0.00643	0.00192	0.00736	0.00572	0.00629	0.01079
6	0.13603	0.01494	0.01529	0.01298	0.01714	0.01703	0.01037	0.23478	0.41024	0.03142	0.02054	0.01954	0.01525	0.00806	0.00616	0.00209	0.00569	0.00630	0.00616	0.00998
7	0.01273	0.01186	0.01940	0.69079	0.04213	0.01485	0.01754	0.03994	0.01334	0.01727	0.01145	0.01700	0.00869	0.00678	0.00729	0.00218	0.05073	0.00574	0.00299	0.00730
8	0.00909	0.00613	0.00714	0.00744	0.00752	0.00606	0.00434	0.00932	0.01000	0.01333	0.02345	0.18928	0.02738	0.62062	0.02790	0.00553	0.00576	0.01121	0.00434	0.00418
9	0.01296	0.03342	0.73944	0.01842	0.02797	0.01501	0.02387	0.02046	0.01364	0.02046	0.01160	0.01364	0.00818	0.00614	0.00614	0.00205	0.00955	0.00477	0.00273	0.00955
10	0.02899	0.01100	0.01499	0.01150	0.01649	0.00950	0.00950	0.03149	0.01849	0.73709	0.02549	0.02199	0.01599	0.00800	0.00650	0.00200	0.00550	0.00650	0.00800	0.01100
11	0.00776	0.00628	0.00690	0.00732	0.00895	0.00542	0.00527	0.00929	0.01416	0.01747	0.08013	0.26956	0.50415	0.01739	0.00782	0.00231	0.00340	0.01496	0.00604	0.00542
12	0.02420	0.02894	0.01847	0.01639	0.01998	0.64062	0.01245	0.12607	0.02008	0.01946	0.01080	0.01222	0.00871	0.00682	0.00592	0.00170	0.01099	0.00440	0.00379	0.00800
13	0.02310	0.02251	0.01896	0.09309	0.02257	0.31161	0.01295	0.36315	0.02371	0.02818	0.01287	0.01414	0.00967	0.00718	0.00621	0.00185	0.00909	0.00514	0.00483	0.00918
14	0.02774	0.01149	0.01524	0.01254	0.04167	0.02849	0.00983	0.03022	0.01816	0.67051	0.02494	0.04512	0.01644	0.00827	0.00653	0.00201	0.00568	0.00679	0.00764	0.01070
15	0.00787	0.00562	0.00750	0.00900	0.00937	0.00525	0.00600	0.00900	0.01237	0.01649	0.03561	0.76871	0.04274	0.02024	0.00825	0.00262	0.00375	0.01837	0.00600	0.00525
16	0.02111	0.01499	0.01652	0.01323	0.01721	0.01665	0.01075	0.45457	0.07279	0.07293	0.01765	0.03637	0.01347	0.02504	0.00785	0.00207	0.05839	0.00636	0.11235	0.00971
17	0.00778	0.00652	0.00659	0.00659	0.00859	0.00552	0.00483	0.00928	0.01429	0.01705	0.06171	0.06053	0.67139	0.07912	0.00973	0.00252	0.00352	0.01328	0.00583	0.00533
18	0.04366	0.08178	0.05563	0.02410	0.22562	0.03621	0.21600	0.01904	0.02927	0.03978	0.01679	0.12789	0.01571	0.00835	0.00681	0.00210	0.00790	0.03094	0.00390	0.00854
19	0.01855	0.01700	0.01588	0.01392	0.01776	0.12362	0.01087	0.13640	0.51271	0.02748	0.02227	0.02097	0.01672	0.00830	0.00645	0.00208	0.00638	0.00662	0.00608	0.00994
20	0.78815	0.01271	0.00988	0.00874	0.01278	0.01471	0.00720	0.04550	0.01174	0.02944	0.00925	0.01069	0.00715	0.00607	0.00409	0.00200	0.00508	0.00359	0.00409	0.00715
21	0.13831	0.63450	0.02967	0.01081	0.01609	0.02370	0.01049	0.04401	0.01342	0.01819	0.00922	0.01057	0.00819	0.00568	0.00421	0.00149	0.00663	0.00355	0.00308	0.00819
22	0.02164	0.01616	0.01722	0.01360	0.01821	0.01776	0.01111	0.55106	0.09927	0.03651	0.02170	0.02125	0.08268	0.00870	0.00653	0.00198	0.00640	0.00674	0.03127	0.01021
23	0.01759	0.01428	0.02082	0.02637	0.37303	0.03769	0.03677	0.02425	0.17288	0.12669	0.01884	0.07047	0.01536	0.00777	0.00660	0.00204	0.00675	0.00709	0.00485	0.00986
24	0.00777	0.00655	0.00674	0.00669	0.00881	0.00551	0.00502	0.00954	0.01505	0.01823	0.12607	0.06091	0.66890	0.01608	0.00764	0.00217	0.00325	0.01346	0.00610	0.00551
25	0.00971	0.00830	0.01209	0.01040	0.01233	0.00793	0.10818	0.01150	0.01304	0.01687	0.09177	0.06068	0.28425	0.25427	0.04221	0.00378	0.03145	0.01086	0.00483	0.00556
26	0.79173	0.01244	0.00968	0.00860	0.01263	0.01433	0.00708	0.01942	0.01125	0.05305	0.00956	0.01089	0.00730	0.00607	0.00408	0.00200	0.00502	0.00360	0.00413	0.00713
27	0.01220	0.01148	0.01938	0.75739	0.04450	0.01436	0.01794	0.01651	0.01292	0.01651	0.01148	0.01723	0.00861	0.00646	0.00646	0.00215	0.00861	0.00574	0.00287	0.00718
28	0.00790	0.00656	0.00691	0.00682	0.00889	0.00557	0.00512	0.00978	0.01535	0.01893	0.18095	0.05976	0.61358	0.01582	0.00763	0.00216	0.00323	0.01330	0.00619	0.00557
29	0.01296	0.03342	0.73944	0.01842	0.02797	0.01501	0.02387	0.02046	0.01364	0.02046	0.01160	0.01364	0.00818	0.00614	0.00614	0.00205	0.00955	0.00477	0.00273	0.00955
30	0.02456	0.01810	0.01939	0.01487	0.02004	0.02004	0.01228	0.71107	0.03038	0.04072	0.01551	0.01551	0.01099	0.00776	0.00646	0.00194	0.00711	0.00582	0.00646	0.01099
31	0.00923	0.00692	0.01038	0.01038	0.01154	0.00808	0.00808	0.01154	0.01038	0.01500	0.01731	0.02538	0.01615	0.04846	0.74732	0.01038	0.01731	0.00692	0.00346	0.00577
32	0.02456	0.01810	0.01939	0.01487	0.02004	0.02004	0.01228	0.71107	0.03038	0.04072	0.01551	0.01551	0.01099	0.00776	0.00646	0.00194	0.00711	0.00582	0.00646	0.01099
33	0.01204	0.00602	0.00602	0.00602	0.00753	0.00602	0.00452	0.01506	0.01355	0.02409	0.02108	0.02409	0.01656	0.00753	0.00452	0.00151	0.00301	0.00602	0.80879	0.00602
34	0.01599	0.01535	0.02623	0.03966	0.73262	0.01535	0.01983	0.01983	0.01471	0.02111	0.01215	0.01599	0.01023	0.00576	0.00640	0.00192	0.00768	0.00576	0.00320	0.01023
35	0.01024	0.00731	0.01021	0.01170	0.01311	0.00729	0.01011	0.01308	0.01470	0.01914	0.03431	0.12084	0.03757	0.01801	0.00888	0.00295	0.00580	0.64289	0.00595	0.00590
36	0.02457	0.01034	0.01379	0.01096	0.01524	0.00923	0.00890	0.02805	0.05782	0.56470	0.15675	0.02701	0.02459	0.00901	0.00671	0.00202	0.00502	0.00751	0.00775	0.01004
37	0.62710	0.01213	0.01083	0.00922	0.01347	0.01328	0.00760	0.02202	0.01281	0.20070	0.01300	0.01328	0.00918	0.00648	0.00460	0.00200	0.00512	0.00423	0.00497	0.00797
38	0.12679	0.02257	0.01631	0.01420	0.01808	0.41599	0.01099	0.06049	0.05664	0.17664	0.01441	0.01463	0.01058	0.00704	0.00581	0.00182	0.00887	0.00484	0.00477	0.00852
39	0.01589	0.53741	0.26108	0.01343	0.02025	0.02217	0.01518	0.01971	0.01329	0.01690	0.00982	0.01142	0.00826	0.00572	0.00479	0.00160	0.00776	0.00388	0.00275	0.00870
40	0.01599	0.01535	0.02623	0.03966	0.73262	0.01535	0.01983	0.01983	0.01471	0.02111	0.01215	0.01599	0.01023	0.00576	0.00640	0.00192	0.00768	0.00576	0.00320	0.01023
41	0.01966	0.01417	0.02653	0.01945	0.02494	0.01309	0.37441	0.04815	0.01709	0.26816	0.06628	0.02241	0.03867	0.00727	0.00720	0.00210	0.00814	0.00763	0.00535	0.00930
42	0.00849	0.00599	0.00783	0.00907	0.00953	0.00573	0.00626	0.00968	0.01221	0.01621	0.03277	0.54541	0.03862	0.15031	0.01261	0.00330	0.00449	0.11075	0.00563	0.00512
43	0.00923	0.00692	0.01038	0.01038	0.01154	0.00808	0.00808	0.01154	0.01038	0.01500	0.01731	0.02538	0.01615	0.04846	0.74732	0.01038	0.01731	0.00692	0.00346	0.00577
44	0.01599	0.01535	0.02623	0.03966	0.73262	0.01535	0.01983	0.01983	0.01471	0.02111	0.01215	0.01599	0.01023	0.00576	0.00640	0.00192	0.00768	0.00576	0.00320	0.01023
45	0.01305	0.01235	0.02091	0.59724	0.19805	0.01458	0.01837	0.01725	0.01332	0.01754	0.01163	0.01695	0.00898	0.00630	0.00645	0.00210	0.00840	0.00575	0.00294	0.00786
46	0.00939	0.00630	0.00723	0.00723	0.00730	0.00637	0.00415	0.00952	0.00945	0.01267	0.02019	0.04134	0.02308	0.73233	0.07292	0.00650	0.00688	0.00926	0.00389	0.00402
47	0.01951	0.02185	0.01626	0.01526	0.03999	0.37945	0.01128	0.02791	0.30036	0.02060	0.02043	0.02028	0.06271	0.00815	0.00627	0.00192	0.00832	0.00613	0.00481	0.00854
48	0.02580	0.05518	0.01711	0.01241	0.01741	0.01357	0.01030	0.20867	0.06957	0.44329	0.02158	0.01953	0.01431	0.00775	0.00631	0.00193	0.00595	0.00612	0.00708	0.03613
49	0.01454	0.14548	0.54060	0.01629	0.02470	0.01589	0.01999	0.02061	0.01381	0.05910	0.01195	0.01358	0.00873	0.00605	0.00576	0.00187	0.00859	0.00460	0.00310	0.06477

[dist]
# distance from previous block
# <min> <max>
3	6

[block]
# block no. 1 follows, 34 sequences, length 11
# corresponding to MSA columns:
# 117-127
name=unknown_B
#
# <colnr> <probs for GDERKNQSTAVLIFYWHMCP>
#	G	D	E	R	K	N	Q	S	T	A	V	L	I	F	Y	W	H	M	C	P
0	0.01748	0.01888	0.01989	0.01699	0.01880	0.21214	0.05149	0.05020	0.08140	0.01808	0.01114	0.01467	0.00970	0.00936	0.01434	0.00238	0.41627	0.00553	0.00350	0.00774
1	0.01875	0.61823	0.03064	0.01213	0.01730	0.13381	0.01135	0.06253	0.01496	0.01685	0.00953	0.01087	0.00846	0.00583	0.00454	0.00146	0.00764	0.00371	0.00307	0.00834
2	0.00797	0.00566	0.00747	0.00887	0.00922	0.00531	0.00586	0.00902	0.01218	0.01624	0.03463	0.72190	0.04150	0.06874	0.00983	0.00286	0.00391	0.01779	0.00586	0.00516
3	0.01515	0.01713	0.03648	0.02631	0.03226	0.01665	0.64664	0.02023	0.01477	0.02023	0.01266	0.01713	0.00968	0.00597	0.00885	0.00224	0.07837	0.00745	0.00323	0.00857
4	0.02899	0.01100	0.01499	0.01150	0.01649	0.00950	0.00950	0.03149	0.01849	0.73709	0.02549	0.02199	0.01599	0.00800	0.00650	0.00200	0.00550	0.00650	0.00800	0.01100
5	0.00787	0.00562	0.00750	0.00900	0.00937	0.00525	0.00600	0.00900	0.01237	0.01649	0.03561	0.76871	0.04274	0.02024	0.00825	0.00262	0.00375	0.01837	0.00600	0.00525
6	0.02456	0.01810	0.01939	0.01487	0.02004	0.02004	0.01228	0.71107	0.03038	0.04072	0.01551	0.01551	0.01099	0.00776	0.00646	0.00194	0.00711	0.00582	0.00646	0.01099
7	0.01340	0.01148	0.01340	0.00957	0.01531	0.00861	0.00766	0.01627	0.01340	0.02105	0.01148	0.01340	0.00957	0.00479	0.00479	0.00096	0.00479	0.00383	0.00383	0.81242
8	0.01340	0.01148	0.01340	0.00957	0.01531	0.00861	0.00766	0.01627	0.01340	0.02105	0.01148	0.01340	0.00957	0.00479	0.00479	0.00096	0.00479	0.00383	0.00383	0.81242
9	0.01461	0.02191	0.23455	0.02476	0.03214	0.01597	0.51722	0.02063	0.01480	0.02063	0.01266	0.01637	0.00935	0.00564	0.00721	0.00214	0.01052	0.00683	0.00312	0.00895
10	0.10769	0.01394	0.01450	0.01245	0.01639	0.01572	0.00989	0.16762	0.42121	0.06890	0.02184	0.02074	0.01615	0.00814	0.00614	0.00207	0.00540	0.00646	0.05493	0.00981

[dist]
# distance from previous block
# <min> <max>
2	11

[block]
# block no. 2 follows, 34 sequences, length 33
# corresponding to MSA columns:
# 139-148,150-172
name=unknown_C
#
# <colnr> <probs for GDERKNQSTAVLIFYWHMCP>
#	G	D	E	R	K	N	Q	S	T	A	V	L	I	F	Y	W	H	M	C	P
0	0.01016	0.00752	0.01076	0.17206	0.01706	0.00849	0.00869	0.01243	0.01143	0.01633	0.01922	0.11041	0.01897	0.16893	0.25917	0.00565	0.00972	0.00830	0.11901	0.00570
1	0.06811	0.02077	0.01855	0.06328	0.02119	0.21520	0.01241	0.44252	0.02491	0.03178	0.01340	0.01430	0.00989	0.00728	0.00615	0.00188	0.00831	0.00524	0.00525	0.00957
2	0.09611	0.01579	0.01886	0.40270	0.09744	0.13924	0.01552	0.06376	0.01478	0.01959	0.01114	0.01522	0.00870	0.00673	0.00690	0.00206	0.04915	0.00525	0.00332	0.00774
3	0.02456	0.01810	0.01939	0.01487	0.02004	0.02004	0.01228	0.71107	0.03038	0.04072	0.01551	0.01551	0.01099	0.00776	0.00646	0.00194	0.00711	0.00582	0.00646	0.01099
4	0.01101	0.00881	0.01377	0.01196	0.01455	0.00830	0.12577	0.01409	0.03213	0.05965	0.14489	0.14793	0.21249	0.01727	0.08171	0.00310	0.00642	0.07398	0.00558	0.00658
5	0.02456	0.01810	0.01939	0.01487	0.02004	0.02004	0.01228	0.71107	0.03038	0.04072	0.01551	0.01551	0.01099	0.00776	0.00646	0.00194	0.00711	0.00582	0.00646	0.01099
6	0.81856	0.01250	0.00950	0.00850	0.01250	0.01449	0.00700	0.01899	0.01100	0.02899	0.00900	0.01050	0.00700	0.00600	0.00400	0.00200	0.00500	0.00350	0.00400	0.00700
7	0.01688	0.70835	0.09884	0.01173	0.01763	0.02459	0.01224	0.01945	0.01318	0.01569	0.00922	0.01067	0.00828	0.00558	0.00433	0.00144	0.00715	0.00358	0.00276	0.00841
8	0.01349	0.12550	0.65204	0.01750	0.02656	0.01631	0.02229	0.02032	0.01358	0.01981	0.01127	0.01324	0.00820	0.00606	0.00589	0.00196	0.00922	0.00461	0.00273	0.00939
9	0.28371	0.25228	0.28094	0.01286	0.01933	0.01804	0.01433	0.01963	0.01260	0.02172	0.00993	0.01159	0.00782	0.00591	0.00482	0.00183	0.00723	0.00395	0.00316	0.00831
10	0.47534	0.01119	0.01023	0.00899	0.01243	0.01228	0.00724	0.08098	0.01503	0.05358	0.18937	0.02343	0.06048	0.00856	0.00540	0.00201	0.00464	0.00637	0.00524	0.00720
11	0.01273	0.01086	0.01224	0.00968	0.01420	0.00939	0.00761	0.01837	0.15013	0.02189	0.06360	0.02543	0.13260	0.00793	0.00576	0.00146	0.00450	0.00655	0.00490	0.48018
12	0.00787	0.00562	0.00750	0.00900	0.00937	0.00525	0.00600	0.00900	0.01237	0.01649	0.03561	0.76871	0.04274	0.02024	0.00825	0.00262	0.00375	0.01837	0.00600	0.00525
13	0.01204	0.00602	0.00602	0.00602	0.00753	0.00602	0.00452	0.01506	0.01355	0.02409	0.02108	0.02409	0.01656	0.00753	0.00452	0.00151	0.00301	0.00602	0.80879	0.00602
14	0.01727	0.77681	0.03386	0.01106	0.01658	0.02557	0.01106	0.01935	0.01313	0.01520	0.00898	0.01036	0.00829	0.00553	0.00415	0.00138	0.00691	0.00345	0.00276	0.00829
15	0.01607	0.01388	0.01461	0.01315	0.01680	0.01607	0.01023	0.03433	0.72094	0.02703	0.02630	0.02411	0.01972	0.00877	0.00657	0.00219	0.00511	0.00731	0.00657	0.01023
16	0.00764	0.00655	0.00655	0.00655	0.00873	0.00545	0.00491	0.00927	0.01473	0.01745	0.06546	0.06218	0.73000	0.01636	0.00764	0.00218	0.00327	0.01364	0.00600	0.00545
17	0.02452	0.01927	0.01929	0.01503	0.02003	0.08699	0.01230	0.64796	0.02927	0.03843	0.01500	0.01516	0.01074	0.00766	0.00640	0.00191	0.00753	0.00566	0.00618	0.01067
18	0.01248	0.01203	0.02111	0.69015	0.04351	0.01454	0.08160	0.01689	0.01313	0.01689	0.01163	0.01725	0.00872	0.00637	0.00657	0.00216	0.00882	0.00592	0.00291	0.00732
19	0.01575	0.01511	0.02580	0.08460	0.68953	0.01529	0.01971	0.01962	0.01460	0.02082	0.01211	0.01607	0.01013	0.00580	0.00640	0.00193	0.00773	0.00576	0.00318	0.01004
20	0.01561	0.01342	0.01421	0.01292	0.01639	0.01547	0.00999	0.03292	0.68127	0.02644	0.02682	0.06580	0.02101	0.00941	0.00667	0.00222	0.00504	0.00792	0.00654	0.00995
21	0.00850	0.00647	0.00873	0.00979	0.01013	0.00670	0.00681	0.00965	0.01212	0.01640	0.03290	0.69325	0.03931	0.01935	0.00954	0.00264	0.07948	0.01710	0.00568	0.00543
22	0.00940	0.00626	0.00705	0.00705	0.00705	0.00626	0.00392	0.00940	0.00940	0.01253	0.02036	0.04228	0.02349	0.77292	0.03289	0.00626	0.00626	0.00940	0.00392	0.00392
23	0.01024	0.00851	0.01116	0.01096	0.01220	0.04986	0.00853	0.01248	0.01081	0.01506	0.01659	0.02422	0.01545	0.04482	0.68047	0.00963	0.04294	0.00672	0.00343	0.00591
24	0.00787	0.00562	0.00750	0.00900	0.00937	0.00525	0.00600	0.00900	0.01237	0.01649	0.03561	0.76871	0.04274	0.02024	0.00825	0.00262	0.00375	0.01837	0.00600	0.00525
25	0.00779	0.00655	0.00675	0.00670	0.00882	0.00552	0.00503	0.00956	0.01508	0.01830	0.13183	0.06079	0.66309	0.01605	0.00763	0.00217	0.00325	0.01344	0.00611	0.00552
26	0.02899	0.01100	0.01499	0.01150	0.01649	0.00950	0.00950	0.03149	0.01849	0.73709	0.02549	0.02199	0.01599	0.00800	0.00650	0.00200	0.00550	0.00650	0.00800	0.01100
27	0.01607	0.01388	0.01461	0.01315	0.01680	0.01607	0.01023	0.03433	0.72094	0.02703	0.02630	0.02411	0.01972	0.00877	0.00657	0.00219	0.00511	0.00731	0.00657	0.01023
28	0.00813	0.00580	0.00779	0.00929	0.00977	0.00547	0.00644	0.00944	0.01262	0.01678	0.03547	0.69913	0.04218	0.02000	0.00831	0.00266	0.00397	0.08544	0.00599	0.00532
29	0.02414	0.03079	0.01831	0.01665	0.01998	0.74698	0.01248	0.02580	0.01831	0.01581	0.00999	0.01165	0.00832	0.00666	0.00583	0.00166	0.01165	0.00416	0.00333	0.00749
30	0.02596	0.01362	0.01639	0.01266	0.01752	0.01358	0.01042	0.30734	0.02333	0.40925	0.06491	0.02097	0.01673	0.00822	0.00655	0.00198	0.00600	0.00654	0.00732	0.01069
31	0.02614	0.01255	0.01553	0.01218	0.01695	0.01219	0.00997	0.16122	0.10332	0.50014	0.02355	0.02106	0.01549	0.00803	0.00644	0.00200	0.00569	0.00645	0.03033	0.01076
32	0.00940	0.00626	0.00705	0.00705	0.00705	0.00626	0.00392	0.00940	0.00940	0.01253	0.02036	0.04228	0.02349	0.77292	0.03289	0.00626	0.00626	0.00940	0.00392	0.00392

[dist]
# distance from previous block
# <min> <max>
0	1

[block]
# block no. 3 follows, 34 sequences, length 62
# corresponding to MSA columns:
# 174-199,201-206,213-242
name=unknown_D
#
# <colnr> <probs for GDERKNQSTAVLIFYWHMCP>
#	G	D	E	R	K	N	Q	S	T	A	V	L	I	F	Y	W	H	M	C	P
0	0.01340	0.01148	0.01340	0.00957	0.01531	0.00861	0.00766	0.01627	0.01340	0.02105	0.01148	0.01340	0.00957	0.00479	0.00479	0.00096	0.00479	0.00383	0.00383	0.81242
1	0.01727	0.77681	0.03386	0.01106	0.01658	0.02557	0.01106	0.01935	0.01313	0.01520	0.00898	0.01036	0.00829	0.00553	0.00415	0.00138	0.00691	0.00345	0.00276	0.00829
2	0.00923	0.00692	0.01038	0.01038	0.01154	0.00808	0.00808	0.01154	0.01038	0.01500	0.01731	0.02538	0.01615	0.04846	0.74732	0.01038	0.01731	0.00692	0.00346	0.00577
3	0.01727	0.77681	0.03386	0.01106	0.01658	0.02557	0.01106	0.01935	0.01313	0.01520	0.00898	0.01036	0.00829	0.00553	0.00415	0.00138	0.00691	0.00345	0.00276	0.00829
4	0.00940	0.00626	0.00705	0.00705	0.00705	0.00626	0.00392	0.00940	0.00940	0.01253	0.02036	0.04228	0.02349	0.77292	0.03289	0.00626	0.00626	0.00940	0.00392	0.00392
5	0.02244	0.01654	0.01797	0.01425	0.01892	0.01816	0.01181	0.61116	0.02816	0.03760	0.01932	0.02333	0.03987	0.00915	0.00677	0.00206	0.00685	0.07901	0.00639	0.01025
6	0.01635	0.53321	0.06770	0.01262	0.01765	0.06401	0.04034	0.01935	0.03076	0.01662	0.01338	0.02018	0.01276	0.00746	0.00524	0.00171	0.00731	0.10193	0.00336	0.00804
7	0.02579	0.01077	0.01428	0.01127	0.01579	0.00968	0.00919	0.02967	0.07711	0.60193	0.10065	0.02497	0.02110	0.00862	0.00662	0.00202	0.00520	0.00712	0.00778	0.01041
8	0.01568	0.01503	0.02566	0.09934	0.67540	0.01527	0.01967	0.01955	0.01456	0.02073	0.01210	0.01609	0.01010	0.00582	0.00640	0.00194	0.00775	0.00576	0.00317	0.00998
9	0.02456	0.01810	0.01939	0.01487	0.02004	0.02004	0.01228	0.71107	0.03038	0.04072	0.01551	0.01551	0.01099	0.00776	0.00646	0.00194	0.00711	0.00582	0.00646	0.01099
10	0.01563	0.01470	0.01973	0.01666	0.01740	0.01983	0.01387	0.11506	0.01283	0.01915	0.00949	0.01433	0.00884	0.01080	0.01910	0.00270	0.65322	0.00568	0.00335	0.00763
11	0.01296	0.03342	0.73944	0.01842	0.02797	0.01501	0.02387	0.02046	0.01364	0.02046	0.01160	0.01364	0.00818	0.00614	0.00614	0.00205	0.00955	0.00477	0.00273	0.00955
12	0.00940	0.00626	0.00705	0.00705	0.00705	0.00626	0.00392	0.00940	0.00940	0.01253	0.02036	0.04228	0.02349	0.77292	0.03289	0.00626	0.00626	0.00940	0.00392	0.00392
13	0.02456	0.01810	0.01939	0.01487	0.02004	0.02004	0.01228	0.71107	0.03038	0.04072	0.01551	0.01551	0.01099	0.00776	0.00646	0.00194	0.00711	0.00582	0.00646	0.01099
14	0.01785	0.01473	0.02462	0.03563	0.63016	0.01451	0.01835	0.02150	0.01525	0.12355	0.01406	0.01685	0.01106	0.00608	0.00641	0.00193	0.00736	0.00586	0.00388	0.01034
15	0.01296	0.03342	0.73944	0.01842	0.02797	0.01501	0.02387	0.02046	0.01364	0.02046	0.01160	0.01364	0.00818	0.00614	0.00614	0.00205	0.00955	0.00477	0.00273	0.00955
16	0.01340	0.01148	0.01340	0.00957	0.01531	0.00861	0.00766	0.01627	0.01340	0.02105	0.01148	0.01340	0.00957	0.00479	0.00479	0.00096	0.00479	0.00383	0.00383	0.81242
17	0.02456	0.01810	0.01939	0.01487	0.02004	0.02004	0.01228	0.71107	0.03038	0.04072	0.01551	0.01551	0.01099	0.00776	0.00646	0.00194	0.00711	0.00582	0.00646	0.01099
18	0.00861	0.00663	0.00900	0.08875	0.01344	0.00645	0.00741	0.01027	0.01280	0.01687	0.03507	0.56255	0.10592	0.01773	0.00790	0.00248	0.00435	0.04352	0.00558	0.03466
19	0.01554	0.01724	0.03300	0.02416	0.03001	0.05375	0.55810	0.02200	0.09241	0.02102	0.01498	0.03995	0.01178	0.00629	0.00736	0.00214	0.00994	0.00763	0.00373	0.02899
20	0.01106	0.00586	0.00868	0.00871	0.00874	0.00600	0.00589	0.00867	0.00876	0.01174	0.01296	0.07530	0.01349	0.02195	0.02387	0.72779	0.02779	0.00656	0.00304	0.00311
21	0.00903	0.00660	0.00848	0.00801	0.00958	0.00605	0.00601	0.01198	0.01802	0.02528	0.67974	0.04930	0.11083	0.01344	0.00762	0.00204	0.00307	0.01183	0.00703	0.00605
22	0.01181	0.01033	0.03769	0.01408	0.01676	0.00972	0.11034	0.04554	0.05325	0.02062	0.03048	0.11045	0.05583	0.01491	0.00832	0.00269	0.00651	0.42830	0.00553	0.00684
23	0.09654	0.02847	0.01756	0.01581	0.01930	0.64247	0.01197	0.06079	0.01827	0.01831	0.01018	0.01175	0.00834	0.00666	0.00569	0.00171	0.01081	0.00419	0.00355	0.00763
24	0.02557	0.01327	0.01594	0.01250	0.01727	0.01328	0.01023	0.23445	0.10266	0.42142	0.02244	0.02037	0.01495	0.00800	0.00642	0.00199	0.00585	0.00637	0.03630	0.01073
25	0.00871	0.00659	0.00804	0.00768	0.00939	0.00591	0.00576	0.01136	0.01727	0.02349	0.53947	0.05224	0.25221	0.01411	0.00763	0.00207	0.00311	0.01224	0.00679	0.00591
26	0.01650	0.61200	0.08547	0.01245	0.01750	0.02394	0.01247	0.01889	0.01271	0.01565	0.00911	0.01115	0.00831	0.00640	0.00672	0.00164	0.11423	0.00387	0.00277	0.00821
27	0.10680	0.03276	0.01772	0.01347	0.01843	0.01760	0.01114	0.47839	0.05589	0.15794	0.01688	0.01637	0.01176	0.00761	0.00617	0.00195	0.00652	0.00571	0.00640	0.01049
28	0.02483	0.02796	0.01784	0.01591	0.01948	0.64147	0.01206	0.02661	0.01834	0.11901	0.01221	0.01313	0.00942	0.00685	0.00592	0.00171	0.01077	0.00450	0.00400	0.00799
29	0.00787	0.00562	0.00750	0.00900	0.00937	0.00525	0.00600	0.00900	0.01237	0.01649	0.03561	0.76871	0.04274	0.02024	0.00825	0.00262	0.00375	0.01837	0.00600	0.00525
30	0.06079	0.01758	0.01778	0.01397	0.01875	0.06460	0.01142	0.56242	0.02719	0.05899	0.01880	0.01863	0.06301	0.00824	0.00639	0.00194	0.00697	0.00619	0.00616	0.01018
31	0.02826	0.01102	0.01492	0.01141	0.01644	0.00946	0.00941	0.03077	0.01825	0.70341	0.02483	0.02159	0.01569	0.00785	0.00642	0.00195	0.00546	0.00637	0.00780	0.04869
32	0.01287	0.01057	0.01185	0.01109	0.01365	0.01161	0.00841	0.02424	0.41402	0.02520	0.23398	0.13696	0.03510	0.01170	0.00712	0.00221	0.00431	0.01016	0.00665	0.00831
33	0.13933	0.01063	0.01337	0.01062	0.01502	0.00976	0.00869	0.02715	0.01739	0.54173	0.11620	0.02382	0.02065	0.00840	0.00629	0.00200	0.00510	0.00675	0.00731	0.00978
34	0.73867	0.01283	0.00969	0.00872	0.01254	0.04241	0.00710	0.01895	0.01155	0.02823	0.02749	0.01197	0.00874	0.00626	0.00418	0.00197	0.00514	0.00382	0.03280	0.00696
35	0.01514	0.33100	0.34940	0.01429	0.02122	0.01823	0.01649	0.01978	0.01396	0.05185	0.04948	0.01715	0.01263	0.00687	0.00555	0.00182	0.00779	0.03525	0.00336	0.00877
36	0.01445	0.01556	0.03061	0.12950	0.05129	0.01651	0.42947	0.01877	0.01368	0.01890	0.01199	0.01690	0.00955	0.00795	0.03001	0.00252	0.16421	0.00688	0.00312	0.00812
37	0.00953	0.00670	0.00991	0.00991	0.01083	0.00762	0.00748	0.01096	0.01004	0.01431	0.01662	0.02556	0.01588	0.08767	0.60167	0.12483	0.01498	0.00688	0.00339	0.00524
38	0.01423	0.01400	0.02280	0.48231	0.11946	0.04694	0.11573	0.05053	0.01443	0.01872	0.01182	0.01670	0.00907	0.00644	0.00702	0.00212	0.03067	0.00594	0.00315	0.00794
39	0.06282	0.01238	0.01722	0.01537	0.07149	0.01269	0.10962	0.11450	0.13918	0.11408	0.12211	0.07971	0.02264	0.00908	0.00666	0.00206	0.00589	0.00808	0.06568	0.00874
40	0.00800	0.00587	0.00754	0.00876	0.00947	0.00541	0.00605	0.00936	0.01304	0.01713	0.06799	0.61376	0.13544	0.01933	0.00817	0.00256	0.00375	0.04698	0.00604	0.00534
41	0.06399	0.01247	0.02100	0.56674	0.12680	0.01464	0.06900	0.01739	0.01319	0.01818	0.01153	0.01666	0.00880	0.00627	0.00638	0.00212	0.00844	0.00574	0.00301	0.00766
42	0.07977	0.01466	0.01833	0.01424	0.01897	0.04259	0.10908	0.15234	0.12364	0.09886	0.01770	0.01837	0.03789	0.00726	0.00680	0.00185	0.04201	0.00597	0.00511	0.18456
43	0.05486	0.01350	0.01715	0.01309	0.01809	0.06311	0.08594	0.06818	0.01747	0.34395	0.05529	0.01940	0.01505	0.00711	0.00616	0.00177	0.00633	0.00599	0.00595	0.18162
44	0.00806	0.00585	0.00762	0.00878	0.00946	0.00542	0.00604	0.00949	0.01329	0.01770	0.11563	0.61384	0.09936	0.01908	0.00815	0.00253	0.00369	0.03452	0.00612	0.00538
45	0.01122	0.00561	0.00842	0.00842	0.00842	0.00561	0.00561	0.00842	0.00842	0.01122	0.01122	0.01964	0.01122	0.02245	0.02525	0.81201	0.00561	0.00561	0.00281	0.00281
46	0.04176	0.01371	0.01580	0.01257	0.01729	0.04466	0.01023	0.16054	0.13696	0.44161	0.02272	0.02043	0.01515	0.00798	0.00642	0.00201	0.00600	0.00634	0.00719	0.01063
47	0.02678	0.01149	0.01493	0.01178	0.01655	0.01062	0.00962	0.03197	0.13844	0.61584	0.02563	0.02235	0.01663	0.00813	0.00651	0.00203	0.00543	0.00664	0.00775	0.01086
48	0.00812	0.00653	0.00724	0.00714	0.00904	0.00565	0.00532	0.01019	0.01577	0.02010	0.27465	0.08329	0.49323	0.01550	0.00765	0.00215	0.00322	0.01319	0.00635	0.00565
49	0.01653	0.45814	0.20183	0.01505	0.02148	0.07610	0.09241	0.02025	0.01388	0.01712	0.01014	0.01204	0.00844	0.00575	0.00514	0.00165	0.00834	0.00429	0.00285	0.00858
50	0.01674	0.66374	0.10241	0.01199	0.01772	0.02412	0.01237	0.01977	0.03242	0.01605	0.00970	0.01116	0.00860	0.00582	0.00484	0.00151	0.02600	0.00374	0.00287	0.00844
51	0.01296	0.03342	0.73944	0.01842	0.02797	0.01501	0.02387	0.02046	0.01364	0.02046	0.01160	0.01364	0.00818	0.00614	0.00614	0.00205	0.00955	0.00477	0.00273	0.00955
52	0.00800	0.00656	0.00705	0.00693	0.00895	0.00561	0.00520	0.00998	0.01559	0.01951	0.22680	0.05880	0.56736	0.01560	0.00763	0.00215	0.00322	0.01316	0.00627	0.00561
53	0.01980	0.01723	0.01887	0.01517	0.01930	0.13623	0.10323	0.32170	0.04002	0.04645	0.05155	0.09152	0.03696	0.00900	0.00669	0.00199	0.00747	0.00756	0.04032	0.00893
54	0.00843	0.00607	0.00811	0.00955	0.01024	0.00575	0.00694	0.00999	0.01303	0.01717	0.03652	0.58405	0.06967	0.01955	0.00837	0.00268	0.00422	0.16826	0.00599	0.00541
55	0.04457	0.02221	0.09581	0.01669	0.05378	0.23283	0.02828	0.24588	0.02030	0.04482	0.01250	0.01400	0.00956	0.00712	0.00717	0.00187	0.06508	0.00504	0.00442	0.06806
56	0.03737	0.29040	0.39474	0.01577	0.02320	0.07367	0.04296	0.02044	0.01380	0.01853	0.01055	0.01241	0.00826	0.00594	0.00542	0.00179	0.00871	0.00434	0.00284	0.00886
57	0.01204	0.00602	0.00602	0.00602	0.00753	0.00602	0.00452	0.01506	0.01355	0.02409	0.02108	0.02409	0.01656	0.00753	0.00452	0.00151	0.00301	0.00602	0.80879	0.00602
58	0.01740	0.63587	0.03106	0.08368	0.01959	0.08926	0.01185	0.01965	0.01357	0.01538	0.00931	0.01114	0.00833	0.00572	0.00452	0.00148	0.00750	0.00374	0.00283	0.00811
59	0.00764	0.00655	0.00655	0.00655	0.00873	0.00545	0.00491	0.00927	0.01473	0.01745	0.06546	0.06218	0.73000	0.01636	0.00764	0.00218	0.00327	0.01364	0.00600	0.00545
60	0.00923	0.00692	0.01038	0.01038	0.01154	0.00808	0.00808	0.01154	0.01038	0.01500	0.01731	0.02538	0.01615	0.04846	0.74732	0.01038	0.01731	0.00692	0.00346	0.00577
61	0.02396	0.01778	0.01939	0.05101	0.02123	0.01976	0.01256	0.67726	0.02953	0.03954	0.01532	0.01560	0.01087	0.00769	0.00646	0.00195	0.00718	0.00581	0.00629	0.01080

[dist]
# distance from previous block
# <min> <max>
0	24

[block]
# block no. 4 follows, 34 sequences, length 39
# corresponding to MSA columns:
# 277-315
name=unknown_E
#
# <colnr> <probs for GDERKNQSTAVLIFYWHMCP>
#	G	D	E	R	K	N	Q	S	T	A	V	L	I	F	Y	W	H	M	C	P
0	0.00923	0.00692	0.01038	0.01038	0.01154	0.00808	0.00808	0.01154	0.01038	0.01500	0.01731	0.02538	0.01615	0.04846	0.74732	0.01038	0.01731	0.00692	0.00346	0.00577
1	0.02414	0.03079	0.01831	0.01665	0.01998	0.74698	0.01248	0.02580	0.01831	0.01581	0.00999	0.01165	0.00832	0.00666	0.00583	0.00166	0.01165	0.00416	0.00333	0.00749
2	0.01340	0.01148	0.01340	0.00957	0.01531	0.00861	0.00766	0.01627	0.01340	0.02105	0.01148	0.01340	0.00957	0.00479	0.00479	0.00096	0.00479	0.00383	0.00383	0.81242
3	0.01727	0.77681	0.03386	0.01106	0.01658	0.02557	0.01106	0.01935	0.01313	0.01520	0.00898	0.01036	0.00829	0.00553	0.00415	0.00138	0.00691	0.00345	0.00276	0.00829
4	0.00808	0.00571	0.00744	0.00873	0.00906	0.00538	0.00572	0.00905	0.01197	0.01596	0.03356	0.67106	0.04015	0.12142	0.01156	0.00311	0.00409	0.01716	0.00572	0.00507
5	0.02504	0.01532	0.04069	0.01298	0.01774	0.08724	0.01080	0.15962	0.10036	0.40470	0.04284	0.02046	0.01577	0.00800	0.00645	0.00198	0.00645	0.00632	0.00686	0.01035
6	0.02305	0.01715	0.01832	0.01434	0.01920	0.01905	0.01175	0.60060	0.11827	0.03840	0.01708	0.01691	0.01230	0.00788	0.00641	0.00196	0.00671	0.00601	0.03389	0.01072
7	0.01727	0.77681	0.03386	0.01106	0.01658	0.02557	0.01106	0.01935	0.01313	0.01520	0.00898	0.01036	0.00829	0.00553	0.00415	0.00138	0.00691	0.00345	0.00276	0.00829
8	0.01340	0.01148	0.01340	0.00957	0.01531	0.00861	0.00766	0.01627	0.01340	0.02105	0.01148	0.01340	0.00957	0.00479	0.00479	0.00096	0.00479	0.00383	0.00383	0.81242
9	0.00939	0.00631	0.00727	0.00727	0.00735	0.00639	0.00420	0.00954	0.00946	0.01269	0.02015	0.04115	0.02300	0.72417	0.08096	0.00654	0.00701	0.00923	0.00388	0.00404
10	0.68671	0.01343	0.01114	0.00955	0.01375	0.01542	0.00787	0.13392	0.01421	0.03094	0.01008	0.01133	0.00766	0.00629	0.00441	0.00199	0.00535	0.00388	0.00441	0.00766
11	0.01296	0.03342	0.73944	0.01842	0.02797	0.01501	0.02387	0.02046	0.01364	0.02046	0.01160	0.01364	0.00818	0.00614	0.00614	0.00205	0.00955	0.00477	0.00273	0.00955
12	0.01561	0.44747	0.02505	0.01042	0.01604	0.01827	0.00959	0.01802	0.01324	0.01772	0.01006	0.01167	0.00884	0.00521	0.00442	0.00120	0.00600	0.00362	0.00322	0.35433
13	0.81856	0.01250	0.00950	0.00850	0.01250	0.01449	0.00700	0.01899	0.01100	0.02899	0.00900	0.01050	0.00700	0.00600	0.00400	0.00200	0.00500	0.00350	0.00400	0.00700
14	0.01260	0.00656	0.00662	0.00642	0.00809	0.00665	0.00486	0.04616	0.01430	0.02483	0.02083	0.02371	0.01631	0.00754	0.00460	0.00152	0.00319	0.00601	0.77294	0.00624
15	0.00787	0.00562	0.00750	0.00900	0.00937	0.00525	0.00600	0.00900	0.01237	0.01649	0.03561	0.76871	0.04274	0.02024	0.00825	0.00262	0.00375	0.01837	0.00600	0.00525
16	0.01122	0.00561	0.00842	0.00842	0.00842	0.00561	0.00561	0.00842	0.00842	0.01122	0.01122	0.01964	0.01122	0.02245	0.02525	0.81201	0.00561	0.00561	0.00281	0.00281
17	0.02446	0.01707	0.01861	0.01440	0.01945	0.01866	0.01185	0.59384	0.07560	0.11326	0.01729	0.01677	0.01210	0.00785	0.00647	0.00196	0.00681	0.00599	0.00663	0.01094
18	0.00938	0.00633	0.00740	0.00740	0.00752	0.00646	0.00435	0.00962	0.00950	0.01279	0.02004	0.04050	0.02272	0.69650	0.10826	0.00670	0.00743	0.00914	0.00387	0.00411
19	0.02414	0.03079	0.01831	0.01665	0.01998	0.74698	0.01248	0.02580	0.01831	0.01581	0.00999	0.01165	0.00832	0.00666	0.00583	0.00166	0.01165	0.00416	0.00333	0.00749
20	0.00924	0.00688	0.01018	0.01018	0.01126	0.00797	0.00782	0.01141	0.01032	0.01485	0.01749	0.02641	0.01660	0.09251	0.70387	0.01013	0.01664	0.00707	0.00349	0.00566
21	0.00940	0.00626	0.00705	0.00705	0.00705	0.00626	0.00392	0.00940	0.00940	0.01253	0.02036	0.04228	0.02349	0.77292	0.03289	0.00626	0.00626	0.00940	0.00392	0.00392
22	0.00933	0.00624	0.00707	0.00713	0.00715	0.00622	0.00401	0.00938	0.00953	0.01271	0.02104	0.07475	0.02435	0.73928	0.03179	0.00610	0.00615	0.00980	0.00401	0.00397
23	0.00923	0.00692	0.01038	0.01038	0.01154	0.00808	0.00808	0.01154	0.01038	0.01500	0.01731	0.02538	0.01615	0.04846	0.74732	0.01038	0.01731	0.00692	0.00346	0.00577
24	0.02414	0.03079	0.01831	0.01665	0.01998	0.74698	0.01248	0.02580	0.01831	0.01581	0.00999	0.01165	0.00832	0.00666	0.00583	0.00166	0.01165	0.00416	0.00333	0.00749
25	0.01530	0.01463	0.02467	0.06196	0.66039	0.01465	0.01876	0.01901	0.01465	0.02071	0.01572	0.01914	0.05861	0.00649	0.00648	0.00194	0.00741	0.00629	0.00338	0.00981
26	0.01616	0.01584	0.02551	0.07629	0.66466	0.04800	0.01940	0.01992	0.01478	0.02063	0.01202	0.01586	0.01006	0.00583	0.00637	0.00192	0.00790	0.00568	0.00319	0.00995
27	0.00826	0.00590	0.00794	0.00944	0.00999	0.00558	0.00667	0.00967	0.01275	0.01693	0.03540	0.66201	0.04188	0.01988	0.00835	0.00268	0.00409	0.12123	0.00599	0.00536
28	0.01599	0.01535	0.02623	0.03966	0.73262	0.01535	0.01983	0.01983	0.01471	0.02111	0.01215	0.01599	0.01023	0.00576	0.00640	0.00192	0.00768	0.00576	0.00320	0.01023
29	0.01220	0.01148	0.01938	0.75739	0.04450	0.01436	0.01794	0.01651	0.01292	0.01651	0.01148	0.01723	0.00861	0.00646	0.00646	0.00215	0.00861	0.00574	0.00287	0.00718
30	0.00764	0.00655	0.00655	0.00655	0.00873	0.00545	0.00491	0.00927	0.01473	0.01745	0.06546	0.06218	0.73000	0.01636	0.00764	0.00218	0.00327	0.01364	0.00600	0.00545
31	0.00914	0.00660	0.00864	0.00813	0.00965	0.00610	0.00610	0.01219	0.01829	0.02591	0.72921	0.04827	0.06097	0.01321	0.00762	0.00203	0.00305	0.01169	0.00711	0.00610
32	0.00934	0.00626	0.00718	0.00723	0.00728	0.00629	0.00413	0.00946	0.00953	0.01275	0.02078	0.06667	0.02390	0.72202	0.05673	0.00628	0.00656	0.00962	0.00397	0.00403
33	0.00915	0.00616	0.00712	0.00736	0.00742	0.00610	0.00425	0.00933	0.00988	0.01317	0.02284	0.16031	0.02662	0.65063	0.02888	0.00567	0.00586	0.01085	0.00425	0.00413
34	0.01664	0.01420	0.01528	0.01340	0.01705	0.01640	0.01054	0.09316	0.59975	0.02745	0.02393	0.02248	0.01803	0.00869	0.00730	0.00217	0.04592	0.00698	0.00628	0.03433
35	0.01296	0.00708	0.00723	0.00684	0.00857	0.00724	0.00515	0.07454	0.01474	0.02482	0.02056	0.02446	0.01650	0.05409	0.00641	0.00183	0.00356	0.00621	0.69088	0.00632
36	0.01220	0.01148	0.01938	0.75739	0.04450	0.01436	0.01794	0.01651	0.01292	0.01651	0.01148	0.01723	0.00861	0.00646	0.00646	0.00215	0.00861	0.00574	0.00287	0.00718
37	0.02899	0.01100	0.01499	0.01150	0.01649	0.00950	0.00950	0.03149	0.01849	0.73709	0.02549	0.02199	0.01599	0.00800	0.00650	0.00200	0.00550	0.00650	0.00800	0.01100
38	0.00813	0.00662	0.00723	0.00723	0.00923	0.00572	0.00552	0.01015	0.01547	0.01932	0.19953	0.06005	0.54612	0.01582	0.00772	0.00220	0.00341	0.05869	0.00622	0.00562

[dist]
# distance from previous block
# <min> <max>
0	24

# created by:
# /home/cegg/simao/soft/augustus-3.2.1/scripts/msa2prfl.pl ./align_prep/EOG090W0CB4.fa
