[name]
unknown

[dist]
# distance from previous block
# <min> <max>
0	12

[block]
# block no. 0 follows, 28 sequences, length 10
# corresponding to MSA columns:
# 12-21
name=unknown_A
#
# <colnr> <probs for GDERKNQSTAVLIFYWHMCP>
#	G	D	E	R	K	N	Q	S	T	A	V	L	I	F	Y	W	H	M	C	P
0	0.01171	0.00837	0.01171	0.01339	0.01506	0.00837	0.01171	0.01506	0.01673	0.02175	0.03849	0.08199	0.04183	0.02008	0.01004	0.00335	0.00669	0.65027	0.00669	0.00669
1	0.02797	0.01982	0.02148	0.01647	0.02227	0.02174	0.01361	0.63190	0.03328	0.09014	0.01821	0.01794	0.01274	0.00874	0.00727	0.00219	0.00788	0.00660	0.00739	0.01236
2	0.03207	0.01324	0.01740	0.01334	0.01899	0.01197	0.01102	0.10470	0.02225	0.63291	0.02746	0.02395	0.01738	0.00897	0.00731	0.00224	0.00638	0.00723	0.00881	0.01237
3	0.07911	0.38235	0.32558	0.01580	0.02384	0.02263	0.01832	0.02228	0.01483	0.02090	0.01138	0.01327	0.00916	0.00656	0.00562	0.00193	0.00889	0.00453	0.00320	0.00983
4	0.02598	0.01913	0.02064	0.01614	0.02149	0.02108	0.01319	0.61649	0.03240	0.04341	0.01944	0.08097	0.01550	0.00996	0.00745	0.00225	0.00767	0.00779	0.00723	0.01179
5	0.01852	0.01469	0.02000	0.01481	0.02073	0.01321	0.09626	0.07933	0.04471	0.09917	0.01572	0.01746	0.01211	0.00682	0.00744	0.00167	0.05317	0.00568	0.00505	0.45348
6	0.01604	0.01476	0.02422	0.51111	0.13605	0.01714	0.06165	0.09049	0.01711	0.02254	0.01363	0.01899	0.01032	0.00724	0.00734	0.00236	0.00953	0.00661	0.00375	0.00913
7	0.01587	0.01503	0.02508	0.41877	0.21448	0.01736	0.05839	0.05073	0.01587	0.02140	0.01317	0.01866	0.01036	0.00750	0.00865	0.00240	0.06689	0.00658	0.00354	0.00926
8	0.13538	0.01704	0.02274	0.13843	0.02758	0.01912	0.11292	0.24312	0.08031	0.05349	0.01602	0.01824	0.01188	0.00820	0.00832	0.00238	0.06263	0.00661	0.00539	0.01018
9	0.07539	0.01334	0.01532	0.03252	0.01777	0.01380	0.01033	0.12166	0.16063	0.11316	0.11985	0.08799	0.02565	0.01053	0.00767	0.00220	0.02746	0.00864	0.00668	0.12941

[dist]
# distance from previous block
# <min> <max>
0	30

[block]
# block no. 1 follows, 28 sequences, length 31
# corresponding to MSA columns:
# 53-83
name=unknown_B
#
# <colnr> <probs for GDERKNQSTAVLIFYWHMCP>
#	G	D	E	R	K	N	Q	S	T	A	V	L	I	F	Y	W	H	M	C	P
0	0.08053	0.01421	0.01937	0.04493	0.16190	0.01489	0.03625	0.12560	0.01870	0.14273	0.01916	0.06160	0.01563	0.03703	0.00935	0.00243	0.06399	0.00742	0.09026	0.03401
1	0.32386	0.01551	0.01337	0.01199	0.01568	0.11357	0.00960	0.08505	0.01836	0.06294	0.16974	0.02920	0.02587	0.01021	0.00663	0.00230	0.00655	0.06542	0.00588	0.00828
2	0.21452	0.01317	0.01439	0.01134	0.01660	0.01232	0.00915	0.07611	0.01730	0.17447	0.03771	0.05822	0.01553	0.00803	0.00605	0.00185	0.00571	0.00622	0.00586	0.29546
3	0.02097	0.01712	0.02669	0.02099	0.04550	0.08241	0.26360	0.06327	0.01913	0.17449	0.08531	0.04300	0.01948	0.00991	0.02680	0.00257	0.03475	0.00837	0.02583	0.00982
4	0.01142	0.00921	0.01041	0.00993	0.01242	0.00908	0.00762	0.01794	0.16135	0.02563	0.29638	0.05551	0.28279	0.01533	0.00840	0.00244	0.00418	0.04504	0.00736	0.00759
5	0.01002	0.00742	0.00935	0.00887	0.01070	0.00675	0.00665	0.01321	0.01995	0.02767	0.59860	0.05674	0.16627	0.01541	0.00858	0.00231	0.00347	0.01349	0.00781	0.00675
6	0.01975	0.01440	0.01640	0.01304	0.01803	0.01397	0.01037	0.23710	0.06926	0.08364	0.04464	0.12230	0.02002	0.00990	0.00697	0.00194	0.00610	0.00820	0.00635	0.27761
7	0.01507	0.01292	0.01507	0.01077	0.01723	0.00969	0.00861	0.01830	0.01507	0.02369	0.01292	0.01507	0.01077	0.00538	0.00538	0.00108	0.00538	0.00431	0.00431	0.78898
8	0.01716	0.01961	0.04289	0.03064	0.03799	0.01838	0.67279	0.02328	0.01716	0.02328	0.01471	0.01961	0.01103	0.00613	0.00858	0.00245	0.01225	0.00858	0.00368	0.00980
9	0.01715	0.01324	0.01846	0.01402	0.01946	0.01161	0.10064	0.02292	0.10061	0.10979	0.12564	0.02463	0.02231	0.00800	0.00682	0.00178	0.00617	0.00716	0.00577	0.36382
10	0.00993	0.00742	0.00922	0.00877	0.01064	0.00671	0.00658	0.01303	0.01973	0.02715	0.56452	0.05759	0.20067	0.01561	0.00858	0.00232	0.00348	0.01361	0.00774	0.00671
11	0.07181	0.01871	0.01841	0.01508	0.01976	0.08441	0.01211	0.37424	0.13897	0.03744	0.11293	0.02345	0.02128	0.00953	0.00723	0.00222	0.00732	0.00741	0.00689	0.01080
12	0.01992	0.70406	0.03699	0.01283	0.01890	0.07188	0.01254	0.02222	0.01514	0.01715	0.01018	0.01175	0.00933	0.00630	0.00478	0.00157	0.00811	0.00394	0.00315	0.00927
13	0.01442	0.01325	0.02055	0.47833	0.09093	0.01447	0.01718	0.01879	0.01484	0.02037	0.01298	0.01809	0.01013	0.00669	0.00675	0.00203	0.00843	0.00587	0.00355	0.22236
14	0.02631	0.01971	0.02107	0.01646	0.02204	0.02193	0.01350	0.58711	0.12417	0.04369	0.01913	0.01879	0.01372	0.00888	0.00729	0.00222	0.00769	0.00678	0.00729	0.01224
15	0.00859	0.00736	0.00736	0.00736	0.00982	0.00614	0.00552	0.01043	0.01657	0.01964	0.07364	0.06996	0.69624	0.01841	0.00859	0.00245	0.00368	0.01534	0.00675	0.00614
16	0.00871	0.00690	0.00784	0.00860	0.01014	0.00603	0.00607	0.01029	0.01538	0.01915	0.05865	0.36904	0.40684	0.02036	0.00890	0.00268	0.00392	0.01772	0.00675	0.00603
17	0.01815	0.56023	0.21549	0.01463	0.02205	0.02561	0.01626	0.02210	0.01492	0.01867	0.01089	0.01264	0.00930	0.00640	0.00526	0.00175	0.00856	0.00428	0.00310	0.00970
18	0.02763	0.02036	0.02182	0.01672	0.02254	0.02254	0.01382	0.67496	0.03418	0.04581	0.01745	0.01745	0.01236	0.00873	0.00727	0.00218	0.00800	0.00654	0.00727	0.01236
19	0.01596	0.00871	0.01160	0.01028	0.01297	0.00788	0.00802	0.01923	0.02047	0.19868	0.50015	0.04802	0.05474	0.01360	0.00832	0.00232	0.00426	0.03834	0.00820	0.00824
20	0.02616	0.01121	0.01449	0.01162	0.01628	0.00984	0.00936	0.02926	0.04280	0.50807	0.03753	0.03510	0.15594	0.04699	0.00903	0.00253	0.00571	0.00913	0.00826	0.01069
21	0.79588	0.01406	0.01068	0.00956	0.01406	0.01631	0.00787	0.02137	0.01237	0.03261	0.01012	0.01181	0.00787	0.00675	0.00450	0.00225	0.00562	0.00394	0.00450	0.00787
22	0.00998	0.00708	0.00782	0.00792	0.00855	0.00676	0.00482	0.01051	0.01224	0.01572	0.03637	0.09418	0.19209	0.52346	0.02838	0.00568	0.00605	0.01234	0.00512	0.00492
23	0.00871	0.00734	0.00740	0.00740	0.00971	0.00619	0.00546	0.01044	0.01621	0.01931	0.07062	0.06863	0.65645	0.06155	0.01028	0.00273	0.00388	0.01506	0.00661	0.00603
24	0.02609	0.03219	0.02161	0.01910	0.02285	0.61131	0.03926	0.05974	0.02054	0.01935	0.01157	0.01374	0.00958	0.00783	0.00775	0.00199	0.05792	0.00503	0.00388	0.00864
25	0.01744	0.45669	0.31284	0.01584	0.02392	0.02388	0.01836	0.02228	0.01501	0.01953	0.01131	0.01317	0.00928	0.00650	0.00559	0.00186	0.00899	0.00450	0.00309	0.00991
26	0.00987	0.00741	0.00914	0.00871	0.01060	0.00668	0.00653	0.01291	0.01959	0.02682	0.54278	0.05814	0.22262	0.01573	0.00858	0.00233	0.00349	0.01368	0.00769	0.00668
27	0.01563	0.01043	0.01262	0.01127	0.01421	0.01056	0.00871	0.02379	0.20785	0.12482	0.41390	0.04248	0.04839	0.01263	0.00806	0.00233	0.00447	0.01094	0.00797	0.00894
28	0.01311	0.01076	0.01288	0.01092	0.01510	0.00890	0.00834	0.01669	0.05231	0.02234	0.02372	0.24826	0.02477	0.01187	0.00696	0.00186	0.00510	0.04230	0.00537	0.45843
29	0.02048	0.01754	0.03085	0.02293	0.02894	0.05476	0.37712	0.02689	0.08475	0.16682	0.07466	0.02391	0.01822	0.00789	0.00808	0.00236	0.00966	0.00843	0.00552	0.01019
30	0.15061	0.01496	0.01624	0.01347	0.01778	0.07375	0.01090	0.04796	0.06320	0.30978	0.02048	0.02062	0.01459	0.01285	0.07260	0.00311	0.07480	0.00638	0.00642	0.04950

[dist]
# distance from previous block
# <min> <max>
0	14

[block]
# block no. 2 follows, 28 sequences, length 16
# corresponding to MSA columns:
# 98-113
name=unknown_C
#
# <colnr> <probs for GDERKNQSTAVLIFYWHMCP>
#	G	D	E	R	K	N	Q	S	T	A	V	L	I	F	Y	W	H	M	C	P
0	0.04988	0.01304	0.01763	0.01386	0.01841	0.01214	0.08456	0.06828	0.01662	0.02488	0.07327	0.13539	0.02142	0.00995	0.00822	0.00194	0.06427	0.00847	0.00508	0.35269
1	0.01847	0.01804	0.02104	0.01646	0.02135	0.14703	0.12758	0.05684	0.01752	0.04134	0.03435	0.04623	0.01434	0.00789	0.00792	0.00187	0.06180	0.00654	0.05541	0.27799
2	0.20221	0.01817	0.01779	0.01485	0.01941	0.10817	0.05947	0.17509	0.17003	0.03143	0.02139	0.02175	0.05791	0.00879	0.00664	0.00224	0.00743	0.00680	0.04067	0.00977
3	0.01890	0.48179	0.21865	0.01534	0.02254	0.09586	0.01653	0.02285	0.01552	0.01879	0.01102	0.01281	0.00930	0.00654	0.00547	0.00179	0.00913	0.00437	0.00316	0.00962
4	0.11419	0.01851	0.01746	0.01429	0.01891	0.15216	0.03344	0.13244	0.06868	0.02808	0.07028	0.01933	0.01616	0.00808	0.00718	0.00192	0.04088	0.00603	0.02766	0.20432
5	0.01741	0.07641	0.02895	0.15365	0.53731	0.01803	0.02115	0.02165	0.01608	0.02236	0.01326	0.01770	0.01104	0.00658	0.00700	0.00215	0.00874	0.00626	0.00350	0.01077
6	0.01746	0.45906	0.31062	0.01581	0.02387	0.02392	0.01831	0.02228	0.01500	0.01951	0.01130	0.01316	0.00928	0.00650	0.00558	0.00186	0.00898	0.00449	0.00309	0.00990
7	0.02106	0.01643	0.02146	0.01902	0.07661	0.01806	0.07456	0.18746	0.20868	0.10523	0.02423	0.02445	0.05981	0.00977	0.00955	0.00243	0.09617	0.00783	0.00633	0.01087
8	0.00872	0.00737	0.00754	0.00749	0.00989	0.00619	0.00562	0.01067	0.01686	0.02034	0.11932	0.06881	0.65013	0.01815	0.00859	0.00244	0.00366	0.01518	0.00684	0.00619
9	0.01686	0.01429	0.01955	0.01629	0.02030	0.01501	0.12616	0.15534	0.20490	0.02891	0.06045	0.16000	0.06962	0.01266	0.00819	0.00253	0.00688	0.04597	0.00655	0.00954
10	0.01263	0.00631	0.00947	0.00947	0.00947	0.00631	0.00631	0.00947	0.00947	0.01263	0.01263	0.02210	0.01263	0.02525	0.02841	0.78851	0.00631	0.00631	0.00316	0.00316
11	0.02837	0.01143	0.01551	0.01221	0.01709	0.00996	0.00996	0.03130	0.02076	0.57598	0.15533	0.03036	0.02761	0.01011	0.00755	0.00226	0.00566	0.00842	0.00881	0.01132
12	0.01469	0.01401	0.02303	0.52006	0.14339	0.01722	0.01988	0.01898	0.01434	0.01919	0.01254	0.01866	0.00994	0.00795	0.00970	0.00249	0.11562	0.00645	0.00328	0.00858
13	0.01057	0.00705	0.00793	0.00793	0.00793	0.00705	0.00440	0.01057	0.01057	0.01409	0.02290	0.04757	0.02643	0.74454	0.03700	0.00705	0.00705	0.01057	0.00440	0.00440
14	0.01458	0.03760	0.70688	0.02072	0.03146	0.01688	0.02686	0.02302	0.01535	0.02302	0.01304	0.01535	0.00921	0.00691	0.00691	0.00230	0.01074	0.00537	0.00307	0.01074
15	0.01668	0.01616	0.02000	0.01678	0.02016	0.11351	0.12643	0.06469	0.13492	0.02314	0.06855	0.02638	0.01985	0.06871	0.19249	0.00505	0.04497	0.00799	0.00497	0.00857

[dist]
# distance from previous block
# <min> <max>
6	8

[block]
# block no. 3 follows, 28 sequences, length 6
# corresponding to MSA columns:
# 123-128
name=unknown_D
#
# <colnr> <probs for GDERKNQSTAVLIFYWHMCP>
#	G	D	E	R	K	N	Q	S	T	A	V	L	I	F	Y	W	H	M	C	P
0	0.00982	0.00683	0.00909	0.00986	0.01047	0.00685	0.00673	0.01078	0.01258	0.01692	0.03196	0.35823	0.07169	0.15757	0.17026	0.07676	0.00821	0.01446	0.00538	0.00553
1	0.24088	0.01107	0.01177	0.01055	0.01342	0.01195	0.00803	0.07264	0.01393	0.02404	0.01667	0.02562	0.01577	0.18777	0.21938	0.00595	0.01016	0.00683	0.00452	0.08904
2	0.01819	0.12830	0.08550	0.01691	0.02359	0.01745	0.13890	0.11909	0.07431	0.02640	0.01491	0.01681	0.01165	0.00665	0.00647	0.00180	0.00794	0.00581	0.00459	0.27472
3	0.01668	0.41756	0.10022	0.01264	0.01798	0.06568	0.01239	0.01980	0.01648	0.02031	0.14739	0.02559	0.08292	0.00913	0.00613	0.00188	0.00723	0.00691	0.00441	0.00866
4	0.06519	0.01063	0.01278	0.01169	0.01376	0.01177	0.00878	0.12417	0.08552	0.02268	0.01830	0.02618	0.01658	0.11540	0.22430	0.20277	0.01045	0.00735	0.00473	0.00699
5	0.06826	0.20646	0.30378	0.01634	0.02367	0.09343	0.01777	0.02471	0.07772	0.05114	0.01654	0.01763	0.03801	0.00761	0.00629	0.00209	0.00900	0.00558	0.00404	0.00992

[dist]
# distance from previous block
# <min> <max>
1	15

[block]
# block no. 4 follows, 28 sequences, length 14
# corresponding to MSA columns:
# 144-157
name=unknown_E
#
# <colnr> <probs for GDERKNQSTAVLIFYWHMCP>
#	G	D	E	R	K	N	Q	S	T	A	V	L	I	F	Y	W	H	M	C	P
0	0.07844	0.07261	0.12449	0.01534	0.02096	0.16518	0.01394	0.18733	0.02173	0.10934	0.02274	0.02279	0.09615	0.00910	0.00685	0.00214	0.00856	0.00678	0.00554	0.00998
1	0.02249	0.01420	0.01676	0.05436	0.01947	0.04540	0.01148	0.14859	0.06656	0.24592	0.08190	0.08391	0.07088	0.01140	0.00905	0.00240	0.06896	0.00908	0.00707	0.01010
2	0.04548	0.01312	0.01544	0.01234	0.01734	0.01241	0.00990	0.08334	0.14255	0.24342	0.08713	0.02698	0.05698	0.00925	0.00696	0.00202	0.00567	0.00756	0.00709	0.19501
3	0.01772	0.01335	0.01561	0.01165	0.01754	0.01111	0.00931	0.10060	0.01786	0.08475	0.01669	0.06554	0.01413	0.00729	0.00605	0.00144	0.00570	0.00596	0.00524	0.57246
4	0.01448	0.01224	0.01441	0.01057	0.01644	0.00934	0.00840	0.01773	0.01576	0.02436	0.09750	0.01993	0.01793	0.00656	0.00578	0.00123	0.00514	0.00540	0.00476	0.69204
5	0.00882	0.00645	0.00830	0.00978	0.01045	0.00593	0.00660	0.01016	0.01425	0.01869	0.04423	0.65678	0.12841	0.02223	0.00919	0.00289	0.00415	0.02000	0.00675	0.00593
6	0.00877	0.00665	0.00810	0.00926	0.01032	0.00598	0.00637	0.01022	0.01474	0.01889	0.05054	0.53069	0.25041	0.02141	0.00906	0.00280	0.00405	0.01900	0.00675	0.00598
7	0.00886	0.00633	0.00843	0.01012	0.01054	0.00590	0.00675	0.01012	0.01392	0.01856	0.04006	0.73979	0.04808	0.02277	0.00928	0.00295	0.00422	0.02066	0.00675	0.00590
8	0.01145	0.00801	0.00929	0.00882	0.01110	0.00734	0.00666	0.01508	0.05341	0.06062	0.32002	0.07623	0.29335	0.01536	0.00820	0.00233	0.00381	0.01313	0.06870	0.00709
9	0.00896	0.00650	0.00846	0.00982	0.01051	0.00600	0.00666	0.01046	0.01470	0.01955	0.09920	0.62795	0.10089	0.02175	0.00916	0.00286	0.00411	0.01960	0.00686	0.00600
10	0.79588	0.01406	0.01068	0.00956	0.01406	0.01631	0.00787	0.02137	0.01237	0.03261	0.01012	0.01181	0.00787	0.00675	0.00450	0.00225	0.00562	0.00394	0.00450	0.00787
11	0.01022	0.00763	0.01134	0.01152	0.01272	0.00875	0.00884	0.01268	0.01192	0.01705	0.02163	0.10325	0.02131	0.05118	0.64154	0.01077	0.01787	0.00914	0.00419	0.00643
12	0.25058	0.01575	0.01503	0.01283	0.01733	0.08124	0.01024	0.06035	0.17136	0.20794	0.06918	0.02217	0.01854	0.00880	0.00652	0.00226	0.00647	0.00666	0.00666	0.01008
13	0.09933	0.01516	0.01515	0.01380	0.01752	0.04535	0.01066	0.06389	0.45823	0.02948	0.04737	0.10711	0.02403	0.01101	0.00730	0.00245	0.00591	0.00912	0.00688	0.01026

[dist]
# distance from previous block
# <min> <max>
0	1

[block]
# block no. 5 follows, 28 sequences, length 10
# corresponding to MSA columns:
# 159-168
name=unknown_F
#
# <colnr> <probs for GDERKNQSTAVLIFYWHMCP>
#	G	D	E	R	K	N	Q	S	T	A	V	L	I	F	Y	W	H	M	C	P
0	0.79588	0.01406	0.01068	0.00956	0.01406	0.01631	0.00787	0.02137	0.01237	0.03261	0.01012	0.01181	0.00787	0.00675	0.00450	0.00225	0.00562	0.00394	0.00450	0.00787
1	0.01324	0.00818	0.01010	0.00918	0.01173	0.00723	0.00704	0.01608	0.01937	0.13127	0.39883	0.05455	0.25532	0.01505	0.00838	0.00233	0.00394	0.01292	0.00777	0.00749
2	0.01716	0.01961	0.04289	0.03064	0.03799	0.01838	0.67279	0.02328	0.01716	0.02328	0.01471	0.01961	0.01103	0.00613	0.00858	0.00245	0.01225	0.00858	0.00368	0.00980
3	0.00968	0.00741	0.00888	0.00851	0.01049	0.00660	0.00638	0.01254	0.01914	0.02575	0.47325	0.05989	0.29281	0.01613	0.00858	0.00235	0.00352	0.01393	0.00755	0.00660
4	0.01350	0.00809	0.01272	0.01517	0.12142	0.00809	0.00891	0.01155	0.01062	0.01443	0.01280	0.02143	0.01245	0.02220	0.02497	0.66087	0.00669	0.00634	0.00323	0.00451
5	0.01892	0.01132	0.01366	0.01208	0.01541	0.01129	0.00933	0.10247	0.12848	0.20068	0.14141	0.20261	0.07355	0.01391	0.00807	0.00246	0.00527	0.01198	0.00770	0.00942
6	0.01276	0.00819	0.00928	0.00855	0.01140	0.00699	0.00657	0.01502	0.01790	0.13228	0.16598	0.06011	0.48556	0.01631	0.00838	0.00239	0.00405	0.01369	0.00732	0.00726
7	0.02413	0.01456	0.01658	0.01271	0.01847	0.05589	0.01025	0.05759	0.05766	0.31717	0.02076	0.01991	0.01452	0.00748	0.00649	0.00176	0.00636	0.00595	0.00660	0.32516
8	0.19917	0.01436	0.01999	0.01527	0.02093	0.01383	0.11770	0.06557	0.01908	0.40842	0.02167	0.02064	0.01431	0.00802	0.00689	0.00228	0.00715	0.00673	0.00704	0.01096
9	0.07021	0.02268	0.08810	0.13176	0.02615	0.19367	0.01509	0.14855	0.15545	0.02748	0.01690	0.01837	0.01276	0.00809	0.00683	0.00220	0.00908	0.00612	0.03061	0.00987

[dist]
# distance from previous block
# <min> <max>
4	26

[block]
# block no. 6 follows, 28 sequences, length 19
# corresponding to MSA columns:
# 196-214
name=unknown_G
#
# <colnr> <probs for GDERKNQSTAVLIFYWHMCP>
#	G	D	E	R	K	N	Q	S	T	A	V	L	I	F	Y	W	H	M	C	P
0	0.01547	0.03203	0.53189	0.01922	0.02828	0.01719	0.02297	0.02698	0.18533	0.02489	0.01724	0.01833	0.01250	0.00766	0.00703	0.00234	0.00948	0.00609	0.00417	0.01094
1	0.00956	0.00708	0.00892	0.00914	0.01059	0.00644	0.00660	0.01206	0.01785	0.02429	0.38892	0.26702	0.16895	0.01789	0.00879	0.00252	0.00371	0.01582	0.00740	0.00644
2	0.00980	0.00700	0.00952	0.01120	0.01203	0.00672	0.00839	0.01175	0.01485	0.01961	0.03954	0.52275	0.04602	0.02188	0.00953	0.00308	0.00503	0.22840	0.00673	0.00616
3	0.02281	0.01707	0.01815	0.01435	0.01932	0.01838	0.01171	0.50654	0.02971	0.03918	0.03169	0.03076	0.18568	0.01118	0.00761	0.00225	0.00690	0.00877	0.00714	0.01078
4	0.21094	0.00835	0.00963	0.00934	0.01048	0.00892	0.00652	0.01259	0.01031	0.01783	0.01298	0.02194	0.01275	0.08991	0.02318	0.51390	0.00621	0.00612	0.00362	0.00447
5	0.01711	0.20064	0.02652	0.41153	0.08859	0.02017	0.01765	0.09563	0.01702	0.02175	0.01279	0.01709	0.01005	0.00711	0.00660	0.00215	0.00893	0.00582	0.00370	0.00915
6	0.01620	0.01710	0.02908	0.20242	0.03347	0.04525	0.23969	0.02016	0.01439	0.01974	0.01221	0.01794	0.01008	0.00891	0.01383	0.00269	0.27775	0.00708	0.00338	0.00863
7	0.72182	0.01467	0.01176	0.01025	0.01488	0.01691	0.00845	0.08438	0.01447	0.03389	0.01083	0.01235	0.00831	0.00694	0.00477	0.00224	0.00585	0.00419	0.00477	0.00831
8	0.01536	0.01093	0.01336	0.01203	0.01488	0.01094	0.02602	0.17496	0.02124	0.06417	0.16924	0.22097	0.13913	0.01575	0.00848	0.00253	0.00539	0.05927	0.00716	0.00820
9	0.01212	0.00940	0.01130	0.01067	0.01287	0.00961	0.00803	0.01968	0.18859	0.02845	0.46345	0.11350	0.05485	0.01436	0.00834	0.00240	0.00409	0.01262	0.00773	0.00794
10	0.01602	0.01542	0.02174	0.53759	0.08472	0.07017	0.01883	0.05101	0.07295	0.02107	0.01446	0.01938	0.01096	0.00752	0.00722	0.00236	0.00948	0.00648	0.00383	0.00880
11	0.01524	0.01059	0.01223	0.01155	0.01429	0.01102	0.00871	0.02409	0.25801	0.09960	0.12718	0.21451	0.08606	0.01430	0.00797	0.00249	0.00478	0.01241	0.05614	0.00883
12	0.00924	0.00670	0.00926	0.01052	0.01116	0.00671	0.00734	0.01085	0.01335	0.01813	0.03484	0.55954	0.04050	0.03082	0.18832	0.00516	0.00808	0.01740	0.00602	0.00605
13	0.01412	0.01936	0.19575	0.51950	0.07250	0.01638	0.02197	0.01986	0.01483	0.01992	0.01298	0.01830	0.00964	0.00714	0.00717	0.00238	0.00991	0.00618	0.00320	0.00889
14	0.00908	0.00692	0.00835	0.00898	0.01037	0.00619	0.00636	0.01100	0.01625	0.02121	0.19276	0.36475	0.27237	0.01959	0.00889	0.00264	0.00387	0.01724	0.00702	0.00619
15	0.00876	0.00672	0.00803	0.00907	0.01027	0.00599	0.00628	0.01024	0.01493	0.01897	0.05287	0.48424	0.29536	0.02111	0.00902	0.00276	0.00401	0.01863	0.00675	0.00599
16	0.01463	0.05154	0.01567	0.01142	0.01645	0.04040	0.00917	0.01759	0.01443	0.02136	0.01436	0.01823	0.01251	0.01797	0.18542	0.00382	0.00941	0.00518	0.00411	0.51633
17	0.01897	0.03416	0.02022	0.06943	0.05066	0.08703	0.01418	0.08698	0.30001	0.02586	0.01932	0.02076	0.01521	0.00984	0.01140	0.00253	0.19098	0.00696	0.00540	0.01009
18	0.01388	0.01162	0.01421	0.01100	0.01615	0.00954	0.00873	0.01695	0.01421	0.02196	0.01458	0.01849	0.01264	0.01784	0.18541	0.00376	0.00895	0.00519	0.00420	0.59066

[dist]
# distance from previous block
# <min> <max>
0	17

[block]
# block no. 7 follows, 28 sequences, length 16
# corresponding to MSA columns:
# 232-247
name=unknown_H
#
# <colnr> <probs for GDERKNQSTAVLIFYWHMCP>
#	G	D	E	R	K	N	Q	S	T	A	V	L	I	F	Y	W	H	M	C	P
0	0.01888	0.55474	0.03124	0.01189	0.01725	0.02333	0.01129	0.02145	0.01631	0.07604	0.13484	0.02041	0.02070	0.00800	0.00559	0.00174	0.00686	0.00583	0.00448	0.00914
1	0.02014	0.01655	0.07705	0.01621	0.02118	0.01507	0.08980	0.18878	0.02101	0.13685	0.05667	0.11097	0.04205	0.01069	0.00895	0.00232	0.06711	0.00895	0.00611	0.08353
2	0.01037	0.00721	0.00912	0.00926	0.00969	0.00758	0.00603	0.01127	0.01119	0.01532	0.02327	0.09894	0.02569	0.47343	0.24272	0.00813	0.01062	0.01055	0.00444	0.00517
3	0.01868	0.01594	0.13217	0.01595	0.08756	0.01188	0.01281	0.04716	0.05250	0.19688	0.04728	0.03225	0.10049	0.14178	0.01266	0.00309	0.00698	0.00849	0.00592	0.04953
4	0.01860	0.01908	0.12314	0.02008	0.09493	0.03498	0.01635	0.10509	0.05135	0.08085	0.03293	0.05462	0.01562	0.01067	0.01292	0.00259	0.24990	0.02609	0.00485	0.02535
5	0.01841	0.14871	0.03035	0.07282	0.51717	0.01948	0.02009	0.04739	0.01681	0.02314	0.01314	0.01690	0.01106	0.00656	0.00675	0.00206	0.00851	0.00601	0.00363	0.01098
6	0.01614	0.01683	0.02159	0.59972	0.04510	0.14186	0.01908	0.02045	0.01563	0.01843	0.01262	0.01825	0.00963	0.00731	0.00714	0.00232	0.01030	0.00614	0.00332	0.00814
7	0.01725	0.01683	0.01607	0.01220	0.01817	0.13656	0.00959	0.02023	0.01607	0.02263	0.01262	0.01472	0.01051	0.00576	0.00559	0.00122	0.00677	0.00437	0.00421	0.64864
8	0.00932	0.00683	0.00885	0.01030	0.01123	0.00637	0.00744	0.01103	0.01478	0.01927	0.04455	0.52996	0.13894	0.02168	0.00931	0.00295	0.00457	0.12980	0.00674	0.00607
9	0.00984	0.00729	0.00925	0.00950	0.01107	0.00670	0.00713	0.01253	0.01805	0.02443	0.37512	0.20180	0.17457	0.01771	0.00888	0.00257	0.00400	0.08566	0.00737	0.00651
10	0.23291	0.01281	0.01525	0.01205	0.01738	0.01216	0.00995	0.03174	0.01859	0.52799	0.02381	0.02135	0.01534	0.00841	0.00657	0.00225	0.00604	0.00642	0.00782	0.01119
11	0.01069	0.00852	0.00973	0.01004	0.01193	0.00837	0.00733	0.01582	0.13616	0.02185	0.09912	0.29360	0.25798	0.03878	0.00947	0.00278	0.00443	0.03946	0.00689	0.00705
12	0.01299	0.00767	0.00842	0.00803	0.00964	0.00765	0.00581	0.04861	0.01659	0.02619	0.17716	0.03652	0.03116	0.14228	0.01173	0.00282	0.00429	0.00891	0.42688	0.00665
13	0.08096	0.65017	0.03502	0.01245	0.01851	0.02743	0.01216	0.05844	0.01567	0.01994	0.01052	0.01200	0.00938	0.00640	0.00480	0.00164	0.00762	0.00404	0.00345	0.00938
14	0.08756	0.07557	0.05748	0.01444	0.01922	0.05360	0.01226	0.33658	0.02433	0.05244	0.02030	0.14661	0.01823	0.01072	0.00705	0.00225	0.00729	0.00852	0.03546	0.01008
15	0.09206	0.01488	0.01640	0.01327	0.01826	0.03690	0.01072	0.14868	0.14140	0.29056	0.02529	0.02366	0.04256	0.00900	0.00690	0.00218	0.00636	0.00708	0.03896	0.05487

[dist]
# distance from previous block
# <min> <max>
0	57

[block]
# block no. 8 follows, 28 sequences, length 15
# corresponding to MSA columns:
# 305-319
name=unknown_I
#
# <colnr> <probs for GDERKNQSTAVLIFYWHMCP>
#	G	D	E	R	K	N	Q	S	T	A	V	L	I	F	Y	W	H	M	C	P
0	0.02044	0.01662	0.02014	0.01551	0.02135	0.03787	0.07405	0.12122	0.01991	0.05959	0.01837	0.04978	0.01573	0.03532	0.00851	0.00225	0.00762	0.00694	0.00584	0.44295
1	0.02010	0.02126	0.03668	0.02827	0.06131	0.07797	0.45076	0.02423	0.01817	0.02457	0.01623	0.02155	0.01313	0.00836	0.01009	0.00275	0.06335	0.00825	0.00457	0.08839
2	0.01301	0.00902	0.01047	0.01052	0.01102	0.00880	0.00657	0.01283	0.01272	0.01743	0.02609	0.11300	0.02895	0.54106	0.13806	0.00762	0.00947	0.01170	0.00539	0.00629
3	0.01765	0.01139	0.01240	0.01069	0.01336	0.01260	0.00852	0.19819	0.02006	0.03133	0.02063	0.02337	0.01604	0.00895	0.00748	0.00197	0.07428	0.00667	0.49598	0.00843
4	0.02596	0.04831	0.01968	0.01531	0.02022	0.09406	0.01242	0.21548	0.17977	0.22790	0.02224	0.02106	0.01573	0.00900	0.00781	0.00225	0.03746	0.00684	0.00708	0.01143
5	0.00975	0.00724	0.00908	0.00898	0.01062	0.00657	0.00660	0.01254	0.01877	0.02571	0.47672	0.16912	0.17786	0.01679	0.00869	0.00243	0.00360	0.01477	0.00757	0.00657
6	0.05660	0.02715	0.02029	0.01732	0.02187	0.38269	0.01351	0.25906	0.08157	0.02940	0.01496	0.01579	0.01146	0.00810	0.00680	0.00205	0.01038	0.00561	0.00534	0.01006
7	0.01057	0.00705	0.00793	0.00793	0.00793	0.00705	0.00440	0.01057	0.01057	0.01409	0.02290	0.04757	0.02643	0.74454	0.03700	0.00705	0.00705	0.01057	0.00440	0.00440
8	0.00971	0.00782	0.00959	0.06947	0.01385	0.00729	0.00755	0.01232	0.01743	0.02247	0.25444	0.11293	0.36615	0.01679	0.00859	0.00248	0.00429	0.04346	0.00683	0.00653
9	0.02763	0.02036	0.02182	0.01672	0.02254	0.02254	0.01382	0.67496	0.03418	0.04581	0.01745	0.01745	0.01236	0.00873	0.00727	0.00218	0.00800	0.00654	0.00727	0.01236
10	0.00886	0.00633	0.00843	0.01012	0.01054	0.00590	0.00675	0.01012	0.01392	0.01856	0.04006	0.73979	0.04808	0.02277	0.00928	0.00295	0.00422	0.02066	0.00675	0.00590
11	0.01739	0.01666	0.02842	0.14052	0.60798	0.01711	0.02201	0.02178	0.01627	0.02302	0.01357	0.01819	0.01126	0.00659	0.00721	0.00220	0.00878	0.00647	0.00355	0.01103
12	0.13925	0.15585	0.01963	0.01337	0.01791	0.01956	0.01102	0.05794	0.39769	0.02878	0.05039	0.02252	0.01905	0.00884	0.00647	0.00224	0.00611	0.00686	0.00614	0.01036
13	0.69128	0.01443	0.01190	0.01031	0.01497	0.01643	0.00849	0.07143	0.01453	0.07477	0.01181	0.01303	0.00883	0.00703	0.00488	0.00224	0.00584	0.00434	0.00498	0.00849
14	0.01625	0.15851	0.37532	0.01754	0.05110	0.01700	0.01919	0.02255	0.03612	0.07059	0.12667	0.02221	0.02011	0.00831	0.00683	0.00216	0.00845	0.00665	0.00445	0.01001

[dist]
# distance from previous block
# <min> <max>
0	2

[block]
# block no. 9 follows, 28 sequences, length 52
# corresponding to MSA columns:
# 322-373
name=unknown_J
#
# <colnr> <probs for GDERKNQSTAVLIFYWHMCP>
#	G	D	E	R	K	N	Q	S	T	A	V	L	I	F	Y	W	H	M	C	P
0	0.01596	0.01732	0.03371	0.02485	0.03087	0.03677	0.47639	0.02158	0.04066	0.02306	0.04885	0.08318	0.05206	0.00864	0.00836	0.00240	0.01020	0.00976	0.00444	0.05093
1	0.01168	0.00805	0.00998	0.00927	0.01146	0.00741	0.00703	0.01545	0.04611	0.07012	0.50768	0.05435	0.18386	0.01497	0.00845	0.00232	0.00374	0.01300	0.00780	0.00725
2	0.01784	0.01718	0.02900	0.04283	0.65147	0.01762	0.02186	0.02197	0.01617	0.02331	0.01338	0.01784	0.01138	0.00691	0.00837	0.00223	0.05934	0.00647	0.00357	0.01126
3	0.02390	0.01866	0.02136	0.01781	0.05162	0.03826	0.04855	0.41840	0.15093	0.05619	0.06258	0.02179	0.01770	0.00906	0.00743	0.00225	0.00764	0.00735	0.00694	0.01158
4	0.00871	0.00737	0.00753	0.00749	0.00989	0.00619	0.00562	0.01066	0.01685	0.02030	0.11726	0.06886	0.65221	0.01816	0.00859	0.00244	0.00366	0.01519	0.00684	0.00619
5	0.07295	0.01731	0.02856	0.04018	0.58593	0.01749	0.05577	0.05101	0.01707	0.02532	0.01365	0.01762	0.01127	0.00658	0.00708	0.00218	0.00859	0.00641	0.00383	0.01120
6	0.01057	0.00705	0.00793	0.00793	0.00793	0.00705	0.00440	0.01057	0.01057	0.01409	0.02290	0.04757	0.02643	0.74454	0.03700	0.00705	0.00705	0.01057	0.00440	0.00440
7	0.01829	0.01799	0.02969	0.04315	0.64969	0.04264	0.04656	0.02259	0.01672	0.02351	0.01362	0.01787	0.01142	0.00650	0.00723	0.00216	0.00893	0.00649	0.00361	0.01134
8	0.02445	0.02683	0.02042	0.01783	0.02152	0.39734	0.01387	0.14641	0.11973	0.02470	0.01485	0.01632	0.01182	0.00874	0.00904	0.00218	0.10381	0.00576	0.00485	0.00953
9	0.01908	0.01328	0.01571	0.01156	0.01767	0.01087	0.00933	0.07864	0.01783	0.14731	0.01829	0.01895	0.03646	0.00678	0.00601	0.00143	0.00570	0.00543	0.00549	0.55418
10	0.00973	0.00741	0.00894	0.00855	0.01051	0.00662	0.00642	0.01263	0.01925	0.02599	0.48908	0.05949	0.27684	0.01604	0.00858	0.00234	0.00351	0.01387	0.00759	0.00662
11	0.01316	0.00935	0.00968	0.00948	0.01132	0.04937	0.00703	0.05440	0.01755	0.02566	0.17771	0.17720	0.06944	0.01490	0.03283	0.00252	0.00501	0.01132	0.29508	0.00701
12	0.01985	0.71065	0.03715	0.01277	0.01886	0.06554	0.01252	0.02216	0.01508	0.01714	0.01017	0.01174	0.00933	0.00629	0.00477	0.00157	0.00806	0.00393	0.00314	0.00928
13	0.00930	0.00739	0.00835	0.00811	0.01026	0.00644	0.00608	0.01181	0.01825	0.02364	0.33498	0.06337	0.43241	0.01692	0.00858	0.00238	0.00358	0.01442	0.00728	0.00644
14	0.01056	0.00868	0.01313	0.01275	0.01385	0.00889	0.06897	0.01242	0.01431	0.01953	0.08799	0.50571	0.04124	0.05662	0.01210	0.00308	0.08069	0.01692	0.00608	0.00648
15	0.02891	0.01142	0.01531	0.01203	0.01695	0.00999	0.00983	0.03183	0.02027	0.58282	0.08558	0.02751	0.02241	0.00945	0.00721	0.00220	0.00569	0.00776	0.08147	0.01137
16	0.02715	0.03464	0.02060	0.01873	0.02247	0.71536	0.01404	0.02903	0.02060	0.01779	0.01124	0.01311	0.00936	0.00749	0.00655	0.00187	0.01311	0.00468	0.00375	0.00843
17	0.01520	0.01443	0.02447	0.49087	0.27473	0.01654	0.02092	0.01987	0.01523	0.02036	0.01318	0.01890	0.01032	0.00699	0.00724	0.00233	0.00933	0.00647	0.00336	0.00927
18	0.01774	0.01539	0.02204	0.35367	0.12235	0.01800	0.01765	0.17501	0.04879	0.02617	0.01691	0.02077	0.03780	0.00850	0.00866	0.00240	0.06708	0.00690	0.00455	0.00960
19	0.02582	0.01793	0.01978	0.01538	0.02065	0.01940	0.01262	0.52960	0.03117	0.10431	0.10708	0.02294	0.02023	0.00955	0.00745	0.00220	0.00723	0.00748	0.00753	0.01164
20	0.00961	0.00740	0.00877	0.00843	0.01044	0.00657	0.00632	0.01240	0.01897	0.02534	0.44627	0.06057	0.32005	0.01628	0.00858	0.00235	0.00353	0.01403	0.00750	0.00657
21	0.01411	0.00825	0.01077	0.00977	0.01216	0.00744	0.00745	0.01720	0.01996	0.14957	0.49471	0.09042	0.10052	0.01451	0.00839	0.00233	0.00399	0.01268	0.00802	0.00775
22	0.00965	0.00741	0.00884	0.00848	0.01047	0.00659	0.00636	0.01249	0.01908	0.02559	0.46279	0.06016	0.30338	0.01619	0.00858	0.00235	0.00352	0.01397	0.00753	0.00659
23	0.01959	0.01586	0.01694	0.01481	0.01912	0.01806	0.01164	0.11762	0.56160	0.05675	0.04662	0.02658	0.02210	0.00983	0.00741	0.00242	0.00599	0.00811	0.00746	0.01151
24	0.01045	0.00700	0.00796	0.00808	0.00811	0.00697	0.00457	0.01054	0.01081	0.01441	0.02411	0.09614	0.02795	0.69390	0.03505	0.00676	0.00685	0.01128	0.00457	0.00451
25	0.01608	0.01215	0.01583	0.01349	0.01659	0.01264	0.02829	0.07833	0.04474	0.08462	0.05670	0.18504	0.02392	0.01600	0.06900	0.00311	0.13105	0.00988	0.00563	0.17692
26	0.01458	0.03760	0.70688	0.02072	0.03146	0.01688	0.02686	0.02302	0.01535	0.02302	0.01304	0.01535	0.00921	0.00691	0.00691	0.00230	0.01074	0.00537	0.00307	0.01074
27	0.01587	0.01510	0.02567	0.38449	0.37592	0.01671	0.02125	0.02045	0.01555	0.02117	0.01330	0.01868	0.01061	0.00687	0.00723	0.00229	0.00916	0.00647	0.00341	0.00980
28	0.00860	0.00732	0.00741	0.00748	0.00985	0.00613	0.00557	0.01042	0.01646	0.01959	0.07224	0.09788	0.66923	0.01859	0.00862	0.00248	0.00370	0.01556	0.00675	0.00613
29	0.03261	0.01237	0.01687	0.01293	0.01856	0.01068	0.01068	0.03543	0.02081	0.70423	0.02868	0.02474	0.01799	0.00900	0.00731	0.00225	0.00619	0.00731	0.00900	0.01237
30	0.00998	0.00742	0.00929	0.00882	0.01067	0.00673	0.00662	0.01313	0.01986	0.02744	0.58368	0.05711	0.18133	0.01550	0.00858	0.00232	0.00347	0.01354	0.00778	0.00673
31	0.01057	0.00705	0.00793	0.00793	0.00793	0.00705	0.00440	0.01057	0.01057	0.01409	0.02290	0.04757	0.02643	0.74454	0.03700	0.00705	0.00705	0.01057	0.00440	0.00440
32	0.01971	0.72305	0.03746	0.01267	0.01879	0.05362	0.01250	0.02203	0.01498	0.01713	0.01015	0.01171	0.00933	0.00626	0.00473	0.00157	0.00797	0.00392	0.00313	0.00930
33	0.03053	0.01191	0.01620	0.01258	0.01784	0.01033	0.01033	0.03340	0.02078	0.64110	0.09102	0.02751	0.02272	0.00955	0.00743	0.00225	0.00593	0.00786	0.00890	0.01186
34	0.08760	0.01167	0.01681	0.39882	0.05253	0.01362	0.01437	0.03521	0.01476	0.04493	0.01621	0.02329	0.01330	0.09383	0.01014	0.00281	0.00781	0.00679	0.12771	0.00778
35	0.01807	0.01571	0.01721	0.01655	0.05899	0.01803	0.01214	0.03766	0.64661	0.03002	0.02865	0.02658	0.02156	0.00966	0.00738	0.00245	0.00592	0.00812	0.00717	0.01151
36	0.00901	0.00639	0.00839	0.00992	0.01031	0.00601	0.00653	0.01016	0.01361	0.01815	0.03850	0.67689	0.04611	0.08836	0.01180	0.00332	0.00447	0.01975	0.00653	0.00577
37	0.01495	0.06443	0.63387	0.02109	0.03141	0.01746	0.07161	0.02299	0.01545	0.02281	0.01305	0.01550	0.00934	0.00682	0.00693	0.00228	0.01073	0.00554	0.00311	0.01062
38	0.02010	0.61861	0.07534	0.01370	0.01988	0.11302	0.01349	0.02274	0.01553	0.01754	0.01042	0.01206	0.00933	0.00642	0.00503	0.00164	0.00861	0.00407	0.00319	0.00930
39	0.01475	0.01370	0.01912	0.48102	0.03807	0.06359	0.01651	0.05694	0.01742	0.02240	0.15992	0.02634	0.02250	0.00900	0.00750	0.00234	0.00848	0.00778	0.00453	0.00809
40	0.00922	0.00678	0.00836	0.00940	0.01029	0.00626	0.00645	0.01062	0.01440	0.01872	0.06705	0.45290	0.18040	0.11579	0.01277	0.00338	0.00458	0.05033	0.00648	0.00583
41	0.01987	0.01650	0.01744	0.01515	0.01958	0.01891	0.01194	0.15760	0.56418	0.03329	0.02732	0.02531	0.02035	0.00965	0.00737	0.00241	0.00617	0.00791	0.00737	0.01167
42	0.00961	0.00740	0.00878	0.00843	0.01044	0.00657	0.00633	0.01241	0.01898	0.02535	0.44730	0.06055	0.31902	0.01628	0.00858	0.00235	0.00353	0.01402	0.00750	0.00657
43	0.01877	0.01596	0.01682	0.01493	0.01916	0.01840	0.01167	0.08429	0.63928	0.03151	0.02872	0.02643	0.02148	0.00978	0.00739	0.00245	0.00591	0.00810	0.00739	0.01157
44	0.01937	0.01626	0.01716	0.01505	0.01939	0.01868	0.01182	0.12452	0.59807	0.03249	0.02795	0.02582	0.02086	0.00971	0.00738	0.00243	0.00606	0.00799	0.00738	0.01162
45	0.01355	0.00678	0.00678	0.00678	0.00847	0.00678	0.00508	0.01694	0.01524	0.02710	0.02371	0.02710	0.01863	0.00847	0.00508	0.00169	0.00339	0.00678	0.78489	0.00678
46	0.01075	0.00829	0.01222	0.01201	0.01317	0.00986	0.00934	0.01318	0.01160	0.01680	0.01896	0.02852	0.01795	0.08054	0.64209	0.01093	0.06560	0.00781	0.00387	0.00650
47	0.01632	0.01122	0.01369	0.01088	0.01570	0.00894	0.00840	0.01896	0.01558	0.12837	0.02160	0.17591	0.02051	0.03155	0.00747	0.00185	0.00530	0.00853	0.00557	0.47365
48	0.02479	0.01762	0.01878	0.01472	0.01971	0.01936	0.01206	0.54232	0.03036	0.04204	0.01871	0.01940	0.01363	0.00867	0.00683	0.00208	0.00707	0.00659	0.16401	0.01124
49	0.01507	0.01292	0.01507	0.01077	0.01723	0.00969	0.00861	0.01830	0.01507	0.02369	0.01292	0.01507	0.01077	0.00538	0.00538	0.00108	0.00538	0.00431	0.00431	0.78898
50	0.73216	0.01576	0.01151	0.01032	0.01476	0.07425	0.00838	0.02200	0.01305	0.03138	0.01021	0.01192	0.00800	0.00681	0.00467	0.00222	0.00624	0.00400	0.00444	0.00792
51	0.07695	0.01039	0.01135	0.00967	0.01370	0.00891	0.00742	0.01571	0.04342	0.02267	0.03649	0.14244	0.23090	0.01240	0.00699	0.00195	0.00471	0.01037	0.00559	0.32797

[dist]
# distance from previous block
# <min> <max>
0	1

[block]
# block no. 10 follows, 28 sequences, length 59
# corresponding to MSA columns:
# 380-438
name=unknown_K
#
# <colnr> <probs for GDERKNQSTAVLIFYWHMCP>
#	G	D	E	R	K	N	Q	S	T	A	V	L	I	F	Y	W	H	M	C	P
0	0.01571	0.01320	0.01636	0.01238	0.01794	0.01117	0.04718	0.09796	0.01750	0.02560	0.01991	0.09627	0.05362	0.00843	0.00640	0.00157	0.00588	0.00720	0.00503	0.52068
1	0.02605	0.03238	0.01948	0.01776	0.02133	0.65780	0.01332	0.02804	0.02016	0.01855	0.01225	0.01425	0.01012	0.00757	0.00643	0.00186	0.01232	0.00485	0.06719	0.00829
2	0.01507	0.01292	0.01507	0.01077	0.01723	0.00969	0.00861	0.01830	0.01507	0.02369	0.01292	0.01507	0.01077	0.00538	0.00538	0.00108	0.00538	0.00431	0.00431	0.78898
3	0.00976	0.00735	0.00902	0.00873	0.01057	0.00661	0.00650	0.01265	0.01914	0.02604	0.49433	0.09794	0.23220	0.01625	0.00862	0.00237	0.00354	0.01416	0.00760	0.00661
4	0.03067	0.01315	0.01707	0.01334	0.01880	0.01214	0.01094	0.06807	0.09909	0.59240	0.02822	0.02465	0.01820	0.00908	0.00732	0.00227	0.00623	0.00738	0.00872	0.01227
5	0.00884	0.00639	0.00837	0.00996	0.01050	0.00592	0.00668	0.01014	0.01407	0.01862	0.04201	0.70088	0.08573	0.02252	0.00924	0.00292	0.00419	0.02036	0.00675	0.00592
6	0.79588	0.01406	0.01068	0.00956	0.01406	0.01631	0.00787	0.02137	0.01237	0.03261	0.01012	0.01181	0.00787	0.00675	0.00450	0.00225	0.00562	0.00394	0.00450	0.00787
7	0.02105	0.07637	0.02065	0.01510	0.02018	0.03655	0.03141	0.19871	0.21671	0.06962	0.01946	0.01964	0.01472	0.00840	0.00784	0.00208	0.05384	0.00645	0.00606	0.15514
8	0.01373	0.01292	0.02180	0.72707	0.05006	0.01615	0.02019	0.01857	0.01453	0.01857	0.01292	0.01938	0.00969	0.00727	0.00727	0.00242	0.00969	0.00646	0.00323	0.00807
9	0.01263	0.00631	0.00947	0.00947	0.00947	0.00631	0.00631	0.00947	0.00947	0.01263	0.01263	0.02210	0.01263	0.02525	0.02841	0.78851	0.00631	0.00631	0.00316	0.00316
10	0.00925	0.00669	0.00883	0.01040	0.01114	0.00627	0.00737	0.01085	0.01451	0.01909	0.04219	0.59833	0.09266	0.02208	0.00934	0.00297	0.00454	0.11071	0.00674	0.00603
11	0.03261	0.01237	0.01687	0.01293	0.01856	0.01068	0.01068	0.03543	0.02081	0.70423	0.02868	0.02474	0.01799	0.00900	0.00731	0.00225	0.00619	0.00731	0.00900	0.01237
12	0.01040	0.00771	0.01127	0.01127	0.01243	0.00886	0.00858	0.01272	0.01156	0.01657	0.01984	0.03062	0.01907	0.12942	0.64205	0.01118	0.01812	0.00809	0.00395	0.00626
13	0.05440	0.01420	0.01769	0.01368	0.01926	0.01359	0.01128	0.16772	0.04775	0.52241	0.02582	0.02292	0.01667	0.00890	0.00722	0.00224	0.00653	0.00708	0.00844	0.01220
14	0.01482	0.07349	0.67313	0.02030	0.03081	0.01748	0.02613	0.02296	0.01532	0.02272	0.01290	0.01516	0.00921	0.00687	0.00679	0.00226	0.01059	0.00530	0.00307	0.01067
15	0.01688	0.01648	0.02624	0.21007	0.41537	0.03798	0.02058	0.02085	0.01535	0.02134	0.01279	0.01788	0.01070	0.00764	0.00971	0.00237	0.11790	0.00640	0.00345	0.01003
16	0.01631	0.01556	0.02647	0.31328	0.44365	0.01683	0.02147	0.02084	0.01576	0.02171	0.01338	0.01854	0.01080	0.00679	0.00722	0.00226	0.00905	0.00647	0.00345	0.01016
17	0.00886	0.00633	0.00843	0.01012	0.01054	0.00590	0.00675	0.01012	0.01392	0.01856	0.04006	0.73979	0.04808	0.02277	0.00928	0.00295	0.00422	0.02066	0.00675	0.00590
18	0.01089	0.00912	0.00979	0.00994	0.01193	0.03382	0.00732	0.01516	0.09780	0.02229	0.16375	0.24730	0.27946	0.01762	0.00860	0.00257	0.00448	0.03427	0.00693	0.00695
19	0.01897	0.01455	0.01755	0.01358	0.01879	0.03890	0.03351	0.02409	0.09715	0.13667	0.01716	0.01832	0.01317	0.00749	0.00826	0.00176	0.09090	0.00568	0.00529	0.41822
20	0.06796	0.01638	0.01734	0.01411	0.01845	0.05661	0.01125	0.32782	0.05794	0.13537	0.02021	0.02126	0.03878	0.01196	0.01092	0.14316	0.00731	0.00678	0.00642	0.00996
21	0.01732	0.01747	0.02845	0.19961	0.39405	0.05766	0.09983	0.02170	0.01611	0.02182	0.01327	0.01812	0.01081	0.00699	0.00818	0.00229	0.04604	0.00662	0.00351	0.01015
22	0.01484	0.01317	0.02167	0.64374	0.07167	0.01604	0.01953	0.02021	0.04166	0.04758	0.01426	0.01986	0.01060	0.00741	0.00727	0.00241	0.00935	0.00657	0.00365	0.00852
23	0.02763	0.02036	0.02182	0.01672	0.02254	0.02254	0.01382	0.67496	0.03418	0.04581	0.01745	0.01745	0.01236	0.00873	0.00727	0.00218	0.00800	0.00654	0.00727	0.01236
24	0.16260	0.01782	0.01898	0.01479	0.02034	0.01932	0.01221	0.44564	0.02796	0.16217	0.01820	0.01778	0.01259	0.00843	0.00679	0.00221	0.00726	0.00623	0.00710	0.01158
25	0.79588	0.01406	0.01068	0.00956	0.01406	0.01631	0.00787	0.02137	0.01237	0.03261	0.01012	0.01181	0.00787	0.00675	0.00450	0.00225	0.00562	0.00394	0.00450	0.00787
26	0.79588	0.01406	0.01068	0.00956	0.01406	0.01631	0.00787	0.02137	0.01237	0.03261	0.01012	0.01181	0.00787	0.00675	0.00450	0.00225	0.00562	0.00394	0.00450	0.00787
27	0.01759	0.01257	0.01161	0.01050	0.01314	0.10233	0.00811	0.10206	0.01918	0.06208	0.10740	0.02889	0.02348	0.01006	0.00695	0.02508	0.00558	0.02664	0.39887	0.00788
28	0.06132	0.21190	0.42395	0.01690	0.02520	0.01896	0.02008	0.02202	0.01483	0.03904	0.01320	0.01629	0.01044	0.03817	0.03671	0.00269	0.00979	0.00527	0.00340	0.00983
29	0.67066	0.01444	0.01210	0.01042	0.01512	0.01636	0.00859	0.07631	0.01485	0.08825	0.01223	0.01332	0.00906	0.00709	0.00496	0.00224	0.00586	0.00442	0.00509	0.00861
30	0.06220	0.22891	0.43648	0.01754	0.02634	0.02048	0.02092	0.06794	0.01633	0.02355	0.01238	0.01428	0.00938	0.00684	0.00618	0.00209	0.00945	0.00496	0.00346	0.01030
31	0.71678	0.01471	0.01183	0.01030	0.01493	0.01695	0.00848	0.08867	0.01462	0.03397	0.01088	0.01239	0.00833	0.00695	0.00478	0.00224	0.00587	0.00420	0.00478	0.00833
32	0.01536	0.00910	0.01150	0.01009	0.01288	0.00839	0.00783	0.05479	0.02091	0.15889	0.45519	0.04839	0.13001	0.01381	0.00826	0.00229	0.00425	0.01191	0.00800	0.00814
33	0.01894	0.01689	0.03047	0.02224	0.02864	0.01582	0.35825	0.04450	0.06439	0.10768	0.01697	0.01959	0.01259	0.00690	0.00818	0.00215	0.03592	0.00734	0.00482	0.17773
34	0.02763	0.02036	0.02182	0.01672	0.02254	0.02254	0.01382	0.67496	0.03418	0.04581	0.01745	0.01745	0.01236	0.00873	0.00727	0.00218	0.00800	0.00654	0.00727	0.01236
35	0.01038	0.00779	0.01168	0.01168	0.01298	0.00909	0.00909	0.01298	0.01168	0.01687	0.01947	0.02856	0.01817	0.05452	0.71573	0.01168	0.01947	0.00779	0.00389	0.00649
36	0.01808	0.01567	0.01687	0.01579	0.04162	0.01805	0.01187	0.03808	0.66371	0.03019	0.02905	0.02682	0.02183	0.00975	0.00739	0.00246	0.00585	0.00816	0.00727	0.01151
37	0.03261	0.01237	0.01687	0.01293	0.01856	0.01068	0.01068	0.03543	0.02081	0.70423	0.02868	0.02474	0.01799	0.00900	0.00731	0.00225	0.00619	0.00731	0.00900	0.01237
38	0.01853	0.01551	0.01645	0.01473	0.01889	0.01785	0.01148	0.03853	0.66531	0.05143	0.02956	0.02705	0.02206	0.00983	0.00739	0.00246	0.00577	0.00819	0.00745	0.01153
