[name]
unknown

[dist]
# distance from previous block
# <min> <max>
6	89

[block]
# block no. 0 follows, 32 sequences, length 44
# corresponding to MSA columns:
# 101-128,130-145
name=unknown_A
#
# <colnr> <probs for GDERKNQSTAVLIFYWHMCP>
#	G	D	E	R	K	N	Q	S	T	A	V	L	I	F	Y	W	H	M	C	P
0	0.11046	0.13688	0.05127	0.05440	0.02111	0.04153	0.08310	0.10509	0.15715	0.06242	0.01572	0.01665	0.01194	0.00691	0.00594	0.00190	0.00707	0.00557	0.00477	0.10012
1	0.11526	0.10128	0.05545	0.01682	0.02220	0.07778	0.16472	0.15822	0.13962	0.02676	0.01509	0.01637	0.01148	0.00692	0.00628	0.00199	0.00800	0.00588	0.00469	0.04517
2	0.07392	0.05847	0.03666	0.07095	0.02438	0.11524	0.16317	0.19633	0.08055	0.02682	0.02999	0.01686	0.01196	0.00702	0.00650	0.00198	0.00846	0.00604	0.00466	0.06004
3	0.04047	0.04846	0.08832	0.06336	0.02382	0.06802	0.14279	0.12111	0.09466	0.04167	0.03043	0.01722	0.01230	0.00674	0.00637	0.00186	0.00788	0.00589	0.00451	0.17412
4	0.05945	0.01595	0.04116	0.04135	0.02247	0.05314	0.17584	0.09263	0.14925	0.06365	0.06252	0.02147	0.01635	0.00773	0.00709	0.00204	0.02412	0.02273	0.00506	0.11600
5	0.01579	0.01374	0.01936	0.12824	0.02378	0.04225	0.12755	0.08837	0.08305	0.05505	0.07381	0.02449	0.04085	0.00985	0.03759	0.00233	0.00766	0.03452	0.00486	0.16685
6	0.09952	0.02179	0.24300	0.01808	0.02512	0.04681	0.19374	0.04097	0.01532	0.06937	0.01313	0.01534	0.00970	0.00611	0.00631	0.00192	0.00862	0.00553	0.00383	0.15577
7	0.01668	0.04885	0.02009	0.14331	0.21916	0.17414	0.01456	0.02120	0.07933	0.02000	0.04339	0.08134	0.01568	0.00811	0.00653	0.00197	0.00801	0.00688	0.00406	0.06671
8	0.56054	0.01436	0.01108	0.00994	0.01365	0.10433	0.00793	0.01999	0.01383	0.05295	0.11981	0.01755	0.01644	0.00755	0.00507	0.00204	0.00576	0.00515	0.00471	0.00734
9	0.01112	0.00745	0.00944	0.00893	0.01037	0.00714	0.00632	0.01214	0.05828	0.01622	0.05577	0.06060	0.12427	0.09330	0.06785	0.33610	0.00603	0.00829	0.00430	0.09607
10	0.07144	0.02059	0.22630	0.01430	0.02007	0.09836	0.03300	0.04039	0.01586	0.17545	0.03246	0.04901	0.01438	0.06578	0.00843	0.00231	0.00773	0.00629	0.00476	0.09307
11	0.02543	0.01229	0.01795	0.04456	0.16874	0.01137	0.01235	0.02881	0.03493	0.50533	0.05103	0.02249	0.01704	0.00799	0.00677	0.00207	0.00620	0.00679	0.00697	0.01088
12	0.00871	0.00621	0.00828	0.00956	0.01022	0.00587	0.00675	0.01030	0.01374	0.01842	0.10977	0.57267	0.04503	0.04429	0.00942	0.00283	0.00419	0.10187	0.00628	0.00559
13	0.01479	0.01397	0.02366	0.08942	0.51299	0.01405	0.04518	0.01847	0.01508	0.02112	0.04713	0.09047	0.04768	0.00826	0.00699	0.00211	0.00739	0.00792	0.00387	0.00943
14	0.01809	0.08310	0.12603	0.02233	0.07460	0.07593	0.29691	0.05370	0.01659	0.09055	0.03700	0.01764	0.01210	0.00676	0.00756	0.00210	0.03911	0.00658	0.00402	0.00932
15	0.01445	0.01558	0.05948	0.01778	0.01860	0.01967	0.03801	0.01644	0.01070	0.01658	0.00952	0.01524	0.00916	0.01281	0.04966	0.00319	0.65674	0.00594	0.00297	0.00748
16	0.00973	0.00687	0.00826	0.00819	0.00968	0.00628	0.00592	0.01168	0.01547	0.04417	0.27921	0.12509	0.23761	0.15155	0.01278	0.00306	0.00416	0.04819	0.00631	0.00581
17	0.01147	0.00971	0.01395	0.04347	0.07646	0.00940	0.07364	0.06859	0.01636	0.02140	0.11104	0.18162	0.24899	0.03532	0.00860	0.00246	0.00540	0.04948	0.00568	0.00697
18	0.05297	0.14958	0.10104	0.04468	0.02014	0.01549	0.07250	0.02432	0.17324	0.13803	0.02093	0.12252	0.01774	0.00920	0.00653	0.00213	0.00671	0.00783	0.00524	0.00917
19	0.01996	0.12073	0.02137	0.01642	0.01889	0.36829	0.01322	0.02168	0.01497	0.01621	0.00995	0.01332	0.00898	0.00996	0.03673	0.00243	0.27117	0.00487	0.00320	0.00767
20	0.01624	0.01556	0.02656	0.10790	0.65852	0.01584	0.02041	0.02027	0.01510	0.02147	0.01256	0.01673	0.01047	0.00605	0.00665	0.00202	0.00806	0.00598	0.00329	0.01033
21	0.00872	0.00712	0.00775	0.00761	0.00970	0.00632	0.00569	0.01153	0.04727	0.02070	0.22572	0.08509	0.50108	0.01598	0.00790	0.00224	0.00345	0.01355	0.00654	0.00604
22	0.01710	0.41888	0.13921	0.01927	0.15296	0.06487	0.04382	0.02057	0.01442	0.01810	0.01128	0.03096	0.00991	0.00632	0.00543	0.00173	0.00814	0.00485	0.00309	0.00908
23	0.01513	0.00969	0.01159	0.01030	0.01289	0.00977	0.00804	0.11105	0.08181	0.10878	0.31006	0.03926	0.03783	0.06695	0.00925	0.00246	0.00471	0.06180	0.08082	0.00782
24	0.22892	0.01235	0.01404	0.01131	0.01591	0.01233	0.00920	0.07775	0.06605	0.41632	0.02112	0.02037	0.01444	0.04170	0.00731	0.00228	0.00571	0.00609	0.00683	0.00996
25	0.00947	0.00762	0.01216	0.01210	0.01344	0.00718	0.09360	0.01145	0.01355	0.01805	0.03386	0.57959	0.03935	0.01878	0.00857	0.00271	0.00511	0.10152	0.00587	0.00599
26	0.01170	0.00585	0.00861	0.00861	0.00869	0.00585	0.00577	0.00912	0.00903	0.01238	0.01221	0.02065	0.01196	0.02246	0.02505	0.76095	0.00568	0.00585	0.04649	0.00310
27	0.04709	0.00942	0.01222	0.01023	0.01368	0.00850	0.00803	0.02380	0.01722	0.41545	0.13567	0.10052	0.02699	0.06117	0.00869	0.00240	0.00494	0.00887	0.07615	0.00895
28	0.01378	0.01136	0.01211	0.01113	0.01415	0.01218	0.00854	0.09811	0.32252	0.02506	0.04006	0.13667	0.24078	0.01307	0.00740	0.00230	0.00475	0.01103	0.00655	0.00846
29	0.01267	0.01193	0.02013	0.74806	0.04621	0.01491	0.01863	0.01714	0.01342	0.01714	0.01193	0.01789	0.00894	0.00671	0.00671	0.00224	0.00894	0.00596	0.00298	0.00745
30	0.00938	0.00663	0.00815	0.00837	0.00984	0.00598	0.00605	0.01149	0.01589	0.04320	0.28663	0.28597	0.22334	0.01664	0.00801	0.00234	0.00354	0.01462	0.02790	0.00603
31	0.00976	0.00665	0.00840	0.00920	0.01001	0.00630	0.00623	0.03364	0.01363	0.04236	0.05847	0.55166	0.07712	0.11903	0.01180	0.00314	0.00437	0.01646	0.00607	0.00571
32	0.01897	0.01441	0.01532	0.01327	0.01719	0.04022	0.01044	0.10601	0.45866	0.11775	0.09064	0.02569	0.02262	0.00925	0.00688	0.00219	0.00562	0.00763	0.00694	0.01031
33	0.00830	0.00677	0.00736	0.00746	0.00945	0.00583	0.00560	0.01023	0.01566	0.01943	0.16090	0.11557	0.54346	0.01687	0.00803	0.00231	0.00351	0.04107	0.00640	0.00577
34	0.00867	0.00645	0.00781	0.00840	0.00946	0.00598	0.00586	0.01015	0.01378	0.01796	0.12144	0.32026	0.22773	0.13544	0.03943	0.00343	0.00469	0.04167	0.00593	0.00545
35	0.00972	0.00644	0.00732	0.00745	0.00753	0.00641	0.00426	0.00991	0.01015	0.01373	0.02246	0.10165	0.02579	0.67915	0.03111	0.00604	0.00618	0.01040	0.03004	0.00425
36	0.05154	0.01365	0.01506	0.01305	0.01719	0.01500	0.01031	0.03432	0.51830	0.19411	0.02640	0.02395	0.01904	0.00880	0.00670	0.00222	0.00540	0.00723	0.00707	0.01068
37	0.00919	0.00709	0.00893	0.00852	0.01006	0.00647	0.03418	0.01101	0.01468	0.01936	0.21170	0.14086	0.27279	0.18021	0.01369	0.00320	0.00441	0.01286	0.02518	0.00561
38	0.43331	0.01237	0.01163	0.01011	0.01372	0.01363	0.00800	0.13777	0.01591	0.08071	0.05393	0.08281	0.01645	0.07398	0.00798	0.00251	0.00550	0.00662	0.00526	0.00781
39	0.00959	0.00719	0.01078	0.01078	0.01198	0.00839	0.00839	0.01198	0.01078	0.01558	0.01797	0.02636	0.01677	0.05032	0.73760	0.01078	0.01797	0.00719	0.00359	0.00599
40	0.00904	0.00658	0.00803	0.00826	0.00934	0.00611	0.00577	0.01079	0.01476	0.01978	0.26706	0.20856	0.16683	0.18471	0.01401	0.00330	0.00424	0.04120	0.00613	0.00550
41	0.00862	0.00680	0.00763	0.00806	0.00955	0.00618	0.00568	0.01083	0.04532	0.01817	0.07825	0.29129	0.37931	0.08046	0.01029	0.00277	0.00390	0.01505	0.00612	0.00571
42	0.01391	0.01193	0.01391	0.00994	0.01590	0.00894	0.00795	0.01690	0.01391	0.02186	0.01193	0.01391	0.00994	0.00497	0.00497	0.00099	0.00497	0.00398	0.00398	0.80521
43	0.00828	0.00662	0.00722	0.00744	0.00913	0.00576	0.00533	0.00989	0.01479	0.01841	0.12322	0.17976	0.48278	0.07864	0.01019	0.00268	0.00371	0.01444	0.00617	0.00556

[dist]
# distance from previous block
# <min> <max>
0	2

[block]
# block no. 1 follows, 32 sequences, length 29
# corresponding to MSA columns:
# 148-176
name=unknown_B
#
# <colnr> <probs for GDERKNQSTAVLIFYWHMCP>
#	G	D	E	R	K	N	Q	S	T	A	V	L	I	F	Y	W	H	M	C	P
0	0.54128	0.01368	0.01125	0.01012	0.01367	0.06406	0.00800	0.04551	0.08109	0.02691	0.01175	0.01386	0.00941	0.00895	0.00764	0.11105	0.00585	0.00446	0.00429	0.00719
1	0.02466	0.02718	0.01909	0.01654	0.02055	0.49131	0.01276	0.21593	0.06592	0.02440	0.01304	0.01404	0.01016	0.00737	0.00628	0.00184	0.01035	0.00501	0.00458	0.00897
2	0.01813	0.01417	0.01968	0.01521	0.04216	0.01304	0.12276	0.17167	0.01873	0.09286	0.03860	0.01842	0.01332	0.03636	0.00731	0.00182	0.00672	0.00591	0.00500	0.33812
3	0.01302	0.01364	0.04860	0.01683	0.02026	0.06108	0.21958	0.01696	0.03070	0.01909	0.08934	0.02499	0.01882	0.04665	0.29954	0.00574	0.03616	0.00769	0.00396	0.00733
4	0.05496	0.08600	0.02051	0.01581	0.01996	0.33691	0.01266	0.27376	0.02230	0.02644	0.01226	0.01360	0.00962	0.00754	0.00716	0.00191	0.05990	0.00497	0.00460	0.00914
5	0.02402	0.01080	0.01384	0.01127	0.01552	0.00983	0.00909	0.05239	0.06539	0.48936	0.03208	0.06230	0.11024	0.03413	0.00792	0.00231	0.00540	0.02655	0.00759	0.00998
6	0.00964	0.00697	0.00965	0.00965	0.01046	0.00777	0.00698	0.01126	0.01045	0.01474	0.01900	0.03208	0.01926	0.28285	0.50847	0.00939	0.01424	0.00803	0.00375	0.00536
7	0.01285	0.01136	0.01286	0.01219	0.01392	0.09873	0.00951	0.06486	0.01331	0.01768	0.01655	0.02341	0.01508	0.04041	0.56665	0.00873	0.04476	0.00670	0.00378	0.00666
8	0.01661	0.01594	0.02724	0.04119	0.72233	0.01594	0.02059	0.02059	0.01528	0.02192	0.01262	0.01661	0.01063	0.00598	0.00664	0.00199	0.00797	0.00598	0.00332	0.01063
9	0.01616	0.00862	0.01111	0.00961	0.01249	0.00783	0.00751	0.01969	0.04874	0.24687	0.40739	0.04183	0.11028	0.01213	0.00750	0.00212	0.00408	0.01043	0.00754	0.00806
10	0.00829	0.00592	0.00792	0.00947	0.00991	0.00555	0.00643	0.00954	0.01296	0.01726	0.03692	0.73040	0.04413	0.02091	0.00859	0.00274	0.00399	0.04736	0.00623	0.00548
11	0.01007	0.00683	0.00900	0.01009	0.01132	0.00641	0.00770	0.01198	0.01429	0.05396	0.03997	0.42008	0.12771	0.01909	0.00861	0.00275	0.00463	0.22319	0.00632	0.00601
12	0.02729	0.01574	0.01763	0.01369	0.01879	0.05128	0.01123	0.34141	0.02479	0.35674	0.02075	0.01923	0.01381	0.00811	0.00665	0.00202	0.00674	0.00629	0.02669	0.01111
13	0.02371	0.02847	0.01808	0.01627	0.01957	0.60897	0.01233	0.06673	0.01908	0.01871	0.01162	0.01350	0.00952	0.00722	0.00651	0.00177	0.03588	0.00464	0.06955	0.00786
14	0.08205	0.01177	0.01515	0.01187	0.01687	0.01078	0.00975	0.03206	0.07575	0.62194	0.02538	0.02221	0.01630	0.00823	0.00658	0.00209	0.00564	0.00661	0.00790	0.01107
15	0.02916	0.01158	0.01548	0.01192	0.01702	0.01020	0.00983	0.06093	0.01961	0.67349	0.02741	0.02394	0.03992	0.00858	0.00679	0.00208	0.00570	0.00697	0.00817	0.01123
16	0.01569	0.01311	0.01382	0.01228	0.01587	0.01456	0.00959	0.10811	0.46406	0.02763	0.05445	0.03301	0.16748	0.01077	0.00708	0.00224	0.00509	0.00892	0.00670	0.00955
17	0.02543	0.02099	0.01995	0.01575	0.02080	0.14005	0.01279	0.58792	0.02946	0.03798	0.01515	0.01544	0.01095	0.00786	0.00660	0.00197	0.00817	0.00575	0.00617	0.01081
18	0.02827	0.01104	0.01485	0.01151	0.01646	0.00952	0.00947	0.03079	0.01888	0.66843	0.02990	0.02629	0.07468	0.00902	0.00685	0.00209	0.00552	0.00736	0.00813	0.01094
19	0.00817	0.00587	0.00775	0.00925	0.00971	0.00546	0.00619	0.00935	0.01293	0.01716	0.03809	0.73499	0.06848	0.02088	0.00854	0.00271	0.00388	0.01890	0.00623	0.00546
20	0.01267	0.01193	0.02013	0.74806	0.04621	0.01491	0.01863	0.01714	0.01342	0.01714	0.01193	0.01789	0.00894	0.00671	0.00671	0.00224	0.00894	0.00596	0.00298	0.00745
21	0.00818	0.00584	0.00779	0.00934	0.00973	0.00545	0.00623	0.00934	0.01285	0.01713	0.03698	0.75981	0.04438	0.02102	0.00856	0.00273	0.00389	0.01908	0.00623	0.00545
22	0.01433	0.01417	0.01989	0.01715	0.01723	0.01973	0.01425	0.01587	0.01031	0.01611	0.00943	0.01547	0.00935	0.01436	0.07060	0.00347	0.70208	0.00596	0.00298	0.00725
23	0.01584	0.01810	0.03959	0.02828	0.03507	0.01697	0.69796	0.02149	0.01584	0.02149	0.01357	0.01810	0.01018	0.00566	0.00792	0.00226	0.01131	0.00792	0.00339	0.00905
24	0.01267	0.01193	0.02013	0.74806	0.04621	0.01491	0.01863	0.01714	0.01342	0.01714	0.01193	0.01789	0.00894	0.00671	0.00671	0.00224	0.00894	0.00596	0.00298	0.00745
25	0.00980	0.00732	0.00932	0.00964	0.01083	0.00721	0.00705	0.04564	0.01582	0.02144	0.23589	0.39100	0.10614	0.01740	0.00879	0.00250	0.03343	0.04820	0.00646	0.00614
26	0.09585	0.01212	0.01370	0.01005	0.01565	0.00992	0.00808	0.01716	0.01355	0.02254	0.01157	0.01363	0.00963	0.00530	0.00540	0.00116	0.02743	0.00400	0.00396	0.69929
27	0.03728	0.01351	0.01929	0.31811	0.03050	0.03816	0.06651	0.06876	0.05092	0.15999	0.01604	0.01851	0.01154	0.00713	0.00684	0.00206	0.02322	0.00607	0.02513	0.08044
28	0.01006	0.00736	0.00894	0.03073	0.01061	0.00711	0.00611	0.03800	0.01605	0.02184	0.37091	0.04806	0.14214	0.23537	0.01558	0.00343	0.00452	0.01130	0.00608	0.00580

[dist]
# distance from previous block
# <min> <max>
1	3

[block]
# block no. 2 follows, 32 sequences, length 139
# corresponding to MSA columns:
# 190-194,196-205,207-222,240-306,317,325-364
name=unknown_C
#
# <colnr> <probs for GDERKNQSTAVLIFYWHMCP>
#	G	D	E	R	K	N	Q	S	T	A	V	L	I	F	Y	W	H	M	C	P
0	0.00889	0.00619	0.00752	0.00828	0.00859	0.00594	0.00518	0.00955	0.01156	0.01529	0.03135	0.39530	0.07059	0.36140	0.02026	0.00443	0.00506	0.01455	0.00524	0.00483
1	0.02277	0.01977	0.01844	0.01522	0.01978	0.14424	0.01215	0.38254	0.23397	0.03350	0.01849	0.01810	0.01366	0.00817	0.00663	0.00204	0.00758	0.00621	0.00618	0.01054
2	0.01420	0.01186	0.01934	0.55284	0.09406	0.01401	0.01708	0.01865	0.03630	0.06768	0.01475	0.02154	0.01167	0.00802	0.00749	0.02867	0.00827	0.04203	0.00367	0.00787
3	0.01458	0.04880	0.52575	0.04354	0.02948	0.01603	0.13471	0.02137	0.01446	0.04601	0.01263	0.01517	0.00909	0.00650	0.00712	0.00216	0.03432	0.00554	0.00313	0.00963
4	0.00975	0.00655	0.00753	0.00753	0.00761	0.00662	0.00433	0.00989	0.00982	0.01317	0.02095	0.04283	0.02392	0.72019	0.07750	0.00677	0.00721	0.00960	0.00404	0.00418
5	0.00862	0.00608	0.00800	0.00917	0.00974	0.00570	0.00626	0.00985	0.01327	0.01775	0.09948	0.57700	0.06363	0.06020	0.01059	0.03484	0.00412	0.04422	0.00609	0.00539
6	0.05409	0.01730	0.11853	0.04607	0.02283	0.03918	0.11410	0.08524	0.09508	0.28500	0.02019	0.02113	0.01421	0.00782	0.00682	0.00215	0.00757	0.02664	0.00590	0.01016
7	0.01410	0.01347	0.03929	0.19587	0.06432	0.04295	0.09930	0.02014	0.12987	0.04113	0.02138	0.16786	0.02017	0.01080	0.00812	0.00239	0.04377	0.05231	0.00471	0.00808
8	0.00870	0.00633	0.00808	0.00916	0.00984	0.00601	0.00620	0.01063	0.03817	0.01819	0.09978	0.58870	0.07444	0.06970	0.01013	0.00289	0.00403	0.01718	0.00621	0.00563
9	0.00914	0.00644	0.00806	0.00897	0.00954	0.00620	0.00616	0.01025	0.01237	0.01626	0.03330	0.35504	0.08053	0.27668	0.01746	0.00406	0.00514	0.12380	0.00547	0.00511
10	0.01222	0.00813	0.01001	0.00995	0.01185	0.00784	0.00744	0.05746	0.05787	0.08846	0.14580	0.34038	0.13521	0.01639	0.00803	0.00246	0.00435	0.06256	0.00667	0.00692
11	0.01346	0.03471	0.72942	0.01912	0.02904	0.01558	0.02479	0.02125	0.01417	0.02125	0.01204	0.01417	0.00850	0.00637	0.00637	0.00212	0.00992	0.00496	0.00283	0.00992
12	0.01794	0.76823	0.03516	0.01148	0.01722	0.02655	0.01148	0.02009	0.01363	0.01579	0.00933	0.01076	0.00861	0.00574	0.00431	0.00144	0.00718	0.00359	0.00287	0.00861
13	0.02551	0.01879	0.02014	0.01544	0.02081	0.02081	0.01275	0.69996	0.03155	0.04229	0.01611	0.01611	0.01141	0.00805	0.00671	0.00201	0.00738	0.00604	0.00671	0.01141
14	0.01297	0.00665	0.00722	0.00698	0.00835	0.00655	0.00492	0.01509	0.01317	0.06877	0.02170	0.02949	0.01880	0.19889	0.01291	0.02735	0.00423	0.00716	0.52286	0.00595
15	0.01468	0.01468	0.02055	0.01762	0.01762	0.02055	0.01468	0.01615	0.01028	0.01615	0.00881	0.01468	0.00881	0.01174	0.02202	0.00294	0.75191	0.00587	0.00294	0.00734
16	0.00959	0.00719	0.01078	0.01078	0.01198	0.00839	0.00839	0.01198	0.01078	0.01558	0.01797	0.02636	0.01677	0.05032	0.73760	0.01078	0.01797	0.00719	0.00359	0.00599
17	0.00844	0.00613	0.00796	0.00931	0.00999	0.00572	0.00649	0.00982	0.01327	0.01740	0.03965	0.60413	0.11345	0.03978	0.00923	0.00281	0.00413	0.08062	0.00617	0.00551
18	0.00975	0.00672	0.00812	0.00857	0.00908	0.00662	0.00579	0.01067	0.01175	0.01551	0.04910	0.11870	0.05893	0.48489	0.02467	0.00513	0.00596	0.15036	0.00490	0.00477
19	0.00962	0.00705	0.01008	0.01008	0.01104	0.00801	0.00751	0.01153	0.01058	0.01506	0.01861	0.02991	0.01831	0.19457	0.59546	0.00992	0.01566	0.00771	0.00369	0.00560
20	0.02458	0.01804	0.01940	0.01512	0.02029	0.01998	0.01241	0.59984	0.11295	0.06118	0.01777	0.01739	0.01266	0.00819	0.00673	0.00205	0.00708	0.00625	0.00677	0.01132
21	0.00959	0.00685	0.00849	0.00937	0.01032	0.00659	0.00656	0.05001	0.01418	0.01892	0.03707	0.53467	0.10515	0.06594	0.00989	0.00285	0.00431	0.05473	0.03870	0.00580
22	0.00793	0.00680	0.00680	0.00680	0.00906	0.00566	0.00510	0.00963	0.01529	0.01813	0.06797	0.06457	0.71961	0.01699	0.00793	0.00227	0.00340	0.01416	0.00623	0.00566
23	0.00976	0.00651	0.00732	0.00732	0.00732	0.00651	0.00407	0.00976	0.00976	0.01301	0.02114	0.04391	0.02439	0.76419	0.03415	0.00651	0.00651	0.00976	0.00407	0.00407
24	0.01019	0.00773	0.01080	0.01082	0.01202	0.00750	0.05287	0.05397	0.01400	0.01861	0.03247	0.49019	0.05529	0.13101	0.01229	0.00323	0.00514	0.06021	0.00574	0.00591
25	0.01309	0.01214	0.01234	0.01198	0.01371	0.13878	0.00916	0.03918	0.03485	0.01719	0.01892	0.07251	0.01829	0.07493	0.44561	0.00755	0.01418	0.03499	0.00408	0.00651
26	0.01184	0.00811	0.00996	0.00913	0.01136	0.00775	0.00697	0.01662	0.09944	0.08376	0.49809	0.04677	0.13771	0.01315	0.00769	0.00215	0.00366	0.01141	0.00725	0.00717
27	0.02140	0.01259	0.01870	0.08376	0.02175	0.01220	0.09978	0.07882	0.05215	0.31991	0.02013	0.02088	0.01418	0.01273	0.09773	0.00310	0.00831	0.00659	0.00594	0.08935
28	0.01391	0.01193	0.01391	0.00994	0.01590	0.00894	0.00795	0.01690	0.01391	0.02186	0.01193	0.01391	0.00994	0.00497	0.00497	0.00099	0.00497	0.00398	0.00398	0.80521
29	0.01386	0.01085	0.01162	0.01054	0.01289	0.05837	0.00796	0.09439	0.10019	0.05391	0.35458	0.10581	0.06381	0.05985	0.00919	0.00243	0.00488	0.01073	0.00666	0.00746
30	0.01467	0.01110	0.01248	0.01178	0.01449	0.01199	0.00887	0.07103	0.33599	0.06863	0.03211	0.28497	0.06639	0.01361	0.00749	0.00240	0.00488	0.01183	0.00667	0.00863
31	0.05885	0.00644	0.00804	0.00930	0.01009	0.00619	0.00644	0.01031	0.01318	0.01845	0.06075	0.63112	0.06992	0.01957	0.00827	0.00266	0.00402	0.04462	0.00614	0.00563
32	0.01172	0.00741	0.00933	0.00853	0.01070	0.00663	0.00651	0.01450	0.01824	0.11171	0.49567	0.04980	0.19612	0.01374	0.00777	0.00214	0.00353	0.01190	0.00726	0.00682
33	0.00813	0.00602	0.00760	0.00886	0.00961	0.00549	0.00602	0.00940	0.01331	0.01732	0.04281	0.62904	0.17138	0.02026	0.00845	0.00264	0.00380	0.01815	0.00623	0.00549
34	0.01166	0.00825	0.01040	0.00989	0.01188	0.00804	0.02905	0.01617	0.11389	0.06828	0.19561	0.24335	0.13723	0.05166	0.00899	0.00252	0.00430	0.01281	0.04913	0.00690
35	0.01391	0.01193	0.01391	0.00994	0.01590	0.00894	0.00795	0.01690	0.01391	0.02186	0.01193	0.01391	0.00994	0.00497	0.00497	0.00099	0.00497	0.00398	0.00398	0.80521
36	0.00869	0.00683	0.00785	0.00759	0.00953	0.00599	0.00569	0.01109	0.01708	0.02237	0.38226	0.05760	0.40268	0.01541	0.00792	0.00219	0.00329	0.01318	0.00679	0.00599
37	0.01089	0.00701	0.00847	0.00833	0.00925	0.00675	0.00549	0.01248	0.03126	0.06368	0.17687	0.15887	0.06020	0.38723	0.02094	0.00440	0.00517	0.01167	0.00556	0.00548
38	0.00825	0.00591	0.00772	0.00913	0.00958	0.00552	0.00607	0.00938	0.01278	0.01695	0.03739	0.69321	0.07074	0.06067	0.00991	0.00291	0.00401	0.01838	0.00611	0.00538
39	0.00974	0.00657	0.00765	0.00765	0.00776	0.00668	0.00447	0.00997	0.00985	0.01325	0.02084	0.04225	0.02367	0.69661	0.10074	0.00691	0.00759	0.00951	0.00402	0.00425
40	0.02841	0.01315	0.01646	0.01266	0.01779	0.01255	0.01045	0.20269	0.02221	0.53113	0.02369	0.02118	0.01530	0.00823	0.00668	0.00204	0.00606	0.00655	0.03151	0.01126
41	0.00907	0.00679	0.00848	0.00886	0.01024	0.00631	0.00651	0.01176	0.03585	0.02162	0.30642	0.28618	0.17647	0.01693	0.00819	0.00241	0.00372	0.06147	0.00669	0.00603
42	0.00846	0.00612	0.00807	0.00953	0.01017	0.00572	0.00668	0.00988	0.01330	0.01753	0.03876	0.63744	0.08619	0.02048	0.00861	0.00274	0.00412	0.09441	0.00622	0.00555
43	0.01472	0.01479	0.02114	0.01795	0.01816	0.02044	0.03579	0.01631	0.01045	0.01631	0.00896	0.01479	0.00885	0.01156	0.02158	0.00292	0.72903	0.00594	0.00295	0.00739
44	0.02307	0.01364	0.01582	0.01263	0.01675	0.01406	0.01007	0.33285	0.02307	0.24199	0.04271	0.04277	0.01812	0.13184	0.01133	0.00281	0.00649	0.02342	0.00676	0.00980
45	0.02770	0.01309	0.01631	0.01265	0.01762	0.01259	0.01034	0.19142	0.04640	0.50934	0.02381	0.02216	0.01582	0.03899	0.00786	0.00225	0.00613	0.00673	0.00770	0.01109
46	0.02551	0.01879	0.02014	0.01544	0.02081	0.02081	0.01275	0.69996	0.03155	0.04229	0.01611	0.01611	0.01141	0.00805	0.00671	0.00201	0.00738	0.00604	0.00671	0.01141
47	0.03060	0.00731	0.01062	0.01059	0.01182	0.00849	0.00818	0.01209	0.01076	0.01585	0.01788	0.02667	0.01684	0.07817	0.68980	0.01038	0.01717	0.00720	0.00363	0.00595
48	0.02512	0.01817	0.01958	0.01507	0.02026	0.02002	0.01238	0.65775	0.03047	0.06133	0.01658	0.01722	0.01199	0.03295	0.00762	0.00216	0.00731	0.00618	0.00667	0.01117
49	0.00818	0.00584	0.00779	0.00934	0.00973	0.00545	0.00623	0.00934	0.01285	0.01713	0.03698	0.75981	0.04438	0.02102	0.00856	0.00273	0.00389	0.01908	0.00623	0.00545
50	0.01673	0.01455	0.01842	0.02006	0.17583	0.01603	0.03338	0.03102	0.49416	0.04318	0.04634	0.02371	0.01928	0.00843	0.00685	0.00220	0.00603	0.00737	0.00599	0.01045
51	0.00828	0.00599	0.00786	0.00931	0.00988	0.00557	0.00637	0.00958	0.01313	0.01734	0.03900	0.68070	0.08950	0.02063	0.00855	0.00271	0.00397	0.04988	0.00623	0.00550
52	0.00818	0.00584	0.00779	0.00934	0.00973	0.00545	0.00623	0.00934	0.01285	0.01713	0.03698	0.75981	0.04438	0.02102	0.00856	0.00273	0.00389	0.01908	0.00623	0.00545
53	0.01794	0.76823	0.03516	0.01148	0.01722	0.02655	0.01148	0.02009	0.01363	0.01579	0.00933	0.01076	0.00861	0.00574	0.00431	0.00144	0.00718	0.00359	0.00287	0.00861
54	0.01310	0.00981	0.01074	0.04011	0.01370	0.01067	0.00792	0.02230	0.29519	0.02432	0.05214	0.11192	0.10275	0.01099	0.00654	0.00211	0.00436	0.00929	0.24412	0.00791
55	0.00813	0.00601	0.00761	0.00889	0.00961	0.00549	0.00603	0.00939	0.01328	0.01731	0.04247	0.63677	0.16388	0.02031	0.00845	0.00264	0.00381	0.01821	0.00623	0.00549
56	0.81159	0.01298	0.00986	0.00882	0.01298	0.01505	0.00727	0.01972	0.01142	0.03010	0.00934	0.01090	0.00727	0.00623	0.00415	0.00208	0.00519	0.00363	0.00415	0.00727
57	0.01573	0.01778	0.03781	0.02728	0.03344	0.01730	0.63403	0.02099	0.01532	0.02099	0.01313	0.01778	0.01005	0.00623	0.00924	0.00233	0.08060	0.00773	0.00335	0.00889
58	0.02506	0.03198	0.01901	0.01729	0.02074	0.73725	0.01296	0.02679	0.01901	0.01642	0.01037	0.01210	0.00864	0.00691	0.00605	0.00173	0.01210	0.00432	0.00346	0.00778
59	0.02522	0.01835	0.02000	0.03945	0.02154	0.02029	0.01286	0.65799	0.03059	0.06146	0.01627	0.01636	0.01148	0.00802	0.00671	0.00202	0.00739	0.00606	0.00664	0.01128
60	0.01153	0.00599	0.00889	0.00897	0.00913	0.00597	0.00618	0.00921	0.00952	0.01271	0.03597	0.02507	0.01513	0.02268	0.02450	0.72511	0.00577	0.05116	0.00328	0.00324
61	0.01166	0.00583	0.00874	0.00874	0.00874	0.00583	0.00583	0.00874	0.00874	0.01166	0.01166	0.02040	0.01166	0.02331	0.02622	0.80478	0.00583	0.00583	0.00291	0.00291
62	0.62985	0.01266	0.01139	0.00978	0.01397	0.01405	0.02964	0.02024	0.03693	0.05742	0.05863	0.01491	0.01211	0.00683	0.00477	0.00203	0.00526	0.00463	0.00460	0.05030
63	0.02815	0.01097	0.01496	0.01182	0.01660	0.00954	0.00971	0.03068	0.01871	0.66023	0.02740	0.06447	0.01899	0.00940	0.00695	0.00215	0.00563	0.03465	0.00811	0.01089
64	0.01267	0.01193	0.02013	0.74806	0.04621	0.01491	0.01863	0.01714	0.01342	0.01714	0.01193	0.01789	0.00894	0.00671	0.00671	0.00224	0.00894	0.00596	0.00298	0.00745
65	0.00859	0.00601	0.00766	0.00881	0.00910	0.00573	0.00566	0.00945	0.01203	0.01605	0.03282	0.57169	0.03913	0.21630	0.01529	0.00372	0.00458	0.01663	0.00566	0.00509
66	0.05217	0.00666	0.00831	0.00922	0.01023	0.00634	0.00647	0.01117	0.01373	0.04022	0.10429	0.53089	0.08285	0.04323	0.00904	0.00272	0.00410	0.04633	0.00622	0.00581
67	0.00793	0.00680	0.00680	0.00680	0.00906	0.00566	0.00510	0.00963	0.01529	0.01813	0.06797	0.06457	0.71961	0.01699	0.00793	0.00227	0.00340	0.01416	0.00623	0.00566
68	0.02551	0.01879	0.02014	0.01544	0.02081	0.02081	0.01275	0.69996	0.03155	0.04229	0.01611	0.01611	0.01141	0.00805	0.00671	0.00201	0.00738	0.00604	0.00671	0.01141
69	0.00833	0.00617	0.00778	0.00874	0.00965	0.00562	0.00603	0.00989	0.01421	0.01877	0.14401	0.52535	0.17253	0.01919	0.00835	0.00255	0.00369	0.01713	0.00640	0.00562
70	0.00943	0.00680	0.00891	0.00849	0.01001	0.00628	0.00633	0.01248	0.01866	0.02638	0.68226	0.08814	0.06230	0.01411	0.00795	0.00214	0.00320	0.01251	0.00732	0.00628
71	0.01346	0.03471	0.72942	0.01912	0.02904	0.01558	0.02479	0.02125	0.01417	0.02125	0.01204	0.01417	0.00850	0.00637	0.00637	0.00212	0.00992	0.00496	0.00283	0.00992
72	0.01074	0.00675	0.00791	0.00781	0.00816	0.00668	0.00466	0.01104	0.01049	0.05161	0.02231	0.08720	0.02497	0.65201	0.05565	0.00618	0.00670	0.01009	0.00441	0.00461
73	0.01636	0.01877	0.03806	0.02814	0.05831	0.05552	0.63760	0.02175	0.01599	0.02124	0.01337	0.01773	0.01011	0.00573	0.00777	0.00222	0.01124	0.00766	0.00339	0.00904
74	0.02485	0.01695	0.01968	0.01522	0.02044	0.01821	0.04442	0.47323	0.10681	0.16084	0.01911	0.01842	0.01332	0.00811	0.00679	0.00207	0.00703	0.00643	0.00685	0.01121
75	0.03623	0.01172	0.01784	0.48499	0.03516	0.01366	0.01529	0.07214	0.01537	0.10852	0.01642	0.08240	0.01343	0.01001	0.03650	0.00258	0.00825	0.00719	0.00428	0.00803
76	0.02353	0.02891	0.01837	0.01701	0.03670	0.62148	0.01257	0.05343	0.04140	0.01809	0.01483	0.01609	0.05390	0.00764	0.00623	0.00180	0.01104	0.00516	0.00387	0.00795
77	0.00795	0.00673	0.00687	0.00698	0.00911	0.00565	0.00518	0.00961	0.01512	0.01805	0.06574	0.11468	0.67095	0.01728	0.00798	0.00230	0.00343	0.01452	0.00623	0.00565
78	0.00818	0.00584	0.00779	0.00934	0.00973	0.00545	0.00623	0.00934	0.01285	0.01713	0.03698	0.75981	0.04438	0.02102	0.00856	0.00273	0.00389	0.01908	0.00623	0.00545
79	0.06385	0.01294	0.02115	0.53536	0.20310	0.01516	0.01838	0.01812	0.01373	0.01908	0.01193	0.01715	0.00923	0.00651	0.00653	0.00217	0.00848	0.00582	0.00314	0.00819
80	0.01285	0.00714	0.00940	0.00960	0.01115	0.00648	0.00684	0.01443	0.01458	0.16443	0.08166	0.49340	0.07528	0.04788	0.00915	0.00268	0.00430	0.01542	0.00665	0.00670
81	0.01409	0.00790	0.00881	0.00803	0.01064	0.00731	0.00621	0.01754	0.05728	0.14930	0.07564	0.04051	0.27889	0.01167	0.00655	0.00199	0.00383	0.00964	0.27695	0.00723
82	0.07143	0.01237	0.01580	0.01218	0.01734	0.01143	0.01006	0.11050	0.02024	0.60909	0.02433	0.02141	0.01550	0.00816	0.00660	0.00207	0.00588	0.00650	0.00789	0.01120
83	0.01024	0.00706	0.00822	0.00845	0.00906	0.00701	0.00540	0.05324	0.01254	0.01686	0.02803	0.28221	0.05772	0.41085	0.02176	0.00461	0.00544	0.01270	0.03347	0.00513
84	0.01938	0.01261	0.01398	0.01170	0.01529	0.01352	0.00930	0.23863	0.16924	0.11375	0.06504	0.02327	0.01860	0.00943	0.00739	0.04499	0.00540	0.00688	0.19236	0.00926
85	0.01346	0.03471	0.72942	0.01912	0.02904	0.01558	0.02479	0.02125	0.01417	0.02125	0.01204	0.01417	0.00850	0.00637	0.00637	0.00212	0.00992	0.00496	0.00283	0.00992
86	0.00881	0.00698	0.00715	0.00700	0.00938	0.00583	0.00529	0.01055	0.01545	0.04638	0.06632	0.06291	0.69159	0.01665	0.00788	0.00226	0.00349	0.01387	0.00631	0.00589
87	0.00913	0.00652	0.00755	0.00786	0.00873	0.00613	0.00523	0.01027	0.01290	0.01699	0.10404	0.18497	0.19627	0.32230	0.01871	0.00408	0.00484	0.03928	0.02913	0.00507
88	0.00822	0.00640	0.00755	0.00828	0.00962	0.00573	0.00591	0.00977	0.01413	0.01787	0.06820	0.37962	0.35336	0.01988	0.03227	0.00277	0.00417	0.03445	0.00617	0.00561
89	0.01003	0.00713	0.00975	0.01115	0.01229	0.00702	0.00907	0.01241	0.01446	0.01898	0.04949	0.25111	0.03969	0.06921	0.01073	0.00320	0.00554	0.44681	0.00608	0.00585
90	0.01391	0.01193	0.01391	0.00994	0.01590	0.00894	0.00795	0.01690	0.01391	0.02186	0.01193	0.01391	0.00994	0.00497	0.00497	0.00099	0.00497	0.00398	0.00398	0.80521
91	0.00900	0.00643	0.00791	0.00840	0.00915	0.00627	0.00565	0.01021	0.01232	0.01650	0.06612	0.28170	0.13739	0.25101	0.11422	0.00483	0.00645	0.01318	0.02806	0.00520
92	0.01899	0.01242	0.01427	0.01243	0.01616	0.01324	0.00974	0.05208	0.39384	0.20263	0.10508	0.07323	0.02554	0.01014	0.00704	0.00223	0.00515	0.00856	0.00722	0.01004
93	0.00965	0.00702	0.00847	0.00812	0.01006	0.00626	0.00618	0.01226	0.01752	0.04605	0.43379	0.05549	0.29823	0.01492	0.00794	0.00220	0.00345	0.03920	0.00695	0.00625
94	0.00846	0.00638	0.00769	0.00825	0.00943	0.00576	0.00576	0.01011	0.01461	0.01910	0.18006	0.36071	0.25376	0.06604	0.00988	0.00271	0.00377	0.01560	0.00632	0.00560
95	0.00932	0.00664	0.00851	0.00960	0.01025	0.00643	0.00659	0.04234	0.01356	0.01806	0.03422	0.60657	0.04034	0.09943	0.01125	0.00312	0.00448	0.05766	0.00602	0.00563
96	0.01252	0.00878	0.01033	0.00964	0.01214	0.00858	0.00746	0.01826	0.15247	0.09161	0.28182	0.07085	0.22010	0.01369	0.00770	0.00226	0.00410	0.05331	0.00695	0.00745
97	0.00966	0.00636	0.00774	0.00829	0.00860	0.00616	0.00513	0.01022	0.01131	0.03448	0.02792	0.34308	0.03255	0.43212	0.02268	0.00480	0.00539	0.01358	0.00509	0.00485
98	0.01412	0.01106	0.01259	0.03089	0.01550	0.03990	0.00997	0.02247	0.26327	0.06018	0.05408	0.14007	0.03015	0.04060	0.00881	0.00271	0.00575	0.22360	0.00631	0.00797
99	0.64238	0.03884	0.01281	0.01166	0.05853	0.03672	0.00880	0.05749	0.01332	0.05373	0.01055	0.01199	0.00811	0.00639	0.00460	0.00204	0.00577	0.00404	0.00432	0.00791
100	0.01338	0.01250	0.01979	0.43627	0.11710	0.01533	0.01676	0.01806	0.05674	0.01810	0.01312	0.01855	0.01063	0.01186	0.08166	0.00316	0.11964	0.00618	0.00332	0.00787
101	0.05037	0.01105	0.01449	0.01139	0.01611	0.00991	0.00933	0.03048	0.04694	0.60235	0.05383	0.02383	0.01843	0.00846	0.00658	0.00205	0.00540	0.00688	0.06140	0.01071
102	0.62625	0.01464	0.01210	0.01039	0.01472	0.03937	0.00850	0.13840	0.03596	0.03172	0.01108	0.01226	0.00842	0.00665	0.00474	0.00206	0.00580	0.00419	0.00465	0.00810
103	0.00824	0.00599	0.00777	0.00906	0.00969	0.00552	0.00613	0.00958	0.01345	0.01783	0.08263	0.65314	0.10582	0.02020	0.00847	0.00265	0.00380	0.01820	0.00630	0.00552
104	0.00925	0.00663	0.00874	0.01004	0.01091	0.00638	0.00755	0.01101	0.01360	0.01781	0.03678	0.40054	0.08275	0.09665	0.01142	0.00322	0.00494	0.25021	0.00599	0.00558
105	0.01644	0.01420	0.01493	0.01346	0.01721	0.01637	0.01046	0.03491	0.69029	0.02778	0.02848	0.02617	0.04052	0.00933	0.00686	0.00228	0.00526	0.00777	0.00681	0.01048
106	0.01391	0.01193	0.01391	0.00994	0.01590	0.00894	0.00795	0.01690	0.01391	0.02186	0.01193	0.01391	0.00994	0.00497	0.00497	0.00099	0.00497	0.00398	0.00398	0.80521
107	0.00902	0.00655	0.00731	0.00743	0.00827	0.00613	0.00474	0.00985	0.01235	0.01586	0.08007	0.12332	0.24355	0.41188	0.02184	0.00454	0.00508	0.01221	0.00516	0.00484
108	0.00860	0.00683	0.00753	0.00751	0.00937	0.00600	0.00558	0.01052	0.01556	0.01960	0.19901	0.06018	0.47674	0.08746	0.01050	0.00268	0.00380	0.05058	0.00627	0.00568
109	0.00959	0.00719	0.01078	0.01078	0.01198	0.00839	0.00839	0.01198	0.01078	0.01558	0.01797	0.02636	0.01677	0.05032	0.73760	0.01078	0.01797	0.00719	0.00359	0.00599
110	0.00991	0.00764	0.01131	0.01112	0.01221	0.00910	0.00867	0.01219	0.01072	0.01555	0.01748	0.02609	0.01647	0.06660	0.67416	0.01018	0.06384	0.00717	0.00357	0.00603
111	0.01501	0.01600	0.03001	0.02361	0.05435	0.01770	0.36799	0.01881	0.01339	0.01910	0.01204	0.01731	0.01013	0.01096	0.06222	0.00308	0.28978	0.00702	0.00323	0.00826
112	0.00974	0.00657	0.00765	0.00765	0.00776	0.00668	0.00447	0.00997	0.00985	0.01325	0.02084	0.04225	0.02367	0.69661	0.10074	0.00691	0.00759	0.00951	0.00402	0.00425
113	0.00826	0.00591	0.00787	0.00928	0.00975	0.00551	0.00624	0.00957	0.01326	0.01779	0.08282	0.71210	0.04565	0.02053	0.00852	0.00268	0.00384	0.01861	0.00631	0.00551
114	0.01424	0.01149	0.01606	0.01638	0.11912	0.01195	0.05626	0.05066	0.15045	0.05295	0.25116	0.03284	0.07477	0.01090	0.00866	0.02794	0.04534	0.00898	0.03155	0.00830
115	0.01054	0.00810	0.01276	0.01260	0.01416	0.00785	0.08773	0.01267	0.01377	0.01819	0.03070	0.27771	0.03420	0.07764	0.01202	0.05705	0.00605	0.29489	0.00549	0.00589
116	0.01267	0.01193	0.02013	0.74806	0.04621	0.01491	0.01863	0.01714	0.01342	0.01714	0.01193	0.01789	0.00894	0.00671	0.00671	0.00224	0.00894	0.00596	0.00298	0.00745
117	0.00911	0.00673	0.00976	0.01029	0.01122	0.00739	0.00765	0.01108	0.01148	0.01610	0.02443	0.27562	0.02616	0.04037	0.48984	0.00804	0.01319	0.01123	0.00449	0.00581
118	0.02304	0.01630	0.01842	0.03785	0.06391	0.03842	0.01223	0.39731	0.09101	0.13890	0.05734	0.02114	0.03592	0.00855	0.00680	0.00206	0.00682	0.00679	0.00656	0.01062
119	0.02551	0.01879	0.02014	0.01544	0.02081	0.02081	0.01275	0.69996	0.03155	0.04229	0.01611	0.01611	0.01141	0.00805	0.00671	0.00201	0.00738	0.00604	0.00671	0.01141
120	0.01310	0.01267	0.02208	0.59609	0.04210	0.01527	0.09590	0.01747	0.01356	0.01767	0.01268	0.01957	0.01003	0.00728	0.00789	0.00231	0.05586	0.02774	0.00313	0.00759
121	0.01267	0.01193	0.02013	0.74806	0.04621	0.01491	0.01863	0.01714	0.01342	0.01714	0.01193	0.01789	0.00894	0.00671	0.00671	0.00224	0.00894	0.00596	0.00298	0.00745
122	0.02506	0.03198	0.01901	0.01729	0.02074	0.73725	0.01296	0.02679	0.01901	0.01642	0.01037	0.01210	0.00864	0.00691	0.00605	0.00173	0.01210	0.00432	0.00346	0.00778
123	0.01465	0.01216	0.01503	0.01077	0.01674	0.00931	0.03630	0.01773	0.01421	0.05050	0.01258	0.01445	0.01022	0.00513	0.00516	0.00109	0.00526	0.00425	0.00413	0.74033
124	0.01189	0.00946	0.01188	0.01126	0.01273	0.03342	0.00859	0.06363	0.04985	0.01784	0.01816	0.02730	0.01714	0.15422	0.47715	0.00835	0.04926	0.00738	0.00403	0.00645
125	0.01666	0.01466	0.01516	0.01340	0.01739	0.03588	0.01043	0.03363	0.62518	0.02716	0.02539	0.02362	0.01916	0.00865	0.00663	0.00214	0.00547	0.00715	0.00646	0.08576
126	0.01267	0.01193	0.02013	0.74806	0.04621	0.01491	0.01863	0.01714	0.01342	0.01714	0.01193	0.01789	0.00894	0.00671	0.00671	0.00224	0.00894	0.00596	0.00298	0.00745
127	0.02306	0.02868	0.01884	0.01684	0.02038	0.61456	0.04038	0.02608	0.06389	0.01750	0.01523	0.01649	0.05420	0.00764	0.00630	0.00182	0.01108	0.00530	0.00385	0.00788
128	0.01437	0.00896	0.01217	0.01280	0.05783	0.00864	0.00960	0.01833	0.06351	0.14729	0.20610	0.10169	0.06028	0.01421	0.00806	0.00249	0.00513	0.23416	0.00673	0.00765
129	0.00976	0.00651	0.00732	0.00732	0.00732	0.00651	0.00407	0.00976	0.00976	0.01301	0.02114	0.04391	0.02439	0.76419	0.03415	0.00651	0.00651	0.00976	0.00407	0.00407
130	0.01557	0.01147	0.01652	0.18767	0.02261	0.01381	0.01272	0.01880	0.04099	0.14273	0.01965	0.04489	0.06056	0.01651	0.12592	0.00377	0.22621	0.00728	0.00447	0.00784
131	0.01371	0.05028	0.67031	0.01953	0.02915	0.01592	0.06683	0.02124	0.01426	0.02114	0.01208	0.01434	0.00861	0.00632	0.00643	0.00212	0.00994	0.00511	0.00287	0.00983
132	0.00828	0.00612	0.00752	0.00858	0.00935	0.00560	0.00577	0.00945	0.01308	0.01694	0.04222	0.53670	0.19058	0.09337	0.01095	0.00300	0.00404	0.01708	0.00602	0.00536
133	0.01345	0.01237	0.01979	0.66973	0.04328	0.01526	0.01786	0.04559	0.06076	0.01888	0.01312	0.01830	0.00981	0.00692	0.00672	0.00223	0.00864	0.00607	0.00339	0.00782
134	0.04717	0.01384	0.01229	0.05088	0.01550	0.18700	0.00927	0.01711	0.01595	0.06505	0.10465	0.11692	0.14680	0.03217	0.05389	0.00287	0.00740	0.08907	0.00533	0.00681
135	0.10006	0.01002	0.01179	0.01139	0.03119	0.01041	0.00840	0.04741	0.14608	0.12729	0.12049	0.22688	0.02995	0.01461	0.04623	0.00274	0.00544	0.01063	0.03095	0.00803
136	0.01437	0.00845	0.01031	0.00984	0.01166	0.00825	0.00698	0.03743	0.08660	0.15955	0.03026	0.29301	0.05766	0.21663	0.01482	0.00353	0.00519	0.01232	0.00614	0.00699
137	0.01707	0.04561	0.47275	0.01782	0.02581	0.01759	0.02050	0.21524	0.01892	0.02688	0.01297	0.01467	0.00935	0.00713	0.00726	0.00212	0.04888	0.00529	0.00395	0.01018
138	0.03905	0.01700	0.01793	0.05849	0.07807	0.11592	0.01237	0.22383	0.13259	0.15718	0.01965	0.06503	0.01522	0.00864	0.00670	0.00208	0.00727	0.00694	0.00599	0.01003

[dist]
# distance from previous block
# <min> <max>
4	6

[block]
# block no. 3 follows, 32 sequences, length 23
# corresponding to MSA columns:
# 371-393
name=unknown_D
#
# <colnr> <probs for GDERKNQSTAVLIFYWHMCP>
#	G	D	E	R	K	N	Q	S	T	A	V	L	I	F	Y	W	H	M	C	P
0	0.01428	0.01028	0.01221	0.01158	0.01417	0.01066	0.00926	0.13233	0.12239	0.06025	0.12426	0.15765	0.09350	0.01447	0.00794	0.00248	0.00523	0.18257	0.00664	0.00785
1	0.01391	0.01193	0.01391	0.00994	0.01590	0.00894	0.00795	0.01690	0.01391	0.02186	0.01193	0.01391	0.00994	0.00497	0.00497	0.00099	0.00497	0.00398	0.00398	0.80521
2	0.09329	0.09119	0.07318	0.04550	0.01909	0.01407	0.03941	0.12681	0.01731	0.12703	0.06105	0.01808	0.01424	0.00796	0.00705	0.04683	0.00645	0.00560	0.00495	0.18092
3	0.01025	0.00723	0.00821	0.00788	0.00971	0.00642	0.00562	0.01178	0.01422	0.05790	0.11274	0.09200	0.33242	0.21346	0.01472	0.00335	0.00453	0.03394	0.00577	0.04786
4	0.00865	0.00642	0.00783	0.00826	0.00940	0.00586	0.00575	0.01038	0.01482	0.01965	0.23230	0.31851	0.21057	0.09707	0.01095	0.00285	0.00385	0.01497	0.00632	0.00560
5	0.14467	0.01235	0.01860	0.51412	0.08851	0.01459	0.01620	0.01911	0.01371	0.07844	0.01276	0.01706	0.00943	0.00671	0.00629	0.00218	0.00799	0.00565	0.00364	0.00799
6	0.01760	0.01647	0.02396	0.22168	0.30754	0.06241	0.06102	0.13916	0.04156	0.02403	0.01346	0.01696	0.01050	0.00668	0.00672	0.00207	0.00851	0.00606	0.00396	0.00964
7	0.03625	0.00778	0.00930	0.00893	0.01126	0.00702	0.00688	0.01483	0.01570	0.14518	0.12295	0.13843	0.29846	0.05874	0.00936	0.00260	0.00439	0.08864	0.00654	0.00675
8	0.00808	0.00643	0.00726	0.00783	0.00935	0.00561	0.00558	0.00964	0.01450	0.01808	0.08082	0.32878	0.43762	0.01840	0.00817	0.00243	0.00358	0.01596	0.00627	0.00561
9	0.07492	0.04756	0.04787	0.09304	0.01870	0.04528	0.03031	0.01786	0.08867	0.04239	0.02252	0.26716	0.02319	0.01281	0.00923	0.00245	0.10933	0.03441	0.00488	0.00740
10	0.28375	0.01387	0.01427	0.01178	0.01594	0.01522	0.00949	0.20041	0.09633	0.15902	0.01725	0.01893	0.01303	0.07156	0.00863	0.00248	0.02712	0.00586	0.00584	0.00922
11	0.11847	0.00915	0.01032	0.00949	0.01200	0.00899	0.00711	0.07315	0.01597	0.14324	0.09735	0.20882	0.14680	0.09666	0.01018	0.00275	0.00480	0.01133	0.00622	0.00718
12	0.00867	0.00666	0.00793	0.00796	0.00960	0.00592	0.00584	0.01092	0.01652	0.02185	0.35109	0.17568	0.31471	0.01622	0.00803	0.00227	0.00338	0.01409	0.00674	0.00592
13	0.10556	0.01955	0.11550	0.08500	0.04698	0.09507	0.03216	0.21195	0.04527	0.15468	0.01590	0.01663	0.01125	0.00733	0.00636	0.00205	0.00791	0.00567	0.00529	0.00988
14	0.05406	0.00665	0.00797	0.00863	0.00924	0.00655	0.00571	0.01056	0.01229	0.01733	0.08837	0.36646	0.03641	0.28975	0.01760	0.00403	0.00495	0.04287	0.00542	0.00516
15	0.01350	0.01000	0.01165	0.01090	0.01360	0.01041	0.00859	0.02213	0.26687	0.07354	0.25296	0.04439	0.11801	0.01272	0.00763	0.00232	0.00455	0.10114	0.00695	0.00813
16	0.01703	0.01475	0.02004	0.04033	0.02060	0.08372	0.19661	0.15838	0.01869	0.02621	0.03809	0.05253	0.01552	0.00790	0.00645	0.00195	0.00734	0.00720	0.25842	0.00823
17	0.01474	0.01335	0.02305	0.38176	0.16002	0.01518	0.10193	0.01878	0.01394	0.05819	0.01315	0.01818	0.01028	0.00957	0.05160	0.00276	0.07541	0.00632	0.00342	0.00835
18	0.00896	0.00645	0.00865	0.01014	0.01095	0.00614	0.00755	0.01072	0.01373	0.01806	0.03791	0.52391	0.07239	0.02010	0.00875	0.00281	0.00456	0.21632	0.00621	0.00568
19	0.02602	0.01177	0.01498	0.01184	0.01646	0.01105	0.00966	0.09943	0.07347	0.50895	0.07854	0.02454	0.02000	0.00873	0.00672	0.00206	0.00551	0.00713	0.05246	0.01067
20	0.01384	0.01193	0.01428	0.05376	0.01770	0.00930	0.00859	0.01691	0.01388	0.02158	0.01193	0.01415	0.00988	0.00507	0.00507	0.00107	0.00521	0.00409	0.00392	0.75784
21	0.01489	0.01264	0.04187	0.01281	0.01734	0.03965	0.09860	0.01836	0.01656	0.09862	0.23041	0.02852	0.02786	0.00868	0.00669	0.00176	0.00584	0.03026	0.00542	0.28324
22	0.03758	0.05660	0.04157	0.08989	0.02318	0.03743	0.15961	0.01928	0.03533	0.05663	0.06917	0.04271	0.01619	0.00783	0.00771	0.00194	0.06477	0.02533	0.00426	0.20299

[dist]
# distance from previous block
# <min> <max>
0	52

# created by:
# /home/cegg/simao/soft/augustus-3.2.1/scripts/msa2prfl.pl ./align_prep/EOG090W0CLA.fa
