[name]
unknown

[dist]
# distance from previous block
# <min> <max>
5	14

[block]
# block no. 0 follows, 33 sequences, length 7
# corresponding to MSA columns:
# 15-21
name=unknown_A
#
# <colnr> <probs for GDERKNQSTAVLIFYWHMCP>
#	G	D	E	R	K	N	Q	S	T	A	V	L	I	F	Y	W	H	M	C	P
0	0.05728	0.00888	0.01045	0.00959	0.01195	0.00872	0.03225	0.11131	0.01708	0.02355	0.15343	0.20967	0.24931	0.01430	0.00737	0.00222	0.00434	0.01230	0.04933	0.00667
1	0.15261	0.09072	0.06124	0.02442	0.27700	0.19818	0.06483	0.02163	0.01510	0.02088	0.01103	0.01369	0.00906	0.00611	0.00582	0.00188	0.00864	0.00494	0.00337	0.00884
2	0.01044	0.00957	0.00908	0.00987	0.01091	0.11140	0.00682	0.01168	0.01365	0.01665	0.03582	0.53195	0.12697	0.05157	0.00909	0.00264	0.00503	0.01559	0.00563	0.00564
3	0.00828	0.00631	0.00764	0.00830	0.00957	0.00567	0.00597	0.01002	0.01455	0.01886	0.15932	0.36862	0.28362	0.01795	0.00812	0.00244	0.00365	0.04921	0.00630	0.00560
4	0.01058	0.00854	0.00857	0.00836	0.00915	0.06602	0.00545	0.01150	0.01217	0.01564	0.12480	0.04180	0.08871	0.47441	0.08284	0.00536	0.00700	0.00965	0.00456	0.00489
5	0.01392	0.01125	0.01302	0.01013	0.01465	0.00953	0.00783	0.10035	0.01532	0.02256	0.01648	0.12427	0.01594	0.06936	0.00791	0.00178	0.00514	0.00674	0.00456	0.52926
6	0.01777	0.26190	0.10128	0.01508	0.03971	0.14931	0.03284	0.04272	0.12850	0.01975	0.01308	0.01444	0.01063	0.00678	0.00644	0.00177	0.05073	0.00485	0.00378	0.07866

[dist]
# distance from previous block
# <min> <max>
3	47

[block]
# block no. 1 follows, 33 sequences, length 93
# corresponding to MSA columns:
# 69-117,287-330
name=unknown_B
#
# <colnr> <probs for GDERKNQSTAVLIFYWHMCP>
#	G	D	E	R	K	N	Q	S	T	A	V	L	I	F	Y	W	H	M	C	P
0	0.01724	0.01578	0.01960	0.06445	0.24621	0.11081	0.04346	0.11220	0.07349	0.03727	0.09148	0.04493	0.01812	0.00800	0.00657	0.00198	0.00724	0.00696	0.06523	0.00899
1	0.01718	0.01660	0.02567	0.05651	0.62740	0.05750	0.01927	0.06074	0.01609	0.02225	0.01244	0.01605	0.01032	0.00606	0.00649	0.00195	0.00804	0.00578	0.00345	0.01023
2	0.05537	0.10576	0.62779	0.01750	0.02653	0.01632	0.02214	0.02066	0.01371	0.02077	0.01141	0.01340	0.00829	0.00619	0.00594	0.00202	0.00922	0.00466	0.00285	0.00947
3	0.01410	0.01263	0.01706	0.01395	0.06345	0.01068	0.08168	0.01886	0.08312	0.02187	0.01421	0.03988	0.01194	0.00592	0.00558	0.00135	0.00572	0.00527	0.00415	0.56858
4	0.04191	0.32665	0.15793	0.01243	0.01781	0.04144	0.01253	0.03785	0.08834	0.03914	0.08192	0.02142	0.07966	0.00798	0.00568	0.00182	0.00673	0.00605	0.00421	0.00851
5	0.01403	0.01339	0.02046	0.34107	0.13774	0.01669	0.01659	0.01882	0.08174	0.01829	0.01234	0.01707	0.01010	0.00825	0.01129	0.00238	0.24240	0.00598	0.00333	0.00806
6	0.00801	0.00578	0.00759	0.00904	0.00951	0.00536	0.00605	0.00918	0.01273	0.01686	0.03787	0.72787	0.07899	0.02042	0.00837	0.00265	0.00379	0.01846	0.00611	0.00536
7	0.02228	0.03490	0.05084	0.04151	0.07683	0.23168	0.05772	0.15016	0.10191	0.14258	0.01627	0.01681	0.01190	0.00726	0.00642	0.00195	0.00855	0.00574	0.00509	0.00960
8	0.01553	0.39138	0.28063	0.01392	0.02061	0.02008	0.01551	0.04262	0.05073	0.01901	0.01445	0.03548	0.04081	0.00698	0.00542	0.00178	0.00766	0.00514	0.00336	0.00889
9	0.01383	0.13898	0.63507	0.01770	0.02685	0.01682	0.02247	0.02069	0.01382	0.02009	0.01144	0.01342	0.00835	0.00617	0.00597	0.00199	0.00935	0.00467	0.00278	0.00955
10	0.01486	0.01331	0.02031	0.04181	0.36509	0.03170	0.03724	0.01963	0.08603	0.04216	0.02014	0.13625	0.01942	0.01007	0.00772	0.00226	0.03625	0.08237	0.00448	0.00889
11	0.02100	0.01783	0.02052	0.07334	0.22567	0.14316	0.01466	0.15457	0.07948	0.12809	0.01567	0.01704	0.01173	0.00731	0.00711	0.00201	0.04024	0.00583	0.00489	0.00984
12	0.06245	0.01643	0.01891	0.03629	0.01977	0.08820	0.05657	0.24164	0.04091	0.13195	0.01636	0.04981	0.01305	0.00904	0.00950	0.00222	0.15191	0.02045	0.00532	0.00922
13	0.01019	0.00918	0.01152	0.01047	0.01260	0.05435	0.07502	0.01260	0.01598	0.02063	0.26805	0.19925	0.24548	0.01472	0.00779	0.00223	0.00468	0.01303	0.00604	0.00619
14	0.01130	0.08520	0.04643	0.01242	0.01495	0.01081	0.08605	0.01552	0.09104	0.01984	0.12566	0.37176	0.03394	0.01430	0.00790	0.00234	0.02526	0.01285	0.00547	0.00697
15	0.01505	0.05855	0.36701	0.03199	0.02503	0.12146	0.10674	0.03600	0.01488	0.01970	0.01453	0.10315	0.01284	0.00816	0.00715	0.00211	0.03675	0.00681	0.00343	0.00863
16	0.01583	0.01664	0.03233	0.02732	0.15543	0.01620	0.45850	0.04430	0.09449	0.02244	0.01646	0.01966	0.03424	0.00642	0.00739	0.00217	0.00948	0.00753	0.00389	0.00930
17	0.01520	0.01297	0.01389	0.01280	0.01620	0.01475	0.01006	0.03108	0.59726	0.02608	0.03040	0.03219	0.07149	0.01039	0.00701	0.00231	0.00516	0.07453	0.00659	0.00965
18	0.01554	0.01776	0.03885	0.02775	0.03441	0.01665	0.70366	0.02109	0.01554	0.02109	0.01332	0.01776	0.00999	0.00555	0.00777	0.00222	0.01110	0.00777	0.00333	0.00888
19	0.01423	0.18864	0.56214	0.01775	0.03943	0.01758	0.03306	0.02060	0.01384	0.01974	0.01129	0.01331	0.00843	0.00610	0.00586	0.00194	0.00915	0.00465	0.00281	0.00946
20	0.00800	0.00582	0.00754	0.00892	0.00948	0.00537	0.00600	0.00919	0.01284	0.01690	0.03928	0.69523	0.11072	0.02024	0.00834	0.00263	0.00377	0.01824	0.00611	0.00537
21	0.02659	0.01136	0.01492	0.01163	0.01630	0.01031	0.00953	0.09606	0.02001	0.57676	0.11131	0.02507	0.02146	0.00878	0.00676	0.00204	0.00546	0.00721	0.00788	0.01059
22	0.00923	0.00648	0.00729	0.00723	0.00781	0.00622	0.00444	0.00990	0.01164	0.01532	0.11488	0.04740	0.15202	0.54386	0.02583	0.00512	0.00544	0.01062	0.00476	0.00454
23	0.03844	0.01671	0.01924	0.01568	0.03079	0.07269	0.07958	0.24696	0.23095	0.14871	0.01993	0.01933	0.01429	0.00787	0.00664	0.00207	0.00706	0.00650	0.00621	0.01036
24	0.02419	0.03071	0.01872	0.01697	0.02023	0.71392	0.01279	0.02588	0.01832	0.01610	0.01012	0.01197	0.00849	0.00697	0.00655	0.00174	0.04104	0.00430	0.00337	0.00762
25	0.00957	0.00700	0.01033	0.01033	0.01152	0.00811	0.00802	0.01196	0.01076	0.01581	0.01785	0.02579	0.01648	0.04699	0.70030	0.01006	0.01680	0.00700	0.04943	0.00589
26	0.01600	0.01558	0.02719	0.05943	0.61078	0.01544	0.08705	0.02005	0.01494	0.02132	0.01243	0.01637	0.01031	0.00582	0.00658	0.00195	0.00806	0.00598	0.00328	0.04146
27	0.01664	0.01400	0.01484	0.01313	0.01686	0.01598	0.01027	0.09930	0.59538	0.02855	0.05709	0.02602	0.04388	0.00928	0.00677	0.00220	0.00526	0.00770	0.00669	0.01016
28	0.00957	0.00638	0.00718	0.00718	0.00718	0.00638	0.00399	0.00957	0.00957	0.01276	0.02074	0.04308	0.02393	0.76864	0.03351	0.00638	0.00638	0.00957	0.00399	0.00399
29	0.00800	0.00661	0.00702	0.00707	0.00906	0.00563	0.00524	0.00981	0.01529	0.01882	0.14889	0.11450	0.58823	0.01656	0.00783	0.00224	0.00334	0.01400	0.00626	0.00563
30	0.01512	0.02004	0.17718	0.09289	0.11454	0.01612	0.34900	0.03582	0.07154	0.02163	0.01388	0.01727	0.01043	0.00615	0.00709	0.00215	0.00966	0.00670	0.00351	0.00927
31	0.01711	0.01398	0.01535	0.05681	0.01887	0.01605	0.01091	0.05550	0.61594	0.06402	0.02551	0.02375	0.01894	0.00872	0.00668	0.00221	0.00551	0.00726	0.00655	0.01030
32	0.02954	0.01120	0.01528	0.01171	0.01681	0.00968	0.00968	0.03208	0.01884	0.73213	0.02597	0.02241	0.01630	0.00815	0.00662	0.00204	0.00560	0.00662	0.00815	0.01120
33	0.05549	0.03180	0.64796	0.01886	0.02808	0.01536	0.07078	0.02079	0.01387	0.02132	0.01178	0.01400	0.00839	0.00620	0.00625	0.00209	0.00958	0.00500	0.00289	0.00953
34	0.01695	0.03726	0.01239	0.01011	0.01314	0.08796	0.00801	0.21669	0.01942	0.02755	0.02321	0.02448	0.09180	0.00857	0.00566	0.00175	0.00536	0.00664	0.37527	0.00778
35	0.02403	0.01769	0.01904	0.01480	0.01978	0.01953	0.01214	0.66470	0.02987	0.04004	0.01701	0.05979	0.01310	0.00865	0.00669	0.00202	0.00704	0.00668	0.00656	0.01085
36	0.01371	0.01359	0.02112	0.57969	0.09972	0.05784	0.04749	0.01780	0.01358	0.01731	0.01158	0.01696	0.00894	0.00675	0.00737	0.00218	0.04789	0.00584	0.00300	0.00766
37	0.01777	0.09957	0.33490	0.01565	0.02259	0.01691	0.01690	0.16058	0.12714	0.08417	0.03059	0.01704	0.01252	0.00724	0.00625	0.00201	0.00778	0.00563	0.00469	0.01005
38	0.00805	0.00652	0.00716	0.00734	0.00915	0.00562	0.00537	0.00985	0.01514	0.01891	0.16048	0.18185	0.50781	0.01687	0.00789	0.00228	0.00338	0.01442	0.00628	0.00562
39	0.00975	0.00696	0.00868	0.00888	0.00921	0.00735	0.00599	0.01053	0.01071	0.01447	0.02338	0.13965	0.02652	0.47795	0.08975	0.00569	0.05109	0.08431	0.00439	0.00475
40	0.05108	0.01714	0.04127	0.09920	0.32633	0.08085	0.11411	0.04203	0.07024	0.02152	0.01307	0.01643	0.01050	0.00669	0.00761	0.00209	0.06092	0.00598	0.00362	0.00930
41	0.01540	0.10267	0.15683	0.05037	0.19896	0.01726	0.29628	0.02036	0.01461	0.02021	0.01215	0.01581	0.00955	0.00600	0.00726	0.00207	0.03564	0.00620	0.00313	0.00925
42	0.00955	0.00623	0.00738	0.00758	0.00763	0.00618	0.00444	0.00942	0.00988	0.01317	0.02189	0.13686	0.02531	0.59549	0.02940	0.08497	0.00598	0.01041	0.00416	0.00406
43	0.10794	0.02347	0.01983	0.01739	0.04158	0.41746	0.11540	0.03597	0.04738	0.02014	0.05827	0.03846	0.01368	0.00746	0.00626	0.00190	0.00971	0.00584	0.00399	0.00787
44	0.01617	0.02037	0.21024	0.06486	0.27011	0.03865	0.07092	0.06199	0.07602	0.05020	0.01520	0.04890	0.01223	0.00712	0.00663	0.00207	0.00824	0.00642	0.00393	0.00972
45	0.01682	0.01303	0.01400	0.01219	0.01584	0.01435	0.00959	0.13909	0.41270	0.06554	0.07091	0.02947	0.11184	0.00995	0.00681	0.00215	0.00513	0.00820	0.03283	0.00957
46	0.01399	0.02911	0.54499	0.02114	0.10447	0.01551	0.06242	0.02219	0.08331	0.02159	0.01344	0.01544	0.00982	0.00643	0.00642	0.00209	0.00915	0.00540	0.00325	0.00982
47	0.07324	0.12776	0.14937	0.04848	0.10951	0.11672	0.12115	0.06244	0.01587	0.05159	0.01382	0.01674	0.02483	0.00750	0.01997	0.00211	0.00888	0.01742	0.00371	0.00887
48	0.05190	0.04071	0.02252	0.16448	0.12184	0.07255	0.08702	0.16842	0.01725	0.02346	0.01201	0.01557	0.00958	0.00780	0.00946	0.01729	0.13981	0.00576	0.00388	0.00870
49	0.00827	0.00598	0.00782	0.00886	0.00957	0.00553	0.00607	0.00983	0.01393	0.01876	0.17443	0.58554	0.08302	0.01899	0.00824	0.00253	0.00365	0.01711	0.00634	0.00553
50	0.08838	0.40526	0.23494	0.01365	0.02030	0.02127	0.01485	0.09634	0.01529	0.02120	0.01067	0.01213	0.00860	0.00611	0.00507	0.00172	0.00767	0.00418	0.00334	0.00901
51	0.07357	0.01814	0.01804	0.04679	0.06723	0.17463	0.05231	0.19071	0.14407	0.02691	0.05769	0.01992	0.03429	0.00794	0.00638	0.00198	0.00757	0.00634	0.03648	0.00902
52	0.00830	0.00588	0.00768	0.00888	0.00931	0.00553	0.00589	0.00948	0.01277	0.01716	0.09171	0.62576	0.04293	0.10215	0.01111	0.00303	0.00404	0.01715	0.00597	0.00527
53	0.01057	0.00804	0.00967	0.00995	0.03118	0.00774	0.00703	0.09611	0.01686	0.02230	0.18848	0.31333	0.22165	0.01606	0.00782	0.00232	0.00407	0.01405	0.00633	0.00645
54	0.01669	0.18396	0.16632	0.01964	0.10023	0.05929	0.13968	0.07116	0.05691	0.03772	0.01449	0.06310	0.01225	0.00733	0.00660	0.00198	0.02338	0.00635	0.00382	0.00911
55	0.06096	0.06969	0.07773	0.08307	0.43472	0.03967	0.01770	0.02174	0.09149	0.02164	0.01340	0.01626	0.01083	0.00631	0.00621	0.00197	0.00767	0.00562	0.00360	0.00973
56	0.00966	0.00658	0.00814	0.00850	0.00987	0.00597	0.00614	0.01124	0.01442	0.05597	0.15483	0.30603	0.23329	0.05656	0.01006	0.03419	0.00400	0.05268	0.00616	0.00573
57	0.01365	0.01170	0.01365	0.00975	0.01560	0.00878	0.00780	0.01658	0.01365	0.02145	0.01170	0.01365	0.00975	0.00488	0.00488	0.00098	0.00488	0.00390	0.00390	0.80888
58	0.01853	0.08458	0.22842	0.05728	0.11925	0.11602	0.06883	0.05246	0.03620	0.12124	0.02670	0.01635	0.01132	0.00673	0.00632	0.00197	0.00867	0.00556	0.00409	0.00947
59	0.00950	0.00639	0.00740	0.00760	0.00772	0.00636	0.00451	0.00975	0.01012	0.01347	0.02279	0.10548	0.02631	0.66656	0.03012	0.00590	0.00615	0.04540	0.00428	0.00421
60	0.01750	0.01624	0.10749	0.01307	0.01743	0.04814	0.01167	0.24174	0.08781	0.07210	0.18427	0.03027	0.06794	0.01011	0.00700	0.00210	0.00624	0.04374	0.00614	0.00900
61	0.06196	0.06124	0.24738	0.03376	0.12761	0.05313	0.13060	0.02137	0.04492	0.06920	0.03611	0.05563	0.01336	0.00728	0.00650	0.00206	0.00838	0.00649	0.00389	0.00912
62	0.01686	0.05128	0.10994	0.08465	0.34535	0.06751	0.12518	0.03518	0.03323	0.04876	0.01308	0.01622	0.01026	0.00618	0.00656	0.00200	0.00872	0.00590	0.00352	0.00963
63	0.01256	0.00675	0.00696	0.00682	0.00841	0.00683	0.00507	0.05002	0.01443	0.02446	0.02200	0.06726	0.01842	0.04126	0.00617	0.00183	0.00347	0.00699	0.68405	0.00626
64	0.01517	0.13614	0.24863	0.02339	0.09316	0.01766	0.30989	0.02058	0.01451	0.02006	0.01201	0.01527	0.00926	0.00598	0.00705	0.00205	0.03096	0.00601	0.00307	0.00917
65	0.01740	0.12562	0.16979	0.04083	0.11712	0.07116	0.05080	0.10640	0.07576	0.06380	0.01682	0.05279	0.03194	0.00850	0.02110	0.00215	0.00807	0.00634	0.00431	0.00930
66	0.00942	0.00632	0.00723	0.00738	0.00742	0.00628	0.00420	0.00953	0.00988	0.01318	0.02232	0.11642	0.02593	0.69258	0.03095	0.00601	0.00612	0.01050	0.00420	0.00413
67	0.05916	0.01002	0.01188	0.01063	0.01320	0.01034	0.03483	0.15234	0.05891	0.04537	0.12143	0.22542	0.06458	0.01235	0.00688	0.00215	0.00474	0.01066	0.13764	0.00746
68	0.01595	0.13851	0.11862	0.11747	0.19974	0.11402	0.10017	0.01984	0.01487	0.01878	0.01516	0.03388	0.05095	0.00700	0.00632	0.00195	0.00867	0.00612	0.00334	0.00867
69	0.04807	0.07752	0.06121	0.07493	0.18393	0.05667	0.01359	0.05635	0.16129	0.07332	0.05739	0.02272	0.06895	0.00810	0.00640	0.00202	0.00675	0.00674	0.00486	0.00920
70	0.02315	0.01500	0.01674	0.01323	0.01781	0.01604	0.01079	0.41531	0.09637	0.17132	0.05987	0.02054	0.01643	0.00836	0.00652	0.00199	0.00617	0.00657	0.06733	0.01045
71	0.13307	0.01370	0.01719	0.01943	0.21487	0.03688	0.01201	0.14242	0.01753	0.15673	0.03451	0.06380	0.01565	0.08297	0.00898	0.00246	0.00656	0.00690	0.00521	0.00911
72	0.13032	0.31422	0.17086	0.01476	0.02088	0.08004	0.07690	0.08506	0.01546	0.02157	0.01079	0.01252	0.00864	0.00613	0.00530	0.00179	0.00810	0.00447	0.00344	0.00875
73	0.00784	0.00643	0.00691	0.00730	0.00906	0.00550	0.00528	0.00938	0.01440	0.01754	0.05904	0.23985	0.55335	0.01767	0.00794	0.00234	0.00346	0.01511	0.00611	0.00550
74	0.02086	0.02600	0.09104	0.01792	0.07987	0.44290	0.01374	0.08267	0.03873	0.02070	0.08986	0.01725	0.01508	0.00754	0.00630	0.00184	0.00976	0.00552	0.00411	0.00831
75	0.06170	0.03921	0.13395	0.03676	0.02090	0.07157	0.04934	0.11707	0.17785	0.17739	0.01982	0.01947	0.02993	0.00772	0.00641	0.00206	0.00723	0.00621	0.00556	0.00985
76	0.01410	0.05855	0.12626	0.05280	0.02004	0.01470	0.07091	0.01705	0.01295	0.06368	0.01837	0.06568	0.04595	0.01161	0.01271	0.04443	0.24338	0.09536	0.00397	0.00751
77	0.01376	0.01258	0.02026	0.56328	0.13897	0.01495	0.01762	0.05077	0.05008	0.01909	0.01276	0.01770	0.00976	0.00700	0.00698	0.01885	0.00832	0.00593	0.00334	0.00801
78	0.01407	0.01385	0.02149	0.45497	0.20621	0.05749	0.04017	0.01797	0.01387	0.01802	0.01277	0.04886	0.01069	0.00717	0.00719	0.00215	0.03546	0.00637	0.00318	0.00805
79	0.01020	0.00692	0.00961	0.09081	0.01401	0.00678	0.00768	0.01202	0.01383	0.06988	0.10516	0.52808	0.06522	0.01729	0.00798	0.00250	0.00440	0.01554	0.00603	0.00609
80	0.02235	0.02693	0.01734	0.01576	0.01894	0.58889	0.01191	0.05376	0.03717	0.01767	0.01203	0.01430	0.01004	0.01159	0.08681	0.00269	0.01186	0.00477	0.02755	0.00762
81	0.03904	0.01853	0.01825	0.01457	0.01930	0.09026	0.01181	0.51777	0.10051	0.03604	0.01895	0.01873	0.04927	0.00833	0.00655	0.00199	0.00724	0.00629	0.00621	0.01038
82	0.01079	0.00769	0.00933	0.00966	0.01110	0.00751	0.00691	0.08722	0.03535	0.04169	0.06685	0.51906	0.12607	0.01771	0.00800	0.00248	0.00420	0.01572	0.00629	0.00637
83	0.01509	0.01210	0.01292	0.01169	0.01502	0.01342	0.00907	0.02888	0.50865	0.05617	0.07313	0.03143	0.12246	0.01020	0.00680	0.00218	0.00473	0.00852	0.04826	0.00929
84	0.00876	0.00657	0.00926	0.09110	0.01388	0.00659	0.00789	0.01045	0.01292	0.01709	0.03344	0.61432	0.03917	0.01884	0.00827	0.00266	0.00458	0.08283	0.00576	0.00563
85	0.01809	0.01573	0.01919	0.03462	0.13670	0.06757	0.04878	0.10094	0.29291	0.06932	0.01978	0.04881	0.01564	0.00857	0.00799	0.00218	0.07106	0.00702	0.00537	0.00974
86	0.01438	0.01400	0.02474	0.37722	0.32759	0.01527	0.09432	0.01869	0.01418	0.01924	0.01216	0.01705	0.00960	0.00617	0.00669	0.00210	0.00863	0.00607	0.00311	0.00878
87	0.02193	0.02405	0.01901	0.01648	0.01950	0.39692	0.01294	0.15915	0.05636	0.02170	0.01183	0.01390	0.00968	0.00819	0.00965	0.00205	0.17910	0.00509	0.00409	0.00839
88	0.02390	0.09690	0.01747	0.01223	0.01686	0.05641	0.01012	0.12929	0.08825	0.36891	0.05699	0.02308	0.05298	0.00852	0.00643	0.00197	0.00610	0.00674	0.00676	0.01009
89	0.01598	0.05642	0.31835	0.02322	0.10563	0.01650	0.24296	0.07917	0.01612	0.04373	0.01301	0.01569	0.00959	0.00615	0.00673	0.00207	0.00952	0.00600	0.00350	0.00964
90	0.00813	0.00585	0.00773	0.00910	0.00963	0.00545	0.00617	0.00944	0.01305	0.01740	0.07304	0.68974	0.06667	0.02007	0.00836	0.00263	0.00381	0.03213	0.00617	0.00541
91	0.00802	0.00573	0.00764	0.00917	0.00955	0.00535	0.00611	0.00917	0.01260	0.01681	0.03628	0.76434	0.04354	0.02062	0.00840	0.00267	0.00382	0.01872	0.00611	0.00535
92	0.01368	0.03089	0.60413	0.02118	0.07033	0.01548	0.11081	0.02084	0.01417	0.02092	0.01204	0.01453	0.00867	0.00614	0.00646	0.00209	0.00979	0.00529	0.00288	0.00966

[dist]
# distance from previous block
# <min> <max>
0	7

[block]
# block no. 2 follows, 33 sequences, length 36
# corresponding to MSA columns:
# 338-373
name=unknown_C
#
# <colnr> <probs for GDERKNQSTAVLIFYWHMCP>
#	G	D	E	R	K	N	Q	S	T	A	V	L	I	F	Y	W	H	M	C	P
0	0.00815	0.00649	0.00730	0.00750	0.00922	0.00565	0.00547	0.01001	0.01528	0.01937	0.19662	0.20008	0.45206	0.01680	0.00790	0.00228	0.00338	0.01444	0.00635	0.00565
1	0.00802	0.00573	0.00764	0.00917	0.00955	0.00535	0.00611	0.00917	0.01260	0.01681	0.03628	0.76434	0.04354	0.02062	0.00840	0.00267	0.00382	0.01872	0.00611	0.00535
2	0.01349	0.08210	0.68899	0.01828	0.02774	0.01599	0.02347	0.02077	0.01387	0.02050	0.01164	0.01368	0.00835	0.00621	0.00612	0.00204	0.00955	0.00478	0.00278	0.00965
3	0.00853	0.00613	0.00817	0.00945	0.01017	0.00577	0.00676	0.01017	0.01366	0.01824	0.10728	0.56978	0.06314	0.01942	0.00842	0.00265	0.00407	0.11641	0.00622	0.00555
4	0.01339	0.01140	0.01336	0.00966	0.01525	0.00862	0.00770	0.01632	0.01395	0.02175	0.05508	0.01581	0.01294	0.00540	0.00505	0.00104	0.00477	0.00439	0.00410	0.76000
5	0.01667	0.01760	0.03511	0.02538	0.03169	0.01706	0.57973	0.10007	0.06285	0.02383	0.01448	0.01798	0.01078	0.00604	0.00756	0.00219	0.01028	0.00754	0.00392	0.00924
6	0.00802	0.00573	0.00764	0.00917	0.00955	0.00535	0.00611	0.00917	0.01260	0.01681	0.03628	0.76434	0.04354	0.02062	0.00840	0.00267	0.00382	0.01872	0.00611	0.00535
7	0.01028	0.00734	0.01023	0.01175	0.01312	0.00730	0.01004	0.01307	0.01483	0.01934	0.03504	0.16138	0.03860	0.01849	0.00901	0.00299	0.00578	0.59936	0.00607	0.00597
8	0.01513	0.14464	0.42494	0.10173	0.02816	0.09241	0.06460	0.02079	0.01433	0.01908	0.01132	0.01384	0.00853	0.00620	0.00604	0.00196	0.00952	0.00489	0.00290	0.00898
9	0.01879	0.01756	0.09910	0.08560	0.02214	0.01724	0.01342	0.30321	0.25892	0.03095	0.01958	0.05146	0.01507	0.00849	0.00667	0.00213	0.00683	0.00687	0.00582	0.01014
10	0.01681	0.00853	0.00978	0.00851	0.01100	0.00835	0.00652	0.08562	0.01635	0.18108	0.06461	0.02708	0.01985	0.10527	0.00912	0.00234	0.00446	0.00701	0.40023	0.00748
11	0.00808	0.00641	0.00727	0.00763	0.00922	0.00560	0.00550	0.00981	0.01486	0.01880	0.15690	0.26285	0.42915	0.01733	0.00796	0.00233	0.00344	0.01498	0.00628	0.00560
12	0.01642	0.01670	0.02147	0.42793	0.12524	0.16686	0.06200	0.02018	0.01495	0.04883	0.01220	0.01643	0.00933	0.00653	0.00652	0.00205	0.00932	0.00568	0.00332	0.00805
13	0.08121	0.16833	0.19902	0.01465	0.02074	0.11174	0.01450	0.18611	0.01885	0.10593	0.01346	0.01418	0.00988	0.00680	0.00578	0.00187	0.00807	0.00488	0.00449	0.00953
14	0.44760	0.01930	0.09837	0.01416	0.01917	0.14154	0.10880	0.04329	0.01406	0.02541	0.01045	0.01243	0.00804	0.00622	0.00525	0.00201	0.00772	0.00450	0.00378	0.00789
15	0.01434	0.10057	0.02230	0.09022	0.12631	0.08330	0.13251	0.01724	0.01404	0.01800	0.01808	0.17101	0.01844	0.03478	0.00901	0.00236	0.06619	0.04973	0.00394	0.00762
16	0.00940	0.00701	0.01035	0.01031	0.01147	0.00803	0.00795	0.01172	0.01107	0.01592	0.06391	0.02798	0.01970	0.07165	0.67025	0.00988	0.01630	0.00746	0.00379	0.00584
17	0.01644	0.06237	0.53450	0.01764	0.02584	0.12327	0.02081	0.03968	0.01534	0.06672	0.01248	0.01406	0.00895	0.00647	0.00616	0.00199	0.00960	0.00486	0.00332	0.00950
18	0.01625	0.16499	0.47959	0.01671	0.02483	0.04128	0.01976	0.09929	0.01607	0.04535	0.01220	0.01373	0.00895	0.00641	0.00593	0.00194	0.00889	0.00478	0.00342	0.00964
19	0.02907	0.01196	0.01575	0.01207	0.01718	0.01080	0.00997	0.10238	0.02011	0.66005	0.02491	0.02172	0.01576	0.00812	0.00662	0.00203	0.00577	0.00655	0.00799	0.01120
20	0.00802	0.00573	0.00764	0.00917	0.00955	0.00535	0.00611	0.00917	0.01260	0.01681	0.03628	0.76434	0.04354	0.02062	0.00840	0.00267	0.00382	0.01872	0.00611	0.00535
21	0.01521	0.11492	0.50557	0.01846	0.02693	0.01721	0.09265	0.09387	0.01583	0.02247	0.01209	0.01413	0.00883	0.00629	0.00622	0.00201	0.00930	0.00513	0.00325	0.00965
22	0.00799	0.00586	0.00750	0.00882	0.00946	0.00538	0.00596	0.00921	0.01294	0.01694	0.04050	0.66710	0.13806	0.02008	0.00832	0.00261	0.00375	0.01805	0.00611	0.00538
23	0.02478	0.01206	0.01484	0.01167	0.01604	0.01156	0.00939	0.18633	0.02038	0.44108	0.02565	0.02589	0.06228	0.09539	0.00975	0.00253	0.00593	0.00727	0.00717	0.01001
24	0.02403	0.01506	0.02078	0.01582	0.02107	0.01520	0.13115	0.24971	0.10737	0.29786	0.02057	0.01972	0.01401	0.00771	0.00682	0.00207	0.00704	0.00669	0.00663	0.01070
25	0.00965	0.00714	0.00992	0.00981	0.01058	0.00813	0.00718	0.01125	0.01025	0.01454	0.01823	0.03066	0.01843	0.26707	0.49837	0.00900	0.04303	0.00777	0.00364	0.00535
26	0.01487	0.00799	0.01036	0.00904	0.01169	0.00711	0.00704	0.01762	0.01821	0.22609	0.43828	0.04344	0.13695	0.01237	0.00744	0.00208	0.00385	0.01067	0.00735	0.00755
27	0.01319	0.01507	0.09303	0.52707	0.04091	0.01511	0.14518	0.01850	0.03281	0.01829	0.01242	0.01742	0.00927	0.00642	0.00677	0.00219	0.00920	0.00615	0.00309	0.00792
28	0.01531	0.01593	0.02479	0.32085	0.18092	0.09810	0.16392	0.01921	0.01444	0.01842	0.01193	0.01669	0.00943	0.00692	0.00778	0.02971	0.02826	0.00607	0.00313	0.00818
29	0.00838	0.00596	0.00790	0.00928	0.00976	0.00563	0.00637	0.00967	0.01277	0.01702	0.05107	0.63926	0.04219	0.06913	0.01009	0.00293	0.00417	0.07707	0.00599	0.00534
30	0.32356	0.01477	0.07440	0.01176	0.01628	0.01434	0.01042	0.16608	0.01702	0.14737	0.01531	0.01736	0.01149	0.01045	0.05862	0.00267	0.02473	0.02357	0.03108	0.00875
31	0.04326	0.01602	0.04126	0.05662	0.28200	0.06071	0.06183	0.08325	0.13724	0.05466	0.03413	0.02125	0.01469	0.03204	0.00752	0.00221	0.00748	0.02975	0.00459	0.00952
32	0.01602	0.01506	0.02298	0.14600	0.43252	0.03610	0.01761	0.06478	0.05808	0.02171	0.01405	0.04770	0.01200	0.00732	0.00763	0.00210	0.05868	0.00644	0.00373	0.00948
33	0.01326	0.01287	0.01998	0.04050	0.01871	0.01633	0.10736	0.01536	0.01096	0.01621	0.01194	0.01952	0.01152	0.09036	0.13074	0.00429	0.44340	0.00661	0.00315	0.00692
34	0.32656	0.08810	0.01635	0.01154	0.01602	0.01619	0.02423	0.15843	0.01608	0.04163	0.01252	0.01399	0.02374	0.00690	0.00635	0.00186	0.06631	0.00464	0.00444	0.14412
35	0.01915	0.28345	0.13823	0.01590	0.02097	0.28890	0.05104	0.02211	0.01528	0.01689	0.01014	0.01225	0.00854	0.00660	0.00669	0.00178	0.06637	0.00440	0.00306	0.00828

[dist]
# distance from previous block
# <min> <max>
5	19

[block]
# block no. 3 follows, 33 sequences, length 43
# corresponding to MSA columns:
# 394-436
name=unknown_D
#
# <colnr> <probs for GDERKNQSTAVLIFYWHMCP>
#	G	D	E	R	K	N	Q	S	T	A	V	L	I	F	Y	W	H	M	C	P
0	0.08703	0.05749	0.04768	0.01795	0.11528	0.13167	0.01325	0.33673	0.02264	0.07006	0.01444	0.03075	0.01106	0.00741	0.00618	0.00193	0.00779	0.00561	0.00517	0.00988
1	0.00884	0.00747	0.00776	0.00766	0.00991	0.00681	0.00574	0.01248	0.09489	0.01923	0.09005	0.10022	0.57385	0.01588	0.00769	0.00224	0.00357	0.01336	0.00623	0.00613
2	0.01362	0.00938	0.01169	0.02624	0.05276	0.02540	0.00824	0.05633	0.05811	0.09807	0.44045	0.05889	0.04371	0.01148	0.00721	0.00204	0.00431	0.00999	0.05456	0.00751
3	0.02184	0.07987	0.03786	0.08069	0.13735	0.12610	0.04498	0.13276	0.03980	0.19732	0.01600	0.01691	0.01159	0.00711	0.00660	0.00195	0.02078	0.00573	0.00503	0.00975
4	0.01682	0.28902	0.34883	0.01519	0.02253	0.01940	0.01721	0.09208	0.05098	0.05200	0.01265	0.01383	0.00960	0.00642	0.00562	0.00184	0.00813	0.00471	0.00361	0.00953
5	0.01014	0.00800	0.00909	0.00850	0.01070	0.00766	0.00646	0.04212	0.09439	0.02381	0.36377	0.05060	0.31215	0.01398	0.00761	0.00214	0.00360	0.01194	0.00672	0.00663
6	0.01363	0.11306	0.50610	0.01802	0.02605	0.01576	0.08641	0.01992	0.01414	0.02013	0.01428	0.02077	0.01188	0.00748	0.00649	0.00213	0.00914	0.08231	0.00321	0.00908
7	0.02064	0.01527	0.01802	0.03849	0.17878	0.09601	0.01268	0.10084	0.13392	0.20391	0.04490	0.05928	0.03047	0.00853	0.00668	0.00205	0.00679	0.00716	0.00578	0.00981
8	0.01882	0.01058	0.01282	0.01109	0.01414	0.01052	0.00858	0.19643	0.01893	0.21897	0.02657	0.23947	0.05012	0.01315	0.00850	0.06319	0.00528	0.01017	0.05434	0.00833
9	0.01246	0.00668	0.00942	0.00907	0.00947	0.00683	0.00623	0.06131	0.01027	0.01371	0.01177	0.01969	0.01142	0.02174	0.02428	0.74745	0.00583	0.00573	0.00314	0.00349
10	0.01508	0.01193	0.01631	0.03912	0.01713	0.03155	0.08077	0.13946	0.01640	0.06452	0.07310	0.18542	0.02284	0.05745	0.05384	0.03434	0.11864	0.00961	0.00506	0.00744
11	0.13828	0.01392	0.09410	0.01150	0.01527	0.02498	0.01004	0.07645	0.17642	0.05045	0.18007	0.08892	0.07223	0.01051	0.00666	0.00215	0.00530	0.00868	0.00586	0.00820
12	0.01073	0.00794	0.01048	0.01165	0.01318	0.00811	0.00965	0.01514	0.09447	0.01999	0.03424	0.21254	0.03704	0.01764	0.00868	0.00287	0.00550	0.46761	0.00614	0.00641
13	0.00914	0.00690	0.00924	0.06548	0.01277	0.00690	0.00731	0.01200	0.05602	0.01955	0.18459	0.50687	0.04358	0.01729	0.00802	0.00248	0.00412	0.01558	0.00615	0.00599
14	0.10992	0.01407	0.01781	0.03031	0.06040	0.08535	0.10830	0.07003	0.03365	0.02272	0.08694	0.02320	0.01760	0.01331	0.09213	0.00311	0.09697	0.03833	0.06818	0.00766
15	0.01478	0.01595	0.03192	0.18329	0.07381	0.01656	0.43916	0.01952	0.01437	0.01960	0.01238	0.01725	0.00960	0.00647	0.00902	0.00227	0.09538	0.00702	0.00319	0.00844
16	0.00825	0.00591	0.00785	0.00901	0.00960	0.00550	0.00613	0.00975	0.01369	0.01854	0.16033	0.63536	0.04689	0.01933	0.00829	0.00256	0.00369	0.01749	0.00632	0.00550
17	0.00849	0.00624	0.00795	0.00855	0.00952	0.00583	0.00598	0.01022	0.01422	0.01912	0.21757	0.39599	0.14204	0.06226	0.05162	0.00312	0.00450	0.01508	0.00614	0.00556
18	0.16831	0.01615	0.05484	0.01236	0.01656	0.11452	0.01026	0.12940	0.05256	0.22376	0.01709	0.01882	0.01276	0.06589	0.00921	0.05055	0.00691	0.00573	0.00549	0.00879
19	0.01685	0.02074	0.16355	0.02316	0.03000	0.01706	0.42148	0.14512	0.04967	0.02501	0.01410	0.01700	0.01036	0.00626	0.00723	0.00215	0.00988	0.00688	0.00397	0.00952
20	0.00810	0.00578	0.00773	0.00925	0.00967	0.00541	0.00624	0.00930	0.01268	0.01689	0.03624	0.74382	0.04337	0.02055	0.00842	0.00268	0.00389	0.03848	0.00611	0.00537
21	0.01346	0.01287	0.02106	0.49778	0.16229	0.01577	0.01795	0.01725	0.01295	0.01749	0.01129	0.01678	0.00905	0.00731	0.00918	0.00227	0.13856	0.00584	0.00298	0.00785
22	0.24703	0.01270	0.03165	0.01201	0.01553	0.01365	0.04610	0.06848	0.22151	0.02598	0.01946	0.07526	0.01657	0.01347	0.08994	0.00313	0.00697	0.02698	0.04539	0.00818
23	0.06160	0.58433	0.17103	0.01260	0.01895	0.02329	0.01360	0.01992	0.01336	0.01734	0.00968	0.01123	0.00835	0.00578	0.00462	0.00158	0.00746	0.00379	0.00288	0.00863
24	0.00801	0.00578	0.00758	0.00903	0.00951	0.00536	0.00605	0.00918	0.01274	0.01686	0.03800	0.72490	0.08188	0.02040	0.00837	0.00265	0.00379	0.01844	0.00611	0.00536
25	0.01581	0.01494	0.02396	0.01751	0.02338	0.01375	0.27247	0.09037	0.09075	0.02400	0.01434	0.01659	0.01109	0.00587	0.00634	0.00168	0.00751	0.00595	0.00425	0.33942
26	0.00802	0.00573	0.00764	0.00917	0.00955	0.00535	0.00611	0.00917	0.01260	0.01681	0.03628	0.76434	0.04354	0.02062	0.00840	0.00267	0.00382	0.01872	0.00611	0.00535
27	0.01413	0.01169	0.01370	0.00981	0.01564	0.00880	0.00786	0.01704	0.01381	0.04290	0.01213	0.01392	0.00995	0.00497	0.00493	0.00101	0.00490	0.00398	0.00403	0.78481
28	0.01476	0.01451	0.02577	0.29701	0.32475	0.01548	0.13902	0.01979	0.04611	0.02000	0.01295	0.01738	0.01018	0.00621	0.00677	0.00210	0.00863	0.00627	0.00330	0.00902
29	0.01250	0.00652	0.00665	0.00649	0.00813	0.00655	0.00490	0.03505	0.01452	0.02511	0.05309	0.02541	0.01876	0.00794	0.00480	0.00157	0.00319	0.00639	0.74614	0.00628
30	0.00802	0.00573	0.00764	0.00917	0.00955	0.00535	0.00611	0.00917	0.01260	0.01681	0.03628	0.76434	0.04354	0.02062	0.00840	0.00267	0.00382	0.01872	0.00611	0.00535
31	0.01471	0.01718	0.06397	0.02527	0.03145	0.01542	0.59915	0.02001	0.01560	0.02133	0.06782	0.04561	0.01502	0.00669	0.00773	0.00222	0.01019	0.00834	0.00370	0.00859
32	0.00896	0.06437	0.00955	0.00808	0.00990	0.00721	0.00607	0.01086	0.01510	0.01941	0.21137	0.24589	0.32754	0.01614	0.00768	0.00225	0.00369	0.01394	0.00613	0.00588
33	0.00906	0.00664	0.00852	0.00837	0.00985	0.00610	0.00625	0.01180	0.01745	0.02418	0.55254	0.13309	0.12602	0.01478	0.00789	0.00219	0.00332	0.03894	0.00696	0.00604
34	0.70050	0.01301	0.01072	0.00935	0.01353	0.01485	0.00768	0.05809	0.03678	0.06965	0.01108	0.01211	0.00831	0.00642	0.00444	0.00204	0.00524	0.00400	0.00453	0.00769
35	0.00951	0.00730	0.01020	0.01026	0.01108	0.00817	0.00765	0.01139	0.01206	0.01703	0.11752	0.21808	0.02944	0.09077	0.33263	0.00636	0.07936	0.01077	0.00467	0.00576
36	0.00801	0.00577	0.00760	0.00906	0.00952	0.00536	0.00607	0.00918	0.01270	0.01685	0.03753	0.73566	0.07142	0.02046	0.00838	0.00266	0.00380	0.01852	0.00611	0.00536
37	0.01225	0.01142	0.01918	0.70714	0.04327	0.01423	0.01766	0.01651	0.01300	0.01673	0.01207	0.01806	0.00925	0.00922	0.05187	0.00271	0.00932	0.00592	0.00296	0.00722
38	0.01470	0.01292	0.01975	0.61978	0.04085	0.01567	0.01724	0.14104	0.01637	0.02127	0.01244	0.01724	0.00921	0.00682	0.00658	0.00215	0.00850	0.00586	0.00359	0.00801
39	0.01277	0.00799	0.01114	0.01208	0.01400	0.00782	0.01050	0.01574	0.01558	0.10090	0.03384	0.06835	0.03543	0.01704	0.00881	0.00292	0.00601	0.60614	0.00630	0.00665
40	0.12490	0.24587	0.20719	0.01679	0.02320	0.10153	0.15415	0.02098	0.01425	0.01995	0.01079	0.01303	0.00856	0.00597	0.00563	0.00186	0.00883	0.00481	0.00315	0.00859
41	0.01855	0.00941	0.01194	0.01022	0.01353	0.00871	0.00803	0.02285	0.09725	0.32883	0.20940	0.09469	0.11517	0.01162	0.00720	0.00214	0.00451	0.00991	0.00735	0.00869
42	0.00943	0.00642	0.00762	0.00783	0.00814	0.00632	0.00488	0.01009	0.01129	0.01520	0.10353	0.12820	0.03136	0.55206	0.02624	0.00527	0.00570	0.05118	0.00473	0.00452

[dist]
# distance from previous block
# <min> <max>
0	23

[block]
# block no. 4 follows, 33 sequences, length 24
# corresponding to MSA columns:
# 460-483
name=unknown_E
#
# <colnr> <probs for GDERKNQSTAVLIFYWHMCP>
#	G	D	E	R	K	N	Q	S	T	A	V	L	I	F	Y	W	H	M	C	P
0	0.09363	0.01467	0.01551	0.01312	0.01736	0.01623	0.01057	0.24066	0.32699	0.03103	0.02110	0.02336	0.01660	0.00871	0.00645	0.00209	0.00587	0.05674	0.00615	0.07316
1	0.05081	0.14575	0.34760	0.01518	0.02226	0.01703	0.01677	0.07724	0.13309	0.04632	0.01456	0.01543	0.01085	0.00671	0.00587	0.00192	0.00772	0.00511	0.00404	0.05576
2	0.02343	0.13129	0.01883	0.01247	0.01733	0.08295	0.01037	0.16118	0.01950	0.30086	0.01897	0.06013	0.01422	0.00796	0.00610	0.00182	0.00656	0.00619	0.00601	0.09383
3	0.13644	0.03078	0.62314	0.01721	0.02607	0.01521	0.02168	0.02062	0.01348	0.02218	0.01141	0.01341	0.00815	0.00623	0.00592	0.00208	0.00902	0.00466	0.00298	0.00933
4	0.00802	0.00573	0.00764	0.00917	0.00955	0.00535	0.00611	0.00917	0.01260	0.01681	0.03628	0.76434	0.04354	0.02062	0.00840	0.00267	0.00382	0.01872	0.00611	0.00535
5	0.01379	0.01319	0.02171	0.44574	0.22686	0.01575	0.01821	0.01759	0.01319	0.01795	0.01142	0.01673	0.00921	0.00715	0.00887	0.00223	0.12343	0.00584	0.00301	0.00814
6	0.00810	0.00596	0.00762	0.00886	0.00959	0.00547	0.00609	0.00944	0.01320	0.01729	0.05794	0.61702	0.14753	0.01976	0.00832	0.00260	0.00380	0.03983	0.00614	0.00542
7	0.01553	0.01485	0.02450	0.03468	0.56994	0.01570	0.01837	0.01901	0.01448	0.02097	0.05988	0.01822	0.01364	0.00725	0.00892	0.00211	0.12257	0.00626	0.00347	0.00965
8	0.00957	0.00638	0.00718	0.00718	0.00718	0.00638	0.00399	0.00957	0.00957	0.01276	0.02074	0.04308	0.02393	0.76864	0.03351	0.00638	0.00638	0.00957	0.00399	0.00399
9	0.00801	0.00577	0.00760	0.00907	0.00952	0.00536	0.00607	0.00918	0.01270	0.01684	0.03745	0.73740	0.06973	0.02047	0.00838	0.00266	0.00380	0.01853	0.00611	0.00536
10	0.01558	0.01721	0.03577	0.02901	0.13981	0.01672	0.55387	0.02061	0.01510	0.02081	0.01287	0.01732	0.00997	0.00599	0.00848	0.00222	0.05901	0.00735	0.00329	0.00901
11	0.04904	0.01155	0.01441	0.01161	0.01617	0.01099	0.00942	0.03091	0.16674	0.51146	0.02720	0.02427	0.04616	0.00859	0.00655	0.00207	0.00534	0.00699	0.02999	0.01054
12	0.01243	0.01170	0.01975	0.75282	0.04534	0.01463	0.01828	0.01682	0.01316	0.01682	0.01170	0.01755	0.00878	0.00658	0.00658	0.00219	0.00878	0.00585	0.00293	0.00731
13	0.07254	0.46274	0.06827	0.01287	0.01801	0.17032	0.01196	0.02239	0.07393	0.01790	0.01101	0.01222	0.00935	0.00622	0.00489	0.00162	0.00790	0.00408	0.00335	0.00843
14	0.07015	0.01544	0.01838	0.01447	0.01905	0.01679	0.05110	0.33685	0.11600	0.17260	0.01842	0.01824	0.01307	0.00808	0.00749	0.00209	0.05724	0.00623	0.02800	0.01031
15	0.01252	0.00713	0.01009	0.00959	0.00993	0.00765	0.00675	0.05434	0.01013	0.01368	0.01153	0.01936	0.01123	0.02113	0.02421	0.70167	0.05653	0.00573	0.00310	0.00369
16	0.00868	0.00601	0.00744	0.00833	0.00855	0.00579	0.00521	0.00934	0.01132	0.01510	0.02971	0.45929	0.03525	0.33700	0.01902	0.00424	0.00490	0.01485	0.00521	0.00477
17	0.01641	0.07445	0.08520	0.04201	0.13940	0.04086	0.29217	0.08647	0.06280	0.02244	0.01401	0.01727	0.01094	0.00902	0.05463	0.00261	0.00980	0.00651	0.00378	0.00921
18	0.10699	0.05342	0.08988	0.01912	0.14758	0.17294	0.01408	0.17011	0.01916	0.12493	0.01401	0.01501	0.01035	0.00688	0.00603	0.00191	0.00812	0.00519	0.00471	0.00959
19	0.01304	0.00783	0.01078	0.01020	0.01218	0.00732	0.04687	0.03402	0.01491	0.12948	0.06199	0.37587	0.07153	0.01477	0.00738	0.00230	0.00449	0.03189	0.13633	0.00681
20	0.00799	0.00584	0.00752	0.00886	0.00947	0.00537	0.00598	0.00920	0.01290	0.01693	0.04001	0.67841	0.12707	0.02014	0.00833	0.00262	0.00376	0.01812	0.00611	0.00537
21	0.02186	0.06944	0.17801	0.01708	0.06398	0.16659	0.03357	0.13071	0.04162	0.19001	0.01581	0.01616	0.01124	0.00707	0.00627	0.00193	0.00843	0.00545	0.00493	0.00983
22	0.02424	0.14337	0.02033	0.06181	0.04892	0.01578	0.01162	0.18178	0.05043	0.34605	0.01933	0.01841	0.01323	0.00750	0.00620	0.00193	0.00650	0.00589	0.00628	0.01041
23	0.01179	0.00787	0.00866	0.00799	0.01072	0.00696	0.00615	0.01481	0.06312	0.12869	0.09371	0.05367	0.53214	0.01466	0.00753	0.00219	0.00380	0.01223	0.00653	0.00679

[dist]
# distance from previous block
# <min> <max>
2	4

[block]
# block no. 5 follows, 33 sequences, length 34
# corresponding to MSA columns:
# 491-502,507-528
name=unknown_F
#
# <colnr> <probs for GDERKNQSTAVLIFYWHMCP>
#	G	D	E	R	K	N	Q	S	T	A	V	L	I	F	Y	W	H	M	C	P
0	0.01811	0.52680	0.08647	0.01329	0.01920	0.04076	0.04851	0.10841	0.01594	0.01983	0.01057	0.01204	0.00893	0.00597	0.00494	0.00157	0.00751	0.00419	0.00339	0.04358
1	0.05384	0.01348	0.01521	0.05026	0.01813	0.06805	0.00978	0.07475	0.01742	0.31120	0.03317	0.01809	0.01340	0.00690	0.00591	0.00167	0.00607	0.00544	0.00581	0.27141
2	0.06037	0.07670	0.11793	0.01570	0.02012	0.21525	0.09334	0.02198	0.08004	0.04404	0.05365	0.04909	0.01506	0.01172	0.07518	0.00279	0.02847	0.00635	0.00409	0.00813
3	0.01423	0.01497	0.06318	0.07457	0.06626	0.01464	0.25191	0.07170	0.03918	0.02116	0.03667	0.09893	0.05477	0.02425	0.02765	0.00258	0.10251	0.00855	0.00414	0.00814
4	0.07609	0.01268	0.01727	0.05368	0.01714	0.01700	0.01268	0.01512	0.01069	0.01707	0.01288	0.11457	0.01349	0.01357	0.04665	0.00306	0.52865	0.00737	0.00343	0.00690
5	0.00805	0.00596	0.00753	0.00877	0.00953	0.00545	0.00602	0.00934	0.01313	0.01707	0.04208	0.61107	0.17403	0.01980	0.00830	0.00260	0.00379	0.03595	0.00611	0.00541
6	0.01719	0.01473	0.01549	0.11169	0.02052	0.09348	0.01146	0.11653	0.28707	0.05935	0.05625	0.05676	0.03867	0.00982	0.00692	0.00220	0.00656	0.06051	0.00583	0.00897
7	0.01592	0.01526	0.02605	0.10931	0.66159	0.01554	0.02002	0.01988	0.01481	0.02105	0.01232	0.01642	0.01027	0.00593	0.00652	0.00198	0.00791	0.00586	0.00323	0.01013
8	0.01425	0.01232	0.01384	0.01389	0.07081	0.01356	0.00987	0.02741	0.47901	0.02517	0.08488	0.03293	0.15311	0.01046	0.00696	0.00220	0.00491	0.00885	0.00636	0.00921
9	0.00813	0.00668	0.00716	0.00704	0.00911	0.00571	0.00528	0.01013	0.01584	0.01976	0.21779	0.06010	0.57257	0.01593	0.00778	0.00219	0.00328	0.01344	0.00637	0.00571
10	0.01320	0.03405	0.73453	0.01876	0.02849	0.01529	0.02432	0.02085	0.01390	0.02085	0.01181	0.01390	0.00834	0.00625	0.00625	0.00208	0.00973	0.00486	0.00278	0.00973
11	0.00935	0.00637	0.00822	0.00888	0.01000	0.00583	0.00630	0.01111	0.01456	0.05244	0.18624	0.46736	0.13126	0.01794	0.00813	0.00247	0.00376	0.03746	0.00645	0.00585
12	0.01813	0.01471	0.01668	0.01414	0.01756	0.01718	0.01137	0.25674	0.29745	0.02911	0.01946	0.02041	0.01508	0.01421	0.10483	0.00332	0.10755	0.00665	0.00574	0.00966
13	0.01243	0.01170	0.01975	0.75282	0.04534	0.01463	0.01828	0.01682	0.01316	0.01682	0.01170	0.01755	0.00878	0.00658	0.00658	0.00219	0.00878	0.00585	0.00293	0.00731
14	0.01070	0.00988	0.01069	0.00967	0.01217	0.06510	0.04477	0.01445	0.07687	0.02110	0.24103	0.04947	0.38188	0.01371	0.00754	0.00214	0.00453	0.01168	0.00612	0.00651
15	0.01727	0.01937	0.02220	0.01856	0.02034	0.21250	0.10405	0.01932	0.01308	0.01660	0.00966	0.01417	0.00877	0.00948	0.01561	0.00248	0.46029	0.00562	0.00308	0.00754
16	0.00802	0.00573	0.00764	0.00917	0.00955	0.00535	0.00611	0.00917	0.01260	0.01681	0.03628	0.76434	0.04354	0.02062	0.00840	0.00267	0.00382	0.01872	0.00611	0.00535
17	0.00957	0.00638	0.00718	0.00718	0.00718	0.00638	0.00399	0.00957	0.00957	0.01276	0.02074	0.04308	0.02393	0.76864	0.03351	0.00638	0.00638	0.00957	0.00399	0.00399
18	0.02465	0.02812	0.01849	0.01633	0.02006	0.58960	0.01245	0.11070	0.04259	0.05892	0.01227	0.01334	0.00962	0.00707	0.00608	0.00177	0.01074	0.00468	0.00415	0.00836
19	0.00799	0.00668	0.00695	0.00688	0.00902	0.00564	0.00516	0.00984	0.01549	0.01893	0.15421	0.06147	0.63667	0.01624	0.00778	0.00220	0.00330	0.01363	0.00626	0.00564
20	0.00847	0.00699	0.00750	0.00755	0.00961	0.00620	0.00568	0.01109	0.04808	0.01910	0.12637	0.11254	0.54809	0.01634	0.00783	0.00227	0.00355	0.04064	0.00625	0.00586
21	0.01637	0.01414	0.01489	0.01340	0.01712	0.01637	0.01042	0.03498	0.71568	0.02754	0.02679	0.02456	0.02010	0.00893	0.00670	0.00223	0.00521	0.00744	0.00670	0.01042
22	0.01549	0.01760	0.03797	0.02726	0.03360	0.01681	0.67131	0.02084	0.01528	0.02084	0.01310	0.01760	0.00993	0.00583	0.00842	0.00225	0.04609	0.00767	0.00331	0.00880
23	0.01007	0.00803	0.01186	0.01147	0.01249	0.00982	0.00905	0.01230	0.01051	0.01536	0.01644	0.02434	0.01542	0.04434	0.64657	0.00956	0.11601	0.00688	0.00344	0.00605
24	0.01431	0.01362	0.02314	0.40623	0.37724	0.01512	0.01922	0.01847	0.01405	0.01910	0.01203	0.01694	0.00958	0.00623	0.00655	0.00208	0.00831	0.00586	0.00309	0.00883
25	0.09059	0.01229	0.01543	0.01193	0.01697	0.01151	0.00985	0.12075	0.01986	0.58505	0.02330	0.02061	0.01490	0.00796	0.00642	0.00203	0.00578	0.00629	0.00762	0.01088
26	0.00970	0.00695	0.00823	0.00831	0.01024	0.00617	0.00640	0.01184	0.01571	0.05893	0.19250	0.14027	0.37728	0.01620	0.00796	0.00234	0.00384	0.10461	0.00645	0.00605
27	0.00957	0.00638	0.00718	0.00718	0.00718	0.00638	0.00399	0.00957	0.00957	0.01276	0.02074	0.04308	0.02393	0.76864	0.03351	0.00638	0.00638	0.00957	0.00399	0.00399
28	0.05174	0.07312	0.01667	0.01275	0.01695	0.21079	0.01004	0.13916	0.04173	0.02299	0.01550	0.11350	0.01430	0.00826	0.00591	0.00169	0.00722	0.00640	0.00455	0.22672
29	0.01763	0.50009	0.17628	0.01377	0.02022	0.02284	0.03299	0.11129	0.01588	0.02020	0.01070	0.01214	0.00883	0.00606	0.00505	0.00164	0.00773	0.00423	0.00332	0.00909
30	0.03740	0.46578	0.18231	0.01414	0.02046	0.07849	0.05018	0.02105	0.01419	0.04729	0.01073	0.01225	0.00880	0.00597	0.00508	0.00166	0.00810	0.00422	0.00313	0.00876
31	0.03263	0.16890	0.33985	0.01464	0.02149	0.01640	0.01622	0.07495	0.05651	0.07418	0.01414	0.01672	0.01106	0.06218	0.00781	0.00220	0.00784	0.00523	0.00389	0.05315
32	0.03260	0.04893	0.03748	0.01415	0.01742	0.03008	0.07906	0.07858	0.10542	0.05260	0.12447	0.08201	0.03662	0.01011	0.00971	0.00218	0.15408	0.00800	0.00505	0.07146
