[name]
unknown

[dist]
# distance from previous block
# <min> <max>
4	94

[block]
# block no. 0 follows, 29 sequences, length 23
# corresponding to MSA columns:
# 94-116
name=unknown_A
#
# <colnr> <probs for GDERKNQSTAVLIFYWHMCP>
#	G	D	E	R	K	N	Q	S	T	A	V	L	I	F	Y	W	H	M	C	P
0	0.04558	0.01638	0.04035	0.05007	0.01969	0.09254	0.03346	0.15535	0.01924	0.13299	0.04523	0.05285	0.01708	0.06317	0.03342	0.00290	0.10606	0.00742	0.05717	0.00905
1	0.05389	0.01568	0.02036	0.02360	0.25045	0.03509	0.01445	0.16346	0.09157	0.06122	0.01741	0.01979	0.01368	0.01243	0.08377	0.00307	0.00858	0.00644	0.04605	0.05899
2	0.05138	0.01437	0.01936	0.08429	0.14347	0.05063	0.05201	0.07646	0.07438	0.05831	0.08801	0.02511	0.01955	0.06216	0.10004	0.00374	0.05533	0.00755	0.00494	0.00891
3	0.04666	0.03766	0.03834	0.01516	0.08188	0.04256	0.01089	0.13205	0.08298	0.02649	0.11608	0.17761	0.07261	0.01283	0.00814	0.02778	0.00605	0.01046	0.00595	0.04781
4	0.01911	0.07433	0.02404	0.04805	0.09623	0.03996	0.12937	0.09903	0.05828	0.10898	0.05374	0.02440	0.04908	0.05482	0.01077	0.00257	0.08495	0.00763	0.00515	0.00950
5	0.04295	0.01455	0.01761	0.21106	0.06976	0.09144	0.01379	0.06135	0.01751	0.10150	0.08175	0.05237	0.04233	0.01021	0.00806	0.00232	0.03985	0.06859	0.00519	0.04782
6	0.04573	0.09692	0.05222	0.04444	0.01787	0.03612	0.03232	0.05789	0.03865	0.02341	0.12450	0.02801	0.08746	0.01338	0.06506	0.00283	0.07927	0.00770	0.05356	0.09265
7	0.01351	0.01202	0.01741	0.12699	0.23135	0.04126	0.01352	0.01607	0.01498	0.02001	0.05825	0.20865	0.07196	0.01335	0.00943	0.07031	0.00677	0.01065	0.00469	0.03882
8	0.02331	0.01809	0.01939	0.03929	0.02128	0.04888	0.01287	0.38562	0.17298	0.06497	0.01932	0.01946	0.01419	0.00885	0.00802	0.00221	0.05255	0.00665	0.02889	0.03318
9	0.05700	0.01772	0.01973	0.01518	0.02078	0.01890	0.01254	0.49232	0.02935	0.21386	0.01963	0.01871	0.01335	0.00854	0.00703	0.00216	0.00730	0.00651	0.00745	0.01195
10	0.03769	0.01954	0.02334	0.10528	0.30968	0.17696	0.03401	0.07206	0.01814	0.05718	0.01560	0.06953	0.01348	0.00810	0.00705	0.00215	0.00912	0.00699	0.00430	0.00981
11	0.01630	0.01863	0.20957	0.01493	0.02013	0.01307	0.04337	0.10672	0.07338	0.09330	0.13271	0.14392	0.02774	0.04276	0.00886	0.00255	0.00705	0.00986	0.00591	0.00925
12	0.00851	0.00717	0.00737	0.00741	0.00970	0.00604	0.00552	0.01036	0.01631	0.01964	0.10097	0.09646	0.64417	0.01805	0.00844	0.00242	0.00362	0.01515	0.00667	0.00604
13	0.01345	0.01266	0.02136	0.73264	0.04904	0.01582	0.01978	0.01819	0.01424	0.01819	0.01266	0.01898	0.00949	0.00712	0.00712	0.00237	0.00949	0.00633	0.00316	0.00791
14	0.01841	0.06586	0.03117	0.13938	0.20749	0.14579	0.24505	0.02278	0.01672	0.02086	0.01298	0.01712	0.01032	0.00651	0.00726	0.00217	0.01058	0.00657	0.00349	0.00950
15	0.01609	0.02390	0.28601	0.11845	0.09756	0.01697	0.10803	0.06718	0.12759	0.02463	0.01745	0.01973	0.02900	0.00754	0.00720	0.00230	0.00923	0.00670	0.00421	0.01024
16	0.01036	0.00690	0.00777	0.00777	0.00777	0.00690	0.00431	0.01036	0.01036	0.01381	0.02244	0.04660	0.02589	0.74975	0.03624	0.00690	0.00690	0.01036	0.00431	0.00431
17	0.00874	0.00672	0.00801	0.00875	0.01009	0.00599	0.00616	0.01046	0.01544	0.01985	0.13252	0.39757	0.30475	0.01970	0.00874	0.00262	0.00383	0.01732	0.00676	0.00599
18	0.01888	0.53634	0.17011	0.01444	0.02116	0.09785	0.01516	0.02231	0.01517	0.01798	0.01059	0.01229	0.00912	0.00636	0.00520	0.00170	0.00874	0.00418	0.00310	0.00932
19	0.01038	0.00781	0.01135	0.01124	0.01231	0.00910	0.00857	0.01258	0.01129	0.01622	0.01915	0.02984	0.01851	0.13782	0.61296	0.01060	0.04236	0.00792	0.00385	0.00616
20	0.01035	0.00694	0.00796	0.00796	0.00802	0.00701	0.00455	0.01048	0.01041	0.01395	0.02226	0.04563	0.02547	0.71343	0.07199	0.00714	0.00754	0.01021	0.00429	0.00442
21	0.01409	0.01099	0.01335	0.01390	0.08235	0.01122	0.00951	0.06147	0.17779	0.04823	0.24063	0.06521	0.17128	0.01278	0.00779	0.00230	0.00484	0.01098	0.03273	0.00857
22	0.01808	0.07504	0.06816	0.08286	0.20044	0.16000	0.06666	0.06214	0.01802	0.02258	0.08362	0.06029	0.03424	0.00868	0.00711	0.00213	0.00889	0.00749	0.00435	0.00922

[dist]
# distance from previous block
# <min> <max>
0	1

[block]
# block no. 1 follows, 29 sequences, length 31
# corresponding to MSA columns:
# 118-148
name=unknown_B
#
# <colnr> <probs for GDERKNQSTAVLIFYWHMCP>
#	G	D	E	R	K	N	Q	S	T	A	V	L	I	F	Y	W	H	M	C	P
0	0.01607	0.01687	0.01660	0.04147	0.01786	0.18713	0.01208	0.01887	0.05678	0.01838	0.02089	0.25470	0.02245	0.01406	0.01295	0.00266	0.24753	0.01054	0.00466	0.00747
1	0.21927	0.18420	0.09558	0.01773	0.08363	0.18680	0.05251	0.02362	0.01578	0.04533	0.01165	0.01362	0.00935	0.00670	0.00573	0.00197	0.00891	0.00477	0.00380	0.00903
2	0.01558	0.01558	0.02181	0.01869	0.01869	0.02181	0.01558	0.01714	0.01091	0.01714	0.00935	0.01558	0.00935	0.01246	0.02337	0.00312	0.73672	0.00623	0.00312	0.00779
3	0.02020	0.06302	0.04937	0.09015	0.23577	0.14577	0.01659	0.08695	0.15021	0.04779	0.01654	0.01834	0.01285	0.00753	0.00684	0.00212	0.00869	0.00620	0.00471	0.01037
4	0.01038	0.00781	0.00955	0.03300	0.01092	0.00817	0.00645	0.01142	0.01260	0.01679	0.08736	0.11580	0.13163	0.40152	0.04556	0.00512	0.06380	0.01171	0.00504	0.00537
5	0.00932	0.00725	0.00846	0.00816	0.01017	0.00639	0.00612	0.01196	0.01836	0.02428	0.41307	0.06022	0.35836	0.01615	0.00841	0.00232	0.00347	0.01386	0.00728	0.00639
6	0.01545	0.01442	0.02337	0.44995	0.21663	0.01698	0.01961	0.05405	0.01547	0.02083	0.01278	0.01822	0.01008	0.00748	0.00857	0.00236	0.07494	0.00633	0.00346	0.00900
7	0.02707	0.01995	0.02137	0.01638	0.02208	0.02208	0.01353	0.68159	0.03348	0.04488	0.01710	0.01710	0.01211	0.00855	0.00712	0.00214	0.00784	0.00641	0.00712	0.01211
8	0.02598	0.01890	0.02021	0.01562	0.02100	0.02086	0.01286	0.62918	0.03202	0.04343	0.01758	0.01784	0.01259	0.00853	0.00695	0.00210	0.00748	0.00643	0.06876	0.01168
9	0.01693	0.01398	0.01631	0.04970	0.01952	0.01212	0.00996	0.13863	0.01814	0.02688	0.01346	0.01541	0.01078	0.00597	0.00571	0.00132	0.00596	0.00473	0.00469	0.60979
10	0.00992	0.00715	0.00937	0.00907	0.01060	0.00661	0.00671	0.01303	0.01940	0.02735	0.62489	0.13330	0.06486	0.01545	0.00848	0.00232	0.00345	0.01373	0.00770	0.00661
11	0.01366	0.01058	0.01305	0.01318	0.06766	0.01068	0.00922	0.11585	0.07645	0.02847	0.34437	0.06616	0.12887	0.03725	0.00898	0.00246	0.00490	0.03317	0.00699	0.00806
12	0.01549	0.01292	0.01496	0.01102	0.01695	0.01038	0.00878	0.07541	0.01633	0.02480	0.01459	0.05742	0.01281	0.00655	0.00566	0.00126	0.00543	0.00534	0.00461	0.67930
13	0.00977	0.00725	0.00899	0.00924	0.01004	0.00735	0.00632	0.01101	0.01286	0.01712	0.06981	0.21611	0.14688	0.27391	0.12849	0.00547	0.03540	0.01311	0.00533	0.00554
14	0.01791	0.01479	0.01274	0.01146	0.01405	0.14696	0.00873	0.10895	0.08019	0.02610	0.02000	0.02395	0.01632	0.07154	0.00912	0.00233	0.03444	0.00665	0.36581	0.00795
15	0.01904	0.75404	0.03731	0.01218	0.01828	0.02818	0.01218	0.02132	0.01447	0.01675	0.00990	0.01142	0.00914	0.00609	0.00457	0.00152	0.00761	0.00381	0.00305	0.00914
16	0.01685	0.07242	0.02020	0.01368	0.01942	0.01374	0.07153	0.06377	0.01605	0.04997	0.01319	0.01550	0.01073	0.00641	0.00734	0.00152	0.07236	0.00501	0.00434	0.50598
17	0.02122	0.01704	0.01808	0.01520	0.01985	0.01935	0.01212	0.27911	0.44549	0.03544	0.02453	0.02302	0.01813	0.00924	0.00720	0.00231	0.00646	0.00744	0.00720	0.01159
18	0.00973	0.00746	0.00897	0.00906	0.01075	0.00693	0.00661	0.01311	0.05655	0.02354	0.32844	0.22950	0.22875	0.01715	0.00851	0.00246	0.00375	0.01502	0.00717	0.00656
19	0.02597	0.01348	0.01671	0.01297	0.01841	0.01241	0.01067	0.14211	0.04576	0.39293	0.02362	0.02425	0.01667	0.00868	0.00692	0.00203	0.00622	0.04230	0.00741	0.17050
20	0.01036	0.00690	0.00777	0.00777	0.00777	0.00690	0.00431	0.01036	0.01036	0.01381	0.02244	0.04660	0.02589	0.74975	0.03624	0.00690	0.00690	0.01036	0.00431	0.00431
21	0.01112	0.00846	0.01036	0.00968	0.01175	0.00831	0.00732	0.01687	0.11936	0.02822	0.56743	0.05010	0.09547	0.01402	0.00823	0.00227	0.00371	0.01228	0.00768	0.00735
22	0.02660	0.03394	0.02018	0.01834	0.02201	0.72116	0.01376	0.02843	0.02018	0.01743	0.01101	0.01284	0.00917	0.00734	0.00642	0.00183	0.01284	0.00459	0.00367	0.00825
23	0.03195	0.01212	0.01652	0.01267	0.01818	0.01047	0.01047	0.03470	0.02038	0.71026	0.02809	0.02424	0.01763	0.00881	0.00716	0.00220	0.00606	0.00716	0.00881	0.01212
24	0.80005	0.01377	0.01047	0.00936	0.01377	0.01597	0.00771	0.02093	0.01212	0.03195	0.00991	0.01157	0.00771	0.00661	0.00441	0.00220	0.00551	0.00386	0.00441	0.00771
25	0.01147	0.00820	0.01147	0.01311	0.01475	0.00820	0.01147	0.01475	0.01639	0.02131	0.03770	0.08032	0.04098	0.01967	0.00984	0.00328	0.00656	0.65741	0.00656	0.00656
26	0.02496	0.03113	0.01918	0.01746	0.02098	0.63827	0.01311	0.02761	0.04559	0.01877	0.06611	0.01654	0.01422	0.00799	0.00661	0.00189	0.01182	0.00537	0.00413	0.00825
27	0.01681	0.01921	0.04202	0.03001	0.03721	0.01801	0.67947	0.02281	0.01681	0.02281	0.01441	0.01921	0.01080	0.00600	0.00840	0.00240	0.01200	0.00840	0.00360	0.00960
28	0.01034	0.00693	0.00788	0.00784	0.00795	0.00689	0.00446	0.01055	0.01097	0.01473	0.06488	0.04701	0.02847	0.70381	0.03450	0.00661	0.00668	0.01051	0.00453	0.00446
29	0.01821	0.01711	0.02843	0.04200	0.66263	0.01724	0.02133	0.06308	0.01729	0.02461	0.01363	0.01759	0.01133	0.00648	0.00705	0.00212	0.00842	0.00635	0.00375	0.01133
30	0.42499	0.01798	0.01471	0.01247	0.01715	0.12192	0.01002	0.15059	0.05972	0.03146	0.01286	0.01401	0.00987	0.00718	0.00548	0.00206	0.00704	0.00475	0.00498	0.07077

[dist]
# distance from previous block
# <min> <max>
0	5

[block]
# block no. 2 follows, 29 sequences, length 55
# corresponding to MSA columns:
# 159-213
name=unknown_C
#
# <colnr> <probs for GDERKNQSTAVLIFYWHMCP>
#	G	D	E	R	K	N	Q	S	T	A	V	L	I	F	Y	W	H	M	C	P
0	0.00914	0.00724	0.00821	0.00797	0.01006	0.00632	0.00598	0.01161	0.01793	0.02327	0.34475	0.06189	0.42731	0.01653	0.00841	0.00233	0.00350	0.01410	0.00714	0.00632
1	0.01011	0.00680	0.00784	0.00808	0.00814	0.00674	0.00465	0.01029	0.01083	0.01444	0.02486	0.14723	0.02894	0.64495	0.03233	0.00633	0.00650	0.01178	0.00465	0.00453
2	0.00868	0.00620	0.00826	0.00991	0.01033	0.00578	0.00661	0.00991	0.01363	0.01818	0.03925	0.74510	0.04710	0.02231	0.00909	0.00289	0.00413	0.02024	0.00661	0.00578
3	0.65101	0.05109	0.01321	0.01070	0.01518	0.08293	0.00879	0.05544	0.01408	0.03053	0.01038	0.01196	0.00814	0.00675	0.00474	0.00213	0.00641	0.00405	0.00441	0.00806
4	0.01576	0.05307	0.04264	0.04841	0.12906	0.07642	0.04807	0.02354	0.19340	0.02233	0.04571	0.06678	0.01923	0.01870	0.16058	0.00422	0.01018	0.00794	0.00488	0.00909
5	0.01848	0.01300	0.02008	0.04009	0.02097	0.01363	0.12855	0.06787	0.07138	0.17234	0.09036	0.02854	0.02161	0.01779	0.13727	0.00406	0.07793	0.04102	0.00582	0.00919
6	0.01910	0.10561	0.16643	0.01908	0.05202	0.07188	0.13125	0.04554	0.12042	0.10530	0.01844	0.05639	0.01456	0.00809	0.00699	0.00217	0.00868	0.00707	0.00488	0.03610
7	0.01733	0.01257	0.01525	0.03470	0.01813	0.00985	0.00912	0.02048	0.01560	0.12721	0.01500	0.01634	0.01159	0.00587	0.00562	0.00127	0.00553	0.00473	0.00488	0.64892
8	0.01552	0.01384	0.01883	0.06371	0.06006	0.01199	0.06717	0.04440	0.01558	0.02346	0.01290	0.01571	0.01056	0.00590	0.00648	0.00143	0.03231	0.00499	0.00413	0.57103
9	0.01880	0.01091	0.01450	0.01259	0.01518	0.01209	0.01015	0.04689	0.03944	0.21890	0.02089	0.02400	0.01625	0.02270	0.22282	0.00504	0.13920	0.00705	0.13391	0.00870
10	0.01475	0.01327	0.01924	0.07371	0.21832	0.01336	0.03570	0.02076	0.12304	0.02273	0.02369	0.11476	0.06253	0.01028	0.00783	0.00221	0.03083	0.03945	0.00493	0.14863
11	0.01511	0.01462	0.02354	0.50618	0.24112	0.03972	0.02019	0.01961	0.01502	0.01966	0.01282	0.01838	0.01001	0.00690	0.00708	0.00228	0.00930	0.00627	0.00329	0.00891
12	0.01693	0.00881	0.01165	0.01006	0.01298	0.00788	0.00785	0.02004	0.02007	0.24393	0.46392	0.04462	0.07625	0.01287	0.00801	0.00223	0.00422	0.01115	0.00810	0.00840
13	0.01908	0.01040	0.01314	0.01124	0.01468	0.00999	0.00884	0.02523	0.14037	0.26690	0.34614	0.03832	0.04175	0.01168	0.00776	0.00226	0.00471	0.01002	0.00807	0.00942
14	0.02660	0.03394	0.02018	0.01834	0.02201	0.72116	0.01376	0.02843	0.02018	0.01743	0.01101	0.01284	0.00917	0.00734	0.00642	0.00183	0.01284	0.00459	0.00367	0.00825
15	0.02549	0.01890	0.02048	0.01594	0.02110	0.02114	0.01313	0.59408	0.05155	0.04207	0.01738	0.01779	0.01258	0.00877	0.00784	0.00217	0.04461	0.00646	0.04692	0.01158
16	0.01681	0.01921	0.04202	0.03001	0.03721	0.01801	0.67947	0.02281	0.01681	0.02281	0.01441	0.01921	0.01080	0.00600	0.00840	0.00240	0.01200	0.00840	0.00360	0.00960
17	0.01762	0.01692	0.02890	0.04371	0.70533	0.01692	0.02185	0.02185	0.01621	0.02326	0.01339	0.01762	0.01128	0.00634	0.00705	0.00211	0.00846	0.00634	0.00352	0.01128
18	0.01327	0.00664	0.00664	0.00664	0.00830	0.00664	0.00498	0.01659	0.01493	0.02655	0.02323	0.02655	0.01825	0.00830	0.00498	0.00166	0.00332	0.00664	0.78928	0.00664
19	0.01034	0.00750	0.00867	0.00823	0.01049	0.00654	0.00622	0.01285	0.01809	0.05930	0.33393	0.05978	0.40008	0.01609	0.00834	0.00232	0.00363	0.01371	0.00724	0.00663
20	0.01345	0.01266	0.02136	0.73264	0.04904	0.01582	0.01978	0.01819	0.01424	0.01819	0.01266	0.01898	0.00949	0.00712	0.00712	0.00237	0.00949	0.00633	0.00316	0.00791
21	0.00982	0.00727	0.00916	0.00868	0.01048	0.00661	0.00651	0.01293	0.01954	0.02709	0.60261	0.05560	0.16706	0.01510	0.00840	0.00227	0.00340	0.01322	0.00765	0.00661
22	0.73350	0.01430	0.01140	0.00997	0.01449	0.01650	0.00821	0.07781	0.01396	0.03306	0.01053	0.01204	0.00809	0.00678	0.00464	0.00220	0.00571	0.00408	0.00464	0.00809
23	0.80005	0.01377	0.01047	0.00936	0.01377	0.01597	0.00771	0.02093	0.01212	0.03195	0.00991	0.01157	0.00771	0.00661	0.00441	0.00220	0.00551	0.00386	0.00441	0.00771
24	0.01762	0.01692	0.02890	0.04371	0.70533	0.01692	0.02185	0.02185	0.01621	0.02326	0.01339	0.01762	0.01128	0.00634	0.00705	0.00211	0.00846	0.00634	0.00352	0.01128
25	0.01558	0.01558	0.02181	0.01869	0.01869	0.02181	0.01558	0.01714	0.01091	0.01714	0.00935	0.01558	0.00935	0.01246	0.02337	0.00312	0.73672	0.00623	0.00312	0.00779
26	0.02662	0.03340	0.02022	0.01827	0.02202	0.69445	0.01375	0.05339	0.02069	0.01848	0.01124	0.01300	0.00928	0.00738	0.00645	0.00185	0.01265	0.00466	0.00380	0.00840
27	0.01904	0.75404	0.03731	0.01218	0.01828	0.02818	0.01218	0.02132	0.01447	0.01675	0.00990	0.01142	0.00914	0.00609	0.00457	0.00152	0.00761	0.00381	0.00305	0.00914
28	0.00877	0.00633	0.00821	0.00961	0.01019	0.00587	0.00644	0.01007	0.01390	0.01842	0.06254	0.64895	0.09197	0.04989	0.01007	0.00299	0.00418	0.01926	0.00656	0.00577
29	0.07313	0.16287	0.07349	0.01832	0.08280	0.18270	0.01462	0.25767	0.02258	0.02887	0.01323	0.01459	0.01029	0.00735	0.00627	0.00196	0.00904	0.00525	0.00477	0.01019
30	0.01319	0.00868	0.01052	0.00958	0.01210	0.00810	0.00733	0.04225	0.05390	0.10470	0.38865	0.07671	0.20758	0.01453	0.00818	0.00230	0.00405	0.01251	0.00755	0.00758
31	0.00999	0.00728	0.00940	0.00887	0.01059	0.00668	0.00665	0.01327	0.01996	0.02808	0.66939	0.05397	0.09967	0.01474	0.00840	0.00225	0.00337	0.01299	0.00778	0.00668
32	0.80005	0.01377	0.01047	0.00936	0.01377	0.01597	0.00771	0.02093	0.01212	0.03195	0.00991	0.01157	0.00771	0.00661	0.00441	0.00220	0.00551	0.00386	0.00441	0.00771
33	0.04522	0.01915	0.04070	0.04157	0.02334	0.14265	0.13975	0.08243	0.19464	0.04649	0.04081	0.02603	0.05189	0.00931	0.00790	0.00232	0.03032	0.04052	0.00542	0.00952
34	0.01904	0.75404	0.03731	0.01218	0.01828	0.02818	0.01218	0.02132	0.01447	0.01675	0.00990	0.01142	0.00914	0.00609	0.00457	0.00152	0.00761	0.00381	0.00305	0.00914
35	0.50136	0.01677	0.01402	0.01203	0.01659	0.07333	0.00974	0.15651	0.08791	0.03318	0.01343	0.01435	0.01017	0.00738	0.00541	0.00218	0.00657	0.00487	0.00519	0.00901
36	0.01056	0.00820	0.01218	0.01196	0.01314	0.00982	0.00938	0.01303	0.01141	0.01657	0.01838	0.02709	0.01720	0.05048	0.67166	0.01085	0.07033	0.00753	0.00376	0.00646
37	0.01558	0.01558	0.02181	0.01869	0.01869	0.02181	0.01558	0.01714	0.01091	0.01714	0.00935	0.01558	0.00935	0.01246	0.02337	0.00312	0.73672	0.00623	0.00312	0.00779
38	0.01558	0.01558	0.02181	0.01869	0.01869	0.02181	0.01558	0.01714	0.01091	0.01714	0.00935	0.01558	0.00935	0.01246	0.02337	0.00312	0.73672	0.00623	0.00312	0.00779
39	0.01771	0.01530	0.01610	0.01449	0.01852	0.01771	0.01127	0.03784	0.69247	0.02979	0.02898	0.02657	0.02174	0.00966	0.00725	0.00242	0.00564	0.00805	0.00725	0.01127
40	0.01036	0.00690	0.00777	0.00777	0.00777	0.00690	0.00431	0.01036	0.01036	0.01381	0.02244	0.04660	0.02589	0.74975	0.03624	0.00690	0.00690	0.01036	0.00431	0.00431
41	0.01036	0.00690	0.00777	0.00777	0.00777	0.00690	0.00431	0.01036	0.01036	0.01381	0.02244	0.04660	0.02589	0.74975	0.03624	0.00690	0.00690	0.01036	0.00431	0.00431
42	0.01428	0.03683	0.71286	0.02030	0.03082	0.01654	0.02631	0.02255	0.01503	0.02255	0.01278	0.01503	0.00902	0.00677	0.00677	0.00226	0.01052	0.00526	0.00301	0.01052
43	0.01147	0.00820	0.01147	0.01311	0.01475	0.00820	0.01147	0.01475	0.01639	0.02131	0.03770	0.08032	0.04098	0.01967	0.00984	0.00328	0.00656	0.65741	0.00656	0.00656
44	0.00868	0.00620	0.00826	0.00991	0.01033	0.00578	0.00661	0.00991	0.01363	0.01818	0.03925	0.74510	0.04710	0.02231	0.00909	0.00289	0.00413	0.02024	0.00661	0.00578
45	0.80005	0.01377	0.01047	0.00936	0.01377	0.01597	0.00771	0.02093	0.01212	0.03195	0.00991	0.01157	0.00771	0.00661	0.00441	0.00220	0.00551	0.00386	0.00441	0.00771
46	0.02667	0.03192	0.02035	0.01806	0.02202	0.62052	0.01373	0.12247	0.02209	0.02138	0.01188	0.01345	0.00960	0.00751	0.00652	0.00188	0.01212	0.00485	0.00417	0.00881
47	0.01237	0.00618	0.00928	0.00928	0.00928	0.00618	0.00618	0.00928	0.00928	0.01237	0.01237	0.02165	0.01237	0.02474	0.02783	0.79283	0.00618	0.00618	0.00309	0.00309
48	0.02707	0.01995	0.02137	0.01638	0.02208	0.02208	0.01353	0.68159	0.03348	0.04488	0.01710	0.01710	0.01211	0.00855	0.00712	0.00214	0.00784	0.00641	0.00712	0.01211
49	0.01036	0.00690	0.00777	0.00777	0.00777	0.00690	0.00431	0.01036	0.01036	0.01381	0.02244	0.04660	0.02589	0.74975	0.03624	0.00690	0.00690	0.01036	0.00431	0.00431
50	0.77293	0.01373	0.01084	0.03430	0.01499	0.01597	0.00813	0.02084	0.01219	0.03147	0.01001	0.01182	0.00777	0.00663	0.00450	0.00221	0.00565	0.00394	0.00436	0.00772
51	0.01973	0.68997	0.03586	0.01263	0.01861	0.05603	0.01231	0.05293	0.01560	0.01811	0.01029	0.01175	0.00928	0.00626	0.00477	0.00156	0.00784	0.00396	0.00326	0.00924
52	0.01033	0.00758	0.01119	0.01119	0.01248	0.00878	0.00870	0.01292	0.01163	0.01705	0.01929	0.02790	0.01783	0.05104	0.68405	0.01093	0.01825	0.00758	0.04491	0.00637
53	0.05136	0.00872	0.00882	0.00866	0.00917	0.04487	0.00531	0.01201	0.01104	0.01511	0.02096	0.04172	0.02351	0.62338	0.08201	0.00672	0.00801	0.00953	0.00425	0.00484
54	0.01741	0.01670	0.02852	0.07875	0.67195	0.01686	0.02175	0.02167	0.01611	0.02301	0.01336	0.01769	0.01119	0.00638	0.00705	0.00213	0.00851	0.00634	0.00351	0.01111

[dist]
# distance from previous block
# <min> <max>
0	21

[block]
# block no. 3 follows, 29 sequences, length 86
# corresponding to MSA columns:
# 235-246,248-321
name=unknown_D
#
# <colnr> <probs for GDERKNQSTAVLIFYWHMCP>
#	G	D	E	R	K	N	Q	S	T	A	V	L	I	F	Y	W	H	M	C	P
0	0.01495	0.02116	0.22814	0.22579	0.22990	0.01585	0.06231	0.02046	0.01519	0.02139	0.01415	0.04821	0.01159	0.00731	0.00710	0.00225	0.00929	0.00667	0.00343	0.03486
1	0.01524	0.16742	0.56523	0.01916	0.02875	0.01872	0.04713	0.02233	0.01499	0.02150	0.01231	0.01452	0.00911	0.00661	0.00642	0.00213	0.01004	0.00511	0.00304	0.01024
2	0.03173	0.01247	0.01675	0.01284	0.01836	0.01099	0.01061	0.06416	0.02098	0.67997	0.02759	0.02391	0.01738	0.00880	0.00716	0.00220	0.00614	0.00713	0.00874	0.01212
3	0.01327	0.00664	0.00664	0.00664	0.00830	0.00664	0.00498	0.01659	0.01493	0.02655	0.02323	0.02655	0.01825	0.00830	0.00498	0.00166	0.00332	0.00664	0.78928	0.00664
4	0.01707	0.02077	0.22722	0.16389	0.09486	0.01509	0.10390	0.05724	0.01707	0.10731	0.04833	0.04498	0.03381	0.00821	0.00734	0.00230	0.00890	0.00738	0.00453	0.00978
5	0.01048	0.00756	0.01059	0.01162	0.01280	0.00786	0.00927	0.01292	0.01395	0.01874	0.03128	0.18539	0.03407	0.08517	0.22392	0.00591	0.00987	0.29684	0.00558	0.00619
6	0.03134	0.01225	0.01651	0.01275	0.01819	0.01077	0.01050	0.03484	0.04899	0.68130	0.02813	0.02434	0.01780	0.00885	0.00716	0.00221	0.00604	0.00720	0.00875	0.01208
7	0.01153	0.00619	0.00905	0.00942	0.00952	0.00609	0.00628	0.00942	0.01027	0.01369	0.01848	0.18619	0.02027	0.02418	0.02357	0.61316	0.00572	0.00938	0.00389	0.00370
8	0.05897	0.22070	0.19506	0.04456	0.06702	0.19821	0.05586	0.04446	0.01678	0.02081	0.01169	0.01396	0.00938	0.00672	0.00612	0.00195	0.00993	0.00496	0.00346	0.00939
9	0.00914	0.00684	0.00984	0.01077	0.01149	0.00641	0.03834	0.01054	0.01364	0.01820	0.03732	0.67963	0.04443	0.05395	0.01027	0.00305	0.00463	0.01924	0.00637	0.00590
10	0.00868	0.00620	0.00826	0.00991	0.01033	0.00578	0.00661	0.00991	0.01363	0.01818	0.03925	0.74510	0.04710	0.02231	0.00909	0.00289	0.00413	0.02024	0.00661	0.00578
11	0.01560	0.01365	0.01679	0.13231	0.04457	0.01554	0.02916	0.02945	0.43615	0.02604	0.04914	0.09378	0.04558	0.01065	0.00749	0.00244	0.00624	0.00924	0.00631	0.00985
12	0.36433	0.06502	0.12110	0.04107	0.14052	0.09595	0.03552	0.02217	0.01452	0.02578	0.01129	0.01374	0.00893	0.00663	0.00566	0.00212	0.00804	0.00480	0.00382	0.00896
13	0.01262	0.01145	0.03740	0.01124	0.01524	0.00955	0.03100	0.01592	0.01674	0.02450	0.27959	0.03358	0.08277	0.01032	0.00809	0.00183	0.05503	0.00863	0.00564	0.32887
14	0.01034	0.00745	0.01054	0.01054	0.01159	0.00842	0.00787	0.01245	0.01139	0.01647	0.01989	0.03141	0.01934	0.18210	0.56097	0.01016	0.01609	0.00810	0.03891	0.00599
15	0.26533	0.07668	0.04536	0.13666	0.15406	0.17049	0.01471	0.02238	0.01529	0.02337	0.01137	0.01432	0.00916	0.00677	0.00589	0.00208	0.00866	0.00494	0.00372	0.00875
16	0.00848	0.00697	0.00746	0.00785	0.00979	0.00596	0.00569	0.01015	0.01562	0.01899	0.06436	0.22837	0.54762	0.01904	0.00857	0.00252	0.00373	0.01626	0.00661	0.00596
17	0.01941	0.26495	0.02664	0.01970	0.15816	0.13815	0.01380	0.05503	0.01668	0.02098	0.01172	0.01405	0.01003	0.00652	0.00630	0.00168	0.03304	0.00475	0.00370	0.17468
18	0.01696	0.01721	0.10647	0.01951	0.14875	0.01336	0.04363	0.04214	0.08087	0.06365	0.01546	0.01727	0.01203	0.00641	0.00628	0.00169	0.00698	0.00553	0.00455	0.37122
19	0.03880	0.09702	0.21672	0.10707	0.08973	0.09111	0.01816	0.15775	0.01962	0.07742	0.01431	0.01620	0.01056	0.00728	0.00663	0.00211	0.00916	0.00562	0.00446	0.01028
20	0.01407	0.08068	0.02033	0.45300	0.06774	0.01534	0.01590	0.03925	0.01468	0.01937	0.01608	0.02260	0.03251	0.06469	0.04077	0.00297	0.00886	0.00674	0.05658	0.00784
21	0.00882	0.00630	0.00841	0.00998	0.01048	0.00590	0.00677	0.01021	0.01397	0.01868	0.06484	0.69712	0.04768	0.02192	0.00909	0.00288	0.00418	0.04027	0.00666	0.00584
22	0.01010	0.00755	0.01121	0.01126	0.01251	0.00865	0.00869	0.01262	0.01194	0.01715	0.05098	0.06315	0.02143	0.05017	0.65539	0.01062	0.01765	0.00847	0.00413	0.00635
23	0.01000	0.00728	0.00941	0.00888	0.01059	0.00669	0.00666	0.01329	0.01998	0.02813	0.67291	0.05389	0.09611	0.01472	0.00840	0.00225	0.00337	0.01298	0.00778	0.00669
24	0.01805	0.01546	0.01629	0.01456	0.01864	0.01787	0.01135	0.06093	0.66883	0.03033	0.02856	0.02623	0.02139	0.00962	0.00724	0.00241	0.00571	0.00799	0.00724	0.01130
25	0.01017	0.00763	0.01144	0.01144	0.01272	0.00890	0.00890	0.01272	0.01144	0.01653	0.01907	0.02797	0.01780	0.05340	0.72153	0.01144	0.01907	0.00763	0.00381	0.00636
26	0.01052	0.00723	0.00841	0.00830	0.00836	0.00749	0.00491	0.01069	0.01042	0.01405	0.02184	0.04468	0.02495	0.69226	0.06824	0.00699	0.03178	0.01009	0.00425	0.00453
27	0.39869	0.01510	0.01546	0.01495	0.08692	0.04244	0.01085	0.10645	0.01748	0.18287	0.01611	0.01786	0.01191	0.00774	0.00587	0.00220	0.00654	0.02530	0.00567	0.00959
28	0.80005	0.01377	0.01047	0.00936	0.01377	0.01597	0.00771	0.02093	0.01212	0.03195	0.00991	0.01157	0.00771	0.00661	0.00441	0.00220	0.00551	0.00386	0.00441	0.00771
29	0.01954	0.56475	0.03169	0.01285	0.01807	0.14150	0.01185	0.02175	0.01540	0.01738	0.01208	0.04706	0.01135	0.00717	0.00511	0.00165	0.00812	0.00484	0.03912	0.00872
30	0.01974	0.05533	0.17612	0.02664	0.27832	0.01612	0.04254	0.07383	0.01776	0.13667	0.01575	0.01762	0.01170	0.00689	0.00679	0.00205	0.00829	0.00602	0.00459	0.07720
31	0.01685	0.05140	0.12364	0.04451	0.13353	0.01404	0.03618	0.08255	0.06191	0.09524	0.16944	0.04636	0.07386	0.01005	0.00740	0.00222	0.00686	0.00867	0.00574	0.00956
32	0.00989	0.00718	0.00906	0.01015	0.01109	0.00687	0.00715	0.04221	0.01488	0.01957	0.04009	0.54202	0.10439	0.06499	0.01065	0.00309	0.00466	0.07949	0.00649	0.00609
33	0.64427	0.01754	0.09438	0.01130	0.01646	0.04360	0.01039	0.04953	0.01368	0.03082	0.01060	0.01226	0.00811	0.00674	0.00488	0.00219	0.00648	0.00416	0.00433	0.00825
34	0.00867	0.00644	0.00808	0.00932	0.01019	0.00586	0.00636	0.01009	0.01439	0.01873	0.06739	0.58096	0.18523	0.02116	0.00893	0.00277	0.00400	0.01891	0.00665	0.00586
35	0.04337	0.04367	0.12260	0.02148	0.14727	0.01500	0.11576	0.05899	0.03743	0.05517	0.01433	0.01669	0.01111	0.00634	0.00648	0.00183	0.00790	0.00573	0.00425	0.26460
36	0.01969	0.01725	0.14826	0.01427	0.04632	0.01139	0.01292	0.02374	0.01647	0.21909	0.01711	0.01763	0.01230	0.00661	0.00616	0.00165	0.00662	0.00534	0.00527	0.39189
37	0.01904	0.75404	0.03731	0.01218	0.01828	0.02818	0.01218	0.02132	0.01447	0.01675	0.00990	0.01142	0.00914	0.00609	0.00457	0.00152	0.00761	0.00381	0.00305	0.00914
38	0.00991	0.00860	0.03744	0.07767	0.01534	0.00804	0.00903	0.01278	0.04449	0.01872	0.03415	0.50937	0.06130	0.02316	0.09105	0.00377	0.00665	0.01617	0.00586	0.00649
39	0.01440	0.03603	0.68231	0.02074	0.03111	0.01660	0.05605	0.02256	0.01511	0.02256	0.01285	0.01522	0.00910	0.00673	0.00684	0.00226	0.01059	0.00540	0.00303	0.01048
40	0.01464	0.00931	0.00956	0.00906	0.01145	0.01006	0.00692	0.02315	0.22420	0.02755	0.02501	0.02655	0.01933	0.00872	0.00568	0.00189	0.00403	0.00707	0.54773	0.00807
41	0.01472	0.01355	0.02244	0.27749	0.34524	0.01465	0.01809	0.01853	0.01482	0.02032	0.03261	0.05007	0.01506	0.08253	0.02813	0.00295	0.00864	0.00747	0.00371	0.00896
42	0.01772	0.39740	0.29360	0.01643	0.02407	0.07618	0.04352	0.02239	0.01521	0.01925	0.01126	0.01321	0.00916	0.00644	0.00570	0.00186	0.00929	0.00460	0.00310	0.00962
43	0.00900	0.00763	0.00783	0.00771	0.01014	0.00665	0.00580	0.01184	0.05058	0.02044	0.11509	0.06531	0.62261	0.01736	0.00836	0.00239	0.00369	0.01452	0.00673	0.00633
44	0.01237	0.00618	0.00928	0.00928	0.00928	0.00618	0.00618	0.00928	0.00928	0.01237	0.01237	0.02165	0.01237	0.02474	0.02783	0.79283	0.00618	0.00618	0.00309	0.00309
45	0.04676	0.01051	0.01600	0.21066	0.14108	0.01116	0.01309	0.01635	0.01463	0.06653	0.02563	0.34412	0.02712	0.01388	0.00788	0.00254	0.00651	0.01252	0.00521	0.00781
46	0.05064	0.02210	0.11762	0.06026	0.07743	0.08328	0.06638	0.31723	0.04714	0.06497	0.01588	0.01719	0.01154	0.00773	0.00701	0.00217	0.00888	0.00623	0.00546	0.01086
47	0.00857	0.00660	0.00785	0.00885	0.01005	0.00587	0.00614	0.01004	0.01466	0.01860	0.05226	0.47747	0.30633	0.02062	0.00882	0.00270	0.00392	0.01818	0.00661	0.00587
48	0.80005	0.01377	0.01047	0.00936	0.01377	0.01597	0.00771	0.02093	0.01212	0.03195	0.00991	0.01157	0.00771	0.00661	0.00441	0.00220	0.00551	0.00386	0.00441	0.00771
49	0.00963	0.00708	0.00867	0.00857	0.00998	0.00650	0.00610	0.01194	0.01714	0.02331	0.39961	0.14058	0.17783	0.12646	0.01266	0.00305	0.00403	0.01381	0.00693	0.00611
50	0.01928	0.01559	0.06547	0.03845	0.02012	0.01261	0.01130	0.13985	0.01891	0.12211	0.01560	0.01667	0.01166	0.00652	0.00604	0.00154	0.00636	0.00517	0.00525	0.46150
51	0.01836	0.02328	0.29749	0.01778	0.07184	0.03183	0.01739	0.04012	0.03529	0.14718	0.01812	0.01909	0.03658	0.00751	0.00709	0.00201	0.02841	0.00594	0.00471	0.17000
52	0.05647	0.19663	0.15242	0.01588	0.02194	0.12229	0.01517	0.24327	0.02157	0.02831	0.01337	0.01475	0.01032	0.00748	0.00663	0.00199	0.02914	0.00521	0.02707	0.01009
53	0.01453	0.01399	0.02375	0.51326	0.15986	0.01666	0.05299	0.01897	0.01441	0.01921	0.01258	0.01845	0.00986	0.00741	0.00863	0.00240	0.07480	0.00643	0.00324	0.00857
54	0.00878	0.00713	0.00779	0.00782	0.00989	0.00614	0.00579	0.01086	0.01680	0.02106	0.19904	0.12815	0.51047	0.01771	0.00847	0.00242	0.00360	0.01507	0.00687	0.00614
55	0.00963	0.00747	0.01092	0.01218	0.04313	0.00699	0.03920	0.01152	0.01481	0.01996	0.12083	0.56695	0.06977	0.01969	0.00885	0.00273	0.00459	0.01794	0.00648	0.00634
56	0.05247	0.01264	0.01479	0.01075	0.01689	0.00990	0.00865	0.02011	0.01533	0.10744	0.01442	0.01578	0.01128	0.00577	0.00546	0.00125	0.00538	0.00456	0.00479	0.66233
57	0.01149	0.00778	0.00903	0.04261	0.01060	0.00802	0.00567	0.04498	0.01219	0.01673	0.02252	0.07398	0.02481	0.58889	0.02983	0.00588	0.00668	0.01014	0.06304	0.00512
58	0.65502	0.09812	0.01413	0.01013	0.01476	0.01765	0.00856	0.04692	0.03640	0.03065	0.01084	0.01227	0.00852	0.00673	0.00463	0.00213	0.00584	0.00409	0.00445	0.00816
59	0.02073	0.01163	0.01403	0.01215	0.01581	0.01151	0.00980	0.16431	0.04109	0.23331	0.04994	0.12003	0.07761	0.01266	0.00766	0.00239	0.00574	0.09683	0.08335	0.00944
60	0.04182	0.04215	0.06934	0.16551	0.26593	0.03815	0.14535	0.02303	0.01630	0.10207	0.01483	0.01827	0.01121	0.00677	0.00714	0.00221	0.00920	0.00655	0.00407	0.01009
61	0.01826	0.63634	0.14818	0.01352	0.02033	0.02627	0.01450	0.02152	0.01456	0.01770	0.01037	0.01202	0.00912	0.00620	0.00493	0.00164	0.00809	0.00405	0.00304	0.00937
62	0.02660	0.03394	0.02018	0.01834	0.02201	0.72116	0.01376	0.02843	0.02018	0.01743	0.01101	0.01284	0.00917	0.00734	0.00642	0.00183	0.01284	0.00459	0.00367	0.00825
63	0.01036	0.00690	0.00777	0.00777	0.00777	0.00690	0.00431	0.01036	0.01036	0.01381	0.02244	0.04660	0.02589	0.74975	0.03624	0.00690	0.00690	0.01036	0.00431	0.00431
64	0.01237	0.00618	0.00928	0.00928	0.00928	0.00618	0.00618	0.00928	0.00928	0.01237	0.01237	0.02165	0.01237	0.02474	0.02783	0.79283	0.00618	0.00618	0.00309	0.00309
65	0.01428	0.03683	0.71286	0.02030	0.03082	0.01654	0.02631	0.02255	0.01503	0.02255	0.01278	0.01503	0.00902	0.00677	0.00677	0.00226	0.01052	0.00526	0.00301	0.01052
66	0.01147	0.00820	0.01147	0.01311	0.01475	0.00820	0.01147	0.01475	0.01639	0.02131	0.03770	0.08032	0.04098	0.01967	0.00984	0.00328	0.00656	0.65741	0.00656	0.00656
67	0.76111	0.01408	0.01101	0.00972	0.01419	0.01628	0.00800	0.05421	0.01319	0.03260	0.01028	0.01185	0.00793	0.00671	0.00454	0.00220	0.00563	0.00398	0.00454	0.00793
68	0.01633	0.01282	0.01444	0.01412	0.06656	0.06362	0.00990	0.06010	0.10122	0.09090	0.14371	0.17491	0.05475	0.01213	0.00746	0.00216	0.00572	0.01045	0.00632	0.13236
69	0.02043	0.01647	0.01754	0.01487	0.01934	0.01867	0.01181	0.24635	0.44934	0.03465	0.05374	0.02462	0.02054	0.00951	0.00725	0.00232	0.00625	0.00772	0.00723	0.01135
70	0.80005	0.01377	0.01047	0.00936	0.01377	0.01597	0.00771	0.02093	0.01212	0.03195	0.00991	0.01157	0.00771	0.00661	0.00441	0.00220	0.00551	0.00386	0.00441	0.00771
71	0.01477	0.01266	0.01477	0.01055	0.01687	0.00949	0.00844	0.01793	0.01477	0.02320	0.01266	0.01477	0.01055	0.00527	0.00527	0.00105	0.00527	0.00422	0.00422	0.79328
72	0.01327	0.00664	0.00664	0.00664	0.00830	0.00664	0.00498	0.01659	0.01493	0.02655	0.02323	0.02655	0.01825	0.00830	0.00498	0.00166	0.00332	0.00664	0.78928	0.00664
73	0.80005	0.01377	0.01047	0.00936	0.01377	0.01597	0.00771	0.02093	0.01212	0.03195	0.00991	0.01157	0.00771	0.00661	0.00441	0.00220	0.00551	0.00386	0.00441	0.00771
74	0.04313	0.01270	0.01486	0.03823	0.01800	0.00997	0.00885	0.01805	0.01465	0.02333	0.01256	0.01481	0.01040	0.00539	0.00531	0.00115	0.00544	0.00429	0.00419	0.73471
75	0.01327	0.00664	0.00664	0.00664	0.00830	0.00664	0.00498	0.01659	0.01493	0.02655	0.02323	0.02655	0.01825	0.00830	0.00498	0.00166	0.00332	0.00664	0.78928	0.00664
76	0.01771	0.01530	0.01610	0.01449	0.01852	0.01771	0.01127	0.03784	0.69247	0.02979	0.02898	0.02657	0.02174	0.00966	0.00725	0.00242	0.00564	0.00805	0.00725	0.01127
77	0.01428	0.03683	0.71286	0.02030	0.03082	0.01654	0.02631	0.02255	0.01503	0.02255	0.01278	0.01503	0.00902	0.00677	0.00677	0.00226	0.01052	0.00526	0.00301	0.01052
78	0.00843	0.00717	0.00726	0.00734	0.00965	0.00600	0.00547	0.01020	0.01611	0.01919	0.07057	0.10063	0.67134	0.01824	0.00845	0.00243	0.00363	0.01528	0.00661	0.00600
79	0.01558	0.01558	0.02181	0.01869	0.01869	0.02181	0.01558	0.01714	0.01091	0.01714	0.00935	0.01558	0.00935	0.01246	0.02337	0.00312	0.73672	0.00623	0.00312	0.00779
80	0.00915	0.00726	0.00857	0.00849	0.01044	0.00668	0.00639	0.01146	0.01631	0.02111	0.22285	0.08381	0.39657	0.02340	0.13123	0.00394	0.00623	0.01341	0.00644	0.00624
81	0.01859	0.64846	0.03387	0.01219	0.01776	0.06109	0.01176	0.02095	0.01528	0.01788	0.07414	0.01537	0.01453	0.00694	0.00502	0.00161	0.00748	0.00469	0.00352	0.00887
82	0.05205	0.01435	0.01799	0.01595	0.01679	0.04964	0.01295	0.01756	0.04624	0.01855	0.01663	0.05078	0.04525	0.05054	0.07097	0.00373	0.46175	0.02683	0.00392	0.00752
83	0.01573	0.01319	0.01600	0.11503	0.04353	0.03320	0.02811	0.10895	0.18812	0.02639	0.06912	0.11303	0.07362	0.01145	0.00749	0.00233	0.00636	0.03836	0.04549	0.04450
84	0.15673	0.13347	0.02124	0.01736	0.12412	0.03901	0.04532	0.02125	0.05690	0.02382	0.01440	0.01896	0.01243	0.00706	0.00587	0.00181	0.00687	0.04437	0.00424	0.24479
85	0.15820	0.05486	0.06541	0.09480	0.02437	0.10312	0.10733	0.06919	0.08119	0.02502	0.03535	0.01801	0.01280	0.00794	0.00803	0.00225	0.07557	0.00615	0.04150	0.00889

[dist]
# distance from previous block
# <min> <max>
9	38

[block]
# block no. 4 follows, 29 sequences, length 45
# corresponding to MSA columns:
# 369-413
name=unknown_E
#
# <colnr> <probs for GDERKNQSTAVLIFYWHMCP>
#	G	D	E	R	K	N	Q	S	T	A	V	L	I	F	Y	W	H	M	C	P
0	0.00871	0.00709	0.00771	0.00784	0.00987	0.00609	0.00577	0.01069	0.01651	0.02057	0.16716	0.15347	0.51763	0.01804	0.00850	0.00244	0.00364	0.01536	0.00681	0.00609
1	0.01668	0.08574	0.07303	0.04349	0.12830	0.03766	0.06126	0.06461	0.13441	0.05367	0.13208	0.02934	0.09016	0.00966	0.00727	0.00220	0.00704	0.00835	0.00552	0.00953
2	0.01591	0.06599	0.04329	0.05267	0.04161	0.06540	0.15769	0.02016	0.03920	0.02154	0.01572	0.08503	0.01413	0.00782	0.00725	0.00186	0.03380	0.00704	0.00415	0.29972
3	0.00868	0.00620	0.00826	0.00991	0.01033	0.00578	0.00661	0.00991	0.01363	0.01818	0.03925	0.74510	0.04710	0.02231	0.00909	0.00289	0.00413	0.02024	0.00661	0.00578
4	0.04150	0.01501	0.01793	0.04863	0.02067	0.05341	0.06017	0.07427	0.01687	0.04931	0.01353	0.01563	0.01073	0.00598	0.00586	0.00143	0.00668	0.00493	0.00450	0.53296
5	0.05780	0.01759	0.05166	0.05474	0.16573	0.03627	0.22038	0.08641	0.08175	0.08383	0.01706	0.01953	0.01276	0.00717	0.00722	0.00223	0.00881	0.00702	0.05184	0.01020
6	0.01664	0.01601	0.02428	0.15865	0.21043	0.04437	0.07380	0.05827	0.01532	0.02147	0.01291	0.01794	0.01083	0.01009	0.03639	0.00277	0.21807	0.00648	0.03620	0.00908
7	0.01519	0.01500	0.02106	0.01817	0.01826	0.02088	0.01510	0.01682	0.01094	0.01709	0.01005	0.01648	0.00996	0.01543	0.07388	0.00372	0.68479	0.00633	0.00317	0.00769
8	0.00981	0.00727	0.00914	0.00867	0.01047	0.00660	0.00650	0.01291	0.01951	0.02703	0.59873	0.05570	0.17098	0.01513	0.00840	0.00227	0.00340	0.01323	0.00764	0.00660
9	0.01904	0.75404	0.03731	0.01218	0.01828	0.02818	0.01218	0.02132	0.01447	0.01675	0.00990	0.01142	0.00914	0.00609	0.00457	0.00152	0.00761	0.00381	0.00305	0.00914
10	0.01771	0.01530	0.01610	0.01449	0.01852	0.01771	0.01127	0.03784	0.69247	0.02979	0.02898	0.02657	0.02174	0.00966	0.00725	0.00242	0.00564	0.00805	0.00725	0.01127
11	0.80005	0.01377	0.01047	0.00936	0.01377	0.01597	0.00771	0.02093	0.01212	0.03195	0.00991	0.01157	0.00771	0.00661	0.00441	0.00220	0.00551	0.00386	0.00441	0.00771
12	0.01110	0.00793	0.01104	0.01268	0.01416	0.00787	0.01082	0.01410	0.01602	0.02089	0.03791	0.16971	0.04180	0.02003	0.00973	0.00323	0.00623	0.57173	0.00656	0.00645
13	0.80005	0.01377	0.01047	0.00936	0.01377	0.01597	0.00771	0.02093	0.01212	0.03195	0.00991	0.01157	0.00771	0.00661	0.00441	0.00220	0.00551	0.00386	0.00441	0.00771
14	0.00970	0.00663	0.00796	0.00861	0.00877	0.00646	0.00522	0.01018	0.01164	0.01552	0.02904	0.32108	0.03422	0.46390	0.02557	0.00533	0.00581	0.01424	0.00522	0.00489
15	0.01428	0.03683	0.71286	0.02030	0.03082	0.01654	0.02631	0.02255	0.01503	0.02255	0.01278	0.01503	0.00902	0.00677	0.00677	0.00226	0.01052	0.00526	0.00301	0.01052
16	0.01345	0.01266	0.02136	0.73264	0.04904	0.01582	0.01978	0.01819	0.01424	0.01819	0.01266	0.01898	0.00949	0.00712	0.00712	0.00237	0.00949	0.00633	0.00316	0.00791
17	0.00893	0.00638	0.00855	0.01021	0.01073	0.00600	0.00705	0.01035	0.01388	0.01846	0.03911	0.68463	0.04654	0.02207	0.00916	0.00293	0.00435	0.07820	0.00661	0.00585
18	0.01470	0.00980	0.01186	0.01067	0.01338	0.00986	0.00822	0.02208	0.18443	0.11083	0.43042	0.04219	0.04826	0.01243	0.00784	0.00226	0.00424	0.01077	0.03729	0.00848
19	0.02900	0.01355	0.01701	0.01340	0.01868	0.01302	0.01095	0.10976	0.13429	0.51979	0.02697	0.02380	0.01768	0.00892	0.00717	0.00223	0.00619	0.00722	0.00836	0.01198
20	0.01000	0.00781	0.00989	0.00977	0.01097	0.00790	0.00716	0.01210	0.01612	0.02196	0.29757	0.22341	0.17278	0.07213	0.01218	0.00287	0.07829	0.01425	0.00656	0.00628
21	0.00868	0.00620	0.00826	0.00991	0.01033	0.00578	0.00661	0.00991	0.01363	0.01818	0.03925	0.74510	0.04710	0.02231	0.00909	0.00289	0.00413	0.02024	0.00661	0.00578
22	0.01738	0.02007	0.04074	0.02933	0.03632	0.05920	0.64047	0.02314	0.01700	0.02249	0.01421	0.01883	0.01071	0.00608	0.00829	0.00237	0.01205	0.00818	0.00361	0.00952
23	0.40530	0.04611	0.04525	0.07559	0.02153	0.18215	0.06338	0.02255	0.01471	0.02524	0.01085	0.01336	0.00860	0.00696	0.00617	0.00216	0.03329	0.00473	0.00392	0.00817
24	0.01771	0.01579	0.02593	0.03757	0.57343	0.01580	0.01941	0.02272	0.05637	0.05800	0.07223	0.02143	0.01685	0.00734	0.00718	0.00215	0.00775	0.00703	0.00436	0.01094
25	0.01786	0.01689	0.02190	0.13075	0.05418	0.08748	0.12554	0.13094	0.11100	0.02569	0.02189	0.05147	0.06574	0.00907	0.00736	0.00221	0.00831	0.02596	0.00509	0.08070
26	0.02707	0.01995	0.02137	0.01638	0.02208	0.02208	0.01353	0.68159	0.03348	0.04488	0.01710	0.01710	0.01211	0.00855	0.00712	0.00214	0.00784	0.00641	0.00712	0.01211
27	0.02625	0.03259	0.02006	0.01810	0.02187	0.66347	0.01365	0.05544	0.04863	0.01906	0.01200	0.01358	0.00981	0.00748	0.00648	0.00187	0.01234	0.00480	0.00396	0.00854
28	0.01017	0.00763	0.01144	0.01144	0.01272	0.00890	0.00890	0.01272	0.01144	0.01653	0.01907	0.02797	0.01780	0.05340	0.72153	0.01144	0.01907	0.00763	0.00381	0.00636
29	0.01904	0.75404	0.03731	0.01218	0.01828	0.02818	0.01218	0.02132	0.01447	0.01675	0.00990	0.01142	0.00914	0.00609	0.00457	0.00152	0.00761	0.00381	0.00305	0.00914
30	0.01771	0.01530	0.01610	0.01449	0.01852	0.01771	0.01127	0.03784	0.69247	0.02979	0.02898	0.02657	0.02174	0.00966	0.00725	0.00242	0.00564	0.00805	0.00725	0.01127
31	0.01904	0.75404	0.03731	0.01218	0.01828	0.02818	0.01218	0.02132	0.01447	0.01675	0.00990	0.01142	0.00914	0.00609	0.00457	0.00152	0.00761	0.00381	0.00305	0.00914
32	0.01061	0.00933	0.00946	0.01057	0.01154	0.08413	0.00727	0.01197	0.01461	0.01820	0.03942	0.59776	0.10801	0.02025	0.00873	0.00273	0.00503	0.01801	0.00629	0.00608
33	0.01036	0.00690	0.00777	0.00777	0.00777	0.00690	0.00431	0.01036	0.01036	0.01381	0.02244	0.04660	0.02589	0.74975	0.03624	0.00690	0.00690	0.01036	0.00431	0.00431
34	0.01616	0.01564	0.04880	0.05716	0.09196	0.01505	0.23756	0.04823	0.14227	0.04910	0.08926	0.05732	0.04615	0.00961	0.00795	0.00240	0.00820	0.04237	0.00534	0.00949
35	0.01426	0.01211	0.01440	0.01065	0.01642	0.00943	0.00849	0.01736	0.01440	0.02247	0.01336	0.01621	0.01134	0.01054	0.08369	0.00219	0.00678	0.00459	0.00417	0.70713
36	0.00865	0.00658	0.00788	0.00889	0.00999	0.00590	0.00611	0.01004	0.01443	0.01839	0.05018	0.48215	0.27636	0.04733	0.00984	0.00287	0.00405	0.01805	0.00653	0.00581
37	0.00999	0.00694	0.00797	0.00825	0.00869	0.00674	0.00512	0.01055	0.01180	0.01541	0.03141	0.12780	0.11397	0.53554	0.02823	0.00569	0.00617	0.04993	0.00499	0.00482
38	0.06322	0.26366	0.15687	0.04674	0.20812	0.05605	0.01714	0.02150	0.01543	0.02131	0.03801	0.01613	0.01208	0.00680	0.00599	0.00194	0.00832	0.00532	0.02575	0.00965
39	0.06973	0.01286	0.01668	0.08680	0.04512	0.01285	0.01162	0.04865	0.13360	0.39536	0.07154	0.02495	0.01999	0.00896	0.00709	0.00225	0.00625	0.00738	0.00742	0.01089
40	0.00891	0.00753	0.00776	0.00775	0.01015	0.00652	0.00588	0.01146	0.03971	0.02004	0.09431	0.06690	0.63009	0.01767	0.00843	0.00243	0.00377	0.03776	0.00668	0.00624
41	0.01697	0.02114	0.12467	0.09334	0.02950	0.08684	0.22253	0.04707	0.01559	0.02100	0.01299	0.01858	0.01075	0.00868	0.01211	0.00254	0.21823	0.02495	0.00356	0.00893
