[name]
unknown

[dist]
# distance from previous block
# <min> <max>
0	41

[block]
# block no. 0 follows, 33 sequences, length 22
# corresponding to MSA columns:
# 43-64
name=unknown_A
#
# <colnr> <probs for GDERKNQSTAVLIFYWHMCP>
#	G	D	E	R	K	N	Q	S	T	A	V	L	I	F	Y	W	H	M	C	P
0	0.00981	0.00715	0.00960	0.01092	0.01233	0.00694	0.00912	0.01234	0.01470	0.01896	0.03917	0.19072	0.12661	0.01841	0.00881	0.00287	0.00533	0.48426	0.00608	0.00588
1	0.01443	0.10342	0.56243	0.01884	0.02756	0.05278	0.08979	0.02103	0.01425	0.02012	0.01163	0.01386	0.00852	0.00615	0.00619	0.00201	0.00971	0.00499	0.00287	0.00942
2	0.03433	0.01244	0.01494	0.01322	0.03288	0.04276	0.05433	0.12421	0.16631	0.07123	0.05674	0.04571	0.06283	0.07091	0.12625	0.02268	0.00803	0.00785	0.02415	0.00820
3	0.00838	0.00600	0.00751	0.00848	0.00902	0.00562	0.00558	0.00945	0.01254	0.01658	0.07190	0.51314	0.10684	0.17105	0.01338	0.00335	0.00425	0.01604	0.00574	0.00514
4	0.00947	0.00680	0.00932	0.00932	0.01006	0.00754	0.00665	0.01095	0.01021	0.01435	0.01879	0.03226	0.01923	0.31649	0.47923	0.00902	0.01346	0.00799	0.00370	0.00518
5	0.04980	0.01731	0.05422	0.15187	0.05438	0.11276	0.01342	0.13349	0.19976	0.11921	0.01789	0.01848	0.01304	0.00757	0.00642	0.00206	0.00747	0.00603	0.00529	0.00954
6	0.00962	0.00685	0.00848	0.00895	0.01013	0.00651	0.00630	0.04420	0.01437	0.03615	0.10646	0.43921	0.15695	0.06591	0.04506	0.00310	0.00470	0.01517	0.00604	0.00584
7	0.01365	0.01170	0.01365	0.00975	0.01560	0.00878	0.00780	0.01658	0.01365	0.02145	0.01170	0.01365	0.00975	0.00488	0.00488	0.00098	0.00488	0.00390	0.00390	0.80888
8	0.00949	0.00639	0.00741	0.00749	0.00758	0.00645	0.00436	0.00969	0.00978	0.01312	0.02131	0.07718	0.02442	0.68730	0.07651	0.00646	0.00696	0.00986	0.00406	0.00417
9	0.01149	0.00959	0.01311	0.01208	0.01370	0.01072	0.04480	0.05491	0.05790	0.01905	0.04610	0.17917	0.11301	0.05867	0.16257	0.00437	0.12815	0.04908	0.00491	0.00663
10	0.00922	0.00659	0.00783	0.00785	0.00920	0.00598	0.00552	0.01095	0.01479	0.03903	0.25245	0.18157	0.25032	0.15424	0.01258	0.00302	0.00397	0.01317	0.00613	0.00559
11	0.00815	0.00578	0.00760	0.00900	0.00935	0.00543	0.00594	0.00920	0.01235	0.01647	0.03500	0.70450	0.04191	0.08268	0.01049	0.00298	0.00403	0.01796	0.00594	0.00523
12	0.01300	0.09969	0.50255	0.01646	0.02414	0.01469	0.04797	0.01918	0.01480	0.02138	0.14444	0.02032	0.01845	0.00751	0.00640	0.00202	0.00829	0.00617	0.00364	0.00891
13	0.01063	0.00852	0.01022	0.00861	0.01181	0.00703	0.00661	0.01337	0.01600	0.02286	0.33202	0.06514	0.14569	0.01106	0.00672	0.00171	0.00382	0.00951	0.00579	0.30289
14	0.01365	0.01170	0.01365	0.00975	0.01560	0.00878	0.00780	0.01658	0.01365	0.02145	0.01170	0.01365	0.00975	0.00488	0.00488	0.00098	0.00488	0.00390	0.00390	0.80888
15	0.02363	0.02981	0.01840	0.01672	0.01991	0.68726	0.01261	0.02534	0.01803	0.01607	0.01041	0.01251	0.00880	0.00861	0.03507	0.00208	0.03942	0.00440	0.00338	0.00755
16	0.00827	0.00626	0.00769	0.00864	0.00977	0.00568	0.00622	0.00987	0.01391	0.01787	0.07889	0.43892	0.25840	0.01879	0.00825	0.00254	0.00386	0.08448	0.00616	0.00553
17	0.01580	0.01514	0.02583	0.13120	0.64062	0.01551	0.01996	0.01977	0.01476	0.02091	0.01230	0.01645	0.01022	0.00596	0.00653	0.00199	0.00794	0.00586	0.00322	0.01003
18	0.00808	0.00617	0.00742	0.00819	0.00935	0.00552	0.00573	0.00962	0.01411	0.01820	0.12211	0.43803	0.28688	0.01844	0.00811	0.00245	0.00357	0.01626	0.00624	0.00552
19	0.01523	0.01455	0.02480	0.23706	0.53925	0.01536	0.01967	0.01927	0.01449	0.02021	0.01219	0.01664	0.00997	0.00606	0.00654	0.00202	0.00808	0.00586	0.00317	0.00957
20	0.01345	0.01260	0.02097	0.42393	0.28583	0.01413	0.01760	0.01731	0.01372	0.01834	0.01504	0.02060	0.04446	0.04578	0.00799	0.00232	0.00805	0.00643	0.00325	0.00817
21	0.01297	0.01136	0.01505	0.01120	0.01623	0.00905	0.07626	0.01579	0.01353	0.02037	0.01613	0.06486	0.04006	0.06071	0.00753	0.00164	0.00547	0.00599	0.00407	0.59174

[dist]
# distance from previous block
# <min> <max>
0	2

[block]
# block no. 1 follows, 33 sequences, length 39
# corresponding to MSA columns:
# 73-111
name=unknown_B
#
# <colnr> <probs for GDERKNQSTAVLIFYWHMCP>
#	G	D	E	R	K	N	Q	S	T	A	V	L	I	F	Y	W	H	M	C	P
0	0.00871	0.00619	0.00755	0.00810	0.00871	0.00585	0.00528	0.00980	0.01266	0.01687	0.13120	0.34336	0.10956	0.27624	0.01688	0.00382	0.00455	0.01412	0.00554	0.00502
1	0.01433	0.01283	0.02109	0.03925	0.08400	0.01239	0.18159	0.01787	0.01508	0.05757	0.15846	0.02283	0.02077	0.00790	0.00847	0.00191	0.09667	0.00709	0.00445	0.21544
2	0.01556	0.01421	0.02616	0.02651	0.25278	0.01366	0.26115	0.02004	0.03829	0.07245	0.01850	0.10820	0.01676	0.00857	0.00733	0.00220	0.00808	0.05546	0.00430	0.02979
3	0.01365	0.01170	0.01365	0.00975	0.01560	0.00878	0.00780	0.01658	0.01365	0.02145	0.01170	0.01365	0.00975	0.00488	0.00488	0.00098	0.00488	0.00390	0.00390	0.80888
4	0.02503	0.01844	0.01976	0.01515	0.02042	0.02042	0.01251	0.70562	0.03095	0.04149	0.01581	0.01581	0.01120	0.00790	0.00659	0.00198	0.00724	0.00593	0.00659	0.01120
5	0.02523	0.01228	0.01549	0.01171	0.01700	0.01088	0.00961	0.11747	0.01923	0.47469	0.02129	0.01949	0.01409	0.00735	0.00621	0.00178	0.00565	0.00589	0.00695	0.19772
6	0.01133	0.00862	0.01261	0.01573	0.11532	0.00862	0.01138	0.01421	0.01462	0.01933	0.03036	0.06313	0.03269	0.08451	0.01094	0.00318	0.00634	0.52511	0.00547	0.00650
7	0.01442	0.00994	0.01153	0.01036	0.01300	0.01031	0.00785	0.02261	0.26921	0.11568	0.26513	0.03687	0.07141	0.09995	0.01025	0.00264	0.00458	0.00944	0.00672	0.00808
8	0.01046	0.00792	0.00991	0.00992	0.01180	0.00785	0.00794	0.01538	0.10572	0.02378	0.37169	0.05477	0.10973	0.01458	0.00802	0.00239	0.00427	0.21050	0.00672	0.00664
9	0.00955	0.00649	0.00775	0.00775	0.00795	0.00669	0.00470	0.00994	0.00974	0.01319	0.02022	0.04020	0.02268	0.64816	0.15228	0.00709	0.00827	0.00915	0.00391	0.00431
10	0.02311	0.01558	0.01709	0.01337	0.01782	0.01683	0.01080	0.51220	0.02621	0.11708	0.01784	0.02017	0.01355	0.09607	0.00961	0.00247	0.00674	0.00644	0.04692	0.01011
11	0.00908	0.00640	0.00779	0.00824	0.00926	0.00600	0.00583	0.01054	0.01360	0.01821	0.14847	0.23619	0.17460	0.16396	0.01365	0.03547	0.00436	0.07684	0.04622	0.00527
12	0.00893	0.00671	0.00826	0.00788	0.00960	0.00605	0.00591	0.01167	0.01772	0.02423	0.55846	0.05275	0.22911	0.01427	0.00777	0.00211	0.00316	0.01241	0.00696	0.00605
13	0.00802	0.00573	0.00764	0.00917	0.00955	0.00535	0.00611	0.00917	0.01260	0.01681	0.03628	0.76434	0.04354	0.02062	0.00840	0.00267	0.00382	0.01872	0.00611	0.00535
14	0.01040	0.00718	0.00883	0.00933	0.01040	0.00708	0.00641	0.01359	0.09435	0.05387	0.07809	0.45522	0.05744	0.14126	0.01219	0.00315	0.00443	0.01471	0.00601	0.00607
15	0.02503	0.01844	0.01976	0.01515	0.02042	0.02042	0.01251	0.70562	0.03095	0.04149	0.01581	0.01581	0.01120	0.00790	0.00659	0.00198	0.00724	0.00593	0.00659	0.01120
16	0.00940	0.00705	0.01058	0.01058	0.01176	0.00823	0.00823	0.01176	0.01058	0.01528	0.01763	0.02586	0.01646	0.04937	0.74255	0.01058	0.01763	0.00705	0.00353	0.00588
17	0.00957	0.00638	0.00718	0.00718	0.00718	0.00638	0.00399	0.00957	0.00957	0.01276	0.02074	0.04308	0.02393	0.76864	0.03351	0.00638	0.00638	0.00957	0.00399	0.00399
18	0.00802	0.00573	0.00764	0.00917	0.00955	0.00535	0.00611	0.00917	0.01260	0.01681	0.03628	0.76434	0.04354	0.02062	0.00840	0.00267	0.00382	0.01872	0.00611	0.00535
19	0.00940	0.00678	0.00892	0.00853	0.01008	0.00630	0.00650	0.01250	0.01841	0.02596	0.67886	0.05082	0.06053	0.01377	0.00785	0.00213	0.00330	0.05597	0.00717	0.00620
20	0.01560	0.01296	0.01359	0.01232	0.01574	0.01482	0.00956	0.03183	0.61026	0.02686	0.02755	0.02589	0.04395	0.00905	0.00649	0.00215	0.00490	0.00751	0.09921	0.00976
21	0.72411	0.01255	0.01032	0.00901	0.01320	0.01418	0.00742	0.02083	0.01209	0.11095	0.01111	0.01205	0.00819	0.00635	0.00437	0.00204	0.00515	0.00392	0.00455	0.00760
22	0.81514	0.01273	0.00968	0.00866	0.01273	0.01477	0.00713	0.01935	0.01120	0.02954	0.00917	0.01069	0.00713	0.00611	0.00407	0.00204	0.00509	0.00356	0.00407	0.00713
23	0.00778	0.00667	0.00667	0.00667	0.00889	0.00556	0.00500	0.00945	0.01501	0.01778	0.06669	0.06336	0.72490	0.01667	0.00778	0.00222	0.00333	0.01389	0.00611	0.00556
24	0.00778	0.00667	0.00667	0.00667	0.00889	0.00556	0.00500	0.00945	0.01501	0.01778	0.06669	0.06336	0.72490	0.01667	0.00778	0.00222	0.00333	0.01389	0.00611	0.00556
25	0.00940	0.00705	0.01058	0.01058	0.01176	0.00823	0.00823	0.01176	0.01058	0.01528	0.01763	0.02586	0.01646	0.04937	0.74255	0.01058	0.01763	0.00705	0.00353	0.00588
26	0.01760	0.77260	0.03450	0.01126	0.01690	0.02605	0.01126	0.01971	0.01338	0.01549	0.00915	0.01056	0.00845	0.00563	0.00422	0.00141	0.00704	0.00352	0.00282	0.00845
27	0.00914	0.00672	0.00855	0.00810	0.00973	0.00614	0.00607	0.01208	0.01821	0.02540	0.64792	0.05082	0.13892	0.01383	0.00777	0.00209	0.00313	0.01214	0.00712	0.00614
28	0.00778	0.00667	0.00667	0.00667	0.00889	0.00556	0.00500	0.00945	0.01501	0.01778	0.06669	0.06336	0.72490	0.01667	0.00778	0.00222	0.00333	0.01389	0.00611	0.00556
29	0.00907	0.00666	0.00850	0.00817	0.00972	0.00609	0.00608	0.01189	0.01785	0.02485	0.60906	0.09763	0.13136	0.01427	0.00781	0.00213	0.00318	0.01256	0.00705	0.00609
30	0.01320	0.03405	0.73453	0.01876	0.02849	0.01529	0.02432	0.02085	0.01390	0.02085	0.01181	0.01390	0.00834	0.00625	0.00625	0.00208	0.00973	0.00486	0.00278	0.00973
31	0.01365	0.01170	0.01365	0.00975	0.01560	0.00878	0.00780	0.01658	0.01365	0.02145	0.01170	0.01365	0.00975	0.00488	0.00488	0.00098	0.00488	0.00390	0.00390	0.80888
32	0.01365	0.01170	0.01365	0.00975	0.01560	0.00878	0.00780	0.01658	0.01365	0.02145	0.01170	0.01365	0.00975	0.00488	0.00488	0.00098	0.00488	0.00390	0.00390	0.80888
33	0.05501	0.01822	0.01937	0.01490	0.02012	0.02020	0.01231	0.67958	0.03020	0.04104	0.01555	0.01561	0.01104	0.00783	0.00649	0.00198	0.00716	0.00584	0.00649	0.01104
34	0.00909	0.00668	0.00851	0.00813	0.00971	0.00610	0.00607	0.01195	0.01797	0.02502	0.62035	0.07949	0.13817	0.01412	0.00779	0.00211	0.00316	0.01241	0.00707	0.00610
35	0.81514	0.01273	0.00968	0.00866	0.01273	0.01477	0.00713	0.01935	0.01120	0.02954	0.00917	0.01069	0.00713	0.00611	0.00407	0.00204	0.00509	0.00356	0.00407	0.00713
36	0.02603	0.01683	0.01876	0.01438	0.01961	0.01802	0.01188	0.55560	0.02826	0.19532	0.01807	0.01728	0.01233	0.00796	0.00659	0.00199	0.00688	0.00608	0.00693	0.01120
37	0.01637	0.01414	0.01489	0.01340	0.01712	0.01637	0.01042	0.03498	0.71568	0.02754	0.02679	0.02456	0.02010	0.00893	0.00670	0.00223	0.00521	0.00744	0.00670	0.01042
38	0.01389	0.01163	0.01269	0.01157	0.01459	0.01289	0.00892	0.02716	0.47943	0.02663	0.22268	0.03376	0.07489	0.01066	0.00706	0.00219	0.00451	0.00908	0.00681	0.00896

[dist]
# distance from previous block
# <min> <max>
0	1

[block]
# block no. 2 follows, 33 sequences, length 7
# corresponding to MSA columns:
# 113-119
name=unknown_C
#
# <colnr> <probs for GDERKNQSTAVLIFYWHMCP>
#	G	D	E	R	K	N	Q	S	T	A	V	L	I	F	Y	W	H	M	C	P
0	0.01320	0.03405	0.73453	0.01876	0.02849	0.01529	0.02432	0.02085	0.01390	0.02085	0.01181	0.01390	0.00834	0.00625	0.00625	0.00208	0.00973	0.00486	0.00278	0.00973
1	0.01681	0.01842	0.01981	0.01721	0.01801	0.19098	0.01400	0.01831	0.01211	0.01591	0.00900	0.01380	0.00860	0.01040	0.01790	0.00260	0.58041	0.00540	0.00300	0.00730
2	0.81514	0.01273	0.00968	0.00866	0.01273	0.01477	0.00713	0.01935	0.01120	0.02954	0.00917	0.01069	0.00713	0.00611	0.00407	0.00204	0.00509	0.00356	0.00407	0.00713
3	0.01440	0.01440	0.02016	0.01728	0.01728	0.02016	0.01440	0.01584	0.01008	0.01584	0.00864	0.01440	0.00864	0.01152	0.02160	0.00288	0.75659	0.00576	0.00288	0.00720
4	0.02284	0.01735	0.01853	0.01470	0.01958	0.01939	0.01198	0.53613	0.20400	0.03796	0.01858	0.01802	0.01345	0.00816	0.00661	0.00204	0.00673	0.00631	0.00661	0.01100
5	0.01304	0.01232	0.02084	0.64145	0.15199	0.01479	0.01858	0.01735	0.01345	0.01755	0.01181	0.01735	0.00903	0.00647	0.00657	0.00216	0.00863	0.00585	0.00298	0.00780
6	0.01365	0.01170	0.01365	0.00975	0.01560	0.00878	0.00780	0.01658	0.01365	0.02145	0.01170	0.01365	0.00975	0.00488	0.00488	0.00098	0.00488	0.00390	0.00390	0.80888

[dist]
# distance from previous block
# <min> <max>
0	10

[block]
# block no. 3 follows, 33 sequences, length 36
# corresponding to MSA columns:
# 130-165
name=unknown_D
#
# <colnr> <probs for GDERKNQSTAVLIFYWHMCP>
#	G	D	E	R	K	N	Q	S	T	A	V	L	I	F	Y	W	H	M	C	P
0	0.00932	0.00673	0.00880	0.00828	0.00984	0.00621	0.00621	0.01242	0.01863	0.02640	0.72410	0.04918	0.06212	0.01346	0.00776	0.00207	0.00311	0.01191	0.00725	0.00621
1	0.02954	0.01120	0.01528	0.01171	0.01681	0.00968	0.00968	0.03208	0.01884	0.73213	0.02597	0.02241	0.01630	0.00815	0.00662	0.00204	0.00560	0.00662	0.00815	0.01120
2	0.00957	0.00638	0.00718	0.00718	0.00718	0.00638	0.00399	0.00957	0.00957	0.01276	0.02074	0.04308	0.02393	0.76864	0.03351	0.00638	0.00638	0.00957	0.00399	0.00399
3	0.01037	0.00741	0.01033	0.01185	0.01326	0.00737	0.01019	0.01322	0.01492	0.01943	0.03499	0.13863	0.03841	0.01841	0.00903	0.00300	0.00585	0.62127	0.00607	0.00600
4	0.01365	0.01170	0.01365	0.00975	0.01560	0.00878	0.00780	0.01658	0.01365	0.02145	0.01170	0.01365	0.00975	0.00488	0.00488	0.00098	0.00488	0.00390	0.00390	0.80888
5	0.01116	0.00986	0.01151	0.01132	0.01275	0.09289	0.00875	0.01343	0.01151	0.01538	0.01677	0.02425	0.01554	0.04446	0.65758	0.00956	0.01697	0.00673	0.00351	0.00608
6	0.01243	0.01170	0.01975	0.75282	0.04534	0.01463	0.01828	0.01682	0.01316	0.01682	0.01170	0.01755	0.00878	0.00658	0.00658	0.00219	0.00878	0.00585	0.00293	0.00731
7	0.00932	0.00673	0.00880	0.00828	0.00984	0.00621	0.00621	0.01242	0.01863	0.02640	0.72410	0.04918	0.06212	0.01346	0.00776	0.00207	0.00311	0.01191	0.00725	0.00621
8	0.02459	0.03138	0.01866	0.01696	0.02035	0.74221	0.01272	0.02629	0.01866	0.01611	0.01018	0.01187	0.00848	0.00678	0.00594	0.00170	0.01187	0.00424	0.00339	0.00763
9	0.78462	0.01267	0.00989	0.00878	0.01289	0.01457	0.00723	0.01985	0.01150	0.05683	0.00982	0.01115	0.00749	0.00619	0.00417	0.00204	0.00511	0.00368	0.00423	0.00729
10	0.01554	0.01776	0.03885	0.02775	0.03441	0.01665	0.70366	0.02109	0.01554	0.02109	0.01332	0.01776	0.00999	0.00555	0.00777	0.00222	0.01110	0.00777	0.00333	0.00888
11	0.00940	0.00705	0.01058	0.01058	0.01176	0.00823	0.00823	0.01176	0.01058	0.01528	0.01763	0.02586	0.01646	0.04937	0.74255	0.01058	0.01763	0.00705	0.00353	0.00588
12	0.00778	0.00667	0.00667	0.00667	0.00889	0.00556	0.00500	0.00945	0.01501	0.01778	0.06669	0.06336	0.72490	0.01667	0.00778	0.00222	0.00333	0.01389	0.00611	0.00556
13	0.01050	0.00750	0.01045	0.01179	0.01331	0.00746	0.01022	0.01353	0.01546	0.02029	0.09531	0.07206	0.04001	0.01777	0.00898	0.00295	0.00580	0.62438	0.00617	0.00608
14	0.01320	0.03405	0.73453	0.01876	0.02849	0.01529	0.02432	0.02085	0.01390	0.02085	0.01181	0.01390	0.00834	0.00625	0.00625	0.00208	0.00973	0.00486	0.00278	0.00973
15	0.81514	0.01273	0.00968	0.00866	0.01273	0.01477	0.00713	0.01935	0.01120	0.02954	0.00917	0.01069	0.00713	0.00611	0.00407	0.00204	0.00509	0.00356	0.00407	0.00713
16	0.00801	0.00578	0.00759	0.00903	0.00951	0.00536	0.00605	0.00918	0.01274	0.01686	0.03797	0.72547	0.08133	0.02041	0.00837	0.00265	0.00379	0.01845	0.00611	0.00536
17	0.02954	0.01120	0.01528	0.01171	0.01681	0.00968	0.00968	0.03208	0.01884	0.73213	0.02597	0.02241	0.01630	0.00815	0.00662	0.00204	0.00560	0.00662	0.00815	0.01120
18	0.02503	0.01844	0.01976	0.01515	0.02042	0.02042	0.01251	0.70562	0.03095	0.04149	0.01581	0.01581	0.01120	0.00790	0.00659	0.00198	0.00724	0.00593	0.00659	0.01120
19	0.02503	0.01844	0.01976	0.01515	0.02042	0.02042	0.01251	0.70562	0.03095	0.04149	0.01581	0.01581	0.01120	0.00790	0.00659	0.00198	0.00724	0.00593	0.00659	0.01120
20	0.00957	0.00638	0.00718	0.00718	0.00718	0.00638	0.00399	0.00957	0.00957	0.01276	0.02074	0.04308	0.02393	0.76864	0.03351	0.00638	0.00638	0.00957	0.00399	0.00399
21	0.00802	0.00573	0.00764	0.00917	0.00955	0.00535	0.00611	0.00917	0.01260	0.01681	0.03628	0.76434	0.04354	0.02062	0.00840	0.00267	0.00382	0.01872	0.00611	0.00535
22	0.00957	0.00638	0.00718	0.00718	0.00718	0.00638	0.00399	0.00957	0.00957	0.01276	0.02074	0.04308	0.02393	0.76864	0.03351	0.00638	0.00638	0.00957	0.00399	0.00399
23	0.01849	0.01499	0.01585	0.01360	0.01765	0.01707	0.01076	0.20923	0.51279	0.03107	0.02374	0.02228	0.01766	0.00862	0.00660	0.00214	0.00567	0.00700	0.03431	0.01047
24	0.00920	0.00699	0.00842	0.00908	0.01057	0.00652	0.00686	0.03995	0.01491	0.01905	0.06682	0.33102	0.28240	0.01800	0.00822	0.00253	0.00420	0.14328	0.00616	0.00583
25	0.81514	0.01273	0.00968	0.00866	0.01273	0.01477	0.00713	0.01935	0.01120	0.02954	0.00917	0.01069	0.00713	0.00611	0.00407	0.00204	0.00509	0.00356	0.00407	0.00713
26	0.81514	0.01273	0.00968	0.00866	0.01273	0.01477	0.00713	0.01935	0.01120	0.02954	0.00917	0.01069	0.00713	0.00611	0.00407	0.00204	0.00509	0.00356	0.00407	0.00713
27	0.00809	0.00587	0.00766	0.00907	0.00964	0.00544	0.00618	0.00934	0.01288	0.01698	0.03866	0.68448	0.09769	0.02022	0.00838	0.00265	0.00386	0.04139	0.00611	0.00539
28	0.81514	0.01273	0.00968	0.00866	0.01273	0.01477	0.00713	0.01935	0.01120	0.02954	0.00917	0.01069	0.00713	0.00611	0.00407	0.00204	0.00509	0.00356	0.00407	0.00713
29	0.00957	0.00638	0.00718	0.00718	0.00718	0.00638	0.00399	0.00957	0.00957	0.01276	0.02074	0.04308	0.02393	0.76864	0.03351	0.00638	0.00638	0.00957	0.00399	0.00399
30	0.00815	0.00668	0.00718	0.00705	0.00912	0.00571	0.00529	0.01016	0.01587	0.01984	0.22344	0.05998	0.56687	0.01591	0.00778	0.00219	0.00328	0.01342	0.00638	0.00571
31	0.00811	0.00664	0.00715	0.00711	0.00911	0.00568	0.00530	0.01005	0.01565	0.01951	0.20027	0.09037	0.55984	0.01618	0.00780	0.00221	0.00331	0.01369	0.00635	0.00568
32	0.00869	0.00621	0.00841	0.00993	0.01061	0.00592	0.00727	0.01032	0.01326	0.01755	0.03592	0.58580	0.04208	0.01999	0.00858	0.00277	0.00440	0.19065	0.00610	0.00553
33	0.01743	0.74397	0.06163	0.01156	0.01735	0.02563	0.01177	0.01976	0.01340	0.01570	0.00926	0.01069	0.00844	0.00566	0.00430	0.00143	0.00714	0.00357	0.00281	0.00850
34	0.03945	0.01453	0.02676	0.10548	0.02719	0.01590	0.32728	0.01789	0.01384	0.01979	0.07839	0.04776	0.01549	0.00859	0.01124	0.00239	0.20891	0.00767	0.00365	0.00781
35	0.01672	0.01294	0.01398	0.01238	0.01604	0.01435	0.00968	0.05595	0.52348	0.09263	0.05302	0.02923	0.10087	0.00984	0.00684	0.00220	0.00504	0.00819	0.00678	0.00984

[dist]
# distance from previous block
# <min> <max>
0	2

[block]
# block no. 4 follows, 33 sequences, length 41
# corresponding to MSA columns:
# 168-208
name=unknown_E
#
# <colnr> <probs for GDERKNQSTAVLIFYWHMCP>
#	G	D	E	R	K	N	Q	S	T	A	V	L	I	F	Y	W	H	M	C	P
0	0.11783	0.01866	0.01654	0.01380	0.01813	0.17571	0.01099	0.26256	0.13785	0.10999	0.01850	0.01816	0.03656	0.00794	0.00621	0.00198	0.00734	0.00588	0.00577	0.00961
1	0.01393	0.07348	0.01520	0.01008	0.01557	0.01053	0.00818	0.01771	0.05749	0.02117	0.01336	0.04219	0.01156	0.00578	0.00507	0.00115	0.00503	0.00465	0.00407	0.66380
2	0.28464	0.01415	0.01410	0.01203	0.01602	0.01583	0.00975	0.28759	0.10368	0.03215	0.01804	0.08806	0.01562	0.00927	0.00609	0.00216	0.00589	0.05037	0.00568	0.00888
3	0.01637	0.01415	0.01858	0.02227	0.25352	0.01540	0.01367	0.02866	0.41921	0.04524	0.02247	0.02481	0.01786	0.00846	0.00678	0.00218	0.00614	0.04849	0.00556	0.01018
4	0.01412	0.01212	0.01386	0.01038	0.01586	0.01009	0.00825	0.01976	0.13520	0.02251	0.01431	0.01554	0.01154	0.00558	0.00519	0.00119	0.00493	0.00451	0.00438	0.67063
5	0.01728	0.01764	0.02538	0.06260	0.60730	0.11420	0.01912	0.02091	0.01542	0.02061	0.01206	0.01574	0.01010	0.00602	0.00644	0.00193	0.00840	0.00564	0.00326	0.00994
6	0.00802	0.00573	0.00764	0.00917	0.00955	0.00535	0.00611	0.00917	0.01260	0.01681	0.03628	0.76434	0.04354	0.02062	0.00840	0.00267	0.00382	0.01872	0.00611	0.00535
7	0.02409	0.03032	0.01842	0.01674	0.02015	0.69753	0.01258	0.02682	0.06156	0.01682	0.01120	0.01265	0.00919	0.00692	0.00598	0.00173	0.01146	0.00444	0.00360	0.00780
8	0.01316	0.01244	0.02106	0.61847	0.17399	0.01482	0.01865	0.01746	0.01351	0.01770	0.01183	0.01731	0.00909	0.00645	0.00657	0.00215	0.00860	0.00585	0.00299	0.00790
9	0.00807	0.00629	0.00726	0.00782	0.00918	0.00556	0.00552	0.00960	0.01417	0.01796	0.10962	0.34175	0.37137	0.04366	0.00891	0.00253	0.00361	0.01550	0.00614	0.00548
10	0.00812	0.00580	0.00775	0.00928	0.00971	0.00543	0.00628	0.00934	0.01270	0.01692	0.03623	0.73767	0.04332	0.02053	0.00843	0.00269	0.00391	0.04440	0.00611	0.00537
11	0.00800	0.00581	0.00755	0.00895	0.00949	0.00537	0.00601	0.00919	0.01281	0.01689	0.03895	0.70296	0.10321	0.02028	0.00835	0.00263	0.00378	0.01829	0.00611	0.00537
12	0.01162	0.00989	0.01021	0.00949	0.01238	0.01014	0.00730	0.04501	0.27616	0.02230	0.04995	0.04715	0.43609	0.01347	0.00733	0.00222	0.00418	0.01120	0.00635	0.00758
13	0.05592	0.01392	0.01606	0.01253	0.01722	0.01425	0.01026	0.32837	0.02326	0.31983	0.02030	0.01972	0.01392	0.02673	0.00700	0.00207	0.00611	0.00623	0.07589	0.01043
14	0.00956	0.00688	0.00920	0.00940	0.01085	0.00651	0.00740	0.01249	0.01720	0.02380	0.48098	0.11412	0.05403	0.01533	0.00818	0.00238	0.00397	0.19481	0.00683	0.00610
15	0.74063	0.01259	0.01021	0.00895	0.01312	0.01429	0.00737	0.02056	0.01193	0.09617	0.01076	0.01181	0.00800	0.00630	0.00432	0.00204	0.00514	0.00385	0.00446	0.00752
16	0.00957	0.00638	0.00718	0.00718	0.00718	0.00638	0.00399	0.00957	0.00957	0.01276	0.02074	0.04308	0.02393	0.76864	0.03351	0.00638	0.00638	0.00957	0.00399	0.00399
17	0.00783	0.00648	0.00687	0.00718	0.00903	0.00551	0.00523	0.00939	0.01451	0.01758	0.06043	0.20780	0.58451	0.01749	0.00791	0.00232	0.00343	0.01489	0.00611	0.00551
18	0.03415	0.00853	0.00895	0.00812	0.00986	0.00893	0.00584	0.13378	0.01532	0.02370	0.01993	0.02884	0.01799	0.26112	0.01456	0.00324	0.00495	0.00718	0.37870	0.00633
19	0.00819	0.00668	0.00723	0.00710	0.00914	0.00573	0.00532	0.01023	0.01596	0.02006	0.24030	0.05961	0.54987	0.01582	0.00778	0.00218	0.00327	0.01337	0.00641	0.00573
20	0.00864	0.00627	0.00771	0.00861	0.00959	0.00586	0.00598	0.01072	0.03615	0.01864	0.09952	0.51451	0.15579	0.01814	0.00794	0.00246	0.00367	0.01615	0.05798	0.00567
21	0.00925	0.00673	0.00870	0.00821	0.00979	0.00618	0.00616	0.01229	0.01847	0.02600	0.69376	0.04983	0.09270	0.01361	0.00777	0.00208	0.00312	0.01200	0.00719	0.00618
22	0.02503	0.01844	0.01976	0.01515	0.02042	0.02042	0.01251	0.70562	0.03095	0.04149	0.01581	0.01581	0.01120	0.00790	0.00659	0.00198	0.00724	0.00593	0.00659	0.01120
23	0.00951	0.00639	0.00716	0.00716	0.00724	0.00635	0.00402	0.00957	0.00976	0.01293	0.02228	0.04376	0.04740	0.74347	0.03265	0.00624	0.00628	0.00972	0.00406	0.00404
24	0.00938	0.00676	0.00740	0.00733	0.00807	0.00655	0.00456	0.01061	0.03821	0.01503	0.05608	0.04761	0.19904	0.52755	0.02523	0.00505	0.00547	0.01064	0.00473	0.00470
25	0.01887	0.01359	0.01496	0.01308	0.01706	0.01511	0.01028	0.03443	0.58380	0.16088	0.02664	0.02415	0.01938	0.00878	0.00668	0.00220	0.00528	0.00729	0.00697	0.01057
26	0.01537	0.01115	0.01163	0.01051	0.01344	0.01243	0.00816	0.08130	0.36719	0.02742	0.02368	0.02384	0.01803	0.00832	0.00581	0.00192	0.00448	0.00677	0.33983	0.00870
27	0.01144	0.00572	0.00858	0.00858	0.00858	0.00572	0.00572	0.00858	0.00858	0.01144	0.01144	0.02001	0.01144	0.02287	0.02573	0.80846	0.00572	0.00572	0.00286	0.00286
28	0.00816	0.00652	0.00730	0.00745	0.00921	0.00566	0.00546	0.01005	0.01538	0.01950	0.20497	0.18163	0.46221	0.01666	0.00788	0.00227	0.00337	0.01429	0.00636	0.00566
29	0.00957	0.00638	0.00718	0.00718	0.00718	0.00638	0.00399	0.00957	0.00957	0.01276	0.02074	0.04308	0.02393	0.76864	0.03351	0.00638	0.00638	0.00957	0.00399	0.00399
30	0.01061	0.00758	0.01061	0.01212	0.01364	0.00758	0.01061	0.01364	0.01515	0.01970	0.03486	0.07426	0.03789	0.01819	0.00909	0.00303	0.00606	0.68326	0.00606	0.00606
31	0.01283	0.01211	0.02046	0.67946	0.11559	0.01473	0.01848	0.01717	0.01335	0.01730	0.01177	0.01742	0.00895	0.00651	0.00658	0.00217	0.00868	0.00585	0.00296	0.00763
32	0.01061	0.00758	0.01061	0.01212	0.01364	0.00758	0.01061	0.01364	0.01515	0.01970	0.03486	0.07426	0.03789	0.01819	0.00909	0.00303	0.00606	0.68326	0.00606	0.00606
33	0.01629	0.01564	0.02672	0.04041	0.72757	0.01564	0.02020	0.02020	0.01499	0.02151	0.01238	0.01629	0.01043	0.00587	0.00652	0.00196	0.00782	0.00587	0.00326	0.01043
34	0.00802	0.00573	0.00764	0.00917	0.00955	0.00535	0.00611	0.00917	0.01260	0.01681	0.03628	0.76434	0.04354	0.02062	0.00840	0.00267	0.00382	0.01872	0.00611	0.00535
35	0.01365	0.01170	0.01365	0.00975	0.01560	0.00878	0.00780	0.01658	0.01365	0.02145	0.01170	0.01365	0.00975	0.00488	0.00488	0.00098	0.00488	0.00390	0.00390	0.80888
36	0.58802	0.01363	0.01197	0.01022	0.01437	0.01560	0.00839	0.17081	0.01554	0.03126	0.01118	0.01281	0.00863	0.00931	0.05246	0.00258	0.00638	0.00431	0.00459	0.00795
37	0.00932	0.00701	0.01028	0.01024	0.01149	0.00797	0.00794	0.01169	0.01132	0.01612	0.06575	0.02918	0.05361	0.04547	0.65950	0.00963	0.01600	0.00770	0.00389	0.00588
38	0.00811	0.00582	0.00756	0.00892	0.00936	0.00542	0.00592	0.00921	0.01252	0.01659	0.03675	0.68380	0.07516	0.06888	0.01000	0.00289	0.00396	0.01789	0.00597	0.00527
39	0.01498	0.01669	0.03567	0.08931	0.03404	0.01598	0.61076	0.02016	0.01505	0.02032	0.01354	0.01896	0.01056	0.04247	0.00891	0.00242	0.01067	0.00769	0.00333	0.00851
40	0.01891	0.01590	0.01596	0.01282	0.01728	0.08367	0.01014	0.27680	0.13819	0.02911	0.05059	0.01973	0.01535	0.05674	0.00791	0.00203	0.00649	0.00604	0.00549	0.21086

[dist]
# distance from previous block
# <min> <max>
0	5

# created by:
# /home/cegg/simao/soft/augustus-3.2.1/scripts/msa2prfl.pl ./align_prep/EOG090W0H63.fa
