[name]
unknown

[dist]
# distance from previous block
# <min> <max>
0	160

[block]
# block no. 0 follows, 33 sequences, length 18
# corresponding to MSA columns:
# 160-177
name=unknown_A
#
# <colnr> <probs for GDERKNQSTAVLIFYWHMCP>
#	G	D	E	R	K	N	Q	S	T	A	V	L	I	F	Y	W	H	M	C	P
0	0.04267	0.01105	0.01137	0.01003	0.01287	0.05813	0.00779	0.12042	0.05818	0.09709	0.20779	0.06847	0.13660	0.01118	0.00677	0.00201	0.00481	0.00927	0.11583	0.00767
1	0.04178	0.08476	0.03614	0.01190	0.01493	0.07040	0.04482	0.01901	0.09104	0.09540	0.04138	0.10325	0.08417	0.06947	0.11638	0.00363	0.02805	0.00842	0.02759	0.00748
2	0.19068	0.03828	0.01368	0.01094	0.01466	0.03742	0.02910	0.11774	0.10016	0.12220	0.08062	0.02234	0.04050	0.00821	0.00579	0.00195	0.00537	0.00642	0.14553	0.00844
3	0.30584	0.05762	0.03783	0.05508	0.11760	0.03500	0.01144	0.08840	0.10394	0.02650	0.03163	0.01547	0.01152	0.00672	0.00542	0.00193	0.00626	0.00503	0.00442	0.07236
4	0.01568	0.01456	0.07252	0.01410	0.07106	0.01236	0.01108	0.09788	0.14858	0.04605	0.01848	0.03796	0.03636	0.00738	0.00599	0.00166	0.00579	0.02393	0.00490	0.35368
5	0.01399	0.03295	0.69979	0.01842	0.02793	0.01502	0.02362	0.02139	0.01414	0.05520	0.01250	0.01431	0.00872	0.00635	0.00627	0.00208	0.00953	0.00495	0.00304	0.00980
6	0.01320	0.03405	0.73453	0.01876	0.02849	0.01529	0.02432	0.02085	0.01390	0.02085	0.01181	0.01390	0.00834	0.00625	0.00625	0.00208	0.00973	0.00486	0.00278	0.00973
7	0.01557	0.28106	0.28434	0.01730	0.06490	0.07642	0.06980	0.01995	0.01419	0.01838	0.01287	0.07276	0.01144	0.00715	0.00584	0.00187	0.00850	0.00574	0.00318	0.00875
8	0.01362	0.02462	0.38921	0.01994	0.02680	0.01546	0.19899	0.01946	0.01425	0.02075	0.07776	0.01824	0.01379	0.00745	0.00886	0.00223	0.10998	0.00640	0.00335	0.00884
9	0.77492	0.05105	0.01093	0.00879	0.01294	0.01534	0.00734	0.01937	0.01131	0.02883	0.00917	0.01069	0.00720	0.00609	0.00408	0.00201	0.00519	0.00356	0.00401	0.00720
10	0.00923	0.00673	0.00869	0.00820	0.00978	0.00618	0.00615	0.01226	0.01844	0.02594	0.68880	0.04994	0.09771	0.01363	0.00777	0.00208	0.00312	0.01201	0.00719	0.00618
11	0.01541	0.01474	0.02513	0.20339	0.57149	0.01541	0.01976	0.01943	0.01457	0.02044	0.01223	0.01658	0.01005	0.00603	0.00653	0.00201	0.00804	0.00586	0.00318	0.00972
12	0.00942	0.00700	0.01031	0.01031	0.01139	0.00808	0.00789	0.01158	0.01050	0.01508	0.01788	0.02725	0.01706	0.10714	0.68561	0.01024	0.01673	0.00726	0.00356	0.00573
13	0.02954	0.01120	0.01528	0.01171	0.01681	0.00968	0.00968	0.03208	0.01884	0.73213	0.02597	0.02241	0.01630	0.00815	0.00662	0.00204	0.00560	0.00662	0.00815	0.01120
14	0.02373	0.12729	0.02088	0.01598	0.01991	0.55582	0.01250	0.11213	0.01953	0.01927	0.01076	0.01220	0.00882	0.00678	0.00579	0.00169	0.01065	0.00436	0.00372	0.00819
15	0.01540	0.01531	0.02327	0.32570	0.39630	0.07305	0.01883	0.01932	0.01455	0.01919	0.01193	0.01645	0.00961	0.00623	0.00650	0.00203	0.00853	0.00573	0.00313	0.00895
16	0.01227	0.00614	0.00614	0.00614	0.00767	0.00614	0.00460	0.01534	0.01381	0.02454	0.02148	0.02454	0.01687	0.00767	0.00460	0.00153	0.00307	0.00614	0.80518	0.00614
17	0.01320	0.03405	0.73453	0.01876	0.02849	0.01529	0.02432	0.02085	0.01390	0.02085	0.01181	0.01390	0.00834	0.00625	0.00625	0.00208	0.00973	0.00486	0.00278	0.00973

[dist]
# distance from previous block
# <min> <max>
0	12

[block]
# block no. 1 follows, 33 sequences, length 36
# corresponding to MSA columns:
# 190-202,204-226
name=unknown_B
#
# <colnr> <probs for GDERKNQSTAVLIFYWHMCP>
#	G	D	E	R	K	N	Q	S	T	A	V	L	I	F	Y	W	H	M	C	P
0	0.01503	0.00838	0.01088	0.00951	0.01213	0.00778	0.00739	0.01902	0.06481	0.20970	0.49670	0.04060	0.04744	0.01178	0.00740	0.00207	0.00389	0.01024	0.00744	0.00779
1	0.01227	0.00614	0.00614	0.00614	0.00767	0.00614	0.00460	0.01534	0.01381	0.02454	0.02148	0.02454	0.01687	0.00767	0.00460	0.00153	0.00307	0.00614	0.80518	0.00614
2	0.01629	0.01564	0.02672	0.04041	0.72757	0.01564	0.02020	0.02020	0.01499	0.02151	0.01238	0.01629	0.01043	0.00587	0.00652	0.00196	0.00782	0.00587	0.00326	0.01043
3	0.00836	0.00669	0.00747	0.00727	0.00924	0.00580	0.00545	0.01056	0.01636	0.02101	0.31267	0.05805	0.47691	0.01547	0.00777	0.00217	0.00325	0.01315	0.00654	0.00580
4	0.00837	0.00600	0.00795	0.00893	0.00963	0.00558	0.00614	0.01005	0.01423	0.01939	0.22193	0.57131	0.04855	0.01869	0.00823	0.00251	0.00363	0.01688	0.00642	0.00558
5	0.02954	0.01120	0.01528	0.01171	0.01681	0.00968	0.00968	0.03208	0.01884	0.73213	0.02597	0.02241	0.01630	0.00815	0.00662	0.00204	0.00560	0.00662	0.00815	0.01120
6	0.01385	0.01147	0.01176	0.01079	0.01382	0.04051	0.00829	0.02383	0.35344	0.05973	0.09694	0.05859	0.24620	0.01195	0.00714	0.00220	0.00469	0.00999	0.00649	0.00832
7	0.01320	0.03405	0.73453	0.01876	0.02849	0.01529	0.02432	0.02085	0.01390	0.02085	0.01181	0.01390	0.00834	0.00625	0.00625	0.00208	0.00973	0.00486	0.00278	0.00973
8	0.00802	0.00573	0.00764	0.00917	0.00955	0.00535	0.00611	0.00917	0.01260	0.01681	0.03628	0.76434	0.04354	0.02062	0.00840	0.00267	0.00382	0.01872	0.00611	0.00535
9	0.01453	0.02757	0.45588	0.02183	0.03027	0.01599	0.26683	0.04948	0.01520	0.02179	0.01252	0.01536	0.00905	0.00607	0.00681	0.00213	0.01012	0.00595	0.00314	0.00949
10	0.08428	0.09254	0.08497	0.01399	0.01930	0.12872	0.03077	0.15544	0.01945	0.28147	0.01702	0.01656	0.01175	0.00724	0.00608	0.00192	0.00752	0.00545	0.00566	0.00987
11	0.01285	0.01213	0.02051	0.67519	0.11967	0.01474	0.01849	0.01719	0.01336	0.01733	0.01178	0.01741	0.00896	0.00650	0.00657	0.00217	0.00867	0.00585	0.00296	0.00765
12	0.00802	0.00573	0.00764	0.00917	0.00955	0.00535	0.00611	0.00917	0.01260	0.01681	0.03628	0.76434	0.04354	0.02062	0.00840	0.00267	0.00382	0.01872	0.00611	0.00535
13	0.05504	0.17203	0.22900	0.01807	0.07156	0.05652	0.07877	0.11774	0.06576	0.02317	0.01273	0.01454	0.00985	0.00671	0.00665	0.00196	0.04157	0.00521	0.00378	0.00936
14	0.01320	0.03405	0.73453	0.01876	0.02849	0.01529	0.02432	0.02085	0.01390	0.02085	0.01181	0.01390	0.00834	0.00625	0.00625	0.00208	0.00973	0.00486	0.00278	0.00973
15	0.01637	0.01414	0.01489	0.01340	0.01712	0.01637	0.01042	0.03498	0.71568	0.02754	0.02679	0.02456	0.02010	0.00893	0.00670	0.00223	0.00521	0.00744	0.00670	0.01042
16	0.81514	0.01273	0.00968	0.00866	0.01273	0.01477	0.00713	0.01935	0.01120	0.02954	0.00917	0.01069	0.00713	0.00611	0.00407	0.00204	0.00509	0.00356	0.00407	0.00713
17	0.01603	0.01537	0.02625	0.08898	0.68105	0.01557	0.02007	0.01997	0.01487	0.02119	0.01234	0.01638	0.01032	0.00591	0.00652	0.00197	0.00789	0.00586	0.00324	0.01022
18	0.01935	0.01518	0.01628	0.01353	0.01771	0.01697	0.01082	0.32948	0.33126	0.03334	0.08379	0.02395	0.04021	0.00909	0.00677	0.00210	0.00587	0.00735	0.00668	0.01026
19	0.01670	0.01667	0.01992	0.06127	0.01969	0.10321	0.01422	0.09771	0.01370	0.01893	0.00984	0.01446	0.00893	0.01026	0.01714	0.00260	0.53805	0.00561	0.00338	0.00772
20	0.01588	0.48358	0.30845	0.01420	0.02143	0.02184	0.01637	0.02016	0.01358	0.01759	0.01019	0.01187	0.00841	0.00588	0.00502	0.00167	0.00809	0.00405	0.00280	0.00895
21	0.00932	0.00673	0.00880	0.00828	0.00984	0.00621	0.00621	0.01242	0.01863	0.02640	0.72410	0.04918	0.06212	0.01346	0.00776	0.00207	0.00311	0.01191	0.00725	0.00621
22	0.00791	0.00618	0.00718	0.00797	0.00923	0.00545	0.00558	0.00930	0.01375	0.01727	0.05081	0.42951	0.36900	0.01874	0.00811	0.00246	0.00359	0.01641	0.00611	0.00545
23	0.01329	0.03344	0.70816	0.01910	0.02872	0.01534	0.05007	0.02086	0.01396	0.02086	0.01187	0.01405	0.00840	0.00623	0.00631	0.00209	0.00978	0.00497	0.00280	0.00970
24	0.00981	0.00806	0.00876	0.00875	0.01082	0.00787	0.00649	0.01491	0.15938	0.01982	0.07570	0.18266	0.38292	0.04453	0.00869	0.00248	0.00399	0.03167	0.00620	0.00650
25	0.81514	0.01273	0.00968	0.00866	0.01273	0.01477	0.00713	0.01935	0.01120	0.02954	0.00917	0.01069	0.00713	0.00611	0.00407	0.00204	0.00509	0.00356	0.00407	0.00713
26	0.00940	0.00705	0.01058	0.01058	0.01176	0.00823	0.00823	0.01176	0.01058	0.01528	0.01763	0.02586	0.01646	0.04937	0.74255	0.01058	0.01763	0.00705	0.00353	0.00588
27	0.02492	0.01900	0.03925	0.01514	0.02045	0.04767	0.01270	0.62524	0.02937	0.07596	0.01601	0.01594	0.01128	0.00783	0.00655	0.00197	0.00741	0.00587	0.00644	0.01102
28	0.00867	0.00631	0.00801	0.00837	0.00944	0.00582	0.00589	0.01066	0.01529	0.02084	0.34066	0.32530	0.12225	0.06971	0.00982	0.00262	0.00364	0.01457	0.00646	0.00565
29	0.01743	0.74451	0.06113	0.01155	0.01734	0.02564	0.01176	0.01976	0.01340	0.01569	0.00925	0.01069	0.00844	0.00566	0.00430	0.00143	0.00714	0.00357	0.00281	0.00850
30	0.01794	0.62446	0.11149	0.01230	0.01835	0.02391	0.01272	0.05081	0.01444	0.04726	0.01045	0.01166	0.00889	0.00591	0.00466	0.00154	0.00729	0.00391	0.00320	0.00883
31	0.01097	0.04220	0.01152	0.01047	0.04126	0.00897	0.00761	0.01631	0.12106	0.02561	0.53914	0.04289	0.07198	0.01222	0.00740	0.00207	0.00380	0.01068	0.00677	0.00709
32	0.04728	0.01451	0.02346	0.06676	0.41272	0.01442	0.07007	0.05979	0.01644	0.16148	0.01684	0.01891	0.03360	0.00678	0.00659	0.00202	0.00742	0.00633	0.00450	0.01007
33	0.01434	0.01297	0.01567	0.01477	0.12521	0.04227	0.00987	0.01730	0.01404	0.02106	0.01261	0.04070	0.01100	0.00567	0.00530	0.00122	0.00560	0.00475	0.00386	0.62178
34	0.01600	0.01534	0.02619	0.09431	0.67595	0.01556	0.02006	0.01995	0.01485	0.02115	0.01233	0.01639	0.01030	0.00592	0.00652	0.00197	0.00789	0.00586	0.00323	0.01019
35	0.01562	0.01495	0.02550	0.16465	0.60859	0.01546	0.01987	0.01961	0.01467	0.02069	0.01226	0.01651	0.01014	0.00599	0.00653	0.00200	0.00799	0.00586	0.00320	0.00988

[dist]
# distance from previous block
# <min> <max>
0	2

[block]
# block no. 2 follows, 33 sequences, length 78
# corresponding to MSA columns:
# 229-306
name=unknown_C
#
# <colnr> <probs for GDERKNQSTAVLIFYWHMCP>
#	G	D	E	R	K	N	Q	S	T	A	V	L	I	F	Y	W	H	M	C	P
0	0.01583	0.01437	0.02004	0.02587	0.35258	0.01535	0.01484	0.02638	0.33668	0.02408	0.02178	0.02361	0.04376	0.00805	0.00672	0.00212	0.00640	0.02640	0.00503	0.01011
1	0.01401	0.06446	0.48327	0.02278	0.19076	0.01535	0.02149	0.02018	0.01431	0.02098	0.03983	0.01568	0.01099	0.00637	0.00623	0.00199	0.00874	0.00528	0.00310	0.03420
2	0.00940	0.00705	0.01058	0.01058	0.01176	0.00823	0.00823	0.01176	0.01058	0.01528	0.01763	0.02586	0.01646	0.04937	0.74255	0.01058	0.01763	0.00705	0.00353	0.00588
3	0.01474	0.01557	0.06419	0.27628	0.37999	0.01540	0.09988	0.01921	0.01438	0.01985	0.01223	0.01676	0.00971	0.00609	0.00667	0.00207	0.00863	0.00603	0.00313	0.00917
4	0.01595	0.01453	0.02428	0.19761	0.52102	0.01521	0.01900	0.02046	0.04040	0.04863	0.01329	0.01712	0.01064	0.00623	0.00654	0.00202	0.00785	0.00595	0.00350	0.00976
5	0.02503	0.01844	0.01976	0.01515	0.02042	0.02042	0.01251	0.70562	0.03095	0.04149	0.01581	0.01581	0.01120	0.00790	0.00659	0.00198	0.00724	0.00593	0.00659	0.01120
6	0.01320	0.03405	0.73453	0.01876	0.02849	0.01529	0.02432	0.02085	0.01390	0.02085	0.01181	0.01390	0.00834	0.00625	0.00625	0.00208	0.00973	0.00486	0.00278	0.00973
7	0.00862	0.00633	0.00816	0.00947	0.01009	0.00614	0.00642	0.01102	0.06306	0.01758	0.03560	0.71126	0.04186	0.01979	0.00828	0.00264	0.00392	0.01791	0.00615	0.00571
8	0.01243	0.01170	0.01975	0.75282	0.04534	0.01463	0.01828	0.01682	0.01316	0.01682	0.01170	0.01755	0.00878	0.00658	0.00658	0.00219	0.00878	0.00585	0.00293	0.00731
9	0.00802	0.00573	0.00764	0.00917	0.00955	0.00535	0.00611	0.00917	0.01260	0.01681	0.03628	0.76434	0.04354	0.02062	0.00840	0.00267	0.00382	0.01872	0.00611	0.00535
10	0.00853	0.00635	0.00794	0.00828	0.00954	0.00576	0.00593	0.01063	0.01570	0.02115	0.33992	0.31237	0.19027	0.01672	0.00800	0.00232	0.00341	0.01479	0.00660	0.00576
11	0.01320	0.03405	0.73453	0.01876	0.02849	0.01529	0.02432	0.02085	0.01390	0.02085	0.01181	0.01390	0.00834	0.00625	0.00625	0.00208	0.00973	0.00486	0.00278	0.00973
12	0.02448	0.01817	0.01945	0.01504	0.02021	0.02016	0.01238	0.66315	0.07432	0.04061	0.01650	0.01636	0.01176	0.00797	0.00659	0.00199	0.00712	0.00602	0.00659	0.01115
13	0.00865	0.00618	0.00836	0.00988	0.01054	0.00589	0.00720	0.01025	0.01322	0.01750	0.03594	0.59782	0.04218	0.02004	0.00857	0.00276	0.00436	0.17907	0.00610	0.00552
14	0.01413	0.19036	0.58637	0.01718	0.02604	0.01757	0.02156	0.02061	0.01379	0.01971	0.01125	0.01319	0.00836	0.00612	0.00582	0.00194	0.00916	0.00458	0.00279	0.00946
15	0.34520	0.09550	0.01654	0.01303	0.01692	0.37730	0.01031	0.02283	0.01512	0.02151	0.00967	0.01127	0.00793	0.00640	0.00501	0.00181	0.00865	0.00390	0.00361	0.00751
16	0.00894	0.00658	0.00836	0.00820	0.00967	0.00601	0.00604	0.01158	0.01732	0.02394	0.54261	0.15129	0.14526	0.01488	0.00786	0.00217	0.00324	0.01312	0.00694	0.00601
17	0.01227	0.00614	0.00614	0.00614	0.00767	0.00614	0.00460	0.01534	0.01381	0.02454	0.02148	0.02454	0.01687	0.00767	0.00460	0.00153	0.00307	0.00614	0.80518	0.00614
18	0.01554	0.26517	0.42866	0.01707	0.04358	0.03858	0.04451	0.02095	0.01410	0.03914	0.01140	0.01324	0.00872	0.00609	0.00568	0.00186	0.00882	0.00461	0.00299	0.00930
19	0.01304	0.01233	0.02085	0.63983	0.15354	0.01479	0.01859	0.01736	0.01345	0.01756	0.01181	0.01735	0.00904	0.00647	0.00657	0.00216	0.00862	0.00585	0.00298	0.00781
20	0.00830	0.00672	0.00739	0.00731	0.00932	0.00581	0.00554	0.01041	0.01600	0.02019	0.24379	0.05991	0.51974	0.01586	0.00782	0.00221	0.00337	0.03814	0.00642	0.00575
21	0.00802	0.00573	0.00764	0.00917	0.00955	0.00535	0.00611	0.00917	0.01260	0.01681	0.03628	0.76434	0.04354	0.02062	0.00840	0.00267	0.00382	0.01872	0.00611	0.00535
22	0.01506	0.06169	0.52666	0.01946	0.02804	0.04258	0.13309	0.02164	0.01458	0.05828	0.01264	0.01476	0.00904	0.00623	0.00642	0.00206	0.00970	0.00535	0.00318	0.00954
23	0.00940	0.00705	0.01058	0.01058	0.01176	0.00823	0.00823	0.01176	0.01058	0.01528	0.01763	0.02586	0.01646	0.04937	0.74255	0.01058	0.01763	0.00705	0.00353	0.00588
24	0.02459	0.03138	0.01866	0.01696	0.02035	0.74221	0.01272	0.02629	0.01866	0.01611	0.01018	0.01187	0.00848	0.00678	0.00594	0.00170	0.01187	0.00424	0.00339	0.00763
25	0.00788	0.00651	0.00691	0.00716	0.00904	0.00554	0.00524	0.00950	0.01472	0.01792	0.08474	0.18329	0.58438	0.01724	0.00789	0.00230	0.00341	0.01465	0.00615	0.00554
26	0.01440	0.01440	0.02016	0.01728	0.01728	0.02016	0.01440	0.01584	0.01008	0.01584	0.00864	0.01440	0.00864	0.01152	0.02160	0.00288	0.75659	0.00576	0.00288	0.00720
27	0.01629	0.01564	0.02672	0.04041	0.72757	0.01564	0.02020	0.02020	0.01499	0.02151	0.01238	0.01629	0.01043	0.00587	0.00652	0.00196	0.00782	0.00587	0.00326	0.01043
28	0.01320	0.03405	0.73453	0.01876	0.02849	0.01529	0.02432	0.02085	0.01390	0.02085	0.01181	0.01390	0.00834	0.00625	0.00625	0.00208	0.00973	0.00486	0.00278	0.00973
29	0.01243	0.01170	0.01975	0.75282	0.04534	0.01463	0.01828	0.01682	0.01316	0.01682	0.01170	0.01755	0.00878	0.00658	0.00658	0.00219	0.00878	0.00585	0.00293	0.00731
30	0.01815	0.01832	0.10710	0.02026	0.12660	0.01739	0.09182	0.20972	0.23972	0.02847	0.01775	0.01858	0.01332	0.00759	0.00724	0.00213	0.03394	0.00647	0.00518	0.01026
31	0.01760	0.77260	0.03450	0.01126	0.01690	0.02605	0.01126	0.01971	0.01338	0.01549	0.00915	0.01056	0.00845	0.00563	0.00422	0.00141	0.00704	0.00352	0.00282	0.00845
32	0.02503	0.01844	0.01976	0.01515	0.02042	0.02042	0.01251	0.70562	0.03095	0.04149	0.01581	0.01581	0.01120	0.00790	0.00659	0.00198	0.00724	0.00593	0.00659	0.01120
33	0.01667	0.01429	0.01505	0.01346	0.01723	0.01651	0.01049	0.05783	0.69235	0.02801	0.02642	0.02426	0.01979	0.00890	0.00669	0.00222	0.00528	0.00739	0.00669	0.01045
34	0.01243	0.01170	0.01975	0.75282	0.04534	0.01463	0.01828	0.01682	0.01316	0.01682	0.01170	0.01755	0.00878	0.00658	0.00658	0.00219	0.00878	0.00585	0.00293	0.00731
35	0.00957	0.00638	0.00718	0.00718	0.00718	0.00638	0.00399	0.00957	0.00957	0.01276	0.02074	0.04308	0.02393	0.76864	0.03351	0.00638	0.00638	0.00957	0.00399	0.00399
36	0.02860	0.03936	0.01647	0.01208	0.01721	0.01147	0.01005	0.10697	0.02000	0.62915	0.02423	0.02124	0.01544	0.00803	0.00653	0.00201	0.00584	0.00643	0.00778	0.01110
37	0.01610	0.01545	0.02638	0.07560	0.69387	0.01559	0.02011	0.02004	0.01490	0.02128	0.01235	0.01636	0.01035	0.00590	0.00652	0.00197	0.00787	0.00586	0.00324	0.01027
38	0.81514	0.01273	0.00968	0.00866	0.01273	0.01477	0.00713	0.01935	0.01120	0.02954	0.00917	0.01069	0.00713	0.00611	0.00407	0.00204	0.00509	0.00356	0.00407	0.00713
39	0.01089	0.00790	0.01082	0.01219	0.01381	0.00801	0.01060	0.01469	0.04976	0.02009	0.03446	0.07180	0.03701	0.01773	0.00897	0.00299	0.00602	0.64987	0.00609	0.00628
40	0.02503	0.01844	0.01976	0.01515	0.02042	0.02042	0.01251	0.70562	0.03095	0.04149	0.01581	0.01581	0.01120	0.00790	0.00659	0.00198	0.00724	0.00593	0.00659	0.01120
41	0.01530	0.01939	0.10855	0.02685	0.03381	0.01651	0.63559	0.02106	0.01537	0.02106	0.01317	0.01737	0.00982	0.00562	0.00762	0.00221	0.01096	0.00748	0.00327	0.00896
42	0.01637	0.01414	0.01489	0.01340	0.01712	0.01637	0.01042	0.03498	0.71568	0.02754	0.02679	0.02456	0.02010	0.00893	0.00670	0.00223	0.00521	0.00744	0.00670	0.01042
43	0.00957	0.00638	0.00718	0.00718	0.00718	0.00638	0.00399	0.00957	0.00957	0.01276	0.02074	0.04308	0.02393	0.76864	0.03351	0.00638	0.00638	0.00957	0.00399	0.00399
44	0.01561	0.01612	0.03095	0.10459	0.38043	0.01595	0.29685	0.02023	0.01503	0.02088	0.01270	0.01701	0.01009	0.00581	0.00703	0.00209	0.00924	0.00664	0.00325	0.00950
45	0.01679	0.01405	0.01490	0.01334	0.01711	0.01616	0.01040	0.03489	0.69382	0.04964	0.02677	0.02449	0.01998	0.00891	0.00670	0.00223	0.00522	0.00742	0.00674	0.01044
46	0.00802	0.00573	0.00764	0.00917	0.00955	0.00535	0.00611	0.00917	0.01260	0.01681	0.03628	0.76434	0.04354	0.02062	0.00840	0.00267	0.00382	0.01872	0.00611	0.00535
47	0.01440	0.01440	0.02016	0.01728	0.01728	0.02016	0.01440	0.01584	0.01008	0.01584	0.00864	0.01440	0.00864	0.01152	0.02160	0.00288	0.75659	0.00576	0.00288	0.00720
48	0.74196	0.04617	0.01118	0.00918	0.01329	0.05119	0.00758	0.01971	0.01166	0.02827	0.00922	0.01075	0.00725	0.00612	0.00417	0.00199	0.00551	0.00360	0.00399	0.00721
49	0.00802	0.00573	0.00764	0.00917	0.00955	0.00535	0.00611	0.00917	0.01260	0.01681	0.03628	0.76434	0.04354	0.02062	0.00840	0.00267	0.00382	0.01872	0.00611	0.00535
50	0.01003	0.00689	0.00903	0.00840	0.01008	0.00633	0.00633	0.01311	0.01864	0.05114	0.69962	0.04824	0.06051	0.01327	0.00772	0.00207	0.00319	0.01172	0.00728	0.00639
51	0.01803	0.60860	0.07882	0.01265	0.01809	0.11029	0.01242	0.02043	0.01392	0.01593	0.00943	0.01107	0.00845	0.00602	0.00517	0.00154	0.03407	0.00377	0.00288	0.00839
52	0.01613	0.01547	0.02642	0.07089	0.69838	0.01560	0.02012	0.02006	0.01491	0.02131	0.01235	0.01635	0.01036	0.00590	0.00652	0.00197	0.00786	0.00587	0.00324	0.01029
53	0.81514	0.01273	0.00968	0.00866	0.01273	0.01477	0.00713	0.01935	0.01120	0.02954	0.00917	0.01069	0.00713	0.00611	0.00407	0.00204	0.00509	0.00356	0.00407	0.00713
54	0.00924	0.00673	0.00869	0.00820	0.00979	0.00618	0.00615	0.01228	0.01846	0.02597	0.69162	0.04988	0.09486	0.01362	0.00777	0.00208	0.00312	0.01200	0.00719	0.00618
55	0.01629	0.01564	0.02672	0.04041	0.72757	0.01564	0.02020	0.02020	0.01499	0.02151	0.01238	0.01629	0.01043	0.00587	0.00652	0.00196	0.00782	0.00587	0.00326	0.01043
56	0.00932	0.00673	0.00880	0.00828	0.00984	0.00621	0.00621	0.01242	0.01863	0.02640	0.72410	0.04918	0.06212	0.01346	0.00776	0.00207	0.00311	0.01191	0.00725	0.00621
57	0.01529	0.38455	0.40231	0.01520	0.02299	0.02040	0.01813	0.02031	0.01365	0.01830	0.01055	0.01231	0.00839	0.00596	0.00529	0.00176	0.00845	0.00423	0.00280	0.00912
58	0.00802	0.00573	0.00764	0.00917	0.00955	0.00535	0.00611	0.00917	0.01260	0.01681	0.03628	0.76434	0.04354	0.02062	0.00840	0.00267	0.00382	0.01872	0.00611	0.00535
59	0.81514	0.01273	0.00968	0.00866	0.01273	0.01477	0.00713	0.01935	0.01120	0.02954	0.00917	0.01069	0.00713	0.00611	0.00407	0.00204	0.00509	0.00356	0.00407	0.00713
60	0.00789	0.00666	0.00685	0.00698	0.00909	0.00562	0.00525	0.00959	0.01491	0.01781	0.06422	0.09375	0.67058	0.01690	0.00786	0.00227	0.00346	0.03862	0.00611	0.00557
61	0.01365	0.01170	0.01365	0.00975	0.01560	0.00878	0.00780	0.01658	0.01365	0.02145	0.01170	0.01365	0.00975	0.00488	0.00488	0.00098	0.00488	0.00390	0.00390	0.80888
62	0.00943	0.00791	0.03258	0.01072	0.01205	0.00832	0.00852	0.01173	0.01107	0.01575	0.02115	0.12892	0.03952	0.04201	0.57590	0.00876	0.03702	0.00876	0.00392	0.00595
63	0.01320	0.03405	0.73453	0.01876	0.02849	0.01529	0.02432	0.02085	0.01390	0.02085	0.01181	0.01390	0.00834	0.00625	0.00625	0.00208	0.00973	0.00486	0.00278	0.00973
64	0.00802	0.00573	0.00764	0.00917	0.00955	0.00535	0.00611	0.00917	0.01260	0.01681	0.03628	0.76434	0.04354	0.02062	0.00840	0.00267	0.00382	0.01872	0.00611	0.00535
65	0.01144	0.00572	0.00858	0.00858	0.00858	0.00572	0.00572	0.00858	0.00858	0.01144	0.01144	0.02001	0.01144	0.02287	0.02573	0.80846	0.00572	0.00572	0.00286	0.00286
66	0.01760	0.77260	0.03450	0.01126	0.01690	0.02605	0.01126	0.01971	0.01338	0.01549	0.00915	0.01056	0.00845	0.00563	0.00422	0.00141	0.00704	0.00352	0.00282	0.00845
67	0.01646	0.01560	0.02622	0.06510	0.67804	0.01577	0.01986	0.04434	0.01549	0.02205	0.01248	0.01632	0.01040	0.00596	0.00652	0.00196	0.00783	0.00587	0.00336	0.01034
68	0.01365	0.01170	0.01365	0.00975	0.01560	0.00878	0.00780	0.01658	0.01365	0.02145	0.01170	0.01365	0.00975	0.00488	0.00488	0.00098	0.00488	0.00390	0.00390	0.80888
69	0.02307	0.01728	0.01871	0.01422	0.01959	0.01842	0.01170	0.58724	0.02798	0.03805	0.01510	0.01544	0.01095	0.00738	0.00629	0.00180	0.00684	0.00558	0.00612	0.14824
70	0.01769	0.00858	0.01148	0.00970	0.01272	0.00765	0.00765	0.02056	0.01872	0.31863	0.43502	0.03809	0.04314	0.01126	0.00729	0.00206	0.00414	0.00972	0.00762	0.00828
71	0.01320	0.03405	0.73453	0.01876	0.02849	0.01529	0.02432	0.02085	0.01390	0.02085	0.01181	0.01390	0.00834	0.00625	0.00625	0.00208	0.00973	0.00486	0.00278	0.00973
72	0.00819	0.00669	0.00724	0.00710	0.00914	0.00573	0.00533	0.01025	0.01598	0.02009	0.24293	0.05955	0.54722	0.01581	0.00778	0.00218	0.00327	0.01336	0.00642	0.00573
73	0.01637	0.01414	0.01489	0.01340	0.01712	0.01637	0.01042	0.03498	0.71568	0.02754	0.02679	0.02456	0.02010	0.00893	0.00670	0.00223	0.00521	0.00744	0.00670	0.01042
74	0.01829	0.04630	0.02346	0.01840	0.02225	0.21221	0.19120	0.02449	0.16073	0.04414	0.01628	0.01822	0.03180	0.00798	0.00919	0.00216	0.13375	0.00640	0.00420	0.00855
75	0.00972	0.00695	0.00959	0.01111	0.01224	0.00682	0.00907	0.01211	0.01428	0.01871	0.03534	0.30992	0.03982	0.01902	0.00886	0.00291	0.00530	0.45632	0.00608	0.00582
76	0.01629	0.01564	0.02672	0.04041	0.72757	0.01564	0.02020	0.02020	0.01499	0.02151	0.01238	0.01629	0.01043	0.00587	0.00652	0.00196	0.00782	0.00587	0.00326	0.01043
77	0.01825	0.01574	0.01560	0.01378	0.01762	0.07688	0.01081	0.10479	0.53951	0.05183	0.02446	0.02402	0.01860	0.00890	0.00669	0.00218	0.00602	0.02771	0.00644	0.01016

[dist]
# distance from previous block
# <min> <max>
0	9

[block]
# block no. 3 follows, 33 sequences, length 23
# corresponding to MSA columns:
# 316-338
name=unknown_D
#
# <colnr> <probs for GDERKNQSTAVLIFYWHMCP>
#	G	D	E	R	K	N	Q	S	T	A	V	L	I	F	Y	W	H	M	C	P
0	0.01679	0.01944	0.03544	0.02708	0.07419	0.11291	0.57087	0.02172	0.01592	0.02045	0.01285	0.01689	0.00981	0.00573	0.00745	0.00213	0.01100	0.00719	0.00333	0.00881
1	0.01396	0.00777	0.00794	0.00733	0.00936	0.00803	0.00565	0.10698	0.01608	0.02679	0.02072	0.02338	0.01612	0.00770	0.00487	0.00159	0.00362	0.00611	0.69916	0.00681
2	0.01477	0.03198	0.63964	0.01828	0.02742	0.01597	0.02276	0.11176	0.01616	0.02359	0.01234	0.01415	0.00872	0.00647	0.00630	0.00207	0.00940	0.00501	0.00329	0.00992
3	0.01870	0.17766	0.01975	0.01394	0.03756	0.14075	0.01102	0.13653	0.16569	0.05306	0.01949	0.11767	0.01749	0.00946	0.00633	0.00199	0.00701	0.03190	0.00515	0.00885
4	0.00873	0.00624	0.00844	0.00991	0.01062	0.00595	0.00728	0.01043	0.01345	0.01785	0.05702	0.56364	0.04265	0.01977	0.00856	0.00275	0.00438	0.19065	0.00613	0.00556
5	0.00804	0.00606	0.00745	0.00840	0.00938	0.00547	0.00581	0.00947	0.01370	0.01775	0.09298	0.51709	0.23651	0.01901	0.00818	0.00250	0.00363	0.01688	0.00619	0.00547
6	0.01472	0.03370	0.63949	0.01852	0.02741	0.11179	0.02278	0.02157	0.01453	0.02022	0.01160	0.01363	0.00836	0.00632	0.00621	0.00203	0.01001	0.00478	0.00286	0.00945
7	0.02024	0.07112	0.17041	0.07604	0.02425	0.26698	0.06789	0.04426	0.06193	0.11402	0.01415	0.01545	0.01045	0.00684	0.00625	0.00193	0.00942	0.00530	0.00412	0.00895
8	0.01341	0.01260	0.01371	0.01263	0.01385	0.11792	0.00974	0.04358	0.01234	0.01621	0.01498	0.02369	0.01457	0.15133	0.32753	0.00652	0.17877	0.00672	0.00357	0.00634
9	0.01308	0.03035	0.63783	0.01709	0.02573	0.01407	0.02171	0.02012	0.01389	0.02134	0.01310	0.01531	0.00947	0.00644	0.00604	0.00201	0.00884	0.00503	0.10931	0.00925
10	0.06237	0.15489	0.10318	0.01721	0.11321	0.04206	0.01374	0.22816	0.06156	0.06025	0.01597	0.01763	0.03075	0.00735	0.00600	0.00190	0.00721	0.01999	0.00477	0.03182
11	0.02069	0.37500	0.02367	0.01117	0.01603	0.01745	0.01006	0.02395	0.05314	0.26701	0.10205	0.02008	0.01826	0.00763	0.00562	0.00175	0.00597	0.00582	0.00541	0.00924
12	0.00790	0.00667	0.00683	0.00679	0.00896	0.00561	0.00510	0.00968	0.01529	0.01845	0.11736	0.06226	0.67381	0.01642	0.00778	0.00221	0.00332	0.01374	0.00620	0.00561
13	0.01453	0.03102	0.61599	0.01798	0.02681	0.01565	0.02220	0.10635	0.01590	0.02321	0.01255	0.01462	0.00902	0.00818	0.03570	0.00241	0.00973	0.00509	0.00329	0.00976
14	0.01662	0.27490	0.21819	0.04481	0.06484	0.14861	0.03842	0.02053	0.01487	0.01830	0.05366	0.01525	0.01203	0.00760	0.02371	0.00200	0.00891	0.00498	0.00324	0.00854
15	0.01144	0.00572	0.00858	0.00858	0.00858	0.00572	0.00572	0.00858	0.00858	0.01144	0.01144	0.02001	0.01144	0.02287	0.02573	0.80846	0.00572	0.00572	0.00286	0.00286
16	0.00940	0.00705	0.01058	0.01058	0.01176	0.00823	0.00823	0.01176	0.01058	0.01528	0.01763	0.02586	0.01646	0.04937	0.74255	0.01058	0.01763	0.00705	0.00353	0.00588
17	0.01100	0.00851	0.00963	0.00931	0.00973	0.05101	0.00627	0.01133	0.01022	0.01351	0.01758	0.03329	0.01908	0.44950	0.16127	0.09661	0.06575	0.00807	0.00366	0.00467
18	0.01964	0.06499	0.04189	0.02026	0.12720	0.37451	0.05346	0.02287	0.05103	0.01790	0.01292	0.05898	0.01156	0.00793	0.00786	0.00197	0.08741	0.00585	0.00359	0.00819
19	0.01501	0.01486	0.04751	0.01897	0.11770	0.03698	0.01393	0.08256	0.01336	0.01919	0.01315	0.07414	0.01298	0.06156	0.03359	0.00299	0.40312	0.00699	0.00364	0.00777
20	0.01534	0.01799	0.06273	0.02634	0.03306	0.01613	0.63705	0.02081	0.01537	0.02110	0.01317	0.01737	0.00991	0.00553	0.00754	0.00214	0.01067	0.00743	0.00334	0.05698
21	0.40754	0.15245	0.16252	0.01276	0.01841	0.04740	0.05429	0.02048	0.01293	0.04453	0.01048	0.01214	0.00810	0.00611	0.00492	0.00193	0.00704	0.00419	0.00363	0.00813
22	0.03506	0.08430	0.18856	0.02486	0.25951	0.05794	0.09815	0.06155	0.01593	0.02197	0.04875	0.01858	0.04210	0.00690	0.00644	0.00197	0.00830	0.00614	0.00366	0.00932

[dist]
# distance from previous block
# <min> <max>
0	1

[block]
# block no. 4 follows, 33 sequences, length 15
# corresponding to MSA columns:
# 341-355
name=unknown_E
#
# <colnr> <probs for GDERKNQSTAVLIFYWHMCP>
#	G	D	E	R	K	N	Q	S	T	A	V	L	I	F	Y	W	H	M	C	P
0	0.03636	0.01247	0.06302	0.01867	0.21177	0.01100	0.02838	0.04552	0.05297	0.02310	0.19346	0.05597	0.17134	0.01057	0.00702	0.00206	0.00552	0.00926	0.00521	0.03633
1	0.05326	0.12363	0.01862	0.01206	0.01739	0.01598	0.01009	0.24046	0.08265	0.05640	0.01448	0.01511	0.01111	0.00651	0.00553	0.00156	0.00602	0.00491	0.00504	0.29920
2	0.00802	0.00573	0.00764	0.00917	0.00955	0.00535	0.00611	0.00917	0.01260	0.01681	0.03628	0.76434	0.04354	0.02062	0.00840	0.00267	0.00382	0.01872	0.00611	0.00535
3	0.04099	0.01238	0.03722	0.02014	0.21351	0.01175	0.09033	0.01802	0.10800	0.02104	0.03357	0.07091	0.23777	0.01099	0.00721	0.00220	0.00612	0.04482	0.00492	0.00812
4	0.01609	0.13385	0.06444	0.09593	0.19012	0.01666	0.07546	0.05141	0.10358	0.05504	0.01720	0.05739	0.03503	0.00792	0.00730	0.00206	0.05050	0.00676	0.00417	0.00909
5	0.01086	0.00901	0.01266	0.01184	0.01246	0.01127	0.00918	0.01250	0.01025	0.01496	0.01567	0.02588	0.01566	0.17536	0.40302	0.00760	0.22535	0.00717	0.00343	0.00589
6	0.00802	0.00573	0.00764	0.00917	0.00955	0.00535	0.00611	0.00917	0.01260	0.01681	0.03628	0.76434	0.04354	0.02062	0.00840	0.00267	0.00382	0.01872	0.00611	0.00535
7	0.01227	0.00614	0.00614	0.00614	0.00767	0.00614	0.00460	0.01534	0.01381	0.02454	0.02148	0.02454	0.01687	0.00767	0.00460	0.00153	0.00307	0.00614	0.80518	0.00614
8	0.01994	0.01914	0.18282	0.05998	0.06065	0.01566	0.01497	0.21688	0.14217	0.15242	0.01868	0.03705	0.01362	0.00788	0.00658	0.00209	0.00721	0.00638	0.00559	0.01030
9	0.01615	0.36942	0.27353	0.01808	0.10149	0.05110	0.04736	0.02050	0.01406	0.01828	0.01066	0.01272	0.00870	0.00592	0.00541	0.00175	0.00843	0.00446	0.00290	0.00909
10	0.01370	0.01366	0.01944	0.37797	0.05194	0.07228	0.06656	0.01814	0.06109	0.01787	0.01708	0.07295	0.05099	0.00887	0.00882	0.00228	0.10788	0.00732	0.00365	0.00751
11	0.01829	0.00872	0.01171	0.00989	0.01293	0.00786	0.00777	0.02099	0.01796	0.33792	0.35069	0.03583	0.03794	0.04077	0.04809	0.00268	0.00512	0.00922	0.00732	0.00832
12	0.00887	0.00636	0.00824	0.00946	0.01009	0.00610	0.00643	0.04383	0.01352	0.01803	0.03527	0.72709	0.04193	0.01999	0.00831	0.00264	0.00399	0.01808	0.00613	0.00564
13	0.01721	0.03679	0.05146	0.12053	0.40182	0.01514	0.01724	0.06630	0.01582	0.09773	0.01496	0.05594	0.01242	0.00736	0.00721	0.00206	0.03975	0.00651	0.00407	0.00968
14	0.21786	0.10314	0.08549	0.03878	0.10443	0.21199	0.04603	0.02188	0.01493	0.05815	0.01295	0.01470	0.03038	0.00663	0.00558	0.00189	0.00826	0.00488	0.00374	0.00830

[dist]
# distance from previous block
# <min> <max>
0	2

[block]
# block no. 5 follows, 33 sequences, length 19
# corresponding to MSA columns:
# 358-376
name=unknown_F
#
# <colnr> <probs for GDERKNQSTAVLIFYWHMCP>
#	G	D	E	R	K	N	Q	S	T	A	V	L	I	F	Y	W	H	M	C	P
0	0.04657	0.47157	0.16130	0.01344	0.01954	0.08853	0.01380	0.08285	0.01548	0.01941	0.01035	0.01178	0.00863	0.00608	0.00497	0.00163	0.00793	0.00406	0.00325	0.00882
1	0.03428	0.35627	0.02540	0.09935	0.04623	0.04207	0.01229	0.09870	0.03881	0.07053	0.01376	0.01534	0.02956	0.00701	0.00644	0.00178	0.05730	0.00497	0.00396	0.03597
2	0.02108	0.04891	0.07786	0.02238	0.19014	0.05292	0.08090	0.32899	0.02245	0.06852	0.01447	0.01592	0.01072	0.00694	0.00653	0.00197	0.00806	0.00587	0.00498	0.01040
3	0.01227	0.00614	0.00614	0.00614	0.00767	0.00614	0.00460	0.01534	0.01381	0.02454	0.02148	0.02454	0.01687	0.00767	0.00460	0.00153	0.00307	0.00614	0.80518	0.00614
4	0.00802	0.00573	0.00764	0.00917	0.00955	0.00535	0.00611	0.00917	0.01260	0.01681	0.03628	0.76434	0.04354	0.02062	0.00840	0.00267	0.00382	0.01872	0.00611	0.00535
5	0.01421	0.07900	0.02002	0.05569	0.20391	0.04923	0.05120	0.05422	0.01412	0.01896	0.01714	0.05571	0.04619	0.04168	0.19577	0.00436	0.05991	0.00706	0.00373	0.00790
6	0.01320	0.03405	0.73453	0.01876	0.02849	0.01529	0.02432	0.02085	0.01390	0.02085	0.01181	0.01390	0.00834	0.00625	0.00625	0.00208	0.00973	0.00486	0.00278	0.00973
7	0.01668	0.05129	0.09481	0.06262	0.27696	0.01486	0.09451	0.02293	0.11336	0.10003	0.07136	0.02041	0.01602	0.00717	0.00666	0.00204	0.00742	0.00665	0.00451	0.00968
8	0.14292	0.06574	0.03142	0.00926	0.01123	0.00931	0.00712	0.01327	0.03547	0.02020	0.11695	0.35331	0.06505	0.07821	0.00926	0.00266	0.00459	0.01244	0.00542	0.00617
9	0.04218	0.15972	0.12899	0.01912	0.15480	0.06299	0.03956	0.04432	0.05621	0.04276	0.01257	0.01458	0.01008	0.00636	0.00644	0.00177	0.04356	0.00495	0.00370	0.14534
10	0.14854	0.04301	0.11621	0.01317	0.01810	0.06697	0.03222	0.09797	0.13563	0.07154	0.06249	0.05244	0.01629	0.00797	0.00604	0.00195	0.00656	0.00631	0.00505	0.09155
11	0.11554	0.09180	0.11436	0.01914	0.16305	0.04971	0.05303	0.03685	0.04783	0.10932	0.04164	0.04095	0.01482	0.00771	0.00620	0.00200	0.00717	0.04075	0.00449	0.03363
12	0.03566	0.06302	0.12585	0.05354	0.17891	0.01509	0.03844	0.12280	0.01719	0.11717	0.04123	0.05572	0.01419	0.00778	0.00710	0.00201	0.04153	0.00647	0.00462	0.05169
13	0.16664	0.07055	0.08037	0.01948	0.17193	0.06385	0.06154	0.09028	0.03693	0.06080	0.02948	0.03454	0.01196	0.00685	0.00590	0.00190	0.00723	0.00562	0.00425	0.06991
14	0.04076	0.05392	0.12897	0.07488	0.27741	0.04955	0.03718	0.03635	0.01573	0.08853	0.08286	0.01906	0.01529	0.00696	0.00637	0.00194	0.00753	0.00608	0.00413	0.04649
15	0.01573	0.09977	0.05854	0.04757	0.28813	0.08325	0.03458	0.04414	0.03601	0.02013	0.01771	0.05589	0.06311	0.04426	0.00761	0.00210	0.00746	0.00674	0.00383	0.06344
16	0.06798	0.04496	0.10954	0.04719	0.26464	0.04964	0.03587	0.05295	0.06577	0.08088	0.03267	0.01939	0.04876	0.00716	0.00630	0.00196	0.00731	0.00612	0.00430	0.04661
17	0.09911	0.01714	0.11243	0.05137	0.31165	0.03401	0.05362	0.04554	0.04739	0.04242	0.04744	0.01845	0.03006	0.00681	0.00629	0.00197	0.00740	0.00601	0.00398	0.05693
18	0.04644	0.09593	0.08068	0.06593	0.26095	0.06338	0.04763	0.08464	0.06635	0.06494	0.01386	0.01593	0.01077	0.00646	0.00614	0.00190	0.00774	0.00550	0.00407	0.05077

[dist]
# distance from previous block
# <min> <max>
2	37

# created by:
# /home/cegg/simao/soft/augustus-3.2.1/scripts/msa2prfl.pl ./align_prep/EOG090W0GBR.fa
