[name]
unknown

[dist]
# distance from previous block
# <min> <max>
0	25

[block]
# block no. 0 follows, 37 sequences, length 108
# corresponding to MSA columns:
# 27-134
name=unknown_A
#
# <colnr> <probs for GDERKNQSTAVLIFYWHMCP>
#	G	D	E	R	K	N	Q	S	T	A	V	L	I	F	Y	W	H	M	C	P
0	0.01018	0.00636	0.00814	0.00841	0.00986	0.00575	0.00617	0.01190	0.01388	0.10648	0.15015	0.39098	0.17288	0.01588	0.00745	0.00227	0.00369	0.05764	0.00608	0.00584
1	0.06375	0.03155	0.04705	0.01539	0.12953	0.03441	0.01068	0.12727	0.21625	0.02328	0.02232	0.12862	0.06670	0.04673	0.00744	0.00219	0.00566	0.00796	0.00500	0.00821
2	0.03708	0.01338	0.06009	0.01246	0.01666	0.01265	0.04446	0.18889	0.14998	0.23675	0.06991	0.05954	0.01827	0.04235	0.00739	0.00213	0.00576	0.00706	0.00606	0.00913
3	0.00995	0.00654	0.00859	0.00792	0.00959	0.00600	0.00600	0.01280	0.01734	0.07431	0.69418	0.04402	0.05484	0.01218	0.00715	0.00192	0.00305	0.01073	0.00680	0.00609
4	0.00768	0.00576	0.00703	0.00767	0.00867	0.00521	0.00534	0.00915	0.01320	0.01730	0.16785	0.42253	0.23209	0.05052	0.00857	0.00242	0.00342	0.01469	0.00579	0.00511
5	0.10404	0.01603	0.14117	0.02966	0.08831	0.01353	0.04627	0.15659	0.06020	0.09420	0.04811	0.01687	0.01265	0.00879	0.04629	0.00226	0.02267	0.00547	0.00450	0.08239
6	0.01477	0.01412	0.02392	0.11486	0.65597	0.01446	0.01840	0.01875	0.02943	0.01966	0.01174	0.01544	0.00973	0.00559	0.00607	0.00185	0.00731	0.00548	0.00307	0.00939
7	0.00863	0.00582	0.00676	0.00702	0.00709	0.00575	0.00408	0.00883	0.00943	0.01257	0.02200	0.17894	0.02567	0.64133	0.02678	0.00529	0.00549	0.01050	0.00408	0.00395
8	0.02879	0.00665	0.00968	0.04697	0.01176	0.00759	0.00747	0.01095	0.00978	0.01434	0.01522	0.02276	0.01416	0.05424	0.53577	0.14059	0.01308	0.00624	0.03889	0.00507
9	0.01845	0.11318	0.08008	0.07062	0.04072	0.22896	0.17611	0.11197	0.03311	0.05197	0.01195	0.01393	0.00914	0.00608	0.00592	0.00178	0.00894	0.00517	0.00364	0.00827
10	0.01283	0.13332	0.65631	0.01651	0.02505	0.01556	0.02099	0.01924	0.01286	0.01872	0.01065	0.01251	0.00777	0.00574	0.00556	0.00185	0.00871	0.00436	0.00259	0.00889
11	0.00874	0.00656	0.00984	0.00984	0.01093	0.00765	0.00765	0.01093	0.00984	0.01421	0.01640	0.02405	0.01530	0.04591	0.76062	0.00984	0.01640	0.00656	0.00328	0.00547
12	0.03638	0.01166	0.01412	0.01254	0.03086	0.02920	0.04375	0.09226	0.25402	0.10796	0.16600	0.02917	0.02519	0.01052	0.02837	0.00228	0.02317	0.06832	0.00590	0.00831
13	0.05599	0.01608	0.01914	0.03830	0.20129	0.15160	0.07880	0.07016	0.11827	0.03701	0.05472	0.02077	0.01489	0.00759	0.00682	0.00196	0.04036	0.05373	0.00422	0.00831
14	0.03741	0.01851	0.01957	0.05480	0.23972	0.22283	0.01408	0.12390	0.06562	0.02097	0.01175	0.01415	0.00954	0.00692	0.00781	0.00190	0.11330	0.00508	0.00369	0.00847
15	0.01490	0.01281	0.01356	0.01222	0.01558	0.01476	0.00949	0.03149	0.69999	0.02555	0.06057	0.02397	0.02062	0.00851	0.00628	0.00207	0.00475	0.00713	0.00625	0.00949
16	0.01484	0.01192	0.01368	0.00995	0.01528	0.00999	0.00803	0.13457	0.01551	0.04179	0.01186	0.01324	0.00945	0.00508	0.00484	0.00109	0.00492	0.00401	0.00415	0.66582
17	0.01475	0.01402	0.02326	0.11788	0.61049	0.01449	0.01788	0.01951	0.07012	0.01995	0.01249	0.01588	0.01023	0.00575	0.00608	0.00186	0.00718	0.00557	0.00325	0.00937
18	0.01491	0.01430	0.02441	0.08689	0.69926	0.01448	0.01867	0.01857	0.01382	0.01970	0.01147	0.01523	0.00959	0.00550	0.00606	0.00183	0.00733	0.00545	0.00301	0.00950
19	0.00755	0.00545	0.00718	0.00853	0.00901	0.00507	0.00581	0.00872	0.01193	0.01579	0.03508	0.71388	0.07518	0.01890	0.00781	0.00248	0.00362	0.04731	0.00568	0.00501
20	0.01515	0.01454	0.02485	0.03757	0.74669	0.01454	0.01879	0.01879	0.01394	0.02000	0.01151	0.01515	0.00970	0.00545	0.00606	0.00182	0.00727	0.00545	0.00303	0.00970
21	0.00742	0.00598	0.00645	0.00679	0.00841	0.00515	0.00492	0.00891	0.01346	0.01664	0.06983	0.23258	0.54136	0.01613	0.00731	0.00215	0.00320	0.01380	0.02437	0.00515
22	0.00760	0.00622	0.00671	0.00659	0.00849	0.00532	0.00494	0.00950	0.01482	0.01860	0.23748	0.05552	0.56745	0.01473	0.00723	0.00203	0.00305	0.01244	0.00596	0.00532
23	0.01637	0.78856	0.03208	0.01047	0.01571	0.02422	0.01047	0.01833	0.01244	0.01440	0.00851	0.00982	0.00786	0.00524	0.00393	0.00131	0.00655	0.00327	0.00262	0.00786
24	0.02336	0.01045	0.01331	0.01055	0.01473	0.00967	0.00860	0.08251	0.06715	0.52925	0.05722	0.02416	0.06465	0.00832	0.00618	0.00189	0.00495	0.00679	0.04664	0.00959
25	0.00874	0.00656	0.00984	0.00984	0.01093	0.00765	0.00765	0.01093	0.00984	0.01421	0.01640	0.02405	0.01530	0.04591	0.76062	0.00984	0.01640	0.00656	0.00328	0.00547
26	0.00767	0.00548	0.00733	0.00868	0.00915	0.00514	0.00597	0.00892	0.01209	0.01615	0.06043	0.70437	0.04078	0.01877	0.00783	0.00249	0.00367	0.06431	0.00572	0.00505
27	0.15394	0.00695	0.00770	0.00837	0.00943	0.00716	0.00577	0.01142	0.04606	0.01768	0.02679	0.50259	0.03084	0.12438	0.01032	0.00285	0.00416	0.01319	0.00509	0.00532
28	0.00876	0.00649	0.00948	0.00948	0.01045	0.00746	0.00721	0.01070	0.00973	0.01395	0.01672	0.02585	0.01608	0.12890	0.67870	0.00940	0.01522	0.00682	0.00333	0.00527
29	0.00804	0.00623	0.00732	0.00705	0.00876	0.00551	0.00529	0.01035	0.01586	0.02106	0.44672	0.05147	0.35667	0.01382	0.00723	0.00199	0.00298	0.01188	0.00628	0.00551
30	0.00825	0.00566	0.00687	0.00751	0.00767	0.00550	0.00460	0.00873	0.01017	0.01356	0.02580	0.37383	0.03047	0.43990	0.02064	0.00438	0.00486	0.01273	0.00460	0.00428
31	0.00749	0.00539	0.00705	0.00836	0.00879	0.00501	0.00558	0.00855	0.01176	0.01557	0.03476	0.72534	0.07492	0.03936	0.00841	0.00256	0.00359	0.01695	0.00563	0.00495
32	0.01523	0.01315	0.01384	0.01246	0.01592	0.01523	0.00969	0.03253	0.73563	0.02561	0.02491	0.02284	0.01869	0.00830	0.00623	0.00208	0.00484	0.00692	0.00623	0.00969
33	0.75567	0.01171	0.00947	0.00831	0.01218	0.01330	0.00684	0.01906	0.01106	0.09292	0.00994	0.01093	0.00740	0.00585	0.00400	0.00189	0.00478	0.00357	0.00413	0.00697
34	0.00846	0.00632	0.00747	0.00713	0.00891	0.00559	0.00537	0.01077	0.01590	0.03656	0.43981	0.05078	0.34737	0.01367	0.00720	0.00198	0.00303	0.01175	0.00631	0.00562
35	0.00856	0.00699	0.00766	0.00752	0.00940	0.00661	0.00558	0.01211	0.10063	0.01831	0.14359	0.10053	0.44351	0.05339	0.04570	0.00265	0.00411	0.01175	0.00568	0.00572
36	0.01438	0.01695	0.05704	0.02556	0.03183	0.01544	0.70398	0.01960	0.01440	0.01960	0.01234	0.01641	0.00924	0.00518	0.00718	0.00206	0.01028	0.00715	0.00308	0.00828
37	0.00890	0.00593	0.00668	0.00668	0.00668	0.00593	0.00371	0.00890	0.00890	0.01187	0.01929	0.04006	0.02225	0.78487	0.03116	0.00593	0.00593	0.00890	0.00371	0.00371
38	0.04629	0.00655	0.00789	0.00746	0.00917	0.00611	0.00563	0.01203	0.01605	0.04296	0.51922	0.06340	0.15449	0.01233	0.00685	0.00193	0.00308	0.01066	0.06208	0.00582
39	0.00874	0.00656	0.00984	0.00984	0.01093	0.00765	0.00765	0.01093	0.00984	0.01421	0.01640	0.02405	0.01530	0.04591	0.76062	0.00984	0.01640	0.00656	0.00328	0.00547
40	0.01141	0.00571	0.00571	0.00571	0.00713	0.00571	0.00428	0.01426	0.01284	0.02282	0.01997	0.02282	0.01569	0.00713	0.00428	0.00143	0.00285	0.00571	0.81886	0.00571
41	0.05166	0.00598	0.00597	0.00602	0.00749	0.00605	0.00449	0.01405	0.01264	0.02255	0.02035	0.07470	0.01696	0.00789	0.00450	0.00152	0.00299	0.00640	0.72208	0.00570
42	0.00746	0.00533	0.00710	0.00852	0.00888	0.00497	0.00568	0.00852	0.01172	0.01563	0.03374	0.78088	0.04049	0.01918	0.00781	0.00249	0.00355	0.01740	0.00568	0.00497
43	0.00995	0.00654	0.00859	0.00792	0.00959	0.00600	0.00600	0.01280	0.01734	0.07431	0.69418	0.04402	0.05484	0.01218	0.00715	0.00192	0.00305	0.01073	0.00680	0.00609
44	0.82811	0.01184	0.00900	0.00805	0.01184	0.01373	0.00663	0.01799	0.01042	0.02746	0.00852	0.00994	0.00663	0.00568	0.00379	0.00189	0.00474	0.00331	0.00379	0.00663
45	0.01523	0.01315	0.01384	0.01246	0.01592	0.01523	0.00969	0.03253	0.73563	0.02561	0.02491	0.02284	0.01869	0.00830	0.00623	0.00208	0.00484	0.00692	0.00623	0.00969
46	0.00890	0.00593	0.00668	0.00668	0.00668	0.00593	0.00371	0.00890	0.00890	0.01187	0.01929	0.04006	0.02225	0.78487	0.03116	0.00593	0.00593	0.00890	0.00371	0.00371
47	0.01269	0.01088	0.01269	0.00907	0.01451	0.00816	0.00725	0.01541	0.01269	0.01995	0.01088	0.01269	0.00907	0.00453	0.00453	0.00091	0.00453	0.00363	0.00363	0.82229
48	0.00890	0.00593	0.00668	0.00668	0.00668	0.00593	0.00371	0.00890	0.00890	0.01187	0.01929	0.04006	0.02225	0.78487	0.03116	0.00593	0.00593	0.00890	0.00371	0.00371
49	0.02287	0.02917	0.01735	0.01577	0.01892	0.76030	0.01183	0.02444	0.01735	0.01498	0.00946	0.01104	0.00788	0.00631	0.00552	0.00158	0.01104	0.00394	0.00315	0.00710
50	0.02327	0.01715	0.01837	0.01408	0.01898	0.01898	0.01163	0.72628	0.02878	0.03858	0.01470	0.01470	0.01041	0.00735	0.00612	0.00184	0.00674	0.00551	0.00612	0.01041
51	0.00890	0.00593	0.00668	0.00668	0.00668	0.00593	0.00371	0.00890	0.00890	0.01187	0.01929	0.04006	0.02225	0.78487	0.03116	0.00593	0.00593	0.00890	0.00371	0.00371
52	0.00746	0.00533	0.00710	0.00852	0.00888	0.00497	0.00568	0.00852	0.01172	0.01563	0.03374	0.78088	0.04049	0.01918	0.00781	0.00249	0.00355	0.01740	0.00568	0.00497
53	0.02357	0.01667	0.01807	0.01386	0.01874	0.01827	0.01145	0.67653	0.02798	0.08946	0.01537	0.01513	0.01075	0.00736	0.00613	0.00184	0.00663	0.00556	0.00623	0.01041
54	0.82811	0.01184	0.00900	0.00805	0.01184	0.01373	0.00663	0.01799	0.01042	0.02746	0.00852	0.00994	0.00663	0.00568	0.00379	0.00189	0.00474	0.00331	0.00379	0.00663
55	0.00890	0.00593	0.00668	0.00668	0.00668	0.00593	0.00371	0.00890	0.00890	0.01187	0.01929	0.04006	0.02225	0.78487	0.03116	0.00593	0.00593	0.00890	0.00371	0.00371
56	0.00731	0.00620	0.00630	0.00628	0.00831	0.00520	0.00471	0.00892	0.01412	0.01693	0.09583	0.05826	0.71014	0.01535	0.00723	0.00206	0.00309	0.01283	0.00574	0.00520
57	0.02270	0.01660	0.01776	0.01368	0.01841	0.01834	0.01128	0.69203	0.02801	0.03782	0.01495	0.01509	0.01066	0.00734	0.00603	0.00182	0.00655	0.00552	0.04521	0.01018
58	0.01518	0.01045	0.01101	0.00971	0.01254	0.01149	0.00761	0.13837	0.28249	0.04509	0.02104	0.02144	0.01591	0.00761	0.00535	0.00175	0.00429	0.00613	0.36447	0.00807
59	0.00866	0.00626	0.00818	0.00770	0.00914	0.00578	0.00578	0.01155	0.01733	0.02455	0.74346	0.04572	0.05776	0.01251	0.00722	0.00193	0.00289	0.01107	0.00674	0.00578
60	0.02297	0.01700	0.01820	0.01402	0.01887	0.01884	0.01156	0.70010	0.05545	0.03809	0.01508	0.01500	0.01072	0.00738	0.00613	0.00185	0.00666	0.00556	0.00613	0.01038
61	0.01452	0.00871	0.00903	0.00791	0.01024	0.00919	0.00621	0.20125	0.01702	0.02696	0.01858	0.02069	0.01430	0.00719	0.00476	0.00153	0.00387	0.00565	0.60543	0.00694
62	0.00890	0.00593	0.00668	0.00668	0.00668	0.00593	0.00371	0.00890	0.00890	0.01187	0.01929	0.04006	0.02225	0.78487	0.03116	0.00593	0.00593	0.00890	0.00371	0.00371
63	0.00848	0.00625	0.00793	0.00751	0.00903	0.00570	0.00563	0.01120	0.01690	0.02354	0.65745	0.04739	0.14440	0.01289	0.00722	0.00194	0.00291	0.01130	0.00661	0.00570
64	0.00746	0.00533	0.00710	0.00852	0.00888	0.00497	0.00568	0.00852	0.01172	0.01563	0.03374	0.78088	0.04049	0.01918	0.00781	0.00249	0.00355	0.01740	0.00568	0.00497
65	0.40227	0.01108	0.01177	0.00956	0.01385	0.01121	0.00789	0.02429	0.01420	0.41225	0.01683	0.01574	0.01116	0.00669	0.00505	0.00189	0.00499	0.00483	0.00580	0.00864
66	0.00866	0.00626	0.00818	0.00770	0.00914	0.00578	0.00578	0.01155	0.01733	0.02455	0.74346	0.04572	0.05776	0.01251	0.00722	0.00193	0.00289	0.01107	0.00674	0.00578
67	0.01141	0.00571	0.00571	0.00571	0.00713	0.00571	0.00428	0.01426	0.01284	0.02282	0.01997	0.02282	0.01569	0.00713	0.00428	0.00143	0.00285	0.00571	0.81886	0.00571
68	0.00746	0.00533	0.00710	0.00852	0.00888	0.00497	0.00568	0.00852	0.01172	0.01563	0.03374	0.78088	0.04049	0.01918	0.00781	0.00249	0.00355	0.01740	0.00568	0.00497
69	0.01156	0.01088	0.01836	0.77016	0.04216	0.01360	0.01700	0.01564	0.01224	0.01564	0.01088	0.01632	0.00816	0.00612	0.00612	0.00204	0.00816	0.00544	0.00272	0.00680
70	0.00746	0.00533	0.00710	0.00852	0.00888	0.00497	0.00568	0.00852	0.01172	0.01563	0.03374	0.78088	0.04049	0.01918	0.00781	0.00249	0.00355	0.01740	0.00568	0.00497
71	0.01445	0.01651	0.03612	0.02580	0.03199	0.01548	0.72446	0.01961	0.01445	0.01961	0.01238	0.01651	0.00929	0.00516	0.00722	0.00206	0.01032	0.00722	0.00310	0.00826
72	0.01430	0.00842	0.01065	0.00913	0.01166	0.00802	0.00714	0.10091	0.01874	0.17656	0.50733	0.03686	0.04327	0.01087	0.00687	0.00191	0.00383	0.00939	0.00684	0.00729
73	0.02287	0.02917	0.01735	0.01577	0.01892	0.76030	0.01183	0.02444	0.01735	0.01498	0.00946	0.01104	0.00788	0.00631	0.00552	0.00158	0.01104	0.00394	0.00315	0.00710
74	0.01413	0.01128	0.01315	0.00949	0.01486	0.00893	0.00763	0.06414	0.01401	0.05674	0.01178	0.01322	0.00945	0.00487	0.00472	0.00102	0.00471	0.00388	0.00399	0.72798
75	0.01429	0.03685	0.16911	0.02240	0.02882	0.01472	0.51252	0.01952	0.01437	0.04728	0.04875	0.01729	0.01159	0.00574	0.00684	0.00201	0.00943	0.00677	0.00334	0.00835
76	0.02287	0.02917	0.01735	0.01577	0.01892	0.76030	0.01183	0.02444	0.01735	0.01498	0.00946	0.01104	0.00788	0.00631	0.00552	0.00158	0.01104	0.00394	0.00315	0.00710
77	0.01536	0.01448	0.02418	0.07501	0.67345	0.01471	0.01834	0.05373	0.01459	0.02069	0.01164	0.01519	0.00965	0.00558	0.00607	0.00183	0.00729	0.00546	0.00317	0.00958
78	0.01969	0.01782	0.03347	0.01377	0.01736	0.20346	0.02975	0.29699	0.03707	0.07509	0.03229	0.12838	0.01556	0.00904	0.00688	0.00192	0.04086	0.00709	0.00511	0.00840
79	0.01308	0.03817	0.11145	0.02039	0.02560	0.01408	0.44273	0.01763	0.01420	0.01959	0.11192	0.02145	0.04765	0.00709	0.00794	0.00206	0.06619	0.00743	0.00359	0.00775
80	0.00890	0.00593	0.00668	0.00668	0.00668	0.00593	0.00371	0.00890	0.00890	0.01187	0.01929	0.04006	0.02225	0.78487	0.03116	0.00593	0.00593	0.00890	0.00371	0.00371
81	0.05108	0.01233	0.01611	0.01335	0.01611	0.06527	0.10823	0.08675	0.04979	0.10635	0.08268	0.05906	0.01807	0.04780	0.06433	0.03375	0.10924	0.02691	0.02551	0.00728
82	0.64409	0.03673	0.01211	0.01176	0.08561	0.06543	0.00846	0.03948	0.01185	0.02580	0.00907	0.01067	0.00717	0.00574	0.00421	0.00185	0.00553	0.00363	0.00370	0.00711
83	0.00730	0.00612	0.00634	0.00646	0.00835	0.00517	0.00478	0.00884	0.01385	0.01669	0.07961	0.12384	0.66023	0.01575	0.00729	0.00210	0.00314	0.01327	0.00572	0.00517
84	0.02305	0.01704	0.01825	0.01404	0.01890	0.01888	0.01158	0.70732	0.04809	0.03822	0.01498	0.01492	0.01064	0.00737	0.00613	0.00184	0.00668	0.00555	0.00613	0.01039
85	0.01491	0.01110	0.01312	0.00950	0.01484	0.00873	0.00765	0.04826	0.01397	0.10772	0.01263	0.01375	0.00985	0.00502	0.00480	0.00106	0.00471	0.00401	0.00421	0.69016
86	0.01228	0.03166	0.75316	0.01745	0.02649	0.01422	0.02262	0.01939	0.01292	0.01939	0.01099	0.01292	0.00775	0.00582	0.00582	0.00194	0.00905	0.00452	0.00258	0.00905
87	0.01156	0.01088	0.01836	0.77016	0.04216	0.01360	0.01700	0.01564	0.01224	0.01564	0.01088	0.01632	0.00816	0.00612	0.00612	0.00204	0.00816	0.00544	0.00272	0.00680
88	0.80442	0.01180	0.00915	0.00813	0.01195	0.01359	0.00670	0.01834	0.01063	0.04887	0.00899	0.01027	0.00688	0.00574	0.00386	0.00189	0.00475	0.00340	0.00390	0.00674
89	0.00890	0.00593	0.00668	0.00668	0.00668	0.00593	0.00371	0.00890	0.00890	0.01187	0.01929	0.04006	0.02225	0.78487	0.03116	0.00593	0.00593	0.00890	0.00371	0.00371
90	0.05083	0.01046	0.01405	0.01081	0.01552	0.00914	0.00893	0.02949	0.01731	0.72982	0.02369	0.02052	0.01490	0.00752	0.00609	0.00189	0.00519	0.00607	0.00747	0.01031
91	0.01637	0.78856	0.03208	0.01047	0.01571	0.02422	0.01047	0.01833	0.01244	0.01440	0.00851	0.00982	0.00786	0.00524	0.00393	0.00131	0.00655	0.00327	0.00262	0.00786
92	0.00890	0.00595	0.00677	0.00677	0.00680	0.00598	0.00382	0.00896	0.00893	0.01194	0.01920	0.03960	0.02205	0.76360	0.05216	0.00605	0.00624	0.00883	0.00370	0.00376
93	0.00737	0.00612	0.00644	0.00655	0.00840	0.00519	0.00484	0.00897	0.01399	0.01706	0.11175	0.13049	0.62047	0.01564	0.00729	0.00210	0.00313	0.01323	0.00577	0.00519
94	0.00882	0.00595	0.00665	0.00665	0.00675	0.00590	0.00375	0.00890	0.00915	0.01210	0.02136	0.04097	0.05735	0.74748	0.02999	0.00575	0.00580	0.00910	0.00381	0.00378
95	0.02710	0.01050	0.01419	0.01094	0.01563	0.00918	0.00902	0.02991	0.03904	0.72919	0.02417	0.02089	0.01526	0.00760	0.00616	0.00190	0.00520	0.00618	0.00754	0.01040
96	0.01367	0.01385	0.01871	0.01606	0.01615	0.04010	0.01335	0.01501	0.00960	0.01474	0.00808	0.01332	0.00803	0.01059	0.01967	0.00265	0.75171	0.00532	0.00269	0.00671
97	0.00803	0.00611	0.00713	0.00708	0.00867	0.00543	0.00523	0.01015	0.01511	0.02011	0.34942	0.13145	0.34492	0.01431	0.00718	0.00203	0.00305	0.01235	0.03682	0.00543
98	0.00794	0.00796	0.05788	0.00735	0.00974	0.00594	0.00617	0.01021	0.01473	0.01875	0.23022	0.05244	0.52078	0.01409	0.00713	0.00202	0.00345	0.01188	0.00574	0.00559
99	0.00768	0.00533	0.00716	0.00849	0.00882	0.00500	0.00566	0.00849	0.01146	0.01528	0.03216	0.72865	0.03844	0.01932	0.00892	0.05863	0.00367	0.01657	0.00548	0.00481
100	0.01402	0.01436	0.01867	0.01688	0.05156	0.06905	0.01332	0.01546	0.01013	0.01494	0.00856	0.01393	0.00844	0.02808	0.01866	0.00264	0.66639	0.00535	0.00275	0.00680
101	0.00883	0.00757	0.00789	0.00860	0.00975	0.05727	0.00603	0.01085	0.04788	0.01631	0.03911	0.50062	0.22304	0.01680	0.00743	0.00229	0.00401	0.01479	0.00554	0.00540
102	0.00948	0.00865	0.06020	0.00997	0.04636	0.00714	0.00765	0.01315	0.04371	0.02363	0.60889	0.04096	0.04946	0.03470	0.00775	0.00205	0.00369	0.01013	0.00616	0.00628
103	0.00871	0.00746	0.04409	0.00795	0.00973	0.00614	0.00634	0.01147	0.01620	0.02263	0.59011	0.04506	0.12152	0.06540	0.00879	0.00221	0.00342	0.01079	0.00622	0.00573
104	0.00962	0.00859	0.04680	0.01101	0.01321	0.00742	0.05774	0.01251	0.01435	0.01884	0.13612	0.05677	0.16392	0.03567	0.00846	0.00255	0.00528	0.37984	0.00543	0.00586
105	0.02142	0.02689	0.01695	0.01617	0.05357	0.67232	0.01167	0.02310	0.01695	0.01533	0.01316	0.01452	0.05842	0.00690	0.00566	0.00162	0.01031	0.00463	0.00332	0.00709
106	0.00871	0.00597	0.00662	0.00662	0.00686	0.00584	0.00382	0.00889	0.00949	0.01242	0.02429	0.04227	0.10681	0.69477	0.02835	0.00548	0.00560	0.00937	0.00394	0.00388
107	0.00758	0.00742	0.04267	0.00692	0.00923	0.00564	0.00563	0.00948	0.01407	0.01720	0.10541	0.07634	0.64133	0.01493	0.00718	0.00206	0.00339	0.01251	0.00561	0.00539

[dist]
# distance from previous block
# <min> <max>
1	68

# created by:
# /home/cegg/simao/soft/augustus-3.2.1/scripts/msa2prfl.pl ./align_prep/EOG090W0K4Q.fa
