[name]
unknown

[dist]
# distance from previous block
# <min> <max>
0	8

[block]
# block no. 0 follows, 36 sequences, length 23
# corresponding to MSA columns:
# 13-35
name=unknown_A
#
# <colnr> <probs for GDERKNQSTAVLIFYWHMCP>
#	G	D	E	R	K	N	Q	S	T	A	V	L	I	F	Y	W	H	M	C	P
0	0.01004	0.00717	0.01004	0.01147	0.01291	0.00717	0.01004	0.01291	0.01434	0.01865	0.03299	0.07028	0.03586	0.01721	0.00861	0.00287	0.00574	0.70023	0.00574	0.00574
1	0.82504	0.01205	0.00916	0.00819	0.01205	0.01398	0.00675	0.01832	0.01060	0.02795	0.00868	0.01012	0.00675	0.00578	0.00386	0.00193	0.00482	0.00337	0.00386	0.00675
2	0.01221	0.00703	0.00642	0.00633	0.00788	0.04433	0.00475	0.01505	0.01330	0.02282	0.01978	0.02261	0.01556	0.00722	0.00442	0.00146	0.00333	0.00572	0.77390	0.00588
3	0.01666	0.78478	0.03265	0.01066	0.01599	0.02465	0.01066	0.01866	0.01266	0.01466	0.00866	0.00999	0.00800	0.00533	0.00400	0.00133	0.00666	0.00333	0.00267	0.00800
4	0.82504	0.01205	0.00916	0.00819	0.01205	0.01398	0.00675	0.01832	0.01060	0.02795	0.00868	0.01012	0.00675	0.00578	0.00386	0.00193	0.00482	0.00337	0.00386	0.00675
5	0.82504	0.01205	0.00916	0.00819	0.01205	0.01398	0.00675	0.01832	0.01060	0.02795	0.00868	0.01012	0.00675	0.00578	0.00386	0.00193	0.00482	0.00337	0.00386	0.00675
6	0.01550	0.01338	0.01409	0.01268	0.01620	0.01550	0.00986	0.03311	0.73091	0.02606	0.02536	0.02325	0.01902	0.00845	0.00634	0.00211	0.00493	0.00704	0.00634	0.00986
7	0.00736	0.00631	0.00631	0.00631	0.00842	0.00526	0.00473	0.00894	0.01420	0.01683	0.06312	0.05996	0.73964	0.01578	0.00736	0.00210	0.00316	0.01315	0.00579	0.00526
8	0.01292	0.01107	0.01292	0.00923	0.01477	0.00831	0.00738	0.01569	0.01292	0.02030	0.01107	0.01292	0.00923	0.00461	0.00461	0.00092	0.00461	0.00369	0.00369	0.81912
9	0.01266	0.01199	0.02031	0.58753	0.21443	0.01408	0.01775	0.01670	0.01288	0.01701	0.01123	0.01632	0.00869	0.00606	0.00621	0.00202	0.00808	0.00554	0.00285	0.00764
10	0.01177	0.01107	0.01869	0.76606	0.04291	0.01384	0.01730	0.01592	0.01246	0.01592	0.01107	0.01661	0.00831	0.00623	0.00623	0.00208	0.00831	0.00554	0.00277	0.00692
11	0.01711	0.73296	0.03162	0.01103	0.01622	0.07485	0.01076	0.01908	0.01300	0.01470	0.00873	0.01008	0.00800	0.00541	0.00411	0.00135	0.00698	0.00338	0.00270	0.00794
12	0.01250	0.03223	0.74875	0.01776	0.02697	0.01447	0.02302	0.01973	0.01315	0.01973	0.01118	0.01315	0.00789	0.00592	0.00592	0.00197	0.00921	0.00460	0.00263	0.00921
13	0.00759	0.00542	0.00723	0.00868	0.00904	0.00506	0.00578	0.00868	0.01193	0.01591	0.03434	0.77697	0.04121	0.01952	0.00795	0.00253	0.00361	0.01771	0.00578	0.00506
14	0.00882	0.00637	0.00833	0.00784	0.00931	0.00588	0.00588	0.01176	0.01764	0.02499	0.73888	0.04654	0.05879	0.01274	0.00735	0.00196	0.00294	0.01127	0.00686	0.00588
15	0.01324	0.01141	0.01905	0.64242	0.11006	0.01362	0.01692	0.01723	0.01300	0.06650	0.01206	0.01681	0.00895	0.00626	0.00623	0.00204	0.00801	0.00559	0.00314	0.00746
16	0.01033	0.00811	0.00990	0.03367	0.01227	0.00837	0.00750	0.01641	0.18448	0.02248	0.33182	0.15025	0.08688	0.01314	0.00729	0.00218	0.00397	0.07802	0.00627	0.00668
17	0.01557	0.01476	0.02480	0.06515	0.68991	0.01493	0.01879	0.04387	0.01466	0.02086	0.01181	0.01545	0.00984	0.00565	0.00617	0.00186	0.00742	0.00555	0.00318	0.00978
18	0.01524	0.01483	0.02596	0.06273	0.66228	0.01484	0.07381	0.01908	0.01417	0.02017	0.01177	0.01557	0.00978	0.00555	0.00626	0.00188	0.00768	0.00569	0.00308	0.00965
19	0.01542	0.01480	0.02529	0.03824	0.74217	0.01480	0.01912	0.01912	0.01419	0.02036	0.01172	0.01542	0.00987	0.00555	0.00617	0.00185	0.00740	0.00555	0.00308	0.00987
20	0.01405	0.01160	0.01419	0.01181	0.07328	0.00928	0.00856	0.04371	0.01382	0.04590	0.01174	0.01348	0.00954	0.00491	0.00486	0.00107	0.00495	0.00400	0.00388	0.69537
21	0.01213	0.02963	0.67433	0.01676	0.02519	0.01361	0.02130	0.01893	0.01360	0.02026	0.08432	0.01651	0.01301	0.00660	0.00606	0.00197	0.00858	0.00527	0.00306	0.00887
22	0.01615	0.01570	0.03149	0.02527	0.11807	0.01498	0.51072	0.02184	0.06777	0.09131	0.01460	0.01754	0.01079	0.00577	0.00702	0.00205	0.00920	0.00700	0.00382	0.00891

[dist]
# distance from previous block
# <min> <max>
0	24

[block]
# block no. 1 follows, 36 sequences, length 45
# corresponding to MSA columns:
# 60-104
name=unknown_B
#
# <colnr> <probs for GDERKNQSTAVLIFYWHMCP>
#	G	D	E	R	K	N	Q	S	T	A	V	L	I	F	Y	W	H	M	C	P
0	0.01620	0.70186	0.11155	0.01144	0.01720	0.02353	0.01202	0.01878	0.01271	0.01522	0.00894	0.01034	0.00798	0.00540	0.00421	0.00140	0.00694	0.00347	0.00266	0.00813
1	0.01532	0.01470	0.02510	0.05876	0.72246	0.01478	0.01907	0.01903	0.01414	0.02023	0.01170	0.01545	0.00983	0.00557	0.00617	0.00186	0.00743	0.00555	0.00308	0.00979
2	0.01533	0.50367	0.15770	0.01225	0.01785	0.01979	0.04061	0.01852	0.01358	0.04215	0.09327	0.01540	0.01410	0.00636	0.00494	0.00157	0.00680	0.00473	0.00333	0.00808
3	0.02437	0.01600	0.09723	0.01325	0.01863	0.01422	0.01187	0.33367	0.02237	0.35480	0.01886	0.01757	0.01247	0.00741	0.00621	0.00191	0.00642	0.00579	0.00650	0.01045
4	0.01282	0.03031	0.66904	0.02002	0.10577	0.01451	0.02259	0.01966	0.01327	0.01980	0.01124	0.01340	0.00811	0.00588	0.00595	0.00196	0.00901	0.00471	0.00268	0.00928
5	0.01083	0.01010	0.01239	0.22797	0.04938	0.09072	0.01031	0.01296	0.01280	0.01602	0.02403	0.44381	0.02685	0.01370	0.00713	0.00227	0.00595	0.01222	0.00453	0.00603
6	0.04196	0.01545	0.10690	0.01303	0.01808	0.04218	0.03368	0.18206	0.01931	0.36905	0.04876	0.04915	0.01549	0.00794	0.00628	0.00194	0.00637	0.00645	0.00622	0.00972
7	0.00924	0.00603	0.00726	0.00726	0.00737	0.00614	0.00435	0.00916	0.00905	0.01218	0.01837	0.03676	0.02065	0.62482	0.10249	0.09598	0.00702	0.00842	0.00361	0.00383
8	0.01197	0.01109	0.01886	0.38864	0.17614	0.01233	0.07135	0.01531	0.01256	0.01672	0.01493	0.10594	0.01406	0.09290	0.00931	0.00252	0.00751	0.00747	0.00332	0.00708
9	0.01082	0.00541	0.00812	0.00812	0.00812	0.00541	0.00541	0.00812	0.00812	0.01082	0.01082	0.01894	0.01082	0.02165	0.02435	0.81872	0.00541	0.00541	0.00271	0.00271
10	0.04594	0.01229	0.01786	0.50022	0.09511	0.03933	0.01527	0.09371	0.01452	0.01933	0.01340	0.08086	0.01143	0.00743	0.00626	0.00205	0.00763	0.00645	0.00349	0.00742
11	0.01401	0.01356	0.01698	0.01480	0.01553	0.05789	0.01212	0.01734	0.08979	0.01689	0.01151	0.01580	0.01032	0.01154	0.04658	0.00279	0.54880	0.00563	0.07110	0.00704
12	0.01161	0.00581	0.00581	0.00581	0.00726	0.00581	0.00436	0.01452	0.01307	0.02323	0.02033	0.02323	0.01597	0.00726	0.00436	0.00145	0.00290	0.00581	0.81562	0.00581
13	0.02276	0.01518	0.01600	0.01290	0.01721	0.07419	0.01036	0.30091	0.15889	0.24252	0.01956	0.01912	0.01391	0.03848	0.00723	0.00208	0.00635	0.00609	0.00635	0.00991
14	0.00751	0.00597	0.00675	0.00728	0.00869	0.00521	0.00518	0.00895	0.01347	0.01681	0.07950	0.33435	0.44421	0.01709	0.00759	0.00226	0.00332	0.01482	0.00583	0.00521
15	0.01680	0.01403	0.01637	0.13228	0.05280	0.01609	0.01189	0.18917	0.42455	0.02728	0.02012	0.01995	0.01499	0.00775	0.00629	0.00204	0.00601	0.00641	0.00561	0.00957
16	0.01471	0.01681	0.03676	0.02626	0.03256	0.01576	0.71954	0.01996	0.01471	0.01996	0.01261	0.01681	0.00945	0.00525	0.00735	0.00210	0.01050	0.00735	0.00315	0.00840
17	0.01222	0.01550	0.14446	0.01675	0.02104	0.03724	0.24529	0.01764	0.09542	0.01903	0.02133	0.28313	0.02136	0.01077	0.00714	0.00221	0.00726	0.01036	0.00435	0.00750
18	0.01232	0.01072	0.01421	0.11286	0.04727	0.00954	0.03623	0.03052	0.03848	0.02028	0.07671	0.05052	0.06465	0.00712	0.00564	0.00145	0.00523	0.00614	0.00416	0.44597
19	0.00775	0.00549	0.00718	0.00847	0.00879	0.00517	0.00556	0.00872	0.01161	0.01548	0.03272	0.69585	0.03916	0.10343	0.01057	0.00292	0.00388	0.01676	0.00556	0.00492
20	0.01431	0.01924	0.17924	0.09709	0.05968	0.01553	0.42566	0.04752	0.01455	0.02013	0.01206	0.01579	0.00904	0.00579	0.00732	0.00208	0.03693	0.00640	0.00311	0.00851
21	0.01553	0.07617	0.25153	0.01730	0.10950	0.01349	0.06530	0.06190	0.01472	0.09269	0.01315	0.02947	0.01014	0.00602	0.00570	0.00167	0.00717	0.00509	0.00376	0.19971
22	0.01292	0.01107	0.01292	0.00923	0.01477	0.00831	0.00738	0.01569	0.01292	0.02030	0.01107	0.01292	0.00923	0.00461	0.00461	0.00092	0.00461	0.00369	0.00369	0.81912
23	0.00781	0.00633	0.00693	0.00678	0.00869	0.00545	0.00508	0.00980	0.01525	0.01932	0.26973	0.05586	0.53147	0.01485	0.00736	0.00206	0.00309	0.01257	0.00611	0.00545
24	0.01189	0.00721	0.00938	0.00843	0.01049	0.00664	0.00646	0.01513	0.03772	0.13494	0.59336	0.04234	0.06752	0.01192	0.00716	0.00196	0.00336	0.01043	0.00695	0.00670
25	0.08802	0.01028	0.01292	0.01124	0.01484	0.00997	0.00945	0.09946	0.01737	0.35823	0.04286	0.03587	0.02177	0.01068	0.00683	0.00222	0.00551	0.22728	0.00658	0.00861
26	0.01161	0.00581	0.00581	0.00581	0.00726	0.00581	0.00436	0.01452	0.01307	0.02323	0.02033	0.02323	0.01597	0.00726	0.00436	0.00145	0.00290	0.00581	0.81562	0.00581
27	0.51061	0.01227	0.01202	0.01022	0.01361	0.01404	0.03610	0.09151	0.04251	0.04260	0.01172	0.01531	0.00982	0.09187	0.00863	0.00245	0.05865	0.00476	0.00418	0.00711
28	0.00812	0.00589	0.00788	0.00915	0.00961	0.00576	0.00643	0.00937	0.01202	0.01604	0.03281	0.64047	0.03884	0.05110	0.00939	0.00272	0.02603	0.09761	0.00561	0.00514
29	0.82504	0.01205	0.00916	0.00819	0.01205	0.01398	0.00675	0.01832	0.01060	0.02795	0.00868	0.01012	0.00675	0.00578	0.00386	0.00193	0.00482	0.00337	0.00386	0.00675
30	0.01280	0.01227	0.02098	0.53870	0.20089	0.01435	0.04746	0.01678	0.01283	0.01707	0.01117	0.01623	0.00871	0.00622	0.00683	0.00205	0.03854	0.00561	0.00286	0.00765
31	0.00775	0.00549	0.00718	0.00847	0.00879	0.00517	0.00556	0.00872	0.01161	0.01548	0.03272	0.69585	0.03916	0.10343	0.01057	0.00292	0.00388	0.01676	0.00556	0.00492
32	0.00890	0.00668	0.01001	0.01001	0.01113	0.00779	0.00779	0.01113	0.01001	0.01446	0.01669	0.02448	0.01558	0.04673	0.75634	0.01001	0.01669	0.00668	0.00334	0.00556
33	0.02296	0.02130	0.01815	0.01536	0.03936	0.27485	0.01190	0.43913	0.02436	0.02992	0.01317	0.01392	0.00984	0.00705	0.00596	0.00177	0.00828	0.00506	0.02841	0.00927
34	0.01542	0.01480	0.02529	0.03824	0.74217	0.01480	0.01912	0.01912	0.01419	0.02036	0.01172	0.01542	0.00987	0.00555	0.00617	0.00185	0.00740	0.00555	0.00308	0.00987
35	0.01320	0.07572	0.21524	0.01563	0.02079	0.01308	0.17151	0.05669	0.04519	0.02100	0.04733	0.05519	0.03160	0.00848	0.00646	0.00203	0.00727	0.09231	0.09343	0.00786
36	0.02457	0.01587	0.01706	0.01323	0.01806	0.06561	0.01083	0.42856	0.02425	0.25948	0.01747	0.01659	0.01189	0.00737	0.00614	0.00183	0.00657	0.00563	0.00639	0.04260
37	0.00839	0.00618	0.00785	0.00781	0.00914	0.00564	0.00571	0.01079	0.01607	0.02215	0.51374	0.19166	0.14282	0.01446	0.00747	0.00209	0.00310	0.01277	0.00651	0.00564
38	0.00743	0.00605	0.00658	0.00701	0.00860	0.00520	0.00504	0.00886	0.01353	0.01656	0.05460	0.27208	0.53301	0.01689	0.00754	0.00223	0.00329	0.01450	0.00579	0.00520
39	0.01254	0.11219	0.58526	0.01602	0.02387	0.01463	0.01986	0.01863	0.01326	0.01917	0.03872	0.04550	0.01213	0.00707	0.00594	0.00196	0.00835	0.03319	0.00303	0.00866
40	0.26909	0.01253	0.01518	0.07551	0.01838	0.03801	0.06611	0.06348	0.01507	0.28649	0.01639	0.04677	0.01196	0.00732	0.00610	0.00199	0.03016	0.00572	0.00527	0.00847
41	0.00762	0.00553	0.00720	0.00846	0.00900	0.00511	0.00571	0.00881	0.01232	0.01632	0.06347	0.69452	0.09499	0.01898	0.00788	0.00248	0.00355	0.01712	0.00582	0.00511
42	0.00758	0.00546	0.00719	0.00857	0.00901	0.00507	0.00574	0.00869	0.01203	0.01594	0.03557	0.74645	0.07093	0.01936	0.00793	0.00251	0.00360	0.01752	0.00578	0.00507
43	0.01676	0.40784	0.21949	0.01366	0.01954	0.16096	0.01418	0.02074	0.04431	0.01661	0.01023	0.01164	0.00844	0.00583	0.00492	0.00159	0.00814	0.00396	0.00292	0.00825
44	0.03944	0.01328	0.02255	0.33340	0.40583	0.01442	0.04598	0.01782	0.01339	0.01877	0.01140	0.01579	0.00912	0.00582	0.00617	0.00195	0.00781	0.00555	0.00298	0.00851

[dist]
# distance from previous block
# <min> <max>
1	4

[block]
# block no. 2 follows, 36 sequences, length 26
# corresponding to MSA columns:
# 109-134
name=unknown_C
#
# <colnr> <probs for GDERKNQSTAVLIFYWHMCP>
#	G	D	E	R	K	N	Q	S	T	A	V	L	I	F	Y	W	H	M	C	P
0	0.01388	0.01129	0.01321	0.00959	0.01495	0.00892	0.00769	0.05464	0.01390	0.04439	0.01187	0.01360	0.00967	0.00599	0.02468	0.00125	0.00508	0.00396	0.00395	0.72750
1	0.01303	0.13187	0.55210	0.01616	0.02421	0.01518	0.04311	0.01903	0.01329	0.01928	0.03841	0.01409	0.00997	0.00599	0.00568	0.00182	0.00837	0.00472	0.00288	0.06080
2	0.06088	0.01473	0.04250	0.01307	0.01734	0.01521	0.04156	0.36544	0.13031	0.06525	0.08769	0.05012	0.05054	0.00872	0.00639	0.00197	0.00597	0.00712	0.00595	0.00924
3	0.01998	0.00933	0.01164	0.00945	0.01303	0.00836	0.00750	0.06029	0.01647	0.40732	0.05063	0.02998	0.14378	0.07737	0.00852	0.00224	0.00479	0.00770	0.07250	0.03912
4	0.01855	0.01404	0.03301	0.06090	0.25176	0.06320	0.07788	0.06057	0.01624	0.21529	0.05490	0.06100	0.02888	0.00764	0.00645	0.00194	0.00692	0.00689	0.00488	0.00907
5	0.01363	0.01363	0.01908	0.01636	0.01636	0.01908	0.01363	0.01499	0.00954	0.01499	0.00818	0.01363	0.00818	0.01091	0.02045	0.00273	0.76963	0.00545	0.00273	0.00682
6	0.00755	0.00632	0.00657	0.00651	0.00853	0.00534	0.00488	0.00930	0.01464	0.01788	0.14967	0.05824	0.65244	0.01539	0.00736	0.00209	0.00313	0.01291	0.00592	0.00534
7	0.01512	0.01443	0.02425	0.09707	0.65265	0.01476	0.01856	0.01947	0.04556	0.02024	0.01227	0.01586	0.01014	0.00573	0.00618	0.00188	0.00737	0.00562	0.00320	0.00963
8	0.06761	0.02041	0.01707	0.04262	0.01918	0.27810	0.01144	0.32411	0.06030	0.05500	0.03559	0.01508	0.01149	0.00718	0.00592	0.00181	0.00806	0.00519	0.00498	0.00886
9	0.00791	0.00574	0.00753	0.00884	0.00951	0.00537	0.00627	0.00928	0.01247	0.01636	0.03677	0.61501	0.10398	0.01886	0.00799	0.00254	0.00386	0.11076	0.00578	0.00517
10	0.01509	0.01447	0.02469	0.10387	0.67912	0.01472	0.01896	0.01883	0.01403	0.01996	0.01166	0.01553	0.00973	0.00561	0.00617	0.00187	0.00748	0.00555	0.00306	0.00960
11	0.01644	0.74554	0.06999	0.01103	0.01656	0.02412	0.01131	0.01871	0.01269	0.01492	0.00879	0.01016	0.00799	0.00536	0.00410	0.00137	0.00680	0.00340	0.00266	0.00806
12	0.00814	0.00634	0.00738	0.00712	0.00889	0.00559	0.00534	0.01044	0.01603	0.02116	0.42221	0.05283	0.37784	0.01416	0.00736	0.00203	0.00304	0.01215	0.00636	0.00559
13	0.01446	0.01359	0.02298	0.19391	0.55785	0.01419	0.01806	0.01822	0.01376	0.01953	0.01197	0.01603	0.00981	0.00578	0.00610	0.00188	0.00739	0.00556	0.03988	0.00905
14	0.01657	0.29579	0.21135	0.01488	0.02077	0.13934	0.07092	0.04565	0.07675	0.01845	0.01151	0.01294	0.00917	0.00598	0.00532	0.00168	0.00818	0.00450	0.00325	0.02699
15	0.00759	0.00542	0.00723	0.00868	0.00904	0.00506	0.00578	0.00868	0.01193	0.01591	0.03434	0.77697	0.04121	0.01952	0.00795	0.00253	0.00361	0.01771	0.00578	0.00506
16	0.01851	0.02094	0.02085	0.07171	0.19341	0.35078	0.09276	0.04259	0.03415	0.01870	0.04350	0.01554	0.01147	0.00646	0.00606	0.00178	0.00914	0.00535	0.02827	0.00803
17	0.00782	0.00566	0.00747	0.00870	0.00928	0.00520	0.00585	0.00897	0.01197	0.01609	0.03335	0.74439	0.03985	0.01888	0.00781	0.00246	0.00366	0.01711	0.00569	0.03977
18	0.01462	0.01252	0.01332	0.01211	0.01540	0.01429	0.00943	0.03031	0.64042	0.02537	0.06376	0.02751	0.05425	0.00927	0.00651	0.00213	0.00477	0.02836	0.00632	0.00933
19	0.01628	0.04330	0.03453	0.01312	0.07922	0.08309	0.00975	0.05055	0.01474	0.09896	0.01303	0.03007	0.01050	0.00571	0.00518	0.00130	0.00585	0.00456	0.00412	0.47613
20	0.02327	0.02970	0.01766	0.01605	0.01926	0.75602	0.01204	0.02488	0.01766	0.01525	0.00963	0.01124	0.00803	0.00642	0.00562	0.00161	0.01124	0.00401	0.00321	0.00722
21	0.01314	0.01113	0.01296	0.00939	0.01476	0.00860	0.00749	0.04000	0.01346	0.02084	0.01188	0.03491	0.01019	0.00514	0.00477	0.00100	0.00466	0.00416	0.00384	0.76769
22	0.02569	0.01306	0.08187	0.01189	0.01704	0.01042	0.01057	0.08756	0.01837	0.60174	0.04057	0.02058	0.01542	0.00765	0.00626	0.00193	0.00573	0.00618	0.00710	0.01036
23	0.00929	0.00672	0.00864	0.00847	0.00884	0.00743	0.00573	0.01012	0.00941	0.01306	0.01794	0.03362	0.01938	0.48645	0.27493	0.00717	0.05664	0.00804	0.00356	0.00456
24	0.04472	0.10272	0.17794	0.01834	0.15895	0.06366	0.03037	0.04831	0.11539	0.05343	0.09097	0.01993	0.01638	0.00730	0.00600	0.00189	0.00697	0.02375	0.00423	0.00873
25	0.20639	0.10108	0.13358	0.04756	0.09586	0.03891	0.01234	0.04129	0.01414	0.14888	0.03257	0.01478	0.01076	0.00626	0.00526	0.00178	0.00645	0.00473	0.00419	0.07320

[dist]
# distance from previous block
# <min> <max>
3	15

[block]
# block no. 3 follows, 36 sequences, length 41
# corresponding to MSA columns:
# 150-190
name=unknown_D
#
# <colnr> <probs for GDERKNQSTAVLIFYWHMCP>
#	G	D	E	R	K	N	Q	S	T	A	V	L	I	F	Y	W	H	M	C	P
0	0.23919	0.05681	0.01824	0.22043	0.10760	0.04444	0.06668	0.03835	0.01326	0.06755	0.01223	0.04471	0.00995	0.00671	0.00599	0.00197	0.02913	0.00543	0.00368	0.00766
1	0.03538	0.01472	0.01718	0.04121	0.15051	0.08609	0.01224	0.15851	0.10174	0.06759	0.04753	0.04305	0.05719	0.00881	0.00832	0.00206	0.11302	0.02152	0.00479	0.00855
2	0.02591	0.01388	0.01649	0.01264	0.01754	0.01402	0.01044	0.36097	0.02332	0.40813	0.01998	0.01822	0.01311	0.00760	0.00625	0.00190	0.00605	0.00595	0.00700	0.01060
3	0.01334	0.01150	0.01402	0.01004	0.01559	0.00895	0.03453	0.03928	0.01353	0.02092	0.01126	0.01313	0.00928	0.00473	0.00477	0.00100	0.00491	0.00389	0.00376	0.76155
4	0.00892	0.00660	0.00965	0.00965	0.01064	0.00759	0.00734	0.01089	0.00991	0.01420	0.01702	0.02631	0.01637	0.12934	0.67481	0.00957	0.01549	0.00694	0.00339	0.00536
5	0.00753	0.00632	0.00654	0.00648	0.00852	0.00533	0.00486	0.00926	0.01459	0.01775	0.13965	0.05844	0.66253	0.01543	0.00736	0.00209	0.00313	0.01294	0.00591	0.00533
6	0.01161	0.00581	0.00581	0.00581	0.00726	0.00581	0.00436	0.01452	0.01307	0.02323	0.02033	0.02323	0.01597	0.00726	0.00436	0.00145	0.00290	0.00581	0.81562	0.00581
7	0.01472	0.01155	0.01479	0.01346	0.11640	0.00929	0.00919	0.01758	0.01357	0.09033	0.01247	0.01407	0.00992	0.00504	0.00499	0.00115	0.00507	0.00420	0.00399	0.62821
8	0.00825	0.00604	0.00775	0.00796	0.00912	0.00554	0.00573	0.01043	0.01536	0.02108	0.43158	0.29384	0.12350	0.01534	0.00755	0.00217	0.00319	0.01363	0.00639	0.00554
9	0.00962	0.00788	0.00830	0.00786	0.01019	0.00747	0.00597	0.06890	0.08893	0.02009	0.10031	0.09532	0.51760	0.01438	0.00720	0.00210	0.00365	0.01207	0.00595	0.00619
10	0.82504	0.01205	0.00916	0.00819	0.01205	0.01398	0.00675	0.01832	0.01060	0.02795	0.00868	0.01012	0.00675	0.00578	0.00386	0.00193	0.00482	0.00337	0.00386	0.00675
11	0.00772	0.00558	0.00733	0.00867	0.00922	0.00520	0.00596	0.00894	0.01223	0.01613	0.03625	0.68658	0.08916	0.01913	0.00795	0.00252	0.00371	0.05685	0.00578	0.00511
12	0.01250	0.03223	0.74875	0.01776	0.02697	0.01447	0.02302	0.01973	0.01315	0.01973	0.01118	0.01315	0.00789	0.00592	0.00592	0.00197	0.00921	0.00460	0.00263	0.00921
13	0.00976	0.00701	0.00969	0.01100	0.01239	0.00694	0.00945	0.01249	0.01433	0.01869	0.06294	0.10982	0.05977	0.01712	0.00848	0.00279	0.00542	0.61044	0.00579	0.00569
14	0.02284	0.02279	0.01763	0.01491	0.01889	0.37522	0.01167	0.29817	0.08986	0.04770	0.01366	0.01413	0.01030	0.00707	0.00595	0.00177	0.00875	0.00499	0.00482	0.00889
15	0.82504	0.01205	0.00916	0.00819	0.01205	0.01398	0.00675	0.01832	0.01060	0.02795	0.00868	0.01012	0.00675	0.00578	0.00386	0.00193	0.00482	0.00337	0.00386	0.00675
16	0.01541	0.01529	0.02527	0.08598	0.57280	0.04453	0.08595	0.01966	0.03734	0.01999	0.01212	0.01572	0.00994	0.00570	0.00627	0.00189	0.00784	0.00571	0.00318	0.00942
17	0.00902	0.00622	0.00769	0.00769	0.00800	0.00653	0.00489	0.00963	0.00932	0.01274	0.01882	0.03625	0.02069	0.57737	0.23269	0.00714	0.00899	0.00840	0.00365	0.00427
18	0.03630	0.01242	0.02075	0.48697	0.28936	0.01419	0.01764	0.01712	0.01302	0.01783	0.01123	0.01600	0.00881	0.00598	0.00614	0.00199	0.00789	0.00548	0.00291	0.00796
19	0.00906	0.00606	0.00690	0.00690	0.00693	0.00610	0.00390	0.00913	0.00909	0.01216	0.01954	0.04026	0.02243	0.75806	0.05438	0.00616	0.00637	0.00899	0.00376	0.00383
20	0.01107	0.00671	0.00791	0.00736	0.00918	0.00632	0.00560	0.03171	0.01608	0.06560	0.37077	0.03806	0.11408	0.01084	0.00628	0.00180	0.00319	0.00924	0.27201	0.00618
21	0.08435	0.00787	0.00930	0.00826	0.01000	0.00767	0.00572	0.01597	0.01172	0.22159	0.01998	0.03194	0.01895	0.46579	0.05144	0.00468	0.00616	0.00768	0.00488	0.00604
22	0.00974	0.00708	0.00875	0.00925	0.01034	0.00701	0.00656	0.09602	0.01424	0.01895	0.05270	0.55297	0.07541	0.04912	0.02869	0.00276	0.00447	0.03446	0.00572	0.00575
23	0.01082	0.00541	0.00812	0.00812	0.00812	0.00541	0.00541	0.00812	0.00812	0.01082	0.01082	0.01894	0.01082	0.02165	0.02435	0.81872	0.00541	0.00541	0.00271	0.00271
24	0.06486	0.01689	0.01699	0.01457	0.04541	0.07963	0.01128	0.39641	0.23193	0.03205	0.01709	0.01682	0.01261	0.00751	0.00608	0.00192	0.00657	0.00577	0.00576	0.00986
25	0.01161	0.00581	0.00581	0.00581	0.00726	0.00581	0.00436	0.01452	0.01307	0.02323	0.02033	0.02323	0.01597	0.00726	0.00436	0.00145	0.00290	0.00581	0.81562	0.00581
26	0.82504	0.01205	0.00916	0.00819	0.01205	0.01398	0.00675	0.01832	0.01060	0.02795	0.00868	0.01012	0.00675	0.00578	0.00386	0.00193	0.00482	0.00337	0.00386	0.00675
27	0.01161	0.00581	0.00581	0.00581	0.00726	0.00581	0.00436	0.01452	0.01307	0.02323	0.02033	0.02323	0.01597	0.00726	0.00436	0.00145	0.00290	0.00581	0.81562	0.00581
28	0.00939	0.00649	0.00851	0.00793	0.00950	0.00598	0.00598	0.01231	0.01764	0.04641	0.71766	0.04579	0.05750	0.01259	0.00732	0.00196	0.00301	0.01112	0.00688	0.00602
29	0.00903	0.00640	0.00815	0.00876	0.00967	0.00620	0.00656	0.01071	0.01293	0.01716	0.14135	0.15665	0.08393	0.24511	0.01514	0.00358	0.00492	0.24336	0.00534	0.00505
30	0.02420	0.01662	0.01818	0.01394	0.01891	0.01809	0.01152	0.63751	0.02790	0.12511	0.01613	0.01572	0.01118	0.00751	0.00624	0.00188	0.00667	0.00569	0.00641	0.01060
31	0.01250	0.03223	0.74875	0.01776	0.02697	0.01447	0.02302	0.01973	0.01315	0.01973	0.01118	0.01315	0.00789	0.00592	0.00592	0.00197	0.00921	0.00460	0.00263	0.00921
32	0.01198	0.01129	0.01907	0.72399	0.08333	0.01390	0.01741	0.01610	0.01256	0.01618	0.01111	0.01654	0.00840	0.00619	0.00623	0.00206	0.00825	0.00554	0.00279	0.00709
33	0.02795	0.01060	0.01446	0.01109	0.01591	0.00916	0.00916	0.03036	0.01783	0.74648	0.02458	0.02121	0.01542	0.00771	0.00627	0.00193	0.00530	0.00627	0.00771	0.01060
34	0.00778	0.00568	0.00727	0.00846	0.00912	0.00526	0.00584	0.00900	0.01228	0.01606	0.03757	0.60409	0.13490	0.04935	0.00887	0.00264	0.00379	0.06127	0.00570	0.00508
35	0.01542	0.01480	0.02529	0.03824	0.74217	0.01480	0.01912	0.01912	0.01419	0.02036	0.01172	0.01542	0.00987	0.00555	0.00617	0.00185	0.00740	0.00555	0.00308	0.00987
36	0.01348	0.02886	0.60373	0.01887	0.02743	0.01446	0.13527	0.02020	0.01360	0.04918	0.01195	0.01407	0.00845	0.00588	0.00617	0.00199	0.00926	0.00512	0.00292	0.00913
37	0.00798	0.00625	0.00723	0.00717	0.00884	0.00550	0.00531	0.01007	0.01539	0.02010	0.33842	0.12511	0.39057	0.01490	0.00742	0.00209	0.00311	0.01282	0.00623	0.00550
38	0.06491	0.05295	0.02326	0.06632	0.54784	0.03818	0.01680	0.03470	0.01419	0.02059	0.01132	0.01460	0.00943	0.00560	0.00582	0.00178	0.00720	0.00515	0.00321	0.05616
39	0.10823	0.04450	0.04745	0.03439	0.01901	0.01659	0.06787	0.20480	0.33682	0.02819	0.01820	0.01804	0.01355	0.00736	0.00601	0.00199	0.00619	0.00601	0.00539	0.00940
40	0.01877	0.01871	0.01899	0.05231	0.24534	0.24773	0.01357	0.13366	0.05220	0.03583	0.01303	0.01588	0.01061	0.03339	0.02336	0.02115	0.00840	0.00531	0.02327	0.00849

[dist]
# distance from previous block
# <min> <max>
0	6

[block]
# block no. 4 follows, 36 sequences, length 54
# corresponding to MSA columns:
# 197-250
name=unknown_E
#
# <colnr> <probs for GDERKNQSTAVLIFYWHMCP>
#	G	D	E	R	K	N	Q	S	T	A	V	L	I	F	Y	W	H	M	C	P
0	0.01218	0.01019	0.01034	0.00980	0.01179	0.08057	0.00727	0.05696	0.12086	0.04156	0.24788	0.20009	0.10783	0.04411	0.00806	0.00225	0.00463	0.01101	0.00594	0.00667
1	0.01161	0.00581	0.00581	0.00581	0.00726	0.00581	0.00436	0.01452	0.01307	0.02323	0.02033	0.02323	0.01597	0.00726	0.00436	0.00145	0.00290	0.00581	0.81562	0.00581
2	0.01383	0.01312	0.01801	0.01504	0.01638	0.01660	0.03365	0.05769	0.01153	0.01746	0.01063	0.05677	0.01038	0.01007	0.01612	0.00238	0.54309	0.00595	0.00327	0.12803
3	0.01321	0.01226	0.02073	0.06850	0.45410	0.01225	0.05692	0.01655	0.01409	0.01965	0.06473	0.11520	0.03540	0.00884	0.00675	0.00205	0.00666	0.05984	0.00391	0.00836
4	0.01161	0.00581	0.00581	0.00581	0.00726	0.00581	0.00436	0.01452	0.01307	0.02323	0.02033	0.02323	0.01597	0.00726	0.00436	0.00145	0.00290	0.00581	0.81562	0.00581
5	0.05107	0.01517	0.03108	0.02280	0.02820	0.01450	0.57151	0.01936	0.05242	0.02021	0.01547	0.09943	0.01329	0.00700	0.00720	0.00214	0.00920	0.00828	0.00364	0.00804
6	0.01458	0.01515	0.06571	0.02593	0.28061	0.01424	0.22431	0.02026	0.09390	0.03693	0.05049	0.02183	0.01484	0.00720	0.00733	0.00207	0.03877	0.05314	0.00389	0.00882
7	0.01404	0.01144	0.01385	0.00996	0.01547	0.00894	0.02726	0.04152	0.01377	0.05403	0.01187	0.01348	0.00957	0.00487	0.00482	0.00103	0.00489	0.00398	0.00395	0.73126
8	0.00892	0.00617	0.00731	0.00729	0.00765	0.00624	0.00452	0.00948	0.00991	0.01332	0.05483	0.03983	0.06786	0.58990	0.13602	0.00620	0.00729	0.00906	0.00398	0.00423
9	0.03923	0.04762	0.09583	0.01489	0.07827	0.05946	0.01182	0.15424	0.25775	0.04764	0.03677	0.01967	0.01495	0.04282	0.00713	0.00210	0.00631	0.00606	0.04840	0.00903
10	0.01401	0.19036	0.38640	0.01477	0.02140	0.04259	0.04142	0.06146	0.01492	0.02045	0.11928	0.01761	0.01572	0.00690	0.00577	0.00182	0.00770	0.00546	0.00353	0.00843
11	0.01672	0.12609	0.27174	0.01534	0.02125	0.12887	0.04512	0.09550	0.13450	0.03829	0.01446	0.01659	0.01124	0.00690	0.00588	0.00188	0.00807	0.02874	0.00396	0.00888
12	0.01647	0.75033	0.06543	0.01099	0.01649	0.02419	0.01123	0.01871	0.01268	0.01489	0.00878	0.01014	0.00799	0.00536	0.00409	0.00136	0.00678	0.00339	0.00266	0.00805
13	0.00802	0.00626	0.00727	0.00718	0.00886	0.00551	0.00533	0.01015	0.01551	0.02032	0.35618	0.11608	0.38148	0.01477	0.00741	0.00208	0.00310	0.01272	0.00625	0.00551
14	0.00854	0.00636	0.00794	0.00755	0.00914	0.00576	0.00566	0.01122	0.01698	0.02343	0.61008	0.04910	0.18856	0.01332	0.00735	0.00199	0.00298	0.01163	0.00665	0.00576
15	0.00830	0.00657	0.00756	0.00731	0.00915	0.00594	0.00551	0.01098	0.03754	0.02051	0.34913	0.05165	0.39678	0.01551	0.03779	0.00236	0.00367	0.01189	0.00616	0.00568
16	0.00763	0.00564	0.00715	0.00834	0.00904	0.00516	0.00573	0.00885	0.01241	0.01616	0.03949	0.62583	0.16708	0.01877	0.00787	0.00246	0.00360	0.03789	0.00578	0.00512
17	0.02327	0.02970	0.01766	0.01605	0.01926	0.75602	0.01204	0.02488	0.01766	0.01525	0.00963	0.01124	0.00803	0.00642	0.00562	0.00161	0.01124	0.00401	0.00321	0.00722
18	0.38605	0.01133	0.01182	0.00949	0.01398	0.01120	0.00779	0.02261	0.01379	0.30767	0.01527	0.01489	0.01053	0.00635	0.00492	0.00177	0.00498	0.00455	0.00534	0.13566
19	0.01634	0.02086	0.19359	0.01500	0.01991	0.15283	0.05342	0.10098	0.23110	0.02329	0.07586	0.03692	0.01659	0.00778	0.00627	0.00195	0.00747	0.00635	0.00470	0.00877
20	0.23567	0.27474	0.25293	0.01237	0.01852	0.01773	0.01348	0.05098	0.01303	0.02120	0.00983	0.01136	0.00778	0.00572	0.00469	0.00171	0.00691	0.00386	0.00317	0.03431
21	0.01403	0.29846	0.47568	0.01547	0.02323	0.01811	0.03756	0.01936	0.01302	0.01794	0.01033	0.01213	0.00797	0.00569	0.00528	0.00175	0.00834	0.00423	0.00266	0.00876
22	0.01580	0.68456	0.07260	0.01097	0.01619	0.02273	0.01109	0.01807	0.01257	0.01500	0.01011	0.04183	0.00958	0.00726	0.02815	0.00169	0.00701	0.00410	0.00281	0.00787
23	0.00832	0.00606	0.00781	0.00884	0.00969	0.00572	0.00633	0.02573	0.01326	0.01753	0.08869	0.55084	0.11068	0.01810	0.00789	0.00247	0.00384	0.09700	0.00587	0.00535
24	0.01461	0.19205	0.31905	0.01916	0.14632	0.05745	0.04260	0.02015	0.05884	0.01912	0.04555	0.01507	0.01140	0.00621	0.00567	0.00180	0.00793	0.00502	0.00320	0.00880
25	0.03068	0.00846	0.01166	0.06110	0.06800	0.00866	0.02959	0.04624	0.07310	0.04157	0.06450	0.43046	0.03102	0.01428	0.00722	0.00229	0.00475	0.03226	0.02759	0.00658
26	0.01139	0.00881	0.01045	0.01145	0.01303	0.06409	0.00964	0.01397	0.01455	0.04305	0.04775	0.13369	0.03411	0.01619	0.00820	0.00269	0.00586	0.53948	0.00564	0.00595
27	0.01382	0.01686	0.14989	0.22519	0.27227	0.01456	0.10396	0.04343	0.01402	0.01942	0.01333	0.01696	0.03388	0.00633	0.00673	0.00200	0.02978	0.00586	0.00312	0.00857
28	0.01535	0.12446	0.18316	0.01371	0.03991	0.03357	0.03048	0.08902	0.12235	0.07850	0.16148	0.04348	0.02169	0.00825	0.00615	0.00189	0.00630	0.00681	0.00491	0.00854
29	0.01474	0.01525	0.02015	0.38245	0.25539	0.14198	0.01654	0.01820	0.01388	0.01718	0.01187	0.04283	0.00994	0.00653	0.00617	0.00194	0.00836	0.00572	0.00305	0.00782
30	0.01107	0.00709	0.00959	0.01041	0.01203	0.00682	0.00868	0.01354	0.01434	0.08283	0.05491	0.16937	0.08528	0.01624	0.00807	0.00262	0.00504	0.45017	0.02584	0.00604
31	0.01509	0.04090	0.41588	0.01644	0.07224	0.03245	0.01712	0.04523	0.03610	0.11844	0.05195	0.03935	0.03582	0.02760	0.00680	0.00206	0.00760	0.00603	0.00403	0.00889
32	0.05264	0.01077	0.06057	0.01077	0.01404	0.03025	0.02999	0.01863	0.03812	0.23445	0.07161	0.15167	0.13933	0.01204	0.00695	0.00218	0.00517	0.09731	0.00598	0.00754
33	0.01177	0.01107	0.01869	0.76606	0.04291	0.01384	0.01730	0.01592	0.01246	0.01592	0.01107	0.01661	0.00831	0.00623	0.00623	0.00208	0.00831	0.00554	0.00277	0.00692
34	0.01500	0.01339	0.02272	0.04426	0.29310	0.03374	0.17925	0.01851	0.01472	0.08799	0.08454	0.04316	0.06367	0.00853	0.02365	0.00217	0.03166	0.00738	0.00413	0.00844
35	0.02103	0.01128	0.01680	0.01380	0.04338	0.01050	0.10533	0.06300	0.05949	0.40464	0.08355	0.07750	0.04280	0.00885	0.00666	0.00201	0.00576	0.00785	0.00649	0.00927
36	0.01555	0.05459	0.08901	0.21172	0.25326	0.07051	0.03567	0.04113	0.03878	0.05756	0.01295	0.01705	0.01037	0.00663	0.00671	0.00196	0.03887	0.02567	0.00347	0.00855
37	0.01275	0.01237	0.04191	0.27139	0.06770	0.06677	0.08741	0.01639	0.03887	0.04695	0.04178	0.20999	0.01945	0.02941	0.00741	0.00223	0.00708	0.00902	0.00410	0.00702
38	0.01532	0.01540	0.04997	0.03754	0.71777	0.01479	0.01925	0.01914	0.01415	0.02033	0.01170	0.01534	0.00980	0.00556	0.00616	0.00185	0.00746	0.00552	0.00307	0.00985
39	0.04332	0.01369	0.03518	0.04043	0.17895	0.03155	0.01234	0.13515	0.05369	0.34378	0.01895	0.03593	0.01340	0.00734	0.00619	0.00192	0.00628	0.00612	0.00585	0.00994
40	0.08910	0.05493	0.15857	0.01811	0.14873	0.12465	0.01416	0.18380	0.01768	0.04182	0.01572	0.03722	0.05441	0.00727	0.00588	0.00186	0.00751	0.00567	0.00415	0.00877
41	0.01509	0.01446	0.02469	0.10455	0.67846	0.01472	0.01896	0.01883	0.01403	0.01995	0.01166	0.01553	0.00973	0.00561	0.00617	0.00187	0.00748	0.00555	0.00306	0.00960
42	0.01493	0.01567	0.09575	0.09691	0.53715	0.01398	0.01819	0.01892	0.01414	0.04479	0.03783	0.01652	0.01144	0.00595	0.00615	0.00186	0.00735	0.00563	0.00332	0.03351
43	0.01690	0.10733	0.03819	0.10565	0.23461	0.06448	0.12164	0.07794	0.03764	0.07472	0.01366	0.01694	0.01079	0.00635	0.00608	0.00187	0.00773	0.02188	0.02681	0.00881
44	0.01651	0.06187	0.02364	0.03093	0.52947	0.05349	0.01674	0.04569	0.07520	0.04234	0.01296	0.01564	0.01057	0.00613	0.00649	0.00186	0.03183	0.00548	0.00358	0.00957
45	0.01597	0.01584	0.08278	0.04997	0.34164	0.05514	0.01530	0.09566	0.04130	0.05356	0.05367	0.03648	0.03273	0.00740	0.00704	0.00194	0.05061	0.00627	0.02776	0.00894
46	0.03660	0.12928	0.16418	0.02066	0.20955	0.06770	0.06176	0.03539	0.05215	0.04442	0.03439	0.01823	0.06045	0.00696	0.00637	0.00187	0.03201	0.00577	0.00364	0.00863
47	0.01596	0.08243	0.08075	0.01726	0.15183	0.03986	0.05266	0.07227	0.07773	0.11434	0.16919	0.04437	0.03774	0.00836	0.00636	0.00190	0.00616	0.00724	0.00504	0.00854
48	0.03992	0.06731	0.16493	0.02231	0.26565	0.05718	0.04416	0.05880	0.05588	0.06105	0.03334	0.03637	0.02937	0.00687	0.00600	0.00187	0.00726	0.00591	0.02687	0.00895
49	0.01563	0.10711	0.06234	0.01950	0.20007	0.03663	0.06613	0.09839	0.07566	0.04935	0.07282	0.06426	0.01645	0.00878	0.03028	0.00209	0.00697	0.00660	0.00433	0.05660
50	0.01570	0.03659	0.12986	0.03564	0.12878	0.05908	0.05094	0.09604	0.14820	0.06184	0.08616	0.04834	0.04031	0.00800	0.00633	0.00194	0.00670	0.00685	0.00475	0.02797
51	0.04273	0.08320	0.18901	0.01284	0.01784	0.07044	0.01251	0.13593	0.09273	0.09151	0.05584	0.02257	0.07689	0.00818	0.00601	0.00190	0.00661	0.02689	0.03782	0.00856
52	0.03534	0.06948	0.27942	0.01834	0.12082	0.05527	0.05754	0.02108	0.12018	0.03841	0.06711	0.01860	0.03229	0.00714	0.00653	0.00195	0.03205	0.00588	0.00385	0.00872
53	0.03676	0.08249	0.19767	0.01352	0.04966	0.01344	0.01264	0.09013	0.12920	0.10167	0.08481	0.02280	0.07843	0.00805	0.00602	0.00188	0.00609	0.00650	0.02483	0.03341

[dist]
# distance from previous block
# <min> <max>
16	154

[block]
# block no. 5 follows, 36 sequences, length 59
# corresponding to MSA columns:
# 406-464
name=unknown_F
#
# <colnr> <probs for GDERKNQSTAVLIFYWHMCP>
#	G	D	E	R	K	N	Q	S	T	A	V	L	I	F	Y	W	H	M	C	P
0	0.03528	0.06662	0.02077	0.19068	0.28317	0.06048	0.01500	0.08287	0.05958	0.04550	0.01320	0.01673	0.01060	0.00640	0.00594	0.00185	0.00727	0.02159	0.00375	0.05274
1	0.01392	0.01419	0.08403	0.19558	0.17434	0.05236	0.01387	0.07293	0.01506	0.04322	0.05541	0.09234	0.06710	0.00837	0.00633	0.00192	0.00677	0.00725	0.00407	0.07093
2	0.05279	0.01301	0.01420	0.11467	0.05715	0.11051	0.01026	0.09771	0.01626	0.12901	0.07335	0.14938	0.04034	0.00945	0.00630	0.00191	0.00618	0.00791	0.00502	0.08458
3	0.10055	0.01237	0.01422	0.05063	0.01649	0.05937	0.03310	0.12838	0.01723	0.19350	0.12077	0.06138	0.05925	0.00896	0.00693	0.00194	0.04471	0.00719	0.00556	0.05749
4	0.12243	0.03661	0.01348	0.01140	0.02976	0.12562	0.00880	0.08147	0.03291	0.15286	0.06270	0.09000	0.03586	0.00866	0.00583	0.00181	0.00585	0.02996	0.03672	0.10726
5	0.16713	0.12970	0.03441	0.11031	0.05458	0.03706	0.02776	0.09728	0.09494	0.02251	0.04913	0.05867	0.03061	0.00788	0.00648	0.00195	0.05150	0.00607	0.00420	0.00783
6	0.01598	0.09966	0.07057	0.01556	0.09532	0.12052	0.03178	0.10754	0.05315	0.03827	0.05111	0.09637	0.04083	0.00865	0.00657	0.00185	0.03246	0.02680	0.00437	0.08264
7	0.09069	0.07638	0.07547	0.01606	0.15018	0.01207	0.03155	0.07261	0.01513	0.10337	0.08312	0.16594	0.06231	0.00986	0.00631	0.00200	0.00570	0.00849	0.00486	0.00793
8	0.04118	0.01003	0.03649	0.01063	0.01372	0.02764	0.02864	0.01867	0.05892	0.22332	0.05022	0.15194	0.14644	0.01234	0.00702	0.00219	0.00507	0.12290	0.00602	0.02663
9	0.01610	0.08057	0.17963	0.02106	0.10891	0.09215	0.23415	0.10462	0.01640	0.02169	0.05495	0.01631	0.01198	0.00627	0.00633	0.00190	0.00875	0.00592	0.00359	0.00871
10	0.04142	0.61196	0.02827	0.01081	0.01575	0.04178	0.01027	0.02036	0.06555	0.06118	0.03489	0.01289	0.01089	0.00599	0.00446	0.00147	0.00640	0.00406	0.00343	0.00816
11	0.01338	0.01400	0.10137	0.01078	0.01649	0.01002	0.00970	0.04407	0.03202	0.02094	0.01151	0.01332	0.00934	0.00519	0.00542	0.00118	0.03123	0.00402	0.00370	0.64232
12	0.01969	0.14338	0.16527	0.06126	0.02074	0.08295	0.03361	0.09268	0.03931	0.23023	0.01614	0.04133	0.01191	0.00708	0.00585	0.00185	0.00727	0.00558	0.00476	0.00908
13	0.01058	0.00715	0.00923	0.00910	0.01025	0.00744	0.00661	0.04105	0.03248	0.05381	0.08584	0.14272	0.02633	0.24448	0.23577	0.00565	0.00851	0.05270	0.00471	0.00560
14	0.01512	0.01449	0.02474	0.09859	0.68419	0.01472	0.01897	0.01886	0.01404	0.01999	0.01167	0.01552	0.00974	0.00561	0.00617	0.00187	0.00748	0.00555	0.00306	0.00962
15	0.01492	0.01429	0.02438	0.13874	0.64561	0.01467	0.01887	0.01868	0.01395	0.01974	0.01163	0.01559	0.00965	0.00565	0.00618	0.00188	0.00753	0.00555	0.00304	0.00946
16	0.01626	0.01015	0.01217	0.01093	0.01389	0.01039	0.00865	0.08697	0.20239	0.19057	0.12052	0.13579	0.05206	0.01154	0.00696	0.00217	0.00479	0.08898	0.00655	0.00829
17	0.01562	0.01437	0.02439	0.09146	0.66291	0.01452	0.01861	0.01930	0.01419	0.04717	0.01215	0.01573	0.00996	0.00568	0.00618	0.00187	0.00739	0.00558	0.00323	0.00968
18	0.09622	0.09971	0.11932	0.04261	0.13719	0.05982	0.03583	0.11040	0.08269	0.04311	0.01423	0.05865	0.01180	0.00700	0.00572	0.00183	0.00693	0.00569	0.00409	0.05717
19	0.04878	0.44990	0.04394	0.01202	0.01693	0.10060	0.01102	0.16700	0.03816	0.02109	0.01098	0.01202	0.00905	0.00608	0.00476	0.00154	0.00703	0.00410	0.02654	0.00844
20	0.00891	0.00663	0.00979	0.00979	0.01082	0.00766	0.00751	0.01098	0.00995	0.01430	0.01690	0.02563	0.01608	0.09850	0.70525	0.00973	0.01594	0.00684	0.00337	0.00544
21	0.02332	0.01743	0.01944	0.01482	0.01986	0.01918	0.04075	0.69273	0.02870	0.03848	0.01486	0.01503	0.01055	0.00739	0.00628	0.00188	0.00701	0.00568	0.00611	0.01051
22	0.00865	0.00636	0.00809	0.00766	0.00920	0.00581	0.00575	0.01143	0.01724	0.02404	0.66033	0.04810	0.13793	0.01309	0.00735	0.00198	0.00296	0.01149	0.00673	0.00581
23	0.02763	0.01113	0.01478	0.01133	0.01617	0.00993	0.00936	0.08310	0.01871	0.69251	0.02385	0.02073	0.01505	0.00769	0.00626	0.00192	0.00542	0.00622	0.00760	0.01060
24	0.01639	0.01519	0.02434	0.03240	0.54379	0.03643	0.07478	0.04471	0.07940	0.05099	0.01359	0.01634	0.01086	0.00597	0.00627	0.00189	0.00744	0.00582	0.00368	0.00973
25	0.01666	0.78478	0.03265	0.01066	0.01599	0.02465	0.01066	0.01866	0.01266	0.01466	0.00866	0.00999	0.00800	0.00533	0.00400	0.00133	0.00666	0.00333	0.00267	0.00800
26	0.01303	0.01325	0.08132	0.01179	0.06055	0.00927	0.00954	0.01627	0.01302	0.02025	0.01112	0.01310	0.00915	0.00479	0.00483	0.00108	0.00521	0.00389	0.00356	0.69498
27	0.01777	0.01800	0.02387	0.05989	0.42494	0.18351	0.09414	0.02110	0.01519	0.06445	0.01212	0.01503	0.00969	0.00588	0.00618	0.00184	0.00852	0.00544	0.00340	0.00903
28	0.02644	0.01049	0.01413	0.01094	0.01552	0.00921	0.00900	0.04868	0.01815	0.67377	0.07636	0.02288	0.01845	0.00807	0.00634	0.00193	0.00517	0.00661	0.00761	0.01026
29	0.02104	0.01614	0.01721	0.01380	0.01831	0.01809	0.01120	0.49926	0.25573	0.03501	0.01832	0.01763	0.01331	0.00779	0.00627	0.00195	0.00623	0.00607	0.00627	0.01036
30	0.01568	0.27835	0.36845	0.01453	0.02153	0.01823	0.01653	0.09099	0.05988	0.04360	0.01204	0.01318	0.00914	0.00610	0.00535	0.00176	0.00773	0.00449	0.00340	0.00903
31	0.00882	0.00637	0.00833	0.00784	0.00931	0.00588	0.00588	0.01176	0.01764	0.02499	0.73888	0.04654	0.05879	0.01274	0.00735	0.00196	0.00294	0.01127	0.00686	0.00588
32	0.00882	0.00638	0.00887	0.00900	0.00974	0.00705	0.00650	0.01033	0.00993	0.01394	0.01915	0.09955	0.01993	0.24617	0.48680	0.00822	0.01253	0.00837	0.00369	0.00502
33	0.01542	0.01480	0.02529	0.03824	0.74217	0.01480	0.01912	0.01912	0.01419	0.02036	0.01172	0.01542	0.00987	0.00555	0.00617	0.00185	0.00740	0.00555	0.00308	0.00987
34	0.02368	0.01745	0.01870	0.01434	0.01932	0.01932	0.01184	0.72139	0.02929	0.03927	0.01496	0.01496	0.01060	0.00748	0.00623	0.00187	0.00686	0.00561	0.00623	0.01060
35	0.00751	0.00575	0.00690	0.00782	0.00881	0.00513	0.00540	0.00877	0.01275	0.01624	0.04479	0.51654	0.29489	0.01816	0.00774	0.00238	0.00345	0.01606	0.00578	0.00513
36	0.00906	0.00604	0.00680	0.00680	0.00680	0.00604	0.00378	0.00906	0.00906	0.01208	0.01963	0.04077	0.02265	0.78103	0.03171	0.00604	0.00604	0.00906	0.00378	0.00378
37	0.01550	0.01338	0.01409	0.01268	0.01620	0.01550	0.00986	0.03311	0.73091	0.02606	0.02536	0.02325	0.01902	0.00845	0.00634	0.00211	0.00493	0.00704	0.00634	0.00986
38	0.02093	0.01609	0.01715	0.01378	0.01827	0.01804	0.01118	0.49011	0.26505	0.03483	0.01845	0.01774	0.01343	0.00781	0.00627	0.00195	0.00621	0.00609	0.00627	0.01035
39	0.01493	0.01412	0.01903	0.01610	0.01674	0.01911	0.01340	0.10590	0.01208	0.01812	0.00905	0.01380	0.00849	0.01046	0.01862	0.00262	0.67147	0.00547	0.00318	0.00730
40	0.01539	0.07443	0.15770	0.03002	0.45163	0.01581	0.08388	0.06004	0.01481	0.02089	0.01167	0.01472	0.00938	0.00569	0.00608	0.00186	0.00793	0.00539	0.00316	0.00952
41	0.02106	0.05011	0.04751	0.01635	0.08971	0.03945	0.01256	0.45053	0.12945	0.05620	0.01592	0.01604	0.01164	0.00726	0.00612	0.00188	0.00678	0.00565	0.00561	0.01015
42	0.02041	0.03998	0.33206	0.01417	0.02070	0.01225	0.01536	0.02485	0.01534	0.38408	0.01772	0.01713	0.01169	0.00701	0.00664	0.00196	0.03825	0.00544	0.00519	0.00978
43	0.03252	0.05471	0.06999	0.05524	0.36093	0.03573	0.14088	0.03825	0.03059	0.08266	0.03011	0.01646	0.01125	0.00603	0.00624	0.00189	0.00776	0.00584	0.00369	0.00921
44	0.01544	0.14584	0.29332	0.02079	0.14033	0.08873	0.12393	0.04085	0.03798	0.01940	0.01151	0.01377	0.00892	0.00584	0.00586	0.00184	0.00869	0.00502	0.00307	0.00887
45	0.01471	0.01681	0.03676	0.02626	0.03256	0.01576	0.71954	0.01996	0.01471	0.01996	0.01261	0.01681	0.00945	0.00525	0.00735	0.00210	0.01050	0.00735	0.00315	0.00840
46	0.04197	0.12575	0.17150	0.01542	0.04292	0.09664	0.06933	0.04041	0.26565	0.02143	0.01727	0.01770	0.03314	0.00703	0.00587	0.00190	0.00725	0.00570	0.00427	0.00885
