[name]
unknown

[dist]
# distance from previous block
# <min> <max>
3	484

[block]
# block no. 0 follows, 28 sequences, length 8
# corresponding to MSA columns:
# 485-492
name=unknown_A
#
# <colnr> <probs for GDERKNQSTAVLIFYWHMCP>
#	G	D	E	R	K	N	Q	S	T	A	V	L	I	F	Y	W	H	M	C	P
0	0.01878	0.19169	0.16757	0.07991	0.14168	0.05476	0.01717	0.02412	0.05815	0.09888	0.04128	0.02040	0.03974	0.00787	0.00664	0.00210	0.00837	0.00632	0.00447	0.01012
1	0.08173	0.01146	0.01363	0.01210	0.01498	0.01240	0.00956	0.08744	0.08160	0.11121	0.13264	0.08223	0.11193	0.01914	0.11639	0.00386	0.07292	0.00986	0.00640	0.00853
2	0.01039	0.00866	0.00943	0.01037	0.01141	0.05810	0.00720	0.01208	0.01564	0.02019	0.13987	0.52665	0.10270	0.02009	0.00891	0.00273	0.00471	0.01791	0.00672	0.00625
3	0.02128	0.05200	0.14247	0.06405	0.12486	0.10316	0.13243	0.10945	0.04470	0.11079	0.01623	0.01817	0.01191	0.00738	0.00724	0.00222	0.00970	0.00651	0.00479	0.01064
4	0.01860	0.02274	0.12911	0.06841	0.14012	0.11811	0.18238	0.07167	0.06380	0.02391	0.01558	0.04491	0.01269	0.00798	0.00838	0.00233	0.04789	0.00723	0.00416	0.00998
5	0.02279	0.01196	0.01504	0.01242	0.01613	0.01223	0.01006	0.12904	0.02008	0.29170	0.06914	0.02587	0.02009	0.01508	0.09459	0.00335	0.05985	0.00748	0.15322	0.00990
6	0.01121	0.04767	0.04752	0.00980	0.01133	0.00921	0.00723	0.01360	0.05423	0.01720	0.02987	0.16244	0.09355	0.38839	0.06147	0.00532	0.00707	0.01185	0.00506	0.00598
7	0.02063	0.01935	0.07671	0.02685	0.25239	0.05346	0.07977	0.14175	0.09993	0.08688	0.02066	0.02204	0.04966	0.00819	0.00739	0.00225	0.00844	0.00726	0.00532	0.01107

[dist]
# distance from previous block
# <min> <max>
1	3

[block]
# block no. 1 follows, 28 sequences, length 9
# corresponding to MSA columns:
# 496-504
name=unknown_B
#
# <colnr> <probs for GDERKNQSTAVLIFYWHMCP>
#	G	D	E	R	K	N	Q	S	T	A	V	L	I	F	Y	W	H	M	C	P
0	0.05989	0.02626	0.10808	0.02166	0.11728	0.27741	0.05186	0.14554	0.02097	0.02576	0.01592	0.01776	0.04088	0.00782	0.00689	0.00208	0.01018	0.00600	0.00448	0.03329
1	0.05510	0.32044	0.05727	0.01572	0.05253	0.13788	0.01324	0.09367	0.09860	0.02329	0.01752	0.01834	0.05237	0.00793	0.00603	0.00193	0.00827	0.00570	0.00447	0.00968
2	0.01319	0.00855	0.01011	0.00940	0.01193	0.00793	0.00715	0.01729	0.07220	0.10666	0.28195	0.09277	0.25251	0.01493	0.00815	0.00235	0.00407	0.01277	0.05848	0.00761
3	0.02038	0.21409	0.13145	0.01893	0.06186	0.06561	0.10255	0.08594	0.08598	0.09197	0.01703	0.04350	0.01351	0.00789	0.00674	0.00211	0.00874	0.00657	0.00479	0.01035
4	0.04279	0.01241	0.03911	0.01227	0.01524	0.05610	0.03859	0.04476	0.07401	0.08107	0.09362	0.26799	0.16214	0.01550	0.00820	0.00252	0.00574	0.01346	0.00657	0.00791
5	0.00921	0.00679	0.00801	0.00881	0.00969	0.00626	0.00582	0.01032	0.01381	0.01773	0.04500	0.38125	0.22116	0.20304	0.01606	0.00384	0.00478	0.01666	0.00616	0.00559
6	0.01538	0.07570	0.09251	0.10473	0.19559	0.01638	0.16926	0.01999	0.01643	0.02242	0.09017	0.02616	0.07829	0.00869	0.00820	0.00230	0.03607	0.00814	0.00422	0.00938
7	0.02034	0.01786	0.06495	0.05886	0.42974	0.01684	0.04593	0.07700	0.05505	0.11642	0.01683	0.01931	0.01282	0.00722	0.00727	0.00222	0.00840	0.00671	0.00478	0.01146
8	0.01728	0.04350	0.10684	0.02877	0.28816	0.01639	0.12909	0.05776	0.05482	0.04519	0.01990	0.02421	0.05811	0.06656	0.00980	0.00264	0.00874	0.00765	0.00439	0.01021

[dist]
# distance from previous block
# <min> <max>
3	7

[block]
# block no. 2 follows, 28 sequences, length 23
# corresponding to MSA columns:
# 512-534
name=unknown_C
#
# <colnr> <probs for GDERKNQSTAVLIFYWHMCP>
#	G	D	E	R	K	N	Q	S	T	A	V	L	I	F	Y	W	H	M	C	P
0	0.04975	0.01634	0.01666	0.04881	0.04647	0.12982	0.01149	0.06769	0.10783	0.22028	0.06907	0.07152	0.05737	0.01019	0.00728	0.00222	0.00716	0.00829	0.00661	0.04514
1	0.02391	0.07144	0.10257	0.01739	0.02276	0.28396	0.01500	0.21341	0.12802	0.02833	0.01603	0.01672	0.01221	0.00807	0.00682	0.00209	0.00989	0.00580	0.00520	0.01036
2	0.01644	0.31786	0.29590	0.01507	0.02235	0.01973	0.01705	0.02128	0.01593	0.04822	0.08432	0.02162	0.05962	0.00824	0.00629	0.00201	0.00818	0.00627	0.00405	0.00956
3	0.11750	0.01815	0.01751	0.01632	0.05715	0.14282	0.01218	0.15101	0.05813	0.02710	0.05747	0.05858	0.09237	0.01093	0.00987	0.00239	0.12827	0.00794	0.00535	0.00896
4	0.01919	0.62918	0.11936	0.01374	0.02040	0.05850	0.01428	0.02225	0.01511	0.01786	0.01052	0.01218	0.00932	0.00636	0.00503	0.00166	0.00838	0.00411	0.00313	0.00946
5	0.01568	0.01477	0.02494	0.28259	0.40959	0.01588	0.02020	0.01992	0.01561	0.02147	0.01572	0.08177	0.01408	0.00818	0.00740	0.00232	0.00862	0.00771	0.00374	0.00981
6	0.01645	0.01570	0.02672	0.29167	0.46420	0.01687	0.02154	0.02096	0.01582	0.02187	0.01340	0.01849	0.01085	0.00676	0.00722	0.00225	0.00902	0.00647	0.00346	0.01027
7	0.02477	0.01529	0.01776	0.01426	0.01919	0.01562	0.01163	0.31596	0.05029	0.21623	0.02366	0.06207	0.01886	0.03481	0.00846	0.00242	0.00689	0.06183	0.00734	0.07266
8	0.05228	0.01240	0.01554	0.01204	0.01746	0.01079	0.00977	0.02901	0.06161	0.41198	0.05578	0.02474	0.03969	0.00862	0.00682	0.00197	0.00573	0.00700	0.00743	0.20935
9	0.00975	0.00724	0.00923	0.01012	0.01151	0.00672	0.00768	0.01205	0.01644	0.02162	0.17605	0.31197	0.18495	0.01968	0.00917	0.00281	0.00453	0.16517	0.00698	0.00633
10	0.01803	0.51717	0.17182	0.01491	0.02130	0.02558	0.01578	0.02151	0.01445	0.01835	0.01063	0.01291	0.00933	0.00713	0.00741	0.00190	0.09473	0.00448	0.00311	0.00945
11	0.01695	0.01898	0.03942	0.02869	0.03481	0.01904	0.56229	0.02231	0.01614	0.02231	0.01384	0.01898	0.01078	0.00724	0.01115	0.00257	0.13320	0.00821	0.00359	0.00949
12	0.03063	0.01270	0.01678	0.01299	0.01835	0.01142	0.01068	0.08790	0.02192	0.60122	0.07455	0.02620	0.02107	0.00939	0.00740	0.00225	0.00614	0.00766	0.00878	0.01198
13	0.00959	0.00673	0.00812	0.00892	0.00933	0.00643	0.00561	0.01035	0.01267	0.01668	0.03534	0.37818	0.09327	0.34047	0.02144	0.00471	0.00542	0.01577	0.00572	0.00526
14	0.01373	0.01292	0.02180	0.72707	0.05006	0.01615	0.02019	0.01857	0.01453	0.01857	0.01292	0.01938	0.00969	0.00727	0.00727	0.00242	0.00969	0.00646	0.00323	0.00807
15	0.01827	0.52488	0.18145	0.01436	0.02123	0.05607	0.01537	0.02197	0.01545	0.01902	0.04497	0.01465	0.01226	0.00686	0.00543	0.00177	0.00844	0.00471	0.00337	0.00947
16	0.01421	0.01205	0.01644	0.01784	0.11899	0.01285	0.03490	0.03664	0.19316	0.02527	0.15096	0.12855	0.05250	0.01646	0.06638	0.00328	0.03345	0.05102	0.00621	0.00887
17	0.01014	0.00668	0.00879	0.01007	0.01071	0.00623	0.00674	0.01137	0.01396	0.05093	0.03807	0.64719	0.04481	0.08306	0.01152	0.00326	0.00455	0.01917	0.00666	0.00609
18	0.00927	0.00680	0.00879	0.01015	0.01109	0.00632	0.00728	0.01098	0.01491	0.01950	0.06567	0.52831	0.14123	0.02151	0.00926	0.00291	0.00447	0.10869	0.00678	0.00608
19	0.01679	0.06107	0.15568	0.01986	0.13273	0.01563	0.03756	0.09941	0.07393	0.05106	0.11765	0.02875	0.07263	0.05025	0.00957	0.00254	0.03165	0.00820	0.00531	0.00973
20	0.01304	0.01257	0.01836	0.09008	0.10167	0.05667	0.11333	0.01622	0.01664	0.02140	0.11600	0.18849	0.17840	0.01374	0.00830	0.00246	0.00691	0.01251	0.00550	0.00773
21	0.01083	0.00749	0.00928	0.01023	0.01120	0.00750	0.00708	0.01428	0.09393	0.02048	0.03456	0.50978	0.03851	0.01975	0.01017	0.06908	0.00448	0.01632	0.09861	0.00644
22	0.01959	0.11319	0.07204	0.01371	0.01859	0.04139	0.01197	0.16511	0.15323	0.09682	0.03069	0.07641	0.13464	0.01108	0.00727	0.00226	0.00673	0.00891	0.00635	0.01002

[dist]
# distance from previous block
# <min> <max>
0	8

[block]
# block no. 3 follows, 28 sequences, length 129
# corresponding to MSA columns:
# 543-649,660-681
name=unknown_D
#
# <colnr> <probs for GDERKNQSTAVLIFYWHMCP>
#	G	D	E	R	K	N	Q	S	T	A	V	L	I	F	Y	W	H	M	C	P
0	0.02258	0.27835	0.11359	0.01662	0.02217	0.34459	0.01502	0.04496	0.04400	0.01952	0.01197	0.01356	0.00991	0.00711	0.00601	0.00185	0.01055	0.00469	0.00369	0.00926
1	0.01091	0.00853	0.01042	0.00957	0.01181	0.00808	0.00729	0.01498	0.05858	0.02667	0.47153	0.05196	0.18038	0.01458	0.00882	0.00228	0.02804	0.01250	0.00734	0.05574
2	0.04892	0.13928	0.16724	0.05759	0.04517	0.06592	0.07547	0.12505	0.04923	0.02574	0.01384	0.01601	0.01073	0.00715	0.00695	0.00203	0.02785	0.00562	0.00427	0.10595
3	0.02014	0.01531	0.01807	0.06782	0.07745	0.07784	0.03279	0.11607	0.10392	0.14147	0.16245	0.04672	0.04514	0.01022	0.00756	0.00224	0.00695	0.00866	0.00658	0.03258
4	0.00945	0.00681	0.00834	0.00901	0.01002	0.00625	0.00615	0.01065	0.01468	0.01918	0.12597	0.35428	0.20622	0.10615	0.01369	0.06044	0.00447	0.01617	0.00637	0.00570
5	0.15608	0.02933	0.46382	0.11533	0.03108	0.01673	0.04544	0.02212	0.01476	0.02416	0.01256	0.01541	0.00910	0.00690	0.00658	0.00231	0.00973	0.00537	0.00337	0.00983
6	0.04532	0.01860	0.07825	0.17364	0.05524	0.06498	0.04346	0.18100	0.07801	0.11856	0.01893	0.04007	0.01450	0.00876	0.00731	0.00232	0.00851	0.02660	0.00561	0.01032
7	0.01013	0.00730	0.01000	0.01055	0.01147	0.00763	0.00770	0.01208	0.01336	0.01841	0.08905	0.22517	0.03424	0.15927	0.28258	0.00696	0.01066	0.07205	0.00537	0.00603
8	0.00933	0.00739	0.00838	0.00814	0.01027	0.00645	0.00610	0.01185	0.01830	0.02376	0.34288	0.06318	0.42443	0.01687	0.00858	0.00238	0.00357	0.01439	0.00729	0.00645
9	0.02009	0.05054	0.02179	0.09471	0.15872	0.06389	0.01511	0.17137	0.24243	0.02979	0.04358	0.02173	0.01684	0.00853	0.00718	0.00225	0.00771	0.00707	0.00577	0.01088
10	0.01030	0.00729	0.00906	0.00966	0.00996	0.00741	0.00638	0.01112	0.01232	0.01649	0.02974	0.29060	0.03467	0.39583	0.02432	0.00512	0.03663	0.07242	0.00538	0.00529
11	0.02009	0.01200	0.01294	0.01086	0.01435	0.01263	0.00867	0.22966	0.04771	0.09962	0.02243	0.02379	0.01670	0.00866	0.00609	0.00193	0.00523	0.00681	0.43053	0.00929
12	0.00930	0.00739	0.00834	0.00810	0.01025	0.00644	0.00608	0.01180	0.01823	0.02359	0.33199	0.06345	0.43543	0.01693	0.00858	0.00238	0.00358	0.01443	0.00727	0.00644
13	0.04043	0.13612	0.33061	0.01800	0.05492	0.04065	0.04437	0.02152	0.01570	0.06773	0.01984	0.11658	0.04430	0.00956	0.00698	0.00226	0.00868	0.00789	0.00425	0.00961
14	0.01992	0.01099	0.01369	0.01232	0.01545	0.01073	0.00938	0.12974	0.04961	0.24118	0.03223	0.36109	0.03144	0.01549	0.00824	0.00258	0.00554	0.01353	0.00758	0.00928
15	0.01758	0.00910	0.01016	0.00908	0.01183	0.00907	0.00707	0.05271	0.06917	0.14376	0.07242	0.02817	0.02205	0.00913	0.00599	0.00191	0.00427	0.00742	0.50073	0.00836
16	0.01422	0.01372	0.02406	0.63453	0.07639	0.01640	0.07997	0.01916	0.01486	0.01922	0.01312	0.01934	0.00989	0.00713	0.00738	0.00241	0.00988	0.00665	0.00329	0.00838
17	0.01987	0.01565	0.02620	0.14636	0.31770	0.01588	0.09924	0.04554	0.04338	0.14691	0.01795	0.04236	0.01390	0.00773	0.00747	0.00229	0.00854	0.00739	0.00489	0.01074
18	0.04458	0.29535	0.34200	0.01704	0.02493	0.02131	0.04110	0.04947	0.01572	0.02185	0.01290	0.03831	0.01071	0.00739	0.00663	0.00207	0.02979	0.00547	0.00346	0.00992
19	0.01125	0.00839	0.01026	0.01092	0.01264	0.00812	0.00839	0.07229	0.01713	0.02214	0.04552	0.34449	0.19638	0.01976	0.00913	0.00287	0.00508	0.18171	0.00678	0.00675
20	0.01877	0.01096	0.01321	0.01152	0.01489	0.01086	0.00898	0.07088	0.13986	0.20487	0.21539	0.10055	0.06729	0.01242	0.00775	0.00233	0.00497	0.01060	0.06451	0.00939
21	0.02371	0.01762	0.01852	0.01529	0.02015	0.04977	0.01225	0.28272	0.29894	0.11916	0.04710	0.02341	0.01891	0.00938	0.00734	0.00230	0.00692	0.00747	0.00740	0.01164
22	0.04378	0.01427	0.01569	0.01232	0.01766	0.06171	0.00989	0.04963	0.05525	0.21487	0.06746	0.02313	0.01835	0.00808	0.00653	0.00177	0.00619	0.02588	0.00620	0.34133
23	0.01941	0.01543	0.01657	0.01419	0.01819	0.01731	0.01108	0.21648	0.37498	0.03319	0.08637	0.02874	0.02401	0.07852	0.01023	0.00279	0.00631	0.00841	0.00714	0.01066
24	0.01228	0.00918	0.01138	0.01188	0.01416	0.00902	0.01003	0.07527	0.01843	0.02363	0.06649	0.07176	0.22312	0.01839	0.00933	0.00296	0.00587	0.39294	0.00680	0.00707
25	0.01507	0.01292	0.01507	0.01077	0.01723	0.00969	0.00861	0.01830	0.01507	0.02369	0.01292	0.01507	0.01077	0.00538	0.00538	0.00108	0.00538	0.00431	0.00431	0.78898
26	0.01029	0.00743	0.00972	0.00914	0.01086	0.00686	0.00686	0.01372	0.02058	0.02915	0.69536	0.05430	0.06859	0.01486	0.00857	0.00229	0.00343	0.01315	0.00800	0.00686
27	0.01309	0.00970	0.01212	0.01178	0.01408	0.00985	0.00954	0.07812	0.08144	0.02836	0.35313	0.05757	0.05022	0.01556	0.00883	0.00264	0.00515	0.22362	0.00744	0.00774
28	0.00886	0.00633	0.00843	0.01012	0.01054	0.00590	0.00675	0.01012	0.01392	0.01856	0.04006	0.73979	0.04808	0.02277	0.00928	0.00295	0.00422	0.02066	0.00675	0.00590
29	0.00886	0.00633	0.00843	0.01012	0.01054	0.00590	0.00675	0.01012	0.01392	0.01856	0.04006	0.73979	0.04808	0.02277	0.00928	0.00295	0.00422	0.02066	0.00675	0.00590
30	0.51203	0.01465	0.01307	0.01111	0.01558	0.01649	0.00908	0.17325	0.01841	0.03487	0.07823	0.01936	0.04144	0.00842	0.00569	0.00224	0.00590	0.00585	0.00556	0.00876
31	0.01943	0.74891	0.03809	0.01244	0.01866	0.02876	0.01244	0.02177	0.01477	0.01710	0.01011	0.01166	0.00933	0.00622	0.00466	0.00155	0.00777	0.00389	0.00311	0.00933
32	0.01065	0.00869	0.00965	0.00961	0.01207	0.00827	0.00753	0.01558	0.11137	0.02278	0.14613	0.06371	0.41248	0.01699	0.00865	0.00257	0.00442	0.11477	0.00700	0.00708
33	0.01057	0.00705	0.00793	0.00793	0.00793	0.00705	0.00440	0.01057	0.01057	0.01409	0.02290	0.04757	0.02643	0.74454	0.03700	0.00705	0.00705	0.01057	0.00440	0.00440
34	0.01924	0.72062	0.06469	0.01277	0.01917	0.02829	0.01301	0.02182	0.01479	0.01734	0.01022	0.01181	0.00932	0.00625	0.00475	0.00158	0.00789	0.00395	0.00311	0.00938
35	0.02497	0.01272	0.01575	0.01275	0.01730	0.01238	0.01028	0.11753	0.10972	0.37086	0.16274	0.03014	0.02809	0.01025	0.00751	0.00226	0.00574	0.00850	0.02952	0.01098
36	0.01154	0.00951	0.03838	0.01135	0.01336	0.00856	0.00915	0.04586	0.04896	0.02537	0.29444	0.24221	0.05045	0.01723	0.00888	0.00269	0.00492	0.14284	0.00714	0.00719
37	0.01808	0.01561	0.01644	0.01479	0.01890	0.01808	0.01151	0.03863	0.68606	0.03041	0.02959	0.02712	0.02219	0.00986	0.00740	0.00247	0.00575	0.00822	0.00740	0.01151
38	0.00886	0.00633	0.00843	0.01012	0.01054	0.00590	0.00675	0.01012	0.01392	0.01856	0.04006	0.73979	0.04808	0.02277	0.00928	0.00295	0.00422	0.02066	0.00675	0.00590
39	0.02181	0.49184	0.03290	0.01500	0.02068	0.18118	0.04083	0.08320	0.01795	0.02014	0.01122	0.01285	0.00969	0.00673	0.00549	0.00172	0.00918	0.00451	0.00366	0.00942
40	0.01575	0.01365	0.02266	0.14634	0.30043	0.01414	0.06407	0.01951	0.01612	0.05289	0.10260	0.04684	0.02127	0.07731	0.01078	0.00274	0.03003	0.00830	0.02533	0.00920
41	0.01596	0.00748	0.00805	0.00755	0.00974	0.00727	0.00579	0.01927	0.01595	0.11256	0.02434	0.02680	0.01855	0.00854	0.00536	0.00176	0.00374	0.00684	0.68696	0.00748
42	0.01489	0.03541	0.62593	0.02193	0.03226	0.01706	0.10561	0.02305	0.01557	0.02305	0.01325	0.01587	0.00943	0.00681	0.00711	0.00232	0.01093	0.00576	0.00314	0.01063
43	0.01736	0.04347	0.17287	0.06169	0.14790	0.04939	0.30498	0.02302	0.01666	0.04452	0.01510	0.04188	0.01200	0.00711	0.00771	0.00233	0.01065	0.00750	0.00378	0.01009
44	0.00902	0.00674	0.00843	0.00971	0.01072	0.00615	0.00684	0.01058	0.01478	0.01907	0.04804	0.52659	0.20390	0.02151	0.00917	0.00286	0.00428	0.06882	0.00674	0.00602
45	0.01057	0.00705	0.00793	0.00793	0.00793	0.00705	0.00440	0.01057	0.01057	0.01409	0.02290	0.04757	0.02643	0.74454	0.03700	0.00705	0.00705	0.01057	0.00440	0.00440
46	0.01963	0.01968	0.10294	0.01959	0.08543	0.06769	0.06547	0.09477	0.27666	0.07723	0.02312	0.05592	0.01837	0.00948	0.00750	0.00238	0.00788	0.02944	0.00602	0.01079
47	0.01047	0.00745	0.00995	0.00995	0.01065	0.00815	0.00693	0.01187	0.01117	0.01559	0.02105	0.03732	0.02198	0.37257	0.40288	0.00955	0.01374	0.00907	0.00413	0.00553
48	0.01023	0.00743	0.00964	0.00909	0.01082	0.00683	0.00681	0.01361	0.02044	0.02883	0.67460	0.05482	0.08955	0.01498	0.00857	0.00229	0.00344	0.01322	0.00796	0.00683
49	0.01482	0.03595	0.64614	0.02163	0.03206	0.01702	0.08594	0.02304	0.01551	0.02304	0.01320	0.01574	0.00937	0.00683	0.00706	0.00232	0.01088	0.00566	0.00312	0.01066
50	0.02297	0.10676	0.15989	0.02026	0.06640	0.34591	0.04197	0.10961	0.02031	0.02294	0.01256	0.01451	0.00991	0.00729	0.00663	0.00200	0.01111	0.00523	0.00399	0.00973
51	0.11964	0.02463	0.01652	0.01571	0.01883	0.43407	0.01201	0.02364	0.01816	0.02034	0.01872	0.11362	0.01880	0.01116	0.00715	0.00227	0.01011	0.10219	0.00465	0.00779
52	0.01016	0.00733	0.00960	0.00923	0.01083	0.00677	0.00685	0.01339	0.01997	0.02818	0.63542	0.11700	0.06671	0.01558	0.00864	0.00235	0.00350	0.01383	0.00789	0.00677
53	0.01988	0.02298	0.17258	0.01567	0.02117	0.14536	0.01467	0.15228	0.08692	0.07257	0.11458	0.02741	0.08262	0.00993	0.00737	0.00222	0.00821	0.00785	0.00584	0.00986
54	0.01161	0.00917	0.01068	0.00999	0.01237	0.00911	0.00758	0.01838	0.16217	0.02748	0.42648	0.05167	0.18628	0.01451	0.00833	0.00236	0.00398	0.01254	0.00762	0.00771
55	0.01243	0.00638	0.00933	0.00933	0.00933	0.00638	0.00614	0.00957	0.00957	0.01276	0.01358	0.02447	0.01391	0.09234	0.02921	0.71562	0.00638	0.00671	0.00327	0.00327
56	0.01772	0.01699	0.02901	0.08847	0.65748	0.01720	0.02217	0.02207	0.01642	0.02342	0.01362	0.01808	0.01140	0.00653	0.00720	0.00218	0.00870	0.00648	0.00357	0.01129
57	0.01577	0.03602	0.64422	0.02035	0.03065	0.01740	0.02566	0.08265	0.01707	0.02510	0.01345	0.01554	0.00950	0.00707	0.00694	0.00229	0.01049	0.00548	0.00345	0.01089
58	0.01872	0.34600	0.32001	0.01646	0.02445	0.05336	0.01862	0.05324	0.01645	0.05353	0.01262	0.01418	0.00983	0.00681	0.00595	0.00195	0.00921	0.00484	0.00359	0.01017
59	0.00996	0.00768	0.00975	0.01052	0.01148	0.00779	0.00771	0.01162	0.01443	0.01915	0.04293	0.42007	0.17723	0.04350	0.01132	0.00300	0.07223	0.08005	0.03338	0.00620
60	0.01051	0.00702	0.00795	0.00801	0.00803	0.00700	0.00449	0.01055	0.01070	0.01426	0.02356	0.07392	0.02725	0.71707	0.03594	0.00689	0.00694	0.01096	0.00449	0.00446
61	0.01057	0.00705	0.00793	0.00793	0.00793	0.00705	0.00440	0.01057	0.01057	0.01409	0.02290	0.04757	0.02643	0.74454	0.03700	0.00705	0.00705	0.01057	0.00440	0.00440
62	0.07434	0.01642	0.01717	0.01423	0.01885	0.04399	0.01141	0.25460	0.21853	0.11882	0.08851	0.02602	0.04516	0.00984	0.00727	0.00228	0.00657	0.00783	0.00725	0.01091
63	0.02575	0.01463	0.01835	0.01401	0.01959	0.01390	0.03881	0.21299	0.02296	0.31119	0.02208	0.04159	0.01566	0.00851	0.00695	0.00202	0.00663	0.00695	0.04214	0.15529
64	0.01355	0.00678	0.00678	0.00678	0.00847	0.00678	0.00508	0.01694	0.01524	0.02710	0.02371	0.02710	0.01863	0.00847	0.00508	0.00169	0.00339	0.00678	0.78489	0.00678
65	0.01799	0.01727	0.02950	0.04462	0.69919	0.01727	0.02231	0.02231	0.01655	0.02375	0.01367	0.01799	0.01151	0.00648	0.00720	0.00216	0.00864	0.00648	0.00360	0.01151
66	0.02605	0.03281	0.02076	0.01876	0.02214	0.64737	0.01423	0.02789	0.01967	0.01776	0.01107	0.01338	0.00938	0.00800	0.00825	0.00200	0.08355	0.00485	0.00369	0.00838
67	0.02484	0.02947	0.01984	0.01769	0.02117	0.53585	0.01350	0.08704	0.02118	0.02142	0.07427	0.01748	0.01507	0.00866	0.00806	0.00203	0.06363	0.00575	0.00442	0.00862
68	0.00879	0.00657	0.00818	0.00946	0.01037	0.00596	0.00645	0.01020	0.01455	0.01881	0.04811	0.57933	0.20335	0.02173	0.00911	0.00283	0.00409	0.01939	0.00675	0.00596
69	0.00886	0.00633	0.00843	0.01012	0.01054	0.00590	0.00675	0.01012	0.01392	0.01856	0.04006	0.73979	0.04808	0.02277	0.00928	0.00295	0.00422	0.02066	0.00675	0.00590
70	0.01373	0.01292	0.02180	0.72707	0.05006	0.01615	0.02019	0.01857	0.01453	0.01857	0.01292	0.01938	0.00969	0.00727	0.00727	0.00242	0.00969	0.00646	0.00323	0.00807
71	0.01159	0.00828	0.01157	0.01324	0.01486	0.00826	0.01149	0.01484	0.01661	0.02161	0.03856	0.11149	0.04211	0.02020	0.01001	0.00333	0.00658	0.62203	0.00670	0.00666
72	0.01355	0.00678	0.00678	0.00678	0.00847	0.00678	0.00508	0.01694	0.01524	0.02710	0.02371	0.02710	0.01863	0.00847	0.00508	0.00169	0.00339	0.00678	0.78489	0.00678
73	0.02715	0.03464	0.02060	0.01873	0.02247	0.71536	0.01404	0.02903	0.02060	0.01779	0.01124	0.01311	0.00936	0.00749	0.00655	0.00187	0.01311	0.00468	0.00375	0.00843
74	0.01943	0.74891	0.03809	0.01244	0.01866	0.02876	0.01244	0.02177	0.01477	0.01710	0.01011	0.01166	0.00933	0.00622	0.00466	0.00155	0.00777	0.00389	0.00311	0.00933
75	0.00886	0.00633	0.00843	0.01012	0.01054	0.00590	0.00675	0.01012	0.01392	0.01856	0.04006	0.73979	0.04808	0.02277	0.00928	0.00295	0.00422	0.02066	0.00675	0.00590
76	0.00886	0.00633	0.00843	0.01012	0.01054	0.00590	0.00675	0.01012	0.01392	0.01856	0.04006	0.73979	0.04808	0.02277	0.00928	0.00295	0.00422	0.02066	0.00675	0.00590
77	0.01373	0.01292	0.02180	0.72707	0.05006	0.01615	0.02019	0.01857	0.01453	0.01857	0.01292	0.01938	0.00969	0.00727	0.00727	0.00242	0.00969	0.00646	0.00323	0.00807
78	0.01385	0.01304	0.02202	0.70790	0.06830	0.01618	0.02025	0.01868	0.01459	0.01872	0.01294	0.01934	0.00974	0.00725	0.00727	0.00242	0.00966	0.00646	0.00324	0.00817
79	0.00886	0.00633	0.00843	0.01012	0.01054	0.00590	0.00675	0.01012	0.01392	0.01856	0.04006	0.73979	0.04808	0.02277	0.00928	0.00295	0.00422	0.02066	0.00675	0.00590
80	0.02648	0.01968	0.02120	0.01618	0.02206	0.02137	0.01334	0.61490	0.03243	0.04379	0.01704	0.01723	0.01222	0.00842	0.00710	0.00208	0.00776	0.00634	0.00700	0.08339
81	0.01373	0.01292	0.02180	0.72707	0.05006	0.01615	0.02019	0.01857	0.01453	0.01857	0.01292	0.01938	0.00969	0.00727	0.00727	0.00242	0.00969	0.00646	0.00323	0.00807
82	0.02739	0.01854	0.02042	0.01590	0.02149	0.02012	0.01305	0.50097	0.10379	0.15110	0.02061	0.01970	0.01436	0.00890	0.00729	0.00222	0.00746	0.00685	0.00757	0.01227
83	0.01765	0.01924	0.03973	0.03071	0.09706	0.01841	0.56025	0.04701	0.04770	0.02445	0.01538	0.01972	0.01162	0.00642	0.00835	0.00242	0.01148	0.00830	0.00396	0.01013
84	0.02472	0.02854	0.02670	0.02168	0.02661	0.45858	0.20296	0.02789	0.01963	0.07452	0.01363	0.01591	0.01054	0.00722	0.00720	0.00207	0.01231	0.00601	0.00415	0.00914
85	0.01808	0.01561	0.01644	0.01479	0.01890	0.01808	0.01151	0.03863	0.68606	0.03041	0.02959	0.02712	0.02219	0.00986	0.00740	0.00247	0.00575	0.00822	0.00740	0.01151
86	0.01060	0.00793	0.01082	0.07481	0.01445	0.00771	0.00808	0.01416	0.02002	0.02818	0.63294	0.05110	0.06320	0.01417	0.00845	0.00230	0.00400	0.01253	0.00757	0.00697
87	0.01057	0.00705	0.00793	0.00793	0.00793	0.00705	0.00440	0.01057	0.01057	0.01409	0.02290	0.04757	0.02643	0.74454	0.03700	0.00705	0.00705	0.01057	0.00440	0.00440
88	0.01355	0.00678	0.00678	0.00678	0.00847	0.00678	0.00508	0.01694	0.01524	0.02710	0.02371	0.02710	0.01863	0.00847	0.00508	0.00169	0.00339	0.00678	0.78489	0.00678
89	0.79588	0.01406	0.01068	0.00956	0.01406	0.01631	0.00787	0.02137	0.01237	0.03261	0.01012	0.01181	0.00787	0.00675	0.00450	0.00225	0.00562	0.00394	0.00450	0.00787
90	0.01404	0.01353	0.02373	0.66337	0.04896	0.01635	0.07988	0.01900	0.01477	0.01900	0.01308	0.01940	0.00981	0.00716	0.00739	0.00243	0.00992	0.00665	0.00327	0.00823
91	0.00859	0.00736	0.00736	0.00736	0.00982	0.00614	0.00552	0.01043	0.01657	0.01964	0.07364	0.06996	0.69624	0.01841	0.00859	0.00245	0.00368	0.01534	0.00675	0.00614
92	0.00918	0.00684	0.00978	0.01092	0.01161	0.00639	0.03273	0.01063	0.01404	0.01874	0.03907	0.71170	0.04663	0.02212	0.00925	0.00293	0.00453	0.02019	0.00663	0.00606
93	0.00912	0.00652	0.00874	0.01043	0.01096	0.00613	0.00721	0.01058	0.01418	0.01885	0.03992	0.67844	0.04749	0.02252	0.00935	0.00299	0.00445	0.07939	0.00674	0.00598
94	0.01057	0.00705	0.00793	0.00793	0.00793	0.00705	0.00440	0.01057	0.01057	0.01409	0.02290	0.04757	0.02643	0.74454	0.03700	0.00705	0.00705	0.01057	0.00440	0.00440
95	0.00886	0.00633	0.00843	0.01012	0.01054	0.00590	0.00675	0.01012	0.01392	0.01856	0.04006	0.73979	0.04808	0.02277	0.00928	0.00295	0.00422	0.02066	0.00675	0.00590
96	0.03171	0.01382	0.01776	0.01362	0.01928	0.01283	0.01125	0.15127	0.02323	0.58496	0.02664	0.02342	0.01697	0.00895	0.00730	0.00224	0.00651	0.00717	0.00868	0.01237
97	0.01716	0.01627	0.02758	0.04146	0.63621	0.01623	0.02089	0.02119	0.01631	0.02327	0.01609	0.08401	0.01486	0.00797	0.00739	0.00223	0.00823	0.00777	0.00389	0.01100
98	0.01057	0.00705	0.00793	0.00793	0.00793	0.00705	0.00440	0.01057	0.01057	0.01409	0.02290	0.04757	0.02643	0.74454	0.03700	0.00705	0.00705	0.01057	0.00440	0.00440
99	0.01057	0.00705	0.00793	0.00793	0.00793	0.00705	0.00440	0.01057	0.01057	0.01409	0.02290	0.04757	0.02643	0.74454	0.03700	0.00705	0.00705	0.01057	0.00440	0.00440
100	0.01507	0.01292	0.01507	0.01077	0.01723	0.00969	0.00861	0.01830	0.01507	0.02369	0.01292	0.01507	0.01077	0.00538	0.00538	0.00108	0.00538	0.00431	0.00431	0.78898
101	0.01057	0.00705	0.00793	0.00793	0.00793	0.00705	0.00440	0.01057	0.01057	0.01409	0.02290	0.04757	0.02643	0.74454	0.03700	0.00705	0.00705	0.01057	0.00440	0.00440
102	0.02763	0.02036	0.02182	0.01672	0.02254	0.02254	0.01382	0.67496	0.03418	0.04581	0.01745	0.01745	0.01236	0.00873	0.00727	0.00218	0.00800	0.00654	0.00727	0.01236
103	0.01458	0.03760	0.70688	0.02072	0.03146	0.01688	0.02686	0.02302	0.01535	0.02302	0.01304	0.01535	0.00921	0.00691	0.00691	0.00230	0.01074	0.00537	0.00307	0.01074
104	0.01373	0.01292	0.02180	0.72707	0.05006	0.01615	0.02019	0.01857	0.01453	0.01857	0.01292	0.01938	0.00969	0.00727	0.00727	0.00242	0.00969	0.00646	0.00323	0.00807
105	0.02763	0.02036	0.02182	0.01672	0.02254	0.02254	0.01382	0.67496	0.03418	0.04581	0.01745	0.01745	0.01236	0.00873	0.00727	0.00218	0.00800	0.00654	0.00727	0.01236
106	0.79588	0.01406	0.01068	0.00956	0.01406	0.01631	0.00787	0.02137	0.01237	0.03261	0.01012	0.01181	0.00787	0.00675	0.00450	0.00225	0.00562	0.00394	0.00450	0.00787
107	0.00891	0.00637	0.00848	0.01008	0.01056	0.00594	0.00675	0.01026	0.01417	0.01896	0.06534	0.71336	0.04887	0.02247	0.00925	0.00293	0.00419	0.02037	0.00680	0.00594
108	0.02715	0.03464	0.02060	0.01873	0.02247	0.71536	0.01404	0.02903	0.02060	0.01779	0.01124	0.01311	0.00936	0.00749	0.00655	0.00187	0.01311	0.00468	0.00375	0.00843
109	0.00866	0.00737	0.00746	0.00744	0.00986	0.00617	0.00558	0.01057	0.01674	0.02004	0.09991	0.06929	0.66972	0.01826	0.00859	0.00245	0.00367	0.01525	0.00680	0.00617
110	0.00991	0.00742	0.00920	0.00875	0.01063	0.00670	0.00656	0.01299	0.01969	0.02705	0.55846	0.05775	0.20680	0.01564	0.00858	0.00232	0.00348	0.01363	0.00773	0.00670
111	0.02763	0.02036	0.02182	0.01672	0.02254	0.02254	0.01382	0.67496	0.03418	0.04581	0.01745	0.01745	0.01236	0.00873	0.00727	0.00218	0.00800	0.00654	0.00727	0.01236
112	0.01458	0.03760	0.70688	0.02072	0.03146	0.01688	0.02686	0.02302	0.01535	0.02302	0.01304	0.01535	0.00921	0.00691	0.00691	0.00230	0.01074	0.00537	0.00307	0.01074
113	0.01057	0.00705	0.00793	0.00793	0.00793	0.00705	0.00440	0.01057	0.01057	0.01409	0.02290	0.04757	0.02643	0.74454	0.03700	0.00705	0.00705	0.01057	0.00440	0.00440
114	0.02715	0.03464	0.02060	0.01873	0.02247	0.71536	0.01404	0.02903	0.02060	0.01779	0.01124	0.01311	0.00936	0.00749	0.00655	0.00187	0.01311	0.00468	0.00375	0.00843
115	0.01068	0.00775	0.00972	0.01051	0.01163	0.00752	0.00735	0.07125	0.01646	0.02199	0.09493	0.58409	0.07726	0.02061	0.00900	0.00280	0.00447	0.01849	0.00690	0.00659
116	0.01573	0.20674	0.54785	0.01875	0.02842	0.01971	0.02343	0.02272	0.01521	0.02161	0.01235	0.01447	0.00924	0.00674	0.00637	0.00212	0.01004	0.00502	0.00308	0.01041
117	0.02715	0.03464	0.02060	0.01873	0.02247	0.71536	0.01404	0.02903	0.02060	0.01779	0.01124	0.01311	0.00936	0.00749	0.00655	0.00187	0.01311	0.00468	0.00375	0.00843
118	0.01118	0.00904	0.01124	0.01068	0.01214	0.00969	0.00802	0.01469	0.06640	0.02226	0.24528	0.11769	0.17162	0.09862	0.05958	0.00365	0.10268	0.01244	0.00627	0.00682
119	0.01808	0.01561	0.01644	0.01479	0.01890	0.01808	0.01151	0.03863	0.68606	0.03041	0.02959	0.02712	0.02219	0.00986	0.00740	0.00247	0.00575	0.00822	0.00740	0.01151
120	0.01508	0.06403	0.61832	0.02257	0.09203	0.01739	0.02587	0.02291	0.01543	0.02285	0.01299	0.01544	0.00942	0.00684	0.00684	0.00226	0.01043	0.00541	0.00312	0.01076
121	0.01048	0.00741	0.00978	0.00978	0.01042	0.00805	0.00671	0.01176	0.01112	0.01547	0.02121	0.03819	0.02236	0.40415	0.37181	0.00933	0.01318	0.00920	0.00415	0.00543
122	0.65270	0.01814	0.07653	0.01144	0.01645	0.08030	0.01021	0.02222	0.01340	0.03036	0.01050	0.01226	0.00813	0.00683	0.00491	0.00222	0.00679	0.00414	0.00430	0.00819
123	0.08998	0.08050	0.01575	0.01220	0.01549	0.05993	0.00959	0.11119	0.08618	0.07943	0.13585	0.12798	0.02957	0.08035	0.01011	0.00276	0.00631	0.03195	0.00631	0.00857
124	0.01815	0.34148	0.29181	0.01642	0.02396	0.08599	0.01805	0.02449	0.07814	0.02068	0.01316	0.01465	0.01048	0.00694	0.00595	0.00196	0.00922	0.00493	0.00355	0.00999
125	0.18310	0.02050	0.03838	0.02070	0.15919	0.15419	0.01404	0.15139	0.04369	0.05768	0.01431	0.01592	0.01102	0.00731	0.00636	0.00205	0.00832	0.00548	0.00494	0.08144
126	0.02549	0.03959	0.02219	0.02112	0.14401	0.10687	0.01462	0.29385	0.08881	0.14202	0.01875	0.01894	0.01359	0.00825	0.00711	0.00216	0.00825	0.00651	0.00634	0.01155
127	0.01742	0.18677	0.24641	0.01635	0.02323	0.05823	0.06585	0.08363	0.01790	0.04925	0.02463	0.02537	0.13694	0.00911	0.00687	0.00214	0.00859	0.00727	0.00447	0.00959
128	0.07967	0.15273	0.11665	0.01614	0.03835	0.16450	0.01423	0.02296	0.08001	0.02138	0.01840	0.09278	0.01750	0.01043	0.00805	0.00231	0.06064	0.06998	0.00448	0.00880

[dist]
# distance from previous block
# <min> <max>
5	19

[block]
# block no. 4 follows, 28 sequences, length 64
# corresponding to MSA columns:
# 701-764
name=unknown_E
#
# <colnr> <probs for GDERKNQSTAVLIFYWHMCP>
#	G	D	E	R	K	N	Q	S	T	A	V	L	I	F	Y	W	H	M	C	P
0	0.01724	0.24427	0.07909	0.01328	0.01814	0.04002	0.01194	0.06851	0.09670	0.02420	0.09296	0.03239	0.15409	0.01306	0.03834	0.00269	0.00755	0.00848	0.00561	0.03143
1	0.09331	0.06642	0.05522	0.02356	0.22613	0.03946	0.03656	0.02391	0.05473	0.10583	0.03785	0.06449	0.03727	0.00924	0.00730	0.00232	0.00766	0.00761	0.00537	0.09578
2	0.01982	0.12278	0.33750	0.01834	0.02630	0.01932	0.04097	0.13975	0.07098	0.05787	0.01689	0.01862	0.01267	0.00821	0.00718	0.00235	0.00926	0.00617	0.02528	0.03973
3	0.01915	0.26907	0.25352	0.02233	0.10268	0.04777	0.11253	0.02385	0.01661	0.04341	0.01397	0.01687	0.01120	0.00740	0.00692	0.00225	0.00998	0.00587	0.00386	0.01074
4	0.02009	0.01718	0.01764	0.01776	0.09373	0.12873	0.01233	0.09302	0.09569	0.08843	0.03061	0.10941	0.11970	0.01258	0.00864	0.00253	0.03223	0.03781	0.00633	0.05558
5	0.02047	0.01803	0.02571	0.03095	0.35905	0.05028	0.05968	0.06203	0.09162	0.06661	0.01751	0.02038	0.01397	0.00779	0.00751	0.00226	0.00846	0.00681	0.00507	0.12579
6	0.01366	0.01121	0.01165	0.01161	0.01383	0.05369	0.00869	0.08573	0.01883	0.02387	0.08221	0.26772	0.25773	0.01858	0.00916	0.00285	0.00569	0.08864	0.00703	0.00763
7	0.01657	0.01488	0.02238	0.02845	0.35799	0.01450	0.03173	0.05598	0.07004	0.02603	0.11343	0.02531	0.04611	0.00830	0.00720	0.00204	0.00700	0.00758	0.00495	0.13953
8	0.00911	0.00748	0.00808	0.00821	0.01050	0.00645	0.00634	0.01128	0.01700	0.02085	0.13385	0.06966	0.56009	0.01823	0.00875	0.00253	0.00398	0.08448	0.00687	0.00627
9	0.02028	0.67088	0.03618	0.01312	0.01907	0.10377	0.01261	0.02256	0.01541	0.01718	0.01023	0.01182	0.00933	0.00636	0.00487	0.00159	0.00836	0.00397	0.00318	0.00923
10	0.01306	0.01190	0.01523	0.01523	0.05568	0.08712	0.04742	0.01571	0.01318	0.01757	0.01818	0.02694	0.01694	0.08739	0.51376	0.00924	0.01694	0.00759	0.00388	0.00705
11	0.02379	0.17259	0.02415	0.01705	0.02110	0.38117	0.01375	0.09486	0.06179	0.02137	0.01263	0.01448	0.01050	0.00812	0.00830	0.00203	0.09386	0.00514	0.00415	0.00916
12	0.00915	0.00645	0.00835	0.00974	0.01009	0.00610	0.00634	0.01020	0.01334	0.01779	0.03711	0.62046	0.04434	0.14720	0.01406	0.00366	0.00471	0.01892	0.00634	0.00565
13	0.01038	0.00779	0.01168	0.01168	0.01298	0.00909	0.00909	0.01298	0.01168	0.01687	0.01947	0.02856	0.01817	0.05452	0.71573	0.01168	0.01947	0.00779	0.00389	0.00649
14	0.01417	0.00978	0.01234	0.18366	0.02058	0.01088	0.01003	0.04781	0.08903	0.02522	0.02334	0.10700	0.01997	0.00999	0.00645	0.00212	0.00548	0.00845	0.38596	0.00775
15	0.01756	0.01683	0.02872	0.11400	0.63320	0.01716	0.02209	0.02193	0.01635	0.02322	0.01360	0.01813	0.01133	0.00656	0.00720	0.00219	0.00874	0.00647	0.00356	0.01116
16	0.01057	0.00705	0.00793	0.00793	0.00793	0.00705	0.00440	0.01057	0.01057	0.01409	0.02290	0.04757	0.02643	0.74454	0.03700	0.00705	0.00705	0.01057	0.00440	0.00440
17	0.01263	0.00631	0.00947	0.00947	0.00947	0.00631	0.00631	0.00947	0.00947	0.01263	0.01263	0.02210	0.01263	0.02525	0.02841	0.78851	0.00631	0.00631	0.00316	0.00316
18	0.03006	0.01647	0.01940	0.01488	0.02060	0.01676	0.01229	0.36317	0.02766	0.36681	0.02292	0.02101	0.01511	0.00886	0.00729	0.00221	0.00711	0.00692	0.00811	0.01237
19	0.00886	0.00633	0.00843	0.01012	0.01054	0.00590	0.00675	0.01012	0.01392	0.01856	0.04006	0.73979	0.04808	0.02277	0.00928	0.00295	0.00422	0.02066	0.00675	0.00590
20	0.01716	0.01961	0.04289	0.03064	0.03799	0.01838	0.67279	0.02328	0.01716	0.02328	0.01471	0.01961	0.01103	0.00613	0.00858	0.00245	0.01225	0.00858	0.00368	0.00980
21	0.01818	0.56493	0.21108	0.01458	0.02197	0.02569	0.01617	0.02209	0.01492	0.01863	0.01087	0.01261	0.00930	0.00640	0.00524	0.00175	0.00854	0.00427	0.00310	0.00969
22	0.01138	0.00803	0.00910	0.00892	0.00946	0.00839	0.00549	0.01379	0.08444	0.01606	0.02341	0.04409	0.02542	0.61899	0.07831	0.00685	0.00772	0.01013	0.00470	0.00532
23	0.01057	0.00705	0.00793	0.00793	0.00793	0.00705	0.00440	0.01057	0.01057	0.01409	0.02290	0.04757	0.02643	0.74454	0.03700	0.00705	0.00705	0.01057	0.00440	0.00440
24	0.01373	0.01292	0.02180	0.72707	0.05006	0.01615	0.02019	0.01857	0.01453	0.01857	0.01292	0.01938	0.00969	0.00727	0.00727	0.00242	0.00969	0.00646	0.00323	0.00807
25	0.02558	0.03143	0.01900	0.01735	0.02086	0.63363	0.01301	0.02763	0.01998	0.01886	0.01267	0.01472	0.01043	0.00760	0.00638	0.00185	0.01199	0.00492	0.09384	0.00824
26	0.01507	0.01292	0.01507	0.01077	0.01723	0.00969	0.00861	0.01830	0.01507	0.02369	0.01292	0.01507	0.01077	0.00538	0.00538	0.00108	0.00538	0.00431	0.00431	0.78898
27	0.02423	0.02947	0.01912	0.01748	0.02099	0.55773	0.01320	0.02822	0.09227	0.01906	0.01419	0.01642	0.01178	0.01317	0.08844	0.00307	0.01304	0.00543	0.00416	0.00854
28	0.01514	0.01600	0.03145	0.02357	0.02910	0.01526	0.43872	0.02159	0.08465	0.02295	0.02644	0.12337	0.09619	0.01017	0.00855	0.00252	0.00952	0.01095	0.00482	0.00903
29	0.01313	0.00673	0.00692	0.00708	0.00866	0.00670	0.00523	0.01632	0.01512	0.02633	0.02519	0.09139	0.02129	0.00976	0.00546	0.00181	0.00346	0.00803	0.71470	0.00670
30	0.01038	0.00779	0.01168	0.01168	0.01298	0.00909	0.00909	0.01298	0.01168	0.01687	0.01947	0.02856	0.01817	0.05452	0.71573	0.01168	0.01947	0.00779	0.00389	0.00649
31	0.02479	0.11215	0.02189	0.01699	0.02118	0.44921	0.01328	0.12590	0.06365	0.02280	0.01474	0.05310	0.01268	0.00849	0.00664	0.00198	0.01078	0.00595	0.00460	0.00919
32	0.01762	0.01949	0.10350	0.04201	0.62625	0.01723	0.02281	0.02239	0.01642	0.02367	0.01360	0.01770	0.01126	0.00652	0.00716	0.00217	0.00887	0.00636	0.00354	0.01143
33	0.01610	0.01232	0.09216	0.01231	0.01602	0.00920	0.01108	0.01975	0.01844	0.17731	0.23652	0.09245	0.06506	0.01411	0.00837	0.00252	0.00573	0.15071	0.00713	0.03270
34	0.01699	0.01754	0.03244	0.02942	0.17993	0.01864	0.31094	0.04045	0.01573	0.02223	0.01365	0.01926	0.01142	0.02852	0.03275	0.00294	0.18637	0.00754	0.00367	0.00958
35	0.01242	0.00641	0.00921	0.00921	0.00926	0.00641	0.00605	0.00983	0.00978	0.01325	0.01416	0.02519	0.01441	0.10768	0.02867	0.67362	0.00631	0.00682	0.02790	0.00341
36	0.01799	0.01727	0.02950	0.04462	0.69919	0.01727	0.02231	0.02231	0.01655	0.02375	0.01367	0.01799	0.01151	0.00648	0.00720	0.00216	0.00864	0.00648	0.00360	0.01151
37	0.01423	0.09160	0.01683	0.01573	0.09375	0.01332	0.01125	0.02144	0.17486	0.02475	0.15564	0.08820	0.06743	0.01337	0.00797	0.00249	0.00580	0.14499	0.02772	0.00863
38	0.01057	0.00705	0.00793	0.00793	0.00793	0.00705	0.00440	0.01057	0.01057	0.01409	0.02290	0.04757	0.02643	0.74454	0.03700	0.00705	0.00705	0.01057	0.00440	0.00440
39	0.02105	0.01641	0.04011	0.01631	0.02127	0.01649	0.10840	0.30838	0.05753	0.07884	0.16160	0.02702	0.02517	0.00964	0.00760	0.00223	0.00722	0.00835	0.05600	0.01039
40	0.06664	0.01623	0.09151	0.01432	0.01956	0.01430	0.01274	0.09022	0.19029	0.27231	0.05114	0.02923	0.02109	0.01006	0.00742	0.00240	0.00665	0.06561	0.00728	0.01100
41	0.01615	0.01650	0.02019	0.01772	0.01836	0.09563	0.01448	0.01795	0.01226	0.01742	0.01150	0.01786	0.01106	0.01961	0.14545	0.00456	0.52575	0.00643	0.00337	0.00774
42	0.02856	0.01503	0.01805	0.01426	0.01964	0.01512	0.01164	0.19899	0.15175	0.40728	0.02599	0.02334	0.01736	0.00909	0.00732	0.00227	0.00656	0.00729	0.00825	0.01220
43	0.18838	0.04391	0.13576	0.01948	0.11857	0.04934	0.01553	0.17399	0.13233	0.03123	0.01612	0.01721	0.01217	0.00773	0.00651	0.00223	0.00788	0.00589	0.00517	0.01058
44	0.02481	0.06624	0.06224	0.01721	0.02231	0.24449	0.01438	0.30017	0.10223	0.03127	0.01596	0.01668	0.01210	0.00833	0.00736	0.00212	0.03004	0.00592	0.00556	0.01061
45	0.01005	0.00742	0.00939	0.00890	0.01072	0.00676	0.00667	0.01326	0.02002	0.02783	0.60912	0.05647	0.15565	0.01535	0.00858	0.00231	0.00346	0.01345	0.00783	0.00676
46	0.00906	0.00644	0.00851	0.01009	0.01053	0.00606	0.00676	0.01031	0.01380	0.01838	0.03893	0.67442	0.04650	0.06826	0.01105	0.00322	0.00448	0.04076	0.00660	0.00584
47	0.02354	0.02068	0.06108	0.02065	0.09711	0.09602	0.07444	0.27715	0.10131	0.09763	0.01916	0.04523	0.01462	0.00867	0.00737	0.00224	0.00860	0.00723	0.00608	0.01118
48	0.02740	0.01312	0.01648	0.01334	0.01821	0.01262	0.01075	0.11017	0.11387	0.45659	0.02869	0.10231	0.02118	0.01059	0.00753	0.00235	0.00613	0.00880	0.00832	0.01154
49	0.01057	0.00705	0.00793	0.00793	0.00793	0.00705	0.00440	0.01057	0.01057	0.01409	0.02290	0.04757	0.02643	0.74454	0.03700	0.00705	0.00705	0.01057	0.00440	0.00440
50	0.02380	0.03744	0.02455	0.02163	0.12578	0.01980	0.08764	0.39800	0.04599	0.06919	0.03930	0.01971	0.01454	0.00827	0.00732	0.00219	0.00814	0.00699	0.02821	0.01151
51	0.11298	0.02122	0.02044	0.01615	0.02159	0.09753	0.01318	0.53174	0.03027	0.04128	0.01596	0.01635	0.01154	0.00837	0.00689	0.00216	0.00829	0.00605	0.00658	0.01143
52	0.01068	0.00705	0.00840	0.00859	0.00901	0.00719	0.00542	0.01157	0.01162	0.01642	0.02440	0.11951	0.02678	0.48346	0.12923	0.00668	0.00814	0.01087	0.08985	0.00513
53	0.01799	0.01727	0.02950	0.04462	0.69919	0.01727	0.02231	0.02231	0.01655	0.02375	0.01367	0.01799	0.01151	0.00648	0.00720	0.00216	0.00864	0.00648	0.00360	0.01151
54	0.00986	0.00734	0.00931	0.01063	0.01146	0.00723	0.00727	0.01324	0.08734	0.01985	0.03892	0.66194	0.04525	0.02136	0.00907	0.00290	0.00439	0.01930	0.00682	0.00652
55	0.01520	0.12889	0.62104	0.01966	0.02982	0.01841	0.02501	0.02286	0.01527	0.02226	0.01267	0.01487	0.00922	0.00682	0.00662	0.00221	0.01036	0.00518	0.00307	0.01056
56	0.01741	0.21079	0.31625	0.01996	0.09818	0.01953	0.01954	0.02316	0.03812	0.06724	0.01407	0.01640	0.01098	0.00958	0.04152	0.00260	0.05519	0.00552	0.00373	0.01022
57	0.01516	0.01348	0.02049	0.01626	0.02049	0.01330	0.17055	0.09124	0.09643	0.02720	0.18373	0.05729	0.10607	0.01140	0.00851	0.00233	0.02718	0.03344	0.00610	0.07934
58	0.06445	0.01791	0.13417	0.32306	0.07103	0.01591	0.04218	0.05503	0.04621	0.13585	0.01644	0.01934	0.01170	0.00756	0.00710	0.00234	0.00883	0.00643	0.00465	0.00982
59	0.02177	0.08904	0.02184	0.01698	0.05293	0.08134	0.05096	0.28462	0.07743	0.05054	0.02010	0.11013	0.01736	0.00989	0.00715	0.00218	0.00775	0.00813	0.03438	0.03547
60	0.06543	0.01924	0.02073	0.01748	0.04579	0.13685	0.07938	0.26948	0.02333	0.07268	0.01700	0.01914	0.01296	0.01331	0.08830	0.00321	0.01003	0.00649	0.06913	0.01002
61	0.06785	0.01619	0.02040	0.02291	0.23168	0.03828	0.01417	0.17378	0.02003	0.02853	0.02078	0.03956	0.08252	0.00870	0.00748	0.00204	0.03352	0.00711	0.00505	0.15943
62	0.02158	0.09547	0.02133	0.04702	0.04350	0.03996	0.03645	0.25475	0.12633	0.08714	0.06317	0.02515	0.06998	0.00942	0.00717	0.00218	0.00723	0.00761	0.00638	0.02819
63	0.06565	0.05667	0.04227	0.04084	0.15216	0.09288	0.03372	0.12088	0.10076	0.05897	0.01889	0.05170	0.02805	0.01237	0.05278	0.04057	0.00882	0.00716	0.00509	0.00977

[dist]
# distance from previous block
# <min> <max>
3	40

[block]
# block no. 5 follows, 28 sequences, length 49
# corresponding to MSA columns:
# 805-853
name=unknown_F
#
# <colnr> <probs for GDERKNQSTAVLIFYWHMCP>
#	G	D	E	R	K	N	Q	S	T	A	V	L	I	F	Y	W	H	M	C	P
0	0.04106	0.07493	0.02232	0.11066	0.02410	0.11843	0.08101	0.05374	0.04142	0.02083	0.01793	0.10108	0.03795	0.01217	0.03281	0.00279	0.18600	0.00814	0.00427	0.00836
1	0.01731	0.10002	0.10528	0.15923	0.36091	0.01858	0.06595	0.04670	0.01657	0.02281	0.01329	0.01734	0.01069	0.00670	0.00699	0.00218	0.00919	0.00621	0.00356	0.01048
