[name]
unknown

[dist]
# distance from previous block
# <min> <max>
0	34

[block]
# block no. 0 follows, 32 sequences, length 11
# corresponding to MSA columns:
# 34-44
name=unknown_A
#
# <colnr> <probs for GDERKNQSTAVLIFYWHMCP>
#	G	D	E	R	K	N	Q	S	T	A	V	L	I	F	Y	W	H	M	C	P
0	0.01687	0.01644	0.06834	0.08561	0.15269	0.01562	0.23141	0.12576	0.03487	0.05393	0.01556	0.02019	0.01231	0.01162	0.08619	0.00310	0.01000	0.02594	0.00422	0.00934
1	0.01842	0.11918	0.01955	0.16903	0.02406	0.32141	0.01322	0.02199	0.05779	0.01775	0.01723	0.02458	0.04123	0.00882	0.00652	0.00203	0.00924	0.09630	0.00396	0.00769
2	0.02502	0.01252	0.01900	0.01891	0.16975	0.01135	0.05300	0.02804	0.01792	0.49049	0.02519	0.02371	0.05693	0.00816	0.00687	0.00208	0.00639	0.00709	0.00681	0.01076
3	0.01660	0.01674	0.02468	0.20386	0.48838	0.09371	0.01931	0.02046	0.01525	0.02021	0.01222	0.01642	0.01002	0.00625	0.00659	0.00202	0.00865	0.00580	0.00326	0.00958
4	0.18333	0.01536	0.02478	0.07492	0.44258	0.01583	0.10668	0.02032	0.01443	0.02330	0.01202	0.01568	0.00976	0.00603	0.00629	0.00206	0.00788	0.00574	0.00349	0.00952
5	0.01185	0.00946	0.01295	0.01553	0.14732	0.00999	0.00916	0.01569	0.10327	0.01751	0.02063	0.07723	0.02085	0.32004	0.17404	0.00576	0.00892	0.00878	0.00432	0.00669
6	0.28001	0.01143	0.01264	0.01068	0.01479	0.01154	0.00858	0.02559	0.07415	0.34336	0.04335	0.09969	0.01833	0.00924	0.00614	0.00216	0.00523	0.00730	0.00658	0.00920
7	0.01533	0.11516	0.08525	0.24836	0.36765	0.01699	0.01916	0.01954	0.01441	0.01962	0.01193	0.01602	0.00968	0.00620	0.00633	0.00200	0.00832	0.00557	0.00312	0.00935
8	0.01603	0.01826	0.10487	0.09552	0.22620	0.01646	0.25150	0.05155	0.10718	0.02293	0.01490	0.01806	0.01142	0.00648	0.00708	0.00216	0.00904	0.00675	0.00387	0.00975
9	0.33367	0.01601	0.09400	0.16613	0.02462	0.04442	0.10240	0.01938	0.01356	0.04241	0.01616	0.01854	0.06841	0.00726	0.00588	0.00214	0.00744	0.00582	0.00392	0.00782
10	0.01674	0.10318	0.02354	0.12800	0.06483	0.05745	0.15110	0.14514	0.03533	0.02327	0.01805	0.02133	0.06052	0.03003	0.05277	0.00268	0.00880	0.00680	0.04187	0.00857

[dist]
# distance from previous block
# <min> <max>
0	5

[block]
# block no. 1 follows, 32 sequences, length 19
# corresponding to MSA columns:
# 50-68
name=unknown_B
#
# <colnr> <probs for GDERKNQSTAVLIFYWHMCP>
#	G	D	E	R	K	N	Q	S	T	A	V	L	I	F	Y	W	H	M	C	P
0	0.07064	0.07010	0.22164	0.01969	0.07931	0.01728	0.11662	0.01996	0.05173	0.02054	0.01493	0.01787	0.04701	0.00823	0.01033	0.00230	0.19345	0.00615	0.00347	0.00875
1	0.00877	0.00664	0.00827	0.00898	0.01029	0.00593	0.00640	0.01042	0.01397	0.01848	0.08585	0.47918	0.18049	0.01845	0.00818	0.00249	0.00395	0.05531	0.00614	0.06180
2	0.01748	0.43582	0.13601	0.01323	0.01920	0.05332	0.01338	0.08583	0.01584	0.02001	0.01250	0.01668	0.01108	0.00695	0.00534	0.00169	0.00759	0.05144	0.00359	0.07303
3	0.04648	0.10272	0.16919	0.01869	0.07467	0.01610	0.13937	0.09764	0.03291	0.17441	0.01584	0.01687	0.01132	0.00673	0.00643	0.00199	0.00804	0.00589	0.00476	0.04997
4	0.05335	0.55219	0.20558	0.01325	0.01995	0.02331	0.01458	0.02036	0.01366	0.01780	0.01000	0.01161	0.00852	0.00592	0.00481	0.00164	0.00776	0.00393	0.00292	0.00887
5	0.01400	0.01339	0.05344	0.01442	0.01794	0.01317	0.10930	0.04204	0.31791	0.02314	0.02716	0.13963	0.05406	0.09155	0.01028	0.00281	0.00634	0.03525	0.00568	0.00851
6	0.01170	0.01053	0.01332	0.01234	0.01405	0.08660	0.05688	0.01400	0.01191	0.01581	0.01719	0.02612	0.01625	0.11813	0.53375	0.00877	0.01566	0.00721	0.00362	0.00619
7	0.01800	0.06652	0.06954	0.04824	0.06224	0.16591	0.40374	0.04516	0.01670	0.02067	0.01257	0.01607	0.00970	0.00609	0.00710	0.00207	0.01079	0.00655	0.00344	0.00891
8	0.00959	0.00719	0.01078	0.01078	0.01198	0.00839	0.00839	0.01198	0.01078	0.01558	0.01797	0.02636	0.01677	0.05032	0.73760	0.01078	0.01797	0.00719	0.00359	0.00599
9	0.00965	0.00664	0.00822	0.00882	0.00930	0.00654	0.00601	0.01068	0.01202	0.01601	0.06301	0.19318	0.03331	0.42337	0.02256	0.00482	0.00575	0.15011	0.00510	0.00490
10	0.00943	0.00739	0.00963	0.08726	0.01388	0.00711	0.00761	0.01222	0.01681	0.02245	0.38019	0.08982	0.23551	0.01459	0.00792	0.00227	0.00410	0.05914	0.00645	0.00621
11	0.09688	0.02192	0.16798	0.22782	0.02949	0.16517	0.04973	0.06838	0.01568	0.02105	0.01150	0.01485	0.00884	0.00707	0.00749	0.00213	0.06694	0.00527	0.00345	0.00836
12	0.00910	0.00742	0.00785	0.00752	0.00983	0.00655	0.00570	0.04550	0.01676	0.02086	0.17597	0.05963	0.57175	0.01598	0.00787	0.00223	0.00356	0.01340	0.00645	0.00607
13	0.01098	0.00735	0.00966	0.01035	0.01166	0.00709	0.00779	0.04767	0.01551	0.05770	0.12177	0.43975	0.04234	0.01820	0.00845	0.00266	0.00459	0.16362	0.00650	0.00635
14	0.01551	0.24702	0.35585	0.02020	0.12568	0.01899	0.04961	0.02155	0.04916	0.02009	0.01216	0.01424	0.00952	0.00623	0.00589	0.00192	0.00866	0.00497	0.00314	0.00963
15	0.01688	0.01071	0.01251	0.01125	0.01389	0.04705	0.00869	0.05739	0.06882	0.20165	0.18641	0.19637	0.06059	0.01312	0.00826	0.00230	0.04247	0.02673	0.00678	0.00812
16	0.00995	0.00796	0.00925	0.00999	0.01151	0.03507	0.00786	0.01210	0.01477	0.01870	0.07955	0.18410	0.22013	0.05681	0.04571	0.00325	0.00570	0.25579	0.00593	0.00587
17	0.03806	0.01788	0.10029	0.24313	0.32013	0.06023	0.08457	0.02009	0.01479	0.02030	0.01221	0.01643	0.00965	0.00627	0.00665	0.00209	0.00896	0.00588	0.00321	0.00920
18	0.06909	0.03479	0.06341	0.01864	0.08173	0.17592	0.12002	0.06792	0.11891	0.07916	0.03572	0.07276	0.01558	0.00826	0.00671	0.00208	0.00831	0.00709	0.00483	0.00907

[dist]
# distance from previous block
# <min> <max>
1	3

[block]
# block no. 2 follows, 32 sequences, length 17
# corresponding to MSA columns:
# 72-88
name=unknown_C
#
# <colnr> <probs for GDERKNQSTAVLIFYWHMCP>
#	G	D	E	R	K	N	Q	S	T	A	V	L	I	F	Y	W	H	M	C	P
0	0.01696	0.15491	0.29310	0.01535	0.02227	0.13292	0.01618	0.05838	0.04183	0.02104	0.01207	0.01371	0.00942	0.00628	0.00573	0.00173	0.00854	0.00459	0.00352	0.16147
1	0.02003	0.26868	0.04508	0.01487	0.03770	0.17664	0.01240	0.11908	0.19735	0.02307	0.01530	0.01573	0.01212	0.00721	0.00579	0.00183	0.00789	0.00522	0.00456	0.00943
2	0.03793	0.18283	0.16931	0.01403	0.03605	0.03986	0.03033	0.05708	0.03040	0.04367	0.09403	0.02516	0.03461	0.02155	0.00672	0.00199	0.00704	0.06632	0.00442	0.09666
3	0.01489	0.07595	0.57831	0.01868	0.02760	0.04060	0.05297	0.05415	0.03609	0.02198	0.01255	0.01449	0.00909	0.00648	0.00634	0.00208	0.00963	0.00512	0.00319	0.00982
4	0.01505	0.17302	0.55240	0.01756	0.02627	0.06433	0.02151	0.02139	0.01438	0.01991	0.01142	0.01339	0.00853	0.00629	0.00596	0.00197	0.00954	0.00466	0.00288	0.00953
5	0.01475	0.01393	0.02381	0.23582	0.42944	0.01481	0.04186	0.01878	0.01449	0.02007	0.01390	0.02046	0.01187	0.00964	0.05411	0.00269	0.00892	0.03810	0.00338	0.00917
6	0.05057	0.01611	0.10043	0.01420	0.01846	0.05586	0.06719	0.14015	0.07744	0.06197	0.10013	0.11134	0.06204	0.01067	0.00753	0.00220	0.02778	0.03531	0.00555	0.03510
7	0.01215	0.00992	0.01005	0.00974	0.01210	0.06156	0.00750	0.04907	0.05775	0.05422	0.11217	0.13782	0.33684	0.01526	0.00783	0.00234	0.00481	0.08581	0.00629	0.00677
8	0.00946	0.00665	0.00838	0.00918	0.00982	0.00653	0.00648	0.01070	0.01229	0.01620	0.03132	0.25166	0.07022	0.31310	0.04776	0.00459	0.00599	0.16930	0.00526	0.00511
9	0.01573	0.00847	0.01089	0.00946	0.01229	0.00765	0.00738	0.01907	0.04133	0.23606	0.40954	0.04285	0.12722	0.01234	0.00753	0.00212	0.00403	0.01061	0.00750	0.00792
10	0.02234	0.06849	0.05087	0.04502	0.05681	0.45935	0.04056	0.05691	0.01826	0.05094	0.01243	0.01431	0.00985	0.00690	0.00607	0.00180	0.01027	0.00491	0.05557	0.00834
11	0.02506	0.03198	0.01901	0.01729	0.02074	0.73725	0.01296	0.02679	0.01901	0.01642	0.01037	0.01210	0.00864	0.00691	0.00605	0.00173	0.01210	0.00432	0.00346	0.00778
12	0.01090	0.00737	0.00932	0.00868	0.01029	0.00700	0.00635	0.01425	0.04872	0.06008	0.54286	0.04664	0.05290	0.13139	0.01194	0.00281	0.00392	0.01128	0.00688	0.00642
13	0.00981	0.00708	0.00878	0.00890	0.00978	0.00727	0.00611	0.03734	0.01214	0.01625	0.02870	0.17947	0.10789	0.30969	0.21448	0.00625	0.00875	0.01125	0.00472	0.00533
14	0.01478	0.11351	0.48749	0.05096	0.02911	0.01687	0.13312	0.02129	0.01449	0.03972	0.01237	0.01482	0.00903	0.00625	0.00642	0.00207	0.00968	0.00538	0.00308	0.00956
15	0.01556	0.02218	0.24660	0.09700	0.03339	0.01596	0.38764	0.02158	0.01526	0.05874	0.01363	0.01713	0.00989	0.00612	0.00726	0.00221	0.01035	0.00676	0.00344	0.00928
16	0.01593	0.01249	0.01342	0.01201	0.01557	0.01362	0.00943	0.07316	0.43168	0.07356	0.03631	0.03527	0.18400	0.01115	0.00716	0.00227	0.00506	0.03175	0.00676	0.00942

[dist]
# distance from previous block
# <min> <max>
0	1

[block]
# block no. 3 follows, 32 sequences, length 37
# corresponding to MSA columns:
# 90-126
name=unknown_D
#
# <colnr> <probs for GDERKNQSTAVLIFYWHMCP>
#	G	D	E	R	K	N	Q	S	T	A	V	L	I	F	Y	W	H	M	C	P
0	0.01446	0.01780	0.19375	0.04470	0.17892	0.02946	0.06283	0.01876	0.01558	0.07499	0.11520	0.06961	0.09453	0.00953	0.00752	0.00217	0.02856	0.00834	0.00459	0.00873
1	0.53426	0.12971	0.07793	0.01108	0.01590	0.09831	0.01008	0.02071	0.01285	0.02565	0.00969	0.01130	0.00773	0.00625	0.00458	0.00195	0.00668	0.00382	0.00377	0.00776
2	0.01513	0.01773	0.12470	0.06333	0.21113	0.01589	0.17099	0.04916	0.01520	0.02168	0.04554	0.01970	0.03570	0.00777	0.00935	0.00223	0.12586	0.00681	0.03307	0.00901
3	0.01346	0.03471	0.72942	0.01912	0.02904	0.01558	0.02479	0.02125	0.01417	0.02125	0.01204	0.01417	0.00850	0.00637	0.00637	0.00212	0.00992	0.00496	0.00283	0.00992
4	0.09456	0.01062	0.09181	0.00934	0.01225	0.00806	0.00821	0.01326	0.01604	0.02325	0.31793	0.11002	0.23283	0.01365	0.00740	0.00221	0.00429	0.01160	0.00609	0.00658
5	0.01858	0.23774	0.11408	0.01758	0.09074	0.19261	0.01448	0.02221	0.04760	0.04600	0.01294	0.04670	0.01128	0.00774	0.00762	0.00194	0.09244	0.00543	0.00361	0.00870
6	0.01006	0.00733	0.01009	0.00977	0.01116	0.00737	0.03702	0.01263	0.03634	0.01936	0.15053	0.18622	0.08357	0.09391	0.17821	0.03423	0.00757	0.01119	0.08750	0.00593
7	0.02439	0.01196	0.01462	0.01165	0.01611	0.01151	0.00948	0.14709	0.06839	0.41639	0.05127	0.02605	0.07006	0.00911	0.00669	0.00205	0.00548	0.00737	0.08004	0.01029
8	0.10457	0.01388	0.01789	0.09692	0.08829	0.01512	0.06850	0.23310	0.05196	0.02938	0.01615	0.01855	0.01231	0.00867	0.02973	0.00227	0.00706	0.00607	0.17061	0.00897
9	0.02348	0.02934	0.01925	0.01734	0.02027	0.62785	0.01323	0.02517	0.01768	0.01638	0.01013	0.01249	0.00867	0.00765	0.00849	0.00191	0.12503	0.00456	0.00338	0.00771
10	0.08208	0.01790	0.06244	0.02503	0.03166	0.01620	0.56612	0.02102	0.01527	0.02223	0.01305	0.01705	0.00985	0.00568	0.00734	0.00215	0.01031	0.00717	0.00348	0.06397
11	0.00866	0.00647	0.00794	0.00830	0.00956	0.00586	0.00588	0.01061	0.01549	0.02064	0.28520	0.30213	0.21821	0.05224	0.00937	0.00257	0.00363	0.01496	0.00654	0.00575
12	0.50516	0.01280	0.01141	0.00996	0.01382	0.01441	0.00805	0.11047	0.06996	0.03069	0.11067	0.02004	0.04290	0.00812	0.00536	0.00210	0.00515	0.00581	0.00522	0.00790
13	0.02254	0.01459	0.01589	0.01257	0.01690	0.01566	0.01026	0.44054	0.02546	0.11526	0.01884	0.01926	0.01355	0.00802	0.00617	0.00190	0.00605	0.00618	0.22033	0.01003
14	0.01327	0.01231	0.02026	0.44179	0.21580	0.01410	0.01728	0.01770	0.03568	0.01868	0.01595	0.06449	0.03196	0.00979	0.04107	0.00261	0.00854	0.00710	0.00351	0.00814
15	0.01416	0.00790	0.01036	0.00931	0.01173	0.00711	0.00721	0.01700	0.01839	0.18838	0.45788	0.07708	0.09736	0.01318	0.00772	0.00217	0.00391	0.03429	0.00742	0.00742
16	0.00839	0.00635	0.00780	0.00874	0.00988	0.00575	0.00625	0.01001	0.01420	0.01829	0.08903	0.44515	0.25424	0.01912	0.00838	0.00257	0.00388	0.07004	0.00630	0.00563
17	0.01444	0.19568	0.57707	0.01745	0.02645	0.01799	0.02187	0.02100	0.01405	0.02005	0.01145	0.01342	0.00852	0.00624	0.00592	0.00197	0.00931	0.00466	0.00284	0.00963
18	0.07417	0.01611	0.01798	0.01731	0.09911	0.08851	0.04406	0.22234	0.11065	0.05925	0.02153	0.07941	0.04144	0.00982	0.00694	0.00219	0.00711	0.06708	0.00565	0.00934
19	0.00816	0.00591	0.00772	0.00917	0.00969	0.00546	0.00615	0.00936	0.01302	0.01720	0.03912	0.71175	0.09105	0.02074	0.00852	0.00269	0.00386	0.01874	0.00623	0.00546
20	0.00843	0.00626	0.00766	0.00867	0.00972	0.00569	0.00612	0.00998	0.01389	0.01811	0.06461	0.48238	0.23319	0.01911	0.00828	0.00256	0.00384	0.05357	0.03234	0.00560
21	0.26093	0.06068	0.01687	0.01614	0.15698	0.01371	0.01065	0.04035	0.01396	0.02468	0.01124	0.01340	0.00922	0.00571	0.00507	0.00159	0.00585	0.00431	0.00392	0.32476
22	0.01044	0.00687	0.00908	0.00903	0.00987	0.00726	0.00634	0.01159	0.01097	0.03736	0.02190	0.06587	0.04795	0.29303	0.32340	0.06277	0.01083	0.00874	0.04145	0.00525
23	0.05629	0.01240	0.01526	0.01209	0.01669	0.01203	0.00986	0.15176	0.06564	0.43371	0.11846	0.02500	0.02192	0.00897	0.00680	0.00208	0.00562	0.00729	0.00763	0.01051
24	0.04098	0.14702	0.06114	0.03434	0.02025	0.17346	0.01266	0.24509	0.09687	0.02695	0.01485	0.03579	0.01186	0.00758	0.00607	0.00187	0.00806	0.00558	0.00486	0.04472
25	0.01426	0.19788	0.06318	0.03127	0.01541	0.01270	0.00950	0.01633	0.01353	0.07544	0.02097	0.18356	0.04982	0.05112	0.00903	0.05759	0.00584	0.00845	0.00448	0.15964
26	0.04277	0.02499	0.34097	0.01664	0.02351	0.08491	0.05232	0.09707	0.05543	0.09469	0.05505	0.03350	0.01424	0.00760	0.00655	0.00207	0.00847	0.00613	0.00451	0.02856
27	0.01703	0.17782	0.04715	0.01371	0.01801	0.09326	0.06917	0.05436	0.14713	0.06692	0.09885	0.02624	0.10340	0.00918	0.00694	0.00200	0.02760	0.00742	0.00514	0.00866
28	0.00828	0.00624	0.00740	0.00826	0.00922	0.00565	0.00559	0.00949	0.01328	0.01696	0.04531	0.44385	0.26500	0.10930	0.01144	0.00303	0.00404	0.01633	0.00597	0.00535
29	0.01619	0.02638	0.38292	0.06920	0.07619	0.08953	0.04862	0.06820	0.01640	0.04846	0.05020	0.01690	0.01224	0.00691	0.00651	0.00203	0.00909	0.00564	0.00373	0.04469
30	0.04365	0.01328	0.02165	0.45271	0.18408	0.01550	0.04291	0.04024	0.01420	0.01956	0.01267	0.03779	0.01034	0.00726	0.00768	0.00223	0.05635	0.00631	0.00332	0.00824
31	0.00929	0.00643	0.00799	0.00840	0.00873	0.00647	0.00534	0.01005	0.01105	0.01495	0.04712	0.23945	0.03008	0.43493	0.12499	0.00592	0.00729	0.01205	0.00470	0.00479
32	0.01210	0.00894	0.01099	0.06108	0.01446	0.00913	0.00862	0.05932	0.07662	0.04373	0.12218	0.05108	0.16863	0.13743	0.01228	0.00313	0.00548	0.18214	0.00593	0.00673
33	0.01717	0.20285	0.22950	0.04527	0.08363	0.08305	0.05791	0.06803	0.05452	0.04006	0.01406	0.04964	0.01160	0.00721	0.00614	0.00195	0.00851	0.00581	0.00377	0.00930
34	0.02138	0.01156	0.01476	0.01435	0.09767	0.03861	0.01003	0.04326	0.03777	0.35560	0.14702	0.02963	0.07751	0.00957	0.00687	0.00204	0.00547	0.00804	0.05936	0.00950
35	0.00929	0.00636	0.00750	0.00786	0.00811	0.00620	0.00475	0.00978	0.01114	0.01486	0.05921	0.22497	0.05370	0.51804	0.02564	0.00521	0.00559	0.01235	0.00483	0.00457
36	0.17018	0.01524	0.04288	0.01583	0.08699	0.06407	0.03850	0.12290	0.05353	0.17846	0.04112	0.04194	0.01584	0.00907	0.00722	0.03366	0.00678	0.04105	0.00558	0.00917

[dist]
# distance from previous block
# <min> <max>
6	8

[block]
# block no. 4 follows, 32 sequences, length 25
# corresponding to MSA columns:
# 135-159
name=unknown_E
#
# <colnr> <probs for GDERKNQSTAVLIFYWHMCP>
#	G	D	E	R	K	N	Q	S	T	A	V	L	I	F	Y	W	H	M	C	P
0	0.01886	0.67308	0.03307	0.01223	0.01768	0.11839	0.01167	0.02096	0.01433	0.01587	0.00946	0.01094	0.00861	0.00589	0.00453	0.00147	0.00781	0.00368	0.00295	0.00850
1	0.08114	0.01520	0.01762	0.31378	0.06858	0.11042	0.01393	0.04953	0.07043	0.02112	0.01524	0.01824	0.03906	0.00705	0.00619	0.00194	0.00780	0.00571	0.00392	0.13309
2	0.01054	0.00746	0.00948	0.01078	0.07467	0.00756	0.00620	0.01151	0.01092	0.01529	0.02151	0.03838	0.04356	0.52310	0.11166	0.00605	0.00762	0.00895	0.06960	0.00514
3	0.09650	0.01309	0.01766	0.01348	0.01873	0.01236	0.06662	0.11965	0.01989	0.51681	0.02253	0.02051	0.01457	0.00787	0.00661	0.00208	0.00635	0.00648	0.00733	0.01086
4	0.06328	0.01750	0.01880	0.01466	0.01981	0.01924	0.01205	0.55004	0.09286	0.09669	0.01768	0.01724	0.01248	0.00808	0.00660	0.00205	0.00695	0.00613	0.00673	0.01114
5	0.01375	0.01332	0.01878	0.01637	0.01659	0.01834	0.01354	0.01539	0.01037	0.01604	0.01047	0.01680	0.01026	0.01876	0.15212	0.00436	0.61847	0.00611	0.00306	0.00709
6	0.00943	0.00686	0.00888	0.00838	0.00999	0.00630	0.00628	0.01254	0.01885	0.02656	0.69282	0.05070	0.08950	0.01385	0.00791	0.00212	0.00317	0.01222	0.00734	0.00630
7	0.00890	0.00707	0.01039	0.01048	0.01176	0.00651	0.06299	0.01070	0.01401	0.01856	0.10489	0.53915	0.13196	0.01852	0.00837	0.00257	0.00437	0.01684	0.00611	0.00586
8	0.01507	0.02723	0.38973	0.02309	0.03130	0.05128	0.32200	0.02163	0.01514	0.02112	0.01264	0.01581	0.00925	0.00608	0.00704	0.00217	0.01064	0.00624	0.00311	0.00943
9	0.04298	0.01692	0.02198	0.04539	0.26775	0.05322	0.04620	0.19811	0.16612	0.04820	0.01682	0.01814	0.01281	0.00729	0.00666	0.00207	0.00750	0.00629	0.00509	0.01045
10	0.03268	0.00703	0.00835	0.00914	0.01054	0.00676	0.00682	0.01234	0.04582	0.01971	0.05939	0.34785	0.19098	0.01731	0.00795	0.00252	0.00417	0.12424	0.08040	0.00601
11	0.00850	0.00651	0.00772	0.00816	0.00955	0.00583	0.00585	0.01030	0.01505	0.01952	0.19450	0.29115	0.30862	0.04834	0.00925	0.00258	0.00371	0.03279	0.00639	0.00568
12	0.01395	0.01300	0.07938	0.08058	0.17075	0.01151	0.03250	0.01832	0.05991	0.08006	0.08395	0.11132	0.10169	0.03273	0.02577	0.00255	0.02639	0.02298	0.02442	0.00823
13	0.01146	0.07248	0.04104	0.01124	0.01434	0.01046	0.07592	0.01634	0.09785	0.02279	0.30509	0.04252	0.19607	0.04285	0.00851	0.00231	0.00499	0.01059	0.00598	0.00718
14	0.02197	0.01030	0.01256	0.01024	0.01396	0.00980	0.00825	0.11190	0.01912	0.34848	0.08504	0.02509	0.02027	0.00859	0.00618	0.00190	0.00486	0.00697	0.26523	0.00929
15	0.08437	0.01083	0.01257	0.01081	0.01408	0.01114	0.00851	0.11460	0.08203	0.21653	0.04189	0.05666	0.01938	0.07964	0.07213	0.00322	0.00649	0.02681	0.11972	0.00860
16	0.01439	0.17156	0.05897	0.04134	0.12859	0.01638	0.14754	0.01821	0.03290	0.01986	0.08777	0.08718	0.05375	0.00922	0.00829	0.00213	0.08151	0.00803	0.00407	0.00831
17	0.01313	0.01228	0.02060	0.60581	0.14717	0.01467	0.01825	0.01732	0.01353	0.01768	0.01246	0.01892	0.00993	0.04218	0.00799	0.00240	0.00868	0.00614	0.00308	0.00778
18	0.28294	0.01214	0.01290	0.01078	0.01491	0.01275	0.00875	0.08896	0.07993	0.25475	0.04746	0.01990	0.01535	0.00977	0.03907	0.00245	0.00592	0.00593	0.06623	0.00913
19	0.01557	0.01510	0.01603	0.01418	0.01701	0.16935	0.09378	0.02112	0.15134	0.04970	0.09980	0.22753	0.02788	0.03998	0.00840	0.00241	0.00697	0.01063	0.00552	0.00770
20	0.09346	0.17065	0.13253	0.12036	0.15306	0.01641	0.01498	0.04852	0.01476	0.04177	0.01600	0.05509	0.04115	0.00759	0.00595	0.00197	0.00724	0.00614	0.04364	0.00870
21	0.07544	0.05155	0.01753	0.06482	0.08258	0.06557	0.02502	0.06120	0.06280	0.10031	0.06530	0.05190	0.05176	0.00927	0.00873	0.00214	0.11780	0.00708	0.04119	0.03802
22	0.08114	0.04651	0.08351	0.01464	0.07935	0.07531	0.01119	0.08998	0.04385	0.06243	0.05626	0.15440	0.04696	0.06921	0.04044	0.00284	0.00710	0.00881	0.00502	0.02106
23	0.07848	0.06474	0.03885	0.01723	0.04637	0.15462	0.14209	0.13098	0.06058	0.07837	0.09081	0.02063	0.03090	0.00785	0.00663	0.00201	0.00816	0.00667	0.00500	0.00902
24	0.01818	0.09893	0.03786	0.09993	0.13558	0.10065	0.04167	0.08955	0.03148	0.09726	0.02015	0.05948	0.06970	0.00838	0.00647	0.00197	0.00745	0.00699	0.03719	0.03112

[dist]
# distance from previous block
# <min> <max>
0	43

[block]
# block no. 5 follows, 32 sequences, length 50
# corresponding to MSA columns:
# 203-252
name=unknown_F
#
# <colnr> <probs for GDERKNQSTAVLIFYWHMCP>
#	G	D	E	R	K	N	Q	S	T	A	V	L	I	F	Y	W	H	M	C	P
0	0.06140	0.08004	0.33994	0.01719	0.06966	0.01601	0.01739	0.15042	0.01793	0.04263	0.08310	0.04389	0.01596	0.00789	0.00641	0.00206	0.00785	0.00629	0.00438	0.00953
1	0.01326	0.04300	0.24006	0.01552	0.01933	0.01536	0.01545	0.01716	0.03661	0.01856	0.03443	0.09307	0.03615	0.01134	0.01342	0.04939	0.27758	0.00725	0.00363	0.03942
2	0.01421	0.01437	0.07443	0.14081	0.15714	0.06277	0.01358	0.06304	0.01676	0.04090	0.15497	0.07192	0.10059	0.01147	0.03183	0.00242	0.00716	0.00868	0.00487	0.00809
3	0.01603	0.01856	0.18187	0.02297	0.19507	0.01381	0.13393	0.05999	0.01678	0.08538	0.09408	0.02360	0.06420	0.00788	0.00698	0.00207	0.00782	0.00730	0.00452	0.03715
4	0.01472	0.03268	0.08781	0.06909	0.16240	0.04523	0.06841	0.09607	0.03084	0.02223	0.06074	0.05645	0.08797	0.04508	0.08761	0.00324	0.00865	0.00796	0.00442	0.00839
5	0.01196	0.00724	0.00891	0.00861	0.00986	0.00788	0.00644	0.01426	0.01239	0.04422	0.02002	0.02769	0.01769	0.13918	0.22550	0.00514	0.05192	0.00707	0.36794	0.00608
6	0.06274	0.04499	0.01845	0.06962	0.12798	0.19120	0.01316	0.05291	0.07930	0.03668	0.01643	0.06657	0.01485	0.01189	0.05731	0.00275	0.07490	0.04569	0.00429	0.00831
7	0.03338	0.22027	0.32659	0.02028	0.10807	0.07664	0.08457	0.02131	0.01465	0.01974	0.01136	0.01372	0.00893	0.00613	0.00595	0.00191	0.00918	0.00493	0.00303	0.00935
8	0.01022	0.00701	0.00862	0.00853	0.00938	0.00706	0.00579	0.03740	0.01208	0.01601	0.05307	0.09475	0.13245	0.30681	0.13965	0.12408	0.00750	0.01010	0.00455	0.00494
9	0.01190	0.00863	0.01005	0.00925	0.01166	0.00838	0.00707	0.04027	0.12129	0.06716	0.35002	0.07013	0.23090	0.01363	0.00766	0.00219	0.00387	0.01169	0.00698	0.00724
10	0.00942	0.00808	0.02838	0.05747	0.05308	0.00743	0.00823	0.01194	0.04258	0.01806	0.03822	0.48082	0.15935	0.03352	0.00864	0.00262	0.00462	0.01558	0.00575	0.00621
11	0.01566	0.01523	0.02671	0.19835	0.51139	0.01580	0.07884	0.01990	0.01491	0.02081	0.01255	0.01702	0.01021	0.00611	0.00677	0.00207	0.00848	0.00614	0.00325	0.00978
12	0.00911	0.00712	0.00901	0.01014	0.05421	0.00650	0.00667	0.01114	0.01540	0.02037	0.24456	0.23798	0.26377	0.06156	0.00960	0.00258	0.00393	0.01407	0.00626	0.00602
13	0.12101	0.01589	0.01631	0.01303	0.01762	0.04697	0.01062	0.38224	0.05157	0.13739	0.01768	0.01770	0.01259	0.00783	0.00614	0.00198	0.00648	0.00586	0.10099	0.01010
14	0.01518	0.01454	0.02522	0.21926	0.45853	0.01523	0.06523	0.01935	0.01485	0.02055	0.01395	0.02075	0.01193	0.00693	0.00691	0.00214	0.00833	0.04826	0.00342	0.00943
15	0.00969	0.00678	0.00872	0.00872	0.00921	0.00727	0.00582	0.01066	0.01017	0.01405	0.01986	0.03680	0.02131	0.47497	0.31915	0.00824	0.01115	0.00872	0.00387	0.00485
16	0.01137	0.00724	0.00943	0.00965	0.01123	0.00686	0.00718	0.01378	0.03146	0.09676	0.15390	0.31894	0.11723	0.03598	0.07192	0.00330	0.00543	0.07544	0.00639	0.00648
17	0.00831	0.00618	0.00761	0.00868	0.00954	0.00565	0.00595	0.00959	0.01332	0.01719	0.04341	0.52038	0.20724	0.07015	0.01016	0.00288	0.00402	0.03823	0.00608	0.00543
18	0.02506	0.03198	0.01901	0.01729	0.02074	0.73725	0.01296	0.02679	0.01901	0.01642	0.01037	0.01210	0.00864	0.00691	0.00605	0.00173	0.01210	0.00432	0.00346	0.00778
19	0.02506	0.03198	0.01901	0.01729	0.02074	0.73725	0.01296	0.02679	0.01901	0.01642	0.01037	0.01210	0.00864	0.00691	0.00605	0.00173	0.01210	0.00432	0.00346	0.00778
20	0.00888	0.00659	0.00816	0.00915	0.01019	0.00615	0.00650	0.02827	0.01402	0.01816	0.04262	0.49966	0.19156	0.04395	0.00928	0.00276	0.00417	0.07807	0.00617	0.00568
21	0.01346	0.07577	0.64026	0.01811	0.02720	0.01574	0.02290	0.02056	0.01391	0.02055	0.01228	0.01479	0.00907	0.00931	0.05564	0.00267	0.01030	0.00503	0.00289	0.00957
22	0.01600	0.38679	0.34103	0.01501	0.02243	0.02086	0.01732	0.04916	0.01454	0.01932	0.01110	0.01301	0.00895	0.00758	0.02940	0.00207	0.00875	0.00442	0.00304	0.00922
23	0.01010	0.00730	0.00975	0.00917	0.00977	0.00730	0.04832	0.01081	0.01058	0.01419	0.02172	0.07273	0.02441	0.60371	0.07981	0.00624	0.00749	0.03776	0.00417	0.00466
24	0.01021	0.00706	0.00874	0.00856	0.01042	0.00636	0.00651	0.01269	0.01700	0.06375	0.36383	0.13071	0.24758	0.01550	0.00802	0.00229	0.00369	0.06384	0.00689	0.00633
25	0.01206	0.00722	0.01055	0.01167	0.06926	0.00730	0.00725	0.03268	0.01046	0.01413	0.01458	0.06878	0.01498	0.09135	0.04831	0.55828	0.00642	0.00709	0.00341	0.00422
26	0.01790	0.59472	0.13840	0.01296	0.01930	0.02442	0.01359	0.07750	0.01522	0.01884	0.01031	0.01173	0.00883	0.00603	0.00482	0.00159	0.00761	0.00400	0.00319	0.00904
27	0.01946	0.01722	0.04091	0.01453	0.03295	0.11477	0.01147	0.10359	0.37446	0.09491	0.06587	0.02281	0.01929	0.00863	0.00670	0.00210	0.00658	0.00696	0.00624	0.03057
28	0.01189	0.01026	0.01333	0.01222	0.01410	0.07586	0.06630	0.01451	0.01233	0.01719	0.01746	0.02472	0.01575	0.05878	0.50115	0.00801	0.01477	0.00695	0.09805	0.00639
29	0.18335	0.01188	0.01426	0.01139	0.01609	0.01135	0.00931	0.07373	0.01810	0.49800	0.02304	0.06630	0.01615	0.00867	0.00634	0.00211	0.00561	0.00686	0.00724	0.01022
30	0.02488	0.03065	0.01899	0.01707	0.02067	0.67078	0.01289	0.07252	0.03717	0.01846	0.01118	0.01270	0.00913	0.00705	0.00611	0.00176	0.01161	0.00452	0.00376	0.00810
31	0.01510	0.01346	0.01873	0.01601	0.01685	0.01778	0.01325	0.01684	0.01115	0.06443	0.01122	0.01650	0.01030	0.01546	0.10055	0.00365	0.57517	0.00597	0.00343	0.05415
32	0.00860	0.00666	0.00785	0.00801	0.00966	0.00592	0.00591	0.01075	0.01612	0.02104	0.28674	0.19120	0.34472	0.01666	0.00808	0.00232	0.00349	0.03375	0.00663	0.00587
33	0.01075	0.00749	0.00919	0.00959	0.01139	0.00704	0.00736	0.01382	0.05876	0.06735	0.09285	0.27065	0.23883	0.01721	0.00824	0.00255	0.00437	0.14963	0.00648	0.00645
34	0.01267	0.01193	0.02013	0.74806	0.04621	0.01491	0.01863	0.01714	0.01342	0.01714	0.01193	0.01789	0.00894	0.00671	0.00671	0.00224	0.00894	0.00596	0.00298	0.00745
35	0.01646	0.01416	0.01638	0.03659	0.01886	0.01607	0.04956	0.06040	0.57096	0.02781	0.05284	0.02504	0.02076	0.00893	0.00685	0.00223	0.00569	0.00763	0.03262	0.01015
36	0.01412	0.00798	0.00963	0.00861	0.01089	0.00764	0.00665	0.05785	0.01819	0.11838	0.36067	0.03639	0.03917	0.01076	0.00665	0.00192	0.00374	0.00916	0.26432	0.00728
37	0.00845	0.00634	0.00764	0.00835	0.00943	0.00576	0.00579	0.00993	0.01405	0.01821	0.12096	0.38975	0.24993	0.08681	0.01065	0.00287	0.00395	0.02949	0.00616	0.00550
38	0.01294	0.02109	0.30103	0.04428	0.11328	0.06101	0.03982	0.01743	0.01423	0.01950	0.02037	0.26342	0.02083	0.01123	0.00718	0.00229	0.00781	0.00989	0.00410	0.00826
39	0.01643	0.01166	0.01151	0.01012	0.01283	0.07086	0.00786	0.16420	0.04288	0.05389	0.15214	0.05012	0.02491	0.00939	0.00612	0.00186	0.00499	0.00763	0.33281	0.00782
40	0.00855	0.00597	0.00760	0.00885	0.00939	0.00559	0.00590	0.00979	0.01283	0.01737	0.03664	0.61841	0.08066	0.07661	0.01023	0.00291	0.00401	0.01727	0.05601	0.00541
41	0.19089	0.01373	0.01516	0.01213	0.01672	0.01428	0.00991	0.25584	0.02152	0.26890	0.06812	0.04916	0.01723	0.00866	0.00634	0.00208	0.00592	0.00672	0.00674	0.00995
42	0.73884	0.01309	0.01160	0.01006	0.01427	0.01491	0.04701	0.01963	0.01181	0.02927	0.01047	0.01351	0.00849	0.00661	0.00454	0.00212	0.00558	0.02667	0.00418	0.00733
43	0.05648	0.00860	0.00842	0.00867	0.01042	0.05571	0.00630	0.01170	0.01478	0.01915	0.11322	0.25724	0.32838	0.04388	0.00875	0.00251	0.00439	0.02959	0.00595	0.00586
44	0.01306	0.01203	0.04631	0.01139	0.01445	0.03196	0.00944	0.04423	0.10184	0.04258	0.09240	0.08479	0.20786	0.01246	0.00898	0.00221	0.09345	0.05153	0.00555	0.11346
45	0.01445	0.14702	0.09604	0.01459	0.04367	0.06676	0.08154	0.05179	0.04554	0.02189	0.16640	0.10269	0.07267	0.01013	0.00680	0.00202	0.00670	0.00873	0.00489	0.03569
46	0.01447	0.03452	0.13078	0.05977	0.12307	0.06006	0.03393	0.04258	0.07024	0.03908	0.02372	0.13066	0.09478	0.01102	0.02634	0.00231	0.00729	0.00853	0.00456	0.08227
47	0.07144	0.04269	0.04551	0.04993	0.26733	0.06361	0.01482	0.10133	0.04735	0.04094	0.01347	0.01595	0.01075	0.00679	0.00699	0.00190	0.05088	0.00543	0.02953	0.11338
48	0.14822	0.10959	0.11711	0.01281	0.03559	0.01513	0.01156	0.11598	0.05692	0.04447	0.09562	0.02524	0.11461	0.00912	0.00675	0.00203	0.03335	0.00699	0.00500	0.03392
49	0.07506	0.05735	0.09220	0.01584	0.05920	0.06508	0.03780	0.12262	0.08859	0.13018	0.01986	0.02076	0.06002	0.01088	0.05052	0.00263	0.07055	0.00644	0.00510	0.00931

[dist]
# distance from previous block
# <min> <max>
0	31

[block]
# block no. 6 follows, 32 sequences, length 47
# corresponding to MSA columns:
# 284-330
name=unknown_G
#
# <colnr> <probs for GDERKNQSTAVLIFYWHMCP>
#	G	D	E	R	K	N	Q	S	T	A	V	L	I	F	Y	W	H	M	C	P
0	0.01389	0.03623	0.01749	0.22407	0.14203	0.04981	0.01349	0.07442	0.01560	0.02056	0.07179	0.13049	0.02085	0.03984	0.07896	0.00319	0.00829	0.02694	0.00437	0.00771
1	0.01365	0.01109	0.01712	0.22281	0.13445	0.01180	0.03395	0.04808	0.01490	0.05616	0.05684	0.08872	0.04298	0.03886	0.10285	0.00344	0.00845	0.03929	0.00443	0.05012
2	0.01677	0.02069	0.16279	0.05322	0.08294	0.10897	0.10645	0.09183	0.08879	0.02329	0.03542	0.02128	0.01423	0.03054	0.00758	0.00218	0.00852	0.04176	0.00429	0.07847
3	0.00908	0.00675	0.00847	0.00835	0.00992	0.00614	0.00621	0.01173	0.01746	0.02389	0.49565	0.13840	0.18372	0.01534	0.00803	0.00224	0.00338	0.03214	0.00700	0.00610
4	0.01470	0.08571	0.01583	0.01127	0.03532	0.01184	0.00882	0.09730	0.03602	0.02334	0.04219	0.05576	0.10042	0.00803	0.00583	0.00149	0.00527	0.00653	0.00474	0.42959
5	0.01607	0.21561	0.20927	0.02028	0.10365	0.01840	0.15326	0.04457	0.05072	0.02108	0.01262	0.01495	0.00994	0.00610	0.00609	0.00187	0.00852	0.00540	0.00345	0.07815
6	0.03899	0.13011	0.45404	0.01727	0.06309	0.01551	0.01909	0.01938	0.01391	0.02052	0.01492	0.09949	0.01311	0.00800	0.00620	0.00206	0.00827	0.00646	0.04056	0.00901
7	0.01008	0.00655	0.00904	0.00913	0.00962	0.00699	0.00631	0.01033	0.01008	0.01390	0.01849	0.07502	0.01946	0.25640	0.30075	0.21061	0.01058	0.00834	0.00372	0.00460
8	0.01528	0.01338	0.01895	0.06427	0.24260	0.01396	0.03244	0.09374	0.13087	0.02417	0.05451	0.08306	0.07315	0.00963	0.00747	0.00215	0.02916	0.02832	0.00500	0.05790
9	0.03701	0.27248	0.34638	0.01695	0.06282	0.03721	0.01794	0.05764	0.01532	0.06118	0.01211	0.01365	0.00925	0.00635	0.00568	0.00187	0.00846	0.00468	0.00344	0.00957
10	0.00844	0.00636	0.00781	0.00842	0.00962	0.00573	0.00594	0.01025	0.01506	0.01984	0.21562	0.39078	0.23557	0.01809	0.00823	0.00244	0.00357	0.01599	0.00652	0.00573
11	0.00976	0.00693	0.00880	0.00933	0.01064	0.00654	0.00679	0.01253	0.04751	0.04219	0.21972	0.38727	0.12126	0.01752	0.00824	0.00250	0.00394	0.06574	0.00662	0.00618
12	0.01514	0.01440	0.03704	0.06949	0.36330	0.05423	0.01506	0.05012	0.03729	0.02214	0.07876	0.06701	0.05102	0.04579	0.00815	0.00227	0.00702	0.00779	0.04514	0.00885
13	0.01559	0.18675	0.40275	0.01875	0.05805	0.05509	0.07414	0.02238	0.06762	0.02041	0.01269	0.01460	0.00968	0.00640	0.00609	0.00197	0.00912	0.00512	0.00325	0.00955
14	0.01240	0.00871	0.01068	0.01011	0.01165	0.00937	0.00731	0.07175	0.08320	0.04895	0.02321	0.09491	0.04134	0.27687	0.25279	0.00646	0.00983	0.00919	0.00484	0.00644
15	0.06463	0.00979	0.01124	0.00947	0.01278	0.00938	0.00744	0.09004	0.01707	0.19675	0.06870	0.06891	0.02016	0.03285	0.00679	0.00197	0.00466	0.00727	0.27267	0.08744
16	0.04205	0.06328	0.11615	0.04469	0.20626	0.17113	0.10517	0.06356	0.03762	0.02148	0.01307	0.03509	0.01080	0.00703	0.00703	0.00203	0.03473	0.00594	0.00367	0.00922
17	0.01282	0.01200	0.02017	0.63963	0.11046	0.01451	0.01817	0.01707	0.01357	0.01761	0.01333	0.05718	0.01099	0.00740	0.00680	0.00224	0.00858	0.00666	0.00319	0.00766
18	0.00850	0.00624	0.00773	0.00852	0.00939	0.00574	0.00580	0.00994	0.01389	0.01835	0.14379	0.44808	0.16950	0.09874	0.01109	0.00295	0.00397	0.01613	0.00617	0.00547
19	0.01424	0.01454	0.10859	0.01580	0.06107	0.01238	0.06724	0.14507	0.05451	0.02424	0.04428	0.16616	0.06221	0.02794	0.04646	0.00291	0.00734	0.11149	0.00535	0.00818
20	0.01812	0.01586	0.05633	0.05890	0.15673	0.04788	0.06302	0.14480	0.09242	0.08924	0.02012	0.08115	0.01749	0.00959	0.00757	0.00226	0.02719	0.07665	0.00524	0.00945
21	0.01131	0.00627	0.00912	0.00916	0.00920	0.00650	0.00621	0.00920	0.00933	0.01256	0.01488	0.10655	0.01588	0.05647	0.02435	0.63820	0.04045	0.00754	0.00335	0.00347
22	0.01452	0.01251	0.01483	0.01092	0.01629	0.01059	0.00881	0.04853	0.01439	0.02227	0.01183	0.01409	0.00990	0.00575	0.00666	0.00122	0.07568	0.00425	0.00400	0.69294
23	0.01610	0.01833	0.03669	0.04440	0.03332	0.05063	0.59658	0.02122	0.01549	0.02074	0.01302	0.01755	0.00997	0.00621	0.00890	0.00229	0.06886	0.00755	0.00335	0.00882
24	0.00958	0.00643	0.00737	0.00754	0.00759	0.00639	0.00431	0.00971	0.01010	0.01347	0.02291	0.12387	0.02663	0.68119	0.03129	0.00608	0.00621	0.01080	0.00431	0.00422
25	0.06132	0.05058	0.06113	0.03811	0.06437	0.05320	0.06658	0.13543	0.01794	0.11871	0.03352	0.12596	0.01697	0.00895	0.00656	0.00198	0.00690	0.00764	0.00517	0.11898
26	0.06453	0.37313	0.32220	0.01548	0.02292	0.02073	0.05723	0.02063	0.01385	0.01927	0.01071	0.01262	0.00858	0.00603	0.00537	0.00181	0.00844	0.00442	0.00296	0.00910
27	0.00944	0.00673	0.00827	0.00896	0.00948	0.00674	0.00587	0.01135	0.05431	0.01620	0.02934	0.38651	0.03376	0.30970	0.05182	0.00454	0.00570	0.03072	0.00530	0.00527
28	0.17983	0.01271	0.01263	0.01036	0.01467	0.06596	0.00824	0.02123	0.05144	0.13354	0.01601	0.01733	0.01224	0.00926	0.05007	0.00218	0.00625	0.00504	0.10679	0.26420
29	0.01332	0.01221	0.01816	0.06086	0.11168	0.04761	0.10316	0.03330	0.05010	0.01829	0.01646	0.02458	0.01508	0.13738	0.26769	0.00585	0.04591	0.00724	0.00378	0.00734
30	0.02047	0.21373	0.10645	0.01726	0.02310	0.14924	0.14352	0.12378	0.03670	0.08402	0.01361	0.01500	0.01033	0.00666	0.00617	0.00189	0.00901	0.00544	0.00422	0.00940
31	0.01623	0.14602	0.41251	0.01825	0.04828	0.08684	0.04044	0.05384	0.05229	0.02113	0.01241	0.01432	0.00944	0.00670	0.00665	0.00201	0.03476	0.00503	0.00333	0.00952
32	0.01116	0.00907	0.01215	0.05013	0.04672	0.00997	0.00926	0.03323	0.06859	0.01982	0.10574	0.34386	0.04681	0.05830	0.01134	0.00279	0.10190	0.04690	0.00556	0.00667
33	0.01874	0.01581	0.01615	0.01393	0.01795	0.05066	0.01097	0.19193	0.47413	0.03084	0.06618	0.02384	0.02039	0.00903	0.00683	0.00218	0.00599	0.00734	0.00668	0.01041
34	0.02551	0.01879	0.02014	0.01544	0.02081	0.02081	0.01275	0.69996	0.03155	0.04229	0.01611	0.01611	0.01141	0.00805	0.00671	0.00201	0.00738	0.00604	0.00671	0.01141
35	0.47595	0.01349	0.01216	0.01046	0.01464	0.04695	0.00847	0.04252	0.08253	0.16739	0.05504	0.01707	0.01377	0.00743	0.00530	0.00208	0.00557	0.00522	0.00546	0.00850
36	0.00858	0.00601	0.00767	0.00882	0.00911	0.00572	0.00567	0.00945	0.01205	0.01607	0.03289	0.57506	0.03922	0.21281	0.01517	0.00370	0.00457	0.01667	0.00567	0.00509
37	0.00834	0.00605	0.00790	0.00918	0.00983	0.00561	0.00629	0.00977	0.01360	0.01808	0.09393	0.63166	0.09457	0.02007	0.00849	0.00265	0.00387	0.03823	0.00632	0.00556
38	0.09526	0.01761	0.03604	0.02595	0.03244	0.01689	0.60840	0.04199	0.01588	0.02298	0.01323	0.01732	0.00993	0.00579	0.00751	0.00224	0.01058	0.00744	0.00357	0.00894
39	0.01676	0.01343	0.01397	0.01190	0.01525	0.05426	0.00937	0.24307	0.13586	0.03072	0.25829	0.03336	0.09427	0.01086	0.00716	0.00208	0.00543	0.00898	0.02626	0.00872
40	0.00858	0.00633	0.00811	0.00889	0.00991	0.00585	0.00630	0.01041	0.01471	0.01967	0.20438	0.44322	0.14791	0.01942	0.02900	0.00275	0.00412	0.03827	0.00643	0.00573
41	0.00986	0.00736	0.00810	0.00902	0.00994	0.04314	0.00625	0.01154	0.01384	0.01906	0.07088	0.51601	0.07588	0.01736	0.00768	0.00241	0.00411	0.01542	0.14637	0.00577
42	0.01302	0.01149	0.01838	0.06174	0.07809	0.01217	0.13089	0.05966	0.07642	0.02108	0.07414	0.10200	0.03759	0.03660	0.21196	0.00474	0.02881	0.00891	0.00460	0.00771
43	0.02495	0.01425	0.01658	0.01309	0.01786	0.01469	0.01069	0.29309	0.11041	0.30841	0.04601	0.02153	0.01669	0.00847	0.00667	0.00205	0.00609	0.00673	0.05088	0.01086
44	0.01079	0.00663	0.00873	0.00941	0.01057	0.00605	0.00659	0.01234	0.01429	0.09926	0.10131	0.56863	0.08240	0.01865	0.00826	0.00257	0.00400	0.01673	0.00657	0.00623
45	0.05618	0.01616	0.04257	0.04322	0.33382	0.05055	0.01572	0.13645	0.03904	0.10000	0.01536	0.01787	0.01194	0.01109	0.07789	0.00287	0.00868	0.00602	0.00458	0.01000
46	0.06012	0.17816	0.02236	0.09948	0.16459	0.19186	0.01355	0.02125	0.01610	0.05788	0.09842	0.01855	0.01613	0.00732	0.00604	0.00186	0.00806	0.00574	0.00403	0.00850

[dist]
# distance from previous block
# <min> <max>
3	5

[block]
# block no. 7 follows, 32 sequences, length 16
# corresponding to MSA columns:
# 336-351
name=unknown_H
#
# <colnr> <probs for GDERKNQSTAVLIFYWHMCP>
#	G	D	E	R	K	N	Q	S	T	A	V	L	I	F	Y	W	H	M	C	P
0	0.01226	0.01082	0.06408	0.01316	0.01592	0.00913	0.09763	0.01627	0.06808	0.07629	0.07482	0.36877	0.05246	0.01528	0.00806	0.00252	0.00568	0.07564	0.00591	0.00723
1	0.04653	0.01078	0.01191	0.06345	0.03828	0.05560	0.00899	0.06039	0.11796	0.02181	0.04900	0.31808	0.04411	0.04188	0.00831	0.00250	0.00544	0.02538	0.06241	0.00718
2	0.01765	0.04901	0.09043	0.10713	0.33120	0.03822	0.04533	0.09692	0.01737	0.07224	0.05800	0.01867	0.01389	0.00698	0.00665	0.00203	0.00797	0.00625	0.00421	0.00985
3	0.01748	0.01574	0.06844	0.01905	0.14816	0.03561	0.03056	0.12603	0.10015	0.08448	0.07854	0.05244	0.04431	0.00916	0.00847	0.00213	0.08723	0.00740	0.00522	0.05941
4	0.00882	0.00656	0.00821	0.00883	0.00987	0.00633	0.00630	0.01034	0.01304	0.01705	0.06318	0.29009	0.20096	0.13747	0.13039	0.00450	0.00659	0.06051	0.00551	0.00546
5	0.12581	0.00901	0.00911	0.00870	0.01113	0.03647	0.00658	0.01429	0.01478	0.08738	0.09536	0.13262	0.32170	0.04110	0.05395	0.00292	0.00528	0.01143	0.00587	0.00652
6	0.01771	0.07989	0.06719	0.03110	0.42396	0.06772	0.08686	0.02204	0.03514	0.06527	0.01411	0.03395	0.01160	0.00660	0.00658	0.00199	0.00834	0.00620	0.00375	0.00999
7	0.01649	0.01565	0.02650	0.09390	0.51240	0.01588	0.08903	0.07088	0.01641	0.02285	0.01536	0.01894	0.04175	0.00665	0.00684	0.00205	0.00815	0.00654	0.00368	0.01005
8	0.00813	0.00639	0.00736	0.00799	0.00941	0.00562	0.00566	0.00970	0.01448	0.01826	0.09624	0.36051	0.38945	0.01850	0.00820	0.00245	0.00359	0.01613	0.00630	0.00562
9	0.01001	0.00760	0.00896	0.00940	0.01093	0.00746	0.00683	0.03067	0.09942	0.02069	0.10688	0.38056	0.18108	0.01705	0.00798	0.00246	0.00404	0.04204	0.03953	0.00642
10	0.01748	0.13376	0.12533	0.02038	0.16798	0.10721	0.01535	0.06267	0.17902	0.02265	0.01715	0.02129	0.01427	0.00793	0.00642	0.00205	0.00785	0.05722	0.00443	0.00956
11	0.01585	0.12474	0.29351	0.01849	0.07570	0.09866	0.07479	0.04952	0.03850	0.02164	0.08786	0.01975	0.03731	0.00752	0.00645	0.00199	0.00861	0.00620	0.00387	0.00906
12	0.04130	0.01053	0.01102	0.00971	0.01244	0.03360	0.00760	0.17059	0.01827	0.07387	0.03724	0.07024	0.04417	0.01211	0.05721	0.00248	0.00571	0.00738	0.36677	0.00775
13	0.01029	0.00907	0.05957	0.01078	0.05437	0.00773	0.00716	0.01140	0.01095	0.01490	0.02197	0.11952	0.02469	0.53146	0.05626	0.00558	0.00702	0.02790	0.00421	0.00518
14	0.01660	0.01408	0.04495	0.01707	0.11406	0.05964	0.05701	0.08236	0.09204	0.09842	0.07103	0.18245	0.02339	0.01063	0.00705	0.00213	0.00638	0.00939	0.03176	0.05955
15	0.06852	0.04954	0.03640	0.02036	0.19978	0.15135	0.01318	0.08297	0.07602	0.02334	0.03805	0.06435	0.01461	0.00770	0.00621	0.00186	0.00744	0.00628	0.00439	0.12766

[dist]
# distance from previous block
# <min> <max>
2	55

[block]
# block no. 8 follows, 32 sequences, length 21
# corresponding to MSA columns:
# 415-435
name=unknown_I
#
# <colnr> <probs for GDERKNQSTAVLIFYWHMCP>
#	G	D	E	R	K	N	Q	S	T	A	V	L	I	F	Y	W	H	M	C	P
0	0.01451	0.06757	0.06682	0.03076	0.01771	0.08297	0.07912	0.07801	0.03783	0.02040	0.02321	0.11182	0.09292	0.06532	0.07625	0.00324	0.06210	0.00863	0.05333	0.00748
1	0.01961	0.04092	0.01728	0.03077	0.01813	0.10923	0.02700	0.24922	0.06251	0.06300	0.01745	0.05695	0.01428	0.01242	0.07397	0.00279	0.05164	0.00663	0.08644	0.03977
2	0.01642	0.12106	0.26140	0.02137	0.15009	0.09437	0.08022	0.02160	0.03968	0.04335	0.03658	0.01772	0.01240	0.04625	0.00779	0.00221	0.00887	0.00581	0.00358	0.00921
3	0.01998	0.01418	0.01804	0.01382	0.01862	0.01420	0.08427	0.29465	0.02201	0.10469	0.05376	0.01987	0.01519	0.00868	0.02589	0.00205	0.00672	0.00634	0.11000	0.14705
4	0.02141	0.01460	0.01697	0.01578	0.09300	0.05008	0.01121	0.28382	0.02217	0.17060	0.09349	0.02446	0.01945	0.09575	0.03427	0.00282	0.00715	0.00720	0.00617	0.00959
5	0.09849	0.00986	0.01145	0.01036	0.01301	0.01011	0.03275	0.07055	0.10698	0.02518	0.23594	0.06331	0.17283	0.05202	0.00876	0.00247	0.00475	0.05773	0.00624	0.00720
6	0.01453	0.01161	0.01665	0.38996	0.03075	0.01330	0.01401	0.12574	0.01681	0.04900	0.04378	0.03029	0.06990	0.06642	0.00918	0.00260	0.00749	0.07571	0.00459	0.00768
7	0.01003	0.00876	0.00898	0.01001	0.01089	0.08469	0.00689	0.01136	0.01387	0.01744	0.05896	0.61185	0.08308	0.01900	0.00823	0.00257	0.00473	0.01694	0.00597	0.00574
8	0.01000	0.00867	0.00900	0.01020	0.01092	0.08465	0.00696	0.01123	0.01351	0.01705	0.03410	0.67889	0.04051	0.01949	0.00829	0.00262	0.00478	0.01748	0.00593	0.00570
