[name]
unknown

[dist]
# distance from previous block
# <min> <max>
0	283

[block]
# block no. 0 follows, 36 sequences, length 9
# corresponding to MSA columns:
# 389-397
name=unknown_A
#
# <colnr> <probs for GDERKNQSTAVLIFYWHMCP>
#	G	D	E	R	K	N	Q	S	T	A	V	L	I	F	Y	W	H	M	C	P
0	0.02331	0.02875	0.01774	0.01592	0.01927	0.69892	0.01202	0.07887	0.01856	0.01711	0.01004	0.01152	0.00822	0.00650	0.00567	0.00163	0.01090	0.00414	0.00344	0.00748
1	0.02327	0.02970	0.01766	0.01605	0.01926	0.75602	0.01204	0.02488	0.01766	0.01525	0.00963	0.01124	0.00803	0.00642	0.00562	0.00161	0.01124	0.00401	0.00321	0.00722
2	0.00759	0.00542	0.00723	0.00868	0.00904	0.00506	0.00578	0.00868	0.01193	0.01591	0.03434	0.77697	0.04121	0.01952	0.00795	0.00253	0.00361	0.01771	0.00578	0.00506
3	0.01292	0.01107	0.01292	0.00923	0.01477	0.00831	0.00738	0.01569	0.01292	0.02030	0.01107	0.01292	0.00923	0.00461	0.00461	0.00092	0.00461	0.00369	0.00369	0.81912
4	0.01292	0.01107	0.01292	0.00923	0.01477	0.00831	0.00738	0.01569	0.01292	0.02030	0.01107	0.01292	0.00923	0.00461	0.00461	0.00092	0.00461	0.00369	0.00369	0.81912
5	0.00769	0.00550	0.00731	0.00861	0.00906	0.00512	0.00579	0.00891	0.01237	0.01661	0.08873	0.72057	0.04257	0.01900	0.00791	0.00249	0.00356	0.01721	0.00587	0.00512
6	0.04569	0.01198	0.01891	0.01623	0.04777	0.01225	0.21427	0.06262	0.18313	0.02158	0.02279	0.27087	0.02225	0.01093	0.00706	0.00222	0.00632	0.01039	0.00499	0.00776
7	0.00906	0.00604	0.00680	0.00680	0.00680	0.00604	0.00378	0.00906	0.00906	0.01208	0.01963	0.04077	0.02265	0.78103	0.03171	0.00604	0.00604	0.00906	0.00378	0.00378
8	0.01363	0.01363	0.01908	0.01636	0.01636	0.01908	0.01363	0.01499	0.00954	0.01499	0.00818	0.01363	0.00818	0.01091	0.02045	0.00273	0.76963	0.00545	0.00273	0.00682

[dist]
# distance from previous block
# <min> <max>
0	1

[block]
# block no. 1 follows, 36 sequences, length 160
# corresponding to MSA columns:
# 399-465,469-561
name=unknown_B
#
# <colnr> <probs for GDERKNQSTAVLIFYWHMCP>
#	G	D	E	R	K	N	Q	S	T	A	V	L	I	F	Y	W	H	M	C	P
0	0.04112	0.01697	0.04825	0.06230	0.02261	0.10183	0.17222	0.16486	0.11006	0.07507	0.01475	0.01646	0.01105	0.00803	0.02804	0.00220	0.05837	0.00590	0.00449	0.03543
1	0.00878	0.00637	0.00828	0.00780	0.00929	0.00586	0.00585	0.01169	0.01755	0.02478	0.72152	0.04689	0.07628	0.01282	0.00735	0.00196	0.00295	0.01132	0.00683	0.00586
2	0.01363	0.01363	0.01908	0.01636	0.01636	0.01908	0.01363	0.01499	0.00954	0.01499	0.00818	0.01363	0.00818	0.01091	0.02045	0.00273	0.76963	0.00545	0.00273	0.00682
3	0.82504	0.01205	0.00916	0.00819	0.01205	0.01398	0.00675	0.01832	0.01060	0.02795	0.00868	0.01012	0.00675	0.00578	0.00386	0.00193	0.00482	0.00337	0.00386	0.00675
4	0.04550	0.53360	0.24344	0.01267	0.01909	0.02125	0.01417	0.01896	0.01273	0.01665	0.00941	0.01093	0.00792	0.00552	0.00456	0.00154	0.00735	0.00371	0.00270	0.00831
5	0.02327	0.02970	0.01766	0.01605	0.01926	0.75602	0.01204	0.02488	0.01766	0.01525	0.00963	0.01124	0.00803	0.00642	0.00562	0.00161	0.01124	0.00401	0.00321	0.00722
6	0.00759	0.00632	0.00663	0.00655	0.00856	0.00536	0.00491	0.00939	0.01474	0.01812	0.17001	0.05784	0.63194	0.01530	0.00736	0.00208	0.00312	0.01285	0.00596	0.00536
7	0.01172	0.01087	0.01797	0.69822	0.04023	0.01345	0.01655	0.01617	0.03436	0.01633	0.01284	0.03574	0.01039	0.00700	0.00636	0.00212	0.00800	0.03170	0.00305	0.00693
8	0.00761	0.00607	0.00683	0.00716	0.00870	0.00528	0.00517	0.00923	0.01402	0.01763	0.14224	0.25639	0.45888	0.01642	0.00752	0.00220	0.00325	0.01417	0.00592	0.00528
9	0.02062	0.01470	0.01581	0.01252	0.01663	0.01616	0.01021	0.55309	0.02531	0.03498	0.01647	0.03593	0.01250	0.00903	0.03061	0.00208	0.00639	0.00598	0.15154	0.00943
10	0.04529	0.01519	0.04899	0.50195	0.03441	0.14677	0.03324	0.01753	0.01333	0.01645	0.01148	0.01709	0.00920	0.00707	0.00671	0.02876	0.00861	0.02803	0.00299	0.00693
11	0.18192	0.57444	0.04474	0.01013	0.01509	0.02141	0.00990	0.01844	0.01227	0.01787	0.00922	0.01066	0.00808	0.00552	0.00403	0.00148	0.00619	0.00348	0.03746	0.00768
12	0.75309	0.01311	0.00983	0.00876	0.01260	0.05998	0.00714	0.01906	0.01124	0.04709	0.00918	0.01050	0.00707	0.00588	0.00403	0.00191	0.00523	0.00349	0.00392	0.00688
13	0.01694	0.01355	0.01540	0.03891	0.06255	0.01520	0.01076	0.15574	0.45902	0.05807	0.04677	0.04355	0.01841	0.00846	0.00638	0.00205	0.00546	0.00706	0.00606	0.00966
14	0.00938	0.00743	0.00859	0.00835	0.01020	0.00724	0.00622	0.01420	0.13853	0.02159	0.32586	0.14731	0.24391	0.01381	0.00726	0.00211	0.00344	0.01197	0.00631	0.00627
15	0.02795	0.01060	0.01446	0.01109	0.01591	0.00916	0.00916	0.03036	0.01783	0.74648	0.02458	0.02121	0.01542	0.00771	0.00627	0.00193	0.00530	0.00627	0.00771	0.01060
16	0.01204	0.01135	0.01918	0.71233	0.09453	0.01391	0.01744	0.01616	0.01259	0.01625	0.01112	0.01652	0.00842	0.00618	0.00622	0.00206	0.00824	0.00554	0.00279	0.00714
17	0.01177	0.01107	0.01869	0.76606	0.04291	0.01384	0.01730	0.01592	0.01246	0.01592	0.01107	0.01661	0.00831	0.00623	0.00623	0.00208	0.00831	0.00554	0.00277	0.00692
18	0.01107	0.00866	0.01155	0.01045	0.01189	0.00969	0.02445	0.01475	0.08859	0.04398	0.24418	0.03281	0.05604	0.12479	0.15549	0.00421	0.12765	0.00853	0.00495	0.00629
19	0.01250	0.03223	0.74875	0.01776	0.02697	0.01447	0.02302	0.01973	0.01315	0.01973	0.01118	0.01315	0.00789	0.00592	0.00592	0.00197	0.00921	0.00460	0.00263	0.00921
20	0.02368	0.01745	0.01870	0.01434	0.01932	0.01932	0.01184	0.72139	0.02929	0.03927	0.01496	0.01496	0.01060	0.00748	0.00623	0.00187	0.00686	0.00561	0.00623	0.01060
21	0.00906	0.00604	0.00680	0.00680	0.00680	0.00604	0.00378	0.00906	0.00906	0.01208	0.01963	0.04077	0.02265	0.78103	0.03171	0.00604	0.00604	0.00906	0.00378	0.00378
22	0.01161	0.00581	0.00581	0.00581	0.00726	0.00581	0.00436	0.01452	0.01307	0.02323	0.02033	0.02323	0.01597	0.00726	0.00436	0.00145	0.00290	0.00581	0.81562	0.00581
23	0.01459	0.01396	0.02379	0.20331	0.58358	0.01459	0.01871	0.01840	0.01379	0.01935	0.01157	0.01569	0.00951	0.00571	0.00618	0.00190	0.00761	0.00555	0.00301	0.00920
24	0.69361	0.01181	0.01003	0.00867	0.01269	0.01318	0.00715	0.02030	0.01180	0.14643	0.01130	0.01195	0.00818	0.00610	0.00425	0.00193	0.00490	0.00385	0.00449	0.00738
25	0.00799	0.00627	0.00722	0.00712	0.00883	0.00550	0.00529	0.01009	0.01546	0.02015	0.34171	0.10844	0.40411	0.01480	0.00740	0.00208	0.00310	0.01271	0.00623	0.00550
26	0.01958	0.01214	0.01389	0.01187	0.01575	0.01296	0.00940	0.03144	0.46005	0.27089	0.02490	0.02255	0.01768	0.00815	0.00624	0.00202	0.00498	0.00673	0.03885	0.00995
27	0.00906	0.00604	0.00680	0.00680	0.00680	0.00604	0.00378	0.00906	0.00906	0.01208	0.01963	0.04077	0.02265	0.78103	0.03171	0.00604	0.00604	0.00906	0.00378	0.00378
28	0.02340	0.01731	0.01854	0.01428	0.01922	0.01919	0.01177	0.69785	0.05329	0.03882	0.01531	0.01524	0.01088	0.00751	0.00624	0.00188	0.00679	0.00566	0.00624	0.01057
29	0.02613	0.04153	0.01610	0.01195	0.01673	0.03754	0.00988	0.17032	0.04164	0.52856	0.02154	0.01924	0.01402	0.00755	0.00615	0.00189	0.00586	0.00597	0.00703	0.01037
30	0.01177	0.01107	0.01869	0.76606	0.04291	0.01384	0.01730	0.01592	0.01246	0.01592	0.01107	0.01661	0.00831	0.00623	0.00623	0.00208	0.00831	0.00554	0.00277	0.00692
31	0.01292	0.01107	0.01292	0.00923	0.01477	0.00831	0.00738	0.01569	0.01292	0.02030	0.01107	0.01292	0.00923	0.00461	0.00461	0.00092	0.00461	0.00369	0.00369	0.81912
32	0.00877	0.00637	0.00826	0.00779	0.00928	0.00586	0.00584	0.01166	0.01752	0.02471	0.71576	0.04700	0.08208	0.01284	0.00735	0.00196	0.00295	0.01133	0.00682	0.00586
33	0.01309	0.01242	0.02107	0.50296	0.29568	0.01419	0.01796	0.01708	0.01308	0.01752	0.01131	0.01618	0.00887	0.00598	0.00621	0.00199	0.00798	0.00554	0.00288	0.00799
34	0.00815	0.00634	0.00740	0.00714	0.00890	0.00560	0.00535	0.01047	0.01606	0.02125	0.42899	0.05270	0.37101	0.01413	0.00736	0.00203	0.00304	0.01213	0.00637	0.00560
35	0.18779	0.02296	0.01620	0.01413	0.01782	0.46539	0.03388	0.04785	0.01653	0.10606	0.01150	0.01251	0.00878	0.00644	0.00541	0.00174	0.00904	0.00432	0.00398	0.00768
36	0.01250	0.03223	0.74875	0.01776	0.02697	0.01447	0.02302	0.01973	0.01315	0.01973	0.01118	0.01315	0.00789	0.00592	0.00592	0.00197	0.00921	0.00460	0.00263	0.00921
37	0.01418	0.01354	0.02305	0.28489	0.50520	0.01448	0.01851	0.01804	0.01360	0.01885	0.01150	0.01582	0.00934	0.00578	0.00619	0.00193	0.00771	0.00555	0.00298	0.00887
38	0.00836	0.00635	0.00770	0.00736	0.00903	0.00568	0.00552	0.01088	0.01656	0.02243	0.52712	0.05075	0.27214	0.01369	0.00735	0.00200	0.00301	0.01186	0.00652	0.00568
39	0.01121	0.00592	0.00632	0.00632	0.00768	0.00604	0.00472	0.01392	0.01256	0.02180	0.01988	0.02405	0.01618	0.04166	0.09107	0.00260	0.00460	0.00603	0.69172	0.00570
40	0.00826	0.00625	0.00762	0.00748	0.00902	0.00561	0.00553	0.01060	0.01603	0.02163	0.46592	0.12739	0.25722	0.01435	0.00742	0.00206	0.00307	0.01250	0.00643	0.00561
41	0.01441	0.01377	0.02347	0.23923	0.54907	0.01454	0.01862	0.01824	0.01371	0.01913	0.01154	0.01575	0.00944	0.00574	0.00619	0.00191	0.00765	0.00555	0.00300	0.00906
42	0.00892	0.00606	0.00676	0.00676	0.00693	0.00598	0.00385	0.00905	0.00948	0.01247	0.02320	0.04235	0.08151	0.71821	0.02971	0.00572	0.00580	0.00940	0.00394	0.00390
43	0.01052	0.00692	0.00872	0.00887	0.01028	0.00662	0.00640	0.03358	0.05472	0.07725	0.21225	0.41687	0.07051	0.01541	0.00740	0.00225	0.00371	0.01371	0.02786	0.00616
44	0.07789	0.14542	0.58056	0.01591	0.02410	0.01598	0.01984	0.01945	0.01288	0.01961	0.01060	0.01243	0.00782	0.00582	0.00546	0.00187	0.00847	0.00431	0.00273	0.00883
45	0.00782	0.00635	0.00695	0.00686	0.00878	0.00548	0.00519	0.00979	0.01509	0.01899	0.23641	0.05682	0.54272	0.01504	0.00740	0.00209	0.00318	0.03355	0.00606	0.00543
46	0.02368	0.01745	0.01870	0.01434	0.01932	0.01932	0.01184	0.72139	0.02929	0.03927	0.01496	0.01496	0.01060	0.00748	0.00623	0.00187	0.00686	0.00561	0.00623	0.01060
47	0.02139	0.21550	0.02124	0.01461	0.01835	0.55118	0.01163	0.02361	0.03988	0.01546	0.00991	0.01132	0.00838	0.00622	0.00524	0.00155	0.00990	0.00394	0.00318	0.00750
48	0.02334	0.02781	0.01782	0.01579	0.01927	0.64239	0.01201	0.13231	0.01945	0.01895	0.01045	0.01181	0.00842	0.00658	0.00571	0.00165	0.01056	0.00426	0.00368	0.00774
49	0.01082	0.00541	0.00812	0.00812	0.00812	0.00541	0.00541	0.00812	0.00812	0.01082	0.01082	0.01894	0.01082	0.02165	0.02435	0.81872	0.00541	0.00541	0.00271	0.00271
50	0.02338	0.01902	0.01876	0.01529	0.04110	0.11846	0.01209	0.60637	0.02727	0.03546	0.01414	0.01447	0.01023	0.00728	0.00615	0.00183	0.00746	0.00539	0.00573	0.01012
51	0.82504	0.01205	0.00916	0.00819	0.01205	0.01398	0.00675	0.01832	0.01060	0.02795	0.00868	0.01012	0.00675	0.00578	0.00386	0.00193	0.00482	0.00337	0.00386	0.00675
52	0.14341	0.00731	0.00847	0.00790	0.00976	0.00721	0.00602	0.01284	0.01648	0.02547	0.61848	0.04054	0.05021	0.01159	0.00677	0.00195	0.00325	0.00997	0.00636	0.00602
53	0.00744	0.00625	0.00646	0.00654	0.00849	0.00527	0.00485	0.00903	0.01418	0.01709	0.08786	0.10969	0.66373	0.01592	0.00740	0.00213	0.00318	0.01339	0.00583	0.00527
54	0.01177	0.01107	0.01869	0.76606	0.04291	0.01384	0.01730	0.01592	0.01246	0.01592	0.01107	0.01661	0.00831	0.00623	0.00623	0.00208	0.00831	0.00554	0.00277	0.00692
55	0.00902	0.00603	0.00681	0.00684	0.00685	0.00602	0.00382	0.00905	0.00913	0.01217	0.01999	0.05886	0.02311	0.76232	0.03113	0.00595	0.00598	0.00927	0.00382	0.00381
56	0.82504	0.01205	0.00916	0.00819	0.01205	0.01398	0.00675	0.01832	0.01060	0.02795	0.00868	0.01012	0.00675	0.00578	0.00386	0.00193	0.00482	0.00337	0.00386	0.00675
57	0.00906	0.00604	0.00680	0.00680	0.00680	0.00604	0.00378	0.00906	0.00906	0.01208	0.01963	0.04077	0.02265	0.78103	0.03171	0.00604	0.00604	0.00906	0.00378	0.00378
58	0.01550	0.01338	0.01409	0.01268	0.01620	0.01550	0.00986	0.03311	0.73091	0.02606	0.02536	0.02325	0.01902	0.00845	0.00634	0.00211	0.00493	0.00704	0.00634	0.00986
59	0.04273	0.01362	0.01427	0.01167	0.01533	0.04176	0.00939	0.37672	0.06337	0.07661	0.01714	0.01853	0.01293	0.02662	0.06120	0.00248	0.00663	0.00580	0.17440	0.00881
60	0.02098	0.02585	0.01740	0.01581	0.01842	0.59733	0.01216	0.02263	0.01622	0.01542	0.01087	0.01529	0.00979	0.00778	0.00806	0.00185	0.12605	0.04773	0.00329	0.00707
61	0.01666	0.78478	0.03265	0.01066	0.01599	0.02465	0.01066	0.01866	0.01266	0.01466	0.00866	0.00999	0.00800	0.00533	0.00400	0.00133	0.00666	0.00333	0.00267	0.00800
62	0.01292	0.01107	0.01292	0.00923	0.01477	0.00831	0.00738	0.01569	0.01292	0.02030	0.01107	0.01292	0.00923	0.00461	0.00461	0.00092	0.00461	0.00369	0.00369	0.81912
63	0.07276	0.01199	0.01348	0.01094	0.01490	0.01224	0.00885	0.24431	0.07517	0.23125	0.08235	0.02762	0.14823	0.00942	0.00638	0.00196	0.00517	0.00756	0.00647	0.00896
64	0.05111	0.01850	0.01579	0.01373	0.01730	0.22354	0.01073	0.16800	0.31547	0.02540	0.04104	0.01816	0.01472	0.00780	0.00648	0.00193	0.03027	0.00585	0.00525	0.00892
65	0.00768	0.00549	0.00733	0.00878	0.00918	0.00514	0.00594	0.00883	0.01202	0.01601	0.03429	0.75068	0.04101	0.01943	0.00798	0.00254	0.00369	0.04310	0.00578	0.00509
66	0.01403	0.03874	0.16333	0.47985	0.03545	0.01383	0.04510	0.01857	0.01331	0.10055	0.01263	0.01626	0.00908	0.00627	0.00615	0.00202	0.00818	0.00544	0.00332	0.00789
67	0.26305	0.01374	0.01303	0.01164	0.01411	0.11819	0.00928	0.09119	0.01323	0.02136	0.01185	0.01595	0.01034	0.03538	0.21468	0.00431	0.12308	0.00505	0.00370	0.00684
68	0.25552	0.01490	0.01290	0.01105	0.01481	0.14729	0.00879	0.08494	0.09905	0.18233	0.01604	0.01608	0.01161	0.00693	0.00525	0.00184	0.00608	0.00500	0.09133	0.00827
69	0.00759	0.00542	0.00723	0.00868	0.00904	0.00506	0.00578	0.00868	0.01193	0.01591	0.03434	0.77697	0.04121	0.01952	0.00795	0.00253	0.00361	0.01771	0.00578	0.00506
70	0.01292	0.01107	0.01292	0.00923	0.01477	0.00831	0.00738	0.01569	0.01292	0.02030	0.01107	0.01292	0.00923	0.00461	0.00461	0.00092	0.00461	0.00369	0.00369	0.81912
71	0.01495	0.01433	0.02444	0.13144	0.65263	0.01468	0.01889	0.01871	0.01397	0.01979	0.01164	0.01557	0.00967	0.00564	0.00618	0.00188	0.00752	0.00555	0.00304	0.00949
72	0.00891	0.00664	0.00982	0.00982	0.01086	0.00768	0.00755	0.01100	0.00996	0.01432	0.01687	0.02546	0.01600	0.09118	0.71247	0.00977	0.01604	0.00682	0.00336	0.00545
73	0.02781	0.01083	0.01460	0.01119	0.01602	0.00949	0.00925	0.05300	0.01821	0.72332	0.02427	0.02100	0.01527	0.00770	0.00626	0.00193	0.00535	0.00624	0.00766	0.01060
74	0.01161	0.00581	0.00581	0.00581	0.00726	0.00581	0.00436	0.01452	0.01307	0.02323	0.02033	0.02323	0.01597	0.00726	0.00436	0.00145	0.00290	0.00581	0.81562	0.00581
75	0.01292	0.01107	0.01292	0.00923	0.01477	0.00831	0.00738	0.01569	0.01292	0.02030	0.01107	0.01292	0.00923	0.00461	0.00461	0.00092	0.00461	0.00369	0.00369	0.81912
76	0.01666	0.78478	0.03265	0.01066	0.01599	0.02465	0.01066	0.01866	0.01266	0.01466	0.00866	0.00999	0.00800	0.00533	0.00400	0.00133	0.00666	0.00333	0.00267	0.00800
77	0.00770	0.00550	0.00735	0.00879	0.00920	0.00515	0.00596	0.00886	0.01203	0.01602	0.03428	0.74693	0.04098	0.01942	0.00798	0.00254	0.00371	0.04672	0.00578	0.00509
78	0.01550	0.01338	0.01409	0.01268	0.01620	0.01550	0.00986	0.03311	0.73091	0.02606	0.02536	0.02325	0.01902	0.00845	0.00634	0.00211	0.00493	0.00704	0.00634	0.00986
79	0.02329	0.02922	0.01770	0.01599	0.01926	0.72754	0.01203	0.05180	0.01811	0.01618	0.00984	0.01138	0.00813	0.00646	0.00564	0.00162	0.01107	0.00407	0.00333	0.00735
80	0.01470	0.01407	0.02398	0.18225	0.60381	0.01461	0.01876	0.01849	0.01384	0.01948	0.01159	0.01566	0.00956	0.00569	0.00618	0.00190	0.00758	0.00555	0.00302	0.00929
81	0.01343	0.01106	0.01297	0.00929	0.01480	0.00833	0.00744	0.01619	0.01309	0.04514	0.01154	0.01320	0.00944	0.00472	0.00467	0.00096	0.00464	0.00378	0.00383	0.79147
82	0.82504	0.01205	0.00916	0.00819	0.01205	0.01398	0.00675	0.01832	0.01060	0.02795	0.00868	0.01012	0.00675	0.00578	0.00386	0.00193	0.00482	0.00337	0.00386	0.00675
83	0.01071	0.00908	0.00973	0.00954	0.01057	0.09295	0.00690	0.01221	0.01073	0.01420	0.01694	0.02789	0.01689	0.26522	0.41649	0.00747	0.01222	0.00706	0.03798	0.00522
84	0.01082	0.00541	0.00812	0.00812	0.00812	0.00541	0.00541	0.00812	0.00812	0.01082	0.01082	0.01894	0.01082	0.02165	0.02435	0.81872	0.00541	0.00541	0.00271	0.00271
85	0.07776	0.01069	0.01413	0.01090	0.01566	0.00946	0.00901	0.02961	0.01738	0.70159	0.02359	0.02051	0.01488	0.00759	0.00612	0.00193	0.00527	0.00608	0.00747	0.01036
86	0.01542	0.01480	0.02529	0.03824	0.74217	0.01480	0.01912	0.01912	0.01419	0.02036	0.01172	0.01542	0.00987	0.00555	0.00617	0.00185	0.00740	0.00555	0.00308	0.00987
87	0.02795	0.01060	0.01446	0.01109	0.01591	0.00916	0.00916	0.03036	0.01783	0.74648	0.02458	0.02121	0.01542	0.00771	0.00627	0.00193	0.00530	0.00627	0.00771	0.01060
88	0.00765	0.00546	0.00729	0.00874	0.00913	0.00511	0.00588	0.00877	0.01198	0.01597	0.03431	0.76054	0.04108	0.01947	0.00797	0.00254	0.00366	0.03358	0.00578	0.00508
89	0.11431	0.01403	0.01527	0.01239	0.01607	0.09574	0.01010	0.07399	0.01574	0.32056	0.01593	0.01612	0.01126	0.00766	0.00852	0.00195	0.15454	0.00523	0.00531	0.08529
90	0.01250	0.03223	0.74875	0.01776	0.02697	0.01447	0.02302	0.01973	0.01315	0.01973	0.01118	0.01315	0.00789	0.00592	0.00592	0.00197	0.00921	0.00460	0.00263	0.00921
91	0.01214	0.01186	0.02135	0.62307	0.04027	0.01391	0.13278	0.01638	0.01281	0.01658	0.01197	0.03773	0.00941	0.00644	0.00646	0.00209	0.00854	0.00617	0.00292	0.00711
92	0.00887	0.00620	0.00794	0.00818	0.00861	0.00649	0.00547	0.00979	0.00991	0.01353	0.02108	0.12739	0.02333	0.43695	0.24537	0.00668	0.00893	0.03677	0.00397	0.00455
93	0.01667	0.00797	0.00867	0.00765	0.01013	0.03150	0.00598	0.01939	0.01458	0.22980	0.02119	0.02226	0.01555	0.00736	0.00494	0.00159	0.00386	0.00588	0.55778	0.00723
94	0.01422	0.02625	0.51457	0.01691	0.02449	0.01446	0.06318	0.10164	0.03854	0.04391	0.01302	0.01506	0.00950	0.00941	0.06517	0.00261	0.00935	0.00519	0.00342	0.00910
95	0.01332	0.01295	0.02260	0.35243	0.23897	0.01415	0.12168	0.01773	0.03423	0.01855	0.04275	0.01759	0.01140	0.00634	0.00683	0.00201	0.03111	0.00606	0.00321	0.02611
96	0.10360	0.61009	0.02823	0.01097	0.01589	0.09420	0.01036	0.01958	0.03057	0.01642	0.00917	0.01045	0.00814	0.00556	0.00420	0.00144	0.00687	0.00349	0.00294	0.00783
97	0.02032	0.02039	0.01599	0.01412	0.01772	0.32696	0.01089	0.08596	0.32321	0.07309	0.01783	0.01737	0.01345	0.00747	0.00602	0.00187	0.00777	0.00560	0.00511	0.00886
98	0.00872	0.00663	0.00806	0.00765	0.00936	0.00611	0.00575	0.01191	0.04503	0.02302	0.54424	0.04892	0.22486	0.01332	0.00731	0.00200	0.00307	0.01156	0.00657	0.00588
99	0.00759	0.00542	0.00723	0.00868	0.00904	0.00506	0.00578	0.00868	0.01193	0.01591	0.03434	0.77697	0.04121	0.01952	0.00795	0.00253	0.00361	0.01771	0.00578	0.00506
100	0.00943	0.00689	0.00874	0.00850	0.00879	0.00767	0.00571	0.01013	0.00935	0.01297	0.01783	0.03408	0.01950	0.52010	0.21964	0.00678	0.07769	0.00811	0.00357	0.00452
101	0.00891	0.00665	0.00988	0.00988	0.01094	0.00771	0.00762	0.01104	0.00997	0.01436	0.01681	0.02517	0.01588	0.07794	0.72555	0.00984	0.01624	0.00678	0.00336	0.00549
102	0.00890	0.00668	0.01001	0.01001	0.01113	0.00779	0.00779	0.01113	0.01001	0.01446	0.01669	0.02448	0.01558	0.04673	0.75634	0.01001	0.01669	0.00668	0.00334	0.00556
103	0.00877	0.00633	0.00828	0.00787	0.00930	0.00585	0.00588	0.01164	0.01741	0.02463	0.71098	0.07546	0.05809	0.01301	0.00737	0.00198	0.00297	0.01152	0.00682	0.00585
104	0.01788	0.01805	0.01520	0.01366	0.01714	0.22260	0.01052	0.04858	0.51341	0.02338	0.02069	0.01967	0.01573	0.00786	0.00614	0.00196	0.00674	0.00616	0.00546	0.00914
105	0.04413	0.01562	0.01756	0.01366	0.01824	0.05402	0.04084	0.39977	0.03990	0.17140	0.04302	0.01715	0.01308	0.00752	0.00664	0.00187	0.03267	0.00581	0.00594	0.05116
106	0.05113	0.01188	0.01466	0.01169	0.01619	0.01156	0.00959	0.12728	0.11895	0.49394	0.02313	0.02214	0.01575	0.00809	0.00628	0.00198	0.00547	0.03301	0.00711	0.01018
107	0.82504	0.01205	0.00916	0.00819	0.01205	0.01398	0.00675	0.01832	0.01060	0.02795	0.00868	0.01012	0.00675	0.00578	0.00386	0.00193	0.00482	0.00337	0.00386	0.00675
108	0.01605	0.67455	0.13754	0.01170	0.01760	0.02316	0.01247	0.01881	0.01273	0.01540	0.00903	0.01046	0.00798	0.00542	0.00428	0.00143	0.00704	0.00352	0.00266	0.00817
109	0.00882	0.00637	0.00833	0.00784	0.00931	0.00588	0.00588	0.01176	0.01764	0.02499	0.73888	0.04654	0.05879	0.01274	0.00735	0.00196	0.00294	0.01127	0.00686	0.00588
110	0.01224	0.01192	0.01628	0.01423	0.01463	0.01596	0.01171	0.01366	0.01040	0.01530	0.01832	0.04376	0.13003	0.01334	0.04637	0.00290	0.59199	0.00712	0.00334	0.00646
111	0.00902	0.00618	0.00753	0.00753	0.00778	0.00644	0.00469	0.00953	0.00928	0.01262	0.01896	0.03707	0.02104	0.61407	0.19647	0.00694	0.00846	0.00852	0.00368	0.00418
112	0.82504	0.01205	0.00916	0.00819	0.01205	0.01398	0.00675	0.01832	0.01060	0.02795	0.00868	0.01012	0.00675	0.00578	0.00386	0.00193	0.00482	0.00337	0.00386	0.00675
113	0.00797	0.00636	0.00715	0.00702	0.00887	0.00554	0.00530	0.01008	0.01546	0.01986	0.30928	0.05535	0.47085	0.01471	0.00739	0.00207	0.00315	0.03190	0.00618	0.00550
114	0.02327	0.02970	0.01766	0.01605	0.01926	0.75602	0.01204	0.02488	0.01766	0.01525	0.00963	0.01124	0.00803	0.00642	0.00562	0.00161	0.01124	0.00401	0.00321	0.00722
115	0.69284	0.01496	0.01056	0.00949	0.01324	0.13633	0.00762	0.01940	0.01177	0.02586	0.00883	0.01031	0.00696	0.00589	0.00415	0.00187	0.00588	0.00348	0.00375	0.00683
116	0.01239	0.03147	0.72706	0.01747	0.02645	0.01422	0.02252	0.01950	0.01329	0.01989	0.03249	0.01413	0.00938	0.00612	0.00596	0.00197	0.00902	0.00480	0.00275	0.00911
117	0.01311	0.14316	0.64319	0.01671	0.02535	0.01597	0.02120	0.01957	0.01308	0.01898	0.01081	0.01269	0.00791	0.00583	0.00564	0.00188	0.00883	0.00442	0.00264	0.00903
118	0.01516	0.01454	0.02482	0.09024	0.69221	0.01474	0.01899	0.01889	0.01406	0.02004	0.01167	0.01551	0.00976	0.00560	0.00617	0.00187	0.00747	0.00555	0.00306	0.00966
119	0.82504	0.01205	0.00916	0.00819	0.01205	0.01398	0.00675	0.01832	0.01060	0.02795	0.00868	0.01012	0.00675	0.00578	0.00386	0.00193	0.00482	0.00337	0.00386	0.00675
120	0.00818	0.00611	0.00759	0.00771	0.00904	0.00553	0.00560	0.01033	0.01539	0.02082	0.40572	0.23829	0.20649	0.01517	0.00751	0.00214	0.00316	0.01335	0.00634	0.00553
121	0.00878	0.00609	0.00672	0.00672	0.00706	0.00591	0.00393	0.00904	0.00991	0.01286	0.02680	0.04394	0.14088	0.65485	0.02770	0.00539	0.00556	0.00973	0.00411	0.00402
122	0.00852	0.00595	0.00682	0.00711	0.00748	0.00573	0.00432	0.00897	0.01037	0.01353	0.02877	0.19333	0.12769	0.51795	0.02344	0.00477	0.00514	0.01140	0.00447	0.00425
123	0.04649	0.01651	0.01753	0.01383	0.01851	0.01843	0.01131	0.56888	0.16240	0.03641	0.01675	0.01639	0.01208	0.00761	0.00618	0.00192	0.00643	0.00581	0.00618	0.01034
124	0.63799	0.12168	0.01334	0.00910	0.01327	0.01597	0.00776	0.08230	0.01259	0.02711	0.00925	0.01054	0.00727	0.00587	0.00409	0.00184	0.00527	0.00357	0.00390	0.00727
125	0.00854	0.00636	0.00795	0.00755	0.00914	0.00576	0.00566	0.01123	0.01699	0.02345	0.61174	0.04907	0.18688	0.01331	0.00735	0.00199	0.00298	0.01162	0.00666	0.00576
126	0.01468	0.42628	0.37378	0.01404	0.02122	0.01980	0.01655	0.01917	0.01290	0.01708	0.00986	0.01150	0.00795	0.00561	0.00491	0.00164	0.00788	0.00394	0.00265	0.00857
127	0.01636	0.01335	0.01424	0.01264	0.01627	0.01528	0.00988	0.05205	0.67507	0.06319	0.02503	0.02291	0.01860	0.00839	0.00633	0.00210	0.00500	0.00696	0.00641	0.00992
128	0.01186	0.01117	0.01885	0.74774	0.06051	0.01387	0.01735	0.01600	0.01250	0.01603	0.01109	0.01658	0.00834	0.00621	0.00623	0.00207	0.00828	0.00554	0.00278	0.00700
129	0.62757	0.01338	0.01151	0.00971	0.01384	0.01529	0.00800	0.19157	0.01521	0.03074	0.01022	0.01131	0.00770	0.00620	0.00444	0.00191	0.00532	0.00392	0.00444	0.00770
130	0.01282	0.01115	0.01619	0.01211	0.01694	0.00913	0.13292	0.01579	0.01322	0.03679	0.01512	0.11967	0.01401	0.00693	0.00559	0.00139	0.00549	0.00639	0.02565	0.52269
131	0.00763	0.00548	0.00725	0.00859	0.00903	0.00510	0.00576	0.00880	0.01220	0.01628	0.06222	0.73274	0.05746	0.01917	0.00792	0.00250	0.00358	0.01736	0.00583	0.00510
132	0.01082	0.00541	0.00812	0.00812	0.00812	0.00541	0.00541	0.00812	0.00812	0.01082	0.01082	0.01894	0.01082	0.02165	0.02435	0.81872	0.00541	0.00541	0.00271	0.00271
133	0.02439	0.01155	0.01437	0.01144	0.01587	0.01117	0.00931	0.09593	0.15422	0.50704	0.02361	0.02110	0.01567	0.00781	0.00618	0.00193	0.00526	0.00633	0.04659	0.01023
134	0.00841	0.00624	0.00797	0.00867	0.00990	0.00579	0.00661	0.01045	0.01429	0.01884	0.20225	0.29299	0.18685	0.01664	0.00785	0.00239	0.00387	0.17850	0.00602	0.00545
135	0.00768	0.00621	0.00675	0.00683	0.00856	0.00536	0.00499	0.00935	0.01428	0.01780	0.16268	0.13787	0.52802	0.04531	0.00837	0.00228	0.00329	0.01321	0.00587	0.00528
136	0.01666	0.78478	0.03265	0.01066	0.01599	0.02465	0.01066	0.01866	0.01266	0.01466	0.00866	0.00999	0.00800	0.00533	0.00400	0.00133	0.00666	0.00333	0.00267	0.00800
137	0.00833	0.00635	0.00765	0.00732	0.00901	0.00567	0.00549	0.01081	0.01648	0.02224	0.51111	0.05106	0.28827	0.01376	0.00735	0.00201	0.00301	0.01190	0.00650	0.00567
138	0.00890	0.00668	0.01001	0.01001	0.01113	0.00779	0.00779	0.01113	0.01001	0.01446	0.01669	0.02448	0.01558	0.04673	0.75634	0.01001	0.01669	0.00668	0.00334	0.00556
139	0.82504	0.01205	0.00916	0.00819	0.01205	0.01398	0.00675	0.01832	0.01060	0.02795	0.00868	0.01012	0.00675	0.00578	0.00386	0.00193	0.00482	0.00337	0.00386	0.00675
140	0.02327	0.02970	0.01766	0.01605	0.01926	0.75602	0.01204	0.02488	0.01766	0.01525	0.00963	0.01124	0.00803	0.00642	0.00562	0.00161	0.01124	0.00401	0.00321	0.00722
141	0.01951	0.01380	0.01465	0.01179	0.01565	0.01517	0.00956	0.45667	0.09318	0.03350	0.01747	0.01808	0.01292	0.00751	0.00572	0.00178	0.00556	0.00580	0.23250	0.00919
142	0.01550	0.01338	0.01409	0.01268	0.01620	0.01550	0.00986	0.03311	0.73091	0.02606	0.02536	0.02325	0.01902	0.00845	0.00634	0.00211	0.00493	0.00704	0.00634	0.00986
143	0.16341	0.01085	0.01356	0.01059	0.01525	0.00998	0.00875	0.02832	0.01660	0.62437	0.02188	0.01932	0.01395	0.00738	0.00586	0.00193	0.00522	0.00577	0.00706	0.00995
144	0.00795	0.00629	0.00672	0.00661	0.00854	0.00543	0.00496	0.00990	0.01488	0.01900	0.20742	0.05475	0.54634	0.01459	0.00717	0.00203	0.00309	0.01228	0.05662	0.00543
145	0.01296	0.02915	0.60989	0.01992	0.05821	0.01468	0.12862	0.01974	0.01343	0.01979	0.01142	0.01381	0.00821	0.00580	0.00615	0.00199	0.00933	0.00506	0.00273	0.00911
146	0.00874	0.00595	0.00710	0.00740	0.00755	0.00595	0.00446	0.00912	0.00973	0.01304	0.02253	0.19469	0.02609	0.57245	0.07434	0.00556	0.00623	0.01073	0.00417	0.00416
147	0.01044	0.00648	0.00847	0.00844	0.00990	0.00589	0.00615	0.01250	0.01520	0.10363	0.33809	0.33131	0.08945	0.01501	0.00746	0.00219	0.00349	0.01334	0.00647	0.00606
148	0.01666	0.78478	0.03265	0.01066	0.01599	0.02465	0.01066	0.01866	0.01266	0.01466	0.00866	0.00999	0.00800	0.00533	0.00400	0.00133	0.00666	0.00333	0.00267	0.00800
149	0.01746	0.01213	0.01467	0.01105	0.01596	0.01093	0.03594	0.18017	0.01777	0.15182	0.02047	0.02048	0.09580	0.00714	0.00570	0.00150	0.00531	0.00583	0.00521	0.36465
150	0.01450	0.01550	0.01844	0.58777	0.03729	0.19027	0.01605	0.01805	0.01369	0.01576	0.01073	0.01533	0.00824	0.00627	0.00608	0.00196	0.00900	0.00517	0.00287	0.00699
151	0.04376	0.01142	0.04449	0.16690	0.02087	0.01213	0.06755	0.01637	0.05819	0.06066	0.12495	0.02775	0.13206	0.01097	0.03375	0.00243	0.14654	0.00774	0.00442	0.00704
152	0.01335	0.01345	0.02385	0.01817	0.02242	0.04025	0.34311	0.04390	0.01357	0.01872	0.01351	0.01833	0.01125	0.01819	0.23665	0.00438	0.03658	0.00647	0.00338	0.10047
153	0.03562	0.01083	0.01222	0.01193	0.01331	0.07781	0.00943	0.05396	0.01355	0.01819	0.02365	0.28345	0.02614	0.01434	0.01011	0.00245	0.16198	0.17860	0.00480	0.03762
154	0.01465	0.01535	0.01447	0.01278	0.01491	0.25927	0.08955	0.01645	0.01321	0.01539	0.01554	0.02547	0.01515	0.23307	0.13704	0.00435	0.00984	0.03329	0.05424	0.00596
155	0.01980	0.02352	0.02198	0.06104	0.02343	0.44414	0.18437	0.06597	0.01713	0.01813	0.01233	0.01456	0.02928	0.00640	0.00613	0.00176	0.01020	0.00526	0.00345	0.03113
156	0.01979	0.01941	0.02134	0.12767	0.02495	0.23712	0.14875	0.19302	0.06412	0.06278	0.01352	0.01531	0.01007	0.00662	0.00627	0.00188	0.00887	0.00558	0.00431	0.00858
157	0.01487	0.01352	0.04383	0.24608	0.02725	0.01384	0.15030	0.17587	0.03774	0.04429	0.03683	0.02406	0.12770	0.00809	0.00665	0.00203	0.00731	0.00728	0.00444	0.00802
158	0.10333	0.01280	0.01947	0.34622	0.04523	0.03514	0.12883	0.05694	0.01407	0.06183	0.01423	0.01761	0.03740	0.00666	0.00649	0.00200	0.02933	0.00585	0.02710	0.02949
159	0.06121	0.01327	0.01681	0.22461	0.02398	0.08515	0.06594	0.06247	0.05130	0.08164	0.04127	0.05024	0.06299	0.00927	0.02681	0.00224	0.07561	0.00670	0.00423	0.03427

[dist]
# distance from previous block
# <min> <max>
2	55

[block]
# block no. 2 follows, 36 sequences, length 7
# corresponding to MSA columns:
# 628-634
name=unknown_C
#
# <colnr> <probs for GDERKNQSTAVLIFYWHMCP>
#	G	D	E	R	K	N	Q	S	T	A	V	L	I	F	Y	W	H	M	C	P
0	0.01260	0.14179	0.15571	0.01073	0.01506	0.01116	0.01041	0.01596	0.01465	0.06860	0.24541	0.10328	0.02827	0.00933	0.00609	0.00176	0.00525	0.00785	0.00481	0.13130
1	0.01336	0.25293	0.22462	0.01155	0.01694	0.01432	0.01229	0.01699	0.01404	0.05709	0.12472	0.02408	0.11919	0.00813	0.00567	0.00172	0.00612	0.00642	0.00405	0.06578
2	0.01418	0.12927	0.12504	0.30661	0.02918	0.08927	0.06691	0.04897	0.01376	0.01739	0.01147	0.01539	0.00913	0.01034	0.08512	0.00274	0.00947	0.00519	0.00302	0.00756
3	0.01374	0.09290	0.05353	0.12207	0.01865	0.01223	0.04186	0.07720	0.01478	0.09149	0.06826	0.10781	0.13910	0.05117	0.00890	0.00227	0.06364	0.00853	0.00469	0.00719
4	0.06698	0.00733	0.00797	0.00769	0.00989	0.00667	0.00573	0.01165	0.04383	0.01935	0.14437	0.18951	0.34833	0.01394	0.00691	0.00204	0.00355	0.01188	0.00562	0.08677
5	0.01188	0.00959	0.01032	0.00976	0.01189	0.08581	0.00756	0.01428	0.01519	0.06405	0.27005	0.12148	0.06807	0.01583	0.08157	0.00281	0.00595	0.10113	0.00554	0.08724
6	0.07060	0.01414	0.09241	0.03753	0.01821	0.01072	0.05290	0.06250	0.01394	0.02184	0.01126	0.01324	0.00898	0.00512	0.00503	0.00128	0.00575	0.00418	0.00369	0.54669

[dist]
# distance from previous block
# <min> <max>
7	50

[block]
# block no. 3 follows, 36 sequences, length 11
# corresponding to MSA columns:
# 686-696
name=unknown_D
#
# <colnr> <probs for GDERKNQSTAVLIFYWHMCP>
#	G	D	E	R	K	N	Q	S	T	A	V	L	I	F	Y	W	H	M	C	P
0	0.01766	0.01660	0.06447	0.01345	0.01737	0.12469	0.03358	0.22526	0.01920	0.06051	0.12516	0.03404	0.01850	0.00844	0.00756	0.00187	0.07777	0.02597	0.00497	0.10295
1	0.09756	0.04607	0.11223	0.01402	0.01888	0.09833	0.06714	0.22505	0.05711	0.04446	0.03970	0.01842	0.06226	0.00748	0.00626	0.00186	0.02446	0.00584	0.00465	0.04821
2	0.01509	0.01369	0.01397	0.01210	0.01513	0.16227	0.05795	0.08662	0.01589	0.06614	0.05682	0.23800	0.05686	0.01190	0.02708	0.00212	0.00654	0.00932	0.00491	0.12759
3	0.01382	0.01033	0.01320	0.06961	0.01641	0.00967	0.00903	0.01703	0.04814	0.10248	0.01775	0.12271	0.01646	0.00878	0.00722	0.00171	0.07616	0.05498	0.00455	0.37996
4	0.09074	0.01336	0.01471	0.01198	0.01596	0.08062	0.06420	0.16116	0.01702	0.06195	0.02151	0.09582	0.09587	0.00900	0.00610	0.00180	0.00600	0.04082	0.00489	0.18649
5	0.01151	0.01093	0.01386	0.01240	0.01475	0.09190	0.11271	0.01449	0.05031	0.01818	0.08016	0.38375	0.02969	0.01331	0.00717	0.00215	0.00568	0.03623	0.00501	0.08582
6	0.01183	0.01105	0.01885	0.50078	0.03454	0.01258	0.09398	0.01574	0.01275	0.01687	0.01368	0.02189	0.01158	0.00984	0.05880	0.00262	0.00861	0.07035	0.00320	0.07048
7	0.01262	0.01110	0.01384	0.01223	0.01417	0.07973	0.06413	0.09272	0.01310	0.01746	0.01546	0.02320	0.01440	0.13266	0.40670	0.00677	0.05308	0.00662	0.00366	0.00633
8	0.01692	0.01843	0.02863	0.02158	0.02617	0.13699	0.40542	0.09862	0.01595	0.02052	0.01164	0.01516	0.00913	0.00665	0.00917	0.00210	0.13900	0.00629	0.00343	0.00819
9	0.03521	0.01529	0.01687	0.01333	0.01767	0.12423	0.06853	0.10087	0.08310	0.14155	0.03344	0.01640	0.01230	0.00682	0.00681	0.00168	0.06194	0.00531	0.00478	0.23386
10	0.01477	0.01245	0.01370	0.01103	0.01498	0.06829	0.02147	0.09117	0.05209	0.05528	0.08297	0.10288	0.01822	0.00814	0.00648	0.00157	0.04247	0.00664	0.00471	0.37069

[dist]
# distance from previous block
# <min> <max>
0	3

[block]
# block no. 4 follows, 36 sequences, length 17
# corresponding to MSA columns:
# 700-706,708-717
name=unknown_E
#
# <colnr> <probs for GDERKNQSTAVLIFYWHMCP>
#	G	D	E	R	K	N	Q	S	T	A	V	L	I	F	Y	W	H	M	C	P
0	0.00846	0.00594	0.00768	0.00823	0.00862	0.00605	0.00544	0.00937	0.01037	0.01408	0.02462	0.31948	0.02820	0.32604	0.18341	0.00558	0.00747	0.01185	0.00445	0.00466
1	0.01448	0.01191	0.01735	0.04666	0.04950	0.04067	0.15242	0.07351	0.09284	0.09193	0.12193	0.11085	0.10136	0.01028	0.00700	0.00209	0.00617	0.03597	0.00533	0.00775
2	0.01617	0.01151	0.01445	0.01050	0.01592	0.00925	0.03801	0.04886	0.01459	0.15220	0.01374	0.01467	0.01042	0.00532	0.00510	0.00119	0.00508	0.00439	0.00450	0.60412
3	0.00887	0.00639	0.00830	0.00913	0.01009	0.00615	0.00670	0.03759	0.01393	0.01865	0.14364	0.46565	0.06594	0.03599	0.00846	0.00255	0.00405	0.13652	0.00591	0.00550
4	0.01536	0.01274	0.01710	0.01270	0.01796	0.01130	0.10821	0.11901	0.05313	0.05326	0.01402	0.01692	0.01128	0.00594	0.00555	0.00140	0.00585	0.03242	0.00437	0.48148
5	0.00859	0.00584	0.00693	0.00739	0.00751	0.00573	0.00441	0.00894	0.00997	0.01330	0.02431	0.27482	0.02855	0.53894	0.02416	0.00492	0.00527	0.01181	0.00441	0.00418
6	0.01363	0.01363	0.01908	0.01636	0.01636	0.01908	0.01363	0.01499	0.00954	0.01499	0.00818	0.01363	0.00818	0.01091	0.02045	0.00273	0.76963	0.00545	0.00273	0.00682
7	0.01331	0.01203	0.01696	0.36132	0.02867	0.02928	0.04809	0.08755	0.03985	0.01976	0.01692	0.03574	0.07273	0.00727	0.00639	0.00184	0.02320	0.00620	0.00378	0.16911
8	0.01385	0.01179	0.01262	0.01163	0.01464	0.01332	0.00893	0.02805	0.57769	0.02439	0.06350	0.10316	0.06894	0.01025	0.00662	0.00215	0.00459	0.00872	0.00627	0.00889
9	0.01324	0.01242	0.02019	0.47207	0.24924	0.01430	0.01709	0.01862	0.08584	0.01827	0.01272	0.01693	0.00986	0.00625	0.00622	0.00201	0.00769	0.00569	0.00323	0.00810
10	0.82504	0.01205	0.00916	0.00819	0.01205	0.01398	0.00675	0.01832	0.01060	0.02795	0.00868	0.01012	0.00675	0.00578	0.00386	0.00193	0.00482	0.00337	0.00386	0.00675
11	0.01214	0.01145	0.01936	0.69205	0.11401	0.01394	0.01749	0.01624	0.01263	0.01637	0.01114	0.01649	0.00846	0.00616	0.00622	0.00205	0.00821	0.00554	0.00280	0.00722
12	0.02327	0.02970	0.01766	0.01605	0.01926	0.75602	0.01204	0.02488	0.01766	0.01525	0.00963	0.01124	0.00803	0.00642	0.00562	0.00161	0.01124	0.00401	0.00321	0.00722
13	0.00827	0.00632	0.00758	0.00733	0.00899	0.00563	0.00547	0.01066	0.01624	0.02181	0.47763	0.07605	0.29731	0.01404	0.00737	0.00203	0.00304	0.01215	0.00645	0.00563
14	0.01206	0.01120	0.01901	0.44802	0.10237	0.01297	0.07843	0.01586	0.01313	0.01784	0.08558	0.02001	0.01431	0.00874	0.03882	0.00239	0.04760	0.00634	0.03821	0.00713
15	0.00845	0.00584	0.00720	0.00776	0.00802	0.00573	0.00487	0.00912	0.01060	0.01425	0.05367	0.33623	0.03117	0.40637	0.05889	0.00468	0.00550	0.01250	0.00468	0.00447
16	0.05251	0.01540	0.01584	0.01283	0.01693	0.06391	0.01046	0.45352	0.04099	0.06966	0.08473	0.02347	0.05363	0.00885	0.00640	0.00194	0.00632	0.04735	0.00603	0.00922

[dist]
# distance from previous block
# <min> <max>
0	1

[block]
# block no. 5 follows, 36 sequences, length 59
# corresponding to MSA columns:
# 719-777
name=unknown_F
#
# <colnr> <probs for GDERKNQSTAVLIFYWHMCP>
#	G	D	E	R	K	N	Q	S	T	A	V	L	I	F	Y	W	H	M	C	P
0	0.05147	0.02085	0.01809	0.01532	0.01877	0.33630	0.05796	0.12122	0.08238	0.06250	0.01321	0.01540	0.01053	0.00746	0.00770	0.00190	0.10187	0.02047	0.00421	0.03241
1	0.01688	0.50404	0.06201	0.01439	0.01981	0.08757	0.13775	0.03882	0.03553	0.01688	0.01023	0.01199	0.00866	0.00559	0.00495	0.00156	0.00782	0.00434	0.00301	0.00818
2	0.01229	0.01210	0.02191	0.63412	0.04107	0.01418	0.14254	0.01664	0.01286	0.01664	0.01135	0.01665	0.00851	0.00605	0.00643	0.00208	0.00870	0.00586	0.00284	0.00719
3	0.09807	0.01043	0.01093	0.07787	0.01443	0.03334	0.00791	0.10011	0.14365	0.02355	0.01804	0.02214	0.01481	0.10344	0.03225	0.00256	0.00549	0.00610	0.26780	0.00708
4	0.00948	0.00765	0.00865	0.00835	0.01012	0.02914	0.00628	0.01327	0.08112	0.02214	0.43110	0.10025	0.20285	0.01345	0.00729	0.00206	0.00355	0.03082	0.00635	0.00608
5	0.05263	0.01065	0.01430	0.01100	0.01579	0.00931	0.00908	0.02999	0.01761	0.72424	0.02409	0.02086	0.01515	0.00765	0.00619	0.00193	0.00529	0.00618	0.00759	0.01048
6	0.01923	0.01327	0.01459	0.01206	0.01583	0.01451	0.00960	0.29433	0.24217	0.11764	0.02018	0.02091	0.01518	0.05648	0.03021	0.00242	0.00596	0.00640	0.07969	0.00936
7	0.01177	0.01107	0.01869	0.76606	0.04291	0.01384	0.01730	0.01592	0.01246	0.01592	0.01107	0.01661	0.00831	0.00623	0.00623	0.00208	0.00831	0.00554	0.00277	0.00692
8	0.01600	0.01181	0.01345	0.07981	0.01713	0.03484	0.00961	0.10086	0.27530	0.12199	0.10721	0.05596	0.08234	0.01084	0.03242	0.00231	0.00567	0.00795	0.00598	0.00852
9	0.01525	0.43263	0.34171	0.01375	0.02073	0.01972	0.01595	0.01953	0.01305	0.04209	0.01030	0.01175	0.00821	0.00567	0.00491	0.00163	0.00772	0.00398	0.00282	0.00861
10	0.01892	0.01601	0.01521	0.01321	0.01700	0.12539	0.01035	0.11381	0.46709	0.10077	0.02170	0.02026	0.01601	0.00796	0.00621	0.00199	0.00614	0.00634	0.00600	0.00963
11	0.01319	0.15706	0.62997	0.01658	0.02515	0.01616	0.02097	0.01955	0.01307	0.01889	0.01076	0.01263	0.00791	0.00582	0.00560	0.00187	0.00879	0.00439	0.00264	0.00901
12	0.00906	0.00604	0.00680	0.00680	0.00680	0.00604	0.00378	0.00906	0.00906	0.01208	0.01963	0.04077	0.02265	0.78103	0.03171	0.00604	0.00604	0.00906	0.00378	0.00378
13	0.01263	0.00641	0.00659	0.00631	0.00801	0.00643	0.00480	0.04136	0.01383	0.04877	0.02027	0.02285	0.01575	0.00728	0.00449	0.00148	0.00313	0.00582	0.75765	0.00615
14	0.08809	0.01575	0.02882	0.04946	0.02698	0.04435	0.45430	0.01863	0.01336	0.01935	0.01193	0.03801	0.00983	0.00681	0.00928	0.00219	0.14511	0.00676	0.00321	0.00777
15	0.82504	0.01205	0.00916	0.00819	0.01205	0.01398	0.00675	0.01832	0.01060	0.02795	0.00868	0.01012	0.00675	0.00578	0.00386	0.00193	0.00482	0.00337	0.00386	0.00675
16	0.00890	0.00668	0.01001	0.01001	0.01113	0.00779	0.00779	0.01113	0.01001	0.01446	0.01669	0.02448	0.01558	0.04673	0.75634	0.01001	0.01669	0.00668	0.00334	0.00556
17	0.01176	0.00725	0.00943	0.00845	0.01046	0.00670	0.00648	0.03491	0.01800	0.11978	0.62431	0.04231	0.05171	0.01193	0.00717	0.00195	0.00336	0.01045	0.00695	0.00663
18	0.00906	0.00604	0.00680	0.00680	0.00680	0.00604	0.00378	0.00906	0.00906	0.01208	0.01963	0.04077	0.02265	0.78103	0.03171	0.00604	0.00604	0.00906	0.00378	0.00378
19	0.01571	0.01264	0.01363	0.01228	0.01563	0.01433	0.00952	0.05253	0.60476	0.06462	0.02580	0.09130	0.02057	0.00939	0.00648	0.00213	0.00489	0.00793	0.00636	0.00949
20	0.16722	0.01367	0.01640	0.01261	0.01746	0.03476	0.07145	0.19202	0.01846	0.27921	0.01638	0.01609	0.01126	0.00670	0.00571	0.00181	0.00614	0.00532	0.00567	0.10165
21	0.01199	0.01139	0.01929	0.70597	0.06268	0.01407	0.03244	0.01607	0.01247	0.01611	0.01104	0.01649	0.00837	0.00633	0.00668	0.00209	0.03112	0.00557	0.00278	0.00704
22	0.01292	0.01107	0.01292	0.00923	0.01477	0.00831	0.00738	0.01569	0.01292	0.02030	0.01107	0.01292	0.00923	0.00461	0.00461	0.00092	0.00461	0.00369	0.00369	0.81912
23	0.00796	0.00612	0.00734	0.00787	0.00923	0.00550	0.00582	0.00974	0.01407	0.01810	0.16521	0.28989	0.32614	0.01662	0.00768	0.00230	0.00353	0.08558	0.00596	0.00535
24	0.01299	0.01204	0.02095	0.18997	0.15047	0.01248	0.18149	0.01792	0.07893	0.03781	0.04589	0.12159	0.03887	0.00891	0.00691	0.00214	0.00720	0.04155	0.00414	0.00776
25	0.00867	0.00690	0.00831	0.00820	0.01015	0.00599	0.00596	0.01033	0.01263	0.01691	0.03681	0.34958	0.24010	0.01789	0.07265	0.00275	0.00482	0.01266	0.00516	0.16352
26	0.82504	0.01205	0.00916	0.00819	0.01205	0.01398	0.00675	0.01832	0.01060	0.02795	0.00868	0.01012	0.00675	0.00578	0.00386	0.00193	0.00482	0.00337	0.00386	0.00675
27	0.01273	0.03063	0.67489	0.01864	0.02755	0.01460	0.09528	0.01976	0.01332	0.01976	0.01133	0.01353	0.00805	0.00585	0.00607	0.00199	0.00934	0.00489	0.00268	0.00912
28	0.01380	0.01323	0.02230	0.34717	0.30436	0.01455	0.07870	0.01927	0.08784	0.01901	0.01293	0.01687	0.01011	0.00612	0.00632	0.00200	0.00781	0.00586	0.00329	0.00847
29	0.00772	0.00597	0.00696	0.00754	0.00879	0.00532	0.00535	0.00917	0.01335	0.01695	0.10239	0.34354	0.35641	0.05104	0.00871	0.00246	0.00352	0.03385	0.00578	0.00518
30	0.00841	0.00632	0.00759	0.00729	0.00882	0.00571	0.00535	0.01068	0.01584	0.02140	0.47345	0.04999	0.25714	0.08339	0.00957	0.00237	0.00329	0.01162	0.00626	0.00550
