[name]
unknown

[dist]
# distance from previous block
# <min> <max>
0	429

[block]
# block no. 0 follows, 32 sequences, length 72
# corresponding to MSA columns:
# 445-516
name=unknown_A
#
# <colnr> <probs for GDERKNQSTAVLIFYWHMCP>
#	G	D	E	R	K	N	Q	S	T	A	V	L	I	F	Y	W	H	M	C	P
0	0.00839	0.00597	0.00793	0.00942	0.00985	0.00562	0.00638	0.00961	0.01285	0.01711	0.03622	0.69159	0.04320	0.05312	0.00971	0.00291	0.00413	0.05443	0.00613	0.00543
1	0.02303	0.02803	0.01745	0.01585	0.01903	0.61394	0.01186	0.04418	0.01876	0.01796	0.04999	0.01620	0.01274	0.03978	0.00731	0.00195	0.01085	0.00511	0.03840	0.00758
2	0.00982	0.00747	0.01119	0.01188	0.04247	0.00847	0.00861	0.01212	0.01105	0.01583	0.01891	0.06654	0.01833	0.07737	0.63617	0.00978	0.01628	0.00789	0.00375	0.00608
3	0.02798	0.01251	0.01856	0.01491	0.04958	0.01118	0.07727	0.05321	0.01912	0.60517	0.02427	0.02188	0.01555	0.00794	0.00686	0.00209	0.00641	0.00680	0.00756	0.01115
4	0.00943	0.00686	0.00888	0.00837	0.00998	0.00630	0.00628	0.01253	0.01883	0.02653	0.69093	0.05074	0.09141	0.01386	0.00791	0.00212	0.00318	0.01222	0.00734	0.00630
5	0.00976	0.00651	0.00732	0.00732	0.00732	0.00651	0.00407	0.00976	0.00976	0.01301	0.02114	0.04391	0.02439	0.76419	0.03415	0.00651	0.00651	0.00976	0.00407	0.00407
6	0.78420	0.01292	0.01006	0.00893	0.01312	0.01487	0.00736	0.02018	0.01169	0.05452	0.00994	0.01132	0.00759	0.00630	0.00424	0.00208	0.00521	0.00374	0.00430	0.00741
7	0.00818	0.00584	0.00779	0.00934	0.00973	0.00545	0.00623	0.00934	0.01285	0.01713	0.03698	0.75981	0.04438	0.02102	0.00856	0.00273	0.00389	0.01908	0.00623	0.00545
8	0.81159	0.01298	0.00986	0.00882	0.01298	0.01505	0.00727	0.01972	0.01142	0.03010	0.00934	0.01090	0.00727	0.00623	0.00415	0.00208	0.00519	0.00363	0.00415	0.00727
9	0.02506	0.03198	0.01901	0.01729	0.02074	0.73725	0.01296	0.02679	0.01901	0.01642	0.01037	0.01210	0.00864	0.00691	0.00605	0.00173	0.01210	0.00432	0.00346	0.00778
10	0.01661	0.01594	0.02724	0.04119	0.72233	0.01594	0.02059	0.02059	0.01528	0.02192	0.01262	0.01661	0.01063	0.00598	0.00664	0.00199	0.00797	0.00598	0.00332	0.01063
11	0.01669	0.01441	0.01517	0.01365	0.01745	0.01669	0.01062	0.03565	0.71021	0.02807	0.02731	0.02503	0.02048	0.00910	0.00683	0.00228	0.00531	0.00759	0.00683	0.01062
12	0.00959	0.00719	0.01078	0.01078	0.01198	0.00839	0.00839	0.01198	0.01078	0.01558	0.01797	0.02636	0.01677	0.05032	0.73760	0.01078	0.01797	0.00719	0.00359	0.00599
13	0.01346	0.03471	0.72942	0.01912	0.02904	0.01558	0.02479	0.02125	0.01417	0.02125	0.01204	0.01417	0.00850	0.00637	0.00637	0.00212	0.00992	0.00496	0.00283	0.00992
14	0.01440	0.01427	0.02002	0.01724	0.01731	0.01989	0.01434	0.01592	0.01030	0.01612	0.00931	0.01531	0.00924	0.01384	0.06090	0.00336	0.71203	0.00594	0.00297	0.00727
15	0.00959	0.00716	0.01066	0.01066	0.01181	0.00832	0.00823	0.01190	0.01075	0.01548	0.01809	0.02701	0.01706	0.07665	0.71166	0.01063	0.01755	0.00728	0.00361	0.00592
16	0.02506	0.03198	0.01901	0.01729	0.02074	0.73725	0.01296	0.02679	0.01901	0.01642	0.01037	0.01210	0.00864	0.00691	0.00605	0.00173	0.01210	0.00432	0.00346	0.00778
17	0.01590	0.02644	0.42315	0.02577	0.24658	0.01560	0.04016	0.04673	0.01549	0.06231	0.01323	0.01560	0.00978	0.00640	0.00653	0.00208	0.00901	0.00550	0.00346	0.01026
18	0.00955	0.00694	0.00904	0.00876	0.01037	0.00644	0.00673	0.01262	0.01842	0.02571	0.61166	0.05358	0.09743	0.01440	0.00806	0.00222	0.00349	0.08112	0.00720	0.00628
19	0.12636	0.01161	0.01487	0.01155	0.01662	0.01050	0.00954	0.03110	0.01825	0.64114	0.02436	0.02137	0.01546	0.00805	0.00643	0.00208	0.00565	0.00636	0.00779	0.01091
20	0.00980	0.00868	0.01117	0.01413	0.15845	0.00783	0.00842	0.01200	0.01531	0.01913	0.07327	0.07849	0.52939	0.01474	0.00768	0.00222	0.00437	0.01256	0.00565	0.00671
21	0.00975	0.00743	0.01110	0.01101	0.01217	0.00879	0.00859	0.01212	0.01077	0.01560	0.01767	0.02598	0.01651	0.04906	0.71411	0.01053	0.04206	0.00715	0.00357	0.00604
22	0.00930	0.00674	0.00879	0.00865	0.01008	0.00623	0.00642	0.01213	0.01788	0.02501	0.57836	0.15288	0.08050	0.01502	0.00805	0.00224	0.00338	0.03502	0.00714	0.00618
23	0.01794	0.76823	0.03516	0.01148	0.01722	0.02655	0.01148	0.02009	0.01363	0.01579	0.00933	0.01076	0.00861	0.00574	0.00431	0.00144	0.00718	0.00359	0.00287	0.00861
24	0.01591	0.01562	0.02608	0.05881	0.46663	0.01719	0.06545	0.01937	0.01394	0.02021	0.01166	0.01625	0.01006	0.00749	0.01077	0.00227	0.20345	0.00608	0.00321	0.00955
25	0.01267	0.01193	0.02013	0.74806	0.04621	0.01491	0.01863	0.01714	0.01342	0.01714	0.01193	0.01789	0.00894	0.00671	0.00671	0.00224	0.00894	0.00596	0.00298	0.00745
26	0.00825	0.00587	0.00776	0.00925	0.00962	0.00550	0.00613	0.00936	0.01271	0.01694	0.03627	0.72770	0.04348	0.05436	0.00971	0.00289	0.00401	0.01866	0.00613	0.00539
27	0.01440	0.05717	0.65081	0.01891	0.02837	0.01575	0.04865	0.02171	0.01442	0.05102	0.01262	0.01457	0.00891	0.00641	0.00638	0.00211	0.00970	0.00510	0.00309	0.00991
28	0.01418	0.02964	0.51887	0.02192	0.03088	0.01601	0.23026	0.02132	0.01468	0.02132	0.01251	0.01537	0.00901	0.00616	0.00685	0.00217	0.01034	0.00586	0.00300	0.00965
29	0.00818	0.00584	0.00779	0.00934	0.00973	0.00545	0.00623	0.00934	0.01285	0.01713	0.03698	0.75981	0.04438	0.02102	0.00856	0.00273	0.00389	0.01908	0.00623	0.00545
30	0.81159	0.01298	0.00986	0.00882	0.01298	0.01505	0.00727	0.01972	0.01142	0.03010	0.00934	0.01090	0.00727	0.00623	0.00415	0.00208	0.00519	0.00363	0.00415	0.00727
31	0.05905	0.01148	0.01536	0.01182	0.01697	0.01005	0.00977	0.03222	0.01892	0.70117	0.02584	0.02240	0.01626	0.00823	0.00665	0.00208	0.00569	0.00663	0.00815	0.01127
32	0.01817	0.01712	0.01588	0.01424	0.01803	0.12272	0.01103	0.05336	0.58920	0.02676	0.02450	0.02288	0.01848	0.00875	0.00671	0.00219	0.00637	0.00706	0.00633	0.01023
33	0.01267	0.01193	0.02013	0.74806	0.04621	0.01491	0.01863	0.01714	0.01342	0.01714	0.01193	0.01789	0.00894	0.00671	0.00671	0.00224	0.00894	0.00596	0.00298	0.00745
34	0.00950	0.00686	0.00897	0.00844	0.01002	0.00633	0.00633	0.01266	0.01899	0.02691	0.71879	0.05012	0.06331	0.01372	0.00791	0.00211	0.00317	0.01213	0.00739	0.00633
35	0.00985	0.00692	0.00859	0.00848	0.00884	0.00734	0.00549	0.01061	0.01050	0.01443	0.05665	0.03932	0.02422	0.53727	0.19592	0.00717	0.03044	0.00917	0.00410	0.00473
36	0.01400	0.08418	0.62357	0.01869	0.02792	0.01645	0.04816	0.02182	0.04541	0.02118	0.01259	0.01456	0.00911	0.00643	0.00631	0.00209	0.00957	0.00509	0.00304	0.00983
37	0.00818	0.00584	0.00779	0.00934	0.00973	0.00545	0.00623	0.00934	0.01285	0.01713	0.03698	0.75981	0.04438	0.02102	0.00856	0.00273	0.00389	0.01908	0.00623	0.00545
38	0.81159	0.01298	0.00986	0.00882	0.01298	0.01505	0.00727	0.01972	0.01142	0.03010	0.00934	0.01090	0.00727	0.00623	0.00415	0.00208	0.00519	0.00363	0.00415	0.00727
39	0.00840	0.00600	0.00804	0.00960	0.01008	0.00564	0.00662	0.00973	0.01307	0.01738	0.03686	0.70196	0.04389	0.02081	0.00862	0.00276	0.00409	0.07472	0.00622	0.00551
40	0.81159	0.01298	0.00986	0.00882	0.01298	0.01505	0.00727	0.01972	0.01142	0.03010	0.00934	0.01090	0.00727	0.00623	0.00415	0.00208	0.00519	0.00363	0.00415	0.00727
41	0.01794	0.76823	0.03516	0.01148	0.01722	0.02655	0.01148	0.02009	0.01363	0.01579	0.00933	0.01076	0.00861	0.00574	0.00431	0.00144	0.00718	0.00359	0.00287	0.00861
42	0.01794	0.76823	0.03516	0.01148	0.01722	0.02655	0.01148	0.02009	0.01363	0.01579	0.00933	0.01076	0.00861	0.00574	0.00431	0.00144	0.00718	0.00359	0.00287	0.00861
43	0.01794	0.76823	0.03516	0.01148	0.01722	0.02655	0.01148	0.02009	0.01363	0.01579	0.00933	0.01076	0.00861	0.00574	0.00431	0.00144	0.00718	0.00359	0.00287	0.00861
44	0.03010	0.01142	0.01557	0.01194	0.01713	0.00986	0.00986	0.03270	0.01920	0.72698	0.02647	0.02284	0.01661	0.00830	0.00675	0.00208	0.00571	0.00675	0.00830	0.01142
45	0.02506	0.03198	0.01901	0.01729	0.02074	0.73725	0.01296	0.02679	0.01901	0.01642	0.01037	0.01210	0.00864	0.00691	0.00605	0.00173	0.01210	0.00432	0.00346	0.00778
46	0.00793	0.00680	0.00680	0.00680	0.00906	0.00566	0.00510	0.00963	0.01529	0.01813	0.06797	0.06457	0.71961	0.01699	0.00793	0.00227	0.00340	0.01416	0.00623	0.00566
47	0.01346	0.03471	0.72942	0.01912	0.02904	0.01558	0.02479	0.02125	0.01417	0.02125	0.01204	0.01417	0.00850	0.00637	0.00637	0.00212	0.00992	0.00496	0.00283	0.00992
48	0.01755	0.70392	0.09603	0.01215	0.01826	0.02559	0.01265	0.02019	0.01368	0.01627	0.00957	0.01106	0.00860	0.00580	0.00449	0.00150	0.00742	0.00371	0.00287	0.00873
49	0.01794	0.76823	0.03516	0.01148	0.01722	0.02655	0.01148	0.02009	0.01363	0.01579	0.00933	0.01076	0.00861	0.00574	0.00431	0.00144	0.00718	0.00359	0.00287	0.00861
50	0.00976	0.00651	0.00732	0.00732	0.00732	0.00651	0.00407	0.00976	0.00976	0.01301	0.02114	0.04391	0.02439	0.76419	0.03415	0.00651	0.00651	0.00976	0.00407	0.00407
51	0.00793	0.00680	0.00680	0.00680	0.00906	0.00566	0.00510	0.00963	0.01529	0.01813	0.06797	0.06457	0.71961	0.01699	0.00793	0.00227	0.00340	0.01416	0.00623	0.00566
52	0.01669	0.01441	0.01517	0.01365	0.01745	0.01669	0.01062	0.03565	0.71021	0.02807	0.02731	0.02503	0.02048	0.00910	0.00683	0.00228	0.00531	0.00759	0.00683	0.01062
53	0.01166	0.00583	0.00874	0.00874	0.00874	0.00583	0.00583	0.00874	0.00874	0.01166	0.01166	0.02040	0.01166	0.02331	0.02622	0.80478	0.00583	0.00583	0.00291	0.00291
54	0.01661	0.01594	0.02724	0.04119	0.72233	0.01594	0.02059	0.02059	0.01528	0.02192	0.01262	0.01661	0.01063	0.00598	0.00664	0.00199	0.00797	0.00598	0.00332	0.01063
55	0.01706	0.62472	0.17099	0.01298	0.01953	0.02440	0.01409	0.02032	0.01374	0.01686	0.00986	0.01143	0.00859	0.00586	0.00471	0.00157	0.00771	0.00386	0.00286	0.00887
56	0.05863	0.01558	0.05594	0.22246	0.47668	0.01561	0.01955	0.01968	0.01453	0.02109	0.01224	0.01652	0.00991	0.00620	0.00651	0.00207	0.00816	0.00580	0.00326	0.00959
57	0.00964	0.00645	0.00735	0.00747	0.00751	0.00642	0.00423	0.00973	0.01000	0.01333	0.02237	0.09930	0.02594	0.70669	0.03217	0.00621	0.00630	0.01048	0.00423	0.00417
58	0.01166	0.00583	0.00874	0.00874	0.00874	0.00583	0.00583	0.00874	0.00874	0.01166	0.01166	0.02040	0.01166	0.02331	0.02622	0.80478	0.00583	0.00583	0.00291	0.00291
59	0.01391	0.01193	0.01391	0.00994	0.01590	0.00894	0.00795	0.01690	0.01391	0.02186	0.01193	0.01391	0.00994	0.00497	0.00497	0.00099	0.00497	0.00398	0.00398	0.80521
60	0.02750	0.01258	0.01592	0.01254	0.01752	0.01197	0.01025	0.09420	0.13284	0.55058	0.02566	0.02258	0.01676	0.00841	0.00676	0.00210	0.00580	0.00682	0.00792	0.01129
61	0.00950	0.00686	0.00897	0.00844	0.01002	0.00633	0.00633	0.01266	0.01899	0.02691	0.71879	0.05012	0.06331	0.01372	0.00791	0.00211	0.00317	0.01213	0.00739	0.00633
62	0.01251	0.00625	0.00625	0.00625	0.00782	0.00625	0.00469	0.01563	0.01407	0.02502	0.02189	0.02502	0.01720	0.00782	0.00469	0.00156	0.00313	0.00625	0.80144	0.00625
63	0.01542	0.25677	0.47529	0.01684	0.02524	0.01878	0.04005	0.02127	0.01421	0.04186	0.01172	0.01352	0.00884	0.00622	0.00580	0.00192	0.00899	0.00468	0.00303	0.00954
64	0.01185	0.00992	0.01326	0.01465	0.10833	0.02904	0.00923	0.01320	0.01106	0.01539	0.01700	0.03076	0.01790	0.36228	0.18188	0.00612	0.13054	0.00791	0.00366	0.00601
65	0.00973	0.00660	0.00781	0.00781	0.00798	0.00677	0.00468	0.01008	0.00990	0.01338	0.02069	0.04140	0.02331	0.66226	0.13460	0.00712	0.00814	0.00939	0.00400	0.00434
66	0.65582	0.04089	0.01220	0.01031	0.01440	0.13455	0.00834	0.02090	0.01274	0.02738	0.00951	0.01109	0.00754	0.00633	0.00447	0.00200	0.00640	0.00375	0.00400	0.00740
67	0.00797	0.00666	0.00694	0.00717	0.00916	0.00563	0.00526	0.00959	0.01494	0.01798	0.06344	0.16619	0.62091	0.01758	0.00802	0.00233	0.00347	0.01488	0.00623	0.00563
68	0.01379	0.08992	0.62462	0.01862	0.02783	0.01622	0.05241	0.02092	0.01434	0.02100	0.03267	0.01513	0.01019	0.00651	0.00633	0.00208	0.00957	0.00519	0.00299	0.00967
69	0.35234	0.04093	0.01562	0.01217	0.01691	0.04393	0.01002	0.28186	0.05781	0.05620	0.01362	0.01422	0.01009	0.00711	0.00547	0.00198	0.00637	0.00491	0.00534	0.04309
70	0.08443	0.01371	0.01546	0.01283	0.01723	0.01451	0.01029	0.16192	0.25761	0.26045	0.02397	0.06138	0.01770	0.00906	0.00666	0.00217	0.00576	0.00732	0.00705	0.01050
71	0.71634	0.01369	0.03420	0.00951	0.01388	0.01491	0.00811	0.02103	0.04151	0.06098	0.01096	0.01214	0.00829	0.00645	0.00446	0.00209	0.00538	0.00398	0.00441	0.00768

[dist]
# distance from previous block
# <min> <max>
0	4

[block]
# block no. 1 follows, 32 sequences, length 14
# corresponding to MSA columns:
# 521-534
name=unknown_B
#
# <colnr> <probs for GDERKNQSTAVLIFYWHMCP>
#	G	D	E	R	K	N	Q	S	T	A	V	L	I	F	Y	W	H	M	C	P
0	0.09903	0.06580	0.62083	0.01767	0.02678	0.01603	0.02231	0.02103	0.01385	0.02195	0.01163	0.01366	0.00837	0.00633	0.00604	0.00209	0.00929	0.00475	0.00298	0.00957
1	0.01575	0.40958	0.37462	0.01522	0.02300	0.02119	0.01799	0.02066	0.01389	0.01846	0.01065	0.01243	0.00856	0.00605	0.00532	0.00177	0.00852	0.00426	0.00285	0.00925
2	0.01242	0.01300	0.15588	0.01090	0.01460	0.00855	0.01039	0.01639	0.01784	0.10018	0.46726	0.04065	0.08141	0.01182	0.00748	0.00212	0.00482	0.01021	0.00650	0.00757
3	0.01798	0.01316	0.01484	0.01292	0.01615	0.01413	0.01014	0.39384	0.02341	0.03131	0.02528	0.30386	0.02568	0.01365	0.00758	0.00235	0.00598	0.05242	0.00649	0.00881
4	0.01039	0.00834	0.00948	0.00956	0.01163	0.00826	0.00734	0.01581	0.15514	0.02110	0.12008	0.15166	0.29146	0.03729	0.00875	0.00256	0.00434	0.11367	0.00641	0.00674
5	0.01267	0.01193	0.02013	0.74806	0.04621	0.01491	0.01863	0.01714	0.01342	0.01714	0.01193	0.01789	0.00894	0.00671	0.00671	0.00224	0.00894	0.00596	0.00298	0.00745
6	0.01584	0.01810	0.03959	0.02828	0.03507	0.01697	0.69796	0.02149	0.01584	0.02149	0.01357	0.01810	0.01018	0.00566	0.00792	0.00226	0.01131	0.00792	0.00339	0.00905
7	0.00963	0.00700	0.00981	0.00981	0.01068	0.00786	0.00718	0.01136	0.01050	0.01486	0.01886	0.03127	0.01891	0.24996	0.54087	0.00959	0.01477	0.00791	0.00373	0.00545
8	0.01485	0.01392	0.02333	0.43422	0.28404	0.01565	0.04280	0.05413	0.01511	0.02030	0.01245	0.01735	0.00971	0.00648	0.00673	0.00214	0.00860	0.00604	0.00331	0.00884
9	0.00863	0.00646	0.00869	0.00993	0.01029	0.00651	0.00682	0.00982	0.01267	0.01706	0.03500	0.70731	0.04187	0.02037	0.00951	0.00274	0.05660	0.01814	0.00600	0.00558
10	0.01342	0.01111	0.01332	0.01223	0.01493	0.01202	0.03783	0.04472	0.35159	0.02536	0.16914	0.20633	0.03421	0.01273	0.00751	0.00234	0.00485	0.01124	0.00665	0.00846
11	0.01261	0.02654	0.50636	0.01642	0.02373	0.01344	0.01942	0.01996	0.07355	0.02137	0.05120	0.14909	0.01848	0.00955	0.00687	0.00224	0.00814	0.00803	0.00399	0.00901
12	0.01436	0.01453	0.02366	0.09731	0.02370	0.01815	0.16204	0.01695	0.01178	0.01718	0.01107	0.01789	0.01025	0.06461	0.01822	0.00298	0.45813	0.00661	0.00312	0.00748
13	0.01664	0.01366	0.03295	0.01399	0.06798	0.06660	0.04072	0.03608	0.01632	0.12085	0.09736	0.04037	0.04840	0.00802	0.00629	0.00166	0.00605	0.02434	0.00510	0.33665

[dist]
# distance from previous block
# <min> <max>
0	2

[block]
# block no. 2 follows, 32 sequences, length 44
# corresponding to MSA columns:
# 537-580
name=unknown_C
#
# <colnr> <probs for GDERKNQSTAVLIFYWHMCP>
#	G	D	E	R	K	N	Q	S	T	A	V	L	I	F	Y	W	H	M	C	P
0	0.01665	0.50719	0.26366	0.01415	0.02121	0.04145	0.01591	0.02065	0.01395	0.01760	0.01025	0.01192	0.00858	0.00598	0.00503	0.00167	0.00821	0.00406	0.00287	0.00902
1	0.01034	0.04074	0.03254	0.00937	0.01164	0.02737	0.00753	0.01389	0.05820	0.02186	0.29534	0.11234	0.23637	0.01604	0.03769	0.00259	0.00481	0.04854	0.00627	0.00655
2	0.01855	0.04054	0.04892	0.01509	0.04072	0.04287	0.10312	0.12426	0.04490	0.13375	0.07008	0.02186	0.05315	0.00767	0.00648	0.00181	0.00676	0.00662	0.00533	0.20752
3	0.01588	0.01261	0.01413	0.01065	0.01603	0.03258	0.00849	0.04146	0.06953	0.08183	0.03738	0.01827	0.03602	0.00638	0.00554	0.00131	0.00525	0.00514	0.00481	0.57672
4	0.04416	0.35004	0.29063	0.01518	0.02206	0.13710	0.01654	0.02160	0.01463	0.01841	0.01051	0.01225	0.00853	0.00618	0.00535	0.00176	0.00893	0.00422	0.00299	0.00892
5	0.01424	0.01420	0.04809	0.53802	0.10444	0.03803	0.04589	0.05291	0.01484	0.01946	0.01258	0.01762	0.00955	0.00670	0.00665	0.00216	0.00880	0.00597	0.03177	0.00808
6	0.00857	0.00676	0.00772	0.00761	0.00949	0.00591	0.00566	0.01081	0.01660	0.02153	0.32322	0.10384	0.41651	0.01596	0.00796	0.00223	0.00334	0.01368	0.00669	0.00591
7	0.00964	0.00697	0.00970	0.00970	0.01052	0.00780	0.00703	0.01129	0.01046	0.01477	0.01896	0.03185	0.01916	0.27382	0.51737	0.00944	0.01438	0.00799	0.00374	0.00539
8	0.01820	0.01560	0.01649	0.01514	0.04689	0.03715	0.01140	0.13111	0.56427	0.02956	0.02462	0.02304	0.01844	0.00876	0.00678	0.00221	0.00591	0.00721	0.00657	0.01066
9	0.81159	0.01298	0.00986	0.00882	0.01298	0.01505	0.00727	0.01972	0.01142	0.03010	0.00934	0.01090	0.00727	0.00623	0.00415	0.00208	0.00519	0.00363	0.00415	0.00727
10	0.01346	0.03471	0.72942	0.01912	0.02904	0.01558	0.02479	0.02125	0.01417	0.02125	0.01204	0.01417	0.00850	0.00637	0.00637	0.00212	0.00992	0.00496	0.00283	0.00992
11	0.00874	0.00686	0.00794	0.00790	0.00980	0.00606	0.00601	0.01108	0.01663	0.02155	0.31043	0.08071	0.40189	0.01599	0.00804	0.00228	0.00353	0.06195	0.00666	0.00595
12	0.03010	0.01142	0.01557	0.01194	0.01713	0.00986	0.00986	0.03270	0.01920	0.72698	0.02647	0.02284	0.01661	0.00830	0.00675	0.00208	0.00571	0.00675	0.00830	0.01142
13	0.01287	0.01213	0.02049	0.71198	0.08073	0.01496	0.01873	0.01732	0.01351	0.01739	0.01196	0.01782	0.00903	0.00667	0.00671	0.00222	0.00889	0.00596	0.00300	0.00762
14	0.00818	0.00584	0.00779	0.00934	0.00973	0.00545	0.00623	0.00934	0.01285	0.01713	0.03698	0.75981	0.04438	0.02102	0.00856	0.00273	0.00389	0.01908	0.00623	0.00545
15	0.01473	0.01482	0.02133	0.01805	0.01833	0.02040	0.04273	0.01637	0.01050	0.01637	0.00900	0.01482	0.00886	0.01149	0.02144	0.00291	0.72151	0.00596	0.00295	0.00741
16	0.02551	0.01879	0.02014	0.01544	0.02081	0.02081	0.01275	0.69996	0.03155	0.04229	0.01611	0.01611	0.01141	0.00805	0.00671	0.00201	0.00738	0.00604	0.00671	0.01141
17	0.00881	0.00621	0.00792	0.00897	0.00940	0.00598	0.00598	0.00984	0.01217	0.01618	0.03271	0.48245	0.05312	0.22399	0.03749	0.00401	0.00517	0.05892	0.00556	0.00514
18	0.01509	0.01536	0.02841	0.04871	0.18141	0.01516	0.33241	0.02187	0.11735	0.02268	0.07650	0.02390	0.05389	0.00753	0.00744	0.00219	0.00853	0.00806	0.00435	0.00917
19	0.02230	0.02711	0.01739	0.01583	0.01909	0.57467	0.01191	0.02593	0.08822	0.01889	0.09972	0.01810	0.01659	0.00798	0.00636	0.00183	0.01031	0.00562	0.00428	0.00788
20	0.01584	0.01810	0.03959	0.02828	0.03507	0.01697	0.69796	0.02149	0.01584	0.02149	0.01357	0.01810	0.01018	0.00566	0.00792	0.00226	0.01131	0.00792	0.00339	0.00905
21	0.01322	0.01271	0.02038	0.69642	0.07311	0.03738	0.01854	0.01758	0.01367	0.01732	0.01191	0.01766	0.00900	0.00668	0.00669	0.00221	0.00900	0.00591	0.00301	0.00759
22	0.01612	0.01192	0.01415	0.01032	0.01600	0.00938	0.00829	0.04307	0.01538	0.10821	0.04079	0.01645	0.01283	0.00582	0.00536	0.00120	0.00508	0.00470	0.00473	0.65021
23	0.01391	0.01193	0.01391	0.00994	0.01590	0.00894	0.00795	0.01690	0.01391	0.02186	0.01193	0.01391	0.00994	0.00497	0.00497	0.00099	0.00497	0.00398	0.00398	0.80521
24	0.00985	0.00704	0.00914	0.00905	0.00953	0.00772	0.00615	0.01086	0.01019	0.01415	0.01947	0.03587	0.02081	0.45130	0.31839	0.00812	0.03497	0.00859	0.00384	0.00495
25	0.01794	0.76823	0.03516	0.01148	0.01722	0.02655	0.01148	0.02009	0.01363	0.01579	0.00933	0.01076	0.00861	0.00574	0.00431	0.00144	0.00718	0.00359	0.00287	0.00861
26	0.02792	0.01136	0.01518	0.01179	0.01664	0.01009	0.00968	0.06487	0.01981	0.62570	0.09153	0.02508	0.02077	0.00880	0.00686	0.00208	0.00555	0.00722	0.00814	0.01094
27	0.01661	0.01594	0.02724	0.04119	0.72233	0.01594	0.02059	0.02059	0.01528	0.02192	0.01262	0.01661	0.01063	0.00598	0.00664	0.00199	0.00797	0.00598	0.00332	0.01063
28	0.02506	0.03198	0.01901	0.01729	0.02074	0.73725	0.01296	0.02679	0.01901	0.01642	0.01037	0.01210	0.00864	0.00691	0.00605	0.00173	0.01210	0.00432	0.00346	0.00778
29	0.01391	0.01193	0.01391	0.00994	0.01590	0.00894	0.00795	0.01690	0.01391	0.02186	0.01193	0.01391	0.00994	0.00497	0.00497	0.00099	0.00497	0.00398	0.00398	0.80521
30	0.00970	0.00673	0.00848	0.00848	0.00888	0.00713	0.00551	0.01050	0.01010	0.01387	0.02008	0.03805	0.02185	0.52575	0.26911	0.00793	0.01034	0.00890	0.00391	0.00471
31	0.00835	0.00602	0.00793	0.00927	0.00987	0.00560	0.00634	0.00975	0.01349	0.01799	0.08838	0.65571	0.07362	0.02023	0.00851	0.00267	0.00390	0.04050	0.00631	0.00555
32	0.02939	0.01257	0.01628	0.01248	0.01770	0.01157	0.01031	0.13689	0.02113	0.62007	0.02485	0.02179	0.01580	0.00827	0.00674	0.00207	0.00597	0.00664	0.00806	0.01142
33	0.01602	0.01512	0.02113	0.07099	0.07411	0.06661	0.15021	0.03525	0.01533	0.04355	0.01275	0.01545	0.01011	0.00563	0.00600	0.00153	0.00738	0.00523	0.00390	0.42370
34	0.00864	0.00682	0.00780	0.00769	0.00960	0.00598	0.00578	0.01094	0.01669	0.02163	0.32435	0.08178	0.41818	0.01587	0.00798	0.00224	0.00340	0.03200	0.00669	0.00594
35	0.01382	0.01285	0.01982	0.06430	0.34120	0.01316	0.04308	0.01900	0.10219	0.02106	0.02766	0.09348	0.15729	0.01012	0.00761	0.00220	0.02867	0.00907	0.00458	0.00884
36	0.01092	0.00801	0.03059	0.00880	0.01099	0.00678	0.00698	0.01399	0.01838	0.07709	0.56092	0.04895	0.14490	0.01353	0.00778	0.00213	0.00358	0.01179	0.00717	0.00672
37	0.02430	0.03071	0.01913	0.01731	0.02051	0.68452	0.01309	0.02601	0.01837	0.01640	0.01026	0.01229	0.00866	0.00727	0.00723	0.00182	0.06653	0.00444	0.00342	0.00775
38	0.01296	0.01222	0.02065	0.69585	0.09616	0.01498	0.01878	0.01740	0.01355	0.01750	0.01198	0.01779	0.00907	0.00665	0.00670	0.00222	0.00887	0.00596	0.00301	0.00769
39	0.01346	0.03471	0.72942	0.01912	0.02904	0.01558	0.02479	0.02125	0.01417	0.02125	0.01204	0.01417	0.00850	0.00637	0.00637	0.00212	0.00992	0.00496	0.00283	0.00992
40	0.00818	0.00584	0.00779	0.00934	0.00973	0.00545	0.00623	0.00934	0.01285	0.01713	0.03698	0.75981	0.04438	0.02102	0.00856	0.00273	0.00389	0.01908	0.00623	0.00545
41	0.01512	0.01541	0.02049	0.01760	0.01775	0.05062	0.01461	0.01659	0.01064	0.01616	0.00887	0.01457	0.00880	0.01154	0.02135	0.00289	0.72087	0.00581	0.00296	0.00736
42	0.23384	0.01476	0.02091	0.06540	0.41318	0.01585	0.01584	0.02128	0.07135	0.02424	0.01278	0.01575	0.01038	0.00653	0.00647	0.00208	0.03065	0.00547	0.00381	0.00944
43	0.44817	0.01334	0.01343	0.03286	0.01641	0.01403	0.03099	0.07897	0.03793	0.07401	0.01240	0.01368	0.00939	0.00635	0.00500	0.00186	0.00568	0.00446	0.00464	0.17640

[dist]
# distance from previous block
# <min> <max>
0	1

[block]
# block no. 3 follows, 32 sequences, length 14
# corresponding to MSA columns:
# 582-595
name=unknown_D
#
# <colnr> <probs for GDERKNQSTAVLIFYWHMCP>
#	G	D	E	R	K	N	Q	S	T	A	V	L	I	F	Y	W	H	M	C	P
0	0.56831	0.01533	0.01299	0.01095	0.01540	0.04696	0.00897	0.20191	0.01712	0.03279	0.01120	0.01234	0.00843	0.00675	0.00492	0.00204	0.00607	0.00431	0.00481	0.00840
1	0.20180	0.42601	0.16044	0.01253	0.01861	0.04832	0.01308	0.02048	0.01342	0.02017	0.00989	0.01149	0.00828	0.00602	0.00473	0.00173	0.00742	0.00389	0.00318	0.00852
2	0.01267	0.01193	0.02013	0.74806	0.04621	0.01491	0.01863	0.01714	0.01342	0.01714	0.01193	0.01789	0.00894	0.00671	0.00671	0.00224	0.00894	0.00596	0.00298	0.00745
3	0.02492	0.01857	0.02016	0.01556	0.02064	0.02079	0.01286	0.66311	0.03040	0.04088	0.01572	0.01603	0.01127	0.00825	0.00754	0.00206	0.04751	0.00603	0.00651	0.01119
4	0.01251	0.00625	0.00625	0.00625	0.00782	0.00625	0.00469	0.01563	0.01407	0.02502	0.02189	0.02502	0.01720	0.00782	0.00469	0.00156	0.00313	0.00625	0.80144	0.00625
5	0.01044	0.00770	0.01100	0.07538	0.01585	0.00788	0.01056	0.01326	0.01474	0.01923	0.03378	0.20930	0.03722	0.01802	0.00890	0.00294	0.00595	0.48578	0.00591	0.00614
6	0.01468	0.01468	0.02055	0.01762	0.01762	0.02055	0.01468	0.01615	0.01028	0.01615	0.00881	0.01468	0.00881	0.01174	0.02202	0.00294	0.75191	0.00587	0.00294	0.00734
7	0.00825	0.00676	0.00727	0.00725	0.00929	0.00578	0.00540	0.01021	0.01589	0.01979	0.19337	0.09824	0.55608	0.01657	0.00796	0.00226	0.00338	0.01402	0.00646	0.00578
8	0.01346	0.03471	0.72942	0.01912	0.02904	0.01558	0.02479	0.02125	0.01417	0.02125	0.01204	0.01417	0.00850	0.00637	0.00637	0.00212	0.00992	0.00496	0.00283	0.00992
9	0.00914	0.00625	0.00750	0.00811	0.00826	0.00609	0.00491	0.00960	0.01096	0.01462	0.02732	0.32306	0.03219	0.47441	0.02417	0.00503	0.00549	0.01339	0.00491	0.00461
10	0.01882	0.59623	0.03109	0.01237	0.01759	0.10698	0.01158	0.06451	0.01527	0.01757	0.01033	0.01206	0.00921	0.00830	0.04202	0.00198	0.00831	0.00401	0.00322	0.00856
11	0.00795	0.00672	0.00688	0.00700	0.00912	0.00565	0.00519	0.00961	0.01510	0.01805	0.06550	0.11997	0.66581	0.01731	0.00798	0.00230	0.00344	0.01455	0.00623	0.00565
12	0.01614	0.12779	0.51501	0.01748	0.02606	0.01793	0.02095	0.13945	0.01713	0.02420	0.01240	0.01406	0.00902	0.00658	0.00616	0.00202	0.00912	0.00497	0.00351	0.01001
13	0.63207	0.07256	0.01334	0.01094	0.03945	0.06858	0.00859	0.02084	0.01261	0.05661	0.01024	0.01168	0.00798	0.00632	0.00450	0.00200	0.00597	0.00389	0.00415	0.00770

[dist]
# distance from previous block
# <min> <max>
0	1

[block]
# block no. 4 follows, 32 sequences, length 31
# corresponding to MSA columns:
# 597-627
name=unknown_E
#
# <colnr> <probs for GDERKNQSTAVLIFYWHMCP>
#	G	D	E	R	K	N	Q	S	T	A	V	L	I	F	Y	W	H	M	C	P
0	0.02551	0.01879	0.02014	0.01544	0.02081	0.02081	0.01275	0.69996	0.03155	0.04229	0.01611	0.01611	0.01141	0.00805	0.00671	0.00201	0.00738	0.00604	0.00671	0.01141
1	0.01644	0.01578	0.02694	0.07047	0.69432	0.01590	0.02051	0.02045	0.01520	0.02172	0.01259	0.01666	0.01056	0.00601	0.00665	0.00200	0.00801	0.00598	0.00331	0.01050
2	0.01081	0.00772	0.01081	0.01236	0.01390	0.00772	0.01081	0.01390	0.01545	0.02008	0.03553	0.07569	0.03862	0.01854	0.00927	0.00309	0.00618	0.67717	0.00618	0.00618
3	0.01267	0.01193	0.02013	0.74806	0.04621	0.01491	0.01863	0.01714	0.01342	0.01714	0.01193	0.01789	0.00894	0.00671	0.00671	0.00224	0.00894	0.00596	0.00298	0.00745
4	0.00959	0.00719	0.01078	0.01078	0.01198	0.00839	0.00839	0.01198	0.01078	0.01558	0.01797	0.02636	0.01677	0.05032	0.73760	0.01078	0.01797	0.00719	0.00359	0.00599
5	0.01615	0.47580	0.31194	0.01453	0.02193	0.02218	0.01679	0.02055	0.01385	0.01796	0.01041	0.01212	0.00857	0.00599	0.00513	0.00171	0.00827	0.00413	0.00286	0.00913
6	0.02656	0.01276	0.01587	0.01264	0.01752	0.01241	0.01029	0.09083	0.18261	0.50384	0.02578	0.02277	0.01707	0.00847	0.00676	0.00212	0.00576	0.00688	0.00782	0.01123
7	0.81159	0.01298	0.00986	0.00882	0.01298	0.01505	0.00727	0.01972	0.01142	0.03010	0.00934	0.01090	0.00727	0.00623	0.00415	0.00208	0.00519	0.00363	0.00415	0.00727
8	0.01794	0.76823	0.03516	0.01148	0.01722	0.02655	0.01148	0.02009	0.01363	0.01579	0.00933	0.01076	0.00861	0.00574	0.00431	0.00144	0.00718	0.00359	0.00287	0.00861
9	0.01468	0.01468	0.02055	0.01762	0.01762	0.02055	0.01468	0.01615	0.01028	0.01615	0.00881	0.01468	0.00881	0.01174	0.02202	0.00294	0.75191	0.00587	0.00294	0.00734
10	0.00878	0.00635	0.00830	0.00883	0.00984	0.00587	0.00624	0.01090	0.01580	0.02172	0.35572	0.40430	0.07738	0.01747	0.00824	0.00242	0.00354	0.01567	0.00677	0.00587
11	0.06647	0.01149	0.01531	0.01179	0.01694	0.01010	0.00974	0.03210	0.01884	0.69455	0.02567	0.02228	0.01617	0.00821	0.00663	0.00208	0.00569	0.00660	0.00811	0.01123
12	0.00955	0.00699	0.00907	0.00906	0.01067	0.00651	0.00707	0.01249	0.01774	0.02438	0.49835	0.07823	0.12553	0.01521	0.00820	0.00234	0.00380	0.14162	0.00700	0.00621
13	0.00959	0.00716	0.01065	0.01065	0.01181	0.00832	0.00822	0.01190	0.01074	0.01548	0.01809	0.02702	0.01706	0.07732	0.71100	0.01062	0.01754	0.00729	0.00361	0.00592
14	0.01391	0.01193	0.01391	0.00994	0.01590	0.00894	0.00795	0.01690	0.01391	0.02186	0.01193	0.01391	0.00994	0.00497	0.00497	0.00099	0.00497	0.00398	0.00398	0.80521
15	0.00980	0.00767	0.00903	0.00882	0.01084	0.00726	0.00682	0.01399	0.08435	0.02326	0.35323	0.05547	0.28110	0.01493	0.00796	0.00229	0.00379	0.08610	0.00680	0.00650
16	0.02506	0.03198	0.01901	0.01729	0.02074	0.73725	0.01296	0.02679	0.01901	0.01642	0.01037	0.01210	0.00864	0.00691	0.00605	0.00173	0.01210	0.00432	0.00346	0.00778
17	0.02076	0.47951	0.02895	0.01359	0.01860	0.24306	0.01204	0.08013	0.01680	0.01824	0.01023	0.01163	0.00886	0.00630	0.00504	0.00157	0.00870	0.00402	0.00338	0.00860
18	0.02023	0.01844	0.11727	0.04036	0.12328	0.03757	0.01475	0.25483	0.10967	0.10546	0.03582	0.04242	0.01543	0.00841	0.00681	0.00212	0.00732	0.02384	0.00565	0.01033
19	0.04080	0.22823	0.32167	0.01521	0.02231	0.04157	0.01680	0.09863	0.04792	0.05887	0.01507	0.01605	0.03526	0.00701	0.00587	0.00192	0.00816	0.00519	0.00393	0.00954
20	0.00840	0.00600	0.00804	0.00960	0.01008	0.00564	0.00661	0.00972	0.01306	0.01738	0.03686	0.70252	0.04390	0.02081	0.00862	0.00276	0.00408	0.07419	0.00622	0.00551
21	0.00941	0.00686	0.00885	0.00835	0.00997	0.00630	0.00627	0.01250	0.01880	0.02644	0.68394	0.05090	0.09846	0.01389	0.00791	0.00212	0.00318	0.01224	0.00732	0.00630
22	0.01800	0.07237	0.42434	0.01775	0.02507	0.24477	0.01946	0.02370	0.03491	0.04200	0.01224	0.01390	0.00914	0.00665	0.00618	0.00196	0.01020	0.00481	0.00332	0.00923
23	0.01690	0.01501	0.02436	0.17848	0.48627	0.01575	0.01885	0.05622	0.04826	0.05427	0.01397	0.01751	0.01106	0.00648	0.00667	0.00206	0.00791	0.00609	0.00382	0.01007
24	0.00842	0.00630	0.00780	0.00888	0.00987	0.00576	0.00630	0.00988	0.01365	0.01754	0.04460	0.48282	0.22391	0.04517	0.00934	0.00277	0.00407	0.08124	0.00615	0.00553
25	0.76809	0.01289	0.01018	0.00900	0.01321	0.01476	0.00741	0.02045	0.01185	0.06889	0.01030	0.01156	0.00779	0.00634	0.00430	0.00208	0.00522	0.00381	0.00438	0.00750
26	0.01628	0.07783	0.23485	0.02462	0.23869	0.03904	0.07818	0.05760	0.03996	0.04518	0.05394	0.03554	0.01410	0.00717	0.00661	0.00204	0.00835	0.00636	0.00391	0.00974
27	0.01013	0.00888	0.03200	0.01518	0.10836	0.00801	0.04741	0.01231	0.01370	0.01844	0.03242	0.51277	0.05481	0.01739	0.00826	0.00261	0.00523	0.07997	0.00558	0.00655
28	0.01178	0.00752	0.00830	0.00856	0.01011	0.00778	0.00622	0.01698	0.13343	0.02291	0.02785	0.26992	0.02682	0.01244	0.00635	0.00207	0.00376	0.01076	0.39970	0.00674
29	0.37347	0.08783	0.01577	0.01329	0.04966	0.22020	0.00999	0.04292	0.01476	0.02365	0.01269	0.08428	0.01168	0.00786	0.00534	0.00198	0.00741	0.00551	0.00408	0.00766
30	0.01969	0.01070	0.01329	0.01111	0.01459	0.01041	0.00881	0.11033	0.07880	0.28184	0.26114	0.03413	0.03325	0.05097	0.00869	0.00236	0.00508	0.02836	0.00737	0.00907

[dist]
# distance from previous block
# <min> <max>
0	4

[block]
# block no. 5 follows, 32 sequences, length 48
# corresponding to MSA columns:
# 632-672,676-682
name=unknown_F
#
# <colnr> <probs for GDERKNQSTAVLIFYWHMCP>
#	G	D	E	R	K	N	Q	S	T	A	V	L	I	F	Y	W	H	M	C	P
0	0.07791	0.49700	0.02863	0.01299	0.01785	0.21296	0.01166	0.02172	0.01479	0.01701	0.00959	0.01124	0.00853	0.00626	0.00526	0.00160	0.02976	0.00385	0.00312	0.00826
1	0.00818	0.00584	0.00779	0.00934	0.00973	0.00545	0.00623	0.00934	0.01285	0.01713	0.03698	0.75981	0.04438	0.02102	0.00856	0.00273	0.00389	0.01908	0.00623	0.00545
2	0.01772	0.73264	0.06885	0.01185	0.01780	0.02602	0.01213	0.02015	0.01366	0.01605	0.00946	0.01093	0.00861	0.00577	0.00441	0.00147	0.00731	0.00365	0.00287	0.00867
3	0.01510	0.04169	0.08593	0.03853	0.01845	0.01532	0.01164	0.02946	0.49442	0.02547	0.05374	0.05255	0.06916	0.00977	0.00687	0.00224	0.00570	0.00815	0.00612	0.00969
4	0.00890	0.00684	0.00815	0.00782	0.00966	0.00608	0.00586	0.01151	0.01759	0.02358	0.47231	0.05560	0.31187	0.01496	0.00792	0.00217	0.00325	0.01290	0.00695	0.00608
5	0.00928	0.00658	0.00718	0.00718	0.00777	0.00629	0.00434	0.00972	0.01121	0.01435	0.03339	0.04931	0.20619	0.56880	0.02729	0.00540	0.00569	0.01091	0.00463	0.00448
6	0.02063	0.01637	0.01739	0.01445	0.01895	0.01853	0.01157	0.33276	0.40669	0.03443	0.02230	0.02104	0.01643	0.00863	0.00678	0.00216	0.00624	0.00690	0.00678	0.01097
7	0.00818	0.00584	0.00779	0.00934	0.00973	0.00545	0.00623	0.00934	0.01285	0.01713	0.03698	0.75981	0.04438	0.02102	0.00856	0.00273	0.00389	0.01908	0.00623	0.00545
8	0.01284	0.01106	0.01149	0.01064	0.01376	0.01184	0.00819	0.02421	0.40461	0.02370	0.04519	0.04242	0.32794	0.01257	0.00731	0.00227	0.00447	0.01048	0.00657	0.00844
9	0.02506	0.03198	0.01901	0.01729	0.02074	0.73725	0.01296	0.02679	0.01901	0.01642	0.01037	0.01210	0.00864	0.00691	0.00605	0.00173	0.01210	0.00432	0.00346	0.00778
10	0.01548	0.01317	0.01412	0.01293	0.01628	0.01503	0.00995	0.03186	0.60357	0.02711	0.07878	0.08584	0.02554	0.01040	0.00705	0.00230	0.00504	0.00884	0.00682	0.00989
11	0.01794	0.76823	0.03516	0.01148	0.01722	0.02655	0.01148	0.02009	0.01363	0.01579	0.00933	0.01076	0.00861	0.00574	0.00431	0.00144	0.00718	0.00359	0.00287	0.00861
12	0.01459	0.02744	0.46303	0.01852	0.02643	0.01603	0.08774	0.02526	0.20716	0.02316	0.01642	0.01757	0.01199	0.00706	0.00665	0.00218	0.00878	0.00598	0.00400	0.01003
13	0.01501	0.28802	0.48967	0.01648	0.02496	0.01937	0.02019	0.02085	0.01398	0.01936	0.01110	0.01299	0.00854	0.00616	0.00566	0.00189	0.00897	0.00448	0.00285	0.00947
14	0.02551	0.01879	0.02014	0.01544	0.02081	0.02081	0.01275	0.69996	0.03155	0.04229	0.01611	0.01611	0.01141	0.00805	0.00671	0.00201	0.00738	0.00604	0.00671	0.01141
15	0.02326	0.01808	0.01884	0.01504	0.01995	0.04157	0.01222	0.51086	0.20342	0.03789	0.01878	0.01825	0.01363	0.00829	0.00672	0.00207	0.00700	0.00638	0.00664	0.01110
16	0.01661	0.01594	0.02724	0.04119	0.72233	0.01594	0.02059	0.02059	0.01528	0.02192	0.01262	0.01661	0.01063	0.00598	0.00664	0.00199	0.00797	0.00598	0.00332	0.01063
17	0.01632	0.01560	0.02631	0.09209	0.64935	0.01589	0.02012	0.02084	0.03823	0.02178	0.01306	0.01698	0.01083	0.00614	0.00665	0.00202	0.00795	0.00603	0.00341	0.01040
18	0.01683	0.01826	0.02023	0.01755	0.01826	0.16877	0.01433	0.01835	0.01208	0.01620	0.00913	0.01415	0.00877	0.01075	0.01872	0.00269	0.59891	0.00555	0.00304	0.00743
19	0.01391	0.01193	0.01391	0.00994	0.01590	0.00894	0.00795	0.01690	0.01391	0.02186	0.01193	0.01391	0.00994	0.00497	0.00497	0.00099	0.00497	0.00398	0.00398	0.80521
20	0.00976	0.00651	0.00732	0.00732	0.00732	0.00651	0.00407	0.00976	0.00976	0.01301	0.02114	0.04391	0.02439	0.76419	0.03415	0.00651	0.00651	0.00976	0.00407	0.00407
21	0.01391	0.01193	0.01391	0.00994	0.01590	0.00894	0.00795	0.01690	0.01391	0.02186	0.01193	0.01391	0.00994	0.00497	0.00497	0.00099	0.00497	0.00398	0.00398	0.80521
22	0.01251	0.00625	0.00625	0.00625	0.00782	0.00625	0.00469	0.01563	0.01407	0.02502	0.02189	0.02502	0.01720	0.00782	0.00469	0.00156	0.00313	0.00625	0.80144	0.00625
23	0.01391	0.01193	0.01391	0.00994	0.01590	0.00894	0.00795	0.01690	0.01391	0.02186	0.01193	0.01391	0.00994	0.00497	0.00497	0.00099	0.00497	0.00398	0.00398	0.80521
24	0.01448	0.01011	0.01047	0.00975	0.01237	0.01119	0.00749	0.02510	0.34319	0.02646	0.02445	0.02502	0.01875	0.00843	0.00570	0.00190	0.00416	0.00688	0.42576	0.00832
25	0.02230	0.01720	0.01833	0.01479	0.01959	0.01931	0.01198	0.45853	0.27819	0.03712	0.02018	0.01935	0.01471	0.00844	0.00675	0.00211	0.00663	0.00660	0.00675	0.01112
26	0.00959	0.00719	0.01078	0.01078	0.01198	0.00839	0.00839	0.01198	0.01078	0.01558	0.01797	0.02636	0.01677	0.05032	0.73760	0.01078	0.01797	0.00719	0.00359	0.00599
27	0.01292	0.01217	0.02057	0.70429	0.08808	0.01497	0.01876	0.01736	0.01353	0.01744	0.01197	0.01781	0.00905	0.00666	0.00670	0.00222	0.00888	0.00596	0.00300	0.00765
28	0.01758	0.01447	0.01539	0.01366	0.01757	0.01658	0.01068	0.06219	0.65525	0.05668	0.02683	0.02459	0.01996	0.00903	0.00682	0.00226	0.00541	0.00749	0.00688	0.01068
29	0.03010	0.01142	0.01557	0.01194	0.01713	0.00986	0.00986	0.03270	0.01920	0.72698	0.02647	0.02284	0.01661	0.00830	0.00675	0.00208	0.00571	0.00675	0.00830	0.01142
30	0.00828	0.00588	0.00776	0.00921	0.00958	0.00552	0.00609	0.00937	0.01265	0.01686	0.03596	0.71379	0.04309	0.06879	0.01021	0.00297	0.00406	0.01848	0.00609	0.00536
31	0.01773	0.01468	0.01629	0.03992	0.03949	0.01670	0.01159	0.15452	0.49076	0.02953	0.02490	0.02662	0.01947	0.00943	0.00698	0.00228	0.00596	0.05629	0.00652	0.01033
32	0.01384	0.01345	0.01895	0.01649	0.01669	0.01855	0.01365	0.01546	0.01036	0.01605	0.01032	0.01660	0.01012	0.01809	0.13971	0.00423	0.63120	0.00609	0.00304	0.00712
33	0.00959	0.00719	0.01078	0.01078	0.01198	0.00839	0.00839	0.01198	0.01078	0.01558	0.01797	0.02636	0.01677	0.05032	0.73760	0.01078	0.01797	0.00719	0.00359	0.00599
34	0.00822	0.00611	0.00766	0.00875	0.00961	0.00556	0.00600	0.00963	0.01378	0.01801	0.09034	0.56689	0.18560	0.01968	0.00839	0.00259	0.00374	0.01758	0.00631	0.00556
35	0.01610	0.46640	0.32083	0.01463	0.02208	0.02204	0.01696	0.02057	0.01385	0.01803	0.01044	0.01216	0.00857	0.00600	0.00516	0.00172	0.00830	0.00415	0.00286	0.00915
36	0.00793	0.00680	0.00680	0.00680	0.00906	0.00566	0.00510	0.00963	0.01529	0.01813	0.06797	0.06457	0.71961	0.01699	0.00793	0.00227	0.00340	0.01416	0.00623	0.00566
37	0.01745	0.01445	0.01535	0.01365	0.01755	0.01659	0.01066	0.05748	0.66366	0.05296	0.02691	0.02466	0.02005	0.00904	0.00682	0.00226	0.00539	0.00751	0.00688	0.01067
38	0.06725	0.01579	0.01741	0.01366	0.01869	0.05040	0.01124	0.33846	0.02437	0.32151	0.02030	0.02010	0.01397	0.00831	0.00664	0.00206	0.00678	0.02512	0.00706	0.01088
39	0.01807	0.02138	0.01423	0.01359	0.01610	0.43617	0.01000	0.01966	0.01688	0.01688	0.02647	0.20418	0.13560	0.01205	0.00698	0.00206	0.00864	0.00958	0.00460	0.00686
40	0.01364	0.01163	0.01362	0.00991	0.01560	0.00877	0.00787	0.01653	0.01386	0.02163	0.01314	0.05010	0.01161	0.00575	0.00514	0.00108	0.00492	0.00471	0.00408	0.76640
41	0.01267	0.01193	0.02013	0.74806	0.04621	0.01491	0.01863	0.01714	0.01342	0.01714	0.01193	0.01789	0.00894	0.00671	0.00671	0.00224	0.00894	0.00596	0.00298	0.00745
42	0.01669	0.01441	0.01517	0.01365	0.01745	0.01669	0.01062	0.03565	0.71021	0.02807	0.02731	0.02503	0.02048	0.00910	0.00683	0.00228	0.00531	0.00759	0.00683	0.01062
43	0.01468	0.01468	0.02055	0.01762	0.01762	0.02055	0.01468	0.01615	0.01028	0.01615	0.00881	0.01468	0.00881	0.01174	0.02202	0.00294	0.75191	0.00587	0.00294	0.00734
44	0.00835	0.00681	0.00739	0.00724	0.00932	0.00584	0.00543	0.01045	0.01630	0.02050	0.24414	0.06066	0.54197	0.01611	0.00793	0.00222	0.00334	0.01361	0.00654	0.00584
45	0.00820	0.00595	0.00774	0.00911	0.00969	0.00549	0.00614	0.00947	0.01323	0.01751	0.06045	0.68217	0.09915	0.02047	0.00849	0.00267	0.00383	0.01847	0.00626	0.00549
46	0.01608	0.01540	0.02628	0.13622	0.63144	0.01580	0.02033	0.02013	0.01503	0.02128	0.01253	0.01678	0.01040	0.00608	0.00665	0.00203	0.00810	0.00598	0.00328	0.01020
47	0.01389	0.03461	0.70320	0.01906	0.02873	0.04222	0.02435	0.02145	0.01435	0.02107	0.01198	0.01409	0.00851	0.00639	0.00636	0.00211	0.01000	0.00493	0.00286	0.00984

[dist]
# distance from previous block
# <min> <max>
0	1

[block]
# block no. 6 follows, 32 sequences, length 111
# corresponding to MSA columns:
# 684-708,713-719,721-799
name=unknown_G
#
# <colnr> <probs for GDERKNQSTAVLIFYWHMCP>
#	G	D	E	R	K	N	Q	S	T	A	V	L	I	F	Y	W	H	M	C	P
0	0.02626	0.01136	0.01485	0.01164	0.01628	0.01028	0.00951	0.09144	0.02019	0.54878	0.11603	0.02716	0.04630	0.00928	0.00694	0.00208	0.00546	0.00763	0.00797	0.01057
1	0.01346	0.03471	0.72942	0.01912	0.02904	0.01558	0.02479	0.02125	0.01417	0.02125	0.01204	0.01417	0.00850	0.00637	0.00637	0.00212	0.00992	0.00496	0.00283	0.00992
2	0.00959	0.00719	0.01078	0.01078	0.01198	0.00839	0.00839	0.01198	0.01078	0.01558	0.01797	0.02636	0.01677	0.05032	0.73760	0.01078	0.01797	0.00719	0.00359	0.00599
3	0.01779	0.00895	0.01016	0.00896	0.01184	0.00893	0.00702	0.02341	0.13094	0.20849	0.02398	0.02445	0.01759	0.00816	0.00558	0.00182	0.00416	0.00660	0.46284	0.00832
4	0.02121	0.01646	0.01917	0.01831	0.11813	0.01810	0.01305	0.35795	0.23673	0.05493	0.02000	0.02107	0.01513	0.00843	0.00682	0.00213	0.00674	0.02844	0.00630	0.01089
5	0.01800	0.65102	0.09838	0.01258	0.01855	0.07310	0.01281	0.02065	0.01404	0.01633	0.00965	0.01117	0.00860	0.00588	0.00461	0.00152	0.00776	0.00376	0.00291	0.00868
6	0.01515	0.04613	0.27401	0.01407	0.02125	0.03996	0.01475	0.06451	0.03870	0.02279	0.01262	0.01435	0.00978	0.00592	0.00567	0.00155	0.00726	0.00459	0.00378	0.38317
7	0.01938	0.01979	0.16814	0.02549	0.27673	0.05460	0.05982	0.06539	0.03565	0.16191	0.03667	0.01836	0.01310	0.00699	0.00670	0.00205	0.00811	0.00618	0.00464	0.01030
8	0.01600	0.45010	0.33626	0.01480	0.02235	0.02179	0.01725	0.02059	0.01386	0.01816	0.01050	0.01224	0.00856	0.00602	0.00520	0.00173	0.00836	0.00418	0.00285	0.00918
9	0.01743	0.01559	0.02694	0.06628	0.59207	0.01551	0.06808	0.02145	0.01555	0.07582	0.01372	0.01724	0.01099	0.00616	0.00674	0.00203	0.00808	0.00618	0.00370	0.01045
10	0.01515	0.03156	0.57423	0.02020	0.04929	0.06003	0.08338	0.02206	0.01485	0.04951	0.01268	0.01481	0.00905	0.00641	0.00652	0.00211	0.00995	0.00529	0.00316	0.00979
