[name]
unknown

[dist]
# distance from previous block
# <min> <max>
0	5

[block]
# block no. 0 follows, 30 sequences, length 28
# corresponding to MSA columns:
# 15-42
name=unknown_A
#
# <colnr> <probs for GDERKNQSTAVLIFYWHMCP>
#	G	D	E	R	K	N	Q	S	T	A	V	L	I	F	Y	W	H	M	C	P
0	0.01124	0.00803	0.01124	0.01285	0.01446	0.00803	0.01124	0.01446	0.01606	0.02088	0.03695	0.07871	0.04016	0.01928	0.00964	0.00321	0.00643	0.66426	0.00643	0.00643
1	0.02633	0.01307	0.01618	0.01289	0.01773	0.01273	0.01048	0.13143	0.12797	0.44055	0.09172	0.02579	0.02178	0.00927	0.00714	0.00219	0.00588	0.00758	0.00805	0.01123
2	0.02015	0.01577	0.01745	0.01463	0.01866	0.01791	0.01179	0.27499	0.29360	0.05372	0.05439	0.02574	0.04761	0.01008	0.00861	0.00233	0.07124	0.02406	0.00673	0.01055
3	0.01318	0.01240	0.02093	0.73798	0.04806	0.01550	0.01938	0.01783	0.01395	0.01783	0.01240	0.01860	0.00930	0.00698	0.00698	0.00233	0.00930	0.00620	0.00310	0.00775
4	0.02367	0.02451	0.01883	0.01627	0.02021	0.36945	0.01266	0.24222	0.04974	0.02624	0.01452	0.01651	0.01158	0.01385	0.10531	0.00321	0.01154	0.00562	0.00486	0.00919
5	0.00850	0.00607	0.00810	0.00972	0.01012	0.00567	0.00648	0.00972	0.01336	0.01781	0.03846	0.75020	0.04615	0.02186	0.00891	0.00283	0.00405	0.01984	0.00648	0.00567
6	0.01736	0.01499	0.01578	0.01420	0.01815	0.01736	0.01105	0.03708	0.69862	0.02919	0.02840	0.02604	0.02130	0.00947	0.00710	0.00237	0.00552	0.00789	0.00710	0.01105
7	0.01457	0.12558	0.63417	0.01891	0.02868	0.01762	0.02407	0.02195	0.01466	0.02140	0.01217	0.01429	0.00885	0.00655	0.00636	0.00212	0.00996	0.00498	0.00295	0.01014
8	0.01139	0.00805	0.01014	0.00933	0.01173	0.00699	0.00695	0.01404	0.01714	0.06094	0.35518	0.20252	0.09529	0.01436	0.00779	0.00215	0.00394	0.01264	0.00677	0.14267
9	0.01013	0.00682	0.00788	0.00788	0.00797	0.00691	0.00456	0.01032	0.01023	0.01373	0.02174	0.04432	0.02479	0.70299	0.08649	0.00709	0.00764	0.00995	0.00419	0.00438
10	0.01338	0.01144	0.01215	0.01100	0.01338	0.05550	0.00850	0.10670	0.04914	0.02499	0.23216	0.10041	0.23993	0.01425	0.00924	0.00234	0.06996	0.01166	0.00644	0.00741
11	0.00867	0.00652	0.00809	0.00927	0.01031	0.00594	0.00658	0.01022	0.01429	0.01837	0.04712	0.50457	0.22626	0.02049	0.00879	0.00274	0.00412	0.07537	0.00647	0.00580
12	0.01095	0.00780	0.01080	0.01233	0.01376	0.00777	0.01050	0.01384	0.01555	0.02028	0.03640	0.13652	0.04001	0.05320	0.01076	0.00334	0.00623	0.57736	0.00633	0.00626
13	0.01318	0.01240	0.02093	0.73798	0.04806	0.01550	0.01938	0.01783	0.01395	0.01783	0.01240	0.01860	0.00930	0.00698	0.00698	0.00233	0.00930	0.00620	0.00310	0.00775
14	0.02607	0.03326	0.01978	0.01798	0.02157	0.72674	0.01348	0.02787	0.01978	0.01708	0.01079	0.01258	0.00899	0.00719	0.00629	0.00180	0.01258	0.00449	0.00360	0.00809
15	0.02613	0.03138	0.01994	0.01771	0.02158	0.63014	0.01345	0.11830	0.02156	0.02076	0.01160	0.01316	0.00938	0.00735	0.00639	0.00184	0.01191	0.00474	0.00406	0.00861
16	0.02874	0.01294	0.01727	0.01351	0.01818	0.01267	0.01118	0.08261	0.01970	0.56788	0.02417	0.02204	0.01574	0.00911	0.00919	0.00228	0.10692	0.00684	0.00774	0.01129
17	0.01567	0.01166	0.01314	0.01162	0.01464	0.01205	0.00910	0.26812	0.02243	0.02978	0.14622	0.19030	0.16364	0.01455	0.00798	0.00238	0.00533	0.04629	0.00686	0.00826
18	0.01505	0.01538	0.02874	0.12924	0.14896	0.01653	0.27380	0.01929	0.01435	0.02004	0.01353	0.01913	0.01119	0.01348	0.10869	0.00363	0.12969	0.00715	0.00341	0.00874
19	0.02349	0.02156	0.02027	0.11539	0.02486	0.19999	0.01406	0.35527	0.07674	0.03148	0.01526	0.01660	0.01141	0.00810	0.00737	0.00210	0.03453	0.00593	0.00546	0.01013
20	0.01560	0.01593	0.02196	0.52811	0.15054	0.11312	0.01890	0.01978	0.01506	0.01852	0.01230	0.01757	0.00954	0.00688	0.00687	0.00221	0.00959	0.00597	0.00323	0.00833
21	0.02143	0.02353	0.02208	0.04858	0.02273	0.31445	0.06347	0.12128	0.01831	0.02139	0.01146	0.01477	0.00960	0.00887	0.01189	0.00231	0.24574	0.00562	0.00390	0.00859
22	0.00999	0.00871	0.01044	0.00990	0.01139	0.00926	0.00760	0.01171	0.01463	0.01888	0.10855	0.12062	0.40790	0.04927	0.01264	0.00273	0.16078	0.01300	0.00576	0.00623
23	0.08015	0.00786	0.01037	0.01028	0.01153	0.00892	0.00768	0.01269	0.01105	0.01697	0.01859	0.02983	0.01824	0.19592	0.51790	0.00948	0.01501	0.00771	0.00389	0.00593
24	0.02382	0.07260	0.01916	0.01386	0.01894	0.06383	0.01141	0.28277	0.04242	0.19000	0.01829	0.01860	0.01328	0.01170	0.07015	0.00273	0.00820	0.00603	0.00621	0.10600
25	0.01686	0.31418	0.35883	0.01819	0.07342	0.02102	0.01928	0.06535	0.01579	0.02138	0.01175	0.01367	0.00924	0.00646	0.00584	0.00191	0.00889	0.00475	0.00326	0.00994
26	0.07398	0.06522	0.03239	0.12503	0.03284	0.08036	0.39533	0.04552	0.01662	0.04557	0.01353	0.01732	0.01022	0.00638	0.00729	0.00222	0.01043	0.00691	0.00379	0.00907
27	0.12718	0.09537	0.02020	0.11803	0.04484	0.22402	0.02907	0.04896	0.04774	0.04126	0.03293	0.01820	0.04231	0.00816	0.00769	0.00211	0.07354	0.00581	0.00418	0.00840

[dist]
# distance from previous block
# <min> <max>
0	25

[block]
# block no. 1 follows, 30 sequences, length 7
# corresponding to MSA columns:
# 68-74
name=unknown_B
#
# <colnr> <probs for GDERKNQSTAVLIFYWHMCP>
#	G	D	E	R	K	N	Q	S	T	A	V	L	I	F	Y	W	H	M	C	P
0	0.01872	0.41997	0.19957	0.01468	0.02153	0.02327	0.01549	0.13030	0.05630	0.02300	0.01260	0.01381	0.01010	0.00672	0.00556	0.00182	0.00808	0.00473	0.00386	0.00988
1	0.01710	0.23288	0.02542	0.34912	0.03250	0.08846	0.01589	0.06532	0.01560	0.01905	0.01149	0.01547	0.00933	0.00722	0.00748	0.00208	0.06851	0.00531	0.00338	0.00841
2	0.01798	0.01467	0.12944	0.01336	0.01778	0.01117	0.01250	0.06625	0.06724	0.20392	0.14887	0.06480	0.03070	0.01222	0.00783	0.00245	0.00631	0.15661	0.00674	0.00916
3	0.06844	0.02040	0.22351	0.11003	0.07316	0.01531	0.03950	0.05580	0.05092	0.19863	0.01699	0.01830	0.01195	0.00772	0.00785	0.00226	0.05801	0.00610	0.00495	0.01016
4	0.00949	0.00741	0.01081	0.16392	0.01815	0.00775	0.00921	0.01143	0.01349	0.01782	0.03294	0.59530	0.03835	0.01871	0.00850	0.00273	0.00516	0.01695	0.00576	0.00611
5	0.00945	0.00678	0.00904	0.00979	0.01086	0.00637	0.00720	0.01178	0.01631	0.02233	0.30618	0.37442	0.05318	0.01845	0.00874	0.00263	0.00409	0.10930	0.00695	0.00614
6	0.08188	0.01502	0.08694	0.11995	0.10047	0.03482	0.01339	0.09761	0.01691	0.07387	0.02303	0.19678	0.05378	0.01116	0.00714	0.00228	0.00689	0.00954	0.00514	0.04339

[dist]
# distance from previous block
# <min> <max>
3	17

[block]
# block no. 2 follows, 30 sequences, length 35
# corresponding to MSA columns:
# 92-126
name=unknown_C
#
# <colnr> <probs for GDERKNQSTAVLIFYWHMCP>
#	G	D	E	R	K	N	Q	S	T	A	V	L	I	F	Y	W	H	M	C	P
0	0.06843	0.29906	0.21049	0.04772	0.08911	0.01928	0.01582	0.03509	0.01453	0.02025	0.01410	0.08002	0.01306	0.03717	0.00706	0.00216	0.00792	0.00620	0.00357	0.00897
1	0.09065	0.11921	0.01976	0.01421	0.01840	0.15669	0.01163	0.26215	0.02117	0.02781	0.01443	0.01703	0.01175	0.01725	0.16352	0.00395	0.01081	0.00563	0.00484	0.00912
2	0.14311	0.04741	0.01722	0.09494	0.02072	0.06386	0.01159	0.22581	0.05197	0.07567	0.07642	0.04202	0.05652	0.00932	0.00719	0.00218	0.03196	0.00714	0.00573	0.00922
3	0.06361	0.01427	0.08289	0.01283	0.01717	0.01249	0.01139	0.14193	0.07587	0.16688	0.08385	0.06226	0.10301	0.01190	0.00753	0.00238	0.00614	0.10767	0.00667	0.00926
4	0.01490	0.01331	0.01837	0.01335	0.01938	0.01080	0.10943	0.04079	0.01534	0.02317	0.01404	0.04997	0.01212	0.00617	0.00586	0.00135	0.00618	0.00556	0.00425	0.61566
5	0.01447	0.01240	0.01447	0.01034	0.01654	0.00930	0.00827	0.01757	0.01447	0.02274	0.01240	0.01447	0.01034	0.00517	0.00517	0.00103	0.00517	0.00413	0.00413	0.79742
6	0.06298	0.01288	0.04812	0.08353	0.02007	0.01168	0.04263	0.05016	0.07655	0.18837	0.12932	0.03023	0.08310	0.00970	0.00704	0.00212	0.00606	0.02498	0.00620	0.10429
7	0.01212	0.00606	0.00909	0.00909	0.00909	0.00606	0.00606	0.00909	0.00909	0.01212	0.01212	0.02121	0.01212	0.02424	0.02727	0.79697	0.00606	0.00606	0.00303	0.00303
8	0.01737	0.01180	0.01313	0.01141	0.01504	0.01197	0.00902	0.15521	0.15030	0.13490	0.04192	0.08878	0.26589	0.01315	0.00766	0.00233	0.00524	0.02882	0.00703	0.00901
9	0.09575	0.57765	0.03152	0.01232	0.01769	0.02538	0.01173	0.05273	0.04302	0.01973	0.01078	0.01232	0.00948	0.00664	0.00574	0.00171	0.04920	0.00416	0.00348	0.00897
10	0.06836	0.01353	0.01955	0.03802	0.16334	0.01375	0.07032	0.08619	0.07413	0.17529	0.02357	0.02494	0.07568	0.01445	0.10403	0.00341	0.00861	0.00748	0.00558	0.00976
11	0.00905	0.00648	0.00863	0.00952	0.01025	0.00623	0.00657	0.01074	0.01428	0.01951	0.17652	0.48462	0.04609	0.07268	0.08095	0.00379	0.00551	0.01645	0.00631	0.00582
12	0.01452	0.14649	0.57874	0.01812	0.02734	0.01750	0.02271	0.02148	0.01489	0.02151	0.04578	0.01600	0.01162	0.00690	0.00637	0.00210	0.00953	0.00530	0.00318	0.00992
13	0.01605	0.13891	0.47486	0.02081	0.08077	0.07691	0.05440	0.02236	0.01524	0.02092	0.01209	0.01443	0.00913	0.00651	0.00639	0.00207	0.01000	0.00513	0.00307	0.00994
14	0.02428	0.01254	0.01504	0.01240	0.01686	0.01258	0.00996	0.06311	0.23710	0.37669	0.02670	0.02445	0.01839	0.00883	0.00677	0.00215	0.00554	0.00720	0.10849	0.01092
15	0.01739	0.01979	0.03653	0.02857	0.08962	0.08733	0.51458	0.02240	0.01631	0.02146	0.01334	0.01782	0.01036	0.00651	0.00903	0.00233	0.06631	0.00754	0.00349	0.00929
16	0.01039	0.00879	0.04522	0.01147	0.01306	0.00879	0.00938	0.01278	0.01159	0.01649	0.01958	0.03127	0.01885	0.07859	0.56441	0.05489	0.01606	0.05830	0.00389	0.00617
17	0.01497	0.01129	0.01222	0.01105	0.01431	0.01168	0.00854	0.09381	0.24304	0.07691	0.04454	0.11186	0.29011	0.01370	0.00771	0.00236	0.00487	0.01149	0.00690	0.00866
18	0.00874	0.00665	0.00812	0.00918	0.01040	0.00603	0.00664	0.01038	0.01456	0.01854	0.04939	0.43519	0.27364	0.02011	0.00877	0.00271	0.00415	0.09451	0.00647	0.00583
19	0.02014	0.01663	0.05694	0.01382	0.01853	0.01652	0.01158	0.37857	0.09430	0.03418	0.08121	0.02536	0.04605	0.08218	0.00979	0.00252	0.00677	0.00749	0.00631	0.07112
20	0.01527	0.01453	0.02470	0.38323	0.38649	0.01605	0.02042	0.01966	0.01494	0.02036	0.01277	0.01792	0.01020	0.00659	0.00694	0.00220	0.00879	0.00621	0.00328	0.00944
21	0.00849	0.00648	0.00781	0.00873	0.00989	0.00580	0.00607	0.01002	0.01462	0.01876	0.08807	0.47007	0.28016	0.01995	0.00864	0.00263	0.00382	0.01763	0.00655	0.00580
22	0.01673	0.01584	0.02653	0.28319	0.32780	0.04399	0.10870	0.02113	0.01563	0.05353	0.01359	0.01807	0.01059	0.00659	0.00709	0.00219	0.00917	0.00645	0.00359	0.00959
23	0.04700	0.05294	0.08577	0.01365	0.01882	0.03060	0.01197	0.19139	0.15758	0.08469	0.06507	0.05200	0.03432	0.00896	0.00669	0.00203	0.00651	0.00718	0.00601	0.11682
24	0.01687	0.01617	0.02760	0.11096	0.64623	0.01647	0.02122	0.02106	0.01570	0.02231	0.01306	0.01740	0.01088	0.00629	0.00692	0.00210	0.00839	0.00622	0.00342	0.01073
25	0.00920	0.00761	0.01056	0.01025	0.01207	0.00683	0.06239	0.01120	0.01519	0.01954	0.11178	0.36251	0.29838	0.01822	0.00854	0.00255	0.00442	0.01624	0.00635	0.00615
26	0.02161	0.24994	0.08662	0.01683	0.04586	0.12507	0.07138	0.07534	0.06440	0.13557	0.01533	0.01618	0.01160	0.00724	0.00662	0.00195	0.02843	0.00552	0.00465	0.00986
27	0.01803	0.11916	0.36621	0.01802	0.02591	0.01808	0.08090	0.15276	0.01861	0.05860	0.01435	0.01604	0.01045	0.00699	0.00651	0.00208	0.00903	0.00564	0.04239	0.01025
28	0.00862	0.00622	0.00817	0.00950	0.01012	0.00577	0.00643	0.01007	0.01411	0.01886	0.10553	0.65005	0.07886	0.02092	0.00881	0.00275	0.00395	0.01889	0.00660	0.00577
29	0.12221	0.10937	0.10873	0.02126	0.19631	0.04923	0.06480	0.02013	0.03956	0.02279	0.06555	0.02476	0.11027	0.00851	0.00657	0.00210	0.00743	0.00717	0.00428	0.00896
30	0.01830	0.02149	0.22927	0.08658	0.02443	0.05937	0.01629	0.15896	0.06012	0.09069	0.07569	0.05741	0.01908	0.00939	0.00717	0.00225	0.00806	0.04040	0.00534	0.00971
31	0.00898	0.00664	0.00919	0.06438	0.01310	0.00651	0.00759	0.01058	0.01370	0.01825	0.05929	0.65206	0.04389	0.02041	0.00876	0.00279	0.00449	0.03726	0.00626	0.00588
32	0.01558	0.01620	0.02658	0.02124	0.02309	0.02039	0.19152	0.01825	0.01221	0.01825	0.01046	0.01620	0.00954	0.01055	0.01905	0.00287	0.55007	0.00667	0.00318	0.00810
33	0.12262	0.01721	0.04190	0.01818	0.10448	0.05006	0.04177	0.19844	0.13029	0.17631	0.01903	0.01892	0.01359	0.00788	0.00667	0.00216	0.00724	0.00633	0.00614	0.01076
34	0.01674	0.01420	0.02355	0.34832	0.31831	0.01569	0.01915	0.02086	0.01520	0.08827	0.01405	0.01841	0.01080	0.00705	0.00763	0.00224	0.03994	0.00628	0.00379	0.00952

[dist]
# distance from previous block
# <min> <max>
0	1

[block]
# block no. 3 follows, 30 sequences, length 11
# corresponding to MSA columns:
# 128-137,154
name=unknown_D
#
# <colnr> <probs for GDERKNQSTAVLIFYWHMCP>
#	G	D	E	R	K	N	Q	S	T	A	V	L	I	F	Y	W	H	M	C	P
0	0.00878	0.00639	0.00813	0.00914	0.00993	0.00590	0.00622	0.01029	0.01438	0.01915	0.13957	0.52508	0.12235	0.06744	0.01045	0.00294	0.00405	0.01758	0.00651	0.00574
1	0.01538	0.01385	0.01736	0.12548	0.05437	0.05949	0.03458	0.10183	0.10647	0.02275	0.02250	0.24093	0.02250	0.01271	0.00988	0.00252	0.11342	0.01053	0.00519	0.00828
2	0.01480	0.01318	0.02093	0.51095	0.07058	0.01549	0.04539	0.09977	0.01656	0.02163	0.01573	0.05657	0.01333	0.00850	0.00728	0.00236	0.00874	0.04596	0.00397	0.00830
3	0.01482	0.01230	0.01433	0.01058	0.01618	0.00991	0.00844	0.06800	0.01651	0.02500	0.09798	0.01926	0.01726	0.00653	0.00568	0.00126	0.00513	0.00534	0.00479	0.64071
4	0.07264	0.01546	0.07578	0.01366	0.01805	0.01498	0.01155	0.06945	0.37453	0.12330	0.02616	0.11198	0.02120	0.01036	0.00707	0.00235	0.00593	0.00862	0.00668	0.01025
5	0.01148	0.00805	0.00944	0.00951	0.01036	0.00814	0.00626	0.09309	0.01424	0.01902	0.02809	0.33062	0.03223	0.36311	0.02112	0.00458	0.00576	0.01364	0.00549	0.00575
6	0.01815	0.65474	0.03311	0.01184	0.01737	0.06330	0.01145	0.02033	0.01463	0.01666	0.01505	0.01612	0.06963	0.00705	0.00490	0.00158	0.00740	0.00473	0.00332	0.00864
7	0.01719	0.39575	0.33013	0.01566	0.02348	0.02227	0.01801	0.06736	0.01570	0.02077	0.01141	0.01311	0.00911	0.00642	0.00558	0.00184	0.00871	0.00452	0.00324	0.00974
8	0.02216	0.01934	0.02194	0.02033	0.11430	0.09252	0.06212	0.31501	0.19930	0.03300	0.01846	0.01893	0.01380	0.00807	0.00702	0.00215	0.00801	0.00664	0.00594	0.01098
9	0.02133	0.01648	0.02041	0.07327	0.07858	0.01806	0.03217	0.33127	0.09799	0.06948	0.01713	0.01856	0.01282	0.01001	0.03798	0.00252	0.05848	0.00641	0.00578	0.07130
10	0.01733	0.21419	0.21304	0.02024	0.07967	0.07572	0.12882	0.02451	0.11949	0.02142	0.01439	0.01626	0.01125	0.00678	0.00641	0.00203	0.00911	0.00575	0.00378	0.00981

[dist]
# distance from previous block
# <min> <max>
0	2

[block]
# block no. 4 follows, 30 sequences, length 29
# corresponding to MSA columns:
# 157-185
name=unknown_E
#
# <colnr> <probs for GDERKNQSTAVLIFYWHMCP>
#	G	D	E	R	K	N	Q	S	T	A	V	L	I	F	Y	W	H	M	C	P
0	0.01477	0.01322	0.02124	0.16188	0.07598	0.01394	0.15871	0.08158	0.06299	0.02374	0.05649	0.07660	0.09161	0.00977	0.00787	0.00228	0.02997	0.00895	0.07995	0.00844
1	0.01542	0.06493	0.10214	0.01956	0.02435	0.01586	0.25030	0.02105	0.07913	0.05430	0.03434	0.12224	0.01801	0.01182	0.04326	0.00284	0.09825	0.00895	0.00447	0.00880
2	0.00994	0.00808	0.00906	0.00936	0.01166	0.00757	0.00751	0.01381	0.08015	0.02039	0.05726	0.06653	0.45645	0.01735	0.00853	0.00260	0.00453	0.19618	0.00652	0.00653
3	0.01508	0.05793	0.58443	0.02143	0.07559	0.01694	0.05518	0.05327	0.01572	0.02299	0.01274	0.01507	0.00922	0.00663	0.00667	0.00218	0.01002	0.00538	0.00320	0.01035
4	0.03777	0.01977	0.02461	0.06040	0.09486	0.18265	0.18470	0.12364	0.02003	0.06344	0.10149	0.02117	0.01764	0.00788	0.00723	0.00212	0.00932	0.00713	0.00486	0.00929
5	0.00995	0.00711	0.00944	0.01032	0.01133	0.00692	0.02486	0.01274	0.05321	0.01979	0.03524	0.55645	0.03997	0.01889	0.00835	0.00267	0.00440	0.06069	0.10145	0.00623
6	0.06223	0.01597	0.01772	0.01639	0.06551	0.01784	0.01236	0.26203	0.31726	0.03330	0.02307	0.02634	0.01833	0.00963	0.00713	0.00232	0.00655	0.06871	0.00660	0.01071
7	0.01584	0.01752	0.10640	0.16661	0.05176	0.01589	0.25991	0.02245	0.08452	0.05661	0.01759	0.02471	0.01427	0.00826	0.00842	0.00243	0.04452	0.06890	0.00424	0.00915
8	0.01407	0.11377	0.57510	0.01797	0.02702	0.01656	0.02249	0.02096	0.01479	0.02123	0.01664	0.01971	0.05343	0.00766	0.00659	0.00217	0.00945	0.02735	0.00329	0.00976
9	0.00850	0.00711	0.00742	0.00742	0.00968	0.00603	0.00562	0.01046	0.01628	0.01979	0.13025	0.06610	0.62540	0.01740	0.00829	0.00237	0.00361	0.03570	0.00659	0.00597
10	0.21524	0.01482	0.01774	0.01618	0.08335	0.01564	0.04525	0.19113	0.06963	0.16856	0.05790	0.02157	0.01640	0.00839	0.00655	0.00219	0.00659	0.02660	0.00618	0.01008
11	0.05439	0.01421	0.02433	0.44338	0.22775	0.01601	0.08202	0.01938	0.01462	0.02030	0.01263	0.01789	0.00982	0.00664	0.00694	0.00225	0.00906	0.00628	0.00330	0.00881
12	0.03575	0.00826	0.01080	0.01114	0.01288	0.00814	0.00871	0.01523	0.01513	0.11950	0.03742	0.32957	0.10621	0.01785	0.00939	0.00278	0.04487	0.19288	0.00653	0.00695
13	0.00952	0.00694	0.00785	0.00785	0.00875	0.00671	0.00509	0.01037	0.01212	0.01555	0.03728	0.05050	0.24422	0.43752	0.10560	0.00585	0.00709	0.01132	0.00490	0.00499
14	0.10799	0.01965	0.01643	0.01422	0.01830	0.20499	0.01114	0.16296	0.20923	0.06369	0.01874	0.01885	0.01409	0.00815	0.00634	0.00206	0.00763	0.00604	0.07986	0.00966
15	0.15497	0.01856	0.06781	0.08310	0.02266	0.08350	0.04940	0.24792	0.02115	0.04718	0.05169	0.02016	0.05045	0.00853	0.00738	0.00219	0.04228	0.00649	0.00524	0.00936
16	0.17439	0.01040	0.01115	0.01003	0.01323	0.01080	0.00783	0.02337	0.12642	0.17403	0.05833	0.10650	0.02189	0.01000	0.00621	0.00213	0.00471	0.00812	0.21192	0.00851
17	0.01352	0.01266	0.01784	0.01580	0.01615	0.01709	0.01288	0.01525	0.01081	0.01647	0.01247	0.02017	0.01229	0.05963	0.22220	0.00554	0.50218	0.00669	0.00330	0.00707
18	0.01604	0.08408	0.02477	0.38173	0.19283	0.01694	0.05653	0.02096	0.04695	0.05738	0.01392	0.01817	0.01074	0.00696	0.00713	0.00220	0.02370	0.00621	0.00368	0.00909
19	0.01732	0.01947	0.02195	0.05751	0.02280	0.23705	0.14653	0.01990	0.01542	0.01826	0.01710	0.17252	0.01731	0.01117	0.01094	0.00244	0.17158	0.00897	0.00405	0.00772
20	0.00890	0.00694	0.00808	0.00812	0.00991	0.00612	0.00597	0.01115	0.01695	0.02211	0.30396	0.16872	0.36400	0.01706	0.00834	0.00237	0.00352	0.01474	0.00693	0.00612
21	0.07061	0.01861	0.02942	0.02245	0.02784	0.10489	0.38151	0.05450	0.08583	0.02367	0.01759	0.06088	0.01493	0.00819	0.00767	0.00234	0.00990	0.04571	0.00444	0.00903
22	0.01683	0.01274	0.01820	0.05621	0.02016	0.01325	0.12414	0.10197	0.12043	0.09516	0.02806	0.05227	0.11605	0.01215	0.04393	0.00269	0.03230	0.00867	0.11594	0.00885
23	0.00851	0.00698	0.00750	0.00757	0.00964	0.00597	0.00560	0.01045	0.01623	0.02009	0.16104	0.12918	0.55192	0.01757	0.00831	0.00238	0.00355	0.01490	0.00666	0.00597
24	0.01514	0.01466	0.02263	0.34366	0.30008	0.05608	0.01862	0.01919	0.01473	0.01953	0.01331	0.01874	0.01089	0.01187	0.08902	0.00321	0.01017	0.00625	0.00334	0.00888
25	0.06320	0.01714	0.01910	0.08376	0.04350	0.06401	0.01311	0.30707	0.07761	0.15528	0.01797	0.01854	0.01289	0.00933	0.02367	0.00239	0.04840	0.00631	0.00617	0.01057
26	0.06561	0.04090	0.10406	0.01866	0.02394	0.01703	0.18210	0.11638	0.01785	0.16291	0.01602	0.01801	0.01167	0.00808	0.00974	0.00232	0.13644	0.00654	0.03193	0.00982
27	0.07015	0.08295	0.01782	0.01286	0.01712	0.01428	0.04602	0.19139	0.02056	0.19365	0.06066	0.12616	0.04287	0.01048	0.00689	0.00216	0.00613	0.00872	0.05963	0.00947
28	0.16727	0.03975	0.02064	0.12700	0.07394	0.01629	0.09168	0.11432	0.01666	0.07193	0.01570	0.05332	0.01324	0.01098	0.04686	0.00280	0.07732	0.02688	0.00462	0.00882

[dist]
# distance from previous block
# <min> <max>
0	4

[block]
# block no. 5 follows, 30 sequences, length 51
# corresponding to MSA columns:
# 191-241
name=unknown_F
#
# <colnr> <probs for GDERKNQSTAVLIFYWHMCP>
#	G	D	E	R	K	N	Q	S	T	A	V	L	I	F	Y	W	H	M	C	P
0	0.13885	0.01484	0.01797	0.03881	0.16203	0.04893	0.01277	0.11347	0.01822	0.12908	0.04586	0.02320	0.01597	0.00840	0.00693	0.00208	0.02367	0.06044	0.00534	0.11313
1	0.01621	0.01173	0.01713	0.01848	0.14167	0.01168	0.05804	0.05700	0.10525	0.12091	0.07074	0.25038	0.02913	0.01311	0.00789	0.00245	0.00608	0.04700	0.00621	0.00891
2	0.01435	0.07066	0.65091	0.01998	0.02992	0.01684	0.05849	0.02205	0.01479	0.02183	0.01247	0.01477	0.00893	0.00656	0.00661	0.00218	0.01025	0.00524	0.00298	0.01020
3	0.01529	0.01804	0.11333	0.24967	0.22612	0.01625	0.19910	0.02052	0.01528	0.02114	0.01332	0.01800	0.01028	0.00646	0.00720	0.00223	0.00966	0.00663	0.02206	0.00940
4	0.01534	0.01531	0.02452	0.29177	0.16956	0.06628	0.14126	0.01962	0.01542	0.02016	0.01593	0.02540	0.01385	0.00830	0.00782	0.00235	0.02769	0.08688	0.02401	0.00854
5	0.00850	0.00607	0.00810	0.00972	0.01012	0.00567	0.00648	0.00972	0.01336	0.01781	0.03846	0.75020	0.04615	0.02186	0.00891	0.00283	0.00405	0.01984	0.00648	0.00567
6	0.02000	0.01157	0.01383	0.01192	0.01565	0.01158	0.00935	0.07238	0.20120	0.26163	0.10455	0.11979	0.09221	0.01191	0.00751	0.00232	0.00521	0.01009	0.00754	0.00977
7	0.01774	0.04691	0.07549	0.04882	0.15747	0.07007	0.01372	0.04274	0.08884	0.12187	0.12876	0.04643	0.05547	0.01086	0.02705	0.00242	0.00730	0.02311	0.00557	0.00936
8	0.02565	0.02761	0.02026	0.01734	0.02142	0.44803	0.01350	0.25311	0.02375	0.02627	0.01274	0.01415	0.00998	0.00786	0.00741	0.00197	0.04966	0.00519	0.00472	0.00936
9	0.01674	0.00865	0.01153	0.00994	0.01279	0.00776	0.00776	0.01984	0.01982	0.24827	0.48984	0.04304	0.05029	0.01246	0.00784	0.00218	0.00414	0.01083	0.00799	0.00828
10	0.01436	0.00936	0.01443	0.01217	0.01504	0.00877	0.09051	0.01780	0.01821	0.13619	0.38609	0.04132	0.04339	0.01549	0.06895	0.00299	0.00621	0.04230	0.04869	0.00774
11	0.01732	0.01343	0.01974	0.12177	0.18388	0.01456	0.03125	0.07411	0.07763	0.10634	0.02211	0.08477	0.03533	0.01064	0.00906	0.00244	0.07941	0.08167	0.00524	0.00931
12	0.09882	0.01287	0.01566	0.01265	0.01666	0.01344	0.01033	0.13311	0.01908	0.34807	0.02098	0.02139	0.01480	0.03233	0.02820	0.00258	0.09621	0.00653	0.08627	0.01003
13	0.01070	0.00655	0.00849	0.00952	0.01044	0.00610	0.00656	0.01228	0.01399	0.06937	0.03575	0.60910	0.04061	0.01923	0.00828	0.00264	0.00409	0.01728	0.10281	0.00622
14	0.01862	0.01064	0.01299	0.01137	0.01451	0.01041	0.00886	0.15710	0.02036	0.20507	0.13997	0.21422	0.06079	0.01347	0.00769	0.00233	0.00516	0.02853	0.04915	0.00877
15	0.06081	0.04424	0.01501	0.01217	0.01588	0.05242	0.00965	0.17302	0.10329	0.12827	0.05366	0.10394	0.12597	0.04268	0.00841	0.00244	0.00608	0.02652	0.00651	0.00903
16	0.02132	0.09257	0.01994	0.01404	0.01887	0.01489	0.07846	0.14188	0.10355	0.22788	0.03020	0.03018	0.13446	0.01002	0.00717	0.00219	0.00655	0.02921	0.00660	0.01001
17	0.00852	0.00621	0.00803	0.00941	0.01006	0.00572	0.00636	0.00986	0.01384	0.01825	0.06338	0.65534	0.11700	0.02117	0.00882	0.00276	0.00397	0.01906	0.00652	0.00572
18	0.01647	0.01882	0.04118	0.02941	0.03647	0.01765	0.68588	0.02235	0.01647	0.02235	0.01412	0.01882	0.01059	0.00588	0.00824	0.00235	0.01176	0.00824	0.00353	0.00941
19	0.11383	0.14541	0.34994	0.01665	0.02389	0.15772	0.01818	0.02365	0.05163	0.02172	0.01224	0.01394	0.00939	0.00677	0.00597	0.00202	0.00946	0.00478	0.00347	0.00936
20	0.01023	0.00801	0.01197	0.01200	0.01333	0.00767	0.07141	0.04425	0.01470	0.01963	0.03504	0.62188	0.04090	0.01960	0.00877	0.00277	0.00504	0.04022	0.00622	0.00635
21	0.16478	0.01529	0.01592	0.01350	0.01778	0.01732	0.01084	0.23675	0.27395	0.04814	0.02023	0.02049	0.01529	0.01310	0.08289	0.00318	0.00759	0.00656	0.00623	0.01017
22	0.04809	0.01510	0.09868	0.01252	0.01611	0.06706	0.01071	0.05270	0.13207	0.08939	0.11694	0.17943	0.06654	0.05198	0.00895	0.00257	0.00615	0.01056	0.00610	0.00835
23	0.01709	0.01798	0.09673	0.13615	0.13552	0.05601	0.11512	0.07472	0.11707	0.05223	0.01878	0.07988	0.01582	0.00876	0.00733	0.00229	0.00848	0.02574	0.00471	0.00957
24	0.01009	0.00700	0.00880	0.00880	0.00921	0.00741	0.00571	0.01091	0.01050	0.01441	0.02090	0.03967	0.02276	0.52383	0.26288	0.00823	0.01069	0.00927	0.00407	0.00489
25	0.01373	0.01297	0.02193	0.64397	0.13775	0.01565	0.01966	0.01831	0.01422	0.01850	0.01250	0.01842	0.00954	0.00687	0.00697	0.00229	0.00917	0.00620	0.00315	0.00820
26	0.02183	0.01827	0.01827	0.03623	0.05371	0.12591	0.01243	0.30269	0.12812	0.06513	0.02057	0.10787	0.01737	0.01103	0.02599	0.00243	0.00793	0.00797	0.00614	0.01010
27	0.02064	0.01551	0.08262	0.01491	0.04693	0.01400	0.01232	0.18305	0.12920	0.19333	0.02740	0.11526	0.06067	0.01107	0.00741	0.00232	0.00645	0.03998	0.00675	0.01019
28	0.01607	0.02039	0.11217	0.05760	0.03628	0.01741	0.58843	0.02214	0.01618	0.02214	0.01388	0.01838	0.01035	0.00601	0.00801	0.00234	0.01151	0.00783	0.00345	0.00944
29	0.04923	0.02734	0.02003	0.01719	0.02144	0.49558	0.04477	0.08415	0.02052	0.13424	0.01415	0.01502	0.01062	0.00744	0.00650	0.00192	0.01083	0.00521	0.00472	0.00907
30	0.04847	0.07802	0.02020	0.01600	0.01917	0.25113	0.01293	0.10253	0.05414	0.07205	0.01560	0.01869	0.03150	0.00940	0.01071	0.00226	0.19835	0.02551	0.00455	0.00879
31	0.01086	0.00859	0.01331	0.01508	0.09786	0.00968	0.01027	0.01356	0.01179	0.01701	0.01801	0.02617	0.01666	0.04670	0.63909	0.01010	0.01742	0.00732	0.00370	0.00682
32	0.01118	0.00783	0.01015	0.04495	0.01336	0.00786	0.00787	0.01497	0.09770	0.06040	0.05447	0.56449	0.04024	0.01865	0.00846	0.00270	0.00457	0.01677	0.00655	0.00681
33	0.01775	0.01801	0.05192	0.16247	0.20636	0.09169	0.08020	0.10397	0.09419	0.02436	0.03325	0.05388	0.01463	0.00802	0.00713	0.00220	0.00864	0.00718	0.00447	0.00965
34	0.01688	0.01733	0.03309	0.11789	0.20597	0.01733	0.36661	0.05949	0.05029	0.02346	0.01450	0.01864	0.01114	0.00642	0.00762	0.00227	0.01006	0.00735	0.00383	0.00984
35	0.01148	0.00734	0.00902	0.00922	0.01110	0.00653	0.00682	0.01337	0.01577	0.10458	0.10670	0.32275	0.27513	0.01797	0.00843	0.00255	0.00417	0.05360	0.00684	0.00663
36	0.02031	0.05831	0.02302	0.02290	0.17140	0.30245	0.08819	0.02406	0.05546	0.04844	0.01667	0.10558	0.01518	0.00875	0.00695	0.00208	0.00960	0.00741	0.00428	0.00895
37	0.02168	0.01723	0.02187	0.01956	0.10565	0.01842	0.07704	0.41969	0.06611	0.03568	0.05220	0.05662	0.03736	0.00916	0.00729	0.00218	0.00750	0.00777	0.00622	0.01075
38	0.10953	0.01187	0.01814	0.53767	0.03868	0.01438	0.01669	0.01764	0.01402	0.01995	0.01584	0.02694	0.01382	0.00880	0.00706	0.00244	0.00838	0.10686	0.00376	0.00752
39	0.01619	0.03192	0.59192	0.01888	0.02799	0.01578	0.02327	0.02324	0.01514	0.10660	0.01416	0.01587	0.00989	0.00720	0.00763	0.00225	0.05264	0.00544	0.00365	0.01035
40	0.01439	0.09745	0.66071	0.01921	0.02916	0.01717	0.02461	0.02200	0.01469	0.02162	0.01228	0.01443	0.00885	0.00657	0.00645	0.00215	0.01007	0.00504	0.00295	0.01020
41	0.01509	0.01187	0.01943	0.58038	0.04099	0.01422	0.01725	0.01930	0.01443	0.10300	0.01485	0.02007	0.01105	0.01148	0.07528	0.00315	0.00978	0.00642	0.00384	0.00811
42	0.11996	0.01898	0.01804	0.01460	0.01941	0.10073	0.01181	0.41115	0.09048	0.05530	0.01696	0.01723	0.01240	0.00810	0.00647	0.00207	0.00746	0.00596	0.05239	0.01051
43	0.01868	0.02026	0.02498	0.14447	0.21144	0.20588	0.12163	0.03631	0.01688	0.02082	0.01252	0.01613	0.01007	0.00647	0.00675	0.00196	0.00976	0.00582	0.00360	0.10557
44	0.01777	0.01698	0.09071	0.02421	0.18791	0.01471	0.17383	0.10243	0.01820	0.09614	0.02222	0.07613	0.06793	0.00910	0.00751	0.00225	0.00819	0.03087	0.00495	0.02795
45	0.10708	0.00796	0.00980	0.00967	0.01085	0.00887	0.00697	0.01262	0.01091	0.01709	0.01878	0.03200	0.01908	0.29873	0.39066	0.00851	0.01279	0.00798	0.00399	0.00567
46	0.01207	0.00829	0.00926	0.00875	0.00945	0.00853	0.00544	0.09296	0.01307	0.01746	0.02215	0.07659	0.02474	0.62770	0.03073	0.00600	0.00674	0.01015	0.00467	0.00523
47	0.04335	0.35724	0.10338	0.01357	0.01933	0.09103	0.01300	0.05718	0.04539	0.13687	0.04734	0.01666	0.01365	0.00728	0.00573	0.00183	0.00771	0.00524	0.00462	0.00959
48	0.01822	0.14975	0.09997	0.01473	0.01943	0.14512	0.03579	0.11331	0.11025	0.02490	0.13485	0.06316	0.02286	0.00937	0.00676	0.00205	0.00772	0.00751	0.00520	0.00906
49	0.05463	0.18897	0.05289	0.01270	0.01681	0.05522	0.04428	0.01987	0.09841	0.02125	0.07880	0.12849	0.02309	0.05208	0.00818	0.00230	0.00658	0.03528	0.00486	0.09530
50	0.13443	0.11920	0.05356	0.01499	0.01968	0.13937	0.10121	0.06590	0.03711	0.04040	0.01956	0.06119	0.06997	0.00927	0.00707	0.02528	0.00799	0.02339	0.00452	0.04591

[dist]
# distance from previous block
# <min> <max>
13	73

[block]
# block no. 6 follows, 30 sequences, length 6
# corresponding to MSA columns:
# 324-329
name=unknown_G
#
# <colnr> <probs for GDERKNQSTAVLIFYWHMCP>
#	G	D	E	R	K	N	Q	S	T	A	V	L	I	F	Y	W	H	M	C	P
0	0.01859	0.04296	0.02791	0.06742	0.02811	0.12602	0.28701	0.09917	0.11505	0.02433	0.01771	0.02375	0.01451	0.00814	0.00756	0.00229	0.00977	0.06572	0.00465	0.00933
1	0.01708	0.11524	0.07592	0.02521	0.09806	0.01898	0.36258	0.04547	0.09959	0.02295	0.01500	0.01811	0.01161	0.00672	0.00787	0.00222	0.03658	0.00708	0.00395	0.00979
2	0.01907	0.01774	0.03281	0.02734	0.13479	0.01757	0.38938	0.11113	0.04387	0.08015	0.01570	0.01882	0.01169	0.00688	0.00834	0.00229	0.04030	0.00747	0.00449	0.01017
3	0.01686	0.01732	0.09217	0.02238	0.02825	0.01488	0.39471	0.02190	0.01703	0.10771	0.13550	0.02466	0.02075	0.00804	0.00864	0.00232	0.04437	0.00847	0.00480	0.00922
4	0.00892	0.00658	0.00846	0.00980	0.01074	0.00611	0.00709	0.01057	0.01425	0.01851	0.04371	0.51963	0.15830	0.02071	0.00892	0.00282	0.00436	0.12824	0.00647	0.00583
5	0.00912	0.00652	0.00872	0.00984	0.01054	0.00628	0.00691	0.01077	0.01399	0.01890	0.11738	0.50789	0.04446	0.07015	0.06738	0.00370	0.00548	0.06991	0.00626	0.00579

[dist]
# distance from previous block
# <min> <max>
4	26

[block]
# block no. 7 follows, 30 sequences, length 80
# corresponding to MSA columns:
# 358-408,424-452
name=unknown_H
#
# <colnr> <probs for GDERKNQSTAVLIFYWHMCP>
#	G	D	E	R	K	N	Q	S	T	A	V	L	I	F	Y	W	H	M	C	P
0	0.01603	0.01619	0.06656	0.35554	0.28735	0.01656	0.03696	0.08072	0.01650	0.02241	0.01312	0.01772	0.01018	0.00678	0.00696	0.00221	0.00891	0.00620	0.00359	0.00954
1	0.01146	0.01022	0.06592	0.01200	0.01445	0.00820	0.05906	0.01403	0.01483	0.06161	0.07033	0.30377	0.12896	0.07291	0.03153	0.00320	0.00605	0.09878	0.00593	0.00677
2	0.02441	0.01104	0.01527	0.01417	0.07917	0.00978	0.01022	0.02709	0.01872	0.47918	0.08470	0.07839	0.09493	0.01069	0.00736	0.00222	0.00557	0.00905	0.00772	0.01034
3	0.01567	0.01813	0.20096	0.01911	0.09031	0.01253	0.11013	0.03869	0.01669	0.10913	0.08493	0.12419	0.04053	0.01102	0.00773	0.00239	0.00768	0.07590	0.00523	0.00905
4	0.01659	0.02724	0.40407	0.01901	0.05142	0.05097	0.03863	0.08459	0.01681	0.06098	0.01774	0.02083	0.05329	0.00850	0.00843	0.00229	0.07727	0.02751	0.00404	0.00980
5	0.01442	0.01330	0.02162	0.60957	0.10615	0.01615	0.01907	0.05885	0.01518	0.01984	0.01264	0.01827	0.00961	0.00715	0.00744	0.00231	0.03055	0.00621	0.00337	0.00830
6	0.01458	0.09029	0.60412	0.02015	0.02983	0.01722	0.08500	0.02203	0.01485	0.02168	0.01245	0.01483	0.00901	0.00651	0.00661	0.00217	0.01023	0.00533	0.00300	0.01013
7	0.01679	0.07184	0.21051	0.06267	0.14263	0.01823	0.22633	0.08227	0.01680	0.02339	0.01312	0.01659	0.01007	0.00678	0.00801	0.00223	0.05182	0.00640	0.00360	0.00992
8	0.01507	0.06965	0.47510	0.02354	0.09120	0.01716	0.16651	0.02203	0.01518	0.02191	0.01277	0.01565	0.00942	0.00640	0.00688	0.00219	0.01029	0.00584	0.00312	0.01011
9	0.00968	0.00713	0.00905	0.00857	0.01030	0.00650	0.00643	0.01278	0.01928	0.02685	0.62884	0.05398	0.14525	0.01469	0.00823	0.00221	0.00332	0.01288	0.00753	0.00650
10	0.13190	0.02169	0.13935	0.07636	0.04837	0.18521	0.01447	0.05622	0.09551	0.02365	0.03937	0.06930	0.01644	0.00912	0.00669	0.00222	0.00844	0.04237	0.00459	0.00872
11	0.06754	0.01939	0.06196	0.07143	0.15499	0.11564	0.12231	0.07452	0.01700	0.09208	0.01378	0.01676	0.01064	0.00773	0.00936	0.00227	0.12270	0.00616	0.00422	0.00953
12	0.00860	0.00714	0.00755	0.00761	0.00985	0.00610	0.00582	0.01060	0.01627	0.01982	0.12660	0.06656	0.60514	0.01747	0.00834	0.00240	0.00371	0.05786	0.00659	0.00599
13	0.01141	0.00782	0.01002	0.00942	0.01131	0.00742	0.00707	0.01557	0.06446	0.06425	0.56446	0.11261	0.05845	0.01434	0.00815	0.00226	0.00365	0.01266	0.00758	0.00708
14	0.01826	0.02042	0.09383	0.04949	0.29326	0.06481	0.23079	0.09858	0.01812	0.02451	0.01363	0.01719	0.01061	0.00648	0.00727	0.00216	0.00982	0.00665	0.00384	0.01028
15	0.02679	0.01913	0.02069	0.01586	0.02143	0.02103	0.01310	0.65268	0.03212	0.08023	0.01734	0.01713	0.01216	0.00839	0.00698	0.00210	0.00758	0.00632	0.00707	0.01187
16	0.00850	0.00708	0.00741	0.00733	0.00958	0.00600	0.00550	0.01049	0.01649	0.02024	0.16756	0.06487	0.61066	0.01715	0.00824	0.00233	0.00350	0.01441	0.00666	0.00600
17	0.03658	0.01063	0.01288	0.01139	0.01444	0.01080	0.00894	0.12709	0.06460	0.15357	0.15885	0.11918	0.09272	0.01843	0.10876	0.00356	0.00704	0.02523	0.00679	0.00851
18	0.01715	0.52487	0.25743	0.01451	0.02189	0.02392	0.01642	0.02129	0.01436	0.01826	0.01062	0.01234	0.00892	0.00618	0.00517	0.00172	0.00839	0.00419	0.00297	0.00939
19	0.00850	0.00607	0.00810	0.00972	0.01012	0.00567	0.00648	0.00972	0.01336	0.01781	0.03846	0.75020	0.04615	0.02186	0.00891	0.00283	0.00405	0.01984	0.00648	0.00567
20	0.02106	0.02501	0.02223	0.16886	0.07575	0.41164	0.06120	0.02386	0.01717	0.01796	0.01135	0.01485	0.00932	0.00749	0.00828	0.00209	0.08480	0.00538	0.00342	0.00827
21	0.01772	0.36563	0.08098	0.01530	0.02021	0.06977	0.07524	0.03902	0.01525	0.03632	0.05790	0.01671	0.01358	0.00965	0.03962	0.00236	0.10679	0.00553	0.00368	0.00874
22	0.00856	0.00708	0.00751	0.00740	0.00962	0.00603	0.00555	0.01063	0.01665	0.02062	0.19424	0.06424	0.58374	0.01701	0.00824	0.00233	0.00349	0.01432	0.00671	0.00603
23	0.01010	0.00694	0.00849	0.00849	0.00880	0.00724	0.00533	0.01071	0.01041	0.01418	0.02118	0.04121	0.02343	0.58308	0.20455	0.00785	0.00968	0.00950	0.00411	0.00472
24	0.01680	0.01679	0.04861	0.10562	0.62998	0.01647	0.02136	0.02111	0.01568	0.02232	0.01304	0.01732	0.01083	0.00630	0.00691	0.00210	0.00844	0.00618	0.00341	0.01073
25	0.01759	0.59322	0.19294	0.01376	0.02073	0.02500	0.01511	0.02117	0.01431	0.01772	0.01035	0.01201	0.00893	0.00612	0.00497	0.00166	0.00812	0.00406	0.00298	0.00927
26	0.00855	0.00617	0.00801	0.00946	0.00998	0.00572	0.00631	0.00975	0.01341	0.01772	0.03999	0.67793	0.08954	0.04937	0.00987	0.00295	0.00412	0.01913	0.00639	0.00563
27	0.11922	0.01534	0.01753	0.01360	0.01895	0.01575	0.01123	0.31207	0.02452	0.34895	0.02085	0.01931	0.01383	0.00827	0.00669	0.00213	0.00662	0.00633	0.00743	0.01137
28	0.01648	0.01558	0.02328	0.12957	0.07167	0.05433	0.13991	0.08569	0.01697	0.03794	0.12512	0.02273	0.01919	0.00944	0.01148	0.00243	0.19761	0.00753	0.00447	0.00858
29	0.01050	0.00750	0.01039	0.01199	0.01327	0.00739	0.00994	0.01316	0.01533	0.02004	0.03736	0.26216	0.04180	0.01998	0.00944	0.00311	0.00578	0.48820	0.00644	0.00622
30	0.00977	0.00713	0.00918	0.00867	0.01036	0.00654	0.00650	0.01296	0.01950	0.02737	0.66506	0.05313	0.10870	0.01449	0.00823	0.00221	0.00331	0.01276	0.00760	0.00654
31	0.01707	0.01618	0.07972	0.02005	0.02523	0.01444	0.29995	0.02210	0.04262	0.13084	0.11904	0.02692	0.06210	0.00904	0.00931	0.00236	0.08014	0.00861	0.00515	0.00913
32	0.01666	0.44075	0.30961	0.01537	0.02286	0.02280	0.01762	0.02122	0.01427	0.01871	0.01081	0.01277	0.00892	0.00647	0.00604	0.00184	0.03646	0.00439	0.00297	0.00945
33	0.01647	0.01882	0.04118	0.02941	0.03647	0.01765	0.68588	0.02235	0.01647	0.02235	0.01412	0.01882	0.01059	0.00588	0.00824	0.00235	0.01176	0.00824	0.00353	0.00941
34	0.80405	0.01350	0.01026	0.00918	0.01350	0.01565	0.00756	0.02051	0.01188	0.03131	0.00972	0.01134	0.00756	0.00648	0.00432	0.00216	0.00540	0.00378	0.00432	0.00756
35	0.01765	0.01514	0.01595	0.01426	0.01826	0.01750	0.01112	0.05820	0.67702	0.02967	0.02802	0.02573	0.02100	0.00943	0.00710	0.00236	0.00559	0.00784	0.00710	0.01107
36	0.00906	0.00710	0.00820	0.00792	0.00993	0.00624	0.00594	0.01159	0.01783	0.02342	0.38903	0.05964	0.38721	0.01597	0.00824	0.00228	0.00341	0.01367	0.00708	0.00624
37	0.00850	0.00607	0.00810	0.00972	0.01012	0.00567	0.00648	0.00972	0.01336	0.01781	0.03846	0.75020	0.04615	0.02186	0.00891	0.00283	0.00405	0.01984	0.00648	0.00567
38	0.01866	0.75896	0.03657	0.01194	0.01791	0.02761	0.01194	0.02090	0.01418	0.01642	0.00970	0.01119	0.00896	0.00597	0.00448	0.00149	0.00746	0.00373	0.00299	0.00896
39	0.01318	0.01240	0.02093	0.73798	0.04806	0.01550	0.01938	0.01783	0.01395	0.01783	0.01240	0.01860	0.00930	0.00698	0.00698	0.00233	0.00930	0.00620	0.00310	0.00775
40	0.00825	0.00707	0.00707	0.00707	0.00943	0.00589	0.00530	0.01001	0.01591	0.01885	0.07069	0.06716	0.70839	0.01767	0.00825	0.00236	0.00353	0.01473	0.00648	0.00589
41	0.01866	0.75896	0.03657	0.01194	0.01791	0.02761	0.01194	0.02090	0.01418	0.01642	0.00970	0.01119	0.00896	0.00597	0.00448	0.00149	0.00746	0.00373	0.00299	0.00896
42	0.00998	0.00743	0.01100	0.01100	0.01218	0.00861	0.00846	0.01232	0.01115	0.01604	0.01889	0.02849	0.01791	0.09370	0.68638	0.01095	0.01799	0.00763	0.00377	0.00611
43	0.02544	0.03144	0.01993	0.01790	0.02138	0.64647	0.01358	0.06221	0.01991	0.01849	0.01100	0.01297	0.00915	0.00756	0.00734	0.00189	0.05665	0.00469	0.00374	0.00826
44	0.00890	0.00715	0.00798	0.00793	0.01004	0.00623	0.00606	0.01119	0.01698	0.02151	0.24420	0.06379	0.48553	0.01684	0.00834	0.00237	0.00366	0.05836	0.00681	0.00612
45	0.01413	0.05738	0.69852	0.01966	0.02984	0.01654	0.02538	0.02206	0.01472	0.02193	0.01244	0.01463	0.00884	0.00661	0.00657	0.00219	0.01023	0.00511	0.00295	0.01027
46	0.01702	0.01752	0.03358	0.02534	0.05668	0.01700	0.47607	0.10269	0.05983	0.02508	0.02043	0.02337	0.07514	0.00749	0.00797	0.00231	0.01001	0.00849	0.00443	0.00955
47	0.01793	0.01407	0.01503	0.01344	0.01729	0.01598	0.01048	0.03514	0.59632	0.07474	0.02787	0.02588	0.02075	0.00930	0.00691	0.00229	0.00536	0.00772	0.07278	0.01072
48	0.01818	0.01976	0.06899	0.02655	0.03349	0.01830	0.53323	0.14305	0.01935	0.02626	0.01452	0.01826	0.01074	0.00637	0.00793	0.00230	0.01096	0.00774	0.00413	0.00990
49	0.01225	0.00891	0.01048	0.00996	0.01219	0.00899	0.00756	0.01884	0.16946	0.04839	0.33537	0.10924	0.11023	0.01368	0.00777	0.00229	0.00406	0.03081	0.07195	0.00759
50	0.01622	0.01698	0.03361	0.21529	0.10032	0.01720	0.41455	0.05699	0.01664	0.02238	0.01372	0.01851	0.01036	0.00633	0.00772	0.00231	0.01058	0.00741	0.00360	0.00926
51	0.00988	0.00713	0.00933	0.00878	0.01043	0.00658	0.00658	0.01317	0.01975	0.02798	0.70754	0.05213	0.06584	0.01427	0.00823	0.00219	0.00329	0.01262	0.00768	0.00658
52	0.03732	0.01631	0.02570	0.02313	0.12809	0.01800	0.18395	0.17247	0.01809	0.02558	0.01404	0.01865	0.01161	0.02974	0.08493	0.00340	0.16849	0.00688	0.00426	0.00935
53	0.01581	0.08127	0.49992	0.02072	0.02961	0.08209	0.13030	0.02259	0.01544	0.02130	0.01243	0.01496	0.00914	0.00652	0.00671	0.00215	0.01056	0.00550	0.00310	0.00987
54	0.68652	0.01325	0.01116	0.00967	0.01415	0.01483	0.00797	0.02257	0.01311	0.13546	0.01243	0.01322	0.00904	0.00681	0.00473	0.00216	0.00548	0.00427	0.00498	0.00821
55	0.01112	0.00807	0.01009	0.01022	0.01156	0.00874	0.00743	0.01569	0.11673	0.01961	0.04302	0.20083	0.02717	0.12944	0.25193	0.00595	0.00943	0.01084	0.09553	0.00659
56	0.01503	0.01474	0.02642	0.17882	0.32771	0.01502	0.15598	0.01942	0.01596	0.02191	0.08010	0.02408	0.05798	0.00774	0.00740	0.00221	0.00847	0.00773	0.00397	0.00931
57	0.01739	0.01889	0.03933	0.02819	0.03512	0.01801	0.62446	0.08314	0.01796	0.02433	0.01436	0.01863	0.01071	0.00611	0.00812	0.00233	0.01139	0.00806	0.00384	0.00964
58	0.00848	0.00616	0.00800	0.00947	0.01006	0.00569	0.00637	0.00974	0.01359	0.01791	0.04140	0.68782	0.10663	0.02148	0.00885	0.00279	0.00400	0.01937	0.00648	0.00569
59	0.01615	0.02045	0.13891	0.04749	0.21570	0.01735	0.34484	0.02157	0.01559	0.02194	0.01322	0.01753	0.01032	0.00655	0.00862	0.00230	0.06123	0.00703	0.00338	0.00983
60	0.01697	0.01627	0.02778	0.09431	0.66212	0.01650	0.02127	0.02115	0.01575	0.02243	0.01307	0.01737	0.01092	0.00627	0.00691	0.00209	0.00837	0.00622	0.00343	0.01081
61	0.03099	0.01239	0.01651	0.01266	0.01807	0.01102	0.01046	0.07763	0.02083	0.67123	0.02681	0.02328	0.01691	0.00862	0.00702	0.00215	0.00605	0.00697	0.00853	0.01188
62	0.01882	0.27129	0.34799	0.01593	0.02381	0.01945	0.01818	0.06390	0.01641	0.12235	0.01402	0.01499	0.01029	0.00681	0.00599	0.00196	0.00857	0.00502	0.00403	0.01018
63	0.02250	0.01752	0.01873	0.11686	0.02379	0.09842	0.01346	0.32779	0.05597	0.10045	0.01991	0.02637	0.01613	0.00965	0.00728	0.00227	0.00802	0.09867	0.00614	0.01005
64	0.00997	0.00748	0.01121	0.01121	0.01246	0.00872	0.00872	0.01246	0.01121	0.01620	0.01869	0.02741	0.01745	0.05234	0.72710	0.01121	0.01869	0.00748	0.00374	0.00623
65	0.01661	0.01845	0.03901	0.03167	0.15016	0.01747	0.57392	0.02220	0.01637	0.02243	0.01395	0.01856	0.01067	0.00594	0.00801	0.00231	0.01118	0.00790	0.00352	0.00969
