[name]
unknown

[dist]
# distance from previous block
# <min> <max>
1	40

[block]
# block no. 0 follows, 28 sequences, length 34
# corresponding to MSA columns:
# 72-105
name=unknown_A
#
# <colnr> <probs for GDERKNQSTAVLIFYWHMCP>
#	G	D	E	R	K	N	Q	S	T	A	V	L	I	F	Y	W	H	M	C	P
0	0.00897	0.00648	0.00852	0.01004	0.01065	0.00602	0.00683	0.01040	0.01436	0.01906	0.06382	0.66252	0.08232	0.02220	0.00924	0.00292	0.00424	0.03864	0.00679	0.00597
1	0.01509	0.01453	0.02146	0.09429	0.10037	0.01906	0.01606	0.01748	0.01220	0.01824	0.01187	0.01842	0.01109	0.01775	0.12471	0.00427	0.46503	0.00660	0.00334	0.00816
2	0.01364	0.00750	0.00816	0.00795	0.00975	0.00779	0.00606	0.04363	0.01548	0.02629	0.02279	0.02693	0.01830	0.01562	0.11541	0.00326	0.00607	0.00692	0.63147	0.00696
3	0.00885	0.00735	0.00778	0.00805	0.01027	0.00628	0.00609	0.01075	0.01636	0.01970	0.06815	0.12779	0.59210	0.01891	0.00876	0.00256	0.00395	0.06338	0.00675	0.00616
4	0.18219	0.07841	0.06822	0.01817	0.06175	0.22267	0.04822	0.11362	0.05876	0.02634	0.01322	0.01508	0.01044	0.00765	0.00720	0.00215	0.04658	0.00538	0.00446	0.00949
5	0.01685	0.01618	0.02791	0.17003	0.52042	0.01671	0.05146	0.02132	0.01636	0.02297	0.04023	0.01974	0.01338	0.00694	0.00733	0.00223	0.00880	0.00683	0.00371	0.01061
6	0.00886	0.00633	0.00843	0.01012	0.01054	0.00590	0.00675	0.01012	0.01392	0.01856	0.04006	0.73979	0.04808	0.02277	0.00928	0.00295	0.00422	0.02066	0.00675	0.00590
7	0.01414	0.01235	0.05581	0.01533	0.06935	0.01227	0.01156	0.12484	0.01595	0.02238	0.01860	0.02676	0.01687	0.10108	0.43932	0.00838	0.01508	0.00758	0.00443	0.00794
8	0.07669	0.01898	0.02109	0.16248	0.17499	0.17402	0.01606	0.04495	0.01683	0.02203	0.05084	0.02096	0.04842	0.00890	0.00937	0.00232	0.11144	0.00667	0.00409	0.00887
9	0.00886	0.00633	0.00843	0.01012	0.01054	0.00590	0.00675	0.01012	0.01392	0.01856	0.04006	0.73979	0.04808	0.02277	0.00928	0.00295	0.00422	0.02066	0.00675	0.00590
10	0.01598	0.03784	0.01692	0.05493	0.04758	0.01107	0.01008	0.01930	0.01533	0.05107	0.01350	0.01573	0.01098	0.00572	0.00563	0.00127	0.00589	0.00463	0.00437	0.65218
11	0.00963	0.00747	0.00881	0.00867	0.01072	0.00665	0.00663	0.01233	0.01845	0.02425	0.36115	0.06359	0.35158	0.01688	0.00870	0.00245	0.00380	0.06439	0.00733	0.00652
12	0.01975	0.01774	0.01945	0.02041	0.13887	0.07784	0.01371	0.12565	0.38179	0.02977	0.02400	0.06001	0.01913	0.00957	0.00737	0.00234	0.00714	0.00801	0.00636	0.01108
13	0.01024	0.00734	0.00949	0.00909	0.01058	0.00683	0.00664	0.01325	0.01935	0.02728	0.60228	0.08905	0.06381	0.07961	0.01112	0.00274	0.00379	0.01331	0.00762	0.00659
14	0.01691	0.02119	0.14016	0.04816	0.03160	0.03602	0.36173	0.07308	0.01771	0.02428	0.04679	0.05326	0.01502	0.00827	0.00944	0.00247	0.07185	0.00832	0.00415	0.00959
15	0.01547	0.01526	0.02143	0.01850	0.01860	0.02123	0.01537	0.01714	0.01118	0.01744	0.01032	0.01690	0.01022	0.01602	0.07842	0.00385	0.67510	0.00647	0.00324	0.00784
16	0.00886	0.00633	0.00843	0.01012	0.01054	0.00590	0.00675	0.01012	0.01392	0.01856	0.04006	0.73979	0.04808	0.02277	0.00928	0.00295	0.00422	0.02066	0.00675	0.00590
17	0.01695	0.02118	0.10388	0.03031	0.06525	0.01820	0.58551	0.02322	0.01696	0.02328	0.01451	0.01914	0.01088	0.00621	0.00837	0.00242	0.01196	0.00819	0.00362	0.00996
18	0.01637	0.17279	0.33957	0.02046	0.05573	0.04608	0.12147	0.02282	0.03817	0.02241	0.06490	0.01863	0.01454	0.00735	0.00686	0.00216	0.00967	0.00627	0.00374	0.00999
19	0.01808	0.01561	0.01644	0.01479	0.01890	0.01808	0.01151	0.03863	0.68606	0.03041	0.02959	0.02712	0.02219	0.00986	0.00740	0.00247	0.00575	0.00822	0.00740	0.01151
20	0.79588	0.01406	0.01068	0.00956	0.01406	0.01631	0.00787	0.02137	0.01237	0.03261	0.01012	0.01181	0.00787	0.00675	0.00450	0.00225	0.00562	0.00394	0.00450	0.00787
21	0.00977	0.00741	0.00900	0.00860	0.01054	0.00664	0.00645	0.01271	0.01935	0.02624	0.50535	0.05908	0.26041	0.01595	0.00858	0.00234	0.00351	0.01382	0.00762	0.00664
22	0.79588	0.01406	0.01068	0.00956	0.01406	0.01631	0.00787	0.02137	0.01237	0.03261	0.01012	0.01181	0.00787	0.00675	0.00450	0.00225	0.00562	0.00394	0.00450	0.00787
23	0.01489	0.01411	0.02391	0.54045	0.22757	0.01646	0.02077	0.01959	0.01509	0.01999	0.01313	0.01900	0.01019	0.00705	0.00725	0.00235	0.00940	0.00646	0.00333	0.00902
24	0.01907	0.01611	0.01699	0.01499	0.01928	0.01854	0.01174	0.10456	0.61852	0.03200	0.02833	0.02612	0.02117	0.00974	0.00738	0.00244	0.00599	0.00804	0.00738	0.01159
25	0.01016	0.00743	0.00953	0.00901	0.01078	0.00680	0.00676	0.01346	0.02027	0.02841	0.64731	0.05551	0.11709	0.01513	0.00857	0.00230	0.00345	0.01332	0.00791	0.00680
26	0.02715	0.03464	0.02060	0.01873	0.02247	0.71536	0.01404	0.02903	0.02060	0.01779	0.01124	0.01311	0.00936	0.00749	0.00655	0.00187	0.01311	0.00468	0.00375	0.00843
27	0.06550	0.01645	0.01906	0.01467	0.02034	0.01688	0.01212	0.35464	0.02710	0.34379	0.02220	0.02050	0.01471	0.00876	0.00716	0.00222	0.00707	0.00677	0.00793	0.01216
28	0.00897	0.00641	0.00854	0.01004	0.01057	0.00598	0.00676	0.01041	0.01444	0.01939	0.09174	0.68573	0.04969	0.02215	0.00922	0.00290	0.00416	0.02007	0.00685	0.00598
29	0.01373	0.01292	0.02180	0.72707	0.05006	0.01615	0.02019	0.01857	0.01453	0.01857	0.01292	0.01938	0.00969	0.00727	0.00727	0.00242	0.00969	0.00646	0.00323	0.00807
30	0.06427	0.01708	0.02839	0.04253	0.65843	0.01721	0.02145	0.02225	0.01630	0.02428	0.01346	0.01762	0.01130	0.00649	0.00704	0.00216	0.00846	0.00633	0.00365	0.01130
31	0.01129	0.04066	0.06407	0.01158	0.01409	0.00993	0.00986	0.03740	0.01448	0.01944	0.03313	0.11473	0.15779	0.05174	0.31830	0.00667	0.01182	0.06101	0.00503	0.00697
32	0.11712	0.14145	0.17392	0.01700	0.05679	0.16446	0.01544	0.08191	0.01785	0.02451	0.02988	0.01515	0.01121	0.00707	0.00609	0.00193	0.00895	0.00505	0.00407	0.10015
33	0.68510	0.03722	0.03903	0.01043	0.01505	0.03511	0.00897	0.02126	0.01275	0.03065	0.01070	0.01275	0.00849	0.00897	0.03762	0.00266	0.00673	0.00419	0.00435	0.00798

[dist]
# distance from previous block
# <min> <max>
0	2

[block]
# block no. 1 follows, 28 sequences, length 24
# corresponding to MSA columns:
# 108-131
name=unknown_B
#
# <colnr> <probs for GDERKNQSTAVLIFYWHMCP>
#	G	D	E	R	K	N	Q	S	T	A	V	L	I	F	Y	W	H	M	C	P
0	0.15937	0.13685	0.35901	0.01624	0.02414	0.01811	0.01848	0.02495	0.07094	0.08634	0.01486	0.01598	0.01086	0.00721	0.00621	0.00219	0.00853	0.00530	0.00423	0.01022
1	0.01224	0.00805	0.01015	0.00942	0.01162	0.00737	0.00713	0.01575	0.03809	0.08957	0.49180	0.08279	0.15802	0.01507	0.00846	0.00234	0.00382	0.01313	0.00783	0.00734
2	0.70499	0.01386	0.01142	0.00996	0.01459	0.01564	0.00821	0.02304	0.01338	0.11260	0.01233	0.01335	0.00908	0.00702	0.00483	0.00225	0.00569	0.00434	0.00503	0.00841
3	0.01669	0.35871	0.13080	0.01399	0.01997	0.02051	0.03733	0.02249	0.09585	0.02219	0.12406	0.02147	0.02058	0.00810	0.00615	0.00190	0.00728	0.00632	0.00451	0.06111
4	0.02719	0.01173	0.01548	0.01264	0.01718	0.01062	0.01010	0.08120	0.02042	0.50666	0.03019	0.17531	0.02390	0.01189	0.00772	0.00239	0.00591	0.01007	0.00838	0.01100
5	0.03228	0.01290	0.01720	0.01318	0.01882	0.01147	0.01089	0.07773	0.02169	0.66067	0.02793	0.02426	0.01762	0.00898	0.00731	0.00224	0.00631	0.00726	0.00888	0.01237
6	0.01634	0.01544	0.02610	0.17043	0.51294	0.01601	0.02047	0.02048	0.01593	0.02229	0.01597	0.08487	0.01454	0.00813	0.00740	0.00228	0.00843	0.00778	0.00382	0.01035
7	0.02648	0.01461	0.01727	0.01391	0.01887	0.01490	0.01125	0.20662	0.15177	0.33387	0.02616	0.05836	0.01878	0.00974	0.00732	0.00228	0.00637	0.00791	0.04187	0.01164
8	0.00886	0.00633	0.00843	0.01012	0.01054	0.00590	0.00675	0.01012	0.01392	0.01856	0.04006	0.73979	0.04808	0.02277	0.00928	0.00295	0.00422	0.02066	0.00675	0.00590
9	0.01009	0.00742	0.00944	0.00893	0.01074	0.00677	0.00670	0.01333	0.02010	0.02802	0.62132	0.05616	0.14333	0.01528	0.00858	0.00231	0.00346	0.01341	0.00785	0.00677
10	0.02231	0.01373	0.01748	0.01451	0.01839	0.01459	0.03493	0.13288	0.14202	0.24346	0.02488	0.08947	0.01998	0.04934	0.05845	0.00331	0.07429	0.00872	0.00692	0.01034
11	0.01669	0.01574	0.02667	0.10368	0.55757	0.01619	0.02054	0.02085	0.01579	0.02245	0.01429	0.01938	0.01214	0.01227	0.09158	0.00332	0.01002	0.00663	0.00360	0.01060
12	0.01263	0.00631	0.00947	0.00947	0.00947	0.00631	0.00631	0.00947	0.00947	0.01263	0.01263	0.02210	0.01263	0.02525	0.02841	0.78851	0.00631	0.00631	0.00316	0.00316
13	0.01799	0.01727	0.02950	0.04462	0.69919	0.01727	0.02231	0.02231	0.01655	0.02375	0.01367	0.01799	0.01151	0.00648	0.00720	0.00216	0.00864	0.00648	0.00360	0.01151
14	0.02235	0.02134	0.18971	0.01727	0.02373	0.04922	0.07614	0.10875	0.09973	0.22383	0.04521	0.02201	0.01641	0.01041	0.03817	0.00269	0.00886	0.00707	0.00613	0.01098
15	0.01121	0.00802	0.01109	0.01250	0.01403	0.00790	0.01055	0.01432	0.01686	0.02226	0.11690	0.15562	0.04575	0.01977	0.00978	0.00317	0.00602	0.50076	0.00686	0.00662
16	0.01029	0.00743	0.00972	0.00914	0.01086	0.00686	0.00686	0.01372	0.02058	0.02915	0.69536	0.05430	0.06859	0.01486	0.00857	0.00229	0.00343	0.01315	0.00800	0.00686
17	0.02536	0.01790	0.14966	0.01475	0.02087	0.01339	0.01402	0.12093	0.04200	0.37772	0.07595	0.02672	0.02057	0.00951	0.00744	0.00231	0.00712	0.03504	0.00739	0.01136
18	0.05743	0.16792	0.08606	0.01693	0.07424	0.13060	0.01386	0.05734	0.01867	0.24794	0.01863	0.04875	0.01412	0.00828	0.00657	0.00207	0.00822	0.00634	0.00561	0.01042
19	0.01617	0.09354	0.50542	0.02205	0.09120	0.01829	0.04221	0.05547	0.04557	0.02403	0.01384	0.01602	0.01020	0.00700	0.00683	0.00223	0.00999	0.00562	0.00353	0.01078
20	0.08018	0.15524	0.31103	0.05210	0.02691	0.02030	0.04688	0.17616	0.01949	0.02790	0.01340	0.01529	0.00997	0.00719	0.00650	0.00215	0.00918	0.00546	0.00421	0.01048
21	0.05938	0.02380	0.18319	0.02038	0.10433	0.05342	0.01726	0.30273	0.08386	0.03373	0.01625	0.01733	0.01199	0.00787	0.00696	0.00219	0.00858	0.00612	0.00546	0.03518
22	0.03650	0.14174	0.08334	0.01403	0.01954	0.04365	0.01275	0.22483	0.02175	0.05810	0.02402	0.02825	0.09558	0.00988	0.00691	0.00209	0.00734	0.06610	0.00562	0.09798
23	0.01877	0.11403	0.28890	0.02042	0.06226	0.03973	0.09718	0.11479	0.01862	0.06659	0.01677	0.01963	0.03238	0.00799	0.00766	0.00225	0.03571	0.02157	0.00435	0.01042

[dist]
# distance from previous block
# <min> <max>
160	489

[block]
# block no. 2 follows, 28 sequences, length 21
# corresponding to MSA columns:
# 763-783
name=unknown_C
#
# <colnr> <probs for GDERKNQSTAVLIFYWHMCP>
#	G	D	E	R	K	N	Q	S	T	A	V	L	I	F	Y	W	H	M	C	P
0	0.04795	0.05891	0.09109	0.03961	0.17780	0.10171	0.04642	0.14052	0.04178	0.06139	0.04025	0.01831	0.01359	0.00749	0.00683	0.00205	0.00859	0.00617	0.00485	0.08467
1	0.03844	0.04109	0.11701	0.04734	0.24260	0.04351	0.01752	0.19220	0.02120	0.04941	0.05699	0.01928	0.01482	0.00771	0.00699	0.00211	0.00825	0.00644	0.00496	0.06213
2	0.01700	0.03933	0.08246	0.02462	0.22977	0.04148	0.06888	0.09903	0.01898	0.02626	0.14778	0.03996	0.02356	0.03636	0.00912	0.00238	0.03373	0.00805	0.00497	0.04628
3	0.01767	0.06620	0.15003	0.06891	0.23558	0.01615	0.01769	0.04770	0.07920	0.07045	0.01922	0.02106	0.05086	0.00770	0.00688	0.00209	0.00791	0.00657	0.00457	0.10358
4	0.01884	0.03950	0.10314	0.05303	0.23794	0.01608	0.04120	0.09224	0.07479	0.07925	0.01716	0.04183	0.01366	0.00761	0.00695	0.00207	0.00787	0.00668	0.00486	0.13531
5	0.01718	0.01952	0.10652	0.09827	0.37079	0.07865	0.01934	0.04483	0.01761	0.02391	0.09407	0.04250	0.01864	0.00823	0.00733	0.00221	0.00863	0.00737	0.00425	0.01014
6	0.02100	0.05293	0.06662	0.02504	0.25402	0.09451	0.01613	0.12200	0.04684	0.10774	0.05992	0.02358	0.06034	0.00865	0.00719	0.00216	0.00810	0.00723	0.00537	0.01063
7	0.04980	0.10945	0.09554	0.05464	0.34065	0.05084	0.03932	0.05665	0.01700	0.04633	0.01345	0.01660	0.01086	0.00695	0.00731	0.00211	0.03481	0.00588	0.00390	0.03793
8	0.01539	0.09286	0.05160	0.09041	0.15349	0.03434	0.01357	0.05904	0.03944	0.02374	0.10904	0.07107	0.10594	0.01021	0.00717	0.00210	0.00682	0.00870	0.00506	0.09999
9	0.01699	0.01950	0.14112	0.05695	0.36124	0.01616	0.04251	0.09291	0.01836	0.02569	0.05305	0.04681	0.05940	0.00855	0.00743	0.00226	0.00836	0.00775	0.00443	0.01052
10	0.01796	0.12225	0.05810	0.04238	0.13224	0.05908	0.08217	0.06716	0.06183	0.07192	0.06890	0.08840	0.07666	0.01007	0.00734	0.00223	0.00774	0.00878	0.00523	0.00954
11	0.05236	0.04837	0.27858	0.04325	0.02430	0.05298	0.01774	0.06823	0.08896	0.09180	0.06449	0.02252	0.01695	0.00904	0.00840	0.00237	0.06547	0.02913	0.00498	0.01007
12	0.10448	0.02149	0.26248	0.05089	0.08344	0.03669	0.01674	0.02063	0.04004	0.04820	0.07890	0.05395	0.08977	0.01160	0.03356	0.00269	0.00829	0.02229	0.00473	0.00913
13	0.02205	0.29319	0.08570	0.01518	0.02050	0.22930	0.01378	0.04804	0.01823	0.08843	0.04198	0.02039	0.01486	0.00831	0.00630	0.00196	0.00924	0.04878	0.00447	0.00932
14	0.18409	0.12101	0.23316	0.01525	0.02200	0.01866	0.01579	0.14989	0.05223	0.06032	0.01585	0.05332	0.01264	0.00821	0.00633	0.00221	0.00792	0.00613	0.00488	0.01012
15	0.04545	0.40270	0.09748	0.01451	0.02046	0.10479	0.03463	0.02452	0.05851	0.07476	0.04913	0.01670	0.01392	0.00735	0.00582	0.00187	0.00829	0.00531	0.00424	0.00958
16	0.24376	0.27419	0.19633	0.01603	0.06352	0.05726	0.01543	0.02238	0.01463	0.02354	0.01113	0.01310	0.00902	0.00663	0.00544	0.00200	0.00823	0.00448	0.00357	0.00935
17	0.54302	0.01869	0.11640	0.01249	0.01816	0.01750	0.01176	0.13769	0.01669	0.03353	0.01186	0.01334	0.00887	0.00712	0.00535	0.00225	0.00681	0.00461	0.00478	0.00910
18	0.00929	0.00723	0.00775	0.00778	0.00940	0.00644	0.00537	0.01071	0.01508	0.01877	0.10569	0.09187	0.43217	0.22155	0.01657	0.00375	0.00463	0.01407	0.00619	0.00570
19	0.01943	0.74891	0.03809	0.01244	0.01866	0.02876	0.01244	0.02177	0.01477	0.01710	0.01011	0.01166	0.00933	0.00622	0.00466	0.00155	0.00777	0.00389	0.00311	0.00933
20	0.06874	0.01372	0.01340	0.01130	0.01484	0.04662	0.00901	0.26870	0.02253	0.03415	0.01989	0.02180	0.01513	0.00841	0.00595	0.00192	0.00574	0.00641	0.40267	0.00905

[dist]
# distance from previous block
# <min> <max>
1	1

[block]
# block no. 3 follows, 28 sequences, length 29
# corresponding to MSA columns:
# 786-814
name=unknown_D
#
# <colnr> <probs for GDERKNQSTAVLIFYWHMCP>
#	G	D	E	R	K	N	Q	S	T	A	V	L	I	F	Y	W	H	M	C	P
0	0.11604	0.01720	0.01835	0.01515	0.01998	0.01904	0.01257	0.43622	0.07774	0.03897	0.02108	0.02852	0.01760	0.01051	0.00742	0.00241	0.00732	0.11622	0.00685	0.01079
1	0.73548	0.07122	0.01282	0.00978	0.01442	0.01728	0.00823	0.02140	0.01256	0.03141	0.01012	0.01180	0.00799	0.00671	0.00451	0.00220	0.00579	0.00393	0.00439	0.00799
2	0.02759	0.01277	0.01671	0.01445	0.05318	0.01189	0.01102	0.03333	0.12993	0.50465	0.03155	0.02830	0.07111	0.00974	0.00742	0.00230	0.00605	0.00804	0.00828	0.01170
3	0.08693	0.02255	0.02050	0.01649	0.02173	0.16087	0.01331	0.46978	0.05511	0.03856	0.01611	0.01652	0.01179	0.00837	0.00692	0.00214	0.00875	0.00603	0.00635	0.01119
4	0.01057	0.00705	0.00793	0.00793	0.00793	0.00705	0.00440	0.01057	0.01057	0.01409	0.02290	0.04757	0.02643	0.74454	0.03700	0.00705	0.00705	0.01057	0.00440	0.00440
5	0.05678	0.11592	0.05533	0.01315	0.01908	0.01371	0.01167	0.03239	0.01939	0.54994	0.02464	0.02198	0.01598	0.00842	0.00682	0.00216	0.00662	0.00662	0.00771	0.01171
6	0.01765	0.34896	0.37717	0.01668	0.02516	0.02178	0.01968	0.02311	0.01538	0.05569	0.01256	0.01421	0.00972	0.00671	0.00594	0.00197	0.00920	0.00482	0.00339	0.01021
7	0.02807	0.01138	0.01534	0.01210	0.01697	0.00989	0.00986	0.03094	0.02060	0.56843	0.13814	0.03128	0.05266	0.01031	0.00756	0.00226	0.00564	0.00857	0.00875	0.01124
8	0.00886	0.00633	0.00843	0.01012	0.01054	0.00590	0.00675	0.01012	0.01392	0.01856	0.04006	0.73979	0.04808	0.02277	0.00928	0.00295	0.00422	0.02066	0.00675	0.00590
9	0.63004	0.01283	0.01081	0.01005	0.01400	0.01449	0.00818	0.02042	0.01321	0.05852	0.01588	0.08530	0.01466	0.00936	0.00549	0.00240	0.00560	0.05591	0.00507	0.00779
10	0.08446	0.00902	0.01165	0.01279	0.01490	0.00907	0.01103	0.01561	0.01615	0.02273	0.03476	0.09727	0.03751	0.01828	0.00929	0.00313	0.00644	0.53728	0.00638	0.04226
11	0.01095	0.00712	0.00849	0.00916	0.01045	0.00684	0.00680	0.01324	0.01515	0.02174	0.07889	0.20983	0.11721	0.10628	0.01157	0.00309	0.00469	0.13405	0.21827	0.00620
12	0.05293	0.20800	0.10784	0.01480	0.02028	0.13225	0.01352	0.11740	0.09281	0.04715	0.04631	0.01923	0.01502	0.04598	0.00788	0.00224	0.00835	0.00595	0.00485	0.03720
13	0.01576	0.01269	0.01579	0.01523	0.06947	0.03940	0.01122	0.03646	0.01640	0.06946	0.07507	0.07126	0.04954	0.03570	0.01062	0.00243	0.10114	0.12456	0.00543	0.22238
14	0.01745	0.01322	0.01573	0.01335	0.04793	0.01187	0.00998	0.10365	0.07020	0.07788	0.02109	0.07252	0.03920	0.03780	0.00778	0.00194	0.00592	0.02664	0.00558	0.40028
15	0.01804	0.04522	0.05661	0.04094	0.10708	0.01635	0.05996	0.19389	0.06247	0.02919	0.07859	0.05731	0.04696	0.01056	0.00827	0.00234	0.03558	0.06901	0.00569	0.05593
16	0.07520	0.01739	0.02096	0.02237	0.20495	0.04448	0.01432	0.23004	0.07257	0.03185	0.04211	0.01876	0.01433	0.00763	0.00674	0.00199	0.00737	0.00624	0.00542	0.15527
17	0.02186	0.01745	0.02313	0.07619	0.24688	0.01852	0.01634	0.30197	0.05977	0.05554	0.04325	0.01986	0.01473	0.00804	0.00722	0.00216	0.00785	0.00679	0.00573	0.04675
18	0.09944	0.01718	0.02437	0.09265	0.39836	0.04014	0.01816	0.12842	0.01920	0.04949	0.03468	0.01853	0.01297	0.00730	0.00696	0.00219	0.00823	0.00639	0.00457	0.01077
19	0.01794	0.01784	0.06335	0.05905	0.48182	0.01703	0.04986	0.08178	0.04014	0.02570	0.03453	0.04778	0.01477	0.00770	0.00738	0.00224	0.00847	0.00732	0.00427	0.01101
20	0.01874	0.01559	0.02232	0.14702	0.25249	0.01660	0.01658	0.17425	0.02030	0.04993	0.05368	0.04218	0.03847	0.00875	0.00805	0.00223	0.04065	0.00743	0.00503	0.05971
21	0.02079	0.05570	0.02061	0.06115	0.11033	0.04475	0.01344	0.23437	0.11187	0.06164	0.03822	0.02290	0.06008	0.00871	0.00700	0.00207	0.00727	0.00705	0.00590	0.10615
22	0.01877	0.01736	0.04415	0.02147	0.17497	0.09385	0.03068	0.12681	0.01918	0.05614	0.02111	0.06923	0.05241	0.03205	0.04074	0.00274	0.02901	0.04093	0.00507	0.10332
23	0.05259	0.01917	0.05463	0.02041	0.15640	0.12936	0.01390	0.14678	0.06136	0.05794	0.04691	0.04186	0.05946	0.04809	0.00866	0.00239	0.00802	0.00744	0.00535	0.05928
24	0.12951	0.01823	0.02156	0.02049	0.13099	0.06225	0.06472	0.27370	0.04437	0.03328	0.03809	0.04216	0.01453	0.00826	0.00690	0.00214	0.00789	0.00679	0.00558	0.06855
25	0.05268	0.07863	0.07965	0.01873	0.11147	0.07476	0.01417	0.19445	0.07164	0.04605	0.04424	0.07460	0.01701	0.00899	0.00688	0.00210	0.00769	0.00725	0.00543	0.08356
26	0.02159	0.01710	0.01846	0.01725	0.08945	0.08008	0.01235	0.27387	0.05800	0.08448	0.05522	0.07487	0.08206	0.01035	0.00738	0.00217	0.00719	0.00844	0.00641	0.07327
27	0.05478	0.07262	0.02082	0.01848	0.11599	0.01743	0.03152	0.23659	0.09154	0.03164	0.09415	0.02553	0.03728	0.01165	0.04479	0.00266	0.00766	0.02512	0.00591	0.05382
28	0.04882	0.01711	0.07071	0.01983	0.14215	0.01591	0.03211	0.20125	0.05086	0.02931	0.02110	0.05511	0.06569	0.03681	0.00872	0.00230	0.03149	0.00756	0.00530	0.13784

[dist]
# distance from previous block
# <min> <max>
1	52

[block]
# block no. 4 follows, 28 sequences, length 14
# corresponding to MSA columns:
# 1021-1034
name=unknown_E
#
# <colnr> <probs for GDERKNQSTAVLIFYWHMCP>
#	G	D	E	R	K	N	Q	S	T	A	V	L	I	F	Y	W	H	M	C	P
0	0.01972	0.04373	0.09754	0.02069	0.13249	0.15938	0.04370	0.14003	0.02041	0.02617	0.05279	0.02195	0.06687	0.00832	0.00696	0.00200	0.00871	0.00674	0.00479	0.11701
1	0.05892	0.01770	0.07109	0.03663	0.10317	0.07544	0.01361	0.12717	0.10871	0.08890	0.07310	0.06124	0.01989	0.01180	0.04638	0.00272	0.00808	0.00765	0.00576	0.06203
2	0.08772	0.04958	0.08384	0.05162	0.05581	0.01725	0.01339	0.29351	0.02355	0.03369	0.08880	0.02339	0.05017	0.00901	0.00687	0.00213	0.00710	0.00710	0.04932	0.04617
3	0.01639	0.01815	0.11350	0.04281	0.07093	0.09022	0.01318	0.09666	0.04725	0.02389	0.02284	0.09064	0.07027	0.06832	0.04860	0.00301	0.00832	0.00831	0.03155	0.11516
4	0.09497	0.04321	0.09450	0.03430	0.08799	0.01649	0.03740	0.20058	0.06536	0.02932	0.01892	0.10011	0.01698	0.06985	0.00947	0.00263	0.00750	0.00801	0.00534	0.05705
5	0.08036	0.13667	0.04343	0.01485	0.05439	0.08862	0.01173	0.05494	0.06607	0.05276	0.02177	0.12491	0.04485	0.01066	0.00734	0.00216	0.03061	0.04354	0.00511	0.10524
6	0.04747	0.07272	0.07696	0.01644	0.08471	0.05742	0.01272	0.10684	0.10923	0.05700	0.09576	0.07393	0.02209	0.00953	0.00689	0.00210	0.00682	0.00783	0.04912	0.08439
7	0.04411	0.13664	0.05095	0.01594	0.05564	0.06353	0.04852	0.11262	0.07376	0.02508	0.04407	0.13250	0.02131	0.03895	0.00824	0.00238	0.00737	0.03922	0.00524	0.07393
8	0.05802	0.11443	0.16142	0.04795	0.08821	0.06122	0.12761	0.09447	0.09572	0.05843	0.01589	0.01772	0.01196	0.00733	0.00692	0.00220	0.00919	0.00630	0.00457	0.01043
9	0.05142	0.04889	0.05256	0.05690	0.12294	0.01396	0.01271	0.07131	0.06603	0.07886	0.05549	0.02334	0.04254	0.04865	0.00826	0.00218	0.00671	0.00672	0.00515	0.22537
10	0.01571	0.01156	0.01424	0.01293	0.05238	0.01024	0.00936	0.05210	0.05394	0.07610	0.05685	0.13753	0.02349	0.04451	0.00829	0.00213	0.00555	0.04039	0.03970	0.33299
11	0.02112	0.11245	0.13706	0.01638	0.04635	0.09522	0.01466	0.16218	0.05347	0.07895	0.01542	0.01642	0.01165	0.00722	0.00639	0.00186	0.00819	0.00545	0.00500	0.18455
12	0.01153	0.00848	0.01252	0.01353	0.04867	0.00786	0.04523	0.01361	0.01490	0.05152	0.03510	0.52210	0.04003	0.01913	0.00890	0.00279	0.00530	0.08198	0.00638	0.05044
13	0.00886	0.00633	0.00843	0.01012	0.01054	0.00590	0.00675	0.01012	0.01392	0.01856	0.04006	0.73979	0.04808	0.02277	0.00928	0.00295	0.00422	0.02066	0.00675	0.00590

[dist]
# distance from previous block
# <min> <max>
6	16

[block]
# block no. 5 follows, 28 sequences, length 7
# corresponding to MSA columns:
# 1053-1059
name=unknown_F
#
# <colnr> <probs for GDERKNQSTAVLIFYWHMCP>
#	G	D	E	R	K	N	Q	S	T	A	V	L	I	F	Y	W	H	M	C	P
0	0.01930	0.40192	0.09411	0.01416	0.01961	0.11173	0.01335	0.09143	0.01754	0.02106	0.01570	0.11918	0.01531	0.00914	0.00608	0.00194	0.00825	0.00687	0.00417	0.00918
1	0.01012	0.01394	0.16604	0.01108	0.01479	0.00856	0.01059	0.01322	0.01533	0.01984	0.04914	0.21648	0.34942	0.05624	0.00991	0.00279	0.00559	0.01410	0.00579	0.00703
2	0.02284	0.10218	0.01813	0.01238	0.01705	0.01447	0.01030	0.18030	0.02263	0.25793	0.13381	0.03260	0.12251	0.01088	0.00736	0.00218	0.00602	0.00879	0.00739	0.01023
3	0.02143	0.01765	0.08383	0.01515	0.02002	0.01685	0.01308	0.33913	0.08916	0.08802	0.02291	0.13630	0.01969	0.01463	0.06451	0.00311	0.00821	0.00903	0.00666	0.01061
4	0.08229	0.01892	0.14594	0.01505	0.02055	0.01615	0.01385	0.09293	0.29568	0.12821	0.02439	0.07550	0.01897	0.00978	0.00719	0.00239	0.00685	0.00797	0.00652	0.01086
5	0.00886	0.00633	0.00843	0.01012	0.01054	0.00590	0.00675	0.01012	0.01392	0.01856	0.04006	0.73979	0.04808	0.02277	0.00928	0.00295	0.00422	0.02066	0.00675	0.00590
6	0.01665	0.01287	0.01523	0.01096	0.01735	0.00978	0.00880	0.01985	0.01559	0.08498	0.01434	0.01594	0.01142	0.00571	0.00556	0.00118	0.00546	0.00458	0.00473	0.71903

[dist]
# distance from previous block
# <min> <max>
0	2

[block]
# block no. 6 follows, 28 sequences, length 15
# corresponding to MSA columns:
# 1062-1076
name=unknown_G
#
# <colnr> <probs for GDERKNQSTAVLIFYWHMCP>
#	G	D	E	R	K	N	Q	S	T	A	V	L	I	F	Y	W	H	M	C	P
0	0.01579	0.02440	0.32304	0.01791	0.02511	0.01546	0.07592	0.02594	0.18494	0.04764	0.08688	0.02480	0.01989	0.00874	0.00736	0.00231	0.00832	0.02581	0.00507	0.05466
1	0.01255	0.01038	0.01108	0.00971	0.01330	0.00948	0.00751	0.08087	0.07694	0.02391	0.05141	0.08027	0.41286	0.01447	0.00779	0.00219	0.00464	0.01202	0.00641	0.15223
2	0.02187	0.04630	0.01873	0.01471	0.01933	0.07286	0.01186	0.34305	0.16404	0.03524	0.08456	0.02739	0.08744	0.01028	0.00739	0.00223	0.00709	0.00810	0.00687	0.01065
3	0.01622	0.01406	0.01515	0.01152	0.01722	0.05556	0.00910	0.02068	0.06718	0.04464	0.06969	0.01932	0.01643	0.00673	0.00593	0.00137	0.00577	0.00543	0.00494	0.59302
4	0.02140	0.02757	0.08910	0.07573	0.02427	0.40134	0.01585	0.02416	0.01707	0.01825	0.01178	0.01547	0.01002	0.01172	0.05926	0.00290	0.15672	0.00545	0.00353	0.00840
5	0.01038	0.00779	0.01168	0.01168	0.01298	0.00909	0.00909	0.01298	0.01168	0.01687	0.01947	0.02856	0.01817	0.05452	0.71573	0.01168	0.01947	0.00779	0.00389	0.00649
6	0.01588	0.01704	0.08092	0.33591	0.36634	0.01676	0.02176	0.02076	0.01559	0.02147	0.01330	0.01837	0.01054	0.00685	0.00720	0.00228	0.00926	0.00638	0.00340	0.00997
7	0.01507	0.01292	0.01507	0.01077	0.01723	0.00969	0.00861	0.01830	0.01507	0.02369	0.01292	0.01507	0.01077	0.00538	0.00538	0.00108	0.00538	0.00431	0.00431	0.78898
8	0.01248	0.00837	0.01170	0.06564	0.01554	0.00863	0.00947	0.01448	0.01485	0.08755	0.03454	0.47341	0.03864	0.01916	0.01004	0.00291	0.05555	0.10361	0.00645	0.00697
9	0.09622	0.01248	0.01384	0.01030	0.01615	0.01003	0.00823	0.01784	0.01494	0.02422	0.01870	0.02022	0.07907	0.00683	0.00561	0.00134	0.00524	0.00537	0.00457	0.62880
10	0.01505	0.01407	0.01687	0.01459	0.01731	0.08593	0.06259	0.06201	0.01569	0.02100	0.02233	0.19236	0.04322	0.05218	0.09569	0.00370	0.12077	0.01010	0.00484	0.12968
11	0.01762	0.01786	0.01502	0.01331	0.01697	0.22132	0.01016	0.02237	0.10341	0.03771	0.08213	0.06749	0.08523	0.01473	0.07914	0.00294	0.00880	0.00810	0.00530	0.17038
12	0.01990	0.01988	0.02263	0.08304	0.09627	0.17120	0.10419	0.14095	0.06559	0.02576	0.02057	0.06222	0.06117	0.00903	0.00736	0.00217	0.00908	0.00776	0.00498	0.06626
13	0.01689	0.04928	0.06675	0.01523	0.07212	0.01298	0.01162	0.02277	0.12723	0.10808	0.02193	0.10932	0.01963	0.08021	0.03327	0.00286	0.03229	0.00832	0.00546	0.18376
14	0.01301	0.07476	0.01410	0.03522	0.01460	0.01158	0.00901	0.06626	0.06470	0.02509	0.26236	0.12545	0.12648	0.04678	0.01002	0.00264	0.03323	0.05054	0.00658	0.00758

[dist]
# distance from previous block
# <min> <max>
0	20

[block]
# block no. 7 follows, 28 sequences, length 26
# corresponding to MSA columns:
# 1097-1122
name=unknown_H
#
# <colnr> <probs for GDERKNQSTAVLIFYWHMCP>
#	G	D	E	R	K	N	Q	S	T	A	V	L	I	F	Y	W	H	M	C	P
0	0.13553	0.01479	0.02129	0.34932	0.13282	0.03841	0.05129	0.05339	0.01574	0.02318	0.01385	0.01990	0.01124	0.02433	0.02701	0.00266	0.00909	0.02102	0.00388	0.03125
1	0.01600	0.01559	0.05494	0.10001	0.13385	0.05901	0.05518	0.02105	0.07023	0.04686	0.02270	0.03426	0.04602	0.04509	0.02750	0.00289	0.04592	0.12891	0.00484	0.06916
2	0.01198	0.04893	0.04987	0.01618	0.09185	0.01053	0.07531	0.01456	0.01483	0.01955	0.03443	0.25258	0.13489	0.12069	0.01257	0.00326	0.00655	0.06884	0.00538	0.00722
3	0.02312	0.04980	0.15654	0.01674	0.02287	0.11081	0.01549	0.21656	0.17334	0.11187	0.01957	0.01930	0.01412	0.00840	0.00704	0.00221	0.00849	0.00644	0.00606	0.01122
4	0.01577	0.25285	0.46715	0.01765	0.02648	0.01994	0.02143	0.02198	0.01510	0.02099	0.01353	0.05139	0.01124	0.00751	0.00634	0.00211	0.00950	0.00570	0.00327	0.01006
5	0.02097	0.17406	0.28295	0.01639	0.02390	0.01879	0.01762	0.11977	0.05422	0.15561	0.01712	0.01769	0.01231	0.00893	0.02663	0.00239	0.00885	0.00583	0.00507	0.01092
6	0.01601	0.14334	0.40904	0.02266	0.12189	0.01893	0.04572	0.02275	0.03668	0.02213	0.01376	0.01747	0.01091	0.00744	0.00758	0.00225	0.04496	0.02269	0.00341	0.01038
7	0.02608	0.01162	0.01535	0.01254	0.01678	0.01081	0.01000	0.04987	0.04498	0.47698	0.07124	0.10618	0.02466	0.04980	0.00978	0.00262	0.03260	0.00930	0.00811	0.01069
8	0.00923	0.00660	0.00884	0.01041	0.01103	0.00621	0.00727	0.01082	0.01456	0.01945	0.07442	0.63533	0.04851	0.02208	0.00932	0.00296	0.00443	0.08570	0.00681	0.00604
9	0.05396	0.05639	0.01991	0.01508	0.01985	0.07221	0.03330	0.31276	0.10069	0.10600	0.06080	0.02306	0.01798	0.06410	0.00934	0.00255	0.00763	0.00720	0.00658	0.01061
10	0.02282	0.12128	0.06727	0.01826	0.04430	0.07230	0.10841	0.10819	0.04620	0.19378	0.01889	0.05386	0.01460	0.00884	0.00847	0.00226	0.06706	0.00718	0.00560	0.01043
11	0.19004	0.01071	0.01098	0.00970	0.01315	0.01067	0.00766	0.08288	0.01854	0.09924	0.15747	0.04412	0.29177	0.01320	0.00740	0.00233	0.00477	0.01067	0.00675	0.00794
12	0.00998	0.00775	0.00917	0.00985	0.01184	0.00710	0.00797	0.01233	0.01627	0.02016	0.05621	0.07348	0.38866	0.06366	0.01092	0.00310	0.00511	0.27358	0.00658	0.00626
13	0.02018	0.01772	0.01839	0.01565	0.01948	0.12362	0.03775	0.24890	0.10573	0.02901	0.01859	0.02180	0.01503	0.02391	0.24437	0.00536	0.01251	0.00696	0.00548	0.00959
14	0.02522	0.01775	0.01904	0.01517	0.02021	0.04632	0.01231	0.40453	0.10990	0.13617	0.09637	0.02365	0.02057	0.00954	0.00741	0.00223	0.00715	0.00753	0.00748	0.01148
15	0.01799	0.01727	0.02950	0.04462	0.69919	0.01727	0.02231	0.02231	0.01655	0.02375	0.01367	0.01799	0.01151	0.00648	0.00720	0.00216	0.00864	0.00648	0.00360	0.01151
16	0.02479	0.02730	0.01902	0.01698	0.02091	0.45948	0.01294	0.06214	0.15721	0.06445	0.05146	0.01901	0.01570	0.00851	0.00691	0.00205	0.01043	0.00609	0.00520	0.00941
17	0.01710	0.01747	0.03198	0.02410	0.02984	0.05839	0.42815	0.02264	0.04427	0.05597	0.02404	0.03238	0.07538	0.00941	0.00854	0.00252	0.01027	0.09359	0.00476	0.00918
18	0.01373	0.01292	0.02180	0.72707	0.05006	0.01615	0.02019	0.01857	0.01453	0.01857	0.01292	0.01938	0.00969	0.00727	0.00727	0.00242	0.00969	0.00646	0.00323	0.00807
19	0.01925	0.01808	0.01697	0.01530	0.01936	0.10823	0.01183	0.03738	0.60002	0.02878	0.02721	0.02531	0.02053	0.00956	0.00729	0.00239	0.00670	0.00776	0.00692	0.01111
20	0.01678	0.01599	0.02664	0.03980	0.61006	0.01583	0.02014	0.02077	0.01655	0.02322	0.02143	0.02471	0.10005	0.00802	0.00738	0.00220	0.00800	0.00762	0.00401	0.01082
21	0.01092	0.00899	0.01365	0.01165	0.01421	0.00824	0.09276	0.01446	0.01953	0.02695	0.51293	0.05219	0.15647	0.01427	0.00858	0.00233	0.00461	0.01289	0.00725	0.00713
22	0.01022	0.00748	0.01063	0.01085	0.01182	0.00833	0.00800	0.01221	0.01179	0.01663	0.02271	0.12370	0.02342	0.16587	0.51082	0.00978	0.01542	0.00992	0.00435	0.00607
23	0.02612	0.01978	0.02187	0.01703	0.02210	0.02251	0.01409	0.58995	0.03120	0.04215	0.01643	0.01725	0.01200	0.00924	0.00942	0.00231	0.10151	0.00652	0.00674	0.01179
24	0.69409	0.01319	0.01025	0.00928	0.01351	0.01499	0.00757	0.01995	0.01291	0.03094	0.01833	0.01933	0.09687	0.00826	0.00503	0.00228	0.00537	0.00541	0.00479	0.00765
25	0.02124	0.02306	0.01637	0.01520	0.01821	0.40176	0.01143	0.02404	0.04130	0.06476	0.13943	0.11829	0.02715	0.01144	0.00748	0.00219	0.00930	0.03378	0.00546	0.00811

[dist]
# distance from previous block
# <min> <max>
8	15

[block]
# block no. 8 follows, 28 sequences, length 7
# corresponding to MSA columns:
# 1139-1145
name=unknown_I
#
# <colnr> <probs for GDERKNQSTAVLIFYWHMCP>
#	G	D	E	R	K	N	Q	S	T	A	V	L	I	F	Y	W	H	M	C	P
0	0.01347	0.00976	0.01191	0.01209	0.01390	0.00998	0.00908	0.15862	0.01885	0.02510	0.03480	0.47834	0.03918	0.01924	0.00895	0.00284	0.00544	0.11413	0.00686	0.00746
1	0.01076	0.00811	0.01150	0.01131	0.01224	0.00943	0.00847	0.01273	0.01141	0.01630	0.01962	0.03195	0.01946	0.20265	0.52592	0.01016	0.05959	0.00831	0.00396	0.00612
2	0.01576	0.18204	0.26452	0.01554	0.02237	0.01678	0.01686	0.05396	0.01646	0.02272	0.01826	0.02942	0.01689	0.00954	0.00690	0.00218	0.00823	0.14825	0.00429	0.12903
3	0.01097	0.00824	0.01060	0.01066	0.01280	0.00777	0.00829	0.01345	0.01461	0.02027	0.03460	0.20459	0.12069	0.02518	0.16548	0.00454	0.00817	0.14118	0.05147	0.12643
4	0.01289	0.00684	0.00703	0.00703	0.00835	0.00684	0.00493	0.01552	0.01421	0.02421	0.02353	0.03165	0.02036	0.17204	0.01217	0.00288	0.00420	0.00762	0.61145	0.00625
5	0.01609	0.00962	0.01153	0.01063	0.01374	0.00909	0.00850	0.02097	0.10036	0.17507	0.12947	0.05196	0.24199	0.01448	0.00817	0.00248	0.00491	0.10932	0.05322	0.00840
6	0.01783	0.01674	0.02524	0.33324	0.18595	0.04910	0.07341	0.12091	0.01828	0.02419	0.01365	0.01830	0.01059	0.00757	0.00835	0.00235	0.05410	0.00657	0.00399	0.00965

[dist]
# distance from previous block
# <min> <max>
1	48

[block]
# block no. 9 follows, 28 sequences, length 63
# corresponding to MSA columns:
# 1194-1256
name=unknown_J
#
# <colnr> <probs for GDERKNQSTAVLIFYWHMCP>
#	G	D	E	R	K	N	Q	S	T	A	V	L	I	F	Y	W	H	M	C	P
0	0.00982	0.05318	0.01111	0.05407	0.01347	0.00796	0.00792	0.01137	0.01401	0.01847	0.03653	0.65024	0.04331	0.02079	0.00887	0.00283	0.00477	0.01875	0.00631	0.00625
1	0.06379	0.01598	0.03108	0.02436	0.06976	0.01515	0.41967	0.01990	0.01647	0.02284	0.02729	0.03027	0.15919	0.01086	0.03769	0.00281	0.01007	0.00959	0.00440	0.00886
2	0.06484	0.09433	0.40774	0.02372	0.15095	0.01813	0.05101	0.02364	0.05638	0.02368	0.01380	0.01618	0.01043	0.00690	0.00671	0.00222	0.00953	0.00567	0.00355	0.01058
3	0.02301	0.02792	0.02025	0.06258	0.02281	0.49376	0.01434	0.02498	0.01797	0.01783	0.01277	0.05844	0.01178	0.00943	0.01012	0.00223	0.15173	0.00610	0.00379	0.00816
4	0.00889	0.00743	0.00778	0.00784	0.01020	0.00632	0.00598	0.01092	0.01683	0.02036	0.11038	0.06971	0.61700	0.01829	0.00868	0.00250	0.00385	0.05399	0.00682	0.00622
5	0.06835	0.59033	0.09865	0.01308	0.01958	0.02575	0.01342	0.02269	0.01504	0.06061	0.01152	0.01282	0.00976	0.00649	0.00503	0.00171	0.00782	0.00424	0.00355	0.00956
6	0.05493	0.01375	0.05630	0.01329	0.01876	0.01157	0.01146	0.03277	0.06017	0.55004	0.02652	0.02418	0.01741	0.01221	0.05945	0.00296	0.00738	0.00717	0.00803	0.01164
7	0.00899	0.00650	0.00851	0.00986	0.01053	0.00602	0.00669	0.01051	0.01476	0.01972	0.11030	0.62949	0.08783	0.02170	0.00916	0.00285	0.00410	0.01957	0.00688	0.00602
8	0.13251	0.03405	0.60179	0.01903	0.02883	0.01679	0.02399	0.02277	0.01490	0.02447	0.01260	0.01481	0.00901	0.00688	0.00654	0.00229	0.00997	0.00515	0.00329	0.01031
9	0.01267	0.00908	0.01399	0.01253	0.01462	0.00945	0.06977	0.01516	0.01339	0.07205	0.04688	0.03444	0.07055	0.15518	0.40726	0.00833	0.01402	0.00901	0.00471	0.00691
10	0.01808	0.01561	0.01644	0.01479	0.01890	0.01808	0.01151	0.03863	0.68606	0.03041	0.02959	0.02712	0.02219	0.00986	0.00740	0.00247	0.00575	0.00822	0.00740	0.01151
11	0.79588	0.01406	0.01068	0.00956	0.01406	0.01631	0.00787	0.02137	0.01237	0.03261	0.01012	0.01181	0.00787	0.00675	0.00450	0.00225	0.00562	0.00394	0.00450	0.00787
12	0.79588	0.01406	0.01068	0.00956	0.01406	0.01631	0.00787	0.02137	0.01237	0.03261	0.01012	0.01181	0.00787	0.00675	0.00450	0.00225	0.00562	0.00394	0.00450	0.00787
13	0.01007	0.00742	0.00941	0.00891	0.01072	0.00676	0.00668	0.01329	0.02005	0.02791	0.61423	0.05634	0.15049	0.01532	0.00858	0.00231	0.00346	0.01343	0.00784	0.00676
14	0.01507	0.01292	0.01507	0.01077	0.01723	0.00969	0.00861	0.01830	0.01507	0.02369	0.01292	0.01507	0.01077	0.00538	0.00538	0.00108	0.00538	0.00431	0.00431	0.78898
15	0.01049	0.00738	0.00961	0.00961	0.01019	0.00796	0.00650	0.01165	0.01107	0.01534	0.02137	0.03905	0.02273	0.43543	0.34105	0.00912	0.01261	0.00932	0.00418	0.00534
16	0.01821	0.36459	0.15244	0.01569	0.02188	0.06710	0.05605	0.07085	0.01642	0.02074	0.01293	0.01584	0.01095	0.01372	0.11035	0.00330	0.01067	0.00528	0.00361	0.00937
17	0.00906	0.00698	0.00828	0.00881	0.01032	0.00620	0.00628	0.01102	0.01640	0.02126	0.19434	0.32575	0.31050	0.01933	0.00885	0.00261	0.00383	0.01693	0.00702	0.00620
18	0.00882	0.00647	0.00828	0.00973	0.01044	0.00594	0.00657	0.01017	0.01429	0.01871	0.04483	0.64478	0.14002	0.02215	0.00918	0.00288	0.00414	0.01991	0.00675	0.00594
19	0.01690	0.01615	0.02753	0.21986	0.53251	0.01698	0.02176	0.02135	0.01603	0.02242	0.01348	0.01835	0.01105	0.00668	0.00721	0.00223	0.00891	0.00647	0.00350	0.01063
20	0.01507	0.01292	0.01507	0.01077	0.01723	0.00969	0.00861	0.01830	0.01507	0.02369	0.01292	0.01507	0.01077	0.00538	0.00538	0.00108	0.00538	0.00431	0.00431	0.78898
21	0.00992	0.00731	0.00928	0.00902	0.01069	0.00667	0.00668	0.01292	0.01937	0.02683	0.54785	0.12772	0.14643	0.01614	0.00865	0.00238	0.00354	0.01421	0.00771	0.00667
22	0.00899	0.00643	0.00855	0.01003	0.01057	0.00599	0.00676	0.01045	0.01453	0.01953	0.10039	0.67668	0.04997	0.02204	0.00921	0.00289	0.00414	0.01997	0.00686	0.00599
23	0.01543	0.14934	0.57966	0.01973	0.02965	0.01881	0.04560	0.02283	0.01531	0.02209	0.01263	0.01490	0.00929	0.00677	0.00661	0.00219	0.01032	0.00524	0.00310	0.01049
24	0.04891	0.01379	0.02261	0.55850	0.15588	0.01654	0.01986	0.01928	0.01467	0.02002	0.01281	0.01870	0.00991	0.00729	0.00767	0.00240	0.03281	0.00635	0.00335	0.00864
25	0.02953	0.01156	0.01567	0.01244	0.01740	0.01006	0.01009	0.03220	0.01991	0.61116	0.02971	0.09933	0.02115	0.01042	0.00744	0.00230	0.00589	0.00868	0.03353	0.01152
26	0.02042	0.01973	0.01854	0.01788	0.07000	0.15374	0.01294	0.07469	0.46732	0.02841	0.02410	0.02313	0.01831	0.00908	0.00721	0.00231	0.00753	0.00730	0.00640	0.01096
27	0.01843	0.01323	0.01571	0.01141	0.01771	0.01052	0.00921	0.05576	0.01697	0.12919	0.01558	0.01668	0.01196	0.00611	0.00578	0.00132	0.00564	0.00489	0.00518	0.62872
28	0.01799	0.23958	0.19320	0.02036	0.02739	0.04380	0.20021	0.05218	0.05537	0.02230	0.01354	0.01618	0.01067	0.00708	0.00770	0.00216	0.05056	0.00608	0.00371	0.00995
29	0.01716	0.01961	0.04289	0.03064	0.03799	0.01838	0.67279	0.02328	0.01716	0.02328	0.01471	0.01961	0.01103	0.00613	0.00858	0.00245	0.01225	0.00858	0.00368	0.00980
30	0.00886	0.00633	0.00843	0.01012	0.01054	0.00590	0.00675	0.01012	0.01392	0.01856	0.04006	0.73979	0.04808	0.02277	0.00928	0.00295	0.00422	0.02066	0.00675	0.00590
31	0.01050	0.00789	0.01134	0.01095	0.01185	0.00790	0.05526	0.01181	0.01227	0.01663	0.02690	0.25261	0.03039	0.34621	0.14878	0.00630	0.00881	0.01299	0.00497	0.00563
32	0.01434	0.01258	0.01444	0.01351	0.01578	0.07533	0.03915	0.03787	0.10780	0.02422	0.20512	0.07037	0.03805	0.08219	0.01211	0.00306	0.04857	0.17150	0.00634	0.00768
33	0.00941	0.00670	0.00845	0.00963	0.01018	0.00634	0.00644	0.01056	0.01353	0.01783	0.03854	0.49119	0.09058	0.18612	0.01557	0.00387	0.00498	0.05824	0.00621	0.00563
34	0.01458	0.03760	0.70688	0.02072	0.03146	0.01688	0.02686	0.02302	0.01535	0.02302	0.01304	0.01535	0.00921	0.00691	0.00691	0.00230	0.01074	0.00537	0.00307	0.01074
35	0.01602	0.15218	0.08732	0.01747	0.01969	0.02199	0.01577	0.01845	0.01223	0.01788	0.01070	0.01600	0.01011	0.01407	0.06980	0.00343	0.47938	0.00592	0.00321	0.00835
36	0.01208	0.01231	0.07810	0.01362	0.01528	0.01253	0.01154	0.01456	0.01171	0.01713	0.01714	0.02753	0.01670	0.15398	0.37802	0.00808	0.18138	0.00769	0.00374	0.00688
37	0.02715	0.03464	0.02060	0.01873	0.02247	0.71536	0.01404	0.02903	0.02060	0.01779	0.01124	0.01311	0.00936	0.00749	0.00655	0.00187	0.01311	0.00468	0.00375	0.00843
38	0.01577	0.01290	0.01514	0.01085	0.01728	0.00973	0.00870	0.01898	0.01530	0.05058	0.01354	0.01546	0.01105	0.00553	0.00546	0.00112	0.00541	0.00443	0.00449	0.75829
39	0.01070	0.00826	0.01230	0.01211	0.01333	0.00985	0.00948	0.01324	0.01165	0.01691	0.01889	0.02782	0.01767	0.05209	0.67558	0.01119	0.06078	0.00771	0.00385	0.00657
40	0.00894	0.00641	0.00836	0.00987	0.01036	0.00598	0.00656	0.01016	0.01384	0.01834	0.04054	0.67016	0.07533	0.06447	0.01086	0.00317	0.00436	0.01984	0.00661	0.00583
41	0.01007	0.00785	0.00934	0.00977	0.01179	0.00725	0.00774	0.01317	0.03944	0.02209	0.16406	0.11863	0.34087	0.01831	0.00900	0.00271	0.00458	0.18979	0.00697	0.00657
42	0.01534	0.14874	0.60238	0.01942	0.02946	0.01874	0.02460	0.02282	0.01526	0.02210	0.01259	0.01477	0.00923	0.00680	0.00656	0.00219	0.01028	0.00514	0.00308	0.01052
43	0.01893	0.67447	0.10808	0.01330	0.02000	0.02752	0.01395	0.02190	0.01483	0.01772	0.01041	0.01205	0.00932	0.00629	0.00490	0.00163	0.00808	0.00404	0.00311	0.00948
44	0.02138	0.01726	0.01830	0.01546	0.02016	0.01962	0.01230	0.25862	0.46069	0.03573	0.02539	0.02378	0.01879	0.00947	0.00735	0.00237	0.00653	0.00764	0.00735	0.01180
45	0.06852	0.67855	0.05868	0.01253	0.01879	0.02758	0.01263	0.02178	0.01464	0.01828	0.01020	0.01179	0.00923	0.00628	0.00473	0.00162	0.00774	0.00394	0.00320	0.00928
46	0.01742	0.04813	0.08310	0.03197	0.03490	0.05769	0.01246	0.10327	0.03895	0.08546	0.23131	0.03342	0.05033	0.01133	0.00909	0.00233	0.07324	0.03404	0.03261	0.00896
47	0.00892	0.00635	0.00841	0.01003	0.01044	0.00595	0.00666	0.01014	0.01378	0.01838	0.03939	0.71244	0.04722	0.05129	0.01037	0.00311	0.00433	0.02027	0.00666	0.00584
48	0.01263	0.00631	0.00947	0.00947	0.00947	0.00631	0.00631	0.00947	0.00947	0.01263	0.01263	0.02210	0.01263	0.02525	0.02841	0.78851	0.00631	0.00631	0.00316	0.00316
49	0.04134	0.02179	0.16760	0.02884	0.14186	0.01713	0.37830	0.02262	0.01643	0.02384	0.01462	0.01872	0.01112	0.00650	0.00768	0.00232	0.01062	0.00735	0.05130	0.01002
50	0.01255	0.01053	0.01635	0.03826	0.05684	0.01045	0.10733	0.01538	0.03595	0.01858	0.04086	0.07641	0.02270	0.31735	0.12694	0.00564	0.00944	0.00961	0.00447	0.06435
51	0.01541	0.01509	0.02094	0.01806	0.01806	0.02086	0.01484	0.01686	0.01108	0.01718	0.01077	0.01882	0.01110	0.08010	0.02506	0.00354	0.66456	0.00675	0.00329	0.00763
52	0.01281	0.00692	0.00744	0.00731	0.00901	0.00679	0.00548	0.01621	0.01645	0.02757	0.17618	0.03327	0.02997	0.00992	0.00587	0.00183	0.00340	0.00822	0.60853	0.00679
