[name]
unknown

[dist]
# distance from previous block
# <min> <max>
0	66

[block]
# block no. 0 follows, 34 sequences, length 38
# corresponding to MSA columns:
# 67-104
name=unknown_A
#
# <colnr> <probs for GDERKNQSTAVLIFYWHMCP>
#	G	D	E	R	K	N	Q	S	T	A	V	L	I	F	Y	W	H	M	C	P
0	0.01003	0.00727	0.00988	0.01104	0.01259	0.00712	0.00948	0.01289	0.01519	0.01980	0.10423	0.06951	0.10422	0.01726	0.00868	0.00281	0.00542	0.56060	0.00607	0.00592
1	0.02796	0.01075	0.01458	0.01126	0.01600	0.00933	0.00920	0.03032	0.01801	0.69887	0.02522	0.02306	0.01639	0.04834	0.00789	0.00222	0.00554	0.00665	0.00778	0.01062
2	0.81856	0.01250	0.00950	0.00850	0.01250	0.01449	0.00700	0.01899	0.01100	0.02899	0.00900	0.01050	0.00700	0.00600	0.00400	0.00200	0.00500	0.00350	0.00400	0.00700
3	0.00787	0.00562	0.00750	0.00900	0.00937	0.00525	0.00600	0.00900	0.01237	0.01649	0.03561	0.76871	0.04274	0.02024	0.00825	0.00262	0.00375	0.01837	0.00600	0.00525
4	0.02448	0.01828	0.01844	0.01453	0.01939	0.09331	0.01183	0.51484	0.07341	0.12022	0.01685	0.01646	0.01189	0.00774	0.00641	0.00193	0.00725	0.00583	0.00633	0.01058
5	0.02767	0.01203	0.01551	0.01201	0.01694	0.01118	0.00988	0.11442	0.06216	0.60961	0.02432	0.02133	0.01561	0.00801	0.00650	0.00200	0.00567	0.00646	0.00772	0.01095
6	0.02899	0.01100	0.01499	0.01150	0.01649	0.00950	0.00950	0.03149	0.01849	0.73709	0.02549	0.02199	0.01599	0.00800	0.00650	0.00200	0.00550	0.00650	0.00800	0.01100
7	0.02220	0.02530	0.01784	0.01576	0.01901	0.50542	0.01213	0.14443	0.01918	0.02010	0.01156	0.01378	0.00954	0.01109	0.07703	0.00261	0.05643	0.00480	0.00386	0.00792
8	0.01332	0.01310	0.01695	0.01510	0.01558	0.05482	0.01237	0.01491	0.01106	0.01589	0.01516	0.07324	0.04409	0.01534	0.07767	0.00335	0.52990	0.04799	0.00345	0.00672
9	0.00808	0.00571	0.00744	0.00873	0.00906	0.00539	0.00572	0.00905	0.01197	0.01596	0.03355	0.67057	0.04014	0.12192	0.01158	0.00312	0.00409	0.01716	0.00572	0.00507
10	0.01363	0.00823	0.00998	0.00958	0.01175	0.00796	0.00713	0.03750	0.10379	0.15308	0.08425	0.32296	0.12271	0.01433	0.00729	0.00226	0.00418	0.01251	0.05964	0.00724
11	0.01685	0.01653	0.02649	0.03481	0.55122	0.05376	0.09447	0.06584	0.01586	0.02193	0.01226	0.01584	0.01009	0.00606	0.00693	0.00196	0.02992	0.00588	0.00342	0.00988
12	0.02364	0.02897	0.01785	0.01608	0.01945	0.67160	0.01213	0.06653	0.01883	0.01766	0.01079	0.01242	0.00884	0.00676	0.00581	0.00167	0.01101	0.00434	0.03797	0.00764
13	0.58094	0.04239	0.01302	0.01072	0.01470	0.13179	0.02247	0.04034	0.01311	0.05071	0.00998	0.01143	0.00777	0.00631	0.00489	0.00194	0.02217	0.00390	0.00402	0.00741
14	0.01115	0.01258	0.16107	0.01067	0.01380	0.00862	0.01021	0.04254	0.01443	0.02053	0.10252	0.08287	0.10255	0.07845	0.01015	0.04525	0.00555	0.12682	0.13372	0.00650
15	0.01723	0.07768	0.07643	0.01545	0.06578	0.09867	0.01224	0.09551	0.35913	0.02462	0.01976	0.04980	0.01570	0.00810	0.00625	0.00199	0.00665	0.00653	0.00524	0.03724
16	0.01733	0.65377	0.10096	0.01215	0.01792	0.07408	0.01239	0.01990	0.01353	0.01575	0.00930	0.01077	0.00828	0.00566	0.00445	0.00147	0.00749	0.00363	0.00280	0.00836
17	0.00924	0.00624	0.00728	0.00743	0.00753	0.00627	0.00436	0.00948	0.00974	0.01305	0.02164	0.11069	0.02490	0.65891	0.07206	0.00616	0.00667	0.01011	0.00409	0.00415
18	0.01125	0.00920	0.01357	0.03904	0.21927	0.00878	0.01030	0.01355	0.01379	0.03561	0.04736	0.32833	0.13102	0.01344	0.00722	0.00219	0.00501	0.01209	0.02946	0.04953
19	0.00791	0.00649	0.00698	0.00714	0.00905	0.00557	0.00533	0.00967	0.01484	0.01825	0.12628	0.13477	0.56865	0.01651	0.00774	0.00224	0.00339	0.03756	0.00611	0.00551
20	0.00880	0.00601	0.00790	0.00883	0.00963	0.00554	0.00608	0.01031	0.01367	0.04295	0.15137	0.59096	0.07677	0.01848	0.00805	0.00248	0.00367	0.01663	0.00625	0.00560
21	0.01296	0.03342	0.73944	0.01842	0.02797	0.01501	0.02387	0.02046	0.01364	0.02046	0.01160	0.01364	0.00818	0.00614	0.00614	0.00205	0.00955	0.00477	0.00273	0.00955
22	0.08764	0.01144	0.01479	0.01143	0.01636	0.01036	0.00944	0.06214	0.01849	0.65195	0.02380	0.02083	0.01509	0.00784	0.00631	0.00200	0.00554	0.00624	0.00763	0.01070
23	0.01295	0.01201	0.01983	0.67990	0.08896	0.01465	0.01784	0.04487	0.01375	0.01779	0.01169	0.01708	0.00882	0.00647	0.00646	0.00213	0.00849	0.00575	0.00304	0.00753
24	0.24063	0.05264	0.03353	0.03846	0.12201	0.30130	0.01237	0.08977	0.01649	0.02275	0.01061	0.01249	0.00850	0.00639	0.00542	0.00183	0.00847	0.00440	0.00375	0.00817
25	0.01243	0.01174	0.01967	0.70128	0.07138	0.01459	0.01788	0.01661	0.01288	0.01666	0.01140	0.01706	0.00867	0.00661	0.00700	0.00217	0.03605	0.00574	0.00288	0.00730
26	0.00848	0.00670	0.00740	0.00730	0.00921	0.00595	0.00544	0.01102	0.03580	0.02030	0.24700	0.09629	0.45532	0.01515	0.00752	0.00214	0.00328	0.01289	0.03705	0.00578
27	0.81856	0.01250	0.00950	0.00850	0.01250	0.01449	0.00700	0.01899	0.01100	0.02899	0.00900	0.01050	0.00700	0.00600	0.00400	0.00200	0.00500	0.00350	0.00400	0.00700
28	0.81856	0.01250	0.00950	0.00850	0.01250	0.01449	0.00700	0.01899	0.01100	0.02899	0.00900	0.01050	0.00700	0.00600	0.00400	0.00200	0.00500	0.00350	0.00400	0.00700
29	0.01220	0.01148	0.01938	0.75739	0.04450	0.01436	0.01794	0.01651	0.01292	0.01651	0.01148	0.01723	0.00861	0.00646	0.00646	0.00215	0.00861	0.00574	0.00287	0.00718
30	0.00764	0.00655	0.00655	0.00655	0.00873	0.00545	0.00491	0.00927	0.01473	0.01745	0.06546	0.06218	0.73000	0.01636	0.00764	0.00218	0.00327	0.01364	0.00600	0.00545
31	0.00949	0.00676	0.00816	0.00776	0.00951	0.00613	0.00577	0.01177	0.01606	0.05097	0.39119	0.05029	0.27712	0.07420	0.04390	0.00279	0.00413	0.01172	0.00636	0.00590
32	0.10229	0.01480	0.01868	0.01429	0.01923	0.01534	0.09630	0.33347	0.02237	0.21851	0.01755	0.01752	0.01213	0.00735	0.00624	0.00196	0.00667	0.00600	0.05931	0.00999
33	0.01107	0.00803	0.00891	0.00846	0.01088	0.00756	0.00641	0.01555	0.12875	0.08360	0.12080	0.12450	0.41218	0.01448	0.00743	0.00220	0.00379	0.01228	0.00638	0.00676
34	0.01580	0.22375	0.10691	0.01795	0.12464	0.06585	0.09015	0.01986	0.03848	0.01922	0.01150	0.01368	0.00946	0.00562	0.00545	0.00156	0.00748	0.00468	0.00332	0.21466
35	0.01013	0.00785	0.00989	0.01094	0.03235	0.00776	0.00848	0.01415	0.08979	0.01957	0.07313	0.15147	0.19269	0.03453	0.00874	0.00267	0.00489	0.30872	0.00596	0.00628
36	0.43795	0.10424	0.10368	0.07457	0.09306	0.01588	0.01193	0.03347	0.01273	0.04627	0.01048	0.01244	0.00812	0.00607	0.00485	0.00194	0.00640	0.00421	0.00370	0.00801
37	0.13321	0.06125	0.01906	0.07454	0.08655	0.27002	0.01280	0.18002	0.01852	0.02388	0.01129	0.01329	0.00896	0.00694	0.00665	0.00189	0.05386	0.00477	0.00404	0.00847

[dist]
# distance from previous block
# <min> <max>
0	1

[block]
# block no. 1 follows, 34 sequences, length 32
# corresponding to MSA columns:
# 106-137
name=unknown_B
#
# <colnr> <probs for GDERKNQSTAVLIFYWHMCP>
#	G	D	E	R	K	N	Q	S	T	A	V	L	I	F	Y	W	H	M	C	P
0	0.03380	0.05234	0.20252	0.01945	0.05200	0.01655	0.18559	0.04213	0.01335	0.01969	0.01175	0.01569	0.00957	0.00992	0.05398	0.00272	0.21403	0.00587	0.03075	0.00829
1	0.03908	0.01580	0.02407	0.09297	0.56292	0.06256	0.01827	0.01966	0.01447	0.02041	0.01171	0.01551	0.00980	0.00606	0.00681	0.00193	0.03645	0.00553	0.00321	0.03276
2	0.00872	0.00647	0.00799	0.00783	0.00928	0.00589	0.00571	0.01110	0.01643	0.02241	0.47940	0.12409	0.19560	0.05922	0.00917	0.00237	0.00336	0.01264	0.00658	0.00575
3	0.01296	0.03342	0.73944	0.01842	0.02797	0.01501	0.02387	0.02046	0.01364	0.02046	0.01160	0.01364	0.00818	0.00614	0.00614	0.00205	0.00955	0.00477	0.00273	0.00955
4	0.00802	0.00573	0.00767	0.00917	0.00961	0.00538	0.00626	0.00925	0.01252	0.01666	0.03553	0.72782	0.04241	0.02010	0.00829	0.00264	0.00388	0.05778	0.00600	0.00529
5	0.81856	0.01250	0.00950	0.00850	0.01250	0.01449	0.00700	0.01899	0.01100	0.02899	0.00900	0.01050	0.00700	0.00600	0.00400	0.00200	0.00500	0.00350	0.00400	0.00700
6	0.02899	0.01100	0.01499	0.01150	0.01649	0.00950	0.00950	0.03149	0.01849	0.73709	0.02549	0.02199	0.01599	0.00800	0.00650	0.00200	0.00550	0.00650	0.00800	0.01100
7	0.02327	0.02898	0.01791	0.01627	0.01963	0.66840	0.01224	0.02672	0.09385	0.01702	0.01174	0.01299	0.00955	0.00688	0.00591	0.00172	0.01095	0.00450	0.00368	0.00778
8	0.01120	0.00569	0.00833	0.00833	0.00848	0.00573	0.00563	0.00898	0.00884	0.01223	0.01212	0.02016	0.01177	0.02243	0.05127	0.72723	0.00588	0.00569	0.05688	0.00313
9	0.00780	0.00655	0.00677	0.00672	0.00883	0.00552	0.00504	0.00959	0.01511	0.01836	0.13681	0.06069	0.65807	0.01602	0.00763	0.00217	0.00325	0.01343	0.00612	0.00552
10	0.01414	0.01414	0.01979	0.01696	0.01696	0.01979	0.01414	0.01555	0.00990	0.01555	0.00848	0.01414	0.00848	0.01131	0.02120	0.00283	0.76110	0.00565	0.00283	0.00707
11	0.81856	0.01250	0.00950	0.00850	0.01250	0.01449	0.00700	0.01899	0.01100	0.02899	0.00900	0.01050	0.00700	0.00600	0.00400	0.00200	0.00500	0.00350	0.00400	0.00700
12	0.00898	0.00660	0.00841	0.00796	0.00955	0.00603	0.00597	0.01188	0.01791	0.02500	0.65785	0.04976	0.13289	0.01355	0.00762	0.00205	0.00307	0.01190	0.00699	0.00603
13	0.00787	0.00562	0.00750	0.00900	0.00937	0.00525	0.00600	0.00900	0.01237	0.01649	0.03561	0.76871	0.04274	0.02024	0.00825	0.00262	0.00375	0.01837	0.00600	0.00525
14	0.81856	0.01250	0.00950	0.00850	0.01250	0.01449	0.00700	0.01899	0.01100	0.02899	0.00900	0.01050	0.00700	0.00600	0.00400	0.00200	0.00500	0.00350	0.00400	0.00700
15	0.02414	0.03079	0.01831	0.01665	0.01998	0.74698	0.01248	0.02580	0.01831	0.01581	0.00999	0.01165	0.00832	0.00666	0.00583	0.00166	0.01165	0.00416	0.00333	0.00749
16	0.01340	0.01148	0.01340	0.00957	0.01531	0.00861	0.00766	0.01627	0.01340	0.02105	0.01148	0.01340	0.00957	0.00479	0.00479	0.00096	0.00479	0.00383	0.00383	0.81242
17	0.00935	0.00732	0.00870	0.00910	0.01100	0.00692	0.00733	0.01271	0.06249	0.01974	0.13207	0.08493	0.34040	0.01611	0.00803	0.00245	0.00430	0.24488	0.00616	0.00602
18	0.00933	0.00653	0.00841	0.00841	0.00888	0.00700	0.00562	0.01027	0.00980	0.01354	0.01911	0.03538	0.02049	0.47687	0.32484	0.00795	0.01078	0.00839	0.00373	0.00467
19	0.01296	0.03342	0.73944	0.01842	0.02797	0.01501	0.02387	0.02046	0.01364	0.02046	0.01160	0.01364	0.00818	0.00614	0.00614	0.00205	0.00955	0.00477	0.00273	0.00955
20	0.00820	0.00608	0.00738	0.00827	0.00915	0.00560	0.00572	0.00943	0.01274	0.01638	0.04121	0.43090	0.22084	0.12649	0.01165	0.00305	0.00413	0.06193	0.00570	0.00516
21	0.02899	0.01100	0.01499	0.01150	0.01649	0.00950	0.00950	0.03149	0.01849	0.73709	0.02549	0.02199	0.01599	0.00800	0.00650	0.00200	0.00550	0.00650	0.00800	0.01100
22	0.01001	0.00736	0.00973	0.01048	0.01212	0.00719	0.00880	0.01337	0.03872	0.02100	0.20658	0.06422	0.11175	0.01627	0.00840	0.00264	0.00495	0.43407	0.00626	0.00608
23	0.02133	0.01369	0.02425	0.01794	0.02329	0.01267	0.29861	0.04761	0.04313	0.34384	0.06842	0.02178	0.01650	0.00732	0.00704	0.00208	0.00760	0.00733	0.00588	0.00969
24	0.01980	0.02363	0.01960	0.01715	0.01925	0.42898	0.03769	0.02150	0.01482	0.01588	0.00949	0.01285	0.00844	0.00848	0.01207	0.00215	0.31283	0.00488	0.00313	0.00736
25	0.60084	0.04758	0.01254	0.01050	0.01441	0.18590	0.00844	0.02060	0.01279	0.02536	0.00923	0.01076	0.00736	0.00613	0.00443	0.00190	0.00663	0.00365	0.00379	0.00716
26	0.00787	0.00562	0.00750	0.00900	0.00937	0.00525	0.00600	0.00900	0.01237	0.01649	0.03561	0.76871	0.04274	0.02024	0.00825	0.00262	0.00375	0.01837	0.00600	0.00525
27	0.00840	0.00648	0.00767	0.00758	0.00925	0.00575	0.00561	0.01067	0.01621	0.02148	0.38634	0.13134	0.32944	0.01524	0.00769	0.00216	0.00321	0.01319	0.00654	0.00575
28	0.01979	0.51136	0.02863	0.01262	0.01779	0.11649	0.01151	0.17529	0.01766	0.02100	0.01058	0.01168	0.00890	0.00617	0.00488	0.00154	0.00756	0.00407	0.00367	0.00879
29	0.00799	0.00650	0.00707	0.00704	0.00897	0.00559	0.00524	0.00991	0.01539	0.01929	0.21233	0.10058	0.53980	0.01589	0.00767	0.00217	0.00325	0.01348	0.00625	0.00559
30	0.00895	0.00676	0.00835	0.00849	0.01001	0.00631	0.00636	0.01192	0.04436	0.02167	0.35773	0.19760	0.19781	0.01553	0.00782	0.00227	0.00357	0.07203	0.00653	0.00594
31	0.01906	0.02045	0.02265	0.06639	0.02331	0.25993	0.14851	0.09255	0.01630	0.04036	0.01129	0.01452	0.00917	0.00785	0.01055	0.00216	0.21768	0.00559	0.00361	0.00806

[dist]
# distance from previous block
# <min> <max>
0	1

[block]
# block no. 2 follows, 34 sequences, length 7
# corresponding to MSA columns:
# 139-145
name=unknown_C
#
# <colnr> <probs for GDERKNQSTAVLIFYWHMCP>
#	G	D	E	R	K	N	Q	S	T	A	V	L	I	F	Y	W	H	M	C	P
0	0.01164	0.00996	0.01009	0.00948	0.01199	0.04561	0.00731	0.04036	0.18798	0.02239	0.17480	0.04548	0.31230	0.01293	0.00721	0.00214	0.00435	0.04415	0.03278	0.00707
1	0.01340	0.01148	0.01340	0.00957	0.01531	0.00861	0.00766	0.01627	0.01340	0.02105	0.01148	0.01340	0.00957	0.00479	0.00479	0.00096	0.00479	0.00383	0.00383	0.81242
2	0.01530	0.01518	0.02750	0.14223	0.49834	0.01540	0.15140	0.01951	0.01455	0.02036	0.01223	0.01645	0.00992	0.00580	0.00664	0.00200	0.00843	0.00611	0.00316	0.00950
3	0.01619	0.01562	0.01473	0.01127	0.01652	0.15059	0.00889	0.06409	0.01546	0.02135	0.01146	0.01320	0.00943	0.00534	0.00510	0.00116	0.00625	0.00402	0.00391	0.60541
4	0.01377	0.01363	0.01971	0.15858	0.02223	0.01875	0.01486	0.01573	0.01047	0.01573	0.00906	0.01473	0.00851	0.01038	0.01838	0.00270	0.61717	0.00567	0.00284	0.00709
5	0.01636	0.01625	0.02442	0.09705	0.57992	0.07683	0.01859	0.02075	0.04906	0.02056	0.01260	0.01612	0.01040	0.00604	0.00636	0.00193	0.00797	0.00570	0.00335	0.00975
6	0.00880	0.00657	0.00804	0.00768	0.00927	0.00595	0.00568	0.01132	0.01690	0.02308	0.52730	0.05125	0.21951	0.05940	0.00914	0.00232	0.00329	0.01202	0.00665	0.00581

[dist]
# distance from previous block
# <min> <max>
0	1

[block]
# block no. 3 follows, 34 sequences, length 62
# corresponding to MSA columns:
# 147-162,216-261
name=unknown_D
#
# <colnr> <probs for GDERKNQSTAVLIFYWHMCP>
#	G	D	E	R	K	N	Q	S	T	A	V	L	I	F	Y	W	H	M	C	P
0	0.00874	0.00659	0.00807	0.00770	0.00940	0.00592	0.00578	0.01141	0.01733	0.02364	0.55073	0.05201	0.24087	0.01406	0.00763	0.00207	0.00311	0.01221	0.00681	0.00592
1	0.02899	0.01100	0.01499	0.01150	0.01649	0.00950	0.00950	0.03149	0.01849	0.73709	0.02549	0.02199	0.01599	0.00800	0.00650	0.00200	0.00550	0.00650	0.00800	0.01100
2	0.02430	0.01085	0.01405	0.01143	0.01568	0.01010	0.00919	0.02931	0.13429	0.53091	0.05542	0.08491	0.02066	0.00935	0.00670	0.00208	0.00519	0.00782	0.00756	0.01019
3	0.01496	0.01188	0.01328	0.01245	0.01553	0.01327	0.00987	0.02827	0.49748	0.05787	0.05357	0.07123	0.02541	0.01114	0.00713	0.00234	0.00514	0.13357	0.00652	0.00908
4	0.01296	0.03342	0.73944	0.01842	0.02797	0.01501	0.02387	0.02046	0.01364	0.02046	0.01160	0.01364	0.00818	0.00614	0.00614	0.00205	0.00955	0.00477	0.00273	0.00955
5	0.01797	0.42836	0.14819	0.01385	0.01947	0.16581	0.03469	0.02096	0.01448	0.04207	0.01118	0.03578	0.00969	0.00641	0.00514	0.00164	0.00827	0.00453	0.00317	0.00836
6	0.81856	0.01250	0.00950	0.00850	0.01250	0.01449	0.00700	0.01899	0.01100	0.02899	0.00900	0.01050	0.00700	0.00600	0.00400	0.00200	0.00500	0.00350	0.00400	0.00700
7	0.01604	0.01535	0.02423	0.08371	0.55921	0.03845	0.01834	0.05115	0.01501	0.02101	0.01255	0.03576	0.01083	0.00672	0.00752	0.00201	0.06308	0.00604	0.00338	0.00961
8	0.01512	0.01689	0.03558	0.05861	0.03288	0.01636	0.62235	0.02097	0.04759	0.02063	0.01346	0.01762	0.01016	0.00585	0.00799	0.00220	0.03625	0.00746	0.00339	0.00866
9	0.00868	0.00636	0.00813	0.00816	0.00948	0.00582	0.00594	0.01111	0.01649	0.02273	0.49064	0.22176	0.13021	0.01524	0.00777	0.00219	0.00324	0.01350	0.00672	0.00582
10	0.01377	0.01170	0.01360	0.00975	0.01547	0.00899	0.00781	0.03925	0.01396	0.02171	0.01162	0.01347	0.00962	0.00488	0.00484	0.00099	0.00486	0.00389	0.00392	0.78591
11	0.00940	0.00626	0.00705	0.00705	0.00705	0.00626	0.00392	0.00940	0.00940	0.01253	0.02036	0.04228	0.02349	0.77292	0.03289	0.00626	0.00626	0.00940	0.00392	0.00392
12	0.10645	0.01786	0.07823	0.01499	0.02012	0.09973	0.10881	0.15972	0.03922	0.04470	0.03177	0.01540	0.01114	0.00666	0.00657	0.00179	0.04084	0.00531	0.00439	0.18629
13	0.00916	0.00721	0.00839	0.00823	0.01016	0.00673	0.00630	0.01281	0.07324	0.02176	0.32627	0.07511	0.32576	0.01471	0.00767	0.00220	0.00357	0.06810	0.00649	0.00613
14	0.00787	0.00562	0.00750	0.00900	0.00937	0.00525	0.00600	0.00900	0.01237	0.01649	0.03561	0.76871	0.04274	0.02024	0.00825	0.00262	0.00375	0.01837	0.00600	0.00525
15	0.01472	0.01795	0.09392	0.06143	0.03105	0.01669	0.50169	0.01962	0.01412	0.01962	0.01211	0.01655	0.00939	0.00652	0.00968	0.00227	0.13414	0.00696	0.00313	0.00844
16	0.01296	0.03342	0.73944	0.01842	0.02797	0.01501	0.02387	0.02046	0.01364	0.02046	0.01160	0.01364	0.00818	0.00614	0.00614	0.00205	0.00955	0.00477	0.00273	0.00955
17	0.00831	0.00695	0.00734	0.00745	0.00961	0.00613	0.00578	0.01079	0.04381	0.01807	0.06014	0.06188	0.61863	0.01623	0.00775	0.00228	0.00367	0.09345	0.00602	0.00571
18	0.00967	0.00748	0.01084	0.01060	0.01153	0.00890	0.00816	0.01166	0.01024	0.01478	0.01687	0.02622	0.01628	0.12316	0.60732	0.00928	0.08080	0.00708	0.00346	0.00568
19	0.01372	0.03178	0.67810	0.01853	0.02776	0.01484	0.05430	0.02092	0.01391	0.04975	0.01223	0.01415	0.00858	0.00618	0.00622	0.00205	0.00944	0.00497	0.00297	0.00957
20	0.02811	0.01080	0.01471	0.01135	0.01619	0.00935	0.00935	0.03063	0.01848	0.70556	0.05670	0.02316	0.01799	0.00823	0.00655	0.00200	0.00539	0.00673	0.00796	0.01078
21	0.00923	0.00692	0.01038	0.01038	0.01154	0.00808	0.00808	0.01154	0.01038	0.01500	0.01731	0.02538	0.01615	0.04846	0.74732	0.01038	0.01731	0.00692	0.00346	0.00577
22	0.06823	0.00691	0.00851	0.00861	0.01011	0.00663	0.00649	0.01197	0.01599	0.02305	0.42616	0.19806	0.09032	0.01477	0.00761	0.00225	0.00363	0.07827	0.00648	0.00593
23	0.01159	0.00608	0.00615	0.00613	0.00769	0.00598	0.00460	0.01449	0.01380	0.02360	0.04713	0.02799	0.07672	0.00844	0.00487	0.00158	0.00303	0.00683	0.71733	0.00598
24	0.00940	0.00626	0.00705	0.00705	0.00705	0.00626	0.00392	0.00940	0.00940	0.01253	0.02036	0.04228	0.02349	0.77292	0.03289	0.00626	0.00626	0.00940	0.00392	0.00392
25	0.00787	0.00562	0.00750	0.00900	0.00937	0.00525	0.00600	0.00900	0.01237	0.01649	0.03561	0.76871	0.04274	0.02024	0.00825	0.00262	0.00375	0.01837	0.00600	0.00525
26	0.01278	0.01219	0.01990	0.58383	0.08536	0.01535	0.01742	0.01657	0.01252	0.01665	0.01102	0.01662	0.00870	0.00724	0.00897	0.00225	0.13666	0.00573	0.00289	0.00736
27	0.01236	0.01164	0.01966	0.72807	0.07262	0.01440	0.01802	0.01664	0.01299	0.01670	0.01151	0.01718	0.00868	0.00643	0.00646	0.00214	0.00857	0.00574	0.00288	0.00730
28	0.01204	0.00602	0.00602	0.00602	0.00753	0.00602	0.00452	0.01506	0.01355	0.02409	0.02108	0.02409	0.01656	0.00753	0.00452	0.00151	0.00301	0.00602	0.80879	0.00602
29	0.01353	0.13102	0.64681	0.01745	0.02647	0.01639	0.02219	0.02032	0.01357	0.01977	0.01125	0.01321	0.00820	0.00606	0.00588	0.00196	0.00920	0.00460	0.00273	0.00938
30	0.01296	0.03342	0.73944	0.01842	0.02797	0.01501	0.02387	0.02046	0.01364	0.02046	0.01160	0.01364	0.00818	0.00614	0.00614	0.00205	0.00955	0.00477	0.00273	0.00955
31	0.00923	0.00692	0.01038	0.01038	0.01154	0.00808	0.00808	0.01154	0.01038	0.01500	0.01731	0.02538	0.01615	0.04846	0.74732	0.01038	0.01731	0.00692	0.00346	0.00577
32	0.00940	0.00626	0.00705	0.00705	0.00705	0.00626	0.00392	0.00940	0.00940	0.01253	0.02036	0.04228	0.02349	0.77292	0.03289	0.00626	0.00626	0.00940	0.00392	0.00392
33	0.00793	0.00578	0.00748	0.00882	0.00943	0.00534	0.00602	0.00916	0.01271	0.01669	0.03887	0.66885	0.11852	0.01974	0.00820	0.00259	0.00376	0.03883	0.00600	0.00529
34	0.01779	0.01156	0.01215	0.01008	0.01326	0.01245	0.00808	0.33426	0.02127	0.03172	0.01853	0.02016	0.01401	0.00763	0.00541	0.00170	0.00489	0.00593	0.44083	0.00830
35	0.01735	0.01599	0.02978	0.02189	0.02753	0.01566	0.44685	0.06853	0.11270	0.09990	0.01617	0.01847	0.01185	0.00650	0.00763	0.00213	0.03363	0.00715	0.00444	0.03585
36	0.00923	0.00692	0.01038	0.01038	0.01154	0.00808	0.00808	0.01154	0.01038	0.01500	0.01731	0.02538	0.01615	0.04846	0.74732	0.01038	0.01731	0.00692	0.00346	0.00577
37	0.01647	0.01380	0.04382	0.01257	0.01565	0.08570	0.03249	0.21742	0.01929	0.07735	0.08183	0.30362	0.02707	0.01270	0.00720	0.00220	0.00607	0.01095	0.00588	0.00792
38	0.01340	0.01148	0.01340	0.00957	0.01531	0.00861	0.00766	0.01627	0.01340	0.02105	0.01148	0.01340	0.00957	0.00479	0.00479	0.00096	0.00479	0.00383	0.00383	0.81242
39	0.01340	0.01148	0.01340	0.00957	0.01531	0.00861	0.00766	0.01627	0.01340	0.02105	0.01148	0.01340	0.00957	0.00479	0.00479	0.00096	0.00479	0.00383	0.00383	0.81242
40	0.01478	0.22954	0.25003	0.01338	0.02006	0.01570	0.03239	0.01946	0.03692	0.04062	0.03638	0.01454	0.01107	0.00595	0.00532	0.00156	0.00702	0.00459	0.00350	0.23721
41	0.52495	0.29256	0.01842	0.00943	0.01399	0.01855	0.00848	0.01912	0.01178	0.02394	0.00899	0.01045	0.00747	0.00583	0.00405	0.00177	0.00570	0.00348	0.00355	0.00747
42	0.00802	0.00653	0.00677	0.00671	0.00878	0.00556	0.00503	0.00988	0.01509	0.01876	0.14145	0.05879	0.61835	0.01558	0.00749	0.00213	0.00323	0.01306	0.04325	0.00556
43	0.01915	0.18436	0.04229	0.01515	0.03626	0.30822	0.01219	0.06715	0.03375	0.01760	0.01128	0.01504	0.01011	0.07034	0.01022	0.00222	0.12857	0.00493	0.00345	0.00774
44	0.02454	0.01890	0.01932	0.01498	0.02003	0.06568	0.01229	0.66805	0.02962	0.03916	0.01517	0.01527	0.01082	0.00769	0.00642	0.00192	0.00740	0.00571	0.00627	0.01077
45	0.00914	0.00660	0.00864	0.00813	0.00965	0.00610	0.00610	0.01219	0.01829	0.02591	0.72921	0.04827	0.06097	0.01321	0.00762	0.00203	0.00305	0.01169	0.00711	0.00610
46	0.81856	0.01250	0.00950	0.00850	0.01250	0.01449	0.00700	0.01899	0.01100	0.02899	0.00900	0.01050	0.00700	0.00600	0.00400	0.00200	0.00500	0.00350	0.00400	0.00700
47	0.01766	0.07383	0.49524	0.01604	0.02409	0.01415	0.01910	0.02344	0.01495	0.21795	0.01527	0.01574	0.01035	0.00661	0.00611	0.00199	0.00827	0.00517	0.00418	0.00987
48	0.01414	0.01414	0.01979	0.01696	0.01696	0.01979	0.01414	0.01555	0.00990	0.01555	0.00848	0.01414	0.00848	0.01131	0.02120	0.00283	0.76110	0.00565	0.00283	0.00707
49	0.00787	0.00651	0.00690	0.00689	0.00889	0.00554	0.00513	0.00969	0.01515	0.01866	0.16211	0.09211	0.60010	0.01607	0.00766	0.00218	0.00326	0.01356	0.00616	0.00554
50	0.05883	0.02020	0.08853	0.01954	0.16709	0.22162	0.01394	0.06743	0.01758	0.23958	0.01562	0.01608	0.01115	0.00687	0.00614	0.00189	0.00817	0.00534	0.00489	0.00952
51	0.00805	0.00579	0.00788	0.00918	0.00966	0.00562	0.00627	0.00933	0.01211	0.01630	0.03321	0.67112	0.03925	0.02395	0.10527	0.00364	0.00553	0.01687	0.00566	0.00532
52	0.01296	0.03342	0.73944	0.01842	0.02797	0.01501	0.02387	0.02046	0.01364	0.02046	0.01160	0.01364	0.00818	0.00614	0.00614	0.00205	0.00955	0.00477	0.00273	0.00955
53	0.01721	0.00910	0.01101	0.00950	0.01289	0.00825	0.00758	0.02098	0.08674	0.30640	0.07788	0.04211	0.30871	0.01217	0.00713	0.00214	0.00445	0.04063	0.00691	0.00820
54	0.05195	0.19570	0.20761	0.01453	0.02066	0.04305	0.04957	0.08567	0.09423	0.15349	0.01543	0.01573	0.01121	0.00675	0.00580	0.00188	0.00744	0.00523	0.00456	0.00951
55	0.00778	0.00598	0.00713	0.00805	0.00912	0.00533	0.00558	0.00910	0.01328	0.01687	0.04715	0.49563	0.30836	0.01874	0.00801	0.00245	0.00356	0.01654	0.00600	0.00533
56	0.00924	0.00689	0.01023	0.01023	0.01133	0.00799	0.00789	0.01144	0.01034	0.01489	0.01745	0.02615	0.01649	0.08125	0.71498	0.01020	0.01681	0.00703	0.00348	0.00569
57	0.00787	0.00562	0.00750	0.00900	0.00937	0.00525	0.00600	0.00900	0.01237	0.01649	0.03561	0.76871	0.04274	0.02024	0.00825	0.00262	0.00375	0.01837	0.00600	0.00525
58	0.01864	0.15990	0.27000	0.01753	0.08073	0.08778	0.01662	0.21002	0.01879	0.04330	0.01245	0.01379	0.00936	0.00654	0.00587	0.00185	0.00835	0.00489	0.00399	0.00962
59	0.08205	0.01594	0.02020	0.19091	0.13956	0.04927	0.03917	0.28232	0.04007	0.02782	0.01322	0.01568	0.00999	0.00704	0.00688	0.00203	0.03847	0.00563	0.00452	0.00925
60	0.00869	0.00655	0.00790	0.00828	0.00957	0.00608	0.00589	0.03276	0.01461	0.01918	0.17496	0.34935	0.24591	0.04498	0.03214	0.00273	0.00410	0.01461	0.00607	0.00563
61	0.04900	0.08676	0.09953	0.01668	0.08999	0.01449	0.10411	0.12102	0.01619	0.02365	0.01203	0.01412	0.00950	0.00567	0.00562	0.00156	0.00694	0.00487	0.00387	0.31438

[dist]
# distance from previous block
# <min> <max>
2	4

[block]
# block no. 4 follows, 34 sequences, length 74
# corresponding to MSA columns:
# 266-339
name=unknown_E
#
# <colnr> <probs for GDERKNQSTAVLIFYWHMCP>
#	G	D	E	R	K	N	Q	S	T	A	V	L	I	F	Y	W	H	M	C	P
0	0.01397	0.01329	0.02257	0.42308	0.36502	0.01482	0.01882	0.01806	0.01375	0.01865	0.01180	0.01665	0.00937	0.00613	0.00643	0.00204	0.00818	0.00575	0.00302	0.00860
1	0.01435	0.01437	0.02080	0.29835	0.16908	0.06878	0.03402	0.01752	0.01283	0.01728	0.01092	0.01591	0.00918	0.00894	0.03431	0.00249	0.21333	0.00564	0.00301	0.02888
2	0.03141	0.00620	0.00780	0.00878	0.00972	0.00581	0.00624	0.01006	0.01358	0.01840	0.12791	0.51419	0.12889	0.01827	0.00802	0.00250	0.00380	0.06686	0.00608	0.00549
3	0.01281	0.01210	0.02047	0.64278	0.15438	0.01451	0.01825	0.01704	0.01321	0.01724	0.01159	0.01703	0.00887	0.00635	0.00645	0.00212	0.00846	0.00574	0.00292	0.00767
4	0.01460	0.01897	0.16248	0.18530	0.08886	0.01574	0.34868	0.04830	0.01503	0.02060	0.01248	0.01649	0.00933	0.00592	0.00695	0.00212	0.00974	0.00647	0.00321	0.00875
5	0.01010	0.00672	0.00908	0.04252	0.01201	0.00651	0.00730	0.03004	0.01349	0.06418	0.03323	0.60775	0.03817	0.01830	0.00806	0.00257	0.00435	0.07370	0.00600	0.00592
6	0.00790	0.00626	0.00715	0.00780	0.00927	0.00551	0.00567	0.00944	0.01387	0.01722	0.05243	0.32313	0.43185	0.01789	0.00795	0.00240	0.00362	0.05925	0.00600	0.00541
7	0.00940	0.00626	0.00705	0.00705	0.00705	0.00626	0.00392	0.00940	0.00940	0.01253	0.02036	0.04228	0.02349	0.77292	0.03289	0.00626	0.00626	0.00940	0.00392	0.00392
8	0.01773	0.48756	0.13821	0.04420	0.02014	0.16253	0.01358	0.02064	0.01420	0.01618	0.00968	0.01140	0.00829	0.00588	0.00487	0.00157	0.00830	0.00389	0.00287	0.00828
9	0.01204	0.00602	0.00602	0.00602	0.00753	0.00602	0.00452	0.01506	0.01355	0.02409	0.02108	0.02409	0.01656	0.00753	0.00452	0.00151	0.00301	0.00602	0.80879	0.00602
10	0.00787	0.00562	0.00750	0.00900	0.00937	0.00525	0.00600	0.00900	0.01237	0.01649	0.03561	0.76871	0.04274	0.02024	0.00825	0.00262	0.00375	0.01837	0.00600	0.00525
11	0.00798	0.00570	0.00762	0.00912	0.00954	0.00534	0.00618	0.00918	0.01247	0.01661	0.03555	0.73985	0.04250	0.02014	0.00828	0.00264	0.00384	0.04618	0.00600	0.00528
12	0.01584	0.01520	0.02596	0.06754	0.70589	0.01531	0.01976	0.01970	0.01464	0.02093	0.01213	0.01604	0.01017	0.00578	0.00640	0.00193	0.00771	0.00576	0.00319	0.01012
13	0.01220	0.01148	0.01938	0.75739	0.04450	0.01436	0.01794	0.01651	0.01292	0.01651	0.01148	0.01723	0.00861	0.00646	0.00646	0.00215	0.00861	0.00574	0.00287	0.00718
14	0.01296	0.03342	0.73944	0.01842	0.02797	0.01501	0.02387	0.02046	0.01364	0.02046	0.01160	0.01364	0.00818	0.00614	0.00614	0.00205	0.00955	0.00477	0.00273	0.00955
15	0.01656	0.01377	0.01462	0.01309	0.01679	0.01582	0.01020	0.03423	0.69455	0.05371	0.02627	0.02403	0.01958	0.00874	0.00657	0.00218	0.00513	0.00727	0.00663	0.01026
16	0.01204	0.00602	0.00602	0.00602	0.00753	0.00602	0.00452	0.01506	0.01355	0.02409	0.02108	0.02409	0.01656	0.00753	0.00452	0.00151	0.00301	0.00602	0.80879	0.00602
17	0.00772	0.00655	0.00666	0.00663	0.00878	0.00549	0.00497	0.00943	0.01492	0.01791	0.10123	0.06143	0.69394	0.01619	0.00764	0.00217	0.00326	0.01353	0.00606	0.00549
18	0.01932	0.01491	0.01595	0.01342	0.01757	0.01680	0.01070	0.26023	0.43729	0.06096	0.02248	0.02114	0.01654	0.00836	0.00647	0.00208	0.00573	0.00673	0.03296	0.01038
19	0.81856	0.01250	0.00950	0.00850	0.01250	0.01449	0.00700	0.01899	0.01100	0.02899	0.00900	0.01050	0.00700	0.00600	0.00400	0.00200	0.00500	0.00350	0.00400	0.00700
20	0.01204	0.00602	0.00602	0.00602	0.00753	0.00602	0.00452	0.01506	0.01355	0.02409	0.02108	0.02409	0.01656	0.00753	0.00452	0.00151	0.00301	0.00602	0.80879	0.00602
21	0.01726	0.34668	0.02546	0.01423	0.01731	0.14657	0.01240	0.01954	0.03517	0.01581	0.00952	0.01240	0.00873	0.00793	0.01074	0.00198	0.28300	0.00450	0.00300	0.00777
22	0.02265	0.11143	0.02076	0.01544	0.04278	0.16350	0.01226	0.41660	0.08001	0.03102	0.01438	0.01483	0.01080	0.00729	0.00607	0.00184	0.00784	0.00532	0.00530	0.00989
23	0.01041	0.00744	0.01041	0.01190	0.01339	0.00744	0.01041	0.01339	0.01487	0.01934	0.03421	0.07288	0.03719	0.01785	0.00892	0.00297	0.00595	0.68913	0.00595	0.00595
24	0.01887	0.32832	0.14712	0.01550	0.05577	0.17377	0.01411	0.11479	0.03998	0.02035	0.01125	0.01262	0.00912	0.00629	0.00534	0.00168	0.00836	0.00439	0.00352	0.00886
25	0.01418	0.24371	0.53985	0.01633	0.02475	0.01799	0.02025	0.02015	0.01350	0.01897	0.01086	0.01271	0.00822	0.00597	0.00558	0.00186	0.00880	0.00440	0.00274	0.00919
26	0.00832	0.00657	0.00750	0.00727	0.00915	0.00575	0.00545	0.01061	0.01635	0.02131	0.36823	0.05583	0.42481	0.01492	0.00763	0.00211	0.00317	0.01275	0.00651	0.00575
27	0.01727	0.77681	0.03386	0.01106	0.01658	0.02557	0.01106	0.01935	0.01313	0.01520	0.00898	0.01036	0.00829	0.00553	0.00415	0.00138	0.00691	0.00345	0.00276	0.00829
28	0.00787	0.00562	0.00750	0.00900	0.00937	0.00525	0.00600	0.00900	0.01237	0.01649	0.03561	0.76871	0.04274	0.02024	0.00825	0.00262	0.00375	0.01837	0.00600	0.00525
29	0.00810	0.00582	0.00772	0.00908	0.00964	0.00545	0.00627	0.00945	0.01289	0.01714	0.06707	0.66441	0.06644	0.01963	0.00825	0.00261	0.00386	0.06479	0.00604	0.00534
30	0.01313	0.03222	0.68660	0.01908	0.02840	0.01511	0.07551	0.02048	0.01376	0.02048	0.01171	0.01393	0.00831	0.00609	0.00625	0.00206	0.00965	0.00499	0.00277	0.00949
31	0.00849	0.00610	0.00819	0.00964	0.01035	0.00580	0.00706	0.01009	0.01307	0.01723	0.03623	0.57348	0.06356	0.01952	0.00840	0.00270	0.00428	0.18441	0.00599	0.00543
32	0.81856	0.01250	0.00950	0.00850	0.01250	0.01449	0.00700	0.01899	0.01100	0.02899	0.00900	0.01050	0.00700	0.00600	0.00400	0.00200	0.00500	0.00350	0.00400	0.00700
33	0.02424	0.01794	0.01921	0.01480	0.01991	0.01989	0.01220	0.68514	0.05684	0.04020	0.01593	0.01584	0.01132	0.00780	0.00647	0.00195	0.00703	0.00587	0.00647	0.01096
34	0.00923	0.00692	0.01038	0.01038	0.01154	0.00808	0.00808	0.01154	0.01038	0.01500	0.01731	0.02538	0.01615	0.04846	0.74732	0.01038	0.01731	0.00692	0.00346	0.00577
35	0.01806	0.05399	0.01533	0.01241	0.01627	0.01473	0.00987	0.03157	0.50793	0.15696	0.07086	0.02455	0.02110	0.00874	0.00650	0.00210	0.00515	0.00723	0.00667	0.01000
36	0.01296	0.03342	0.73944	0.01842	0.02797	0.01501	0.02387	0.02046	0.01364	0.02046	0.01160	0.01364	0.00818	0.00614	0.00614	0.00205	0.00955	0.00477	0.00273	0.00955
37	0.00787	0.00562	0.00750	0.00900	0.00937	0.00525	0.00600	0.00900	0.01237	0.01649	0.03561	0.76871	0.04274	0.02024	0.00825	0.00262	0.00375	0.01837	0.00600	0.00525
38	0.01525	0.01743	0.03813	0.02723	0.03377	0.01634	0.70915	0.02070	0.01525	0.02070	0.01307	0.01743	0.00980	0.00545	0.00763	0.00218	0.01089	0.00763	0.00327	0.00871
39	0.81856	0.01250	0.00950	0.00850	0.01250	0.01449	0.00700	0.01899	0.01100	0.02899	0.00900	0.01050	0.00700	0.00600	0.00400	0.00200	0.00500	0.00350	0.00400	0.00700
40	0.81856	0.01250	0.00950	0.00850	0.01250	0.01449	0.00700	0.01899	0.01100	0.02899	0.00900	0.01050	0.00700	0.00600	0.00400	0.00200	0.00500	0.00350	0.00400	0.00700
41	0.02414	0.03079	0.01831	0.01665	0.01998	0.74698	0.01248	0.02580	0.01831	0.01581	0.00999	0.01165	0.00832	0.00666	0.00583	0.00166	0.01165	0.00416	0.00333	0.00749
42	0.00764	0.00655	0.00655	0.00655	0.00873	0.00545	0.00491	0.00927	0.01473	0.01745	0.06546	0.06218	0.73000	0.01636	0.00764	0.00218	0.00327	0.01364	0.00600	0.00545
43	0.01478	0.01085	0.01278	0.03898	0.01508	0.01131	0.00902	0.18456	0.11085	0.05716	0.26189	0.06843	0.07590	0.01146	0.00716	0.00211	0.00493	0.06326	0.00645	0.03301
44	0.00800	0.00598	0.00751	0.00857	0.00944	0.00539	0.00585	0.00928	0.01283	0.01681	0.04032	0.61541	0.16762	0.01904	0.00803	0.00249	0.00369	0.01704	0.00593	0.03075
45	0.01334	0.01211	0.03420	0.03792	0.01677	0.00901	0.00850	0.01640	0.01339	0.02087	0.01149	0.01355	0.00950	0.00489	0.00489	0.00103	0.00506	0.00393	0.00376	0.75941
46	0.11381	0.08131	0.02042	0.01493	0.01971	0.12933	0.07573	0.31894	0.07860	0.06409	0.01451	0.01511	0.01074	0.00708	0.00601	0.00190	0.00765	0.00542	0.00519	0.00950
47	0.81856	0.01250	0.00950	0.00850	0.01250	0.01449	0.00700	0.01899	0.01100	0.02899	0.00900	0.01050	0.00700	0.00600	0.00400	0.00200	0.00500	0.00350	0.00400	0.00700
48	0.00925	0.00686	0.01007	0.01007	0.01111	0.00790	0.00768	0.01134	0.01029	0.01477	0.01760	0.02698	0.01685	0.11707	0.67966	0.00999	0.01626	0.00716	0.00350	0.00559
49	0.02476	0.01779	0.01920	0.01472	0.01988	0.01957	0.01216	0.68115	0.02986	0.07139	0.01595	0.01580	0.01121	0.00777	0.00647	0.00194	0.00704	0.00585	0.00653	0.01099
50	0.02506	0.01563	0.01800	0.01461	0.04633	0.01647	0.01155	0.47290	0.02592	0.23295	0.01834	0.01761	0.01253	0.00774	0.00641	0.00194	0.00655	0.00601	0.03266	0.01080
51	0.00764	0.00655	0.00655	0.00655	0.00873	0.00545	0.00491	0.00927	0.01473	0.01745	0.06546	0.06218	0.73000	0.01636	0.00764	0.00218	0.00327	0.01364	0.00600	0.00545
52	0.00787	0.00562	0.00750	0.00900	0.00937	0.00525	0.00600	0.00900	0.01237	0.01649	0.03561	0.76871	0.04274	0.02024	0.00825	0.00262	0.00375	0.01837	0.00600	0.00525
53	0.11975	0.07165	0.36030	0.16383	0.08278	0.03888	0.01864	0.01981	0.01347	0.03794	0.01140	0.01405	0.00848	0.00618	0.00581	0.00200	0.00842	0.00481	0.00311	0.00869
54	0.01340	0.01148	0.01340	0.00957	0.01531	0.00861	0.00766	0.01627	0.01340	0.02105	0.01148	0.01340	0.00957	0.00479	0.00479	0.00096	0.00479	0.00383	0.00383	0.81242
55	0.00970	0.00652	0.00846	0.00873	0.01007	0.00598	0.00640	0.01183	0.01547	0.06072	0.31603	0.32676	0.11424	0.01622	0.00788	0.00233	0.00366	0.05646	0.00655	0.00597
56	0.04059	0.01348	0.01638	0.04011	0.11721	0.01442	0.01147	0.24712	0.13591	0.10812	0.02010	0.06928	0.01617	0.00869	0.00641	0.00203	0.00600	0.02896	0.08809	0.00948
57	0.01783	0.07404	0.04200	0.17420	0.32813	0.01560	0.04315	0.08527	0.01621	0.12087	0.01396	0.01658	0.01056	0.00638	0.00629	0.00195	0.00762	0.00573	0.00406	0.00957
58	0.06440	0.16345	0.03822	0.01437	0.01767	0.08692	0.08448	0.04081	0.05050	0.04707	0.08318	0.06684	0.01695	0.01003	0.02841	0.00231	0.16580	0.00671	0.00412	0.00777
59	0.00767	0.00642	0.00668	0.00688	0.00882	0.00543	0.00506	0.00923	0.01440	0.01732	0.06133	0.15989	0.63496	0.01690	0.00772	0.00224	0.00334	0.01429	0.00600	0.00543
60	0.01506	0.01229	0.01449	0.01185	0.06137	0.03187	0.00872	0.01793	0.01402	0.07454	0.01253	0.01415	0.01006	0.00515	0.00505	0.00112	0.00523	0.00416	0.00408	0.67633
61	0.01627	0.03946	0.06910	0.04712	0.38558	0.03357	0.03567	0.05331	0.01527	0.04899	0.01250	0.01526	0.01004	0.00578	0.00598	0.00171	0.00724	0.00524	0.00363	0.18829
62	0.03963	0.24073	0.27170	0.01729	0.04512	0.12320	0.09809	0.05775	0.01521	0.01967	0.01095	0.01295	0.00860	0.00603	0.00567	0.00181	0.00894	0.00470	0.00314	0.00882
63	0.01938	0.01849	0.02125	0.06392	0.27248	0.17544	0.04181	0.14928	0.07725	0.04649	0.01423	0.01625	0.01106	0.00673	0.00628	0.00190	0.00816	0.00565	0.03452	0.00942
64	0.00766	0.00645	0.00664	0.00680	0.00879	0.00543	0.00502	0.00924	0.01448	0.01736	0.06238	0.13489	0.65927	0.01676	0.00770	0.00223	0.00332	0.01412	0.00600	0.00543
65	0.00833	0.00607	0.00790	0.03006	0.01034	0.00579	0.00627	0.00979	0.01285	0.01717	0.07375	0.54013	0.11225	0.05270	0.03295	0.00292	0.00438	0.03242	0.02858	0.00537
66	0.01358	0.01145	0.01483	0.01725	0.16914	0.01204	0.01079	0.06483	0.24449	0.02324	0.07334	0.22930	0.04421	0.01160	0.00704	0.00219	0.00522	0.01029	0.00563	0.02954
67	0.07500	0.01912	0.03897	0.21522	0.23062	0.21875	0.01590	0.07439	0.01617	0.02051	0.01140	0.01462	0.00906	0.00637	0.00608	0.00192	0.00884	0.00513	0.00345	0.00849
68	0.01360	0.01192	0.01634	0.03601	0.04671	0.01572	0.01189	0.01563	0.01118	0.01813	0.01214	0.01700	0.01075	0.00990	0.01562	0.00241	0.50144	0.00576	0.22092	0.00693
69	0.01533	0.01041	0.01267	0.00974	0.01422	0.00860	0.00775	0.04829	0.01627	0.14082	0.20301	0.02409	0.02423	0.00766	0.00589	0.00145	0.00455	0.00642	0.00549	0.43310
70	0.00973	0.00673	0.00882	0.00823	0.00985	0.00620	0.00620	0.01276	0.01830	0.04682	0.70852	0.04749	0.05964	0.01306	0.00759	0.00203	0.00312	0.01153	0.00714	0.00624
71	0.01813	0.01667	0.06678	0.06559	0.27060	0.05821	0.01512	0.12456	0.17105	0.07666	0.01678	0.01805	0.01269	0.00704	0.00635	0.00198	0.00714	0.00601	0.03072	0.00988
72	0.01563	0.01461	0.02133	0.06590	0.38652	0.03587	0.04209	0.02373	0.22754	0.02244	0.01741	0.04302	0.01420	0.00724	0.00648	0.00203	0.00691	0.00667	0.03077	0.00964
73	0.00768	0.00655	0.00661	0.00660	0.00876	0.00548	0.00495	0.00937	0.01484	0.01773	0.08677	0.06174	0.70851	0.01626	0.00764	0.00218	0.00327	0.01357	0.00604	0.00548

[dist]
# distance from previous block
# <min> <max>
8	128

[block]
# block no. 5 follows, 34 sequences, length 33
# corresponding to MSA columns:
# 485-517
name=unknown_F
#
# <colnr> <probs for GDERKNQSTAVLIFYWHMCP>
#	G	D	E	R	K	N	Q	S	T	A	V	L	I	F	Y	W	H	M	C	P
0	0.03895	0.03210	0.06214	0.01798	0.11015	0.07062	0.05696	0.22400	0.08623	0.10006	0.01645	0.03643	0.01277	0.01089	0.06590	0.00268	0.03492	0.00625	0.00504	0.00948
1	0.01649	0.08110	0.01772	0.03782	0.07893	0.09307	0.03422	0.16629	0.07322	0.02373	0.05688	0.06488	0.03481	0.03342	0.07369	0.00274	0.00772	0.00694	0.03319	0.06312
2	0.04560	0.14832	0.03536	0.01496	0.06462	0.12090	0.03481	0.09493	0.05988	0.11964	0.04211	0.05526	0.01434	0.00783	0.00678	0.00185	0.05037	0.00602	0.00469	0.07173
3	0.14484	0.01586	0.01568	0.01385	0.03855	0.15275	0.03332	0.11776	0.03400	0.05931	0.01363	0.01710	0.01125	0.01349	0.10928	0.03374	0.06266	0.02047	0.00427	0.08820
4	0.03843	0.01741	0.01540	0.06507	0.01874	0.21877	0.01052	0.10926	0.10376	0.04029	0.01686	0.05631	0.03490	0.00941	0.03719	0.00209	0.00777	0.00599	0.00457	0.18726
5	0.01014	0.00762	0.00906	0.00832	0.01035	0.00718	0.00634	0.07423	0.01845	0.02505	0.49324	0.04893	0.22968	0.01354	0.00752	0.00206	0.00347	0.01166	0.00677	0.00637
6	0.01417	0.04822	0.34838	0.11416	0.08864	0.01553	0.12681	0.04298	0.07808	0.02126	0.03175	0.01667	0.01116	0.00649	0.00645	0.00206	0.00875	0.00582	0.00345	0.00915
7	0.00901	0.00654	0.00785	0.00752	0.00922	0.00592	0.00564	0.01168	0.01693	0.02352	0.49103	0.04975	0.23291	0.01353	0.00735	0.00202	0.00310	0.01169	0.07885	0.00592
8	0.01372	0.08598	0.11002	0.01422	0.03522	0.01356	0.09515	0.09575	0.10434	0.02311	0.13512	0.07250	0.13210	0.01015	0.00725	0.00208	0.02782	0.00872	0.00509	0.00810
9	0.01317	0.00711	0.00722	0.00682	0.00865	0.00728	0.00521	0.07759	0.01506	0.02558	0.02058	0.02332	0.01606	0.00755	0.00469	0.00154	0.00338	0.00600	0.73670	0.00647
10	0.01608	0.17187	0.46188	0.01638	0.02422	0.04703	0.01914	0.13071	0.01640	0.02251	0.01166	0.01324	0.00866	0.00630	0.00580	0.00189	0.00874	0.00467	0.00336	0.00946
11	0.02287	0.15183	0.02034	0.01501	0.01888	0.50953	0.01182	0.02584	0.06676	0.08131	0.01236	0.01324	0.00981	0.00674	0.00566	0.00168	0.00985	0.00447	0.00388	0.00813
12	0.69073	0.01390	0.01057	0.00949	0.01341	0.06602	0.00767	0.02085	0.07530	0.02789	0.01062	0.01180	0.00823	0.00629	0.00436	0.00199	0.00548	0.00389	0.00418	0.00732
13	0.01631	0.01613	0.08871	0.13314	0.25944	0.01515	0.08624	0.08034	0.12706	0.06302	0.03911	0.01874	0.01332	0.00688	0.00659	0.00204	0.00759	0.00634	0.00432	0.00954
14	0.01419	0.01167	0.01514	0.07402	0.08867	0.01253	0.03410	0.07223	0.23677	0.04803	0.16089	0.03248	0.11403	0.01020	0.00730	0.00214	0.02186	0.02952	0.00580	0.00843
15	0.01037	0.00746	0.00844	0.00804	0.00910	0.00754	0.00537	0.07267	0.01252	0.01639	0.02906	0.04208	0.17020	0.45981	0.10915	0.00550	0.00701	0.00968	0.00453	0.00509
16	0.01284	0.01247	0.05806	0.01443	0.07540	0.03630	0.01075	0.03903	0.18271	0.02005	0.04449	0.11515	0.04002	0.05603	0.18211	0.00434	0.07507	0.00841	0.00469	0.00762
17	0.04976	0.01161	0.01493	0.01159	0.01641	0.01069	0.00954	0.09175	0.04238	0.60761	0.02401	0.02123	0.01543	0.00793	0.00636	0.00198	0.00553	0.00636	0.03421	0.01069
18	0.01753	0.43108	0.19234	0.03570	0.02098	0.09122	0.04066	0.02102	0.01419	0.06595	0.01103	0.01250	0.00886	0.00597	0.00512	0.00166	0.00808	0.00426	0.00319	0.00867
19	0.01415	0.01430	0.02186	0.01879	0.04586	0.01877	0.09656	0.01617	0.01073	0.01635	0.00950	0.01502	0.00899	0.01180	0.04628	0.00300	0.61568	0.00594	0.00292	0.00733
20	0.00893	0.00655	0.00837	0.00801	0.00955	0.00599	0.00597	0.01173	0.01763	0.02457	0.62655	0.08692	0.12735	0.01389	0.00765	0.00208	0.00311	0.01223	0.00694	0.00599
21	0.00777	0.00652	0.00675	0.00676	0.00882	0.00550	0.00504	0.00950	0.01494	0.01812	0.11899	0.08402	0.65270	0.01623	0.00766	0.00218	0.00327	0.01363	0.00609	0.00550
22	0.01186	0.00606	0.00619	0.00616	0.00766	0.00603	0.00462	0.01488	0.01385	0.02420	0.06577	0.02561	0.01936	0.00789	0.00471	0.00154	0.00301	0.00638	0.75820	0.00603
