[name]
unknown

[dist]
# distance from previous block
# <min> <max>
5	356

[block]
# block no. 0 follows, 28 sequences, length 24
# corresponding to MSA columns:
# 429-452
name=unknown_A
#
# <colnr> <probs for GDERKNQSTAVLIFYWHMCP>
#	G	D	E	R	K	N	Q	S	T	A	V	L	I	F	Y	W	H	M	C	P
0	0.07545	0.01720	0.05440	0.01507	0.01897	0.04965	0.01273	0.29824	0.02218	0.03096	0.01780	0.02483	0.01538	0.06286	0.13731	0.00435	0.07709	0.05060	0.00549	0.00944
1	0.01596	0.01817	0.07185	0.04839	0.07505	0.01853	0.30828	0.02024	0.01474	0.02093	0.01458	0.06859	0.01303	0.00955	0.01336	0.00269	0.24504	0.00830	0.00367	0.00904
2	0.00961	0.00741	0.00928	0.01008	0.01095	0.00735	0.00714	0.01101	0.01413	0.01845	0.04371	0.43499	0.18912	0.09279	0.01295	0.00328	0.05555	0.04996	0.00626	0.00599
3	0.03261	0.01237	0.01687	0.01293	0.01856	0.01068	0.01068	0.03543	0.02081	0.70423	0.02868	0.02474	0.01799	0.00900	0.00731	0.00225	0.00619	0.00731	0.00900	0.01237
4	0.01714	0.08119	0.48736	0.06969	0.03002	0.03782	0.02283	0.07739	0.03673	0.05276	0.01428	0.01623	0.01026	0.00723	0.00683	0.00224	0.00997	0.00559	0.00382	0.01061
5	0.01898	0.55247	0.18793	0.01433	0.02154	0.02520	0.01561	0.02272	0.01519	0.05200	0.01168	0.01313	0.00972	0.00651	0.00530	0.00176	0.00837	0.00439	0.00339	0.00980
6	0.79588	0.01406	0.01068	0.00956	0.01406	0.01631	0.00787	0.02137	0.01237	0.03261	0.01012	0.01181	0.00787	0.00675	0.00450	0.00225	0.00562	0.00394	0.00450	0.00787
7	0.01630	0.01134	0.00962	0.00902	0.01127	0.09967	0.00686	0.06470	0.01727	0.02721	0.02166	0.02461	0.01699	0.00836	0.00543	0.00175	0.00497	0.00649	0.62911	0.00738
8	0.02245	0.01547	0.01776	0.01324	0.01933	0.01441	0.01080	0.25390	0.02280	0.14498	0.01715	0.01753	0.01254	0.00717	0.00637	0.00166	0.00644	0.00560	0.00614	0.38425
9	0.01618	0.21401	0.44143	0.02008	0.02919	0.02009	0.11769	0.02274	0.01547	0.02157	0.01255	0.01504	0.00950	0.00662	0.00659	0.00214	0.01022	0.00547	0.00317	0.01025
10	0.01992	0.01448	0.01596	0.01329	0.01723	0.01567	0.01070	0.33125	0.10349	0.03660	0.17830	0.03140	0.02876	0.01078	0.00743	0.00223	0.00602	0.03830	0.10816	0.00999
11	0.01716	0.01961	0.04289	0.03064	0.03799	0.01838	0.67279	0.02328	0.01716	0.02328	0.01471	0.01961	0.01103	0.00613	0.00858	0.00245	0.01225	0.00858	0.00368	0.00980
12	0.01027	0.00737	0.00978	0.00963	0.01081	0.00740	0.00694	0.01265	0.01584	0.02226	0.34194	0.09527	0.04583	0.16930	0.19653	0.00569	0.00833	0.01179	0.00615	0.00621
13	0.01413	0.17932	0.10704	0.01183	0.01604	0.01394	0.01110	0.01900	0.06192	0.04853	0.36591	0.03735	0.06313	0.01147	0.00736	0.00214	0.00561	0.00960	0.00621	0.00839
14	0.01212	0.00733	0.00968	0.01052	0.01185	0.00671	0.00752	0.01377	0.01520	0.10768	0.04087	0.55317	0.09001	0.02049	0.00903	0.00285	0.00461	0.06276	0.00704	0.00681
15	0.11084	0.01254	0.01624	0.01259	0.01809	0.01126	0.01040	0.03398	0.01994	0.63539	0.02678	0.02342	0.01696	0.00877	0.00702	0.00225	0.00613	0.00696	0.00854	0.01191
16	0.01799	0.01727	0.02950	0.04462	0.69919	0.01727	0.02231	0.02231	0.01655	0.02375	0.01367	0.01799	0.01151	0.00648	0.00720	0.00216	0.00864	0.00648	0.00360	0.01151
17	0.01562	0.07214	0.14203	0.07430	0.06795	0.01694	0.33952	0.02109	0.01634	0.02206	0.01976	0.04238	0.05551	0.00845	0.00798	0.00242	0.01023	0.05196	0.00397	0.00936
18	0.00886	0.00633	0.00843	0.01012	0.01054	0.00590	0.00675	0.01012	0.01392	0.01856	0.04006	0.73979	0.04808	0.02277	0.00928	0.00295	0.00422	0.02066	0.00675	0.00590
19	0.00886	0.00633	0.00843	0.01012	0.01054	0.00590	0.00675	0.01012	0.01392	0.01856	0.04006	0.73979	0.04808	0.02277	0.00928	0.00295	0.00422	0.02066	0.00675	0.00590
20	0.01693	0.24411	0.39977	0.04092	0.02820	0.06326	0.06774	0.02290	0.01560	0.02084	0.01219	0.01456	0.00940	0.00670	0.00636	0.00207	0.01009	0.00516	0.00317	0.01004
21	0.01804	0.23353	0.36663	0.02002	0.07957	0.12236	0.02061	0.02349	0.01605	0.02067	0.01201	0.01420	0.00945	0.00677	0.00625	0.00202	0.01010	0.00495	0.00322	0.01007
22	0.02053	0.07008	0.03976	0.09614	0.10670	0.11296	0.08309	0.05689	0.12419	0.10193	0.01752	0.01929	0.01327	0.00786	0.00775	0.00218	0.04191	0.00651	0.02180	0.04964
23	0.01670	0.10719	0.01455	0.01049	0.01364	0.06846	0.00850	0.08808	0.03961	0.04792	0.02903	0.05821	0.11459	0.01067	0.00641	0.00202	0.00561	0.03760	0.31268	0.00804

[dist]
# distance from previous block
# <min> <max>
4	43

[block]
# block no. 1 follows, 28 sequences, length 8
# corresponding to MSA columns:
# 496-503
name=unknown_B
#
# <colnr> <probs for GDERKNQSTAVLIFYWHMCP>
#	G	D	E	R	K	N	Q	S	T	A	V	L	I	F	Y	W	H	M	C	P
0	0.02005	0.02313	0.18846	0.01736	0.02276	0.09400	0.03387	0.20236	0.05537	0.06132	0.01906	0.11608	0.01660	0.01048	0.00915	0.00241	0.08398	0.00814	0.00535	0.01008
1	0.02121	0.02452	0.05661	0.10593	0.02517	0.34437	0.05159	0.08914	0.01921	0.02171	0.01421	0.01774	0.01153	0.01397	0.10383	0.00336	0.01230	0.00589	0.04909	0.00862
2	0.02162	0.01688	0.03853	0.01609	0.02037	0.08688	0.09614	0.13824	0.01999	0.18187	0.02630	0.02874	0.10771	0.07857	0.01204	0.00280	0.08340	0.00832	0.00597	0.00953
3	0.01653	0.01455	0.02584	0.09182	0.19211	0.01447	0.20655	0.04510	0.01754	0.05015	0.07719	0.02775	0.01956	0.00859	0.00764	0.00230	0.00837	0.05311	0.11146	0.00936
4	0.01397	0.01411	0.02690	0.02443	0.13544	0.01329	0.30218	0.01795	0.01614	0.02164	0.02917	0.21289	0.11449	0.01218	0.00853	0.00253	0.00840	0.01229	0.00488	0.00857
5	0.38374	0.01286	0.01349	0.01135	0.01587	0.01356	0.00929	0.05214	0.01619	0.27124	0.01834	0.01896	0.01309	0.01417	0.10296	0.00354	0.00782	0.00578	0.00614	0.00948
6	0.00953	0.00730	0.00872	0.00858	0.01044	0.00650	0.00635	0.01216	0.01847	0.02464	0.40381	0.12397	0.29938	0.01691	0.00865	0.00241	0.00360	0.01466	0.00742	0.00650
7	0.01557	0.01771	0.08090	0.01572	0.01814	0.13279	0.01336	0.01952	0.06088	0.01863	0.01574	0.02195	0.01417	0.04961	0.28079	0.00617	0.19982	0.00679	0.00387	0.00788

[dist]
# distance from previous block
# <min> <max>
0	14

[block]
# block no. 2 follows, 28 sequences, length 14
# corresponding to MSA columns:
# 518-531
name=unknown_C
#
# <colnr> <probs for GDERKNQSTAVLIFYWHMCP>
#	G	D	E	R	K	N	Q	S	T	A	V	L	I	F	Y	W	H	M	C	P
0	0.01781	0.15378	0.15106	0.10895	0.08777	0.09944	0.01637	0.05096	0.01695	0.05457	0.02205	0.02380	0.11125	0.00903	0.00769	0.00218	0.04587	0.00693	0.00426	0.00928
1	0.00972	0.00740	0.00935	0.01025	0.01152	0.00724	0.00745	0.01246	0.04900	0.01940	0.04362	0.40318	0.18188	0.02563	0.11308	0.00413	0.00662	0.06532	0.00636	0.00639
2	0.01020	0.00794	0.01154	0.01520	0.11192	0.00758	0.00904	0.01192	0.01430	0.01932	0.03618	0.63354	0.04269	0.02037	0.00897	0.00284	0.00487	0.01858	0.00628	0.00673
3	0.08808	0.01496	0.02265	0.28664	0.15088	0.04291	0.08039	0.05176	0.01563	0.02227	0.01400	0.01938	0.01134	0.01415	0.11183	0.00371	0.03027	0.00656	0.00377	0.00882
4	0.01724	0.04496	0.07735	0.08830	0.23707	0.01559	0.13518	0.02274	0.06102	0.08582	0.02488	0.02684	0.11311	0.00872	0.00756	0.00229	0.00836	0.00817	0.00474	0.01005
5	0.01355	0.00678	0.00678	0.00678	0.00847	0.00678	0.00508	0.01694	0.01524	0.02710	0.02371	0.02710	0.01863	0.00847	0.00508	0.00169	0.00339	0.00678	0.78489	0.00678
6	0.00938	0.00713	0.00944	0.01008	0.01131	0.00719	0.00736	0.01130	0.01368	0.01816	0.04000	0.30838	0.18861	0.03399	0.28155	0.00620	0.00997	0.01445	0.00565	0.00618
7	0.01797	0.05576	0.20276	0.27849	0.03572	0.09048	0.08158	0.02366	0.03384	0.08959	0.01484	0.01808	0.01081	0.00728	0.00711	0.00228	0.01003	0.00620	0.00397	0.00955
8	0.02233	0.04582	0.07046	0.05270	0.02297	0.05861	0.01409	0.27409	0.26952	0.06117	0.02120	0.02080	0.01556	0.00879	0.00716	0.00227	0.00767	0.00690	0.00653	0.01138
9	0.72338	0.01395	0.01171	0.07607	0.01740	0.01629	0.00901	0.02111	0.01257	0.03131	0.01038	0.01251	0.00804	0.00680	0.00476	0.00227	0.00600	0.00417	0.00438	0.00789
10	0.01510	0.01395	0.03721	0.28752	0.13461	0.04238	0.01568	0.06114	0.01778	0.02432	0.17407	0.02735	0.02459	0.00925	0.00779	0.00227	0.02634	0.00796	0.06209	0.00859
11	0.61118	0.01249	0.00990	0.00904	0.01306	0.01392	0.00732	0.01880	0.01336	0.02957	0.02502	0.02545	0.16936	0.00948	0.00546	0.00230	0.00517	0.00661	0.00503	0.00747
12	0.01113	0.18133	0.01457	0.00855	0.01189	0.01144	0.00715	0.01309	0.01615	0.01904	0.05873	0.05628	0.53509	0.01555	0.00767	0.00224	0.00464	0.01265	0.00590	0.00689
13	0.01915	0.02473	0.17928	0.01700	0.02259	0.16279	0.01564	0.03297	0.39033	0.02605	0.02189	0.02144	0.01648	0.00868	0.00711	0.00230	0.00845	0.00681	0.00562	0.01069

[dist]
# distance from previous block
# <min> <max>
0	1

[block]
# block no. 3 follows, 28 sequences, length 63
# corresponding to MSA columns:
# 533-595
name=unknown_D
#
# <colnr> <probs for GDERKNQSTAVLIFYWHMCP>
#	G	D	E	R	K	N	Q	S	T	A	V	L	I	F	Y	W	H	M	C	P
0	0.01933	0.02962	0.43505	0.01946	0.02825	0.01738	0.06067	0.14670	0.04550	0.10415	0.01636	0.01751	0.01139	0.00755	0.00714	0.00229	0.00962	0.00611	0.00472	0.01120
1	0.03921	0.01750	0.12315	0.01700	0.02052	0.01675	0.04514	0.05639	0.04558	0.11680	0.01786	0.08262	0.01555	0.01496	0.07381	0.00348	0.27185	0.00786	0.00482	0.00916
2	0.02686	0.03272	0.02019	0.01812	0.02207	0.65358	0.01366	0.02883	0.02036	0.04791	0.01207	0.01370	0.00980	0.00746	0.00654	0.00185	0.01247	0.00478	0.00400	0.04302
3	0.01254	0.01562	0.18592	0.01326	0.01733	0.01082	0.01292	0.01683	0.03131	0.05474	0.02677	0.03212	0.11644	0.07061	0.34179	0.00699	0.01324	0.00843	0.00449	0.00783
4	0.01522	0.07248	0.10606	0.01346	0.01726	0.03759	0.01208	0.12165	0.04416	0.02526	0.10759	0.12454	0.02689	0.02115	0.15645	0.00430	0.00952	0.04191	0.03396	0.00845
5	0.01765	0.46857	0.20279	0.07723	0.02462	0.02413	0.01667	0.02267	0.04967	0.01940	0.01210	0.01406	0.01000	0.00667	0.00559	0.00186	0.00858	0.00471	0.00333	0.00969
6	0.01306	0.00808	0.01043	0.00947	0.01177	0.00729	0.00723	0.01625	0.02021	0.11723	0.54588	0.05195	0.12407	0.01444	0.00841	0.00230	0.00382	0.01259	0.00801	0.00751
7	0.01637	0.01671	0.05803	0.27811	0.44533	0.01687	0.02179	0.02106	0.01580	0.02194	0.01339	0.01835	0.01078	0.00677	0.00721	0.00226	0.00909	0.00642	0.00345	0.01030
8	0.02310	0.01985	0.08801	0.09559	0.02514	0.07967	0.03745	0.25571	0.08237	0.13383	0.01965	0.04432	0.01463	0.00880	0.00722	0.00225	0.00828	0.00708	0.03627	0.01077
9	0.01360	0.00729	0.00742	0.00725	0.00894	0.00733	0.00533	0.03876	0.01547	0.02624	0.02483	0.03001	0.03841	0.08164	0.00842	0.00226	0.00392	0.00739	0.65878	0.00671
10	0.00882	0.00646	0.00829	0.00976	0.01045	0.00593	0.00659	0.01016	0.01427	0.01870	0.04448	0.65168	0.13334	0.02220	0.00919	0.00289	0.00415	0.01996	0.00675	0.00593
11	0.02605	0.16864	0.05376	0.01531	0.02097	0.12653	0.01326	0.22536	0.05783	0.19509	0.01819	0.01781	0.01304	0.00807	0.00663	0.00204	0.00830	0.00594	0.00613	0.01103
12	0.01345	0.00884	0.01188	0.01282	0.01488	0.00873	0.01084	0.01736	0.05148	0.08157	0.03894	0.13872	0.06946	0.01877	0.00952	0.00312	0.00622	0.46913	0.00694	0.00734
13	0.02161	0.01725	0.01846	0.01518	0.02020	0.01906	0.01215	0.29130	0.36075	0.03593	0.02313	0.02209	0.01716	0.00898	0.00715	0.00222	0.00662	0.00717	0.00705	0.08654
14	0.01816	0.01673	0.03097	0.08474	0.03135	0.01593	0.35791	0.04067	0.01700	0.09033	0.01535	0.01889	0.01150	0.00678	0.00845	0.00217	0.04844	0.00720	0.00437	0.17307
15	0.19744	0.27250	0.10308	0.01459	0.02027	0.05623	0.07050	0.02187	0.01493	0.05324	0.01547	0.01736	0.04659	0.00924	0.03229	0.00240	0.03352	0.00552	0.00400	0.00896
16	0.01458	0.03760	0.70688	0.02072	0.03146	0.01688	0.02686	0.02302	0.01535	0.02302	0.01304	0.01535	0.00921	0.00691	0.00691	0.00230	0.01074	0.00537	0.00307	0.01074
17	0.01659	0.01569	0.02582	0.26672	0.42585	0.01697	0.02066	0.02251	0.07454	0.02263	0.01482	0.01925	0.01185	0.00703	0.00724	0.00227	0.00873	0.00662	0.00381	0.01038
18	0.01537	0.00966	0.01181	0.01115	0.01359	0.00940	0.00833	0.09789	0.04920	0.12770	0.13505	0.34242	0.10557	0.01677	0.00848	0.00258	0.00488	0.01470	0.00737	0.00810
19	0.03069	0.01249	0.01665	0.01288	0.01824	0.01112	0.01059	0.07212	0.02159	0.61579	0.07643	0.02645	0.02133	0.00941	0.00740	0.00225	0.00609	0.00769	0.00882	0.01197
20	0.01444	0.01382	0.02388	0.60556	0.12946	0.01641	0.05546	0.01929	0.01492	0.01946	0.01311	0.01922	0.00999	0.00711	0.00733	0.00239	0.00970	0.00658	0.00330	0.00859
21	0.01634	0.01609	0.02479	0.34886	0.29806	0.05474	0.02023	0.02047	0.01529	0.02043	0.01277	0.01814	0.01037	0.00755	0.00895	0.00237	0.08539	0.00636	0.00340	0.00942
22	0.03261	0.01237	0.01687	0.01293	0.01856	0.01068	0.01068	0.03543	0.02081	0.70423	0.02868	0.02474	0.01799	0.00900	0.00731	0.00225	0.00619	0.00731	0.00900	0.01237
23	0.03261	0.01237	0.01687	0.01293	0.01856	0.01068	0.01068	0.03543	0.02081	0.70423	0.02868	0.02474	0.01799	0.00900	0.00731	0.00225	0.00619	0.00731	0.00900	0.01237
24	0.01447	0.01397	0.02417	0.57950	0.10504	0.01670	0.07187	0.01923	0.01477	0.01935	0.01297	0.01912	0.00995	0.00735	0.00812	0.00244	0.04254	0.00662	0.00330	0.00851
25	0.01534	0.09789	0.58089	0.02237	0.09678	0.01796	0.02514	0.02284	0.01542	0.02257	0.01285	0.01529	0.00945	0.00680	0.00674	0.00222	0.01027	0.00535	0.00313	0.01070
26	0.01007	0.00719	0.00983	0.01151	0.01247	0.00695	0.00886	0.01222	0.01512	0.01992	0.03939	0.45989	0.04542	0.02163	0.00960	0.00312	0.00527	0.28857	0.00672	0.00624
27	0.01057	0.00705	0.00793	0.00793	0.00793	0.00705	0.00440	0.01057	0.01057	0.01409	0.02290	0.04757	0.02643	0.74454	0.03700	0.00705	0.00705	0.01057	0.00440	0.00440
28	0.02610	0.01706	0.05401	0.01443	0.01961	0.08319	0.01217	0.11110	0.13457	0.34692	0.02754	0.02683	0.05261	0.00970	0.00738	0.00229	0.00715	0.02861	0.00748	0.01124
29	0.02476	0.01791	0.01954	0.05322	0.02189	0.01982	0.01284	0.54045	0.03027	0.04153	0.01816	0.01901	0.01317	0.00861	0.00694	0.00212	0.00739	0.00657	0.12452	0.01129
30	0.00886	0.00633	0.00843	0.01012	0.01054	0.00590	0.00675	0.01012	0.01392	0.01856	0.04006	0.73979	0.04808	0.02277	0.00928	0.00295	0.00422	0.02066	0.00675	0.00590
31	0.02643	0.01871	0.02013	0.01559	0.02099	0.02052	0.01283	0.58509	0.03179	0.06940	0.01851	0.01869	0.01320	0.00871	0.00706	0.00214	0.00747	0.00660	0.08434	0.01181
32	0.02647	0.06899	0.02269	0.01872	0.02300	0.57290	0.05320	0.05427	0.02064	0.05591	0.01256	0.01422	0.01004	0.00747	0.00665	0.00192	0.01221	0.00509	0.00413	0.00892
33	0.79588	0.01406	0.01068	0.00956	0.01406	0.01631	0.00787	0.02137	0.01237	0.03261	0.01012	0.01181	0.00787	0.00675	0.00450	0.00225	0.00562	0.00394	0.00450	0.00787
34	0.14094	0.03170	0.41425	0.01950	0.02771	0.14058	0.08066	0.02385	0.01597	0.02364	0.01241	0.01478	0.00919	0.00691	0.00661	0.00223	0.01049	0.00532	0.00347	0.00979
35	0.01709	0.33719	0.31528	0.01927	0.04981	0.02214	0.10211	0.02250	0.01537	0.02056	0.01203	0.01441	0.00957	0.00650	0.00617	0.00200	0.00960	0.00518	0.00318	0.01005
36	0.01129	0.00875	0.01192	0.01144	0.01208	0.01034	0.00842	0.01279	0.01120	0.01596	0.01921	0.03352	0.01985	0.29769	0.36582	0.00872	0.12249	0.00858	0.00397	0.00596
37	0.00897	0.00738	0.00789	0.00776	0.01005	0.00630	0.00582	0.01116	0.01746	0.02175	0.21197	0.06647	0.55659	0.01762	0.00859	0.00242	0.00363	0.01485	0.00703	0.00630
38	0.01808	0.01561	0.01644	0.01479	0.01890	0.01808	0.01151	0.03863	0.68606	0.03041	0.02959	0.02712	0.02219	0.00986	0.00740	0.00247	0.00575	0.00822	0.00740	0.01151
39	0.02056	0.01523	0.01699	0.01399	0.01874	0.01601	0.01124	0.22058	0.24309	0.08683	0.08971	0.02736	0.02268	0.00973	0.00728	0.00218	0.00621	0.03597	0.00705	0.12859
40	0.01801	0.11968	0.31531	0.04953	0.13742	0.01736	0.04410	0.02432	0.04301	0.10677	0.04509	0.01893	0.01387	0.00745	0.00688	0.00219	0.00895	0.00621	0.00431	0.01061
41	0.01716	0.01961	0.04289	0.03064	0.03799	0.01838	0.67279	0.02328	0.01716	0.02328	0.01471	0.01961	0.01103	0.00613	0.00858	0.00245	0.01225	0.00858	0.00368	0.00980
42	0.00885	0.00636	0.00840	0.01003	0.01052	0.00591	0.00671	0.01013	0.01401	0.01859	0.04119	0.71739	0.06975	0.02263	0.00926	0.00294	0.00420	0.02049	0.00675	0.00591
43	0.01480	0.02502	0.31371	0.09094	0.03328	0.01614	0.26527	0.02125	0.01593	0.02224	0.01851	0.06360	0.04901	0.00821	0.00780	0.00242	0.01044	0.00812	0.00373	0.00960
44	0.01555	0.01524	0.02515	0.47365	0.22762	0.03964	0.05963	0.02023	0.01545	0.02026	0.01318	0.01880	0.01026	0.00699	0.00730	0.00233	0.00967	0.00653	0.00338	0.00914
45	0.01515	0.01686	0.10199	0.35618	0.19676	0.01590	0.08283	0.02027	0.01542	0.02149	0.01422	0.01929	0.01097	0.00703	0.00715	0.00229	0.00926	0.00657	0.07114	0.00924
46	0.01069	0.00799	0.01032	0.01152	0.01336	0.00762	0.00972	0.01352	0.01656	0.02101	0.04863	0.10767	0.22958	0.01972	0.00959	0.00307	0.00572	0.44051	0.00671	0.00650
47	0.01454	0.01264	0.02171	0.52514	0.04186	0.01468	0.07864	0.01891	0.01507	0.06004	0.01760	0.11449	0.01536	0.00930	0.00766	0.00248	0.00900	0.00858	0.00408	0.00821
48	0.01830	0.12044	0.25519	0.15419	0.06430	0.04314	0.01900	0.06178	0.04668	0.09496	0.01632	0.04606	0.01267	0.00797	0.00686	0.00222	0.00900	0.00642	0.00437	0.01011
49	0.00946	0.00772	0.00842	0.00847	0.01063	0.00693	0.00626	0.01259	0.05689	0.02161	0.16276	0.15907	0.46745	0.01796	0.00861	0.00250	0.00384	0.01532	0.00698	0.00654
50	0.01568	0.05252	0.10084	0.04757	0.05626	0.03683	0.05252	0.05879	0.03291	0.06201	0.03481	0.02366	0.01622	0.02562	0.27697	0.00577	0.01254	0.00707	0.07280	0.00861
51	0.01903	0.05046	0.02207	0.14645	0.21254	0.14714	0.01582	0.06674	0.01722	0.05132	0.01569	0.04501	0.01402	0.09943	0.01152	0.00281	0.04237	0.00704	0.00422	0.00911
52	0.09051	0.04022	0.04635	0.01297	0.01676	0.07656	0.01065	0.04546	0.11518	0.06048	0.02537	0.19874	0.02495	0.01267	0.00740	0.00236	0.00651	0.08429	0.00585	0.11672
53	0.01856	0.11436	0.06380	0.02005	0.02587	0.01954	0.23136	0.12941	0.13718	0.02682	0.01987	0.02164	0.04945	0.00828	0.00836	0.00228	0.05208	0.00748	0.00496	0.03865
54	0.14096	0.04384	0.01949	0.10791	0.19182	0.03511	0.01417	0.07690	0.11174	0.02600	0.01998	0.14371	0.01852	0.01014	0.00705	0.00236	0.00714	0.00864	0.00508	0.00944
55	0.01932	0.01646	0.05408	0.16007	0.21687	0.01656	0.03970	0.14783	0.04412	0.08563	0.01974	0.02219	0.04908	0.00832	0.00770	0.00227	0.02786	0.00713	0.04469	0.01037
56	0.01908	0.06669	0.02312	0.27449	0.13828	0.04147	0.01690	0.16528	0.04272	0.04476	0.01511	0.01858	0.01160	0.00788	0.00785	0.00225	0.04731	0.00634	0.04045	0.00983
57	0.05320	0.04136	0.06213	0.14883	0.17794	0.04180	0.01595	0.10020	0.08337	0.08347	0.04574	0.02275	0.03881	0.02703	0.00783	0.00234	0.00790	0.00702	0.00511	0.02724
58	0.08639	0.11643	0.04934	0.12927	0.09105	0.01853	0.01470	0.14241	0.01808	0.05546	0.01481	0.03512	0.01212	0.01043	0.04094	0.00265	0.08624	0.00621	0.02590	0.04392
59	0.07058	0.07554	0.04318	0.07121	0.05735	0.05426	0.01301	0.10461	0.12120	0.07892	0.02075	0.02209	0.05424	0.01044	0.03181	0.00252	0.06843	0.00673	0.03100	0.06212
60	0.09494	0.10423	0.11639	0.07042	0.05408	0.08320	0.05123	0.09144	0.01734	0.05140	0.01570	0.05630	0.01333	0.03264	0.00844	0.00233	0.04702	0.00661	0.05280	0.03014
61	0.06593	0.16008	0.06302	0.05782	0.05934	0.06085	0.11375	0.09414	0.06834	0.05600	0.01506	0.01735	0.01179	0.00907	0.03442	0.00244	0.02845	0.00603	0.00452	0.07162
62	0.05549	0.11267	0.05669	0.03245	0.02051	0.03732	0.05398	0.26345	0.05801	0.03081	0.01969	0.05214	0.04121	0.00991	0.00792	0.04420	0.00747	0.00717	0.07923	0.00970

[dist]
# distance from previous block
# <min> <max>
23	66

[block]
# block no. 4 follows, 28 sequences, length 36
# corresponding to MSA columns:
# 668-703
name=unknown_E
#
# <colnr> <probs for GDERKNQSTAVLIFYWHMCP>
#	G	D	E	R	K	N	Q	S	T	A	V	L	I	F	Y	W	H	M	C	P
0	0.01875	0.09266	0.08617	0.07997	0.02668	0.09282	0.15705	0.11729	0.06040	0.02443	0.01529	0.01977	0.01253	0.06943	0.01012	0.00255	0.03391	0.00668	0.00438	0.06912
1	0.27489	0.01796	0.08316	0.07440	0.01975	0.12544	0.01184	0.04374	0.01625	0.02582	0.10344	0.02437	0.06864	0.01292	0.06614	0.00302	0.00851	0.00686	0.00479	0.00805
2	0.01713	0.05650	0.39358	0.16022	0.05558	0.11555	0.02241	0.05576	0.01689	0.02237	0.01290	0.01589	0.00957	0.00711	0.00688	0.00223	0.01055	0.00553	0.00343	0.00995
3	0.01728	0.01732	0.02632	0.03343	0.41118	0.06899	0.07471	0.02076	0.01573	0.02153	0.01649	0.04302	0.03774	0.04963	0.01140	0.00262	0.11070	0.00749	0.00381	0.00987
4	0.00870	0.00695	0.00779	0.00847	0.01011	0.00604	0.00602	0.01031	0.01550	0.01920	0.06014	0.33934	0.43558	0.02016	0.00887	0.00265	0.00390	0.01748	0.00675	0.00604
5	0.02037	0.01675	0.01772	0.01526	0.01977	0.01915	0.01206	0.19103	0.52993	0.03410	0.02668	0.02480	0.01984	0.00959	0.00737	0.00240	0.00629	0.00782	0.00737	0.01171
6	0.01443	0.03432	0.62057	0.02106	0.06356	0.01615	0.02513	0.02229	0.01580	0.02352	0.06414	0.01840	0.01377	0.00748	0.00705	0.00229	0.01009	0.00601	0.00347	0.01049
7	0.02465	0.19713	0.16060	0.01644	0.05545	0.07597	0.01520	0.02846	0.01803	0.31085	0.01886	0.01840	0.01310	0.00766	0.00652	0.00206	0.00818	0.00583	0.00568	0.01094
8	0.02250	0.02003	0.01934	0.01670	0.01923	0.23049	0.01332	0.02456	0.01688	0.17127	0.06002	0.03987	0.01631	0.01071	0.01346	0.00251	0.28184	0.00690	0.00506	0.00895
9	0.00885	0.00637	0.00839	0.01002	0.01052	0.00591	0.00670	0.01013	0.01402	0.01860	0.04134	0.71440	0.07265	0.02261	0.00925	0.00293	0.00420	0.02046	0.00675	0.00591
10	0.01066	0.00805	0.01114	0.01232	0.06878	0.00755	0.00814	0.01375	0.01897	0.02667	0.51290	0.18204	0.05987	0.01566	0.00859	0.00240	0.00402	0.01402	0.00739	0.00707
11	0.02639	0.01957	0.02014	0.01599	0.02120	0.07830	0.01309	0.49464	0.03023	0.10284	0.05318	0.02284	0.01694	0.00952	0.00742	0.00223	0.00796	0.03891	0.00714	0.01147
12	0.03261	0.01237	0.01687	0.01293	0.01856	0.01068	0.01068	0.03543	0.02081	0.70423	0.02868	0.02474	0.01799	0.00900	0.00731	0.00225	0.00619	0.00731	0.00900	0.01237
13	0.03261	0.01237	0.01687	0.01293	0.01856	0.01068	0.01068	0.03543	0.02081	0.70423	0.02868	0.02474	0.01799	0.00900	0.00731	0.00225	0.00619	0.00731	0.00900	0.01237
14	0.01857	0.04944	0.01495	0.01183	0.01521	0.04708	0.00928	0.10439	0.08630	0.15124	0.27888	0.03733	0.05771	0.07330	0.01016	0.00263	0.00575	0.00973	0.00723	0.00898
15	0.02367	0.14499	0.02332	0.01652	0.02091	0.25230	0.01347	0.21955	0.07581	0.02698	0.01456	0.01613	0.01164	0.01015	0.03621	0.00246	0.07085	0.00565	0.00494	0.00988
16	0.01038	0.00779	0.01168	0.01168	0.01298	0.00909	0.00909	0.01298	0.01168	0.01687	0.01947	0.02856	0.01817	0.05452	0.71573	0.01168	0.01947	0.00779	0.00389	0.00649
17	0.02873	0.01590	0.01856	0.01434	0.01977	0.01625	0.01181	0.34990	0.02699	0.32837	0.02276	0.02132	0.01526	0.00882	0.00712	0.00217	0.00687	0.00689	0.06621	0.01195
18	0.01940	0.01698	0.02495	0.20025	0.08732	0.08061	0.11829	0.02296	0.01577	0.12827	0.01473	0.01868	0.01130	0.00874	0.01172	0.00252	0.19719	0.00674	0.00428	0.00931
19	0.79588	0.01406	0.01068	0.00956	0.01406	0.01631	0.00787	0.02137	0.01237	0.03261	0.01012	0.01181	0.00787	0.00675	0.00450	0.00225	0.00562	0.00394	0.00450	0.00787
20	0.01394	0.02124	0.26727	0.15053	0.02879	0.01479	0.06345	0.03749	0.01556	0.02180	0.02128	0.09245	0.05088	0.01084	0.00910	0.00256	0.07043	0.07137	0.02743	0.00880
21	0.00929	0.00673	0.00887	0.01041	0.01120	0.00631	0.00744	0.01093	0.01458	0.01915	0.04256	0.58064	0.10001	0.02199	0.00934	0.00297	0.00457	0.12021	0.00674	0.00605
22	0.01507	0.01292	0.01507	0.01077	0.01723	0.00969	0.00861	0.01830	0.01507	0.02369	0.01292	0.01507	0.01077	0.00538	0.00538	0.00108	0.00538	0.00431	0.00431	0.78898
23	0.01479	0.00997	0.01433	0.03519	0.01640	0.00945	0.07481	0.03754	0.04105	0.13068	0.07693	0.25554	0.15457	0.05860	0.01019	0.00286	0.00580	0.03683	0.00666	0.00784
24	0.01029	0.00743	0.00972	0.00914	0.01086	0.00686	0.00686	0.01372	0.02058	0.02915	0.69536	0.05430	0.06859	0.01486	0.00857	0.00229	0.00343	0.01315	0.00800	0.00686
25	0.02503	0.02621	0.08018	0.01857	0.02378	0.25213	0.04723	0.32681	0.02561	0.03146	0.01432	0.01583	0.01083	0.00832	0.00825	0.00217	0.06162	0.00591	0.00528	0.01048
26	0.08262	0.13510	0.04682	0.21872	0.06350	0.09479	0.11277	0.02099	0.01513	0.02032	0.01263	0.01713	0.01034	0.01075	0.06080	0.00294	0.05646	0.00601	0.00350	0.00867
27	0.02034	0.04050	0.06679	0.01259	0.01701	0.03307	0.01088	0.06737	0.08046	0.24488	0.20987	0.03631	0.08979	0.01144	0.00769	0.00229	0.00592	0.02562	0.00740	0.00977
28	0.00919	0.00653	0.00859	0.01000	0.01051	0.00615	0.00674	0.01055	0.01413	0.01893	0.07761	0.61683	0.04725	0.08300	0.01160	0.00327	0.00450	0.04215	0.00662	0.00586
29	0.01724	0.04746	0.01411	0.03584	0.01612	0.01340	0.00962	0.02785	0.30027	0.08438	0.02665	0.02982	0.02099	0.00978	0.00666	0.00220	0.00529	0.05331	0.26959	0.00942
30	0.00957	0.00696	0.00915	0.01068	0.01148	0.00666	0.00764	0.01174	0.03352	0.01945	0.04073	0.58902	0.06977	0.02181	0.00932	0.00298	0.00464	0.12192	0.00676	0.00620
31	0.02129	0.01618	0.01882	0.01519	0.01979	0.01754	0.04376	0.33548	0.17773	0.05628	0.16940	0.02805	0.02704	0.01021	0.00765	0.00228	0.00664	0.00850	0.00733	0.01083
32	0.01618	0.27497	0.12166	0.04830	0.02046	0.04345	0.03409	0.06593	0.01796	0.02317	0.16686	0.02840	0.09138	0.00969	0.00673	0.00204	0.00729	0.00775	0.00488	0.00881
33	0.01542	0.01319	0.01613	0.01206	0.01793	0.01100	0.03304	0.04328	0.06227	0.02437	0.01486	0.01730	0.01225	0.00998	0.06554	0.00216	0.00694	0.00511	0.00457	0.61260
34	0.02156	0.10837	0.02288	0.04234	0.02150	0.14243	0.03427	0.18731	0.04025	0.05882	0.01738	0.04472	0.03977	0.00993	0.01079	0.00235	0.17392	0.00686	0.00500	0.00955
35	0.01538	0.01735	0.08796	0.07014	0.02393	0.07159	0.12027	0.01939	0.01605	0.02242	0.06653	0.08524	0.01816	0.00851	0.00747	0.00192	0.03054	0.00753	0.00442	0.30522

[dist]
# distance from previous block
# <min> <max>
7	17

[block]
# block no. 5 follows, 28 sequences, length 10
# corresponding to MSA columns:
# 721-730
name=unknown_F
#
# <colnr> <probs for GDERKNQSTAVLIFYWHMCP>
#	G	D	E	R	K	N	Q	S	T	A	V	L	I	F	Y	W	H	M	C	P
0	0.01809	0.01462	0.07728	0.01248	0.01634	0.08546	0.01071	0.02157	0.03806	0.19793	0.10479	0.12551	0.16917	0.01377	0.00804	0.00244	0.00634	0.06192	0.00681	0.00867
1	0.01797	0.01272	0.01473	0.07019	0.01805	0.01317	0.00977	0.18760	0.07558	0.08509	0.02628	0.03319	0.09120	0.22193	0.01583	0.00356	0.00681	0.00865	0.00594	0.08173
2	0.00957	0.00680	0.00817	0.00888	0.00965	0.00637	0.00585	0.01082	0.01400	0.01864	0.09365	0.36011	0.14598	0.22217	0.01670	0.00392	0.00483	0.01592	0.03236	0.00563
3	0.01869	0.01562	0.02548	0.10374	0.24428	0.01599	0.13138	0.06311	0.10708	0.09828	0.02021	0.08797	0.01683	0.00888	0.00768	0.00236	0.00828	0.00850	0.00517	0.01046
4	0.08652	0.01085	0.01420	0.16773	0.02123	0.01240	0.01118	0.06990	0.01546	0.02231	0.05607	0.19957	0.08156	0.01471	0.01137	0.07567	0.08444	0.01074	0.02693	0.00716
5	0.01183	0.00754	0.01014	0.01082	0.01206	0.00730	0.00803	0.01380	0.01501	0.07547	0.08988	0.34568	0.04080	0.10616	0.07858	0.00421	0.00656	0.14309	0.00649	0.00655
6	0.01128	0.00866	0.01279	0.01240	0.01341	0.01047	0.00968	0.01322	0.01141	0.01656	0.01760	0.02638	0.01658	0.04660	0.56573	0.08286	0.10682	0.00747	0.00374	0.00636
7	0.08006	0.01505	0.07886	0.01399	0.01671	0.04389	0.01193	0.09352	0.01619	0.02330	0.04149	0.19322	0.08425	0.01801	0.08031	0.00354	0.16211	0.01051	0.00514	0.00793
8	0.01505	0.01268	0.01712	0.20430	0.15569	0.07062	0.01339	0.01682	0.01377	0.01830	0.01494	0.02305	0.01342	0.09147	0.01565	0.20527	0.00802	0.00675	0.07669	0.00699
9	0.00922	0.00678	0.00844	0.00941	0.01036	0.00624	0.00649	0.01078	0.01492	0.01960	0.11542	0.45295	0.16905	0.08823	0.01168	0.00318	0.00438	0.04025	0.00666	0.00594

[dist]
# distance from previous block
# <min> <max>
4	27

[block]
# block no. 6 follows, 28 sequences, length 6
# corresponding to MSA columns:
# 761-766
name=unknown_G
#
# <colnr> <probs for GDERKNQSTAVLIFYWHMCP>
#	G	D	E	R	K	N	Q	S	T	A	V	L	I	F	Y	W	H	M	C	P
0	0.01213	0.00749	0.00974	0.01046	0.01184	0.00693	0.00761	0.01383	0.01512	0.09784	0.04053	0.43507	0.10815	0.08009	0.01139	0.00322	0.00499	0.11010	0.00681	0.00667
1	0.01286	0.00780	0.00968	0.00970	0.01151	0.00708	0.00704	0.01463	0.01581	0.12076	0.09588	0.27376	0.19771	0.12329	0.01283	0.00329	0.00489	0.05781	0.00684	0.00683
2	0.01503	0.00980	0.01197	0.01112	0.01363	0.00985	0.00846	0.09730	0.05810	0.10368	0.14549	0.21271	0.11210	0.02047	0.10114	0.00368	0.00677	0.01254	0.03809	0.00807
3	0.01414	0.00904	0.01317	0.01233	0.01391	0.01030	0.00965	0.01596	0.01255	0.10672	0.01883	0.02597	0.01659	0.04069	0.46790	0.10456	0.08887	0.00740	0.00440	0.00700
4	0.01767	0.01126	0.01361	0.01197	0.01471	0.01146	0.00904	0.17558	0.05497	0.09556	0.08577	0.16715	0.02620	0.03854	0.01359	0.18694	0.00597	0.01009	0.00623	0.04367
5	0.01237	0.00883	0.01074	0.01085	0.01223	0.00896	0.00767	0.11822	0.01658	0.02211	0.03342	0.42910	0.06811	0.10886	0.05495	0.04252	0.00615	0.01543	0.00621	0.00668

[dist]
# distance from previous block
# <min> <max>
0	6

[block]
# block no. 7 follows, 28 sequences, length 45
# corresponding to MSA columns:
# 784-828
name=unknown_H
#
# <colnr> <probs for GDERKNQSTAVLIFYWHMCP>
#	G	D	E	R	K	N	Q	S	T	A	V	L	I	F	Y	W	H	M	C	P
0	0.01048	0.00846	0.03272	0.01031	0.01181	0.00740	0.00764	0.04932	0.01601	0.02128	0.11524	0.45662	0.13892	0.02005	0.01004	0.04923	0.00461	0.01686	0.00658	0.00642
1	0.01182	0.00920	0.01161	0.07591	0.01588	0.00947	0.00907	0.05384	0.06631	0.02337	0.17171	0.16351	0.16210	0.06009	0.05126	0.00338	0.00611	0.08173	0.00645	0.00716
2	0.01333	0.09010	0.01581	0.01266	0.01469	0.01374	0.00996	0.03830	0.11886	0.02112	0.05153	0.24995	0.07038	0.02112	0.11355	0.00395	0.11571	0.01187	0.00557	0.00779
3	0.01472	0.00876	0.01089	0.01036	0.01196	0.00864	0.00739	0.05698	0.01529	0.11997	0.06692	0.14616	0.03083	0.32933	0.06709	0.00512	0.00713	0.06968	0.00599	0.00679
4	0.00954	0.00708	0.00888	0.00955	0.01087	0.00651	0.00697	0.01169	0.01644	0.02179	0.21974	0.32094	0.19122	0.04334	0.00994	0.00285	0.00426	0.08515	0.00700	0.00624
5	0.01507	0.01292	0.01507	0.01077	0.01723	0.00969	0.00861	0.01830	0.01507	0.02369	0.01292	0.01507	0.01077	0.00538	0.00538	0.00108	0.00538	0.00431	0.00431	0.78898
6	0.01175	0.00907	0.01112	0.01160	0.01356	0.00923	0.00911	0.01785	0.14782	0.02370	0.14718	0.21538	0.11190	0.01767	0.00896	0.00282	0.00510	0.21169	0.00706	0.00743
7	0.10235	0.00996	0.01180	0.01064	0.01374	0.00967	0.00821	0.02190	0.07588	0.21010	0.18456	0.16379	0.08068	0.01330	0.00763	0.00239	0.00478	0.01131	0.04868	0.00864
8	0.05709	0.00843	0.00988	0.01013	0.01181	0.00831	0.00726	0.05399	0.03958	0.04388	0.11565	0.40127	0.11664	0.04645	0.00955	0.00281	0.00458	0.01569	0.03010	0.00691
9	0.01038	0.00779	0.01168	0.01168	0.01298	0.00909	0.00909	0.01298	0.01168	0.01687	0.01947	0.02856	0.01817	0.05452	0.71573	0.01168	0.01947	0.00779	0.00389	0.00649
10	0.01072	0.00824	0.01214	0.01195	0.01311	0.00977	0.00928	0.01314	0.01160	0.01679	0.01904	0.02866	0.01803	0.08307	0.64426	0.01097	0.06104	0.00783	0.00387	0.00648
11	0.05929	0.00898	0.01049	0.01045	0.01264	0.00883	0.00768	0.01776	0.10789	0.09410	0.10732	0.33889	0.15356	0.01706	0.00834	0.00262	0.00455	0.01489	0.00707	0.00760
12	0.02584	0.01899	0.02028	0.01584	0.02122	0.02103	0.01299	0.57600	0.08470	0.04321	0.01888	0.01893	0.01360	0.00880	0.00712	0.00217	0.00748	0.00669	0.06433	0.01188
13	0.00992	0.00675	0.00816	0.00882	0.00906	0.00655	0.00542	0.01035	0.01202	0.01594	0.03080	0.31416	0.05646	0.41412	0.02503	0.03584	0.00582	0.01445	0.00534	0.00499
14	0.08410	0.00895	0.01018	0.00978	0.01204	0.00877	0.00741	0.04110	0.03361	0.06896	0.19256	0.12442	0.17359	0.09613	0.01129	0.00299	0.00488	0.06998	0.03215	0.00710
15	0.01318	0.00805	0.01026	0.00958	0.01181	0.00732	0.00721	0.01584	0.01835	0.12659	0.35044	0.12521	0.17298	0.04046	0.04681	0.00303	0.00494	0.01313	0.00745	0.00735
16	0.01171	0.00837	0.01171	0.01339	0.01506	0.00837	0.01171	0.01506	0.01673	0.02175	0.03849	0.08199	0.04183	0.02008	0.01004	0.00335	0.00669	0.65027	0.00669	0.00669
17	0.01063	0.00785	0.00921	0.00887	0.01094	0.00716	0.00659	0.01395	0.04848	0.04554	0.34384	0.10131	0.29708	0.04437	0.00963	0.00258	0.00391	0.01394	0.00732	0.00682
18	0.01017	0.00701	0.00847	0.00872	0.01018	0.00642	0.00632	0.01181	0.01592	0.02154	0.19671	0.18777	0.24487	0.01838	0.01099	0.10493	0.00414	0.03372	0.08599	0.00595
19	0.02449	0.01385	0.01601	0.01303	0.01751	0.01426	0.01043	0.19115	0.15004	0.27108	0.02499	0.02508	0.01799	0.05255	0.00875	0.00248	0.00619	0.00741	0.12182	0.01091
20	0.01953	0.01634	0.01725	0.01509	0.01946	0.01876	0.01186	0.13533	0.58700	0.03275	0.02774	0.02565	0.02070	0.00969	0.00738	0.00242	0.00609	0.00796	0.00738	0.01164
21	0.01124	0.00691	0.00766	0.00780	0.00830	0.00688	0.00479	0.01227	0.01213	0.01802	0.02459	0.10106	0.02615	0.48231	0.02593	0.00524	0.00581	0.01040	0.21735	0.00518
22	0.01713	0.01790	0.03498	0.11301	0.31550	0.01767	0.32937	0.02236	0.01662	0.02296	0.01408	0.01891	0.01108	0.00640	0.00786	0.00233	0.01046	0.00747	0.00359	0.01033
23	0.01123	0.00821	0.01105	0.01246	0.01426	0.00802	0.01076	0.01435	0.01671	0.02143	0.04388	0.08015	0.14216	0.01982	0.00982	0.00321	0.00623	0.55292	0.00670	0.00661
24	0.00886	0.00633	0.00843	0.01012	0.01054	0.00590	0.00675	0.01012	0.01392	0.01856	0.04006	0.73979	0.04808	0.02277	0.00928	0.00295	0.00422	0.02066	0.00675	0.00590
25	0.01582	0.01589	0.02870	0.02842	0.21870	0.01678	0.22781	0.01988	0.01576	0.02242	0.08787	0.04643	0.01863	0.01125	0.04314	0.00293	0.15774	0.00838	0.00413	0.00932
26	0.02030	0.01641	0.02048	0.16692	0.09942	0.06415	0.03049	0.11986	0.15945	0.10770	0.02106	0.02248	0.03685	0.00885	0.00824	0.00234	0.05072	0.00717	0.02687	0.01025
27	0.01750	0.01715	0.03041	0.10559	0.55976	0.01730	0.10065	0.02208	0.01644	0.02322	0.01373	0.01831	0.01129	0.00651	0.00737	0.00222	0.00917	0.00673	0.00357	0.01099
28	0.01488	0.01412	0.02366	0.32594	0.06980	0.01716	0.09955	0.01807	0.01346	0.01849	0.01220	0.01865	0.01023	0.01056	0.01440	0.08747	0.21348	0.00668	0.00328	0.00791
29	0.01636	0.10661	0.46668	0.02216	0.05244	0.01817	0.14346	0.02339	0.01587	0.04870	0.01367	0.01619	0.00997	0.00676	0.00701	0.00225	0.01047	0.00592	0.00343	0.01051
30	0.01034	0.00700	0.00819	0.00840	0.00853	0.00701	0.00495	0.01064	0.01105	0.01480	0.02489	0.13390	0.02872	0.61692	0.06946	0.00678	0.00735	0.01170	0.00467	0.00470
31	0.01696	0.01614	0.01567	0.01362	0.01688	0.16165	0.04895	0.07054	0.05130	0.05890	0.09837	0.03971	0.25779	0.01464	0.04065	0.00274	0.05137	0.01013	0.00589	0.00811
32	0.01953	0.54048	0.03339	0.01431	0.01911	0.09538	0.01325	0.02168	0.01466	0.01724	0.01011	0.01260	0.00937	0.00757	0.00846	0.00189	0.14436	0.00443	0.00319	0.00898
33	0.01049	0.00701	0.00795	0.00803	0.00805	0.00700	0.00451	0.01055	0.01072	0.01430	0.02368	0.07899	0.02741	0.71178	0.03574	0.00686	0.00692	0.01103	0.00451	0.00447
34	0.01419	0.01339	0.02263	0.65341	0.12012	0.01627	0.02042	0.01898	0.01475	0.01913	0.01300	0.01923	0.00989	0.00718	0.00726	0.00239	0.00958	0.00646	0.00327	0.00845
35	0.01247	0.01220	0.08623	0.01301	0.05389	0.02789	0.01041	0.01569	0.01747	0.06322	0.21373	0.15147	0.20691	0.01548	0.00842	0.00250	0.00542	0.06947	0.00654	0.00758
36	0.01263	0.00631	0.00947	0.00947	0.00947	0.00631	0.00631	0.00947	0.00947	0.01263	0.01263	0.02210	0.01263	0.02525	0.02841	0.78851	0.00631	0.00631	0.00316	0.00316
37	0.02763	0.02036	0.02182	0.01672	0.02254	0.02254	0.01382	0.67496	0.03418	0.04581	0.01745	0.01745	0.01236	0.00873	0.00727	0.00218	0.00800	0.00654	0.00727	0.01236
38	0.58526	0.01631	0.01426	0.10503	0.02045	0.09180	0.03185	0.02189	0.01370	0.02887	0.01076	0.01319	0.00837	0.00688	0.00522	0.00224	0.00718	0.00450	0.00422	0.00802
39	0.00886	0.00633	0.00843	0.01012	0.01054	0.00590	0.00675	0.01012	0.01392	0.01856	0.04006	0.73979	0.04808	0.02277	0.00928	0.00295	0.00422	0.02066	0.00675	0.00590
40	0.01039	0.00697	0.00798	0.00816	0.00821	0.00692	0.00466	0.01052	0.01093	0.01458	0.02476	0.12228	0.02876	0.66664	0.03401	0.00661	0.00674	0.01166	0.00466	0.00457
41	0.00898	0.00655	0.00847	0.00974	0.01051	0.00603	0.00664	0.01054	0.01490	0.01981	0.11411	0.59960	0.11436	0.02149	0.00913	0.00283	0.00408	0.01933	0.00688	0.00603
42	0.02287	0.01628	0.01984	0.19938	0.02800	0.01819	0.01436	0.34175	0.07726	0.10735	0.01886	0.02015	0.01347	0.00845	0.00714	0.00224	0.00775	0.00675	0.05911	0.01081
43	0.01063	0.00763	0.01144	0.01144	0.01260	0.00879	0.00879	0.01260	0.01144	0.01642	0.01873	0.02786	0.01757	0.05136	0.64155	0.09552	0.01805	0.00763	0.00381	0.00613
44	0.30468	0.05758	0.01858	0.01404	0.01927	0.06449	0.01161	0.36336	0.02441	0.03775	0.01402	0.01483	0.01039	0.00780	0.00609	0.00215	0.00745	0.00534	0.00583	0.01033

[dist]
# distance from previous block
# <min> <max>
1	3

[block]
# block no. 8 follows, 28 sequences, length 64
# corresponding to MSA columns:
# 838-882,884-888,911-924
name=unknown_I
#
# <colnr> <probs for GDERKNQSTAVLIFYWHMCP>
#	G	D	E	R	K	N	Q	S	T	A	V	L	I	F	Y	W	H	M	C	P
0	0.09587	0.05347	0.02045	0.04844	0.02197	0.36175	0.01363	0.14152	0.02043	0.02442	0.01241	0.01473	0.01006	0.00827	0.00859	0.00214	0.10152	0.00527	0.02608	0.00899
1	0.00919	0.00676	0.00862	0.00948	0.01052	0.00618	0.00661	0.01110	0.01602	0.02146	0.21506	0.46803	0.14399	0.02011	0.00900	0.00271	0.00394	0.01797	0.00707	0.00618
2	0.02249	0.03152	0.15090	0.02017	0.04332	0.45784	0.06573	0.02604	0.01855	0.01928	0.01254	0.01535	0.01020	0.01088	0.06156	0.00276	0.01297	0.00539	0.00362	0.00890
3	0.02456	0.01332	0.01640	0.01263	0.01832	0.01186	0.01024	0.05476	0.11413	0.35834	0.02317	0.02161	0.01599	0.00792	0.00668	0.00189	0.00593	0.00642	0.00715	0.26867
4	0.01735	0.35463	0.35087	0.01666	0.02482	0.04615	0.01923	0.02342	0.04768	0.02055	0.01247	0.01419	0.00989	0.00676	0.00591	0.00196	0.00925	0.00482	0.00332	0.01007
5	0.01597	0.15913	0.33786	0.01639	0.02340	0.10498	0.01814	0.02094	0.01594	0.02041	0.02353	0.02469	0.13847	0.00928	0.00753	0.00218	0.04117	0.00694	0.00386	0.00921
6	0.02882	0.01533	0.01844	0.01429	0.01987	0.01518	0.01179	0.26904	0.04784	0.38616	0.02406	0.02325	0.01637	0.00905	0.00728	0.00220	0.00681	0.02481	0.00801	0.05141
7	0.01482	0.03593	0.64527	0.02164	0.03207	0.01702	0.08678	0.02304	0.01551	0.02304	0.01320	0.01574	0.00938	0.00683	0.00706	0.00232	0.01088	0.00567	0.00313	0.01066
8	0.01679	0.04511	0.01768	0.01502	0.01735	0.21973	0.05592	0.01851	0.01469	0.01714	0.01775	0.02468	0.04723	0.08848	0.20858	0.07820	0.07912	0.00712	0.00386	0.00702
9	0.01475	0.01615	0.06290	0.15572	0.03251	0.01529	0.31851	0.02109	0.07796	0.02207	0.02089	0.16849	0.01936	0.01016	0.00828	0.00254	0.00944	0.01047	0.00454	0.00888
10	0.01217	0.01006	0.01070	0.01045	0.01123	0.07380	0.00714	0.01325	0.01189	0.01545	0.02036	0.03726	0.02168	0.42774	0.26153	0.00803	0.02857	0.00899	0.00414	0.00556
11	0.01096	0.00675	0.00777	0.00830	0.00963	0.00640	0.00593	0.01342	0.01552	0.02346	0.11123	0.28945	0.10966	0.01540	0.00736	0.00229	0.00372	0.01340	0.33294	0.00640
12	0.01479	0.01321	0.02099	0.47005	0.13173	0.01559	0.01809	0.04676	0.04814	0.02122	0.01511	0.02068	0.01185	0.01178	0.07290	0.00320	0.00991	0.00669	0.03863	0.00869
13	0.02631	0.03304	0.02142	0.02111	0.08478	0.65108	0.01481	0.02841	0.02023	0.01834	0.01146	0.01356	0.00956	0.00740	0.00661	0.00190	0.01270	0.00485	0.00373	0.00871
14	0.02622	0.03301	0.02105	0.01982	0.05043	0.65255	0.01448	0.02818	0.01997	0.01802	0.01125	0.01345	0.00946	0.00770	0.00742	0.00195	0.04794	0.00484	0.00371	0.00853
15	0.00947	0.00688	0.00907	0.01060	0.01149	0.00648	0.00775	0.01126	0.01479	0.01937	0.04283	0.53022	0.10681	0.02176	0.00939	0.00299	0.00472	0.16128	0.00674	0.00610
16	0.04637	0.01682	0.04863	0.15957	0.42112	0.01728	0.04707	0.02172	0.01568	0.04830	0.01361	0.01805	0.01102	0.00730	0.00871	0.00232	0.07587	0.00645	0.00372	0.01038
17	0.01507	0.01292	0.01507	0.01077	0.01723	0.00969	0.00861	0.01830	0.01507	0.02369	0.01292	0.01507	0.01077	0.00538	0.00538	0.00108	0.00538	0.00431	0.00431	0.78898
18	0.01085	0.00757	0.01062	0.01062	0.01185	0.00856	0.00806	0.01331	0.01208	0.01805	0.02041	0.03020	0.01904	0.11529	0.54896	0.00982	0.01598	0.00792	0.11448	0.00633
19	0.22762	0.00956	0.01032	0.00988	0.01225	0.00972	0.00722	0.01726	0.01415	0.12715	0.05213	0.23497	0.05218	0.13130	0.01298	0.04157	0.00541	0.01126	0.00598	0.00711
20	0.01306	0.01184	0.01962	0.01678	0.01859	0.01365	0.13332	0.01534	0.01278	0.01821	0.01906	0.15211	0.01947	0.02599	0.21239	0.06603	0.21072	0.00977	0.00412	0.00714
21	0.01055	0.00712	0.00829	0.00829	0.00841	0.00724	0.00485	0.01080	0.01068	0.01436	0.02257	0.04574	0.02563	0.67818	0.10227	0.00749	0.00824	0.01030	0.00436	0.00461
22	0.01041	0.00698	0.00798	0.00813	0.00817	0.00694	0.00462	0.01053	0.01088	0.01451	0.02450	0.11179	0.02844	0.67758	0.03443	0.00667	0.00678	0.01151	0.00462	0.00454
23	0.04109	0.00772	0.00881	0.00921	0.01046	0.00773	0.00637	0.01451	0.06710	0.02188	0.09564	0.29781	0.06856	0.14923	0.01312	0.00331	0.00465	0.01362	0.15275	0.00641
24	0.03200	0.01335	0.01748	0.01340	0.01905	0.01214	0.01107	0.11392	0.02245	0.62342	0.02730	0.02385	0.01730	0.00896	0.00731	0.00224	0.00641	0.00722	0.00879	0.01237
