[name]
unknown

[dist]
# distance from previous block
# <min> <max>
0	39

[block]
# block no. 0 follows, 34 sequences, length 25
# corresponding to MSA columns:
# 39-42,45-65
name=unknown_A
#
# <colnr> <probs for GDERKNQSTAVLIFYWHMCP>
#	G	D	E	R	K	N	Q	S	T	A	V	L	I	F	Y	W	H	M	C	P
0	0.11356	0.01020	0.01224	0.01063	0.01376	0.01029	0.00852	0.11470	0.01730	0.22640	0.13879	0.05611	0.02529	0.06084	0.07794	0.00317	0.00640	0.07961	0.00620	0.00805
1	0.01229	0.00615	0.00892	0.00867	0.00919	0.00614	0.00601	0.01063	0.00954	0.06368	0.01344	0.02116	0.01257	0.04523	0.08693	0.62723	0.00655	0.00592	0.03593	0.00381
2	0.01666	0.01710	0.08703	0.22530	0.04632	0.14360	0.03331	0.07382	0.06085	0.08520	0.03146	0.08260	0.05187	0.00860	0.00659	0.00206	0.00787	0.00717	0.00444	0.00816
3	0.04826	0.08913	0.04095	0.01390	0.01757	0.27914	0.01131	0.05550	0.12179	0.11028	0.04060	0.03910	0.01423	0.00963	0.03689	0.00226	0.05057	0.00581	0.00468	0.00841
4	0.19001	0.03237	0.02369	0.10982	0.09620	0.04034	0.25297	0.03990	0.01432	0.05734	0.01323	0.03695	0.01059	0.00858	0.04429	0.00249	0.00870	0.00625	0.00378	0.00819
5	0.01654	0.45963	0.16826	0.05361	0.02217	0.08064	0.08127	0.02007	0.01384	0.01686	0.01009	0.01214	0.00844	0.00578	0.00512	0.00165	0.00828	0.00429	0.00286	0.00845
6	0.78089	0.01245	0.00968	0.00855	0.01263	0.01422	0.00703	0.01887	0.01111	0.02862	0.00911	0.01063	0.00712	0.00594	0.00404	0.00195	0.00499	0.00351	0.00399	0.04468
7	0.01663	0.18865	0.07016	0.01529	0.07079	0.14243	0.05275	0.04335	0.05876	0.05436	0.09049	0.03271	0.01731	0.05096	0.06584	0.00272	0.00835	0.00626	0.00417	0.00804
8	0.06679	0.01292	0.03617	0.01497	0.09602	0.06809	0.03291	0.07184	0.03233	0.20015	0.05905	0.16217	0.03979	0.02607	0.04862	0.00264	0.00676	0.00876	0.00559	0.00836
9	0.00802	0.00584	0.00756	0.00864	0.00935	0.00538	0.00591	0.00945	0.01339	0.01784	0.13082	0.60408	0.11204	0.01893	0.00810	0.00250	0.00361	0.01702	0.00615	0.00538
10	0.06019	0.01198	0.01534	0.01181	0.01679	0.01106	0.00976	0.11896	0.01973	0.61845	0.02354	0.02069	0.01498	0.00789	0.00639	0.00199	0.00569	0.00629	0.00764	0.01083
11	0.01766	0.14275	0.08993	0.18704	0.04967	0.11090	0.03877	0.10875	0.12156	0.05067	0.01425	0.01602	0.01083	0.00681	0.00603	0.00192	0.00803	0.00541	0.00413	0.00887
12	0.00874	0.00597	0.00771	0.00851	0.00883	0.00586	0.00557	0.00938	0.01107	0.01484	0.02772	0.41614	0.03237	0.26027	0.07445	0.05844	0.00577	0.02873	0.00493	0.00472
13	0.00795	0.00592	0.00743	0.00853	0.00938	0.00540	0.00591	0.00932	0.01318	0.01713	0.06629	0.56491	0.19368	0.01907	0.00811	0.00252	0.00370	0.04018	0.00604	0.00535
14	0.02454	0.01888	0.01932	0.01498	0.02003	0.06470	0.01229	0.66897	0.02964	0.03919	0.01517	0.01528	0.01082	0.00769	0.00642	0.00192	0.00739	0.00572	0.00627	0.01077
15	0.00802	0.00575	0.00739	0.00864	0.00908	0.00537	0.00571	0.00906	0.01220	0.01613	0.03580	0.64714	0.08289	0.10099	0.01086	0.00299	0.00399	0.01711	0.00577	0.00512
16	0.01480	0.01321	0.02037	0.55203	0.09329	0.03182	0.03875	0.10272	0.01554	0.03803	0.01240	0.01692	0.00925	0.00658	0.00648	0.00209	0.00842	0.00579	0.00349	0.00803
17	0.09208	0.27114	0.02263	0.01343	0.01596	0.01989	0.01172	0.01763	0.01168	0.05469	0.01111	0.05512	0.01059	0.00918	0.01231	0.00221	0.35224	0.00546	0.00337	0.00758
18	0.03734	0.06484	0.09251	0.01489	0.07222	0.10299	0.03088	0.09735	0.01563	0.03753	0.04909	0.02054	0.03071	0.07535	0.07599	0.00297	0.05145	0.00604	0.04171	0.07998
19	0.05967	0.01425	0.01919	0.01638	0.01688	0.01951	0.01364	0.05230	0.01103	0.01762	0.00888	0.01401	0.00853	0.01083	0.01947	0.00273	0.67919	0.00554	0.00308	0.00727
20	0.01575	0.00909	0.01173	0.01005	0.01265	0.00896	0.00798	0.04219	0.01728	0.23070	0.31373	0.03803	0.14899	0.01181	0.00873	0.00213	0.08617	0.00963	0.00670	0.00769
21	0.03924	0.01399	0.01696	0.01667	0.10523	0.08633	0.06059	0.15939	0.03913	0.09746	0.07015	0.13658	0.02212	0.01154	0.02653	0.00237	0.00700	0.07485	0.00546	0.00842
22	0.01988	0.04520	0.01729	0.05599	0.01924	0.35999	0.01165	0.16083	0.01882	0.02098	0.01734	0.01913	0.08299	0.01158	0.06921	0.00258	0.04942	0.00584	0.00418	0.00783
23	0.07627	0.01374	0.01792	0.13817	0.14283	0.01463	0.01291	0.16061	0.05644	0.04449	0.03380	0.01656	0.01176	0.00694	0.00701	0.00185	0.06011	0.00547	0.00441	0.17408
24	0.02147	0.02357	0.02164	0.05023	0.11800	0.37930	0.08800	0.15794	0.03908	0.02224	0.01220	0.01417	0.00958	0.00667	0.00627	0.00184	0.00985	0.00522	0.00399	0.00873

[dist]
# distance from previous block
# <min> <max>
1	4

[block]
# block no. 1 follows, 34 sequences, length 11
# corresponding to MSA columns:
# 70-80
name=unknown_B
#
# <colnr> <probs for GDERKNQSTAVLIFYWHMCP>
#	G	D	E	R	K	N	Q	S	T	A	V	L	I	F	Y	W	H	M	C	P
0	0.05350	0.05072	0.48404	0.01616	0.02414	0.01524	0.01898	0.11942	0.01617	0.06631	0.01277	0.01414	0.00910	0.00636	0.00594	0.00193	0.00832	0.00486	0.00372	0.06820
1	0.01824	0.14431	0.02164	0.01727	0.08568	0.22875	0.06835	0.07912	0.09967	0.02030	0.01690	0.02139	0.04110	0.00896	0.02287	0.00212	0.03013	0.06068	0.00416	0.00834
2	0.01614	0.01030	0.01247	0.00980	0.01425	0.00864	0.00789	0.04419	0.01521	0.18255	0.02343	0.02522	0.10617	0.01063	0.05510	0.00211	0.00564	0.03188	0.03893	0.37944
3	0.04346	0.15365	0.33367	0.01417	0.02047	0.01433	0.01591	0.01987	0.01436	0.11234	0.01941	0.02676	0.04901	0.00881	0.00632	0.00209	0.00747	0.12511	0.00418	0.00860
4	0.07370	0.01820	0.04106	0.01636	0.08571	0.16105	0.01217	0.15705	0.22258	0.08007	0.01836	0.02030	0.01427	0.00800	0.00631	0.00202	0.00725	0.04076	0.00536	0.00943
5	0.01508	0.01012	0.01410	0.05463	0.13776	0.01015	0.01061	0.01997	0.12374	0.15932	0.05389	0.23283	0.05540	0.01230	0.00724	0.00228	0.00534	0.06120	0.00587	0.00818
6	0.01343	0.00758	0.00984	0.00872	0.01109	0.00679	0.00674	0.01621	0.01797	0.18396	0.50417	0.04382	0.11925	0.01237	0.00737	0.00204	0.00362	0.01073	0.00720	0.00713
7	0.01516	0.08858	0.30146	0.01454	0.02025	0.05131	0.01556	0.07292	0.04765	0.06472	0.04301	0.02740	0.01721	0.01018	0.02780	0.00236	0.00790	0.13414	0.02928	0.00854
8	0.11841	0.01963	0.20335	0.34604	0.07360	0.09625	0.01755	0.01908	0.01356	0.01933	0.01106	0.01474	0.00836	0.00630	0.00598	0.00204	0.00867	0.00503	0.00305	0.00798
9	0.01308	0.01287	0.01587	0.01391	0.01554	0.10699	0.08449	0.01510	0.01300	0.01690	0.07130	0.05414	0.06093	0.13300	0.07760	0.00369	0.20347	0.07766	0.00408	0.00636
10	0.00858	0.00589	0.00741	0.00842	0.00923	0.00551	0.00586	0.01021	0.01330	0.01844	0.09448	0.52981	0.09880	0.01760	0.00768	0.00240	0.00362	0.03719	0.11009	0.00546

[dist]
# distance from previous block
# <min> <max>
1	2

[block]
# block no. 2 follows, 34 sequences, length 17
# corresponding to MSA columns:
# 83-99
name=unknown_C
#
# <colnr> <probs for GDERKNQSTAVLIFYWHMCP>
#	G	D	E	R	K	N	Q	S	T	A	V	L	I	F	Y	W	H	M	C	P
0	0.02168	0.05418	0.07303	0.01274	0.01815	0.03817	0.01115	0.19261	0.07475	0.24748	0.01780	0.01722	0.01249	0.00702	0.00597	0.00175	0.00630	0.00548	0.00582	0.17621
1	0.01424	0.01205	0.01383	0.01015	0.01570	0.00984	0.00812	0.05724	0.06931	0.02264	0.01286	0.01435	0.01044	0.00526	0.00502	0.00111	0.00494	0.00421	0.00419	0.70449
2	0.00902	0.00624	0.00776	0.00846	0.00919	0.00592	0.00577	0.01016	0.01229	0.03217	0.05557	0.36823	0.11771	0.23120	0.03194	0.00377	0.00490	0.06914	0.00543	0.00512
3	0.08035	0.62771	0.03019	0.01140	0.01667	0.06081	0.01090	0.06707	0.01441	0.01805	0.00948	0.01079	0.00838	0.00577	0.00438	0.00148	0.00701	0.00366	0.00314	0.00834
4	0.04013	0.21085	0.52070	0.01627	0.02445	0.04421	0.01985	0.02034	0.01360	0.01930	0.01083	0.01268	0.00818	0.00601	0.00558	0.00187	0.00885	0.00440	0.00280	0.00909
5	0.00939	0.00640	0.00809	0.00868	0.00996	0.00581	0.00628	0.01112	0.01430	0.05936	0.14663	0.41684	0.19176	0.01748	0.00797	0.00243	0.00379	0.06165	0.00628	0.00580
6	0.00902	0.00660	0.00848	0.00816	0.00971	0.00606	0.00615	0.01188	0.01765	0.02459	0.62033	0.07277	0.12034	0.01389	0.00769	0.00210	0.00320	0.03844	0.00693	0.00601
7	0.09032	0.01129	0.01163	0.01042	0.01329	0.04848	0.00811	0.18128	0.01802	0.07989	0.05344	0.17828	0.15639	0.01371	0.03596	0.00246	0.00565	0.02651	0.04738	0.00749
8	0.01998	0.01148	0.01344	0.01150	0.01456	0.06074	0.00911	0.05759	0.05229	0.31228	0.02180	0.08311	0.01730	0.03334	0.11163	0.00332	0.06456	0.00734	0.08608	0.00855
9	0.01414	0.01414	0.01979	0.01696	0.01696	0.01979	0.01414	0.01555	0.00990	0.01555	0.00848	0.01414	0.00848	0.01131	0.02120	0.00283	0.76110	0.00565	0.00283	0.00707
10	0.00800	0.00584	0.00745	0.00854	0.00922	0.00538	0.00579	0.00930	0.01301	0.01719	0.09263	0.59527	0.12984	0.04885	0.00909	0.00267	0.00373	0.01690	0.00600	0.00529
11	0.01474	0.01379	0.02301	0.20643	0.49520	0.01450	0.01813	0.03823	0.01457	0.02024	0.01385	0.07251	0.01230	0.00706	0.00655	0.00203	0.00759	0.00670	0.00342	0.00916
12	0.01419	0.00884	0.00999	0.00904	0.01149	0.00911	0.00698	0.04274	0.17623	0.09462	0.21895	0.03032	0.02936	0.00944	0.00610	0.00187	0.00387	0.00792	0.30130	0.00764
13	0.00805	0.00597	0.00753	0.00839	0.00930	0.00544	0.00582	0.00961	0.01385	0.01834	0.16407	0.51171	0.17169	0.01829	0.00802	0.00244	0.00354	0.01632	0.00620	0.00544
14	0.01474	0.00998	0.01387	0.09297	0.06285	0.01098	0.01012	0.08783	0.03292	0.11335	0.01710	0.02380	0.01483	0.12487	0.24939	0.05847	0.04364	0.00675	0.00436	0.00717
15	0.02201	0.01294	0.01520	0.01252	0.01620	0.05412	0.01008	0.16565	0.05712	0.31486	0.01957	0.02023	0.01412	0.01577	0.13545	0.04442	0.04822	0.00625	0.00602	0.00923
16	0.00935	0.00637	0.00815	0.00887	0.00995	0.00590	0.00640	0.01097	0.01376	0.05035	0.11697	0.41724	0.14155	0.06965	0.00978	0.00276	0.00412	0.09619	0.00607	0.00563

[dist]
# distance from previous block
# <min> <max>
1	5

[block]
# block no. 3 follows, 34 sequences, length 53
# corresponding to MSA columns:
# 105-157
name=unknown_D
#
# <colnr> <probs for GDERKNQSTAVLIFYWHMCP>
#	G	D	E	R	K	N	Q	S	T	A	V	L	I	F	Y	W	H	M	C	P
0	0.05440	0.07147	0.05758	0.09777	0.11945	0.14815	0.08967	0.05212	0.01556	0.05934	0.01214	0.01451	0.00949	0.00600	0.00584	0.00171	0.00806	0.00501	0.00371	0.16800
1	0.04096	0.44005	0.09481	0.01409	0.01940	0.22201	0.05049	0.02129	0.01466	0.01654	0.00972	0.01141	0.00834	0.00590	0.00498	0.00158	0.00862	0.00400	0.00298	0.00818
2	0.01158	0.00826	0.01030	0.00947	0.01138	0.02760	0.00703	0.01323	0.01188	0.06311	0.05218	0.04851	0.04770	0.16969	0.31037	0.05009	0.01021	0.00755	0.00420	0.12565
3	0.03279	0.01084	0.04476	0.02911	0.01429	0.03953	0.00911	0.06312	0.07303	0.11172	0.09026	0.23005	0.06025	0.03660	0.04642	0.00284	0.00598	0.08618	0.00585	0.00729
4	0.03764	0.16524	0.26131	0.04896	0.02211	0.05577	0.04212	0.05024	0.06739	0.10014	0.03453	0.03183	0.01332	0.00742	0.00604	0.00196	0.00775	0.03313	0.00416	0.00894
5	0.02514	0.01079	0.01427	0.01157	0.01596	0.00985	0.00952	0.02933	0.09060	0.56867	0.05483	0.02798	0.02016	0.00920	0.00678	0.00211	0.00540	0.06997	0.00763	0.01025
6	0.00979	0.00766	0.01110	0.01079	0.01170	0.00920	0.00834	0.01177	0.01023	0.01482	0.01663	0.02580	0.01602	0.11595	0.59583	0.00914	0.09904	0.00703	0.00344	0.00573
7	0.01624	0.07631	0.05272	0.19177	0.12289	0.14411	0.05459	0.06353	0.09024	0.02006	0.01553	0.06718	0.01352	0.00794	0.00644	0.00203	0.00817	0.03444	0.00395	0.00831
8	0.01353	0.01440	0.07996	0.01466	0.01743	0.08323	0.12743	0.01636	0.01271	0.01808	0.01528	0.02038	0.02819	0.03935	0.13524	0.04570	0.15203	0.00634	0.15287	0.00683
9	0.01521	0.01730	0.03739	0.02682	0.03309	0.01648	0.68105	0.02049	0.01503	0.02049	0.01289	0.01730	0.00975	0.00568	0.00817	0.00220	0.04122	0.00755	0.00325	0.00865
10	0.02171	0.01671	0.01657	0.01359	0.01773	0.09962	0.01092	0.38465	0.11767	0.08968	0.01855	0.02115	0.01437	0.04229	0.00760	0.00216	0.00691	0.03871	0.04974	0.00966
11	0.06474	0.01538	0.04982	0.01455	0.01891	0.09597	0.11054	0.10561	0.05834	0.22691	0.02174	0.11755	0.03369	0.00935	0.00675	0.00210	0.00703	0.02639	0.00570	0.00893
12	0.03721	0.00814	0.00985	0.00899	0.01137	0.00782	0.00693	0.06074	0.01631	0.18374	0.15134	0.16838	0.02934	0.01134	0.00646	0.00201	0.00412	0.03097	0.23759	0.00734
13	0.00990	0.00730	0.00875	0.00839	0.01014	0.00706	0.00634	0.01409	0.08603	0.02371	0.44384	0.04715	0.14755	0.04797	0.00852	0.00227	0.00358	0.04622	0.06488	0.00630
14	0.03894	0.01670	0.03342	0.02412	0.03021	0.01599	0.56496	0.08926	0.01688	0.05485	0.03876	0.01833	0.01190	0.00608	0.00736	0.00214	0.00984	0.00742	0.00395	0.00890
15	0.06034	0.01371	0.01560	0.01240	0.01697	0.01424	0.01012	0.28362	0.11656	0.28937	0.02215	0.02071	0.03681	0.00816	0.00631	0.00198	0.00583	0.00642	0.04844	0.01027
16	0.00994	0.00650	0.00823	0.00820	0.00919	0.00612	0.00562	0.01161	0.01430	0.05672	0.31953	0.22057	0.04339	0.23356	0.01500	0.00339	0.00427	0.01238	0.00597	0.00552
17	0.01272	0.00928	0.01072	0.00975	0.01226	0.00952	0.00754	0.05155	0.20433	0.06172	0.34616	0.03990	0.11726	0.01168	0.00710	0.00208	0.00400	0.02636	0.04849	0.00759
18	0.01515	0.01449	0.02470	0.19978	0.57911	0.01513	0.01941	0.01909	0.01431	0.02008	0.01200	0.01627	0.00987	0.00591	0.00641	0.00197	0.00789	0.00575	0.00313	0.00955
19	0.00969	0.00679	0.00822	0.00863	0.01024	0.00620	0.00651	0.01165	0.03142	0.05506	0.06952	0.25486	0.31497	0.01727	0.00888	0.04645	0.00410	0.11779	0.00597	0.00576
20	0.00800	0.00571	0.00743	0.00875	0.00915	0.00534	0.00579	0.00904	0.01219	0.01619	0.03525	0.68419	0.06281	0.08455	0.01034	0.00292	0.00395	0.01745	0.00582	0.00514
21	0.01463	0.01729	0.06925	0.02542	0.03164	0.01545	0.61914	0.01988	0.01503	0.02044	0.01479	0.05429	0.01222	0.00660	0.00763	0.00222	0.01032	0.03179	0.00346	0.00850
22	0.07972	0.01236	0.01673	0.01370	0.01744	0.04129	0.12109	0.10214	0.04841	0.16936	0.07350	0.08548	0.05789	0.01332	0.07139	0.00287	0.00737	0.05203	0.00564	0.00827
23	0.01284	0.01308	0.02646	0.02015	0.02452	0.01242	0.43363	0.01695	0.01435	0.01969	0.03719	0.13880	0.03538	0.01272	0.07206	0.00297	0.00933	0.04831	0.04166	0.00750
24	0.01502	0.01436	0.02447	0.22407	0.55581	0.01510	0.01935	0.01898	0.01425	0.01993	0.01198	0.01631	0.00982	0.00594	0.00641	0.00198	0.00792	0.00575	0.00311	0.00945
25	0.01457	0.31034	0.47661	0.01567	0.02373	0.01894	0.01910	0.02005	0.01345	0.01850	0.01062	0.01242	0.00822	0.00591	0.00540	0.00180	0.00857	0.00428	0.00274	0.00908
26	0.01324	0.06760	0.68198	0.01838	0.02764	0.01555	0.04720	0.02042	0.01367	0.02022	0.01152	0.01362	0.00825	0.00609	0.00610	0.00202	0.00947	0.00481	0.00275	0.00946
27	0.02414	0.03079	0.01831	0.01665	0.01998	0.74698	0.01248	0.02580	0.01831	0.01581	0.00999	0.01165	0.00832	0.00666	0.00583	0.00166	0.01165	0.00416	0.00333	0.00749
28	0.01122	0.00561	0.00842	0.00842	0.00842	0.00561	0.00561	0.00842	0.00842	0.01122	0.01122	0.01964	0.01122	0.02245	0.02525	0.81201	0.00561	0.00561	0.00281	0.00281
29	0.05565	0.00802	0.00924	0.00940	0.01111	0.00823	0.00737	0.08702	0.01505	0.02222	0.02754	0.17713	0.04886	0.07583	0.00905	0.00261	0.00479	0.20035	0.21428	0.00625
30	0.00787	0.00562	0.00750	0.00900	0.00937	0.00525	0.00600	0.00900	0.01237	0.01649	0.03561	0.76871	0.04274	0.02024	0.00825	0.00262	0.00375	0.01837	0.00600	0.00525
31	0.05739	0.01189	0.01452	0.03326	0.08141	0.00971	0.00902	0.01675	0.01337	0.02136	0.01141	0.01358	0.00946	0.00499	0.00494	0.00114	0.00517	0.00404	0.00375	0.67283
32	0.00952	0.00662	0.00832	0.00834	0.00990	0.00599	0.00620	0.01180	0.01600	0.05484	0.35927	0.21617	0.19679	0.01549	0.00778	0.00225	0.00352	0.04859	0.00660	0.00599
33	0.01027	0.00739	0.01021	0.01162	0.01314	0.00733	0.01013	0.01317	0.01487	0.01924	0.03583	0.07233	0.07319	0.01777	0.00886	0.00293	0.00581	0.65403	0.00595	0.00592
34	0.01372	0.01417	0.01379	0.01287	0.01468	0.21344	0.04035	0.01571	0.01294	0.01555	0.01677	0.10054	0.01652	0.06410	0.36349	0.00624	0.04768	0.00746	0.00368	0.00630
35	0.01457	0.01124	0.01309	0.06544	0.01654	0.01225	0.00952	0.07644	0.31970	0.06502	0.20404	0.03383	0.07729	0.01055	0.00700	0.00216	0.00494	0.04143	0.00644	0.00854
36	0.01183	0.00783	0.01000	0.00979	0.01176	0.00759	0.00769	0.01604	0.08769	0.09273	0.32499	0.13583	0.07905	0.01424	0.00776	0.00232	0.00421	0.15514	0.00671	0.00683
37	0.01329	0.00665	0.00689	0.00657	0.00837	0.00663	0.00501	0.03754	0.01432	0.06059	0.02113	0.02372	0.01636	0.00756	0.00468	0.00154	0.00326	0.00604	0.74341	0.00643
38	0.00877	0.00638	0.00808	0.00905	0.00987	0.00606	0.00623	0.04475	0.01380	0.01831	0.07475	0.63374	0.09819	0.01891	0.00807	0.00252	0.00384	0.01698	0.00608	0.00560
39	0.01599	0.55595	0.24349	0.01324	0.01997	0.02243	0.01486	0.01968	0.01328	0.01676	0.00976	0.01134	0.00826	0.00571	0.00474	0.00158	0.00769	0.00385	0.00275	0.00867
40	0.00787	0.00562	0.00750	0.00900	0.00937	0.00525	0.00600	0.00900	0.01237	0.01649	0.03561	0.76871	0.04274	0.02024	0.00825	0.00262	0.00375	0.01837	0.00600	0.00525
41	0.01220	0.01148	0.01938	0.75739	0.04450	0.01436	0.01794	0.01651	0.01292	0.01651	0.01148	0.01723	0.00861	0.00646	0.00646	0.00215	0.00861	0.00574	0.00287	0.00718
42	0.00827	0.00625	0.00851	0.06505	0.01210	0.00616	0.00694	0.00977	0.01250	0.01648	0.03539	0.58932	0.10537	0.02088	0.06170	0.00311	0.00505	0.01613	0.00558	0.00545
43	0.00891	0.00657	0.00833	0.00928	0.01018	0.00636	0.00650	0.02805	0.05203	0.01856	0.09104	0.59119	0.07675	0.01847	0.00806	0.00253	0.00391	0.04141	0.00613	0.00576
44	0.02883	0.01126	0.01516	0.01162	0.01662	0.00989	0.00960	0.05653	0.01893	0.71143	0.02512	0.02175	0.01581	0.00799	0.00650	0.00200	0.00556	0.00647	0.00794	0.01100
45	0.04711	0.01215	0.01915	0.01546	0.01907	0.04454	0.22737	0.04777	0.01597	0.07965	0.10843	0.14677	0.09503	0.01139	0.00748	0.00226	0.00679	0.08094	0.00525	0.00743
46	0.03657	0.01432	0.02300	0.10039	0.32983	0.01469	0.09997	0.09319	0.01611	0.07465	0.01416	0.03351	0.01132	0.00673	0.00695	0.00197	0.03524	0.00619	0.03611	0.04509
47	0.02165	0.00960	0.01208	0.00995	0.01361	0.00893	0.00798	0.02583	0.08432	0.42299	0.08570	0.02502	0.02041	0.00840	0.00609	0.00189	0.00461	0.00690	0.21481	0.00921
48	0.01411	0.23198	0.55098	0.01645	0.02493	0.01783	0.02045	0.02016	0.01350	0.01906	0.01090	0.01277	0.00821	0.00598	0.00561	0.00187	0.00884	0.00442	0.00274	0.00921
49	0.01854	0.01984	0.09905	0.07185	0.26557	0.17098	0.06963	0.04200	0.04503	0.09453	0.01392	0.01659	0.01080	0.02515	0.00701	0.00204	0.00865	0.00569	0.00391	0.00921
50	0.01533	0.01756	0.15186	0.03252	0.02210	0.01527	0.15312	0.13622	0.11426	0.02417	0.03587	0.04827	0.04384	0.00867	0.00851	0.00219	0.09743	0.02094	0.04316	0.00872
51	0.09801	0.01357	0.01890	0.14970	0.15673	0.04777	0.09113	0.07843	0.05733	0.05444	0.01816	0.06648	0.04804	0.00792	0.00633	0.00203	0.00702	0.00699	0.06271	0.00831
52	0.01747	0.04966	0.04297	0.12089	0.10034	0.04610	0.06577	0.23972	0.06472	0.02640	0.03553	0.03739	0.04574	0.00766	0.00641	0.00192	0.00725	0.00649	0.00474	0.07283

[dist]
# distance from previous block
# <min> <max>
1	18

[block]
# block no. 4 follows, 34 sequences, length 218
# corresponding to MSA columns:
# 176-314,340-418
name=unknown_E
#
# <colnr> <probs for GDERKNQSTAVLIFYWHMCP>
#	G	D	E	R	K	N	Q	S	T	A	V	L	I	F	Y	W	H	M	C	P
0	0.01642	0.01566	0.02308	0.08607	0.47287	0.05191	0.01729	0.06022	0.08119	0.02182	0.01326	0.01641	0.01082	0.00657	0.00728	0.00198	0.05493	0.00576	0.00368	0.03280
1	0.03703	0.01312	0.01533	0.03871	0.04931	0.05203	0.03594	0.04613	0.01444	0.02172	0.01188	0.01404	0.00970	0.00526	0.00513	0.00122	0.00573	0.00429	0.02831	0.59068
2	0.56787	0.01174	0.01106	0.08720	0.03735	0.01338	0.00863	0.03676	0.01231	0.02610	0.01532	0.05128	0.05566	0.00787	0.00502	0.00209	0.00539	0.03373	0.00422	0.00701
3	0.01361	0.06193	0.52689	0.01965	0.08539	0.01631	0.02133	0.01954	0.01308	0.01946	0.01100	0.01378	0.00841	0.00694	0.00859	0.00214	0.13509	0.00495	0.00279	0.00914
4	0.01220	0.00865	0.00900	0.00843	0.01064	0.04409	0.00630	0.01500	0.05661	0.10265	0.13064	0.06458	0.32131	0.10357	0.01020	0.00259	0.00445	0.02619	0.05647	0.00642
5	0.00803	0.00574	0.00768	0.00918	0.00963	0.00539	0.00628	0.00928	0.01253	0.01667	0.03552	0.72453	0.04238	0.02009	0.00829	0.00265	0.00389	0.06095	0.00599	0.00529
6	0.01296	0.03342	0.73944	0.01842	0.02797	0.01501	0.02387	0.02046	0.01364	0.02046	0.01160	0.01364	0.00818	0.00614	0.00614	0.00205	0.00955	0.00477	0.00273	0.00955
7	0.01586	0.01529	0.02633	0.06054	0.69434	0.01535	0.03748	0.01975	0.01467	0.02096	0.01216	0.01607	0.01018	0.00577	0.00643	0.00193	0.00779	0.00580	0.00319	0.01011
8	0.02483	0.01041	0.01337	0.01064	0.01489	0.00952	0.00866	0.04599	0.06200	0.53848	0.02444	0.02236	0.01621	0.00795	0.00612	0.00192	0.00504	0.00644	0.16073	0.01000
9	0.02899	0.01100	0.01499	0.01150	0.01649	0.00950	0.00950	0.03149	0.01849	0.73709	0.02549	0.02199	0.01599	0.00800	0.00650	0.00200	0.00550	0.00650	0.00800	0.01100
10	0.01422	0.21623	0.52004	0.01793	0.06943	0.01764	0.02045	0.02015	0.01358	0.01920	0.01098	0.01298	0.00834	0.00596	0.00566	0.00187	0.00878	0.00451	0.00277	0.00928
11	0.01562	0.00919	0.00966	0.00846	0.01100	0.00965	0.00665	0.17149	0.04363	0.05487	0.02020	0.02210	0.01541	0.00764	0.00510	0.00165	0.00410	0.00604	0.57008	0.00747
12	0.00826	0.00597	0.00780	0.00912	0.00977	0.00560	0.00642	0.00963	0.01277	0.01679	0.03712	0.58953	0.09481	0.05097	0.00932	0.00279	0.00411	0.10804	0.00590	0.00530
13	0.01020	0.00728	0.01016	0.01165	0.01305	0.00725	0.01004	0.01301	0.01466	0.01910	0.03433	0.13191	0.03766	0.01805	0.00887	0.00295	0.00576	0.63223	0.00595	0.00589
14	0.27296	0.01353	0.01433	0.01155	0.01608	0.01434	0.00946	0.23240	0.04610	0.25289	0.01771	0.04311	0.01276	0.00777	0.00577	0.00201	0.00575	0.00581	0.00616	0.00951
15	0.01204	0.00602	0.00602	0.00602	0.00753	0.00602	0.00452	0.01506	0.01355	0.02409	0.02108	0.02409	0.01656	0.00753	0.00452	0.00151	0.00301	0.00602	0.80879	0.00602
16	0.00940	0.00626	0.00705	0.00705	0.00705	0.00626	0.00392	0.00940	0.00940	0.01253	0.02036	0.04228	0.02349	0.77292	0.03289	0.00626	0.00626	0.00940	0.00392	0.00392
17	0.01220	0.01148	0.01938	0.75739	0.04450	0.01436	0.01794	0.01651	0.01292	0.01651	0.01148	0.01723	0.00861	0.00646	0.00646	0.00215	0.00861	0.00574	0.00287	0.00718
18	0.00866	0.00659	0.00796	0.00762	0.00935	0.00589	0.00571	0.01125	0.01714	0.02317	0.51428	0.05277	0.27760	0.01423	0.00763	0.00208	0.00312	0.01232	0.00675	0.00589
19	0.01204	0.00602	0.00602	0.00602	0.00753	0.00602	0.00452	0.01506	0.01355	0.02409	0.02108	0.02409	0.01656	0.00753	0.00452	0.00151	0.00301	0.00602	0.80879	0.00602
20	0.02713	0.01157	0.01499	0.01169	0.01648	0.01065	0.00959	0.08196	0.07128	0.60827	0.02466	0.02174	0.01592	0.00802	0.00643	0.00199	0.00551	0.00649	0.03487	0.01077
21	0.05150	0.01196	0.01512	0.01169	0.01653	0.01119	0.00964	0.13988	0.01995	0.57019	0.02318	0.02070	0.01494	0.00788	0.00632	0.00197	0.00563	0.00627	0.04483	0.01064
22	0.01727	0.77681	0.03386	0.01106	0.01658	0.02557	0.01106	0.01935	0.01313	0.01520	0.00898	0.01036	0.00829	0.00553	0.00415	0.00138	0.00691	0.00345	0.00276	0.00829
23	0.09801	0.02826	0.01740	0.01574	0.01918	0.63846	0.01190	0.04236	0.03930	0.01800	0.01053	0.01202	0.00861	0.00669	0.00569	0.00172	0.01072	0.00424	0.00357	0.00761
24	0.01220	0.01148	0.01938	0.75739	0.04450	0.01436	0.01794	0.01651	0.01292	0.01651	0.01148	0.01723	0.00861	0.00646	0.00646	0.00215	0.00861	0.00574	0.00287	0.00718
25	0.02456	0.01618	0.01797	0.01399	0.01896	0.01743	0.01148	0.49779	0.10248	0.18293	0.01874	0.01778	0.01296	0.00792	0.00648	0.00198	0.00656	0.00612	0.00679	0.01091
26	0.04322	0.07339	0.01963	0.01406	0.01915	0.01921	0.01173	0.55436	0.05634	0.10002	0.01621	0.01595	0.01150	0.00761	0.00624	0.00192	0.00682	0.00571	0.00627	0.01066
27	0.01430	0.18484	0.56558	0.01684	0.02531	0.04765	0.02079	0.02046	0.01373	0.01920	0.01100	0.01289	0.00821	0.00604	0.00572	0.00189	0.00910	0.00448	0.00276	0.00921
28	0.01488	0.20425	0.29373	0.07002	0.02332	0.01671	0.05720	0.08179	0.01543	0.03649	0.05181	0.01877	0.05699	0.00809	0.02224	0.00208	0.00806	0.00579	0.00368	0.00867
29	0.01682	0.69200	0.09214	0.01185	0.01754	0.02451	0.01221	0.01933	0.01307	0.01565	0.00919	0.01075	0.00829	0.00575	0.00483	0.00148	0.02983	0.00363	0.00276	0.00836
30	0.01645	0.01407	0.01482	0.01323	0.01695	0.01625	0.01032	0.06462	0.69004	0.02764	0.02582	0.02372	0.01933	0.00872	0.00657	0.00218	0.00520	0.00724	0.00657	0.01026
31	0.01599	0.01535	0.02623	0.03966	0.73262	0.01535	0.01983	0.01983	0.01471	0.02111	0.01215	0.01599	0.01023	0.00576	0.00640	0.00192	0.00768	0.00576	0.00320	0.01023
32	0.01307	0.01237	0.02096	0.59213	0.20295	0.01458	0.01838	0.01727	0.01333	0.01757	0.01164	0.01694	0.00899	0.00630	0.00645	0.00210	0.00840	0.00575	0.00295	0.00788
33	0.01025	0.00682	0.01041	0.01001	0.01079	0.00671	0.05487	0.00977	0.01074	0.01421	0.02382	0.24873	0.08976	0.01964	0.01708	0.40682	0.03075	0.01036	0.00411	0.00435
34	0.81856	0.01250	0.00950	0.00850	0.01250	0.01449	0.00700	0.01899	0.01100	0.02899	0.00900	0.01050	0.00700	0.00600	0.00400	0.00200	0.00500	0.00350	0.00400	0.00700
35	0.01041	0.00744	0.01041	0.01190	0.01339	0.00744	0.01041	0.01339	0.01487	0.01934	0.03421	0.07288	0.03719	0.01785	0.00892	0.00297	0.00595	0.68913	0.00595	0.00595
36	0.00821	0.00587	0.00789	0.00939	0.00991	0.00554	0.00659	0.00959	0.01271	0.01688	0.03542	0.67481	0.04199	0.01992	0.00834	0.00267	0.00405	0.10888	0.00599	0.00534
37	0.02265	0.01792	0.01626	0.01375	0.01738	0.23055	0.01087	0.14029	0.06333	0.22596	0.03455	0.04066	0.01445	0.00970	0.03247	0.00225	0.06380	0.00616	0.02798	0.00901
38	0.00787	0.00562	0.00750	0.00900	0.00937	0.00525	0.00600	0.00900	0.01237	0.01649	0.03561	0.76871	0.04274	0.02024	0.00825	0.00262	0.00375	0.01837	0.00600	0.00525
39	0.00978	0.00675	0.00880	0.00820	0.00986	0.00620	0.00618	0.01277	0.01821	0.04976	0.68900	0.04772	0.07598	0.01311	0.00758	0.00203	0.00314	0.01156	0.00712	0.00625
40	0.02384	0.03018	0.01801	0.01638	0.01967	0.72870	0.01229	0.02554	0.01819	0.01602	0.01026	0.01196	0.00853	0.00668	0.00579	0.00166	0.01144	0.00421	0.02320	0.00745
41	0.01525	0.01743	0.03813	0.02723	0.03377	0.01634	0.70915	0.02070	0.01525	0.02070	0.01307	0.01743	0.00980	0.00545	0.00763	0.00218	0.01089	0.00763	0.00327	0.00871
42	0.00822	0.00587	0.00790	0.00939	0.00992	0.00555	0.00660	0.00960	0.01271	0.01688	0.03542	0.67340	0.04198	0.01992	0.00834	0.00267	0.00405	0.11024	0.00599	0.00534
43	0.00889	0.00605	0.00720	0.00769	0.00782	0.00593	0.00461	0.00926	0.01038	0.01384	0.02542	0.28332	0.02988	0.52317	0.02471	0.00506	0.00543	0.01237	0.00461	0.00436
44	0.01599	0.01535	0.02623	0.03966	0.73262	0.01535	0.01983	0.01983	0.01471	0.02111	0.01215	0.01599	0.01023	0.00576	0.00640	0.00192	0.00768	0.00576	0.00320	0.01023
45	0.00884	0.00652	0.00827	0.00798	0.00951	0.00595	0.00593	0.01156	0.01736	0.02405	0.58679	0.10403	0.15088	0.01417	0.00767	0.00210	0.00313	0.01245	0.00688	0.00595
46	0.00923	0.00692	0.01038	0.01038	0.01154	0.00808	0.00808	0.01154	0.01038	0.01500	0.01731	0.02538	0.01615	0.04846	0.74732	0.01038	0.01731	0.00692	0.00346	0.00577
47	0.00940	0.00626	0.00705	0.00705	0.00705	0.00626	0.00392	0.00940	0.00940	0.01253	0.02036	0.04228	0.02349	0.77292	0.03289	0.00626	0.00626	0.00940	0.00392	0.00392
48	0.04853	0.01177	0.01937	0.67878	0.08631	0.01442	0.01757	0.01683	0.01295	0.01736	0.01142	0.01685	0.00864	0.00640	0.00635	0.00213	0.00839	0.00564	0.00294	0.00736
49	0.00770	0.00655	0.00663	0.00661	0.00877	0.00548	0.00496	0.00939	0.01488	0.01781	0.09311	0.06160	0.70213	0.01623	0.00764	0.00218	0.00326	0.01356	0.00605	0.00548
50	0.02414	0.03079	0.01831	0.01665	0.01998	0.74698	0.01248	0.02580	0.01831	0.01581	0.00999	0.01165	0.00832	0.00666	0.00583	0.00166	0.01165	0.00416	0.00333	0.00749
51	0.01575	0.01511	0.02580	0.08476	0.68938	0.01529	0.01971	0.01962	0.01460	0.02082	0.01211	0.01607	0.01013	0.00580	0.00640	0.00193	0.00773	0.00576	0.00318	0.01004
52	0.00827	0.00616	0.00827	0.00950	0.00985	0.00616	0.00651	0.00941	0.01222	0.01643	0.03391	0.72129	0.04058	0.01968	0.00906	0.00264	0.05134	0.01757	0.00580	0.00536
53	0.01464	0.01507	0.02088	0.01760	0.01815	0.05122	0.05774	0.01632	0.01060	0.01588	0.00884	0.01424	0.00856	0.01074	0.01968	0.00274	0.68135	0.00571	0.00288	0.00719
54	0.00787	0.00562	0.00750	0.00900	0.00937	0.00525	0.00600	0.00900	0.01237	0.01649	0.03561	0.76871	0.04274	0.02024	0.00825	0.00262	0.00375	0.01837	0.00600	0.00525
55	0.01192	0.00613	0.00635	0.00646	0.00797	0.00613	0.00496	0.01493	0.01365	0.02373	0.02206	0.02774	0.01810	0.00830	0.00485	0.00162	0.00323	0.05710	0.74876	0.00602
56	0.01540	0.01475	0.02516	0.15183	0.62508	0.01520	0.01954	0.01931	0.01443	0.02039	0.01205	0.01618	0.00998	0.00587	0.00641	0.00196	0.00782	0.00575	0.00315	0.00976
57	0.01340	0.01148	0.01340	0.00957	0.01531	0.00861	0.00766	0.01627	0.01340	0.02105	0.01148	0.01340	0.00957	0.00479	0.00479	0.00096	0.00479	0.00383	0.00383	0.81242
58	0.00787	0.00562	0.00750	0.00900	0.00937	0.00525	0.00600	0.00900	0.01237	0.01649	0.03561	0.76871	0.04274	0.02024	0.00825	0.00262	0.00375	0.01837	0.00600	0.00525
59	0.00781	0.00660	0.00679	0.00688	0.00902	0.00558	0.00525	0.00953	0.01474	0.01757	0.06349	0.06286	0.68646	0.01646	0.00772	0.00223	0.00344	0.05608	0.00600	0.00549
60	0.01188	0.01105	0.01850	0.70192	0.04190	0.01368	0.01706	0.01595	0.01288	0.01651	0.01327	0.07293	0.01114	0.00748	0.00659	0.00219	0.00825	0.00668	0.00310	0.00703
61	0.02899	0.01100	0.01499	0.01150	0.01649	0.00950	0.00950	0.03149	0.01849	0.73709	0.02549	0.02199	0.01599	0.00800	0.00650	0.00200	0.00550	0.00650	0.00800	0.01100
62	0.00764	0.00655	0.00655	0.00655	0.00873	0.00545	0.00491	0.00927	0.01473	0.01745	0.06546	0.06218	0.73000	0.01636	0.00764	0.00218	0.00327	0.01364	0.00600	0.00545
63	0.01543	0.45881	0.33569	0.01420	0.02145	0.02105	0.01654	0.01982	0.01335	0.01745	0.01010	0.01177	0.00825	0.00579	0.00500	0.00167	0.00804	0.00402	0.00275	0.00883
64	0.02361	0.01879	0.01929	0.07007	0.02185	0.08743	0.01272	0.59566	0.02796	0.03660	0.01470	0.01528	0.01056	0.00756	0.00640	0.00193	0.00765	0.00566	0.00590	0.01038
65	0.02141	0.01562	0.01746	0.01370	0.01814	0.01707	0.03763	0.53135	0.04640	0.03610	0.01731	0.04399	0.01319	0.00811	0.00627	0.00191	0.00644	0.00641	0.13159	0.00990
66	0.01800	0.01465	0.01441	0.01134	0.01611	0.12882	0.00897	0.06561	0.04805	0.13336	0.05272	0.01847	0.03750	0.00677	0.00565	0.00145	0.00603	0.00531	0.00493	0.40185
67	0.00907	0.00628	0.00783	0.00812	0.00844	0.00645	0.00519	0.00977	0.01018	0.01381	0.02267	0.17924	0.02567	0.47545	0.17791	0.00642	0.00809	0.01061	0.00422	0.00456
68	0.01574	0.01493	0.02545	0.05656	0.69090	0.01500	0.01930	0.01936	0.01445	0.02066	0.01211	0.01615	0.01023	0.00634	0.00704	0.02933	0.00763	0.00575	0.00318	0.00991
69	0.01663	0.55748	0.18187	0.01261	0.01882	0.02199	0.01360	0.01988	0.01339	0.04985	0.01059	0.01211	0.00889	0.00722	0.02982	0.00186	0.00776	0.00399	0.00302	0.00860
70	0.05363	0.01569	0.02171	0.01987	0.11842	0.03660	0.12697	0.22916	0.06127	0.02626	0.01541	0.06620	0.01324	0.00873	0.00925	0.00221	0.13803	0.02369	0.00463	0.00902
71	0.00939	0.00629	0.00717	0.00717	0.00722	0.00633	0.00407	0.00948	0.00943	0.01262	0.02024	0.04164	0.02321	0.74552	0.05991	0.00642	0.00668	0.00930	0.00390	0.00399
72	0.02054	0.01395	0.01561	0.01182	0.01709	0.03942	0.00959	0.20881	0.04089	0.19358	0.01624	0.01624	0.01172	0.00653	0.00573	0.00153	0.00584	0.00511	0.00558	0.35418
73	0.00793	0.00566	0.00754	0.00896	0.00938	0.00528	0.00600	0.00913	0.01262	0.01689	0.06451	0.73869	0.04349	0.01995	0.00822	0.00260	0.00372	0.01809	0.00604	0.00528
74	0.10150	0.01278	0.01515	0.01161	0.01668	0.01214	0.00955	0.17652	0.01950	0.39295	0.01930	0.01798	0.01292	0.00720	0.00595	0.00181	0.00568	0.00560	0.00656	0.14862
75	0.01486	0.02018	0.15889	0.02571	0.03277	0.01611	0.59114	0.02066	0.01497	0.02066	0.01282	0.01678	0.00953	0.00557	0.00737	0.00216	0.01066	0.00713	0.00318	0.00886
76	0.01405	0.01533	0.03169	0.19946	0.03475	0.01518	0.50063	0.01898	0.01466	0.01950	0.01599	0.02019	0.05478	0.00637	0.00735	0.00217	0.00987	0.00756	0.00335	0.00814
77	0.00797	0.00656	0.00700	0.00689	0.00893	0.00559	0.00517	0.00991	0.01550	0.01930	0.21016	0.05915	0.58414	0.01568	0.00763	0.00215	0.00322	0.01321	0.00624	0.00559
78	0.01607	0.01388	0.01461	0.01315	0.01680	0.01607	0.01023	0.03433	0.72094	0.02703	0.02630	0.02411	0.01972	0.00877	0.00657	0.00219	0.00511	0.00731	0.00657	0.01023
79	0.00923	0.00692	0.01038	0.01038	0.01154	0.00808	0.00808	0.01154	0.01038	0.01500	0.01731	0.02538	0.01615	0.04846	0.74732	0.01038	0.01731	0.00692	0.00346	0.00577
80	0.01458	0.01391	0.02367	0.30762	0.47571	0.01498	0.01913	0.01859	0.01404	0.01939	0.01190	0.01645	0.00963	0.00602	0.00642	0.00201	0.00803	0.00575	0.00308	0.00909
81	0.00928	0.00674	0.00945	0.00945	0.01028	0.00757	0.00691	0.01094	0.01011	0.01431	0.01816	0.03011	0.01820	0.25088	0.54770	0.00923	0.01422	0.00761	0.00359	0.00525
82	0.00936	0.00643	0.00787	0.00787	0.00816	0.00671	0.00494	0.00993	0.00964	0.01314	0.01960	0.03811	0.02168	0.59395	0.20938	0.00728	0.00899	0.00879	0.00380	0.00437
83	0.01217	0.00753	0.00977	0.00881	0.01091	0.00701	0.00675	0.01582	0.04977	0.12322	0.60151	0.04359	0.05297	0.01230	0.00742	0.00203	0.00348	0.01078	0.00721	0.00695
84	0.81856	0.01250	0.00950	0.00850	0.01250	0.01449	0.00700	0.01899	0.01100	0.02899	0.00900	0.01050	0.00700	0.00600	0.00400	0.00200	0.00500	0.00350	0.00400	0.00700
85	0.01193	0.01112	0.01863	0.71037	0.04229	0.01378	0.01719	0.01604	0.01289	0.01651	0.01300	0.06445	0.01076	0.00733	0.00657	0.00218	0.00831	0.00654	0.00307	0.00706
86	0.01562	0.01505	0.02591	0.10628	0.64956	0.01529	0.03826	0.01954	0.01456	0.02067	0.01212	0.01615	0.01007	0.00581	0.00644	0.00195	0.00785	0.00581	0.00317	0.00991
87	0.02899	0.01100	0.01499	0.01150	0.01649	0.00950	0.00950	0.03149	0.01849	0.73709	0.02549	0.02199	0.01599	0.00800	0.00650	0.00200	0.00550	0.00650	0.00800	0.01100
88	0.01036	0.00740	0.01033	0.01173	0.01322	0.00738	0.01022	0.01333	0.01503	0.01963	0.06532	0.07178	0.03825	0.01764	0.00887	0.00293	0.00582	0.65881	0.00600	0.00596
89	0.00937	0.00636	0.00755	0.00755	0.00772	0.00654	0.00454	0.00972	0.00954	0.01290	0.01990	0.03974	0.02239	0.66405	0.14025	0.00688	0.00792	0.00902	0.00385	0.00419
90	0.01727	0.77681	0.03386	0.01106	0.01658	0.02557	0.01106	0.01935	0.01313	0.01520	0.00898	0.01036	0.00829	0.00553	0.00415	0.00138	0.00691	0.00345	0.00276	0.00829
91	0.09588	0.01760	0.01850	0.01429	0.01936	0.01954	0.01181	0.64890	0.02864	0.03967	0.01493	0.01506	0.01063	0.00760	0.00624	0.00194	0.00692	0.00561	0.00624	0.01063
92	0.01825	0.63015	0.05520	0.01222	0.01752	0.14271	0.01172	0.02044	0.01399	0.01548	0.00923	0.01069	0.00829	0.00573	0.00449	0.00145	0.00777	0.00361	0.00285	0.00820
93	0.00925	0.00686	0.01007	0.01007	0.01112	0.00791	0.00769	0.01134	0.01029	0.01477	0.01759	0.02696	0.01684	0.11602	0.68070	0.01000	0.01628	0.00715	0.00350	0.00560
94	0.01475	0.01416	0.02453	0.17731	0.50345	0.01461	0.06481	0.01874	0.01463	0.02050	0.05921	0.01845	0.01322	0.00636	0.00657	0.00199	0.00777	0.00627	0.00340	0.00926
95	0.01918	0.01298	0.01522	0.01289	0.01645	0.06598	0.05121	0.14660	0.10768	0.21142	0.04138	0.18854	0.03983	0.01112	0.00703	0.00217	0.00603	0.02909	0.00634	0.00883
96	0.02866	0.01152	0.01532	0.01175	0.01676	0.01028	0.00970	0.08186	0.01937	0.68547	0.02475	0.02151	0.01562	0.00798	0.00650	0.00199	0.00562	0.00645	0.00788	0.01100
97	0.05111	0.45005	0.08005	0.01248	0.01738	0.18418	0.01171	0.02020	0.01472	0.01731	0.07659	0.01444	0.01315	0.00656	0.00499	0.00158	0.00773	0.00448	0.00335	0.00795
98	0.01388	0.09386	0.60221	0.01843	0.02727	0.01589	0.08322	0.02063	0.01385	0.03577	0.01181	0.01389	0.00851	0.00607	0.00611	0.00200	0.00936	0.00495	0.00289	0.00940
99	0.01115	0.05448	0.01201	0.01034	0.01186	0.03683	0.00804	0.03907	0.01168	0.01633	0.01683	0.02510	0.01584	0.11833	0.50558	0.00802	0.03156	0.00675	0.05417	0.00603
100	0.00787	0.00562	0.00750	0.00900	0.00937	0.00525	0.00600	0.00900	0.01237	0.01649	0.03561	0.76871	0.04274	0.02024	0.00825	0.00262	0.00375	0.01837	0.00600	0.00525
101	0.02068	0.01588	0.01699	0.01395	0.01840	0.01783	0.01122	0.36975	0.35679	0.05584	0.02093	0.01978	0.01528	0.00824	0.00652	0.00206	0.00612	0.00654	0.00656	0.01063
102	0.00933	0.00654	0.00846	0.00846	0.00895	0.00703	0.00568	0.01030	0.00981	0.01357	0.01907	0.03513	0.02038	0.46623	0.33534	0.00801	0.01094	0.00835	0.00372	0.00470
103	0.02899	0.01100	0.01499	0.01150	0.01649	0.00950	0.00950	0.03149	0.01849	0.73709	0.02549	0.02199	0.01599	0.00800	0.00650	0.00200	0.00550	0.00650	0.00800	0.01100
104	0.00931	0.00623	0.00707	0.00715	0.00717	0.00621	0.00403	0.00937	0.00956	0.01274	0.02119	0.08169	0.02453	0.73209	0.03155	0.00607	0.00613	0.00988	0.00403	0.00399
105	0.01456	0.04829	0.39846	0.03813	0.06496	0.04137	0.14171	0.06461	0.03562	0.02136	0.01393	0.06223	0.01129	0.00707	0.00652	0.00207	0.00901	0.00629	0.00343	0.00911
106	0.01712	0.01884	0.02044	0.11786	0.14705	0.22966	0.01515	0.01941	0.01358	0.01673	0.00996	0.01414	0.00876	0.00835	0.01220	0.00224	0.31245	0.00525	0.00304	0.00776
107	0.01204	0.00602	0.00602	0.00602	0.00753	0.00602	0.00452	0.01506	0.01355	0.02409	0.02108	0.02409	0.01656	0.00753	0.00452	0.00151	0.00301	0.00602	0.80879	0.00602
108	0.01349	0.01285	0.01731	0.01455	0.01599	0.01596	0.01194	0.01524	0.01094	0.01697	0.01123	0.06989	0.01129	0.01037	0.01620	0.00235	0.51881	0.00615	0.00331	0.20515
109	0.01532	0.06232	0.04622	0.19102	0.44535	0.01574	0.01803	0.04605	0.04003	0.02080	0.03015	0.01691	0.01132	0.00628	0.00630	0.00195	0.00766	0.00578	0.00343	0.00935
110	0.01680	0.04638	0.07347	0.17382	0.17253	0.11947	0.15743	0.07044	0.01591	0.03867	0.01278	0.03273	0.01024	0.00664	0.00685	0.00201	0.02553	0.00606	0.00353	0.00869
111	0.01865	0.01361	0.01429	0.01167	0.01483	0.03199	0.00896	0.41165	0.02196	0.02970	0.01740	0.02471	0.01539	0.25276	0.01475	0.00328	0.00661	0.00694	0.07263	0.00822
112	0.01642	0.01292	0.01699	0.08524	0.17064	0.03015	0.01227	0.08850	0.15796	0.08230	0.01862	0.05357	0.03404	0.00963	0.00890	0.08642	0.03184	0.00672	0.00478	0.07210
113	0.01573	0.01455	0.02359	0.22658	0.46294	0.01566	0.01846	0.08331	0.01556	0.02156	0.01218	0.01622	0.00982	0.00629	0.00686	0.00201	0.03012	0.00576	0.00341	0.00940
114	0.02414	0.03079	0.01831	0.01665	0.01998	0.74698	0.01248	0.02580	0.01831	0.01581	0.00999	0.01165	0.00832	0.00666	0.00583	0.00166	0.01165	0.00416	0.00333	0.00749
115	0.01599	0.01535	0.02623	0.03966	0.73262	0.01535	0.01983	0.01983	0.01471	0.02111	0.01215	0.01599	0.01023	0.00576	0.00640	0.00192	0.00768	0.00576	0.00320	0.01023
116	0.01252	0.01179	0.01920	0.66879	0.04121	0.01484	0.01731	0.01723	0.04432	0.01691	0.01192	0.01730	0.00910	0.00693	0.00757	0.00221	0.06472	0.00581	0.00303	0.00731
117	0.00892	0.00641	0.00824	0.00937	0.01004	0.00618	0.00639	0.05311	0.01350	0.01802	0.03435	0.72138	0.04074	0.01946	0.00814	0.00258	0.00396	0.01758	0.00603	0.00561
118	0.00764	0.00655	0.00655	0.00655	0.00873	0.00545	0.00491	0.00927	0.01473	0.01745	0.06546	0.06218	0.73000	0.01636	0.00764	0.00218	0.00327	0.01364	0.00600	0.00545
119	0.00787	0.00562	0.00750	0.00900	0.00937	0.00525	0.00600	0.00900	0.01237	0.01649	0.03561	0.76871	0.04274	0.02024	0.00825	0.00262	0.00375	0.01837	0.00600	0.00525
120	0.00996	0.00838	0.00890	0.00874	0.01112	0.00823	0.00671	0.01580	0.19045	0.01992	0.05152	0.09789	0.45873	0.01483	0.00751	0.00227	0.00396	0.06228	0.00614	0.00667
121	0.00923	0.00692	0.01038	0.01038	0.01154	0.00808	0.00808	0.01154	0.01038	0.01500	0.01731	0.02538	0.01615	0.04846	0.74732	0.01038	0.01731	0.00692	0.00346	0.00577
122	0.00787	0.00562	0.00750	0.00900	0.00937	0.00525	0.00600	0.00900	0.01237	0.01649	0.03561	0.76871	0.04274	0.02024	0.00825	0.00262	0.00375	0.01837	0.00600	0.00525
123	0.00987	0.00724	0.00888	0.00831	0.01019	0.00682	0.00628	0.01381	0.07051	0.04114	0.54672	0.04821	0.17096	0.01329	0.00752	0.00207	0.00330	0.01157	0.00690	0.00641
124	0.01340	0.01148	0.01340	0.00957	0.01531	0.00861	0.00766	0.01627	0.01340	0.02105	0.01148	0.01340	0.00957	0.00479	0.00479	0.00096	0.00479	0.00383	0.00383	0.81242
125	0.00899	0.00653	0.00846	0.00813	0.00959	0.00601	0.00604	0.01183	0.01770	0.02485	0.64970	0.10271	0.08747	0.01387	0.00767	0.00208	0.00311	0.01227	0.00698	0.00601
126	0.01585	0.01520	0.02596	0.06731	0.70611	0.01531	0.01976	0.01970	0.01464	0.02093	0.01213	0.01604	0.01017	0.00578	0.00640	0.00193	0.00771	0.00576	0.00319	0.01012
127	0.01017	0.00735	0.01007	0.01139	0.01293	0.00725	0.00988	0.01304	0.01496	0.01939	0.05655	0.07138	0.08967	0.01760	0.00879	0.00289	0.00567	0.61913	0.00599	0.00592
128	0.00785	0.00572	0.00740	0.00874	0.00930	0.00527	0.00588	0.00903	0.01262	0.01659	0.03873	0.69488	0.11455	0.01984	0.00818	0.00258	0.00370	0.01787	0.00600	0.00527
129	0.00787	0.00562	0.00750	0.00900	0.00937	0.00525	0.00600	0.00900	0.01237	0.01649	0.03561	0.76871	0.04274	0.02024	0.00825	0.00262	0.00375	0.01837	0.00600	0.00525
130	0.81856	0.01250	0.00950	0.00850	0.01250	0.01449	0.00700	0.01899	0.01100	0.02899	0.00900	0.01050	0.00700	0.00600	0.00400	0.00200	0.00500	0.00350	0.00400	0.00700
