[name]
unknown

[dist]
# distance from previous block
# <min> <max>
0	135

[block]
# block no. 0 follows, 30 sequences, length 21
# corresponding to MSA columns:
# 223-243
name=unknown_A
#
# <colnr> <probs for GDERKNQSTAVLIFYWHMCP>
#	G	D	E	R	K	N	Q	S	T	A	V	L	I	F	Y	W	H	M	C	P
0	0.01609	0.03883	0.07716	0.01355	0.05461	0.01128	0.01105	0.06545	0.01651	0.08968	0.05455	0.06849	0.01929	0.04489	0.00791	0.00202	0.00614	0.06292	0.00511	0.33447
1	0.01507	0.05373	0.03662	0.01056	0.01534	0.01044	0.00876	0.05726	0.01667	0.06073	0.13083	0.06203	0.02245	0.00830	0.00607	0.00156	0.00511	0.00688	0.07271	0.39888
2	0.07148	0.07831	0.10524	0.01318	0.04155	0.01280	0.01138	0.08744	0.01781	0.10088	0.16436	0.11488	0.02697	0.01026	0.00680	0.00204	0.00595	0.00856	0.00570	0.11440
3	0.01614	0.01257	0.01379	0.01207	0.01502	0.07190	0.00931	0.04262	0.05277	0.11203	0.04821	0.17010	0.08813	0.04107	0.03136	0.00263	0.09400	0.00978	0.00561	0.15089
4	0.01585	0.01032	0.01243	0.01048	0.01392	0.00937	0.00802	0.09622	0.01807	0.13028	0.15771	0.14639	0.07743	0.07256	0.00954	0.00240	0.00506	0.01018	0.00638	0.18739
5	0.01592	0.01982	0.20824	0.02664	0.28395	0.01455	0.05483	0.02120	0.03971	0.07081	0.05032	0.10341	0.01782	0.00897	0.00773	0.00227	0.03158	0.00803	0.00435	0.00988
6	0.01557	0.01255	0.01522	0.07301	0.01942	0.01045	0.00953	0.01994	0.06263	0.06417	0.01443	0.01619	0.01143	0.00583	0.00557	0.00130	0.00559	0.00475	0.00452	0.62789
7	0.01333	0.00960	0.04500	0.01004	0.01297	0.00790	0.00825	0.01660	0.01820	0.12304	0.43026	0.04250	0.08846	0.01594	0.06929	0.00289	0.00547	0.01056	0.00693	0.06278
8	0.06020	0.01489	0.01484	0.10908	0.01945	0.11644	0.01089	0.12741	0.05894	0.02638	0.06513	0.02175	0.01678	0.00863	0.00751	0.00205	0.06671	0.00647	0.23828	0.00819
9	0.01482	0.01170	0.01589	0.04072	0.05849	0.01222	0.06762	0.15345	0.07948	0.02554	0.04774	0.27992	0.02746	0.04755	0.02714	0.00282	0.00644	0.01179	0.06103	0.00817
10	0.19328	0.08631	0.11113	0.01451	0.01930	0.13143	0.01308	0.17692	0.01869	0.02734	0.01415	0.06555	0.01212	0.00855	0.00728	0.00214	0.06199	0.00601	0.02124	0.00899
11	0.04911	0.01979	0.01562	0.01559	0.07577	0.31508	0.01090	0.02219	0.01819	0.09554	0.09763	0.02944	0.15171	0.01005	0.00687	0.00202	0.00809	0.00781	0.04052	0.00808
12	0.01447	0.00980	0.01432	0.05016	0.12064	0.00942	0.04982	0.01766	0.01633	0.10128	0.13112	0.09483	0.11433	0.01103	0.00701	0.00211	0.00523	0.00972	0.21282	0.00790
13	0.01824	0.22126	0.15655	0.05305	0.08054	0.08124	0.03793	0.10304	0.01732	0.02278	0.01221	0.01433	0.00977	0.00643	0.00591	0.00177	0.00840	0.00493	0.00378	0.14052
14	0.00938	0.00754	0.00847	0.00888	0.01065	0.00705	0.00640	0.01291	0.08706	0.01999	0.08453	0.31500	0.36034	0.01820	0.00837	0.00253	0.00392	0.01580	0.00660	0.00638
15	0.01383	0.00816	0.01004	0.00931	0.01161	0.00756	0.00704	0.04592	0.01811	0.13239	0.28093	0.16406	0.14521	0.01423	0.00772	0.00225	0.00406	0.01231	0.09788	0.00737
16	0.05861	0.26086	0.05993	0.18900	0.17309	0.01909	0.03944	0.01972	0.01495	0.02038	0.07108	0.01817	0.01433	0.00702	0.00613	0.00197	0.00789	0.00583	0.00360	0.00892
17	0.01683	0.25718	0.30434	0.01827	0.02595	0.02016	0.13078	0.07992	0.01662	0.02249	0.03705	0.01582	0.01147	0.00672	0.00631	0.00200	0.00918	0.00559	0.00358	0.00974
18	0.00891	0.00677	0.00821	0.00853	0.01001	0.00607	0.00614	0.01105	0.01647	0.02179	0.28873	0.27999	0.26644	0.01779	0.00845	0.00245	0.00361	0.01560	0.00691	0.00607
19	0.01576	0.01345	0.04975	0.01285	0.01679	0.01278	0.06736	0.19718	0.07774	0.02939	0.15164	0.03591	0.17395	0.01120	0.00732	0.00216	0.00577	0.00951	0.10086	0.00864
20	0.01472	0.08180	0.17834	0.16271	0.09834	0.01757	0.05790	0.01975	0.04460	0.01980	0.01665	0.02015	0.06091	0.00869	0.01028	0.00237	0.16650	0.00656	0.00353	0.00885

[dist]
# distance from previous block
# <min> <max>
0	1

[block]
# block no. 1 follows, 30 sequences, length 42
# corresponding to MSA columns:
# 245-286
name=unknown_B
#
# <colnr> <probs for GDERKNQSTAVLIFYWHMCP>
#	G	D	E	R	K	N	Q	S	T	A	V	L	I	F	Y	W	H	M	C	P
0	0.06590	0.06500	0.05948	0.23364	0.13083	0.01449	0.01497	0.02225	0.04580	0.16245	0.01803	0.06231	0.01462	0.05085	0.00837	0.00246	0.00754	0.00708	0.00478	0.00913
1	0.08920	0.00726	0.00793	0.00816	0.00951	0.00753	0.00584	0.01397	0.01304	0.02185	0.02417	0.17928	0.02382	0.12404	0.09579	0.00381	0.00597	0.00967	0.34309	0.00607
2	0.02021	0.06390	0.13481	0.14875	0.06734	0.08877	0.03971	0.25847	0.06099	0.02872	0.01467	0.01667	0.01092	0.00744	0.00676	0.00211	0.00892	0.00592	0.00476	0.01016
3	0.01647	0.03703	0.01627	0.07677	0.08118	0.13761	0.01113	0.05747	0.03530	0.03825	0.04252	0.15357	0.02001	0.03541	0.00767	0.00211	0.00703	0.00836	0.04994	0.16588
4	0.02323	0.01640	0.01725	0.01388	0.01855	0.05694	0.01123	0.36981	0.07213	0.14640	0.02746	0.02653	0.12215	0.01138	0.03182	0.00246	0.00726	0.00777	0.00688	0.01047
5	0.03610	0.01329	0.02148	0.53358	0.06311	0.01578	0.05574	0.05633	0.01492	0.02009	0.01255	0.01804	0.00964	0.00761	0.00820	0.02486	0.04176	0.00617	0.00343	0.03734
6	0.02257	0.10840	0.02217	0.10130	0.02444	0.44038	0.03686	0.05618	0.08580	0.01967	0.01297	0.01486	0.01042	0.00726	0.00635	0.00191	0.01069	0.00515	0.00396	0.00865
7	0.01433	0.03994	0.07353	0.15271	0.10924	0.01299	0.03849	0.06607	0.01599	0.02214	0.02157	0.10691	0.08312	0.00922	0.00680	0.00198	0.00695	0.00803	0.00441	0.20558
8	0.01722	0.17990	0.23454	0.01839	0.02451	0.10790	0.11509	0.05109	0.01571	0.02038	0.01288	0.04018	0.01089	0.00922	0.03289	0.00244	0.08826	0.00596	0.00346	0.00910
9	0.05295	0.01433	0.01939	0.01482	0.02030	0.01384	0.07736	0.16339	0.06103	0.45172	0.02353	0.02160	0.01545	0.00829	0.00705	0.00218	0.00682	0.00694	0.00758	0.01144
10	0.01575	0.01398	0.04844	0.44696	0.12392	0.01481	0.07904	0.01994	0.01477	0.08746	0.01413	0.01897	0.01057	0.00792	0.00823	0.04751	0.00892	0.00642	0.00372	0.00855
11	0.01410	0.03534	0.68903	0.02031	0.03048	0.01627	0.05460	0.02211	0.01481	0.02211	0.01259	0.01491	0.00892	0.00660	0.00670	0.00222	0.01038	0.00529	0.00297	0.01027
12	0.00850	0.00607	0.00810	0.00972	0.01012	0.00567	0.00648	0.00972	0.01336	0.01781	0.03846	0.75020	0.04615	0.02186	0.00891	0.00283	0.00405	0.01984	0.00648	0.00567
13	0.02197	0.01109	0.01355	0.01149	0.01501	0.04063	0.00894	0.02536	0.05934	0.37828	0.12602	0.09031	0.02743	0.08364	0.05151	0.00317	0.00647	0.00917	0.00730	0.00932
14	0.01626	0.12462	0.02106	0.19179	0.13056	0.10456	0.01413	0.01971	0.03494	0.05027	0.04463	0.08369	0.08403	0.00965	0.00754	0.00216	0.03980	0.00790	0.00433	0.00836
15	0.00841	0.00642	0.00774	0.00879	0.00988	0.00575	0.00606	0.00982	0.01425	0.01818	0.04978	0.51034	0.27871	0.02039	0.00868	0.00267	0.00387	0.01804	0.00648	0.00575
16	0.00868	0.00616	0.00810	0.00952	0.00994	0.00579	0.00631	0.00988	0.01334	0.01785	0.06154	0.67033	0.04526	0.07824	0.01094	0.00311	0.00423	0.01883	0.00635	0.00559
17	0.04072	0.01356	0.01945	0.34891	0.10459	0.01523	0.01565	0.12668	0.04878	0.09767	0.05750	0.02268	0.04220	0.00823	0.00702	0.00224	0.00773	0.00701	0.00495	0.00919
18	0.09563	0.05943	0.02225	0.09251	0.16773	0.08665	0.06617	0.08428	0.12053	0.02436	0.01530	0.01812	0.01223	0.01087	0.06291	0.00286	0.03819	0.00617	0.00438	0.00941
19	0.01765	0.01342	0.01617	0.04168	0.04869	0.01224	0.01030	0.16436	0.01914	0.07286	0.05903	0.06031	0.01661	0.00773	0.00624	0.00161	0.00589	0.00639	0.00534	0.41432
20	0.01501	0.01497	0.02166	0.01840	0.01878	0.02048	0.04430	0.01679	0.01097	0.01700	0.00993	0.01612	0.00970	0.01425	0.06283	0.00349	0.66829	0.00628	0.00311	0.00763
21	0.00942	0.00661	0.00788	0.00834	0.00886	0.00632	0.00527	0.01030	0.01268	0.01684	0.10082	0.26927	0.10216	0.37907	0.02179	0.00465	0.00525	0.01388	0.00550	0.00508
22	0.06094	0.01501	0.02482	0.27322	0.44967	0.01617	0.01994	0.02017	0.01501	0.02162	0.01269	0.01738	0.01027	0.00649	0.00678	0.00216	0.00846	0.00607	0.00339	0.00975
23	0.02909	0.01444	0.04496	0.01349	0.01905	0.01299	0.01148	0.15897	0.05198	0.52962	0.02491	0.02215	0.01608	0.00854	0.00700	0.00216	0.00643	0.00684	0.00803	0.01178
24	0.00858	0.00613	0.00817	0.00966	0.01014	0.00572	0.00648	0.00991	0.01372	0.01839	0.07655	0.71047	0.04727	0.02143	0.00887	0.00280	0.00401	0.01943	0.00655	0.00572
25	0.00847	0.00641	0.00782	0.00888	0.00992	0.00576	0.00612	0.00991	0.01433	0.01844	0.06898	0.52010	0.24894	0.02035	0.00868	0.00267	0.00387	0.01805	0.00652	0.00576
26	0.09121	0.16164	0.33627	0.10023	0.02634	0.01796	0.01842	0.04254	0.05402	0.02217	0.01315	0.01570	0.01014	0.00957	0.05058	0.00265	0.00935	0.00522	0.00352	0.00934
27	0.02212	0.01388	0.01575	0.01322	0.01765	0.01471	0.01055	0.11616	0.34475	0.24081	0.02891	0.02653	0.05835	0.00950	0.00705	0.00224	0.00573	0.00777	0.03334	0.01096
28	0.01527	0.01527	0.02137	0.01832	0.01832	0.02137	0.01527	0.01679	0.01069	0.01679	0.00916	0.01527	0.00916	0.01221	0.02290	0.00305	0.74198	0.00611	0.00305	0.00763
29	0.01866	0.75896	0.03657	0.01194	0.01791	0.02761	0.01194	0.02090	0.01418	0.01642	0.00970	0.01119	0.00896	0.00597	0.00448	0.00149	0.00746	0.00373	0.00299	0.00896
30	0.01949	0.06024	0.17530	0.01571	0.02145	0.01299	0.10178	0.02442	0.04758	0.25387	0.08459	0.10950	0.02207	0.00980	0.00728	0.00225	0.00728	0.00865	0.00596	0.00978
31	0.01152	0.00759	0.00929	0.00859	0.01085	0.00673	0.00654	0.01426	0.01853	0.09463	0.43263	0.05412	0.26890	0.01480	0.00811	0.00224	0.00364	0.01274	0.00739	0.00690
32	0.29953	0.01159	0.01248	0.01051	0.01465	0.01174	0.00849	0.02472	0.05553	0.28346	0.14496	0.02628	0.05001	0.00929	0.00633	0.00219	0.00515	0.00723	0.00676	0.00911
33	0.06230	0.06774	0.28320	0.04260	0.08573	0.01514	0.06313	0.02334	0.04596	0.13942	0.01709	0.04982	0.01322	0.01029	0.04847	0.00271	0.00900	0.00654	0.00447	0.00985
34	0.01297	0.01010	0.01447	0.23595	0.07787	0.01060	0.01183	0.01675	0.04725	0.07788	0.08330	0.13343	0.21472	0.01267	0.00768	0.00236	0.00603	0.01101	0.00550	0.00763
35	0.01543	0.01306	0.01933	0.19968	0.08720	0.01456	0.06710	0.12053	0.07668	0.02314	0.03554	0.02384	0.05676	0.01528	0.09385	0.08160	0.03629	0.00734	0.00450	0.00831
36	0.03399	0.04831	0.32000	0.04654	0.02162	0.01305	0.01640	0.01718	0.01425	0.02080	0.08729	0.16980	0.02297	0.01518	0.07707	0.00322	0.05073	0.00913	0.00427	0.00821
37	0.01964	0.04492	0.21808	0.02196	0.13684	0.08323	0.08251	0.02478	0.03668	0.16492	0.01737	0.02114	0.01332	0.00797	0.00765	0.00223	0.03802	0.04400	0.00465	0.01011
38	0.01590	0.01476	0.02023	0.16234	0.12283	0.04477	0.06069	0.06647	0.01618	0.02265	0.01507	0.01820	0.03797	0.00678	0.00689	0.00176	0.03241	0.00579	0.00403	0.32430
39	0.12879	0.05848	0.09988	0.01418	0.03750	0.05457	0.03813	0.09977	0.01700	0.07149	0.05042	0.17611	0.02080	0.01226	0.03536	0.00254	0.00729	0.00879	0.00518	0.06147
40	0.01720	0.01596	0.08246	0.04833	0.25043	0.01414	0.04170	0.08708	0.06353	0.08432	0.09940	0.02593	0.07261	0.00865	0.00711	0.00210	0.00706	0.00765	0.00519	0.05915
41	0.09629	0.01925	0.14910	0.04675	0.02175	0.05499	0.03674	0.14520	0.03849	0.09592	0.01727	0.08704	0.01436	0.00884	0.00749	0.00214	0.04671	0.00696	0.00507	0.09963

[dist]
# distance from previous block
# <min> <max>
7	43

[block]
# block no. 2 follows, 30 sequences, length 29
# corresponding to MSA columns:
# 334-362
name=unknown_C
#
# <colnr> <probs for GDERKNQSTAVLIFYWHMCP>
#	G	D	E	R	K	N	Q	S	T	A	V	L	I	F	Y	W	H	M	C	P
0	0.07707	0.07287	0.05621	0.07106	0.07108	0.16171	0.01341	0.10793	0.17954	0.04326	0.01683	0.01861	0.01320	0.03633	0.00752	0.00223	0.00814	0.00597	0.00494	0.03209
1	0.11551	0.17364	0.06508	0.05252	0.19732	0.11311	0.01479	0.02172	0.01583	0.05807	0.04940	0.02082	0.01479	0.00781	0.00624	0.00203	0.00800	0.05009	0.00413	0.00909
2	0.04256	0.01533	0.17963	0.04127	0.01939	0.01056	0.01446	0.01669	0.01539	0.02152	0.02866	0.05392	0.05091	0.01431	0.00827	0.00272	0.00723	0.39086	0.00524	0.06106
3	0.01521	0.07057	0.04854	0.12344	0.05112	0.04071	0.01201	0.02098	0.10823	0.02251	0.06149	0.01904	0.01525	0.00689	0.00604	0.00165	0.00653	0.00565	0.00443	0.35971
4	0.19143	0.01330	0.01278	0.01151	0.01505	0.06621	0.00907	0.02477	0.20768	0.10735	0.13740	0.03218	0.09416	0.01057	0.00682	0.00226	0.00555	0.03680	0.00640	0.00870
5	0.01557	0.12865	0.54582	0.01814	0.02735	0.01781	0.02226	0.07183	0.01601	0.02303	0.01247	0.01441	0.00915	0.00661	0.00631	0.00206	0.00952	0.00501	0.00331	0.04470
6	0.01998	0.01509	0.06946	0.01436	0.01921	0.01401	0.04699	0.03120	0.33280	0.21213	0.07456	0.02692	0.02193	0.00925	0.00716	0.00225	0.00617	0.02452	0.00691	0.04510
7	0.00863	0.00708	0.00761	0.00748	0.00966	0.00606	0.00561	0.01076	0.01682	0.02102	0.22194	0.06359	0.55580	0.01686	0.00824	0.00232	0.00348	0.01423	0.00677	0.00606
8	0.01499	0.01425	0.02420	0.43022	0.34166	0.01598	0.02028	0.01942	0.01481	0.02003	0.01272	0.01801	0.01008	0.00664	0.00695	0.00221	0.00885	0.00621	0.00326	0.00921
9	0.01031	0.00757	0.00994	0.01053	0.01226	0.00719	0.00869	0.01334	0.01738	0.02316	0.28525	0.06738	0.14704	0.01722	0.00892	0.00272	0.00487	0.33294	0.00689	0.00641
10	0.00979	0.00713	0.00921	0.00869	0.01037	0.00655	0.00652	0.01300	0.01955	0.02750	0.67406	0.05292	0.09963	0.01445	0.00823	0.00220	0.00330	0.01273	0.00762	0.00655
11	0.71336	0.01363	0.01115	0.00971	0.01416	0.01550	0.00800	0.04948	0.01336	0.08335	0.01135	0.01250	0.00847	0.00672	0.00463	0.00216	0.00553	0.00413	0.00475	0.00806
12	0.00865	0.00634	0.00813	0.00926	0.01007	0.00582	0.00634	0.01021	0.01452	0.01928	0.13004	0.57187	0.13315	0.02034	0.00873	0.00269	0.00388	0.01824	0.00664	0.00582
13	0.01384	0.01277	0.02077	0.68603	0.04605	0.01581	0.01887	0.04512	0.03667	0.01923	0.01309	0.01877	0.00979	0.00711	0.00698	0.00232	0.00912	0.00626	0.00338	0.00802
14	0.01471	0.01397	0.02370	0.47756	0.29650	0.01591	0.02014	0.01917	0.01468	0.01969	0.01267	0.01811	0.00996	0.00669	0.00695	0.00223	0.00892	0.00621	0.00323	0.00899
15	0.07627	0.07741	0.04105	0.02494	0.23053	0.09185	0.13611	0.03943	0.01682	0.02340	0.12450	0.02158	0.01905	0.00788	0.00757	0.00212	0.03904	0.00702	0.00426	0.00915
16	0.01499	0.03766	0.09145	0.01288	0.01906	0.01212	0.03693	0.03556	0.01475	0.02257	0.01227	0.01469	0.01010	0.00599	0.00680	0.00140	0.06153	0.00459	0.00394	0.58071
17	0.15970	0.18761	0.05152	0.01640	0.05471	0.36219	0.01302	0.04428	0.01715	0.02073	0.01073	0.01251	0.00892	0.00676	0.00562	0.00183	0.00974	0.00437	0.00366	0.00854
18	0.01483	0.03065	0.51321	0.02424	0.10647	0.01652	0.15129	0.02207	0.01519	0.02222	0.01289	0.01579	0.00942	0.00644	0.00697	0.00222	0.01037	0.00586	0.00311	0.01022
19	0.01544	0.01298	0.01499	0.01079	0.01695	0.01029	0.00867	0.07136	0.01594	0.02444	0.01275	0.01465	0.01046	0.00543	0.00531	0.00112	0.00537	0.00431	0.00436	0.73438
20	0.00850	0.00607	0.00810	0.00972	0.01012	0.00567	0.00648	0.00972	0.01336	0.01781	0.03846	0.75020	0.04615	0.02186	0.00891	0.00283	0.00405	0.01984	0.00648	0.00567
21	0.80405	0.01350	0.01026	0.00918	0.01350	0.01565	0.00756	0.02051	0.01188	0.03131	0.00972	0.01134	0.00756	0.00648	0.00432	0.00216	0.00540	0.00378	0.00432	0.00756
22	0.00884	0.00628	0.00829	0.00978	0.01025	0.00593	0.00666	0.01011	0.01331	0.01770	0.03703	0.64315	0.04404	0.08048	0.01110	0.00318	0.00445	0.06754	0.00629	0.00561
23	0.01736	0.01499	0.01578	0.01420	0.01815	0.01736	0.01105	0.03708	0.69862	0.02919	0.02840	0.02604	0.02130	0.00947	0.00710	0.00237	0.00552	0.00789	0.00710	0.01105
24	0.00976	0.00713	0.00917	0.00866	0.01035	0.00653	0.00649	0.01294	0.01948	0.02733	0.66205	0.05320	0.11175	0.01451	0.00823	0.00221	0.00331	0.01277	0.00760	0.00653
25	0.01531	0.02416	0.28245	0.02368	0.03139	0.01654	0.35779	0.02299	0.07135	0.02310	0.05007	0.01963	0.01364	0.00687	0.00756	0.00229	0.01030	0.00732	0.00382	0.00973
26	0.01040	0.00911	0.04572	0.00990	0.01205	0.00780	0.00793	0.01484	0.07323	0.02537	0.45002	0.15181	0.10731	0.01501	0.00820	0.00234	0.00405	0.03089	0.00709	0.00694
27	0.01919	0.66278	0.03416	0.01254	0.01822	0.08319	0.01202	0.02228	0.04954	0.01712	0.01074	0.01206	0.00959	0.00625	0.00476	0.00156	0.00777	0.00400	0.00324	0.00899
28	0.01659	0.17780	0.49016	0.01780	0.02662	0.01920	0.02136	0.11030	0.01702	0.02387	0.01252	0.01430	0.00926	0.00673	0.00625	0.00205	0.00940	0.00502	0.00349	0.01025

[dist]
# distance from previous block
# <min> <max>
0	3

[block]
# block no. 3 follows, 30 sequences, length 49
# corresponding to MSA columns:
# 366-414
name=unknown_D
#
# <colnr> <probs for GDERKNQSTAVLIFYWHMCP>
#	G	D	E	R	K	N	Q	S	T	A	V	L	I	F	Y	W	H	M	C	P
0	0.01961	0.01923	0.02074	0.06107	0.02200	0.19201	0.07756	0.13951	0.01825	0.04514	0.03802	0.01942	0.01343	0.05015	0.06449	0.00319	0.17677	0.00651	0.00439	0.00850
1	0.47174	0.03782	0.06265	0.01765	0.14983	0.11523	0.01237	0.02183	0.01400	0.02669	0.01071	0.01287	0.00855	0.00652	0.00525	0.00208	0.00733	0.00444	0.00393	0.00852
2	0.02235	0.02577	0.02656	0.02122	0.02599	0.40388	0.24897	0.02556	0.01822	0.06129	0.01345	0.01685	0.01074	0.03832	0.00825	0.00222	0.01165	0.00620	0.00391	0.00862
3	0.00867	0.00619	0.00829	0.00991	0.01039	0.00581	0.00677	0.01001	0.01353	0.01800	0.03837	0.70846	0.04578	0.02170	0.00895	0.00286	0.00420	0.05990	0.00647	0.00572
4	0.01103	0.00858	0.00965	0.00897	0.01136	0.00812	0.00683	0.08181	0.04020	0.02509	0.29779	0.08724	0.34658	0.01540	0.00811	0.00229	0.00396	0.01311	0.00700	0.00691
5	0.00903	0.00710	0.00815	0.00789	0.00990	0.00622	0.00592	0.01152	0.01775	0.02322	0.37521	0.05997	0.40115	0.01604	0.00824	0.00228	0.00342	0.01372	0.00705	0.00622
6	0.03131	0.01188	0.01619	0.01242	0.01781	0.01026	0.01026	0.03401	0.01997	0.71606	0.02753	0.02375	0.01727	0.00864	0.00702	0.00216	0.00594	0.00702	0.00864	0.01188
7	0.01318	0.01240	0.02093	0.73798	0.04806	0.01550	0.01938	0.01783	0.01395	0.01783	0.01240	0.01860	0.00930	0.00698	0.00698	0.00233	0.00930	0.00620	0.00310	0.00775
8	0.00834	0.00707	0.00719	0.00716	0.00948	0.00593	0.00537	0.01018	0.01611	0.01934	0.10496	0.06635	0.67382	0.01749	0.00825	0.00235	0.00352	0.01461	0.00654	0.00593
9	0.00847	0.00620	0.00797	0.00939	0.01004	0.00570	0.00633	0.00975	0.01367	0.01794	0.04244	0.66599	0.12780	0.02135	0.00883	0.00278	0.00399	0.01921	0.00648	0.00570
10	0.26478	0.04479	0.08573	0.01231	0.01790	0.01367	0.01118	0.05573	0.01729	0.38141	0.01943	0.01826	0.01290	0.00766	0.00605	0.00214	0.00635	0.00568	0.00645	0.01028
11	0.77286	0.04310	0.01130	0.00929	0.01367	0.01613	0.00773	0.02053	0.01197	0.03072	0.00972	0.01133	0.00761	0.00646	0.00432	0.00213	0.00548	0.00378	0.00427	0.00761
12	0.50751	0.01580	0.01433	0.01180	0.01660	0.01794	0.00973	0.27507	0.01986	0.03614	0.01240	0.01340	0.00920	0.00720	0.00533	0.00213	0.00627	0.00473	0.00533	0.00920
13	0.01716	0.01190	0.01389	0.01268	0.01605	0.01252	0.01030	0.10090	0.23634	0.11740	0.09894	0.04404	0.08999	0.01288	0.00792	0.00250	0.00566	0.17261	0.00712	0.00920
14	0.01773	0.00903	0.01089	0.00932	0.01289	0.00770	0.00738	0.01994	0.01772	0.30396	0.07902	0.04882	0.39996	0.01384	0.00774	0.00227	0.00451	0.01149	0.00741	0.00836
15	0.02335	0.30096	0.14344	0.01365	0.02011	0.01834	0.01366	0.05364	0.01740	0.30423	0.01775	0.01715	0.01245	0.00727	0.00598	0.00191	0.00733	0.00542	0.00545	0.01050
16	0.01688	0.01533	0.02444	0.31316	0.35891	0.01682	0.01954	0.10801	0.01736	0.02364	0.01332	0.01773	0.01047	0.00680	0.00694	0.00218	0.00861	0.00622	0.00378	0.00986
17	0.01647	0.01882	0.04118	0.02941	0.03647	0.01765	0.68588	0.02235	0.01647	0.02235	0.01412	0.01882	0.01059	0.00588	0.00824	0.00235	0.01176	0.00824	0.00353	0.00941
18	0.58732	0.01409	0.03542	0.07345	0.01783	0.01512	0.00969	0.04043	0.01378	0.11954	0.01256	0.01385	0.00914	0.00686	0.00505	0.00217	0.00603	0.00453	0.00480	0.00835
19	0.00954	0.00691	0.00889	0.01011	0.01096	0.00661	0.00710	0.04197	0.01462	0.01933	0.03906	0.62789	0.07972	0.02081	0.00884	0.00280	0.00437	0.06795	0.00650	0.00603
20	0.00870	0.00622	0.00830	0.00975	0.01029	0.00582	0.00665	0.01015	0.01396	0.01872	0.09112	0.67214	0.04750	0.02118	0.00888	0.00280	0.00407	0.04140	0.00657	0.00577
21	0.01701	0.01663	0.02175	0.22698	0.11992	0.08346	0.01675	0.07868	0.04428	0.02084	0.01225	0.01683	0.01019	0.00900	0.01262	0.00249	0.27185	0.00609	0.00369	0.00868
22	0.01273	0.01039	0.01186	0.01003	0.01368	0.00951	0.00778	0.04434	0.12268	0.02541	0.24081	0.03850	0.16904	0.01127	0.00710	0.00190	0.00442	0.00953	0.00627	0.24274
23	0.80405	0.01350	0.01026	0.00918	0.01350	0.01565	0.00756	0.02051	0.01188	0.03131	0.00972	0.01134	0.00756	0.00648	0.00432	0.00216	0.00540	0.00378	0.00432	0.00756
24	0.01717	0.52861	0.25390	0.01447	0.02183	0.02398	0.01635	0.02128	0.01436	0.01823	0.01060	0.01232	0.00892	0.00618	0.00516	0.00172	0.00837	0.00419	0.00297	0.00939
25	0.01116	0.00790	0.00992	0.00922	0.01113	0.00756	0.00691	0.01554	0.07359	0.05042	0.57550	0.04930	0.08125	0.04862	0.00938	0.00243	0.00373	0.01201	0.00746	0.00699
26	0.00834	0.00694	0.00728	0.00747	0.00955	0.00589	0.00550	0.01009	0.01571	0.01904	0.08881	0.15576	0.59945	0.01810	0.00833	0.00241	0.00359	0.01532	0.00652	0.00589
27	0.00915	0.00670	0.00869	0.01012	0.01079	0.00648	0.00695	0.01157	0.05515	0.01863	0.03779	0.67879	0.04440	0.02100	0.00883	0.00282	0.00424	0.04538	0.00651	0.00603
28	0.01400	0.03610	0.71860	0.01989	0.03020	0.01621	0.02578	0.02210	0.01473	0.02210	0.01252	0.01473	0.00884	0.00663	0.00663	0.00221	0.01031	0.00516	0.00295	0.01031
29	0.00988	0.00713	0.00933	0.00878	0.01043	0.00658	0.00658	0.01317	0.01975	0.02798	0.70754	0.05213	0.06584	0.01427	0.00823	0.00219	0.00329	0.01262	0.00768	0.00658
30	0.02510	0.12795	0.02197	0.01719	0.02110	0.63551	0.01328	0.02696	0.01905	0.01699	0.01064	0.01240	0.00898	0.00703	0.00606	0.00176	0.01192	0.00439	0.00352	0.00820
31	0.80405	0.01350	0.01026	0.00918	0.01350	0.01565	0.00756	0.02051	0.01188	0.03131	0.00972	0.01134	0.00756	0.00648	0.00432	0.00216	0.00540	0.00378	0.00432	0.00756
32	0.01507	0.01239	0.01769	0.02053	0.21271	0.01256	0.03535	0.07159	0.10870	0.04967	0.23021	0.03411	0.09216	0.01250	0.04136	0.00262	0.00647	0.00929	0.00594	0.00905
33	0.05471	0.07029	0.03741	0.03816	0.02083	0.01458	0.10141	0.08131	0.03425	0.06943	0.01742	0.01919	0.05331	0.00741	0.00745	0.00181	0.06257	0.00601	0.00461	0.29785
34	0.00966	0.00712	0.00903	0.00856	0.01029	0.00649	0.00642	0.01276	0.01925	0.02679	0.62444	0.05409	0.14969	0.01471	0.00823	0.00222	0.00332	0.01290	0.00752	0.00649
35	0.01725	0.11446	0.05474	0.21099	0.05154	0.06756	0.01562	0.09743	0.09134	0.02195	0.01379	0.01723	0.01112	0.00968	0.03212	0.00256	0.15175	0.00593	0.00402	0.00893
36	0.02126	0.04395	0.01844	0.01533	0.01963	0.16792	0.01208	0.17881	0.38608	0.02950	0.02151	0.02067	0.01622	0.00863	0.00682	0.00216	0.00755	0.00668	0.00620	0.01054
37	0.01500	0.01548	0.10641	0.01166	0.01837	0.01024	0.01062	0.01874	0.01470	0.04699	0.01295	0.01483	0.01038	0.00548	0.00542	0.00123	0.00587	0.00437	0.00414	0.66714
38	0.01513	0.23547	0.48586	0.01725	0.02583	0.01888	0.02105	0.02130	0.01466	0.02045	0.01322	0.01764	0.01078	0.00722	0.00621	0.00207	0.00928	0.04484	0.00317	0.00970
39	0.01608	0.19305	0.44943	0.01906	0.02777	0.01867	0.10820	0.02237	0.01506	0.05012	0.01274	0.01486	0.00945	0.00647	0.00638	0.00207	0.00969	0.00532	0.00327	0.00996
40	0.00850	0.00607	0.00810	0.00972	0.01012	0.00567	0.00648	0.00972	0.01336	0.01781	0.03846	0.75020	0.04615	0.02186	0.00891	0.00283	0.00405	0.01984	0.00648	0.00567
41	0.01640	0.01819	0.03841	0.06929	0.12514	0.01739	0.56331	0.02199	0.01626	0.02217	0.01390	0.01861	0.01058	0.00598	0.00799	0.00231	0.01118	0.00786	0.00350	0.00954
42	0.03569	0.02036	0.23144	0.01740	0.02361	0.01437	0.14819	0.04378	0.13517	0.06183	0.09096	0.02779	0.10000	0.00918	0.00735	0.00227	0.00784	0.00820	0.00513	0.00944
43	0.02099	0.02193	0.30925	0.04998	0.02443	0.01314	0.03475	0.02661	0.04032	0.30974	0.02091	0.06388	0.01510	0.00848	0.00700	0.00224	0.00794	0.00705	0.00569	0.01056
44	0.00893	0.00710	0.00802	0.00779	0.00985	0.00618	0.00584	0.01134	0.01752	0.02268	0.33795	0.06085	0.43874	0.01624	0.00824	0.00229	0.00343	0.01384	0.00698	0.00618
45	0.02466	0.01687	0.02312	0.01761	0.02268	0.01796	0.12456	0.32008	0.02390	0.21283	0.01816	0.01874	0.01272	0.00852	0.00924	0.00228	0.10204	0.00678	0.00634	0.01092
46	0.01613	0.06066	0.15582	0.19351	0.20500	0.03665	0.01820	0.06066	0.01630	0.05011	0.03465	0.02091	0.04957	0.00971	0.04068	0.00257	0.00897	0.00654	0.00396	0.00939
47	0.02804	0.01300	0.01655	0.01266	0.01813	0.01179	0.01040	0.11322	0.04386	0.51879	0.02425	0.02175	0.01583	0.00818	0.00677	0.00201	0.00604	0.00658	0.00779	0.11435
48	0.06674	0.01947	0.02565	0.03620	0.54169	0.14740	0.01911	0.02255	0.01636	0.02226	0.01249	0.01605	0.01046	0.00641	0.00664	0.00203	0.00891	0.00575	0.00353	0.01029

[dist]
# distance from previous block
# <min> <max>
0	1

[block]
# block no. 4 follows, 30 sequences, length 12
# corresponding to MSA columns:
# 416-427
name=unknown_E
#
# <colnr> <probs for GDERKNQSTAVLIFYWHMCP>
#	G	D	E	R	K	N	Q	S	T	A	V	L	I	F	Y	W	H	M	C	P
0	0.06244	0.25018	0.40193	0.01601	0.02378	0.01889	0.01886	0.02071	0.01405	0.02037	0.01210	0.01468	0.00963	0.01083	0.07538	0.00286	0.00997	0.00487	0.00312	0.00934
1	0.02310	0.06652	0.02101	0.07047	0.02276	0.22316	0.01361	0.28843	0.09818	0.02906	0.01503	0.01628	0.01152	0.00818	0.00779	0.00209	0.06193	0.00577	0.00521	0.00991
2	0.00898	0.00666	0.00838	0.00887	0.01011	0.00606	0.00630	0.01110	0.01628	0.02191	0.30117	0.35707	0.17510	0.01818	0.00853	0.00250	0.00366	0.01613	0.00694	0.00606
3	0.02002	0.01710	0.01676	0.01458	0.01869	0.08589	0.01139	0.14119	0.47474	0.05777	0.02456	0.02377	0.01855	0.03330	0.00792	0.00240	0.00661	0.00734	0.00671	0.01071
4	0.00864	0.00613	0.00805	0.00953	0.00990	0.00576	0.00628	0.00975	0.01308	0.01744	0.03703	0.68906	0.04435	0.08547	0.01122	0.00318	0.00428	0.01900	0.00628	0.00554
5	0.01692	0.01622	0.02769	0.10276	0.65405	0.01649	0.02124	0.02111	0.01572	0.02237	0.01306	0.01739	0.01090	0.00628	0.00691	0.00209	0.00838	0.00622	0.00342	0.01077
6	0.00918	0.00690	0.00849	0.00853	0.01010	0.00622	0.00623	0.01165	0.01745	0.02355	0.40646	0.19840	0.22791	0.01670	0.00837	0.00237	0.00351	0.01464	0.00713	0.00622
7	0.38790	0.01202	0.01211	0.01020	0.01448	0.01242	0.00830	0.04561	0.01621	0.24708	0.08164	0.02435	0.08345	0.00898	0.00598	0.00218	0.00528	0.00671	0.00627	0.00883
8	0.01551	0.01457	0.01759	0.01284	0.01894	0.06191	0.07813	0.01880	0.01506	0.02229	0.01246	0.01478	0.01026	0.00539	0.00556	0.00122	0.00638	0.00458	0.00403	0.65967
9	0.19749	0.01897	0.01652	0.01399	0.01827	0.18357	0.01113	0.11585	0.11339	0.13688	0.01644	0.01677	0.01216	0.00794	0.00711	0.00209	0.05171	0.00553	0.00549	0.04868
10	0.08983	0.05187	0.01558	0.01426	0.07496	0.07282	0.05779	0.04926	0.01682	0.02295	0.15547	0.11655	0.17884	0.04249	0.00850	0.00241	0.00606	0.01058	0.00552	0.00744
11	0.06073	0.13307	0.25267	0.01713	0.07353	0.03485	0.01641	0.09716	0.01804	0.13390	0.08187	0.01941	0.01613	0.00775	0.00645	0.00206	0.00787	0.00607	0.00488	0.01002

[dist]
# distance from previous block
# <min> <max>
2	28

[block]
# block no. 5 follows, 30 sequences, length 56
# corresponding to MSA columns:
# 456-511
name=unknown_F
#
# <colnr> <probs for GDERKNQSTAVLIFYWHMCP>
#	G	D	E	R	K	N	Q	S	T	A	V	L	I	F	Y	W	H	M	C	P
0	0.13226	0.07855	0.16231	0.01989	0.07984	0.16297	0.12176	0.07979	0.01722	0.02398	0.01221	0.01456	0.00949	0.00659	0.00630	0.00200	0.00942	0.00533	0.00382	0.05170
1	0.01704	0.05347	0.01817	0.18416	0.05644	0.04385	0.01281	0.08715	0.07052	0.08860	0.06706	0.10586	0.01969	0.00967	0.00768	0.00214	0.04146	0.00801	0.00519	0.10102
2	0.29834	0.01301	0.01345	0.01111	0.01576	0.01319	0.02674	0.04303	0.12646	0.04970	0.01918	0.05325	0.05158	0.00805	0.00573	0.00192	0.00545	0.00622	0.00515	0.23269
3	0.01609	0.04995	0.02041	0.02570	0.33426	0.09615	0.01443	0.01908	0.01646	0.05002	0.08306	0.11551	0.10893	0.01048	0.00725	0.00216	0.00710	0.00923	0.00478	0.00895
4	0.05454	0.01637	0.02653	0.03864	0.61785	0.01641	0.01982	0.04895	0.01634	0.02408	0.01308	0.01684	0.01089	0.00627	0.00671	0.00203	0.00799	0.00601	0.00367	0.04697
5	0.05180	0.01229	0.05050	0.01223	0.01516	0.01157	0.00981	0.20666	0.01913	0.02657	0.02821	0.40121	0.03056	0.01556	0.00788	0.00249	0.00565	0.04237	0.00622	0.04412
6	0.01891	0.01560	0.02031	0.01731	0.04529	0.01695	0.11037	0.10912	0.42328	0.07553	0.05263	0.02452	0.01985	0.00884	0.00729	0.00230	0.00672	0.00783	0.00656	0.01077
7	0.01364	0.00750	0.00813	0.05582	0.01142	0.00780	0.00623	0.04716	0.01542	0.02629	0.02180	0.02510	0.01704	0.00806	0.00511	0.00169	0.00386	0.00647	0.70463	0.00683
8	0.00998	0.00744	0.01105	0.01105	0.01225	0.00864	0.00852	0.01236	0.01117	0.01608	0.01884	0.02823	0.01780	0.08362	0.69630	0.01102	0.01816	0.00760	0.00376	0.00614
9	0.01102	0.00788	0.01097	0.01246	0.01400	0.00783	0.01073	0.01413	0.01612	0.02111	0.07399	0.11333	0.04190	0.01914	0.00952	0.00314	0.00613	0.59371	0.00650	0.00639
10	0.01318	0.01240	0.02093	0.73798	0.04806	0.01550	0.01938	0.01783	0.01395	0.01783	0.01240	0.01860	0.00930	0.00698	0.00698	0.00233	0.00930	0.00620	0.00310	0.00775
11	0.03054	0.01205	0.01617	0.01251	0.01783	0.01065	0.01030	0.03418	0.05738	0.67820	0.02758	0.02388	0.01750	0.00868	0.00702	0.00217	0.00592	0.00707	0.00855	0.01183
12	0.00850	0.00607	0.00810	0.00972	0.01012	0.00567	0.00648	0.00972	0.01336	0.01781	0.03846	0.75020	0.04615	0.02186	0.00891	0.00283	0.00405	0.01984	0.00648	0.00567
13	0.01014	0.00679	0.00775	0.00775	0.00779	0.00684	0.00440	0.01024	0.01019	0.01363	0.02186	0.04498	0.02507	0.72833	0.06154	0.00693	0.00721	0.01005	0.00421	0.00430
14	0.01946	0.42563	0.14223	0.01437	0.02072	0.05303	0.01441	0.13744	0.07159	0.02312	0.01289	0.01395	0.01041	0.00682	0.00554	0.00179	0.00802	0.00476	0.00402	0.00981
15	0.00997	0.00748	0.01121	0.01121	0.01246	0.00872	0.00872	0.01246	0.01121	0.01620	0.01869	0.02741	0.01745	0.05234	0.72710	0.01121	0.01869	0.00748	0.00374	0.00623
16	0.02018	0.38903	0.06356	0.01398	0.01910	0.21620	0.01263	0.07648	0.01768	0.01997	0.05754	0.01667	0.03567	0.00745	0.00566	0.00174	0.00864	0.00515	0.00389	0.00877
17	0.01526	0.01238	0.01455	0.01043	0.01660	0.00935	0.00836	0.01834	0.01473	0.05535	0.01311	0.01491	0.01066	0.00533	0.00525	0.00109	0.00520	0.00427	0.00435	0.76046
18	0.02289	0.01740	0.06142	0.01884	0.11206	0.03740	0.03890	0.26529	0.08123	0.17400	0.02012	0.05073	0.01541	0.04181	0.00835	0.00237	0.00748	0.00725	0.00625	0.01080
19	0.01543	0.11108	0.56370	0.01944	0.02867	0.06496	0.05897	0.02237	0.01510	0.02118	0.01220	0.01444	0.00896	0.00656	0.00647	0.00211	0.01024	0.00513	0.00303	0.00997
20	0.01866	0.75896	0.03657	0.01194	0.01791	0.02761	0.01194	0.02090	0.01418	0.01642	0.00970	0.01119	0.00896	0.00597	0.00448	0.00149	0.00746	0.00373	0.00299	0.00896
21	0.02126	0.01834	0.01788	0.01519	0.01964	0.09062	0.01202	0.25031	0.41078	0.03283	0.02279	0.02162	0.01695	0.00888	0.00698	0.00222	0.00695	0.00702	0.00671	0.01102
22	0.00849	0.00611	0.00806	0.00963	0.01010	0.00568	0.00644	0.00973	0.01344	0.01785	0.03950	0.72810	0.06759	0.02173	0.00889	0.00282	0.00403	0.01967	0.00648	0.00568
23	0.00853	0.00616	0.00807	0.00955	0.01009	0.00571	0.00642	0.00983	0.01367	0.01815	0.05848	0.69352	0.08319	0.02142	0.00885	0.00279	0.00400	0.01936	0.00651	0.00571
24	0.01447	0.01240	0.01447	0.01034	0.01654	0.00930	0.00827	0.01757	0.01447	0.02274	0.01240	0.01447	0.01034	0.00517	0.00517	0.00103	0.00517	0.00413	0.00413	0.79742
25	0.01301	0.00650	0.00650	0.00650	0.00813	0.00650	0.00488	0.01626	0.01463	0.02602	0.02276	0.02602	0.01789	0.00813	0.00488	0.00163	0.00325	0.00650	0.79350	0.00650
26	0.01591	0.01536	0.02674	0.22832	0.46522	0.01610	0.06801	0.02029	0.01551	0.02157	0.03181	0.01869	0.01203	0.00662	0.00706	0.00216	0.00868	0.00653	0.00348	0.00993
27	0.01494	0.18244	0.58052	0.01828	0.02771	0.01852	0.02298	0.02186	0.01462	0.02095	0.01195	0.01402	0.00886	0.00650	0.00619	0.00206	0.00974	0.00487	0.00295	0.01004
28	0.00826	0.00703	0.00711	0.00719	0.00946	0.00588	0.00535	0.01000	0.01579	0.01881	0.06927	0.09720	0.67926	0.01786	0.00828	0.00238	0.00356	0.01495	0.00648	0.00588
29	0.80405	0.01350	0.01026	0.00918	0.01350	0.01565	0.00756	0.02051	0.01188	0.03131	0.00972	0.01134	0.00756	0.00648	0.00432	0.00216	0.00540	0.00378	0.00432	0.00756
30	0.00850	0.00607	0.00810	0.00972	0.01012	0.00567	0.00648	0.00972	0.01336	0.01781	0.03846	0.75020	0.04615	0.02186	0.00891	0.00283	0.00405	0.01984	0.00648	0.00567
31	0.01888	0.01631	0.10488	0.03711	0.02024	0.01262	0.01200	0.09463	0.08096	0.14688	0.01702	0.01759	0.01251	0.00676	0.00611	0.00166	0.00639	0.00542	0.00532	0.37673
32	0.01015	0.00677	0.00761	0.00761	0.00761	0.00677	0.00423	0.01015	0.01015	0.01353	0.02199	0.04567	0.02537	0.75476	0.03552	0.00677	0.00677	0.01015	0.00423	0.00423
33	0.01803	0.09567	0.03086	0.02753	0.21068	0.10083	0.26097	0.04488	0.05356	0.02215	0.01525	0.04070	0.01289	0.00728	0.00722	0.00216	0.00963	0.02616	0.00394	0.00962
34	0.01813	0.01631	0.02487	0.17070	0.30158	0.01819	0.04884	0.16376	0.01844	0.02550	0.01325	0.01721	0.01059	0.00767	0.00928	0.00228	0.11300	0.00631	0.00409	0.01001
35	0.76985	0.01376	0.01073	0.00948	0.01385	0.01592	0.00781	0.04987	0.01280	0.03187	0.01003	0.01157	0.00775	0.00656	0.00444	0.00216	0.00550	0.00389	0.00444	0.00775
36	0.01890	0.73479	0.03601	0.01214	0.01803	0.05089	0.01199	0.02113	0.01437	0.01644	0.00974	0.01124	0.00896	0.00601	0.00454	0.00150	0.00763	0.00376	0.00301	0.00893
37	0.00849	0.00709	0.00745	0.00739	0.00963	0.00605	0.00555	0.01045	0.01622	0.01983	0.14306	0.06426	0.61372	0.01829	0.02918	0.00260	0.00395	0.01427	0.00654	0.00598
38	0.00850	0.00607	0.00810	0.00972	0.01012	0.00567	0.00648	0.00972	0.01336	0.01781	0.03846	0.75020	0.04615	0.02186	0.00891	0.00283	0.00405	0.01984	0.00648	0.00567
39	0.01638	0.01943	0.06502	0.02908	0.03625	0.01760	0.66265	0.02234	0.01641	0.02234	0.01406	0.01868	0.01053	0.00591	0.00818	0.00235	0.01171	0.00813	0.00351	0.00944
40	0.00844	0.00708	0.00733	0.00727	0.00954	0.00597	0.00545	0.01038	0.01635	0.01992	0.14501	0.06540	0.63342	0.01728	0.00825	0.00234	0.00351	0.01448	0.00662	0.00597
41	0.01118	0.00841	0.00989	0.00930	0.01142	0.00802	0.00700	0.09055	0.01931	0.02590	0.35710	0.15269	0.23167	0.01560	0.00819	0.00232	0.00398	0.01349	0.00710	0.00688
42	0.02210	0.42462	0.02895	0.01456	0.01960	0.29358	0.01263	0.07568	0.01777	0.01882	0.01067	0.01216	0.00920	0.00662	0.00536	0.00166	0.00943	0.00422	0.00353	0.00885
43	0.01393	0.01425	0.02788	0.10616	0.06576	0.01379	0.35710	0.01865	0.01693	0.02302	0.19101	0.03027	0.07090	0.00891	0.00802	0.00230	0.00862	0.00942	0.00471	0.00836
44	0.02123	0.04611	0.02412	0.05671	0.40252	0.01554	0.01698	0.08169	0.01835	0.19697	0.03933	0.01977	0.01429	0.00729	0.00689	0.00209	0.00749	0.00653	0.00515	0.01097
45	0.01866	0.75896	0.03657	0.01194	0.01791	0.02761	0.01194	0.02090	0.01418	0.01642	0.00970	0.01119	0.00896	0.00597	0.00448	0.00149	0.00746	0.00373	0.00299	0.00896
46	0.01447	0.01240	0.01447	0.01034	0.01654	0.00930	0.00827	0.01757	0.01447	0.02274	0.01240	0.01447	0.01034	0.00517	0.00517	0.00103	0.00517	0.00413	0.00413	0.79742
47	0.02607	0.03326	0.01978	0.01798	0.02157	0.72674	0.01348	0.02787	0.01978	0.01708	0.01079	0.01258	0.00899	0.00719	0.00629	0.00180	0.01258	0.00449	0.00360	0.00809
48	0.01212	0.00606	0.00909	0.00909	0.00909	0.00606	0.00606	0.00909	0.00909	0.01212	0.01212	0.02121	0.01212	0.02424	0.02727	0.79697	0.00606	0.00606	0.00303	0.00303
49	0.01212	0.00606	0.00909	0.00909	0.00909	0.00606	0.00606	0.00909	0.00909	0.01212	0.01212	0.02121	0.01212	0.02424	0.02727	0.79697	0.00606	0.00606	0.00303	0.00303
50	0.01647	0.01882	0.04118	0.02941	0.03647	0.01765	0.68588	0.02235	0.01647	0.02235	0.01412	0.01882	0.01059	0.00588	0.00824	0.00235	0.01176	0.00824	0.00353	0.00941
51	0.03131	0.01188	0.01619	0.01242	0.01781	0.01026	0.01026	0.03401	0.01997	0.71606	0.02753	0.02375	0.01727	0.00864	0.00702	0.00216	0.00594	0.00702	0.00864	0.01188
52	0.01669	0.01523	0.02446	0.32240	0.36107	0.01673	0.01964	0.09774	0.01708	0.02325	0.01326	0.01775	0.01044	0.00678	0.00694	0.00218	0.00863	0.00622	0.00372	0.00981
53	0.01561	0.01581	0.02141	0.23444	0.18375	0.09064	0.01684	0.01867	0.01413	0.01863	0.01527	0.05242	0.04245	0.00948	0.01157	0.00245	0.21759	0.00701	0.00352	0.00832
54	0.01233	0.00771	0.00989	0.00901	0.01121	0.00695	0.00687	0.01535	0.01928	0.11220	0.54045	0.05056	0.14324	0.01401	0.00808	0.00221	0.00365	0.01220	0.00764	0.00715
55	0.24774	0.04908	0.32685	0.01528	0.02206	0.06669	0.01664	0.02305	0.08530	0.02469	0.01347	0.01532	0.01024	0.00936	0.04462	0.00264	0.00889	0.00507	0.00387	0.00916

[dist]
# distance from previous block
# <min> <max>
0	186

[block]
# block no. 6 follows, 30 sequences, length 205
# corresponding to MSA columns:
# 698-891,920-928,937,938
name=unknown_G
#
# <colnr> <probs for GDERKNQSTAVLIFYWHMCP>
#	G	D	E	R	K	N	Q	S	T	A	V	L	I	F	Y	W	H	M	C	P
0	0.28483	0.02069	0.14921	0.01649	0.04938	0.07935	0.07497	0.11405	0.06509	0.02789	0.01328	0.01524	0.01012	0.00777	0.00698	0.03783	0.00801	0.00535	0.00440	0.00907
1	0.01715	0.18960	0.06977	0.03677	0.01873	0.09923	0.01183	0.10669	0.08563	0.02264	0.01993	0.18917	0.01949	0.01055	0.00661	0.00205	0.00716	0.00859	0.00491	0.07352
2	0.46429	0.15679	0.10447	0.01175	0.01703	0.06293	0.01114	0.03831	0.01395	0.02670	0.03220	0.01323	0.01001	0.00674	0.00495	0.00202	0.00685	0.00433	0.00403	0.00828
3	0.01622	0.01403	0.04699	0.07573	0.11575	0.01217	0.03825	0.03635	0.03585	0.08179	0.07577	0.01990	0.01611	0.00707	0.00682	0.00171	0.02948	0.00601	0.00470	0.35932
4	0.01445	0.01003	0.01163	0.00980	0.01360	0.00887	0.00766	0.01915	0.10080	0.12182	0.15738	0.04047	0.24276	0.01174	0.00718	0.00198	0.00448	0.00984	0.00650	0.19985
5	0.80405	0.01350	0.01026	0.00918	0.01350	0.01565	0.00756	0.02051	0.01188	0.03131	0.00972	0.01134	0.00756	0.00648	0.00432	0.00216	0.00540	0.00378	0.00432	0.00756
6	0.00850	0.00607	0.00810	0.00972	0.01012	0.00567	0.00648	0.00972	0.01336	0.01781	0.03846	0.75020	0.04615	0.02186	0.00891	0.00283	0.00405	0.01984	0.00648	0.00567
7	0.00851	0.00708	0.00743	0.00735	0.00959	0.00600	0.00551	0.01052	0.01653	0.02033	0.17362	0.06473	0.60454	0.01712	0.00824	0.00233	0.00350	0.01439	0.00667	0.00600
8	0.01447	0.01240	0.01447	0.01034	0.01654	0.00930	0.00827	0.01757	0.01447	0.02274	0.01240	0.01447	0.01034	0.00517	0.00517	0.00103	0.00517	0.00413	0.00413	0.79742
9	0.02653	0.01955	0.02094	0.01606	0.02164	0.02164	0.01326	0.68796	0.03281	0.04398	0.01675	0.01675	0.01187	0.00838	0.00698	0.00209	0.00768	0.00628	0.00698	0.01187
10	0.01298	0.01288	0.02428	0.01885	0.02319	0.01173	0.32315	0.01663	0.01507	0.02061	0.02525	0.28233	0.05584	0.01206	0.00808	0.00235	0.00776	0.01216	0.00480	0.10997
11	0.01400	0.03610	0.71860	0.01989	0.03020	0.01621	0.02578	0.02210	0.01473	0.02210	0.01252	0.01473	0.00884	0.00663	0.00663	0.00221	0.01031	0.00516	0.00295	0.01031
12	0.00850	0.00607	0.00810	0.00972	0.01012	0.00567	0.00648	0.00972	0.01336	0.01781	0.03846	0.75020	0.04615	0.02186	0.00891	0.00283	0.00405	0.01984	0.00648	0.00567
13	0.01400	0.03610	0.71860	0.01989	0.03020	0.01621	0.02578	0.02210	0.01473	0.02210	0.01252	0.01473	0.00884	0.00663	0.00663	0.00221	0.01031	0.00516	0.00295	0.01031
14	0.01400	0.03610	0.71860	0.01989	0.03020	0.01621	0.02578	0.02210	0.01473	0.02210	0.01252	0.01473	0.00884	0.00663	0.00663	0.00221	0.01031	0.00516	0.00295	0.01031
15	0.01318	0.01240	0.02093	0.73798	0.04806	0.01550	0.01938	0.01783	0.01395	0.01783	0.01240	0.01860	0.00930	0.00698	0.00698	0.00233	0.00930	0.00620	0.00310	0.00775
16	0.01318	0.01240	0.02093	0.73798	0.04806	0.01550	0.01938	0.01783	0.01395	0.01783	0.01240	0.01860	0.00930	0.00698	0.00698	0.00233	0.00930	0.00620	0.00310	0.00775
17	0.01719	0.01680	0.02957	0.04154	0.64608	0.01668	0.08557	0.02151	0.01595	0.02275	0.01322	0.01742	0.01101	0.00619	0.00704	0.00210	0.00863	0.00641	0.00346	0.01090
18	0.03131	0.01188	0.01619	0.01242	0.01781	0.01026	0.01026	0.03401	0.01997	0.71606	0.02753	0.02375	0.01727	0.00864	0.00702	0.00216	0.00594	0.00702	0.00864	0.01188
19	0.01009	0.00698	0.00868	0.00868	0.00905	0.00735	0.00556	0.01083	0.01046	0.01432	0.02101	0.04025	0.02302	0.54621	0.24085	0.00809	0.01031	0.00935	0.00408	0.00482
20	0.00988	0.00713	0.00933	0.00878	0.01043	0.00658	0.00658	0.01317	0.01975	0.02798	0.70754	0.05213	0.06584	0.01427	0.00823	0.00219	0.00329	0.01262	0.00768	0.00658
21	0.01878	0.01263	0.01619	0.01433	0.08807	0.01052	0.01016	0.04528	0.01649	0.18407	0.01752	0.05583	0.01396	0.00708	0.00604	0.00153	0.00570	0.00592	0.00533	0.46455
22	0.01447	0.01240	0.01447	0.01034	0.01654	0.00930	0.00827	0.01757	0.01447	0.02274	0.01240	0.01447	0.01034	0.00517	0.00517	0.00103	0.00517	0.00413	0.00413	0.79742
23	0.01442	0.10227	0.65617	0.01916	0.02908	0.01725	0.02452	0.02199	0.01468	0.02158	0.01226	0.01441	0.00885	0.00657	0.00643	0.00214	0.01005	0.00503	0.00295	0.01019
24	0.03031	0.01167	0.01596	0.01236	0.01756	0.01018	0.01018	0.03300	0.01956	0.68341	0.02712	0.02392	0.01728	0.01068	0.04061	0.00258	0.00653	0.00704	0.00841	0.01161
