[name]
unknown

[dist]
# distance from previous block
# <min> <max>
0	31

[block]
# block no. 0 follows, 32 sequences, length 126
# corresponding to MSA columns:
# 31-156
name=unknown_A
#
# <colnr> <probs for GDERKNQSTAVLIFYWHMCP>
#	G	D	E	R	K	N	Q	S	T	A	V	L	I	F	Y	W	H	M	C	P
0	0.05427	0.01064	0.01328	0.01095	0.01520	0.00947	0.00897	0.04024	0.03468	0.28951	0.10010	0.03263	0.05120	0.00992	0.00677	0.00199	0.00525	0.10651	0.00655	0.19186
1	0.15865	0.26604	0.09193	0.01104	0.01563	0.05336	0.01046	0.02093	0.08123	0.02233	0.01440	0.01599	0.01156	0.00677	0.00491	0.00175	0.00620	0.00480	0.19394	0.00809
2	0.01763	0.64986	0.10528	0.01261	0.01856	0.04870	0.01297	0.02033	0.01378	0.01638	0.00963	0.01125	0.00861	0.00600	0.00502	0.00155	0.02646	0.00381	0.00289	0.00868
3	0.01453	0.12364	0.61343	0.01803	0.02723	0.01715	0.02264	0.05093	0.01486	0.02151	0.01189	0.01384	0.00864	0.00637	0.00614	0.00204	0.00947	0.00484	0.00301	0.00982
4	0.08842	0.01159	0.01495	0.01148	0.01667	0.01016	0.00945	0.02997	0.01803	0.59602	0.02356	0.02094	0.01516	0.00778	0.00635	0.00196	0.00559	0.00620	0.00751	0.09820
5	0.00941	0.00727	0.00863	0.00821	0.01014	0.00671	0.00618	0.01301	0.05728	0.02416	0.47110	0.05331	0.27082	0.01450	0.00786	0.00217	0.00336	0.01252	0.00698	0.00636
6	0.01128	0.01142	0.02020	0.03917	0.02060	0.01046	0.27696	0.01466	0.01545	0.01948	0.04375	0.04527	0.39540	0.01228	0.00793	0.00229	0.00677	0.03454	0.00501	0.00706
7	0.02839	0.01211	0.01578	0.01227	0.01724	0.01108	0.01006	0.11946	0.02051	0.60100	0.02564	0.05906	0.01732	0.00891	0.00683	0.00210	0.00584	0.00728	0.00799	0.01112
8	0.01669	0.01441	0.01517	0.01365	0.01745	0.01669	0.01062	0.03565	0.71021	0.02807	0.02731	0.02503	0.02048	0.00910	0.00683	0.00228	0.00531	0.00759	0.00683	0.01062
9	0.02506	0.03198	0.01901	0.01729	0.02074	0.73725	0.01296	0.02679	0.01901	0.01642	0.01037	0.01210	0.00864	0.00691	0.00605	0.00173	0.01210	0.00432	0.00346	0.00778
10	0.01781	0.69119	0.03312	0.01170	0.01724	0.02554	0.01139	0.02168	0.08482	0.01704	0.01117	0.01222	0.00982	0.00608	0.00456	0.00152	0.00699	0.00400	0.00327	0.00882
11	0.01833	0.68783	0.05692	0.01218	0.01788	0.08034	0.01203	0.02064	0.01406	0.01602	0.00950	0.01098	0.00861	0.00585	0.00451	0.00148	0.00764	0.00369	0.00291	0.00859
12	0.03010	0.01142	0.01557	0.01194	0.01713	0.00986	0.00986	0.03270	0.01920	0.72698	0.02647	0.02284	0.01661	0.00830	0.00675	0.00208	0.00571	0.00675	0.00830	0.01142
13	0.02416	0.01813	0.01938	0.01517	0.02030	0.02018	0.01243	0.59863	0.13507	0.04012	0.01782	0.01747	0.01279	0.00821	0.00673	0.00205	0.00707	0.00628	0.00673	0.01129
14	0.01465	0.15311	0.56306	0.01757	0.02627	0.05230	0.02162	0.02109	0.01423	0.01998	0.01168	0.01383	0.00874	0.00745	0.02526	0.00222	0.00979	0.00476	0.00289	0.00950
15	0.01308	0.00680	0.00686	0.00666	0.00839	0.00689	0.00504	0.04570	0.01484	0.02577	0.02163	0.02462	0.01694	0.00783	0.00478	0.00158	0.00331	0.00624	0.76652	0.00648
16	0.01661	0.01594	0.02724	0.04119	0.72233	0.01594	0.02059	0.02059	0.01528	0.02192	0.01262	0.01661	0.01063	0.00598	0.00664	0.00199	0.00797	0.00598	0.00332	0.01063
17	0.01273	0.01200	0.02058	0.67002	0.04382	0.01460	0.05239	0.01718	0.01365	0.01753	0.01335	0.02118	0.01069	0.00733	0.00691	0.00229	0.00891	0.04420	0.00318	0.00746
18	0.13964	0.01177	0.01172	0.01012	0.01322	0.03121	0.00807	0.21874	0.01863	0.02972	0.01754	0.02000	0.01369	0.01198	0.08048	0.00273	0.00646	0.00583	0.34050	0.00795
19	0.02933	0.01119	0.01516	0.01169	0.01672	0.00970	0.00963	0.03195	0.01898	0.69614	0.02627	0.02293	0.01664	0.00828	0.00666	0.00205	0.00560	0.00673	0.04315	0.01119
20	0.00950	0.00686	0.00897	0.00844	0.01002	0.00633	0.00633	0.01266	0.01899	0.02691	0.71879	0.05012	0.06331	0.01372	0.00791	0.00211	0.00317	0.01213	0.00739	0.00633
21	0.01537	0.01861	0.10301	0.16262	0.11674	0.03953	0.35770	0.02090	0.03314	0.02053	0.01308	0.01735	0.01000	0.00631	0.00778	0.00222	0.03598	0.00682	0.00333	0.00897
22	0.00816	0.00591	0.00771	0.00915	0.00968	0.00547	0.00614	0.00936	0.01303	0.01720	0.03934	0.70683	0.09583	0.02071	0.00852	0.00269	0.00386	0.01870	0.00623	0.00547
23	0.81159	0.01298	0.00986	0.00882	0.01298	0.01505	0.00727	0.01972	0.01142	0.03010	0.00934	0.01090	0.00727	0.00623	0.00415	0.00208	0.00519	0.00363	0.00415	0.00727
24	0.00959	0.00719	0.01078	0.01078	0.01198	0.00839	0.00839	0.01198	0.01078	0.01558	0.01797	0.02636	0.01677	0.05032	0.73760	0.01078	0.01797	0.00719	0.00359	0.00599
25	0.01156	0.00589	0.00883	0.00883	0.00888	0.00594	0.00594	0.00888	0.00883	0.01183	0.01193	0.02066	0.01188	0.02450	0.05748	0.76989	0.00636	0.00589	0.00294	0.00305
26	0.01687	0.06124	0.12526	0.02530	0.23914	0.01657	0.15211	0.12266	0.05669	0.02479	0.01658	0.01898	0.03961	0.00698	0.00670	0.00204	0.00820	0.00653	0.04397	0.00980
27	0.01794	0.76823	0.03516	0.01148	0.01722	0.02655	0.01148	0.02009	0.01363	0.01579	0.00933	0.01076	0.00861	0.00574	0.00431	0.00144	0.00718	0.00359	0.00287	0.00861
28	0.01650	0.29502	0.06169	0.13160	0.04839	0.09674	0.01288	0.01957	0.01435	0.01823	0.01083	0.01330	0.00910	0.00586	0.00526	0.00153	0.00758	0.00432	0.00327	0.22401
29	0.00964	0.00697	0.00968	0.00968	0.01050	0.00779	0.00701	0.01127	0.01046	0.01476	0.01898	0.03195	0.01920	0.27769	0.51355	0.00942	0.01432	0.00801	0.00374	0.00538
30	0.00812	0.00666	0.00715	0.00732	0.00925	0.00570	0.00538	0.00988	0.01529	0.01882	0.12579	0.16386	0.55901	0.01726	0.00802	0.00232	0.00345	0.01468	0.00634	0.00570
31	0.17124	0.01797	0.01839	0.01498	0.01905	0.12874	0.06876	0.22408	0.07334	0.04537	0.01430	0.01673	0.01129	0.04576	0.00904	0.00231	0.07890	0.00573	0.00493	0.02908
32	0.01048	0.00875	0.01138	0.01100	0.01210	0.04039	0.03437	0.01216	0.01180	0.01587	0.02432	0.18432	0.06283	0.17134	0.30336	0.00656	0.05847	0.01039	0.00433	0.00578
33	0.00961	0.00644	0.00736	0.00751	0.00755	0.00640	0.00427	0.00972	0.01005	0.01340	0.02266	0.11236	0.02630	0.69314	0.03171	0.00614	0.00626	0.01065	0.00427	0.00420
34	0.01258	0.00755	0.00989	0.00891	0.01107	0.00684	0.00682	0.01560	0.01888	0.13336	0.58786	0.04652	0.08173	0.01302	0.00774	0.00211	0.00356	0.01139	0.00748	0.00708
35	0.01484	0.01414	0.02405	0.35773	0.41956	0.01548	0.01972	0.01905	0.01444	0.01978	0.01231	0.01718	0.00987	0.00631	0.00667	0.00210	0.00841	0.00597	0.00317	0.00921
36	0.09690	0.01906	0.02339	0.01853	0.02255	0.15567	0.18368	0.12072	0.04435	0.06936	0.01328	0.01581	0.01031	0.00790	0.00990	0.00224	0.16720	0.00602	0.00432	0.00883
37	0.07023	0.01377	0.01787	0.01418	0.01885	0.01399	0.09946	0.10687	0.22576	0.13294	0.09149	0.02289	0.01958	0.00814	0.00663	0.00201	0.00613	0.00704	0.00609	0.11607
38	0.05864	0.24325	0.32215	0.01591	0.02288	0.05945	0.04356	0.02228	0.05060	0.05525	0.01247	0.01406	0.00958	0.00663	0.00635	0.00194	0.03747	0.00483	0.00346	0.00925
39	0.01299	0.01225	0.02069	0.69147	0.10034	0.01499	0.01879	0.01742	0.01357	0.01753	0.01198	0.01779	0.00908	0.00665	0.00670	0.00222	0.00887	0.00596	0.00301	0.00771
40	0.01617	0.01550	0.02645	0.11884	0.64806	0.01583	0.02038	0.02021	0.01507	0.02140	0.01254	0.01675	0.01044	0.00606	0.00665	0.00202	0.00808	0.00598	0.00328	0.01028
41	0.02751	0.01159	0.01534	0.01173	0.01698	0.00996	0.00963	0.03069	0.04128	0.61006	0.02456	0.02172	0.01585	0.00789	0.00651	0.00194	0.00560	0.00641	0.00768	0.11708
42	0.01391	0.01193	0.01391	0.00994	0.01590	0.00894	0.00795	0.01690	0.01391	0.02186	0.01193	0.01391	0.00994	0.00497	0.00497	0.00099	0.00497	0.00398	0.00398	0.80521
43	0.01346	0.03471	0.72942	0.01912	0.02904	0.01558	0.02479	0.02125	0.01417	0.02125	0.01204	0.01417	0.00850	0.00637	0.00637	0.00212	0.00992	0.00496	0.00283	0.00992
44	0.00793	0.00680	0.00680	0.00680	0.00906	0.00566	0.00510	0.00963	0.01529	0.01813	0.06797	0.06457	0.71961	0.01699	0.00793	0.00227	0.00340	0.01416	0.00623	0.00566
45	0.02506	0.03198	0.01901	0.01729	0.02074	0.73725	0.01296	0.02679	0.01901	0.01642	0.01037	0.01210	0.00864	0.00691	0.00605	0.00173	0.01210	0.00432	0.00346	0.00778
46	0.01267	0.01193	0.02013	0.74806	0.04621	0.01491	0.01863	0.01714	0.01342	0.01714	0.01193	0.01789	0.00894	0.00671	0.00671	0.00224	0.00894	0.00596	0.00298	0.00745
47	0.81159	0.01298	0.00986	0.00882	0.01298	0.01505	0.00727	0.01972	0.01142	0.03010	0.00934	0.01090	0.00727	0.00623	0.00415	0.00208	0.00519	0.00363	0.00415	0.00727
48	0.00959	0.00719	0.01078	0.01078	0.01198	0.00839	0.00839	0.01198	0.01078	0.01558	0.01797	0.02636	0.01677	0.05032	0.73760	0.01078	0.01797	0.00719	0.00359	0.00599
49	0.00964	0.00696	0.00963	0.00963	0.01042	0.00776	0.00694	0.01124	0.01044	0.01472	0.01903	0.03222	0.01932	0.28878	0.50263	0.00935	0.01414	0.00805	0.00375	0.00535
50	0.03010	0.01142	0.01557	0.01194	0.01713	0.00986	0.00986	0.03270	0.01920	0.72698	0.02647	0.02284	0.01661	0.00830	0.00675	0.00208	0.00571	0.00675	0.00830	0.01142
51	0.01267	0.01193	0.02013	0.74806	0.04621	0.01491	0.01863	0.01714	0.01342	0.01714	0.01193	0.01789	0.00894	0.00671	0.00671	0.00224	0.00894	0.00596	0.00298	0.00745
52	0.01090	0.00854	0.01073	0.01081	0.04702	0.00844	0.00765	0.01656	0.13051	0.02618	0.52161	0.04547	0.10373	0.01283	0.00768	0.00214	0.00377	0.01124	0.00700	0.00719
53	0.01572	0.01619	0.06561	0.12447	0.57252	0.01547	0.02020	0.01994	0.01500	0.02123	0.01342	0.01900	0.01143	0.00659	0.00674	0.00207	0.00813	0.03288	0.00337	0.01002
54	0.75760	0.01287	0.01026	0.00904	0.01326	0.01469	0.00745	0.02062	0.01196	0.07824	0.01053	0.01172	0.00791	0.00637	0.00433	0.00208	0.00523	0.00385	0.00444	0.00755
55	0.00882	0.00689	0.00804	0.00791	0.00982	0.00610	0.00604	0.01127	0.01694	0.02215	0.35397	0.05894	0.38190	0.01565	0.00802	0.00225	0.00349	0.05906	0.00674	0.00600
56	0.08432	0.03162	0.63652	0.01779	0.02680	0.01514	0.02247	0.02061	0.01370	0.02165	0.01179	0.01413	0.00852	0.00704	0.00697	0.03436	0.00933	0.00488	0.00295	0.00940
57	0.01129	0.00950	0.01101	0.06859	0.01503	0.05960	0.00926	0.01457	0.04611	0.02033	0.16218	0.15514	0.10335	0.04563	0.00925	0.00271	0.00563	0.23853	0.00592	0.00638
58	0.01007	0.00628	0.00716	0.00753	0.00802	0.00619	0.00474	0.01113	0.01157	0.01698	0.02509	0.20928	0.02735	0.39896	0.02072	0.00437	0.00504	0.01110	0.20347	0.00494
59	0.00853	0.00675	0.00768	0.00759	0.00947	0.00590	0.00564	0.01074	0.01650	0.02133	0.30839	0.10875	0.42680	0.01606	0.00797	0.00224	0.00335	0.01376	0.00666	0.00590
60	0.01477	0.20595	0.28935	0.05900	0.02496	0.01886	0.09107	0.01937	0.01342	0.01863	0.01194	0.04355	0.01021	0.00771	0.00896	0.00215	0.14259	0.00572	0.00306	0.00872
61	0.01671	0.01588	0.02821	0.07858	0.56390	0.01583	0.11614	0.02091	0.01538	0.04420	0.01316	0.01709	0.01066	0.00605	0.00683	0.00205	0.00843	0.00628	0.00347	0.01025
62	0.00976	0.00651	0.00732	0.00732	0.00732	0.00651	0.00407	0.00976	0.00976	0.01301	0.02114	0.04391	0.02439	0.76419	0.03415	0.00651	0.00651	0.00976	0.00407	0.00407
63	0.00832	0.00603	0.00770	0.00889	0.00949	0.00559	0.00595	0.00954	0.01311	0.01732	0.06637	0.60602	0.11319	0.07603	0.01039	0.00294	0.00401	0.01759	0.00611	0.00540
64	0.01629	0.01931	0.12528	0.05800	0.49915	0.06668	0.04684	0.02063	0.01526	0.02109	0.01329	0.04329	0.01135	0.00666	0.00669	0.00204	0.00855	0.00627	0.00336	0.00997
65	0.01334	0.01203	0.01935	0.17998	0.32424	0.01268	0.01560	0.01734	0.04226	0.01986	0.02117	0.15697	0.04124	0.01148	0.02625	0.00251	0.00731	0.06375	0.00424	0.00839
66	0.02182	0.01320	0.01490	0.01229	0.01646	0.01394	0.00987	0.19344	0.22846	0.22508	0.02338	0.02224	0.01661	0.00840	0.00640	0.00203	0.00554	0.00674	0.14896	0.01026
67	0.61212	0.08543	0.01375	0.01030	0.01462	0.08469	0.00856	0.06486	0.01366	0.02828	0.00988	0.01134	0.00779	0.00637	0.00451	0.00198	0.00617	0.00385	0.00413	0.00771
68	0.22733	0.13650	0.11532	0.01611	0.10028	0.01791	0.01317	0.12704	0.10961	0.02699	0.01364	0.01480	0.01055	0.00676	0.00555	0.00195	0.00681	0.00499	0.00442	0.04027
69	0.04600	0.06132	0.02386	0.02926	0.39943	0.21452	0.01664	0.04672	0.03493	0.04668	0.01272	0.01529	0.01036	0.00647	0.00628	0.00190	0.00880	0.00539	0.00375	0.00968
70	0.12428	0.00970	0.01034	0.03306	0.01281	0.01010	0.00729	0.10551	0.01667	0.13197	0.01982	0.02143	0.01477	0.00767	0.00525	0.00179	0.00452	0.00594	0.44924	0.00785
71	0.01584	0.01810	0.03959	0.02828	0.03507	0.01697	0.69796	0.02149	0.01584	0.02149	0.01357	0.01810	0.01018	0.00566	0.00792	0.00226	0.01131	0.00792	0.00339	0.00905
72	0.00797	0.00680	0.00686	0.00684	0.00909	0.00568	0.00513	0.00971	0.01540	0.01837	0.08582	0.06418	0.70161	0.01690	0.00793	0.00226	0.00339	0.01411	0.00626	0.00568
73	0.00828	0.00674	0.00733	0.00733	0.00932	0.00579	0.00544	0.01025	0.01591	0.01992	0.20428	0.11082	0.53204	0.01658	0.00797	0.00227	0.00338	0.01408	0.00648	0.00579
74	0.02511	0.03071	0.01912	0.01711	0.02075	0.66822	0.01294	0.09166	0.02022	0.01891	0.01092	0.01249	0.00891	0.00702	0.00611	0.00176	0.01165	0.00449	0.00377	0.00813
75	0.00841	0.00602	0.00764	0.00883	0.00930	0.00563	0.00580	0.00943	0.01254	0.01655	0.03681	0.59242	0.09264	0.13949	0.01261	0.00329	0.00427	0.01721	0.00588	0.00525
76	0.81159	0.01298	0.00986	0.00882	0.01298	0.01505	0.00727	0.01972	0.01142	0.03010	0.00934	0.01090	0.00727	0.00623	0.00415	0.00208	0.00519	0.00363	0.00415	0.00727
77	0.05403	0.01042	0.01229	0.01005	0.01380	0.01008	0.00811	0.11169	0.01848	0.33651	0.02266	0.02234	0.01579	0.00800	0.00584	0.00187	0.00490	0.00634	0.31758	0.00923
78	0.81159	0.01298	0.00986	0.00882	0.01298	0.01505	0.00727	0.01972	0.01142	0.03010	0.00934	0.01090	0.00727	0.00623	0.00415	0.00208	0.00519	0.00363	0.00415	0.00727
79	0.00975	0.00654	0.00752	0.00752	0.00758	0.00661	0.00431	0.00988	0.00982	0.01316	0.02096	0.04291	0.02396	0.72363	0.07412	0.00675	0.00716	0.00961	0.00404	0.00418
80	0.01794	0.76823	0.03516	0.01148	0.01722	0.02655	0.01148	0.02009	0.01363	0.01579	0.00933	0.01076	0.00861	0.00574	0.00431	0.00144	0.00718	0.00359	0.00287	0.00861
81	0.01669	0.01441	0.01517	0.01365	0.01745	0.01669	0.01062	0.03565	0.71021	0.02807	0.02731	0.02503	0.02048	0.00910	0.00683	0.00228	0.00531	0.00759	0.00683	0.01062
82	0.00818	0.00584	0.00779	0.00934	0.00973	0.00545	0.00623	0.00934	0.01285	0.01713	0.03698	0.75981	0.04438	0.02102	0.00856	0.00273	0.00389	0.01908	0.00623	0.00545
83	0.00959	0.00716	0.01065	0.01065	0.01180	0.00831	0.00822	0.01190	0.01074	0.01548	0.01810	0.02704	0.01707	0.07801	0.71031	0.01062	0.01753	0.00729	0.00361	0.00592
84	0.01141	0.00592	0.00856	0.00856	0.00856	0.00592	0.00560	0.00887	0.00887	0.01183	0.01289	0.02347	0.01332	0.12001	0.02726	0.70058	0.00592	0.00634	0.00306	0.00306
85	0.01293	0.01219	0.02059	0.70145	0.09080	0.01498	0.01876	0.01737	0.01354	0.01746	0.01197	0.01780	0.00906	0.00666	0.00670	0.00222	0.00888	0.00596	0.00300	0.00766
86	0.00828	0.00591	0.00791	0.00946	0.00990	0.00554	0.00641	0.00952	0.01295	0.01725	0.03692	0.73276	0.04415	0.02092	0.00859	0.00274	0.00398	0.04510	0.00623	0.00548
87	0.01478	0.01401	0.02373	0.29097	0.44601	0.01505	0.01917	0.01880	0.01449	0.01998	0.01360	0.05448	0.01173	0.00700	0.00676	0.00212	0.00811	0.00663	0.00335	0.00924
88	0.01697	0.59571	0.17969	0.01385	0.03805	0.02399	0.01449	0.02035	0.01379	0.01709	0.00998	0.01163	0.00864	0.00588	0.00480	0.00159	0.00777	0.00394	0.00287	0.00894
89	0.04641	0.04609	0.12357	0.01510	0.02065	0.01468	0.07831	0.09752	0.17031	0.24495	0.03932	0.02215	0.01630	0.00816	0.00674	0.00214	0.00694	0.02426	0.00612	0.01028
90	0.47461	0.01551	0.06879	0.02901	0.01658	0.03891	0.01019	0.03759	0.08435	0.07310	0.01284	0.01405	0.00970	0.00700	0.00600	0.00209	0.04839	0.00462	0.00452	0.04214
91	0.01456	0.01475	0.01908	0.01876	0.11309	0.10967	0.08224	0.01716	0.01429	0.01910	0.09750	0.05141	0.07052	0.01429	0.08218	0.00315	0.21808	0.00784	0.02478	0.00755
92	0.01894	0.01667	0.09907	0.04776	0.07964	0.01472	0.16262	0.16074	0.04072	0.13342	0.01915	0.02507	0.01518	0.00840	0.00713	0.00220	0.00794	0.08377	0.04724	0.00962
93	0.01016	0.00783	0.00940	0.00838	0.01074	0.00676	0.00617	0.01255	0.01586	0.02219	0.34500	0.07160	0.15220	0.11251	0.01081	0.00251	0.00406	0.01069	0.00599	0.17459
94	0.16914	0.05796	0.01909	0.01779	0.13228	0.04403	0.04695	0.12849	0.14133	0.10718	0.03912	0.03767	0.01485	0.00780	0.00623	0.00207	0.00666	0.00635	0.00537	0.00963
95	0.02433	0.03004	0.01979	0.01934	0.08329	0.64507	0.01364	0.05244	0.01917	0.01792	0.01080	0.01266	0.00893	0.00688	0.00613	0.00176	0.01155	0.00454	0.00357	0.00817
96	0.00966	0.00655	0.00773	0.00781	0.00796	0.00666	0.00465	0.00998	0.01003	0.01350	0.02159	0.07801	0.02455	0.64746	0.11102	0.00679	0.00765	0.00994	0.00412	0.00435
97	0.00923	0.00726	0.00839	0.00803	0.01003	0.00663	0.00604	0.01266	0.05667	0.02320	0.39953	0.05491	0.34321	0.01486	0.00786	0.00219	0.00339	0.01275	0.00686	0.00629
98	0.01368	0.07164	0.69447	0.01874	0.02845	0.01614	0.02412	0.02119	0.01414	0.02097	0.01190	0.01399	0.00851	0.00634	0.00627	0.00209	0.00978	0.00489	0.00284	0.00985
99	0.00853	0.00633	0.00803	0.00919	0.01016	0.00583	0.00661	0.01014	0.01394	0.01812	0.07054	0.49722	0.18310	0.01957	0.00850	0.00265	0.00407	0.10556	0.00627	0.00563
100	0.01794	0.76823	0.03516	0.01148	0.01722	0.02655	0.01148	0.02009	0.01363	0.01579	0.00933	0.01076	0.00861	0.00574	0.00431	0.00144	0.00718	0.00359	0.00287	0.00861
101	0.00976	0.00651	0.00732	0.00732	0.00732	0.00651	0.00407	0.00976	0.00976	0.01301	0.02114	0.04391	0.02439	0.76419	0.03415	0.00651	0.00651	0.00976	0.00407	0.00407
102	0.01399	0.01217	0.01491	0.01065	0.01665	0.00926	0.03473	0.01707	0.01399	0.02185	0.01199	0.01408	0.00995	0.00500	0.00508	0.00104	0.00522	0.00413	0.00395	0.77430
103	0.02133	0.01751	0.01718	0.01449	0.01884	0.09734	0.01149	0.24180	0.37209	0.08149	0.02188	0.02066	0.01606	0.00848	0.00670	0.00212	0.00674	0.00668	0.00652	0.01061
104	0.00925	0.00682	0.00865	0.00826	0.00989	0.00622	0.00617	0.01217	0.01833	0.02547	0.61381	0.07407	0.14719	0.01437	0.00794	0.00215	0.00322	0.01261	0.00720	0.00622
105	0.01669	0.01441	0.01517	0.01365	0.01745	0.01669	0.01062	0.03565	0.71021	0.02807	0.02731	0.02503	0.02048	0.00910	0.00683	0.00228	0.00531	0.00759	0.00683	0.01062
106	0.02896	0.01325	0.01671	0.01281	0.01804	0.01259	0.01058	0.19873	0.02228	0.55661	0.02389	0.02116	0.01532	0.00824	0.00674	0.00206	0.00613	0.00657	0.00791	0.01142
107	0.01414	0.01343	0.02279	0.48342	0.29934	0.01530	0.01937	0.01843	0.01411	0.01893	0.01219	0.01741	0.00957	0.00644	0.00668	0.00215	0.00858	0.00597	0.00311	0.00864
108	0.01661	0.01594	0.02724	0.04119	0.72233	0.01594	0.02059	0.02059	0.01528	0.02192	0.01262	0.01661	0.01063	0.00598	0.00664	0.00199	0.00797	0.00598	0.00332	0.01063
109	0.01360	0.00691	0.00710	0.00680	0.00863	0.00694	0.00517	0.04276	0.01492	0.04893	0.02182	0.02460	0.01695	0.00784	0.00484	0.00160	0.00338	0.00626	0.74433	0.00663
110	0.01096	0.00920	0.01341	0.01262	0.01350	0.01166	0.01008	0.01310	0.01065	0.01573	0.01551	0.02322	0.01463	0.03995	0.54517	0.00867	0.21534	0.00683	0.00342	0.00635
111	0.01333	0.01098	0.01544	0.01367	0.01572	0.01228	0.07470	0.01816	0.12648	0.05942	0.02746	0.14120	0.09365	0.07455	0.04969	0.00331	0.16397	0.07344	0.00517	0.00738
112	0.00793	0.00680	0.00680	0.00680	0.00906	0.00566	0.00510	0.00963	0.01529	0.01813	0.06797	0.06457	0.71961	0.01699	0.00793	0.00227	0.00340	0.01416	0.00623	0.00566
113	0.01646	0.01580	0.02698	0.06672	0.69791	0.01591	0.02052	0.02047	0.01521	0.02175	0.01260	0.01665	0.01057	0.00600	0.00665	0.00200	0.00801	0.00598	0.00331	0.01051
114	0.01370	0.01298	0.02199	0.56277	0.22344	0.01518	0.01915	0.01805	0.01390	0.01840	0.01211	0.01755	0.00939	0.00652	0.00669	0.00217	0.00869	0.00597	0.00307	0.00829
115	0.02225	0.02548	0.01913	0.01682	0.01971	0.45858	0.01310	0.11344	0.01847	0.01977	0.01114	0.01380	0.00940	0.00999	0.04165	0.00242	0.16796	0.00500	0.00379	0.00809
116	0.01646	0.01580	0.02697	0.06710	0.69754	0.01590	0.02052	0.02047	0.01521	0.02175	0.01260	0.01665	0.01057	0.00601	0.00665	0.00200	0.00801	0.00598	0.00331	0.01051
117	0.01543	0.01281	0.02341	0.01752	0.02231	0.01161	0.30631	0.01945	0.01691	0.12298	0.20014	0.03044	0.08325	0.00897	0.00750	0.00209	0.00723	0.00900	0.00540	0.07726
118	0.00818	0.00584	0.00779	0.00934	0.00973	0.00545	0.00623	0.00934	0.01285	0.01713	0.03698	0.75981	0.04438	0.02102	0.00856	0.00273	0.00389	0.01908	0.00623	0.00545
119	0.00851	0.00666	0.00918	0.00976	0.01087	0.00608	0.04082	0.01002	0.01351	0.01756	0.04235	0.57565	0.18524	0.01940	0.00840	0.00260	0.00416	0.01748	0.00609	0.00568
120	0.03547	0.32097	0.33488	0.01545	0.02295	0.01934	0.04372	0.02200	0.01450	0.09519	0.01252	0.01383	0.00945	0.00630	0.00561	0.00185	0.00833	0.00469	0.00349	0.00947
121	0.06034	0.01407	0.02304	0.18735	0.46486	0.01483	0.01841	0.01912	0.01468	0.02118	0.01464	0.02263	0.01295	0.00744	0.00678	0.00216	0.00784	0.07479	0.00359	0.00930
122	0.00808	0.00645	0.00725	0.00780	0.00935	0.00561	0.00556	0.00964	0.01454	0.01810	0.08180	0.32025	0.44529	0.01835	0.00816	0.00243	0.00357	0.01589	0.00627	0.00561
123	0.06300	0.01884	0.01821	0.01595	0.01753	0.22279	0.01282	0.04573	0.01391	0.01857	0.01075	0.01489	0.00962	0.01116	0.04253	0.00273	0.39417	0.00539	0.05393	0.00750
124	0.01624	0.16710	0.07382	0.01362	0.03818	0.06747	0.01145	0.02430	0.23752	0.06227	0.09667	0.09403	0.02339	0.00992	0.00660	0.00209	0.00631	0.03472	0.00543	0.00887
125	0.05474	0.03007	0.54940	0.02076	0.08206	0.01598	0.07065	0.05970	0.01522	0.02296	0.01229	0.01458	0.00889	0.00638	0.00641	0.00212	0.00948	0.00524	0.00320	0.00986

[dist]
# distance from previous block
# <min> <max>
0	2

[block]
# block no. 1 follows, 32 sequences, length 35
# corresponding to MSA columns:
# 159-164,169-197
name=unknown_B
#
# <colnr> <probs for GDERKNQSTAVLIFYWHMCP>
#	G	D	E	R	K	N	Q	S	T	A	V	L	I	F	Y	W	H	M	C	P
0	0.01779	0.65072	0.11178	0.01261	0.01871	0.05981	0.01304	0.02055	0.01395	0.01643	0.00968	0.01121	0.00860	0.00587	0.00462	0.00153	0.00772	0.00378	0.00289	0.00872
1	0.78001	0.01318	0.01104	0.00960	0.01385	0.01513	0.03468	0.01979	0.01159	0.02976	0.00951	0.01119	0.00738	0.00621	0.00430	0.00208	0.00543	0.00380	0.00412	0.00734
2	0.01381	0.03262	0.65114	0.02158	0.10634	0.01562	0.02432	0.02118	0.01429	0.02132	0.01211	0.01444	0.00874	0.00633	0.00640	0.00211	0.00970	0.00507	0.00289	0.01000
3	0.01134	0.00735	0.00907	0.00835	0.01054	0.00653	0.00636	0.01401	0.01794	0.10239	0.45152	0.05130	0.24979	0.01407	0.00779	0.00215	0.00352	0.01213	0.00715	0.00670
4	0.01303	0.01155	0.01847	0.39720	0.16655	0.01309	0.01562	0.03399	0.01448	0.01935	0.08133	0.02691	0.01792	0.09241	0.01002	0.00270	0.00774	0.04615	0.00387	0.00761
5	0.01059	0.00765	0.00886	0.00897	0.01007	0.00754	0.00607	0.08652	0.01429	0.01874	0.03419	0.33582	0.13733	0.26273	0.01665	0.00382	0.00506	0.01381	0.00557	0.00569
6	0.11119	0.01710	0.01899	0.12666	0.02382	0.01926	0.01304	0.51978	0.02653	0.03709	0.01472	0.01580	0.01057	0.00765	0.00643	0.00205	0.00738	0.00576	0.00586	0.01034
7	0.02015	0.01585	0.09019	0.01313	0.01870	0.01359	0.01155	0.13058	0.18975	0.19297	0.01981	0.01913	0.01419	0.00740	0.00626	0.00184	0.00611	0.00594	0.00600	0.21684
8	0.13816	0.01419	0.01436	0.01292	0.01676	0.01644	0.01011	0.03322	0.60343	0.02838	0.02456	0.02287	0.01846	0.00866	0.00642	0.00225	0.00529	0.00698	0.00642	0.01011
9	0.01731	0.66469	0.13316	0.01256	0.01889	0.02500	0.01336	0.02026	0.01371	0.01656	0.00971	0.01124	0.00860	0.00583	0.00460	0.00153	0.00756	0.00378	0.00287	0.00880
10	0.00823	0.00586	0.00777	0.00927	0.00965	0.00549	0.00615	0.00936	0.01274	0.01698	0.03642	0.73418	0.04366	0.04762	0.00948	0.00286	0.00399	0.01874	0.00615	0.00540
11	0.01468	0.01468	0.02055	0.01762	0.01762	0.02055	0.01468	0.01615	0.01028	0.01615	0.00881	0.01468	0.00881	0.01174	0.02202	0.00294	0.75191	0.00587	0.00294	0.00734
12	0.18873	0.01352	0.01551	0.01215	0.01717	0.01357	0.01003	0.19140	0.02060	0.41897	0.02046	0.01877	0.01344	0.00782	0.00621	0.00206	0.00601	0.00594	0.00707	0.01057
13	0.26169	0.12864	0.01716	0.01122	0.01620	0.01558	0.00949	0.10338	0.05910	0.20500	0.01587	0.01572	0.01144	0.00693	0.00539	0.00186	0.00586	0.00498	0.00545	0.09904
14	0.22115	0.02495	0.01666	0.01532	0.03685	0.45848	0.01146	0.05141	0.03817	0.02158	0.01097	0.01254	0.00887	0.00675	0.00560	0.00182	0.00959	0.00435	0.00388	0.03960
15	0.00959	0.00716	0.01063	0.01063	0.01178	0.00830	0.00820	0.01188	0.01074	0.01546	0.01811	0.02713	0.01711	0.08168	0.70670	0.01060	0.01747	0.00730	0.00362	0.00591
16	0.01468	0.01468	0.02055	0.01762	0.01762	0.02055	0.01468	0.01615	0.01028	0.01615	0.00881	0.01468	0.00881	0.01174	0.02202	0.00294	0.75191	0.00587	0.00294	0.00734
17	0.00863	0.00617	0.00741	0.00831	0.00936	0.00563	0.00577	0.01022	0.01386	0.01862	0.07029	0.47217	0.21829	0.01827	0.00796	0.00246	0.00365	0.01615	0.09114	0.00563
18	0.00927	0.00692	0.00871	0.00883	0.01047	0.00636	0.00684	0.01193	0.01703	0.02291	0.39442	0.11383	0.20797	0.01590	0.00821	0.00237	0.00381	0.13134	0.00682	0.00608
19	0.76570	0.01332	0.01046	0.00921	0.01343	0.01539	0.00759	0.05943	0.01259	0.03082	0.00974	0.01120	0.00751	0.00634	0.00430	0.00207	0.00532	0.00377	0.00430	0.00751
20	0.05784	0.00890	0.01054	0.00937	0.01208	0.00871	0.00728	0.02005	0.10254	0.16172	0.32530	0.03650	0.06955	0.01095	0.00686	0.00205	0.00403	0.00928	0.12861	0.00785
21	0.01794	0.76823	0.03516	0.01148	0.01722	0.02655	0.01148	0.02009	0.01363	0.01579	0.00933	0.01076	0.00861	0.00574	0.00431	0.00144	0.00718	0.00359	0.00287	0.00861
22	0.00817	0.00588	0.00775	0.00925	0.00971	0.00546	0.00619	0.00935	0.01294	0.01717	0.03816	0.73344	0.06999	0.02087	0.00854	0.00271	0.00387	0.01889	0.00623	0.00546
23	0.01267	0.01193	0.02013	0.74806	0.04621	0.01491	0.01863	0.01714	0.01342	0.01714	0.01193	0.01789	0.00894	0.00671	0.00671	0.00224	0.00894	0.00596	0.00298	0.00745
24	0.01947	0.02106	0.01984	0.01677	0.01956	0.30703	0.08850	0.07186	0.01658	0.02016	0.01251	0.01571	0.01037	0.00824	0.01022	0.00210	0.20113	0.00555	0.12550	0.00784
25	0.00901	0.00734	0.00913	0.09079	0.01387	0.00712	0.00734	0.01164	0.04419	0.01853	0.08240	0.32051	0.31989	0.01686	0.00799	0.00243	0.00427	0.01472	0.00595	0.00603
26	0.12256	0.13532	0.08271	0.01455	0.01996	0.05941	0.04262	0.26855	0.05260	0.07819	0.01435	0.01509	0.01066	0.00722	0.00634	0.00195	0.02587	0.00530	0.00507	0.03169
27	0.01436	0.14658	0.54760	0.01849	0.02716	0.01757	0.06746	0.02089	0.01404	0.02022	0.01160	0.01392	0.00864	0.00644	0.00677	0.00206	0.03879	0.00498	0.00288	0.00955
28	0.00900	0.00639	0.00824	0.00864	0.00950	0.00600	0.00595	0.01088	0.01510	0.02084	0.33660	0.33746	0.04975	0.12989	0.01214	0.00302	0.00396	0.01460	0.00642	0.00563
29	0.01729	0.10333	0.18412	0.13392	0.07497	0.04439	0.01560	0.07502	0.04433	0.11607	0.10801	0.02096	0.01777	0.00782	0.00650	0.00203	0.00757	0.00639	0.00471	0.00921
30	0.02028	0.04086	0.01758	0.12647	0.02225	0.25564	0.01235	0.10323	0.07539	0.10077	0.07850	0.05047	0.01786	0.00887	0.00699	0.00205	0.02357	0.02324	0.00508	0.00855
31	0.01811	0.01544	0.02593	0.03792	0.64371	0.01526	0.01940	0.02194	0.01572	0.10053	0.01417	0.01730	0.01130	0.00624	0.00665	0.00200	0.00772	0.00606	0.00388	0.01072
32	0.00824	0.00587	0.00777	0.00926	0.00963	0.00550	0.00614	0.00936	0.01271	0.01695	0.03630	0.72907	0.04352	0.05293	0.00966	0.00289	0.00401	0.01868	0.00614	0.00539
33	0.06000	0.01735	0.10325	0.04247	0.08563	0.01577	0.21210	0.08798	0.08664	0.08389	0.04162	0.02143	0.01457	0.00789	0.00810	0.00225	0.05945	0.03556	0.00466	0.00939
34	0.06335	0.05088	0.08937	0.02309	0.02952	0.01595	0.47116	0.02205	0.01584	0.09411	0.04672	0.01900	0.01290	0.00639	0.00730	0.00218	0.00971	0.00731	0.00406	0.00911

[dist]
# distance from previous block
# <min> <max>
0	5

[block]
# block no. 2 follows, 32 sequences, length 146
# corresponding to MSA columns:
# 203-348
name=unknown_C
#
# <colnr> <probs for GDERKNQSTAVLIFYWHMCP>
#	G	D	E	R	K	N	Q	S	T	A	V	L	I	F	Y	W	H	M	C	P
0	0.01205	0.00742	0.00931	0.00866	0.01082	0.00661	0.00655	0.01458	0.01752	0.12778	0.39105	0.12123	0.21183	0.01444	0.00781	0.00220	0.00367	0.01252	0.00713	0.00684
1	0.02103	0.28937	0.04196	0.04235	0.07743	0.25939	0.01319	0.05578	0.05496	0.06760	0.01258	0.01388	0.01013	0.00667	0.00563	0.00174	0.00881	0.00469	0.00388	0.00892
2	0.01282	0.00788	0.00995	0.00903	0.01064	0.00760	0.00628	0.01389	0.01160	0.10291	0.01958	0.03282	0.01947	0.39007	0.18196	0.04175	0.00872	0.00796	0.00442	0.10066
3	0.09312	0.10132	0.05878	0.01548	0.03524	0.22822	0.01278	0.23965	0.07964	0.02731	0.01441	0.01657	0.01144	0.00762	0.00611	0.00194	0.00847	0.02772	0.00483	0.00934
4	0.01361	0.00790	0.01075	0.03700	0.01326	0.00767	0.00808	0.01555	0.01482	0.17064	0.09045	0.39114	0.06748	0.01744	0.03315	0.00279	0.03588	0.04896	0.00643	0.00702
5	0.01391	0.01193	0.01391	0.00994	0.01590	0.00894	0.00795	0.01690	0.01391	0.02186	0.01193	0.01391	0.00994	0.00497	0.00497	0.00099	0.00497	0.00398	0.00398	0.80521
6	0.01742	0.01425	0.01519	0.01356	0.01743	0.01632	0.01058	0.03549	0.67234	0.06638	0.02726	0.02491	0.02027	0.00906	0.00682	0.00226	0.00533	0.00754	0.00691	0.01066
7	0.00845	0.00626	0.00782	0.00894	0.00984	0.00576	0.00628	0.00985	0.01347	0.01741	0.04296	0.50328	0.19424	0.05915	0.00984	0.00286	0.00413	0.07786	0.00611	0.00549
8	0.00947	0.00650	0.00753	0.00762	0.00796	0.00634	0.00460	0.01005	0.01143	0.01530	0.10587	0.11680	0.06761	0.56413	0.02719	0.00540	0.00570	0.01119	0.00478	0.00455
9	0.00815	0.00595	0.00767	0.00906	0.00966	0.00547	0.00610	0.00938	0.01312	0.01724	0.04048	0.68138	0.12055	0.02057	0.00849	0.00267	0.00384	0.01852	0.00623	0.00547
10	0.02927	0.01231	0.01607	0.01237	0.01755	0.01125	0.01020	0.10706	0.03725	0.63389	0.02534	0.02214	0.01612	0.00830	0.00675	0.00207	0.00589	0.00669	0.00809	0.01140
11	0.01346	0.03471	0.72942	0.01912	0.02904	0.01558	0.02479	0.02125	0.01417	0.02125	0.01204	0.01417	0.00850	0.00637	0.00637	0.00212	0.00992	0.00496	0.00283	0.00992
12	0.01251	0.00625	0.00625	0.00625	0.00782	0.00625	0.00469	0.01563	0.01407	0.02502	0.02189	0.02502	0.01720	0.00782	0.00469	0.00156	0.00313	0.00625	0.80144	0.00625
13	0.00950	0.00686	0.00897	0.00844	0.01002	0.00633	0.00633	0.01266	0.01899	0.02691	0.71879	0.05012	0.06331	0.01372	0.00791	0.00211	0.00317	0.01213	0.00739	0.00633
14	0.00818	0.00584	0.00779	0.00934	0.00973	0.00545	0.00623	0.00934	0.01285	0.01713	0.03698	0.75981	0.04438	0.02102	0.00856	0.00273	0.00389	0.01908	0.00623	0.00545
15	0.00950	0.00686	0.00897	0.00844	0.01002	0.00633	0.00633	0.01266	0.01899	0.02691	0.71879	0.05012	0.06331	0.01372	0.00791	0.00211	0.00317	0.01213	0.00739	0.00633
16	0.00959	0.00719	0.01078	0.01078	0.01198	0.00839	0.00839	0.01198	0.01078	0.01558	0.01797	0.02636	0.01677	0.05032	0.73760	0.01078	0.01797	0.00719	0.00359	0.00599
17	0.00864	0.00680	0.00790	0.00836	0.01010	0.00605	0.00639	0.01066	0.01534	0.01933	0.13499	0.18322	0.41217	0.01755	0.00826	0.00246	0.00392	0.12570	0.00636	0.00579
18	0.01478	0.26995	0.38218	0.14089	0.02812	0.01904	0.01940	0.02017	0.01386	0.01877	0.01114	0.01369	0.00861	0.00622	0.00576	0.00192	0.00886	0.00468	0.00287	0.00907
19	0.02192	0.01528	0.01595	0.01287	0.01753	0.09439	0.01029	0.18565	0.06584	0.21404	0.02015	0.07541	0.01597	0.00865	0.00649	0.00188	0.00652	0.02415	0.00614	0.18088
20	0.03905	0.16344	0.14600	0.01668	0.02269	0.06546	0.12234	0.12722	0.01771	0.11568	0.01393	0.01538	0.01037	0.00690	0.00700	0.00195	0.04765	0.00549	0.00438	0.05069
21	0.05174	0.01751	0.01692	0.01372	0.01817	0.17568	0.03041	0.19309	0.02127	0.27597	0.01884	0.01848	0.01311	0.00773	0.00630	0.00193	0.00741	0.00590	0.09601	0.00981
22	0.05962	0.01020	0.01175	0.01013	0.01336	0.01029	0.00799	0.06841	0.13284	0.19513	0.19034	0.03053	0.05258	0.00981	0.00653	0.00202	0.00452	0.00812	0.16721	0.00861
23	0.07678	0.10245	0.06639	0.07712	0.09236	0.15665	0.01406	0.15926	0.01812	0.04070	0.01351	0.05523	0.01149	0.00809	0.00766	0.00205	0.07906	0.00590	0.00423	0.00889
24	0.04011	0.01808	0.04708	0.14552	0.04894	0.20074	0.02993	0.05576	0.03337	0.20501	0.06834	0.02001	0.01556	0.00777	0.00652	0.00200	0.00812	0.00620	0.03199	0.00895
25	0.00823	0.00588	0.00783	0.00931	0.00974	0.00549	0.00623	0.00948	0.01310	0.01753	0.06518	0.73046	0.04516	0.02072	0.00854	0.00270	0.00386	0.01879	0.00628	0.00549
26	0.00818	0.00584	0.00779	0.00934	0.00973	0.00545	0.00623	0.00934	0.01285	0.01713	0.03698	0.75981	0.04438	0.02102	0.00856	0.00273	0.00389	0.01908	0.00623	0.00545
27	0.01791	0.07018	0.02466	0.15115	0.31585	0.01768	0.04861	0.16657	0.07579	0.02551	0.01427	0.01706	0.01116	0.00677	0.00657	0.00203	0.00789	0.00604	0.00425	0.01003
28	0.01198	0.00749	0.01082	0.01039	0.01049	0.00852	0.00753	0.01037	0.00941	0.01296	0.01289	0.02327	0.01317	0.06094	0.04280	0.57059	0.13336	0.03594	0.00314	0.00395
29	0.00827	0.00631	0.00733	0.00806	0.00916	0.00567	0.00550	0.00951	0.01346	0.01702	0.04764	0.38786	0.31686	0.11160	0.01148	0.00301	0.00402	0.01592	0.00596	0.00537
30	0.04538	0.01448	0.01800	0.01380	0.01897	0.01447	0.03924	0.29434	0.02374	0.38659	0.04601	0.02068	0.01573	0.00824	0.00676	0.00206	0.00650	0.00664	0.00734	0.01104
31	0.09332	0.01813	0.10585	0.01541	0.02087	0.03491	0.07913	0.25298	0.10088	0.13504	0.06182	0.01966	0.01558	0.00794	0.00663	0.00210	0.00724	0.00649	0.00589	0.01012
32	0.02014	0.01897	0.02258	0.05307	0.33535	0.18761	0.04022	0.02527	0.09928	0.10839	0.01555	0.01740	0.01199	0.00688	0.00658	0.00199	0.00851	0.00594	0.00438	0.00988
33	0.00969	0.00648	0.00734	0.00741	0.00743	0.00646	0.00416	0.00974	0.00990	0.01319	0.02185	0.07576	0.02528	0.73113	0.03301	0.00634	0.00639	0.01017	0.00416	0.00413
34	0.01651	0.01642	0.07176	0.04535	0.11903	0.01469	0.12464	0.12919	0.03517	0.02472	0.01319	0.01581	0.01038	0.00638	0.00717	0.00177	0.05127	0.00557	0.00413	0.28683
35	0.02238	0.01900	0.01904	0.17281	0.02562	0.16833	0.01360	0.29187	0.07985	0.09733	0.01595	0.01705	0.01156	0.00764	0.00659	0.00203	0.00837	0.00586	0.00539	0.00973
36	0.09693	0.01132	0.01327	0.01075	0.01476	0.01114	0.00871	0.14129	0.01959	0.32728	0.10082	0.02408	0.02025	0.00859	0.00623	0.00197	0.00516	0.00685	0.16157	0.00945
37	0.01222	0.00730	0.00927	0.00893	0.01072	0.00667	0.00651	0.01419	0.01555	0.13250	0.22680	0.22085	0.15519	0.09629	0.04313	0.00313	0.00480	0.01285	0.00653	0.00656
38	0.00949	0.00639	0.00740	0.00766	0.00773	0.00633	0.00443	0.00969	0.01028	0.01371	0.02384	0.16594	0.02780	0.63751	0.02979	0.00586	0.00606	0.01135	0.00443	0.00430
39	0.00899	0.00667	0.00838	0.00830	0.00980	0.00606	0.00609	0.01155	0.01728	0.02365	0.48501	0.17371	0.17864	0.01555	0.00803	0.00224	0.00333	0.01368	0.00698	0.00606
40	0.02180	0.02546	0.01689	0.01534	0.01854	0.51500	0.01156	0.06573	0.06691	0.02005	0.07610	0.05800	0.01669	0.00854	0.00640	0.00187	0.00981	0.00621	0.03124	0.00789
41	0.00959	0.00719	0.01078	0.01078	0.01198	0.00839	0.00839	0.01198	0.01078	0.01558	0.01797	0.02636	0.01677	0.05032	0.73760	0.01078	0.01797	0.00719	0.00359	0.00599
42	0.01346	0.03471	0.72942	0.01912	0.02904	0.01558	0.02479	0.02125	0.01417	0.02125	0.01204	0.01417	0.00850	0.00637	0.00637	0.00212	0.00992	0.00496	0.00283	0.00992
43	0.01510	0.01658	0.03538	0.02595	0.03197	0.01561	0.59733	0.02038	0.01578	0.02129	0.01679	0.02653	0.01435	0.00754	0.00812	0.00238	0.01056	0.10593	0.00380	0.00863
44	0.01021	0.00662	0.00780	0.00758	0.00920	0.00619	0.00566	0.01311	0.01676	0.02488	0.39395	0.06938	0.12823	0.01251	0.00692	0.00198	0.00321	0.01077	0.25885	0.00619
45	0.02510	0.03107	0.01909	0.01716	0.02075	0.68788	0.01295	0.07319	0.01988	0.01820	0.01077	0.01238	0.00883	0.00699	0.00610	0.00175	0.01178	0.00444	0.00368	0.00803
46	0.00980	0.00722	0.00951	0.01076	0.01225	0.00693	0.00892	0.01229	0.01497	0.01920	0.04210	0.19014	0.17233	0.01866	0.00889	0.00287	0.00525	0.43576	0.00620	0.00595
47	0.21508	0.07320	0.01851	0.06781	0.10000	0.31356	0.01243	0.05972	0.01648	0.02213	0.01114	0.01331	0.00901	0.00664	0.00557	0.00187	0.00880	0.00457	0.03203	0.00816
48	0.01794	0.76823	0.03516	0.01148	0.01722	0.02655	0.01148	0.02009	0.01363	0.01579	0.00933	0.01076	0.00861	0.00574	0.00431	0.00144	0.00718	0.00359	0.00287	0.00861
49	0.01484	0.01390	0.02225	0.35755	0.31265	0.01558	0.01824	0.02124	0.11621	0.02066	0.01446	0.01842	0.01131	0.00677	0.00670	0.00214	0.00802	0.00621	0.00368	0.00919
50	0.00976	0.00651	0.00732	0.00732	0.00732	0.00651	0.00407	0.00976	0.00976	0.01301	0.02114	0.04391	0.02439	0.76419	0.03415	0.00651	0.00651	0.00976	0.00407	0.00407
51	0.74908	0.01311	0.01048	0.00920	0.01344	0.01502	0.00758	0.04431	0.01248	0.06153	0.01034	0.01161	0.00783	0.00639	0.00436	0.00207	0.00529	0.00386	0.00443	0.00760
52	0.01474	0.15199	0.44322	0.01968	0.02785	0.01789	0.16064	0.02090	0.01426	0.02018	0.01177	0.01443	0.00888	0.00634	0.00700	0.00207	0.04040	0.00538	0.00296	0.00942
53	0.00937	0.00685	0.00880	0.00831	0.00995	0.00628	0.00623	0.01242	0.01870	0.02621	0.66675	0.05128	0.11579	0.01398	0.00792	0.00212	0.00318	0.01230	0.00729	0.00628
54	0.01081	0.00772	0.01081	0.01236	0.01390	0.00772	0.01081	0.01390	0.01545	0.02008	0.03553	0.07569	0.03862	0.01854	0.00927	0.00309	0.00618	0.67717	0.00618	0.00618
55	0.01065	0.00757	0.01148	0.01216	0.04156	0.00706	0.05704	0.01245	0.01389	0.06702	0.06542	0.59154	0.03948	0.01807	0.00828	0.00259	0.00469	0.01655	0.00610	0.00638
56	0.12095	0.01986	0.07469	0.21634	0.06531	0.16149	0.05964	0.15973	0.01830	0.02465	0.01229	0.01512	0.00931	0.00683	0.00630	0.00205	0.00895	0.00540	0.00402	0.00876
57	0.02506	0.03198	0.01901	0.01729	0.02074	0.73725	0.01296	0.02679	0.01901	0.01642	0.01037	0.01210	0.00864	0.00691	0.00605	0.00173	0.01210	0.00432	0.00346	0.00778
58	0.00828	0.00592	0.00791	0.00947	0.00990	0.00554	0.00642	0.00953	0.01295	0.01725	0.03692	0.73155	0.04414	0.02092	0.00859	0.00274	0.00399	0.04626	0.00623	0.00548
59	0.01425	0.01290	0.02062	0.62429	0.09086	0.01558	0.01817	0.08672	0.01539	0.02003	0.01240	0.01762	0.00931	0.00679	0.00670	0.00220	0.00872	0.00597	0.00338	0.00808
60	0.13110	0.01357	0.01704	0.01331	0.01820	0.01355	0.05898	0.18632	0.03757	0.35838	0.02116	0.04990	0.01493	0.00831	0.00650	0.00209	0.00629	0.00677	0.02574	0.01030
61	0.01267	0.01193	0.02013	0.74806	0.04621	0.01491	0.01863	0.01714	0.01342	0.01714	0.01193	0.01789	0.00894	0.00671	0.00671	0.00224	0.00894	0.00596	0.00298	0.00745
62	0.77868	0.01319	0.01109	0.00963	0.01389	0.01513	0.03583	0.01980	0.01160	0.02975	0.00952	0.01120	0.00739	0.00620	0.00431	0.00208	0.00544	0.00381	0.00412	0.00734
63	0.01230	0.00630	0.00644	0.00640	0.00797	0.00626	0.00480	0.01543	0.01441	0.02515	0.06992	0.02675	0.02038	0.00822	0.00491	0.00160	0.00313	0.00666	0.74671	0.00626
64	0.02050	0.01472	0.01542	0.01273	0.01695	0.08149	0.01002	0.21093	0.07422	0.16328	0.02156	0.15391	0.01866	0.00993	0.00671	0.00197	0.00629	0.00817	0.00616	0.14638
65	0.00969	0.00622	0.00832	0.00952	0.01024	0.00575	0.00648	0.01095	0.01328	0.06605	0.03626	0.70902	0.04246	0.02015	0.00844	0.00268	0.00402	0.01823	0.00637	0.00586
66	0.02779	0.01246	0.01601	0.01220	0.01749	0.01123	0.01005	0.12037	0.02030	0.56119	0.02356	0.02100	0.01521	0.00792	0.00656	0.00195	0.00586	0.00636	0.00764	0.09486
67	0.79112	0.01313	0.01013	0.00900	0.01318	0.01520	0.00741	0.03743	0.01194	0.03042	0.00952	0.01104	0.00737	0.00628	0.00422	0.00207	0.00525	0.00370	0.00422	0.00737
68	0.01193	0.00902	0.04386	0.06019	0.01417	0.00769	0.00840	0.01512	0.01773	0.09977	0.44092	0.04636	0.14864	0.01297	0.00769	0.00217	0.00430	0.03529	0.00675	0.00702
69	0.07727	0.12654	0.40029	0.01626	0.02389	0.04191	0.01843	0.12497	0.04144	0.05001	0.01310	0.01439	0.00958	0.00672	0.00600	0.00200	0.00857	0.00498	0.00389	0.00978
70	0.02265	0.15227	0.02062	0.01347	0.01765	0.01705	0.01148	0.18109	0.01893	0.26525	0.01740	0.01805	0.01271	0.01181	0.06933	0.00280	0.12605	0.00590	0.00569	0.00980
71	0.01372	0.00661	0.00690	0.00665	0.00846	0.00650	0.00505	0.01681	0.01443	0.07339	0.02220	0.02487	0.01716	0.00785	0.00483	0.00160	0.00330	0.00629	0.74678	0.00661
72	0.01209	0.01523	0.14903	0.17574	0.10453	0.01203	0.09887	0.01616	0.01423	0.01939	0.05553	0.19011	0.06684	0.03040	0.00806	0.00241	0.00746	0.00992	0.00423	0.00775
73	0.07817	0.05501	0.09185	0.01535	0.02085	0.12017	0.01350	0.44340	0.02554	0.05121	0.01438	0.01492	0.01044	0.00750	0.00630	0.00197	0.00810	0.00543	0.00555	0.01034
74	0.00976	0.00761	0.01024	0.01174	0.06226	0.00680	0.00756	0.01144	0.01320	0.01828	0.03095	0.57898	0.03607	0.01720	0.00781	0.00238	0.00437	0.01556	0.00563	0.14215
75	0.01887	0.16968	0.38469	0.01586	0.02354	0.03752	0.01805	0.05951	0.01620	0.17287	0.01479	0.01542	0.01042	0.00677	0.00607	0.00196	0.00841	0.00512	0.00424	0.01001
76	0.04914	0.06620	0.01710	0.01324	0.01763	0.01633	0.01077	0.14124	0.36598	0.16661	0.02372	0.02344	0.01759	0.00877	0.00661	0.00216	0.00588	0.03039	0.00671	0.01049
77	0.07068	0.01775	0.03754	0.02694	0.03355	0.01684	0.65036	0.02137	0.01553	0.02209	0.01328	0.01760	0.00998	0.00570	0.00766	0.00225	0.01089	0.00762	0.00345	0.00893
78	0.01681	0.01575	0.08632	0.11632	0.07680	0.02855	0.21786	0.02197	0.05466	0.14121	0.04048	0.02634	0.08127	0.00838	0.00729	0.00222	0.00819	0.03581	0.00480	0.00898
