[name]
unknown

[dist]
# distance from previous block
# <min> <max>
0	247

[block]
# block no. 0 follows, 31 sequences, length 48
# corresponding to MSA columns:
# 296-343
name=unknown_A
#
# <colnr> <probs for GDERKNQSTAVLIFYWHMCP>
#	G	D	E	R	K	N	Q	S	T	A	V	L	I	F	Y	W	H	M	C	P
0	0.01545	0.03937	0.01522	0.05944	0.03559	0.04148	0.01060	0.02712	0.37996	0.04552	0.18237	0.04946	0.03000	0.01047	0.00719	0.00225	0.00555	0.02726	0.00649	0.00920
1	0.01986	0.01566	0.03422	0.05960	0.01982	0.03557	0.01149	0.35447	0.04142	0.05677	0.08313	0.07234	0.03878	0.02837	0.00760	0.00214	0.00666	0.00771	0.00611	0.09827
2	0.06546	0.05744	0.01107	0.00934	0.03193	0.03045	0.00696	0.08549	0.01606	0.02613	0.03882	0.02379	0.01697	0.04532	0.00662	0.00195	0.00460	0.00629	0.50811	0.00720
3	0.01184	0.05111	0.04864	0.01164	0.01392	0.03826	0.00954	0.01586	0.07500	0.01734	0.01823	0.02596	0.01676	0.10389	0.47774	0.00820	0.01445	0.00708	0.00394	0.03062
4	0.06409	0.03714	0.00954	0.00810	0.01040	0.00920	0.00633	0.07585	0.01547	0.02597	0.02085	0.06288	0.01734	0.01092	0.04631	0.00224	0.00481	0.00679	0.53850	0.02725
5	0.01347	0.03359	0.67886	0.01881	0.02838	0.01529	0.02409	0.02111	0.01476	0.02203	0.05665	0.01676	0.01220	0.00697	0.00660	0.00217	0.00968	0.00552	0.00318	0.00988
6	0.01372	0.03539	0.72412	0.01950	0.02961	0.01589	0.02528	0.02167	0.01444	0.02167	0.01228	0.01444	0.00867	0.00650	0.00650	0.00217	0.01011	0.00506	0.00289	0.01011
7	0.02556	0.03261	0.01939	0.01763	0.02115	0.73210	0.01322	0.02732	0.01939	0.01674	0.01058	0.01234	0.00881	0.00705	0.00617	0.00176	0.01234	0.00441	0.00353	0.00793
8	0.00941	0.00698	0.00877	0.00832	0.01005	0.00634	0.00624	0.01238	0.01872	0.02590	0.60317	0.05362	0.17562	0.01456	0.00807	0.00218	0.00327	0.01273	0.00733	0.00634
9	0.01198	0.00658	0.00978	0.00959	0.00965	0.00702	0.00664	0.00955	0.00911	0.01237	0.01202	0.02073	0.01196	0.02437	0.06110	0.71168	0.05346	0.00601	0.00301	0.00341
10	0.01693	0.01626	0.02777	0.04199	0.71689	0.01626	0.02100	0.02100	0.01558	0.02235	0.01287	0.01693	0.01084	0.00610	0.00677	0.00203	0.00813	0.00610	0.00339	0.01084
11	0.00844	0.00603	0.00806	0.00964	0.01009	0.00565	0.00653	0.00970	0.01320	0.01758	0.03765	0.72915	0.04502	0.02134	0.00876	0.00279	0.00406	0.04438	0.00635	0.00559
12	0.01389	0.00671	0.00698	0.00674	0.00857	0.00661	0.00512	0.01704	0.01468	0.06957	0.02261	0.02537	0.01750	0.00800	0.00492	0.00163	0.00335	0.00641	0.74760	0.00671
13	0.01517	0.02799	0.42340	0.02309	0.03175	0.01666	0.29166	0.04763	0.01581	0.02259	0.01306	0.01613	0.00947	0.00627	0.00714	0.00222	0.01058	0.00631	0.00327	0.00982
14	0.01733	0.36623	0.06794	0.09757	0.07723	0.06673	0.17749	0.02103	0.01491	0.01842	0.01129	0.01425	0.00935	0.00606	0.00593	0.00185	0.00904	0.00528	0.00314	0.00892
15	0.00926	0.00687	0.00863	0.00841	0.01002	0.00624	0.00622	0.01200	0.01803	0.02479	0.52741	0.12950	0.17658	0.01538	0.00814	0.00225	0.00335	0.01350	0.00720	0.00624
16	0.01910	0.01690	0.08560	0.14602	0.20629	0.04259	0.01607	0.13961	0.03481	0.12815	0.02078	0.02223	0.07526	0.00811	0.00689	0.00212	0.00771	0.00685	0.00500	0.00990
17	0.01807	0.19883	0.02395	0.07750	0.13214	0.06678	0.03942	0.09203	0.16093	0.03884	0.01853	0.05307	0.03505	0.00813	0.00638	0.00201	0.00741	0.00670	0.00470	0.00951
18	0.01682	0.01417	0.02057	0.31406	0.10708	0.01608	0.05127	0.07430	0.21980	0.06799	0.01821	0.02045	0.01353	0.00763	0.00694	0.00224	0.00772	0.00673	0.00488	0.00954
19	0.09882	0.06729	0.01777	0.09762	0.01890	0.01654	0.01232	0.01582	0.01200	0.01850	0.03218	0.09424	0.05240	0.01444	0.06566	0.00320	0.34368	0.00765	0.00380	0.00717
20	0.08822	0.01431	0.01629	0.01234	0.01775	0.01362	0.03568	0.21647	0.04359	0.02902	0.01643	0.01794	0.04128	0.02135	0.00640	0.00168	0.00603	0.00548	0.00507	0.39103
21	0.08601	0.16942	0.07395	0.01433	0.01946	0.17845	0.01253	0.12783	0.11410	0.10012	0.01550	0.01580	0.01169	0.00731	0.00595	0.00191	0.00804	0.00524	0.00494	0.02743
22	0.01236	0.02836	0.54896	0.01662	0.02468	0.01340	0.02046	0.01875	0.01454	0.02081	0.02389	0.07755	0.13197	0.00945	0.00693	0.00224	0.00852	0.00772	0.00374	0.00904
23	0.00849	0.00609	0.00782	0.00914	0.00961	0.00569	0.00604	0.00959	0.01292	0.01708	0.03797	0.63499	0.08539	0.10065	0.01150	0.00316	0.00422	0.01811	0.00611	0.00542
24	0.01978	0.07824	0.07708	0.01958	0.05181	0.16861	0.20007	0.14169	0.01919	0.03772	0.01425	0.01664	0.01093	0.00682	0.00657	0.00196	0.00930	0.00604	0.08960	0.02412
25	0.01646	0.14394	0.02513	0.10131	0.27420	0.07100	0.01645	0.01941	0.01394	0.01862	0.01157	0.01596	0.01017	0.01058	0.05921	0.00276	0.17160	0.00561	0.00321	0.00887
26	0.01359	0.00764	0.00776	0.00746	0.00941	0.00795	0.00567	0.03748	0.08917	0.02634	0.02274	0.02525	0.01773	0.00812	0.00508	0.00169	0.00355	0.00652	0.68986	0.00701
27	0.01118	0.00881	0.01234	0.01171	0.01275	0.01059	0.00906	0.03866	0.01159	0.01665	0.01733	0.02717	0.01677	0.14051	0.50563	0.00889	0.12292	0.00745	0.00375	0.00625
28	0.01827	0.00890	0.01183	0.01001	0.01316	0.00791	0.00789	0.02120	0.01931	0.31267	0.40619	0.04023	0.06995	0.01184	0.00758	0.00214	0.00430	0.01019	0.00787	0.00856
29	0.01361	0.00788	0.01028	0.00917	0.01154	0.00710	0.00706	0.01662	0.01913	0.16036	0.53399	0.04683	0.10303	0.01317	0.00784	0.00216	0.00374	0.01147	0.00762	0.00740
30	0.00995	0.00663	0.00746	0.00746	0.00746	0.00663	0.00415	0.00995	0.00995	0.01327	0.02156	0.04477	0.02487	0.75957	0.03482	0.00663	0.00663	0.00995	0.00415	0.00415
31	0.00911	0.00697	0.00835	0.00800	0.00987	0.00621	0.00600	0.01180	0.01801	0.02422	0.48171	0.05640	0.29813	0.01519	0.00808	0.00221	0.00331	0.01312	0.00711	0.00621
32	0.02504	0.01868	0.01999	0.01555	0.02085	0.02076	0.01277	0.62325	0.10457	0.04156	0.01766	0.01741	0.01263	0.00833	0.00686	0.00208	0.00730	0.00633	0.00686	0.01155
33	0.02556	0.03261	0.01939	0.01763	0.02115	0.73210	0.01322	0.02732	0.01939	0.01674	0.01058	0.01234	0.00881	0.00705	0.00617	0.00176	0.01234	0.00441	0.00353	0.00793
34	0.01729	0.15189	0.24329	0.01628	0.04872	0.01637	0.04287	0.05106	0.01549	0.09685	0.01341	0.01511	0.01020	0.00666	0.00696	0.00183	0.05457	0.00506	0.00397	0.18210
35	0.14577	0.03914	0.01571	0.18066	0.02248	0.04212	0.01129	0.09724	0.01729	0.17823	0.06086	0.02049	0.01536	0.00822	0.00662	0.02063	0.00654	0.00616	0.09653	0.00864
36	0.01326	0.01393	0.06560	0.64589	0.09513	0.01532	0.01954	0.01800	0.01387	0.01810	0.01222	0.01790	0.00922	0.00676	0.00681	0.00225	0.00911	0.00602	0.00306	0.00800
37	0.01776	0.01550	0.01981	0.09012	0.09774	0.01735	0.06298	0.12126	0.42033	0.02833	0.02211	0.02213	0.01661	0.00829	0.00699	0.00225	0.00681	0.00721	0.00592	0.01050
38	0.01021	0.00781	0.00946	0.00890	0.01087	0.00748	0.00672	0.01492	0.09251	0.02606	0.53170	0.05082	0.16856	0.01404	0.00795	0.00220	0.00350	0.01222	0.00727	0.00681
39	0.01333	0.01125	0.01327	0.01004	0.01529	0.00860	0.00785	0.01610	0.01403	0.02159	0.01589	0.12236	0.01526	0.00746	0.00560	0.00127	0.00491	0.00630	0.00439	0.68520
40	0.00846	0.00614	0.00799	0.00924	0.00991	0.00567	0.00628	0.00991	0.01396	0.01861	0.11277	0.62875	0.09638	0.02033	0.00861	0.00268	0.00385	0.01832	0.00648	0.00567
41	0.01188	0.00594	0.00891	0.00891	0.00891	0.00594	0.00594	0.00891	0.00891	0.01188	0.01188	0.02080	0.01188	0.02377	0.02674	0.80095	0.00594	0.00594	0.00297	0.00297
42	0.01382	0.01189	0.01860	0.51011	0.08963	0.01408	0.01615	0.05987	0.01479	0.02003	0.01427	0.02075	0.01147	0.06219	0.00867	0.00249	0.00812	0.00640	0.08894	0.00772
43	0.01615	0.01845	0.04037	0.02884	0.03576	0.01730	0.69204	0.02191	0.01615	0.02191	0.01384	0.01845	0.01038	0.00577	0.00807	0.00231	0.01153	0.00807	0.00346	0.00923
44	0.01400	0.01294	0.02164	0.37941	0.28632	0.01441	0.01836	0.01809	0.01457	0.01958	0.01603	0.05362	0.01445	0.00845	0.00717	0.00230	0.00825	0.07820	0.00365	0.00856
45	0.02789	0.01414	0.04281	0.01619	0.09379	0.01266	0.01223	0.13386	0.02092	0.51668	0.02332	0.02123	0.01517	0.00810	0.00685	0.00210	0.00648	0.00662	0.00747	0.01150
46	0.72707	0.01384	0.01114	0.00969	0.01406	0.01595	0.00799	0.08977	0.01376	0.03198	0.01024	0.01166	0.00785	0.00654	0.00450	0.00211	0.00552	0.00396	0.00450	0.00785
47	0.01615	0.06441	0.05076	0.30306	0.26390	0.09395	0.01853	0.01999	0.01474	0.01903	0.01183	0.01632	0.00961	0.00691	0.00772	0.00214	0.06317	0.00571	0.00319	0.00888

[dist]
# distance from previous block
# <min> <max>
0	1

[block]
# block no. 1 follows, 31 sequences, length 18
# corresponding to MSA columns:
# 345-352,377-386
name=unknown_B
#
# <colnr> <probs for GDERKNQSTAVLIFYWHMCP>
#	G	D	E	R	K	N	Q	S	T	A	V	L	I	F	Y	W	H	M	C	P
0	0.20220	0.23433	0.12987	0.01512	0.07187	0.01905	0.01338	0.07499	0.07774	0.08228	0.01382	0.01474	0.01059	0.00679	0.00548	0.00194	0.00706	0.00489	0.00438	0.00946
1	0.01486	0.17325	0.42330	0.07485	0.08433	0.01755	0.02047	0.02072	0.01435	0.02035	0.01177	0.01424	0.00901	0.00626	0.00603	0.00194	0.00894	0.00487	0.00304	0.06989
2	0.01808	0.65078	0.11289	0.01283	0.01907	0.05537	0.01330	0.02091	0.01419	0.01675	0.00987	0.01142	0.00877	0.00598	0.00470	0.00156	0.00784	0.00385	0.00295	0.00889
3	0.07780	0.01839	0.02590	0.12925	0.36346	0.13045	0.11461	0.02159	0.01571	0.02136	0.01229	0.01615	0.00995	0.00632	0.00668	0.00207	0.00921	0.00593	0.00344	0.00944
4	0.00883	0.00633	0.00825	0.00934	0.01005	0.00594	0.00648	0.01039	0.01406	0.01883	0.13462	0.52098	0.07633	0.07613	0.01064	0.00299	0.00421	0.06362	0.00635	0.00564
5	0.01144	0.00732	0.00919	0.00850	0.01051	0.00665	0.00645	0.01441	0.01848	0.08340	0.51584	0.04884	0.14530	0.01352	0.00772	0.00213	0.00347	0.01174	0.06830	0.00679
6	0.00847	0.00690	0.00750	0.00744	0.00950	0.00593	0.00555	0.01053	0.01637	0.02055	0.21963	0.09357	0.53076	0.01673	0.00811	0.00229	0.00343	0.01418	0.00663	0.00593
7	0.01169	0.00607	0.00910	0.00910	0.00921	0.00618	0.00618	0.00921	0.00910	0.01224	0.01246	0.02134	0.01235	0.02625	0.09038	0.72972	0.00706	0.00607	0.00303	0.00325
8	0.01829	0.76368	0.03585	0.01171	0.01756	0.02707	0.01171	0.02049	0.01390	0.01610	0.00951	0.01097	0.00878	0.00585	0.00439	0.00146	0.00732	0.00366	0.00293	0.00878
9	0.00978	0.00730	0.01084	0.01084	0.01200	0.00847	0.00835	0.01211	0.01095	0.01576	0.01847	0.02768	0.01745	0.08326	0.70098	0.01080	0.01780	0.00745	0.00369	0.00602
10	0.01497	0.01497	0.02095	0.01796	0.01796	0.02095	0.01497	0.01646	0.01048	0.01646	0.00898	0.01497	0.00898	0.01197	0.02245	0.00299	0.74704	0.00599	0.00299	0.00748
11	0.01233	0.00813	0.01035	0.00942	0.01159	0.00775	0.00719	0.01696	0.08117	0.09326	0.58650	0.04616	0.05611	0.01304	0.00786	0.00216	0.00367	0.01143	0.00757	0.00734
12	0.00910	0.00684	0.00757	0.00781	0.00903	0.00629	0.00538	0.01024	0.01325	0.01656	0.04571	0.10041	0.34278	0.30840	0.01872	0.00411	0.00499	0.07217	0.00548	0.00517
13	0.00909	0.00630	0.00785	0.00869	0.00894	0.00614	0.00548	0.00981	0.01165	0.01558	0.02994	0.41826	0.03531	0.34331	0.04809	0.00477	0.00568	0.01485	0.00529	0.00496
14	0.00904	0.00686	0.00844	0.00915	0.01064	0.00627	0.00697	0.01115	0.01551	0.02003	0.15534	0.26379	0.27545	0.01831	0.00856	0.00260	0.00418	0.15525	0.00653	0.00593
15	0.01299	0.00993	0.01423	0.01313	0.01424	0.01227	0.01048	0.01506	0.01171	0.07446	0.01765	0.07900	0.01676	0.03335	0.39806	0.00716	0.24068	0.00781	0.00406	0.00695
16	0.02260	0.01880	0.01997	0.02146	0.18330	0.20359	0.01421	0.07806	0.01846	0.19334	0.01778	0.02250	0.01428	0.00876	0.00823	0.00217	0.07191	0.06578	0.00517	0.00963
17	0.01500	0.07066	0.01519	0.01041	0.01547	0.06502	0.00834	0.01760	0.01446	0.02129	0.03336	0.01615	0.01223	0.00671	0.00624	0.04100	0.00563	0.00458	0.06950	0.55114

[dist]
# distance from previous block
# <min> <max>
1	2

[block]
# block no. 2 follows, 31 sequences, length 30
# corresponding to MSA columns:
# 389-418
name=unknown_C
#
# <colnr> <probs for GDERKNQSTAVLIFYWHMCP>
#	G	D	E	R	K	N	Q	S	T	A	V	L	I	F	Y	W	H	M	C	P
0	0.11036	0.07550	0.31570	0.02175	0.15866	0.16384	0.01899	0.02244	0.01532	0.02149	0.01154	0.01388	0.00898	0.00648	0.00608	0.00201	0.00944	0.00488	0.00328	0.00940
1	0.01431	0.01625	0.11303	0.36306	0.18555	0.01492	0.01846	0.01996	0.05811	0.02036	0.01333	0.01744	0.01030	0.00658	0.00658	0.00206	0.00832	0.00582	0.00346	0.10209
2	0.01668	0.00859	0.00968	0.00871	0.01116	0.00857	0.00659	0.02146	0.10511	0.16914	0.02391	0.02752	0.01879	0.10470	0.00936	0.00244	0.00447	0.00712	0.42823	0.00777
3	0.00994	0.00767	0.01096	0.01344	0.10246	0.00727	0.00830	0.01223	0.01565	0.02164	0.27409	0.40888	0.04760	0.01679	0.00824	0.00246	0.00425	0.01519	0.00638	0.00657
4	0.00962	0.00699	0.00905	0.00854	0.01018	0.00643	0.00640	0.01278	0.01921	0.02707	0.68705	0.05170	0.09101	0.01412	0.00807	0.00216	0.00324	0.01246	0.00748	0.00643
5	0.00983	0.00710	0.00982	0.00982	0.01063	0.00791	0.00708	0.01146	0.01065	0.01501	0.01940	0.03285	0.01970	0.28779	0.49952	0.00954	0.01442	0.00820	0.00383	0.00545
6	0.01829	0.76368	0.03585	0.01171	0.01756	0.02707	0.01171	0.02049	0.01390	0.01610	0.00951	0.01097	0.00878	0.00585	0.00439	0.00146	0.00732	0.00366	0.00293	0.00878
7	0.00902	0.00626	0.00785	0.00884	0.00912	0.00603	0.00565	0.00982	0.01199	0.01597	0.03158	0.46836	0.03741	0.29930	0.01858	0.00424	0.00504	0.03438	0.00552	0.00505
8	0.01790	0.70183	0.09430	0.01237	0.01858	0.02612	0.01286	0.02059	0.01395	0.01657	0.00975	0.01127	0.00877	0.00591	0.00457	0.00152	0.00755	0.00378	0.00292	0.00889
9	0.02077	0.01656	0.01759	0.01468	0.01922	0.01877	0.01174	0.31121	0.42355	0.03468	0.02307	0.02172	0.01702	0.00884	0.00691	0.00221	0.00630	0.00708	0.00691	0.01117
10	0.01673	0.01860	0.19724	0.01432	0.01963	0.01445	0.01379	0.04806	0.32760	0.09696	0.11286	0.02552	0.02267	0.00903	0.00691	0.00221	0.00638	0.00748	0.02953	0.01005
11	0.00834	0.00595	0.00794	0.00953	0.00992	0.00556	0.00635	0.00953	0.01310	0.01746	0.03771	0.75510	0.04525	0.02143	0.00873	0.00278	0.00397	0.01945	0.00635	0.00556
12	0.01599	0.11404	0.11040	0.01244	0.01872	0.09724	0.01141	0.01941	0.01479	0.02076	0.01165	0.01359	0.00961	0.00559	0.00530	0.00131	0.00687	0.00418	0.00369	0.50301
13	0.00970	0.00669	0.00750	0.00750	0.00784	0.00658	0.00442	0.01000	0.01071	0.01402	0.02758	0.04692	0.11308	0.64222	0.05315	0.00621	0.00659	0.01044	0.00441	0.00442
14	0.01419	0.01216	0.01419	0.01013	0.01621	0.00912	0.00811	0.01723	0.01419	0.02229	0.01216	0.01419	0.01013	0.00507	0.00507	0.00101	0.00507	0.00405	0.00405	0.80139
15	0.01501	0.01164	0.01241	0.01137	0.01439	0.01302	0.00877	0.02827	0.44530	0.02770	0.11610	0.02886	0.02577	0.00957	0.00657	0.00212	0.00458	0.00801	0.20136	0.00916
16	0.01192	0.01266	0.09628	0.01299	0.01514	0.01207	0.01114	0.01661	0.10214	0.01823	0.02009	0.11869	0.01970	0.11181	0.25507	0.00587	0.13939	0.00874	0.00429	0.00714
17	0.00993	0.00667	0.00761	0.00756	0.00771	0.00662	0.00435	0.01022	0.01080	0.01454	0.08379	0.04534	0.02844	0.69249	0.03241	0.00623	0.00633	0.01017	0.00445	0.00435
18	0.01620	0.01551	0.01834	0.01834	0.09858	0.10975	0.01304	0.01940	0.10099	0.01780	0.01267	0.01742	0.01131	0.01275	0.01738	0.16861	0.31486	0.00601	0.00361	0.00743
19	0.01866	0.02277	0.11505	0.03306	0.45599	0.19389	0.01962	0.02265	0.01638	0.02087	0.01222	0.01547	0.01006	0.00638	0.00659	0.00198	0.00943	0.00554	0.00336	0.01002
20	0.00977	0.00733	0.01100	0.01100	0.01222	0.00855	0.00855	0.01222	0.01100	0.01588	0.01833	0.02688	0.01710	0.05131	0.73245	0.01100	0.01833	0.00733	0.00367	0.00611
21	0.01390	0.00791	0.01007	0.00900	0.01126	0.00715	0.00676	0.01642	0.01776	0.16896	0.40611	0.04624	0.12586	0.10891	0.01126	0.00274	0.00423	0.01116	0.00715	0.00716
22	0.01674	0.10302	0.02245	0.01918	0.11129	0.01768	0.09969	0.02952	0.41053	0.02506	0.02236	0.02437	0.01773	0.00849	0.00690	0.00222	0.00682	0.04025	0.00554	0.01016
23	0.01382	0.02726	0.46123	0.02244	0.11630	0.01491	0.10968	0.02019	0.01465	0.02129	0.01555	0.10229	0.01347	0.00811	0.00700	0.00224	0.00932	0.00727	0.00343	0.00955
24	0.02006	0.01293	0.01451	0.01258	0.01655	0.01396	0.00992	0.03318	0.44600	0.20780	0.02697	0.02494	0.01947	0.00892	0.00668	0.00218	0.00526	0.00735	0.10022	0.01052
25	0.00945	0.00675	0.00755	0.00748	0.00826	0.00640	0.00470	0.01030	0.01256	0.01638	0.12218	0.05081	0.20105	0.47965	0.02475	0.00498	0.00541	0.01137	0.00513	0.00485
26	0.01392	0.01318	0.02232	0.56909	0.21337	0.01546	0.01950	0.01835	0.01415	0.01869	0.01234	0.01792	0.00955	0.00666	0.00682	0.00222	0.00887	0.00608	0.00313	0.00840
27	0.01814	0.01446	0.01702	0.13410	0.02268	0.01575	0.01204	0.26780	0.16544	0.02982	0.02029	0.11314	0.01728	0.00950	0.00688	0.00210	0.00657	0.00791	0.00581	0.11328
28	0.01657	0.48944	0.29502	0.01464	0.02210	0.02286	0.01682	0.02093	0.01411	0.01819	0.01055	0.01228	0.00874	0.00610	0.00518	0.00173	0.00837	0.00418	0.00291	0.00928
29	0.01377	0.20095	0.16953	0.01555	0.02024	0.01648	0.09512	0.01747	0.01322	0.01808	0.01558	0.09570	0.01476	0.01864	0.17482	0.00418	0.07713	0.00721	0.00352	0.00804

[dist]
# distance from previous block
# <min> <max>
7	10

[block]
# block no. 3 follows, 31 sequences, length 39
# corresponding to MSA columns:
# 429-432,434-468
name=unknown_D
#
# <colnr> <probs for GDERKNQSTAVLIFYWHMCP>
#	G	D	E	R	K	N	Q	S	T	A	V	L	I	F	Y	W	H	M	C	P
0	0.01292	0.01216	0.02052	0.74312	0.04712	0.01520	0.01900	0.01748	0.01368	0.01748	0.01216	0.01824	0.00912	0.00684	0.00684	0.00228	0.00912	0.00608	0.00304	0.00760
1	0.00945	0.00682	0.00894	0.00876	0.01017	0.00630	0.00644	0.01233	0.01830	0.02574	0.59816	0.17106	0.06126	0.01526	0.00818	0.00226	0.00335	0.01358	0.00733	0.00630
2	0.00879	0.00696	0.00791	0.00767	0.00967	0.00607	0.00575	0.01118	0.01725	0.02242	0.35291	0.05935	0.42805	0.01586	0.00808	0.00224	0.00336	0.01353	0.00687	0.00607
3	0.01627	0.01354	0.01570	0.01158	0.01718	0.01193	0.00937	0.13387	0.01706	0.02553	0.01270	0.01462	0.01032	0.00603	0.00644	0.00131	0.05095	0.00453	0.00447	0.61660
4	0.02998	0.01148	0.01565	0.01205	0.01722	0.00993	0.00993	0.03264	0.01957	0.69784	0.05051	0.02424	0.01857	0.00866	0.00692	0.00212	0.00573	0.00707	0.00844	0.01147
5	0.04520	0.11541	0.15432	0.01743	0.08364	0.09581	0.01499	0.19093	0.02008	0.12719	0.01486	0.01565	0.01088	0.00706	0.00621	0.00191	0.00810	0.00534	0.00491	0.06007
6	0.01348	0.06127	0.11634	0.01591	0.06464	0.01322	0.09153	0.02107	0.16830	0.02441	0.23522	0.03314	0.09223	0.01022	0.00730	0.00217	0.00624	0.00906	0.00562	0.00862
7	0.00982	0.00715	0.01009	0.01009	0.01100	0.00806	0.00742	0.01164	0.01073	0.01521	0.01915	0.03146	0.01909	0.23254	0.55395	0.00988	0.01533	0.00800	0.00379	0.00561
8	0.00834	0.00595	0.00794	0.00953	0.00992	0.00556	0.00635	0.00953	0.01310	0.01746	0.03771	0.75510	0.04525	0.02143	0.00873	0.00278	0.00397	0.01945	0.00635	0.00556
9	0.01868	0.01663	0.02586	0.08071	0.12768	0.05619	0.22811	0.11940	0.07577	0.08675	0.02014	0.02300	0.05746	0.00790	0.00734	0.00220	0.00866	0.02297	0.00489	0.00966
10	0.01794	0.06300	0.19386	0.01802	0.02297	0.15111	0.07177	0.07893	0.09680	0.02197	0.01417	0.01770	0.01153	0.00848	0.00989	0.00227	0.16021	0.02627	0.00399	0.00912
11	0.00985	0.00659	0.00749	0.00759	0.00762	0.00656	0.00428	0.00992	0.01015	0.01353	0.02257	0.08946	0.02615	0.71313	0.03318	0.00639	0.00647	0.01055	0.00428	0.00423
12	0.05406	0.01380	0.01699	0.01307	0.01838	0.01335	0.01080	0.21780	0.02285	0.50984	0.02348	0.02098	0.01515	0.00833	0.00679	0.00210	0.00628	0.00658	0.00788	0.01151
13	0.02544	0.01888	0.02021	0.01563	0.02100	0.02095	0.01287	0.65270	0.07447	0.04220	0.01714	0.01700	0.01222	0.00828	0.00685	0.00207	0.00740	0.00626	0.00685	0.01158
14	0.01914	0.67798	0.03392	0.01240	0.01798	0.10972	0.01188	0.02129	0.01454	0.01617	0.00964	0.01113	0.00878	0.00599	0.00460	0.00150	0.00791	0.00375	0.00300	0.00868
15	0.01292	0.01216	0.02052	0.74312	0.04712	0.01520	0.01900	0.01748	0.01368	0.01748	0.01216	0.01824	0.00912	0.00684	0.00684	0.00228	0.00912	0.00608	0.00304	0.00760
16	0.01669	0.01453	0.02271	0.43258	0.03732	0.01697	0.09495	0.15800	0.01771	0.04436	0.01343	0.01779	0.01001	0.00744	0.00819	0.00229	0.06591	0.00634	0.00403	0.00873
17	0.01497	0.01497	0.02095	0.01796	0.01796	0.02095	0.01497	0.01646	0.01048	0.01646	0.00898	0.01497	0.00898	0.01197	0.02245	0.00299	0.74704	0.00599	0.00299	0.00748
18	0.01108	0.00776	0.01089	0.01237	0.01385	0.00776	0.01071	0.01385	0.01533	0.01994	0.03472	0.07369	0.03768	0.01920	0.01052	0.05240	0.00628	0.62979	0.00609	0.00609
19	0.01542	0.01471	0.02504	0.30575	0.46493	0.01586	0.02025	0.01967	0.01486	0.02052	0.01260	0.01742	0.01019	0.00638	0.00680	0.00213	0.00850	0.00609	0.00326	0.00962
20	0.01399	0.07524	0.02272	0.55118	0.12578	0.01667	0.01839	0.01810	0.01374	0.01791	0.01183	0.01727	0.00930	0.00698	0.00758	0.00223	0.05406	0.00588	0.00307	0.00809
21	0.01782	0.01692	0.11074	0.01794	0.14122	0.01314	0.01351	0.12103	0.01762	0.08690	0.01424	0.01584	0.01089	0.00620	0.00598	0.00159	0.00670	0.00511	0.00459	0.37201
22	0.01889	0.70298	0.03448	0.01220	0.01786	0.08561	0.01183	0.02105	0.01436	0.01615	0.00960	0.01109	0.00878	0.00595	0.00454	0.00149	0.00773	0.00372	0.00298	0.00871
23	0.75960	0.01443	0.01063	0.00953	0.01372	0.05959	0.00777	0.02056	0.01212	0.02983	0.00959	0.01119	0.00750	0.00639	0.00435	0.00210	0.00573	0.00375	0.00419	0.00744
24	0.02245	0.01774	0.02064	0.01627	0.02138	0.01961	0.06872	0.43782	0.23574	0.03694	0.01969	0.01937	0.01435	0.00834	0.00698	0.00216	0.00722	0.00680	0.00660	0.01119
25	0.01159	0.00609	0.00892	0.00892	0.00900	0.00616	0.00595	0.00920	0.00913	0.01225	0.01309	0.02316	0.01329	0.08657	0.07119	0.68599	0.00677	0.00636	0.00311	0.00326
26	0.00932	0.00792	0.00872	0.00867	0.01076	0.00756	0.00670	0.01222	0.05788	0.01909	0.05834	0.10371	0.53059	0.01688	0.00905	0.00245	0.04941	0.06832	0.00618	0.00622
27	0.01789	0.01616	0.02569	0.03638	0.57291	0.01646	0.01923	0.11822	0.01799	0.02525	0.01482	0.02055	0.01270	0.00719	0.00695	0.00210	0.00793	0.04683	0.00407	0.01067
28	0.01532	0.05957	0.01593	0.01141	0.01679	0.01268	0.00917	0.02336	0.22813	0.02387	0.01686	0.01750	0.01338	0.00642	0.00561	0.00145	0.00531	0.00517	0.00488	0.50720
29	0.01419	0.01216	0.01419	0.01013	0.01621	0.00912	0.00811	0.01723	0.01419	0.02229	0.01216	0.01419	0.01013	0.00507	0.00507	0.00101	0.00507	0.00405	0.00405	0.80139
30	0.01419	0.01216	0.01419	0.01013	0.01621	0.00912	0.00811	0.01723	0.01419	0.02229	0.01216	0.01419	0.01013	0.00507	0.00507	0.00101	0.00507	0.00405	0.00405	0.80139
31	0.01932	0.23101	0.04189	0.01410	0.01903	0.07456	0.05303	0.23089	0.01993	0.02563	0.01543	0.07751	0.01392	0.05468	0.00789	0.00213	0.00758	0.00655	0.00470	0.08021
32	0.00977	0.00733	0.01100	0.01100	0.01222	0.00855	0.00855	0.01222	0.01100	0.01588	0.01833	0.02688	0.01710	0.05131	0.73245	0.01100	0.01833	0.00733	0.00367	0.00611
33	0.01706	0.01362	0.01490	0.01101	0.01682	0.05510	0.00880	0.04148	0.01568	0.09796	0.01380	0.01512	0.01083	0.00566	0.00539	0.00121	0.00568	0.00445	0.00459	0.64085
34	0.01647	0.01264	0.05359	0.01073	0.01627	0.00927	0.00908	0.01962	0.01505	0.13933	0.01687	0.06218	0.01382	0.00691	0.00566	0.00141	0.00529	0.00568	0.05479	0.52535
35	0.00809	0.00693	0.00693	0.00693	0.00924	0.00578	0.00520	0.00982	0.01559	0.01848	0.06931	0.06584	0.71411	0.01733	0.00809	0.00231	0.00347	0.01444	0.00635	0.00578
36	0.06353	0.01527	0.02067	0.01744	0.06402	0.01612	0.13677	0.29120	0.06363	0.03069	0.01832	0.06733	0.01542	0.07080	0.00920	0.00251	0.00738	0.00765	0.07265	0.00940
37	0.01948	0.01514	0.01574	0.01351	0.01758	0.03842	0.01068	0.17654	0.41974	0.07334	0.02541	0.02406	0.03621	0.00903	0.00675	0.00217	0.00588	0.00730	0.07255	0.01046
38	0.08485	0.01684	0.01665	0.01438	0.06108	0.11670	0.01069	0.15786	0.05221	0.04596	0.01402	0.01535	0.01094	0.00652	0.00576	0.00159	0.00681	0.00494	0.02273	0.33411

[dist]
# distance from previous block
# <min> <max>
0	1

[block]
# block no. 4 follows, 31 sequences, length 18
# corresponding to MSA columns:
# 481-498
name=unknown_E
#
# <colnr> <probs for GDERKNQSTAVLIFYWHMCP>
#	G	D	E	R	K	N	Q	S	T	A	V	L	I	F	Y	W	H	M	C	P
0	0.02190	0.13391	0.02046	0.01469	0.04570	0.01817	0.01169	0.21748	0.23416	0.15234	0.04481	0.02081	0.01679	0.00833	0.00654	0.00206	0.00641	0.00659	0.00643	0.01072
1	0.02094	0.01858	0.01572	0.01348	0.01709	0.20891	0.01056	0.25131	0.08003	0.02891	0.01740	0.01892	0.01343	0.01008	0.04232	0.00233	0.00808	0.00593	0.20704	0.00895
2	0.01876	0.04370	0.01922	0.01970	0.18001	0.01535	0.01289	0.11316	0.22585	0.09923	0.03631	0.04052	0.01727	0.00834	0.00670	0.00204	0.00633	0.02382	0.00575	0.10507
3	0.01827	0.17094	0.02358	0.01661	0.01867	0.19869	0.01387	0.01997	0.01338	0.01646	0.00948	0.01351	0.00890	0.00951	0.01475	0.00238	0.41492	0.00512	0.00311	0.00786
4	0.02358	0.02762	0.01855	0.06710	0.02194	0.54690	0.01294	0.08678	0.03835	0.02014	0.01251	0.01441	0.01003	0.00727	0.00620	0.00183	0.01084	0.00491	0.05988	0.00821
5	0.00865	0.00626	0.00798	0.00924	0.00988	0.00584	0.00631	0.00991	0.01322	0.01735	0.03940	0.56314	0.11551	0.09603	0.01137	0.00314	0.00434	0.06083	0.00612	0.00549
6	0.12882	0.42701	0.10139	0.05296	0.02259	0.02212	0.12066	0.02062	0.01398	0.01971	0.01062	0.01291	0.00885	0.00603	0.00529	0.00180	0.00807	0.00463	0.00320	0.00873
7	0.01849	0.36954	0.17841	0.01539	0.02197	0.02209	0.05961	0.15589	0.03752	0.02354	0.01299	0.01544	0.01057	0.00690	0.00578	0.00185	0.00815	0.02227	0.00394	0.00966
8	0.00991	0.00680	0.00831	0.00831	0.00861	0.00710	0.00521	0.01050	0.01020	0.01390	0.02078	0.04045	0.02300	0.58863	0.20319	0.00769	0.00945	0.00932	0.00403	0.00462
9	0.00822	0.00684	0.00718	0.00731	0.00937	0.00580	0.00540	0.00999	0.01559	0.01897	0.10849	0.13510	0.60319	0.01753	0.00815	0.00235	0.00350	0.01481	0.00643	0.00580
10	0.02018	0.08555	0.05500	0.01496	0.01934	0.20048	0.07978	0.18662	0.02017	0.02619	0.01536	0.01734	0.01191	0.00731	0.00603	0.00184	0.00816	0.00568	0.20935	0.00875
11	0.01089	0.00778	0.01083	0.01219	0.01377	0.00773	0.01056	0.01405	0.01612	0.02118	0.10521	0.07452	0.04194	0.01840	0.00931	0.00305	0.00599	0.60375	0.00643	0.00632
12	0.01951	0.39920	0.09519	0.01827	0.12574	0.11347	0.01474	0.10265	0.01710	0.02090	0.01125	0.01303	0.00943	0.00639	0.00547	0.00172	0.00837	0.00456	0.00354	0.00945
13	0.01659	0.01293	0.01722	0.01317	0.01823	0.01163	0.08722	0.08310	0.08540	0.08829	0.04218	0.06912	0.01681	0.03593	0.00740	0.00186	0.00606	0.00688	0.00522	0.37476
14	0.35547	0.08412	0.03963	0.01432	0.05694	0.14359	0.01126	0.13837	0.03343	0.04840	0.01211	0.01336	0.00933	0.00687	0.00539	0.00199	0.00743	0.00461	0.00454	0.00883
15	0.01598	0.01486	0.04608	0.02711	0.34921	0.01441	0.05080	0.04568	0.13809	0.04636	0.09160	0.05260	0.05929	0.00882	0.00715	0.00216	0.00688	0.00809	0.00499	0.00985
16	0.75339	0.01458	0.01071	0.00960	0.01378	0.06528	0.00781	0.02061	0.01218	0.02972	0.00960	0.01120	0.00751	0.00640	0.00437	0.00209	0.00578	0.00375	0.00418	0.00745
17	0.01180	0.00956	0.01156	0.00961	0.01328	0.00789	0.00727	0.01423	0.01402	0.02064	0.09167	0.13939	0.05794	0.06784	0.07475	0.00279	0.00595	0.00854	0.00485	0.42640

[dist]
# distance from previous block
# <min> <max>
0	2

[block]
# block no. 5 follows, 31 sequences, length 15
# corresponding to MSA columns:
# 501,502,504-516
name=unknown_F
#
# <colnr> <probs for GDERKNQSTAVLIFYWHMCP>
#	G	D	E	R	K	N	Q	S	T	A	V	L	I	F	Y	W	H	M	C	P
0	0.80789	0.01323	0.01006	0.00900	0.01323	0.01535	0.00741	0.02011	0.01164	0.03070	0.00953	0.01111	0.00741	0.00635	0.00423	0.00212	0.00529	0.00370	0.00423	0.00741
1	0.01670	0.01920	0.18025	0.02065	0.09730	0.01491	0.15496	0.09092	0.09732	0.07187	0.08548	0.02644	0.01950	0.00870	0.00737	0.00227	0.00812	0.06334	0.00504	0.00967
2	0.00934	0.00698	0.00867	0.00825	0.01001	0.00631	0.00619	0.01225	0.01856	0.02552	0.57569	0.05425	0.20334	0.01470	0.00807	0.00219	0.00328	0.01281	0.00728	0.00631
3	0.00969	0.00712	0.00960	0.01045	0.01167	0.00721	0.00817	0.01184	0.01352	0.01788	0.03500	0.20164	0.11931	0.08128	0.19929	0.00526	0.00861	0.23113	0.00547	0.00587
4	0.02224	0.20217	0.02393	0.01736	0.07876	0.23707	0.01319	0.19949	0.09725	0.02524	0.01395	0.01493	0.01105	0.00723	0.00605	0.00185	0.00875	0.00519	0.00461	0.00967
5	0.00851	0.00609	0.00809	0.00941	0.00996	0.00567	0.00636	0.00996	0.01389	0.01873	0.12337	0.66583	0.04770	0.02049	0.00865	0.00270	0.00388	0.01855	0.00650	0.00567
6	0.01652	0.06030	0.16855	0.02059	0.16795	0.05643	0.01573	0.10342	0.14256	0.02442	0.02044	0.11983	0.03479	0.00945	0.00690	0.00218	0.00749	0.00800	0.00481	0.00965
7	0.11606	0.07506	0.19007	0.02265	0.07758	0.01778	0.27662	0.02083	0.01433	0.02196	0.01199	0.01555	0.00937	0.00675	0.00851	0.00225	0.09411	0.00612	0.00333	0.00908
8	0.00937	0.00644	0.00758	0.00807	0.00829	0.00627	0.00486	0.00981	0.01116	0.01478	0.02862	0.26164	0.06215	0.50172	0.02569	0.00527	0.00568	0.01304	0.00492	0.00465
9	0.01009	0.00676	0.00849	0.00818	0.00943	0.00635	0.00584	0.01195	0.01605	0.02260	0.42377	0.04577	0.10389	0.11850	0.01391	0.10403	0.00406	0.01096	0.06374	0.00563
10	0.01912	0.08122	0.03064	0.02668	0.18272	0.15823	0.27802	0.02302	0.01637	0.05998	0.01312	0.01639	0.01034	0.00657	0.00778	0.00209	0.04831	0.00637	0.00367	0.00934
11	0.01569	0.01461	0.02072	0.31284	0.15361	0.08542	0.06012	0.02006	0.04865	0.05305	0.01498	0.02091	0.01235	0.07374	0.06190	0.00318	0.00954	0.00659	0.00377	0.00827
12	0.00995	0.00663	0.00746	0.00746	0.00746	0.00663	0.00415	0.00995	0.00995	0.01327	0.02156	0.04477	0.02487	0.75957	0.03482	0.00663	0.00663	0.00995	0.00415	0.00415
13	0.01141	0.00952	0.01437	0.01315	0.01506	0.01082	0.06683	0.01613	0.09950	0.01815	0.02005	0.07821	0.01862	0.03782	0.48804	0.00813	0.05472	0.00825	0.00422	0.00701
14	0.01635	0.01688	0.08351	0.24361	0.26886	0.01610	0.06816	0.10514	0.01696	0.02343	0.01308	0.01696	0.01016	0.00652	0.00675	0.00207	0.00855	0.00601	0.00373	0.06718

[dist]
# distance from previous block
# <min> <max>
0	40

# created by:
# /home/cegg/simao/soft/augustus-3.2.1/scripts/msa2prfl.pl ./align_prep/EOG090W0C2W.fa
