[name]
unknown

[dist]
# distance from previous block
# <min> <max>
0	205

[block]
# block no. 0 follows, 28 sequences, length 7
# corresponding to MSA columns:
# 243-249
name=unknown_A
#
# <colnr> <probs for GDERKNQSTAVLIFYWHMCP>
#	G	D	E	R	K	N	Q	S	T	A	V	L	I	F	Y	W	H	M	C	P
0	0.01142	0.00817	0.01130	0.01250	0.01419	0.00805	0.01070	0.01478	0.01753	0.02329	0.17534	0.07622	0.04741	0.01899	0.00973	0.00313	0.00601	0.51753	0.00697	0.00673
1	0.15005	0.01660	0.01980	0.02046	0.16134	0.01786	0.01371	0.21125	0.16090	0.12611	0.01953	0.01965	0.01427	0.00821	0.00683	0.00226	0.00703	0.00656	0.00631	0.01127
2	0.01431	0.01361	0.01628	0.01568	0.01812	0.12479	0.09151	0.01732	0.01683	0.02063	0.03146	0.20017	0.03407	0.01688	0.00913	0.00291	0.00790	0.33535	0.00586	0.00719
3	0.01480	0.01171	0.01510	0.16152	0.02240	0.01213	0.01134	0.15173	0.01846	0.02508	0.02523	0.32005	0.02650	0.01376	0.00780	0.00237	0.00634	0.01208	0.00572	0.13587
4	0.02731	0.01942	0.02409	0.01848	0.02420	0.13044	0.15042	0.18327	0.02317	0.29359	0.02024	0.02004	0.01379	0.00809	0.00744	0.00221	0.00902	0.00696	0.00662	0.01119
5	0.08367	0.02514	0.34610	0.08263	0.10990	0.01537	0.02038	0.02530	0.01645	0.18241	0.01652	0.01792	0.01147	0.00736	0.00687	0.00228	0.00891	0.00593	0.00465	0.01075
6	0.01675	0.01926	0.13551	0.07554	0.32825	0.01543	0.01880	0.04423	0.03953	0.02426	0.01401	0.01721	0.01122	0.00652	0.00671	0.00194	0.00811	0.00581	0.00392	0.20699

[dist]
# distance from previous block
# <min> <max>
4	11

[block]
# block no. 1 follows, 28 sequences, length 10
# corresponding to MSA columns:
# 262-271
name=unknown_B
#
# <colnr> <probs for GDERKNQSTAVLIFYWHMCP>
#	G	D	E	R	K	N	Q	S	T	A	V	L	I	F	Y	W	H	M	C	P
0	0.02050	0.01903	0.01845	0.01935	0.12467	0.18859	0.01294	0.14433	0.09069	0.06131	0.02486	0.16108	0.05992	0.01149	0.00756	0.00230	0.00805	0.00954	0.00579	0.00954
1	0.01213	0.01105	0.01326	0.01278	0.01489	0.07750	0.06227	0.01423	0.01533	0.01966	0.03452	0.44973	0.07719	0.01778	0.00860	0.00262	0.00601	0.06331	0.00596	0.08118
2	0.02108	0.14083	0.02484	0.11546	0.07626	0.32168	0.06818	0.02460	0.03594	0.01988	0.03348	0.01702	0.01234	0.00741	0.00656	0.00198	0.01035	0.00571	0.04757	0.00881
3	0.01876	0.01280	0.01545	0.01122	0.01751	0.00990	0.00905	0.02190	0.01628	0.16673	0.01623	0.01711	0.01229	0.00614	0.00579	0.00132	0.00555	0.00494	0.00529	0.62574
4	0.01400	0.01295	0.02186	0.43184	0.14880	0.01469	0.05797	0.01824	0.01525	0.02034	0.08146	0.02530	0.01748	0.07809	0.01030	0.00281	0.00880	0.00765	0.00390	0.00828
5	0.45054	0.01727	0.01550	0.01521	0.08402	0.11053	0.01092	0.06310	0.01650	0.13553	0.01396	0.01495	0.01028	0.00729	0.00565	0.00219	0.00716	0.00497	0.00517	0.00927
6	0.02153	0.02099	0.02291	0.02819	0.31283	0.21756	0.01649	0.05429	0.05857	0.07941	0.08027	0.02111	0.01753	0.00807	0.00717	0.00211	0.00903	0.00677	0.00489	0.01029
7	0.02144	0.04335	0.06338	0.05956	0.02338	0.02883	0.10555	0.02501	0.01709	0.25204	0.01882	0.03477	0.01380	0.00817	0.00804	0.02444	0.03118	0.00659	0.00558	0.20898
8	0.01142	0.00670	0.00946	0.00956	0.01001	0.00670	0.00654	0.01066	0.01203	0.01644	0.12415	0.11137	0.02725	0.09480	0.09180	0.42556	0.00699	0.00956	0.00451	0.00449
9	0.01911	0.01397	0.01631	0.01390	0.01754	0.01557	0.01114	0.28682	0.10510	0.05097	0.04593	0.02467	0.01822	0.02596	0.26810	0.00570	0.01156	0.00749	0.03224	0.00970

[dist]
# distance from previous block
# <min> <max>
0	7

[block]
# block no. 2 follows, 28 sequences, length 37
# corresponding to MSA columns:
# 297-299,301-334
name=unknown_C
#
# <colnr> <probs for GDERKNQSTAVLIFYWHMCP>
#	G	D	E	R	K	N	Q	S	T	A	V	L	I	F	Y	W	H	M	C	P
0	0.01840	0.05892	0.34026	0.02336	0.10735	0.16983	0.08586	0.02526	0.06124	0.02225	0.01387	0.01623	0.01056	0.00708	0.00697	0.00219	0.01071	0.00580	0.00363	0.01023
1	0.01911	0.70177	0.08241	0.01299	0.01951	0.02798	0.01339	0.02185	0.01481	0.01749	0.01030	0.01190	0.00932	0.00626	0.00481	0.00160	0.00797	0.00399	0.00311	0.00942
2	0.02328	0.11132	0.05305	0.01590	0.02140	0.09663	0.01351	0.32267	0.17621	0.03376	0.01822	0.01826	0.01368	0.00831	0.00680	0.00209	0.00803	0.00624	0.00609	0.04453
3	0.04463	0.11092	0.02142	0.01629	0.02065	0.33570	0.01289	0.17606	0.09318	0.02593	0.01636	0.06355	0.01394	0.00887	0.00671	0.00205	0.00974	0.00643	0.00509	0.00958
4	0.01878	0.01850	0.02771	0.15431	0.43347	0.08090	0.06367	0.07158	0.01795	0.02397	0.01368	0.01785	0.01104	0.00685	0.00725	0.00220	0.00941	0.00646	0.00383	0.01060
5	0.01046	0.00715	0.00835	0.00835	0.00861	0.00725	0.00501	0.01085	0.01096	0.01466	0.02463	0.04624	0.05369	0.63130	0.11706	0.00741	0.00839	0.01044	0.00444	0.00473
6	0.79588	0.01406	0.01068	0.00956	0.01406	0.01631	0.00787	0.02137	0.01237	0.03261	0.01012	0.01181	0.00787	0.00675	0.00450	0.00225	0.00562	0.00394	0.00450	0.00787
7	0.01786	0.01728	0.03346	0.02468	0.03084	0.01671	0.45091	0.02592	0.13053	0.07638	0.08003	0.02441	0.01866	0.00777	0.00828	0.00242	0.00990	0.00884	0.00510	0.01002
8	0.01619	0.01544	0.02626	0.33214	0.42571	0.01680	0.02141	0.02073	0.01570	0.02157	0.01336	0.01858	0.01075	0.00681	0.00723	0.00227	0.00908	0.00647	0.00344	0.01007
9	0.01109	0.00799	0.01096	0.01254	0.01406	0.00785	0.01059	0.01403	0.01628	0.02113	0.04062	0.18625	0.07781	0.02042	0.00984	0.00324	0.00614	0.51592	0.00671	0.00654
10	0.00920	0.00657	0.00883	0.01051	0.01108	0.00620	0.00734	0.01071	0.01425	0.01894	0.03988	0.66121	0.04733	0.02245	0.00937	0.00300	0.00451	0.09588	0.00674	0.00600
11	0.01556	0.03630	0.65520	0.02042	0.03079	0.01731	0.02587	0.07220	0.01677	0.02474	0.01338	0.01551	0.00945	0.00704	0.00693	0.00229	0.01054	0.00546	0.00339	0.01086
12	0.01815	0.01716	0.02879	0.07980	0.63759	0.01742	0.02186	0.04822	0.01715	0.02436	0.01378	0.01804	0.01145	0.00661	0.00720	0.00217	0.00867	0.00648	0.00373	0.01137
13	0.01124	0.00803	0.01117	0.01284	0.01431	0.00796	0.01089	0.01424	0.01627	0.02122	0.03875	0.19130	0.04287	0.02053	0.00991	0.00328	0.00628	0.54565	0.00670	0.00656
14	0.79588	0.01406	0.01068	0.00956	0.01406	0.01631	0.00787	0.02137	0.01237	0.03261	0.01012	0.01181	0.00787	0.00675	0.00450	0.00225	0.00562	0.00394	0.00450	0.00787
15	0.01263	0.00631	0.00947	0.00947	0.00947	0.00631	0.00631	0.00947	0.00947	0.01263	0.01263	0.02210	0.01263	0.02525	0.02841	0.78851	0.00631	0.00631	0.00316	0.00316
16	0.02206	0.01777	0.02195	0.02077	0.12115	0.01942	0.05290	0.27441	0.28234	0.05617	0.02179	0.02163	0.01614	0.00869	0.00739	0.00231	0.00742	0.00733	0.00662	0.01176
17	0.02115	0.02188	0.18546	0.02303	0.16653	0.01783	0.01827	0.19046	0.02064	0.11642	0.01593	0.01771	0.01176	0.00812	0.00893	0.00227	0.08950	0.00621	0.00510	0.05282
18	0.79588	0.01406	0.01068	0.00956	0.01406	0.01631	0.00787	0.02137	0.01237	0.03261	0.01012	0.01181	0.00787	0.00675	0.00450	0.00225	0.00562	0.00394	0.00450	0.00787
19	0.01810	0.01711	0.02844	0.08217	0.60527	0.01763	0.02156	0.05131	0.01702	0.02420	0.01364	0.01797	0.01137	0.00686	0.00783	0.00221	0.03587	0.00647	0.00373	0.01122
20	0.79588	0.01406	0.01068	0.00956	0.01406	0.01631	0.00787	0.02137	0.01237	0.03261	0.01012	0.01181	0.00787	0.00675	0.00450	0.00225	0.00562	0.00394	0.00450	0.00787
21	0.00886	0.00633	0.00843	0.01012	0.01054	0.00590	0.00675	0.01012	0.01392	0.01856	0.04006	0.73979	0.04808	0.02277	0.00928	0.00295	0.00422	0.02066	0.00675	0.00590
22	0.79588	0.01406	0.01068	0.00956	0.01406	0.01631	0.00787	0.02137	0.01237	0.03261	0.01012	0.01181	0.00787	0.00675	0.00450	0.00225	0.00562	0.00394	0.00450	0.00787
23	0.02605	0.01203	0.01704	0.06893	0.08135	0.01101	0.01173	0.02914	0.01963	0.47829	0.09341	0.02971	0.06871	0.00986	0.00751	0.00227	0.00623	0.00829	0.00782	0.01101
24	0.02233	0.08104	0.02423	0.11699	0.18553	0.38748	0.01673	0.02520	0.01814	0.01924	0.01190	0.01505	0.00992	0.00728	0.00715	0.00203	0.03170	0.00533	0.00358	0.00916
25	0.01392	0.03399	0.62636	0.01950	0.02905	0.01562	0.02454	0.02153	0.01518	0.02251	0.01616	0.09886	0.01369	0.00874	0.00718	0.00238	0.00999	0.00713	0.00349	0.01019
26	0.02076	0.26852	0.03502	0.02109	0.02711	0.19525	0.26474	0.04630	0.01779	0.02060	0.01239	0.01525	0.01009	0.00659	0.00672	0.00200	0.01082	0.00596	0.00362	0.00939
27	0.79588	0.01406	0.01068	0.00956	0.01406	0.01631	0.00787	0.02137	0.01237	0.03261	0.01012	0.01181	0.00787	0.00675	0.00450	0.00225	0.00562	0.00394	0.00450	0.00787
28	0.01255	0.01112	0.04344	0.01204	0.01509	0.00992	0.03454	0.09165	0.03662	0.02377	0.04822	0.12395	0.30283	0.01692	0.00878	0.00270	0.00575	0.18609	0.00653	0.00749
29	0.01759	0.01497	0.02150	0.01912	0.07888	0.01562	0.13706	0.08625	0.26531	0.05817	0.15567	0.03047	0.04640	0.00995	0.00785	0.00237	0.00694	0.00911	0.00652	0.01024
30	0.01769	0.14151	0.42547	0.01747	0.02586	0.05489	0.02037	0.04862	0.01686	0.08427	0.01866	0.01971	0.06198	0.00796	0.00672	0.00217	0.00936	0.00608	0.00409	0.01026
31	0.01605	0.01405	0.01696	0.01418	0.01639	0.05197	0.01117	0.01782	0.01308	0.05514	0.01437	0.02270	0.01388	0.16502	0.01995	0.00332	0.30944	0.00667	0.00408	0.21377
32	0.01031	0.00783	0.00932	0.00901	0.01098	0.00718	0.00671	0.04052	0.01906	0.02551	0.38645	0.13987	0.26710	0.01670	0.00861	0.00242	0.00380	0.01447	0.00741	0.00675
33	0.01546	0.01352	0.02040	0.35239	0.13587	0.01552	0.01676	0.09608	0.03887	0.02397	0.08466	0.08791	0.02005	0.00978	0.00822	0.00242	0.03608	0.00848	0.00469	0.00889
34	0.01402	0.01041	0.01148	0.01030	0.01298	0.06083	0.00783	0.01701	0.01943	0.09397	0.43123	0.08238	0.10228	0.01356	0.00804	0.00219	0.00467	0.01170	0.00728	0.07839
35	0.01916	0.01848	0.04956	0.26792	0.19558	0.08421	0.01829	0.17586	0.02026	0.02638	0.01518	0.04866	0.01236	0.00809	0.00726	0.00227	0.00917	0.00688	0.00447	0.00997
36	0.01069	0.00791	0.01113	0.01194	0.04058	0.00836	0.00839	0.01295	0.01370	0.01916	0.13435	0.09995	0.03200	0.17008	0.33083	0.00752	0.01182	0.05718	0.00510	0.00634

[dist]
# distance from previous block
# <min> <max>
1	6

[block]
# block no. 3 follows, 28 sequences, length 7
# corresponding to MSA columns:
# 343-349
name=unknown_D
#
# <colnr> <probs for GDERKNQSTAVLIFYWHMCP>
#	G	D	E	R	K	N	Q	S	T	A	V	L	I	F	Y	W	H	M	C	P
0	0.64407	0.01339	0.01175	0.09642	0.01802	0.01559	0.00916	0.02071	0.01284	0.03051	0.01145	0.01384	0.00888	0.00694	0.00488	0.00223	0.00595	0.00445	0.06111	0.00782
1	0.01255	0.00783	0.00996	0.01013	0.01193	0.00719	0.00762	0.01468	0.01648	0.10379	0.14911	0.24667	0.16533	0.08426	0.01145	0.00310	0.00489	0.11915	0.00700	0.00688
2	0.79588	0.01406	0.01068	0.00956	0.01406	0.01631	0.00787	0.02137	0.01237	0.03261	0.01012	0.01181	0.00787	0.00675	0.00450	0.00225	0.00562	0.00394	0.00450	0.00787
3	0.01067	0.00744	0.00991	0.00991	0.01074	0.00815	0.00703	0.01233	0.01150	0.01652	0.02107	0.03570	0.02135	0.31441	0.40820	0.00923	0.01363	0.00878	0.05769	0.00571
4	0.01990	0.11822	0.16732	0.02623	0.25993	0.10241	0.01866	0.05051	0.01790	0.08649	0.05302	0.01869	0.01437	0.00746	0.00682	0.00209	0.00895	0.00615	0.00434	0.01054
5	0.19755	0.11308	0.08704	0.02140	0.15633	0.12143	0.05990	0.02347	0.03642	0.04569	0.01383	0.04115	0.01161	0.00767	0.00692	0.00217	0.03486	0.00593	0.00411	0.00945
6	0.06190	0.10635	0.09134	0.17361	0.13404	0.08522	0.01633	0.05903	0.04072	0.04651	0.01709	0.10456	0.01530	0.00909	0.00693	0.00225	0.00848	0.00755	0.00439	0.00932

[dist]
# distance from previous block
# <min> <max>
0	3

[block]
# block no. 4 follows, 28 sequences, length 22
# corresponding to MSA columns:
# 353-374
name=unknown_E
#
# <colnr> <probs for GDERKNQSTAVLIFYWHMCP>
#	G	D	E	R	K	N	Q	S	T	A	V	L	I	F	Y	W	H	M	C	P
0	0.01856	0.41380	0.13998	0.01956	0.10758	0.05289	0.06590	0.02353	0.05837	0.02021	0.01265	0.01468	0.01053	0.00664	0.00588	0.00189	0.00878	0.00511	0.00351	0.00996
1	0.01845	0.07585	0.17672	0.02115	0.02765	0.01668	0.24915	0.02357	0.01661	0.13292	0.04037	0.02288	0.01511	0.01007	0.03686	0.00277	0.06362	0.03505	0.00462	0.00988
2	0.01363	0.00679	0.00979	0.00954	0.01009	0.00659	0.00654	0.01124	0.01075	0.05836	0.01829	0.02589	0.06469	0.02367	0.02553	0.67765	0.00611	0.00706	0.00381	0.00398
3	0.01693	0.01417	0.01541	0.01390	0.01728	0.01647	0.01085	0.03310	0.52044	0.02900	0.07097	0.02805	0.02389	0.01026	0.00847	0.00243	0.06023	0.00825	0.08948	0.01043
4	0.06653	0.02524	0.31078	0.02593	0.18512	0.01656	0.11598	0.02417	0.05050	0.06889	0.03189	0.01853	0.01262	0.00717	0.00716	0.00229	0.00941	0.00647	0.00410	0.01065
5	0.01608	0.01715	0.05147	0.02020	0.02160	0.02144	0.08672	0.01929	0.04236	0.01892	0.01114	0.01678	0.01026	0.01165	0.02080	0.00304	0.59261	0.00664	0.00342	0.00842
6	0.01625	0.06618	0.30900	0.02568	0.03433	0.01834	0.37803	0.02310	0.01630	0.02284	0.01379	0.01747	0.01021	0.00644	0.00770	0.00234	0.01141	0.00704	0.00340	0.01015
7	0.01950	0.27429	0.16902	0.02073	0.10406	0.02168	0.09526	0.10261	0.05262	0.05371	0.01436	0.01616	0.01117	0.00699	0.00645	0.00204	0.00886	0.00574	0.00420	0.01054
8	0.13984	0.20110	0.08461	0.01987	0.13376	0.15733	0.01508	0.06617	0.01734	0.05899	0.01261	0.01455	0.01012	0.00719	0.00660	0.00202	0.03394	0.00505	0.00410	0.00972
9	0.01056	0.00709	0.00812	0.00812	0.00819	0.00715	0.00465	0.01070	0.01063	0.01424	0.02273	0.04659	0.02600	0.70894	0.07201	0.00729	0.00769	0.01043	0.00438	0.00451
10	0.02464	0.14472	0.05909	0.01721	0.02207	0.40806	0.01423	0.12828	0.07339	0.02327	0.01354	0.01476	0.01081	0.00763	0.00645	0.00194	0.01077	0.00516	0.00444	0.00954
11	0.09716	0.14453	0.10552	0.01627	0.02215	0.04672	0.07232	0.15131	0.01996	0.16339	0.03501	0.01807	0.01331	0.00809	0.00771	0.00219	0.05433	0.00613	0.00544	0.01040
12	0.00927	0.00657	0.00824	0.00940	0.00985	0.00620	0.00609	0.01025	0.01325	0.01751	0.03793	0.52455	0.08407	0.20233	0.01614	0.00394	0.00489	0.01781	0.00616	0.00555
13	0.00886	0.00633	0.00843	0.01012	0.01054	0.00590	0.00675	0.01012	0.01392	0.01856	0.04006	0.73979	0.04808	0.02277	0.00928	0.00295	0.00422	0.02066	0.00675	0.00590
14	0.05596	0.01913	0.08407	0.05786	0.19145	0.04073	0.22091	0.05930	0.01824	0.15537	0.01674	0.01916	0.01215	0.00709	0.00749	0.00229	0.00949	0.00703	0.00484	0.01071
15	0.02296	0.04829	0.05566	0.05095	0.05240	0.20669	0.11518	0.17748	0.08865	0.06197	0.01609	0.01771	0.01213	0.00794	0.00774	0.00220	0.03418	0.00640	0.00509	0.01028
16	0.00886	0.00633	0.00843	0.01012	0.01054	0.00590	0.00675	0.01012	0.01392	0.01856	0.04006	0.73979	0.04808	0.02277	0.00928	0.00295	0.00422	0.02066	0.00675	0.00590
17	0.02360	0.02289	0.02223	0.04455	0.02403	0.26022	0.09486	0.16654	0.11462	0.07810	0.01745	0.01888	0.01322	0.01102	0.05244	0.00277	0.01065	0.00652	0.00538	0.01003
18	0.37990	0.02040	0.05528	0.01948	0.12074	0.15270	0.08041	0.02396	0.04186	0.02687	0.01226	0.01457	0.00966	0.00692	0.00596	0.00219	0.00848	0.00518	0.00417	0.00901
19	0.15496	0.22148	0.18894	0.01567	0.02180	0.12418	0.01567	0.06732	0.01654	0.03987	0.01189	0.01382	0.00948	0.00739	0.00715	0.00208	0.06361	0.00482	0.00386	0.00946
20	0.01894	0.05620	0.20249	0.01941	0.04456	0.07917	0.09836	0.13519	0.08083	0.04383	0.03674	0.02180	0.05689	0.00883	0.00854	0.00231	0.06377	0.00710	0.00486	0.01017
21	0.03950	0.10300	0.07544	0.01781	0.07950	0.20315	0.01394	0.12873	0.03898	0.10632	0.03926	0.01900	0.01428	0.02987	0.00750	0.00215	0.00885	0.00603	0.03400	0.03271

[dist]
# distance from previous block
# <min> <max>
3	47

[block]
# block no. 5 follows, 28 sequences, length 53
# corresponding to MSA columns:
# 426-478
name=unknown_F
#
# <colnr> <probs for GDERKNQSTAVLIFYWHMCP>
#	G	D	E	R	K	N	Q	S	T	A	V	L	I	F	Y	W	H	M	C	P
0	0.35362	0.01242	0.03844	0.03417	0.01539	0.01236	0.00909	0.01874	0.04194	0.02849	0.18170	0.08168	0.02832	0.01064	0.00651	0.00229	0.00536	0.04098	0.00563	0.07221
1	0.06150	0.03485	0.02383	0.02525	0.23388	0.05905	0.12559	0.06728	0.03895	0.02538	0.09470	0.03038	0.10865	0.00964	0.00760	0.00228	0.00794	0.02876	0.00502	0.00948
2	0.02763	0.02036	0.02182	0.01672	0.02254	0.02254	0.01382	0.67496	0.03418	0.04581	0.01745	0.01745	0.01236	0.00873	0.00727	0.00218	0.00800	0.00654	0.00727	0.01236
3	0.00884	0.00638	0.00838	0.00999	0.01051	0.00592	0.00669	0.01014	0.01405	0.01861	0.04172	0.70671	0.08009	0.02256	0.00924	0.00293	0.00419	0.02040	0.00675	0.00592
4	0.01467	0.03605	0.65794	0.02060	0.03058	0.01727	0.02607	0.02263	0.01505	0.02263	0.01279	0.01539	0.00923	0.00732	0.00812	0.00236	0.06224	0.00544	0.00308	0.01054
5	0.01428	0.11553	0.31676	0.01990	0.09560	0.01581	0.04756	0.01937	0.01507	0.02112	0.01982	0.18790	0.01967	0.01103	0.00786	0.00241	0.02892	0.02800	0.00413	0.00927
6	0.01675	0.01579	0.02620	0.19363	0.48322	0.01665	0.02072	0.02207	0.05449	0.02288	0.01559	0.02184	0.01315	0.00749	0.00736	0.00229	0.00861	0.03689	0.00388	0.01052
7	0.02799	0.01979	0.02146	0.01645	0.02226	0.02169	0.01359	0.62925	0.03322	0.09287	0.01825	0.01797	0.01276	0.00875	0.00727	0.00219	0.00787	0.00660	0.00739	0.01236
8	0.01734	0.01856	0.07846	0.04034	0.56325	0.01695	0.08480	0.02202	0.01643	0.02347	0.01467	0.04360	0.01260	0.00705	0.00738	0.00223	0.00898	0.00710	0.00368	0.01109
9	0.02022	0.05727	0.04879	0.02691	0.16713	0.14187	0.22917	0.05891	0.04196	0.05810	0.01554	0.03974	0.01258	0.00768	0.00821	0.00226	0.04210	0.00722	0.00429	0.01004
10	0.02540	0.01870	0.02026	0.01575	0.02104	0.02052	0.01292	0.58979	0.03243	0.04367	0.10477	0.02220	0.01960	0.00952	0.00744	0.00219	0.00741	0.00739	0.00737	0.01165
11	0.01563	0.01472	0.02507	0.34650	0.34529	0.01611	0.04007	0.02012	0.01555	0.02137	0.01451	0.04120	0.01205	0.00739	0.00726	0.00229	0.00891	0.00698	0.02937	0.00960
12	0.02936	0.01434	0.01778	0.01536	0.06035	0.05238	0.01164	0.06057	0.06863	0.52344	0.05004	0.02458	0.01896	0.00902	0.00731	0.00224	0.00668	0.00735	0.00814	0.01183
13	0.01373	0.01292	0.02180	0.72707	0.05006	0.01615	0.02019	0.01857	0.01453	0.01857	0.01292	0.01938	0.00969	0.00727	0.00727	0.00242	0.00969	0.00646	0.00323	0.00807
14	0.01003	0.00738	0.00942	0.00922	0.01091	0.00676	0.00693	0.01308	0.01933	0.02672	0.53138	0.11545	0.14248	0.01622	0.00871	0.00242	0.00369	0.04552	0.00768	0.00668
15	0.01671	0.01724	0.02215	0.01906	0.01933	0.07180	0.01577	0.01832	0.01181	0.01751	0.00966	0.01570	0.00953	0.01235	0.02262	0.00309	0.67991	0.00624	0.00322	0.00799
16	0.01038	0.00779	0.01168	0.01168	0.01298	0.00909	0.00909	0.01298	0.01168	0.01687	0.01947	0.02856	0.01817	0.05452	0.71573	0.01168	0.01947	0.00779	0.00389	0.00649
17	0.01694	0.01687	0.02734	0.02982	0.27295	0.01972	0.10302	0.02101	0.04552	0.02116	0.01268	0.01768	0.01106	0.00943	0.01495	0.00268	0.33714	0.00678	0.00360	0.00967
18	0.01779	0.01707	0.02914	0.07657	0.66880	0.01722	0.02221	0.02213	0.01646	0.02351	0.01364	0.01806	0.01143	0.00651	0.00720	0.00217	0.00868	0.00648	0.00358	0.01135
19	0.01057	0.00705	0.00793	0.00793	0.00793	0.00705	0.00440	0.01057	0.01057	0.01409	0.02290	0.04757	0.02643	0.74454	0.03700	0.00705	0.00705	0.01057	0.00440	0.00440
20	0.01771	0.01529	0.01608	0.01450	0.01855	0.01761	0.01127	0.03753	0.65995	0.02999	0.03130	0.02879	0.04847	0.01020	0.00744	0.00247	0.00567	0.00850	0.00737	0.01130
21	0.01437	0.01358	0.02297	0.62398	0.14811	0.01632	0.02051	0.01914	0.01484	0.01935	0.01303	0.01917	0.00997	0.00715	0.00726	0.00238	0.00953	0.00646	0.00329	0.00859
22	0.79588	0.01406	0.01068	0.00956	0.01406	0.01631	0.00787	0.02137	0.01237	0.03261	0.01012	0.01181	0.00787	0.00675	0.00450	0.00225	0.00562	0.00394	0.00450	0.00787
23	0.01799	0.01727	0.02950	0.04462	0.69919	0.01727	0.02231	0.02231	0.01655	0.02375	0.01367	0.01799	0.01151	0.00648	0.00720	0.00216	0.00864	0.00648	0.00360	0.01151
24	0.01943	0.74891	0.03809	0.01244	0.01866	0.02876	0.01244	0.02177	0.01477	0.01710	0.01011	0.01166	0.00933	0.00622	0.00466	0.00155	0.00777	0.00389	0.00311	0.00933
25	0.00923	0.00673	0.00869	0.00959	0.01056	0.00619	0.00666	0.01116	0.01604	0.02163	0.22725	0.48462	0.11445	0.02014	0.00902	0.00272	0.00395	0.01806	0.00710	0.00619
26	0.02667	0.02165	0.02156	0.01887	0.07537	0.13672	0.01417	0.43417	0.06337	0.08843	0.01760	0.01782	0.01273	0.00842	0.00716	0.00215	0.00865	0.00637	0.00653	0.01159
27	0.01558	0.01528	0.02742	0.35926	0.26758	0.01657	0.12648	0.02034	0.01563	0.02110	0.01432	0.04169	0.01174	0.00730	0.00752	0.00235	0.00958	0.00726	0.00354	0.00946
28	0.01257	0.00822	0.01210	0.01169	0.01343	0.00914	0.00914	0.01522	0.01300	0.08513	0.05202	0.02939	0.02052	0.04818	0.61287	0.01031	0.01741	0.00799	0.00459	0.00709
29	0.02759	0.02174	0.02170	0.01692	0.02254	0.08920	0.01384	0.61281	0.03287	0.04312	0.01685	0.01703	0.01207	0.00861	0.00720	0.00215	0.00849	0.00637	0.00693	0.01198
30	0.01983	0.02962	0.40805	0.01854	0.02686	0.05335	0.02068	0.15206	0.08203	0.09402	0.01686	0.01764	0.01188	0.00777	0.00704	0.00227	0.00943	0.00602	0.00489	0.01117
31	0.01838	0.01800	0.02913	0.04353	0.67077	0.04659	0.02196	0.02259	0.01672	0.02350	0.01357	0.01779	0.01142	0.00652	0.00717	0.00215	0.00882	0.00640	0.00360	0.01138
32	0.01943	0.74891	0.03809	0.01244	0.01866	0.02876	0.01244	0.02177	0.01477	0.01710	0.01011	0.01166	0.00933	0.00622	0.00466	0.00155	0.00777	0.00389	0.00311	0.00933
33	0.00886	0.00633	0.00843	0.01012	0.01054	0.00590	0.00675	0.01012	0.01392	0.01856	0.04006	0.73979	0.04808	0.02277	0.00928	0.00295	0.00422	0.02066	0.00675	0.00590
34	0.07077	0.01390	0.05611	0.01321	0.01906	0.01133	0.01147	0.03399	0.02006	0.63069	0.02683	0.02354	0.01697	0.00876	0.00714	0.00225	0.00642	0.00703	0.00843	0.01205
35	0.02482	0.05821	0.01927	0.01658	0.02021	0.54863	0.01262	0.05733	0.02020	0.02049	0.01336	0.01536	0.01090	0.00765	0.00629	0.00185	0.01119	0.00505	0.12159	0.00840
36	0.00875	0.00737	0.00758	0.00753	0.00992	0.00620	0.00565	0.01074	0.01694	0.02052	0.13137	0.06850	0.63796	0.01808	0.00859	0.00244	0.00366	0.01514	0.00687	0.00620
37	0.01008	0.00684	0.00807	0.00856	0.00868	0.00672	0.00508	0.01044	0.01153	0.01537	0.02783	0.24622	0.03264	0.53741	0.02904	0.00587	0.00624	0.01347	0.00508	0.00483
38	0.79588	0.01406	0.01068	0.00956	0.01406	0.01631	0.00787	0.02137	0.01237	0.03261	0.01012	0.01181	0.00787	0.00675	0.00450	0.00225	0.00562	0.00394	0.00450	0.00787
39	0.01602	0.04439	0.02683	0.08365	0.41334	0.01570	0.09398	0.02012	0.01643	0.02268	0.04799	0.06661	0.05232	0.00902	0.00764	0.00231	0.00828	0.03848	0.00423	0.00996
40	0.01894	0.01827	0.02762	0.13679	0.47375	0.08620	0.05404	0.02311	0.01690	0.05444	0.01408	0.01810	0.01132	0.00679	0.00722	0.00219	0.00930	0.00644	0.00382	0.01067
41	0.06278	0.11657	0.12384	0.01677	0.05007	0.06903	0.01478	0.23235	0.07146	0.11329	0.04702	0.01903	0.01490	0.00823	0.00675	0.00213	0.00806	0.00626	0.00581	0.01087
42	0.01072	0.03671	0.07887	0.01127	0.01343	0.00896	0.00912	0.01447	0.07234	0.02029	0.06622	0.46084	0.09347	0.05570	0.01005	0.00294	0.00518	0.01621	0.00625	0.00697
43	0.01701	0.12667	0.11242	0.02287	0.21139	0.08427	0.01596	0.02343	0.11734	0.02318	0.08548	0.05284	0.05851	0.00924	0.00705	0.00217	0.00782	0.00776	0.00477	0.00981
44	0.01930	0.13587	0.22044	0.01989	0.07312	0.08279	0.08187	0.11614	0.04877	0.05205	0.04995	0.01977	0.03250	0.00792	0.00693	0.00214	0.00917	0.00650	0.00460	0.01029
45	0.01797	0.04060	0.15240	0.02348	0.19865	0.03501	0.04033	0.13077	0.05144	0.04747	0.09378	0.02784	0.05690	0.00943	0.00750	0.00228	0.00801	0.04060	0.00525	0.01028
46	0.01767	0.05824	0.12648	0.02432	0.21074	0.01677	0.06898	0.11616	0.07443	0.02762	0.09898	0.02226	0.01896	0.00803	0.00716	0.00212	0.00793	0.00712	0.00495	0.08109
47	0.01957	0.06240	0.09780	0.07798	0.16969	0.12739	0.03655	0.05923	0.08540	0.07853	0.09574	0.02239	0.01894	0.00836	0.00716	0.00218	0.00860	0.00701	0.00503	0.01006
48	0.03996	0.04792	0.03525	0.04035	0.05710	0.09982	0.05410	0.04531	0.05563	0.02365	0.08278	0.05380	0.11419	0.01130	0.02935	0.00232	0.00740	0.00827	0.04515	0.14637
49	0.05285	0.02057	0.16808	0.05454	0.15798	0.07736	0.03514	0.03820	0.01724	0.11525	0.03951	0.02373	0.07679	0.01007	0.03220	0.00250	0.00875	0.00706	0.00480	0.05739
50	0.01678	0.15348	0.31252	0.01713	0.04236	0.01729	0.03569	0.07950	0.01776	0.04885	0.09550	0.03869	0.01813	0.00823	0.00675	0.00208	0.00835	0.00664	0.00447	0.06980
51	0.03673	0.04723	0.22945	0.02239	0.16287	0.07857	0.04118	0.02296	0.06396	0.04100	0.07165	0.02191	0.03483	0.01005	0.03827	0.00257	0.00917	0.00676	0.00436	0.05410
52	0.07458	0.02083	0.15624	0.01707	0.03955	0.09205	0.08023	0.10823	0.04593	0.05659	0.08069	0.04872	0.08445	0.01000	0.00740	0.00229	0.00818	0.03081	0.00536	0.03081

[dist]
# distance from previous block
# <min> <max>
2	25

[block]
# block no. 6 follows, 28 sequences, length 9
# corresponding to MSA columns:
# 505-513
name=unknown_G
#
# <colnr> <probs for GDERKNQSTAVLIFYWHMCP>
#	G	D	E	R	K	N	Q	S	T	A	V	L	I	F	Y	W	H	M	C	P
0	0.01620	0.15587	0.09411	0.06950	0.10488	0.09247	0.01401	0.02095	0.06122	0.02222	0.12490	0.02757	0.09243	0.00934	0.00686	0.00204	0.00751	0.00760	0.00475	0.06556
1	0.05362	0.07952	0.07400	0.01906	0.08202	0.29140	0.01472	0.13056	0.06110	0.02487	0.01585	0.01731	0.03548	0.00802	0.00709	0.00203	0.02979	0.00574	0.00457	0.04327
2	0.01840	0.01904	0.09691	0.05123	0.08006	0.11771	0.06229	0.06124	0.11074	0.07217	0.06724	0.02756	0.03981	0.07793	0.01117	0.03939	0.00842	0.02435	0.00521	0.00914
3	0.10388	0.06807	0.06884	0.01765	0.11809	0.03527	0.01284	0.06665	0.07432	0.10762	0.02296	0.09518	0.05524	0.06337	0.02768	0.00289	0.03632	0.00836	0.00540	0.00934
4	0.37879	0.07037	0.12180	0.01593	0.06949	0.06841	0.01359	0.13627	0.01768	0.03070	0.01218	0.01387	0.00933	0.00711	0.00570	0.00216	0.00771	0.00484	0.00455	0.00950
5	0.08957	0.06782	0.07811	0.01736	0.10072	0.01280	0.09304	0.01747	0.01700	0.02488	0.23715	0.10450	0.08722	0.01172	0.00765	0.00231	0.00642	0.01044	0.00558	0.00825
6	0.01495	0.01572	0.07065	0.02044	0.13552	0.04503	0.11322	0.04742	0.06999	0.02263	0.06361	0.07932	0.11816	0.11754	0.01255	0.00306	0.02663	0.00993	0.00504	0.00857
7	0.01454	0.01185	0.01302	0.01232	0.01489	0.01314	0.00907	0.02678	0.39760	0.02546	0.08751	0.15361	0.03130	0.14020	0.01296	0.00333	0.00552	0.01116	0.00682	0.00892
8	0.01096	0.00874	0.00948	0.00909	0.01119	0.00853	0.00657	0.01595	0.13242	0.02204	0.16637	0.05501	0.32625	0.16882	0.01435	0.00339	0.00470	0.01271	0.00659	0.00684

[dist]
# distance from previous block
# <min> <max>
0	1

[block]
# block no. 7 follows, 28 sequences, length 20
# corresponding to MSA columns:
# 515-534
name=unknown_H
#
# <colnr> <probs for GDERKNQSTAVLIFYWHMCP>
#	G	D	E	R	K	N	Q	S	T	A	V	L	I	F	Y	W	H	M	C	P
0	0.02263	0.04170	0.09508	0.01923	0.08947	0.27794	0.01486	0.02793	0.09686	0.12753	0.07614	0.02093	0.01757	0.00861	0.00755	0.00215	0.03225	0.00653	0.00523	0.00983
1	0.38716	0.01805	0.09680	0.04572	0.13039	0.01704	0.01394	0.11626	0.01717	0.07645	0.01344	0.01519	0.01001	0.00718	0.00591	0.00224	0.00724	0.00521	0.00484	0.00975
2	0.52437	0.01323	0.01182	0.01079	0.01467	0.01489	0.00878	0.09506	0.01581	0.03163	0.04545	0.08938	0.01800	0.01011	0.00597	0.00241	0.00578	0.06841	0.00539	0.00805
3	0.02751	0.02414	0.02149	0.01725	0.02252	0.20599	0.01388	0.50392	0.03058	0.03839	0.01581	0.01630	0.01157	0.00840	0.00708	0.00210	0.00935	0.00605	0.00634	0.01132
4	0.01161	0.00940	0.01423	0.01349	0.01592	0.00902	0.08605	0.01545	0.03630	0.02330	0.18335	0.10976	0.12945	0.01700	0.00924	0.00284	0.00604	0.29380	0.00666	0.00710
5	0.02225	0.04154	0.07741	0.05019	0.02435	0.24904	0.09033	0.07630	0.09804	0.10076	0.04815	0.02104	0.03416	0.00854	0.00759	0.00219	0.02638	0.00681	0.00519	0.00974
6	0.01959	0.55865	0.13719	0.01442	0.02103	0.10646	0.01480	0.02280	0.01553	0.01808	0.01068	0.01239	0.00931	0.00647	0.00522	0.00170	0.00884	0.00420	0.00318	0.00944
7	0.01041	0.00770	0.01125	0.01125	0.01240	0.00885	0.00854	0.01270	0.01155	0.01655	0.01987	0.03076	0.01913	0.13441	0.63714	0.01115	0.01803	0.00811	0.00395	0.00625
8	0.01089	0.01052	0.08890	0.00960	0.01088	0.00809	0.00721	0.01197	0.01142	0.01552	0.02326	0.10425	0.02632	0.59614	0.03109	0.00614	0.00723	0.01085	0.00445	0.00527
9	0.02031	0.01894	0.02640	0.03554	0.47826	0.07875	0.01946	0.14628	0.02026	0.02731	0.01539	0.02060	0.01298	0.00766	0.00729	0.00220	0.00881	0.03794	0.00446	0.01117
10	0.01945	0.01929	0.05377	0.04862	0.20360	0.05760	0.17911	0.14612	0.09765	0.02787	0.01788	0.02311	0.01447	0.00817	0.00771	0.00234	0.00932	0.04834	0.00492	0.01063
11	0.01762	0.01689	0.02883	0.10417	0.64255	0.01717	0.02212	0.02198	0.01638	0.02330	0.01361	0.01811	0.01135	0.00655	0.00720	0.00218	0.00873	0.00648	0.00357	0.01121
12	0.05132	0.01040	0.01443	0.07820	0.09605	0.01111	0.01184	0.04072	0.03358	0.02159	0.02816	0.21744	0.03032	0.06696	0.01190	0.02804	0.03833	0.19667	0.00555	0.00737
13	0.07407	0.02052	0.13761	0.02266	0.12892	0.04675	0.14152	0.09893	0.03808	0.09308	0.01709	0.05542	0.01358	0.00791	0.00718	0.00221	0.00877	0.00714	0.00488	0.07368
14	0.05695	0.05611	0.10352	0.02190	0.13777	0.06562	0.07839	0.13426	0.09191	0.12809	0.01795	0.01917	0.01326	0.00933	0.03148	0.00254	0.00895	0.00655	0.00540	0.01087
15	0.04133	0.03087	0.01860	0.07326	0.13102	0.01216	0.08771	0.04019	0.01530	0.05066	0.02562	0.14984	0.06402	0.17914	0.01458	0.00353	0.00739	0.04193	0.00501	0.00783
16	0.07609	0.04816	0.07035	0.02637	0.29615	0.01539	0.03622	0.07697	0.01669	0.05002	0.01699	0.06016	0.01533	0.03737	0.02996	0.07132	0.00821	0.03430	0.00443	0.00952
17	0.10364	0.04470	0.02082	0.10062	0.18402	0.10074	0.01500	0.04131	0.05060	0.06642	0.01721	0.10062	0.01554	0.00975	0.00902	0.00238	0.09606	0.00765	0.00462	0.00928
18	0.01881	0.06431	0.11043	0.07657	0.23356	0.05535	0.06408	0.06948	0.03848	0.08330	0.04554	0.05213	0.01622	0.03033	0.00814	0.00237	0.00862	0.00738	0.00469	0.01022
19	0.07168	0.01639	0.01940	0.02137	0.17898	0.08182	0.02854	0.09809	0.13264	0.05091	0.04613	0.07833	0.01964	0.01190	0.04203	0.00272	0.00803	0.03285	0.00551	0.05305

[dist]
# distance from previous block
# <min> <max>
0	851

# created by:
# /home/cegg/simao/soft/augustus-3.2.1/scripts/msa2prfl.pl ./align_prep/EOG090W0A4Z.fa
