[name]
unknown

[dist]
# distance from previous block
# <min> <max>
0	81

[block]
# block no. 0 follows, 36 sequences, length 40
# corresponding to MSA columns:
# 111-150
name=unknown_A
#
# <colnr> <probs for GDERKNQSTAVLIFYWHMCP>
#	G	D	E	R	K	N	Q	S	T	A	V	L	I	F	Y	W	H	M	C	P
0	0.07053	0.13147	0.11646	0.04304	0.06132	0.04933	0.17676	0.04790	0.08847	0.04818	0.02857	0.03251	0.01172	0.00655	0.00621	0.00187	0.02299	0.00578	0.00382	0.04650
1	0.01673	0.05624	0.17215	0.01372	0.03691	0.19361	0.01241	0.09961	0.03145	0.06023	0.08370	0.03747	0.06111	0.00796	0.00594	0.00179	0.00728	0.00620	0.06689	0.02860
2	0.07255	0.14107	0.14225	0.05134	0.01882	0.07199	0.02992	0.10781	0.08353	0.05774	0.09001	0.02106	0.07085	0.00781	0.00584	0.00185	0.00665	0.00615	0.00450	0.00822
3	0.10405	0.12914	0.16888	0.01441	0.04744	0.16713	0.01306	0.10753	0.05177	0.05813	0.07007	0.01586	0.01320	0.00686	0.00557	0.00179	0.00753	0.00507	0.00412	0.00840
4	0.05898	0.16158	0.15060	0.01386	0.01893	0.16281	0.01294	0.17061	0.12385	0.02357	0.03585	0.01497	0.01169	0.00682	0.00558	0.00178	0.00759	0.00498	0.00426	0.00876
5	0.06443	0.04882	0.01178	0.01071	0.05378	0.00994	0.00784	0.04562	0.09664	0.05028	0.23938	0.05856	0.21281	0.01161	0.00714	0.00203	0.02802	0.02794	0.00572	0.00695
6	0.07882	0.06083	0.01981	0.01707	0.08210	0.06597	0.06359	0.08480	0.05872	0.02033	0.02948	0.01665	0.01133	0.00859	0.01164	0.00220	0.30889	0.02706	0.00368	0.02843
7	0.03996	0.10251	0.21372	0.01642	0.06693	0.03282	0.08100	0.11362	0.10584	0.09271	0.01565	0.04532	0.01211	0.00703	0.00596	0.00191	0.00727	0.00587	0.02427	0.00908
8	0.04796	0.07851	0.05747	0.03372	0.08134	0.09455	0.01061	0.07344	0.12252	0.05725	0.07757	0.05035	0.05438	0.04030	0.00698	0.00198	0.00615	0.00664	0.02465	0.07364
9	0.01247	0.05205	0.13130	0.03173	0.03378	0.01110	0.08689	0.10481	0.01526	0.03681	0.02718	0.25682	0.12881	0.01177	0.00684	0.00212	0.00596	0.01040	0.02665	0.00727
10	0.01240	0.01060	0.01315	0.03628	0.15286	0.06062	0.00969	0.01653	0.11087	0.03647	0.02256	0.16073	0.05727	0.11632	0.12640	0.00381	0.00752	0.00889	0.03010	0.00693
11	0.01804	0.35876	0.07668	0.01466	0.03690	0.23468	0.07513	0.04233	0.01491	0.01703	0.01037	0.01219	0.00868	0.00586	0.00505	0.00156	0.00834	0.00424	0.04669	0.00790
12	0.00851	0.00588	0.00766	0.00858	0.00909	0.00563	0.00576	0.02928	0.01228	0.01648	0.07875	0.58473	0.03762	0.08356	0.01114	0.06534	0.00401	0.01525	0.00546	0.00499
13	0.04407	0.04570	0.01866	0.01690	0.13048	0.05832	0.01199	0.36237	0.03761	0.13557	0.01534	0.01571	0.01110	0.00692	0.00593	0.00180	0.00666	0.00541	0.02582	0.04365
14	0.06613	0.19438	0.04062	0.01751	0.14280	0.09027	0.02994	0.12895	0.07141	0.04223	0.04133	0.01520	0.01179	0.00694	0.00682	0.00183	0.07406	0.00514	0.00402	0.00864
15	0.00906	0.00604	0.00680	0.00680	0.00680	0.00604	0.00378	0.00906	0.00906	0.01208	0.01963	0.04077	0.02265	0.78103	0.03171	0.00604	0.00604	0.00906	0.00378	0.00378
16	0.01423	0.01723	0.11996	0.07823	0.26200	0.05357	0.20128	0.01886	0.03241	0.01963	0.05113	0.01927	0.04805	0.00671	0.00695	0.00198	0.03003	0.00652	0.00342	0.00853
17	0.00971	0.00766	0.01002	0.03056	0.01216	0.00754	0.02524	0.01350	0.09230	0.01918	0.16325	0.26232	0.08863	0.04731	0.06568	0.00295	0.00524	0.06701	0.00547	0.06425
18	0.01409	0.05274	0.19165	0.02196	0.23882	0.01432	0.06978	0.03842	0.14741	0.02205	0.10923	0.02026	0.01740	0.00713	0.00629	0.00194	0.00698	0.00639	0.00414	0.00901
19	0.01386	0.01385	0.02113	0.46849	0.24551	0.07390	0.04021	0.01771	0.01346	0.01730	0.01120	0.01584	0.00878	0.00601	0.00620	0.00197	0.00835	0.00548	0.00291	0.00786
20	0.00826	0.00660	0.00742	0.00717	0.00907	0.00590	0.00539	0.01100	0.04274	0.02049	0.33551	0.05313	0.43647	0.01427	0.00732	0.00205	0.00314	0.01216	0.00624	0.00568
21	0.00758	0.00545	0.00720	0.00859	0.00902	0.00507	0.00575	0.00868	0.01201	0.01594	0.03533	0.75232	0.06522	0.01939	0.00793	0.00252	0.00360	0.01756	0.00578	0.00507
22	0.04329	0.01919	0.02075	0.04779	0.02177	0.20679	0.13585	0.27528	0.03519	0.05465	0.01368	0.03642	0.01066	0.00725	0.00691	0.00192	0.04344	0.00583	0.00459	0.00874
23	0.02030	0.12380	0.04130	0.01420	0.01766	0.54056	0.01130	0.02227	0.01655	0.01629	0.05063	0.01489	0.02983	0.00689	0.00549	0.00161	0.00950	0.00466	0.04509	0.00719
24	0.02160	0.05989	0.05552	0.01563	0.01900	0.63364	0.01234	0.02345	0.01661	0.01534	0.00994	0.01234	0.00850	0.03167	0.00701	0.00180	0.04112	0.00424	0.00316	0.00723
25	0.05099	0.01308	0.01399	0.01161	0.01544	0.01427	0.00932	0.28234	0.23234	0.09678	0.02269	0.02198	0.06391	0.00826	0.00600	0.00191	0.00528	0.00655	0.11402	0.00922
26	0.01627	0.03758	0.02015	0.07453	0.05550	0.15207	0.16254	0.06225	0.10836	0.05742	0.04667	0.05856	0.03745	0.00861	0.00669	0.00204	0.00775	0.07307	0.00453	0.00796
27	0.01398	0.01342	0.01823	0.52138	0.07496	0.10165	0.01564	0.01748	0.01315	0.03947	0.01159	0.01614	0.00894	0.00665	0.00711	0.00202	0.06439	0.00539	0.04122	0.00718
28	0.01542	0.01480	0.02529	0.03824	0.74217	0.01480	0.01912	0.01912	0.01419	0.02036	0.01172	0.01542	0.00987	0.00555	0.00617	0.00185	0.00740	0.00555	0.00308	0.00987
29	0.01551	0.01334	0.01680	0.04517	0.01850	0.03790	0.10479	0.16703	0.26604	0.02589	0.09238	0.08769	0.04095	0.00920	0.00664	0.00205	0.00601	0.00809	0.02745	0.00857
30	0.00850	0.00639	0.00739	0.00728	0.00908	0.00560	0.00545	0.01056	0.01529	0.03956	0.29052	0.11599	0.41123	0.01487	0.00741	0.00210	0.00324	0.02774	0.00620	0.00561
31	0.01499	0.00834	0.00949	0.00842	0.01069	0.00849	0.00642	0.08193	0.07351	0.13674	0.05753	0.02571	0.01869	0.11057	0.04643	0.00267	0.00491	0.00671	0.36071	0.00705
32	0.00919	0.00626	0.00801	0.00818	0.00952	0.00570	0.00596	0.01125	0.01505	0.05747	0.33725	0.30579	0.14791	0.01543	0.00754	0.00220	0.00340	0.03180	0.00634	0.00574
33	0.01112	0.01747	0.28414	0.03666	0.03857	0.01084	0.09494	0.03192	0.02986	0.01892	0.04072	0.31268	0.02283	0.01143	0.00695	0.00221	0.00678	0.01034	0.00422	0.00741
34	0.82504	0.01205	0.00916	0.00819	0.01205	0.01398	0.00675	0.01832	0.01060	0.02795	0.00868	0.01012	0.00675	0.00578	0.00386	0.00193	0.00482	0.00337	0.00386	0.00675
35	0.01788	0.01523	0.01677	0.08344	0.07452	0.07851	0.01187	0.22057	0.25174	0.04716	0.03626	0.05020	0.01537	0.00825	0.00698	0.00202	0.04217	0.00659	0.00533	0.00916
36	0.00912	0.00598	0.00684	0.00697	0.00714	0.00598	0.00410	0.00949	0.00965	0.01334	0.02096	0.10628	0.02366	0.63410	0.04526	0.00547	0.00584	0.00954	0.06618	0.00409
37	0.07739	0.06344	0.11413	0.06809	0.21071	0.03333	0.01402	0.08144	0.08445	0.05673	0.01360	0.01607	0.01076	0.03620	0.00667	0.00194	0.00682	0.00521	0.00394	0.09507
38	0.22968	0.29725	0.09151	0.01169	0.01668	0.10806	0.01098	0.07660	0.01451	0.07706	0.01076	0.01175	0.00844	0.00599	0.00470	0.00167	0.00689	0.00396	0.00371	0.00810
39	0.01234	0.01099	0.01736	0.12936	0.23671	0.01183	0.04241	0.03459	0.05032	0.01909	0.06887	0.13891	0.02001	0.01405	0.09501	0.00306	0.04839	0.03505	0.00409	0.00755

[dist]
# distance from previous block
# <min> <max>
0	4

[block]
# block no. 1 follows, 36 sequences, length 17
# corresponding to MSA columns:
# 155-171
name=unknown_B
#
# <colnr> <probs for GDERKNQSTAVLIFYWHMCP>
#	G	D	E	R	K	N	Q	S	T	A	V	L	I	F	Y	W	H	M	C	P
0	0.01483	0.05751	0.03312	0.04668	0.06933	0.01321	0.07028	0.09769	0.10621	0.04234	0.08994	0.01973	0.01631	0.03461	0.00770	0.00187	0.05341	0.00601	0.00449	0.21474
1	0.08210	0.01077	0.01367	0.01071	0.01513	0.00993	0.00879	0.08014	0.01798	0.56814	0.06507	0.02154	0.01705	0.00784	0.00608	0.00190	0.00514	0.00629	0.04189	0.00984
2	0.00768	0.00611	0.00689	0.00714	0.00872	0.00532	0.00518	0.00939	0.01429	0.01808	0.17795	0.22475	0.45431	0.01610	0.00750	0.00218	0.00322	0.01388	0.00598	0.00532
3	0.00838	0.00621	0.00781	0.00770	0.00911	0.00565	0.00567	0.01080	0.01617	0.02219	0.51423	0.16023	0.17422	0.01430	0.00744	0.00207	0.00308	0.01258	0.00651	0.00565
4	0.00872	0.00646	0.00787	0.00819	0.00944	0.00607	0.00585	0.03385	0.03330	0.01899	0.19933	0.35593	0.20938	0.01649	0.00839	0.04293	0.00358	0.01385	0.00591	0.00549
5	0.00805	0.00566	0.00730	0.00844	0.00878	0.00540	0.00560	0.00901	0.01145	0.01524	0.03108	0.57574	0.03688	0.18401	0.01313	0.00331	0.00427	0.05648	0.00535	0.00482
6	0.01263	0.03127	0.70450	0.01829	0.02731	0.01455	0.06631	0.01975	0.01325	0.01975	0.01127	0.01338	0.00799	0.00588	0.00601	0.00198	0.00929	0.00477	0.00266	0.00916
7	0.01522	0.01479	0.02579	0.06688	0.66625	0.01483	0.06606	0.01905	0.01415	0.02015	0.01175	0.01556	0.00978	0.00556	0.00625	0.00188	0.00765	0.00567	0.00308	0.00965
8	0.01601	0.01609	0.02054	0.09480	0.27511	0.12747	0.07230	0.05029	0.16546	0.02082	0.01731	0.03526	0.04633	0.00719	0.00632	0.00194	0.00751	0.00640	0.00407	0.00877
9	0.02108	0.01170	0.01433	0.01126	0.01564	0.03588	0.03724	0.08838	0.06800	0.36776	0.02429	0.02289	0.08121	0.00791	0.00606	0.00179	0.00539	0.00650	0.05664	0.11604
10	0.01014	0.00635	0.00748	0.00728	0.00764	0.00635	0.00439	0.01045	0.00964	0.05475	0.01970	0.03843	0.02171	0.68168	0.08413	0.00610	0.00679	0.00872	0.00397	0.00430
11	0.01597	0.01485	0.06422	0.08751	0.08535	0.04835	0.06271	0.11883	0.10468	0.06361	0.07118	0.01836	0.01469	0.00675	0.00598	0.00172	0.00651	0.00579	0.00457	0.19836
12	0.01428	0.11194	0.39181	0.03671	0.02272	0.04511	0.04759	0.04032	0.03791	0.05065	0.05730	0.01623	0.01223	0.00830	0.03486	0.00224	0.05253	0.00530	0.00343	0.00853
13	0.08434	0.30263	0.29122	0.03350	0.02074	0.03657	0.01510	0.07209	0.02955	0.04579	0.01107	0.01242	0.00855	0.00595	0.00509	0.00172	0.00753	0.00423	0.00329	0.00861
14	0.01535	0.15962	0.16901	0.01730	0.06972	0.05315	0.13227	0.03423	0.08037	0.03985	0.02656	0.01510	0.01075	0.00638	0.00682	0.00181	0.06336	0.00526	0.00354	0.08954
15	0.00992	0.00831	0.05241	0.00893	0.01073	0.00690	0.00699	0.05216	0.01472	0.04477	0.21249	0.31666	0.13389	0.08036	0.00947	0.00254	0.00417	0.01285	0.00579	0.00594
16	0.01630	0.10553	0.06082	0.04152	0.08320	0.02732	0.06220	0.11600	0.08327	0.10061	0.04558	0.02239	0.05759	0.09025	0.00877	0.00226	0.00647	0.00649	0.00466	0.05874

[dist]
# distance from previous block
# <min> <max>
0	27

[block]
# block no. 2 follows, 36 sequences, length 52
# corresponding to MSA columns:
# 199-250
name=unknown_C
#
# <colnr> <probs for GDERKNQSTAVLIFYWHMCP>
#	G	D	E	R	K	N	Q	S	T	A	V	L	I	F	Y	W	H	M	C	P
0	0.25762	0.10483	0.12589	0.03175	0.03851	0.07257	0.03157	0.14604	0.07389	0.02508	0.01184	0.01315	0.00908	0.00645	0.00560	0.00188	0.02728	0.00458	0.00402	0.00837
1	0.00999	0.00833	0.00901	0.00912	0.01011	0.06617	0.00641	0.01194	0.04379	0.01486	0.02474	0.18737	0.08019	0.24435	0.23959	0.00566	0.00887	0.00998	0.00429	0.00525
2	0.00949	0.00630	0.00714	0.00717	0.00745	0.00632	0.00427	0.03081	0.01022	0.01399	0.02114	0.11954	0.02392	0.62799	0.02670	0.00526	0.00561	0.00971	0.05272	0.00424
3	0.03749	0.09531	0.01729	0.01293	0.01673	0.13187	0.01048	0.23808	0.21078	0.02602	0.01974	0.01964	0.06987	0.00813	0.00658	0.00189	0.04145	0.00605	0.02084	0.00883
4	0.05819	0.12336	0.18144	0.04800	0.17130	0.05737	0.01519	0.09985	0.08817	0.05983	0.01343	0.01499	0.01029	0.00730	0.02362	0.00203	0.00762	0.00507	0.00389	0.00906
5	0.05530	0.20405	0.09241	0.01980	0.20315	0.14777	0.01420	0.13169	0.01667	0.04341	0.01133	0.01303	0.00905	0.00607	0.00544	0.00170	0.00780	0.00459	0.00364	0.00889
6	0.03570	0.01413	0.01458	0.01248	0.01607	0.04873	0.00983	0.27185	0.28978	0.05404	0.02148	0.11344	0.01779	0.00926	0.00633	0.00202	0.00566	0.00757	0.04007	0.00919
7	0.01415	0.01334	0.04414	0.07810	0.09178	0.03040	0.07614	0.13038	0.12271	0.02264	0.05763	0.02776	0.16322	0.03403	0.00806	0.00214	0.04243	0.00775	0.00478	0.02842
8	0.00874	0.00641	0.00805	0.00864	0.00968	0.00614	0.00614	0.04548	0.01386	0.01847	0.13947	0.46529	0.12860	0.03959	0.03840	0.00277	0.00429	0.03869	0.00581	0.00549
9	0.01592	0.03587	0.11765	0.17785	0.15759	0.06495	0.08542	0.03819	0.01395	0.08983	0.01216	0.01536	0.00936	0.00689	0.00849	0.00206	0.13111	0.00550	0.00344	0.00840
10	0.01508	0.01476	0.04579	0.08445	0.49343	0.01489	0.01689	0.02227	0.18621	0.02138	0.01493	0.01731	0.01189	0.00631	0.00621	0.00193	0.00693	0.00588	0.00383	0.00963
11	0.01252	0.06745	0.24167	0.01267	0.01714	0.07906	0.02903	0.03946	0.04603	0.01921	0.10930	0.08265	0.12568	0.06326	0.00850	0.00226	0.02452	0.00803	0.00427	0.00728
12	0.00914	0.00612	0.00723	0.00723	0.00745	0.00629	0.00439	0.00958	0.00936	0.01288	0.01923	0.03767	0.02134	0.64198	0.13722	0.00644	0.00748	0.00858	0.03627	0.00412
13	0.01471	0.04864	0.05047	0.09304	0.07701	0.05101	0.08657	0.12413	0.01624	0.05032	0.04730	0.04997	0.15908	0.00923	0.00754	0.00201	0.06459	0.00766	0.03278	0.00771
14	0.02327	0.02970	0.01766	0.01605	0.01926	0.75602	0.01204	0.02488	0.01766	0.01525	0.00963	0.01124	0.00803	0.00642	0.00562	0.00161	0.01124	0.00401	0.00321	0.00722
15	0.01783	0.61160	0.02927	0.01190	0.01664	0.16615	0.01103	0.01973	0.01352	0.01478	0.00883	0.01036	0.00801	0.00574	0.00489	0.00143	0.03415	0.00354	0.00277	0.00780
16	0.00774	0.00630	0.00685	0.00677	0.00866	0.00541	0.00505	0.00965	0.01502	0.01889	0.23512	0.07569	0.54691	0.01510	0.00738	0.00208	0.00311	0.01279	0.00606	0.00541
17	0.00890	0.00668	0.01001	0.01001	0.01113	0.00779	0.00779	0.01113	0.01001	0.01446	0.01669	0.02448	0.01558	0.04673	0.75634	0.01001	0.01669	0.00668	0.00334	0.00556
18	0.67360	0.01353	0.06868	0.06842	0.01576	0.01386	0.00893	0.01859	0.01116	0.04739	0.00953	0.01119	0.00721	0.00589	0.00428	0.00194	0.00545	0.00373	0.00379	0.00707
19	0.08146	0.04090	0.04120	0.01516	0.03655	0.44441	0.01174	0.17789	0.01898	0.02164	0.01128	0.01346	0.00921	0.04169	0.00680	0.00190	0.00929	0.00459	0.00392	0.00793
20	0.04261	0.00765	0.00961	0.00951	0.01058	0.03662	0.00708	0.01152	0.01014	0.01455	0.01670	0.02675	0.01639	0.19524	0.54703	0.00854	0.01380	0.00693	0.00344	0.00531
21	0.01471	0.10814	0.26490	0.01829	0.08662	0.10364	0.11809	0.04037	0.03724	0.01877	0.01344	0.05960	0.01160	0.03973	0.03611	0.00237	0.00882	0.00601	0.00331	0.00824
22	0.01160	0.00610	0.00692	0.00678	0.00820	0.00617	0.00509	0.01405	0.01271	0.04654	0.05398	0.02461	0.01784	0.03031	0.10449	0.04407	0.00499	0.00625	0.58357	0.00574
23	0.01003	0.00764	0.00973	0.00968	0.03340	0.00779	0.03071	0.01317	0.10072	0.01665	0.11389	0.10369	0.05493	0.39827	0.05942	0.00451	0.00595	0.00973	0.00468	0.00542
24	0.01384	0.01027	0.01222	0.00953	0.01392	0.00859	0.00751	0.01800	0.08609	0.09615	0.12221	0.06012	0.01983	0.00730	0.00554	0.00138	0.00442	0.00615	0.00495	0.49199
25	0.01771	0.15241	0.01837	0.07256	0.05299	0.09439	0.01076	0.05574	0.12427	0.14538	0.04229	0.07616	0.01563	0.00803	0.00635	0.00183	0.03296	0.00636	0.00481	0.06100
26	0.08134	0.01428	0.08465	0.04890	0.08079	0.01225	0.06591	0.13178	0.01654	0.09843	0.06826	0.01946	0.05147	0.00698	0.00586	0.00172	0.00616	0.00589	0.00463	0.19472
27	0.01527	0.09043	0.39069	0.02122	0.17323	0.09695	0.03960	0.05239	0.02742	0.01995	0.01138	0.01352	0.00869	0.00595	0.00584	0.00185	0.00869	0.00480	0.00304	0.00908
28	0.00874	0.00648	0.00847	0.00887	0.00965	0.00681	0.00640	0.01029	0.01182	0.01646	0.06731	0.35460	0.10343	0.07203	0.15636	0.00408	0.06226	0.01235	0.06829	0.00533
29	0.02255	0.02678	0.01666	0.01503	0.01822	0.64790	0.01134	0.04706	0.01769	0.04217	0.01115	0.01263	0.00898	0.00657	0.00556	0.00161	0.01024	0.00428	0.06622	0.00734
30	0.31700	0.04037	0.01556	0.03801	0.07399	0.03232	0.04246	0.14295	0.05346	0.13005	0.01397	0.01479	0.01022	0.00653	0.00523	0.00188	0.00596	0.00492	0.04186	0.00847
31	0.00805	0.00605	0.00743	0.00797	0.00916	0.00550	0.00578	0.00980	0.01397	0.01833	0.20261	0.32659	0.24260	0.04164	0.00848	0.00242	0.00358	0.06876	0.00596	0.00532
32	0.01684	0.01735	0.02340	0.03238	0.55155	0.14271	0.01736	0.03635	0.01482	0.01956	0.01120	0.01457	0.00945	0.00611	0.00704	0.00187	0.05977	0.00528	0.00316	0.00922
33	0.04184	0.01145	0.01318	0.01119	0.01478	0.01199	0.00888	0.08825	0.30099	0.22283	0.16136	0.02686	0.04066	0.00907	0.00645	0.00201	0.00478	0.00754	0.00672	0.00917
34	0.01497	0.01274	0.01353	0.01227	0.01561	0.01456	0.00955	0.05304	0.63047	0.02551	0.02727	0.05223	0.05292	0.00938	0.00650	0.00214	0.00489	0.02674	0.00628	0.00939
35	0.00791	0.00627	0.00705	0.00697	0.00870	0.00547	0.00515	0.00985	0.01503	0.01931	0.28169	0.09973	0.45109	0.03808	0.00813	0.00220	0.00320	0.01269	0.00608	0.00541
36	0.00795	0.00668	0.00694	0.00682	0.00892	0.00585	0.00513	0.01050	0.05087	0.01827	0.14140	0.05651	0.62238	0.01505	0.00731	0.00209	0.00322	0.01262	0.00594	0.00557
37	0.01099	0.00968	0.01374	0.01255	0.01308	0.01261	0.01004	0.01266	0.00973	0.01451	0.01318	0.02100	0.01289	0.08919	0.37558	0.00650	0.34667	0.00633	0.00310	0.00597
38	0.01292	0.01107	0.01292	0.00923	0.01477	0.00831	0.00738	0.01569	0.01292	0.02030	0.01107	0.01292	0.00923	0.00461	0.00461	0.00092	0.00461	0.00369	0.00369	0.81912
39	0.02795	0.01060	0.01446	0.01109	0.01591	0.00916	0.00916	0.03036	0.01783	0.74648	0.02458	0.02121	0.01542	0.00771	0.00627	0.00193	0.00530	0.00627	0.00771	0.01060
40	0.01650	0.01388	0.01465	0.01288	0.01658	0.01596	0.01010	0.11714	0.64525	0.02768	0.02409	0.02223	0.01799	0.00833	0.00633	0.00208	0.00517	0.00687	0.00633	0.00995
41	0.01466	0.21098	0.37612	0.04787	0.06130	0.01715	0.10656	0.04403	0.01393	0.03600	0.01121	0.01335	0.00850	0.00578	0.00568	0.00183	0.00845	0.00480	0.00298	0.00883
42	0.01546	0.01578	0.04669	0.06890	0.61647	0.04452	0.04121	0.01964	0.03412	0.02007	0.01200	0.01550	0.00990	0.00570	0.00618	0.00187	0.00768	0.00556	0.00315	0.00956
43	0.01362	0.01461	0.05314	0.01682	0.01749	0.01874	0.04237	0.01541	0.00991	0.01541	0.00849	0.01374	0.00822	0.01045	0.01926	0.00267	0.70443	0.00549	0.00274	0.00699
44	0.00743	0.00624	0.00639	0.00650	0.00841	0.00527	0.00478	0.00893	0.01388	0.01662	0.05968	0.11222	0.66641	0.03928	0.00815	0.00225	0.00328	0.01336	0.00572	0.00520
45	0.01514	0.09666	0.25886	0.01612	0.05494	0.04199	0.10730	0.03702	0.01463	0.11258	0.05589	0.08329	0.04479	0.02499	0.00684	0.00204	0.00743	0.00701	0.00414	0.00834
46	0.01542	0.01480	0.02529	0.03824	0.74217	0.01480	0.01912	0.01912	0.01419	0.02036	0.01172	0.01542	0.00987	0.00555	0.00617	0.00185	0.00740	0.00555	0.00308	0.00987
47	0.00922	0.00659	0.00893	0.00884	0.00942	0.00734	0.00626	0.01028	0.00952	0.01335	0.01729	0.03033	0.01791	0.33654	0.40690	0.04911	0.03644	0.00752	0.00346	0.00475
48	0.01723	0.01584	0.09796	0.05620	0.08499	0.01485	0.04739	0.29175	0.09999	0.04281	0.03226	0.06742	0.03107	0.00832	0.00637	0.00198	0.00659	0.02173	0.04618	0.00908
49	0.01626	0.03835	0.07561	0.12509	0.08854	0.03186	0.07748	0.05149	0.03534	0.17992	0.05958	0.02572	0.13578	0.00849	0.00675	0.00198	0.02130	0.00729	0.00489	0.00828
50	0.01537	0.01545	0.02796	0.02477	0.18168	0.03338	0.37444	0.06873	0.03260	0.02157	0.01321	0.01660	0.01027	0.00584	0.00692	0.00193	0.02791	0.00640	0.06530	0.04966
51	0.01525	0.08383	0.22054	0.05603	0.06341	0.09543	0.14833	0.02066	0.06655	0.03759	0.01237	0.01461	0.00951	0.00604	0.00640	0.00182	0.03319	0.00520	0.00335	0.09990

[dist]
# distance from previous block
# <min> <max>
0	1

[block]
# block no. 3 follows, 36 sequences, length 20
# corresponding to MSA columns:
# 252-271
name=unknown_D
#
# <colnr> <probs for GDERKNQSTAVLIFYWHMCP>
#	G	D	E	R	K	N	Q	S	T	A	V	L	I	F	Y	W	H	M	C	P
0	0.01133	0.00880	0.01195	0.05532	0.12828	0.00899	0.00891	0.06971	0.03410	0.02069	0.14324	0.17759	0.08978	0.06755	0.05541	0.00281	0.00554	0.00994	0.08340	0.00667
1	0.01106	0.00977	0.01391	0.04117	0.01413	0.01270	0.01024	0.01276	0.00980	0.01450	0.01312	0.02122	0.01286	0.10687	0.33510	0.00616	0.33922	0.00636	0.00310	0.00597
2	0.00889	0.00668	0.00775	0.00810	0.00976	0.00613	0.00605	0.01146	0.05510	0.04138	0.07956	0.26799	0.36985	0.01619	0.00756	0.00229	0.00370	0.07992	0.00592	0.00571
3	0.00806	0.00628	0.00719	0.00705	0.00871	0.00555	0.00518	0.01007	0.01520	0.01980	0.33128	0.08135	0.39735	0.05877	0.00878	0.00229	0.00325	0.01233	0.00610	0.00542
4	0.01633	0.21955	0.26121	0.03641	0.02178	0.18474	0.05579	0.05254	0.01480	0.01801	0.01182	0.05769	0.01016	0.00673	0.00559	0.00177	0.00863	0.00516	0.00316	0.00816
5	0.01250	0.03223	0.74875	0.01776	0.02697	0.01447	0.02302	0.01973	0.01315	0.01973	0.01118	0.01315	0.00789	0.00592	0.00592	0.00197	0.00921	0.00460	0.00263	0.00921
6	0.01550	0.01338	0.01409	0.01268	0.01620	0.01550	0.00986	0.03311	0.73091	0.02606	0.02536	0.02325	0.01902	0.00845	0.00634	0.00211	0.00493	0.00704	0.00634	0.00986
7	0.05165	0.01077	0.03011	0.00969	0.01438	0.00867	0.00798	0.01735	0.01323	0.13456	0.01565	0.01734	0.03549	0.01157	0.11219	0.00249	0.00652	0.00485	0.00433	0.49119
8	0.01468	0.14651	0.47532	0.01694	0.05760	0.01554	0.03847	0.02016	0.01362	0.08474	0.03158	0.01451	0.01011	0.00627	0.00613	0.00189	0.02881	0.00488	0.00325	0.00900
9	0.00883	0.05375	0.00998	0.00918	0.01049	0.00720	0.03009	0.01100	0.04460	0.01670	0.03511	0.52644	0.13955	0.01756	0.02738	0.00253	0.00435	0.01475	0.02487	0.00563
10	0.00891	0.00664	0.00981	0.00981	0.01085	0.00768	0.00754	0.01100	0.00995	0.01431	0.01687	0.02550	0.01602	0.09271	0.71097	0.00976	0.01602	0.00682	0.00337	0.00545
11	0.01643	0.02271	0.23387	0.02374	0.22084	0.13704	0.11703	0.07728	0.05272	0.02109	0.01231	0.01464	0.00947	0.00606	0.00619	0.00190	0.00882	0.00536	0.00340	0.00909
12	0.01723	0.09798	0.12790	0.04257	0.18268	0.08866	0.11263	0.15121	0.07749	0.02300	0.01298	0.01494	0.01002	0.00625	0.00605	0.00186	0.00810	0.00542	0.00385	0.00918
13	0.00816	0.00623	0.00750	0.00741	0.00897	0.00556	0.00547	0.01040	0.01574	0.02104	0.41821	0.14145	0.29197	0.01463	0.00743	0.00208	0.00310	0.01271	0.00635	0.00556
14	0.01368	0.01150	0.01227	0.01117	0.01421	0.01288	0.00864	0.02726	0.54101	0.02491	0.12232	0.02993	0.09552	0.00970	0.00650	0.00207	0.00442	0.00816	0.03513	0.00874
15	0.00831	0.00643	0.00956	0.01091	0.04310	0.00605	0.04320	0.00973	0.01217	0.01631	0.03221	0.70363	0.03817	0.01816	0.00784	0.00248	0.00414	0.01663	0.00553	0.00545
16	0.01304	0.01118	0.01297	0.00939	0.01483	0.00864	0.00750	0.01649	0.04602	0.02057	0.01173	0.01340	0.00968	0.00479	0.00469	0.00098	0.00463	0.00385	0.00381	0.78181
17	0.05016	0.01068	0.01518	0.06029	0.01581	0.01362	0.03754	0.01356	0.01026	0.01552	0.01434	0.02127	0.04489	0.09375	0.20640	0.00477	0.35612	0.00644	0.00320	0.00620
18	0.00782	0.00615	0.00765	0.05517	0.01094	0.00572	0.00611	0.00937	0.01308	0.01667	0.07593	0.42587	0.30305	0.01697	0.00760	0.00232	0.00370	0.01494	0.00564	0.00529
19	0.01320	0.02086	0.32255	0.01596	0.04428	0.04725	0.06549	0.03533	0.16631	0.02098	0.05238	0.13248	0.01794	0.00883	0.00649	0.00207	0.00724	0.00764	0.00425	0.00846

[dist]
# distance from previous block
# <min> <max>
1	7

[block]
# block no. 4 follows, 36 sequences, length 25
# corresponding to MSA columns:
# 279-303
name=unknown_E
#
# <colnr> <probs for GDERKNQSTAVLIFYWHMCP>
#	G	D	E	R	K	N	Q	S	T	A	V	L	I	F	Y	W	H	M	C	P
0	0.01491	0.03910	0.42996	0.01695	0.05099	0.06564	0.05157	0.08300	0.01524	0.05338	0.01429	0.04753	0.01148	0.00719	0.00611	0.00196	0.00826	0.03358	0.04012	0.00876
1	0.01600	0.05105	0.02960	0.02265	0.08120	0.05032	0.42834	0.11962	0.01649	0.02185	0.01466	0.01783	0.03937	0.00773	0.03465	0.00230	0.02740	0.00680	0.00367	0.00849
2	0.00927	0.00692	0.00741	0.00776	0.00801	0.03952	0.00473	0.00966	0.01029	0.01334	0.02348	0.25442	0.02741	0.52379	0.02360	0.00482	0.00557	0.01136	0.00434	0.00431
3	0.02128	0.10482	0.01928	0.03741	0.01906	0.17470	0.01155	0.40188	0.06734	0.02894	0.01444	0.04514	0.01146	0.00753	0.00593	0.00180	0.00755	0.00560	0.00508	0.00921
4	0.00768	0.00561	0.00723	0.00833	0.00899	0.00516	0.00567	0.00899	0.01272	0.01685	0.10302	0.62816	0.12171	0.01847	0.00783	0.00243	0.00350	0.01660	0.00588	0.00516
5	0.01450	0.12854	0.26497	0.02064	0.02758	0.03440	0.35508	0.02027	0.03826	0.01924	0.01196	0.01477	0.00904	0.00562	0.00635	0.00194	0.00938	0.00582	0.00303	0.00863
6	0.01082	0.00541	0.00812	0.00812	0.00812	0.00541	0.00541	0.00812	0.00812	0.01082	0.01082	0.01894	0.01082	0.02165	0.02435	0.81872	0.00541	0.00541	0.00271	0.00271
7	0.00856	0.00629	0.00803	0.00775	0.00919	0.00575	0.00575	0.01121	0.01681	0.02338	0.60994	0.10753	0.12937	0.01361	0.00740	0.00202	0.00302	0.01199	0.00666	0.00575
8	0.01045	0.11757	0.01326	0.01008	0.01195	0.01058	0.00809	0.01373	0.06777	0.01545	0.01808	0.05127	0.03307	0.05865	0.52256	0.00757	0.01321	0.00686	0.00364	0.00617
9	0.02327	0.02970	0.01766	0.01605	0.01926	0.75602	0.01204	0.02488	0.01766	0.01525	0.00963	0.01124	0.00803	0.00642	0.00562	0.00161	0.01124	0.00401	0.00321	0.00722
10	0.00768	0.00632	0.00674	0.00664	0.00861	0.00539	0.00498	0.00955	0.01494	0.01858	0.20822	0.05708	0.59344	0.01513	0.00736	0.00207	0.00311	0.01275	0.00602	0.00539
11	0.00758	0.00548	0.00717	0.00851	0.00899	0.00507	0.00571	0.00869	0.01209	0.01597	0.03635	0.72688	0.09000	0.01926	0.00791	0.00250	0.00358	0.01739	0.00578	0.00507
12	0.01477	0.16336	0.53457	0.01604	0.02393	0.06628	0.01937	0.02045	0.01362	0.05671	0.01134	0.01289	0.00832	0.00594	0.00558	0.00183	0.00869	0.00443	0.00294	0.00893
13	0.19022	0.01329	0.01692	0.01458	0.01542	0.01797	0.01213	0.01572	0.00977	0.01782	0.00829	0.01287	0.00787	0.00979	0.01684	0.00255	0.60318	0.00500	0.00297	0.00680
14	0.01505	0.01425	0.02332	0.11181	0.58571	0.01478	0.01787	0.02038	0.09592	0.02054	0.01321	0.01644	0.01075	0.00595	0.00619	0.00190	0.00721	0.00572	0.00342	0.00956
15	0.02217	0.01337	0.01887	0.01720	0.12220	0.01346	0.07499	0.18652	0.03376	0.32389	0.01832	0.01823	0.01266	0.00730	0.00706	0.00195	0.04980	0.00606	0.04236	0.00985
16	0.01250	0.03223	0.74875	0.01776	0.02697	0.01447	0.02302	0.01973	0.01315	0.01973	0.01118	0.01315	0.00789	0.00592	0.00592	0.00197	0.00921	0.00460	0.00263	0.00921
17	0.01529	0.01420	0.05189	0.02006	0.12302	0.01364	0.23560	0.04934	0.14954	0.08087	0.06430	0.05475	0.01701	0.04596	0.00848	0.00227	0.03310	0.00751	0.00459	0.00859
18	0.01506	0.49616	0.30729	0.01338	0.02020	0.02075	0.01540	0.01907	0.01285	0.01660	0.00963	0.01121	0.00796	0.00556	0.00473	0.00158	0.00764	0.00382	0.00265	0.00846
19	0.01320	0.01259	0.01955	0.60666	0.13691	0.04420	0.01713	0.04421	0.01356	0.01741	0.01126	0.01617	0.00860	0.00619	0.00620	0.00202	0.00824	0.00548	0.00296	0.00748
20	0.00774	0.00633	0.00684	0.00671	0.00865	0.00542	0.00503	0.00967	0.01509	0.01895	0.23883	0.05647	0.56260	0.01499	0.00736	0.00207	0.00310	0.01266	0.00606	0.00542
21	0.00816	0.00632	0.00749	0.00730	0.00899	0.00566	0.00546	0.01042	0.01566	0.02075	0.39528	0.07676	0.34840	0.01566	0.03780	0.00237	0.00361	0.01211	0.00622	0.00557
22	0.00973	0.00724	0.00958	0.00924	0.01004	0.00820	0.00676	0.02815	0.01059	0.01498	0.04045	0.03059	0.04157	0.28585	0.36572	0.00713	0.07267	0.00767	0.02865	0.00520
23	0.01356	0.08485	0.59079	0.06939	0.02671	0.07125	0.02090	0.01978	0.01341	0.01876	0.01087	0.01302	0.00794	0.00594	0.00578	0.00191	0.00911	0.00453	0.00269	0.00881
24	0.01798	0.63686	0.02980	0.01159	0.01663	0.11563	0.01092	0.06852	0.01445	0.01645	0.00922	0.01050	0.00818	0.00562	0.00436	0.00140	0.00725	0.00358	0.00298	0.00808

[dist]
# distance from previous block
# <min> <max>
2	4

[block]
# block no. 5 follows, 36 sequences, length 16
# corresponding to MSA columns:
# 309-324
name=unknown_F
#
# <colnr> <probs for GDERKNQSTAVLIFYWHMCP>
#	G	D	E	R	K	N	Q	S	T	A	V	L	I	F	Y	W	H	M	C	P
0	0.01501	0.09486	0.13275	0.01752	0.17434	0.04888	0.01311	0.04100	0.01409	0.03895	0.01139	0.01340	0.00918	0.00535	0.00523	0.00142	0.00655	0.00434	0.00345	0.34917
1	0.03412	0.15497	0.31404	0.04074	0.18713	0.04704	0.01747	0.03957	0.03256	0.01989	0.04759	0.01505	0.01126	0.00621	0.00568	0.00182	0.00782	0.00500	0.00321	0.00883
2	0.01481	0.04702	0.08691	0.01332	0.04858	0.12316	0.01079	0.06575	0.25116	0.02220	0.09950	0.04841	0.12355	0.00940	0.00638	0.00196	0.00609	0.00767	0.00517	0.00816
3	0.82504	0.01205	0.00916	0.00819	0.01205	0.01398	0.00675	0.01832	0.01060	0.02795	0.00868	0.01012	0.00675	0.00578	0.00386	0.00193	0.00482	0.00337	0.00386	0.00675
4	0.00906	0.00604	0.00680	0.00680	0.00680	0.00604	0.00378	0.00906	0.00906	0.01208	0.01963	0.04077	0.02265	0.78103	0.03171	0.00604	0.00604	0.00906	0.00378	0.00378
5	0.00820	0.00635	0.00749	0.00740	0.00911	0.00565	0.00561	0.01045	0.01570	0.02065	0.37123	0.08320	0.35799	0.01461	0.00745	0.00210	0.00322	0.05175	0.00628	0.00556
6	0.00782	0.00566	0.00745	0.00880	0.00939	0.00529	0.00614	0.00913	0.01233	0.01625	0.03621	0.65490	0.08941	0.01902	0.00798	0.00254	0.00380	0.08696	0.00578	0.00514
7	0.00905	0.00615	0.00800	0.00825	0.00943	0.00564	0.00591	0.01109	0.01499	0.05234	0.36467	0.35859	0.09120	0.01560	0.00756	0.00221	0.00335	0.01392	0.00637	0.00570
8	0.01430	0.01287	0.01434	0.01181	0.05057	0.05271	0.00885	0.04398	0.08354	0.02108	0.01245	0.01405	0.01015	0.00548	0.00556	0.00122	0.03380	0.00426	0.00395	0.59502
9	0.01666	0.78478	0.03265	0.01066	0.01599	0.02465	0.01066	0.01866	0.01266	0.01466	0.00866	0.00999	0.00800	0.00533	0.00400	0.00133	0.00666	0.00333	0.00267	0.00800
10	0.00768	0.00546	0.00720	0.00856	0.00890	0.00512	0.00566	0.00870	0.01175	0.01567	0.03343	0.73119	0.04005	0.06687	0.00943	0.00275	0.00377	0.01717	0.00566	0.00498
11	0.01542	0.01480	0.02529	0.03824	0.74217	0.01480	0.01912	0.01912	0.01419	0.02036	0.01172	0.01542	0.00987	0.00555	0.00617	0.00185	0.00740	0.00555	0.00308	0.00987
12	0.01082	0.00541	0.00812	0.00812	0.00812	0.00541	0.00541	0.00812	0.00812	0.01082	0.01082	0.01894	0.01082	0.02165	0.02435	0.81872	0.00541	0.00541	0.00271	0.00271
13	0.01846	0.58121	0.02867	0.01202	0.01687	0.18441	0.01102	0.05515	0.01458	0.01602	0.00919	0.01051	0.00813	0.00568	0.00446	0.00142	0.00767	0.00359	0.00296	0.00796
14	0.68533	0.04918	0.01095	0.00939	0.03780	0.01394	0.00738	0.01874	0.01127	0.05970	0.01002	0.01138	0.00772	0.00591	0.00408	0.00188	0.00494	0.00369	0.03965	0.00705
15	0.01363	0.01708	0.17036	0.08753	0.16958	0.01354	0.17848	0.06754	0.03323	0.02144	0.09360	0.03970	0.05111	0.00744	0.00663	0.00200	0.00769	0.00710	0.00389	0.00842

[dist]
# distance from previous block
# <min> <max>
0	1

[block]
# block no. 6 follows, 36 sequences, length 13
# corresponding to MSA columns:
# 326-338
name=unknown_G
#
# <colnr> <probs for GDERKNQSTAVLIFYWHMCP>
#	G	D	E	R	K	N	Q	S	T	A	V	L	I	F	Y	W	H	M	C	P
0	0.01042	0.00869	0.01185	0.06416	0.12195	0.00866	0.00897	0.01457	0.09711	0.02009	0.18899	0.23175	0.12957	0.01261	0.00703	0.00210	0.00448	0.01119	0.00540	0.04041
1	0.01570	0.16913	0.37703	0.01661	0.05201	0.07186	0.06288	0.02058	0.01393	0.08044	0.01184	0.01342	0.00882	0.00586	0.00559	0.00176	0.00829	0.00462	0.00323	0.05641
2	0.01718	0.09601	0.01823	0.01385	0.01782	0.10611	0.05433	0.08622	0.46839	0.02428	0.02009	0.01934	0.01527	0.00761	0.00606	0.00195	0.00637	0.00619	0.00537	0.00932
3	0.00759	0.00542	0.00723	0.00868	0.00904	0.00506	0.00578	0.00868	0.01193	0.01591	0.03434	0.77697	0.04121	0.01952	0.00795	0.00253	0.00361	0.01771	0.00578	0.00506
4	0.01197	0.00972	0.01418	0.01571	0.13632	0.01103	0.01056	0.09201	0.01284	0.01827	0.01508	0.02115	0.01355	0.03296	0.49591	0.00723	0.06471	0.00628	0.00358	0.00694
5	0.00793	0.00567	0.00721	0.00816	0.00892	0.00523	0.00561	0.00941	0.01301	0.01760	0.13264	0.56073	0.12031	0.01758	0.00763	0.00235	0.00344	0.01574	0.04560	0.00523
6	0.00814	0.00616	0.00758	0.00857	0.00946	0.00587	0.00591	0.01053	0.06546	0.01681	0.03854	0.60009	0.15759	0.01807	0.00773	0.00243	0.00363	0.01615	0.00583	0.00545
7	0.08306	0.01023	0.01339	0.01052	0.01489	0.00914	0.00862	0.02742	0.01729	0.61436	0.10316	0.02324	0.01964	0.00813	0.00621	0.00193	0.00500	0.00662	0.00734	0.00980
8	0.00755	0.00589	0.00686	0.00752	0.00876	0.00520	0.00530	0.00898	0.01332	0.01685	0.08780	0.40022	0.36879	0.01739	0.00764	0.00230	0.00336	0.01521	0.00585	0.00520
9	0.01272	0.00876	0.01065	0.00889	0.01204	0.00776	0.00694	0.04032	0.05250	0.10419	0.35735	0.03409	0.09521	0.00998	0.00645	0.00171	0.00388	0.00855	0.00602	0.21198
10	0.01219	0.01132	0.01551	0.25960	0.06229	0.05229	0.01245	0.01445	0.01158	0.01535	0.01477	0.04821	0.01477	0.16892	0.01513	0.00310	0.18977	0.06869	0.00336	0.00626
11	0.01510	0.01512	0.02545	0.06731	0.26157	0.06834	0.25886	0.01891	0.01455	0.04494	0.03832	0.06655	0.01336	0.00672	0.00661	0.00193	0.00817	0.00696	0.00360	0.05763
12	0.01261	0.01183	0.01908	0.51517	0.15296	0.01418	0.01643	0.01729	0.06140	0.01727	0.01277	0.04343	0.01044	0.00707	0.00730	0.00210	0.06190	0.00606	0.00317	0.00753

[dist]
# distance from previous block
# <min> <max>
0	1

[block]
# block no. 7 follows, 36 sequences, length 23
# corresponding to MSA columns:
# 340-362
name=unknown_H
#
# <colnr> <probs for GDERKNQSTAVLIFYWHMCP>
#	G	D	E	R	K	N	Q	S	T	A	V	L	I	F	Y	W	H	M	C	P
0	0.00745	0.00623	0.00648	0.00659	0.00851	0.00527	0.00488	0.00904	0.01414	0.01709	0.08876	0.12545	0.64680	0.01600	0.00742	0.00214	0.00319	0.01349	0.00583	0.00527
1	0.01407	0.01339	0.02282	0.14641	0.50813	0.01363	0.05188	0.01770	0.01385	0.01949	0.03219	0.06402	0.01283	0.00667	0.00632	0.00191	0.00724	0.00648	0.00333	0.03763
2	0.02295	0.01674	0.01791	0.01381	0.01859	0.01850	0.01139	0.67822	0.02830	0.03829	0.01529	0.01546	0.01092	0.00747	0.00612	0.00184	0.00661	0.00562	0.05567	0.01030
3	0.00770	0.00573	0.00719	0.00824	0.00907	0.00523	0.00574	0.00904	0.01277	0.01660	0.07020	0.55959	0.19474	0.01832	0.00783	0.00243	0.00357	0.04502	0.00583	0.00517
4	0.01177	0.01107	0.01869	0.76606	0.04291	0.01384	0.01730	0.01592	0.01246	0.01592	0.01107	0.01661	0.00831	0.00623	0.00623	0.00208	0.00831	0.00554	0.00277	0.00692
5	0.01535	0.54738	0.25855	0.01290	0.01945	0.02144	0.01456	0.01900	0.01282	0.01626	0.00946	0.01099	0.00796	0.00552	0.00460	0.00153	0.00747	0.00373	0.00265	0.00838
6	0.00759	0.00542	0.00723	0.00868	0.00904	0.00506	0.00578	0.00868	0.01193	0.01591	0.03434	0.77697	0.04121	0.01952	0.00795	0.00253	0.00361	0.01771	0.00578	0.00506
7	0.01865	0.08384	0.01866	0.13867	0.06006	0.34499	0.01265	0.04268	0.18158	0.01871	0.01368	0.01511	0.01078	0.00675	0.00580	0.00180	0.00861	0.00503	0.00389	0.00807
8	0.07368	0.05000	0.19595	0.01576	0.05922	0.01404	0.06604	0.12008	0.01681	0.26999	0.01600	0.01622	0.01099	0.00686	0.00661	0.00195	0.03979	0.00546	0.00501	0.00953
9	0.01897	0.06067	0.11300	0.01638	0.08353	0.07868	0.03144	0.23450	0.13748	0.08396	0.01616	0.03270	0.01228	0.00737	0.00644	0.00191	0.02760	0.00581	0.02170	0.00943
10	0.01376	0.04671	0.01967	0.01611	0.01634	0.01932	0.01350	0.01515	0.00968	0.01498	0.00820	0.01348	0.00817	0.01067	0.01974	0.00267	0.73690	0.00536	0.00272	0.00687
11	0.00767	0.00548	0.00730	0.00862	0.00905	0.00511	0.00579	0.00887	0.01229	0.01647	0.07839	0.73130	0.04231	0.01910	0.00791	0.00249	0.00357	0.01731	0.00585	0.00511
12	0.01399	0.03687	0.01407	0.00973	0.01521	0.00981	0.00788	0.07795	0.01435	0.02179	0.01134	0.01300	0.00931	0.00489	0.00474	0.00102	0.00488	0.00385	0.00388	0.72145
13	0.00759	0.00542	0.00723	0.00868	0.00904	0.00506	0.00578	0.00868	0.01193	0.01591	0.03434	0.77697	0.04121	0.01952	0.00795	0.00253	0.00361	0.01771	0.00578	0.00506
14	0.00759	0.00542	0.00723	0.00868	0.00904	0.00506	0.00578	0.00868	0.01193	0.01591	0.03434	0.77697	0.04121	0.01952	0.00795	0.00253	0.00361	0.01771	0.00578	0.00506
15	0.01387	0.01482	0.07610	0.28242	0.40015	0.01467	0.03949	0.01793	0.01334	0.01856	0.01134	0.01562	0.00911	0.00603	0.00682	0.00198	0.04065	0.00553	0.00293	0.00865
16	0.02217	0.02791	0.01776	0.08807	0.02153	0.68475	0.01254	0.02402	0.01716	0.01531	0.00977	0.01175	0.00805	0.00640	0.00568	0.00165	0.01095	0.00416	0.00317	0.00719
17	0.00783	0.00621	0.00704	0.00708	0.00877	0.00542	0.00522	0.00976	0.01494	0.01918	0.26370	0.14935	0.44274	0.01535	0.00744	0.00212	0.00315	0.01318	0.00611	0.00542
18	0.01198	0.01134	0.01994	0.41713	0.12739	0.01274	0.10795	0.01576	0.01278	0.01699	0.01447	0.07934	0.01288	0.01117	0.07571	0.00284	0.00879	0.03035	0.00325	0.00719
19	0.01559	0.28915	0.16682	0.01642	0.07126	0.05945	0.09567	0.05002	0.09142	0.01895	0.01245	0.01439	0.01005	0.00853	0.05239	0.00225	0.00836	0.00494	0.00336	0.00853
20	0.06873	0.01650	0.08937	0.12847	0.24357	0.06574	0.01515	0.12048	0.03834	0.13285	0.01407	0.01580	0.01036	0.00645	0.00600	0.00190	0.00734	0.00538	0.00430	0.00922
21	0.54574	0.01215	0.01082	0.00920	0.01311	0.01351	0.00754	0.12680	0.01446	0.09775	0.01414	0.01479	0.04014	0.00674	0.00463	0.00190	0.00500	0.00455	0.04944	0.00759
22	0.01514	0.01190	0.01529	0.01758	0.19514	0.01248	0.01101	0.06535	0.27149	0.08298	0.02708	0.08100	0.11921	0.00941	0.00648	0.00202	0.00527	0.00812	0.03421	0.00882

[dist]
# distance from previous block
# <min> <max>
0	11

[block]
# block no. 8 follows, 36 sequences, length 72
# corresponding to MSA columns:
# 381-452
name=unknown_I
#
# <colnr> <probs for GDERKNQSTAVLIFYWHMCP>
#	G	D	E	R	K	N	Q	S	T	A	V	L	I	F	Y	W	H	M	C	P
0	0.01775	0.08909	0.22256	0.02113	0.21667	0.01414	0.05560	0.04434	0.01509	0.19615	0.01526	0.03935	0.01147	0.00663	0.00605	0.00189	0.00736	0.00574	0.00423	0.00949
1	0.02176	0.00964	0.01275	0.01080	0.03202	0.00865	0.00840	0.02494	0.05327	0.49467	0.11351	0.05564	0.07691	0.00934	0.00647	0.00196	0.00473	0.00783	0.03753	0.00918
2	0.00742	0.00629	0.00641	0.00643	0.00847	0.00528	0.00480	0.00904	0.01427	0.01711	0.08776	0.07799	0.69601	0.01576	0.00738	0.00211	0.00316	0.01320	0.00583	0.00528
3	0.01505	0.01774	0.20211	0.06349	0.22767	0.03161	0.04804	0.07480	0.01476	0.07462	0.01522	0.05780	0.01322	0.09141	0.00909	0.00242	0.00757	0.02105	0.00383	0.00852
4	0.01516	0.05984	0.42584	0.02102	0.16247	0.06151	0.03646	0.09102	0.03088	0.02146	0.01180	0.01382	0.00884	0.00605	0.00594	0.00189	0.00858	0.00491	0.00321	0.00929
5	0.01421	0.01353	0.02300	0.23723	0.53099	0.01428	0.01827	0.01797	0.01365	0.01902	0.01214	0.03575	0.01026	0.00610	0.00623	0.00193	0.00755	0.00587	0.00307	0.00893
6	0.00906	0.00683	0.00999	0.00991	0.01088	0.00797	0.00759	0.01105	0.00991	0.01425	0.01670	0.02569	0.01602	0.11528	0.66471	0.00941	0.03910	0.00686	0.00336	0.00543
7	0.41239	0.06089	0.01584	0.01456	0.09440	0.17127	0.02855	0.04145	0.01320	0.02282	0.00947	0.01152	0.00773	0.00631	0.00595	0.00188	0.06673	0.00408	0.00353	0.00743
8	0.00776	0.00590	0.00714	0.00773	0.00889	0.00529	0.00546	0.00937	0.01381	0.01801	0.18355	0.39523	0.27546	0.01694	0.00764	0.00228	0.00333	0.01493	0.00600	0.00529
9	0.06541	0.17166	0.03159	0.01071	0.01557	0.08513	0.02643	0.03518	0.01377	0.03821	0.01301	0.03829	0.02738	0.00602	0.00488	0.00133	0.00589	0.00458	0.02555	0.37941
10	0.18486	0.01336	0.01520	0.07712	0.04784	0.01415	0.01040	0.24536	0.05236	0.15761	0.03453	0.01629	0.01201	0.00690	0.00563	0.00183	0.00590	0.00529	0.00536	0.08799
11	0.02130	0.09114	0.01904	0.01372	0.01835	0.05294	0.01133	0.47949	0.17203	0.03306	0.01625	0.01602	0.01197	0.00742	0.00601	0.00186	0.00664	0.00561	0.00577	0.01004
12	0.01413	0.01746	0.09926	0.11129	0.03280	0.01551	0.55431	0.01933	0.01416	0.01933	0.01217	0.01636	0.00914	0.00559	0.00746	0.00210	0.03145	0.00684	0.00305	0.00826
13	0.00762	0.00551	0.00721	0.00850	0.00901	0.00510	0.00572	0.00879	0.01225	0.01625	0.05860	0.70838	0.08591	0.01907	0.00790	0.00249	0.00356	0.01722	0.00582	0.00510
14	0.01196	0.01127	0.01904	0.72709	0.08035	0.01389	0.01740	0.01609	0.01255	0.01616	0.01111	0.01655	0.00839	0.00619	0.00623	0.00206	0.00826	0.00554	0.00279	0.00708
15	0.00991	0.00688	0.00791	0.00782	0.01002	0.00602	0.00621	0.01189	0.01479	0.08705	0.09731	0.05733	0.49675	0.01508	0.00749	0.00222	0.00382	0.13956	0.00603	0.00590
16	0.00892	0.00659	0.00958	0.00958	0.01055	0.00755	0.00725	0.01085	0.00989	0.01415	0.01708	0.02666	0.01652	0.14492	0.65944	0.00948	0.01527	0.00699	0.00340	0.00532
17	0.00825	0.00576	0.00703	0.00771	0.00804	0.00552	0.00486	0.00895	0.01098	0.01457	0.05047	0.39942	0.07015	0.34845	0.01818	0.00401	0.00462	0.01354	0.00495	0.00454
18	0.01363	0.01363	0.01908	0.01636	0.01636	0.01908	0.01363	0.01499	0.00954	0.01499	0.00818	0.01363	0.00818	0.01091	0.02045	0.00273	0.76963	0.00545	0.00273	0.00682
19	0.00890	0.00668	0.01001	0.01001	0.01113	0.00779	0.00779	0.01113	0.01001	0.01446	0.01669	0.02448	0.01558	0.04673	0.75634	0.01001	0.01669	0.00668	0.00334	0.00556
20	0.01453	0.01641	0.03509	0.05374	0.03205	0.01587	0.65335	0.01953	0.01433	0.01953	0.01230	0.01662	0.00934	0.00561	0.00804	0.00213	0.05298	0.00718	0.00311	0.00826
21	0.01292	0.01107	0.01292	0.00923	0.01477	0.00831	0.00738	0.01569	0.01292	0.02030	0.01107	0.01292	0.00923	0.00461	0.00461	0.00092	0.00461	0.00369	0.00369	0.81912
22	0.02187	0.01655	0.01768	0.01397	0.01863	0.01847	0.01140	0.56867	0.18497	0.03634	0.01727	0.01680	0.01246	0.00770	0.00626	0.00192	0.00643	0.00593	0.00626	0.01043
23	0.00901	0.00623	0.00775	0.00775	0.00808	0.00656	0.00497	0.00967	0.00934	0.01279	0.01876	0.03593	0.02055	0.56275	0.24712	0.00722	0.00921	0.00835	0.00365	0.00431
24	0.00946	0.00750	0.01005	0.00999	0.01109	0.03600	0.00763	0.01148	0.01023	0.01431	0.01665	0.02526	0.01585	0.10314	0.67072	0.00938	0.01564	0.00676	0.00337	0.00548
