[name]
unknown

[dist]
# distance from previous block
# <min> <max>
0	47

[block]
# block no. 0 follows, 32 sequences, length 23
# corresponding to MSA columns:
# 47-69
name=unknown_A
#
# <colnr> <probs for GDERKNQSTAVLIFYWHMCP>
#	G	D	E	R	K	N	Q	S	T	A	V	L	I	F	Y	W	H	M	C	P
0	0.01081	0.00772	0.01081	0.01236	0.01390	0.00772	0.01081	0.01390	0.01545	0.02008	0.03553	0.07569	0.03862	0.01854	0.00927	0.00309	0.00618	0.67717	0.00618	0.00618
1	0.02697	0.01644	0.01868	0.01432	0.01963	0.01732	0.01183	0.48704	0.02761	0.26077	0.01942	0.01826	0.01307	0.00813	0.00672	0.00203	0.00685	0.00627	0.00722	0.01141
2	0.00950	0.00686	0.00897	0.00844	0.01002	0.00633	0.00633	0.01266	0.01899	0.02691	0.71879	0.05012	0.06331	0.01372	0.00791	0.00211	0.00317	0.01213	0.00739	0.00633
3	0.00939	0.00685	0.00883	0.00833	0.00996	0.00629	0.00625	0.01246	0.01875	0.02634	0.67639	0.05106	0.10607	0.01393	0.00791	0.00212	0.00318	0.01227	0.00731	0.00629
4	0.00823	0.00681	0.00722	0.00712	0.00925	0.00579	0.00534	0.01022	0.01601	0.01982	0.19379	0.06178	0.59273	0.01636	0.00793	0.00224	0.00335	0.01377	0.00645	0.00579
5	0.01346	0.03471	0.72942	0.01912	0.02904	0.01558	0.02479	0.02125	0.01417	0.02125	0.01204	0.01417	0.00850	0.00637	0.00637	0.00212	0.00992	0.00496	0.00283	0.00992
6	0.01669	0.01441	0.01517	0.01365	0.01745	0.01669	0.01062	0.03565	0.71021	0.02807	0.02731	0.02503	0.02048	0.00910	0.00683	0.00228	0.00531	0.00759	0.00683	0.01062
7	0.01669	0.01441	0.01517	0.01365	0.01745	0.01669	0.01062	0.03565	0.71021	0.02807	0.02731	0.02503	0.02048	0.00910	0.00683	0.00228	0.00531	0.00759	0.00683	0.01062
8	0.01025	0.00739	0.00882	0.00896	0.01068	0.00686	0.00660	0.05369	0.01615	0.04505	0.15910	0.31590	0.26355	0.01715	0.00810	0.00242	0.00398	0.04256	0.00652	0.00627
9	0.81159	0.01298	0.00986	0.00882	0.01298	0.01505	0.00727	0.01972	0.01142	0.03010	0.00934	0.01090	0.00727	0.00623	0.00415	0.00208	0.00519	0.00363	0.00415	0.00727
10	0.01838	0.72270	0.03416	0.01184	0.01744	0.07050	0.01157	0.02051	0.01397	0.01583	0.00939	0.01085	0.00861	0.00581	0.00441	0.00145	0.00748	0.00363	0.00291	0.00856
11	0.00863	0.00665	0.00724	0.00743	0.00881	0.00598	0.00513	0.00987	0.01357	0.01689	0.07108	0.12540	0.40948	0.23453	0.01566	0.00356	0.00443	0.03481	0.00564	0.00522
12	0.01669	0.01441	0.01517	0.01365	0.01745	0.01669	0.01062	0.03565	0.71021	0.02807	0.02731	0.02503	0.02048	0.00910	0.00683	0.00228	0.00531	0.00759	0.00683	0.01062
13	0.00928	0.00685	0.00867	0.00822	0.00989	0.00624	0.00616	0.01225	0.01849	0.02571	0.63041	0.05208	0.15244	0.01416	0.00792	0.00213	0.00320	0.01241	0.00723	0.00624
14	0.01794	0.76823	0.03516	0.01148	0.01722	0.02655	0.01148	0.02009	0.01363	0.01579	0.00933	0.01076	0.00861	0.00574	0.00431	0.00144	0.00718	0.00359	0.00287	0.00861
15	0.00818	0.00584	0.00779	0.00934	0.00973	0.00545	0.00623	0.00934	0.01285	0.01713	0.03698	0.75981	0.04438	0.02102	0.00856	0.00273	0.00389	0.01908	0.00623	0.00545
16	0.00968	0.00682	0.00891	0.00891	0.00947	0.00737	0.00606	0.01078	0.01023	0.01419	0.01968	0.03583	0.02089	0.43542	0.35812	0.00848	0.01179	0.00857	0.00385	0.00495
17	0.01212	0.00991	0.01114	0.01097	0.01328	0.01058	0.00828	0.02138	0.31673	0.02302	0.09349	0.23627	0.13355	0.01449	0.00771	0.00244	0.00453	0.05568	0.00658	0.00785
18	0.01794	0.20857	0.22302	0.02265	0.21385	0.11100	0.01787	0.05018	0.01585	0.04275	0.01194	0.01409	0.00951	0.00631	0.00592	0.00186	0.00875	0.00492	0.00339	0.00963
19	0.01412	0.05427	0.50355	0.04540	0.02969	0.01651	0.15464	0.02080	0.01421	0.02066	0.01204	0.01498	0.00887	0.00656	0.00758	0.00218	0.05595	0.00558	0.00296	0.00946
20	0.01267	0.01193	0.02013	0.74806	0.04621	0.01491	0.01863	0.01714	0.01342	0.01714	0.01193	0.01789	0.00894	0.00671	0.00671	0.00224	0.00894	0.00596	0.00298	0.00745
21	0.01391	0.01193	0.01391	0.00994	0.01590	0.00894	0.00795	0.01690	0.01391	0.02186	0.01193	0.01391	0.00994	0.00497	0.00497	0.00099	0.00497	0.00398	0.00398	0.80521
22	0.01341	0.01261	0.02277	0.22042	0.11252	0.01284	0.20693	0.01747	0.01548	0.04217	0.11708	0.05233	0.10631	0.00907	0.00742	0.00221	0.00776	0.00883	0.00441	0.00797

[dist]
# distance from previous block
# <min> <max>
0	16

[block]
# block no. 1 follows, 32 sequences, length 76
# corresponding to MSA columns:
# 86-129,132-163
name=unknown_B
#
# <colnr> <probs for GDERKNQSTAVLIFYWHMCP>
#	G	D	E	R	K	N	Q	S	T	A	V	L	I	F	Y	W	H	M	C	P
0	0.02298	0.01324	0.01553	0.01296	0.01743	0.01380	0.01036	0.05849	0.37827	0.33938	0.02653	0.02373	0.01843	0.00871	0.00679	0.00218	0.00556	0.00716	0.00748	0.01100
1	0.01465	0.00790	0.00826	0.00763	0.00980	0.00809	0.00588	0.06990	0.05108	0.06377	0.02197	0.02422	0.01689	0.00793	0.00506	0.00166	0.00370	0.00633	0.65813	0.00714
2	0.00971	0.00775	0.01159	0.15271	0.06179	0.00811	0.00974	0.01179	0.01311	0.01746	0.02984	0.51983	0.03418	0.01845	0.03762	0.00292	0.00576	0.03612	0.00532	0.00620
3	0.02506	0.03198	0.01901	0.01729	0.02074	0.73725	0.01296	0.02679	0.01901	0.01642	0.01037	0.01210	0.00864	0.00691	0.00605	0.00173	0.01210	0.00432	0.00346	0.00778
4	0.00976	0.00651	0.00732	0.00732	0.00732	0.00651	0.00407	0.00976	0.00976	0.01301	0.02114	0.04391	0.02439	0.76419	0.03415	0.00651	0.00651	0.00976	0.00407	0.00407
5	0.00824	0.00597	0.00781	0.00926	0.00982	0.00554	0.00629	0.00951	0.01311	0.01729	0.03917	0.68782	0.09294	0.02065	0.00854	0.00270	0.00393	0.03969	0.00623	0.00549
6	0.01661	0.01594	0.02724	0.04119	0.72233	0.01594	0.02059	0.02059	0.01528	0.02192	0.01262	0.01661	0.01063	0.00598	0.00664	0.00199	0.00797	0.00598	0.00332	0.01063
7	0.00818	0.00584	0.00779	0.00934	0.00973	0.00545	0.00623	0.00934	0.01285	0.01713	0.03698	0.75981	0.04438	0.02102	0.00856	0.00273	0.00389	0.01908	0.00623	0.00545
8	0.01251	0.00625	0.00625	0.00625	0.00782	0.00625	0.00469	0.01563	0.01407	0.02502	0.02189	0.02502	0.01720	0.00782	0.00469	0.00156	0.00313	0.00625	0.80144	0.00625
9	0.01633	0.01577	0.02723	0.08546	0.65491	0.01591	0.04475	0.02041	0.01518	0.02160	0.01261	0.01674	0.01051	0.00601	0.00669	0.00202	0.00815	0.00605	0.00330	0.01037
10	0.00875	0.00693	0.00851	0.00979	0.03876	0.00626	0.00683	0.01057	0.01457	0.01846	0.07457	0.31297	0.34723	0.01805	0.00826	0.00251	0.00407	0.09089	0.00615	0.00587
11	0.01661	0.01594	0.02724	0.04119	0.72233	0.01594	0.02059	0.02059	0.01528	0.02192	0.01262	0.01661	0.01063	0.00598	0.00664	0.00199	0.00797	0.00598	0.00332	0.01063
12	0.00959	0.00719	0.01078	0.01078	0.01198	0.00839	0.00839	0.01198	0.01078	0.01558	0.01797	0.02636	0.01677	0.05032	0.73760	0.01078	0.01797	0.00719	0.00359	0.00599
13	0.00959	0.00719	0.01078	0.01078	0.01198	0.00839	0.00839	0.01198	0.01078	0.01558	0.01797	0.02636	0.01677	0.05032	0.73760	0.01078	0.01797	0.00719	0.00359	0.00599
14	0.02506	0.03198	0.01901	0.01729	0.02074	0.73725	0.01296	0.02679	0.01901	0.01642	0.01037	0.01210	0.00864	0.00691	0.00605	0.00173	0.01210	0.00432	0.00346	0.00778
15	0.01003	0.00664	0.00920	0.00926	0.00982	0.00716	0.00648	0.01052	0.01012	0.01404	0.01830	0.05973	0.01902	0.25326	0.34762	0.18083	0.01141	0.00813	0.00369	0.00474
16	0.02331	0.02760	0.01727	0.01562	0.01892	0.59355	0.01178	0.06290	0.01902	0.01909	0.01233	0.01416	0.01001	0.00711	0.00589	0.00172	0.01056	0.00469	0.11673	0.00777
17	0.00818	0.00584	0.00779	0.00934	0.00973	0.00545	0.00623	0.00934	0.01285	0.01713	0.03698	0.75981	0.04438	0.02102	0.00856	0.00273	0.00389	0.01908	0.00623	0.00545
18	0.00976	0.00651	0.00732	0.00732	0.00732	0.00651	0.00407	0.00976	0.00976	0.01301	0.02114	0.04391	0.02439	0.76419	0.03415	0.00651	0.00651	0.00976	0.00407	0.00407
19	0.01454	0.01445	0.02017	0.01732	0.01732	0.02015	0.01438	0.01596	0.01026	0.01606	0.00916	0.01552	0.00926	0.03332	0.02237	0.00304	0.73053	0.00598	0.00297	0.00725
20	0.01988	0.01600	0.01697	0.01430	0.01867	0.01818	0.01139	0.27633	0.46433	0.03322	0.02325	0.02180	0.01720	0.00872	0.00679	0.00218	0.00606	0.00703	0.00679	0.01091
21	0.00880	0.00683	0.00800	0.00771	0.00960	0.00603	0.00578	0.01131	0.01735	0.02300	0.42950	0.05655	0.35504	0.01517	0.00792	0.00218	0.00327	0.01304	0.00687	0.00603
22	0.01707	0.02088	0.15403	0.10588	0.03229	0.04070	0.35956	0.14089	0.01815	0.02446	0.01346	0.01684	0.00991	0.00637	0.00724	0.00217	0.01013	0.00673	0.00384	0.00940
23	0.01922	0.01704	0.02340	0.14449	0.02718	0.06178	0.15123	0.23795	0.05484	0.04901	0.01433	0.01697	0.01080	0.00769	0.00880	0.00218	0.10322	0.00630	0.00468	0.03888
24	0.37905	0.04255	0.01530	0.01303	0.01703	0.32620	0.01024	0.06264	0.01618	0.04811	0.01076	0.01212	0.00845	0.00669	0.00521	0.00191	0.00836	0.00417	0.00411	0.00791
25	0.00976	0.00651	0.00732	0.00732	0.00732	0.00651	0.00407	0.00976	0.00976	0.01301	0.02114	0.04391	0.02439	0.76419	0.03415	0.00651	0.00651	0.00976	0.00407	0.00407
26	0.00814	0.00673	0.00716	0.00738	0.00937	0.00575	0.00551	0.00989	0.01516	0.01843	0.08814	0.14533	0.58821	0.01740	0.00806	0.00235	0.00356	0.04149	0.00627	0.00569
27	0.03010	0.01142	0.01557	0.01194	0.01713	0.00986	0.00986	0.03270	0.01920	0.72698	0.02647	0.02284	0.01661	0.00830	0.00675	0.00208	0.00571	0.00675	0.00830	0.01142
28	0.01584	0.01810	0.03959	0.02828	0.03507	0.01697	0.69796	0.02149	0.01584	0.02149	0.01357	0.01810	0.01018	0.00566	0.00792	0.00226	0.01131	0.00792	0.00339	0.00905
29	0.01669	0.01441	0.01517	0.01365	0.01745	0.01669	0.01062	0.03565	0.71021	0.02807	0.02731	0.02503	0.02048	0.00910	0.00683	0.00228	0.00531	0.00759	0.00683	0.01062
30	0.81159	0.01298	0.00986	0.00882	0.01298	0.01505	0.00727	0.01972	0.01142	0.03010	0.00934	0.01090	0.00727	0.00623	0.00415	0.00208	0.00519	0.00363	0.00415	0.00727
31	0.01794	0.76823	0.03516	0.01148	0.01722	0.02655	0.01148	0.02009	0.01363	0.01579	0.00933	0.01076	0.00861	0.00574	0.00431	0.00144	0.00718	0.00359	0.00287	0.00861
32	0.01368	0.01173	0.01364	0.00982	0.01563	0.00882	0.00784	0.01661	0.01397	0.02172	0.01411	0.01589	0.03765	0.00544	0.00508	0.00104	0.00491	0.00437	0.00406	0.77399
33	0.01767	0.01475	0.01563	0.01376	0.01766	0.01689	0.01078	0.13163	0.58645	0.02975	0.02602	0.04981	0.02001	0.00937	0.00687	0.00225	0.00556	0.00777	0.00679	0.01055
34	0.78918	0.01314	0.01015	0.00901	0.01320	0.01522	0.00742	0.03911	0.01199	0.03045	0.00954	0.01105	0.00738	0.00628	0.00423	0.00207	0.00525	0.00370	0.00423	0.00738
35	0.01921	0.07379	0.09870	0.01471	0.04682	0.01597	0.01250	0.19912	0.19190	0.11500	0.07221	0.05119	0.04110	0.00909	0.00672	0.00210	0.00640	0.00740	0.00608	0.01002
36	0.65037	0.01299	0.01194	0.13396	0.01885	0.01522	0.00937	0.04198	0.01243	0.02832	0.01001	0.01225	0.00769	0.00637	0.00467	0.00210	0.00590	0.00411	0.00404	0.00744
37	0.01950	0.23966	0.02601	0.02174	0.22002	0.09909	0.01450	0.14674	0.08419	0.02364	0.01332	0.01504	0.01084	0.00687	0.00641	0.00186	0.03140	0.00525	0.00415	0.00976
38	0.72078	0.01393	0.01154	0.01161	0.06726	0.04295	0.00850	0.02006	0.01201	0.02895	0.00963	0.01138	0.00758	0.00624	0.00442	0.00206	0.00567	0.00384	0.00406	0.00754
39	0.81159	0.01298	0.00986	0.00882	0.01298	0.01505	0.00727	0.01972	0.01142	0.03010	0.00934	0.01090	0.00727	0.00623	0.00415	0.00208	0.00519	0.00363	0.00415	0.00727
40	0.01638	0.05164	0.47781	0.01890	0.04415	0.01693	0.05535	0.17095	0.01814	0.02572	0.01363	0.01654	0.01016	0.00703	0.00656	0.00211	0.00919	0.02490	0.00383	0.01007
41	0.02551	0.01879	0.02014	0.01544	0.02081	0.02081	0.01275	0.69996	0.03155	0.04229	0.01611	0.01611	0.01141	0.00805	0.00671	0.00201	0.00738	0.00604	0.00671	0.01141
42	0.00865	0.00679	0.00782	0.00765	0.00953	0.00596	0.00570	0.01100	0.01688	0.02208	0.36250	0.08615	0.39401	0.01567	0.00795	0.00221	0.00331	0.01344	0.00676	0.00596
43	0.01057	0.00673	0.00915	0.00905	0.00934	0.00723	0.00613	0.01017	0.00967	0.01327	0.01654	0.03017	0.01742	0.29807	0.20324	0.29201	0.03591	0.00759	0.00350	0.00424
44	0.78368	0.01318	0.01023	0.00906	0.01325	0.01526	0.00746	0.04387	0.01213	0.03054	0.00958	0.01108	0.00741	0.00629	0.00424	0.00207	0.00527	0.00372	0.00424	0.00741
45	0.00994	0.03524	0.01070	0.01086	0.06014	0.00778	0.00745	0.01292	0.03836	0.02213	0.32387	0.17408	0.21431	0.01495	0.00781	0.00225	0.00398	0.03028	0.00640	0.00653
46	0.00890	0.00675	0.00823	0.00849	0.00992	0.00620	0.00612	0.01153	0.03774	0.02153	0.30970	0.28632	0.22031	0.01680	0.00810	0.00236	0.00353	0.01478	0.00670	0.00601
47	0.03929	0.04908	0.35850	0.04471	0.05060	0.01322	0.03806	0.01732	0.01354	0.01973	0.01932	0.17781	0.03920	0.01265	0.05149	0.00278	0.03208	0.00854	0.00381	0.00827
48	0.81159	0.01298	0.00986	0.00882	0.01298	0.01505	0.00727	0.01972	0.01142	0.03010	0.00934	0.01090	0.00727	0.00623	0.00415	0.00208	0.00519	0.00363	0.00415	0.00727
49	0.01579	0.04693	0.21980	0.01648	0.06793	0.03621	0.05919	0.06372	0.01564	0.04232	0.01265	0.01466	0.00979	0.00586	0.00584	0.00160	0.00746	0.00485	0.00381	0.34947
50	0.04631	0.06799	0.14920	0.02383	0.18914	0.01714	0.13304	0.06378	0.01493	0.02162	0.01356	0.06649	0.01196	0.00819	0.00946	0.00225	0.14167	0.00677	0.00360	0.00908
51	0.02096	0.01478	0.02318	0.03024	0.44786	0.01469	0.01679	0.06665	0.01723	0.22489	0.01665	0.01828	0.01232	0.00701	0.00730	0.00206	0.03721	0.00620	0.00495	0.01077
52	0.01297	0.01223	0.02067	0.69427	0.09766	0.01499	0.01878	0.01741	0.01356	0.01751	0.01198	0.01779	0.00907	0.00665	0.00670	0.00222	0.00887	0.00596	0.00301	0.00770
53	0.00957	0.00677	0.00895	0.00906	0.00964	0.00730	0.00621	0.01076	0.01045	0.01448	0.02078	0.08544	0.02226	0.38291	0.35732	0.00822	0.01162	0.00922	0.00400	0.00505
54	0.00970	0.00673	0.00844	0.00844	0.00882	0.00711	0.00546	0.01047	0.01009	0.01384	0.02012	0.03825	0.02194	0.53408	0.26090	0.00788	0.01020	0.00893	0.00391	0.00469
55	0.01530	0.02989	0.55111	0.01870	0.02735	0.01568	0.06714	0.09831	0.01636	0.04585	0.01407	0.04491	0.01064	0.00717	0.00662	0.00214	0.00935	0.00590	0.00362	0.00990
56	0.33992	0.01234	0.01336	0.01070	0.01553	0.01226	0.00881	0.05055	0.01621	0.38011	0.01836	0.01728	0.01228	0.00726	0.00560	0.00201	0.00552	0.00531	0.00632	0.06029
57	0.01346	0.03471	0.72942	0.01912	0.02904	0.01558	0.02479	0.02125	0.01417	0.02125	0.01204	0.01417	0.00850	0.00637	0.00637	0.00212	0.00992	0.00496	0.00283	0.00992
58	0.01662	0.01630	0.02533	0.06922	0.18022	0.06559	0.21527	0.08273	0.10450	0.02295	0.01638	0.02160	0.01349	0.03283	0.05851	0.00289	0.00949	0.03270	0.00423	0.00915
59	0.01047	0.01009	0.06038	0.01167	0.01392	0.03026	0.03209	0.01329	0.01512	0.01951	0.07522	0.20269	0.16101	0.01688	0.00847	0.00268	0.00566	0.29840	0.00586	0.00635
60	0.01391	0.01193	0.01391	0.00994	0.01590	0.00894	0.00795	0.01690	0.01391	0.02186	0.01193	0.01391	0.00994	0.00497	0.00497	0.00099	0.00497	0.00398	0.00398	0.80521
61	0.01594	0.01526	0.02603	0.16063	0.60809	0.01577	0.02026	0.02001	0.01496	0.02111	0.01250	0.01682	0.01034	0.00610	0.00665	0.00203	0.00814	0.00598	0.00326	0.01009
62	0.00800	0.00674	0.00694	0.00702	0.00914	0.00568	0.00522	0.00972	0.01527	0.01839	0.09008	0.10894	0.65169	0.01713	0.00797	0.00229	0.00342	0.01440	0.00627	0.00568
63	0.01508	0.01439	0.02270	0.11373	0.45131	0.03619	0.01741	0.01853	0.01431	0.02003	0.01441	0.07361	0.01321	0.01057	0.05681	0.00269	0.05883	0.00693	0.00352	0.03576
64	0.01468	0.01468	0.02055	0.01762	0.01762	0.02055	0.01468	0.01615	0.01028	0.01615	0.00881	0.01468	0.00881	0.01174	0.02202	0.00294	0.75191	0.00587	0.00294	0.00734
65	0.03984	0.14988	0.02072	0.01472	0.04001	0.04233	0.01182	0.24849	0.26108	0.02932	0.01818	0.01829	0.01394	0.00929	0.02962	0.00230	0.02843	0.00606	0.00559	0.01011
66	0.01673	0.15974	0.08476	0.20981	0.16675	0.04017	0.01624	0.11245	0.06038	0.02230	0.01509	0.01767	0.03581	0.00706	0.00624	0.00198	0.00796	0.00579	0.00389	0.00920
67	0.01925	0.01073	0.01333	0.01105	0.01522	0.00966	0.00901	0.05697	0.06291	0.28401	0.07941	0.03474	0.10279	0.01046	0.00696	0.00204	0.00524	0.09663	0.00670	0.16289
68	0.81159	0.01298	0.00986	0.00882	0.01298	0.01505	0.00727	0.01972	0.01142	0.03010	0.00934	0.01090	0.00727	0.00623	0.00415	0.00208	0.00519	0.00363	0.00415	0.00727
69	0.00833	0.00599	0.00794	0.00944	0.00997	0.00560	0.00648	0.00964	0.01310	0.01735	0.03800	0.69159	0.06821	0.02072	0.00859	0.00273	0.00402	0.06055	0.00623	0.00550
70	0.00839	0.00624	0.00785	0.00880	0.00977	0.00569	0.00616	0.01001	0.01428	0.01878	0.13794	0.49809	0.18410	0.01911	0.00837	0.00256	0.00376	0.03808	0.00639	0.00564
71	0.02566	0.01854	0.01998	0.01532	0.02068	0.02044	0.01266	0.67737	0.03113	0.06546	0.01646	0.01634	0.01159	0.00806	0.00671	0.00202	0.00733	0.00606	0.00677	0.01141
72	0.01011	0.00714	0.00962	0.01091	0.01196	0.00707	0.00876	0.01230	0.01397	0.01830	0.03338	0.20584	0.03735	0.14502	0.01333	0.00359	0.00578	0.43403	0.00583	0.00568
73	0.00950	0.00686	0.00897	0.00844	0.01002	0.00633	0.00633	0.01266	0.01899	0.02691	0.71879	0.05012	0.06331	0.01372	0.00791	0.00211	0.00317	0.01213	0.00739	0.00633
74	0.20575	0.02039	0.01522	0.01319	0.01702	0.28734	0.01033	0.16705	0.01924	0.05404	0.01359	0.01489	0.01042	0.00718	0.00559	0.00186	0.00800	0.00489	0.11567	0.00836
75	0.01916	0.03727	0.01308	0.01082	0.01389	0.10923	0.00854	0.02367	0.09538	0.20035	0.07418	0.02374	0.01915	0.00850	0.00657	0.00189	0.03550	0.00661	0.28409	0.00838

[dist]
# distance from previous block
# <min> <max>
0	1

[block]
# block no. 2 follows, 32 sequences, length 20
# corresponding to MSA columns:
# 165-184
name=unknown_C
#
# <colnr> <probs for GDERKNQSTAVLIFYWHMCP>
#	G	D	E	R	K	N	Q	S	T	A	V	L	I	F	Y	W	H	M	C	P
0	0.01863	0.40105	0.09281	0.01951	0.16959	0.11798	0.01489	0.05945	0.01576	0.01916	0.01080	0.01280	0.00919	0.00614	0.00536	0.00169	0.00826	0.00446	0.00326	0.00921
1	0.16226	0.02067	0.01694	0.06181	0.01994	0.32493	0.04045	0.03942	0.01605	0.02058	0.01418	0.02179	0.01287	0.00878	0.00768	0.00214	0.07655	0.09477	0.03068	0.00751
2	0.01011	0.00719	0.00987	0.01131	0.01248	0.00710	0.00929	0.01255	0.01446	0.01892	0.03496	0.23723	0.03909	0.06677	0.01069	0.00322	0.00565	0.47718	0.00606	0.00587
3	0.00850	0.00633	0.00791	0.00855	0.00968	0.00575	0.00602	0.01035	0.01510	0.02011	0.23704	0.41284	0.19105	0.01810	0.00825	0.00245	0.00358	0.01608	0.00656	0.00575
4	0.81159	0.01298	0.00986	0.00882	0.01298	0.01505	0.00727	0.01972	0.01142	0.03010	0.00934	0.01090	0.00727	0.00623	0.00415	0.00208	0.00519	0.00363	0.00415	0.00727
5	0.02572	0.01845	0.01992	0.01527	0.02063	0.02029	0.01262	0.66847	0.03097	0.07460	0.01660	0.01643	0.01166	0.00807	0.00671	0.00202	0.00730	0.00607	0.00679	0.01141
6	0.01584	0.01810	0.03959	0.02828	0.03507	0.01697	0.69796	0.02149	0.01584	0.02149	0.01357	0.01810	0.01018	0.00566	0.00792	0.00226	0.01131	0.00792	0.00339	0.00905
7	0.00976	0.00651	0.00732	0.00732	0.00732	0.00651	0.00407	0.00976	0.00976	0.01301	0.02114	0.04391	0.02439	0.76419	0.03415	0.00651	0.00651	0.00976	0.00407	0.00407
8	0.00967	0.00650	0.00748	0.00757	0.00764	0.00652	0.00436	0.00983	0.00996	0.01333	0.02186	0.08156	0.02516	0.69556	0.06116	0.00648	0.00683	0.01015	0.00416	0.00422
9	0.00889	0.00659	0.00737	0.00745	0.00853	0.00607	0.00494	0.01002	0.01326	0.01702	0.12530	0.12064	0.29238	0.32103	0.01866	0.00402	0.00468	0.01259	0.00549	0.00507
10	0.01669	0.01441	0.01517	0.01365	0.01745	0.01669	0.01062	0.03565	0.71021	0.02807	0.02731	0.02503	0.02048	0.00910	0.00683	0.00228	0.00531	0.00759	0.00683	0.01062
11	0.00818	0.00584	0.00779	0.00934	0.00973	0.00545	0.00623	0.00934	0.01285	0.01713	0.03698	0.75981	0.04438	0.02102	0.00856	0.00273	0.00389	0.01908	0.00623	0.00545
12	0.47404	0.03862	0.01259	0.01000	0.01439	0.01362	0.00826	0.02430	0.05138	0.23792	0.01596	0.01582	0.01123	0.00705	0.00510	0.00204	0.00534	0.00489	0.03875	0.00869
13	0.06026	0.07384	0.11848	0.03883	0.02008	0.03391	0.01241	0.15187	0.11184	0.04903	0.01493	0.01586	0.01135	0.00666	0.00581	0.00171	0.00670	0.00512	0.00474	0.25658
14	0.01821	0.42634	0.21428	0.01467	0.02104	0.16768	0.01528	0.02175	0.01486	0.01735	0.01025	0.01193	0.00859	0.00615	0.00520	0.00168	0.00889	0.00410	0.00298	0.00879
15	0.00818	0.00584	0.00779	0.00934	0.00973	0.00545	0.00623	0.00934	0.01285	0.01713	0.03698	0.75981	0.04438	0.02102	0.00856	0.00273	0.00389	0.01908	0.00623	0.00545
16	0.01720	0.09615	0.04714	0.01813	0.02320	0.03806	0.21873	0.09941	0.26894	0.02519	0.01966	0.04460	0.01575	0.00812	0.00697	0.00217	0.00786	0.02799	0.00510	0.00962
17	0.02256	0.01664	0.01840	0.01458	0.01917	0.01851	0.01194	0.57248	0.02770	0.03734	0.01645	0.01801	0.01240	0.01589	0.14215	0.00364	0.00935	0.00625	0.00613	0.01041
18	0.00818	0.00584	0.00779	0.00934	0.00973	0.00545	0.00623	0.00934	0.01285	0.01713	0.03698	0.75981	0.04438	0.02102	0.00856	0.00273	0.00389	0.01908	0.00623	0.00545
19	0.01804	0.70864	0.06279	0.01203	0.01785	0.05478	0.01208	0.02041	0.01387	0.01603	0.00948	0.01096	0.00861	0.00581	0.00446	0.00148	0.00749	0.00367	0.00289	0.00863

[dist]
# distance from previous block
# <min> <max>
0	2

[block]
# block no. 3 follows, 32 sequences, length 61
# corresponding to MSA columns:
# 187-247
name=unknown_D
#
# <colnr> <probs for GDERKNQSTAVLIFYWHMCP>
#	G	D	E	R	K	N	Q	S	T	A	V	L	I	F	Y	W	H	M	C	P
0	0.04654	0.04439	0.27110	0.06469	0.10030	0.03396	0.09637	0.02106	0.09541	0.02176	0.04217	0.02303	0.09425	0.00803	0.00672	0.00213	0.00809	0.00695	0.00403	0.00901
1	0.01468	0.01468	0.02055	0.01762	0.01762	0.02055	0.01468	0.01615	0.01028	0.01615	0.00881	0.01468	0.00881	0.01174	0.02202	0.00294	0.75191	0.00587	0.00294	0.00734
2	0.01345	0.00729	0.00740	0.00706	0.00893	0.00749	0.00538	0.05890	0.03682	0.02619	0.02170	0.02446	0.01694	0.00787	0.00488	0.00161	0.00346	0.00628	0.72719	0.00671
3	0.00950	0.00686	0.00897	0.00844	0.01002	0.00633	0.00633	0.01266	0.01899	0.02691	0.71879	0.05012	0.06331	0.01372	0.00791	0.00211	0.00317	0.01213	0.00739	0.00633
4	0.00911	0.00661	0.00713	0.00713	0.00794	0.00621	0.00443	0.00971	0.01172	0.01482	0.03772	0.05122	0.27047	0.49972	0.02487	0.00500	0.00541	0.01132	0.00483	0.00463
5	0.77038	0.01289	0.01016	0.00899	0.01320	0.01478	0.00740	0.02041	0.01183	0.06685	0.01025	0.01153	0.00776	0.00634	0.00429	0.00208	0.00522	0.00380	0.00437	0.00749
6	0.01352	0.03367	0.69266	0.01905	0.02845	0.01584	0.02427	0.02098	0.01396	0.02098	0.01187	0.01419	0.00852	0.00665	0.00719	0.00217	0.04839	0.00501	0.00284	0.00978
7	0.00898	0.00684	0.00825	0.00790	0.00971	0.00611	0.00592	0.01166	0.01777	0.02400	0.50313	0.05491	0.28078	0.01480	0.00792	0.00216	0.00324	0.01281	0.00700	0.00611
8	0.01518	0.01078	0.01255	0.01115	0.01414	0.01134	0.00865	0.04542	0.29764	0.10564	0.34177	0.03594	0.03928	0.01108	0.00731	0.00217	0.00444	0.00952	0.00724	0.00878
9	0.01346	0.03471	0.72942	0.01912	0.02904	0.01558	0.02479	0.02125	0.01417	0.02125	0.01204	0.01417	0.00850	0.00637	0.00637	0.00212	0.00992	0.00496	0.00283	0.00992
10	0.81159	0.01298	0.00986	0.00882	0.01298	0.01505	0.00727	0.01972	0.01142	0.03010	0.00934	0.01090	0.00727	0.00623	0.00415	0.00208	0.00519	0.00363	0.00415	0.00727
11	0.01269	0.03390	0.03457	0.03638	0.01571	0.03571	0.02933	0.03434	0.01277	0.01775	0.05566	0.23575	0.02366	0.09104	0.01591	0.00303	0.29040	0.01035	0.00438	0.00669
12	0.01531	0.33774	0.44261	0.01597	0.02416	0.02011	0.01929	0.02077	0.01395	0.01899	0.01092	0.01276	0.00855	0.00611	0.00552	0.00184	0.00878	0.00439	0.00285	0.00938
13	0.00936	0.00719	0.00863	0.00843	0.01024	0.00666	0.00633	0.01278	0.05427	0.02341	0.41617	0.10988	0.25104	0.01516	0.00795	0.00224	0.00350	0.03358	0.00689	0.00629
14	0.00812	0.00605	0.00757	0.00878	0.00958	0.00550	0.00598	0.00941	0.01339	0.01735	0.04387	0.60537	0.19437	0.02013	0.00842	0.00262	0.00378	0.01798	0.00623	0.00550
15	0.01172	0.03701	0.11404	0.27529	0.02621	0.01178	0.01368	0.03643	0.03323	0.01914	0.05823	0.26462	0.02429	0.03465	0.00809	0.00247	0.00683	0.01056	0.00452	0.00722
16	0.01546	0.01480	0.02530	0.03569	0.57974	0.01462	0.06072	0.01933	0.01558	0.02200	0.06726	0.02237	0.06261	0.00726	0.00690	0.00204	0.00752	0.00710	0.00382	0.00988
17	0.00853	0.00615	0.00782	0.00902	0.00962	0.00576	0.00613	0.00972	0.01285	0.01688	0.03789	0.55152	0.10871	0.11842	0.01192	0.00320	0.00434	0.06025	0.00594	0.00534
18	0.02508	0.03144	0.01906	0.01721	0.02075	0.70812	0.01296	0.05416	0.01952	0.01747	0.01060	0.01226	0.00876	0.00696	0.00608	0.00174	0.01191	0.00439	0.00359	0.00793
19	0.01429	0.17143	0.60002	0.01770	0.02684	0.01763	0.02231	0.02103	0.01407	0.02023	0.01154	0.01353	0.00852	0.00626	0.00599	0.00200	0.00941	0.00470	0.00284	0.00967
20	0.02294	0.01100	0.01404	0.01151	0.01563	0.01042	0.00923	0.02887	0.15466	0.43603	0.17882	0.02927	0.02764	0.00965	0.00702	0.00212	0.00507	0.00810	0.00781	0.01014
21	0.00793	0.00680	0.00680	0.00680	0.00906	0.00566	0.00510	0.00963	0.01529	0.01813	0.06797	0.06457	0.71961	0.01699	0.00793	0.00227	0.00340	0.01416	0.00623	0.00566
22	0.01202	0.00682	0.00735	0.00715	0.00883	0.00681	0.00538	0.01598	0.05132	0.02561	0.18432	0.03086	0.02810	0.00926	0.00555	0.00173	0.00325	0.00769	0.57548	0.00650
23	0.01794	0.76823	0.03516	0.01148	0.01722	0.02655	0.01148	0.02009	0.01363	0.01579	0.00933	0.01076	0.00861	0.00574	0.00431	0.00144	0.00718	0.00359	0.00287	0.00861
24	0.17323	0.21072	0.21372	0.01454	0.02054	0.04130	0.03631	0.06702	0.08353	0.02327	0.01243	0.01396	0.00974	0.00684	0.00635	0.00198	0.04690	0.00481	0.00380	0.00901
25	0.01860	0.33893	0.06959	0.04141	0.11474	0.05948	0.08559	0.09548	0.05644	0.04178	0.01276	0.01454	0.01026	0.00641	0.00576	0.00181	0.00806	0.00514	0.00382	0.00942
26	0.01454	0.09448	0.01899	0.01443	0.01563	0.03984	0.02944	0.01612	0.01140	0.03634	0.01276	0.02063	0.01254	0.13859	0.07700	0.00386	0.39994	0.00642	0.03012	0.00697
27	0.01267	0.01193	0.02013	0.74806	0.04621	0.01491	0.01863	0.01714	0.01342	0.01714	0.01193	0.01789	0.00894	0.00671	0.00671	0.00224	0.00894	0.00596	0.00298	0.00745
28	0.01391	0.01193	0.01391	0.00994	0.01590	0.00894	0.00795	0.01690	0.01391	0.02186	0.01193	0.01391	0.00994	0.00497	0.00497	0.00099	0.00497	0.00398	0.00398	0.80521
29	0.00959	0.00717	0.01067	0.01067	0.01183	0.00832	0.00824	0.01191	0.01075	0.01549	0.01808	0.02695	0.01703	0.07425	0.71402	0.01064	0.01759	0.00728	0.00361	0.00593
30	0.01571	0.01723	0.03592	0.08865	0.15268	0.01663	0.52803	0.02099	0.01555	0.02121	0.01328	0.01783	0.01016	0.00580	0.00760	0.00221	0.01055	0.00743	0.00335	0.00919
31	0.01794	0.76823	0.03516	0.01148	0.01722	0.02655	0.01148	0.02009	0.01363	0.01579	0.00933	0.01076	0.00861	0.00574	0.00431	0.00144	0.00718	0.00359	0.00287	0.00861
32	0.00832	0.00681	0.00734	0.00721	0.00930	0.00583	0.00541	0.01039	0.01622	0.02034	0.23176	0.06094	0.55445	0.01617	0.00793	0.00223	0.00334	0.01365	0.00652	0.00583
33	0.01267	0.01193	0.02013	0.74806	0.04621	0.01491	0.01863	0.01714	0.01342	0.01714	0.01193	0.01789	0.00894	0.00671	0.00671	0.00224	0.00894	0.00596	0.00298	0.00745
34	0.00799	0.00680	0.00689	0.00686	0.00910	0.00569	0.00515	0.00975	0.01544	0.01848	0.09444	0.06399	0.69293	0.01686	0.00793	0.00226	0.00339	0.01408	0.00628	0.00569
35	0.01865	0.01539	0.01628	0.01405	0.01819	0.01760	0.01109	0.18322	0.55945	0.03123	0.02482	0.02305	0.01847	0.00887	0.00680	0.00222	0.00577	0.00724	0.00680	0.01080
36	0.01468	0.01468	0.02055	0.01762	0.01762	0.02055	0.01468	0.01615	0.01028	0.01615	0.00881	0.01468	0.00881	0.01174	0.02202	0.00294	0.75191	0.00587	0.00294	0.00734
37	0.01669	0.01441	0.01517	0.01365	0.01745	0.01669	0.01062	0.03565	0.71021	0.02807	0.02731	0.02503	0.02048	0.00910	0.00683	0.00228	0.00531	0.00759	0.00683	0.01062
38	0.00950	0.00686	0.00897	0.00844	0.01002	0.00633	0.00633	0.01266	0.01899	0.02691	0.71879	0.05012	0.06331	0.01372	0.00791	0.00211	0.00317	0.01213	0.00739	0.00633
39	0.00849	0.00682	0.00757	0.00739	0.00941	0.00590	0.00554	0.01072	0.01662	0.02127	0.30102	0.05940	0.48460	0.01582	0.00792	0.00221	0.00332	0.01344	0.00664	0.00590
40	0.00818	0.00584	0.00779	0.00934	0.00973	0.00545	0.00623	0.00934	0.01285	0.01713	0.03698	0.75981	0.04438	0.02102	0.00856	0.00273	0.00389	0.01908	0.00623	0.00545
41	0.01575	0.34200	0.41310	0.01586	0.02379	0.04596	0.01879	0.02096	0.01412	0.01879	0.01084	0.01267	0.00855	0.00613	0.00550	0.00182	0.00885	0.00436	0.00287	0.00929
42	0.01794	0.76823	0.03516	0.01148	0.01722	0.02655	0.01148	0.02009	0.01363	0.01579	0.00933	0.01076	0.00861	0.00574	0.00431	0.00144	0.00718	0.00359	0.00287	0.00861
43	0.01391	0.01193	0.01391	0.00994	0.01590	0.00894	0.00795	0.01690	0.01391	0.02186	0.01193	0.01391	0.00994	0.00497	0.00497	0.00099	0.00497	0.00398	0.00398	0.80521
44	0.00973	0.00663	0.00794	0.00794	0.00816	0.00684	0.00484	0.01016	0.00994	0.01347	0.02057	0.04076	0.02303	0.63601	0.16046	0.00727	0.00856	0.00930	0.00398	0.00441
45	0.01664	0.18843	0.16888	0.01411	0.04145	0.07401	0.01334	0.04199	0.03653	0.04165	0.01230	0.01387	0.00983	0.00595	0.00542	0.00152	0.00727	0.00444	0.00373	0.29865
46	0.01856	0.70396	0.03375	0.01199	0.01753	0.08858	0.01161	0.02068	0.01410	0.01584	0.00942	0.01088	0.00861	0.00584	0.00446	0.00146	0.00761	0.00365	0.00292	0.00854
47	0.04247	0.01164	0.01344	0.00987	0.01547	0.00898	0.00784	0.01660	0.01377	0.02191	0.01315	0.05313	0.01166	0.00586	0.00513	0.00112	0.00492	0.00476	0.00410	0.73417
48	0.01389	0.04252	0.10179	0.24279	0.17547	0.01366	0.03711	0.01815	0.01455	0.02056	0.07092	0.01875	0.01402	0.00665	0.00632	0.00186	0.00750	0.00590	0.00363	0.18396
49	0.60912	0.01492	0.01271	0.03879	0.06286	0.07845	0.00933	0.04092	0.01329	0.05314	0.01056	0.01222	0.00813	0.00642	0.00475	0.00204	0.00620	0.00412	0.00422	0.00782
50	0.00865	0.00604	0.00765	0.00874	0.00901	0.00577	0.00558	0.00947	0.01192	0.01589	0.03224	0.54535	0.03839	0.24365	0.01623	0.00386	0.00468	0.01628	0.00558	0.00504
51	0.01262	0.01238	0.04009	0.26260	0.02860	0.01240	0.15345	0.03498	0.03604	0.02148	0.16518	0.03115	0.09954	0.00942	0.00735	0.00220	0.00732	0.02627	0.00465	0.03228
52	0.01362	0.01161	0.10119	0.01072	0.01440	0.00834	0.02694	0.01692	0.01703	0.14889	0.27123	0.06270	0.19956	0.01247	0.00748	0.00216	0.00490	0.03108	0.00643	0.03232
53	0.01433	0.01217	0.01414	0.01014	0.01608	0.00937	0.00812	0.04165	0.01455	0.02260	0.01208	0.01399	0.00999	0.00508	0.00503	0.00103	0.00506	0.00405	0.00407	0.77644
54	0.02088	0.25027	0.06821	0.01377	0.01935	0.04340	0.01247	0.35478	0.02277	0.02965	0.01605	0.01661	0.04693	0.00750	0.00590	0.00179	0.00729	0.00547	0.00501	0.05189
55	0.01229	0.01130	0.01900	0.62641	0.04089	0.01372	0.03737	0.01641	0.01345	0.01751	0.01490	0.09571	0.01294	0.00821	0.00688	0.00227	0.00831	0.00740	0.02778	0.00726
56	0.02551	0.01879	0.02014	0.01544	0.02081	0.02081	0.01275	0.69996	0.03155	0.04229	0.01611	0.01611	0.01141	0.00805	0.00671	0.00201	0.00738	0.00604	0.00671	0.01141
57	0.01391	0.01193	0.01391	0.00994	0.01590	0.00894	0.00795	0.01690	0.01391	0.02186	0.01193	0.01391	0.00994	0.00497	0.00497	0.00099	0.00497	0.00398	0.00398	0.80521
58	0.02097	0.06115	0.17969	0.01693	0.05843	0.01869	0.01539	0.41928	0.02438	0.03340	0.01431	0.01523	0.01045	0.00719	0.00636	0.00192	0.00777	0.00549	0.00523	0.07775
59	0.01357	0.01161	0.01377	0.03150	0.01646	0.00893	0.00817	0.01650	0.01384	0.02148	0.01325	0.05336	0.01173	0.00587	0.00521	0.00112	0.00503	0.00483	0.00407	0.73971
60	0.02194	0.01696	0.01814	0.01455	0.01942	0.01881	0.01179	0.44112	0.25888	0.03645	0.01966	0.01900	0.01439	0.00825	0.00666	0.00205	0.00656	0.00645	0.00661	0.05231

[dist]
# distance from previous block
# <min> <max>
0	1

[block]
# block no. 4 follows, 32 sequences, length 17
# corresponding to MSA columns:
# 249-265
name=unknown_E
#
# <colnr> <probs for GDERKNQSTAVLIFYWHMCP>
#	G	D	E	R	K	N	Q	S	T	A	V	L	I	F	Y	W	H	M	C	P
0	0.02105	0.01320	0.01994	0.02023	0.19767	0.01191	0.06911	0.02482	0.03839	0.29882	0.01990	0.02013	0.03170	0.00704	0.00647	0.00185	0.00652	0.00628	0.00561	0.17935
1	0.01379	0.07841	0.50916	0.02079	0.11849	0.01558	0.04232	0.02013	0.01442	0.02072	0.01662	0.01856	0.06777	0.00714	0.00645	0.00208	0.00898	0.00585	0.00320	0.00954
2	0.01683	0.11241	0.02087	0.38200	0.08956	0.03801	0.01510	0.02044	0.01508	0.13713	0.05383	0.01950	0.01360	0.00722	0.00638	0.00204	0.00769	0.00608	0.02777	0.00845
3	0.01018	0.00659	0.00856	0.00948	0.01061	0.00604	0.00677	0.01170	0.01392	0.07634	0.04009	0.54855	0.13091	0.01922	0.00839	0.00264	0.00417	0.07340	0.00640	0.00604
4	0.01854	0.01348	0.02207	0.04107	0.17937	0.01321	0.14630	0.07823	0.03736	0.17622	0.02178	0.07753	0.01885	0.00970	0.00747	0.00230	0.00747	0.11418	0.00544	0.00942
5	0.22145	0.02097	0.01587	0.01388	0.01764	0.29921	0.01088	0.17292	0.01880	0.02552	0.01240	0.01458	0.00999	0.01274	0.10249	0.00308	0.01008	0.00491	0.00438	0.00822
6	0.53074	0.15581	0.04154	0.01056	0.01538	0.01798	0.00940	0.10983	0.01459	0.02872	0.01033	0.01168	0.00811	0.00638	0.00460	0.00195	0.00602	0.00399	0.00420	0.00816
7	0.01267	0.01193	0.02013	0.74806	0.04621	0.01491	0.01863	0.01714	0.01342	0.01714	0.01193	0.01789	0.00894	0.00671	0.00671	0.00224	0.00894	0.00596	0.00298	0.00745
8	0.00795	0.00673	0.00686	0.00697	0.00911	0.00565	0.00517	0.00961	0.01513	0.01806	0.06590	0.11102	0.67450	0.01726	0.00797	0.00230	0.00343	0.01449	0.00623	0.00565
9	0.30518	0.01204	0.01333	0.01057	0.01549	0.01158	0.00869	0.02601	0.01574	0.38649	0.01847	0.01742	0.01241	0.00713	0.00559	0.00193	0.00543	0.00528	0.00626	0.11495
10	0.02451	0.01159	0.01500	0.01125	0.01670	0.00954	0.00920	0.02724	0.01738	0.48321	0.02144	0.01975	0.01430	0.00715	0.00613	0.00170	0.00545	0.00579	0.00681	0.28584
11	0.01794	0.76823	0.03516	0.01148	0.01722	0.02655	0.01148	0.02009	0.01363	0.01579	0.00933	0.01076	0.00861	0.00574	0.00431	0.00144	0.00718	0.00359	0.00287	0.00861
12	0.01346	0.03471	0.72942	0.01912	0.02904	0.01558	0.02479	0.02125	0.01417	0.02125	0.01204	0.01417	0.00850	0.00637	0.00637	0.00212	0.00992	0.00496	0.00283	0.00992
13	0.01701	0.17533	0.16909	0.01496	0.07666	0.03970	0.01336	0.02084	0.01569	0.12565	0.11070	0.02024	0.01799	0.00740	0.00596	0.00177	0.00675	0.00591	0.04061	0.11440
14	0.00805	0.00661	0.00709	0.00737	0.00924	0.00565	0.00538	0.00971	0.01498	0.01833	0.09128	0.20138	0.55642	0.01764	0.00805	0.00235	0.00349	0.01504	0.00628	0.00565
15	0.01857	0.58621	0.03071	0.01242	0.01765	0.10469	0.01153	0.02290	0.10638	0.01748	0.01182	0.01280	0.01018	0.00632	0.00483	0.00158	0.00748	0.00420	0.00346	0.00878
16	0.01608	0.46340	0.32367	0.01466	0.02213	0.02199	0.01701	0.02057	0.01386	0.01806	0.01046	0.01218	0.00856	0.00600	0.00517	0.00172	0.00831	0.00416	0.00285	0.00915

[dist]
# distance from previous block
# <min> <max>
0	2

[block]
# block no. 5 follows, 32 sequences, length 143
# corresponding to MSA columns:
# 268-352,360-380,396-404,409-413,437-459
name=unknown_F
#
# <colnr> <probs for GDERKNQSTAVLIFYWHMCP>
#	G	D	E	R	K	N	Q	S	T	A	V	L	I	F	Y	W	H	M	C	P
0	0.77081	0.01313	0.01075	0.01048	0.04936	0.01510	0.00795	0.01977	0.01162	0.02969	0.00951	0.01119	0.00744	0.00622	0.00428	0.00207	0.00533	0.00375	0.00411	0.00744
1	0.01383	0.01231	0.02014	0.07298	0.40373	0.01252	0.01616	0.01730	0.01478	0.02044	0.02074	0.09240	0.02080	0.01276	0.04497	0.00280	0.00775	0.18067	0.00429	0.00863
2	0.02006	0.04752	0.01787	0.01424	0.01870	0.01865	0.01146	0.28494	0.42580	0.03291	0.02235	0.02108	0.01657	0.00857	0.00668	0.00214	0.00617	0.00684	0.00662	0.01083
3	0.01895	0.01379	0.10625	0.01314	0.01774	0.01077	0.04642	0.02424	0.09817	0.28256	0.07652	0.05420	0.06334	0.03111	0.00797	0.00236	0.00618	0.08659	0.00643	0.03329
4	0.01673	0.02644	0.46286	0.04863	0.02727	0.01421	0.08827	0.02297	0.01548	0.15817	0.04392	0.01787	0.01250	0.00699	0.00668	0.00213	0.00892	0.00594	0.00414	0.00987
5	0.01355	0.03405	0.70203	0.01949	0.02928	0.01564	0.05152	0.02126	0.01423	0.02126	0.01210	0.01432	0.00857	0.00635	0.00644	0.00213	0.00997	0.00508	0.00286	0.00988
6	0.00831	0.00677	0.00741	0.00770	0.00964	0.00586	0.00582	0.01016	0.01523	0.01870	0.10008	0.14904	0.53744	0.01743	0.00813	0.00239	0.00369	0.07418	0.00629	0.00572
7	0.01725	0.05607	0.11882	0.01875	0.02430	0.04397	0.26240	0.04027	0.05222	0.13017	0.04084	0.09097	0.03686	0.00880	0.00728	0.00221	0.00837	0.02659	0.00486	0.00901
8	0.01346	0.03471	0.72942	0.01912	0.02904	0.01558	0.02479	0.02125	0.01417	0.02125	0.01204	0.01417	0.00850	0.00637	0.00637	0.00212	0.00992	0.00496	0.00283	0.00992
9	0.01030	0.00763	0.01041	0.04142	0.01420	0.00756	0.00995	0.01314	0.01529	0.01970	0.05791	0.11034	0.13368	0.01785	0.00890	0.00289	0.00569	0.50093	0.00609	0.00612
10	0.01157	0.01175	0.04694	0.05956	0.04745	0.02990	0.17354	0.01487	0.01532	0.02046	0.15470	0.24958	0.09257	0.01316	0.00791	0.00236	0.00648	0.02954	0.00524	0.00708
11	0.02179	0.01740	0.14722	0.04362	0.18569	0.01329	0.09885	0.02606	0.01683	0.33252	0.01872	0.01914	0.01279	0.00706	0.00680	0.00209	0.00775	0.00637	0.00543	0.01057
12	0.01514	0.13763	0.52064	0.01861	0.02729	0.03871	0.08000	0.04905	0.01509	0.02121	0.01190	0.01404	0.00878	0.00631	0.00622	0.00202	0.00960	0.00504	0.00306	0.00965
13	0.01422	0.01345	0.02275	0.40470	0.34362	0.01497	0.01898	0.01834	0.01422	0.01926	0.01328	0.04829	0.01117	0.00698	0.00676	0.00215	0.00830	0.00652	0.00327	0.00877
14	0.01324	0.03352	0.69971	0.01872	0.02825	0.01517	0.02403	0.02076	0.01411	0.02108	0.01307	0.04487	0.00998	0.00698	0.00647	0.00215	0.00967	0.00554	0.00297	0.00973
15	0.03010	0.01142	0.01557	0.01194	0.01713	0.00986	0.00986	0.03270	0.01920	0.72698	0.02647	0.02284	0.01661	0.00830	0.00675	0.00208	0.00571	0.00675	0.00830	0.01142
16	0.01751	0.01549	0.02643	0.06732	0.61392	0.01545	0.04322	0.02146	0.01554	0.07852	0.01374	0.01721	0.01103	0.00618	0.00670	0.00202	0.00795	0.00611	0.00371	0.01051
17	0.02969	0.01151	0.01556	0.01199	0.01714	0.01007	0.00989	0.03279	0.04046	0.70548	0.02650	0.02291	0.01673	0.00833	0.00675	0.00208	0.00570	0.00677	0.00826	0.01139
18	0.04625	0.01221	0.02036	0.66489	0.04347	0.01484	0.04570	0.01792	0.01362	0.04029	0.01235	0.01777	0.00917	0.00670	0.00665	0.00223	0.00878	0.00597	0.00321	0.00764
19	0.03010	0.01142	0.01557	0.01194	0.01713	0.00986	0.00986	0.03270	0.01920	0.72698	0.02647	0.02284	0.01661	0.00830	0.00675	0.00208	0.00571	0.00675	0.00830	0.01142
20	0.01738	0.01426	0.01519	0.01357	0.01743	0.01634	0.01058	0.03550	0.67477	0.06392	0.02727	0.02492	0.02028	0.00906	0.00682	0.00227	0.00533	0.00754	0.00690	0.01066
21	0.00793	0.00680	0.00680	0.00680	0.00906	0.00566	0.00510	0.00963	0.01529	0.01813	0.06797	0.06457	0.71961	0.01699	0.00793	0.00227	0.00340	0.01416	0.00623	0.00566
22	0.00818	0.00584	0.00779	0.00934	0.00973	0.00545	0.00623	0.00934	0.01285	0.01713	0.03698	0.75981	0.04438	0.02102	0.00856	0.00273	0.00389	0.01908	0.00623	0.00545
23	0.01346	0.03471	0.72942	0.01912	0.02904	0.01558	0.02479	0.02125	0.01417	0.02125	0.01204	0.01417	0.00850	0.00637	0.00637	0.00212	0.00992	0.00496	0.00283	0.00992
24	0.00854	0.00699	0.00765	0.00797	0.01009	0.00610	0.00631	0.01053	0.01533	0.01854	0.06111	0.06693	0.57549	0.01732	0.00821	0.00244	0.00399	0.15447	0.00622	0.00577
25	0.00925	0.00685	0.00862	0.00818	0.00987	0.00622	0.00613	0.01218	0.01840	0.02550	0.61430	0.05244	0.16868	0.01424	0.00792	0.00214	0.00320	0.01246	0.00720	0.00622
26	0.81159	0.01298	0.00986	0.00882	0.01298	0.01505	0.00727	0.01972	0.01142	0.03010	0.00934	0.01090	0.00727	0.00623	0.00415	0.00208	0.00519	0.00363	0.00415	0.00727
27	0.01794	0.76823	0.03516	0.01148	0.01722	0.02655	0.01148	0.02009	0.01363	0.01579	0.00933	0.01076	0.00861	0.00574	0.00431	0.00144	0.00718	0.00359	0.00287	0.00861
28	0.00807	0.00625	0.00736	0.00825	0.00945	0.00554	0.00574	0.00947	0.01389	0.01756	0.05024	0.46243	0.33320	0.01930	0.00829	0.00253	0.00368	0.01697	0.00623	0.00554
29	0.01391	0.01193	0.01391	0.00994	0.01590	0.00894	0.00795	0.01690	0.01391	0.02186	0.01193	0.01391	0.00994	0.00497	0.00497	0.00099	0.00497	0.00398	0.00398	0.80521
30	0.01794	0.76823	0.03516	0.01148	0.01722	0.02655	0.01148	0.02009	0.01363	0.01579	0.00933	0.01076	0.00861	0.00574	0.00431	0.00144	0.00718	0.00359	0.00287	0.00861
31	0.03010	0.01142	0.01557	0.01194	0.01713	0.00986	0.00986	0.03270	0.01920	0.72698	0.02647	0.02284	0.01661	0.00830	0.00675	0.00208	0.00571	0.00675	0.00830	0.01142
32	0.01588	0.37202	0.38773	0.01555	0.02334	0.04332	0.01830	0.02089	0.01407	0.01858	0.01074	0.01254	0.00856	0.00610	0.00541	0.00180	0.00872	0.00431	0.00287	0.00925
33	0.01010	0.00750	0.00929	0.01007	0.01192	0.00718	0.00841	0.01322	0.03642	0.02021	0.06889	0.06659	0.26107	0.01694	0.00843	0.00267	0.00495	0.37617	0.05380	0.00615
34	0.02955	0.01154	0.01556	0.01201	0.01714	0.01014	0.00989	0.03282	0.04766	0.69820	0.02651	0.02293	0.01677	0.00834	0.00675	0.00208	0.00569	0.00678	0.00824	0.01139
35	0.01391	0.01193	0.01391	0.00994	0.01590	0.00894	0.00795	0.01690	0.01391	0.02186	0.01193	0.01391	0.00994	0.00497	0.00497	0.00099	0.00497	0.00398	0.00398	0.80521
36	0.01391	0.01193	0.01391	0.00994	0.01590	0.00894	0.00795	0.01690	0.01391	0.02186	0.01193	0.01391	0.00994	0.00497	0.00497	0.00099	0.00497	0.00398	0.00398	0.80521
37	0.01346	0.03471	0.72942	0.01912	0.02904	0.01558	0.02479	0.02125	0.01417	0.02125	0.01204	0.01417	0.00850	0.00637	0.00637	0.00212	0.00992	0.00496	0.00283	0.00992
