[name]
unknown

[dist]
# distance from previous block
# <min> <max>
4	65

[block]
# block no. 0 follows, 33 sequences, length 25
# corresponding to MSA columns:
# 68-92
name=unknown_A
#
# <colnr> <probs for GDERKNQSTAVLIFYWHMCP>
#	G	D	E	R	K	N	Q	S	T	A	V	L	I	F	Y	W	H	M	C	P
0	0.06645	0.00910	0.03350	0.07043	0.01455	0.00865	0.02701	0.04041	0.03402	0.02088	0.13512	0.31499	0.04992	0.07462	0.00938	0.00261	0.00496	0.01214	0.04005	0.03122
1	0.03040	0.00838	0.00999	0.00965	0.01167	0.00826	0.00720	0.06054	0.07031	0.02181	0.16389	0.25939	0.11249	0.04073	0.06409	0.00301	0.00530	0.03761	0.00592	0.06937
2	0.03642	0.00763	0.00919	0.00909	0.01067	0.00727	0.00642	0.05095	0.01432	0.11149	0.05575	0.35637	0.12195	0.15645	0.01252	0.00315	0.00467	0.01344	0.00598	0.00629
3	0.03957	0.00829	0.01000	0.00992	0.01163	0.00822	0.00711	0.06763	0.06202	0.10849	0.03124	0.43920	0.05543	0.09650	0.01044	0.00287	0.00470	0.01383	0.00615	0.00679
4	0.01109	0.00698	0.00877	0.00900	0.01039	0.00654	0.00648	0.03297	0.01488	0.08341	0.14610	0.37855	0.10387	0.06276	0.00936	0.00263	0.00412	0.03954	0.05637	0.00619
5	0.03250	0.00880	0.01043	0.00990	0.01204	0.00877	0.00750	0.09823	0.05689	0.07826	0.17976	0.24268	0.10320	0.04414	0.00857	0.00246	0.00450	0.05417	0.03013	0.00706
6	0.01289	0.00817	0.00964	0.00896	0.01118	0.00770	0.00669	0.06379	0.03957	0.11861	0.16565	0.17755	0.22626	0.07293	0.00950	0.00253	0.00426	0.01203	0.03519	0.00687
7	0.07658	0.00795	0.00941	0.00919	0.01102	0.00778	0.00670	0.03602	0.04261	0.10021	0.17146	0.30401	0.07609	0.07658	0.00952	0.00264	0.00430	0.01256	0.02876	0.00662
8	0.01103	0.00716	0.00860	0.00846	0.01025	0.00656	0.00624	0.01331	0.03806	0.08879	0.16541	0.18088	0.25948	0.07041	0.01025	0.03313	0.00409	0.04104	0.03067	0.00617
9	0.01064	0.00714	0.00877	0.00887	0.01031	0.00672	0.00630	0.03324	0.03413	0.06925	0.17855	0.34190	0.14826	0.09200	0.01047	0.00277	0.00412	0.01412	0.00630	0.00614
10	0.01491	0.01525	0.07161	0.04115	0.04071	0.01494	0.25911	0.03977	0.01403	0.04153	0.03977	0.01839	0.01230	0.00894	0.01184	0.06398	0.18554	0.00663	0.05773	0.04186
11	0.08531	0.01422	0.05490	0.03075	0.01801	0.05181	0.09943	0.11889	0.12249	0.02500	0.07398	0.08583	0.01955	0.03188	0.03435	0.02914	0.00694	0.00776	0.08174	0.00802
12	0.01535	0.01050	0.01160	0.01008	0.01314	0.01074	0.00800	0.18487	0.08396	0.07550	0.13652	0.03738	0.19400	0.01135	0.00684	0.00205	0.00465	0.03769	0.13780	0.00798
13	0.01076	0.00946	0.02950	0.00949	0.01098	0.06333	0.00708	0.01334	0.03333	0.02022	0.32770	0.09198	0.03931	0.18913	0.11170	0.00421	0.00675	0.01032	0.00550	0.00592
14	0.17752	0.01287	0.01507	0.01179	0.01672	0.01269	0.00973	0.15802	0.01970	0.46741	0.02085	0.01893	0.01359	0.00772	0.00613	0.00203	0.00582	0.00591	0.00708	0.01043
15	0.01158	0.00951	0.01144	0.00954	0.01338	0.00752	0.00718	0.01386	0.01327	0.01975	0.02072	0.28915	0.02215	0.01066	0.00617	0.00160	0.00449	0.00934	0.00471	0.51399
16	0.01365	0.01170	0.01365	0.00975	0.01560	0.00878	0.00780	0.01658	0.01365	0.02145	0.01170	0.01365	0.00975	0.00488	0.00488	0.00098	0.00488	0.00390	0.00390	0.80888
17	0.00983	0.00733	0.00921	0.00863	0.01039	0.00701	0.00651	0.01414	0.07530	0.02615	0.64098	0.04774	0.08520	0.01322	0.00768	0.00209	0.00329	0.01162	0.00716	0.00653
18	0.01696	0.01602	0.04566	0.01776	0.12966	0.06559	0.01245	0.10076	0.37980	0.02690	0.09738	0.02369	0.02091	0.00857	0.00670	0.00210	0.00625	0.00719	0.00582	0.00983
19	0.01596	0.01763	0.08031	0.02585	0.23963	0.04636	0.20717	0.02339	0.15632	0.02232	0.01535	0.01774	0.01195	0.00637	0.00670	0.00199	0.00824	0.00638	0.00400	0.08634
20	0.01859	0.10391	0.06117	0.02382	0.22806	0.19248	0.09008	0.05364	0.12370	0.02125	0.01392	0.01588	0.01110	0.00660	0.00628	0.00191	0.00874	0.00561	0.00390	0.00936
21	0.01737	0.01652	0.05132	0.03012	0.44059	0.04425	0.04413	0.09535	0.01693	0.04928	0.04338	0.01741	0.01266	0.00661	0.00688	0.00192	0.02741	0.00598	0.00400	0.06789
22	0.08333	0.06696	0.06277	0.02248	0.25828	0.04676	0.04142	0.04434	0.08481	0.04622	0.01359	0.01566	0.01081	0.00634	0.00630	0.00181	0.02686	0.00529	0.00400	0.15197
23	0.09265	0.21302	0.25185	0.02088	0.18460	0.03945	0.03825	0.02104	0.04387	0.02063	0.01165	0.01381	0.00929	0.00610	0.00565	0.00188	0.00808	0.00481	0.00323	0.00926
24	0.03741	0.14400	0.26845	0.01824	0.09712	0.01681	0.04343	0.04566	0.03993	0.07917	0.01318	0.01526	0.01015	0.00824	0.03168	0.00227	0.07683	0.00522	0.00369	0.04324

[dist]
# distance from previous block
# <min> <max>
2	12

[block]
# block no. 1 follows, 33 sequences, length 86
# corresponding to MSA columns:
# 105-190
name=unknown_B
#
# <colnr> <probs for GDERKNQSTAVLIFYWHMCP>
#	G	D	E	R	K	N	Q	S	T	A	V	L	I	F	Y	W	H	M	C	P
0	0.03362	0.09109	0.26539	0.01446	0.02033	0.12890	0.01478	0.02243	0.08701	0.08224	0.07308	0.04123	0.03258	0.00788	0.00619	0.00192	0.00775	0.00616	0.00438	0.05860
1	0.04362	0.05952	0.08838	0.01679	0.14395	0.01347	0.01220	0.08329	0.13416	0.04519	0.10331	0.04672	0.11351	0.00929	0.00656	0.00200	0.00589	0.00780	0.00519	0.05916
2	0.06185	0.16964	0.17245	0.01428	0.01976	0.08020	0.03442	0.04938	0.04751	0.09705	0.01484	0.01607	0.03263	0.00723	0.00717	0.00189	0.07768	0.00519	0.00407	0.08669
3	0.11086	0.26733	0.13745	0.03837	0.01840	0.08136	0.01229	0.01839	0.01348	0.01887	0.01400	0.12379	0.01362	0.00825	0.00594	0.00184	0.02815	0.00624	0.00360	0.07775
4	0.01165	0.07361	0.05662	0.01070	0.01320	0.06316	0.00890	0.01375	0.01430	0.01863	0.11564	0.23892	0.07462	0.01473	0.00871	0.06208	0.00550	0.11359	0.00513	0.07657
5	0.15066	0.11824	0.44314	0.01535	0.02287	0.01575	0.01819	0.02061	0.01372	0.05929	0.01320	0.01709	0.01038	0.00698	0.00583	0.00205	0.00817	0.04604	0.00349	0.00898
6	0.01576	0.14646	0.06922	0.06394	0.03845	0.17545	0.01174	0.02002	0.08907	0.03360	0.04251	0.15820	0.03952	0.01141	0.02610	0.00228	0.00764	0.03645	0.00448	0.00771
7	0.11273	0.14109	0.01520	0.01015	0.01339	0.01179	0.02650	0.01722	0.01461	0.13078	0.14929	0.05007	0.11152	0.01760	0.14636	0.00361	0.00744	0.00802	0.00524	0.00739
8	0.00935	0.00693	0.00885	0.00976	0.01110	0.00663	0.00764	0.01187	0.03183	0.01904	0.10134	0.25757	0.17020	0.04941	0.00950	0.00282	0.00466	0.26959	0.00612	0.00580
9	0.01332	0.03335	0.70737	0.01959	0.05532	0.01530	0.02417	0.02082	0.01394	0.02087	0.01184	0.01399	0.00842	0.00624	0.00626	0.00208	0.00966	0.00490	0.00280	0.00976
10	0.00940	0.00705	0.01058	0.01058	0.01176	0.00823	0.00823	0.01176	0.01058	0.01528	0.01763	0.02586	0.01646	0.04937	0.74255	0.01058	0.01763	0.00705	0.00353	0.00588
11	0.06595	0.02230	0.18515	0.04132	0.04722	0.16449	0.04258	0.02010	0.01346	0.03500	0.01053	0.01403	0.00874	0.00834	0.01190	0.00230	0.29002	0.00521	0.00319	0.00815
12	0.01292	0.01220	0.02063	0.66268	0.13166	0.01475	0.01853	0.01725	0.01339	0.01741	0.01179	0.01739	0.00898	0.00649	0.00657	0.00216	0.00865	0.00585	0.00297	0.00771
13	0.00940	0.00705	0.01058	0.01058	0.01176	0.00823	0.00823	0.01176	0.01058	0.01528	0.01763	0.02586	0.01646	0.04937	0.74255	0.01058	0.01763	0.00705	0.00353	0.00588
14	0.00812	0.00577	0.00761	0.00904	0.00940	0.00541	0.00598	0.00919	0.01242	0.01656	0.03533	0.71988	0.04233	0.06673	0.00995	0.00290	0.00398	0.01815	0.00598	0.00526
15	0.01527	0.01477	0.02602	0.13271	0.50256	0.01503	0.09912	0.01937	0.01482	0.02070	0.01404	0.02087	0.01216	0.00683	0.00686	0.00210	0.00820	0.05563	0.00343	0.00951
16	0.01320	0.03405	0.73453	0.01876	0.02849	0.01529	0.02432	0.02085	0.01390	0.02085	0.01181	0.01390	0.00834	0.00625	0.00625	0.00208	0.00973	0.00486	0.00278	0.00973
17	0.00913	0.00672	0.00855	0.00809	0.00972	0.00613	0.00607	0.01207	0.01820	0.02537	0.64559	0.05087	0.14127	0.01384	0.00777	0.00209	0.00313	0.01214	0.00711	0.00613
18	0.00918	0.00668	0.00864	0.00823	0.00977	0.00614	0.00614	0.01213	0.01819	0.02555	0.66075	0.07969	0.09635	0.01393	0.00779	0.00210	0.00315	0.01229	0.00714	0.00614
19	0.06680	0.05685	0.14680	0.02158	0.06389	0.12898	0.28548	0.04641	0.07856	0.02185	0.01337	0.01589	0.01020	0.00630	0.00663	0.00205	0.00959	0.00608	0.00368	0.00900
20	0.02396	0.01036	0.01373	0.01113	0.01525	0.00935	0.00895	0.02770	0.07040	0.52126	0.13928	0.07302	0.02566	0.00984	0.00692	0.00210	0.00506	0.00829	0.00777	0.00998
21	0.00802	0.00573	0.00764	0.00917	0.00955	0.00535	0.00611	0.00917	0.01260	0.01681	0.03628	0.76434	0.04354	0.02062	0.00840	0.00267	0.00382	0.01872	0.00611	0.00535
22	0.01320	0.03405	0.73453	0.01876	0.02849	0.01529	0.02432	0.02085	0.01390	0.02085	0.01181	0.01390	0.00834	0.00625	0.00625	0.00208	0.00973	0.00486	0.00278	0.00973
23	0.07401	0.01815	0.01880	0.01460	0.01970	0.04940	0.01200	0.59082	0.02843	0.08505	0.01583	0.01576	0.01117	0.00776	0.00641	0.00197	0.00720	0.00576	0.00640	0.01080
24	0.01760	0.77260	0.03450	0.01126	0.01690	0.02605	0.01126	0.01971	0.01338	0.01549	0.00915	0.01056	0.00845	0.00563	0.00422	0.00141	0.00704	0.00352	0.00282	0.00845
25	0.04145	0.05890	0.01643	0.01206	0.04928	0.01067	0.03760	0.01809	0.01417	0.06681	0.03260	0.01522	0.01152	0.00549	0.00520	0.00123	0.00541	0.00452	0.00415	0.58922
26	0.01604	0.23879	0.35347	0.01606	0.02322	0.06255	0.06173	0.03794	0.01508	0.04976	0.05673	0.01571	0.01229	0.00664	0.00588	0.00187	0.00854	0.00518	0.00347	0.00906
27	0.00957	0.00638	0.00718	0.00718	0.00718	0.00638	0.00399	0.00957	0.00957	0.01276	0.02074	0.04308	0.02393	0.76864	0.03351	0.00638	0.00638	0.00957	0.00399	0.00399
28	0.01460	0.01254	0.02121	0.54453	0.16251	0.01447	0.03953	0.01879	0.01402	0.07598	0.01303	0.01773	0.00972	0.00655	0.00661	0.00214	0.00842	0.00598	0.00342	0.00823
29	0.01691	0.04183	0.22140	0.02806	0.33238	0.01550	0.09469	0.03888	0.03502	0.09127	0.01405	0.01645	0.01061	0.00629	0.00653	0.00202	0.00838	0.00585	0.00378	0.01010
30	0.01554	0.01488	0.02536	0.17897	0.59488	0.01544	0.01983	0.01955	0.01463	0.02060	0.01225	0.01654	0.01011	0.00600	0.00653	0.00200	0.00801	0.00586	0.00319	0.00982
31	0.00807	0.00577	0.00769	0.00913	0.00956	0.00538	0.00612	0.00930	0.01286	0.01720	0.06491	0.73458	0.04431	0.02033	0.00838	0.00265	0.00379	0.01843	0.00616	0.00538
32	0.01470	0.22920	0.46152	0.01839	0.05497	0.01829	0.07594	0.02054	0.01394	0.01946	0.01125	0.01342	0.00859	0.00601	0.00585	0.00191	0.00904	0.00478	0.00285	0.00935
33	0.01738	0.01982	0.09927	0.03317	0.48590	0.10835	0.06538	0.05287	0.01612	0.02165	0.01227	0.01556	0.00997	0.00610	0.00650	0.00195	0.00873	0.00569	0.00339	0.00993
34	0.02825	0.01149	0.01524	0.01188	0.01684	0.01033	0.00975	0.03237	0.08679	0.66343	0.02605	0.02262	0.01667	0.00822	0.00663	0.00206	0.00556	0.00670	0.00801	0.01113
35	0.01860	0.27448	0.11206	0.01490	0.02077	0.06778	0.08678	0.12370	0.01696	0.06670	0.01236	0.01385	0.00968	0.00634	0.00601	0.00171	0.02771	0.00485	0.00395	0.11081
36	0.01563	0.06518	0.60435	0.01746	0.02637	0.01502	0.02173	0.02232	0.01455	0.11725	0.01361	0.01490	0.00943	0.00648	0.00621	0.00205	0.00904	0.00504	0.00351	0.00987
37	0.02295	0.07942	0.07486	0.01280	0.01778	0.05565	0.01128	0.16705	0.04032	0.31848	0.08371	0.02283	0.04634	0.00849	0.00649	0.00197	0.00643	0.00672	0.00647	0.00995
38	0.01731	0.72359	0.08095	0.01176	0.01767	0.02533	0.01213	0.01979	0.01341	0.01584	0.00933	0.01078	0.00844	0.00567	0.00436	0.00145	0.00722	0.00361	0.00281	0.00853
39	0.00804	0.00665	0.00686	0.00683	0.00881	0.00568	0.00500	0.00967	0.01479	0.01796	0.10916	0.06059	0.61718	0.08176	0.01001	0.00257	0.00358	0.01338	0.00601	0.00547
40	0.01271	0.01194	0.02012	0.65618	0.11574	0.01446	0.01812	0.01695	0.01334	0.01731	0.01250	0.03953	0.00998	0.00692	0.00663	0.00218	0.00853	0.00623	0.00305	0.00758
41	0.02275	0.01822	0.01841	0.01482	0.01955	0.06959	0.01198	0.48391	0.20820	0.03609	0.01827	0.01781	0.01332	0.00809	0.00657	0.00202	0.00704	0.00620	0.00639	0.01075
42	0.81514	0.01273	0.00968	0.00866	0.01273	0.01477	0.00713	0.01935	0.01120	0.02954	0.00917	0.01069	0.00713	0.00611	0.00407	0.00204	0.00509	0.00356	0.00407	0.00713
43	0.01605	0.01533	0.02609	0.03928	0.70244	0.01531	0.01971	0.01993	0.01512	0.02168	0.03730	0.01744	0.01224	0.00613	0.00656	0.00196	0.00766	0.00608	0.00340	0.01028
44	0.00791	0.00667	0.00685	0.00681	0.00897	0.00561	0.00511	0.00971	0.01532	0.01853	0.12379	0.06212	0.66733	0.01639	0.00778	0.00221	0.00331	0.01372	0.00621	0.00561
45	0.02954	0.01120	0.01528	0.01171	0.01681	0.00968	0.00968	0.03208	0.01884	0.73213	0.02597	0.02241	0.01630	0.00815	0.00662	0.00204	0.00560	0.00662	0.00815	0.01120
46	0.01595	0.10818	0.14627	0.07320	0.02553	0.04130	0.20614	0.02010	0.01416	0.08052	0.01397	0.01885	0.01132	0.01007	0.05407	0.00270	0.11111	0.03443	0.00363	0.00848
47	0.01389	0.07667	0.56741	0.01990	0.02883	0.01619	0.14457	0.02082	0.01416	0.02056	0.01192	0.01438	0.00864	0.00609	0.00640	0.00207	0.00981	0.00530	0.00288	0.00950
48	0.00802	0.00573	0.00764	0.00917	0.00955	0.00535	0.00611	0.00917	0.01260	0.01681	0.03628	0.76434	0.04354	0.02062	0.00840	0.00267	0.00382	0.01872	0.00611	0.00535
49	0.01462	0.20579	0.45727	0.01844	0.02671	0.01805	0.13060	0.02062	0.01404	0.01962	0.01143	0.01373	0.00863	0.00599	0.00602	0.00195	0.00931	0.00501	0.00288	0.00929
50	0.00962	0.00708	0.00930	0.00933	0.00978	0.00782	0.00646	0.01068	0.01041	0.01444	0.02124	0.14622	0.02339	0.36219	0.26271	0.00695	0.06338	0.00987	0.00408	0.00505
51	0.00932	0.00673	0.00880	0.00828	0.00984	0.00621	0.00621	0.01242	0.01863	0.02640	0.72410	0.04918	0.06212	0.01346	0.00776	0.00207	0.00311	0.01191	0.00725	0.00621
52	0.07151	0.07312	0.01921	0.01558	0.01958	0.48691	0.01215	0.16048	0.02033	0.04555	0.01169	0.01285	0.00919	0.00694	0.00587	0.00177	0.01004	0.00457	0.00419	0.00848
53	0.01440	0.01440	0.02016	0.01728	0.01728	0.02016	0.01440	0.01584	0.01008	0.01584	0.00864	0.01440	0.00864	0.01152	0.02160	0.00288	0.75659	0.00576	0.00288	0.00720
54	0.01863	0.02090	0.02111	0.01975	0.08551	0.27870	0.04726	0.04233	0.01455	0.01754	0.00999	0.01388	0.00890	0.00889	0.01343	0.00231	0.35989	0.00533	0.00324	0.00786
55	0.00910	0.00672	0.00849	0.00805	0.00970	0.00612	0.00604	0.01200	0.01811	0.02516	0.62959	0.05121	0.15740	0.01392	0.00777	0.00209	0.00314	0.01219	0.00708	0.00612
56	0.01243	0.01170	0.01975	0.75282	0.04534	0.01463	0.01828	0.01682	0.01316	0.01682	0.01170	0.01755	0.00878	0.00658	0.00658	0.00219	0.00878	0.00585	0.00293	0.00731
57	0.01914	0.01552	0.01644	0.01396	0.01817	0.01767	0.01109	0.24960	0.49656	0.03200	0.02328	0.02176	0.01725	0.00860	0.00666	0.00215	0.00586	0.00696	0.00666	0.01067
58	0.01531	0.01490	0.02616	0.20894	0.50197	0.01549	0.08197	0.01948	0.01460	0.02035	0.01231	0.01673	0.00999	0.00601	0.00665	0.00204	0.00835	0.00604	0.00319	0.00954
59	0.00802	0.00573	0.00764	0.00917	0.00955	0.00535	0.00611	0.00917	0.01260	0.01681	0.03628	0.76434	0.04354	0.02062	0.00840	0.00267	0.00382	0.01872	0.00611	0.00535
60	0.01760	0.77260	0.03450	0.01126	0.01690	0.02605	0.01126	0.01971	0.01338	0.01549	0.00915	0.01056	0.00845	0.00563	0.00422	0.00141	0.00704	0.00352	0.00282	0.00845
61	0.01320	0.03405	0.73453	0.01876	0.02849	0.01529	0.02432	0.02085	0.01390	0.02085	0.01181	0.01390	0.00834	0.00625	0.00625	0.00208	0.00973	0.00486	0.00278	0.00973
62	0.00795	0.00625	0.00719	0.00784	0.00922	0.00549	0.00554	0.00945	0.01409	0.01771	0.08078	0.37379	0.39477	0.01829	0.00806	0.00242	0.00354	0.01595	0.00616	0.00549
63	0.01629	0.01564	0.02672	0.04041	0.72757	0.01564	0.02020	0.02020	0.01499	0.02151	0.01238	0.01629	0.01043	0.00587	0.00652	0.00196	0.00782	0.00587	0.00326	0.01043
64	0.01243	0.01170	0.01975	0.75282	0.04534	0.01463	0.01828	0.01682	0.01316	0.01682	0.01170	0.01755	0.00878	0.00658	0.00658	0.00219	0.00878	0.00585	0.00293	0.00731
65	0.01456	0.04014	0.09010	0.16851	0.02670	0.05973	0.15744	0.04052	0.15055	0.02151	0.06192	0.02553	0.07345	0.00844	0.00696	0.00216	0.00789	0.03102	0.00447	0.00838
66	0.01320	0.03405	0.73453	0.01876	0.02849	0.01529	0.02432	0.02085	0.01390	0.02085	0.01181	0.01390	0.00834	0.00625	0.00625	0.00208	0.00973	0.00486	0.00278	0.00973
67	0.00817	0.00584	0.00779	0.00923	0.00970	0.00546	0.00627	0.00947	0.01297	0.01734	0.06769	0.70791	0.04420	0.02021	0.00840	0.00266	0.00386	0.04125	0.00616	0.00541
68	0.01522	0.08446	0.46535	0.01907	0.02713	0.06064	0.14039	0.02137	0.01478	0.05020	0.03282	0.01557	0.01052	0.00640	0.00641	0.00203	0.00954	0.00551	0.00327	0.00932
69	0.01243	0.01170	0.01975	0.75282	0.04534	0.01463	0.01828	0.01682	0.01316	0.01682	0.01170	0.01755	0.00878	0.00658	0.00658	0.00219	0.00878	0.00585	0.00293	0.00731
70	0.00801	0.00579	0.00758	0.00901	0.00951	0.00536	0.00604	0.00918	0.01275	0.01687	0.03818	0.72076	0.08591	0.02038	0.00836	0.00265	0.00379	0.01842	0.00611	0.00536
71	0.01370	0.01330	0.02106	0.58293	0.17742	0.04535	0.01842	0.01788	0.01375	0.01771	0.01177	0.01707	0.00909	0.00645	0.00654	0.00213	0.00872	0.00579	0.00301	0.00793
72	0.06480	0.08760	0.21827	0.04419	0.02335	0.04313	0.10278	0.03214	0.02661	0.01944	0.01082	0.01436	0.00889	0.00802	0.01140	0.00230	0.26497	0.00542	0.00314	0.00836
73	0.00834	0.00748	0.05245	0.00976	0.01072	0.00596	0.00723	0.00989	0.01268	0.01705	0.03478	0.71808	0.04137	0.01974	0.00827	0.00264	0.00418	0.01786	0.00591	0.00562
74	0.02501	0.01146	0.01431	0.01155	0.01586	0.04023	0.00938	0.02856	0.05952	0.53532	0.12651	0.02767	0.02352	0.00924	0.00684	0.00207	0.00550	0.02967	0.00766	0.01012
75	0.01676	0.01578	0.08124	0.06932	0.04851	0.07615	0.03487	0.04043	0.26366	0.10675	0.06835	0.06859	0.06198	0.00942	0.00683	0.00215	0.00652	0.00796	0.00566	0.00909
76	0.01548	0.01781	0.10011	0.06969	0.36828	0.03734	0.16008	0.01983	0.01459	0.02039	0.01296	0.01835	0.01088	0.00686	0.00811	0.00215	0.07235	0.03209	0.00329	0.00935
77	0.01482	0.02119	0.25986	0.02407	0.16425	0.01477	0.21200	0.04782	0.03062	0.03759	0.01581	0.09740	0.01359	0.00771	0.00700	0.00216	0.00881	0.00752	0.00375	0.00926
78	0.01291	0.04274	0.01561	0.08830	0.06034	0.09343	0.03910	0.01498	0.01205	0.01562	0.01527	0.02494	0.01488	0.20018	0.24792	0.00581	0.07917	0.00691	0.00345	0.00640
79	0.04251	0.03016	0.51112	0.04964	0.06836	0.10916	0.05707	0.02131	0.01454	0.02042	0.01162	0.01401	0.00854	0.00627	0.00625	0.00204	0.00977	0.00499	0.00297	0.00927
80	0.00952	0.00849	0.03772	0.01321	0.05723	0.00744	0.06702	0.01156	0.01320	0.01778	0.03189	0.58513	0.03703	0.01776	0.00820	0.00259	0.00504	0.05746	0.00558	0.00616
81	0.01678	0.02262	0.29160	0.06887	0.06222	0.04600	0.03705	0.15674	0.09215	0.04949	0.01754	0.02112	0.03147	0.00794	0.00666	0.00213	0.00819	0.04739	0.00450	0.00956
82	0.02078	0.09506	0.07307	0.01873	0.05047	0.44252	0.08922	0.02341	0.01646	0.01712	0.01047	0.01298	0.00873	0.00696	0.00765	0.00189	0.08837	0.00483	0.00323	0.00806
83	0.26324	0.20167	0.07895	0.01247	0.01694	0.07600	0.04287	0.01885	0.01311	0.02123	0.01283	0.07028	0.01199	0.00786	0.00627	0.00195	0.05304	0.03272	0.00372	0.05403
84	0.01138	0.01101	0.01353	0.03844	0.01536	0.07854	0.09463	0.03378	0.01497	0.01836	0.04034	0.23995	0.30302	0.01458	0.00828	0.00232	0.03717	0.01266	0.00527	0.00641
85	0.01673	0.44195	0.07105	0.07192	0.11233	0.04316	0.05642	0.03874	0.01421	0.01777	0.01066	0.01326	0.00917	0.00750	0.03094	0.00200	0.02587	0.00460	0.00306	0.00865

[dist]
# distance from previous block
# <min> <max>
1	20

[block]
# block no. 2 follows, 33 sequences, length 10
# corresponding to MSA columns:
# 212-221
name=unknown_C
#
# <colnr> <probs for GDERKNQSTAVLIFYWHMCP>
#	G	D	E	R	K	N	Q	S	T	A	V	L	I	F	Y	W	H	M	C	P
0	0.01246	0.12953	0.05998	0.01456	0.10130	0.05418	0.01060	0.01494	0.01419	0.01866	0.07916	0.30902	0.02876	0.01306	0.00703	0.00217	0.00583	0.06245	0.00484	0.05727
1	0.01553	0.06055	0.06564	0.02607	0.36135	0.05262	0.01573	0.01906	0.01453	0.02047	0.01331	0.01893	0.01177	0.00677	0.00672	0.00180	0.03634	0.05245	0.00354	0.19682
2	0.01387	0.01198	0.01123	0.01007	0.01300	0.11208	0.00784	0.08266	0.01787	0.05956	0.16617	0.04383	0.30247	0.01264	0.00722	0.00205	0.00528	0.05128	0.00593	0.06298
3	0.06162	0.08398	0.01751	0.02870	0.01699	0.03517	0.01057	0.07740	0.03404	0.17487	0.01788	0.01887	0.05576	0.00834	0.00920	0.00195	0.16806	0.00577	0.00490	0.16841
4	0.11948	0.04525	0.27877	0.01685	0.02338	0.01641	0.10400	0.14224	0.01678	0.06868	0.01292	0.01477	0.00947	0.00688	0.00730	0.00207	0.06493	0.00535	0.00407	0.04041
5	0.01425	0.01419	0.02013	0.07546	0.01950	0.01973	0.01471	0.01592	0.01033	0.01592	0.00888	0.01465	0.00865	0.01113	0.02042	0.00283	0.69744	0.00577	0.00288	0.00721
6	0.00827	0.00615	0.00771	0.00846	0.00948	0.00559	0.00591	0.00997	0.01448	0.01922	0.20117	0.45920	0.18392	0.01818	0.00813	0.00244	0.00356	0.01618	0.00637	0.00559
7	0.01781	0.66716	0.03193	0.01173	0.01708	0.05875	0.01125	0.02144	0.07905	0.01664	0.01084	0.01193	0.00953	0.00599	0.00454	0.00150	0.00710	0.00392	0.00320	0.00859
8	0.01498	0.01559	0.02032	0.01734	0.01810	0.08617	0.05681	0.01668	0.01140	0.01626	0.01101	0.06678	0.01115	0.01134	0.01836	0.00271	0.58795	0.00665	0.00318	0.00722
9	0.04444	0.09839	0.06826	0.01510	0.06744	0.03063	0.02527	0.22260	0.05783	0.09938	0.05569	0.07801	0.01723	0.01252	0.07500	0.00280	0.00773	0.00710	0.00534	0.00922

[dist]
# distance from previous block
# <min> <max>
0	2

[block]
# block no. 3 follows, 33 sequences, length 48
# corresponding to MSA columns:
# 224-271
name=unknown_D
#
# <colnr> <probs for GDERKNQSTAVLIFYWHMCP>
#	G	D	E	R	K	N	Q	S	T	A	V	L	I	F	Y	W	H	M	C	P
0	0.02461	0.03080	0.01870	0.01688	0.02035	0.71007	0.01271	0.05653	0.01920	0.01724	0.01043	0.01205	0.00860	0.00683	0.00596	0.00171	0.01167	0.00432	0.00353	0.00779
1	0.01588	0.01733	0.15670	0.01401	0.02033	0.01256	0.07119	0.07115	0.10247	0.06782	0.01492	0.01610	0.01129	0.00613	0.00585	0.00159	0.00661	0.00517	0.00444	0.37846
2	0.01457	0.03598	0.02049	0.09042	0.02015	0.03939	0.01466	0.01633	0.01072	0.01594	0.00900	0.01454	0.00865	0.01074	0.01919	0.00274	0.64068	0.00567	0.00290	0.00726
3	0.01685	0.01421	0.01514	0.01343	0.01717	0.01636	0.01051	0.09678	0.61773	0.02826	0.02533	0.02380	0.01909	0.01077	0.04187	0.00261	0.00599	0.00728	0.00654	0.01028
4	0.00957	0.00638	0.00718	0.00718	0.00718	0.00638	0.00399	0.00957	0.00957	0.01276	0.02074	0.04308	0.02393	0.76864	0.03351	0.00638	0.00638	0.00957	0.00399	0.00399
5	0.01320	0.03405	0.73453	0.01876	0.02849	0.01529	0.02432	0.02085	0.01390	0.02085	0.01181	0.01390	0.00834	0.00625	0.00625	0.00208	0.00973	0.00486	0.00278	0.00973
6	0.00827	0.00673	0.00735	0.00730	0.00934	0.00580	0.00555	0.01033	0.01584	0.01985	0.21590	0.06063	0.54008	0.01601	0.00784	0.00223	0.00341	0.04544	0.00637	0.00573
7	0.01629	0.20181	0.38978	0.01602	0.02332	0.05871	0.04187	0.02139	0.01437	0.08714	0.01288	0.01473	0.00972	0.00909	0.05354	0.00245	0.00939	0.00493	0.00341	0.00917
8	0.01760	0.77260	0.03450	0.01126	0.01690	0.02605	0.01126	0.01971	0.01338	0.01549	0.00915	0.01056	0.00845	0.00563	0.00422	0.00141	0.00704	0.00352	0.00282	0.00845
9	0.00810	0.00576	0.00762	0.00907	0.00943	0.00540	0.00601	0.00919	0.01245	0.01660	0.03551	0.72844	0.04257	0.05785	0.00965	0.00286	0.00395	0.01826	0.00601	0.00528
10	0.01496	0.01430	0.02387	0.19373	0.48345	0.01548	0.01871	0.01864	0.01403	0.01976	0.01274	0.04349	0.01109	0.00710	0.00805	0.00212	0.07965	0.00632	0.00325	0.00925
11	0.01668	0.01637	0.02635	0.03933	0.69499	0.04911	0.01986	0.02048	0.01516	0.02126	0.01228	0.01609	0.01034	0.00591	0.00649	0.00194	0.00801	0.00579	0.00326	0.01030
12	0.00802	0.00573	0.00764	0.00917	0.00955	0.00535	0.00611	0.00917	0.01260	0.01681	0.03628	0.76434	0.04354	0.02062	0.00840	0.00267	0.00382	0.01872	0.00611	0.00535
13	0.00778	0.00667	0.00667	0.00667	0.00889	0.00556	0.00500	0.00945	0.01501	0.01778	0.06669	0.06336	0.72490	0.01667	0.00778	0.00222	0.00333	0.01389	0.00611	0.00556
14	0.01832	0.01126	0.01768	0.01712	0.11906	0.01059	0.09999	0.02208	0.05114	0.26852	0.08430	0.12981	0.05344	0.01152	0.02646	0.00242	0.00639	0.03485	0.00611	0.00895
15	0.01623	0.01582	0.02774	0.03935	0.66940	0.01573	0.07757	0.02028	0.01504	0.02147	0.01246	0.01642	0.01039	0.00584	0.00662	0.00198	0.00810	0.00603	0.00326	0.01030
16	0.01564	0.01319	0.01405	0.01257	0.01608	0.01493	0.00979	0.06978	0.56406	0.02760	0.09557	0.02893	0.06927	0.00981	0.00686	0.00220	0.00500	0.00820	0.00671	0.00975
17	0.05213	0.01509	0.01610	0.08425	0.02016	0.03710	0.01136	0.21524	0.37009	0.02955	0.02340	0.02277	0.05626	0.00869	0.00659	0.00213	0.00619	0.00699	0.00607	0.00984
18	0.01739	0.06922	0.22611	0.02359	0.19582	0.01529	0.13769	0.04799	0.01586	0.12688	0.01544	0.01928	0.01190	0.00693	0.00666	0.00207	0.00844	0.03959	0.00410	0.00976
19	0.01705	0.70931	0.05855	0.01139	0.01698	0.02471	0.01149	0.01941	0.01365	0.01620	0.04343	0.01253	0.01101	0.00603	0.00447	0.00146	0.00695	0.00397	0.00303	0.00839
20	0.00801	0.00575	0.00761	0.00910	0.00953	0.00535	0.00608	0.00917	0.01267	0.01683	0.03710	0.74546	0.06190	0.02052	0.00839	0.00266	0.00381	0.01859	0.00611	0.00535
21	0.02302	0.10671	0.18352	0.01390	0.02008	0.01394	0.02914	0.05678	0.06264	0.39304	0.02007	0.01881	0.01343	0.00740	0.00628	0.00199	0.00689	0.00590	0.00602	0.01044
22	0.01513	0.07527	0.57390	0.01942	0.08231	0.01548	0.02194	0.02170	0.01438	0.08198	0.01292	0.01462	0.00920	0.00635	0.00618	0.00203	0.00906	0.00501	0.00328	0.00983
23	0.02779	0.01259	0.01529	0.01207	0.01686	0.05795	0.00983	0.03134	0.06396	0.61983	0.04458	0.02261	0.01732	0.00826	0.00661	0.00203	0.00592	0.00667	0.00772	0.01078
24	0.01760	0.77260	0.03450	0.01126	0.01690	0.02605	0.01126	0.01971	0.01338	0.01549	0.00915	0.01056	0.00845	0.00563	0.00422	0.00141	0.00704	0.00352	0.00282	0.00845
25	0.01401	0.01363	0.02104	0.46346	0.23221	0.05639	0.01785	0.01798	0.01382	0.01799	0.01219	0.01741	0.00972	0.00917	0.05420	0.00264	0.00926	0.00584	0.00308	0.00811
26	0.01503	0.01429	0.02425	0.20117	0.53917	0.01494	0.01912	0.01893	0.01446	0.02022	0.01333	0.05104	0.01158	0.00671	0.00662	0.00204	0.00785	0.00645	0.00331	0.00948
27	0.01243	0.01170	0.01975	0.75282	0.04534	0.01463	0.01828	0.01682	0.01316	0.01682	0.01170	0.01755	0.00878	0.00658	0.00658	0.00219	0.00878	0.00585	0.00293	0.00731
28	0.01374	0.01304	0.02211	0.51154	0.27639	0.01497	0.01893	0.01797	0.01378	0.01841	0.01193	0.01713	0.00934	0.00634	0.00656	0.00211	0.00845	0.00586	0.00304	0.00837
29	0.06659	0.04322	0.50488	0.02026	0.08638	0.01532	0.08769	0.02134	0.01425	0.06198	0.01259	0.01469	0.00905	0.00624	0.00626	0.00207	0.00911	0.00522	0.00326	0.00960
30	0.01511	0.11174	0.51098	0.01872	0.02703	0.09194	0.09379	0.02132	0.01451	0.01980	0.01152	0.01374	0.00854	0.00617	0.00616	0.00199	0.00981	0.00496	0.00291	0.00928
31	0.00957	0.00638	0.00718	0.00718	0.00718	0.00638	0.00399	0.00957	0.00957	0.01276	0.02074	0.04308	0.02393	0.76864	0.03351	0.00638	0.00638	0.00957	0.00399	0.00399
32	0.01630	0.01556	0.02604	0.03885	0.68667	0.01568	0.01964	0.02105	0.05533	0.02185	0.01321	0.01677	0.01098	0.00604	0.00653	0.00197	0.00767	0.00596	0.00346	0.01043
33	0.01439	0.02617	0.41151	0.02374	0.10632	0.01580	0.23652	0.02139	0.04120	0.02125	0.01292	0.01578	0.00953	0.00609	0.00678	0.00212	0.00978	0.00598	0.00315	0.00957
34	0.00990	0.00779	0.01154	0.01125	0.01231	0.00942	0.00884	0.01216	0.01053	0.01534	0.01674	0.02472	0.01568	0.04560	0.67069	0.00981	0.09129	0.00692	0.00346	0.00601
35	0.01320	0.03405	0.73453	0.01876	0.02849	0.01529	0.02432	0.02085	0.01390	0.02085	0.01181	0.01390	0.00834	0.00625	0.00625	0.00208	0.00973	0.00486	0.00278	0.00973
36	0.00982	0.00706	0.00968	0.01114	0.01238	0.00691	0.00921	0.01230	0.01448	0.01887	0.03644	0.25547	0.06548	0.01877	0.00886	0.00291	0.00537	0.48292	0.00608	0.00585
37	0.01503	0.02110	0.18622	0.02589	0.04957	0.01642	0.52602	0.02089	0.01505	0.02092	0.01286	0.01682	0.00962	0.00585	0.00775	0.00220	0.02848	0.00706	0.00320	0.00906
38	0.01584	0.01506	0.02556	0.03833	0.68108	0.01503	0.01930	0.01970	0.01523	0.02182	0.05849	0.01842	0.01378	0.00636	0.00660	0.00196	0.00752	0.00626	0.00352	0.01015
39	0.01430	0.02742	0.47594	0.02606	0.24999	0.01547	0.05683	0.02066	0.01433	0.02107	0.01207	0.01485	0.00908	0.00610	0.00641	0.00205	0.00919	0.00533	0.00296	0.00991
40	0.00947	0.00650	0.00792	0.00799	0.00826	0.00673	0.00499	0.01002	0.00992	0.01348	0.02077	0.07153	0.02322	0.58220	0.18335	0.00711	0.00866	0.00944	0.00399	0.00445
41	0.03871	0.03130	0.63165	0.02090	0.10715	0.01531	0.02332	0.02073	0.01394	0.02120	0.01180	0.01407	0.00854	0.00621	0.00622	0.00207	0.00937	0.00494	0.00287	0.00973
42	0.01494	0.01969	0.19306	0.13130	0.37886	0.01555	0.11119	0.02001	0.01456	0.02066	0.01228	0.01610	0.00965	0.00601	0.00663	0.00205	0.00883	0.00588	0.00311	0.00963
43	0.01394	0.02416	0.35322	0.02146	0.02860	0.01562	0.28337	0.01987	0.01429	0.02037	0.01466	0.01948	0.03009	0.00726	0.00833	0.00225	0.07439	0.03651	0.00324	0.00891
44	0.01524	0.02267	0.30836	0.02221	0.07353	0.01478	0.26878	0.03511	0.01528	0.06723	0.01553	0.04316	0.01250	0.00729	0.00709	0.00219	0.00938	0.04670	0.00374	0.00924
45	0.01589	0.01469	0.02528	0.08061	0.56371	0.01470	0.06290	0.01971	0.01494	0.04662	0.01528	0.05353	0.02848	0.00693	0.00673	0.00203	0.00772	0.00681	0.00362	0.00981
46	0.01001	0.00795	0.01156	0.01511	0.13715	0.00766	0.00947	0.01209	0.01377	0.01833	0.03429	0.42674	0.09320	0.01717	0.00817	0.00259	0.00496	0.15777	0.00560	0.00641
47	0.01658	0.02066	0.13064	0.18719	0.28703	0.15738	0.04340	0.02124	0.03714	0.01950	0.01220	0.01566	0.00966	0.00635	0.00643	0.00199	0.00915	0.00551	0.00325	0.00904

[dist]
# distance from previous block
# <min> <max>
4	15

[block]
# block no. 4 follows, 33 sequences, length 20
# corresponding to MSA columns:
# 288-307
name=unknown_E
#
# <colnr> <probs for GDERKNQSTAVLIFYWHMCP>
#	G	D	E	R	K	N	Q	S	T	A	V	L	I	F	Y	W	H	M	C	P
0	0.01468	0.01368	0.02146	0.49561	0.23132	0.04824	0.01825	0.01874	0.01413	0.04397	0.01234	0.01712	0.00949	0.00645	0.00654	0.00210	0.00854	0.00581	0.00323	0.00833
1	0.01601	0.01936	0.15077	0.03588	0.58283	0.03816	0.02069	0.02051	0.01491	0.02122	0.01221	0.01574	0.01000	0.00596	0.00645	0.00197	0.00828	0.00564	0.00318	0.01022
2	0.01522	0.04732	0.18567	0.03114	0.40115	0.01575	0.13769	0.02009	0.01478	0.02093	0.01427	0.01751	0.03574	0.00628	0.00664	0.00202	0.00862	0.00618	0.00325	0.00976
3	0.00907	0.00661	0.00931	0.00970	0.01050	0.00721	0.00704	0.01076	0.01095	0.01530	0.02293	0.21976	0.02459	0.14973	0.44609	0.00790	0.01237	0.01045	0.00427	0.00546
4	0.01292	0.04386	0.46357	0.03636	0.02478	0.01343	0.06919	0.01878	0.01420	0.03765	0.03925	0.10978	0.01688	0.00912	0.00686	0.00222	0.00843	0.06028	0.00375	0.00869
5	0.01648	0.10094	0.25572	0.07270	0.15419	0.09177	0.09786	0.02156	0.02945	0.05261	0.01249	0.01511	0.00959	0.00645	0.00684	0.00200	0.03623	0.00541	0.00334	0.00923
6	0.01426	0.10162	0.51229	0.02205	0.14044	0.01647	0.06179	0.02065	0.01412	0.02045	0.01174	0.01419	0.00878	0.00609	0.00619	0.00201	0.00924	0.00506	0.00289	0.00967
7	0.00887	0.00752	0.02510	0.00968	0.01121	0.00672	0.04452	0.01070	0.01329	0.01747	0.08489	0.33016	0.20928	0.09041	0.09532	0.00374	0.00601	0.01395	0.00547	0.00568
8	0.01514	0.04600	0.14029	0.05307	0.36196	0.01627	0.11358	0.01951	0.01432	0.02048	0.03734	0.01690	0.01155	0.00684	0.00841	0.00211	0.09747	0.00609	0.00326	0.00940
9	0.01621	0.08872	0.33293	0.04910	0.11489	0.01518	0.10319	0.02153	0.01484	0.11523	0.01507	0.03385	0.01170	0.00706	0.00651	0.00207	0.00858	0.03003	0.00382	0.00948
10	0.01308	0.01423	0.10930	0.04413	0.14230	0.01161	0.15903	0.01695	0.01453	0.04512	0.02287	0.20154	0.02324	0.01176	0.00769	0.00241	0.00743	0.14026	0.00458	0.00792
11	0.01520	0.05661	0.37205	0.02457	0.21097	0.05318	0.08600	0.02182	0.05847	0.02100	0.01285	0.01532	0.00979	0.00625	0.00640	0.00203	0.00908	0.00548	0.00324	0.00972
12	0.01558	0.02637	0.44678	0.02379	0.18346	0.01499	0.08618	0.02174	0.01474	0.08502	0.01336	0.01556	0.00968	0.00627	0.00649	0.00206	0.00906	0.00552	0.00342	0.00994
13	0.01795	0.01502	0.02475	0.03560	0.60654	0.01493	0.01844	0.02236	0.04748	0.11035	0.01473	0.01743	0.01160	0.00629	0.00654	0.00198	0.00743	0.00603	0.00403	0.01052
14	0.01467	0.01466	0.02158	0.02050	0.10635	0.01949	0.03710	0.01655	0.01087	0.01672	0.00926	0.01475	0.00891	0.01063	0.01928	0.00274	0.63950	0.00584	0.00294	0.00766
15	0.01631	0.06155	0.05822	0.03379	0.53621	0.06115	0.04012	0.02014	0.01510	0.02064	0.01368	0.01980	0.01206	0.00681	0.00656	0.00200	0.00809	0.05457	0.00342	0.00974
16	0.01617	0.09448	0.07927	0.03011	0.38005	0.04564	0.12617	0.02003	0.01437	0.01987	0.01161	0.01536	0.00971	0.00656	0.00832	0.00206	0.10187	0.00578	0.00315	0.00942
17	0.01440	0.01440	0.02016	0.01728	0.01728	0.02016	0.01440	0.01584	0.01008	0.01584	0.00864	0.01440	0.00864	0.01152	0.02160	0.00288	0.75659	0.00576	0.00288	0.00720
18	0.01512	0.06456	0.43107	0.02073	0.09924	0.01522	0.11428	0.02114	0.01450	0.06523	0.01282	0.01502	0.00939	0.00610	0.00631	0.00197	0.00896	0.00534	0.00333	0.06969
19	0.01463	0.01422	0.04873	0.02159	0.26884	0.01174	0.03652	0.01819	0.01420	0.02143	0.01200	0.01474	0.00994	0.00531	0.00561	0.00141	0.00633	0.00477	0.00361	0.46619

[dist]
# distance from previous block
# <min> <max>
0	38

[block]
# block no. 5 follows, 33 sequences, length 9
# corresponding to MSA columns:
# 346-354
name=unknown_F
#
# <colnr> <probs for GDERKNQSTAVLIFYWHMCP>
#	G	D	E	R	K	N	Q	S	T	A	V	L	I	F	Y	W	H	M	C	P
0	0.00910	0.00672	0.00850	0.00805	0.00970	0.00612	0.00604	0.01200	0.01812	0.02518	0.63132	0.05118	0.15566	0.01391	0.00777	0.00209	0.00314	0.01219	0.00709	0.00612
1	0.01144	0.00572	0.00858	0.00858	0.00858	0.00572	0.00572	0.00858	0.00858	0.01144	0.01144	0.02001	0.01144	0.02287	0.02573	0.80846	0.00572	0.00572	0.00286	0.00286
2	0.01393	0.02961	0.55920	0.02335	0.15864	0.01544	0.06646	0.02074	0.01421	0.02099	0.01201	0.01459	0.00883	0.00614	0.00640	0.00207	0.00946	0.00523	0.00290	0.00981
3	0.01532	0.02117	0.23047	0.03264	0.44102	0.01567	0.10698	0.02050	0.01475	0.02127	0.01234	0.01579	0.00978	0.00594	0.00660	0.00203	0.00878	0.00582	0.00313	0.01003
4	0.12824	0.01818	0.08872	0.02372	0.03013	0.01626	0.52151	0.02143	0.04521	0.02254	0.01320	0.01675	0.00989	0.00583	0.00708	0.00218	0.00989	0.00693	0.00354	0.00877
5	0.01760	0.77260	0.03450	0.01126	0.01690	0.02605	0.01126	0.01971	0.01338	0.01549	0.00915	0.01056	0.00845	0.00563	0.00422	0.00141	0.00704	0.00352	0.00282	0.00845
6	0.01581	0.01715	0.02348	0.01917	0.02111	0.12066	0.16397	0.01817	0.01259	0.01707	0.01107	0.04718	0.01042	0.00995	0.01581	0.00256	0.45655	0.00654	0.00319	0.00755
7	0.01037	0.00741	0.01034	0.01185	0.01326	0.00737	0.01020	0.01323	0.01492	0.01944	0.03499	0.13755	0.03841	0.01841	0.00903	0.00300	0.00586	0.62231	0.00607	0.00600
8	0.01703	0.35831	0.21201	0.01735	0.05772	0.08623	0.10256	0.04384	0.01493	0.01880	0.01084	0.01290	0.00881	0.00597	0.00554	0.00176	0.00872	0.00466	0.00307	0.00895

[dist]
# distance from previous block
# <min> <max>
0	1

[block]
# block no. 6 follows, 33 sequences, length 12
# corresponding to MSA columns:
# 356-367
name=unknown_G
#
# <colnr> <probs for GDERKNQSTAVLIFYWHMCP>
#	G	D	E	R	K	N	Q	S	T	A	V	L	I	F	Y	W	H	M	C	P
0	0.01554	0.05278	0.17229	0.02449	0.07794	0.06606	0.41335	0.02087	0.01545	0.02074	0.04617	0.01768	0.01199	0.00617	0.00711	0.00210	0.01011	0.00684	0.00338	0.00892
1	0.01700	0.44086	0.15758	0.01726	0.08072	0.07504	0.08997	0.02059	0.01423	0.01760	0.01043	0.01252	0.00877	0.00584	0.00529	0.00168	0.00838	0.00447	0.00295	0.00883
2	0.00957	0.00638	0.00718	0.00718	0.00718	0.00638	0.00399	0.00957	0.00957	0.01276	0.02074	0.04308	0.02393	0.76864	0.03351	0.00638	0.00638	0.00957	0.00399	0.00399
3	0.01968	0.55241	0.02979	0.01296	0.01792	0.23880	0.01170	0.02167	0.01494	0.01567	0.00946	0.01095	0.00846	0.00597	0.00473	0.00149	0.00848	0.00373	0.00299	0.00821
4	0.01365	0.01170	0.01365	0.00975	0.01560	0.00878	0.00780	0.01658	0.01365	0.02145	0.01170	0.01365	0.00975	0.00488	0.00488	0.00098	0.00488	0.00390	0.00390	0.80888
5	0.01553	0.01494	0.02503	0.14317	0.55570	0.01595	0.01934	0.01927	0.01423	0.02025	0.01191	0.01629	0.01001	0.00654	0.00804	0.00208	0.08306	0.00585	0.00317	0.00964
6	0.01822	0.01382	0.01570	0.01465	0.05949	0.01529	0.01084	0.09673	0.48300	0.10788	0.07110	0.02462	0.02102	0.00886	0.00674	0.00216	0.00547	0.00741	0.00668	0.01030
7	0.00957	0.00638	0.00718	0.00718	0.00718	0.00638	0.00399	0.00957	0.00957	0.01276	0.02074	0.04308	0.02393	0.76864	0.03351	0.00638	0.00638	0.00957	0.00399	0.00399
8	0.00957	0.00638	0.00718	0.00718	0.00718	0.00638	0.00399	0.00957	0.00957	0.01276	0.02074	0.04308	0.02393	0.76864	0.03351	0.00638	0.00638	0.00957	0.00399	0.00399
9	0.01233	0.00951	0.01262	0.01236	0.01382	0.01081	0.01014	0.08951	0.01463	0.01992	0.02419	0.07397	0.02526	0.08836	0.16051	0.00469	0.12031	0.28553	0.00496	0.00655
10	0.00907	0.00675	0.00851	0.00957	0.01069	0.00646	0.00716	0.01144	0.04164	0.01796	0.04007	0.39310	0.15976	0.05752	0.00971	0.00286	0.00451	0.19151	0.00601	0.00570
11	0.01440	0.01440	0.02016	0.01728	0.01728	0.02016	0.01440	0.01584	0.01008	0.01584	0.00864	0.01440	0.00864	0.01152	0.02160	0.00288	0.75659	0.00576	0.00288	0.00720

[dist]
# distance from previous block
# <min> <max>
0	12

[block]
# block no. 7 follows, 33 sequences, length 26
# corresponding to MSA columns:
# 380-405
name=unknown_H
#
# <colnr> <probs for GDERKNQSTAVLIFYWHMCP>
#	G	D	E	R	K	N	Q	S	T	A	V	L	I	F	Y	W	H	M	C	P
0	0.01760	0.77260	0.03450	0.01126	0.01690	0.02605	0.01126	0.01971	0.01338	0.01549	0.00915	0.01056	0.00845	0.00563	0.00422	0.00141	0.00704	0.00352	0.00282	0.00845
1	0.00839	0.00620	0.00784	0.00847	0.00953	0.00565	0.00596	0.01023	0.01489	0.01997	0.25680	0.42372	0.16270	0.01772	0.00810	0.00241	0.00352	0.01578	0.00647	0.00565
2	0.01760	0.77260	0.03450	0.01126	0.01690	0.02605	0.01126	0.01971	0.01338	0.01549	0.00915	0.01056	0.00845	0.00563	0.00422	0.00141	0.00704	0.00352	0.00282	0.00845
3	0.64331	0.01392	0.01321	0.01095	0.01538	0.01573	0.05705	0.11973	0.01439	0.03069	0.01043	0.01194	0.00793	0.00633	0.00470	0.00204	0.00583	0.00421	0.00439	0.00785
4	0.02459	0.03138	0.01866	0.01696	0.02035	0.74221	0.01272	0.02629	0.01866	0.01611	0.01018	0.01187	0.00848	0.00678	0.00594	0.00170	0.01187	0.00424	0.00339	0.00763
5	0.77455	0.01369	0.01014	0.00908	0.01312	0.05212	0.00742	0.01971	0.01159	0.02885	0.00922	0.01075	0.00720	0.00615	0.00417	0.00202	0.00544	0.00360	0.00404	0.00716
6	0.00932	0.00664	0.00877	0.00889	0.00975	0.00677	0.00633	0.01109	0.01293	0.01795	0.21081	0.12961	0.03524	0.24203	0.21423	0.00574	0.00822	0.04522	0.00510	0.00537
7	0.01144	0.00572	0.00858	0.00858	0.00858	0.00572	0.00572	0.00858	0.00858	0.01144	0.01144	0.02001	0.01144	0.02287	0.02573	0.80846	0.00572	0.00572	0.00286	0.00286
8	0.01760	0.77260	0.03450	0.01126	0.01690	0.02605	0.01126	0.01971	0.01338	0.01549	0.00915	0.01056	0.00845	0.00563	0.00422	0.00141	0.00704	0.00352	0.00282	0.00845
9	0.01656	0.02538	0.40956	0.01985	0.02782	0.01478	0.20300	0.02318	0.03790	0.13562	0.01498	0.01665	0.01044	0.00646	0.00673	0.00212	0.00928	0.00601	0.00392	0.00976
10	0.02045	0.31590	0.07275	0.01426	0.01922	0.25754	0.03677	0.02378	0.05091	0.09125	0.01395	0.01478	0.02863	0.00676	0.00551	0.00170	0.00861	0.00479	0.00385	0.00859
11	0.01320	0.03405	0.73453	0.01876	0.02849	0.01529	0.02432	0.02085	0.01390	0.02085	0.01181	0.01390	0.00834	0.00625	0.00625	0.00208	0.00973	0.00486	0.00278	0.00973
12	0.00917	0.00662	0.00867	0.00838	0.00980	0.00612	0.00620	0.01206	0.01797	0.02534	0.64787	0.12843	0.06006	0.01425	0.00784	0.00214	0.00318	0.01266	0.00712	0.00612
13	0.01629	0.01564	0.02672	0.04041	0.72757	0.01564	0.02020	0.02020	0.01499	0.02151	0.01238	0.01629	0.01043	0.00587	0.00652	0.00196	0.00782	0.00587	0.00326	0.01043
14	0.02376	0.01154	0.01455	0.01186	0.01617	0.01112	0.00962	0.06331	0.16076	0.45240	0.10227	0.02728	0.02259	0.00923	0.00685	0.00211	0.00535	0.03131	0.00760	0.01032
15	0.00823	0.00588	0.00788	0.00940	0.00988	0.00553	0.00647	0.00953	0.01281	0.01704	0.03617	0.70878	0.04309	0.02043	0.00846	0.00270	0.00400	0.07222	0.00611	0.00540
16	0.00957	0.00638	0.00718	0.00718	0.00718	0.00638	0.00399	0.00957	0.00957	0.01276	0.02074	0.04308	0.02393	0.76864	0.03351	0.00638	0.00638	0.00957	0.00399	0.00399
17	0.00927	0.00746	0.00982	0.03199	0.05887	0.00720	0.00769	0.01134	0.01468	0.01930	0.16500	0.27670	0.24958	0.01626	0.00844	0.00240	0.03079	0.06123	0.00592	0.00608
18	0.01659	0.01668	0.02420	0.09317	0.54765	0.09466	0.01839	0.02068	0.03717	0.02060	0.01446	0.01784	0.03568	0.00650	0.00651	0.00196	0.00810	0.00602	0.00346	0.00970
19	0.01320	0.03405	0.73453	0.01876	0.02849	0.01529	0.02432	0.02085	0.01390	0.02085	0.01181	0.01390	0.00834	0.00625	0.00625	0.00208	0.00973	0.00486	0.00278	0.00973
20	0.00805	0.00584	0.00761	0.00893	0.00951	0.00540	0.00603	0.00932	0.01304	0.01727	0.06619	0.67935	0.09914	0.02002	0.00833	0.00261	0.00375	0.01806	0.00616	0.00540
21	0.01893	0.48098	0.02987	0.01409	0.01893	0.14773	0.05762	0.06901	0.01540	0.01783	0.01003	0.01194	0.00876	0.00646	0.00632	0.00167	0.06851	0.00428	0.00322	0.00843
22	0.01629	0.01564	0.02672	0.04041	0.72757	0.01564	0.02020	0.02020	0.01499	0.02151	0.01238	0.01629	0.01043	0.00587	0.00652	0.00196	0.00782	0.00587	0.00326	0.01043
