[name]
unknown

[dist]
# distance from previous block
# <min> <max>
9	279

[block]
# block no. 0 follows, 33 sequences, length 48
# corresponding to MSA columns:
# 291-338
name=unknown_A
#
# <colnr> <probs for GDERKNQSTAVLIFYWHMCP>
#	G	D	E	R	K	N	Q	S	T	A	V	L	I	F	Y	W	H	M	C	P
0	0.05675	0.01840	0.05466	0.07312	0.27561	0.11205	0.03357	0.15576	0.06232	0.05438	0.01401	0.01607	0.01078	0.00671	0.00634	0.00195	0.00802	0.00564	0.00435	0.02949
1	0.09388	0.01859	0.12213	0.11111	0.06537	0.05163	0.24282	0.07481	0.06768	0.02310	0.01405	0.03600	0.01100	0.00672	0.00665	0.00210	0.00878	0.00645	0.00387	0.03324
2	0.44107	0.01466	0.04648	0.01134	0.01580	0.03002	0.02732	0.10772	0.09538	0.08808	0.03409	0.01676	0.03194	0.00733	0.00534	0.00206	0.00583	0.00525	0.00507	0.00846
3	0.01580	0.04826	0.01858	0.01714	0.10486	0.03258	0.08604	0.16106	0.06481	0.04083	0.02276	0.16998	0.03914	0.03311	0.03400	0.00262	0.00709	0.06967	0.00522	0.02645
4	0.11911	0.01615	0.01780	0.01403	0.01896	0.01755	0.04303	0.38407	0.16435	0.03422	0.01668	0.01682	0.01229	0.00747	0.00618	0.00195	0.00651	0.00582	0.00588	0.09113
5	0.00809	0.00588	0.00766	0.00905	0.00964	0.00544	0.00617	0.00935	0.01290	0.01699	0.03890	0.67844	0.10304	0.02019	0.00837	0.00265	0.00386	0.04187	0.00611	0.00539
6	0.04583	0.02120	0.13937	0.01489	0.02057	0.13399	0.01358	0.28547	0.02213	0.17585	0.01593	0.01596	0.01114	0.00729	0.00627	0.00191	0.00790	0.00545	0.00554	0.04973
7	0.01393	0.15548	0.61943	0.01753	0.02659	0.01706	0.02218	0.02066	0.01381	0.01997	0.01138	0.01335	0.00836	0.00615	0.00592	0.00197	0.00929	0.00464	0.00279	0.00952
8	0.01416	0.01346	0.02286	0.43435	0.35032	0.01508	0.01914	0.01833	0.01398	0.01892	0.01201	0.01699	0.00951	0.00626	0.00655	0.00209	0.00835	0.00586	0.00307	0.00871
9	0.00933	0.00676	0.00896	0.00849	0.01001	0.00639	0.00639	0.01236	0.01791	0.02540	0.66068	0.04708	0.05802	0.01668	0.07372	0.00283	0.00441	0.01147	0.00691	0.00618
10	0.01534	0.01719	0.03678	0.08416	0.06956	0.01644	0.61710	0.02072	0.01533	0.02078	0.01315	0.01767	0.00992	0.00564	0.00762	0.00220	0.01076	0.00753	0.00330	0.00884
11	0.01750	0.08783	0.03454	0.02411	0.03009	0.13995	0.50652	0.04013	0.01628	0.02029	0.01248	0.01607	0.00963	0.00583	0.00711	0.00205	0.01076	0.00674	0.00338	0.00869
12	0.00802	0.00573	0.00764	0.00917	0.00955	0.00535	0.00611	0.00917	0.01260	0.01681	0.03628	0.76434	0.04354	0.02062	0.00840	0.00267	0.00382	0.01872	0.00611	0.00535
13	0.01393	0.01157	0.01330	0.01313	0.04940	0.01269	0.00960	0.07500	0.33926	0.02474	0.07858	0.14643	0.10653	0.01223	0.00767	0.00231	0.02596	0.04286	0.00626	0.00855
14	0.01676	0.38263	0.33762	0.01457	0.02194	0.01989	0.01681	0.02132	0.01409	0.08215	0.01182	0.01308	0.00911	0.00613	0.00532	0.00176	0.00808	0.00438	0.00328	0.00925
15	0.01197	0.00759	0.01046	0.01138	0.01307	0.00737	0.00960	0.01443	0.01492	0.08288	0.03454	0.13260	0.06710	0.01768	0.00955	0.04184	0.00566	0.49499	0.00610	0.00628
16	0.02380	0.02029	0.01690	0.01447	0.01859	0.28813	0.01130	0.09919	0.20082	0.20962	0.01921	0.01833	0.01382	0.00781	0.00638	0.00195	0.00803	0.00587	0.00582	0.00966
17	0.01770	0.01257	0.01634	0.01395	0.01739	0.09119	0.10775	0.02102	0.03483	0.21337	0.09192	0.08297	0.05874	0.01269	0.02849	0.00254	0.00706	0.15536	0.00600	0.00809
18	0.01663	0.01536	0.02582	0.05612	0.66629	0.01545	0.01952	0.02095	0.03642	0.04449	0.01324	0.01677	0.01087	0.00605	0.00653	0.00197	0.00769	0.00594	0.00351	0.01038
19	0.01414	0.01337	0.02265	0.37407	0.37158	0.01480	0.01871	0.01820	0.01391	0.01900	0.01232	0.01735	0.00995	0.00833	0.04260	0.00249	0.00875	0.00592	0.00311	0.00874
20	0.02140	0.01489	0.01684	0.01264	0.01810	0.01454	0.01035	0.35220	0.02276	0.13178	0.01571	0.01593	0.01138	0.00680	0.00595	0.00161	0.00612	0.00527	0.00580	0.30993
21	0.00884	0.00654	0.00828	0.00840	0.00980	0.00598	0.00621	0.01128	0.01654	0.02254	0.43088	0.21034	0.16559	0.01580	0.00797	0.00228	0.00345	0.04662	0.00675	0.00591
22	0.00826	0.00626	0.00767	0.00862	0.00977	0.00568	0.00621	0.00985	0.01389	0.01781	0.07437	0.43652	0.26518	0.01880	0.00824	0.00254	0.00386	0.08478	0.00615	0.00552
23	0.01523	0.01375	0.02162	0.40743	0.25151	0.01538	0.01768	0.10279	0.01594	0.02152	0.01242	0.01677	0.00963	0.00644	0.00648	0.00204	0.00811	0.00577	0.00352	0.04596
24	0.00903	0.00625	0.00725	0.00762	0.00792	0.00605	0.00460	0.00946	0.01081	0.01421	0.02869	0.22222	0.09168	0.51725	0.02503	0.00510	0.00548	0.01221	0.00470	0.00446
25	0.02385	0.02983	0.01832	0.01664	0.02006	0.67706	0.01251	0.02707	0.08122	0.01714	0.01167	0.01301	0.00952	0.00698	0.00600	0.00174	0.01127	0.00453	0.00369	0.00788
26	0.54518	0.01171	0.01026	0.00933	0.01287	0.01317	0.00746	0.04126	0.06416	0.05245	0.03546	0.08422	0.04689	0.00987	0.02955	0.00240	0.00536	0.00621	0.00484	0.00735
27	0.04189	0.01999	0.01884	0.01521	0.01978	0.26565	0.06546	0.13215	0.01953	0.22052	0.01578	0.01608	0.01129	0.00717	0.00664	0.00185	0.02779	0.00543	0.00526	0.08369
28	0.01567	0.01486	0.02451	0.15521	0.55154	0.01554	0.01901	0.02097	0.07759	0.02128	0.01356	0.01724	0.01102	0.00626	0.00654	0.00202	0.00774	0.00600	0.00351	0.00991
29	0.00957	0.00638	0.00718	0.00718	0.00718	0.00638	0.00399	0.00957	0.00957	0.01276	0.02074	0.04308	0.02393	0.76864	0.03351	0.00638	0.00638	0.00957	0.00399	0.00399
30	0.01499	0.01431	0.02437	0.28057	0.49758	0.01530	0.01956	0.01906	0.01437	0.01993	0.01215	0.01672	0.00987	0.00611	0.00654	0.00204	0.00814	0.00586	0.00315	0.00938
31	0.01417	0.17614	0.56433	0.01776	0.02654	0.01744	0.05573	0.02064	0.01388	0.01982	0.01137	0.01345	0.00844	0.00610	0.00594	0.00196	0.00928	0.00475	0.00281	0.00944
32	0.00941	0.00686	0.00971	0.00975	0.01063	0.00772	0.00718	0.01118	0.01040	0.01474	0.01887	0.05001	0.01894	0.21646	0.55705	0.00938	0.01463	0.00796	0.00371	0.00542
33	0.00913	0.00672	0.00854	0.00809	0.00972	0.00613	0.00606	0.01206	0.01819	0.02535	0.64383	0.05091	0.14305	0.01385	0.00777	0.00209	0.00313	0.01215	0.00711	0.00613
34	0.01544	0.01477	0.02518	0.19748	0.57715	0.01542	0.01978	0.01946	0.01459	0.02047	0.01223	0.01657	0.01006	0.00602	0.00653	0.00201	0.00803	0.00586	0.00319	0.00974
35	0.02444	0.01819	0.01736	0.01423	0.01877	0.15929	0.01137	0.25657	0.16136	0.21988	0.01962	0.01855	0.01380	0.00795	0.00649	0.00199	0.00731	0.00608	0.00640	0.01034
36	0.01959	0.01373	0.01547	0.01251	0.01717	0.01405	0.01001	0.16282	0.28509	0.15225	0.04267	0.02085	0.01673	0.00785	0.00630	0.00187	0.00555	0.00637	0.00634	0.18278
37	0.01365	0.01170	0.01365	0.00975	0.01560	0.00878	0.00780	0.01658	0.01365	0.02145	0.01170	0.01365	0.00975	0.00488	0.00488	0.00098	0.00488	0.00390	0.00390	0.80888
38	0.01243	0.01170	0.01975	0.75282	0.04534	0.01463	0.01828	0.01682	0.01316	0.01682	0.01170	0.01755	0.00878	0.00658	0.00658	0.00219	0.00878	0.00585	0.00293	0.00731
39	0.02342	0.15682	0.02138	0.01594	0.01977	0.60064	0.01247	0.04402	0.01810	0.01671	0.01016	0.01176	0.00855	0.00662	0.00566	0.00165	0.01092	0.00416	0.00338	0.00787
40	0.00940	0.00705	0.01058	0.01058	0.01176	0.00823	0.00823	0.01176	0.01058	0.01528	0.01763	0.02586	0.01646	0.04937	0.74255	0.01058	0.01763	0.00705	0.00353	0.00588
41	0.02503	0.01844	0.01976	0.01515	0.02042	0.02042	0.01251	0.70562	0.03095	0.04149	0.01581	0.01581	0.01120	0.00790	0.00659	0.00198	0.00724	0.00593	0.00659	0.01120
42	0.00946	0.00686	0.00866	0.00878	0.01015	0.00647	0.00671	0.01182	0.01579	0.02135	0.35378	0.05596	0.13934	0.14317	0.01245	0.00305	0.00439	0.16983	0.00626	0.00571
43	0.00835	0.00669	0.00746	0.00727	0.00924	0.00580	0.00545	0.01055	0.01635	0.02099	0.31095	0.05809	0.47864	0.01548	0.00777	0.00217	0.00325	0.01316	0.00653	0.00580
44	0.00901	0.00672	0.00838	0.00796	0.00965	0.00608	0.00597	0.01184	0.01792	0.02470	0.59444	0.05197	0.19283	0.01409	0.00777	0.00210	0.00315	0.01230	0.00702	0.00608
45	0.01048	0.00749	0.01046	0.01198	0.01344	0.00747	0.01039	0.01342	0.01503	0.01956	0.03493	0.10841	0.03817	0.01831	0.00906	0.00301	0.00595	0.65037	0.00606	0.00603
46	0.00935	0.00629	0.00725	0.00747	0.00753	0.00623	0.00430	0.00951	0.01002	0.01336	0.02302	0.14865	0.02680	0.65915	0.02983	0.00584	0.00601	0.01091	0.00430	0.00419
47	0.01711	0.01569	0.01522	0.01372	0.01741	0.08153	0.01063	0.03420	0.65311	0.02651	0.02530	0.02342	0.01905	0.00874	0.00663	0.00218	0.00581	0.00716	0.00640	0.01017

[dist]
# distance from previous block
# <min> <max>
0	2

[block]
# block no. 1 follows, 33 sequences, length 131
# corresponding to MSA columns:
# 341-389,398-479
name=unknown_B
#
# <colnr> <probs for GDERKNQSTAVLIFYWHMCP>
#	G	D	E	R	K	N	Q	S	T	A	V	L	I	F	Y	W	H	M	C	P
0	0.02822	0.01235	0.04166	0.01281	0.01815	0.01024	0.04716	0.03110	0.01849	0.66940	0.02480	0.02186	0.01568	0.00794	0.00667	0.00205	0.00604	0.00662	0.00770	0.01103
1	0.01397	0.01189	0.01382	0.00990	0.01574	0.00911	0.00793	0.03609	0.01414	0.02202	0.01182	0.01371	0.00979	0.00496	0.00492	0.00100	0.00494	0.00396	0.00398	0.78629
2	0.02199	0.01573	0.02737	0.02002	0.02589	0.01507	0.34096	0.15695	0.01961	0.25986	0.01798	0.01892	0.01231	0.00686	0.00716	0.00211	0.00854	0.00703	0.00555	0.01009
3	0.01261	0.01171	0.01974	0.68720	0.08200	0.01437	0.01795	0.01672	0.01310	0.01689	0.01173	0.01757	0.00896	0.00711	0.00725	0.03035	0.00862	0.00585	0.00294	0.00733
4	0.01484	0.01641	0.03476	0.09928	0.06007	0.01578	0.57112	0.01997	0.01512	0.02044	0.01440	0.05920	0.01175	0.00650	0.00764	0.00223	0.01034	0.00812	0.00344	0.00858
5	0.01227	0.00614	0.00614	0.00614	0.00767	0.00614	0.00460	0.01534	0.01381	0.02454	0.02148	0.02454	0.01687	0.00767	0.00460	0.00153	0.00307	0.00614	0.80518	0.00614
6	0.01631	0.01379	0.02493	0.01872	0.02353	0.01321	0.33750	0.06880	0.03470	0.12015	0.11222	0.02904	0.10154	0.00892	0.00789	0.00220	0.02713	0.02568	0.00518	0.00856
7	0.00787	0.00667	0.00679	0.00676	0.00895	0.00559	0.00507	0.00962	0.01521	0.01827	0.10413	0.06255	0.68716	0.01649	0.00778	0.00221	0.00332	0.01378	0.00618	0.00559
8	0.01227	0.00614	0.00614	0.00614	0.00767	0.00614	0.00460	0.01534	0.01381	0.02454	0.02148	0.02454	0.01687	0.00767	0.00460	0.00153	0.00307	0.00614	0.80518	0.00614
9	0.01303	0.01244	0.02175	0.59182	0.04118	0.01459	0.11127	0.03615	0.01428	0.01862	0.05165	0.01929	0.01197	0.00686	0.00681	0.00218	0.00874	0.00645	0.00332	0.00757
10	0.01395	0.01377	0.01897	0.01621	0.01667	0.01864	0.01346	0.01548	0.01058	0.01626	0.01246	0.01744	0.05377	0.01149	0.01984	0.00274	0.66914	0.00617	0.00314	0.04981
11	0.02677	0.01059	0.01439	0.01124	0.01585	0.00920	0.00920	0.02939	0.01881	0.63553	0.12154	0.02607	0.02257	0.00888	0.00678	0.00204	0.00526	0.00734	0.00802	0.01052
12	0.01978	0.01976	0.01861	0.01657	0.04140	0.24801	0.01280	0.15162	0.01729	0.04592	0.01221	0.01586	0.01040	0.03471	0.06171	0.00290	0.25272	0.00555	0.00403	0.00816
13	0.01651	0.62325	0.13438	0.01231	0.01829	0.02350	0.01298	0.01943	0.01330	0.01625	0.01001	0.01189	0.00888	0.00815	0.04558	0.00202	0.00802	0.00391	0.00285	0.00849
14	0.01320	0.03405	0.73453	0.01876	0.02849	0.01529	0.02432	0.02085	0.01390	0.02085	0.01181	0.01390	0.00834	0.00625	0.00625	0.00208	0.00973	0.00486	0.00278	0.00973
15	0.00952	0.00658	0.00817	0.00817	0.00851	0.00692	0.00522	0.01021	0.00987	0.01350	0.01984	0.03808	0.02176	0.55975	0.23943	0.00760	0.00965	0.00884	0.00385	0.00454
16	0.01572	0.01279	0.01632	0.01403	0.01729	0.03537	0.08951	0.04109	0.32086	0.08724	0.08124	0.16043	0.02522	0.01100	0.00781	0.00229	0.03720	0.00963	0.00611	0.00884
17	0.00788	0.00664	0.00683	0.00686	0.00897	0.00559	0.00511	0.00960	0.01511	0.01823	0.10220	0.08983	0.66141	0.01665	0.00780	0.00223	0.00334	0.01397	0.00618	0.00559
18	0.00909	0.00655	0.00860	0.00844	0.00978	0.00606	0.00619	0.01185	0.01758	0.02471	0.60329	0.17479	0.05885	0.01472	0.00788	0.00218	0.00323	0.01310	0.00705	0.00606
19	0.02954	0.01120	0.01528	0.01171	0.01681	0.00968	0.00968	0.03208	0.01884	0.73213	0.02597	0.02241	0.01630	0.00815	0.00662	0.00204	0.00560	0.00662	0.00815	0.01120
20	0.02410	0.03064	0.01974	0.01754	0.02111	0.70317	0.04990	0.02601	0.01849	0.01638	0.01035	0.01219	0.00856	0.00672	0.00603	0.00172	0.01183	0.00443	0.00339	0.00770
21	0.02503	0.01844	0.01976	0.01515	0.02042	0.02042	0.01251	0.70562	0.03095	0.04149	0.01581	0.01581	0.01120	0.00790	0.00659	0.00198	0.00724	0.00593	0.00659	0.01120
22	0.00953	0.00657	0.00812	0.00812	0.00845	0.00689	0.00516	0.01018	0.00985	0.01346	0.01988	0.03831	0.02186	0.56952	0.22980	0.00754	0.00950	0.00888	0.00386	0.00451
23	0.01250	0.01170	0.01941	0.71149	0.04369	0.01430	0.01770	0.01681	0.01319	0.01708	0.01170	0.01733	0.00883	0.00649	0.00649	0.00213	0.00856	0.00574	0.00298	0.05189
24	0.00972	0.00730	0.01031	0.01015	0.01098	0.00845	0.00757	0.01147	0.01031	0.01472	0.01787	0.02931	0.01780	0.21799	0.53417	0.00916	0.05606	0.00758	0.00360	0.00550
25	0.02422	0.01739	0.01886	0.01465	0.01963	0.01908	0.01202	0.63666	0.02937	0.06895	0.01743	0.05990	0.01330	0.00866	0.00669	0.00202	0.00698	0.00670	0.00662	0.01085
26	0.01669	0.01597	0.02878	0.02083	0.02679	0.01505	0.39733	0.10075	0.01679	0.05101	0.01351	0.01657	0.01026	0.00601	0.00746	0.00191	0.04012	0.00648	0.00402	0.20365
27	0.03992	0.01256	0.01463	0.01225	0.01597	0.01313	0.00991	0.24055	0.08918	0.18701	0.10940	0.07494	0.06050	0.01077	0.00746	0.00218	0.02685	0.05675	0.00676	0.00928
28	0.01015	0.00797	0.01143	0.01111	0.01222	0.00953	0.00863	0.01297	0.03999	0.01570	0.01739	0.02576	0.01633	0.08511	0.60693	0.00930	0.08266	0.00710	0.00363	0.00608
29	0.02427	0.01885	0.01926	0.01508	0.02004	0.06963	0.01233	0.61919	0.04673	0.03853	0.01576	0.01608	0.01141	0.00921	0.03062	0.00224	0.00785	0.00589	0.00627	0.01076
30	0.02322	0.05661	0.01986	0.01806	0.06143	0.59721	0.01320	0.05346	0.01822	0.01745	0.01041	0.01241	0.00872	0.00703	0.00692	0.00179	0.05812	0.00447	0.00346	0.00795
31	0.01602	0.01537	0.02624	0.09002	0.68006	0.01557	0.02007	0.01997	0.01486	0.02118	0.01234	0.01638	0.01031	0.00592	0.00652	0.00197	0.00789	0.00586	0.00324	0.01021
32	0.00808	0.00581	0.00769	0.00917	0.00964	0.00541	0.00620	0.00930	0.01275	0.01691	0.03718	0.72429	0.06421	0.02044	0.00840	0.00267	0.00387	0.03651	0.00611	0.00537
33	0.00957	0.00638	0.00718	0.00718	0.00718	0.00638	0.00399	0.00957	0.00957	0.01276	0.02074	0.04308	0.02393	0.76864	0.03351	0.00638	0.00638	0.00957	0.00399	0.00399
34	0.00957	0.00638	0.00718	0.00718	0.00718	0.00638	0.00399	0.00957	0.00957	0.01276	0.02074	0.04308	0.02393	0.76864	0.03351	0.00638	0.00638	0.00957	0.00399	0.00399
35	0.18534	0.01125	0.01378	0.01090	0.01559	0.01049	0.00897	0.02840	0.01730	0.55083	0.06309	0.02162	0.01712	0.00805	0.00618	0.00204	0.00536	0.00632	0.00728	0.01010
36	0.01351	0.00951	0.01177	0.01154	0.01386	0.00967	0.00953	0.15254	0.01854	0.04923	0.10937	0.13680	0.08754	0.01541	0.00818	0.00257	0.00549	0.32139	0.00638	0.00717
37	0.00923	0.00673	0.00869	0.00820	0.00978	0.00618	0.00615	0.01226	0.01844	0.02594	0.68872	0.04994	0.09778	0.01363	0.00777	0.00208	0.00312	0.01201	0.00719	0.00618
38	0.01760	0.77260	0.03450	0.01126	0.01690	0.02605	0.01126	0.01971	0.01338	0.01549	0.00915	0.01056	0.00845	0.00563	0.00422	0.00141	0.00704	0.00352	0.00282	0.00845
39	0.00956	0.00642	0.00737	0.00737	0.00743	0.00649	0.00422	0.00969	0.00963	0.01290	0.02057	0.04212	0.02352	0.72864	0.07294	0.00662	0.00701	0.00943	0.00396	0.00409
40	0.01760	0.77260	0.03450	0.01126	0.01690	0.02605	0.01126	0.01971	0.01338	0.01549	0.00915	0.01056	0.00845	0.00563	0.00422	0.00141	0.00704	0.00352	0.00282	0.00845
41	0.01332	0.05394	0.71567	0.01856	0.02818	0.01558	0.02397	0.02082	0.01388	0.02070	0.01174	0.01381	0.00834	0.00624	0.00620	0.00207	0.00966	0.00483	0.00278	0.00969
42	0.77120	0.01305	0.01024	0.00902	0.01316	0.01508	0.00743	0.05752	0.01230	0.03020	0.00954	0.01098	0.00736	0.00621	0.00421	0.00203	0.00521	0.00370	0.00421	0.00736
43	0.02353	0.01760	0.01894	0.01458	0.01980	0.01918	0.01199	0.60559	0.07258	0.03893	0.01615	0.01618	0.01163	0.00771	0.00645	0.00191	0.00692	0.00585	0.00637	0.07810
44	0.01690	0.65422	0.14670	0.01247	0.01876	0.02432	0.01336	0.01989	0.01346	0.01635	0.00958	0.01110	0.00843	0.00573	0.00455	0.00152	0.00747	0.00374	0.00281	0.00865
45	0.00900	0.00672	0.00835	0.00794	0.00964	0.00607	0.00596	0.01180	0.01787	0.02459	0.58619	0.05215	0.20115	0.01413	0.00777	0.00210	0.00315	0.01232	0.00701	0.00607
46	0.00957	0.00638	0.00718	0.00718	0.00718	0.00638	0.00399	0.00957	0.00957	0.01276	0.02074	0.04308	0.02393	0.76864	0.03351	0.00638	0.00638	0.00957	0.00399	0.00399
47	0.01601	0.01843	0.03699	0.04938	0.03386	0.06224	0.63910	0.02128	0.01566	0.02064	0.01307	0.01738	0.00986	0.00566	0.00762	0.00219	0.01108	0.00749	0.00332	0.00875
48	0.01108	0.00778	0.01033	0.01135	0.01297	0.00772	0.00945	0.03508	0.03296	0.04009	0.03608	0.19730	0.08028	0.01771	0.00867	0.00283	0.00548	0.46037	0.00617	0.00631
49	0.00888	0.00634	0.00863	0.01015	0.01091	0.00609	0.00761	0.01065	0.01345	0.01777	0.03581	0.53475	0.04166	0.01981	0.00863	0.00279	0.00457	0.23981	0.00609	0.00559
50	0.01301	0.01229	0.02079	0.64645	0.14720	0.01478	0.01857	0.01733	0.01344	0.01752	0.01180	0.01736	0.00902	0.00647	0.00657	0.00216	0.00863	0.00585	0.00298	0.00778
51	0.00801	0.00576	0.00761	0.00909	0.00953	0.00535	0.00608	0.00918	0.01268	0.01684	0.03723	0.74259	0.06469	0.02050	0.00838	0.00266	0.00380	0.01857	0.00611	0.00535
52	0.02385	0.05455	0.01894	0.01655	0.02004	0.67341	0.01253	0.02662	0.06205	0.01681	0.01118	0.01262	0.00921	0.00688	0.00593	0.00172	0.01130	0.00442	0.00358	0.00783
53	0.01739	0.01402	0.01505	0.01336	0.01718	0.01597	0.01050	0.07147	0.61853	0.06618	0.02639	0.02547	0.01994	0.00911	0.00676	0.00223	0.00537	0.02794	0.00675	0.01037
54	0.02954	0.01120	0.01528	0.01171	0.01681	0.00968	0.00968	0.03208	0.01884	0.73213	0.02597	0.02241	0.01630	0.00815	0.00662	0.00204	0.00560	0.00662	0.00815	0.01120
55	0.01365	0.01170	0.01365	0.00975	0.01560	0.00878	0.00780	0.01658	0.01365	0.02145	0.01170	0.01365	0.00975	0.00488	0.00488	0.00098	0.00488	0.00390	0.00390	0.80888
56	0.01059	0.00701	0.00921	0.00850	0.01027	0.00643	0.00643	0.01366	0.01865	0.07081	0.68017	0.04749	0.05923	0.01312	0.00769	0.00207	0.00326	0.01157	0.00730	0.00653
57	0.00928	0.00663	0.00817	0.00817	0.00884	0.00684	0.00545	0.01024	0.01063	0.01424	0.02607	0.04050	0.11756	0.44194	0.25057	0.00712	0.00947	0.00938	0.00414	0.00479
58	0.00982	0.00730	0.00951	0.01052	0.01222	0.00699	0.00894	0.01250	0.01531	0.01959	0.08129	0.07009	0.21413	0.01754	0.00869	0.00277	0.00520	0.47553	0.00614	0.00594
59	0.01440	0.01440	0.02016	0.01728	0.01728	0.02016	0.01440	0.01584	0.01008	0.01584	0.00864	0.01440	0.00864	0.01152	0.02160	0.00288	0.75659	0.00576	0.00288	0.00720
60	0.00957	0.00638	0.00718	0.00718	0.00718	0.00638	0.00399	0.00957	0.00957	0.01276	0.02074	0.04308	0.02393	0.76864	0.03351	0.00638	0.00638	0.00957	0.00399	0.00399
61	0.01365	0.01170	0.01365	0.00975	0.01560	0.00878	0.00780	0.01658	0.01365	0.02145	0.01170	0.01365	0.00975	0.00488	0.00488	0.00098	0.00488	0.00390	0.00390	0.80888
62	0.02103	0.01171	0.01457	0.01080	0.01629	0.00956	0.00878	0.04633	0.01652	0.33553	0.01813	0.01758	0.01269	0.00642	0.00570	0.00148	0.00527	0.00517	0.00586	0.43058
63	0.01629	0.01564	0.02672	0.04041	0.72757	0.01564	0.02020	0.02020	0.01499	0.02151	0.01238	0.01629	0.01043	0.00587	0.00652	0.00196	0.00782	0.00587	0.00326	0.01043
64	0.81514	0.01273	0.00968	0.00866	0.01273	0.01477	0.00713	0.01935	0.01120	0.02954	0.00917	0.01069	0.00713	0.00611	0.00407	0.00204	0.00509	0.00356	0.00407	0.00713
65	0.01616	0.01550	0.02648	0.06530	0.70374	0.01561	0.02014	0.02009	0.01493	0.02134	0.01236	0.01634	0.01037	0.00589	0.00652	0.00196	0.00785	0.00587	0.00325	0.01032
66	0.01432	0.01148	0.01355	0.00984	0.01547	0.00871	0.00785	0.01717	0.01389	0.05917	0.01324	0.03795	0.01117	0.00555	0.00508	0.00109	0.00488	0.00452	0.00420	0.74088
67	0.01629	0.01564	0.02672	0.04041	0.72757	0.01564	0.02020	0.02020	0.01499	0.02151	0.01238	0.01629	0.01043	0.00587	0.00652	0.00196	0.00782	0.00587	0.00326	0.01043
68	0.16392	0.01328	0.01448	0.01123	0.01611	0.03525	0.00914	0.09406	0.01612	0.17872	0.01454	0.01523	0.01074	0.00659	0.00632	0.00164	0.05017	0.00477	0.00506	0.33263
69	0.02782	0.01212	0.01568	0.01204	0.01715	0.01101	0.00991	0.10718	0.03792	0.59745	0.02407	0.02124	0.01546	0.00796	0.00652	0.00198	0.00574	0.00642	0.00770	0.05461
70	0.01760	0.77260	0.03450	0.01126	0.01690	0.02605	0.01126	0.01971	0.01338	0.01549	0.00915	0.01056	0.00845	0.00563	0.00422	0.00141	0.00704	0.00352	0.00282	0.00845
71	0.01749	0.01469	0.01551	0.01362	0.01754	0.01689	0.01069	0.12117	0.62768	0.02933	0.02538	0.02344	0.01895	0.00880	0.00668	0.00220	0.00547	0.00725	0.00668	0.01052
72	0.01036	0.00738	0.01020	0.01164	0.01299	0.00735	0.00992	0.01309	0.01466	0.01911	0.03420	0.12404	0.03755	0.05896	0.01036	0.00319	0.00591	0.59727	0.00595	0.00590
73	0.01760	0.77260	0.03450	0.01126	0.01690	0.02605	0.01126	0.01971	0.01338	0.01549	0.00915	0.01056	0.00845	0.00563	0.00422	0.00141	0.00704	0.00352	0.00282	0.00845
74	0.00803	0.00663	0.00674	0.00674	0.00866	0.00567	0.00486	0.00947	0.01426	0.01710	0.06040	0.06058	0.62895	0.11961	0.01130	0.00279	0.00375	0.01330	0.00582	0.00534
75	0.01528	0.01948	0.13068	0.02456	0.03057	0.01711	0.48556	0.03749	0.01485	0.02075	0.01244	0.01666	0.00958	0.00664	0.00969	0.00230	0.12729	0.00701	0.00327	0.00879
76	0.01243	0.01170	0.01975	0.75282	0.04534	0.01463	0.01828	0.01682	0.01316	0.01682	0.01170	0.01755	0.00878	0.00658	0.00658	0.00219	0.00878	0.00585	0.00293	0.00731
77	0.01173	0.00727	0.00924	0.00852	0.01060	0.00652	0.00646	0.01438	0.01764	0.12087	0.46873	0.09273	0.17245	0.01375	0.00765	0.00213	0.00353	0.01196	0.00710	0.00672
78	0.81514	0.01273	0.00968	0.00866	0.01273	0.01477	0.00713	0.01935	0.01120	0.02954	0.00917	0.01069	0.00713	0.00611	0.00407	0.00204	0.00509	0.00356	0.00407	0.00713
79	0.00913	0.00642	0.00722	0.00727	0.00782	0.00616	0.00445	0.00972	0.01139	0.01486	0.07769	0.08746	0.16090	0.53320	0.02549	0.00509	0.00544	0.01106	0.00473	0.00451
80	0.17503	0.01329	0.01573	0.01254	0.01678	0.01409	0.01037	0.15385	0.01847	0.37175	0.01852	0.01786	0.01256	0.00818	0.00818	0.00214	0.10861	0.00580	0.00636	0.00988
81	0.02954	0.01120	0.01528	0.01171	0.01681	0.00968	0.00968	0.03208	0.01884	0.73213	0.02597	0.02241	0.01630	0.00815	0.00662	0.00204	0.00560	0.00662	0.00815	0.01120
82	0.01396	0.16170	0.61354	0.01747	0.02649	0.01715	0.02207	0.02065	0.01381	0.01992	0.01135	0.01332	0.00836	0.00615	0.00590	0.00197	0.00926	0.00463	0.00279	0.00951
83	0.02530	0.01177	0.01499	0.01179	0.01632	0.01107	0.00962	0.13665	0.04286	0.49126	0.13150	0.02553	0.02263	0.00895	0.00679	0.00204	0.00547	0.00735	0.00771	0.01041
84	0.00787	0.00667	0.00681	0.00689	0.00904	0.00561	0.00519	0.00956	0.01494	0.01781	0.06493	0.08411	0.68608	0.01683	0.00783	0.00226	0.00342	0.03249	0.00611	0.00557
85	0.13220	0.01155	0.01442	0.01130	0.01607	0.01075	0.00930	0.06674	0.01849	0.56061	0.06280	0.02201	0.01740	0.00817	0.00635	0.00204	0.00548	0.00648	0.00747	0.01038
86	0.01618	0.01552	0.02651	0.06215	0.70675	0.01561	0.02015	0.02010	0.01493	0.02136	0.01236	0.01633	0.01038	0.00589	0.00652	0.00196	0.00785	0.00587	0.00325	0.01033
87	0.01114	0.00582	0.00836	0.00836	0.00836	0.00582	0.00545	0.00873	0.00873	0.01164	0.01289	0.02362	0.01339	0.13939	0.02694	0.68314	0.00582	0.00632	0.00304	0.00304
88	0.00815	0.00668	0.00718	0.00706	0.00912	0.00572	0.00529	0.01017	0.01588	0.01987	0.22568	0.05993	0.56461	0.01590	0.00778	0.00219	0.00328	0.01341	0.00639	0.00572
89	0.07179	0.01473	0.02187	0.01646	0.02152	0.01473	0.18877	0.20636	0.02001	0.26341	0.01824	0.01967	0.01298	0.04966	0.00862	0.00233	0.02644	0.00669	0.00587	0.00985
90	0.01408	0.18162	0.59466	0.01727	0.02618	0.01744	0.02171	0.02062	0.01379	0.01978	0.01128	0.01323	0.00836	0.00613	0.00585	0.00195	0.00919	0.00460	0.00279	0.00947
91	0.01243	0.01170	0.01975	0.75282	0.04534	0.01463	0.01828	0.01682	0.01316	0.01682	0.01170	0.01755	0.00878	0.00658	0.00658	0.00219	0.00878	0.00585	0.00293	0.00731
92	0.01637	0.01414	0.01489	0.01340	0.01712	0.01637	0.01042	0.03498	0.71568	0.02754	0.02679	0.02456	0.02010	0.00893	0.00670	0.00223	0.00521	0.00744	0.00670	0.01042
93	0.01760	0.77260	0.03450	0.01126	0.01690	0.02605	0.01126	0.01971	0.01338	0.01549	0.00915	0.01056	0.00845	0.00563	0.00422	0.00141	0.00704	0.00352	0.00282	0.00845
94	0.00823	0.00669	0.00729	0.00714	0.00917	0.00575	0.00535	0.01032	0.01606	0.02030	0.25845	0.05922	0.53158	0.01574	0.00778	0.00218	0.00327	0.01331	0.00644	0.00575
95	0.01621	0.01710	0.03533	0.02556	0.03185	0.01633	0.60148	0.02301	0.08954	0.05153	0.01527	0.01867	0.01132	0.00601	0.00761	0.00221	0.01025	0.00769	0.00389	0.00914
96	0.00779	0.00664	0.00670	0.00675	0.00891	0.00555	0.00504	0.00944	0.01493	0.01775	0.06575	0.08511	0.70375	0.01680	0.00780	0.00224	0.00335	0.01404	0.00611	0.00555
97	0.01284	0.01236	0.01971	0.72835	0.04451	0.03882	0.01810	0.01714	0.01335	0.01680	0.01165	0.01736	0.00877	0.00659	0.00656	0.00218	0.00888	0.00580	0.00294	0.00732
98	0.00867	0.00670	0.00790	0.00760	0.00944	0.00594	0.00570	0.01117	0.01710	0.02277	0.44680	0.05516	0.34168	0.01481	0.00777	0.00213	0.00320	0.01274	0.00677	0.00594
99	0.00953	0.00637	0.00719	0.00723	0.00724	0.00636	0.00404	0.00956	0.00965	0.01287	0.02114	0.06170	0.02444	0.74933	0.03286	0.00629	0.00632	0.00981	0.00404	0.00402
100	0.01243	0.01170	0.01975	0.75282	0.04534	0.01463	0.01828	0.01682	0.01316	0.01682	0.01170	0.01755	0.00878	0.00658	0.00658	0.00219	0.00878	0.00585	0.00293	0.00731
101	0.01409	0.01196	0.01389	0.00996	0.01579	0.00923	0.00798	0.04337	0.01432	0.02223	0.01186	0.01373	0.00981	0.00499	0.00494	0.00101	0.00497	0.00398	0.00400	0.77786
102	0.01382	0.01185	0.01373	0.00998	0.01570	0.00925	0.00797	0.01773	0.05782	0.02183	0.01265	0.01434	0.01040	0.00513	0.00499	0.00105	0.00490	0.00412	0.00408	0.75864
103	0.02463	0.03038	0.01874	0.01682	0.02036	0.68651	0.01270	0.07871	0.01960	0.01807	0.01061	0.01218	0.00869	0.00687	0.00599	0.00172	0.01151	0.00437	0.00364	0.00791
104	0.00953	0.00724	0.01083	0.01075	0.01190	0.00854	0.00839	0.01186	0.01057	0.01530	0.01740	0.02557	0.01626	0.04840	0.72393	0.01038	0.03672	0.00702	0.00351	0.00591
105	0.02531	0.01798	0.01948	0.01493	0.02019	0.01974	0.01233	0.66324	0.03019	0.08495	0.01645	0.01622	0.01152	0.00792	0.00659	0.00198	0.00714	0.00597	0.00668	0.01120
106	0.73170	0.01257	0.01027	0.00898	0.01316	0.01423	0.00740	0.02070	0.01201	0.10416	0.01095	0.01194	0.00810	0.00633	0.00434	0.00204	0.00515	0.00389	0.00451	0.00756
107	0.01865	0.01330	0.01473	0.01288	0.01679	0.01470	0.01012	0.03358	0.55517	0.16339	0.05275	0.02507	0.02094	0.00895	0.00672	0.00219	0.00521	0.00745	0.00700	0.01041
108	0.01000	0.00684	0.00893	0.00857	0.01013	0.00632	0.00642	0.01279	0.01765	0.05116	0.57709	0.10606	0.07197	0.03807	0.00865	0.00230	0.00349	0.04032	0.00701	0.00624
109	0.05061	0.01076	0.01424	0.01122	0.01577	0.00960	0.00917	0.02920	0.04175	0.59434	0.11722	0.02564	0.02216	0.00881	0.00669	0.00205	0.00525	0.00725	0.00786	0.01040
110	0.00916	0.00649	0.00807	0.00859	0.00961	0.00614	0.00620	0.01093	0.01404	0.01895	0.18354	0.24151	0.12737	0.16713	0.01315	0.00324	0.00443	0.11667	0.03937	0.00543
111	0.03660	0.00860	0.00966	0.00883	0.01131	0.00820	0.00677	0.10398	0.01793	0.06511	0.22603	0.12276	0.32082	0.01426	0.00750	0.00218	0.00403	0.01208	0.00653	0.00683
112	0.01129	0.00858	0.01089	0.01165	0.01350	0.00891	0.00965	0.01713	0.15179	0.02129	0.07763	0.13495	0.05833	0.01629	0.00843	0.00275	0.00539	0.41845	0.00627	0.00683
113	0.00815	0.00581	0.00770	0.00904	0.00949	0.00544	0.00605	0.00939	0.01288	0.01727	0.07905	0.69536	0.04406	0.04505	0.00920	0.00276	0.00386	0.01798	0.00611	0.00536
114	0.01124	0.00760	0.00905	0.00880	0.01023	0.00741	0.00619	0.05178	0.04587	0.05760	0.18518	0.22078	0.10615	0.20582	0.01419	0.00331	0.00459	0.01224	0.02588	0.00610
115	0.04240	0.00914	0.01128	0.00960	0.01277	0.00841	0.00758	0.06228	0.01842	0.26433	0.28098	0.05601	0.16604	0.01185	0.00720	0.00209	0.00433	0.01001	0.00717	0.00810
116	0.00827	0.00601	0.00739	0.00839	0.00900	0.00557	0.00553	0.00929	0.01243	0.01621	0.03838	0.51473	0.15185	0.15939	0.01298	0.00329	0.00422	0.01622	0.00572	0.00513
117	0.00917	0.00679	0.00804	0.00774	0.00962	0.00600	0.00580	0.01159	0.01690	0.04150	0.40525	0.08216	0.33565	0.01493	0.00777	0.00216	0.00330	0.01285	0.00676	0.00604
118	0.51887	0.01184	0.01121	0.00945	0.01369	0.01263	0.00777	0.02308	0.01376	0.24901	0.01520	0.01523	0.01061	0.00685	0.00490	0.00201	0.00512	0.00468	0.05576	0.00834
119	0.63875	0.01276	0.01071	0.00937	0.01340	0.01448	0.00765	0.07277	0.04285	0.05213	0.03688	0.01529	0.03699	0.00707	0.00472	0.00205	0.00515	0.00467	0.00469	0.00762
120	0.03419	0.00657	0.00724	0.00726	0.00754	0.00655	0.00422	0.00985	0.01007	0.01374	0.02382	0.06856	0.06821	0.67173	0.03011	0.00586	0.00606	0.00998	0.00420	0.00423
121	0.00814	0.00578	0.00760	0.00902	0.00937	0.00542	0.00595	0.00920	0.01238	0.01650	0.03513	0.71055	0.04208	0.07641	0.01027	0.00295	0.00401	0.01803	0.00595	0.00525
122	0.00940	0.00705	0.01058	0.01058	0.01176	0.00823	0.00823	0.01176	0.01058	0.01528	0.01763	0.02586	0.01646	0.04937	0.74255	0.01058	0.01763	0.00705	0.00353	0.00588
123	0.00854	0.00627	0.00806	0.00895	0.00996	0.00580	0.00646	0.01037	0.01447	0.01925	0.18363	0.44192	0.14309	0.01831	0.00826	0.00252	0.00384	0.08831	0.00634	0.00563
124	0.01311	0.01239	0.02097	0.62775	0.16511	0.01480	0.01862	0.01741	0.01348	0.01764	0.01182	0.01733	0.00907	0.00646	0.00657	0.00215	0.00861	0.00585	0.00298	0.00786
125	0.01243	0.01170	0.01975	0.75282	0.04534	0.01463	0.01828	0.01682	0.01316	0.01682	0.01170	0.01755	0.00878	0.00658	0.00658	0.00219	0.00878	0.00585	0.00293	0.00731
126	0.02459	0.03138	0.01866	0.01696	0.02035	0.74221	0.01272	0.02629	0.01866	0.01611	0.01018	0.01187	0.00848	0.00678	0.00594	0.00170	0.01187	0.00424	0.00339	0.00763
127	0.02407	0.03029	0.01842	0.01674	0.02015	0.69654	0.01258	0.02683	0.06251	0.01683	0.01122	0.01267	0.00921	0.00692	0.00598	0.00173	0.01145	0.00444	0.00360	0.00781
128	0.00801	0.00579	0.00758	0.00901	0.00951	0.00536	0.00604	0.00918	0.01276	0.01687	0.03820	0.72023	0.08641	0.02038	0.00836	0.00265	0.00379	0.01841	0.00611	0.00536
129	0.01581	0.47176	0.31965	0.01432	0.02162	0.02167	0.01658	0.02018	0.01359	0.01767	0.01024	0.01192	0.00840	0.00589	0.00505	0.00168	0.00814	0.00407	0.00280	0.00897
130	0.00952	0.00638	0.00731	0.00736	0.00741	0.00641	0.00420	0.00963	0.00971	0.01298	0.02116	0.06650	0.02434	0.72023	0.05587	0.00640	0.00667	0.00980	0.00404	0.00410

[dist]
# distance from previous block
# <min> <max>
0	2

[block]
# block no. 2 follows, 33 sequences, length 37
# corresponding to MSA columns:
# 482-518
name=unknown_C
#
# <colnr> <probs for GDERKNQSTAVLIFYWHMCP>
#	G	D	E	R	K	N	Q	S	T	A	V	L	I	F	Y	W	H	M	C	P
0	0.00809	0.00611	0.00743	0.00843	0.00941	0.00553	0.00585	0.00943	0.01333	0.01707	0.04513	0.49748	0.25406	0.04521	0.00910	0.00267	0.00384	0.04040	0.00604	0.00539
1	0.00977	0.00769	0.01226	0.01160	0.01310	0.00873	0.04956	0.01231	0.01087	0.01563	0.01738	0.02538	0.01607	0.04677	0.69888	0.01008	0.01725	0.00710	0.00352	0.00606
2	0.02459	0.03138	0.01866	0.01696	0.02035	0.74221	0.01272	0.02629	0.01866	0.01611	0.01018	0.01187	0.00848	0.00678	0.00594	0.00170	0.01187	0.00424	0.00339	0.00763
3	0.01641	0.01602	0.02539	0.08483	0.62062	0.04783	0.01932	0.02090	0.04554	0.02122	0.01287	0.01654	0.01065	0.00609	0.00650	0.00197	0.00795	0.00586	0.00339	0.01010
4	0.01851	0.01908	0.02366	0.01880	0.02353	0.16029	0.23069	0.08873	0.29496	0.02448	0.01826	0.01912	0.01380	0.00734	0.00688	0.00210	0.00857	0.00678	0.00497	0.00945
5	0.03732	0.00683	0.00838	0.00927	0.01069	0.00644	0.00716	0.01110	0.01432	0.01894	0.08399	0.30042	0.22979	0.01788	0.00824	0.00260	0.00434	0.21045	0.00609	0.00573
6	0.01144	0.00572	0.00858	0.00858	0.00858	0.00572	0.00572	0.00858	0.00858	0.01144	0.01144	0.02001	0.01144	0.02287	0.02573	0.80846	0.00572	0.00572	0.00286	0.00286
7	0.57993	0.01227	0.01135	0.00957	0.01395	0.01324	0.00789	0.02316	0.01349	0.23989	0.01420	0.01420	0.00987	0.00672	0.00484	0.00204	0.00525	0.00448	0.00529	0.00835
8	0.07053	0.00805	0.00947	0.00923	0.01112	0.00780	0.00673	0.03628	0.03869	0.11988	0.08362	0.28440	0.12490	0.12448	0.01126	0.00295	0.00464	0.03335	0.00606	0.00657
9	0.27640	0.01012	0.00984	0.00910	0.01208	0.02737	0.00720	0.04123	0.01458	0.11593	0.04472	0.10696	0.12832	0.01080	0.00606	0.00212	0.00473	0.05208	0.11321	0.00715
10	0.02924	0.01168	0.01557	0.01194	0.01704	0.01039	0.00986	0.07665	0.01964	0.68643	0.02530	0.02197	0.01596	0.00813	0.00662	0.00203	0.00571	0.00657	0.00804	0.01120
11	0.00858	0.00616	0.00814	0.00878	0.00967	0.00572	0.00615	0.01057	0.01521	0.02095	0.33319	0.45563	0.05156	0.01753	0.00813	0.00241	0.00351	0.01578	0.00660	0.00572
12	0.00979	0.00676	0.00785	0.00800	0.00846	0.00669	0.00503	0.03336	0.01157	0.01533	0.04485	0.16331	0.06461	0.52762	0.02537	0.00514	0.00573	0.04112	0.00471	0.00469
13	0.00950	0.00641	0.00723	0.00721	0.00736	0.00634	0.00412	0.00969	0.01017	0.01354	0.05306	0.04409	0.05146	0.70802	0.03144	0.00604	0.00613	0.00983	0.00421	0.00414
14	0.01515	0.00963	0.01022	0.00938	0.01203	0.01039	0.00724	0.02423	0.28761	0.07800	0.02388	0.02439	0.01809	0.00820	0.00557	0.00184	0.00409	0.00668	0.43522	0.00818
15	0.00902	0.00619	0.00730	0.00777	0.00799	0.00603	0.00469	0.00944	0.01075	0.01423	0.02754	0.26678	0.06042	0.50491	0.02464	0.00506	0.00546	0.01259	0.00474	0.00448
16	0.02450	0.01287	0.01504	0.01232	0.01682	0.04347	0.00990	0.03207	0.23941	0.45640	0.02677	0.02387	0.03849	0.00859	0.00665	0.00209	0.00568	0.00700	0.00742	0.01063
17	0.01061	0.00758	0.01061	0.01212	0.01364	0.00758	0.01061	0.01364	0.01515	0.01970	0.03486	0.07426	0.03789	0.01819	0.00909	0.00303	0.00606	0.68326	0.00606	0.00606
18	0.01005	0.00796	0.00919	0.00866	0.01078	0.00773	0.00656	0.01533	0.13473	0.02402	0.41096	0.04926	0.25257	0.01366	0.00759	0.00214	0.00353	0.01175	0.00682	0.00672
19	0.02503	0.01844	0.01976	0.01515	0.02042	0.02042	0.01251	0.70562	0.03095	0.04149	0.01581	0.01581	0.01120	0.00790	0.00659	0.00198	0.00724	0.00593	0.00659	0.01120
20	0.81514	0.01273	0.00968	0.00866	0.01273	0.01477	0.00713	0.01935	0.01120	0.02954	0.00917	0.01069	0.00713	0.00611	0.00407	0.00204	0.00509	0.00356	0.00407	0.00713
21	0.01554	0.01776	0.03885	0.02775	0.03441	0.01665	0.70366	0.02109	0.01554	0.02109	0.01332	0.01776	0.00999	0.00555	0.00777	0.00222	0.01110	0.00777	0.00333	0.00888
22	0.01061	0.00758	0.01061	0.01212	0.01364	0.00758	0.01061	0.01364	0.01515	0.01970	0.03486	0.07426	0.03789	0.01819	0.00909	0.00303	0.00606	0.68326	0.00606	0.00606
23	0.01144	0.00572	0.00858	0.00858	0.00858	0.00572	0.00572	0.00858	0.00858	0.01144	0.01144	0.02001	0.01144	0.02287	0.02573	0.80846	0.00572	0.00572	0.00286	0.00286
24	0.02459	0.03138	0.01866	0.01696	0.02035	0.74221	0.01272	0.02629	0.01866	0.01611	0.01018	0.01187	0.00848	0.00678	0.00594	0.00170	0.01187	0.00424	0.00339	0.00763
25	0.01458	0.01492	0.02304	0.01889	0.01992	0.01962	0.12045	0.01665	0.01092	0.01665	0.00936	0.01492	0.00885	0.01060	0.01948	0.00278	0.64189	0.00607	0.00295	0.00746
26	0.00778	0.00667	0.00667	0.00667	0.00889	0.00556	0.00500	0.00945	0.01501	0.01778	0.06669	0.06336	0.72490	0.01667	0.00778	0.00222	0.00333	0.01389	0.00611	0.00556
27	0.01243	0.01170	0.01975	0.75282	0.04534	0.01463	0.01828	0.01682	0.01316	0.01682	0.01170	0.01755	0.00878	0.00658	0.00658	0.00219	0.00878	0.00585	0.00293	0.00731
28	0.57718	0.01422	0.01257	0.01050	0.01493	0.01612	0.00866	0.20441	0.01676	0.05544	0.01150	0.01245	0.00852	0.00666	0.00483	0.00202	0.00569	0.00430	0.00488	0.00836
29	0.01365	0.01170	0.01365	0.00975	0.01560	0.00878	0.00780	0.01658	0.01365	0.02145	0.01170	0.01365	0.00975	0.00488	0.00488	0.00098	0.00488	0.00390	0.00390	0.80888
30	0.01365	0.01170	0.01365	0.00975	0.01560	0.00878	0.00780	0.01658	0.01365	0.02145	0.01170	0.01365	0.00975	0.00488	0.00488	0.00098	0.00488	0.00390	0.00390	0.80888
31	0.00930	0.00630	0.00740	0.00766	0.00777	0.00628	0.00453	0.00959	0.01013	0.01356	0.02327	0.16559	0.02697	0.61105	0.05859	0.00592	0.00641	0.01103	0.00433	0.00430
32	0.00906	0.00671	0.00822	0.00800	0.00945	0.00623	0.00586	0.01132	0.01591	0.02156	0.40522	0.05152	0.20594	0.13146	0.04435	0.00318	0.00443	0.03960	0.00627	0.00570
33	0.01410	0.01401	0.02016	0.01719	0.01750	0.01922	0.03808	0.01575	0.01031	0.01599	0.00942	0.01531	0.00923	0.01392	0.07074	0.00339	0.67966	0.00592	0.00294	0.00717
34	0.01546	0.01483	0.02502	0.17139	0.55667	0.01573	0.01949	0.01930	0.01435	0.02028	0.01202	0.01641	0.01001	0.00635	0.00747	0.00206	0.05448	0.00586	0.00317	0.00965
35	0.08726	0.01683	0.01708	0.01403	0.01856	0.04375	0.01130	0.37697	0.28209	0.03445	0.01912	0.01848	0.01405	0.00810	0.00640	0.00207	0.00648	0.00623	0.00631	0.01045
36	0.01606	0.01570	0.02722	0.02354	0.15130	0.01506	0.29326	0.08718	0.01615	0.02295	0.01270	0.01605	0.01004	0.00604	0.00755	0.00187	0.05483	0.00614	0.00376	0.21259

[dist]
# distance from previous block
# <min> <max>
1	2

[block]
# block no. 3 follows, 33 sequences, length 23
# corresponding to MSA columns:
# 523-545
name=unknown_D
#
# <colnr> <probs for GDERKNQSTAVLIFYWHMCP>
#	G	D	E	R	K	N	Q	S	T	A	V	L	I	F	Y	W	H	M	C	P
0	0.51477	0.01818	0.01450	0.01246	0.01657	0.21453	0.06104	0.02176	0.01380	0.04599	0.01025	0.01189	0.00799	0.00631	0.00494	0.00196	0.00742	0.00416	0.00395	0.00752
1	0.01043	0.00810	0.00968	0.00858	0.01118	0.00716	0.00661	0.04237	0.01739	0.02407	0.40346	0.04552	0.19953	0.01260	0.00726	0.00194	0.00372	0.02963	0.00635	0.14442
2	0.02393	0.01051	0.01384	0.01114	0.01534	0.00946	0.00910	0.06838	0.01921	0.50307	0.14768	0.03086	0.05544	0.00990	0.00698	0.00209	0.00520	0.04030	0.00771	0.00985
3	0.00940	0.00705	0.01058	0.01058	0.01176	0.00823	0.00823	0.01176	0.01058	0.01528	0.01763	0.02586	0.01646	0.04937	0.74255	0.01058	0.01763	0.00705	0.00353	0.00588
4	0.00804	0.00664	0.00682	0.00680	0.00876	0.00567	0.00496	0.00960	0.01462	0.01768	0.09356	0.06060	0.62121	0.09360	0.01042	0.00264	0.00364	0.01336	0.00595	0.00543
5	0.01616	0.01732	0.01990	0.01723	0.01781	0.14444	0.01411	0.01764	0.01156	0.01589	0.00891	0.01397	0.00861	0.01071	0.01891	0.00268	0.62842	0.00550	0.00297	0.00728
6	0.73331	0.01340	0.01040	0.00919	0.01330	0.04415	0.00752	0.02044	0.01199	0.07331	0.01027	0.01148	0.00776	0.00627	0.00431	0.00202	0.00540	0.00379	0.00430	0.00741
7	0.16101	0.01746	0.01802	0.01403	0.01909	0.01944	0.01159	0.58751	0.02755	0.03943	0.01466	0.01493	0.01050	0.00759	0.00615	0.00199	0.00687	0.00552	0.00615	0.01050
8	0.02503	0.01844	0.01976	0.01515	0.02042	0.02042	0.01251	0.70562	0.03095	0.04149	0.01581	0.01581	0.01120	0.00790	0.00659	0.00198	0.00724	0.00593	0.00659	0.01120
9	0.01534	0.01718	0.03563	0.02595	0.03146	0.01725	0.58503	0.02019	0.01460	0.02019	0.01251	0.01718	0.00976	0.00658	0.01015	0.00233	0.13941	0.00742	0.00325	0.00859
10	0.81514	0.01273	0.00968	0.00866	0.01273	0.01477	0.00713	0.01935	0.01120	0.02954	0.00917	0.01069	0.00713	0.00611	0.00407	0.00204	0.00509	0.00356	0.00407	0.00713
11	0.01554	0.01776	0.03885	0.02775	0.03441	0.01665	0.70366	0.02109	0.01554	0.02109	0.01332	0.01776	0.00999	0.00555	0.00777	0.00222	0.01110	0.00777	0.00333	0.00888
12	0.00910	0.00618	0.00732	0.00778	0.00790	0.00607	0.00463	0.00945	0.01049	0.01399	0.02544	0.26115	0.02986	0.54248	0.02592	0.00526	0.00561	0.01234	0.00463	0.00440
13	0.00909	0.00672	0.00849	0.00805	0.00970	0.00612	0.00603	0.01199	0.01810	0.02513	0.62753	0.05126	0.15947	0.01393	0.00777	0.00209	0.00314	0.01220	0.00708	0.00612
14	0.00850	0.00611	0.00777	0.00852	0.00925	0.00570	0.00577	0.00998	0.01375	0.01851	0.19231	0.45404	0.09590	0.11832	0.01156	0.00300	0.00396	0.01560	0.00609	0.00538
15	0.01320	0.03405	0.73453	0.01876	0.02849	0.01529	0.02432	0.02085	0.01390	0.02085	0.01181	0.01390	0.00834	0.00625	0.00625	0.00208	0.00973	0.00486	0.00278	0.00973
16	0.01850	0.01520	0.01609	0.01383	0.01793	0.01737	0.01094	0.20008	0.54711	0.03097	0.02409	0.02241	0.01790	0.00868	0.00667	0.00217	0.00571	0.00707	0.00667	0.01061
17	0.00940	0.00705	0.01058	0.01058	0.01176	0.00823	0.00823	0.01176	0.01058	0.01528	0.01763	0.02586	0.01646	0.04937	0.74255	0.01058	0.01763	0.00705	0.00353	0.00588
18	0.00778	0.00667	0.00667	0.00667	0.00889	0.00556	0.00500	0.00945	0.01501	0.01778	0.06669	0.06336	0.72490	0.01667	0.00778	0.00222	0.00333	0.01389	0.00611	0.00556
19	0.00899	0.00672	0.00834	0.00794	0.00963	0.00607	0.00595	0.01179	0.01786	0.02456	0.58365	0.05221	0.20372	0.01415	0.00777	0.00210	0.00315	0.01233	0.00700	0.00607
20	0.01324	0.00791	0.01053	0.01091	0.01303	0.00745	0.00913	0.01578	0.01543	0.14164	0.03767	0.11143	0.13416	0.03724	0.00911	0.00281	0.00544	0.40394	0.00637	0.00677
21	0.05266	0.00722	0.00852	0.00826	0.00993	0.00681	0.00612	0.01256	0.01532	0.05422	0.30620	0.06916	0.18678	0.15647	0.01250	0.00301	0.00426	0.06797	0.00614	0.00590
