[name]
unknown

[dist]
# distance from previous block
# <min> <max>
11	200

[block]
# block no. 0 follows, 35 sequences, length 113
# corresponding to MSA columns:
# 307-375,377-395,397-421
name=unknown_A
#
# <colnr> <probs for GDERKNQSTAVLIFYWHMCP>
#	G	D	E	R	K	N	Q	S	T	A	V	L	I	F	Y	W	H	M	C	P
0	0.01520	0.04435	0.03821	0.01275	0.06332	0.01045	0.02768	0.10919	0.01618	0.12629	0.04501	0.22757	0.07147	0.01090	0.00657	0.00193	0.00526	0.00945	0.00539	0.15283
1	0.01582	0.01289	0.01596	0.05475	0.09123	0.04703	0.04286	0.16283	0.09098	0.06027	0.07352	0.13413	0.05142	0.00979	0.00665	0.00198	0.00601	0.02307	0.00530	0.09352
2	0.01613	0.01144	0.01412	0.01295	0.06496	0.04217	0.04144	0.08233	0.05981	0.15781	0.06860	0.08568	0.12670	0.05412	0.00809	0.00216	0.00554	0.02570	0.00557	0.11466
3	0.03673	0.01203	0.04019	0.01392	0.01797	0.01084	0.15719	0.07038	0.05277	0.14852	0.06086	0.16512	0.04155	0.02794	0.00743	0.00213	0.00615	0.02408	0.00535	0.09885
4	0.06374	0.05785	0.03820	0.04936	0.03436	0.06639	0.08890	0.09698	0.03681	0.06531	0.06954	0.09947	0.03372	0.00862	0.00624	0.00186	0.00645	0.02785	0.00470	0.14366
5	0.03575	0.04556	0.01259	0.01027	0.01322	0.03385	0.02699	0.01647	0.10715	0.04050	0.09199	0.20289	0.09206	0.03051	0.00757	0.00202	0.02868	0.00958	0.00513	0.18723
6	0.04003	0.04685	0.03821	0.01236	0.01581	0.01205	0.08324	0.09248	0.16863	0.03682	0.05881	0.17860	0.07652	0.04635	0.00789	0.00226	0.00557	0.00943	0.00532	0.06277
7	0.01437	0.01347	0.01840	0.03053	0.01891	0.06652	0.17058	0.06263	0.12311	0.03540	0.04774	0.06636	0.12035	0.02615	0.00827	0.00212	0.05999	0.00812	0.03111	0.07588
8	0.01398	0.01341	0.04099	0.01448	0.01869	0.03327	0.16505	0.06678	0.17635	0.02407	0.19089	0.02694	0.04000	0.00850	0.00670	0.00192	0.00617	0.02139	0.00523	0.12519
9	0.03596	0.01358	0.01897	0.01408	0.01931	0.03321	0.16912	0.10053	0.03256	0.02297	0.03329	0.03954	0.03276	0.00637	0.00583	0.00151	0.00643	0.00583	0.00420	0.40395
10	0.01803	0.01283	0.01591	0.03535	0.12480	0.01351	0.01104	0.21611	0.14611	0.11970	0.10983	0.04022	0.05386	0.00880	0.00650	0.00198	0.00563	0.00739	0.04316	0.00925
11	0.01254	0.01218	0.01898	0.72618	0.04254	0.04933	0.01736	0.01664	0.01294	0.01618	0.01121	0.01665	0.00844	0.00635	0.00631	0.00209	0.00860	0.00556	0.00284	0.00706
12	0.04973	0.01724	0.01640	0.01486	0.05197	0.13937	0.01116	0.21090	0.32362	0.05031	0.01923	0.03603	0.01473	0.00800	0.00624	0.00198	0.00671	0.00629	0.00567	0.00958
13	0.00872	0.00621	0.00797	0.00801	0.00926	0.00574	0.00583	0.01117	0.01610	0.02261	0.49033	0.22733	0.08953	0.01459	0.00749	0.00212	0.00317	0.01294	0.04513	0.00574
14	0.01311	0.01124	0.01182	0.01084	0.01391	0.01236	0.00837	0.02569	0.49042	0.02382	0.07057	0.03540	0.22420	0.01093	0.00680	0.00214	0.00441	0.00914	0.00632	0.00852
15	0.01538	0.01468	0.02501	0.03757	0.70278	0.01473	0.01892	0.01908	0.01424	0.02044	0.01217	0.01614	0.01033	0.00766	0.04191	0.00228	0.00799	0.00571	0.00315	0.00984
16	0.00932	0.00612	0.00742	0.00749	0.00762	0.00622	0.00453	0.00933	0.00936	0.01260	0.01945	0.07148	0.02196	0.58859	0.10490	0.08975	0.00709	0.00900	0.00378	0.00398
17	0.06032	0.01709	0.01810	0.01413	0.01900	0.01902	0.01161	0.61362	0.10064	0.03806	0.01602	0.01587	0.01149	0.00764	0.00624	0.00193	0.00668	0.00576	0.00624	0.01053
18	0.00919	0.00655	0.00888	0.05015	0.03503	0.00633	0.00704	0.01062	0.01248	0.04074	0.03329	0.51614	0.08916	0.09272	0.01027	0.00285	0.00445	0.05308	0.00550	0.00553
19	0.07204	0.01504	0.01863	0.20812	0.24596	0.11436	0.01452	0.04260	0.08309	0.02071	0.05613	0.01978	0.04793	0.00723	0.00620	0.00196	0.00739	0.00613	0.00391	0.00827
20	0.01688	0.01575	0.02331	0.09807	0.50865	0.05083	0.01749	0.11385	0.05190	0.02295	0.01291	0.01594	0.01038	0.00617	0.00628	0.00191	0.00761	0.00566	0.00371	0.00975
21	0.76513	0.01261	0.01130	0.00964	0.01374	0.01436	0.05662	0.01877	0.01109	0.02789	0.00911	0.01078	0.00706	0.00585	0.00418	0.00198	0.00531	0.00372	0.00388	0.00699
22	0.01553	0.01490	0.02544	0.07252	0.70525	0.01503	0.01938	0.01932	0.01436	0.02052	0.01190	0.01576	0.00997	0.00568	0.00628	0.00189	0.00758	0.00565	0.00313	0.00991
23	0.01197	0.01103	0.01842	0.72669	0.04201	0.01371	0.01701	0.01614	0.01271	0.01655	0.01171	0.01723	0.00882	0.00639	0.00625	0.00208	0.00820	0.00565	0.04042	0.00699
24	0.01513	0.01476	0.02584	0.05653	0.61054	0.01468	0.09029	0.01897	0.01445	0.02038	0.01451	0.01805	0.04460	0.00614	0.00646	0.00193	0.00768	0.00621	0.00327	0.00959
25	0.01970	0.01504	0.01616	0.01346	0.01769	0.01688	0.01077	0.29365	0.41922	0.07361	0.02174	0.02033	0.01588	0.00818	0.00641	0.00205	0.00579	0.00657	0.00650	0.01037
26	0.01027	0.00791	0.00910	0.00846	0.01014	0.04200	0.00638	0.03288	0.01805	0.02529	0.64073	0.04348	0.05365	0.01221	0.00720	0.00195	0.00351	0.01066	0.04997	0.00618
27	0.01544	0.01481	0.02528	0.08976	0.68870	0.01500	0.01934	0.01924	0.01432	0.02041	0.01189	0.01579	0.00994	0.00570	0.00628	0.00190	0.00760	0.00565	0.00312	0.00984
28	0.02523	0.04810	0.01604	0.01173	0.01659	0.01094	0.02711	0.02954	0.09886	0.56524	0.02325	0.02069	0.01525	0.00758	0.00621	0.00190	0.00551	0.00620	0.00709	0.05692
29	0.01028	0.00677	0.00890	0.00820	0.00993	0.00621	0.00621	0.01324	0.01797	0.07327	0.68679	0.04567	0.05691	0.01263	0.00741	0.00199	0.00315	0.01113	0.00704	0.00631
30	0.00889	0.00701	0.00892	0.04430	0.03267	0.00680	0.00690	0.01184	0.06395	0.01886	0.15966	0.37772	0.19672	0.01599	0.00761	0.00231	0.00389	0.01415	0.00589	0.00592
31	0.01597	0.07330	0.02411	0.14772	0.50367	0.01510	0.01757	0.01957	0.01431	0.07022	0.01305	0.01728	0.01071	0.00620	0.00619	0.00191	0.00743	0.02286	0.00346	0.00938
32	0.01198	0.01128	0.01903	0.76180	0.04369	0.01409	0.01762	0.01621	0.01268	0.01621	0.01128	0.01691	0.00846	0.00634	0.00634	0.00211	0.00846	0.00564	0.00282	0.00705
33	0.00923	0.00615	0.00692	0.00692	0.00692	0.00615	0.00384	0.00923	0.00923	0.01230	0.01999	0.04151	0.02306	0.77705	0.03229	0.00615	0.00615	0.00923	0.00384	0.00384
34	0.01110	0.00918	0.01432	0.03758	0.21834	0.00982	0.01088	0.01349	0.01146	0.01622	0.01645	0.02635	0.01587	0.15225	0.37803	0.00671	0.01194	0.02989	0.00346	0.00666
35	0.01198	0.01128	0.01903	0.76180	0.04369	0.01409	0.01762	0.01621	0.01268	0.01621	0.01128	0.01691	0.00846	0.00634	0.00634	0.00211	0.00846	0.00564	0.00282	0.00705
36	0.00773	0.00552	0.00736	0.00883	0.00920	0.00515	0.00589	0.00883	0.01215	0.01619	0.03497	0.77291	0.04196	0.01987	0.00810	0.00258	0.00368	0.01803	0.00589	0.00515
37	0.01811	0.43870	0.02660	0.01320	0.01707	0.16102	0.01173	0.03624	0.01375	0.03712	0.00953	0.01164	0.00847	0.00694	0.00798	0.00173	0.16510	0.00411	0.00307	0.00788
38	0.01102	0.00551	0.00826	0.00826	0.00826	0.00551	0.00551	0.00826	0.00826	0.01102	0.01102	0.01928	0.01102	0.02204	0.02479	0.81543	0.00551	0.00551	0.00275	0.00275
39	0.82186	0.01227	0.00932	0.00834	0.01227	0.01423	0.00687	0.01865	0.01080	0.02846	0.00883	0.01031	0.00687	0.00589	0.00393	0.00196	0.00491	0.00344	0.00393	0.00687
40	0.20981	0.00856	0.00871	0.00802	0.01094	0.00827	0.00638	0.01510	0.01431	0.12919	0.07735	0.04266	0.37266	0.01228	0.00653	0.00211	0.00410	0.05065	0.00576	0.00660
41	0.01102	0.00551	0.00826	0.00826	0.00826	0.00551	0.00551	0.00826	0.00826	0.01102	0.01102	0.01928	0.01102	0.02204	0.02479	0.81543	0.00551	0.00551	0.00275	0.00275
42	0.00754	0.00643	0.00648	0.00647	0.00859	0.00537	0.00485	0.00918	0.01455	0.01735	0.08178	0.06070	0.71726	0.01599	0.00750	0.00214	0.00321	0.01334	0.00592	0.00537
43	0.01198	0.01128	0.01903	0.76180	0.04369	0.01409	0.01762	0.01621	0.01268	0.01621	0.01128	0.01691	0.00846	0.00634	0.00634	0.00211	0.00846	0.00564	0.00282	0.00705
44	0.05659	0.01309	0.01454	0.10813	0.01958	0.01525	0.01075	0.03018	0.58121	0.02529	0.04009	0.02269	0.01830	0.00828	0.00634	0.00213	0.00540	0.00689	0.00587	0.00940
45	0.01180	0.01062	0.01612	0.12975	0.21397	0.01163	0.01291	0.01454	0.01315	0.01772	0.02552	0.04908	0.15198	0.03254	0.05428	0.00286	0.10786	0.11244	0.00406	0.00714
46	0.02160	0.01043	0.01271	0.01032	0.01414	0.01002	0.00833	0.10672	0.07561	0.38542	0.06053	0.02444	0.04882	0.00840	0.00608	0.00188	0.00483	0.00683	0.17363	0.00925
47	0.79501	0.01222	0.00951	0.00844	0.01240	0.01407	0.00695	0.01906	0.01105	0.05261	0.00938	0.01069	0.00717	0.00596	0.00401	0.00196	0.00492	0.00353	0.00406	0.00700
48	0.01246	0.01128	0.01837	0.63881	0.06567	0.01387	0.01650	0.03263	0.01310	0.01743	0.01196	0.01720	0.00912	0.00658	0.00670	0.00208	0.03362	0.00566	0.05982	0.00716
49	0.03202	0.01584	0.02108	0.01797	0.04304	0.10536	0.11943	0.01800	0.02989	0.03565	0.01082	0.01598	0.00979	0.04989	0.01602	0.00264	0.44011	0.00589	0.00322	0.00735
50	0.01588	0.01528	0.02481	0.09405	0.64260	0.03591	0.01891	0.03923	0.01485	0.02077	0.01192	0.01566	0.00989	0.00579	0.00627	0.00190	0.00770	0.00561	0.00321	0.00976
51	0.01460	0.01396	0.02245	0.20106	0.37921	0.01604	0.01747	0.03527	0.01325	0.01881	0.01097	0.01552	0.00927	0.00721	0.00990	0.00216	0.19558	0.00563	0.00306	0.00860
52	0.00857	0.00644	0.00901	0.08677	0.01339	0.00644	0.00778	0.01032	0.01269	0.01669	0.03328	0.55481	0.06082	0.01796	0.00801	0.00257	0.00452	0.12891	0.00556	0.00547
53	0.01054	0.00574	0.00825	0.00825	0.00837	0.00586	0.00550	0.00873	0.00861	0.01160	0.01303	0.02332	0.01339	0.14218	0.10066	0.60674	0.00679	0.00622	0.00299	0.00322
54	0.01485	0.01397	0.02320	0.19813	0.52146	0.01470	0.01819	0.03707	0.03446	0.02025	0.01296	0.03896	0.01094	0.00637	0.00636	0.00196	0.00754	0.00607	0.00333	0.00925
55	0.01523	0.01449	0.02466	0.03692	0.68642	0.01457	0.01866	0.01890	0.01415	0.02030	0.01229	0.01635	0.01046	0.00860	0.05870	0.00247	0.00820	0.00573	0.00316	0.00974
56	0.02274	0.01713	0.01883	0.01549	0.05410	0.01882	0.01213	0.60880	0.08275	0.03743	0.01578	0.01585	0.01138	0.00751	0.00630	0.00189	0.00679	0.00576	0.00612	0.03441
57	0.10354	0.01614	0.08431	0.03696	0.03850	0.07910	0.09366	0.07637	0.01598	0.17952	0.01493	0.03208	0.01111	0.00651	0.00582	0.00174	0.00696	0.00542	0.00467	0.18668
58	0.04862	0.03953	0.07076	0.03587	0.11489	0.12421	0.04690	0.05734	0.01656	0.29094	0.01677	0.01734	0.01189	0.00928	0.05166	0.00238	0.00801	0.00560	0.00508	0.02638
59	0.01393	0.01444	0.01923	0.37687	0.03121	0.13931	0.10970	0.03466	0.01424	0.01725	0.01567	0.15425	0.01475	0.00875	0.00671	0.00211	0.00836	0.00789	0.00360	0.00705
60	0.01466	0.01363	0.02355	0.26853	0.42247	0.01438	0.06702	0.01858	0.01404	0.04272	0.01358	0.01757	0.02865	0.00620	0.00642	0.00199	0.00787	0.00600	0.00327	0.00888
61	0.01222	0.01140	0.01928	0.50411	0.11409	0.01346	0.04964	0.01610	0.01281	0.01694	0.01339	0.02122	0.01130	0.01073	0.07143	0.00287	0.03438	0.05428	0.00313	0.00724
62	0.01235	0.01165	0.01970	0.68969	0.11291	0.01419	0.01780	0.01653	0.01286	0.01666	0.01134	0.01679	0.00862	0.00627	0.00634	0.00209	0.00836	0.00564	0.00285	0.00735
63	0.01212	0.00899	0.01004	0.01027	0.01171	0.05960	0.00744	0.08301	0.01473	0.07006	0.02951	0.52901	0.03303	0.01825	0.04713	0.00281	0.00545	0.03475	0.00576	0.00632
64	0.01264	0.01214	0.02113	0.62291	0.12666	0.01435	0.06683	0.01689	0.01306	0.01704	0.01146	0.01678	0.00873	0.00619	0.00642	0.00209	0.00850	0.00577	0.00289	0.00752
65	0.01448	0.01620	0.04872	0.09882	0.07482	0.01526	0.55568	0.01928	0.01436	0.01949	0.01251	0.01703	0.00957	0.00628	0.00810	0.04098	0.01001	0.00704	0.00313	0.00824
66	0.01388	0.01388	0.01943	0.01666	0.01666	0.01943	0.01388	0.01527	0.00972	0.01527	0.00833	0.01388	0.00833	0.01110	0.02082	0.00278	0.76544	0.00555	0.00278	0.00694
67	0.00885	0.00648	0.00830	0.00785	0.00940	0.00593	0.00589	0.01173	0.01766	0.02473	0.67659	0.04856	0.11784	0.01324	0.00748	0.00201	0.00301	0.01164	0.00689	0.00593
68	0.00923	0.00620	0.00719	0.00736	0.00749	0.00619	0.00442	0.00950	0.00977	0.01298	0.02172	0.07927	0.02498	0.68406	0.02937	0.00574	0.00601	0.06039	0.00409	0.00406
69	0.01279	0.00918	0.00992	0.00923	0.01156	0.00994	0.00706	0.02184	0.30397	0.02523	0.18455	0.02904	0.02741	0.00915	0.00595	0.00187	0.00380	0.00769	0.30223	0.00761
70	0.02287	0.02890	0.01805	0.06876	0.02130	0.69973	0.01263	0.02469	0.01761	0.01557	0.00991	0.01183	0.00819	0.00652	0.00576	0.00167	0.01123	0.00419	0.00324	0.00733
71	0.07801	0.01191	0.01454	0.01143	0.01583	0.01152	0.00927	0.17450	0.01937	0.47342	0.02178	0.04158	0.01531	0.06208	0.00808	0.00226	0.00571	0.00656	0.00693	0.00989
72	0.01664	0.01389	0.01669	0.01402	0.01795	0.01541	0.07592	0.11635	0.50163	0.04863	0.07305	0.02360	0.02012	0.00846	0.00661	0.00210	0.00567	0.00730	0.00622	0.00973
73	0.01476	0.01670	0.03614	0.07842	0.03390	0.01591	0.66545	0.02003	0.01481	0.02003	0.01272	0.01710	0.00954	0.00542	0.00741	0.00214	0.01054	0.00736	0.00318	0.00845
74	0.02378	0.01715	0.01796	0.01396	0.01875	0.05035	0.01145	0.59560	0.02752	0.09240	0.01604	0.01600	0.01134	0.00757	0.00622	0.00187	0.00684	0.00570	0.04910	0.01038
75	0.01282	0.00975	0.01219	0.06370	0.01477	0.01119	0.00885	0.03401	0.26385	0.01850	0.01826	0.02415	0.01587	0.07577	0.10283	0.22870	0.04762	0.02624	0.00440	0.00655
76	0.00844	0.00603	0.00817	0.00964	0.01032	0.00576	0.00712	0.01006	0.01284	0.01699	0.03457	0.57370	0.04041	0.01921	0.00829	0.00267	0.00429	0.21025	0.00588	0.00535
77	0.00773	0.00552	0.00736	0.00883	0.00920	0.00515	0.00589	0.00883	0.01215	0.01619	0.03497	0.77291	0.04196	0.01987	0.00810	0.00258	0.00368	0.01803	0.00589	0.00515
78	0.01696	0.78087	0.03324	0.01085	0.01628	0.02510	0.01085	0.01900	0.01289	0.01493	0.00882	0.01018	0.00814	0.00543	0.00407	0.00136	0.00678	0.00339	0.00271	0.00814
79	0.01587	0.01461	0.02452	0.08795	0.64014	0.01484	0.01868	0.02011	0.03853	0.04477	0.01280	0.01625	0.01044	0.00587	0.00629	0.00191	0.00744	0.00573	0.00339	0.00986
80	0.01015	0.00725	0.01014	0.01160	0.01303	0.00724	0.01010	0.01302	0.01453	0.01891	0.03363	0.09159	0.03667	0.01759	0.00874	0.00291	0.00578	0.67545	0.00584	0.00582
81	0.01033	0.00715	0.00916	0.00846	0.01025	0.00678	0.00641	0.01428	0.06449	0.05879	0.65465	0.04463	0.05515	0.01244	0.00736	0.00200	0.00324	0.01095	0.00699	0.00648
82	0.10435	0.01402	0.01442	0.01264	0.01645	0.01612	0.00996	0.12163	0.55706	0.02851	0.02259	0.02111	0.01688	0.00818	0.00617	0.00210	0.00527	0.00658	0.00617	0.00980
83	0.01842	0.01557	0.02182	0.07707	0.32084	0.01638	0.03208	0.28774	0.02006	0.02770	0.01304	0.01539	0.01012	0.00650	0.00656	0.00186	0.02510	0.00557	0.00440	0.07378
84	0.00912	0.00655	0.00896	0.00896	0.00967	0.00726	0.00639	0.01054	0.00983	0.01381	0.01812	0.03116	0.01857	0.32196	0.48123	0.00867	0.01291	0.00771	0.00357	0.00498
85	0.01102	0.00551	0.00826	0.00826	0.00826	0.00551	0.00551	0.00826	0.00826	0.01102	0.01102	0.01928	0.01102	0.02204	0.02479	0.81543	0.00551	0.00551	0.00275	0.00275
86	0.01358	0.01284	0.02139	0.44954	0.30874	0.01455	0.01798	0.01827	0.04650	0.01842	0.01220	0.01676	0.00957	0.00618	0.00632	0.00203	0.00794	0.00571	0.00311	0.00834
87	0.01373	0.01292	0.02113	0.42162	0.30247	0.01462	0.01763	0.01903	0.07811	0.01885	0.01284	0.01707	0.01005	0.00629	0.00633	0.00203	0.00780	0.00578	0.00327	0.00845
88	0.01293	0.01179	0.03176	0.14601	0.02053	0.00963	0.00973	0.01612	0.01308	0.01985	0.01128	0.01384	0.00919	0.00503	0.00503	0.00118	0.00549	0.00412	0.00356	0.64985
89	0.01496	0.01417	0.02341	0.20755	0.48975	0.01535	0.01832	0.04194	0.01416	0.01986	0.01159	0.01582	0.00956	0.00633	0.00749	0.00201	0.06985	0.00564	0.00314	0.00911
90	0.01062	0.00902	0.01217	0.01146	0.01222	0.02991	0.00892	0.01235	0.01015	0.01455	0.01513	0.02417	0.01483	0.13640	0.46004	0.00765	0.19458	0.00676	0.00331	0.00577
91	0.00935	0.00659	0.00983	0.00983	0.01076	0.00753	0.00747	0.01083	0.00989	0.01413	0.01623	0.02460	0.01538	0.06516	0.62743	0.12475	0.01504	0.00668	0.00332	0.00520
92	0.00896	0.00688	0.00836	0.00771	0.00972	0.00604	0.00582	0.01159	0.01668	0.02296	0.50560	0.04790	0.22417	0.01304	0.00725	0.00194	0.00319	0.01130	0.00644	0.07444
93	0.01679	0.57582	0.16244	0.01268	0.01863	0.08868	0.01329	0.01977	0.01344	0.01593	0.00938	0.01088	0.00812	0.00564	0.00458	0.00150	0.00768	0.00369	0.00276	0.00830
94	0.01717	0.75725	0.03276	0.01103	0.01639	0.04796	0.01090	0.01920	0.01305	0.01494	0.00885	0.01022	0.00814	0.00546	0.00412	0.00137	0.00693	0.00341	0.00273	0.00812
95	0.01261	0.01077	0.01253	0.00919	0.01443	0.00815	0.00729	0.01530	0.01320	0.02030	0.01544	0.04166	0.05668	0.00593	0.00499	0.00107	0.00457	0.00485	0.00397	0.73707
96	0.00906	0.00680	0.01020	0.01020	0.01133	0.00793	0.00793	0.01133	0.01020	0.01473	0.01699	0.02492	0.01586	0.04758	0.75191	0.01020	0.01699	0.00680	0.00340	0.00566
97	0.01942	0.02286	0.26941	0.01662	0.04291	0.14908	0.06373	0.02540	0.09550	0.20775	0.01638	0.01664	0.01149	0.00683	0.00622	0.00195	0.00827	0.00552	0.00461	0.00941
98	0.01315	0.01128	0.01315	0.00940	0.01503	0.00846	0.00752	0.01597	0.01315	0.02067	0.01128	0.01315	0.00940	0.00470	0.00470	0.00094	0.00470	0.00376	0.00376	0.81583
99	0.00907	0.00677	0.01007	0.01007	0.01116	0.00786	0.00778	0.01125	0.01016	0.01464	0.01710	0.02554	0.01613	0.07492	0.72494	0.01004	0.01659	0.00689	0.00342	0.00560
100	0.01392	0.01400	0.02011	0.01703	0.01727	0.01930	0.04014	0.01546	0.00991	0.01546	0.00850	0.01400	0.00838	0.01089	0.02032	0.00275	0.73715	0.00562	0.00279	0.00700
101	0.01626	0.01457	0.01871	0.07269	0.21701	0.05145	0.03691	0.13054	0.22930	0.02489	0.06200	0.04390	0.03732	0.00808	0.00652	0.00201	0.00655	0.00704	0.00500	0.00924
102	0.01198	0.01128	0.01903	0.76180	0.04369	0.01409	0.01762	0.01621	0.01268	0.01621	0.01128	0.01691	0.00846	0.00634	0.00634	0.00211	0.00846	0.00564	0.00282	0.00705
103	0.01400	0.10530	0.59781	0.01699	0.02540	0.07222	0.02089	0.02027	0.01369	0.01925	0.01101	0.01292	0.00810	0.00597	0.00577	0.00189	0.00915	0.00449	0.00276	0.03213
104	0.03897	0.03152	0.66955	0.01759	0.02642	0.03959	0.02212	0.04632	0.01408	0.02095	0.01140	0.01330	0.00811	0.00610	0.00596	0.00199	0.00921	0.00467	0.00288	0.00928
105	0.00918	0.00630	0.00790	0.00794	0.00828	0.00662	0.00511	0.00980	0.00956	0.01307	0.01933	0.05638	0.02123	0.52907	0.23795	0.02629	0.00918	0.00868	0.00375	0.00438
106	0.01448	0.02680	0.01468	0.07869	0.01706	0.01095	0.04653	0.10120	0.01475	0.07959	0.04817	0.02665	0.01707	0.12512	0.05032	0.06003	0.04630	0.06861	0.00448	0.14853
107	0.01338	0.00850	0.03028	0.01007	0.03333	0.00761	0.00751	0.01571	0.03387	0.18009	0.03334	0.14333	0.19666	0.11399	0.13894	0.00404	0.00687	0.01018	0.00549	0.00681
108	0.01640	0.01394	0.01470	0.01304	0.01673	0.01607	0.01019	0.08486	0.67385	0.02754	0.02503	0.02304	0.01872	0.00853	0.00645	0.00213	0.00517	0.00706	0.00645	0.01010
109	0.01339	0.01180	0.01975	0.55996	0.12774	0.01384	0.03712	0.03115	0.01344	0.05101	0.01242	0.01737	0.00946	0.00847	0.04524	0.00250	0.00868	0.00579	0.00321	0.00765
110	0.03859	0.01419	0.02228	0.18316	0.40665	0.01513	0.03880	0.09007	0.06496	0.02248	0.03366	0.01725	0.01176	0.00641	0.00632	0.00197	0.00739	0.00592	0.00376	0.00924
111	0.01640	0.01645	0.02356	0.03283	0.55579	0.10770	0.03267	0.03785	0.01535	0.02061	0.04643	0.01697	0.01238	0.00742	0.02873	0.00211	0.00815	0.00581	0.00343	0.00937
112	0.01342	0.01208	0.03222	0.00999	0.01551	0.00938	0.00819	0.01792	0.08698	0.02126	0.01278	0.01425	0.01039	0.00514	0.00491	0.00109	0.00485	0.00414	0.00401	0.71149

[dist]
# distance from previous block
# <min> <max>
0	24

# created by:
# /home/cegg/simao/soft/augustus-3.2.1/scripts/msa2prfl.pl ./align_prep/EOG090W0J0Z.fa
