[name]
unknown

[dist]
# distance from previous block
# <min> <max>
0	50

[block]
# block no. 0 follows, 31 sequences, length 19
# corresponding to MSA columns:
# 100-118
name=unknown_A
#
# <colnr> <probs for GDERKNQSTAVLIFYWHMCP>
#	G	D	E	R	K	N	Q	S	T	A	V	L	I	F	Y	W	H	M	C	P
0	0.01014	0.00733	0.00907	0.00926	0.01100	0.00682	0.00706	0.01316	0.04201	0.04363	0.27482	0.19265	0.21747	0.01664	0.00833	0.00246	0.00404	0.11085	0.00683	0.00641
1	0.57275	0.10188	0.04741	0.01083	0.01558	0.05904	0.00951	0.07428	0.01412	0.02878	0.01026	0.01175	0.00804	0.00649	0.00468	0.00202	0.00634	0.00400	0.00419	0.00806
2	0.01016	0.00775	0.01054	0.01100	0.01218	0.00762	0.03820	0.04902	0.05466	0.01972	0.03488	0.63863	0.04040	0.01929	0.00850	0.00269	0.00459	0.01752	0.00628	0.00636
3	0.00918	0.00697	0.00845	0.00808	0.00991	0.00624	0.00606	0.01194	0.01818	0.02463	0.51126	0.05573	0.26833	0.01503	0.00807	0.00220	0.00330	0.01302	0.00716	0.00624
4	0.02668	0.01153	0.01504	0.01198	0.01663	0.01058	0.00969	0.03144	0.10834	0.55685	0.07476	0.02631	0.02106	0.03673	0.00801	0.00231	0.00562	0.00749	0.00805	0.01090
5	0.01773	0.01728	0.05370	0.13950	0.20247	0.05218	0.17744	0.06265	0.04787	0.07113	0.01448	0.01777	0.01107	0.00695	0.00793	0.00217	0.05212	0.00650	0.00406	0.03500
6	0.03990	0.03487	0.01529	0.01347	0.05042	0.04479	0.01015	0.08313	0.01461	0.02111	0.01483	0.01974	0.01304	0.02578	0.31761	0.00564	0.05488	0.00587	0.00402	0.21084
7	0.02029	0.07359	0.04024	0.04859	0.16464	0.08147	0.01426	0.21308	0.13570	0.04851	0.01623	0.01731	0.01240	0.00731	0.00644	0.00195	0.00758	0.00587	0.00511	0.07941
8	0.00949	0.04686	0.00970	0.00930	0.01046	0.00738	0.00662	0.01150	0.03598	0.01820	0.07914	0.44297	0.13623	0.09692	0.01110	0.00301	0.00448	0.04877	0.00602	0.00587
9	0.00869	0.00620	0.00785	0.00892	0.00944	0.00582	0.00587	0.00981	0.01304	0.01731	0.07382	0.53842	0.08921	0.15603	0.01343	0.00342	0.00438	0.01697	0.00601	0.00536
10	0.01823	0.01708	0.07593	0.07685	0.30008	0.01601	0.11193	0.08554	0.09226	0.08817	0.01690	0.02044	0.01313	0.00730	0.00706	0.00217	0.00820	0.02776	0.00460	0.01034
11	0.01594	0.22229	0.47048	0.01760	0.02617	0.01856	0.05734	0.02199	0.01467	0.05742	0.01243	0.01423	0.00923	0.00640	0.00606	0.00199	0.00924	0.00495	0.00323	0.00980
12	0.01433	0.01415	0.02010	0.23671	0.02649	0.04056	0.01570	0.01682	0.01176	0.01674	0.01063	0.01669	0.00957	0.01295	0.06557	0.00328	0.45140	0.00606	0.00307	0.00744
13	0.31569	0.14486	0.11198	0.01343	0.01830	0.17005	0.01238	0.04124	0.01473	0.02343	0.01126	0.01454	0.00947	0.00721	0.00610	0.00202	0.04279	0.02855	0.00378	0.00819
14	0.00911	0.00697	0.00836	0.00801	0.00987	0.00621	0.00601	0.01181	0.01802	0.02424	0.48382	0.05635	0.29600	0.01518	0.00807	0.00221	0.00331	0.01311	0.00711	0.00621
15	0.03815	0.01398	0.07802	0.04928	0.11686	0.03993	0.01256	0.02092	0.14960	0.04611	0.17145	0.05916	0.06505	0.01135	0.00745	0.00232	0.00617	0.09744	0.00573	0.00847
16	0.01551	0.05241	0.02137	0.02721	0.36303	0.08034	0.01525	0.01916	0.04948	0.02026	0.01930	0.20330	0.01965	0.01056	0.00802	0.00224	0.05044	0.00927	0.00428	0.00893
17	0.01165	0.00816	0.01147	0.08475	0.01666	0.00823	0.01065	0.01453	0.01537	0.05684	0.03624	0.16039	0.09134	0.01736	0.00884	0.00289	0.00600	0.42595	0.00610	0.00657
18	0.01225	0.00810	0.01117	0.01232	0.07540	0.00826	0.00775	0.01370	0.01201	0.07989	0.02219	0.11701	0.02298	0.33377	0.22646	0.00660	0.00974	0.00966	0.00459	0.00617

[dist]
# distance from previous block
# <min> <max>
7	9

[block]
# block no. 1 follows, 31 sequences, length 28
# corresponding to MSA columns:
# 132-159
name=unknown_B
#
# <colnr> <probs for GDERKNQSTAVLIFYWHMCP>
#	G	D	E	R	K	N	Q	S	T	A	V	L	I	F	Y	W	H	M	C	P
0	0.01750	0.06067	0.09485	0.03730	0.02001	0.12239	0.01189	0.06778	0.05852	0.04226	0.01345	0.01499	0.01061	0.00620	0.00570	0.00150	0.00720	0.00471	0.00424	0.39823
1	0.01682	0.01374	0.01630	0.12121	0.09478	0.05101	0.01198	0.11363	0.15910	0.06746	0.06774	0.02863	0.12222	0.00954	0.00692	0.00211	0.00637	0.00796	0.04228	0.04020
2	0.01915	0.28690	0.16338	0.01557	0.04046	0.16018	0.01465	0.06463	0.07511	0.04400	0.04544	0.01592	0.01287	0.00712	0.00584	0.00184	0.00849	0.00516	0.00403	0.00927
3	0.01438	0.00981	0.03491	0.01050	0.01331	0.00890	0.00855	0.04937	0.06548	0.13548	0.40204	0.04270	0.07123	0.01488	0.05065	0.00274	0.00527	0.04480	0.00711	0.00787
4	0.01800	0.04933	0.06618	0.14146	0.26329	0.04947	0.01648	0.08115	0.07592	0.08617	0.07092	0.02048	0.01597	0.00757	0.00677	0.00209	0.00770	0.00655	0.00467	0.00983
5	0.02329	0.02787	0.01981	0.01757	0.02046	0.52956	0.01358	0.07020	0.01832	0.01847	0.01063	0.01319	0.00904	0.00820	0.00975	0.00205	0.17144	0.00487	0.00363	0.00809
6	0.00892	0.00694	0.00796	0.00772	0.00958	0.00613	0.00570	0.01122	0.01696	0.02220	0.35644	0.05795	0.38048	0.06012	0.00967	0.00250	0.00355	0.01324	0.00675	0.00598
7	0.00847	0.00691	0.00749	0.00741	0.00949	0.00593	0.00553	0.01054	0.01640	0.02056	0.21989	0.08510	0.53911	0.01668	0.00810	0.00229	0.00343	0.01412	0.00663	0.00593
8	0.00990	0.00684	0.00853	0.00853	0.00891	0.00722	0.00548	0.01064	0.01027	0.01406	0.02057	0.03934	0.02251	0.54448	0.24668	0.00796	0.01018	0.00915	0.00400	0.00474
9	0.00821	0.00681	0.00718	0.00735	0.00938	0.00579	0.00541	0.00996	0.01550	0.01886	0.10173	0.15055	0.59444	0.01765	0.00817	0.00236	0.00351	0.01494	0.00642	0.00579
10	0.01596	0.01100	0.01263	0.01136	0.01448	0.01148	0.00890	0.06631	0.25685	0.11650	0.17880	0.07139	0.09825	0.01195	0.00741	0.00228	0.00482	0.04708	0.04369	0.00885
11	0.01292	0.01216	0.02052	0.74312	0.04712	0.01520	0.01900	0.01748	0.01368	0.01748	0.01216	0.01824	0.00912	0.00684	0.00684	0.00228	0.00912	0.00608	0.00304	0.00760
12	0.01590	0.01252	0.01461	0.01068	0.01657	0.01004	0.00856	0.04514	0.05011	0.07085	0.01412	0.01546	0.01120	0.00563	0.00535	0.00119	0.00523	0.00451	0.00461	0.67771
13	0.01673	0.01872	0.07436	0.06639	0.17693	0.08626	0.20651	0.06166	0.01618	0.02165	0.02929	0.06096	0.01327	0.00819	0.00937	0.00229	0.11106	0.00733	0.00379	0.00905
14	0.00947	0.00897	0.05860	0.01092	0.01275	0.00716	0.04613	0.01192	0.01507	0.02058	0.20728	0.45041	0.07948	0.01745	0.00834	0.00253	0.00460	0.01579	0.00625	0.00631
15	0.03261	0.07614	0.08974	0.10677	0.05798	0.01591	0.05454	0.06036	0.05420	0.09420	0.05848	0.05790	0.01630	0.01027	0.02975	0.00250	0.13564	0.00707	0.00458	0.03504
16	0.00848	0.00610	0.00796	0.00938	0.00990	0.00569	0.00633	0.00971	0.01319	0.01743	0.03878	0.65981	0.08372	0.05522	0.00992	0.00294	0.00414	0.03953	0.00625	0.00553
17	0.01079	0.00780	0.01070	0.01216	0.01379	0.00771	0.01057	0.01383	0.01574	0.02032	0.03881	0.07629	0.09212	0.01878	0.00934	0.00308	0.00608	0.61953	0.00630	0.00626
18	0.01787	0.58311	0.16429	0.01352	0.02004	0.06704	0.01435	0.02112	0.01433	0.01718	0.01009	0.01171	0.00876	0.00605	0.00489	0.00161	0.00814	0.00397	0.00296	0.00898
19	0.01199	0.05376	0.01503	0.01229	0.01444	0.01031	0.08213	0.01413	0.01387	0.05994	0.05814	0.24366	0.14625	0.05678	0.10375	0.00377	0.07565	0.01212	0.00524	0.00676
20	0.00845	0.00679	0.00753	0.00767	0.00954	0.00588	0.00563	0.01039	0.01596	0.02012	0.19388	0.17025	0.47930	0.01729	0.00818	0.00235	0.00350	0.01480	0.00659	0.00588
21	0.05244	0.01086	0.01442	0.01138	0.01601	0.00957	0.00929	0.02917	0.01917	0.57486	0.13047	0.02827	0.04362	0.00948	0.00701	0.00213	0.00535	0.00781	0.00813	0.01056
22	0.10390	0.14539	0.13934	0.01567	0.02150	0.05786	0.08757	0.16091	0.01856	0.10150	0.01542	0.04984	0.01223	0.00906	0.03013	0.00233	0.00840	0.00614	0.00474	0.00952
23	0.02076	0.02414	0.02030	0.01767	0.02034	0.40234	0.05341	0.05355	0.01666	0.01811	0.01135	0.01495	0.00986	0.01249	0.07895	0.00300	0.20529	0.00539	0.00355	0.00789
24	0.00912	0.00695	0.00841	0.00831	0.01008	0.00624	0.00626	0.01170	0.01748	0.02337	0.41425	0.10521	0.28170	0.01588	0.00819	0.00230	0.00352	0.04790	0.00699	0.00616
25	0.01429	0.01372	0.02133	0.09043	0.20778	0.01658	0.03826	0.01689	0.01271	0.01844	0.01469	0.11787	0.01475	0.01211	0.03429	0.00284	0.33329	0.00798	0.00360	0.00815
26	0.19495	0.01837	0.10405	0.05210	0.06156	0.07588	0.01316	0.15868	0.05463	0.12311	0.01844	0.01997	0.04428	0.00807	0.00630	0.00213	0.00732	0.02221	0.00529	0.00951
27	0.06145	0.18525	0.24580	0.06464	0.02314	0.15822	0.01600	0.02176	0.04990	0.01971	0.01541	0.06084	0.03485	0.00789	0.00609	0.00199	0.00878	0.00594	0.00364	0.00869

[dist]
# distance from previous block
# <min> <max>
0	21

[block]
# block no. 2 follows, 31 sequences, length 18
# corresponding to MSA columns:
# 181-198
name=unknown_C
#
# <colnr> <probs for GDERKNQSTAVLIFYWHMCP>
#	G	D	E	R	K	N	Q	S	T	A	V	L	I	F	Y	W	H	M	C	P
0	0.02515	0.01874	0.02005	0.01557	0.02089	0.02082	0.01280	0.63165	0.09599	0.04174	0.01751	0.01729	0.01251	0.00831	0.00686	0.00208	0.00733	0.00631	0.00686	0.01156
1	0.01067	0.00895	0.06022	0.01107	0.04952	0.00736	0.00799	0.01272	0.01344	0.01957	0.07718	0.30311	0.03176	0.12643	0.01241	0.04170	0.00498	0.03041	0.16443	0.00609
2	0.00832	0.00599	0.00790	0.00942	0.00989	0.00557	0.00630	0.00954	0.01320	0.01751	0.03903	0.72633	0.07317	0.02126	0.00871	0.00276	0.00395	0.01924	0.00635	0.00557
3	0.01275	0.00638	0.00638	0.00638	0.00797	0.00638	0.00478	0.01594	0.01435	0.02551	0.02232	0.02551	0.01754	0.00797	0.00478	0.00159	0.00319	0.00638	0.79755	0.00638
4	0.01170	0.01949	0.29969	0.01623	0.06072	0.01127	0.04942	0.01641	0.01494	0.02055	0.05441	0.14316	0.15449	0.01240	0.00762	0.00240	0.00721	0.08517	0.00467	0.00804
5	0.01814	0.02085	0.08433	0.05258	0.37563	0.16592	0.05078	0.04577	0.03580	0.02163	0.01600	0.01878	0.04911	0.00712	0.00677	0.00203	0.00902	0.00625	0.00375	0.00974
6	0.01534	0.01559	0.02600	0.28886	0.18756	0.05033	0.15833	0.01932	0.01434	0.01918	0.01215	0.01733	0.00979	0.00755	0.00963	0.02049	0.11004	0.00640	0.00322	0.00855
7	0.00834	0.00595	0.00794	0.00953	0.00992	0.00556	0.00635	0.00953	0.01310	0.01746	0.03771	0.75510	0.04525	0.02143	0.00873	0.00278	0.00397	0.01945	0.00635	0.00556
8	0.01530	0.07820	0.29149	0.02723	0.24221	0.01668	0.15491	0.02092	0.01514	0.02139	0.01497	0.01792	0.03934	0.00664	0.00681	0.00211	0.00930	0.00627	0.00331	0.00988
9	0.01972	0.08925	0.09298	0.01615	0.02006	0.32495	0.02933	0.06516	0.03448	0.02044	0.08873	0.01906	0.03334	0.00866	0.00859	0.00204	0.10861	0.00601	0.00413	0.00829
10	0.04066	0.01460	0.02088	0.24373	0.28245	0.05614	0.01670	0.07530	0.01630	0.02233	0.01583	0.06203	0.01396	0.00820	0.00684	0.00218	0.00796	0.04250	0.04250	0.00889
11	0.69531	0.01522	0.04982	0.01170	0.05396	0.03861	0.00932	0.02048	0.01227	0.02929	0.00990	0.01166	0.00772	0.00637	0.00456	0.00210	0.00594	0.00393	0.00409	0.00776
12	0.00969	0.00701	0.00901	0.00864	0.01016	0.00650	0.00645	0.01260	0.01832	0.02563	0.59854	0.05262	0.09198	0.06896	0.01010	0.00254	0.00364	0.04422	0.00717	0.00625
13	0.01020	0.00791	0.01094	0.06478	0.04712	0.00853	0.00818	0.01175	0.01186	0.01610	0.02576	0.21641	0.06278	0.24489	0.18136	0.00570	0.04407	0.01133	0.00454	0.00577
14	0.66916	0.01424	0.01302	0.01093	0.01546	0.01616	0.04660	0.10140	0.01437	0.03170	0.01060	0.01217	0.00809	0.00654	0.00476	0.00212	0.00591	0.00425	0.00450	0.00802
15	0.02293	0.02271	0.05728	0.01628	0.02071	0.22584	0.01349	0.33071	0.07832	0.02993	0.01496	0.01624	0.01146	0.01018	0.04208	0.00249	0.06353	0.00576	0.00525	0.00985
16	0.00948	0.00642	0.00773	0.00823	0.00857	0.00623	0.00514	0.01031	0.01204	0.01645	0.08648	0.29134	0.03505	0.40759	0.02220	0.00470	0.00527	0.01331	0.03855	0.00493
17	0.19083	0.01647	0.04521	0.01612	0.07404	0.05552	0.04286	0.10994	0.24922	0.05733	0.01903	0.02102	0.01484	0.03123	0.00725	0.00233	0.00679	0.02481	0.00551	0.00962

[dist]
# distance from previous block
# <min> <max>
0	2

[block]
# block no. 3 follows, 31 sequences, length 78
# corresponding to MSA columns:
# 201-278
name=unknown_D
#
# <colnr> <probs for GDERKNQSTAVLIFYWHMCP>
#	G	D	E	R	K	N	Q	S	T	A	V	L	I	F	Y	W	H	M	C	P
0	0.00834	0.00682	0.00731	0.00742	0.00939	0.00585	0.00545	0.01014	0.01561	0.01926	0.13761	0.14131	0.54967	0.03417	0.00876	0.00244	0.00357	0.01467	0.00644	0.00579
1	0.08466	0.11911	0.50307	0.01879	0.05481	0.01743	0.04211	0.02118	0.01409	0.02164	0.01166	0.01398	0.00872	0.00657	0.00668	0.00211	0.03579	0.00494	0.00305	0.00962
2	0.01429	0.12560	0.63886	0.01853	0.02812	0.01727	0.02360	0.02152	0.01438	0.02098	0.01193	0.01401	0.00868	0.00642	0.00624	0.00208	0.00976	0.00488	0.00289	0.00995
3	0.00932	0.00637	0.00765	0.00827	0.00842	0.00621	0.00500	0.00978	0.01118	0.01490	0.02784	0.32132	0.03281	0.47220	0.02466	0.00513	0.00560	0.01365	0.00500	0.00469
4	0.03489	0.05311	0.08658	0.10154	0.20260	0.01469	0.04114	0.07082	0.04482	0.07946	0.01518	0.01756	0.01163	0.00666	0.00623	0.00189	0.00725	0.00574	0.06718	0.13103
5	0.01229	0.00629	0.00707	0.00707	0.00828	0.00623	0.00511	0.01378	0.01298	0.02157	0.02190	0.02627	0.05066	0.01260	0.01073	0.21227	0.00393	0.00666	0.54885	0.00545
6	0.01878	0.37288	0.10395	0.01618	0.02171	0.18577	0.09726	0.02191	0.01527	0.01755	0.01090	0.01332	0.00930	0.00812	0.03379	0.00212	0.03466	0.00474	0.00316	0.00864
7	0.00892	0.00639	0.00772	0.00845	0.00902	0.00607	0.00546	0.00981	0.01228	0.01607	0.03605	0.37362	0.13765	0.28513	0.04219	0.00436	0.00532	0.01490	0.00547	0.00510
8	0.00974	0.00666	0.00805	0.00823	0.00847	0.00680	0.00507	0.01025	0.01047	0.01414	0.02290	0.12259	0.02600	0.56794	0.13818	0.00686	0.00811	0.01063	0.00432	0.00460
9	0.01428	0.01225	0.01423	0.01026	0.01627	0.00939	0.00820	0.01788	0.03772	0.02251	0.01269	0.01457	0.01050	0.00521	0.00513	0.00106	0.00508	0.00418	0.00415	0.77444
10	0.00950	0.00649	0.00755	0.00792	0.00810	0.00635	0.00470	0.00985	0.01090	0.01444	0.02712	0.21135	0.05556	0.55936	0.02773	0.00557	0.00589	0.01234	0.00474	0.00454
11	0.01795	0.70964	0.08692	0.01228	0.01845	0.02624	0.01271	0.02057	0.01394	0.01651	0.00972	0.01123	0.00877	0.00590	0.00455	0.00152	0.00752	0.00376	0.00292	0.00888
12	0.02364	0.02190	0.01775	0.01506	0.01900	0.30875	0.01174	0.24145	0.02276	0.09813	0.06748	0.01965	0.01576	0.03864	0.04542	0.00258	0.00953	0.00618	0.00544	0.00916
13	0.01829	0.76368	0.03585	0.01171	0.01756	0.02707	0.01171	0.02049	0.01390	0.01610	0.00951	0.01097	0.00878	0.00585	0.00439	0.00146	0.00732	0.00366	0.00293	0.00878
14	0.00920	0.00675	0.00867	0.00926	0.01033	0.00638	0.00653	0.01193	0.04408	0.02175	0.29539	0.43145	0.07669	0.01795	0.00838	0.00250	0.00373	0.01609	0.00682	0.00612
15	0.00941	0.00687	0.00900	0.00982	0.01108	0.00646	0.00752	0.01176	0.01583	0.02117	0.22960	0.30139	0.12067	0.01823	0.00867	0.00265	0.00434	0.19283	0.00667	0.00603
16	0.02566	0.01899	0.02034	0.01567	0.02108	0.02105	0.01292	0.66872	0.05809	0.04256	0.01687	0.01678	0.01199	0.00825	0.00685	0.00206	0.00745	0.00622	0.00685	0.01160
17	0.01087	0.00776	0.01084	0.01242	0.01392	0.00774	0.01075	0.01390	0.01559	0.02030	0.03631	0.11698	0.03972	0.01905	0.00941	0.00313	0.00616	0.63259	0.00630	0.00626
18	0.01372	0.03539	0.72412	0.01950	0.02961	0.01589	0.02528	0.02167	0.01444	0.02167	0.01228	0.01444	0.00867	0.00650	0.00650	0.00217	0.01011	0.00506	0.00289	0.01011
19	0.01090	0.00991	0.00974	0.01026	0.01181	0.09685	0.00760	0.01272	0.01501	0.01839	0.07613	0.31612	0.21410	0.02004	0.06033	0.00313	0.00614	0.08888	0.00586	0.00608
20	0.05864	0.07384	0.07147	0.01658	0.08161	0.01480	0.07894	0.13988	0.01773	0.05194	0.01443	0.04583	0.01184	0.00682	0.00606	0.00171	0.00694	0.00577	0.00453	0.29062
21	0.10096	0.19146	0.07467	0.01441	0.01900	0.08434	0.05248	0.12538	0.06591	0.02358	0.01472	0.01917	0.01260	0.04255	0.07279	0.00301	0.03942	0.03057	0.00429	0.00870
22	0.02566	0.05601	0.01645	0.01214	0.01688	0.01205	0.00998	0.05795	0.11109	0.48420	0.10044	0.02561	0.02195	0.00901	0.00687	0.00211	0.00564	0.00737	0.00777	0.01080
23	0.00988	0.00689	0.00876	0.00876	0.00920	0.00734	0.00576	0.01078	0.01033	0.01422	0.02037	0.03822	0.02203	0.50030	0.29020	0.00823	0.01091	0.00899	0.00397	0.00486
24	0.01486	0.01414	0.02402	0.40431	0.37078	0.01571	0.01996	0.01918	0.01460	0.01983	0.01250	0.01761	0.00995	0.00648	0.00681	0.00216	0.00864	0.00609	0.00321	0.00916
25	0.01526	0.28131	0.49171	0.01687	0.02554	0.01966	0.02069	0.02127	0.01426	0.01979	0.01134	0.01327	0.00870	0.00628	0.00579	0.00193	0.00917	0.00458	0.00290	0.00966
26	0.01028	0.00835	0.00936	0.00938	0.01059	0.04940	0.00669	0.01203	0.01382	0.01818	0.16214	0.14315	0.13025	0.18499	0.19516	0.00542	0.00841	0.01142	0.00526	0.00573
27	0.01585	0.01162	0.01478	0.01292	0.01542	0.03932	0.03670	0.09490	0.06714	0.10270	0.05350	0.02630	0.01865	0.09755	0.29925	0.00615	0.06688	0.00749	0.00501	0.00786
28	0.00854	0.00635	0.00796	0.00883	0.00984	0.00577	0.00614	0.01022	0.01477	0.01953	0.17025	0.48433	0.18404	0.01921	0.00848	0.00257	0.00373	0.01711	0.00657	0.00577
29	0.01497	0.23376	0.53665	0.01738	0.02633	0.01893	0.02158	0.02134	0.01430	0.02015	0.01152	0.01350	0.00870	0.00632	0.00593	0.00198	0.00935	0.00467	0.00290	0.00975
30	0.38499	0.04751	0.01623	0.03574	0.05429	0.26615	0.01104	0.07213	0.01620	0.02540	0.01065	0.01244	0.00849	0.00671	0.00531	0.00197	0.00824	0.00432	0.00405	0.00813
31	0.01859	0.73346	0.03517	0.01195	0.01771	0.05621	0.01177	0.02077	0.01413	0.01612	0.00956	0.01103	0.00878	0.00590	0.00446	0.00148	0.00752	0.00369	0.00295	0.00874
32	0.01444	0.01232	0.01422	0.01096	0.01624	0.01067	0.00869	0.02072	0.15320	0.02311	0.01577	0.01739	0.01280	0.00924	0.05775	0.00199	0.00609	0.00503	0.00461	0.58474
33	0.01879	0.01558	0.01647	0.01428	0.01847	0.01785	0.01126	0.16626	0.57174	0.03148	0.02559	0.02373	0.01906	0.00907	0.00694	0.00227	0.00583	0.00742	0.00694	0.01099
34	0.01646	0.00993	0.01120	0.00981	0.01254	0.01043	0.00774	0.16006	0.04176	0.08212	0.07553	0.02561	0.02001	0.01408	0.09803	0.00299	0.00630	0.00701	0.38038	0.00801
35	0.00839	0.00603	0.00787	0.00931	0.00979	0.00561	0.00620	0.00956	0.01310	0.01734	0.03868	0.69000	0.07917	0.05165	0.00977	0.00291	0.00405	0.01880	0.00626	0.00551
36	0.01079	0.00878	0.01278	0.01220	0.01313	0.01088	0.00961	0.01295	0.01085	0.01589	0.01665	0.02530	0.01585	0.07289	0.56597	0.00926	0.15918	0.00718	0.00355	0.00629
37	0.01645	0.01974	0.07098	0.02652	0.03264	0.05960	0.54460	0.02162	0.01563	0.02100	0.01304	0.01751	0.01005	0.00656	0.00946	0.00234	0.09239	0.00748	0.00338	0.00900
38	0.02241	0.01164	0.01451	0.01177	0.01585	0.01125	0.00947	0.13310	0.07283	0.34602	0.23790	0.03097	0.03113	0.01020	0.00725	0.00213	0.00526	0.00853	0.00780	0.00997
39	0.03070	0.01164	0.01588	0.01217	0.01746	0.01006	0.01006	0.03334	0.01958	0.72163	0.02699	0.02329	0.01694	0.00847	0.00688	0.00212	0.00582	0.00688	0.00847	0.01164
40	0.01386	0.01476	0.06158	0.04782	0.05942	0.01329	0.31645	0.01951	0.06556	0.02270	0.10168	0.02954	0.11536	0.00884	0.00751	0.00221	0.00797	0.00893	0.07465	0.00836
41	0.23464	0.01250	0.01450	0.01156	0.01651	0.01222	0.00951	0.05515	0.05201	0.47930	0.02203	0.01993	0.01442	0.00794	0.00619	0.00212	0.00573	0.00606	0.00722	0.01049
42	0.00830	0.00635	0.00762	0.00853	0.00968	0.00567	0.00593	0.00977	0.01427	0.01824	0.07619	0.47345	0.29217	0.01963	0.00847	0.00258	0.00375	0.01732	0.00640	0.00567
43	0.04382	0.00902	0.01336	0.06981	0.01665	0.00889	0.08281	0.01451	0.01632	0.02286	0.23502	0.07322	0.13284	0.01362	0.00792	0.00241	0.00544	0.16182	0.06292	0.00672
44	0.05034	0.01477	0.02060	0.03165	0.02138	0.03050	0.16678	0.08041	0.27245	0.08692	0.02110	0.02386	0.01651	0.08214	0.04691	0.00311	0.00802	0.00753	0.00557	0.00945
45	0.00845	0.00627	0.00792	0.00918	0.01005	0.00575	0.00640	0.00988	0.01378	0.01786	0.04411	0.57117	0.18239	0.02043	0.00864	0.00271	0.00401	0.05900	0.00635	0.00565
46	0.01615	0.01845	0.04037	0.02884	0.03576	0.01730	0.69204	0.02191	0.01615	0.02191	0.01384	0.01845	0.01038	0.00577	0.00807	0.00231	0.01153	0.00807	0.00346	0.00923
47	0.01766	0.01482	0.02216	0.29585	0.21634	0.03445	0.03603	0.11865	0.01756	0.07709	0.01522	0.02070	0.01207	0.00770	0.00745	0.00222	0.03117	0.03920	0.00429	0.00935
48	0.00890	0.00792	0.04417	0.01097	0.03773	0.00650	0.00772	0.01060	0.01353	0.01797	0.03895	0.61490	0.11520	0.01966	0.00848	0.00267	0.00438	0.01768	0.00607	0.00601
49	0.00980	0.00722	0.01041	0.01041	0.01144	0.00824	0.00783	0.01184	0.01082	0.01545	0.01886	0.02982	0.01838	0.16765	0.61786	0.01028	0.01640	0.00776	0.00374	0.00579
50	0.80789	0.01323	0.01006	0.00900	0.01323	0.01535	0.00741	0.02011	0.01164	0.03070	0.00953	0.01111	0.00741	0.00635	0.00423	0.00212	0.00529	0.00370	0.00423	0.00741
51	0.01274	0.01140	0.01691	0.29970	0.11762	0.01171	0.01366	0.01633	0.01477	0.02011	0.06513	0.02903	0.11479	0.00891	0.00682	0.00201	0.00677	0.04175	0.00423	0.18561
52	0.00816	0.00692	0.00695	0.00695	0.00917	0.00581	0.00515	0.00982	0.01536	0.01827	0.06734	0.06497	0.68569	0.04794	0.00919	0.00249	0.00360	0.01425	0.00626	0.00571
53	0.07825	0.01254	0.01421	0.01037	0.01625	0.01019	0.00834	0.04854	0.01499	0.04903	0.01268	0.01437	0.01023	0.00543	0.00515	0.00119	0.00522	0.00422	0.00435	0.67446
54	0.01575	0.01519	0.02632	0.24192	0.49143	0.01601	0.05377	0.02004	0.01506	0.02094	0.01271	0.01738	0.01032	0.00629	0.00686	0.00212	0.00858	0.00619	0.00329	0.00983
55	0.00921	0.00696	0.00842	0.00806	0.00983	0.00626	0.00600	0.01188	0.01791	0.02425	0.49542	0.05533	0.25916	0.04041	0.00899	0.00235	0.00342	0.01291	0.00706	0.00617
56	0.01373	0.00994	0.01226	0.01133	0.01341	0.01099	0.00865	0.11738	0.12795	0.02265	0.06989	0.06428	0.02127	0.04988	0.26176	0.12283	0.00999	0.00805	0.03657	0.00719
57	0.80789	0.01323	0.01006	0.00900	0.01323	0.01535	0.00741	0.02011	0.01164	0.03070	0.00953	0.01111	0.00741	0.00635	0.00423	0.00212	0.00529	0.00370	0.00423	0.00741
58	0.01525	0.01455	0.02456	0.12773	0.51007	0.01477	0.04277	0.01919	0.01550	0.02154	0.04603	0.02318	0.07975	0.00756	0.00701	0.00211	0.00774	0.00721	0.00379	0.00970
59	0.80789	0.01323	0.01006	0.00900	0.01323	0.01535	0.00741	0.02011	0.01164	0.03070	0.00953	0.01111	0.00741	0.00635	0.00423	0.00212	0.00529	0.00370	0.00423	0.00741
60	0.04249	0.01486	0.06097	0.04162	0.06971	0.01337	0.04711	0.11101	0.06090	0.07180	0.09451	0.02053	0.01745	0.00764	0.00715	0.00183	0.04315	0.00628	0.00507	0.26256
61	0.02291	0.01098	0.01379	0.01170	0.01520	0.03730	0.00937	0.02521	0.01693	0.42322	0.02595	0.06116	0.02079	0.09077	0.03417	0.00301	0.03694	0.08012	0.05125	0.00923
62	0.03015	0.01252	0.01642	0.01259	0.01790	0.01136	0.01040	0.11052	0.02105	0.64237	0.02576	0.02248	0.01632	0.00844	0.00688	0.00211	0.00602	0.00680	0.00828	0.01164
63	0.01675	0.01841	0.07926	0.10052	0.21044	0.04766	0.25450	0.07858	0.01664	0.02253	0.01362	0.01856	0.01100	0.04566	0.00918	0.00242	0.03438	0.00684	0.00367	0.00938
64	0.07561	0.01683	0.02928	0.17342	0.19514	0.05216	0.28537	0.02071	0.01510	0.02130	0.01259	0.01705	0.00987	0.00642	0.00773	0.00222	0.04015	0.00661	0.00340	0.00900
65	0.00947	0.00693	0.00888	0.00850	0.01011	0.00635	0.00633	0.01245	0.01869	0.02609	0.61864	0.08905	0.12360	0.01468	0.00811	0.00220	0.00329	0.01293	0.00736	0.00635
66	0.01229	0.00761	0.01140	0.01213	0.06077	0.00818	0.00790	0.01078	0.01003	0.01382	0.03749	0.02214	0.01409	0.04704	0.05362	0.58359	0.07325	0.00638	0.00323	0.00424
67	0.01735	0.29506	0.29453	0.01644	0.02341	0.08564	0.04423	0.05699	0.03905	0.02035	0.01180	0.01366	0.00937	0.00670	0.00646	0.00191	0.03953	0.00480	0.00333	0.00939
68	0.00965	0.00760	0.01060	0.06573	0.01379	0.00830	0.00846	0.01120	0.01274	0.01724	0.03111	0.53983	0.03636	0.04521	0.03898	0.00322	0.09132	0.03718	0.00553	0.00593
69	0.01662	0.00900	0.01184	0.01132	0.01391	0.00856	0.00896	0.02052	0.07741	0.23267	0.10689	0.23633	0.03530	0.01505	0.00811	0.00256	0.00511	0.16454	0.00716	0.00813
70	0.01586	0.01605	0.05107	0.02943	0.40545	0.07380	0.04689	0.01995	0.03209	0.02204	0.05260	0.08009	0.01795	0.00853	0.00694	0.00211	0.00760	0.03387	0.06837	0.00931
71	0.01523	0.01431	0.02446	0.37118	0.12300	0.01604	0.14707	0.02166	0.10277	0.04312	0.01493	0.01908	0.01133	0.00712	0.00773	0.00228	0.03931	0.00670	0.00384	0.00886
72	0.00898	0.00642	0.00868	0.01027	0.01095	0.00612	0.00748	0.01065	0.01374	0.01819	0.03735	0.59166	0.04383	0.02082	0.00891	0.00287	0.00453	0.17649	0.00634	0.00574
73	0.16806	0.08019	0.03548	0.04121	0.02073	0.08663	0.12612	0.07172	0.03919	0.12359	0.04413	0.05768	0.04023	0.00862	0.00654	0.00214	0.00754	0.02634	0.00509	0.00876
74	0.01629	0.03318	0.04311	0.25183	0.16812	0.01346	0.05044	0.03932	0.01565	0.12683	0.02078	0.12749	0.04517	0.00944	0.00715	0.00225	0.00750	0.00850	0.00468	0.00881
75	0.01577	0.11683	0.56725	0.01819	0.02715	0.06843	0.02227	0.02240	0.01494	0.04850	0.01243	0.01425	0.00902	0.00654	0.00625	0.00206	0.00978	0.00492	0.00316	0.00986
76	0.01538	0.12074	0.33632	0.06613	0.07917	0.05645	0.09976	0.02131	0.03146	0.02092	0.04028	0.01650	0.01167	0.00664	0.00644	0.00201	0.00919	0.00565	0.00339	0.05060
77	0.07136	0.04705	0.13372	0.08478	0.16197	0.10220	0.11891	0.06276	0.07785	0.02289	0.01412	0.01753	0.01121	0.03538	0.00769	0.00227	0.00898	0.00608	0.00390	0.00934

[dist]
# distance from previous block
# <min> <max>
4	38

[block]
# block no. 4 follows, 31 sequences, length 12
# corresponding to MSA columns:
# 317-328
name=unknown_E
#
# <colnr> <probs for GDERKNQSTAVLIFYWHMCP>
#	G	D	E	R	K	N	Q	S	T	A	V	L	I	F	Y	W	H	M	C	P
0	0.04171	0.01450	0.02143	0.06318	0.21357	0.01475	0.09437	0.07194	0.15240	0.04910	0.04675	0.04516	0.03707	0.00800	0.00686	0.00207	0.00703	0.00731	0.00496	0.09785
1	0.28244	0.01504	0.01497	0.01194	0.01674	0.01617	0.00976	0.31049	0.02135	0.03446	0.04436	0.01628	0.01261	0.00738	0.00568	0.00191	0.00604	0.00532	0.04261	0.12445
2	0.04370	0.01123	0.01543	0.01257	0.01618	0.01095	0.09357	0.06372	0.07189	0.10126	0.16686	0.07167	0.08950	0.01048	0.00751	0.00208	0.02928	0.00909	0.08341	0.08964
3	0.00827	0.00694	0.00718	0.00712	0.00935	0.00585	0.00534	0.01017	0.01602	0.01950	0.14265	0.06416	0.64013	0.01695	0.00808	0.00229	0.00344	0.01420	0.00649	0.00585
4	0.01770	0.56600	0.18516	0.01362	0.02038	0.02433	0.01473	0.05589	0.01497	0.01872	0.01048	0.01202	0.00890	0.00612	0.00498	0.00165	0.00794	0.00409	0.00312	0.00922
5	0.01573	0.01722	0.03350	0.02499	0.02946	0.01859	0.45259	0.01999	0.01414	0.01999	0.01212	0.01722	0.00989	0.00796	0.01316	0.00255	0.27165	0.00734	0.00330	0.00861
6	0.00882	0.00654	0.00832	0.00935	0.01043	0.00603	0.00680	0.01063	0.01468	0.01924	0.12132	0.44320	0.17700	0.01942	0.00863	0.00267	0.00412	0.11050	0.00648	0.00581
7	0.00832	0.00649	0.00755	0.00823	0.00962	0.00573	0.00581	0.00992	0.01475	0.01870	0.10371	0.37624	0.36271	0.01893	0.00838	0.00251	0.00368	0.01655	0.00644	0.00573
8	0.00829	0.00615	0.00774	0.00901	0.00979	0.00560	0.00612	0.00958	0.01359	0.01767	0.04398	0.61824	0.17806	0.02062	0.00860	0.00269	0.00387	0.01845	0.00635	0.00560
9	0.00840	0.00632	0.00768	0.00862	0.00963	0.00571	0.00592	0.00980	0.01401	0.01808	0.08046	0.48469	0.24291	0.05230	0.00966	0.00278	0.00390	0.01719	0.00631	0.00560
10	0.01829	0.76368	0.03585	0.01171	0.01756	0.02707	0.01171	0.02049	0.01390	0.01610	0.00951	0.01097	0.00878	0.00585	0.00439	0.00146	0.00732	0.00366	0.00293	0.00878
11	0.01292	0.01216	0.02052	0.74312	0.04712	0.01520	0.01900	0.01748	0.01368	0.01748	0.01216	0.01824	0.00912	0.00684	0.00684	0.00228	0.00912	0.00608	0.00304	0.00760

[dist]
# distance from previous block
# <min> <max>
0	3

[block]
# block no. 5 follows, 31 sequences, length 13
# corresponding to MSA columns:
# 332-344
name=unknown_F
#
# <colnr> <probs for GDERKNQSTAVLIFYWHMCP>
#	G	D	E	R	K	N	Q	S	T	A	V	L	I	F	Y	W	H	M	C	P
0	0.01471	0.01090	0.01238	0.01128	0.01377	0.01125	0.00839	0.22984	0.04220	0.02587	0.02983	0.33441	0.07646	0.09686	0.01072	0.00284	0.00546	0.01271	0.00618	0.04394
1	0.00972	0.00730	0.00914	0.00962	0.01104	0.00702	0.00714	0.01324	0.06860	0.02198	0.25671	0.31144	0.12934	0.01733	0.00839	0.00253	0.00406	0.09228	0.00677	0.00636
2	0.02206	0.25662	0.02460	0.01415	0.01948	0.02240	0.01223	0.37077	0.13653	0.03210	0.01609	0.01617	0.01224	0.00763	0.00608	0.00191	0.00711	0.00562	0.00561	0.01059
3	0.01325	0.00940	0.01148	0.01002	0.01337	0.00804	0.00756	0.01654	0.05363	0.08957	0.11206	0.25955	0.05991	0.01251	0.00702	0.00196	0.00451	0.01094	0.00591	0.29278
4	0.00876	0.00623	0.00827	0.00967	0.01021	0.00589	0.00669	0.01017	0.01344	0.01794	0.06562	0.61316	0.04424	0.06581	0.01037	0.00302	0.00433	0.08430	0.00626	0.00558
5	0.02633	0.01369	0.01663	0.01301	0.01791	0.01356	0.01065	0.24269	0.05491	0.39903	0.09665	0.02415	0.02048	0.00901	0.00700	0.00211	0.00607	0.00727	0.00778	0.01105
6	0.01611	0.01388	0.01506	0.01271	0.01729	0.01449	0.00996	0.03023	0.48368	0.02660	0.02283	0.02190	0.01744	0.00793	0.00636	0.00190	0.00530	0.00656	0.00603	0.26374
7	0.01365	0.01446	0.02999	0.02266	0.02749	0.01354	0.47268	0.01795	0.01517	0.02049	0.02148	0.25412	0.02154	0.01078	0.00828	0.00246	0.00911	0.01171	0.00438	0.00805
8	0.00877	0.00629	0.00832	0.00923	0.01002	0.00584	0.00638	0.01061	0.01510	0.02065	0.25383	0.52988	0.05142	0.01905	0.00852	0.00258	0.00373	0.01719	0.00673	0.00584
9	0.01702	0.01470	0.01547	0.01392	0.01779	0.01702	0.01083	0.03635	0.70453	0.02862	0.02785	0.02553	0.02088	0.00928	0.00696	0.00232	0.00541	0.00773	0.00696	0.01083
10	0.01181	0.01089	0.02039	0.01670	0.01975	0.01135	0.22721	0.01532	0.01264	0.01781	0.01689	0.02418	0.01495	0.03674	0.50071	0.00822	0.01615	0.00757	0.00360	0.00711
11	0.01200	0.02597	0.49500	0.01631	0.02331	0.01258	0.01922	0.01778	0.01401	0.02032	0.02041	0.25139	0.02037	0.01128	0.00721	0.00236	0.00815	0.00966	0.00400	0.00865
12	0.55488	0.01370	0.01179	0.01057	0.01469	0.01588	0.00850	0.02531	0.23331	0.03003	0.01539	0.01572	0.01172	0.00729	0.00511	0.00218	0.00533	0.00499	0.00511	0.00850

[dist]
# distance from previous block
# <min> <max>
1	4

[block]
# block no. 6 follows, 31 sequences, length 25
# corresponding to MSA columns:
# 349-373
name=unknown_G
#
# <colnr> <probs for GDERKNQSTAVLIFYWHMCP>
#	G	D	E	R	K	N	Q	S	T	A	V	L	I	F	Y	W	H	M	C	P
0	0.00809	0.00693	0.00693	0.00693	0.00924	0.00578	0.00520	0.00982	0.01559	0.01848	0.06931	0.06584	0.71411	0.01733	0.00809	0.00231	0.00347	0.01444	0.00635	0.00578
1	0.01829	0.76368	0.03585	0.01171	0.01756	0.02707	0.01171	0.02049	0.01390	0.01610	0.00951	0.01097	0.00878	0.00585	0.00439	0.00146	0.00732	0.00366	0.00293	0.00878
2	0.01372	0.03539	0.72412	0.01950	0.02961	0.01589	0.02528	0.02167	0.01444	0.02167	0.01228	0.01444	0.00867	0.00650	0.00650	0.00217	0.01011	0.00506	0.00289	0.01011
3	0.00878	0.00675	0.00740	0.00753	0.00893	0.00605	0.00516	0.01013	0.01415	0.01782	0.11594	0.13459	0.38848	0.22016	0.01546	0.00353	0.00436	0.01356	0.00587	0.00537
4	0.00989	0.00688	0.00870	0.00870	0.00913	0.00731	0.00569	0.01075	0.01032	0.01418	0.02042	0.03849	0.02214	0.51081	0.27985	0.00816	0.01074	0.00903	0.00398	0.00483
5	0.77096	0.01337	0.01088	0.01054	0.04608	0.01539	0.00804	0.02015	0.01183	0.03031	0.00968	0.01139	0.00757	0.00634	0.00435	0.00211	0.00542	0.00382	0.00419	0.00757
6	0.00816	0.00687	0.00708	0.00717	0.00932	0.00579	0.00532	0.00992	0.01557	0.01876	0.09200	0.11211	0.64361	0.01748	0.00813	0.00234	0.00349	0.01470	0.00640	0.00579
7	0.02010	0.02360	0.02224	0.16127	0.12870	0.38083	0.07534	0.02308	0.01708	0.01823	0.01376	0.01684	0.03689	0.00728	0.00702	0.00200	0.02818	0.00573	0.00350	0.00831
8	0.07510	0.02463	0.02058	0.01746	0.02120	0.42710	0.11316	0.04936	0.01767	0.02008	0.01243	0.01517	0.01015	0.00937	0.04360	0.00239	0.04327	0.00534	0.06395	0.00800
9	0.06723	0.02304	0.01776	0.01555	0.01959	0.32139	0.01205	0.15256	0.25052	0.02636	0.01737	0.01743	0.01329	0.00797	0.00645	0.00202	0.00874	0.00580	0.00533	0.00955
10	0.01767	0.01448	0.01840	0.01908	0.14131	0.01567	0.04217	0.06782	0.40213	0.07425	0.02645	0.02739	0.05555	0.00929	0.00713	0.00228	0.00624	0.03610	0.00621	0.01040
11	0.01284	0.00753	0.00999	0.00940	0.01135	0.00685	0.00702	0.01553	0.01802	0.13937	0.45190	0.20133	0.05248	0.01472	0.00802	0.00228	0.00382	0.01303	0.00743	0.00711
12	0.01845	0.01879	0.04926	0.02040	0.09217	0.12292	0.13503	0.04687	0.24984	0.05370	0.03714	0.02034	0.01534	0.00822	0.00852	0.00224	0.07915	0.00691	0.00501	0.00970
13	0.00876	0.00633	0.00770	0.00854	0.00919	0.00590	0.00560	0.00981	0.01294	0.01695	0.06514	0.43363	0.14973	0.20926	0.01527	0.00366	0.00454	0.01593	0.00583	0.00527
14	0.01512	0.01213	0.01428	0.01025	0.01628	0.00917	0.00822	0.01814	0.01449	0.06202	0.01300	0.01470	0.01052	0.00526	0.00517	0.00108	0.00511	0.00421	0.00430	0.75652
15	0.08010	0.01356	0.04581	0.01235	0.01759	0.01200	0.01054	0.13004	0.02027	0.46758	0.02644	0.02408	0.06901	0.00879	0.00672	0.00209	0.00602	0.00698	0.00741	0.03260
16	0.03754	0.22694	0.31858	0.05458	0.06652	0.05113	0.01857	0.05668	0.01511	0.02075	0.01138	0.01381	0.00901	0.00685	0.00714	0.00201	0.06595	0.00486	0.00322	0.00938
17	0.01576	0.01731	0.07118	0.15697	0.30431	0.09201	0.01760	0.01977	0.03339	0.01985	0.01517	0.09733	0.01400	0.00874	0.00856	0.00225	0.08581	0.00733	0.00368	0.00896
18	0.00984	0.00659	0.00749	0.00760	0.00763	0.00656	0.00430	0.00992	0.01016	0.01355	0.02265	0.09304	0.02626	0.70941	0.03305	0.00637	0.00645	0.01059	0.00430	0.00424
19	0.01769	0.04939	0.01637	0.01410	0.03500	0.10086	0.01093	0.09133	0.08201	0.09706	0.06902	0.13632	0.02352	0.01169	0.00900	0.00229	0.09386	0.07287	0.00563	0.06108
20	0.02156	0.09368	0.05593	0.01841	0.08765	0.05014	0.06912	0.32267	0.07599	0.06164	0.01615	0.01781	0.01230	0.03515	0.00764	0.00217	0.00788	0.00616	0.00542	0.03255
21	0.07697	0.10182	0.02160	0.04714	0.02158	0.14669	0.05525	0.25806	0.06023	0.09335	0.01524	0.01599	0.01128	0.00736	0.00629	0.00195	0.00817	0.00559	0.00531	0.04012
22	0.11834	0.27498	0.18774	0.01556	0.05130	0.08066	0.03301	0.05077	0.01570	0.06651	0.03874	0.01493	0.01149	0.00676	0.00562	0.00188	0.00805	0.00493	0.00387	0.00916
23	0.07114	0.22524	0.36554	0.01561	0.02304	0.06621	0.01778	0.02201	0.01500	0.06716	0.04311	0.01535	0.01163	0.00681	0.00585	0.00194	0.00860	0.00499	0.00361	0.00936
24	0.07418	0.04958	0.12302	0.20487	0.04499	0.03219	0.01479	0.11534	0.04319	0.09715	0.01634	0.05537	0.01319	0.04377	0.00784	0.00233	0.00770	0.00654	0.00464	0.04298

[dist]
# distance from previous block
# <min> <max>
6	26

[block]
# block no. 7 follows, 31 sequences, length 23
# corresponding to MSA columns:
# 400-422
name=unknown_H
#
# <colnr> <probs for GDERKNQSTAVLIFYWHMCP>
#	G	D	E	R	K	N	Q	S	T	A	V	L	I	F	Y	W	H	M	C	P
0	0.01547	0.01428	0.02291	0.06951	0.49749	0.01458	0.01741	0.02042	0.07443	0.02188	0.03579	0.02488	0.04109	0.06380	0.00908	0.00247	0.00746	0.03329	0.00406	0.00969
1	0.01707	0.01808	0.08950	0.07677	0.52533	0.01660	0.05933	0.07254	0.01668	0.02358	0.01310	0.01683	0.01058	0.00632	0.00683	0.00208	0.00851	0.00612	0.00359	0.01056
2	0.01602	0.03774	0.02750	0.11129	0.10547	0.04469	0.28030	0.02425	0.18159	0.02281	0.04730	0.02201	0.03187	0.00745	0.00733	0.00222	0.00876	0.00759	0.00447	0.00933
3	0.00854	0.00681	0.00748	0.00756	0.00935	0.00594	0.00547	0.01035	0.01556	0.01957	0.17710	0.13739	0.47177	0.07411	0.01020	0.00266	0.00372	0.01428	0.00639	0.00575
4	0.00960	0.02894	0.00851	0.00789	0.01001	0.00671	0.00593	0.01132	0.01517	0.04610	0.07460	0.13396	0.50156	0.06690	0.00986	0.00265	0.00406	0.04403	0.00622	0.00600
5	0.00852	0.00608	0.00815	0.00973	0.01021	0.00571	0.00666	0.00984	0.01328	0.01767	0.03761	0.70958	0.04485	0.02126	0.00878	0.00280	0.00413	0.06319	0.00635	0.00561
6	0.02409	0.06198	0.02026	0.01741	0.02065	0.62422	0.01335	0.02584	0.01818	0.01669	0.01036	0.01257	0.00883	0.00754	0.00787	0.00188	0.09239	0.00455	0.00344	0.00792
7	0.02528	0.01860	0.01994	0.01537	0.02059	0.02056	0.01260	0.66311	0.03116	0.04177	0.01666	0.01771	0.01223	0.04222	0.00811	0.00226	0.00749	0.00633	0.00672	0.01130
8	0.50217	0.01459	0.01441	0.01457	0.10497	0.03821	0.01023	0.08688	0.01543	0.12318	0.01300	0.01404	0.00958	0.00680	0.00523	0.00209	0.00617	0.00470	0.00492	0.00884
9	0.01511	0.25736	0.51435	0.01712	0.02594	0.01930	0.02114	0.02131	0.01428	0.01997	0.01143	0.01339	0.00870	0.00630	0.00586	0.00195	0.00926	0.00463	0.00290	0.00971
10	0.01496	0.02575	0.37616	0.02459	0.17017	0.01564	0.13177	0.02179	0.04386	0.02219	0.01330	0.01606	0.01004	0.00629	0.00671	0.00207	0.00929	0.00579	0.00336	0.08022
11	0.00831	0.00605	0.00784	0.00928	0.00986	0.00558	0.00624	0.00955	0.01333	0.01756	0.04068	0.69020	0.10823	0.02105	0.00867	0.00273	0.00392	0.01898	0.00635	0.00558
12	0.00985	0.00703	0.00949	0.00949	0.01019	0.00773	0.00668	0.01125	0.01055	0.01477	0.01970	0.03450	0.02041	0.35296	0.43533	0.00914	0.01335	0.00845	0.00387	0.00527
13	0.06406	0.01209	0.01550	0.01200	0.01712	0.01094	0.00987	0.08347	0.01988	0.57082	0.04274	0.02363	0.03566	0.00858	0.00674	0.00207	0.00577	0.00690	0.00788	0.04427
14	0.01513	0.23276	0.49061	0.01800	0.02674	0.01903	0.06635	0.02136	0.01441	0.02016	0.01163	0.01377	0.00881	0.00627	0.00603	0.00198	0.00944	0.00488	0.00294	0.00969
15	0.00822	0.00640	0.00748	0.00835	0.00961	0.00566	0.00583	0.00966	0.01423	0.01793	0.05205	0.44226	0.34883	0.01957	0.00844	0.00257	0.00374	0.01717	0.00635	0.00566
16	0.01292	0.01216	0.02052	0.74312	0.04712	0.01520	0.01900	0.01748	0.01368	0.01748	0.01216	0.01824	0.00912	0.00684	0.00684	0.00228	0.00912	0.00608	0.00304	0.00760
17	0.02003	0.58844	0.03190	0.01312	0.01842	0.19607	0.01207	0.02212	0.01522	0.01625	0.00977	0.01130	0.00879	0.00614	0.00482	0.00153	0.00852	0.00384	0.00307	0.00858
18	0.01653	0.01531	0.02572	0.03858	0.64888	0.01531	0.01944	0.02051	0.01546	0.02265	0.01378	0.01775	0.01148	0.00628	0.00658	0.00199	0.00765	0.00612	0.07957	0.01041
19	0.02461	0.03021	0.01960	0.01755	0.02086	0.62583	0.01337	0.06453	0.01930	0.01823	0.01076	0.01281	0.00899	0.00757	0.00771	0.00189	0.07976	0.00465	0.00367	0.00810
20	0.00995	0.00663	0.00746	0.00746	0.00746	0.00663	0.00415	0.00995	0.00995	0.01327	0.02156	0.04477	0.02487	0.75957	0.03482	0.00663	0.00663	0.00995	0.00415	0.00415
21	0.02479	0.02920	0.01916	0.01703	0.02084	0.57423	0.01296	0.11192	0.08672	0.02119	0.01297	0.01412	0.01032	0.00741	0.00633	0.00185	0.01107	0.00495	0.00427	0.00867
22	0.21262	0.01784	0.18413	0.01316	0.01918	0.01307	0.01303	0.05731	0.01702	0.32152	0.05244	0.01928	0.01475	0.00774	0.00621	0.00213	0.00667	0.00591	0.00599	0.01000

[dist]
# distance from previous block
# <min> <max>
0	6

[block]
# block no. 8 follows, 31 sequences, length 19
# corresponding to MSA columns:
# 429-447
name=unknown_I
#
# <colnr> <probs for GDERKNQSTAVLIFYWHMCP>
#	G	D	E	R	K	N	Q	S	T	A	V	L	I	F	Y	W	H	M	C	P
0	0.00948	0.00699	0.00887	0.00840	0.01010	0.00637	0.00630	0.01252	0.01889	0.02631	0.63215	0.05296	0.14638	0.01441	0.00807	0.00217	0.00326	0.01263	0.00738	0.00637
1	0.66969	0.01328	0.01141	0.06883	0.01640	0.01549	0.00867	0.02142	0.07656	0.02943	0.01145	0.01304	0.00881	0.00666	0.00470	0.00215	0.00561	0.00427	0.00439	0.00774
2	0.01890	0.01250	0.01723	0.04116	0.13533	0.01128	0.01176	0.02198	0.01581	0.21272	0.01811	0.02240	0.01438	0.00770	0.00715	0.00180	0.04394	0.05926	0.00524	0.32132
3	0.01268	0.00792	0.01090	0.01009	0.01220	0.00747	0.02822	0.01509	0.01590	0.12852	0.23360	0.16611	0.13309	0.04511	0.13702	0.00399	0.00682	0.01195	0.00639	0.00695
4	0.00834	0.00595	0.00794	0.00953	0.00992	0.00556	0.00635	0.00953	0.01310	0.01746	0.03771	0.75510	0.04525	0.02143	0.00873	0.00278	0.00397	0.01945	0.00635	0.00556
5	0.02629	0.07712	0.02049	0.03559	0.02065	0.01846	0.01226	0.43881	0.02670	0.22617	0.01864	0.01792	0.01278	0.00805	0.00666	0.00203	0.00709	0.00615	0.00686	0.01129
6	0.01433	0.01370	0.02351	0.49165	0.26562	0.01561	0.04072	0.01877	0.01438	0.01921	0.01244	0.01782	0.00972	0.00656	0.00686	0.00220	0.00887	0.00615	0.00317	0.00871
7	0.01637	0.01590	0.02484	0.05147	0.43892	0.06000	0.08579	0.05000	0.01625	0.02205	0.01699	0.11722	0.01612	0.00868	0.00721	0.00218	0.00813	0.02826	0.00403	0.00960
8	0.02789	0.01151	0.01530	0.01203	0.01690	0.01033	0.00983	0.03193	0.07497	0.60943	0.08256	0.02572	0.02111	0.00898	0.00698	0.00214	0.00558	0.00739	0.00827	0.01116
9	0.01595	0.01528	0.02587	0.19897	0.53857	0.01620	0.02031	0.02003	0.01495	0.02102	0.01256	0.01715	0.01038	0.00649	0.00740	0.00213	0.03739	0.00609	0.00329	0.00998
10	0.01558	0.10997	0.12835	0.01367	0.01779	0.01491	0.02868	0.07743	0.06995	0.07804	0.09407	0.11157	0.09070	0.01123	0.00905	0.00227	0.10405	0.00889	0.00524	0.00855
11	0.00811	0.00685	0.00701	0.00713	0.00929	0.00576	0.00529	0.00980	0.01540	0.01840	0.06685	0.11944	0.66210	0.01765	0.00814	0.00235	0.00350	0.01483	0.00635	0.00576
12	0.02076	0.01720	0.02247	0.08168	0.07311	0.01907	0.09492	0.34660	0.15354	0.03271	0.01725	0.01850	0.01282	0.00806	0.00786	0.00220	0.04833	0.00667	0.00568	0.01056
13	0.02356	0.04573	0.01782	0.07241	0.02038	0.05973	0.01155	0.22568	0.07039	0.25889	0.08087	0.04483	0.01917	0.00900	0.00689	0.00210	0.00676	0.00724	0.00676	0.01027
14	0.01739	0.01675	0.05304	0.08609	0.03174	0.01568	0.43990	0.02370	0.07197	0.10796	0.01754	0.02248	0.01336	0.00717	0.00775	0.00232	0.00982	0.04150	0.00445	0.00939
