[name]
unknown

[dist]
# distance from previous block
# <min> <max>
0	105

[block]
# block no. 0 follows, 37 sequences, length 10
# corresponding to MSA columns:
# 114-123
name=unknown_A
#
# <colnr> <probs for GDERKNQSTAVLIFYWHMCP>
#	G	D	E	R	K	N	Q	S	T	A	V	L	I	F	Y	W	H	M	C	P
0	0.00883	0.00695	0.00810	0.00834	0.00985	0.00677	0.00604	0.01288	0.12572	0.01909	0.17228	0.32818	0.23347	0.01524	0.00730	0.00220	0.00350	0.01337	0.00596	0.00591
1	0.01407	0.01618	0.10965	0.03062	0.46361	0.01394	0.15818	0.01821	0.01375	0.01950	0.01338	0.07563	0.01182	0.00652	0.00640	0.00193	0.00779	0.00664	0.00320	0.00896
2	0.01640	0.04459	0.08030	0.05542	0.17665	0.10441	0.09546	0.16032	0.06296	0.02248	0.01726	0.03541	0.07095	0.00737	0.00647	0.00189	0.02272	0.00630	0.00408	0.00857
3	0.00926	0.00696	0.00787	0.00819	0.00965	0.00690	0.00588	0.01343	0.13510	0.01854	0.05704	0.33850	0.21099	0.03731	0.00765	0.00227	0.00363	0.01268	0.10225	0.00589
4	0.00876	0.00650	0.00954	0.00954	0.01053	0.00749	0.00728	0.01074	0.00975	0.01399	0.01667	0.02557	0.01596	0.11614	0.69129	0.00947	0.01540	0.00678	0.00332	0.00530
5	0.07730	0.38895	0.08486	0.01534	0.06985	0.06921	0.10918	0.04637	0.01393	0.05819	0.01060	0.01223	0.00858	0.00560	0.00498	0.00161	0.00741	0.00435	0.00324	0.00823
6	0.01057	0.00888	0.04518	0.03676	0.03629	0.00822	0.06401	0.01262	0.01201	0.04689	0.08853	0.15043	0.06034	0.21836	0.08048	0.00379	0.04024	0.00940	0.06122	0.00578
7	0.11005	0.01076	0.01193	0.01051	0.01371	0.01142	0.00842	0.11047	0.20409	0.15115	0.08011	0.06168	0.04115	0.00951	0.00616	0.00202	0.00479	0.07346	0.07041	0.00820
8	0.01316	0.01182	0.01820	0.10956	0.29237	0.01213	0.05797	0.08328	0.03961	0.02062	0.06989	0.02675	0.14776	0.03690	0.03145	0.00232	0.00663	0.00751	0.00416	0.00790
9	0.08951	0.04544	0.09564	0.07467	0.11862	0.07334	0.05578	0.18229	0.01730	0.05217	0.07084	0.03665	0.01418	0.02156	0.00636	0.00193	0.00699	0.00592	0.02248	0.00833

[dist]
# distance from previous block
# <min> <max>
0	13

[block]
# block no. 1 follows, 37 sequences, length 10
# corresponding to MSA columns:
# 137-146
name=unknown_B
#
# <colnr> <probs for GDERKNQSTAVLIFYWHMCP>
#	G	D	E	R	K	N	Q	S	T	A	V	L	I	F	Y	W	H	M	C	P
0	0.07329	0.01701	0.07016	0.07438	0.30208	0.12616	0.01477	0.08425	0.05024	0.05618	0.01308	0.01620	0.01049	0.00741	0.02580	0.00205	0.00774	0.02215	0.00378	0.02279
1	0.08356	0.01519	0.01818	0.03824	0.16672	0.08459	0.05880	0.20891	0.08057	0.05212	0.03285	0.05333	0.02715	0.00736	0.00600	0.00185	0.00672	0.00619	0.00466	0.04700
2	0.04408	0.21134	0.13983	0.01798	0.16554	0.09694	0.02699	0.05504	0.02767	0.05678	0.01168	0.01366	0.00939	0.00805	0.04797	0.00211	0.00795	0.00459	0.00339	0.04901
3	0.01962	0.05594	0.10059	0.01103	0.01531	0.01006	0.00995	0.02293	0.04439	0.40543	0.02354	0.05073	0.06375	0.04120	0.09434	0.00297	0.00684	0.00684	0.00582	0.00871
4	0.00789	0.00578	0.00766	0.00865	0.00939	0.00537	0.00592	0.00914	0.01165	0.01581	0.03103	0.67771	0.03667	0.02007	0.05986	0.00289	0.00451	0.01574	0.00538	0.05888
5	0.01514	0.13442	0.04701	0.01470	0.12795	0.01343	0.01074	0.11843	0.01516	0.02174	0.01116	0.01292	0.00912	0.00524	0.00495	0.00128	0.00576	0.00416	0.00370	0.42302
6	0.01409	0.08427	0.38076	0.04961	0.17036	0.01559	0.07096	0.06129	0.03627	0.02018	0.01156	0.01394	0.00878	0.00597	0.00629	0.00190	0.03117	0.00500	0.00304	0.00897
7	0.00759	0.00549	0.00720	0.00852	0.00906	0.00511	0.00586	0.00879	0.01202	0.01585	0.03564	0.68797	0.08954	0.01879	0.00781	0.00248	0.00364	0.05794	0.00568	0.00503
8	0.00854	0.00695	0.00761	0.00755	0.00910	0.03183	0.00557	0.01053	0.01489	0.01933	0.32112	0.12307	0.31500	0.05792	0.00862	0.00228	0.00358	0.03522	0.00590	0.00539
9	0.01001	0.00894	0.04504	0.00916	0.01138	0.00817	0.00732	0.01601	0.18042	0.02242	0.36923	0.12742	0.13567	0.01241	0.00700	0.00205	0.00374	0.01080	0.00616	0.00665

[dist]
# distance from previous block
# <min> <max>
0	1

[block]
# block no. 2 follows, 37 sequences, length 18
# corresponding to MSA columns:
# 148-165
name=unknown_C
#
# <colnr> <probs for GDERKNQSTAVLIFYWHMCP>
#	G	D	E	R	K	N	Q	S	T	A	V	L	I	F	Y	W	H	M	C	P
0	0.10771	0.22499	0.25574	0.01645	0.08184	0.06633	0.06984	0.05189	0.03729	0.01984	0.01073	0.01251	0.00842	0.00575	0.00522	0.00174	0.00774	0.00443	0.00312	0.00841
1	0.29959	0.19308	0.06330	0.01158	0.01611	0.15713	0.03091	0.02115	0.01350	0.12690	0.01124	0.01209	0.00854	0.00597	0.00472	0.00171	0.00684	0.00403	0.00386	0.00775
2	0.00890	0.00620	0.00748	0.00793	0.00863	0.00604	0.00560	0.01003	0.01137	0.01500	0.05197	0.10784	0.10992	0.39930	0.01943	0.00420	0.00517	0.18515	0.02524	0.00458
3	0.01571	0.71032	0.02985	0.01055	0.01541	0.02250	0.01041	0.01776	0.01260	0.01479	0.01090	0.01575	0.01060	0.00641	0.00438	0.00146	0.00646	0.07357	0.00292	0.00763
4	0.01488	0.20363	0.32432	0.01431	0.02036	0.09046	0.03593	0.06042	0.03352	0.03296	0.06898	0.04731	0.01367	0.00698	0.00561	0.00178	0.00767	0.00545	0.00351	0.00825
5	0.01228	0.03166	0.75316	0.01745	0.02649	0.01422	0.02262	0.01939	0.01292	0.01939	0.01099	0.01292	0.00775	0.00582	0.00582	0.00194	0.00905	0.00452	0.00258	0.00905
6	0.10736	0.01602	0.03200	0.02310	0.02894	0.01549	0.60130	0.06071	0.01483	0.02161	0.01208	0.01566	0.00905	0.00535	0.00677	0.00203	0.00948	0.00668	0.00335	0.00820
7	0.00730	0.00620	0.00629	0.00627	0.00831	0.00520	0.00470	0.00891	0.01411	0.01691	0.09372	0.05830	0.71227	0.01536	0.00723	0.00206	0.00309	0.01283	0.00573	0.00520
8	0.01063	0.00532	0.00797	0.00797	0.00797	0.00532	0.00532	0.00797	0.00797	0.01063	0.01063	0.01861	0.01063	0.02127	0.02392	0.82190	0.00532	0.00532	0.00266	0.00266
9	0.01433	0.01616	0.03415	0.02469	0.03018	0.01585	0.64371	0.01905	0.01387	0.01905	0.01189	0.01616	0.00915	0.00579	0.00868	0.00213	0.09701	0.00701	0.00305	0.00808
10	0.01349	0.01641	0.08800	0.02320	0.02894	0.01419	0.58882	0.01833	0.01402	0.01914	0.01470	0.10304	0.01271	0.00680	0.00718	0.00210	0.00945	0.00817	0.00335	0.00794
11	0.00773	0.00588	0.00781	0.00856	0.00948	0.00538	0.02382	0.00915	0.01260	0.01647	0.07693	0.56041	0.17586	0.01768	0.00768	0.00237	0.00367	0.03769	0.00567	0.00516
12	0.01269	0.10744	0.68097	0.01675	0.02541	0.01522	0.02140	0.01928	0.01288	0.01889	0.01074	0.01261	0.00776	0.00576	0.00563	0.00188	0.00880	0.00440	0.00259	0.00893
13	0.00793	0.00599	0.00826	0.08471	0.01228	0.00591	0.00687	0.00937	0.01198	0.01576	0.03314	0.63955	0.08001	0.01758	0.00763	0.00243	0.00405	0.03600	0.00538	0.00519
14	0.01238	0.01370	0.05865	0.18015	0.07301	0.01282	0.34453	0.01667	0.01411	0.01892	0.09077	0.02396	0.09731	0.00732	0.00685	0.00202	0.00805	0.00764	0.00365	0.00747
15	0.02288	0.02864	0.01739	0.01569	0.01893	0.72728	0.01182	0.05571	0.01786	0.01603	0.00970	0.01120	0.00800	0.00635	0.00555	0.00159	0.01085	0.00401	0.00329	0.00724
16	0.03212	0.05481	0.28682	0.03567	0.01966	0.10974	0.01420	0.12418	0.04981	0.02271	0.08618	0.01772	0.01457	0.00702	0.00569	0.00180	0.00722	0.00544	0.09650	0.00815
17	0.07113	0.03585	0.26768	0.10042	0.03786	0.02911	0.03932	0.08691	0.01437	0.08278	0.01492	0.09602	0.01273	0.03049	0.00730	0.00211	0.03968	0.00639	0.01686	0.00805

[dist]
# distance from previous block
# <min> <max>
4	7

[block]
# block no. 3 follows, 37 sequences, length 9
# corresponding to MSA columns:
# 173-181
name=unknown_D
#
# <colnr> <probs for GDERKNQSTAVLIFYWHMCP>
#	G	D	E	R	K	N	Q	S	T	A	V	L	I	F	Y	W	H	M	C	P
0	0.06635	0.03392	0.07864	0.01694	0.15734	0.09261	0.02805	0.05426	0.08053	0.10529	0.01575	0.04343	0.02972	0.00812	0.00726	0.06986	0.00655	0.00568	0.00421	0.09550
1	0.06593	0.11486	0.11028	0.01506	0.05965	0.12532	0.08176	0.06067	0.14442	0.02072	0.05346	0.01830	0.01398	0.05910	0.00739	0.00208	0.00719	0.00569	0.02616	0.00798
2	0.01112	0.00817	0.00940	0.00872	0.01092	0.00805	0.00663	0.07049	0.11901	0.05819	0.26828	0.13433	0.23697	0.01294	0.00702	0.00205	0.00373	0.01111	0.00623	0.00666
3	0.02251	0.01474	0.06614	0.01462	0.07490	0.01382	0.01161	0.29383	0.05993	0.30592	0.04544	0.01854	0.01419	0.00743	0.00616	0.00188	0.00611	0.00597	0.00622	0.01005
4	0.01443	0.01320	0.01877	0.12914	0.23919	0.07468	0.06910	0.05760	0.01475	0.04415	0.06497	0.08056	0.03220	0.00830	0.00711	0.00198	0.04814	0.03062	0.04332	0.00779
5	0.01121	0.00742	0.00896	0.00881	0.01032	0.00729	0.00635	0.08890	0.03517	0.06853	0.12892	0.37077	0.08002	0.08158	0.00919	0.00250	0.00409	0.01251	0.05135	0.00611
6	0.01202	0.00840	0.01015	0.00975	0.01165	0.00847	0.00738	0.14035	0.04895	0.05772	0.17083	0.33855	0.06963	0.01434	0.00726	0.00222	0.00427	0.06534	0.00608	0.00664
7	0.01984	0.01235	0.03898	0.01314	0.06445	0.03554	0.01008	0.16366	0.04096	0.29962	0.09570	0.09003	0.03767	0.00942	0.00649	0.00197	0.00555	0.03938	0.00624	0.00891
8	0.12515	0.05647	0.03373	0.03945	0.05942	0.10836	0.02531	0.16179	0.01649	0.05671	0.01797	0.07175	0.04956	0.00916	0.00704	0.00202	0.06013	0.08726	0.00452	0.00769

[dist]
# distance from previous block
# <min> <max>
0	1

[block]
# block no. 4 follows, 37 sequences, length 19
# corresponding to MSA columns:
# 183-201
name=unknown_E
#
# <colnr> <probs for GDERKNQSTAVLIFYWHMCP>
#	G	D	E	R	K	N	Q	S	T	A	V	L	I	F	Y	W	H	M	C	P
0	0.06334	0.08887	0.14106	0.04075	0.19670	0.24187	0.01491	0.08094	0.01582	0.04483	0.01106	0.01297	0.00870	0.00602	0.00555	0.00173	0.00841	0.00456	0.00341	0.00848
1	0.01507	0.03878	0.06935	0.20335	0.14685	0.06749	0.15434	0.11279	0.01549	0.02035	0.02911	0.03537	0.01097	0.00715	0.00711	0.04087	0.00809	0.00600	0.00349	0.00798
2	0.00972	0.00811	0.01037	0.03464	0.08229	0.04305	0.00783	0.01092	0.01161	0.01535	0.02560	0.48372	0.02973	0.10904	0.01161	0.02917	0.05402	0.01306	0.00469	0.00547
3	0.01281	0.01067	0.04308	0.03733	0.08434	0.00990	0.10683	0.04572	0.06622	0.08322	0.08454	0.16530	0.06134	0.12107	0.01038	0.00266	0.00589	0.03678	0.00490	0.00704
4	0.06143	0.00884	0.05879	0.00952	0.01121	0.00770	0.05012	0.01112	0.01149	0.01627	0.06613	0.22404	0.12045	0.24941	0.03754	0.00358	0.03183	0.01076	0.00448	0.00531
5	0.01285	0.10307	0.01413	0.00979	0.03113	0.01001	0.00767	0.04848	0.01393	0.04364	0.06300	0.09541	0.09185	0.00794	0.00539	0.00139	0.00462	0.00658	0.00434	0.42477
6	0.01189	0.04888	0.07335	0.06121	0.04498	0.09093	0.00911	0.01440	0.01423	0.04334	0.18064	0.09486	0.15124	0.07322	0.00842	0.00221	0.00548	0.00885	0.02542	0.03735
7	0.04794	0.05054	0.08239	0.05630	0.11766	0.03836	0.02888	0.13196	0.05559	0.02158	0.01951	0.21500	0.03591	0.01007	0.00684	0.00204	0.03523	0.00855	0.02794	0.00769
8	0.04533	0.12510	0.04072	0.04982	0.09557	0.02952	0.01046	0.07722	0.18877	0.04206	0.06084	0.10037	0.03422	0.06430	0.00777	0.00220	0.00573	0.00735	0.00472	0.00793
9	0.04970	0.12045	0.19623	0.03799	0.11044	0.06424	0.01401	0.07095	0.05134	0.07622	0.06310	0.04238	0.01387	0.00713	0.00616	0.00182	0.03161	0.00562	0.00398	0.03276
10	0.05817	0.11524	0.19023	0.02013	0.16570	0.09740	0.10154	0.08006	0.05321	0.02083	0.01171	0.01373	0.00914	0.00586	0.00568	0.00178	0.00798	0.00494	0.00339	0.03330
11	0.11011	0.10847	0.14550	0.04166	0.09028	0.07029	0.08609	0.01837	0.03538	0.01948	0.01204	0.05200	0.01027	0.00617	0.00537	0.00166	0.00701	0.00514	0.00335	0.17136
12	0.04210	0.07880	0.25528	0.01589	0.05989	0.09662	0.06278	0.07305	0.07536	0.05115	0.01696	0.01930	0.06073	0.00720	0.00591	0.00186	0.00757	0.03207	0.00389	0.03361
13	0.04240	0.07850	0.14666	0.05546	0.06187	0.04321	0.05213	0.11099	0.05267	0.04039	0.04478	0.06246	0.04939	0.02346	0.00644	0.00192	0.00660	0.02637	0.02175	0.07253
14	0.06592	0.16246	0.19556	0.01330	0.01840	0.08427	0.05839	0.07079	0.03465	0.04105	0.06048	0.05808	0.05287	0.00780	0.00574	0.00181	0.00698	0.02507	0.00395	0.03245
15	0.03698	0.18027	0.19285	0.01548	0.09906	0.01548	0.01358	0.12399	0.03386	0.03732	0.06711	0.08615	0.01609	0.00810	0.00622	0.00187	0.02869	0.02455	0.00407	0.00829
16	0.06181	0.20200	0.16745	0.01444	0.05567	0.12665	0.05292	0.07393	0.01494	0.01938	0.03569	0.01852	0.09705	0.00710	0.00550	0.00171	0.00732	0.00550	0.00358	0.02882
17	0.14659	0.09176	0.08774	0.05218	0.08644	0.12711	0.06992	0.07872	0.03274	0.05689	0.04820	0.03232	0.03385	0.00688	0.00559	0.00181	0.00715	0.00550	0.00396	0.02466
18	0.01561	0.10511	0.32302	0.01591	0.06476	0.10470	0.01580	0.10951	0.01567	0.03981	0.03217	0.01661	0.05575	0.00691	0.00616	0.00181	0.03096	0.00523	0.00359	0.03089

[dist]
# distance from previous block
# <min> <max>
15	95

[block]
# block no. 5 follows, 37 sequences, length 36
# corresponding to MSA columns:
# 305-340
name=unknown_F
#
# <colnr> <probs for GDERKNQSTAVLIFYWHMCP>
#	G	D	E	R	K	N	Q	S	T	A	V	L	I	F	Y	W	H	M	C	P
0	0.03363	0.03202	0.05870	0.08736	0.30590	0.05700	0.08513	0.07143	0.04434	0.02135	0.07990	0.01775	0.01405	0.00640	0.00606	0.00181	0.00716	0.00587	0.00375	0.06039
1	0.06892	0.05007	0.05759	0.04238	0.33158	0.03280	0.10318	0.03932	0.04329	0.02076	0.05976	0.03698	0.02877	0.00700	0.00613	0.00189	0.00698	0.03166	0.00372	0.02723
2	0.03472	0.17061	0.07384	0.07159	0.21560	0.03713	0.04790	0.05081	0.10382	0.03563	0.03163	0.03754	0.03445	0.00703	0.00579	0.00183	0.00679	0.02098	0.00384	0.00848
3	0.03285	0.08035	0.01648	0.08364	0.14877	0.05382	0.01093	0.08089	0.05052	0.05264	0.21014	0.04164	0.04883	0.00855	0.00641	0.00183	0.02032	0.00718	0.00477	0.03944
4	0.03525	0.10531	0.10555	0.01852	0.18631	0.08943	0.03700	0.01918	0.07755	0.03695	0.08140	0.03785	0.01601	0.02803	0.00707	0.00193	0.03660	0.02397	0.00387	0.05223
5	0.01461	0.01503	0.10506	0.08829	0.22591	0.04545	0.04640	0.06255	0.06403	0.05295	0.04992	0.02074	0.01436	0.07749	0.00835	0.00222	0.00693	0.02197	0.03137	0.04637
6	0.05764	0.01451	0.02101	0.09080	0.31676	0.06875	0.10172	0.08732	0.01545	0.02125	0.03987	0.01964	0.07672	0.00684	0.00615	0.00185	0.00721	0.00624	0.00374	0.03656
7	0.01519	0.01429	0.02008	0.08616	0.32859	0.06343	0.05118	0.09700	0.05274	0.02158	0.06056	0.01945	0.05269	0.00698	0.00654	0.00183	0.02891	0.00616	0.00393	0.06273
8	0.01486	0.01416	0.06793	0.10307	0.27405	0.01371	0.03538	0.15626	0.03544	0.02211	0.01500	0.07125	0.01349	0.07605	0.00877	0.00230	0.02404	0.02154	0.00397	0.02663
9	0.06221	0.01486	0.08190	0.03767	0.21103	0.03539	0.09029	0.09096	0.08648	0.06593	0.05056	0.03842	0.07068	0.00859	0.02630	0.00214	0.00696	0.00672	0.00438	0.00853
10	0.01371	0.01217	0.01933	0.24561	0.33152	0.01257	0.01508	0.01757	0.03201	0.04413	0.03884	0.01689	0.01148	0.00711	0.02832	0.00199	0.00708	0.00546	0.00341	0.13569
11	0.01657	0.01425	0.03430	0.05651	0.25219	0.03075	0.02892	0.12239	0.12212	0.07188	0.01458	0.01603	0.01119	0.00615	0.00579	0.00169	0.00637	0.00533	0.00435	0.17865
12	0.02022	0.01681	0.06665	0.08183	0.02100	0.01744	0.01253	0.52419	0.09397	0.03317	0.01515	0.01583	0.01100	0.00853	0.03152	0.00215	0.00716	0.00561	0.00550	0.00976
13	0.01066	0.01152	0.13217	0.00986	0.01322	0.00823	0.02388	0.01515	0.07997	0.06449	0.29444	0.04013	0.24925	0.01148	0.00684	0.00198	0.00444	0.00980	0.00566	0.00681
14	0.00963	0.00752	0.01075	0.01240	0.12449	0.00712	0.00781	0.01257	0.01659	0.02351	0.60310	0.06775	0.04961	0.01165	0.00706	0.00193	0.00360	0.01042	0.00612	0.00636
15	0.01618	0.66750	0.03095	0.01471	0.13004	0.02271	0.01177	0.01840	0.01267	0.01528	0.00898	0.01065	0.00814	0.00527	0.00426	0.00139	0.00666	0.00361	0.00268	0.00814
16	0.01604	0.71879	0.03034	0.01035	0.01560	0.02278	0.01019	0.01807	0.01246	0.01490	0.00872	0.01008	0.00796	0.00517	0.00398	0.00127	0.00637	0.00330	0.00271	0.08092
17	0.01491	0.23220	0.08450	0.09069	0.30288	0.01727	0.05365	0.01996	0.09170	0.01858	0.01208	0.01449	0.00984	0.00578	0.00553	0.00175	0.00719	0.00502	0.00320	0.00879
18	0.00890	0.00593	0.00668	0.00668	0.00668	0.00593	0.00371	0.00890	0.00890	0.01187	0.01929	0.04006	0.02225	0.78487	0.03116	0.00593	0.00593	0.00890	0.00371	0.00371
19	0.00890	0.00593	0.00668	0.00668	0.00668	0.00593	0.00371	0.00890	0.00890	0.01187	0.01929	0.04006	0.02225	0.78487	0.03116	0.00593	0.00593	0.00890	0.00371	0.00371
20	0.01594	0.08407	0.02449	0.06868	0.56968	0.01583	0.01720	0.09326	0.01529	0.02124	0.01155	0.01468	0.00953	0.00567	0.00588	0.00179	0.00719	0.00526	0.00330	0.00946
21	0.00788	0.00772	0.07400	0.00925	0.01044	0.00581	0.00717	0.00951	0.01190	0.01599	0.03262	0.68852	0.06042	0.01786	0.00762	0.00242	0.00403	0.01610	0.00540	0.00534
22	0.03851	0.18304	0.18990	0.04220	0.03755	0.03408	0.10414	0.21634	0.01728	0.02348	0.01143	0.01329	0.00875	0.00631	0.00639	0.00182	0.04807	0.00493	0.00371	0.00878
23	0.01446	0.16634	0.52834	0.01592	0.02378	0.01561	0.04645	0.02014	0.01331	0.08412	0.01177	0.01321	0.00850	0.00584	0.00556	0.00183	0.00830	0.00455	0.00306	0.00892
24	0.00941	0.00672	0.00935	0.01076	0.01197	0.00666	0.00908	0.01190	0.01365	0.01781	0.03266	0.20245	0.03621	0.01733	0.00833	0.00276	0.00525	0.57654	0.00565	0.00551
25	0.01434	0.12832	0.39476	0.01549	0.04792	0.04968	0.01657	0.02002	0.06560	0.07043	0.01448	0.08268	0.01211	0.00742	0.00628	0.00191	0.03412	0.00583	0.00353	0.00851
26	0.01527	0.05142	0.30025	0.07332	0.21236	0.05280	0.04740	0.04348	0.01407	0.07080	0.01188	0.01431	0.00899	0.00617	0.00671	0.00191	0.05167	0.00506	0.00324	0.00889
27	0.00887	0.00605	0.00724	0.00724	0.00743	0.00624	0.00441	0.00926	0.00907	0.01229	0.01877	0.03721	0.02102	0.65348	0.16086	0.00663	0.00779	0.00849	0.00363	0.00402
28	0.00754	0.00539	0.00717	0.00847	0.00890	0.00503	0.00569	0.00873	0.01209	0.01622	0.08107	0.73185	0.04164	0.01873	0.00777	0.00245	0.00351	0.01698	0.00575	0.00503
29	0.01402	0.16934	0.24751	0.03257	0.07917	0.09058	0.03096	0.01947	0.09535	0.01833	0.03391	0.08249	0.04567	0.00774	0.00580	0.00184	0.00727	0.00629	0.00362	0.00808
30	0.01531	0.10929	0.11897	0.04439	0.33704	0.03467	0.07984	0.03921	0.01434	0.05788	0.01447	0.01921	0.02892	0.00666	0.00606	0.00187	0.00748	0.05210	0.00349	0.00880
31	0.01375	0.02682	0.55635	0.01713	0.02494	0.01408	0.07804	0.08270	0.01478	0.04499	0.03136	0.01665	0.01070	0.00656	0.00611	0.00197	0.00853	0.03228	0.00333	0.00893
32	0.01344	0.24752	0.54751	0.01546	0.02342	0.01707	0.01915	0.01908	0.01279	0.01796	0.01028	0.01204	0.00778	0.00565	0.00528	0.00176	0.00833	0.00417	0.00259	0.00871
33	0.01764	0.01764	0.08277	0.14462	0.30326	0.15600	0.03629	0.02110	0.01479	0.12839	0.01290	0.01526	0.00975	0.00607	0.00599	0.00184	0.00806	0.00524	0.00365	0.00875
34	0.08930	0.05619	0.05840	0.15456	0.30951	0.05603	0.01502	0.01911	0.07812	0.01963	0.01451	0.01927	0.02878	0.00684	0.00589	0.00192	0.00704	0.04809	0.00352	0.00827
35	0.04285	0.17134	0.43330	0.01501	0.04101	0.01494	0.03176	0.01819	0.01287	0.03402	0.01425	0.01709	0.04900	0.02719	0.00619	0.00191	0.00766	0.02190	0.00307	0.03646

[dist]
# distance from previous block
# <min> <max>
0	23

[block]
# block no. 6 follows, 37 sequences, length 15
# corresponding to MSA columns:
# 364-378
name=unknown_G
#
# <colnr> <probs for GDERKNQSTAVLIFYWHMCP>
#	G	D	E	R	K	N	Q	S	T	A	V	L	I	F	Y	W	H	M	C	P
0	0.01714	0.30501	0.13604	0.01316	0.01852	0.11155	0.03887	0.13157	0.01592	0.03635	0.01170	0.04220	0.00986	0.00633	0.00515	0.00157	0.00733	0.00470	0.00358	0.08343
1	0.01513	0.35254	0.20252	0.01321	0.01860	0.07525	0.04635	0.01910	0.04585	0.04405	0.01323	0.08347	0.01186	0.00801	0.02463	0.00190	0.00753	0.00548	0.00332	0.00796
2	0.01474	0.27485	0.27286	0.01288	0.01858	0.06768	0.01387	0.03433	0.01370	0.06139	0.01704	0.04627	0.07817	0.00846	0.02537	0.00196	0.00745	0.01896	0.00349	0.00796
3	0.12229	0.12131	0.16128	0.01299	0.01832	0.01690	0.01247	0.31856	0.04750	0.02796	0.01366	0.05382	0.01094	0.00714	0.00552	0.00181	0.00660	0.00537	0.00458	0.03099
4	0.00772	0.00618	0.00689	0.00680	0.00858	0.00536	0.00507	0.00969	0.01497	0.01914	0.28589	0.08543	0.48736	0.01467	0.00725	0.00204	0.00305	0.01250	0.00603	0.00536
5	0.01642	0.68635	0.02958	0.01080	0.01561	0.08217	0.01033	0.01830	0.01279	0.01451	0.00992	0.05064	0.00958	0.00606	0.00426	0.00139	0.00675	0.00407	0.00282	0.00764
6	0.00898	0.00702	0.00982	0.01002	0.01063	0.00803	0.00751	0.01050	0.01056	0.01478	0.02239	0.29581	0.02474	0.08970	0.30006	0.00562	0.11311	0.04121	0.00419	0.00532
7	0.00890	0.00593	0.00668	0.00668	0.00668	0.00593	0.00371	0.00890	0.00890	0.01187	0.01929	0.04006	0.02225	0.78487	0.03116	0.00593	0.00593	0.00890	0.00371	0.00371
8	0.04995	0.14067	0.09586	0.01765	0.14024	0.12422	0.05606	0.06649	0.01587	0.21425	0.01418	0.01485	0.01030	0.00625	0.00563	0.00175	0.00740	0.00501	0.00437	0.00899
9	0.07378	0.29471	0.22144	0.01272	0.01849	0.03465	0.03112	0.01975	0.04671	0.07801	0.01198	0.01343	0.00941	0.00824	0.05137	0.00213	0.00760	0.00436	0.00339	0.05671
10	0.03757	0.33732	0.05400	0.01012	0.01375	0.04243	0.00916	0.06069	0.01380	0.01757	0.07059	0.05696	0.12738	0.06604	0.02095	0.00216	0.02912	0.01955	0.00393	0.00691
11	0.05266	0.06167	0.03931	0.01068	0.01398	0.06008	0.00864	0.16957	0.03771	0.02217	0.06217	0.08493	0.04261	0.13076	0.01028	0.00239	0.03484	0.00698	0.00454	0.14403
12	0.28503	0.19531	0.12702	0.01125	0.01640	0.01676	0.01090	0.16512	0.01531	0.02482	0.01214	0.01317	0.03357	0.00623	0.00476	0.00171	0.00615	0.00429	0.00388	0.04618
13	0.03204	0.27766	0.24612	0.01336	0.04414	0.01602	0.01357	0.06886	0.01418	0.03753	0.04853	0.08630	0.04303	0.00795	0.00555	0.00179	0.00668	0.02499	0.00369	0.00799
14	0.12051	0.26437	0.21037	0.01179	0.01703	0.01602	0.01225	0.07629	0.01375	0.04744	0.01544	0.08636	0.04625	0.03046	0.00599	0.00190	0.00647	0.00583	0.00370	0.00780

[dist]
# distance from previous block
# <min> <max>
0	14

[block]
# block no. 7 follows, 37 sequences, length 15
# corresponding to MSA columns:
# 393-407
name=unknown_H
#
# <colnr> <probs for GDERKNQSTAVLIFYWHMCP>
#	G	D	E	R	K	N	Q	S	T	A	V	L	I	F	Y	W	H	M	C	P
0	0.06363	0.24762	0.22047	0.05032	0.07359	0.05421	0.03510	0.04033	0.04521	0.01848	0.01166	0.04641	0.00995	0.00666	0.00614	0.00180	0.05214	0.00499	0.00316	0.00813
1	0.13155	0.07287	0.16308	0.01264	0.03253	0.01241	0.04262	0.06767	0.03850	0.14961	0.01930	0.10052	0.05746	0.00997	0.03899	0.00226	0.00654	0.00679	0.00461	0.03009
2	0.08654	0.05062	0.16661	0.08583	0.27789	0.02912	0.01555	0.05010	0.01388	0.04707	0.02929	0.07363	0.01257	0.00805	0.02584	0.00211	0.00729	0.00604	0.00356	0.00841
3	0.06890	0.12475	0.01797	0.03052	0.03331	0.28208	0.03448	0.08227	0.05997	0.01885	0.01429	0.08692	0.01323	0.01001	0.04420	0.00223	0.03264	0.03213	0.00388	0.00737
4	0.01421	0.00840	0.01064	0.00909	0.01227	0.00710	0.00710	0.01650	0.01475	0.20397	0.15318	0.15828	0.08560	0.01081	0.00642	0.00181	0.00419	0.04913	0.00581	0.22075
5	0.01503	0.01410	0.02060	0.11587	0.41249	0.06322	0.01588	0.01939	0.07189	0.04176	0.01428	0.02027	0.01233	0.00728	0.00738	0.00201	0.06884	0.06516	0.00359	0.00862
6	0.00877	0.00644	0.00926	0.00926	0.01016	0.00734	0.00693	0.01056	0.00967	0.01378	0.01692	0.02696	0.01657	0.18028	0.62798	0.00913	0.01449	0.00698	0.00336	0.00515
7	0.04893	0.08476	0.01983	0.01928	0.21487	0.06630	0.04352	0.12822	0.03182	0.18464	0.05911	0.01774	0.01387	0.00805	0.03045	0.00206	0.00695	0.00572	0.00481	0.00906
8	0.04671	0.65999	0.10266	0.01119	0.01674	0.02267	0.01158	0.04036	0.01292	0.01614	0.00895	0.01028	0.00788	0.00538	0.00418	0.00141	0.00673	0.00347	0.00277	0.00801
9	0.00890	0.00593	0.00668	0.00668	0.00668	0.00593	0.00371	0.00890	0.00890	0.01187	0.01929	0.04006	0.02225	0.78487	0.03116	0.00593	0.00593	0.00890	0.00371	0.00371
10	0.00890	0.00593	0.00668	0.00668	0.00668	0.00593	0.00371	0.00890	0.00890	0.01187	0.01929	0.04006	0.02225	0.78487	0.03116	0.00593	0.00593	0.00890	0.00371	0.00371
11	0.04257	0.44468	0.12661	0.04788	0.04368	0.07610	0.03203	0.01835	0.01322	0.01676	0.05464	0.01331	0.01103	0.00589	0.00479	0.00153	0.00709	0.00427	0.00301	0.03255
12	0.03545	0.10087	0.08735	0.01590	0.07757	0.03520	0.09748	0.16467	0.04873	0.09012	0.01647	0.02026	0.03195	0.00725	0.00597	0.00181	0.00684	0.06085	0.00450	0.09076
13	0.01472	0.16881	0.05427	0.01369	0.04548	0.04685	0.11437	0.04366	0.01421	0.03923	0.06265	0.01533	0.01241	0.00569	0.00526	0.00140	0.00637	0.00487	0.00367	0.32708
14	0.05109	0.25184	0.25132	0.01605	0.06676	0.04117	0.07979	0.01860	0.01293	0.03897	0.03046	0.01392	0.00993	0.00792	0.04088	0.00214	0.05031	0.00474	0.00304	0.00814

[dist]
# distance from previous block
# <min> <max>
0	123

[block]
# block no. 8 follows, 37 sequences, length 96
# corresponding to MSA columns:
# 553-648
name=unknown_I
#
# <colnr> <probs for GDERKNQSTAVLIFYWHMCP>
#	G	D	E	R	K	N	Q	S	T	A	V	L	I	F	Y	W	H	M	C	P
0	0.17057	0.02012	0.30972	0.01588	0.08233	0.04297	0.05806	0.01863	0.01330	0.06786	0.05014	0.04487	0.04129	0.00702	0.00570	0.00190	0.00710	0.00572	0.00370	0.03312
1	0.01462	0.05088	0.03400	0.01411	0.09022	0.05302	0.05289	0.05605	0.07818	0.08172	0.03419	0.10022	0.06369	0.03582	0.00694	0.00190	0.00581	0.03523	0.00462	0.18589
2	0.01488	0.01470	0.02617	0.03318	0.55113	0.01439	0.15674	0.01905	0.02895	0.02003	0.01193	0.01544	0.00977	0.00541	0.00621	0.00182	0.00767	0.00573	0.00314	0.05364
3	0.02287	0.01695	0.01815	0.01400	0.01883	0.01880	0.01154	0.69191	0.06380	0.03794	0.01520	0.01510	0.01082	0.00740	0.00613	0.00185	0.00664	0.00558	0.00613	0.01037
4	0.01986	0.01774	0.09028	0.01500	0.04791	0.03770	0.01257	0.44870	0.17100	0.03212	0.01659	0.01745	0.01236	0.00752	0.00615	0.00191	0.00669	0.02295	0.00558	0.00989
5	0.01004	0.00829	0.00840	0.00854	0.00913	0.08208	0.00566	0.01080	0.01055	0.01340	0.02086	0.17355	0.02344	0.42990	0.13732	0.00538	0.00763	0.02641	0.00400	0.00461
6	0.01239	0.03091	0.71763	0.01786	0.02677	0.01428	0.05739	0.01940	0.01300	0.01940	0.01105	0.01310	0.00783	0.00578	0.00589	0.00194	0.00911	0.00466	0.00261	0.00901
7	0.03272	0.00973	0.05859	0.03763	0.03247	0.00859	0.02522	0.05223	0.06436	0.07155	0.07423	0.31043	0.10952	0.01360	0.00710	0.00224	0.00482	0.07287	0.00546	0.00667
8	0.01169	0.01101	0.01860	0.74321	0.06808	0.01363	0.01707	0.01576	0.01230	0.01580	0.01090	0.01628	0.00822	0.00610	0.00612	0.00203	0.00813	0.00544	0.00273	0.00691
9	0.01407	0.05050	0.19199	0.02370	0.05033	0.01553	0.52306	0.01949	0.01402	0.01936	0.01190	0.01542	0.00891	0.00531	0.00675	0.00200	0.00981	0.00643	0.00296	0.00845
10	0.01489	0.07596	0.46144	0.01692	0.04313	0.01409	0.08486	0.04671	0.01417	0.11040	0.01387	0.05221	0.01060	0.00664	0.00598	0.00192	0.00812	0.00560	0.00355	0.00893
11	0.01252	0.01210	0.01935	0.62840	0.15222	0.03995	0.01710	0.01644	0.01269	0.01630	0.01093	0.01595	0.00839	0.00602	0.00609	0.00199	0.00812	0.00539	0.00278	0.00727
12	0.00746	0.00533	0.00710	0.00852	0.00888	0.00497	0.00568	0.00852	0.01172	0.01563	0.03374	0.78088	0.04049	0.01918	0.00781	0.00249	0.00355	0.01740	0.00568	0.00497
13	0.01356	0.04134	0.08002	0.10532	0.29917	0.01323	0.14093	0.01762	0.03374	0.03816	0.01542	0.12004	0.01420	0.03143	0.00719	0.00210	0.00735	0.00740	0.00355	0.00821
14	0.01569	0.02963	0.09492	0.07084	0.27300	0.08359	0.22945	0.02010	0.02845	0.05637	0.01288	0.01674	0.01019	0.00597	0.00637	0.00192	0.00855	0.02329	0.00335	0.00869
15	0.01338	0.01290	0.02210	0.37168	0.35214	0.01437	0.05165	0.01718	0.01295	0.01771	0.01109	0.01566	0.00889	0.00601	0.00686	0.00198	0.04690	0.00553	0.00287	0.00815
16	0.00757	0.00646	0.00653	0.00651	0.00859	0.00557	0.00488	0.00975	0.04328	0.01688	0.05982	0.07484	0.69771	0.01530	0.00721	0.00208	0.00318	0.01278	0.00571	0.00535
17	0.01625	0.07113	0.11109	0.18237	0.15689	0.07347	0.12319	0.13317	0.01618	0.04088	0.01193	0.01473	0.00907	0.00601	0.00604	0.00187	0.00824	0.00537	0.00352	0.00858
18	0.01415	0.14257	0.18370	0.09367	0.25218	0.03633	0.10267	0.01830	0.01336	0.01810	0.01288	0.01571	0.03860	0.00609	0.00619	0.00184	0.02686	0.00537	0.00295	0.00848
19	0.00806	0.00603	0.00802	0.00893	0.00975	0.00599	0.00654	0.00958	0.01196	0.01583	0.03404	0.46202	0.12906	0.02238	0.12554	0.00362	0.02369	0.09852	0.00523	0.00520
20	0.01231	0.03119	0.73403	0.01741	0.02622	0.01433	0.02238	0.01926	0.01283	0.01926	0.01091	0.01294	0.00776	0.00594	0.00619	0.00196	0.02896	0.00454	0.00259	0.00899
21	0.01439	0.18620	0.47355	0.01671	0.05749	0.03650	0.03583	0.03617	0.03139	0.04135	0.01132	0.01295	0.00847	0.00583	0.00549	0.00180	0.00825	0.00449	0.00297	0.00885
22	0.03934	0.03662	0.29249	0.03481	0.10616	0.08385	0.08300	0.05543	0.01484	0.04576	0.05549	0.02033	0.09077	0.00729	0.00611	0.00190	0.00773	0.00615	0.00369	0.00824
23	0.02056	0.01099	0.01285	0.01085	0.01436	0.06464	0.00874	0.04358	0.06844	0.40534	0.15287	0.04967	0.02496	0.00961	0.00657	0.00199	0.00524	0.07334	0.00673	0.00869
24	0.00757	0.00560	0.00711	0.00822	0.00897	0.00514	0.00571	0.00886	0.01239	0.01615	0.05631	0.59199	0.17111	0.01821	0.00772	0.00241	0.00356	0.05219	0.00571	0.00506
25	0.17706	0.03645	0.04889	0.01737	0.13226	0.03636	0.07367	0.22567	0.03436	0.10939	0.01337	0.01452	0.00985	0.00657	0.00623	0.00189	0.03727	0.00518	0.00463	0.00900
26	0.01379	0.13280	0.56911	0.01751	0.07256	0.01534	0.02002	0.01972	0.01316	0.05535	0.01134	0.01304	0.00827	0.00580	0.00559	0.00184	0.00839	0.00450	0.00287	0.00900
27	0.01637	0.01414	0.02379	0.03493	0.67424	0.01399	0.01782	0.01988	0.01429	0.09244	0.01277	0.01571	0.01024	0.00566	0.00607	0.00183	0.00707	0.00552	0.00348	0.00977
28	0.01422	0.01123	0.01309	0.00956	0.01484	0.00902	0.00767	0.04822	0.04772	0.06765	0.01255	0.01378	0.00997	0.00503	0.00479	0.00107	0.00469	0.00403	0.00411	0.69677
29	0.01063	0.00532	0.00797	0.00797	0.00797	0.00532	0.00532	0.00797	0.00797	0.01063	0.01063	0.01861	0.01063	0.02127	0.02392	0.82190	0.00532	0.00532	0.00266	0.00266
30	0.01413	0.01533	0.03125	0.02347	0.06413	0.01432	0.56087	0.01936	0.04305	0.02007	0.03834	0.01732	0.01136	0.00549	0.00685	0.00193	0.00909	0.00688	0.00340	0.09336
31	0.00800	0.00573	0.00778	0.00913	0.00973	0.00551	0.00661	0.00947	0.01210	0.01609	0.03262	0.60262	0.03820	0.02005	0.04524	0.00292	0.00460	0.15293	0.00555	0.00513
32	0.01452	0.01391	0.02387	0.09738	0.63909	0.01410	0.03649	0.01813	0.01372	0.01945	0.01239	0.04646	0.01081	0.00606	0.00617	0.00187	0.00727	0.00599	0.00311	0.00922
33	0.82811	0.01184	0.00900	0.00805	0.01184	0.01373	0.00663	0.01799	0.01042	0.02746	0.00852	0.00994	0.00663	0.00568	0.00379	0.00189	0.00474	0.00331	0.00379	0.00663
34	0.01228	0.03166	0.75316	0.01745	0.02649	0.01422	0.02262	0.01939	0.01292	0.01939	0.01099	0.01292	0.00775	0.00582	0.00582	0.00194	0.00905	0.00452	0.00258	0.00905
35	0.00885	0.00653	0.00786	0.00744	0.00921	0.00593	0.00561	0.01171	0.03656	0.03940	0.49121	0.04864	0.27198	0.01322	0.00717	0.00197	0.00307	0.01142	0.00641	0.00581
36	0.01806	0.17340	0.05001	0.03547	0.09114	0.06597	0.10155	0.20056	0.11183	0.05352	0.01440	0.01629	0.01121	0.00666	0.00583	0.00180	0.00726	0.02164	0.00439	0.00899
37	0.08375	0.01114	0.01411	0.01099	0.01561	0.01036	0.00905	0.07912	0.05340	0.61217	0.02239	0.01972	0.01438	0.00746	0.00599	0.00190	0.00527	0.00594	0.00713	0.01011
38	0.04517	0.09356	0.15669	0.01317	0.01831	0.05321	0.01244	0.22744	0.10865	0.09300	0.03253	0.03557	0.01331	0.00743	0.00582	0.00183	0.00664	0.02505	0.00491	0.04528
39	0.01881	0.03834	0.05577	0.01919	0.15956	0.21584	0.03938	0.16632	0.11531	0.04100	0.03330	0.01570	0.01178	0.00689	0.00648	0.00183	0.03599	0.00539	0.00430	0.00881
40	0.01156	0.01088	0.01836	0.77016	0.04216	0.01360	0.01700	0.01564	0.01224	0.01564	0.01088	0.01632	0.00816	0.00612	0.00612	0.00204	0.00816	0.00544	0.00272	0.00680
41	0.01269	0.01088	0.01269	0.00907	0.01451	0.00816	0.00725	0.01541	0.01269	0.01995	0.01088	0.01269	0.00907	0.00453	0.00453	0.00091	0.00453	0.00363	0.00363	0.82229
42	0.01332	0.01382	0.04624	0.02076	0.06720	0.01251	0.43825	0.01756	0.01464	0.04751	0.12417	0.05307	0.04798	0.00827	0.02428	0.00219	0.00824	0.00811	0.00401	0.02787
43	0.02287	0.02917	0.01735	0.01577	0.01892	0.76030	0.01183	0.02444	0.01735	0.01498	0.00946	0.01104	0.00788	0.00631	0.00552	0.00158	0.01104	0.00394	0.00315	0.00710
44	0.02338	0.01696	0.01826	0.01400	0.01889	0.01871	0.01156	0.70753	0.02848	0.05776	0.01495	0.01486	0.01054	0.00735	0.00612	0.00184	0.00669	0.00553	0.00616	0.01041
45	0.00746	0.00533	0.00710	0.00852	0.00888	0.00497	0.00568	0.00852	0.01172	0.01563	0.03374	0.78088	0.04049	0.01918	0.00781	0.00249	0.00355	0.01740	0.00568	0.00497
46	0.00746	0.00533	0.00710	0.00852	0.00888	0.00497	0.00568	0.00852	0.01172	0.01563	0.03374	0.78088	0.04049	0.01918	0.00781	0.00249	0.00355	0.01740	0.00568	0.00497
47	0.01249	0.03021	0.68427	0.01825	0.02702	0.01434	0.09004	0.01941	0.01307	0.01941	0.01112	0.01327	0.00790	0.00575	0.00595	0.00195	0.00917	0.00478	0.00263	0.00897
48	0.01228	0.03166	0.75316	0.01745	0.02649	0.01422	0.02262	0.01939	0.01292	0.01939	0.01099	0.01292	0.00775	0.00582	0.00582	0.00194	0.00905	0.00452	0.00258	0.00905
49	0.00889	0.00644	0.00793	0.00762	0.00903	0.00608	0.00559	0.01091	0.01451	0.03922	0.36815	0.07318	0.21971	0.11427	0.06417	0.00307	0.01908	0.01093	0.00575	0.00545
50	0.00811	0.00583	0.00769	0.00808	0.00902	0.00541	0.00573	0.01017	0.01477	0.02048	0.41979	0.38100	0.04988	0.01555	0.00749	0.00218	0.00319	0.01396	0.00626	0.00541
51	0.01299	0.16633	0.58315	0.01621	0.02429	0.01584	0.04159	0.01901	0.01299	0.01863	0.02889	0.01330	0.00907	0.00586	0.00556	0.00183	0.00848	0.00455	0.00271	0.00873
52	0.00881	0.00600	0.00691	0.00686	0.00711	0.00594	0.00407	0.00922	0.00995	0.01337	0.09264	0.04082	0.05212	0.65720	0.05033	0.00551	0.00585	0.00919	0.00407	0.00402
53	0.01561	0.64812	0.16587	0.01177	0.01771	0.02236	0.01273	0.01853	0.01253	0.01533	0.00897	0.01040	0.00784	0.00534	0.00428	0.00143	0.00701	0.00351	0.00261	0.00808
54	0.01388	0.01056	0.01229	0.01105	0.01344	0.01138	0.00875	0.25704	0.03887	0.02489	0.08737	0.21211	0.11286	0.01295	0.00801	0.00221	0.05915	0.09023	0.00572	0.00726
55	0.07284	0.01295	0.01353	0.01185	0.01542	0.03268	0.00932	0.06875	0.50418	0.10485	0.06851	0.02244	0.01922	0.00821	0.00609	0.00201	0.00501	0.00670	0.00616	0.00928
56	0.01613	0.01283	0.01572	0.01371	0.03625	0.01408	0.06110	0.14960	0.36530	0.06850	0.07845	0.08114	0.02058	0.00903	0.00685	0.00205	0.02611	0.00771	0.00588	0.00900
57	0.01156	0.01088	0.01836	0.77016	0.04216	0.01360	0.01700	0.01564	0.01224	0.01564	0.01088	0.01632	0.00816	0.00612	0.00612	0.00204	0.00816	0.00544	0.00272	0.00680
58	0.01269	0.01088	0.01269	0.00907	0.01451	0.00816	0.00725	0.01541	0.01269	0.01995	0.01088	0.01269	0.00907	0.00453	0.00453	0.00091	0.00453	0.00363	0.00363	0.82229
59	0.02414	0.01106	0.01421	0.01083	0.01567	0.00974	0.00889	0.07613	0.03950	0.54731	0.02112	0.01900	0.01383	0.00704	0.00586	0.00172	0.00518	0.00568	0.00672	0.15636
60	0.01349	0.01068	0.01262	0.00913	0.01438	0.00813	0.00731	0.01620	0.01317	0.06696	0.03862	0.01443	0.01124	0.00502	0.00474	0.00101	0.00452	0.00406	0.00399	0.74029
61	0.00911	0.00667	0.00801	0.00742	0.00943	0.00583	0.00561	0.01148	0.01578	0.04803	0.42609	0.06393	0.28212	0.01297	0.00703	0.00192	0.00316	0.01118	0.00619	0.05805
62	0.00762	0.00622	0.00678	0.00692	0.00876	0.00538	0.00526	0.00940	0.01422	0.01756	0.13797	0.10216	0.56471	0.01549	0.00736	0.00214	0.00330	0.06768	0.00580	0.00526
63	0.01523	0.01315	0.01384	0.01246	0.01592	0.01523	0.00969	0.03253	0.73563	0.02561	0.02491	0.02284	0.01869	0.00830	0.00623	0.00208	0.00484	0.00692	0.00623	0.00969
64	0.01252	0.05629	0.70231	0.01795	0.05263	0.01456	0.02207	0.01933	0.01294	0.01924	0.01092	0.01290	0.00783	0.00578	0.00576	0.00191	0.00890	0.00452	0.00260	0.00903
65	0.01413	0.04653	0.32067	0.02302	0.14387	0.05212	0.24405	0.01940	0.01364	0.01901	0.01125	0.01426	0.00858	0.00574	0.00677	0.00195	0.03800	0.00550	0.00285	0.00868
66	0.01492	0.06443	0.01504	0.01198	0.01541	0.01416	0.03298	0.04675	0.49817	0.05371	0.13968	0.02516	0.02361	0.00862	0.00626	0.00199	0.00489	0.00729	0.00601	0.00893
67	0.01752	0.01517	0.01479	0.01294	0.01661	0.09056	0.01013	0.12131	0.54324	0.05509	0.02201	0.02052	0.01639	0.00795	0.00614	0.00199	0.00573	0.00641	0.00596	0.00955
68	0.01063	0.00950	0.01268	0.14726	0.01811	0.06568	0.05715	0.01331	0.01405	0.01811	0.15305	0.21233	0.04993	0.01309	0.00733	0.00228	0.00578	0.17878	0.00496	0.00599
69	0.01478	0.01359	0.02105	0.17466	0.22023	0.02965	0.12576	0.08410	0.12973	0.02163	0.01524	0.01931	0.01216	0.00674	0.00626	0.00196	0.00724	0.03382	0.05362	0.00849
70	0.00744	0.00542	0.00701	0.00829	0.00882	0.00499	0.00558	0.00855	0.01194	0.01572	0.03659	0.70811	0.11142	0.01881	0.00775	0.00244	0.00351	0.01695	0.00568	0.00499
71	0.01244	0.06248	0.72380	0.01716	0.02605	0.01462	0.02212	0.01934	0.01290	0.01918	0.01088	0.01280	0.00776	0.00579	0.00574	0.00191	0.00894	0.00447	0.00259	0.00900
72	0.03881	0.70926	0.05009	0.01134	0.01669	0.02324	0.04605	0.01841	0.01249	0.01515	0.00877	0.01023	0.00789	0.00526	0.00414	0.00138	0.00675	0.00350	0.00267	0.00787
73	0.00737	0.00616	0.00641	0.00644	0.00837	0.00521	0.00480	0.00900	0.01412	0.01717	0.11804	0.09420	0.65084	0.01544	0.00726	0.00208	0.00311	0.01299	0.00577	0.00521
74	0.00723	0.00620	0.00620	0.00620	0.00827	0.00517	0.00465	0.00878	0.01395	0.01654	0.06201	0.05891	0.74421	0.01550	0.00723	0.00207	0.00310	0.01292	0.00568	0.00517
75	0.01268	0.01175	0.01935	0.19621	0.41629	0.01225	0.01550	0.01596	0.01337	0.01823	0.01885	0.09005	0.07576	0.00835	0.00647	0.00201	0.00669	0.04867	0.00357	0.00800
76	0.01496	0.01654	0.03227	0.08233	0.10019	0.05225	0.54799	0.03943	0.01478	0.01965	0.01211	0.01604	0.00920	0.00538	0.00691	0.00201	0.00980	0.00671	0.00315	0.00829
77	0.01156	0.01088	0.01836	0.77016	0.04216	0.01360	0.01700	0.01564	0.01224	0.01564	0.01088	0.01632	0.00816	0.00612	0.00612	0.00204	0.00816	0.00544	0.00272	0.00680
78	0.00734	0.00621	0.00635	0.00632	0.00834	0.00521	0.00474	0.00900	0.01421	0.01715	0.11431	0.05790	0.69152	0.01527	0.00723	0.00206	0.00308	0.01278	0.00577	0.00521
79	0.01444	0.01388	0.02386	0.17914	0.59320	0.01438	0.03530	0.01820	0.01362	0.01914	0.01141	0.01541	0.00939	0.00558	0.00610	0.00187	0.00752	0.00549	0.00297	0.00910
80	0.01689	0.72722	0.03089	0.01090	0.01597	0.08368	0.01058	0.01882	0.01283	0.01445	0.00859	0.00992	0.00786	0.00532	0.00406	0.00133	0.00691	0.00333	0.00266	0.00779
81	0.01553	0.01532	0.05026	0.06969	0.57812	0.01493	0.06385	0.07979	0.01513	0.02134	0.01180	0.01518	0.00959	0.00564	0.00614	0.00185	0.00753	0.00554	0.00327	0.00950
82	0.02558	0.01019	0.01373	0.01070	0.01513	0.00897	0.00877	0.02851	0.04271	0.66924	0.07986	0.02283	0.01857	0.00798	0.00624	0.00190	0.00502	0.00656	0.00746	0.01003
83	0.00996	0.00566	0.00803	0.00803	0.00822	0.00584	0.00539	0.00867	0.00848	0.01150	0.01338	0.02390	0.01380	0.18087	0.15166	0.51668	0.00734	0.00626	0.00298	0.00335
84	0.01637	0.78856	0.03208	0.01047	0.01571	0.02422	0.01047	0.01833	0.01244	0.01440	0.00851	0.00982	0.00786	0.00524	0.00393	0.00131	0.00655	0.00327	0.00262	0.00786
85	0.01700	0.71753	0.03081	0.01081	0.01601	0.02374	0.01058	0.08352	0.01394	0.01663	0.00908	0.01027	0.00809	0.00543	0.00413	0.00136	0.00656	0.00348	0.00294	0.00809
86	0.00882	0.00643	0.00835	0.00775	0.00935	0.00587	0.00583	0.01170	0.01715	0.02437	0.71586	0.04448	0.05592	0.01221	0.00712	0.00189	0.00295	0.01079	0.00662	0.03654
87	0.01215	0.04821	0.60252	0.01634	0.02417	0.01362	0.04648	0.01885	0.03363	0.02001	0.09345	0.01693	0.01372	0.00660	0.00599	0.00193	0.00822	0.00539	0.00317	0.00864
88	0.01280	0.01203	0.02001	0.48720	0.26791	0.01379	0.01699	0.01714	0.03997	0.01734	0.01181	0.01674	0.00938	0.02413	0.00669	0.00206	0.00770	0.00558	0.00298	0.00777
89	0.01545	0.01453	0.02371	0.03466	0.66033	0.01476	0.01778	0.04588	0.07339	0.02114	0.01272	0.01576	0.01046	0.00576	0.00608	0.00184	0.00705	0.00558	0.00340	0.00972
90	0.00982	0.01020	0.11260	0.01002	0.04056	0.00738	0.00826	0.01247	0.01408	0.03890	0.30324	0.04081	0.14033	0.18443	0.01235	0.00287	0.00480	0.03575	0.00516	0.00596
91	0.01414	0.01351	0.02301	0.24443	0.54776	0.01428	0.01828	0.01790	0.01346	0.01877	0.01134	0.01548	0.00926	0.00564	0.00608	0.00188	0.00752	0.00545	0.00294	0.00888
92	0.01227	0.01043	0.01224	0.00902	0.01405	0.00790	0.00713	0.01486	0.01261	0.01960	0.01272	0.07455	0.01160	0.00571	0.00480	0.00103	0.00445	0.00474	0.00379	0.75648
93	0.01069	0.00819	0.00933	0.00839	0.01061	0.03443	0.00640	0.02845	0.05104	0.05263	0.48422	0.04086	0.14258	0.01155	0.00683	0.00185	0.00362	0.00995	0.00621	0.07217
94	0.01412	0.21232	0.36278	0.03360	0.04747	0.03961	0.04357	0.01860	0.01274	0.03711	0.01129	0.04085	0.00935	0.00669	0.00693	0.00187	0.08496	0.00495	0.00291	0.00829
95	0.03855	0.09111	0.01543	0.01192	0.01547	0.09527	0.00951	0.07880	0.41461	0.03874	0.05686	0.02289	0.06819	0.00833	0.00596	0.00191	0.00561	0.00663	0.00548	0.00871

[dist]
# distance from previous block
# <min> <max>
0	1

[block]
# block no. 9 follows, 37 sequences, length 30
# corresponding to MSA columns:
# 650-679
name=unknown_J
#
# <colnr> <probs for GDERKNQSTAVLIFYWHMCP>
#	G	D	E	R	K	N	Q	S	T	A	V	L	I	F	Y	W	H	M	C	P
0	0.01176	0.01090	0.01516	0.07469	0.06002	0.06642	0.09937	0.04395	0.01309	0.01711	0.02149	0.30046	0.02333	0.07211	0.02773	0.00273	0.07170	0.05733	0.00433	0.00631
1	0.01326	0.07391	0.60837	0.01594	0.02390	0.01385	0.01980	0.01939	0.01332	0.06866	0.03818	0.04049	0.01113	0.00659	0.00584	0.00192	0.00823	0.00523	0.00318	0.00881
