[name]
unknown

[dist]
# distance from previous block
# <min> <max>
7	11

[block]
# block no. 0 follows, 35 sequences, length 42
# corresponding to MSA columns:
# 19-60
name=unknown_A
#
# <colnr> <probs for GDERKNQSTAVLIFYWHMCP>
#	G	D	E	R	K	N	Q	S	T	A	V	L	I	F	Y	W	H	M	C	P
0	0.01203	0.00704	0.00899	0.00868	0.01058	0.00634	0.00650	0.01408	0.01538	0.15256	0.23866	0.23647	0.16964	0.03869	0.00829	0.00235	0.00390	0.04687	0.00650	0.00646
1	0.07668	0.01216	0.01417	0.01356	0.06838	0.02888	0.02473	0.10076	0.21824	0.11087	0.06921	0.10479	0.06919	0.01001	0.00657	0.00208	0.00536	0.02962	0.00588	0.02885
2	0.01444	0.01376	0.02077	0.45451	0.22349	0.05164	0.01732	0.06457	0.01445	0.01893	0.01153	0.01609	0.00902	0.00644	0.00685	0.00204	0.03732	0.00557	0.00316	0.00810
3	0.01356	0.01404	0.06855	0.12023	0.15993	0.01220	0.10449	0.01805	0.04647	0.01989	0.01264	0.01590	0.01019	0.00812	0.05210	0.00214	0.00762	0.00527	0.00347	0.30513
4	0.01133	0.00696	0.00870	0.00831	0.01001	0.00646	0.00610	0.01314	0.01425	0.12010	0.19848	0.12627	0.19331	0.14729	0.08126	0.00359	0.00537	0.02721	0.00584	0.00603
5	0.01501	0.01575	0.02204	0.26068	0.21842	0.13877	0.10790	0.01860	0.01406	0.01766	0.01206	0.01661	0.00984	0.01080	0.09211	0.00290	0.00999	0.00576	0.00310	0.00793
6	0.01600	0.03935	0.04152	0.37647	0.06908	0.11612	0.01497	0.08159	0.08719	0.05107	0.01418	0.04005	0.01114	0.00712	0.00624	0.00200	0.00804	0.00590	0.00388	0.00809
7	0.00924	0.00615	0.00725	0.00730	0.00740	0.00623	0.00430	0.00934	0.00936	0.01257	0.01989	0.06408	0.02265	0.66332	0.08748	0.03957	0.00689	0.00918	0.00383	0.00399
8	0.02370	0.03023	0.01798	0.01634	0.01961	0.75158	0.01226	0.02533	0.01798	0.01553	0.00981	0.01144	0.00817	0.00654	0.00572	0.00163	0.01144	0.00409	0.00327	0.00735
9	0.01121	0.00705	0.00836	0.00779	0.00999	0.00616	0.00588	0.01326	0.01571	0.13083	0.24478	0.09648	0.36598	0.03787	0.00813	0.00223	0.00361	0.01194	0.00644	0.00631
10	0.01302	0.05909	0.68452	0.01758	0.02654	0.01516	0.02236	0.02068	0.04642	0.02020	0.01196	0.01375	0.00857	0.00612	0.00598	0.00199	0.00908	0.00476	0.00286	0.00936
11	0.02214	0.02561	0.05292	0.01647	0.02058	0.46572	0.05978	0.18820	0.02008	0.02183	0.01165	0.01333	0.00918	0.00826	0.03464	0.00208	0.01045	0.00483	0.00397	0.00828
12	0.01198	0.01128	0.01903	0.76180	0.04369	0.01409	0.01762	0.01621	0.01268	0.01621	0.01128	0.01691	0.00846	0.00634	0.00634	0.00211	0.00846	0.00564	0.00282	0.00705
13	0.02724	0.01107	0.01469	0.01144	0.01622	0.00995	0.00939	0.03119	0.08654	0.67277	0.02510	0.02179	0.01606	0.00792	0.00639	0.00198	0.00536	0.00646	0.00772	0.01072
14	0.01435	0.06183	0.03850	0.03932	0.01863	0.04311	0.09575	0.01645	0.01154	0.04069	0.03577	0.01804	0.01187	0.08152	0.01697	0.00279	0.43638	0.00615	0.00326	0.00709
15	0.01490	0.01364	0.02309	0.28160	0.47796	0.01454	0.01848	0.01878	0.01398	0.04487	0.01218	0.01632	0.00971	0.00596	0.00630	0.00196	0.00777	0.00567	0.00320	0.00906
16	0.01123	0.00926	0.06250	0.00917	0.01155	0.00766	0.00768	0.01388	0.01579	0.09520	0.36615	0.04297	0.20077	0.06004	0.00964	0.00233	0.05124	0.01039	0.00605	0.00651
17	0.00763	0.00613	0.00681	0.00729	0.00881	0.00531	0.00522	0.00911	0.01381	0.01712	0.07814	0.29894	0.47900	0.01723	0.00770	0.00228	0.00336	0.01488	0.00593	0.00531
18	0.02153	0.09388	0.14113	0.01482	0.02064	0.01937	0.01384	0.53315	0.02546	0.03425	0.01397	0.01444	0.01007	0.00714	0.00607	0.00187	0.00736	0.00532	0.00539	0.01030
19	0.01491	0.01456	0.02614	0.22952	0.30884	0.01517	0.19558	0.06198	0.01506	0.02056	0.01268	0.01763	0.01015	0.00615	0.00667	0.00204	0.00852	0.02173	0.00333	0.00881
20	0.01584	0.22668	0.30452	0.01496	0.02171	0.06303	0.04813	0.06271	0.05887	0.03308	0.01203	0.01346	0.00928	0.00603	0.00548	0.00172	0.00794	0.00459	0.00340	0.08654
21	0.01529	0.01445	0.02397	0.03540	0.64750	0.01455	0.01805	0.01989	0.05880	0.02138	0.05769	0.01817	0.01372	0.00629	0.00637	0.00191	0.00710	0.00611	0.00358	0.00980
22	0.01294	0.01142	0.01483	0.06656	0.06230	0.00936	0.03450	0.01594	0.01335	0.02012	0.01466	0.01670	0.05438	0.00561	0.00519	0.00120	0.00527	0.00475	0.00376	0.62716
23	0.01580	0.01355	0.01556	0.01592	0.12392	0.08473	0.03286	0.05707	0.21729	0.07812	0.13959	0.02793	0.09918	0.00910	0.00659	0.00196	0.00580	0.00774	0.00555	0.04174
24	0.01484	0.01102	0.01311	0.00968	0.01481	0.00877	0.00775	0.04594	0.01485	0.09952	0.08342	0.01749	0.01505	0.00596	0.00522	0.00119	0.00470	0.00487	0.00462	0.61719
25	0.02819	0.01123	0.01499	0.01149	0.01641	0.00997	0.00949	0.07343	0.01888	0.69834	0.02442	0.02120	0.01540	0.00784	0.00638	0.00196	0.00550	0.00634	0.00776	0.01080
26	0.01315	0.01128	0.01315	0.00940	0.01503	0.00846	0.00752	0.01597	0.01315	0.02067	0.01128	0.01315	0.00940	0.00470	0.00470	0.00094	0.00470	0.00376	0.00376	0.81583
27	0.01539	0.01493	0.04874	0.13227	0.42168	0.01477	0.08806	0.05221	0.06079	0.03755	0.01414	0.04562	0.01170	0.00661	0.00649	0.00199	0.00766	0.00640	0.00366	0.00932
28	0.01100	0.00932	0.01271	0.01147	0.01246	0.01121	0.00892	0.01259	0.01014	0.01499	0.01433	0.02368	0.01433	0.17962	0.30491	0.00615	0.24733	0.00660	0.00333	0.08490
29	0.01492	0.04172	0.12219	0.01839	0.19215	0.01151	0.03025	0.01852	0.01418	0.09286	0.04394	0.06329	0.01405	0.00676	0.00581	0.00161	0.00622	0.00590	0.00408	0.29164
30	0.05925	0.01551	0.01762	0.01490	0.06449	0.01658	0.01145	0.48439	0.02523	0.15238	0.04019	0.01844	0.03437	0.00787	0.00631	0.00192	0.00643	0.00612	0.00628	0.01025
31	0.01820	0.13096	0.01797	0.01313	0.01686	0.20209	0.01052	0.10853	0.28150	0.02353	0.09547	0.02018	0.01829	0.00797	0.00602	0.00186	0.00691	0.00613	0.00514	0.00873
32	0.01323	0.01333	0.08672	0.01522	0.01907	0.01157	0.19506	0.04159	0.09755	0.06667	0.04243	0.19324	0.10416	0.02900	0.00838	0.00232	0.03770	0.01016	0.00494	0.00766
33	0.01376	0.01531	0.12007	0.17703	0.32557	0.01322	0.05714	0.01778	0.01385	0.04456	0.01677	0.10055	0.04094	0.00786	0.00658	0.00205	0.00749	0.00730	0.00359	0.00857
34	0.01477	0.27672	0.17476	0.01722	0.02324	0.01793	0.23172	0.04072	0.01410	0.01875	0.03433	0.01560	0.01096	0.00950	0.07082	0.00254	0.00930	0.00555	0.00317	0.00832
35	0.00874	0.00692	0.00916	0.03629	0.05801	0.00659	0.00737	0.01057	0.01330	0.01724	0.06673	0.32667	0.24320	0.03813	0.04717	0.00289	0.00491	0.08494	0.00546	0.00569
36	0.01421	0.14361	0.45137	0.04224	0.05762	0.04327	0.12217	0.02000	0.01374	0.01907	0.01117	0.01359	0.00839	0.00585	0.00595	0.00191	0.00914	0.00495	0.00281	0.00895
37	0.01192	0.01202	0.03155	0.33687	0.04938	0.07546	0.03469	0.01573	0.05000	0.01720	0.02536	0.14880	0.14482	0.01038	0.00682	0.00215	0.00688	0.00905	0.00412	0.00681
38	0.01130	0.00744	0.00921	0.00902	0.01081	0.00712	0.00673	0.01493	0.08675	0.09668	0.24366	0.23017	0.13240	0.05068	0.00868	0.00243	0.00398	0.05513	0.00638	0.00650
39	0.01351	0.12440	0.03903	0.01445	0.05753	0.08794	0.07378	0.03176	0.01446	0.03611	0.02348	0.23363	0.02502	0.01267	0.00713	0.00226	0.00663	0.18452	0.00471	0.00698
40	0.01630	0.03904	0.23146	0.06421	0.29299	0.01539	0.08423	0.09406	0.01592	0.06700	0.01291	0.01541	0.00973	0.00611	0.00628	0.00195	0.00820	0.00554	0.00362	0.00964
41	0.01344	0.18492	0.24510	0.01255	0.01743	0.03646	0.01303	0.01698	0.01369	0.07056	0.04341	0.20965	0.05345	0.01060	0.00634	0.00203	0.00655	0.03186	0.00428	0.00767

[dist]
# distance from previous block
# <min> <max>
0	1

[block]
# block no. 1 follows, 35 sequences, length 31
# corresponding to MSA columns:
# 62-92
name=unknown_B
#
# <colnr> <probs for GDERKNQSTAVLIFYWHMCP>
#	G	D	E	R	K	N	Q	S	T	A	V	L	I	F	Y	W	H	M	C	P
0	0.04702	0.01180	0.01514	0.01091	0.01652	0.00938	0.06827	0.01701	0.01340	0.04746	0.01181	0.01369	0.00954	0.00492	0.00497	0.00112	0.00525	0.00416	0.00387	0.68376
1	0.01508	0.19230	0.32338	0.01912	0.09337	0.06691	0.09269	0.02011	0.02946	0.01852	0.01102	0.01344	0.00871	0.00625	0.00685	0.00190	0.06431	0.00488	0.00292	0.00878
2	0.00993	0.00831	0.05787	0.00827	0.01006	0.00662	0.00640	0.01147	0.01254	0.06264	0.06261	0.15104	0.24998	0.26326	0.04791	0.00383	0.00539	0.01131	0.00507	0.00550
3	0.01050	0.04453	0.01274	0.04055	0.12970	0.00886	0.00941	0.01282	0.01368	0.01835	0.13196	0.15513	0.09327	0.09902	0.05569	0.00319	0.00598	0.14334	0.00496	0.00632
4	0.01622	0.17976	0.31028	0.04396	0.10520	0.08959	0.07088	0.04953	0.01482	0.04652	0.01155	0.01359	0.00884	0.00601	0.00578	0.00183	0.00866	0.00483	0.00319	0.00897
5	0.03605	0.04316	0.32819	0.05690	0.26440	0.06105	0.04120	0.02063	0.03320	0.03906	0.01212	0.01464	0.00926	0.00602	0.00607	0.00194	0.00848	0.00515	0.00316	0.00931
6	0.06316	0.01208	0.01663	0.01416	0.01648	0.03421	0.10333	0.08974	0.03411	0.07692	0.02034	0.26625	0.02068	0.01210	0.01033	0.00237	0.18503	0.00990	0.00482	0.00736
7	0.01581	0.05151	0.01553	0.01396	0.04506	0.20509	0.03353	0.12659	0.01645	0.01989	0.01934	0.21391	0.01973	0.01717	0.12932	0.00339	0.00904	0.03298	0.00451	0.00718
8	0.01458	0.01445	0.04809	0.10468	0.41728	0.01415	0.08299	0.04365	0.05755	0.02084	0.01672	0.05156	0.03949	0.00745	0.00664	0.00204	0.00743	0.03764	0.00375	0.00904
9	0.01555	0.01504	0.02596	0.03695	0.66346	0.01486	0.06240	0.01938	0.01442	0.02070	0.01196	0.01568	0.01000	0.00559	0.00629	0.00186	0.00762	0.00569	0.00317	0.04343
10	0.01841	0.46390	0.02784	0.01364	0.01797	0.22336	0.04223	0.02041	0.01405	0.01536	0.00922	0.01120	0.00823	0.00630	0.00637	0.00161	0.08519	0.00398	0.00289	0.00782
11	0.01540	0.04302	0.16161	0.01647	0.10830	0.01285	0.03675	0.06696	0.04423	0.09187	0.05196	0.06794	0.01500	0.00764	0.00695	0.00182	0.05364	0.00629	0.00435	0.18693
12	0.07804	0.05018	0.15796	0.01857	0.08430	0.01350	0.20734	0.04374	0.01521	0.07824	0.10513	0.04522	0.01773	0.00758	0.00653	0.00201	0.00751	0.02673	0.00426	0.03021
13	0.00782	0.00556	0.00733	0.00871	0.00906	0.00522	0.00576	0.00886	0.01196	0.01595	0.03403	0.72721	0.04078	0.06719	0.00961	0.00280	0.00383	0.01748	0.00576	0.00507
14	0.01654	0.59615	0.02976	0.01199	0.01689	0.08146	0.05441	0.01869	0.01332	0.01533	0.01200	0.01409	0.03905	0.02717	0.02859	0.00186	0.00756	0.00438	0.00297	0.00780
15	0.04979	0.22636	0.21138	0.01826	0.11058	0.10030	0.06248	0.02102	0.06702	0.01887	0.01150	0.01352	0.00925	0.00629	0.00633	0.00184	0.04860	0.00476	0.00319	0.00866
16	0.01439	0.01518	0.01802	0.50082	0.03442	0.17747	0.01542	0.01776	0.01352	0.01589	0.01135	0.01630	0.00905	0.01027	0.07367	0.00276	0.03835	0.00539	0.00297	0.00699
17	0.00773	0.00552	0.00736	0.00883	0.00920	0.00515	0.00589	0.00883	0.01215	0.01619	0.03497	0.77291	0.04196	0.01987	0.00810	0.00258	0.00368	0.01803	0.00589	0.00515
18	0.01542	0.01479	0.02524	0.09326	0.68534	0.01500	0.01933	0.01922	0.01431	0.02039	0.01188	0.01579	0.00993	0.00570	0.00629	0.00190	0.00761	0.00565	0.00312	0.00982
19	0.01765	0.27940	0.05097	0.03953	0.11468	0.12380	0.15709	0.08493	0.01572	0.01940	0.01091	0.01336	0.00895	0.00603	0.00616	0.00176	0.03278	0.00501	0.00329	0.00858
20	0.00875	0.00648	0.00816	0.00774	0.00934	0.00589	0.00581	0.01153	0.01742	0.02416	0.63068	0.04950	0.16411	0.01345	0.00748	0.00202	0.00303	0.01177	0.00681	0.00589
21	0.00922	0.00672	0.00934	0.03456	0.01087	0.00751	0.00681	0.01075	0.00994	0.01392	0.01786	0.03052	0.01816	0.30428	0.47197	0.00849	0.01287	0.00762	0.00354	0.00507
22	0.00873	0.00636	0.00820	0.00798	0.00938	0.00584	0.00589	0.01140	0.01702	0.02376	0.60390	0.13567	0.10412	0.01401	0.00756	0.00208	0.00309	0.01239	0.00678	0.00584
23	0.01505	0.03513	0.01610	0.04082	0.07344	0.01489	0.02958	0.05625	0.46638	0.02537	0.11659	0.02482	0.02244	0.00871	0.00686	0.00209	0.02300	0.00737	0.00585	0.00926
24	0.02412	0.01777	0.01904	0.01460	0.01967	0.01967	0.01206	0.71633	0.02983	0.03998	0.01523	0.01523	0.01079	0.00762	0.00635	0.00190	0.00698	0.00571	0.00635	0.01079
25	0.01472	0.01497	0.04662	0.01781	0.08563	0.06141	0.08938	0.05287	0.14524	0.01980	0.01619	0.02063	0.03157	0.03281	0.08378	0.00316	0.22715	0.02427	0.00398	0.00801
26	0.10755	0.49554	0.05728	0.03499	0.01654	0.02056	0.01080	0.01856	0.03825	0.01821	0.08156	0.01489	0.01354	0.00667	0.00543	0.00164	0.04221	0.00456	0.00341	0.00781
27	0.04868	0.01281	0.05003	0.08854	0.03309	0.01135	0.06602	0.05596	0.09502	0.02214	0.05455	0.03988	0.05518	0.00713	0.00583	0.00162	0.00580	0.00614	0.00436	0.33584
28	0.03494	0.04526	0.08504	0.01358	0.07485	0.09501	0.02843	0.03092	0.01476	0.06567	0.14340	0.06167	0.05985	0.12792	0.02711	0.00280	0.00666	0.04911	0.00469	0.02833
29	0.04050	0.11188	0.06755	0.01152	0.05387	0.01136	0.00937	0.01763	0.09332	0.06580	0.13100	0.04964	0.15939	0.00993	0.00624	0.00187	0.00498	0.03320	0.03097	0.08997
30	0.03073	0.08804	0.15434	0.01686	0.08105	0.10891	0.11308	0.04428	0.01531	0.06350	0.06218	0.07488	0.08733	0.02342	0.00692	0.00203	0.00756	0.00739	0.00417	0.00802

[dist]
# distance from previous block
# <min> <max>
2	27

[block]
# block no. 2 follows, 35 sequences, length 12
# corresponding to MSA columns:
# 120-131
name=unknown_C
#
# <colnr> <probs for GDERKNQSTAVLIFYWHMCP>
#	G	D	E	R	K	N	Q	S	T	A	V	L	I	F	Y	W	H	M	C	P
0	0.05098	0.10210	0.16247	0.01861	0.12141	0.17596	0.05749	0.09435	0.04667	0.03790	0.02951	0.04908	0.01206	0.00708	0.00598	0.00187	0.00826	0.00569	0.00387	0.00869
1	0.03616	0.04972	0.16243	0.01412	0.04799	0.01312	0.04609	0.14528	0.01628	0.02385	0.01291	0.04421	0.01061	0.00624	0.00555	0.00154	0.00651	0.00511	0.00401	0.34829
2	0.03550	0.13544	0.18076	0.01532	0.04216	0.08104	0.06311	0.11570	0.10974	0.02288	0.06309	0.02107	0.04434	0.00779	0.00613	0.00193	0.00739	0.03360	0.00435	0.00867
3	0.04773	0.04967	0.02165	0.34999	0.25706	0.01471	0.04511	0.01809	0.01333	0.05107	0.01210	0.01639	0.00955	0.00788	0.03654	0.00234	0.02977	0.00560	0.00323	0.00822
4	0.01534	0.01180	0.01511	0.04987	0.10789	0.01061	0.00995	0.10166	0.01628	0.08281	0.09108	0.02017	0.04515	0.00685	0.00572	0.00148	0.00533	0.00575	0.00471	0.39244
5	0.00799	0.00571	0.00766	0.00913	0.00962	0.00538	0.00634	0.00929	0.01240	0.01649	0.03482	0.69924	0.04139	0.01963	0.00817	0.00261	0.00391	0.08912	0.00588	0.00523
6	0.01315	0.01128	0.01315	0.00940	0.01503	0.00846	0.00752	0.01597	0.01315	0.02067	0.01128	0.01315	0.00940	0.00470	0.00470	0.00094	0.00470	0.00376	0.00376	0.81583
7	0.01297	0.01154	0.01887	0.01690	0.07495	0.01159	0.19296	0.04428	0.11693	0.03898	0.11307	0.18852	0.05519	0.01120	0.00777	0.00224	0.02983	0.03938	0.00516	0.00767
8	0.01897	0.22818	0.08995	0.04740	0.09522	0.19418	0.01342	0.13632	0.03384	0.03732	0.01198	0.01424	0.00979	0.03545	0.00653	0.00187	0.00822	0.00477	0.00374	0.00860
9	0.09777	0.01229	0.01813	0.59310	0.07282	0.03899	0.01611	0.01761	0.04018	0.01809	0.01156	0.01624	0.00878	0.00635	0.00607	0.00207	0.00801	0.00541	0.00311	0.00730
10	0.04652	0.01492	0.05472	0.09031	0.20777	0.02962	0.04207	0.18633	0.06205	0.02557	0.09274	0.02225	0.06529	0.00800	0.00676	0.00199	0.02273	0.00681	0.00468	0.00886
11	0.04803	0.01263	0.01545	0.04665	0.01769	0.02984	0.06355	0.09709	0.24603	0.12441	0.02059	0.06072	0.01642	0.04765	0.03630	0.00250	0.00636	0.00703	0.03795	0.06313

[dist]
# distance from previous block
# <min> <max>
1	4

[block]
# block no. 3 follows, 35 sequences, length 8
# corresponding to MSA columns:
# 136-143
name=unknown_D
#
# <colnr> <probs for GDERKNQSTAVLIFYWHMCP>
#	G	D	E	R	K	N	Q	S	T	A	V	L	I	F	Y	W	H	M	C	P
0	0.03280	0.01021	0.03477	0.01001	0.01164	0.01056	0.00744	0.09723	0.09357	0.01850	0.01826	0.04888	0.01849	0.39985	0.04209	0.03117	0.07221	0.00783	0.00431	0.03018
1	0.01178	0.14748	0.34575	0.01318	0.01889	0.01300	0.01466	0.01601	0.01309	0.01805	0.02128	0.20193	0.07941	0.01010	0.00627	0.00200	0.00679	0.00843	0.00380	0.04811
2	0.01005	0.00814	0.00918	0.00924	0.01001	0.06226	0.00645	0.01126	0.01064	0.01404	0.01980	0.12178	0.02122	0.31872	0.33149	0.00709	0.01082	0.00889	0.00386	0.00503
3	0.62442	0.01600	0.12666	0.01043	0.01532	0.01478	0.00995	0.07938	0.01286	0.02813	0.00979	0.01122	0.00739	0.00606	0.00447	0.00197	0.00580	0.00383	0.00394	0.00761
4	0.00970	0.00729	0.00954	0.00905	0.01012	0.00771	0.00651	0.01122	0.01111	0.01579	0.10674	0.05635	0.02370	0.29128	0.27740	0.00629	0.05460	0.00826	0.00407	0.07326
5	0.01082	0.00957	0.03353	0.03613	0.14868	0.00945	0.03162	0.01352	0.02677	0.01716	0.04385	0.15089	0.04209	0.06169	0.24831	0.03173	0.02311	0.03116	0.00406	0.02586
6	0.01261	0.03044	0.66000	0.01806	0.02687	0.01434	0.06814	0.01955	0.01355	0.01996	0.01417	0.01606	0.04508	0.00649	0.00620	0.00202	0.00915	0.00531	0.00288	0.00912
7	0.01603	0.01266	0.01441	0.01073	0.01607	0.01119	0.00865	0.14817	0.07640	0.05402	0.01379	0.01477	0.01075	0.00570	0.00522	0.00126	0.00518	0.00451	0.00463	0.56585

[dist]
# distance from previous block
# <min> <max>
0	2

[block]
# block no. 4 follows, 35 sequences, length 60
# corresponding to MSA columns:
# 146-205
name=unknown_E
#
# <colnr> <probs for GDERKNQSTAVLIFYWHMCP>
#	G	D	E	R	K	N	Q	S	T	A	V	L	I	F	Y	W	H	M	C	P
0	0.01532	0.17956	0.22383	0.05185	0.06485	0.04950	0.04950	0.09226	0.06626	0.02101	0.03460	0.05861	0.01364	0.00766	0.00630	0.00193	0.02243	0.02844	0.00383	0.00862
1	0.01441	0.05536	0.05796	0.11527	0.16520	0.01368	0.01304	0.13411	0.05889	0.02321	0.11475	0.02783	0.07878	0.02971	0.00766	0.00215	0.02603	0.04904	0.00469	0.00821
2	0.00935	0.00701	0.00805	0.00754	0.00973	0.00611	0.00570	0.01187	0.02987	0.04965	0.29782	0.07126	0.39088	0.01396	0.00729	0.00203	0.00335	0.01190	0.00625	0.05038
3	0.03167	0.01273	0.01635	0.01262	0.03524	0.01122	0.07576	0.07611	0.09519	0.03712	0.01362	0.01506	0.01074	0.00555	0.00535	0.00133	0.00558	0.00475	0.00429	0.52971
4	0.01301	0.01566	0.16475	0.07530	0.15087	0.01182	0.05086	0.01821	0.06972	0.03553	0.09355	0.07481	0.01827	0.00979	0.04310	0.00229	0.00715	0.00698	0.00411	0.13421
5	0.77725	0.01197	0.00937	0.00844	0.01222	0.01389	0.00693	0.01825	0.01076	0.02771	0.00928	0.01111	0.00736	0.00818	0.04498	0.00241	0.00557	0.00362	0.00390	0.00680
6	0.01410	0.01357	0.02321	0.32733	0.40049	0.01491	0.04467	0.01801	0.01355	0.01865	0.01154	0.01616	0.00932	0.00616	0.00700	0.00203	0.04193	0.00571	0.00300	0.00865
7	0.01229	0.00694	0.00803	0.00755	0.00955	0.00645	0.00569	0.01503	0.03226	0.11697	0.16723	0.09374	0.17621	0.03649	0.00715	0.00203	0.00355	0.00966	0.27676	0.00643
8	0.01699	0.01406	0.01493	0.01306	0.01679	0.01607	0.01025	0.15860	0.56887	0.02860	0.02424	0.05228	0.01869	0.00888	0.00650	0.00212	0.00533	0.00734	0.00641	0.00998
9	0.00772	0.00557	0.00731	0.00870	0.00917	0.00516	0.00583	0.00885	0.01227	0.01625	0.03657	0.73384	0.07999	0.01967	0.00806	0.00255	0.00365	0.01778	0.00589	0.00516
10	0.01477	0.01291	0.02125	0.38009	0.31956	0.01425	0.01749	0.04553	0.01441	0.05737	0.01308	0.01821	0.01040	0.00652	0.00639	0.00203	0.00779	0.02594	0.00344	0.00856
11	0.01554	0.04990	0.10047	0.02330	0.02943	0.07011	0.51083	0.03923	0.03440	0.02030	0.01338	0.03840	0.01055	0.00608	0.00704	0.00207	0.01001	0.00706	0.00339	0.00853
12	0.02181	0.00937	0.01244	0.01010	0.01394	0.00817	0.00819	0.02427	0.01757	0.50135	0.16101	0.03255	0.11163	0.01006	0.00679	0.00202	0.00470	0.02753	0.00740	0.00911
13	0.00839	0.00619	0.00786	0.00868	0.00975	0.00575	0.00641	0.01018	0.01383	0.01818	0.14987	0.36780	0.17439	0.04746	0.00896	0.00261	0.00397	0.13835	0.00597	0.00540
14	0.01492	0.03620	0.11637	0.08891	0.28297	0.04178	0.17053	0.02094	0.09319	0.02067	0.04152	0.01765	0.01242	0.00633	0.00651	0.00199	0.00821	0.00622	0.00358	0.00908
15	0.00899	0.00616	0.00724	0.00746	0.00774	0.00607	0.00459	0.00950	0.01043	0.01391	0.05720	0.13787	0.05333	0.56856	0.04377	0.00532	0.00583	0.03731	0.00440	0.00429
16	0.00788	0.00623	0.00707	0.00759	0.00907	0.00550	0.00555	0.00942	0.01368	0.01703	0.06815	0.26574	0.43539	0.04718	0.00875	0.00248	0.00367	0.06850	0.00583	0.00529
17	0.10311	0.01531	0.03325	0.01398	0.04512	0.07807	0.02944	0.17105	0.21668	0.11662	0.07288	0.02172	0.01753	0.00818	0.00625	0.00201	0.00625	0.02751	0.00578	0.00924
18	0.01811	0.32973	0.04150	0.01696	0.11785	0.13621	0.05928	0.06442	0.01542	0.06440	0.01319	0.07152	0.01177	0.00705	0.00551	0.00171	0.00764	0.00559	0.00370	0.00844
19	0.01351	0.01342	0.01806	0.05040	0.01729	0.04705	0.01315	0.01516	0.01025	0.01525	0.00974	0.01547	0.00938	0.01581	0.12201	0.00374	0.59497	0.00567	0.00288	0.00678
20	0.01594	0.01707	0.06462	0.02413	0.07849	0.03606	0.47722	0.04244	0.01529	0.06591	0.01527	0.01848	0.03909	0.00643	0.00796	0.00212	0.05404	0.00713	0.00366	0.00865
21	0.06133	0.04588	0.13879	0.01379	0.04026	0.03269	0.02883	0.12908	0.12845	0.08268	0.06865	0.11045	0.05424	0.00951	0.00679	0.00206	0.02489	0.00782	0.00521	0.00859
22	0.01793	0.52637	0.09458	0.01264	0.01781	0.12948	0.01230	0.02038	0.01376	0.04932	0.00993	0.01138	0.00850	0.00606	0.00548	0.00156	0.04742	0.00386	0.00303	0.00820
23	0.04477	0.01173	0.01427	0.03009	0.05765	0.00986	0.00886	0.03622	0.04223	0.10923	0.01357	0.01478	0.01051	0.00545	0.00512	0.00126	0.00512	0.00440	0.00437	0.57050
24	0.01448	0.03862	0.18043	0.09375	0.17948	0.03853	0.06508	0.07434	0.06067	0.02194	0.10360	0.03912	0.01695	0.00764	0.00702	0.00201	0.03707	0.00660	0.00401	0.00866
25	0.01495	0.07387	0.17592	0.04041	0.16358	0.05847	0.04514	0.06871	0.13752	0.02142	0.01811	0.10428	0.03351	0.00833	0.00636	0.00201	0.00724	0.00716	0.00419	0.00882
26	0.01287	0.01043	0.01188	0.01161	0.03223	0.09597	0.00835	0.02835	0.01142	0.03271	0.03200	0.05663	0.01529	0.09025	0.19035	0.24716	0.09691	0.00674	0.00353	0.00533
27	0.01941	0.01779	0.01626	0.01372	0.01786	0.15883	0.01080	0.22231	0.32711	0.02764	0.01839	0.01795	0.01386	0.00757	0.00612	0.00187	0.00679	0.00585	0.00556	0.08431
28	0.02005	0.01095	0.01346	0.01118	0.02960	0.01035	0.00877	0.14177	0.04679	0.32069	0.13602	0.02942	0.12257	0.00953	0.00659	0.00192	0.00498	0.00788	0.00677	0.06070
29	0.01848	0.09005	0.25141	0.01884	0.13055	0.01568	0.04358	0.13522	0.06002	0.15207	0.01522	0.01598	0.01091	0.00663	0.00608	0.00192	0.00755	0.00544	0.00452	0.00986
30	0.01648	0.03451	0.02030	0.13506	0.34959	0.01371	0.01497	0.05245	0.06557	0.11750	0.01721	0.02019	0.04049	0.03838	0.03430	0.00241	0.00728	0.00628	0.00424	0.00910
31	0.00759	0.00631	0.00655	0.00672	0.00858	0.00536	0.00491	0.00908	0.01400	0.01685	0.05926	0.14300	0.62869	0.04404	0.00846	0.00234	0.00337	0.01378	0.00582	0.00528
32	0.02725	0.01275	0.01593	0.01221	0.01717	0.01222	0.01009	0.22250	0.02142	0.54568	0.02229	0.01981	0.01433	0.00779	0.00637	0.00195	0.00584	0.00619	0.00743	0.01079
33	0.01688	0.06561	0.10663	0.03853	0.15617	0.02777	0.09639	0.06716	0.04801	0.13870	0.01744	0.10531	0.01493	0.02741	0.00780	0.00215	0.04244	0.00730	0.00452	0.00884
34	0.01444	0.09604	0.34108	0.03778	0.07236	0.01588	0.22070	0.02067	0.04706	0.03909	0.01274	0.01532	0.00953	0.00676	0.02132	0.00215	0.00922	0.00566	0.00320	0.00900
35	0.00945	0.00722	0.01047	0.01032	0.01128	0.00853	0.00796	0.01149	0.01028	0.01494	0.01744	0.05979	0.01692	0.08461	0.59947	0.00880	0.07280	0.00734	0.02525	0.00564
36	0.01816	0.03627	0.02175	0.02773	0.40913	0.21947	0.01559	0.05915	0.01617	0.03866	0.01349	0.07027	0.01202	0.00711	0.00621	0.00186	0.00823	0.00610	0.00367	0.00896
37	0.00803	0.00593	0.00757	0.00870	0.00956	0.00547	0.00621	0.00951	0.01308	0.01705	0.06736	0.53429	0.16671	0.01864	0.00804	0.00252	0.00382	0.09627	0.00593	0.00530
38	0.04017	0.18487	0.02277	0.02069	0.24764	0.10536	0.01323	0.09744	0.04167	0.02138	0.01167	0.01364	0.00963	0.00588	0.00541	0.00160	0.00715	0.00466	0.00366	0.14148
39	0.01397	0.01914	0.26487	0.02072	0.17703	0.01246	0.09978	0.01859	0.01417	0.07011	0.03738	0.09303	0.04251	0.00783	0.00646	0.00196	0.00745	0.00712	0.00386	0.08155
40	0.01535	0.06451	0.34369	0.01941	0.08373	0.07992	0.12774	0.04867	0.04267	0.03928	0.01413	0.01602	0.03238	0.00638	0.00618	0.00191	0.00873	0.00551	0.00343	0.04035
41	0.01313	0.23566	0.01830	0.01220	0.05659	0.01460	0.00947	0.03591	0.11466	0.01976	0.13656	0.13714	0.08178	0.01084	0.00722	0.00199	0.05389	0.02799	0.00486	0.00744
42	0.01267	0.00828	0.01019	0.00922	0.01155	0.00808	0.00707	0.01805	0.14088	0.12167	0.45363	0.06430	0.08502	0.01192	0.00718	0.00205	0.00371	0.01036	0.00691	0.00728
43	0.07918	0.09011	0.29303	0.01700	0.10882	0.06564	0.01569	0.03826	0.01511	0.09177	0.11010	0.01846	0.01604	0.00711	0.00594	0.00190	0.00739	0.00566	0.00406	0.00873
44	0.02106	0.14584	0.02079	0.01619	0.04695	0.46945	0.01240	0.05911	0.03996	0.01724	0.01038	0.01226	0.00876	0.00692	0.00710	0.00175	0.08826	0.00437	0.00339	0.00781
45	0.00775	0.00637	0.00685	0.00708	0.00893	0.00547	0.00530	0.00944	0.01437	0.01757	0.09527	0.14777	0.57721	0.01644	0.00764	0.00223	0.00340	0.04958	0.00595	0.00539
46	0.00794	0.00568	0.00755	0.00869	0.00925	0.00529	0.00590	0.00935	0.01310	0.01772	0.15020	0.65333	0.04491	0.01874	0.00800	0.00248	0.00357	0.01695	0.00607	0.00529
47	0.01429	0.03328	0.16752	0.11272	0.27139	0.03646	0.05412	0.01984	0.08043	0.01956	0.01372	0.01843	0.01138	0.03281	0.02285	0.00234	0.05199	0.02471	0.00340	0.00877
48	0.01117	0.00997	0.01301	0.01217	0.01308	0.05179	0.00964	0.01309	0.01046	0.01484	0.01436	0.02173	0.01364	0.05868	0.49101	0.00760	0.21809	0.00639	0.00324	0.00604
49	0.00924	0.00637	0.00803	0.00803	0.00846	0.00676	0.00527	0.01011	0.00967	0.01345	0.01897	0.03528	0.02038	0.50332	0.28065	0.00742	0.00982	0.00829	0.02595	0.00453
50	0.04667	0.01463	0.02235	0.15689	0.43494	0.01571	0.01704	0.12462	0.04392	0.02323	0.01265	0.01590	0.01008	0.00634	0.00661	0.00196	0.02766	0.00563	0.00372	0.00944
51	0.01291	0.01070	0.01158	0.01087	0.01340	0.03929	0.00832	0.08169	0.23198	0.02308	0.11218	0.21584	0.07681	0.01268	0.00709	0.00218	0.00480	0.06317	0.00600	0.05541
52	0.00924	0.00643	0.00782	0.00778	0.00824	0.00650	0.00492	0.00986	0.00978	0.01338	0.02020	0.09185	0.02257	0.55189	0.16609	0.00645	0.00797	0.00921	0.00391	0.03592
53	0.01622	0.02358	0.29841	0.06114	0.12485	0.12438	0.06811	0.04866	0.04205	0.05815	0.03488	0.01584	0.01102	0.00669	0.00683	0.00198	0.03925	0.00545	0.00357	0.00893
54	0.00886	0.00675	0.00822	0.00828	0.00982	0.00634	0.00615	0.01206	0.06009	0.02134	0.35466	0.20351	0.20866	0.01508	0.00761	0.00220	0.00345	0.04462	0.00641	0.00591
55	0.01047	0.00897	0.01323	0.04110	0.01420	0.01058	0.04599	0.01249	0.01116	0.01566	0.03748	0.05261	0.07465	0.11082	0.30041	0.00589	0.17906	0.04553	0.00377	0.00593
56	0.01005	0.00809	0.00964	0.00913	0.01125	0.00781	0.02893	0.06071	0.08218	0.02050	0.13119	0.18190	0.33164	0.03578	0.00817	0.00233	0.00414	0.04428	0.00597	0.00629
57	0.01426	0.05472	0.03921	0.01252	0.06553	0.01058	0.03097	0.01792	0.04219	0.04775	0.01234	0.01404	0.00997	0.00514	0.00503	0.00119	0.00538	0.00425	0.00387	0.60313
58	0.03994	0.16701	0.26713	0.01797	0.12379	0.01590	0.04799	0.07236	0.01502	0.03885	0.05189	0.03580	0.01263	0.00665	0.00577	0.00180	0.00744	0.00546	0.00362	0.06298
59	0.04237	0.06951	0.12376	0.06519	0.16793	0.03234	0.09919	0.06195	0.12185	0.05540	0.01536	0.01711	0.02512	0.00664	0.00641	0.00192	0.02271	0.00578	0.00405	0.05540

[dist]
# distance from previous block
# <min> <max>
0	80

# created by:
# /home/cegg/simao/soft/augustus-3.2.1/scripts/msa2prfl.pl ./align_prep/EOG090W0LEN.fa
