[name]
unknown

[dist]
# distance from previous block
# <min> <max>
10	93

[block]
# block no. 0 follows, 37 sequences, length 40
# corresponding to MSA columns:
# 130-169
name=unknown_A
#
# <colnr> <probs for GDERKNQSTAVLIFYWHMCP>
#	G	D	E	R	K	N	Q	S	T	A	V	L	I	F	Y	W	H	M	C	P
0	0.00896	0.00710	0.00967	0.04122	0.01204	0.00678	0.04285	0.04209	0.01411	0.01851	0.13838	0.35633	0.20350	0.01544	0.00746	0.00226	0.00416	0.05790	0.00559	0.00566
1	0.02106	0.04836	0.01783	0.01331	0.01800	0.01748	0.01107	0.57486	0.04658	0.03443	0.01558	0.01807	0.01204	0.00768	0.00606	0.00181	0.00643	0.05031	0.00575	0.07330
2	0.00876	0.00648	0.00943	0.00943	0.01039	0.00743	0.00715	0.01067	0.00972	0.01391	0.01677	0.02610	0.01619	0.14065	0.66709	0.00934	0.01505	0.00686	0.00333	0.00524
3	0.01510	0.01467	0.02557	0.03682	0.70075	0.01460	0.06415	0.01884	0.01397	0.01997	0.01157	0.01524	0.00967	0.00544	0.00613	0.00183	0.00747	0.00557	0.00303	0.00960
4	0.01260	0.09070	0.69692	0.01690	0.02565	0.01500	0.02167	0.01930	0.01289	0.01900	0.01079	0.01268	0.00776	0.00577	0.00567	0.00189	0.00885	0.00443	0.00259	0.00895
5	0.01156	0.01088	0.01836	0.77016	0.04216	0.01360	0.01700	0.01564	0.01224	0.01564	0.01088	0.01632	0.00816	0.00612	0.00612	0.00204	0.00816	0.00544	0.00272	0.00680
6	0.01156	0.01088	0.01836	0.77016	0.04216	0.01360	0.01700	0.01564	0.01224	0.01564	0.01088	0.01632	0.00816	0.00612	0.00612	0.00204	0.00816	0.00544	0.00272	0.00680
7	0.01156	0.01088	0.01836	0.77016	0.04216	0.01360	0.01700	0.01564	0.01224	0.01564	0.01088	0.01632	0.00816	0.00612	0.00612	0.00204	0.00816	0.00544	0.00272	0.00680
8	0.01267	0.03115	0.72708	0.01733	0.02623	0.01439	0.02223	0.04447	0.01349	0.02007	0.01112	0.01299	0.00785	0.00587	0.00583	0.00193	0.00896	0.00456	0.00271	0.00909
9	0.02746	0.01042	0.01421	0.01089	0.01563	0.00900	0.00900	0.02983	0.01752	0.75093	0.02415	0.02083	0.01515	0.00758	0.00616	0.00189	0.00521	0.00616	0.00758	0.01042
10	0.01339	0.01339	0.01875	0.01607	0.01607	0.01875	0.01339	0.01473	0.00937	0.01473	0.00804	0.01339	0.00804	0.01071	0.02009	0.00268	0.77367	0.00536	0.00268	0.00670
11	0.01523	0.01315	0.01384	0.01246	0.01592	0.01523	0.00969	0.03253	0.73563	0.02561	0.02491	0.02284	0.01869	0.00830	0.00623	0.00208	0.00484	0.00692	0.00623	0.00969
12	0.01445	0.01651	0.03612	0.02580	0.03199	0.01548	0.72446	0.01961	0.01445	0.01961	0.01238	0.01651	0.00929	0.00516	0.00722	0.00206	0.01032	0.00722	0.00310	0.00826
13	0.02746	0.01042	0.01421	0.01089	0.01563	0.00900	0.00900	0.02983	0.01752	0.75093	0.02415	0.02083	0.01515	0.00758	0.00616	0.00189	0.00521	0.00616	0.00758	0.01042
14	0.01228	0.03166	0.75316	0.01745	0.02649	0.01422	0.02262	0.01939	0.01292	0.01939	0.01099	0.01292	0.00775	0.00582	0.00582	0.00194	0.00905	0.00452	0.00258	0.00905
15	0.01445	0.01651	0.03612	0.02580	0.03199	0.01548	0.72446	0.01961	0.01445	0.01961	0.01238	0.01651	0.00929	0.00516	0.00722	0.00206	0.01032	0.00722	0.00310	0.00826
16	0.01503	0.01442	0.02463	0.06158	0.72360	0.01451	0.01873	0.01868	0.01388	0.01986	0.01149	0.01519	0.00965	0.00548	0.00606	0.00183	0.00730	0.00545	0.00302	0.00960
17	0.01156	0.01088	0.01836	0.77016	0.04216	0.01360	0.01700	0.01564	0.01224	0.01564	0.01088	0.01632	0.00816	0.00612	0.00612	0.00204	0.00816	0.00544	0.00272	0.00680
18	0.01156	0.01088	0.01836	0.77016	0.04216	0.01360	0.01700	0.01564	0.01224	0.01564	0.01088	0.01632	0.00816	0.00612	0.00612	0.00204	0.00816	0.00544	0.00272	0.00680
19	0.01637	0.78856	0.03208	0.01047	0.01571	0.02422	0.01047	0.01833	0.01244	0.01440	0.00851	0.00982	0.00786	0.00524	0.00393	0.00131	0.00655	0.00327	0.00262	0.00786
20	0.02711	0.01184	0.01444	0.01126	0.01588	0.06609	0.00921	0.02942	0.01751	0.69500	0.02303	0.02009	0.01460	0.00748	0.00611	0.00187	0.00565	0.00599	0.00724	0.01017
21	0.00723	0.00620	0.00620	0.00620	0.00827	0.00517	0.00465	0.00878	0.01395	0.01654	0.06201	0.05891	0.74421	0.01550	0.00723	0.00207	0.00310	0.01292	0.00568	0.00517
22	0.01515	0.01454	0.02485	0.03757	0.74669	0.01454	0.01879	0.01879	0.01394	0.02000	0.01151	0.01515	0.00970	0.00545	0.00606	0.00182	0.00727	0.00545	0.00303	0.00970
23	0.01475	0.01413	0.02412	0.11988	0.66754	0.01444	0.01859	0.01843	0.01375	0.01951	0.01144	0.01528	0.00952	0.00553	0.00607	0.00184	0.00737	0.00545	0.00300	0.00937
24	0.82811	0.01184	0.00900	0.00805	0.01184	0.01373	0.00663	0.01799	0.01042	0.02746	0.00852	0.00994	0.00663	0.00568	0.00379	0.00189	0.00474	0.00331	0.00379	0.00663
25	0.00874	0.00656	0.00984	0.00984	0.01093	0.00765	0.00765	0.01093	0.00984	0.01421	0.01640	0.02405	0.01530	0.04591	0.76062	0.00984	0.01640	0.00656	0.00328	0.00547
26	0.01618	0.75486	0.06418	0.01078	0.01619	0.02378	0.01101	0.01838	0.01246	0.01462	0.00862	0.00996	0.00785	0.00526	0.00401	0.00134	0.00666	0.00333	0.00262	0.00791
27	0.02227	0.01664	0.01752	0.01377	0.01840	0.03938	0.01125	0.57754	0.12991	0.06517	0.01641	0.01602	0.01172	0.00747	0.00612	0.00187	0.00652	0.00570	0.00611	0.01021
28	0.00746	0.00533	0.00710	0.00852	0.00888	0.00497	0.00568	0.00852	0.01172	0.01563	0.03374	0.78088	0.04049	0.01918	0.00781	0.00249	0.00355	0.01740	0.00568	0.00497
29	0.01445	0.01651	0.03612	0.02580	0.03199	0.01548	0.72446	0.01961	0.01445	0.01961	0.01238	0.01651	0.00929	0.00516	0.00722	0.00206	0.01032	0.00722	0.00310	0.00826
30	0.01552	0.29281	0.36307	0.01453	0.02124	0.06056	0.01637	0.09575	0.01464	0.01937	0.01037	0.01194	0.00809	0.00593	0.00553	0.00171	0.02679	0.00418	0.00301	0.00861
31	0.00746	0.00533	0.00710	0.00852	0.00888	0.00497	0.00568	0.00852	0.01172	0.01563	0.03374	0.78088	0.04049	0.01918	0.00781	0.00249	0.00355	0.01740	0.00568	0.00497
32	0.00861	0.00622	0.00813	0.00774	0.00913	0.00574	0.00577	0.01142	0.01708	0.02415	0.71222	0.07809	0.05700	0.01281	0.00725	0.00195	0.00292	0.01135	0.00669	0.00574
33	0.01269	0.01088	0.01269	0.00907	0.01451	0.00816	0.00725	0.01541	0.01269	0.01995	0.01088	0.01269	0.00907	0.00453	0.00453	0.00091	0.00453	0.00363	0.00363	0.82229
34	0.01616	0.01401	0.01499	0.12366	0.02011	0.06683	0.01097	0.06346	0.51293	0.05633	0.02125	0.02057	0.01583	0.00777	0.00615	0.00202	0.00587	0.00639	0.00556	0.00915
35	0.01123	0.00574	0.00586	0.00583	0.00726	0.00571	0.00438	0.01409	0.01313	0.02293	0.06648	0.02429	0.01839	0.00748	0.00447	0.00146	0.00285	0.00605	0.76665	0.00571
36	0.01505	0.01636	0.03365	0.02428	0.02998	0.01596	0.62458	0.07300	0.01521	0.02074	0.01228	0.01617	0.00929	0.00568	0.00797	0.00209	0.05912	0.00697	0.00330	0.00832
37	0.01474	0.01642	0.02947	0.02181	0.02653	0.07210	0.47618	0.01870	0.01356	0.01836	0.01121	0.01519	0.00892	0.00625	0.00932	0.00205	0.15504	0.00632	0.00306	0.07475
38	0.06854	0.01471	0.01467	0.01277	0.01624	0.09513	0.03057	0.11341	0.40153	0.02477	0.02027	0.07652	0.01646	0.00844	0.00638	0.00198	0.02331	0.00683	0.00541	0.04208
39	0.01608	0.73655	0.08162	0.01095	0.01645	0.02353	0.01131	0.01840	0.01247	0.01474	0.00868	0.01003	0.00785	0.00528	0.00406	0.00135	0.00672	0.00336	0.00262	0.00794

[dist]
# distance from previous block
# <min> <max>
1	2

[block]
# block no. 1 follows, 37 sequences, length 19
# corresponding to MSA columns:
# 172-190
name=unknown_B
#
# <colnr> <probs for GDERKNQSTAVLIFYWHMCP>
#	G	D	E	R	K	N	Q	S	T	A	V	L	I	F	Y	W	H	M	C	P
0	0.02205	0.01636	0.01759	0.01367	0.01831	0.01810	0.01123	0.64812	0.07217	0.03708	0.05104	0.01672	0.01324	0.00766	0.00618	0.00186	0.00643	0.00587	0.00616	0.01014
1	0.77807	0.01217	0.00958	0.00843	0.01228	0.01406	0.00694	0.06203	0.01156	0.02816	0.00891	0.01024	0.00686	0.00579	0.00393	0.00189	0.00486	0.00345	0.00393	0.00686
2	0.00874	0.00656	0.00984	0.00984	0.01093	0.00765	0.00765	0.01093	0.00984	0.01421	0.01640	0.02405	0.01530	0.04591	0.76062	0.00984	0.01640	0.00656	0.00328	0.00547
3	0.01515	0.01454	0.02485	0.03757	0.74669	0.01454	0.01879	0.01879	0.01394	0.02000	0.01151	0.01515	0.00970	0.00545	0.00606	0.00182	0.00727	0.00545	0.00303	0.00970
4	0.00815	0.00610	0.00782	0.00855	0.00964	0.00543	0.00595	0.00950	0.01203	0.01628	0.03245	0.62747	0.07381	0.01715	0.00741	0.00228	0.00371	0.03770	0.00543	0.10312
5	0.02327	0.01715	0.01837	0.01408	0.01898	0.01898	0.01163	0.72628	0.02878	0.03858	0.01470	0.01470	0.01041	0.00735	0.00612	0.00184	0.00674	0.00551	0.00612	0.01041
6	0.01515	0.01454	0.02485	0.03757	0.74669	0.01454	0.01879	0.01879	0.01394	0.02000	0.01151	0.01515	0.00970	0.00545	0.00606	0.00182	0.00727	0.00545	0.00303	0.00970
7	0.02681	0.01073	0.01531	0.01164	0.01645	0.00932	0.04516	0.02931	0.01736	0.71396	0.02355	0.02062	0.01486	0.00745	0.00621	0.00190	0.00547	0.00621	0.00735	0.01031
8	0.01544	0.01150	0.01274	0.01145	0.01452	0.01260	0.00884	0.10677	0.41070	0.09396	0.02698	0.17433	0.05219	0.01059	0.00657	0.00211	0.00477	0.00903	0.00621	0.00871
9	0.00834	0.00624	0.00774	0.00737	0.00895	0.00564	0.00552	0.01093	0.01657	0.02275	0.59085	0.04868	0.21149	0.01318	0.00722	0.00196	0.00294	0.01148	0.00650	0.00564
10	0.00746	0.00533	0.00710	0.00852	0.00888	0.00497	0.00568	0.00852	0.01172	0.01563	0.03374	0.78088	0.04049	0.01918	0.00781	0.00249	0.00355	0.01740	0.00568	0.00497
11	0.01445	0.01651	0.03612	0.02580	0.03199	0.01548	0.72446	0.01961	0.01445	0.01961	0.01238	0.01651	0.00929	0.00516	0.00722	0.00206	0.01032	0.00722	0.00310	0.00826
12	0.01482	0.01421	0.02426	0.10422	0.68259	0.01446	0.01862	0.01850	0.01378	0.01960	0.01146	0.01526	0.00956	0.00551	0.00607	0.00184	0.00735	0.00545	0.00300	0.00943
13	0.02327	0.01715	0.01837	0.01408	0.01898	0.01898	0.01163	0.72628	0.02878	0.03858	0.01470	0.01470	0.01041	0.00735	0.00612	0.00184	0.00674	0.00551	0.00612	0.01041
14	0.00723	0.00620	0.00620	0.00620	0.00827	0.00517	0.00465	0.00878	0.01395	0.01654	0.06201	0.05891	0.74421	0.01550	0.00723	0.00207	0.00310	0.01292	0.00568	0.00517
15	0.01596	0.71372	0.10337	0.01116	0.01678	0.02323	0.01167	0.01843	0.01249	0.01489	0.00875	0.01013	0.00785	0.00529	0.00411	0.00137	0.00679	0.00340	0.00262	0.00797
16	0.00874	0.00656	0.00984	0.00984	0.01093	0.00765	0.00765	0.01093	0.00984	0.01421	0.01640	0.02405	0.01530	0.04591	0.76062	0.00984	0.01640	0.00656	0.00328	0.00547
17	0.00735	0.00621	0.00636	0.00632	0.00834	0.00522	0.00474	0.00901	0.01422	0.01718	0.11660	0.05785	0.68922	0.01526	0.00723	0.00206	0.00308	0.01277	0.00577	0.00522
18	0.23210	0.01532	0.02747	0.02013	0.02558	0.01529	0.47596	0.07579	0.01452	0.02322	0.01154	0.01462	0.00867	0.00547	0.00622	0.00200	0.00854	0.00604	0.00352	0.00799

[dist]
# distance from previous block
# <min> <max>
0	19

[block]
# block no. 2 follows, 37 sequences, length 45
# corresponding to MSA columns:
# 210-254
name=unknown_C
#
# <colnr> <probs for GDERKNQSTAVLIFYWHMCP>
#	G	D	E	R	K	N	Q	S	T	A	V	L	I	F	Y	W	H	M	C	P
0	0.00882	0.00625	0.00826	0.00826	0.00881	0.00680	0.00569	0.00992	0.00937	0.01304	0.01784	0.03203	0.01877	0.41416	0.39711	0.00789	0.01118	0.00773	0.00349	0.00459
1	0.00774	0.00578	0.00827	0.00922	0.00981	0.00540	0.03465	0.00897	0.01183	0.01579	0.03288	0.75008	0.03923	0.01861	0.00779	0.00247	0.00382	0.01699	0.00558	0.00510
2	0.01273	0.01379	0.04176	0.01530	0.07602	0.15166	0.07298	0.01476	0.01299	0.01639	0.03410	0.34475	0.02317	0.01246	0.00899	0.00222	0.12471	0.01053	0.00420	0.00648
3	0.01420	0.01611	0.03509	0.02518	0.03117	0.01511	0.69884	0.01921	0.01435	0.01947	0.01314	0.04375	0.01040	0.00566	0.00724	0.00208	0.01008	0.00759	0.00319	0.00814
4	0.01515	0.01642	0.03299	0.02470	0.05861	0.04067	0.59502	0.01976	0.01427	0.04546	0.01236	0.01620	0.00938	0.00570	0.00801	0.00208	0.06489	0.00687	0.00323	0.00824
5	0.01472	0.01410	0.02406	0.12599	0.66166	0.01443	0.01857	0.01841	0.01373	0.01947	0.01144	0.01529	0.00951	0.00553	0.00607	0.00184	0.00738	0.00545	0.00299	0.00935
6	0.01311	0.01217	0.02020	0.13927	0.48504	0.01246	0.01570	0.01650	0.01396	0.01952	0.10180	0.06751	0.04128	0.00757	0.00635	0.00191	0.00651	0.00710	0.00368	0.00836
7	0.01462	0.04514	0.02409	0.15522	0.60304	0.01478	0.01816	0.01826	0.01360	0.01907	0.01129	0.01512	0.00937	0.00555	0.00598	0.00183	0.00739	0.00536	0.00296	0.00915
8	0.01398	0.01772	0.11019	0.02434	0.03063	0.01499	0.62665	0.01921	0.01420	0.01945	0.01296	0.04202	0.01018	0.00570	0.00710	0.00207	0.00996	0.00729	0.00313	0.00823
9	0.01268	0.10681	0.68156	0.01675	0.02542	0.01521	0.02141	0.01928	0.01288	0.01889	0.01074	0.01262	0.00776	0.00576	0.00563	0.00188	0.00880	0.00440	0.00259	0.00893
10	0.01350	0.23400	0.52852	0.01644	0.05443	0.01691	0.01919	0.01908	0.01284	0.01807	0.01034	0.01219	0.00786	0.00564	0.00532	0.00176	0.00830	0.00423	0.00261	0.00875
11	0.01253	0.07934	0.70774	0.01701	0.02581	0.01485	0.02185	0.01932	0.01289	0.01907	0.01083	0.01273	0.00776	0.00578	0.00570	0.00190	0.00889	0.00444	0.00259	0.00897
12	0.03995	0.01167	0.01793	0.60032	0.06293	0.01407	0.01564	0.10434	0.01420	0.01894	0.01156	0.01660	0.00888	0.03030	0.00681	0.00212	0.00777	0.00549	0.00322	0.00726
13	0.02359	0.02098	0.01646	0.01470	0.04372	0.40376	0.01104	0.06962	0.06304	0.24997	0.01547	0.01525	0.01108	0.00687	0.00582	0.00173	0.00841	0.00498	0.00492	0.00861
14	0.06119	0.01136	0.01453	0.01119	0.01590	0.01051	0.00924	0.12058	0.01869	0.62662	0.02224	0.01956	0.01417	0.00747	0.00605	0.00189	0.00539	0.00595	0.00722	0.01025
15	0.00766	0.00547	0.00733	0.00875	0.00920	0.00514	0.00603	0.00887	0.01192	0.01585	0.03363	0.72158	0.04005	0.01899	0.00787	0.00251	0.00373	0.07473	0.00568	0.00503
16	0.01252	0.01268	0.02227	0.45587	0.06609	0.03977	0.19923	0.01652	0.01302	0.01683	0.01315	0.07983	0.01120	0.00694	0.00652	0.00206	0.00840	0.00685	0.00309	0.00716
17	0.01515	0.01454	0.02485	0.03757	0.74669	0.01454	0.01879	0.01879	0.01394	0.02000	0.01151	0.01515	0.00970	0.00545	0.00606	0.00182	0.00727	0.00545	0.00303	0.00970
18	0.01266	0.10237	0.68580	0.01680	0.02549	0.01515	0.02148	0.01929	0.01288	0.01892	0.01075	0.01263	0.00776	0.00576	0.00564	0.00188	0.00881	0.00441	0.00259	0.00894
19	0.00984	0.00652	0.00856	0.00790	0.00955	0.00598	0.00598	0.01270	0.01734	0.07011	0.69834	0.04416	0.05509	0.01220	0.00715	0.00192	0.00303	0.01076	0.00679	0.00607
20	0.01049	0.00801	0.01024	0.01107	0.07194	0.00779	0.00777	0.01482	0.10341	0.04728	0.29843	0.06685	0.19667	0.01270	0.00716	0.00211	0.00402	0.10672	0.00598	0.00657
21	0.05609	0.01047	0.01402	0.01079	0.01549	0.00917	0.00891	0.02941	0.01727	0.72506	0.02359	0.02045	0.01485	0.00751	0.00607	0.00189	0.00519	0.00605	0.00744	0.01028
22	0.00746	0.00533	0.00710	0.00852	0.00888	0.00497	0.00568	0.00852	0.01172	0.01563	0.03374	0.78088	0.04049	0.01918	0.00781	0.00249	0.00355	0.01740	0.00568	0.00497
23	0.01252	0.01187	0.02029	0.60971	0.13077	0.01398	0.06115	0.03568	0.01305	0.01707	0.01116	0.01614	0.00849	0.00601	0.00618	0.00201	0.00814	0.00555	0.00288	0.00736
24	0.00723	0.00620	0.00620	0.00620	0.00827	0.00517	0.00465	0.00878	0.01395	0.01654	0.06201	0.05891	0.74421	0.01550	0.00723	0.00207	0.00310	0.01292	0.00568	0.00517
25	0.00889	0.00665	0.00856	0.00955	0.01107	0.00632	0.00798	0.01119	0.01385	0.01757	0.04123	0.12537	0.24437	0.01668	0.00804	0.00257	0.00472	0.44429	0.00565	0.00544
26	0.01411	0.01541	0.03205	0.07922	0.14518	0.01482	0.53731	0.01880	0.01411	0.01925	0.01290	0.04361	0.01039	0.00578	0.00698	0.00204	0.00944	0.00718	0.00315	0.00826
27	0.07159	0.01549	0.01681	0.04857	0.12469	0.15357	0.02943	0.06952	0.11232	0.24780	0.03758	0.01775	0.01338	0.00701	0.00594	0.00186	0.00682	0.00565	0.00522	0.00901
28	0.09894	0.02640	0.01665	0.01488	0.01826	0.61996	0.01132	0.08996	0.01777	0.01838	0.00987	0.01128	0.00800	0.00635	0.00541	0.00163	0.01004	0.00403	0.00349	0.00736
29	0.00865	0.00654	0.00961	0.00961	0.01076	0.00750	0.00746	0.01080	0.01010	0.01436	0.01926	0.02623	0.06103	0.04400	0.71336	0.00935	0.01556	0.00696	0.00343	0.00545
30	0.01228	0.03166	0.75316	0.01745	0.02649	0.01422	0.02262	0.01939	0.01292	0.01939	0.01099	0.01292	0.00775	0.00582	0.00582	0.00194	0.00905	0.00452	0.00258	0.00905
31	0.01473	0.01641	0.02992	0.02233	0.02671	0.06209	0.48078	0.01912	0.03711	0.01831	0.01154	0.01561	0.00920	0.00671	0.01028	0.00219	0.19946	0.00655	0.00310	0.00785
32	0.00866	0.00666	0.00818	0.00894	0.01066	0.00618	0.00747	0.01089	0.01403	0.01750	0.04600	0.06439	0.36067	0.01626	0.00789	0.00247	0.00447	0.38758	0.00566	0.00542
33	0.00821	0.00591	0.00777	0.00801	0.00904	0.00547	0.00574	0.01041	0.01521	0.02118	0.47541	0.32338	0.05123	0.01503	0.00744	0.00214	0.00314	0.01346	0.00634	0.00547
34	0.01458	0.01498	0.02856	0.09491	0.41735	0.01482	0.28516	0.01883	0.01399	0.01948	0.01179	0.01576	0.00941	0.00540	0.00650	0.00193	0.00850	0.00612	0.00303	0.00891
35	0.02262	0.01371	0.01744	0.01382	0.01749	0.07516	0.06187	0.09076	0.01653	0.40629	0.01761	0.01747	0.01210	0.00797	0.00928	0.00205	0.17720	0.00581	0.00566	0.00916
36	0.01418	0.01571	0.03164	0.02329	0.02788	0.01632	0.54094	0.01835	0.01314	0.01835	0.01126	0.01571	0.00896	0.00659	0.01054	0.00222	0.20733	0.00674	0.00299	0.00785
37	0.01431	0.01659	0.05448	0.02502	0.05243	0.01572	0.61633	0.01912	0.01392	0.01916	0.01191	0.01608	0.00914	0.00571	0.00835	0.00211	0.08150	0.00692	0.00304	0.00818
38	0.02089	0.01579	0.01697	0.01384	0.01806	0.11764	0.06159	0.17594	0.26155	0.20217	0.01954	0.01855	0.01392	0.00742	0.00616	0.00191	0.00658	0.00605	0.00588	0.00956
39	0.01712	0.01767	0.02470	0.01888	0.02355	0.15556	0.32939	0.15403	0.06320	0.02313	0.08174	0.01928	0.01486	0.00690	0.00666	0.00193	0.00865	0.02021	0.00427	0.00825
40	0.01354	0.01240	0.01308	0.00963	0.01487	0.07082	0.00763	0.01617	0.01308	0.01953	0.01076	0.01256	0.00897	0.00468	0.00462	0.00096	0.00508	0.00365	0.00359	0.75438
41	0.66584	0.06154	0.01319	0.01005	0.01415	0.03358	0.06695	0.03872	0.01158	0.02599	0.00905	0.01065	0.00707	0.00567	0.00419	0.00186	0.00553	0.00372	0.00371	0.00696
42	0.01344	0.01298	0.02163	0.09653	0.02289	0.01368	0.23181	0.06054	0.01340	0.01894	0.01329	0.05732	0.01198	0.02724	0.00996	0.00211	0.17135	0.03631	0.00351	0.16107
43	0.01740	0.01687	0.15395	0.01327	0.01800	0.06578	0.03239	0.10906	0.19788	0.15753	0.02079	0.08748	0.03612	0.00840	0.00621	0.00195	0.00635	0.00695	0.00531	0.03829
44	0.01305	0.17529	0.61633	0.01612	0.02445	0.01611	0.02031	0.01919	0.01283	0.01844	0.01052	0.01233	0.00777	0.00571	0.00546	0.00182	0.00857	0.00429	0.00259	0.00882

[dist]
# distance from previous block
# <min> <max>
0	1

[block]
# block no. 3 follows, 37 sequences, length 10
# corresponding to MSA columns:
# 256-265
name=unknown_D
#
# <colnr> <probs for GDERKNQSTAVLIFYWHMCP>
#	G	D	E	R	K	N	Q	S	T	A	V	L	I	F	Y	W	H	M	C	P
0	0.01256	0.01097	0.01792	0.69376	0.03950	0.01344	0.01623	0.01720	0.04819	0.05393	0.01225	0.01687	0.00904	0.00630	0.00613	0.00203	0.00784	0.00555	0.00314	0.00713
1	0.00794	0.00593	0.00738	0.00766	0.00886	0.00537	0.00550	0.00992	0.01468	0.01976	0.35275	0.30001	0.20092	0.01544	0.00743	0.00215	0.00316	0.01364	0.00615	0.00537
2	0.01936	0.01463	0.01565	0.01255	0.01680	0.01604	0.01015	0.43154	0.20933	0.03247	0.01755	0.01740	0.01294	0.00738	0.00587	0.00180	0.00574	0.00576	0.07975	0.06731
3	0.01609	0.73811	0.08014	0.01094	0.01643	0.02355	0.01128	0.01840	0.01247	0.01473	0.00868	0.01003	0.00785	0.00528	0.00405	0.00135	0.00671	0.00336	0.00262	0.00793
4	0.01309	0.09824	0.55718	0.01914	0.07713	0.01530	0.09780	0.01927	0.01312	0.01900	0.01095	0.01319	0.00807	0.00567	0.00581	0.00189	0.00883	0.00477	0.00268	0.00890
5	0.01526	0.10769	0.01344	0.00975	0.01272	0.01025	0.00789	0.01972	0.12000	0.20795	0.21401	0.11694	0.06538	0.01082	0.00651	0.00197	0.00445	0.04145	0.00613	0.00767
6	0.01515	0.01454	0.02485	0.03757	0.74669	0.01454	0.01879	0.01879	0.01394	0.02000	0.01151	0.01515	0.00970	0.00545	0.00606	0.00182	0.00727	0.00545	0.00303	0.00970
7	0.00890	0.00593	0.00668	0.00668	0.00668	0.00593	0.00371	0.00890	0.00890	0.01187	0.01929	0.04006	0.02225	0.78487	0.03116	0.00593	0.00593	0.00890	0.00371	0.00371
8	0.01532	0.05309	0.03250	0.02367	0.05592	0.01644	0.54200	0.08595	0.01530	0.02080	0.01205	0.01573	0.00925	0.00581	0.00790	0.00204	0.06788	0.00666	0.00333	0.00838
9	0.00866	0.00626	0.00818	0.00770	0.00914	0.00578	0.00578	0.01155	0.01733	0.02455	0.74346	0.04572	0.05776	0.01251	0.00722	0.00193	0.00289	0.01107	0.00674	0.00578

[dist]
# distance from previous block
# <min> <max>
0	35

[block]
# block no. 4 follows, 37 sequences, length 11
# corresponding to MSA columns:
# 301-311
name=unknown_E
#
# <colnr> <probs for GDERKNQSTAVLIFYWHMCP>
#	G	D	E	R	K	N	Q	S	T	A	V	L	I	F	Y	W	H	M	C	P
0	0.10173	0.01068	0.01322	0.01057	0.01469	0.01015	0.00860	0.09076	0.04493	0.48810	0.09477	0.04832	0.01921	0.00830	0.00609	0.00192	0.00500	0.00674	0.00687	0.00936
1	0.00782	0.00612	0.00640	0.00641	0.00827	0.00528	0.00478	0.00962	0.01410	0.01798	0.12893	0.08625	0.56610	0.01450	0.00696	0.00201	0.00307	0.01219	0.08792	0.00528
2	0.00926	0.00675	0.00907	0.01017	0.01158	0.00656	0.00860	0.01178	0.01410	0.01829	0.08363	0.12240	0.12769	0.01662	0.00817	0.00264	0.00497	0.51649	0.00572	0.00553
3	0.01495	0.54062	0.16255	0.01177	0.01714	0.04820	0.01229	0.01777	0.01264	0.01547	0.01155	0.08831	0.01113	0.00679	0.00473	0.00155	0.00688	0.00496	0.00294	0.00776
4	0.01334	0.01993	0.25969	0.17569	0.09946	0.04031	0.18589	0.01839	0.01338	0.01863	0.01128	0.01460	0.00853	0.00558	0.00610	0.00186	0.00861	0.00533	0.00290	0.09052
5	0.00808	0.00577	0.00782	0.00923	0.00986	0.00551	0.00676	0.00960	0.01233	0.01632	0.03339	0.59684	0.03913	0.01859	0.00798	0.00257	0.00409	0.19530	0.00567	0.00514
6	0.00890	0.00593	0.00668	0.00668	0.00668	0.00593	0.00371	0.00890	0.00890	0.01187	0.01929	0.04006	0.02225	0.78487	0.03116	0.00593	0.00593	0.00890	0.00371	0.00371
7	0.01056	0.05251	0.22631	0.01340	0.01796	0.01043	0.12872	0.01446	0.01390	0.01891	0.14201	0.13255	0.17194	0.01056	0.00675	0.00203	0.00618	0.00943	0.00439	0.00698
8	0.01774	0.01440	0.01526	0.01297	0.01688	0.01640	0.01030	0.24976	0.51429	0.02967	0.02171	0.02029	0.01609	0.00801	0.00620	0.00200	0.00544	0.00648	0.00620	0.00991
9	0.00890	0.00593	0.00668	0.00668	0.00668	0.00593	0.00371	0.00890	0.00890	0.01187	0.01929	0.04006	0.02225	0.78487	0.03116	0.00593	0.00593	0.00890	0.00371	0.00371
10	0.01903	0.11943	0.12624	0.01693	0.02212	0.26517	0.15076	0.16848	0.01794	0.02134	0.01121	0.01297	0.00866	0.00610	0.00582	0.00174	0.00916	0.00490	0.00362	0.00838

[dist]
# distance from previous block
# <min> <max>
0	2

[block]
# block no. 5 follows, 37 sequences, length 36
# corresponding to MSA columns:
# 314-349
name=unknown_F
#
# <colnr> <probs for GDERKNQSTAVLIFYWHMCP>
#	G	D	E	R	K	N	Q	S	T	A	V	L	I	F	Y	W	H	M	C	P
0	0.00844	0.00615	0.00729	0.00738	0.00894	0.00543	0.00539	0.01028	0.01449	0.04557	0.24873	0.23463	0.34449	0.01528	0.00734	0.00213	0.00323	0.01326	0.00606	0.00549
1	0.01685	0.01341	0.01491	0.01123	0.01630	0.01281	0.00910	0.28178	0.08143	0.02738	0.01352	0.01432	0.01040	0.00591	0.00527	0.00135	0.00538	0.00461	0.00478	0.44925
2	0.01052	0.00779	0.00986	0.00985	0.01161	0.00790	0.00798	0.04765	0.09271	0.02244	0.33063	0.05067	0.04134	0.04189	0.00842	0.00243	0.00445	0.27946	0.00612	0.00628
3	0.02179	0.10540	0.03597	0.01295	0.01698	0.28694	0.01061	0.11285	0.02990	0.21573	0.07793	0.01723	0.01464	0.00722	0.00575	0.00171	0.00758	0.00534	0.00500	0.00846
4	0.02110	0.23679	0.02141	0.01427	0.01805	0.53556	0.01145	0.04467	0.01636	0.01556	0.00936	0.01082	0.00796	0.00605	0.00510	0.00151	0.00967	0.00381	0.00310	0.00741
5	0.00890	0.00593	0.00668	0.00668	0.00668	0.00593	0.00371	0.00890	0.00890	0.01187	0.01929	0.04006	0.02225	0.78487	0.03116	0.00593	0.00593	0.00890	0.00371	0.00371
6	0.05307	0.14616	0.02216	0.03117	0.11891	0.01517	0.10671	0.13208	0.03026	0.26051	0.01584	0.01616	0.01123	0.00644	0.00580	0.00180	0.00667	0.00550	0.00501	0.00936
7	0.01358	0.02826	0.58785	0.01829	0.02656	0.01482	0.11782	0.08389	0.01458	0.02117	0.01152	0.01358	0.00821	0.00587	0.00604	0.00195	0.00901	0.00498	0.00298	0.00906
8	0.00758	0.00538	0.00707	0.00836	0.00869	0.00506	0.00551	0.00856	0.01148	0.01530	0.03249	0.71673	0.03891	0.08548	0.00983	0.00278	0.00376	0.01667	0.00551	0.00486
9	0.01864	0.01414	0.01534	0.01243	0.01636	0.01556	0.01003	0.43882	0.17461	0.03285	0.14289	0.02293	0.04036	0.00866	0.00636	0.00191	0.00558	0.00696	0.00624	0.00932
10	0.17056	0.01242	0.01396	0.01125	0.01561	0.01284	0.00918	0.15749	0.14832	0.35533	0.01968	0.01807	0.01336	0.00732	0.00573	0.00192	0.00534	0.00566	0.00637	0.00959
11	0.36717	0.01078	0.00995	0.00865	0.01166	0.01201	0.00683	0.16327	0.01462	0.02677	0.01377	0.01741	0.01136	0.09004	0.02290	0.00237	0.00508	0.00499	0.19350	0.00687
12	0.01077	0.00723	0.00908	0.00851	0.01047	0.00686	0.00661	0.01460	0.07411	0.08619	0.48074	0.04537	0.12743	0.01249	0.00716	0.00203	0.00352	0.07386	0.00655	0.00641
13	0.00890	0.00596	0.00639	0.00639	0.00716	0.00570	0.00405	0.00979	0.01087	0.01494	0.03034	0.04193	0.20596	0.45477	0.02043	0.00417	0.00468	0.00938	0.14375	0.00442
14	0.03494	0.01877	0.14215	0.01342	0.01881	0.07950	0.01227	0.30091	0.09761	0.02758	0.01376	0.01442	0.01026	0.00646	0.00564	0.00166	0.00678	0.00490	0.00468	0.18546
15	0.01063	0.00532	0.00797	0.00797	0.00797	0.00532	0.00532	0.00797	0.00797	0.01063	0.01063	0.01861	0.01063	0.02127	0.02392	0.82190	0.00532	0.00532	0.00266	0.00266
16	0.00751	0.00537	0.00715	0.00848	0.00889	0.00501	0.00569	0.00867	0.01198	0.01604	0.06703	0.74640	0.04130	0.01886	0.00779	0.00246	0.00352	0.01710	0.00573	0.00501
17	0.01228	0.03166	0.75316	0.01745	0.02649	0.01422	0.02262	0.01939	0.01292	0.01939	0.01099	0.01292	0.00775	0.00582	0.00582	0.00194	0.00905	0.00452	0.00258	0.00905
18	0.01297	0.02718	0.56437	0.01732	0.02516	0.01450	0.08131	0.02165	0.13677	0.02047	0.01349	0.01493	0.00976	0.00618	0.00601	0.00197	0.00844	0.00517	0.00325	0.00909
19	0.01370	0.01415	0.01598	0.01415	0.01535	0.15524	0.03717	0.01553	0.01130	0.01499	0.01140	0.01666	0.01054	0.02075	0.25120	0.00469	0.34273	0.00555	0.02251	0.00642
20	0.01098	0.00574	0.00587	0.00587	0.00705	0.00574	0.00418	0.01335	0.01216	0.02095	0.01985	0.02577	0.01681	0.14027	0.00888	0.00220	0.00338	0.00625	0.67932	0.00536
21	0.01654	0.01499	0.02374	0.03355	0.62212	0.01530	0.01756	0.13990	0.01648	0.02318	0.01206	0.01507	0.00982	0.00578	0.00607	0.00182	0.00718	0.00546	0.00356	0.00982
22	0.01447	0.01305	0.01357	0.01008	0.01527	0.07763	0.00802	0.07309	0.01440	0.02098	0.01106	0.01270	0.00907	0.00492	0.00475	0.00104	0.00530	0.00381	0.00378	0.68301
23	0.01413	0.01559	0.03097	0.02292	0.02727	0.01645	0.51369	0.01816	0.01294	0.01816	0.01109	0.01559	0.00892	0.00681	0.01104	0.00225	0.23659	0.00667	0.00297	0.00779
24	0.01317	0.01022	0.01203	0.01157	0.04321	0.01104	0.00854	0.09481	0.25958	0.05138	0.08993	0.08888	0.12129	0.01671	0.13570	0.00338	0.00663	0.00863	0.00556	0.00774
25	0.00898	0.00652	0.00802	0.00871	0.00961	0.00633	0.00604	0.07096	0.01323	0.01746	0.03348	0.57390	0.10049	0.07900	0.00949	0.00267	0.00402	0.03015	0.00556	0.00538
26	0.01261	0.01182	0.01934	0.40220	0.24847	0.01377	0.01600	0.01591	0.01215	0.01653	0.01149	0.01771	0.00983	0.07400	0.00978	0.00238	0.08999	0.00574	0.00289	0.00739
27	0.01675	0.20852	0.16174	0.01643	0.02197	0.12645	0.16225	0.09813	0.07801	0.02012	0.01201	0.01371	0.00936	0.00609	0.00596	0.00177	0.02374	0.00503	0.00349	0.00846
28	0.00903	0.00685	0.00828	0.00838	0.00979	0.00668	0.00618	0.01266	0.09396	0.01990	0.28422	0.20086	0.15306	0.08132	0.00942	0.00251	0.00378	0.07144	0.00594	0.00575
29	0.01172	0.00684	0.00907	0.00836	0.01022	0.00622	0.00631	0.01427	0.01659	0.14767	0.52304	0.14223	0.04810	0.01258	0.00712	0.00200	0.00338	0.01110	0.00674	0.00646
30	0.01418	0.01232	0.01617	0.01348	0.01611	0.07080	0.13092	0.12678	0.03085	0.04708	0.05745	0.13424	0.05476	0.12698	0.01172	0.00272	0.07300	0.04882	0.00468	0.00691
31	0.08611	0.01384	0.01989	0.20845	0.04306	0.03794	0.14903	0.21351	0.01701	0.02371	0.01308	0.03117	0.01035	0.01103	0.09230	0.00286	0.00880	0.00594	0.00397	0.00796
32	0.01367	0.01036	0.01190	0.01034	0.01304	0.01096	0.00814	0.19981	0.15196	0.02816	0.40019	0.03429	0.03763	0.01055	0.00680	0.00196	0.00433	0.03178	0.00645	0.00768
33	0.00780	0.00585	0.00804	0.07451	0.01174	0.00573	0.00662	0.00915	0.01187	0.01567	0.03308	0.68067	0.07069	0.01787	0.00764	0.00243	0.00393	0.01615	0.00543	0.00514
34	0.05322	0.01642	0.02323	0.17828	0.02720	0.16476	0.28230	0.01921	0.02702	0.04165	0.01242	0.01729	0.01010	0.07354	0.00879	0.00230	0.02560	0.00606	0.00331	0.00731
35	0.05197	0.04868	0.08576	0.18472	0.02778	0.08255	0.26122	0.05107	0.01429	0.01890	0.01560	0.01857	0.07239	0.00674	0.00678	0.00197	0.03377	0.00631	0.00334	0.00758

[dist]
# distance from previous block
# <min> <max>
0	187

# created by:
# /home/cegg/simao/soft/augustus-3.2.1/scripts/msa2prfl.pl ./align_prep/EOG090W0H7Q.fa
