[name]
unknown

[dist]
# distance from previous block
# <min> <max>
128	854

[block]
# block no. 0 follows, 28 sequences, length 20
# corresponding to MSA columns:
# 1147-1166
name=unknown_A
#
# <colnr> <probs for GDERKNQSTAVLIFYWHMCP>
#	G	D	E	R	K	N	Q	S	T	A	V	L	I	F	Y	W	H	M	C	P
0	0.15198	0.02043	0.10616	0.05983	0.06449	0.13928	0.03688	0.05272	0.05899	0.09502	0.08232	0.04156	0.01801	0.00886	0.00742	0.00227	0.03237	0.00691	0.00515	0.00937
1	0.05125	0.02619	0.25716	0.01683	0.02378	0.13586	0.01692	0.08353	0.10428	0.10586	0.01695	0.01759	0.01232	0.00762	0.00673	0.00210	0.00895	0.00578	0.00499	0.09531
2	0.07736	0.04308	0.23988	0.01849	0.04728	0.03836	0.10764	0.02439	0.09771	0.07477	0.10967	0.02302	0.01986	0.00831	0.00714	0.00224	0.00833	0.00719	0.00498	0.04028
3	0.01920	0.08565	0.10521	0.01556	0.04104	0.03442	0.04878	0.02460	0.08112	0.14939	0.03470	0.04525	0.01558	0.00806	0.00733	0.00194	0.03830	0.00654	0.00527	0.23204
4	0.01858	0.15851	0.16256	0.01882	0.08252	0.01776	0.07988	0.07036	0.06584	0.07770	0.03867	0.01831	0.01375	0.00718	0.00656	0.00195	0.00808	0.00603	0.00464	0.14230
5	0.01656	0.04958	0.09435	0.04559	0.06425	0.04520	0.10113	0.08945	0.10237	0.02514	0.04341	0.09088	0.06028	0.03053	0.00818	0.00232	0.00777	0.00860	0.00512	0.10927
6	0.01836	0.05943	0.02590	0.07349	0.22067	0.04103	0.12310	0.07041	0.07009	0.05154	0.01840	0.02091	0.04186	0.00746	0.00706	0.00208	0.00827	0.00691	0.02811	0.10493
7	0.05246	0.01426	0.01541	0.08148	0.01969	0.05762	0.01053	0.14589	0.04608	0.07226	0.09169	0.02481	0.04830	0.00876	0.00661	0.00192	0.00634	0.00702	0.10359	0.18528
8	0.04183	0.01215	0.01312	0.04287	0.01617	0.05227	0.00945	0.08399	0.10996	0.09202	0.14662	0.15050	0.12344	0.01365	0.00788	0.00242	0.00563	0.03064	0.03693	0.00848
9	0.01856	0.01664	0.06032	0.01557	0.02075	0.06755	0.09683	0.05064	0.13735	0.11074	0.08647	0.07538	0.02193	0.00930	0.00725	0.00208	0.00719	0.00816	0.00590	0.18137
10	0.01494	0.01463	0.02250	0.61717	0.11353	0.05720	0.02004	0.01956	0.01509	0.01905	0.01290	0.01887	0.00985	0.00720	0.00722	0.00236	0.00978	0.00636	0.00330	0.00844
11	0.01698	0.01624	0.02768	0.20606	0.54563	0.01701	0.02181	0.02142	0.01607	0.02252	0.01349	0.01832	0.01108	0.00666	0.00721	0.00222	0.00888	0.00647	0.00351	0.01070
12	0.01373	0.01292	0.02180	0.72707	0.05006	0.01615	0.02019	0.01857	0.01453	0.01857	0.01292	0.01938	0.00969	0.00727	0.00727	0.00242	0.00969	0.00646	0.00323	0.00807
13	0.01496	0.01418	0.02403	0.52926	0.23822	0.01647	0.02080	0.01966	0.01512	0.02007	0.01314	0.01898	0.01022	0.00704	0.00725	0.00235	0.00938	0.00646	0.00334	0.00907
14	0.01211	0.00638	0.00927	0.00939	0.00957	0.00627	0.00630	0.00957	0.01022	0.01348	0.01828	0.07704	0.05619	0.02466	0.02583	0.68438	0.00600	0.00790	0.00363	0.00353
15	0.45412	0.01151	0.01014	0.00976	0.01304	0.01270	0.00756	0.01859	0.06218	0.02751	0.02700	0.18484	0.11248	0.01218	0.00635	0.00245	0.00505	0.00958	0.00552	0.00745
16	0.02316	0.01638	0.01945	0.01579	0.02078	0.01762	0.05162	0.25349	0.26328	0.14690	0.02620	0.02651	0.04081	0.00979	0.00755	0.00236	0.00695	0.03252	0.00735	0.01148
17	0.04549	0.01593	0.02033	0.14823	0.18034	0.06098	0.01522	0.11025	0.10701	0.11148	0.01999	0.07238	0.01615	0.00900	0.00721	0.00229	0.00775	0.00766	0.03208	0.01023
18	0.01728	0.01388	0.02064	0.06713	0.29261	0.01410	0.01521	0.02287	0.10409	0.09197	0.04186	0.11219	0.02019	0.03439	0.00897	0.00244	0.03196	0.00873	0.00522	0.07426
19	0.04928	0.04211	0.01963	0.01781	0.08501	0.09840	0.01293	0.17420	0.25871	0.08011	0.04289	0.02169	0.01734	0.00871	0.00702	0.00219	0.00738	0.00692	0.00636	0.04133

[dist]
# distance from previous block
# <min> <max>
0	9

[block]
# block no. 1 follows, 28 sequences, length 13
# corresponding to MSA columns:
# 1176-1188
name=unknown_B
#
# <colnr> <probs for GDERKNQSTAVLIFYWHMCP>
#	G	D	E	R	K	N	Q	S	T	A	V	L	I	F	Y	W	H	M	C	P
0	0.01812	0.07023	0.09936	0.11362	0.18976	0.01728	0.01687	0.11119	0.12186	0.05215	0.08405	0.02393	0.01910	0.00864	0.00723	0.00226	0.00778	0.02094	0.00523	0.01041
1	0.01890	0.02066	0.18439	0.09301	0.10353	0.01606	0.06825	0.12267	0.07046	0.09740	0.03929	0.04382	0.01533	0.00822	0.00726	0.00223	0.00840	0.00713	0.00514	0.06781
2	0.01808	0.09682	0.02087	0.01610	0.09671	0.01405	0.03317	0.07161	0.01714	0.06850	0.01412	0.01598	0.01129	0.00612	0.00589	0.00146	0.00651	0.00502	0.00460	0.47596
3	0.01646	0.01115	0.01335	0.01137	0.01474	0.01075	0.00885	0.15686	0.02187	0.09648	0.30096	0.12775	0.06644	0.01306	0.00790	0.00222	0.00500	0.01122	0.00732	0.09624
4	0.00977	0.00758	0.00956	0.08216	0.01405	0.00737	0.00749	0.01151	0.01455	0.01862	0.07257	0.27485	0.23880	0.15694	0.01414	0.00351	0.00521	0.03934	0.00599	0.00598
5	0.02341	0.01713	0.01727	0.01435	0.01878	0.09440	0.01142	0.23185	0.16726	0.15268	0.10873	0.02559	0.02269	0.00965	0.00727	0.00221	0.00693	0.00769	0.04997	0.01072
6	0.00869	0.00737	0.00750	0.00747	0.00988	0.00618	0.00560	0.01063	0.01681	0.02020	0.11062	0.06902	0.65891	0.01820	0.00859	0.00244	0.00367	0.01521	0.00682	0.00618
7	0.02444	0.01865	0.02005	0.01573	0.02127	0.02034	0.01282	0.48061	0.16263	0.04047	0.01942	0.01914	0.01416	0.00861	0.00710	0.00213	0.00728	0.00665	0.00699	0.09150
8	0.09911	0.01625	0.01675	0.01458	0.01902	0.01864	0.01152	0.14323	0.50830	0.03321	0.02557	0.02394	0.01908	0.00935	0.00708	0.00240	0.00611	0.00750	0.00708	0.01128
9	0.01791	0.48052	0.21399	0.01665	0.02418	0.02448	0.09037	0.02227	0.01519	0.01935	0.01139	0.01352	0.00949	0.00639	0.00569	0.00185	0.00906	0.00480	0.00316	0.00975
10	0.02409	0.01695	0.01864	0.01474	0.01981	0.01815	0.01193	0.41183	0.11327	0.10691	0.05434	0.02393	0.03759	0.04112	0.00858	0.00239	0.00699	0.00747	0.00720	0.05407
11	0.01127	0.00813	0.01015	0.01097	0.01208	0.00804	0.00766	0.09548	0.01652	0.02206	0.03716	0.64705	0.04349	0.02097	0.00902	0.00285	0.00470	0.01885	0.00681	0.00673
12	0.01713	0.01465	0.02376	0.03406	0.48510	0.01437	0.01813	0.02091	0.01688	0.07175	0.02523	0.03233	0.10330	0.00972	0.00770	0.00234	0.00761	0.07996	0.00474	0.01034

[dist]
# distance from previous block
# <min> <max>
3	6

[block]
# block no. 2 follows, 28 sequences, length 8
# corresponding to MSA columns:
# 1195-1202
name=unknown_C
#
# <colnr> <probs for GDERKNQSTAVLIFYWHMCP>
#	G	D	E	R	K	N	Q	S	T	A	V	L	I	F	Y	W	H	M	C	P
0	0.02189	0.01000	0.01343	0.01111	0.01486	0.00885	0.00885	0.02500	0.02070	0.37993	0.34894	0.03894	0.04230	0.01181	0.00792	0.00227	0.00486	0.01011	0.00852	0.00972
1	0.01785	0.10761	0.02931	0.08224	0.40970	0.04464	0.05314	0.02155	0.01555	0.02139	0.01252	0.01690	0.01072	0.00746	0.00945	0.00226	0.11780	0.00618	0.00346	0.01027
2	0.01715	0.01459	0.01774	0.01608	0.10198	0.01305	0.01122	0.09109	0.10243	0.02690	0.01561	0.01721	0.01248	0.00644	0.00606	0.00150	0.00611	0.00531	0.00493	0.51213
3	0.01345	0.00930	0.01265	0.01415	0.09660	0.00877	0.00919	0.01705	0.04836	0.09682	0.29655	0.18871	0.12951	0.01506	0.00836	0.00243	0.00466	0.01331	0.00712	0.00794
4	0.01872	0.10745	0.08928	0.01361	0.01983	0.01599	0.01224	0.13638	0.10376	0.05829	0.01708	0.04050	0.01369	0.00752	0.00625	0.00174	0.00672	0.00591	0.00523	0.31980
5	0.01338	0.01167	0.04614	0.01805	0.17029	0.00992	0.01125	0.01605	0.01543	0.05487	0.06128	0.21222	0.12800	0.08762	0.01078	0.00278	0.00594	0.01182	0.00548	0.10703
6	0.02160	0.07073	0.24446	0.01941	0.02655	0.14692	0.08774	0.19778	0.04408	0.05019	0.01495	0.01643	0.01099	0.00754	0.00701	0.00217	0.01012	0.00597	0.00471	0.01064
7	0.01676	0.18694	0.32035	0.02564	0.18259	0.01977	0.10462	0.02262	0.01573	0.02192	0.01275	0.01568	0.00999	0.00656	0.00669	0.00212	0.00980	0.00571	0.00328	0.01049

[dist]
# distance from previous block
# <min> <max>
44	92

[block]
# block no. 3 follows, 28 sequences, length 8
# corresponding to MSA columns:
# 1306-1313
name=unknown_D
#
# <colnr> <probs for GDERKNQSTAVLIFYWHMCP>
#	G	D	E	R	K	N	Q	S	T	A	V	L	I	F	Y	W	H	M	C	P
0	0.11154	0.01441	0.01886	0.10397	0.15702	0.01458	0.01353	0.07376	0.08561	0.12307	0.05155	0.02054	0.01567	0.00769	0.00665	0.00204	0.00682	0.00639	0.00545	0.16084
1	0.02138	0.01515	0.09033	0.01627	0.05812	0.01215	0.07301	0.05641	0.03986	0.28205	0.13420	0.04477	0.05149	0.03371	0.00857	0.00241	0.00684	0.00872	0.00684	0.03770
2	0.01992	0.06030	0.04996	0.11060	0.04082	0.09204	0.08958	0.14911	0.14198	0.04346	0.03568	0.01977	0.01451	0.00786	0.00704	0.00212	0.00850	0.00663	0.00524	0.09487
3	0.01721	0.01439	0.02312	0.39579	0.10828	0.01623	0.07806	0.02457	0.12966	0.09335	0.01764	0.02113	0.01300	0.00770	0.00741	0.00239	0.00878	0.00704	0.00462	0.00963
4	0.01632	0.01519	0.02396	0.03032	0.36428	0.01559	0.04962	0.02130	0.06670	0.02310	0.01816	0.06395	0.01682	0.00940	0.00919	0.00233	0.08341	0.06654	0.00439	0.09942
5	0.01251	0.00831	0.00992	0.00934	0.01177	0.00755	0.00706	0.01601	0.05516	0.10203	0.28747	0.12683	0.28643	0.01603	0.00844	0.00242	0.00405	0.01379	0.00750	0.00738
6	0.02361	0.01639	0.01738	0.01434	0.01871	0.06889	0.01141	0.30474	0.06781	0.16309	0.10041	0.11333	0.02473	0.01121	0.00763	0.00230	0.00690	0.00917	0.00736	0.01057
7	0.12724	0.01061	0.01317	0.01546	0.13615	0.01009	0.00960	0.01539	0.01576	0.02359	0.10737	0.15556	0.21743	0.01339	0.00748	0.00228	0.00512	0.01145	0.00570	0.09714

[dist]
# distance from previous block
# <min> <max>
4	12

[block]
# block no. 4 follows, 28 sequences, length 14
# corresponding to MSA columns:
# 1326-1339
name=unknown_E
#
# <colnr> <probs for GDERKNQSTAVLIFYWHMCP>
#	G	D	E	R	K	N	Q	S	T	A	V	L	I	F	Y	W	H	M	C	P
0	0.01825	0.01336	0.01735	0.01687	0.12140	0.01228	0.01145	0.05110	0.07197	0.12926	0.08679	0.02452	0.05046	0.00843	0.00737	0.00185	0.03355	0.00697	0.00573	0.31104
1	0.01432	0.01439	0.08534	0.10392	0.09297	0.01306	0.04617	0.01787	0.01575	0.06204	0.10543	0.11732	0.10391	0.01201	0.01014	0.00246	0.11192	0.00997	0.00510	0.05590
2	0.01857	0.01415	0.01807	0.04595	0.02005	0.05478	0.07669	0.06369	0.12324	0.13772	0.15496	0.07823	0.04595	0.01096	0.00858	0.00231	0.04613	0.00935	0.00649	0.06411
3	0.01800	0.01631	0.02449	0.29709	0.23148	0.03825	0.05337	0.14622	0.01920	0.02556	0.01539	0.05374	0.01268	0.00802	0.00739	0.00231	0.00903	0.00724	0.00433	0.00990
4	0.02550	0.04744	0.05200	0.01624	0.02239	0.02010	0.03400	0.48098	0.02900	0.09355	0.01732	0.01754	0.01235	0.00814	0.00700	0.00206	0.00782	0.00628	0.00664	0.09363
5	0.01624	0.01361	0.01631	0.01342	0.05893	0.01130	0.00989	0.08692	0.01710	0.02574	0.01488	0.05396	0.01296	0.00672	0.00590	0.00136	0.00579	0.00554	0.00470	0.61872
6	0.02541	0.01913	0.02060	0.01592	0.02164	0.02077	0.01305	0.54584	0.09396	0.04203	0.01813	0.01812	0.01313	0.00848	0.00709	0.00209	0.00751	0.00647	0.00697	0.09366
7	0.01380	0.01171	0.01363	0.01035	0.01581	0.00896	0.00811	0.01670	0.01512	0.02277	0.02187	0.08987	0.08615	0.00841	0.00609	0.00140	0.00509	0.00702	0.00480	0.63234
8	0.11461	0.01439	0.01655	0.05123	0.01991	0.01350	0.01055	0.14856	0.01948	0.15691	0.01643	0.01720	0.01203	0.00698	0.00611	0.00172	0.00630	0.00538	0.00573	0.35644
9	0.06371	0.06114	0.07034	0.24000	0.20161	0.05388	0.01742	0.02163	0.01616	0.08454	0.04903	0.05792	0.01566	0.00831	0.00704	0.00226	0.00840	0.00714	0.00436	0.00944
10	0.02200	0.02179	0.02033	0.06059	0.05896	0.25605	0.01425	0.08793	0.05631	0.07673	0.04772	0.01859	0.01420	0.00921	0.01065	0.00229	0.16780	0.00624	0.00478	0.04359
11	0.01724	0.01799	0.03115	0.14184	0.29970	0.05873	0.22967	0.02188	0.01639	0.02205	0.01443	0.04120	0.01203	0.00729	0.00829	0.00234	0.03667	0.00749	0.00366	0.00994
12	0.02053	0.01367	0.01728	0.01344	0.01866	0.01286	0.05832	0.09853	0.12614	0.17718	0.02346	0.02337	0.04501	0.00821	0.00668	0.00191	0.00613	0.00690	0.08802	0.23370
13	0.02395	0.01853	0.01974	0.01598	0.02114	0.02082	0.01293	0.42993	0.28519	0.03988	0.02212	0.02117	0.01615	0.00916	0.00732	0.00229	0.00713	0.00719	0.00732	0.01203

[dist]
# distance from previous block
# <min> <max>
0	1

[block]
# block no. 5 follows, 28 sequences, length 28
# corresponding to MSA columns:
# 1341-1368
name=unknown_F
#
# <colnr> <probs for GDERKNQSTAVLIFYWHMCP>
#	G	D	E	R	K	N	Q	S	T	A	V	L	I	F	Y	W	H	M	C	P
0	0.02267	0.02538	0.04613	0.07832	0.08847	0.33588	0.01538	0.11889	0.04399	0.02356	0.01350	0.01601	0.01081	0.00801	0.00820	0.00210	0.07181	0.00561	0.02681	0.03847
1	0.00956	0.00740	0.00871	0.00839	0.01042	0.00655	0.00629	0.01232	0.01887	0.02509	0.43011	0.06098	0.33637	0.01637	0.00858	0.00236	0.00354	0.01408	0.00747	0.00655
2	0.00883	0.00642	0.00833	0.00986	0.01047	0.00593	0.00663	0.01015	0.01417	0.01866	0.04326	0.67603	0.10978	0.02236	0.00921	0.00290	0.00417	0.02016	0.00675	0.00593
3	0.01061	0.00713	0.00937	0.00978	0.01071	0.00755	0.00700	0.01257	0.01266	0.01861	0.02581	0.20384	0.02693	0.15858	0.30077	0.00699	0.01077	0.01121	0.14307	0.00604
4	0.00859	0.00736	0.00736	0.00736	0.00982	0.00614	0.00552	0.01043	0.01657	0.01964	0.07364	0.06996	0.69624	0.01841	0.00859	0.00245	0.00368	0.01534	0.00675	0.00614
5	0.01800	0.01575	0.01931	0.04366	0.16277	0.01760	0.01397	0.05823	0.47370	0.02918	0.05020	0.02560	0.02091	0.00921	0.00739	0.00238	0.00648	0.00792	0.00648	0.01126
6	0.02649	0.03354	0.02070	0.01875	0.02227	0.67465	0.01415	0.02835	0.02004	0.01777	0.01114	0.01327	0.00937	0.00780	0.00757	0.00195	0.05528	0.00478	0.00371	0.00840
7	0.00886	0.00633	0.00843	0.01012	0.01054	0.00590	0.00675	0.01012	0.01392	0.01856	0.04006	0.73979	0.04808	0.02277	0.00928	0.00295	0.00422	0.02066	0.00675	0.00590
8	0.01029	0.00743	0.00972	0.00914	0.01086	0.00686	0.00686	0.01372	0.02058	0.02915	0.69536	0.05430	0.06859	0.01486	0.00857	0.00229	0.00343	0.01315	0.00800	0.00686
9	0.01373	0.01292	0.02180	0.72707	0.05006	0.01615	0.02019	0.01857	0.01453	0.01857	0.01292	0.01938	0.00969	0.00727	0.00727	0.00242	0.00969	0.00646	0.00323	0.00807
10	0.01507	0.01292	0.01507	0.01077	0.01723	0.00969	0.00861	0.01830	0.01507	0.02369	0.01292	0.01507	0.01077	0.00538	0.00538	0.00108	0.00538	0.00431	0.00431	0.78898
11	0.01027	0.00692	0.00802	0.00832	0.00839	0.00684	0.00482	0.01049	0.01116	0.01489	0.02594	0.17023	0.03026	0.61664	0.03209	0.00632	0.00655	0.01236	0.00482	0.00467
12	0.01808	0.01561	0.01644	0.01479	0.01890	0.01808	0.01151	0.03863	0.68606	0.03041	0.02959	0.02712	0.02219	0.00986	0.00740	0.00247	0.00575	0.00822	0.00740	0.01151
13	0.01034	0.00749	0.00918	0.00933	0.01056	0.00709	0.00650	0.03632	0.01675	0.02269	0.27433	0.27097	0.12183	0.14683	0.01379	0.00336	0.00452	0.01507	0.00680	0.00625
14	0.07321	0.01654	0.01564	0.01434	0.01726	0.18734	0.04896	0.04679	0.01682	0.02162	0.02427	0.27857	0.02610	0.01382	0.00820	0.00241	0.02915	0.06359	0.00530	0.09008
15	0.01990	0.01833	0.03828	0.02750	0.03455	0.01702	0.55547	0.02544	0.01780	0.14395	0.01718	0.02052	0.01226	0.00664	0.00835	0.00242	0.01118	0.00835	0.00462	0.01026
16	0.00905	0.00677	0.00840	0.00928	0.01042	0.00613	0.00647	0.01083	0.01574	0.02069	0.16431	0.45611	0.20868	0.02031	0.00899	0.00271	0.00395	0.01804	0.00697	0.00613
17	0.01734	0.01661	0.02833	0.14896	0.59995	0.01710	0.02198	0.02174	0.01624	0.02296	0.01356	0.01820	0.01124	0.00660	0.00721	0.00220	0.00880	0.00647	0.00354	0.01099
18	0.17281	0.02894	0.31239	0.01737	0.02468	0.13752	0.01827	0.15723	0.01952	0.02868	0.01306	0.01470	0.00962	0.00735	0.00645	0.00219	0.00958	0.00521	0.00433	0.01011
19	0.00886	0.00633	0.00843	0.01012	0.01054	0.00590	0.00675	0.01012	0.01392	0.01856	0.04006	0.73979	0.04808	0.02277	0.00928	0.00295	0.00422	0.02066	0.00675	0.00590
20	0.00911	0.00652	0.00866	0.00995	0.01060	0.00607	0.00677	0.01076	0.01510	0.02043	0.15618	0.61832	0.05171	0.02137	0.00915	0.00283	0.00408	0.01933	0.00697	0.00607
21	0.02737	0.01621	0.02139	0.01636	0.02196	0.01629	0.08627	0.30312	0.02565	0.30882	0.02303	0.06307	0.01659	0.00937	0.00755	0.00228	0.00752	0.00791	0.00754	0.01170
22	0.01373	0.01292	0.02180	0.72707	0.05006	0.01615	0.02019	0.01857	0.01453	0.01857	0.01292	0.01938	0.00969	0.00727	0.00727	0.00242	0.00969	0.00646	0.00323	0.00807
23	0.01808	0.01561	0.01644	0.01479	0.01890	0.01808	0.01151	0.03863	0.68606	0.03041	0.02959	0.02712	0.02219	0.00986	0.00740	0.00247	0.00575	0.00822	0.00740	0.01151
24	0.79588	0.01406	0.01068	0.00956	0.01406	0.01631	0.00787	0.02137	0.01237	0.03261	0.01012	0.01181	0.00787	0.00675	0.00450	0.00225	0.00562	0.00394	0.00450	0.00787
25	0.01730	0.02037	0.14294	0.10387	0.20130	0.04441	0.01810	0.02900	0.29219	0.02555	0.01994	0.02125	0.01522	0.00808	0.00721	0.00233	0.00811	0.00693	0.00503	0.01087
26	0.00865	0.00715	0.00759	0.00794	0.00997	0.00609	0.00578	0.01037	0.01602	0.01941	0.06663	0.20971	0.56102	0.01932	0.00873	0.00256	0.00379	0.01645	0.00675	0.00609
27	0.01433	0.13968	0.01565	0.01039	0.01342	0.01160	0.00852	0.01815	0.04806	0.09049	0.42048	0.04471	0.08718	0.01296	0.00777	0.00221	0.00470	0.03467	0.00708	0.00797

[dist]
# distance from previous block
# <min> <max>
0	3

[block]
# block no. 6 follows, 28 sequences, length 24
# corresponding to MSA columns:
# 1372-1395
name=unknown_G
#
# <colnr> <probs for GDERKNQSTAVLIFYWHMCP>
#	G	D	E	R	K	N	Q	S	T	A	V	L	I	F	Y	W	H	M	C	P
0	0.73107	0.07540	0.01297	0.00980	0.01444	0.01735	0.00825	0.02140	0.01257	0.03132	0.01012	0.01180	0.00799	0.00670	0.00451	0.00219	0.00580	0.00393	0.00438	0.00799
1	0.01057	0.00705	0.00793	0.00793	0.00793	0.00705	0.00440	0.01057	0.01057	0.01409	0.02290	0.04757	0.02643	0.74454	0.03700	0.00705	0.00705	0.01057	0.00440	0.00440
2	0.01239	0.00644	0.00951	0.00951	0.00958	0.00651	0.00637	0.00973	0.00965	0.01294	0.01357	0.02384	0.01369	0.06586	0.06755	0.70247	0.00709	0.00663	0.00327	0.00341
3	0.00923	0.00757	0.00825	0.00860	0.01089	0.00659	0.00679	0.01138	0.01660	0.02007	0.06644	0.07242	0.56228	0.01875	0.00889	0.00264	0.00430	0.14531	0.00674	0.00625
4	0.01997	0.69900	0.03687	0.01288	0.01892	0.07674	0.01255	0.02227	0.01518	0.01715	0.01018	0.01176	0.00933	0.00631	0.00480	0.00158	0.00815	0.00394	0.00315	0.00927
5	0.09750	0.01523	0.02344	0.34657	0.27881	0.01711	0.01915	0.07500	0.01668	0.02417	0.01328	0.01793	0.01038	0.00705	0.00696	0.00229	0.00875	0.00621	0.00383	0.00966
6	0.00859	0.00736	0.00736	0.00736	0.00982	0.00614	0.00552	0.01043	0.01657	0.01964	0.07364	0.06996	0.69624	0.01841	0.00859	0.00245	0.00368	0.01534	0.00675	0.00614
7	0.01799	0.01727	0.02950	0.04462	0.69919	0.01727	0.02231	0.02231	0.01655	0.02375	0.01367	0.01799	0.01151	0.00648	0.00720	0.00216	0.00864	0.00648	0.00360	0.01151
8	0.02763	0.02036	0.02182	0.01672	0.02254	0.02254	0.01382	0.67496	0.03418	0.04581	0.01745	0.01745	0.01236	0.00873	0.00727	0.00218	0.00800	0.00654	0.00727	0.01236
9	0.01793	0.01743	0.03044	0.04364	0.65299	0.01735	0.06776	0.02238	0.01659	0.02372	0.01375	0.01810	0.01148	0.00645	0.00729	0.00218	0.00889	0.00662	0.00360	0.01139
10	0.01355	0.00678	0.00678	0.00678	0.00847	0.00678	0.00508	0.01694	0.01524	0.02710	0.02371	0.02710	0.01863	0.00847	0.00508	0.00169	0.00339	0.00678	0.78489	0.00678
11	0.01034	0.00750	0.01007	0.01007	0.01097	0.00817	0.00719	0.01196	0.01158	0.01604	0.02400	0.03791	0.06235	0.30054	0.42860	0.00945	0.01404	0.00925	0.00425	0.00572
12	0.01029	0.00743	0.00972	0.00914	0.01086	0.00686	0.00686	0.01372	0.02058	0.02915	0.69536	0.05430	0.06859	0.01486	0.00857	0.00229	0.00343	0.01315	0.00800	0.00686
13	0.01693	0.02545	0.32509	0.02805	0.24176	0.01607	0.09420	0.02304	0.01654	0.07267	0.03935	0.02023	0.03261	0.00744	0.00732	0.00227	0.00946	0.00677	0.00401	0.01074
14	0.01106	0.00852	0.01217	0.01155	0.01359	0.00917	0.00902	0.01374	0.01217	0.01785	0.01853	0.02662	0.01711	0.04747	0.61382	0.01016	0.01745	0.00729	0.00395	0.11875
15	0.02342	0.04389	0.24138	0.01867	0.08003	0.01578	0.01736	0.10649	0.07402	0.27451	0.02057	0.02009	0.01403	0.00807	0.00709	0.00225	0.00809	0.00650	0.00613	0.01161
16	0.02111	0.15453	0.02548	0.01791	0.02274	0.24435	0.10736	0.03030	0.25499	0.02293	0.01804	0.01875	0.01414	0.00791	0.00680	0.00211	0.00942	0.00635	0.00492	0.00988
17	0.01480	0.13632	0.53393	0.01825	0.02735	0.01748	0.02258	0.02181	0.01584	0.02285	0.08798	0.01912	0.01578	0.00769	0.00677	0.00219	0.00951	0.00602	0.00362	0.01011
18	0.01843	0.50582	0.13927	0.01842	0.11828	0.02487	0.01604	0.02269	0.04103	0.01948	0.01182	0.01373	0.01012	0.00650	0.00548	0.00179	0.00828	0.00465	0.00334	0.00994
19	0.01544	0.02310	0.24550	0.02274	0.03041	0.01555	0.30016	0.02158	0.01624	0.02309	0.01655	0.02450	0.01382	0.00781	0.00775	0.00231	0.01018	0.07782	0.00391	0.12154
20	0.14212	0.01261	0.01598	0.01245	0.01791	0.01149	0.01028	0.03341	0.01960	0.60787	0.02602	0.02289	0.01654	0.00867	0.00691	0.00225	0.00610	0.00683	0.00835	0.01173
21	0.01243	0.01351	0.11116	0.04016	0.04579	0.01057	0.01070	0.04520	0.06949	0.02265	0.15308	0.04403	0.18543	0.18731	0.01486	0.00347	0.00626	0.01070	0.00569	0.00752
22	0.01654	0.03621	0.57808	0.02017	0.02962	0.11714	0.02434	0.02457	0.04557	0.02259	0.01351	0.01554	0.00980	0.00712	0.00688	0.00225	0.01086	0.00540	0.00336	0.01044
23	0.02017	0.01515	0.01650	0.01453	0.01885	0.01702	0.01139	0.03817	0.59062	0.12708	0.02946	0.02678	0.02159	0.00974	0.00738	0.00243	0.00581	0.00809	0.00763	0.01163

[dist]
# distance from previous block
# <min> <max>
0	62

[block]
# block no. 7 follows, 28 sequences, length 33
# corresponding to MSA columns:
# 1458-1489,1512
name=unknown_H
#
# <colnr> <probs for GDERKNQSTAVLIFYWHMCP>
#	G	D	E	R	K	N	Q	S	T	A	V	L	I	F	Y	W	H	M	C	P
0	0.01591	0.01409	0.02180	0.61562	0.04575	0.01715	0.01919	0.12156	0.01762	0.02285	0.01363	0.01908	0.01011	0.00750	0.00727	0.00238	0.00942	0.00647	0.00386	0.00875
1	0.01652	0.01666	0.02581	0.02091	0.02314	0.02077	0.15716	0.02206	0.11833	0.02077	0.01380	0.01846	0.01185	0.01085	0.01797	0.00291	0.46204	0.00713	0.00395	0.00891
2	0.03183	0.01362	0.01765	0.01353	0.01918	0.01254	0.01118	0.13577	0.02290	0.60092	0.02692	0.02360	0.01711	0.00895	0.00730	0.00224	0.00647	0.00719	0.00873	0.01237
3	0.01258	0.00727	0.00976	0.01056	0.01180	0.00665	0.00737	0.01409	0.01500	0.12614	0.03828	0.62760	0.04336	0.02061	0.00897	0.00284	0.00453	0.01857	0.00710	0.00692
4	0.01899	0.01868	0.02201	0.01867	0.02000	0.09906	0.01537	0.12193	0.01580	0.02197	0.01097	0.01584	0.00996	0.01152	0.01934	0.00288	0.53823	0.00620	0.00389	0.00870
5	0.62998	0.01519	0.05004	0.01037	0.01552	0.01530	0.00904	0.02098	0.01296	0.03068	0.01072	0.01252	0.00840	0.00654	0.00477	0.00207	0.00587	0.00407	0.00439	0.13059
6	0.01350	0.00819	0.01044	0.00943	0.01189	0.00734	0.00723	0.01656	0.01993	0.13344	0.48438	0.05234	0.16804	0.01455	0.00838	0.00231	0.00390	0.01261	0.00794	0.00760
7	0.01800	0.01587	0.02248	0.29328	0.11382	0.01909	0.01758	0.16197	0.06309	0.02564	0.01438	0.01857	0.01129	0.00882	0.01079	0.00250	0.16222	0.00658	0.00442	0.00962
8	0.01293	0.01122	0.11889	0.01123	0.01292	0.00797	0.00954	0.01160	0.01039	0.01426	0.01269	0.02104	0.01209	0.02237	0.02504	0.66516	0.00701	0.00617	0.00314	0.00435
9	0.01704	0.01409	0.01613	0.01170	0.01806	0.01171	0.00943	0.12133	0.01807	0.02716	0.01363	0.01545	0.01102	0.00591	0.00568	0.00125	0.00579	0.00466	0.00477	0.66713
10	0.01451	0.01272	0.07258	0.01191	0.01533	0.01097	0.01023	0.12023	0.06035	0.05254	0.38734	0.06231	0.08334	0.01337	0.00820	0.00236	0.00519	0.04078	0.00730	0.00844
11	0.02530	0.13506	0.02434	0.01636	0.02163	0.06099	0.01379	0.48054	0.02840	0.03734	0.01528	0.01617	0.01148	0.00861	0.00826	0.00215	0.07091	0.00601	0.00607	0.01129
12	0.02715	0.03464	0.02060	0.01873	0.02247	0.71536	0.01404	0.02903	0.02060	0.01779	0.01124	0.01311	0.00936	0.00749	0.00655	0.00187	0.01311	0.00468	0.00375	0.00843
13	0.01446	0.01235	0.01487	0.05050	0.01847	0.00972	0.00909	0.01761	0.01494	0.02296	0.01527	0.07811	0.01394	0.00699	0.00583	0.00131	0.00552	0.00584	0.00446	0.67774
14	0.01799	0.01727	0.02950	0.04462	0.69919	0.01727	0.02231	0.02231	0.01655	0.02375	0.01367	0.01799	0.01151	0.00648	0.00720	0.00216	0.00864	0.00648	0.00360	0.01151
15	0.01704	0.01334	0.01788	0.08137	0.10623	0.01441	0.05423	0.02765	0.28335	0.06471	0.06154	0.02619	0.02065	0.00891	0.00701	0.00224	0.00628	0.00779	0.16927	0.00988
16	0.00886	0.00633	0.00843	0.01012	0.01054	0.00590	0.00675	0.01012	0.01392	0.01856	0.04006	0.73979	0.04808	0.02277	0.00928	0.00295	0.00422	0.02066	0.00675	0.00590
17	0.01783	0.01931	0.02062	0.01983	0.09456	0.21430	0.07090	0.02060	0.01718	0.02132	0.14135	0.02688	0.07033	0.01065	0.01135	0.00238	0.17887	0.00799	0.02547	0.00828
18	0.01029	0.00743	0.00972	0.00914	0.01086	0.00686	0.00686	0.01372	0.02058	0.02915	0.69536	0.05430	0.06859	0.01486	0.00857	0.00229	0.00343	0.01315	0.00800	0.00686
19	0.01742	0.30225	0.41764	0.01718	0.02594	0.02097	0.02055	0.02325	0.01544	0.05937	0.01283	0.01450	0.00975	0.00677	0.00609	0.00202	0.00937	0.00493	0.00342	0.01031
20	0.01052	0.00725	0.00895	0.00895	0.00931	0.00760	0.00568	0.01123	0.01087	0.01485	0.02197	0.04238	0.02418	0.55637	0.22209	0.00831	0.01044	0.00981	0.00427	0.00497
21	0.23917	0.01431	0.01587	0.01263	0.01778	0.01460	0.01039	0.16984	0.02140	0.34037	0.05724	0.02121	0.01673	0.00864	0.00660	0.00224	0.00628	0.00654	0.00734	0.01084
22	0.02013	0.01696	0.01880	0.01802	0.09069	0.04110	0.01287	0.19577	0.35195	0.03247	0.04401	0.04394	0.01969	0.00942	0.00730	0.00227	0.00673	0.00779	0.00668	0.05340
23	0.01695	0.15003	0.08474	0.09350	0.26854	0.01936	0.04256	0.02085	0.01498	0.02100	0.01223	0.01623	0.01036	0.00741	0.00923	0.00216	0.12198	0.00578	0.00343	0.07867
24	0.01829	0.21477	0.34397	0.01842	0.06324	0.01949	0.01942	0.04633	0.06430	0.08222	0.01501	0.01627	0.01121	0.00711	0.00638	0.00207	0.00886	0.00543	0.00411	0.03308
25	0.02023	0.53341	0.15174	0.01394	0.02087	0.02444	0.01473	0.02369	0.01562	0.10378	0.01293	0.01393	0.01039	0.00668	0.00538	0.00177	0.00809	0.00457	0.00384	0.00995
26	0.01088	0.00772	0.01051	0.01202	0.01321	0.00762	0.00973	0.01337	0.01541	0.02018	0.03731	0.24340	0.04185	0.09375	0.01257	0.00362	0.00611	0.42801	0.00648	0.00626
27	0.01566	0.20037	0.16761	0.01636	0.08270	0.03710	0.01442	0.02030	0.05197	0.05047	0.02797	0.08771	0.14478	0.01253	0.03725	0.00258	0.00789	0.00861	0.00469	0.00904
28	0.01529	0.01259	0.01949	0.20565	0.16843	0.01342	0.03971	0.02079	0.08501	0.06472	0.02627	0.10164	0.05846	0.01179	0.00808	0.00258	0.00756	0.12433	0.00526	0.00893
29	0.02812	0.01135	0.01524	0.01202	0.01689	0.00988	0.00980	0.03098	0.02044	0.56721	0.11790	0.03062	0.05366	0.01015	0.00747	0.00225	0.00564	0.00840	0.03076	0.01122
30	0.05813	0.01376	0.02445	0.12056	0.09576	0.01361	0.23965	0.01822	0.01638	0.02250	0.07756	0.03512	0.16917	0.01071	0.00855	0.02114	0.00825	0.03342	0.00475	0.00832
31	0.01972	0.02487	0.31745	0.01846	0.02616	0.04040	0.10096	0.04721	0.01767	0.18630	0.02003	0.05439	0.03248	0.00838	0.00729	0.00225	0.00903	0.00720	0.00508	0.05468
32	0.04989	0.01790	0.05504	0.01470	0.01889	0.08621	0.01205	0.31882	0.02420	0.06182	0.02369	0.23703	0.02284	0.01272	0.00769	0.00240	0.00735	0.01053	0.00650	0.00974

[dist]
# distance from previous block
# <min> <max>
22	69

[block]
# block no. 8 follows, 28 sequences, length 16
# corresponding to MSA columns:
# 1609-1624
name=unknown_I
#
# <colnr> <probs for GDERKNQSTAVLIFYWHMCP>
#	G	D	E	R	K	N	Q	S	T	A	V	L	I	F	Y	W	H	M	C	P
0	0.01983	0.02128	0.10758	0.15959	0.07163	0.15959	0.05217	0.02704	0.13702	0.09992	0.03355	0.02260	0.01543	0.00846	0.00730	0.00230	0.00925	0.03065	0.00500	0.00982
1	0.02089	0.01325	0.01770	0.06785	0.10565	0.01266	0.01214	0.08476	0.06408	0.22047	0.13416	0.02614	0.02350	0.00889	0.00714	0.00204	0.00627	0.00755	0.00658	0.15827
2	0.01170	0.00918	0.01084	0.01032	0.01265	0.00916	0.00795	0.01838	0.15685	0.02717	0.39860	0.05355	0.16761	0.01485	0.00845	0.00243	0.00420	0.06088	0.00756	0.00768
3	0.01339	0.01216	0.02013	0.60871	0.04426	0.01486	0.01878	0.01799	0.01490	0.01910	0.01716	0.02976	0.01502	0.00939	0.00773	0.00258	0.00919	0.11323	0.00380	0.00785
4	0.01424	0.12227	0.50656	0.01791	0.02637	0.01656	0.02170	0.02072	0.01504	0.02153	0.01715	0.13502	0.01567	0.00945	0.00702	0.00232	0.00929	0.00772	0.00368	0.00976
5	0.01214	0.00715	0.01086	0.10023	0.01478	0.00749	0.00814	0.01073	0.01085	0.01436	0.01721	0.14077	0.01813	0.02257	0.02257	0.55893	0.00639	0.00871	0.00376	0.00423
6	0.01943	0.74891	0.03809	0.01244	0.01866	0.02876	0.01244	0.02177	0.01477	0.01710	0.01011	0.01166	0.00933	0.00622	0.00466	0.00155	0.00777	0.00389	0.00311	0.00933
7	0.01107	0.00849	0.01223	0.01505	0.09874	0.00819	0.00998	0.01378	0.01659	0.02261	0.19751	0.31621	0.04695	0.01810	0.00903	0.00279	0.00520	0.17380	0.00664	0.00704
8	0.56762	0.02094	0.21408	0.01282	0.01914	0.01647	0.01342	0.02185	0.01324	0.02981	0.01098	0.01284	0.00826	0.00679	0.00520	0.00226	0.00712	0.00436	0.00408	0.00871
9	0.01728	0.01655	0.02823	0.15779	0.59154	0.01709	0.02196	0.02169	0.01622	0.02289	0.01355	0.01822	0.01121	0.00661	0.00721	0.00220	0.00881	0.00647	0.00354	0.01094
10	0.01751	0.02101	0.15310	0.02132	0.17057	0.09611	0.01596	0.12838	0.01987	0.02601	0.06336	0.02943	0.15575	0.00993	0.00737	0.00218	0.00802	0.00817	0.00504	0.04088
11	0.08194	0.29489	0.28116	0.01611	0.02352	0.10909	0.01754	0.02386	0.01586	0.05803	0.01235	0.01394	0.00964	0.00683	0.00587	0.00197	0.00929	0.00473	0.00361	0.00979
12	0.16989	0.07622	0.12518	0.13667	0.10497	0.04451	0.04091	0.03721	0.03393	0.06955	0.01373	0.01642	0.01050	0.00723	0.00704	0.00218	0.03724	0.00559	0.00418	0.05686
13	0.05251	0.04502	0.02287	0.02022	0.10664	0.06643	0.14150	0.03690	0.03341	0.13519	0.02224	0.11060	0.04517	0.04751	0.00988	0.00257	0.04661	0.00894	0.00527	0.04051
14	0.01660	0.12625	0.12929	0.22760	0.08684	0.01843	0.09546	0.08056	0.01687	0.02270	0.01448	0.05306	0.01207	0.00784	0.00745	0.00223	0.02866	0.00679	0.00386	0.04297
15	0.01624	0.05314	0.27824	0.09066	0.05208	0.01758	0.06536	0.05646	0.01579	0.04111	0.01446	0.03778	0.01195	0.00876	0.01020	0.00241	0.14303	0.02334	0.00383	0.05758

[dist]
# distance from previous block
# <min> <max>
17	67

[block]
# block no. 9 follows, 28 sequences, length 13
# corresponding to MSA columns:
# 1699-1711
name=unknown_J
#
# <colnr> <probs for GDERKNQSTAVLIFYWHMCP>
#	G	D	E	R	K	N	Q	S	T	A	V	L	I	F	Y	W	H	M	C	P
0	0.01814	0.12192	0.08177	0.13739	0.02470	0.05078	0.01444	0.09752	0.05303	0.06688	0.10833	0.02225	0.01922	0.00899	0.00864	0.00219	0.08444	0.00681	0.00500	0.06756
1	0.04571	0.04094	0.08378	0.08080	0.09756	0.03127	0.01339	0.06837	0.05553	0.06831	0.11275	0.10063	0.05870	0.01074	0.00735	0.00223	0.00678	0.02408	0.00557	0.08553
2	0.01572	0.04561	0.17798	0.28930	0.03620	0.01682	0.10843	0.05498	0.06007	0.02287	0.01441	0.01819	0.01082	0.00704	0.00708	0.00222	0.00941	0.00630	0.00384	0.09270
3	0.02276	0.01775	0.07357	0.08361	0.02363	0.01657	0.01366	0.31514	0.02473	0.13447	0.04702	0.02125	0.03500	0.00850	0.00705	0.00206	0.00739	0.00674	0.00635	0.13277
4	0.10580	0.01677	0.06473	0.16344	0.06063	0.01831	0.01564	0.09194	0.10222	0.04139	0.01479	0.01800	0.01165	0.00897	0.01109	0.00248	0.19270	0.00623	0.00453	0.04871
5	0.02253	0.01624	0.01863	0.01528	0.01930	0.01808	0.01232	0.41396	0.02620	0.07967	0.02153	0.14745	0.01913	0.01400	0.04546	0.00291	0.08099	0.00916	0.00670	0.01046
6	0.09860	0.01732	0.12998	0.03433	0.01949	0.04720	0.01213	0.04250	0.01657	0.05754	0.09443	0.07915	0.02022	0.00875	0.00650	0.00187	0.00663	0.00711	0.00501	0.29465
7	0.05999	0.01762	0.10520	0.09518	0.02379	0.01539	0.01388	0.15820	0.10665	0.13470	0.05269	0.02095	0.01613	0.00816	0.00685	0.00209	0.00717	0.00654	0.00596	0.14284
8	0.01492	0.01292	0.01584	0.09199	0.02095	0.01042	0.00993	0.01833	0.01501	0.02311	0.01292	0.01556	0.01064	0.00560	0.00560	0.00123	0.00587	0.00455	0.00418	0.70043
9	0.10246	0.09594	0.01821	0.01236	0.01757	0.01347	0.01039	0.06092	0.01992	0.46386	0.08955	0.02456	0.02072	0.00903	0.00686	0.00217	0.00613	0.00713	0.00771	0.01105
10	0.01491	0.01585	0.09907	0.54741	0.06711	0.01591	0.01997	0.04141	0.01555	0.04409	0.01469	0.04621	0.01153	0.00789	0.00730	0.00241	0.00939	0.00691	0.00369	0.00871
11	0.01766	0.01924	0.09497	0.04231	0.63466	0.01723	0.02275	0.02238	0.01644	0.02368	0.01361	0.01774	0.01129	0.00652	0.00717	0.00217	0.00884	0.00637	0.00355	0.01144
12	0.01591	0.08523	0.09601	0.01371	0.01770	0.01313	0.08198	0.02079	0.09279	0.09983	0.06933	0.03398	0.05672	0.25214	0.01711	0.00383	0.00743	0.00889	0.00529	0.00819

[dist]
# distance from previous block
# <min> <max>
4	6

[block]
# block no. 10 follows, 28 sequences, length 57
# corresponding to MSA columns:
# 1725-1781
name=unknown_K
#
# <colnr> <probs for GDERKNQSTAVLIFYWHMCP>
#	G	D	E	R	K	N	Q	S	T	A	V	L	I	F	Y	W	H	M	C	P
0	0.01747	0.21901	0.26086	0.01532	0.02312	0.01871	0.01652	0.09420	0.01722	0.02417	0.01272	0.01452	0.01002	0.00651	0.00593	0.00175	0.00817	0.00481	0.00389	0.22510
1	0.02043	0.01363	0.01875	0.01379	0.02000	0.01133	0.08352	0.02466	0.04755	0.21749	0.01836	0.01888	0.01337	0.00670	0.00638	0.00163	0.00640	0.00582	0.00571	0.44561
2	0.01525	0.01308	0.01516	0.01101	0.01733	0.01020	0.00879	0.01953	0.05563	0.02409	0.01393	0.01580	0.01146	0.00565	0.00550	0.00116	0.00541	0.00454	0.00449	0.74199
3	0.10915	0.01060	0.01292	0.01093	0.01498	0.00965	0.00868	0.02478	0.01817	0.37790	0.06741	0.12060	0.15875	0.01257	0.00755	0.00238	0.00526	0.01043	0.00773	0.00958
4	0.01599	0.01523	0.02590	0.36413	0.39528	0.01675	0.02132	0.02056	0.01561	0.02132	0.01332	0.01864	0.01066	0.00685	0.00723	0.00228	0.00913	0.00647	0.00343	0.00990
5	0.00886	0.00633	0.00843	0.01012	0.01054	0.00590	0.00675	0.01012	0.01392	0.01856	0.04006	0.73979	0.04808	0.02277	0.00928	0.00295	0.00422	0.02066	0.00675	0.00590
6	0.00886	0.00633	0.00843	0.01012	0.01054	0.00590	0.00675	0.01012	0.01392	0.01856	0.04006	0.73979	0.04808	0.02277	0.00928	0.00295	0.00422	0.02066	0.00675	0.00590
7	0.01943	0.74891	0.03809	0.01244	0.01866	0.02876	0.01244	0.02177	0.01477	0.01710	0.01011	0.01166	0.00933	0.00622	0.00466	0.00155	0.00777	0.00389	0.00311	0.00933
8	0.01943	0.74891	0.03809	0.01244	0.01866	0.02876	0.01244	0.02177	0.01477	0.01710	0.01011	0.01166	0.00933	0.00622	0.00466	0.00155	0.00777	0.00389	0.00311	0.00933
9	0.00886	0.00633	0.00843	0.01012	0.01054	0.00590	0.00675	0.01012	0.01392	0.01856	0.04006	0.73979	0.04808	0.02277	0.00928	0.00295	0.00422	0.02066	0.00675	0.00590
10	0.01057	0.00705	0.00793	0.00793	0.00793	0.00705	0.00440	0.01057	0.01057	0.01409	0.02290	0.04757	0.02643	0.74454	0.03700	0.00705	0.00705	0.01057	0.00440	0.00440
11	0.01388	0.01308	0.02208	0.70209	0.07383	0.01619	0.02026	0.01871	0.01461	0.01876	0.01295	0.01933	0.00976	0.00724	0.00726	0.00241	0.00965	0.00646	0.00324	0.00820
12	0.01799	0.01727	0.02950	0.04462	0.69919	0.01727	0.02231	0.02231	0.01655	0.02375	0.01367	0.01799	0.01151	0.00648	0.00720	0.00216	0.00864	0.00648	0.00360	0.01151
13	0.01861	0.01588	0.01674	0.01490	0.01910	0.01833	0.01163	0.07400	0.64982	0.03126	0.02891	0.02658	0.02164	0.00980	0.00739	0.00245	0.00588	0.00813	0.00739	0.01155
14	0.01799	0.01727	0.02950	0.04462	0.69919	0.01727	0.02231	0.02231	0.01655	0.02375	0.01367	0.01799	0.01151	0.00648	0.00720	0.00216	0.00864	0.00648	0.00360	0.01151
15	0.11451	0.01397	0.01643	0.01330	0.01843	0.01407	0.01081	0.08180	0.18974	0.40899	0.02599	0.02335	0.01750	0.00894	0.00701	0.00230	0.00615	0.00710	0.00796	0.01164
16	0.01774	0.01481	0.01594	0.01426	0.01815	0.01683	0.01118	0.08566	0.53531	0.03118	0.10331	0.03139	0.02731	0.01070	0.00761	0.00246	0.00571	0.03214	0.00743	0.01088
17	0.01507	0.01292	0.01507	0.01077	0.01723	0.00969	0.00861	0.01830	0.01507	0.02369	0.01292	0.01507	0.01077	0.00538	0.00538	0.00108	0.00538	0.00431	0.00431	0.78898
18	0.01355	0.00678	0.00678	0.00678	0.00847	0.00678	0.00508	0.01694	0.01524	0.02710	0.02371	0.02710	0.01863	0.00847	0.00508	0.00169	0.00339	0.00678	0.78489	0.00678
19	0.00860	0.00732	0.00741	0.00749	0.00985	0.00613	0.00558	0.01042	0.01645	0.01959	0.07210	0.10060	0.66659	0.01861	0.00862	0.00248	0.00371	0.01558	0.00675	0.00613
20	0.01038	0.00779	0.01168	0.01168	0.01298	0.00909	0.00909	0.01298	0.01168	0.01687	0.01947	0.02856	0.01817	0.05452	0.71573	0.01168	0.01947	0.00779	0.00389	0.00649
21	0.01263	0.00631	0.00947	0.00947	0.00947	0.00631	0.00631	0.00947	0.00947	0.01263	0.01263	0.02210	0.01263	0.02525	0.02841	0.78851	0.00631	0.00631	0.00316	0.00316
22	0.00886	0.00633	0.00843	0.01012	0.01054	0.00590	0.00675	0.01012	0.01392	0.01856	0.04006	0.73979	0.04808	0.02277	0.00928	0.00295	0.00422	0.02066	0.00675	0.00590
23	0.01507	0.01292	0.01507	0.01077	0.01723	0.00969	0.00861	0.01830	0.01507	0.02369	0.01292	0.01507	0.01077	0.00538	0.00538	0.00108	0.00538	0.00431	0.00431	0.78898
24	0.00886	0.00633	0.00843	0.01012	0.01054	0.00590	0.00675	0.01012	0.01392	0.01856	0.04006	0.73979	0.04808	0.02277	0.00928	0.00295	0.00422	0.02066	0.00675	0.00590
25	0.02053	0.01683	0.01782	0.01529	0.01984	0.01923	0.01210	0.20198	0.51871	0.03436	0.02647	0.02464	0.01967	0.00957	0.00736	0.00239	0.00633	0.00779	0.00736	0.01173
26	0.02267	0.02099	0.09511	0.01515	0.02117	0.17814	0.03509	0.02677	0.04190	0.20165	0.01734	0.01777	0.01258	0.00719	0.00652	0.00181	0.00827	0.00559	0.00536	0.25894
27	0.01558	0.07592	0.61938	0.02037	0.03055	0.01739	0.05090	0.02339	0.01557	0.04625	0.01349	0.01563	0.00959	0.00691	0.00686	0.00226	0.01048	0.00548	0.00330	0.01068
28	0.01899	0.01840	0.03734	0.02707	0.03391	0.01749	0.53259	0.02617	0.08397	0.10067	0.01776	0.02093	0.01292	0.00682	0.00832	0.00243	0.01093	0.00840	0.00464	0.01026
29	0.00859	0.00736	0.00736	0.00736	0.00982	0.00614	0.00552	0.01043	0.01657	0.01964	0.07364	0.06996	0.69624	0.01841	0.00859	0.00245	0.00368	0.01534	0.00675	0.00614
30	0.02404	0.01216	0.01656	0.01564	0.09266	0.01130	0.01110	0.08190	0.02128	0.37635	0.20051	0.03241	0.05039	0.01050	0.00766	0.00225	0.00582	0.00891	0.00792	0.01065
31	0.01176	0.01904	0.27798	0.01342	0.01869	0.01064	0.01442	0.01696	0.01814	0.02579	0.36753	0.04093	0.11137	0.01217	0.00793	0.00231	0.00627	0.01038	0.00597	0.00828
32	0.01777	0.01704	0.02910	0.08021	0.66534	0.01721	0.02220	0.02211	0.01645	0.02348	0.01363	0.01806	0.01142	0.00652	0.00720	0.00217	0.00869	0.00648	0.00358	0.01133
33	0.01458	0.03760	0.70688	0.02072	0.03146	0.01688	0.02686	0.02302	0.01535	0.02302	0.01304	0.01535	0.00921	0.00691	0.00691	0.00230	0.01074	0.00537	0.00307	0.01074
34	0.01880	0.03169	0.54533	0.01890	0.02844	0.01543	0.02307	0.02592	0.01662	0.18251	0.01670	0.01755	0.01127	0.00740	0.00700	0.00229	0.00968	0.00583	0.00446	0.01112
35	0.01290	0.01141	0.01906	0.01659	0.01940	0.01142	0.17311	0.01689	0.04610	0.02089	0.03129	0.13160	0.07253	0.10211	0.01330	0.00341	0.04537	0.23972	0.00554	0.00735
36	0.01373	0.01292	0.02180	0.72707	0.05006	0.01615	0.02019	0.01857	0.01453	0.01857	0.01292	0.01938	0.00969	0.00727	0.00727	0.00242	0.00969	0.00646	0.00323	0.00807
37	0.01456	0.01468	0.02765	0.48537	0.04474	0.01640	0.21792	0.01965	0.01531	0.02000	0.01460	0.04969	0.01171	0.00757	0.00775	0.00245	0.01024	0.00770	0.00351	0.00851
38	0.01752	0.01808	0.03467	0.06052	0.41150	0.01768	0.28511	0.02258	0.01673	0.02340	0.01407	0.01869	0.01126	0.00636	0.00776	0.00229	0.01013	0.00733	0.00362	0.01071
39	0.01668	0.01747	0.02119	0.18432	0.02639	0.12209	0.01616	0.01906	0.01347	0.01785	0.01217	0.05406	0.01156	0.01120	0.01666	0.00280	0.41858	0.00688	0.00346	0.00794
40	0.01176	0.00810	0.01061	0.01162	0.01352	0.00769	0.00967	0.01448	0.01657	0.05648	0.04605	0.15624	0.18814	0.01945	0.00948	0.00304	0.00569	0.39781	0.00683	0.00677
41	0.02839	0.01828	0.17842	0.01476	0.02158	0.01213	0.01447	0.03252	0.01953	0.54474	0.02502	0.02254	0.01594	0.00851	0.00722	0.00226	0.00725	0.00686	0.00761	0.01199
42	0.01458	0.03760	0.70688	0.02072	0.03146	0.01688	0.02686	0.02302	0.01535	0.02302	0.01304	0.01535	0.00921	0.00691	0.00691	0.00230	0.01074	0.00537	0.00307	0.01074
43	0.01630	0.01662	0.02384	0.02105	0.05595	0.04518	0.06807	0.01844	0.01224	0.01827	0.01059	0.01667	0.01007	0.01322	0.04644	0.00333	0.58566	0.00654	0.00329	0.00825
44	0.02087	0.02463	0.28372	0.02376	0.18300	0.05427	0.01981	0.06223	0.01822	0.18503	0.01800	0.04400	0.01340	0.00800	0.00715	0.00225	0.00892	0.00666	0.00500	0.01110
45	0.01440	0.01416	0.02573	0.53207	0.07577	0.01623	0.14684	0.01933	0.01511	0.01973	0.01437	0.04774	0.01155	0.00762	0.00760	0.00244	0.00993	0.00743	0.00347	0.00848
46	0.01373	0.01286	0.02163	0.66773	0.07812	0.01580	0.01976	0.01841	0.01460	0.01881	0.01402	0.04765	0.01128	0.00784	0.00734	0.00243	0.00943	0.00702	0.00339	0.00815
47	0.01030	0.00806	0.01155	0.03973	0.01461	0.00771	0.04312	0.01276	0.01579	0.02066	0.09571	0.34389	0.14499	0.01928	0.00920	0.00288	0.00535	0.18138	0.00654	0.00651
48	0.01980	0.02523	0.32315	0.02550	0.18547	0.01569	0.08618	0.02574	0.01707	0.18041	0.01696	0.01856	0.01196	0.00721	0.00723	0.00227	0.00935	0.00640	0.00462	0.01121
49	0.01465	0.03372	0.58708	0.02127	0.03110	0.01650	0.10423	0.02253	0.01586	0.02340	0.05152	0.01805	0.01276	0.00726	0.00720	0.00232	0.01052	0.00620	0.00342	0.01041
50	0.01242	0.01028	0.01564	0.18042	0.02361	0.01083	0.05959	0.04932	0.01673	0.02190	0.06991	0.20331	0.08963	0.01564	0.00876	0.00278	0.00687	0.18925	0.00579	0.00732
