[name]
unknown

[dist]
# distance from previous block
# <min> <max>
0	288

[block]
# block no. 0 follows, 33 sequences, length 48
# corresponding to MSA columns:
# 295-342
name=unknown_A
#
# <colnr> <probs for GDERKNQSTAVLIFYWHMCP>
#	G	D	E	R	K	N	Q	S	T	A	V	L	I	F	Y	W	H	M	C	P
0	0.01705	0.13134	0.09440	0.01468	0.04285	0.07925	0.03704	0.05495	0.13952	0.08366	0.01787	0.02299	0.01505	0.05717	0.05364	0.00280	0.03416	0.05406	0.00463	0.04288
1	0.01474	0.04843	0.13415	0.01564	0.02125	0.01341	0.14914	0.09893	0.01584	0.02259	0.01560	0.11519	0.01418	0.00796	0.00690	0.00183	0.03342	0.00709	0.00414	0.25956
2	0.01738	0.07609	0.05250	0.01633	0.09060	0.13768	0.01206	0.06870	0.27395	0.03800	0.02062	0.11503	0.01785	0.00922	0.00651	0.00205	0.00691	0.00759	0.00519	0.02575
3	0.01922	0.01478	0.01729	0.01298	0.01844	0.08631	0.07083	0.08399	0.01697	0.16760	0.01497	0.01581	0.01111	0.00608	0.00575	0.00147	0.00651	0.00502	0.00491	0.41997
4	0.01413	0.02360	0.33516	0.02112	0.11605	0.06791	0.13989	0.01945	0.01494	0.02071	0.08668	0.04580	0.01635	0.03994	0.00793	0.00227	0.00885	0.00687	0.00361	0.00875
5	0.01423	0.18925	0.11250	0.08872	0.01962	0.01443	0.06279	0.04631	0.01435	0.05137	0.07669	0.04279	0.03259	0.13596	0.03075	0.00288	0.00731	0.00704	0.04291	0.00752
6	0.00819	0.00586	0.00779	0.00905	0.00959	0.00546	0.00612	0.00959	0.01339	0.01805	0.12543	0.67165	0.04595	0.01970	0.00832	0.00260	0.00373	0.01783	0.00626	0.00546
7	0.01554	0.01776	0.03885	0.02775	0.03441	0.01665	0.70366	0.02109	0.01554	0.02109	0.01332	0.01776	0.00999	0.00555	0.00777	0.00222	0.01110	0.00777	0.00333	0.00888
8	0.01338	0.01423	0.07289	0.40603	0.19296	0.03509	0.01730	0.01791	0.02660	0.01959	0.10441	0.02105	0.01622	0.00733	0.00668	0.00210	0.00792	0.00655	0.00363	0.00812
9	0.01579	0.01513	0.02582	0.13274	0.63915	0.01551	0.01996	0.01977	0.01475	0.02090	0.01229	0.01646	0.01021	0.00596	0.00653	0.00199	0.00794	0.00586	0.00322	0.01002
10	0.00820	0.00612	0.00788	0.00883	0.00972	0.00580	0.00617	0.00968	0.01304	0.01717	0.06662	0.50489	0.17276	0.02331	0.10341	0.00359	0.00549	0.01600	0.00582	0.00549
11	0.00990	0.01055	0.10441	0.01164	0.01392	0.00914	0.01031	0.01293	0.01101	0.01600	0.01688	0.02431	0.01541	0.04379	0.64712	0.00948	0.01661	0.00677	0.00343	0.00638
12	0.00944	0.00640	0.00714	0.00714	0.00731	0.00632	0.00406	0.00956	0.00998	0.01314	0.02416	0.04459	0.07601	0.71278	0.03160	0.00607	0.00616	0.00989	0.00415	0.00411
13	0.00847	0.00609	0.00833	0.00965	0.01026	0.00595	0.00685	0.00996	0.01260	0.01691	0.03372	0.59751	0.03945	0.02410	0.10362	0.00374	0.00584	0.08569	0.00577	0.00549
14	0.01055	0.00894	0.01017	0.01025	0.01143	0.06419	0.00767	0.01274	0.01564	0.02097	0.32176	0.29027	0.04557	0.01565	0.00898	0.00239	0.06025	0.07036	0.00613	0.00609
15	0.11838	0.23967	0.44307	0.01534	0.02318	0.01826	0.01841	0.02033	0.01340	0.02046	0.01072	0.01254	0.00821	0.00606	0.00540	0.00189	0.00837	0.00432	0.00296	0.00903
16	0.01607	0.01777	0.03417	0.02928	0.17961	0.05182	0.48388	0.02084	0.01525	0.02062	0.01269	0.01696	0.00993	0.00604	0.00825	0.00218	0.05525	0.00707	0.00329	0.00905
17	0.00802	0.00573	0.00764	0.00917	0.00955	0.00535	0.00611	0.00917	0.01260	0.01681	0.03628	0.76434	0.04354	0.02062	0.00840	0.00267	0.00382	0.01872	0.00611	0.00535
18	0.01559	0.01637	0.03219	0.09425	0.32367	0.01606	0.36148	0.02036	0.01511	0.02090	0.01279	0.01713	0.01007	0.00577	0.00715	0.00211	0.00954	0.00682	0.00327	0.00939
19	0.01841	0.09745	0.13044	0.01735	0.08276	0.08030	0.06574	0.07818	0.04164	0.13783	0.01955	0.04568	0.06750	0.00850	0.00789	0.00207	0.07826	0.00671	0.00464	0.00908
20	0.01046	0.00727	0.01010	0.01122	0.01244	0.00737	0.00936	0.01269	0.01370	0.01800	0.03021	0.06293	0.03267	0.09851	0.07479	0.06385	0.00705	0.50639	0.00540	0.00559
21	0.02076	0.01170	0.01661	0.01374	0.01649	0.01281	0.03475	0.02287	0.01497	0.35944	0.03543	0.11627	0.01798	0.01092	0.01195	0.00241	0.25801	0.00805	0.00593	0.00892
22	0.11829	0.01426	0.01781	0.21238	0.07770	0.03994	0.01322	0.18416	0.01896	0.21527	0.01616	0.01731	0.01126	0.00721	0.00626	0.00205	0.00716	0.00574	0.00536	0.00949
23	0.01502	0.25499	0.34832	0.09226	0.02619	0.01875	0.05916	0.03337	0.05714	0.01959	0.01207	0.01417	0.00929	0.00625	0.00579	0.00190	0.00857	0.00491	0.00315	0.00911
24	0.00803	0.00588	0.00755	0.00881	0.00947	0.00540	0.00597	0.00931	0.01311	0.01725	0.06279	0.65003	0.13246	0.01988	0.00830	0.00260	0.00373	0.01787	0.00615	0.00540
25	0.01482	0.01240	0.01428	0.01031	0.01610	0.00998	0.00829	0.08759	0.01543	0.02352	0.01212	0.01387	0.00990	0.00519	0.00505	0.00108	0.00512	0.00411	0.00418	0.72667
26	0.01290	0.01837	0.24670	0.10930	0.02319	0.01172	0.03456	0.02862	0.02860	0.02064	0.05077	0.02030	0.06515	0.00775	0.00694	0.03622	0.00701	0.00589	0.00378	0.26158
27	0.01629	0.09407	0.02591	0.08435	0.41486	0.06077	0.07795	0.02121	0.07345	0.02055	0.01503	0.01798	0.03548	0.00655	0.00642	0.00196	0.00798	0.00610	0.00359	0.00952
28	0.00905	0.00680	0.00949	0.00962	0.01083	0.00731	0.00727	0.01118	0.01214	0.01683	0.09850	0.12136	0.10751	0.05896	0.47289	0.00766	0.01249	0.00982	0.00453	0.00576
29	0.01554	0.01776	0.03885	0.02775	0.03441	0.01665	0.70366	0.02109	0.01554	0.02109	0.01332	0.01776	0.00999	0.00555	0.00777	0.00222	0.01110	0.00777	0.00333	0.00888
30	0.01490	0.01442	0.02046	0.01971	0.11182	0.08771	0.16753	0.04369	0.09985	0.02166	0.04638	0.05827	0.04013	0.01099	0.00767	0.00238	0.00773	0.21168	0.00494	0.00809
31	0.01293	0.01221	0.02065	0.66048	0.13376	0.01476	0.01853	0.01726	0.01340	0.01743	0.01179	0.01739	0.00899	0.00649	0.00657	0.00216	0.00865	0.00585	0.00297	0.00772
32	0.00829	0.00658	0.00749	0.00779	0.00952	0.00578	0.00582	0.01021	0.01520	0.01920	0.16978	0.18724	0.44011	0.01695	0.00799	0.00234	0.00359	0.06415	0.00630	0.00567
33	0.01902	0.01488	0.01653	0.01230	0.01787	0.01427	0.01002	0.34157	0.02181	0.03090	0.01364	0.01467	0.01043	0.00630	0.00568	0.00145	0.00599	0.00486	0.00517	0.43265
34	0.01081	0.00883	0.00981	0.00976	0.01133	0.06438	0.00741	0.02537	0.01298	0.01762	0.02802	0.10709	0.14256	0.03125	0.37252	0.00629	0.01119	0.00910	0.10765	0.00603
35	0.01364	0.10664	0.66573	0.01803	0.02735	0.01635	0.02304	0.02074	0.01385	0.02032	0.01155	0.01357	0.00835	0.00619	0.00606	0.00202	0.00947	0.00473	0.00278	0.00960
36	0.00973	0.00837	0.00877	0.00997	0.01066	0.08129	0.00679	0.01093	0.01323	0.01673	0.03359	0.68679	0.03993	0.01920	0.00815	0.00257	0.00465	0.01722	0.00583	0.00558
37	0.00857	0.00578	0.00744	0.00877	0.00931	0.00545	0.00592	0.00997	0.01276	0.01781	0.03437	0.66846	0.04009	0.01895	0.00791	0.00253	0.00372	0.01708	0.10968	0.00545
38	0.02144	0.01432	0.01575	0.01270	0.01706	0.01530	0.01029	0.35044	0.14863	0.14778	0.02511	0.02403	0.08762	0.00901	0.00658	0.00202	0.00589	0.00715	0.06879	0.01008
39	0.28467	0.02084	0.14318	0.01351	0.01857	0.16342	0.01238	0.07295	0.11236	0.07885	0.01402	0.01467	0.01039	0.00694	0.00558	0.00200	0.00751	0.00487	0.00455	0.00875
40	0.00829	0.00592	0.00794	0.00947	0.00997	0.00558	0.00657	0.00963	0.01287	0.01710	0.03614	0.69322	0.04296	0.02037	0.00847	0.00271	0.00405	0.08720	0.00611	0.00542
41	0.02954	0.01120	0.01528	0.01171	0.01681	0.00968	0.00968	0.03208	0.01884	0.73213	0.02597	0.02241	0.01630	0.00815	0.00662	0.00204	0.00560	0.00662	0.00815	0.01120
42	0.02193	0.02760	0.07456	0.01702	0.02044	0.50359	0.01390	0.07447	0.01767	0.01832	0.01045	0.01277	0.00870	0.00767	0.00880	0.00196	0.14399	0.00468	0.00349	0.00798
43	0.01757	0.01143	0.01259	0.01054	0.01369	0.01220	0.00843	0.29388	0.02118	0.05851	0.09149	0.02357	0.01919	0.01148	0.06063	0.00246	0.00594	0.00673	0.31013	0.00836
44	0.00818	0.00585	0.00778	0.00906	0.00958	0.00545	0.00612	0.00956	0.01332	0.01795	0.11845	0.67891	0.04576	0.01977	0.00833	0.00260	0.00373	0.01790	0.00625	0.00545
45	0.01132	0.00738	0.00937	0.00998	0.01128	0.00722	0.00704	0.01487	0.10437	0.09192	0.03399	0.59200	0.03769	0.01782	0.00800	0.00255	0.00418	0.01601	0.00640	0.00661
46	0.02406	0.08852	0.01992	0.01646	0.02009	0.66555	0.01260	0.04562	0.01861	0.01680	0.01026	0.01189	0.00856	0.00673	0.00582	0.00168	0.01136	0.00423	0.00344	0.00780
47	0.01865	0.54006	0.10460	0.01299	0.01883	0.07977	0.01291	0.10924	0.01612	0.01947	0.01037	0.01169	0.00880	0.00608	0.00488	0.00157	0.00772	0.00403	0.00335	0.00888

[dist]
# distance from previous block
# <min> <max>
0	1

[block]
# block no. 1 follows, 33 sequences, length 44
# corresponding to MSA columns:
# 344-387
name=unknown_B
#
# <colnr> <probs for GDERKNQSTAVLIFYWHMCP>
#	G	D	E	R	K	N	Q	S	T	A	V	L	I	F	Y	W	H	M	C	P
0	0.08278	0.01377	0.01477	0.01313	0.01641	0.01620	0.01038	0.05495	0.50530	0.02625	0.02511	0.02417	0.05917	0.00943	0.00832	0.00228	0.09485	0.00724	0.00598	0.00950
1	0.00910	0.00815	0.00783	0.00762	0.00977	0.04944	0.00571	0.01107	0.01598	0.01948	0.20045	0.05734	0.54412	0.01542	0.00767	0.00216	0.00379	0.01291	0.00619	0.00582
2	0.00957	0.00638	0.00718	0.00718	0.00718	0.00638	0.00399	0.00957	0.00957	0.01276	0.02074	0.04308	0.02393	0.76864	0.03351	0.00638	0.00638	0.00957	0.00399	0.00399
3	0.01360	0.05867	0.61172	0.05142	0.02759	0.01541	0.02220	0.04678	0.01474	0.02154	0.04737	0.01577	0.01116	0.00667	0.00628	0.00206	0.00916	0.00525	0.00316	0.00945
4	0.00796	0.00668	0.00692	0.00686	0.00900	0.00564	0.00515	0.00980	0.01544	0.01881	0.14516	0.06166	0.64579	0.01629	0.00778	0.00220	0.00331	0.01366	0.00625	0.00564
5	0.01018	0.00693	0.00901	0.00838	0.01012	0.00634	0.00632	0.01321	0.01850	0.05835	0.66664	0.04850	0.08575	0.01334	0.00771	0.00207	0.00323	0.01174	0.00724	0.00641
6	0.11300	0.01785	0.02338	0.03281	0.52729	0.13364	0.01743	0.02109	0.01513	0.02159	0.01164	0.01491	0.00972	0.00604	0.00613	0.00192	0.00815	0.00533	0.00338	0.00958
7	0.49552	0.01346	0.01362	0.01372	0.09952	0.01483	0.00970	0.07581	0.07371	0.11439	0.01359	0.01435	0.01005	0.00671	0.00509	0.00204	0.00566	0.00472	0.00489	0.00861
8	0.00802	0.00573	0.00764	0.00917	0.00955	0.00535	0.00611	0.00917	0.01260	0.01681	0.03628	0.76434	0.04354	0.02062	0.00840	0.00267	0.00382	0.01872	0.00611	0.00535
9	0.01189	0.01014	0.01112	0.01226	0.01382	0.09493	0.01018	0.01447	0.01519	0.01884	0.03213	0.17090	0.03523	0.01719	0.00861	0.00282	0.00642	0.50197	0.00575	0.00614
10	0.01438	0.23126	0.54761	0.01676	0.02540	0.01816	0.02084	0.02055	0.01376	0.01942	0.01110	0.01301	0.00837	0.00609	0.00571	0.00190	0.00901	0.00451	0.00279	0.00939
11	0.00800	0.00660	0.00725	0.00744	0.00931	0.00585	0.00552	0.00969	0.01419	0.01737	0.05715	0.14374	0.55785	0.02105	0.09556	0.00328	0.00510	0.01366	0.00580	0.00557
12	0.01554	0.01776	0.03885	0.02775	0.03441	0.01665	0.70366	0.02109	0.01554	0.02109	0.01332	0.01776	0.00999	0.00555	0.00777	0.00222	0.01110	0.00777	0.00333	0.00888
13	0.01603	0.01712	0.01992	0.01723	0.01777	0.13569	0.01413	0.01751	0.01145	0.01589	0.00889	0.01400	0.00862	0.01076	0.01910	0.00269	0.63744	0.00552	0.00296	0.00727
14	0.01249	0.00877	0.04580	0.00920	0.01176	0.00714	0.00755	0.01562	0.01815	0.13356	0.53040	0.04442	0.10408	0.01254	0.00752	0.00208	0.00384	0.01090	0.00707	0.00710
15	0.01728	0.01321	0.01429	0.01267	0.01644	0.01473	0.00991	0.03265	0.57788	0.11088	0.02981	0.02733	0.07459	0.00944	0.00677	0.00221	0.00511	0.00785	0.00683	0.01013
16	0.01320	0.03405	0.73453	0.01876	0.02849	0.01529	0.02432	0.02085	0.01390	0.02085	0.01181	0.01390	0.00834	0.00625	0.00625	0.00208	0.00973	0.00486	0.00278	0.00973
17	0.01602	0.01775	0.11185	0.07118	0.51565	0.01549	0.09398	0.02054	0.01493	0.04089	0.01276	0.01640	0.01021	0.00598	0.00663	0.00201	0.00839	0.00597	0.00333	0.01004
18	0.01361	0.01484	0.07500	0.01686	0.01818	0.01741	0.04590	0.01597	0.01126	0.01690	0.01277	0.02234	0.01263	0.01388	0.06109	0.00326	0.53078	0.08673	0.00331	0.00726
19	0.00829	0.00601	0.00808	0.00936	0.00997	0.00580	0.00652	0.00969	0.01259	0.01680	0.03538	0.61254	0.07123	0.02376	0.09604	0.00361	0.00555	0.04750	0.00580	0.00545
20	0.01005	0.00764	0.01008	0.01194	0.09455	0.00757	0.00716	0.01132	0.01175	0.01561	0.02830	0.09690	0.12674	0.38108	0.09935	0.00518	0.00711	0.05778	0.00447	0.00544
21	0.01506	0.01594	0.03093	0.02646	0.14677	0.01632	0.40640	0.02002	0.04272	0.02021	0.01337	0.01794	0.01078	0.01002	0.06679	0.00292	0.11814	0.00709	0.00341	0.00873
22	0.01329	0.01556	0.08367	0.02132	0.02653	0.01328	0.43514	0.01794	0.01523	0.02068	0.07033	0.11384	0.05512	0.00939	0.00782	0.00231	0.00882	0.05753	0.00422	0.00797
23	0.01243	0.01170	0.01975	0.75282	0.04534	0.01463	0.01828	0.01682	0.01316	0.01682	0.01170	0.01755	0.00878	0.00658	0.00658	0.00219	0.00878	0.00585	0.00293	0.00731
24	0.01166	0.10190	0.07773	0.01173	0.01444	0.03959	0.05030	0.01396	0.01378	0.04420	0.03037	0.41637	0.08464	0.01521	0.00750	0.00236	0.00563	0.04674	0.00522	0.00668
25	0.01518	0.02070	0.17454	0.02762	0.12339	0.01625	0.48073	0.02093	0.01514	0.02110	0.01290	0.01681	0.00972	0.00573	0.00731	0.00216	0.01040	0.00695	0.00321	0.00925
26	0.01052	0.00789	0.01200	0.01086	0.01272	0.00729	0.08932	0.01284	0.01514	0.05580	0.25522	0.29124	0.09687	0.07903	0.01011	0.00267	0.00473	0.01346	0.00607	0.00624
27	0.01087	0.01493	0.18049	0.01301	0.01734	0.01019	0.09019	0.01607	0.08810	0.01974	0.03869	0.15661	0.29163	0.01281	0.00741	0.00226	0.00599	0.01120	0.00508	0.00738
28	0.02012	0.06843	0.01802	0.01660	0.07285	0.46363	0.01170	0.02255	0.04461	0.01649	0.01285	0.01756	0.01162	0.10127	0.07151	0.00303	0.01083	0.00533	0.00356	0.00743
29	0.01693	0.10764	0.21079	0.02564	0.24086	0.13995	0.12487	0.02148	0.01523	0.01969	0.01165	0.01452	0.00927	0.00605	0.00629	0.00192	0.00942	0.00537	0.00312	0.00931
30	0.01522	0.01652	0.02613	0.02039	0.02380	0.10263	0.30808	0.01851	0.01349	0.01792	0.01257	0.01829	0.01091	0.04441	0.11432	0.00367	0.21546	0.00677	0.00327	0.00766
31	0.01448	0.01774	0.15124	0.06975	0.19658	0.01458	0.15983	0.04326	0.11005	0.02191	0.02015	0.06544	0.06885	0.00812	0.00697	0.00215	0.00795	0.00769	0.00413	0.00913
32	0.01044	0.00837	0.01087	0.01294	0.09647	0.00798	0.00866	0.05282	0.01534	0.01975	0.04278	0.24484	0.27958	0.01622	0.00798	0.00246	0.00477	0.14541	0.00579	0.00652
33	0.01343	0.03259	0.67505	0.02002	0.05607	0.01536	0.05524	0.02083	0.01402	0.02089	0.01191	0.01417	0.00850	0.00621	0.00633	0.00209	0.00972	0.00504	0.00282	0.00972
34	0.01116	0.04517	0.05622	0.01032	0.01296	0.01008	0.00883	0.03834	0.07975	0.02146	0.17739	0.06590	0.26431	0.01356	0.00855	0.00227	0.06318	0.08198	0.02165	0.00690
35	0.01718	0.01954	0.16984	0.02337	0.07808	0.01541	0.35682	0.02310	0.05162	0.12545	0.01532	0.01780	0.01109	0.00650	0.00770	0.00217	0.03861	0.00680	0.00408	0.00951
36	0.01479	0.14508	0.32185	0.02040	0.07888	0.04984	0.17383	0.02001	0.01439	0.01956	0.01360	0.07283	0.01164	0.00711	0.00644	0.00203	0.00910	0.00643	0.00323	0.00895
37	0.04100	0.00774	0.01003	0.00989	0.01155	0.00776	0.00760	0.02547	0.04730	0.08556	0.06857	0.11123	0.10033	0.02089	0.09994	0.20496	0.00656	0.12247	0.00520	0.00594
38	0.01010	0.00990	0.06333	0.10645	0.01797	0.00857	0.06392	0.01294	0.01383	0.01834	0.03317	0.31193	0.12848	0.01521	0.00787	0.00250	0.00574	0.13114	0.03227	0.00637
39	0.04959	0.05303	0.08487	0.01766	0.11612	0.08547	0.01339	0.28957	0.04819	0.05414	0.01847	0.08072	0.04255	0.00868	0.00649	0.00201	0.00732	0.00695	0.00521	0.00959
40	0.06481	0.01654	0.03430	0.08760	0.31006	0.08046	0.03087	0.07203	0.16211	0.03777	0.01591	0.03153	0.01268	0.00713	0.00643	0.00204	0.00751	0.00620	0.00439	0.00964
41	0.01307	0.01141	0.01157	0.01088	0.01301	0.08324	0.00826	0.03331	0.14136	0.04469	0.08716	0.16181	0.20094	0.02787	0.03769	0.00266	0.06908	0.01081	0.02407	0.00712
42	0.02967	0.05031	0.01986	0.03235	0.13231	0.11380	0.09229	0.05885	0.12934	0.03388	0.03289	0.07976	0.05608	0.00938	0.01800	0.00213	0.00743	0.02298	0.00467	0.07404
43	0.04824	0.39454	0.02391	0.01121	0.01599	0.01928	0.01004	0.07434	0.11030	0.05288	0.03210	0.04420	0.06217	0.00777	0.00536	0.00170	0.00606	0.00582	0.00444	0.06967

[dist]
# distance from previous block
# <min> <max>
1	3

[block]
# block no. 2 follows, 33 sequences, length 75
# corresponding to MSA columns:
# 391-465
name=unknown_C
#
# <colnr> <probs for GDERKNQSTAVLIFYWHMCP>
#	G	D	E	R	K	N	Q	S	T	A	V	L	I	F	Y	W	H	M	C	P
0	0.01435	0.04734	0.44366	0.02031	0.11268	0.01478	0.06668	0.03742	0.03506	0.04403	0.08677	0.01864	0.01494	0.00706	0.00652	0.00206	0.00850	0.00603	0.00371	0.00946
1	0.01203	0.01113	0.01916	0.15488	0.14817	0.01166	0.12395	0.01528	0.01403	0.01921	0.09403	0.20131	0.03691	0.01372	0.05849	0.00286	0.04129	0.01011	0.00437	0.00740
2	0.01415	0.03373	0.20910	0.03641	0.02014	0.01204	0.09094	0.03984	0.04060	0.09142	0.16868	0.06251	0.03893	0.06751	0.00947	0.00248	0.02816	0.02080	0.00496	0.00813
3	0.01717	0.01470	0.07334	0.03749	0.06015	0.01520	0.01301	0.09766	0.07365	0.13125	0.03642	0.05606	0.06318	0.01018	0.01160	0.00234	0.24937	0.00726	0.00494	0.02506
4	0.01302	0.01422	0.08986	0.04621	0.07429	0.06645	0.06422	0.01814	0.10274	0.04068	0.07510	0.09848	0.22070	0.01168	0.00726	0.00220	0.00627	0.03562	0.00518	0.00768
5	0.01224	0.01151	0.03858	0.11275	0.22056	0.01112	0.03243	0.03952	0.04379	0.02008	0.04417	0.21685	0.14549	0.01199	0.00729	0.00224	0.00605	0.01078	0.00478	0.00775
6	0.06614	0.04068	0.05670	0.04265	0.05026	0.05208	0.10839	0.09848	0.05723	0.11323	0.04783	0.03898	0.07740	0.00918	0.00833	0.00219	0.08579	0.03084	0.00499	0.00866
7	0.01448	0.03267	0.01357	0.01255	0.03962	0.02816	0.03803	0.06357	0.12458	0.11121	0.04574	0.35476	0.06561	0.01408	0.00747	0.00234	0.00519	0.01246	0.00613	0.00777
8	0.00881	0.00644	0.00901	0.01021	0.01102	0.00612	0.02182	0.01054	0.01342	0.01783	0.05430	0.56997	0.04204	0.01955	0.00853	0.00273	0.00447	0.17151	0.00607	0.00561
9	0.01545	0.01400	0.02300	0.02746	0.34665	0.03622	0.12188	0.03493	0.01501	0.05233	0.01723	0.05775	0.01590	0.04275	0.06379	0.00298	0.02214	0.07770	0.00404	0.00881
10	0.04935	0.01269	0.04880	0.05654	0.26856	0.01174	0.06806	0.03185	0.01512	0.04482	0.06840	0.12647	0.14929	0.01043	0.00706	0.00215	0.00636	0.00944	0.00465	0.00820
11	0.01567	0.01612	0.05651	0.11363	0.50483	0.01567	0.09125	0.02092	0.06053	0.02132	0.01332	0.01702	0.01074	0.00613	0.00666	0.00203	0.00818	0.00612	0.00343	0.00990
12	0.01455	0.01484	0.02262	0.01866	0.01953	0.01970	0.10492	0.01653	0.01080	0.01653	0.00926	0.01484	0.00882	0.01074	0.01979	0.00279	0.65869	0.00602	0.00294	0.00742
13	0.03603	0.01470	0.02202	0.07334	0.36932	0.01517	0.03466	0.10869	0.09254	0.11669	0.03987	0.01901	0.01386	0.00704	0.00659	0.00203	0.00711	0.00634	0.00481	0.01017
14	0.01581	0.12817	0.24993	0.04888	0.18784	0.06221	0.11951	0.02063	0.01478	0.04011	0.01437	0.01684	0.03901	0.00650	0.00632	0.00196	0.00883	0.00575	0.00331	0.00924
15	0.01520	0.07561	0.41382	0.02430	0.20678	0.06541	0.06629	0.02099	0.01458	0.02037	0.01178	0.01441	0.00900	0.00610	0.00627	0.00199	0.00930	0.00518	0.00298	0.00963
16	0.00899	0.00645	0.00844	0.00970	0.01040	0.00620	0.00681	0.03916	0.01363	0.01813	0.03528	0.66650	0.04163	0.01985	0.00839	0.00268	0.00418	0.08180	0.00613	0.00566
17	0.01512	0.01440	0.02417	0.12543	0.56730	0.01488	0.01867	0.01883	0.01454	0.02044	0.01537	0.04191	0.04329	0.00707	0.00709	0.00205	0.02981	0.00662	0.00342	0.00957
18	0.01458	0.13536	0.34154	0.02023	0.02755	0.01736	0.24391	0.02023	0.01426	0.01999	0.03123	0.01567	0.01039	0.00644	0.00740	0.00208	0.05381	0.00586	0.00309	0.00902
19	0.01463	0.01081	0.01279	0.01169	0.01420	0.03160	0.03684	0.04179	0.23596	0.09805	0.05908	0.20285	0.04037	0.11965	0.01106	0.00290	0.00549	0.03632	0.00609	0.00784
20	0.01760	0.77260	0.03450	0.01126	0.01690	0.02605	0.01126	0.01971	0.01338	0.01549	0.00915	0.01056	0.00845	0.00563	0.00422	0.00141	0.00704	0.00352	0.00282	0.00845
21	0.01251	0.01041	0.01568	0.02081	0.24048	0.01045	0.01327	0.01652	0.05044	0.02054	0.02949	0.05257	0.07537	0.01370	0.00806	0.00259	0.00639	0.38788	0.00521	0.00764
22	0.04670	0.01500	0.02393	0.08329	0.52976	0.01526	0.01795	0.07043	0.01628	0.09748	0.01389	0.01679	0.01087	0.00631	0.00645	0.00198	0.00751	0.00587	0.00402	0.01023
23	0.00864	0.00659	0.00780	0.00853	0.00977	0.00605	0.00598	0.03811	0.01422	0.01817	0.04623	0.48462	0.28396	0.01870	0.00811	0.00248	0.00379	0.01647	0.00613	0.00566
24	0.00876	0.00671	0.00803	0.00770	0.00949	0.00598	0.00577	0.01135	0.01732	0.02329	0.48674	0.05430	0.30142	0.01462	0.00777	0.00213	0.00319	0.01262	0.00684	0.00598
25	0.01162	0.01214	0.10779	0.01481	0.04864	0.00922	0.11175	0.01466	0.01404	0.05923	0.02973	0.37697	0.07008	0.01473	0.00787	0.00247	0.00611	0.07583	0.00526	0.00707
26	0.01540	0.01709	0.02995	0.02383	0.07554	0.09131	0.43196	0.01963	0.01548	0.02024	0.06155	0.06272	0.03626	0.00781	0.00846	0.00221	0.06030	0.00821	0.00380	0.00827
27	0.00802	0.00573	0.00764	0.00917	0.00955	0.00535	0.00611	0.00917	0.01260	0.01681	0.03628	0.76434	0.04354	0.02062	0.00840	0.00267	0.00382	0.01872	0.00611	0.00535
28	0.01760	0.77260	0.03450	0.01126	0.01690	0.02605	0.01126	0.01971	0.01338	0.01549	0.00915	0.01056	0.00845	0.00563	0.00422	0.00141	0.00704	0.00352	0.00282	0.00845
29	0.01442	0.01877	0.13253	0.02455	0.03097	0.01527	0.53578	0.01980	0.01500	0.02060	0.01552	0.09557	0.01328	0.00723	0.00762	0.00225	0.01014	0.00851	0.00354	0.00863
30	0.01532	0.01449	0.02452	0.05730	0.63291	0.01453	0.01867	0.01895	0.01469	0.02088	0.01487	0.09483	0.01386	0.00743	0.00672	0.00204	0.00743	0.00721	0.00355	0.00981
31	0.00926	0.00669	0.00875	0.00832	0.00982	0.00618	0.00621	0.01229	0.01839	0.02600	0.69561	0.07879	0.06135	0.01376	0.00779	0.00210	0.00314	0.01219	0.00720	0.00618
32	0.02296	0.01680	0.01798	0.03932	0.08547	0.13688	0.01226	0.18673	0.07028	0.23218	0.01799	0.01841	0.01296	0.01053	0.05587	0.00258	0.03922	0.00601	0.00573	0.00983
33	0.01664	0.61129	0.18740	0.01290	0.01943	0.02370	0.01412	0.01996	0.01349	0.01666	0.00973	0.01129	0.00842	0.00577	0.00467	0.00156	0.00763	0.00381	0.00281	0.00873
34	0.01554	0.01776	0.03885	0.02775	0.03441	0.01665	0.70366	0.02109	0.01554	0.02109	0.01332	0.01776	0.00999	0.00555	0.00777	0.00222	0.01110	0.00777	0.00333	0.00888
35	0.01701	0.01707	0.03637	0.02606	0.03256	0.01592	0.63084	0.02224	0.01589	0.09570	0.01465	0.01825	0.01065	0.00582	0.00765	0.00220	0.01052	0.00765	0.00384	0.00912
36	0.04711	0.05163	0.05170	0.07151	0.02159	0.09197	0.08656	0.26305	0.02116	0.02805	0.11020	0.04314	0.01966	0.00896	0.00681	0.00207	0.00756	0.05327	0.00523	0.00877
37	0.01389	0.01174	0.01248	0.01150	0.01452	0.01304	0.00882	0.02700	0.48957	0.02438	0.05873	0.03535	0.14845	0.06879	0.00905	0.00257	0.00492	0.03006	0.00639	0.00877
38	0.00802	0.00573	0.00764	0.00917	0.00955	0.00535	0.00611	0.00917	0.01260	0.01681	0.03628	0.76434	0.04354	0.02062	0.00840	0.00267	0.00382	0.01872	0.00611	0.00535
39	0.01470	0.02964	0.55251	0.01880	0.02699	0.01635	0.06359	0.09227	0.01544	0.02258	0.01204	0.01438	0.00877	0.00686	0.00777	0.00215	0.07711	0.00523	0.00322	0.00960
40	0.01513	0.01456	0.02457	0.03270	0.50486	0.01447	0.09123	0.01996	0.06310	0.02142	0.01992	0.02390	0.08694	0.00759	0.00688	0.00207	0.00747	0.02972	0.00390	0.00960
41	0.02728	0.01063	0.01448	0.01145	0.01604	0.00922	0.00930	0.02968	0.01819	0.65707	0.02705	0.10026	0.01916	0.00946	0.00681	0.00210	0.00541	0.00789	0.00793	0.01059
42	0.81514	0.01273	0.00968	0.00866	0.01273	0.01477	0.00713	0.01935	0.01120	0.02954	0.00917	0.01069	0.00713	0.00611	0.00407	0.00204	0.00509	0.00356	0.00407	0.00713
43	0.00910	0.00654	0.00853	0.00839	0.00967	0.00607	0.00609	0.01173	0.01718	0.02412	0.57317	0.17299	0.05718	0.04862	0.00903	0.00237	0.00338	0.01298	0.00690	0.00596
44	0.01456	0.01167	0.01374	0.00986	0.01567	0.00883	0.00791	0.01746	0.01395	0.06193	0.01251	0.01415	0.01012	0.00506	0.00497	0.00104	0.00492	0.00406	0.00414	0.76345
45	0.67705	0.01365	0.01343	0.01111	0.01553	0.01535	0.08059	0.06659	0.01301	0.02947	0.01006	0.01179	0.00771	0.00617	0.00463	0.00205	0.00587	0.00417	0.00417	0.00759
46	0.00957	0.00638	0.00718	0.00718	0.00718	0.00638	0.00399	0.00957	0.00957	0.01276	0.02074	0.04308	0.02393	0.76864	0.03351	0.00638	0.00638	0.00957	0.00399	0.00399
47	0.01028	0.01005	0.07965	0.01261	0.06137	0.00898	0.00959	0.01269	0.01096	0.01565	0.01744	0.02807	0.01701	0.20932	0.45750	0.00821	0.01360	0.00735	0.00354	0.00612
48	0.01080	0.01051	0.08536	0.00968	0.01230	0.03027	0.00836	0.01424	0.01794	0.04866	0.56723	0.04419	0.08995	0.01249	0.00751	0.00207	0.00417	0.01086	0.00662	0.00676
49	0.01660	0.01425	0.01501	0.01344	0.01720	0.01648	0.01047	0.05221	0.69809	0.02790	0.02651	0.02434	0.01987	0.00891	0.00670	0.00223	0.00526	0.00740	0.00670	0.01044
50	0.02021	0.19619	0.04523	0.01831	0.09412	0.30183	0.05806	0.08346	0.05095	0.01994	0.01282	0.01623	0.01089	0.00704	0.00597	0.00181	0.00924	0.03529	0.00378	0.00863
51	0.02333	0.10714	0.02095	0.01783	0.06815	0.56448	0.01306	0.07516	0.01876	0.01828	0.01063	0.01232	0.00881	0.00668	0.00584	0.00170	0.01075	0.00440	0.00356	0.00817
52	0.01689	0.01410	0.01464	0.01105	0.01648	0.08658	0.00879	0.05057	0.03718	0.08871	0.01353	0.01472	0.01062	0.00564	0.00528	0.00123	0.00579	0.00439	0.00445	0.58935
53	0.01190	0.00942	0.01367	0.09359	0.15343	0.00949	0.01096	0.01538	0.05302	0.05151	0.07137	0.23377	0.12849	0.01379	0.00764	0.00238	0.00546	0.10207	0.00541	0.00725
54	0.01410	0.10517	0.53768	0.02008	0.05264	0.01658	0.12229	0.02075	0.01412	0.02037	0.01179	0.01421	0.00866	0.00608	0.00628	0.00203	0.00959	0.00519	0.00288	0.00950
55	0.00799	0.00668	0.00696	0.00689	0.00902	0.00565	0.00516	0.00985	0.01549	0.01894	0.15525	0.06145	0.63561	0.01624	0.00778	0.00220	0.00330	0.01363	0.00627	0.00565
56	0.01506	0.01520	0.02751	0.03179	0.41245	0.01517	0.20653	0.01902	0.01481	0.02061	0.01808	0.02151	0.08516	0.00730	0.00803	0.00212	0.05960	0.00723	0.00355	0.00927
57	0.00927	0.00660	0.00791	0.00766	0.00921	0.00605	0.00562	0.01178	0.01653	0.02309	0.43683	0.07137	0.19942	0.06556	0.00922	0.00236	0.00340	0.01179	0.09047	0.00588
58	0.01554	0.01776	0.03885	0.02775	0.03441	0.01665	0.70366	0.02109	0.01554	0.02109	0.01332	0.01776	0.00999	0.00555	0.00777	0.00222	0.01110	0.00777	0.00333	0.00888
59	0.01027	0.00747	0.01013	0.01146	0.01306	0.00733	0.00993	0.01313	0.01514	0.01947	0.03872	0.07294	0.12121	0.01800	0.00893	0.00293	0.00573	0.60208	0.00607	0.00600
60	0.01179	0.01008	0.01467	0.21590	0.02129	0.01264	0.01155	0.01405	0.01118	0.01600	0.01449	0.02383	0.01377	0.16590	0.15924	0.00479	0.20747	0.00681	0.05825	0.00627
61	0.00802	0.00573	0.00764	0.00917	0.00955	0.00535	0.00611	0.00917	0.01260	0.01681	0.03628	0.76434	0.04354	0.02062	0.00840	0.00267	0.00382	0.01872	0.00611	0.00535
62	0.00886	0.00585	0.00730	0.00846	0.00915	0.00551	0.00576	0.01041	0.01295	0.01839	0.03463	0.58724	0.06715	0.01788	0.00762	0.00243	0.00365	0.01601	0.16526	0.00551
63	0.01838	0.69346	0.03295	0.01167	0.01727	0.02546	0.01140	0.09169	0.01522	0.01822	0.00985	0.01111	0.00874	0.00587	0.00447	0.00147	0.00706	0.00377	0.00321	0.00874
64	0.00957	0.00638	0.00718	0.00718	0.00718	0.00638	0.00399	0.00957	0.00957	0.01276	0.02074	0.04308	0.02393	0.76864	0.03351	0.00638	0.00638	0.00957	0.00399	0.00399
65	0.00795	0.00670	0.00690	0.00693	0.00910	0.00566	0.00525	0.00972	0.01516	0.01822	0.09346	0.06315	0.67212	0.01659	0.00783	0.00225	0.00342	0.03782	0.00616	0.00560
66	0.00808	0.00606	0.00731	0.00826	0.00916	0.00549	0.00561	0.00928	0.01307	0.01677	0.04410	0.49633	0.24547	0.08025	0.01026	0.00284	0.00388	0.01653	0.00594	0.00530
67	0.01284	0.01211	0.02048	0.67806	0.11693	0.01473	0.01848	0.01718	0.01336	0.01731	0.01177	0.01742	0.00895	0.00651	0.00658	0.00217	0.00868	0.00585	0.00296	0.00764
68	0.00919	0.00660	0.00847	0.00958	0.01029	0.00638	0.00655	0.05692	0.01386	0.01850	0.03488	0.71301	0.04132	0.01975	0.00828	0.00263	0.00405	0.01784	0.00614	0.00575
69	0.07821	0.01798	0.02107	0.01602	0.02136	0.01963	0.08467	0.58673	0.02798	0.03853	0.01509	0.01566	0.01079	0.00753	0.00654	0.00201	0.00750	0.00596	0.00607	0.01067
70	0.01488	0.01420	0.02417	0.30068	0.47832	0.01527	0.01950	0.01897	0.01432	0.01980	0.01213	0.01675	0.00982	0.00613	0.00654	0.00204	0.00817	0.00586	0.00314	0.00929
71	0.01017	0.00783	0.00976	0.01100	0.01234	0.02963	0.00891	0.01282	0.02870	0.01875	0.03686	0.27310	0.09238	0.01824	0.00864	0.00281	0.00535	0.40075	0.00601	0.00595
72	0.01453	0.15111	0.13369	0.02136	0.22476	0.01593	0.03628	0.02033	0.11413	0.02027	0.01993	0.09780	0.06353	0.00876	0.00685	0.00205	0.02818	0.00747	0.00408	0.00896
73	0.00963	0.00991	0.08516	0.01053	0.03398	0.00766	0.00850	0.01213	0.01370	0.01854	0.13872	0.13543	0.19158	0.11409	0.13061	0.00411	0.00702	0.03448	0.00510	0.02912
74	0.09809	0.01656	0.14931	0.01375	0.04286	0.01170	0.05908	0.03769	0.01402	0.02255	0.01189	0.01420	0.00950	0.00680	0.02813	0.00174	0.00679	0.00453	0.00372	0.44712

[dist]
# distance from previous block
# <min> <max>
0	5

# created by:
# /home/cegg/simao/soft/augustus-3.2.1/scripts/msa2prfl.pl ./align_prep/EOG090W0GIV.fa
