[name]
unknown

[dist]
# distance from previous block
# <min> <max>
2	38

[block]
# block no. 0 follows, 30 sequences, length 43
# corresponding to MSA columns:
# 45-87
name=unknown_A
#
# <colnr> <probs for GDERKNQSTAVLIFYWHMCP>
#	G	D	E	R	K	N	Q	S	T	A	V	L	I	F	Y	W	H	M	C	P
0	0.04506	0.00993	0.01190	0.01099	0.01306	0.01042	0.00821	0.09591	0.05740	0.09133	0.10215	0.21377	0.07009	0.11708	0.04560	0.02403	0.04804	0.01152	0.00612	0.00740
1	0.09804	0.01233	0.03225	0.05194	0.04083	0.05436	0.00990	0.04051	0.03316	0.16127	0.08604	0.15193	0.07917	0.05459	0.00888	0.00255	0.00603	0.03722	0.00605	0.03295
2	0.03691	0.00762	0.00918	0.00926	0.01065	0.00745	0.00658	0.01380	0.05000	0.05473	0.13275	0.22065	0.11115	0.16418	0.03715	0.04618	0.00528	0.03990	0.03043	0.00613
3	0.03138	0.00685	0.00830	0.00894	0.01005	0.00638	0.00613	0.01130	0.01418	0.04339	0.10318	0.42033	0.16404	0.11770	0.01210	0.00317	0.00435	0.01604	0.00631	0.00587
4	0.03119	0.00839	0.01116	0.01131	0.02930	0.00824	0.02727	0.03179	0.03967	0.07333	0.11177	0.32104	0.06675	0.08867	0.06532	0.00359	0.00600	0.03220	0.02617	0.00684
5	0.04412	0.00829	0.01041	0.01018	0.01158	0.00822	0.02863	0.06887	0.01545	0.02146	0.13748	0.34839	0.06186	0.17585	0.01412	0.00346	0.00511	0.01424	0.00604	0.00624
6	0.01484	0.00958	0.01143	0.01090	0.01323	0.00964	0.00826	0.10016	0.08374	0.10075	0.08103	0.28772	0.07212	0.03434	0.00858	0.00257	0.00494	0.06054	0.07783	0.00781
7	0.05094	0.10898	0.01604	0.01166	0.01481	0.03561	0.03354	0.07079	0.11839	0.04680	0.06959	0.16109	0.06418	0.09809	0.01026	0.00271	0.00592	0.00989	0.03606	0.03464
8	0.03001	0.00874	0.01052	0.01105	0.05293	0.00856	0.00741	0.04326	0.05143	0.04631	0.13014	0.17646	0.10123	0.11772	0.01121	0.00284	0.00475	0.01128	0.14088	0.03328
9	0.03986	0.00845	0.00980	0.00916	0.01140	0.00817	0.00680	0.03676	0.04181	0.06730	0.11967	0.16280	0.05453	0.07478	0.04621	0.00291	0.00514	0.01019	0.20574	0.07853
10	0.08742	0.03879	0.01704	0.05249	0.03683	0.07458	0.03204	0.14053	0.22478	0.02806	0.08148	0.11303	0.02278	0.01035	0.00703	0.00226	0.00662	0.00861	0.00597	0.00929
11	0.15456	0.01344	0.01366	0.01185	0.01540	0.05546	0.00923	0.16341	0.03997	0.10164	0.06211	0.14648	0.02272	0.06839	0.00905	0.00256	0.00616	0.03189	0.00602	0.06600
12	0.05330	0.01154	0.01388	0.01155	0.01537	0.01140	0.00921	0.11444	0.09606	0.26076	0.26186	0.03371	0.05510	0.01083	0.00737	0.00219	0.00512	0.00906	0.00766	0.00958
13	0.01682	0.01506	0.04579	0.06336	0.12679	0.05152	0.03180	0.09900	0.03862	0.06491	0.05242	0.06628	0.01792	0.07932	0.07125	0.00349	0.13447	0.00783	0.00470	0.00864
14	0.18287	0.01127	0.01316	0.01058	0.01513	0.01062	0.00863	0.02716	0.01707	0.41462	0.02222	0.02112	0.01503	0.00791	0.00598	0.00200	0.00530	0.00611	0.14817	0.05503
15	0.01200	0.00610	0.00900	0.00900	0.00900	0.00610	0.00595	0.00915	0.00915	0.01221	0.01271	0.02268	0.01292	0.06809	0.02777	0.74954	0.00610	0.00631	0.00310	0.00310
16	0.10436	0.58279	0.03174	0.01235	0.01763	0.02552	0.01180	0.05081	0.01449	0.01932	0.00998	0.01180	0.00895	0.00665	0.00609	0.00172	0.06781	0.00405	0.00332	0.00883
17	0.02451	0.04467	0.04852	0.01747	0.02239	0.31258	0.04890	0.29362	0.06996	0.02918	0.01458	0.01554	0.01105	0.00770	0.00669	0.00199	0.00987	0.00564	0.00515	0.00999
18	0.01643	0.35546	0.34695	0.01548	0.02310	0.02045	0.01791	0.02131	0.01461	0.04612	0.01333	0.05563	0.01135	0.00729	0.00582	0.00192	0.00852	0.00543	0.00339	0.00950
19	0.01588	0.26782	0.39609	0.01874	0.02716	0.02012	0.12013	0.02175	0.01481	0.02030	0.01185	0.01420	0.00914	0.00630	0.00617	0.00200	0.00961	0.00516	0.00305	0.00974
20	0.00885	0.00640	0.00853	0.00999	0.01066	0.00608	0.00704	0.01037	0.01369	0.01813	0.03909	0.60838	0.07890	0.02274	0.04157	0.00323	0.00495	0.08926	0.00635	0.00579
21	0.01400	0.03610	0.71860	0.01989	0.03020	0.01621	0.02578	0.02210	0.01473	0.02210	0.01252	0.01473	0.00884	0.00663	0.00663	0.00221	0.01031	0.00516	0.00295	0.01031
22	0.00904	0.00699	0.00824	0.00816	0.00997	0.00619	0.00603	0.01146	0.01743	0.02302	0.36599	0.13539	0.33388	0.01654	0.00831	0.00233	0.00348	0.01430	0.00704	0.00619
23	0.01015	0.00677	0.00761	0.00761	0.00761	0.00677	0.00423	0.01015	0.01015	0.01353	0.02199	0.04567	0.02537	0.75476	0.03552	0.00677	0.00677	0.01015	0.00423	0.00423
24	0.01866	0.75896	0.03657	0.01194	0.01791	0.02761	0.01194	0.02090	0.01418	0.01642	0.00970	0.01119	0.00896	0.00597	0.00448	0.00149	0.00746	0.00373	0.00299	0.00896
25	0.01018	0.00682	0.00891	0.00937	0.01059	0.00625	0.00665	0.01225	0.01615	0.05812	0.28032	0.42200	0.08965	0.01820	0.00853	0.00254	0.00385	0.01628	0.00702	0.00634
26	0.00988	0.00713	0.00933	0.00878	0.01043	0.00658	0.00658	0.01317	0.01975	0.02798	0.70754	0.05213	0.06584	0.01427	0.00823	0.00219	0.00329	0.01262	0.00768	0.00658
27	0.01400	0.03610	0.71860	0.01989	0.03020	0.01621	0.02578	0.02210	0.01473	0.02210	0.01252	0.01473	0.00884	0.00663	0.00663	0.00221	0.01031	0.00516	0.00295	0.01031
28	0.01360	0.03391	0.66680	0.01915	0.02874	0.01544	0.02438	0.02120	0.01463	0.02179	0.01441	0.06835	0.01156	0.00774	0.00680	0.00226	0.00986	0.00623	0.00320	0.00997
29	0.00964	0.00712	0.00900	0.00853	0.01028	0.00648	0.00640	0.01271	0.01919	0.02665	0.61421	0.05433	0.16001	0.01477	0.00823	0.00222	0.00333	0.01293	0.00751	0.00648
30	0.02403	0.02979	0.02185	0.05867	0.08768	0.58309	0.05304	0.02643	0.01892	0.01795	0.01128	0.01369	0.00929	0.00701	0.00650	0.00188	0.01197	0.00496	0.00355	0.00842
31	0.01528	0.01914	0.14078	0.09233	0.11450	0.01597	0.28654	0.02261	0.10072	0.02300	0.05897	0.02255	0.03951	0.00751	0.00755	0.00229	0.00930	0.00775	0.00418	0.00951
32	0.02607	0.03326	0.01978	0.01798	0.02157	0.72674	0.01348	0.02787	0.01978	0.01708	0.01079	0.01258	0.00899	0.00719	0.00629	0.00180	0.01258	0.00449	0.00360	0.00809
33	0.01015	0.00677	0.00761	0.00761	0.00761	0.00677	0.00423	0.01015	0.01015	0.01353	0.02199	0.04567	0.02537	0.75476	0.03552	0.00677	0.00677	0.01015	0.00423	0.00423
34	0.00997	0.00748	0.01121	0.01121	0.01246	0.00872	0.00872	0.01246	0.01121	0.01620	0.01869	0.02741	0.01745	0.05234	0.72710	0.01121	0.01869	0.00748	0.00374	0.00623
35	0.01614	0.11320	0.41697	0.01969	0.05350	0.01817	0.07856	0.06803	0.10505	0.02387	0.01471	0.01638	0.01091	0.00696	0.00662	0.00215	0.00923	0.00573	0.00383	0.01031
36	0.01060	0.00686	0.00896	0.00974	0.01063	0.00648	0.00683	0.01212	0.01414	0.06035	0.10435	0.43786	0.04216	0.14942	0.01350	0.00346	0.00482	0.08541	0.00633	0.00596
37	0.00964	0.00686	0.00926	0.01078	0.01162	0.00663	0.00816	0.01154	0.01420	0.01872	0.03690	0.45264	0.04263	0.06487	0.01078	0.00321	0.00512	0.26424	0.00632	0.00587
38	0.56438	0.01814	0.06727	0.01328	0.01826	0.10165	0.08489	0.02172	0.01355	0.02792	0.01054	0.01257	0.00816	0.00651	0.00516	0.00214	0.00733	0.00446	0.00404	0.00803
39	0.00906	0.00703	0.00823	0.00807	0.00996	0.00621	0.00600	0.01153	0.01761	0.02322	0.37789	0.10492	0.35261	0.01629	0.00828	0.00231	0.00345	0.01404	0.00706	0.00621
40	0.04535	0.01834	0.01756	0.01580	0.06898	0.15111	0.01156	0.17021	0.12089	0.02761	0.03926	0.01942	0.03773	0.00773	0.00637	0.00181	0.00731	0.00600	0.00525	0.22170
41	0.01607	0.01975	0.10205	0.02721	0.06381	0.01757	0.49482	0.02150	0.01557	0.02175	0.01332	0.01782	0.01028	0.00664	0.00952	0.00236	0.09132	0.00747	0.00344	0.03775
42	0.02128	0.21142	0.08164	0.01488	0.01995	0.20804	0.01308	0.06242	0.16779	0.08635	0.03665	0.01777	0.01424	0.00773	0.00619	0.00194	0.00839	0.00566	0.00492	0.00965

[dist]
# distance from previous block
# <min> <max>
0	6

[block]
# block no. 1 follows, 30 sequences, length 116
# corresponding to MSA columns:
# 94-201,251-258
name=unknown_B
#
# <colnr> <probs for GDERKNQSTAVLIFYWHMCP>
#	G	D	E	R	K	N	Q	S	T	A	V	L	I	F	Y	W	H	M	C	P
0	0.03070	0.01285	0.01680	0.01288	0.01830	0.01170	0.01064	0.11716	0.02161	0.63061	0.02616	0.02286	0.01659	0.00860	0.00701	0.00215	0.00616	0.00692	0.00843	0.01187
1	0.05231	0.13914	0.06025	0.01538	0.02009	0.24642	0.01291	0.10277	0.23395	0.02465	0.01690	0.01715	0.01312	0.00779	0.00628	0.00200	0.00859	0.00565	0.00498	0.00968
2	0.06473	0.01527	0.01517	0.01292	0.01691	0.11622	0.01007	0.14083	0.04353	0.20207	0.02321	0.18669	0.02066	0.01098	0.00701	0.00214	0.00666	0.00903	0.00636	0.08954
3	0.02378	0.05987	0.02193	0.01738	0.05536	0.09414	0.07585	0.21838	0.13594	0.17518	0.01938	0.01917	0.01391	0.00792	0.00686	0.00208	0.00782	0.00649	0.00618	0.03238
4	0.01517	0.12933	0.49360	0.01951	0.02837	0.01799	0.10038	0.02312	0.06737	0.02191	0.01355	0.01561	0.01002	0.00667	0.00657	0.00214	0.00973	0.00554	0.00334	0.01008
5	0.00834	0.00707	0.00720	0.00717	0.00948	0.00593	0.00538	0.01020	0.01613	0.01938	0.10785	0.06628	0.67091	0.01747	0.00825	0.00235	0.00352	0.01460	0.00655	0.00593
6	0.01623	0.01552	0.02645	0.21947	0.54272	0.01631	0.02090	0.02050	0.01540	0.02154	0.01294	0.01761	0.01061	0.00641	0.00693	0.00214	0.00855	0.00621	0.00336	0.01021
7	0.01727	0.01551	0.02403	0.28966	0.31796	0.01729	0.01898	0.13397	0.01782	0.02432	0.01329	0.01757	0.01046	0.00716	0.00774	0.00222	0.04481	0.00622	0.00391	0.00982
8	0.03131	0.01188	0.01619	0.01242	0.01781	0.01026	0.01026	0.03401	0.01997	0.71606	0.02753	0.02375	0.01727	0.00864	0.00702	0.00216	0.00594	0.00702	0.00864	0.01188
9	0.01013	0.00684	0.00800	0.00800	0.00813	0.00698	0.00471	0.01040	0.01026	0.01382	0.02163	0.04371	0.02452	0.67932	0.10979	0.00724	0.00805	0.00986	0.00418	0.00444
10	0.01336	0.01259	0.02127	0.70641	0.07819	0.01555	0.01947	0.01799	0.01404	0.01806	0.01244	0.01854	0.00938	0.00694	0.00697	0.00231	0.00926	0.00620	0.00312	0.00790
11	0.03777	0.01727	0.02307	0.23880	0.19565	0.09975	0.07281	0.06152	0.13859	0.02316	0.01556	0.01863	0.01204	0.00724	0.00694	0.00220	0.00878	0.00642	0.00424	0.00954
12	0.00893	0.00676	0.00987	0.01077	0.01153	0.00631	0.04291	0.01039	0.01353	0.01806	0.03716	0.71098	0.04425	0.02101	0.00887	0.00281	0.00446	0.01922	0.00632	0.00587
13	0.02611	0.01934	0.02071	0.01597	0.02148	0.02145	0.01316	0.65839	0.06305	0.04331	0.01728	0.01718	0.01230	0.00843	0.00699	0.00211	0.00758	0.00636	0.00699	0.01183
14	0.00858	0.00641	0.00798	0.00902	0.00999	0.00581	0.00622	0.01013	0.01458	0.01906	0.11222	0.52459	0.19970	0.02015	0.00869	0.00266	0.00386	0.01795	0.00660	0.00581
15	0.01375	0.01300	0.02090	0.01973	0.12373	0.04132	0.18159	0.04132	0.01819	0.02469	0.29092	0.07401	0.08451	0.01107	0.00794	0.00224	0.00680	0.01051	0.00564	0.00813
16	0.00945	0.00696	0.00898	0.01022	0.01105	0.00679	0.00716	0.01236	0.06717	0.01948	0.07525	0.60930	0.04493	0.02030	0.00878	0.00279	0.00428	0.06198	0.00659	0.00619
17	0.01527	0.01527	0.02137	0.01832	0.01832	0.02137	0.01527	0.01679	0.01069	0.01679	0.00916	0.01527	0.00916	0.01221	0.02290	0.00305	0.74198	0.00611	0.00305	0.00763
18	0.01447	0.01240	0.01447	0.01034	0.01654	0.00930	0.00827	0.01757	0.01447	0.02274	0.01240	0.01447	0.01034	0.00517	0.00517	0.00103	0.00517	0.00413	0.00413	0.79742
19	0.01866	0.75896	0.03657	0.01194	0.01791	0.02761	0.01194	0.02090	0.01418	0.01642	0.00970	0.01119	0.00896	0.00597	0.00448	0.00149	0.00746	0.00373	0.00299	0.00896
20	0.01727	0.01658	0.02832	0.04283	0.71123	0.01658	0.02142	0.02142	0.01589	0.02280	0.01313	0.01727	0.01105	0.00622	0.00691	0.00207	0.00829	0.00622	0.00345	0.01105
21	0.02614	0.03100	0.01997	0.01766	0.02158	0.61059	0.01345	0.13660	0.02192	0.02151	0.01177	0.01327	0.00946	0.00739	0.00641	0.00185	0.01178	0.00479	0.00415	0.00871
22	0.01919	0.31472	0.02471	0.01237	0.01821	0.05901	0.01088	0.12459	0.01768	0.04404	0.01236	0.01368	0.01015	0.00621	0.00529	0.00146	0.00692	0.00441	0.00422	0.28989
23	0.06999	0.01488	0.06742	0.01358	0.01899	0.01305	0.01190	0.11483	0.02027	0.50424	0.02308	0.02107	0.01500	0.00854	0.00773	0.00220	0.04789	0.00656	0.00747	0.01129
24	0.01545	0.04588	0.34476	0.01508	0.02290	0.01342	0.01677	0.04409	0.01581	0.06016	0.05061	0.01709	0.01299	0.00666	0.00616	0.00176	0.00767	0.00528	0.00407	0.29338
25	0.01888	0.73714	0.03606	0.01212	0.01802	0.04863	0.01199	0.02111	0.01435	0.01644	0.00973	0.01124	0.00896	0.00601	0.00453	0.00150	0.00762	0.00375	0.00300	0.00893
26	0.03056	0.01204	0.01617	0.01251	0.01783	0.01064	0.01030	0.03417	0.05637	0.67922	0.02758	0.02387	0.01749	0.00868	0.00702	0.00217	0.00592	0.00706	0.00855	0.01183
27	0.02063	0.14946	0.29091	0.01723	0.02403	0.25106	0.01772	0.06036	0.01765	0.07075	0.01281	0.01421	0.00968	0.00695	0.00622	0.00195	0.01014	0.00490	0.00379	0.00956
28	0.01102	0.01368	0.13594	0.01235	0.01636	0.00963	0.07240	0.01573	0.05529	0.02305	0.24352	0.06157	0.27547	0.01326	0.00791	0.00229	0.00553	0.01155	0.00599	0.00748
29	0.01657	0.01742	0.03432	0.08627	0.32051	0.01704	0.35881	0.02163	0.01604	0.02221	0.01358	0.01816	0.01069	0.00610	0.00759	0.00223	0.01013	0.00724	0.00347	0.00998
30	0.01015	0.00677	0.00761	0.00761	0.00761	0.00677	0.00423	0.01015	0.01015	0.01353	0.02199	0.04567	0.02537	0.75476	0.03552	0.00677	0.00677	0.01015	0.00423	0.00423
31	0.01318	0.01240	0.02093	0.73798	0.04806	0.01550	0.01938	0.01783	0.01395	0.01783	0.01240	0.01860	0.00930	0.00698	0.00698	0.00233	0.00930	0.00620	0.00310	0.00775
32	0.02155	0.02590	0.02680	0.02416	0.10939	0.39233	0.19890	0.02473	0.01771	0.01920	0.01186	0.01507	0.00969	0.00710	0.00816	0.00208	0.06723	0.00585	0.00352	0.00878
33	0.00858	0.00613	0.00816	0.00967	0.01014	0.00572	0.00648	0.00990	0.01370	0.01836	0.07434	0.71277	0.04721	0.02145	0.00887	0.00280	0.00401	0.01945	0.00654	0.00572
34	0.00988	0.00713	0.00933	0.00878	0.01043	0.00658	0.00658	0.01317	0.01975	0.02798	0.70754	0.05213	0.06584	0.01427	0.00823	0.00219	0.00329	0.01262	0.00768	0.00658
35	0.02870	0.01497	0.01798	0.01390	0.01929	0.01499	0.01145	0.28304	0.06307	0.42162	0.02348	0.02122	0.01544	0.00858	0.00701	0.00215	0.00658	0.00679	0.00792	0.01183
36	0.00953	0.00712	0.00884	0.00841	0.01021	0.00644	0.00631	0.01249	0.01893	0.02602	0.57057	0.05536	0.20404	0.01500	0.00823	0.00223	0.00334	0.01307	0.00742	0.00644
37	0.01048	0.00818	0.01198	0.01169	0.01274	0.00981	0.00909	0.01274	0.01110	0.01611	0.01797	0.02729	0.01711	0.08808	0.62138	0.01019	0.08661	0.00750	0.00370	0.00625
38	0.01668	0.36650	0.37499	0.01617	0.02419	0.05370	0.01889	0.02181	0.01471	0.01927	0.01115	0.01302	0.00890	0.00635	0.00563	0.00186	0.00911	0.00447	0.00299	0.00959
39	0.00965	0.00712	0.00901	0.00854	0.01029	0.00649	0.00641	0.01273	0.01922	0.02672	0.61922	0.05421	0.15496	0.01474	0.00823	0.00222	0.00333	0.01291	0.00752	0.00649
40	0.00849	0.00611	0.00806	0.00961	0.01009	0.00568	0.00643	0.00973	0.01346	0.01785	0.03974	0.72318	0.07236	0.02170	0.00888	0.00282	0.00403	0.01964	0.00648	0.00568
41	0.01641	0.01570	0.02677	0.18932	0.57147	0.01635	0.02099	0.02066	0.01548	0.02175	0.01297	0.01755	0.01068	0.00638	0.00692	0.00213	0.00850	0.00621	0.00338	0.01036
42	0.01895	0.66951	0.07037	0.01278	0.01881	0.07744	0.01276	0.02146	0.01461	0.01676	0.00992	0.01148	0.00895	0.00609	0.00472	0.00155	0.00798	0.00386	0.00303	0.00896
43	0.04223	0.01505	0.01771	0.01327	0.01907	0.03882	0.04801	0.16313	0.03694	0.13021	0.01594	0.01672	0.01186	0.00662	0.00607	0.00159	0.00647	0.00535	0.00543	0.39951
44	0.27083	0.02081	0.06694	0.01530	0.05129	0.18252	0.01225	0.15446	0.05867	0.04668	0.04773	0.01640	0.01292	0.00763	0.00602	0.00208	0.00793	0.00541	0.00497	0.00916
45	0.01678	0.01608	0.02743	0.12691	0.63101	0.01645	0.02117	0.02098	0.01566	0.02220	0.01304	0.01743	0.01084	0.00631	0.00692	0.00210	0.00841	0.00622	0.00341	0.01065
46	0.01318	0.01240	0.02093	0.73798	0.04806	0.01550	0.01938	0.01783	0.01395	0.01783	0.01240	0.01860	0.00930	0.00698	0.00698	0.00233	0.00930	0.00620	0.00310	0.00775
47	0.03991	0.04389	0.33919	0.07536	0.14549	0.01623	0.10214	0.02263	0.05373	0.04750	0.01495	0.01897	0.01154	0.00715	0.00692	0.00223	0.00928	0.02919	0.00372	0.00999
48	0.01479	0.01374	0.02282	0.15887	0.40986	0.01476	0.01791	0.01847	0.01443	0.02031	0.01522	0.06430	0.01379	0.01460	0.11698	0.00360	0.04548	0.00724	0.00360	0.00923
49	0.00997	0.00748	0.01121	0.01121	0.01246	0.00872	0.00872	0.01246	0.01121	0.01620	0.01869	0.02741	0.01745	0.05234	0.72710	0.01121	0.01869	0.00748	0.00374	0.00623
50	0.02088	0.54107	0.03153	0.01375	0.01901	0.23752	0.01240	0.02299	0.01586	0.01662	0.01003	0.01161	0.00897	0.00634	0.00502	0.00158	0.00900	0.00396	0.00317	0.00870
51	0.01827	0.13825	0.17783	0.04315	0.20128	0.20319	0.01763	0.02217	0.01614	0.01964	0.01380	0.07156	0.01238	0.00776	0.00647	0.00201	0.00943	0.00621	0.00353	0.00928
52	0.00988	0.00713	0.00933	0.00878	0.01043	0.00658	0.00658	0.01317	0.01975	0.02798	0.70754	0.05213	0.06584	0.01427	0.00823	0.00219	0.00329	0.01262	0.00768	0.00658
53	0.00850	0.00607	0.00810	0.00972	0.01012	0.00567	0.00648	0.00972	0.01336	0.01781	0.03846	0.75020	0.04615	0.02186	0.00891	0.00283	0.00405	0.01984	0.00648	0.00567
54	0.01357	0.01324	0.05377	0.10290	0.32009	0.01233	0.01530	0.01754	0.01700	0.02387	0.26352	0.03227	0.06600	0.00978	0.00744	0.00216	0.00647	0.00888	0.00505	0.00880
55	0.02343	0.11220	0.12814	0.01762	0.02249	0.54277	0.01519	0.02623	0.01840	0.01777	0.01093	0.01276	0.00896	0.00697	0.00615	0.00183	0.01168	0.00451	0.00343	0.00852
56	0.80405	0.01350	0.01026	0.00918	0.01350	0.01565	0.00756	0.02051	0.01188	0.03131	0.00972	0.01134	0.00756	0.00648	0.00432	0.00216	0.00540	0.00378	0.00432	0.00756
57	0.00908	0.00649	0.00877	0.01038	0.01104	0.00617	0.00749	0.01072	0.01393	0.01847	0.03814	0.60749	0.04488	0.02131	0.00906	0.00291	0.00455	0.15679	0.00647	0.00583
58	0.01447	0.01240	0.01447	0.01034	0.01654	0.00930	0.00827	0.01757	0.01447	0.02274	0.01240	0.01447	0.01034	0.00517	0.00517	0.00103	0.00517	0.00413	0.00413	0.79742
59	0.02473	0.16430	0.02281	0.01689	0.02091	0.60050	0.01320	0.02661	0.01876	0.01696	0.01059	0.01233	0.00898	0.00697	0.00596	0.00174	0.01166	0.00436	0.00349	0.00825
60	0.01212	0.00606	0.00909	0.00909	0.00909	0.00606	0.00606	0.00909	0.00909	0.01212	0.01212	0.02121	0.01212	0.02424	0.02727	0.79697	0.00606	0.00606	0.00303	0.00303
61	0.01531	0.01464	0.02453	0.34680	0.36557	0.01648	0.02004	0.01948	0.01463	0.02015	0.01250	0.01770	0.01014	0.00702	0.00818	0.00226	0.06577	0.00620	0.00327	0.00933
62	0.02418	0.04646	0.05130	0.01678	0.02203	0.02146	0.03768	0.54171	0.02847	0.03844	0.01543	0.01638	0.01130	0.00853	0.00860	0.00219	0.08555	0.00619	0.00613	0.01116
63	0.02953	0.01193	0.01601	0.01220	0.01768	0.01016	0.01005	0.03227	0.01939	0.64276	0.02593	0.02277	0.01654	0.00827	0.00682	0.00204	0.00586	0.00671	0.00816	0.09492
64	0.00940	0.00685	0.00884	0.00890	0.01027	0.00630	0.00646	0.01204	0.01781	0.02467	0.48722	0.23517	0.10705	0.01649	0.00841	0.00237	0.00351	0.01465	0.00728	0.00630
65	0.01004	0.00743	0.01114	0.01114	0.01235	0.00863	0.00863	0.01235	0.01114	0.01606	0.01847	0.02721	0.01727	0.05139	0.70364	0.03756	0.01827	0.00743	0.00371	0.00612
66	0.00997	0.00748	0.01121	0.01121	0.01246	0.00872	0.00872	0.01246	0.01121	0.01620	0.01869	0.02741	0.01745	0.05234	0.72710	0.01121	0.01869	0.00748	0.00374	0.00623
67	0.00997	0.00748	0.01121	0.01121	0.01246	0.00872	0.00872	0.01246	0.01121	0.01620	0.01869	0.02741	0.01745	0.05234	0.72710	0.01121	0.01869	0.00748	0.00374	0.00623
68	0.01318	0.01240	0.02093	0.73798	0.04806	0.01550	0.01938	0.01783	0.01395	0.01783	0.01240	0.01860	0.00930	0.00698	0.00698	0.00233	0.00930	0.00620	0.00310	0.00775
69	0.01420	0.01357	0.02157	0.38881	0.12991	0.01703	0.01787	0.01774	0.01311	0.01813	0.01188	0.01790	0.00994	0.01085	0.05030	0.00298	0.22669	0.00624	0.00317	0.00810
70	0.01308	0.00794	0.01071	0.01027	0.01235	0.00746	0.00813	0.01613	0.01829	0.12150	0.41172	0.08371	0.05040	0.01695	0.04884	0.00293	0.00518	0.13988	0.00729	0.00723
71	0.01370	0.01294	0.02188	0.64872	0.13322	0.01564	0.01964	0.01829	0.01420	0.01847	0.01250	0.01843	0.00953	0.00688	0.00697	0.00229	0.00917	0.00620	0.00315	0.00818
72	0.01698	0.01628	0.02779	0.09296	0.66341	0.01650	0.02127	0.02116	0.01575	0.02244	0.01307	0.01737	0.01093	0.00627	0.00691	0.00209	0.00836	0.00622	0.00343	0.01082
73	0.01045	0.00775	0.01014	0.01122	0.01301	0.00743	0.00954	0.01333	0.01628	0.02090	0.09078	0.07419	0.19799	0.01856	0.00922	0.00294	0.00554	0.46790	0.00652	0.00631
74	0.74732	0.01360	0.01065	0.00954	0.01383	0.01578	0.00781	0.02171	0.06140	0.03116	0.01106	0.01240	0.00855	0.00669	0.00452	0.00217	0.00541	0.00408	0.00452	0.00781
75	0.00858	0.00616	0.00817	0.00974	0.01024	0.00575	0.00659	0.00987	0.01351	0.01793	0.03925	0.71196	0.06307	0.02167	0.00891	0.00283	0.00411	0.03948	0.00648	0.00570
76	0.01639	0.00872	0.01159	0.01084	0.01332	0.00825	0.00828	0.04179	0.01635	0.22950	0.07482	0.27635	0.08040	0.02148	0.12415	0.00390	0.00710	0.03207	0.00678	0.00794
77	0.01400	0.03610	0.71860	0.01989	0.03020	0.01621	0.02578	0.02210	0.01473	0.02210	0.01252	0.01473	0.00884	0.00663	0.00663	0.00221	0.01031	0.00516	0.00295	0.01031
78	0.22441	0.01007	0.01119	0.01131	0.01390	0.01062	0.00917	0.03838	0.05176	0.07707	0.02823	0.20205	0.02918	0.01477	0.00764	0.00269	0.00557	0.23850	0.00610	0.00739
79	0.04408	0.01435	0.01661	0.01349	0.01801	0.01480	0.01097	0.33127	0.02452	0.23516	0.02573	0.11265	0.04805	0.01103	0.00736	0.00228	0.00643	0.04547	0.00729	0.01046
80	0.05663	0.00790	0.00914	0.00868	0.01090	0.00721	0.00644	0.01438	0.01639	0.10839	0.21738	0.14074	0.27831	0.07409	0.01012	0.00269	0.00420	0.01290	0.00676	0.00675
81	0.00840	0.00698	0.00718	0.00729	0.00934	0.00594	0.00530	0.01000	0.01532	0.01840	0.06501	0.11169	0.61446	0.07111	0.01026	0.00271	0.00380	0.01474	0.00632	0.00576
82	0.00861	0.00619	0.00817	0.00956	0.01013	0.00575	0.00645	0.01002	0.01397	0.01870	0.09584	0.67216	0.06636	0.02110	0.00883	0.00277	0.00397	0.01909	0.00658	0.00575
83	0.01001	0.00673	0.00771	0.00781	0.00790	0.00668	0.00448	0.01022	0.01073	0.01436	0.04722	0.09883	0.02835	0.67377	0.03256	0.00631	0.00644	0.01096	0.00452	0.00442
84	0.05490	0.00812	0.00921	0.00908	0.01094	0.00791	0.00663	0.03200	0.06493	0.02317	0.24781	0.20267	0.20981	0.06922	0.01002	0.00271	0.00417	0.01353	0.00662	0.00656
85	0.00862	0.00696	0.00760	0.00769	0.00962	0.00601	0.00563	0.01054	0.01612	0.02017	0.17725	0.14126	0.49966	0.04020	0.00916	0.00252	0.00365	0.01480	0.00662	0.00594
86	0.01094	0.00861	0.00932	0.00896	0.01143	0.00822	0.00673	0.01613	0.14098	0.04503	0.13510	0.10390	0.42006	0.03236	0.00866	0.00247	0.00406	0.01322	0.00676	0.00706
87	0.01876	0.01569	0.01657	0.01448	0.01868	0.01801	0.01138	0.13636	0.59706	0.03145	0.02663	0.02462	0.01986	0.00930	0.00708	0.00233	0.00585	0.00764	0.00708	0.01117
88	0.00895	0.00697	0.00816	0.00828	0.01006	0.00617	0.00614	0.01121	0.01682	0.02188	0.28205	0.17114	0.35921	0.01723	0.00840	0.00241	0.00364	0.03828	0.00689	0.00611
89	0.67192	0.01245	0.00996	0.00916	0.01305	0.01421	0.00753	0.01947	0.01247	0.02985	0.01448	0.01861	0.03487	0.00780	0.00484	0.00220	0.00525	0.04676	0.05777	0.00736
90	0.01642	0.01868	0.04035	0.02895	0.03572	0.01780	0.65797	0.02212	0.01623	0.02212	0.01391	0.01868	0.01053	0.00615	0.00885	0.00238	0.04215	0.00815	0.00351	0.00934
91	0.00997	0.00748	0.01121	0.01121	0.01246	0.00872	0.00872	0.01246	0.01121	0.01620	0.01869	0.02741	0.01745	0.05234	0.72710	0.01121	0.01869	0.00748	0.00374	0.00623
92	0.01062	0.00690	0.00861	0.00923	0.01041	0.00631	0.00640	0.01200	0.01418	0.07394	0.05853	0.43506	0.16480	0.11626	0.01214	0.00320	0.00451	0.03444	0.00639	0.00606
93	0.01015	0.00738	0.00925	0.00901	0.01047	0.00703	0.00662	0.01333	0.04129	0.02437	0.46940	0.07391	0.09084	0.13443	0.01272	0.00304	0.00419	0.05938	0.00691	0.00628
94	0.13450	0.01456	0.01691	0.01314	0.01846	0.01464	0.01086	0.24199	0.02299	0.40763	0.02166	0.01982	0.01422	0.00826	0.00664	0.00214	0.00642	0.00634	0.00752	0.01129
95	0.01212	0.00606	0.00909	0.00909	0.00909	0.00606	0.00606	0.00909	0.00909	0.01212	0.01212	0.02121	0.01212	0.02424	0.02727	0.79697	0.00606	0.00606	0.00303	0.00303
96	0.17287	0.01217	0.01511	0.01182	0.01702	0.01125	0.00976	0.03154	0.01849	0.59062	0.02427	0.02148	0.01549	0.00824	0.00652	0.00216	0.00584	0.00642	0.00785	0.01108
97	0.02906	0.01284	0.01653	0.01278	0.01796	0.01192	0.01051	0.14245	0.02211	0.55674	0.07160	0.02449	0.01964	0.00897	0.00709	0.00215	0.00605	0.00727	0.00829	0.01152
98	0.00997	0.00748	0.01121	0.01121	0.01246	0.00872	0.00872	0.01246	0.01121	0.01620	0.01869	0.02741	0.01745	0.05234	0.72710	0.01121	0.01869	0.00748	0.00374	0.00623
99	0.01094	0.00691	0.00868	0.00912	0.00985	0.00659	0.00605	0.01201	0.01313	0.06485	0.08203	0.33833	0.03714	0.31257	0.01937	0.00432	0.00530	0.04136	0.00582	0.00562
100	0.01400	0.03610	0.71860	0.01989	0.03020	0.01621	0.02578	0.02210	0.01473	0.02210	0.01252	0.01473	0.00884	0.00663	0.00663	0.00221	0.01031	0.00516	0.00295	0.01031
101	0.01698	0.01628	0.02779	0.09296	0.66341	0.01650	0.02127	0.02116	0.01575	0.02244	0.01307	0.01737	0.01093	0.00627	0.00691	0.00209	0.00836	0.00622	0.00343	0.01082
102	0.01586	0.01514	0.02578	0.28214	0.48293	0.01621	0.02072	0.02018	0.01522	0.02109	0.01288	0.01773	0.01045	0.00648	0.00693	0.00216	0.00864	0.00621	0.00333	0.00992
103	0.01184	0.00871	0.01194	0.01195	0.01316	0.00942	0.00886	0.01341	0.01240	0.01773	0.02175	0.07036	0.02139	0.12900	0.59046	0.01033	0.01680	0.00896	0.00457	0.00695
104	0.01726	0.01438	0.01523	0.01392	0.01742	0.01572	0.01053	0.03195	0.52700	0.02886	0.09601	0.03511	0.08813	0.04280	0.00924	0.00286	0.00581	0.00954	0.00751	0.01072
105	0.02150	0.01065	0.01414	0.01270	0.01589	0.00980	0.00984	0.02336	0.01756	0.34014	0.06325	0.16415	0.02804	0.02248	0.16126	0.00461	0.00881	0.05461	0.00749	0.00973
106	0.01551	0.07254	0.60783	0.01934	0.02896	0.01647	0.05011	0.02285	0.01513	0.06862	0.01345	0.01531	0.00948	0.00670	0.00660	0.00217	0.00992	0.00533	0.00336	0.01031
107	0.01786	0.02088	0.13643	0.02590	0.03321	0.01717	0.49588	0.06806	0.01757	0.07380	0.01503	0.01844	0.01090	0.00636	0.00783	0.00230	0.01086	0.00757	0.00405	0.00989
108	0.01074	0.00884	0.00916	0.00891	0.01031	0.05838	0.00624	0.01266	0.01616	0.02118	0.32336	0.09816	0.16184	0.20614	0.01519	0.00342	0.00495	0.01226	0.00620	0.00590
109	0.00997	0.00756	0.01019	0.06327	0.04999	0.00746	0.00776	0.01170	0.01394	0.01863	0.12508	0.31342	0.09283	0.19512	0.01495	0.00359	0.00525	0.03767	0.00569	0.00593
110	0.45751	0.01838	0.06193	0.06477	0.01958	0.09988	0.01140	0.14603	0.01705	0.03042	0.01154	0.01325	0.00874	0.00696	0.00539	0.00212	0.00728	0.00460	0.00455	0.00863
111	0.02423	0.01767	0.01972	0.01660	0.05731	0.01922	0.01292	0.52452	0.06394	0.07306	0.02144	0.02263	0.05279	0.00924	0.00715	0.00216	0.00724	0.03009	0.00683	0.01125
112	0.01678	0.01721	0.06184	0.09781	0.62405	0.01647	0.02147	0.02116	0.01568	0.02236	0.01304	0.01725	0.01080	0.00630	0.00690	0.00210	0.00847	0.00616	0.00340	0.01075
113	0.04956	0.00997	0.01504	0.01457	0.04985	0.00964	0.09365	0.05327	0.01570	0.09317	0.03043	0.44535	0.03304	0.01615	0.00824	0.00261	0.00578	0.04038	0.00611	0.00751
114	0.01673	0.01677	0.03081	0.09866	0.49130	0.01675	0.18232	0.02134	0.01587	0.02227	0.01331	0.01776	0.01079	0.00620	0.00724	0.00216	0.00922	0.00671	0.00344	0.01037
115	0.01693	0.01623	0.02770	0.10161	0.65516	0.01649	0.02124	0.02111	0.01573	0.02238	0.01306	0.01738	0.01091	0.00628	0.00691	0.00209	0.00838	0.00622	0.00342	0.01077

[dist]
# distance from previous block
# <min> <max>
9	29

[block]
# block no. 2 follows, 30 sequences, length 30
# corresponding to MSA columns:
# 289-318
name=unknown_C
#
# <colnr> <probs for GDERKNQSTAVLIFYWHMCP>
#	G	D	E	R	K	N	Q	S	T	A	V	L	I	F	Y	W	H	M	C	P
0	0.07382	0.01885	0.01992	0.01550	0.02089	0.02097	0.01275	0.60058	0.07881	0.04215	0.01715	0.01708	0.01227	0.00834	0.00683	0.00212	0.00739	0.00624	0.00683	0.01154
1	0.00929	0.00697	0.00856	0.00868	0.01025	0.00633	0.00642	0.01169	0.01706	0.02283	0.35577	0.17880	0.23395	0.04155	0.00935	0.00256	0.00379	0.05306	0.00696	0.00615
2	0.01210	0.00937	0.01461	0.07446	0.18344	0.00963	0.01120	0.01343	0.01273	0.01737	0.02221	0.19578	0.04968	0.04257	0.10919	0.19344	0.00798	0.01003	0.00423	0.00655
3	0.02368	0.19033	0.02266	0.01598	0.01998	0.53131	0.01264	0.02566	0.01825	0.01746	0.01126	0.01307	0.00951	0.00698	0.00581	0.00172	0.01091	0.00445	0.05017	0.00819
4	0.01661	0.01434	0.01507	0.01362	0.01743	0.01642	0.01057	0.03486	0.64267	0.02834	0.03187	0.02941	0.07761	0.01014	0.00719	0.00237	0.00536	0.00845	0.00705	0.01062
5	0.00850	0.00607	0.00810	0.00972	0.01012	0.00567	0.00648	0.00972	0.01336	0.01781	0.03846	0.75020	0.04615	0.02186	0.00891	0.00283	0.00405	0.01984	0.00648	0.00567
6	0.01447	0.01240	0.01447	0.01034	0.01654	0.00930	0.00827	0.01757	0.01447	0.02274	0.01240	0.01447	0.01034	0.00517	0.00517	0.00103	0.00517	0.00413	0.00413	0.79742
7	0.00984	0.00682	0.00784	0.00784	0.00853	0.00654	0.00496	0.01086	0.01300	0.01755	0.15227	0.09246	0.12576	0.45094	0.02422	0.00493	0.00541	0.01168	0.03352	0.00504
8	0.01647	0.01882	0.04118	0.02941	0.03647	0.01765	0.68588	0.02235	0.01647	0.02235	0.01412	0.01882	0.01059	0.00588	0.00824	0.00235	0.01176	0.00824	0.00353	0.00941
9	0.00856	0.00675	0.00757	0.00815	0.00967	0.00595	0.00579	0.01007	0.01465	0.01818	0.05553	0.28848	0.42116	0.07382	0.01053	0.00287	0.00403	0.03621	0.00631	0.00571
10	0.01377	0.01146	0.01328	0.00983	0.01529	0.00879	0.00780	0.01680	0.01484	0.02296	0.05207	0.02032	0.05666	0.00658	0.00550	0.00121	0.00486	0.00536	0.05114	0.66150
11	0.01241	0.01053	0.01649	0.29834	0.13520	0.01156	0.01398	0.01603	0.01532	0.02103	0.12953	0.12729	0.04662	0.01109	0.00745	0.00233	0.00670	0.04568	0.06485	0.00758
12	0.07869	0.00725	0.00921	0.00921	0.01006	0.00722	0.00625	0.01223	0.01129	0.06730	0.02087	0.19012	0.02231	0.15840	0.02125	0.34341	0.00567	0.00983	0.00456	0.00489
13	0.01144	0.00845	0.00971	0.00987	0.01179	0.00841	0.00719	0.01690	0.15641	0.04655	0.08019	0.32921	0.19763	0.01659	0.00803	0.00249	0.00421	0.01449	0.05329	0.00716
14	0.01083	0.00657	0.00893	0.00891	0.00955	0.00656	0.00616	0.01005	0.01103	0.01458	0.04766	0.03365	0.12966	0.11454	0.13634	0.42062	0.00766	0.00841	0.00401	0.00427
15	0.06315	0.01429	0.01389	0.07344	0.03821	0.16080	0.00985	0.01892	0.01456	0.09968	0.04361	0.03976	0.01714	0.14118	0.05535	0.10316	0.02934	0.00708	0.04964	0.00695
16	0.01408	0.01012	0.01137	0.01073	0.01284	0.01060	0.00799	0.14991	0.08751	0.02464	0.03032	0.19896	0.07875	0.16190	0.01320	0.00328	0.00554	0.06605	0.09487	0.00735
17	0.01042	0.00853	0.00951	0.00858	0.01141	0.00751	0.00649	0.01405	0.06710	0.02232	0.21436	0.05092	0.35708	0.04270	0.00871	0.00227	0.00401	0.01179	0.00635	0.13589
18	0.01420	0.01170	0.01649	0.07119	0.09446	0.01235	0.05272	0.03972	0.15615	0.05023	0.21687	0.08830	0.07253	0.01178	0.00838	0.00235	0.03632	0.02959	0.00612	0.00852
19	0.22527	0.01387	0.01537	0.01508	0.08274	0.01506	0.01099	0.14401	0.14192	0.09546	0.05643	0.02587	0.01867	0.00924	0.00654	0.00226	0.00606	0.06912	0.03655	0.00951
20	0.01210	0.00841	0.00943	0.00915	0.01156	0.00794	0.00699	0.01626	0.09878	0.08205	0.07060	0.10854	0.35693	0.05469	0.00941	0.00263	0.00442	0.06788	0.05518	0.00704
21	0.01485	0.01277	0.01632	0.01545	0.12975	0.01034	0.01024	0.01813	0.01471	0.02292	0.01307	0.01554	0.01085	0.00550	0.00544	0.00123	0.00558	0.00460	0.04583	0.62686
22	0.11736	0.06909	0.04372	0.04076	0.02100	0.07023	0.05345	0.29748	0.02206	0.03102	0.01505	0.04471	0.01230	0.03512	0.00741	0.00215	0.00769	0.00617	0.00520	0.09805
23	0.07453	0.01088	0.01293	0.04926	0.01607	0.01090	0.00901	0.07281	0.08789	0.24014	0.05804	0.09479	0.09777	0.03576	0.00790	0.00236	0.00534	0.00907	0.09557	0.00896
24	0.01177	0.00807	0.00933	0.00870	0.01074	0.00760	0.00637	0.04848	0.01609	0.07278	0.15302	0.05073	0.30898	0.17665	0.07641	0.00401	0.00590	0.01175	0.00614	0.00644
25	0.03327	0.05169	0.01994	0.22782	0.17438	0.03445	0.01487	0.09381	0.05703	0.02403	0.10550	0.05528	0.06056	0.00922	0.00708	0.00219	0.00728	0.00796	0.00479	0.00884
26	0.01673	0.01551	0.10646	0.01872	0.13118	0.01384	0.01405	0.09045	0.06819	0.09917	0.04816	0.09576	0.02041	0.04553	0.07847	0.00342	0.07786	0.04172	0.00524	0.00913
27	0.01679	0.00954	0.01269	0.01144	0.01432	0.00892	0.03314	0.05545	0.03821	0.21186	0.05525	0.21407	0.14881	0.01547	0.00922	0.04947	0.00533	0.07518	0.00683	0.00800
28	0.01479	0.01490	0.01602	0.14567	0.09800	0.15491	0.01250	0.01823	0.04225	0.01953	0.08243	0.05929	0.11658	0.04135	0.07291	0.00323	0.02607	0.04915	0.00467	0.00753
29	0.01945	0.08749	0.19021	0.09140	0.09261	0.15978	0.08112	0.09937	0.04552	0.04787	0.01379	0.01602	0.01045	0.00699	0.00666	0.00207	0.00972	0.00570	0.00403	0.00975

[dist]
# distance from previous block
# <min> <max>
0	7

[block]
# block no. 3 follows, 30 sequences, length 9
# corresponding to MSA columns:
# 326-334
name=unknown_D
#
# <colnr> <probs for GDERKNQSTAVLIFYWHMCP>
#	G	D	E	R	K	N	Q	S	T	A	V	L	I	F	Y	W	H	M	C	P
0	0.01452	0.06993	0.54115	0.07074	0.03166	0.01695	0.11542	0.02177	0.01489	0.02154	0.01259	0.01538	0.00912	0.00652	0.00676	0.00220	0.01029	0.00558	0.00304	0.00994
1	0.01630	0.01645	0.06757	0.21414	0.21805	0.06414	0.11297	0.01980	0.01483	0.04756	0.01331	0.01820	0.01065	0.00922	0.01006	0.11932	0.00906	0.00632	0.00350	0.00855
2	0.01576	0.01539	0.07210	0.21040	0.30285	0.01454	0.07310	0.01998	0.01532	0.06784	0.01721	0.11217	0.01535	0.00859	0.00728	0.00227	0.00827	0.00811	0.00408	0.00939
3	0.01395	0.01646	0.12062	0.29486	0.22457	0.01464	0.05942	0.01856	0.01484	0.02016	0.01865	0.07640	0.06002	0.00850	0.00722	0.00228	0.00852	0.00779	0.00369	0.00885
4	0.01500	0.01560	0.11734	0.22880	0.06887	0.01330	0.13728	0.01899	0.01474	0.08355	0.01992	0.05712	0.06180	0.04912	0.01030	0.05947	0.00851	0.00792	0.00414	0.00822
5	0.01601	0.02286	0.29646	0.09078	0.24643	0.01513	0.05623	0.02153	0.01542	0.07420	0.01578	0.06947	0.01299	0.00773	0.00703	0.00223	0.00888	0.00694	0.00384	0.01006
6	0.01467	0.07161	0.15913	0.02054	0.17304	0.06770	0.03377	0.01976	0.06104	0.02206	0.11629	0.10193	0.06933	0.01043	0.00724	0.00221	0.00738	0.02829	0.00475	0.00884
7	0.01466	0.07914	0.38758	0.05202	0.12134	0.01645	0.11280	0.02079	0.01478	0.02113	0.01371	0.03520	0.01096	0.01001	0.05705	0.00281	0.01042	0.00620	0.00325	0.00969
8	0.01442	0.02634	0.43835	0.05750	0.08088	0.01422	0.02031	0.02097	0.03472	0.05149	0.01886	0.05824	0.05788	0.00821	0.00682	0.00216	0.00861	0.00679	0.00387	0.06940

[dist]
# distance from previous block
# <min> <max>
6	23

[block]
# block no. 4 follows, 30 sequences, length 8
# corresponding to MSA columns:
# 358-365
name=unknown_E
#
# <colnr> <probs for GDERKNQSTAVLIFYWHMCP>
#	G	D	E	R	K	N	Q	S	T	A	V	L	I	F	Y	W	H	M	C	P
0	0.01685	0.02320	0.32527	0.16910	0.03004	0.01473	0.03831	0.06626	0.01663	0.11148	0.03714	0.01813	0.01225	0.00716	0.00673	0.00211	0.00869	0.00592	0.00426	0.08574
1	0.01854	0.05522	0.30834	0.01779	0.07290	0.01477	0.01742	0.07079	0.06970	0.16763	0.02004	0.10160	0.01619	0.00907	0.00696	0.00223	0.00786	0.00752	0.00517	0.01027
2	0.01539	0.11255	0.11804	0.15680	0.07661	0.01408	0.01421	0.01935	0.01529	0.07139	0.05724	0.02198	0.06726	0.00765	0.00632	0.00184	0.00706	0.00630	0.00427	0.20638
3	0.01414	0.11062	0.33556	0.01973	0.12887	0.01519	0.01839	0.01939	0.01491	0.02139	0.06809	0.07208	0.01691	0.01069	0.04757	0.00258	0.00878	0.00686	0.00378	0.06447
4	0.04706	0.01804	0.16658	0.08372	0.07405	0.04531	0.01430	0.06035	0.04688	0.05144	0.08597	0.07854	0.03784	0.02787	0.00751	0.00217	0.00717	0.00760	0.00479	0.13282
5	0.08202	0.01764	0.17080	0.03403	0.09454	0.01341	0.05079	0.04741	0.06502	0.06720	0.14470	0.02722	0.07432	0.00921	0.00737	0.00217	0.02531	0.00774	0.00515	0.05394
6	0.06420	0.04751	0.06946	0.10997	0.12836	0.05292	0.01375	0.11447	0.01775	0.02498	0.07837	0.10256	0.01921	0.00907	0.00672	0.00204	0.00713	0.00764	0.00474	0.11916
7	0.12930	0.01830	0.16671	0.26913	0.11451	0.01548	0.01766	0.06706	0.01583	0.06564	0.01601	0.01898	0.04168	0.00743	0.00657	0.00222	0.00825	0.00608	0.00405	0.00912

[dist]
# distance from previous block
# <min> <max>
0	1

[block]
# block no. 5 follows, 30 sequences, length 18
# corresponding to MSA columns:
# 367-384
name=unknown_F
#
# <colnr> <probs for GDERKNQSTAVLIFYWHMCP>
#	G	D	E	R	K	N	Q	S	T	A	V	L	I	F	Y	W	H	M	C	P
0	0.12670	0.01079	0.01357	0.19649	0.02220	0.01117	0.01055	0.01686	0.05323	0.02209	0.05763	0.18237	0.05411	0.01081	0.00675	0.00212	0.00586	0.00923	0.00488	0.18259
1	0.01423	0.01338	0.02171	0.38333	0.13859	0.01501	0.06211	0.01924	0.04998	0.02063	0.06518	0.02072	0.01458	0.00760	0.00791	0.00220	0.05105	0.00671	0.00383	0.08201
2	0.01457	0.01382	0.02345	0.50153	0.27364	0.01587	0.02007	0.01905	0.01461	0.01952	0.01265	0.01815	0.00990	0.00672	0.00695	0.00224	0.00896	0.00621	0.00322	0.00887
3	0.01392	0.01316	0.02227	0.61176	0.16848	0.01570	0.01975	0.01848	0.01431	0.01873	0.01253	0.01836	0.00962	0.00684	0.00696	0.00228	0.00912	0.00620	0.00316	0.00835
4	0.09536	0.01675	0.07784	0.36711	0.21389	0.05067	0.01875	0.04133	0.01520	0.02163	0.01239	0.01686	0.00961	0.00676	0.00663	0.00220	0.00883	0.00580	0.00345	0.00895
5	0.05042	0.01730	0.09917	0.14394	0.15986	0.01567	0.14330	0.02221	0.05421	0.07627	0.01464	0.01785	0.01116	0.00701	0.00796	0.00217	0.05818	0.00632	0.00405	0.08831
6	0.31785	0.01673	0.01492	0.01445	0.07214	0.15413	0.01043	0.02469	0.04394	0.16600	0.08570	0.01933	0.01659	0.00795	0.00597	0.00209	0.00695	0.00584	0.00544	0.00886
7	0.01336	0.00916	0.01201	0.01069	0.01209	0.00933	0.05217	0.03107	0.06074	0.07291	0.02265	0.04091	0.02344	0.51663	0.02705	0.00540	0.02658	0.04287	0.00488	0.00606
8	0.01635	0.01631	0.09149	0.03743	0.15717	0.01477	0.07755	0.05332	0.20952	0.05385	0.11135	0.02796	0.02282	0.00914	0.00735	0.00226	0.00708	0.04551	0.00554	0.03323
9	0.01500	0.00933	0.01157	0.00996	0.01346	0.00778	0.00761	0.01737	0.01614	0.16334	0.11165	0.21385	0.12536	0.01291	0.00728	0.00204	0.00459	0.01117	0.00639	0.23318
10	0.01474	0.01374	0.02125	0.01557	0.02163	0.01140	0.18716	0.01858	0.01513	0.02249	0.01483	0.02079	0.01280	0.00649	0.00634	0.00156	0.00701	0.05831	0.00416	0.52604
11	0.01426	0.08261	0.59958	0.01937	0.02879	0.01660	0.06197	0.02161	0.01504	0.02201	0.04559	0.01651	0.01167	0.00691	0.00665	0.00217	0.00987	0.00559	0.00321	0.00999
12	0.05044	0.01171	0.01812	0.19312	0.23091	0.01262	0.01475	0.01663	0.01475	0.02072	0.06211	0.10901	0.07383	0.01374	0.05654	0.00298	0.02682	0.05866	0.00445	0.00809
13	0.08526	0.01973	0.05484	0.01730	0.06853	0.11911	0.03193	0.18366	0.25458	0.02979	0.01857	0.01878	0.01402	0.00796	0.00663	0.00211	0.00763	0.00626	0.00563	0.04765
14	0.22600	0.24200	0.15641	0.01364	0.01919	0.09389	0.01351	0.04092	0.01496	0.02304	0.05128	0.01482	0.01198	0.00724	0.00628	0.00198	0.04561	0.00482	0.00379	0.00864
15	0.06310	0.14927	0.27160	0.05135	0.02308	0.09233	0.01632	0.08375	0.01670	0.04116	0.01809	0.02044	0.07195	0.04318	0.00767	0.00226	0.00860	0.00606	0.00402	0.00907
16	0.07286	0.10609	0.31115	0.01678	0.02381	0.17428	0.01764	0.07968	0.03738	0.05882	0.01324	0.01461	0.00989	0.00697	0.00620	0.00200	0.00946	0.00501	0.00397	0.03015
17	0.01438	0.01173	0.03066	0.05102	0.05640	0.03602	0.01053	0.06134	0.06611	0.06940	0.04744	0.24718	0.07064	0.01580	0.04449	0.00284	0.02828	0.05552	0.00576	0.07445

[dist]
# distance from previous block
# <min> <max>
8	21

[block]
# block no. 6 follows, 30 sequences, length 72
# corresponding to MSA columns:
# 407-478
name=unknown_G
#
# <colnr> <probs for GDERKNQSTAVLIFYWHMCP>
#	G	D	E	R	K	N	Q	S	T	A	V	L	I	F	Y	W	H	M	C	P
0	0.06326	0.04350	0.01497	0.01397	0.06523	0.06930	0.01007	0.06376	0.10596	0.11873	0.07759	0.15372	0.10109	0.01222	0.00731	0.00228	0.00596	0.03769	0.00620	0.02721
1	0.01949	0.02089	0.06297	0.08214	0.11730	0.21411	0.01493	0.04893	0.13758	0.05473	0.01587	0.01809	0.01252	0.01049	0.05013	0.00266	0.06852	0.00599	0.00446	0.03822
2	0.01742	0.06514	0.08961	0.01674	0.05478	0.11191	0.04356	0.07737	0.08739	0.02324	0.05509	0.01988	0.03897	0.00842	0.00886	0.00203	0.11458	0.00626	0.00448	0.15427
3	0.01891	0.04814	0.09128	0.01679	0.06249	0.14555	0.05659	0.06587	0.09739	0.10429	0.16679	0.02563	0.02437	0.01056	0.03240	0.00242	0.00814	0.00754	0.00558	0.00925
4	0.01815	0.03839	0.05000	0.01842	0.11732	0.09093	0.05222	0.07529	0.06621	0.09365	0.02257	0.02726	0.07011	0.01223	0.05778	0.00275	0.02563	0.05878	0.02550	0.07681
5	0.04640	0.11887	0.11526	0.04859	0.14984	0.01755	0.17820	0.06359	0.04447	0.05198	0.01405	0.01665	0.01084	0.00645	0.00661	0.00200	0.00864	0.00604	0.00401	0.08994
6	0.01753	0.01518	0.02147	0.02679	0.33940	0.01536	0.01536	0.13518	0.10003	0.02663	0.01822	0.09731	0.01613	0.00853	0.00692	0.00205	0.00697	0.00762	0.00491	0.11841
7	0.01676	0.01259	0.01618	0.01598	0.12199	0.01147	0.01075	0.04892	0.09321	0.10656	0.04550	0.05267	0.05717	0.01022	0.03881	0.00217	0.00628	0.00702	0.00536	0.32041
8	0.03554	0.01276	0.01722	0.03425	0.12480	0.01204	0.03897	0.02185	0.12750	0.06805	0.07113	0.04585	0.02045	0.00878	0.00676	0.00193	0.00608	0.06707	0.00529	0.27368
9	0.01047	0.00852	0.01170	0.01087	0.01298	0.00803	0.06336	0.03677	0.04681	0.02244	0.21191	0.28206	0.21409	0.01653	0.00837	0.00246	0.00456	0.01475	0.00658	0.00672
