[name]
unknown

[dist]
# distance from previous block
# <min> <max>
0	269

[block]
# block no. 0 follows, 31 sequences, length 131
# corresponding to MSA columns:
# 269-308,311,336-399,409-434
name=unknown_A
#
# <colnr> <probs for GDERKNQSTAVLIFYWHMCP>
#	G	D	E	R	K	N	Q	S	T	A	V	L	I	F	Y	W	H	M	C	P
0	0.00843	0.00599	0.00791	0.00941	0.00979	0.00562	0.00623	0.00955	0.01292	0.01723	0.03681	0.71549	0.04411	0.06260	0.01019	0.00299	0.00412	0.01892	0.00623	0.00548
1	0.80789	0.01323	0.01006	0.00900	0.01323	0.01535	0.00741	0.02011	0.01164	0.03070	0.00953	0.01111	0.00741	0.00635	0.00423	0.00212	0.00529	0.00370	0.00423	0.00741
2	0.01693	0.01626	0.02777	0.04199	0.71689	0.01626	0.02100	0.02100	0.01558	0.02235	0.01287	0.01693	0.01084	0.00610	0.00677	0.00203	0.00813	0.00610	0.00339	0.01084
3	0.00968	0.00699	0.00914	0.00861	0.01022	0.00646	0.00646	0.01291	0.01937	0.02743	0.71328	0.05110	0.06455	0.01399	0.00807	0.00215	0.00323	0.01237	0.00753	0.00646
4	0.01829	0.76368	0.03585	0.01171	0.01756	0.02707	0.01171	0.02049	0.01390	0.01610	0.00951	0.01097	0.00878	0.00585	0.00439	0.00146	0.00732	0.00366	0.00293	0.00878
5	0.01337	0.01262	0.02134	0.66392	0.12278	0.01532	0.01923	0.01788	0.01389	0.01803	0.01224	0.01809	0.00931	0.00676	0.00683	0.00225	0.00901	0.00608	0.00308	0.00797
6	0.01702	0.01470	0.01547	0.01392	0.01779	0.01702	0.01083	0.03635	0.70453	0.02862	0.02785	0.02553	0.02088	0.00928	0.00696	0.00232	0.00541	0.00773	0.00696	0.01083
7	0.04991	0.01171	0.01524	0.01210	0.01684	0.01067	0.00983	0.08704	0.01973	0.56665	0.02676	0.10253	0.01931	0.00981	0.00700	0.00218	0.00575	0.00811	0.00798	0.01086
8	0.01829	0.76368	0.03585	0.01171	0.01756	0.02707	0.01171	0.02049	0.01390	0.01610	0.00951	0.01097	0.00878	0.00585	0.00439	0.00146	0.00732	0.00366	0.00293	0.00878
9	0.01656	0.48798	0.29640	0.01466	0.02212	0.02284	0.01684	0.02093	0.01411	0.01820	0.01056	0.01229	0.00874	0.00610	0.00519	0.00173	0.00837	0.00419	0.00291	0.00928
10	0.00809	0.00693	0.00693	0.00693	0.00924	0.00578	0.00520	0.00982	0.01559	0.01848	0.06931	0.06584	0.71411	0.01733	0.00809	0.00231	0.00347	0.01444	0.00635	0.00578
11	0.00990	0.00661	0.00748	0.00753	0.00754	0.00660	0.00422	0.00994	0.01005	0.01340	0.02207	0.06744	0.02552	0.73601	0.03399	0.00651	0.00655	0.01025	0.00422	0.00419
12	0.01787	0.69678	0.09907	0.01242	0.01867	0.02604	0.01295	0.02059	0.01395	0.01661	0.00977	0.01129	0.00877	0.00591	0.00458	0.00153	0.00757	0.00379	0.00292	0.00890
13	0.01454	0.16641	0.60030	0.01810	0.02744	0.01790	0.02284	0.02145	0.01435	0.02066	0.01178	0.01382	0.00869	0.00638	0.00612	0.00204	0.00961	0.00480	0.00290	0.00987
14	0.01566	0.01612	0.02085	0.01794	0.01817	0.06735	0.01485	0.01717	0.01106	0.01648	0.00908	0.01480	0.00897	0.01165	0.02139	0.00291	0.69911	0.00588	0.00303	0.00751
15	0.00834	0.00595	0.00794	0.00953	0.00992	0.00556	0.00635	0.00953	0.01310	0.01746	0.03771	0.75510	0.04525	0.02143	0.00873	0.00278	0.00397	0.01945	0.00635	0.00556
16	0.01830	0.02460	0.14699	0.02271	0.02895	0.20427	0.32822	0.02486	0.09153	0.02125	0.01424	0.01695	0.01082	0.00661	0.00719	0.00214	0.01084	0.00657	0.00376	0.00921
17	0.02556	0.03261	0.01939	0.01763	0.02115	0.73210	0.01322	0.02732	0.01939	0.01674	0.01058	0.01234	0.00881	0.00705	0.00617	0.00176	0.01234	0.00441	0.00353	0.00793
18	0.00994	0.00666	0.00758	0.00758	0.00762	0.00670	0.00430	0.01003	0.00998	0.01335	0.02145	0.04416	0.02461	0.73548	0.05855	0.00678	0.00703	0.00986	0.00413	0.00421
19	0.02131	0.02398	0.01735	0.01585	0.01942	0.40072	0.01212	0.03040	0.30219	0.02183	0.01898	0.02101	0.01532	0.00856	0.00666	0.00206	0.00918	0.03893	0.00508	0.00905
20	0.01306	0.01222	0.02054	0.63261	0.11152	0.01477	0.01849	0.01739	0.01384	0.01796	0.01366	0.05922	0.01131	0.00758	0.00694	0.00228	0.00873	0.00683	0.00326	0.00781
21	0.01615	0.01845	0.04037	0.02884	0.03576	0.01730	0.69204	0.02191	0.01615	0.02191	0.01384	0.01845	0.01038	0.00577	0.00807	0.00231	0.01153	0.00807	0.00346	0.00923
22	0.01601	0.01804	0.03809	0.02756	0.03367	0.01773	0.61252	0.02127	0.01548	0.02127	0.01327	0.01804	0.01022	0.00650	0.00976	0.00239	0.09792	0.00783	0.00341	0.00902
23	0.02059	0.02035	0.02012	0.06427	0.02257	0.28243	0.11408	0.04712	0.09788	0.10310	0.01881	0.10521	0.01606	0.00904	0.00697	0.00211	0.00906	0.00764	0.02390	0.00868
24	0.02439	0.01636	0.02015	0.01564	0.02057	0.09855	0.11387	0.18783	0.02177	0.28503	0.06503	0.02155	0.01685	0.00816	0.00693	0.00206	0.00755	0.00693	0.05056	0.01021
25	0.03054	0.01189	0.01603	0.01229	0.01759	0.01042	0.01015	0.05492	0.01999	0.69947	0.02665	0.02306	0.01676	0.00846	0.00688	0.00211	0.00588	0.00686	0.00841	0.01164
26	0.02344	0.02537	0.01800	0.01599	0.01978	0.44854	0.01222	0.07521	0.17641	0.06761	0.03974	0.01765	0.01417	0.00797	0.00651	0.00195	0.00970	0.00572	0.00499	0.00904
27	0.01331	0.01256	0.02123	0.67438	0.11278	0.01530	0.01920	0.01782	0.01387	0.01796	0.01223	0.01811	0.00929	0.00677	0.00683	0.00226	0.00902	0.00608	0.00307	0.00792
28	0.00833	0.00598	0.00791	0.00944	0.00990	0.00556	0.00631	0.00954	0.01318	0.01750	0.03870	0.73354	0.06617	0.02131	0.00871	0.00276	0.00395	0.01929	0.00635	0.00556
29	0.01615	0.01845	0.04037	0.02884	0.03576	0.01730	0.69204	0.02191	0.01615	0.02191	0.01384	0.01845	0.01038	0.00577	0.00807	0.00231	0.01153	0.00807	0.00346	0.00923
30	0.01693	0.01626	0.02777	0.04199	0.71689	0.01626	0.02100	0.02100	0.01558	0.02235	0.01287	0.01693	0.01084	0.00610	0.00677	0.00203	0.00813	0.00610	0.00339	0.01084
31	0.01372	0.03539	0.72412	0.01950	0.02961	0.01589	0.02528	0.02167	0.01444	0.02167	0.01228	0.01444	0.00867	0.00650	0.00650	0.00217	0.01011	0.00506	0.00289	0.01011
32	0.00995	0.00663	0.00746	0.00746	0.00746	0.00663	0.00415	0.00995	0.00995	0.01327	0.02156	0.04477	0.02487	0.75957	0.03482	0.00663	0.00663	0.00995	0.00415	0.00415
33	0.02506	0.02959	0.01929	0.01712	0.02094	0.58780	0.01303	0.11949	0.06584	0.02114	0.01251	0.01376	0.00999	0.00736	0.00631	0.00184	0.01123	0.00486	0.00421	0.00863
34	0.02556	0.03261	0.01939	0.01763	0.02115	0.73210	0.01322	0.02732	0.01939	0.01674	0.01058	0.01234	0.00881	0.00705	0.00617	0.00176	0.01234	0.00441	0.00353	0.00793
35	0.00977	0.00733	0.01100	0.01100	0.01222	0.00855	0.00855	0.01222	0.01100	0.01588	0.01833	0.02688	0.01710	0.05131	0.73245	0.01100	0.01833	0.00733	0.00367	0.00611
36	0.00810	0.00688	0.00698	0.00705	0.00927	0.00577	0.00525	0.00980	0.01547	0.01843	0.06780	0.09874	0.68219	0.01752	0.00812	0.00233	0.00349	0.01468	0.00635	0.00577
37	0.01292	0.01216	0.02052	0.74312	0.04712	0.01520	0.01900	0.01748	0.01368	0.01748	0.01216	0.01824	0.00912	0.00684	0.00684	0.00228	0.00912	0.00608	0.00304	0.00760
38	0.01361	0.00663	0.00683	0.00665	0.00842	0.00655	0.00503	0.01677	0.01460	0.05873	0.02254	0.02540	0.01751	0.00799	0.00488	0.00162	0.00331	0.00640	0.75988	0.00663
39	0.00891	0.00696	0.00807	0.00780	0.00975	0.00613	0.00585	0.01141	0.01754	0.02310	0.40160	0.05824	0.37894	0.01560	0.00808	0.00223	0.00334	0.01337	0.00696	0.00613
40	0.01292	0.01216	0.02052	0.74312	0.04712	0.01520	0.01900	0.01748	0.01368	0.01748	0.01216	0.01824	0.00912	0.00684	0.00684	0.00228	0.00912	0.00608	0.00304	0.00760
41	0.03030	0.01289	0.01620	0.01255	0.01776	0.04489	0.01030	0.05474	0.01999	0.66571	0.02586	0.02254	0.01637	0.00839	0.00684	0.00210	0.00619	0.00674	0.00818	0.01147
42	0.01662	0.00849	0.01132	0.00985	0.01262	0.00761	0.00765	0.01954	0.01909	0.25847	0.44664	0.08110	0.04759	0.01256	0.00771	0.00218	0.00413	0.01093	0.00778	0.00814
43	0.01615	0.01845	0.04037	0.02884	0.03576	0.01730	0.69204	0.02191	0.01615	0.02191	0.01384	0.01845	0.01038	0.00577	0.00807	0.00231	0.01153	0.00807	0.00346	0.00923
44	0.04691	0.01281	0.01440	0.01212	0.01614	0.05159	0.00961	0.04983	0.18390	0.32299	0.13624	0.04714	0.04594	0.00998	0.00705	0.00217	0.00559	0.00825	0.00738	0.00995
45	0.03070	0.01164	0.01588	0.01217	0.01746	0.01006	0.01006	0.03334	0.01958	0.72163	0.02699	0.02329	0.01694	0.00847	0.00688	0.00212	0.00582	0.00688	0.00847	0.01164
46	0.02601	0.01916	0.02053	0.01574	0.02122	0.02122	0.01300	0.69408	0.03217	0.04312	0.01643	0.01643	0.01163	0.00821	0.00684	0.00205	0.00753	0.00616	0.00684	0.01163
47	0.01693	0.01626	0.02777	0.04199	0.71689	0.01626	0.02100	0.02100	0.01558	0.02235	0.01287	0.01693	0.01084	0.00610	0.00677	0.00203	0.00813	0.00610	0.00339	0.01084
48	0.02330	0.01782	0.01901	0.01519	0.02018	0.01995	0.01235	0.49602	0.23463	0.03875	0.01986	0.01917	0.01442	0.00853	0.00688	0.00213	0.00689	0.00663	0.00688	0.01139
49	0.00834	0.00595	0.00794	0.00953	0.00992	0.00556	0.00635	0.00953	0.01310	0.01746	0.03771	0.75510	0.04525	0.02143	0.00873	0.00278	0.00397	0.01945	0.00635	0.00556
50	0.01089	0.00813	0.01238	0.01285	0.01448	0.00812	0.05425	0.01352	0.01453	0.01919	0.03178	0.16200	0.03450	0.02200	0.08447	0.04834	0.00752	0.42921	0.00567	0.00618
51	0.01629	0.44533	0.33671	0.01511	0.02283	0.02218	0.01764	0.02100	0.01414	0.01853	0.01072	0.01249	0.00873	0.00614	0.00531	0.00177	0.00854	0.00427	0.00291	0.00936
52	0.02605	0.01276	0.01544	0.01216	0.01683	0.01249	0.00994	0.19751	0.04436	0.41050	0.02356	0.02200	0.01583	0.00835	0.00652	0.00202	0.00580	0.00664	0.14052	0.01073
53	0.00854	0.00667	0.00775	0.00808	0.00967	0.00588	0.00583	0.01048	0.01579	0.02035	0.21585	0.26013	0.36515	0.01770	0.00827	0.00241	0.00355	0.01538	0.00664	0.00588
54	0.13611	0.01988	0.01507	0.01338	0.01701	0.28823	0.01030	0.04644	0.13648	0.10783	0.01729	0.01842	0.01328	0.02996	0.00682	0.00209	0.00793	0.00563	0.09923	0.00862
55	0.01441	0.14494	0.62059	0.01833	0.02780	0.01757	0.02324	0.02149	0.01436	0.02083	0.01186	0.01392	0.00868	0.00640	0.00618	0.00206	0.00969	0.00485	0.00289	0.00991
56	0.00962	0.00758	0.00875	0.00835	0.01042	0.00701	0.00629	0.01351	0.07197	0.02391	0.39853	0.05505	0.32396	0.01497	0.00799	0.00223	0.00350	0.01284	0.00701	0.00653
57	0.00977	0.00733	0.01100	0.01100	0.01222	0.00855	0.00855	0.01222	0.01100	0.01588	0.01833	0.02688	0.01710	0.05131	0.73245	0.01100	0.01833	0.00733	0.00367	0.00611
58	0.01387	0.05929	0.70153	0.01924	0.02921	0.01626	0.02483	0.02163	0.01443	0.02148	0.01219	0.01433	0.00867	0.00648	0.00643	0.00214	0.01002	0.00501	0.00289	0.01007
59	0.06545	0.01694	0.01818	0.01395	0.01941	0.01781	0.01142	0.46104	0.06430	0.03672	0.01568	0.01611	0.01157	0.00743	0.00629	0.00183	0.00671	0.00562	0.00605	0.19749
60	0.20024	0.01759	0.02965	0.02192	0.02774	0.03511	0.40728	0.11065	0.01715	0.02646	0.01296	0.01624	0.00978	0.00644	0.00740	0.00224	0.03136	0.00666	0.00408	0.00904
61	0.01188	0.00594	0.00891	0.00891	0.00891	0.00594	0.00594	0.00891	0.00891	0.01188	0.01188	0.02080	0.01188	0.02377	0.02674	0.80095	0.00594	0.00594	0.00297	0.00297
62	0.01924	0.01476	0.01732	0.01432	0.01855	0.01610	0.04869	0.21715	0.32430	0.07736	0.13138	0.02643	0.02429	0.00947	0.00716	0.00220	0.00604	0.00798	0.00692	0.01033
63	0.80789	0.01323	0.01006	0.00900	0.01323	0.01535	0.00741	0.02011	0.01164	0.03070	0.00953	0.01111	0.00741	0.00635	0.00423	0.00212	0.00529	0.00370	0.00423	0.00741
64	0.01595	0.01472	0.02233	0.05861	0.02208	0.01783	0.12741	0.12920	0.01530	0.02176	0.01289	0.01812	0.01113	0.01710	0.14430	0.00412	0.32848	0.00661	0.00383	0.00822
65	0.01710	0.57399	0.21512	0.01374	0.02070	0.02416	0.01524	0.02079	0.01404	0.01755	0.01023	0.01188	0.00875	0.00602	0.00494	0.00165	0.00804	0.00402	0.00292	0.00913
66	0.01746	0.01050	0.01203	0.01117	0.01367	0.06695	0.00847	0.01945	0.01642	0.24911	0.09192	0.30579	0.07693	0.01471	0.00830	0.00241	0.03049	0.02947	0.00680	0.00792
67	0.00841	0.00601	0.00801	0.00947	0.00994	0.00561	0.00636	0.00971	0.01345	0.01802	0.07538	0.71584	0.04633	0.02102	0.00870	0.00274	0.00393	0.01905	0.00642	0.00561
68	0.01132	0.00927	0.01530	0.01339	0.01559	0.00998	0.11097	0.03399	0.01295	0.01851	0.05661	0.02721	0.01886	0.06344	0.51096	0.00843	0.01518	0.00774	0.03359	0.00670
69	0.11641	0.01033	0.01241	0.01053	0.01393	0.01003	0.00833	0.08357	0.01926	0.25210	0.29655	0.07991	0.03599	0.01122	0.00714	0.00217	0.00477	0.00942	0.00728	0.00867
70	0.01667	0.01924	0.03920	0.02821	0.03494	0.05716	0.65419	0.02222	0.01633	0.02163	0.01366	0.01811	0.01029	0.00584	0.00797	0.00228	0.01158	0.00787	0.00346	0.00915
71	0.02234	0.01301	0.01533	0.01288	0.01717	0.01350	0.01025	0.07369	0.32585	0.30663	0.06627	0.05034	0.02205	0.00957	0.00704	0.00223	0.00553	0.00796	0.00757	0.01078
72	0.06569	0.01842	0.03352	0.02563	0.06913	0.05606	0.47719	0.07873	0.01757	0.06811	0.01440	0.01773	0.01066	0.00626	0.00749	0.00222	0.01032	0.00727	0.00410	0.00949
73	0.02521	0.02365	0.01937	0.01627	0.02070	0.34318	0.03366	0.19715	0.09809	0.13077	0.01652	0.01666	0.01212	0.00776	0.00659	0.00197	0.00936	0.00570	0.00548	0.00978
74	0.01214	0.00845	0.01009	0.00988	0.01196	0.00809	0.00748	0.09446	0.01753	0.06417	0.13493	0.28495	0.21973	0.01674	0.00819	0.00247	0.00447	0.07066	0.00669	0.00690
75	0.01566	0.34507	0.43146	0.01619	0.02449	0.02064	0.01951	0.02116	0.01421	0.01930	0.01110	0.01297	0.00871	0.00622	0.00560	0.00187	0.00892	0.00446	0.00290	0.00954
76	0.01450	0.01065	0.01306	0.01259	0.01519	0.01114	0.01056	0.16992	0.05852	0.02747	0.16590	0.05529	0.03704	0.01495	0.00844	0.00266	0.00592	0.35171	0.00671	0.00780
77	0.00875	0.00671	0.00968	0.01043	0.01132	0.00622	0.04441	0.01023	0.01343	0.01778	0.03844	0.66916	0.08694	0.02029	0.00865	0.00272	0.00436	0.01849	0.00619	0.00578
78	0.01146	0.00606	0.00889	0.00898	0.00907	0.00610	0.00601	0.00919	0.00932	0.01249	0.01421	0.06341	0.01475	0.06538	0.06543	0.66907	0.00656	0.00699	0.00326	0.00335
79	0.01634	0.01786	0.03862	0.02773	0.03440	0.01672	0.65014	0.02187	0.01616	0.04281	0.01498	0.04159	0.01167	0.00634	0.00806	0.00232	0.01113	0.00839	0.00370	0.00919
80	0.01817	0.72223	0.03610	0.01266	0.01857	0.02653	0.04955	0.02057	0.01403	0.01642	0.00975	0.01139	0.00887	0.00585	0.00459	0.00151	0.00755	0.00390	0.00296	0.00880
81	0.00967	0.00656	0.00774	0.00801	0.00814	0.00656	0.00476	0.01000	0.01054	0.01412	0.02409	0.16306	0.02786	0.59611	0.06935	0.00623	0.00684	0.01140	0.00449	0.00449
82	0.02404	0.01695	0.01829	0.01466	0.01951	0.03942	0.01190	0.40586	0.16948	0.13877	0.02030	0.01972	0.01453	0.01050	0.04149	0.00254	0.00749	0.00660	0.00686	0.01109
83	0.01468	0.01454	0.02040	0.01757	0.01764	0.02027	0.01461	0.01623	0.01051	0.01643	0.00950	0.01563	0.00943	0.01416	0.06194	0.00344	0.70651	0.00606	0.00303	0.00741
84	0.01693	0.01626	0.02777	0.04199	0.71689	0.01626	0.02100	0.02100	0.01558	0.02235	0.01287	0.01693	0.01084	0.00610	0.00677	0.00203	0.00813	0.00610	0.00339	0.01084
85	0.00834	0.00595	0.00794	0.00953	0.00992	0.00556	0.00635	0.00953	0.01310	0.01746	0.03771	0.75510	0.04525	0.02143	0.00873	0.00278	0.00397	0.01945	0.00635	0.00556
86	0.27874	0.01249	0.01411	0.01133	0.01622	0.01237	0.00932	0.04640	0.05006	0.44974	0.02117	0.01932	0.01394	0.00782	0.00604	0.00212	0.00568	0.00589	0.00700	0.01025
87	0.01829	0.76368	0.03585	0.01171	0.01756	0.02707	0.01171	0.02049	0.01390	0.01610	0.00951	0.01097	0.00878	0.00585	0.00439	0.00146	0.00732	0.00366	0.00293	0.00878
88	0.01615	0.01845	0.04037	0.02884	0.03576	0.01730	0.69204	0.02191	0.01615	0.02191	0.01384	0.01845	0.01038	0.00577	0.00807	0.00231	0.01153	0.00807	0.00346	0.00923
89	0.00968	0.00699	0.00914	0.00861	0.01022	0.00646	0.00646	0.01291	0.01937	0.02743	0.71328	0.05110	0.06455	0.01399	0.00807	0.00215	0.00323	0.01237	0.00753	0.00646
90	0.00855	0.00597	0.00786	0.00938	0.00983	0.00560	0.00628	0.00983	0.01316	0.01785	0.03697	0.72028	0.04393	0.02079	0.00854	0.00272	0.00393	0.01883	0.04411	0.00560
91	0.00896	0.00723	0.00877	0.00982	0.04896	0.00644	0.00660	0.01099	0.01577	0.02026	0.18811	0.22091	0.38857	0.01699	0.00816	0.00237	0.00379	0.01473	0.00642	0.00614
92	0.01430	0.01251	0.01564	0.01117	0.01730	0.00957	0.04615	0.01749	0.01430	0.02227	0.01225	0.01442	0.01015	0.00511	0.00523	0.00109	0.00543	0.00428	0.00402	0.75733
93	0.00834	0.00595	0.00794	0.00953	0.00992	0.00556	0.00635	0.00953	0.01310	0.01746	0.03771	0.75510	0.04525	0.02143	0.00873	0.00278	0.00397	0.01945	0.00635	0.00556
94	0.02515	0.07327	0.02030	0.01730	0.02095	0.69289	0.01313	0.02694	0.01908	0.01671	0.01052	0.01226	0.00881	0.00698	0.00607	0.00175	0.01206	0.00436	0.00349	0.00798
95	0.01735	0.01486	0.01566	0.01399	0.01792	0.01717	0.01091	0.06090	0.67943	0.02916	0.02742	0.02519	0.02054	0.00924	0.00696	0.00231	0.00549	0.00768	0.00696	0.01086
96	0.00977	0.00733	0.01100	0.01100	0.01222	0.00855	0.00855	0.01222	0.01100	0.01588	0.01833	0.02688	0.01710	0.05131	0.73245	0.01100	0.01833	0.00733	0.00367	0.00611
97	0.01694	0.01522	0.02533	0.01952	0.02449	0.01561	0.29933	0.04930	0.25884	0.06373	0.02045	0.02218	0.01542	0.01052	0.05726	0.00284	0.00885	0.00766	0.05690	0.00961
98	0.19356	0.01589	0.01622	0.01307	0.01783	0.05993	0.01063	0.28594	0.02241	0.22703	0.01872	0.05804	0.01391	0.00855	0.00636	0.00211	0.00667	0.00647	0.00651	0.01017
99	0.01615	0.01845	0.04037	0.02884	0.03576	0.01730	0.69204	0.02191	0.01615	0.02191	0.01384	0.01845	0.01038	0.00577	0.00807	0.00231	0.01153	0.00807	0.00346	0.00923
100	0.00995	0.00663	0.00746	0.00746	0.00746	0.00663	0.00415	0.00995	0.00995	0.01327	0.02156	0.04477	0.02487	0.75957	0.03482	0.00663	0.00663	0.00995	0.00415	0.00415
101	0.01419	0.01216	0.01419	0.01013	0.01621	0.00912	0.00811	0.01723	0.01419	0.02229	0.01216	0.01419	0.01013	0.00507	0.00507	0.00101	0.00507	0.00405	0.00405	0.80139
102	0.01372	0.03539	0.72412	0.01950	0.02961	0.01589	0.02528	0.02167	0.01444	0.02167	0.01228	0.01444	0.00867	0.00650	0.00650	0.00217	0.01011	0.00506	0.00289	0.01011
103	0.01175	0.00874	0.01150	0.01253	0.01441	0.00901	0.01072	0.01707	0.10835	0.02200	0.07697	0.06863	0.03845	0.01731	0.00903	0.00298	0.00599	0.54119	0.00646	0.00692
104	0.01469	0.01397	0.02372	0.43343	0.34296	0.01567	0.01988	0.01903	0.01452	0.01963	0.01247	0.01766	0.00988	0.00651	0.00681	0.00217	0.00868	0.00609	0.00319	0.00903
105	0.01693	0.01626	0.02777	0.04199	0.71689	0.01626	0.02100	0.02100	0.01558	0.02235	0.01287	0.01693	0.01084	0.00610	0.00677	0.00203	0.00813	0.00610	0.00339	0.01084
106	0.01693	0.01626	0.02777	0.04199	0.71689	0.01626	0.02100	0.02100	0.01558	0.02235	0.01287	0.01693	0.01084	0.00610	0.00677	0.00203	0.00813	0.00610	0.00339	0.01084
107	0.00855	0.00695	0.00757	0.00741	0.00952	0.00597	0.00556	0.01071	0.01668	0.02107	0.25516	0.06159	0.52664	0.01636	0.00808	0.00226	0.00340	0.01384	0.00669	0.00597
108	0.01745	0.62919	0.16295	0.01315	0.01978	0.02501	0.01421	0.02070	0.01400	0.01712	0.01002	0.01162	0.00876	0.00597	0.00478	0.00159	0.00783	0.00392	0.00292	0.00903
109	0.01693	0.01626	0.02777	0.04199	0.71689	0.01626	0.02100	0.02100	0.01558	0.02235	0.01287	0.01693	0.01084	0.00610	0.00677	0.00203	0.00813	0.00610	0.00339	0.01084
110	0.01292	0.01216	0.02052	0.74312	0.04712	0.01520	0.01900	0.01748	0.01368	0.01748	0.01216	0.01824	0.00912	0.00684	0.00684	0.00228	0.00912	0.00608	0.00304	0.00760
111	0.53498	0.01688	0.01257	0.01107	0.01513	0.14431	0.00886	0.09035	0.01532	0.02912	0.01126	0.01282	0.00876	0.00677	0.00489	0.00201	0.00665	0.00426	0.05613	0.00787
112	0.01292	0.01216	0.02052	0.74312	0.04712	0.01520	0.01900	0.01748	0.01368	0.01748	0.01216	0.01824	0.00912	0.00684	0.00684	0.00228	0.00912	0.00608	0.00304	0.00760
113	0.01693	0.01626	0.02777	0.04199	0.71689	0.01626	0.02100	0.02100	0.01558	0.02235	0.01287	0.01693	0.01084	0.00610	0.00677	0.00203	0.00813	0.00610	0.00339	0.01084
114	0.00834	0.00595	0.00794	0.00953	0.00992	0.00556	0.00635	0.00953	0.01310	0.01746	0.03771	0.75510	0.04525	0.02143	0.00873	0.00278	0.00397	0.01945	0.00635	0.00556
115	0.00940	0.00698	0.00875	0.00831	0.01004	0.00633	0.00623	0.01235	0.01869	0.02582	0.59743	0.05376	0.18141	0.01459	0.00807	0.00218	0.00327	0.01274	0.00732	0.00633
116	0.01829	0.76368	0.03585	0.01171	0.01756	0.02707	0.01171	0.02049	0.01390	0.01610	0.00951	0.01097	0.00878	0.00585	0.00439	0.00146	0.00732	0.00366	0.00293	0.00878
117	0.00979	0.00725	0.01060	0.01060	0.01168	0.00834	0.00805	0.01196	0.01088	0.01559	0.01869	0.02889	0.01798	0.13119	0.65377	0.01050	0.01701	0.00763	0.00372	0.00589
118	0.01829	0.76368	0.03585	0.01171	0.01756	0.02707	0.01171	0.02049	0.01390	0.01610	0.00951	0.01097	0.00878	0.00585	0.00439	0.00146	0.00732	0.00366	0.00293	0.00878
119	0.28323	0.01721	0.01709	0.01352	0.01859	0.01929	0.01116	0.47236	0.02541	0.03903	0.01416	0.01468	0.01024	0.00760	0.00599	0.00207	0.00679	0.00535	0.00599	0.01024
120	0.01676	0.01938	0.03900	0.02810	0.03480	0.06393	0.64776	0.02227	0.01636	0.02158	0.01363	0.01806	0.01028	0.00585	0.00795	0.00227	0.01159	0.00783	0.00346	0.00914
121	0.01292	0.01216	0.02052	0.74312	0.04712	0.01520	0.01900	0.01748	0.01368	0.01748	0.01216	0.01824	0.00912	0.00684	0.00684	0.00228	0.00912	0.00608	0.00304	0.00760
122	0.01497	0.01497	0.02095	0.01796	0.01796	0.02095	0.01497	0.01646	0.01048	0.01646	0.00898	0.01497	0.00898	0.01197	0.02245	0.00299	0.74704	0.00599	0.00299	0.00748
123	0.02471	0.02211	0.01933	0.01569	0.02042	0.21819	0.01255	0.46374	0.02753	0.03416	0.01825	0.01851	0.05668	0.00848	0.00674	0.00199	0.00860	0.00621	0.00589	0.01022
124	0.00986	0.00670	0.00799	0.00835	0.00859	0.00669	0.00525	0.01040	0.01096	0.01459	0.02492	0.13351	0.02859	0.57292	0.05000	0.00594	0.00663	0.07889	0.00462	0.00460
125	0.01564	0.01764	0.03825	0.02758	0.03407	0.01653	0.64731	0.02111	0.01595	0.02162	0.01540	0.06651	0.01266	0.00679	0.00812	0.00234	0.01104	0.00882	0.00365	0.00899
126	0.07015	0.02099	0.01903	0.01532	0.02023	0.18872	0.01233	0.40580	0.02623	0.13044	0.01612	0.01611	0.01146	0.00787	0.00654	0.00200	0.00831	0.00571	0.00613	0.01052
127	0.00851	0.00608	0.00814	0.00973	0.01020	0.00571	0.00666	0.00983	0.01327	0.01766	0.03761	0.71087	0.04487	0.02127	0.00878	0.00280	0.00412	0.06194	0.00635	0.00561
128	0.01579	0.02109	0.15380	0.02644	0.03372	0.01705	0.54208	0.02268	0.05425	0.02225	0.01436	0.01818	0.01068	0.00609	0.00775	0.00228	0.01095	0.00755	0.00356	0.00946
129	0.16078	0.01270	0.01349	0.01125	0.01538	0.05165	0.00902	0.07019	0.06261	0.33166	0.02219	0.05553	0.01618	0.00860	0.00615	0.00206	0.00568	0.00672	0.12862	0.00954
130	0.12732	0.02774	0.01774	0.01589	0.01960	0.55008	0.01210	0.06320	0.01909	0.04160	0.03749	0.01418	0.01111	0.00732	0.00605	0.00185	0.01061	0.00478	0.00410	0.00813

[dist]
# distance from previous block
# <min> <max>
1	5

[block]
# block no. 1 follows, 31 sequences, length 64
# corresponding to MSA columns:
# 440-503
name=unknown_B
#
# <colnr> <probs for GDERKNQSTAVLIFYWHMCP>
#	G	D	E	R	K	N	Q	S	T	A	V	L	I	F	Y	W	H	M	C	P
0	0.01651	0.01734	0.07457	0.07616	0.63624	0.01618	0.02118	0.02086	0.01540	0.02206	0.01279	0.01683	0.01060	0.00616	0.00676	0.00205	0.00831	0.00602	0.00334	0.01062
1	0.01521	0.01465	0.02537	0.33510	0.40157	0.01587	0.05432	0.01957	0.01481	0.02029	0.01262	0.01756	0.01009	0.00639	0.00687	0.00215	0.00872	0.00619	0.00325	0.00940
2	0.01380	0.01296	0.02182	0.48513	0.24359	0.01486	0.01874	0.01799	0.01420	0.01893	0.01410	0.06776	0.01208	0.00761	0.00695	0.00224	0.00848	0.00699	0.00337	0.00842
3	0.01835	0.67713	0.08163	0.01254	0.01856	0.06221	0.01270	0.02091	0.01422	0.01651	0.00975	0.01128	0.00877	0.00596	0.00462	0.00153	0.00776	0.00379	0.00295	0.00883
4	0.01568	0.40295	0.32636	0.01487	0.02216	0.02086	0.01711	0.02024	0.01408	0.01856	0.01260	0.06285	0.01120	0.00718	0.00558	0.00185	0.00828	0.00532	0.00314	0.00913
5	0.01504	0.00985	0.01224	0.01261	0.06052	0.03668	0.00884	0.01870	0.06404	0.15846	0.23150	0.20729	0.07495	0.01396	0.00783	0.00234	0.00491	0.04555	0.00684	0.00786
6	0.01602	0.01530	0.02578	0.09512	0.61593	0.01546	0.01977	0.01996	0.01543	0.02170	0.01664	0.02035	0.05834	0.00692	0.00687	0.00207	0.00789	0.00666	0.00356	0.01024
7	0.00874	0.00670	0.00801	0.00823	0.00978	0.00597	0.00596	0.01089	0.01635	0.02155	0.30060	0.23879	0.29941	0.01715	0.00825	0.00237	0.00351	0.01497	0.00679	0.00597
8	0.02298	0.01531	0.01711	0.01403	0.01866	0.01657	0.01128	0.27412	0.28169	0.18670	0.02388	0.04978	0.01758	0.00918	0.00697	0.00220	0.00622	0.00742	0.00723	0.01110
9	0.01577	0.01507	0.02567	0.24516	0.52280	0.01595	0.02042	0.01998	0.01503	0.02094	0.01266	0.01731	0.01034	0.00631	0.00679	0.00210	0.00842	0.00609	0.00329	0.00990
10	0.53901	0.01268	0.01207	0.01010	0.01470	0.01352	0.00832	0.02469	0.01439	0.26973	0.01557	0.01532	0.01070	0.00708	0.00515	0.00212	0.00548	0.00480	0.00570	0.00887
11	0.01447	0.01374	0.02332	0.47242	0.30571	0.01561	0.01977	0.01884	0.01441	0.01936	0.01243	0.01774	0.00978	0.00655	0.00681	0.00218	0.00874	0.00609	0.00317	0.00885
12	0.01390	0.06381	0.69726	0.01920	0.02914	0.01632	0.02475	0.02162	0.01442	0.02145	0.01217	0.01431	0.00867	0.00647	0.00642	0.00214	0.01000	0.00500	0.00289	0.01006
13	0.01636	0.07988	0.03061	0.02184	0.02717	0.05770	0.39305	0.05601	0.08358	0.02228	0.01829	0.10972	0.01627	0.00858	0.00760	0.00227	0.00936	0.02620	0.00436	0.00887
14	0.00834	0.00595	0.00794	0.00953	0.00992	0.00556	0.00635	0.00953	0.01310	0.01746	0.03771	0.75510	0.04525	0.02143	0.00873	0.00278	0.00397	0.01945	0.00635	0.00556
15	0.01348	0.04810	0.54540	0.01785	0.02629	0.01506	0.04720	0.02119	0.06129	0.02158	0.01908	0.04727	0.07033	0.00811	0.00676	0.00220	0.00899	0.00665	0.00361	0.00956
16	0.01357	0.04957	0.54668	0.01939	0.02797	0.01527	0.10471	0.02039	0.01450	0.02111	0.01507	0.09270	0.01273	0.00796	0.00687	0.00223	0.00957	0.00690	0.00332	0.00949
17	0.03070	0.01164	0.01588	0.01217	0.01746	0.01006	0.01006	0.03334	0.01958	0.72163	0.02699	0.02329	0.01694	0.00847	0.00688	0.00212	0.00582	0.00688	0.00847	0.01164
18	0.01612	0.01543	0.02631	0.18319	0.58201	0.01604	0.02059	0.02029	0.01520	0.02137	0.01273	0.01720	0.01049	0.00625	0.00679	0.00208	0.00833	0.00609	0.00332	0.01018
19	0.01337	0.01240	0.02052	0.71828	0.04623	0.01541	0.01880	0.04059	0.01431	0.01836	0.01231	0.01818	0.00921	0.00689	0.00684	0.00227	0.00907	0.00608	0.00317	0.00774
20	0.01702	0.01470	0.01547	0.01392	0.01779	0.01702	0.01083	0.03635	0.70453	0.02862	0.02785	0.02553	0.02088	0.00928	0.00696	0.00232	0.00541	0.00773	0.00696	0.01083
21	0.00977	0.00733	0.01100	0.01100	0.01222	0.00855	0.00855	0.01222	0.01100	0.01588	0.01833	0.02688	0.01710	0.05131	0.73245	0.01100	0.01833	0.00733	0.00367	0.00611
22	0.01459	0.17326	0.59382	0.01802	0.02733	0.01801	0.02271	0.02144	0.01434	0.02061	0.01175	0.01379	0.00869	0.00638	0.00610	0.00203	0.00958	0.00479	0.00290	0.00986
23	0.01357	0.01078	0.01653	0.01395	0.01717	0.01033	0.14493	0.07311	0.04296	0.07005	0.09682	0.18930	0.17577	0.01405	0.00813	0.00244	0.00603	0.08039	0.00608	0.00762
24	0.00851	0.00608	0.00814	0.00973	0.01020	0.00571	0.00666	0.00983	0.01327	0.01766	0.03761	0.71058	0.04486	0.02127	0.00878	0.00280	0.00412	0.06223	0.00635	0.00561
25	0.02556	0.03261	0.01939	0.01763	0.02115	0.73210	0.01322	0.02732	0.01939	0.01674	0.01058	0.01234	0.00881	0.00705	0.00617	0.00176	0.01234	0.00441	0.00353	0.00793
26	0.02428	0.01801	0.01934	0.01526	0.02039	0.02001	0.01246	0.53744	0.17161	0.06050	0.01912	0.01852	0.01372	0.00844	0.00687	0.00211	0.00704	0.00651	0.00692	0.01147
27	0.01411	0.09671	0.66617	0.01884	0.02860	0.01683	0.02413	0.02157	0.01440	0.02120	0.01204	0.01415	0.00868	0.00645	0.00632	0.00211	0.00988	0.00494	0.00289	0.01000
28	0.00834	0.00595	0.00794	0.00953	0.00992	0.00556	0.00635	0.00953	0.01310	0.01746	0.03771	0.75510	0.04525	0.02143	0.00873	0.00278	0.00397	0.01945	0.00635	0.00556
29	0.01480	0.01473	0.02092	0.07902	0.02042	0.02047	0.01531	0.01655	0.01075	0.01655	0.00925	0.01524	0.00899	0.01154	0.02114	0.00293	0.68491	0.00599	0.00300	0.00749
30	0.01829	0.76368	0.03585	0.01171	0.01756	0.02707	0.01171	0.02049	0.01390	0.01610	0.00951	0.01097	0.00878	0.00585	0.00439	0.00146	0.00732	0.00366	0.00293	0.00878
31	0.01421	0.11273	0.65103	0.01867	0.02833	0.01708	0.02384	0.02154	0.01439	0.02107	0.01198	0.01408	0.00868	0.00643	0.00628	0.00209	0.00981	0.00491	0.00289	0.00997
32	0.00834	0.00595	0.00794	0.00953	0.00992	0.00556	0.00635	0.00953	0.01310	0.01746	0.03771	0.75510	0.04525	0.02143	0.00873	0.00278	0.00397	0.01945	0.00635	0.00556
33	0.01419	0.01216	0.01419	0.01013	0.01621	0.00912	0.00811	0.01723	0.01419	0.02229	0.01216	0.01419	0.01013	0.00507	0.00507	0.00101	0.00507	0.00405	0.00405	0.80139
34	0.03030	0.01228	0.01627	0.01247	0.01778	0.01100	0.01030	0.08897	0.02064	0.66450	0.02610	0.02271	0.01649	0.00845	0.00688	0.00211	0.00597	0.00682	0.00833	0.01164
35	0.00834	0.00595	0.00794	0.00953	0.00992	0.00556	0.00635	0.00953	0.01310	0.01746	0.03771	0.75510	0.04525	0.02143	0.00873	0.00278	0.00397	0.01945	0.00635	0.00556
36	0.01062	0.00850	0.01231	0.01183	0.01276	0.01039	0.00923	0.01272	0.01083	0.01576	0.01708	0.02641	0.01642	0.10227	0.56177	0.00935	0.13464	0.00733	0.00360	0.00617
37	0.01751	0.57346	0.05297	0.01426	0.01948	0.02506	0.06983	0.02006	0.01361	0.01679	0.00988	0.01227	0.00894	0.00674	0.00735	0.00177	0.11395	0.00440	0.00298	0.00867
38	0.02601	0.01916	0.02053	0.01574	0.02122	0.02122	0.01300	0.69408	0.03217	0.04312	0.01643	0.01643	0.01163	0.00821	0.00684	0.00205	0.00753	0.00616	0.00684	0.01163
39	0.01292	0.01216	0.02052	0.74312	0.04712	0.01520	0.01900	0.01748	0.01368	0.01748	0.01216	0.01824	0.00912	0.00684	0.00684	0.00228	0.00912	0.00608	0.00304	0.00760
40	0.00964	0.00714	0.00820	0.00784	0.00997	0.00623	0.00591	0.01203	0.01733	0.04966	0.33673	0.05802	0.41549	0.01559	0.00803	0.00224	0.00346	0.01328	0.00693	0.00629
41	0.00883	0.00648	0.00846	0.00958	0.01045	0.00586	0.00650	0.01017	0.01319	0.01787	0.03556	0.69272	0.04229	0.02006	0.00842	0.00263	0.00406	0.01815	0.00616	0.07257
42	0.00995	0.00663	0.00746	0.00746	0.00746	0.00663	0.00415	0.00995	0.00995	0.01327	0.02156	0.04477	0.02487	0.75957	0.03482	0.00663	0.00663	0.00995	0.00415	0.00415
43	0.00863	0.00615	0.00816	0.00944	0.00987	0.00594	0.00631	0.00981	0.01258	0.01688	0.03429	0.61581	0.04061	0.10167	0.07570	0.00391	0.00552	0.01737	0.00588	0.00546
44	0.00968	0.00699	0.00914	0.00861	0.01022	0.00646	0.00646	0.01291	0.01937	0.02743	0.71328	0.05110	0.06455	0.01399	0.00807	0.00215	0.00323	0.01237	0.00753	0.00646
45	0.01942	0.01975	0.01657	0.01497	0.01874	0.21863	0.01150	0.03381	0.51136	0.02527	0.02298	0.02181	0.01748	0.00865	0.00674	0.00216	0.00737	0.00680	0.00599	0.01001
46	0.02502	0.03171	0.01947	0.01764	0.02099	0.69589	0.01331	0.02677	0.01893	0.01673	0.01049	0.01247	0.00882	0.00730	0.00700	0.00183	0.04974	0.00449	0.00350	0.00791
47	0.00834	0.00595	0.00794	0.00953	0.00992	0.00556	0.00635	0.00953	0.01310	0.01746	0.03771	0.75510	0.04525	0.02143	0.00873	0.00278	0.00397	0.01945	0.00635	0.00556
48	0.01615	0.01845	0.04037	0.02884	0.03576	0.01730	0.69204	0.02191	0.01615	0.02191	0.01384	0.01845	0.01038	0.00577	0.00807	0.00231	0.01153	0.00807	0.00346	0.00923
49	0.01767	0.01502	0.01584	0.01405	0.01804	0.01732	0.01099	0.08417	0.65564	0.02967	0.02702	0.02486	0.02021	0.00920	0.00695	0.00230	0.00557	0.00762	0.00695	0.01089
50	0.00834	0.00595	0.00794	0.00953	0.00992	0.00556	0.00635	0.00953	0.01310	0.01746	0.03771	0.75510	0.04525	0.02143	0.00873	0.00278	0.00397	0.01945	0.00635	0.00556
51	0.00995	0.00663	0.00746	0.00746	0.00746	0.00663	0.00415	0.00995	0.00995	0.01327	0.02156	0.04477	0.02487	0.75957	0.03482	0.00663	0.00663	0.00995	0.00415	0.00415
52	0.02923	0.01529	0.01717	0.01344	0.01859	0.08627	0.01097	0.16465	0.02207	0.51393	0.02320	0.02079	0.01504	0.00827	0.00680	0.00207	0.00683	0.00648	0.00764	0.01126
53	0.02538	0.01267	0.01558	0.01260	0.01717	0.01242	0.01016	0.13915	0.12398	0.42342	0.02614	0.08420	0.01907	0.00962	0.00697	0.00217	0.00579	0.00793	0.03475	0.01083
54	0.01372	0.03539	0.72412	0.01950	0.02961	0.01589	0.02528	0.02167	0.01444	0.02167	0.01228	0.01444	0.00867	0.00650	0.00650	0.00217	0.01011	0.00506	0.00289	0.01011
55	0.01627	0.01834	0.03589	0.02638	0.03240	0.06201	0.56819	0.02142	0.01612	0.02128	0.01535	0.02289	0.01267	0.00717	0.00857	0.00237	0.03658	0.06357	0.00369	0.00884
56	0.01120	0.00967	0.01483	0.01272	0.01517	0.02991	0.12575	0.01458	0.01787	0.02460	0.45366	0.12764	0.04981	0.01350	0.00817	0.00230	0.00520	0.05006	0.00650	0.00687
57	0.00995	0.00663	0.00746	0.00746	0.00746	0.00663	0.00415	0.00995	0.00995	0.01327	0.02156	0.04477	0.02487	0.75957	0.03482	0.00663	0.00663	0.00995	0.00415	0.00415
58	0.01497	0.01497	0.02095	0.01796	0.01796	0.02095	0.01497	0.01646	0.01048	0.01646	0.00898	0.01497	0.00898	0.01197	0.02245	0.00299	0.74704	0.00599	0.00299	0.00748
59	0.05368	0.01958	0.01726	0.01461	0.01891	0.20541	0.01148	0.17592	0.20651	0.15380	0.01975	0.01963	0.01455	0.02909	0.00738	0.00219	0.00781	0.00626	0.00612	0.01007
60	0.01411	0.09671	0.66617	0.01884	0.02860	0.01683	0.02413	0.02157	0.01440	0.02120	0.01204	0.01415	0.00868	0.00645	0.00632	0.00211	0.00988	0.00494	0.00289	0.01000
61	0.02024	0.01439	0.01578	0.01339	0.01760	0.01580	0.01064	0.16725	0.40044	0.13405	0.04550	0.02525	0.04005	0.00926	0.00691	0.00220	0.00570	0.00756	0.03730	0.01067
62	0.02866	0.01491	0.01790	0.01372	0.01909	0.01490	0.01134	0.32037	0.02505	0.42688	0.02240	0.02031	0.01463	0.00836	0.00686	0.00209	0.00656	0.00657	0.00776	0.01164
63	0.01693	0.01626	0.02777	0.04199	0.71689	0.01626	0.02100	0.02100	0.01558	0.02235	0.01287	0.01693	0.01084	0.00610	0.00677	0.00203	0.00813	0.00610	0.00339	0.01084

[dist]
# distance from previous block
# <min> <max>
0	5

[block]
# block no. 2 follows, 31 sequences, length 20
# corresponding to MSA columns:
# 509-516,520-531
name=unknown_C
#
# <colnr> <probs for GDERKNQSTAVLIFYWHMCP>
#	G	D	E	R	K	N	Q	S	T	A	V	L	I	F	Y	W	H	M	C	P
0	0.01057	0.00828	0.00973	0.00914	0.01128	0.00809	0.00692	0.01619	0.13416	0.02568	0.45708	0.05000	0.19894	0.01392	0.00789	0.00221	0.00365	0.01204	0.00718	0.00704
1	0.00985	0.00704	0.00953	0.00953	0.01024	0.00775	0.00672	0.01127	0.01056	0.01480	0.01967	0.03431	0.02033	0.34546	0.44271	0.00918	0.01347	0.00842	0.00386	0.00529
2	0.12736	0.01646	0.01780	0.01397	0.01913	0.01777	0.01149	0.41641	0.07891	0.18378	0.01865	0.01789	0.01292	0.00811	0.00652	0.00210	0.00671	0.00612	0.00686	0.01103
3	0.01395	0.03392	0.67401	0.01911	0.02877	0.01597	0.02426	0.02270	0.06324	0.02216	0.01338	0.01523	0.00953	0.00670	0.00653	0.00218	0.00978	0.00524	0.00318	0.01016
4	0.00879	0.00628	0.00846	0.01004	0.01064	0.00595	0.00714	0.01031	0.01355	0.01797	0.03746	0.64070	0.04426	0.02101	0.00885	0.00284	0.00436	0.12937	0.00634	0.00568
5	0.01372	0.03539	0.72412	0.01950	0.02961	0.01589	0.02528	0.02167	0.01444	0.02167	0.01228	0.01444	0.00867	0.00650	0.00650	0.00217	0.01011	0.00506	0.00289	0.01011
6	0.02540	0.01268	0.01500	0.01212	0.01646	0.06118	0.00974	0.08077	0.02023	0.46892	0.14129	0.05985	0.02526	0.00987	0.00711	0.00212	0.00590	0.00814	0.00774	0.01023
7	0.00852	0.00695	0.00753	0.00739	0.00951	0.00596	0.00554	0.01066	0.01662	0.02092	0.24468	0.06183	0.53721	0.01642	0.00808	0.00227	0.00340	0.01388	0.00667	0.00596
8	0.01001	0.00751	0.00934	0.00879	0.01063	0.00710	0.00662	0.01417	0.06562	0.02654	0.59676	0.05096	0.13201	0.01403	0.00800	0.00218	0.00340	0.01228	0.00736	0.00668
9	0.01829	0.76368	0.03585	0.01171	0.01756	0.02707	0.01171	0.02049	0.01390	0.01610	0.00951	0.01097	0.00878	0.00585	0.00439	0.00146	0.00732	0.00366	0.00293	0.00878
10	0.01693	0.01626	0.02777	0.04199	0.71689	0.01626	0.02100	0.02100	0.01558	0.02235	0.01287	0.01693	0.01084	0.00610	0.00677	0.00203	0.00813	0.00610	0.00339	0.01084
11	0.00834	0.00595	0.00794	0.00953	0.00992	0.00556	0.00635	0.00953	0.01310	0.01746	0.03771	0.75510	0.04525	0.02143	0.00873	0.00278	0.00397	0.01945	0.00635	0.00556
12	0.03070	0.01164	0.01588	0.01217	0.01746	0.01006	0.01006	0.03334	0.01958	0.72163	0.02699	0.02329	0.01694	0.00847	0.00688	0.00212	0.00582	0.00688	0.00847	0.01164
13	0.01981	0.02091	0.01664	0.01521	0.01881	0.28164	0.01173	0.03160	0.40699	0.02370	0.02197	0.02389	0.01757	0.00906	0.00682	0.00217	0.00804	0.04833	0.00565	0.00947
14	0.01571	0.33526	0.31722	0.01467	0.02232	0.01941	0.01672	0.02042	0.01417	0.01945	0.01110	0.01295	0.00896	0.00599	0.00538	0.00168	0.00809	0.00430	0.00310	0.14308
15	0.02175	0.14222	0.02025	0.01326	0.01800	0.01927	0.01117	0.41696	0.06830	0.03448	0.01704	0.01771	0.01280	0.00784	0.00607	0.00189	0.00658	0.00588	0.14838	0.01016
16	0.01560	0.01739	0.03702	0.14937	0.03767	0.01695	0.57846	0.02117	0.01573	0.02117	0.01356	0.01842	0.01017	0.00595	0.00787	0.00230	0.01113	0.00774	0.00339	0.00895
17	0.01368	0.01272	0.02045	0.52315	0.13388	0.01432	0.01744	0.01792	0.01403	0.01896	0.01226	0.01738	0.00953	0.00644	0.00653	0.00203	0.00830	0.00574	0.00326	0.14200
18	0.51041	0.01488	0.01795	0.01777	0.13563	0.01618	0.10411	0.06816	0.01438	0.02896	0.01117	0.01348	0.00869	0.00636	0.00537	0.00212	0.00679	0.00488	0.00417	0.00854
19	0.02392	0.01748	0.01907	0.01457	0.02008	0.01852	0.01197	0.52715	0.05162	0.07007	0.01658	0.01667	0.01194	0.00773	0.00655	0.00189	0.00696	0.00589	0.00645	0.14488

[dist]
# distance from previous block
# <min> <max>
3	388

[block]
# block no. 3 follows, 31 sequences, length 53
# corresponding to MSA columns:
# 1045-1097
name=unknown_D
#
# <colnr> <probs for GDERKNQSTAVLIFYWHMCP>
#	G	D	E	R	K	N	Q	S	T	A	V	L	I	F	Y	W	H	M	C	P
0	0.05732	0.01279	0.01355	0.01365	0.05590	0.07753	0.00967	0.10489	0.09154	0.02346	0.05567	0.27277	0.07536	0.01490	0.03264	0.00264	0.03781	0.01136	0.00568	0.03088
1	0.01461	0.01223	0.01696	0.03651	0.09014	0.03695	0.05364	0.09448	0.03476	0.04238	0.01940	0.02425	0.05250	0.02786	0.33523	0.00614	0.05619	0.00718	0.00433	0.03425
2	0.01768	0.30290	0.07436	0.01480	0.03894	0.12527	0.03408	0.06320	0.07114	0.02062	0.06172	0.07618	0.01744	0.00878	0.00653	0.00194	0.02672	0.02477	0.00428	0.00865
3	0.01432	0.01274	0.03306	0.01284	0.04469	0.07441	0.05034	0.08123	0.03999	0.06806	0.06769	0.11709	0.30760	0.03446	0.00840	0.00237	0.00588	0.01134	0.00589	0.00759
4	0.06478	0.01479	0.01652	0.07155	0.04951	0.08144	0.03219	0.07517	0.03898	0.02406	0.05501	0.01922	0.01446	0.00693	0.00596	0.00161	0.00659	0.02732	0.00449	0.38942
5	0.06279	0.07150	0.01651	0.01251	0.01579	0.03596	0.06821	0.08406	0.06263	0.08515	0.20836	0.10581	0.07012	0.03846	0.00865	0.00235	0.02736	0.00972	0.00602	0.00804
6	0.43997	0.14433	0.01723	0.09757	0.01891	0.01797	0.01035	0.09370	0.01457	0.02730	0.01093	0.01305	0.00865	0.00677	0.00552	0.00203	0.03273	0.00440	0.02591	0.00811
7	0.02960	0.01201	0.01682	0.01454	0.07303	0.01055	0.01092	0.03236	0.01926	0.66608	0.02587	0.02278	0.01645	0.00828	0.00687	0.00211	0.00600	0.00682	0.00806	0.01158
8	0.01865	0.01645	0.01587	0.01403	0.01786	0.09993	0.01092	0.08879	0.49006	0.05185	0.07929	0.02517	0.02203	0.00928	0.00694	0.00221	0.00624	0.00755	0.00665	0.01024
9	0.01619	0.01506	0.07079	0.01371	0.01768	0.01512	0.01135	0.03152	0.52937	0.05615	0.02787	0.12070	0.02296	0.01063	0.00715	0.00236	0.00561	0.00903	0.00662	0.01011
10	0.01968	0.35505	0.08426	0.01291	0.01841	0.01995	0.01219	0.04746	0.16344	0.14360	0.04695	0.01841	0.01525	0.00752	0.00579	0.00187	0.00672	0.00566	0.00507	0.00982
11	0.10090	0.25366	0.02417	0.01688	0.07453	0.38724	0.01279	0.02400	0.01663	0.01839	0.01033	0.01216	0.00882	0.00654	0.00548	0.00173	0.00976	0.00424	0.00340	0.00837
12	0.00834	0.00595	0.00794	0.00953	0.00992	0.00556	0.00635	0.00953	0.01310	0.01746	0.03771	0.75510	0.04525	0.02143	0.00873	0.00278	0.00397	0.01945	0.00635	0.00556
13	0.01419	0.01216	0.01419	0.01013	0.01621	0.00912	0.00811	0.01723	0.01419	0.02229	0.01216	0.01419	0.01013	0.00507	0.00507	0.00101	0.00507	0.00405	0.00405	0.80139
14	0.01700	0.01207	0.01447	0.01048	0.01643	0.00928	0.00844	0.01997	0.01511	0.14155	0.01469	0.01574	0.01129	0.00565	0.00538	0.00120	0.00520	0.00454	0.00481	0.66671
15	0.80789	0.01323	0.01006	0.00900	0.01323	0.01535	0.00741	0.02011	0.01164	0.03070	0.00953	0.01111	0.00741	0.00635	0.00423	0.00212	0.00529	0.00370	0.00423	0.00741
16	0.01012	0.00745	0.00952	0.00892	0.01067	0.00708	0.00671	0.01430	0.05984	0.02750	0.67278	0.04959	0.06197	0.01371	0.00800	0.00216	0.00336	0.01210	0.00750	0.00671
17	0.00834	0.00595	0.00794	0.00953	0.00992	0.00556	0.00635	0.00953	0.01310	0.01746	0.03771	0.75510	0.04525	0.02143	0.00873	0.00278	0.00397	0.01945	0.00635	0.00556
18	0.00977	0.00733	0.01100	0.01100	0.01222	0.00855	0.00855	0.01222	0.01100	0.01588	0.01833	0.02688	0.01710	0.05131	0.73245	0.01100	0.01833	0.00733	0.00367	0.00611
19	0.01342	0.01267	0.02143	0.65496	0.13134	0.01533	0.01925	0.01792	0.01392	0.01809	0.01225	0.01808	0.00934	0.00675	0.00683	0.00225	0.00900	0.00608	0.00308	0.00801
20	0.00968	0.00699	0.00914	0.00861	0.01022	0.00646	0.00646	0.01291	0.01937	0.02743	0.71328	0.05110	0.06455	0.01399	0.00807	0.00215	0.00323	0.01237	0.00753	0.00646
21	0.01653	0.01585	0.02704	0.11213	0.64989	0.01615	0.02080	0.02064	0.01539	0.02186	0.01280	0.01706	0.01067	0.00617	0.00678	0.00206	0.00823	0.00609	0.00335	0.01051
22	0.03043	0.01207	0.01614	0.01237	0.01768	0.01069	0.01022	0.07068	0.02029	0.68329	0.02639	0.02290	0.01664	0.00845	0.00688	0.00211	0.00592	0.00684	0.00838	0.01164
