[name]
unknown

[dist]
# distance from previous block
# <min> <max>
0	294

[block]
# block no. 0 follows, 35 sequences, length 51
# corresponding to MSA columns:
# 350-400
name=unknown_A
#
# <colnr> <probs for GDERKNQSTAVLIFYWHMCP>
#	G	D	E	R	K	N	Q	S	T	A	V	L	I	F	Y	W	H	M	C	P
0	0.07494	0.01674	0.09233	0.01428	0.05705	0.13287	0.03104	0.05266	0.17200	0.04587	0.09746	0.02344	0.03416	0.00909	0.02217	0.00211	0.00683	0.03234	0.04652	0.03610
1	0.04111	0.04683	0.26472	0.05328	0.12989	0.04573	0.09079	0.04503	0.03876	0.02064	0.01237	0.01559	0.00982	0.03886	0.00705	0.00200	0.00803	0.00525	0.00334	0.12091
2	0.01360	0.01245	0.01713	0.01553	0.05255	0.01554	0.03716	0.08692	0.01283	0.01828	0.01778	0.07430	0.08354	0.08035	0.01692	0.00284	0.42385	0.00761	0.00380	0.00700
3	0.01891	0.01506	0.02003	0.09091	0.20073	0.04240	0.05175	0.27561	0.03262	0.07920	0.04044	0.05186	0.01399	0.00761	0.00644	0.00195	0.00708	0.00656	0.02742	0.00943
4	0.00779	0.00643	0.00686	0.00693	0.00889	0.00550	0.00523	0.00958	0.01475	0.01809	0.13579	0.09268	0.59845	0.01596	0.00758	0.00218	0.00332	0.04254	0.00601	0.00544
5	0.03668	0.01269	0.04474	0.01011	0.01582	0.00969	0.00850	0.06615	0.01429	0.02224	0.01149	0.01323	0.00937	0.00500	0.00485	0.00108	0.00507	0.00393	0.00390	0.70117
6	0.01457	0.05046	0.01374	0.01202	0.05015	0.01192	0.00899	0.19026	0.09826	0.04106	0.20018	0.10468	0.09135	0.01125	0.00684	0.00205	0.00491	0.04368	0.03573	0.00790
7	0.01619	0.62012	0.10377	0.01223	0.01746	0.02342	0.01247	0.01869	0.01259	0.01549	0.00903	0.01091	0.00815	0.00612	0.00612	0.00158	0.09106	0.00376	0.00272	0.00813
8	0.00771	0.00643	0.00672	0.00665	0.00870	0.00545	0.00499	0.00952	0.01497	0.01834	0.16112	0.05908	0.63730	0.01562	0.00750	0.00212	0.00318	0.01311	0.00605	0.00545
9	0.00773	0.00552	0.00736	0.00883	0.00920	0.00515	0.00589	0.00883	0.01215	0.01619	0.03497	0.77291	0.04196	0.01987	0.00810	0.00258	0.00368	0.01803	0.00589	0.00515
10	0.04374	0.63188	0.02864	0.01049	0.01529	0.03700	0.01008	0.01798	0.01316	0.01605	0.04932	0.01522	0.04756	0.00793	0.03171	0.00178	0.00681	0.00445	0.00317	0.00774
11	0.01649	0.69803	0.11197	0.01166	0.01752	0.02395	0.01225	0.01912	0.01295	0.01550	0.00910	0.01053	0.00813	0.00549	0.00429	0.00143	0.00707	0.00354	0.00271	0.00828
12	0.00773	0.00552	0.00736	0.00883	0.00920	0.00515	0.00589	0.00883	0.01215	0.01619	0.03497	0.77291	0.04196	0.01987	0.00810	0.00258	0.00368	0.01803	0.00589	0.00515
13	0.08830	0.01123	0.01219	0.01014	0.01362	0.01162	0.00813	0.24643	0.01940	0.15290	0.02479	0.07021	0.10228	0.00924	0.00595	0.00189	0.00494	0.00737	0.19105	0.00833
14	0.02353	0.01702	0.01837	0.01427	0.01919	0.01878	0.01173	0.61612	0.09632	0.07395	0.01674	0.01636	0.01186	0.00772	0.00636	0.00193	0.00671	0.00589	0.00643	0.01072
15	0.01239	0.01170	0.01977	0.68176	0.12052	0.01420	0.01782	0.01657	0.01288	0.01671	0.01135	0.01678	0.00863	0.00627	0.00634	0.00209	0.00835	0.00564	0.00285	0.00738
16	0.00923	0.00615	0.00692	0.00692	0.00692	0.00615	0.00384	0.00923	0.00923	0.01230	0.01999	0.04151	0.02306	0.77705	0.03229	0.00615	0.00615	0.00923	0.00384	0.00384
17	0.00774	0.00630	0.00685	0.00699	0.00879	0.00541	0.00514	0.00946	0.01461	0.01815	0.15264	0.16194	0.54154	0.01619	0.00758	0.00218	0.00325	0.01379	0.00604	0.00541
18	0.00756	0.00643	0.00652	0.00650	0.00861	0.00538	0.00487	0.00923	0.01462	0.01751	0.09472	0.06043	0.70421	0.01593	0.00750	0.00214	0.00320	0.01330	0.00594	0.00538
19	0.02254	0.02817	0.01732	0.01574	0.01874	0.68021	0.01181	0.02415	0.01727	0.01564	0.01040	0.01288	0.00891	0.03264	0.00710	0.00182	0.03708	0.00436	0.02605	0.00718
20	0.00913	0.00707	0.00845	0.00834	0.00970	0.03038	0.00611	0.01162	0.01660	0.02280	0.53298	0.19086	0.09352	0.01430	0.00755	0.00211	0.00342	0.01264	0.00658	0.00583
21	0.01315	0.01128	0.01315	0.00940	0.01503	0.00846	0.00752	0.01597	0.01315	0.02067	0.01128	0.01315	0.00940	0.00470	0.00470	0.00094	0.00470	0.00376	0.00376	0.81583
22	0.01399	0.24847	0.30846	0.01327	0.01964	0.01589	0.01476	0.01904	0.04446	0.03618	0.11321	0.01782	0.01615	0.00685	0.00554	0.00171	0.00696	0.00531	0.00368	0.08859
23	0.01563	0.05136	0.39405	0.01610	0.02283	0.03934	0.05347	0.06420	0.05113	0.10109	0.01682	0.02290	0.01361	0.00799	0.00648	0.00210	0.00813	0.09960	0.00415	0.00901
24	0.03356	0.09486	0.55852	0.01635	0.02460	0.01519	0.01999	0.04524	0.01439	0.10138	0.01276	0.01402	0.00897	0.00623	0.00586	0.00194	0.00852	0.00477	0.00342	0.00942
25	0.01272	0.01210	0.02105	0.38707	0.23216	0.01333	0.08227	0.01650	0.01332	0.01786	0.01485	0.12008	0.01360	0.00791	0.00667	0.00212	0.00776	0.00751	0.00337	0.00777
26	0.07082	0.01940	0.05006	0.02465	0.25458	0.17868	0.14164	0.09553	0.04720	0.03853	0.01264	0.01500	0.00988	0.00621	0.00623	0.00190	0.00866	0.00555	0.00380	0.00905
27	0.02033	0.35044	0.05750	0.01408	0.01855	0.40830	0.01217	0.02239	0.01560	0.01548	0.00946	0.01099	0.00815	0.00604	0.00503	0.00153	0.00936	0.00382	0.00301	0.00778
28	0.00847	0.00624	0.00816	0.00894	0.00980	0.00588	0.00630	0.01000	0.01306	0.01772	0.13065	0.53713	0.06056	0.04277	0.00895	0.00255	0.01997	0.05488	0.00581	0.04216
29	0.00805	0.00645	0.00719	0.00700	0.00891	0.00559	0.00525	0.01017	0.01576	0.02023	0.31346	0.05597	0.48379	0.01491	0.00749	0.00209	0.00313	0.01268	0.00630	0.00559
30	0.01198	0.01128	0.01903	0.76180	0.04369	0.01409	0.01762	0.01621	0.01268	0.01621	0.01128	0.01691	0.00846	0.00634	0.00634	0.00211	0.00846	0.00564	0.00282	0.00705
31	0.00773	0.00626	0.00687	0.00718	0.00888	0.00541	0.00526	0.00936	0.01424	0.01762	0.10910	0.21122	0.51934	0.01667	0.00765	0.00224	0.00336	0.03025	0.00597	0.00537
32	0.01154	0.00594	0.00602	0.00602	0.00734	0.00594	0.00437	0.01417	0.01285	0.02239	0.02062	0.02563	0.01701	0.09262	0.00752	0.00200	0.00331	0.00628	0.72275	0.00568
33	0.00923	0.00615	0.00692	0.00692	0.00692	0.00615	0.00384	0.00923	0.00923	0.01230	0.01999	0.04151	0.02306	0.77705	0.03229	0.00615	0.00615	0.00923	0.00384	0.00384
34	0.01497	0.01711	0.03743	0.02674	0.03316	0.01604	0.71444	0.02032	0.01497	0.02032	0.01283	0.01711	0.00963	0.00535	0.00749	0.00214	0.01070	0.00749	0.00321	0.00856
35	0.00782	0.00647	0.00688	0.00686	0.00888	0.00552	0.00520	0.00969	0.01500	0.01847	0.16557	0.05935	0.60599	0.01565	0.00754	0.00215	0.00328	0.03816	0.00606	0.00547
36	0.01272	0.03281	0.74418	0.01808	0.02746	0.01473	0.02344	0.02009	0.01339	0.02009	0.01138	0.01339	0.00804	0.00603	0.00603	0.00201	0.00938	0.00469	0.00268	0.00938
37	0.00818	0.00629	0.00923	0.00988	0.01070	0.00585	0.05079	0.00957	0.01241	0.01649	0.03463	0.69903	0.06517	0.01881	0.00804	0.00253	0.00411	0.01720	0.00572	0.00538
38	0.02731	0.01057	0.01444	0.01131	0.01600	0.00920	0.00938	0.02979	0.01793	0.69603	0.02557	0.02476	0.01702	0.00847	0.00653	0.00202	0.00543	0.05004	0.00772	0.01048
39	0.01336	0.01313	0.01854	0.03699	0.01691	0.01818	0.01341	0.01492	0.00984	0.01524	0.00924	0.01502	0.00905	0.01446	0.09038	0.00347	0.67252	0.00567	0.00284	0.00682
40	0.01102	0.00551	0.00826	0.00826	0.00826	0.00551	0.00551	0.00826	0.00826	0.01102	0.01102	0.01928	0.01102	0.02204	0.02479	0.81543	0.00551	0.00551	0.00275	0.00275
41	0.00921	0.00620	0.00716	0.00716	0.00725	0.00628	0.00415	0.00938	0.00930	0.01248	0.01977	0.04028	0.02253	0.72275	0.08585	0.00645	0.00696	0.00904	0.00381	0.00398
42	0.00908	0.00673	0.00983	0.00983	0.01084	0.00773	0.00748	0.01110	0.01009	0.01446	0.01732	0.02676	0.01666	0.12836	0.67222	0.00975	0.01579	0.00707	0.00345	0.00546
43	0.00770	0.00565	0.00723	0.00849	0.00911	0.00518	0.00574	0.00887	0.01247	0.01633	0.03910	0.67243	0.13977	0.01934	0.00801	0.00252	0.00361	0.01738	0.00589	0.00518
44	0.01696	0.78087	0.03324	0.01085	0.01628	0.02510	0.01085	0.01900	0.01289	0.01493	0.00882	0.01018	0.00814	0.00543	0.00407	0.00136	0.00678	0.00339	0.00271	0.00814
45	0.00921	0.00621	0.00721	0.00721	0.00731	0.00631	0.00420	0.00941	0.00931	0.01251	0.01973	0.04006	0.02243	0.71318	0.09530	0.00650	0.00710	0.00901	0.00380	0.00400
46	0.00909	0.00668	0.00960	0.00960	0.01052	0.00761	0.00718	0.01094	0.01002	0.01428	0.01754	0.02795	0.01717	0.18060	0.62069	0.00946	0.01502	0.00724	0.00348	0.00533
47	0.01204	0.00661	0.00697	0.00666	0.00833	0.00663	0.00506	0.05054	0.01484	0.02476	0.12500	0.02670	0.02237	0.00822	0.00498	0.00158	0.00317	0.00672	0.65267	0.00617
48	0.04635	0.01388	0.01512	0.01385	0.05357	0.05115	0.01036	0.07349	0.40655	0.18326	0.04733	0.02203	0.01796	0.00818	0.00634	0.00204	0.00560	0.00670	0.00636	0.00987
49	0.05756	0.13311	0.23161	0.01558	0.02167	0.10405	0.09210	0.07094	0.05525	0.06972	0.01347	0.01583	0.01042	0.00654	0.00583	0.00184	0.00810	0.02436	0.00385	0.05817
50	0.01379	0.17442	0.47318	0.01625	0.02371	0.04320	0.06229	0.01926	0.01350	0.01871	0.03520	0.01550	0.01065	0.04587	0.00713	0.00209	0.00866	0.00505	0.00294	0.00861

[dist]
# distance from previous block
# <min> <max>
0	14

[block]
# block no. 1 follows, 35 sequences, length 62
# corresponding to MSA columns:
# 415-429,452-498
name=unknown_B
#
# <colnr> <probs for GDERKNQSTAVLIFYWHMCP>
#	G	D	E	R	K	N	Q	S	T	A	V	L	I	F	Y	W	H	M	C	P
0	0.00926	0.00719	0.01027	0.05091	0.10429	0.00701	0.00819	0.01110	0.01290	0.01754	0.04965	0.51025	0.08516	0.01619	0.00754	0.00237	0.00438	0.03153	0.04830	0.00597
1	0.01439	0.01491	0.04521	0.16813	0.29140	0.06346	0.08876	0.01806	0.01367	0.01868	0.01205	0.01630	0.00995	0.00997	0.07921	0.00268	0.03235	0.00562	0.00316	0.09203
2	0.01629	0.01383	0.03748	0.03959	0.09888	0.01323	0.04811	0.15943	0.13914	0.05311	0.08506	0.01961	0.01651	0.00710	0.00607	0.00172	0.00596	0.00607	0.00504	0.22777
3	0.01151	0.00597	0.00615	0.00611	0.00754	0.00593	0.00454	0.01438	0.01355	0.02343	0.07834	0.02614	0.02000	0.03256	0.00558	0.00167	0.00306	0.00647	0.72122	0.00585
4	0.60803	0.01408	0.01151	0.00998	0.01400	0.05401	0.00811	0.11682	0.06809	0.02923	0.01106	0.01206	0.00843	0.00637	0.00455	0.00195	0.00555	0.00407	0.00442	0.00768
5	0.00880	0.00678	0.00818	0.00889	0.01058	0.00626	0.00724	0.01091	0.01423	0.01773	0.04762	0.08999	0.36746	0.04852	0.00912	0.00267	0.00453	0.31920	0.00578	0.00550
6	0.01502	0.01454	0.02343	0.13474	0.56368	0.04244	0.01812	0.01867	0.01404	0.01948	0.01212	0.01636	0.01017	0.00877	0.05942	0.00250	0.00848	0.00567	0.00312	0.00922
7	0.01358	0.04874	0.49731	0.02028	0.02853	0.01544	0.22570	0.02049	0.03266	0.02018	0.01212	0.01467	0.00881	0.00588	0.00641	0.00203	0.00958	0.00554	0.00294	0.00912
8	0.00923	0.00615	0.00692	0.00692	0.00692	0.00615	0.00384	0.00923	0.00923	0.01230	0.01999	0.04151	0.02306	0.77705	0.03229	0.00615	0.00615	0.00923	0.00384	0.00384
9	0.02501	0.01111	0.01418	0.01133	0.01579	0.01045	0.00921	0.03062	0.16142	0.55863	0.02496	0.02212	0.01648	0.00798	0.00629	0.00198	0.00519	0.00652	0.05035	0.01038
10	0.01718	0.01069	0.01315	0.01206	0.03215	0.03732	0.03056	0.02250	0.16704	0.22992	0.02695	0.05985	0.06749	0.08593	0.01037	0.04417	0.00570	0.11296	0.00597	0.00802
11	0.01422	0.01493	0.02388	0.01909	0.02139	0.05446	0.23051	0.01697	0.01201	0.01697	0.01150	0.01802	0.01047	0.01199	0.06821	0.00306	0.40631	0.03557	0.00311	0.00732
12	0.00795	0.00633	0.00716	0.00740	0.00908	0.00554	0.00550	0.00980	0.01472	0.01862	0.18236	0.18007	0.45545	0.01621	0.00766	0.00223	0.00339	0.04898	0.00609	0.00546
13	0.00916	0.00612	0.00694	0.00700	0.00702	0.00611	0.00393	0.00921	0.00935	0.01247	0.02063	0.07272	0.02387	0.74475	0.03126	0.00600	0.00604	0.00960	0.00393	0.00390
14	0.01487	0.01894	0.11942	0.04335	0.09740	0.07837	0.42222	0.01963	0.01467	0.01938	0.01465	0.01854	0.03991	0.02325	0.02459	0.00232	0.00997	0.00689	0.00326	0.00836
15	0.01388	0.01388	0.01943	0.01666	0.01666	0.01943	0.01388	0.01527	0.00972	0.01527	0.00833	0.01388	0.00833	0.01110	0.02082	0.00278	0.76544	0.00555	0.00278	0.00694
16	0.00838	0.00686	0.00725	0.00708	0.00918	0.00602	0.00532	0.03887	0.01541	0.01906	0.14339	0.09385	0.58605	0.01553	0.00748	0.00214	0.00337	0.01307	0.00604	0.00565
17	0.01315	0.01128	0.01315	0.00940	0.01503	0.00846	0.00752	0.01597	0.01315	0.02067	0.01128	0.01315	0.00940	0.00470	0.00470	0.00094	0.00470	0.00376	0.00376	0.81583
18	0.01169	0.04109	0.01140	0.00933	0.01063	0.00895	0.05361	0.03676	0.06637	0.04274	0.01951	0.03549	0.02053	0.57692	0.02554	0.00506	0.00640	0.00847	0.00419	0.00533
19	0.00784	0.00557	0.00733	0.00869	0.00904	0.00522	0.00574	0.00886	0.01193	0.01591	0.03388	0.72007	0.04059	0.07458	0.00984	0.00283	0.00386	0.01740	0.00574	0.00506
20	0.01612	0.01770	0.02522	0.18286	0.19979	0.16680	0.21629	0.02032	0.03424	0.01863	0.01346	0.01698	0.02985	0.00627	0.00656	0.00197	0.00925	0.00611	0.00329	0.00829
21	0.01376	0.01468	0.10107	0.07536	0.10208	0.01241	0.04857	0.04379	0.02853	0.02052	0.01258	0.03230	0.01049	0.00654	0.00732	0.00166	0.09356	0.00521	0.04489	0.32467
22	0.01323	0.04626	0.06927	0.01492	0.01605	0.04899	0.01277	0.01503	0.01079	0.01560	0.01276	0.11166	0.01338	0.03975	0.04499	0.00299	0.49442	0.00710	0.00325	0.00680
23	0.00979	0.00698	0.00894	0.03369	0.01088	0.00690	0.00651	0.05224	0.01532	0.02127	0.32599	0.23730	0.05889	0.07764	0.04094	0.02788	0.00451	0.01198	0.03658	0.00577
24	0.10100	0.01665	0.01780	0.03523	0.12159	0.13689	0.02691	0.17426	0.01776	0.07381	0.01324	0.01609	0.01055	0.00705	0.00688	0.00183	0.06128	0.02711	0.00442	0.12966
25	0.01879	0.14220	0.02120	0.06539	0.09847	0.24287	0.02747	0.12059	0.07436	0.02045	0.01247	0.01467	0.01018	0.00934	0.05296	0.00233	0.04904	0.00504	0.00381	0.00836
26	0.00807	0.00607	0.00747	0.00793	0.00912	0.00547	0.00564	0.00991	0.01461	0.01940	0.26639	0.35339	0.23008	0.01666	0.00774	0.00228	0.00334	0.01471	0.00624	0.00547
27	0.01654	0.55946	0.10053	0.01377	0.04566	0.04686	0.04836	0.02046	0.06479	0.01678	0.01065	0.01207	0.00909	0.00576	0.00475	0.00155	0.00729	0.00411	0.00304	0.00847
28	0.03993	0.03935	0.09791	0.02059	0.14799	0.04841	0.13664	0.17645	0.09462	0.11136	0.01555	0.01668	0.01138	0.00669	0.00636	0.00196	0.00772	0.00595	0.00474	0.00971
29	0.00806	0.00645	0.00720	0.00701	0.00891	0.00559	0.00526	0.01019	0.01578	0.02027	0.31705	0.05590	0.48017	0.01490	0.00749	0.00209	0.00313	0.01267	0.00630	0.00559
30	0.00769	0.00566	0.00722	0.00847	0.00910	0.00518	0.00573	0.00887	0.01250	0.01634	0.03945	0.66401	0.14796	0.01929	0.00801	0.00251	0.00361	0.01732	0.00589	0.00518
31	0.01550	0.27791	0.38607	0.01561	0.04903	0.01741	0.01732	0.02034	0.01373	0.08087	0.01268	0.01560	0.01003	0.00646	0.00553	0.00182	0.00795	0.03388	0.00329	0.00896
32	0.01607	0.17083	0.22697	0.02058	0.07726	0.08566	0.23707	0.05599	0.01513	0.01980	0.01143	0.01402	0.00886	0.00580	0.00611	0.00187	0.00922	0.00539	0.00313	0.00881
33	0.01093	0.00554	0.00820	0.00820	0.00820	0.00554	0.00542	0.00831	0.00831	0.01108	0.01148	0.02042	0.01164	0.06064	0.02518	0.77405	0.00554	0.00570	0.00281	0.00281
34	0.01330	0.01262	0.02141	0.50565	0.28954	0.01444	0.01827	0.01736	0.01331	0.01781	0.01151	0.01648	0.00902	0.00610	0.00632	0.00203	0.00813	0.00564	0.00293	0.00811
35	0.01549	0.12571	0.37205	0.01649	0.02317	0.12968	0.08217	0.04669	0.01484	0.01971	0.01236	0.01540	0.00969	0.00643	0.00583	0.00186	0.00883	0.02352	0.06154	0.00853
36	0.00906	0.00680	0.01020	0.01020	0.01133	0.00793	0.00793	0.01133	0.01020	0.01473	0.01699	0.02492	0.01586	0.04758	0.75191	0.01020	0.01699	0.00680	0.00340	0.00566
37	0.01570	0.01507	0.02575	0.03894	0.73748	0.01507	0.01947	0.01947	0.01444	0.02073	0.01193	0.01570	0.01005	0.00565	0.00628	0.00188	0.00754	0.00565	0.00314	0.01005
38	0.01208	0.01167	0.02198	0.04944	0.02201	0.01148	0.31395	0.03408	0.01398	0.01880	0.02214	0.25207	0.02308	0.03869	0.00913	0.00252	0.03620	0.09531	0.00441	0.00697
39	0.02325	0.01761	0.01713	0.01391	0.01838	0.13312	0.01118	0.34307	0.16139	0.16717	0.01830	0.01749	0.01298	0.00768	0.00627	0.00192	0.00701	0.00587	0.00617	0.01010
40	0.00898	0.00648	0.00848	0.00798	0.00948	0.00599	0.00599	0.01197	0.01796	0.02544	0.73413	0.04739	0.05986	0.01297	0.00748	0.00200	0.00299	0.01147	0.00698	0.00599
41	0.01315	0.01128	0.01315	0.00940	0.01503	0.00846	0.00752	0.01597	0.01315	0.02067	0.01128	0.01315	0.00940	0.00470	0.00470	0.00094	0.00470	0.00376	0.00376	0.81583
42	0.01578	0.01363	0.01434	0.01291	0.01650	0.01578	0.01004	0.03371	0.72602	0.02654	0.02582	0.02367	0.01937	0.00861	0.00646	0.00215	0.00502	0.00717	0.00646	0.01004
43	0.00911	0.00661	0.00924	0.00924	0.01005	0.00741	0.00674	0.01072	0.00991	0.01402	0.01786	0.02974	0.01795	0.25959	0.54277	0.00902	0.01384	0.00750	0.00353	0.00514
44	0.82186	0.01227	0.00932	0.00834	0.01227	0.01423	0.00687	0.01865	0.01080	0.02846	0.00883	0.01031	0.00687	0.00589	0.00393	0.00196	0.00491	0.00344	0.00393	0.00687
45	0.02846	0.01080	0.01472	0.01129	0.01619	0.00932	0.00932	0.03092	0.01816	0.74187	0.02503	0.02159	0.01570	0.00785	0.00638	0.00196	0.00540	0.00638	0.00785	0.01080
46	0.00750	0.00643	0.00643	0.00643	0.00857	0.00536	0.00482	0.00910	0.01446	0.01714	0.06427	0.06105	0.73490	0.01607	0.00750	0.00214	0.00321	0.01339	0.00589	0.00536
47	0.00803	0.00595	0.00750	0.00817	0.00916	0.00542	0.00573	0.00975	0.01416	0.01891	0.23322	0.44571	0.17042	0.01729	0.00782	0.00234	0.00341	0.01539	0.00619	0.00542
48	0.00781	0.00568	0.00731	0.00849	0.00909	0.00524	0.00573	0.00904	0.01261	0.01668	0.07451	0.64298	0.11313	0.03875	0.00863	0.00259	0.00366	0.01699	0.00589	0.00518
49	0.02216	0.16376	0.02086	0.01428	0.01869	0.27084	0.01168	0.28116	0.07258	0.04561	0.01322	0.01378	0.01016	0.00692	0.00572	0.00173	0.00829	0.00485	0.00466	0.00906
50	0.01386	0.04843	0.58606	0.01759	0.04335	0.03569	0.02082	0.04675	0.06225	0.02104	0.01240	0.01407	0.00901	0.00620	0.00597	0.00195	0.00877	0.00484	0.00314	0.03780
51	0.07786	0.66623	0.03029	0.01108	0.01623	0.07942	0.01066	0.01945	0.01312	0.01599	0.00890	0.01028	0.00805	0.00555	0.00418	0.00142	0.00700	0.00345	0.00285	0.00799
52	0.00911	0.00717	0.00876	0.00998	0.01070	0.03708	0.00732	0.01063	0.01285	0.01674	0.03286	0.56820	0.03842	0.01856	0.00850	0.00262	0.02616	0.16320	0.00568	0.00544
53	0.01989	0.01827	0.01799	0.01748	0.11186	0.15678	0.01232	0.24486	0.28002	0.02791	0.01764	0.01766	0.01333	0.00752	0.00626	0.00194	0.00718	0.00593	0.00538	0.00977
54	0.01414	0.01421	0.02343	0.02318	0.18746	0.01696	0.13967	0.01686	0.01179	0.01740	0.01061	0.01570	0.00952	0.01151	0.06919	0.00300	0.39851	0.00601	0.00298	0.00786
55	0.00963	0.00635	0.00790	0.00751	0.00900	0.00597	0.00563	0.01261	0.01690	0.02503	0.57209	0.04200	0.04996	0.01170	0.00679	0.00188	0.00298	0.01021	0.18988	0.00597
56	0.00773	0.00552	0.00736	0.00883	0.00920	0.00515	0.00589	0.00883	0.01215	0.01619	0.03497	0.77291	0.04196	0.01987	0.00810	0.00258	0.00368	0.01803	0.00589	0.00515
57	0.00780	0.00557	0.00745	0.00892	0.00932	0.00522	0.00602	0.00896	0.01222	0.01628	0.03492	0.75181	0.04179	0.01980	0.00812	0.00259	0.00375	0.03840	0.00589	0.00517
58	0.00898	0.00648	0.00848	0.00798	0.00948	0.00599	0.00599	0.01197	0.01796	0.02544	0.73413	0.04739	0.05986	0.01297	0.00748	0.00200	0.00299	0.01147	0.00698	0.00599
59	0.01497	0.01711	0.03743	0.02674	0.03316	0.01604	0.71444	0.02032	0.01497	0.02032	0.01283	0.01711	0.00963	0.00535	0.00749	0.00214	0.01070	0.00749	0.00321	0.00856
60	0.09807	0.01798	0.01808	0.01412	0.01898	0.06171	0.01159	0.61146	0.02737	0.03749	0.01432	0.01455	0.01027	0.00739	0.00609	0.00189	0.00705	0.00541	0.00594	0.01023
61	0.00908	0.00672	0.00979	0.00979	0.01078	0.00771	0.00742	0.01107	0.01007	0.01442	0.01737	0.02699	0.01676	0.13847	0.66224	0.00969	0.01564	0.00710	0.00345	0.00544

[dist]
# distance from previous block
# <min> <max>
0	2

[block]
# block no. 2 follows, 35 sequences, length 45
# corresponding to MSA columns:
# 501-524,532-552
name=unknown_C
#
# <colnr> <probs for GDERKNQSTAVLIFYWHMCP>
#	G	D	E	R	K	N	Q	S	T	A	V	L	I	F	Y	W	H	M	C	P
0	0.01515	0.01451	0.02475	0.14640	0.63434	0.01493	0.01919	0.01898	0.01418	0.02005	0.01184	0.01588	0.00981	0.00575	0.00629	0.00192	0.00767	0.00565	0.00309	0.00960
1	0.02413	0.01960	0.01750	0.01423	0.01863	0.22180	0.01138	0.36328	0.04916	0.15249	0.01592	0.01578	0.01135	0.00738	0.00613	0.00184	0.00778	0.00543	0.02651	0.00968
2	0.04587	0.01709	0.01818	0.01404	0.01892	0.01891	0.01157	0.66570	0.02856	0.03893	0.01529	0.01547	0.01092	0.00756	0.00619	0.00189	0.00674	0.00566	0.04203	0.01046
3	0.01102	0.00551	0.00826	0.00826	0.00826	0.00551	0.00551	0.00826	0.00826	0.01102	0.01102	0.01928	0.01102	0.02204	0.02479	0.81543	0.00551	0.00551	0.00275	0.00275
4	0.76176	0.01268	0.01006	0.00881	0.01283	0.01464	0.00726	0.07121	0.01223	0.02933	0.00932	0.01068	0.00717	0.00602	0.00411	0.00196	0.00506	0.00361	0.00411	0.00717
5	0.00922	0.00618	0.00705	0.00705	0.00710	0.00622	0.00401	0.00931	0.00927	0.01240	0.01986	0.04083	0.02277	0.74691	0.06202	0.00632	0.00660	0.00913	0.00383	0.00392
6	0.01315	0.01128	0.01315	0.00940	0.01503	0.00846	0.00752	0.01597	0.01315	0.02067	0.01128	0.01315	0.00940	0.00470	0.00470	0.00094	0.00470	0.00376	0.00376	0.81583
7	0.01570	0.01507	0.02575	0.03894	0.73748	0.01507	0.01947	0.01947	0.01444	0.02073	0.01193	0.01570	0.01005	0.00565	0.00628	0.00188	0.00754	0.00565	0.00314	0.01005
8	0.82186	0.01227	0.00932	0.00834	0.01227	0.01423	0.00687	0.01865	0.01080	0.02846	0.00883	0.01031	0.00687	0.00589	0.00393	0.00196	0.00491	0.00344	0.00393	0.00687
9	0.01570	0.01507	0.02575	0.03894	0.73748	0.01507	0.01947	0.01947	0.01444	0.02073	0.01193	0.01570	0.01005	0.00565	0.00628	0.00188	0.00754	0.00565	0.00314	0.01005
10	0.00869	0.00647	0.00807	0.00767	0.00930	0.00586	0.00576	0.01141	0.01727	0.02380	0.60186	0.05009	0.19316	0.01358	0.00749	0.00202	0.00304	0.01185	0.00677	0.00586
11	0.02370	0.03023	0.01798	0.01634	0.01961	0.75158	0.01226	0.02533	0.01798	0.01553	0.00981	0.01144	0.00817	0.00654	0.00572	0.00163	0.01144	0.00409	0.00327	0.00735
12	0.01344	0.03046	0.65083	0.01959	0.07481	0.01465	0.04728	0.02036	0.01365	0.04020	0.01185	0.01391	0.00844	0.00603	0.00611	0.00200	0.00919	0.00490	0.00287	0.00943
13	0.01783	0.31140	0.14512	0.01452	0.01965	0.25186	0.04435	0.02154	0.05063	0.01686	0.01175	0.04571	0.01026	0.00667	0.00537	0.00168	0.00864	0.00485	0.00323	0.00808
14	0.01272	0.03281	0.74418	0.01808	0.02746	0.01473	0.02344	0.02009	0.01339	0.02009	0.01138	0.01339	0.00804	0.00603	0.00603	0.00201	0.00938	0.00469	0.00268	0.00938
15	0.01597	0.47213	0.19812	0.01273	0.01901	0.02068	0.01359	0.05486	0.04531	0.01837	0.01069	0.01202	0.00884	0.00576	0.00480	0.00154	0.00717	0.00401	0.00313	0.07127
16	0.01315	0.01128	0.01315	0.00940	0.01503	0.00846	0.00752	0.01597	0.01315	0.02067	0.01128	0.01315	0.00940	0.00470	0.00470	0.00094	0.00470	0.00376	0.00376	0.81583
17	0.01597	0.01000	0.01231	0.01074	0.01332	0.01032	0.00843	0.16003	0.04286	0.14815	0.15666	0.09503	0.06964	0.03088	0.04266	0.07691	0.03926	0.04336	0.00597	0.00752
18	0.01457	0.01490	0.02062	0.08924	0.13455	0.07519	0.04577	0.01684	0.01165	0.01644	0.00993	0.01496	0.00904	0.01102	0.05228	0.00283	0.44415	0.00561	0.00293	0.00748
19	0.01183	0.00591	0.00591	0.00591	0.00739	0.00591	0.00443	0.01478	0.01330	0.02365	0.02069	0.02365	0.01626	0.00739	0.00443	0.00148	0.00296	0.00591	0.81227	0.00591
20	0.02846	0.01080	0.01472	0.01129	0.01619	0.00932	0.00932	0.03092	0.01816	0.74187	0.02503	0.02159	0.01570	0.00785	0.00638	0.00196	0.00540	0.00638	0.00785	0.01080
21	0.01111	0.00825	0.00932	0.00858	0.01099	0.00798	0.00658	0.03528	0.13793	0.06448	0.28361	0.04640	0.31914	0.01302	0.00722	0.00208	0.00368	0.01105	0.00649	0.00684
22	0.01198	0.01128	0.01903	0.76180	0.04369	0.01409	0.01762	0.01621	0.01268	0.01621	0.01128	0.01691	0.00846	0.00634	0.00634	0.00211	0.00846	0.00564	0.00282	0.00705
23	0.01272	0.03281	0.74418	0.01808	0.02746	0.01473	0.02344	0.02009	0.01339	0.02009	0.01138	0.01339	0.00804	0.00603	0.00603	0.00201	0.00938	0.00469	0.00268	0.00938
24	0.00898	0.00648	0.00848	0.00798	0.00948	0.00599	0.00599	0.01197	0.01796	0.02544	0.73413	0.04739	0.05986	0.01297	0.00748	0.00200	0.00299	0.01147	0.00698	0.00599
25	0.00878	0.00653	0.00922	0.01058	0.04641	0.00674	0.00703	0.01029	0.01122	0.01542	0.02568	0.38305	0.02891	0.12393	0.26933	0.00564	0.00881	0.01240	0.00463	0.00541
26	0.01272	0.03281	0.74418	0.01808	0.02746	0.01473	0.02344	0.02009	0.01339	0.02009	0.01138	0.01339	0.00804	0.00603	0.00603	0.00201	0.00938	0.00469	0.00268	0.00938
27	0.01272	0.03281	0.74418	0.01808	0.02746	0.01473	0.02344	0.02009	0.01339	0.02009	0.01138	0.01339	0.00804	0.00603	0.00603	0.00201	0.00938	0.00469	0.00268	0.00938
28	0.01578	0.01363	0.01434	0.01291	0.01650	0.01578	0.01004	0.03371	0.72602	0.02654	0.02582	0.02367	0.01937	0.00861	0.00646	0.00215	0.00502	0.00717	0.00646	0.01004
29	0.82186	0.01227	0.00932	0.00834	0.01227	0.01423	0.00687	0.01865	0.01080	0.02846	0.00883	0.01031	0.00687	0.00589	0.00393	0.00196	0.00491	0.00344	0.00393	0.00687
30	0.00913	0.00623	0.00751	0.00757	0.00778	0.00641	0.00464	0.00957	0.00952	0.01289	0.02013	0.07087	0.02265	0.61750	0.15570	0.00669	0.00792	0.00919	0.00386	0.00422
31	0.01696	0.78087	0.03324	0.01085	0.01628	0.02510	0.01085	0.01900	0.01289	0.01493	0.00882	0.01018	0.00814	0.00543	0.00407	0.00136	0.00678	0.00339	0.00271	0.00814
32	0.00789	0.00642	0.00653	0.00658	0.00865	0.00546	0.00499	0.00963	0.01439	0.01765	0.06021	0.05890	0.66109	0.01553	0.00734	0.00213	0.00329	0.03741	0.06051	0.00541
33	0.02118	0.01639	0.01836	0.04169	0.06573	0.01826	0.01225	0.48571	0.19314	0.03474	0.01739	0.01732	0.01269	0.00768	0.00637	0.00197	0.00660	0.00605	0.00604	0.01043
34	0.04566	0.08011	0.05758	0.02121	0.17728	0.29793	0.09132	0.06078	0.01634	0.01955	0.01099	0.01330	0.00893	0.00601	0.00583	0.00172	0.00909	0.00483	0.00339	0.06818
35	0.00858	0.00665	0.00842	0.03514	0.01110	0.02546	0.00690	0.01006	0.01250	0.01635	0.03362	0.58020	0.07375	0.02065	0.06111	0.00308	0.00515	0.07038	0.00553	0.00538
36	0.00869	0.00666	0.00705	0.00700	0.00918	0.00564	0.00533	0.01038	0.01457	0.05376	0.05986	0.08448	0.64255	0.01585	0.00752	0.00218	0.00346	0.04421	0.00599	0.00565
37	0.01723	0.43204	0.02587	0.03849	0.01785	0.17025	0.04196	0.04436	0.01533	0.01769	0.10980	0.01630	0.01547	0.00680	0.00519	0.00158	0.00745	0.00499	0.00357	0.00776
38	0.01537	0.01661	0.16520	0.02092	0.25420	0.01186	0.01474	0.01933	0.01424	0.10132	0.01539	0.01709	0.04201	0.00613	0.00580	0.00163	0.00659	0.00529	0.00389	0.26239
39	0.02106	0.13548	0.04559	0.01632	0.04328	0.50443	0.03203	0.02474	0.08682	0.01699	0.01146	0.01283	0.00937	0.00650	0.00563	0.00168	0.00992	0.00446	0.00348	0.00793
40	0.01509	0.29778	0.40925	0.01483	0.02209	0.04322	0.01736	0.01993	0.01352	0.04778	0.01181	0.03944	0.00960	0.00640	0.00541	0.00178	0.00816	0.00475	0.00304	0.00877
41	0.00917	0.00660	0.00937	0.00937	0.01021	0.00743	0.00690	0.01074	0.00990	0.01404	0.01747	0.02853	0.01734	0.21415	0.56054	0.03822	0.01409	0.00731	0.00348	0.00514
42	0.00771	0.00635	0.00662	0.00669	0.00854	0.00543	0.00488	0.00924	0.01413	0.01716	0.09315	0.10331	0.60798	0.06931	0.00927	0.00244	0.00344	0.01329	0.00580	0.00527
43	0.01272	0.03281	0.74418	0.01808	0.02746	0.01473	0.02344	0.02009	0.01339	0.02009	0.01138	0.01339	0.00804	0.00603	0.00603	0.00201	0.00938	0.00469	0.00268	0.00938
44	0.07730	0.01296	0.01497	0.01189	0.01625	0.01323	0.00969	0.28328	0.04651	0.30463	0.07796	0.04367	0.04150	0.00868	0.00638	0.00197	0.00563	0.00693	0.00678	0.00978

[dist]
# distance from previous block
# <min> <max>
0	1

[block]
# block no. 3 follows, 35 sequences, length 51
# corresponding to MSA columns:
# 554-604
name=unknown_D
#
# <colnr> <probs for GDERKNQSTAVLIFYWHMCP>
#	G	D	E	R	K	N	Q	S	T	A	V	L	I	F	Y	W	H	M	C	P
0	0.01322	0.01180	0.01177	0.01083	0.01344	0.07846	0.00826	0.02215	0.31783	0.02313	0.22419	0.03417	0.09325	0.04685	0.02751	0.00245	0.00526	0.02413	0.00599	0.02531
1	0.00954	0.00748	0.00805	0.00759	0.00970	0.00693	0.00568	0.06836	0.03317	0.01977	0.14191	0.05135	0.49398	0.05495	0.00958	0.04482	0.00381	0.01172	0.00581	0.00579
2	0.02256	0.02833	0.01815	0.01638	0.01927	0.66648	0.01245	0.02416	0.01702	0.01550	0.00963	0.01172	0.00819	0.00707	0.00748	0.00177	0.09909	0.00426	0.00321	0.00731
3	0.01281	0.25028	0.28853	0.01320	0.01864	0.01557	0.01441	0.01682	0.01216	0.01669	0.01255	0.01676	0.01088	0.04392	0.22596	0.00436	0.01073	0.00507	0.00294	0.00772
4	0.01472	0.01662	0.03590	0.08814	0.03404	0.01588	0.65623	0.01998	0.01478	0.01998	0.01270	0.01710	0.00953	0.00543	0.00739	0.00214	0.01051	0.00733	0.00318	0.00843
5	0.00988	0.00809	0.00945	0.00964	0.01102	0.03698	0.00707	0.01362	0.10238	0.01768	0.08145	0.26982	0.10938	0.05277	0.22531	0.00474	0.00802	0.01151	0.00514	0.00604
6	0.01234	0.00940	0.01081	0.00986	0.01238	0.00981	0.00757	0.02086	0.28688	0.05887	0.36779	0.03845	0.10641	0.01136	0.00704	0.00207	0.00390	0.00978	0.00672	0.00770
7	0.01198	0.01128	0.01903	0.76180	0.04369	0.01409	0.01762	0.01621	0.01268	0.01621	0.01128	0.01691	0.00846	0.00634	0.00634	0.00211	0.00846	0.00564	0.00282	0.00705
8	0.00773	0.00552	0.00736	0.00883	0.00920	0.00515	0.00589	0.00883	0.01215	0.01619	0.03497	0.77291	0.04196	0.01987	0.00810	0.00258	0.00368	0.01803	0.00589	0.00515
9	0.00906	0.00680	0.01020	0.01020	0.01133	0.00793	0.00793	0.01133	0.01020	0.01473	0.01699	0.02492	0.01586	0.04758	0.75191	0.01020	0.01699	0.00680	0.00340	0.00566
10	0.00793	0.00630	0.00715	0.00744	0.00908	0.00552	0.00551	0.00974	0.01460	0.01845	0.16976	0.19980	0.44814	0.01637	0.00768	0.00224	0.00340	0.04935	0.00607	0.00545
11	0.00810	0.00645	0.00726	0.00706	0.00894	0.00561	0.00529	0.01027	0.01588	0.02052	0.33723	0.05548	0.45983	0.01480	0.00749	0.00208	0.00312	0.01261	0.00634	0.00561
12	0.09294	0.01369	0.01704	0.15997	0.11446	0.01462	0.01232	0.22000	0.07051	0.02668	0.01373	0.01574	0.01048	0.00649	0.00574	0.00177	0.00642	0.00524	0.03724	0.15493
13	0.52012	0.06874	0.01317	0.01062	0.01432	0.20754	0.00851	0.02003	0.01277	0.02346	0.00954	0.01166	0.00789	0.02465	0.02334	0.00213	0.00707	0.00382	0.00366	0.00698
14	0.00857	0.00647	0.00791	0.00755	0.00923	0.00581	0.00566	0.01118	0.01699	0.02315	0.54978	0.05115	0.24564	0.01382	0.00749	0.00204	0.00305	0.01200	0.00668	0.00581
15	0.01639	0.05490	0.02038	0.01426	0.01981	0.05157	0.14799	0.15373	0.01699	0.02379	0.01215	0.01409	0.00958	0.00553	0.00559	0.00142	0.00678	0.00487	0.00407	0.41610
16	0.01258	0.01197	0.05587	0.15862	0.18560	0.01123	0.09103	0.01598	0.01394	0.04864	0.05102	0.15042	0.06082	0.02706	0.00764	0.00229	0.00680	0.07664	0.00430	0.00754
17	0.01910	0.38481	0.12939	0.01306	0.01858	0.11909	0.01271	0.07029	0.05248	0.10712	0.01263	0.01326	0.00982	0.00628	0.00514	0.00164	0.00754	0.00439	0.00386	0.00882
18	0.01546	0.01563	0.09045	0.01345	0.01764	0.01567	0.01144	0.03229	0.65171	0.02587	0.02432	0.02260	0.01818	0.00834	0.00641	0.00214	0.00547	0.00691	0.00606	0.00997
19	0.01394	0.01380	0.04274	0.03006	0.48005	0.01306	0.08846	0.01769	0.01499	0.02120	0.13353	0.04246	0.04466	0.00758	0.00669	0.00196	0.00691	0.00737	0.00394	0.00891
20	0.00936	0.00614	0.00687	0.00687	0.00694	0.00614	0.00387	0.00951	0.00944	0.01289	0.02003	0.04059	0.02271	0.73710	0.03084	0.00591	0.00598	0.00905	0.04580	0.00395
21	0.01567	0.01336	0.02415	0.05760	0.04373	0.01296	0.33818	0.06693	0.04421	0.09835	0.04652	0.02339	0.07695	0.00741	0.00680	0.00201	0.00762	0.00757	0.09830	0.00828
22	0.01315	0.01128	0.01315	0.00940	0.01503	0.00846	0.00752	0.01597	0.01315	0.02067	0.01128	0.01315	0.00940	0.00470	0.00470	0.00094	0.00470	0.00376	0.00376	0.81583
23	0.01284	0.01208	0.02037	0.54257	0.22410	0.01403	0.01764	0.01690	0.01335	0.01776	0.04007	0.01780	0.01091	0.00642	0.00637	0.00205	0.00800	0.00587	0.00307	0.00779
24	0.01578	0.01363	0.01434	0.01291	0.01650	0.01578	0.01004	0.03371	0.72602	0.02654	0.02582	0.02367	0.01937	0.00861	0.00646	0.00215	0.00502	0.00717	0.00646	0.01004
25	0.01198	0.01128	0.01903	0.76180	0.04369	0.01409	0.01762	0.01621	0.01268	0.01621	0.01128	0.01691	0.00846	0.00634	0.00634	0.00211	0.00846	0.00564	0.00282	0.00705
26	0.01984	0.02299	0.01768	0.01934	0.15915	0.47316	0.01267	0.02211	0.01643	0.01753	0.01275	0.01700	0.01104	0.00809	0.02531	0.00196	0.00967	0.04075	0.08490	0.00762
27	0.01272	0.03281	0.74418	0.01808	0.02746	0.01473	0.02344	0.02009	0.01339	0.02009	0.01138	0.01339	0.00804	0.00603	0.00603	0.00201	0.00938	0.00469	0.00268	0.00938
28	0.00750	0.00643	0.00643	0.00643	0.00857	0.00536	0.00482	0.00910	0.01446	0.01714	0.06427	0.06105	0.73490	0.01607	0.00750	0.00214	0.00321	0.01339	0.00589	0.00536
29	0.01543	0.01480	0.02526	0.09144	0.68708	0.01500	0.01933	0.01923	0.01432	0.02040	0.01189	0.01579	0.00993	0.00570	0.00628	0.00190	0.00760	0.00565	0.00312	0.00983
30	0.02100	0.01601	0.07445	0.01311	0.04677	0.13395	0.01067	0.14220	0.01839	0.23463	0.01808	0.01840	0.01288	0.00724	0.00575	0.00178	0.00649	0.00560	0.20372	0.00888
31	0.01044	0.00618	0.00705	0.00683	0.00834	0.00593	0.00512	0.01337	0.01537	0.02421	0.33284	0.03522	0.05899	0.01011	0.00586	0.00173	0.00298	0.00858	0.43492	0.00593
32	0.01466	0.17372	0.52471	0.01666	0.02483	0.01671	0.04835	0.04375	0.01411	0.04975	0.01165	0.01333	0.00853	0.00601	0.00574	0.00188	0.00869	0.00466	0.00305	0.00921
33	0.01102	0.00551	0.00826	0.00826	0.00826	0.00551	0.00551	0.00826	0.00826	0.01102	0.01102	0.01928	0.01102	0.02204	0.02479	0.81543	0.00551	0.00551	0.00275	0.00275
34	0.00923	0.00615	0.00692	0.00692	0.00692	0.00615	0.00384	0.00923	0.00923	0.01230	0.01999	0.04151	0.02306	0.77705	0.03229	0.00615	0.00615	0.00923	0.00384	0.00384
35	0.01547	0.02897	0.03286	0.06536	0.01823	0.01206	0.00976	0.11247	0.13492	0.04809	0.02829	0.01634	0.01229	0.00617	0.00546	0.00144	0.00548	0.00497	0.00464	0.43673
36	0.00780	0.00618	0.00702	0.00735	0.00889	0.00540	0.00530	0.00949	0.01437	0.01820	0.16318	0.25714	0.43400	0.01663	0.00766	0.00224	0.00331	0.01438	0.00607	0.00540
37	0.02180	0.23217	0.03752	0.05003	0.01730	0.01425	0.01031	0.04759	0.01627	0.37437	0.03857	0.02003	0.01470	0.00744	0.00571	0.00180	0.00593	0.02698	0.04798	0.00926
38	0.01678	0.48655	0.11002	0.01187	0.01707	0.02018	0.01183	0.06615	0.01453	0.07027	0.03905	0.06573	0.01308	0.00723	0.00543	0.00166	0.02524	0.00527	0.00370	0.00834
39	0.00772	0.00557	0.00731	0.00871	0.00917	0.00516	0.00583	0.00885	0.01227	0.01624	0.03650	0.73563	0.07825	0.01968	0.00807	0.00255	0.00366	0.01779	0.00589	0.00516
40	0.01315	0.01128	0.01315	0.00940	0.01503	0.00846	0.00752	0.01597	0.01315	0.02067	0.01128	0.01315	0.00940	0.00470	0.00470	0.00094	0.00470	0.00376	0.00376	0.81583
41	0.01912	0.01737	0.01441	0.01261	0.01580	0.25979	0.00973	0.14049	0.08025	0.09810	0.15302	0.06250	0.03951	0.00921	0.00641	0.00188	0.00697	0.00728	0.03748	0.00805
42	0.02223	0.06395	0.01820	0.01489	0.01867	0.43929	0.01161	0.19146	0.08567	0.02272	0.01298	0.01391	0.01016	0.00696	0.00580	0.00173	0.00919	0.00480	0.03738	0.00841
43	0.01486	0.01418	0.02399	0.18553	0.57339	0.01467	0.01872	0.01869	0.01405	0.01980	0.01178	0.01587	0.00970	0.00576	0.00624	0.00190	0.00764	0.00559	0.00309	0.03454
44	0.01765	0.01834	0.02314	0.03134	0.50179	0.17476	0.01706	0.04453	0.04510	0.02029	0.01203	0.01503	0.00999	0.00623	0.00670	0.00187	0.03599	0.00537	0.00340	0.00938
45	0.01674	0.71436	0.05802	0.01258	0.05437	0.02421	0.01175	0.01906	0.01299	0.01541	0.00907	0.01058	0.00824	0.00546	0.00426	0.00141	0.00692	0.00356	0.00273	0.00828
46	0.01798	0.07722	0.01532	0.01294	0.03009	0.16155	0.01046	0.06885	0.01706	0.15890	0.06936	0.05377	0.02371	0.01125	0.00698	0.00218	0.00685	0.24230	0.00550	0.00772
47	0.08115	0.01122	0.01182	0.01070	0.01382	0.01224	0.00823	0.02537	0.40752	0.08522	0.03104	0.05497	0.14540	0.06296	0.00826	0.00241	0.00476	0.00839	0.00607	0.00843
48	0.01449	0.01140	0.01365	0.01176	0.05219	0.01059	0.00874	0.16426	0.01700	0.02473	0.09062	0.05865	0.01765	0.01071	0.06720	0.00218	0.00602	0.00620	0.04666	0.36531
49	0.01521	0.05439	0.02474	0.03511	0.63990	0.01487	0.01808	0.01875	0.01428	0.02016	0.01361	0.04872	0.01235	0.00672	0.00634	0.00193	0.00727	0.03466	0.00334	0.00957
50	0.01413	0.08911	0.01247	0.00950	0.01203	0.00876	0.00765	0.01659	0.01619	0.18396	0.30627	0.14497	0.05701	0.01257	0.00710	0.00210	0.00434	0.08169	0.00642	0.00715

[dist]
# distance from previous block
# <min> <max>
0	1

[block]
# block no. 4 follows, 35 sequences, length 7
# corresponding to MSA columns:
# 606-612
name=unknown_E
#
# <colnr> <probs for GDERKNQSTAVLIFYWHMCP>
#	G	D	E	R	K	N	Q	S	T	A	V	L	I	F	Y	W	H	M	C	P
0	0.01722	0.01815	0.02409	0.02964	0.41892	0.16204	0.09799	0.02258	0.10724	0.02039	0.01341	0.01605	0.01083	0.00618	0.00633	0.00190	0.00836	0.00575	0.00360	0.00934
1	0.01268	0.00938	0.01247	0.01386	0.09705	0.00974	0.00952	0.01702	0.11704	0.08705	0.03117	0.21361	0.11989	0.03769	0.00923	0.00250	0.06214	0.12523	0.00553	0.00720
2	0.46337	0.01378	0.01280	0.01290	0.09806	0.06886	0.00901	0.06299	0.01343	0.02602	0.01071	0.01251	0.00848	0.00596	0.00462	0.00176	0.00569	0.00408	0.05286	0.11210
3	0.01143	0.00918	0.01257	0.01506	0.15486	0.00899	0.00954	0.07901	0.01642	0.02213	0.20652	0.16073	0.15736	0.01324	0.00740	0.00220	0.00477	0.09596	0.00565	0.00698
4	0.22496	0.01610	0.01472	0.09987	0.01943	0.14119	0.01065	0.09530	0.22586	0.06750	0.01591	0.01638	0.01189	0.00715	0.00565	0.00197	0.00671	0.00531	0.00491	0.00854
5	0.17882	0.01368	0.01430	0.10804	0.01919	0.08168	0.00991	0.05774	0.06712	0.16009	0.01454	0.01540	0.01066	0.00636	0.00539	0.00169	0.00614	0.00482	0.00474	0.21969
6	0.02140	0.02507	0.01878	0.01886	0.11201	0.50349	0.01306	0.06557	0.08452	0.01867	0.01183	0.01350	0.00963	0.00693	0.00673	0.00179	0.05155	0.00476	0.00371	0.00814

[dist]
# distance from previous block
# <min> <max>
0	6

[block]
# block no. 5 follows, 35 sequences, length 22
# corresponding to MSA columns:
# 619-640
name=unknown_F
#
# <colnr> <probs for GDERKNQSTAVLIFYWHMCP>
#	G	D	E	R	K	N	Q	S	T	A	V	L	I	F	Y	W	H	M	C	P
0	0.06895	0.01524	0.01647	0.01288	0.01769	0.06994	0.01055	0.31444	0.02259	0.35722	0.01894	0.01758	0.01262	0.00755	0.00618	0.00191	0.00649	0.00577	0.00667	0.01032
1	0.00915	0.00612	0.00694	0.00702	0.00704	0.00610	0.00395	0.00920	0.00938	0.01251	0.02079	0.08083	0.02408	0.73635	0.03099	0.00596	0.00602	0.00970	0.00395	0.00391
2	0.00919	0.00627	0.00755	0.00755	0.00777	0.00649	0.00463	0.00963	0.00941	0.01277	0.01941	0.03832	0.02168	0.63664	0.17081	0.00693	0.00824	0.00876	0.00376	0.00419
3	0.01022	0.00730	0.01022	0.01168	0.01314	0.00730	0.01022	0.01314	0.01460	0.01899	0.03359	0.07156	0.03651	0.01752	0.00876	0.00292	0.00584	0.69478	0.00584	0.00584
4	0.00851	0.00647	0.00782	0.00748	0.00919	0.00578	0.00561	0.01105	0.01684	0.02278	0.51992	0.05176	0.27572	0.01396	0.00749	0.00204	0.00306	0.01209	0.00663	0.00578
5	0.00928	0.00680	0.00855	0.00915	0.01036	0.00652	0.00675	0.05472	0.01482	0.01969	0.15074	0.42490	0.12740	0.01719	0.00790	0.00243	0.00401	0.10693	0.00609	0.00576
6	0.01315	0.01128	0.01315	0.00940	0.01503	0.00846	0.00752	0.01597	0.01315	0.02067	0.01128	0.01315	0.00940	0.00470	0.00470	0.00094	0.00470	0.00376	0.00376	0.81583
7	0.00923	0.00615	0.00692	0.00692	0.00692	0.00615	0.00384	0.00923	0.00923	0.01230	0.01999	0.04151	0.02306	0.77705	0.03229	0.00615	0.00615	0.00923	0.00384	0.00384
8	0.00865	0.00644	0.00807	0.00787	0.00943	0.00586	0.00592	0.01125	0.01676	0.02294	0.52833	0.09698	0.19238	0.01421	0.00758	0.00210	0.00319	0.03959	0.00665	0.00580
9	0.01588	0.01475	0.02419	0.14253	0.57469	0.01532	0.01857	0.07857	0.01550	0.02171	0.01212	0.01584	0.00988	0.00592	0.00630	0.00192	0.00762	0.00566	0.00337	0.00967
10	0.01275	0.01220	0.02105	0.60485	0.15948	0.01435	0.05185	0.01696	0.01309	0.01717	0.01146	0.01672	0.00878	0.00618	0.00639	0.00208	0.00841	0.00573	0.00289	0.00762
11	0.00825	0.00612	0.00782	0.00897	0.00997	0.00569	0.00665	0.00988	0.01321	0.01704	0.04093	0.45944	0.18928	0.01852	0.00812	0.00256	0.00408	0.17224	0.00588	0.00535
12	0.01474	0.01409	0.02402	0.22535	0.55857	0.01482	0.01899	0.01863	0.01399	0.01956	0.01176	0.01601	0.00964	0.00583	0.00630	0.00194	0.00777	0.00565	0.00306	0.00927
13	0.08414	0.01326	0.02184	0.31696	0.18681	0.01494	0.11201	0.04034	0.01361	0.01964	0.01225	0.01813	0.01009	0.00694	0.00762	0.00214	0.07281	0.03524	0.00328	0.00796
14	0.01045	0.00559	0.00804	0.00816	0.00837	0.00547	0.00549	0.00838	0.00911	0.01197	0.01744	0.08824	0.07268	0.02136	0.02193	0.67846	0.00516	0.00724	0.00328	0.00318
15	0.00928	0.00683	0.00787	0.00757	0.00930	0.00630	0.00561	0.04134	0.01610	0.02184	0.33347	0.09646	0.28728	0.04724	0.00832	0.00222	0.00342	0.01177	0.07197	0.00582
16	0.01935	0.05576	0.06810	0.01578	0.02014	0.20857	0.14438	0.04905	0.04350	0.16304	0.01625	0.04618	0.01302	0.05112	0.05490	0.00266	0.00909	0.00635	0.00448	0.00830
17	0.01674	0.24777	0.24166	0.01666	0.07860	0.11181	0.04024	0.04481	0.04245	0.05127	0.04279	0.01479	0.01140	0.00639	0.00559	0.00176	0.00807	0.00490	0.00351	0.00877
18	0.04826	0.01525	0.11006	0.16027	0.33188	0.01381	0.01673	0.01759	0.01348	0.01970	0.04748	0.01938	0.01295	0.03319	0.00804	0.00214	0.05532	0.02772	0.00336	0.04340
19	0.01499	0.01451	0.02486	0.14501	0.14077	0.01531	0.23317	0.08990	0.03162	0.02113	0.01320	0.04634	0.01096	0.00709	0.00837	0.00207	0.09914	0.00660	0.00363	0.07132
