[name]
unknown

[dist]
# distance from previous block
# <min> <max>
0	505

[block]
# block no. 0 follows, 31 sequences, length 12
# corresponding to MSA columns:
# 834-845
name=unknown_A
#
# <colnr> <probs for GDERKNQSTAVLIFYWHMCP>
#	G	D	E	R	K	N	Q	S	T	A	V	L	I	F	Y	W	H	M	C	P
0	0.10630	0.01809	0.01587	0.05905	0.01916	0.20527	0.01104	0.10717	0.11148	0.10880	0.04801	0.02269	0.01641	0.06102	0.00846	0.00237	0.00780	0.03167	0.00538	0.03396
1	0.08873	0.01416	0.04723	0.06251	0.13503	0.01407	0.01229	0.15384	0.08993	0.07529	0.09067	0.02768	0.08665	0.06178	0.00880	0.00246	0.00642	0.00777	0.00557	0.00911
2	0.14912	0.01766	0.14216	0.01709	0.08895	0.01488	0.05582	0.12419	0.10243	0.06653	0.02167	0.08866	0.06349	0.00924	0.00669	0.00222	0.00695	0.00771	0.00518	0.00936
3	0.30729	0.06414	0.10204	0.01242	0.01729	0.06544	0.01118	0.02461	0.19804	0.02650	0.05295	0.01778	0.01458	0.00751	0.00564	0.00205	0.00641	0.00548	0.00483	0.05382
4	0.10086	0.01481	0.05894	0.01247	0.01747	0.01368	0.01051	0.11095	0.19939	0.09080	0.01973	0.06993	0.01588	0.00827	0.00622	0.00191	0.00581	0.00666	0.00569	0.23002
5	0.12805	0.01804	0.13004	0.01391	0.01938	0.01598	0.01268	0.12394	0.28809	0.07333	0.01953	0.01916	0.01439	0.00780	0.00630	0.00209	0.00645	0.00610	0.00571	0.08902
6	0.16654	0.01424	0.01687	0.06440	0.02017	0.01500	0.04714	0.16345	0.13353	0.17739	0.02060	0.02040	0.04011	0.00801	0.00638	0.00209	0.00640	0.00639	0.00607	0.06483
7	0.01605	0.01422	0.02184	0.28184	0.29878	0.01571	0.01743	0.08137	0.08482	0.02334	0.01509	0.01880	0.01177	0.00700	0.00668	0.00212	0.00781	0.00628	0.05960	0.00945
8	0.06104	0.01419	0.01775	0.12664	0.09169	0.01463	0.01253	0.13572	0.14195	0.10235	0.01723	0.01831	0.01282	0.00716	0.00630	0.00189	0.00655	0.00587	0.00531	0.20007
9	0.30874	0.01403	0.01259	0.01075	0.01469	0.05494	0.00861	0.15130	0.08094	0.03039	0.01562	0.01693	0.01197	0.00729	0.00528	0.00191	0.00566	0.00521	0.17977	0.06338
10	0.01371	0.01297	0.02195	0.60518	0.17889	0.01541	0.01939	0.01817	0.01405	0.01844	0.01230	0.01798	0.00946	0.00669	0.00683	0.00223	0.00892	0.00608	0.00311	0.00824
11	0.42511	0.01301	0.01419	0.17184	0.02205	0.01456	0.01084	0.06168	0.01494	0.17242	0.01415	0.01553	0.01002	0.00701	0.00551	0.00215	0.00638	0.00503	0.00501	0.00858

[dist]
# distance from previous block
# <min> <max>
8	19

[block]
# block no. 1 follows, 31 sequences, length 37
# corresponding to MSA columns:
# 865,867-902
name=unknown_B
#
# <colnr> <probs for GDERKNQSTAVLIFYWHMCP>
#	G	D	E	R	K	N	Q	S	T	A	V	L	I	F	Y	W	H	M	C	P
0	0.02194	0.01710	0.01871	0.01462	0.01976	0.13927	0.07491	0.11429	0.05837	0.19436	0.04411	0.01884	0.01448	0.00731	0.00644	0.00179	0.00742	0.00599	0.00565	0.21464
1	0.07485	0.23900	0.02220	0.01297	0.01744	0.01961	0.01116	0.15728	0.13051	0.05301	0.06590	0.01842	0.01571	0.00815	0.00740	0.00196	0.07638	0.00583	0.00509	0.05712
2	0.04704	0.04424	0.16902	0.01446	0.01946	0.09918	0.01349	0.06341	0.27526	0.02568	0.11026	0.02483	0.04649	0.00904	0.00676	0.00215	0.00706	0.00723	0.00549	0.00943
3	0.02053	0.01447	0.01559	0.01246	0.01752	0.06462	0.00992	0.05232	0.20774	0.20654	0.02041	0.01964	0.01484	0.00738	0.00621	0.00176	0.00598	0.00591	0.00607	0.29009
4	0.01425	0.09326	0.48628	0.01648	0.02428	0.03568	0.01971	0.02046	0.01563	0.04460	0.14397	0.02124	0.01943	0.00793	0.00661	0.00209	0.00850	0.00635	0.00396	0.00929
5	0.02257	0.01480	0.02038	0.02232	0.24154	0.01461	0.01400	0.17189	0.04669	0.23637	0.01854	0.01909	0.01334	0.00861	0.02779	0.00224	0.00721	0.00625	0.00587	0.08589
6	0.25794	0.01697	0.01581	0.01288	0.01770	0.13769	0.03607	0.08916	0.05307	0.14133	0.01484	0.01542	0.01093	0.00690	0.00569	0.00187	0.00702	0.00503	0.00514	0.14854
7	0.01310	0.01093	0.01273	0.01061	0.01480	0.00951	0.00810	0.01842	0.13125	0.02208	0.02167	0.21447	0.02136	0.01016	0.00637	0.00171	0.00483	0.00880	0.00516	0.45394
8	0.01547	0.31398	0.46084	0.01652	0.02500	0.02017	0.02009	0.02121	0.01424	0.01954	0.01122	0.01312	0.00871	0.00625	0.00569	0.00190	0.00904	0.00452	0.00290	0.00960
9	0.01292	0.01216	0.02052	0.74312	0.04712	0.01520	0.01900	0.01748	0.01368	0.01748	0.01216	0.01824	0.00912	0.00684	0.00684	0.00228	0.00912	0.00608	0.00304	0.00760
10	0.00909	0.00697	0.00832	0.00799	0.00986	0.00620	0.00599	0.01177	0.01797	0.02412	0.47479	0.05656	0.30511	0.01522	0.00808	0.00221	0.00332	0.01314	0.00709	0.00620
11	0.00995	0.00663	0.00746	0.00746	0.00746	0.00663	0.00415	0.00995	0.00995	0.01327	0.02156	0.04477	0.02487	0.75957	0.03482	0.00663	0.00663	0.00995	0.00415	0.00415
12	0.00835	0.00694	0.00729	0.00720	0.00940	0.00589	0.00540	0.01032	0.01621	0.01995	0.17467	0.06343	0.60783	0.01678	0.00808	0.00228	0.00343	0.01410	0.00655	0.00589
13	0.01188	0.00594	0.00891	0.00891	0.00891	0.00594	0.00594	0.00891	0.00891	0.01188	0.01188	0.02080	0.01188	0.02377	0.02674	0.80095	0.00594	0.00594	0.00297	0.00297
14	0.01829	0.76368	0.03585	0.01171	0.01756	0.02707	0.01171	0.02049	0.01390	0.01610	0.00951	0.01097	0.00878	0.00585	0.00439	0.00146	0.00732	0.00366	0.00293	0.00878
15	0.00834	0.00595	0.00794	0.00953	0.00992	0.00556	0.00635	0.00953	0.01310	0.01746	0.03771	0.75510	0.04525	0.02143	0.00873	0.00278	0.00397	0.01945	0.00635	0.00556
16	0.01829	0.76368	0.03585	0.01171	0.01756	0.02707	0.01171	0.02049	0.01390	0.01610	0.00951	0.01097	0.00878	0.00585	0.00439	0.00146	0.00732	0.00366	0.00293	0.00878
17	0.01372	0.03539	0.72412	0.01950	0.02961	0.01589	0.02528	0.02167	0.01444	0.02167	0.01228	0.01444	0.00867	0.00650	0.00650	0.00217	0.01011	0.00506	0.00289	0.01011
18	0.01702	0.01470	0.01547	0.01392	0.01779	0.01702	0.01083	0.03635	0.70453	0.02862	0.02785	0.02553	0.02088	0.00928	0.00696	0.00232	0.00541	0.00773	0.00696	0.01083
19	0.00811	0.00684	0.00702	0.00717	0.00930	0.00576	0.00530	0.00979	0.01537	0.01839	0.06645	0.12810	0.65369	0.01770	0.00814	0.00235	0.00351	0.01489	0.00635	0.00576
20	0.00856	0.00695	0.00759	0.00743	0.00953	0.00598	0.00557	0.01074	0.01672	0.02116	0.26217	0.06143	0.51958	0.01633	0.00808	0.00226	0.00339	0.01382	0.00671	0.00598
21	0.00852	0.00695	0.00754	0.00739	0.00951	0.00596	0.00554	0.01067	0.01663	0.02094	0.24628	0.06179	0.53560	0.01641	0.00808	0.00227	0.00340	0.01387	0.00668	0.00596
22	0.00987	0.00660	0.00749	0.00757	0.00759	0.00658	0.00426	0.00993	0.01011	0.01348	0.02238	0.08085	0.02591	0.72207	0.03350	0.00644	0.00650	0.01043	0.00426	0.00422
23	0.01449	0.01449	0.02156	0.01820	0.01886	0.01927	0.07518	0.01635	0.01122	0.01704	0.01194	0.08036	0.01230	0.01225	0.01995	0.00291	0.61547	0.00736	0.00333	0.00747
24	0.02377	0.01805	0.01927	0.01529	0.02036	0.02017	0.01246	0.53049	0.19940	0.03951	0.01927	0.01869	0.01394	0.00848	0.00687	0.00212	0.00700	0.00655	0.00687	0.01143
25	0.00831	0.00604	0.00785	0.00930	0.00986	0.00558	0.00625	0.00955	0.01332	0.01755	0.04049	0.69449	0.10406	0.02107	0.00868	0.00274	0.00392	0.01901	0.00635	0.00558
26	0.00853	0.00620	0.00809	0.00943	0.01012	0.00575	0.00652	0.00999	0.01379	0.01823	0.07472	0.62025	0.10471	0.02055	0.00868	0.00273	0.00402	0.05562	0.00641	0.00566
27	0.02025	0.01550	0.01714	0.01528	0.04598	0.01733	0.01165	0.18461	0.46482	0.09260	0.02459	0.02293	0.01805	0.00884	0.00692	0.00223	0.00604	0.00724	0.00693	0.01108
28	0.73846	0.07922	0.01232	0.00924	0.01361	0.01638	0.00779	0.02014	0.01184	0.02941	0.00952	0.01110	0.00753	0.00631	0.00425	0.00206	0.00547	0.00370	0.00412	0.00753
29	0.02048	0.01792	0.02319	0.01820	0.02293	0.04690	0.15078	0.28741	0.20922	0.03127	0.01806	0.01901	0.01353	0.00832	0.00860	0.00226	0.07896	0.00689	0.00569	0.01038
30	0.01004	0.00724	0.00958	0.00947	0.01005	0.00802	0.00658	0.01123	0.01046	0.01460	0.01961	0.03537	0.02069	0.40235	0.36113	0.00855	0.03736	0.00859	0.00388	0.00518
31	0.02949	0.01168	0.01575	0.01202	0.01737	0.00999	0.00991	0.03217	0.01919	0.67072	0.02591	0.02262	0.01644	0.00822	0.00675	0.00204	0.00577	0.00667	0.00815	0.06913
32	0.05108	0.01727	0.01881	0.01545	0.02009	0.10385	0.07109	0.13536	0.29774	0.16253	0.02188	0.02091	0.01578	0.00827	0.00683	0.00216	0.00720	0.00680	0.00640	0.01049
33	0.01520	0.01385	0.02231	0.27530	0.36332	0.01510	0.01797	0.02074	0.07686	0.02153	0.01481	0.01891	0.01175	0.00680	0.00664	0.00210	0.00779	0.00626	0.07342	0.00934
34	0.01135	0.00971	0.01255	0.01206	0.01318	0.05111	0.00938	0.01349	0.01134	0.01585	0.01687	0.02557	0.01604	0.08540	0.55863	0.00918	0.11126	0.00715	0.00360	0.00627
35	0.22094	0.02084	0.01792	0.08711	0.02211	0.27852	0.06299	0.02587	0.13716	0.04338	0.01423	0.01571	0.01097	0.00719	0.00605	0.00205	0.00876	0.00533	0.00440	0.00848
36	0.01670	0.01602	0.02736	0.08179	0.67887	0.01620	0.02088	0.02080	0.01547	0.02207	0.01283	0.01701	0.01074	0.00614	0.00678	0.00205	0.00818	0.00609	0.00337	0.01065

[dist]
# distance from previous block
# <min> <max>
0	20

[block]
# block no. 2 follows, 31 sequences, length 30
# corresponding to MSA columns:
# 923-952
name=unknown_C
#
# <colnr> <probs for GDERKNQSTAVLIFYWHMCP>
#	G	D	E	R	K	N	Q	S	T	A	V	L	I	F	Y	W	H	M	C	P
0	0.01935	0.65885	0.03358	0.01243	0.01807	0.08452	0.01191	0.06167	0.01545	0.01778	0.01002	0.01142	0.00895	0.00609	0.00468	0.00152	0.00774	0.00387	0.00321	0.00888
1	0.01623	0.01318	0.01721	0.09712	0.02108	0.01331	0.03423	0.02199	0.12952	0.08686	0.01573	0.01766	0.01228	0.00737	0.00852	0.00183	0.11929	0.00560	0.00465	0.35636
2	0.01928	0.12300	0.02825	0.01913	0.02462	0.01861	0.25647	0.14965	0.14584	0.07729	0.03793	0.01955	0.01438	0.00748	0.00739	0.00214	0.02690	0.00702	0.00513	0.00996
3	0.04876	0.01257	0.01566	0.01355	0.01635	0.03010	0.05612	0.09907	0.10147	0.06067	0.05023	0.16453	0.11094	0.01274	0.00992	0.00243	0.12606	0.02988	0.00566	0.03329
4	0.01084	0.00784	0.01115	0.01085	0.01230	0.00761	0.04456	0.01283	0.01496	0.06493	0.16653	0.42413	0.10503	0.01736	0.00922	0.00256	0.04913	0.01538	0.00635	0.00646
5	0.03969	0.00959	0.01312	0.01358	0.08390	0.00910	0.00957	0.01980	0.04171	0.19606	0.31957	0.06601	0.04036	0.01234	0.00770	0.00229	0.00492	0.09538	0.00703	0.00830
6	0.09592	0.01719	0.03240	0.02389	0.02994	0.01705	0.48856	0.02459	0.15176	0.02412	0.01618	0.01911	0.01216	0.00652	0.00747	0.00229	0.00970	0.00757	0.00423	0.00936
7	0.00882	0.00659	0.00829	0.00894	0.01014	0.00593	0.00626	0.01060	0.01484	0.01989	0.18090	0.46596	0.15691	0.01853	0.00833	0.00250	0.00378	0.01652	0.00650	0.03977
8	0.42988	0.01246	0.01289	0.01054	0.01529	0.01277	0.00870	0.02655	0.01550	0.36675	0.01802	0.01703	0.01204	0.00738	0.00552	0.00212	0.00555	0.00525	0.00629	0.00947
9	0.00971	0.00688	0.00911	0.00927	0.00986	0.00739	0.00636	0.01093	0.01074	0.01487	0.02172	0.10808	0.02340	0.36449	0.34825	0.00822	0.01166	0.00972	0.00415	0.00518
10	0.01364	0.01290	0.02183	0.61643	0.16814	0.01539	0.01936	0.01812	0.01402	0.01836	0.01229	0.01800	0.00943	0.00671	0.00683	0.00224	0.00894	0.00608	0.00310	0.00818
11	0.01102	0.00787	0.01102	0.01260	0.01417	0.00787	0.01102	0.01417	0.01575	0.02047	0.03622	0.07717	0.03937	0.01890	0.00945	0.00315	0.00630	0.67084	0.00630	0.00630
12	0.01372	0.03539	0.72412	0.01950	0.02961	0.01589	0.02528	0.02167	0.01444	0.02167	0.01228	0.01444	0.00867	0.00650	0.00650	0.00217	0.01011	0.00506	0.00289	0.01011
13	0.01404	0.03346	0.65411	0.02176	0.09871	0.01593	0.02485	0.02160	0.01456	0.02173	0.01234	0.01469	0.00888	0.00646	0.00653	0.00215	0.00991	0.00516	0.00294	0.01018
14	0.00990	0.00731	0.00958	0.01083	0.01234	0.00700	0.00892	0.01238	0.01521	0.01949	0.04342	0.20328	0.18160	0.01905	0.00903	0.00290	0.00527	0.41011	0.00632	0.00605
15	0.00905	0.00705	0.00827	0.00821	0.01015	0.00627	0.00631	0.01156	0.01720	0.02245	0.33708	0.06078	0.37282	0.01608	0.00822	0.00233	0.00365	0.07956	0.00684	0.00611
16	0.00986	0.00667	0.00755	0.00755	0.00769	0.00666	0.00433	0.01001	0.01022	0.01357	0.02350	0.04511	0.05407	0.70583	0.05538	0.00658	0.00686	0.01006	0.00422	0.00428
17	0.02293	0.02568	0.01823	0.01622	0.01992	0.45076	0.01242	0.11802	0.15255	0.02253	0.01520	0.01639	0.01207	0.01055	0.05426	0.00252	0.01075	0.00548	0.00464	0.00887
18	0.00925	0.00661	0.00899	0.01057	0.01137	0.00635	0.00794	0.01111	0.01400	0.01849	0.03720	0.52405	0.04325	0.02057	0.00898	0.00291	0.00476	0.24145	0.00633	0.00581
19	0.03070	0.01164	0.01588	0.01217	0.01746	0.01006	0.01006	0.03334	0.01958	0.72163	0.02699	0.02329	0.01694	0.00847	0.00688	0.00212	0.00582	0.00688	0.00847	0.01164
20	0.01829	0.76368	0.03585	0.01171	0.01756	0.02707	0.01171	0.02049	0.01390	0.01610	0.00951	0.01097	0.00878	0.00585	0.00439	0.00146	0.00732	0.00366	0.00293	0.00878
21	0.02100	0.01670	0.01660	0.01430	0.01854	0.09009	0.01125	0.12233	0.44908	0.12622	0.02443	0.02265	0.01786	0.00880	0.00685	0.00220	0.00646	0.00706	0.00680	0.01075
22	0.01438	0.01405	0.01960	0.01695	0.01701	0.01941	0.01396	0.01584	0.01047	0.01624	0.01025	0.01742	0.01038	0.05921	0.06207	0.00365	0.66249	0.00630	0.00310	0.00721
23	0.00988	0.00660	0.00748	0.00755	0.00757	0.00659	0.00424	0.00993	0.01008	0.01344	0.02224	0.07477	0.02573	0.72839	0.03372	0.00647	0.00652	0.01035	0.00424	0.00421
24	0.00995	0.00663	0.00746	0.00746	0.00746	0.00663	0.00415	0.00995	0.00995	0.01327	0.02156	0.04477	0.02487	0.75957	0.03482	0.00663	0.00663	0.00995	0.00415	0.00415
25	0.00992	0.00673	0.00795	0.00795	0.00812	0.00690	0.00476	0.01026	0.01009	0.01363	0.02111	0.04228	0.02379	0.66111	0.13180	0.00724	0.00826	0.00958	0.00408	0.00442
26	0.02562	0.03083	0.01954	0.01738	0.02116	0.63806	0.01319	0.11552	0.02108	0.02023	0.01135	0.01288	0.00919	0.00720	0.00626	0.00180	0.01170	0.00464	0.00396	0.00842
27	0.01723	0.59386	0.19634	0.01352	0.02037	0.02446	0.01487	0.02076	0.01403	0.01739	0.01016	0.01178	0.00875	0.00600	0.00488	0.00163	0.00797	0.00398	0.00292	0.00909
28	0.00889	0.00685	0.00813	0.00805	0.00980	0.00608	0.00594	0.01129	0.01715	0.02273	0.37957	0.13796	0.32053	0.01617	0.00815	0.00229	0.00341	0.01401	0.00693	0.00608
29	0.01372	0.03539	0.72412	0.01950	0.02961	0.01589	0.02528	0.02167	0.01444	0.02167	0.01228	0.01444	0.00867	0.00650	0.00650	0.00217	0.01011	0.00506	0.00289	0.01011

[dist]
# distance from previous block
# <min> <max>
0	5

[block]
# block no. 3 follows, 31 sequences, length 31
# corresponding to MSA columns:
# 958-977,988-998
name=unknown_D
#
# <colnr> <probs for GDERKNQSTAVLIFYWHMCP>
#	G	D	E	R	K	N	Q	S	T	A	V	L	I	F	Y	W	H	M	C	P
0	0.01617	0.40330	0.34721	0.01647	0.05161	0.02156	0.01823	0.02104	0.01422	0.01887	0.01090	0.01279	0.00881	0.00616	0.00544	0.00181	0.00862	0.00439	0.00293	0.00947
1	0.01275	0.00638	0.00638	0.00638	0.00797	0.00638	0.00478	0.01594	0.01435	0.02551	0.02232	0.02551	0.01754	0.00797	0.00478	0.00159	0.00319	0.00638	0.79755	0.00638
2	0.01829	0.76368	0.03585	0.01171	0.01756	0.02707	0.01171	0.02049	0.01390	0.01610	0.00951	0.01097	0.00878	0.00585	0.00439	0.00146	0.00732	0.00366	0.00293	0.00878
3	0.01615	0.01845	0.04037	0.02884	0.03576	0.01730	0.69204	0.02191	0.01615	0.02191	0.01384	0.01845	0.01038	0.00577	0.00807	0.00231	0.01153	0.00807	0.00346	0.00923
4	0.01281	0.01208	0.12364	0.01067	0.01413	0.00835	0.00981	0.01661	0.01835	0.11155	0.47282	0.04285	0.09435	0.01234	0.00767	0.00216	0.00466	0.01067	0.00683	0.00763
5	0.01497	0.01497	0.02095	0.01796	0.01796	0.02095	0.01497	0.01646	0.01048	0.01646	0.00898	0.01497	0.00898	0.01197	0.02245	0.00299	0.74704	0.00599	0.00299	0.00748
6	0.00809	0.00693	0.00693	0.00693	0.00924	0.00578	0.00520	0.00982	0.01559	0.01848	0.06931	0.06584	0.71411	0.01733	0.00809	0.00231	0.00347	0.01444	0.00635	0.00578
7	0.01886	0.70658	0.03456	0.01217	0.01784	0.08214	0.01182	0.02102	0.01433	0.01615	0.00959	0.01108	0.00878	0.00595	0.00453	0.00149	0.00771	0.00372	0.00297	0.00871
8	0.02002	0.64436	0.03292	0.01197	0.01774	0.02495	0.01160	0.05748	0.01547	0.09252	0.01174	0.01257	0.00980	0.00626	0.00478	0.00156	0.00717	0.00413	0.00372	0.00924
9	0.00968	0.00699	0.00914	0.00861	0.01022	0.00646	0.00646	0.01291	0.01937	0.02743	0.71328	0.05110	0.06455	0.01399	0.00807	0.00215	0.00323	0.01237	0.00753	0.00646
10	0.02736	0.01699	0.01919	0.01471	0.02013	0.01799	0.01215	0.50297	0.02853	0.23937	0.01948	0.01841	0.01317	0.00829	0.00685	0.00207	0.00703	0.00637	0.00731	0.01164
11	0.02675	0.01797	0.01979	0.01517	0.02062	0.01944	0.01253	0.58889	0.03016	0.15113	0.01811	0.01752	0.01248	0.00825	0.00685	0.00206	0.00726	0.00627	0.00710	0.01164
12	0.01829	0.76368	0.03585	0.01171	0.01756	0.02707	0.01171	0.02049	0.01390	0.01610	0.00951	0.01097	0.00878	0.00585	0.00439	0.00146	0.00732	0.00366	0.00293	0.00878
13	0.01829	0.76368	0.03585	0.01171	0.01756	0.02707	0.01171	0.02049	0.01390	0.01610	0.00951	0.01097	0.00878	0.00585	0.00439	0.00146	0.00732	0.00366	0.00293	0.00878
14	0.02491	0.03050	0.01914	0.01724	0.02089	0.63864	0.01302	0.06329	0.07358	0.01907	0.01223	0.01358	0.00990	0.00729	0.00627	0.00182	0.01154	0.00476	0.00397	0.00835
15	0.80789	0.01323	0.01006	0.00900	0.01323	0.01535	0.00741	0.02011	0.01164	0.03070	0.00953	0.01111	0.00741	0.00635	0.00423	0.00212	0.00529	0.00370	0.00423	0.00741
16	0.01592	0.01798	0.03904	0.02810	0.03478	0.01687	0.66122	0.02156	0.01613	0.02185	0.01485	0.02111	0.01169	0.00636	0.00814	0.00234	0.01130	0.03807	0.00359	0.00909
17	0.01829	0.76368	0.03585	0.01171	0.01756	0.02707	0.01171	0.02049	0.01390	0.01610	0.00951	0.01097	0.00878	0.00585	0.00439	0.00146	0.00732	0.00366	0.00293	0.00878
18	0.00834	0.00595	0.00794	0.00953	0.00992	0.00556	0.00635	0.00953	0.01310	0.01746	0.03771	0.75510	0.04525	0.02143	0.00873	0.00278	0.00397	0.01945	0.00635	0.00556
19	0.02566	0.01955	0.02030	0.01575	0.02109	0.05014	0.01293	0.64266	0.05633	0.04151	0.01661	0.01659	0.01186	0.00820	0.00682	0.00205	0.00765	0.00615	0.00671	0.01145
20	0.02423	0.01981	0.01801	0.01505	0.01957	0.18915	0.01192	0.23217	0.21409	0.15417	0.02009	0.01920	0.01448	0.00828	0.00672	0.00207	0.00779	0.00631	0.00637	0.01052
21	0.00977	0.00733	0.01100	0.01100	0.01222	0.00855	0.00855	0.01222	0.01100	0.01588	0.01833	0.02688	0.01710	0.05131	0.73245	0.01100	0.01833	0.00733	0.00367	0.00611
22	0.02521	0.06778	0.02018	0.01734	0.02098	0.69818	0.01315	0.02699	0.01912	0.01671	0.01052	0.01227	0.00881	0.00699	0.00608	0.00175	0.01210	0.00437	0.00350	0.00797
23	0.00995	0.00663	0.00746	0.00746	0.00746	0.00663	0.00415	0.00995	0.00995	0.01327	0.02156	0.04477	0.02487	0.75957	0.03482	0.00663	0.00663	0.00995	0.00415	0.00415
24	0.05554	0.01335	0.01655	0.01287	0.01807	0.01284	0.01058	0.16076	0.06589	0.52216	0.02441	0.02169	0.01584	0.00840	0.00679	0.00212	0.00611	0.00669	0.00791	0.01144
25	0.02122	0.01679	0.01665	0.01431	0.01858	0.09385	0.01127	0.12568	0.43530	0.13293	0.02428	0.02251	0.01771	0.00877	0.00685	0.00219	0.00652	0.00703	0.00680	0.01075
26	0.01829	0.76368	0.03585	0.01171	0.01756	0.02707	0.01171	0.02049	0.01390	0.01610	0.00951	0.01097	0.00878	0.00585	0.00439	0.00146	0.00732	0.00366	0.00293	0.00878
27	0.74678	0.01474	0.01078	0.00967	0.01385	0.07133	0.00786	0.02067	0.01225	0.02961	0.00961	0.01121	0.00752	0.00641	0.00438	0.00209	0.00584	0.00376	0.00418	0.00745
28	0.00995	0.00663	0.00746	0.00746	0.00746	0.00663	0.00415	0.00995	0.00995	0.01327	0.02156	0.04477	0.02487	0.75957	0.03482	0.00663	0.00663	0.00995	0.00415	0.00415
29	0.01485	0.01538	0.02677	0.05600	0.02518	0.01802	0.25984	0.01862	0.03638	0.01898	0.01378	0.07456	0.01273	0.01012	0.01489	0.00267	0.36173	0.00786	0.00356	0.00808
30	0.01976	0.01236	0.01546	0.01269	0.01656	0.03117	0.06228	0.07759	0.15660	0.21329	0.04612	0.02469	0.01845	0.04113	0.04260	0.00264	0.00651	0.00718	0.16042	0.03253

[dist]
# distance from previous block
# <min> <max>
8	14

[block]
# block no. 4 follows, 31 sequences, length 36
# corresponding to MSA columns:
# 1028-1059,1098-1101
name=unknown_E
#
# <colnr> <probs for GDERKNQSTAVLIFYWHMCP>
#	G	D	E	R	K	N	Q	S	T	A	V	L	I	F	Y	W	H	M	C	P
0	0.77324	0.01349	0.01052	0.00930	0.01358	0.01561	0.00766	0.04998	0.01255	0.03125	0.00983	0.01135	0.00760	0.00643	0.00435	0.00211	0.00539	0.00381	0.00435	0.00760
1	0.00974	0.00703	0.00922	0.00877	0.01038	0.00651	0.00664	0.01296	0.01922	0.02715	0.68554	0.05217	0.06352	0.01419	0.00813	0.00219	0.00335	0.03935	0.00748	0.00645
2	0.01292	0.01216	0.02052	0.74312	0.04712	0.01520	0.01900	0.01748	0.01368	0.01748	0.01216	0.01824	0.00912	0.00684	0.00684	0.00228	0.00912	0.00608	0.00304	0.00760
3	0.80789	0.01323	0.01006	0.00900	0.01323	0.01535	0.00741	0.02011	0.01164	0.03070	0.00953	0.01111	0.00741	0.00635	0.00423	0.00212	0.00529	0.00370	0.00423	0.00741
4	0.80789	0.01323	0.01006	0.00900	0.01323	0.01535	0.00741	0.02011	0.01164	0.03070	0.00953	0.01111	0.00741	0.00635	0.00423	0.00212	0.00529	0.00370	0.00423	0.00741
5	0.00968	0.00699	0.00914	0.00861	0.01022	0.00646	0.00646	0.01291	0.01937	0.02743	0.71328	0.05110	0.06455	0.01399	0.00807	0.00215	0.00323	0.01237	0.00753	0.00646
6	0.01829	0.76368	0.03585	0.01171	0.01756	0.02707	0.01171	0.02049	0.01390	0.01610	0.00951	0.01097	0.00878	0.00585	0.00439	0.00146	0.00732	0.00366	0.00293	0.00878
7	0.01188	0.00594	0.00891	0.00891	0.00891	0.00594	0.00594	0.00891	0.00891	0.01188	0.01188	0.02080	0.01188	0.02377	0.02674	0.80095	0.00594	0.00594	0.00297	0.00297
8	0.01102	0.00787	0.01102	0.01260	0.01417	0.00787	0.01102	0.01417	0.01575	0.02047	0.03622	0.07717	0.03937	0.01890	0.00945	0.00315	0.00630	0.67084	0.00630	0.00630
9	0.01292	0.01216	0.02052	0.74312	0.04712	0.01520	0.01900	0.01748	0.01368	0.01748	0.01216	0.01824	0.00912	0.00684	0.00684	0.00228	0.00912	0.00608	0.00304	0.00760
10	0.01693	0.01626	0.02777	0.04199	0.71689	0.01626	0.02100	0.02100	0.01558	0.02235	0.01287	0.01693	0.01084	0.00610	0.00677	0.00203	0.00813	0.00610	0.00339	0.01084
11	0.00834	0.00595	0.00794	0.00953	0.00992	0.00556	0.00635	0.00953	0.01310	0.01746	0.03771	0.75510	0.04525	0.02143	0.00873	0.00278	0.00397	0.01945	0.00635	0.00556
12	0.03070	0.01164	0.01588	0.01217	0.01746	0.01006	0.01006	0.03334	0.01958	0.72163	0.02699	0.02329	0.01694	0.00847	0.00688	0.00212	0.00582	0.00688	0.00847	0.01164
13	0.00995	0.00663	0.00746	0.00746	0.00746	0.00663	0.00415	0.00995	0.00995	0.01327	0.02156	0.04477	0.02487	0.75957	0.03482	0.00663	0.00663	0.00995	0.00415	0.00415
14	0.01292	0.01216	0.02052	0.74312	0.04712	0.01520	0.01900	0.01748	0.01368	0.01748	0.01216	0.01824	0.00912	0.00684	0.00684	0.00228	0.00912	0.00608	0.00304	0.00760
15	0.00977	0.00733	0.01100	0.01100	0.01222	0.00855	0.00855	0.01222	0.01100	0.01588	0.01833	0.02688	0.01710	0.05131	0.73245	0.01100	0.01833	0.00733	0.00367	0.00611
16	0.01292	0.01216	0.02052	0.74312	0.04712	0.01520	0.01900	0.01748	0.01368	0.01748	0.01216	0.01824	0.00912	0.00684	0.00684	0.00228	0.00912	0.00608	0.00304	0.00760
17	0.01676	0.01608	0.02746	0.07164	0.68857	0.01621	0.02091	0.02085	0.01550	0.02214	0.01284	0.01699	0.01076	0.00613	0.00678	0.00204	0.00817	0.00610	0.00337	0.01070
18	0.00824	0.00698	0.00715	0.00723	0.00951	0.00589	0.00551	0.01005	0.01560	0.01859	0.06753	0.06645	0.67798	0.01741	0.00816	0.00236	0.00362	0.04959	0.00635	0.00580
19	0.01693	0.01626	0.02777	0.04199	0.71689	0.01626	0.02100	0.02100	0.01558	0.02235	0.01287	0.01693	0.01084	0.00610	0.00677	0.00203	0.00813	0.00610	0.00339	0.01084
20	0.01540	0.30364	0.47061	0.01663	0.02517	0.02001	0.02028	0.02123	0.01424	0.01961	0.01126	0.01317	0.00871	0.00626	0.00572	0.00191	0.00908	0.00454	0.00290	0.00962
21	0.01169	0.00983	0.01054	0.01011	0.01287	0.01007	0.00788	0.01998	0.26409	0.02281	0.08553	0.05166	0.36169	0.01441	0.00782	0.00239	0.00444	0.07788	0.00663	0.00769
22	0.00977	0.00733	0.01100	0.01100	0.01222	0.00855	0.00855	0.01222	0.01100	0.01588	0.01833	0.02688	0.01710	0.05131	0.73245	0.01100	0.01833	0.00733	0.00367	0.00611
23	0.02249	0.02629	0.01663	0.01522	0.01841	0.54050	0.01144	0.02586	0.07081	0.01930	0.01411	0.01583	0.01138	0.00739	0.00597	0.00177	0.01008	0.00503	0.15361	0.00786
24	0.02413	0.02813	0.01883	0.01679	0.02058	0.53528	0.01278	0.09760	0.13908	0.02151	0.01416	0.01504	0.01119	0.00756	0.00638	0.00189	0.01065	0.00516	0.00446	0.00881
25	0.00977	0.00733	0.01100	0.01100	0.01222	0.00855	0.00855	0.01222	0.01100	0.01588	0.01833	0.02688	0.01710	0.05131	0.73245	0.01100	0.01833	0.00733	0.00367	0.00611
26	0.01292	0.01216	0.02052	0.74312	0.04712	0.01520	0.01900	0.01748	0.01368	0.01748	0.01216	0.01824	0.00912	0.00684	0.00684	0.00228	0.00912	0.00608	0.00304	0.00760
27	0.17195	0.02756	0.01776	0.01596	0.01949	0.53511	0.01221	0.04815	0.01789	0.02025	0.01049	0.01239	0.00865	0.00722	0.00670	0.00190	0.05020	0.00442	0.00374	0.00794
28	0.02571	0.02799	0.01978	0.01698	0.02117	0.48814	0.01314	0.25613	0.02377	0.02579	0.01258	0.01374	0.00978	0.00745	0.00640	0.00186	0.01069	0.00501	0.00466	0.00920
29	0.01052	0.00718	0.00941	0.00875	0.01051	0.00660	0.00660	0.01372	0.01937	0.05500	0.68603	0.05000	0.06266	0.01377	0.00802	0.00215	0.00333	0.01215	0.00757	0.00666
30	0.80789	0.01323	0.01006	0.00900	0.01323	0.01535	0.00741	0.02011	0.01164	0.03070	0.00953	0.01111	0.00741	0.00635	0.00423	0.00212	0.00529	0.00370	0.00423	0.00741
31	0.72637	0.01338	0.01061	0.00950	0.01370	0.01552	0.00776	0.02178	0.08306	0.03048	0.01141	0.01260	0.00880	0.00665	0.00451	0.00214	0.00530	0.00412	0.00451	0.00776
32	0.00834	0.00595	0.00794	0.00953	0.00992	0.00556	0.00635	0.00953	0.01310	0.01746	0.03771	0.75510	0.04525	0.02143	0.00873	0.00278	0.00397	0.01945	0.00635	0.00556
33	0.00834	0.00595	0.00794	0.00953	0.00992	0.00556	0.00635	0.00953	0.01310	0.01746	0.03771	0.75510	0.04525	0.02143	0.00873	0.00278	0.00397	0.01945	0.00635	0.00556
34	0.77110	0.01294	0.01001	0.00898	0.01309	0.01494	0.00737	0.01978	0.01200	0.03054	0.04196	0.01296	0.01004	0.00670	0.00441	0.00212	0.00520	0.00410	0.00439	0.00737
35	0.01873	0.01224	0.01469	0.01108	0.01655	0.01031	0.00891	0.04462	0.07633	0.19818	0.04967	0.01922	0.01532	0.00679	0.00588	0.00149	0.00528	0.00553	0.00566	0.47353

[dist]
# distance from previous block
# <min> <max>
0	1

[block]
# block no. 5 follows, 31 sequences, length 74
# corresponding to MSA columns:
# 1103-1176
name=unknown_F
#
# <colnr> <probs for GDERKNQSTAVLIFYWHMCP>
#	G	D	E	R	K	N	Q	S	T	A	V	L	I	F	Y	W	H	M	C	P
0	0.01693	0.01626	0.02777	0.04199	0.71689	0.01626	0.02100	0.02100	0.01558	0.02235	0.01287	0.01693	0.01084	0.00610	0.00677	0.00203	0.00813	0.00610	0.00339	0.01084
1	0.01302	0.01213	0.02059	0.69097	0.04519	0.01491	0.03985	0.01756	0.01379	0.01794	0.01262	0.01854	0.00950	0.00685	0.00680	0.00225	0.00896	0.00616	0.03479	0.00760
2	0.01468	0.18777	0.58011	0.01787	0.02709	0.01823	0.02244	0.02142	0.01433	0.02050	0.01170	0.01372	0.00869	0.00636	0.00606	0.00202	0.00953	0.00476	0.00290	0.00983
3	0.01836	0.06068	0.06215	0.02137	0.02650	0.01692	0.33043	0.02302	0.03945	0.14520	0.01601	0.03633	0.01233	0.00797	0.01028	0.00236	0.14960	0.00733	0.00440	0.00931
4	0.01188	0.00594	0.00891	0.00891	0.00891	0.00594	0.00594	0.00891	0.00891	0.01188	0.01188	0.02080	0.01188	0.02377	0.02674	0.80095	0.00594	0.00594	0.00297	0.00297
5	0.00848	0.00606	0.00810	0.00962	0.01010	0.00567	0.00654	0.00981	0.01338	0.01786	0.05656	0.70831	0.04555	0.02112	0.00874	0.00278	0.00404	0.04527	0.00638	0.00561
6	0.01696	0.01968	0.03856	0.02787	0.03449	0.07906	0.63339	0.02238	0.01643	0.02147	0.01356	0.01793	0.01025	0.00588	0.00791	0.00226	0.01160	0.00776	0.00347	0.00912
7	0.00865	0.00640	0.00809	0.00884	0.00989	0.00583	0.00618	0.01047	0.01519	0.02028	0.22211	0.45063	0.16481	0.01876	0.00845	0.00253	0.00369	0.01672	0.00666	0.00583
8	0.01305	0.01242	0.02135	0.71324	0.04664	0.01529	0.04716	0.01767	0.01378	0.01767	0.01223	0.01825	0.00917	0.00680	0.00689	0.00228	0.00922	0.00616	0.00306	0.00767
9	0.02692	0.01732	0.01970	0.01526	0.02055	0.07556	0.05035	0.33792	0.04298	0.29178	0.02002	0.01899	0.01354	0.00810	0.00687	0.00207	0.00746	0.00643	0.00698	0.01117
10	0.01471	0.19302	0.57515	0.01781	0.02700	0.01831	0.02234	0.02141	0.01433	0.02046	0.01168	0.01369	0.00869	0.00636	0.00604	0.00201	0.00951	0.00475	0.00290	0.00982
11	0.00811	0.00684	0.00703	0.00718	0.00931	0.00575	0.00531	0.00979	0.01536	0.01838	0.06628	0.13178	0.65012	0.01772	0.00815	0.00235	0.00351	0.01492	0.00635	0.00575
12	0.01391	0.06467	0.69645	0.01919	0.02913	0.01634	0.02473	0.02162	0.01442	0.02144	0.01217	0.01430	0.00867	0.00647	0.00642	0.00214	0.01000	0.00500	0.00289	0.01006
13	0.01645	0.01220	0.01776	0.01475	0.01801	0.04324	0.13347	0.06788	0.01778	0.13798	0.16961	0.12352	0.03111	0.04222	0.00967	0.00256	0.04005	0.08757	0.00609	0.00808
14	0.01566	0.01136	0.07409	0.01230	0.01583	0.00884	0.06810	0.01865	0.01664	0.20802	0.15941	0.22756	0.10774	0.01352	0.00780	0.00234	0.00545	0.01203	0.00659	0.00808
15	0.01702	0.01470	0.01547	0.01392	0.01779	0.01702	0.01083	0.03635	0.70453	0.02862	0.02785	0.02553	0.02088	0.00928	0.00696	0.00232	0.00541	0.00773	0.00696	0.01083
16	0.01796	0.71101	0.08563	0.01227	0.01843	0.02626	0.01269	0.02057	0.01394	0.01650	0.00971	0.01123	0.00877	0.00590	0.00454	0.00151	0.00752	0.00376	0.00292	0.00888
17	0.02513	0.03126	0.01950	0.01755	0.02102	0.67026	0.01328	0.05696	0.01959	0.01792	0.01077	0.01263	0.00895	0.00731	0.00688	0.00183	0.04286	0.00455	0.00365	0.00808
18	0.01188	0.00594	0.00891	0.00891	0.00891	0.00594	0.00594	0.00891	0.00891	0.01188	0.01188	0.02080	0.01188	0.02377	0.02674	0.80095	0.00594	0.00594	0.00297	0.00297
19	0.01443	0.00813	0.01101	0.01090	0.01247	0.00798	0.00800	0.01601	0.01448	0.19155	0.03261	0.51093	0.03515	0.01742	0.00944	0.00263	0.06784	0.01519	0.00659	0.00723
20	0.01926	0.01581	0.01673	0.01438	0.01865	0.01807	0.01137	0.20071	0.53652	0.03224	0.02499	0.02325	0.01857	0.00901	0.00693	0.00225	0.00594	0.00734	0.00693	0.01103
21	0.01222	0.00891	0.01068	0.01072	0.01236	0.00901	0.00775	0.15858	0.01762	0.02350	0.06252	0.53426	0.06878	0.01806	0.00826	0.00257	0.00469	0.01604	0.00651	0.00693
22	0.02757	0.01163	0.01532	0.01210	0.01695	0.01056	0.00987	0.03212	0.09609	0.59128	0.07941	0.02566	0.02101	0.00898	0.00698	0.00214	0.00558	0.00739	0.00823	0.01116
23	0.01431	0.01080	0.01125	0.01072	0.01315	0.06473	0.00816	0.02019	0.15926	0.08698	0.16039	0.16073	0.11143	0.01333	0.00747	0.00228	0.00495	0.04981	0.08236	0.00770
24	0.01694	0.01614	0.02683	0.03985	0.66359	0.01631	0.02022	0.02217	0.06810	0.02283	0.01401	0.01759	0.01160	0.00634	0.00679	0.00205	0.00792	0.00622	0.00366	0.01084
25	0.01275	0.00638	0.00638	0.00638	0.00797	0.00638	0.00478	0.01594	0.01435	0.02551	0.02232	0.02551	0.01754	0.00797	0.00478	0.00159	0.00319	0.00638	0.79755	0.00638
26	0.00834	0.00595	0.00794	0.00953	0.00992	0.00556	0.00635	0.00953	0.01310	0.01746	0.03771	0.75510	0.04525	0.02143	0.00873	0.00278	0.00397	0.01945	0.00635	0.00556
27	0.02338	0.02235	0.01926	0.01697	0.04817	0.25052	0.01288	0.29576	0.18606	0.03031	0.01708	0.01727	0.01287	0.00800	0.00665	0.00202	0.00861	0.00596	0.00566	0.01021
28	0.01024	0.00804	0.00970	0.01102	0.01220	0.03903	0.00858	0.01233	0.01470	0.01880	0.03816	0.38142	0.08971	0.01941	0.00888	0.00286	0.00530	0.29744	0.00620	0.00600
29	0.00809	0.00693	0.00693	0.00693	0.00924	0.00578	0.00520	0.00982	0.01559	0.01848	0.06931	0.06584	0.71411	0.01733	0.00809	0.00231	0.00347	0.01444	0.00635	0.00578
30	0.05884	0.05700	0.01875	0.01520	0.01954	0.38048	0.01194	0.09210	0.04403	0.21313	0.01614	0.01607	0.01167	0.00754	0.00630	0.00191	0.00934	0.00530	0.00532	0.00942
31	0.01980	0.01950	0.06056	0.02715	0.20661	0.05015	0.24154	0.23613	0.02117	0.02854	0.01420	0.01696	0.01075	0.00672	0.00719	0.00212	0.00935	0.00665	0.00450	0.01039
32	0.01292	0.01216	0.02052	0.74312	0.04712	0.01520	0.01900	0.01748	0.01368	0.01748	0.01216	0.01824	0.00912	0.00684	0.00684	0.00228	0.00912	0.00608	0.00304	0.00760
33	0.01955	0.05890	0.32214	0.01684	0.02430	0.01847	0.01789	0.32345	0.04140	0.03126	0.01444	0.01547	0.01041	0.00724	0.00650	0.00203	0.00844	0.00551	0.00484	0.05090
34	0.02244	0.05107	0.02034	0.01753	0.02017	0.51616	0.01365	0.02415	0.01679	0.01665	0.01011	0.01301	0.00886	0.00835	0.01054	0.00209	0.21210	0.00481	0.00336	0.00784
35	0.01275	0.00638	0.00638	0.00638	0.00797	0.00638	0.00478	0.01594	0.01435	0.02551	0.02232	0.02551	0.01754	0.00797	0.00478	0.00159	0.00319	0.00638	0.79755	0.00638
36	0.00941	0.00702	0.00876	0.00844	0.01020	0.00638	0.00640	0.01231	0.01840	0.02521	0.54510	0.05544	0.20129	0.01492	0.00814	0.00223	0.00342	0.04340	0.00722	0.00630
37	0.02556	0.03261	0.01939	0.01763	0.02115	0.73210	0.01322	0.02732	0.01939	0.01674	0.01058	0.01234	0.00881	0.00705	0.00617	0.00176	0.01234	0.00441	0.00353	0.00793
38	0.00918	0.00697	0.00844	0.00807	0.00991	0.00624	0.00606	0.01193	0.01817	0.02459	0.50869	0.05579	0.27092	0.01505	0.00807	0.00220	0.00330	0.01303	0.00716	0.00624
39	0.00852	0.00609	0.00816	0.00974	0.01022	0.00572	0.00668	0.00985	0.01329	0.01768	0.03760	0.70736	0.04484	0.02126	0.00878	0.00280	0.00413	0.06532	0.00635	0.00561
40	0.00968	0.00699	0.00914	0.00861	0.01022	0.00646	0.00646	0.01291	0.01937	0.02743	0.71328	0.05110	0.06455	0.01399	0.00807	0.00215	0.00323	0.01237	0.00753	0.00646
41	0.01702	0.01470	0.01547	0.01392	0.01779	0.01702	0.01083	0.03635	0.70453	0.02862	0.02785	0.02553	0.02088	0.00928	0.00696	0.00232	0.00541	0.00773	0.00696	0.01083
42	0.01938	0.06035	0.01868	0.01476	0.01919	0.04063	0.03171	0.18452	0.46924	0.03062	0.02322	0.02198	0.01738	0.00866	0.00679	0.00219	0.00640	0.00704	0.00649	0.01076
43	0.01757	0.04765	0.04847	0.01430	0.01856	0.05072	0.01169	0.05306	0.59419	0.02764	0.02526	0.02356	0.01901	0.00888	0.00679	0.00224	0.00609	0.00725	0.00645	0.01060
44	0.01619	0.01833	0.03963	0.02961	0.07574	0.01724	0.65265	0.02186	0.01611	0.02194	0.01378	0.01837	0.01041	0.00579	0.00800	0.00229	0.01133	0.00796	0.00346	0.00932
45	0.00834	0.00595	0.00794	0.00953	0.00992	0.00556	0.00635	0.00953	0.01310	0.01746	0.03771	0.75510	0.04525	0.02143	0.00873	0.00278	0.00397	0.01945	0.00635	0.00556
46	0.01294	0.00778	0.00982	0.00886	0.01125	0.00693	0.00680	0.01574	0.01859	0.14430	0.45786	0.04950	0.19559	0.01376	0.00787	0.00218	0.00372	0.01188	0.00744	0.00720
47	0.01384	0.01180	0.01382	0.01010	0.01584	0.00891	0.00800	0.01677	0.01412	0.02201	0.01366	0.05768	0.01219	0.00603	0.00528	0.00112	0.00500	0.00496	0.00419	0.75467
48	0.02927	0.01252	0.01625	0.01261	0.01781	0.01154	0.01037	0.09066	0.07170	0.61137	0.02614	0.02286	0.01677	0.00851	0.00688	0.00213	0.00594	0.00688	0.00822	0.01158
49	0.00841	0.00601	0.00801	0.00947	0.00994	0.00561	0.00636	0.00972	0.01347	0.01805	0.07737	0.71377	0.04638	0.02100	0.00869	0.00274	0.00393	0.01903	0.00642	0.00561
50	0.02814	0.01349	0.01680	0.01297	0.01810	0.01299	0.01068	0.21867	0.02312	0.48933	0.06429	0.02298	0.01823	0.00872	0.00694	0.00210	0.00615	0.00700	0.00795	0.01134
51	0.01693	0.01626	0.02777	0.04199	0.71689	0.01626	0.02100	0.02100	0.01558	0.02235	0.01287	0.01693	0.01084	0.00610	0.00677	0.00203	0.00813	0.00610	0.00339	0.01084
52	0.01084	0.00755	0.00953	0.00885	0.01080	0.00703	0.00670	0.01461	0.04963	0.05889	0.58976	0.05006	0.12192	0.01384	0.00797	0.00217	0.00347	0.01211	0.00744	0.00683
53	0.00843	0.00602	0.00805	0.00963	0.01007	0.00564	0.00651	0.00969	0.01319	0.01757	0.03766	0.73141	0.04504	0.02135	0.00876	0.00279	0.00405	0.04221	0.00635	0.00558
54	0.00834	0.00595	0.00794	0.00953	0.00992	0.00556	0.00635	0.00953	0.01310	0.01746	0.03771	0.75510	0.04525	0.02143	0.00873	0.00278	0.00397	0.01945	0.00635	0.00556
55	0.00993	0.00669	0.00776	0.00776	0.00787	0.00680	0.00452	0.01014	0.01004	0.01349	0.02128	0.04324	0.02421	0.69912	0.09436	0.00700	0.00763	0.00973	0.00410	0.00431
56	0.77480	0.01336	0.01080	0.01038	0.04267	0.01539	0.00798	0.02015	0.01181	0.03035	0.00967	0.01136	0.00755	0.00634	0.00434	0.00211	0.00541	0.00380	0.00420	0.00755
57	0.00828	0.00617	0.00772	0.00896	0.00977	0.00560	0.00610	0.00959	0.01364	0.01769	0.04458	0.60518	0.19074	0.02054	0.00859	0.00268	0.00386	0.01836	0.00635	0.00560
58	0.80789	0.01323	0.01006	0.00900	0.01323	0.01535	0.00741	0.02011	0.01164	0.03070	0.00953	0.01111	0.00741	0.00635	0.00423	0.00212	0.00529	0.00370	0.00423	0.00741
59	0.63544	0.01486	0.01386	0.01158	0.01611	0.04774	0.06651	0.06184	0.01385	0.05010	0.01087	0.01247	0.00826	0.00651	0.00488	0.00211	0.00629	0.00435	0.00442	0.00797
60	0.00877	0.00682	0.00799	0.00818	0.00990	0.00605	0.00607	0.01094	0.01634	0.02120	0.26374	0.18439	0.36042	0.01708	0.00826	0.00238	0.00361	0.04518	0.00672	0.00597
61	0.00995	0.00663	0.00746	0.00746	0.00746	0.00663	0.00415	0.00995	0.00995	0.01327	0.02156	0.04477	0.02487	0.75957	0.03482	0.00663	0.00663	0.00995	0.00415	0.00415
62	0.01657	0.01551	0.01534	0.01156	0.01724	0.11212	0.00915	0.06335	0.01611	0.02288	0.01222	0.01407	0.01005	0.00555	0.00534	0.00119	0.00626	0.00424	0.00416	0.63707
63	0.00830	0.00694	0.00723	0.00716	0.00937	0.00587	0.00537	0.01024	0.01611	0.01970	0.15707	0.06383	0.62559	0.01687	0.00808	0.00229	0.00343	0.01416	0.00651	0.00587
64	0.01397	0.07547	0.68624	0.01907	0.02895	0.01650	0.02453	0.02160	0.01441	0.02136	0.01213	0.01425	0.00867	0.00646	0.00638	0.00213	0.00996	0.00498	0.00289	0.01004
65	0.02556	0.03261	0.01939	0.01763	0.02115	0.73210	0.01322	0.02732	0.01939	0.01674	0.01058	0.01234	0.00881	0.00705	0.00617	0.00176	0.01234	0.00441	0.00353	0.00793
66	0.00823	0.00694	0.00713	0.00708	0.00933	0.00584	0.00531	0.01010	0.01593	0.01929	0.12730	0.06451	0.65561	0.01703	0.00808	0.00230	0.00344	0.01425	0.00646	0.00584
67	0.00977	0.00733	0.01100	0.01100	0.01222	0.00855	0.00855	0.01222	0.01100	0.01588	0.01833	0.02688	0.01710	0.05131	0.73245	0.01100	0.01833	0.00733	0.00367	0.00611
68	0.02601	0.01916	0.02053	0.01574	0.02122	0.02122	0.01300	0.69408	0.03217	0.04312	0.01643	0.01643	0.01163	0.00821	0.00684	0.00205	0.00753	0.00616	0.00684	0.01163
69	0.03042	0.01208	0.01615	0.01238	0.01768	0.01071	0.01023	0.07213	0.02032	0.68180	0.02637	0.02288	0.01662	0.00845	0.00688	0.00211	0.00592	0.00684	0.00837	0.01164
70	0.01998	0.01746	0.01770	0.01521	0.01863	0.10847	0.01208	0.17544	0.28779	0.05992	0.02031	0.05271	0.01619	0.00973	0.00956	0.00232	0.13361	0.00715	0.00586	0.00987
71	0.01693	0.01626	0.02777	0.04199	0.71689	0.01626	0.02100	0.02100	0.01558	0.02235	0.01287	0.01693	0.01084	0.00610	0.00677	0.00203	0.00813	0.00610	0.00339	0.01084
72	0.01123	0.01004	0.00978	0.00928	0.01207	0.03529	0.00707	0.01790	0.20913	0.02126	0.05554	0.05258	0.49391	0.01470	0.00770	0.00229	0.00433	0.01219	0.00642	0.00727
73	0.80789	0.01323	0.01006	0.00900	0.01323	0.01535	0.00741	0.02011	0.01164	0.03070	0.00953	0.01111	0.00741	0.00635	0.00423	0.00212	0.00529	0.00370	0.00423	0.00741

[dist]
# distance from previous block
# <min> <max>
0	2

[block]
# block no. 6 follows, 31 sequences, length 6
# corresponding to MSA columns:
# 1179-1184
name=unknown_G
#
# <colnr> <probs for GDERKNQSTAVLIFYWHMCP>
#	G	D	E	R	K	N	Q	S	T	A	V	L	I	F	Y	W	H	M	C	P
0	0.21710	0.06749	0.01831	0.01405	0.01868	0.12125	0.03418	0.21241	0.15485	0.05403	0.01593	0.01625	0.01194	0.00756	0.00600	0.00205	0.00732	0.00553	0.00542	0.00963
1	0.01339	0.00941	0.01498	0.01208	0.01500	0.00909	0.17507	0.01722	0.01512	0.02474	0.06548	0.02544	0.01884	0.00782	0.00581	0.00181	0.00526	0.00719	0.54916	0.00709
2	0.01200	0.19417	0.01488	0.00890	0.01048	0.01190	0.00650	0.01281	0.01104	0.01425	0.01822	0.03445	0.02004	0.49569	0.10337	0.00583	0.00808	0.00811	0.00379	0.00551
3	0.13042	0.07604	0.49285	0.01717	0.02547	0.06395	0.02038	0.05905	0.01531	0.02350	0.01183	0.01372	0.00867	0.00657	0.00604	0.00208	0.00924	0.00479	0.00335	0.00958
4	0.01426	0.01427	0.02642	0.47108	0.13522	0.01586	0.18593	0.01906	0.01455	0.01924	0.01267	0.01812	0.00967	0.00647	0.00714	0.00225	0.00958	0.00658	0.00319	0.00844
5	0.00844	0.00670	0.00759	0.00788	0.00959	0.00585	0.00572	0.01032	0.01567	0.01989	0.18074	0.23379	0.42820	0.01772	0.00824	0.00240	0.00355	0.01530	0.00657	0.00585

[dist]
# distance from previous block
# <min> <max>
0	14

[block]
# block no. 7 follows, 31 sequences, length 6
# corresponding to MSA columns:
# 1199-1204
name=unknown_H
#
# <colnr> <probs for GDERKNQSTAVLIFYWHMCP>
#	G	D	E	R	K	N	Q	S	T	A	V	L	I	F	Y	W	H	M	C	P
0	0.01104	0.00865	0.01249	0.01466	0.13129	0.00825	0.00933	0.01440	0.01841	0.02596	0.53513	0.04752	0.05320	0.01306	0.00797	0.00222	0.00433	0.06819	0.00672	0.00719
1	0.02101	0.01565	0.02514	0.01910	0.02459	0.01566	0.26103	0.08521	0.21711	0.20786	0.02152	0.02158	0.01522	0.00769	0.00734	0.00224	0.00794	0.00751	0.00606	0.01052
2	0.16941	0.01266	0.01898	0.54856	0.08853	0.01530	0.01687	0.01825	0.01342	0.02043	0.01169	0.01675	0.00891	0.00669	0.00632	0.00223	0.00830	0.00561	0.00330	0.00779
3	0.00963	0.00650	0.00756	0.00787	0.00795	0.00642	0.00458	0.00987	0.01057	0.01409	0.02473	0.18434	0.02888	0.61453	0.02970	0.00588	0.00611	0.01182	0.00458	0.00442
4	0.80789	0.01323	0.01006	0.00900	0.01323	0.01535	0.00741	0.02011	0.01164	0.03070	0.00953	0.01111	0.00741	0.00635	0.00423	0.00212	0.00529	0.00370	0.00423	0.00741
5	0.01314	0.01628	0.13842	0.43371	0.03539	0.05458	0.01728	0.01786	0.01525	0.02011	0.14985	0.02371	0.01992	0.00820	0.00698	0.00221	0.00832	0.00705	0.00392	0.00782

[dist]
# distance from previous block
# <min> <max>
2	20

[block]
# block no. 8 follows, 31 sequences, length 11
# corresponding to MSA columns:
