[name]
unknown

[dist]
# distance from previous block
# <min> <max>
1	653

[block]
# block no. 0 follows, 33 sequences, length 9
# corresponding to MSA columns:
# 977-985
name=unknown_A
#
# <colnr> <probs for GDERKNQSTAVLIFYWHMCP>
#	G	D	E	R	K	N	Q	S	T	A	V	L	I	F	Y	W	H	M	C	P
0	0.58471	0.08555	0.01381	0.01044	0.01463	0.11626	0.00861	0.06227	0.01364	0.02713	0.00971	0.01116	0.00769	0.00627	0.00450	0.00193	0.00634	0.00380	0.00402	0.00757
1	0.01614	0.42947	0.21317	0.01796	0.10099	0.02127	0.07930	0.02018	0.01389	0.01805	0.01058	0.01272	0.00878	0.00581	0.00533	0.00172	0.00819	0.00452	0.00290	0.00904
2	0.00855	0.00643	0.00744	0.00785	0.00901	0.00587	0.00547	0.00992	0.01352	0.01731	0.10807	0.22928	0.29791	0.18945	0.01389	0.00332	0.00428	0.05146	0.00573	0.00524
3	0.01892	0.01542	0.01925	0.08065	0.06465	0.01707	0.06849	0.27911	0.25823	0.03071	0.01911	0.01965	0.01420	0.00781	0.00659	0.00207	0.00678	0.00659	0.05463	0.01005
4	0.01678	0.01614	0.03113	0.02483	0.08894	0.01665	0.41657	0.02095	0.01459	0.09276	0.01347	0.01734	0.01037	0.00720	0.01069	0.00233	0.17966	0.00703	0.00371	0.00887
5	0.01788	0.02050	0.09659	0.02544	0.10791	0.12283	0.40639	0.02263	0.01605	0.07819	0.01364	0.01675	0.01018	0.00604	0.00713	0.00209	0.01027	0.00668	0.00367	0.00914
6	0.01604	0.22322	0.47849	0.01609	0.02428	0.01750	0.01942	0.02172	0.01428	0.09312	0.01259	0.01391	0.00919	0.00629	0.00577	0.00190	0.00860	0.00470	0.00335	0.00955
7	0.02333	0.01567	0.01795	0.04230	0.04446	0.01693	0.01187	0.40760	0.12783	0.16407	0.01923	0.01872	0.01354	0.00797	0.00653	0.00202	0.00656	0.00628	0.03640	0.01072
8	0.02039	0.02434	0.02358	0.02120	0.10108	0.41479	0.17028	0.02335	0.01698	0.01844	0.01131	0.01390	0.00918	0.00619	0.00630	0.00176	0.01047	0.00518	0.00342	0.09787

[dist]
# distance from previous block
# <min> <max>
0	30

[block]
# block no. 1 follows, 33 sequences, length 18
# corresponding to MSA columns:
# 1016-1033
name=unknown_B
#
# <colnr> <probs for GDERKNQSTAVLIFYWHMCP>
#	G	D	E	R	K	N	Q	S	T	A	V	L	I	F	Y	W	H	M	C	P
0	0.02079	0.02566	0.01645	0.01567	0.04365	0.56245	0.01138	0.02256	0.01776	0.01666	0.02202	0.02275	0.15771	0.00881	0.00634	0.00182	0.00995	0.00631	0.00395	0.00730
1	0.01092	0.00931	0.01550	0.01369	0.01632	0.00882	0.15300	0.01429	0.01607	0.02150	0.21881	0.07814	0.10800	0.01422	0.00830	0.00251	0.00597	0.27220	0.00582	0.00661
2	0.02474	0.01438	0.06333	0.01304	0.01814	0.01307	0.01120	0.12255	0.18461	0.42600	0.02386	0.02147	0.01598	0.00817	0.00661	0.00208	0.00600	0.00661	0.00724	0.01092
3	0.02195	0.01134	0.01679	0.01311	0.01734	0.01061	0.09333	0.02457	0.01685	0.43261	0.03135	0.02965	0.16237	0.00991	0.00835	0.00217	0.07344	0.00820	0.00667	0.00939
4	0.02022	0.01604	0.02206	0.01718	0.02179	0.01746	0.15577	0.25178	0.20027	0.10240	0.01844	0.01900	0.01350	0.00807	0.00838	0.00219	0.08285	0.00675	0.00572	0.01011
5	0.02318	0.01884	0.01835	0.01474	0.01940	0.10492	0.01191	0.49816	0.12960	0.03573	0.01699	0.01698	0.01241	0.00791	0.00644	0.00196	0.00732	0.00596	0.03873	0.01045
6	0.01240	0.00965	0.01158	0.03946	0.01455	0.01017	0.00925	0.07195	0.16224	0.02311	0.12438	0.05030	0.12552	0.06378	0.00956	0.00274	0.00535	0.24064	0.00614	0.00724
7	0.01772	0.01856	0.02412	0.09104	0.50428	0.16686	0.01819	0.02166	0.03739	0.02020	0.01232	0.01573	0.01019	0.00621	0.00641	0.00193	0.00866	0.00558	0.00337	0.00960
8	0.01047	0.00835	0.01231	0.01550	0.15944	0.00801	0.00940	0.01316	0.01585	0.02207	0.32438	0.25648	0.04418	0.01433	0.00779	0.00229	0.00450	0.05867	0.00600	0.00682
9	0.01634	0.01653	0.03003	0.02755	0.20738	0.01687	0.34307	0.06494	0.10487	0.02287	0.01458	0.01786	0.01135	0.00668	0.00833	0.00219	0.06819	0.00697	0.00391	0.00948
10	0.04784	0.01510	0.01648	0.01333	0.01780	0.01639	0.01075	0.26282	0.25876	0.03043	0.01798	0.01806	0.01361	0.00780	0.00717	0.00192	0.05551	0.00592	0.00573	0.17660
11	0.01782	0.41139	0.22730	0.01455	0.02086	0.17214	0.01523	0.02140	0.01462	0.01712	0.01011	0.01177	0.00842	0.00605	0.00515	0.00166	0.00880	0.00405	0.00293	0.00864
12	0.01895	0.02071	0.16853	0.02034	0.15155	0.09468	0.01597	0.11525	0.12814	0.09981	0.01584	0.01702	0.01186	0.00762	0.00797	0.00210	0.08337	0.00581	0.00464	0.00984
13	0.00919	0.00647	0.00720	0.00720	0.00770	0.00628	0.00436	0.00963	0.01074	0.01390	0.03020	0.04667	0.16960	0.58572	0.05414	0.00567	0.00616	0.01038	0.00441	0.00438
14	0.02228	0.17469	0.02213	0.01403	0.01910	0.02080	0.01194	0.49457	0.06218	0.03409	0.01508	0.01565	0.01134	0.00946	0.04122	0.00228	0.00759	0.00556	0.00566	0.01033
15	0.02295	0.01491	0.01974	0.01953	0.16641	0.01543	0.03275	0.22768	0.11051	0.25045	0.01941	0.01911	0.01367	0.00772	0.00704	0.00206	0.02730	0.00637	0.00620	0.01076
16	0.01445	0.12914	0.49064	0.01664	0.02457	0.01696	0.01967	0.02364	0.15994	0.02152	0.01458	0.01567	0.01080	0.00673	0.00607	0.00202	0.00843	0.00522	0.00360	0.00970
17	0.01813	0.01955	0.02549	0.05989	0.46978	0.19481	0.07570	0.02165	0.01587	0.01997	0.01189	0.01537	0.00985	0.00609	0.00648	0.00192	0.00913	0.00562	0.00329	0.00949

[dist]
# distance from previous block
# <min> <max>
0	1

[block]
# block no. 2 follows, 33 sequences, length 14
# corresponding to MSA columns:
# 1035-1048
name=unknown_C
#
# <colnr> <probs for GDERKNQSTAVLIFYWHMCP>
#	G	D	E	R	K	N	Q	S	T	A	V	L	I	F	Y	W	H	M	C	P
0	0.02755	0.01213	0.01862	0.01399	0.01931	0.01067	0.10823	0.03052	0.01837	0.63115	0.02418	0.02175	0.01540	0.00778	0.00678	0.00206	0.00638	0.00678	0.00746	0.01087
1	0.01220	0.00951	0.01108	0.04232	0.01421	0.00961	0.00875	0.12913	0.05449	0.02325	0.08226	0.05361	0.30781	0.01460	0.00784	0.00240	0.00507	0.19871	0.00614	0.00701
2	0.02276	0.01952	0.20349	0.01734	0.09192	0.01465	0.01529	0.21138	0.02048	0.28921	0.01819	0.01780	0.01226	0.00736	0.00651	0.00202	0.00734	0.00590	0.00585	0.01074
3	0.02337	0.01492	0.02417	0.01794	0.02336	0.01452	0.24059	0.15810	0.01971	0.33176	0.01906	0.01924	0.01289	0.00738	0.00764	0.00212	0.04012	0.00683	0.00602	0.01026
4	0.02226	0.01885	0.05611	0.01913	0.02477	0.11861	0.25667	0.16419	0.01990	0.20751	0.01657	0.01755	0.01157	0.00690	0.00691	0.00204	0.00895	0.00647	0.00522	0.00981
5	0.01561	0.01755	0.03763	0.02901	0.10375	0.01655	0.63529	0.02100	0.01548	0.02113	0.01322	0.01761	0.01003	0.00558	0.00764	0.00219	0.01077	0.00758	0.00332	0.00903
6	0.01654	0.01622	0.03371	0.12907	0.03415	0.01564	0.53500	0.02161	0.01554	0.09356	0.01439	0.01821	0.01046	0.00596	0.00748	0.00220	0.01020	0.00738	0.00377	0.00890
7	0.01656	0.01428	0.02112	0.41555	0.17248	0.01638	0.01711	0.20193	0.01829	0.02435	0.01293	0.01684	0.00975	0.00680	0.00657	0.00209	0.00818	0.00587	0.00397	0.00896
8	0.01554	0.01776	0.03885	0.02775	0.03441	0.01665	0.70366	0.02109	0.01554	0.02109	0.01332	0.01776	0.00999	0.00555	0.00777	0.00222	0.01110	0.00777	0.00333	0.00888
9	0.01556	0.01321	0.01428	0.01322	0.01662	0.01513	0.01045	0.03195	0.61619	0.02643	0.02794	0.03162	0.02262	0.01025	0.00704	0.00235	0.00533	0.10342	0.00661	0.00980
10	0.01004	0.00771	0.01056	0.01178	0.08193	0.00727	0.00796	0.01297	0.01716	0.02376	0.47887	0.05014	0.11578	0.04088	0.00874	0.00235	0.00409	0.09506	0.00647	0.00647
11	0.01644	0.01395	0.01480	0.01320	0.01688	0.01601	0.01029	0.07000	0.63890	0.02823	0.06593	0.02549	0.02201	0.00913	0.00675	0.00221	0.00520	0.00762	0.00672	0.01022
12	0.02547	0.01567	0.01779	0.01386	0.01890	0.01656	0.01138	0.41685	0.10468	0.25813	0.02026	0.01888	0.01382	0.00810	0.00661	0.00202	0.00649	0.00632	0.00709	0.01111
13	0.02324	0.01926	0.01824	0.01488	0.01947	0.14001	0.01193	0.40559	0.18229	0.07021	0.01787	0.01746	0.01301	0.00796	0.00650	0.00199	0.00748	0.00602	0.00616	0.01042

[dist]
# distance from previous block
# <min> <max>
0	1

[block]
# block no. 3 follows, 33 sequences, length 10
# corresponding to MSA columns:
# 1050-1059
name=unknown_D
#
# <colnr> <probs for GDERKNQSTAVLIFYWHMCP>
#	G	D	E	R	K	N	Q	S	T	A	V	L	I	F	Y	W	H	M	C	P
0	0.73812	0.01329	0.01066	0.00929	0.01348	0.01532	0.00765	0.08625	0.01313	0.03070	0.00981	0.01119	0.00753	0.00629	0.00432	0.00203	0.00530	0.00380	0.00432	0.00753
1	0.00860	0.00672	0.00789	0.00821	0.00995	0.00600	0.00631	0.01074	0.01552	0.01983	0.19898	0.14772	0.38694	0.01671	0.00807	0.00238	0.00379	0.12354	0.00635	0.00575
2	0.00930	0.00668	0.00847	0.00847	0.00919	0.00702	0.00579	0.01042	0.01060	0.01435	0.02483	0.03860	0.10222	0.39611	0.31184	0.00757	0.01049	0.00907	0.00405	0.00492
3	0.02418	0.02764	0.01865	0.01637	0.02017	0.54840	0.01254	0.16718	0.06411	0.02206	0.01236	0.01347	0.00976	0.00715	0.00612	0.00179	0.01051	0.00479	0.00426	0.00854
4	0.01509	0.01772	0.10289	0.09303	0.02793	0.01777	0.27984	0.05525	0.01399	0.01985	0.01145	0.01602	0.00928	0.00800	0.01241	0.00243	0.27902	0.00645	0.00324	0.00834
5	0.01392	0.02952	0.55311	0.02301	0.13556	0.01549	0.09562	0.02078	0.01424	0.02097	0.01206	0.01467	0.00883	0.00612	0.00645	0.00208	0.00958	0.00532	0.00291	0.00975
6	0.01645	0.01957	0.14499	0.03043	0.39240	0.04282	0.08369	0.07058	0.01565	0.02203	0.01215	0.01563	0.00983	0.00668	0.00817	0.00209	0.08783	0.00581	0.00339	0.00978
7	0.01512	0.01418	0.01914	0.01761	0.06908	0.01834	0.01360	0.08931	0.03973	0.01960	0.01582	0.01968	0.07681	0.01111	0.01704	0.00263	0.52302	0.00661	0.00375	0.00783
8	0.01588	0.01228	0.01455	0.01264	0.01541	0.01364	0.01034	0.25191	0.05811	0.02864	0.19707	0.03691	0.06899	0.01204	0.00933	0.00232	0.10346	0.12209	0.00616	0.00821
9	0.02238	0.01567	0.01756	0.01401	0.01842	0.01726	0.01143	0.41276	0.14386	0.12721	0.07071	0.02054	0.01698	0.00872	0.00755	0.00209	0.04902	0.00671	0.00665	0.01047

[dist]
# distance from previous block
# <min> <max>
28	58

[block]
# block no. 4 follows, 33 sequences, length 14
# corresponding to MSA columns:
# 1127-1140
name=unknown_E
#
# <colnr> <probs for GDERKNQSTAVLIFYWHMCP>
#	G	D	E	R	K	N	Q	S	T	A	V	L	I	F	Y	W	H	M	C	P
0	0.12665	0.15796	0.22934	0.01822	0.14114	0.05479	0.01561	0.04250	0.01492	0.05670	0.04645	0.01710	0.03832	0.00695	0.00577	0.00191	0.00756	0.00536	0.00380	0.00895
1	0.05405	0.12607	0.06417	0.01122	0.01405	0.01065	0.05335	0.01404	0.01345	0.05308	0.02973	0.41118	0.09065	0.01465	0.00721	0.00231	0.00530	0.01292	0.00519	0.00675
2	0.01404	0.15656	0.05154	0.01212	0.03190	0.03067	0.00996	0.05283	0.06616	0.06469	0.07080	0.25656	0.05161	0.01298	0.00746	0.00223	0.02847	0.06650	0.00535	0.00756
3	0.01829	0.18352	0.01821	0.01188	0.01515	0.19856	0.00937	0.09224	0.03774	0.06897	0.01848	0.02439	0.05922	0.20214	0.01286	0.00293	0.00772	0.00651	0.00437	0.00747
4	0.01137	0.01055	0.04826	0.01194	0.01489	0.00908	0.06622	0.01577	0.09676	0.01960	0.02689	0.28496	0.04562	0.06646	0.00920	0.00252	0.00551	0.08932	0.00521	0.15989
5	0.09279	0.06652	0.01945	0.01794	0.13961	0.11562	0.01240	0.21885	0.09823	0.02753	0.01409	0.01524	0.01095	0.00679	0.00588	0.00180	0.00721	0.00521	0.00475	0.11914
6	0.00964	0.00628	0.00759	0.00810	0.00858	0.00603	0.00512	0.01038	0.01151	0.03997	0.02925	0.33972	0.06041	0.37695	0.02018	0.00437	0.00506	0.01330	0.03262	0.00494
7	0.01643	0.39793	0.34176	0.01460	0.02200	0.02025	0.01692	0.02101	0.01396	0.06415	0.01141	0.01280	0.00891	0.00607	0.00527	0.00175	0.00813	0.00431	0.00314	0.00919
8	0.01760	0.77260	0.03450	0.01126	0.01690	0.02605	0.01126	0.01971	0.01338	0.01549	0.00915	0.01056	0.00845	0.00563	0.00422	0.00141	0.00704	0.00352	0.00282	0.00845
9	0.00813	0.00577	0.00761	0.00903	0.00938	0.00542	0.00596	0.00919	0.01239	0.01653	0.03521	0.71440	0.04218	0.07241	0.01014	0.00293	0.00400	0.01808	0.00596	0.00525
10	0.01486	0.21950	0.40766	0.01850	0.09484	0.04300	0.01919	0.02018	0.01413	0.01930	0.01275	0.01746	0.01066	0.00691	0.00595	0.00195	0.00866	0.05228	0.00309	0.00914
11	0.04251	0.01449	0.02033	0.17476	0.10046	0.05591	0.10989	0.15928	0.01763	0.04553	0.01678	0.11577	0.01480	0.00874	0.00722	0.00214	0.03073	0.00771	0.04685	0.00847
12	0.00800	0.00579	0.00757	0.00899	0.00950	0.00536	0.00603	0.00919	0.01277	0.01687	0.03838	0.71610	0.09043	0.02035	0.00836	0.00264	0.00379	0.01838	0.00611	0.00536
13	0.07575	0.05223	0.01634	0.02842	0.01728	0.08988	0.01036	0.30052	0.09247	0.06814	0.04929	0.01893	0.01482	0.00786	0.00600	0.00189	0.00647	0.00597	0.12809	0.00926

[dist]
# distance from previous block
# <min> <max>
0	3

[block]
# block no. 5 follows, 33 sequences, length 24
# corresponding to MSA columns:
# 1144-1167
name=unknown_F
#
# <colnr> <probs for GDERKNQSTAVLIFYWHMCP>
#	G	D	E	R	K	N	Q	S	T	A	V	L	I	F	Y	W	H	M	C	P
0	0.13796	0.06350	0.01879	0.01691	0.07479	0.41358	0.01229	0.11483	0.05017	0.02233	0.01165	0.01308	0.00932	0.00680	0.00574	0.00181	0.00940	0.00460	0.00402	0.00842
1	0.01647	0.01564	0.02361	0.01767	0.02308	0.07358	0.27179	0.02223	0.10306	0.07048	0.05211	0.01887	0.01420	0.00647	0.00656	0.00179	0.00781	0.00644	0.00446	0.24368
2	0.01508	0.01831	0.15374	0.06236	0.11943	0.01500	0.28194	0.04821	0.01550	0.04448	0.04213	0.04907	0.01454	0.00778	0.00800	0.00223	0.04792	0.04157	0.00386	0.00886
3	0.01631	0.43254	0.28436	0.01569	0.05647	0.05805	0.01646	0.02048	0.01391	0.01774	0.01032	0.01211	0.00851	0.00593	0.00515	0.00169	0.00829	0.00416	0.00285	0.00896
4	0.00869	0.00670	0.00793	0.00762	0.00945	0.00594	0.00572	0.01121	0.01715	0.02288	0.45543	0.05497	0.33299	0.01477	0.00777	0.00213	0.00320	0.01272	0.00678	0.00594
5	0.01413	0.24128	0.47564	0.01577	0.02365	0.01759	0.01911	0.01983	0.01414	0.01979	0.07025	0.01588	0.01284	0.00668	0.00580	0.00189	0.00842	0.00507	0.00316	0.00907
6	0.01546	0.01439	0.02080	0.28276	0.08821	0.07042	0.11447	0.11781	0.01676	0.02186	0.01642	0.08985	0.01456	0.00855	0.00691	0.00217	0.00819	0.04285	0.03947	0.00809
7	0.02723	0.01126	0.01491	0.01170	0.01648	0.01015	0.00957	0.03137	0.08644	0.62792	0.06152	0.02398	0.01899	0.00849	0.00669	0.00206	0.00544	0.00697	0.00796	0.01087
8	0.00842	0.00735	0.00826	0.03958	0.04781	0.00646	0.00635	0.01032	0.01493	0.01794	0.06157	0.05900	0.65783	0.01569	0.00766	0.00221	0.00380	0.01314	0.00583	0.00588
9	0.01781	0.01489	0.02019	0.05285	0.02104	0.08864	0.14410	0.08712	0.03051	0.13103	0.06165	0.07494	0.04457	0.00996	0.00970	0.00229	0.13694	0.03840	0.00502	0.00834
10	0.01629	0.01564	0.02672	0.04041	0.72757	0.01564	0.02020	0.02020	0.01499	0.02151	0.01238	0.01629	0.01043	0.00587	0.00652	0.00196	0.00782	0.00587	0.00326	0.01043
11	0.00940	0.00705	0.01058	0.01058	0.01176	0.00823	0.00823	0.01176	0.01058	0.01528	0.01763	0.02586	0.01646	0.04937	0.74255	0.01058	0.01763	0.00705	0.00353	0.00588
12	0.02386	0.01664	0.01805	0.01408	0.01895	0.01819	0.01155	0.55256	0.07597	0.09667	0.01783	0.01760	0.01265	0.00798	0.00645	0.00197	0.00666	0.00610	0.06547	0.01077
13	0.08016	0.01889	0.04573	0.01668	0.05194	0.14864	0.06484	0.18646	0.14692	0.08556	0.01667	0.01826	0.01269	0.00790	0.00734	0.00208	0.05261	0.02198	0.00519	0.00948
14	0.01123	0.00943	0.01436	0.09289	0.01703	0.01078	0.06676	0.01355	0.01221	0.01724	0.06842	0.08232	0.02186	0.15496	0.16118	0.00479	0.13361	0.05862	0.04257	0.00618
15	0.00867	0.00616	0.00817	0.00942	0.01004	0.00586	0.00667	0.01017	0.01322	0.01767	0.08696	0.53792	0.04240	0.08184	0.01055	0.00299	0.00434	0.12550	0.00601	0.00542
16	0.01837	0.32879	0.05782	0.01449	0.01932	0.12618	0.06450	0.02468	0.17476	0.05144	0.01450	0.01537	0.01159	0.00698	0.00637	0.00183	0.04486	0.00515	0.00407	0.00893
17	0.06097	0.05671	0.05725	0.01772	0.10111	0.10513	0.02735	0.24600	0.02051	0.12123	0.03103	0.01757	0.01245	0.00789	0.00765	0.00204	0.07248	0.02017	0.00512	0.00964
18	0.01248	0.00859	0.00989	0.00913	0.01059	0.00905	0.00647	0.13471	0.01478	0.02067	0.05315	0.07339	0.04256	0.33504	0.12989	0.00513	0.00747	0.00885	0.10210	0.00604
19	0.00879	0.00668	0.00791	0.00762	0.00928	0.00599	0.00560	0.01113	0.01659	0.02220	0.43167	0.05372	0.29484	0.07736	0.00991	0.00248	0.00346	0.01242	0.00657	0.00579
20	0.01655	0.05159	0.14880	0.13386	0.15895	0.07190	0.15144	0.08633	0.07476	0.02233	0.01359	0.01642	0.01038	0.00649	0.00661	0.00205	0.00894	0.00598	0.00373	0.00931
21	0.01772	0.01509	0.01720	0.13397	0.02197	0.10750	0.06393	0.18401	0.05586	0.04707	0.01924	0.02288	0.04849	0.00842	0.00698	0.00202	0.03513	0.03671	0.14748	0.00833
22	0.00799	0.00583	0.00753	0.00889	0.00948	0.00537	0.00599	0.00920	0.01287	0.01691	0.03959	0.68809	0.11766	0.02019	0.00834	0.00262	0.00377	0.01819	0.00611	0.00537
23	0.01572	0.01581	0.04820	0.15847	0.26987	0.01574	0.22861	0.02132	0.06796	0.04726	0.01401	0.01769	0.01083	0.00641	0.00741	0.00214	0.03305	0.00656	0.00364	0.00930

[dist]
# distance from previous block
# <min> <max>
0	36

[block]
# block no. 6 follows, 33 sequences, length 51
# corresponding to MSA columns:
# 1204-1254
name=unknown_G
#
# <colnr> <probs for GDERKNQSTAVLIFYWHMCP>
#	G	D	E	R	K	N	Q	S	T	A	V	L	I	F	Y	W	H	M	C	P
0	0.12964	0.03425	0.01389	0.01305	0.05609	0.11001	0.00970	0.11128	0.01742	0.05960	0.10006	0.10456	0.08386	0.01118	0.00676	0.00214	0.00616	0.09437	0.00542	0.03057
1	0.15242	0.03922	0.05481	0.06456	0.24589	0.01497	0.03255	0.07391	0.07170	0.08214	0.01414	0.01600	0.01083	0.00643	0.00591	0.00190	0.00682	0.00538	0.00434	0.09607
2	0.01712	0.04478	0.11783	0.05222	0.36955	0.14934	0.05822	0.02175	0.04458	0.02026	0.01312	0.01724	0.01090	0.00659	0.00646	0.00197	0.00885	0.02637	0.00343	0.00944
3	0.02429	0.01397	0.07801	0.01527	0.08749	0.01168	0.01198	0.06206	0.08158	0.46419	0.06210	0.02245	0.01770	0.00812	0.00665	0.00205	0.00608	0.00673	0.00695	0.01065
4	0.01585	0.01282	0.01512	0.01130	0.01658	0.01140	0.03420	0.14476	0.05537	0.02574	0.01419	0.01574	0.01121	0.00592	0.00537	0.00132	0.00540	0.00480	0.07379	0.51910
5	0.01378	0.01347	0.03403	0.01729	0.12174	0.09270	0.07947	0.06316	0.05267	0.02142	0.10703	0.26244	0.05015	0.01252	0.00744	0.00225	0.00645	0.02916	0.00522	0.00760
6	0.01022	0.00758	0.01001	0.01009	0.01120	0.00801	0.00760	0.01197	0.01333	0.04969	0.09808	0.30559	0.14598	0.04148	0.10290	0.00366	0.09881	0.05223	0.00552	0.00602
7	0.00821	0.00581	0.00758	0.00892	0.00926	0.00548	0.00585	0.00922	0.01223	0.01631	0.03436	0.67512	0.04112	0.11316	0.01151	0.00313	0.00414	0.01758	0.00585	0.00518
8	0.02038	0.18931	0.14613	0.01608	0.02112	0.39469	0.03166	0.04431	0.01687	0.01784	0.01142	0.01455	0.00967	0.00688	0.00581	0.00177	0.01008	0.02981	0.00336	0.00825
9	0.01424	0.01409	0.04428	0.34181	0.34371	0.01498	0.01866	0.01876	0.03286	0.01941	0.01337	0.01953	0.01110	0.00697	0.00707	0.00214	0.02867	0.03626	0.00331	0.00879
10	0.00849	0.00661	0.00776	0.00798	0.00967	0.00588	0.00600	0.01059	0.01565	0.02021	0.24338	0.17258	0.37160	0.01653	0.00799	0.00232	0.00358	0.07101	0.00643	0.00575
11	0.02461	0.03091	0.01870	0.01689	0.02035	0.71631	0.01271	0.05067	0.01910	0.01702	0.01038	0.01201	0.00858	0.00682	0.00596	0.00171	0.01171	0.00430	0.00351	0.00776
12	0.01448	0.22947	0.51695	0.01718	0.02568	0.01821	0.05176	0.02056	0.01383	0.01944	0.01118	0.01319	0.00844	0.00606	0.00578	0.00191	0.00908	0.00464	0.00281	0.00935
13	0.00896	0.00694	0.00831	0.00861	0.01047	0.00629	0.00689	0.01137	0.01594	0.02044	0.21882	0.06297	0.36760	0.01631	0.00815	0.00241	0.00405	0.20323	0.00638	0.00586
14	0.00870	0.00686	0.00791	0.00840	0.01021	0.00616	0.00662	0.01070	0.01484	0.01839	0.07911	0.10673	0.44491	0.04462	0.00912	0.00262	0.00422	0.19818	0.00606	0.00565
15	0.01336	0.01256	0.02159	0.59856	0.06766	0.01482	0.09003	0.04275	0.01416	0.01860	0.01236	0.01768	0.00931	0.00653	0.00664	0.00216	0.00875	0.00607	0.02870	0.00770
16	0.01458	0.01390	0.02363	0.35608	0.42528	0.01519	0.01935	0.01870	0.01418	0.01943	0.01208	0.01685	0.00970	0.00618	0.00655	0.00206	0.00824	0.00586	0.00311	0.00905
17	0.02954	0.01120	0.01528	0.01171	0.01681	0.00968	0.00968	0.03208	0.01884	0.73213	0.02597	0.02241	0.01630	0.00815	0.00662	0.00204	0.00560	0.00662	0.00815	0.01120
18	0.01144	0.00572	0.00858	0.00858	0.00858	0.00572	0.00572	0.00858	0.00858	0.01144	0.01144	0.02001	0.01144	0.02287	0.02573	0.80846	0.00572	0.00572	0.00286	0.00286
19	0.02865	0.01247	0.04814	0.01214	0.01745	0.01027	0.01043	0.05296	0.01900	0.67784	0.02501	0.02181	0.01577	0.00805	0.00660	0.00204	0.00584	0.00652	0.00785	0.01114
20	0.00932	0.00673	0.00880	0.00828	0.00984	0.00621	0.00621	0.01242	0.01863	0.02640	0.72410	0.04918	0.06212	0.01346	0.00776	0.00207	0.00311	0.01191	0.00725	0.00621
21	0.01365	0.01170	0.01365	0.00975	0.01560	0.00878	0.00780	0.01658	0.01365	0.02145	0.01170	0.01365	0.00975	0.00488	0.00488	0.00098	0.00488	0.00390	0.00390	0.80888
22	0.01637	0.01414	0.01489	0.01340	0.01712	0.01637	0.01042	0.03498	0.71568	0.02754	0.02679	0.02456	0.02010	0.00893	0.00670	0.00223	0.00521	0.00744	0.00670	0.01042
23	0.01254	0.01170	0.01657	0.01481	0.01518	0.01574	0.01208	0.01423	0.01038	0.01573	0.01294	0.06160	0.01301	0.02335	0.23599	0.00517	0.49211	0.00690	0.00326	0.00670
24	0.81514	0.01273	0.00968	0.00866	0.01273	0.01477	0.00713	0.01935	0.01120	0.02954	0.00917	0.01069	0.00713	0.00611	0.00407	0.00204	0.00509	0.00356	0.00407	0.00713
25	0.01440	0.01440	0.02016	0.01728	0.01728	0.02016	0.01440	0.01584	0.01008	0.01584	0.00864	0.01440	0.00864	0.01152	0.02160	0.00288	0.75659	0.00576	0.00288	0.00720
26	0.01396	0.06309	0.64775	0.01798	0.02709	0.01566	0.02265	0.02186	0.05331	0.03817	0.01288	0.01456	0.00919	0.00642	0.00620	0.00206	0.00926	0.00500	0.00313	0.00975
27	0.00802	0.00573	0.00764	0.00917	0.00955	0.00535	0.00611	0.00917	0.01260	0.01681	0.03628	0.76434	0.04354	0.02062	0.00840	0.00267	0.00382	0.01872	0.00611	0.00535
28	0.81514	0.01273	0.00968	0.00866	0.01273	0.01477	0.00713	0.01935	0.01120	0.02954	0.00917	0.01069	0.00713	0.00611	0.00407	0.00204	0.00509	0.00356	0.00407	0.00713
29	0.01330	0.00843	0.01208	0.01126	0.01312	0.00947	0.00891	0.01623	0.03793	0.13500	0.01883	0.02457	0.01611	0.03882	0.55093	0.00840	0.05831	0.00692	0.00437	0.00701
30	0.02251	0.01760	0.05316	0.01464	0.01971	0.01839	0.01236	0.45279	0.20663	0.08367	0.01915	0.01843	0.01371	0.00811	0.00660	0.00205	0.00673	0.00631	0.00653	0.01092
31	0.00802	0.00573	0.00764	0.00917	0.00955	0.00535	0.00611	0.00917	0.01260	0.01681	0.03628	0.76434	0.04354	0.02062	0.00840	0.00267	0.00382	0.01872	0.00611	0.00535
32	0.01227	0.00614	0.00614	0.00614	0.00767	0.00614	0.00460	0.01534	0.01381	0.02454	0.02148	0.02454	0.01687	0.00767	0.00460	0.00153	0.00307	0.00614	0.80518	0.00614
33	0.02301	0.14751	0.02094	0.01585	0.01962	0.58666	0.01236	0.02576	0.05851	0.01668	0.01098	0.01241	0.00915	0.00673	0.00571	0.00168	0.01072	0.00431	0.00349	0.00792
34	0.02047	0.01574	0.07424	0.01371	0.01848	0.01536	0.01170	0.13582	0.39333	0.19139	0.02371	0.02186	0.01690	0.00838	0.00663	0.00214	0.00598	0.00681	0.00670	0.01066
35	0.00815	0.00582	0.00778	0.00931	0.00975	0.00546	0.00633	0.00939	0.01273	0.01695	0.03621	0.73058	0.04326	0.02051	0.00844	0.00269	0.00393	0.05123	0.00611	0.00538
36	0.01275	0.01202	0.02031	0.69489	0.10082	0.01471	0.01844	0.01710	0.01331	0.01720	0.01176	0.01745	0.00891	0.00652	0.00658	0.00217	0.00870	0.00585	0.00295	0.00757
37	0.04755	0.01890	0.02128	0.02206	0.18761	0.18876	0.09381	0.06977	0.19079	0.04338	0.01680	0.04116	0.01346	0.00748	0.00655	0.00202	0.00819	0.00644	0.00463	0.00937
38	0.01759	0.01427	0.01522	0.18322	0.02215	0.09094	0.01137	0.21464	0.07871	0.02693	0.01686	0.01910	0.01277	0.00750	0.00594	0.00189	0.00669	0.00592	0.23991	0.00837
39	0.81514	0.01273	0.00968	0.00866	0.01273	0.01477	0.00713	0.01935	0.01120	0.02954	0.00917	0.01069	0.00713	0.00611	0.00407	0.00204	0.00509	0.00356	0.00407	0.00713
40	0.74210	0.01210	0.00949	0.00870	0.01244	0.01392	0.00704	0.01843	0.01133	0.02838	0.01162	0.07890	0.01042	0.00742	0.00447	0.00209	0.00498	0.00494	0.00426	0.00697
41	0.00802	0.00573	0.00764	0.00917	0.00955	0.00535	0.00611	0.00917	0.01260	0.01681	0.03628	0.76434	0.04354	0.02062	0.00840	0.00267	0.00382	0.01872	0.00611	0.00535
42	0.01734	0.72949	0.07536	0.01170	0.01757	0.02542	0.01203	0.01978	0.01341	0.01580	0.00931	0.01076	0.00844	0.00567	0.00434	0.00145	0.00720	0.00360	0.00281	0.00852
43	0.00793	0.00607	0.00729	0.00827	0.00931	0.00542	0.00571	0.00927	0.01347	0.01716	0.04723	0.51204	0.28878	0.01920	0.00818	0.00251	0.00364	0.01698	0.00611	0.00542
44	0.00797	0.00594	0.00743	0.00862	0.00940	0.00539	0.00587	0.00923	0.01313	0.01702	0.04298	0.60996	0.19360	0.01975	0.00827	0.00257	0.00371	0.01765	0.00611	0.00539
45	0.01015	0.00741	0.00997	0.01118	0.01280	0.00723	0.00962	0.01299	0.01528	0.01971	0.06807	0.07166	0.13726	0.01777	0.00885	0.00288	0.00555	0.55951	0.00612	0.00600
46	0.01974	0.01456	0.03902	0.11902	0.13326	0.01486	0.06107	0.14099	0.11994	0.18330	0.01833	0.02015	0.01353	0.04211	0.00831	0.00230	0.02780	0.00654	0.00539	0.00980
47	0.02415	0.03002	0.01877	0.01689	0.02022	0.67698	0.01279	0.05629	0.01882	0.01724	0.01036	0.01216	0.00861	0.00705	0.00668	0.00176	0.04554	0.00438	0.00351	0.00777
48	0.01227	0.00614	0.00614	0.00614	0.00767	0.00614	0.00460	0.01534	0.01381	0.02454	0.02148	0.02454	0.01687	0.00767	0.00460	0.00153	0.00307	0.00614	0.80518	0.00614
49	0.00954	0.00743	0.00880	0.00876	0.01054	0.00712	0.00654	0.01371	0.09778	0.02219	0.31157	0.17973	0.23320	0.01529	0.00781	0.00228	0.00366	0.04106	0.00662	0.00636
50	0.02020	0.14787	0.11186	0.01879	0.11867	0.09135	0.08756	0.02370	0.01591	0.21703	0.03073	0.01734	0.01244	0.00813	0.02768	0.00218	0.02878	0.00574	0.00459	0.00945

[dist]
# distance from previous block
# <min> <max>
0	3

[block]
# block no. 7 follows, 33 sequences, length 38
# corresponding to MSA columns:
# 1258-1295
name=unknown_H
#
# <colnr> <probs for GDERKNQSTAVLIFYWHMCP>
#	G	D	E	R	K	N	Q	S	T	A	V	L	I	F	Y	W	H	M	C	P
0	0.06480	0.07989	0.02062	0.04539	0.14603	0.05668	0.05056	0.14152	0.01698	0.02372	0.01494	0.04274	0.01346	0.00833	0.00770	0.00201	0.07549	0.07280	0.00428	0.11205
1	0.01554	0.25213	0.30005	0.09279	0.11266	0.01841	0.05627	0.02042	0.01406	0.04350	0.01164	0.01405	0.00904	0.00608	0.00580	0.00188	0.00852	0.00490	0.00308	0.00919
2	0.00816	0.00594	0.00769	0.00881	0.00952	0.00547	0.00601	0.00959	0.01358	0.01808	0.12365	0.60717	0.11334	0.01935	0.00826	0.00255	0.00368	0.01740	0.00625	0.00547
3	0.01565	0.01745	0.03710	0.02957	0.13438	0.01650	0.60509	0.02096	0.01546	0.02115	0.01318	0.01755	0.01005	0.00560	0.00759	0.00218	0.01063	0.00749	0.00332	0.00910
4	0.00949	0.00642	0.00728	0.00728	0.00742	0.00641	0.00419	0.00965	0.00986	0.01308	0.02270	0.04337	0.05529	0.70874	0.05794	0.00635	0.00665	0.00968	0.00407	0.00413
5	0.02425	0.01732	0.01869	0.01443	0.01939	0.01902	0.01184	0.63145	0.02916	0.06788	0.01658	0.01728	0.01202	0.03313	0.00741	0.00211	0.00700	0.00608	0.03416	0.01078
6	0.02503	0.01844	0.01976	0.01515	0.02042	0.02042	0.01251	0.70562	0.03095	0.04149	0.01581	0.01581	0.01120	0.00790	0.00659	0.00198	0.00724	0.00593	0.00659	0.01120
7	0.02954	0.01120	0.01528	0.01171	0.01681	0.00968	0.00968	0.03208	0.01884	0.73213	0.02597	0.02241	0.01630	0.00815	0.00662	0.00204	0.00560	0.00662	0.00815	0.01120
8	0.01418	0.01374	0.02410	0.41759	0.30310	0.01519	0.08049	0.01849	0.01407	0.01898	0.01210	0.01709	0.00951	0.00622	0.00666	0.00211	0.00862	0.00603	0.00309	0.00863
9	0.00802	0.00573	0.00764	0.00917	0.00955	0.00535	0.00611	0.00917	0.01260	0.01681	0.03628	0.76434	0.04354	0.02062	0.00840	0.00267	0.00382	0.01872	0.00611	0.00535
10	0.00802	0.00573	0.00764	0.00917	0.00955	0.00535	0.00611	0.00917	0.01260	0.01681	0.03628	0.76434	0.04354	0.02062	0.00840	0.00267	0.00382	0.01872	0.00611	0.00535
11	0.01320	0.03405	0.73453	0.01876	0.02849	0.01529	0.02432	0.02085	0.01390	0.02085	0.01181	0.01390	0.00834	0.00625	0.00625	0.00208	0.00973	0.00486	0.00278	0.00973
12	0.01554	0.01776	0.03885	0.02775	0.03441	0.01665	0.70366	0.02109	0.01554	0.02109	0.01332	0.01776	0.00999	0.00555	0.00777	0.00222	0.01110	0.00777	0.00333	0.00888
13	0.01227	0.00614	0.00614	0.00614	0.00767	0.00614	0.00460	0.01534	0.01381	0.02454	0.02148	0.02454	0.01687	0.00767	0.00460	0.00153	0.00307	0.00614	0.80518	0.00614
14	0.00802	0.00573	0.00764	0.00917	0.00955	0.00535	0.00611	0.00917	0.01260	0.01681	0.03628	0.76434	0.04354	0.02062	0.00840	0.00267	0.00382	0.01872	0.00611	0.00535
15	0.01637	0.01414	0.01489	0.01340	0.01712	0.01637	0.01042	0.03498	0.71568	0.02754	0.02679	0.02456	0.02010	0.00893	0.00670	0.00223	0.00521	0.00744	0.00670	0.01042
16	0.01748	0.01513	0.01515	0.01355	0.01731	0.06297	0.01054	0.03429	0.63998	0.05782	0.02568	0.02365	0.01918	0.00876	0.00665	0.00219	0.00566	0.00720	0.00655	0.01027
17	0.01349	0.08176	0.68931	0.01828	0.02774	0.01598	0.02348	0.02078	0.01387	0.02050	0.01164	0.01368	0.00835	0.00621	0.00612	0.00204	0.00956	0.00478	0.00278	0.00965
18	0.02459	0.03138	0.01866	0.01696	0.02035	0.74221	0.01272	0.02629	0.01866	0.01611	0.01018	0.01187	0.00848	0.00678	0.00594	0.00170	0.01187	0.00424	0.00339	0.00763
19	0.01243	0.01170	0.01975	0.75282	0.04534	0.01463	0.01828	0.01682	0.01316	0.01682	0.01170	0.01755	0.00878	0.00658	0.00658	0.00219	0.00878	0.00585	0.00293	0.00731
20	0.02557	0.03985	0.04942	0.01417	0.05791	0.01268	0.01135	0.09412	0.10634	0.48224	0.02313	0.02092	0.01533	0.00792	0.00652	0.00203	0.00607	0.00643	0.00712	0.01090
21	0.01420	0.01411	0.01978	0.01701	0.01706	0.01968	0.01415	0.01568	0.01010	0.01582	0.00901	0.01487	0.00896	0.01305	0.05077	0.00319	0.72670	0.00581	0.00291	0.00715
22	0.00932	0.00673	0.00880	0.00828	0.00984	0.00621	0.00621	0.01242	0.01863	0.02640	0.72410	0.04918	0.06212	0.01346	0.00776	0.00207	0.00311	0.01191	0.00725	0.00621
23	0.00932	0.00673	0.00880	0.00828	0.00984	0.00621	0.00621	0.01242	0.01863	0.02640	0.72410	0.04918	0.06212	0.01346	0.00776	0.00207	0.00311	0.01191	0.00725	0.00621
24	0.01611	0.17090	0.41703	0.01914	0.08593	0.04645	0.05963	0.02163	0.01454	0.07193	0.01242	0.01424	0.00923	0.00622	0.00599	0.00193	0.00891	0.00497	0.00328	0.00952
25	0.02095	0.02530	0.01920	0.01708	0.01925	0.48385	0.01332	0.02255	0.01559	0.01602	0.00963	0.01278	0.00854	0.00848	0.01154	0.00212	0.27834	0.00478	0.00321	0.00748
26	0.81514	0.01273	0.00968	0.00866	0.01273	0.01477	0.00713	0.01935	0.01120	0.02954	0.00917	0.01069	0.00713	0.00611	0.00407	0.00204	0.00509	0.00356	0.00407	0.00713
27	0.00802	0.00573	0.00764	0.00917	0.00955	0.00535	0.00611	0.00917	0.01260	0.01681	0.03628	0.76434	0.04354	0.02062	0.00840	0.00267	0.00382	0.01872	0.00611	0.00535
28	0.01639	0.39033	0.34897	0.01468	0.02212	0.02014	0.01705	0.02102	0.01397	0.06420	0.01144	0.01283	0.00891	0.00608	0.00529	0.00175	0.00816	0.00433	0.00314	0.00920
29	0.01659	0.01632	0.02506	0.08183	0.59665	0.06256	0.01901	0.02127	0.05709	0.02123	0.01306	0.01658	0.01078	0.00615	0.00649	0.00197	0.00799	0.00585	0.00345	0.01005
30	0.00932	0.00673	0.00880	0.00828	0.00984	0.00621	0.00621	0.01242	0.01863	0.02640	0.72410	0.04918	0.06212	0.01346	0.00776	0.00207	0.00311	0.01191	0.00725	0.00621
31	0.00925	0.00673	0.00871	0.00821	0.00979	0.00618	0.00616	0.01229	0.01848	0.02602	0.69516	0.04980	0.09129	0.01360	0.00777	0.00208	0.00312	0.01199	0.00720	0.00618
32	0.02239	0.02759	0.01951	0.06648	0.08087	0.58324	0.01382	0.02443	0.01739	0.01659	0.01035	0.01279	0.00867	0.00703	0.00714	0.00183	0.06417	0.00459	0.00331	0.00781
33	0.03515	0.00692	0.00874	0.00823	0.00989	0.00646	0.00619	0.01253	0.01825	0.02615	0.67454	0.04851	0.08715	0.01335	0.00765	0.00208	0.00318	0.01172	0.00710	0.00621
34	0.02954	0.01120	0.01528	0.01171	0.01681	0.00968	0.00968	0.03208	0.01884	0.73213	0.02597	0.02241	0.01630	0.00815	0.00662	0.00204	0.00560	0.00662	0.00815	0.01120
35	0.01227	0.00614	0.00614	0.00614	0.00767	0.00614	0.00460	0.01534	0.01381	0.02454	0.02148	0.02454	0.01687	0.00767	0.00460	0.00153	0.00307	0.00614	0.80518	0.00614
36	0.01096	0.00723	0.00955	0.02967	0.01139	0.00675	0.00687	0.01391	0.01794	0.07915	0.57946	0.04741	0.07588	0.03925	0.00858	0.00226	0.00369	0.03653	0.00700	0.00652
37	0.01227	0.00614	0.00614	0.00614	0.00767	0.00614	0.00460	0.01534	0.01381	0.02454	0.02148	0.02454	0.01687	0.00767	0.00460	0.00153	0.00307	0.00614	0.80518	0.00614

[dist]
# distance from previous block
# <min> <max>
3	7

[block]
# block no. 8 follows, 33 sequences, length 329
# corresponding to MSA columns:
# 1303-1631
name=unknown_I
#
# <colnr> <probs for GDERKNQSTAVLIFYWHMCP>
#	G	D	E	R	K	N	Q	S	T	A	V	L	I	F	Y	W	H	M	C	P
0	0.01253	0.01011	0.01115	0.01047	0.01273	0.05264	0.00813	0.01909	0.17846	0.04435	0.42951	0.04323	0.04546	0.01238	0.00752	0.00219	0.00449	0.08139	0.00679	0.00738
1	0.01664	0.51160	0.21118	0.01477	0.04177	0.04907	0.03688	0.02030	0.01382	0.01723	0.01009	0.01185	0.00853	0.00584	0.00498	0.00163	0.00805	0.00409	0.00286	0.00882
2	0.01525	0.04258	0.02066	0.01692	0.01748	0.02040	0.01416	0.06331	0.01164	0.01759	0.00915	0.01436	0.00881	0.01106	0.01993	0.00276	0.67759	0.00569	0.00313	0.00752
3	0.02503	0.01752	0.01902	0.01462	0.01977	0.01916	0.01206	0.63230	0.02950	0.09651	0.01678	0.01658	0.01176	0.00792	0.00653	0.00197	0.00700	0.00599	0.02893	0.01106
4	0.01243	0.01170	0.01975	0.75282	0.04534	0.01463	0.01828	0.01682	0.01316	0.01682	0.01170	0.01755	0.00878	0.00658	0.00658	0.00219	0.00878	0.00585	0.00293	0.00731
5	0.00989	0.00705	0.00889	0.00832	0.01011	0.00650	0.00628	0.01322	0.03698	0.04514	0.60675	0.04947	0.13938	0.01357	0.00771	0.00209	0.00326	0.01188	0.00712	0.00639
6	0.79036	0.01270	0.00999	0.03163	0.01374	0.01476	0.00747	0.01927	0.01126	0.02914	0.00924	0.01091	0.00718	0.00613	0.00415	0.00204	0.00521	0.00364	0.00404	0.00714
7	0.01637	0.01414	0.01489	0.01340	0.01712	0.01637	0.01042	0.03498	0.71568	0.02754	0.02679	0.02456	0.02010	0.00893	0.00670	0.00223	0.00521	0.00744	0.00670	0.01042
8	0.81514	0.01273	0.00968	0.00866	0.01273	0.01477	0.00713	0.01935	0.01120	0.02954	0.00917	0.01069	0.00713	0.00611	0.00407	0.00204	0.00509	0.00356	0.00407	0.00713
9	0.00778	0.00667	0.00667	0.00667	0.00889	0.00556	0.00500	0.00945	0.01501	0.01778	0.06669	0.06336	0.72490	0.01667	0.00778	0.00222	0.00333	0.01389	0.00611	0.00556
10	0.00802	0.00573	0.00764	0.00917	0.00955	0.00535	0.00611	0.00917	0.01260	0.01681	0.03628	0.76434	0.04354	0.02062	0.00840	0.00267	0.00382	0.01872	0.00611	0.00535
11	0.01328	0.03354	0.71273	0.01905	0.02868	0.01533	0.04561	0.02086	0.01395	0.02086	0.01186	0.01402	0.00839	0.00623	0.00630	0.00209	0.00977	0.00496	0.00280	0.00970
12	0.01440	0.01440	0.02016	0.01728	0.01728	0.02016	0.01440	0.01584	0.01008	0.01584	0.00864	0.01440	0.00864	0.01152	0.02160	0.00288	0.75659	0.00576	0.00288	0.00720
13	0.00802	0.00573	0.00764	0.00917	0.00955	0.00535	0.00611	0.00917	0.01260	0.01681	0.03628	0.76434	0.04354	0.02062	0.00840	0.00267	0.00382	0.01872	0.00611	0.00535
14	0.00957	0.00638	0.00718	0.00718	0.00718	0.00638	0.00399	0.00957	0.00957	0.01276	0.02074	0.04308	0.02393	0.76864	0.03351	0.00638	0.00638	0.00957	0.00399	0.00399
15	0.01629	0.01564	0.02672	0.04041	0.72757	0.01564	0.02020	0.02020	0.01499	0.02151	0.01238	0.01629	0.01043	0.00587	0.00652	0.00196	0.00782	0.00587	0.00326	0.01043
16	0.01440	0.01440	0.02016	0.01728	0.01728	0.02016	0.01440	0.01584	0.01008	0.01584	0.00864	0.01440	0.00864	0.01152	0.02160	0.00288	0.75659	0.00576	0.00288	0.00720
17	0.02478	0.01832	0.01962	0.01510	0.02032	0.02030	0.01245	0.68685	0.05011	0.04110	0.01611	0.01605	0.01144	0.00793	0.00659	0.00198	0.00719	0.00597	0.00659	0.01117
18	0.01320	0.03405	0.73453	0.01876	0.02849	0.01529	0.02432	0.02085	0.01390	0.02085	0.01181	0.01390	0.00834	0.00625	0.00625	0.00208	0.00973	0.00486	0.00278	0.00973
19	0.51334	0.09189	0.12881	0.01099	0.01608	0.01599	0.01063	0.05596	0.03226	0.02720	0.03771	0.01331	0.01012	0.00654	0.00478	0.00199	0.00607	0.00432	0.00407	0.00795
20	0.01637	0.01414	0.01489	0.01340	0.01712	0.01637	0.01042	0.03498	0.71568	0.02754	0.02679	0.02456	0.02010	0.00893	0.00670	0.00223	0.00521	0.00744	0.00670	0.01042
21	0.01227	0.00614	0.00614	0.00614	0.00767	0.00614	0.00460	0.01534	0.01381	0.02454	0.02148	0.02454	0.01687	0.00767	0.00460	0.00153	0.00307	0.00614	0.80518	0.00614
22	0.04566	0.03816	0.01988	0.01487	0.02012	0.02042	0.01234	0.66945	0.02997	0.04049	0.01546	0.01553	0.01102	0.00780	0.00646	0.00196	0.00718	0.00580	0.00642	0.01102
23	0.01830	0.69882	0.03292	0.01183	0.01724	0.09734	0.01141	0.02037	0.01390	0.01555	0.00925	0.01069	0.00845	0.00575	0.00439	0.00144	0.00752	0.00359	0.00287	0.00837
24	0.00932	0.00673	0.00880	0.00828	0.00984	0.00621	0.00621	0.01242	0.01863	0.02640	0.72410	0.04918	0.06212	0.01346	0.00776	0.00207	0.00311	0.01191	0.00725	0.00621
25	0.00797	0.00668	0.00693	0.00686	0.00901	0.00564	0.00515	0.00981	0.01545	0.01883	0.14647	0.06164	0.64447	0.01628	0.00778	0.00220	0.00331	0.01365	0.00625	0.00564
26	0.04194	0.01264	0.02098	0.56350	0.20006	0.01486	0.01832	0.01768	0.01351	0.01834	0.01177	0.01702	0.00909	0.00640	0.00648	0.00213	0.00843	0.00577	0.00304	0.00802
27	0.00802	0.00573	0.00764	0.00917	0.00955	0.00535	0.00611	0.00917	0.01260	0.01681	0.03628	0.76434	0.04354	0.02062	0.00840	0.00267	0.00382	0.01872	0.00611	0.00535
28	0.81514	0.01273	0.00968	0.00866	0.01273	0.01477	0.00713	0.01935	0.01120	0.02954	0.00917	0.01069	0.00713	0.00611	0.00407	0.00204	0.00509	0.00356	0.00407	0.00713
29	0.81514	0.01273	0.00968	0.00866	0.01273	0.01477	0.00713	0.01935	0.01120	0.02954	0.00917	0.01069	0.00713	0.00611	0.00407	0.00204	0.00509	0.00356	0.00407	0.00713
30	0.00802	0.00573	0.00764	0.00917	0.00955	0.00535	0.00611	0.00917	0.01260	0.01681	0.03628	0.76434	0.04354	0.02062	0.00840	0.00267	0.00382	0.01872	0.00611	0.00535
31	0.01760	0.77260	0.03450	0.01126	0.01690	0.02605	0.01126	0.01971	0.01338	0.01549	0.00915	0.01056	0.00845	0.00563	0.00422	0.00141	0.00704	0.00352	0.00282	0.00845
32	0.02936	0.01148	0.01545	0.01184	0.01694	0.01009	0.00978	0.05779	0.01930	0.70577	0.02558	0.02216	0.01610	0.00814	0.00662	0.00203	0.00566	0.00659	0.00809	0.01120
33	0.00906	0.00653	0.00857	0.00846	0.00978	0.00604	0.00619	0.01177	0.01743	0.02449	0.58692	0.19181	0.05841	0.01489	0.00789	0.00219	0.00325	0.01326	0.00702	0.00604
34	0.00802	0.00573	0.00764	0.00917	0.00955	0.00535	0.00611	0.00917	0.01260	0.01681	0.03628	0.76434	0.04354	0.02062	0.00840	0.00267	0.00382	0.01872	0.00611	0.00535
35	0.00957	0.00638	0.00718	0.00718	0.00718	0.00638	0.00399	0.00957	0.00957	0.01276	0.02074	0.04308	0.02393	0.76864	0.03351	0.00638	0.00638	0.00957	0.00399	0.00399
36	0.01333	0.03333	0.70666	0.01962	0.05602	0.01530	0.02416	0.02082	0.01394	0.02087	0.01184	0.01399	0.00842	0.00624	0.00626	0.00208	0.00965	0.00490	0.00280	0.00976
37	0.01227	0.00614	0.00614	0.00614	0.00767	0.00614	0.00460	0.01534	0.01381	0.02454	0.02148	0.02454	0.01687	0.00767	0.00460	0.00153	0.00307	0.00614	0.80518	0.00614
38	0.01243	0.01170	0.01975	0.75282	0.04534	0.01463	0.01828	0.01682	0.01316	0.01682	0.01170	0.01755	0.00878	0.00658	0.00658	0.00219	0.00878	0.00585	0.00293	0.00731
39	0.01631	0.01534	0.02436	0.03502	0.58596	0.01579	0.01825	0.02315	0.15466	0.02271	0.01526	0.01794	0.01235	0.00648	0.00655	0.00201	0.00730	0.00618	0.00394	0.01043
40	0.02409	0.02739	0.01906	0.01731	0.04628	0.53398	0.01287	0.17283	0.04602	0.02219	0.01206	0.01334	0.00955	0.00707	0.00612	0.00178	0.01049	0.00478	0.00419	0.00860
41	0.01747	0.74275	0.03393	0.01150	0.01691	0.02582	0.01139	0.01956	0.01325	0.01550	0.00913	0.01071	0.00846	0.00586	0.00491	0.00147	0.03655	0.00361	0.00282	0.00840
42	0.00893	0.00668	0.00829	0.00796	0.00962	0.00604	0.00594	0.01165	0.01763	0.02417	0.55531	0.07722	0.20748	0.01442	0.00779	0.00213	0.00318	0.01258	0.00696	0.00604
43	0.01320	0.03405	0.73453	0.01876	0.02849	0.01529	0.02432	0.02085	0.01390	0.02085	0.01181	0.01390	0.00834	0.00625	0.00625	0.00208	0.00973	0.00486	0.00278	0.00973
44	0.01637	0.01414	0.01489	0.01340	0.01712	0.01637	0.01042	0.03498	0.71568	0.02754	0.02679	0.02456	0.02010	0.00893	0.00670	0.00223	0.00521	0.00744	0.00670	0.01042
45	0.00802	0.00573	0.00764	0.00917	0.00955	0.00535	0.00611	0.00917	0.01260	0.01681	0.03628	0.76434	0.04354	0.02062	0.00840	0.00267	0.00382	0.01872	0.00611	0.00535
46	0.01243	0.01170	0.01975	0.75282	0.04534	0.01463	0.01828	0.01682	0.01316	0.01682	0.01170	0.01755	0.00878	0.00658	0.00658	0.00219	0.00878	0.00585	0.00293	0.00731
47	0.01440	0.01440	0.02016	0.01728	0.01728	0.02016	0.01440	0.01584	0.01008	0.01584	0.00864	0.01440	0.00864	0.01152	0.02160	0.00288	0.75659	0.00576	0.00288	0.00720
48	0.01216	0.00616	0.00624	0.00622	0.00775	0.00614	0.00466	0.01523	0.01399	0.02461	0.04829	0.02548	0.01860	0.00789	0.00472	0.00155	0.00307	0.00636	0.77473	0.00614
49	0.02954	0.01120	0.01528	0.01171	0.01681	0.00968	0.00968	0.03208	0.01884	0.73213	0.02597	0.02241	0.01630	0.00815	0.00662	0.00204	0.00560	0.00662	0.00815	0.01120
50	0.49376	0.01428	0.01289	0.01097	0.01526	0.01634	0.00894	0.17801	0.14084	0.03190	0.01381	0.01432	0.01036	0.00702	0.00511	0.00206	0.00560	0.00479	0.00511	0.00864
51	0.02954	0.01120	0.01528	0.01171	0.01681	0.00968	0.00968	0.03208	0.01884	0.73213	0.02597	0.02241	0.01630	0.00815	0.00662	0.00204	0.00560	0.00662	0.00815	0.01120
52	0.00802	0.00573	0.00764	0.00917	0.00955	0.00535	0.00611	0.00917	0.01260	0.01681	0.03628	0.76434	0.04354	0.02062	0.00840	0.00267	0.00382	0.01872	0.00611	0.00535
