[name]
unknown

[dist]
# distance from previous block
# <min> <max>
0	24

[block]
# block no. 0 follows, 35 sequences, length 15
# corresponding to MSA columns:
# 24-38
name=unknown_A
#
# <colnr> <probs for GDERKNQSTAVLIFYWHMCP>
#	G	D	E	R	K	N	Q	S	T	A	V	L	I	F	Y	W	H	M	C	P
0	0.09475	0.03914	0.03175	0.01469	0.08417	0.01245	0.04507	0.12915	0.05999	0.11602	0.10181	0.05545	0.02254	0.00986	0.00666	0.00211	0.00590	0.13118	0.00553	0.03176
1	0.04611	0.01292	0.01703	0.07608	0.18107	0.03824	0.01211	0.12977	0.01820	0.24876	0.08979	0.02318	0.06231	0.00811	0.00642	0.00195	0.00619	0.00681	0.00566	0.00927
2	0.09945	0.01353	0.02069	0.09202	0.18209	0.01367	0.12800	0.09429	0.03696	0.14913	0.04169	0.01914	0.03518	0.00691	0.00629	0.00195	0.00697	0.00628	0.00470	0.04106
3	0.09634	0.01263	0.01743	0.22454	0.18279	0.03807	0.01350	0.04359	0.04028	0.17492	0.05209	0.02023	0.04196	0.00730	0.00618	0.00199	0.00671	0.00618	0.00466	0.00861
4	0.07584	0.01075	0.01206	0.01266	0.07831	0.05328	0.00874	0.03867	0.12328	0.09415	0.13280	0.17102	0.07395	0.01144	0.00670	0.00210	0.00495	0.03353	0.04824	0.00753
5	0.03351	0.03770	0.01499	0.09339	0.10754	0.03381	0.01037	0.13656	0.06960	0.07033	0.02160	0.10981	0.06239	0.13527	0.01067	0.00270	0.00617	0.00814	0.02775	0.00771
6	0.00867	0.00631	0.00855	0.00948	0.01039	0.00630	0.00712	0.01047	0.01249	0.01670	0.05643	0.35398	0.07835	0.06162	0.16494	0.00437	0.00702	0.16612	0.00530	0.00539
7	0.00956	0.00652	0.00819	0.00884	0.00983	0.00616	0.00612	0.04452	0.01360	0.04887	0.07212	0.55633	0.10195	0.06419	0.00933	0.00267	0.00399	0.01563	0.00593	0.00565
8	0.00800	0.00577	0.00764	0.00904	0.00962	0.00541	0.00633	0.00934	0.01254	0.01656	0.03630	0.65662	0.07672	0.01941	0.00814	0.00259	0.00390	0.09494	0.00588	0.00524
9	0.82186	0.01227	0.00932	0.00834	0.01227	0.01423	0.00687	0.01865	0.01080	0.02846	0.00883	0.01031	0.00687	0.00589	0.00393	0.00196	0.00491	0.00344	0.00393	0.00687
10	0.01370	0.01550	0.08440	0.11557	0.18095	0.01417	0.26321	0.01905	0.06093	0.02030	0.06625	0.02178	0.06072	0.00718	0.00724	0.00208	0.02759	0.00722	0.00374	0.00843
11	0.01163	0.00595	0.00609	0.00605	0.00753	0.00592	0.00454	0.01459	0.01362	0.02377	0.06874	0.02525	0.01920	0.00777	0.00464	0.00151	0.00296	0.00629	0.75804	0.00592
12	0.00899	0.00659	0.00864	0.00900	0.01040	0.00625	0.00706	0.01153	0.01558	0.02111	0.34833	0.14553	0.12839	0.01691	0.03989	0.00269	0.00447	0.19661	0.00626	0.00575
13	0.01315	0.01128	0.01315	0.00940	0.01503	0.00846	0.00752	0.01597	0.01315	0.02067	0.01128	0.01315	0.00940	0.00470	0.00470	0.00094	0.00470	0.00376	0.00376	0.81583
14	0.01733	0.01200	0.01267	0.01063	0.01384	0.01312	0.00841	0.30277	0.13546	0.03016	0.01927	0.02117	0.01490	0.04819	0.00701	0.00201	0.00510	0.00621	0.31130	0.00846

[dist]
# distance from previous block
# <min> <max>
0	4

[block]
# block no. 1 follows, 35 sequences, length 24
# corresponding to MSA columns:
# 43-58,62-68,77
name=unknown_B
#
# <colnr> <probs for GDERKNQSTAVLIFYWHMCP>
#	G	D	E	R	K	N	Q	S	T	A	V	L	I	F	Y	W	H	M	C	P
0	0.04785	0.00831	0.01012	0.00941	0.01158	0.00814	0.00709	0.05829	0.06969	0.13120	0.24464	0.22635	0.07800	0.01363	0.00796	0.03906	0.00414	0.01123	0.00636	0.00695
1	0.01481	0.01409	0.02361	0.03528	0.65419	0.01398	0.01783	0.01838	0.01457	0.02060	0.04101	0.02041	0.06963	0.00674	0.00642	0.00191	0.00703	0.00647	0.00349	0.00953
2	0.01576	0.01632	0.07478	0.01966	0.06057	0.01546	0.26422	0.09828	0.11323	0.03508	0.02589	0.01717	0.01174	0.00687	0.00825	0.00201	0.09630	0.00632	0.00412	0.10796
3	0.15267	0.05886	0.01756	0.01496	0.01850	0.57063	0.02606	0.02404	0.03061	0.01792	0.00999	0.01156	0.00821	0.00640	0.00541	0.00170	0.01004	0.00408	0.00341	0.00739
4	0.02643	0.01080	0.01437	0.01124	0.01587	0.00966	0.00921	0.03015	0.07465	0.64727	0.06221	0.02311	0.01831	0.00818	0.00644	0.00198	0.00524	0.00671	0.00769	0.01048
5	0.02197	0.01365	0.01572	0.01239	0.01678	0.01414	0.01009	0.35533	0.06982	0.22219	0.13172	0.02247	0.02034	0.00849	0.00649	0.00192	0.00573	0.00683	0.00677	0.03718
6	0.01503	0.01439	0.02454	0.16865	0.61299	0.01490	0.01914	0.01888	0.01413	0.01991	0.01181	0.01592	0.00976	0.00578	0.00629	0.00193	0.00770	0.00565	0.00308	0.00951
7	0.00808	0.00641	0.00703	0.00690	0.00863	0.00561	0.00503	0.00988	0.01483	0.01883	0.23855	0.05527	0.47694	0.09806	0.01019	0.00254	0.00347	0.01242	0.00596	0.00536
8	0.01471	0.01345	0.02169	0.42189	0.10615	0.05848	0.13451	0.01873	0.01399	0.06816	0.01303	0.01722	0.00977	0.00628	0.00638	0.00202	0.00839	0.00593	0.05143	0.00782
9	0.00830	0.00646	0.00754	0.00727	0.00906	0.00570	0.00545	0.01066	0.01636	0.02165	0.42865	0.05362	0.36770	0.01438	0.00749	0.00206	0.00309	0.01235	0.00649	0.00570
10	0.01491	0.01343	0.01980	0.23422	0.25309	0.01448	0.01518	0.08141	0.08628	0.02144	0.01314	0.01631	0.01040	0.00646	0.00685	0.00188	0.04716	0.00551	0.00374	0.13429
11	0.01272	0.01350	0.05759	0.48844	0.09188	0.04722	0.04631	0.01667	0.01339	0.01737	0.04936	0.01980	0.04509	0.00726	0.00720	0.00210	0.04728	0.00624	0.00322	0.00735
12	0.01017	0.00723	0.00910	0.00974	0.01076	0.00724	0.00721	0.07345	0.01382	0.01831	0.02984	0.36902	0.03393	0.16887	0.01294	0.00332	0.00505	0.19892	0.00551	0.00558
13	0.01319	0.07792	0.50525	0.01980	0.11154	0.01482	0.06254	0.01928	0.01396	0.02028	0.07149	0.01651	0.01269	0.00648	0.00614	0.00196	0.00853	0.00545	0.00313	0.00904
14	0.00810	0.00574	0.00756	0.00866	0.00904	0.00558	0.00575	0.00913	0.01149	0.01543	0.03086	0.58481	0.03646	0.14385	0.08246	0.00387	0.00534	0.01556	0.00533	0.00499
15	0.01778	0.68997	0.03139	0.01152	0.01669	0.11308	0.01102	0.01976	0.01351	0.01500	0.00894	0.01033	0.00814	0.00556	0.00427	0.00139	0.00735	0.00348	0.00278	0.00805
16	0.01600	0.10382	0.20945	0.01925	0.09766	0.01641	0.14256	0.06067	0.19134	0.05602	0.01584	0.01698	0.01186	0.00661	0.00624	0.00198	0.00775	0.00590	0.00420	0.00947
17	0.01936	0.02300	0.01735	0.01768	0.09937	0.48289	0.01228	0.02136	0.01561	0.01594	0.01144	0.01477	0.00995	0.01497	0.15779	0.00345	0.04737	0.00488	0.00326	0.00730
18	0.00771	0.00561	0.00727	0.00859	0.00914	0.00517	0.00578	0.00886	0.01238	0.01629	0.03794	0.70074	0.11221	0.01949	0.00804	0.00253	0.00363	0.01756	0.00589	0.00517
19	0.01470	0.01542	0.01338	0.01284	0.01431	0.24544	0.00958	0.05260	0.01453	0.01709	0.02146	0.36346	0.02393	0.01352	0.00939	0.00228	0.13423	0.01086	0.00456	0.00645
20	0.01003	0.00724	0.00996	0.01132	0.01283	0.00717	0.00985	0.01286	0.01459	0.01886	0.03572	0.07083	0.08502	0.01742	0.00867	0.00287	0.00566	0.64745	0.00584	0.00581
21	0.00951	0.00745	0.01097	0.01067	0.01172	0.00890	0.00838	0.01174	0.01062	0.01543	0.05971	0.02524	0.01782	0.04202	0.63743	0.00899	0.08707	0.00696	0.00356	0.00580
22	0.00917	0.00618	0.00711	0.00711	0.00729	0.00617	0.00417	0.00929	0.00956	0.01267	0.02221	0.04107	0.06549	0.66687	0.06769	0.03432	0.00651	0.00922	0.00391	0.00399
23	0.07104	0.04774	0.02030	0.19903	0.27553	0.09999	0.01512	0.03437	0.01425	0.05742	0.01216	0.01564	0.00977	0.00873	0.05155	0.00240	0.02603	0.00528	0.00346	0.03022

[dist]
# distance from previous block
# <min> <max>
0	2

[block]
# block no. 2 follows, 35 sequences, length 107
# corresponding to MSA columns:
# 80-186
name=unknown_C
#
# <colnr> <probs for GDERKNQSTAVLIFYWHMCP>
#	G	D	E	R	K	N	Q	S	T	A	V	L	I	F	Y	W	H	M	C	P
0	0.01483	0.14971	0.33376	0.01745	0.08438	0.01649	0.04167	0.08333	0.09915	0.02152	0.01429	0.04772	0.01156	0.00811	0.02730	0.00216	0.00807	0.00568	0.00368	0.00912
1	0.00966	0.00698	0.00858	0.04068	0.01019	0.00740	0.00582	0.01157	0.05664	0.01427	0.02159	0.06617	0.04143	0.49700	0.15371	0.00610	0.00790	0.02540	0.00408	0.00485
2	0.00879	0.00640	0.00812	0.00808	0.00929	0.00629	0.00587	0.01079	0.01360	0.01876	0.26227	0.10210	0.15542	0.13259	0.18755	0.00459	0.00686	0.01069	0.03650	0.00542
3	0.00924	0.00686	0.00962	0.00956	0.01034	0.00782	0.00705	0.01086	0.01000	0.01418	0.01803	0.05390	0.01828	0.23079	0.51585	0.00863	0.04243	0.00775	0.00357	0.00523
4	0.02391	0.00970	0.01299	0.01032	0.01433	0.00852	0.00833	0.02636	0.01746	0.56714	0.12408	0.02620	0.02225	0.04178	0.00754	0.00212	0.00495	0.00719	0.05533	0.00953
5	0.01482	0.06841	0.02100	0.01635	0.01808	0.07371	0.08823	0.03770	0.03775	0.01734	0.04167	0.01629	0.01159	0.01184	0.05984	0.00289	0.44593	0.00589	0.00331	0.00734
6	0.01696	0.78087	0.03324	0.01085	0.01628	0.02510	0.01085	0.01900	0.01289	0.01493	0.00882	0.01018	0.00814	0.00543	0.00407	0.00136	0.00678	0.00339	0.00271	0.00814
7	0.01398	0.01247	0.01457	0.01058	0.01614	0.03813	0.03838	0.03795	0.01393	0.02105	0.01141	0.01332	0.00940	0.00489	0.00491	0.00105	0.00529	0.00399	0.00379	0.72478
8	0.06315	0.13123	0.17384	0.01824	0.09230	0.20687	0.08639	0.06540	0.01582	0.04804	0.01217	0.03642	0.00989	0.00655	0.00582	0.00183	0.00876	0.00520	0.00354	0.00854
9	0.01559	0.01543	0.02562	0.11002	0.58815	0.04398	0.06952	0.01943	0.01444	0.02004	0.01185	0.01576	0.00978	0.00573	0.00635	0.00192	0.00801	0.00572	0.00312	0.00953
10	0.00972	0.03148	0.01113	0.05300	0.08696	0.00803	0.00826	0.01255	0.04187	0.01926	0.17623	0.24068	0.20840	0.01434	0.00740	0.00222	0.00436	0.05224	0.00558	0.00630
11	0.01231	0.00638	0.00643	0.00625	0.00787	0.00645	0.00473	0.04216	0.01395	0.02429	0.02048	0.02332	0.01605	0.00740	0.00451	0.00149	0.00311	0.00590	0.78082	0.00610
12	0.01567	0.01515	0.02621	0.03846	0.70981	0.01511	0.04677	0.01950	0.01447	0.02071	0.01197	0.01576	0.01003	0.00564	0.00633	0.00189	0.00766	0.00572	0.00314	0.00999
13	0.01633	0.01368	0.01459	0.01266	0.01650	0.01533	0.00994	0.11368	0.56264	0.02768	0.05113	0.02281	0.01919	0.00837	0.00635	0.00203	0.00515	0.00692	0.00627	0.06876
14	0.82186	0.01227	0.00932	0.00834	0.01227	0.01423	0.00687	0.01865	0.01080	0.02846	0.00883	0.01031	0.00687	0.00589	0.00393	0.00196	0.00491	0.00344	0.00393	0.00687
15	0.01696	0.78087	0.03324	0.01085	0.01628	0.02510	0.01085	0.01900	0.01289	0.01493	0.00882	0.01018	0.00814	0.00543	0.00407	0.00136	0.00678	0.00339	0.00271	0.00814
16	0.00983	0.00784	0.00901	0.00871	0.01071	0.00772	0.00659	0.01523	0.15723	0.02219	0.31132	0.10915	0.24864	0.01376	0.00738	0.00215	0.00362	0.03595	0.00642	0.00653
17	0.00882	0.00648	0.00827	0.00782	0.00938	0.00592	0.00586	0.01167	0.01759	0.02458	0.66448	0.04881	0.13004	0.01329	0.00748	0.00201	0.00302	0.01167	0.00687	0.00592
18	0.00773	0.00552	0.00736	0.00883	0.00920	0.00515	0.00589	0.00883	0.01215	0.01619	0.03497	0.77291	0.04196	0.01987	0.00810	0.00258	0.00368	0.01803	0.00589	0.00515
19	0.00783	0.00634	0.00696	0.00702	0.00883	0.00546	0.00518	0.00967	0.01493	0.01876	0.20017	0.13839	0.51657	0.01585	0.00756	0.00216	0.00322	0.01351	0.00612	0.00546
20	0.01400	0.02115	0.27157	0.12348	0.21217	0.01510	0.21152	0.01949	0.01400	0.01981	0.01191	0.01547	0.00904	0.00579	0.00653	0.00203	0.00915	0.00583	0.00296	0.00902
21	0.01536	0.02311	0.36041	0.03663	0.09254	0.04055	0.07476	0.09046	0.03630	0.06503	0.04251	0.04044	0.01346	0.00740	0.00645	0.00204	0.00821	0.03128	0.00395	0.00911
22	0.00773	0.00552	0.00736	0.00883	0.00920	0.00515	0.00589	0.00883	0.01215	0.01619	0.03497	0.77291	0.04196	0.01987	0.00810	0.00258	0.00368	0.01803	0.00589	0.00515
23	0.01522	0.03312	0.03165	0.01017	0.01572	0.00989	0.00844	0.04513	0.04506	0.08919	0.01328	0.01440	0.01041	0.00533	0.00501	0.00116	0.00503	0.00424	0.00430	0.63325
24	0.01437	0.02347	0.33260	0.05026	0.17292	0.04233	0.19438	0.02022	0.02910	0.01997	0.01201	0.01508	0.00911	0.00601	0.00689	0.00203	0.03148	0.00567	0.00301	0.00909
25	0.01521	0.01457	0.02487	0.13382	0.64642	0.01494	0.01923	0.01904	0.01421	0.02013	0.01185	0.01586	0.00984	0.00574	0.00629	0.00191	0.00766	0.00565	0.00310	0.00965
26	0.00851	0.00613	0.00822	0.00951	0.01033	0.00583	0.00710	0.01027	0.01329	0.01759	0.07717	0.49958	0.06849	0.01864	0.00823	0.00262	0.00425	0.21288	0.00594	0.00541
27	0.01669	0.01408	0.01486	0.01309	0.01684	0.01620	0.01026	0.10802	0.65023	0.02800	0.02467	0.02275	0.01843	0.00850	0.00644	0.00212	0.00523	0.00701	0.00644	0.01012
28	0.01401	0.01328	0.01900	0.39870	0.16878	0.04612	0.01564	0.02060	0.15130	0.01932	0.01415	0.01752	0.01092	0.00655	0.00622	0.00198	0.00751	0.00575	0.00366	0.05897
29	0.00952	0.03255	0.00933	0.00947	0.01032	0.00701	0.00668	0.03715	0.01295	0.03923	0.03208	0.66836	0.03763	0.01824	0.00829	0.00250	0.03096	0.01627	0.00575	0.00570
30	0.00805	0.00668	0.00710	0.00705	0.00912	0.00583	0.00536	0.01038	0.03556	0.01861	0.15193	0.05858	0.59319	0.01550	0.00752	0.00216	0.00335	0.04239	0.00605	0.00560
31	0.01760	0.01402	0.01579	0.01352	0.01748	0.01575	0.03770	0.10853	0.56958	0.07997	0.02408	0.02233	0.01777	0.00831	0.00648	0.00211	0.00549	0.00697	0.00642	0.01012
32	0.01371	0.01363	0.01910	0.01642	0.01646	0.01902	0.01367	0.01513	0.00973	0.01525	0.00864	0.01427	0.00860	0.01241	0.04699	0.00304	0.73865	0.00560	0.00280	0.00689
33	0.01578	0.01845	0.16910	0.14947	0.32863	0.02773	0.05366	0.08045	0.02979	0.04761	0.01276	0.01577	0.00978	0.00615	0.00630	0.00197	0.00811	0.00558	0.00352	0.00939
34	0.00876	0.00644	0.00820	0.00783	0.00936	0.00588	0.00585	0.01151	0.01732	0.02411	0.62873	0.07676	0.13842	0.01360	0.00751	0.00203	0.00305	0.01195	0.00681	0.00588
35	0.01141	0.04105	0.18428	0.01758	0.18218	0.01063	0.01323	0.01522	0.01491	0.02094	0.23418	0.12232	0.08535	0.01051	0.00683	0.00203	0.00576	0.00924	0.00472	0.00764
36	0.01405	0.05347	0.47876	0.04874	0.21302	0.04336	0.02133	0.01996	0.01380	0.01977	0.01137	0.01393	0.00859	0.00594	0.00602	0.00194	0.00885	0.00490	0.00283	0.00935
37	0.00867	0.00647	0.00806	0.00766	0.00929	0.00586	0.00575	0.01138	0.01724	0.02374	0.59663	0.05019	0.19843	0.01360	0.00749	0.00203	0.00304	0.01187	0.00676	0.00586
38	0.00849	0.00643	0.00783	0.00756	0.00920	0.00577	0.00564	0.01100	0.01670	0.02263	0.50959	0.07943	0.25824	0.01415	0.00751	0.00206	0.00308	0.01229	0.00662	0.00577
39	0.00930	0.00702	0.01024	0.01019	0.01119	0.00817	0.00786	0.01135	0.01025	0.01468	0.01753	0.02766	0.01696	0.11075	0.63404	0.00930	0.04311	0.03135	0.00350	0.00555
40	0.01344	0.01146	0.01350	0.03143	0.01600	0.00895	0.00794	0.03628	0.01362	0.02110	0.01139	0.01332	0.00941	0.00483	0.00479	0.00100	0.00487	0.00387	0.00381	0.76898
41	0.00851	0.00608	0.00790	0.00907	0.00969	0.00593	0.00631	0.01045	0.03969	0.01676	0.03246	0.59124	0.03769	0.06492	0.03863	0.00306	0.00455	0.07062	0.03108	0.00536
42	0.82186	0.01227	0.00932	0.00834	0.01227	0.01423	0.00687	0.01865	0.01080	0.02846	0.00883	0.01031	0.00687	0.00589	0.00393	0.00196	0.00491	0.00344	0.00393	0.00687
43	0.01722	0.75189	0.03265	0.01107	0.01641	0.05315	0.01091	0.01924	0.01309	0.01495	0.00886	0.01023	0.00814	0.00547	0.00413	0.00137	0.00696	0.00342	0.00274	0.00811
44	0.00812	0.00644	0.00721	0.00703	0.00885	0.00562	0.00522	0.01018	0.01557	0.02006	0.31334	0.05518	0.45470	0.04429	0.00845	0.00224	0.00324	0.01251	0.00622	0.00553
45	0.01461	0.01238	0.01336	0.01217	0.01538	0.01408	0.00947	0.02987	0.59938	0.02610	0.12665	0.02879	0.02574	0.00955	0.00669	0.00216	0.00476	0.03303	0.00651	0.00931
46	0.01696	0.78087	0.03324	0.01085	0.01628	0.02510	0.01085	0.01900	0.01289	0.01493	0.00882	0.01018	0.00814	0.00543	0.00407	0.00136	0.00678	0.00339	0.00271	0.00814
47	0.01315	0.01128	0.01315	0.00940	0.01503	0.00846	0.00752	0.01597	0.01315	0.02067	0.01128	0.01315	0.00940	0.00470	0.00470	0.00094	0.00470	0.00376	0.00376	0.81583
48	0.00785	0.00635	0.00697	0.00699	0.00883	0.00548	0.00518	0.00971	0.01501	0.01888	0.20903	0.12459	0.52148	0.01574	0.00755	0.00215	0.00321	0.01340	0.00613	0.00548
49	0.01623	0.01385	0.01460	0.01300	0.01667	0.01599	0.01015	0.07055	0.68845	0.02726	0.02525	0.02321	0.01890	0.00855	0.00645	0.00214	0.00513	0.00709	0.00645	0.01008
50	0.69632	0.01409	0.01102	0.01040	0.04090	0.07711	0.00798	0.04274	0.01219	0.02745	0.00925	0.01077	0.00723	0.00599	0.00425	0.00193	0.00563	0.00365	0.00392	0.00717
51	0.01526	0.01530	0.04988	0.10343	0.62716	0.01499	0.01915	0.01963	0.03612	0.02047	0.01228	0.01598	0.01012	0.00582	0.00628	0.00192	0.00761	0.00566	0.00320	0.00975
52	0.01561	0.01547	0.04591	0.06913	0.67419	0.01510	0.01937	0.03195	0.01462	0.02086	0.01195	0.01568	0.00994	0.00573	0.00628	0.00190	0.00762	0.00563	0.00317	0.00991
53	0.00905	0.00641	0.00812	0.00775	0.00925	0.00591	0.00579	0.01189	0.01720	0.02446	0.61495	0.06885	0.10152	0.01298	0.00728	0.00198	0.00303	0.01139	0.06627	0.00591
54	0.01183	0.00768	0.00972	0.00883	0.01088	0.00731	0.00677	0.03664	0.05651	0.09924	0.54013	0.04340	0.06944	0.03314	0.00799	0.00214	0.00365	0.03105	0.00687	0.00677
55	0.16618	0.00975	0.01161	0.03377	0.05598	0.00995	0.00818	0.05882	0.03879	0.13753	0.30576	0.02984	0.03139	0.03576	0.00717	0.00210	0.00457	0.00788	0.03746	0.00751
56	0.38767	0.09588	0.05831	0.01109	0.01547	0.01573	0.03080	0.15816	0.03564	0.02696	0.01354	0.01557	0.03427	0.03673	0.03821	0.00242	0.00648	0.00489	0.00430	0.00787
57	0.01490	0.01479	0.04485	0.07183	0.40472	0.02730	0.06939	0.04119	0.06344	0.02100	0.06671	0.01927	0.01446	0.03040	0.00838	0.00214	0.06614	0.00637	0.00372	0.00898
58	0.00933	0.03026	0.01041	0.00973	0.01082	0.00819	0.00741	0.01125	0.01013	0.01437	0.01719	0.02694	0.01670	0.15477	0.62214	0.00932	0.01507	0.00705	0.00344	0.00547
59	0.01198	0.01128	0.01903	0.76180	0.04369	0.01409	0.01762	0.01621	0.01268	0.01621	0.01128	0.01691	0.00846	0.00634	0.00634	0.00211	0.00846	0.00564	0.00282	0.00705
60	0.01494	0.39836	0.34949	0.01523	0.04646	0.01996	0.01685	0.01939	0.01308	0.01744	0.01006	0.01191	0.00817	0.00587	0.00551	0.00171	0.03003	0.00411	0.00271	0.00872
61	0.01616	0.27206	0.15495	0.01498	0.02012	0.09777	0.10575	0.04053	0.01460	0.04668	0.06170	0.03929	0.01363	0.02341	0.00714	0.00191	0.05196	0.00568	0.00356	0.00812
62	0.00890	0.00863	0.03110	0.00854	0.01088	0.03840	0.03058	0.01094	0.01461	0.01775	0.08846	0.10935	0.52115	0.01521	0.00751	0.00220	0.00422	0.06020	0.00564	0.00573
63	0.04300	0.22665	0.33106	0.01830	0.14180	0.01675	0.01707	0.01955	0.01365	0.04371	0.03428	0.01456	0.01057	0.00613	0.00547	0.00179	0.00763	0.00478	0.03438	0.00888
64	0.01644	0.04666	0.35251	0.01973	0.14292	0.04191	0.04185	0.03604	0.01514	0.13940	0.04038	0.01910	0.01295	0.00707	0.00629	0.00199	0.00801	0.03826	0.00403	0.00932
65	0.01479	0.06574	0.06178	0.01219	0.01604	0.01066	0.09994	0.01906	0.07109	0.16736	0.17233	0.03238	0.15123	0.01273	0.06167	0.00261	0.00638	0.00858	0.00560	0.00784
66	0.02269	0.10045	0.01920	0.03738	0.01946	0.38669	0.01179	0.16174	0.06731	0.09424	0.01343	0.01407	0.01021	0.00690	0.00581	0.00174	0.00896	0.00482	0.00448	0.00863
67	0.01535	0.06410	0.18908	0.09746	0.24756	0.01496	0.15836	0.02001	0.01427	0.07549	0.01342	0.03766	0.01060	0.00631	0.00640	0.00198	0.00836	0.00608	0.00344	0.00911
68	0.00881	0.00680	0.00973	0.03915	0.01198	0.00674	0.03400	0.01060	0.01318	0.01774	0.13021	0.48135	0.06047	0.04405	0.00924	0.00261	0.02994	0.07221	0.00564	0.00555
69	0.00927	0.00676	0.00921	0.00911	0.00980	0.00756	0.00653	0.01069	0.01009	0.01422	0.04288	0.03149	0.01983	0.31450	0.43806	0.00819	0.03528	0.00782	0.00367	0.00504
70	0.82186	0.01227	0.00932	0.00834	0.01227	0.01423	0.00687	0.01865	0.01080	0.02846	0.00883	0.01031	0.00687	0.00589	0.00393	0.00196	0.00491	0.00344	0.00393	0.00687
71	0.01505	0.02011	0.23617	0.02840	0.41578	0.03979	0.01891	0.01966	0.01447	0.04518	0.03762	0.01708	0.02753	0.00632	0.00621	0.00190	0.00781	0.00565	0.00338	0.03298
72	0.01858	0.01510	0.03932	0.03354	0.09599	0.06246	0.01164	0.30439	0.06447	0.07671	0.06768	0.14275	0.01971	0.00971	0.00666	0.00203	0.00640	0.00812	0.00567	0.00905
73	0.01493	0.08396	0.34307	0.01832	0.12595	0.04346	0.01711	0.05058	0.03512	0.03594	0.01205	0.01390	0.00922	0.00587	0.00567	0.00171	0.00775	0.00467	0.00336	0.16735
74	0.09533	0.05851	0.01925	0.03980	0.09919	0.10933	0.03667	0.27311	0.15613	0.02837	0.01506	0.01581	0.01140	0.00705	0.00597	0.00191	0.00719	0.00550	0.00499	0.00943
75	0.10458	0.01156	0.01528	0.12892	0.04119	0.01152	0.01089	0.07151	0.03737	0.44385	0.02054	0.02094	0.01403	0.00770	0.00621	0.00202	0.00600	0.02997	0.00632	0.00960
76	0.00921	0.00620	0.00715	0.00715	0.00724	0.00628	0.00414	0.00938	0.00929	0.01247	0.01977	0.04033	0.02255	0.72478	0.08386	0.00644	0.00693	0.00905	0.00381	0.00397
77	0.01674	0.46904	0.07798	0.01516	0.10014	0.11975	0.01257	0.01938	0.01418	0.01685	0.05995	0.01506	0.01252	0.00642	0.00502	0.00158	0.00740	0.01893	0.00320	0.00814
78	0.00906	0.00680	0.01020	0.01020	0.01133	0.00793	0.00793	0.01133	0.01020	0.01473	0.01699	0.02492	0.01586	0.04758	0.75191	0.01020	0.01699	0.00680	0.00340	0.00566
79	0.07111	0.31813	0.26988	0.01470	0.04150	0.07927	0.01528	0.07291	0.01477	0.03431	0.01067	0.01215	0.00843	0.00597	0.00514	0.00171	0.00793	0.00419	0.00322	0.00872
80	0.01650	0.03401	0.04263	0.03563	0.64194	0.03008	0.01865	0.04427	0.01510	0.04280	0.01231	0.01559	0.01011	0.00581	0.00622	0.00187	0.00756	0.00557	0.00337	0.00998
81	0.02722	0.01196	0.01516	0.02990	0.01718	0.03651	0.00980	0.06664	0.04336	0.63649	0.02367	0.02086	0.01513	0.00778	0.00636	0.00196	0.00576	0.00627	0.00744	0.01056
82	0.01313	0.01140	0.01427	0.01265	0.09567	0.00909	0.00879	0.01600	0.01323	0.02036	0.01309	0.01525	0.03073	0.00665	0.03143	0.00141	0.00541	0.00436	0.00374	0.67334
83	0.01546	0.01389	0.06053	0.03767	0.14145	0.01132	0.03658	0.07182	0.01506	0.06989	0.01267	0.01457	0.00993	0.00545	0.00543	0.00138	0.00601	0.00465	0.00401	0.46224
84	0.01198	0.01128	0.01903	0.76180	0.04369	0.01409	0.01762	0.01621	0.01268	0.01621	0.01128	0.01691	0.00846	0.00634	0.00634	0.00211	0.00846	0.00564	0.00282	0.00705
85	0.82186	0.01227	0.00932	0.00834	0.01227	0.01423	0.00687	0.01865	0.01080	0.02846	0.00883	0.01031	0.00687	0.00589	0.00393	0.00196	0.00491	0.00344	0.00393	0.00687
86	0.04335	0.00971	0.01336	0.12610	0.07423	0.01067	0.00983	0.11720	0.03040	0.01826	0.01382	0.01911	0.03578	0.01474	0.01583	0.40316	0.02935	0.00581	0.00357	0.00573
87	0.01175	0.01170	0.02284	0.01809	0.02165	0.01108	0.36283	0.01564	0.03860	0.01873	0.02346	0.34120	0.02470	0.01208	0.00776	0.00235	0.00734	0.03657	0.00456	0.00706
88	0.01309	0.07655	0.67373	0.01847	0.05469	0.01536	0.02254	0.02000	0.01341	0.01981	0.01125	0.01329	0.00812	0.00598	0.00592	0.00197	0.00915	0.00465	0.00270	0.00933
89	0.41572	0.34779	0.04886	0.01006	0.01483	0.04153	0.00942	0.01906	0.01203	0.02185	0.00896	0.01041	0.00751	0.00571	0.00413	0.00169	0.00610	0.00349	0.00333	0.00754
90	0.01574	0.01490	0.02227	0.04868	0.51664	0.03745	0.01667	0.03606	0.15407	0.02185	0.01656	0.01881	0.03841	0.00670	0.00634	0.00194	0.00702	0.00619	0.00395	0.00974
91	0.01415	0.01366	0.02378	0.29065	0.42634	0.01456	0.06818	0.01813	0.01381	0.01900	0.01233	0.03459	0.01023	0.00622	0.00643	0.00200	0.00799	0.00608	0.00310	0.00877
92	0.01696	0.78087	0.03324	0.01085	0.01628	0.02510	0.01085	0.01900	0.01289	0.01493	0.00882	0.01018	0.00814	0.00543	0.00407	0.00136	0.00678	0.00339	0.00271	0.00814
93	0.00917	0.00613	0.00693	0.00698	0.00700	0.00612	0.00391	0.00921	0.00933	0.01243	0.02050	0.06662	0.02371	0.75106	0.03146	0.00603	0.00607	0.00953	0.00391	0.00389
94	0.01841	0.01493	0.01582	0.01344	0.01750	0.01701	0.01068	0.24883	0.50662	0.03077	0.02248	0.02101	0.01666	0.00829	0.00642	0.00207	0.00564	0.00671	0.00642	0.01028
95	0.01558	0.06270	0.01932	0.04460	0.01764	0.08577	0.01297	0.03791	0.03317	0.04164	0.01038	0.01523	0.00955	0.03995	0.01692	0.00262	0.51802	0.00551	0.00325	0.00728
96	0.16136	0.01451	0.06804	0.12264	0.30565	0.01413	0.07745	0.01805	0.01355	0.02150	0.06516	0.03414	0.01343	0.00686	0.00665	0.00202	0.03693	0.00605	0.00355	0.00836
97	0.01348	0.06964	0.35094	0.04384	0.12106	0.01385	0.06237	0.01864	0.01356	0.01980	0.01263	0.01495	0.02616	0.00585	0.00578	0.00173	0.00782	0.00495	0.00310	0.18983
98	0.01734	0.01364	0.01478	0.01278	0.01650	0.01531	0.01014	0.18428	0.46032	0.05453	0.08195	0.02541	0.02127	0.00904	0.00660	0.00210	0.00534	0.03242	0.00650	0.00975
99	0.00907	0.00677	0.01008	0.01008	0.01117	0.00787	0.00778	0.01125	0.01016	0.01464	0.01710	0.02552	0.01612	0.07369	0.72615	0.01005	0.01660	0.00688	0.00341	0.00560
100	0.00904	0.00744	0.00928	0.06753	0.03808	0.00721	0.00728	0.01209	0.05662	0.01886	0.15164	0.16472	0.34884	0.01568	0.03088	0.00246	0.00445	0.03619	0.00568	0.00602
101	0.01570	0.01507	0.02575	0.03894	0.73748	0.01507	0.01947	0.01947	0.01444	0.02073	0.01193	0.01570	0.01005	0.00565	0.00628	0.00188	0.00754	0.00565	0.00314	0.01005
102	0.00926	0.00695	0.01011	0.01007	0.01121	0.00804	0.00774	0.01181	0.02969	0.01491	0.01741	0.02587	0.01638	0.08984	0.68881	0.00974	0.01602	0.00695	0.00351	0.00568
103	0.01471	0.01498	0.01853	0.01596	0.01687	0.10070	0.03486	0.04051	0.01159	0.01624	0.01009	0.01529	0.00949	0.01537	0.12010	0.00363	0.52539	0.00563	0.00306	0.00699
104	0.01328	0.18122	0.54196	0.01582	0.02376	0.01612	0.01950	0.01922	0.01366	0.01948	0.06899	0.01548	0.01222	0.00646	0.00575	0.00188	0.00834	0.00497	0.00303	0.00885
105	0.01598	0.39216	0.02275	0.01090	0.01478	0.03958	0.00949	0.11095	0.07424	0.01918	0.03878	0.01933	0.01415	0.13443	0.05618	0.00286	0.00720	0.00548	0.00390	0.00770
106	0.35814	0.06149	0.15810	0.01074	0.01619	0.01304	0.01055	0.01785	0.01214	0.02337	0.01098	0.03971	0.00917	0.00607	0.00472	0.00167	0.00581	0.00431	0.00363	0.23232

[dist]
# distance from previous block
# <min> <max>
0	5

[block]
# block no. 3 follows, 35 sequences, length 7
# corresponding to MSA columns:
# 192-198
name=unknown_D
#
# <colnr> <probs for GDERKNQSTAVLIFYWHMCP>
#	G	D	E	R	K	N	Q	S	T	A	V	L	I	F	Y	W	H	M	C	P
0	0.01540	0.23997	0.17738	0.02375	0.28234	0.01801	0.06121	0.02059	0.06740	0.01933	0.01202	0.01431	0.00975	0.00587	0.00568	0.00179	0.00771	0.00503	0.00317	0.00926
1	0.01566	0.40663	0.10585	0.01177	0.01728	0.06004	0.01145	0.01948	0.05929	0.01755	0.01111	0.01269	0.00942	0.00717	0.03251	0.00173	0.00715	0.00403	0.00324	0.18595
2	0.01521	0.23144	0.09975	0.02048	0.02624	0.01880	0.38290	0.01942	0.01371	0.01828	0.01112	0.01450	0.00893	0.00602	0.00775	0.00197	0.08627	0.00589	0.00298	0.00835
3	0.01336	0.01158	0.01417	0.01177	0.07299	0.00899	0.00848	0.01625	0.01326	0.02068	0.01133	0.01336	0.00945	0.00477	0.00483	0.00102	0.00493	0.00391	0.00371	0.75119
4	0.01014	0.06732	0.01225	0.04216	0.01250	0.00987	0.00808	0.01194	0.01028	0.01433	0.01620	0.02624	0.01599	0.19417	0.46424	0.00784	0.06054	0.00692	0.00338	0.00561
5	0.09061	0.01225	0.01548	0.01336	0.06294	0.01184	0.01016	0.11153	0.07360	0.49770	0.02175	0.01969	0.01432	0.00758	0.00618	0.00197	0.00566	0.00607	0.00694	0.01037
6	0.00892	0.00676	0.00879	0.00909	0.03424	0.00629	0.00653	0.01152	0.01625	0.02227	0.46829	0.09496	0.17941	0.01575	0.04603	0.00253	0.00410	0.04600	0.00634	0.00593

[dist]
# distance from previous block
# <min> <max>
0	3

# created by:
# /home/cegg/simao/soft/augustus-3.2.1/scripts/msa2prfl.pl ./align_prep/EOG090W0GM5.fa
