[name]
unknown

[dist]
# distance from previous block
# <min> <max>
0	8

[block]
# block no. 0 follows, 35 sequences, length 12
# corresponding to MSA columns:
# 8-19
name=unknown_A
#
# <colnr> <probs for GDERKNQSTAVLIFYWHMCP>
#	G	D	E	R	K	N	Q	S	T	A	V	L	I	F	Y	W	H	M	C	P
0	0.07844	0.01326	0.01493	0.01239	0.01648	0.03695	0.01025	0.26081	0.04485	0.25565	0.04470	0.02784	0.01832	0.00945	0.00662	0.00211	0.00609	0.12500	0.00649	0.00937
1	0.01560	0.01331	0.02109	0.38452	0.27737	0.01481	0.01714	0.09985	0.01560	0.06123	0.01273	0.01656	0.00968	0.00634	0.00632	0.00200	0.00780	0.00569	0.00362	0.00872
2	0.01198	0.01128	0.01903	0.76180	0.04369	0.01409	0.01762	0.01621	0.01268	0.01621	0.01128	0.01691	0.00846	0.00634	0.00634	0.00211	0.00846	0.00564	0.00282	0.00705
3	0.01315	0.01128	0.01315	0.00940	0.01503	0.00846	0.00752	0.01597	0.01315	0.02067	0.01128	0.01315	0.00940	0.00470	0.00470	0.00094	0.00470	0.00376	0.00376	0.81583
4	0.01272	0.03281	0.74418	0.01808	0.02746	0.01473	0.02344	0.02009	0.01339	0.02009	0.01138	0.01339	0.00804	0.00603	0.00603	0.00201	0.00938	0.00469	0.00268	0.00938
5	0.01322	0.01294	0.01851	0.09336	0.01895	0.01779	0.01370	0.01499	0.01007	0.01531	0.00946	0.01524	0.00906	0.01407	0.08873	0.00341	0.61583	0.00568	0.00284	0.00683
6	0.01353	0.01165	0.01929	0.04858	0.02020	0.01166	0.22056	0.10618	0.06195	0.04327	0.04479	0.27798	0.02472	0.01190	0.00748	0.00230	0.00668	0.05463	0.00513	0.00754
7	0.02846	0.01080	0.01472	0.01129	0.01619	0.00932	0.00932	0.03092	0.01816	0.74187	0.02503	0.02159	0.01570	0.00785	0.00638	0.00196	0.00540	0.00638	0.00785	0.01080
8	0.01315	0.01128	0.01315	0.00940	0.01503	0.00846	0.00752	0.01597	0.01315	0.02067	0.01128	0.01315	0.00940	0.00470	0.00470	0.00094	0.00470	0.00376	0.00376	0.81583
9	0.01315	0.01128	0.01315	0.00940	0.01503	0.00846	0.00752	0.01597	0.01315	0.02067	0.01128	0.01315	0.00940	0.00470	0.00470	0.00094	0.00470	0.00376	0.00376	0.81583
10	0.01329	0.13362	0.64838	0.01711	0.02595	0.01613	0.02174	0.01994	0.01333	0.01939	0.01104	0.01296	0.00805	0.00595	0.00576	0.00192	0.00903	0.00451	0.00268	0.00921
11	0.00811	0.00643	0.00732	0.00739	0.00917	0.00564	0.00558	0.01015	0.01527	0.01952	0.24883	0.11527	0.44417	0.01559	0.00762	0.00219	0.00336	0.05666	0.00620	0.00555

[dist]
# distance from previous block
# <min> <max>
0	7

[block]
# block no. 1 follows, 35 sequences, length 35
# corresponding to MSA columns:
# 27-61
name=unknown_B
#
# <colnr> <probs for GDERKNQSTAVLIFYWHMCP>
#	G	D	E	R	K	N	Q	S	T	A	V	L	I	F	Y	W	H	M	C	P
0	0.00921	0.00621	0.00724	0.00724	0.00735	0.00633	0.00425	0.00943	0.00932	0.01254	0.01969	0.03988	0.02235	0.70524	0.10313	0.00655	0.00722	0.00899	0.00380	0.00402
1	0.00906	0.00680	0.01020	0.01020	0.01133	0.00793	0.00793	0.01133	0.01020	0.01473	0.01699	0.02492	0.01586	0.04758	0.75191	0.01020	0.01699	0.00680	0.00340	0.00566
2	0.02290	0.12111	0.01991	0.01556	0.01921	0.61381	0.01207	0.07083	0.01815	0.01709	0.01005	0.01154	0.00834	0.00647	0.00556	0.00162	0.01057	0.00411	0.00341	0.00768
3	0.01407	0.18130	0.54535	0.01752	0.05707	0.04156	0.02037	0.02002	0.01349	0.01893	0.01084	0.01279	0.00815	0.00591	0.00564	0.00186	0.00884	0.00445	0.00273	0.00909
4	0.01545	0.31655	0.14812	0.01215	0.01720	0.01756	0.01203	0.06984	0.12673	0.03966	0.09933	0.04211	0.01766	0.00765	0.00554	0.00177	0.00627	0.00594	0.02994	0.00849
5	0.01272	0.03281	0.74418	0.01808	0.02746	0.01473	0.02344	0.02009	0.01339	0.02009	0.01138	0.01339	0.00804	0.00603	0.00603	0.00201	0.00938	0.00469	0.00268	0.00938
6	0.02846	0.01080	0.01472	0.01129	0.01619	0.00932	0.00932	0.03092	0.01816	0.74187	0.02503	0.02159	0.01570	0.00785	0.00638	0.00196	0.00540	0.00638	0.00785	0.01080
7	0.01404	0.01377	0.02438	0.33482	0.30141	0.01486	0.13315	0.01891	0.04599	0.01905	0.01244	0.01680	0.00974	0.00602	0.00651	0.00203	0.00833	0.00602	0.00317	0.00856
8	0.01570	0.01507	0.02575	0.03894	0.73748	0.01507	0.01947	0.01947	0.01444	0.02073	0.01193	0.01570	0.01005	0.00565	0.00628	0.00188	0.00754	0.00565	0.00314	0.01005
9	0.00906	0.00680	0.01020	0.01020	0.01133	0.00793	0.00793	0.01133	0.01020	0.01473	0.01699	0.02492	0.01586	0.04758	0.75191	0.01020	0.01699	0.00680	0.00340	0.00566
10	0.01816	0.01481	0.01569	0.01339	0.01740	0.01689	0.01062	0.22867	0.52718	0.03038	0.02280	0.02126	0.01692	0.00832	0.00642	0.00208	0.00558	0.00676	0.00642	0.01025
11	0.01638	0.01867	0.06074	0.02317	0.02902	0.08578	0.50067	0.06704	0.09082	0.02178	0.01401	0.01699	0.01052	0.00598	0.00708	0.00207	0.00988	0.00690	0.00374	0.00878
12	0.02374	0.02899	0.01808	0.01617	0.01962	0.67837	0.01224	0.09445	0.01916	0.01797	0.01035	0.01182	0.00843	0.00665	0.00578	0.00166	0.01099	0.00425	0.00358	0.00770
13	0.02190	0.01667	0.01779	0.01415	0.01883	0.01864	0.01152	0.53498	0.21478	0.03641	0.01804	0.01747	0.01307	0.00788	0.00638	0.00197	0.00646	0.00610	0.00638	0.01059
14	0.01198	0.01128	0.01903	0.76180	0.04369	0.01409	0.01762	0.01621	0.01268	0.01621	0.01128	0.01691	0.00846	0.00634	0.00634	0.00211	0.00846	0.00564	0.00282	0.00705
15	0.00864	0.00679	0.00802	0.00863	0.01049	0.00617	0.00708	0.01080	0.01452	0.01791	0.05142	0.06545	0.44236	0.01668	0.00803	0.00247	0.00431	0.29881	0.00587	0.00556
16	0.00786	0.00654	0.00693	0.00712	0.00917	0.00561	0.00553	0.00964	0.01448	0.01738	0.06022	0.06244	0.64278	0.01626	0.00766	0.00224	0.00356	0.10327	0.00588	0.00542
17	0.01535	0.39854	0.34102	0.01521	0.04671	0.04981	0.01668	0.01975	0.01337	0.01740	0.01008	0.01182	0.00816	0.00574	0.00507	0.00167	0.00813	0.00406	0.00274	0.00871
18	0.00757	0.00643	0.00652	0.00650	0.00861	0.00538	0.00487	0.00924	0.01462	0.01752	0.09531	0.06042	0.70362	0.01592	0.00750	0.00214	0.00320	0.01330	0.00594	0.00538
19	0.01497	0.01711	0.03743	0.02674	0.03316	0.01604	0.71444	0.02032	0.01497	0.02032	0.01283	0.01711	0.00963	0.00535	0.00749	0.00214	0.01070	0.00749	0.00321	0.00856
20	0.05513	0.01149	0.11592	0.00988	0.01280	0.03106	0.00892	0.01433	0.01658	0.04419	0.49210	0.05778	0.06660	0.01160	0.00703	0.00202	0.00445	0.02545	0.00601	0.00666
21	0.01476	0.04502	0.23902	0.02328	0.03046	0.01609	0.46637	0.04854	0.01506	0.02089	0.01239	0.01576	0.00917	0.00564	0.00692	0.00207	0.01005	0.00649	0.00317	0.00887
22	0.01022	0.00730	0.01022	0.01168	0.01314	0.00730	0.01022	0.01314	0.01460	0.01899	0.03359	0.07156	0.03651	0.01752	0.00876	0.00292	0.00584	0.69478	0.00584	0.00584
23	0.01952	0.01157	0.01282	0.01054	0.01409	0.01213	0.00848	0.25023	0.09435	0.16928	0.02028	0.02049	0.01468	0.00768	0.00565	0.00178	0.00497	0.00607	0.30648	0.00890
24	0.01288	0.06626	0.67000	0.06003	0.02786	0.01518	0.02252	0.01982	0.01333	0.01963	0.01126	0.01344	0.00806	0.00602	0.00595	0.00198	0.00920	0.00468	0.00269	0.00919
25	0.01198	0.01128	0.01903	0.76180	0.04369	0.01409	0.01762	0.01621	0.01268	0.01621	0.01128	0.01691	0.00846	0.00634	0.00634	0.00211	0.00846	0.00564	0.00282	0.00705
26	0.02708	0.01039	0.01399	0.01084	0.01546	0.00904	0.00892	0.02957	0.01775	0.68206	0.02467	0.02176	0.01575	0.00781	0.00622	0.00192	0.00519	0.00634	0.07484	0.01039
27	0.00798	0.00628	0.00732	0.00751	0.00908	0.00562	0.00550	0.00985	0.01453	0.01871	0.20983	0.20186	0.39281	0.01807	0.05329	0.00269	0.00410	0.01350	0.00599	0.00548
28	0.01272	0.03281	0.74418	0.01808	0.02746	0.01473	0.02344	0.02009	0.01339	0.02009	0.01138	0.01339	0.00804	0.00603	0.00603	0.00201	0.00938	0.00469	0.00268	0.00938
29	0.00773	0.00552	0.00736	0.00883	0.00920	0.00515	0.00589	0.00883	0.01215	0.01619	0.03497	0.77291	0.04196	0.01987	0.00810	0.00258	0.00368	0.01803	0.00589	0.00515
30	0.00773	0.00552	0.00736	0.00883	0.00920	0.00515	0.00589	0.00883	0.01215	0.01619	0.03497	0.77291	0.04196	0.01987	0.00810	0.00258	0.00368	0.01803	0.00589	0.00515
31	0.01570	0.00872	0.01032	0.00947	0.01193	0.03049	0.00719	0.01907	0.07184	0.23472	0.11785	0.23117	0.07489	0.01224	0.00678	0.00209	0.00432	0.01056	0.11314	0.00750
32	0.00781	0.00563	0.00742	0.00883	0.00931	0.00524	0.00600	0.00900	0.01234	0.01634	0.03624	0.71564	0.07299	0.01962	0.00809	0.00257	0.00374	0.04214	0.00589	0.00519
33	0.03741	0.07131	0.01520	0.01021	0.01560	0.05860	0.00831	0.05490	0.01429	0.02117	0.01114	0.01285	0.00923	0.00506	0.00478	0.00110	0.00542	0.00385	0.00379	0.63579
34	0.01366	0.19374	0.55738	0.01613	0.02448	0.01669	0.02000	0.01967	0.01327	0.01900	0.01082	0.01269	0.00812	0.00584	0.00554	0.00182	0.00860	0.00437	0.00273	0.04545

[dist]
# distance from previous block
# <min> <max>
0	3

[block]
# block no. 2 follows, 35 sequences, length 36
# corresponding to MSA columns:
# 65-100
name=unknown_C
#
# <colnr> <probs for GDERKNQSTAVLIFYWHMCP>
#	G	D	E	R	K	N	Q	S	T	A	V	L	I	F	Y	W	H	M	C	P
0	0.03878	0.04519	0.32809	0.03995	0.11412	0.01516	0.11853	0.07513	0.06862	0.04259	0.01424	0.04615	0.01116	0.00680	0.00631	0.00202	0.00824	0.00602	0.00370	0.00920
1	0.01609	0.01403	0.01549	0.01179	0.01684	0.05504	0.02888	0.14594	0.08425	0.02428	0.01325	0.01457	0.01050	0.00592	0.00579	0.00136	0.02874	0.00462	0.00441	0.49821
2	0.01398	0.00869	0.01141	0.09066	0.01469	0.00951	0.02804	0.05543	0.01380	0.08735	0.01785	0.02184	0.01424	0.03895	0.06996	0.02667	0.07165	0.00611	0.39245	0.00673
3	0.00817	0.00581	0.00772	0.00883	0.00927	0.00568	0.00599	0.00932	0.01160	0.01559	0.03080	0.56367	0.03618	0.12591	0.09765	0.00396	0.00563	0.03784	0.00532	0.00506
4	0.00773	0.00591	0.00710	0.00791	0.00899	0.00528	0.00551	0.00914	0.01338	0.01716	0.09317	0.46654	0.29330	0.01803	0.00784	0.00238	0.00347	0.01591	0.00596	0.00528
5	0.00773	0.00552	0.00736	0.00883	0.00920	0.00515	0.00589	0.00883	0.01215	0.01619	0.03497	0.77291	0.04196	0.01987	0.00810	0.00258	0.00368	0.01803	0.00589	0.00515
6	0.01696	0.78087	0.03324	0.01085	0.01628	0.02510	0.01085	0.01900	0.01289	0.01493	0.00882	0.01018	0.00814	0.00543	0.00407	0.00136	0.00678	0.00339	0.00271	0.00814
7	0.00762	0.00624	0.00672	0.00700	0.00875	0.00535	0.00510	0.00920	0.01417	0.01738	0.09318	0.20598	0.55795	0.01668	0.00762	0.00222	0.00330	0.01424	0.00595	0.00535
8	0.82186	0.01227	0.00932	0.00834	0.01227	0.01423	0.00687	0.01865	0.01080	0.02846	0.00883	0.01031	0.00687	0.00589	0.00393	0.00196	0.00491	0.00344	0.00393	0.00687
9	0.01183	0.00591	0.00591	0.00591	0.00739	0.00591	0.00443	0.01478	0.01330	0.02365	0.02069	0.02365	0.01626	0.00739	0.00443	0.00148	0.00296	0.00591	0.81227	0.00591
10	0.82186	0.01227	0.00932	0.00834	0.01227	0.01423	0.00687	0.01865	0.01080	0.02846	0.00883	0.01031	0.00687	0.00589	0.00393	0.00196	0.00491	0.00344	0.00393	0.00687
11	0.02412	0.01777	0.01904	0.01460	0.01967	0.01967	0.01206	0.71633	0.02983	0.03998	0.01523	0.01523	0.01079	0.00762	0.00635	0.00190	0.00698	0.00571	0.00635	0.01079
12	0.82186	0.01227	0.00932	0.00834	0.01227	0.01423	0.00687	0.01865	0.01080	0.02846	0.00883	0.01031	0.00687	0.00589	0.00393	0.00196	0.00491	0.00344	0.00393	0.00687
13	0.00778	0.00557	0.00748	0.00889	0.00929	0.00527	0.00597	0.00893	0.01207	0.01613	0.03423	0.74251	0.04090	0.02100	0.03833	0.00289	0.00422	0.01758	0.00579	0.00517
14	0.02412	0.01777	0.01904	0.01460	0.01967	0.01967	0.01206	0.71633	0.02983	0.03998	0.01523	0.01523	0.01079	0.00762	0.00635	0.00190	0.00698	0.00571	0.00635	0.01079
15	0.82186	0.01227	0.00932	0.00834	0.01227	0.01423	0.00687	0.01865	0.01080	0.02846	0.00883	0.01031	0.00687	0.00589	0.00393	0.00196	0.00491	0.00344	0.00393	0.00687
16	0.04792	0.01728	0.01837	0.01427	0.01920	0.01920	0.01174	0.64129	0.08396	0.03857	0.01587	0.01574	0.01134	0.00764	0.00628	0.00193	0.00676	0.00576	0.00628	0.01061
17	0.00898	0.00648	0.00848	0.00798	0.00948	0.00599	0.00599	0.01197	0.01796	0.02544	0.73413	0.04739	0.05986	0.01297	0.00748	0.00200	0.00299	0.01147	0.00698	0.00599
18	0.00778	0.00563	0.00735	0.00862	0.00917	0.00521	0.00582	0.00902	0.01261	0.01674	0.07343	0.68580	0.09088	0.01925	0.00802	0.00252	0.00361	0.01737	0.00595	0.00521
19	0.01290	0.06309	0.71541	0.01779	0.02700	0.01515	0.02293	0.02005	0.01337	0.01988	0.01128	0.01326	0.00804	0.00600	0.00595	0.00198	0.00927	0.00464	0.00268	0.00933
20	0.01505	0.44374	0.35364	0.01411	0.02132	0.02043	0.01653	0.01949	0.01312	0.01725	0.00998	0.01163	0.00809	0.00570	0.00495	0.00165	0.00795	0.00398	0.00270	0.00870
21	0.01855	0.04532	0.05665	0.02026	0.02547	0.17170	0.33435	0.11679	0.01737	0.06163	0.01303	0.01571	0.00989	0.00775	0.03378	0.00227	0.03087	0.00613	0.00387	0.00860
22	0.67888	0.06269	0.09496	0.00961	0.01426	0.01497	0.00902	0.01883	0.01122	0.02666	0.00912	0.01065	0.00708	0.00588	0.00418	0.00193	0.00554	0.00358	0.00371	0.00724
23	0.01388	0.01388	0.01943	0.01666	0.01666	0.01943	0.01388	0.01527	0.00972	0.01527	0.00833	0.01388	0.00833	0.01110	0.02082	0.00278	0.76544	0.00555	0.00278	0.00694
24	0.01292	0.00900	0.01197	0.01090	0.01319	0.00906	0.04402	0.03371	0.10835	0.10093	0.20034	0.07905	0.08822	0.08326	0.01017	0.00264	0.02799	0.14125	0.00603	0.00701
25	0.01102	0.00551	0.00826	0.00826	0.00826	0.00551	0.00551	0.00826	0.00826	0.01102	0.01102	0.01928	0.01102	0.02204	0.02479	0.81543	0.00551	0.00551	0.00275	0.00275
26	0.00814	0.00650	0.00732	0.00726	0.00915	0.00568	0.00553	0.01028	0.01559	0.01992	0.27744	0.05732	0.47433	0.01516	0.00757	0.00214	0.00331	0.05552	0.00624	0.00559
27	0.82186	0.01227	0.00932	0.00834	0.01227	0.01423	0.00687	0.01865	0.01080	0.02846	0.00883	0.01031	0.00687	0.00589	0.00393	0.00196	0.00491	0.00344	0.00393	0.00687
28	0.00847	0.00642	0.00785	0.00797	0.00952	0.00581	0.00603	0.01076	0.01575	0.02093	0.35813	0.14788	0.27198	0.01531	0.00770	0.00221	0.00344	0.08182	0.00638	0.00566
29	0.01696	0.78087	0.03324	0.01085	0.01628	0.02510	0.01085	0.01900	0.01289	0.01493	0.00882	0.01018	0.00814	0.00543	0.00407	0.00136	0.00678	0.00339	0.00271	0.00814
30	0.00750	0.00643	0.00643	0.00643	0.00857	0.00536	0.00482	0.00910	0.01446	0.01714	0.06427	0.06105	0.73490	0.01607	0.00750	0.00214	0.00321	0.01339	0.00589	0.00536
31	0.02453	0.01711	0.01863	0.01428	0.01934	0.01869	0.01180	0.65142	0.02872	0.10645	0.01616	0.01583	0.01125	0.00764	0.00635	0.00191	0.00683	0.00577	0.00649	0.01079
32	0.01694	0.01568	0.04312	0.08232	0.24006	0.01545	0.12622	0.19033	0.05856	0.02532	0.01352	0.01597	0.01043	0.00619	0.00629	0.00184	0.00752	0.00577	0.00417	0.11431
33	0.02718	0.01160	0.01512	0.01156	0.01652	0.01044	0.00954	0.10704	0.01921	0.62553	0.02321	0.02044	0.01482	0.00766	0.00629	0.00190	0.00554	0.00617	0.00747	0.05275
34	0.01022	0.00730	0.01022	0.01168	0.01314	0.00730	0.01022	0.01314	0.01460	0.01899	0.03359	0.07156	0.03651	0.01752	0.00876	0.00292	0.00584	0.69478	0.00584	0.00584
35	0.00773	0.00552	0.00736	0.00883	0.00920	0.00515	0.00589	0.00883	0.01215	0.01619	0.03497	0.77291	0.04196	0.01987	0.00810	0.00258	0.00368	0.01803	0.00589	0.00515

[dist]
# distance from previous block
# <min> <max>
0	11

[block]
# block no. 3 follows, 35 sequences, length 122
# corresponding to MSA columns:
# 112-233
name=unknown_D
#
# <colnr> <probs for GDERKNQSTAVLIFYWHMCP>
#	G	D	E	R	K	N	Q	S	T	A	V	L	I	F	Y	W	H	M	C	P
0	0.08288	0.46609	0.09073	0.03610	0.01854	0.10305	0.01214	0.09158	0.01507	0.01917	0.00990	0.01135	0.00832	0.00590	0.00472	0.00157	0.00745	0.00390	0.00325	0.00830
1	0.00866	0.00647	0.00804	0.00765	0.00928	0.00585	0.00574	0.01136	0.01721	0.02367	0.59119	0.05030	0.20390	0.01363	0.00749	0.00203	0.00304	0.01188	0.00675	0.00585
2	0.02846	0.01080	0.01472	0.01129	0.01619	0.00932	0.00932	0.03092	0.01816	0.74187	0.02503	0.02159	0.01570	0.00785	0.00638	0.00196	0.00540	0.00638	0.00785	0.01080
3	0.01212	0.01004	0.01510	0.01584	0.12865	0.03053	0.09194	0.03717	0.01577	0.04752	0.25952	0.22609	0.03535	0.01202	0.00724	0.00212	0.00526	0.01106	0.02959	0.00708
4	0.01373	0.19576	0.56928	0.01707	0.04437	0.01701	0.02058	0.01983	0.01331	0.01898	0.01084	0.01275	0.00811	0.00589	0.00561	0.00186	0.00876	0.00443	0.00270	0.00912
5	0.01198	0.01128	0.01903	0.76180	0.04369	0.01409	0.01762	0.01621	0.01268	0.01621	0.01128	0.01691	0.00846	0.00634	0.00634	0.00211	0.00846	0.00564	0.00282	0.00705
6	0.01307	0.07359	0.67079	0.01810	0.02711	0.01537	0.05591	0.02004	0.01344	0.01981	0.01131	0.01339	0.00812	0.00596	0.00599	0.00198	0.00930	0.00475	0.00271	0.00927
7	0.01020	0.00781	0.00953	0.00894	0.01084	0.00779	0.00682	0.01586	0.14627	0.02516	0.56102	0.04431	0.07392	0.01243	0.00734	0.00206	0.00346	0.03274	0.00681	0.00670
8	0.06040	0.12523	0.55928	0.01612	0.02436	0.01563	0.01988	0.02065	0.01353	0.07203	0.01190	0.01340	0.00854	0.00607	0.00568	0.00192	0.00850	0.00457	0.00313	0.00918
9	0.82186	0.01227	0.00932	0.00834	0.01227	0.01423	0.00687	0.01865	0.01080	0.02846	0.00883	0.01031	0.00687	0.00589	0.00393	0.00196	0.00491	0.00344	0.00393	0.00687
10	0.01696	0.78087	0.03324	0.01085	0.01628	0.02510	0.01085	0.01900	0.01289	0.01493	0.00882	0.01018	0.00814	0.00543	0.00407	0.00136	0.00678	0.00339	0.00271	0.00814
11	0.00794	0.00569	0.00747	0.00860	0.00915	0.00530	0.00581	0.00927	0.01289	0.01733	0.12869	0.63403	0.06199	0.04286	0.00877	0.00260	0.00365	0.01676	0.00597	0.00523
12	0.00823	0.00647	0.00748	0.00764	0.00927	0.00580	0.00563	0.01056	0.03276	0.01952	0.24076	0.19780	0.37505	0.01582	0.00762	0.00221	0.00336	0.03219	0.00620	0.00562
13	0.00848	0.00665	0.00984	0.01034	0.01107	0.00652	0.05096	0.00987	0.01221	0.01641	0.03229	0.68881	0.03830	0.01854	0.00867	0.00256	0.04069	0.01677	0.00557	0.00545
14	0.54854	0.01403	0.01189	0.01010	0.01420	0.05450	0.00824	0.15692	0.01547	0.06829	0.01306	0.01381	0.03494	0.00674	0.00476	0.00194	0.00563	0.00444	0.00465	0.00783
15	0.01696	0.78087	0.03324	0.01085	0.01628	0.02510	0.01085	0.01900	0.01289	0.01493	0.00882	0.01018	0.00814	0.00543	0.00407	0.00136	0.00678	0.00339	0.00271	0.00814
16	0.00947	0.00683	0.00931	0.01068	0.01193	0.00668	0.00886	0.01188	0.01402	0.01822	0.03593	0.23340	0.08371	0.01797	0.00852	0.00279	0.00517	0.49313	0.00586	0.00565
17	0.82186	0.01227	0.00932	0.00834	0.01227	0.01423	0.00687	0.01865	0.01080	0.02846	0.00883	0.01031	0.00687	0.00589	0.00393	0.00196	0.00491	0.00344	0.00393	0.00687
18	0.01478	0.06073	0.19558	0.02308	0.02967	0.03930	0.46155	0.02008	0.01432	0.01956	0.01196	0.01556	0.00907	0.00585	0.00765	0.00209	0.05112	0.00643	0.00304	0.00859
19	0.82186	0.01227	0.00932	0.00834	0.01227	0.01423	0.00687	0.01865	0.01080	0.02846	0.00883	0.01031	0.00687	0.00589	0.00393	0.00196	0.00491	0.00344	0.00393	0.00687
20	0.00935	0.00667	0.00879	0.00965	0.01099	0.00640	0.00780	0.01184	0.01476	0.01985	0.17784	0.18910	0.10590	0.01639	0.00805	0.00253	0.00449	0.33785	0.04604	0.00571
21	0.01340	0.01162	0.01305	0.00947	0.01491	0.02873	0.00755	0.01619	0.01329	0.02063	0.01154	0.01345	0.00958	0.00484	0.00472	0.00098	0.00483	0.00384	0.02980	0.76759
22	0.00915	0.00612	0.00694	0.00701	0.00703	0.00610	0.00394	0.00921	0.00937	0.01249	0.02071	0.07662	0.02397	0.74071	0.03113	0.00598	0.00603	0.00965	0.00394	0.00391
23	0.01341	0.01273	0.02161	0.48448	0.30986	0.01447	0.01833	0.01746	0.01336	0.01794	0.01153	0.01645	0.00907	0.00608	0.00632	0.00203	0.00810	0.00564	0.00294	0.00820
24	0.02525	0.01090	0.01439	0.01089	0.01595	0.00914	0.00895	0.02778	0.01711	0.59071	0.02215	0.01982	0.01438	0.00719	0.00603	0.00175	0.00525	0.00583	0.00699	0.17953
25	0.82186	0.01227	0.00932	0.00834	0.01227	0.01423	0.00687	0.01865	0.01080	0.02846	0.00883	0.01031	0.00687	0.00589	0.00393	0.00196	0.00491	0.00344	0.00393	0.00687
26	0.01784	0.01312	0.01425	0.01221	0.01586	0.01454	0.00975	0.21752	0.34811	0.07173	0.04865	0.02439	0.01873	0.00873	0.00633	0.00202	0.00530	0.03974	0.10171	0.00945
27	0.00923	0.00615	0.00692	0.00692	0.00692	0.00615	0.00384	0.00923	0.00923	0.01230	0.01999	0.04151	0.02306	0.77705	0.03229	0.00615	0.00615	0.00923	0.00384	0.00384
28	0.01696	0.78087	0.03324	0.01085	0.01628	0.02510	0.01085	0.01900	0.01289	0.01493	0.00882	0.01018	0.00814	0.00543	0.00407	0.00136	0.00678	0.00339	0.00271	0.00814
29	0.80091	0.01223	0.00947	0.00842	0.01237	0.01410	0.00694	0.01897	0.01099	0.04730	0.00926	0.01060	0.00710	0.00594	0.00399	0.00196	0.00492	0.00351	0.00403	0.00697
30	0.02846	0.01080	0.01472	0.01129	0.01619	0.00932	0.00932	0.03092	0.01816	0.74187	0.02503	0.02159	0.01570	0.00785	0.00638	0.00196	0.00540	0.00638	0.00785	0.01080
31	0.00823	0.00642	0.00746	0.00727	0.00903	0.00566	0.00542	0.01049	0.01608	0.02115	0.38940	0.07874	0.38255	0.01469	0.00751	0.00209	0.00312	0.01261	0.00642	0.00566
32	0.02412	0.01777	0.01904	0.01460	0.01967	0.01967	0.01206	0.71633	0.02983	0.03998	0.01523	0.01523	0.01079	0.00762	0.00635	0.00190	0.00698	0.00571	0.00635	0.01079
33	0.00771	0.00644	0.00673	0.00665	0.00870	0.00545	0.00499	0.00952	0.01497	0.01835	0.16201	0.05906	0.63641	0.01561	0.00750	0.00212	0.00318	0.01311	0.00605	0.00545
34	0.02412	0.01777	0.01904	0.01460	0.01967	0.01967	0.01206	0.71633	0.02983	0.03998	0.01523	0.01523	0.01079	0.00762	0.00635	0.00190	0.00698	0.00571	0.00635	0.01079
35	0.02846	0.01080	0.01472	0.01129	0.01619	0.00932	0.00932	0.03092	0.01816	0.74187	0.02503	0.02159	0.01570	0.00785	0.00638	0.00196	0.00540	0.00638	0.00785	0.01080
36	0.00770	0.00563	0.00725	0.00855	0.00913	0.00518	0.00576	0.00887	0.01242	0.01631	0.03843	0.68883	0.12380	0.01943	0.00803	0.00253	0.00363	0.01749	0.00589	0.00518
37	0.01497	0.01711	0.03743	0.02674	0.03316	0.01604	0.71444	0.02032	0.01497	0.02032	0.01283	0.01711	0.00963	0.00535	0.00749	0.00214	0.01070	0.00749	0.00321	0.00856
38	0.01102	0.00551	0.00826	0.00826	0.00826	0.00551	0.00551	0.00826	0.00826	0.01102	0.01102	0.01928	0.01102	0.02204	0.02479	0.81543	0.00551	0.00551	0.00275	0.00275
39	0.00773	0.00552	0.00736	0.00883	0.00920	0.00515	0.00589	0.00883	0.01215	0.01619	0.03497	0.77291	0.04196	0.01987	0.00810	0.00258	0.00368	0.01803	0.00589	0.00515
40	0.01161	0.00593	0.00600	0.00600	0.00735	0.00593	0.00439	0.01432	0.01297	0.02271	0.02064	0.02513	0.01682	0.07110	0.00674	0.00186	0.00322	0.00619	0.74535	0.00574
41	0.02272	0.02866	0.01746	0.01593	0.01906	0.70172	0.01197	0.02439	0.01746	0.01547	0.01029	0.01234	0.00869	0.00929	0.05575	0.00221	0.01181	0.00427	0.00328	0.00724
42	0.02825	0.01113	0.01493	0.01145	0.01636	0.00982	0.00946	0.06382	0.01872	0.70818	0.02456	0.02129	0.01547	0.00784	0.00638	0.00196	0.00547	0.00635	0.00778	0.01080
43	0.01720	0.75390	0.03269	0.01105	0.01640	0.05120	0.01091	0.01922	0.01307	0.01495	0.00885	0.01022	0.00814	0.00547	0.00413	0.00137	0.00695	0.00342	0.00273	0.00811
44	0.01542	0.01476	0.02503	0.03726	0.68999	0.01497	0.01890	0.01906	0.01415	0.02035	0.01199	0.01595	0.01019	0.00723	0.03170	0.00219	0.03224	0.00569	0.00314	0.00980
45	0.02039	0.01529	0.01974	0.04719	0.24880	0.03660	0.01387	0.23486	0.13075	0.14154	0.01709	0.01766	0.01252	0.00711	0.00633	0.00195	0.00678	0.00598	0.00537	0.01021
46	0.04825	0.01633	0.01694	0.01373	0.01771	0.06463	0.01113	0.45795	0.08745	0.03234	0.01540	0.01656	0.01165	0.01120	0.06433	0.02475	0.04877	0.00573	0.02571	0.00943
47	0.01388	0.01388	0.01943	0.01666	0.01666	0.01943	0.01388	0.01527	0.00972	0.01527	0.00833	0.01388	0.00833	0.01110	0.02082	0.00278	0.76544	0.00555	0.00278	0.00694
48	0.01895	0.04445	0.03810	0.03992	0.12153	0.42845	0.01296	0.02129	0.01624	0.01745	0.09038	0.01684	0.01444	0.00883	0.03374	0.00211	0.05780	0.00536	0.00359	0.00757
49	0.01315	0.01128	0.01315	0.00940	0.01503	0.00846	0.00752	0.01597	0.01315	0.02067	0.01128	0.01315	0.00940	0.00470	0.00470	0.00094	0.00470	0.00376	0.00376	0.81583
50	0.01489	0.01070	0.01492	0.01234	0.01508	0.01122	0.07114	0.07536	0.06576	0.13077	0.29062	0.05082	0.05190	0.01058	0.00911	0.00212	0.11946	0.00874	0.00591	0.02856
51	0.01540	0.01508	0.02664	0.07976	0.61949	0.01512	0.09585	0.01937	0.01440	0.02042	0.01199	0.01593	0.00991	0.00566	0.00642	0.00193	0.00794	0.00585	0.00313	0.00971
52	0.01198	0.01128	0.01903	0.76180	0.04369	0.01409	0.01762	0.01621	0.01268	0.01621	0.01128	0.01691	0.00846	0.00634	0.00634	0.00211	0.00846	0.00564	0.00282	0.00705
53	0.00776	0.00557	0.00737	0.00875	0.00919	0.00518	0.00587	0.00893	0.01236	0.01647	0.05473	0.73568	0.05945	0.01959	0.00807	0.00255	0.00365	0.01774	0.00592	0.00518
54	0.01167	0.00983	0.01280	0.01183	0.01362	0.05476	0.04448	0.08053	0.01304	0.01770	0.01818	0.11542	0.01763	0.03468	0.48523	0.00732	0.03299	0.00793	0.00396	0.00638
55	0.01548	0.01467	0.02442	0.04850	0.39108	0.03436	0.16351	0.04551	0.05424	0.02178	0.01405	0.01735	0.01120	0.00609	0.00630	0.00190	0.00759	0.00612	0.10677	0.00908
56	0.00923	0.00615	0.00692	0.00692	0.00692	0.00615	0.00384	0.00923	0.00923	0.01230	0.01999	0.04151	0.02306	0.77705	0.03229	0.00615	0.00615	0.00923	0.00384	0.00384
57	0.00923	0.00615	0.00692	0.00692	0.00692	0.00615	0.00384	0.00923	0.00923	0.01230	0.01999	0.04151	0.02306	0.77705	0.03229	0.00615	0.00615	0.00923	0.00384	0.00384
58	0.02169	0.01647	0.01762	0.01402	0.01864	0.01838	0.01141	0.53029	0.20187	0.03630	0.03527	0.01810	0.01410	0.00799	0.00640	0.00197	0.00640	0.00621	0.00639	0.01049
59	0.01834	0.01443	0.01542	0.01312	0.01705	0.01631	0.01037	0.22341	0.48219	0.05551	0.02264	0.02183	0.01696	0.03402	0.00729	0.00221	0.00562	0.00680	0.00639	0.01007
60	0.00773	0.00552	0.00736	0.00883	0.00920	0.00515	0.00589	0.00883	0.01215	0.01619	0.03497	0.77291	0.04196	0.01987	0.00810	0.00258	0.00368	0.01803	0.00589	0.00515
61	0.00943	0.00713	0.00928	0.00928	0.01008	0.02542	0.00669	0.01094	0.01013	0.01402	0.01825	0.05031	0.01866	0.27559	0.48668	0.00850	0.01308	0.00780	0.00360	0.00512
62	0.02531	0.01378	0.01631	0.01273	0.01755	0.01401	0.01045	0.29124	0.10626	0.39107	0.02141	0.01942	0.01427	0.00785	0.00638	0.00196	0.00595	0.00622	0.00712	0.01070
63	0.01718	0.00961	0.01045	0.00885	0.01171	0.00990	0.00704	0.19729	0.01819	0.12254	0.01986	0.02121	0.01478	0.00751	0.00518	0.00165	0.00431	0.00592	0.49900	0.00781
64	0.00789	0.00563	0.00754	0.00901	0.00945	0.00529	0.00616	0.00910	0.01230	0.01637	0.03488	0.72877	0.04162	0.01973	0.00814	0.00260	0.00382	0.06063	0.00589	0.00520
65	0.02104	0.01670	0.01783	0.01528	0.05311	0.04024	0.01178	0.44455	0.25058	0.03404	0.01828	0.01783	0.01341	0.00780	0.00636	0.00197	0.00652	0.00613	0.00613	0.01041
66	0.01162	0.01085	0.01802	0.69980	0.04083	0.01337	0.01660	0.01562	0.01275	0.01625	0.01463	0.04488	0.04447	0.00727	0.00646	0.00213	0.00804	0.00643	0.00307	0.00690
67	0.02109	0.01799	0.01687	0.01410	0.01829	0.14246	0.01120	0.30671	0.29133	0.06440	0.01879	0.01809	0.01383	0.00782	0.00628	0.00195	0.00692	0.00602	0.00594	0.00992
68	0.08574	0.01114	0.01448	0.01118	0.01603	0.01003	0.00924	0.05296	0.01802	0.66675	0.02353	0.02056	0.01490	0.00770	0.00620	0.00196	0.00542	0.00614	0.00752	0.01051
69	0.01198	0.01128	0.01903	0.76180	0.04369	0.01409	0.01762	0.01621	0.01268	0.01621	0.01128	0.01691	0.00846	0.00634	0.00634	0.00211	0.00846	0.00564	0.00282	0.00705
70	0.02782	0.01065	0.01452	0.01118	0.01597	0.00921	0.00921	0.03029	0.01815	0.71835	0.04831	0.02244	0.01715	0.00802	0.00642	0.00196	0.00532	0.00655	0.00782	0.01064
71	0.00898	0.00648	0.00848	0.00798	0.00948	0.00599	0.00599	0.01197	0.01796	0.02544	0.73413	0.04739	0.05986	0.01297	0.00748	0.00200	0.00299	0.01147	0.00698	0.00599
72	0.00896	0.00604	0.00700	0.00725	0.00732	0.00598	0.00420	0.00916	0.00973	0.01298	0.02260	0.16893	0.02636	0.64514	0.02807	0.00553	0.00572	0.01076	0.00420	0.00407
73	0.01497	0.01711	0.03743	0.02674	0.03316	0.01604	0.71444	0.02032	0.01497	0.02032	0.01283	0.01711	0.00963	0.00535	0.00749	0.00214	0.01070	0.00749	0.00321	0.00856
74	0.00923	0.00615	0.00692	0.00692	0.00692	0.00615	0.00384	0.00923	0.00923	0.01230	0.01999	0.04151	0.02306	0.77705	0.03229	0.00615	0.00615	0.00923	0.00384	0.00384
75	0.00906	0.00680	0.01020	0.01020	0.01133	0.00793	0.00793	0.01133	0.01020	0.01473	0.01699	0.02492	0.01586	0.04758	0.75191	0.01020	0.01699	0.00680	0.00340	0.00566
76	0.01315	0.01128	0.01315	0.00940	0.01503	0.00846	0.00752	0.01597	0.01315	0.02067	0.01128	0.01315	0.00940	0.00470	0.00470	0.00094	0.00470	0.00376	0.00376	0.81583
77	0.01272	0.03281	0.74418	0.01808	0.02746	0.01473	0.02344	0.02009	0.01339	0.02009	0.01138	0.01339	0.00804	0.00603	0.00603	0.00201	0.00938	0.00469	0.00268	0.00938
78	0.02351	0.02921	0.01793	0.01617	0.01953	0.69750	0.01219	0.05872	0.03678	0.01698	0.01048	0.01194	0.00859	0.00664	0.00577	0.00166	0.01106	0.00424	0.00350	0.00759
79	0.06394	0.04627	0.07801	0.01378	0.01901	0.07536	0.01205	0.39260	0.02322	0.16358	0.01559	0.01544	0.01091	0.00718	0.00601	0.00185	0.00705	0.00535	0.00573	0.03704
80	0.01625	0.33748	0.21062	0.01534	0.04685	0.05617	0.06107	0.05767	0.03504	0.03936	0.01228	0.01520	0.01015	0.00767	0.02943	0.00201	0.00819	0.02725	0.00336	0.00863
81	0.01497	0.01711	0.03743	0.02674	0.03316	0.01604	0.71444	0.02032	0.01497	0.02032	0.01283	0.01711	0.00963	0.00535	0.00749	0.00214	0.01070	0.00749	0.00321	0.00856
82	0.00811	0.00647	0.00732	0.00755	0.00935	0.00569	0.00579	0.01007	0.01486	0.01866	0.16847	0.11905	0.47755	0.01606	0.00771	0.00225	0.00355	0.09992	0.00606	0.00550
83	0.01310	0.09933	0.68096	0.01744	0.02646	0.01566	0.02232	0.01999	0.01335	0.01963	0.01116	0.01311	0.00805	0.00597	0.00585	0.00195	0.00915	0.00457	0.00268	0.00927
84	0.00826	0.00590	0.00797	0.00944	0.01004	0.00561	0.00681	0.00975	0.01267	0.01679	0.03467	0.62369	0.04080	0.01937	0.00824	0.00265	0.00414	0.16202	0.00588	0.00530
85	0.00849	0.00637	0.00787	0.00770	0.00923	0.00574	0.00570	0.01094	0.01648	0.02244	0.49715	0.12982	0.21985	0.01447	0.00755	0.00209	0.00312	0.01265	0.00660	0.00574
86	0.01560	0.01343	0.01421	0.01287	0.01639	0.01551	0.01005	0.03306	0.70346	0.02630	0.02607	0.02519	0.01991	0.00889	0.00653	0.00218	0.00505	0.02897	0.00644	0.00991
87	0.02077	0.01427	0.01521	0.01279	0.01678	0.05990	0.01014	0.19070	0.28425	0.20760	0.02287	0.08013	0.01754	0.00895	0.00650	0.00205	0.00587	0.00730	0.00654	0.00985
88	0.01487	0.01753	0.05969	0.02619	0.03253	0.01609	0.67350	0.02018	0.01478	0.02018	0.01267	0.01691	0.00954	0.00552	0.00780	0.00215	0.03080	0.00734	0.00318	0.00854
89	0.02846	0.01080	0.01472	0.01129	0.01619	0.00932	0.00932	0.03092	0.01816	0.74187	0.02503	0.02159	0.01570	0.00785	0.00638	0.00196	0.00540	0.00638	0.00785	0.01080
90	0.01155	0.00887	0.01114	0.01183	0.01379	0.00942	0.00991	0.01835	0.20377	0.02082	0.03161	0.10235	0.03229	0.01530	0.00811	0.00269	0.00549	0.46978	0.00601	0.00692
91	0.01497	0.01432	0.02442	0.18178	0.60039	0.01488	0.01910	0.01882	0.01410	0.01983	0.01180	0.01594	0.00973	0.00579	0.00629	0.00193	0.00772	0.00565	0.00308	0.00946
92	0.02792	0.01167	0.01526	0.01170	0.01663	0.01062	0.00967	0.11674	0.01962	0.65399	0.02380	0.02080	0.01509	0.00782	0.00638	0.00196	0.00560	0.00630	0.00766	0.01080
93	0.82186	0.01227	0.00932	0.00834	0.01227	0.01423	0.00687	0.01865	0.01080	0.02846	0.00883	0.01031	0.00687	0.00589	0.00393	0.00196	0.00491	0.00344	0.00393	0.00687
94	0.00923	0.00615	0.00692	0.00692	0.00692	0.00615	0.00384	0.00923	0.00923	0.01230	0.01999	0.04151	0.02306	0.77705	0.03229	0.00615	0.00615	0.00923	0.00384	0.00384
95	0.00971	0.00714	0.00996	0.00953	0.01049	0.00780	0.02691	0.02999	0.01049	0.01464	0.01798	0.03084	0.01832	0.32680	0.43231	0.00818	0.01235	0.00772	0.00365	0.00519
96	0.82186	0.01227	0.00932	0.00834	0.01227	0.01423	0.00687	0.01865	0.01080	0.02846	0.00883	0.01031	0.00687	0.00589	0.00393	0.00196	0.00491	0.00344	0.00393	0.00687
97	0.82186	0.01227	0.00932	0.00834	0.01227	0.01423	0.00687	0.01865	0.01080	0.02846	0.00883	0.01031	0.00687	0.00589	0.00393	0.00196	0.00491	0.00344	0.00393	0.00687
98	0.00850	0.00619	0.00802	0.00826	0.00944	0.00571	0.00600	0.01077	0.01570	0.02161	0.43447	0.28520	0.10368	0.01559	0.00772	0.00222	0.00332	0.03541	0.00651	0.00566
99	0.00880	0.00642	0.00828	0.00794	0.00940	0.00589	0.00591	0.01159	0.01736	0.02431	0.64623	0.09590	0.10098	0.01362	0.00752	0.00204	0.00305	0.01202	0.00684	0.00589
100	0.00873	0.00647	0.00813	0.00772	0.00932	0.00588	0.00579	0.01149	0.01737	0.02404	0.62089	0.04970	0.17398	0.01349	0.00748	0.00202	0.00303	0.01180	0.00680	0.00588
101	0.01696	0.78087	0.03324	0.01085	0.01628	0.02510	0.01085	0.01900	0.01289	0.01493	0.00882	0.01018	0.00814	0.00543	0.00407	0.00136	0.00678	0.00339	0.00271	0.00814
102	0.00911	0.00660	0.00920	0.00920	0.00998	0.00739	0.00668	0.01069	0.00990	0.01399	0.01791	0.02998	0.01806	0.27000	0.53249	0.00896	0.01369	0.00754	0.00353	0.00511
103	0.01315	0.01128	0.01315	0.00940	0.01503	0.00846	0.00752	0.01597	0.01315	0.02067	0.01128	0.01315	0.00940	0.00470	0.00470	0.00094	0.00470	0.00376	0.00376	0.81583
104	0.02370	0.03023	0.01798	0.01634	0.01961	0.75158	0.01226	0.02533	0.01798	0.01553	0.00981	0.01144	0.00817	0.00654	0.00572	0.00163	0.01144	0.00409	0.00327	0.00735
105	0.02412	0.01777	0.01904	0.01460	0.01967	0.01967	0.01206	0.71633	0.02983	0.03998	0.01523	0.01523	0.01079	0.00762	0.00635	0.00190	0.00698	0.00571	0.00635	0.01079
106	0.01893	0.01330	0.01472	0.01268	0.01663	0.01469	0.01002	0.07624	0.53566	0.17533	0.02499	0.02271	0.01807	0.00839	0.00643	0.00210	0.00522	0.00692	0.00674	0.01024
107	0.01559	0.01496	0.02555	0.06023	0.71704	0.01504	0.01941	0.01937	0.01439	0.02059	0.01191	0.01574	0.01000	0.00567	0.00628	0.00189	0.00756	0.00565	0.00313	0.00996
108	0.02846	0.01080	0.01472	0.01129	0.01619	0.00932	0.00932	0.03092	0.01816	0.74187	0.02503	0.02159	0.01570	0.00785	0.00638	0.00196	0.00540	0.00638	0.00785	0.01080
109	0.01570	0.01507	0.02575	0.03894	0.73748	0.01507	0.01947	0.01947	0.01444	0.02073	0.01193	0.01570	0.01005	0.00565	0.00628	0.00188	0.00754	0.00565	0.00314	0.01005
110	0.01570	0.01507	0.02575	0.03894	0.73748	0.01507	0.01947	0.01947	0.01444	0.02073	0.01193	0.01570	0.01005	0.00565	0.00628	0.00188	0.00754	0.00565	0.00314	0.01005
111	0.00918	0.00650	0.00859	0.00863	0.00924	0.00700	0.00601	0.01042	0.01014	0.01406	0.04133	0.03517	0.02139	0.39142	0.36072	0.00776	0.01101	0.03281	0.00381	0.00482
112	0.00921	0.00622	0.00727	0.00727	0.00740	0.00634	0.00429	0.00945	0.00933	0.01256	0.01966	0.03971	0.02228	0.69792	0.11035	0.00659	0.00733	0.00896	0.00380	0.00404
113	0.00773	0.00552	0.00736	0.00883	0.00920	0.00515	0.00589	0.00883	0.01215	0.01619	0.03497	0.77291	0.04196	0.01987	0.00810	0.00258	0.00368	0.01803	0.00589	0.00515
114	0.00898	0.00648	0.00848	0.00798	0.00948	0.00599	0.00599	0.01197	0.01796	0.02544	0.73413	0.04739	0.05986	0.01297	0.00748	0.00200	0.00299	0.01147	0.00698	0.00599
115	0.00773	0.00552	0.00736	0.00883	0.00920	0.00515	0.00589	0.00883	0.01215	0.01619	0.03497	0.77291	0.04196	0.01987	0.00810	0.00258	0.00368	0.01803	0.00589	0.00515
116	0.01022	0.00730	0.01022	0.01168	0.01314	0.00730	0.01022	0.01314	0.01460	0.01899	0.03359	0.07156	0.03651	0.01752	0.00876	0.00292	0.00584	0.69478	0.00584	0.00584
117	0.01578	0.01349	0.01427	0.01278	0.01633	0.01554	0.00995	0.05346	0.67904	0.02690	0.05153	0.02429	0.02059	0.00874	0.00649	0.00214	0.00501	0.00729	0.00647	0.00991
118	0.79703	0.01244	0.00963	0.00854	0.01250	0.01440	0.00703	0.04036	0.01139	0.02882	0.00903	0.01046	0.00699	0.00594	0.00400	0.00196	0.00497	0.00351	0.00400	0.00699
119	0.73743	0.01217	0.00958	0.00860	0.01244	0.01404	0.00703	0.01940	0.06165	0.02795	0.01189	0.01295	0.03212	0.00642	0.00422	0.00198	0.00486	0.00403	0.00417	0.00704
120	0.02151	0.01516	0.01501	0.01230	0.01640	0.14435	0.00982	0.16406	0.03747	0.24959	0.08129	0.02277	0.01780	0.02871	0.00697	0.00194	0.00654	0.03941	0.00593	0.10298
121	0.04913	0.01059	0.01554	0.01277	0.01662	0.00993	0.09206	0.04263	0.03987	0.34328	0.12190	0.03417	0.02491	0.01016	0.00705	0.00219	0.00580	0.14614	0.00655	0.00870

[dist]
# distance from previous block
# <min> <max>
0	1

[block]
# block no. 4 follows, 35 sequences, length 12
# corresponding to MSA columns:
# 235-246
name=unknown_E
#
# <colnr> <probs for GDERKNQSTAVLIFYWHMCP>
#	G	D	E	R	K	N	Q	S	T	A	V	L	I	F	Y	W	H	M	C	P
0	0.01423	0.01346	0.08190	0.01322	0.06689	0.01017	0.04560	0.04230	0.03531	0.07052	0.04475	0.02011	0.07742	0.00669	0.00565	0.00145	0.00557	0.00567	0.00435	0.43475
1	0.00809	0.00578	0.00777	0.00924	0.00977	0.00546	0.00651	0.00945	0.01250	0.01660	0.03477	0.67197	0.04117	0.01954	0.00819	0.00263	0.00399	0.11544	0.00588	0.00525
2	0.01315	0.01128	0.01315	0.00940	0.01503	0.00846	0.00752	0.01597	0.01315	0.02067	0.01128	0.01315	0.00940	0.00470	0.00470	0.00094	0.00470	0.00376	0.00376	0.81583
3	0.01716	0.01482	0.02693	0.06513	0.41811	0.01446	0.20014	0.02117	0.01503	0.12312	0.01400	0.01697	0.01067	0.00592	0.00661	0.00197	0.00810	0.00624	0.00381	0.00963
4	0.12974	0.01103	0.01389	0.01074	0.01558	0.00988	0.00885	0.02801	0.01676	0.58586	0.02172	0.01939	0.01400	0.00732	0.00591	0.00187	0.00527	0.00577	0.00698	0.08143
5	0.00795	0.00568	0.00761	0.00909	0.00955	0.00534	0.00627	0.00921	0.01236	0.01644	0.03484	0.71093	0.04148	0.01967	0.00816	0.00261	0.00387	0.07784	0.00588	0.00521
6	0.74866	0.01182	0.00941	0.00864	0.01235	0.01361	0.00717	0.01815	0.01114	0.02761	0.01107	0.01583	0.00954	0.00694	0.00436	0.00205	0.00499	0.06579	0.00410	0.00678
7	0.01689	0.13593	0.14185	0.01335	0.01832	0.03468	0.01247	0.15512	0.25893	0.04512	0.08656	0.02018	0.01762	0.00784	0.00607	0.00193	0.00637	0.00621	0.00522	0.00934
8	0.01850	0.11385	0.32821	0.01512	0.02187	0.09713	0.01618	0.13204	0.01711	0.12490	0.01345	0.01425	0.00965	0.00646	0.00580	0.00182	0.00814	0.00483	0.00411	0.04656
9	0.07598	0.08784	0.39860	0.04340	0.05665	0.13033	0.01808	0.03752	0.01430	0.03925	0.01112	0.01311	0.00837	0.00630	0.00621	0.00192	0.03460	0.00457	0.00312	0.00871
10	0.01630	0.23813	0.25123	0.03401	0.02058	0.01767	0.01470	0.14700	0.06663	0.04465	0.05075	0.04406	0.01354	0.00727	0.00573	0.00184	0.00721	0.00560	0.00412	0.00898
11	0.04752	0.12446	0.12541	0.01796	0.12185	0.19472	0.01421	0.13039	0.01748	0.10439	0.01271	0.01395	0.00965	0.00663	0.00622	0.00181	0.03266	0.00484	0.00410	0.00903

[dist]
# distance from previous block
# <min> <max>
8	14

[block]
# block no. 5 follows, 35 sequences, length 45
# corresponding to MSA columns:
# 264-268,270-309
name=unknown_F
#
# <colnr> <probs for GDERKNQSTAVLIFYWHMCP>
#	G	D	E	R	K	N	Q	S	T	A	V	L	I	F	Y	W	H	M	C	P
0	0.01477	0.01226	0.03519	0.12689	0.12740	0.03747	0.07978	0.01904	0.06520	0.11411	0.02152	0.07661	0.05131	0.01304	0.07473	0.00292	0.02600	0.08924	0.00460	0.00794
1	0.01439	0.00874	0.01098	0.01082	0.04607	0.00875	0.00772	0.03628	0.07742	0.15881	0.04951	0.08287	0.09184	0.16526	0.05394	0.00337	0.02410	0.05990	0.08218	0.00705
2	0.01558	0.04059	0.04108	0.18228	0.40282	0.05992	0.08165	0.01938	0.01435	0.04433	0.01265	0.03411	0.01043	0.00624	0.00634	0.00194	0.00811	0.00595	0.00329	0.00896
3	0.11296	0.06240	0.04949	0.07455	0.32670	0.14235	0.04352	0.04362	0.01508	0.05479	0.01172	0.01432	0.00933	0.00604	0.00583	0.00185	0.00799	0.00506	0.00352	0.00887
4	0.01990	0.01010	0.01417	0.01295	0.04958	0.00942	0.03788	0.03842	0.05377	0.37341	0.02744	0.11005	0.04210	0.01104	0.00706	0.00222	0.00552	0.14215	0.02400	0.00882
5	0.01390	0.01241	0.02087	0.50585	0.25376	0.01417	0.01779	0.01790	0.01348	0.05212	0.01213	0.01677	0.00929	0.00620	0.00633	0.00204	0.00803	0.00568	0.00316	0.00814
6	0.78311	0.01195	0.00923	0.00837	0.01212	0.01380	0.00682	0.01818	0.01086	0.02788	0.01008	0.04660	0.00854	0.00655	0.00412	0.00199	0.00485	0.00413	0.00402	0.00679
7	0.01556	0.01493	0.02550	0.06592	0.71158	0.01504	0.01940	0.01935	0.01438	0.02056	0.01191	0.01575	0.00999	0.00568	0.00628	0.00189	0.00757	0.00565	0.00313	0.00994
8	0.03636	0.05718	0.01485	0.01040	0.01529	0.01171	0.00852	0.16128	0.01690	0.09036	0.01417	0.01540	0.01094	0.00711	0.02609	0.00159	0.00554	0.00465	0.07891	0.41276
9	0.00897	0.00682	0.00864	0.00895	0.01053	0.00598	0.00644	0.01066	0.01300	0.01783	0.07471	0.49619	0.07813	0.01628	0.00745	0.00224	0.00395	0.06395	0.00556	0.15370
10	0.01570	0.01507	0.02575	0.03894	0.73748	0.01507	0.01947	0.01947	0.01444	0.02073	0.01193	0.01570	0.01005	0.00565	0.00628	0.00188	0.00754	0.00565	0.00314	0.01005
11	0.04193	0.01708	0.02195	0.09760	0.45203	0.14834	0.01653	0.05329	0.01549	0.02067	0.01197	0.01523	0.00979	0.00606	0.00603	0.00184	0.00800	0.00531	0.04182	0.00902
12	0.05579	0.01732	0.01839	0.01425	0.01920	0.01924	0.01174	0.65133	0.06670	0.03879	0.01555	0.01549	0.01109	0.00760	0.00625	0.00192	0.00679	0.00570	0.00625	0.01059
13	0.01220	0.01134	0.01896	0.59602	0.13316	0.01348	0.01680	0.01625	0.01340	0.01766	0.07781	0.01955	0.01339	0.00686	0.00644	0.00207	0.00783	0.00618	0.00324	0.00735
14	0.01716	0.27124	0.30935	0.01507	0.02169	0.12422	0.03760	0.02173	0.02984	0.07979	0.01186	0.01311	0.00904	0.00610	0.00544	0.00175	0.00844	0.00447	0.00332	0.00880
15	0.01102	0.00551	0.00826	0.00826	0.00826	0.00551	0.00551	0.00826	0.00826	0.01102	0.01102	0.01928	0.01102	0.02204	0.02479	0.81543	0.00551	0.00551	0.00275	0.00275
16	0.00765	0.00638	0.00668	0.00671	0.00869	0.00541	0.00499	0.00937	0.01467	0.01789	0.12779	0.09821	0.63183	0.01597	0.00753	0.00215	0.00322	0.01345	0.00600	0.00541
17	0.00922	0.00677	0.00916	0.00969	0.01090	0.00640	0.03285	0.01154	0.04706	0.04036	0.03712	0.53506	0.12932	0.01772	0.00792	0.00249	0.00417	0.07060	0.00588	0.00578
18	0.01626	0.04945	0.42374	0.01854	0.05899	0.01452	0.10288	0.02177	0.01428	0.15335	0.01385	0.01539	0.00976	0.00654	0.00708	0.00203	0.05304	0.00539	0.00373	0.00939
