[name]
unknown

[dist]
# distance from previous block
# <min> <max>
0	99

[block]
# block no. 0 follows, 37 sequences, length 41
# corresponding to MSA columns:
# 99-139
name=unknown_A
#
# <colnr> <probs for GDERKNQSTAVLIFYWHMCP>
#	G	D	E	R	K	N	Q	S	T	A	V	L	I	F	Y	W	H	M	C	P
0	0.02178	0.01589	0.01732	0.01335	0.01817	0.01708	0.01103	0.60258	0.02618	0.05847	0.01528	0.01678	0.01138	0.00743	0.00605	0.00178	0.00642	0.03239	0.00589	0.09475
1	0.13124	0.01445	0.01479	0.02770	0.01664	0.03745	0.00993	0.33654	0.20959	0.03101	0.09218	0.01933	0.01686	0.00785	0.00592	0.00191	0.00572	0.00611	0.00573	0.00904
2	0.01457	0.01240	0.01310	0.01186	0.01496	0.01426	0.00907	0.03007	0.65995	0.02418	0.02433	0.02463	0.01906	0.08918	0.00882	0.00248	0.00496	0.00713	0.00597	0.00907
3	0.02178	0.01641	0.01753	0.01378	0.01842	0.01829	0.01127	0.59786	0.15962	0.03618	0.01659	0.01620	0.01194	0.00753	0.00614	0.00188	0.00639	0.00577	0.00614	0.01028
4	0.01387	0.01541	0.03305	0.02381	0.02936	0.01449	0.64940	0.01849	0.01387	0.01880	0.01310	0.01896	0.01064	0.08636	0.00972	0.00247	0.00986	0.00740	0.00316	0.00778
5	0.01435	0.01358	0.02300	0.03455	0.66985	0.01355	0.01742	0.01772	0.01371	0.01954	0.01383	0.09490	0.01290	0.00688	0.00624	0.00189	0.00688	0.00670	0.00331	0.00920
6	0.01419	0.01212	0.01699	0.01465	0.01527	0.01616	0.01210	0.01572	0.01034	0.09137	0.01135	0.03783	0.01050	0.01435	0.09639	0.00335	0.59114	0.00592	0.00334	0.00690
7	0.01262	0.01184	0.01947	0.49928	0.22356	0.01328	0.01645	0.01644	0.01273	0.01723	0.01105	0.01564	0.00866	0.00578	0.00594	0.00186	0.00755	0.00525	0.00290	0.09249
8	0.02223	0.10698	0.01899	0.01504	0.01860	0.60646	0.01167	0.09690	0.01803	0.01738	0.00991	0.01129	0.00814	0.00630	0.00542	0.00158	0.01012	0.00404	0.00341	0.00752
9	0.00875	0.00587	0.00672	0.00687	0.00691	0.00583	0.00391	0.00886	0.00920	0.01226	0.02079	0.11721	0.02415	0.70513	0.02873	0.00558	0.00569	0.00979	0.00391	0.00384
10	0.01011	0.00804	0.01053	0.01134	0.08680	0.00791	0.00757	0.01491	0.11261	0.02364	0.52266	0.04043	0.09656	0.01143	0.00697	0.00194	0.00362	0.01006	0.00621	0.00666
11	0.02460	0.01337	0.09148	0.01188	0.01696	0.01075	0.01064	0.12100	0.01854	0.55158	0.04932	0.02015	0.01540	0.00755	0.00616	0.00189	0.00572	0.00609	0.00683	0.01009
12	0.01228	0.03166	0.75316	0.01745	0.02649	0.01422	0.02262	0.01939	0.01292	0.01939	0.01099	0.01292	0.00775	0.00582	0.00582	0.00194	0.00905	0.00452	0.00258	0.00905
13	0.01269	0.01088	0.01269	0.00907	0.01451	0.00816	0.00725	0.01541	0.01269	0.01995	0.01088	0.01269	0.00907	0.00453	0.00453	0.00091	0.00453	0.00363	0.00363	0.82229
14	0.00986	0.00705	0.00986	0.01127	0.01268	0.00705	0.00986	0.01268	0.01409	0.01832	0.03241	0.06905	0.03523	0.01691	0.00845	0.00282	0.00564	0.70549	0.00564	0.00564
15	0.71165	0.01192	0.01102	0.08808	0.01577	0.01379	0.03546	0.01781	0.01076	0.02593	0.00892	0.01086	0.00689	0.00571	0.00416	0.00192	0.00531	0.00369	0.00365	0.00671
16	0.01582	0.35925	0.31792	0.01415	0.02056	0.14302	0.01555	0.01977	0.01345	0.01649	0.00966	0.01126	0.00782	0.00565	0.00495	0.00161	0.00830	0.00388	0.00269	0.00821
17	0.01515	0.01454	0.02485	0.03757	0.74669	0.01454	0.01879	0.01879	0.01394	0.02000	0.01151	0.01515	0.00970	0.00545	0.00606	0.00182	0.00727	0.00545	0.00303	0.00970
18	0.01523	0.01238	0.01406	0.01027	0.01558	0.01076	0.00830	0.18604	0.01655	0.02442	0.01180	0.01317	0.00939	0.00521	0.00491	0.00113	0.00506	0.00408	0.00423	0.62742
19	0.00879	0.00623	0.00807	0.00761	0.00905	0.00577	0.00571	0.01168	0.01712	0.02447	0.71051	0.04468	0.05584	0.01227	0.00709	0.00190	0.00289	0.01083	0.04373	0.00577
20	0.01602	0.01482	0.01421	0.01280	0.01623	0.09279	0.00991	0.03169	0.66085	0.02450	0.02331	0.02161	0.01756	0.00810	0.00615	0.00202	0.00549	0.00661	0.00591	0.00942
21	0.01550	0.33328	0.38677	0.01397	0.02103	0.01769	0.01632	0.02005	0.01321	0.09355	0.01136	0.01250	0.00857	0.00577	0.00509	0.00168	0.00764	0.00419	0.00312	0.00871
22	0.00748	0.00538	0.00711	0.00844	0.00887	0.00500	0.00566	0.00861	0.01193	0.01589	0.05323	0.74131	0.06063	0.01890	0.00778	0.00246	0.00352	0.01711	0.00571	0.00500
23	0.02593	0.01047	0.01405	0.01070	0.01551	0.00891	0.00882	0.02833	0.01702	0.67483	0.02277	0.01999	0.01452	0.00726	0.00599	0.00179	0.00514	0.00589	0.00717	0.09494
24	0.82811	0.01184	0.00900	0.00805	0.01184	0.01373	0.00663	0.01799	0.01042	0.02746	0.00852	0.00994	0.00663	0.00568	0.00379	0.00189	0.00474	0.00331	0.00379	0.00663
25	0.00817	0.00624	0.00749	0.00718	0.00884	0.00556	0.00538	0.01059	0.01615	0.02176	0.50617	0.05032	0.29679	0.01355	0.00722	0.00197	0.00296	0.01171	0.00637	0.00556
26	0.82811	0.01184	0.00900	0.00805	0.01184	0.01373	0.00663	0.01799	0.01042	0.02746	0.00852	0.00994	0.00663	0.00568	0.00379	0.00189	0.00474	0.00331	0.00379	0.00663
27	0.12945	0.10125	0.56008	0.01524	0.02308	0.01497	0.01880	0.01899	0.01251	0.02007	0.01039	0.01219	0.00763	0.00571	0.00531	0.00185	0.00808	0.00421	0.00278	0.02739
28	0.01024	0.00744	0.00923	0.00853	0.01038	0.00732	0.00647	0.01531	0.12708	0.04690	0.61170	0.04147	0.05049	0.01172	0.00704	0.00195	0.00326	0.01029	0.00669	0.00652
29	0.00746	0.00533	0.00710	0.00852	0.00888	0.00497	0.00568	0.00852	0.01172	0.01563	0.03374	0.78088	0.04049	0.01918	0.00781	0.00249	0.00355	0.01740	0.00568	0.00497
30	0.82811	0.01184	0.00900	0.00805	0.01184	0.01373	0.00663	0.01799	0.01042	0.02746	0.00852	0.00994	0.00663	0.00568	0.00379	0.00189	0.00474	0.00331	0.00379	0.00663
31	0.10161	0.01571	0.12542	0.15079	0.40358	0.01382	0.01700	0.01849	0.01322	0.04327	0.01166	0.01487	0.00918	0.00576	0.00574	0.00187	0.00721	0.00512	0.02699	0.00870
32	0.01156	0.01088	0.01836	0.77016	0.04216	0.01360	0.01700	0.01564	0.01224	0.01564	0.01088	0.01632	0.00816	0.00612	0.00612	0.00204	0.00816	0.00544	0.00272	0.00680
33	0.00751	0.00535	0.00709	0.00846	0.00881	0.00500	0.00562	0.00854	0.01163	0.01550	0.03326	0.75652	0.03989	0.04436	0.00858	0.00260	0.00363	0.01712	0.00562	0.00493
34	0.01340	0.05126	0.42206	0.01802	0.12159	0.01380	0.01765	0.03502	0.10210	0.04114	0.06300	0.01854	0.04186	0.00695	0.00599	0.00192	0.00741	0.00572	0.00370	0.00887
35	0.02171	0.06794	0.09967	0.01316	0.01804	0.11682	0.01166	0.17123	0.12582	0.26465	0.01779	0.01691	0.01239	0.00711	0.00589	0.00183	0.00679	0.00546	0.00558	0.00953
36	0.04002	0.01315	0.02115	0.01668	0.05814	0.01238	0.20571	0.11153	0.01772	0.41008	0.01878	0.01837	0.01250	0.00674	0.00639	0.00193	0.00689	0.00627	0.00586	0.00971
37	0.82811	0.01184	0.00900	0.00805	0.01184	0.01373	0.00663	0.01799	0.01042	0.02746	0.00852	0.00994	0.00663	0.00568	0.00379	0.00189	0.00474	0.00331	0.00379	0.00663
38	0.00888	0.00602	0.00710	0.00710	0.00725	0.00617	0.00424	0.00917	0.00903	0.01218	0.01890	0.03790	0.02132	0.68536	0.12939	0.00646	0.00734	0.00859	0.00365	0.00395
39	0.01708	0.70825	0.03065	0.01085	0.01605	0.02368	0.01059	0.09203	0.01414	0.01692	0.00915	0.01033	0.00812	0.00546	0.00416	0.00136	0.00657	0.00351	0.00298	0.00812
40	0.01483	0.01414	0.02408	0.06657	0.69338	0.01425	0.01841	0.01845	0.01387	0.01976	0.01219	0.01700	0.01049	0.00586	0.00614	0.00186	0.00725	0.02890	0.00310	0.00944

[dist]
# distance from previous block
# <min> <max>
0	17

[block]
# block no. 1 follows, 37 sequences, length 48
# corresponding to MSA columns:
# 157-204
name=unknown_B
#
# <colnr> <probs for GDERKNQSTAVLIFYWHMCP>
#	G	D	E	R	K	N	Q	S	T	A	V	L	I	F	Y	W	H	M	C	P
0	0.02746	0.01042	0.01421	0.01089	0.01563	0.00900	0.00900	0.02983	0.01752	0.75093	0.02415	0.02083	0.01515	0.00758	0.00616	0.00189	0.00521	0.00616	0.00758	0.01042
1	0.01058	0.00843	0.01273	0.01455	0.13015	0.00939	0.00967	0.05186	0.01155	0.01650	0.01551	0.02209	0.01413	0.03724	0.59697	0.00810	0.01439	0.00632	0.00340	0.00642
2	0.01227	0.01141	0.01075	0.00993	0.01211	0.12955	0.00752	0.01792	0.16932	0.02278	0.43463	0.03601	0.07982	0.01079	0.00674	0.00191	0.00463	0.00914	0.00599	0.00678
3	0.00862	0.00622	0.00814	0.00773	0.00914	0.00575	0.00577	0.01144	0.01713	0.02423	0.71842	0.07167	0.05715	0.01275	0.00724	0.00195	0.00291	0.01129	0.00670	0.00575
4	0.00746	0.00533	0.00710	0.00852	0.00888	0.00497	0.00568	0.00852	0.01172	0.01563	0.03374	0.78088	0.04049	0.01918	0.00781	0.00249	0.00355	0.01740	0.00568	0.00497
5	0.82811	0.01184	0.00900	0.00805	0.01184	0.01373	0.00663	0.01799	0.01042	0.02746	0.00852	0.00994	0.00663	0.00568	0.00379	0.00189	0.00474	0.00331	0.00379	0.00663
6	0.01410	0.01896	0.15187	0.02445	0.03110	0.01528	0.61116	0.01957	0.01420	0.01957	0.01216	0.01593	0.00904	0.00527	0.00700	0.00204	0.01011	0.00679	0.00301	0.00838
7	0.00880	0.00632	0.00864	0.00864	0.00932	0.00700	0.00616	0.01016	0.00948	0.01332	0.01749	0.03010	0.01793	0.32546	0.48466	0.00836	0.01244	0.00744	0.00344	0.00480
8	0.00746	0.00533	0.00710	0.00852	0.00888	0.00497	0.00568	0.00852	0.01172	0.01563	0.03374	0.78088	0.04049	0.01918	0.00781	0.00249	0.00355	0.01740	0.00568	0.00497
9	0.00846	0.00621	0.00793	0.00758	0.00904	0.00568	0.00565	0.01113	0.01673	0.02332	0.64145	0.07898	0.12877	0.01312	0.00725	0.00196	0.00294	0.01154	0.00658	0.00568
10	0.00812	0.00622	0.00892	0.13148	0.01425	0.00636	0.00751	0.00967	0.01180	0.01563	0.03005	0.65746	0.03527	0.01707	0.00754	0.00241	0.00430	0.01547	0.00520	0.00527
11	0.01535	0.13949	0.02601	0.03320	0.62869	0.01611	0.01744	0.01871	0.01370	0.01909	0.01103	0.01429	0.00940	0.00542	0.00572	0.00174	0.00715	0.00510	0.00296	0.00940
12	0.01451	0.01706	0.14192	0.03345	0.60613	0.01424	0.01911	0.01868	0.01378	0.01984	0.01212	0.01657	0.01023	0.00589	0.00610	0.00187	0.00750	0.02848	0.00304	0.00946
13	0.02029	0.33046	0.02319	0.01367	0.01765	0.46826	0.01129	0.02202	0.01540	0.01475	0.00908	0.01055	0.00787	0.00588	0.00489	0.00147	0.00926	0.00368	0.00294	0.00740
14	0.01529	0.01670	0.14528	0.14560	0.31298	0.01391	0.14152	0.01970	0.01397	0.09675	0.01282	0.01581	0.00964	0.00579	0.00624	0.00192	0.00802	0.00568	0.00340	0.00895
15	0.01512	0.10093	0.56462	0.01572	0.02370	0.01433	0.01925	0.02097	0.01362	0.13700	0.01287	0.01390	0.00896	0.00604	0.00569	0.00187	0.00819	0.00467	0.00339	0.00915
16	0.01003	0.00729	0.00887	0.00926	0.01043	0.00727	0.00654	0.12441	0.01452	0.01928	0.03172	0.60320	0.07017	0.03579	0.00808	0.00244	0.00410	0.01505	0.00571	0.00583
17	0.00890	0.00593	0.00668	0.00668	0.00668	0.00593	0.00371	0.00890	0.00890	0.01187	0.01929	0.04006	0.02225	0.78487	0.03116	0.00593	0.00593	0.00890	0.00371	0.00371
18	0.01372	0.01432	0.02866	0.02589	0.21082	0.01365	0.42906	0.01806	0.01445	0.02011	0.08417	0.04850	0.01546	0.00654	0.00688	0.00199	0.00838	0.00750	0.02365	0.00819
19	0.14527	0.26737	0.40543	0.01373	0.02072	0.01730	0.01620	0.01883	0.01237	0.01912	0.00981	0.01146	0.00760	0.00561	0.00489	0.00173	0.00756	0.00393	0.00279	0.00828
20	0.01063	0.00532	0.00797	0.00797	0.00797	0.00532	0.00532	0.00797	0.00797	0.01063	0.01063	0.01861	0.01063	0.02127	0.02392	0.82190	0.00532	0.00532	0.00266	0.00266
21	0.00978	0.00698	0.00976	0.01117	0.01254	0.00697	0.00971	0.01253	0.01401	0.01822	0.03246	0.09475	0.03542	0.01699	0.00843	0.00281	0.00556	0.68065	0.00564	0.00561
22	0.01515	0.01454	0.02485	0.03757	0.74669	0.01454	0.01879	0.01879	0.01394	0.02000	0.01151	0.01515	0.00970	0.00545	0.00606	0.00182	0.00727	0.00545	0.00303	0.00970
23	0.01586	0.69571	0.12053	0.01133	0.01703	0.02299	0.01196	0.01846	0.01250	0.01501	0.00881	0.01020	0.00784	0.00531	0.00416	0.00139	0.00685	0.00343	0.00261	0.00800
24	0.01348	0.01041	0.01474	0.01219	0.01545	0.01041	0.12315	0.02070	0.22929	0.10682	0.20896	0.04835	0.13937	0.01010	0.00682	0.00202	0.00498	0.00906	0.00591	0.00776
25	0.01068	0.00583	0.00614	0.00606	0.00753	0.00568	0.00455	0.01345	0.01364	0.02267	0.13965	0.02900	0.07253	0.00858	0.00496	0.00155	0.00288	0.00707	0.63189	0.00568
26	0.29401	0.01600	0.01854	0.01462	0.01884	0.09663	0.16018	0.19600	0.01664	0.02613	0.01225	0.01405	0.02629	0.00663	0.00644	0.00194	0.05762	0.00512	0.00413	0.00794
27	0.02746	0.01042	0.01421	0.01089	0.01563	0.00900	0.00900	0.02983	0.01752	0.75093	0.02415	0.02083	0.01515	0.00758	0.00616	0.00189	0.00521	0.00616	0.00758	0.01042
28	0.02295	0.02672	0.01756	0.01543	0.01894	0.60876	0.01179	0.16791	0.01968	0.01980	0.01053	0.01179	0.00840	0.00652	0.00564	0.00163	0.01016	0.00426	0.00376	0.00777
29	0.02098	0.01476	0.01942	0.01488	0.01958	0.01542	0.12569	0.38118	0.08300	0.16395	0.03847	0.04366	0.01417	0.00767	0.00640	0.00193	0.00666	0.00659	0.00591	0.00969
30	0.01515	0.01454	0.02485	0.03757	0.74669	0.01454	0.01879	0.01879	0.01394	0.02000	0.01151	0.01515	0.00970	0.00545	0.00606	0.00182	0.00727	0.00545	0.00303	0.00970
31	0.01421	0.01605	0.03456	0.02489	0.03067	0.01534	0.67286	0.01913	0.01410	0.01924	0.01235	0.01665	0.00944	0.00675	0.03325	0.00235	0.03983	0.00713	0.00309	0.00810
32	0.02457	0.01507	0.01708	0.01310	0.01795	0.01590	0.01082	0.51109	0.02530	0.25868	0.01762	0.01659	0.01188	0.00742	0.00613	0.00185	0.00626	0.00571	0.00657	0.01041
33	0.16942	0.01618	0.01543	0.01266	0.01673	0.12544	0.02725	0.29824	0.08236	0.10327	0.04084	0.03773	0.01305	0.00746	0.00573	0.00186	0.00655	0.00564	0.00535	0.00879
34	0.01637	0.78856	0.03208	0.01047	0.01571	0.02422	0.01047	0.01833	0.01244	0.01440	0.00851	0.00982	0.00786	0.00524	0.00393	0.00131	0.00655	0.00327	0.00262	0.00786
35	0.01203	0.00691	0.00702	0.00680	0.00855	0.00724	0.00515	0.01721	0.12952	0.02327	0.02077	0.02282	0.01617	0.00732	0.00459	0.00153	0.00317	0.00590	0.68767	0.00635
36	0.00888	0.00641	0.00936	0.00936	0.01026	0.00731	0.00706	0.01051	0.00961	0.01371	0.01635	0.02550	0.01579	0.12776	0.63067	0.06184	0.01450	0.00674	0.00329	0.00509
37	0.03437	0.03523	0.02917	0.02163	0.02681	0.21468	0.45827	0.04672	0.03630	0.01929	0.01189	0.01489	0.00914	0.00565	0.00656	0.00191	0.01003	0.00611	0.00332	0.00802
38	0.01332	0.00755	0.00775	0.00706	0.00904	0.00785	0.00547	0.12920	0.01541	0.02536	0.01912	0.02151	0.01484	0.00717	0.00458	0.00149	0.00348	0.00567	0.68766	0.00646
39	0.00745	0.00536	0.00707	0.00843	0.00886	0.00498	0.00564	0.00853	0.01181	0.01566	0.03482	0.75316	0.06750	0.01904	0.00779	0.00247	0.00353	0.01723	0.00568	0.00498
40	0.01907	0.01945	0.02026	0.01803	0.08538	0.25807	0.12680	0.19909	0.07058	0.02330	0.02997	0.04065	0.01207	0.00712	0.00642	0.00183	0.02353	0.00589	0.02408	0.00840
41	0.01560	0.64677	0.16715	0.01178	0.01773	0.02235	0.01275	0.01853	0.01253	0.01534	0.00897	0.01040	0.00784	0.00535	0.00428	0.00143	0.00701	0.00351	0.00261	0.00808
42	0.01033	0.00552	0.00828	0.00828	0.00845	0.00569	0.00569	0.00845	0.00828	0.01121	0.01156	0.01949	0.01139	0.02524	0.14285	0.69081	0.00710	0.00552	0.00276	0.00311
43	0.01190	0.00745	0.01062	0.00895	0.01114	0.00728	0.12054	0.01513	0.01310	0.02230	0.01874	0.02180	0.01466	0.00681	0.00475	0.00153	0.00406	0.00595	0.68717	0.00612
44	0.04012	0.20425	0.44166	0.13702	0.02602	0.01643	0.01835	0.01849	0.01262	0.01789	0.01031	0.01265	0.00781	0.00573	0.00536	0.00181	0.00818	0.00434	0.00265	0.00833
45	0.01399	0.03126	0.63438	0.01718	0.02527	0.13466	0.02087	0.02020	0.01364	0.01867	0.01074	0.01262	0.00778	0.00590	0.00577	0.00188	0.00937	0.00443	0.00268	0.00873
46	0.00890	0.00593	0.00668	0.00668	0.00668	0.00593	0.00371	0.00890	0.00890	0.01187	0.01929	0.04006	0.02225	0.78487	0.03116	0.00593	0.00593	0.00890	0.00371	0.00371
47	0.00746	0.00533	0.00710	0.00852	0.00888	0.00497	0.00568	0.00852	0.01172	0.01563	0.03374	0.78088	0.04049	0.01918	0.00781	0.00249	0.00355	0.01740	0.00568	0.00497

[dist]
# distance from previous block
# <min> <max>
0	0

# created by:
# /home/cegg/simao/soft/augustus-3.2.1/scripts/msa2prfl.pl ./align_prep/EOG090W0N7U.fa
