[name]
unknown

[dist]
# distance from previous block
# <min> <max>
0	60

[block]
# block no. 0 follows, 32 sequences, length 27
# corresponding to MSA columns:
# 68-94
name=unknown_A
#
# <colnr> <probs for GDERKNQSTAVLIFYWHMCP>
#	G	D	E	R	K	N	Q	S	T	A	V	L	I	F	Y	W	H	M	C	P
0	0.00852	0.00605	0.00803	0.00949	0.00996	0.00573	0.00651	0.00979	0.01289	0.01714	0.03585	0.65203	0.04259	0.06747	0.01024	0.00300	0.00427	0.07892	0.00609	0.00543
1	0.01010	0.00754	0.00948	0.00911	0.01078	0.00733	0.00678	0.01470	0.09218	0.02580	0.55876	0.13699	0.05634	0.01415	0.00788	0.00221	0.00349	0.01252	0.00718	0.00668
2	0.15016	0.15162	0.44857	0.01601	0.02385	0.06262	0.01889	0.02115	0.01392	0.02155	0.01103	0.01292	0.00832	0.00628	0.00564	0.00198	0.00880	0.00447	0.00310	0.00912
3	0.51459	0.01463	0.01240	0.01048	0.01494	0.08028	0.00851	0.05138	0.01446	0.14379	0.01276	0.01344	0.00932	0.00661	0.00493	0.00196	0.00599	0.00434	0.00487	0.07033
4	0.01644	0.52263	0.26762	0.01404	0.02118	0.02288	0.01594	0.02048	0.01381	0.01762	0.01024	0.01190	0.00857	0.00595	0.00500	0.00167	0.00809	0.00405	0.00286	0.00905
5	0.01251	0.00625	0.00625	0.00625	0.00782	0.00625	0.00469	0.01563	0.01407	0.02502	0.02189	0.02502	0.01720	0.00782	0.00469	0.00156	0.00313	0.00625	0.80144	0.00625
6	0.77142	0.01327	0.01039	0.00916	0.01338	0.01535	0.00755	0.05448	0.01245	0.03073	0.00969	0.01117	0.00748	0.00632	0.00428	0.00207	0.00530	0.00376	0.00428	0.00748
7	0.65037	0.01434	0.01393	0.01161	0.01597	0.05040	0.09214	0.02007	0.01257	0.02828	0.03218	0.01307	0.00945	0.00643	0.00482	0.00208	0.00622	0.00446	0.00413	0.00748
8	0.02041	0.01522	0.01625	0.01353	0.04200	0.13333	0.03350	0.04149	0.03177	0.22072	0.09236	0.02054	0.01763	0.00741	0.00622	0.00168	0.00659	0.00603	0.00556	0.26775
9	0.05961	0.02750	0.01892	0.01640	0.02042	0.50738	0.01266	0.21277	0.02215	0.02418	0.01191	0.01316	0.00935	0.00720	0.00615	0.00182	0.01049	0.00477	0.00439	0.00876
10	0.02050	0.01386	0.01608	0.01195	0.01759	0.01263	0.00974	0.22181	0.02016	0.16569	0.01600	0.01631	0.01168	0.00653	0.00583	0.00151	0.00583	0.00513	0.00563	0.41555
11	0.00858	0.00626	0.00821	0.00935	0.01013	0.00570	0.00634	0.00994	0.01313	0.01778	0.05986	0.68752	0.04289	0.01975	0.00832	0.00259	0.00393	0.01788	0.00613	0.05571
12	0.01221	0.00793	0.01032	0.01014	0.01224	0.00754	0.00821	0.01587	0.04843	0.09547	0.34233	0.05565	0.10559	0.01478	0.00818	0.00244	0.00450	0.22427	0.00697	0.00694
13	0.05064	0.01558	0.02424	0.32766	0.11721	0.05769	0.14780	0.07452	0.01554	0.02103	0.01219	0.01671	0.00948	0.00696	0.00813	0.00222	0.07430	0.00614	0.00348	0.00846
14	0.00831	0.00595	0.00769	0.00903	0.00948	0.00556	0.00597	0.00940	0.01269	0.01681	0.03713	0.65932	0.07707	0.08825	0.01085	0.00304	0.00410	0.01798	0.00603	0.00534
15	0.27154	0.01402	0.01419	0.01207	0.01641	0.01556	0.00971	0.11470	0.28821	0.14633	0.02006	0.01906	0.01450	0.00793	0.00595	0.00215	0.00560	0.00600	0.00621	0.00979
16	0.10810	0.01968	0.02091	0.05903	0.04908	0.13199	0.07575	0.39401	0.02432	0.03280	0.01388	0.01522	0.01025	0.00730	0.00644	0.00201	0.00836	0.00568	0.00528	0.00992
17	0.01380	0.01478	0.04316	0.01853	0.02092	0.01698	0.18667	0.01654	0.01265	0.01798	0.02013	0.02399	0.12959	0.01094	0.01561	0.00263	0.41616	0.00777	0.00361	0.00756
18	0.00930	0.00653	0.00807	0.00825	0.00889	0.00640	0.00543	0.01053	0.01278	0.01740	0.18405	0.18086	0.06737	0.35474	0.08584	0.00499	0.00615	0.01203	0.00528	0.00509
19	0.04838	0.01205	0.01374	0.06867	0.01731	0.01338	0.00987	0.10178	0.31179	0.02829	0.24397	0.04950	0.03220	0.01045	0.00708	0.00219	0.00511	0.00885	0.00657	0.00883
20	0.01526	0.01572	0.06098	0.33728	0.12049	0.01651	0.15208	0.08175	0.03419	0.02132	0.01289	0.01736	0.00990	0.00698	0.00815	0.00224	0.06831	0.00634	0.00354	0.00872
21	0.01794	0.76823	0.03516	0.01148	0.01722	0.02655	0.01148	0.02009	0.01363	0.01579	0.00933	0.01076	0.00861	0.00574	0.00431	0.00144	0.00718	0.00359	0.00287	0.00861
22	0.04869	0.01254	0.01778	0.14939	0.06602	0.01480	0.03642	0.02042	0.11093	0.08184	0.14530	0.02404	0.02131	0.00973	0.01100	0.00237	0.20699	0.00734	0.00486	0.00824
23	0.34570	0.01309	0.01358	0.01120	0.01580	0.01383	0.00916	0.08447	0.11140	0.29006	0.01874	0.01771	0.01290	0.00755	0.00570	0.00210	0.00559	0.00554	0.00628	0.00962
24	0.01044	0.00790	0.00971	0.04662	0.01158	0.00840	0.00674	0.04297	0.01244	0.01649	0.02902	0.21612	0.11173	0.35542	0.02101	0.00434	0.06695	0.01188	0.00484	0.00539
25	0.01691	0.01429	0.02198	0.14974	0.30324	0.01497	0.05490	0.10569	0.07136	0.06760	0.01962	0.05582	0.05767	0.00813	0.00693	0.00213	0.00743	0.00740	0.00460	0.00959
26	0.01578	0.33190	0.30434	0.01786	0.02543	0.02036	0.15654	0.02082	0.01429	0.01906	0.01124	0.01357	0.00889	0.00597	0.00584	0.00187	0.00908	0.00500	0.00296	0.00920

[dist]
# distance from previous block
# <min> <max>
12	52

[block]
# block no. 1 follows, 32 sequences, length 22
# corresponding to MSA columns:
# 153-174
name=unknown_B
#
# <colnr> <probs for GDERKNQSTAVLIFYWHMCP>
#	G	D	E	R	K	N	Q	S	T	A	V	L	I	F	Y	W	H	M	C	P
0	0.12932	0.01477	0.02128	0.01635	0.02136	0.05290	0.20242	0.08114	0.01757	0.21132	0.05016	0.04212	0.01609	0.00802	0.00678	0.00210	0.00751	0.03573	0.00550	0.05756
1	0.01483	0.01220	0.01400	0.01167	0.01481	0.04035	0.00930	0.06620	0.05663	0.05564	0.09701	0.04382	0.10384	0.00997	0.00945	0.00196	0.15301	0.00747	0.05558	0.22223
2	0.01576	0.01415	0.06005	0.01141	0.01724	0.01119	0.00975	0.10418	0.05352	0.04452	0.04153	0.01647	0.01288	0.00610	0.00554	0.00134	0.00555	0.00489	0.00465	0.55927
3	0.01802	0.01945	0.03526	0.02573	0.03197	0.11018	0.56148	0.02295	0.01648	0.06940	0.01405	0.01765	0.01042	0.00600	0.00759	0.00218	0.01103	0.00737	0.00374	0.00905
4	0.01869	0.01527	0.01633	0.01368	0.01815	0.01685	0.01086	0.20912	0.44730	0.03109	0.02250	0.02134	0.01682	0.00833	0.00657	0.00205	0.00582	0.00674	0.00646	0.10601
5	0.00976	0.00651	0.00732	0.00732	0.00732	0.00651	0.00407	0.00976	0.00976	0.01301	0.02114	0.04391	0.02439	0.76419	0.03415	0.00651	0.00651	0.00976	0.00407	0.00407
6	0.01575	0.01681	0.02268	0.40331	0.08293	0.14510	0.09468	0.01948	0.01446	0.01772	0.01152	0.01642	0.00913	0.00716	0.00849	0.00221	0.09524	0.00588	0.00313	0.00790
7	0.01068	0.00763	0.01067	0.01221	0.01370	0.00761	0.01059	0.01368	0.01532	0.01994	0.03560	0.10888	0.03890	0.01866	0.00923	0.00307	0.00607	0.64524	0.00618	0.00614
8	0.07210	0.42188	0.12273	0.01389	0.01948	0.21464	0.01339	0.02202	0.01500	0.01765	0.00997	0.01159	0.00851	0.00617	0.00504	0.00165	0.00873	0.00397	0.00311	0.00847
9	0.03599	0.06938	0.06010	0.01422	0.01876	0.14498	0.01204	0.14817	0.18998	0.14030	0.03771	0.02275	0.01659	0.00867	0.00659	0.00208	0.00736	0.04872	0.00586	0.00975
10	0.00816	0.00591	0.00772	0.00917	0.00969	0.00546	0.00615	0.00936	0.01301	0.01720	0.03912	0.71195	0.09086	0.02074	0.00852	0.00269	0.00386	0.01874	0.00623	0.00546
11	0.00848	0.00609	0.00802	0.00945	0.01002	0.00572	0.00654	0.00982	0.01308	0.01730	0.03755	0.63488	0.07210	0.04988	0.00961	0.00289	0.00420	0.08276	0.00614	0.00548
12	0.10789	0.01844	0.04730	0.10118	0.09098	0.11114	0.30982	0.02179	0.01532	0.05865	0.01284	0.01632	0.00979	0.00647	0.00754	0.00216	0.04366	0.00634	0.00366	0.00872
13	0.01586	0.03197	0.50890	0.02004	0.02837	0.14489	0.11384	0.02227	0.01526	0.02042	0.01195	0.01433	0.00875	0.00637	0.00653	0.00207	0.01050	0.00525	0.00302	0.00942
14	0.01025	0.00738	0.01010	0.01136	0.01281	0.00723	0.00957	0.01306	0.01551	0.02035	0.10691	0.15034	0.07290	0.01826	0.00899	0.00291	0.00548	0.50420	0.00631	0.00609
15	0.01412	0.01398	0.02160	0.39126	0.03438	0.04597	0.10585	0.01796	0.01365	0.01840	0.01166	0.01653	0.00925	0.00694	0.00858	0.00209	0.10839	0.00578	0.00323	0.15039
16	0.03874	0.24498	0.36415	0.01772	0.06506	0.01825	0.06815	0.02007	0.01419	0.01976	0.01504	0.01686	0.05610	0.00682	0.00593	0.00193	0.00852	0.00541	0.00318	0.00915
17	0.00918	0.00771	0.00859	0.00851	0.01053	0.00734	0.00657	0.01208	0.05613	0.01937	0.10688	0.09631	0.49863	0.01634	0.00878	0.00238	0.04473	0.06765	0.00617	0.00613
18	0.01647	0.27455	0.40724	0.01638	0.02406	0.11551	0.01885	0.02161	0.01464	0.01882	0.01093	0.01278	0.00856	0.00624	0.00565	0.00185	0.00931	0.00442	0.00293	0.00920
19	0.05971	0.01568	0.02200	0.10052	0.12471	0.05836	0.12911	0.12611	0.05536	0.05591	0.01901	0.04128	0.06757	0.00855	0.00847	0.00222	0.08470	0.00721	0.00456	0.00895
20	0.12594	0.01652	0.02001	0.05622	0.06268	0.10316	0.11875	0.10348	0.10049	0.06806	0.04087	0.02089	0.05798	0.00828	0.00781	0.00216	0.06627	0.00672	0.00486	0.00884
21	0.07108	0.01376	0.01389	0.08255	0.04097	0.11250	0.01019	0.13005	0.01871	0.05855	0.13394	0.06758	0.16142	0.01136	0.00709	0.00216	0.00632	0.04448	0.00565	0.00776

[dist]
# distance from previous block
# <min> <max>
92	242

[block]
# block no. 2 follows, 32 sequences, length 17
# corresponding to MSA columns:
# 516-532
name=unknown_C
#
# <colnr> <probs for GDERKNQSTAVLIFYWHMCP>
#	G	D	E	R	K	N	Q	S	T	A	V	L	I	F	Y	W	H	M	C	P
0	0.01208	0.01071	0.01054	0.01016	0.01159	0.10085	0.00725	0.01503	0.07607	0.01660	0.04855	0.03543	0.09533	0.28463	0.22994	0.00616	0.01001	0.00867	0.00445	0.00595
1	0.01874	0.04203	0.11195	0.01528	0.01963	0.26927	0.05789	0.05678	0.04945	0.07658	0.04338	0.07693	0.08058	0.01109	0.03851	0.00241	0.00911	0.00744	0.00466	0.00828
2	0.01901	0.15313	0.17309	0.02115	0.17526	0.06832	0.01663	0.19392	0.07103	0.02594	0.01375	0.01527	0.01063	0.00684	0.00617	0.00193	0.00818	0.00537	0.00427	0.01013
3	0.01797	0.07188	0.20591	0.02277	0.14000	0.03273	0.15170	0.17803	0.06693	0.02625	0.01421	0.01627	0.01069	0.00671	0.00669	0.00206	0.00884	0.00603	0.00421	0.01012
4	0.01088	0.00774	0.00922	0.00928	0.01022	0.00795	0.00650	0.04931	0.04292	0.01719	0.02666	0.10238	0.05773	0.42043	0.07548	0.00533	0.00694	0.12351	0.00492	0.00543
5	0.01335	0.00862	0.06326	0.00987	0.01117	0.00711	0.00769	0.01217	0.01030	0.08067	0.01385	0.02151	0.01272	0.05429	0.06198	0.59055	0.00681	0.00610	0.00351	0.00446
6	0.01785	0.12687	0.19905	0.03752	0.06157	0.14271	0.06499	0.09872	0.04941	0.03951	0.01549	0.08782	0.01340	0.00812	0.00645	0.00202	0.00869	0.00663	0.00411	0.00907
7	0.01654	0.01687	0.02467	0.23168	0.42981	0.10387	0.04018	0.02043	0.01524	0.01993	0.01219	0.01645	0.00991	0.00628	0.00663	0.00204	0.00885	0.00583	0.00325	0.00936
8	0.00880	0.00625	0.00832	0.00941	0.00992	0.00617	0.00647	0.01007	0.01224	0.01644	0.03174	0.49887	0.03701	0.14570	0.11132	0.00445	0.00637	0.05958	0.00552	0.00535
9	0.01728	0.01806	0.06551	0.02836	0.14961	0.01645	0.47420	0.05507	0.01666	0.06933	0.01432	0.01789	0.01067	0.00603	0.00750	0.00219	0.01012	0.00729	0.00384	0.00963
10	0.09020	0.25241	0.26515	0.01649	0.05798	0.12616	0.01640	0.06654	0.01568	0.02112	0.01103	0.01279	0.00875	0.00634	0.00553	0.00184	0.00871	0.00445	0.00334	0.00910
11	0.01402	0.08791	0.61215	0.01942	0.02873	0.01653	0.08764	0.02119	0.01429	0.02086	0.01198	0.01429	0.00867	0.00626	0.00637	0.00209	0.00984	0.00514	0.00289	0.00974
12	0.01136	0.00592	0.00877	0.00896	0.00906	0.00589	0.00610	0.00903	0.00936	0.01246	0.01466	0.07708	0.01535	0.02291	0.02412	0.70748	0.00570	0.03921	0.00331	0.00326
13	0.01796	0.18923	0.23042	0.05788	0.14334	0.01778	0.07285	0.06366	0.01603	0.10930	0.01370	0.01553	0.01023	0.00647	0.00617	0.00195	0.00836	0.00541	0.00390	0.00983
14	0.01690	0.01661	0.02672	0.09052	0.55172	0.05116	0.06911	0.03855	0.03329	0.02194	0.01299	0.01679	0.01064	0.00619	0.00672	0.00203	0.00841	0.00608	0.00348	0.01016
15	0.01058	0.00726	0.00898	0.00936	0.01091	0.00684	0.00680	0.01362	0.06569	0.06920	0.13944	0.39137	0.17125	0.01734	0.00813	0.00249	0.00402	0.04368	0.00658	0.00644
16	0.02344	0.01620	0.05029	0.01416	0.01906	0.01620	0.01201	0.40664	0.05864	0.18335	0.02125	0.07546	0.01671	0.00960	0.00698	0.00216	0.00672	0.04373	0.00681	0.01058

[dist]
# distance from previous block
# <min> <max>
0	7

[block]
# block no. 3 follows, 32 sequences, length 9
# corresponding to MSA columns:
# 543-551
name=unknown_D
#
# <colnr> <probs for GDERKNQSTAVLIFYWHMCP>
#	G	D	E	R	K	N	Q	S	T	A	V	L	I	F	Y	W	H	M	C	P
0	0.01933	0.06583	0.17107	0.01670	0.05729	0.10412	0.03059	0.11688	0.18483	0.10071	0.05213	0.01949	0.01549	0.00781	0.00653	0.00205	0.00773	0.00624	0.00524	0.00995
1	0.11948	0.10115	0.06499	0.01726	0.06502	0.12072	0.03308	0.01904	0.01298	0.01889	0.01225	0.01570	0.03877	0.00902	0.01250	0.00233	0.32015	0.00547	0.00333	0.00789
2	0.01569	0.11034	0.01761	0.01246	0.04160	0.01364	0.00982	0.11977	0.05984	0.02344	0.01425	0.01678	0.01185	0.01365	0.13167	0.00301	0.00799	0.00509	0.00433	0.36718
3	0.01166	0.00583	0.00874	0.00874	0.00874	0.00583	0.00583	0.00874	0.00874	0.01166	0.01166	0.02040	0.01166	0.02331	0.02622	0.80478	0.00583	0.00583	0.00291	0.00291
4	0.01351	0.05914	0.06157	0.01470	0.10531	0.05037	0.01042	0.05300	0.01578	0.06460	0.06488	0.28512	0.14745	0.01382	0.00741	0.00227	0.00566	0.01199	0.00548	0.00752
5	0.02235	0.04613	0.01948	0.01636	0.06579	0.07818	0.01240	0.48410	0.02633	0.03454	0.01785	0.11189	0.01529	0.00941	0.00680	0.00206	0.00735	0.00749	0.00601	0.01018
6	0.01572	0.14682	0.52954	0.01746	0.02614	0.01797	0.02116	0.10893	0.01633	0.02312	0.01215	0.01389	0.00889	0.00649	0.00610	0.00200	0.00916	0.00489	0.00334	0.00991
7	0.01373	0.04807	0.01211	0.01039	0.01204	0.10332	0.00752	0.01605	0.05115	0.06018	0.05753	0.03172	0.02110	0.31848	0.20225	0.00597	0.00986	0.00793	0.00441	0.00620
8	0.05148	0.10623	0.12433	0.01449	0.02007	0.10788	0.01333	0.22412	0.02080	0.19483	0.01632	0.01656	0.01163	0.00918	0.03713	0.00232	0.00830	0.00551	0.00545	0.01003

[dist]
# distance from previous block
# <min> <max>
4	7

[block]
# block no. 4 follows, 32 sequences, length 123
# corresponding to MSA columns:
# 561-683
name=unknown_E
#
# <colnr> <probs for GDERKNQSTAVLIFYWHMCP>
#	G	D	E	R	K	N	Q	S	T	A	V	L	I	F	Y	W	H	M	C	P
0	0.01705	0.01765	0.05117	0.03885	0.65229	0.06309	0.02024	0.02102	0.01548	0.02154	0.01245	0.01623	0.01042	0.00605	0.00659	0.00198	0.00831	0.00583	0.00331	0.01042
1	0.01422	0.15913	0.61166	0.01783	0.02704	0.01744	0.02253	0.02105	0.01408	0.02032	0.01158	0.01359	0.00852	0.00627	0.00602	0.00201	0.00945	0.00473	0.00284	0.00969
2	0.00959	0.00719	0.01078	0.01078	0.01198	0.00839	0.00839	0.01198	0.01078	0.01558	0.01797	0.02636	0.01677	0.05032	0.73760	0.01078	0.01797	0.00719	0.00359	0.00599
3	0.01720	0.06902	0.15236	0.02270	0.21061	0.06976	0.03988	0.04495	0.19020	0.04688	0.03515	0.01864	0.01399	0.00741	0.00702	0.00208	0.03158	0.00617	0.00446	0.00993
4	0.00976	0.00651	0.00732	0.00732	0.00732	0.00651	0.00407	0.00976	0.00976	0.01301	0.02114	0.04391	0.02439	0.76419	0.03415	0.00651	0.00651	0.00976	0.00407	0.00407
5	0.02148	0.13545	0.09430	0.01571	0.03922	0.03649	0.05190	0.13933	0.10845	0.20485	0.01777	0.01786	0.01281	0.00779	0.00757	0.00206	0.06537	0.00597	0.00548	0.01015
6	0.01780	0.13974	0.42406	0.01723	0.04262	0.01743	0.01928	0.12499	0.01728	0.09821	0.01379	0.01493	0.00987	0.00673	0.00616	0.00200	0.00863	0.00513	0.00402	0.01012
7	0.14941	0.16860	0.36900	0.01627	0.02366	0.05953	0.06223	0.02154	0.03469	0.02164	0.01153	0.01343	0.00879	0.00630	0.00570	0.00198	0.00868	0.00471	0.00325	0.00906
8	0.02506	0.03198	0.01901	0.01729	0.02074	0.73725	0.01296	0.02679	0.01901	0.01642	0.01037	0.01210	0.00864	0.00691	0.00605	0.00173	0.01210	0.00432	0.00346	0.00778
9	0.01331	0.01127	0.01324	0.00981	0.01521	0.00862	0.00784	0.01627	0.01436	0.02203	0.06289	0.02009	0.03773	0.00641	0.00541	0.00118	0.00483	0.02713	0.00436	0.69801
10	0.01055	0.00753	0.01051	0.01205	0.01348	0.00750	0.01035	0.01344	0.01519	0.01978	0.03567	0.14428	0.03919	0.01878	0.00920	0.00305	0.00595	0.61119	0.00618	0.00611
11	0.01759	0.01361	0.04669	0.04421	0.15871	0.01298	0.05626	0.10885	0.09136	0.14288	0.02457	0.14717	0.05982	0.03430	0.00804	0.00235	0.00656	0.00917	0.00563	0.00926
12	0.01802	0.34980	0.25690	0.03660	0.02255	0.12645	0.01623	0.04470	0.01537	0.04132	0.01122	0.01284	0.00894	0.00631	0.00546	0.00177	0.00880	0.00439	0.00325	0.00906
13	0.01158	0.01050	0.01023	0.01018	0.01193	0.10483	0.00751	0.01491	0.06379	0.02160	0.28627	0.23734	0.12691	0.01505	0.00782	0.00229	0.00486	0.03958	0.00632	0.00649
14	0.01534	0.11763	0.22743	0.01748	0.11457	0.01488	0.01540	0.03800	0.03544	0.04559	0.05854	0.01700	0.01344	0.00671	0.00641	0.00175	0.03060	0.00532	0.00390	0.21457
15	0.02327	0.19290	0.02307	0.01650	0.04384	0.43572	0.01286	0.13692	0.01977	0.02076	0.01117	0.01262	0.00916	0.00681	0.00579	0.00172	0.01008	0.00450	0.00386	0.00866
16	0.02396	0.01161	0.01494	0.01118	0.01666	0.00951	0.00914	0.02670	0.01720	0.45937	0.02095	0.01945	0.01408	0.00704	0.00607	0.00167	0.00543	0.00570	0.00666	0.31268
17	0.00865	0.00604	0.00765	0.00874	0.00901	0.00577	0.00558	0.00947	0.01192	0.01590	0.03224	0.54561	0.03840	0.24338	0.01622	0.00386	0.00467	0.01629	0.00558	0.00504
18	0.01554	0.03140	0.61592	0.01860	0.02781	0.01521	0.04439	0.04232	0.01523	0.09178	0.01364	0.01521	0.00944	0.00659	0.00647	0.00212	0.00947	0.00526	0.00351	0.01008
19	0.01370	0.02126	0.29532	0.09514	0.25025	0.01401	0.03779	0.01888	0.01448	0.02071	0.01799	0.06977	0.05910	0.00801	0.00673	0.00213	0.00817	0.00708	0.03031	0.00918
20	0.81159	0.01298	0.00986	0.00882	0.01298	0.01505	0.00727	0.01972	0.01142	0.03010	0.00934	0.01090	0.00727	0.00623	0.00415	0.00208	0.00519	0.00363	0.00415	0.00727
21	0.01597	0.01611	0.05421	0.03831	0.65154	0.01530	0.01986	0.01995	0.01515	0.02163	0.01489	0.04276	0.03060	0.00679	0.00673	0.00203	0.00779	0.00660	0.00348	0.01029
22	0.01705	0.02261	0.28008	0.13221	0.18065	0.03677	0.06466	0.07938	0.01648	0.08603	0.01385	0.01640	0.01012	0.00662	0.00664	0.00210	0.00891	0.00576	0.00384	0.00985
23	0.01227	0.01073	0.01726	0.27430	0.18908	0.01198	0.01421	0.01540	0.01290	0.01753	0.01680	0.07313	0.01605	0.10987	0.15498	0.00446	0.00979	0.02834	0.00363	0.00732
24	0.00827	0.00591	0.00789	0.00945	0.00988	0.00553	0.00639	0.00950	0.01294	0.01723	0.03693	0.73549	0.04417	0.02093	0.00859	0.00274	0.00397	0.04247	0.00623	0.00548
25	0.01823	0.02241	0.30022	0.02092	0.13570	0.03342	0.06963	0.04662	0.03920	0.17149	0.01749	0.04416	0.01334	0.00771	0.00680	0.00215	0.00832	0.02756	0.00461	0.01003
26	0.01875	0.06057	0.09448	0.02213	0.18508	0.08158	0.10609	0.04029	0.01654	0.15534	0.01886	0.06968	0.01615	0.00876	0.00700	0.00216	0.00807	0.07434	0.00478	0.00936
27	0.75770	0.01367	0.01054	0.00941	0.01340	0.03951	0.00771	0.01984	0.01163	0.02916	0.00936	0.01107	0.00737	0.00644	0.00483	0.00209	0.03115	0.00373	0.00409	0.00729
28	0.01794	0.76823	0.03516	0.01148	0.01722	0.02655	0.01148	0.02009	0.01363	0.01579	0.00933	0.01076	0.00861	0.00574	0.00431	0.00144	0.00718	0.00359	0.00287	0.00861
29	0.00811	0.00633	0.00729	0.00803	0.00932	0.00559	0.00560	0.00950	0.01394	0.01748	0.05163	0.39487	0.37449	0.04433	0.00912	0.00263	0.00374	0.01635	0.00616	0.00551
30	0.01391	0.01193	0.01391	0.00994	0.01590	0.00894	0.00795	0.01690	0.01391	0.02186	0.01193	0.01391	0.00994	0.00497	0.00497	0.00099	0.00497	0.00398	0.00398	0.80521
31	0.23300	0.01726	0.01742	0.01369	0.01874	0.01929	0.01131	0.52040	0.02623	0.03907	0.01432	0.01473	0.01032	0.00757	0.00604	0.00203	0.00680	0.00541	0.00604	0.01032
32	0.03010	0.01142	0.01557	0.01194	0.01713	0.00986	0.00986	0.03270	0.01920	0.72698	0.02647	0.02284	0.01661	0.00830	0.00675	0.00208	0.00571	0.00675	0.00830	0.01142
33	0.01129	0.00755	0.00966	0.00882	0.01079	0.00700	0.00671	0.03629	0.01923	0.07295	0.61693	0.04796	0.09224	0.01334	0.00780	0.00211	0.00348	0.01169	0.00737	0.00680
34	0.00818	0.00584	0.00779	0.00934	0.00973	0.00545	0.00623	0.00934	0.01285	0.01713	0.03698	0.75981	0.04438	0.02102	0.00856	0.00273	0.00389	0.01908	0.00623	0.00545
35	0.01236	0.00624	0.00631	0.00636	0.00788	0.00623	0.00474	0.01542	0.01403	0.02475	0.02240	0.04980	0.01812	0.00826	0.00482	0.00160	0.00315	0.00669	0.77461	0.00623
36	0.00976	0.00651	0.00732	0.00732	0.00732	0.00651	0.00407	0.00976	0.00976	0.01301	0.02114	0.04391	0.02439	0.76419	0.03415	0.00651	0.00651	0.00976	0.00407	0.00407
37	0.01346	0.03471	0.72942	0.01912	0.02904	0.01558	0.02479	0.02125	0.01417	0.02125	0.01204	0.01417	0.00850	0.00637	0.00637	0.00212	0.00992	0.00496	0.00283	0.00992
38	0.02497	0.01211	0.03328	0.01190	0.01653	0.01079	0.00994	0.11868	0.02070	0.47759	0.16177	0.02711	0.02494	0.00929	0.00696	0.00208	0.00554	0.00767	0.00777	0.01037
39	0.03010	0.01142	0.01557	0.01194	0.01713	0.00986	0.00986	0.03270	0.01920	0.72698	0.02647	0.02284	0.01661	0.00830	0.00675	0.00208	0.00571	0.00675	0.00830	0.01142
40	0.01688	0.00833	0.01078	0.00929	0.01212	0.00750	0.00727	0.01980	0.01828	0.26528	0.36686	0.03792	0.06334	0.01119	0.00708	0.00203	0.00404	0.00957	0.11440	0.00803
41	0.01655	0.01697	0.03237	0.03477	0.40200	0.01654	0.31430	0.04237	0.01603	0.02238	0.01314	0.01724	0.01046	0.00590	0.00720	0.00211	0.00940	0.00682	0.00346	0.00997
42	0.01679	0.01771	0.03322	0.02977	0.21423	0.05727	0.43293	0.02155	0.01597	0.04551	0.01541	0.01909	0.03427	0.00629	0.00743	0.00215	0.01002	0.00737	0.00364	0.00936
43	0.01750	0.29001	0.18685	0.01802	0.02450	0.13024	0.17267	0.02232	0.04303	0.01890	0.01179	0.01398	0.00943	0.00618	0.00596	0.00186	0.00941	0.00516	0.00323	0.00895
44	0.01468	0.08390	0.13568	0.01257	0.03577	0.01222	0.01156	0.04228	0.01459	0.02194	0.01188	0.01382	0.00965	0.00541	0.00525	0.00128	0.00615	0.00423	0.00377	0.55338
45	0.04188	0.12590	0.42932	0.01850	0.06338	0.07625	0.03772	0.02281	0.06044	0.04459	0.01302	0.01469	0.00971	0.00653	0.00610	0.00201	0.00907	0.00505	0.00342	0.00960
46	0.02334	0.08974	0.02075	0.08838	0.02297	0.44665	0.01335	0.17461	0.02079	0.02218	0.01171	0.01345	0.00928	0.00705	0.00611	0.00182	0.01032	0.00480	0.00408	0.00862
47	0.04847	0.01270	0.01535	0.01175	0.01692	0.01166	0.00961	0.15547	0.01992	0.37416	0.02341	0.02188	0.05868	0.00802	0.00635	0.00184	0.00571	0.00638	0.00679	0.18494
48	0.01290	0.05253	0.56503	0.01767	0.02581	0.01438	0.04329	0.01942	0.01409	0.02052	0.01610	0.11103	0.01431	0.00867	0.00675	0.00222	0.00896	0.03377	0.00342	0.00913
49	0.02418	0.01013	0.01351	0.01080	0.01504	0.00881	0.00875	0.02679	0.01878	0.52991	0.15654	0.03191	0.09421	0.01014	0.00708	0.00210	0.00502	0.00846	0.00793	0.00993
50	0.01166	0.00583	0.00874	0.00874	0.00874	0.00583	0.00583	0.00874	0.00874	0.01166	0.01166	0.02040	0.01166	0.02331	0.02622	0.80478	0.00583	0.00583	0.00291	0.00291
51	0.01204	0.01552	0.16002	0.01783	0.06120	0.01136	0.19319	0.01570	0.01346	0.01864	0.02128	0.23328	0.02219	0.13878	0.03185	0.00329	0.00810	0.01069	0.00421	0.00737
52	0.00882	0.00671	0.00971	0.01046	0.01119	0.00667	0.03245	0.01033	0.01261	0.01706	0.03281	0.61389	0.03845	0.02414	0.10688	0.00380	0.02592	0.01671	0.00568	0.00571
53	0.00818	0.00584	0.00779	0.00934	0.00973	0.00545	0.00623	0.00934	0.01285	0.01713	0.03698	0.75981	0.04438	0.02102	0.00856	0.00273	0.00389	0.01908	0.00623	0.00545
54	0.81159	0.01298	0.00986	0.00882	0.01298	0.01505	0.00727	0.01972	0.01142	0.03010	0.00934	0.01090	0.00727	0.00623	0.00415	0.00208	0.00519	0.00363	0.00415	0.00727
55	0.01469	0.01294	0.01650	0.04378	0.19062	0.01399	0.01206	0.02544	0.35530	0.02384	0.05000	0.02997	0.11184	0.05877	0.00874	0.00247	0.00585	0.00829	0.00559	0.00930
56	0.01986	0.01528	0.01644	0.01397	0.01826	0.01722	0.01110	0.20056	0.49128	0.08242	0.02447	0.02266	0.01795	0.00878	0.00679	0.00220	0.00585	0.00714	0.00691	0.01088
57	0.01584	0.01810	0.03959	0.02828	0.03507	0.01697	0.69796	0.02149	0.01584	0.02149	0.01357	0.01810	0.01018	0.00566	0.00792	0.00226	0.01131	0.00792	0.00339	0.00905
58	0.02965	0.01152	0.01556	0.01200	0.01714	0.01009	0.00989	0.03280	0.04267	0.70325	0.02650	0.02291	0.01674	0.00833	0.00675	0.00208	0.00570	0.00678	0.00825	0.01139
59	0.01346	0.03471	0.72942	0.01912	0.02904	0.01558	0.02479	0.02125	0.01417	0.02125	0.01204	0.01417	0.00850	0.00637	0.00637	0.00212	0.00992	0.00496	0.00283	0.00992
60	0.02506	0.03198	0.01901	0.01729	0.02074	0.73725	0.01296	0.02679	0.01901	0.01642	0.01037	0.01210	0.00864	0.00691	0.00605	0.00173	0.01210	0.00432	0.00346	0.00778
61	0.01346	0.03471	0.72942	0.01912	0.02904	0.01558	0.02479	0.02125	0.01417	0.02125	0.01204	0.01417	0.00850	0.00637	0.00637	0.00212	0.00992	0.00496	0.00283	0.00992
62	0.01544	0.01664	0.03266	0.02689	0.11585	0.04094	0.47848	0.02034	0.01582	0.02114	0.01691	0.02706	0.01480	0.00783	0.00791	0.00234	0.01009	0.11626	0.00384	0.00873
63	0.01794	0.76823	0.03516	0.01148	0.01722	0.02655	0.01148	0.02009	0.01363	0.01579	0.00933	0.01076	0.00861	0.00574	0.00431	0.00144	0.00718	0.00359	0.00287	0.00861
64	0.01403	0.04209	0.01452	0.00988	0.01570	0.00957	0.00799	0.01698	0.01391	0.02172	0.01214	0.01414	0.01012	0.00509	0.00493	0.00103	0.00500	0.00403	0.02932	0.74781
65	0.01489	0.01467	0.02019	0.04211	0.04254	0.12396	0.19087	0.04060	0.01559	0.04200	0.02300	0.28641	0.02404	0.01253	0.00827	0.00239	0.03350	0.05014	0.00482	0.00749
66	0.10444	0.01207	0.01534	0.01188	0.01698	0.01111	0.00981	0.07717	0.01931	0.61351	0.02413	0.02124	0.01536	0.00809	0.00650	0.00207	0.00577	0.00640	0.00780	0.01102
67	0.00793	0.00680	0.00680	0.00680	0.00906	0.00566	0.00510	0.00963	0.01529	0.01813	0.06797	0.06457	0.71961	0.01699	0.00793	0.00227	0.00340	0.01416	0.00623	0.00566
68	0.02564	0.01315	0.01608	0.01261	0.01757	0.01274	0.01029	0.16224	0.11397	0.42886	0.04698	0.02215	0.01725	0.00833	0.00667	0.00202	0.00585	0.00672	0.00748	0.06342
69	0.03010	0.01142	0.01557	0.01194	0.01713	0.00986	0.00986	0.03270	0.01920	0.72698	0.02647	0.02284	0.01661	0.00830	0.00675	0.00208	0.00571	0.00675	0.00830	0.01142
70	0.00823	0.00586	0.00777	0.00927	0.00964	0.00549	0.00615	0.00936	0.01273	0.01698	0.03639	0.73320	0.04364	0.04864	0.00952	0.00287	0.00399	0.01873	0.00615	0.00540
71	0.01804	0.01866	0.02584	0.03714	0.60362	0.13799	0.01930	0.02164	0.01591	0.02099	0.01224	0.01584	0.01029	0.00614	0.00654	0.00195	0.00867	0.00570	0.00334	0.01015
72	0.01508	0.01466	0.02542	0.28346	0.39318	0.01592	0.07523	0.01923	0.01441	0.01992	0.01225	0.01707	0.00991	0.00652	0.00761	0.00215	0.04945	0.00613	0.00319	0.00922
73	0.01997	0.01152	0.01267	0.01042	0.01392	0.01197	0.00838	0.25956	0.02107	0.14612	0.02060	0.02152	0.01506	0.00798	0.00574	0.00181	0.00505	0.00626	0.39144	0.00892
74	0.00819	0.00601	0.00776	0.00906	0.00972	0.00558	0.00615	0.00947	0.01310	0.01721	0.04038	0.64429	0.13145	0.02149	0.03324	0.00294	0.00431	0.01803	0.00614	0.00550
75	0.01854	0.07093	0.24912	0.01824	0.06646	0.01669	0.07956	0.14882	0.11723	0.09942	0.01676	0.01759	0.01214	0.00718	0.00651	0.00206	0.00799	0.00600	0.02852	0.01022
76	0.00827	0.00609	0.00761	0.00870	0.00946	0.00559	0.00588	0.00953	0.01330	0.01735	0.06291	0.56010	0.17084	0.06859	0.01010	0.00287	0.00395	0.01733	0.00612	0.00543
77	0.01789	0.43035	0.09964	0.04187	0.04395	0.06827	0.10386	0.02123	0.01487	0.05894	0.03442	0.01457	0.01112	0.00632	0.00552	0.00174	0.00818	0.00496	0.00345	0.00885
78	0.01594	0.01242	0.01449	0.01055	0.01636	0.01002	0.00848	0.06454	0.03430	0.07456	0.01368	0.01501	0.01081	0.00553	0.00527	0.00118	0.00519	0.00441	0.00455	0.67270
79	0.07109	0.16588	0.02082	0.11299	0.04589	0.16078	0.01249	0.12250	0.09848	0.04366	0.01650	0.03804	0.03058	0.00798	0.00610	0.00196	0.00785	0.02310	0.00455	0.00878
80	0.02341	0.07279	0.02271	0.01842	0.02246	0.59943	0.10478	0.02569	0.01828	0.01707	0.01074	0.01283	0.00885	0.00668	0.00620	0.00178	0.01171	0.00476	0.00341	0.00800
81	0.03351	0.01008	0.01337	0.08038	0.01714	0.03519	0.05411	0.06934	0.01548	0.06354	0.02780	0.38347	0.02991	0.01489	0.00774	0.00245	0.00579	0.07604	0.02690	0.03287
82	0.01555	0.01708	0.11443	0.09051	0.04572	0.03426	0.09803	0.02599	0.29268	0.04165	0.04145	0.02227	0.03831	0.00788	0.00675	0.00209	0.00716	0.00695	0.00504	0.08620
83	0.02348	0.00995	0.01345	0.01081	0.01485	0.00873	0.00873	0.02626	0.01914	0.50207	0.24890	0.03160	0.03161	0.01004	0.00712	0.00209	0.00489	0.00848	0.00801	0.00978
84	0.00841	0.00611	0.00810	0.00929	0.00989	0.00590	0.00636	0.00973	0.01261	0.01682	0.03582	0.58723	0.08403	0.05451	0.10735	0.00393	0.00585	0.01679	0.00579	0.00548
85	0.01027	0.00749	0.01010	0.01144	0.01301	0.00732	0.00978	0.01306	0.01528	0.01965	0.03996	0.11385	0.13031	0.01847	0.00905	0.00296	0.00567	0.55008	0.00619	0.00607
86	0.08560	0.01257	0.01537	0.01225	0.01712	0.01222	0.01000	0.07538	0.14780	0.50094	0.02468	0.02192	0.01630	0.00828	0.00657	0.00211	0.00570	0.00663	0.00762	0.01096
87	0.00818	0.00584	0.00779	0.00934	0.00973	0.00545	0.00623	0.00934	0.01285	0.01713	0.03698	0.75981	0.04438	0.02102	0.00856	0.00273	0.00389	0.01908	0.00623	0.00545
88	0.02996	0.01165	0.01572	0.01205	0.01725	0.01021	0.00995	0.05403	0.01960	0.70510	0.02614	0.02262	0.01644	0.00830	0.00675	0.00207	0.00576	0.00673	0.00825	0.01142
89	0.01337	0.00775	0.01000	0.00892	0.01131	0.00694	0.00687	0.01624	0.01856	0.16428	0.49804	0.04658	0.13856	0.01307	0.00769	0.00212	0.00370	0.01133	0.00742	0.00725
90	0.02299	0.01516	0.01648	0.01297	0.01745	0.01635	0.01061	0.47498	0.02628	0.10779	0.01849	0.01884	0.01327	0.00803	0.00625	0.00192	0.00624	0.00616	0.18952	0.01023
91	0.00960	0.00714	0.01055	0.01055	0.01167	0.00826	0.00810	0.01183	0.01072	0.01541	0.01818	0.02752	0.01728	0.09749	0.69112	0.01050	0.01722	0.00736	0.00363	0.00586
92	0.01709	0.01432	0.01518	0.01360	0.01744	0.01649	0.01060	0.03557	0.68966	0.04885	0.02729	0.02497	0.02037	0.00908	0.00683	0.00227	0.00532	0.00756	0.00687	0.01064
93	0.02506	0.03198	0.01901	0.01729	0.02074	0.73725	0.01296	0.02679	0.01901	0.01642	0.01037	0.01210	0.00864	0.00691	0.00605	0.00173	0.01210	0.00432	0.00346	0.00778
94	0.01346	0.03471	0.72942	0.01912	0.02904	0.01558	0.02479	0.02125	0.01417	0.02125	0.01204	0.01417	0.00850	0.00637	0.00637	0.00212	0.00992	0.00496	0.00283	0.00992
95	0.12712	0.04678	0.01864	0.01461	0.01925	0.18611	0.01180	0.40561	0.02492	0.03320	0.03977	0.01558	0.01206	0.00768	0.00619	0.00194	0.00803	0.00547	0.00551	0.00974
96	0.00946	0.00692	0.00988	0.01049	0.01149	0.00748	0.00802	0.01154	0.01196	0.01652	0.02548	0.20805	0.02726	0.08056	0.40628	0.00739	0.01207	0.11872	0.00466	0.00578
97	0.01551	0.01620	0.03341	0.02419	0.03030	0.01509	0.53868	0.02048	0.01526	0.04428	0.01426	0.01863	0.01101	0.01000	0.07825	0.00295	0.01113	0.00741	0.00363	0.08932
98	0.02304	0.02522	0.02056	0.02122	0.15418	0.41899	0.01422	0.17242	0.02077	0.02310	0.01231	0.01431	0.00990	0.00842	0.03042	0.00214	0.01047	0.00511	0.00415	0.00906
99	0.01564	0.01749	0.03195	0.02374	0.02896	0.08639	0.49778	0.02002	0.01521	0.01979	0.01512	0.06240	0.01315	0.05960	0.03449	0.00283	0.03535	0.00824	0.00360	0.00822
100	0.03010	0.01142	0.01557	0.01194	0.01713	0.00986	0.00986	0.03270	0.01920	0.72698	0.02647	0.02284	0.01661	0.00830	0.00675	0.00208	0.00571	0.00675	0.00830	0.01142
101	0.01147	0.00647	0.00746	0.00757	0.00885	0.00632	0.00542	0.01388	0.01410	0.04459	0.11597	0.17003	0.02910	0.08899	0.03313	0.00268	0.00419	0.00986	0.41387	0.00605
102	0.01275	0.01190	0.01985	0.11751	0.20007	0.01253	0.10248	0.01592	0.01448	0.01993	0.10339	0.15214	0.07040	0.03108	0.00966	0.00243	0.08143	0.00984	0.00444	0.00777
103	0.01776	0.01143	0.01390	0.01294	0.01622	0.01195	0.01076	0.09050	0.21379	0.16580	0.02951	0.04504	0.02646	0.01281	0.00783	0.00255	0.00596	0.28898	0.00684	0.00899
104	0.00818	0.00584	0.00779	0.00934	0.00973	0.00545	0.00623	0.00934	0.01285	0.01713	0.03698	0.75981	0.04438	0.02102	0.00856	0.00273	0.00389	0.01908	0.00623	0.00545
105	0.01514	0.01360	0.01858	0.07125	0.28651	0.05498	0.01390	0.08542	0.03862	0.02296	0.08640	0.14457	0.04787	0.01026	0.00754	0.00216	0.03079	0.00899	0.03181	0.00863
106	0.01746	0.14315	0.27818	0.04642	0.06732	0.18734	0.08021	0.02310	0.05890	0.01960	0.01235	0.01448	0.00960	0.00650	0.00618	0.00194	0.00969	0.00513	0.00332	0.00913
107	0.01166	0.00583	0.00874	0.00874	0.00874	0.00583	0.00583	0.00874	0.00874	0.01166	0.01166	0.02040	0.01166	0.02331	0.02622	0.80478	0.00583	0.00583	0.00291	0.00291
108	0.00858	0.00621	0.00819	0.00963	0.01035	0.00583	0.00687	0.01009	0.01344	0.01767	0.03904	0.59980	0.09333	0.02033	0.00863	0.00275	0.00422	0.12324	0.00622	0.00558
109	0.01358	0.01576	0.11298	0.14200	0.18599	0.03863	0.06071	0.01832	0.05982	0.01971	0.01923	0.20200	0.01892	0.01044	0.00805	0.00231	0.04977	0.00927	0.00414	0.00833
110	0.01854	0.01513	0.03988	0.04390	0.16952	0.10662	0.03471	0.04867	0.01735	0.15914	0.11202	0.02719	0.04340	0.00910	0.00738	0.00209	0.03235	0.04679	0.05735	0.00887
111	0.02410	0.02851	0.01932	0.01707	0.02044	0.57052	0.01311	0.11605	0.01984	0.01986	0.01099	0.01289	0.00903	0.00754	0.00771	0.00189	0.08436	0.00470	0.00384	0.00822
112	0.01482	0.03891	0.14804	0.01219	0.01876	0.01176	0.01160	0.06410	0.03912	0.02315	0.01268	0.01440	0.01009	0.00560	0.00539	0.00133	0.00613	0.00441	0.00401	0.55350
113	0.01666	0.01614	0.05006	0.09018	0.62717	0.01566	0.02024	0.02077	0.01524	0.04480	0.01301	0.01682	0.01063	0.00612	0.00664	0.00202	0.00803	0.00597	0.00344	0.01040
114	0.00959	0.00719	0.01078	0.01078	0.01198	0.00839	0.00839	0.01198	0.01078	0.01558	0.01797	0.02636	0.01677	0.05032	0.73760	0.01078	0.01797	0.00719	0.00359	0.00599
115	0.07222	0.01849	0.06880	0.04570	0.20718	0.06014	0.07840	0.22475	0.06709	0.06924	0.01513	0.01676	0.01130	0.00703	0.00659	0.00205	0.00802	0.00601	0.00488	0.01023
116	0.01722	0.33891	0.02854	0.01575	0.01932	0.02249	0.08037	0.05589	0.01367	0.03796	0.01039	0.01364	0.00922	0.00827	0.01176	0.00215	0.29762	0.00513	0.00331	0.00839
117	0.00822	0.00587	0.00783	0.00931	0.00974	0.00548	0.00623	0.00946	0.01306	0.01746	0.06018	0.73567	0.04502	0.02077	0.00854	0.00270	0.00387	0.01884	0.00627	0.00548
118	0.01248	0.00879	0.01100	0.01086	0.03093	0.00874	0.00797	0.05152	0.10155	0.06773	0.33317	0.15987	0.06632	0.03915	0.00870	0.00244	0.00438	0.06031	0.00681	0.00729
119	0.04027	0.01376	0.01748	0.01483	0.05898	0.03695	0.07651	0.10258	0.08001	0.07041	0.05624	0.05103	0.05755	0.00818	0.00684	0.00180	0.02824	0.00693	0.00511	0.26631
120	0.04456	0.06643	0.03832	0.08247	0.08151	0.04361	0.08168	0.08314	0.05743	0.09300	0.01508	0.03467	0.01189	0.00697	0.00668	0.00183	0.03213	0.00584	0.00452	0.20825
121	0.01681	0.21467	0.14141	0.06451	0.13423	0.04372	0.06272	0.08574	0.01561	0.02089	0.01172	0.01471	0.00962	0.00820	0.03071	0.00225	0.08492	0.00525	0.00343	0.02887
122	0.01646	0.04018	0.03752	0.01263	0.03321	0.10376	0.00995	0.09770	0.08714	0.06166	0.04770	0.05444	0.10729	0.05721	0.00837	0.00221	0.00641	0.05126	0.00528	0.15961

[dist]
# distance from previous block
# <min> <max>
7	23

[block]
# block no. 5 follows, 32 sequences, length 20
# corresponding to MSA columns:
# 715-734
name=unknown_F
#
# <colnr> <probs for GDERKNQSTAVLIFYWHMCP>
#	G	D	E	R	K	N	Q	S	T	A	V	L	I	F	Y	W	H	M	C	P
0	0.19015	0.13472	0.03719	0.04473	0.16697	0.03235	0.01270	0.10936	0.01596	0.02498	0.01156	0.01375	0.00937	0.00627	0.00576	0.00177	0.02285	0.00468	0.00397	0.15092
1	0.07631	0.12471	0.18305	0.01704	0.07517	0.19068	0.01507	0.07314	0.01673	0.04731	0.01368	0.01815	0.01145	0.00739	0.00605	0.00192	0.00867	0.05431	0.00393	0.05524
2	0.01218	0.01241	0.06940	0.03647	0.17286	0.01087	0.07493	0.03688	0.01571	0.02158	0.15408	0.20228	0.10875	0.01241	0.00796	0.00228	0.02488	0.01121	0.00514	0.00773
3	0.01173	0.01419	0.12928	0.01483	0.01704	0.01299	0.05050	0.01440	0.01220	0.01757	0.02074	0.29107	0.02263	0.01712	0.07200	0.00333	0.25628	0.01083	0.00422	0.00704
4	0.05846	0.03982	0.13096	0.12028	0.10676	0.09186	0.23847	0.02233	0.01559	0.09126	0.01365	0.01660	0.01011	0.00637	0.00679	0.00210	0.00952	0.00618	0.00377	0.00914
5	0.01573	0.16285	0.26796	0.01586	0.04073	0.06983	0.01594	0.01964	0.01381	0.06130	0.01494	0.04469	0.02966	0.05184	0.04175	0.00272	0.11267	0.00603	0.00356	0.00850
6	0.01047	0.00780	0.00964	0.00916	0.01095	0.00758	0.00685	0.04375	0.06956	0.02591	0.51278	0.13946	0.09178	0.01426	0.00787	0.00221	0.00362	0.01254	0.00710	0.00672
7	0.01551	0.01613	0.03142	0.04945	0.26110	0.01569	0.36936	0.02091	0.04600	0.02201	0.05415	0.03724	0.01455	0.00676	0.00743	0.00218	0.00924	0.00771	0.00380	0.00936
8	0.01898	0.32685	0.12744	0.01724	0.04387	0.08305	0.11882	0.14764	0.01789	0.02259	0.01180	0.01364	0.00942	0.00635	0.00581	0.00181	0.00867	0.00503	0.00372	0.00937
9	0.00862	0.00622	0.00824	0.00955	0.01027	0.00583	0.00679	0.01023	0.01381	0.01838	0.09500	0.57872	0.07637	0.01990	0.00857	0.00270	0.00411	0.10474	0.00632	0.00563
10	0.00964	0.00695	0.00959	0.00959	0.01037	0.00774	0.00689	0.01121	0.01043	0.01469	0.01907	0.03242	0.01941	0.29683	0.49469	0.00931	0.01401	0.00808	0.00376	0.00533
11	0.00815	0.00638	0.00741	0.00819	0.00955	0.00564	0.00584	0.00965	0.01416	0.01773	0.05229	0.38985	0.37897	0.01893	0.00828	0.00251	0.00373	0.04092	0.00623	0.00558
12	0.01625	0.04213	0.20093	0.07190	0.28732	0.01550	0.14475	0.02126	0.01517	0.07451	0.01434	0.04020	0.01138	0.00671	0.00682	0.00210	0.00880	0.00649	0.00365	0.00981
13	0.02894	0.01116	0.01520	0.01174	0.01673	0.00966	0.00966	0.03157	0.01919	0.68749	0.06552	0.02438	0.01924	0.00861	0.00681	0.00208	0.00557	0.00705	0.00825	0.01113
14	0.02210	0.00965	0.01301	0.01058	0.01437	0.00849	0.00849	0.02492	0.01912	0.45520	0.29525	0.03343	0.03474	0.01041	0.00720	0.00209	0.00472	0.00884	0.00795	0.00944
15	0.01412	0.01471	0.02627	0.41844	0.03906	0.04904	0.25777	0.01870	0.01450	0.01865	0.01382	0.05878	0.01133	0.00714	0.00721	0.00225	0.00965	0.00730	0.00333	0.00792
16	0.01108	0.00942	0.01485	0.19083	0.05494	0.00994	0.06105	0.01457	0.03647	0.01905	0.05386	0.26663	0.06059	0.01440	0.00802	0.00256	0.00632	0.15345	0.00516	0.00680
17	0.02099	0.02459	0.02243	0.05605	0.02387	0.42222	0.15230	0.06285	0.01806	0.01944	0.01365	0.01617	0.03104	0.00728	0.00723	0.00194	0.04498	0.00570	0.04115	0.00808
18	0.01524	0.01183	0.01395	0.01026	0.01586	0.00927	0.00818	0.04271	0.01490	0.07442	0.01444	0.05288	0.01225	0.00615	0.00535	0.00120	0.00506	0.00503	0.00451	0.67653
19	0.01727	0.01684	0.07238	0.03647	0.04690	0.05612	0.10839	0.12725	0.17108	0.04829	0.08684	0.02268	0.01836	0.00881	0.00839	0.01637	0.06189	0.02038	0.00520	0.05008

[dist]
# distance from previous block
# <min> <max>
1	3

[block]
# block no. 6 follows, 32 sequences, length 87
# corresponding to MSA columns:
# 738-824
name=unknown_G
#
# <colnr> <probs for GDERKNQSTAVLIFYWHMCP>
#	G	D	E	R	K	N	Q	S	T	A	V	L	I	F	Y	W	H	M	C	P
0	0.00840	0.00680	0.00737	0.00723	0.00924	0.00587	0.00537	0.01040	0.01601	0.02014	0.23056	0.06012	0.52669	0.04531	0.00895	0.00239	0.00346	0.01348	0.00644	0.00577
1	0.01794	0.76823	0.03516	0.01148	0.01722	0.02655	0.01148	0.02009	0.01363	0.01579	0.00933	0.01076	0.00861	0.00574	0.00431	0.00144	0.00718	0.00359	0.00287	0.00861
2	0.02215	0.01149	0.01467	0.01132	0.01625	0.01002	0.00920	0.06804	0.01755	0.37345	0.04359	0.02090	0.01579	0.01149	0.07672	0.00258	0.00669	0.00607	0.00638	0.25566
3	0.01731	0.61061	0.16413	0.01307	0.01952	0.04465	0.01400	0.02050	0.01389	0.01682	0.00986	0.01144	0.00859	0.00589	0.00474	0.00157	0.00783	0.00386	0.00288	0.00883
4	0.00929	0.00682	0.00870	0.00829	0.00991	0.00623	0.00620	0.01223	0.01840	0.02565	0.62724	0.07414	0.13327	0.01430	0.00794	0.00215	0.00321	0.01257	0.00723	0.00623
5	0.01584	0.01810	0.03959	0.02828	0.03507	0.01697	0.69796	0.02149	0.01584	0.02149	0.01357	0.01810	0.01018	0.00566	0.00792	0.00226	0.01131	0.00792	0.00339	0.00905
6	0.01512	0.04183	0.21375	0.01209	0.01660	0.10625	0.01215	0.03641	0.05050	0.02311	0.01735	0.01961	0.01338	0.00730	0.00549	0.00179	0.00656	0.00562	0.38721	0.00791
7	0.46446	0.01228	0.01240	0.01021	0.01482	0.01275	0.00842	0.02549	0.01488	0.33965	0.01695	0.01620	0.01142	0.00715	0.00531	0.00208	0.00542	0.00502	0.00600	0.00911
8	0.00818	0.00584	0.00779	0.00934	0.00973	0.00545	0.00623	0.00934	0.01285	0.01713	0.03698	0.75981	0.04438	0.02102	0.00856	0.00273	0.00389	0.01908	0.00623	0.00545
9	0.77168	0.01327	0.01038	0.00916	0.01337	0.01534	0.00755	0.05426	0.01244	0.03072	0.00969	0.01116	0.00748	0.00632	0.00428	0.00207	0.00530	0.00376	0.00428	0.00748
10	0.00944	0.00686	0.00890	0.00839	0.00999	0.00631	0.00629	0.01256	0.01887	0.02661	0.69694	0.05061	0.08534	0.01383	0.00791	0.00212	0.00317	0.01220	0.00735	0.00631
11	0.00829	0.00599	0.00777	0.00904	0.00963	0.00555	0.00609	0.00957	0.01329	0.01765	0.07923	0.64562	0.09330	0.04331	0.00927	0.00277	0.00390	0.01802	0.00623	0.00547
12	0.00979	0.00659	0.00789	0.00794	0.00823	0.00678	0.00491	0.01037	0.01022	0.01410	0.02116	0.06435	0.02345	0.58396	0.15352	0.00691	0.00826	0.00948	0.03754	0.00454
13	0.02506	0.03198	0.01901	0.01729	0.02074	0.73725	0.01296	0.02679	0.01901	0.01642	0.01037	0.01210	0.00864	0.00691	0.00605	0.00173	0.01210	0.00432	0.00346	0.00778
14	0.00814	0.00599	0.00763	0.00895	0.00963	0.00548	0.00605	0.00939	0.01323	0.01728	0.04182	0.65123	0.14984	0.02039	0.00847	0.00265	0.00382	0.01831	0.00623	0.00548
15	0.02521	0.01926	0.02031	0.01632	0.04265	0.05074	0.01301	0.65053	0.03051	0.04057	0.01576	0.01596	0.01127	0.00794	0.00668	0.00200	0.00760	0.00597	0.00647	0.01123
