[name]
unknown

[dist]
# distance from previous block
# <min> <max>
0	11

[block]
# block no. 0 follows, 30 sequences, length 15
# corresponding to MSA columns:
# 11-25
name=unknown_A
#
# <colnr> <probs for GDERKNQSTAVLIFYWHMCP>
#	G	D	E	R	K	N	Q	S	T	A	V	L	I	F	Y	W	H	M	C	P
0	0.04926	0.06442	0.04979	0.02044	0.10833	0.01523	0.15213	0.09288	0.05635	0.11192	0.02167	0.03273	0.01897	0.00998	0.00759	0.00240	0.00796	0.16307	0.00539	0.00950
1	0.06468	0.01229	0.05581	0.01579	0.11878	0.01089	0.01131	0.07582	0.01756	0.09423	0.07636	0.09026	0.20561	0.01317	0.00772	0.00240	0.00582	0.10722	0.00601	0.00827
2	0.05715	0.01688	0.05988	0.01652	0.07658	0.01649	0.01284	0.31266	0.08861	0.10769	0.04640	0.06787	0.01719	0.00904	0.00690	0.00212	0.00680	0.00733	0.00632	0.06473
3	0.07375	0.07543	0.01730	0.01312	0.01755	0.01531	0.01097	0.21010	0.09262	0.10734	0.02243	0.05695	0.01961	0.01048	0.00700	0.00221	0.00641	0.13602	0.00622	0.09919
4	0.02065	0.02020	0.15653	0.01796	0.08237	0.07083	0.02898	0.11471	0.16676	0.15953	0.07252	0.02217	0.01815	0.00843	0.00701	0.00218	0.00759	0.00693	0.00593	0.01056
5	0.10185	0.07192	0.29193	0.01857	0.08056	0.01563	0.07146	0.05036	0.01567	0.09802	0.01457	0.01756	0.01115	0.05124	0.00808	0.00234	0.00842	0.00573	0.00412	0.06082
6	0.24994	0.04704	0.06381	0.03675	0.04936	0.01516	0.06771	0.09798	0.04312	0.10213	0.01669	0.06585	0.01375	0.00816	0.00620	0.00212	0.00682	0.02055	0.00508	0.08179
7	0.01923	0.05206	0.06995	0.01807	0.07828	0.10089	0.10732	0.09188	0.01819	0.09042	0.04381	0.01768	0.01328	0.00679	0.00644	0.00177	0.00797	0.00584	0.00467	0.24546
8	0.08482	0.01550	0.02102	0.02207	0.18274	0.07435	0.09323	0.02006	0.06025	0.02273	0.11548	0.02578	0.07629	0.00968	0.01004	0.00233	0.14264	0.00779	0.00456	0.00862
9	0.06030	0.00996	0.01192	0.04420	0.01546	0.01017	0.00957	0.08179	0.06636	0.04643	0.03616	0.18036	0.14141	0.01550	0.00813	0.00261	0.00557	0.20977	0.00626	0.03806
10	0.01631	0.02215	0.19760	0.02466	0.03182	0.01706	0.41193	0.07560	0.01721	0.02381	0.01540	0.02171	0.01227	0.00734	0.00821	0.00237	0.02880	0.05231	0.00386	0.00958
11	0.01479	0.01708	0.09711	0.02436	0.10096	0.01468	0.32963	0.02076	0.06060	0.02219	0.02084	0.08873	0.01933	0.00991	0.00816	0.00250	0.00926	0.12569	0.00445	0.00895
12	0.01040	0.00740	0.00824	0.00795	0.01031	0.00634	0.00599	0.01245	0.01668	0.07679	0.16704	0.10646	0.50559	0.01667	0.00819	0.00235	0.00372	0.01410	0.00685	0.00647
13	0.01914	0.46686	0.17508	0.01477	0.02118	0.16186	0.01512	0.02251	0.01539	0.01773	0.01050	0.01220	0.00894	0.00635	0.00528	0.00170	0.00906	0.00418	0.00310	0.00907
14	0.00857	0.00633	0.00802	0.00918	0.01003	0.00578	0.00628	0.01005	0.01433	0.01884	0.09945	0.57398	0.16260	0.02051	0.00874	0.00270	0.00390	0.01835	0.00658	0.00578

[dist]
# distance from previous block
# <min> <max>
0	1

[block]
# block no. 1 follows, 30 sequences, length 48
# corresponding to MSA columns:
# 27-74
name=unknown_B
#
# <colnr> <probs for GDERKNQSTAVLIFYWHMCP>
#	G	D	E	R	K	N	Q	S	T	A	V	L	I	F	Y	W	H	M	C	P
0	0.02003	0.01698	0.07407	0.01447	0.01915	0.06698	0.01246	0.11438	0.25581	0.13671	0.02444	0.02965	0.01964	0.00999	0.00723	0.00229	0.00689	0.10412	0.00645	0.05825
1	0.02029	0.01885	0.02363	0.02800	0.32381	0.12035	0.04899	0.13542	0.10004	0.05491	0.01817	0.01990	0.04057	0.00765	0.00698	0.00210	0.00837	0.00665	0.00483	0.01050
2	0.00873	0.00609	0.00802	0.00956	0.01002	0.00571	0.00640	0.01004	0.01342	0.01822	0.03768	0.71431	0.04475	0.02118	0.00871	0.00277	0.00401	0.01918	0.04548	0.00571
3	0.05518	0.05379	0.01996	0.01592	0.02058	0.30849	0.01265	0.26602	0.04445	0.11376	0.01545	0.01576	0.01136	0.00779	0.00651	0.00197	0.00931	0.00549	0.00554	0.01002
4	0.00906	0.00690	0.00853	0.00920	0.01058	0.00609	0.00641	0.01064	0.01424	0.01890	0.07040	0.51580	0.17715	0.01917	0.00840	0.00255	0.00402	0.01706	0.00631	0.07860
5	0.01685	0.10189	0.13729	0.02250	0.02912	0.07642	0.34677	0.02178	0.01567	0.02093	0.01264	0.01620	0.00990	0.00643	0.00802	0.00210	0.05567	0.00642	0.00342	0.09000
6	0.01730	0.01888	0.03951	0.02831	0.03525	0.01798	0.63036	0.07729	0.01782	0.02414	0.01434	0.01865	0.01069	0.00609	0.00813	0.00233	0.01143	0.00807	0.00381	0.00961
7	0.00850	0.00607	0.00810	0.00972	0.01012	0.00567	0.00648	0.00972	0.01336	0.01781	0.03846	0.75020	0.04615	0.02186	0.00891	0.00283	0.00405	0.01984	0.00648	0.00567
8	0.01717	0.01448	0.01699	0.07438	0.02079	0.06941	0.05596	0.07077	0.26281	0.06844	0.07564	0.03589	0.04724	0.01111	0.00767	0.00243	0.00690	0.12646	0.00625	0.00922
9	0.01671	0.01646	0.03117	0.02447	0.06344	0.01648	0.40462	0.04722	0.07994	0.05125	0.02998	0.05889	0.01592	0.00853	0.00928	0.00244	0.07012	0.03926	0.00451	0.00932
10	0.00853	0.00633	0.00791	0.00908	0.00992	0.00577	0.00618	0.00989	0.01401	0.01824	0.06501	0.56905	0.18518	0.03824	0.00938	0.00281	0.00398	0.01832	0.00646	0.00571
11	0.01708	0.01639	0.02798	0.07480	0.68073	0.01653	0.02132	0.02125	0.01580	0.02257	0.01309	0.01733	0.01097	0.00625	0.00691	0.00208	0.00834	0.00622	0.00344	0.01090
12	0.01889	0.02115	0.03365	0.06255	0.08889	0.15460	0.42394	0.06692	0.01801	0.02257	0.01348	0.01734	0.01034	0.00638	0.00761	0.00220	0.01125	0.00712	0.00374	0.00937
13	0.01641	0.02307	0.18116	0.05529	0.03471	0.06069	0.47935	0.02245	0.01621	0.02179	0.01351	0.01757	0.01007	0.00616	0.00773	0.00229	0.01141	0.00728	0.00339	0.00945
14	0.00900	0.00645	0.00820	0.00935	0.00998	0.00607	0.00636	0.01028	0.01347	0.01778	0.06224	0.50489	0.09768	0.14111	0.01324	0.00344	0.00460	0.06418	0.00615	0.00554
15	0.01699	0.50067	0.28026	0.01478	0.02230	0.02354	0.01689	0.02133	0.01438	0.01845	0.01071	0.01246	0.00891	0.00621	0.00525	0.00175	0.00848	0.00424	0.00297	0.00944
16	0.01720	0.01758	0.03591	0.06289	0.06498	0.01739	0.50903	0.02228	0.01596	0.06723	0.01436	0.01870	0.01084	0.00678	0.00954	0.00240	0.08602	0.00774	0.00379	0.00938
17	0.01436	0.09202	0.66583	0.01927	0.02925	0.01709	0.02471	0.02201	0.01469	0.02166	0.01230	0.01446	0.00885	0.00658	0.00646	0.00215	0.01009	0.00505	0.00295	0.01021
18	0.00856	0.00658	0.00788	0.00887	0.01010	0.00589	0.00630	0.01011	0.01451	0.01840	0.05095	0.44428	0.30418	0.02008	0.00869	0.00267	0.00399	0.05568	0.00648	0.00580
19	0.22512	0.04905	0.01834	0.01491	0.01905	0.17448	0.06227	0.07662	0.17685	0.02645	0.03673	0.01868	0.01414	0.00813	0.00690	0.00217	0.03805	0.01810	0.00499	0.00897
20	0.03636	0.01129	0.01063	0.01014	0.01225	0.10361	0.00758	0.04522	0.01791	0.02318	0.28728	0.10894	0.19368	0.06318	0.00971	0.00257	0.00527	0.03820	0.00635	0.00666
21	0.00974	0.00683	0.00774	0.00778	0.00831	0.00664	0.00476	0.01030	0.01165	0.01522	0.05389	0.07507	0.14771	0.54451	0.05670	0.00587	0.00646	0.01129	0.00480	0.00473
22	0.01620	0.01805	0.03814	0.02760	0.03418	0.01713	0.61350	0.02280	0.06123	0.02262	0.01606	0.04941	0.01276	0.00678	0.00819	0.00237	0.01104	0.00869	0.00389	0.00937
23	0.01756	0.41940	0.29538	0.01533	0.02292	0.02275	0.01733	0.07893	0.01600	0.02096	0.01139	0.01302	0.00916	0.00643	0.00551	0.00182	0.00857	0.00450	0.00332	0.00972
24	0.02615	0.01936	0.02073	0.01598	0.02150	0.02146	0.01317	0.66116	0.06023	0.04337	0.01723	0.01714	0.01226	0.00842	0.00699	0.00211	0.00759	0.00635	0.00699	0.01183
25	0.01076	0.00903	0.00958	0.01037	0.01150	0.06593	0.00724	0.03940	0.01533	0.01959	0.08211	0.55399	0.10036	0.01923	0.00851	0.00263	0.00481	0.01710	0.00634	0.00620
26	0.06945	0.01865	0.05976	0.08888	0.03170	0.04238	0.38875	0.08305	0.01705	0.04258	0.01364	0.01754	0.01031	0.00698	0.00893	0.00235	0.07771	0.00709	0.00393	0.00926
27	0.02033	0.01727	0.01897	0.01645	0.03844	0.07268	0.05624	0.14268	0.43206	0.07123	0.02371	0.02261	0.01757	0.00874	0.00708	0.00226	0.00694	0.00729	0.00657	0.01089
28	0.00849	0.00611	0.00806	0.00962	0.01010	0.00568	0.00644	0.00973	0.01345	0.01785	0.03958	0.72650	0.06913	0.02172	0.00888	0.00282	0.00403	0.01966	0.00648	0.00568
29	0.01589	0.01504	0.02506	0.09423	0.51044	0.01601	0.01919	0.01964	0.01470	0.02106	0.01336	0.01839	0.01149	0.01226	0.09320	0.00326	0.07711	0.00635	0.00342	0.00990
30	0.08503	0.03357	0.01137	0.01067	0.01317	0.07224	0.00841	0.01679	0.08839	0.02176	0.08612	0.13204	0.23867	0.01507	0.00782	0.00247	0.00543	0.13792	0.00606	0.00700
31	0.02655	0.01095	0.01413	0.01129	0.01580	0.00994	0.00918	0.03049	0.06351	0.52610	0.02659	0.02438	0.01767	0.00859	0.00657	0.00206	0.00535	0.00697	0.17319	0.01069
32	0.01588	0.01702	0.03471	0.08315	0.18283	0.01647	0.44717	0.02098	0.01595	0.02182	0.01538	0.06660	0.01294	0.00709	0.00790	0.00232	0.01032	0.00841	0.00368	0.00940
33	0.08516	0.01879	0.01903	0.01541	0.02022	0.14443	0.05420	0.22309	0.11536	0.17514	0.04564	0.01982	0.01545	0.00829	0.00680	0.00212	0.00781	0.00651	0.00634	0.01038
34	0.01667	0.01690	0.05543	0.12090	0.60829	0.01644	0.02136	0.02104	0.01562	0.02221	0.01302	0.01732	0.01076	0.00632	0.00690	0.00211	0.00849	0.00617	0.00339	0.01065
35	0.01001	0.00703	0.00909	0.00916	0.00968	0.00752	0.00615	0.01107	0.01071	0.01479	0.02132	0.06691	0.02300	0.43963	0.31535	0.00841	0.01150	0.00946	0.00412	0.00510
36	0.05209	0.01486	0.02551	0.01951	0.02444	0.01475	0.27917	0.07235	0.04567	0.16986	0.06264	0.04573	0.01910	0.00928	0.00878	0.00241	0.05661	0.06222	0.00558	0.00946
37	0.12111	0.10877	0.28485	0.01626	0.02312	0.06498	0.04979	0.07425	0.06145	0.07732	0.01539	0.04613	0.01203	0.00764	0.00632	0.00212	0.00846	0.00594	0.00437	0.00970
38	0.02692	0.01891	0.02055	0.01576	0.02132	0.02070	0.01302	0.63398	0.03175	0.09946	0.01764	0.01733	0.01231	0.00840	0.00698	0.00210	0.00754	0.00634	0.00712	0.01187
39	0.21850	0.01868	0.05014	0.02852	0.37406	0.10245	0.01660	0.04897	0.01582	0.02492	0.01198	0.01501	0.00980	0.00669	0.00665	0.00210	0.03026	0.00535	0.00380	0.00971
40	0.01731	0.12087	0.47494	0.01801	0.02656	0.05343	0.02111	0.11128	0.03395	0.04027	0.01338	0.01494	0.00976	0.00692	0.00642	0.00209	0.00951	0.00521	0.00375	0.01030
41	0.02212	0.01157	0.01332	0.01095	0.01480	0.01164	0.00881	0.16697	0.06322	0.25435	0.02338	0.02330	0.01661	0.00843	0.00616	0.00195	0.00521	0.00671	0.32080	0.00968
42	0.00880	0.00634	0.00839	0.00981	0.01047	0.00593	0.00683	0.01033	0.01408	0.01874	0.08105	0.62402	0.07358	0.02101	0.00890	0.00281	0.00418	0.07238	0.00655	0.00580
43	0.06192	0.18351	0.44890	0.01792	0.05335	0.01809	0.02038	0.02271	0.01493	0.07875	0.01303	0.01464	0.00958	0.00663	0.00609	0.00205	0.00899	0.00498	0.00352	0.01003
44	0.01918	0.01613	0.02574	0.10690	0.34603	0.01665	0.09473	0.10240	0.08579	0.09176	0.01648	0.01902	0.01252	0.00707	0.00711	0.00217	0.00823	0.00670	0.00470	0.01068
45	0.00911	0.00685	0.00755	0.00769	0.00890	0.00625	0.00512	0.01027	0.01378	0.01745	0.09782	0.13119	0.33283	0.29341	0.01851	0.00404	0.00478	0.01340	0.00573	0.00530
46	0.01846	0.02082	0.08069	0.02145	0.10267	0.14275	0.12769	0.05502	0.22861	0.02395	0.01872	0.02018	0.02960	0.00822	0.00841	0.00226	0.06904	0.00687	0.00477	0.00982
47	0.04306	0.02901	0.03042	0.01239	0.04531	0.01140	0.00965	0.03671	0.07664	0.04212	0.01423	0.01575	0.01142	0.00586	0.00549	0.00132	0.00557	0.00469	0.00452	0.59444

[dist]
# distance from previous block
# <min> <max>
0	1

[block]
# block no. 2 follows, 30 sequences, length 13
# corresponding to MSA columns:
# 76-88
name=unknown_C
#
# <colnr> <probs for GDERKNQSTAVLIFYWHMCP>
#	G	D	E	R	K	N	Q	S	T	A	V	L	I	F	Y	W	H	M	C	P
0	0.01737	0.08341	0.01514	0.01153	0.01434	0.01234	0.00921	0.13469	0.05830	0.10183	0.05433	0.03123	0.04623	0.03999	0.01390	0.22995	0.00620	0.08721	0.02531	0.00747
1	0.01768	0.04901	0.22274	0.02442	0.20271	0.11354	0.05936	0.08712	0.04374	0.02345	0.01572	0.07972	0.01356	0.00813	0.00693	0.00215	0.00911	0.00697	0.00406	0.00988
2	0.38387	0.16190	0.08399	0.01515	0.08502	0.09439	0.01224	0.02235	0.04467	0.02513	0.01126	0.01300	0.00906	0.00658	0.00515	0.00200	0.00731	0.00440	0.00390	0.00864
3	0.01838	0.01735	0.02476	0.18332	0.39036	0.07104	0.01894	0.12068	0.01812	0.02426	0.01320	0.01705	0.01058	0.00699	0.00746	0.00214	0.03524	0.00609	0.00390	0.01013
4	0.01663	0.05347	0.32648	0.02063	0.02812	0.08997	0.18060	0.02554	0.14471	0.02278	0.01563	0.01751	0.01163	0.00702	0.00699	0.00221	0.00989	0.00630	0.00394	0.00996
5	0.00971	0.00820	0.00855	0.00826	0.01077	0.00760	0.00625	0.01420	0.11355	0.02128	0.13108	0.05973	0.54351	0.01615	0.00808	0.00234	0.00379	0.01353	0.00669	0.00670
6	0.00868	0.00620	0.00830	0.00992	0.01040	0.00582	0.00678	0.01002	0.01353	0.01801	0.03836	0.70731	0.04577	0.02170	0.00895	0.00286	0.00420	0.06100	0.00647	0.00572
7	0.00972	0.00713	0.00911	0.00861	0.01033	0.00652	0.00646	0.01286	0.01938	0.02709	0.64544	0.05359	0.12851	0.01460	0.00823	0.00221	0.00332	0.01283	0.00756	0.00652
8	0.01447	0.01240	0.01447	0.01034	0.01654	0.00930	0.00827	0.01757	0.01447	0.02274	0.01240	0.01447	0.01034	0.00517	0.00517	0.00103	0.00517	0.00413	0.00413	0.79742
9	0.00850	0.00607	0.00810	0.00972	0.01012	0.00567	0.00648	0.00972	0.01336	0.01781	0.03846	0.75020	0.04615	0.02186	0.00891	0.00283	0.00405	0.01984	0.00648	0.00567
10	0.01815	0.01539	0.01623	0.01436	0.01845	0.01773	0.01124	0.09360	0.64081	0.03048	0.02739	0.02523	0.02048	0.00937	0.00709	0.00234	0.00571	0.00775	0.00709	0.01112
11	0.43310	0.01675	0.03850	0.01234	0.01734	0.04179	0.01045	0.23673	0.01968	0.09404	0.01366	0.01432	0.00988	0.00731	0.00556	0.00213	0.00659	0.00494	0.00548	0.00943
12	0.02653	0.01955	0.02094	0.01606	0.02164	0.02164	0.01326	0.68796	0.03281	0.04398	0.01675	0.01675	0.01187	0.00838	0.00698	0.00209	0.00768	0.00628	0.00698	0.01187

[dist]
# distance from previous block
# <min> <max>
0	13

[block]
# block no. 3 follows, 30 sequences, length 25
# corresponding to MSA columns:
# 102-126
name=unknown_D
#
# <colnr> <probs for GDERKNQSTAVLIFYWHMCP>
#	G	D	E	R	K	N	Q	S	T	A	V	L	I	F	Y	W	H	M	C	P
0	0.01055	0.00773	0.01032	0.01166	0.01331	0.00751	0.00991	0.01338	0.01585	0.02033	0.04274	0.12352	0.15310	0.01919	0.00935	0.00304	0.00577	0.51003	0.00644	0.00628
1	0.00999	0.00740	0.01083	0.01083	0.01194	0.00851	0.00824	0.01221	0.01110	0.01591	0.01905	0.02939	0.01830	0.12822	0.65239	0.01073	0.01740	0.00777	0.00379	0.00601
2	0.00979	0.00713	0.00921	0.00869	0.01037	0.00655	0.00652	0.01300	0.01955	0.02750	0.67379	0.05292	0.09990	0.01445	0.00823	0.00220	0.00331	0.01273	0.00762	0.00655
3	0.01541	0.01299	0.01486	0.01110	0.01685	0.01093	0.00885	0.06015	0.09821	0.02495	0.03554	0.01714	0.01342	0.00615	0.00560	0.00129	0.00531	0.00497	0.00477	0.63150
4	0.80405	0.01350	0.01026	0.00918	0.01350	0.01565	0.00756	0.02051	0.01188	0.03131	0.00972	0.01134	0.00756	0.00648	0.00432	0.00216	0.00540	0.00378	0.00432	0.00756
5	0.01505	0.01390	0.02210	0.27920	0.31589	0.01522	0.01780	0.02124	0.10151	0.02242	0.08981	0.02261	0.01765	0.00776	0.00710	0.00221	0.00776	0.00711	0.00425	0.00941
6	0.00867	0.00667	0.00794	0.00851	0.00991	0.00593	0.00604	0.01051	0.01560	0.02022	0.18273	0.34851	0.30616	0.01875	0.00852	0.00252	0.00370	0.01644	0.00672	0.00593
7	0.01854	0.01269	0.01862	0.02260	0.26865	0.01242	0.01338	0.04216	0.04512	0.19247	0.12424	0.03131	0.12195	0.01001	0.00788	0.00220	0.03137	0.00862	0.00599	0.00978
8	0.02020	0.60767	0.03307	0.01320	0.01867	0.17335	0.01226	0.02235	0.01535	0.01656	0.00993	0.01148	0.00896	0.00622	0.00486	0.00156	0.00853	0.00389	0.00311	0.00877
9	0.13120	0.01139	0.01257	0.01131	0.01476	0.01188	0.00882	0.02541	0.22441	0.16011	0.06344	0.13440	0.03931	0.01116	0.00688	0.00228	0.00506	0.02639	0.06154	0.03767
10	0.12602	0.26620	0.13360	0.01596	0.04575	0.24025	0.01439	0.04813	0.01645	0.02077	0.01087	0.01263	0.00894	0.00662	0.00554	0.00183	0.00926	0.00438	0.00351	0.00890
11	0.02227	0.05332	0.07117	0.04491	0.18657	0.33163	0.01623	0.12628	0.04122	0.02326	0.01293	0.01503	0.01030	0.00712	0.00654	0.00196	0.01015	0.00535	0.00410	0.00964
12	0.00986	0.00707	0.00894	0.00851	0.00990	0.00659	0.00612	0.01252	0.01793	0.02511	0.56386	0.05155	0.08262	0.14404	0.01301	0.00300	0.00391	0.01227	0.00703	0.00615
13	0.00871	0.00679	0.00796	0.00859	0.01013	0.00603	0.00627	0.01054	0.01541	0.01956	0.12210	0.30939	0.36050	0.01893	0.00858	0.00257	0.00389	0.06155	0.00660	0.00592
14	0.00872	0.00703	0.00776	0.00769	0.00974	0.00607	0.00573	0.01089	0.01686	0.02137	0.24853	0.09912	0.49215	0.01693	0.00828	0.00234	0.00349	0.01440	0.00682	0.00607
15	0.01876	0.70754	0.05961	0.01244	0.01847	0.05260	0.01248	0.02119	0.01440	0.01664	0.00984	0.01137	0.00895	0.00604	0.00462	0.00153	0.00775	0.00381	0.00301	0.00897
16	0.00886	0.00709	0.00792	0.00772	0.00980	0.00615	0.00579	0.01121	0.01736	0.02230	0.31145	0.06148	0.46548	0.01639	0.00824	0.00230	0.00344	0.01393	0.00693	0.00615
17	0.80405	0.01350	0.01026	0.00918	0.01350	0.01565	0.00756	0.02051	0.01188	0.03131	0.00972	0.01134	0.00756	0.00648	0.00432	0.00216	0.00540	0.00378	0.00432	0.00756
18	0.01736	0.01499	0.01578	0.01420	0.01815	0.01736	0.01105	0.03708	0.69862	0.02919	0.02840	0.02604	0.02130	0.00947	0.00710	0.00237	0.00552	0.00789	0.00710	0.01105
19	0.72185	0.01338	0.01137	0.08493	0.01709	0.01564	0.00879	0.02023	0.01209	0.02991	0.01000	0.01209	0.00774	0.00653	0.00459	0.00218	0.00580	0.00403	0.00419	0.00758
20	0.00999	0.00740	0.01083	0.01083	0.01194	0.00851	0.00824	0.01221	0.01110	0.01591	0.01905	0.02939	0.01830	0.12822	0.65239	0.01073	0.01740	0.00777	0.00379	0.00601
21	0.00983	0.00723	0.01041	0.01058	0.01158	0.00814	0.00789	0.01186	0.01131	0.01603	0.02126	0.10788	0.02158	0.14073	0.55925	0.00973	0.01555	0.00916	0.00410	0.00591
22	0.01461	0.00870	0.01064	0.00947	0.01229	0.00794	0.00733	0.01850	0.06633	0.17559	0.33036	0.04838	0.23492	0.01367	0.00789	0.00225	0.00409	0.01167	0.00751	0.00785
23	0.01670	0.02933	0.40754	0.02429	0.12321	0.09309	0.14064	0.02303	0.01590	0.04223	0.01315	0.01584	0.00972	0.00656	0.00693	0.00217	0.01041	0.00583	0.00336	0.01006
24	0.01686	0.01646	0.02513	0.03502	0.50633	0.07080	0.04561	0.02072	0.01625	0.02199	0.01721	0.02788	0.01604	0.00860	0.00740	0.00226	0.00843	0.12306	0.00400	0.00993

[dist]
# distance from previous block
# <min> <max>
0	8

[block]
# block no. 4 follows, 30 sequences, length 51
# corresponding to MSA columns:
# 135-168,171-187
name=unknown_E
#
# <colnr> <probs for GDERKNQSTAVLIFYWHMCP>
#	G	D	E	R	K	N	Q	S	T	A	V	L	I	F	Y	W	H	M	C	P
0	0.04052	0.38733	0.02737	0.01451	0.03540	0.23318	0.01222	0.02462	0.05586	0.06245	0.01242	0.01354	0.01028	0.00669	0.00541	0.00169	0.00866	0.00448	0.00385	0.03949
1	0.00984	0.00781	0.00913	0.04571	0.01245	0.00735	0.00699	0.05348	0.01628	0.02062	0.09348	0.28642	0.36963	0.01771	0.00832	0.00249	0.00424	0.01532	0.00641	0.00633
2	0.11001	0.22673	0.25841	0.01708	0.06236	0.07134	0.03510	0.02144	0.01458	0.02119	0.01125	0.01346	0.00904	0.00649	0.00622	0.00191	0.03273	0.00465	0.00331	0.07270
3	0.22767	0.15144	0.16281	0.01502	0.02138	0.01943	0.05659	0.19812	0.01893	0.04967	0.01294	0.01427	0.00968	0.00695	0.00585	0.00205	0.00778	0.00509	0.00459	0.00975
4	0.08998	0.01325	0.01651	0.01276	0.01810	0.01253	0.01054	0.13950	0.02144	0.55389	0.02440	0.02166	0.01565	0.00843	0.00680	0.00215	0.00618	0.00665	0.00803	0.01154
5	0.01697	0.01626	0.02728	0.03949	0.62417	0.01633	0.04139	0.02209	0.05918	0.02307	0.01590	0.01942	0.03323	0.00677	0.00700	0.00211	0.00808	0.00665	0.00378	0.01084
6	0.01796	0.56083	0.19005	0.01403	0.02087	0.05837	0.01515	0.02150	0.01457	0.01773	0.01039	0.01206	0.00893	0.00618	0.00505	0.00167	0.00835	0.00409	0.00301	0.00922
7	0.00998	0.00742	0.01091	0.01091	0.01206	0.00856	0.00835	0.01227	0.01113	0.01598	0.01897	0.02894	0.01811	0.11089	0.66946	0.01084	0.01770	0.00770	0.00378	0.00606
8	0.01019	0.00681	0.00775	0.00781	0.00787	0.00681	0.00450	0.01031	0.01037	0.01381	0.02256	0.04693	0.02594	0.72654	0.03453	0.00663	0.00675	0.03524	0.00431	0.00431
9	0.01704	0.07722	0.02648	0.03403	0.50106	0.05549	0.03776	0.02128	0.03520	0.02269	0.08915	0.02062	0.01703	0.00721	0.00686	0.00204	0.00794	0.00673	0.00399	0.01018
10	0.03923	0.01244	0.02058	0.71397	0.04692	0.01551	0.01899	0.01792	0.01389	0.01827	0.01231	0.01837	0.00924	0.00696	0.00689	0.00232	0.00917	0.00612	0.00314	0.00775
11	0.01517	0.01443	0.02452	0.40007	0.37043	0.01603	0.02037	0.01957	0.01489	0.02024	0.01275	0.01796	0.01015	0.00661	0.00694	0.00220	0.00881	0.00621	0.00327	0.00936
12	0.00938	0.00711	0.00864	0.00826	0.01012	0.00637	0.00619	0.01221	0.01858	0.02521	0.51408	0.05669	0.26104	0.01530	0.00824	0.00224	0.00337	0.01326	0.00732	0.00637
13	0.04877	0.22726	0.21452	0.01838	0.08285	0.07147	0.05265	0.06073	0.05558	0.06576	0.03096	0.01616	0.01194	0.00698	0.00614	0.00197	0.00854	0.00544	0.00407	0.00982
14	0.01005	0.00716	0.00963	0.00963	0.01032	0.00786	0.00674	0.01144	0.01074	0.01502	0.02015	0.03547	0.02094	0.36222	0.42200	0.00925	0.01343	0.00866	0.00395	0.00535
15	0.00967	0.00710	0.00907	0.00863	0.01032	0.00649	0.00645	0.01275	0.01919	0.02678	0.62451	0.07315	0.13020	0.01482	0.00825	0.00223	0.00334	0.01303	0.00753	0.00649
16	0.06117	0.01549	0.02133	0.01727	0.02192	0.01683	0.17674	0.04965	0.43382	0.02786	0.02318	0.02317	0.01743	0.00831	0.00709	0.00230	0.00698	0.00762	0.05162	0.01021
17	0.08457	0.03166	0.56765	0.02145	0.09451	0.01624	0.04473	0.02190	0.01465	0.02299	0.01238	0.01481	0.00899	0.00655	0.00650	0.00220	0.00973	0.00523	0.00314	0.01011
18	0.01647	0.01882	0.04118	0.02941	0.03647	0.01765	0.68588	0.02235	0.01647	0.02235	0.01412	0.01882	0.01059	0.00588	0.00824	0.00235	0.01176	0.00824	0.00353	0.00941
19	0.01099	0.00921	0.01014	0.01095	0.01291	0.05271	0.00904	0.01351	0.01614	0.01979	0.04770	0.09424	0.28310	0.01802	0.00889	0.00280	0.00567	0.36161	0.00627	0.00631
20	0.06472	0.13664	0.57749	0.01809	0.02741	0.01778	0.02267	0.02183	0.01447	0.02188	0.01195	0.01402	0.00877	0.00653	0.00618	0.00211	0.00960	0.00487	0.00304	0.00995
21	0.01843	0.01696	0.02729	0.04010	0.64415	0.04391	0.02046	0.02240	0.01628	0.06274	0.01387	0.01746	0.01133	0.00640	0.00689	0.00207	0.00832	0.00620	0.00376	0.01099
22	0.00834	0.00707	0.00719	0.00716	0.00948	0.00593	0.00537	0.01019	0.01612	0.01935	0.10571	0.06633	0.67307	0.01749	0.00825	0.00235	0.00352	0.01461	0.00655	0.00593
23	0.01586	0.02514	0.27670	0.02447	0.03217	0.05768	0.37683	0.02214	0.01603	0.02188	0.01464	0.02037	0.01154	0.00697	0.00764	0.00232	0.01100	0.04365	0.00349	0.00949
24	0.01705	0.01406	0.02536	0.02288	0.13555	0.01360	0.24881	0.04118	0.01736	0.12049	0.12948	0.06919	0.02378	0.01071	0.02942	0.00259	0.03168	0.03236	0.00527	0.00917
25	0.00905	0.00685	0.00844	0.00924	0.01064	0.00625	0.00689	0.01104	0.01547	0.01999	0.13682	0.32785	0.26230	0.01908	0.00872	0.00266	0.00417	0.12193	0.00663	0.00598
26	0.50823	0.01467	0.01568	0.01279	0.01728	0.01645	0.06940	0.10136	0.01548	0.09709	0.01263	0.01414	0.00940	0.00728	0.00662	0.00223	0.06077	0.00496	0.00489	0.00866
27	0.01042	0.00897	0.01377	0.01364	0.05799	0.00829	0.09798	0.01286	0.01532	0.02008	0.11586	0.26979	0.22533	0.05378	0.00982	0.00273	0.00537	0.04543	0.00591	0.00664
28	0.03875	0.07234	0.54914	0.02068	0.03004	0.01705	0.13200	0.02203	0.01490	0.02211	0.01254	0.01510	0.00909	0.00647	0.00670	0.00219	0.01024	0.00554	0.00309	0.01001
29	0.01710	0.01640	0.02801	0.07263	0.68280	0.01653	0.02133	0.02126	0.01581	0.02258	0.01310	0.01733	0.01098	0.00625	0.00691	0.00208	0.00833	0.00622	0.00344	0.01091
30	0.02263	0.01736	0.01991	0.01576	0.02070	0.01909	0.05473	0.45358	0.16203	0.03768	0.02007	0.04758	0.01531	0.00894	0.00704	0.00217	0.00713	0.00726	0.05001	0.01101
31	0.01702	0.01548	0.02505	0.24277	0.38442	0.04304	0.05313	0.02119	0.01576	0.06495	0.01470	0.02033	0.01195	0.00712	0.00708	0.00220	0.00871	0.03155	0.00380	0.00976
32	0.00962	0.00715	0.00800	0.00815	0.00992	0.00636	0.00595	0.01128	0.01506	0.03981	0.09014	0.12997	0.42065	0.13783	0.01283	0.00318	0.00441	0.06758	0.00624	0.00586
33	0.01366	0.01285	0.01918	0.46752	0.11838	0.05357	0.01669	0.01751	0.01439	0.01865	0.01653	0.11887	0.01509	0.01016	0.02575	0.00254	0.00865	0.00802	0.03420	0.00779
34	0.01900	0.37365	0.17437	0.01752	0.06118	0.12190	0.05835	0.06294	0.01646	0.02010	0.01134	0.01329	0.00933	0.00643	0.00571	0.00181	0.00911	0.00471	0.00337	0.00944
35	0.02720	0.01240	0.01712	0.01327	0.01829	0.01134	0.04724	0.07947	0.04491	0.52534	0.10348	0.02628	0.02218	0.00914	0.00722	0.00218	0.00607	0.00770	0.00807	0.01111
36	0.01217	0.00924	0.01033	0.00967	0.01231	0.00910	0.00736	0.01875	0.18399	0.06202	0.22031	0.08229	0.30656	0.01449	0.00793	0.00233	0.00411	0.01232	0.00706	0.00765
37	0.01345	0.00974	0.01302	0.09192	0.01747	0.03671	0.04067	0.01668	0.01701	0.08099	0.21610	0.09126	0.06970	0.01347	0.00793	0.00242	0.00570	0.15974	0.08880	0.00721
38	0.12499	0.22667	0.27706	0.01595	0.02305	0.01953	0.05419	0.09889	0.01647	0.02431	0.01327	0.01722	0.01084	0.00727	0.00602	0.00206	0.00842	0.04049	0.00384	0.00948
39	0.01054	0.00819	0.01051	0.01107	0.05030	0.00777	0.00788	0.01452	0.05773	0.02524	0.43567	0.05431	0.18532	0.01472	0.00824	0.00233	0.00406	0.07761	0.00705	0.00694
40	0.01006	0.00738	0.00903	0.00970	0.01154	0.00674	0.00772	0.01232	0.01584	0.04022	0.08202	0.18092	0.32333	0.01848	0.00879	0.00271	0.00466	0.23573	0.00658	0.00624
41	0.04480	0.03140	0.56759	0.01998	0.04583	0.01596	0.06049	0.02244	0.04951	0.02279	0.01445	0.01841	0.01102	0.00730	0.00680	0.00227	0.00973	0.03578	0.00342	0.01003
42	0.04251	0.00927	0.01266	0.01536	0.11045	0.00899	0.01084	0.01520	0.01586	0.05070	0.04008	0.10010	0.18903	0.01628	0.00858	0.00275	0.00582	0.33230	0.00604	0.00718
43	0.01675	0.01619	0.02827	0.07016	0.59586	0.01623	0.07489	0.02102	0.01586	0.02246	0.01427	0.02028	0.01228	0.00682	0.00714	0.00216	0.00853	0.03668	0.00358	0.01057
44	0.03005	0.00828	0.01225	0.01151	0.01349	0.00770	0.09062	0.01247	0.01509	0.02045	0.10854	0.35936	0.18537	0.01715	0.00838	0.00256	0.00494	0.04853	0.03688	0.00639
45	0.01685	0.01657	0.04948	0.02392	0.02969	0.01529	0.46654	0.02221	0.04055	0.09346	0.01918	0.11933	0.01644	0.00865	0.00848	0.00241	0.02763	0.00955	0.00456	0.00919
46	0.05327	0.01775	0.04351	0.01945	0.05098	0.09404	0.20664	0.07354	0.04047	0.24851	0.01898	0.02067	0.01360	0.00758	0.00716	0.00215	0.00864	0.02339	0.00566	0.04400
47	0.01785	0.01593	0.05383	0.02064	0.02567	0.04147	0.34012	0.02181	0.01605	0.14873	0.02020	0.12038	0.01769	0.07125	0.01069	0.00274	0.03177	0.00941	0.00490	0.00886
48	0.06093	0.01530	0.07912	0.03654	0.05570	0.04040	0.11253	0.08330	0.01808	0.13902	0.07257	0.09366	0.08787	0.01095	0.00756	0.00234	0.00725	0.06221	0.00574	0.00891
49	0.15220	0.01702	0.08818	0.06804	0.18792	0.03261	0.10909	0.05891	0.01607	0.08634	0.01448	0.01734	0.01102	0.00752	0.00735	0.03618	0.00796	0.00597	0.04764	0.02817
50	0.01846	0.05116	0.12740	0.02437	0.17948	0.01712	0.14956	0.18636	0.01986	0.04620	0.01719	0.08290	0.01472	0.00850	0.00729	0.00223	0.00860	0.02369	0.00473	0.01017

[dist]
# distance from previous block
# <min> <max>
0	15

# created by:
# /home/cegg/simao/soft/augustus-3.2.1/scripts/msa2prfl.pl ./align_prep/EOG090W0J1J.fa
