[name]
unknown

[dist]
# distance from previous block
# <min> <max>
0	96

[block]
# block no. 0 follows, 27 sequences, length 8
# corresponding to MSA columns:
# 116-123
name=unknown_A
#
# <colnr> <probs for GDERKNQSTAVLIFYWHMCP>
#	G	D	E	R	K	N	Q	S	T	A	V	L	I	F	Y	W	H	M	C	P
0	0.01262	0.00966	0.01161	0.01254	0.04360	0.03344	0.00931	0.01598	0.04024	0.05494	0.17740	0.14348	0.20267	0.01737	0.00901	0.00273	0.00537	0.18366	0.00701	0.00736
1	0.01324	0.00704	0.00746	0.00736	0.00909	0.00693	0.00552	0.01670	0.01655	0.02805	0.14422	0.03269	0.02824	0.00983	0.00583	0.00184	0.00347	0.00809	0.64091	0.00693
2	0.02043	0.02262	0.06570	0.01592	0.02016	0.23920	0.01300	0.07361	0.25729	0.02721	0.14105	0.02657	0.02537	0.00992	0.00745	0.00226	0.00838	0.00782	0.00614	0.00989
3	0.06891	0.06147	0.24075	0.01668	0.02315	0.04018	0.09728	0.02165	0.03571	0.07668	0.07828	0.04853	0.13913	0.01034	0.00751	0.00235	0.00818	0.00878	0.00510	0.00936
4	0.01435	0.00854	0.01098	0.01127	0.01323	0.00806	0.00835	0.01758	0.06309	0.14281	0.04095	0.43358	0.09810	0.01912	0.00899	0.00284	0.00498	0.07809	0.00735	0.00773
5	0.01275	0.00922	0.01135	0.01183	0.01336	0.00930	0.00861	0.12949	0.01818	0.02424	0.03662	0.55173	0.04199	0.02044	0.00917	0.00291	0.00521	0.06933	0.00698	0.00729
6	0.01826	0.17766	0.13598	0.16805	0.08868	0.07688	0.15800	0.05110	0.01716	0.02198	0.01312	0.01679	0.01028	0.00690	0.00702	0.00219	0.01033	0.00618	0.00360	0.00984
7	0.02061	0.10138	0.02995	0.03271	0.37304	0.03965	0.08905	0.07013	0.04566	0.08145	0.01569	0.01852	0.01239	0.00729	0.00772	0.00221	0.03016	0.00664	0.00450	0.01125

[dist]
# distance from previous block
# <min> <max>
1	78

[block]
# block no. 1 follows, 27 sequences, length 26
# corresponding to MSA columns:
# 242-267
name=unknown_B
#
# <colnr> <probs for GDERKNQSTAVLIFYWHMCP>
#	G	D	E	R	K	N	Q	S	T	A	V	L	I	F	Y	W	H	M	C	P
0	0.01363	0.01318	0.01370	0.01360	0.01529	0.14248	0.04633	0.01562	0.01546	0.01889	0.02996	0.37747	0.03362	0.05327	0.10967	0.00424	0.00904	0.06209	0.00561	0.00683
1	0.01756	0.51061	0.03112	0.01334	0.01799	0.02388	0.01256	0.01999	0.01505	0.01840	0.01698	0.06560	0.01748	0.01033	0.00773	0.00213	0.07176	0.11473	0.00402	0.00874
2	0.01640	0.02186	0.15232	0.16203	0.04002	0.01807	0.43246	0.02281	0.01669	0.02281	0.01438	0.01923	0.01068	0.00662	0.00821	0.00247	0.01175	0.00778	0.00356	0.00984
3	0.28362	0.01262	0.01401	0.01219	0.01661	0.01287	0.01015	0.04645	0.03683	0.28413	0.04476	0.03281	0.02110	0.01079	0.00707	0.00252	0.00618	0.12848	0.00705	0.00977
4	0.01552	0.01090	0.01299	0.01124	0.01476	0.01047	0.00872	0.02286	0.17210	0.10368	0.32741	0.04074	0.08147	0.01213	0.00786	0.00220	0.00467	0.01041	0.00752	0.12237
5	0.01328	0.01258	0.14234	0.01188	0.01398	0.00852	0.01048	0.01233	0.01082	0.01493	0.01298	0.02124	0.01222	0.02219	0.02480	0.63393	0.00732	0.00626	0.00321	0.00471
6	0.01326	0.01472	0.11633	0.01458	0.01860	0.01137	0.12252	0.01852	0.06818	0.02381	0.15777	0.03826	0.09164	0.15062	0.01356	0.00326	0.00705	0.01000	0.09801	0.00791
7	0.00899	0.00666	0.00840	0.00980	0.01063	0.00608	0.00665	0.01040	0.01473	0.01916	0.04750	0.60700	0.17211	0.02240	0.00934	0.00292	0.00420	0.02006	0.00689	0.00608
8	0.01754	0.01679	0.02862	0.17530	0.56959	0.01742	0.02237	0.02205	0.01651	0.02324	0.01382	0.01865	0.01140	0.00677	0.00736	0.00226	0.00903	0.00661	0.00360	0.01108
9	0.01196	0.00854	0.01196	0.01367	0.01538	0.00854	0.01196	0.01538	0.01709	0.02222	0.03931	0.08374	0.04272	0.02051	0.01025	0.00342	0.00684	0.64283	0.00684	0.00684
10	0.01492	0.01437	0.02509	0.56979	0.14271	0.01684	0.07145	0.01989	0.01535	0.02011	0.01345	0.01961	0.01027	0.00721	0.00752	0.00244	0.00995	0.00677	0.00339	0.00889
11	0.03264	0.01370	0.01789	0.01371	0.01948	0.01250	0.01133	0.11887	0.02303	0.61273	0.02779	0.02429	0.01762	0.00915	0.00746	0.00229	0.00656	0.00736	0.00896	0.01263
12	0.01021	0.00732	0.01005	0.01166	0.01261	0.00715	0.00889	0.01236	0.01512	0.02003	0.03899	0.45195	0.04482	0.02432	0.05447	0.00373	0.00622	0.24705	0.00668	0.00636
13	0.01846	0.01595	0.01679	0.01511	0.01930	0.01846	0.01175	0.03945	0.67938	0.03105	0.03022	0.02770	0.02266	0.01007	0.00755	0.00252	0.00588	0.00839	0.00755	0.01175
14	0.01544	0.01511	0.05443	0.02188	0.06795	0.01323	0.29687	0.01964	0.01696	0.07496	0.03241	0.16387	0.14914	0.01214	0.00864	0.00256	0.00851	0.01203	0.00534	0.00890
15	0.01667	0.01709	0.03302	0.33199	0.04318	0.01805	0.34217	0.06281	0.01746	0.02315	0.01440	0.01978	0.01075	0.00694	0.00809	0.00247	0.01109	0.00768	0.00379	0.00941
16	0.01022	0.00750	0.00958	0.00922	0.01096	0.00686	0.00685	0.01339	0.02010	0.02798	0.57809	0.10631	0.13299	0.01614	0.00881	0.00240	0.00359	0.01422	0.00795	0.00686
17	0.01220	0.00986	0.01543	0.01853	0.14390	0.01083	0.01208	0.01525	0.01329	0.01897	0.02027	0.03137	0.01915	0.04350	0.52007	0.00940	0.01674	0.05741	0.00414	0.00763
18	0.01002	0.00750	0.00929	0.00898	0.01083	0.00678	0.00669	0.01301	0.01966	0.02688	0.50844	0.10085	0.21075	0.01650	0.00880	0.00242	0.00361	0.01441	0.00780	0.00678
19	0.02243	0.60323	0.03474	0.01280	0.01903	0.02583	0.01236	0.02491	0.01627	0.14812	0.01396	0.01447	0.01123	0.00690	0.00528	0.00172	0.00763	0.00464	0.00433	0.01012
20	0.02243	0.60323	0.03474	0.01280	0.01903	0.02583	0.01236	0.02491	0.01627	0.14812	0.01396	0.01447	0.01123	0.00690	0.00528	0.00172	0.00763	0.00464	0.00433	0.01012
21	0.01248	0.01261	0.01038	0.01044	0.01269	0.14119	0.00762	0.01422	0.01705	0.01942	0.05458	0.22254	0.40235	0.01775	0.00855	0.00252	0.00574	0.01491	0.00630	0.00666
22	0.01875	0.08014	0.52561	0.01907	0.02873	0.01683	0.02328	0.02586	0.01670	0.15260	0.01619	0.01727	0.01113	0.00742	0.00698	0.00229	0.00988	0.00577	0.00430	0.01119
23	0.11401	0.01533	0.03931	0.01364	0.01811	0.05808	0.01130	0.11531	0.06998	0.23946	0.06405	0.02445	0.01914	0.01808	0.14198	0.00413	0.00951	0.00726	0.00666	0.01020
24	0.01789	0.38233	0.34684	0.01694	0.02533	0.05465	0.01965	0.02316	0.01563	0.02032	0.01177	0.01373	0.00947	0.00674	0.00592	0.00196	0.00960	0.00471	0.00319	0.01016
25	0.01670	0.29941	0.42829	0.04536	0.02801	0.02172	0.02169	0.02286	0.01542	0.02109	0.01220	0.01444	0.00947	0.00681	0.00622	0.00207	0.00980	0.00497	0.00316	0.01033

[dist]
# distance from previous block
# <min> <max>
1	5

[block]
# block no. 2 follows, 27 sequences, length 25
# corresponding to MSA columns:
# 273-297
name=unknown_C
#
# <colnr> <probs for GDERKNQSTAVLIFYWHMCP>
#	G	D	E	R	K	N	Q	S	T	A	V	L	I	F	Y	W	H	M	C	P
0	0.02402	0.06052	0.09255	0.01329	0.01848	0.01197	0.01204	0.02757	0.01904	0.39090	0.12811	0.02855	0.02491	0.01550	0.09492	0.00346	0.00819	0.00802	0.00733	0.01063
1	0.04631	0.18092	0.24262	0.01955	0.02710	0.08854	0.12018	0.11924	0.04263	0.02577	0.01393	0.01595	0.01064	0.00721	0.00679	0.00216	0.01003	0.00584	0.00415	0.01045
2	0.04978	0.35812	0.20243	0.01525	0.02236	0.02287	0.01611	0.09600	0.05020	0.05299	0.04023	0.01658	0.01317	0.00749	0.00605	0.00199	0.00831	0.00540	0.00436	0.01033
3	0.01171	0.01662	0.20995	0.01272	0.01691	0.00994	0.01238	0.01522	0.01469	0.02052	0.07122	0.21129	0.09211	0.17104	0.01446	0.00348	0.00686	0.01195	0.00516	0.07179
4	0.01029	0.00796	0.00945	0.01053	0.01135	0.03512	0.00728	0.01198	0.01552	0.02056	0.14593	0.52109	0.04928	0.06660	0.01107	0.00314	0.00484	0.04494	0.00682	0.00623
5	0.11483	0.49109	0.18711	0.01427	0.02147	0.02501	0.01550	0.02247	0.01491	0.02082	0.01101	0.01279	0.00931	0.00658	0.00527	0.00185	0.00836	0.00432	0.00334	0.00967
6	0.02090	0.09036	0.12015	0.01605	0.02102	0.18565	0.01412	0.15189	0.12377	0.02606	0.01838	0.04568	0.01582	0.10515	0.01105	0.00284	0.00921	0.00709	0.00515	0.00969
7	0.01940	0.05958	0.26911	0.01897	0.02578	0.13931	0.06600	0.14415	0.01976	0.02572	0.01486	0.01793	0.01160	0.01499	0.11644	0.00372	0.01224	0.00614	0.00424	0.01006
8	0.01821	0.01221	0.01549	0.12991	0.02196	0.01296	0.01157	0.02717	0.22628	0.16604	0.16611	0.03660	0.08521	0.01148	0.00793	0.00245	0.00600	0.02538	0.00724	0.00980
9	0.00957	0.00761	0.00868	0.00903	0.01113	0.00673	0.00699	0.01188	0.01728	0.02165	0.15029	0.12630	0.44357	0.01896	0.00908	0.00268	0.00429	0.12079	0.00706	0.00644
10	0.03226	0.01351	0.01767	0.01364	0.01934	0.01232	0.01124	0.09420	0.04819	0.61224	0.02827	0.02468	0.01802	0.00920	0.00747	0.00230	0.00647	0.00743	0.00896	0.01260
11	0.02117	0.02027	0.09071	0.02131	0.10708	0.01973	0.06250	0.23746	0.27479	0.03400	0.02141	0.02159	0.01592	0.00869	0.00752	0.00237	0.00797	0.00736	0.00631	0.01183
12	0.02575	0.01252	0.01608	0.01364	0.01821	0.01201	0.01126	0.05867	0.12421	0.40874	0.05261	0.03800	0.02536	0.01177	0.00808	0.00255	0.00634	0.13469	0.00835	0.01115
13	0.02145	0.01301	0.01601	0.01174	0.01805	0.01024	0.00951	0.02460	0.01737	0.25186	0.01863	0.01873	0.01349	0.00674	0.00616	0.00150	0.00577	0.00543	0.00602	0.52367
14	0.01438	0.01356	0.02292	0.66521	0.10436	0.01659	0.02080	0.01928	0.01501	0.01941	0.01326	0.01967	0.01005	0.00736	0.00742	0.00245	0.00981	0.00660	0.00333	0.00854
15	0.01501	0.01287	0.01494	0.01080	0.01716	0.00969	0.00861	0.01823	0.01548	0.02395	0.01677	0.01863	0.05017	0.00627	0.00569	0.00118	0.00540	0.00505	0.00454	0.73957
16	0.79154	0.01436	0.01091	0.00976	0.01436	0.01665	0.00804	0.02182	0.01263	0.03331	0.01034	0.01206	0.00804	0.00689	0.00459	0.00230	0.00574	0.00402	0.00459	0.00804
17	0.01944	0.01643	0.01733	0.01530	0.01967	0.01892	0.01199	0.10213	0.61511	0.03262	0.02898	0.02671	0.02166	0.00996	0.00754	0.00249	0.00610	0.00822	0.00754	0.01184
18	0.02701	0.02019	0.02159	0.01683	0.02256	0.02245	0.01382	0.58974	0.11518	0.04483	0.01937	0.01905	0.01388	0.00906	0.00744	0.00226	0.00788	0.00690	0.00744	0.01252
19	0.00930	0.00700	0.00832	0.00925	0.01038	0.00636	0.00639	0.01072	0.01482	0.01889	0.05022	0.39771	0.26190	0.11081	0.01280	0.00338	0.00459	0.04461	0.00659	0.00595
20	0.01736	0.10684	0.02906	0.22742	0.43229	0.01879	0.02093	0.02166	0.01611	0.02195	0.01330	0.01796	0.01097	0.00680	0.00705	0.00220	0.00901	0.00628	0.00351	0.01051
21	0.02076	0.02191	0.01864	0.10421	0.02418	0.25413	0.01355	0.03250	0.34444	0.02509	0.04861	0.02295	0.01853	0.00912	0.00729	0.00230	0.00885	0.00714	0.00577	0.01004
22	0.07238	0.01394	0.01924	0.01449	0.02040	0.01238	0.09155	0.05208	0.03682	0.29823	0.02398	0.02342	0.05339	0.00820	0.00696	0.00200	0.00673	0.00701	0.00662	0.23017
23	0.20580	0.01475	0.04314	0.01373	0.05466	0.05709	0.01035	0.04759	0.07132	0.11635	0.02683	0.03273	0.10086	0.13106	0.01202	0.00318	0.00686	0.03724	0.00578	0.00866
24	0.01906	0.01404	0.02010	0.10369	0.02461	0.01412	0.10485	0.02768	0.20481	0.15649	0.02727	0.07135	0.06288	0.00987	0.00764	0.00232	0.00712	0.00883	0.00632	0.10696

[dist]
# distance from previous block
# <min> <max>
13	40

[block]
# block no. 3 follows, 27 sequences, length 8
# corresponding to MSA columns:
# 344-351
name=unknown_D
#
# <colnr> <probs for GDERKNQSTAVLIFYWHMCP>
#	G	D	E	R	K	N	Q	S	T	A	V	L	I	F	Y	W	H	M	C	P
0	0.02454	0.01672	0.01854	0.01531	0.02035	0.01826	0.01229	0.22891	0.34611	0.17597	0.02627	0.02420	0.01872	0.00954	0.00750	0.00238	0.00666	0.00768	0.00786	0.01220
1	0.55891	0.01383	0.01285	0.01082	0.01577	0.01489	0.00892	0.02623	0.01528	0.23722	0.01615	0.01611	0.01121	0.00760	0.00548	0.00230	0.00592	0.00508	0.00600	0.00945
2	0.01311	0.01094	0.01485	0.01328	0.01621	0.01108	0.07229	0.02100	0.18563	0.02708	0.28593	0.08614	0.11111	0.01444	0.00867	0.00258	0.00542	0.08464	0.00724	0.00835
3	0.01878	0.01218	0.01431	0.01237	0.01604	0.01249	0.00971	0.07750	0.22213	0.16460	0.26915	0.03891	0.07578	0.01214	0.00803	0.00238	0.00517	0.01030	0.00806	0.00997
4	0.01457	0.01376	0.02326	0.63587	0.13222	0.01664	0.02089	0.01945	0.01510	0.01964	0.01329	0.01961	0.01013	0.00732	0.00741	0.00244	0.00976	0.00660	0.00335	0.00869
5	0.01508	0.01281	0.01487	0.01133	0.01710	0.01035	0.00890	0.01990	0.07969	0.02435	0.01752	0.08606	0.01581	0.00766	0.00608	0.00142	0.00542	0.00640	0.00495	0.63430
6	0.44930	0.07562	0.01575	0.01205	0.01678	0.10596	0.00996	0.02534	0.01578	0.15723	0.01543	0.01798	0.01190	0.00800	0.00569	0.00224	0.00707	0.03349	0.00536	0.00906
7	0.01990	0.01740	0.01724	0.01529	0.01938	0.07403	0.01188	0.13859	0.45611	0.03141	0.02771	0.09346	0.02252	0.01096	0.00765	0.00247	0.00671	0.00905	0.00717	0.01108

[dist]
# distance from previous block
# <min> <max>
15	32

[block]
# block no. 4 follows, 27 sequences, length 12
# corresponding to MSA columns:
# 385-396
name=unknown_E
#
# <colnr> <probs for GDERKNQSTAVLIFYWHMCP>
#	G	D	E	R	K	N	Q	S	T	A	V	L	I	F	Y	W	H	M	C	P
0	0.02008	0.01542	0.02180	0.44416	0.03970	0.01793	0.01776	0.21491	0.02145	0.09084	0.01609	0.01972	0.01151	0.00803	0.00743	0.00238	0.00904	0.00670	0.00509	0.00997
1	0.02350	0.01741	0.01947	0.19898	0.02814	0.11944	0.01441	0.13618	0.07075	0.19945	0.01974	0.02132	0.01421	0.01256	0.06843	0.00313	0.00977	0.00682	0.00598	0.01030
2	0.01260	0.00817	0.00962	0.00898	0.01158	0.00711	0.00683	0.01510	0.01868	0.11315	0.26261	0.08945	0.37540	0.01657	0.00863	0.00245	0.00404	0.01411	0.00760	0.00734
3	0.01402	0.01319	0.02227	0.72126	0.05113	0.01649	0.02062	0.01897	0.01484	0.01897	0.01319	0.01979	0.00990	0.00742	0.00742	0.00247	0.00990	0.00660	0.00330	0.00825
4	0.01835	0.00988	0.01272	0.01200	0.01473	0.00931	0.00916	0.08008	0.01862	0.22518	0.03661	0.36984	0.06348	0.01727	0.00872	0.00274	0.00547	0.06953	0.00762	0.00870
5	0.48950	0.01587	0.01422	0.01222	0.01698	0.01820	0.00993	0.14346	0.15705	0.03529	0.01589	0.01640	0.01195	0.00793	0.00573	0.00233	0.00621	0.00543	0.00573	0.00966
6	0.02187	0.01757	0.01977	0.10973	0.02506	0.02007	0.01390	0.29439	0.32692	0.03590	0.02287	0.02260	0.01685	0.00924	0.00748	0.00239	0.00735	0.00745	0.00694	0.01164
7	0.03286	0.01334	0.01767	0.01355	0.01930	0.01196	0.01119	0.09115	0.02244	0.64129	0.02829	0.02462	0.01788	0.00916	0.00746	0.00229	0.00648	0.00740	0.00903	0.01263
8	0.02861	0.01664	0.01931	0.01508	0.02062	0.01724	0.01236	0.33690	0.08935	0.29926	0.04937	0.02311	0.01803	0.00937	0.00750	0.00229	0.00705	0.00741	0.00816	0.01233
9	0.01806	0.01049	0.01353	0.01313	0.01630	0.01025	0.01103	0.02352	0.10614	0.19896	0.03906	0.05986	0.09804	0.01601	0.00902	0.00292	0.00627	0.33092	0.00755	0.00894
10	0.01322	0.00781	0.01005	0.01018	0.01134	0.00752	0.00702	0.01455	0.01412	0.10792	0.05304	0.28127	0.03506	0.28136	0.07323	0.00511	0.00692	0.04765	0.00615	0.00648
11	0.02338	0.02015	0.01821	0.01575	0.01998	0.17550	0.01226	0.20436	0.20321	0.09304	0.02388	0.11537	0.02004	0.01087	0.00757	0.00235	0.00805	0.00870	0.00673	0.01059

[dist]
# distance from previous block
# <min> <max>
9	12

[block]
# block no. 5 follows, 27 sequences, length 10
# corresponding to MSA columns:
# 411-420
name=unknown_F
#
# <colnr> <probs for GDERKNQSTAVLIFYWHMCP>
#	G	D	E	R	K	N	Q	S	T	A	V	L	I	F	Y	W	H	M	C	P
0	0.01461	0.01380	0.02334	0.62929	0.13847	0.01665	0.02091	0.01949	0.01512	0.01969	0.01330	0.01960	0.01015	0.00731	0.00741	0.00244	0.00975	0.00660	0.00335	0.00872
1	0.00934	0.00683	0.00829	0.00931	0.01008	0.00631	0.00616	0.01049	0.01409	0.01827	0.04451	0.46087	0.17699	0.16487	0.01497	0.00374	0.00477	0.01793	0.00642	0.00577
2	0.02673	0.03065	0.02145	0.01875	0.02263	0.50715	0.01448	0.15563	0.02288	0.02384	0.01257	0.01454	0.01019	0.00841	0.00853	0.00210	0.08030	0.00532	0.00449	0.00936
3	0.01443	0.01131	0.01280	0.01109	0.01474	0.01047	0.00849	0.14359	0.01956	0.02646	0.06046	0.21887	0.19701	0.01454	0.00787	0.00223	0.00521	0.01240	0.00642	0.20208
4	0.07449	0.08456	0.02074	0.01961	0.15209	0.01715	0.01318	0.12445	0.15946	0.09595	0.11304	0.02691	0.04777	0.00956	0.00722	0.00226	0.00664	0.00791	0.00636	0.01065
5	0.01685	0.02146	0.15950	0.03296	0.40854	0.06448	0.02046	0.02154	0.01695	0.02303	0.02313	0.02569	0.11597	0.00866	0.00746	0.00226	0.00879	0.00766	0.00408	0.01053
6	0.01171	0.01432	0.14928	0.01385	0.01696	0.01131	0.01289	0.01534	0.01258	0.01833	0.01836	0.02714	0.01689	0.08705	0.49818	0.00935	0.04763	0.00758	0.00381	0.00742
7	0.13355	0.01353	0.01628	0.01312	0.01840	0.01320	0.01069	0.03488	0.15111	0.47469	0.02689	0.02395	0.01782	0.00905	0.00709	0.00234	0.00615	0.00718	0.00824	0.01183
8	0.02182	0.06822	0.10301	0.01924	0.09848	0.04657	0.01518	0.09797	0.28297	0.13402	0.02280	0.02215	0.01670	0.00871	0.00722	0.00231	0.00758	0.00707	0.00637	0.01161
9	0.01578	0.08097	0.11726	0.10818	0.17121	0.03565	0.10998	0.02039	0.03611	0.02078	0.01824	0.02602	0.03974	0.15314	0.01340	0.00325	0.00922	0.00772	0.00394	0.00904

[dist]
# distance from previous block
# <min> <max>
0	1

[block]
# block no. 6 follows, 27 sequences, length 29
# corresponding to MSA columns:
# 422-450
name=unknown_G
#
# <colnr> <probs for GDERKNQSTAVLIFYWHMCP>
#	G	D	E	R	K	N	Q	S	T	A	V	L	I	F	Y	W	H	M	C	P
0	0.12997	0.01461	0.01559	0.01336	0.03626	0.05219	0.01034	0.11019	0.06664	0.22677	0.05436	0.02571	0.06567	0.00931	0.00682	0.00214	0.00632	0.00731	0.06563	0.08079
1	0.01277	0.00850	0.01027	0.01017	0.01224	0.00790	0.00745	0.06052	0.01807	0.08462	0.14156	0.33872	0.22179	0.01856	0.00885	0.00266	0.00450	0.01623	0.00733	0.00731
2	0.08193	0.01370	0.01643	0.01304	0.01799	0.01341	0.01063	0.18156	0.02366	0.36181	0.12870	0.02923	0.05398	0.01030	0.00751	0.00230	0.00617	0.00831	0.00818	0.01115
3	0.01837	0.01764	0.03013	0.04557	0.69279	0.01764	0.02278	0.02278	0.01690	0.02425	0.01396	0.01837	0.01176	0.00661	0.00735	0.00220	0.00882	0.00661	0.00367	0.01176
4	0.01977	0.01240	0.01508	0.01175	0.01714	0.01059	0.00941	0.02439	0.07736	0.21325	0.02529	0.02529	0.07536	0.01174	0.05708	0.00247	0.00664	0.00689	0.00622	0.37188
5	0.00904	0.00646	0.00861	0.01034	0.01077	0.00603	0.00689	0.01034	0.01421	0.01895	0.04092	0.73426	0.04910	0.02326	0.00948	0.00301	0.00431	0.02110	0.00689	0.00603
6	0.01080	0.00720	0.00810	0.00810	0.00810	0.00720	0.00450	0.01080	0.01080	0.01439	0.02339	0.04858	0.02699	0.73910	0.03779	0.00720	0.00720	0.01080	0.00450	0.00450
7	0.01522	0.02755	0.36561	0.02381	0.03221	0.01652	0.27190	0.02207	0.01622	0.02308	0.01721	0.10149	0.01477	0.00864	0.00800	0.00249	0.01079	0.00858	0.00381	0.01002
8	0.01064	0.00780	0.01117	0.01117	0.01223	0.00887	0.00833	0.01277	0.01171	0.01667	0.02058	0.03301	0.02023	0.19113	0.57652	0.01099	0.01737	0.00852	0.00408	0.00621
9	0.00909	0.00689	0.00839	0.00937	0.01057	0.00619	0.00651	0.01077	0.01567	0.02028	0.11054	0.46654	0.25007	0.02114	0.00919	0.00280	0.00406	0.01872	0.00701	0.00619
10	0.01055	0.00777	0.01121	0.01131	0.01240	0.00881	0.00848	0.01275	0.01190	0.01693	0.02154	0.07081	0.02142	0.14921	0.57729	0.01078	0.01725	0.00908	0.00421	0.00630
11	0.01151	0.00940	0.01241	0.01231	0.01377	0.04628	0.00955	0.01412	0.01241	0.01728	0.01944	0.02833	0.01808	0.05314	0.67253	0.01140	0.01954	0.00779	0.00397	0.00673
12	0.01581	0.01456	0.01988	0.01722	0.01753	0.01988	0.01425	0.01776	0.01213	0.01964	0.01236	0.01830	0.01142	0.01221	0.02090	0.00297	0.59525	0.00657	0.14344	0.00790
13	0.01489	0.03840	0.70064	0.02116	0.03213	0.01724	0.02743	0.02351	0.01567	0.02351	0.01332	0.01567	0.00940	0.00705	0.00705	0.00235	0.01097	0.00549	0.00313	0.01097
14	0.34692	0.01915	0.01655	0.01426	0.01814	0.16375	0.01149	0.05367	0.01651	0.13032	0.01372	0.01534	0.01045	0.00854	0.00898	0.00238	0.13046	0.00525	0.00503	0.00908
15	0.02021	0.63304	0.08205	0.01384	0.02028	0.08890	0.01384	0.02297	0.01565	0.01794	0.01063	0.01229	0.00952	0.00651	0.00509	0.00167	0.00863	0.00414	0.00323	0.00954
16	0.01269	0.00833	0.01000	0.00912	0.01180	0.00726	0.00698	0.01546	0.01923	0.10579	0.34342	0.05705	0.31070	0.01562	0.00851	0.00236	0.00400	0.01334	0.00767	0.03065
17	0.01663	0.01614	0.02895	0.41305	0.12460	0.01741	0.18793	0.02119	0.01659	0.02213	0.01636	0.05304	0.01355	0.00864	0.00842	0.00272	0.01057	0.00822	0.00411	0.00974
18	0.02068	0.02101	0.02460	0.03111	0.34178	0.18307	0.01796	0.04088	0.01829	0.02338	0.03808	0.02169	0.01537	0.01554	0.10941	0.00384	0.05129	0.00701	0.00447	0.01055
19	0.03304	0.01307	0.01750	0.01341	0.01917	0.01155	0.01108	0.06966	0.02197	0.66343	0.02868	0.02487	0.01807	0.00917	0.00746	0.00229	0.00642	0.00742	0.00909	0.01263
20	0.01095	0.00822	0.01143	0.01256	0.01358	0.00870	0.00993	0.01329	0.01487	0.01997	0.03534	0.33223	0.03982	0.02537	0.09703	0.00429	0.06147	0.26813	0.00624	0.00658
21	0.02202	0.36105	0.10440	0.01688	0.02373	0.02365	0.09732	0.15194	0.02000	0.09216	0.01460	0.01584	0.01123	0.00720	0.00631	0.00198	0.00873	0.00562	0.00468	0.01066
22	0.00902	0.00656	0.00851	0.01008	0.01070	0.00605	0.00678	0.01037	0.01446	0.01905	0.04404	0.67393	0.10741	0.02285	0.00941	0.00297	0.00426	0.02061	0.00689	0.00605
23	0.02370	0.00996	0.01258	0.01042	0.01425	0.00901	0.00834	0.02686	0.01903	0.37793	0.08736	0.02895	0.02333	0.00952	0.00670	0.00208	0.00496	0.00780	0.30730	0.00991
24	0.01447	0.08743	0.07873	0.01426	0.01798	0.07476	0.08233	0.01892	0.05295	0.02419	0.28546	0.08661	0.03890	0.07813	0.01066	0.00274	0.00700	0.01055	0.00590	0.00803
25	0.02285	0.01875	0.11864	0.02254	0.06325	0.01476	0.25687	0.02774	0.01850	0.28420	0.02168	0.06083	0.01588	0.00846	0.00800	0.00242	0.00926	0.00839	0.00594	0.01103
26	0.02413	0.01127	0.01477	0.01199	0.01620	0.01027	0.00963	0.07296	0.02214	0.39281	0.28353	0.03641	0.03794	0.01148	0.00796	0.00231	0.00536	0.00971	0.00867	0.01046
27	0.01592	0.01235	0.01640	0.01506	0.01828	0.01302	0.07016	0.02606	0.28013	0.07364	0.03313	0.19923	0.03158	0.01487	0.00867	0.00280	0.00636	0.14600	0.00702	0.00931
28	0.01820	0.05439	0.23585	0.02932	0.18124	0.06491	0.23876	0.02420	0.01709	0.04442	0.01430	0.01774	0.01086	0.00677	0.00759	0.00231	0.01090	0.00679	0.00370	0.01066

[dist]
# distance from previous block
# <min> <max>
3	21

[block]
# block no. 7 follows, 27 sequences, length 86
# corresponding to MSA columns:
# 472-506,526-576
name=unknown_H
#
# <colnr> <probs for GDERKNQSTAVLIFYWHMCP>
#	G	D	E	R	K	N	Q	S	T	A	V	L	I	F	Y	W	H	M	C	P
0	0.01428	0.01374	0.09773	0.07405	0.01859	0.01181	0.01134	0.04207	0.09300	0.04470	0.02089	0.03097	0.01909	0.23729	0.14956	0.00555	0.00986	0.00812	0.04663	0.05072
1	0.04840	0.05544	0.04537	0.02724	0.30914	0.01644	0.01627	0.09328	0.06443	0.10862	0.05601	0.05603	0.01873	0.04178	0.00869	0.00249	0.00757	0.00782	0.00544	0.01082
2	0.14095	0.52993	0.06833	0.01281	0.01890	0.02556	0.01262	0.05201	0.01563	0.02171	0.01196	0.03894	0.01088	0.00721	0.00516	0.00182	0.00763	0.00482	0.00373	0.00939
3	0.01289	0.00645	0.00967	0.00967	0.00967	0.00645	0.00645	0.00967	0.00967	0.01289	0.01289	0.02257	0.01289	0.02579	0.02901	0.78401	0.00645	0.00645	0.00322	0.00322
4	0.01270	0.00658	0.00987	0.00987	0.00998	0.00669	0.00669	0.00998	0.00987	0.01327	0.01350	0.02314	0.01339	0.02838	0.08803	0.71707	0.00761	0.00658	0.00329	0.00352
5	0.01289	0.00645	0.00967	0.00967	0.00967	0.00645	0.00645	0.00967	0.00967	0.01289	0.01289	0.02257	0.01289	0.02579	0.02901	0.78401	0.00645	0.00645	0.00322	0.00322
6	0.01907	0.06043	0.02935	0.03189	0.32090	0.14170	0.13987	0.02295	0.01721	0.02191	0.01656	0.02039	0.04421	0.00974	0.03903	0.00266	0.04115	0.00704	0.00384	0.01010
7	0.01610	0.01326	0.02105	0.01676	0.02058	0.01345	0.16913	0.05305	0.10022	0.07682	0.31582	0.03664	0.03913	0.01149	0.00957	0.00246	0.05827	0.01042	0.00671	0.00907
8	0.01956	0.01948	0.04012	0.02881	0.03607	0.01845	0.56625	0.07105	0.01907	0.07976	0.01637	0.02029	0.01193	0.00668	0.00856	0.00247	0.01170	0.00851	0.00446	0.01041
9	0.01141	0.00909	0.01338	0.01766	0.14395	0.00878	0.01089	0.01375	0.01544	0.02068	0.03727	0.43226	0.07604	0.01925	0.00918	0.00291	0.00564	0.13885	0.00626	0.00731
10	0.60611	0.01431	0.01249	0.01071	0.01542	0.01596	0.00880	0.06973	0.01570	0.11896	0.04267	0.01604	0.01237	0.00769	0.00534	0.00229	0.00589	0.00506	0.00554	0.00891
11	0.01616	0.01538	0.02613	0.38954	0.36614	0.01706	0.02168	0.02084	0.01586	0.02156	0.01357	0.01910	0.01081	0.00703	0.00739	0.00234	0.00937	0.00661	0.00348	0.00997
12	0.01384	0.00692	0.00692	0.00692	0.00865	0.00692	0.00519	0.01730	0.01557	0.02768	0.02422	0.02768	0.01903	0.00865	0.00519	0.00173	0.00346	0.00692	0.78031	0.00692
13	0.00992	0.00730	0.01048	0.01123	0.01217	0.00786	0.00824	0.01198	0.01293	0.01798	0.02908	0.33747	0.03191	0.04150	0.40351	0.00803	0.01307	0.01370	0.00525	0.00637
14	0.01072	0.00828	0.01052	0.01059	0.01220	0.00862	0.00797	0.03878	0.01499	0.02003	0.04109	0.21223	0.22504	0.03182	0.25410	0.00592	0.03842	0.01331	0.02869	0.00669
15	0.02617	0.01396	0.01787	0.04354	0.05279	0.01392	0.01220	0.09868	0.15465	0.37212	0.06379	0.02849	0.02184	0.00994	0.00766	0.00238	0.00655	0.03374	0.00802	0.01169
16	0.00984	0.00728	0.00927	0.01049	0.01138	0.00701	0.00720	0.01275	0.06254	0.02080	0.09755	0.60114	0.07189	0.02145	0.00925	0.00290	0.00433	0.01933	0.00705	0.00653
17	0.50184	0.01838	0.01543	0.05357	0.05500	0.14070	0.01138	0.02276	0.01437	0.02796	0.01084	0.01344	0.00877	0.00758	0.00703	0.00232	0.07140	0.00466	0.00422	0.00836
18	0.01491	0.01220	0.01313	0.01279	0.01481	0.07111	0.00947	0.14798	0.01864	0.02429	0.02966	0.39172	0.03242	0.02504	0.14042	0.00443	0.00882	0.01425	0.00619	0.00772
19	0.01459	0.01067	0.01261	0.01055	0.01453	0.00931	0.00817	0.01878	0.07009	0.08216	0.13203	0.03848	0.14737	0.06561	0.04349	0.00279	0.00584	0.02669	0.00615	0.28009
20	0.01402	0.01319	0.02227	0.72126	0.05113	0.01649	0.02062	0.01897	0.01484	0.01897	0.01319	0.01979	0.00990	0.00742	0.00742	0.00247	0.00990	0.00660	0.00330	0.00825
21	0.01842	0.30311	0.17412	0.11472	0.10149	0.02250	0.06500	0.07823	0.01727	0.02268	0.01272	0.01556	0.01019	0.00689	0.00640	0.00206	0.00929	0.00551	0.00365	0.01021
22	0.03331	0.01263	0.01723	0.01321	0.01895	0.01091	0.01091	0.03618	0.02125	0.69794	0.02929	0.02527	0.01838	0.00919	0.00747	0.00230	0.00632	0.00747	0.00919	0.01263
23	0.01525	0.08904	0.65311	0.02055	0.03119	0.01811	0.02637	0.02342	0.01563	0.02308	0.01311	0.01540	0.00941	0.00700	0.00689	0.00230	0.01075	0.00538	0.00314	0.01087
24	0.01706	0.06927	0.03100	0.02377	0.07965	0.01790	0.28864	0.02336	0.08836	0.02332	0.01561	0.01937	0.01254	0.00946	0.04014	0.00267	0.08514	0.00720	0.00419	0.14136
25	0.01525	0.01347	0.02456	0.01910	0.02275	0.01370	0.27069	0.01885	0.01471	0.04918	0.01858	0.02766	0.01648	0.15359	0.12825	0.00488	0.07680	0.00854	0.09498	0.00800
26	0.00976	0.00682	0.00869	0.00980	0.01017	0.00661	0.00640	0.01077	0.01313	0.01754	0.03445	0.46681	0.04063	0.25148	0.04704	0.00472	0.00594	0.03762	0.00601	0.00559
27	0.01510	0.01486	0.02716	0.38361	0.14667	0.01620	0.16764	0.02002	0.01610	0.02151	0.05235	0.05388	0.01560	0.00817	0.00788	0.00245	0.00972	0.00813	0.00390	0.00904
28	0.02310	0.01819	0.02606	0.07031	0.02761	0.01929	0.17237	0.34025	0.04875	0.08323	0.01825	0.02037	0.01338	0.01227	0.06864	0.00317	0.01015	0.00741	0.00607	0.01113
29	0.03163	0.01533	0.01889	0.01449	0.02029	0.01491	0.01197	0.24466	0.02575	0.48309	0.02551	0.02281	0.01648	0.00910	0.00745	0.00227	0.00693	0.00721	0.00861	0.01263
30	0.00930	0.00664	0.00890	0.01063	0.01117	0.00625	0.00733	0.01077	0.01446	0.01923	0.04078	0.67786	0.04855	0.02302	0.00954	0.00305	0.00453	0.07501	0.00689	0.00610
31	0.02021	0.01809	0.02615	0.09205	0.40406	0.07370	0.04221	0.02663	0.10738	0.08976	0.01743	0.02008	0.01353	0.00747	0.00739	0.00227	0.00877	0.00686	0.00472	0.01123
32	0.01801	0.16902	0.10039	0.02032	0.02641	0.05565	0.24935	0.05226	0.01805	0.05172	0.08438	0.08315	0.02017	0.00905	0.00760	0.00227	0.00938	0.00861	0.00469	0.00952
33	0.01428	0.01244	0.01479	0.01346	0.01470	0.06238	0.03779	0.03153	0.04071	0.02023	0.04969	0.16667	0.02565	0.19035	0.01908	0.00379	0.17801	0.01076	0.08668	0.00703
34	0.01573	0.01447	0.02155	0.07339	0.15578	0.01490	0.06716	0.02076	0.07272	0.02297	0.04803	0.02189	0.01585	0.03677	0.05711	0.00295	0.10815	0.00689	0.00439	0.21855
35	0.01883	0.01731	0.02119	0.01807	0.01973	0.05471	0.01483	0.09703	0.11060	0.03903	0.01454	0.01845	0.01237	0.01164	0.01822	0.00290	0.46855	0.00674	0.02599	0.00926
36	0.01205	0.00997	0.01152	0.00955	0.01359	0.00800	0.00736	0.01487	0.01700	0.02388	0.17679	0.07224	0.23377	0.01241	0.00737	0.00188	0.00449	0.01050	0.00607	0.34669
37	0.01784	0.46600	0.24743	0.01498	0.02247	0.02390	0.01685	0.02228	0.01531	0.02012	0.01228	0.01424	0.01017	0.00674	0.00552	0.00184	0.00858	0.00466	0.05898	0.00980
38	0.01821	0.01411	0.01541	0.01369	0.01763	0.01559	0.01068	0.05424	0.46940	0.08431	0.11923	0.03410	0.07834	0.01129	0.00779	0.00247	0.00552	0.00947	0.00771	0.01082
39	0.01043	0.00762	0.00982	0.00974	0.01095	0.00778	0.00701	0.01241	0.01431	0.01954	0.16815	0.04739	0.12325	0.23733	0.25745	0.00707	0.01030	0.02793	0.00547	0.00605
40	0.00916	0.00676	0.00861	0.00998	0.01085	0.00620	0.00690	0.01070	0.01497	0.01955	0.06278	0.57702	0.15777	0.02218	0.00937	0.00293	0.00430	0.04691	0.00692	0.00613
41	0.01184	0.01025	0.01630	0.41041	0.03348	0.01192	0.01462	0.01519	0.01457	0.01896	0.02532	0.33220	0.02704	0.01435	0.00832	0.00271	0.00745	0.01294	0.00487	0.00728
42	0.00904	0.00646	0.00861	0.01034	0.01077	0.00603	0.00689	0.01034	0.01421	0.01895	0.04092	0.73426	0.04910	0.02326	0.00948	0.00301	0.00431	0.02110	0.00689	0.00603
43	0.04222	0.01311	0.01471	0.01230	0.01660	0.01319	0.00983	0.17237	0.11065	0.19359	0.06124	0.05494	0.22847	0.01267	0.00788	0.00239	0.00574	0.01036	0.00764	0.01008
44	0.04763	0.01337	0.02112	0.54966	0.07203	0.01590	0.01858	0.04590	0.01607	0.06965	0.01579	0.05435	0.01252	0.00832	0.00741	0.00246	0.00908	0.00726	0.00413	0.00877
45	0.01176	0.00777	0.00975	0.00981	0.01173	0.00700	0.00733	0.01420	0.01788	0.08180	0.25609	0.24557	0.21000	0.01815	0.00895	0.00264	0.00427	0.06078	0.00750	0.00703
46	0.01071	0.00792	0.01178	0.01178	0.01311	0.00921	0.00915	0.01338	0.01204	0.01756	0.02002	0.02912	0.01857	0.05422	0.68785	0.01161	0.01938	0.00792	0.02804	0.00664
47	0.01302	0.01161	0.01879	0.01635	0.05104	0.01106	0.16793	0.01811	0.07110	0.02495	0.19354	0.09559	0.18325	0.01305	0.00834	0.00242	0.00626	0.01208	0.07339	0.00810
48	0.01657	0.01434	0.02401	0.48977	0.22036	0.01640	0.02050	0.02122	0.01585	0.06914	0.01456	0.01981	0.01100	0.00733	0.00741	0.00239	0.00935	0.00666	0.00382	0.00950
49	0.00898	0.00672	0.00835	0.00966	0.01059	0.00609	0.00659	0.01041	0.01487	0.01922	0.04917	0.57466	0.20337	0.02218	0.00931	0.00289	0.00418	0.01980	0.00689	0.00609
50	0.06214	0.60581	0.03585	0.04532	0.08211	0.02705	0.01370	0.02212	0.01511	0.01903	0.01078	0.01284	0.00967	0.00645	0.00510	0.00172	0.00798	0.00433	0.00331	0.00960
51	0.01738	0.02104	0.08012	0.03073	0.03843	0.01869	0.63053	0.02376	0.01742	0.02376	0.01492	0.01978	0.01116	0.00630	0.00867	0.00249	0.01243	0.00858	0.00372	0.01007
52	0.01505	0.01283	0.01503	0.01096	0.01722	0.00969	0.00869	0.01824	0.01533	0.02391	0.01469	0.05419	0.01305	0.00646	0.00571	0.00120	0.00543	0.00530	0.00453	0.74247
53	0.01200	0.01563	0.17810	0.01341	0.01710	0.01043	0.01256	0.03894	0.06385	0.02227	0.05017	0.37370	0.08193	0.03549	0.00936	0.00286	0.00630	0.04196	0.00601	0.00791
54	0.02586	0.01820	0.02125	0.14999	0.02760	0.10585	0.04934	0.17855	0.06909	0.24722	0.02057	0.02085	0.01421	0.00849	0.00742	0.00229	0.00864	0.00691	0.00656	0.01108
55	0.03140	0.01222	0.01654	0.01282	0.01828	0.01057	0.01054	0.03426	0.02107	0.64371	0.05802	0.02834	0.04720	0.00982	0.00757	0.00231	0.00610	0.00803	0.00906	0.01215
56	0.00990	0.00753	0.01078	0.01255	0.04137	0.00708	0.02737	0.01168	0.01488	0.01988	0.06102	0.60661	0.06426	0.02150	0.00936	0.00295	0.00484	0.05327	0.00670	0.00648
57	0.01561	0.28184	0.33662	0.01595	0.02348	0.01949	0.01831	0.02079	0.01568	0.02115	0.05397	0.08281	0.04699	0.00921	0.00663	0.00215	0.00858	0.00722	0.00392	0.00960
58	0.01061	0.00818	0.00981	0.00999	0.01174	0.00788	0.00725	0.01511	0.09558	0.02435	0.27108	0.28263	0.18184	0.01801	0.00886	0.00262	0.00410	0.01585	0.00741	0.00709
59	0.01261	0.00707	0.00707	0.00707	0.00898	0.00676	0.00530	0.01568	0.01590	0.02582	0.03662	0.03832	0.18218	0.01112	0.00606	0.00192	0.00353	0.00905	0.59219	0.00676
60	0.16512	0.01808	0.02481	0.04958	0.33770	0.07711	0.08341	0.02430	0.06979	0.02594	0.01490	0.01811	0.01196	0.00711	0.00684	0.00224	0.00857	0.00634	0.03780	0.01030
61	0.05949	0.01768	0.05584	0.09030	0.09423	0.04192	0.14146	0.14389	0.03836	0.10527	0.01895	0.02539	0.01536	0.07179	0.01029	0.00281	0.00902	0.04248	0.00537	0.01009
62	0.53727	0.01332	0.01223	0.01047	0.01511	0.01435	0.00857	0.02440	0.01529	0.19239	0.04957	0.01995	0.04424	0.00837	0.00567	0.00231	0.00569	0.00581	0.00597	0.00902
63	0.01033	0.00743	0.00959	0.01042	0.01144	0.00709	0.00727	0.04310	0.01687	0.02293	0.19741	0.53443	0.05243	0.02060	0.00920	0.00281	0.00430	0.01854	0.00723	0.00659
64	0.01746	0.15853	0.36263	0.02267	0.06255	0.02017	0.15805	0.06959	0.01740	0.02419	0.01350	0.01620	0.01016	0.00687	0.00704	0.00223	0.01045	0.00604	0.00361	0.01067
65	0.01336	0.01159	0.01780	0.12572	0.15151	0.01213	0.04250	0.04658	0.01669	0.02255	0.10516	0.06336	0.14260	0.02188	0.16865	0.00459	0.00995	0.01000	0.00509	0.00826
66	0.01266	0.01081	0.01701	0.07901	0.01868	0.01163	0.11628	0.01449	0.01261	0.01714	0.02075	0.08630	0.02231	0.40245	0.04469	0.00539	0.08694	0.01027	0.00429	0.00631
67	0.01604	0.01353	0.01603	0.01186	0.01785	0.01126	0.00953	0.02006	0.04746	0.04029	0.01416	0.01629	0.01165	0.00635	0.00700	0.00135	0.05725	0.00482	0.00458	0.67265
68	0.08031	0.12185	0.06883	0.01645	0.05567	0.30517	0.01264	0.02263	0.01648	0.01905	0.01440	0.02208	0.01379	0.18523	0.01389	0.00323	0.01013	0.00623	0.00390	0.00803
69	0.01901	0.47687	0.17926	0.01468	0.02149	0.08288	0.01551	0.02278	0.01575	0.01958	0.01207	0.01399	0.01019	0.00678	0.00546	0.00179	0.00874	0.00458	0.05904	0.00958
70	0.01154	0.00895	0.01068	0.01001	0.01227	0.00877	0.00757	0.01766	0.12808	0.02850	0.48755	0.05335	0.15681	0.01489	0.00856	0.00239	0.00393	0.01294	0.00788	0.00767
71	0.02292	0.01683	0.01793	0.01505	0.01992	0.04894	0.01203	0.16958	0.32993	0.14259	0.02571	0.02589	0.01918	0.00966	0.00743	0.00233	0.00679	0.03267	0.00737	0.06724
72	0.00948	0.00717	0.00887	0.00950	0.01072	0.00685	0.00669	0.01113	0.01446	0.01881	0.06565	0.30867	0.23606	0.10579	0.14007	0.00492	0.00727	0.01569	0.00614	0.00607
73	0.01237	0.01007	0.01444	0.18482	0.02300	0.01093	0.02825	0.04266	0.07427	0.02160	0.03147	0.38770	0.03416	0.01696	0.00878	0.00283	0.00642	0.07574	0.00601	0.00752
74	0.01454	0.01239	0.01439	0.01523	0.07403	0.01331	0.01047	0.02610	0.34728	0.02593	0.05565	0.18100	0.15057	0.01421	0.00819	0.00259	0.00536	0.01231	0.00698	0.00945
75	0.01540	0.03483	0.57320	0.02312	0.03342	0.01754	0.15129	0.02356	0.01603	0.02356	0.01365	0.01652	0.00976	0.00690	0.00738	0.00238	0.01127	0.00612	0.00325	0.01079
76	0.01509	0.01423	0.02747	0.02142	0.02626	0.01329	0.34338	0.01949	0.01719	0.05512	0.03157	0.11404	0.11540	0.01275	0.00907	0.00273	0.00902	0.13850	0.00539	0.00857
77	0.26006	0.01315	0.01534	0.01218	0.01758	0.01263	0.01005	0.03189	0.01867	0.49918	0.02362	0.02132	0.01529	0.00850	0.00661	0.00230	0.00615	0.00644	0.00781	0.01126
78	0.01402	0.01319	0.02227	0.72126	0.05113	0.01649	0.02062	0.01897	0.01484	0.01897	0.01319	0.01979	0.00990	0.00742	0.00742	0.00247	0.00990	0.00660	0.00330	0.00825
79	0.00914	0.00728	0.00820	0.00850	0.01039	0.00634	0.00617	0.01116	0.01700	0.02148	0.17389	0.22474	0.43111	0.01922	0.00894	0.00260	0.00384	0.01656	0.00712	0.00634
80	0.01310	0.01149	0.01204	0.01196	0.01291	0.08978	0.00847	0.03184	0.01399	0.01796	0.02587	0.26308	0.02901	0.22861	0.12769	0.00547	0.07274	0.01255	0.00509	0.00635
81	0.01668	0.14510	0.50879	0.02044	0.03016	0.01900	0.08317	0.02387	0.01599	0.05092	0.01368	0.01589	0.00997	0.00696	0.00687	0.00224	0.01045	0.00563	0.00345	0.01073
82	0.26073	0.01378	0.01583	0.01333	0.01762	0.03606	0.05655	0.08077	0.01794	0.21215	0.02340	0.17834	0.02074	0.01134	0.00709	0.00245	0.00653	0.00939	0.00653	0.00941
83	0.01027	0.00773	0.01063	0.01145	0.01288	0.00727	0.02776	0.01264	0.01623	0.02135	0.11367	0.36492	0.13166	0.02051	0.00951	0.00298	0.00513	0.19998	0.00692	0.00652
84	0.28556	0.04625	0.04901	0.01486	0.01930	0.28490	0.01210	0.09457	0.01867	0.02675	0.01434	0.07497	0.01274	0.00879	0.00625	0.00218	0.00916	0.00613	0.00469	0.00877
85	0.02387	0.07161	0.07923	0.02332	0.09434	0.42792	0.10999	0.04426	0.01972	0.02074	0.01249	0.01507	0.01010	0.00726	0.00700	0.00205	0.01216	0.00560	0.00380	0.00948

[dist]
# distance from previous block
# <min> <max>
0	2

[block]
# block no. 8 follows, 27 sequences, length 84
# corresponding to MSA columns:
# 579-611,627-637,641-648,651-682
name=unknown_I
#
# <colnr> <probs for GDERKNQSTAVLIFYWHMCP>
#	G	D	E	R	K	N	Q	S	T	A	V	L	I	F	Y	W	H	M	C	P
0	0.01438	0.01081	0.01526	0.01375	0.01674	0.01067	0.08664	0.04842	0.09115	0.06041	0.08035	0.15837	0.12529	0.01530	0.00861	0.00268	0.00607	0.14927	0.07769	0.00814
1	0.04188	0.08517	0.12562	0.01506	0.02168	0.01626	0.04093	0.11386	0.10129	0.11071	0.01953	0.01997	0.03336	0.00778	0.00664	0.00195	0.00733	0.00622	0.00554	0.21922
2	0.02054	0.12473	0.01851	0.01313	0.01728	0.01405	0.01117	0.08031	0.05908	0.20478	0.08836	0.07256	0.02888	0.01274	0.00790	0.00247	0.00646	0.17128	0.00702	0.03874
3	0.02975	0.01834	0.02076	0.01591	0.02180	0.01938	0.01315	0.47782	0.03079	0.24282	0.02127	0.02006	0.01436	0.00899	0.00744	0.00225	0.00761	0.00692	0.00796	0.01263
4	0.01023	0.00753	0.00967	0.00993	0.01156	0.00697	0.00757	0.01311	0.01863	0.02533	0.38728	0.18035	0.15000	0.01793	0.00912	0.00265	0.00420	0.11367	0.00756	0.00670
5	0.01894	0.01973	0.02966	0.10031	0.41393	0.10846	0.12021	0.02330	0.01729	0.02289	0.01369	0.01797	0.01119	0.00672	0.00740	0.00219	0.00994	0.00660	0.00371	0.04586
6	0.01169	0.07546	0.01384	0.07588	0.01593	0.01062	0.00938	0.01420	0.01403	0.01929	0.07033	0.14945	0.05747	0.08710	0.26253	0.00624	0.01094	0.03356	0.05525	0.00681
7	0.01061	0.00795	0.01193	0.01193	0.01326	0.00928	0.00928	0.01326	0.01193	0.01723	0.01988	0.02916	0.01856	0.05568	0.70968	0.01193	0.01988	0.00795	0.00398	0.00663
8	0.01549	0.01469	0.02492	0.49345	0.26746	0.01688	0.02135	0.02025	0.01554	0.02075	0.01345	0.01931	0.01052	0.00715	0.00740	0.00238	0.00953	0.00660	0.00343	0.00943
9	0.01615	0.04492	0.09935	0.01739	0.02150	0.10656	0.11948	0.04361	0.01732	0.04149	0.02683	0.21428	0.04297	0.01404	0.00896	0.00267	0.03024	0.11850	0.00536	0.00838
10	0.01144	0.00791	0.00929	0.00882	0.01120	0.00692	0.00666	0.01401	0.01874	0.07850	0.30959	0.09180	0.36426	0.01681	0.00869	0.00245	0.00389	0.01438	0.00758	0.00706
11	0.09199	0.01150	0.01372	0.01168	0.01556	0.01111	0.00923	0.08318	0.05037	0.27132	0.16528	0.11197	0.09664	0.01269	0.00781	0.00241	0.00538	0.01062	0.00785	0.00969
12	0.01669	0.01677	0.05853	0.02666	0.18139	0.01565	0.22719	0.04903	0.06409	0.04584	0.02416	0.13509	0.06236	0.01052	0.00874	0.00251	0.02966	0.01027	0.00498	0.00986
13	0.01326	0.02392	0.34879	0.01979	0.06795	0.01339	0.07827	0.01876	0.01540	0.02195	0.02341	0.27391	0.02396	0.01276	0.00810	0.00259	0.00858	0.01146	0.00457	0.00916
14	0.02016	0.59997	0.03712	0.01492	0.02088	0.08389	0.06221	0.02277	0.01560	0.01802	0.01074	0.01283	0.00967	0.00674	0.00606	0.00175	0.03948	0.00451	0.00328	0.00943
15	0.02685	0.01388	0.01729	0.01300	0.01904	0.01216	0.01064	0.11277	0.02113	0.39505	0.02259	0.02110	0.01524	0.00796	0.00682	0.00190	0.00629	0.00637	0.00741	0.26252
16	0.01803	0.01339	0.01518	0.01371	0.01739	0.01415	0.01132	0.22503	0.11708	0.05096	0.03809	0.05070	0.15902	0.01467	0.00860	0.00270	0.00649	0.20686	0.00721	0.00943
17	0.02589	0.03232	0.02131	0.01918	0.02240	0.59950	0.01465	0.02776	0.01949	0.01812	0.01120	0.01384	0.00959	0.00850	0.00952	0.00213	0.12728	0.00506	0.00373	0.00853
18	0.01446	0.01128	0.01269	0.01194	0.01497	0.01185	0.00929	0.02470	0.29160	0.05518	0.16984	0.07975	0.17597	0.01444	0.00838	0.00258	0.00500	0.06960	0.00751	0.00899
19	0.01489	0.03840	0.70064	0.02116	0.03213	0.01724	0.02743	0.02351	0.01567	0.02351	0.01332	0.01567	0.00940	0.00705	0.00705	0.00235	0.01097	0.00549	0.00313	0.01097
20	0.05949	0.01304	0.01722	0.01325	0.01897	0.01163	0.01095	0.06276	0.02153	0.64689	0.02814	0.02449	0.01777	0.00910	0.00736	0.00229	0.00638	0.00731	0.00895	0.01247
21	0.00903	0.00715	0.00813	0.00870	0.01039	0.00625	0.00621	0.01085	0.01633	0.02055	0.11915	0.30764	0.40326	0.02007	0.00902	0.00267	0.00393	0.01741	0.00701	0.00625
22	0.03297	0.01318	0.01757	0.01347	0.01922	0.01172	0.01112	0.07841	0.02216	0.65442	0.02852	0.02477	0.01799	0.00917	0.00746	0.00229	0.00644	0.00741	0.00907	0.01263
23	0.02217	0.01631	0.01525	0.01278	0.01661	0.10416	0.01014	0.27555	0.02413	0.06442	0.02029	0.02185	0.01526	0.00865	0.00637	0.00197	0.00672	0.00658	0.34116	0.00964
24	0.00897	0.00753	0.00779	0.00772	0.01014	0.00635	0.00579	0.01103	0.01737	0.02113	0.14310	0.06967	0.62121	0.01840	0.00877	0.00249	0.00373	0.01542	0.00704	0.00635
25	0.39329	0.01345	0.01423	0.01157	0.01677	0.01364	0.00955	0.02936	0.01716	0.38240	0.02029	0.01900	0.01347	0.00810	0.00610	0.00230	0.00604	0.00583	0.00701	0.01045
26	0.01100	0.00802	0.01062	0.01143	0.01299	0.00780	0.00907	0.01458	0.04218	0.02417	0.24781	0.21642	0.07003	0.01898	0.00946	0.00292	0.00509	0.26322	0.00730	0.00688
