[name]
unknown

[dist]
# distance from previous block
# <min> <max>
0	115

[block]
# block no. 0 follows, 26 sequences, length 78
# corresponding to MSA columns:
# 116-193
name=unknown_A
#
# <colnr> <probs for GDERKNQSTAVLIFYWHMCP>
#	G	D	E	R	K	N	Q	S	T	A	V	L	I	F	Y	W	H	M	C	P
0	0.05030	0.01644	0.02800	0.05304	0.02796	0.01659	0.27183	0.10313	0.01951	0.06186	0.06315	0.04852	0.04557	0.00999	0.00963	0.00254	0.06410	0.04863	0.00533	0.05388
1	0.01458	0.01385	0.01961	0.01598	0.02011	0.03398	0.13974	0.02076	0.11900	0.02367	0.06056	0.05972	0.19515	0.01448	0.04180	0.00289	0.05322	0.03168	0.00573	0.11350
2	0.01892	0.04404	0.03091	0.07666	0.03096	0.04813	0.30306	0.11586	0.09571	0.02721	0.01960	0.08945	0.01658	0.00906	0.00822	0.00245	0.00994	0.00915	0.00511	0.03897
3	0.09006	0.01809	0.04780	0.01779	0.04524	0.03529	0.09345	0.16592	0.17788	0.05487	0.02006	0.02269	0.01571	0.06589	0.00974	0.00266	0.00794	0.00727	0.00597	0.09567
4	0.05176	0.01954	0.02176	0.01807	0.05252	0.04992	0.03501	0.36759	0.10051	0.05694	0.01823	0.01889	0.01351	0.00866	0.00796	0.00221	0.03653	0.00664	0.00654	0.10723
5	0.02413	0.02075	0.07743	0.01662	0.02222	0.06836	0.01425	0.23670	0.22929	0.11705	0.02229	0.02164	0.01617	0.00923	0.00803	0.00235	0.03145	0.00712	0.00693	0.04800
6	0.04010	0.00965	0.03791	0.01157	0.01360	0.00851	0.00899	0.01612	0.05015	0.07805	0.06141	0.39809	0.08896	0.04912	0.01035	0.00311	0.00536	0.09456	0.00697	0.00740
7	0.04968	0.52394	0.21190	0.01515	0.02281	0.02621	0.01677	0.02304	0.01547	0.02013	0.01136	0.01319	0.00964	0.00670	0.00548	0.00186	0.00884	0.00447	0.00329	0.01006
8	0.57762	0.05281	0.01457	0.01129	0.01636	0.01752	0.00942	0.08317	0.01630	0.12123	0.01382	0.01464	0.01012	0.00751	0.00536	0.00230	0.00629	0.00482	0.00551	0.00935
9	0.00924	0.00660	0.00880	0.01056	0.01100	0.00616	0.00704	0.01056	0.01452	0.01936	0.04181	0.72848	0.05017	0.02376	0.00968	0.00308	0.00440	0.02156	0.00704	0.00616
10	0.01573	0.01348	0.01573	0.01123	0.01798	0.01011	0.00899	0.01910	0.01573	0.02472	0.01348	0.01573	0.01123	0.00562	0.00562	0.00112	0.00562	0.00449	0.00449	0.77980
11	0.01840	0.01763	0.02991	0.04508	0.66036	0.01758	0.02261	0.02281	0.01727	0.02462	0.01665	0.02084	0.03759	0.00723	0.00756	0.00226	0.00881	0.00711	0.00388	0.01180
12	0.04578	0.01842	0.03103	0.02418	0.05333	0.01936	0.28879	0.10620	0.06038	0.05376	0.01590	0.01943	0.01231	0.00841	0.01126	0.00253	0.14691	0.00756	0.00477	0.06967
13	0.01103	0.00735	0.00827	0.00827	0.00827	0.00735	0.00460	0.01103	0.01103	0.01471	0.02390	0.04964	0.02758	0.73343	0.03861	0.00735	0.00735	0.01103	0.00460	0.00460
14	0.01066	0.00769	0.01007	0.00960	0.01131	0.00710	0.00715	0.01412	0.02111	0.02984	0.64868	0.09173	0.07045	0.01594	0.00898	0.00242	0.00362	0.01413	0.00828	0.00710
15	0.05563	0.06321	0.02081	0.01549	0.02073	0.04097	0.03896	0.22902	0.14438	0.18221	0.08880	0.02494	0.02144	0.00962	0.00750	0.00232	0.00726	0.00776	0.00742	0.01152
16	0.03335	0.01401	0.01828	0.01402	0.01991	0.01278	0.01158	0.11932	0.02355	0.60641	0.02838	0.02481	0.01800	0.00935	0.00762	0.00234	0.00670	0.00752	0.00915	0.01291
17	0.01191	0.00851	0.01187	0.01361	0.01522	0.00846	0.01168	0.01518	0.01716	0.02235	0.04033	0.15241	0.04433	0.02125	0.01039	0.00345	0.00672	0.57127	0.00699	0.00690
18	0.01491	0.01408	0.02381	0.62693	0.13592	0.01701	0.02136	0.01989	0.01544	0.02009	0.01359	0.02003	0.01036	0.00747	0.00757	0.00249	0.00997	0.00674	0.00342	0.00890
19	0.01887	0.01629	0.01715	0.01544	0.01972	0.01887	0.01201	0.04031	0.67241	0.03173	0.03087	0.02830	0.02315	0.01029	0.00772	0.00257	0.00600	0.00858	0.00772	0.01201
20	0.00924	0.00660	0.00880	0.01056	0.01100	0.00616	0.00704	0.01056	0.01452	0.01936	0.04181	0.72848	0.05017	0.02376	0.00968	0.00308	0.00440	0.02156	0.00704	0.00616
21	0.01103	0.00735	0.00827	0.00827	0.00827	0.00735	0.00460	0.01103	0.01103	0.01471	0.02390	0.04964	0.02758	0.73343	0.03861	0.00735	0.00735	0.01103	0.00460	0.00460
22	0.01997	0.70017	0.03886	0.04964	0.02118	0.02933	0.01340	0.02254	0.01540	0.01793	0.01070	0.01259	0.00975	0.00655	0.00501	0.00167	0.00822	0.00420	0.00325	0.00967
23	0.00908	0.00769	0.00784	0.00780	0.01031	0.00645	0.00585	0.01110	0.01755	0.02112	0.11532	0.07196	0.64417	0.01897	0.00896	0.00255	0.00383	0.01586	0.00713	0.00645
24	0.01152	0.00823	0.01142	0.01316	0.01460	0.00812	0.01100	0.01450	0.01677	0.02191	0.04055	0.23729	0.04519	0.02162	0.01029	0.00340	0.00637	0.49028	0.00700	0.00679
25	0.02028	0.73799	0.03975	0.01298	0.01947	0.03001	0.01298	0.02271	0.01541	0.01785	0.01055	0.01217	0.00973	0.00649	0.00487	0.00162	0.00811	0.00406	0.00324	0.00973
26	0.01975	0.66533	0.10779	0.01388	0.02086	0.02872	0.01454	0.02285	0.01547	0.01849	0.01086	0.01257	0.00972	0.00656	0.00511	0.00170	0.00843	0.00422	0.00324	0.00989
27	0.04410	0.04435	0.03566	0.06392	0.32389	0.01903	0.28579	0.04517	0.01786	0.02521	0.01456	0.01906	0.01155	0.00672	0.00793	0.00237	0.01046	0.00749	0.00392	0.01095
28	0.06972	0.02173	0.02525	0.16501	0.12249	0.21149	0.11175	0.04600	0.01828	0.04933	0.01507	0.04853	0.01254	0.00841	0.00826	0.00236	0.04293	0.00706	0.00427	0.00951
29	0.01932	0.01591	0.01701	0.01487	0.01913	0.01796	0.01167	0.14066	0.47335	0.03387	0.09818	0.03123	0.05114	0.01097	0.00787	0.00250	0.00606	0.00909	0.00774	0.01144
30	0.78701	0.01467	0.01115	0.00997	0.01467	0.01702	0.00821	0.02230	0.01291	0.03403	0.01056	0.01232	0.00821	0.00704	0.00469	0.00235	0.00587	0.00411	0.00469	0.00821
31	0.01129	0.00827	0.01118	0.01106	0.01188	0.00931	0.00801	0.01307	0.01240	0.01772	0.04480	0.07986	0.02484	0.25933	0.35812	0.00880	0.05849	0.00993	0.03545	0.00618
32	0.01068	0.00775	0.01006	0.00948	0.01129	0.00713	0.00711	0.01420	0.02133	0.03008	0.66154	0.05721	0.09236	0.01563	0.00895	0.00239	0.00359	0.01380	0.00831	0.00713
33	0.02017	0.02060	0.02780	0.09757	0.45641	0.12951	0.02093	0.04759	0.01810	0.02375	0.01366	0.01791	0.01139	0.00750	0.00851	0.00230	0.05501	0.00645	0.00386	0.01098
34	0.01045	0.00725	0.00908	0.00962	0.00997	0.00734	0.00615	0.01130	0.01229	0.01660	0.02877	0.25337	0.03305	0.40569	0.13919	0.00685	0.00859	0.01376	0.00525	0.00543
35	0.02465	0.01629	0.04310	0.01485	0.01992	0.01615	0.01232	0.21945	0.17252	0.22180	0.09770	0.06007	0.02490	0.01077	0.00786	0.00242	0.00668	0.00885	0.00802	0.01169
36	0.01967	0.65370	0.11868	0.01402	0.02108	0.02852	0.01479	0.02287	0.01548	0.01859	0.01092	0.01263	0.00972	0.00658	0.00515	0.00172	0.00849	0.00424	0.00324	0.00991
37	0.00896	0.00768	0.00768	0.00768	0.01025	0.00640	0.00576	0.01089	0.01729	0.02049	0.07684	0.07300	0.68304	0.01921	0.00896	0.00256	0.00384	0.01601	0.00704	0.00640
38	0.01521	0.03923	0.69413	0.02162	0.03283	0.01762	0.02802	0.02402	0.01601	0.02402	0.01361	0.01601	0.00961	0.00721	0.00721	0.00240	0.01121	0.00560	0.00320	0.01121
39	0.14262	0.07460	0.10725	0.02102	0.10969	0.23112	0.01635	0.02570	0.01719	0.07237	0.01315	0.01562	0.01049	0.00823	0.00895	0.00230	0.10391	0.00548	0.00421	0.00974
40	0.11625	0.01320	0.02040	0.57727	0.04459	0.01622	0.01845	0.01916	0.01453	0.02092	0.01308	0.01936	0.01006	0.00870	0.00860	0.05188	0.00933	0.00638	0.00354	0.00807
41	0.01318	0.00659	0.00988	0.00988	0.00988	0.00659	0.00659	0.00988	0.00988	0.01318	0.01318	0.02306	0.01318	0.02635	0.02964	0.77931	0.00659	0.00659	0.00329	0.00329
42	0.01735	0.01928	0.04031	0.11781	0.03972	0.01920	0.52823	0.02321	0.01707	0.02321	0.01469	0.02013	0.01121	0.00707	0.01000	0.00261	0.06681	0.00849	0.00374	0.00985
43	0.02028	0.73799	0.03975	0.01298	0.01947	0.03001	0.01298	0.02271	0.01541	0.01785	0.01055	0.01217	0.00973	0.00649	0.00487	0.00162	0.00811	0.00406	0.00324	0.00973
44	0.02028	0.73799	0.03975	0.01298	0.01947	0.03001	0.01298	0.02271	0.01541	0.01785	0.01055	0.01217	0.00973	0.00649	0.00487	0.00162	0.00811	0.00406	0.00324	0.00973
45	0.66917	0.03701	0.03390	0.07549	0.01883	0.01741	0.01015	0.02209	0.01329	0.03189	0.01092	0.01316	0.00848	0.00708	0.00504	0.00234	0.00649	0.00439	0.00448	0.00837
46	0.02326	0.01800	0.01864	0.01570	0.02052	0.04896	0.01249	0.23034	0.36816	0.08495	0.02577	0.02436	0.01890	0.00968	0.00752	0.00240	0.00698	0.00773	0.04365	0.01198
47	0.01931	0.01885	0.03359	0.04085	0.47987	0.01871	0.17694	0.07087	0.01879	0.02637	0.01482	0.01914	0.01196	0.00684	0.00787	0.00233	0.00988	0.00730	0.00406	0.01165
48	0.78701	0.01467	0.01115	0.00997	0.01467	0.01702	0.00821	0.02230	0.01291	0.03403	0.01056	0.01232	0.00821	0.00704	0.00469	0.00235	0.00587	0.00411	0.00469	0.00821
49	0.00922	0.00667	0.00873	0.01038	0.01095	0.00618	0.00696	0.01058	0.01470	0.01943	0.04403	0.68681	0.09040	0.02347	0.00964	0.00305	0.00437	0.02121	0.00704	0.00618
50	0.01573	0.01348	0.01573	0.01123	0.01798	0.01011	0.00899	0.01910	0.01573	0.02472	0.01348	0.01573	0.01123	0.00562	0.00562	0.00112	0.00562	0.00449	0.00449	0.77980
51	0.01726	0.01655	0.02774	0.24121	0.43905	0.01815	0.02202	0.02168	0.01614	0.02260	0.01365	0.01900	0.01127	0.00759	0.00910	0.00243	0.07360	0.00674	0.00360	0.01062
52	0.78701	0.01467	0.01115	0.00997	0.01467	0.01702	0.00821	0.02230	0.01291	0.03403	0.01056	0.01232	0.00821	0.00704	0.00469	0.00235	0.00587	0.00411	0.00469	0.00821
53	0.01075	0.00773	0.01002	0.00946	0.01114	0.00717	0.00699	0.01411	0.02081	0.02942	0.64027	0.05621	0.06877	0.06114	0.01083	0.00270	0.00382	0.01355	0.00811	0.00699
54	0.00912	0.00708	0.00831	0.00930	0.01067	0.00627	0.00648	0.01070	0.01574	0.01986	0.05718	0.44079	0.32793	0.02176	0.00937	0.00285	0.00416	0.01913	0.00704	0.00627
55	0.01743	0.34496	0.40782	0.01784	0.02698	0.02304	0.02144	0.02345	0.01575	0.02132	0.01227	0.01433	0.00966	0.00689	0.00618	0.00206	0.00985	0.00493	0.00322	0.01056
56	0.08514	0.02076	0.02190	0.01690	0.02286	0.02304	0.01396	0.61341	0.03397	0.04678	0.01764	0.01777	0.01255	0.00895	0.00737	0.00228	0.00816	0.00663	0.00737	0.01255
57	0.00924	0.00660	0.00880	0.01056	0.01100	0.00616	0.00704	0.01056	0.01452	0.01936	0.04181	0.72848	0.05017	0.02376	0.00968	0.00308	0.00440	0.02156	0.00704	0.00616
58	0.01640	0.01622	0.02941	0.37555	0.25094	0.01766	0.14080	0.02153	0.01635	0.02201	0.01408	0.01981	0.01098	0.00710	0.00782	0.00245	0.01026	0.00716	0.00358	0.00990
59	0.01862	0.01787	0.03052	0.06893	0.66491	0.01798	0.02320	0.02315	0.01720	0.02460	0.01424	0.01882	0.01195	0.00679	0.00751	0.00226	0.00905	0.00676	0.00374	0.01189
60	0.01096	0.00816	0.01083	0.01091	0.03795	0.00755	0.00772	0.01449	0.02109	0.02968	0.62411	0.05601	0.10114	0.01535	0.00889	0.00239	0.00381	0.01356	0.00810	0.00731
61	0.02027	0.01598	0.01719	0.01526	0.01969	0.01815	0.01193	0.04000	0.61237	0.09259	0.03078	0.02807	0.02275	0.01021	0.00771	0.00255	0.00604	0.00849	0.00787	0.01209
62	0.01694	0.01420	0.01638	0.01181	0.01849	0.01135	0.00949	0.07831	0.01757	0.02685	0.01392	0.01596	0.01139	0.00594	0.00580	0.00123	0.00587	0.00471	0.00478	0.70904
63	0.01729	0.01379	0.01639	0.01253	0.01813	0.01222	0.01006	0.02241	0.08842	0.07641	0.01899	0.02036	0.04095	0.00770	0.00792	0.00164	0.07152	0.00586	0.00523	0.53218
64	0.02703	0.06699	0.05290	0.01898	0.02355	0.55287	0.01506	0.08584	0.04823	0.02189	0.01309	0.01470	0.01057	0.00794	0.00687	0.00201	0.01253	0.00520	0.00432	0.00944
65	0.78701	0.01467	0.01115	0.00997	0.01467	0.01702	0.00821	0.02230	0.01291	0.03403	0.01056	0.01232	0.00821	0.00704	0.00469	0.00235	0.00587	0.00411	0.00469	0.00821
66	0.00969	0.00692	0.00931	0.01107	0.01171	0.00655	0.00782	0.01133	0.01496	0.01986	0.04156	0.63235	0.04919	0.02334	0.00980	0.00314	0.00479	0.11330	0.00703	0.00628
67	0.00924	0.00660	0.00880	0.01056	0.01100	0.00616	0.00704	0.01056	0.01452	0.01936	0.04181	0.72848	0.05017	0.02376	0.00968	0.00308	0.00440	0.02156	0.00704	0.00616
68	0.02661	0.02014	0.02151	0.01700	0.02268	0.02248	0.01388	0.52257	0.17753	0.04422	0.02103	0.02046	0.01518	0.00937	0.00762	0.00234	0.00782	0.00722	0.00762	0.01270
69	0.01103	0.00735	0.00827	0.00827	0.00827	0.00735	0.00460	0.01103	0.01103	0.01471	0.02390	0.04964	0.02758	0.73343	0.03861	0.00735	0.00735	0.01103	0.00460	0.00460
70	0.01572	0.10849	0.62927	0.02076	0.03150	0.01884	0.02653	0.02389	0.01595	0.02341	0.01331	0.01563	0.00962	0.00714	0.00697	0.00232	0.01090	0.00545	0.00321	0.01106
71	0.01593	0.01434	0.02275	0.63791	0.04906	0.01759	0.02033	0.09043	0.01744	0.02253	0.01401	0.02000	0.01042	0.00775	0.00758	0.00250	0.00992	0.00675	0.00384	0.00892
72	0.06071	0.00782	0.00846	0.00838	0.00868	0.00797	0.00483	0.01175	0.01115	0.01594	0.02305	0.04725	0.02634	0.68693	0.03644	0.00703	0.00726	0.01059	0.00460	0.00483
73	0.06362	0.00756	0.00733	0.00726	0.00921	0.00771	0.00549	0.01797	0.01571	0.02865	0.02384	0.02726	0.01872	0.00872	0.00526	0.00180	0.00368	0.00688	0.72619	0.00714
74	0.02939	0.01614	0.06139	0.01481	0.02075	0.01437	0.01275	0.10457	0.14620	0.45367	0.02779	0.02483	0.01838	0.00939	0.00761	0.00239	0.00688	0.00759	0.00848	0.01263
75	0.78701	0.01467	0.01115	0.00997	0.01467	0.01702	0.00821	0.02230	0.01291	0.03403	0.01056	0.01232	0.00821	0.00704	0.00469	0.00235	0.00587	0.00411	0.00469	0.00821
76	0.01047	0.00760	0.00962	0.01082	0.01175	0.00728	0.00743	0.05192	0.01604	0.02124	0.04255	0.64137	0.08831	0.02254	0.00950	0.00300	0.00462	0.02027	0.00708	0.00660
77	0.01891	0.02007	0.07290	0.04393	0.61904	0.04410	0.02325	0.02359	0.01735	0.02449	0.01413	0.01840	0.01178	0.00683	0.00746	0.00225	0.00933	0.00661	0.00373	0.01184

[dist]
# distance from previous block
# <min> <max>
0	44

[block]
# block no. 1 follows, 26 sequences, length 12
# corresponding to MSA columns:
# 238-244,247-251
name=unknown_B
#
# <colnr> <probs for GDERKNQSTAVLIFYWHMCP>
#	G	D	E	R	K	N	Q	S	T	A	V	L	I	F	Y	W	H	M	C	P
0	0.01779	0.04566	0.03485	0.02882	0.14337	0.01751	0.36448	0.05204	0.01801	0.02496	0.01657	0.06507	0.01406	0.00761	0.00808	0.00229	0.01023	0.00850	0.00427	0.11581
1	0.01958	0.01629	0.02188	0.01674	0.02263	0.03953	0.12529	0.13314	0.04307	0.07137	0.01952	0.05628	0.01662	0.00882	0.00734	0.00200	0.00777	0.05324	0.00562	0.31328
2	0.02334	0.02451	0.02013	0.01709	0.02125	0.31752	0.04063	0.17584	0.02381	0.02767	0.10550	0.02536	0.07029	0.01006	0.00817	0.00218	0.03631	0.00758	0.00560	0.03715
3	0.01432	0.01348	0.02275	0.71520	0.05224	0.01685	0.02107	0.01938	0.01517	0.01938	0.01348	0.02022	0.01011	0.00758	0.00758	0.00253	0.01011	0.00674	0.00337	0.00843
4	0.01597	0.01427	0.01901	0.01358	0.02043	0.01114	0.08245	0.01969	0.01597	0.02467	0.01369	0.01626	0.01127	0.00571	0.00599	0.00129	0.00643	0.00500	0.00442	0.69277
5	0.01573	0.01348	0.01573	0.01123	0.01798	0.01011	0.00899	0.01910	0.01573	0.02472	0.01348	0.01573	0.01123	0.00562	0.00562	0.00112	0.00562	0.00449	0.00449	0.77980
6	0.02883	0.02125	0.02276	0.01745	0.02352	0.02352	0.01442	0.66082	0.03566	0.04780	0.01821	0.01821	0.01290	0.00911	0.00759	0.00228	0.00835	0.00683	0.00759	0.01290
7	0.03232	0.01329	0.01755	0.01371	0.01940	0.01202	0.01125	0.03734	0.09530	0.61677	0.03003	0.02610	0.01927	0.00949	0.00764	0.00237	0.00640	0.00773	0.00920	0.01281
8	0.01573	0.01348	0.01573	0.01123	0.01798	0.01011	0.00899	0.01910	0.01573	0.02472	0.01348	0.01573	0.01123	0.00562	0.00562	0.00112	0.00562	0.00449	0.00449	0.77980
9	0.01454	0.00883	0.01097	0.01080	0.01288	0.00824	0.00783	0.05708	0.01779	0.12698	0.08993	0.38187	0.14664	0.05559	0.01054	0.00300	0.00498	0.01641	0.00741	0.00768
10	0.00922	0.00668	0.00872	0.01035	0.01095	0.00618	0.00695	0.01059	0.01473	0.01945	0.04438	0.68025	0.09674	0.02343	0.00963	0.00304	0.00436	0.02115	0.00704	0.00618
11	0.01812	0.44546	0.05835	0.01223	0.01782	0.02193	0.01172	0.02172	0.04997	0.06301	0.02911	0.02885	0.17484	0.01000	0.00629	0.00198	0.00699	0.00750	0.00479	0.00931

[dist]
# distance from previous block
# <min> <max>
11	42

[block]
# block no. 2 follows, 26 sequences, length 14
# corresponding to MSA columns:
# 296-309
name=unknown_C
#
# <colnr> <probs for GDERKNQSTAVLIFYWHMCP>
#	G	D	E	R	K	N	Q	S	T	A	V	L	I	F	Y	W	H	M	C	P
0	0.07609	0.01849	0.03519	0.02555	0.03252	0.01759	0.43342	0.06736	0.01950	0.16915	0.01831	0.02089	0.01292	0.00725	0.00828	0.00248	0.01066	0.00819	0.00532	0.01083
1	0.01818	0.02045	0.03806	0.07447	0.03604	0.06775	0.46371	0.02338	0.01692	0.02256	0.01407	0.01932	0.01103	0.00772	0.01138	0.00264	0.13076	0.00813	0.00372	0.00969
2	0.01500	0.01417	0.02398	0.61316	0.14897	0.01703	0.02140	0.01997	0.01549	0.02020	0.01360	0.02000	0.01040	0.00746	0.00757	0.00249	0.00994	0.00674	0.00343	0.00897
3	0.02172	0.01566	0.01724	0.01507	0.01966	0.01741	0.01184	0.03968	0.54998	0.15584	0.03069	0.02783	0.02233	0.01012	0.00770	0.00253	0.00609	0.00840	0.00803	0.01218
4	0.01333	0.00995	0.01107	0.01161	0.01311	0.05388	0.00821	0.05350	0.01714	0.06408	0.06622	0.53896	0.06879	0.02037	0.00918	0.00286	0.00533	0.01812	0.00707	0.00723
5	0.02883	0.02125	0.02276	0.01745	0.02352	0.02352	0.01442	0.66082	0.03566	0.04780	0.01821	0.01821	0.01290	0.00911	0.00759	0.00228	0.00835	0.00683	0.00759	0.01290
6	0.01164	0.00831	0.01156	0.01330	0.01480	0.00823	0.01121	0.01471	0.01689	0.02205	0.04048	0.21103	0.04492	0.02150	0.01032	0.00341	0.00648	0.51533	0.00700	0.00682
7	0.01573	0.01348	0.01573	0.01123	0.01798	0.01011	0.00899	0.01910	0.01573	0.02472	0.01348	0.01573	0.01123	0.00562	0.00562	0.00112	0.00562	0.00449	0.00449	0.77980
8	0.01790	0.02046	0.04476	0.03197	0.03964	0.01918	0.65857	0.02430	0.01790	0.02430	0.01535	0.02046	0.01151	0.00639	0.00895	0.00256	0.01279	0.00895	0.00384	0.01023
9	0.00924	0.00660	0.00880	0.01056	0.01100	0.00616	0.00704	0.01056	0.01452	0.01936	0.04181	0.72848	0.05017	0.02376	0.00968	0.00308	0.00440	0.02156	0.00704	0.00616
10	0.01709	0.01369	0.01462	0.01292	0.01641	0.04777	0.00983	0.20864	0.02170	0.02882	0.03220	0.30396	0.09253	0.01528	0.00821	0.00243	0.00620	0.01309	0.00665	0.12797
11	0.19901	0.01738	0.06246	0.01398	0.02031	0.04870	0.05202	0.05595	0.01733	0.11645	0.01527	0.01662	0.01146	0.00689	0.00615	0.00185	0.00716	0.00532	0.00519	0.32051
12	0.08557	0.34547	0.06369	0.10637	0.06953	0.07372	0.01475	0.02306	0.01604	0.04480	0.01241	0.01483	0.01028	0.00685	0.00583	0.00188	0.00851	0.00490	0.00381	0.08772
13	0.01924	0.11897	0.06833	0.17968	0.15957	0.01958	0.01739	0.14151	0.08005	0.02765	0.01640	0.01925	0.01273	0.00779	0.00697	0.00220	0.00843	0.00643	0.05195	0.03588

[dist]
# distance from previous block
# <min> <max>
5	42

[block]
# block no. 3 follows, 26 sequences, length 16
# corresponding to MSA columns:
# 353-368
name=unknown_D
#
# <colnr> <probs for GDERKNQSTAVLIFYWHMCP>
#	G	D	E	R	K	N	Q	S	T	A	V	L	I	F	Y	W	H	M	C	P
0	0.01683	0.01464	0.01962	0.02251	0.20738	0.06247	0.04459	0.04199	0.01873	0.06349	0.13714	0.10901	0.10056	0.01164	0.00797	0.00227	0.00699	0.01035	0.00581	0.09601
1	0.10217	0.01317	0.01597	0.01773	0.13055	0.04188	0.01144	0.05486	0.01677	0.02527	0.06450	0.16157	0.04396	0.01653	0.07950	0.00330	0.03046	0.00983	0.04263	0.11792
2	0.10137	0.02055	0.01773	0.01617	0.04759	0.22149	0.01205	0.06197	0.03906	0.02440	0.01850	0.07376	0.03905	0.00973	0.00815	0.00210	0.06066	0.02587	0.00487	0.19491
3	0.10007	0.01638	0.02107	0.06354	0.21098	0.01706	0.01503	0.12231	0.14188	0.05495	0.02016	0.02157	0.03695	0.00822	0.00706	0.00220	0.00733	0.00686	0.00558	0.12081
4	0.01564	0.01008	0.01252	0.01162	0.01455	0.00941	0.00866	0.02063	0.10708	0.13029	0.13962	0.31170	0.03959	0.01576	0.00840	0.00251	0.00498	0.01391	0.00737	0.11568
5	0.01163	0.00892	0.01255	0.06289	0.01579	0.00966	0.00931	0.01404	0.01254	0.01789	0.01983	0.03160	0.01923	0.18269	0.44819	0.00938	0.01547	0.00823	0.00416	0.08599
6	0.65204	0.01503	0.01247	0.01065	0.01566	0.01678	0.00875	0.06881	0.01487	0.03408	0.01142	0.01310	0.00887	0.00705	0.00500	0.00222	0.00602	0.00435	0.00489	0.08794
7	0.01573	0.01348	0.01573	0.01123	0.01798	0.01011	0.00899	0.01910	0.01573	0.02472	0.01348	0.01573	0.01123	0.00562	0.00562	0.00112	0.00562	0.00449	0.00449	0.77980
8	0.01573	0.01348	0.01573	0.01123	0.01798	0.01011	0.00899	0.01910	0.01573	0.02472	0.01348	0.01573	0.01123	0.00562	0.00562	0.00112	0.00562	0.00449	0.00449	0.77980
9	0.01877	0.01802	0.03079	0.04656	0.68612	0.01802	0.02328	0.02328	0.01727	0.02478	0.01427	0.01877	0.01201	0.00676	0.00751	0.00225	0.00901	0.00676	0.00375	0.01201
10	0.01573	0.01348	0.01573	0.01123	0.01798	0.01011	0.00899	0.01910	0.01573	0.02472	0.01348	0.01573	0.01123	0.00562	0.00562	0.00112	0.00562	0.00449	0.00449	0.77980
11	0.01573	0.01348	0.01573	0.01123	0.01798	0.01011	0.00899	0.01910	0.01573	0.02472	0.01348	0.01573	0.01123	0.00562	0.00562	0.00112	0.00562	0.00449	0.00449	0.77980
12	0.01432	0.01348	0.02275	0.71520	0.05224	0.01685	0.02107	0.01938	0.01517	0.01938	0.01348	0.02022	0.01011	0.00758	0.00758	0.00253	0.01011	0.00674	0.00337	0.00843
13	0.02114	0.01397	0.01611	0.01408	0.01815	0.01485	0.01108	0.10542	0.29949	0.17154	0.09867	0.10614	0.02967	0.01231	0.00812	0.00256	0.00598	0.03170	0.00802	0.01100
14	0.24462	0.01881	0.08884	0.01441	0.02023	0.04111	0.01285	0.18460	0.02169	0.21606	0.01967	0.05263	0.01452	0.00905	0.00681	0.00236	0.00742	0.00678	0.00663	0.01091
15	0.05873	0.01152	0.01539	0.01541	0.08690	0.01075	0.01065	0.04748	0.01966	0.29105	0.13322	0.15734	0.08313	0.01325	0.00814	0.00249	0.00576	0.01141	0.00773	0.00999

[dist]
# distance from previous block
# <min> <max>
0	31

[block]
# block no. 4 follows, 26 sequences, length 7
# corresponding to MSA columns:
# 400-406
name=unknown_E
#
# <colnr> <probs for GDERKNQSTAVLIFYWHMCP>
#	G	D	E	R	K	N	Q	S	T	A	V	L	I	F	Y	W	H	M	C	P
0	0.14603	0.01665	0.02004	0.36345	0.03585	0.06959	0.01638	0.10819	0.07687	0.05336	0.01570	0.01910	0.01165	0.00803	0.00706	0.00242	0.00893	0.00638	0.00482	0.00951
1	0.04877	0.02284	0.01751	0.01542	0.01956	0.29234	0.01187	0.09403	0.13760	0.05165	0.05616	0.02809	0.11663	0.01038	0.00739	0.00220	0.00891	0.00787	0.00591	0.04486
2	0.01219	0.00996	0.01094	0.01148	0.01299	0.06011	0.00876	0.01458	0.01720	0.02218	0.18221	0.16743	0.09865	0.12825	0.01392	0.00358	0.00612	0.20610	0.00670	0.00662
3	0.01815	0.57323	0.03353	0.01280	0.01813	0.02538	0.01219	0.02064	0.01468	0.01779	0.01275	0.01615	0.01182	0.01787	0.16255	0.00401	0.01087	0.00497	0.00343	0.00907
4	0.01783	0.01706	0.02908	0.18826	0.55178	0.01777	0.02281	0.02245	0.01683	0.02364	0.01410	0.01908	0.01161	0.00693	0.00752	0.00231	0.00924	0.00675	0.00367	0.01125
5	0.02937	0.01826	0.01977	0.01572	0.02129	0.06698	0.01277	0.27357	0.12464	0.29971	0.02431	0.02243	0.01655	0.00930	0.00757	0.00233	0.00763	0.00727	0.00806	0.01247
6	0.06497	0.14254	0.55257	0.01958	0.02967	0.01944	0.02451	0.02372	0.01573	0.02373	0.01296	0.01520	0.00954	0.00709	0.00670	0.00228	0.01041	0.00528	0.00330	0.01080

[dist]
# distance from previous block
# <min> <max>
0	1

[block]
# block no. 5 follows, 26 sequences, length 15
# corresponding to MSA columns:
# 408-422
name=unknown_F
#
# <colnr> <probs for GDERKNQSTAVLIFYWHMCP>
#	G	D	E	R	K	N	Q	S	T	A	V	L	I	F	Y	W	H	M	C	P
0	0.01552	0.14358	0.15571	0.45961	0.04282	0.01927	0.02102	0.02085	0.01537	0.02001	0.01300	0.01802	0.00995	0.00732	0.00704	0.00235	0.00998	0.00606	0.00332	0.00919
1	0.02020	0.01804	0.01817	0.01632	0.02007	0.09531	0.01309	0.13213	0.33197	0.03018	0.02664	0.03400	0.02250	0.01190	0.00944	0.00267	0.06403	0.11591	0.00679	0.01062
2	0.02366	0.01143	0.01471	0.01167	0.01619	0.00980	0.00911	0.02625	0.01868	0.36439	0.10565	0.03176	0.02531	0.13444	0.01275	0.00298	0.00609	0.00835	0.00749	0.15929
3	0.00959	0.00675	0.00870	0.01012	0.01047	0.00639	0.00657	0.01065	0.01385	0.01846	0.03834	0.59701	0.04579	0.16120	0.01528	0.00391	0.00497	0.01952	0.00657	0.00586
4	0.01692	0.02734	0.28266	0.02818	0.03715	0.01861	0.42757	0.02420	0.01721	0.02420	0.01471	0.01883	0.01081	0.00669	0.00831	0.00250	0.01221	0.00773	0.00360	0.01059
5	0.02695	0.03056	0.02022	0.01789	0.02195	0.51342	0.01364	0.13786	0.02336	0.02462	0.01420	0.01598	0.01131	0.00814	0.00681	0.00199	0.01171	0.00545	0.08463	0.00932
6	0.01532	0.01192	0.01194	0.01148	0.01251	0.12696	0.00809	0.01426	0.01413	0.01744	0.14248	0.02794	0.02390	0.02105	0.02170	0.49461	0.00723	0.00767	0.00438	0.00499
7	0.01918	0.02681	0.16650	0.02782	0.03553	0.13696	0.42526	0.02528	0.01816	0.02325	0.01438	0.01843	0.01084	0.00680	0.00825	0.00242	0.01264	0.00760	0.00373	0.01017
8	0.01094	0.00809	0.01058	0.01194	0.01362	0.00773	0.00982	0.01367	0.01686	0.02158	0.04850	0.20572	0.18475	0.02111	0.00999	0.00321	0.00580	0.38237	0.00701	0.00670
9	0.46658	0.02092	0.14594	0.08643	0.02314	0.05549	0.01414	0.06385	0.01568	0.03060	0.01201	0.01431	0.00907	0.00731	0.00579	0.00235	0.00793	0.00489	0.00441	0.00915
10	0.01676	0.01932	0.14536	0.03968	0.02007	0.12993	0.01366	0.02033	0.01777	0.09087	0.06448	0.18810	0.11706	0.01445	0.00836	0.00259	0.00786	0.06889	0.00593	0.00853
11	0.01618	0.01058	0.01314	0.01251	0.01518	0.01050	0.00993	0.12757	0.02112	0.09702	0.16204	0.21320	0.07783	0.01722	0.00911	0.00280	0.00572	0.16230	0.00762	0.00843
12	0.04319	0.01374	0.02288	0.08356	0.26624	0.01393	0.08342	0.01942	0.01681	0.02345	0.02504	0.10785	0.02537	0.01293	0.00871	0.00278	0.00829	0.20802	0.00511	0.00925
13	0.09969	0.04578	0.05311	0.01359	0.01762	0.20663	0.01102	0.05173	0.01814	0.02309	0.02997	0.14897	0.14727	0.01245	0.00737	0.00225	0.00790	0.00990	0.00532	0.08821
14	0.04710	0.45650	0.14572	0.01646	0.05847	0.02504	0.01576	0.02522	0.08391	0.04247	0.01399	0.01529	0.01146	0.00713	0.00578	0.00194	0.00833	0.00505	0.00398	0.01039

[dist]
# distance from previous block
# <min> <max>
0	28

[block]
# block no. 6 follows, 26 sequences, length 13
# corresponding to MSA columns:
# 451-463
name=unknown_G
#
# <colnr> <probs for GDERKNQSTAVLIFYWHMCP>
#	G	D	E	R	K	N	Q	S	T	A	V	L	I	F	Y	W	H	M	C	P
0	0.08225	0.01468	0.05536	0.32371	0.03430	0.01525	0.08317	0.02007	0.03955	0.02232	0.01541	0.02163	0.01246	0.04790	0.01053	0.04038	0.03409	0.00687	0.06587	0.05419
1	0.15813	0.01524	0.01898	0.07361	0.02267	0.04737	0.09537	0.06309	0.04145	0.02657	0.01858	0.13024	0.01731	0.00955	0.00697	0.00214	0.00737	0.00824	0.00505	0.23206
2	0.21300	0.01523	0.01662	0.01377	0.01861	0.04806	0.04029	0.05929	0.12048	0.13786	0.01936	0.02066	0.01467	0.01455	0.10022	0.00351	0.00872	0.00639	0.00590	0.12279
3	0.01432	0.01348	0.02275	0.71520	0.05224	0.01685	0.02107	0.01938	0.01517	0.01938	0.01348	0.02022	0.01011	0.00758	0.00758	0.00253	0.01011	0.00674	0.00337	0.00843
4	0.42790	0.01449	0.01355	0.01149	0.01605	0.01587	0.00935	0.14773	0.01940	0.08694	0.09326	0.02446	0.07281	0.00958	0.00632	0.00236	0.00598	0.00697	0.00623	0.00924
5	0.01565	0.01143	0.01319	0.01232	0.01505	0.01159	0.00932	0.19968	0.02115	0.02862	0.03536	0.36048	0.08834	0.01720	0.00859	0.00264	0.00564	0.04414	0.04868	0.05093
6	0.56570	0.01415	0.01305	0.01101	0.01605	0.01529	0.00908	0.02661	0.01550	0.22723	0.01625	0.01629	0.01132	0.00773	0.00556	0.00235	0.00604	0.00514	0.00607	0.00959
7	0.02028	0.73799	0.03975	0.01298	0.01947	0.03001	0.01298	0.02271	0.01541	0.01785	0.01055	0.01217	0.00973	0.00649	0.00487	0.00162	0.00811	0.00406	0.00324	0.00973
8	0.78701	0.01467	0.01115	0.00997	0.01467	0.01702	0.00821	0.02230	0.01291	0.03403	0.01056	0.01232	0.00821	0.00704	0.00469	0.00235	0.00587	0.00411	0.00469	0.00821
9	0.12156	0.01753	0.02961	0.10248	0.43287	0.01796	0.12230	0.02294	0.01659	0.02544	0.01387	0.01831	0.01124	0.00682	0.00737	0.00234	0.00929	0.00675	0.00386	0.01088
10	0.02599	0.01461	0.01741	0.01351	0.01916	0.01377	0.01100	0.17405	0.06205	0.31214	0.02889	0.02704	0.08263	0.00965	0.00738	0.00214	0.00644	0.00775	0.00772	0.15669
11	0.05918	0.12990	0.02158	0.01412	0.01930	0.01703	0.04178	0.18844	0.02335	0.20675	0.12573	0.02895	0.07101	0.01025	0.00740	0.00224	0.00685	0.00829	0.00714	0.01070
12	0.06410	0.14387	0.08781	0.01511	0.02012	0.08538	0.03703	0.13874	0.04511	0.05675	0.06669	0.13508	0.05066	0.01137	0.00738	0.00232	0.00783	0.00926	0.00576	0.00964

[dist]
# distance from previous block
# <min> <max>
8	31

[block]
# block no. 7 follows, 26 sequences, length 66
# corresponding to MSA columns:
# 499-564
name=unknown_H
#
# <colnr> <probs for GDERKNQSTAVLIFYWHMCP>
#	G	D	E	R	K	N	Q	S	T	A	V	L	I	F	Y	W	H	M	C	P
0	0.05475	0.01936	0.01707	0.01485	0.01900	0.17936	0.01149	0.14640	0.12013	0.08613	0.04592	0.12451	0.05349	0.01146	0.00758	0.00231	0.00788	0.00919	0.00647	0.06264
1	0.17027	0.01966	0.01740	0.01452	0.01909	0.14897	0.01156	0.24679	0.02463	0.05854	0.14562	0.02392	0.02303	0.00961	0.00709	0.00221	0.00781	0.00723	0.00644	0.03561
2	0.01496	0.01414	0.02391	0.61894	0.14349	0.01702	0.02138	0.01994	0.01547	0.02016	0.01359	0.02001	0.01039	0.00746	0.00757	0.00249	0.00995	0.00674	0.00343	0.00894
3	0.01432	0.01348	0.02275	0.71520	0.05224	0.01685	0.02107	0.01938	0.01517	0.01938	0.01348	0.02022	0.01011	0.00758	0.00758	0.00253	0.01011	0.00674	0.00337	0.00843
4	0.01432	0.01348	0.02275	0.71520	0.05224	0.01685	0.02107	0.01938	0.01517	0.01938	0.01348	0.02022	0.01011	0.00758	0.00758	0.00253	0.01011	0.00674	0.00337	0.00843
5	0.01521	0.03923	0.69413	0.02162	0.03283	0.01762	0.02802	0.02402	0.01601	0.02402	0.01361	0.01601	0.00961	0.00721	0.00721	0.00240	0.01121	0.00560	0.00320	0.01121
6	0.01573	0.01348	0.01573	0.01123	0.01798	0.01011	0.00899	0.01910	0.01573	0.02472	0.01348	0.01573	0.01123	0.00562	0.00562	0.00112	0.00562	0.00449	0.00449	0.77980
7	0.01432	0.01348	0.02275	0.71520	0.05224	0.01685	0.02107	0.01938	0.01517	0.01938	0.01348	0.02022	0.01011	0.00758	0.00758	0.00253	0.01011	0.00674	0.00337	0.00843
8	0.01432	0.01348	0.02275	0.71520	0.05224	0.01685	0.02107	0.01938	0.01517	0.01938	0.01348	0.02022	0.01011	0.00758	0.00758	0.00253	0.01011	0.00674	0.00337	0.00843
9	0.01659	0.01659	0.02323	0.01991	0.01991	0.02323	0.01659	0.01825	0.01162	0.01825	0.00996	0.01659	0.00996	0.01328	0.02489	0.00332	0.71955	0.00664	0.00332	0.00830
10	0.01887	0.01629	0.01715	0.01544	0.01972	0.01887	0.01201	0.04031	0.67241	0.03173	0.03087	0.02830	0.02315	0.01029	0.00772	0.00257	0.00600	0.00858	0.00772	0.01201
11	0.00924	0.00660	0.00880	0.01056	0.01100	0.00616	0.00704	0.01056	0.01452	0.01936	0.04181	0.72848	0.05017	0.02376	0.00968	0.00308	0.00440	0.02156	0.00704	0.00616
12	0.01778	0.02009	0.04270	0.03082	0.03775	0.01957	0.59711	0.02372	0.01730	0.02372	0.01483	0.02009	0.01136	0.00705	0.01048	0.00263	0.08045	0.00873	0.00379	0.01005
13	0.02833	0.03615	0.02149	0.01954	0.02345	0.70298	0.01466	0.03029	0.02149	0.01856	0.01172	0.01368	0.00977	0.00782	0.00684	0.00195	0.01368	0.00489	0.00391	0.00879
14	0.78701	0.01467	0.01115	0.00997	0.01467	0.01702	0.00821	0.02230	0.01291	0.03403	0.01056	0.01232	0.00821	0.00704	0.00469	0.00235	0.00587	0.00411	0.00469	0.00821
15	0.00928	0.00770	0.00812	0.00801	0.01044	0.00654	0.00601	0.01149	0.01803	0.02225	0.18415	0.07010	0.57463	0.01855	0.00896	0.00253	0.00380	0.01560	0.00728	0.00654
16	0.02028	0.73799	0.03975	0.01298	0.01947	0.03001	0.01298	0.02271	0.01541	0.01785	0.01055	0.01217	0.00973	0.00649	0.00487	0.00162	0.00811	0.00406	0.00324	0.00973
17	0.01084	0.00813	0.01219	0.01219	0.01354	0.00948	0.00948	0.01354	0.01219	0.01761	0.02032	0.02980	0.01896	0.05689	0.70337	0.01219	0.02032	0.00813	0.00406	0.00677
18	0.02836	0.03531	0.02157	0.01942	0.02345	0.66446	0.01464	0.06604	0.02230	0.02022	0.01209	0.01394	0.00995	0.00789	0.00688	0.00197	0.01338	0.00500	0.00412	0.00903
19	0.01181	0.00843	0.01175	0.01350	0.01506	0.00837	0.01150	0.01500	0.01705	0.02224	0.04039	0.17481	0.04456	0.02134	0.01037	0.00344	0.00663	0.54990	0.00699	0.00687
20	0.01008	0.00726	0.00971	0.01128	0.01222	0.00689	0.00835	0.01210	0.01573	0.02077	0.07064	0.49867	0.07966	0.02245	0.00983	0.00313	0.00502	0.18269	0.00708	0.00643
21	0.01877	0.01802	0.03079	0.04656	0.68612	0.01802	0.02328	0.02328	0.01727	0.02478	0.01427	0.01877	0.01201	0.00676	0.00751	0.00225	0.00901	0.00676	0.00375	0.01201
22	0.01432	0.01348	0.02275	0.71520	0.05224	0.01685	0.02107	0.01938	0.01517	0.01938	0.01348	0.02022	0.01011	0.00758	0.00758	0.00253	0.01011	0.00674	0.00337	0.00843
23	0.01138	0.00813	0.01126	0.01301	0.01438	0.00801	0.01076	0.01426	0.01663	0.02176	0.04062	0.26700	0.04549	0.02175	0.01025	0.00338	0.00626	0.46193	0.00700	0.00675
24	0.01877	0.01802	0.03079	0.04656	0.68612	0.01802	0.02328	0.02328	0.01727	0.02478	0.01427	0.01877	0.01201	0.00676	0.00751	0.00225	0.00901	0.00676	0.00375	0.01201
25	0.01790	0.02046	0.04476	0.03197	0.03964	0.01918	0.65857	0.02430	0.01790	0.02430	0.01535	0.02046	0.01151	0.00639	0.00895	0.00256	0.01279	0.00895	0.00384	0.01023
26	0.00945	0.00774	0.00826	0.00837	0.01059	0.00680	0.00626	0.01134	0.01646	0.01995	0.06675	0.06933	0.54856	0.08517	0.04965	0.00357	0.00525	0.05352	0.00666	0.00630
27	0.01521	0.03923	0.69413	0.02162	0.03283	0.01762	0.02802	0.02402	0.01601	0.02402	0.01361	0.01601	0.00961	0.00721	0.00721	0.00240	0.01121	0.00560	0.00320	0.01121
28	0.01692	0.02220	0.13575	0.02900	0.03668	0.01805	0.52266	0.02331	0.01740	0.02392	0.01693	0.06887	0.01391	0.00771	0.00875	0.00257	0.01198	0.00934	0.00397	0.01009
29	0.01521	0.03923	0.69413	0.02162	0.03283	0.01762	0.02802	0.02402	0.01601	0.02402	0.01361	0.01601	0.00961	0.00721	0.00721	0.00240	0.01121	0.00560	0.00320	0.01121
30	0.01794	0.01717	0.02928	0.17162	0.56755	0.01780	0.02286	0.02255	0.01688	0.02377	0.01412	0.01904	0.01166	0.00691	0.00752	0.00230	0.00922	0.00676	0.00368	0.01134
31	0.01884	0.53970	0.22545	0.01543	0.02326	0.02649	0.01725	0.02308	0.01558	0.01960	0.01142	0.01326	0.00970	0.00669	0.00553	0.00184	0.00899	0.00450	0.00323	0.01015
32	0.01041	0.00774	0.00968	0.00920	0.01113	0.00702	0.00690	0.01368	0.02069	0.02857	0.56946	0.05970	0.18538	0.01620	0.00895	0.00242	0.00363	0.01414	0.00811	0.00702
33	0.00924	0.00660	0.00880	0.01056	0.01100	0.00616	0.00704	0.01056	0.01452	0.01936	0.04181	0.72848	0.05017	0.02376	0.00968	0.00308	0.00440	0.02156	0.00704	0.00616
34	0.01008	0.00721	0.00974	0.01137	0.01221	0.00687	0.00836	0.01208	0.01566	0.02083	0.07769	0.52752	0.04973	0.02258	0.00984	0.00315	0.00501	0.17654	0.00710	0.00643
35	0.01730	0.02010	0.07947	0.02797	0.03494	0.01794	0.50374	0.04555	0.04782	0.02494	0.01865	0.09020	0.01578	0.00843	0.00881	0.00259	0.01140	0.00990	0.00442	0.01006
36	0.78701	0.01467	0.01115	0.00997	0.01467	0.01702	0.00821	0.02230	0.01291	0.03403	0.01056	0.01232	0.00821	0.00704	0.00469	0.00235	0.00587	0.00411	0.00469	0.00821
37	0.00943	0.00673	0.00901	0.01077	0.01129	0.00632	0.00736	0.01088	0.01470	0.01957	0.04170	0.68861	0.04976	0.02359	0.00973	0.00311	0.00456	0.05961	0.00704	0.00621
38	0.04782	0.08501	0.10645	0.01880	0.06430	0.06181	0.05337	0.11073	0.16284	0.18006	0.02131	0.02102	0.01529	0.00851	0.00727	0.00231	0.00831	0.00690	0.00631	0.01159
39	0.03371	0.01343	0.01792	0.01374	0.01962	0.01192	0.01135	0.07565	0.02257	0.65146	0.02920	0.02535	0.01841	0.00937	0.00763	0.00234	0.00657	0.00758	0.00928	0.01291
40	0.01046	0.00769	0.00980	0.00938	0.01119	0.00702	0.00699	0.01374	0.02066	0.02875	0.58239	0.09102	0.13998	0.01633	0.00898	0.00244	0.00365	0.01436	0.00814	0.00702
41	0.01771	0.28458	0.42745	0.01847	0.02762	0.05942	0.02201	0.02390	0.01610	0.02155	0.01243	0.01453	0.00966	0.00699	0.00636	0.00210	0.01026	0.00502	0.00326	0.01056
42	0.01763	0.01944	0.09381	0.15536	0.47722	0.01786	0.06276	0.02276	0.01684	0.02377	0.01414	0.01886	0.01143	0.00692	0.00758	0.00233	0.00964	0.00678	0.00364	0.01123
43	0.03330	0.01307	0.01758	0.01359	0.01938	0.01152	0.01119	0.03713	0.05320	0.65945	0.02997	0.02594	0.01899	0.00943	0.00763	0.00236	0.00643	0.00767	0.00931	0.01286
44	0.01432	0.01348	0.02275	0.71520	0.05224	0.01685	0.02107	0.01938	0.01517	0.01938	0.01348	0.02022	0.01011	0.00758	0.00758	0.00253	0.01011	0.00674	0.00337	0.00843
45	0.01680	0.25837	0.48891	0.01891	0.02864	0.02150	0.02331	0.02361	0.01583	0.02208	0.01265	0.01481	0.00965	0.00698	0.00647	0.00216	0.01024	0.00512	0.00322	0.01075
46	0.01318	0.00659	0.00988	0.00988	0.00988	0.00659	0.00659	0.00988	0.00988	0.01318	0.01318	0.02306	0.01318	0.02635	0.02964	0.77931	0.00659	0.00659	0.00329	0.00329
47	0.01084	0.00813	0.01219	0.01219	0.01354	0.00948	0.00948	0.01354	0.01219	0.01761	0.02032	0.02980	0.01896	0.05689	0.70337	0.01219	0.02032	0.00813	0.00406	0.00677
48	0.01033	0.00790	0.01036	0.01155	0.01216	0.00816	0.00805	0.01278	0.05025	0.01995	0.03877	0.63562	0.04561	0.02222	0.01074	0.00307	0.05934	0.01971	0.00679	0.00664
49	0.01865	0.01837	0.03280	0.04446	0.59305	0.01819	0.11474	0.02343	0.01736	0.02471	0.01442	0.01902	0.01194	0.00671	0.00772	0.00230	0.00955	0.00707	0.00377	0.01176
50	0.01790	0.02046	0.04476	0.03197	0.03964	0.01918	0.65857	0.02430	0.01790	0.02430	0.01535	0.02046	0.01151	0.00639	0.00895	0.00256	0.01279	0.00895	0.00384	0.01023
51	0.00940	0.00734	0.00853	0.00900	0.01071	0.00647	0.00646	0.01145	0.01718	0.02205	0.18329	0.28774	0.35331	0.02000	0.00920	0.00270	0.00398	0.01741	0.00730	0.00647
52	0.02870	0.01675	0.01883	0.01486	0.02028	0.04719	0.01211	0.26897	0.05785	0.32158	0.05590	0.02645	0.05498	0.01006	0.00771	0.00233	0.00720	0.00797	0.00821	0.01207
53	0.02719	0.01974	0.08229	0.01504	0.02053	0.14131	0.01303	0.08583	0.02203	0.34816	0.07769	0.02757	0.06528	0.01001	0.00763	0.00229	0.00802	0.00790	0.00737	0.01109
54	0.01323	0.01037	0.01229	0.01135	0.01391	0.01075	0.00864	0.02229	0.22112	0.03082	0.48237	0.04796	0.05672	0.01391	0.00857	0.00244	0.00432	0.01214	0.00816	0.00864
55	0.01796	0.02020	0.04305	0.03094	0.03841	0.01916	0.61848	0.02529	0.05849	0.02476	0.01631	0.02095	0.01223	0.00664	0.00887	0.00256	0.01237	0.00893	0.00408	0.01034
56	0.01593	0.13745	0.60215	0.02040	0.03095	0.01936	0.02591	0.02384	0.01593	0.02315	0.01318	0.01547	0.00963	0.00711	0.00688	0.00229	0.01077	0.00539	0.00321	0.01100
57	0.01833	0.01757	0.02999	0.11297	0.62316	0.01791	0.02306	0.02289	0.01706	0.02424	0.01419	0.01892	0.01183	0.00684	0.00752	0.00228	0.00912	0.00676	0.00372	0.01166
58	0.01045	0.00809	0.00979	0.01068	0.01275	0.00744	0.00874	0.01304	0.01721	0.02142	0.05835	0.11581	0.35943	0.02025	0.00969	0.00301	0.00529	0.29490	0.00702	0.00665
59	0.01777	0.01700	0.02897	0.19776	0.54277	0.01776	0.02278	0.02240	0.01680	0.02356	0.01409	0.01910	0.01158	0.00694	0.00753	0.00231	0.00926	0.00675	0.00367	0.01120
60	0.01260	0.01072	0.01558	0.01456	0.01550	0.01370	0.01166	0.01499	0.01201	0.01781	0.01714	0.02575	0.01620	0.04351	0.49528	0.00947	0.23478	0.00767	0.00384	0.00724
61	0.01169	0.00726	0.00971	0.01079	0.01182	0.00669	0.00744	0.01327	0.01555	0.08423	0.07165	0.62870	0.04820	0.02199	0.00945	0.00298	0.00456	0.01985	0.00733	0.00686
62	0.78701	0.01467	0.01115	0.00997	0.01467	0.01702	0.00821	0.02230	0.01291	0.03403	0.01056	0.01232	0.00821	0.00704	0.00469	0.00235	0.00587	0.00411	0.00469	0.00821
63	0.01506	0.01472	0.02353	0.65942	0.05052	0.04650	0.04487	0.02004	0.01554	0.01953	0.01348	0.01995	0.01015	0.00755	0.00760	0.00250	0.01037	0.00674	0.00341	0.00851
64	0.01327	0.00972	0.01301	0.01386	0.01626	0.00949	0.01201	0.04353	0.01807	0.02396	0.03667	0.07601	0.03924	0.01898	0.00989	0.00321	0.00691	0.54799	0.00677	0.08114
65	0.78701	0.01467	0.01115	0.00997	0.01467	0.01702	0.00821	0.02230	0.01291	0.03403	0.01056	0.01232	0.00821	0.00704	0.00469	0.00235	0.00587	0.00411	0.00469	0.00821

[dist]
# distance from previous block
# <min> <max>
1	3

[block]
# block no. 8 follows, 26 sequences, length 36
# corresponding to MSA columns:
# 568-574,576-604
name=unknown_I
#
# <colnr> <probs for GDERKNQSTAVLIFYWHMCP>
#	G	D	E	R	K	N	Q	S	T	A	V	L	I	F	Y	W	H	M	C	P
0	0.01328	0.01084	0.01207	0.01171	0.01403	0.05236	0.00926	0.04320	0.06256	0.02785	0.37320	0.05858	0.10853	0.01599	0.00903	0.00263	0.00536	0.15423	0.00758	0.00770
1	0.01521	0.03923	0.69413	0.02162	0.03283	0.01762	0.02802	0.02402	0.01601	0.02402	0.01361	0.01601	0.00961	0.00721	0.00721	0.00240	0.01121	0.00560	0.00320	0.01121
2	0.01732	0.01796	0.03313	0.02414	0.03082	0.01690	0.38674	0.02392	0.07425	0.02472	0.01588	0.01963	0.01236	0.00692	0.00884	0.00221	0.05083	0.00756	0.00433	0.22155
3	0.01318	0.00659	0.00988	0.00988	0.00988	0.00659	0.00659	0.00988	0.00988	0.01318	0.01318	0.02306	0.01318	0.02635	0.02964	0.77931	0.00659	0.00659	0.00329	0.00329
4	0.02427	0.02028	0.02011	0.01672	0.02179	0.07993	0.01334	0.32520	0.32312	0.03800	0.02339	0.02239	0.01728	0.00953	0.00758	0.00238	0.00774	0.00745	0.00733	0.01214
5	0.01565	0.09931	0.63787	0.02088	0.03168	0.01868	0.02673	0.02391	0.01596	0.02349	0.01335	0.01568	0.00962	0.00714	0.00701	0.00234	0.01094	0.00547	0.00321	0.01108
6	0.02782	0.01245	0.01621	0.01305	0.01798	0.01148	0.01055	0.03337	0.10977	0.48402	0.14652	0.03166	0.02880	0.01060	0.00788	0.00238	0.00588	0.00884	0.00898	0.01176
7	0.01759	0.01954	0.03961	0.02909	0.03492	0.02015	0.50501	0.02285	0.01640	0.02285	0.01406	0.01954	0.01114	0.00804	0.01276	0.00274	0.18184	0.00840	0.00371	0.00977
8	0.01752	0.02311	0.13625	0.03051	0.03868	0.01896	0.56973	0.02426	0.01764	0.02426	0.01510	0.01983	0.01124	0.00651	0.00871	0.00254	0.01257	0.00848	0.00375	0.01037
9	0.01521	0.03923	0.69413	0.02162	0.03283	0.01762	0.02802	0.02402	0.01601	0.02402	0.01361	0.01601	0.00961	0.00721	0.00721	0.00240	0.01121	0.00560	0.00320	0.01121
