[name]
unknown

[dist]
# distance from previous block
# <min> <max>
6	71

[block]
# block no. 0 follows, 31 sequences, length 7
# corresponding to MSA columns:
# 98-104
name=unknown_A
#
# <colnr> <probs for GDERKNQSTAVLIFYWHMCP>
#	G	D	E	R	K	N	Q	S	T	A	V	L	I	F	Y	W	H	M	C	P
0	0.06280	0.10007	0.07802	0.14674	0.24098	0.08402	0.01645	0.08039	0.01638	0.02217	0.01443	0.08048	0.01286	0.00787	0.00648	0.00207	0.00818	0.00663	0.00387	0.00914
1	0.00983	0.00730	0.00936	0.01044	0.01150	0.00726	0.00761	0.01348	0.09010	0.01990	0.08542	0.51361	0.04301	0.01914	0.00861	0.00274	0.00445	0.12341	0.00650	0.00632
2	0.01547	0.02276	0.23197	0.14737	0.02883	0.09207	0.09228	0.01991	0.01377	0.01881	0.01122	0.01549	0.00905	0.00825	0.01170	0.00242	0.24125	0.00579	0.00308	0.00852
3	0.07135	0.10738	0.14454	0.06205	0.10356	0.10115	0.11040	0.10714	0.03438	0.02378	0.01400	0.04335	0.01142	0.00724	0.00643	0.00204	0.00877	0.00611	0.02561	0.00927
4	0.01185	0.00991	0.01383	0.01464	0.09487	0.01088	0.03338	0.01396	0.01341	0.01912	0.05488	0.12067	0.15781	0.09847	0.03863	0.00316	0.16174	0.01014	0.11190	0.00676
5	0.01059	0.09108	0.01151	0.00850	0.01137	0.00907	0.00669	0.04226	0.01587	0.01985	0.07757	0.14106	0.43816	0.01508	0.00747	0.00216	0.00425	0.01262	0.00586	0.06898
6	0.10262	0.01475	0.01974	0.19176	0.22139	0.06107	0.01544	0.02047	0.08166	0.02158	0.03914	0.06319	0.01467	0.00857	0.00848	0.00227	0.09360	0.00690	0.00404	0.00865

[dist]
# distance from previous block
# <min> <max>
0	1

[block]
# block no. 1 follows, 31 sequences, length 12
# corresponding to MSA columns:
# 106-117
name=unknown_B
#
# <colnr> <probs for GDERKNQSTAVLIFYWHMCP>
#	G	D	E	R	K	N	Q	S	T	A	V	L	I	F	Y	W	H	M	C	P
0	0.01459	0.10243	0.02285	0.18633	0.30447	0.01499	0.03205	0.01810	0.01495	0.02049	0.07264	0.05681	0.03947	0.00844	0.00711	0.01933	0.00730	0.00728	0.04170	0.00868
1	0.01494	0.01567	0.02960	0.08462	0.14067	0.03677	0.35813	0.01943	0.01544	0.02095	0.05747	0.06383	0.01610	0.01089	0.06159	0.00292	0.03018	0.00830	0.00384	0.00865
2	0.01673	0.08810	0.07690	0.15870	0.08244	0.15910	0.11245	0.04163	0.01623	0.01989	0.05176	0.04014	0.05464	0.00821	0.00756	0.00211	0.04431	0.00690	0.00384	0.00836
3	0.01690	0.05223	0.06203	0.06772	0.26853	0.07527	0.01514	0.04559	0.12419	0.04330	0.06806	0.02225	0.01719	0.05323	0.00835	0.00233	0.00747	0.00677	0.03405	0.00941
4	0.01485	0.01486	0.05610	0.05486	0.47787	0.01396	0.01755	0.01922	0.04106	0.02184	0.04522	0.07831	0.07263	0.00902	0.00716	0.00218	0.00724	0.03230	0.00419	0.00959
5	0.00831	0.00658	0.00748	0.00802	0.00957	0.00575	0.00572	0.00996	0.01498	0.01884	0.10999	0.31741	0.41610	0.01856	0.00832	0.00247	0.00363	0.01611	0.00645	0.00575
6	0.01700	0.01676	0.05517	0.09965	0.12429	0.11465	0.12295	0.02152	0.05112	0.08419	0.10184	0.04639	0.01933	0.01066	0.04471	0.00262	0.03403	0.00755	0.01684	0.00872
7	0.01615	0.05338	0.11443	0.09648	0.37565	0.01634	0.01845	0.05208	0.09833	0.02323	0.03744	0.01991	0.03363	0.00725	0.00673	0.00209	0.00780	0.00648	0.00406	0.01010
8	0.01031	0.00732	0.00953	0.01013	0.01104	0.00745	0.00712	0.06557	0.01385	0.01871	0.03014	0.48111	0.03445	0.07375	0.14079	0.04522	0.00710	0.01489	0.00559	0.00593
9	0.01491	0.01386	0.02336	0.10029	0.47688	0.01416	0.04085	0.01841	0.01445	0.02032	0.01550	0.06515	0.01447	0.08214	0.05332	0.00309	0.00856	0.00742	0.00363	0.00923
10	0.04246	0.07914	0.08930	0.04380	0.18750	0.15708	0.08906	0.02361	0.07672	0.05637	0.04805	0.01839	0.01389	0.00714	0.00651	0.00200	0.00861	0.00611	0.03495	0.00932
11	0.01619	0.04454	0.06513	0.06754	0.42012	0.08172	0.03931	0.01990	0.01539	0.02082	0.01581	0.10513	0.01471	0.00813	0.00682	0.00209	0.00809	0.00746	0.03167	0.00944

[dist]
# distance from previous block
# <min> <max>
13	86

[block]
# block no. 2 follows, 31 sequences, length 41
# corresponding to MSA columns:
# 220-228,230-261
name=unknown_C
#
# <colnr> <probs for GDERKNQSTAVLIFYWHMCP>
#	G	D	E	R	K	N	Q	S	T	A	V	L	I	F	Y	W	H	M	C	P
0	0.15264	0.01428	0.08798	0.01256	0.03397	0.01203	0.01087	0.07986	0.04605	0.16461	0.09262	0.02829	0.06944	0.00938	0.00655	0.00208	0.00588	0.05560	0.00587	0.10945
1	0.07515	0.03820	0.03575	0.02509	0.32333	0.09712	0.01450	0.03477	0.03145	0.05911	0.03055	0.03905	0.02894	0.10788	0.01035	0.00267	0.00770	0.02521	0.00425	0.00892
2	0.02385	0.15996	0.02262	0.01537	0.04014	0.07757	0.01251	0.36663	0.08968	0.10023	0.01666	0.01661	0.01224	0.00774	0.00634	0.00195	0.00752	0.00576	0.00591	0.01070
3	0.00861	0.00671	0.00722	0.00746	0.00888	0.00597	0.00510	0.00981	0.01375	0.01697	0.05214	0.16333	0.43457	0.21136	0.01515	0.00351	0.00437	0.01402	0.00578	0.00532
4	0.01561	0.00904	0.01139	0.01007	0.01286	0.00855	0.00779	0.02048	0.10286	0.19817	0.38683	0.07429	0.08874	0.01260	0.00767	0.00220	0.00419	0.01090	0.00756	0.00819
5	0.01887	0.33166	0.23605	0.01584	0.02277	0.07350	0.05152	0.10012	0.01698	0.05616	0.01230	0.01374	0.00957	0.00653	0.00575	0.00184	0.00868	0.00481	0.00372	0.00961
6	0.01543	0.17976	0.36616	0.02085	0.02908	0.01863	0.23357	0.02150	0.01487	0.02060	0.01220	0.01500	0.00923	0.00613	0.00656	0.00207	0.00999	0.00572	0.00308	0.00956
7	0.00939	0.00709	0.00874	0.00864	0.01046	0.00644	0.00669	0.01217	0.01777	0.02387	0.43307	0.05892	0.25288	0.01563	0.00826	0.00233	0.00371	0.10068	0.00702	0.00623
8	0.01629	0.01533	0.02459	0.15160	0.49406	0.01621	0.01902	0.02292	0.12738	0.02258	0.01519	0.01854	0.01219	0.00674	0.00681	0.00212	0.00785	0.00636	0.00391	0.01031
9	0.01695	0.04304	0.30475	0.04580	0.12601	0.01595	0.21901	0.02284	0.01566	0.10270	0.01445	0.01702	0.01045	0.00645	0.00700	0.00217	0.00966	0.00630	0.00378	0.01002
10	0.01926	0.00974	0.01241	0.01047	0.01397	0.00896	0.00829	0.02364	0.08599	0.32545	0.27611	0.03833	0.11507	0.01154	0.00745	0.00217	0.00459	0.00979	0.00774	0.00904
11	0.03070	0.01164	0.01588	0.01217	0.01746	0.01006	0.01006	0.03334	0.01958	0.72163	0.02699	0.02329	0.01694	0.00847	0.00688	0.00212	0.00582	0.00688	0.00847	0.01164
12	0.01450	0.03020	0.52040	0.02329	0.08415	0.01623	0.17105	0.02167	0.01491	0.02177	0.01267	0.01552	0.00921	0.00631	0.00687	0.00219	0.01027	0.00580	0.00305	0.00997
13	0.01903	0.07292	0.05907	0.01799	0.02279	0.05811	0.16160	0.24289	0.05976	0.02761	0.01798	0.07092	0.03051	0.00919	0.00862	0.00225	0.07972	0.02455	0.00501	0.00947
14	0.02679	0.01166	0.01498	0.01176	0.01636	0.01074	0.00954	0.10650	0.02017	0.52331	0.05826	0.02506	0.01905	0.04585	0.00816	0.00230	0.00574	0.00718	0.06596	0.01063
15	0.01191	0.04813	0.06920	0.01289	0.01568	0.04546	0.06797	0.01571	0.04482	0.02168	0.21030	0.23392	0.03904	0.01457	0.00803	0.00245	0.00591	0.11938	0.00586	0.00708
16	0.01777	0.01946	0.04492	0.02091	0.07604	0.18399	0.22577	0.09833	0.01799	0.02213	0.01928	0.11589	0.04899	0.01127	0.04328	0.00262	0.00992	0.00851	0.00437	0.00855
17	0.01594	0.06659	0.08246	0.02244	0.02817	0.10095	0.40753	0.02045	0.01591	0.02024	0.01871	0.09847	0.05295	0.00830	0.00757	0.00223	0.01000	0.00871	0.00386	0.00852
18	0.02148	0.02028	0.01884	0.01592	0.02028	0.18498	0.04048	0.21711	0.32840	0.02961	0.02005	0.01962	0.01505	0.00832	0.00679	0.00212	0.00787	0.00653	0.00598	0.01031
19	0.60646	0.01585	0.01258	0.08207	0.01780	0.11094	0.00946	0.03765	0.01339	0.02786	0.01010	0.01211	0.00787	0.00654	0.00481	0.00208	0.00666	0.00409	0.00409	0.00760
20	0.00994	0.00679	0.00825	0.00855	0.00888	0.00688	0.00553	0.01063	0.01095	0.01466	0.02411	0.09891	0.02728	0.55088	0.09817	0.00638	0.00754	0.08646	0.00451	0.00469
21	0.01115	0.00898	0.00978	0.00914	0.01107	0.05974	0.00688	0.01407	0.01890	0.04223	0.56391	0.04945	0.14127	0.01377	0.00790	0.00214	0.00399	0.01192	0.00711	0.00660
22	0.00980	0.00721	0.01037	0.01037	0.01137	0.00821	0.00777	0.01181	0.01081	0.01542	0.01890	0.03006	0.01849	0.17738	0.60827	0.01022	0.01624	0.00780	0.00375	0.00576
23	0.01452	0.23382	0.45121	0.01609	0.02404	0.01790	0.01935	0.02033	0.01486	0.02079	0.09220	0.01770	0.01513	0.00718	0.00610	0.00197	0.00854	0.00551	0.00343	0.00932
24	0.01457	0.02310	0.33600	0.10227	0.07744	0.01428	0.01860	0.01995	0.01423	0.04146	0.01247	0.01530	0.00952	0.00659	0.00736	0.00193	0.06193	0.00511	0.00341	0.21447
25	0.01852	0.01552	0.01896	0.01579	0.02025	0.01724	0.09000	0.11026	0.51871	0.05849	0.02487	0.02356	0.01844	0.00872	0.00707	0.00228	0.00638	0.00756	0.00661	0.01077
26	0.02524	0.01785	0.01947	0.01522	0.02043	0.01956	0.01254	0.57096	0.07804	0.09639	0.01876	0.01969	0.01366	0.00867	0.00694	0.00211	0.00720	0.02889	0.00697	0.01140
27	0.80789	0.01323	0.01006	0.00900	0.01323	0.01535	0.00741	0.02011	0.01164	0.03070	0.00953	0.01111	0.00741	0.00635	0.00423	0.00212	0.00529	0.00370	0.00423	0.00741
28	0.01221	0.00898	0.01132	0.01193	0.01370	0.00924	0.00953	0.09290	0.06726	0.02259	0.03386	0.31502	0.03696	0.01788	0.00870	0.00283	0.00552	0.30616	0.00643	0.00698
29	0.00977	0.00733	0.01100	0.01100	0.01222	0.00855	0.00855	0.01222	0.01100	0.01588	0.01833	0.02688	0.01710	0.05131	0.73245	0.01100	0.01833	0.00733	0.00367	0.00611
30	0.00977	0.00733	0.01100	0.01100	0.01222	0.00855	0.00855	0.01222	0.01100	0.01588	0.01833	0.02688	0.01710	0.05131	0.73245	0.01100	0.01833	0.00733	0.00367	0.00611
31	0.01951	0.59098	0.03205	0.01311	0.01826	0.16028	0.01214	0.02160	0.01478	0.01624	0.00969	0.01142	0.00880	0.00636	0.00555	0.00159	0.04214	0.00391	0.00304	0.00856
32	0.01356	0.01396	0.09825	0.04743	0.01958	0.01201	0.06980	0.09384	0.01496	0.02140	0.01566	0.02089	0.01333	0.02712	0.34217	0.00605	0.01280	0.00636	0.00396	0.14683
33	0.02052	0.05788	0.10841	0.02335	0.21061	0.25072	0.01626	0.05768	0.11188	0.05572	0.01479	0.01631	0.01152	0.00710	0.00647	0.00198	0.00920	0.00557	0.00425	0.00978
34	0.01826	0.01954	0.15070	0.01536	0.02074	0.01768	0.01402	0.17051	0.43388	0.03032	0.02252	0.02153	0.01665	0.00853	0.00685	0.00224	0.00674	0.00690	0.00617	0.01086
35	0.71622	0.01358	0.01211	0.01282	0.09479	0.01545	0.00898	0.02021	0.01210	0.02973	0.00991	0.01179	0.00781	0.00632	0.00453	0.00211	0.00562	0.00398	0.00414	0.00781
36	0.01012	0.00722	0.01046	0.01046	0.01172	0.00830	0.00811	0.01265	0.01138	0.01700	0.01879	0.02672	0.01715	0.04629	0.64811	0.00991	0.01657	0.00722	0.09568	0.00614
37	0.00979	0.00725	0.01059	0.01059	0.01167	0.00833	0.00804	0.01195	0.01087	0.01558	0.01870	0.02895	0.01800	0.13340	0.65160	0.01049	0.01697	0.00763	0.00372	0.00588
38	0.00977	0.00733	0.01100	0.01100	0.01222	0.00855	0.00855	0.01222	0.01100	0.01588	0.01833	0.02688	0.01710	0.05131	0.73245	0.01100	0.01833	0.00733	0.00367	0.00611
39	0.02063	0.19093	0.02070	0.01428	0.01809	0.43721	0.01136	0.02248	0.01744	0.01693	0.02146	0.02216	0.14234	0.00873	0.00613	0.00180	0.00954	0.00614	0.00393	0.00771
40	0.02546	0.01312	0.01622	0.01235	0.01780	0.01196	0.01011	0.13761	0.04963	0.41675	0.02181	0.02012	0.01464	0.00766	0.00645	0.00186	0.00591	0.00613	0.00710	0.19730

[dist]
# distance from previous block
# <min> <max>
0	14

[block]
# block no. 3 follows, 31 sequences, length 35
# corresponding to MSA columns:
# 276-310
name=unknown_D
#
# <colnr> <probs for GDERKNQSTAVLIFYWHMCP>
#	G	D	E	R	K	N	Q	S	T	A	V	L	I	F	Y	W	H	M	C	P
0	0.01549	0.10086	0.42485	0.05235	0.07990	0.05057	0.02004	0.04067	0.01550	0.04851	0.01760	0.01922	0.07037	0.00751	0.00647	0.00208	0.00892	0.00593	0.00360	0.00954
1	0.01193	0.00994	0.01616	0.01422	0.01659	0.01031	0.12985	0.07114	0.01448	0.01989	0.02351	0.23154	0.02422	0.02991	0.31073	0.00608	0.01170	0.03605	0.00476	0.00698
2	0.60644	0.01364	0.01344	0.09722	0.08786	0.01565	0.01032	0.04630	0.01308	0.02882	0.01043	0.01273	0.00811	0.00645	0.00489	0.00212	0.00610	0.00431	0.00411	0.00794
3	0.00852	0.00608	0.00815	0.00974	0.01021	0.00572	0.00667	0.00984	0.01328	0.01767	0.03761	0.70883	0.04485	0.02126	0.00878	0.00280	0.00413	0.06391	0.00635	0.00561
4	0.01022	0.00799	0.01186	0.01160	0.01271	0.00963	0.00911	0.01258	0.01095	0.01593	0.01752	0.02585	0.01640	0.04790	0.67097	0.01030	0.08143	0.00721	0.00361	0.00623
5	0.00977	0.00733	0.01100	0.01100	0.01222	0.00855	0.00855	0.01222	0.01100	0.01588	0.01833	0.02688	0.01710	0.05131	0.73245	0.01100	0.01833	0.00733	0.00367	0.00611
6	0.01748	0.50797	0.06108	0.01321	0.01792	0.08389	0.01251	0.01984	0.01371	0.01642	0.01054	0.01328	0.00962	0.01119	0.07873	0.00264	0.09415	0.00442	0.00306	0.00835
7	0.60281	0.01339	0.01162	0.01013	0.01427	0.01526	0.00826	0.02153	0.09162	0.02895	0.01185	0.01326	0.00929	0.00686	0.00557	0.00208	0.04375	0.00432	0.00447	0.08071
8	0.02282	0.11309	0.02223	0.01723	0.02101	0.48986	0.04820	0.04326	0.06809	0.01846	0.01191	0.01376	0.00985	0.00741	0.00737	0.00190	0.06651	0.00492	0.00375	0.00837
9	0.01824	0.01626	0.01718	0.04917	0.06952	0.07306	0.01218	0.11682	0.45135	0.02807	0.02371	0.05671	0.01864	0.00920	0.00695	0.00224	0.00652	0.00763	0.00621	0.01031
10	0.74179	0.01387	0.01089	0.04469	0.01515	0.04079	0.00817	0.02024	0.01202	0.02956	0.00969	0.01150	0.00754	0.00640	0.00443	0.00211	0.00573	0.00384	0.00415	0.00744
11	0.01555	0.01046	0.01173	0.06011	0.01539	0.01123	0.00858	0.02461	0.27182	0.09411	0.02992	0.02976	0.10382	0.00958	0.00635	0.00205	0.00472	0.00790	0.27374	0.00856
12	0.00977	0.00733	0.01100	0.01100	0.01222	0.00855	0.00855	0.01222	0.01100	0.01588	0.01833	0.02688	0.01710	0.05131	0.73245	0.01100	0.01833	0.00733	0.00367	0.00611
13	0.00953	0.00704	0.01025	0.01077	0.01182	0.00776	0.00822	0.01172	0.01190	0.01665	0.02454	0.20900	0.02582	0.04133	0.49590	0.00834	0.01382	0.06507	0.00454	0.00599
14	0.01436	0.01379	0.06377	0.03421	0.09543	0.05177	0.01233	0.09984	0.07210	0.02146	0.01728	0.02252	0.01482	0.03095	0.39575	0.00686	0.01369	0.00674	0.00422	0.00811
15	0.00979	0.00727	0.01071	0.01071	0.01183	0.00840	0.00820	0.01203	0.01091	0.01567	0.01859	0.02832	0.01773	0.10848	0.67614	0.01064	0.01738	0.00754	0.00370	0.00595
16	0.02095	0.41491	0.05519	0.01546	0.05073	0.22033	0.01320	0.10002	0.01762	0.01988	0.01086	0.01238	0.00921	0.00649	0.00535	0.00167	0.00887	0.00431	0.00356	0.00902
17	0.04669	0.13102	0.40496	0.02006	0.05262	0.01766	0.13356	0.02169	0.01462	0.04756	0.01249	0.01495	0.00933	0.00656	0.00704	0.00212	0.03870	0.00546	0.00328	0.00965
18	0.01863	0.12060	0.29275	0.04438	0.02488	0.01701	0.06271	0.09000	0.09043	0.13161	0.01634	0.01714	0.01171	0.00711	0.00645	0.00206	0.00828	0.00577	0.00464	0.02750
19	0.02049	0.01752	0.02048	0.02178	0.19467	0.05487	0.01424	0.25576	0.26775	0.03137	0.01932	0.01960	0.01460	0.00800	0.00683	0.00213	0.00717	0.00662	0.00585	0.01096
20	0.08463	0.08341	0.02667	0.02701	0.26906	0.21413	0.13382	0.02264	0.01610	0.02072	0.01173	0.01490	0.00969	0.00648	0.00690	0.00199	0.03187	0.00557	0.00346	0.00920
21	0.02182	0.01828	0.05050	0.01611	0.04885	0.03935	0.01291	0.40194	0.21090	0.03571	0.03921	0.01993	0.01556	0.00846	0.00682	0.00211	0.00700	0.00667	0.02695	0.01092
22	0.00967	0.00705	0.00997	0.01013	0.01102	0.00786	0.00743	0.01149	0.01099	0.01550	0.02090	0.10257	0.02148	0.19313	0.51826	0.00929	0.01452	0.00906	0.00403	0.00565
23	0.01488	0.08504	0.21554	0.02613	0.26074	0.01571	0.11832	0.01990	0.01565	0.02199	0.09544	0.02182	0.04374	0.00748	0.00689	0.00208	0.00835	0.00695	0.00382	0.00952
24	0.00993	0.00672	0.00793	0.00793	0.00809	0.00689	0.00473	0.01025	0.01009	0.01361	0.02113	0.04241	0.02385	0.66604	0.12694	0.00721	0.00818	0.00960	0.00408	0.00440
25	0.01381	0.01326	0.01873	0.01641	0.01668	0.01818	0.01353	0.01552	0.01059	0.01633	0.01107	0.01763	0.01079	0.02076	0.18103	0.00478	0.58428	0.00629	0.00314	0.00718
26	0.02633	0.01865	0.02021	0.01550	0.02096	0.02045	0.01280	0.64898	0.03131	0.08943	0.01715	0.01689	0.01200	0.00823	0.00685	0.00206	0.00741	0.00621	0.00695	0.01164
27	0.01722	0.01628	0.03125	0.05640	0.05593	0.01619	0.41833	0.08762	0.01703	0.07069	0.01521	0.01935	0.01163	0.01174	0.09174	0.00328	0.03931	0.00747	0.00412	0.00919
28	0.01416	0.00856	0.01100	0.00948	0.01240	0.00745	0.00732	0.01710	0.01822	0.15642	0.42679	0.07502	0.07064	0.01214	0.00744	0.00202	0.00403	0.01056	0.00710	0.12216
29	0.07169	0.13133	0.06238	0.01748	0.02284	0.05380	0.21569	0.05914	0.03637	0.08164	0.01892	0.02074	0.07173	0.00877	0.02527	0.00228	0.04162	0.00678	0.00439	0.04713
30	0.01439	0.01266	0.04867	0.05194	0.03572	0.01185	0.02992	0.11264	0.09138	0.04051	0.15945	0.10325	0.10885	0.01125	0.00768	0.00212	0.02801	0.00955	0.00585	0.11430
31	0.01838	0.08103	0.11878	0.01879	0.04930	0.06892	0.16987	0.13087	0.04725	0.05229	0.03480	0.01745	0.01249	0.00702	0.00708	0.00197	0.03088	0.00614	0.02148	0.10520
32	0.01936	0.07676	0.06593	0.04711	0.03446	0.04852	0.04894	0.11677	0.11137	0.13930	0.06002	0.02164	0.04079	0.00797	0.00652	0.00192	0.00687	0.00656	0.00555	0.13365
33	0.01951	0.06868	0.13665	0.01816	0.06843	0.15112	0.06702	0.15074	0.07439	0.05730	0.05372	0.02218	0.03548	0.00837	0.00682	0.00208	0.00855	0.03636	0.00491	0.00953
34	0.01711	0.12881	0.11125	0.01632	0.05474	0.17481	0.06759	0.06938	0.03445	0.02163	0.08349	0.08074	0.06974	0.00936	0.00669	0.00202	0.00810	0.00770	0.02769	0.00840

[dist]
# distance from previous block
# <min> <max>
10	192

[block]
# block no. 4 follows, 31 sequences, length 23
# corresponding to MSA columns:
# 524-546
name=unknown_E
#
# <colnr> <probs for GDERKNQSTAVLIFYWHMCP>
#	G	D	E	R	K	N	Q	S	T	A	V	L	I	F	Y	W	H	M	C	P
0	0.04949	0.12278	0.16635	0.06959	0.15291	0.06336	0.01670	0.11812	0.04289	0.06688	0.01392	0.01603	0.01071	0.00828	0.02686	0.00228	0.03338	0.00550	0.00417	0.00979
1	0.01805	0.12071	0.08446	0.10850	0.13202	0.09244	0.03467	0.10301	0.01699	0.04763	0.01526	0.01792	0.03666	0.00778	0.00802	0.00207	0.08704	0.00590	0.05181	0.00906
2	0.07567	0.06755	0.05540	0.09200	0.13058	0.05105	0.03220	0.18569	0.06603	0.02705	0.05606	0.05873	0.05549	0.00881	0.00670	0.00211	0.00729	0.00729	0.00500	0.00930
3	0.04839	0.14438	0.10211	0.10712	0.09443	0.06007	0.01444	0.10548	0.06040	0.06411	0.05149	0.01772	0.01366	0.00719	0.00615	0.00191	0.00756	0.00567	0.00448	0.08326
4	0.06189	0.19507	0.11749	0.01853	0.09913	0.04872	0.08540	0.11645	0.06491	0.02397	0.01522	0.07136	0.01314	0.00776	0.00626	0.00199	0.00789	0.00646	0.00426	0.03410
5	0.04217	0.20157	0.13569	0.06719	0.07887	0.05710	0.03946	0.04712	0.03859	0.08164	0.04491	0.04548	0.03609	0.00784	0.00617	0.00195	0.00758	0.00631	0.02279	0.03148
6	0.01760	0.28765	0.29059	0.01520	0.02217	0.04753	0.01661	0.10353	0.01697	0.04814	0.04156	0.03736	0.01275	0.00733	0.00593	0.00190	0.00827	0.00547	0.00391	0.00951
7	0.01443	0.01191	0.05755	0.01616	0.11989	0.00997	0.03313	0.01800	0.04062	0.10447	0.06773	0.17559	0.06802	0.04354	0.00855	0.00239	0.00590	0.07252	0.00552	0.12410
8	0.01372	0.03539	0.72412	0.01950	0.02961	0.01589	0.02528	0.02167	0.01444	0.02167	0.01228	0.01444	0.00867	0.00650	0.00650	0.00217	0.01011	0.00506	0.00289	0.01011
9	0.01533	0.29178	0.48181	0.01676	0.02537	0.01983	0.02050	0.02125	0.01425	0.01971	0.01130	0.01322	0.00871	0.00627	0.00576	0.00192	0.00913	0.00456	0.00290	0.00964
10	0.80789	0.01323	0.01006	0.00900	0.01323	0.01535	0.00741	0.02011	0.01164	0.03070	0.00953	0.01111	0.00741	0.00635	0.00423	0.00212	0.00529	0.00370	0.00423	0.00741
11	0.01387	0.03437	0.68290	0.02006	0.02998	0.01597	0.06547	0.02168	0.01455	0.02168	0.01237	0.01469	0.00877	0.00646	0.00659	0.00218	0.01020	0.00524	0.00292	0.01006
12	0.01105	0.00626	0.00693	0.00746	0.00868	0.00607	0.00533	0.01350	0.01399	0.02248	0.02973	0.27136	0.06047	0.01292	0.00626	0.00202	0.00346	0.01114	0.49480	0.00607
13	0.02321	0.04767	0.04856	0.01505	0.02047	0.01966	0.01277	0.52565	0.08164	0.03796	0.01732	0.04099	0.01314	0.00838	0.00670	0.00202	0.00719	0.00645	0.00635	0.05881
14	0.06720	0.22129	0.23491	0.01565	0.02230	0.01932	0.05551	0.12735	0.07934	0.04736	0.01484	0.03999	0.01178	0.00736	0.00607	0.00200	0.00798	0.00573	0.00430	0.00973
15	0.02484	0.01973	0.01980	0.01567	0.02078	0.08029	0.01275	0.55579	0.11532	0.03909	0.01737	0.01722	0.01256	0.00825	0.00680	0.00206	0.00767	0.00621	0.00658	0.01122
16	0.05470	0.22540	0.13638	0.01479	0.02099	0.02126	0.01421	0.33120	0.04756	0.05003	0.01428	0.01491	0.01068	0.00726	0.00601	0.00192	0.00766	0.00527	0.00508	0.01040
17	0.05454	0.17473	0.08871	0.01448	0.01976	0.11892	0.01299	0.28784	0.04748	0.02937	0.04782	0.01667	0.01331	0.00763	0.00609	0.00190	0.00786	0.00556	0.03458	0.00973
18	0.08334	0.14380	0.15076	0.01520	0.02112	0.08392	0.03997	0.20954	0.06379	0.06926	0.01694	0.01752	0.04051	0.00763	0.00622	0.00200	0.00797	0.00576	0.00492	0.00982
19	0.09500	0.23334	0.13596	0.01390	0.01999	0.01977	0.01350	0.23221	0.01979	0.07319	0.01367	0.01471	0.01039	0.00830	0.02846	0.00214	0.00778	0.00502	0.00471	0.04818
20	0.02026	0.07769	0.12378	0.01619	0.02171	0.09982	0.06506	0.29718	0.06726	0.02980	0.03949	0.04280	0.05124	0.00861	0.00679	0.00207	0.00815	0.00690	0.00532	0.00988
21	0.11019	0.10897	0.10134	0.01643	0.07474	0.09105	0.01359	0.23920	0.04327	0.06667	0.03397	0.01795	0.03822	0.00777	0.00623	0.00200	0.00766	0.00583	0.00511	0.00983
22	0.01876	0.17215	0.17104	0.01692	0.04776	0.08061	0.05272	0.17482	0.07740	0.02529	0.01431	0.01601	0.01115	0.00963	0.04997	0.00247	0.00906	0.00550	0.00434	0.04010

[dist]
# distance from previous block
# <min> <max>
1	42

[block]
# block no. 5 follows, 31 sequences, length 46
# corresponding to MSA columns:
# 592-637
name=unknown_F
#
# <colnr> <probs for GDERKNQSTAVLIFYWHMCP>
#	G	D	E	R	K	N	Q	S	T	A	V	L	I	F	Y	W	H	M	C	P
0	0.13964	0.11799	0.13416	0.05257	0.04137	0.03533	0.01395	0.21236	0.06288	0.07818	0.01551	0.04014	0.01199	0.00770	0.00612	0.00205	0.00742	0.00582	0.00502	0.00980
1	0.06499	0.19737	0.16773	0.12088	0.08361	0.01602	0.01449	0.01761	0.01337	0.01874	0.01575	0.10723	0.01541	0.10773	0.00993	0.00266	0.00761	0.00725	0.00363	0.00798
2	0.01613	0.27116	0.14497	0.01491	0.06073	0.01838	0.01335	0.09909	0.04450	0.02086	0.01539	0.06053	0.01439	0.11807	0.03453	0.00291	0.03102	0.00651	0.00398	0.00858
3	0.01759	0.08553	0.18224	0.02058	0.04974	0.01752	0.23484	0.15927	0.01860	0.02578	0.01340	0.01590	0.01011	0.00636	0.00672	0.00197	0.00907	0.00604	0.00406	0.11469
4	0.04052	0.53831	0.12916	0.01315	0.01930	0.04527	0.01348	0.07286	0.01547	0.01945	0.01129	0.03370	0.01001	0.00663	0.00505	0.00167	0.00772	0.00453	0.00338	0.00903
5	0.01250	0.00880	0.01058	0.00978	0.01196	0.00867	0.00749	0.07147	0.01745	0.08364	0.20504	0.17212	0.27029	0.01532	0.00901	0.00236	0.05700	0.01286	0.00662	0.00703
6	0.07239	0.01487	0.01749	0.01348	0.01879	0.01502	0.01114	0.30862	0.02439	0.39937	0.02160	0.01974	0.01419	0.00824	0.00672	0.00209	0.00650	0.00640	0.00755	0.01140
7	0.01640	0.01698	0.06183	0.08285	0.57574	0.03936	0.01989	0.02040	0.01521	0.02131	0.01320	0.01830	0.01134	0.04851	0.00832	0.00230	0.00835	0.00620	0.00339	0.01012
8	0.08641	0.01510	0.04108	0.06994	0.14375	0.01631	0.05995	0.05941	0.08339	0.08216	0.01726	0.01971	0.04587	0.00871	0.01042	0.00232	0.18471	0.00652	0.00449	0.04250
9	0.01217	0.00952	0.01175	0.01127	0.01226	0.06048	0.00856	0.01315	0.01170	0.01622	0.05774	0.02439	0.01721	0.03207	0.33634	0.21305	0.09143	0.00687	0.04822	0.00561
10	0.01634	0.01340	0.05428	0.01093	0.01713	0.00962	0.00933	0.01961	0.01491	0.11474	0.01413	0.01540	0.01095	0.00560	0.00539	0.00122	0.00545	0.00448	0.00457	0.65251
11	0.01419	0.01216	0.01419	0.01013	0.01621	0.00912	0.00811	0.01723	0.01419	0.02229	0.01216	0.01419	0.01013	0.00507	0.00507	0.00101	0.00507	0.00405	0.00405	0.80139
12	0.01666	0.01015	0.01055	0.00914	0.01188	0.01075	0.00721	0.21591	0.01960	0.03070	0.02058	0.02283	0.01580	0.00804	0.00539	0.00173	0.00447	0.00631	0.56438	0.00793
13	0.00994	0.00727	0.00967	0.01101	0.01241	0.00700	0.00903	0.01240	0.01508	0.01945	0.04150	0.23967	0.14107	0.01928	0.00907	0.00294	0.00531	0.41554	0.00632	0.00604
14	0.01292	0.01216	0.02052	0.74312	0.04712	0.01520	0.01900	0.01748	0.01368	0.01748	0.01216	0.01824	0.00912	0.00684	0.00684	0.00228	0.00912	0.00608	0.00304	0.00760
15	0.00856	0.00687	0.00752	0.00762	0.00950	0.00598	0.00561	0.01041	0.01561	0.01950	0.15992	0.12143	0.49464	0.06253	0.00982	0.00262	0.00376	0.03593	0.00639	0.00578
16	0.00846	0.00699	0.00745	0.00747	0.00965	0.00598	0.00569	0.01047	0.01610	0.01978	0.15258	0.06453	0.59035	0.01697	0.00816	0.00234	0.00359	0.05103	0.00651	0.00589
17	0.00957	0.00699	0.00899	0.00849	0.01015	0.00641	0.00637	0.01269	0.01910	0.02680	0.66742	0.05215	0.11081	0.01422	0.00807	0.00216	0.00324	0.01252	0.00745	0.00641
18	0.01501	0.02045	0.20434	0.10672	0.27827	0.01557	0.16110	0.02040	0.01548	0.02192	0.06272	0.01920	0.01383	0.00677	0.00708	0.00216	0.00910	0.00669	0.00353	0.00966
19	0.01572	0.03012	0.51870	0.02071	0.07709	0.01668	0.05067	0.10263	0.05883	0.02471	0.01383	0.01570	0.00999	0.00681	0.00665	0.00216	0.00944	0.00555	0.00367	0.01035
20	0.01872	0.01554	0.01643	0.01427	0.01844	0.01781	0.01124	0.16089	0.57722	0.03136	0.02568	0.02380	0.01913	0.00908	0.00694	0.00227	0.00581	0.00744	0.00694	0.01098
21	0.02318	0.12170	0.10140	0.01664	0.02176	0.35216	0.04250	0.09981	0.04372	0.09431	0.01374	0.01472	0.01044	0.00714	0.00623	0.00188	0.00996	0.00511	0.00438	0.00924
22	0.00946	0.00684	0.00881	0.00931	0.01041	0.00646	0.00659	0.03476	0.01624	0.02221	0.29677	0.43792	0.07248	0.01799	0.00839	0.00250	0.00379	0.01612	0.00682	0.00612
23	0.01823	0.10554	0.13700	0.05554	0.10823	0.01559	0.04915	0.08435	0.05374	0.10947	0.01510	0.01655	0.01133	0.00658	0.00616	0.00181	0.00741	0.00547	0.00452	0.18821
24	0.06127	0.03988	0.08579	0.02808	0.33877	0.21303	0.01742	0.07709	0.03467	0.02287	0.01259	0.01518	0.01017	0.00665	0.00640	0.00197	0.00917	0.00540	0.00378	0.00981
25	0.00847	0.00613	0.00815	0.00949	0.01007	0.00581	0.00646	0.00984	0.01326	0.01772	0.05965	0.65134	0.07201	0.02315	0.06022	0.00332	0.00495	0.01815	0.00620	0.00563
26	0.01684	0.01644	0.02501	0.06020	0.52426	0.05285	0.01863	0.02090	0.03216	0.02162	0.01275	0.01655	0.01072	0.00657	0.00770	0.00201	0.06064	0.00585	0.00350	0.08479
27	0.01159	0.00869	0.03522	0.00981	0.01225	0.00727	0.02876	0.01449	0.01759	0.09016	0.38165	0.12363	0.18704	0.01453	0.00801	0.00228	0.00418	0.02899	0.00693	0.00693
28	0.80789	0.01323	0.01006	0.00900	0.01323	0.01535	0.00741	0.02011	0.01164	0.03070	0.00953	0.01111	0.00741	0.00635	0.00423	0.00212	0.00529	0.00370	0.00423	0.00741
29	0.02371	0.01931	0.01972	0.01699	0.06274	0.09545	0.01296	0.47946	0.09629	0.03636	0.01693	0.01746	0.01252	0.00930	0.02759	0.00229	0.00807	0.00617	0.02585	0.01082
30	0.00834	0.00595	0.00794	0.00953	0.00992	0.00556	0.00635	0.00953	0.01310	0.01746	0.03771	0.75510	0.04525	0.02143	0.00873	0.00278	0.00397	0.01945	0.00635	0.00556
31	0.01201	0.00908	0.01099	0.01010	0.01053	0.01036	0.00691	0.05997	0.01167	0.01607	0.01877	0.03666	0.02074	0.54406	0.05531	0.00579	0.14265	0.00886	0.00411	0.00536
32	0.00863	0.00670	0.00783	0.00830	0.00984	0.00596	0.00604	0.01048	0.01533	0.01961	0.16066	0.26874	0.35555	0.03631	0.00901	0.00258	0.00381	0.05234	0.00649	0.00581
33	0.00898	0.00691	0.00821	0.00801	0.00982	0.00614	0.00596	0.01151	0.01752	0.02336	0.42298	0.09978	0.31459	0.01573	0.00812	0.00225	0.00336	0.01360	0.00700	0.00614
34	0.01869	0.01432	0.01552	0.01371	0.01775	0.01616	0.01073	0.03598	0.62064	0.11350	0.02774	0.02525	0.02040	0.00918	0.00695	0.00230	0.00546	0.00763	0.00715	0.01093
35	0.01187	0.00856	0.01216	0.10926	0.09094	0.00931	0.00963	0.01483	0.01307	0.01988	0.02057	0.02698	0.04532	0.06945	0.24631	0.00517	0.00970	0.00718	0.26305	0.00677
36	0.01593	0.17498	0.10256	0.02247	0.23973	0.01749	0.01543	0.02345	0.18106	0.02200	0.01949	0.06564	0.03540	0.00848	0.00652	0.00208	0.00709	0.02602	0.00444	0.00972
37	0.80789	0.01323	0.01006	0.00900	0.01323	0.01535	0.00741	0.02011	0.01164	0.03070	0.00953	0.01111	0.00741	0.00635	0.00423	0.00212	0.00529	0.00370	0.00423	0.00741
38	0.80789	0.01323	0.01006	0.00900	0.01323	0.01535	0.00741	0.02011	0.01164	0.03070	0.00953	0.01111	0.00741	0.00635	0.00423	0.00212	0.00529	0.00370	0.00423	0.00741
39	0.02158	0.01697	0.01804	0.01485	0.01953	0.01915	0.01193	0.37055	0.36289	0.03599	0.02204	0.02090	0.01618	0.00874	0.00690	0.00218	0.00649	0.00693	0.00690	0.01124
40	0.00866	0.00637	0.00818	0.00941	0.01030	0.00589	0.00669	0.01026	0.01411	0.01848	0.07824	0.53545	0.15074	0.02012	0.00867	0.00271	0.00411	0.08949	0.00641	0.00572
41	0.80789	0.01323	0.01006	0.00900	0.01323	0.01535	0.00741	0.02011	0.01164	0.03070	0.00953	0.01111	0.00741	0.00635	0.00423	0.00212	0.00529	0.00370	0.00423	0.00741
42	0.01292	0.01216	0.02052	0.74312	0.04712	0.01520	0.01900	0.01748	0.01368	0.01748	0.01216	0.01824	0.00912	0.00684	0.00684	0.00228	0.00912	0.00608	0.00304	0.00760
43	0.01355	0.03446	0.70165	0.01919	0.02899	0.01556	0.02468	0.02129	0.01440	0.02153	0.01308	0.03768	0.00981	0.00697	0.00657	0.00219	0.00992	0.00551	0.00300	0.00997
44	0.76706	0.01339	0.01097	0.01070	0.04955	0.01539	0.00811	0.02016	0.01185	0.03026	0.00970	0.01141	0.00759	0.00634	0.00436	0.00211	0.00544	0.00383	0.00419	0.00759
45	0.01971	0.37120	0.04731	0.01469	0.06043	0.14804	0.01215	0.06325	0.01673	0.07094	0.06244	0.01753	0.01449	0.04592	0.00708	0.00197	0.00792	0.00532	0.00410	0.00878

[dist]
# distance from previous block
# <min> <max>
2	3

[block]
# block no. 6 follows, 31 sequences, length 19
# corresponding to MSA columns:
# 641-659
name=unknown_G
#
# <colnr> <probs for GDERKNQSTAVLIFYWHMCP>
#	G	D	E	R	K	N	Q	S	T	A	V	L	I	F	Y	W	H	M	C	P
0	0.00903	0.00694	0.00811	0.00783	0.00964	0.00618	0.00578	0.01143	0.01720	0.02280	0.40036	0.05687	0.33377	0.06232	0.00976	0.00250	0.00354	0.01308	0.00683	0.00603
1	0.00965	0.00727	0.00852	0.00879	0.01038	0.00681	0.00635	0.03537	0.04200	0.02140	0.17946	0.31788	0.25407	0.01721	0.00810	0.00242	0.00381	0.01505	0.03922	0.00625
2	0.00830	0.00676	0.00734	0.00757	0.00947	0.00581	0.00554	0.01009	0.01555	0.01925	0.13175	0.18674	0.52663	0.01770	0.00820	0.00238	0.00353	0.01511	0.00648	0.00581
3	0.01502	0.01373	0.01602	0.05936	0.07631	0.05377	0.01017	0.01816	0.01458	0.02166	0.01212	0.01456	0.01005	0.00538	0.00539	0.00122	0.00601	0.00437	0.00390	0.63821
4	0.01829	0.76368	0.03585	0.01171	0.01756	0.02707	0.01171	0.02049	0.01390	0.01610	0.00951	0.01097	0.00878	0.00585	0.00439	0.00146	0.00732	0.00366	0.00293	0.00878
5	0.01219	0.00988	0.01133	0.04314	0.01356	0.04008	0.00829	0.01440	0.01570	0.06758	0.16024	0.04586	0.34658	0.01394	0.01006	0.00232	0.12563	0.01102	0.04142	0.00677
6	0.02590	0.03043	0.01925	0.01717	0.02093	0.64026	0.01301	0.07291	0.02027	0.06112	0.01196	0.01328	0.00949	0.00721	0.00626	0.00180	0.01162	0.00467	0.00405	0.00841
7	0.01110	0.00778	0.00934	0.00869	0.01090	0.00717	0.00660	0.01487	0.06227	0.07191	0.42931	0.05200	0.25357	0.01431	0.00792	0.00221	0.00362	0.01232	0.00720	0.00688
8	0.02601	0.01916	0.02053	0.01574	0.02122	0.02122	0.01300	0.69408	0.03217	0.04312	0.01643	0.01643	0.01163	0.00821	0.00684	0.00205	0.00753	0.00616	0.00684	0.01163
9	0.01611	0.01541	0.02628	0.18638	0.57896	0.01604	0.02059	0.02027	0.01519	0.02135	0.01272	0.01720	0.01048	0.00625	0.00679	0.00208	0.00833	0.00609	0.00332	0.01017
10	0.01650	0.05032	0.01870	0.01614	0.03684	0.16387	0.02738	0.03830	0.01390	0.01821	0.01401	0.07326	0.01355	0.03269	0.07156	0.00321	0.31454	0.00687	0.06266	0.00747
11	0.01497	0.01497	0.02095	0.01796	0.01796	0.02095	0.01497	0.01646	0.01048	0.01646	0.00898	0.01497	0.00898	0.01197	0.02245	0.00299	0.74704	0.00599	0.00299	0.00748
12	0.07591	0.00868	0.01087	0.01057	0.01282	0.00828	0.00786	0.04780	0.01566	0.20690	0.03171	0.44969	0.03314	0.01616	0.00783	0.00253	0.00480	0.03442	0.00677	0.00761
13	0.01633	0.16956	0.02765	0.16959	0.36041	0.03773	0.05106	0.02009	0.01515	0.02015	0.04088	0.01732	0.01221	0.00653	0.00640	0.00197	0.00824	0.00590	0.00340	0.00944
14	0.00924	0.00667	0.00740	0.00752	0.00830	0.00628	0.00473	0.00997	0.01223	0.01567	0.06093	0.11378	0.23333	0.44793	0.02364	0.00485	0.00534	0.01221	0.00511	0.00483
15	0.01559	0.01402	0.02086	0.09892	0.12572	0.01531	0.10814	0.08260	0.17251	0.02416	0.06157	0.04454	0.03464	0.04343	0.00985	0.00254	0.06699	0.04460	0.00503	0.00901
16	0.00981	0.00719	0.01029	0.01029	0.01126	0.00817	0.00767	0.01176	0.01079	0.01536	0.01897	0.03046	0.01866	0.19315	0.59274	0.01012	0.01598	0.00785	0.00376	0.00572
17	0.02038	0.43801	0.08816	0.01410	0.01959	0.16316	0.01330	0.07596	0.01661	0.05055	0.01127	0.01267	0.00938	0.00667	0.00589	0.00171	0.03560	0.00435	0.00360	0.00903
18	0.01398	0.05699	0.20356	0.01866	0.11193	0.03151	0.03584	0.03397	0.06251	0.02129	0.04405	0.11976	0.02076	0.01262	0.04068	0.00273	0.04953	0.08977	0.00445	0.02541

[dist]
# distance from previous block
# <min> <max>
2	7

[block]
# block no. 7 follows, 31 sequences, length 22
# corresponding to MSA columns:
# 667-688
name=unknown_H
#
# <colnr> <probs for GDERKNQSTAVLIFYWHMCP>
#	G	D	E	R	K	N	Q	S	T	A	V	L	I	F	Y	W	H	M	C	P
0	0.30576	0.01559	0.01761	0.04636	0.16554	0.07554	0.03670	0.08212	0.01602	0.10447	0.01385	0.01650	0.01079	0.03484	0.02925	0.00251	0.00757	0.00543	0.00461	0.00895
1	0.01499	0.01290	0.01641	0.03416	0.11179	0.06909	0.06429	0.02028	0.11824	0.07135	0.08947	0.10680	0.14505	0.01170	0.00783	0.00227	0.02526	0.03510	0.03479	0.00824
2	0.00979	0.00728	0.01073	0.01073	0.01186	0.00841	0.00822	0.01205	0.01092	0.01568	0.01857	0.02822	0.01769	0.10462	0.67994	0.01067	0.01744	0.00753	0.00370	0.00596
3	0.01337	0.01598	0.13321	0.04660	0.16425	0.01290	0.14654	0.01791	0.03903	0.02002	0.04425	0.09136	0.01857	0.12304	0.07930	0.00372	0.00921	0.00852	0.00401	0.00822
4	0.01262	0.00736	0.00879	0.00827	0.01020	0.00673	0.00607	0.01489	0.01604	0.11473	0.22802	0.09907	0.17474	0.10945	0.01083	0.00271	0.00411	0.01123	0.14749	0.00663
5	0.01182	0.00965	0.01121	0.05659	0.01460	0.01000	0.00825	0.04164	0.19391	0.02468	0.25765	0.07741	0.22904	0.01340	0.00770	0.00227	0.00441	0.01147	0.00669	0.00760
6	0.01829	0.76368	0.03585	0.01171	0.01756	0.02707	0.01171	0.02049	0.01390	0.01610	0.00951	0.01097	0.00878	0.00585	0.00439	0.00146	0.00732	0.00366	0.00293	0.00878
7	0.00961	0.00690	0.00890	0.00982	0.01060	0.00677	0.00676	0.04949	0.01415	0.01904	0.06444	0.58911	0.04104	0.06628	0.05932	0.00350	0.00528	0.01697	0.00612	0.00590
8	0.80789	0.01323	0.01006	0.00900	0.01323	0.01535	0.00741	0.02011	0.01164	0.03070	0.00953	0.01111	0.00741	0.00635	0.00423	0.00212	0.00529	0.00370	0.00423	0.00741
9	0.02601	0.01916	0.02053	0.01574	0.02122	0.02122	0.01300	0.69408	0.03217	0.04312	0.01643	0.01643	0.01163	0.00821	0.00684	0.00205	0.00753	0.00616	0.00684	0.01163
10	0.01345	0.01270	0.02148	0.65016	0.13593	0.01534	0.01926	0.01795	0.01393	0.01813	0.01225	0.01807	0.00935	0.00674	0.00683	0.00225	0.00899	0.00608	0.00309	0.00803
11	0.02556	0.03261	0.01939	0.01763	0.02115	0.73210	0.01322	0.02732	0.01939	0.01674	0.01058	0.01234	0.00881	0.00705	0.00617	0.00176	0.01234	0.00441	0.00353	0.00793
12	0.80789	0.01323	0.01006	0.00900	0.01323	0.01535	0.00741	0.02011	0.01164	0.03070	0.00953	0.01111	0.00741	0.00635	0.00423	0.00212	0.00529	0.00370	0.00423	0.00741
13	0.01702	0.01470	0.01547	0.01392	0.01779	0.01702	0.01083	0.03635	0.70453	0.02862	0.02785	0.02553	0.02088	0.00928	0.00696	0.00232	0.00541	0.00773	0.00696	0.01083
14	0.00907	0.00660	0.00835	0.00879	0.00982	0.00634	0.00617	0.01043	0.01341	0.01774	0.11544	0.27186	0.18949	0.11256	0.12974	0.05301	0.00653	0.01359	0.00558	0.00547
15	0.00859	0.00625	0.00822	0.00931	0.01006	0.00588	0.00642	0.01017	0.01399	0.01879	0.13034	0.56730	0.09276	0.02196	0.05263	0.00316	0.00471	0.01740	0.00635	0.00573
16	0.02466	0.12527	0.02157	0.01674	0.02069	0.59355	0.01301	0.07175	0.01955	0.01845	0.01084	0.01244	0.00900	0.00698	0.00599	0.00174	0.01137	0.00443	0.00367	0.00829
17	0.71913	0.01430	0.01168	0.01163	0.06140	0.04749	0.00859	0.02049	0.01226	0.02950	0.00980	0.01156	0.00770	0.00636	0.00449	0.00210	0.00580	0.00390	0.00414	0.00767
18	0.01657	0.01705	0.06705	0.05127	0.25782	0.07700	0.07665	0.05265	0.10140	0.04160	0.10418	0.02512	0.06450	0.00845	0.00710	0.00212	0.00765	0.00760	0.00479	0.00946
19	0.01313	0.01232	0.02051	0.68312	0.07117	0.01496	0.01858	0.01760	0.01378	0.01788	0.01219	0.01801	0.00923	0.00673	0.00676	0.00221	0.00890	0.00599	0.00310	0.04384
20	0.00962	0.00692	0.00936	0.01075	0.01183	0.00667	0.00842	0.01184	0.01478	0.01947	0.07945	0.37795	0.07164	0.01967	0.00899	0.00289	0.00495	0.31245	0.00640	0.00596
21	0.02564	0.01869	0.02079	0.01720	0.06339	0.02047	0.01337	0.62673	0.03065	0.06896	0.01663	0.01673	0.01180	0.00809	0.00684	0.00205	0.00750	0.00618	0.00670	0.01159

[dist]
# distance from previous block
# <min> <max>
0	7

[block]
# block no. 8 follows, 31 sequences, length 38
# corresponding to MSA columns:
# 697-734
name=unknown_I
#
# <colnr> <probs for GDERKNQSTAVLIFYWHMCP>
#	G	D	E	R	K	N	Q	S	T	A	V	L	I	F	Y	W	H	M	C	P
0	0.02601	0.01916	0.02053	0.01574	0.02122	0.02122	0.01300	0.69408	0.03217	0.04312	0.01643	0.01643	0.01163	0.00821	0.00684	0.00205	0.00753	0.00616	0.00684	0.01163
1	0.01680	0.27409	0.30290	0.01915	0.11166	0.01935	0.03394	0.03739	0.03297	0.05469	0.01327	0.03149	0.01065	0.00677	0.00595	0.00193	0.00842	0.00530	0.00353	0.00976
2	0.01581	0.01389	0.06234	0.05295	0.04325	0.01075	0.02664	0.03313	0.03219	0.08149	0.01439	0.01659	0.01135	0.02070	0.00620	0.00150	0.00599	0.00494	0.02318	0.52273
3	0.01259	0.01198	0.06487	0.03217	0.01595	0.01141	0.04717	0.05972	0.04914	0.02176	0.11312	0.08265	0.11841	0.09280	0.02726	0.00305	0.10470	0.07113	0.05295	0.00717
4	0.01689	0.23538	0.33735	0.01779	0.06730	0.04095	0.01840	0.05422	0.01523	0.05029	0.01232	0.01479	0.00974	0.02467	0.00766	0.00210	0.05695	0.00502	0.00342	0.00954
5	0.00874	0.00667	0.00802	0.00828	0.00979	0.00596	0.00598	0.01085	0.01624	0.02143	0.29327	0.25814	0.28729	0.01730	0.00827	0.00239	0.00352	0.01513	0.00678	0.00596
6	0.01512	0.03970	0.04734	0.01547	0.06278	0.04801	0.05816	0.07490	0.07839	0.04180	0.19845	0.05161	0.04603	0.01085	0.00843	0.00221	0.05973	0.06844	0.00559	0.06701
7	0.01497	0.01497	0.02095	0.01796	0.01796	0.02095	0.01497	0.01646	0.01048	0.01646	0.00898	0.01497	0.00898	0.01197	0.02245	0.00299	0.74704	0.00599	0.00299	0.00748
8	0.80789	0.01323	0.01006	0.00900	0.01323	0.01535	0.00741	0.02011	0.01164	0.03070	0.00953	0.01111	0.00741	0.00635	0.00423	0.00212	0.00529	0.00370	0.00423	0.00741
9	0.02421	0.05058	0.02007	0.01521	0.02032	0.05509	0.01247	0.49270	0.15019	0.06144	0.01824	0.01785	0.01321	0.00825	0.00673	0.00206	0.00732	0.00627	0.00659	0.01119
10	0.01088	0.00893	0.01169	0.08748	0.06080	0.00895	0.00897	0.01556	0.08704	0.02375	0.34437	0.04730	0.21256	0.01323	0.00779	0.00224	0.00453	0.03042	0.00641	0.00713
11	0.00835	0.00666	0.00749	0.00788	0.00955	0.00579	0.00568	0.01010	0.01533	0.01926	0.13740	0.26233	0.44387	0.01811	0.00827	0.00243	0.00358	0.01563	0.00649	0.00579
12	0.03560	0.04832	0.03064	0.09435	0.05907	0.01731	0.37516	0.02344	0.14005	0.02251	0.03216	0.01973	0.01324	0.00708	0.00824	0.00229	0.05007	0.00742	0.00412	0.00920
13	0.00873	0.00671	0.00799	0.00819	0.00977	0.00597	0.00595	0.01087	0.01633	0.02147	0.29481	0.23465	0.30960	0.01715	0.00824	0.00237	0.00351	0.01496	0.00678	0.00597
14	0.71407	0.03105	0.01140	0.00969	0.01395	0.03761	0.00796	0.03684	0.04202	0.03014	0.01050	0.01189	0.00816	0.00653	0.00447	0.00210	0.00561	0.00395	0.00436	0.00770
15	0.03628	0.03845	0.12861	0.04837	0.02429	0.01721	0.14386	0.27535	0.05466	0.04766	0.01630	0.01802	0.01195	0.00736	0.00667	0.00207	0.00804	0.00636	0.09855	0.00995
16	0.01675	0.01441	0.01524	0.01373	0.01751	0.01663	0.01067	0.03549	0.67926	0.02858	0.05313	0.02647	0.02249	0.00946	0.00700	0.00231	0.00533	0.00791	0.00698	0.01067
17	0.01574	0.05295	0.07165	0.04637	0.42401	0.04167	0.01728	0.02083	0.06578	0.02277	0.11636	0.02310	0.03631	0.00781	0.00685	0.00205	0.00738	0.00707	0.00426	0.00975
18	0.00840	0.00598	0.00792	0.00944	0.00982	0.00560	0.00626	0.00954	0.01296	0.01729	0.03702	0.72487	0.04438	0.05284	0.00984	0.00294	0.00408	0.01904	0.00626	0.00550
19	0.00871	0.00799	0.05736	0.01021	0.01128	0.00627	0.00766	0.01036	0.01319	0.01775	0.03595	0.70399	0.04272	0.02040	0.00858	0.00274	0.00439	0.01846	0.00611	0.00587
20	0.01275	0.00638	0.00638	0.00638	0.00797	0.00638	0.00478	0.01594	0.01435	0.02551	0.02232	0.02551	0.01754	0.00797	0.00478	0.00159	0.00319	0.00638	0.79755	0.00638
21	0.01497	0.01497	0.02095	0.01796	0.01796	0.02095	0.01497	0.01646	0.01048	0.01646	0.00898	0.01497	0.00898	0.01197	0.02245	0.00299	0.74704	0.00599	0.00299	0.00748
22	0.00859	0.00688	0.00768	0.00762	0.00959	0.00597	0.00566	0.01075	0.01658	0.02116	0.26455	0.10889	0.46882	0.01659	0.00813	0.00229	0.00343	0.01415	0.00671	0.00597
23	0.01497	0.01497	0.02095	0.01796	0.01796	0.02095	0.01497	0.01646	0.01048	0.01646	0.00898	0.01497	0.00898	0.01197	0.02245	0.00299	0.74704	0.00599	0.00299	0.00748
24	0.01666	0.14587	0.20415	0.03377	0.07151	0.10820	0.01508	0.05439	0.01620	0.02173	0.05505	0.01648	0.01301	0.00673	0.00590	0.00173	0.00797	0.00517	0.02675	0.17364
25	0.80789	0.01323	0.01006	0.00900	0.01323	0.01535	0.00741	0.02011	0.01164	0.03070	0.00953	0.01111	0.00741	0.00635	0.00423	0.00212	0.00529	0.00370	0.00423	0.00741
