[name]
unknown

[dist]
# distance from previous block
# <min> <max>
3	234

[block]
# block no. 0 follows, 33 sequences, length 41
# corresponding to MSA columns:
# 256-296
name=unknown_A
#
# <colnr> <probs for GDERKNQSTAVLIFYWHMCP>
#	G	D	E	R	K	N	Q	S	T	A	V	L	I	F	Y	W	H	M	C	P
0	0.06320	0.00855	0.01050	0.00991	0.01220	0.00845	0.00757	0.03123	0.04684	0.07074	0.07666	0.18069	0.06758	0.06308	0.17059	0.00425	0.00755	0.05384	0.00530	0.10127
1	0.20415	0.13288	0.27918	0.01377	0.02034	0.03971	0.01483	0.04076	0.01477	0.16228	0.01364	0.01432	0.00972	0.00656	0.00552	0.00195	0.00745	0.00472	0.00426	0.00920
2	0.04590	0.01766	0.21391	0.01423	0.01987	0.01197	0.05751	0.05341	0.01512	0.13271	0.01751	0.05868	0.01474	0.02929	0.04441	0.00252	0.02728	0.05454	0.00458	0.16416
3	0.06522	0.16076	0.51385	0.01616	0.02453	0.01668	0.01975	0.02025	0.01362	0.02051	0.01117	0.01309	0.00838	0.00604	0.00566	0.00188	0.00861	0.00448	0.00295	0.06642
4	0.00816	0.00583	0.00780	0.00933	0.00977	0.00547	0.00636	0.00941	0.01274	0.01696	0.03621	0.72665	0.04323	0.02049	0.00844	0.00269	0.00394	0.05501	0.00611	0.00539
5	0.01721	0.01409	0.01654	0.01314	0.01727	0.01494	0.01067	0.16534	0.14125	0.04899	0.01509	0.01648	0.01188	0.00770	0.00904	0.00183	0.15950	0.00543	0.00489	0.30871
6	0.03548	0.01054	0.01283	0.01030	0.01434	0.00916	0.00815	0.01694	0.01389	0.10033	0.04840	0.07184	0.01794	0.06552	0.00893	0.00196	0.05302	0.05459	0.00477	0.44106
7	0.01365	0.10926	0.66324	0.01800	0.02731	0.01638	0.02299	0.02073	0.01385	0.02030	0.01154	0.01356	0.00835	0.00619	0.00605	0.00202	0.00946	0.00473	0.00278	0.00960
8	0.00816	0.00584	0.00784	0.00932	0.00977	0.00552	0.00635	0.00942	0.01265	0.01687	0.03569	0.71601	0.04254	0.02136	0.02967	0.00292	0.00431	0.04434	0.00603	0.00539
9	0.01208	0.01014	0.01667	0.01344	0.01663	0.00949	0.18374	0.01624	0.05708	0.06129	0.29550	0.07464	0.16018	0.03260	0.00838	0.00229	0.00556	0.01092	0.00592	0.00719
10	0.01762	0.01863	0.03228	0.06316	0.03094	0.11555	0.49157	0.04091	0.01655	0.06628	0.03129	0.01796	0.01144	0.00620	0.00735	0.00212	0.01043	0.00716	0.00381	0.00877
11	0.01514	0.01681	0.03554	0.02679	0.07003	0.01606	0.59487	0.02028	0.01549	0.02124	0.05847	0.01955	0.01329	0.00631	0.00824	0.00222	0.03953	0.00785	0.00356	0.00873
12	0.81514	0.01273	0.00968	0.00866	0.01273	0.01477	0.00713	0.01935	0.01120	0.02954	0.00917	0.01069	0.00713	0.00611	0.00407	0.00204	0.00509	0.00356	0.00407	0.00713
13	0.01144	0.00572	0.00858	0.00858	0.00858	0.00572	0.00572	0.00858	0.00858	0.01144	0.01144	0.02001	0.01144	0.02287	0.02573	0.80846	0.00572	0.00572	0.00286	0.00286
14	0.01397	0.01498	0.07428	0.41768	0.27319	0.01513	0.05985	0.01850	0.01397	0.01894	0.01203	0.01688	0.00937	0.00626	0.00661	0.00211	0.00866	0.00590	0.00305	0.00863
15	0.01590	0.01540	0.02675	0.10394	0.62820	0.01561	0.05736	0.01995	0.01486	0.02106	0.01237	0.01649	0.01025	0.00591	0.00659	0.00199	0.00809	0.00597	0.00323	0.01006
16	0.01010	0.00672	0.00787	0.00776	0.00809	0.00705	0.00489	0.01081	0.01027	0.01473	0.02007	0.03775	0.02165	0.56410	0.10136	0.00602	0.03516	0.00871	0.11229	0.00459
17	0.01144	0.00572	0.00858	0.00858	0.00858	0.00572	0.00572	0.00858	0.00858	0.01144	0.01144	0.02001	0.01144	0.02287	0.02573	0.80846	0.00572	0.00572	0.00286	0.00286
18	0.02503	0.01844	0.01976	0.01515	0.02042	0.02042	0.01251	0.70562	0.03095	0.04149	0.01581	0.01581	0.01120	0.00790	0.00659	0.00198	0.00724	0.00593	0.00659	0.01120
19	0.01607	0.01541	0.02631	0.08250	0.68726	0.01558	0.02009	0.02000	0.01488	0.02123	0.01234	0.01637	0.01033	0.00591	0.00652	0.00197	0.00788	0.00586	0.00324	0.01024
20	0.01243	0.01170	0.01975	0.75282	0.04534	0.01463	0.01828	0.01682	0.01316	0.01682	0.01170	0.01755	0.00878	0.00658	0.00658	0.00219	0.00878	0.00585	0.00293	0.00731
21	0.01320	0.03405	0.73453	0.01876	0.02849	0.01529	0.02432	0.02085	0.01390	0.02085	0.01181	0.01390	0.00834	0.00625	0.00625	0.00208	0.00973	0.00486	0.00278	0.00973
22	0.13307	0.02797	0.01750	0.01570	0.01931	0.59518	0.01194	0.06980	0.01844	0.01961	0.01041	0.01197	0.00847	0.00676	0.00572	0.00176	0.01064	0.00426	0.00369	0.00780
23	0.01243	0.01170	0.01975	0.75282	0.04534	0.01463	0.01828	0.01682	0.01316	0.01682	0.01170	0.01755	0.00878	0.00658	0.00658	0.00219	0.00878	0.00585	0.00293	0.00731
24	0.01328	0.01138	0.01321	0.00955	0.01517	0.00857	0.00762	0.01612	0.01374	0.02122	0.01521	0.01683	0.05542	0.00563	0.00506	0.00105	0.00478	0.00454	0.00404	0.75758
25	0.00940	0.00705	0.01058	0.01058	0.01176	0.00823	0.00823	0.01176	0.01058	0.01528	0.01763	0.02586	0.01646	0.04937	0.74255	0.01058	0.01763	0.00705	0.00353	0.00588
26	0.00953	0.00656	0.00808	0.00808	0.00839	0.00687	0.00511	0.01015	0.00984	0.01343	0.01992	0.03852	0.02195	0.57818	0.22126	0.00749	0.00936	0.00891	0.00387	0.00449
27	0.01130	0.00577	0.00848	0.00848	0.00848	0.00577	0.00559	0.00865	0.00865	0.01153	0.01210	0.02166	0.01233	0.07614	0.02628	0.75117	0.00577	0.00599	0.00294	0.00294
28	0.02459	0.03138	0.01866	0.01696	0.02035	0.74221	0.01272	0.02629	0.01866	0.01611	0.01018	0.01187	0.00848	0.00678	0.00594	0.00170	0.01187	0.00424	0.00339	0.00763
29	0.01602	0.01536	0.02622	0.09129	0.67884	0.01557	0.02007	0.01996	0.01486	0.02117	0.01233	0.01638	0.01031	0.00592	0.00652	0.00197	0.00789	0.00586	0.00323	0.01021
30	0.00952	0.00778	0.00855	0.00917	0.01035	0.04616	0.00645	0.02934	0.01471	0.01893	0.13466	0.47411	0.17019	0.01780	0.00802	0.00243	0.00416	0.01575	0.00613	0.00579
31	0.01726	0.01458	0.01538	0.01358	0.01745	0.01679	0.01063	0.10328	0.64595	0.02896	0.02568	0.02367	0.01919	0.00883	0.00669	0.00221	0.00542	0.00729	0.00669	0.01050
32	0.66595	0.01625	0.01137	0.01022	0.01417	0.15205	0.00818	0.02066	0.01261	0.02700	0.00936	0.01092	0.00738	0.00624	0.00443	0.00197	0.00637	0.00369	0.00395	0.00722
33	0.01320	0.03405	0.73453	0.01876	0.02849	0.01529	0.02432	0.02085	0.01390	0.02085	0.01181	0.01390	0.00834	0.00625	0.00625	0.00208	0.00973	0.00486	0.00278	0.00973
34	0.02503	0.01844	0.01976	0.01515	0.02042	0.02042	0.01251	0.70562	0.03095	0.04149	0.01581	0.01581	0.01120	0.00790	0.00659	0.00198	0.00724	0.00593	0.00659	0.01120
35	0.00853	0.00607	0.00814	0.00960	0.01017	0.00577	0.00681	0.00996	0.01293	0.01716	0.03546	0.61778	0.04183	0.04820	0.00946	0.00287	0.00430	0.13351	0.00602	0.00542
36	0.01144	0.00572	0.00858	0.00858	0.00858	0.00572	0.00572	0.00858	0.00858	0.01144	0.01144	0.02001	0.01144	0.02287	0.02573	0.80846	0.00572	0.00572	0.00286	0.00286
37	0.01230	0.02768	0.56537	0.01632	0.02414	0.01317	0.02010	0.01888	0.01500	0.02214	0.17784	0.02212	0.02087	0.00793	0.00661	0.00208	0.00819	0.00651	0.00382	0.00891
38	0.01079	0.00812	0.01053	0.01106	0.01304	0.00789	0.00917	0.01476	0.06889	0.02081	0.10944	0.13227	0.06696	0.01599	0.00827	0.00262	0.00522	0.40261	0.00606	0.07550
39	0.01365	0.01170	0.01365	0.00975	0.01560	0.00878	0.00780	0.01658	0.01365	0.02145	0.01170	0.01365	0.00975	0.00488	0.00488	0.00098	0.00488	0.00390	0.00390	0.80888
40	0.12820	0.01271	0.01455	0.01206	0.01604	0.03140	0.04675	0.18420	0.01887	0.05766	0.10134	0.03135	0.08348	0.00992	0.00662	0.00203	0.00587	0.10315	0.00560	0.12820

[dist]
# distance from previous block
# <min> <max>
1	12

[block]
# block no. 1 follows, 33 sequences, length 17
# corresponding to MSA columns:
# 309-325
name=unknown_B
#
# <colnr> <probs for GDERKNQSTAVLIFYWHMCP>
#	G	D	E	R	K	N	Q	S	T	A	V	L	I	F	Y	W	H	M	C	P
0	0.01513	0.01428	0.01775	0.16981	0.02392	0.07304	0.05714	0.05739	0.01489	0.02084	0.01175	0.01477	0.00948	0.00599	0.00655	0.00154	0.04891	0.00482	0.00371	0.42830
1	0.04512	0.05495	0.03028	0.02302	0.08561	0.01580	0.39823	0.01960	0.01442	0.02079	0.01218	0.01596	0.00968	0.00597	0.00794	0.00197	0.07048	0.00635	0.00339	0.15826
2	0.00956	0.00643	0.00742	0.00742	0.00750	0.00651	0.00429	0.00973	0.00964	0.01294	0.02053	0.04188	0.02341	0.71835	0.08308	0.00668	0.00717	0.00940	0.00396	0.00412
3	0.01760	0.77260	0.03450	0.01126	0.01690	0.02605	0.01126	0.01971	0.01338	0.01549	0.00915	0.01056	0.00845	0.00563	0.00422	0.00141	0.00704	0.00352	0.00282	0.00845
4	0.01365	0.01170	0.01365	0.00975	0.01560	0.00878	0.00780	0.01658	0.01365	0.02145	0.01170	0.01365	0.00975	0.00488	0.00488	0.00098	0.00488	0.00390	0.00390	0.80888
5	0.00808	0.00630	0.00734	0.00789	0.00928	0.00556	0.00561	0.00972	0.01450	0.01850	0.13900	0.34530	0.36376	0.01786	0.00803	0.00239	0.00350	0.01559	0.00626	0.00556
6	0.01637	0.01414	0.01489	0.01340	0.01712	0.01637	0.01042	0.03498	0.71568	0.02754	0.02679	0.02456	0.02010	0.00893	0.00670	0.00223	0.00521	0.00744	0.00670	0.01042
7	0.01760	0.77260	0.03450	0.01126	0.01690	0.02605	0.01126	0.01971	0.01338	0.01549	0.00915	0.01056	0.00845	0.00563	0.00422	0.00141	0.00704	0.00352	0.00282	0.00845
8	0.01365	0.01170	0.01365	0.00975	0.01560	0.00878	0.00780	0.01658	0.01365	0.02145	0.01170	0.01365	0.00975	0.00488	0.00488	0.00098	0.00488	0.00390	0.00390	0.80888
9	0.00802	0.00573	0.00764	0.00917	0.00955	0.00535	0.00611	0.00917	0.01260	0.01681	0.03628	0.76434	0.04354	0.02062	0.00840	0.00267	0.00382	0.01872	0.00611	0.00535
10	0.81514	0.01273	0.00968	0.00866	0.01273	0.01477	0.00713	0.01935	0.01120	0.02954	0.00917	0.01069	0.00713	0.00611	0.00407	0.00204	0.00509	0.00356	0.00407	0.00713
11	0.00778	0.00667	0.00667	0.00667	0.00889	0.00556	0.00500	0.00945	0.01501	0.01778	0.06669	0.06336	0.72490	0.01667	0.00778	0.00222	0.00333	0.01389	0.00611	0.00556
12	0.07076	0.00970	0.01000	0.00886	0.01129	0.05948	0.04499	0.04294	0.01492	0.05660	0.01936	0.02189	0.01498	0.00741	0.00500	0.00166	0.00454	0.00593	0.58279	0.00688
13	0.20452	0.01390	0.03382	0.01261	0.01570	0.03840	0.01052	0.09343	0.01488	0.10775	0.03820	0.04301	0.01308	0.00884	0.01001	0.00217	0.21456	0.00584	0.04944	0.06932
14	0.10885	0.01300	0.01367	0.01113	0.01547	0.04388	0.00884	0.09266	0.14508	0.09521	0.12771	0.02188	0.02029	0.00782	0.00596	0.00174	0.00531	0.00625	0.00563	0.24964
15	0.34462	0.01450	0.01404	0.01139	0.01575	0.06862	0.02852	0.08935	0.01477	0.02619	0.03320	0.01381	0.01030	0.00659	0.00615	0.00177	0.05842	0.00449	0.00423	0.23331
16	0.13050	0.01215	0.01489	0.01155	0.01639	0.01114	0.05415	0.07675	0.03528	0.11733	0.08367	0.02127	0.01696	0.00731	0.00584	0.00166	0.00550	0.03609	0.00516	0.33641

[dist]
# distance from previous block
# <min> <max>
1	24

[block]
# block no. 2 follows, 33 sequences, length 12
# corresponding to MSA columns:
# 354-365
name=unknown_C
#
# <colnr> <probs for GDERKNQSTAVLIFYWHMCP>
#	G	D	E	R	K	N	Q	S	T	A	V	L	I	F	Y	W	H	M	C	P
0	0.21098	0.01473	0.01766	0.01716	0.11853	0.06669	0.06155	0.06880	0.01477	0.04390	0.03850	0.04127	0.03712	0.00809	0.00834	0.00206	0.12541	0.00603	0.00419	0.09422
1	0.17868	0.01309	0.01464	0.01224	0.01577	0.04524	0.03484	0.04446	0.05936	0.03852	0.01691	0.06672	0.04039	0.00893	0.00847	0.00200	0.13304	0.04031	0.00443	0.22196
2	0.12803	0.01316	0.01389	0.01140	0.01553	0.06163	0.00910	0.02311	0.12836	0.16022	0.08855	0.02023	0.01748	0.00777	0.00686	0.00181	0.05454	0.00591	0.00543	0.22697
3	0.01199	0.00820	0.00973	0.00992	0.01146	0.03048	0.00713	0.04033	0.05289	0.09220	0.12345	0.47763	0.06528	0.01673	0.00788	0.00243	0.00435	0.01487	0.00643	0.00663
4	0.01629	0.01564	0.02672	0.04041	0.72757	0.01564	0.02020	0.02020	0.01499	0.02151	0.01238	0.01629	0.01043	0.00587	0.00652	0.00196	0.00782	0.00587	0.00326	0.01043
5	0.01243	0.01170	0.01975	0.75282	0.04534	0.01463	0.01828	0.01682	0.01316	0.01682	0.01170	0.01755	0.00878	0.00658	0.00658	0.00219	0.00878	0.00585	0.00293	0.00731
6	0.01417	0.01452	0.01959	0.64750	0.04177	0.11875	0.01749	0.01818	0.01395	0.01672	0.01148	0.01674	0.00873	0.00661	0.00649	0.00212	0.00922	0.00562	0.00299	0.00736
7	0.02074	0.01094	0.01372	0.01093	0.01532	0.00965	0.00872	0.09098	0.01778	0.34117	0.04980	0.12821	0.04399	0.00961	0.00654	0.00188	0.00517	0.00807	0.00659	0.20019
8	0.02384	0.01774	0.01912	0.01458	0.01991	0.01920	0.01202	0.63367	0.02915	0.03940	0.01538	0.01558	0.01104	0.00759	0.00641	0.00187	0.00700	0.00572	0.00631	0.09449
9	0.01427	0.18220	0.48921	0.01702	0.02452	0.01819	0.02023	0.01990	0.01325	0.01904	0.01082	0.01329	0.00840	0.00688	0.00804	0.00206	0.11607	0.00472	0.00280	0.00911
10	0.01554	0.41260	0.26953	0.01360	0.02065	0.01992	0.01521	0.01965	0.01359	0.01816	0.01042	0.01214	0.00860	0.00574	0.00501	0.00158	0.00764	0.00403	0.00296	0.12344
11	0.19702	0.01537	0.01286	0.01190	0.01507	0.16530	0.00939	0.07979	0.10890	0.04145	0.02327	0.07769	0.07743	0.01037	0.00639	0.00216	0.00655	0.09739	0.03399	0.00769

[dist]
# distance from previous block
# <min> <max>
1	25

[block]
# block no. 3 follows, 33 sequences, length 81
# corresponding to MSA columns:
# 391-471
name=unknown_D
#
# <colnr> <probs for GDERKNQSTAVLIFYWHMCP>
#	G	D	E	R	K	N	Q	S	T	A	V	L	I	F	Y	W	H	M	C	P
0	0.03658	0.01164	0.01343	0.00993	0.01538	0.00929	0.00792	0.03406	0.03374	0.05537	0.01521	0.03187	0.03537	0.00598	0.00520	0.00119	0.00491	0.00482	0.00437	0.66375
1	0.01708	0.01182	0.01673	0.01245	0.01773	0.00969	0.09798	0.02014	0.01517	0.18670	0.03647	0.06956	0.01510	0.00706	0.00598	0.00153	0.00573	0.00629	0.00506	0.44174
2	0.01480	0.00971	0.01324	0.01214	0.03718	0.00874	0.03849	0.01829	0.05262	0.15392	0.08601	0.17493	0.04707	0.01212	0.00720	0.00213	0.00520	0.12466	0.00594	0.17563
3	0.01629	0.01564	0.02672	0.04041	0.72757	0.01564	0.02020	0.02020	0.01499	0.02151	0.01238	0.01629	0.01043	0.00587	0.00652	0.00196	0.00782	0.00587	0.00326	0.01043
4	0.01567	0.01500	0.02546	0.10355	0.64323	0.01523	0.01955	0.01956	0.01483	0.02097	0.01405	0.01790	0.03299	0.00627	0.00656	0.00199	0.00776	0.00612	0.00332	0.00999
5	0.00946	0.00655	0.00792	0.00811	0.00852	0.00664	0.00525	0.01016	0.01055	0.01409	0.02434	0.08231	0.05777	0.53546	0.12950	0.00633	0.00767	0.06051	0.00429	0.00456
6	0.01168	0.00732	0.00918	0.00837	0.01055	0.00653	0.00640	0.01438	0.01782	0.11933	0.47832	0.04885	0.20908	0.01349	0.00761	0.00210	0.00349	0.01165	0.00711	0.00673
7	0.00809	0.00578	0.00770	0.00912	0.00956	0.00539	0.00612	0.00934	0.01292	0.01732	0.07288	0.72629	0.04453	0.02024	0.00837	0.00264	0.00378	0.01835	0.00617	0.00539
8	0.02538	0.01171	0.01509	0.01146	0.01670	0.01012	0.00939	0.05783	0.03728	0.52190	0.02232	0.02020	0.01470	0.00742	0.00623	0.00180	0.00550	0.00600	0.00708	0.19190
9	0.81514	0.01273	0.00968	0.00866	0.01273	0.01477	0.00713	0.01935	0.01120	0.02954	0.00917	0.01069	0.00713	0.00611	0.00407	0.00204	0.00509	0.00356	0.00407	0.00713
10	0.01365	0.01170	0.01365	0.00975	0.01560	0.00878	0.00780	0.01658	0.01365	0.02145	0.01170	0.01365	0.00975	0.00488	0.00488	0.00098	0.00488	0.00390	0.00390	0.80888
11	0.01144	0.00572	0.00858	0.00858	0.00858	0.00572	0.00572	0.00858	0.00858	0.01144	0.01144	0.02001	0.01144	0.02287	0.02573	0.80846	0.00572	0.00572	0.00286	0.00286
12	0.01760	0.77260	0.03450	0.01126	0.01690	0.02605	0.01126	0.01971	0.01338	0.01549	0.00915	0.01056	0.00845	0.00563	0.00422	0.00141	0.00704	0.00352	0.00282	0.00845
13	0.00800	0.00580	0.00756	0.00897	0.00950	0.00536	0.00602	0.00919	0.01279	0.01688	0.03870	0.70864	0.09768	0.02031	0.00835	0.00264	0.00378	0.01833	0.00611	0.00536
14	0.01406	0.17723	0.59881	0.01731	0.02624	0.01737	0.02179	0.02063	0.01380	0.01981	0.01130	0.01325	0.00836	0.00613	0.00586	0.00195	0.00921	0.00460	0.00279	0.00948
15	0.00972	0.00692	0.00835	0.00787	0.00983	0.00614	0.00595	0.01229	0.01736	0.05638	0.45877	0.05294	0.29453	0.01435	0.00772	0.00212	0.00330	0.01236	0.00689	0.00621
16	0.06433	0.01291	0.01627	0.01243	0.01707	0.04957	0.10262	0.03978	0.01480	0.04021	0.04434	0.01738	0.01303	0.00635	0.00609	0.00151	0.03440	0.00530	0.12115	0.38045
17	0.01702	0.01446	0.01525	0.01353	0.01737	0.01668	0.01058	0.08533	0.66428	0.02859	0.02597	0.02390	0.01943	0.00885	0.00669	0.00221	0.00536	0.00733	0.00669	0.01048
18	0.02459	0.03138	0.01866	0.01696	0.02035	0.74221	0.01272	0.02629	0.01866	0.01611	0.01018	0.01187	0.00848	0.00678	0.00594	0.00170	0.01187	0.00424	0.00339	0.00763
19	0.01304	0.00755	0.00999	0.00891	0.01112	0.00685	0.00685	0.01604	0.01867	0.15628	0.59562	0.04425	0.05368	0.01248	0.00755	0.00206	0.00357	0.01093	0.00741	0.00713
20	0.00863	0.00665	0.00803	0.00792	0.00960	0.00604	0.00590	0.01097	0.01615	0.02150	0.36464	0.11216	0.30852	0.01797	0.06298	0.00282	0.00434	0.01286	0.00644	0.00587
21	0.00804	0.00675	0.00703	0.00717	0.00933	0.00574	0.00552	0.00984	0.01502	0.01796	0.06374	0.06437	0.66128	0.01681	0.00790	0.00230	0.00359	0.07588	0.00611	0.00560
22	0.00928	0.00700	0.01004	0.01009	0.01123	0.00776	0.00770	0.01154	0.01216	0.01720	0.12468	0.12599	0.05025	0.03837	0.49759	0.00784	0.03144	0.00947	0.00448	0.00588
23	0.01447	0.10224	0.61596	0.01793	0.02681	0.07086	0.02224	0.02115	0.01421	0.02000	0.01144	0.01344	0.00836	0.00624	0.00604	0.00199	0.00964	0.00469	0.00283	0.00945
24	0.01243	0.01170	0.01975	0.75282	0.04534	0.01463	0.01828	0.01682	0.01316	0.01682	0.01170	0.01755	0.00878	0.00658	0.00658	0.00219	0.00878	0.00585	0.00293	0.00731
25	0.03764	0.01151	0.01423	0.01121	0.01591	0.01030	0.03061	0.04058	0.11017	0.23811	0.02445	0.05924	0.08099	0.00841	0.00621	0.00176	0.00521	0.00702	0.00593	0.28052
26	0.01398	0.01157	0.01412	0.01029	0.01588	0.00886	0.02702	0.01688	0.01383	0.04542	0.01338	0.04920	0.01156	0.00574	0.00518	0.00113	0.00502	0.00479	0.00413	0.72200
27	0.01849	0.01442	0.01538	0.01310	0.01703	0.01616	0.01048	0.26670	0.36073	0.03148	0.02437	0.02512	0.04424	0.00916	0.00663	0.00212	0.00571	0.03633	0.07240	0.00997
28	0.01683	0.01872	0.04834	0.01394	0.01681	0.26124	0.01119	0.05474	0.13191	0.02001	0.02402	0.13448	0.07874	0.01143	0.00809	0.00222	0.06392	0.07080	0.00490	0.00768
29	0.00892	0.00652	0.00847	0.00914	0.00985	0.00661	0.00643	0.01039	0.01256	0.01726	0.06953	0.43761	0.09167	0.08451	0.10456	0.00387	0.04128	0.01439	0.05094	0.00550
30	0.01226	0.01004	0.01201	0.00972	0.01391	0.00801	0.00757	0.01472	0.01334	0.01994	0.01814	0.11827	0.01834	0.07273	0.00820	0.00187	0.00500	0.08108	0.00443	0.55044
31	0.01471	0.01531	0.02520	0.02010	0.02190	0.01922	0.20014	0.01726	0.01155	0.01726	0.00990	0.01531	0.00900	0.00991	0.01788	0.00270	0.55570	0.00630	0.00300	0.00765
32	0.01423	0.01112	0.01303	0.00987	0.01471	0.00917	0.00785	0.07294	0.01623	0.05456	0.13791	0.02288	0.05612	0.00735	0.00574	0.00136	0.00472	0.00608	0.00500	0.52915
33	0.01401	0.01389	0.01876	0.01632	0.01660	0.04099	0.01348	0.01559	0.01042	0.01577	0.00996	0.01595	0.00974	0.01673	0.12317	0.00393	0.62877	0.00590	0.00299	0.00703
34	0.01409	0.01169	0.01370	0.00981	0.01563	0.00880	0.00785	0.01701	0.01380	0.04116	0.01210	0.01389	0.00993	0.00497	0.00492	0.00100	0.00490	0.00398	0.00402	0.78676
35	0.01327	0.12852	0.54390	0.01636	0.02444	0.01550	0.02015	0.01956	0.01447	0.02088	0.10726	0.01820	0.01559	0.00714	0.00619	0.00199	0.00848	0.00563	0.00339	0.00909
36	0.01119	0.00752	0.00898	0.00829	0.01056	0.00681	0.00633	0.01444	0.04995	0.09689	0.37734	0.05044	0.29866	0.01387	0.00760	0.00213	0.00355	0.01188	0.00690	0.00669
37	0.01320	0.03405	0.73453	0.01876	0.02849	0.01529	0.02432	0.02085	0.01390	0.02085	0.01181	0.01390	0.00834	0.00625	0.00625	0.00208	0.00973	0.00486	0.00278	0.00973
38	0.06929	0.01106	0.01405	0.01145	0.01569	0.01045	0.00933	0.08168	0.03727	0.47169	0.02628	0.05756	0.05064	0.01245	0.06195	0.00275	0.00643	0.03300	0.00714	0.00984
39	0.00889	0.00637	0.00865	0.00971	0.01039	0.00639	0.00703	0.01046	0.01230	0.01654	0.03073	0.42625	0.03521	0.11000	0.15163	0.00466	0.00712	0.12688	0.00537	0.00542
40	0.01243	0.01170	0.01975	0.75282	0.04534	0.01463	0.01828	0.01682	0.01316	0.01682	0.01170	0.01755	0.00878	0.00658	0.00658	0.00219	0.00878	0.00585	0.00293	0.00731
41	0.18875	0.00869	0.00871	0.00790	0.01052	0.00902	0.00613	0.01925	0.04659	0.12846	0.01967	0.02229	0.01523	0.05072	0.00652	0.00202	0.00417	0.00591	0.43230	0.00717
42	0.09502	0.01490	0.01504	0.01253	0.01659	0.08412	0.00999	0.21275	0.11968	0.18894	0.07953	0.05765	0.04604	0.00922	0.00654	0.00205	0.00618	0.00732	0.00643	0.00947
43	0.01007	0.00638	0.00833	0.00904	0.00975	0.00610	0.00608	0.01116	0.01228	0.06954	0.03085	0.50148	0.03535	0.18049	0.06742	0.00399	0.00551	0.01501	0.00562	0.00554
44	0.01931	0.01018	0.01273	0.01131	0.01452	0.00994	0.00871	0.04253	0.16775	0.32018	0.02937	0.27326	0.02619	0.01252	0.00724	0.00229	0.00496	0.01086	0.00711	0.00906
45	0.01941	0.01268	0.01529	0.01314	0.01670	0.08342	0.06170	0.06013	0.06140	0.25961	0.06067	0.10337	0.06128	0.01152	0.00736	0.00227	0.00638	0.12861	0.00642	0.00862
46	0.01575	0.01508	0.02573	0.14125	0.63100	0.01550	0.01993	0.01973	0.01473	0.02084	0.01229	0.01647	0.01019	0.00597	0.00653	0.00199	0.00796	0.00586	0.00321	0.00999
47	0.00802	0.00573	0.00764	0.00917	0.00955	0.00535	0.00611	0.00917	0.01260	0.01681	0.03628	0.76434	0.04354	0.02062	0.00840	0.00267	0.00382	0.01872	0.00611	0.00535
48	0.01212	0.00997	0.01593	0.48313	0.03272	0.01172	0.01405	0.01554	0.01347	0.05227	0.06896	0.13209	0.01926	0.04722	0.04155	0.00283	0.00776	0.00846	0.00405	0.00691
49	0.01660	0.01697	0.03065	0.02847	0.23023	0.04355	0.36441	0.08652	0.01712	0.02320	0.04697	0.01979	0.01330	0.00660	0.00726	0.00211	0.00932	0.02374	0.00388	0.00931
50	0.01376	0.00904	0.00931	0.00877	0.01110	0.00985	0.00671	0.02246	0.26837	0.02563	0.02340	0.02455	0.01804	0.00813	0.00536	0.00179	0.00384	0.00661	0.51558	0.00769
51	0.00941	0.00702	0.01043	0.01043	0.01156	0.00815	0.00805	0.01166	0.01054	0.01517	0.01777	0.02661	0.01678	0.08054	0.71183	0.01040	0.01715	0.00716	0.00355	0.00580
52	0.01469	0.02367	0.29117	0.02449	0.03226	0.01616	0.45727	0.02100	0.01494	0.02100	0.01277	0.01636	0.00939	0.00581	0.00722	0.00217	0.01060	0.00672	0.00313	0.00919
53	0.01532	0.24628	0.47944	0.01647	0.02455	0.07295	0.01970	0.02093	0.01411	0.01895	0.01093	0.01279	0.00838	0.00612	0.00565	0.00186	0.00912	0.00443	0.00284	0.00920
54	0.00802	0.00573	0.00764	0.00917	0.00955	0.00535	0.00611	0.00917	0.01260	0.01681	0.03628	0.76434	0.04354	0.02062	0.00840	0.00267	0.00382	0.01872	0.00611	0.00535
55	0.01227	0.00614	0.00614	0.00614	0.00767	0.00614	0.00460	0.01534	0.01381	0.02454	0.02148	0.02454	0.01687	0.00767	0.00460	0.00153	0.00307	0.00614	0.80518	0.00614
56	0.01472	0.01453	0.01996	0.01817	0.05596	0.05281	0.06545	0.01843	0.07725	0.01820	0.01478	0.02432	0.01416	0.01127	0.01579	0.00269	0.44512	0.10497	0.00378	0.00765
57	0.01873	0.01496	0.02017	0.12655	0.12380	0.01635	0.06539	0.17579	0.25232	0.08741	0.01906	0.01976	0.01404	0.00761	0.00670	0.00211	0.00702	0.00661	0.00551	0.01009
58	0.01243	0.01170	0.01975	0.75282	0.04534	0.01463	0.01828	0.01682	0.01316	0.01682	0.01170	0.01755	0.00878	0.00658	0.00658	0.00219	0.00878	0.00585	0.00293	0.00731
59	0.01328	0.03351	0.71115	0.01907	0.02869	0.01533	0.04715	0.02086	0.01395	0.02086	0.01186	0.01403	0.00839	0.00623	0.00631	0.00209	0.00978	0.00496	0.00280	0.00970
60	0.11919	0.01876	0.01774	0.01417	0.01897	0.13259	0.01150	0.41894	0.02491	0.13626	0.01560	0.01553	0.01102	0.00755	0.00619	0.00195	0.00748	0.00548	0.00601	0.01015
61	0.00778	0.00667	0.00667	0.00667	0.00889	0.00556	0.00500	0.00945	0.01501	0.01778	0.06669	0.06336	0.72490	0.01667	0.00778	0.00222	0.00333	0.01389	0.00611	0.00556
62	0.01854	0.49929	0.03037	0.01826	0.17438	0.08926	0.01330	0.02104	0.01449	0.05196	0.01078	0.01253	0.00927	0.00591	0.00501	0.00159	0.00759	0.00426	0.00323	0.00895
63	0.02729	0.01127	0.01505	0.01144	0.01664	0.00955	0.00941	0.02989	0.01811	0.63153	0.02395	0.02117	0.01537	0.00768	0.00637	0.00189	0.00550	0.00624	0.00755	0.12412
64	0.01365	0.01170	0.01365	0.00975	0.01560	0.00878	0.00780	0.01658	0.01365	0.02145	0.01170	0.01365	0.00975	0.00488	0.00488	0.00098	0.00488	0.00390	0.00390	0.80888
65	0.01628	0.01453	0.02441	0.12267	0.57977	0.01481	0.01877	0.02014	0.01490	0.05470	0.01336	0.01711	0.01080	0.00614	0.00644	0.00197	0.00761	0.00591	0.03978	0.00990
66	0.15082	0.56067	0.11045	0.01169	0.01753	0.02293	0.01207	0.01978	0.01307	0.01846	0.00946	0.01096	0.00821	0.00578	0.00443	0.00159	0.00702	0.00368	0.00302	0.00837
67	0.02503	0.01844	0.01976	0.01515	0.02042	0.02042	0.01251	0.70562	0.03095	0.04149	0.01581	0.01581	0.01120	0.00790	0.00659	0.00198	0.00724	0.00593	0.00659	0.01120
68	0.00957	0.00638	0.00718	0.00718	0.00718	0.00638	0.00399	0.00957	0.00957	0.01276	0.02074	0.04308	0.02393	0.76864	0.03351	0.00638	0.00638	0.00957	0.00399	0.00399
69	0.02327	0.02934	0.01906	0.01707	0.02047	0.66749	0.04619	0.02512	0.01818	0.01639	0.01172	0.05220	0.01042	0.00746	0.00616	0.00177	0.01141	0.00518	0.00353	0.00757
70	0.01243	0.01170	0.01975	0.75282	0.04534	0.01463	0.01828	0.01682	0.01316	0.01682	0.01170	0.01755	0.00878	0.00658	0.00658	0.00219	0.00878	0.00585	0.00293	0.00731
71	0.01144	0.00572	0.00858	0.00858	0.00858	0.00572	0.00572	0.00858	0.00858	0.01144	0.01144	0.02001	0.01144	0.02287	0.02573	0.80846	0.00572	0.00572	0.00286	0.00286
72	0.00801	0.00578	0.00759	0.00903	0.00951	0.00536	0.00605	0.00918	0.01273	0.01686	0.03790	0.72704	0.07980	0.02041	0.00837	0.00265	0.00379	0.01846	0.00611	0.00536
73	0.01029	0.00742	0.01019	0.01153	0.01305	0.00732	0.00993	0.01317	0.01519	0.01973	0.06310	0.09611	0.08289	0.01799	0.00894	0.00293	0.00570	0.59239	0.00611	0.00601
74	0.01320	0.03405	0.73453	0.01876	0.02849	0.01529	0.02432	0.02085	0.01390	0.02085	0.01181	0.01390	0.00834	0.00625	0.00625	0.00208	0.00973	0.00486	0.00278	0.00973
75	0.01243	0.01170	0.01975	0.75282	0.04534	0.01463	0.01828	0.01682	0.01316	0.01682	0.01170	0.01755	0.00878	0.00658	0.00658	0.00219	0.00878	0.00585	0.00293	0.00731
76	0.01610	0.01545	0.02638	0.07528	0.69418	0.01559	0.02011	0.02004	0.01490	0.02128	0.01235	0.01636	0.01035	0.00590	0.00652	0.00197	0.00787	0.00586	0.00324	0.01028
77	0.00896	0.00672	0.00830	0.00791	0.00962	0.00606	0.00593	0.01173	0.01779	0.02439	0.57111	0.05248	0.21636	0.01421	0.00777	0.00211	0.00316	0.01237	0.00698	0.00606
78	0.00902	0.00802	0.00779	0.00770	0.00975	0.04754	0.00572	0.01091	0.01569	0.01913	0.17634	0.10379	0.52383	0.01581	0.00771	0.00220	0.00381	0.01331	0.00616	0.00578
79	0.01760	0.77260	0.03450	0.01126	0.01690	0.02605	0.01126	0.01971	0.01338	0.01549	0.00915	0.01056	0.00845	0.00563	0.00422	0.00141	0.00704	0.00352	0.00282	0.00845
80	0.01598	0.01450	0.04188	0.08429	0.07359	0.05034	0.08468	0.07826	0.25450	0.02504	0.01950	0.02088	0.01485	0.00756	0.00626	0.00200	0.00653	0.00655	0.18390	0.00891

[dist]
# distance from previous block
# <min> <max>
0	1

[block]
# block no. 4 follows, 33 sequences, length 55
# corresponding to MSA columns:
# 504-515,517-559
name=unknown_E
#
# <colnr> <probs for GDERKNQSTAVLIFYWHMCP>
#	G	D	E	R	K	N	Q	S	T	A	V	L	I	F	Y	W	H	M	C	P
0	0.81514	0.01273	0.00968	0.00866	0.01273	0.01477	0.00713	0.01935	0.01120	0.02954	0.00917	0.01069	0.00713	0.00611	0.00407	0.00204	0.00509	0.00356	0.00407	0.00713
1	0.01652	0.01280	0.01293	0.01135	0.01417	0.06956	0.00884	0.23242	0.07060	0.02774	0.07645	0.12830	0.04794	0.01157	0.02636	0.00224	0.02480	0.00854	0.18882	0.00804
2	0.01760	0.77260	0.03450	0.01126	0.01690	0.02605	0.01126	0.01971	0.01338	0.01549	0.00915	0.01056	0.00845	0.00563	0.00422	0.00141	0.00704	0.00352	0.00282	0.00845
3	0.01365	0.01170	0.01365	0.00975	0.01560	0.00878	0.00780	0.01658	0.01365	0.02145	0.01170	0.01365	0.00975	0.00488	0.00488	0.00098	0.00488	0.00390	0.00390	0.80888
4	0.00829	0.00596	0.00783	0.00923	0.00978	0.00559	0.00637	0.00958	0.01282	0.01695	0.03700	0.64438	0.07428	0.04872	0.00939	0.00282	0.00409	0.07554	0.00603	0.00537
5	0.00816	0.00579	0.00760	0.00899	0.00934	0.00544	0.00592	0.00920	0.01233	0.01645	0.03490	0.70030	0.04180	0.08705	0.01063	0.00300	0.00405	0.01790	0.00592	0.00523
6	0.01365	0.01170	0.01365	0.00975	0.01560	0.00878	0.00780	0.01658	0.01365	0.02145	0.01170	0.01365	0.00975	0.00488	0.00488	0.00098	0.00488	0.00390	0.00390	0.80888
7	0.02503	0.01844	0.01976	0.01515	0.02042	0.02042	0.01251	0.70562	0.03095	0.04149	0.01581	0.01581	0.01120	0.00790	0.00659	0.00198	0.00724	0.00593	0.00659	0.01120
8	0.01860	0.05718	0.02808	0.06318	0.02691	0.17084	0.30018	0.08408	0.01673	0.04671	0.01240	0.01567	0.00968	0.00701	0.00890	0.00213	0.11324	0.00621	0.00371	0.00857
9	0.01227	0.00614	0.00614	0.00614	0.00767	0.00614	0.00460	0.01534	0.01381	0.02454	0.02148	0.02454	0.01687	0.00767	0.00460	0.00153	0.00307	0.00614	0.80518	0.00614
10	0.01229	0.00943	0.01156	0.01053	0.01237	0.02710	0.04154	0.04424	0.10906	0.04468	0.05869	0.07471	0.08545	0.28087	0.12673	0.00493	0.00772	0.02667	0.00501	0.00641
11	0.01365	0.01170	0.01365	0.00975	0.01560	0.00878	0.00780	0.01658	0.01365	0.02145	0.01170	0.01365	0.00975	0.00488	0.00488	0.00098	0.00488	0.00390	0.00390	0.80888
12	0.01350	0.08327	0.68788	0.01826	0.02772	0.01601	0.02345	0.02077	0.01386	0.02049	0.01164	0.01368	0.00835	0.00621	0.00612	0.00204	0.00955	0.00478	0.00278	0.00964
13	0.00817	0.00668	0.00720	0.00707	0.00913	0.00572	0.00531	0.01020	0.01592	0.01995	0.23204	0.05979	0.55820	0.01586	0.00778	0.00218	0.00328	0.01339	0.00640	0.00572
14	0.02503	0.01844	0.01976	0.01515	0.02042	0.02042	0.01251	0.70562	0.03095	0.04149	0.01581	0.01581	0.01120	0.00790	0.00659	0.00198	0.00724	0.00593	0.00659	0.01120
15	0.01406	0.01116	0.01681	0.01439	0.01765	0.01105	0.11517	0.06998	0.01562	0.06214	0.02336	0.10407	0.02329	0.01374	0.03819	0.00270	0.06401	0.24293	0.00513	0.13453
16	0.02279	0.01683	0.02062	0.01575	0.02083	0.01808	0.09699	0.50279	0.05450	0.07685	0.01696	0.01744	0.01213	0.00765	0.00659	0.00199	0.00723	0.00627	0.06723	0.01049
17	0.01061	0.00758	0.01061	0.01212	0.01364	0.00758	0.01061	0.01364	0.01515	0.01970	0.03486	0.07426	0.03789	0.01819	0.00909	0.00303	0.00606	0.68326	0.00606	0.00606
18	0.00942	0.00701	0.01035	0.01035	0.01145	0.00811	0.00795	0.01161	0.01051	0.01511	0.01784	0.02701	0.01696	0.09725	0.69535	0.01030	0.01688	0.00722	0.00356	0.00575
19	0.01406	0.01394	0.07390	0.54768	0.14558	0.01454	0.01853	0.01851	0.01382	0.05898	0.01263	0.01737	0.00943	0.00654	0.00655	0.00214	0.00852	0.00582	0.00327	0.00819
20	0.01414	0.03274	0.69315	0.01836	0.02782	0.01497	0.02348	0.02149	0.01418	0.06177	0.01263	0.01439	0.00880	0.00636	0.00628	0.00208	0.00949	0.00497	0.00309	0.00981
21	0.00784	0.00667	0.00676	0.00674	0.00893	0.00558	0.00505	0.00957	0.01516	0.01814	0.09395	0.06277	0.69742	0.01654	0.00778	0.00222	0.00333	0.01381	0.00616	0.00558
22	0.00990	0.00731	0.00964	0.01083	0.01246	0.00706	0.00923	0.01257	0.01503	0.01918	0.04181	0.09749	0.18692	0.01795	0.00878	0.00284	0.00539	0.51361	0.00607	0.00593
23	0.02118	0.06795	0.07753	0.10799	0.02477	0.37846	0.07529	0.05841	0.03572	0.07353	0.01264	0.01451	0.00967	0.00676	0.00621	0.00187	0.01009	0.00511	0.00386	0.00844
24	0.01760	0.77260	0.03450	0.01126	0.01690	0.02605	0.01126	0.01971	0.01338	0.01549	0.00915	0.01056	0.00845	0.00563	0.00422	0.00141	0.00704	0.00352	0.00282	0.00845
25	0.00778	0.00667	0.00667	0.00667	0.00889	0.00556	0.00500	0.00945	0.01501	0.01778	0.06669	0.06336	0.72490	0.01667	0.00778	0.00222	0.00333	0.01389	0.00611	0.00556
26	0.01365	0.01170	0.01365	0.00975	0.01560	0.00878	0.00780	0.01658	0.01365	0.02145	0.01170	0.01365	0.00975	0.00488	0.00488	0.00098	0.00488	0.00390	0.00390	0.80888
27	0.00800	0.00663	0.00705	0.00732	0.00929	0.00567	0.00551	0.00971	0.01475	0.01781	0.06114	0.14123	0.60236	0.01721	0.00794	0.00233	0.00358	0.06078	0.00611	0.00557
28	0.01607	0.01542	0.02632	0.08139	0.68832	0.01558	0.02009	0.02001	0.01488	0.02124	0.01234	0.01637	0.01033	0.00591	0.00652	0.00197	0.00788	0.00586	0.00324	0.01025
29	0.00795	0.00601	0.00735	0.00842	0.00935	0.00541	0.00578	0.00925	0.01332	0.01710	0.04532	0.55608	0.24597	0.01945	0.00822	0.00254	0.00368	0.01728	0.00611	0.00541
30	0.01018	0.00718	0.00910	0.00848	0.01030	0.00669	0.00641	0.01378	0.04632	0.05017	0.62175	0.04835	0.10953	0.01334	0.00768	0.00209	0.00329	0.01170	0.00717	0.00650
31	0.01455	0.01418	0.02254	0.40903	0.32000	0.04441	0.01870	0.01854	0.01402	0.01866	0.01181	0.01670	0.00943	0.00647	0.00705	0.00210	0.03435	0.00579	0.00308	0.00859
32	0.01365	0.01170	0.01365	0.00975	0.01560	0.00878	0.00780	0.01658	0.01365	0.02145	0.01170	0.01365	0.00975	0.00488	0.00488	0.00098	0.00488	0.00390	0.00390	0.80888
33	0.01629	0.01564	0.02672	0.04041	0.72757	0.01564	0.02020	0.02020	0.01499	0.02151	0.01238	0.01629	0.01043	0.00587	0.00652	0.00196	0.00782	0.00587	0.00326	0.01043
34	0.00954	0.00650	0.00779	0.00779	0.00800	0.00671	0.00475	0.00996	0.00975	0.01322	0.02019	0.04000	0.02259	0.63980	0.16052	0.00713	0.00840	0.00912	0.00391	0.00433
35	0.01637	0.01414	0.01489	0.01340	0.01712	0.01637	0.01042	0.03498	0.71568	0.02754	0.02679	0.02456	0.02010	0.00893	0.00670	0.00223	0.00521	0.00744	0.00670	0.01042
36	0.74498	0.01324	0.01057	0.00923	0.01341	0.01527	0.00761	0.08029	0.01296	0.03060	0.00976	0.01115	0.00749	0.00627	0.00430	0.00203	0.00528	0.00377	0.00430	0.00749
37	0.01760	0.77260	0.03450	0.01126	0.01690	0.02605	0.01126	0.01971	0.01338	0.01549	0.00915	0.01056	0.00845	0.00563	0.00422	0.00141	0.00704	0.00352	0.00282	0.00845
38	0.02931	0.01156	0.01550	0.01188	0.01698	0.01021	0.00982	0.06557	0.01944	0.69779	0.02547	0.02208	0.01604	0.00814	0.00662	0.00203	0.00568	0.00659	0.00807	0.01120
39	0.01243	0.01170	0.01975	0.75282	0.04534	0.01463	0.01828	0.01682	0.01316	0.01682	0.01170	0.01755	0.00878	0.00658	0.00658	0.00219	0.00878	0.00585	0.00293	0.00731
40	0.01629	0.01564	0.02672	0.04041	0.72757	0.01564	0.02020	0.02020	0.01499	0.02151	0.01238	0.01629	0.01043	0.00587	0.00652	0.00196	0.00782	0.00587	0.00326	0.01043
41	0.01554	0.01776	0.03885	0.02775	0.03441	0.01665	0.70366	0.02109	0.01554	0.02109	0.01332	0.01776	0.00999	0.00555	0.00777	0.00222	0.01110	0.00777	0.00333	0.00888
42	0.00802	0.00573	0.00764	0.00917	0.00955	0.00535	0.00611	0.00917	0.01260	0.01681	0.03628	0.76434	0.04354	0.02062	0.00840	0.00267	0.00382	0.01872	0.00611	0.00535
43	0.02503	0.01844	0.01976	0.01515	0.02042	0.02042	0.01251	0.70562	0.03095	0.04149	0.01581	0.01581	0.01120	0.00790	0.00659	0.00198	0.00724	0.00593	0.00659	0.01120
44	0.01300	0.01228	0.02077	0.64784	0.14587	0.01478	0.01857	0.01732	0.01343	0.01751	0.01180	0.01737	0.00902	0.00648	0.00657	0.00216	0.00864	0.00585	0.00297	0.00777
45	0.00940	0.00705	0.01058	0.01058	0.01176	0.00823	0.00823	0.01176	0.01058	0.01528	0.01763	0.02586	0.01646	0.04937	0.74255	0.01058	0.01763	0.00705	0.00353	0.00588
46	0.02741	0.01058	0.01415	0.01102	0.01568	0.00924	0.00905	0.03002	0.01822	0.64477	0.02542	0.02267	0.01637	0.00809	0.00637	0.00197	0.00529	0.00656	0.10655	0.01058
47	0.01384	0.12457	0.61985	0.01820	0.02730	0.01667	0.05030	0.02072	0.01390	0.02020	0.01155	0.01364	0.00842	0.00615	0.00607	0.00201	0.00945	0.00482	0.00281	0.00954
48	0.02921	0.01173	0.01560	0.01196	0.01707	0.01046	0.00988	0.08100	0.01972	0.68198	0.02523	0.02193	0.01593	0.00813	0.00662	0.00203	0.00572	0.00657	0.00803	0.01120
49	0.02954	0.01120	0.01528	0.01171	0.01681	0.00968	0.00968	0.03208	0.01884	0.73213	0.02597	0.02241	0.01630	0.00815	0.00662	0.00204	0.00560	0.00662	0.00815	0.01120
50	0.01567	0.01485	0.02513	0.03756	0.66384	0.01480	0.01896	0.01951	0.01531	0.02194	0.07558	0.01921	0.01502	0.00654	0.00663	0.00197	0.00740	0.00640	0.00361	0.01005
51	0.01681	0.01692	0.02695	0.03452	0.51094	0.06464	0.10557	0.03845	0.01529	0.02112	0.01211	0.01600	0.01010	0.00644	0.00798	0.00205	0.07498	0.00599	0.00333	0.00978
52	0.00896	0.00690	0.00838	0.00905	0.01076	0.00632	0.00725	0.01117	0.01509	0.01908	0.10647	0.14548	0.34496	0.01740	0.00832	0.00255	0.00435	0.25556	0.00619	0.00577
53	0.00829	0.00677	0.00738	0.00746	0.00951	0.00586	0.00574	0.01031	0.01556	0.01926	0.16179	0.06233	0.55711	0.01634	0.00791	0.00228	0.00357	0.08054	0.00628	0.00571
54	0.01336	0.05980	0.71013	0.01850	0.02809	0.01566	0.02387	0.02081	0.01388	0.02066	0.01172	0.01378	0.00834	0.00623	0.00618	0.00206	0.00964	0.00482	0.00278	0.00968

[dist]
# distance from previous block
# <min> <max>
0	2

[block]
# block no. 5 follows, 33 sequences, length 94
# corresponding to MSA columns:
# 562-655
name=unknown_F
#
# <colnr> <probs for GDERKNQSTAVLIFYWHMCP>
#	G	D	E	R	K	N	Q	S	T	A	V	L	I	F	Y	W	H	M	C	P
0	0.03617	0.01183	0.01884	0.65031	0.04121	0.01431	0.01693	0.01765	0.04282	0.01795	0.01226	0.01739	0.00927	0.00655	0.00640	0.00211	0.00826	0.00572	0.00318	0.06083
1	0.06675	0.04340	0.03705	0.01473	0.01927	0.28237	0.01195	0.22667	0.05090	0.16066	0.01548	0.01551	0.01117	0.00738	0.00615	0.00189	0.00849	0.00528	0.00537	0.00953
2	0.02738	0.01118	0.01492	0.01156	0.01648	0.00981	0.00948	0.03072	0.05140	0.63862	0.05471	0.02325	0.01812	0.00827	0.00660	0.00200	0.00545	0.00676	0.00786	0.04544
3	0.02050	0.01763	0.07502	0.01444	0.01948	0.01742	0.01250	0.43880	0.06201	0.03339	0.01601	0.05145	0.01262	0.00825	0.00741	0.00195	0.05674	0.00624	0.00564	0.12251
4	0.02109	0.01404	0.05325	0.01194	0.01719	0.03272	0.01016	0.14321	0.01909	0.27233	0.07919	0.02012	0.01671	0.00742	0.00614	0.00170	0.00585	0.00596	0.00607	0.25582
5	0.01348	0.07970	0.69126	0.01830	0.02778	0.01595	0.02352	0.02078	0.01387	0.02052	0.01165	0.01369	0.00835	0.00622	0.00613	0.00204	0.00956	0.00478	0.00278	0.00965
6	0.02503	0.01844	0.01976	0.01515	0.02042	0.02042	0.01251	0.70562	0.03095	0.04149	0.01581	0.01581	0.01120	0.00790	0.00659	0.00198	0.00724	0.00593	0.00659	0.01120
7	0.01377	0.01307	0.02217	0.50569	0.28200	0.01498	0.01895	0.01799	0.01380	0.01845	0.01194	0.01712	0.00935	0.00633	0.00656	0.00211	0.00844	0.00586	0.00304	0.00839
8	0.01629	0.01564	0.02672	0.04041	0.72757	0.01564	0.02020	0.02020	0.01499	0.02151	0.01238	0.01629	0.01043	0.00587	0.00652	0.00196	0.00782	0.00587	0.00326	0.01043
9	0.00893	0.00671	0.00827	0.00788	0.00960	0.00605	0.00591	0.01168	0.01773	0.02425	0.56012	0.05271	0.22744	0.01426	0.00777	0.00211	0.00316	0.01240	0.00696	0.00605
10	0.00932	0.00673	0.00880	0.00828	0.00984	0.00621	0.00621	0.01242	0.01863	0.02640	0.72410	0.04918	0.06212	0.01346	0.00776	0.00207	0.00311	0.01191	0.00725	0.00621
11	0.01581	0.01496	0.02536	0.03803	0.66743	0.01496	0.01940	0.01965	0.01500	0.02136	0.01428	0.02118	0.01274	0.00690	0.00673	0.00205	0.00767	0.06293	0.00349	0.01006
12	0.01144	0.00572	0.00858	0.00858	0.00858	0.00572	0.00572	0.00858	0.00858	0.01144	0.01144	0.02001	0.01144	0.02287	0.02573	0.80846	0.00572	0.00572	0.00286	0.00286
13	0.02420	0.03079	0.01953	0.01743	0.02096	0.71084	0.04259	0.02606	0.01852	0.01633	0.01031	0.01213	0.00855	0.00673	0.00602	0.00172	0.01184	0.00439	0.00339	0.00769
14	0.02102	0.00932	0.01255	0.01027	0.01387	0.00822	0.00822	0.02380	0.01876	0.43489	0.32001	0.03368	0.03560	0.01038	0.00710	0.00205	0.00455	0.00885	0.00777	0.00910
15	0.01414	0.19124	0.58554	0.01717	0.02602	0.01758	0.02154	0.02061	0.01379	0.01971	0.01125	0.01319	0.00836	0.00612	0.00582	0.00194	0.00916	0.00458	0.00279	0.00946
16	0.01571	0.45466	0.33586	0.01449	0.02189	0.02142	0.01689	0.02020	0.01360	0.01780	0.01030	0.01200	0.00840	0.00590	0.00510	0.00170	0.00820	0.00410	0.00280	0.00900
17	0.01707	0.01399	0.01491	0.01331	0.01710	0.01602	0.01038	0.03483	0.67871	0.06491	0.02675	0.02445	0.01989	0.00889	0.00669	0.00222	0.00523	0.00740	0.00678	0.01046
18	0.00955	0.00648	0.00766	0.00766	0.00782	0.00664	0.00458	0.00988	0.00971	0.01312	0.02031	0.04067	0.02289	0.66804	0.13267	0.00697	0.00796	0.00922	0.00392	0.00425
19	0.01592	0.05779	0.18057	0.02421	0.03118	0.07793	0.47262	0.02141	0.01536	0.02036	0.01255	0.01613	0.00945	0.00580	0.00714	0.00211	0.01069	0.00667	0.00320	0.00893
20	0.01144	0.00572	0.00858	0.00858	0.00858	0.00572	0.00572	0.00858	0.00858	0.01144	0.01144	0.02001	0.01144	0.02287	0.02573	0.80846	0.00572	0.00572	0.00286	0.00286
21	0.00802	0.00573	0.00764	0.00917	0.00955	0.00535	0.00611	0.00917	0.01260	0.01681	0.03628	0.76434	0.04354	0.02062	0.00840	0.00267	0.00382	0.01872	0.00611	0.00535
22	0.01243	0.01170	0.01975	0.75282	0.04534	0.01463	0.01828	0.01682	0.01316	0.01682	0.01170	0.01755	0.00878	0.00658	0.00658	0.00219	0.00878	0.00585	0.00293	0.00731
23	0.01321	0.01250	0.02115	0.60887	0.18319	0.01483	0.01867	0.01750	0.01353	0.01777	0.01184	0.01730	0.00911	0.00644	0.00657	0.00215	0.00858	0.00585	0.00299	0.00794
24	0.01637	0.01414	0.01489	0.01340	0.01712	0.01637	0.01042	0.03498	0.71568	0.02754	0.02679	0.02456	0.02010	0.00893	0.00670	0.00223	0.00521	0.00744	0.00670	0.01042
25	0.00927	0.00673	0.00873	0.00823	0.00980	0.00619	0.00617	0.01232	0.01851	0.02611	0.70235	0.04964	0.08404	0.01356	0.00777	0.00208	0.00311	0.01197	0.00721	0.00619
26	0.81514	0.01273	0.00968	0.00866	0.01273	0.01477	0.00713	0.01935	0.01120	0.02954	0.00917	0.01069	0.00713	0.00611	0.00407	0.00204	0.00509	0.00356	0.00407	0.00713
27	0.06664	0.01188	0.01538	0.01185	0.01691	0.01082	0.00979	0.08778	0.01949	0.64088	0.02432	0.02130	0.01543	0.00803	0.00650	0.00203	0.00571	0.00642	0.00782	0.01101
28	0.02051	0.01620	0.01722	0.01423	0.01870	0.01831	0.01142	0.35568	0.38825	0.03421	0.02154	0.02037	0.01584	0.00844	0.00664	0.00211	0.00618	0.00672	0.00664	0.01079
29	0.00946	0.00683	0.00946	0.00946	0.01025	0.00762	0.00683	0.01104	0.01025	0.01445	0.01866	0.03153	0.01892	0.28601	0.50927	0.00920	0.01393	0.00788	0.00368	0.00526
