[name]
unknown

[dist]
# distance from previous block
# <min> <max>
4	37

[block]
# block no. 0 follows, 35 sequences, length 22
# corresponding to MSA columns:
# 51-72
name=unknown_A
#
# <colnr> <probs for GDERKNQSTAVLIFYWHMCP>
#	G	D	E	R	K	N	Q	S	T	A	V	L	I	F	Y	W	H	M	C	P
0	0.12907	0.01121	0.01195	0.01114	0.04414	0.05090	0.00813	0.12821	0.01618	0.11402	0.09283	0.04675	0.05545	0.11723	0.07387	0.00321	0.00652	0.00729	0.06454	0.00735
1	0.05537	0.01105	0.05848	0.04014	0.03754	0.01005	0.00933	0.06107	0.08321	0.16370	0.18343	0.02828	0.06068	0.01215	0.06382	0.00258	0.00583	0.00760	0.09775	0.00796
2	0.01783	0.03936	0.06541	0.06603	0.04362	0.07316	0.04676	0.14085	0.05727	0.13076	0.07339	0.03454	0.03330	0.00998	0.03878	0.00235	0.07893	0.00658	0.01950	0.02160
3	0.10198	0.01775	0.05532	0.01456	0.03955	0.12974	0.04610	0.25615	0.06721	0.12987	0.01580	0.01620	0.01141	0.00710	0.00592	0.00188	0.00716	0.00547	0.06157	0.00927
4	0.10585	0.04206	0.04268	0.01500	0.01995	0.08218	0.12460	0.16961	0.09110	0.21783	0.01703	0.01700	0.01196	0.00701	0.00615	0.00195	0.00722	0.00583	0.00548	0.00950
5	0.07090	0.11175	0.06737	0.03568	0.05720	0.05964	0.01133	0.21822	0.05105	0.05168	0.03965	0.03991	0.05521	0.03191	0.00668	0.00194	0.00653	0.00611	0.00477	0.07246
6	0.00768	0.00571	0.00716	0.00832	0.00907	0.00520	0.00566	0.00889	0.01264	0.01640	0.04124	0.62050	0.19032	0.01906	0.00797	0.00248	0.00358	0.01704	0.00589	0.00520
7	0.01468	0.11600	0.41073	0.04522	0.07644	0.09110	0.10106	0.02009	0.01401	0.01887	0.01166	0.03074	0.00917	0.00623	0.00601	0.00192	0.00915	0.00521	0.00292	0.00880
8	0.04075	0.01502	0.07832	0.12272	0.02145	0.07141	0.06620	0.04800	0.22047	0.06430	0.08905	0.04805	0.06941	0.00877	0.00656	0.00206	0.00657	0.00749	0.00509	0.00832
9	0.00997	0.00673	0.00865	0.00802	0.00978	0.00612	0.00607	0.01280	0.01763	0.06642	0.62800	0.04720	0.12256	0.01297	0.00742	0.00201	0.00315	0.01136	0.00693	0.00621
10	0.02022	0.21133	0.02324	0.01433	0.01915	0.03618	0.06362	0.33094	0.11690	0.05088	0.01477	0.01529	0.01119	0.00714	0.00642	0.00185	0.03648	0.00543	0.00504	0.00962
11	0.01639	0.67964	0.12945	0.01183	0.01779	0.02370	0.01256	0.01914	0.01296	0.01562	0.00917	0.01061	0.00813	0.00551	0.00434	0.00145	0.00713	0.00357	0.00271	0.00831
12	0.01706	0.39063	0.16508	0.01345	0.01923	0.05822	0.03313	0.04563	0.12757	0.05476	0.01320	0.01394	0.01041	0.00630	0.00520	0.00169	0.00729	0.00462	0.00372	0.00887
13	0.01512	0.31974	0.39445	0.01445	0.02169	0.01805	0.01698	0.01994	0.01368	0.06042	0.04281	0.01411	0.01079	0.00621	0.00535	0.00175	0.00786	0.00458	0.00318	0.00883
14	0.00806	0.00574	0.00759	0.00879	0.00931	0.00540	0.00601	0.00939	0.01271	0.01707	0.10548	0.62607	0.04253	0.05847	0.00933	0.00272	0.00385	0.05040	0.00589	0.00520
15	0.00879	0.00671	0.00821	0.00884	0.01014	0.00641	0.00650	0.01183	0.07049	0.01892	0.14526	0.37303	0.18932	0.01687	0.00782	0.00240	0.00383	0.09273	0.00609	0.00579
16	0.05860	0.05337	0.13453	0.01889	0.08925	0.27399	0.07456	0.09535	0.01640	0.02033	0.01083	0.01322	0.00868	0.00685	0.00767	0.00193	0.09884	0.00491	0.00344	0.00835
17	0.01043	0.00671	0.00920	0.02669	0.03890	0.00636	0.00709	0.01190	0.01282	0.09034	0.03225	0.54899	0.05848	0.05350	0.03081	0.00286	0.00467	0.03633	0.00575	0.00594
18	0.00796	0.00619	0.00664	0.00693	0.00845	0.00543	0.00491	0.00936	0.01337	0.01677	0.05140	0.19807	0.48319	0.09867	0.01014	0.00263	0.00361	0.01347	0.04764	0.00518
19	0.01433	0.01257	0.01960	0.35728	0.17796	0.01448	0.03271	0.02024	0.12240	0.05663	0.01505	0.01987	0.01195	0.00739	0.00753	0.00215	0.06277	0.03298	0.00383	0.00830
20	0.17401	0.04557	0.14024	0.01381	0.01860	0.19667	0.01248	0.12176	0.15447	0.02460	0.03067	0.01526	0.01164	0.00699	0.00565	0.00190	0.00761	0.00504	0.00442	0.00860
21	0.01400	0.02629	0.46734	0.02008	0.11943	0.04747	0.02008	0.04351	0.01400	0.02024	0.03947	0.01508	0.01048	0.00699	0.00806	0.00207	0.10815	0.00521	0.00308	0.00897

[dist]
# distance from previous block
# <min> <max>
0	1

[block]
# block no. 1 follows, 35 sequences, length 8
# corresponding to MSA columns:
# 74-81
name=unknown_B
#
# <colnr> <probs for GDERKNQSTAVLIFYWHMCP>
#	G	D	E	R	K	N	Q	S	T	A	V	L	I	F	Y	W	H	M	C	P
0	0.01404	0.04387	0.01541	0.01525	0.09009	0.18710	0.01076	0.01614	0.01251	0.01553	0.01365	0.01960	0.01259	0.05256	0.36793	0.00605	0.09112	0.00585	0.00326	0.00669
1	0.00871	0.00624	0.00811	0.00810	0.00923	0.00580	0.00581	0.01105	0.01599	0.02236	0.52127	0.21521	0.05309	0.06885	0.00939	0.00243	0.00338	0.01283	0.00651	0.00564
2	0.00818	0.00634	0.00746	0.00742	0.00905	0.00561	0.00547	0.01034	0.01572	0.02070	0.35764	0.14536	0.34754	0.01518	0.00757	0.00213	0.00317	0.01313	0.00638	0.00561
3	0.01155	0.00734	0.00921	0.00837	0.01050	0.00674	0.00641	0.01490	0.04853	0.11629	0.50484	0.04521	0.16022	0.01261	0.00730	0.00202	0.00343	0.01093	0.00690	0.00668
4	0.00783	0.00562	0.00757	0.00894	0.00936	0.00536	0.00604	0.00902	0.01200	0.01608	0.03362	0.71704	0.04001	0.02194	0.06366	0.00315	0.00467	0.01720	0.00570	0.00519
5	0.00923	0.00615	0.00692	0.00692	0.00692	0.00615	0.00384	0.00923	0.00923	0.01230	0.01999	0.04151	0.02306	0.77705	0.03229	0.00615	0.00615	0.00923	0.00384	0.00384
6	0.01983	0.01480	0.01568	0.01326	0.01733	0.04441	0.01063	0.22878	0.37269	0.12042	0.02242	0.02286	0.01684	0.00858	0.00650	0.00207	0.00592	0.04047	0.00645	0.01004
7	0.01682	0.01454	0.02375	0.07964	0.58153	0.01475	0.01790	0.04723	0.04227	0.07959	0.01360	0.01654	0.01079	0.00606	0.00630	0.00192	0.00730	0.00577	0.00375	0.00995

[dist]
# distance from previous block
# <min> <max>
0	2

[block]
# block no. 2 follows, 35 sequences, length 21
# corresponding to MSA columns:
# 84-104
name=unknown_C
#
# <colnr> <probs for GDERKNQSTAVLIFYWHMCP>
#	G	D	E	R	K	N	Q	S	T	A	V	L	I	F	Y	W	H	M	C	P
0	0.04198	0.05907	0.03666	0.09388	0.30641	0.09849	0.03274	0.08873	0.01587	0.04864	0.01202	0.01472	0.00960	0.00616	0.00635	0.00180	0.03057	0.00515	0.00366	0.08749
1	0.08176	0.21935	0.02310	0.01590	0.04742	0.33550	0.07743	0.02130	0.01489	0.01698	0.01010	0.01248	0.00864	0.00821	0.04099	0.00210	0.04862	0.00444	0.00315	0.00764
2	0.01183	0.00591	0.00591	0.00591	0.00739	0.00591	0.00443	0.01478	0.01330	0.02365	0.02069	0.02365	0.01626	0.00739	0.00443	0.00148	0.00296	0.00591	0.81227	0.00591
3	0.05855	0.12907	0.24618	0.01580	0.07055	0.01487	0.05301	0.05570	0.04822	0.07935	0.04166	0.01568	0.01177	0.00630	0.00566	0.00175	0.00711	0.00509	0.00392	0.12978
4	0.05370	0.05717	0.16331	0.05828	0.10010	0.05334	0.07214	0.04113	0.14892	0.06358	0.01894	0.08341	0.04224	0.00816	0.00632	0.00203	0.00714	0.00700	0.00439	0.00869
5	0.01306	0.00711	0.00723	0.00679	0.00863	0.00730	0.00520	0.08545	0.01497	0.02530	0.02014	0.02280	0.01571	0.00741	0.00463	0.00152	0.00336	0.00589	0.73109	0.00640
6	0.01591	0.44749	0.07197	0.01262	0.06045	0.06718	0.01105	0.01859	0.01412	0.03650	0.09473	0.01677	0.01525	0.00669	0.00494	0.00155	0.00645	0.00493	0.08495	0.00788
7	0.01648	0.09925	0.17560	0.05761	0.22426	0.17179	0.03462	0.02079	0.04161	0.03284	0.01320	0.05955	0.01131	0.00693	0.00603	0.00187	0.00844	0.00574	0.00340	0.00868
8	0.00914	0.00634	0.00844	0.00876	0.00952	0.00655	0.00613	0.01047	0.01106	0.03268	0.04376	0.24390	0.05553	0.22921	0.28248	0.00622	0.00914	0.01101	0.00453	0.00516
9	0.01349	0.02928	0.60327	0.04146	0.06154	0.01470	0.08685	0.02027	0.01370	0.04008	0.01192	0.01418	0.00850	0.00601	0.00619	0.00202	0.00927	0.00507	0.00290	0.00930
10	0.03384	0.02079	0.04511	0.05159	0.03668	0.34550	0.09317	0.03513	0.06540	0.05960	0.03480	0.09762	0.03636	0.00845	0.00640	0.00193	0.00877	0.00693	0.00422	0.00772
11	0.01353	0.01809	0.24272	0.04345	0.03527	0.01305	0.06301	0.08859	0.07955	0.03575	0.10946	0.06267	0.06328	0.00951	0.00767	0.00215	0.05413	0.04527	0.00460	0.00825
12	0.00828	0.00597	0.00787	0.00867	0.00953	0.00556	0.00617	0.01011	0.01420	0.01929	0.25309	0.47385	0.07286	0.01743	0.00793	0.00240	0.00360	0.06150	0.00623	0.00547
13	0.05799	0.04186	0.10744	0.01120	0.01480	0.01115	0.02568	0.06021	0.10785	0.07187	0.09994	0.12031	0.19167	0.01145	0.00728	0.00212	0.03473	0.00948	0.00541	0.00756
14	0.06441	0.04046	0.01854	0.06854	0.08144	0.20007	0.01267	0.15038	0.01744	0.11457	0.01361	0.01536	0.02189	0.00773	0.00861	0.00200	0.14410	0.00529	0.00436	0.00853
15	0.00828	0.00620	0.00776	0.00859	0.00964	0.00578	0.00617	0.01036	0.03294	0.01819	0.13864	0.45208	0.17980	0.01765	0.00790	0.00243	0.00371	0.07233	0.00605	0.00550
16	0.01314	0.01430	0.06351	0.40645	0.13336	0.04185	0.13042	0.01737	0.01353	0.01769	0.01429	0.01876	0.04328	0.00814	0.03555	0.00238	0.00894	0.00624	0.00310	0.00772
17	0.01496	0.07118	0.50426	0.01885	0.04629	0.06662	0.10799	0.02100	0.01417	0.05916	0.01208	0.01406	0.00873	0.00603	0.00611	0.00196	0.00927	0.00504	0.00309	0.00916
18	0.01597	0.58312	0.18156	0.01323	0.01954	0.02244	0.05211	0.01930	0.01311	0.01630	0.00957	0.01123	0.00820	0.00555	0.00467	0.00154	0.00754	0.00389	0.00273	0.00842
19	0.00814	0.00581	0.00717	0.00803	0.00852	0.00546	0.00522	0.00904	0.01175	0.01547	0.05101	0.48071	0.11320	0.22297	0.01452	0.00348	0.00428	0.01500	0.00537	0.00484
20	0.01309	0.01595	0.15142	0.01863	0.19862	0.07440	0.01338	0.03713	0.01656	0.02282	0.33271	0.02897	0.03167	0.00911	0.00672	0.00194	0.00618	0.00793	0.00487	0.00791

[dist]
# distance from previous block
# <min> <max>
2	4

[block]
# block no. 3 follows, 35 sequences, length 19
# corresponding to MSA columns:
# 109-127
name=unknown_D
#
# <colnr> <probs for GDERKNQSTAVLIFYWHMCP>
#	G	D	E	R	K	N	Q	S	T	A	V	L	I	F	Y	W	H	M	C	P
0	0.13675	0.02329	0.11248	0.01641	0.05385	0.29040	0.04360	0.18310	0.04106	0.02444	0.01186	0.01324	0.00907	0.00660	0.00577	0.00184	0.00878	0.00476	0.00409	0.00860
1	0.06973	0.01146	0.01455	0.01136	0.01613	0.01060	0.00933	0.06205	0.07873	0.58732	0.02334	0.02061	0.01512	0.00770	0.00620	0.00195	0.00539	0.00618	0.00732	0.03493
2	0.05889	0.01032	0.08353	0.08805	0.01531	0.00910	0.00944	0.03479	0.01131	0.01616	0.03628	0.03859	0.06557	0.01657	0.04320	0.36955	0.03930	0.02318	0.00348	0.02739
3	0.01088	0.00780	0.00939	0.00857	0.01068	0.00749	0.00655	0.05080	0.07231	0.05588	0.49334	0.04518	0.17126	0.01268	0.00730	0.00203	0.00350	0.01096	0.00675	0.00665
4	0.00880	0.00643	0.00826	0.00789	0.00939	0.00590	0.00589	0.01159	0.01740	0.02433	0.64654	0.08239	0.11438	0.01355	0.00751	0.00203	0.00304	0.01194	0.00684	0.00590
5	0.01416	0.01495	0.06628	0.08471	0.47489	0.01387	0.09666	0.01806	0.01421	0.01982	0.01710	0.05496	0.06757	0.00717	0.00659	0.00199	0.00755	0.00699	0.00344	0.00903
6	0.02106	0.01086	0.01323	0.01084	0.01465	0.02666	0.00869	0.07336	0.10408	0.39159	0.19032	0.02893	0.05832	0.00945	0.00668	0.00199	0.00494	0.00787	0.00719	0.00927
7	0.01102	0.01541	0.21675	0.01261	0.01669	0.01052	0.04504	0.01634	0.07716	0.02157	0.26048	0.04798	0.11643	0.01171	0.02692	0.00233	0.04901	0.02964	0.00504	0.00736
8	0.04303	0.29259	0.05479	0.03424	0.01923	0.33144	0.01222	0.10848	0.01711	0.01894	0.01021	0.01167	0.00845	0.00623	0.00520	0.00161	0.00889	0.00409	0.00344	0.00813
9	0.02412	0.01777	0.01904	0.01460	0.01967	0.01967	0.01206	0.71633	0.02983	0.03998	0.01523	0.01523	0.01079	0.00762	0.00635	0.00190	0.00698	0.00571	0.00635	0.01079
10	0.01667	0.01846	0.02776	0.02261	0.08103	0.15377	0.34950	0.05022	0.01518	0.01944	0.01170	0.01544	0.00941	0.00764	0.02900	0.00228	0.11952	0.00618	0.00332	0.04088
11	0.00849	0.00607	0.00824	0.00971	0.01041	0.00581	0.00722	0.01016	0.01290	0.01705	0.03454	0.55770	0.04029	0.01915	0.00830	0.00268	0.00434	0.22569	0.00587	0.00536
12	0.01168	0.00745	0.00950	0.00923	0.01108	0.00710	0.00699	0.01533	0.07635	0.11100	0.32331	0.22490	0.07972	0.01419	0.00751	0.00223	0.00387	0.06528	0.00663	0.00668
13	0.01423	0.01390	0.02178	0.40169	0.19584	0.04735	0.07256	0.03876	0.04737	0.01865	0.01210	0.01649	0.00947	0.00656	0.00732	0.00208	0.05674	0.00579	0.00321	0.00811
14	0.00775	0.00579	0.00721	0.00822	0.00907	0.00525	0.00564	0.00908	0.01303	0.01696	0.08281	0.56236	0.20662	0.01857	0.00792	0.00244	0.00353	0.01655	0.00595	0.00525
15	0.00896	0.00670	0.00998	0.01009	0.01116	0.00771	0.00777	0.01113	0.01035	0.01484	0.01839	0.08302	0.01789	0.04543	0.69414	0.00960	0.01596	0.00767	0.00359	0.00562
16	0.02135	0.13509	0.01987	0.01363	0.01816	0.14367	0.01127	0.41215	0.05010	0.02973	0.01754	0.01769	0.06651	0.00779	0.00599	0.00180	0.00734	0.00573	0.00524	0.00935
17	0.01380	0.05722	0.01437	0.00983	0.01515	0.04900	0.00793	0.01687	0.03264	0.02009	0.01343	0.01497	0.03668	0.00537	0.00487	0.00108	0.00513	0.00421	0.00382	0.67357
18	0.10446	0.10448	0.04089	0.01305	0.01741	0.05361	0.03181	0.20318	0.15098	0.11644	0.01690	0.03398	0.01291	0.00946	0.04108	0.00232	0.02677	0.00582	0.00527	0.00918

[dist]
# distance from previous block
# <min> <max>
0	1

[block]
# block no. 4 follows, 35 sequences, length 18
# corresponding to MSA columns:
# 130-147
name=unknown_E
#
# <colnr> <probs for GDERKNQSTAVLIFYWHMCP>
#	G	D	E	R	K	N	Q	S	T	A	V	L	I	F	Y	W	H	M	C	P
0	0.01505	0.03345	0.06177	0.09729	0.59127	0.01499	0.03530	0.01897	0.01416	0.02005	0.01236	0.03423	0.01054	0.00607	0.00629	0.00192	0.00767	0.00590	0.00315	0.00956
1	0.01276	0.03110	0.68614	0.01739	0.02647	0.01423	0.02217	0.01976	0.01337	0.02014	0.01138	0.01337	0.00814	0.00592	0.00592	0.00192	0.00900	0.00461	0.00276	0.07341
2	0.01315	0.01128	0.01315	0.00940	0.01503	0.00846	0.00752	0.01597	0.01315	0.02067	0.01128	0.01315	0.00940	0.00470	0.00470	0.00094	0.00470	0.00376	0.00376	0.81583
3	0.02195	0.01038	0.01385	0.01101	0.01505	0.00949	0.02972	0.07665	0.03520	0.45221	0.17270	0.02912	0.07503	0.00941	0.00672	0.00199	0.00502	0.00792	0.00725	0.00934
4	0.00795	0.00577	0.00750	0.00849	0.00921	0.00532	0.00583	0.00944	0.01341	0.01800	0.16815	0.58347	0.09741	0.01829	0.00794	0.00243	0.00352	0.01646	0.00609	0.00532
5	0.00846	0.00636	0.00782	0.00767	0.00921	0.00573	0.00567	0.01088	0.01641	0.02227	0.48340	0.13036	0.23345	0.01453	0.00755	0.00210	0.00313	0.01269	0.00658	0.00573
6	0.00920	0.00624	0.00740	0.00740	0.00756	0.00641	0.00444	0.00953	0.00937	0.01265	0.01955	0.03909	0.02201	0.67052	0.13738	0.00674	0.00773	0.00887	0.00378	0.00411
7	0.00907	0.00615	0.00726	0.00748	0.00763	0.00618	0.00452	0.00942	0.00979	0.01310	0.02196	0.12609	0.02524	0.62310	0.07129	0.00588	0.00650	0.03106	0.00412	0.00416
8	0.01198	0.01128	0.01903	0.76180	0.04369	0.01409	0.01762	0.01621	0.01268	0.01621	0.01128	0.01691	0.00846	0.00634	0.00634	0.00211	0.00846	0.00564	0.00282	0.00705
9	0.01480	0.01533	0.02078	0.10597	0.05812	0.08327	0.07006	0.01773	0.04410	0.01659	0.01014	0.01482	0.00902	0.00929	0.01532	0.00247	0.47607	0.00566	0.00305	0.00742
10	0.82186	0.01227	0.00932	0.00834	0.01227	0.01423	0.00687	0.01865	0.01080	0.02846	0.00883	0.01031	0.00687	0.00589	0.00393	0.00196	0.00491	0.00344	0.00393	0.00687
11	0.00862	0.00711	0.00770	0.00754	0.00933	0.02838	0.00560	0.01077	0.01585	0.02046	0.33784	0.10406	0.38442	0.01476	0.00748	0.00210	0.00341	0.01264	0.00626	0.00566
12	0.01406	0.01125	0.01325	0.00951	0.01510	0.00851	0.00762	0.01686	0.01345	0.06328	0.01209	0.01365	0.00977	0.00488	0.00480	0.00100	0.00474	0.00391	0.00400	0.76827
13	0.00793	0.00577	0.00753	0.00887	0.00950	0.00537	0.00618	0.00925	0.01259	0.01654	0.03758	0.64232	0.10633	0.01930	0.00810	0.00257	0.00383	0.07931	0.00588	0.00523
14	0.00771	0.00558	0.00730	0.00866	0.00916	0.00517	0.00581	0.00885	0.01231	0.01626	0.03702	0.72297	0.09058	0.01961	0.00806	0.00255	0.00365	0.01771	0.00589	0.00517
15	0.00908	0.00675	0.00994	0.00994	0.01098	0.00779	0.00761	0.01116	0.01012	0.01453	0.01723	0.02624	0.01643	0.10550	0.69477	0.00987	0.01613	0.00699	0.00343	0.00552
16	0.01740	0.36823	0.04236	0.01315	0.01702	0.12923	0.01173	0.09585	0.01476	0.01795	0.01042	0.01299	0.00919	0.01073	0.07742	0.00254	0.13337	0.00446	0.00327	0.00792
17	0.64740	0.12560	0.01323	0.00892	0.01314	0.01549	0.00763	0.01956	0.01162	0.07652	0.00997	0.01108	0.00768	0.00596	0.00412	0.00187	0.00522	0.00364	0.00402	0.00733

[dist]
# distance from previous block
# <min> <max>
2	5

[block]
# block no. 5 follows, 35 sequences, length 69
# corresponding to MSA columns:
# 153-221
name=unknown_F
#
# <colnr> <probs for GDERKNQSTAVLIFYWHMCP>
#	G	D	E	R	K	N	Q	S	T	A	V	L	I	F	Y	W	H	M	C	P
0	0.01986	0.28893	0.07943	0.01549	0.05311	0.36494	0.01289	0.03814	0.04178	0.01686	0.01039	0.01189	0.00871	0.00617	0.00524	0.00160	0.00915	0.00412	0.00321	0.00809
1	0.06753	0.29966	0.29422	0.01322	0.02003	0.01729	0.01476	0.01967	0.01329	0.06125	0.01107	0.01247	0.00864	0.00572	0.00502	0.00162	0.00727	0.00411	0.00322	0.11993
2	0.01606	0.28101	0.38173	0.01528	0.02238	0.10556	0.01730	0.05841	0.01467	0.01892	0.01055	0.01219	0.00824	0.00597	0.00536	0.00174	0.00863	0.00424	0.00296	0.00880
3	0.01370	0.10483	0.33341	0.01463	0.03849	0.01304	0.03278	0.01886	0.04763	0.08634	0.03822	0.13352	0.06268	0.00939	0.00641	0.00205	0.00701	0.02442	0.00424	0.00834
4	0.00762	0.00638	0.00664	0.00682	0.00879	0.00541	0.00511	0.00923	0.01427	0.01713	0.06071	0.12073	0.65171	0.01644	0.00759	0.00221	0.00335	0.03863	0.00589	0.00536
5	0.00831	0.00598	0.00783	0.00870	0.00937	0.00581	0.00606	0.00968	0.01225	0.01643	0.08566	0.45192	0.07718	0.12167	0.09916	0.00390	0.00562	0.05390	0.00541	0.00516
6	0.15743	0.04099	0.03685	0.05107	0.01926	0.07834	0.08130	0.04541	0.11776	0.03427	0.01260	0.01532	0.01024	0.00917	0.03142	0.00245	0.23897	0.00545	0.00384	0.00786
7	0.01238	0.01038	0.01179	0.01263	0.07132	0.04925	0.00857	0.01836	0.20402	0.01915	0.07469	0.05393	0.02514	0.24999	0.04208	0.00375	0.00630	0.11448	0.00502	0.00676
8	0.00905	0.00608	0.00697	0.00715	0.00719	0.00603	0.00409	0.00918	0.00957	0.01276	0.02177	0.12829	0.02531	0.68722	0.02942	0.00573	0.00586	0.01027	0.00409	0.00400
9	0.01574	0.01642	0.10043	0.03725	0.01794	0.09152	0.01168	0.13850	0.23759	0.02524	0.11446	0.02875	0.05584	0.00958	0.00670	0.00209	0.00638	0.06979	0.00552	0.00858
10	0.01611	0.13728	0.37413	0.01939	0.10848	0.08484	0.05850	0.07275	0.01531	0.03937	0.01166	0.01358	0.00880	0.00607	0.00586	0.00186	0.00876	0.00484	0.00323	0.00918
11	0.02336	0.02931	0.01806	0.01631	0.01951	0.70558	0.01231	0.04373	0.01800	0.01618	0.00990	0.01163	0.00825	0.00673	0.00628	0.00168	0.03823	0.00418	0.00333	0.00743
12	0.01460	0.01433	0.02556	0.15996	0.45604	0.01455	0.13359	0.01859	0.01412	0.01973	0.01272	0.04126	0.01075	0.00617	0.00651	0.00196	0.00801	0.00631	0.00321	0.03207
13	0.01489	0.14433	0.51145	0.01609	0.02401	0.01645	0.01931	0.08548	0.03272	0.04274	0.02825	0.01433	0.00997	0.00636	0.00581	0.00190	0.00839	0.00485	0.00337	0.00930
14	0.01290	0.01101	0.01289	0.00937	0.01477	0.00830	0.00744	0.01564	0.01311	0.02047	0.01237	0.04814	0.01090	0.00540	0.00485	0.00101	0.00465	0.00442	0.00386	0.77850
15	0.03698	0.01062	0.01128	0.01015	0.01292	0.07490	0.00778	0.02013	0.10608	0.20643	0.18958	0.14662	0.11685	0.01178	0.00691	0.00208	0.00481	0.00999	0.00643	0.00768
16	0.01015	0.00732	0.00923	0.00857	0.01036	0.00707	0.00648	0.01466	0.09059	0.04297	0.64423	0.04433	0.05463	0.01240	0.00735	0.00201	0.00326	0.01091	0.00695	0.00652
17	0.01524	0.01460	0.02491	0.12935	0.65070	0.01495	0.01924	0.01906	0.01422	0.02016	0.01185	0.01585	0.00985	0.00574	0.00629	0.00191	0.00765	0.00565	0.00310	0.00967
18	0.01299	0.03107	0.67193	0.01832	0.02726	0.01485	0.06060	0.02073	0.04629	0.02040	0.01213	0.01407	0.00864	0.00611	0.00613	0.00202	0.00925	0.00496	0.00288	0.00936
19	0.00773	0.00552	0.00736	0.00883	0.00920	0.00515	0.00589	0.00883	0.01215	0.01619	0.03497	0.77291	0.04196	0.01987	0.00810	0.00258	0.00368	0.01803	0.00589	0.00515
20	0.01880	0.10422	0.01777	0.01317	0.01719	0.08694	0.01065	0.19954	0.34536	0.04714	0.01905	0.01870	0.01445	0.00912	0.02510	0.02515	0.00664	0.00600	0.00555	0.00946
21	0.01696	0.78087	0.03324	0.01085	0.01628	0.02510	0.01085	0.01900	0.01289	0.01493	0.00882	0.01018	0.00814	0.00543	0.00407	0.00136	0.00678	0.00339	0.00271	0.00814
22	0.01652	0.34343	0.23683	0.01697	0.10528	0.01997	0.01579	0.11861	0.01555	0.02069	0.01083	0.01258	0.00872	0.00609	0.00567	0.00172	0.02796	0.00442	0.00327	0.00907
23	0.01780	0.01906	0.01478	0.01344	0.01674	0.29286	0.01026	0.02763	0.37409	0.02126	0.02431	0.02346	0.09972	0.00871	0.00630	0.00195	0.00724	0.00674	0.00518	0.00847
24	0.00923	0.00615	0.00692	0.00692	0.00692	0.00615	0.00384	0.00923	0.00923	0.01230	0.01999	0.04151	0.02306	0.77705	0.03229	0.00615	0.00615	0.00923	0.00384	0.00384
25	0.01272	0.03281	0.74418	0.01808	0.02746	0.01473	0.02344	0.02009	0.01339	0.02009	0.01138	0.01339	0.00804	0.00603	0.00603	0.00201	0.00938	0.00469	0.00268	0.00938
26	0.01462	0.01400	0.01907	0.01626	0.01672	0.01907	0.01350	0.07685	0.01155	0.01747	0.00965	0.03432	0.00944	0.01103	0.01920	0.00269	0.67824	0.00590	0.00317	0.00723
27	0.00788	0.00570	0.00749	0.00887	0.00943	0.00531	0.00611	0.00914	0.01246	0.01644	0.03672	0.68111	0.08526	0.01948	0.00810	0.00257	0.00380	0.06304	0.00589	0.00521
28	0.01578	0.01363	0.01434	0.01291	0.01650	0.01578	0.01004	0.03371	0.72602	0.02654	0.02582	0.02367	0.01937	0.00861	0.00646	0.00215	0.00502	0.00717	0.00646	0.01004
29	0.01497	0.01711	0.03743	0.02674	0.03316	0.01604	0.71444	0.02032	0.01497	0.02032	0.01283	0.01711	0.00963	0.00535	0.00749	0.00214	0.01070	0.00749	0.00321	0.00856
30	0.02743	0.01057	0.01439	0.01111	0.01584	0.00915	0.00915	0.02991	0.01815	0.70383	0.06268	0.02296	0.01805	0.00812	0.00644	0.00196	0.00527	0.00665	0.00781	0.01054
31	0.02605	0.01467	0.01712	0.01313	0.01813	0.01508	0.01084	0.41206	0.02465	0.35156	0.01958	0.01805	0.01297	0.00772	0.00636	0.00193	0.00628	0.00601	0.00701	0.01079
32	0.02031	0.01588	0.01690	0.01383	0.01822	0.01790	0.01114	0.40485	0.34749	0.03385	0.02006	0.01908	0.01470	0.00807	0.00640	0.00202	0.00609	0.00638	0.00640	0.01045
33	0.82186	0.01227	0.00932	0.00834	0.01227	0.01423	0.00687	0.01865	0.01080	0.02846	0.00883	0.01031	0.00687	0.00589	0.00393	0.00196	0.00491	0.00344	0.00393	0.00687
34	0.02828	0.01108	0.01490	0.01142	0.01634	0.00975	0.00944	0.05900	0.01864	0.71312	0.02463	0.02133	0.01550	0.00784	0.00638	0.00196	0.00546	0.00635	0.00779	0.01080
35	0.01578	0.01363	0.01434	0.01291	0.01650	0.01578	0.01004	0.03371	0.72602	0.02654	0.02582	0.02367	0.01937	0.00861	0.00646	0.00215	0.00502	0.00717	0.00646	0.01004
36	0.01578	0.01363	0.01434	0.01291	0.01650	0.01578	0.01004	0.03371	0.72602	0.02654	0.02582	0.02367	0.01937	0.00861	0.00646	0.00215	0.00502	0.00717	0.00646	0.01004
37	0.82186	0.01227	0.00932	0.00834	0.01227	0.01423	0.00687	0.01865	0.01080	0.02846	0.00883	0.01031	0.00687	0.00589	0.00393	0.00196	0.00491	0.00344	0.00393	0.00687
38	0.01696	0.78087	0.03324	0.01085	0.01628	0.02510	0.01085	0.01900	0.01289	0.01493	0.00882	0.01018	0.00814	0.00543	0.00407	0.00136	0.00678	0.00339	0.00271	0.00814
39	0.01102	0.00551	0.00826	0.00826	0.00826	0.00551	0.00551	0.00826	0.00826	0.01102	0.01102	0.01928	0.01102	0.02204	0.02479	0.81543	0.00551	0.00551	0.00275	0.00275
40	0.00902	0.00606	0.00698	0.00718	0.00723	0.00601	0.00413	0.00917	0.00963	0.01284	0.02205	0.14208	0.02566	0.67294	0.02896	0.00566	0.00581	0.01044	0.00413	0.00402
41	0.00851	0.00647	0.00784	0.00749	0.00919	0.00579	0.00562	0.01107	0.01686	0.02284	0.52415	0.05167	0.27147	0.01394	0.00749	0.00204	0.00306	0.01207	0.00664	0.00579
42	0.00997	0.00737	0.01068	0.01137	0.01271	0.00727	0.04213	0.01237	0.01356	0.01777	0.03095	0.15991	0.03415	0.12011	0.01180	0.00327	0.00582	0.47773	0.00545	0.00561
43	0.00923	0.00615	0.00692	0.00692	0.00692	0.00615	0.00384	0.00923	0.00923	0.01230	0.01999	0.04151	0.02306	0.77705	0.03229	0.00615	0.00615	0.00923	0.00384	0.00384
44	0.03418	0.00733	0.01046	0.01029	0.01163	0.00851	0.00803	0.03500	0.01087	0.01598	0.01669	0.02416	0.01542	0.04499	0.70446	0.00967	0.01629	0.00666	0.00351	0.00587
45	0.11623	0.05378	0.04359	0.01361	0.01837	0.05846	0.01146	0.42158	0.14447	0.03309	0.01555	0.01558	0.01142	0.00736	0.00593	0.00192	0.00672	0.00546	0.00561	0.00983
46	0.02081	0.06425	0.01678	0.01365	0.04027	0.16797	0.01051	0.04852	0.24265	0.20877	0.01915	0.01829	0.01393	0.00731	0.00597	0.00182	0.00668	0.00569	0.00557	0.08142
47	0.01874	0.46202	0.08795	0.01288	0.01839	0.06354	0.03046	0.13214	0.03930	0.06385	0.01175	0.01263	0.00941	0.00614	0.00500	0.00160	0.00726	0.00432	0.00377	0.00885
48	0.01271	0.04293	0.00783	0.00671	0.00847	0.04757	0.00516	0.01555	0.01354	0.02281	0.01955	0.02236	0.01544	0.00725	0.00449	0.00148	0.00360	0.00570	0.73076	0.00609
49	0.00936	0.00680	0.00860	0.00813	0.00966	0.00645	0.00604	0.01267	0.05515	0.02380	0.59162	0.04539	0.10178	0.03214	0.00898	0.04659	0.00333	0.01100	0.00657	0.00593
50	0.01452	0.30897	0.28344	0.01414	0.02020	0.05147	0.05105	0.01898	0.03628	0.01764	0.03620	0.03569	0.01228	0.06512	0.00747	0.00209	0.00782	0.00532	0.00318	0.00815
51	0.01381	0.00782	0.00803	0.00731	0.00937	0.00813	0.00566	0.12791	0.01597	0.02628	0.01981	0.02229	0.01538	0.00743	0.00474	0.00155	0.00361	0.00588	0.68231	0.00670
52	0.01453	0.01480	0.02906	0.02169	0.02657	0.01452	0.47724	0.04072	0.06914	0.03937	0.01727	0.12999	0.01531	0.00821	0.00816	0.00223	0.05010	0.00884	0.00405	0.00820
53	0.01218	0.01148	0.01940	0.72228	0.08163	0.01415	0.01772	0.01639	0.01278	0.01646	0.01131	0.01685	0.00854	0.00630	0.00634	0.00210	0.00841	0.00564	0.00284	0.00721
54	0.00840	0.00607	0.00806	0.00945	0.01010	0.00584	0.00676	0.01032	0.03364	0.01698	0.03446	0.62912	0.04035	0.01913	0.00816	0.00262	0.00409	0.13512	0.00590	0.00542
55	0.13802	0.01292	0.01904	0.01550	0.01847	0.01471	0.16653	0.05600	0.07718	0.02141	0.04286	0.02275	0.05178	0.01236	0.07308	0.00298	0.19907	0.04374	0.00411	0.00749
56	0.02731	0.01097	0.01465	0.01132	0.01618	0.00965	0.00931	0.03062	0.05671	0.68092	0.02465	0.02145	0.01571	0.00780	0.00633	0.00194	0.00536	0.00634	0.00765	0.03514
57	0.01133	0.00993	0.01474	0.38315	0.04869	0.01137	0.01255	0.01659	0.09899	0.02000	0.20288	0.04835	0.07720	0.00936	0.00678	0.00210	0.00611	0.00821	0.00463	0.00705
58	0.01093	0.00557	0.00836	0.00836	0.00841	0.00562	0.00562	0.00841	0.00836	0.01119	0.01130	0.01955	0.01125	0.02325	0.05924	0.77728	0.00605	0.00557	0.00279	0.00289
59	0.01272	0.03281	0.74418	0.01808	0.02746	0.01473	0.02344	0.02009	0.01339	0.02009	0.01138	0.01339	0.00804	0.00603	0.00603	0.00201	0.00938	0.00469	0.00268	0.00938
60	0.05668	0.01278	0.01509	0.01216	0.01668	0.01302	0.00987	0.14202	0.21961	0.39718	0.02300	0.02069	0.01558	0.00795	0.00629	0.00201	0.00553	0.00637	0.00705	0.01042
61	0.00891	0.00648	0.00838	0.00791	0.00943	0.00596	0.00593	0.01184	0.01779	0.02505	0.70240	0.04803	0.09184	0.01312	0.00748	0.00200	0.00300	0.01156	0.00693	0.00596
62	0.62621	0.01191	0.01066	0.00907	0.01324	0.01302	0.00748	0.02167	0.01261	0.20439	0.01283	0.01309	0.00905	0.00637	0.00453	0.00196	0.00503	0.00416	0.00489	0.00784
63	0.14054	0.01100	0.01396	0.01087	0.01564	0.01002	0.00898	0.02918	0.01712	0.64110	0.02274	0.02000	0.01446	0.00757	0.00603	0.00196	0.00533	0.00596	0.00730	0.01024
64	0.01554	0.05921	0.06108	0.10213	0.39088	0.01572	0.04757	0.02144	0.11913	0.04371	0.01398	0.01672	0.01112	0.00651	0.00700	0.00198	0.04740	0.00579	0.00368	0.00940
65	0.00777	0.00558	0.00738	0.00874	0.00920	0.00519	0.00587	0.00897	0.01244	0.01660	0.06433	0.72575	0.05967	0.01950	0.00806	0.00254	0.00364	0.01765	0.00593	0.00519
66	0.01511	0.01447	0.02469	0.15342	0.62760	0.01492	0.01918	0.01895	0.01417	0.02001	0.01183	0.01589	0.00980	0.00576	0.00629	0.00192	0.00768	0.00565	0.00309	0.00957
67	0.07018	0.01425	0.01853	0.09905	0.02150	0.05254	0.10654	0.07330	0.22565	0.04286	0.01768	0.04734	0.01461	0.00874	0.00875	0.00223	0.12398	0.03922	0.00469	0.00838
68	0.01303	0.01207	0.01991	0.63255	0.13362	0.01448	0.01760	0.04888	0.01371	0.01790	0.01154	0.01668	0.00877	0.00631	0.00633	0.00207	0.00827	0.00564	0.00302	0.00761

[dist]
# distance from previous block
# <min> <max>
0	1

[block]
# block no. 6 follows, 35 sequences, length 9
# corresponding to MSA columns:
# 223-231
name=unknown_G
#
# <colnr> <probs for GDERKNQSTAVLIFYWHMCP>
#	G	D	E	R	K	N	Q	S	T	A	V	L	I	F	Y	W	H	M	C	P
0	0.00845	0.00629	0.00797	0.00871	0.00994	0.00582	0.00658	0.01043	0.01434	0.01883	0.17953	0.31827	0.20329	0.01714	0.00798	0.00243	0.00389	0.15850	0.00610	0.00551
1	0.02370	0.03023	0.01798	0.01634	0.01961	0.75158	0.01226	0.02533	0.01798	0.01553	0.00981	0.01144	0.00817	0.00654	0.00572	0.00163	0.01144	0.00409	0.00327	0.00735
2	0.00881	0.00646	0.00814	0.00773	0.00923	0.00592	0.00572	0.01147	0.01705	0.02369	0.61198	0.04877	0.14204	0.05468	0.00883	0.00224	0.00319	0.01159	0.00668	0.00579
3	0.02846	0.01080	0.01472	0.01129	0.01619	0.00932	0.00932	0.03092	0.01816	0.74187	0.02503	0.02159	0.01570	0.00785	0.00638	0.00196	0.00540	0.00638	0.00785	0.01080
4	0.01141	0.01057	0.01745	0.66301	0.03914	0.01293	0.01602	0.01526	0.01274	0.01626	0.01600	0.07651	0.05126	0.00790	0.00654	0.00215	0.00780	0.00700	0.00322	0.00681
5	0.00850	0.00647	0.00786	0.00781	0.00945	0.00583	0.00593	0.01090	0.01613	0.02151	0.40535	0.09875	0.28660	0.01482	0.00763	0.00216	0.00334	0.06878	0.00645	0.00571
6	0.02149	0.20299	0.05350	0.01538	0.01961	0.49095	0.04172	0.02365	0.01648	0.04483	0.01038	0.01188	0.00852	0.00626	0.00545	0.00162	0.01000	0.00419	0.00330	0.00781
7	0.04755	0.01316	0.02044	0.25014	0.33700	0.01406	0.01608	0.07610	0.01533	0.07904	0.01616	0.01909	0.05464	0.00685	0.00629	0.00198	0.00723	0.00610	0.00389	0.00885
8	0.05503	0.07786	0.01746	0.01603	0.11395	0.07954	0.06137	0.06490	0.01480	0.08460	0.03771	0.19672	0.01960	0.01466	0.09431	0.00301	0.02759	0.00863	0.00458	0.00763

[dist]
# distance from previous block
# <min> <max>
0	1

[block]
# block no. 7 follows, 35 sequences, length 48
# corresponding to MSA columns:
# 233-280
name=unknown_H
#
# <colnr> <probs for GDERKNQSTAVLIFYWHMCP>
#	G	D	E	R	K	N	Q	S	T	A	V	L	I	F	Y	W	H	M	C	P
0	0.03641	0.03114	0.01760	0.06848	0.10778	0.01434	0.03348	0.08243	0.29087	0.21720	0.02090	0.02020	0.01498	0.00757	0.00632	0.00202	0.00604	0.00639	0.00592	0.00994
1	0.79535	0.01245	0.00965	0.00855	0.01251	0.01441	0.00704	0.04183	0.01143	0.02885	0.00905	0.01047	0.00700	0.00595	0.00401	0.00196	0.00498	0.00351	0.00401	0.00700
2	0.06410	0.01017	0.01335	0.07025	0.01658	0.00973	0.03176	0.06130	0.03199	0.33098	0.13535	0.03090	0.14684	0.00975	0.00664	0.00202	0.00513	0.00816	0.00649	0.00851
3	0.02197	0.03896	0.04350	0.01436	0.04048	0.06619	0.03572	0.31478	0.02233	0.20457	0.08385	0.02172	0.01718	0.00825	0.00647	0.00195	0.00671	0.03526	0.00609	0.00967
4	0.01578	0.01363	0.01434	0.01291	0.01650	0.01578	0.01004	0.03371	0.72602	0.02654	0.02582	0.02367	0.01937	0.00861	0.00646	0.00215	0.00502	0.00717	0.00646	0.01004
5	0.09050	0.01129	0.01453	0.01124	0.01608	0.01028	0.00928	0.06749	0.01822	0.64743	0.02322	0.02036	0.01474	0.00768	0.00619	0.00196	0.00545	0.00611	0.00746	0.01049
6	0.01431	0.03193	0.02136	0.40081	0.29363	0.01467	0.01731	0.01920	0.06275	0.04422	0.01294	0.01693	0.01004	0.00628	0.00627	0.00201	0.00773	0.00572	0.00336	0.00851
7	0.01198	0.01128	0.01903	0.76180	0.04369	0.01409	0.01762	0.01621	0.01268	0.01621	0.01128	0.01691	0.00846	0.00634	0.00634	0.00211	0.00846	0.00564	0.00282	0.00705
8	0.00905	0.00608	0.00697	0.00715	0.00719	0.00603	0.00409	0.00918	0.00957	0.01276	0.02176	0.12824	0.02530	0.68727	0.02942	0.00573	0.00586	0.01027	0.00409	0.00400
9	0.19024	0.05168	0.06026	0.14040	0.11224	0.17181	0.05750	0.01941	0.01352	0.01961	0.01083	0.03219	0.00911	0.00686	0.00704	0.00199	0.07929	0.00510	0.00328	0.00767
10	0.00846	0.00646	0.00776	0.00743	0.00916	0.00576	0.00558	0.01096	0.01673	0.02252	0.49844	0.05220	0.29737	0.01406	0.00749	0.00205	0.00307	0.01215	0.00660	0.00576
11	0.05567	0.01107	0.06893	0.05456	0.05884	0.00987	0.04611	0.04672	0.03337	0.07071	0.10643	0.06384	0.09375	0.12416	0.09669	0.03227	0.00718	0.00833	0.00468	0.00684
12	0.01714	0.15183	0.25046	0.01912	0.11441	0.09838	0.07191	0.09412	0.05896	0.04666	0.01271	0.01433	0.00969	0.00627	0.00588	0.00185	0.00838	0.00506	0.00364	0.00920
13	0.01616	0.01155	0.03537	0.01118	0.01444	0.01140	0.00904	0.16310	0.16160	0.12777	0.25346	0.10399	0.03212	0.01076	0.00691	0.00206	0.00482	0.00917	0.00663	0.00848
14	0.01315	0.01128	0.01315	0.00940	0.01503	0.00846	0.00752	0.01597	0.01315	0.02067	0.01128	0.01315	0.00940	0.00470	0.00470	0.00094	0.00470	0.00376	0.00376	0.81583
15	0.01776	0.04582	0.20138	0.01622	0.02209	0.01486	0.13124	0.09144	0.18810	0.15182	0.01800	0.01840	0.01293	0.00835	0.03076	0.00229	0.00776	0.00618	0.00498	0.00962
16	0.00923	0.00615	0.00692	0.00692	0.00692	0.00615	0.00384	0.00923	0.00923	0.01230	0.01999	0.04151	0.02306	0.77705	0.03229	0.00615	0.00615	0.00923	0.00384	0.00384
17	0.00784	0.00633	0.00702	0.00737	0.00909	0.00550	0.00550	0.00954	0.01426	0.01763	0.09908	0.19444	0.50942	0.01669	0.00770	0.00227	0.00348	0.06547	0.00596	0.00539
18	0.00854	0.00586	0.00712	0.00780	0.00797	0.00569	0.00478	0.00905	0.01057	0.01409	0.02687	0.37747	0.03174	0.42925	0.02118	0.00451	0.00502	0.01327	0.00478	0.00445
19	0.00869	0.00596	0.00704	0.00751	0.00770	0.00581	0.00452	0.00910	0.01033	0.01370	0.02625	0.27307	0.05371	0.51165	0.02379	0.00488	0.00527	0.01215	0.00456	0.00431
20	0.01220	0.01150	0.01942	0.71999	0.08382	0.01415	0.01773	0.01640	0.01279	0.01647	0.01131	0.01684	0.00855	0.00630	0.00634	0.00210	0.00840	0.00564	0.00284	0.00722
21	0.01271	0.01315	0.02491	0.01943	0.02268	0.01382	0.35494	0.01596	0.01296	0.01800	0.01791	0.22557	0.01827	0.01071	0.01076	0.00241	0.18476	0.00996	0.00385	0.00724
22	0.82186	0.01227	0.00932	0.00834	0.01227	0.01423	0.00687	0.01865	0.01080	0.02846	0.00883	0.01031	0.00687	0.00589	0.00393	0.00196	0.00491	0.00344	0.00393	0.00687
23	0.01597	0.01537	0.02470	0.06678	0.62732	0.03592	0.01865	0.04387	0.01478	0.02080	0.01178	0.01553	0.00987	0.00604	0.00699	0.00193	0.04513	0.00561	0.00323	0.00972
24	0.00949	0.00684	0.00910	0.00988	0.01117	0.00668	0.00802	0.01191	0.01440	0.01911	0.17042	0.10238	0.09014	0.09492	0.03707	0.00325	0.00539	0.37845	0.00578	0.00558
25	0.00907	0.00676	0.01003	0.01003	0.01111	0.00784	0.00773	0.01122	0.01015	0.01461	0.01714	0.02574	0.01622	0.08364	0.71633	0.01000	0.01646	0.00692	0.00342	0.00557
26	0.01258	0.01172	0.01914	0.56554	0.10569	0.01436	0.01674	0.03212	0.01284	0.01701	0.01155	0.01702	0.00913	0.00934	0.05541	0.00266	0.07114	0.00571	0.00296	0.00732
27	0.00906	0.00680	0.01020	0.01020	0.01133	0.00793	0.00793	0.01133	0.01020	0.01473	0.01699	0.02492	0.01586	0.04758	0.75191	0.01020	0.01699	0.00680	0.00340	0.00566
28	0.01834	0.12151	0.11922	0.01832	0.05488	0.25517	0.15250	0.08003	0.05186	0.02005	0.02877	0.02697	0.01102	0.00661	0.00609	0.00183	0.00923	0.00550	0.00364	0.00843
29	0.01202	0.00833	0.00938	0.00879	0.01112	0.00795	0.00661	0.09600	0.05256	0.08907	0.05632	0.21472	0.34770	0.03959	0.00815	0.00233	0.00416	0.01241	0.00611	0.00667
30	0.03243	0.01407	0.04172	0.04102	0.21591	0.01254	0.10743	0.04246	0.01416	0.02117	0.01165	0.01453	0.00950	0.00549	0.00620	0.00154	0.03344	0.00498	0.00352	0.36624
31	0.01551	0.08040	0.05198	0.07831	0.47976	0.03570	0.04927	0.03827	0.03536	0.02025	0.01313	0.04971	0.01138	0.00649	0.00622	0.00190	0.00759	0.00607	0.00338	0.00932
32	0.01057	0.00908	0.01222	0.03200	0.01334	0.04155	0.00926	0.01266	0.01049	0.01483	0.01517	0.02272	0.01426	0.05746	0.55967	0.00827	0.14072	0.00651	0.00329	0.00594
33	0.01697	0.59554	0.05018	0.01158	0.01680	0.02299	0.01114	0.05339	0.13319	0.01817	0.01204	0.01276	0.01014	0.00608	0.00463	0.00153	0.00657	0.00417	0.00351	0.00862
34	0.01034	0.00759	0.00919	0.00818	0.01066	0.00659	0.00623	0.01323	0.03160	0.05495	0.39099	0.07345	0.19353	0.01221	0.00697	0.00188	0.00351	0.01054	0.00619	0.14218
35	0.01825	0.04123	0.13506	0.04131	0.23027	0.10694	0.04718	0.03967	0.09612	0.13306	0.01518	0.01646	0.01131	0.00651	0.00615	0.00189	0.00774	0.00555	0.00427	0.03585
36	0.02424	0.01607	0.01925	0.01562	0.05501	0.01700	0.04366	0.49925	0.02582	0.19284	0.01712	0.01674	0.01178	0.00747	0.00640	0.00193	0.00683	0.00594	0.00638	0.01065
37	0.00892	0.00602	0.00701	0.00731	0.00738	0.00595	0.00426	0.00915	0.00982	0.01309	0.02303	0.19004	0.02690	0.62330	0.02738	0.00542	0.00565	0.01101	0.00426	0.00411
38	0.00998	0.00767	0.00901	0.00834	0.01037	0.00736	0.00635	0.05245	0.07350	0.02422	0.46650	0.04721	0.22676	0.01312	0.00734	0.00204	0.00343	0.01130	0.00663	0.00641
39	0.08185	0.08355	0.08246	0.01408	0.01910	0.01624	0.06846	0.25537	0.08566	0.14508	0.01781	0.03396	0.03194	0.00769	0.00650	0.00197	0.02726	0.00611	0.00540	0.00951
40	0.00922	0.00617	0.00702	0.00702	0.00705	0.00620	0.00397	0.00929	0.00925	0.01237	0.01990	0.04101	0.02285	0.75499	0.05405	0.00627	0.00648	0.00915	0.00383	0.00390
41	0.02778	0.01064	0.01450	0.01117	0.01596	0.00921	0.00921	0.03025	0.01815	0.71660	0.05004	0.02250	0.01726	0.00803	0.00642	0.00196	0.00531	0.00656	0.00782	0.01063
42	0.01503	0.01812	0.15630	0.04029	0.18229	0.01514	0.19206	0.06682	0.15832	0.02281	0.03608	0.03921	0.01375	0.00698	0.00666	0.00205	0.00791	0.00676	0.00412	0.00927
43	0.05070	0.36278	0.18312	0.01536	0.08451	0.01967	0.01418	0.07524	0.07455	0.04745	0.01220	0.01334	0.00967	0.00613	0.00516	0.00170	0.00715	0.00449	0.00359	0.00900
44	0.19589	0.04224	0.00964	0.00840	0.00957	0.00845	0.00607	0.01120	0.00912	0.01528	0.01079	0.01755	0.01037	0.03874	0.03401	0.55485	0.00568	0.00507	0.00306	0.00402
45	0.00914	0.00665	0.00956	0.00956	0.01047	0.00756	0.00714	0.01088	0.00998	0.01421	0.01739	0.02776	0.01704	0.17760	0.60638	0.02795	0.01479	0.00720	0.00346	0.00527
46	0.01548	0.01404	0.02358	0.12797	0.53031	0.01438	0.04227	0.01985	0.04687	0.05291	0.01398	0.04505	0.01171	0.00650	0.00641	0.00196	0.00741	0.00628	0.00357	0.00946
47	0.05525	0.02582	0.01983	0.04048	0.14088	0.54347	0.04551	0.02359	0.01680	0.01718	0.01030	0.01251	0.00851	0.00630	0.00584	0.00173	0.01040	0.00452	0.00326	0.00783

[dist]
# distance from previous block
# <min> <max>
1	2

[block]
# block no. 8 follows, 35 sequences, length 20
# corresponding to MSA columns:
# 283-302
name=unknown_I
#
# <colnr> <probs for GDERKNQSTAVLIFYWHMCP>
#	G	D	E	R	K	N	Q	S	T	A	V	L	I	F	Y	W	H	M	C	P
0	0.08855	0.01478	0.01979	0.16939	0.18070	0.06741	0.02877	0.04029	0.05119	0.01935	0.01110	0.01502	0.00928	0.00781	0.01067	0.00222	0.24695	0.00543	0.00332	0.00799
1	0.10996	0.01211	0.01422	0.01149	0.04318	0.01090	0.00888	0.10561	0.01631	0.21354	0.01605	0.01624	0.02365	0.00625	0.00536	0.00150	0.00527	0.00489	0.00518	0.36940
2	0.01276	0.04393	0.60449	0.01777	0.02618	0.01447	0.07772	0.01980	0.03284	0.02020	0.03271	0.01671	0.03907	0.00661	0.00622	0.00202	0.00890	0.00548	0.00306	0.00905
3	0.01566	0.01443	0.06275	0.10144	0.24255	0.02405	0.01404	0.05371	0.11960	0.07186	0.04109	0.01873	0.02754	0.00681	0.00629	0.00181	0.01690	0.00587	0.00434	0.15055
4	0.01009	0.00674	0.00875	0.00810	0.00984	0.00615	0.00612	0.01297	0.01777	0.06873	0.65334	0.04658	0.09493	0.01283	0.00742	0.00200	0.00315	0.01127	0.00698	0.00624
5	0.01489	0.01148	0.01352	0.00976	0.01531	0.00896	0.00785	0.04411	0.01423	0.08359	0.01261	0.01396	0.00999	0.00508	0.00491	0.00106	0.00485	0.00406	0.00421	0.71556
6	0.01333	0.00936	0.01243	0.01033	0.01350	0.00845	0.04055	0.04403	0.02914	0.10860	0.26777	0.13784	0.03266	0.01056	0.00701	0.00183	0.02414	0.00920	0.00578	0.21349
7	0.01156	0.01317	0.12772	0.01043	0.01534	0.00855	0.00951	0.01466	0.01310	0.01941	0.02026	0.16678	0.07449	0.00882	0.00581	0.00153	0.00512	0.00750	0.00418	0.46206
8	0.01734	0.01328	0.02177	0.02217	0.23317	0.01247	0.15149	0.03815	0.04909	0.16701	0.06591	0.03503	0.01558	0.00689	0.00644	0.00185	0.00680	0.00663	0.00475	0.12417
9	0.02281	0.01826	0.01822	0.04385	0.02012	0.10562	0.01197	0.50337	0.10609	0.06131	0.01600	0.01604	0.01154	0.00756	0.00629	0.00191	0.00729	0.00571	0.00591	0.01015
10	0.01488	0.01204	0.01326	0.03970	0.01585	0.06034	0.00829	0.05152	0.01444	0.07882	0.01540	0.09719	0.01392	0.03795	0.00653	0.00155	0.00543	0.00593	0.00438	0.50258
11	0.00899	0.00623	0.00727	0.00746	0.00790	0.00606	0.00472	0.00968	0.01103	0.01460	0.08417	0.10891	0.09249	0.52880	0.02433	0.00492	0.00540	0.05804	0.00460	0.00440
12	0.01834	0.55871	0.06935	0.01258	0.01771	0.19903	0.01190	0.02058	0.01414	0.01536	0.00920	0.01066	0.00814	0.00573	0.00458	0.00146	0.00805	0.00363	0.00285	0.00802
13	0.01804	0.36417	0.19445	0.01445	0.02026	0.20736	0.03598	0.02133	0.01456	0.04193	0.01036	0.01186	0.00844	0.00593	0.00513	0.00163	0.00865	0.00410	0.00304	0.00833
14	0.00855	0.00602	0.00752	0.00807	0.00857	0.00584	0.00531	0.00958	0.01171	0.01574	0.10488	0.33001	0.06297	0.30489	0.06254	0.00431	0.00538	0.02823	0.00509	0.00481
15	0.04348	0.00849	0.00973	0.00911	0.01128	0.00851	0.00684	0.04886	0.13096	0.06663	0.25193	0.15327	0.16100	0.05092	0.00838	0.00233	0.00403	0.01112	0.00628	0.00685
16	0.08132	0.14057	0.12771	0.01720	0.06477	0.03753	0.18250	0.02058	0.06309	0.08478	0.01485	0.04223	0.01236	0.07371	0.00832	0.00230	0.00774	0.00625	0.00390	0.00831
