[name]
unknown

[dist]
# distance from previous block
# <min> <max>
0	417

[block]
# block no. 0 follows, 35 sequences, length 25
# corresponding to MSA columns:
# 604-628
name=unknown_A
#
# <colnr> <probs for GDERKNQSTAVLIFYWHMCP>
#	G	D	E	R	K	N	Q	S	T	A	V	L	I	F	Y	W	H	M	C	P
0	0.01248	0.01179	0.01848	0.59386	0.09133	0.04016	0.01671	0.01643	0.01323	0.01684	0.01385	0.02294	0.01181	0.00759	0.00659	0.00217	0.00819	0.08520	0.00321	0.00714
1	0.01271	0.05960	0.00835	0.00663	0.00853	0.00782	0.00520	0.04530	0.01399	0.02376	0.01964	0.02236	0.01547	0.00727	0.00449	0.00149	0.00339	0.00573	0.72199	0.00628
2	0.00926	0.00710	0.01080	0.06177	0.01355	0.00835	0.00859	0.01166	0.01037	0.01483	0.01660	0.02437	0.01535	0.04475	0.70075	0.00964	0.01641	0.00672	0.00336	0.00576
3	0.02013	0.05289	0.18029	0.01319	0.01845	0.03923	0.01282	0.12461	0.01805	0.28678	0.06884	0.04806	0.01812	0.00873	0.00648	0.00202	0.00663	0.05957	0.00578	0.00933
4	0.01711	0.01540	0.02417	0.06828	0.57008	0.01589	0.01799	0.15024	0.01725	0.02413	0.01252	0.01567	0.01011	0.00605	0.00630	0.00190	0.00748	0.00566	0.00373	0.01005
5	0.01183	0.00591	0.00591	0.00591	0.00739	0.00591	0.00443	0.01478	0.01330	0.02365	0.02069	0.02365	0.01626	0.00739	0.00443	0.00148	0.00296	0.00591	0.81227	0.00591
6	0.01463	0.01462	0.04512	0.04319	0.30148	0.05623	0.11106	0.01940	0.06916	0.03681	0.16876	0.02309	0.02127	0.00776	0.00728	0.00200	0.03807	0.00716	0.00430	0.00860
7	0.01788	0.01803	0.08085	0.01407	0.01839	0.10410	0.01185	0.14822	0.45880	0.02695	0.02081	0.01985	0.01555	0.00796	0.00631	0.00203	0.00651	0.00633	0.00572	0.00979
8	0.05776	0.23852	0.02291	0.01500	0.07196	0.10541	0.06563	0.05710	0.04951	0.17507	0.01428	0.01486	0.01073	0.00632	0.00546	0.00168	0.00709	0.00493	0.00445	0.07132
9	0.00942	0.00730	0.00987	0.01180	0.09602	0.00693	0.00744	0.01136	0.01391	0.01870	0.19998	0.21571	0.14648	0.13848	0.01163	0.00290	0.00451	0.07627	0.00548	0.00582
10	0.01696	0.78087	0.03324	0.01085	0.01628	0.02510	0.01085	0.01900	0.01289	0.01493	0.00882	0.01018	0.00814	0.00543	0.00407	0.00136	0.00678	0.00339	0.00271	0.00814
11	0.01532	0.01440	0.02400	0.19125	0.55544	0.01509	0.01872	0.05249	0.01482	0.02070	0.01195	0.01594	0.00975	0.00589	0.00630	0.00193	0.00770	0.00565	0.00323	0.00945
12	0.01746	0.72507	0.03211	0.01126	0.01653	0.07910	0.01096	0.01947	0.01327	0.01497	0.00889	0.01027	0.00814	0.00551	0.00419	0.00138	0.00713	0.00344	0.00275	0.00808
13	0.01418	0.01510	0.03075	0.15423	0.11743	0.01491	0.45659	0.01895	0.01449	0.01955	0.01406	0.02111	0.01155	0.00650	0.00724	0.00216	0.00956	0.06002	0.00334	0.00826
14	0.00885	0.00643	0.00779	0.00745	0.00910	0.00583	0.00559	0.01151	0.01677	0.02333	0.51958	0.04881	0.21718	0.01328	0.00725	0.00199	0.00304	0.01150	0.06891	0.00583
15	0.14283	0.31676	0.35454	0.01376	0.02075	0.01863	0.01598	0.01944	0.01279	0.01944	0.00999	0.01167	0.00789	0.00577	0.00494	0.00175	0.00767	0.00399	0.00289	0.00850
16	0.00786	0.00644	0.00693	0.00681	0.00879	0.00551	0.00511	0.00981	0.01532	0.01917	0.22865	0.05770	0.56925	0.01531	0.00749	0.00211	0.00316	0.01292	0.00616	0.00551
17	0.00952	0.00689	0.00743	0.00730	0.00923	0.00664	0.00553	0.01288	0.06872	0.01960	0.06845	0.04346	0.37918	0.01684	0.09538	0.00292	0.00492	0.01007	0.21911	0.00592
18	0.00773	0.00552	0.00736	0.00883	0.00920	0.00515	0.00589	0.00883	0.01215	0.01619	0.03497	0.77291	0.04196	0.01987	0.00810	0.00258	0.00368	0.01803	0.00589	0.00515
19	0.01526	0.01462	0.02495	0.12514	0.65474	0.01496	0.01925	0.01908	0.01424	0.02019	0.01185	0.01585	0.00986	0.00573	0.00629	0.00191	0.00765	0.00565	0.00310	0.00969
20	0.72673	0.01292	0.01048	0.00909	0.01315	0.01488	0.00749	0.10185	0.01307	0.02984	0.00960	0.01089	0.00734	0.00609	0.00421	0.00196	0.00515	0.00371	0.00421	0.00734
21	0.01517	0.01435	0.02341	0.14118	0.55039	0.01501	0.01808	0.02069	0.09905	0.02076	0.01349	0.01683	0.01093	0.00611	0.00631	0.00195	0.00737	0.00583	0.00349	0.00961
22	0.00752	0.00636	0.00650	0.00661	0.00862	0.00534	0.00490	0.00908	0.01428	0.01706	0.06199	0.11641	0.68102	0.01636	0.00754	0.00218	0.00325	0.01375	0.00589	0.00534
23	0.01394	0.01171	0.01284	0.01214	0.01516	0.01315	0.00967	0.02739	0.51828	0.02419	0.03051	0.03682	0.07940	0.01110	0.00703	0.00231	0.00505	0.15425	0.00628	0.00878
24	0.01936	0.01393	0.01773	0.27468	0.02698	0.10078	0.04338	0.07734	0.01648	0.23679	0.01725	0.02167	0.01300	0.00789	0.00697	0.00208	0.03132	0.05898	0.00492	0.00848

[dist]
# distance from previous block
# <min> <max>
6	8

[block]
# block no. 1 follows, 35 sequences, length 22
# corresponding to MSA columns:
# 637-658
name=unknown_B
#
# <colnr> <probs for GDERKNQSTAVLIFYWHMCP>
#	G	D	E	R	K	N	Q	S	T	A	V	L	I	F	Y	W	H	M	C	P
0	0.01443	0.01236	0.01290	0.01170	0.01478	0.04059	0.00912	0.06353	0.44943	0.02558	0.15274	0.03203	0.08232	0.01023	0.00679	0.00213	0.00491	0.03939	0.00635	0.00871
1	0.01428	0.01348	0.02285	0.18857	0.52211	0.01419	0.01798	0.01801	0.01367	0.01920	0.01228	0.01683	0.01027	0.00979	0.07728	0.00272	0.00863	0.00576	0.00310	0.00900
2	0.01931	0.51952	0.02793	0.01277	0.01744	0.27804	0.01134	0.02120	0.01466	0.01513	0.00916	0.01062	0.00815	0.00581	0.00464	0.00145	0.00841	0.00363	0.00291	0.00787
3	0.01102	0.00551	0.00826	0.00826	0.00826	0.00551	0.00551	0.00826	0.00826	0.01102	0.01102	0.01928	0.01102	0.02204	0.02479	0.81543	0.00551	0.00551	0.00275	0.00275
4	0.01750	0.47777	0.08595	0.01178	0.01693	0.04758	0.01145	0.05192	0.04689	0.08680	0.05110	0.01497	0.01256	0.00797	0.03286	0.00190	0.00715	0.00465	0.00381	0.00846
5	0.01988	0.02363	0.16039	0.04323	0.10349	0.30492	0.05898	0.02373	0.03436	0.12882	0.01457	0.01583	0.02636	0.00673	0.00614	0.00186	0.00918	0.00529	0.00396	0.00867
6	0.01272	0.03281	0.74418	0.01808	0.02746	0.01473	0.02344	0.02009	0.01339	0.02009	0.01138	0.01339	0.00804	0.00603	0.00603	0.00201	0.00938	0.00469	0.00268	0.00938
7	0.01318	0.01325	0.07438	0.01071	0.01668	0.00923	0.03296	0.01646	0.01324	0.02061	0.01134	0.01331	0.00929	0.00483	0.00490	0.00107	0.00529	0.00396	0.00365	0.72166
8	0.00813	0.00592	0.00773	0.00887	0.00965	0.00552	0.00633	0.00969	0.01322	0.01750	0.10293	0.54805	0.11132	0.01856	0.00806	0.00252	0.00384	0.10084	0.00599	0.00534
9	0.01315	0.01128	0.01315	0.00940	0.01503	0.00846	0.00752	0.01597	0.01315	0.02067	0.01128	0.01315	0.00940	0.00470	0.00470	0.00094	0.00470	0.00376	0.00376	0.81583
10	0.01948	0.01553	0.01602	0.01497	0.07601	0.11212	0.01084	0.29478	0.06912	0.09570	0.02201	0.14790	0.05748	0.00997	0.00663	0.00202	0.00656	0.00819	0.00572	0.00895
11	0.00841	0.00605	0.00731	0.00773	0.00895	0.00551	0.00552	0.01034	0.01445	0.01972	0.23614	0.32416	0.21458	0.01582	0.00743	0.00220	0.00330	0.01391	0.08296	0.00551
12	0.01361	0.08329	0.05102	0.06659	0.01774	0.01656	0.01246	0.07269	0.01254	0.01762	0.01576	0.02005	0.07877	0.02918	0.09295	0.00329	0.37901	0.00629	0.00345	0.00714
13	0.07918	0.01570	0.01684	0.01315	0.01765	0.01715	0.01068	0.54330	0.02556	0.09453	0.01604	0.01791	0.01209	0.08076	0.00865	0.00232	0.00663	0.00594	0.00606	0.00985
14	0.01519	0.23622	0.42874	0.01723	0.07359	0.01808	0.01861	0.08603	0.01489	0.02061	0.01108	0.01284	0.00847	0.00599	0.00554	0.00181	0.00830	0.00450	0.00307	0.00922
15	0.01454	0.01233	0.01715	0.47316	0.03289	0.05272	0.01435	0.07500	0.01477	0.06961	0.01445	0.07891	0.01200	0.00753	0.00630	0.00199	0.00753	0.00646	0.00383	0.08448
16	0.01513	0.06690	0.02021	0.01925	0.14876	0.15046	0.12569	0.01809	0.01517	0.03645	0.06882	0.10941	0.02116	0.00989	0.00689	0.00208	0.00757	0.12573	0.00431	0.02801
17	0.05494	0.06883	0.01764	0.01516	0.08525	0.11761	0.04648	0.03852	0.14114	0.12287	0.01708	0.05622	0.01404	0.04201	0.00740	0.00200	0.02301	0.00617	0.00474	0.11887
18	0.01279	0.01036	0.01612	0.01368	0.01664	0.01012	0.16213	0.07353	0.06549	0.05957	0.04766	0.20457	0.11888	0.04154	0.00853	0.00248	0.00602	0.11735	0.00543	0.00712
19	0.05878	0.06678	0.05025	0.01386	0.01796	0.07897	0.09135	0.07594	0.17306	0.02282	0.05310	0.05384	0.01878	0.00897	0.00643	0.00200	0.00664	0.10314	0.00487	0.09245
20	0.08546	0.01100	0.01386	0.07360	0.01692	0.07046	0.09758	0.01473	0.01491	0.02043	0.17411	0.06875	0.16898	0.01132	0.00696	0.00210	0.00579	0.09135	0.00501	0.04666
21	0.01619	0.01395	0.01866	0.02100	0.23748	0.10485	0.07448	0.01907	0.01518	0.11284	0.06656	0.13950	0.01965	0.00903	0.00662	0.00195	0.00680	0.02828	0.00460	0.08330

[dist]
# distance from previous block
# <min> <max>
53	198

[block]
# block no. 2 follows, 35 sequences, length 15
# corresponding to MSA columns:
# 907-921
name=unknown_C
#
# <colnr> <probs for GDERKNQSTAVLIFYWHMCP>
#	G	D	E	R	K	N	Q	S	T	A	V	L	I	F	Y	W	H	M	C	P
0	0.02026	0.27546	0.02373	0.01599	0.08364	0.24929	0.01225	0.15744	0.06735	0.02131	0.01183	0.01299	0.00962	0.00644	0.00539	0.00165	0.00822	0.00453	0.00389	0.00871
1	0.01919	0.01571	0.04633	0.02132	0.22159	0.04349	0.05395	0.17364	0.14863	0.12963	0.01801	0.05000	0.01392	0.00757	0.00646	0.00199	0.00688	0.00659	0.00523	0.00989
2	0.01516	0.02880	0.60749	0.01687	0.02536	0.01398	0.02082	0.02223	0.04319	0.12612	0.01397	0.01501	0.00962	0.00640	0.00610	0.00201	0.00861	0.00504	0.00359	0.00961
3	0.01382	0.01220	0.02089	0.25103	0.26699	0.01275	0.09148	0.01756	0.01452	0.06105	0.10126	0.04841	0.04492	0.00772	0.00669	0.00203	0.00720	0.00731	0.00398	0.00818
4	0.00773	0.00552	0.00736	0.00883	0.00920	0.00515	0.00589	0.00883	0.01215	0.01619	0.03497	0.77291	0.04196	0.01987	0.00810	0.00258	0.00368	0.01803	0.00589	0.00515
5	0.01462	0.08531	0.03264	0.05696	0.12279	0.01590	0.48026	0.01911	0.01442	0.01942	0.01382	0.06886	0.01175	0.00645	0.00701	0.00206	0.00934	0.00753	0.00332	0.00841
6	0.01529	0.01622	0.03230	0.03210	0.34257	0.01562	0.40913	0.01995	0.01474	0.02050	0.01244	0.01649	0.00981	0.00548	0.00696	0.00203	0.00931	0.00668	0.00318	0.00921
7	0.01198	0.01128	0.01903	0.76180	0.04369	0.01409	0.01762	0.01621	0.01268	0.01621	0.01128	0.01691	0.00846	0.00634	0.00634	0.00211	0.00846	0.00564	0.00282	0.00705
8	0.02846	0.01080	0.01472	0.01129	0.01619	0.00932	0.00932	0.03092	0.01816	0.74187	0.02503	0.02159	0.01570	0.00785	0.00638	0.00196	0.00540	0.00638	0.00785	0.01080
9	0.02546	0.06989	0.08536	0.01268	0.01812	0.01133	0.04673	0.02849	0.01716	0.58412	0.02194	0.01976	0.01412	0.00738	0.00623	0.00193	0.00614	0.00606	0.00675	0.01035
10	0.01198	0.01128	0.01903	0.76180	0.04369	0.01409	0.01762	0.01621	0.01268	0.01621	0.01128	0.01691	0.00846	0.00634	0.00634	0.00211	0.00846	0.00564	0.00282	0.00705
11	0.00923	0.00615	0.00692	0.00692	0.00692	0.00615	0.00384	0.00923	0.00923	0.01230	0.01999	0.04151	0.02306	0.77705	0.03229	0.00615	0.00615	0.00923	0.00384	0.00384
12	0.06446	0.02209	0.01792	0.01565	0.04408	0.33882	0.01194	0.26982	0.02147	0.09285	0.01313	0.01389	0.00981	0.00711	0.00636	0.00182	0.03010	0.00494	0.00480	0.00895
13	0.12094	0.11425	0.04614	0.01568	0.04511	0.16088	0.10409	0.09470	0.06281	0.04375	0.04093	0.03774	0.01318	0.00755	0.00667	0.00194	0.04641	0.02486	0.00418	0.00819
14	0.10710	0.03378	0.01831	0.04335	0.04485	0.06253	0.09145	0.22464	0.05391	0.04466	0.03960	0.05001	0.03630	0.00844	0.00684	0.00201	0.03443	0.04626	0.00493	0.04660

[dist]
# distance from previous block
# <min> <max>
7	59

[block]
# block no. 3 follows, 35 sequences, length 118
# corresponding to MSA columns:
# 986-1059,1182-1225
name=unknown_D
#
# <colnr> <probs for GDERKNQSTAVLIFYWHMCP>
#	G	D	E	R	K	N	Q	S	T	A	V	L	I	F	Y	W	H	M	C	P
0	0.10048	0.42284	0.05932	0.01147	0.01636	0.05128	0.01077	0.06985	0.03356	0.03699	0.02772	0.01318	0.01031	0.00794	0.03734	0.00194	0.02437	0.00424	0.00354	0.05650
1	0.07416	0.05163	0.10743	0.01249	0.01695	0.12021	0.01099	0.09488	0.12902	0.05509	0.06845	0.06367	0.01679	0.02721	0.00656	0.00191	0.00655	0.00631	0.00476	0.12492
2	0.08722	0.13351	0.18787	0.01361	0.01897	0.12822	0.01327	0.07000	0.08638	0.12577	0.01649	0.01838	0.02988	0.00738	0.00578	0.00189	0.00745	0.03467	0.00447	0.00878
3	0.37381	0.04918	0.03330	0.01085	0.01517	0.05042	0.00914	0.08440	0.10565	0.14344	0.01506	0.01615	0.01128	0.00700	0.00517	0.00193	0.00573	0.02322	0.00503	0.03408
4	0.16677	0.44454	0.14881	0.01251	0.01825	0.02026	0.05423	0.01894	0.01269	0.01869	0.01016	0.03062	0.00884	0.00598	0.00468	0.00166	0.00703	0.00424	0.00305	0.00806
5	0.00965	0.07373	0.04953	0.00846	0.00997	0.00812	0.00648	0.01081	0.01126	0.01475	0.04326	0.14065	0.13573	0.31894	0.09299	0.03969	0.00656	0.01002	0.00427	0.00512
6	0.01523	0.51643	0.17832	0.01209	0.01762	0.02025	0.01286	0.01785	0.01251	0.01566	0.01024	0.01345	0.00917	0.00776	0.00696	0.09438	0.00716	0.02155	0.00279	0.00773
7	0.05335	0.00810	0.05191	0.00886	0.01010	0.00701	0.00660	0.01130	0.04219	0.01642	0.06110	0.31158	0.05898	0.19629	0.01561	0.11415	0.00492	0.01166	0.00476	0.00512
8	0.01607	0.05716	0.05844	0.01272	0.01604	0.11867	0.01051	0.12875	0.21835	0.02273	0.02100	0.08000	0.01922	0.10004	0.00960	0.00258	0.00673	0.08819	0.00514	0.00806
9	0.21198	0.40542	0.09377	0.01171	0.01691	0.09503	0.01132	0.05745	0.01387	0.02011	0.00952	0.01092	0.00797	0.00583	0.00452	0.00162	0.00707	0.00372	0.00326	0.00802
10	0.00848	0.00581	0.00743	0.00851	0.00901	0.00555	0.00578	0.00971	0.01208	0.01652	0.04959	0.53014	0.03715	0.14264	0.01184	0.00310	0.00418	0.06642	0.06099	0.00506
11	0.01388	0.01388	0.01943	0.01666	0.01666	0.01943	0.01388	0.01527	0.00972	0.01527	0.00833	0.01388	0.00833	0.01110	0.02082	0.00278	0.76544	0.00555	0.00278	0.00694
12	0.00768	0.00643	0.00669	0.00662	0.00868	0.00544	0.00497	0.00947	0.01490	0.01819	0.14888	0.05933	0.64964	0.01568	0.00750	0.00212	0.00319	0.01315	0.00603	0.00544
13	0.00893	0.00648	0.00841	0.00793	0.00945	0.00597	0.00595	0.01188	0.01785	0.02518	0.71285	0.04782	0.08130	0.01307	0.00748	0.00200	0.00300	0.01153	0.00695	0.00597
14	0.82186	0.01227	0.00932	0.00834	0.01227	0.01423	0.00687	0.01865	0.01080	0.02846	0.00883	0.01031	0.00687	0.00589	0.00393	0.00196	0.00491	0.00344	0.00393	0.00687
15	0.01604	0.01367	0.01444	0.01288	0.01649	0.01574	0.01005	0.06828	0.67295	0.02720	0.04255	0.02381	0.01991	0.00866	0.00647	0.00214	0.00507	0.00720	0.00646	0.00998
16	0.01256	0.00662	0.00670	0.00643	0.00813	0.00674	0.00489	0.05677	0.01429	0.02463	0.02037	0.02315	0.01593	0.00740	0.00455	0.00150	0.00320	0.00590	0.76403	0.00620
17	0.01389	0.01537	0.08623	0.25401	0.15103	0.01477	0.19069	0.03740	0.07462	0.01980	0.01423	0.05465	0.01164	0.00697	0.00704	0.00211	0.02688	0.00677	0.00351	0.00838
18	0.01653	0.70476	0.10557	0.01159	0.01742	0.02405	0.01214	0.01911	0.01294	0.01545	0.00908	0.01050	0.00813	0.00549	0.00427	0.00142	0.00705	0.00352	0.00271	0.00827
19	0.00766	0.00579	0.00708	0.00811	0.00901	0.00521	0.00557	0.00892	0.01284	0.01648	0.04381	0.55804	0.25112	0.01873	0.00792	0.00245	0.00354	0.01663	0.00589	0.00521
20	0.01272	0.03281	0.74418	0.01808	0.02746	0.01473	0.02344	0.02009	0.01339	0.02009	0.01138	0.01339	0.00804	0.00603	0.00603	0.00201	0.00938	0.00469	0.00268	0.00938
21	0.01570	0.01507	0.02575	0.03894	0.73748	0.01507	0.01947	0.01947	0.01444	0.02073	0.01193	0.01570	0.01005	0.00565	0.00628	0.00188	0.00754	0.00565	0.00314	0.01005
22	0.01840	0.01441	0.01624	0.04342	0.01848	0.01411	0.01013	0.35441	0.02119	0.02982	0.01319	0.01432	0.01003	0.00618	0.00556	0.00145	0.00596	0.00478	0.00497	0.39294
23	0.00914	0.00649	0.00862	0.00862	0.00920	0.00707	0.00596	0.01032	0.00973	0.01356	0.01844	0.03291	0.01933	0.39889	0.40534	0.00825	0.01177	0.00797	0.00361	0.00479
24	0.00773	0.00552	0.00736	0.00883	0.00920	0.00515	0.00589	0.00883	0.01215	0.01619	0.03497	0.77291	0.04196	0.01987	0.00810	0.00258	0.00368	0.01803	0.00589	0.00515
25	0.01198	0.01128	0.01903	0.76180	0.04369	0.01409	0.01762	0.01621	0.01268	0.01621	0.01128	0.01691	0.00846	0.00634	0.00634	0.00211	0.00846	0.00564	0.00282	0.00705
26	0.00773	0.00552	0.00736	0.00883	0.00920	0.00515	0.00589	0.00883	0.01215	0.01619	0.03497	0.77291	0.04196	0.01987	0.00810	0.00258	0.00368	0.01803	0.00589	0.00515
27	0.01578	0.01363	0.01434	0.01291	0.01650	0.01578	0.01004	0.03371	0.72602	0.02654	0.02582	0.02367	0.01937	0.00861	0.00646	0.00215	0.00502	0.00717	0.00646	0.01004
28	0.01995	0.01644	0.02236	0.02663	0.37466	0.01740	0.01572	0.37170	0.02222	0.03046	0.01360	0.01546	0.01042	0.00664	0.00631	0.00189	0.00726	0.00568	0.00476	0.01042
29	0.02846	0.01080	0.01472	0.01129	0.01619	0.00932	0.00932	0.03092	0.01816	0.74187	0.02503	0.02159	0.01570	0.00785	0.00638	0.00196	0.00540	0.00638	0.00785	0.01080
30	0.01315	0.01128	0.01315	0.00940	0.01503	0.00846	0.00752	0.01597	0.01315	0.02067	0.01128	0.01315	0.00940	0.00470	0.00470	0.00094	0.00470	0.00376	0.00376	0.81583
31	0.01876	0.27404	0.21091	0.01304	0.01899	0.01649	0.01357	0.07107	0.01560	0.20835	0.01605	0.05234	0.01261	0.00737	0.00566	0.00182	0.00694	0.02272	0.00454	0.00914
32	0.02233	0.01099	0.01409	0.01053	0.01573	0.00898	0.00860	0.02493	0.01615	0.45290	0.01952	0.01821	0.01318	0.00659	0.00571	0.00155	0.00512	0.00533	0.00621	0.33336
33	0.02110	0.01453	0.01555	0.01227	0.01642	0.01584	0.01002	0.51625	0.02525	0.05670	0.01692	0.01758	0.01234	0.00756	0.00586	0.00180	0.00590	0.00578	0.21279	0.00954
34	0.01730	0.04175	0.32156	0.01733	0.02428	0.01329	0.17648	0.02238	0.01509	0.21509	0.01851	0.01924	0.05410	0.00695	0.00649	0.00202	0.00816	0.00627	0.00439	0.00930
35	0.00893	0.00648	0.00841	0.00793	0.00945	0.00597	0.00595	0.01188	0.01785	0.02518	0.71285	0.04782	0.08130	0.01307	0.00748	0.00200	0.00300	0.01153	0.00695	0.00597
36	0.01198	0.01128	0.01903	0.76180	0.04369	0.01409	0.01762	0.01621	0.01268	0.01621	0.01128	0.01691	0.00846	0.00634	0.00634	0.00211	0.00846	0.00564	0.00282	0.00705
37	0.01315	0.01128	0.01315	0.00940	0.01503	0.00846	0.00752	0.01597	0.01315	0.02067	0.01128	0.01315	0.00940	0.00470	0.00470	0.00094	0.00470	0.00376	0.00376	0.81583
38	0.01050	0.00871	0.01080	0.01132	0.07839	0.03777	0.00759	0.01333	0.01667	0.02320	0.49239	0.07484	0.08407	0.01167	0.00704	0.00190	0.00399	0.01025	0.00603	0.08955
39	0.03551	0.07884	0.38872	0.01618	0.02325	0.01608	0.05923	0.18831	0.01735	0.04280	0.01299	0.01473	0.00952	0.00819	0.03796	0.00228	0.00864	0.00515	0.02499	0.00931
40	0.00885	0.00648	0.00831	0.00785	0.00940	0.00593	0.00589	0.01173	0.01766	0.02474	0.67753	0.04854	0.11689	0.01323	0.00748	0.00201	0.00301	0.01163	0.00689	0.00593
41	0.00773	0.00552	0.00736	0.00883	0.00920	0.00515	0.00589	0.00883	0.01215	0.01619	0.03497	0.77291	0.04196	0.01987	0.00810	0.00258	0.00368	0.01803	0.00589	0.00515
42	0.01503	0.01419	0.05169	0.14771	0.24095	0.03076	0.13334	0.01989	0.06508	0.08131	0.05337	0.02274	0.08054	0.00747	0.00666	0.00202	0.00742	0.00705	0.00416	0.00863
43	0.01607	0.01586	0.01833	0.02145	0.24160	0.16146	0.01329	0.05715	0.01462	0.03747	0.01606	0.07587	0.04323	0.03001	0.08135	0.00295	0.13472	0.00681	0.00377	0.00792
44	0.02474	0.01676	0.01841	0.01412	0.01917	0.01818	0.01166	0.61720	0.02814	0.14149	0.01665	0.01615	0.01150	0.00765	0.00635	0.00191	0.00675	0.00581	0.00656	0.01079
45	0.00772	0.00558	0.00730	0.00869	0.00916	0.00516	0.00582	0.00885	0.01228	0.01625	0.03672	0.73019	0.08355	0.01965	0.00806	0.00255	0.00365	0.01776	0.00589	0.00516
46	0.01757	0.06760	0.08707	0.05623	0.10027	0.08841	0.13247	0.03746	0.05130	0.15831	0.05190	0.09031	0.01641	0.00807	0.00652	0.00199	0.00750	0.00725	0.00467	0.00867
47	0.01658	0.01845	0.01616	0.04723	0.06074	0.31838	0.01206	0.01857	0.01452	0.01634	0.01601	0.09461	0.01613	0.01257	0.05248	0.00265	0.14901	0.10683	0.00378	0.00690
48	0.00973	0.00666	0.00866	0.00806	0.00972	0.00610	0.00608	0.01265	0.01782	0.05510	0.67680	0.04687	0.08585	0.01288	0.00744	0.00200	0.00310	0.01134	0.00697	0.00616
49	0.01550	0.01487	0.02539	0.07811	0.69988	0.01502	0.01937	0.01929	0.01435	0.02048	0.01190	0.01577	0.00996	0.00569	0.00628	0.00190	0.00759	0.00565	0.00312	0.00989
50	0.09046	0.11476	0.20087	0.02123	0.19971	0.12750	0.05080	0.04980	0.03283	0.03844	0.01167	0.01372	0.00913	0.00607	0.00572	0.00184	0.00827	0.00485	0.00340	0.00893
51	0.01504	0.01477	0.02334	0.25102	0.49385	0.05470	0.01853	0.01882	0.01412	0.01911	0.01162	0.01583	0.00948	0.00590	0.00627	0.00194	0.00802	0.00556	0.00305	0.00902
52	0.01102	0.00551	0.00826	0.00826	0.00826	0.00551	0.00551	0.00826	0.00826	0.01102	0.01102	0.01928	0.01102	0.02204	0.02479	0.81543	0.00551	0.00551	0.00275	0.00275
53	0.01092	0.00992	0.05551	0.10105	0.08313	0.00881	0.00989	0.04345	0.01584	0.03875	0.26385	0.11961	0.17172	0.01221	0.00718	0.00211	0.00487	0.02889	0.00550	0.00680
54	0.01773	0.03979	0.30050	0.01899	0.13368	0.01349	0.05298	0.05499	0.03302	0.20294	0.03973	0.01854	0.03072	0.00699	0.00629	0.00197	0.00752	0.00592	0.00456	0.00964
55	0.03738	0.10186	0.12430	0.07917	0.23690	0.18434	0.03303	0.07128	0.03703	0.02024	0.01159	0.01402	0.00926	0.00616	0.00587	0.00182	0.00857	0.00496	0.00339	0.00885
56	0.01577	0.01768	0.06247	0.05633	0.06144	0.05924	0.52041	0.02063	0.01501	0.04965	0.01291	0.01654	0.00968	0.00558	0.00704	0.00203	0.00994	0.00678	0.00339	0.04748
57	0.01696	0.78087	0.03324	0.01085	0.01628	0.02510	0.01085	0.01900	0.01289	0.01493	0.00882	0.01018	0.00814	0.00543	0.00407	0.00136	0.00678	0.00339	0.00271	0.00814
58	0.00906	0.00680	0.01020	0.01020	0.01133	0.00793	0.00793	0.01133	0.01020	0.01473	0.01699	0.02492	0.01586	0.04758	0.75191	0.01020	0.01699	0.00680	0.00340	0.00566
59	0.01171	0.01049	0.01588	0.34395	0.02626	0.01331	0.01305	0.01430	0.01112	0.01543	0.01278	0.02093	0.01171	0.12632	0.10407	0.00384	0.20471	0.00629	0.02751	0.00635
60	0.00988	0.00695	0.01031	0.01016	0.01142	0.00794	0.00789	0.01210	0.01051	0.04512	0.01740	0.02519	0.01603	0.06371	0.70313	0.00975	0.01624	0.00684	0.00360	0.00583
61	0.02461	0.01105	0.01404	0.01120	0.01550	0.01041	0.00904	0.05817	0.12425	0.53446	0.02428	0.02281	0.01647	0.04962	0.00771	0.00219	0.00534	0.00660	0.04214	0.01009
62	0.01183	0.00591	0.00591	0.00591	0.00739	0.00591	0.00443	0.01478	0.01330	0.02365	0.02069	0.02365	0.01626	0.00739	0.00443	0.00148	0.00296	0.00591	0.81227	0.00591
63	0.01594	0.60027	0.20488	0.01260	0.01898	0.02260	0.01389	0.01926	0.01301	0.01617	0.00944	0.01095	0.00812	0.00557	0.00454	0.00151	0.00741	0.00370	0.00271	0.00844
64	0.01497	0.01711	0.03743	0.02674	0.03316	0.01604	0.71444	0.02032	0.01497	0.02032	0.01283	0.01711	0.00963	0.00535	0.00749	0.00214	0.01070	0.00749	0.00321	0.00856
65	0.00801	0.00572	0.00769	0.00916	0.00965	0.00540	0.00638	0.00933	0.01243	0.01651	0.03481	0.69281	0.04134	0.01961	0.00817	0.00262	0.00393	0.09533	0.00588	0.00523
66	0.01570	0.01507	0.02575	0.03894	0.73748	0.01507	0.01947	0.01947	0.01444	0.02073	0.01193	0.01570	0.01005	0.00565	0.00628	0.00188	0.00754	0.00565	0.00314	0.01005
67	0.02412	0.01777	0.01904	0.01460	0.01967	0.01967	0.01206	0.71633	0.02983	0.03998	0.01523	0.01523	0.01079	0.00762	0.00635	0.00190	0.00698	0.00571	0.00635	0.01079
68	0.00750	0.00643	0.00643	0.00643	0.00857	0.00536	0.00482	0.00910	0.01446	0.01714	0.06427	0.06105	0.73490	0.01607	0.00750	0.00214	0.00321	0.01339	0.00589	0.00536
69	0.01198	0.01128	0.01903	0.76180	0.04369	0.01409	0.01762	0.01621	0.01268	0.01621	0.01128	0.01691	0.00846	0.00634	0.00634	0.00211	0.00846	0.00564	0.00282	0.00705
70	0.01497	0.01711	0.03743	0.02674	0.03316	0.01604	0.71444	0.02032	0.01497	0.02032	0.01283	0.01711	0.00963	0.00535	0.00749	0.00214	0.01070	0.00749	0.00321	0.00856
71	0.01696	0.78087	0.03324	0.01085	0.01628	0.02510	0.01085	0.01900	0.01289	0.01493	0.00882	0.01018	0.00814	0.00543	0.00407	0.00136	0.00678	0.00339	0.00271	0.00814
72	0.00773	0.00552	0.00736	0.00883	0.00920	0.00515	0.00589	0.00883	0.01215	0.01619	0.03497	0.77291	0.04196	0.01987	0.00810	0.00258	0.00368	0.01803	0.00589	0.00515
73	0.01578	0.01363	0.01434	0.01291	0.01650	0.01578	0.01004	0.03371	0.72602	0.02654	0.02582	0.02367	0.01937	0.00861	0.00646	0.00215	0.00502	0.00717	0.00646	0.01004
74	0.00898	0.00648	0.00848	0.00798	0.00948	0.00599	0.00599	0.01197	0.01796	0.02544	0.73413	0.04739	0.05986	0.01297	0.00748	0.00200	0.00299	0.01147	0.00698	0.00599
75	0.01497	0.01711	0.03743	0.02674	0.03316	0.01604	0.71444	0.02032	0.01497	0.02032	0.01283	0.01711	0.00963	0.00535	0.00749	0.00214	0.01070	0.00749	0.00321	0.00856
76	0.82186	0.01227	0.00932	0.00834	0.01227	0.01423	0.00687	0.01865	0.01080	0.02846	0.00883	0.01031	0.00687	0.00589	0.00393	0.00196	0.00491	0.00344	0.00393	0.00687
77	0.00804	0.00787	0.04677	0.00733	0.00975	0.00598	0.00604	0.01021	0.01502	0.01877	0.18027	0.05604	0.57572	0.01497	0.00742	0.00211	0.00351	0.01258	0.00591	0.00569
78	0.01198	0.01128	0.01903	0.76180	0.04369	0.01409	0.01762	0.01621	0.01268	0.01621	0.01128	0.01691	0.00846	0.00634	0.00634	0.00211	0.00846	0.00564	0.00282	0.00705
79	0.06121	0.66924	0.03052	0.01123	0.01638	0.09223	0.01077	0.01957	0.01325	0.01572	0.00891	0.01030	0.00808	0.00556	0.00422	0.00142	0.00712	0.00346	0.00283	0.00800
80	0.06052	0.12241	0.18266	0.01751	0.09092	0.04795	0.07644	0.16111	0.01770	0.14243	0.01404	0.01499	0.01014	0.00648	0.00592	0.00187	0.00769	0.00525	0.00445	0.00950
81	0.00916	0.00612	0.00694	0.00700	0.00702	0.00611	0.00393	0.00921	0.00935	0.01247	0.02063	0.07288	0.02387	0.74458	0.03125	0.00600	0.00604	0.00960	0.00393	0.00390
82	0.01650	0.01398	0.01475	0.01306	0.01677	0.01611	0.01021	0.09250	0.66606	0.02770	0.02491	0.02294	0.01863	0.00852	0.00645	0.00213	0.00519	0.00705	0.00645	0.01011
83	0.00889	0.00648	0.00836	0.00789	0.00942	0.00595	0.00592	0.01180	0.01775	0.02494	0.69404	0.04821	0.10026	0.01315	0.00748	0.00200	0.00301	0.01159	0.00692	0.00595
84	0.01394	0.04139	0.29072	0.02281	0.20073	0.03320	0.06763	0.01847	0.01299	0.01877	0.01177	0.03405	0.00990	0.00895	0.04027	0.00247	0.15462	0.00567	0.00298	0.00867
85	0.00898	0.00648	0.00848	0.00798	0.00948	0.00599	0.00599	0.01197	0.01796	0.02544	0.73413	0.04739	0.05986	0.01297	0.00748	0.00200	0.00299	0.01147	0.00698	0.00599
86	0.00906	0.00680	0.01020	0.01020	0.01133	0.00793	0.00793	0.01133	0.01020	0.01473	0.01699	0.02492	0.01586	0.04758	0.75191	0.01020	0.01699	0.00680	0.00340	0.00566
87	0.01272	0.03281	0.74418	0.01808	0.02746	0.01473	0.02344	0.02009	0.01339	0.02009	0.01138	0.01339	0.00804	0.00603	0.00603	0.00201	0.00938	0.00469	0.00268	0.00938
88	0.01578	0.01363	0.01434	0.01291	0.01650	0.01578	0.01004	0.03371	0.72602	0.02654	0.02582	0.02367	0.01937	0.00861	0.00646	0.00215	0.00502	0.00717	0.00646	0.01004
89	0.01388	0.01388	0.01943	0.01666	0.01666	0.01943	0.01388	0.01527	0.00972	0.01527	0.00833	0.01388	0.00833	0.01110	0.02082	0.00278	0.76544	0.00555	0.00278	0.00694
90	0.06277	0.01086	0.01449	0.01116	0.01602	0.00954	0.00922	0.03039	0.01784	0.71102	0.02433	0.02110	0.01532	0.00777	0.00627	0.00196	0.00538	0.00625	0.00768	0.01063
91	0.01198	0.01128	0.01903	0.76180	0.04369	0.01409	0.01762	0.01621	0.01268	0.01621	0.01128	0.01691	0.00846	0.00634	0.00634	0.00211	0.00846	0.00564	0.00282	0.00705
92	0.00790	0.00644	0.00698	0.00685	0.00881	0.00553	0.00514	0.00988	0.01541	0.01938	0.24548	0.05736	0.55229	0.01523	0.00749	0.00210	0.00315	0.01287	0.00619	0.00553
93	0.02778	0.01059	0.01436	0.01107	0.01583	0.00918	0.00912	0.03025	0.01796	0.71225	0.02485	0.02168	0.01573	0.00783	0.00630	0.00194	0.00530	0.00636	0.04103	0.01059
94	0.00842	0.00604	0.00813	0.00956	0.01028	0.00575	0.00706	0.01004	0.01289	0.01699	0.03538	0.55887	0.05924	0.01912	0.00827	0.00266	0.00427	0.20581	0.00588	0.00535
95	0.01272	0.03281	0.74418	0.01808	0.02746	0.01473	0.02344	0.02009	0.01339	0.02009	0.01138	0.01339	0.00804	0.00603	0.00603	0.00201	0.00938	0.00469	0.00268	0.00938
96	0.01552	0.01457	0.02423	0.16177	0.57942	0.01515	0.01875	0.05667	0.01498	0.02099	0.01200	0.01588	0.00982	0.00588	0.00629	0.00192	0.00766	0.00565	0.00326	0.00957
97	0.77813	0.01253	0.01085	0.00934	0.01340	0.01433	0.04522	0.01874	0.01102	0.02802	0.00905	0.01067	0.00702	0.00586	0.00412	0.00197	0.00522	0.00365	0.00389	0.00696
98	0.01696	0.78087	0.03324	0.01085	0.01628	0.02510	0.01085	0.01900	0.01289	0.01493	0.00882	0.01018	0.00814	0.00543	0.00407	0.00136	0.00678	0.00339	0.00271	0.00814
99	0.01385	0.01377	0.01917	0.01636	0.01659	0.01898	0.01362	0.01530	0.00986	0.01549	0.00845	0.01385	0.00837	0.01084	0.02015	0.00270	0.73406	0.00548	0.00282	0.04031
100	0.01502	0.02960	0.63770	0.01709	0.02581	0.01394	0.02138	0.02167	0.01409	0.12545	0.01338	0.01459	0.00916	0.00629	0.00608	0.00200	0.00879	0.00493	0.00343	0.00958
101	0.01272	0.03281	0.74418	0.01808	0.02746	0.01473	0.02344	0.02009	0.01339	0.02009	0.01138	0.01339	0.00804	0.00603	0.00603	0.00201	0.00938	0.00469	0.00268	0.00938
102	0.00923	0.00615	0.00692	0.00692	0.00692	0.00615	0.00384	0.00923	0.00923	0.01230	0.01999	0.04151	0.02306	0.77705	0.03229	0.00615	0.00615	0.00923	0.00384	0.00384
103	0.02370	0.03023	0.01798	0.01634	0.01961	0.75158	0.01226	0.02533	0.01798	0.01553	0.00981	0.01144	0.00817	0.00654	0.00572	0.00163	0.01144	0.00409	0.00327	0.00735
104	0.01497	0.01711	0.03743	0.02674	0.03316	0.01604	0.71444	0.02032	0.01497	0.02032	0.01283	0.01711	0.00963	0.00535	0.00749	0.00214	0.01070	0.00749	0.00321	0.00856
105	0.01183	0.00591	0.00591	0.00591	0.00739	0.00591	0.00443	0.01478	0.01330	0.02365	0.02069	0.02365	0.01626	0.00739	0.00443	0.00148	0.00296	0.00591	0.81227	0.00591
106	0.01497	0.01711	0.03743	0.02674	0.03316	0.01604	0.71444	0.02032	0.01497	0.02032	0.01283	0.01711	0.00963	0.00535	0.00749	0.00214	0.01070	0.00749	0.00321	0.00856
107	0.01700	0.01423	0.01503	0.01316	0.01696	0.01635	0.01034	0.13336	0.62439	0.02850	0.02427	0.02244	0.01811	0.00846	0.00644	0.00212	0.00531	0.00696	0.00644	0.01015
108	0.01497	0.01711	0.03743	0.02674	0.03316	0.01604	0.71444	0.02032	0.01497	0.02032	0.01283	0.01711	0.00963	0.00535	0.00749	0.00214	0.01070	0.00749	0.00321	0.00856
109	0.00773	0.00552	0.00736	0.00883	0.00920	0.00515	0.00589	0.00883	0.01215	0.01619	0.03497	0.77291	0.04196	0.01987	0.00810	0.00258	0.00368	0.01803	0.00589	0.00515
110	0.01518	0.01418	0.02349	0.23745	0.50259	0.01508	0.01851	0.06028	0.01488	0.02063	0.01195	0.01601	0.00965	0.00596	0.00630	0.00195	0.00776	0.00565	0.00324	0.00926
111	0.01027	0.00781	0.01152	0.01213	0.01395	0.00766	0.05191	0.01323	0.01461	0.01891	0.03499	0.06740	0.09505	0.01667	0.00858	0.00281	0.00591	0.59496	0.00569	0.00596
112	0.00773	0.00552	0.00736	0.00883	0.00920	0.00515	0.00589	0.00883	0.01215	0.01619	0.03497	0.77291	0.04196	0.01987	0.00810	0.00258	0.00368	0.01803	0.00589	0.00515
113	0.00977	0.00783	0.01154	0.01114	0.01211	0.00961	0.00880	0.01190	0.01013	0.01481	0.01573	0.02331	0.01476	0.04225	0.64519	0.00911	0.12625	0.00662	0.00331	0.00585
114	0.01935	0.01661	0.02069	0.01644	0.02091	0.10368	0.16719	0.19745	0.19047	0.09636	0.01892	0.05484	0.01484	0.00806	0.00669	0.00205	0.00753	0.02320	0.00542	0.00932
115	0.01404	0.25885	0.48438	0.01537	0.02332	0.01751	0.01866	0.01951	0.01323	0.01856	0.01060	0.01240	0.00815	0.00577	0.00535	0.00175	0.00831	0.00424	0.00275	0.05727
116	0.00889	0.05258	0.00936	0.00834	0.00984	0.00684	0.00627	0.01102	0.01512	0.02024	0.32654	0.26577	0.16824	0.01537	0.00753	0.00221	0.00362	0.05032	0.00615	0.00575
117	0.55922	0.01416	0.06148	0.01246	0.08468	0.01409	0.00959	0.06031	0.01270	0.02705	0.00994	0.01162	0.00775	0.00586	0.00452	0.00185	0.00557	0.00390	0.00389	0.08936

[dist]
# distance from previous block
# <min> <max>
0	7

[block]
# block no. 4 follows, 35 sequences, length 21
# corresponding to MSA columns:
# 1233-1253
name=unknown_E
#
# <colnr> <probs for GDERKNQSTAVLIFYWHMCP>
#	G	D	E	R	K	N	Q	S	T	A	V	L	I	F	Y	W	H	M	C	P
0	0.03577	0.05557	0.35283	0.01669	0.05845	0.01476	0.04998	0.13621	0.03374	0.08737	0.06758	0.01833	0.03026	0.00717	0.00621	0.00196	0.00766	0.00586	0.00430	0.00929
1	0.02370	0.03023	0.01798	0.01634	0.01961	0.75158	0.01226	0.02533	0.01798	0.01553	0.00981	0.01144	0.00817	0.00654	0.00572	0.00163	0.01144	0.00409	0.00327	0.00735
2	0.01392	0.01306	0.04913	0.32155	0.11628	0.01373	0.05749	0.08104	0.06857	0.03700	0.04232	0.04056	0.05088	0.00820	0.00698	0.00213	0.02382	0.04121	0.00410	0.00802
3	0.05528	0.01108	0.04980	0.00995	0.01231	0.08258	0.00785	0.03332	0.01420	0.13405	0.02432	0.30007	0.02418	0.04901	0.00769	0.00227	0.00517	0.01027	0.15980	0.00681
4	0.01272	0.03281	0.74418	0.01808	0.02746	0.01473	0.02344	0.02009	0.01339	0.02009	0.01138	0.01339	0.00804	0.00603	0.00603	0.00201	0.00938	0.00469	0.00268	0.00938
5	0.00923	0.00615	0.00692	0.00692	0.00692	0.00615	0.00384	0.00923	0.00923	0.01230	0.01999	0.04151	0.02306	0.77705	0.03229	0.00615	0.00615	0.00923	0.00384	0.00384
6	0.01228	0.00998	0.01131	0.01115	0.04289	0.01049	0.00809	0.02129	0.32341	0.04272	0.16094	0.08280	0.21321	0.01186	0.00700	0.00213	0.00423	0.01012	0.00627	0.00783
7	0.02825	0.01115	0.01494	0.01145	0.01637	0.00984	0.00946	0.06521	0.01874	0.70676	0.02454	0.02127	0.01546	0.00784	0.00638	0.00196	0.00548	0.00635	0.00778	0.01080
8	0.00906	0.00680	0.01020	0.01020	0.01133	0.00793	0.00793	0.01133	0.01020	0.01473	0.01699	0.02492	0.01586	0.04758	0.75191	0.01020	0.01699	0.00680	0.00340	0.00566
9	0.01198	0.01128	0.01903	0.76180	0.04369	0.01409	0.01762	0.01621	0.01268	0.01621	0.01128	0.01691	0.00846	0.00634	0.00634	0.00211	0.00846	0.00564	0.00282	0.00705
10	0.00758	0.00632	0.00654	0.00669	0.00857	0.00536	0.00489	0.00908	0.01403	0.01687	0.05967	0.13293	0.63845	0.04403	0.00846	0.00233	0.00337	0.01371	0.00582	0.00528
11	0.00771	0.00560	0.00728	0.00862	0.00915	0.00517	0.00580	0.00886	0.01235	0.01628	0.03753	0.71062	0.10259	0.01954	0.00804	0.00254	0.00364	0.01763	0.00589	0.00517
12	0.00906	0.00680	0.01020	0.01020	0.01133	0.00793	0.00793	0.01133	0.01020	0.01473	0.01699	0.02492	0.01586	0.04758	0.75191	0.01020	0.01699	0.00680	0.00340	0.00566
13	0.00906	0.00680	0.01020	0.01020	0.01133	0.00793	0.00793	0.01133	0.01020	0.01473	0.01699	0.02492	0.01586	0.04758	0.75191	0.01020	0.01699	0.00680	0.00340	0.00566
14	0.00772	0.00644	0.00673	0.00666	0.00870	0.00545	0.00499	0.00953	0.01498	0.01838	0.16412	0.05902	0.63428	0.01560	0.00750	0.00212	0.00318	0.01310	0.00605	0.00545
15	0.00922	0.00618	0.00708	0.00708	0.00713	0.00624	0.00404	0.00933	0.00927	0.01242	0.01984	0.04071	0.02272	0.74185	0.06701	0.00635	0.00667	0.00911	0.00382	0.00393
16	0.01578	0.01363	0.01434	0.01291	0.01650	0.01578	0.01004	0.03371	0.72602	0.02654	0.02582	0.02367	0.01937	0.00861	0.00646	0.00215	0.00502	0.00717	0.00646	0.01004
17	0.01644	0.01647	0.02503	0.03685	0.67120	0.08307	0.01880	0.02001	0.01477	0.02025	0.01174	0.01531	0.00988	0.00573	0.00623	0.00186	0.00790	0.00551	0.00315	0.00980
18	0.02202	0.03063	0.12872	0.01661	0.02081	0.63922	0.01396	0.02453	0.01728	0.01622	0.01005	0.01174	0.00815	0.00646	0.00577	0.00169	0.01113	0.00418	0.00318	0.00766
19	0.01532	0.01319	0.01349	0.01217	0.01525	0.03968	0.00924	0.05178	0.56989	0.02442	0.02404	0.02570	0.01927	0.12568	0.01037	0.00274	0.00548	0.00733	0.00594	0.00903
20	0.00933	0.00752	0.01184	0.01152	0.01289	0.00716	0.09948	0.03268	0.01320	0.01763	0.03136	0.61169	0.03644	0.01745	0.00800	0.00252	0.00482	0.05311	0.00555	0.00581

[dist]
# distance from previous block
# <min> <max>
0	7

[block]
# block no. 5 follows, 35 sequences, length 66
# corresponding to MSA columns:
# 1261-1326
name=unknown_F
#
# <colnr> <probs for GDERKNQSTAVLIFYWHMCP>
#	G	D	E	R	K	N	Q	S	T	A	V	L	I	F	Y	W	H	M	C	P
0	0.01725	0.74875	0.03259	0.01109	0.01642	0.05618	0.01091	0.01927	0.01311	0.01495	0.00886	0.01023	0.00814	0.00547	0.00414	0.00137	0.00698	0.00342	0.00274	0.00811
1	0.00822	0.00627	0.00763	0.00857	0.00961	0.00587	0.00604	0.01043	0.05097	0.01712	0.04186	0.51959	0.21666	0.01820	0.00789	0.00246	0.00373	0.04748	0.00592	0.00550
2	0.01693	0.01444	0.01486	0.01322	0.01682	0.04951	0.01048	0.14017	0.51338	0.02744	0.02415	0.02640	0.01914	0.00922	0.00663	0.00216	0.00571	0.07347	0.00623	0.00963
3	0.01607	0.01351	0.01431	0.01265	0.01626	0.01542	0.00990	0.10197	0.60118	0.02752	0.05265	0.02511	0.04715	0.00895	0.00652	0.00212	0.00508	0.00742	0.00644	0.00979
4	0.00928	0.00724	0.00812	0.00789	0.00983	0.00668	0.00588	0.06993	0.01613	0.02075	0.20253	0.18050	0.40143	0.01534	0.00750	0.00217	0.00357	0.01314	0.00617	0.00592
5	0.00860	0.00621	0.00808	0.00918	0.01003	0.00591	0.00680	0.01025	0.01304	0.01712	0.06871	0.40553	0.10518	0.09121	0.01052	0.00295	0.00444	0.20521	0.00573	0.00528
6	0.05055	0.01335	0.02104	0.15801	0.18812	0.01349	0.10048	0.08757	0.01671	0.26204	0.01647	0.01781	0.01153	0.00667	0.00639	0.00199	0.00723	0.00604	0.00499	0.00951
7	0.02117	0.03399	0.05127	0.01427	0.05824	0.01544	0.01128	0.37478	0.06182	0.14903	0.01762	0.01948	0.01328	0.08131	0.00868	0.00231	0.00648	0.00614	0.04371	0.00968
8	0.00770	0.00564	0.00724	0.00851	0.00912	0.00518	0.00574	0.00887	0.01246	0.01632	0.03891	0.67696	0.13536	0.01936	0.00802	0.00252	0.00362	0.01741	0.00589	0.00518
9	0.01960	0.01564	0.01736	0.01565	0.07249	0.01751	0.01168	0.34569	0.35291	0.03226	0.01991	0.01920	0.01473	0.00793	0.00639	0.00202	0.00611	0.00639	0.00615	0.01038
10	0.01722	0.05195	0.09851	0.01939	0.16992	0.04840	0.06519	0.09334	0.05474	0.09565	0.02932	0.01620	0.01165	0.00650	0.00658	0.00176	0.03949	0.00543	0.00426	0.16451
11	0.01568	0.10534	0.46577	0.01698	0.05249	0.05021	0.01885	0.04183	0.03112	0.08969	0.02746	0.01485	0.01028	0.00652	0.00627	0.00193	0.02699	0.00497	0.00351	0.00925
12	0.01599	0.44116	0.21620	0.01519	0.02177	0.02044	0.12310	0.01993	0.01354	0.04424	0.01071	0.01251	0.00863	0.00566	0.00519	0.00167	0.00801	0.00447	0.00297	0.00862
13	0.01410	0.01422	0.04989	0.32758	0.43318	0.01467	0.01888	0.01819	0.01370	0.01889	0.01165	0.01610	0.00934	0.00594	0.00630	0.00198	0.00797	0.00561	0.00299	0.00882
14	0.01600	0.10237	0.30079	0.03667	0.17255	0.05979	0.04381	0.07531	0.03101	0.05214	0.04171	0.01573	0.01144	0.00644	0.00603	0.00189	0.00816	0.00532	0.00360	0.00924
15	0.01845	0.45317	0.02820	0.01389	0.01843	0.18368	0.06109	0.05969	0.01485	0.01689	0.00964	0.01155	0.00842	0.00627	0.00623	0.00162	0.07266	0.00415	0.00308	0.00804
16	0.01402	0.16182	0.41825	0.01657	0.07092	0.03238	0.01775	0.01922	0.01344	0.01921	0.01091	0.01288	0.00844	0.00566	0.00544	0.00168	0.00798	0.00434	0.00293	0.15615
17	0.01402	0.00714	0.00798	0.00731	0.00939	0.00701	0.00565	0.04634	0.01488	0.11552	0.07491	0.02592	0.04006	0.00975	0.03540	0.00197	0.00402	0.00663	0.55936	0.00672
18	0.00816	0.00684	0.00714	0.00700	0.00914	0.00603	0.00527	0.01088	0.05539	0.01875	0.14888	0.05715	0.60672	0.01524	0.00744	0.00212	0.00329	0.01279	0.00606	0.00570
19	0.04486	0.05021	0.02012	0.01974	0.20442	0.01489	0.04117	0.23149	0.01994	0.22629	0.01879	0.01894	0.04534	0.00732	0.00626	0.00191	0.00659	0.00614	0.00554	0.01002
20	0.01308	0.01255	0.01727	0.01498	0.01498	0.01714	0.01215	0.01422	0.00963	0.01476	0.01034	0.01865	0.01087	0.14326	0.02280	0.00336	0.63443	0.00619	0.00296	0.00641
21	0.02792	0.01092	0.01471	0.01136	0.01621	0.00960	0.00935	0.03104	0.04844	0.71127	0.02506	0.02168	0.01586	0.00788	0.00638	0.00197	0.00538	0.00641	0.00779	0.01076
22	0.00785	0.00561	0.00747	0.00875	0.00923	0.00523	0.00590	0.00913	0.01269	0.01705	0.10000	0.70543	0.04362	0.01923	0.00804	0.00252	0.00362	0.01742	0.00599	0.00523
23	0.01694	0.01665	0.09205	0.07968	0.28773	0.04178	0.16882	0.05339	0.01555	0.10660	0.01438	0.03303	0.01114	0.00641	0.00651	0.00197	0.00813	0.00627	0.02371	0.00926
24	0.00941	0.00700	0.00856	0.00868	0.00997	0.00685	0.00632	0.01287	0.08278	0.02033	0.29145	0.19343	0.10241	0.13308	0.01147	0.00287	0.00410	0.07659	0.00602	0.00581
25	0.01380	0.01157	0.01829	0.62094	0.03850	0.01391	0.01613	0.07570	0.01468	0.05992	0.04629	0.01847	0.01148	0.00685	0.00640	0.00208	0.00790	0.00596	0.00360	0.00753
26	0.02029	0.01539	0.01812	0.01717	0.12540	0.01686	0.01216	0.46612	0.04308	0.03310	0.01622	0.05208	0.01281	0.00804	0.00679	0.00193	0.03525	0.00634	0.08307	0.00978
27	0.02763	0.01097	0.01499	0.01159	0.01622	0.00990	0.00958	0.03003	0.01768	0.70054	0.02408	0.02115	0.01528	0.00804	0.00720	0.00201	0.04864	0.00633	0.00756	0.01058
28	0.01102	0.00551	0.00826	0.00826	0.00826	0.00551	0.00551	0.00826	0.00826	0.01102	0.01102	0.01928	0.01102	0.02204	0.02479	0.81543	0.00551	0.00551	0.00275	0.00275
29	0.07394	0.00897	0.01124	0.00984	0.01233	0.00879	0.00750	0.09303	0.01504	0.23727	0.06040	0.12637	0.01943	0.01370	0.01170	0.23445	0.00510	0.00776	0.03616	0.00697
30	0.01020	0.00814	0.01048	0.01064	0.01209	0.00846	0.02843	0.03313	0.12225	0.01894	0.03367	0.42577	0.09888	0.01633	0.00841	0.00249	0.04039	0.09919	0.00576	0.00634
31	0.68792	0.01345	0.01056	0.00970	0.02845	0.06239	0.00763	0.03957	0.01214	0.04422	0.00986	0.01128	0.00761	0.00606	0.00424	0.00192	0.00541	0.00373	0.02670	0.00715
32	0.02258	0.06318	0.01826	0.01545	0.01888	0.60677	0.01182	0.08854	0.01884	0.01834	0.05147	0.01378	0.01135	0.00695	0.00580	0.00167	0.01032	0.00462	0.00374	0.00763
33	0.00898	0.00648	0.00893	0.00907	0.00978	0.00712	0.00649	0.01045	0.01009	0.01413	0.01963	0.10177	0.02056	0.26695	0.46149	0.00823	0.01241	0.00861	0.00377	0.00506
