[name]
unknown

[dist]
# distance from previous block
# <min> <max>
0	21

[block]
# block no. 0 follows, 36 sequences, length 71
# corresponding to MSA columns:
# 21-91
name=unknown_A
#
# <colnr> <probs for GDERKNQSTAVLIFYWHMCP>
#	G	D	E	R	K	N	Q	S	T	A	V	L	I	F	Y	W	H	M	C	P
0	0.01681	0.16111	0.05375	0.03065	0.01709	0.07981	0.02648	0.01954	0.01428	0.14090	0.03260	0.01878	0.01297	0.00686	0.00590	0.00156	0.03082	0.05443	0.00424	0.27142
1	0.05792	0.11215	0.22495	0.03599	0.03943	0.07199	0.10817	0.01923	0.01357	0.04700	0.01125	0.01337	0.00872	0.00568	0.00582	0.00166	0.02526	0.00463	0.00326	0.18995
2	0.03813	0.08242	0.04755	0.01527	0.10491	0.08037	0.04433	0.05529	0.01543	0.18477	0.01407	0.01491	0.01045	0.00591	0.00546	0.00153	0.00647	0.00479	0.00445	0.26349
3	0.04384	0.17758	0.02213	0.40969	0.05094	0.01561	0.07390	0.01677	0.01301	0.01733	0.05462	0.01656	0.01142	0.00623	0.00574	0.00184	0.00748	0.00539	0.00312	0.04681
4	0.04925	0.02535	0.01711	0.01509	0.01854	0.54387	0.01157	0.15822	0.01920	0.02026	0.01105	0.01272	0.00894	0.00904	0.05107	0.00218	0.01051	0.00446	0.00382	0.00776
5	0.04154	0.01141	0.01205	0.00992	0.01379	0.05436	0.00775	0.07108	0.07606	0.08643	0.06671	0.09480	0.11530	0.00898	0.00592	0.00163	0.00489	0.00742	0.00512	0.30483
6	0.00873	0.00638	0.00786	0.00828	0.00932	0.00596	0.00587	0.01007	0.01210	0.01608	0.06781	0.27855	0.12556	0.22542	0.03200	0.00353	0.00486	0.11240	0.00510	0.05411
7	0.05142	0.03417	0.18276	0.07846	0.01896	0.09571	0.01238	0.04471	0.01425	0.11675	0.01998	0.06158	0.06471	0.09308	0.03886	0.00276	0.00754	0.05016	0.00430	0.00747
8	0.05392	0.01248	0.01789	0.33414	0.12741	0.01389	0.01419	0.15703	0.01663	0.12131	0.01507	0.06242	0.01186	0.00737	0.00622	0.00200	0.00704	0.00629	0.00440	0.00843
9	0.00887	0.00600	0.00681	0.00694	0.00706	0.00592	0.00399	0.00902	0.00952	0.01260	0.02265	0.10567	0.05283	0.68421	0.02867	0.00558	0.00571	0.00998	0.00403	0.00395
10	0.01413	0.00814	0.00999	0.00931	0.01146	0.00786	0.00724	0.06531	0.02990	0.16584	0.07825	0.08305	0.10629	0.15962	0.01176	0.00293	0.00495	0.14993	0.06735	0.00669
11	0.01849	0.09923	0.03510	0.08903	0.03784	0.31894	0.06011	0.05402	0.03884	0.05680	0.01383	0.05357	0.01211	0.03083	0.00727	0.02560	0.00868	0.02844	0.00379	0.00750
12	0.06851	0.01411	0.01594	0.03533	0.06707	0.06432	0.01060	0.22039	0.06340	0.29819	0.01844	0.01892	0.01314	0.05406	0.00761	0.00215	0.00637	0.00591	0.00599	0.00954
13	0.00894	0.00665	0.00833	0.00820	0.00963	0.00632	0.00606	0.01227	0.05921	0.02233	0.48371	0.16166	0.11147	0.03747	0.00817	0.00222	0.00336	0.03170	0.00644	0.00587
14	0.08976	0.00906	0.01243	0.01101	0.01323	0.00972	0.05507	0.06184	0.01314	0.09007	0.06652	0.06468	0.01911	0.08450	0.30517	0.00553	0.03549	0.02611	0.02096	0.00660
15	0.03551	0.05555	0.06525	0.09313	0.04238	0.28704	0.01220	0.07739	0.03406	0.08154	0.01426	0.06117	0.01202	0.01168	0.08719	0.00271	0.00943	0.00573	0.00399	0.00775
16	0.01171	0.00809	0.00980	0.00949	0.01162	0.00800	0.00740	0.01688	0.14975	0.09138	0.22197	0.13970	0.15420	0.01353	0.00733	0.00223	0.00410	0.11962	0.00635	0.00685
17	0.00809	0.00604	0.00720	0.00744	0.00867	0.00545	0.00526	0.00960	0.01386	0.01813	0.23077	0.23783	0.28780	0.08094	0.01025	0.03504	0.00355	0.01317	0.00578	0.00515
18	0.01540	0.57375	0.21420	0.01240	0.01862	0.02159	0.01368	0.01876	0.01291	0.01621	0.02768	0.01172	0.00925	0.00567	0.00457	0.00151	0.00722	0.00385	0.00276	0.00825
19	0.29935	0.03410	0.01438	0.01370	0.10638	0.01309	0.00968	0.05936	0.10034	0.22623	0.05270	0.01752	0.01388	0.00703	0.00542	0.00192	0.00536	0.00540	0.00536	0.00877
20	0.01292	0.01107	0.01292	0.00923	0.01477	0.00831	0.00738	0.01569	0.01292	0.02030	0.01107	0.01292	0.00923	0.00461	0.00461	0.00092	0.00461	0.00369	0.00369	0.81912
21	0.01067	0.00739	0.00906	0.00836	0.01032	0.00711	0.00636	0.01513	0.09827	0.06660	0.52721	0.04274	0.11200	0.01202	0.00706	0.00197	0.00332	0.01046	0.03738	0.00655
22	0.01290	0.01107	0.04075	0.01064	0.01363	0.01110	0.00857	0.02321	0.37409	0.05218	0.26211	0.03384	0.09903	0.01041	0.00675	0.00205	0.00430	0.00887	0.00636	0.00813
23	0.01044	0.00561	0.00819	0.00819	0.00831	0.00573	0.00551	0.00854	0.00842	0.01134	0.01234	0.02172	0.01252	0.10011	0.10469	0.64972	0.00670	0.00591	0.00288	0.00312
24	0.00905	0.00608	0.00711	0.00702	0.00735	0.00596	0.00425	0.00948	0.01066	0.01441	0.14507	0.04133	0.05140	0.58650	0.02635	0.04475	0.00538	0.00940	0.00432	0.00414
25	0.01186	0.01117	0.01885	0.74823	0.06004	0.01387	0.01735	0.01600	0.01250	0.01603	0.01109	0.01658	0.00834	0.00621	0.00623	0.00207	0.00828	0.00554	0.00278	0.00699
26	0.03007	0.05452	0.64807	0.01908	0.08758	0.01482	0.02194	0.01961	0.01317	0.01980	0.01109	0.01318	0.00804	0.00587	0.00584	0.00194	0.00888	0.00462	0.00270	0.00917
27	0.01738	0.01672	0.02068	0.11629	0.33235	0.12411	0.01537	0.12762	0.12492	0.02278	0.01388	0.01606	0.01090	0.00649	0.00613	0.00188	0.00762	0.00556	0.00403	0.00923
28	0.00772	0.00632	0.00675	0.00665	0.00855	0.00541	0.00494	0.00954	0.01476	0.01839	0.20334	0.05656	0.57506	0.03858	0.00811	0.00219	0.00320	0.01263	0.00595	0.00534
29	0.00882	0.00637	0.00833	0.00784	0.00931	0.00588	0.00588	0.01176	0.01764	0.02499	0.73888	0.04654	0.05879	0.01274	0.00735	0.00196	0.00294	0.01127	0.00686	0.00588
30	0.01161	0.02531	0.54606	0.01585	0.04082	0.01231	0.01865	0.01761	0.01408	0.02071	0.16523	0.04949	0.01993	0.00787	0.00630	0.00199	0.00763	0.00653	0.00365	0.00837
31	0.01292	0.01107	0.01292	0.00923	0.01477	0.00831	0.00738	0.01569	0.01292	0.02030	0.01107	0.01292	0.00923	0.00461	0.00461	0.00092	0.00461	0.00369	0.00369	0.81912
32	0.02327	0.02970	0.01766	0.01605	0.01926	0.75602	0.01204	0.02488	0.01766	0.01525	0.00963	0.01124	0.00803	0.00642	0.00562	0.00161	0.01124	0.00401	0.00321	0.00722
33	0.01381	0.01505	0.03123	0.25256	0.03573	0.01517	0.50472	0.01872	0.01402	0.01872	0.01214	0.01675	0.00910	0.00555	0.00701	0.00209	0.00983	0.00680	0.00303	0.00795
34	0.01523	0.01588	0.04183	0.03154	0.44747	0.03480	0.21692	0.01967	0.03176	0.02023	0.01220	0.01570	0.00985	0.00551	0.00640	0.00187	0.00820	0.00593	0.00321	0.05578
35	0.01633	0.07881	0.08871	0.02546	0.33883	0.06083	0.03784	0.08999	0.07765	0.02131	0.01245	0.01501	0.01010	0.00665	0.00759	0.00194	0.09236	0.00538	0.00358	0.00919
36	0.00933	0.00730	0.01134	0.01083	0.01224	0.00834	0.04063	0.01206	0.02752	0.01500	0.01671	0.02409	0.01538	0.04390	0.70385	0.00946	0.01612	0.00672	0.00340	0.00580
37	0.01537	0.01369	0.01383	0.01085	0.01532	0.12554	0.00858	0.01781	0.01362	0.07389	0.01221	0.01431	0.01000	0.00904	0.07004	0.00197	0.04396	0.00428	0.00384	0.52183
38	0.01070	0.00549	0.00823	0.00823	0.00830	0.00556	0.00556	0.00830	0.00823	0.01105	0.01119	0.01928	0.01112	0.02320	0.06964	0.76869	0.00611	0.00549	0.00274	0.00288
39	0.00890	0.00668	0.01001	0.01001	0.01113	0.00779	0.00779	0.01113	0.01001	0.01446	0.01669	0.02448	0.01558	0.04673	0.75634	0.01001	0.01669	0.00668	0.00334	0.00556
40	0.01363	0.01363	0.01908	0.01636	0.01636	0.01908	0.01363	0.01499	0.00954	0.01499	0.00818	0.01363	0.00818	0.01091	0.02045	0.00273	0.76963	0.00545	0.00273	0.00682
41	0.01403	0.01788	0.12045	0.12732	0.03331	0.01534	0.53832	0.01937	0.01421	0.01937	0.01222	0.01634	0.00911	0.00547	0.00702	0.00208	0.01004	0.00677	0.00304	0.00830
42	0.01519	0.01528	0.02701	0.08629	0.53219	0.03122	0.16206	0.01919	0.01425	0.01985	0.01181	0.01570	0.00963	0.00556	0.00640	0.00191	0.00818	0.00589	0.00308	0.00930
43	0.00916	0.00656	0.00864	0.05391	0.01059	0.00707	0.00610	0.01023	0.00981	0.01338	0.01904	0.05701	0.02053	0.45806	0.25565	0.00684	0.00943	0.02968	0.00370	0.00462
44	0.01205	0.01134	0.01888	0.66259	0.06373	0.01347	0.03365	0.01611	0.01261	0.01652	0.01113	0.01628	0.00846	0.00605	0.00612	0.00198	0.00803	0.00543	0.00286	0.07271
45	0.01177	0.01107	0.01869	0.76606	0.04291	0.01384	0.01730	0.01592	0.01246	0.01592	0.01107	0.01661	0.00831	0.00623	0.00623	0.00208	0.00831	0.00554	0.00277	0.00692
46	0.00882	0.00637	0.00833	0.00784	0.00931	0.00588	0.00588	0.01176	0.01764	0.02499	0.73888	0.04654	0.05879	0.01274	0.00735	0.00196	0.00294	0.01127	0.00686	0.00588
47	0.01292	0.01107	0.01292	0.00923	0.01477	0.00831	0.00738	0.01569	0.01292	0.02030	0.01107	0.01292	0.00923	0.00461	0.00461	0.00092	0.00461	0.00369	0.00369	0.81912
48	0.01598	0.01410	0.01433	0.01285	0.01639	0.04394	0.00999	0.04830	0.68779	0.02595	0.02452	0.02260	0.01841	0.00835	0.00631	0.00209	0.00522	0.00690	0.00622	0.00978
49	0.00748	0.00632	0.00647	0.00643	0.00849	0.00531	0.00482	0.00917	0.01447	0.01748	0.11685	0.05890	0.68550	0.01554	0.00736	0.00209	0.00314	0.01300	0.00587	0.00531
50	0.01666	0.78478	0.03265	0.01066	0.01599	0.02465	0.01066	0.01866	0.01266	0.01466	0.00866	0.00999	0.00800	0.00533	0.00400	0.00133	0.00666	0.00333	0.00267	0.00800
51	0.01366	0.02424	0.38903	0.02113	0.02869	0.01510	0.32602	0.02072	0.06179	0.02025	0.01275	0.01542	0.00932	0.00580	0.00657	0.00204	0.00949	0.00597	0.00311	0.00890
52	0.01161	0.00581	0.00581	0.00581	0.00726	0.00581	0.00436	0.01452	0.01307	0.02323	0.02033	0.02323	0.01597	0.00726	0.00436	0.00145	0.00290	0.00581	0.81562	0.00581
53	0.03674	0.00836	0.01080	0.01053	0.01174	0.04501	0.00819	0.01220	0.01035	0.01491	0.01566	0.02317	0.01468	0.06154	0.63199	0.00880	0.05984	0.00643	0.00332	0.00571
54	0.01531	0.06989	0.07213	0.01252	0.01648	0.01527	0.01060	0.04411	0.53606	0.04172	0.05737	0.02291	0.01913	0.03015	0.00690	0.00214	0.00537	0.00680	0.00577	0.00934
55	0.01645	0.64930	0.02979	0.03978	0.01703	0.06758	0.01100	0.01849	0.01273	0.01475	0.00911	0.01104	0.00832	0.00729	0.03478	0.00178	0.03662	0.00367	0.00273	0.00777
56	0.01666	0.78478	0.03265	0.01066	0.01599	0.02465	0.01066	0.01866	0.01266	0.01466	0.00866	0.00999	0.00800	0.00533	0.00400	0.00133	0.00666	0.00333	0.00267	0.00800
57	0.01303	0.00864	0.01075	0.00914	0.01226	0.00768	0.00710	0.01642	0.05815	0.13124	0.22336	0.08338	0.08453	0.01346	0.07651	0.00249	0.00522	0.00842	0.00563	0.22260
58	0.00988	0.00659	0.00845	0.00806	0.00974	0.00599	0.00609	0.01244	0.01659	0.07250	0.51677	0.11317	0.14036	0.01354	0.00737	0.00206	0.00328	0.03442	0.00665	0.00605
59	0.01161	0.00581	0.00581	0.00581	0.00726	0.00581	0.00436	0.01452	0.01307	0.02323	0.02033	0.02323	0.01597	0.00726	0.00436	0.00145	0.00290	0.00581	0.81562	0.00581
60	0.01150	0.07883	0.04244	0.22939	0.06515	0.01247	0.09616	0.01465	0.01246	0.01636	0.02063	0.02507	0.12651	0.04576	0.14720	0.00366	0.03446	0.00709	0.00344	0.00679
61	0.01012	0.00748	0.00952	0.00910	0.00998	0.00797	0.02526	0.01277	0.08853	0.01515	0.04720	0.03659	0.02235	0.43728	0.13696	0.03241	0.02599	0.05608	0.00416	0.00509
62	0.01250	0.03223	0.74875	0.01776	0.02697	0.01447	0.02302	0.01973	0.01315	0.01973	0.01118	0.01315	0.00789	0.00592	0.00592	0.00197	0.00921	0.00460	0.00263	0.00921
63	0.02795	0.01060	0.01446	0.01109	0.01591	0.00916	0.00916	0.03036	0.01783	0.74648	0.02458	0.02121	0.01542	0.00771	0.00627	0.00193	0.00530	0.00627	0.00771	0.01060
64	0.01997	0.28330	0.02510	0.01550	0.01981	0.41691	0.09942	0.02217	0.01560	0.01563	0.00967	0.01151	0.00819	0.00591	0.00529	0.00157	0.00960	0.00420	0.00302	0.00763
65	0.01417	0.01103	0.01806	0.01450	0.01777	0.03922	0.22408	0.01716	0.01388	0.12234	0.03926	0.07719	0.04609	0.08023	0.10372	0.00342	0.00818	0.06112	0.08151	0.00706
66	0.01471	0.01681	0.03676	0.02626	0.03256	0.01576	0.71954	0.01996	0.01471	0.01996	0.01261	0.01681	0.00945	0.00525	0.00735	0.00210	0.01050	0.00735	0.00315	0.00840
67	0.00907	0.00606	0.00734	0.00741	0.00758	0.00620	0.00453	0.00927	0.00927	0.01252	0.01941	0.07303	0.02186	0.59678	0.13006	0.05555	0.00735	0.00893	0.00375	0.00402
68	0.01500	0.09474	0.02255	0.14613	0.43103	0.01440	0.01610	0.01832	0.01384	0.06260	0.01445	0.06343	0.01289	0.00717	0.00618	0.00193	0.00703	0.03988	0.00356	0.00876
69	0.01150	0.01079	0.01794	0.72012	0.04083	0.01332	0.01654	0.01550	0.01256	0.01597	0.01422	0.01923	0.05252	0.00681	0.00630	0.00208	0.00799	0.00600	0.00295	0.00682
70	0.01666	0.78478	0.03265	0.01066	0.01599	0.02465	0.01066	0.01866	0.01266	0.01466	0.00866	0.00999	0.00800	0.00533	0.00400	0.00133	0.00666	0.00333	0.00267	0.00800

[dist]
# distance from previous block
# <min> <max>
0	4

[block]
# block no. 1 follows, 36 sequences, length 21
# corresponding to MSA columns:
# 96-116
name=unknown_B
#
# <colnr> <probs for GDERKNQSTAVLIFYWHMCP>
#	G	D	E	R	K	N	Q	S	T	A	V	L	I	F	Y	W	H	M	C	P
0	0.06833	0.12833	0.05122	0.01333	0.01748	0.28572	0.01113	0.19255	0.04958	0.02264	0.01701	0.01754	0.08451	0.00752	0.00566	0.00174	0.00794	0.00537	0.00429	0.00813
1	0.01346	0.09491	0.55242	0.01815	0.02620	0.03516	0.11120	0.01965	0.01332	0.01905	0.01101	0.01332	0.00812	0.00595	0.00639	0.00195	0.03329	0.00486	0.00272	0.00887
2	0.00746	0.00632	0.00644	0.00641	0.00847	0.00530	0.00481	0.00912	0.01442	0.01735	0.10637	0.05910	0.69606	0.01558	0.00736	0.00209	0.00314	0.01303	0.00585	0.00530
3	0.00784	0.00566	0.00742	0.00840	0.00907	0.00524	0.00576	0.00933	0.01321	0.01783	0.18184	0.59441	0.07498	0.01795	0.00780	0.00239	0.00345	0.01618	0.00601	0.00524
4	0.02086	0.01855	0.01853	0.01693	0.09310	0.17500	0.02767	0.36677	0.05436	0.04096	0.01409	0.01602	0.01097	0.03900	0.03188	0.00229	0.03341	0.00554	0.00492	0.00916
5	0.00736	0.00631	0.00631	0.00631	0.00842	0.00526	0.00473	0.00894	0.01420	0.01683	0.06312	0.05996	0.73964	0.01578	0.00736	0.00210	0.00316	0.01315	0.00579	0.00526
6	0.00759	0.00542	0.00723	0.00868	0.00904	0.00506	0.00578	0.00868	0.01193	0.01591	0.03434	0.77697	0.04121	0.01952	0.00795	0.00253	0.00361	0.01771	0.00578	0.00506
7	0.01295	0.01300	0.01858	0.68869	0.04047	0.09040	0.01676	0.01684	0.01299	0.01585	0.01093	0.01606	0.00828	0.00625	0.00617	0.00203	0.00861	0.00538	0.00281	0.00695
8	0.02804	0.10156	0.03728	0.11669	0.05176	0.01489	0.26278	0.08228	0.04102	0.03959	0.01653	0.08201	0.01478	0.00810	0.00670	0.00208	0.00787	0.07404	0.00402	0.00799
9	0.01177	0.01107	0.01869	0.76606	0.04291	0.01384	0.01730	0.01592	0.01246	0.01592	0.01107	0.01661	0.00831	0.00623	0.00623	0.00208	0.00831	0.00554	0.00277	0.00692
10	0.01021	0.00757	0.00942	0.00906	0.00959	0.00841	0.00625	0.05294	0.01087	0.01493	0.01958	0.13092	0.02165	0.42976	0.14523	0.00562	0.08980	0.00921	0.00400	0.00498
11	0.01309	0.08198	0.62377	0.01675	0.02510	0.01528	0.02081	0.02104	0.08716	0.02004	0.01247	0.01398	0.00905	0.00614	0.00583	0.00194	0.00859	0.00477	0.00302	0.00919
12	0.01603	0.45486	0.08168	0.01301	0.01731	0.09700	0.03978	0.01829	0.01260	0.01521	0.00970	0.01304	0.00896	0.05311	0.00863	0.00194	0.12413	0.00433	0.00281	0.00759
13	0.01161	0.00581	0.00581	0.00581	0.00726	0.00581	0.00436	0.01452	0.01307	0.02323	0.02033	0.02323	0.01597	0.00726	0.00436	0.00145	0.00290	0.00581	0.81562	0.00581
14	0.03909	0.00956	0.01119	0.01006	0.01252	0.04088	0.02819	0.01771	0.11115	0.10711	0.28472	0.03885	0.12985	0.01140	0.00732	0.00207	0.02864	0.06736	0.03529	0.00705
15	0.01221	0.01062	0.01189	0.05679	0.01440	0.11422	0.03112	0.01357	0.01278	0.04191	0.02378	0.28875	0.03888	0.04529	0.01112	0.09202	0.05848	0.11188	0.00459	0.00570
16	0.00982	0.01322	0.19920	0.01200	0.01518	0.00950	0.01169	0.01333	0.01082	0.01581	0.01528	0.02158	0.01361	0.03628	0.56416	0.00795	0.01477	0.00615	0.00316	0.00650
17	0.01497	0.10957	0.41666	0.01625	0.02245	0.15269	0.01793	0.01966	0.01335	0.01756	0.01040	0.01289	0.00821	0.00792	0.03166	0.00219	0.11004	0.00454	0.00278	0.00828
18	0.19451	0.01273	0.03624	0.03615	0.01697	0.05189	0.09110	0.06481	0.02816	0.15243	0.01703	0.01998	0.04443	0.01151	0.05927	0.08675	0.00711	0.02767	0.00456	0.03672
19	0.06309	0.07552	0.09800	0.01111	0.01629	0.06262	0.01001	0.06002	0.01382	0.02047	0.01147	0.01375	0.00949	0.00953	0.08238	0.00218	0.00715	0.00420	0.00359	0.42532
20	0.01708	0.52899	0.05508	0.01424	0.01958	0.12140	0.13037	0.01975	0.01369	0.01580	0.00954	0.01141	0.00824	0.00548	0.00484	0.00152	0.00801	0.00414	0.00282	0.00800

[dist]
# distance from previous block
# <min> <max>
0	4

[block]
# block no. 2 follows, 36 sequences, length 21
# corresponding to MSA columns:
# 121-141
name=unknown_C
#
# <colnr> <probs for GDERKNQSTAVLIFYWHMCP>
#	G	D	E	R	K	N	Q	S	T	A	V	L	I	F	Y	W	H	M	C	P
0	0.05456	0.05571	0.08998	0.01588	0.15250	0.03497	0.01136	0.01687	0.01405	0.12032	0.04090	0.18844	0.09630	0.01116	0.00665	0.00210	0.00575	0.07001	0.00488	0.00760
1	0.01501	0.06894	0.18946	0.07311	0.09854	0.03905	0.03593	0.07617	0.12117	0.04515	0.08221	0.01854	0.01517	0.00725	0.00679	0.00191	0.04628	0.00587	0.00418	0.04926
2	0.01499	0.01293	0.04446	0.07854	0.43287	0.01237	0.01516	0.01861	0.03311	0.09458	0.05479	0.08359	0.01650	0.05088	0.00782	0.00218	0.00661	0.00716	0.00408	0.00876
3	0.01161	0.00581	0.00581	0.00581	0.00726	0.00581	0.00436	0.01452	0.01307	0.02323	0.02033	0.02323	0.01597	0.00726	0.00436	0.00145	0.00290	0.00581	0.81562	0.00581
4	0.01670	0.13143	0.05841	0.08694	0.30580	0.07381	0.01481	0.02104	0.07008	0.09628	0.03251	0.03933	0.01270	0.00672	0.00590	0.00183	0.00712	0.00575	0.00390	0.00892
5	0.04661	0.16705	0.09233	0.01185	0.01672	0.01478	0.01092	0.06207	0.01356	0.05612	0.01099	0.01291	0.00899	0.00624	0.00722	0.00154	0.12348	0.00422	0.00360	0.32880
6	0.00783	0.00600	0.00723	0.00797	0.00903	0.00555	0.00557	0.00950	0.02823	0.01640	0.05546	0.44146	0.27218	0.04422	0.05037	0.00290	0.00429	0.01494	0.00561	0.00523
7	0.01073	0.00852	0.01348	0.12041	0.16602	0.00908	0.01076	0.01253	0.01155	0.01583	0.01858	0.18506	0.01918	0.02121	0.18073	0.13426	0.00843	0.04379	0.00375	0.00609
8	0.01528	0.31100	0.26942	0.05585	0.08211	0.07648	0.07186	0.01950	0.01349	0.01735	0.01026	0.01247	0.00825	0.00567	0.00532	0.00171	0.00832	0.00442	0.00277	0.00847
9	0.01486	0.03347	0.03714	0.04106	0.07395	0.01218	0.18749	0.02055	0.12858	0.12540	0.04630	0.02543	0.10537	0.01311	0.10354	0.00305	0.00806	0.00754	0.00475	0.00818
10	0.00876	0.00654	0.00972	0.00987	0.01091	0.00750	0.00758	0.01087	0.01021	0.01461	0.01854	0.10332	0.01826	0.04388	0.67793	0.00923	0.01532	0.00783	0.00359	0.00551
11	0.01498	0.06603	0.40217	0.01957	0.12163	0.15638	0.04779	0.01998	0.01425	0.01855	0.01380	0.01571	0.04922	0.00646	0.00594	0.00187	0.00893	0.00515	0.00300	0.00860
12	0.01535	0.13124	0.25800	0.02304	0.24996	0.06346	0.05281	0.03992	0.07105	0.01997	0.01219	0.01433	0.00957	0.00596	0.00582	0.00183	0.00807	0.00504	0.00323	0.00917
13	0.05021	0.01246	0.01629	0.01254	0.01734	0.06152	0.06553	0.02880	0.01736	0.61704	0.02213	0.01984	0.01418	0.00737	0.00624	0.00192	0.00611	0.00611	0.00692	0.01008
14	0.02175	0.01593	0.14730	0.01524	0.07605	0.01246	0.02862	0.10758	0.09067	0.37246	0.03453	0.01921	0.01420	0.00732	0.00625	0.00195	0.00638	0.00604	0.00601	0.01007
15	0.10663	0.01928	0.28291	0.01350	0.01928	0.01330	0.01401	0.02495	0.22050	0.15517	0.05490	0.01891	0.01496	0.00731	0.00595	0.00200	0.00645	0.00581	0.00498	0.00920
16	0.02348	0.02611	0.06542	0.01519	0.01911	0.56025	0.01220	0.02562	0.01739	0.15916	0.01267	0.01332	0.00947	0.00664	0.00577	0.00169	0.00994	0.00449	0.00406	0.00802
17	0.01055	0.00555	0.00815	0.00815	0.00823	0.00563	0.00545	0.00841	0.00833	0.01118	0.01194	0.02106	0.01210	0.08355	0.07688	0.69698	0.00626	0.00579	0.00284	0.00299
18	0.00906	0.00604	0.00680	0.00680	0.00680	0.00604	0.00378	0.00906	0.00906	0.01208	0.01963	0.04077	0.02265	0.78103	0.03171	0.00604	0.00604	0.00906	0.00378	0.00378
19	0.05150	0.00839	0.03064	0.00809	0.01074	0.00737	0.00659	0.01447	0.07418	0.08595	0.08224	0.04698	0.42765	0.01300	0.00684	0.00207	0.00390	0.05365	0.05933	0.00642
20	0.01537	0.01494	0.02605	0.03745	0.69520	0.01487	0.06548	0.01918	0.01422	0.02033	0.01178	0.01551	0.00984	0.00553	0.00625	0.00187	0.00761	0.00567	0.00309	0.00977

[dist]
# distance from previous block
# <min> <max>
0	2

[block]
# block no. 3 follows, 36 sequences, length 35
# corresponding to MSA columns:
# 144-178
name=unknown_D
#
# <colnr> <probs for GDERKNQSTAVLIFYWHMCP>
#	G	D	E	R	K	N	Q	S	T	A	V	L	I	F	Y	W	H	M	C	P
0	0.01046	0.00915	0.01110	0.01084	0.01211	0.07946	0.00843	0.01259	0.01072	0.01456	0.01568	0.02278	0.01456	0.04145	0.65535	0.00892	0.04639	0.00637	0.00330	0.00577
1	0.82504	0.01205	0.00916	0.00819	0.01205	0.01398	0.00675	0.01832	0.01060	0.02795	0.00868	0.01012	0.00675	0.00578	0.00386	0.00193	0.00482	0.00337	0.00386	0.00675
2	0.01624	0.70918	0.10459	0.01137	0.01709	0.02363	0.01190	0.01876	0.01271	0.01517	0.00892	0.01031	0.00799	0.00539	0.00419	0.00140	0.00692	0.00346	0.00266	0.00812
3	0.00774	0.00556	0.00738	0.00879	0.00927	0.00520	0.00603	0.00895	0.01215	0.01611	0.03508	0.71127	0.06088	0.01927	0.00798	0.00254	0.00374	0.06119	0.00578	0.00511
4	0.77449	0.01199	0.00975	0.05531	0.01397	0.01397	0.00740	0.01817	0.01072	0.02721	0.00882	0.01052	0.00684	0.00581	0.00400	0.00194	0.00504	0.00351	0.00379	0.00676
5	0.29409	0.01037	0.01145	0.00947	0.01333	0.01028	0.00765	0.02110	0.01385	0.28942	0.06252	0.01909	0.01483	0.03420	0.07650	0.00271	0.00601	0.00546	0.00540	0.09229
6	0.01180	0.00948	0.01231	0.01215	0.03688	0.03295	0.00922	0.01662	0.13272	0.04484	0.01793	0.02404	0.01580	0.03248	0.47284	0.00706	0.07177	0.02830	0.00403	0.00678
7	0.24321	0.05987	0.01466	0.01102	0.01472	0.02899	0.03513	0.01987	0.02819	0.17483	0.01591	0.03581	0.03881	0.00753	0.00721	0.00187	0.10909	0.00536	0.02921	0.11872
8	0.09692	0.21188	0.02140	0.05411	0.10058	0.33012	0.01218	0.04787	0.03894	0.01819	0.01032	0.01210	0.00857	0.00609	0.00519	0.00165	0.00853	0.00419	0.00332	0.00787
9	0.02068	0.00899	0.01213	0.00985	0.01340	0.00791	0.00791	0.02329	0.01776	0.47213	0.29620	0.03084	0.03191	0.00962	0.00668	0.00194	0.00440	0.00817	0.00739	0.00881
10	0.01330	0.01441	0.08673	0.22058	0.32408	0.01357	0.06887	0.01785	0.03683	0.01925	0.06230	0.01859	0.01327	0.00889	0.05297	0.00246	0.00822	0.00611	0.00335	0.00839
11	0.01809	0.19481	0.11252	0.01687	0.13288	0.04491	0.01328	0.07341	0.13330	0.13545	0.01544	0.01600	0.01163	0.00674	0.00607	0.00181	0.03067	0.00523	0.02164	0.00924
12	0.02480	0.00978	0.01308	0.01028	0.01449	0.00856	0.00840	0.02730	0.01731	0.61590	0.07625	0.02327	0.01865	0.00803	0.00614	0.00188	0.00487	0.00658	0.09470	0.00974
13	0.00865	0.00636	0.00915	0.00944	0.01030	0.00707	0.00701	0.01044	0.01031	0.01453	0.02052	0.17760	0.02141	0.11034	0.53739	0.00813	0.01305	0.00912	0.00387	0.00529
14	0.01052	0.00722	0.01008	0.01136	0.01286	0.00716	0.00986	0.01331	0.01437	0.04160	0.03277	0.09465	0.03541	0.01700	0.00851	0.00283	0.00565	0.65321	0.00580	0.00587
15	0.01542	0.01480	0.02529	0.03824	0.74217	0.01480	0.01912	0.01912	0.01419	0.02036	0.01172	0.01542	0.00987	0.00555	0.00617	0.00185	0.00740	0.00555	0.00308	0.00987
16	0.01471	0.01681	0.03676	0.02626	0.03256	0.01576	0.71954	0.01996	0.01471	0.01996	0.01261	0.01681	0.00945	0.00525	0.00735	0.00210	0.01050	0.00735	0.00315	0.00840
17	0.01542	0.01480	0.02529	0.03824	0.74217	0.01480	0.01912	0.01912	0.01419	0.02036	0.01172	0.01542	0.00987	0.00555	0.00617	0.00185	0.00740	0.00555	0.00308	0.00987
18	0.01363	0.01363	0.01908	0.01636	0.01636	0.01908	0.01363	0.01499	0.00954	0.01499	0.00818	0.01363	0.00818	0.01091	0.02045	0.00273	0.76963	0.00545	0.00273	0.00682
19	0.01177	0.01107	0.01869	0.76606	0.04291	0.01384	0.01730	0.01592	0.01246	0.01592	0.01107	0.01661	0.00831	0.00623	0.00623	0.00208	0.00831	0.00554	0.00277	0.00692
20	0.00913	0.00656	0.00897	0.01036	0.01146	0.00640	0.00844	0.01136	0.01354	0.01767	0.03454	0.30365	0.06345	0.01792	0.00834	0.00273	0.00494	0.44927	0.00575	0.00550
21	0.00899	0.00655	0.00732	0.00707	0.00912	0.00563	0.00532	0.01090	0.01510	0.06401	0.21387	0.08966	0.50463	0.01477	0.00732	0.00208	0.00326	0.01252	0.00615	0.00572
22	0.01082	0.00541	0.00812	0.00812	0.00812	0.00541	0.00541	0.00812	0.00812	0.01082	0.01082	0.01894	0.01082	0.02165	0.02435	0.81872	0.00541	0.00541	0.00271	0.00271
23	0.01250	0.03223	0.74875	0.01776	0.02697	0.01447	0.02302	0.01973	0.01315	0.01973	0.01118	0.01315	0.00789	0.00592	0.00592	0.00197	0.00921	0.00460	0.00263	0.00921
24	0.01177	0.01107	0.01869	0.76606	0.04291	0.01384	0.01730	0.01592	0.01246	0.01592	0.01107	0.01661	0.00831	0.00623	0.00623	0.00208	0.00831	0.00554	0.00277	0.00692
25	0.01177	0.01107	0.01869	0.76606	0.04291	0.01384	0.01730	0.01592	0.01246	0.01592	0.01107	0.01661	0.00831	0.00623	0.00623	0.00208	0.00831	0.00554	0.00277	0.00692
26	0.01419	0.01470	0.02012	0.01693	0.01768	0.06616	0.07034	0.01591	0.01050	0.01539	0.00891	0.01409	0.00852	0.01134	0.04272	0.00284	0.63437	0.00555	0.00281	0.00693
27	0.75967	0.01227	0.01046	0.01062	0.07101	0.01404	0.00775	0.01838	0.01089	0.02734	0.00892	0.01055	0.00700	0.00576	0.00404	0.00192	0.00503	0.00355	0.00379	0.00700
28	0.01468	0.01289	0.04425	0.01267	0.07544	0.03246	0.02437	0.01769	0.01361	0.07876	0.01221	0.01383	0.00970	0.00506	0.00502	0.00117	0.00541	0.00418	0.00390	0.61271
29	0.00908	0.00693	0.00939	0.01027	0.06838	0.00645	0.00684	0.01174	0.01637	0.02281	0.53680	0.13435	0.11045	0.01324	0.00733	0.00203	0.00340	0.01175	0.00633	0.00605
30	0.66158	0.01434	0.07004	0.00972	0.01414	0.01467	0.00868	0.10428	0.01309	0.02867	0.00965	0.01096	0.00731	0.00600	0.00431	0.00192	0.00542	0.00375	0.00405	0.00742
31	0.02113	0.06198	0.04354	0.01409	0.01873	0.10095	0.01176	0.43426	0.17462	0.03173	0.01607	0.01595	0.01185	0.00739	0.00605	0.00186	0.00701	0.00557	0.00559	0.00987
32	0.66130	0.01182	0.01115	0.00956	0.01342	0.01315	0.05024	0.01880	0.01152	0.08475	0.01177	0.05842	0.00972	0.00675	0.00451	0.00198	0.00513	0.00473	0.00424	0.00706
33	0.07742	0.00965	0.01270	0.01508	0.11863	0.01011	0.01086	0.01739	0.13099	0.02079	0.02783	0.04943	0.05327	0.01312	0.00745	0.00249	0.00568	0.40474	0.00530	0.00707
34	0.08132	0.01545	0.02270	0.03257	0.58505	0.06321	0.01701	0.02041	0.06441	0.02104	0.01229	0.01527	0.01014	0.00583	0.00596	0.00186	0.00727	0.00538	0.00338	0.00944

[dist]
# distance from previous block
# <min> <max>
0	57

# created by:
# /home/cegg/simao/soft/augustus-3.2.1/scripts/msa2prfl.pl ./align_prep/EOG090W0LLV.fa
