[name]
unknown

[dist]
# distance from previous block
# <min> <max>
0	34

[block]
# block no. 0 follows, 34 sequences, length 40
# corresponding to MSA columns:
# 57-70,73-98
name=unknown_A
#
# <colnr> <probs for GDERKNQSTAVLIFYWHMCP>
#	G	D	E	R	K	N	Q	S	T	A	V	L	I	F	Y	W	H	M	C	P
0	0.00808	0.00584	0.00759	0.00884	0.00944	0.00544	0.00605	0.00937	0.01281	0.01695	0.06625	0.62634	0.09556	0.04624	0.00908	0.00271	0.00387	0.04830	0.00597	0.00528
1	0.07822	0.09935	0.35374	0.02096	0.13054	0.01666	0.10698	0.05574	0.01448	0.02161	0.01150	0.01402	0.00877	0.00619	0.00655	0.00200	0.03520	0.00514	0.00317	0.00921
2	0.01540	0.01114	0.01300	0.01011	0.01449	0.00989	0.00807	0.13802	0.01800	0.09145	0.17065	0.02612	0.08248	0.00838	0.00608	0.00156	0.00476	0.00693	0.00556	0.35790
3	0.77135	0.01358	0.01002	0.00898	0.01294	0.05803	0.00732	0.01940	0.01143	0.02821	0.00906	0.01057	0.00708	0.00604	0.00411	0.00198	0.00539	0.00354	0.00396	0.00703
4	0.01123	0.07443	0.01678	0.01341	0.01580	0.01066	0.13534	0.01374	0.01354	0.01770	0.02921	0.18894	0.10376	0.07102	0.01061	0.00278	0.05588	0.20394	0.00485	0.00638
5	0.01476	0.01362	0.02160	0.23733	0.39447	0.01478	0.01713	0.02095	0.12443	0.02086	0.01456	0.01796	0.01153	0.00650	0.00636	0.00201	0.00734	0.00601	0.03862	0.00918
6	0.81856	0.01250	0.00950	0.00850	0.01250	0.01449	0.00700	0.01899	0.01100	0.02899	0.00900	0.01050	0.00700	0.00600	0.00400	0.00200	0.00500	0.00350	0.00400	0.00700
7	0.00932	0.00628	0.00702	0.00702	0.00712	0.00623	0.00396	0.00939	0.00964	0.01276	0.02244	0.04320	0.05603	0.73807	0.03172	0.00608	0.00613	0.00959	0.00401	0.00399
8	0.00822	0.00596	0.00739	0.00838	0.00902	0.00556	0.00564	0.00930	0.01230	0.01604	0.03742	0.49535	0.14632	0.15711	0.01269	0.00324	0.00423	0.04512	0.00562	0.00507
9	0.01389	0.00685	0.00781	0.00722	0.00922	0.00653	0.00554	0.01684	0.01518	0.12606	0.16061	0.02853	0.02519	0.00871	0.00541	0.00168	0.00337	0.00720	0.53742	0.00675
10	0.01693	0.01431	0.01509	0.01332	0.01713	0.01647	0.01043	0.10279	0.65109	0.02841	0.02521	0.02324	0.01884	0.00866	0.00656	0.00217	0.00532	0.00715	0.00656	0.01030
11	0.01216	0.00669	0.00724	0.00704	0.00862	0.00693	0.00534	0.04549	0.01377	0.02331	0.02030	0.02432	0.01642	0.03130	0.10676	0.00285	0.00522	0.00622	0.64387	0.00616
12	0.02414	0.03079	0.01831	0.01665	0.01998	0.74698	0.01248	0.02580	0.01831	0.01581	0.00999	0.01165	0.00832	0.00666	0.00583	0.00166	0.01165	0.00416	0.00333	0.00749
13	0.12674	0.01010	0.00968	0.00973	0.03554	0.06999	0.00631	0.04390	0.01194	0.01719	0.01983	0.03516	0.04917	0.47616	0.02237	0.00462	0.00648	0.03560	0.00414	0.00534
14	0.01617	0.01706	0.02067	0.31302	0.18099	0.17457	0.01645	0.03463	0.01440	0.01773	0.01093	0.01524	0.00893	0.00713	0.00858	0.00210	0.12494	0.00539	0.00311	0.00797
15	0.01267	0.03010	0.64229	0.01712	0.02582	0.01395	0.02158	0.01957	0.01401	0.02094	0.07010	0.01645	0.01256	0.00665	0.00619	0.00199	0.00877	0.00529	0.00314	0.05082
16	0.01582	0.01537	0.02459	0.09513	0.59688	0.04574	0.01875	0.01932	0.01434	0.02001	0.01183	0.01593	0.00997	0.00653	0.00752	0.02342	0.04048	0.00568	0.00315	0.00954
17	0.07253	0.35169	0.24632	0.01411	0.02052	0.01886	0.06428	0.02002	0.01344	0.06419	0.01172	0.01428	0.00956	0.04562	0.00663	0.00198	0.00775	0.00466	0.00327	0.00856
18	0.01311	0.00705	0.00716	0.00677	0.00859	0.00721	0.00518	0.07412	0.01498	0.02550	0.02061	0.02336	0.01609	0.00755	0.00468	0.00154	0.00336	0.00600	0.74070	0.00644
19	0.00886	0.00696	0.00859	0.00888	0.04059	0.00625	0.00623	0.01139	0.01676	0.02243	0.44152	0.05225	0.31746	0.01411	0.00757	0.00209	0.00334	0.01218	0.00651	0.00603
20	0.01337	0.01269	0.02125	0.52792	0.18148	0.01476	0.04780	0.01862	0.06320	0.01836	0.01273	0.01747	0.00978	0.00644	0.00651	0.00211	0.00828	0.00594	0.00322	0.00808
21	0.01393	0.20039	0.58097	0.01676	0.02541	0.01738	0.02099	0.02021	0.01353	0.01928	0.01101	0.01291	0.00821	0.00600	0.00569	0.00190	0.00896	0.00448	0.00274	0.00927
22	0.02138	0.01126	0.01354	0.01102	0.01494	0.01102	0.00895	0.18009	0.04495	0.32371	0.08879	0.02850	0.08043	0.00947	0.00656	0.00199	0.00519	0.03343	0.09544	0.00932
23	0.00911	0.00685	0.01012	0.01019	0.01134	0.00786	0.00787	0.01134	0.01063	0.01515	0.01982	0.05984	0.04252	0.04607	0.68826	0.00975	0.01621	0.00767	0.00366	0.00573
24	0.02105	0.02538	0.01993	0.11823	0.15608	0.51434	0.01457	0.02347	0.01693	0.01689	0.01059	0.01319	0.00872	0.00646	0.00602	0.00178	0.01051	0.00467	0.00324	0.00796
25	0.00791	0.00607	0.00726	0.00800	0.00916	0.00541	0.00560	0.00942	0.01384	0.01779	0.11561	0.43332	0.30122	0.01810	0.00796	0.00240	0.00350	0.01594	0.00611	0.00541
26	0.00787	0.00562	0.00750	0.00900	0.00937	0.00525	0.00600	0.00900	0.01237	0.01649	0.03561	0.76871	0.04274	0.02024	0.00825	0.00262	0.00375	0.01837	0.00600	0.00525
27	0.02189	0.14764	0.06622	0.01568	0.01977	0.54567	0.01285	0.02493	0.05682	0.01664	0.01085	0.01228	0.00895	0.00657	0.00562	0.00167	0.01040	0.00427	0.00339	0.00790
28	0.01400	0.05302	0.45474	0.01991	0.08207	0.01598	0.07659	0.04828	0.01403	0.02044	0.01229	0.04066	0.00985	0.00724	0.00817	0.00214	0.10274	0.00567	0.00309	0.00909
29	0.00968	0.00714	0.01035	0.00986	0.01090	0.00777	0.03784	0.01140	0.01042	0.01485	0.01827	0.03046	0.01827	0.28001	0.45008	0.00829	0.01281	0.00772	0.03858	0.00531
30	0.02436	0.01125	0.01410	0.01129	0.01541	0.03085	0.00912	0.08873	0.01826	0.50039	0.05240	0.02348	0.01757	0.04533	0.07085	0.00287	0.00665	0.00673	0.04063	0.00972
31	0.06264	0.47131	0.06087	0.01386	0.01948	0.02193	0.10677	0.11658	0.01579	0.02060	0.01203	0.01354	0.02745	0.00616	0.00512	0.00165	0.00740	0.00468	0.00350	0.00864
32	0.01500	0.05126	0.24331	0.02218	0.20673	0.03016	0.07802	0.05069	0.08140	0.03743	0.05589	0.02022	0.05016	0.00726	0.00644	0.00199	0.00772	0.00639	0.01850	0.00925
33	0.01117	0.00967	0.01287	0.01330	0.06834	0.03475	0.06733	0.04963	0.06499	0.01918	0.03344	0.38416	0.14253	0.04671	0.00868	0.00251	0.00524	0.01341	0.00544	0.00664
34	0.01174	0.01141	0.06524	0.04514	0.01593	0.04117	0.04617	0.03912	0.03723	0.01763	0.01639	0.02297	0.01456	0.06278	0.43157	0.00698	0.04392	0.00660	0.05680	0.00666
35	0.33910	0.05319	0.01502	0.01133	0.01575	0.06407	0.05943	0.04873	0.03927	0.06550	0.07287	0.01617	0.01355	0.00665	0.00519	0.00177	0.00590	0.00500	0.00449	0.15702
36	0.01647	0.13102	0.13712	0.01577	0.10633	0.01454	0.01298	0.12476	0.01681	0.07141	0.06416	0.04707	0.01483	0.00712	0.00582	0.00168	0.00648	0.00579	0.00441	0.19545
37	0.03031	0.11013	0.28155	0.01592	0.06378	0.01438	0.04584	0.05924	0.04686	0.05903	0.09454	0.06033	0.01738	0.00779	0.00618	0.00191	0.00715	0.00650	0.00422	0.06695
38	0.05108	0.06640	0.25312	0.01951	0.13357	0.06713	0.05240	0.06431	0.06072	0.04358	0.03118	0.01935	0.03722	0.00752	0.00693	0.00204	0.04121	0.02982	0.00390	0.00900
39	0.05292	0.05080	0.14199	0.01548	0.08652	0.09115	0.01278	0.07545	0.09719	0.08137	0.03334	0.07155	0.05880	0.00857	0.00624	0.00194	0.00680	0.01961	0.02059	0.06692

[dist]
# distance from previous block
# <min> <max>
0	71

[block]
# block no. 1 follows, 34 sequences, length 14
# corresponding to MSA columns:
# 171-184
name=unknown_B
#
# <colnr> <probs for GDERKNQSTAVLIFYWHMCP>
#	G	D	E	R	K	N	Q	S	T	A	V	L	I	F	Y	W	H	M	C	P
0	0.11191	0.11573	0.19294	0.01488	0.04456	0.03298	0.03613	0.15905	0.07093	0.06078	0.01525	0.02824	0.02776	0.00703	0.00579	0.00188	0.00715	0.00543	0.00443	0.05715
1	0.06682	0.26341	0.29690	0.01566	0.05401	0.01784	0.04884	0.05056	0.01410	0.02009	0.02753	0.01482	0.01036	0.04002	0.00664	0.00198	0.00784	0.00483	0.00323	0.03454
2	0.01750	0.22264	0.25860	0.04703	0.02136	0.11434	0.01510	0.05413	0.01533	0.08566	0.01301	0.01447	0.00986	0.00643	0.00549	0.00177	0.00802	0.00471	0.07583	0.00872
3	0.08391	0.19056	0.34497	0.01587	0.05316	0.03328	0.01676	0.06998	0.06921	0.02208	0.03508	0.01476	0.01097	0.00653	0.00563	0.00189	0.00782	0.00490	0.00358	0.00909
4	0.04228	0.23558	0.27283	0.01451	0.02092	0.03964	0.03445	0.05537	0.09949	0.07621	0.04030	0.01593	0.01229	0.00675	0.00569	0.00186	0.00756	0.00516	0.00402	0.00916
5	0.01751	0.65827	0.08687	0.01208	0.01774	0.08407	0.01216	0.01996	0.01359	0.01566	0.00927	0.01072	0.00829	0.00567	0.00444	0.00146	0.00750	0.00361	0.00281	0.00832
6	0.00848	0.00704	0.00737	0.00732	0.00935	0.00634	0.00540	0.01136	0.06883	0.01834	0.09597	0.09998	0.55680	0.05757	0.00898	0.00243	0.00360	0.01309	0.00599	0.00576
7	0.11367	0.07266	0.31873	0.01457	0.02116	0.01545	0.01569	0.15062	0.04035	0.11806	0.01525	0.04981	0.01157	0.00737	0.00597	0.00200	0.00743	0.00567	0.00454	0.00944
8	0.01754	0.32550	0.07639	0.04579	0.04161	0.06895	0.01170	0.02191	0.08667	0.11839	0.07690	0.01980	0.04847	0.00752	0.00562	0.00176	0.00667	0.00576	0.00445	0.00860
9	0.01953	0.09853	0.10995	0.01526	0.03685	0.01324	0.12399	0.06464	0.01697	0.27323	0.07481	0.04947	0.03538	0.00838	0.00663	0.00202	0.00688	0.02944	0.00555	0.00925
10	0.00927	0.00608	0.00798	0.00892	0.00973	0.00560	0.00611	0.01062	0.01322	0.06062	0.08853	0.61816	0.07386	0.03767	0.00868	0.00261	0.00384	0.01670	0.00615	0.00564
11	0.02032	0.01901	0.10919	0.05837	0.13165	0.14799	0.12208	0.03882	0.01654	0.21920	0.01642	0.04379	0.01227	0.00714	0.00655	0.00199	0.00842	0.00629	0.00467	0.00930
12	0.01788	0.01560	0.02347	0.09196	0.50333	0.06164	0.01761	0.04582	0.01561	0.09965	0.01343	0.01640	0.01058	0.00637	0.00686	0.00196	0.03244	0.00573	0.00381	0.00982
13	0.01339	0.06975	0.54165	0.01787	0.02603	0.01486	0.10547	0.01989	0.01380	0.02056	0.01257	0.01496	0.00922	0.00616	0.00605	0.00197	0.00892	0.00518	0.08268	0.00903

[dist]
# distance from previous block
# <min> <max>
6	13

[block]
# block no. 2 follows, 34 sequences, length 69
# corresponding to MSA columns:
# 198-266
name=unknown_C
#
# <colnr> <probs for GDERKNQSTAVLIFYWHMCP>
#	G	D	E	R	K	N	Q	S	T	A	V	L	I	F	Y	W	H	M	C	P
0	0.01685	0.04487	0.04333	0.12025	0.24063	0.05970	0.01455	0.14118	0.03345	0.04790	0.07296	0.01884	0.01475	0.00892	0.04029	0.00227	0.00771	0.00603	0.00432	0.06121
1	0.01667	0.01681	0.09241	0.02224	0.21194	0.04360	0.08025	0.10594	0.03508	0.06188	0.01537	0.01892	0.03601	0.05116	0.01023	0.00231	0.12304	0.00624	0.00404	0.04586
2	0.01473	0.01384	0.01977	0.21228	0.28200	0.07018	0.03225	0.04973	0.02974	0.01969	0.01573	0.04513	0.01434	0.06454	0.00860	0.00240	0.00774	0.06650	0.02268	0.00815
3	0.01279	0.01313	0.05000	0.53964	0.10484	0.04321	0.01683	0.01678	0.01332	0.01727	0.01336	0.07483	0.01142	0.00739	0.00649	0.00210	0.00816	0.00654	0.00319	0.03870
4	0.00940	0.00626	0.00705	0.00705	0.00705	0.00626	0.00392	0.00940	0.00940	0.01253	0.02036	0.04228	0.02349	0.77292	0.03289	0.00626	0.00626	0.00940	0.00392	0.00392
5	0.01529	0.01727	0.03705	0.02659	0.03299	0.01633	0.67708	0.02132	0.04763	0.02099	0.01368	0.01774	0.01026	0.00560	0.00758	0.00218	0.01063	0.00761	0.00342	0.00878
6	0.01476	0.01127	0.01177	0.01037	0.01287	0.09488	0.00801	0.09958	0.01944	0.09793	0.45948	0.03647	0.04245	0.01269	0.03711	0.00231	0.00537	0.00938	0.00653	0.00733
7	0.00879	0.00650	0.00821	0.00797	0.00949	0.00592	0.00591	0.01144	0.01717	0.02371	0.56079	0.12104	0.16036	0.01438	0.00768	0.00211	0.00315	0.01264	0.00684	0.00592
8	0.01566	0.35573	0.36504	0.01568	0.04356	0.04514	0.01744	0.04042	0.01410	0.01863	0.01053	0.01227	0.00838	0.00593	0.00528	0.00174	0.00835	0.00424	0.00289	0.00899
9	0.01779	0.01473	0.01558	0.01350	0.01746	0.01688	0.01064	0.17148	0.58100	0.02980	0.02411	0.02237	0.01795	0.00856	0.00655	0.00214	0.00552	0.00700	0.00655	0.01038
10	0.74484	0.04269	0.01114	0.00971	0.03398	0.03251	0.00766	0.01919	0.01136	0.02791	0.00911	0.01068	0.00717	0.00599	0.00412	0.00196	0.00531	0.00358	0.00391	0.00715
11	0.01908	0.00997	0.01251	0.01054	0.01399	0.00953	0.00834	0.04630	0.13070	0.32830	0.23853	0.05927	0.06366	0.01051	0.00696	0.00207	0.00459	0.00892	0.00729	0.00894
12	0.01868	0.04230	0.02173	0.02595	0.34110	0.16211	0.01534	0.11982	0.11871	0.02341	0.01487	0.01797	0.01217	0.00705	0.00633	0.00193	0.00794	0.02876	0.00425	0.00959
13	0.05858	0.02824	0.01808	0.01605	0.01966	0.61452	0.01222	0.12050	0.01967	0.01984	0.01071	0.01214	0.00864	0.00678	0.00584	0.00172	0.01073	0.00436	0.00379	0.00795
14	0.01179	0.00739	0.00746	0.00740	0.00891	0.04016	0.00559	0.01457	0.01451	0.02303	0.15191	0.03269	0.02631	0.05270	0.00709	0.00199	0.00382	0.05885	0.51786	0.00598
15	0.00838	0.00640	0.00740	0.00746	0.00910	0.00567	0.00548	0.01048	0.01556	0.02053	0.29106	0.16539	0.36082	0.01551	0.00760	0.00217	0.00326	0.01338	0.03868	0.00567
16	0.00940	0.00626	0.00705	0.00705	0.00705	0.00626	0.00392	0.00940	0.00940	0.01253	0.02036	0.04228	0.02349	0.77292	0.03289	0.00626	0.00626	0.00940	0.00392	0.00392
17	0.00789	0.00659	0.00690	0.00691	0.00900	0.00560	0.00524	0.00972	0.01507	0.01834	0.12731	0.06129	0.63833	0.01612	0.00769	0.00220	0.00336	0.04080	0.00610	0.00554
18	0.01497	0.01405	0.02414	0.28003	0.39567	0.01498	0.07515	0.01965	0.04265	0.03740	0.01290	0.01700	0.01017	0.00615	0.00653	0.00203	0.00810	0.00599	0.00335	0.00909
19	0.01785	0.01476	0.01561	0.01351	0.01748	0.01690	0.01066	0.17609	0.57629	0.02990	0.02404	0.02231	0.01789	0.00855	0.00655	0.00214	0.00553	0.00699	0.00655	0.01039
20	0.01758	0.01505	0.01614	0.01384	0.01762	0.07250	0.04724	0.11791	0.43790	0.05792	0.07343	0.04517	0.02064	0.00892	0.00668	0.00211	0.00602	0.00749	0.00621	0.00962
21	0.00876	0.00649	0.00803	0.00867	0.00976	0.00606	0.00609	0.03995	0.01454	0.01926	0.15388	0.49157	0.16723	0.01785	0.00796	0.00242	0.00369	0.01588	0.00620	0.00567
22	0.01693	0.04342	0.27539	0.01565	0.05014	0.04179	0.04064	0.07630	0.03067	0.11574	0.01394	0.01510	0.01019	0.00617	0.00585	0.00171	0.00744	0.00497	0.00415	0.22381
23	0.01899	0.46426	0.09142	0.01395	0.03567	0.18766	0.01282	0.07507	0.01574	0.01794	0.01003	0.01148	0.00855	0.00602	0.00494	0.00156	0.00825	0.00397	0.00319	0.00848
24	0.01318	0.01130	0.01345	0.01002	0.01512	0.00921	0.00801	0.01637	0.03228	0.02053	0.01222	0.01465	0.01031	0.00853	0.06303	0.00179	0.03513	0.00423	0.00384	0.69681
25	0.01134	0.01105	0.06832	0.04366	0.04312	0.03411	0.00961	0.04472	0.05507	0.02277	0.33384	0.18995	0.04018	0.01288	0.00787	0.00220	0.03112	0.02544	0.00584	0.00692
26	0.04580	0.02318	0.35518	0.01910	0.10653	0.04492	0.06753	0.02196	0.03588	0.12706	0.02797	0.03992	0.01211	0.00694	0.00629	0.00200	0.00814	0.00587	0.00401	0.03962
27	0.00795	0.00585	0.00748	0.00866	0.00938	0.00537	0.00594	0.00929	0.01306	0.01715	0.07275	0.61438	0.14521	0.01928	0.00814	0.00254	0.00369	0.03250	0.00605	0.00533
28	0.13131	0.00968	0.01150	0.00991	0.01319	0.00951	0.00792	0.02216	0.08785	0.26935	0.25538	0.03153	0.03086	0.00992	0.00654	0.00205	0.00449	0.03739	0.04114	0.00831
29	0.01373	0.01523	0.13117	0.01594	0.09219	0.01306	0.03382	0.05459	0.24618	0.02362	0.12153	0.05851	0.05028	0.04239	0.00834	0.00235	0.02383	0.03931	0.00530	0.00861
30	0.01768	0.01325	0.01891	0.12035	0.21917	0.03139	0.01407	0.04833	0.07066	0.16852	0.01862	0.04236	0.04395	0.00934	0.02608	0.00234	0.11452	0.00673	0.00470	0.00903
31	0.00777	0.00652	0.00675	0.00676	0.00882	0.00550	0.00504	0.00950	0.01493	0.01810	0.11792	0.08501	0.65280	0.01624	0.00766	0.00218	0.00327	0.01364	0.00609	0.00550
32	0.00923	0.00663	0.00813	0.00834	0.00989	0.00601	0.00627	0.01132	0.01526	0.04311	0.25008	0.19545	0.26021	0.04547	0.00885	0.00247	0.00382	0.09737	0.00631	0.00579
33	0.01686	0.02096	0.16862	0.07925	0.24503	0.11042	0.06022	0.08878	0.07536	0.02211	0.01313	0.01569	0.01022	0.00666	0.00697	0.00201	0.03907	0.00560	0.00368	0.00937
34	0.01594	0.50179	0.21540	0.01514	0.06818	0.02191	0.01509	0.01952	0.01324	0.01698	0.00985	0.01175	0.00840	0.00594	0.00551	0.00165	0.03818	0.00404	0.00279	0.00870
35	0.00795	0.00611	0.00729	0.00795	0.00916	0.00544	0.00560	0.00953	0.01406	0.01811	0.13923	0.40371	0.30699	0.01783	0.00793	0.00238	0.00347	0.01568	0.00615	0.00544
36	0.01805	0.15199	0.08349	0.01487	0.09166	0.06193	0.01170	0.05677	0.03584	0.17045	0.02058	0.02296	0.08024	0.08350	0.00950	0.00234	0.04950	0.00646	0.01967	0.00851
37	0.03959	0.13877	0.18279	0.01530	0.06138	0.05329	0.01395	0.09649	0.13129	0.14343	0.04913	0.01797	0.01420	0.00728	0.00600	0.00192	0.00706	0.00569	0.00493	0.00957
38	0.01735	0.01485	0.01744	0.01538	0.04479	0.01669	0.06003	0.13960	0.53646	0.02853	0.02315	0.02198	0.01730	0.00826	0.00662	0.00214	0.00593	0.00704	0.00620	0.01024
39	0.11682	0.01483	0.02346	0.08216	0.57449	0.01533	0.01786	0.04126	0.01462	0.02241	0.01182	0.01537	0.00975	0.00590	0.00610	0.00195	0.00738	0.00547	0.00338	0.00965
40	0.01467	0.01577	0.10067	0.02491	0.31258	0.01392	0.07670	0.05976	0.11233	0.02343	0.12018	0.02401	0.05648	0.00793	0.00675	0.00202	0.00689	0.00729	0.00451	0.00922
41	0.01536	0.01473	0.02715	0.09887	0.08262	0.01465	0.34870	0.05606	0.01517	0.04210	0.01351	0.01723	0.01040	0.00628	0.00770	0.00200	0.06021	0.00650	0.06969	0.09109
42	0.01483	0.01335	0.02283	0.15087	0.38885	0.01376	0.08621	0.01862	0.01446	0.04700	0.01644	0.02302	0.03469	0.00746	0.00702	0.00208	0.02454	0.06249	0.04267	0.00883
43	0.05614	0.01500	0.01581	0.01327	0.01744	0.01692	0.01060	0.27701	0.39761	0.04926	0.02141	0.02033	0.01579	0.00821	0.00634	0.00206	0.00576	0.00653	0.03427	0.01023
44	0.01281	0.01210	0.02047	0.64315	0.15403	0.01451	0.01824	0.01704	0.01321	0.01724	0.01159	0.01703	0.00887	0.00635	0.00645	0.00212	0.00846	0.00574	0.00292	0.00766
45	0.01069	0.00841	0.01007	0.01035	0.04082	0.03789	0.00674	0.01172	0.01062	0.01455	0.03729	0.03357	0.02032	0.44482	0.18495	0.00626	0.06787	0.00815	0.02980	0.00511
46	0.00904	0.00674	0.00834	0.00898	0.01012	0.00644	0.00637	0.03515	0.04462	0.01950	0.14994	0.48209	0.13675	0.01760	0.00795	0.00244	0.00380	0.03209	0.00622	0.00584
47	0.00966	0.00813	0.00884	0.00983	0.01080	0.06342	0.00698	0.01168	0.03978	0.01708	0.03475	0.55633	0.08690	0.01914	0.03009	0.00276	0.00495	0.06745	0.00573	0.00569
48	0.01220	0.01148	0.01938	0.75739	0.04450	0.01436	0.01794	0.01651	0.01292	0.01651	0.01148	0.01723	0.00861	0.00646	0.00646	0.00215	0.00861	0.00574	0.00287	0.00718
49	0.00843	0.00608	0.00800	0.00933	0.01004	0.00575	0.00673	0.00992	0.01291	0.01696	0.03672	0.54881	0.08781	0.05167	0.00940	0.00282	0.00427	0.15311	0.00590	0.00535
50	0.00807	0.00612	0.00746	0.00821	0.00936	0.00552	0.00584	0.00969	0.01402	0.01818	0.13798	0.41787	0.26517	0.01796	0.00799	0.00242	0.00359	0.04294	0.00615	0.00546
51	0.01340	0.01148	0.01340	0.00957	0.01531	0.00861	0.00766	0.01627	0.01340	0.02105	0.01148	0.01340	0.00957	0.00479	0.00479	0.00096	0.00479	0.00383	0.00383	0.81242
52	0.00804	0.00656	0.00711	0.00697	0.00898	0.00563	0.00523	0.01006	0.01569	0.01973	0.24432	0.05843	0.54971	0.01551	0.00763	0.00214	0.00321	0.01311	0.00630	0.00563
53	0.04170	0.05789	0.43647	0.01745	0.02478	0.03815	0.10601	0.03620	0.01432	0.02068	0.01436	0.04905	0.01215	0.00751	0.00641	0.00207	0.00873	0.05912	0.00338	0.04356
54	0.04689	0.00898	0.01128	0.04217	0.03836	0.00868	0.00801	0.01861	0.08474	0.17524	0.30206	0.03899	0.16718	0.01143	0.00705	0.00207	0.00429	0.00974	0.00660	0.00764
55	0.01216	0.00986	0.01119	0.01028	0.01280	0.01053	0.00787	0.02194	0.33296	0.02589	0.37339	0.03829	0.08362	0.01141	0.00715	0.00211	0.00399	0.00984	0.00680	0.00791
56	0.01259	0.00671	0.00678	0.00658	0.00828	0.00686	0.00498	0.03716	0.04252	0.02472	0.02112	0.02383	0.01652	0.00758	0.00466	0.00155	0.00322	0.00607	0.75193	0.00634
57	0.01534	0.01446	0.02420	0.22413	0.52806	0.01527	0.01906	0.04497	0.01484	0.02066	0.01211	0.01629	0.00984	0.00601	0.00642	0.00198	0.00790	0.00576	0.00324	0.00947
58	0.02812	0.01104	0.01488	0.01147	0.01634	0.00967	0.00945	0.05047	0.01883	0.69015	0.05167	0.02279	0.01754	0.00819	0.00654	0.00200	0.00545	0.00667	0.00792	0.01081
59	0.01774	0.01935	0.01492	0.01377	0.01636	0.35614	0.01049	0.05272	0.09242	0.01775	0.01458	0.01817	0.01248	0.02183	0.26191	0.03024	0.01249	0.00558	0.00386	0.00721
60	0.00964	0.00772	0.00950	0.01051	0.03816	0.02330	0.00771	0.01176	0.01433	0.01871	0.09687	0.27349	0.18946	0.01627	0.00788	0.00241	0.00456	0.19112	0.00577	0.06083
61	0.01621	0.17201	0.22904	0.01821	0.13498	0.06363	0.01566	0.06245	0.04532	0.03818	0.01276	0.02992	0.01032	0.00635	0.00567	0.00173	0.00764	0.00500	0.00359	0.12133
62	0.01755	0.64942	0.05703	0.01223	0.01787	0.02423	0.03721	0.06981	0.03192	0.01772	0.01012	0.01145	0.00882	0.00579	0.00457	0.00149	0.00712	0.00392	0.00314	0.00859
63	0.00783	0.00661	0.00682	0.00693	0.00906	0.00560	0.00530	0.00957	0.01474	0.01759	0.06322	0.06295	0.68053	0.01647	0.00773	0.00224	0.00346	0.06187	0.00600	0.00549
64	0.01276	0.01355	0.08785	0.05626	0.26401	0.02791	0.01391	0.01728	0.05547	0.02158	0.18070	0.03409	0.09190	0.01003	0.00704	0.00212	0.00621	0.08443	0.00478	0.00811
65	0.01881	0.12016	0.12951	0.01951	0.15043	0.15063	0.04570	0.05476	0.08243	0.10606	0.03238	0.01781	0.01281	0.00706	0.00614	0.00190	0.00805	0.02235	0.00430	0.00922
66	0.02274	0.01294	0.01689	0.03523	0.14442	0.04315	0.01167	0.08939	0.05543	0.37594	0.06630	0.02325	0.01776	0.00816	0.00656	0.00200	0.00616	0.02863	0.02340	0.00999
67	0.04277	0.00998	0.01308	0.01064	0.01446	0.00899	0.00843	0.04695	0.01727	0.50927	0.07961	0.09794	0.02235	0.07678	0.00901	0.00244	0.00524	0.00821	0.00723	0.00934
68	0.35065	0.20850	0.03260	0.01422	0.10723	0.04700	0.01064	0.05379	0.03553	0.05084	0.02970	0.01335	0.01015	0.00631	0.00484	0.00182	0.00626	0.00438	0.00396	0.00823

[dist]
# distance from previous block
# <min> <max>
0	1

[block]
# block no. 3 follows, 34 sequences, length 8
# corresponding to MSA columns:
# 268-275
name=unknown_D
#
# <colnr> <probs for GDERKNQSTAVLIFYWHMCP>
#	G	D	E	R	K	N	Q	S	T	A	V	L	I	F	Y	W	H	M	C	P
0	0.01597	0.04265	0.09825	0.11818	0.09284	0.03168	0.07199	0.10731	0.01686	0.07530	0.09053	0.02031	0.03497	0.00721	0.00628	0.00182	0.00700	0.00625	0.00447	0.15012
1	0.00806	0.00601	0.00754	0.00860	0.00952	0.00549	0.00607	0.00953	0.01339	0.01739	0.07689	0.52056	0.20163	0.01883	0.00812	0.00252	0.00376	0.06465	0.00605	0.00539
2	0.04819	0.00683	0.00804	0.00811	0.00915	0.00662	0.00549	0.01220	0.01223	0.07565	0.06699	0.22683	0.06837	0.32234	0.01761	0.00390	0.00493	0.03434	0.05680	0.00539
3	0.07906	0.43020	0.14334	0.01542	0.06020	0.02054	0.09342	0.01953	0.01339	0.01838	0.01017	0.01218	0.00852	0.00563	0.00501	0.00164	0.00758	0.00430	0.00299	0.04851
4	0.01542	0.01658	0.06819	0.10887	0.48432	0.06541	0.05033	0.01933	0.01480	0.02024	0.04038	0.04120	0.01279	0.00666	0.00651	0.00197	0.00801	0.00631	0.00339	0.00929
5	0.01131	0.01127	0.05850	0.01336	0.01459	0.01292	0.01133	0.01360	0.01040	0.01554	0.01363	0.02042	0.01277	0.03185	0.42787	0.00702	0.29765	0.00631	0.00318	0.00649
6	0.00940	0.00626	0.00705	0.00705	0.00705	0.00626	0.00392	0.00940	0.00940	0.01253	0.02036	0.04228	0.02349	0.77292	0.03289	0.00626	0.00626	0.00940	0.00392	0.00392
7	0.01675	0.01146	0.01621	0.03898	0.14863	0.01148	0.03947	0.13066	0.04461	0.15346	0.07120	0.24136	0.02472	0.01138	0.00711	0.00218	0.00578	0.01015	0.00581	0.00859

[dist]
# distance from previous block
# <min> <max>
0	1

[block]
# block no. 4 follows, 34 sequences, length 12
# corresponding to MSA columns:
# 277-288
name=unknown_E
#
# <colnr> <probs for GDERKNQSTAVLIFYWHMCP>
#	G	D	E	R	K	N	Q	S	T	A	V	L	I	F	Y	W	H	M	C	P
0	0.11016	0.07964	0.10445	0.02455	0.29909	0.03241	0.08187	0.08428	0.03256	0.02346	0.01271	0.01531	0.01007	0.00617	0.00590	0.00190	0.00751	0.00540	0.05334	0.00922
1	0.01568	0.16561	0.45474	0.01758	0.04686	0.05002	0.04290	0.09571	0.01567	0.02153	0.01154	0.01336	0.00863	0.00619	0.00586	0.00190	0.00888	0.00475	0.00320	0.00938
2	0.08904	0.07478	0.01528	0.01012	0.01560	0.01149	0.00834	0.07274	0.01477	0.06066	0.01211	0.01351	0.00968	0.00536	0.00488	0.00122	0.00520	0.00407	0.00419	0.56695
3	0.01683	0.01506	0.02178	0.08605	0.33633	0.01616	0.04553	0.11672	0.22851	0.02513	0.01683	0.01852	0.01303	0.00697	0.00652	0.00203	0.00705	0.00631	0.00463	0.01002
4	0.01741	0.01461	0.01589	0.01462	0.04961	0.01666	0.01098	0.14041	0.58017	0.02892	0.02396	0.02239	0.01792	0.00847	0.00655	0.00214	0.00554	0.00700	0.00640	0.01035
5	0.00937	0.00636	0.00755	0.00755	0.00772	0.00654	0.00454	0.00972	0.00955	0.01290	0.01990	0.03974	0.02239	0.66383	0.14047	0.00688	0.00793	0.00902	0.00385	0.00419
6	0.09001	0.01366	0.01548	0.01212	0.01673	0.01410	0.00996	0.32322	0.02250	0.30010	0.01934	0.01847	0.01315	0.00768	0.00606	0.00192	0.00589	0.00591	0.09359	0.01013
7	0.00819	0.00657	0.00732	0.00713	0.00907	0.00569	0.00535	0.01035	0.01605	0.02058	0.31109	0.05703	0.48241	0.01520	0.00763	0.00213	0.00319	0.01291	0.00641	0.00569
8	0.00961	0.00803	0.00850	0.00836	0.01006	0.05002	0.00626	0.01182	0.01601	0.02070	0.33607	0.07546	0.27755	0.06777	0.00942	0.00245	0.00411	0.06586	0.00616	0.00577
9	0.00925	0.00652	0.00824	0.00821	0.00878	0.00682	0.00548	0.01029	0.01054	0.01444	0.06839	0.03791	0.05312	0.45033	0.26721	0.00718	0.00959	0.00891	0.00406	0.00474
10	0.02208	0.02709	0.01852	0.08632	0.05527	0.59349	0.01318	0.02526	0.06694	0.01691	0.01137	0.01325	0.00924	0.00675	0.00596	0.00176	0.01073	0.00460	0.00351	0.00778
11	0.01583	0.01424	0.02030	0.30137	0.16213	0.06696	0.01610	0.01892	0.01334	0.08404	0.01200	0.01621	0.00955	0.00779	0.01039	0.00224	0.21139	0.00568	0.00343	0.00810

[dist]
# distance from previous block
# <min> <max>
0	5

[block]
# block no. 5 follows, 34 sequences, length 69
# corresponding to MSA columns:
# 316-384
name=unknown_F
#
# <colnr> <probs for GDERKNQSTAVLIFYWHMCP>
#	G	D	E	R	K	N	Q	S	T	A	V	L	I	F	Y	W	H	M	C	P
0	0.01314	0.01222	0.01944	0.61000	0.03919	0.01545	0.01709	0.05296	0.01340	0.01764	0.01126	0.01668	0.00872	0.00724	0.00862	0.00224	0.11857	0.00573	0.00305	0.00736
1	0.01646	0.01608	0.01323	0.01210	0.01434	0.25148	0.00905	0.11294	0.01590	0.01921	0.01599	0.04300	0.01488	0.14625	0.19986	0.00471	0.01063	0.00652	0.07061	0.00675
2	0.02372	0.02960	0.01876	0.01780	0.05752	0.68661	0.01287	0.04606	0.01848	0.01684	0.01027	0.01200	0.00850	0.00664	0.00588	0.00169	0.01131	0.00430	0.00342	0.00774
3	0.05555	0.08565	0.02015	0.01606	0.01954	0.47792	0.04763	0.07626	0.01758	0.01874	0.02935	0.01329	0.00995	0.00717	0.00723	0.00182	0.08000	0.00472	0.00360	0.00779
4	0.07940	0.09651	0.02062	0.01516	0.01944	0.19861	0.06455	0.26361	0.06982	0.02690	0.03691	0.01544	0.01182	0.00739	0.00677	0.00190	0.04602	0.00543	0.00474	0.00898
5	0.00890	0.00646	0.00791	0.00805	0.00956	0.00580	0.00589	0.01100	0.01558	0.03952	0.31218	0.24380	0.25577	0.01599	0.00779	0.00225	0.00343	0.02785	0.00648	0.00580
6	0.01634	0.07612	0.05603	0.01865	0.15737	0.05200	0.04849	0.17733	0.01799	0.02433	0.07238	0.10462	0.03352	0.00906	0.00740	0.00199	0.05353	0.00754	0.02124	0.04406
7	0.01220	0.01148	0.01938	0.75739	0.04450	0.01436	0.01794	0.01651	0.01292	0.01651	0.01148	0.01723	0.00861	0.00646	0.00646	0.00215	0.00861	0.00574	0.00287	0.00718
8	0.01806	0.52168	0.14048	0.01301	0.01886	0.11300	0.01320	0.03950	0.01450	0.04153	0.01026	0.01157	0.00862	0.00591	0.00481	0.00156	0.00787	0.00392	0.00311	0.00855
9	0.01524	0.20412	0.31302	0.01525	0.02161	0.05511	0.05133	0.02088	0.06989	0.04991	0.01470	0.07834	0.01253	0.00755	0.00624	0.00192	0.02384	0.00600	0.00364	0.02890
10	0.00851	0.00636	0.00791	0.00799	0.00938	0.00575	0.00582	0.01079	0.01609	0.02181	0.41798	0.22500	0.20170	0.01559	0.00778	0.00221	0.00327	0.01372	0.00660	0.00575
11	0.00764	0.00655	0.00655	0.00655	0.00873	0.00545	0.00491	0.00927	0.01473	0.01745	0.06546	0.06218	0.73000	0.01636	0.00764	0.00218	0.00327	0.01364	0.00600	0.00545
12	0.01520	0.04030	0.20325	0.06990	0.32662	0.01622	0.04947	0.05003	0.05052	0.02109	0.01242	0.01559	0.00990	0.00668	0.00784	0.00207	0.08448	0.00560	0.00333	0.00948
13	0.01639	0.21671	0.22726	0.01471	0.02059	0.01645	0.06859	0.08052	0.04667	0.09297	0.01686	0.09456	0.01468	0.00832	0.00616	0.00198	0.00740	0.03603	0.00428	0.00886
14	0.00803	0.00581	0.00751	0.00866	0.00927	0.00538	0.00585	0.00933	0.01299	0.01729	0.10110	0.62270	0.09611	0.04617	0.00902	0.00267	0.00374	0.01707	0.00603	0.00529
15	0.06234	0.01070	0.01417	0.01103	0.01571	0.00945	0.00907	0.02954	0.01798	0.65069	0.05506	0.02269	0.01756	0.00812	0.00637	0.00198	0.00528	0.00657	0.03523	0.01044
16	0.09453	0.18047	0.17955	0.01461	0.05014	0.01597	0.04336	0.08003	0.05276	0.11444	0.04031	0.07684	0.01470	0.00785	0.00590	0.00194	0.00687	0.00631	0.00452	0.00891
17	0.00947	0.03951	0.00987	0.01017	0.03435	0.00731	0.00711	0.04051	0.01403	0.01838	0.06596	0.49392	0.14005	0.01756	0.00787	0.00245	0.00422	0.06550	0.00583	0.00591
18	0.00830	0.00657	0.00747	0.00725	0.00914	0.00574	0.00543	0.01056	0.01630	0.02119	0.35879	0.05603	0.43433	0.01497	0.00763	0.00212	0.00317	0.01277	0.00649	0.00574
19	0.01610	0.01572	0.05338	0.10700	0.10020	0.11674	0.02825	0.06755	0.11109	0.05815	0.09197	0.06207	0.01924	0.04076	0.00895	0.00229	0.06869	0.01897	0.00469	0.00820
20	0.01742	0.13624	0.09982	0.05522	0.10424	0.01551	0.07589	0.15003	0.01767	0.10587	0.06108	0.09902	0.01707	0.00844	0.00643	0.00198	0.00702	0.00728	0.00479	0.00899
21	0.04138	0.01280	0.02070	0.17150	0.42760	0.01324	0.01624	0.01778	0.01420	0.04535	0.01908	0.07788	0.07865	0.00806	0.00659	0.00205	0.00699	0.00739	0.00380	0.00874
22	0.02207	0.02732	0.01824	0.07170	0.02138	0.60870	0.01275	0.02397	0.01712	0.01611	0.01008	0.01232	0.00842	0.00685	0.00680	0.00174	0.05884	0.00436	0.00329	0.04795
23	0.10671	0.01068	0.01283	0.02501	0.01499	0.00947	0.03342	0.04530	0.01478	0.08009	0.07737	0.07445	0.08731	0.00855	0.00588	0.00164	0.00494	0.02400	0.00493	0.35765
24	0.23020	0.17017	0.07358	0.03464	0.10470	0.08735	0.01168	0.01869	0.01317	0.03686	0.01354	0.07339	0.01269	0.04145	0.00703	0.00213	0.02732	0.02998	0.00374	0.00769
25	0.01954	0.02294	0.01838	0.01632	0.01821	0.41885	0.01281	0.02116	0.01468	0.01606	0.00985	0.01320	0.00874	0.00859	0.01203	0.00213	0.31659	0.00485	0.03779	0.00726
26	0.01575	0.01458	0.02364	0.18378	0.49922	0.01518	0.01824	0.07311	0.01550	0.02170	0.01225	0.01608	0.00993	0.00601	0.00633	0.00192	0.00768	0.00566	0.00342	0.05004
27	0.01959	0.00891	0.01198	0.00990	0.01325	0.00789	0.00789	0.02234	0.01840	0.40005	0.35899	0.03444	0.03731	0.01047	0.00703	0.00201	0.00434	0.00896	0.00758	0.00867
28	0.01902	0.54736	0.05385	0.01276	0.01790	0.19170	0.01188	0.04965	0.01506	0.01658	0.00958	0.01099	0.00841	0.00590	0.00470	0.00149	0.00810	0.00376	0.00305	0.00826
29	0.00798	0.00570	0.00762	0.00912	0.00954	0.00534	0.00619	0.00918	0.01248	0.01661	0.03555	0.73919	0.04250	0.02014	0.00828	0.00264	0.00384	0.04683	0.00600	0.00528
30	0.01705	0.04311	0.02607	0.03509	0.58055	0.11017	0.05406	0.02063	0.01515	0.02021	0.01181	0.01532	0.00990	0.00585	0.00631	0.00188	0.00833	0.00557	0.00320	0.00974
31	0.01981	0.09059	0.08875	0.01667	0.02039	0.43262	0.05835	0.02225	0.01566	0.01638	0.01049	0.01351	0.00898	0.02512	0.02993	0.00222	0.11267	0.00478	0.00317	0.00765
32	0.01760	0.01165	0.01404	0.01026	0.01580	0.00932	0.00830	0.04996	0.01535	0.19272	0.01500	0.01554	0.01116	0.00568	0.00527	0.00125	0.00506	0.00455	0.00494	0.58656
33	0.04609	0.16869	0.24660	0.02389	0.24036	0.01752	0.09420	0.05253	0.01473	0.02094	0.01151	0.01411	0.00910	0.00590	0.00593	0.00189	0.00833	0.00513	0.00316	0.00939
34	0.01079	0.00917	0.01396	0.01914	0.25702	0.00884	0.01063	0.01314	0.01416	0.01935	0.11743	0.34781	0.10489	0.01400	0.00747	0.00226	0.00496	0.01272	0.00518	0.00708
35	0.02265	0.01326	0.01527	0.01239	0.01675	0.01386	0.01001	0.20830	0.22471	0.28897	0.02275	0.02109	0.01582	0.00812	0.00634	0.00200	0.00560	0.00651	0.07527	0.01035
36	0.00832	0.00650	0.00742	0.00731	0.00903	0.00573	0.00537	0.01038	0.01568	0.02036	0.31408	0.09389	0.40114	0.05523	0.00899	0.00236	0.00337	0.01293	0.00631	0.00561
37	0.00823	0.00629	0.00744	0.00771	0.00908	0.00563	0.00550	0.01005	0.01483	0.01938	0.24710	0.25203	0.30938	0.05638	0.00913	0.00248	0.00350	0.01415	0.00621	0.00550
38	0.00881	0.00656	0.00820	0.00786	0.00947	0.00594	0.00587	0.01153	0.01740	0.02398	0.57907	0.07731	0.18598	0.01406	0.00765	0.00208	0.00312	0.01230	0.00686	0.00594
39	0.01308	0.03258	0.70250	0.01888	0.02827	0.01508	0.05997	0.02047	0.01373	0.02047	0.01167	0.01384	0.00827	0.00610	0.00622	0.00205	0.00962	0.00492	0.00276	0.00951
40	0.00854	0.00655	0.00784	0.00767	0.00937	0.00584	0.00574	0.01096	0.01657	0.02212	0.42981	0.09195	0.30918	0.01486	0.00769	0.00214	0.00323	0.02753	0.00661	0.00581
41	0.00798	0.00644	0.00716	0.00764	0.00936	0.00562	0.00573	0.00965	0.01423	0.01745	0.05569	0.21595	0.50803	0.01736	0.00791	0.00236	0.00366	0.08631	0.00599	0.00546
42	0.01464	0.01397	0.02379	0.29560	0.48724	0.01500	0.01916	0.01865	0.01407	0.01947	0.01192	0.01643	0.00966	0.00601	0.00642	0.00200	0.00801	0.00575	0.00308	0.00914
43	0.54672	0.01673	0.01236	0.01085	0.01483	0.17527	0.00867	0.06065	0.01420	0.07370	0.01068	0.01180	0.00811	0.00638	0.00471	0.00192	0.00661	0.00397	0.00426	0.00760
44	0.00877	0.00653	0.00809	0.00831	0.00947	0.00622	0.00601	0.01033	0.01388	0.01836	0.20283	0.21131	0.22673	0.09423	0.04345	0.04436	0.02341	0.04668	0.00570	0.00535
45	0.01489	0.00686	0.00753	0.00694	0.00904	0.00661	0.00535	0.01782	0.01438	0.14397	0.02182	0.02374	0.01647	0.00761	0.00485	0.00159	0.00343	0.00610	0.67415	0.00686
46	0.04468	0.00612	0.00698	0.00767	0.00861	0.00603	0.00531	0.01181	0.01254	0.01968	0.02765	0.39122	0.02955	0.07206	0.00849	0.00244	0.00371	0.01224	0.31767	0.00552
47	0.00802	0.00602	0.00748	0.00851	0.00947	0.00547	0.00600	0.00947	0.01336	0.01726	0.06811	0.51301	0.22328	0.01882	0.00811	0.00251	0.00374	0.05996	0.00604	0.00538
48	0.10696	0.01602	0.01734	0.01351	0.01846	0.01734	0.01113	0.48392	0.05660	0.16792	0.01716	0.01657	0.01189	0.00766	0.00622	0.00197	0.00651	0.00577	0.00650	0.01054
49	0.00854	0.00658	0.00780	0.00749	0.00928	0.00584	0.00562	0.01102	0.01686	0.02252	0.46332	0.05384	0.32897	0.01447	0.00763	0.00209	0.00314	0.01247	0.00667	0.00584
50	0.01196	0.00715	0.00904	0.00852	0.01056	0.00637	0.00640	0.01422	0.01638	0.14395	0.32613	0.18745	0.19813	0.01439	0.00755	0.00218	0.00365	0.01253	0.00680	0.00663
51	0.01519	0.19412	0.06662	0.01128	0.01689	0.01448	0.01021	0.07111	0.01449	0.02088	0.01106	0.01290	0.00923	0.00561	0.00568	0.00130	0.04384	0.00405	0.00366	0.46740
52	0.03807	0.25700	0.07798	0.04083	0.05044	0.39923	0.01329	0.02271	0.01588	0.01652	0.00992	0.01176	0.00836	0.00621	0.00534	0.00164	0.00963	0.00410	0.00310	0.00799
53	0.00926	0.00682	0.00984	0.00984	0.01080	0.00778	0.00740	0.01119	0.01022	0.01460	0.01781	0.02815	0.01735	0.16697	0.63045	0.00971	0.01550	0.00733	0.00354	0.00547
54	0.01061	0.00913	0.01073	0.01108	0.03754	0.06019	0.00786	0.01235	0.01257	0.01663	0.09778	0.13129	0.10082	0.14806	0.22149	0.00523	0.06692	0.02941	0.00452	0.00579
55	0.06642	0.05578	0.14797	0.09058	0.27019	0.01533	0.08404	0.01974	0.05680	0.02066	0.01351	0.05097	0.01140	0.00693	0.00689	0.00203	0.03973	0.00613	0.00346	0.03142
56	0.00971	0.00719	0.01013	0.01101	0.04233	0.00784	0.00777	0.01157	0.01127	0.01597	0.02205	0.16288	0.02321	0.15135	0.34914	0.00669	0.03577	0.06325	0.04521	0.00565
57	0.01463	0.01397	0.02377	0.29706	0.48584	0.01499	0.01915	0.01864	0.01407	0.01946	0.01191	0.01643	0.00965	0.00601	0.00642	0.00200	0.00801	0.00575	0.00308	0.00914
58	0.01554	0.01491	0.02529	0.11204	0.63617	0.01541	0.01943	0.01933	0.01435	0.02044	0.01195	0.01605	0.01001	0.00603	0.00695	0.00198	0.03541	0.00575	0.00315	0.00981
59	0.00925	0.00683	0.00990	0.00990	0.01089	0.00781	0.00748	0.01123	0.01024	0.01464	0.01775	0.02782	0.01721	0.15304	0.64418	0.00979	0.01571	0.00728	0.00353	0.00550
60	0.02414	0.03079	0.01831	0.01665	0.01998	0.74698	0.01248	0.02580	0.01831	0.01581	0.00999	0.01165	0.00832	0.00666	0.00583	0.00166	0.01165	0.00416	0.00333	0.00749
61	0.00797	0.00572	0.00758	0.00899	0.00947	0.00534	0.00609	0.00921	0.01267	0.01686	0.05574	0.71105	0.06125	0.01988	0.00823	0.00261	0.00378	0.03624	0.00603	0.00530
62	0.01353	0.01096	0.01151	0.01090	0.01272	0.09201	0.00820	0.05724	0.03322	0.08267	0.12853	0.29993	0.11112	0.01431	0.00876	0.00229	0.07754	0.01199	0.00577	0.00680
63	0.01542	0.02949	0.58707	0.01790	0.02656	0.01494	0.05186	0.07413	0.01543	0.08789	0.01324	0.01472	0.00919	0.00640	0.00626	0.00204	0.00905	0.00514	0.00352	0.00976
64	0.00792	0.00601	0.00740	0.00829	0.00930	0.00549	0.00578	0.00934	0.01323	0.01711	0.07309	0.48842	0.24869	0.02020	0.04523	0.00286	0.00426	0.01609	0.00592	0.00537
65	0.09407	0.00977	0.01105	0.00928	0.01251	0.00974	0.00741	0.11390	0.01722	0.23902	0.06530	0.02245	0.01743	0.00831	0.00607	0.02325	0.00456	0.00625	0.31422	0.00819
66	0.03628	0.01763	0.04943	0.10538	0.16986	0.15910	0.04393	0.11604	0.01762	0.11789	0.03227	0.01736	0.01211	0.00872	0.03891	0.00229	0.00851	0.00575	0.03199	0.00894
67	0.01655	0.05798	0.09600	0.03469	0.05030	0.06641	0.06999	0.07403	0.03123	0.09694	0.04694	0.05066	0.04486	0.00788	0.00722	0.00184	0.06004	0.00640	0.00448	0.17557
68	0.01580	0.10649	0.25703	0.11739	0.13296	0.05721	0.03600	0.07914	0.09633	0.02164	0.01333	0.01545	0.01017	0.00650	0.00610	0.00196	0.00829	0.00532	0.00362	0.00926

[dist]
# distance from previous block
# <min> <max>
0	140

# created by:
# /home/cegg/simao/soft/augustus-3.2.1/scripts/msa2prfl.pl ./align_prep/EOG090W0C7Z.fa
