[name]
unknown

[dist]
# distance from previous block
# <min> <max>
6	134

[block]
# block no. 0 follows, 32 sequences, length 16
# corresponding to MSA columns:
# 159-174
name=unknown_A
#
# <colnr> <probs for GDERKNQSTAVLIFYWHMCP>
#	G	D	E	R	K	N	Q	S	T	A	V	L	I	F	Y	W	H	M	C	P
0	0.01496	0.06996	0.20926	0.13402	0.05435	0.01303	0.05025	0.01921	0.01471	0.11163	0.02168	0.11577	0.07380	0.00926	0.00674	0.00211	0.00738	0.00797	0.00442	0.05951
1	0.01528	0.01468	0.01682	0.04413	0.17771	0.11285	0.01165	0.03889	0.01612	0.02181	0.10640	0.05971	0.04988	0.00811	0.00631	0.00169	0.00652	0.00689	0.00445	0.28010
2	0.01056	0.00799	0.00971	0.00884	0.01106	0.00749	0.00671	0.03607	0.04339	0.02443	0.41981	0.04432	0.14598	0.03750	0.06093	0.00277	0.00475	0.01073	0.02773	0.07923
3	0.01418	0.01065	0.04261	0.01271	0.01615	0.00912	0.12672	0.01754	0.01727	0.14669	0.32444	0.03925	0.11947	0.04077	0.02984	0.00257	0.00586	0.01020	0.00631	0.00765
4	0.00818	0.00584	0.00779	0.00934	0.00973	0.00545	0.00623	0.00934	0.01285	0.01713	0.03698	0.75981	0.04438	0.02102	0.00856	0.00273	0.00389	0.01908	0.00623	0.00545
5	0.01391	0.01193	0.01391	0.00994	0.01590	0.00894	0.00795	0.01690	0.01391	0.02186	0.01193	0.01391	0.00994	0.00497	0.00497	0.00099	0.00497	0.00398	0.00398	0.80521
6	0.01879	0.01458	0.01570	0.01368	0.01775	0.01648	0.01076	0.10169	0.57954	0.09314	0.02612	0.02394	0.01922	0.00893	0.00681	0.00223	0.00555	0.00736	0.00695	0.01077
7	0.03010	0.01142	0.01557	0.01194	0.01713	0.00986	0.00986	0.03270	0.01920	0.72698	0.02647	0.02284	0.01661	0.00830	0.00675	0.00208	0.00571	0.00675	0.00830	0.01142
8	0.01507	0.01261	0.01453	0.01049	0.01639	0.01013	0.00843	0.08507	0.01567	0.02390	0.01234	0.01413	0.01009	0.00528	0.00514	0.00110	0.00521	0.00418	0.00425	0.72598
9	0.01337	0.01264	0.02139	0.62222	0.16658	0.01509	0.01898	0.01776	0.01375	0.01799	0.01205	0.01766	0.00924	0.00658	0.00670	0.00219	0.00877	0.00597	0.00304	0.00802
10	0.02861	0.01221	0.01590	0.01226	0.01732	0.01118	0.01010	0.12129	0.02085	0.60533	0.05462	0.02310	0.01791	0.00850	0.00679	0.00207	0.00583	0.00688	0.00805	0.01120
11	0.02755	0.01530	0.01685	0.01335	0.01830	0.08652	0.01085	0.17276	0.07701	0.45493	0.02272	0.02051	0.01502	0.00817	0.00668	0.00204	0.00668	0.00642	0.00736	0.01098
12	0.01226	0.01137	0.01900	0.68078	0.04289	0.01405	0.01750	0.01643	0.01336	0.01714	0.01421	0.08546	0.01217	0.00801	0.00688	0.00228	0.00848	0.00716	0.00328	0.00727
13	0.34628	0.13724	0.08003	0.01057	0.01519	0.01512	0.00971	0.06238	0.01450	0.07381	0.02117	0.05866	0.11417	0.00875	0.00550	0.00203	0.00579	0.00644	0.00469	0.00795
14	0.09405	0.01098	0.01163	0.01020	0.01319	0.03583	0.00771	0.09814	0.03586	0.06647	0.04417	0.11887	0.08470	0.15160	0.03286	0.00309	0.00597	0.03161	0.00531	0.13776
15	0.14861	0.35462	0.08748	0.05278	0.01905	0.07947	0.01222	0.04327	0.03168	0.02026	0.01317	0.05275	0.01207	0.00759	0.00535	0.00186	0.00735	0.03848	0.00370	0.00824

[dist]
# distance from previous block
# <min> <max>
1	4

[block]
# block no. 1 follows, 32 sequences, length 30
# corresponding to MSA columns:
# 179-208
name=unknown_B
#
# <colnr> <probs for GDERKNQSTAVLIFYWHMCP>
#	G	D	E	R	K	N	Q	S	T	A	V	L	I	F	Y	W	H	M	C	P
0	0.01897	0.24594	0.28543	0.01571	0.02264	0.09932	0.01673	0.15101	0.01804	0.04954	0.01237	0.01363	0.00941	0.00664	0.00581	0.00186	0.00871	0.00476	0.00386	0.00964
1	0.02074	0.06229	0.02258	0.09739	0.22764	0.19681	0.01553	0.20177	0.04709	0.02535	0.01330	0.01549	0.01044	0.00694	0.00640	0.00194	0.00879	0.00551	0.00433	0.00969
2	0.00849	0.00682	0.00758	0.00739	0.00941	0.00590	0.00554	0.01072	0.01662	0.02128	0.30174	0.05938	0.48387	0.01582	0.00792	0.00221	0.00331	0.01343	0.00665	0.00590
3	0.01391	0.01193	0.01391	0.00994	0.01590	0.00894	0.00795	0.01690	0.01391	0.02186	0.01193	0.01391	0.00994	0.00497	0.00497	0.00099	0.00497	0.00398	0.00398	0.80521
4	0.01724	0.01651	0.02181	0.04547	0.16880	0.07313	0.07613	0.09060	0.17789	0.02324	0.01571	0.01838	0.01264	0.01020	0.04285	0.00267	0.16656	0.00644	0.00441	0.00933
5	0.01885	0.06576	0.13726	0.06185	0.11320	0.17448	0.03920	0.13868	0.01900	0.04944	0.07509	0.01989	0.04256	0.00780	0.00655	0.00197	0.00855	0.00626	0.00446	0.00913
6	0.09731	0.01202	0.01355	0.00989	0.01564	0.00961	0.00795	0.01776	0.01384	0.04800	0.01218	0.01392	0.00990	0.00522	0.00495	0.00115	0.00502	0.00404	0.00415	0.69391
7	0.01391	0.01193	0.01391	0.00994	0.01590	0.00894	0.00795	0.01690	0.01391	0.02186	0.01193	0.01391	0.00994	0.00497	0.00497	0.00099	0.00497	0.00398	0.00398	0.80521
8	0.00969	0.00677	0.00864	0.00864	0.00910	0.00723	0.00572	0.01061	0.01015	0.01399	0.01993	0.03719	0.02148	0.49089	0.30346	0.00814	0.01090	0.00877	0.00389	0.00480
9	0.01055	0.00918	0.01418	0.03533	0.01550	0.00867	0.12275	0.03041	0.01666	0.02223	0.28717	0.06879	0.24727	0.01597	0.06234	0.00285	0.00602	0.01155	0.00589	0.00669
10	0.02903	0.01118	0.01523	0.01176	0.01676	0.00968	0.00968	0.03166	0.01919	0.69053	0.06252	0.02426	0.01904	0.00859	0.00681	0.00208	0.00558	0.00703	0.00826	0.01115
11	0.01061	0.00826	0.01200	0.06602	0.01469	0.00978	0.00924	0.03298	0.01147	0.01628	0.01723	0.02641	0.01629	0.11143	0.55238	0.00902	0.05888	0.00723	0.00365	0.00616
12	0.00852	0.00654	0.00783	0.00823	0.00970	0.00585	0.00598	0.01049	0.01551	0.02021	0.22960	0.28117	0.30792	0.01745	0.00817	0.00240	0.00359	0.03849	0.00653	0.00579
13	0.02290	0.01851	0.01856	0.01507	0.01978	0.07996	0.01220	0.46284	0.19138	0.03600	0.01892	0.01982	0.01422	0.00855	0.00677	0.00209	0.00725	0.02800	0.00645	0.01075
14	0.02508	0.03149	0.01906	0.01722	0.02075	0.71042	0.01296	0.05200	0.01948	0.01739	0.01059	0.01225	0.00875	0.00696	0.00607	0.00174	0.01192	0.00439	0.00358	0.00791
15	0.00813	0.00600	0.00762	0.00892	0.00962	0.00549	0.00604	0.00939	0.01325	0.01729	0.04212	0.64465	0.15622	0.02035	0.00846	0.00265	0.00381	0.01826	0.00623	0.00549
16	0.01560	0.01238	0.01444	0.01043	0.01631	0.00983	0.00839	0.06575	0.01544	0.06104	0.01300	0.01455	0.01040	0.00536	0.00519	0.00112	0.00518	0.00427	0.00440	0.70694
17	0.00963	0.00703	0.00997	0.00997	0.01089	0.00795	0.00737	0.01146	0.01054	0.01497	0.01872	0.03048	0.01856	0.21775	0.57262	0.00978	0.01528	0.00779	0.00371	0.00554
18	0.01674	0.57200	0.22089	0.01353	0.02038	0.02362	0.01504	0.02040	0.01378	0.01725	0.01005	0.01167	0.00858	0.00591	0.00486	0.00162	0.00791	0.00395	0.00286	0.00896
19	0.01164	0.00744	0.00947	0.00914	0.01099	0.00690	0.00677	0.01480	0.04811	0.10218	0.37214	0.22870	0.11552	0.01509	0.00790	0.00229	0.00376	0.01330	0.00706	0.00680
20	0.01780	0.27631	0.12945	0.01551	0.03975	0.12044	0.05022	0.06336	0.13642	0.02118	0.03190	0.01764	0.03811	0.00731	0.00591	0.00186	0.00797	0.00561	0.00412	0.00912
21	0.01407	0.13525	0.63426	0.01808	0.02742	0.01709	0.02297	0.02109	0.01409	0.02050	0.01167	0.01370	0.00852	0.00629	0.00609	0.00203	0.00954	0.00477	0.00284	0.00974
22	0.05164	0.27356	0.19859	0.01409	0.02042	0.04693	0.01442	0.13861	0.01750	0.09198	0.01387	0.03813	0.01100	0.00708	0.00569	0.00183	0.00767	0.00520	0.00428	0.03751
23	0.01677	0.46441	0.21962	0.01346	0.01994	0.02110	0.01468	0.02051	0.01408	0.05918	0.02897	0.01423	0.01085	0.00875	0.04612	0.00220	0.00834	0.00455	0.00333	0.00893
24	0.00829	0.00636	0.00760	0.00825	0.00953	0.00567	0.00582	0.00998	0.01473	0.01905	0.15641	0.38796	0.29948	0.01836	0.00822	0.00246	0.00359	0.01614	0.00641	0.00567
25	0.01750	0.06756	0.03691	0.04131	0.01679	0.01184	0.02911	0.04376	0.08047	0.21551	0.06434	0.06633	0.03545	0.04641	0.15672	0.00408	0.02241	0.02930	0.00570	0.00850
26	0.01761	0.16714	0.38597	0.01648	0.02375	0.14032	0.01832	0.04260	0.01572	0.06861	0.01317	0.03771	0.01034	0.00700	0.00604	0.00194	0.00922	0.00520	0.00355	0.00931
27	0.01069	0.00676	0.00805	0.00797	0.00841	0.00668	0.00488	0.01118	0.01096	0.05227	0.05034	0.10536	0.02689	0.59114	0.06601	0.00598	0.00670	0.01038	0.00459	0.00477
28	0.00976	0.00651	0.00732	0.00732	0.00732	0.00651	0.00407	0.00976	0.00976	0.01301	0.02114	0.04391	0.02439	0.76419	0.03415	0.00651	0.00651	0.00976	0.00407	0.00407
29	0.13470	0.04644	0.12987	0.09652	0.06221	0.04680	0.05538	0.08379	0.01664	0.18052	0.01703	0.07201	0.01335	0.00800	0.00638	0.00211	0.00748	0.00658	0.00496	0.00924

[dist]
# distance from previous block
# <min> <max>
0	2

[block]
# block no. 2 follows, 32 sequences, length 10
# corresponding to MSA columns:
# 211-220
name=unknown_C
#
# <colnr> <probs for GDERKNQSTAVLIFYWHMCP>
#	G	D	E	R	K	N	Q	S	T	A	V	L	I	F	Y	W	H	M	C	P
0	0.09578	0.14902	0.11534	0.01591	0.04980	0.25615	0.01366	0.02345	0.01573	0.09899	0.01218	0.01371	0.00954	0.00699	0.00690	0.00188	0.06562	0.00467	0.00386	0.04082
1	0.00938	0.00714	0.00885	0.00983	0.01125	0.00682	0.00757	0.01225	0.05264	0.01889	0.04416	0.32869	0.21883	0.01855	0.00852	0.00269	0.00454	0.21716	0.00625	0.00601
2	0.01666	0.01807	0.05526	0.10358	0.31205	0.12243	0.03611	0.02066	0.03858	0.01992	0.01301	0.01806	0.01113	0.00750	0.00868	0.00212	0.10939	0.03040	0.00349	0.05290
3	0.00836	0.00671	0.00746	0.00748	0.00938	0.00581	0.00553	0.01037	0.01598	0.02027	0.23104	0.13338	0.48150	0.01658	0.00799	0.00227	0.00339	0.01416	0.00653	0.00581
4	0.01862	0.01369	0.04327	0.11574	0.10688	0.01361	0.01291	0.15441	0.09351	0.15731	0.10471	0.02789	0.06072	0.00935	0.00703	0.00216	0.00645	0.03627	0.00599	0.00949
5	0.06626	0.02560	0.11599	0.01900	0.09215	0.31337	0.01503	0.20032	0.02051	0.02514	0.01221	0.01391	0.00948	0.00718	0.00680	0.00195	0.03659	0.00504	0.00423	0.00926
6	0.00994	0.00744	0.00947	0.01009	0.01160	0.00725	0.00787	0.01363	0.06872	0.02146	0.21215	0.23580	0.12076	0.01705	0.00841	0.00260	0.00447	0.21842	0.00655	0.00632
7	0.01323	0.01278	0.01987	0.61819	0.09699	0.04454	0.01777	0.01739	0.01391	0.01755	0.01517	0.02025	0.05028	0.00726	0.00675	0.00220	0.00868	0.00637	0.00322	0.00762
8	0.00827	0.00599	0.00765	0.00892	0.00948	0.00555	0.00595	0.00940	0.01287	0.01692	0.03900	0.63276	0.11316	0.07734	0.01045	0.00297	0.00404	0.01785	0.00606	0.00537
9	0.01611	0.01186	0.01414	0.01021	0.01607	0.00907	0.00821	0.01904	0.01463	0.11745	0.01390	0.01512	0.01084	0.00542	0.00521	0.00114	0.00507	0.00435	0.00456	0.69760

[dist]
# distance from previous block
# <min> <max>
4	10

[block]
# block no. 3 follows, 32 sequences, length 18
# corresponding to MSA columns:
# 232-249
name=unknown_D
#
# <colnr> <probs for GDERKNQSTAVLIFYWHMCP>
#	G	D	E	R	K	N	Q	S	T	A	V	L	I	F	Y	W	H	M	C	P
0	0.01442	0.01381	0.02374	0.42904	0.32795	0.01541	0.04218	0.01873	0.01427	0.01928	0.01227	0.01736	0.00969	0.00637	0.00672	0.00214	0.00862	0.00603	0.00314	0.00883
1	0.01333	0.00863	0.01063	0.01023	0.01223	0.00823	0.00741	0.10036	0.01602	0.09888	0.04949	0.44868	0.04973	0.06537	0.00952	0.00266	0.00475	0.01407	0.00625	0.06352
2	0.01467	0.01396	0.02373	0.38930	0.38936	0.01543	0.01963	0.01889	0.01436	0.01957	0.01228	0.01724	0.00980	0.00634	0.00668	0.00211	0.00845	0.00597	0.00315	0.00906
3	0.81159	0.01298	0.00986	0.00882	0.01298	0.01505	0.00727	0.01972	0.01142	0.03010	0.00934	0.01090	0.00727	0.00623	0.00415	0.00208	0.00519	0.00363	0.00415	0.00727
4	0.00992	0.00726	0.00972	0.00957	0.01017	0.00816	0.00676	0.01119	0.01029	0.01445	0.01893	0.03368	0.01980	0.37034	0.38368	0.00845	0.05037	0.00828	0.00377	0.00519
5	0.74255	0.01284	0.01037	0.00910	0.01334	0.01459	0.00750	0.02087	0.01211	0.09166	0.01086	0.01195	0.00809	0.00641	0.00438	0.00208	0.00524	0.00391	0.00452	0.00763
6	0.00998	0.00777	0.01155	0.01132	0.01242	0.00934	0.00888	0.01231	0.01074	0.01562	0.01726	0.02545	0.01615	0.04731	0.68178	0.01017	0.07522	0.00709	0.00354	0.00610
7	0.00925	0.00692	0.00863	0.00841	0.01015	0.00630	0.00644	0.01207	0.01783	0.02429	0.50882	0.05570	0.21201	0.01490	0.00804	0.00223	0.00349	0.07135	0.00701	0.00616
8	0.01356	0.09221	0.58567	0.01785	0.02659	0.01572	0.04435	0.02040	0.01460	0.02131	0.07430	0.01719	0.01341	0.00695	0.00639	0.00207	0.00914	0.00558	0.00326	0.00946
9	0.00948	0.00639	0.00740	0.00767	0.00774	0.00632	0.00444	0.00969	0.01029	0.01372	0.02388	0.16786	0.02785	0.63552	0.02972	0.00585	0.00605	0.01137	0.00444	0.00431
10	0.08154	0.04885	0.55483	0.01715	0.02567	0.01553	0.02096	0.04219	0.04174	0.04594	0.03638	0.01576	0.01103	0.00681	0.00623	0.00210	0.00883	0.00524	0.00355	0.00966
11	0.01852	0.50295	0.07910	0.01402	0.04199	0.10364	0.01284	0.04713	0.08847	0.01870	0.01189	0.01304	0.01003	0.00636	0.00508	0.00164	0.00776	0.00436	0.00350	0.00899
12	0.01267	0.01193	0.02013	0.74806	0.04621	0.01491	0.01863	0.01714	0.01342	0.01714	0.01193	0.01789	0.00894	0.00671	0.00671	0.00224	0.00894	0.00596	0.00298	0.00745
13	0.01867	0.21314	0.17188	0.04026	0.02526	0.04077	0.18467	0.07065	0.01649	0.11709	0.01392	0.01563	0.01031	0.00641	0.00627	0.00193	0.00873	0.00565	0.00405	0.02823
14	0.05335	0.23023	0.02366	0.01407	0.01932	0.05866	0.01208	0.41283	0.06053	0.03228	0.01423	0.01466	0.01079	0.00733	0.00591	0.00185	0.00737	0.00525	0.00537	0.01023
15	0.00825	0.00587	0.00776	0.00925	0.00962	0.00550	0.00612	0.00936	0.01270	0.01693	0.03622	0.72550	0.04342	0.05664	0.00979	0.00291	0.00402	0.01863	0.00612	0.00538
16	0.00953	0.00793	0.00915	0.01007	0.05560	0.00722	0.00692	0.03529	0.03399	0.01971	0.07680	0.14308	0.49983	0.01622	0.00791	0.00233	0.00405	0.04194	0.00611	0.00633
17	0.02036	0.23933	0.15966	0.01608	0.04222	0.11971	0.03355	0.11895	0.01762	0.10861	0.01325	0.01445	0.01009	0.00702	0.00679	0.00190	0.05172	0.00501	0.00419	0.00949

[dist]
# distance from previous block
# <min> <max>
0	6

[block]
# block no. 4 follows, 32 sequences, length 17
# corresponding to MSA columns:
# 256,290-305
name=unknown_E
#
# <colnr> <probs for GDERKNQSTAVLIFYWHMCP>
#	G	D	E	R	K	N	Q	S	T	A	V	L	I	F	Y	W	H	M	C	P
0	0.01581	0.01276	0.01539	0.03204	0.03844	0.01314	0.03852	0.02679	0.36077	0.06262	0.02278	0.07318	0.01838	0.00860	0.00644	0.00196	0.00545	0.00738	0.05119	0.18835
1	0.01678	0.01407	0.01470	0.01318	0.01670	0.05480	0.01057	0.15218	0.31704	0.02790	0.07401	0.03495	0.05393	0.01103	0.00727	0.00229	0.00600	0.13034	0.00641	0.03586
2	0.00863	0.00666	0.00766	0.00820	0.00984	0.00593	0.00615	0.01053	0.01491	0.01898	0.09816	0.23456	0.39737	0.01760	0.00812	0.00244	0.00384	0.09722	0.03744	0.00574
3	0.07186	0.01530	0.02507	0.10406	0.57919	0.01598	0.01922	0.02002	0.01462	0.02180	0.01216	0.01624	0.01016	0.00631	0.00713	0.00206	0.03971	0.00581	0.00333	0.00996
4	0.36356	0.01934	0.01438	0.01278	0.01674	0.23103	0.01002	0.07358	0.15355	0.02649	0.01369	0.01443	0.01059	0.00713	0.00543	0.00201	0.00743	0.00479	0.00466	0.00838
5	0.01267	0.01193	0.02013	0.74806	0.04621	0.01491	0.01863	0.01714	0.01342	0.01714	0.01193	0.01789	0.00894	0.00671	0.00671	0.00224	0.00894	0.00596	0.00298	0.00745
6	0.01363	0.01345	0.02008	0.65455	0.04277	0.06436	0.01801	0.01774	0.01361	0.01703	0.01163	0.01730	0.00892	0.00702	0.00758	0.00224	0.05374	0.00585	0.00301	0.00747
7	0.00859	0.00691	0.00771	0.00777	0.00981	0.00604	0.00600	0.01076	0.01611	0.02025	0.20565	0.06267	0.50185	0.01645	0.00807	0.00232	0.00366	0.08704	0.00648	0.00587
8	0.01396	0.01375	0.02086	0.61792	0.12144	0.06414	0.01847	0.01819	0.01401	0.01764	0.01190	0.01735	0.00912	0.00664	0.00666	0.00217	0.00905	0.00585	0.00305	0.00784
9	0.00793	0.00680	0.00680	0.00680	0.00906	0.00566	0.00510	0.00963	0.01529	0.01813	0.06797	0.06457	0.71961	0.01699	0.00793	0.00227	0.00340	0.01416	0.00623	0.00566
10	0.01491	0.27252	0.50433	0.01665	0.02521	0.01914	0.02048	0.02087	0.01399	0.01948	0.01116	0.01306	0.00854	0.00617	0.00570	0.00190	0.00903	0.00451	0.00285	0.00949
11	0.00911	0.00651	0.00844	0.00862	0.00968	0.00607	0.00609	0.01135	0.01621	0.02255	0.44024	0.27153	0.05375	0.08624	0.01057	0.00271	0.00371	0.01408	0.00671	0.00584
12	0.02468	0.01541	0.01761	0.01381	0.01886	0.01604	0.01136	0.37778	0.08981	0.23417	0.02067	0.02122	0.01479	0.00848	0.00674	0.00204	0.00652	0.03427	0.00699	0.05875
13	0.02199	0.07479	0.10351	0.01566	0.02040	0.32987	0.01346	0.13545	0.09151	0.06980	0.04888	0.01681	0.01349	0.00761	0.00630	0.00190	0.00919	0.00551	0.00473	0.00914
14	0.08566	0.05333	0.17844	0.01611	0.02168	0.30046	0.01487	0.17774	0.01978	0.02469	0.01199	0.01340	0.00918	0.00688	0.00602	0.00187	0.00953	0.00476	0.00411	0.03949
15	0.01922	0.15708	0.05838	0.01355	0.01834	0.09320	0.01175	0.25323	0.06086	0.02745	0.06645	0.04130	0.01642	0.00973	0.03209	0.00217	0.00757	0.02229	0.00511	0.08381
16	0.08488	0.45880	0.02787	0.01294	0.01806	0.15875	0.01160	0.12044	0.01708	0.02093	0.01051	0.01181	0.00892	0.00634	0.00497	0.00163	0.00797	0.00409	0.00365	0.00875

[dist]
# distance from previous block
# <min> <max>
13	26

[block]
# block no. 5 follows, 32 sequences, length 17
# corresponding to MSA columns:
# 337,338,341-355
name=unknown_F
#
# <colnr> <probs for GDERKNQSTAVLIFYWHMCP>
#	G	D	E	R	K	N	Q	S	T	A	V	L	I	F	Y	W	H	M	C	P
0	0.07708	0.21649	0.23043	0.06277	0.02280	0.12135	0.01565	0.05157	0.01571	0.08068	0.01318	0.01612	0.01043	0.00699	0.00581	0.00192	0.00850	0.02976	0.00380	0.00897
1	0.01410	0.04782	0.12108	0.45304	0.03594	0.07651	0.01730	0.04341	0.01471	0.01858	0.01517	0.06641	0.03246	0.00793	0.00666	0.00217	0.00873	0.00669	0.00344	0.00785
2	0.01667	0.14316	0.10943	0.01337	0.01823	0.01681	0.01207	0.08109	0.31845	0.04633	0.02093	0.06847	0.01717	0.03327	0.00723	0.00218	0.00632	0.00704	0.00539	0.05640
3	0.05271	0.01518	0.01563	0.01333	0.01705	0.06370	0.01059	0.30418	0.12979	0.07326	0.02181	0.08937	0.01917	0.07123	0.00919	0.00256	0.00670	0.06905	0.00620	0.00929
4	0.54010	0.01325	0.01223	0.01210	0.06154	0.01513	0.00890	0.02319	0.17434	0.02895	0.04329	0.01620	0.01290	0.00719	0.00510	0.00212	0.00532	0.00506	0.00485	0.00823
5	0.02051	0.50285	0.02934	0.01357	0.01849	0.28271	0.01202	0.02251	0.01557	0.01602	0.00970	0.01125	0.00862	0.00616	0.00493	0.00154	0.00895	0.00385	0.00308	0.00831
6	0.01166	0.00583	0.00874	0.00874	0.00874	0.00583	0.00583	0.00874	0.00874	0.01166	0.01166	0.02040	0.01166	0.02331	0.02622	0.80478	0.00583	0.00583	0.00291	0.00291
7	0.01267	0.01193	0.02013	0.74806	0.04621	0.01491	0.01863	0.01714	0.01342	0.01714	0.01193	0.01789	0.00894	0.00671	0.00671	0.00224	0.00894	0.00596	0.00298	0.00745
8	0.02122	0.10266	0.02145	0.16920	0.02548	0.01989	0.01367	0.42470	0.08051	0.03281	0.01536	0.01659	0.01130	0.00759	0.00645	0.00202	0.00752	0.00587	0.00550	0.01019
9	0.38577	0.15424	0.01895	0.10272	0.02026	0.06419	0.05649	0.02137	0.03079	0.07393	0.01168	0.01350	0.00900	0.00642	0.00512	0.00197	0.00692	0.00457	0.00404	0.00807
10	0.01607	0.01369	0.01743	0.07621	0.12698	0.01271	0.01162	0.11674	0.06215	0.02482	0.01364	0.01569	0.01086	0.00598	0.00574	0.00148	0.00612	0.00498	0.00437	0.45272
11	0.01296	0.01452	0.08080	0.47175	0.03709	0.04444	0.08572	0.01733	0.01423	0.01835	0.04544	0.07041	0.04226	0.00825	0.00700	0.00224	0.00860	0.00747	0.00356	0.00759
12	0.05307	0.07815	0.13537	0.06498	0.02296	0.14993	0.05463	0.15171	0.04927	0.10424	0.03837	0.01877	0.01332	0.00767	0.00645	0.00202	0.00844	0.02648	0.00483	0.00935
13	0.01895	0.13913	0.27588	0.01690	0.02331	0.22114	0.04788	0.06387	0.04640	0.04915	0.02899	0.01501	0.01090	0.00686	0.00613	0.00191	0.00952	0.00512	0.00377	0.00917
14	0.18322	0.11387	0.04410	0.01162	0.01603	0.11403	0.00972	0.04705	0.04512	0.07889	0.01530	0.07273	0.01351	0.05240	0.00721	0.00206	0.00666	0.00590	0.00451	0.15607
15	0.06961	0.10173	0.11305	0.01261	0.01717	0.04635	0.01134	0.18135	0.04044	0.06553	0.05210	0.04788	0.01681	0.13607	0.01087	0.00270	0.00697	0.00675	0.00495	0.05572
16	0.10460	0.11927	0.06959	0.06633	0.02161	0.16822	0.03945	0.13522	0.04569	0.11526	0.01423	0.01521	0.01057	0.00696	0.00595	0.00189	0.00816	0.00516	0.00469	0.04195

[dist]
# distance from previous block
# <min> <max>
33	184

[block]
# block no. 6 follows, 32 sequences, length 26
# corresponding to MSA columns:
# 598-623
name=unknown_G
#
# <colnr> <probs for GDERKNQSTAVLIFYWHMCP>
#	G	D	E	R	K	N	Q	S	T	A	V	L	I	F	Y	W	H	M	C	P
0	0.08580	0.17610	0.17027	0.06968	0.02053	0.01554	0.01317	0.05278	0.03312	0.02176	0.04880	0.03506	0.01421	0.03660	0.00681	0.00197	0.00692	0.02449	0.00394	0.16244
1	0.01590	0.11294	0.20012	0.09378	0.05148	0.06935	0.05723	0.04960	0.05168	0.03728	0.03405	0.04262	0.01276	0.00707	0.00618	0.00186	0.00800	0.00584	0.00389	0.13838
2	0.11222	0.08302	0.16466	0.12454	0.06433	0.03476	0.01489	0.09285	0.03985	0.10632	0.01408	0.01569	0.01036	0.00669	0.00594	0.00193	0.00750	0.00519	0.00436	0.09082
3	0.01773	0.08502	0.10503	0.09002	0.15149	0.09496	0.01491	0.11445	0.01716	0.04414	0.01295	0.01545	0.01024	0.00823	0.03715	0.00214	0.00838	0.00516	0.00396	0.16142
4	0.07226	0.08112	0.07555	0.03759	0.04400	0.05811	0.03281	0.17112	0.05605	0.16300	0.01608	0.01651	0.01164	0.00699	0.00606	0.00184	0.00709	0.00545	0.00529	0.13144
5	0.01497	0.04395	0.34439	0.01813	0.09084	0.01370	0.04389	0.02132	0.05805	0.07422	0.10078	0.02015	0.01700	0.00733	0.00648	0.00197	0.00769	0.00619	0.00425	0.10470
6	0.01533	0.01398	0.06685	0.01204	0.01744	0.01112	0.03055	0.11180	0.03375	0.04441	0.01806	0.07026	0.03759	0.00786	0.00605	0.00158	0.00582	0.03887	0.00478	0.45187
7	0.01438	0.01560	0.12297	0.36448	0.19279	0.01413	0.01850	0.01890	0.01438	0.05934	0.01539	0.04980	0.01295	0.00789	0.00688	0.00223	0.00831	0.04880	0.00367	0.00860
8	0.01578	0.02363	0.30406	0.01783	0.02451	0.04170	0.11065	0.06627	0.24622	0.02451	0.01955	0.02020	0.03903	0.00769	0.00680	0.00218	0.00827	0.00662	0.00461	0.00989
9	0.01267	0.01193	0.02013	0.74806	0.04621	0.01491	0.01863	0.01714	0.01342	0.01714	0.01193	0.01789	0.00894	0.00671	0.00671	0.00224	0.00894	0.00596	0.00298	0.00745
10	0.01417	0.01215	0.01403	0.01028	0.01604	0.00965	0.00819	0.01861	0.07738	0.02243	0.01333	0.01493	0.01090	0.00535	0.00514	0.00111	0.00500	0.00430	0.00424	0.73278
11	0.01528	0.01432	0.02364	0.13765	0.50976	0.01461	0.01818	0.01958	0.03256	0.02183	0.07587	0.01986	0.01530	0.00680	0.00669	0.00200	0.00747	0.00647	0.00375	0.04839
12	0.00818	0.00584	0.00779	0.00934	0.00973	0.00545	0.00623	0.00934	0.01285	0.01713	0.03698	0.75981	0.04438	0.02102	0.00856	0.00273	0.00389	0.01908	0.00623	0.00545
13	0.01791	0.02042	0.04228	0.05528	0.08523	0.28022	0.14966	0.02124	0.01726	0.03646	0.11384	0.02553	0.04892	0.00864	0.00706	0.00206	0.00925	0.04637	0.00433	0.00803
14	0.00816	0.00592	0.00771	0.00914	0.00968	0.00547	0.00614	0.00937	0.01304	0.01721	0.03947	0.70402	0.09856	0.02070	0.00851	0.00269	0.00385	0.01868	0.00623	0.00547
15	0.01717	0.01353	0.02452	0.02350	0.18150	0.01283	0.24084	0.02121	0.03365	0.15940	0.02134	0.18026	0.01925	0.00968	0.00751	0.00227	0.00768	0.00967	0.00505	0.00913
16	0.01391	0.01193	0.01391	0.00994	0.01590	0.00894	0.00795	0.01690	0.01391	0.02186	0.01193	0.01391	0.00994	0.00497	0.00497	0.00099	0.00497	0.00398	0.00398	0.80521
17	0.01302	0.01228	0.02076	0.68499	0.10654	0.01500	0.01881	0.01745	0.01358	0.01757	0.01199	0.01777	0.00909	0.00664	0.00670	0.00221	0.00886	0.00596	0.00301	0.00774
18	0.01983	0.01598	0.01694	0.01429	0.01865	0.01816	0.01138	0.27250	0.46825	0.03314	0.02332	0.02185	0.01725	0.00873	0.00679	0.00218	0.00605	0.00704	0.00679	0.01090
19	0.01456	0.01278	0.01915	0.06119	0.34774	0.01273	0.01447	0.01861	0.07765	0.02231	0.07506	0.19295	0.07708	0.01193	0.00781	0.00246	0.00656	0.01052	0.00522	0.00921
20	0.01416	0.01215	0.01403	0.01027	0.01604	0.00964	0.00819	0.01857	0.07605	0.02242	0.01330	0.01491	0.01088	0.00534	0.00514	0.00111	0.00500	0.00430	0.00423	0.73431
21	0.01032	0.00884	0.03251	0.03190	0.03771	0.00813	0.00817	0.03357	0.07753	0.02142	0.18104	0.31526	0.16207	0.01589	0.00793	0.00240	0.00441	0.02797	0.00624	0.00670
22	0.01435	0.02476	0.40952	0.01597	0.02412	0.01303	0.05101	0.02010	0.01434	0.04743	0.01260	0.01459	0.00940	0.00590	0.00595	0.00172	0.00803	0.00481	0.00348	0.29887
23	0.05600	0.04642	0.22491	0.01424	0.02039	0.06825	0.01420	0.10070	0.09001	0.07701	0.06733	0.01837	0.01498	0.00730	0.00615	0.00186	0.00727	0.00569	0.00476	0.15416
24	0.05294	0.03538	0.15191	0.03665	0.06605	0.04213	0.03117	0.04265	0.01611	0.08036	0.11239	0.08871	0.15180	0.01089	0.00701	0.00214	0.00638	0.02898	0.00516	0.03119
25	0.01582	0.06958	0.11480	0.01385	0.04170	0.10251	0.03047	0.02073	0.07708	0.06434	0.16010	0.02398	0.04060	0.00818	0.00634	0.00178	0.00663	0.00673	0.00491	0.18987

[dist]
# distance from previous block
# <min> <max>
1	50

[block]
# block no. 7 follows, 32 sequences, length 38
# corresponding to MSA columns:
# 676-713
name=unknown_H
#
# <colnr> <probs for GDERKNQSTAVLIFYWHMCP>
#	G	D	E	R	K	N	Q	S	T	A	V	L	I	F	Y	W	H	M	C	P
0	0.08003	0.01474	0.01716	0.01399	0.04345	0.06026	0.05686	0.14036	0.04006	0.11760	0.03967	0.04085	0.01406	0.00719	0.00605	0.00170	0.00643	0.00591	0.00521	0.28844
1	0.04522	0.01072	0.01468	0.01442	0.09790	0.01031	0.03278	0.06535	0.04488	0.16702	0.34866	0.03367	0.03690	0.01031	0.00717	0.00205	0.00502	0.00900	0.00665	0.03730
2	0.01840	0.01516	0.01626	0.01248	0.01786	0.03857	0.01004	0.23909	0.11796	0.02911	0.01539	0.01613	0.01185	0.00661	0.00583	0.00153	0.00603	0.00516	0.00524	0.41131
3	0.02394	0.01482	0.01878	0.06112	0.04898	0.01544	0.03565	0.25877	0.09205	0.27504	0.01997	0.01943	0.01377	0.00801	0.00724	0.00208	0.03235	0.00642	0.00657	0.03958
4	0.02227	0.01627	0.15568	0.01391	0.01956	0.01180	0.03949	0.05293	0.07562	0.38127	0.04036	0.07566	0.01787	0.00883	0.00682	0.00212	0.00656	0.00743	0.00652	0.03902
5	0.02438	0.02496	0.02024	0.01937	0.10539	0.38874	0.01370	0.24577	0.02266	0.05263	0.01313	0.01436	0.01009	0.00723	0.00636	0.00187	0.00982	0.00517	0.00469	0.00945
6	0.00829	0.00681	0.00730	0.00718	0.00928	0.00582	0.00538	0.01033	0.01614	0.02014	0.21760	0.06125	0.56873	0.01624	0.00793	0.00223	0.00335	0.01370	0.00650	0.00582
7	0.00976	0.00651	0.00732	0.00732	0.00732	0.00651	0.00407	0.00976	0.00976	0.01301	0.02114	0.04391	0.02439	0.76419	0.03415	0.00651	0.00651	0.00976	0.00407	0.00407
8	0.81159	0.01298	0.00986	0.00882	0.01298	0.01505	0.00727	0.01972	0.01142	0.03010	0.00934	0.01090	0.00727	0.00623	0.00415	0.00208	0.00519	0.00363	0.00415	0.00727
9	0.18477	0.01507	0.01617	0.01286	0.01759	0.06361	0.03482	0.21221	0.02056	0.27724	0.01829	0.01781	0.01255	0.00759	0.00607	0.00201	0.00654	0.00577	0.05857	0.00990
10	0.03010	0.01142	0.01557	0.01194	0.01713	0.00986	0.00986	0.03270	0.01920	0.72698	0.02647	0.02284	0.01661	0.00830	0.00675	0.00208	0.00571	0.00675	0.00830	0.01142
11	0.01612	0.01545	0.02636	0.12816	0.63915	0.01582	0.02035	0.02017	0.01505	0.02133	0.01254	0.01676	0.01042	0.00607	0.00665	0.00202	0.00809	0.00598	0.00328	0.01024
12	0.01391	0.01193	0.01391	0.00994	0.01590	0.00894	0.00795	0.01690	0.01391	0.02186	0.01193	0.01391	0.00994	0.00497	0.00497	0.00099	0.00497	0.00398	0.00398	0.80521
13	0.00950	0.00686	0.00897	0.00844	0.01002	0.00633	0.00633	0.01266	0.01899	0.02691	0.71879	0.05012	0.06331	0.01372	0.00791	0.00211	0.00317	0.01213	0.00739	0.00633
14	0.01794	0.76823	0.03516	0.01148	0.01722	0.02655	0.01148	0.02009	0.01363	0.01579	0.00933	0.01076	0.00861	0.00574	0.00431	0.00144	0.00718	0.00359	0.00287	0.00861
15	0.01669	0.01441	0.01517	0.01365	0.01745	0.01669	0.01062	0.03565	0.71021	0.02807	0.02731	0.02503	0.02048	0.00910	0.00683	0.00228	0.00531	0.00759	0.00683	0.01062
16	0.02568	0.01331	0.01609	0.01281	0.01755	0.01331	0.01037	0.16555	0.16222	0.42062	0.02437	0.02275	0.01666	0.03725	0.00780	0.00227	0.00599	0.00689	0.00752	0.01097
17	0.02682	0.01237	0.01697	0.01325	0.01828	0.01153	0.05212	0.03255	0.14339	0.55798	0.02583	0.02294	0.01691	0.00829	0.00683	0.00212	0.00598	0.00697	0.00774	0.01113
18	0.01318	0.01244	0.02104	0.65680	0.13350	0.01504	0.01889	0.01759	0.01366	0.01776	0.01202	0.01772	0.00916	0.00661	0.00670	0.00220	0.00882	0.00597	0.00303	0.00786
19	0.01371	0.11089	0.62529	0.01790	0.02697	0.01631	0.02259	0.02062	0.01405	0.02050	0.01282	0.04569	0.01005	0.00693	0.00625	0.00208	0.00937	0.00542	0.00298	0.00959
20	0.01188	0.01075	0.01767	0.51378	0.08948	0.01269	0.01577	0.01551	0.01342	0.01751	0.01808	0.19834	0.01770	0.01014	0.00715	0.00234	0.00764	0.00916	0.00380	0.00721
21	0.01362	0.03357	0.68232	0.01975	0.02945	0.01568	0.07075	0.02127	0.01428	0.02127	0.01215	0.01443	0.00861	0.00633	0.00648	0.00213	0.01001	0.00516	0.00287	0.00986
22	0.00793	0.00680	0.00680	0.00680	0.00906	0.00566	0.00510	0.00963	0.01529	0.01813	0.06797	0.06457	0.71961	0.01699	0.00793	0.00227	0.00340	0.01416	0.00623	0.00566
23	0.01375	0.08285	0.68386	0.01862	0.02827	0.01630	0.02392	0.02117	0.01413	0.02089	0.01186	0.01394	0.00851	0.00633	0.00624	0.00208	0.00974	0.00487	0.00284	0.00983
24	0.01441	0.05762	0.58402	0.02085	0.07429	0.01627	0.07325	0.04412	0.01493	0.02183	0.01223	0.01456	0.00887	0.00633	0.00644	0.00210	0.00971	0.00523	0.00304	0.00990
25	0.01322	0.01249	0.02112	0.64889	0.14107	0.01505	0.01891	0.01763	0.01368	0.01781	0.01202	0.01771	0.00918	0.00661	0.00670	0.00220	0.00881	0.00597	0.00303	0.00790
26	0.00859	0.00614	0.00826	0.00982	0.01039	0.00581	0.00695	0.01006	0.01325	0.01759	0.03675	0.65241	0.04347	0.02063	0.00867	0.00278	0.00425	0.12239	0.00622	0.00556
27	0.02386	0.01628	0.12094	0.05489	0.02151	0.03230	0.04241	0.09828	0.03631	0.39887	0.02212	0.02371	0.01554	0.00847	0.00689	0.00216	0.00711	0.05142	0.00653	0.01041
28	0.01496	0.01905	0.17402	0.14432	0.39296	0.01539	0.07147	0.01984	0.01471	0.02082	0.01338	0.04437	0.01116	0.00672	0.00676	0.00211	0.00863	0.00640	0.00328	0.00967
29	0.04330	0.07496	0.18459	0.01703	0.05191	0.01556	0.10142	0.14204	0.05817	0.12272	0.02062	0.06113	0.05976	0.00844	0.00672	0.00211	0.00760	0.00721	0.00505	0.00964
30	0.01618	0.01553	0.08121	0.30163	0.07331	0.04859	0.03158	0.06701	0.03910	0.08651	0.01444	0.01836	0.01109	0.01182	0.08184	0.00309	0.08013	0.00609	0.00397	0.00851
31	0.01771	0.04541	0.29059	0.12325	0.05317	0.01482	0.04180	0.08146	0.04026	0.15162	0.01707	0.02099	0.01283	0.00775	0.00672	0.00217	0.00827	0.04983	0.00459	0.00970
32	0.01680	0.14192	0.24613	0.03868	0.04917	0.06234	0.15646	0.02196	0.03586	0.08607	0.01500	0.04845	0.01212	0.03120	0.00739	0.00218	0.00891	0.00637	0.00383	0.00914
33	0.04515	0.06584	0.14403	0.05909	0.13324	0.01498	0.04153	0.11199	0.04965	0.11274	0.06019	0.02039	0.03942	0.00757	0.00645	0.00198	0.00719	0.00634	0.00486	0.06741
34	0.01474	0.01503	0.06635	0.13638	0.19511	0.03860	0.04133	0.03957	0.06101	0.02198	0.06020	0.04710	0.01632	0.00771	0.00656	0.00192	0.00715	0.03323	0.00419	0.18552
35	0.07434	0.01417	0.06329	0.17332	0.15919	0.01343	0.01402	0.09797	0.01660	0.08851	0.04418	0.03738	0.06556	0.02717	0.00720	0.00213	0.00691	0.00682	0.00463	0.08317
36	0.01572	0.04061	0.18293	0.22450	0.12531	0.01533	0.01755	0.08222	0.01583	0.06532	0.03417	0.04697	0.01275	0.00777	0.00761	0.00214	0.05689	0.00635	0.00395	0.03606
37	0.01641	0.10914	0.17655	0.15063	0.04639	0.01624	0.03387	0.11221	0.05015	0.06387	0.01766	0.02218	0.03810	0.00824	0.00712	0.00213	0.03692	0.04999	0.03320	0.00900

[dist]
# distance from previous block
# <min> <max>
15	61

[block]
# block no. 8 follows, 32 sequences, length 8
# corresponding to MSA columns:
# 783-790
name=unknown_I
#
# <colnr> <probs for GDERKNQSTAVLIFYWHMCP>
#	G	D	E	R	K	N	Q	S	T	A	V	L	I	F	Y	W	H	M	C	P
0	0.03525	0.08224	0.05138	0.06597	0.01894	0.08884	0.01111	0.11540	0.09081	0.10060	0.14727	0.02464	0.04772	0.00873	0.00648	0.00192	0.00650	0.00700	0.00555	0.08366
1	0.01195	0.00920	0.06218	0.04612	0.01333	0.00836	0.00866	0.01299	0.07268	0.01472	0.01412	0.02120	0.01292	0.02437	0.13699	0.50767	0.00819	0.00615	0.00337	0.00483
2	0.07449	0.01261	0.01794	0.43680	0.03366	0.01463	0.01492	0.10418	0.05101	0.10605	0.05653	0.02000	0.01382	0.00756	0.00660	0.00217	0.00758	0.00634	0.00461	0.00849
3	0.01772	0.04727	0.08488	0.25244	0.13463	0.01728	0.01652	0.23587	0.05465	0.02703	0.03732	0.01793	0.01230	0.00731	0.00662	0.00208	0.00795	0.00609	0.00454	0.00958
4	0.06175	0.11946	0.09254	0.20341	0.12760	0.10626	0.01553	0.02189	0.09372	0.02030	0.01310	0.01578	0.01035	0.00658	0.00600	0.00192	0.00814	0.00525	0.00364	0.06679
5	0.05597	0.11474	0.07573	0.14980	0.08776	0.01578	0.05573	0.10205	0.01654	0.08870	0.01349	0.01569	0.01022	0.00637	0.00597	0.00181	0.00739	0.00527	0.00421	0.16679
6	0.01572	0.24083	0.07557	0.12368	0.02371	0.04260	0.08512	0.04455	0.09794	0.02059	0.05320	0.05049	0.01504	0.00749	0.00608	0.00188	0.00747	0.00628	0.00406	0.07768
7	0.02991	0.07477	0.04367	0.22233	0.05101	0.05030	0.05218	0.03784	0.04200	0.07174	0.07947	0.02319	0.03814	0.03579	0.08359	0.00315	0.04178	0.00689	0.00428	0.00796

[dist]
# distance from previous block
# <min> <max>
31	222

[block]
# block no. 9 follows, 32 sequences, length 15
# corresponding to MSA columns:
# 1022-1036
name=unknown_J
#
# <colnr> <probs for GDERKNQSTAVLIFYWHMCP>
#	G	D	E	R	K	N	Q	S	T	A	V	L	I	F	Y	W	H	M	C	P
0	0.01524	0.03481	0.12242	0.27794	0.23765	0.01567	0.04244	0.07985	0.01602	0.02202	0.04012	0.01781	0.01179	0.00673	0.00662	0.00207	0.00835	0.00603	0.00361	0.03282
1	0.01558	0.17601	0.11906	0.18003	0.11257	0.01643	0.01531	0.06579	0.01544	0.05280	0.06061	0.01872	0.01400	0.01127	0.07829	0.00280	0.00874	0.00585	0.00386	0.02684
2	0.04809	0.11429	0.14841	0.20137	0.21243	0.01638	0.01747	0.05808	0.01526	0.02139	0.04521	0.04603	0.01321	0.00727	0.00634	0.00204	0.00792	0.00619	0.00362	0.00897
3	0.04811	0.11507	0.09579	0.18218	0.12287	0.01527	0.01479	0.01917	0.04068	0.05156	0.01303	0.01662	0.01052	0.01006	0.05016	0.04559	0.04399	0.00539	0.00358	0.09558
4	0.05315	0.25062	0.14350	0.09937	0.07934	0.08015	0.03999	0.05486	0.03949	0.02018	0.01211	0.01514	0.01000	0.03483	0.00675	0.00200	0.00821	0.00501	0.00346	0.04184
5	0.03194	0.11204	0.13380	0.17898	0.09487	0.03701	0.04349	0.02087	0.10154	0.02133	0.07681	0.01988	0.01570	0.00731	0.00628	0.00199	0.00749	0.00617	0.04112	0.04139
6	0.01610	0.28788	0.15397	0.16302	0.13151	0.05799	0.01659	0.02041	0.03103	0.01852	0.01141	0.01420	0.00930	0.00620	0.00568	0.00182	0.00828	0.00481	0.00312	0.03816
7	0.01692	0.18443	0.13803	0.09094	0.02204	0.14953	0.01418	0.07435	0.03266	0.02034	0.06532	0.02022	0.06685	0.00832	0.00742	0.00198	0.06810	0.00607	0.00396	0.00834
8	0.01448	0.14576	0.22735	0.01401	0.03953	0.05162	0.01374	0.05036	0.03223	0.04095	0.03553	0.11411	0.11283	0.03370	0.00738	0.00216	0.00707	0.00812	0.00438	0.04471
9	0.05071	0.06968	0.04687	0.14542	0.16330	0.05053	0.01466	0.18802	0.01848	0.02533	0.01478	0.01737	0.03501	0.00824	0.02520	0.00216	0.02759	0.00573	0.00426	0.08667
10	0.01491	0.01660	0.12883	0.30950	0.10067	0.01503	0.01680	0.09103	0.09628	0.02254	0.01526	0.04796	0.01218	0.00744	0.00659	0.00209	0.00786	0.00637	0.00405	0.07802
11	0.01245	0.00887	0.01255	0.05477	0.01605	0.00890	0.03827	0.05394	0.01610	0.05884	0.06464	0.14378	0.06651	0.04422	0.00951	0.00289	0.00606	0.36888	0.00601	0.00677
12	0.01462	0.01210	0.01420	0.01060	0.01597	0.01010	0.00849	0.08655	0.01538	0.02326	0.01303	0.01553	0.01085	0.01035	0.08694	0.00219	0.00667	0.00455	0.00421	0.63440
13	0.01686	0.05924	0.02642	0.03643	0.60741	0.01638	0.01894	0.05930	0.01630	0.02297	0.04604	0.01783	0.01305	0.00645	0.00657	0.00197	0.00766	0.00613	0.00368	0.01035
14	0.01613	0.01172	0.01405	0.09794	0.05063	0.07897	0.01052	0.04437	0.03590	0.14415	0.07057	0.09398	0.02248	0.08165	0.14919	0.00423	0.00895	0.05165	0.00525	0.00767

[dist]
# distance from previous block
# <min> <max>
1	22

[block]
# block no. 10 follows, 32 sequences, length 21
# corresponding to MSA columns:
# 1059-1079
name=unknown_K
#
# <colnr> <probs for GDERKNQSTAVLIFYWHMCP>
#	G	D	E	R	K	N	Q	S	T	A	V	L	I	F	Y	W	H	M	C	P
0	0.01712	0.06425	0.10017	0.09630	0.10966	0.09372	0.11023	0.08214	0.06760	0.04308	0.01635	0.04979	0.03184	0.00783	0.00745	0.00208	0.04659	0.00666	0.00415	0.04300
1	0.03937	0.04207	0.12785	0.19761	0.06489	0.09615	0.11927	0.10434	0.03814	0.04341	0.03447	0.01726	0.01159	0.00689	0.00662	0.00206	0.00892	0.00601	0.00401	0.02908
2	0.13686	0.04293	0.06564	0.08922	0.04879	0.01208	0.01109	0.02039	0.04972	0.14288	0.06059	0.04197	0.04240	0.01207	0.07632	0.00278	0.00718	0.00653	0.00495	0.12560
3	0.01509	0.08481	0.01614	0.01057	0.01604	0.01162	0.00865	0.08799	0.01590	0.02344	0.04378	0.04513	0.01365	0.00638	0.00536	0.00126	0.00531	0.00511	0.00439	0.57935
4	0.01979	0.05629	0.01835	0.16206	0.02407	0.43876	0.01299	0.02273	0.03765	0.01795	0.08127	0.01949	0.04512	0.00797	0.00639	0.00189	0.00982	0.00589	0.00393	0.00760
5	0.01088	0.15896	0.01302	0.00873	0.01006	0.01019	0.00621	0.01170	0.01160	0.01492	0.02478	0.24588	0.04785	0.37392	0.01995	0.00426	0.00579	0.01136	0.00452	0.00543
6	0.17543	0.01144	0.01570	0.01396	0.06078	0.01137	0.09449	0.05899	0.01750	0.13152	0.27882	0.03052	0.05268	0.00968	0.00684	0.00211	0.00553	0.00842	0.00604	0.00817
7	0.12570	0.08636	0.01844	0.01318	0.01798	0.01556	0.04066	0.19128	0.08353	0.25044	0.03391	0.02213	0.01566	0.00839	0.00640	0.00209	0.00638	0.04553	0.00636	0.01002
8	0.02381	0.01848	0.01970	0.01658	0.06140	0.05059	0.01279	0.57182	0.05879	0.03830	0.01842	0.01848	0.04274	0.00832	0.00674	0.00202	0.00736	0.00639	0.00636	0.01092
9	0.02430	0.02906	0.01992	0.01939	0.08813	0.59322	0.01368	0.09644	0.01996	0.01965	0.01119	0.01295	0.00912	0.00694	0.00618	0.00178	0.01121	0.00466	0.00378	0.00843
10	0.01674	0.01451	0.02256	0.10015	0.43683	0.01505	0.01709	0.09133	0.05770	0.04786	0.03014	0.07382	0.01544	0.00806	0.00689	0.00212	0.00734	0.02213	0.00437	0.00987
11	0.00948	0.00689	0.00905	0.00905	0.00991	0.00739	0.00641	0.01089	0.01087	0.01487	0.02439	0.03700	0.09300	0.31741	0.39484	0.00827	0.01211	0.00889	0.00405	0.00523
12	0.02555	0.17986	0.02174	0.01328	0.01867	0.01803	0.01141	0.30562	0.02309	0.28867	0.01844	0.01742	0.01271	0.00764	0.00620	0.00191	0.00672	0.00577	0.00646	0.01080
13	0.24456	0.00990	0.01113	0.08077	0.01547	0.01089	0.00870	0.03710	0.03423	0.05305	0.03628	0.10770	0.02157	0.13543	0.06479	0.00367	0.00676	0.10635	0.00491	0.00671
14	0.01092	0.08041	0.01170	0.01018	0.01161	0.00908	0.00741	0.08244	0.01487	0.01963	0.03215	0.61027	0.03750	0.01820	0.00796	0.00253	0.00457	0.01623	0.00596	0.00638
15	0.01655	0.16319	0.12127	0.01332	0.01902	0.12249	0.03251	0.05942	0.01612	0.02120	0.05881	0.01722	0.03458	0.00674	0.00567	0.00156	0.00733	0.00517	0.00396	0.27389
16	0.01788	0.43215	0.18031	0.01357	0.01994	0.04992	0.01413	0.03759	0.06523	0.06056	0.01253	0.01355	0.01004	0.00634	0.00523	0.00169	0.00765	0.00446	0.00363	0.04360
17	0.01792	0.31931	0.29213	0.01506	0.02223	0.02051	0.01658	0.12818	0.03874	0.05263	0.01270	0.01384	0.00972	0.00656	0.00564	0.00184	0.00812	0.00475	0.00381	0.00972
18	0.06999	0.23566	0.16930	0.16004	0.02408	0.01697	0.01447	0.03782	0.01497	0.05031	0.09434	0.02066	0.05012	0.00773	0.00596	0.00194	0.00727	0.00604	0.00398	0.00835
19	0.05122	0.20967	0.09317	0.16034	0.02382	0.06377	0.01360	0.14524	0.01793	0.02364	0.10161	0.01989	0.03385	0.00780	0.00609	0.00192	0.00748	0.00604	0.00434	0.00856
20	0.03725	0.20407	0.18258	0.01509	0.02148	0.01646	0.09871	0.05824	0.01571	0.09968	0.03116	0.04779	0.01283	0.00703	0.00598	0.00182	0.00754	0.00585	0.00419	0.12655

[dist]
# distance from previous block
# <min> <max>
0	134

# created by:
# /home/cegg/simao/soft/augustus-3.2.1/scripts/msa2prfl.pl ./align_prep/EOG090W07WV.fa
