[name]
unknown

[dist]
# distance from previous block
# <min> <max>
0	82

[block]
# block no. 0 follows, 26 sequences, length 49
# corresponding to MSA columns:
# 82-110,124-143
name=unknown_A
#
# <colnr> <probs for GDERKNQSTAVLIFYWHMCP>
#	G	D	E	R	K	N	Q	S	T	A	V	L	I	F	Y	W	H	M	C	P
0	0.05865	0.01242	0.01666	0.01343	0.01871	0.01104	0.01118	0.03364	0.02083	0.57954	0.03056	0.03317	0.02166	0.01082	0.00789	0.00250	0.00650	0.08992	0.00890	0.01196
1	0.01745	0.01450	0.01665	0.01205	0.01870	0.01187	0.00970	0.10340	0.01835	0.02775	0.01410	0.01605	0.01145	0.00608	0.00588	0.00127	0.00598	0.00480	0.00490	0.67906
2	0.00920	0.00675	0.00865	0.01017	0.01090	0.00619	0.00687	0.01061	0.01490	0.01952	0.04655	0.63972	0.13586	0.02315	0.00958	0.00301	0.00432	0.02081	0.00704	0.00619
3	0.02883	0.02125	0.02276	0.01745	0.02352	0.02352	0.01442	0.66082	0.03566	0.04780	0.01821	0.01821	0.01290	0.00911	0.00759	0.00228	0.00835	0.00683	0.00759	0.01290
4	0.02144	0.02407	0.31240	0.01673	0.02428	0.01398	0.01806	0.06221	0.01909	0.24553	0.05135	0.08954	0.01950	0.00993	0.00762	0.00239	0.00829	0.00819	0.00613	0.03925
5	0.03246	0.01542	0.01916	0.01469	0.02062	0.01488	0.01213	0.22521	0.02592	0.49717	0.02639	0.02352	0.01700	0.00930	0.00762	0.00233	0.00703	0.00739	0.00884	0.01291
6	0.01414	0.00707	0.00707	0.00707	0.00884	0.00707	0.00530	0.01767	0.01591	0.02828	0.02474	0.02828	0.01944	0.00884	0.00530	0.00177	0.00353	0.00707	0.77554	0.00707
7	0.05219	0.00961	0.01231	0.01066	0.01385	0.00876	0.00834	0.02133	0.02095	0.22951	0.42472	0.04621	0.08388	0.01347	0.00836	0.00238	0.00456	0.01157	0.00843	0.00890
8	0.01674	0.01595	0.02711	0.35238	0.39619	0.01749	0.02227	0.02150	0.01631	0.02231	0.01391	0.01944	0.01114	0.00714	0.00754	0.00238	0.00951	0.00675	0.00358	0.01037
9	0.07483	0.01549	0.01878	0.01448	0.02034	0.01516	0.01196	0.22197	0.02537	0.46269	0.02535	0.02279	0.01643	0.00917	0.00745	0.00233	0.00698	0.00719	0.00859	0.01264
10	0.00924	0.00660	0.00880	0.01056	0.01100	0.00616	0.00704	0.01056	0.01452	0.01936	0.04181	0.72848	0.05017	0.02376	0.00968	0.00308	0.00440	0.02156	0.00704	0.00616
11	0.18286	0.02357	0.01817	0.01574	0.01982	0.28207	0.01238	0.14789	0.02120	0.05347	0.01688	0.01838	0.04056	0.00894	0.00797	0.00223	0.06406	0.00595	0.04848	0.00938
12	0.02002	0.70214	0.07333	0.01342	0.02015	0.02938	0.01375	0.02278	0.01544	0.01816	0.01070	0.01236	0.00973	0.00653	0.00499	0.00166	0.00827	0.00414	0.00324	0.00981
13	0.01877	0.01802	0.03079	0.04656	0.68612	0.01802	0.02328	0.02328	0.01727	0.02478	0.01427	0.01877	0.01201	0.00676	0.00751	0.00225	0.00901	0.00676	0.00375	0.01201
14	0.01379	0.01055	0.01365	0.01334	0.01575	0.01087	0.03806	0.02138	0.19172	0.05001	0.10053	0.28681	0.05858	0.01743	0.00910	0.00288	0.00563	0.12422	0.00729	0.00840
15	0.01084	0.00813	0.01219	0.01219	0.01354	0.00948	0.00948	0.01354	0.01219	0.01761	0.02032	0.02980	0.01896	0.05689	0.70337	0.01219	0.02032	0.00813	0.00406	0.00677
16	0.01745	0.34825	0.40474	0.01780	0.02692	0.02310	0.02137	0.02344	0.01575	0.02129	0.01226	0.01431	0.00966	0.00689	0.00617	0.00206	0.00984	0.00492	0.00322	0.01056
17	0.01877	0.01802	0.03079	0.04656	0.68612	0.01802	0.02328	0.02328	0.01727	0.02478	0.01427	0.01877	0.01201	0.00676	0.00751	0.00225	0.00901	0.00676	0.00375	0.01201
18	0.01432	0.01348	0.02275	0.71520	0.05224	0.01685	0.02107	0.01938	0.01517	0.01938	0.01348	0.02022	0.01011	0.00758	0.00758	0.00253	0.01011	0.00674	0.00337	0.00843
19	0.01877	0.01802	0.03079	0.04656	0.68612	0.01802	0.02328	0.02328	0.01727	0.02478	0.01427	0.01877	0.01201	0.00676	0.00751	0.00225	0.00901	0.00676	0.00375	0.01201
20	0.01913	0.01007	0.01294	0.01142	0.01470	0.00902	0.00872	0.02217	0.03927	0.25168	0.13184	0.17428	0.06454	0.08686	0.01137	0.00296	0.00552	0.03965	0.00759	0.07627
21	0.03403	0.01291	0.01760	0.01350	0.01936	0.01115	0.01115	0.03697	0.02171	0.69137	0.02992	0.02582	0.01878	0.00939	0.00763	0.00235	0.00645	0.00763	0.00939	0.01291
22	0.07550	0.01443	0.01812	0.01397	0.01981	0.01359	0.01154	0.14244	0.02359	0.54474	0.02684	0.02376	0.01718	0.00921	0.00746	0.00233	0.00674	0.00729	0.00882	0.01264
23	0.01589	0.01508	0.01887	0.01628	0.01933	0.10270	0.12022	0.07529	0.04899	0.02529	0.15433	0.26883	0.03678	0.01490	0.00919	0.00262	0.02737	0.01339	0.00631	0.00831
24	0.01521	0.03923	0.69413	0.02162	0.03283	0.01762	0.02802	0.02402	0.01601	0.02402	0.01361	0.01601	0.00961	0.00721	0.00721	0.00240	0.01121	0.00560	0.00320	0.01121
25	0.00915	0.00769	0.00793	0.00787	0.01036	0.00648	0.00591	0.01124	0.01772	0.02150	0.13854	0.07133	0.62070	0.01883	0.00896	0.00254	0.00382	0.01577	0.00718	0.00648
26	0.01521	0.03923	0.69413	0.02162	0.03283	0.01762	0.02802	0.02402	0.01601	0.02402	0.01361	0.01601	0.00961	0.00721	0.00721	0.00240	0.01121	0.00560	0.00320	0.01121
27	0.01877	0.01802	0.03079	0.04656	0.68612	0.01802	0.02328	0.02328	0.01727	0.02478	0.01427	0.01877	0.01201	0.00676	0.00751	0.00225	0.00901	0.00676	0.00375	0.01201
28	0.01198	0.00865	0.01189	0.01350	0.01531	0.00856	0.01174	0.01536	0.01745	0.02254	0.04288	0.08463	0.09103	0.02082	0.01036	0.00342	0.00675	0.58919	0.00699	0.00694
29	0.01074	0.00775	0.01014	0.00954	0.01133	0.00716	0.00716	0.01431	0.02147	0.03042	0.68211	0.05666	0.07157	0.01551	0.00895	0.00239	0.00358	0.01372	0.00835	0.00716
30	0.01711	0.01455	0.02193	0.02968	0.35851	0.01472	0.01644	0.02337	0.11397	0.05510	0.06353	0.03489	0.07439	0.06393	0.01030	0.00282	0.00744	0.06151	0.00545	0.01036
31	0.01622	0.17795	0.56423	0.01990	0.03018	0.02008	0.02504	0.02376	0.01589	0.02280	0.01300	0.01525	0.00963	0.00706	0.00674	0.00225	0.01059	0.00530	0.00321	0.01092
32	0.01102	0.00741	0.00856	0.00856	0.00866	0.00751	0.00496	0.01122	0.01112	0.01492	0.02363	0.04817	0.02694	0.68330	0.08786	0.00771	0.00831	0.01082	0.00456	0.00476
33	0.02846	0.02338	0.01936	0.01742	0.05098	0.32132	0.01297	0.05321	0.02170	0.27794	0.05142	0.02326	0.04623	0.00926	0.00739	0.00218	0.00963	0.00697	0.00646	0.01048
34	0.02429	0.08306	0.05526	0.08279	0.07239	0.08283	0.01432	0.07965	0.03825	0.25658	0.05249	0.05680	0.01986	0.00994	0.00755	0.00234	0.00803	0.03625	0.00654	0.01079
35	0.01886	0.01630	0.02494	0.08721	0.22727	0.01810	0.06478	0.09124	0.04769	0.06346	0.07005	0.04526	0.01837	0.00999	0.01151	0.00258	0.15894	0.00807	0.00502	0.01035
36	0.02536	0.03050	0.02439	0.02795	0.22984	0.48965	0.01734	0.02811	0.02018	0.02050	0.01252	0.01527	0.01047	0.00749	0.00705	0.00205	0.01222	0.00547	0.00386	0.00980
37	0.02792	0.07217	0.02243	0.01920	0.02324	0.66845	0.01457	0.02990	0.02118	0.01853	0.01166	0.01360	0.00977	0.00775	0.00674	0.00194	0.01339	0.00484	0.00387	0.00884
38	0.01834	0.01410	0.01598	0.01434	0.01809	0.01577	0.01132	0.09269	0.37176	0.07032	0.05871	0.03288	0.04752	0.01939	0.13086	0.00426	0.00865	0.03732	0.00713	0.01058
39	0.15534	0.01214	0.01367	0.01168	0.01562	0.01220	0.00925	0.07987	0.07292	0.17714	0.22987	0.06518	0.06391	0.01186	0.00760	0.00237	0.00535	0.00978	0.00756	0.03670
40	0.01746	0.01976	0.04293	0.03088	0.03819	0.01852	0.62548	0.02360	0.01773	0.02405	0.01669	0.05642	0.01347	0.00728	0.00899	0.00258	0.01236	0.00959	0.00400	0.01002
41	0.00896	0.00768	0.00768	0.00768	0.01025	0.00640	0.00576	0.01089	0.01729	0.02049	0.07684	0.07300	0.68304	0.01921	0.00896	0.00256	0.00384	0.01601	0.00704	0.00640
42	0.01705	0.01626	0.02767	0.30582	0.44033	0.01757	0.02242	0.02177	0.01646	0.02269	0.01396	0.01934	0.01128	0.00708	0.00754	0.00236	0.00944	0.00675	0.00361	0.01062
43	0.01625	0.01545	0.02623	0.42532	0.32705	0.01736	0.02202	0.02107	0.01608	0.02172	0.01382	0.01959	0.01094	0.00723	0.00755	0.00241	0.00963	0.00675	0.00354	0.00998
44	0.00917	0.00690	0.00849	0.00977	0.01079	0.00623	0.00669	0.01065	0.01528	0.01967	0.05145	0.54798	0.22444	0.02251	0.00948	0.00294	0.00425	0.02003	0.00704	0.00623
45	0.00910	0.00714	0.00825	0.00914	0.01063	0.00628	0.00641	0.01072	0.01589	0.01992	0.05909	0.40506	0.36243	0.02152	0.00933	0.00282	0.00412	0.01882	0.00704	0.00628
46	0.01739	0.08535	0.26572	0.07254	0.36376	0.01881	0.02397	0.02327	0.01655	0.02363	0.01368	0.01733	0.01087	0.00694	0.00719	0.00227	0.00978	0.00612	0.00350	0.01134
47	0.01171	0.00887	0.01094	0.01022	0.01238	0.00866	0.00772	0.01755	0.10677	0.03009	0.56582	0.05376	0.09627	0.01501	0.00879	0.00242	0.00391	0.01316	0.00820	0.00776
48	0.00948	0.00670	0.00873	0.01026	0.01064	0.00632	0.00672	0.01062	0.01406	0.01875	0.03945	0.63931	0.04720	0.11699	0.01348	0.00364	0.00479	0.02018	0.00672	0.00596

[dist]
# distance from previous block
# <min> <max>
1	2

[block]
# block no. 1 follows, 26 sequences, length 27
# corresponding to MSA columns:
# 146-152,154-173
name=unknown_B
#
# <colnr> <probs for GDERKNQSTAVLIFYWHMCP>
#	G	D	E	R	K	N	Q	S	T	A	V	L	I	F	Y	W	H	M	C	P
0	0.02022	0.58783	0.07989	0.01553	0.02240	0.02787	0.07405	0.05858	0.01681	0.02050	0.01161	0.01352	0.01007	0.00667	0.00554	0.00179	0.00875	0.00476	0.00354	0.01005
1	0.01072	0.00742	0.00925	0.00952	0.00989	0.00766	0.00609	0.01154	0.01182	0.01607	0.02577	0.14727	0.02900	0.47126	0.18689	0.00782	0.00989	0.01195	0.00484	0.00533
2	0.02469	0.01116	0.01457	0.01226	0.01646	0.01024	0.00996	0.02901	0.06098	0.39594	0.14156	0.03744	0.03059	0.01157	0.00788	0.00242	0.00566	0.07099	0.09600	0.01062
3	0.01878	0.01582	0.01688	0.04111	0.02014	0.04149	0.01213	0.12792	0.38422	0.03151	0.06815	0.06146	0.04946	0.01199	0.00809	0.00259	0.00659	0.06357	0.00732	0.01075
4	0.02832	0.02027	0.02191	0.01688	0.02268	0.02227	0.01385	0.60457	0.03398	0.07600	0.01899	0.01989	0.01379	0.03984	0.00891	0.00249	0.00822	0.00704	0.00754	0.01255
5	0.01925	0.02050	0.03185	0.15200	0.11005	0.10873	0.27679	0.05249	0.08340	0.02427	0.01592	0.01990	0.01226	0.00754	0.00856	0.00245	0.03202	0.00758	0.00428	0.01015
6	0.02491	0.33413	0.02924	0.01675	0.02176	0.41726	0.01394	0.02707	0.01891	0.01826	0.01122	0.01304	0.00975	0.00725	0.00600	0.00181	0.01131	0.00453	0.00363	0.00919
7	0.02156	0.01441	0.01707	0.01265	0.01903	0.01230	0.01025	0.10312	0.04212	0.17721	0.01835	0.01873	0.01354	0.00705	0.00638	0.00159	0.00616	0.00563	0.00608	0.48678
8	0.02397	0.02888	0.02214	0.01968	0.02214	0.45039	0.01538	0.02582	0.01782	0.01845	0.01107	0.01476	0.00984	0.00985	0.01355	0.00246	0.27598	0.00554	0.00369	0.00861
9	0.04843	0.01468	0.02077	0.12847	0.20561	0.01569	0.01566	0.05136	0.15340	0.11378	0.08635	0.02606	0.02115	0.01204	0.05082	0.00301	0.00824	0.00792	0.00591	0.01067
10	0.01590	0.01509	0.02560	0.47792	0.27718	0.01727	0.02185	0.02076	0.01591	0.02130	0.01376	0.01971	0.01079	0.00729	0.00756	0.00243	0.00972	0.00675	0.00351	0.00970
11	0.01972	0.01982	0.02986	0.04387	0.62028	0.08607	0.02242	0.02397	0.01769	0.02416	0.01401	0.01827	0.01179	0.00686	0.00744	0.00222	0.00947	0.00657	0.00377	0.01169
12	0.78701	0.01467	0.01115	0.00997	0.01467	0.01702	0.00821	0.02230	0.01291	0.03403	0.01056	0.01232	0.00821	0.00704	0.00469	0.00235	0.00587	0.00411	0.00469	0.00821
13	0.62495	0.01429	0.01254	0.01073	0.01568	0.01575	0.00885	0.02545	0.01480	0.17551	0.01473	0.01523	0.01049	0.00755	0.00533	0.00235	0.00599	0.00486	0.00570	0.00922
14	0.00924	0.00660	0.00880	0.01056	0.01100	0.00616	0.00704	0.01056	0.01452	0.01936	0.04181	0.72848	0.05017	0.02376	0.00968	0.00308	0.00440	0.02156	0.00704	0.00616
15	0.00950	0.00781	0.00846	0.00881	0.01116	0.00677	0.00685	0.01165	0.01721	0.02080	0.06959	0.09995	0.55576	0.01966	0.00924	0.00273	0.00437	0.11615	0.00703	0.00649
16	0.60246	0.01424	0.01273	0.01084	0.01582	0.01558	0.00893	0.02589	0.01507	0.19514	0.01531	0.01563	0.01080	0.00762	0.00541	0.00235	0.00601	0.00497	0.00584	0.00937
17	0.00921	0.00672	0.00867	0.01023	0.01092	0.00619	0.00690	0.01060	0.01484	0.01949	0.04579	0.65393	0.12214	0.02325	0.00960	0.00302	0.00434	0.02093	0.00704	0.00619
18	0.03352	0.01374	0.01812	0.01389	0.01978	0.01238	0.01147	0.09894	0.02310	0.62744	0.02876	0.02506	0.01819	0.00936	0.00762	0.00234	0.00664	0.00755	0.00921	0.01291
19	0.03319	0.01425	0.01844	0.01413	0.02003	0.01315	0.01168	0.13767	0.02396	0.58748	0.02803	0.02459	0.01783	0.00934	0.00762	0.00234	0.00676	0.00750	0.00910	0.01291
20	0.01337	0.01030	0.01142	0.01097	0.01369	0.01063	0.00854	0.02188	0.21436	0.02722	0.17518	0.05127	0.19903	0.01450	0.00823	0.00252	0.00473	0.07760	0.11618	0.00839
21	0.16371	0.01507	0.01763	0.01376	0.01947	0.01492	0.01137	0.17332	0.02329	0.43386	0.02395	0.02178	0.01563	0.00892	0.00711	0.00233	0.00677	0.00684	0.00817	0.01209
22	0.00971	0.00752	0.00885	0.00893	0.01081	0.00666	0.00654	0.01218	0.01844	0.02420	0.30893	0.18420	0.32863	0.01857	0.00909	0.00259	0.00384	0.01610	0.00756	0.00666
23	0.43983	0.01386	0.01412	0.01160	0.01683	0.01431	0.00957	0.02906	0.01697	0.33712	0.01949	0.01854	0.01308	0.00812	0.00605	0.00235	0.00614	0.00573	0.00686	0.01038
24	0.00924	0.00660	0.00880	0.01056	0.01100	0.00616	0.00704	0.01056	0.01452	0.01936	0.04181	0.72848	0.05017	0.02376	0.00968	0.00308	0.00440	0.02156	0.00704	0.00616
25	0.74674	0.01497	0.01291	0.01113	0.01598	0.01713	0.04227	0.02240	0.01317	0.03352	0.01081	0.01275	0.00839	0.00701	0.00492	0.00236	0.00623	0.00436	0.00465	0.00832
26	0.01874	0.01773	0.02879	0.06912	0.53424	0.01881	0.02168	0.04805	0.04070	0.02496	0.01449	0.01890	0.01213	0.00775	0.00950	0.00240	0.08973	0.00681	0.00398	0.01148

[dist]
# distance from previous block
# <min> <max>
0	24

[block]
# block no. 2 follows, 26 sequences, length 84
# corresponding to MSA columns:
# 198-243,245-282
name=unknown_C
#
# <colnr> <probs for GDERKNQSTAVLIFYWHMCP>
#	G	D	E	R	K	N	Q	S	T	A	V	L	I	F	Y	W	H	M	C	P
0	0.09657	0.58635	0.03442	0.01296	0.01877	0.05005	0.01241	0.02240	0.01552	0.02007	0.04082	0.01438	0.01238	0.00721	0.00574	0.00179	0.03053	0.00461	0.00364	0.00939
1	0.02365	0.01867	0.01985	0.01640	0.02155	0.02110	0.01316	0.33834	0.36658	0.03945	0.02479	0.02345	0.01823	0.00972	0.00766	0.00243	0.00713	0.00774	0.00766	0.01243
2	0.23300	0.06886	0.12791	0.01415	0.02024	0.01699	0.01343	0.14209	0.02047	0.17173	0.08359	0.02126	0.01796	0.00875	0.00669	0.00230	0.00724	0.00655	0.00623	0.01055
3	0.01826	0.16619	0.03413	0.07785	0.19196	0.04417	0.21462	0.02258	0.01665	0.02213	0.01431	0.03974	0.01223	0.00745	0.00814	0.00224	0.04205	0.00714	0.00378	0.05438
4	0.01088	0.00794	0.01122	0.01122	0.01224	0.00896	0.00827	0.01292	0.01190	0.01689	0.02120	0.03470	0.02109	0.22419	0.53898	0.01099	0.01711	0.00884	0.00420	0.00623
5	0.01308	0.01064	0.01204	0.01177	0.01458	0.01096	0.00934	0.02178	0.22539	0.02613	0.15303	0.05885	0.23900	0.01615	0.00889	0.00273	0.00515	0.14459	0.00746	0.00842
6	0.11749	0.11020	0.33733	0.02038	0.06489	0.10443	0.04280	0.07417	0.01790	0.02585	0.01310	0.01531	0.00993	0.00728	0.00669	0.00224	0.01019	0.00543	0.00388	0.01051
7	0.04506	0.19676	0.44700	0.01854	0.02787	0.02034	0.02221	0.05467	0.01704	0.06437	0.01400	0.01570	0.01030	0.00726	0.00662	0.00221	0.00989	0.00538	0.00385	0.01095
8	0.00949	0.00689	0.00902	0.01062	0.01137	0.00642	0.00740	0.01107	0.01504	0.01977	0.04480	0.61029	0.10639	0.02310	0.00969	0.00307	0.00459	0.07769	0.00704	0.00626
9	0.00952	0.00758	0.00854	0.00856	0.01065	0.00660	0.00632	0.01187	0.01822	0.02332	0.25317	0.14171	0.42989	0.01862	0.00904	0.00257	0.00383	0.01595	0.00743	0.00660
10	0.01758	0.01772	0.02088	0.06188	0.07493	0.11059	0.03489	0.02353	0.13006	0.02239	0.05821	0.02699	0.05434	0.01287	0.03294	0.00300	0.25280	0.03041	0.00486	0.00912
11	0.01573	0.01348	0.01573	0.01123	0.01798	0.01011	0.00899	0.01910	0.01573	0.02472	0.01348	0.01573	0.01123	0.00562	0.00562	0.00112	0.00562	0.00449	0.00449	0.77980
12	0.00924	0.00769	0.00807	0.00798	0.01042	0.00652	0.00598	0.01143	0.01795	0.02205	0.17217	0.07042	0.58673	0.01863	0.00896	0.00253	0.00380	0.01565	0.00725	0.00652
13	0.00954	0.00702	0.00901	0.01049	0.01142	0.00649	0.00743	0.01120	0.01530	0.01993	0.04727	0.54942	0.15147	0.02271	0.00966	0.00304	0.00461	0.09068	0.00703	0.00629
14	0.05646	0.02161	0.01882	0.01581	0.02078	0.24933	0.01246	0.05527	0.10063	0.33694	0.02275	0.02124	0.01566	0.00887	0.00726	0.00224	0.00891	0.00665	0.00709	0.01123
15	0.01577	0.01042	0.00873	0.00851	0.01052	0.08722	0.00638	0.01913	0.01655	0.02716	0.02324	0.02660	0.01833	0.00872	0.00548	0.00179	0.00470	0.00682	0.68666	0.00727
16	0.01006	0.00694	0.00856	0.00952	0.00976	0.00670	0.00593	0.01077	0.01293	0.01724	0.03366	0.41958	0.03989	0.34669	0.02284	0.00502	0.00574	0.01677	0.00593	0.00545
17	0.09824	0.01611	0.01652	0.01396	0.01830	0.03971	0.01145	0.33539	0.02592	0.03657	0.02727	0.03408	0.08694	0.01157	0.00755	0.00241	0.00701	0.09779	0.10314	0.01004
18	0.01977	0.66822	0.10509	0.01384	0.02080	0.02877	0.01448	0.02284	0.01547	0.01846	0.01085	0.01255	0.00972	0.00656	0.00510	0.00170	0.00842	0.00421	0.00324	0.00988
19	0.02497	0.01941	0.02270	0.01747	0.02345	0.08661	0.09203	0.24266	0.08272	0.14142	0.01937	0.01971	0.01398	0.00815	0.00733	0.00210	0.00841	0.00675	0.00649	0.15428
20	0.01977	0.66822	0.10509	0.01384	0.02080	0.02877	0.01448	0.02284	0.01547	0.01846	0.01085	0.01255	0.00972	0.00656	0.00510	0.00170	0.00842	0.00421	0.00324	0.00988
21	0.01655	0.01243	0.01439	0.01420	0.04582	0.04324	0.01014	0.06297	0.12047	0.09193	0.09928	0.28294	0.05759	0.01537	0.00888	0.00258	0.02545	0.01330	0.00700	0.05545
22	0.04948	0.01370	0.02235	0.61431	0.07874	0.01690	0.02017	0.01952	0.01499	0.02022	0.01347	0.01994	0.01034	0.00895	0.02591	0.00278	0.02957	0.00666	0.00347	0.00854
23	0.01123	0.00827	0.01056	0.00990	0.01184	0.00786	0.00745	0.01588	0.06077	0.03050	0.64280	0.05495	0.06865	0.01519	0.00887	0.00240	0.00372	0.01341	0.00831	0.00745
24	0.01432	0.01348	0.02275	0.71520	0.05224	0.01685	0.02107	0.01938	0.01517	0.01938	0.01348	0.02022	0.01011	0.00758	0.00758	0.00253	0.01011	0.00674	0.00337	0.00843
25	0.01084	0.00809	0.01201	0.01201	0.01330	0.00938	0.00926	0.01343	0.01214	0.01747	0.02048	0.03071	0.01936	0.08806	0.67274	0.01197	0.01972	0.00826	0.00409	0.00667
26	0.01382	0.00971	0.01171	0.01090	0.01236	0.01050	0.00773	0.11090	0.01539	0.02134	0.02189	0.03730	0.02212	0.36562	0.25179	0.00791	0.01160	0.00925	0.04147	0.00669
27	0.03403	0.01291	0.01760	0.01350	0.01936	0.01115	0.01115	0.03697	0.02171	0.69137	0.02992	0.02582	0.01878	0.00939	0.00763	0.00235	0.00645	0.00763	0.00939	0.01291
28	0.01883	0.01056	0.01138	0.01003	0.01309	0.01093	0.00786	0.10895	0.08478	0.10569	0.02505	0.02664	0.01885	0.00908	0.00611	0.00198	0.00476	0.00725	0.50916	0.00901
29	0.01521	0.03923	0.69413	0.02162	0.03283	0.01762	0.02802	0.02402	0.01601	0.02402	0.01361	0.01601	0.00961	0.00721	0.00721	0.00240	0.01121	0.00560	0.00320	0.01121
30	0.02967	0.01991	0.02194	0.01682	0.02286	0.02154	0.01389	0.56086	0.03343	0.15092	0.02009	0.01943	0.01384	0.00915	0.00759	0.00229	0.00804	0.00696	0.00788	0.01290
31	0.00924	0.00660	0.00880	0.01056	0.01100	0.00616	0.00704	0.01056	0.01452	0.01936	0.04181	0.72848	0.05017	0.02376	0.00968	0.00308	0.00440	0.02156	0.00704	0.00616
32	0.01086	0.00802	0.01163	0.01163	0.01279	0.00918	0.00878	0.01318	0.01202	0.01719	0.02083	0.03265	0.02020	0.15402	0.60794	0.01150	0.01846	0.00854	0.00414	0.00646
33	0.02833	0.03615	0.02149	0.01954	0.02345	0.70298	0.01466	0.03029	0.02149	0.01856	0.01172	0.01368	0.00977	0.00782	0.00684	0.00195	0.01368	0.00489	0.00391	0.00879
34	0.01054	0.00775	0.00986	0.00933	0.01121	0.00707	0.00700	0.01393	0.02100	0.02930	0.61417	0.05849	0.14020	0.01592	0.00895	0.00241	0.00361	0.01397	0.00820	0.00707
35	0.01312	0.00821	0.01073	0.01000	0.01215	0.00747	0.00753	0.01633	0.02061	0.10305	0.51757	0.12102	0.09118	0.01581	0.00887	0.00246	0.00400	0.01392	0.00828	0.00767
36	0.01877	0.01802	0.03079	0.04656	0.68612	0.01802	0.02328	0.02328	0.01727	0.02478	0.01427	0.01877	0.01201	0.00676	0.00751	0.00225	0.00901	0.00676	0.00375	0.01201
37	0.01031	0.00774	0.00955	0.00910	0.01107	0.00698	0.00682	0.01349	0.02047	0.02804	0.53714	0.06057	0.21802	0.01639	0.00895	0.00243	0.00364	0.01427	0.00804	0.00698
38	0.11563	0.01355	0.01672	0.01316	0.01851	0.01283	0.01080	0.10464	0.02230	0.47774	0.09153	0.02651	0.02219	0.00970	0.00743	0.00234	0.00632	0.00775	0.00855	0.01181
39	0.01432	0.01348	0.02275	0.71520	0.05224	0.01685	0.02107	0.01938	0.01517	0.01938	0.01348	0.02022	0.01011	0.00758	0.00758	0.00253	0.01011	0.00674	0.00337	0.00843
40	0.48089	0.01549	0.01575	0.01289	0.01797	0.01694	0.04691	0.12942	0.01853	0.11761	0.05132	0.01788	0.01397	0.00810	0.00602	0.00235	0.00662	0.00580	0.00591	0.00963
41	0.03276	0.01495	0.01887	0.01447	0.02038	0.01419	0.01195	0.19009	0.02513	0.53341	0.02705	0.02395	0.01733	0.00932	0.00762	0.00233	0.00692	0.00743	0.00895	0.01291
42	0.01184	0.00907	0.01043	0.00960	0.01212	0.00849	0.00733	0.07752	0.02123	0.02822	0.37623	0.05929	0.30775	0.01633	0.00882	0.00244	0.00416	0.01394	0.00776	0.00743
43	0.00914	0.00700	0.00839	0.00951	0.01073	0.00625	0.00658	0.01068	0.01553	0.01977	0.05456	0.48989	0.28053	0.02211	0.00942	0.00289	0.00420	0.01954	0.00704	0.00625
44	0.01661	0.04847	0.01717	0.01221	0.01842	0.01291	0.00982	0.02377	0.15500	0.02588	0.01703	0.01823	0.01369	0.00665	0.00603	0.00145	0.00582	0.00534	0.00512	0.58039
45	0.01369	0.01247	0.01997	0.01719	0.01893	0.01422	0.12620	0.01613	0.01375	0.01928	0.02252	0.14493	0.02404	0.14510	0.08403	0.00470	0.21590	0.07488	0.00468	0.00737
46	0.01103	0.00735	0.00827	0.00827	0.00827	0.00735	0.00460	0.01103	0.01103	0.01471	0.02390	0.04964	0.02758	0.73343	0.03861	0.00735	0.00735	0.01103	0.00460	0.00460
47	0.01920	0.01581	0.01712	0.01353	0.01930	0.03628	0.01074	0.08823	0.22676	0.05898	0.02014	0.02035	0.01547	0.00768	0.00660	0.00178	0.00629	0.00617	0.00602	0.40355
48	0.02010	0.32580	0.20518	0.01566	0.02269	0.02197	0.01640	0.10916	0.01872	0.07761	0.01706	0.08662	0.01489	0.00899	0.00655	0.00212	0.00846	0.00687	0.00469	0.01045
49	0.00929	0.00742	0.00832	0.00868	0.01059	0.00645	0.00629	0.01130	0.01720	0.02166	0.15635	0.23563	0.43448	0.01982	0.00914	0.00267	0.00394	0.01707	0.00723	0.00645
50	0.01103	0.00735	0.00827	0.00827	0.00827	0.00735	0.00460	0.01103	0.01103	0.01471	0.02390	0.04964	0.02758	0.73343	0.03861	0.00735	0.00735	0.01103	0.00460	0.00460
51	0.11616	0.09135	0.02055	0.01498	0.02016	0.12627	0.01225	0.18560	0.09116	0.18421	0.04959	0.02074	0.01662	0.00888	0.00694	0.00222	0.00798	0.00660	0.00670	0.01104
52	0.11325	0.01350	0.01688	0.01321	0.01870	0.01262	0.01086	0.08940	0.02199	0.52000	0.06944	0.02570	0.02057	0.00951	0.00739	0.00234	0.00637	0.00758	0.00865	0.01203
53	0.00924	0.00660	0.00880	0.01056	0.01100	0.00616	0.00704	0.01056	0.01452	0.01936	0.04181	0.72848	0.05017	0.02376	0.00968	0.00308	0.00440	0.02156	0.00704	0.00616
54	0.02869	0.01977	0.02154	0.01659	0.02245	0.02155	0.01368	0.56955	0.03338	0.11119	0.01967	0.01942	0.01378	0.00912	0.00749	0.00226	0.00794	0.00692	0.04236	0.01264
55	0.01696	0.01657	0.02625	0.38623	0.33143	0.04994	0.02174	0.02162	0.01640	0.02173	0.01375	0.01927	0.01094	0.00723	0.00752	0.00238	0.00979	0.00666	0.00357	0.01003
56	0.00922	0.00669	0.00871	0.01033	0.01094	0.00618	0.00694	0.01059	0.01474	0.01945	0.04461	0.67598	0.10085	0.02340	0.00962	0.00304	0.00436	0.02112	0.00704	0.00618
57	0.02424	0.01117	0.01477	0.01205	0.01626	0.01007	0.00966	0.05578	0.02224	0.39134	0.29684	0.03812	0.04016	0.01188	0.00817	0.00236	0.00536	0.01009	0.00888	0.01055
58	0.02207	0.01360	0.01515	0.01296	0.01712	0.01448	0.01027	0.10308	0.27853	0.17913	0.02758	0.02661	0.02002	0.00956	0.00703	0.00227	0.00570	0.00776	0.21610	0.01097
59	0.01997	0.69581	0.07925	0.01350	0.02027	0.02926	0.01389	0.02279	0.01545	0.01822	0.01073	0.01240	0.00973	0.00653	0.00501	0.00167	0.00830	0.00415	0.00324	0.00982
60	0.02151	0.01789	0.01876	0.01430	0.02046	0.05745	0.01152	0.25709	0.06635	0.03329	0.01625	0.01734	0.01254	0.00734	0.00655	0.00169	0.00713	0.00564	0.00581	0.40109
61	0.01817	0.44743	0.31186	0.01657	0.02502	0.02486	0.01924	0.02326	0.01566	0.02041	0.01182	0.01377	0.00968	0.00679	0.00584	0.00195	0.00940	0.00470	0.00323	0.01035
62	0.01615	0.01708	0.03374	0.02538	0.03067	0.01701	0.42292	0.02202	0.05454	0.02370	0.05612	0.12680	0.02100	0.01039	0.01065	0.00271	0.08422	0.01081	0.00472	0.00936
63	0.06018	0.05290	0.02248	0.01777	0.02256	0.15134	0.07763	0.18088	0.09284	0.09793	0.02101	0.02735	0.01729	0.01017	0.00831	0.00245	0.03400	0.08632	0.00614	0.01046
64	0.01056	0.00775	0.00990	0.00936	0.01123	0.00708	0.00702	0.01398	0.02106	0.02945	0.62316	0.05825	0.13112	0.01587	0.00895	0.00240	0.00360	0.01394	0.00822	0.00708
65	0.01833	0.01757	0.02999	0.11333	0.62282	0.01791	0.02306	0.02289	0.01706	0.02424	0.01419	0.01892	0.01182	0.00684	0.00752	0.00228	0.00912	0.00676	0.00372	0.01166
66	0.02571	0.14688	0.02675	0.01940	0.02430	0.44393	0.07857	0.08287	0.04320	0.02197	0.01309	0.01499	0.01066	0.00765	0.00682	0.00201	0.01197	0.00545	0.00424	0.00955
67	0.40352	0.01377	0.01444	0.01177	0.01706	0.01403	0.00971	0.02977	0.01739	0.36881	0.02042	0.01919	0.01359	0.00824	0.00619	0.00235	0.00617	0.00590	0.00708	0.01061
68	0.02665	0.01907	0.02073	0.01651	0.02208	0.02103	0.01344	0.43041	0.20678	0.10771	0.02281	0.02170	0.01626	0.00945	0.00763	0.00236	0.00752	0.00738	0.00780	0.01266
69	0.01521	0.03923	0.69413	0.02162	0.03283	0.01762	0.02802	0.02402	0.01601	0.02402	0.01361	0.01601	0.00961	0.00721	0.00721	0.00240	0.01121	0.00560	0.00320	0.01121
70	0.01013	0.00771	0.01002	0.01122	0.01192	0.00781	0.00779	0.01245	0.04570	0.01993	0.04098	0.62206	0.07562	0.02228	0.01047	0.00305	0.04763	0.01979	0.00685	0.00658
71	0.00923	0.00664	0.00876	0.01046	0.01097	0.00617	0.00700	0.01057	0.01462	0.01940	0.04307	0.70489	0.07295	0.02360	0.00966	0.00306	0.00438	0.02136	0.00704	0.00617
72	0.02028	0.73799	0.03975	0.01298	0.01947	0.03001	0.01298	0.02271	0.01541	0.01785	0.01055	0.01217	0.00973	0.00649	0.00487	0.00162	0.00811	0.00406	0.00324	0.00973
73	0.01497	0.01414	0.02391	0.61831	0.14409	0.01702	0.02139	0.01994	0.01547	0.02016	0.01360	0.02001	0.01039	0.00746	0.00757	0.00249	0.00995	0.00674	0.00343	0.00895
74	0.00985	0.00737	0.01063	0.01176	0.01261	0.00693	0.03591	0.01155	0.01489	0.01983	0.04052	0.64871	0.04798	0.02279	0.00971	0.00309	0.00496	0.06761	0.00690	0.00640
75	0.01047	0.00749	0.01018	0.01170	0.01274	0.00719	0.00893	0.01280	0.01628	0.02168	0.10515	0.42833	0.04994	0.02192	0.00990	0.00316	0.00526	0.24318	0.00715	0.00656
76	0.01877	0.01802	0.03079	0.04656	0.68612	0.01802	0.02328	0.02328	0.01727	0.02478	0.01427	0.01877	0.01201	0.00676	0.00751	0.00225	0.00901	0.00676	0.00375	0.01201
77	0.02028	0.73799	0.03975	0.01298	0.01947	0.03001	0.01298	0.02271	0.01541	0.01785	0.01055	0.01217	0.00973	0.00649	0.00487	0.00162	0.00811	0.00406	0.00324	0.00973
78	0.00896	0.00768	0.00768	0.00768	0.01025	0.00640	0.00576	0.01089	0.01729	0.02049	0.07684	0.07300	0.68304	0.01921	0.00896	0.00256	0.00384	0.01601	0.00704	0.00640
79	0.01054	0.00775	0.00986	0.00933	0.01121	0.00707	0.00700	0.01393	0.02100	0.02930	0.61417	0.05849	0.14020	0.01592	0.00895	0.00241	0.00361	0.01397	0.00820	0.00707
80	0.01852	0.01563	0.01643	0.01459	0.01882	0.01765	0.01140	0.09830	0.52036	0.03182	0.03582	0.03333	0.11124	0.01138	0.00787	0.00254	0.00595	0.00940	0.00761	0.01134
81	0.01521	0.03923	0.69413	0.02162	0.03283	0.01762	0.02802	0.02402	0.01601	0.02402	0.01361	0.01601	0.00961	0.00721	0.00721	0.00240	0.01121	0.00560	0.00320	0.01121
82	0.02844	0.02366	0.02237	0.01775	0.02339	0.14066	0.01438	0.53261	0.05309	0.04225	0.01749	0.01774	0.01268	0.00892	0.00746	0.00223	0.00919	0.00655	0.00696	0.01216
83	0.26574	0.01983	0.01804	0.01485	0.01997	0.10304	0.01203	0.29500	0.05540	0.07700	0.01640	0.01713	0.01209	0.00996	0.02969	0.00261	0.00839	0.00591	0.00623	0.01068

[dist]
# distance from previous block
# <min> <max>
0	1

[block]
# block no. 3 follows, 26 sequences, length 59
# corresponding to MSA columns:
# 284-342
name=unknown_D
#
# <colnr> <probs for GDERKNQSTAVLIFYWHMCP>
#	G	D	E	R	K	N	Q	S	T	A	V	L	I	F	Y	W	H	M	C	P
0	0.01751	0.05342	0.01655	0.01411	0.01757	0.07128	0.01111	0.08889	0.27569	0.02844	0.10412	0.12730	0.05523	0.01348	0.00819	0.00258	0.00650	0.07129	0.00704	0.00971
1	0.01099	0.00741	0.00854	0.00846	0.00871	0.00733	0.00496	0.01150	0.01253	0.01696	0.11842	0.05065	0.03389	0.63034	0.03435	0.00664	0.00681	0.01142	0.00514	0.00496
2	0.02213	0.57662	0.03555	0.01449	0.02038	0.18474	0.01336	0.02445	0.01681	0.01801	0.01082	0.01251	0.00974	0.00679	0.00532	0.00170	0.00939	0.00425	0.00340	0.00952
3	0.00946	0.00677	0.00899	0.01042	0.01105	0.00630	0.00706	0.01110	0.01552	0.02095	0.13376	0.63201	0.05324	0.02258	0.00958	0.00298	0.00428	0.02044	0.00723	0.00630
4	0.01645	0.08486	0.14223	0.01616	0.02155	0.04263	0.09222	0.11125	0.02120	0.02860	0.24859	0.03492	0.08532	0.01114	0.00798	0.00232	0.00760	0.00963	0.00601	0.00933
5	0.26906	0.01564	0.05103	0.01311	0.01799	0.01529	0.01109	0.16773	0.02069	0.17681	0.04791	0.12138	0.02019	0.01076	0.00700	0.00244	0.00654	0.00845	0.00677	0.01011
6	0.01099	0.00741	0.00854	0.00846	0.00871	0.00733	0.00496	0.01150	0.01253	0.01696	0.11842	0.05065	0.03389	0.63034	0.03435	0.00664	0.00681	0.01142	0.00514	0.00496
7	0.01048	0.00808	0.00979	0.01033	0.01245	0.00739	0.00839	0.01327	0.01809	0.02305	0.16996	0.07475	0.33954	0.01920	0.00952	0.00287	0.00495	0.24387	0.00725	0.00675
8	0.01573	0.01348	0.01573	0.01123	0.01798	0.01011	0.00899	0.01910	0.01573	0.02472	0.01348	0.01573	0.01123	0.00562	0.00562	0.00112	0.00562	0.00449	0.00449	0.77980
9	0.00944	0.00679	0.00898	0.01056	0.01120	0.00633	0.00723	0.01099	0.01511	0.02013	0.07685	0.64406	0.07166	0.02306	0.00965	0.00304	0.00445	0.04712	0.00711	0.00626
10	0.00961	0.00688	0.00913	0.01031	0.01108	0.00641	0.00707	0.01148	0.01623	0.02208	0.19931	0.56322	0.05543	0.02173	0.00950	0.00291	0.00420	0.01963	0.00736	0.00641
11	0.01469	0.01385	0.02341	0.66061	0.10399	0.01695	0.02125	0.01970	0.01534	0.01982	0.01355	0.02010	0.01027	0.00752	0.00758	0.00251	0.01002	0.00674	0.00340	0.00872
12	0.01521	0.03923	0.69413	0.02162	0.03283	0.01762	0.02802	0.02402	0.01601	0.02402	0.01361	0.01601	0.00961	0.00721	0.00721	0.00240	0.01121	0.00560	0.00320	0.01121
13	0.01469	0.01399	0.02381	0.64354	0.07536	0.01719	0.04221	0.01966	0.01522	0.01972	0.01346	0.02005	0.01023	0.00770	0.00820	0.00254	0.03360	0.00681	0.00340	0.00862
14	0.00935	0.00755	0.00835	0.00870	0.01077	0.00655	0.00646	0.01139	0.01717	0.02129	0.12247	0.19069	0.48025	0.01980	0.00917	0.00269	0.00409	0.04966	0.00716	0.00646
15	0.01164	0.00853	0.01205	0.01209	0.01355	0.00959	0.00934	0.04101	0.01378	0.01953	0.02364	0.09578	0.02338	0.07540	0.52432	0.00995	0.01661	0.04855	0.02434	0.00691
16	0.02055	0.01354	0.01552	0.01347	0.01752	0.01439	0.01058	0.05615	0.34304	0.17261	0.16636	0.03334	0.03181	0.01108	0.00784	0.00244	0.00556	0.00932	0.04389	0.01099
17	0.01860	0.01833	0.02812	0.16540	0.49784	0.06359	0.02182	0.02376	0.04507	0.02368	0.01466	0.01910	0.01199	0.00713	0.00749	0.00230	0.00940	0.00671	0.00386	0.01114
18	0.02783	0.07755	0.02303	0.01931	0.04227	0.49484	0.01463	0.14098	0.02348	0.04816	0.01352	0.01497	0.01071	0.00798	0.00689	0.00201	0.01198	0.00533	0.00471	0.00982
19	0.02447	0.04819	0.04196	0.01533	0.02150	0.01725	0.03201	0.23555	0.11239	0.17100	0.02072	0.02033	0.01485	0.00828	0.00708	0.00205	0.00723	0.00661	0.00684	0.18636
20	0.01432	0.00819	0.00979	0.00920	0.01010	0.00800	0.00576	0.01487	0.01262	0.11201	0.02460	0.04532	0.02592	0.59874	0.06434	0.00685	0.00781	0.01041	0.00526	0.00589
21	0.19745	0.01338	0.01605	0.01270	0.01813	0.01273	0.01045	0.05695	0.02032	0.49262	0.05485	0.02397	0.01864	0.00914	0.00704	0.00235	0.00627	0.00710	0.00824	0.01162
22	0.01447	0.01363	0.02302	0.69267	0.07360	0.01689	0.02114	0.01951	0.01524	0.01956	0.01351	0.02017	0.01018	0.00756	0.00758	0.00252	0.01007	0.00674	0.00338	0.00855
23	0.01687	0.01864	0.03979	0.02875	0.03558	0.01745	0.56502	0.02286	0.01842	0.02518	0.11109	0.02566	0.02013	0.00770	0.00895	0.00253	0.01147	0.00964	0.00448	0.00979
24	0.01099	0.00752	0.00911	0.00911	0.00940	0.00781	0.00564	0.01157	0.01128	0.01533	0.02313	0.04539	0.02573	0.58864	0.18088	0.00839	0.01013	0.01041	0.00448	0.00506
25	0.12193	0.00912	0.00970	0.00919	0.01180	0.00884	0.00702	0.01539	0.04894	0.02730	0.32998	0.05506	0.28796	0.01543	0.00829	0.00245	0.00412	0.01295	0.00731	0.00725
26	0.00929	0.00764	0.00818	0.00816	0.01048	0.00652	0.00608	0.01147	0.01788	0.02218	0.18163	0.10490	0.54172	0.01880	0.00900	0.00256	0.00383	0.01590	0.00727	0.00652
27	0.13855	0.01896	0.02026	0.01574	0.02158	0.02059	0.01300	0.46857	0.03015	0.14956	0.01900	0.01859	0.01317	0.00885	0.00718	0.00230	0.00769	0.00657	0.00746	0.01223
28	0.01318	0.00659	0.00988	0.00988	0.00988	0.00659	0.00659	0.00988	0.00988	0.01318	0.01318	0.02306	0.01318	0.02635	0.02964	0.77931	0.00659	0.00659	0.00329	0.00329
29	0.00968	0.00756	0.00879	0.00881	0.01077	0.00666	0.00648	0.01215	0.01850	0.02414	0.30410	0.16086	0.35749	0.01844	0.00906	0.00257	0.00382	0.01593	0.00754	0.00666
30	0.02830	0.02098	0.02247	0.01735	0.02332	0.02328	0.01429	0.62790	0.06945	0.04695	0.01888	0.01875	0.01344	0.00917	0.00759	0.00229	0.00822	0.00692	0.00759	0.01285
31	0.01361	0.00848	0.01056	0.00962	0.01220	0.00753	0.00736	0.01665	0.02039	0.12269	0.42749	0.05657	0.22660	0.01561	0.00876	0.00243	0.00406	0.01345	0.00815	0.00778
32	0.00924	0.00660	0.00880	0.01056	0.01100	0.00616	0.00704	0.01056	0.01452	0.01936	0.04181	0.72848	0.05017	0.02376	0.00968	0.00308	0.00440	0.02156	0.00704	0.00616
33	0.04679	0.43811	0.03164	0.01523	0.02079	0.24806	0.01339	0.05271	0.01834	0.03739	0.01176	0.01328	0.01007	0.00713	0.00569	0.00180	0.00982	0.00454	0.00385	0.00960
34	0.03166	0.01357	0.01770	0.01393	0.01953	0.01249	0.01147	0.07634	0.07613	0.57167	0.02962	0.02769	0.01966	0.00986	0.00774	0.00240	0.00656	0.03033	0.00905	0.01262
35	0.01349	0.00966	0.01181	0.01056	0.01297	0.00950	0.00811	0.10731	0.02325	0.03281	0.55622	0.04982	0.06072	0.01428	0.00858	0.00234	0.00426	0.01242	0.04390	0.00798
36	0.01573	0.01348	0.01573	0.01123	0.01798	0.01011	0.00899	0.01910	0.01573	0.02472	0.01348	0.01573	0.01123	0.00562	0.00562	0.00112	0.00562	0.00449	0.00449	0.77980
37	0.02176	0.33594	0.20398	0.01640	0.02343	0.10557	0.01699	0.02583	0.01705	0.11628	0.01424	0.01550	0.01101	0.00754	0.00697	0.00204	0.03968	0.00518	0.00420	0.01040
38	0.00963	0.00764	0.00877	0.00947	0.01142	0.00678	0.00724	0.01171	0.01672	0.02065	0.06242	0.21812	0.42687	0.02052	0.00940	0.00285	0.00455	0.13175	0.00703	0.00646
39	0.13296	0.37102	0.02888	0.01501	0.02014	0.25448	0.01299	0.02504	0.01696	0.02043	0.01092	0.01286	0.00954	0.00727	0.00625	0.00190	0.03609	0.00444	0.00368	0.00915
40	0.01085	0.00768	0.01005	0.01135	0.01231	0.00749	0.00859	0.01279	0.01507	0.01976	0.03857	0.29037	0.06712	0.17764	0.01631	0.00416	0.00609	0.27116	0.00648	0.00617
41	0.01052	0.00847	0.01099	0.11030	0.01680	0.00821	0.00866	0.01357	0.01860	0.02455	0.32763	0.10577	0.27550	0.01626	0.00881	0.00252	0.00467	0.01409	0.00708	0.00700
42	0.01647	0.01271	0.03500	0.01257	0.03507	0.05473	0.00940	0.04712	0.06803	0.11960	0.13583	0.11467	0.18555	0.10452	0.01216	0.00309	0.00606	0.01211	0.00691	0.00838
43	0.01167	0.00902	0.01205	0.01155	0.01225	0.01045	0.00842	0.01321	0.01223	0.01724	0.05028	0.03802	0.04527	0.30450	0.30081	0.00834	0.11454	0.00952	0.00444	0.00617
44	0.00924	0.00660	0.00880	0.01056	0.01100	0.00616	0.00704	0.01056	0.01452	0.01936	0.04181	0.72848	0.05017	0.02376	0.00968	0.00308	0.00440	0.02156	0.00704	0.00616
45	0.01687	0.01503	0.01625	0.01236	0.01854	0.04387	0.00979	0.02337	0.13214	0.02567	0.01648	0.01786	0.01327	0.00655	0.00605	0.00142	0.00606	0.00523	0.00504	0.60817
46	0.01557	0.20258	0.43835	0.01795	0.02648	0.01895	0.02139	0.02177	0.01566	0.02187	0.01692	0.11740	0.01546	0.00941	0.00700	0.00231	0.00949	0.00752	0.00376	0.01013
47	0.00919	0.00756	0.00811	0.00838	0.01057	0.00648	0.00621	0.01116	0.01712	0.02092	0.10286	0.16662	0.54118	0.01972	0.00911	0.00265	0.00400	0.03463	0.00711	0.00643
48	0.00922	0.00670	0.00870	0.01031	0.01094	0.00618	0.00693	0.01059	0.01477	0.01946	0.04489	0.67080	0.10585	0.02336	0.00962	0.00303	0.00435	0.02107	0.00704	0.00618
49	0.01939	0.66344	0.03705	0.01304	0.01889	0.02813	0.01268	0.02172	0.01523	0.01796	0.01271	0.06226	0.01256	0.00792	0.00586	0.00178	0.03109	0.00536	0.00351	0.00944
50	0.67625	0.01450	0.01181	0.01016	0.01514	0.01602	0.00833	0.02184	0.01331	0.03269	0.01098	0.01281	0.00865	0.00684	0.00483	0.00217	0.00583	0.00416	0.00467	0.11902
51	0.00924	0.00660	0.00880	0.01056	0.01100	0.00616	0.00704	0.01056	0.01452	0.01936	0.04181	0.72848	0.05017	0.02376	0.00968	0.00308	0.00440	0.02156	0.00704	0.00616
52	0.01102	0.00741	0.00856	0.00856	0.00866	0.00751	0.00495	0.01121	0.01112	0.01492	0.02364	0.04819	0.02695	0.68395	0.08723	0.00771	0.00830	0.01082	0.00456	0.00476
53	0.01593	0.01486	0.02382	0.20735	0.15430	0.01604	0.10936	0.02432	0.16454	0.02493	0.08385	0.08451	0.02281	0.00997	0.00810	0.00252	0.00827	0.00938	0.00527	0.00985
54	0.01030	0.00804	0.00955	0.01004	0.01222	0.00729	0.00811	0.01299	0.01795	0.02265	0.15155	0.07483	0.38235	0.01926	0.00947	0.00285	0.00485	0.22179	0.00721	0.00671
55	0.00924	0.00660	0.00880	0.01056	0.01100	0.00616	0.00704	0.01056	0.01452	0.01936	0.04181	0.72848	0.05017	0.02376	0.00968	0.00308	0.00440	0.02156	0.00704	0.00616
56	0.01804	0.18725	0.47585	0.01923	0.02873	0.04945	0.02312	0.04813	0.01705	0.04746	0.01363	0.01553	0.01010	0.00723	0.00672	0.00221	0.01037	0.00536	0.00363	0.01091
57	0.02028	0.73799	0.03975	0.01298	0.01947	0.03001	0.01298	0.02271	0.01541	0.01785	0.01055	0.01217	0.00973	0.00649	0.00487	0.00162	0.00811	0.00406	0.00324	0.00973
58	0.01933	0.01997	0.01927	0.01521	0.02083	0.18727	0.04859	0.02387	0.06885	0.02344	0.01438	0.01651	0.01177	0.00688	0.00703	0.00162	0.03582	0.00526	0.00452	0.44961

[dist]
# distance from previous block
# <min> <max>
1	3

[block]
# block no. 4 follows, 26 sequences, length 38
# corresponding to MSA columns:
# 346-364,374-392
name=unknown_E
#
# <colnr> <probs for GDERKNQSTAVLIFYWHMCP>
#	G	D	E	R	K	N	Q	S	T	A	V	L	I	F	Y	W	H	M	C	P
0	0.00923	0.00769	0.00805	0.00796	0.01041	0.00652	0.00597	0.01140	0.01792	0.02198	0.16779	0.07054	0.59116	0.01865	0.00896	0.00253	0.00380	0.01566	0.00724	0.00652
1	0.01892	0.02014	0.03552	0.06572	0.34789	0.06767	0.28291	0.02404	0.01775	0.02392	0.01449	0.01916	0.01157	0.00672	0.00806	0.00237	0.01094	0.00752	0.00378	0.01091
2	0.01738	0.01699	0.02478	0.35513	0.26448	0.06679	0.02033	0.02390	0.09156	0.02259	0.01562	0.02018	0.01223	0.00763	0.00752	0.00240	0.00952	0.00682	0.00404	0.01010
3	0.01346	0.00992	0.01260	0.01312	0.01547	0.00999	0.01112	0.07903	0.03598	0.02581	0.10125	0.07321	0.12641	0.01879	0.00979	0.00313	0.00637	0.41971	0.00719	0.00763
4	0.01698	0.00937	0.00999	0.00926	0.01190	0.00967	0.00713	0.02380	0.13899	0.09415	0.02640	0.02804	0.02007	0.00916	0.00598	0.00197	0.00428	0.00741	0.55688	0.00857
5	0.01814	0.32805	0.38182	0.01778	0.02672	0.02312	0.02096	0.06218	0.01696	0.02290	0.01262	0.01455	0.00986	0.00702	0.00626	0.00207	0.00975	0.00504	0.00349	0.01070
6	0.02096	0.01780	0.01805	0.01560	0.02004	0.05832	0.01227	0.18045	0.42810	0.03456	0.08679	0.02774	0.02447	0.01035	0.00775	0.00245	0.00676	0.00843	0.00753	0.01158
7	0.01244	0.00988	0.01275	0.01208	0.01429	0.01002	0.03461	0.01955	0.16716	0.02730	0.32399	0.24099	0.05202	0.01632	0.00888	0.00263	0.00474	0.01460	0.00765	0.00810
8	0.00938	0.00681	0.00861	0.00999	0.01064	0.00631	0.00664	0.01065	0.01452	0.01904	0.04431	0.58182	0.12507	0.09302	0.01244	0.00344	0.00462	0.01985	0.00680	0.00604
9	0.23480	0.01799	0.01852	0.01535	0.02027	0.07480	0.05441	0.17330	0.14308	0.09845	0.02031	0.06216	0.01601	0.00939	0.00697	0.00240	0.00754	0.00736	0.00640	0.01051
10	0.01723	0.06410	0.36270	0.02535	0.03451	0.05417	0.28503	0.02440	0.01704	0.02356	0.01408	0.01754	0.01040	0.00687	0.00779	0.00241	0.01184	0.00687	0.00350	0.01061
11	0.01093	0.00731	0.00830	0.00840	0.00842	0.00729	0.00473	0.01101	0.01122	0.01496	0.02487	0.08635	0.02880	0.69505	0.03704	0.00712	0.00719	0.01160	0.00473	0.00468
12	0.00933	0.00664	0.00877	0.01044	0.01086	0.00622	0.00691	0.01059	0.01434	0.01912	0.04088	0.69349	0.04900	0.06034	0.01117	0.00330	0.00455	0.02102	0.00691	0.00608
13	0.01662	0.01536	0.02529	0.39218	0.28841	0.01731	0.02100	0.05500	0.01692	0.02286	0.01435	0.02002	0.01139	0.00966	0.04014	0.00286	0.01008	0.00682	0.00377	0.00994
14	0.02634	0.02110	0.02100	0.01686	0.02221	0.08924	0.01375	0.49672	0.06678	0.04128	0.02243	0.02471	0.04918	0.01019	0.00775	0.00234	0.00845	0.04071	0.00717	0.01179
15	0.00896	0.00768	0.00768	0.00768	0.01025	0.00640	0.00576	0.01089	0.01729	0.02049	0.07684	0.07300	0.68304	0.01921	0.00896	0.00256	0.00384	0.01601	0.00704	0.00640
16	0.01864	0.01849	0.02864	0.16794	0.52158	0.06703	0.02225	0.02306	0.01719	0.02334	0.01394	0.01867	0.01150	0.00699	0.00747	0.00228	0.00955	0.00662	0.00369	0.01112
17	0.02436	0.02030	0.06287	0.07030	0.08699	0.11941	0.03861	0.13380	0.03539	0.19002	0.01967	0.05606	0.01518	0.00964	0.00937	0.00243	0.08129	0.00750	0.00596	0.01085
