[name]
unknown

[dist]
# distance from previous block
# <min> <max>
3	150

[block]
# block no. 0 follows, 35 sequences, length 40
# corresponding to MSA columns:
# 240-279
name=unknown_A
#
# <colnr> <probs for GDERKNQSTAVLIFYWHMCP>
#	G	D	E	R	K	N	Q	S	T	A	V	L	I	F	Y	W	H	M	C	P
0	0.00806	0.00566	0.00726	0.00841	0.00870	0.00537	0.00544	0.00892	0.01151	0.01534	0.03169	0.61274	0.03782	0.18569	0.01340	0.00336	0.00422	0.01611	0.00544	0.00487
1	0.08234	0.01136	0.01818	0.69635	0.04096	0.01411	0.01668	0.01642	0.01252	0.01727	0.01106	0.01634	0.00832	0.00630	0.00613	0.00210	0.00815	0.00545	0.00292	0.00703
2	0.01364	0.00932	0.01066	0.00964	0.01236	0.00915	0.00755	0.13438	0.06768	0.10399	0.11536	0.13053	0.27706	0.01340	0.00726	0.00217	0.00444	0.05777	0.00634	0.00730
3	0.01207	0.00979	0.01168	0.07594	0.01570	0.01058	0.00915	0.06025	0.24008	0.02204	0.07595	0.16169	0.13155	0.01304	0.00731	0.00232	0.00496	0.12262	0.00589	0.00739
4	0.02313	0.01908	0.08204	0.01490	0.02035	0.01924	0.01305	0.65584	0.02840	0.03825	0.01490	0.01507	0.01055	0.00748	0.00632	0.00191	0.00719	0.00562	0.00603	0.01067
5	0.01215	0.01150	0.01906	0.69707	0.04134	0.01456	0.01729	0.01613	0.01243	0.01613	0.01102	0.01665	0.00845	0.00676	0.00760	0.00217	0.07422	0.00563	0.00282	0.00704
6	0.05588	0.00831	0.01027	0.00922	0.01150	0.00822	0.00716	0.01703	0.01421	0.21706	0.07428	0.13621	0.14463	0.01229	0.00886	0.05217	0.07027	0.00923	0.12620	0.00699
7	0.04826	0.00618	0.00840	0.00825	0.00869	0.00618	0.00554	0.01004	0.00919	0.04910	0.01397	0.05454	0.01416	0.13130	0.02330	0.58391	0.00549	0.00654	0.00336	0.00361
8	0.75126	0.01174	0.00912	0.00822	0.01180	0.01353	0.00661	0.01783	0.01066	0.02706	0.00980	0.01302	0.00828	0.07288	0.00639	0.00233	0.00502	0.00394	0.00392	0.00661
9	0.04774	0.00779	0.01092	0.05285	0.05278	0.00843	0.00781	0.01250	0.07188	0.01489	0.04865	0.02012	0.01371	0.01743	0.01915	0.54139	0.03814	0.00588	0.00337	0.00456
10	0.00953	0.00641	0.00795	0.00856	0.00980	0.00587	0.00622	0.01099	0.01320	0.06442	0.04037	0.36754	0.22052	0.09301	0.01032	0.00282	0.00421	0.10691	0.00581	0.00554
11	0.02336	0.01098	0.01397	0.01131	0.01545	0.01041	0.00911	0.08023	0.11378	0.48219	0.08665	0.07331	0.02139	0.00917	0.00660	0.00203	0.00515	0.00765	0.00734	0.00990
12	0.04920	0.23961	0.07539	0.04505	0.01929	0.10244	0.01205	0.18282	0.01846	0.17672	0.01416	0.01445	0.01033	0.00668	0.00551	0.00175	0.00727	0.00484	0.00475	0.00923
13	0.01069	0.00774	0.01034	0.06919	0.07531	0.00769	0.02840	0.01347	0.03089	0.01979	0.06901	0.12022	0.16675	0.04989	0.00804	0.02306	0.00443	0.00936	0.26958	0.00616
14	0.01461	0.04404	0.27651	0.05557	0.02332	0.11141	0.09036	0.04861	0.01422	0.01917	0.01199	0.01518	0.00953	0.01149	0.10226	0.00292	0.04324	0.00517	0.00319	0.09721
15	0.00806	0.00598	0.00756	0.00839	0.00937	0.00547	0.00597	0.00972	0.01380	0.01824	0.16865	0.46277	0.17615	0.01775	0.00791	0.00241	0.00360	0.05673	0.00609	0.00539
16	0.01315	0.01128	0.01315	0.00940	0.01503	0.00846	0.00752	0.01597	0.01315	0.02067	0.01128	0.01315	0.00940	0.00470	0.00470	0.00094	0.00470	0.00376	0.00376	0.81583
17	0.01220	0.01665	0.23209	0.04001	0.05866	0.02624	0.01316	0.01845	0.11543	0.03718	0.22418	0.09349	0.04978	0.00992	0.00673	0.00205	0.00597	0.00851	0.00500	0.02430
18	0.11699	0.01172	0.01266	0.01132	0.03739	0.02938	0.00833	0.20460	0.03359	0.05533	0.03279	0.08678	0.05400	0.12450	0.02345	0.05646	0.00591	0.00736	0.00498	0.08248
19	0.00978	0.00627	0.00801	0.00852	0.00966	0.00571	0.00596	0.01125	0.01358	0.08189	0.12574	0.48079	0.13475	0.05580	0.00901	0.00257	0.00381	0.01509	0.00610	0.00572
20	0.01198	0.01128	0.01903	0.76180	0.04369	0.01409	0.01762	0.01621	0.01268	0.01621	0.01128	0.01691	0.00846	0.00634	0.00634	0.00211	0.00846	0.00564	0.00282	0.00705
21	0.03693	0.01315	0.01475	0.01204	0.05232	0.03343	0.00906	0.11766	0.06282	0.02387	0.01273	0.01415	0.01018	0.00551	0.00514	0.00125	0.00540	0.00436	0.00426	0.56099
22	0.03704	0.01003	0.01181	0.01073	0.03367	0.00994	0.00782	0.05043	0.14811	0.02042	0.05011	0.04272	0.01845	0.15369	0.10155	0.03185	0.00667	0.02724	0.00457	0.22316
23	0.00824	0.00626	0.00752	0.00761	0.00905	0.00561	0.00552	0.01030	0.01536	0.02042	0.34847	0.19955	0.27997	0.03699	0.00831	0.00228	0.00330	0.01338	0.00631	0.00555
24	0.00899	0.00664	0.00962	0.00971	0.01066	0.00753	0.00731	0.01091	0.01021	0.01453	0.01854	0.07637	0.01845	0.13301	0.61664	0.00921	0.01482	0.00783	0.00362	0.00541
25	0.47714	0.01468	0.01473	0.04800	0.09449	0.05393	0.03143	0.15442	0.01547	0.02838	0.01069	0.01241	0.00820	0.00624	0.00496	0.00194	0.00627	0.00437	0.00420	0.00806
26	0.01214	0.00823	0.00964	0.00926	0.01098	0.00845	0.00669	0.03938	0.15968	0.06688	0.06088	0.18872	0.10439	0.12794	0.03148	0.08503	0.00495	0.01031	0.04858	0.00640
27	0.00907	0.00677	0.01005	0.01005	0.01113	0.00785	0.00774	0.01123	0.01015	0.01462	0.01713	0.02567	0.01619	0.08065	0.71929	0.01001	0.01650	0.00691	0.00342	0.00558
28	0.02453	0.01303	0.01564	0.01216	0.01677	0.01296	0.00998	0.29591	0.02258	0.38746	0.08092	0.02242	0.03890	0.00843	0.00649	0.00195	0.00575	0.00675	0.00713	0.01023
29	0.01921	0.04651	0.02087	0.11028	0.22321	0.25336	0.01478	0.13666	0.05069	0.02159	0.01213	0.01451	0.00969	0.00665	0.00653	0.00186	0.03375	0.00514	0.00380	0.00878
30	0.01408	0.01026	0.01181	0.01120	0.01390	0.01092	0.00879	0.03977	0.32389	0.09357	0.05314	0.15265	0.09350	0.01255	0.00721	0.00231	0.00480	0.12115	0.00636	0.00812
31	0.00923	0.00615	0.00692	0.00692	0.00692	0.00615	0.00384	0.00923	0.00923	0.01230	0.01999	0.04151	0.02306	0.77705	0.03229	0.00615	0.00615	0.00923	0.00384	0.00384
32	0.40087	0.04717	0.01539	0.03512	0.07611	0.15001	0.01053	0.08736	0.01429	0.02445	0.00991	0.01196	0.00799	0.00664	0.00635	0.00195	0.07823	0.00422	0.00379	0.00767
33	0.01366	0.00737	0.00954	0.00845	0.01070	0.00672	0.00653	0.01653	0.01741	0.18398	0.48682	0.03867	0.04456	0.01113	0.00685	0.00192	0.00352	0.00964	0.10895	0.00704
34	0.02228	0.11119	0.02031	0.01766	0.08029	0.60936	0.01272	0.02414	0.01712	0.01590	0.00988	0.01166	0.00833	0.00634	0.00559	0.00163	0.01060	0.00414	0.00320	0.00767
35	0.00875	0.00697	0.00918	0.00944	0.01083	0.00661	0.03822	0.01159	0.06738	0.01793	0.07525	0.46059	0.19882	0.01707	0.00780	0.00241	0.00402	0.03550	0.00586	0.00579
36	0.01910	0.15711	0.17988	0.01551	0.02120	0.10044	0.06793	0.18560	0.06254	0.08390	0.01370	0.01466	0.01020	0.00679	0.00640	0.00187	0.03441	0.00517	0.00432	0.00927
37	0.01330	0.13522	0.64685	0.01709	0.02593	0.01615	0.02172	0.01994	0.01332	0.01938	0.01103	0.01295	0.00805	0.00595	0.00576	0.00192	0.00902	0.00451	0.00268	0.00921
38	0.02059	0.00916	0.01198	0.00999	0.01370	0.00800	0.00815	0.02295	0.01700	0.45766	0.09267	0.03697	0.17793	0.01096	0.00694	0.00209	0.00477	0.07255	0.00717	0.00875
39	0.01933	0.13913	0.09931	0.01426	0.03583	0.01392	0.08625	0.10185	0.01703	0.25118	0.05312	0.09250	0.01736	0.00852	0.00634	0.00196	0.00658	0.02106	0.00540	0.00908

[dist]
# distance from previous block
# <min> <max>
0	1

[block]
# block no. 1 follows, 35 sequences, length 26
# corresponding to MSA columns:
# 281-306
name=unknown_B
#
# <colnr> <probs for GDERKNQSTAVLIFYWHMCP>
#	G	D	E	R	K	N	Q	S	T	A	V	L	I	F	Y	W	H	M	C	P
0	0.04088	0.06221	0.15509	0.07206	0.01989	0.01343	0.01242	0.11652	0.10301	0.08472	0.01827	0.08325	0.03594	0.00799	0.00599	0.00184	0.00631	0.00651	0.00471	0.14896
1	0.01666	0.56862	0.06958	0.01222	0.03847	0.04535	0.01148	0.04209	0.01373	0.01697	0.00961	0.01111	0.00844	0.00548	0.00446	0.00138	0.00684	0.00368	0.00300	0.11084
2	0.00818	0.00585	0.00788	0.00902	0.00953	0.00575	0.00624	0.00945	0.01176	0.01581	0.03109	0.56790	0.03639	0.08690	0.11556	0.00397	0.00589	0.05231	0.00536	0.00515
3	0.01775	0.11308	0.05626	0.04797	0.21650	0.03619	0.01404	0.19546	0.11039	0.04193	0.01540	0.01813	0.01229	0.00827	0.02798	0.00214	0.00728	0.02800	0.02150	0.00944
4	0.04266	0.09800	0.08717	0.01349	0.01735	0.03743	0.01202	0.22056	0.05442	0.06743	0.01432	0.01658	0.01134	0.01382	0.12159	0.00325	0.12624	0.00551	0.02823	0.00859
5	0.00912	0.00658	0.00911	0.00911	0.00987	0.00734	0.00658	0.01063	0.00988	0.01393	0.01798	0.03040	0.01824	0.28831	0.51443	0.00886	0.01341	0.00760	0.00355	0.00506
6	0.01617	0.01316	0.01696	0.12662	0.15878	0.04586	0.01196	0.07435	0.03414	0.08462	0.01368	0.01580	0.01058	0.00595	0.00560	0.00155	0.00628	0.00499	0.04249	0.31047
7	0.02192	0.01685	0.01712	0.01363	0.01807	0.06147	0.01107	0.52829	0.10455	0.03538	0.01664	0.01679	0.01214	0.00764	0.00613	0.00187	0.00662	0.00580	0.08802	0.01001
8	0.00792	0.00560	0.00730	0.00859	0.00891	0.00528	0.00563	0.00888	0.01177	0.01569	0.03304	0.67875	0.03953	0.11735	0.01121	0.00304	0.00400	0.01690	0.00563	0.00498
9	0.07169	0.01225	0.01445	0.01147	0.01563	0.01232	0.00934	0.25266	0.02152	0.30852	0.17642	0.02445	0.02322	0.00878	0.00646	0.00195	0.00536	0.00709	0.00692	0.00950
10	0.01605	0.34643	0.37271	0.01437	0.02164	0.01858	0.01675	0.02069	0.01365	0.08853	0.01164	0.01284	0.00883	0.00595	0.00524	0.00173	0.00789	0.00431	0.00320	0.00899
11	0.00923	0.00615	0.00692	0.00692	0.00692	0.00615	0.00384	0.00923	0.00923	0.01230	0.01999	0.04151	0.02306	0.77705	0.03229	0.00615	0.00615	0.00923	0.00384	0.00384
12	0.00923	0.00615	0.00692	0.00692	0.00692	0.00615	0.00384	0.00923	0.00923	0.01230	0.01999	0.04151	0.02306	0.77705	0.03229	0.00615	0.00615	0.00923	0.00384	0.00384
13	0.01454	0.01028	0.01168	0.01043	0.01326	0.01096	0.00809	0.04323	0.32699	0.09539	0.26336	0.03122	0.03209	0.00985	0.00658	0.00201	0.00422	0.00837	0.08911	0.00835
14	0.01198	0.01128	0.01903	0.76180	0.04369	0.01409	0.01762	0.01621	0.01268	0.01621	0.01128	0.01691	0.00846	0.00634	0.00634	0.00211	0.00846	0.00564	0.00282	0.00705
15	0.04092	0.01315	0.01613	0.03822	0.01817	0.01202	0.04781	0.18647	0.01760	0.08429	0.01337	0.01461	0.01015	0.00579	0.00542	0.00139	0.00577	0.00470	0.00466	0.45936
16	0.00771	0.00558	0.00730	0.00868	0.00916	0.00517	0.00582	0.00885	0.01230	0.01626	0.03688	0.72637	0.08727	0.01963	0.00806	0.00255	0.00365	0.01773	0.00589	0.00517
17	0.01470	0.01405	0.02394	0.23379	0.55047	0.01481	0.01897	0.01859	0.01397	0.01951	0.01176	0.01603	0.00962	0.00584	0.00630	0.00195	0.00778	0.00565	0.00305	0.00924
18	0.01542	0.29202	0.31899	0.01440	0.02100	0.05518	0.01594	0.06213	0.01422	0.01897	0.01070	0.01263	0.00859	0.00731	0.02865	0.00196	0.03498	0.00430	0.00304	0.05959
19	0.53570	0.16947	0.06267	0.01020	0.01472	0.08300	0.00923	0.01941	0.01203	0.02403	0.00908	0.01058	0.00732	0.00586	0.00425	0.00181	0.00616	0.00357	0.00354	0.00733
20	0.01711	0.00808	0.01032	0.00879	0.01167	0.00725	0.00693	0.01979	0.01691	0.30759	0.27274	0.03367	0.08116	0.01011	0.00647	0.00190	0.00395	0.00854	0.15918	0.00783
21	0.01198	0.01128	0.01903	0.76180	0.04369	0.01409	0.01762	0.01621	0.01268	0.01621	0.01128	0.01691	0.00846	0.00634	0.00634	0.00211	0.00846	0.00564	0.00282	0.00705
22	0.01215	0.01095	0.03263	0.01047	0.01473	0.00924	0.03412	0.01682	0.10032	0.02046	0.06015	0.04658	0.07263	0.01252	0.09995	0.00254	0.00639	0.00639	0.00442	0.42656
23	0.00766	0.00634	0.00671	0.00682	0.00872	0.00539	0.00504	0.00935	0.01455	0.01782	0.12420	0.13206	0.60114	0.01616	0.00756	0.00217	0.00324	0.01368	0.00599	0.00539
24	0.02204	0.41893	0.02486	0.01131	0.01651	0.01847	0.01034	0.07743	0.01627	0.30300	0.01569	0.01506	0.01132	0.00655	0.00515	0.00164	0.00625	0.00475	0.00502	0.00939
25	0.01713	0.05151	0.03872	0.04294	0.09545	0.05374	0.19063	0.06254	0.01529	0.10984	0.01331	0.01570	0.01018	0.00660	0.00749	0.02380	0.05274	0.00558	0.00400	0.18280

[dist]
# distance from previous block
# <min> <max>
0	1

[block]
# block no. 2 follows, 35 sequences, length 18
# corresponding to MSA columns:
# 309-326
name=unknown_C
#
# <colnr> <probs for GDERKNQSTAVLIFYWHMCP>
#	G	D	E	R	K	N	Q	S	T	A	V	L	I	F	Y	W	H	M	C	P
0	0.02098	0.08266	0.05884	0.03840	0.01959	0.04302	0.04339	0.23651	0.16333	0.18332	0.03345	0.01845	0.01401	0.00752	0.00621	0.00193	0.00665	0.00603	0.00582	0.00988
1	0.01747	0.08718	0.01507	0.01099	0.01481	0.13943	0.00881	0.11480	0.04595	0.08748	0.01911	0.02047	0.06908	0.02959	0.02946	0.00198	0.00651	0.00574	0.11899	0.15709
2	0.00847	0.00621	0.00722	0.00783	0.00918	0.00565	0.00579	0.01021	0.01357	0.01781	0.06577	0.26965	0.31708	0.04695	0.00852	0.00246	0.00377	0.10094	0.08755	0.00537
3	0.01004	0.00809	0.00919	0.00861	0.01043	0.03746	0.00649	0.01417	0.08069	0.02430	0.57441	0.04516	0.12146	0.01262	0.00732	0.00201	0.00354	0.01098	0.00667	0.00634
4	0.02439	0.01734	0.01877	0.01439	0.01946	0.01903	0.01189	0.67370	0.02910	0.08364	0.01584	0.01563	0.01109	0.00763	0.00635	0.00191	0.00688	0.00575	0.00644	0.01079
5	0.01315	0.01128	0.01315	0.00940	0.01503	0.00846	0.00752	0.01597	0.01315	0.02067	0.01128	0.01315	0.00940	0.00470	0.00470	0.00094	0.00470	0.00376	0.00376	0.81583
6	0.02309	0.01025	0.01271	0.01014	0.01407	0.00963	0.00825	0.11218	0.01821	0.44528	0.02254	0.02139	0.01525	0.00769	0.00581	0.00181	0.00489	0.00616	0.24127	0.00938
7	0.01696	0.78087	0.03324	0.01085	0.01628	0.02510	0.01085	0.01900	0.01289	0.01493	0.00882	0.01018	0.00814	0.00543	0.00407	0.00136	0.00678	0.00339	0.00271	0.00814
8	0.82186	0.01227	0.00932	0.00834	0.01227	0.01423	0.00687	0.01865	0.01080	0.02846	0.00883	0.01031	0.00687	0.00589	0.00393	0.00196	0.00491	0.00344	0.00393	0.00687
9	0.01360	0.01391	0.06514	0.25887	0.29792	0.01407	0.01657	0.01903	0.08757	0.02013	0.08617	0.01990	0.01536	0.00715	0.00700	0.00204	0.03699	0.00633	0.00373	0.00853
10	0.00872	0.00642	0.00815	0.00783	0.00934	0.00586	0.00583	0.01143	0.01718	0.02385	0.60838	0.08906	0.14685	0.01375	0.00752	0.00205	0.00306	0.01208	0.00678	0.00586
11	0.00794	0.00574	0.00756	0.00894	0.00952	0.00536	0.00621	0.00924	0.01252	0.01651	0.03675	0.66260	0.08672	0.01941	0.00812	0.00258	0.00385	0.07931	0.00588	0.00523
12	0.01777	0.01696	0.01764	0.01524	0.01696	0.18886	0.01231	0.07185	0.01400	0.08326	0.01165	0.01530	0.00996	0.01340	0.09354	0.00317	0.38147	0.00543	0.00369	0.00754
13	0.01188	0.00741	0.00839	0.00789	0.00898	0.00747	0.00525	0.07565	0.01263	0.05719	0.02243	0.08167	0.04757	0.45119	0.03958	0.00453	0.00569	0.00888	0.13036	0.00536
14	0.74816	0.01169	0.00901	0.00812	0.01182	0.01347	0.00665	0.01830	0.01102	0.02802	0.00991	0.01152	0.00772	0.00603	0.00397	0.00192	0.00473	0.00366	0.07748	0.00678
15	0.01467	0.01222	0.01569	0.07362	0.13534	0.01159	0.01077	0.05943	0.13142	0.05103	0.01907	0.02013	0.07334	0.00689	0.00577	0.00158	0.00554	0.00581	0.00452	0.34157
16	0.01511	0.00784	0.01044	0.00902	0.01159	0.00704	0.00704	0.01793	0.01802	0.25087	0.51100	0.03927	0.04596	0.01136	0.00714	0.00199	0.00375	0.00987	0.00726	0.00750
17	0.01658	0.16088	0.07772	0.08205	0.02073	0.06490	0.04134	0.10397	0.24295	0.02264	0.01604	0.01703	0.01242	0.00734	0.00682	0.00194	0.05677	0.00562	0.03338	0.00886

[dist]
# distance from previous block
# <min> <max>
0	1

[block]
# block no. 3 follows, 35 sequences, length 26
# corresponding to MSA columns:
# 328-353
name=unknown_D
#
# <colnr> <probs for GDERKNQSTAVLIFYWHMCP>
#	G	D	E	R	K	N	Q	S	T	A	V	L	I	F	Y	W	H	M	C	P
0	0.08137	0.07614	0.06344	0.04025	0.03902	0.08614	0.01226	0.31459	0.17198	0.02950	0.01554	0.01587	0.01160	0.00723	0.00593	0.00191	0.00702	0.00545	0.00519	0.00957
1	0.03750	0.06854	0.05033	0.01169	0.06418	0.04673	0.00893	0.11433	0.08240	0.02444	0.01758	0.02017	0.01396	0.03709	0.00620	0.00185	0.00522	0.00571	0.37551	0.00762
2	0.01252	0.01249	0.04077	0.15575	0.15525	0.01294	0.15221	0.01581	0.01299	0.01814	0.01727	0.19397	0.01714	0.00986	0.00880	0.00224	0.10776	0.00889	0.03772	0.00745
3	0.00824	0.00634	0.00753	0.00747	0.00908	0.00563	0.00551	0.01045	0.01586	0.02102	0.38342	0.14106	0.32540	0.01504	0.00756	0.00212	0.00316	0.01303	0.00642	0.00563
4	0.01303	0.06913	0.67931	0.01809	0.02714	0.01530	0.05189	0.02005	0.01344	0.01984	0.01132	0.01339	0.00811	0.00597	0.00599	0.00198	0.00930	0.00474	0.00270	0.00928
5	0.01481	0.01823	0.08765	0.02612	0.03275	0.01595	0.66534	0.02030	0.01486	0.02030	0.01273	0.01685	0.00951	0.00540	0.00738	0.00213	0.01060	0.00729	0.00317	0.00861
6	0.00898	0.00648	0.00848	0.00798	0.00948	0.00599	0.00599	0.01197	0.01796	0.02544	0.73413	0.04739	0.05986	0.01297	0.00748	0.00200	0.00299	0.01147	0.00698	0.00599
7	0.01570	0.01507	0.02575	0.03894	0.73748	0.01507	0.01947	0.01947	0.01444	0.02073	0.01193	0.01570	0.01005	0.00565	0.00628	0.00188	0.00754	0.00565	0.00314	0.01005
8	0.82186	0.01227	0.00932	0.00834	0.01227	0.01423	0.00687	0.01865	0.01080	0.02846	0.00883	0.01031	0.00687	0.00589	0.00393	0.00196	0.00491	0.00344	0.00393	0.00687
9	0.01045	0.00690	0.00900	0.00857	0.01036	0.00635	0.00667	0.01329	0.01730	0.07641	0.54557	0.04952	0.10338	0.01339	0.00756	0.00212	0.00354	0.09651	0.00682	0.00627
10	0.01727	0.01595	0.01647	0.01655	0.10395	0.09760	0.01157	0.08191	0.50988	0.02562	0.02158	0.02072	0.01636	0.00795	0.00634	0.00204	0.00618	0.00654	0.00569	0.00980
11	0.00906	0.00680	0.01020	0.01020	0.01133	0.00793	0.00793	0.01133	0.01020	0.01473	0.01699	0.02492	0.01586	0.04758	0.75191	0.01020	0.01699	0.00680	0.00340	0.00566
12	0.02316	0.11207	0.02050	0.01454	0.01925	0.18422	0.01196	0.47796	0.02514	0.03150	0.01325	0.01378	0.00989	0.00711	0.00593	0.00178	0.00796	0.00507	0.00522	0.00970
13	0.00775	0.00585	0.00717	0.00809	0.00904	0.00527	0.00559	0.00913	0.01322	0.01712	0.09301	0.51812	0.24107	0.01830	0.00788	0.00241	0.00350	0.01624	0.00597	0.00527
14	0.01481	0.02073	0.27598	0.15426	0.16170	0.01471	0.11043	0.06896	0.01499	0.04585	0.01240	0.01534	0.00922	0.00603	0.00629	0.00196	0.00851	0.00549	0.00335	0.04899
15	0.01794	0.16238	0.11946	0.01642	0.06211	0.06720	0.05102	0.11339	0.04544	0.09544	0.01302	0.01494	0.01019	0.00858	0.03048	0.00223	0.15172	0.00525	0.00400	0.00880
16	0.00923	0.00615	0.00692	0.00692	0.00692	0.00615	0.00384	0.00923	0.00923	0.01230	0.01999	0.04151	0.02306	0.77705	0.03229	0.00615	0.00615	0.00923	0.00384	0.00384
17	0.00780	0.00555	0.00734	0.00874	0.00910	0.00520	0.00579	0.00885	0.01201	0.01601	0.03427	0.73914	0.04109	0.05484	0.00921	0.00274	0.00379	0.01763	0.00579	0.00509
18	0.82186	0.01227	0.00932	0.00834	0.01227	0.01423	0.00687	0.01865	0.01080	0.02846	0.00883	0.01031	0.00687	0.00589	0.00393	0.00196	0.00491	0.00344	0.00393	0.00687
19	0.03951	0.20564	0.23523	0.04160	0.02006	0.01479	0.01343	0.01803	0.01307	0.01917	0.01063	0.01255	0.00857	0.00537	0.00498	0.00144	0.00675	0.00401	0.00315	0.32202
20	0.01451	0.01353	0.03361	0.01286	0.05962	0.11522	0.03045	0.03771	0.03942	0.05957	0.07120	0.12507	0.06874	0.04459	0.00740	0.00191	0.00597	0.00780	0.00467	0.24617
21	0.01695	0.06107	0.03672	0.03697	0.07072	0.11809	0.02934	0.12723	0.20929	0.02343	0.04642	0.03935	0.01517	0.00851	0.00726	0.05231	0.00675	0.00615	0.00476	0.08352
22	0.01276	0.03501	0.01258	0.01118	0.03458	0.00949	0.02926	0.03472	0.11405	0.01598	0.01394	0.04145	0.01275	0.01612	0.01742	0.47040	0.03522	0.00598	0.00360	0.07350
23	0.01493	0.01373	0.03164	0.06913	0.14051	0.07735	0.01168	0.13528	0.03512	0.02227	0.09378	0.12701	0.02068	0.06259	0.00936	0.00230	0.06037	0.00803	0.00461	0.05965
24	0.04103	0.09867	0.16558	0.14519	0.10217	0.12771	0.01567	0.09498	0.05854	0.02086	0.01200	0.01436	0.00935	0.00656	0.00644	0.00189	0.04009	0.00496	0.00354	0.03040
25	0.01624	0.01763	0.08769	0.08536	0.11049	0.13478	0.06657	0.13363	0.07487	0.02272	0.05472	0.04902	0.06986	0.00862	0.00661	0.00202	0.00762	0.03869	0.00450	0.00836

[dist]
# distance from previous block
# <min> <max>
1	21

[block]
# block no. 4 follows, 35 sequences, length 8
# corresponding to MSA columns:
# 426-433
name=unknown_E
#
# <colnr> <probs for GDERKNQSTAVLIFYWHMCP>
#	G	D	E	R	K	N	Q	S	T	A	V	L	I	F	Y	W	H	M	C	P
0	0.05749	0.16888	0.16193	0.01394	0.05466	0.05276	0.01270	0.08162	0.08020	0.08692	0.03570	0.03645	0.01296	0.00696	0.00555	0.00175	0.00667	0.00538	0.03807	0.07940
1	0.01637	0.17140	0.11206	0.08506	0.12019	0.07836	0.01421	0.08531	0.07691	0.04591	0.01628	0.02163	0.02890	0.00787	0.00635	0.00195	0.02226	0.07635	0.00406	0.00858
2	0.00904	0.00671	0.00941	0.00946	0.01060	0.00732	0.00724	0.01114	0.01149	0.01603	0.09570	0.03465	0.07273	0.11637	0.49745	0.00787	0.01270	0.05444	0.00415	0.00550
3	0.01326	0.01187	0.08878	0.13712	0.07562	0.01008	0.01162	0.01742	0.05066	0.10795	0.17175	0.06036	0.07695	0.01190	0.05140	0.00249	0.00638	0.02715	0.00504	0.06219
4	0.01705	0.05420	0.17742	0.05439	0.23206	0.09992	0.06309	0.10276	0.05771	0.03829	0.01285	0.01511	0.00993	0.00645	0.00662	0.00193	0.03182	0.00540	0.00369	0.00930
5	0.04018	0.01540	0.05567	0.01632	0.06940	0.03668	0.11097	0.26359	0.03767	0.11697	0.12144	0.02123	0.01848	0.00783	0.00650	0.00194	0.00676	0.00677	0.03696	0.00923
6	0.00850	0.00669	0.00907	0.01145	0.08419	0.00622	0.00707	0.00999	0.01286	0.01685	0.03858	0.54921	0.18040	0.01763	0.00779	0.00242	0.00398	0.01581	0.00561	0.00570
7	0.01109	0.00965	0.01508	0.02138	0.31806	0.00938	0.01155	0.01337	0.01333	0.01820	0.02786	0.38698	0.09145	0.01350	0.00727	0.00224	0.00527	0.01236	0.00472	0.00725

[dist]
# distance from previous block
# <min> <max>
2	5

[block]
# block no. 5 follows, 35 sequences, length 36
# corresponding to MSA columns:
# 439-474
name=unknown_F
#
# <colnr> <probs for GDERKNQSTAVLIFYWHMCP>
#	G	D	E	R	K	N	Q	S	T	A	V	L	I	F	Y	W	H	M	C	P
0	0.09948	0.18008	0.20249	0.01638	0.09371	0.07062	0.01462	0.12257	0.05607	0.06864	0.01277	0.01387	0.00968	0.00638	0.00550	0.00182	0.00750	0.00474	0.00397	0.00912
1	0.02112	0.02468	0.01717	0.01544	0.01865	0.49975	0.01178	0.04744	0.19783	0.01904	0.01395	0.01480	0.01110	0.00736	0.00681	0.00184	0.05396	0.00500	0.00414	0.00812
2	0.01482	0.07379	0.15638	0.03286	0.04106	0.03466	0.10725	0.05914	0.10914	0.07122	0.05994	0.02546	0.11585	0.04122	0.00797	0.00219	0.02689	0.00730	0.00458	0.00831
3	0.00783	0.00559	0.00747	0.00894	0.00936	0.00524	0.00606	0.00900	0.01224	0.01630	0.03491	0.74547	0.04174	0.01978	0.00812	0.00259	0.00377	0.04452	0.00589	0.00518
4	0.00964	0.00764	0.01130	0.01096	0.01196	0.00930	0.00864	0.01180	0.01014	0.01479	0.01596	0.02361	0.01496	0.04324	0.66485	0.00931	0.10612	0.00665	0.00332	0.00582
5	0.01488	0.01684	0.03591	0.02589	0.03176	0.01633	0.65525	0.01989	0.01453	0.01989	0.01245	0.01684	0.00952	0.00583	0.00861	0.00219	0.07446	0.00732	0.00317	0.00842
6	0.01059	0.00586	0.00648	0.00680	0.00800	0.00573	0.00492	0.01310	0.01340	0.02197	0.08205	0.20926	0.02610	0.01090	0.00558	0.00179	0.00314	0.00934	0.54928	0.00573
7	0.00978	0.00774	0.00896	0.00843	0.01048	0.00755	0.00639	0.01505	0.14276	0.02336	0.42511	0.04691	0.23730	0.01304	0.00730	0.00206	0.00341	0.01123	0.00659	0.00653
8	0.00799	0.00645	0.00711	0.00694	0.00887	0.00556	0.00521	0.01005	0.01562	0.01989	0.28634	0.05652	0.51111	0.01504	0.00749	0.00209	0.00314	0.01275	0.00625	0.00556
9	0.00906	0.00680	0.01020	0.01020	0.01133	0.00793	0.00793	0.01133	0.01020	0.01473	0.01699	0.02492	0.01586	0.04758	0.75191	0.01020	0.01699	0.00680	0.00340	0.00566
10	0.00773	0.00552	0.00736	0.00883	0.00920	0.00515	0.00589	0.00883	0.01215	0.01619	0.03497	0.77291	0.04196	0.01987	0.00810	0.00258	0.00368	0.01803	0.00589	0.00515
11	0.08685	0.01141	0.01464	0.01131	0.01616	0.01044	0.00934	0.07961	0.01846	0.63830	0.02312	0.02030	0.01469	0.00769	0.00620	0.00196	0.00548	0.00611	0.00745	0.01051
12	0.01315	0.01128	0.01315	0.00940	0.01503	0.00846	0.00752	0.01597	0.01315	0.02067	0.01128	0.01315	0.00940	0.00470	0.00470	0.00094	0.00470	0.00376	0.00376	0.81583
13	0.82186	0.01227	0.00932	0.00834	0.01227	0.01423	0.00687	0.01865	0.01080	0.02846	0.00883	0.01031	0.00687	0.00589	0.00393	0.00196	0.00491	0.00344	0.00393	0.00687
14	0.01745	0.72655	0.03214	0.01125	0.01652	0.07767	0.01096	0.01945	0.01326	0.01497	0.00889	0.01027	0.00814	0.00551	0.00419	0.00138	0.00712	0.00344	0.00275	0.00808
15	0.00906	0.00680	0.01020	0.01020	0.01133	0.00793	0.00793	0.01133	0.01020	0.01473	0.01699	0.02492	0.01586	0.04758	0.75191	0.01020	0.01699	0.00680	0.00340	0.00566
16	0.01388	0.01388	0.01943	0.01666	0.01666	0.01943	0.01388	0.01527	0.00972	0.01527	0.00833	0.01388	0.00833	0.01110	0.02082	0.00278	0.76544	0.00555	0.00278	0.00694
17	0.01198	0.01128	0.01903	0.76180	0.04369	0.01409	0.01762	0.01621	0.01268	0.01621	0.01128	0.01691	0.00846	0.00634	0.00634	0.00211	0.00846	0.00564	0.00282	0.00705
18	0.00923	0.00615	0.00692	0.00692	0.00692	0.00615	0.00384	0.00923	0.00923	0.01230	0.01999	0.04151	0.02306	0.77705	0.03229	0.00615	0.00615	0.00923	0.00384	0.00384
19	0.01388	0.01388	0.01943	0.01666	0.01666	0.01943	0.01388	0.01527	0.00972	0.01527	0.00833	0.01388	0.00833	0.01110	0.02082	0.00278	0.76544	0.00555	0.00278	0.00694
20	0.02428	0.01750	0.01887	0.01447	0.01954	0.01928	0.01195	0.68996	0.02938	0.06698	0.01561	0.01548	0.01098	0.00762	0.00635	0.00191	0.00692	0.00574	0.00640	0.01079
21	0.01444	0.01171	0.01362	0.00982	0.01540	0.00927	0.00790	0.06536	0.01449	0.04652	0.01202	0.01359	0.00971	0.00501	0.00487	0.00104	0.00488	0.00398	0.00408	0.73230
22	0.01906	0.01105	0.01292	0.01105	0.01464	0.01144	0.00874	0.02843	0.32847	0.27428	0.09204	0.02519	0.02156	0.00861	0.00629	0.00199	0.00471	0.00715	0.10295	0.00943
23	0.01812	0.49972	0.06645	0.01243	0.01756	0.10388	0.03184	0.05934	0.01494	0.06419	0.02846	0.03530	0.01105	0.00647	0.00494	0.00157	0.00730	0.00461	0.00352	0.00831
24	0.01061	0.00558	0.00809	0.00816	0.00833	0.00548	0.00548	0.00835	0.00889	0.01170	0.01596	0.05665	0.06481	0.02151	0.02278	0.71953	0.00526	0.00665	0.00312	0.00305
25	0.01603	0.07129	0.10874	0.10006	0.27026	0.08678	0.07125	0.04242	0.13068	0.02076	0.01381	0.01615	0.01084	0.00635	0.00617	0.00193	0.00799	0.00562	0.00367	0.00918
26	0.01285	0.00925	0.01073	0.00879	0.01235	0.00799	0.00691	0.07263	0.01645	0.08894	0.18788	0.03612	0.24065	0.01049	0.00645	0.00171	0.00413	0.00877	0.00571	0.25120
27	0.01648	0.04195	0.12904	0.03859	0.16070	0.15186	0.01412	0.06073	0.19501	0.02139	0.03606	0.01921	0.01406	0.06387	0.00808	0.00223	0.00765	0.00596	0.00424	0.00877
28	0.01003	0.00768	0.00941	0.00904	0.00959	0.00843	0.00627	0.03536	0.01142	0.01547	0.05625	0.15167	0.09627	0.38534	0.04438	0.00448	0.11907	0.01036	0.00442	0.00506
29	0.01198	0.01128	0.01903	0.76180	0.04369	0.01409	0.01762	0.01621	0.01268	0.01621	0.01128	0.01691	0.00846	0.00634	0.00634	0.00211	0.00846	0.00564	0.00282	0.00705
30	0.01222	0.01152	0.01947	0.71463	0.08897	0.01416	0.01774	0.01642	0.01280	0.01650	0.01132	0.01683	0.00856	0.00630	0.00634	0.00210	0.00840	0.00564	0.00284	0.00724
31	0.01388	0.01388	0.01943	0.01666	0.01666	0.01943	0.01388	0.01527	0.00972	0.01527	0.00833	0.01388	0.00833	0.01110	0.02082	0.00278	0.76544	0.00555	0.00278	0.00694
32	0.00910	0.00617	0.00688	0.00688	0.00704	0.00609	0.00391	0.00922	0.00960	0.01265	0.02319	0.04293	0.07458	0.72198	0.03050	0.00586	0.00594	0.00953	0.00399	0.00395
33	0.01736	0.01616	0.02475	0.01857	0.02341	0.03721	0.27521	0.21632	0.05870	0.02567	0.03070	0.01667	0.01149	0.00697	0.00826	0.00199	0.09524	0.00630	0.00438	0.10466
34	0.82186	0.01227	0.00932	0.00834	0.01227	0.01423	0.00687	0.01865	0.01080	0.02846	0.00883	0.01031	0.00687	0.00589	0.00393	0.00196	0.00491	0.00344	0.00393	0.00687
35	0.01422	0.05745	0.33243	0.02569	0.30954	0.03630	0.03737	0.01932	0.01373	0.01959	0.01188	0.01504	0.00946	0.00885	0.06004	0.00251	0.00917	0.00522	0.00295	0.00924

[dist]
# distance from previous block
# <min> <max>
0	3

[block]
# block no. 6 follows, 35 sequences, length 56
# corresponding to MSA columns:
# 478-525,529-536
name=unknown_G
#
# <colnr> <probs for GDERKNQSTAVLIFYWHMCP>
#	G	D	E	R	K	N	Q	S	T	A	V	L	I	F	Y	W	H	M	C	P
0	0.00898	0.00648	0.00848	0.00798	0.00948	0.00599	0.00599	0.01197	0.01796	0.02544	0.73413	0.04739	0.05986	0.01297	0.00748	0.00200	0.00299	0.01147	0.00698	0.00599
1	0.02383	0.02626	0.01832	0.01579	0.01963	0.51836	0.01219	0.24552	0.02175	0.02332	0.01153	0.01265	0.00901	0.00688	0.00592	0.00172	0.01002	0.00460	0.00425	0.00845
2	0.01315	0.01128	0.01315	0.00940	0.01503	0.00846	0.00752	0.01597	0.01315	0.02067	0.01128	0.01315	0.00940	0.00470	0.00470	0.00094	0.00470	0.00376	0.00376	0.81583
3	0.01479	0.01309	0.01964	0.26082	0.28667	0.03405	0.01551	0.08853	0.04460	0.02012	0.01335	0.04516	0.01126	0.00853	0.00838	0.09027	0.00741	0.00613	0.00357	0.00812
4	0.00818	0.00644	0.00741	0.00739	0.00917	0.00567	0.00558	0.01032	0.01559	0.02015	0.30034	0.09713	0.41825	0.01525	0.00759	0.00215	0.00330	0.04822	0.00628	0.00559
5	0.02643	0.01030	0.01402	0.01102	0.01551	0.00893	0.00898	0.02881	0.01772	0.66989	0.04574	0.07592	0.01882	0.00885	0.00653	0.00201	0.00521	0.00735	0.00769	0.01026
6	0.12572	0.01559	0.02102	0.08266	0.24931	0.05513	0.08347	0.14853	0.08196	0.05522	0.01386	0.01588	0.01057	0.00648	0.00609	0.00196	0.00736	0.00563	0.00432	0.00925
7	0.01004	0.00573	0.00825	0.00849	0.00878	0.00578	0.00580	0.00881	0.00942	0.01262	0.01808	0.14455	0.04604	0.04770	0.11503	0.52298	0.00662	0.00813	0.00350	0.00365
8	0.00813	0.00608	0.00762	0.00848	0.00956	0.00557	0.00616	0.00982	0.01374	0.01791	0.12839	0.41961	0.21665	0.01778	0.00795	0.00244	0.00374	0.09895	0.00602	0.00539
9	0.01315	0.01128	0.01315	0.00940	0.01503	0.00846	0.00752	0.01597	0.01315	0.02067	0.01128	0.01315	0.00940	0.00470	0.00470	0.00094	0.00470	0.00376	0.00376	0.81583
10	0.47292	0.25711	0.01790	0.01009	0.01441	0.10521	0.00877	0.01955	0.01231	0.02265	0.00894	0.01040	0.00743	0.00582	0.00418	0.00173	0.00628	0.00350	0.00347	0.00733
11	0.00773	0.00552	0.00736	0.00883	0.00920	0.00515	0.00589	0.00883	0.01215	0.01619	0.03497	0.77291	0.04196	0.01987	0.00810	0.00258	0.00368	0.01803	0.00589	0.00515
12	0.00923	0.00615	0.00692	0.00692	0.00692	0.00615	0.00384	0.00923	0.00923	0.01230	0.01999	0.04151	0.02306	0.77705	0.03229	0.00615	0.00615	0.00923	0.00384	0.00384
13	0.01782	0.01276	0.01427	0.01171	0.01529	0.01391	0.03829	0.31075	0.15375	0.03085	0.01905	0.01987	0.01429	0.00763	0.00574	0.00181	0.00534	0.00613	0.29191	0.00883
14	0.00823	0.00618	0.00845	0.00936	0.01026	0.00575	0.02562	0.00978	0.01295	0.01702	0.05833	0.56624	0.11991	0.01856	0.00807	0.00254	0.00406	0.09746	0.00584	0.00538
15	0.02370	0.03023	0.01798	0.01634	0.01961	0.75158	0.01226	0.02533	0.01798	0.01553	0.00981	0.01144	0.00817	0.00654	0.00572	0.00163	0.01144	0.00409	0.00327	0.00735
16	0.01272	0.03281	0.74418	0.01808	0.02746	0.01473	0.02344	0.02009	0.01339	0.02009	0.01138	0.01339	0.00804	0.00603	0.00603	0.00201	0.00938	0.00469	0.00268	0.00938
17	0.01198	0.01128	0.01903	0.76180	0.04369	0.01409	0.01762	0.01621	0.01268	0.01621	0.01128	0.01691	0.00846	0.00634	0.00634	0.00211	0.00846	0.00564	0.00282	0.00705
18	0.01975	0.00887	0.01193	0.00981	0.01319	0.00783	0.00783	0.02245	0.01807	0.42153	0.34209	0.03313	0.03545	0.01014	0.00687	0.00198	0.00432	0.00866	0.00746	0.00865
19	0.00997	0.00678	0.00873	0.00838	0.00997	0.00630	0.00622	0.01303	0.03809	0.06210	0.53848	0.15957	0.08053	0.01377	0.00749	0.00210	0.00330	0.01218	0.00680	0.00621
20	0.00906	0.00680	0.01020	0.01020	0.01133	0.00793	0.00793	0.01133	0.01020	0.01473	0.01699	0.02492	0.01586	0.04758	0.75191	0.01020	0.01699	0.00680	0.00340	0.00566
21	0.00864	0.00651	0.00779	0.00803	0.00932	0.00609	0.00576	0.01103	0.04277	0.01912	0.23693	0.23138	0.22621	0.10677	0.01062	0.00272	0.00381	0.04502	0.00597	0.00551
22	0.82186	0.01227	0.00932	0.00834	0.01227	0.01423	0.00687	0.01865	0.01080	0.02846	0.00883	0.01031	0.00687	0.00589	0.00393	0.00196	0.00491	0.00344	0.00393	0.00687
23	0.01513	0.02423	0.38113	0.04373	0.13678	0.01576	0.09567	0.11462	0.04982	0.02296	0.01275	0.01501	0.00946	0.00638	0.00670	0.00202	0.02942	0.00545	0.00349	0.00948
24	0.01151	0.00597	0.00867	0.00850	0.00869	0.00604	0.00576	0.03492	0.00908	0.01211	0.01118	0.01913	0.01101	0.02150	0.02410	0.78480	0.00557	0.00552	0.00289	0.00306
25	0.01740	0.03942	0.17519	0.05585	0.29605	0.01428	0.07142	0.05901	0.01574	0.14861	0.03586	0.01718	0.01200	0.00644	0.00632	0.00194	0.00764	0.00583	0.00414	0.00966
26	0.22116	0.01404	0.06694	0.01392	0.01572	0.01653	0.01211	0.01605	0.01030	0.01894	0.00960	0.01411	0.00874	0.01332	0.09393	0.00331	0.43611	0.00508	0.00313	0.00696
27	0.82186	0.01227	0.00932	0.00834	0.01227	0.01423	0.00687	0.01865	0.01080	0.02846	0.00883	0.01031	0.00687	0.00589	0.00393	0.00196	0.00491	0.00344	0.00393	0.00687
28	0.00922	0.00618	0.00706	0.00706	0.00710	0.00622	0.00401	0.00931	0.00927	0.01240	0.01986	0.04082	0.02276	0.74661	0.06232	0.00632	0.00660	0.00912	0.00383	0.00392
29	0.00951	0.00648	0.00787	0.00829	0.00871	0.00648	0.00568	0.01035	0.01077	0.01422	0.02390	0.05016	0.02693	0.55854	0.02552	0.00522	0.00606	0.20646	0.00442	0.00442
30	0.02526	0.01593	0.01790	0.01372	0.01876	0.01695	0.01134	0.53573	0.02675	0.22492	0.01781	0.01691	0.01208	0.00768	0.00635	0.00192	0.00656	0.00589	0.00674	0.01079
31	0.00932	0.00678	0.00924	0.00946	0.01034	0.00741	0.00700	0.01140	0.03013	0.01496	0.02109	0.08673	0.02195	0.23662	0.40617	0.00757	0.01162	0.08290	0.00404	0.00528
32	0.04937	0.01314	0.01438	0.01246	0.01637	0.01454	0.00984	0.05410	0.53405	0.17124	0.02468	0.02247	0.01788	0.00832	0.00634	0.00210	0.00515	0.00682	0.00664	0.01010
33	0.02846	0.01080	0.01472	0.01129	0.01619	0.00932	0.00932	0.03092	0.01816	0.74187	0.02503	0.02159	0.01570	0.00785	0.00638	0.00196	0.00540	0.00638	0.00785	0.01080
34	0.00892	0.00648	0.00839	0.00792	0.00944	0.00596	0.00594	0.01185	0.01781	0.02509	0.70606	0.04796	0.08814	0.01310	0.00748	0.00200	0.00300	0.01155	0.00694	0.00596
35	0.82186	0.01227	0.00932	0.00834	0.01227	0.01423	0.00687	0.01865	0.01080	0.02846	0.00883	0.01031	0.00687	0.00589	0.00393	0.00196	0.00491	0.00344	0.00393	0.00687
36	0.02846	0.01080	0.01472	0.01129	0.01619	0.00932	0.00932	0.03092	0.01816	0.74187	0.02503	0.02159	0.01570	0.00785	0.00638	0.00196	0.00540	0.00638	0.00785	0.01080
37	0.01578	0.01363	0.01434	0.01291	0.01650	0.01578	0.01004	0.03371	0.72602	0.02654	0.02582	0.02367	0.01937	0.00861	0.00646	0.00215	0.00502	0.00717	0.00646	0.01004
38	0.02370	0.03023	0.01798	0.01634	0.01961	0.75158	0.01226	0.02533	0.01798	0.01553	0.00981	0.01144	0.00817	0.00654	0.00572	0.00163	0.01144	0.00409	0.00327	0.00735
39	0.00898	0.00648	0.00848	0.00798	0.00948	0.00599	0.00599	0.01197	0.01796	0.02544	0.73413	0.04739	0.05986	0.01297	0.00748	0.00200	0.00299	0.01147	0.00698	0.00599
40	0.82186	0.01227	0.00932	0.00834	0.01227	0.01423	0.00687	0.01865	0.01080	0.02846	0.00883	0.01031	0.00687	0.00589	0.00393	0.00196	0.00491	0.00344	0.00393	0.00687
41	0.02343	0.01791	0.01862	0.01453	0.01942	0.04731	0.01190	0.63543	0.08497	0.03797	0.01587	0.01576	0.01137	0.00765	0.00633	0.00191	0.00699	0.00577	0.00624	0.01060
42	0.00805	0.00648	0.00719	0.00710	0.00902	0.00562	0.00538	0.01013	0.01553	0.01972	0.26617	0.05731	0.50369	0.01518	0.00754	0.00213	0.00325	0.03874	0.00622	0.00557
43	0.01380	0.01849	0.19705	0.23304	0.26082	0.01498	0.11056	0.01870	0.01363	0.01910	0.01163	0.01562	0.00902	0.00606	0.00683	0.00204	0.03130	0.00565	0.00294	0.00876
44	0.00842	0.00645	0.00763	0.00734	0.00903	0.00575	0.00546	0.01077	0.01628	0.02175	0.44995	0.05241	0.31745	0.04323	0.00843	0.00221	0.00320	0.01212	0.00644	0.00566
45	0.00958	0.00755	0.00977	0.00969	0.01078	0.03548	0.00727	0.01147	0.01080	0.01488	0.04628	0.02922	0.04581	0.15647	0.55564	0.00863	0.01405	0.00750	0.00369	0.00545
46	0.01310	0.02834	0.01328	0.04483	0.10098	0.01003	0.03859	0.09084	0.01524	0.02207	0.02298	0.03445	0.05746	0.07846	0.00862	0.00238	0.00549	0.14965	0.25630	0.00693
47	0.01696	0.78087	0.03324	0.01085	0.01628	0.02510	0.01085	0.01900	0.01289	0.01493	0.00882	0.01018	0.00814	0.00543	0.00407	0.00136	0.00678	0.00339	0.00271	0.00814
48	0.01584	0.04783	0.12812	0.06296	0.30336	0.01454	0.13825	0.03736	0.01474	0.07095	0.01278	0.01558	0.00987	0.00578	0.00621	0.00184	0.00789	0.00559	0.00353	0.09698
49	0.06578	0.14104	0.20329	0.01575	0.05381	0.10590	0.04096	0.07638	0.12532	0.09074	0.01454	0.01522	0.01084	0.00664	0.00575	0.00187	0.00769	0.00511	0.00423	0.00913
50	0.00773	0.00552	0.00736	0.00883	0.00920	0.00515	0.00589	0.00883	0.01215	0.01619	0.03497	0.77291	0.04196	0.01987	0.00810	0.00258	0.00368	0.01803	0.00589	0.00515
51	0.01585	0.01332	0.02131	0.10333	0.22689	0.01456	0.09492	0.02060	0.08559	0.10610	0.07266	0.01971	0.01514	0.00788	0.00932	0.00215	0.15115	0.00655	0.00425	0.00872
52	0.01578	0.01363	0.01434	0.01291	0.01650	0.01578	0.01004	0.03371	0.72602	0.02654	0.02582	0.02367	0.01937	0.00861	0.00646	0.00215	0.00502	0.00717	0.00646	0.01004
53	0.02370	0.03023	0.01798	0.01634	0.01961	0.75158	0.01226	0.02533	0.01798	0.01553	0.00981	0.01144	0.00817	0.00654	0.00572	0.00163	0.01144	0.00409	0.00327	0.00735
54	0.01452	0.01501	0.08695	0.21885	0.12966	0.01473	0.08738	0.02296	0.22463	0.04366	0.01705	0.02058	0.01329	0.00739	0.00696	0.00213	0.02865	0.03253	0.00424	0.00880
55	0.01206	0.00977	0.01536	0.16856	0.15171	0.00984	0.03923	0.01375	0.01236	0.01701	0.06667	0.04538	0.05506	0.01187	0.01162	0.23334	0.00622	0.00668	0.00356	0.10993

[dist]
# distance from previous block
# <min> <max>
10	28

[block]
# block no. 7 follows, 35 sequences, length 44
# corresponding to MSA columns:
# 565-608
name=unknown_H
#
# <colnr> <probs for GDERKNQSTAVLIFYWHMCP>
#	G	D	E	R	K	N	Q	S	T	A	V	L	I	F	Y	W	H	M	C	P
0	0.12328	0.21407	0.01939	0.01243	0.03885	0.09737	0.04442	0.09291	0.03699	0.02221	0.03166	0.01641	0.02802	0.00690	0.00562	0.00170	0.03314	0.00506	0.14392	0.02566
1	0.01288	0.00987	0.01241	0.02969	0.07309	0.02941	0.02569	0.01822	0.15399	0.08517	0.13617	0.13124	0.13765	0.05015	0.04489	0.00273	0.00556	0.02817	0.00569	0.00734
2	0.01597	0.07011	0.07229	0.07482	0.10093	0.08016	0.01231	0.14324	0.09144	0.02210	0.01530	0.03921	0.01318	0.08973	0.04891	0.00276	0.02735	0.00612	0.02348	0.05059
3	0.00912	0.00617	0.00816	0.00868	0.00938	0.00605	0.00620	0.01006	0.01206	0.01618	0.11798	0.22816	0.07029	0.15891	0.08015	0.12957	0.00577	0.10735	0.00495	0.00480
4	0.14357	0.01597	0.03983	0.09928	0.23479	0.05522	0.03221	0.19440	0.03341	0.07231	0.01324	0.01517	0.00997	0.00651	0.00594	0.00193	0.00724	0.00534	0.00440	0.00927
5	0.01558	0.01495	0.02553	0.06242	0.71494	0.01504	0.01941	0.01936	0.01439	0.02058	0.01191	0.01574	0.01000	0.00567	0.00628	0.00189	0.00757	0.00565	0.00313	0.00995
6	0.82186	0.01227	0.00932	0.00834	0.01227	0.01423	0.00687	0.01865	0.01080	0.02846	0.00883	0.01031	0.00687	0.00589	0.00393	0.00196	0.00491	0.00344	0.00393	0.00687
7	0.01413	0.20399	0.44584	0.01803	0.02593	0.01739	0.15040	0.01988	0.01357	0.01893	0.01106	0.01334	0.00836	0.00576	0.00585	0.00188	0.00902	0.00491	0.00279	0.00893
8	0.00904	0.00879	0.07327	0.00991	0.01183	0.00657	0.00793	0.01104	0.01255	0.01730	0.02971	0.56131	0.03437	0.01652	0.00751	0.00234	0.00446	0.05900	0.00533	0.11124
9	0.00865	0.00621	0.00728	0.00746	0.00826	0.00585	0.00495	0.00976	0.01243	0.01639	0.15636	0.15588	0.17637	0.35081	0.01853	0.00397	0.00463	0.03625	0.00518	0.00479
10	0.82186	0.01227	0.00932	0.00834	0.01227	0.01423	0.00687	0.01865	0.01080	0.02846	0.00883	0.01031	0.00687	0.00589	0.00393	0.00196	0.00491	0.00344	0.00393	0.00687
11	0.01336	0.02667	0.48086	0.02081	0.02893	0.01493	0.26096	0.01987	0.01390	0.02006	0.01252	0.03519	0.00950	0.00617	0.00659	0.00207	0.00968	0.00601	0.00295	0.00898
12	0.00923	0.00615	0.00692	0.00692	0.00692	0.00615	0.00384	0.00923	0.00923	0.01230	0.01999	0.04151	0.02306	0.77705	0.03229	0.00615	0.00615	0.00923	0.00384	0.00384
13	0.01662	0.01878	0.01861	0.46660	0.03416	0.30614	0.01550	0.01982	0.01478	0.01594	0.01069	0.01475	0.00834	0.00642	0.00610	0.00192	0.00964	0.00502	0.00300	0.00717
14	0.00955	0.00687	0.00942	0.01081	0.01206	0.00674	0.00902	0.01201	0.01406	0.01829	0.03535	0.22440	0.07098	0.01797	0.00856	0.00281	0.00524	0.51436	0.00585	0.00567
15	0.82186	0.01227	0.00932	0.00834	0.01227	0.01423	0.00687	0.01865	0.01080	0.02846	0.00883	0.01031	0.00687	0.00589	0.00393	0.00196	0.00491	0.00344	0.00393	0.00687
16	0.02412	0.01777	0.01904	0.01460	0.01967	0.01967	0.01206	0.71633	0.02983	0.03998	0.01523	0.01523	0.01079	0.00762	0.00635	0.00190	0.00698	0.00571	0.00635	0.01079
17	0.01578	0.01363	0.01434	0.01291	0.01650	0.01578	0.01004	0.03371	0.72602	0.02654	0.02582	0.02367	0.01937	0.00861	0.00646	0.00215	0.00502	0.00717	0.00646	0.01004
18	0.00781	0.00644	0.00686	0.00676	0.00876	0.00549	0.00507	0.00971	0.01520	0.01890	0.20663	0.05815	0.59144	0.01541	0.00749	0.00211	0.00317	0.01298	0.00612	0.00549
19	0.00881	0.00648	0.00825	0.00781	0.00938	0.00592	0.00586	0.01165	0.01757	0.02451	0.65952	0.04891	0.13505	0.01331	0.00748	0.00201	0.00302	0.01169	0.00686	0.00592
20	0.00789	0.00564	0.00755	0.00902	0.00946	0.00530	0.00618	0.00912	0.01231	0.01638	0.03487	0.72626	0.04160	0.01972	0.00814	0.00260	0.00382	0.06305	0.00589	0.00520
21	0.00783	0.00572	0.00737	0.00848	0.00916	0.00526	0.00578	0.00918	0.01299	0.01723	0.10884	0.62179	0.11948	0.01876	0.00797	0.00247	0.00356	0.01686	0.00600	0.00526
22	0.00913	0.00611	0.00695	0.00705	0.00707	0.00608	0.00398	0.00920	0.00942	0.01256	0.02098	0.09016	0.02432	0.72669	0.03068	0.00591	0.00599	0.00981	0.00398	0.00393
