[name]
unknown

[dist]
# distance from previous block
# <min> <max>
0	167

[block]
# block no. 0 follows, 30 sequences, length 25
# corresponding to MSA columns:
# 239-263
name=unknown_A
#
# <colnr> <probs for GDERKNQSTAVLIFYWHMCP>
#	G	D	E	R	K	N	Q	S	T	A	V	L	I	F	Y	W	H	M	C	P
0	0.00968	0.00722	0.00974	0.01063	0.01152	0.00745	0.00795	0.01149	0.01332	0.01783	0.03439	0.35861	0.08417	0.07558	0.14719	0.00473	0.03894	0.13798	0.00565	0.00592
1	0.02049	0.01664	0.07029	0.16065	0.16941	0.05470	0.01576	0.13001	0.01910	0.17577	0.01973	0.06542	0.03363	0.00862	0.00706	0.00219	0.00786	0.00731	0.00533	0.01002
2	0.01913	0.01731	0.01954	0.01872	0.09764	0.11084	0.03372	0.20703	0.09327	0.02646	0.01632	0.01956	0.01333	0.01835	0.17093	0.00425	0.09283	0.00652	0.00487	0.00937
3	0.00889	0.00643	0.00848	0.00999	0.01071	0.00603	0.00709	0.01043	0.01394	0.01834	0.04055	0.60299	0.09268	0.02118	0.00897	0.00286	0.00436	0.11383	0.00647	0.00579
4	0.02586	0.02485	0.01988	0.01661	0.02121	0.32580	0.01308	0.33021	0.07448	0.05756	0.01543	0.01589	0.01151	0.00795	0.00669	0.00199	0.00958	0.00565	0.00559	0.01018
5	0.04456	0.11435	0.01814	0.06323	0.01900	0.01263	0.01013	0.02347	0.01646	0.25704	0.05419	0.01938	0.01530	0.00711	0.00597	0.00167	0.00595	0.00565	0.00562	0.30016
6	0.01204	0.01054	0.01815	0.06781	0.10755	0.01138	0.10557	0.01529	0.01270	0.01793	0.01701	0.02489	0.01536	0.05908	0.46289	0.00805	0.01537	0.00742	0.00364	0.00733
7	0.01657	0.43564	0.34162	0.01550	0.02341	0.02251	0.01813	0.02143	0.01443	0.01896	0.01096	0.01278	0.00890	0.00627	0.00544	0.00181	0.00874	0.00437	0.00297	0.00956
8	0.01146	0.01005	0.01616	0.41263	0.03184	0.01162	0.02973	0.01482	0.01388	0.01810	0.03893	0.23004	0.04249	0.03141	0.03911	0.00297	0.00784	0.02558	0.00440	0.00694
9	0.01527	0.01527	0.02137	0.01832	0.01832	0.02137	0.01527	0.01679	0.01069	0.01679	0.00916	0.01527	0.00916	0.01221	0.02290	0.00305	0.74198	0.00611	0.00305	0.00763
10	0.01837	0.12438	0.07544	0.03375	0.47910	0.10900	0.01937	0.02222	0.01607	0.02112	0.01230	0.01564	0.01034	0.00634	0.00647	0.00197	0.00886	0.00558	0.00337	0.01033
11	0.01374	0.01073	0.01666	0.10350	0.14699	0.01207	0.01290	0.01669	0.01337	0.07103	0.03857	0.05437	0.01721	0.02896	0.33662	0.00640	0.08056	0.00761	0.00415	0.00785
12	0.00840	0.00646	0.00770	0.00870	0.00985	0.00575	0.00603	0.00983	0.01434	0.01821	0.05086	0.48736	0.30099	0.02025	0.00865	0.00265	0.00385	0.01787	0.00648	0.00575
13	0.00855	0.00674	0.00771	0.00819	0.00979	0.00591	0.00587	0.01033	0.01556	0.01971	0.14424	0.29514	0.40027	0.01863	0.00847	0.00250	0.00368	0.01617	0.00664	0.00591
14	0.02392	0.02888	0.02201	0.06952	0.07378	0.53891	0.06081	0.06342	0.01960	0.01941	0.01163	0.01399	0.00943	0.00708	0.00656	0.00191	0.01172	0.00509	0.00374	0.00858
15	0.01797	0.27711	0.14327	0.01779	0.07133	0.05923	0.09154	0.02355	0.08458	0.06816	0.05088	0.01902	0.03190	0.00741	0.00626	0.00196	0.00817	0.00608	0.00424	0.00955
16	0.00999	0.00738	0.01072	0.01072	0.01180	0.00845	0.00811	0.01214	0.01107	0.01583	0.01914	0.02992	0.01853	0.14866	0.63227	0.01060	0.01706	0.00784	0.00381	0.00596
17	0.01008	0.00728	0.00900	0.00905	0.01057	0.00689	0.00671	0.02923	0.01686	0.02312	0.31543	0.17401	0.15613	0.06636	0.03815	0.00303	0.00463	0.06057	0.04665	0.00626
18	0.00930	0.00686	0.00879	0.01003	0.01079	0.00667	0.00686	0.01214	0.06969	0.01929	0.07336	0.65376	0.04517	0.02044	0.00872	0.00276	0.00413	0.01848	0.00659	0.00616
19	0.01794	0.01746	0.01692	0.01806	0.12809	0.18726	0.01194	0.07058	0.13172	0.02355	0.04061	0.09850	0.01870	0.01165	0.04519	0.00251	0.00809	0.00769	0.07808	0.06546
20	0.01664	0.06826	0.02150	0.18252	0.16341	0.06506	0.03424	0.06313	0.10321	0.03919	0.01704	0.06032	0.01448	0.01303	0.08465	0.00317	0.02963	0.00711	0.00436	0.00907
21	0.14081	0.01417	0.01999	0.09384	0.23849	0.01414	0.03125	0.02053	0.01470	0.07307	0.01316	0.01609	0.01046	0.00653	0.00692	0.00189	0.04616	0.00536	0.00410	0.22834
22	0.47306	0.01624	0.03294	0.01384	0.05898	0.05652	0.01073	0.11554	0.01608	0.07971	0.01229	0.01378	0.00930	0.00732	0.00648	0.00219	0.05668	0.00475	0.00479	0.00879
23	0.02318	0.13841	0.11178	0.01647	0.05792	0.01914	0.01433	0.27842	0.08687	0.15795	0.01797	0.01779	0.01285	0.00780	0.00655	0.00205	0.00749	0.00601	0.00595	0.01108
24	0.01697	0.01753	0.11282	0.01394	0.01837	0.06565	0.01223	0.04747	0.36394	0.05761	0.07989	0.04850	0.04137	0.00974	0.00699	0.00224	0.00634	0.00802	0.06057	0.00981

[dist]
# distance from previous block
# <min> <max>
2	18

[block]
# block no. 1 follows, 30 sequences, length 20
# corresponding to MSA columns:
# 288-307
name=unknown_B
#
# <colnr> <probs for GDERKNQSTAVLIFYWHMCP>
#	G	D	E	R	K	N	Q	S	T	A	V	L	I	F	Y	W	H	M	C	P
0	0.01614	0.01776	0.08208	0.33057	0.28895	0.06608	0.03828	0.03963	0.01575	0.02085	0.01274	0.01732	0.01000	0.00669	0.00691	0.00218	0.00926	0.00606	0.00338	0.00937
1	0.01671	0.51561	0.03001	0.01289	0.01711	0.02357	0.01198	0.01887	0.01313	0.01645	0.01104	0.01445	0.01034	0.01438	0.12248	0.00330	0.13154	0.00472	0.00312	0.00830
2	0.01581	0.01499	0.02545	0.21650	0.50272	0.01585	0.02016	0.01998	0.01513	0.02116	0.01327	0.01820	0.01099	0.00912	0.04924	0.00267	0.00916	0.00629	0.00338	0.00994
3	0.01925	0.01786	0.01904	0.20056	0.02700	0.11860	0.01422	0.16115	0.25220	0.02683	0.01833	0.01972	0.01387	0.00845	0.00786	0.00226	0.05120	0.00655	0.00532	0.00975
4	0.01866	0.75896	0.03657	0.01194	0.01791	0.02761	0.01194	0.02090	0.01418	0.01642	0.00970	0.01119	0.00896	0.00597	0.00448	0.00149	0.00746	0.00373	0.00299	0.00896
5	0.01191	0.01025	0.01365	0.14872	0.01938	0.01175	0.01063	0.05745	0.01467	0.01924	0.03422	0.07152	0.24594	0.06080	0.11451	0.00398	0.12964	0.01008	0.00479	0.00687
6	0.01837	0.69536	0.03527	0.01249	0.01795	0.02708	0.01222	0.02054	0.01388	0.01645	0.00966	0.01154	0.00897	0.00650	0.00605	0.00163	0.07027	0.00393	0.00299	0.00884
7	0.00943	0.00712	0.00871	0.00831	0.01015	0.00639	0.00623	0.01230	0.01870	0.02548	0.53295	0.05625	0.24200	0.01520	0.00824	0.00224	0.00336	0.01320	0.00735	0.00639
8	0.01202	0.00762	0.00882	0.00856	0.01094	0.00656	0.00639	0.01386	0.01611	0.12980	0.07622	0.21028	0.43289	0.01705	0.00820	0.00243	0.00402	0.01456	0.00686	0.00682
9	0.01338	0.01236	0.02060	0.46102	0.19574	0.01419	0.01780	0.01737	0.01431	0.01898	0.01672	0.13466	0.01557	0.00917	0.00727	0.00235	0.00823	0.00837	0.00372	0.00819
10	0.01563	0.10205	0.59791	0.01869	0.02821	0.01728	0.02335	0.05106	0.01566	0.04912	0.01302	0.01483	0.00930	0.00672	0.00646	0.00214	0.00977	0.00514	0.00334	0.01031
11	0.02319	0.02846	0.02020	0.01807	0.02071	0.53868	0.01396	0.02491	0.01735	0.01700	0.01035	0.01330	0.00903	0.00853	0.01072	0.00213	0.20706	0.00492	0.00345	0.00797
12	0.01419	0.01380	0.01926	0.01695	0.01702	0.01888	0.01387	0.01567	0.01111	0.01696	0.01382	0.13216	0.01504	0.01375	0.02067	0.00302	0.62461	0.00829	0.00360	0.00732
13	0.01514	0.01452	0.02499	0.39943	0.34598	0.01607	0.04458	0.01961	0.01492	0.02023	0.01279	0.01801	0.01014	0.00660	0.00699	0.00221	0.00894	0.00628	0.00328	0.00930
14	0.01015	0.00677	0.00761	0.00761	0.00761	0.00677	0.00423	0.01015	0.01015	0.01353	0.02199	0.04567	0.02537	0.75476	0.03552	0.00677	0.00677	0.01015	0.00423	0.00423
15	0.00846	0.00623	0.00793	0.00930	0.01001	0.00570	0.00629	0.00976	0.01377	0.01798	0.04359	0.64156	0.15149	0.02120	0.00880	0.00276	0.00397	0.01903	0.00648	0.00570
16	0.01212	0.00606	0.00909	0.00909	0.00909	0.00606	0.00606	0.00909	0.00909	0.01212	0.01212	0.02121	0.01212	0.02424	0.02727	0.79697	0.00606	0.00606	0.00303	0.00303
17	0.01984	0.43590	0.16789	0.01469	0.02104	0.15655	0.01489	0.02319	0.01567	0.05708	0.01147	0.01287	0.00941	0.00648	0.00539	0.00173	0.00891	0.00434	0.00341	0.00923
18	0.03864	0.32834	0.34361	0.01690	0.02475	0.05405	0.06304	0.02185	0.01478	0.01983	0.01132	0.01337	0.00897	0.00633	0.00578	0.00191	0.00922	0.00471	0.00307	0.00952
19	0.04207	0.26186	0.29760	0.01755	0.06217	0.08309	0.01788	0.06231	0.03505	0.04224	0.01255	0.01415	0.00975	0.00668	0.00591	0.00193	0.00893	0.00486	0.00361	0.00980

[dist]
# distance from previous block
# <min> <max>
2	9

[block]
# block no. 2 follows, 30 sequences, length 120
# corresponding to MSA columns:
# 334-340,346-350,362-380,402-416,436-442,459-486,504-506,540-556,564-582
name=unknown_C
#
# <colnr> <probs for GDERKNQSTAVLIFYWHMCP>
#	G	D	E	R	K	N	Q	S	T	A	V	L	I	F	Y	W	H	M	C	P
0	0.01723	0.33858	0.16791	0.04568	0.12344	0.07056	0.01609	0.04152	0.01544	0.01958	0.01359	0.07537	0.01247	0.00767	0.00594	0.00191	0.00831	0.00596	0.00351	0.00925
1	0.02207	0.01733	0.01843	0.01515	0.01994	0.01956	0.01219	0.37179	0.35624	0.03680	0.02241	0.02126	0.01645	0.00891	0.00704	0.00223	0.00663	0.00706	0.00704	0.01147
2	0.01212	0.00606	0.00909	0.00909	0.00909	0.00606	0.00606	0.00909	0.00909	0.01212	0.01212	0.02121	0.01212	0.02424	0.02727	0.79697	0.00606	0.00606	0.00303	0.00303
3	0.11307	0.03326	0.62977	0.01855	0.02811	0.01614	0.02350	0.02190	0.01437	0.02325	0.01217	0.01431	0.00868	0.00661	0.00634	0.00220	0.00970	0.00498	0.00312	0.00997
4	0.01879	0.01858	0.17702	0.02063	0.14392	0.03185	0.07191	0.02423	0.06190	0.19529	0.07575	0.08975	0.02035	0.00922	0.00727	0.00224	0.00759	0.00819	0.00550	0.01002
5	0.01513	0.01639	0.05041	0.39512	0.10856	0.04297	0.23020	0.02013	0.01518	0.01986	0.01296	0.01819	0.00986	0.00655	0.00733	0.00229	0.01014	0.00675	0.00328	0.00870
6	0.00877	0.00618	0.00802	0.00938	0.00972	0.00584	0.00612	0.00979	0.01284	0.01712	0.03581	0.63685	0.04281	0.13978	0.01319	0.00347	0.00449	0.01828	0.00612	0.00544
7	0.03131	0.01188	0.01619	0.01242	0.01781	0.01026	0.01026	0.03401	0.01997	0.71606	0.02753	0.02375	0.01727	0.00864	0.00702	0.00216	0.00594	0.00702	0.00864	0.01188
8	0.01564	0.01478	0.02501	0.19251	0.50695	0.01543	0.01972	0.01965	0.01525	0.02129	0.01509	0.07907	0.01361	0.00770	0.00709	0.00219	0.00816	0.00736	0.00363	0.00988
9	0.01633	0.01562	0.02663	0.20253	0.55888	0.01633	0.02095	0.02059	0.01544	0.02166	0.01296	0.01758	0.01065	0.00639	0.00692	0.00213	0.00852	0.00621	0.00337	0.01030
10	0.00997	0.00748	0.01121	0.01121	0.01246	0.00872	0.00872	0.01246	0.01121	0.01620	0.01869	0.02741	0.01745	0.05234	0.72710	0.01121	0.01869	0.00748	0.00374	0.00623
11	0.01034	0.00802	0.01193	0.01171	0.01287	0.00961	0.00918	0.01277	0.01118	0.01624	0.01802	0.02656	0.01686	0.04952	0.67767	0.01064	0.06946	0.00738	0.00369	0.00633
12	0.01851	0.66584	0.03455	0.07312	0.02059	0.05595	0.01263	0.02093	0.01440	0.01656	0.00997	0.01187	0.00899	0.00611	0.00476	0.00158	0.00783	0.00397	0.00302	0.00882
13	0.01727	0.01658	0.02832	0.04283	0.71123	0.01658	0.02142	0.02142	0.01589	0.02280	0.01313	0.01727	0.01105	0.00622	0.00691	0.00207	0.00829	0.00622	0.00345	0.01105
14	0.00850	0.00607	0.00810	0.00972	0.01012	0.00567	0.00648	0.00972	0.01336	0.01781	0.03846	0.75020	0.04615	0.02186	0.00891	0.00283	0.00405	0.01984	0.00648	0.00567
15	0.01015	0.00677	0.00761	0.00761	0.00761	0.00677	0.00423	0.01015	0.01015	0.01353	0.02199	0.04567	0.02537	0.75476	0.03552	0.00677	0.00677	0.01015	0.00423	0.00423
16	0.01689	0.01619	0.02764	0.10745	0.64958	0.01648	0.02123	0.02108	0.01571	0.02234	0.01306	0.01740	0.01089	0.00629	0.00691	0.00210	0.00838	0.00622	0.00342	0.01075
17	0.01400	0.03610	0.71860	0.01989	0.03020	0.01621	0.02578	0.02210	0.01473	0.02210	0.01252	0.01473	0.00884	0.00663	0.00663	0.00221	0.01031	0.00516	0.00295	0.01031
18	0.00998	0.00744	0.01104	0.01104	0.01223	0.00863	0.00851	0.01235	0.01116	0.01607	0.01885	0.02828	0.01782	0.08556	0.69439	0.01100	0.01813	0.00760	0.00376	0.00614
19	0.01356	0.00704	0.00710	0.00690	0.00868	0.00713	0.00522	0.04383	0.01538	0.02675	0.02252	0.02564	0.01764	0.00814	0.00496	0.00165	0.00343	0.00649	0.76121	0.00672
20	0.00825	0.00707	0.00707	0.00707	0.00943	0.00589	0.00530	0.01001	0.01591	0.01885	0.07069	0.06716	0.70839	0.01767	0.00825	0.00236	0.00353	0.01473	0.00648	0.00589
21	0.07910	0.00986	0.01143	0.00970	0.01323	0.00955	0.00774	0.02539	0.07046	0.30557	0.02417	0.02402	0.01715	0.00832	0.00588	0.00194	0.00467	0.00662	0.35611	0.00911
22	0.01848	0.73123	0.06273	0.01225	0.01838	0.02717	0.01247	0.02094	0.01420	0.01664	0.00981	0.01133	0.00895	0.00600	0.00456	0.00152	0.00757	0.00379	0.00298	0.00901
23	0.00855	0.00610	0.00808	0.00965	0.01004	0.00570	0.00641	0.00973	0.01326	0.01768	0.03793	0.72759	0.04549	0.04539	0.00976	0.00296	0.00414	0.01953	0.00641	0.00562
24	0.02138	0.01685	0.01829	0.04217	0.02082	0.01904	0.01242	0.34567	0.33492	0.03555	0.02252	0.02295	0.01694	0.00916	0.00712	0.00226	0.00672	0.02718	0.00687	0.01117
25	0.01192	0.01033	0.01663	0.43851	0.03334	0.01238	0.01502	0.01561	0.01351	0.01774	0.01851	0.07520	0.01741	0.03956	0.15336	0.00438	0.01045	0.08523	0.00387	0.00706
26	0.01020	0.00775	0.01139	0.01126	0.01237	0.00912	0.00868	0.01248	0.01112	0.01604	0.01852	0.02818	0.01765	0.09981	0.64913	0.01056	0.04823	0.00761	0.00374	0.00615
27	0.01687	0.01617	0.02760	0.11054	0.64663	0.01648	0.02122	0.02107	0.01570	0.02231	0.01306	0.01740	0.01088	0.00629	0.00692	0.00210	0.00839	0.00622	0.00342	0.01073
28	0.01524	0.10384	0.44688	0.02092	0.08004	0.01742	0.07887	0.04877	0.01534	0.02200	0.01289	0.01580	0.00984	0.00952	0.05163	0.00271	0.02957	0.00557	0.00326	0.00990
29	0.02607	0.03326	0.01978	0.01798	0.02157	0.72674	0.01348	0.02787	0.01978	0.01708	0.01079	0.01258	0.00899	0.00719	0.00629	0.00180	0.01258	0.00449	0.00360	0.00809
30	0.01727	0.01658	0.02832	0.04283	0.71123	0.01658	0.02142	0.02142	0.01589	0.02280	0.01313	0.01727	0.01105	0.00622	0.00691	0.00207	0.00829	0.00622	0.00345	0.01105
31	0.00916	0.00710	0.00833	0.00803	0.00999	0.00628	0.00602	0.01178	0.01806	0.02396	0.42725	0.05874	0.34865	0.01577	0.00824	0.00227	0.00340	0.01355	0.00715	0.00628
32	0.03131	0.01188	0.01619	0.01242	0.01781	0.01026	0.01026	0.03401	0.01997	0.71606	0.02753	0.02375	0.01727	0.00864	0.00702	0.00216	0.00594	0.00702	0.00864	0.01188
33	0.01021	0.00828	0.00949	0.01087	0.01172	0.05471	0.00786	0.01185	0.01431	0.01835	0.03631	0.57178	0.04250	0.02038	0.00887	0.00284	0.00508	0.14233	0.00627	0.00598
34	0.01318	0.01240	0.02093	0.73798	0.04806	0.01550	0.01938	0.01783	0.01395	0.01783	0.01240	0.01860	0.00930	0.00698	0.00698	0.00233	0.00930	0.00620	0.00310	0.00775
35	0.01199	0.00611	0.00899	0.00899	0.00899	0.00611	0.00594	0.00916	0.00916	0.01222	0.01279	0.02286	0.01301	0.07347	0.02783	0.74372	0.00611	0.00634	0.00311	0.00311
36	0.01333	0.01271	0.02189	0.70447	0.04751	0.01561	0.05091	0.01804	0.01407	0.01804	0.01248	0.01862	0.00936	0.00692	0.00704	0.00233	0.00942	0.00630	0.00312	0.00783
37	0.01404	0.01190	0.01272	0.01167	0.01489	0.01298	0.00899	0.02697	0.43200	0.02655	0.14292	0.03982	0.19139	0.01216	0.00755	0.00234	0.00471	0.01024	0.00704	0.00913
38	0.01413	0.03528	0.68962	0.02085	0.05880	0.01622	0.02560	0.02207	0.01478	0.02213	0.01255	0.01484	0.00893	0.00661	0.00664	0.00220	0.01023	0.00520	0.00297	0.01034
39	0.01825	0.04797	0.02948	0.07278	0.36374	0.01719	0.17388	0.08762	0.01761	0.05083	0.01405	0.01753	0.01105	0.00644	0.00706	0.00209	0.00884	0.00653	0.00401	0.04305
40	0.01400	0.03610	0.71860	0.01989	0.03020	0.01621	0.02578	0.02210	0.01473	0.02210	0.01252	0.01473	0.00884	0.00663	0.00663	0.00221	0.01031	0.00516	0.00295	0.01031
41	0.00975	0.00704	0.00922	0.00886	0.01040	0.00650	0.00657	0.01286	0.01919	0.02708	0.64820	0.11404	0.06410	0.01494	0.00829	0.00225	0.00336	0.01326	0.00757	0.00650
42	0.00935	0.00711	0.00859	0.00822	0.01010	0.00636	0.00617	0.01214	0.01850	0.02501	0.50011	0.05702	0.27514	0.01538	0.00824	0.00225	0.00337	0.01331	0.00729	0.00636
43	0.01711	0.04219	0.03413	0.01258	0.01593	0.08430	0.01005	0.11084	0.15665	0.07944	0.22646	0.12334	0.03410	0.01184	0.00745	0.00223	0.00590	0.00998	0.00667	0.00881
44	0.80405	0.01350	0.01026	0.00918	0.01350	0.01565	0.00756	0.02051	0.01188	0.03131	0.00972	0.01134	0.00756	0.00648	0.00432	0.00216	0.00540	0.00378	0.00432	0.00756
45	0.01612	0.01513	0.02471	0.06542	0.54929	0.01535	0.01876	0.02121	0.06700	0.02291	0.04409	0.05200	0.04137	0.00789	0.00711	0.00215	0.00758	0.00748	0.00412	0.01033
46	0.80405	0.01350	0.01026	0.00918	0.01350	0.01565	0.00756	0.02051	0.01188	0.03131	0.00972	0.01134	0.00756	0.00648	0.00432	0.00216	0.00540	0.00378	0.00432	0.00756
47	0.01647	0.01882	0.04118	0.02941	0.03647	0.01765	0.68588	0.02235	0.01647	0.02235	0.01412	0.01882	0.01059	0.00588	0.00824	0.00235	0.01176	0.00824	0.00353	0.00941
48	0.01015	0.00677	0.00761	0.00761	0.00761	0.00677	0.00423	0.01015	0.01015	0.01353	0.02199	0.04567	0.02537	0.75476	0.03552	0.00677	0.00677	0.01015	0.00423	0.00423
49	0.01402	0.01735	0.14284	0.01733	0.02282	0.01362	0.20702	0.05989	0.11077	0.02362	0.05403	0.03496	0.22992	0.01056	0.00773	0.00231	0.00761	0.00968	0.00516	0.00876
50	0.01301	0.00650	0.00650	0.00650	0.00813	0.00650	0.00488	0.01626	0.01463	0.02602	0.02276	0.02602	0.01789	0.00813	0.00488	0.00163	0.00325	0.00650	0.79350	0.00650
51	0.77233	0.01343	0.01050	0.00931	0.01367	0.01543	0.00767	0.02107	0.01221	0.05941	0.01045	0.01185	0.00796	0.00657	0.00443	0.00216	0.00542	0.00391	0.00450	0.00773
52	0.07531	0.04766	0.14359	0.01641	0.02209	0.25085	0.01482	0.22019	0.02204	0.10095	0.01452	0.01525	0.01059	0.00751	0.00645	0.00201	0.00942	0.00533	0.00504	0.00998
53	0.01595	0.01523	0.02593	0.26754	0.49686	0.01623	0.02076	0.02026	0.01526	0.02119	0.01289	0.01770	0.01049	0.00646	0.00693	0.00215	0.00862	0.00621	0.00334	0.00999
54	0.05531	0.01512	0.02299	0.06717	0.29348	0.01638	0.05509	0.06204	0.05960	0.09228	0.01731	0.02018	0.03811	0.00951	0.03002	0.00256	0.12173	0.00675	0.00450	0.00988
55	0.01301	0.00650	0.00650	0.00650	0.00813	0.00650	0.00488	0.01626	0.01463	0.02602	0.02276	0.02602	0.01789	0.00813	0.00488	0.00163	0.00325	0.00650	0.79350	0.00650
56	0.13348	0.04358	0.13263	0.01621	0.06286	0.09533	0.01375	0.11845	0.11194	0.02651	0.01624	0.06364	0.01356	0.00826	0.00679	0.00207	0.02908	0.00631	0.00477	0.09454
57	0.01620	0.05074	0.44545	0.04485	0.02668	0.08925	0.02057	0.08199	0.04118	0.02345	0.03316	0.04158	0.01345	0.00810	0.00682	0.00220	0.00949	0.03122	0.00390	0.00972
58	0.03865	0.03817	0.06626	0.23197	0.25578	0.01662	0.06720	0.08369	0.04103	0.04395	0.01496	0.02003	0.01194	0.00731	0.00698	0.00222	0.00856	0.03091	0.00406	0.00971
59	0.01610	0.28254	0.40288	0.03826	0.02607	0.04121	0.03906	0.02218	0.03490	0.02009	0.01201	0.01402	0.00932	0.00649	0.00595	0.00196	0.00927	0.00485	0.00312	0.00970
60	0.25965	0.20644	0.06211	0.01360	0.01840	0.14621	0.03319	0.06002	0.03746	0.02395	0.01167	0.01348	0.00949	0.00700	0.00611	0.00196	0.04259	0.00460	0.03351	0.00854
61	0.00850	0.00607	0.00810	0.00972	0.01012	0.00567	0.00648	0.00972	0.01336	0.01781	0.03846	0.75020	0.04615	0.02186	0.00891	0.00283	0.00405	0.01984	0.00648	0.00567
62	0.01456	0.01382	0.02343	0.50269	0.27253	0.01587	0.02007	0.01904	0.01461	0.01951	0.01265	0.01815	0.00990	0.00672	0.00695	0.00224	0.00896	0.00621	0.00322	0.00887
63	0.02312	0.01785	0.01902	0.01537	0.02034	0.02005	0.01244	0.44578	0.28054	0.03848	0.02109	0.02021	0.01538	0.00878	0.00703	0.00220	0.00688	0.00688	0.00703	0.01156
64	0.01212	0.00606	0.00909	0.00909	0.00909	0.00606	0.00606	0.00909	0.00909	0.01212	0.01212	0.02121	0.01212	0.02424	0.02727	0.79697	0.00606	0.00606	0.00303	0.00303
65	0.01400	0.03610	0.71860	0.01989	0.03020	0.01621	0.02578	0.02210	0.01473	0.02210	0.01252	0.01473	0.00884	0.00663	0.00663	0.00221	0.01031	0.00516	0.00295	0.01031
66	0.00977	0.00710	0.00920	0.00874	0.01037	0.00653	0.00653	0.01293	0.01940	0.02729	0.66068	0.07415	0.09183	0.01464	0.00825	0.00222	0.00333	0.01293	0.00760	0.00653
67	0.02607	0.03326	0.01978	0.01798	0.02157	0.72674	0.01348	0.02787	0.01978	0.01708	0.01079	0.01258	0.00899	0.00719	0.00629	0.00180	0.01258	0.00449	0.00360	0.00809
68	0.01015	0.00677	0.00761	0.00761	0.00761	0.00677	0.00423	0.01015	0.01015	0.01353	0.02199	0.04567	0.02537	0.75476	0.03552	0.00677	0.00677	0.01015	0.00423	0.00423
69	0.20643	0.01244	0.01499	0.04309	0.04660	0.01234	0.01022	0.07117	0.01834	0.37735	0.07528	0.02224	0.01794	0.00838	0.00641	0.00214	0.00587	0.00658	0.03211	0.01008
70	0.00997	0.00748	0.01121	0.01121	0.01246	0.00872	0.00872	0.01246	0.01121	0.01620	0.01869	0.02741	0.01745	0.05234	0.72710	0.01121	0.01869	0.00748	0.00374	0.00623
71	0.01276	0.01246	0.03730	0.04518	0.11287	0.01174	0.14053	0.03773	0.03635	0.02245	0.13764	0.08192	0.22980	0.01216	0.00849	0.00233	0.03402	0.01095	0.00537	0.00795
72	0.01400	0.03610	0.71860	0.01989	0.03020	0.01621	0.02578	0.02210	0.01473	0.02210	0.01252	0.01473	0.00884	0.00663	0.00663	0.00221	0.01031	0.00516	0.00295	0.01031
73	0.01604	0.06229	0.10189	0.04743	0.09988	0.04353	0.26117	0.02026	0.01449	0.02006	0.01303	0.04404	0.01122	0.00835	0.01149	0.00244	0.20292	0.00712	0.00340	0.00894
74	0.63388	0.03893	0.05907	0.03079	0.01693	0.05796	0.03355	0.02105	0.01281	0.02874	0.01019	0.01209	0.00792	0.00651	0.00480	0.00213	0.00653	0.00413	0.00409	0.00788
75	0.01541	0.05737	0.48171	0.01883	0.02718	0.03863	0.08851	0.02201	0.01591	0.06406	0.08911	0.01955	0.01574	0.00750	0.00690	0.00218	0.00940	0.00632	0.00389	0.00978
76	0.01635	0.01558	0.02584	0.08518	0.55281	0.01612	0.01961	0.02015	0.01518	0.02177	0.01380	0.04791	0.01223	0.00736	0.00819	0.00216	0.06625	0.00669	0.00355	0.04325
77	0.01687	0.01623	0.02802	0.04088	0.65350	0.01617	0.04873	0.02097	0.01581	0.02257	0.01423	0.04802	0.01250	0.00686	0.00705	0.00212	0.00826	0.00687	0.00358	0.01076
78	0.02607	0.03326	0.01978	0.01798	0.02157	0.72674	0.01348	0.02787	0.01978	0.01708	0.01079	0.01258	0.00899	0.00719	0.00629	0.00180	0.01258	0.00449	0.00360	0.00809
79	0.03131	0.01188	0.01619	0.01242	0.01781	0.01026	0.01026	0.03401	0.01997	0.71606	0.02753	0.02375	0.01727	0.00864	0.00702	0.00216	0.00594	0.00702	0.00864	0.01188
80	0.00850	0.00607	0.00810	0.00972	0.01012	0.00567	0.00648	0.00972	0.01336	0.01781	0.03846	0.75020	0.04615	0.02186	0.00891	0.00283	0.00405	0.01984	0.00648	0.00567
81	0.00976	0.00713	0.00917	0.00866	0.01036	0.00654	0.00650	0.01295	0.01949	0.02736	0.66384	0.05316	0.10994	0.01450	0.00823	0.00221	0.00331	0.01276	0.00760	0.00654
82	0.01727	0.01653	0.02793	0.04194	0.68955	0.01660	0.02109	0.02191	0.03725	0.02300	0.01360	0.01755	0.01137	0.00632	0.00691	0.00208	0.00820	0.00627	0.00357	0.01105
83	0.00857	0.00636	0.00799	0.00911	0.01001	0.00579	0.00625	0.01007	0.01441	0.01887	0.10106	0.55491	0.18035	0.02039	0.00872	0.00268	0.00388	0.01821	0.00658	0.00579
84	0.01318	0.01240	0.02093	0.73798	0.04806	0.01550	0.01938	0.01783	0.01395	0.01783	0.01240	0.01860	0.00930	0.00698	0.00698	0.00233	0.00930	0.00620	0.00310	0.00775
85	0.00850	0.00607	0.00810	0.00972	0.01012	0.00567	0.00648	0.00972	0.01336	0.01781	0.03846	0.75020	0.04615	0.02186	0.00891	0.00283	0.00405	0.01984	0.00648	0.00567
86	0.01301	0.00650	0.00650	0.00650	0.00813	0.00650	0.00488	0.01626	0.01463	0.02602	0.02276	0.02602	0.01789	0.00813	0.00488	0.00163	0.00325	0.00650	0.79350	0.00650
87	0.01625	0.01669	0.08597	0.01293	0.01938	0.04547	0.03614	0.08573	0.01666	0.02452	0.01284	0.01480	0.01029	0.00576	0.00566	0.00134	0.00653	0.00462	0.00425	0.57417
88	0.01639	0.12436	0.36009	0.01914	0.08618	0.04675	0.01919	0.06294	0.09780	0.02362	0.04350	0.01744	0.01317	0.00725	0.00645	0.00206	0.00866	0.00571	0.00400	0.03532
89	0.01346	0.00827	0.00950	0.00889	0.01018	0.00950	0.00697	0.01637	0.01384	0.02416	0.02002	0.02385	0.01613	0.00895	0.00851	0.00191	0.15218	0.00642	0.63414	0.00673
90	0.02545	0.01901	0.02034	0.01584	0.02123	0.02114	0.01300	0.61182	0.11069	0.04225	0.01812	0.01784	0.01297	0.00850	0.00699	0.00213	0.00743	0.00647	0.00699	0.01177
91	0.01598	0.09293	0.18606	0.04686	0.08465	0.05725	0.01538	0.04808	0.04872	0.06259	0.08562	0.06709	0.04155	0.01141	0.03146	0.00254	0.03555	0.05257	0.00477	0.00894
92	0.01681	0.01664	0.02971	0.08307	0.53315	0.01687	0.13020	0.02117	0.01567	0.02219	0.01310	0.01753	0.01080	0.00643	0.00773	0.00217	0.03632	0.00654	0.00343	0.01045
93	0.00850	0.00607	0.00810	0.00972	0.01012	0.00567	0.00648	0.00972	0.01336	0.01781	0.03846	0.75020	0.04615	0.02186	0.00891	0.00283	0.00405	0.01984	0.00648	0.00567
94	0.02607	0.03326	0.01978	0.01798	0.02157	0.72674	0.01348	0.02787	0.01978	0.01708	0.01079	0.01258	0.00899	0.00719	0.00629	0.00180	0.01258	0.00449	0.00360	0.00809
95	0.01033	0.00801	0.01192	0.01170	0.01286	0.00959	0.00917	0.01276	0.01118	0.01624	0.01803	0.02658	0.01687	0.04957	0.67857	0.01065	0.06854	0.00738	0.00369	0.00633
96	0.04802	0.01444	0.02123	0.23588	0.10496	0.01791	0.03504	0.05111	0.06810	0.02078	0.01301	0.01785	0.01082	0.01081	0.04206	0.00290	0.26653	0.00632	0.00371	0.00851
97	0.02336	0.01863	0.02035	0.01726	0.05331	0.04367	0.01344	0.45379	0.15112	0.03688	0.01781	0.01820	0.01321	0.00879	0.00845	0.00222	0.07550	0.00650	0.00636	0.01116
98	0.01695	0.01682	0.03040	0.06953	0.55836	0.01673	0.14445	0.02144	0.01592	0.02251	0.01328	0.01761	0.01089	0.00619	0.00716	0.00214	0.00898	0.00659	0.00345	0.01061
99	0.01695	0.01625	0.02774	0.09758	0.65900	0.01650	0.02126	0.02113	0.01574	0.02241	0.01307	0.01738	0.01092	0.00628	0.00691	0.00209	0.00837	0.00622	0.00343	0.01079
100	0.01363	0.01287	0.02175	0.66049	0.12199	0.01562	0.01961	0.01823	0.01417	0.01838	0.01248	0.01846	0.00950	0.00689	0.00697	0.00230	0.00919	0.00620	0.00314	0.00812
101	0.01400	0.03610	0.71860	0.01989	0.03020	0.01621	0.02578	0.02210	0.01473	0.02210	0.01252	0.01473	0.00884	0.00663	0.00663	0.00221	0.01031	0.00516	0.00295	0.01031
102	0.01045	0.00758	0.00932	0.00873	0.01062	0.00713	0.00664	0.01323	0.01813	0.04587	0.45716	0.05267	0.23320	0.01467	0.00867	0.00225	0.03450	0.01249	0.04009	0.00660
103	0.01667	0.01577	0.02602	0.03847	0.61420	0.01589	0.01963	0.02173	0.06394	0.02294	0.01683	0.04935	0.03245	0.00741	0.00704	0.00213	0.00779	0.00713	0.00392	0.01069
104	0.01375	0.01299	0.02197	0.64054	0.14102	0.01565	0.01967	0.01833	0.01422	0.01853	0.01250	0.01842	0.00955	0.00687	0.00697	0.00229	0.00916	0.00620	0.00315	0.00821
105	0.03688	0.01165	0.01551	0.04699	0.10958	0.05649	0.05650	0.03613	0.01500	0.02003	0.03012	0.37468	0.08940	0.01527	0.00888	0.00254	0.04829	0.01349	0.00530	0.00728
106	0.01639	0.01591	0.02779	0.18135	0.52813	0.01644	0.07025	0.02077	0.01554	0.02177	0.01305	0.01765	0.01067	0.00635	0.00702	0.00214	0.00875	0.00636	0.00339	0.01027
107	0.01890	0.01622	0.02108	0.18174	0.24852	0.09784	0.01606	0.07987	0.03865	0.10265	0.04153	0.04246	0.04733	0.00832	0.00704	0.00216	0.00809	0.00717	0.00477	0.00960
108	0.06692	0.01390	0.04288	0.19336	0.26932	0.01426	0.01601	0.05762	0.04112	0.02291	0.01831	0.14531	0.01716	0.00948	0.00702	0.00227	0.00732	0.00847	0.03745	0.00894
109	0.01697	0.04315	0.17840	0.09584	0.25767	0.04692	0.07974	0.08733	0.01695	0.02332	0.01403	0.04654	0.01164	0.00753	0.00772	0.00220	0.04377	0.00658	0.00376	0.00994
110	0.01521	0.01475	0.05084	0.28667	0.25016	0.01551	0.01772	0.06557	0.04395	0.02168	0.01648	0.04451	0.03216	0.03293	0.03236	0.00270	0.03675	0.00709	0.00390	0.00905
111	0.11117	0.04547	0.04819	0.06440	0.16460	0.01458	0.03833	0.08759	0.04878	0.04686	0.04756	0.16634	0.02035	0.01040	0.00749	0.00227	0.03102	0.00891	0.00499	0.03066
112	0.16935	0.04147	0.07033	0.04238	0.16432	0.10777	0.08595	0.04699	0.03847	0.09300	0.04333	0.01766	0.01306	0.00713	0.00641	0.00208	0.00817	0.00594	0.00454	0.03166
113	0.01767	0.01533	0.04337	0.13405	0.26863	0.01551	0.01607	0.13507	0.07874	0.05234	0.05709	0.04481	0.01657	0.00811	0.00695	0.00213	0.00734	0.00713	0.03517	0.03792
114	0.01860	0.01851	0.08364	0.05229	0.16706	0.07779	0.06508	0.15931	0.03869	0.05407	0.03695	0.04385	0.03709	0.01163	0.05776	0.00284	0.05322	0.00719	0.00477	0.00967
115	0.01942	0.01889	0.09310	0.04134	0.11097	0.05942	0.08606	0.20470	0.06988	0.05693	0.01758	0.04624	0.01438	0.03214	0.00795	0.00226	0.00817	0.02752	0.00514	0.07792
116	0.01846	0.06153	0.16796	0.08406	0.14253	0.05755	0.04466	0.09387	0.06610	0.08781	0.04235	0.02104	0.01471	0.00785	0.00687	0.00213	0.00831	0.03145	0.00470	0.03606
117	0.08795	0.03973	0.10365	0.10151	0.13761	0.03957	0.04090	0.10646	0.13989	0.02585	0.01972	0.06704	0.04295	0.00872	0.00684	0.00223	0.00759	0.00735	0.00484	0.00960
118	0.04203	0.06108	0.05066	0.04786	0.17706	0.05852	0.05134	0.14282	0.04099	0.04832	0.01545	0.04029	0.01253	0.00729	0.00642	0.00190	0.00756	0.00616	0.04194	0.13976
119	0.06590	0.04002	0.04235	0.07328	0.16609	0.09923	0.07794	0.12335	0.05677	0.05095	0.01855	0.02050	0.06223	0.00803	0.00747	0.00213	0.03912	0.00664	0.00464	0.03481

[dist]
# distance from previous block
# <min> <max>
13	43

[block]
# block no. 3 follows, 30 sequences, length 17
# corresponding to MSA columns:
# 626-642
name=unknown_D
#
# <colnr> <probs for GDERKNQSTAVLIFYWHMCP>
#	G	D	E	R	K	N	Q	S	T	A	V	L	I	F	Y	W	H	M	C	P
0	0.04182	0.08032	0.19820	0.01695	0.04444	0.04486	0.06159	0.13296	0.04406	0.09278	0.06372	0.04712	0.03472	0.00868	0.00748	0.00216	0.03824	0.00700	0.00502	0.02788
1	0.01663	0.10307	0.08981	0.01363	0.01857	0.07169	0.04834	0.10356	0.06050	0.04526	0.12194	0.02917	0.10342	0.00962	0.00684	0.00198	0.00685	0.02778	0.00534	0.11599
2	0.01707	0.09302	0.14381	0.02112	0.12406	0.04382	0.13475	0.07407	0.07008	0.04241	0.06117	0.02124	0.04424	0.00764	0.00686	0.00204	0.00824	0.00684	0.00449	0.07304
3	0.04759	0.04951	0.17893	0.01845	0.07387	0.10726	0.06016	0.12133	0.10145	0.04745	0.06289	0.01915	0.01531	0.00768	0.00669	0.00205	0.00835	0.00625	0.00483	0.06081
4	0.02078	0.09349	0.07408	0.01664	0.08234	0.08946	0.01309	0.13187	0.07512	0.14708	0.06374	0.04320	0.04370	0.00893	0.00726	0.00207	0.03123	0.00703	0.00565	0.04325
5	0.05502	0.06269	0.20739	0.01486	0.03968	0.03548	0.01418	0.04688	0.12494	0.05328	0.09914	0.05975	0.02062	0.00907	0.00713	0.00212	0.03082	0.00727	0.05742	0.05227
6	0.09810	0.09546	0.09691	0.03652	0.09266	0.05976	0.04163	0.07130	0.13354	0.05782	0.06220	0.06671	0.04045	0.00900	0.00667	0.00216	0.00721	0.00742	0.00511	0.00937
7	0.04905	0.12956	0.19490	0.01789	0.08804	0.08275	0.01577	0.13432	0.06894	0.05075	0.03981	0.04670	0.03553	0.00829	0.00652	0.00207	0.00809	0.00650	0.00470	0.00981
8	0.01667	0.16887	0.29517	0.01770	0.04429	0.01780	0.07127	0.06898	0.07072	0.04835	0.01623	0.04928	0.01338	0.00791	0.00657	0.00210	0.00847	0.03062	0.00416	0.04148
9	0.02011	0.19034	0.26867	0.01618	0.02333	0.04450	0.01702	0.19589	0.06243	0.07521	0.01496	0.01572	0.01102	0.00727	0.00628	0.00201	0.00847	0.00541	0.00468	0.01049
10	0.11793	0.07404	0.06722	0.04454	0.05830	0.19028	0.05641	0.21196	0.03914	0.05573	0.01391	0.01532	0.01049	0.00729	0.00637	0.00203	0.00897	0.00548	0.00482	0.00975
11	0.01117	0.00877	0.00972	0.00902	0.01167	0.00806	0.00681	0.06698	0.04592	0.02306	0.13759	0.15559	0.33901	0.01512	0.00775	0.00222	0.00415	0.01286	0.03897	0.08555
12	0.01219	0.00610	0.00888	0.00888	0.00901	0.00610	0.00597	0.00967	0.00954	0.01324	0.01298	0.02160	0.01258	0.02295	0.02547	0.73310	0.00584	0.00610	0.06651	0.00331
13	0.01983	0.09167	0.05393	0.07241	0.28865	0.07073	0.04103	0.07039	0.06938	0.10585	0.01600	0.01802	0.01226	0.00707	0.00663	0.00205	0.00812	0.00610	0.02955	0.01033
14	0.03657	0.08044	0.19978	0.07334	0.19518	0.07387	0.06450	0.05048	0.01643	0.06314	0.01340	0.01597	0.01027	0.00657	0.00650	0.00200	0.00891	0.00558	0.00381	0.07327
15	0.13776	0.01778	0.07651	0.02211	0.18980	0.07081	0.06108	0.03930	0.08300	0.02376	0.01565	0.07549	0.01378	0.00851	0.00819	0.00221	0.08086	0.00688	0.00427	0.06224
16	0.04612	0.01442	0.03932	0.01657	0.11299	0.05166	0.03953	0.06313	0.04489	0.08836	0.11295	0.04921	0.07104	0.00893	0.00674	0.00189	0.00630	0.00761	0.00539	0.21295

[dist]
# distance from previous block
# <min> <max>
1	3

[block]
# block no. 4 follows, 30 sequences, length 19
# corresponding to MSA columns:
# 646-664
name=unknown_E
#
# <colnr> <probs for GDERKNQSTAVLIFYWHMCP>
#	G	D	E	R	K	N	Q	S	T	A	V	L	I	F	Y	W	H	M	C	P
0	0.08293	0.06082	0.05786	0.05661	0.04283	0.05913	0.01175	0.17041	0.05455	0.06698	0.12799	0.07315	0.05442	0.00993	0.00686	0.00212	0.00662	0.00806	0.00576	0.04123
1	0.06047	0.02843	0.51421	0.01684	0.02493	0.01432	0.02041	0.03823	0.01568	0.02365	0.09916	0.04304	0.05407	0.00861	0.00684	0.00223	0.00857	0.00693	0.00399	0.00938
2	0.01494	0.04356	0.34449	0.01951	0.06635	0.01538	0.10642	0.06352	0.06484	0.02416	0.07269	0.02301	0.06598	0.00815	0.00705	0.00217	0.00858	0.00710	0.00427	0.03782
3	0.01647	0.01424	0.02305	0.12563	0.43305	0.01448	0.01772	0.02103	0.04212	0.06375	0.08537	0.02415	0.01829	0.00791	0.00712	0.00215	0.00749	0.03447	0.00443	0.03707
4	0.02265	0.01906	0.07367	0.01550	0.02102	0.01918	0.01333	0.40870	0.21430	0.05699	0.01978	0.01927	0.01433	0.00841	0.00691	0.00214	0.00713	0.00657	0.00663	0.04443
5	0.01318	0.01240	0.02093	0.73798	0.04806	0.01550	0.01938	0.01783	0.01395	0.01783	0.01240	0.01860	0.00930	0.00698	0.00698	0.00233	0.00930	0.00620	0.00310	0.00775
6	0.01480	0.16129	0.60048	0.01851	0.02807	0.01818	0.02339	0.02189	0.01464	0.02112	0.01203	0.01412	0.00886	0.00652	0.00626	0.00209	0.00982	0.00491	0.00295	0.01008
7	0.01553	0.11046	0.47869	0.02011	0.04952	0.04303	0.08420	0.02337	0.06965	0.02192	0.01359	0.01564	0.01009	0.00672	0.00658	0.00214	0.00977	0.00552	0.00338	0.01008
8	0.01484	0.16706	0.59503	0.01845	0.02798	0.01827	0.02327	0.02188	0.01463	0.02107	0.01201	0.01409	0.00886	0.00651	0.00624	0.00208	0.00980	0.00490	0.00295	0.01007
9	0.01021	0.00694	0.00804	0.00824	0.00854	0.00689	0.00514	0.01068	0.01112	0.01466	0.02583	0.05065	0.05504	0.63329	0.03119	0.00614	0.00659	0.09165	0.00459	0.00457
10	0.01526	0.19705	0.50659	0.01893	0.02798	0.01889	0.07991	0.02185	0.01476	0.02084	0.01203	0.01429	0.00902	0.00642	0.00629	0.00206	0.00980	0.00510	0.00301	0.00993
11	0.01464	0.12374	0.43937	0.17039	0.07663	0.01756	0.02236	0.02101	0.01457	0.02051	0.01217	0.01525	0.00910	0.00659	0.00644	0.00213	0.00960	0.00526	0.00302	0.00965
12	0.00998	0.00743	0.01100	0.01100	0.01217	0.00861	0.00845	0.01232	0.01115	0.01604	0.01889	0.02850	0.01792	0.09420	0.68588	0.01095	0.01798	0.00764	0.00377	0.00611
13	0.00850	0.00607	0.00810	0.00972	0.01012	0.00567	0.00648	0.00972	0.01336	0.01781	0.03846	0.75020	0.04615	0.02186	0.00891	0.00283	0.00405	0.01984	0.00648	0.00567
14	0.01884	0.02826	0.44198	0.01919	0.02768	0.04034	0.09756	0.04724	0.01684	0.17148	0.01601	0.01713	0.01096	0.00705	0.00690	0.00220	0.00953	0.00592	0.00439	0.01052
15	0.01773	0.60128	0.13872	0.01356	0.01980	0.02548	0.01425	0.02081	0.01404	0.01730	0.01009	0.01199	0.00895	0.00648	0.00600	0.00170	0.05566	0.00410	0.00298	0.00907
16	0.00850	0.00607	0.00810	0.00972	0.01012	0.00567	0.00648	0.00972	0.01336	0.01781	0.03846	0.75020	0.04615	0.02186	0.00891	0.00283	0.00405	0.01984	0.00648	0.00567
17	0.00880	0.00626	0.00794	0.00916	0.00960	0.00589	0.00598	0.00982	0.01290	0.01706	0.03724	0.57638	0.08131	0.16049	0.01391	0.00355	0.00453	0.01770	0.00605	0.00541
18	0.00938	0.00664	0.00881	0.01022	0.01087	0.00638	0.00737	0.01093	0.01362	0.01804	0.03605	0.49810	0.04211	0.11216	0.01239	0.00341	0.00497	0.17669	0.00619	0.00568

[dist]
# distance from previous block
# <min> <max>
0	0

# created by:
# /home/cegg/simao/soft/augustus-3.2.1/scripts/msa2prfl.pl ./align_prep/EOG090W0H3N.fa
