[name]
unknown

[dist]
# distance from previous block
# <min> <max>
0	37

[block]
# block no. 0 follows, 32 sequences, length 14
# corresponding to MSA columns:
# 37-50
name=unknown_A
#
# <colnr> <probs for GDERKNQSTAVLIFYWHMCP>
#	G	D	E	R	K	N	Q	S	T	A	V	L	I	F	Y	W	H	M	C	P
0	0.01625	0.01860	0.03698	0.02686	0.03320	0.06522	0.62259	0.02153	0.01604	0.02109	0.01429	0.02013	0.01128	0.00629	0.00785	0.00226	0.01115	0.03604	0.00352	0.00884
1	0.00963	0.00638	0.00792	0.00895	0.00982	0.00619	0.00630	0.01206	0.03900	0.01976	0.05572	0.50995	0.03779	0.01728	0.00766	0.00245	0.00387	0.05067	0.18273	0.00589
2	0.02716	0.01081	0.01441	0.01126	0.01606	0.00931	0.00923	0.02964	0.01869	0.63294	0.03198	0.02838	0.10988	0.00946	0.00690	0.00210	0.00540	0.00773	0.00803	0.01066
3	0.01168	0.00626	0.00675	0.00710	0.00846	0.00619	0.00527	0.01448	0.01394	0.02342	0.02516	0.15239	0.02293	0.01062	0.00559	0.00184	0.00342	0.04341	0.62499	0.00611
4	0.01160	0.00617	0.00657	0.00690	0.00822	0.00609	0.00501	0.01432	0.01381	0.02336	0.02505	0.17884	0.02289	0.01058	0.00550	0.00181	0.00329	0.00894	0.63497	0.00609
5	0.01423	0.00792	0.00810	0.00747	0.00954	0.00818	0.00576	0.10642	0.01639	0.02731	0.02112	0.02383	0.01643	0.00785	0.00496	0.00162	0.00369	0.00623	0.69600	0.00694
6	0.45282	0.01421	0.01293	0.01125	0.01545	0.01634	0.00907	0.11507	0.23780	0.03107	0.01599	0.01612	0.01205	0.00739	0.00535	0.00213	0.00552	0.00522	0.00535	0.00889
7	0.25300	0.01711	0.01716	0.01352	0.01854	0.01914	0.01117	0.50309	0.02572	0.03876	0.01415	0.01460	0.01021	0.00753	0.00597	0.00203	0.00675	0.00534	0.00597	0.01021
8	0.01905	0.01262	0.01417	0.01229	0.01625	0.01344	0.00969	0.03143	0.43678	0.21006	0.03248	0.02970	0.11222	0.00994	0.00695	0.00222	0.00516	0.00824	0.00714	0.01017
9	0.03010	0.01142	0.01557	0.01194	0.01713	0.00986	0.00986	0.03270	0.01920	0.72698	0.02647	0.02284	0.01661	0.00830	0.00675	0.00208	0.00571	0.00675	0.00830	0.01142
10	0.01797	0.00786	0.00915	0.00802	0.01071	0.00737	0.00630	0.02093	0.01566	0.24289	0.02331	0.02434	0.01702	0.00797	0.00533	0.00172	0.00393	0.00641	0.55527	0.00786
11	0.02551	0.01879	0.02014	0.01544	0.02081	0.02081	0.01275	0.69996	0.03155	0.04229	0.01611	0.01611	0.01141	0.00805	0.00671	0.00201	0.00738	0.00604	0.00671	0.01141
12	0.00942	0.00631	0.00797	0.00904	0.00968	0.00610	0.00634	0.01091	0.01282	0.01779	0.03189	0.42737	0.03633	0.15929	0.01302	0.00335	0.00464	0.11740	0.10492	0.00540
13	0.01236	0.00638	0.00666	0.00679	0.00836	0.00638	0.00523	0.01548	0.01419	0.02458	0.02310	0.02950	0.01909	0.00877	0.00510	0.00170	0.00340	0.06563	0.73106	0.00625

[dist]
# distance from previous block
# <min> <max>
0	1

[block]
# block no. 1 follows, 32 sequences, length 7
# corresponding to MSA columns:
# 52-58
name=unknown_B
#
# <colnr> <probs for GDERKNQSTAVLIFYWHMCP>
#	G	D	E	R	K	N	Q	S	T	A	V	L	I	F	Y	W	H	M	C	P
0	0.02450	0.01711	0.02077	0.01792	0.08952	0.01823	0.04449	0.46513	0.05931	0.14706	0.01782	0.01774	0.01253	0.00783	0.00677	0.00205	0.00726	0.00631	0.00648	0.01119
1	0.02184	0.01157	0.01888	0.01467	0.01913	0.01044	0.16371	0.02495	0.01698	0.39147	0.02472	0.13395	0.01944	0.00959	0.00709	0.00217	0.00644	0.00884	0.08467	0.00947
2	0.01251	0.00625	0.00625	0.00625	0.00782	0.00625	0.00469	0.01563	0.01407	0.02502	0.02189	0.02502	0.01720	0.00782	0.00469	0.00156	0.00313	0.00625	0.80144	0.00625
3	0.01391	0.01193	0.01391	0.00994	0.01590	0.00894	0.00795	0.01690	0.01391	0.02186	0.01193	0.01391	0.00994	0.00497	0.00497	0.00099	0.00497	0.00398	0.00398	0.80521
4	0.02411	0.01745	0.01887	0.01486	0.01991	0.01927	0.01214	0.52595	0.16233	0.08589	0.01898	0.01830	0.01352	0.00828	0.00674	0.00207	0.00687	0.00639	0.00684	0.01126
5	0.01448	0.00816	0.00836	0.00765	0.00979	0.00847	0.00592	0.11960	0.01673	0.02764	0.02101	0.02366	0.01632	0.00785	0.00500	0.00163	0.00377	0.00622	0.68070	0.00704
6	0.09279	0.01227	0.01831	0.31771	0.17697	0.01370	0.01504	0.04361	0.04014	0.06121	0.01718	0.13013	0.01547	0.00891	0.00673	0.00223	0.00723	0.00784	0.00424	0.00829

[dist]
# distance from previous block
# <min> <max>
0	2

[block]
# block no. 2 follows, 32 sequences, length 42
# corresponding to MSA columns:
# 61-102
name=unknown_C
#
# <colnr> <probs for GDERKNQSTAVLIFYWHMCP>
#	G	D	E	R	K	N	Q	S	T	A	V	L	I	F	Y	W	H	M	C	P
0	0.02506	0.03198	0.01901	0.01729	0.02074	0.73725	0.01296	0.02679	0.01901	0.01642	0.01037	0.01210	0.00864	0.00691	0.00605	0.00173	0.01210	0.00432	0.00346	0.00778
1	0.02574	0.01841	0.01990	0.01526	0.02062	0.02024	0.01260	0.66560	0.03091	0.07754	0.01664	0.01646	0.01168	0.00807	0.00671	0.00202	0.00730	0.00608	0.00679	0.01141
2	0.01721	0.01444	0.01534	0.01354	0.01737	0.01653	0.01060	0.10469	0.59831	0.02951	0.06615	0.02554	0.02200	0.00926	0.00688	0.00224	0.00541	0.00769	0.00685	0.01046
3	0.02590	0.01816	0.01974	0.01514	0.02049	0.01986	0.01250	0.64220	0.03048	0.10156	0.01701	0.01669	0.01186	0.00808	0.00672	0.00202	0.00724	0.00610	0.00685	0.01141
4	0.02048	0.01547	0.01670	0.01404	0.01843	0.01734	0.01120	0.23487	0.44751	0.09194	0.02388	0.02217	0.01743	0.00872	0.00679	0.00218	0.00597	0.00705	0.00692	0.01093
5	0.01267	0.01193	0.02013	0.74806	0.04621	0.01491	0.01863	0.01714	0.01342	0.01714	0.01193	0.01789	0.00894	0.00671	0.00671	0.00224	0.00894	0.00596	0.00298	0.00745
6	0.00837	0.00663	0.00702	0.00718	0.00873	0.00583	0.00498	0.00963	0.01377	0.01685	0.05401	0.13300	0.48962	0.18825	0.01399	0.00328	0.00416	0.01367	0.00574	0.00528
7	0.01178	0.00791	0.01105	0.01234	0.01406	0.00783	0.01076	0.01484	0.01563	0.05554	0.03507	0.07304	0.03751	0.01802	0.00914	0.00304	0.00616	0.64354	0.00629	0.00644
8	0.00959	0.00719	0.01078	0.01078	0.01198	0.00839	0.00839	0.01198	0.01078	0.01558	0.01797	0.02636	0.01677	0.05032	0.73760	0.01078	0.01797	0.00719	0.00359	0.00599
9	0.07429	0.01174	0.01521	0.01189	0.01691	0.01069	0.00977	0.03218	0.07251	0.63228	0.02555	0.02232	0.01637	0.00825	0.00660	0.00209	0.00565	0.00663	0.00795	0.01112
10	0.00864	0.00632	0.00778	0.00839	0.00930	0.00583	0.00571	0.01013	0.01407	0.01867	0.17860	0.38032	0.16778	0.13216	0.01222	0.00309	0.00405	0.01535	0.00613	0.00546
11	0.01004	0.00723	0.00988	0.01135	0.01266	0.00708	0.00943	0.01259	0.01482	0.01928	0.03754	0.23821	0.07505	0.01905	0.00903	0.00296	0.00549	0.48615	0.00619	0.00598
12	0.00818	0.00584	0.00779	0.00934	0.00973	0.00545	0.00623	0.00934	0.01285	0.01713	0.03698	0.75981	0.04438	0.02102	0.00856	0.00273	0.00389	0.01908	0.00623	0.00545
13	0.00876	0.00632	0.00841	0.00979	0.01056	0.00596	0.00711	0.01044	0.01379	0.01824	0.07078	0.55363	0.07630	0.01997	0.00865	0.00275	0.00430	0.15231	0.00627	0.00565
14	0.00865	0.00616	0.00805	0.00894	0.00960	0.00577	0.00607	0.01023	0.01416	0.01928	0.21028	0.51697	0.04752	0.08252	0.01058	0.00289	0.00393	0.01650	0.00634	0.00556
15	0.62249	0.01287	0.01097	0.00962	0.01368	0.01461	0.00784	0.05512	0.06336	0.06356	0.06087	0.01546	0.01274	0.00714	0.00486	0.00209	0.00519	0.00477	0.00489	0.00785
16	0.01872	0.01312	0.01479	0.01318	0.01701	0.01440	0.01049	0.03278	0.50051	0.16539	0.02801	0.02993	0.02162	0.00994	0.00707	0.00232	0.00548	0.07787	0.00705	0.01031
17	0.00826	0.00676	0.00728	0.00725	0.00929	0.00579	0.00540	0.01022	0.01592	0.01984	0.19720	0.09493	0.55550	0.01653	0.00796	0.00226	0.00338	0.01399	0.00646	0.00579
18	0.01644	0.00905	0.01165	0.01070	0.01338	0.00865	0.00830	0.02101	0.10651	0.23475	0.21030	0.20003	0.03740	0.01354	0.00768	0.00234	0.00463	0.06819	0.00723	0.00820
19	0.34559	0.01205	0.01327	0.01068	0.01545	0.01196	0.00881	0.02746	0.01606	0.44565	0.01956	0.01802	0.01284	0.00747	0.00570	0.00208	0.00550	0.00549	0.00663	0.00974
20	0.01905	0.00817	0.00972	0.00837	0.01128	0.00760	0.00661	0.02198	0.01598	0.28599	0.02359	0.02421	0.01698	0.00800	0.00546	0.00175	0.00409	0.00644	0.50657	0.00817
21	0.00814	0.00674	0.00703	0.00706	0.00909	0.00574	0.00520	0.00984	0.01519	0.01849	0.11215	0.09582	0.60707	0.05136	0.00917	0.00247	0.00355	0.01404	0.00622	0.00563
22	0.01753	0.01127	0.01349	0.01250	0.01571	0.01187	0.01011	0.02694	0.30569	0.18152	0.02921	0.04080	0.02526	0.05708	0.00918	0.00273	0.00573	0.20749	0.00680	0.00908
23	0.00825	0.00590	0.00788	0.00943	0.00986	0.00552	0.00637	0.00948	0.01292	0.01722	0.03694	0.73927	0.04421	0.02095	0.00859	0.00274	0.00396	0.03883	0.00623	0.00547
24	0.02727	0.01408	0.01702	0.01320	0.01825	0.01399	0.01084	0.29590	0.02380	0.42311	0.02285	0.05412	0.01583	0.00879	0.00682	0.00208	0.00629	0.00704	0.00758	0.01114
25	0.01455	0.07659	0.01588	0.01021	0.01614	0.01075	0.00837	0.03465	0.01434	0.02187	0.01181	0.01370	0.00986	0.00511	0.00496	0.00106	0.00522	0.00400	0.00395	0.71697
26	0.77538	0.01324	0.01034	0.00913	0.01334	0.01532	0.00752	0.05106	0.01235	0.03067	0.00965	0.01114	0.00746	0.00631	0.00427	0.00207	0.00529	0.00374	0.00427	0.00746
27	0.00818	0.00584	0.00779	0.00934	0.00973	0.00545	0.00623	0.00934	0.01285	0.01713	0.03698	0.75981	0.04438	0.02102	0.00856	0.00273	0.00389	0.01908	0.00623	0.00545
28	0.01567	0.01822	0.06151	0.02748	0.06750	0.01724	0.56814	0.02088	0.01516	0.02094	0.01297	0.01752	0.01000	0.00634	0.00928	0.00231	0.08902	0.00750	0.00332	0.00898
29	0.11082	0.49486	0.11612	0.01256	0.01844	0.04419	0.01268	0.04551	0.05607	0.01984	0.01102	0.01229	0.00925	0.00620	0.00483	0.00168	0.00732	0.00411	0.00341	0.00881
30	0.06406	0.01336	0.05624	0.01325	0.01732	0.01260	0.06345	0.05776	0.21636	0.18470	0.10496	0.08026	0.02391	0.05087	0.00845	0.00244	0.00593	0.00847	0.00638	0.00924
31	0.00836	0.00595	0.00789	0.00937	0.00979	0.00560	0.00631	0.00955	0.01280	0.01705	0.03613	0.69533	0.04314	0.05820	0.00988	0.00293	0.00412	0.04608	0.00612	0.00541
32	0.01623	0.01593	0.02832	0.08986	0.58567	0.01600	0.10770	0.02046	0.01522	0.02153	0.01269	0.01689	0.01045	0.00599	0.00681	0.00204	0.00847	0.00623	0.00331	0.01020
33	0.01705	0.04065	0.02710	0.03910	0.66645	0.05066	0.01994	0.02087	0.01540	0.02146	0.01241	0.01621	0.01047	0.00602	0.00654	0.00196	0.00814	0.00582	0.00331	0.01043
34	0.00934	0.00673	0.00886	0.00880	0.01017	0.00625	0.00654	0.01215	0.01775	0.02487	0.56581	0.17406	0.05877	0.01523	0.00810	0.00227	0.00345	0.04758	0.00712	0.00617
35	0.01391	0.01193	0.01391	0.00994	0.01590	0.00894	0.00795	0.01690	0.01391	0.02186	0.01193	0.01391	0.00994	0.00497	0.00497	0.00099	0.00497	0.00398	0.00398	0.80521
36	0.00976	0.00651	0.00732	0.00732	0.00732	0.00651	0.00407	0.00976	0.00976	0.01301	0.02114	0.04391	0.02439	0.76419	0.03415	0.00651	0.00651	0.00976	0.00407	0.00407
37	0.01251	0.00625	0.00625	0.00625	0.00782	0.00625	0.00469	0.01563	0.01407	0.02502	0.02189	0.02502	0.01720	0.00782	0.00469	0.00156	0.00313	0.00625	0.80144	0.00625
38	0.01954	0.01622	0.07312	0.01730	0.10727	0.07335	0.05204	0.08443	0.12713	0.19003	0.04662	0.02681	0.11792	0.00911	0.00693	0.00211	0.00685	0.00768	0.00586	0.00965
39	0.06902	0.03067	0.05965	0.01686	0.02078	0.63356	0.01332	0.04576	0.01867	0.01823	0.01058	0.01227	0.00864	0.00688	0.00598	0.00178	0.01144	0.00437	0.00356	0.00798
40	0.05255	0.06274	0.02151	0.01569	0.02100	0.06103	0.04516	0.56617	0.02834	0.03787	0.01503	0.01548	0.01089	0.00768	0.00650	0.00198	0.00775	0.00581	0.00606	0.01078
41	0.01894	0.05865	0.01747	0.01409	0.01827	0.05974	0.01121	0.16184	0.50072	0.02943	0.02317	0.02177	0.01739	0.00859	0.00662	0.00215	0.00621	0.00688	0.00639	0.01049

[dist]
# distance from previous block
# <min> <max>
1	14

[block]
# block no. 3 follows, 32 sequences, length 71
# corresponding to MSA columns:
# 124-194
name=unknown_D
#
# <colnr> <probs for GDERKNQSTAVLIFYWHMCP>
#	G	D	E	R	K	N	Q	S	T	A	V	L	I	F	Y	W	H	M	C	P
0	0.05113	0.04234	0.06359	0.01659	0.03881	0.07742	0.08147	0.32029	0.11651	0.03084	0.01810	0.04284	0.03040	0.00943	0.02776	0.00232	0.00806	0.00672	0.00547	0.00991
1	0.03835	0.03920	0.03873	0.00979	0.01196	0.00896	0.00758	0.05951	0.01530	0.04594	0.20150	0.20289	0.03486	0.15842	0.05210	0.00347	0.00573	0.01109	0.00562	0.04902
2	0.06167	0.01472	0.02035	0.01799	0.07292	0.01581	0.14579	0.08898	0.34008	0.02739	0.08023	0.02514	0.02034	0.00862	0.00703	0.00223	0.00671	0.02855	0.00576	0.00969
3	0.00955	0.00663	0.00832	0.00810	0.00921	0.00621	0.00567	0.01119	0.01536	0.02109	0.40257	0.07830	0.11802	0.17215	0.01530	0.08516	0.00419	0.01151	0.00606	0.00540
4	0.01834	0.59863	0.09169	0.01329	0.01914	0.10873	0.03257	0.02102	0.01437	0.01648	0.00980	0.01142	0.00865	0.00593	0.00479	0.00155	0.00810	0.00391	0.00295	0.00864
5	0.01251	0.00625	0.00625	0.00625	0.00782	0.00625	0.00469	0.01563	0.01407	0.02502	0.02189	0.02502	0.01720	0.00782	0.00469	0.00156	0.00313	0.00625	0.80144	0.00625
6	0.01782	0.18326	0.26173	0.01871	0.02582	0.07266	0.16321	0.13678	0.01772	0.02336	0.01236	0.01447	0.00939	0.00641	0.00630	0.00196	0.00937	0.00544	0.00367	0.00955
7	0.01997	0.01662	0.05977	0.01633	0.03603	0.06160	0.07174	0.23475	0.01969	0.12387	0.01614	0.01870	0.01241	0.01640	0.15191	0.00386	0.09946	0.00633	0.00508	0.00932
8	0.03010	0.01142	0.01557	0.01194	0.01713	0.00986	0.00986	0.03270	0.01920	0.72698	0.02647	0.02284	0.01661	0.00830	0.00675	0.00208	0.00571	0.00675	0.00830	0.01142
9	0.01008	0.00686	0.00895	0.00871	0.01024	0.00629	0.00642	0.01278	0.01767	0.05525	0.53167	0.18860	0.08094	0.01503	0.00799	0.00223	0.00343	0.01333	0.00716	0.00636
10	0.81159	0.01298	0.00986	0.00882	0.01298	0.01505	0.00727	0.01972	0.01142	0.03010	0.00934	0.01090	0.00727	0.00623	0.00415	0.00208	0.00519	0.00363	0.00415	0.00727
11	0.00959	0.00719	0.01078	0.01078	0.01198	0.00839	0.00839	0.01198	0.01078	0.01558	0.01797	0.02636	0.01677	0.05032	0.73760	0.01078	0.01797	0.00719	0.00359	0.00599
12	0.00907	0.00656	0.00880	0.01013	0.01103	0.00616	0.00745	0.01080	0.01354	0.01806	0.03561	0.55743	0.04154	0.01975	0.00860	0.00275	0.00451	0.18424	0.00613	0.03786
13	0.03010	0.01142	0.01557	0.01194	0.01713	0.00986	0.00986	0.03270	0.01920	0.72698	0.02647	0.02284	0.01661	0.00830	0.00675	0.00208	0.00571	0.00675	0.00830	0.01142
14	0.00950	0.00686	0.00897	0.00844	0.01002	0.00633	0.00633	0.01266	0.01899	0.02691	0.71879	0.05012	0.06331	0.01372	0.00791	0.00211	0.00317	0.01213	0.00739	0.00633
15	0.00959	0.00719	0.01078	0.01078	0.01198	0.00839	0.00839	0.01198	0.01078	0.01558	0.01797	0.02636	0.01677	0.05032	0.73760	0.01078	0.01797	0.00719	0.00359	0.00599
16	0.01267	0.01193	0.02013	0.74806	0.04621	0.01491	0.01863	0.01714	0.01342	0.01714	0.01193	0.01789	0.00894	0.00671	0.00671	0.00224	0.00894	0.00596	0.00298	0.00745
17	0.00806	0.00651	0.00718	0.00763	0.00930	0.00562	0.00549	0.00965	0.01468	0.01813	0.08141	0.27618	0.49051	0.01811	0.00812	0.00240	0.00354	0.01559	0.00627	0.00562
18	0.06689	0.00723	0.00720	0.00695	0.00882	0.00750	0.00531	0.04272	0.01447	0.02571	0.02068	0.02376	0.01628	0.00920	0.03022	0.00194	0.00395	0.00610	0.68856	0.00652
19	0.00970	0.00648	0.00734	0.00740	0.00741	0.00646	0.00415	0.00974	0.00988	0.01317	0.02177	0.07208	0.02518	0.73494	0.03314	0.00636	0.00640	0.01012	0.00415	0.00412
20	0.17604	0.01020	0.01160	0.00967	0.01367	0.00951	0.00781	0.02260	0.01648	0.35579	0.05425	0.03393	0.23008	0.01069	0.00663	0.00213	0.00484	0.00854	0.00683	0.00872
21	0.00987	0.00708	0.00885	0.00969	0.01080	0.00691	0.00689	0.01284	0.07576	0.03859	0.03747	0.49015	0.10836	0.06198	0.02932	0.00308	0.00472	0.06539	0.00615	0.00610
22	0.02265	0.01262	0.01475	0.01207	0.01630	0.01293	0.00972	0.15349	0.19196	0.30124	0.05097	0.02350	0.01850	0.00860	0.00652	0.00204	0.00546	0.00696	0.11943	0.01029
23	0.01221	0.00675	0.00829	0.00856	0.01003	0.00640	0.00630	0.01454	0.01468	0.09154	0.09779	0.30987	0.03326	0.01408	0.00695	0.00220	0.00385	0.04987	0.29637	0.00646
24	0.00974	0.00656	0.00760	0.00760	0.00769	0.00666	0.00441	0.00994	0.00984	0.01322	0.02089	0.04250	0.02378	0.70679	0.09071	0.00685	0.00743	0.00955	0.00403	0.00422
25	0.00975	0.00654	0.00752	0.00752	0.00758	0.00661	0.00431	0.00988	0.00982	0.01316	0.02096	0.04291	0.02396	0.72365	0.07410	0.00675	0.00716	0.00961	0.00404	0.00418
26	0.01527	0.00899	0.01069	0.00967	0.01185	0.00887	0.00700	0.01955	0.12984	0.17728	0.08704	0.05995	0.08579	0.29763	0.01751	0.00386	0.00550	0.03040	0.00607	0.00723
27	0.00834	0.00596	0.00795	0.00937	0.00987	0.00557	0.00637	0.00970	0.01334	0.01787	0.08299	0.69249	0.04549	0.02046	0.00854	0.00269	0.00391	0.03726	0.00631	0.00553
28	0.01088	0.00757	0.01065	0.01207	0.01350	0.00757	0.01042	0.01350	0.01492	0.01942	0.03366	0.07136	0.03650	0.01891	0.01060	0.06588	0.00615	0.62459	0.00592	0.00592
29	0.05389	0.01367	0.01614	0.01256	0.01743	0.01370	0.01033	0.27499	0.02296	0.38381	0.02164	0.02017	0.01444	0.00809	0.00644	0.00200	0.00605	0.00633	0.08458	0.01077
30	0.00968	0.00681	0.00845	0.00884	0.01028	0.00625	0.00638	0.01201	0.03242	0.05111	0.21069	0.35818	0.20141	0.01739	0.00816	0.00244	0.00378	0.03298	0.00662	0.00612
31	0.00914	0.00725	0.00842	0.00899	0.01092	0.00665	0.00718	0.01178	0.03694	0.01898	0.05385	0.12335	0.42610	0.01756	0.00837	0.00257	0.00438	0.22536	0.00623	0.00597
32	0.01081	0.00772	0.01081	0.01236	0.01390	0.00772	0.01081	0.01390	0.01545	0.02008	0.03553	0.07569	0.03862	0.01854	0.00927	0.00309	0.00618	0.67717	0.00618	0.00618
33	0.00830	0.00666	0.00718	0.00742	0.00932	0.00575	0.00549	0.01010	0.01513	0.01884	0.10401	0.16822	0.53161	0.01712	0.00795	0.00232	0.00352	0.03220	0.03313	0.00571
34	0.66587	0.01300	0.01212	0.10617	0.05509	0.01508	0.00945	0.01944	0.01188	0.02799	0.00985	0.01211	0.00766	0.00628	0.00462	0.00209	0.00582	0.00406	0.00396	0.00747
35	0.00950	0.00686	0.00897	0.00844	0.01002	0.00633	0.00633	0.01266	0.01899	0.02691	0.71879	0.05012	0.06331	0.01372	0.00791	0.00211	0.00317	0.01213	0.00739	0.00633
36	0.01533	0.01464	0.02492	0.27095	0.50256	0.01561	0.01996	0.01947	0.01467	0.02037	0.01240	0.01702	0.01008	0.00622	0.00666	0.00207	0.00829	0.00597	0.00321	0.00960
37	0.02468	0.01926	0.01962	0.01540	0.02050	0.06696	0.01257	0.59626	0.09201	0.03932	0.01675	0.01665	0.01205	0.00808	0.00668	0.00202	0.00750	0.00607	0.00651	0.01110
38	0.02516	0.01862	0.01994	0.01537	0.02068	0.02065	0.01267	0.67382	0.05826	0.04173	0.01655	0.01646	0.01177	0.00810	0.00672	0.00202	0.00730	0.00610	0.00672	0.01138
39	0.01527	0.01458	0.02482	0.28099	0.49296	0.01559	0.01993	0.01942	0.01465	0.02030	0.01239	0.01704	0.01006	0.00623	0.00667	0.00208	0.00830	0.00597	0.00321	0.00955
40	0.01794	0.76823	0.03516	0.01148	0.01722	0.02655	0.01148	0.02009	0.01363	0.01579	0.00933	0.01076	0.00861	0.00574	0.00431	0.00144	0.00718	0.00359	0.00287	0.00861
41	0.06858	0.01227	0.01442	0.01077	0.01594	0.01064	0.00871	0.01770	0.01359	0.05260	0.01205	0.01418	0.00993	0.00593	0.00682	0.00132	0.08509	0.00428	0.00406	0.63111
42	0.01267	0.01193	0.02013	0.74806	0.04621	0.01491	0.01863	0.01714	0.01342	0.01714	0.01193	0.01789	0.00894	0.00671	0.00671	0.00224	0.00894	0.00596	0.00298	0.00745
43	0.07273	0.01383	0.01662	0.01287	0.01802	0.01367	0.01061	0.23488	0.04095	0.46063	0.02237	0.02017	0.01460	0.00813	0.00659	0.00206	0.00618	0.00638	0.00755	0.01116
44	0.36626	0.01282	0.01380	0.01138	0.01522	0.01409	0.00938	0.02134	0.01323	0.17385	0.01327	0.01464	0.00996	0.00756	0.00833	0.00208	0.15169	0.00479	0.00477	0.13158
45	0.00799	0.00672	0.00694	0.00704	0.00914	0.00567	0.00522	0.00969	0.01521	0.01830	0.08428	0.11861	0.64783	0.01721	0.00798	0.00230	0.00343	0.01449	0.00626	0.00567
46	0.01584	0.01810	0.03959	0.02828	0.03507	0.01697	0.69796	0.02149	0.01584	0.02149	0.01357	0.01810	0.01018	0.00566	0.00792	0.00226	0.01131	0.00792	0.00339	0.00905
47	0.02506	0.03198	0.01901	0.01729	0.02074	0.73725	0.01296	0.02679	0.01901	0.01642	0.01037	0.01210	0.00864	0.00691	0.00605	0.00173	0.01210	0.00432	0.00346	0.00778
48	0.65604	0.01637	0.10231	0.01054	0.01544	0.04035	0.00979	0.02060	0.01230	0.05159	0.01029	0.01176	0.00778	0.00634	0.00459	0.00207	0.00605	0.00393	0.00410	0.00776
49	0.00976	0.00651	0.00732	0.00732	0.00732	0.00651	0.00407	0.00976	0.00976	0.01301	0.02114	0.04391	0.02439	0.76419	0.03415	0.00651	0.00651	0.00976	0.00407	0.00407
50	0.01166	0.00583	0.00874	0.00874	0.00874	0.00583	0.00583	0.00874	0.00874	0.01166	0.01166	0.02040	0.01166	0.02331	0.02622	0.80478	0.00583	0.00583	0.00291	0.00291
51	0.49983	0.01241	0.01195	0.00985	0.01450	0.01290	0.00810	0.02322	0.01396	0.23301	0.01462	0.01471	0.01028	0.00670	0.00500	0.00196	0.00532	0.00458	0.00535	0.09176
52	0.00817	0.00637	0.00744	0.00826	0.00958	0.00564	0.00588	0.00966	0.01411	0.01772	0.05156	0.40398	0.36297	0.01902	0.00829	0.00252	0.00375	0.04327	0.00623	0.00558
53	0.01661	0.01594	0.02724	0.04119	0.72233	0.01594	0.02059	0.02059	0.01528	0.02192	0.01262	0.01661	0.01063	0.00598	0.00664	0.00199	0.00797	0.00598	0.00332	0.01063
54	0.00964	0.00696	0.00960	0.00960	0.01039	0.00774	0.00691	0.01122	0.01043	0.01470	0.01906	0.03236	0.01938	0.29443	0.49705	0.00932	0.01405	0.00807	0.00376	0.00533
55	0.00845	0.00604	0.00810	0.00966	0.01017	0.00569	0.00671	0.00982	0.01312	0.01744	0.03683	0.68790	0.04377	0.02076	0.00864	0.00276	0.00413	0.08825	0.00622	0.00553
56	0.00821	0.00630	0.00753	0.00830	0.00951	0.00562	0.00581	0.00977	0.01436	0.01845	0.11480	0.43010	0.29952	0.01880	0.00826	0.00249	0.00364	0.01656	0.00634	0.00562
57	0.00949	0.00659	0.00794	0.00792	0.00944	0.00606	0.00582	0.01207	0.01655	0.02345	0.37858	0.15974	0.17382	0.01450	0.00749	0.00215	0.00332	0.01264	0.13638	0.00606
58	0.00875	0.00707	0.00737	0.00736	0.00920	0.00634	0.00530	0.01083	0.04164	0.01753	0.05562	0.05913	0.52576	0.17068	0.01333	0.00317	0.00421	0.03536	0.00581	0.00555
59	0.70118	0.01236	0.01001	0.00888	0.01288	0.01404	0.00727	0.01999	0.01229	0.06934	0.04179	0.01384	0.01063	0.00674	0.00448	0.00206	0.00505	0.00428	0.03545	0.00742
60	0.46316	0.01117	0.01032	0.00901	0.01288	0.01178	0.00730	0.01994	0.01403	0.16419	0.05268	0.02571	0.15621	0.00912	0.00558	0.00212	0.00485	0.00672	0.00552	0.00772
61	0.01620	0.00947	0.01130	0.01022	0.01331	0.00902	0.00813	0.04486	0.10552	0.21008	0.07315	0.08687	0.23794	0.01324	0.00749	0.00230	0.00474	0.08906	0.03897	0.00814
62	0.00821	0.00681	0.00718	0.00709	0.00923	0.00578	0.00532	0.01017	0.01595	0.01969	0.18413	0.06200	0.60248	0.01641	0.00793	0.00224	0.00336	0.01380	0.00644	0.00578
63	0.78341	0.01292	0.01007	0.00894	0.01313	0.01487	0.00736	0.02019	0.01170	0.05523	0.00996	0.01133	0.00760	0.00630	0.00425	0.00208	0.00521	0.00375	0.00430	0.00742
64	0.03010	0.01142	0.01557	0.01194	0.01713	0.00986	0.00986	0.03270	0.01920	0.72698	0.02647	0.02284	0.01661	0.00830	0.00675	0.00208	0.00571	0.00675	0.00830	0.01142
65	0.00940	0.00656	0.00722	0.00722	0.00766	0.00634	0.00427	0.00973	0.01084	0.01401	0.03032	0.04796	0.16072	0.61768	0.02901	0.00567	0.00590	0.01062	0.00449	0.00438
66	0.00975	0.00654	0.00752	0.00752	0.00758	0.00661	0.00431	0.00988	0.00982	0.01316	0.02096	0.04291	0.02396	0.72365	0.07410	0.00675	0.00716	0.00961	0.00404	0.00418
67	0.00793	0.00680	0.00680	0.00680	0.00906	0.00566	0.00510	0.00963	0.01529	0.01813	0.06797	0.06457	0.71961	0.01699	0.00793	0.00227	0.00340	0.01416	0.00623	0.00566
68	0.01404	0.01234	0.01565	0.01118	0.01720	0.00949	0.05455	0.01721	0.01404	0.02184	0.01204	0.01420	0.00995	0.00502	0.00517	0.00108	0.00540	0.00424	0.00394	0.75144
69	0.04950	0.22713	0.51497	0.01666	0.02522	0.01845	0.02052	0.02088	0.01391	0.02020	0.01121	0.01313	0.00848	0.00620	0.00573	0.00194	0.00899	0.00454	0.00290	0.00946
70	0.54886	0.05619	0.01375	0.03128	0.06914	0.01582	0.00931	0.04250	0.08612	0.02839	0.03643	0.01452	0.01111	0.00681	0.00491	0.00206	0.00562	0.00466	0.00446	0.00806

[dist]
# distance from previous block
# <min> <max>
0	1

[block]
# block no. 4 follows, 32 sequences, length 42
# corresponding to MSA columns:
# 196-237
name=unknown_E
#
# <colnr> <probs for GDERKNQSTAVLIFYWHMCP>
#	G	D	E	R	K	N	Q	S	T	A	V	L	I	F	Y	W	H	M	C	P
0	0.07152	0.01725	0.04225	0.04554	0.02131	0.01818	0.05178	0.47565	0.04334	0.05811	0.01552	0.01670	0.01131	0.00893	0.00815	0.06512	0.00739	0.00601	0.00584	0.01012
1	0.00976	0.00651	0.00732	0.00732	0.00732	0.00651	0.00407	0.00976	0.00976	0.01301	0.02114	0.04391	0.02439	0.76419	0.03415	0.00651	0.00651	0.00976	0.00407	0.00407
2	0.68556	0.01273	0.01078	0.00933	0.01365	0.01422	0.00769	0.02182	0.01267	0.14249	0.01211	0.01283	0.00877	0.00656	0.00457	0.00208	0.00527	0.00414	0.00482	0.00794
3	0.01741	0.01491	0.03400	0.01326	0.01861	0.01410	0.04995	0.20792	0.14817	0.02840	0.01884	0.01937	0.04794	0.00726	0.00615	0.00168	0.00610	0.00598	0.00531	0.33463
4	0.01959	0.01234	0.01435	0.01237	0.01607	0.01313	0.00970	0.05133	0.38063	0.21777	0.08146	0.02577	0.02182	0.01051	0.00865	0.07488	0.00536	0.00752	0.00692	0.00982
5	0.01140	0.00640	0.00937	0.00983	0.01030	0.00640	0.00733	0.01030	0.01076	0.01420	0.01886	0.03708	0.01979	0.02187	0.02111	0.56289	0.00593	0.20839	0.00390	0.00390
6	0.01070	0.00765	0.01069	0.01223	0.01373	0.00763	0.01062	0.01371	0.01534	0.01996	0.03559	0.10402	0.03885	0.01864	0.00924	0.00307	0.00608	0.64992	0.00618	0.00615
7	0.01033	0.00665	0.00982	0.00976	0.01057	0.00721	0.00721	0.01089	0.01102	0.01551	0.09967	0.02704	0.02049	0.03611	0.39147	0.29846	0.01178	0.00729	0.00380	0.00491
8	0.00951	0.00665	0.00781	0.00764	0.00835	0.00637	0.00489	0.01069	0.01326	0.01798	0.25171	0.04780	0.09999	0.45305	0.02326	0.00470	0.00514	0.01093	0.00534	0.00495
9	0.81159	0.01298	0.00986	0.00882	0.01298	0.01505	0.00727	0.01972	0.01142	0.03010	0.00934	0.01090	0.00727	0.00623	0.00415	0.00208	0.00519	0.00363	0.00415	0.00727
10	0.00966	0.00690	0.00949	0.01104	0.01208	0.00673	0.00881	0.01191	0.01431	0.01879	0.03616	0.37494	0.04114	0.01962	0.00896	0.00293	0.00518	0.38931	0.00620	0.00586
11	0.00825	0.00674	0.00707	0.00707	0.00900	0.00580	0.00514	0.00990	0.01499	0.01835	0.11889	0.08305	0.57327	0.09019	0.01052	0.00268	0.00370	0.01371	0.00612	0.00556
12	0.81159	0.01298	0.00986	0.00882	0.01298	0.01505	0.00727	0.01972	0.01142	0.03010	0.00934	0.01090	0.00727	0.00623	0.00415	0.00208	0.00519	0.00363	0.00415	0.00727
13	0.81159	0.01298	0.00986	0.00882	0.01298	0.01505	0.00727	0.01972	0.01142	0.03010	0.00934	0.01090	0.00727	0.00623	0.00415	0.00208	0.00519	0.00363	0.00415	0.00727
14	0.00944	0.00641	0.00761	0.00806	0.00823	0.00632	0.00493	0.00987	0.01079	0.01435	0.02565	0.21596	0.02988	0.54898	0.02678	0.00543	0.00587	0.04626	0.00469	0.00450
15	0.01462	0.00755	0.00975	0.00940	0.01134	0.00687	0.00685	0.01645	0.01509	0.20745	0.09502	0.34552	0.06951	0.07273	0.00962	0.00266	0.00442	0.01310	0.07496	0.00709
16	0.00975	0.00653	0.00744	0.00744	0.00749	0.00657	0.00422	0.00984	0.00979	0.01310	0.02103	0.04328	0.02412	0.73851	0.05945	0.00666	0.00692	0.00967	0.00405	0.00413
17	0.00793	0.00680	0.00680	0.00680	0.00906	0.00566	0.00510	0.00963	0.01529	0.01813	0.06797	0.06457	0.71961	0.01699	0.00793	0.00227	0.00340	0.01416	0.00623	0.00566
18	0.00821	0.00621	0.00759	0.00851	0.00956	0.00559	0.00590	0.00970	0.01408	0.01822	0.10184	0.49416	0.24773	0.01922	0.00832	0.00254	0.00369	0.01704	0.00632	0.00559
19	0.00837	0.00681	0.00741	0.00726	0.00933	0.00585	0.00545	0.01048	0.01634	0.02060	0.25155	0.06050	0.53448	0.01607	0.00793	0.00222	0.00333	0.01359	0.00656	0.00585
20	0.01584	0.01810	0.03959	0.02828	0.03507	0.01697	0.69796	0.02149	0.01584	0.02149	0.01357	0.01810	0.01018	0.00566	0.00792	0.00226	0.01131	0.00792	0.00339	0.00905
21	0.00818	0.00584	0.00779	0.00934	0.00973	0.00545	0.00623	0.00934	0.01285	0.01713	0.03698	0.75981	0.04438	0.02102	0.00856	0.00273	0.00389	0.01908	0.00623	0.00545
22	0.00825	0.00681	0.00724	0.00713	0.00926	0.00580	0.00535	0.01025	0.01605	0.01993	0.20147	0.06161	0.58499	0.01632	0.00793	0.00223	0.00335	0.01375	0.00647	0.00580
23	0.00821	0.00613	0.00776	0.00889	0.00973	0.00568	0.00612	0.00957	0.01324	0.01724	0.04235	0.56761	0.18525	0.02198	0.05356	0.00313	0.00466	0.01730	0.00607	0.00553
24	0.00795	0.00671	0.00689	0.00703	0.00912	0.00565	0.00520	0.00960	0.01507	0.01804	0.06517	0.12754	0.65845	0.01736	0.00799	0.00231	0.00344	0.01461	0.00623	0.00565
25	0.00871	0.00683	0.00788	0.00762	0.00954	0.00600	0.00571	0.01114	0.01714	0.02251	0.39281	0.05736	0.39204	0.01536	0.00792	0.00219	0.00328	0.01315	0.00681	0.00600
26	0.01794	0.76823	0.03516	0.01148	0.01722	0.02655	0.01148	0.02009	0.01363	0.01579	0.00933	0.01076	0.00861	0.00574	0.00431	0.00144	0.00718	0.00359	0.00287	0.00861
27	0.00976	0.00651	0.00732	0.00732	0.00732	0.00651	0.00407	0.00976	0.00976	0.01301	0.02114	0.04391	0.02439	0.76419	0.03415	0.00651	0.00651	0.00976	0.00407	0.00407
28	0.02969	0.01209	0.01598	0.01226	0.01746	0.01085	0.01012	0.09314	0.02032	0.66497	0.02553	0.02223	0.01614	0.00828	0.00674	0.00207	0.00586	0.00668	0.00816	0.01142
29	0.01468	0.01468	0.02055	0.01762	0.01762	0.02055	0.01468	0.01615	0.01028	0.01615	0.00881	0.01468	0.00881	0.01174	0.02202	0.00294	0.75191	0.00587	0.00294	0.00734
30	0.02472	0.02037	0.01957	0.01556	0.02053	0.12552	0.01261	0.54721	0.08493	0.03734	0.01618	0.01625	0.01174	0.00797	0.00662	0.00199	0.00791	0.00591	0.00624	0.01081
31	0.01106	0.00593	0.00866	0.00878	0.00898	0.00584	0.00592	0.00921	0.01024	0.01381	0.08664	0.10404	0.02050	0.02208	0.02243	0.63536	0.00534	0.00792	0.00373	0.00354
32	0.03010	0.01142	0.01557	0.01194	0.01713	0.00986	0.00986	0.03270	0.01920	0.72698	0.02647	0.02284	0.01661	0.00830	0.00675	0.00208	0.00571	0.00675	0.00830	0.01142
33	0.01519	0.25821	0.49540	0.01674	0.02518	0.04168	0.02036	0.02107	0.01416	0.01943	0.01116	0.01306	0.00854	0.00620	0.00573	0.00190	0.00915	0.00452	0.00286	0.00945
34	0.02204	0.01757	0.03870	0.11164	0.05905	0.16236	0.01287	0.16137	0.02024	0.20198	0.08040	0.02063	0.01659	0.00958	0.03297	0.00233	0.00824	0.00641	0.00561	0.00941
35	0.01166	0.00583	0.00874	0.00874	0.00874	0.00583	0.00583	0.00874	0.00874	0.01166	0.01166	0.02040	0.01166	0.02331	0.02622	0.80478	0.00583	0.00583	0.00291	0.00291
36	0.00922	0.00685	0.00858	0.00815	0.00985	0.00621	0.00611	0.01212	0.01833	0.02534	0.60253	0.05270	0.18055	0.01430	0.00792	0.00214	0.00321	0.01250	0.00718	0.00621
37	0.40734	0.01934	0.18168	0.01292	0.01864	0.01643	0.01273	0.15452	0.07091	0.03025	0.01271	0.01380	0.00941	0.00685	0.00539	0.00209	0.00674	0.00473	0.00455	0.00897
38	0.05309	0.02888	0.01908	0.04795	0.04396	0.60757	0.01328	0.05119	0.01858	0.01811	0.01064	0.01267	0.00878	0.00705	0.00655	0.00182	0.03473	0.00453	0.00357	0.00796
39	0.01393	0.00805	0.01162	0.01085	0.01283	0.00860	0.00848	0.01624	0.01251	0.16566	0.01993	0.02652	0.01713	0.07812	0.54715	0.00873	0.01479	0.00723	0.00461	0.00704
40	0.01413	0.03455	0.68820	0.01902	0.02856	0.05746	0.02410	0.02157	0.01445	0.02097	0.01194	0.01405	0.00851	0.00641	0.00636	0.00210	0.01004	0.00492	0.00287	0.00979
41	0.01627	0.09271	0.52398	0.01813	0.02635	0.16884	0.02123	0.02233	0.01515	0.01979	0.01147	0.01346	0.00854	0.00644	0.00614	0.00199	0.01016	0.00471	0.00297	0.00936

[dist]
# distance from previous block
# <min> <max>
5	9

[block]
# block no. 5 follows, 32 sequences, length 85
# corresponding to MSA columns:
# 247-331
name=unknown_F
#
# <colnr> <probs for GDERKNQSTAVLIFYWHMCP>
#	G	D	E	R	K	N	Q	S	T	A	V	L	I	F	Y	W	H	M	C	P
0	0.00818	0.00584	0.00779	0.00934	0.00973	0.00545	0.00623	0.00934	0.01285	0.01713	0.03698	0.75981	0.04438	0.02102	0.00856	0.00273	0.00389	0.01908	0.00623	0.00545
1	0.01061	0.00667	0.00877	0.00957	0.01073	0.00624	0.00699	0.01250	0.01446	0.07296	0.10540	0.47043	0.06120	0.01798	0.00818	0.00257	0.00420	0.10453	0.05987	0.00615
2	0.37010	0.01058	0.00994	0.00905	0.01207	0.01141	0.00695	0.04580	0.04075	0.08714	0.02196	0.09307	0.07677	0.11380	0.00951	0.00274	0.00510	0.00754	0.05860	0.00712
3	0.02097	0.00981	0.01269	0.01045	0.01406	0.00893	0.00829	0.04269	0.04415	0.39143	0.22665	0.03380	0.06671	0.04692	0.00842	0.00230	0.00486	0.00882	0.02891	0.00914
4	0.01570	0.01329	0.01444	0.01344	0.01685	0.01518	0.01065	0.03199	0.59316	0.02672	0.02869	0.03357	0.02354	0.01069	0.00724	0.00241	0.00546	0.12039	0.00672	0.00987
5	0.11637	0.00736	0.00833	0.00870	0.00988	0.00732	0.00597	0.01209	0.01254	0.04728	0.06134	0.33420	0.07297	0.22854	0.01511	0.00364	0.00488	0.03237	0.00548	0.00562
6	0.01050	0.00735	0.00875	0.00901	0.01021	0.00713	0.00619	0.03473	0.05630	0.04528	0.07619	0.35383	0.13745	0.18885	0.01407	0.00341	0.00465	0.01421	0.00593	0.00595
7	0.04052	0.02218	0.01878	0.01592	0.01954	0.37647	0.10191	0.08386	0.01827	0.04033	0.01486	0.04574	0.01245	0.02874	0.00700	0.00199	0.00935	0.00603	0.12812	0.00793
8	0.00961	0.00707	0.01020	0.01020	0.01120	0.00807	0.00766	0.01161	0.01061	0.01515	0.01850	0.02929	0.01805	0.16967	0.61999	0.01007	0.01606	0.00762	0.00367	0.00567
9	0.04446	0.01032	0.01263	0.01044	0.01446	0.00951	0.00839	0.02584	0.09554	0.40571	0.05669	0.03310	0.17634	0.01043	0.00686	0.00211	0.00490	0.00856	0.05425	0.00945
10	0.01093	0.00668	0.00877	0.00939	0.01061	0.00608	0.00660	0.01250	0.01437	0.10390	0.10219	0.55438	0.09086	0.01851	0.00824	0.00256	0.00401	0.01658	0.00659	0.00627
11	0.02547	0.01496	0.01727	0.01358	0.01848	0.01559	0.01106	0.32968	0.12201	0.29893	0.02179	0.02086	0.01510	0.03392	0.00767	0.00223	0.00643	0.00665	0.00724	0.01105
12	0.00805	0.00632	0.00729	0.00806	0.00940	0.00556	0.00566	0.00949	0.01408	0.01763	0.05258	0.40999	0.38414	0.01899	0.00825	0.00249	0.00364	0.01660	0.00623	0.00556
13	0.01681	0.01229	0.01351	0.01198	0.01560	0.01328	0.00936	0.02964	0.45486	0.12910	0.07554	0.03260	0.13520	0.01054	0.00706	0.00223	0.00493	0.00880	0.00698	0.00968
14	0.81159	0.01298	0.00986	0.00882	0.01298	0.01505	0.00727	0.01972	0.01142	0.03010	0.00934	0.01090	0.00727	0.00623	0.00415	0.00208	0.00519	0.00363	0.00415	0.00727
15	0.00901	0.00694	0.00750	0.00729	0.00942	0.00596	0.00543	0.01094	0.01585	0.04217	0.18539	0.05961	0.54347	0.05027	0.00909	0.00242	0.00357	0.01335	0.00641	0.00590
16	0.01238	0.00911	0.01071	0.00967	0.01212	0.00907	0.00743	0.07277	0.12128	0.05222	0.43759	0.04480	0.14861	0.01286	0.00762	0.00215	0.00395	0.01107	0.00711	0.00746
17	0.00821	0.00590	0.00779	0.00923	0.00972	0.00549	0.00619	0.00946	0.01313	0.01748	0.06029	0.71364	0.06730	0.02065	0.00852	0.00269	0.00385	0.01869	0.00627	0.00549
18	0.00818	0.00584	0.00779	0.00934	0.00973	0.00545	0.00623	0.00934	0.01285	0.01713	0.03698	0.75981	0.04438	0.02102	0.00856	0.00273	0.00389	0.01908	0.00623	0.00545
19	0.00981	0.00720	0.00991	0.00981	0.01056	0.00814	0.00710	0.01135	0.01041	0.01471	0.01876	0.03203	0.01914	0.29545	0.47116	0.00905	0.03825	0.00803	0.00374	0.00537
20	0.01028	0.00791	0.00920	0.00861	0.01072	0.00747	0.00652	0.05768	0.04765	0.02468	0.40159	0.07779	0.27581	0.01451	0.00782	0.00219	0.00364	0.01247	0.00689	0.00659
21	0.03738	0.00818	0.01069	0.01051	0.01162	0.02824	0.00792	0.01239	0.01083	0.01566	0.01773	0.02814	0.01730	0.17113	0.54680	0.00924	0.03939	0.00740	0.00367	0.00579
22	0.00972	0.00666	0.00812	0.00812	0.00840	0.00694	0.00507	0.01027	0.01000	0.01361	0.02041	0.03983	0.02262	0.59838	0.19755	0.00750	0.00917	0.00916	0.00396	0.00451
23	0.01669	0.01441	0.01517	0.01365	0.01745	0.01669	0.01062	0.03565	0.71021	0.02807	0.02731	0.02503	0.02048	0.00910	0.00683	0.00228	0.00531	0.00759	0.00683	0.01062
24	0.01629	0.01579	0.05034	0.02626	0.25541	0.01597	0.15692	0.04911	0.09072	0.05192	0.01659	0.07988	0.01437	0.00857	0.00938	0.00229	0.11892	0.00763	0.00424	0.00942
25	0.02154	0.01527	0.03501	0.01333	0.01898	0.01428	0.03267	0.28096	0.04178	0.16370	0.01678	0.01691	0.01204	0.00695	0.00615	0.00169	0.00636	0.00554	0.00588	0.28415
26	0.15420	0.38708	0.02510	0.01242	0.01683	0.06616	0.01111	0.06248	0.06711	0.02086	0.01138	0.01317	0.00972	0.00828	0.02880	0.00210	0.08661	0.00445	0.00369	0.00844
27	0.21678	0.41845	0.02548	0.01188	0.01694	0.09952	0.01073	0.09589	0.01564	0.02234	0.01019	0.01153	0.00859	0.00624	0.00472	0.00169	0.00724	0.00395	0.00368	0.00850
28	0.01251	0.00625	0.00625	0.00625	0.00782	0.00625	0.00469	0.01563	0.01407	0.02502	0.02189	0.02502	0.01720	0.00782	0.00469	0.00156	0.00313	0.00625	0.80144	0.00625
29	0.21402	0.16676	0.01920	0.01205	0.01701	0.01734	0.01038	0.20515	0.01936	0.20385	0.01645	0.01779	0.01221	0.00762	0.00572	0.00197	0.00635	0.03146	0.00569	0.00964
30	0.00826	0.00598	0.00783	0.00926	0.00984	0.00555	0.00632	0.00954	0.01313	0.01732	0.03928	0.68112	0.09541	0.02062	0.00854	0.00270	0.00394	0.04363	0.00623	0.00549
31	0.02446	0.02973	0.02000	0.01757	0.02125	0.62210	0.04098	0.08940	0.01983	0.01905	0.01100	0.01279	0.00897	0.00709	0.00660	0.00181	0.03078	0.00467	0.00375	0.00816
32	0.01661	0.01594	0.02724	0.04119	0.72233	0.01594	0.02059	0.02059	0.01528	0.02192	0.01262	0.01661	0.01063	0.00598	0.00664	0.00199	0.00797	0.00598	0.00332	0.01063
33	0.00975	0.00652	0.00738	0.00736	0.00742	0.00650	0.00415	0.00986	0.01010	0.01352	0.04685	0.04414	0.02583	0.73653	0.03318	0.00634	0.00638	0.00985	0.00419	0.00415
34	0.00970	0.00651	0.00730	0.00730	0.00738	0.00648	0.00410	0.00975	0.00994	0.01318	0.02267	0.04458	0.04711	0.73978	0.03330	0.00637	0.00640	0.00990	0.00414	0.00412
35	0.00800	0.00680	0.00690	0.00687	0.00911	0.00569	0.00515	0.00977	0.01546	0.01853	0.09773	0.06391	0.68960	0.01684	0.00793	0.00226	0.00339	0.01407	0.00628	0.00569
36	0.02417	0.01799	0.01924	0.01495	0.02009	0.01989	0.01229	0.62613	0.07641	0.04031	0.01906	0.01876	0.04202	0.00850	0.00677	0.00204	0.00708	0.00649	0.00670	0.01111
37	0.00940	0.00658	0.00730	0.00727	0.00777	0.00634	0.00436	0.00987	0.01122	0.01461	0.06184	0.04808	0.15675	0.58953	0.02803	0.00551	0.00577	0.01069	0.00462	0.00447
38	0.02436	0.03095	0.01852	0.01686	0.02027	0.70736	0.01264	0.02609	0.01886	0.01649	0.01273	0.01424	0.03770	0.00733	0.00613	0.00175	0.01174	0.00472	0.00357	0.00769
39	0.00870	0.00620	0.00828	0.00970	0.01030	0.00588	0.00686	0.01019	0.01333	0.01774	0.05860	0.59816	0.04325	0.05187	0.00974	0.00292	0.00434	0.12223	0.00617	0.00554
40	0.00796	0.00669	0.00691	0.00708	0.00914	0.00564	0.00523	0.00960	0.01502	0.01801	0.06448	0.14294	0.64350	0.01745	0.00800	0.00232	0.00345	0.01471	0.00623	0.00564
41	0.00842	0.00596	0.00777	0.00905	0.00944	0.00562	0.00596	0.00952	0.01268	0.01697	0.06012	0.64360	0.04256	0.11423	0.01176	0.00318	0.00419	0.01765	0.00600	0.00531
42	0.01383	0.00738	0.00784	0.00732	0.00929	0.00740	0.00561	0.06283	0.01594	0.05506	0.08701	0.02667	0.02110	0.00841	0.00521	0.00167	0.00353	0.00681	0.64027	0.00682
43	0.00962	0.00678	0.00849	0.00835	0.00984	0.00619	0.00606	0.01198	0.01675	0.04249	0.43347	0.16968	0.16165	0.06652	0.00978	0.00254	0.00362	0.01331	0.00681	0.00606
44	0.03940	0.00785	0.00890	0.00825	0.01080	0.00694	0.00627	0.01465	0.01556	0.15315	0.09084	0.08201	0.41579	0.07847	0.00987	0.00262	0.00425	0.03123	0.00644	0.00672
45	0.01520	0.00909	0.01128	0.01006	0.01287	0.00865	0.00795	0.04583	0.08277	0.17930	0.33278	0.04449	0.13369	0.01271	0.00762	0.00221	0.00436	0.06393	0.00726	0.00794
46	0.05062	0.01861	0.01981	0.01523	0.02056	0.02062	0.01258	0.67823	0.03090	0.04190	0.01589	0.01594	0.01128	0.00800	0.00663	0.00202	0.00731	0.00596	0.00663	0.01128
47	0.01559	0.00913	0.01094	0.00947	0.01240	0.00851	0.00734	0.07431	0.03846	0.19409	0.23820	0.04370	0.23253	0.06377	0.00929	0.00244	0.00449	0.01061	0.00698	0.00776
48	0.00977	0.00711	0.00837	0.00840	0.01030	0.00639	0.00631	0.01231	0.03379	0.05291	0.21883	0.18161	0.34639	0.01639	0.00804	0.00235	0.00375	0.05414	0.00662	0.00621
49	0.02551	0.01879	0.02014	0.01544	0.02081	0.02081	0.01275	0.69996	0.03155	0.04229	0.01611	0.01611	0.01141	0.00805	0.00671	0.00201	0.00738	0.00604	0.00671	0.01141
50	0.00901	0.00755	0.00793	0.00770	0.01002	0.00683	0.00582	0.01261	0.08345	0.02038	0.15912	0.05862	0.55568	0.01575	0.00782	0.00224	0.00355	0.01323	0.00646	0.00624
51	0.00963	0.00697	0.00893	0.01002	0.01086	0.00688	0.00704	0.03477	0.05935	0.01870	0.03463	0.61299	0.04012	0.01971	0.00907	0.03155	0.00433	0.06234	0.00616	0.00595
52	0.01426	0.01213	0.01410	0.01010	0.01605	0.00930	0.00810	0.03747	0.01444	0.02248	0.01205	0.01398	0.00998	0.00506	0.00502	0.00102	0.00504	0.00404	0.00406	0.78130
53	0.02321	0.01487	0.01874	0.08789	0.10191	0.01563	0.01294	0.27949	0.08490	0.23460	0.02102	0.02068	0.03658	0.00815	0.00676	0.00208	0.00680	0.00664	0.00642	0.01068
54	0.00932	0.00685	0.00873	0.00826	0.00992	0.00626	0.00619	0.01232	0.01858	0.02593	0.64631	0.05173	0.13641	0.01408	0.00792	0.00213	0.00319	0.01236	0.00726	0.00626
55	0.01584	0.01810	0.03959	0.02828	0.03507	0.01697	0.69796	0.02149	0.01584	0.02149	0.01357	0.01810	0.01018	0.00566	0.00792	0.00226	0.01131	0.00792	0.00339	0.00905
56	0.01408	0.11992	0.62698	0.01890	0.04864	0.01688	0.02311	0.02109	0.01414	0.02063	0.01174	0.01384	0.00858	0.00629	0.00614	0.00204	0.00954	0.00483	0.00285	0.00979
57	0.01503	0.01218	0.01854	0.20327	0.12009	0.01455	0.01464	0.01838	0.02980	0.09127	0.01550	0.02247	0.01329	0.01589	0.12842	0.00380	0.20343	0.04746	0.00395	0.00803
58	0.01404	0.01411	0.02729	0.02091	0.02537	0.03454	0.41559	0.01797	0.01497	0.04518	0.02143	0.25175	0.02131	0.01187	0.02843	0.00262	0.00899	0.01126	0.00447	0.00788
59	0.01444	0.01191	0.01397	0.01000	0.01594	0.00897	0.00801	0.01741	0.01409	0.04493	0.01240	0.01421	0.01016	0.00508	0.00503	0.00103	0.00499	0.00407	0.00412	0.77924
