[name]
unknown

[dist]
# distance from previous block
# <min> <max>
0	64

[block]
# block no. 0 follows, 34 sequences, length 71
# corresponding to MSA columns:
# 68-89,92-140
name=unknown_A
#
# <colnr> <probs for GDERKNQSTAVLIFYWHMCP>
#	G	D	E	R	K	N	Q	S	T	A	V	L	I	F	Y	W	H	M	C	P
0	0.01059	0.00784	0.01130	0.08557	0.01646	0.00812	0.01116	0.01370	0.01468	0.01906	0.03196	0.06738	0.03436	0.01672	0.00868	0.00289	0.00621	0.62159	0.00565	0.00607
1	0.01685	0.01854	0.03447	0.02511	0.03109	0.09689	0.58489	0.02165	0.01563	0.05327	0.01321	0.01693	0.00990	0.00582	0.00766	0.00213	0.02667	0.00715	0.00348	0.00865
2	0.00914	0.00660	0.00864	0.00813	0.00965	0.00610	0.00610	0.01219	0.01829	0.02591	0.72921	0.04827	0.06097	0.01321	0.00762	0.00203	0.00305	0.01169	0.00711	0.00610
3	0.01220	0.01148	0.01938	0.75739	0.04450	0.01436	0.01794	0.01651	0.01292	0.01651	0.01148	0.01723	0.00861	0.00646	0.00646	0.00215	0.00861	0.00574	0.00287	0.00718
4	0.81856	0.01250	0.00950	0.00850	0.01250	0.01449	0.00700	0.01899	0.01100	0.02899	0.00900	0.01050	0.00700	0.00600	0.00400	0.00200	0.00500	0.00350	0.00400	0.00700
5	0.02899	0.01100	0.01499	0.01150	0.01649	0.00950	0.00950	0.03149	0.01849	0.73709	0.02549	0.02199	0.01599	0.00800	0.00650	0.00200	0.00550	0.00650	0.00800	0.01100
6	0.01340	0.01148	0.01340	0.00957	0.01531	0.00861	0.00766	0.01627	0.01340	0.02105	0.01148	0.01340	0.00957	0.00479	0.00479	0.00096	0.00479	0.00383	0.00383	0.81242
7	0.07313	0.01068	0.01395	0.01088	0.01554	0.00950	0.00895	0.02944	0.01766	0.63857	0.02418	0.02150	0.01552	0.00784	0.00619	0.00196	0.00527	0.00629	0.07258	0.01036
8	0.00764	0.00655	0.00655	0.00655	0.00873	0.00545	0.00491	0.00927	0.01473	0.01745	0.06546	0.06218	0.73000	0.01636	0.00764	0.00218	0.00327	0.01364	0.00600	0.00545
9	0.02899	0.01100	0.01499	0.01150	0.01649	0.00950	0.00950	0.03149	0.01849	0.73709	0.02549	0.02199	0.01599	0.00800	0.00650	0.00200	0.00550	0.00650	0.00800	0.01100
10	0.00764	0.00655	0.00655	0.00655	0.00873	0.00545	0.00491	0.00927	0.01473	0.01745	0.06546	0.06218	0.73000	0.01636	0.00764	0.00218	0.00327	0.01364	0.00600	0.00545
11	0.00914	0.00660	0.00864	0.00813	0.00965	0.00610	0.00610	0.01219	0.01829	0.02591	0.72921	0.04827	0.06097	0.01321	0.00762	0.00203	0.00305	0.01169	0.00711	0.00610
12	0.81856	0.01250	0.00950	0.00850	0.01250	0.01449	0.00700	0.01899	0.01100	0.02899	0.00900	0.01050	0.00700	0.00600	0.00400	0.00200	0.00500	0.00350	0.00400	0.00700
13	0.01342	0.00642	0.00675	0.00647	0.00825	0.00630	0.00492	0.01639	0.01395	0.08179	0.02144	0.02392	0.01652	0.00757	0.00468	0.00155	0.00321	0.00606	0.74398	0.00642
14	0.00787	0.00562	0.00750	0.00900	0.00937	0.00525	0.00600	0.00900	0.01237	0.01649	0.03561	0.76871	0.04274	0.02024	0.00825	0.00262	0.00375	0.01837	0.00600	0.00525
15	0.02456	0.01810	0.01939	0.01487	0.02004	0.02004	0.01228	0.71107	0.03038	0.04072	0.01551	0.01551	0.01099	0.00776	0.00646	0.00194	0.00711	0.00582	0.00646	0.01099
16	0.00787	0.00562	0.00750	0.00900	0.00937	0.00525	0.00600	0.00900	0.01237	0.01649	0.03561	0.76871	0.04274	0.02024	0.00825	0.00262	0.00375	0.01837	0.00600	0.00525
17	0.02603	0.01057	0.01415	0.01106	0.01556	0.00933	0.00905	0.05022	0.01873	0.61157	0.11059	0.02503	0.02132	0.00861	0.00659	0.00199	0.00519	0.00710	0.02703	0.01028
18	0.01021	0.00743	0.00927	0.00863	0.01048	0.00715	0.00653	0.01471	0.08900	0.04141	0.60865	0.04596	0.09007	0.01281	0.00749	0.00206	0.00332	0.01123	0.00702	0.00659
19	0.01296	0.03342	0.73944	0.01842	0.02797	0.01501	0.02387	0.02046	0.01364	0.02046	0.01160	0.01364	0.00818	0.00614	0.00614	0.00205	0.00955	0.00477	0.00273	0.00955
20	0.00777	0.00622	0.00695	0.00748	0.00899	0.00540	0.00534	0.00927	0.01399	0.01738	0.07571	0.31533	0.46218	0.01766	0.00786	0.00234	0.00344	0.01527	0.00603	0.00540
21	0.01315	0.01269	0.02104	0.09885	0.04496	0.05960	0.23832	0.03203	0.01346	0.01768	0.01642	0.08818	0.01544	0.06135	0.14833	0.06950	0.01022	0.02823	0.00366	0.00687
22	0.06350	0.08172	0.02148	0.07130	0.15217	0.18269	0.07143	0.02013	0.01451	0.03251	0.01104	0.01389	0.00913	0.00635	0.00709	0.00177	0.07595	0.00488	0.00339	0.15510
23	0.01409	0.08352	0.44448	0.02354	0.20918	0.01570	0.05319	0.01999	0.01400	0.02020	0.01237	0.01616	0.00977	0.00635	0.00622	0.00200	0.00881	0.02797	0.00299	0.00947
24	0.03352	0.07523	0.15394	0.01732	0.06020	0.17429	0.09845	0.04756	0.10052	0.02071	0.05508	0.06151	0.03348	0.00810	0.00686	0.00200	0.03205	0.00668	0.00410	0.00841
25	0.00966	0.00752	0.02604	0.00906	0.01012	0.00753	0.00670	0.01127	0.01109	0.01565	0.07737	0.03487	0.04138	0.31625	0.30486	0.00690	0.02824	0.02368	0.02811	0.02369
26	0.03557	0.17505	0.14698	0.01442	0.01975	0.11023	0.04955	0.10713	0.12713	0.05208	0.03294	0.01867	0.03696	0.00744	0.00596	0.00187	0.00755	0.01927	0.00444	0.02701
27	0.06578	0.31343	0.02301	0.01255	0.01722	0.08180	0.01087	0.18838	0.15718	0.02478	0.01442	0.01485	0.01138	0.00689	0.00532	0.00174	0.00677	0.00492	0.02961	0.00911
28	0.01586	0.01509	0.02512	0.03709	0.66810	0.01503	0.01883	0.02019	0.04118	0.02133	0.01265	0.01616	0.01056	0.00582	0.00632	0.00188	0.00743	0.00571	0.00336	0.05230
29	0.01650	0.09513	0.06405	0.08127	0.41388	0.01608	0.09788	0.04333	0.01513	0.05870	0.01287	0.01602	0.01023	0.00599	0.00626	0.00191	0.00789	0.00573	0.02157	0.00958
30	0.01817	0.01672	0.12971	0.05866	0.02050	0.03137	0.03289	0.17717	0.15433	0.13150	0.02161	0.08216	0.03763	0.00925	0.00705	0.00214	0.02380	0.03039	0.00559	0.00935
31	0.00854	0.00603	0.00790	0.00915	0.00965	0.00578	0.00638	0.00979	0.01229	0.01631	0.03286	0.53376	0.03864	0.14424	0.01243	0.00328	0.00453	0.12764	0.00565	0.00514
32	0.01223	0.01011	0.01626	0.46171	0.07280	0.01175	0.01417	0.01550	0.01289	0.05459	0.01734	0.15202	0.01638	0.05532	0.04715	0.00288	0.00786	0.00829	0.00380	0.00695
33	0.01617	0.05485	0.11484	0.05509	0.05673	0.05554	0.43059	0.07641	0.01609	0.02148	0.01252	0.01605	0.00949	0.00599	0.00737	0.00209	0.02986	0.00657	0.00341	0.00886
34	0.01357	0.17918	0.56592	0.01641	0.02482	0.01665	0.02046	0.01972	0.01359	0.01928	0.01358	0.01525	0.04168	0.00649	0.00581	0.00192	0.00874	0.00492	0.00289	0.00911
35	0.00815	0.00657	0.00725	0.00708	0.00904	0.00567	0.00531	0.01026	0.01593	0.02031	0.28937	0.05749	0.50430	0.01530	0.00763	0.00213	0.00320	0.01298	0.00638	0.00567
36	0.09340	0.02858	0.56063	0.01904	0.08921	0.01505	0.02104	0.02107	0.05459	0.02175	0.01224	0.01415	0.00892	0.00624	0.00597	0.00204	0.00867	0.00488	0.00312	0.00940
37	0.57356	0.09025	0.07989	0.01326	0.09768	0.01573	0.01041	0.01926	0.01188	0.02594	0.00960	0.01140	0.00761	0.00594	0.00448	0.00193	0.00591	0.00387	0.00367	0.00773
38	0.01580	0.01519	0.02571	0.05694	0.67703	0.01556	0.01948	0.01952	0.01441	0.02070	0.01194	0.01593	0.01010	0.00607	0.00718	0.00197	0.04756	0.00575	0.00317	0.00999
39	0.00804	0.00569	0.00745	0.00878	0.00912	0.00536	0.00577	0.00904	0.01204	0.01606	0.03393	0.68873	0.04062	0.10311	0.01096	0.00302	0.00403	0.01738	0.00577	0.00510
40	0.02070	0.02831	0.12594	0.01809	0.05433	0.52319	0.05100	0.02349	0.01695	0.01705	0.01197	0.05610	0.01045	0.00726	0.00613	0.00182	0.01066	0.00533	0.00338	0.00786
41	0.00924	0.00690	0.01029	0.01029	0.01141	0.00802	0.00796	0.01148	0.01036	0.01493	0.01739	0.02587	0.01636	0.06926	0.72681	0.01027	0.01699	0.00699	0.00347	0.00572
42	0.00830	0.00631	0.00928	0.01006	0.01079	0.00589	0.04688	0.00968	0.01254	0.01674	0.03430	0.72503	0.04082	0.01938	0.00821	0.00260	0.00416	0.01774	0.00584	0.00545
43	0.00949	0.00671	0.00823	0.00777	0.00957	0.00604	0.00586	0.01217	0.01725	0.04621	0.51789	0.05009	0.22475	0.01364	0.00749	0.00205	0.00318	0.01182	0.03370	0.00609
44	0.02237	0.01701	0.01815	0.01442	0.01920	0.01901	0.01175	0.53600	0.20903	0.03718	0.01830	0.01774	0.01325	0.00802	0.00649	0.00200	0.00659	0.00620	0.00649	0.01079
45	0.02798	0.01262	0.01600	0.01227	0.01730	0.01191	0.01013	0.18679	0.02121	0.57796	0.02321	0.02051	0.01485	0.00794	0.00649	0.00199	0.00587	0.00634	0.00765	0.01099
46	0.01220	0.01148	0.01938	0.75739	0.04450	0.01436	0.01794	0.01651	0.01292	0.01651	0.01148	0.01723	0.00861	0.00646	0.00646	0.00215	0.00861	0.00574	0.00287	0.00718
47	0.01340	0.01148	0.01340	0.00957	0.01531	0.00861	0.00766	0.01627	0.01340	0.02105	0.01148	0.01340	0.00957	0.00479	0.00479	0.00096	0.00479	0.00383	0.00383	0.81242
48	0.01607	0.01388	0.01461	0.01315	0.01680	0.01607	0.01023	0.03433	0.72094	0.02703	0.02630	0.02411	0.01972	0.00877	0.00657	0.00219	0.00511	0.00731	0.00657	0.01023
49	0.02899	0.01100	0.01499	0.01150	0.01649	0.00950	0.00950	0.03149	0.01849	0.73709	0.02549	0.02199	0.01599	0.00800	0.00650	0.00200	0.00550	0.00650	0.00800	0.01100
50	0.00914	0.00660	0.00864	0.00813	0.00965	0.00610	0.00610	0.01219	0.01829	0.02591	0.72921	0.04827	0.06097	0.01321	0.00762	0.00203	0.00305	0.01169	0.00711	0.00610
51	0.02414	0.03079	0.01831	0.01665	0.01998	0.74698	0.01248	0.02580	0.01831	0.01581	0.00999	0.01165	0.00832	0.00666	0.00583	0.00166	0.01165	0.00416	0.00333	0.00749
52	0.00922	0.00694	0.00882	0.00982	0.01141	0.00654	0.00812	0.01155	0.01455	0.01840	0.04462	0.14630	0.26518	0.01763	0.00843	0.00268	0.00483	0.39327	0.00597	0.00571
53	0.01628	0.01454	0.02449	0.03625	0.64929	0.01443	0.01843	0.01988	0.01480	0.06247	0.01428	0.05973	0.01244	0.00672	0.00651	0.00196	0.00732	0.00653	0.00364	0.00999
54	0.00958	0.00815	0.01096	0.01409	0.15156	0.00761	0.00836	0.01191	0.03254	0.01809	0.04355	0.29796	0.33051	0.01543	0.00758	0.00228	0.00435	0.01357	0.00546	0.00645
55	0.02574	0.01557	0.15760	0.01293	0.01883	0.01081	0.01239	0.04444	0.01780	0.58063	0.02254	0.02021	0.01435	0.00763	0.00643	0.00201	0.00633	0.00614	0.00693	0.01071
56	0.05121	0.01185	0.01516	0.01181	0.01669	0.01103	0.00971	0.08634	0.07550	0.60268	0.02425	0.02129	0.01562	0.00798	0.00643	0.00201	0.00558	0.00642	0.00764	0.01081
57	0.01663	0.52086	0.17709	0.01419	0.02049	0.06425	0.07025	0.02006	0.01370	0.01675	0.00990	0.01168	0.00839	0.00571	0.00493	0.00160	0.00804	0.00410	0.00283	0.00854
58	0.06140	0.17302	0.46145	0.01729	0.06472	0.01728	0.01917	0.04917	0.04220	0.02108	0.01172	0.01346	0.00883	0.00616	0.00568	0.00191	0.00839	0.00465	0.00314	0.00928
59	0.00815	0.00582	0.00744	0.00852	0.00901	0.00546	0.00563	0.00924	0.01238	0.01646	0.07179	0.58225	0.08081	0.13079	0.01182	0.00310	0.00406	0.01642	0.00575	0.00511
60	0.00955	0.00812	0.00910	0.00978	0.04849	0.00775	0.00676	0.01405	0.13434	0.01913	0.05155	0.15816	0.46923	0.01509	0.00748	0.00224	0.00389	0.01285	0.00595	0.00649
61	0.08914	0.01955	0.13385	0.04408	0.06223	0.12727	0.04336	0.14461	0.07866	0.12859	0.01645	0.05554	0.01274	0.00769	0.00625	0.00200	0.00769	0.00615	0.00491	0.00922
62	0.00877	0.00731	0.03372	0.01023	0.01133	0.00637	0.04388	0.01048	0.01256	0.01710	0.03204	0.60858	0.03731	0.04162	0.02778	0.00286	0.00479	0.03894	0.03874	0.00560
63	0.05328	0.01020	0.01274	0.01036	0.01421	0.00951	0.00836	0.07209	0.04197	0.40782	0.16736	0.02906	0.06924	0.00947	0.00658	0.00199	0.00480	0.00782	0.05394	0.00919
64	0.05836	0.02742	0.09796	0.01726	0.05751	0.50674	0.01361	0.02559	0.10053	0.01855	0.01217	0.01352	0.00970	0.00677	0.00589	0.00180	0.01013	0.00466	0.00367	0.00816
65	0.01851	0.09147	0.10596	0.05390	0.23639	0.09460	0.06922	0.14267	0.05015	0.05592	0.01345	0.01545	0.01034	0.00647	0.00621	0.00190	0.00821	0.00552	0.00405	0.00960
66	0.00806	0.00568	0.00762	0.00907	0.00946	0.00533	0.00612	0.00911	0.01232	0.01640	0.03474	0.72173	0.04150	0.02024	0.00884	0.02999	0.00388	0.03882	0.00589	0.00519
67	0.01681	0.07990	0.03288	0.01331	0.06920	0.05625	0.00995	0.17642	0.10567	0.04298	0.04257	0.06016	0.01690	0.03461	0.02075	0.00215	0.00603	0.00674	0.19837	0.00837
68	0.01912	0.04346	0.14316	0.04021	0.28081	0.11627	0.03350	0.04579	0.01598	0.15016	0.01406	0.01588	0.01052	0.00663	0.00681	0.00195	0.03651	0.00548	0.00408	0.00962
69	0.01827	0.58514	0.06790	0.01325	0.04188	0.13230	0.01221	0.02063	0.01409	0.03021	0.00971	0.01115	0.00851	0.00579	0.00462	0.00149	0.00776	0.00377	0.00297	0.00836
70	0.01534	0.23353	0.36674	0.01645	0.05952	0.04690	0.01750	0.07141	0.01498	0.02010	0.01417	0.01574	0.05015	0.00680	0.00605	0.00186	0.02548	0.00505	0.00326	0.00897

[dist]
# distance from previous block
# <min> <max>
0	2

[block]
# block no. 1 follows, 34 sequences, length 40
# corresponding to MSA columns:
# 143-150,158-189
name=unknown_B
#
# <colnr> <probs for GDERKNQSTAVLIFYWHMCP>
#	G	D	E	R	K	N	Q	S	T	A	V	L	I	F	Y	W	H	M	C	P
0	0.00924	0.00688	0.00795	0.00764	0.00945	0.00629	0.00574	0.03102	0.01640	0.02207	0.34963	0.05169	0.31300	0.05169	0.00869	0.00229	0.00350	0.03370	0.05726	0.00587
1	0.02050	0.12584	0.03800	0.01393	0.01870	0.08371	0.01170	0.32544	0.21744	0.02997	0.01686	0.01671	0.01268	0.00749	0.00605	0.00188	0.00692	0.00566	0.00552	0.03500
2	0.01359	0.00868	0.01090	0.00933	0.01223	0.00784	0.00726	0.01667	0.03835	0.14999	0.32230	0.07280	0.11449	0.01131	0.00743	0.00192	0.03188	0.00959	0.00635	0.14710
3	0.05630	0.16837	0.24458	0.01444	0.02062	0.01571	0.07082	0.05773	0.05987	0.10751	0.03903	0.01858	0.04592	0.00715	0.00589	0.00189	0.00724	0.00576	0.02830	0.02429
4	0.05308	0.18306	0.30072	0.01717	0.05782	0.01669	0.10492	0.02052	0.07779	0.02036	0.03484	0.03847	0.03339	0.00704	0.00600	0.00195	0.00791	0.00592	0.00355	0.00881
5	0.01022	0.00731	0.00999	0.01129	0.01269	0.00726	0.00967	0.01290	0.01443	0.01872	0.03438	0.07000	0.06430	0.07817	0.01079	0.00321	0.00587	0.60727	0.00579	0.00577
6	0.01564	0.01495	0.02523	0.10551	0.64664	0.01528	0.01936	0.01997	0.03632	0.02086	0.01253	0.01636	0.01038	0.00592	0.00641	0.00195	0.00768	0.00580	0.00327	0.00995
7	0.01583	0.06931	0.24811	0.04525	0.09318	0.08533	0.15306	0.05304	0.03252	0.04275	0.01439	0.05484	0.01198	0.00735	0.00687	0.00206	0.02576	0.02588	0.00364	0.00885
8	0.01495	0.01489	0.07853	0.41889	0.19418	0.01507	0.03932	0.08454	0.01531	0.04458	0.01255	0.01667	0.00946	0.00642	0.00646	0.00207	0.00830	0.00576	0.00346	0.00859
9	0.00909	0.00624	0.00712	0.00724	0.00754	0.00609	0.00430	0.00948	0.01056	0.01397	0.05986	0.11364	0.08706	0.60020	0.02717	0.00537	0.00561	0.01072	0.00445	0.00428
10	0.00780	0.00621	0.00700	0.00753	0.00901	0.00541	0.00537	0.00932	0.01403	0.01752	0.08726	0.32360	0.44190	0.01765	0.00786	0.00234	0.00344	0.01530	0.00605	0.00541
11	0.04181	0.07623	0.11919	0.08326	0.12669	0.06303	0.05158	0.07955	0.05756	0.12594	0.01581	0.01923	0.01230	0.00744	0.00686	0.00202	0.03826	0.03942	0.02472	0.00909
12	0.02221	0.01465	0.09027	0.03728	0.07395	0.01250	0.03571	0.11292	0.07940	0.36170	0.05690	0.02207	0.03425	0.00801	0.00658	0.00202	0.00634	0.00670	0.00637	0.01015
13	0.00905	0.00771	0.00793	0.00767	0.01005	0.00717	0.00581	0.01339	0.12678	0.01939	0.09213	0.05546	0.58434	0.01500	0.00747	0.00218	0.00355	0.01254	0.00615	0.00624
14	0.01323	0.09394	0.54572	0.01675	0.02476	0.01520	0.03999	0.02044	0.05705	0.02092	0.07920	0.01733	0.01386	0.00688	0.00617	0.00200	0.00848	0.00554	0.00339	0.00914
15	0.02342	0.07136	0.05355	0.01425	0.05317	0.07377	0.01151	0.17197	0.03546	0.33172	0.01949	0.04255	0.01402	0.00982	0.04206	0.00234	0.00726	0.00624	0.00609	0.00994
16	0.01029	0.00735	0.01027	0.01176	0.01319	0.00733	0.01019	0.01317	0.01475	0.01920	0.03428	0.10740	0.03746	0.01797	0.00889	0.00296	0.00584	0.65585	0.00595	0.00591
17	0.00811	0.00588	0.00775	0.00902	0.00963	0.00539	0.00607	0.00931	0.01242	0.01669	0.03456	0.73590	0.04129	0.01957	0.00810	0.00255	0.00379	0.01774	0.00590	0.04031
18	0.01402	0.11606	0.38193	0.01827	0.06611	0.05162	0.09904	0.01978	0.03527	0.01974	0.03393	0.02000	0.06478	0.00730	0.00630	0.00199	0.00853	0.02315	0.00340	0.00878
19	0.01573	0.01606	0.05875	0.06103	0.67886	0.01531	0.01996	0.01976	0.01461	0.02094	0.01211	0.01592	0.01009	0.00580	0.00639	0.00193	0.00779	0.00571	0.00317	0.01011
20	0.01727	0.77681	0.03386	0.01106	0.01658	0.02557	0.01106	0.01935	0.01313	0.01520	0.00898	0.01036	0.00829	0.00553	0.00415	0.00138	0.00691	0.00345	0.00276	0.00829
21	0.00779	0.00648	0.00680	0.00688	0.00886	0.00549	0.00510	0.00950	0.01485	0.01811	0.12034	0.11774	0.61705	0.01640	0.00768	0.00220	0.00329	0.01385	0.00610	0.00549
22	0.02225	0.03075	0.07005	0.01359	0.04031	0.04501	0.01128	0.15437	0.06241	0.31483	0.02070	0.02091	0.03011	0.04313	0.00833	0.00219	0.04779	0.00633	0.04597	0.00969
23	0.01750	0.71149	0.03288	0.01260	0.04958	0.05447	0.01152	0.01963	0.01341	0.01550	0.00917	0.01068	0.00838	0.00558	0.00432	0.00142	0.00714	0.00359	0.00281	0.00835
24	0.02414	0.03079	0.01831	0.01665	0.01998	0.74698	0.01248	0.02580	0.01831	0.01581	0.00999	0.01165	0.00832	0.00666	0.00583	0.00166	0.01165	0.00416	0.00333	0.00749
25	0.01435	0.01444	0.04952	0.19563	0.42588	0.01470	0.03886	0.01822	0.01400	0.01950	0.01444	0.02068	0.02932	0.00725	0.00753	0.00211	0.05432	0.04702	0.00332	0.00891
26	0.02668	0.01286	0.04861	0.01229	0.01735	0.01117	0.01054	0.11085	0.04548	0.57335	0.02398	0.02251	0.01584	0.00822	0.00656	0.00203	0.00587	0.02762	0.00746	0.01074
27	0.00764	0.00655	0.00655	0.00655	0.00873	0.00545	0.00491	0.00927	0.01473	0.01745	0.06546	0.06218	0.73000	0.01636	0.00764	0.00218	0.00327	0.01364	0.00600	0.00545
28	0.81856	0.01250	0.00950	0.00850	0.01250	0.01449	0.00700	0.01899	0.01100	0.02899	0.00900	0.01050	0.00700	0.00600	0.00400	0.00200	0.00500	0.00350	0.00400	0.00700
29	0.03787	0.32132	0.04499	0.09376	0.10862	0.06341	0.01305	0.04259	0.05822	0.11982	0.01334	0.01468	0.01041	0.00651	0.00580	0.00177	0.02608	0.00485	0.00397	0.00892
30	0.01431	0.01355	0.01331	0.01231	0.01363	0.17324	0.00931	0.01579	0.01228	0.04690	0.01570	0.05100	0.01547	0.17846	0.24044	0.00554	0.15184	0.00699	0.00370	0.00622
31	0.81856	0.01250	0.00950	0.00850	0.01250	0.01449	0.00700	0.01899	0.01100	0.02899	0.00900	0.01050	0.00700	0.00600	0.00400	0.00200	0.00500	0.00350	0.00400	0.00700
32	0.02710	0.01145	0.01481	0.01146	0.01620	0.01048	0.00943	0.11180	0.01953	0.59643	0.02394	0.02138	0.01544	0.00793	0.00634	0.00195	0.00549	0.00638	0.07185	0.01060
33	0.01726	0.09149	0.16788	0.06317	0.15793	0.05101	0.12551	0.05587	0.03838	0.10645	0.01461	0.03942	0.01140	0.00688	0.00670	0.00200	0.02468	0.00609	0.00399	0.00927
34	0.02095	0.01765	0.23016	0.04374	0.02053	0.01165	0.01389	0.04607	0.05186	0.37542	0.05611	0.02211	0.04428	0.00800	0.00649	0.00204	0.00665	0.00651	0.00598	0.00991
35	0.00783	0.00649	0.00686	0.00691	0.00888	0.00552	0.00513	0.00960	0.01498	0.01839	0.14179	0.11164	0.60117	0.01627	0.00768	0.00220	0.00328	0.01375	0.00613	0.00552
36	0.00793	0.00567	0.00755	0.00895	0.00939	0.00529	0.00600	0.00915	0.01266	0.01695	0.06910	0.73392	0.04362	0.01990	0.00822	0.00260	0.00371	0.01805	0.00605	0.00529
37	0.02022	0.06641	0.05282	0.04636	0.28911	0.07400	0.03108	0.21967	0.01968	0.09755	0.01406	0.01573	0.01061	0.00664	0.00626	0.00190	0.00774	0.00558	0.00457	0.01003
38	0.16713	0.04863	0.01728	0.02877	0.03894	0.19515	0.04315	0.05965	0.10792	0.02178	0.01459	0.04808	0.02635	0.00805	0.00778	0.00201	0.10698	0.00575	0.00415	0.04785
39	0.03138	0.00817	0.00997	0.03457	0.03237	0.00808	0.00716	0.04914	0.01548	0.04004	0.22114	0.08746	0.16771	0.05121	0.04063	0.00257	0.02620	0.00989	0.11046	0.04637

[dist]
# distance from previous block
# <min> <max>
0	11

[block]
# block no. 2 follows, 34 sequences, length 35
# corresponding to MSA columns:
# 201-235
name=unknown_C
#
# <colnr> <probs for GDERKNQSTAVLIFYWHMCP>
#	G	D	E	R	K	N	Q	S	T	A	V	L	I	F	Y	W	H	M	C	P
0	0.09112	0.40994	0.08072	0.01414	0.07507	0.09083	0.01207	0.02022	0.03535	0.03996	0.03801	0.04303	0.01218	0.00678	0.00506	0.00168	0.00710	0.00491	0.00352	0.00829
1	0.29976	0.01624	0.01696	0.04769	0.12572	0.09333	0.03522	0.19630	0.03627	0.02843	0.03834	0.01498	0.01112	0.00682	0.00561	0.00196	0.00693	0.00513	0.00454	0.00867
2	0.01621	0.01368	0.01691	0.01731	0.15307	0.05475	0.02749	0.13821	0.03666	0.04751	0.01699	0.09402	0.01566	0.05336	0.00819	0.00206	0.02435	0.03645	0.00463	0.22248
3	0.00892	0.00640	0.00820	0.00812	0.00947	0.00590	0.00595	0.01152	0.01679	0.02357	0.53331	0.18283	0.09659	0.01451	0.00762	0.00213	0.00319	0.01284	0.03623	0.00590
4	0.01431	0.01410	0.02024	0.54422	0.09360	0.08123	0.04168	0.04228	0.05077	0.01832	0.01236	0.01693	0.00941	0.00655	0.00645	0.00209	0.00867	0.00575	0.00327	0.00779
5	0.00844	0.00651	0.00774	0.00777	0.00943	0.00580	0.00582	0.01068	0.01596	0.02100	0.34011	0.13923	0.33215	0.01556	0.00777	0.00221	0.00337	0.04823	0.00647	0.00573
6	0.00785	0.00571	0.00741	0.00878	0.00931	0.00527	0.00590	0.00902	0.01258	0.01658	0.03829	0.70531	0.10440	0.01989	0.00819	0.00258	0.00371	0.01794	0.00600	0.00527
7	0.01607	0.01388	0.01461	0.01315	0.01680	0.01607	0.01023	0.03433	0.72094	0.02703	0.02630	0.02411	0.01972	0.00877	0.00657	0.00219	0.00511	0.00731	0.00657	0.01023
8	0.01414	0.01414	0.01979	0.01696	0.01696	0.01979	0.01414	0.01555	0.00990	0.01555	0.00848	0.01414	0.00848	0.01131	0.02120	0.00283	0.76110	0.00565	0.00283	0.00707
9	0.01204	0.00602	0.00602	0.00602	0.00753	0.00602	0.00452	0.01506	0.01355	0.02409	0.02108	0.02409	0.01656	0.00753	0.00452	0.00151	0.00301	0.00602	0.80879	0.00602
10	0.02414	0.03079	0.01831	0.01665	0.01998	0.74698	0.01248	0.02580	0.01831	0.01581	0.00999	0.01165	0.00832	0.00666	0.00583	0.00166	0.01165	0.00416	0.00333	0.00749
11	0.01607	0.01388	0.01461	0.01315	0.01680	0.01607	0.01023	0.03433	0.72094	0.02703	0.02630	0.02411	0.01972	0.00877	0.00657	0.00219	0.00511	0.00731	0.00657	0.01023
12	0.81856	0.01250	0.00950	0.00850	0.01250	0.01449	0.00700	0.01899	0.01100	0.02899	0.00900	0.01050	0.00700	0.00600	0.00400	0.00200	0.00500	0.00350	0.00400	0.00700
13	0.02412	0.01788	0.01914	0.01478	0.01987	0.01983	0.01218	0.67617	0.06599	0.04002	0.01607	0.01596	0.01144	0.00781	0.00647	0.00195	0.00701	0.00589	0.00647	0.01095
14	0.00787	0.00562	0.00750	0.00900	0.00937	0.00525	0.00600	0.00900	0.01237	0.01649	0.03561	0.76871	0.04274	0.02024	0.00825	0.00262	0.00375	0.01837	0.00600	0.00525
15	0.02899	0.01100	0.01499	0.01150	0.01649	0.00950	0.00950	0.03149	0.01849	0.73709	0.02549	0.02199	0.01599	0.00800	0.00650	0.00200	0.00550	0.00650	0.00800	0.01100
16	0.01607	0.01388	0.01461	0.01315	0.01680	0.01607	0.01023	0.03433	0.72094	0.02703	0.02630	0.02411	0.01972	0.00877	0.00657	0.00219	0.00511	0.00731	0.00657	0.01023
17	0.02797	0.01079	0.01476	0.01144	0.01624	0.00942	0.00942	0.03046	0.01807	0.69982	0.02507	0.02217	0.01600	0.01009	0.04474	0.00243	0.00611	0.00652	0.00776	0.01073
18	0.73285	0.01310	0.01056	0.00918	0.01331	0.01509	0.00757	0.09370	0.01309	0.03026	0.00970	0.01104	0.00743	0.00619	0.00426	0.00199	0.00523	0.00375	0.00426	0.00743
19	0.00924	0.00689	0.01021	0.01021	0.01131	0.00798	0.00786	0.01143	0.01033	0.01487	0.01746	0.02626	0.01653	0.08582	0.71047	0.01017	0.01674	0.00705	0.00348	0.00567
20	0.81856	0.01250	0.00950	0.00850	0.01250	0.01449	0.00700	0.01899	0.01100	0.02899	0.00900	0.01050	0.00700	0.00600	0.00400	0.00200	0.00500	0.00350	0.00400	0.00700
21	0.01607	0.01388	0.01461	0.01315	0.01680	0.01607	0.01023	0.03433	0.72094	0.02703	0.02630	0.02411	0.01972	0.00877	0.00657	0.00219	0.00511	0.00731	0.00657	0.01023
22	0.02899	0.01100	0.01499	0.01150	0.01649	0.00950	0.00950	0.03149	0.01849	0.73709	0.02549	0.02199	0.01599	0.00800	0.00650	0.00200	0.00550	0.00650	0.00800	0.01100
23	0.00787	0.00562	0.00750	0.00900	0.00937	0.00525	0.00600	0.00900	0.01237	0.01649	0.03561	0.76871	0.04274	0.02024	0.00825	0.00262	0.00375	0.01837	0.00600	0.00525
24	0.81856	0.01250	0.00950	0.00850	0.01250	0.01449	0.00700	0.01899	0.01100	0.02899	0.00900	0.01050	0.00700	0.00600	0.00400	0.00200	0.00500	0.00350	0.00400	0.00700
25	0.00907	0.00660	0.00853	0.00805	0.00961	0.00606	0.00604	0.01204	0.01811	0.02547	0.69498	0.04898	0.09547	0.01337	0.00762	0.00204	0.00306	0.01179	0.00706	0.00606
26	0.00798	0.00656	0.00702	0.00691	0.00894	0.00560	0.00518	0.00994	0.01554	0.01937	0.21615	0.05902	0.57811	0.01565	0.00763	0.00215	0.00322	0.01319	0.00625	0.00560
27	0.01220	0.01148	0.01938	0.75739	0.04450	0.01436	0.01794	0.01651	0.01292	0.01651	0.01148	0.01723	0.00861	0.00646	0.00646	0.00215	0.00861	0.00574	0.00287	0.00718
28	0.02133	0.01645	0.02025	0.08406	0.12463	0.03504	0.03466	0.39261	0.07513	0.08369	0.01578	0.01676	0.01150	0.00746	0.00693	0.00201	0.02999	0.00597	0.00552	0.01022
29	0.00801	0.00580	0.00759	0.00891	0.00950	0.00538	0.00610	0.00932	0.01287	0.01706	0.06653	0.66375	0.08964	0.01959	0.00821	0.00258	0.00377	0.04401	0.00604	0.00532
30	0.01508	0.01454	0.01950	0.03999	0.03857	0.06519	0.05549	0.03749	0.01185	0.03840	0.01103	0.01727	0.01038	0.07483	0.03904	0.00311	0.49166	0.00606	0.00327	0.00723
31	0.01934	0.08747	0.30416	0.03887	0.04251	0.01550	0.01646	0.16521	0.01819	0.18590	0.01594	0.01741	0.01139	0.00716	0.00621	0.00198	0.00772	0.02386	0.00480	0.00991
32	0.01484	0.01189	0.01603	0.11123	0.07469	0.07182	0.07170	0.05305	0.03093	0.10535	0.02302	0.26599	0.02295	0.01402	0.04894	0.00272	0.00724	0.04100	0.00505	0.00753
33	0.32686	0.01763	0.01872	0.02214	0.26816	0.17009	0.04888	0.02082	0.01407	0.02300	0.01053	0.01303	0.00856	0.00602	0.00542	0.00191	0.00765	0.00465	0.00354	0.00833
34	0.01528	0.01328	0.02161	0.28376	0.36687	0.01428	0.01726	0.05659	0.01515	0.05746	0.03425	0.04905	0.01282	0.00704	0.00654	0.00204	0.00756	0.00649	0.00374	0.00893

[dist]
# distance from previous block
# <min> <max>
1	27

[block]
# block no. 3 follows, 34 sequences, length 57
# corresponding to MSA columns:
# 264-320
name=unknown_D
#
# <colnr> <probs for GDERKNQSTAVLIFYWHMCP>
#	G	D	E	R	K	N	Q	S	T	A	V	L	I	F	Y	W	H	M	C	P
0	0.81856	0.01250	0.00950	0.00850	0.01250	0.01449	0.00700	0.01899	0.01100	0.02899	0.00900	0.01050	0.00700	0.00600	0.00400	0.00200	0.00500	0.00350	0.00400	0.00700
1	0.02842	0.01191	0.01556	0.01193	0.01695	0.01085	0.00985	0.11862	0.02002	0.64781	0.02421	0.02116	0.01535	0.00797	0.00649	0.00199	0.00570	0.00641	0.00780	0.01100
2	0.01220	0.01148	0.01938	0.75739	0.04450	0.01436	0.01794	0.01651	0.01292	0.01651	0.01148	0.01723	0.00861	0.00646	0.00646	0.00215	0.00861	0.00574	0.00287	0.00718
3	0.00787	0.00562	0.00750	0.00900	0.00937	0.00525	0.00600	0.00900	0.01237	0.01649	0.03561	0.76871	0.04274	0.02024	0.00825	0.00262	0.00375	0.01837	0.00600	0.00525
4	0.01607	0.01388	0.01461	0.01315	0.01680	0.01607	0.01023	0.03433	0.72094	0.02703	0.02630	0.02411	0.01972	0.00877	0.00657	0.00219	0.00511	0.00731	0.00657	0.01023
5	0.02899	0.01100	0.01499	0.01150	0.01649	0.00950	0.00950	0.03149	0.01849	0.73709	0.02549	0.02199	0.01599	0.00800	0.00650	0.00200	0.00550	0.00650	0.00800	0.01100
6	0.00925	0.00686	0.01006	0.01006	0.01110	0.00790	0.00767	0.01133	0.01029	0.01476	0.01761	0.02704	0.01687	0.11963	0.67713	0.00998	0.01622	0.00717	0.00351	0.00559
7	0.01296	0.03342	0.73944	0.01842	0.02797	0.01501	0.02387	0.02046	0.01364	0.02046	0.01160	0.01364	0.00818	0.00614	0.00614	0.00205	0.00955	0.00477	0.00273	0.00955
8	0.00811	0.00579	0.00770	0.00907	0.00955	0.00544	0.00620	0.00939	0.01267	0.01693	0.06345	0.67862	0.04261	0.04129	0.00896	0.00272	0.00392	0.05631	0.00598	0.00529
9	0.00914	0.00660	0.00864	0.00813	0.00965	0.00610	0.00610	0.01219	0.01829	0.02591	0.72921	0.04827	0.06097	0.01321	0.00762	0.00203	0.00305	0.01169	0.00711	0.00610
10	0.01366	0.01358	0.01937	0.01652	0.01722	0.03636	0.05740	0.01548	0.01053	0.01579	0.01027	0.01614	0.00983	0.01695	0.13978	0.00400	0.57122	0.00595	0.00297	0.00697
11	0.01455	0.30719	0.47960	0.01571	0.02377	0.01890	0.01915	0.02005	0.01345	0.01853	0.01063	0.01243	0.00822	0.00591	0.00540	0.00180	0.00858	0.00429	0.00274	0.00909
12	0.01588	0.03705	0.02652	0.06305	0.67038	0.01564	0.03751	0.01973	0.01462	0.02077	0.01206	0.01591	0.01011	0.00577	0.00637	0.00192	0.00777	0.00574	0.00318	0.01004
13	0.00808	0.00642	0.00706	0.00738	0.00898	0.00565	0.00537	0.00958	0.01390	0.01714	0.07285	0.17622	0.48056	0.09601	0.01045	0.00273	0.00383	0.05667	0.00581	0.00531
14	0.01401	0.01259	0.01368	0.00998	0.01558	0.05096	0.00793	0.01682	0.01368	0.02075	0.01140	0.01330	0.00950	0.00489	0.00484	0.00100	0.00518	0.00385	0.00380	0.76626
15	0.13304	0.01255	0.01510	0.01174	0.01664	0.01218	0.00970	0.15976	0.01977	0.50988	0.02139	0.01923	0.01384	0.00769	0.00616	0.00199	0.00574	0.00597	0.00717	0.01046
16	0.01578	0.01362	0.01433	0.01292	0.01652	0.01570	0.01004	0.03346	0.69641	0.02670	0.02766	0.02543	0.04440	0.00903	0.00661	0.00219	0.00505	0.00753	0.00655	0.01006
17	0.00797	0.00570	0.00762	0.00911	0.00953	0.00534	0.00618	0.00917	0.01247	0.01661	0.03556	0.74058	0.04251	0.02015	0.00827	0.00264	0.00384	0.04548	0.00600	0.00528
18	0.00822	0.00651	0.00740	0.00730	0.00912	0.00568	0.00543	0.01036	0.01592	0.02059	0.31462	0.10196	0.43312	0.01542	0.00767	0.00215	0.00322	0.01320	0.00642	0.00568
19	0.01087	0.00635	0.00711	0.00726	0.00863	0.00628	0.00531	0.01411	0.04213	0.02300	0.14606	0.17715	0.02956	0.01110	0.00588	0.00185	0.00325	0.00952	0.47854	0.00605
20	0.01727	0.77681	0.03386	0.01106	0.01658	0.02557	0.01106	0.01935	0.01313	0.01520	0.00898	0.01036	0.00829	0.00553	0.00415	0.00138	0.00691	0.00345	0.00276	0.00829
21	0.02243	0.19731	0.02277	0.03777	0.02000	0.04314	0.01218	0.50490	0.02539	0.03317	0.01368	0.01424	0.01020	0.00716	0.00590	0.00181	0.00725	0.00521	0.00538	0.01012
22	0.01486	0.00875	0.01182	0.01199	0.01438	0.00856	0.01034	0.05695	0.01647	0.16113	0.03143	0.05963	0.03153	0.01534	0.00831	0.00272	0.00593	0.51625	0.00638	0.00723
23	0.00914	0.00660	0.00864	0.00813	0.00965	0.00610	0.00610	0.01219	0.01829	0.02591	0.72921	0.04827	0.06097	0.01321	0.00762	0.00203	0.00305	0.01169	0.00711	0.00610
24	0.02780	0.01199	0.01544	0.01188	0.01681	0.01109	0.00980	0.14002	0.02026	0.60503	0.02376	0.02101	0.01521	0.00795	0.00644	0.00198	0.00569	0.00638	0.03062	0.01085
25	0.02683	0.01160	0.01515	0.01184	0.01658	0.01076	0.00973	0.09820	0.05085	0.59430	0.02406	0.02164	0.01567	0.01033	0.04898	0.00248	0.00632	0.00649	0.00752	0.01066
26	0.00787	0.00565	0.00747	0.00892	0.00935	0.00525	0.00597	0.00901	0.01244	0.01652	0.03651	0.74752	0.06335	0.02013	0.00823	0.00261	0.00373	0.01823	0.00600	0.00525
27	0.00964	0.00680	0.00912	0.01033	0.01129	0.00672	0.00819	0.01164	0.01328	0.01742	0.03194	0.22556	0.03589	0.15959	0.01325	0.00351	0.00551	0.40933	0.00558	0.00541
28	0.01467	0.01455	0.02379	0.23299	0.35140	0.04406	0.08562	0.01838	0.01389	0.01890	0.01272	0.05004	0.01098	0.00708	0.00786	0.00211	0.07266	0.00643	0.00321	0.00863
29	0.02177	0.01670	0.06853	0.03934	0.11413	0.04838	0.01328	0.28195	0.05912	0.18877	0.03466	0.03528	0.01396	0.00790	0.00684	0.00200	0.02513	0.00632	0.00579	0.01014
30	0.01370	0.01297	0.02179	0.42896	0.28240	0.01459	0.03834	0.01847	0.04566	0.01900	0.03395	0.01804	0.01129	0.00649	0.00651	0.00207	0.00803	0.00605	0.00329	0.00840
31	0.01933	0.07487	0.02087	0.04217	0.13624	0.34740	0.02981	0.02330	0.09014	0.01804	0.01195	0.01426	0.00993	0.00719	0.00795	0.00191	0.10895	0.00502	0.00354	0.02713
32	0.00796	0.00656	0.00699	0.00688	0.00892	0.00559	0.00516	0.00989	0.01548	0.01925	0.20608	0.05923	0.58826	0.01570	0.00763	0.00215	0.00323	0.01322	0.00624	0.00559
33	0.02187	0.06495	0.04890	0.01463	0.01945	0.06234	0.05174	0.25914	0.16640	0.17120	0.01845	0.01801	0.01319	0.00772	0.00683	0.00200	0.03108	0.00606	0.00591	0.01013
34	0.09211	0.01112	0.01456	0.01126	0.01617	0.00990	0.00930	0.03049	0.01789	0.68048	0.02417	0.02107	0.01528	0.00784	0.00630	0.00200	0.00546	0.00626	0.00768	0.01068
35	0.00909	0.00660	0.00855	0.00807	0.00962	0.00607	0.00605	0.01208	0.01815	0.02558	0.70293	0.04882	0.08745	0.01333	0.00762	0.00204	0.00306	0.01176	0.00707	0.00607
36	0.00893	0.00655	0.00836	0.00800	0.00954	0.00599	0.00597	0.01174	0.01764	0.02459	0.62741	0.08219	0.13127	0.01386	0.00765	0.00207	0.00310	0.01219	0.00694	0.00599
37	0.00911	0.00657	0.00860	0.00816	0.00964	0.00607	0.00609	0.01210	0.01811	0.02562	0.70805	0.07024	0.06041	0.01342	0.00764	0.00205	0.00307	0.01189	0.00708	0.00607
38	0.81856	0.01250	0.00950	0.00850	0.01250	0.01449	0.00700	0.01899	0.01100	0.02899	0.00900	0.01050	0.00700	0.00600	0.00400	0.00200	0.00500	0.00350	0.00400	0.00700
39	0.02899	0.01100	0.01499	0.01150	0.01649	0.00950	0.00950	0.03149	0.01849	0.73709	0.02549	0.02199	0.01599	0.00800	0.00650	0.00200	0.00550	0.00650	0.00800	0.01100
40	0.01727	0.77681	0.03386	0.01106	0.01658	0.02557	0.01106	0.01935	0.01313	0.01520	0.00898	0.01036	0.00829	0.00553	0.00415	0.00138	0.00691	0.00345	0.00276	0.00829
41	0.01220	0.01148	0.01938	0.75739	0.04450	0.01436	0.01794	0.01651	0.01292	0.01651	0.01148	0.01723	0.00861	0.00646	0.00646	0.00215	0.00861	0.00574	0.00287	0.00718
42	0.00903	0.00660	0.00848	0.00801	0.00958	0.00605	0.00601	0.01198	0.01802	0.02528	0.67970	0.04930	0.11087	0.01344	0.00762	0.00204	0.00307	0.01183	0.00703	0.00605
43	0.02657	0.01046	0.01422	0.01108	0.01566	0.00908	0.00908	0.02913	0.01847	0.65029	0.11139	0.02520	0.02148	0.00863	0.00663	0.00200	0.00520	0.00713	0.00789	0.01040
44	0.02536	0.01089	0.01430	0.01140	0.01577	0.00990	0.00923	0.08060	0.03631	0.56317	0.05743	0.09609	0.02036	0.00944	0.00672	0.00206	0.00533	0.00787	0.00761	0.01019
45	0.02414	0.03079	0.01831	0.01665	0.01998	0.74698	0.01248	0.02580	0.01831	0.01581	0.00999	0.01165	0.00832	0.00666	0.00583	0.00166	0.01165	0.00416	0.00333	0.00749
46	0.81856	0.01250	0.00950	0.00850	0.01250	0.01449	0.00700	0.01899	0.01100	0.02899	0.00900	0.01050	0.00700	0.00600	0.00400	0.00200	0.00500	0.00350	0.00400	0.00700
47	0.01727	0.77681	0.03386	0.01106	0.01658	0.02557	0.01106	0.01935	0.01313	0.01520	0.00898	0.01036	0.00829	0.00553	0.00415	0.00138	0.00691	0.00345	0.00276	0.00829
48	0.01607	0.01388	0.01461	0.01315	0.01680	0.01607	0.01023	0.03433	0.72094	0.02703	0.02630	0.02411	0.01972	0.00877	0.00657	0.00219	0.00511	0.00731	0.00657	0.01023
49	0.02899	0.01100	0.01499	0.01150	0.01649	0.00950	0.00950	0.03149	0.01849	0.73709	0.02549	0.02199	0.01599	0.00800	0.00650	0.00200	0.00550	0.00650	0.00800	0.01100
50	0.02414	0.03079	0.01831	0.01665	0.01998	0.74698	0.01248	0.02580	0.01831	0.01581	0.00999	0.01165	0.00832	0.00666	0.00583	0.00166	0.01165	0.00416	0.00333	0.00749
51	0.01599	0.01535	0.02623	0.03966	0.73262	0.01535	0.01983	0.01983	0.01471	0.02111	0.01215	0.01599	0.01023	0.00576	0.00640	0.00192	0.00768	0.00576	0.00320	0.01023
52	0.00764	0.00655	0.00655	0.00655	0.00873	0.00545	0.00491	0.00927	0.01473	0.01745	0.06546	0.06218	0.73000	0.01636	0.00764	0.00218	0.00327	0.01364	0.00600	0.00545
53	0.81856	0.01250	0.00950	0.00850	0.01250	0.01449	0.00700	0.01899	0.01100	0.02899	0.00900	0.01050	0.00700	0.00600	0.00400	0.00200	0.00500	0.00350	0.00400	0.00700
54	0.01607	0.01388	0.01461	0.01315	0.01680	0.01607	0.01023	0.03433	0.72094	0.02703	0.02630	0.02411	0.01972	0.00877	0.00657	0.00219	0.00511	0.00731	0.00657	0.01023
55	0.00923	0.00692	0.01038	0.01038	0.01154	0.00808	0.00808	0.01154	0.01038	0.01500	0.01731	0.02538	0.01615	0.04846	0.74732	0.01038	0.01731	0.00692	0.00346	0.00577
56	0.01528	0.01729	0.03720	0.02668	0.03310	0.01633	0.68152	0.02124	0.04315	0.02095	0.01359	0.01769	0.01020	0.00558	0.00758	0.00218	0.01066	0.00761	0.00340	0.00877

[dist]
# distance from previous block
# <min> <max>
1	4

[block]
# block no. 4 follows, 34 sequences, length 87
# corresponding to MSA columns:
# 325,326,349-398,400-434
name=unknown_E
#
# <colnr> <probs for GDERKNQSTAVLIFYWHMCP>
#	G	D	E	R	K	N	Q	S	T	A	V	L	I	F	Y	W	H	M	C	P
0	0.00903	0.00655	0.00798	0.00762	0.00929	0.00595	0.00572	0.01176	0.01715	0.02390	0.52961	0.04956	0.20600	0.01349	0.00739	0.00203	0.00310	0.01170	0.06624	0.00595
1	0.00848	0.00621	0.00796	0.00829	0.00944	0.00569	0.00592	0.01061	0.01558	0.02128	0.38326	0.33117	0.12954	0.01631	0.00787	0.00228	0.00335	0.01452	0.00655	0.00569
2	0.02812	0.01074	0.01454	0.01122	0.01604	0.00932	0.00924	0.03065	0.01824	0.70069	0.02527	0.02210	0.01602	0.00797	0.00640	0.00197	0.00537	0.00647	0.04888	0.01074
3	0.01599	0.01566	0.02516	0.08166	0.62568	0.04442	0.01913	0.01964	0.01450	0.02033	0.01184	0.01580	0.00997	0.00612	0.00713	0.00197	0.04635	0.00569	0.00316	0.00978
4	0.01227	0.01137	0.01651	0.01448	0.01509	0.01490	0.03813	0.01399	0.01021	0.01532	0.01239	0.02015	0.01218	0.08848	0.24414	0.00542	0.43896	0.00644	0.00313	0.00646
5	0.01414	0.01414	0.01979	0.01696	0.01696	0.01979	0.01414	0.01555	0.00990	0.01555	0.00848	0.01414	0.00848	0.01131	0.02120	0.00283	0.76110	0.00565	0.00283	0.00707
6	0.45318	0.08813	0.03856	0.01245	0.04391	0.18252	0.00993	0.04403	0.01398	0.04807	0.01019	0.01162	0.00802	0.00622	0.00476	0.00186	0.00703	0.00395	0.00387	0.00771
7	0.00894	0.00660	0.00835	0.00791	0.00953	0.00601	0.00593	0.01179	0.01780	0.02475	0.63837	0.05017	0.15252	0.01364	0.00762	0.00205	0.00308	0.01195	0.00696	0.00601
8	0.01350	0.06797	0.01471	0.00966	0.01520	0.00975	0.00785	0.01625	0.01334	0.02047	0.01212	0.03884	0.01060	0.00537	0.00486	0.00105	0.00491	0.00429	0.00382	0.72544
9	0.00935	0.00624	0.00706	0.00711	0.00712	0.00623	0.00398	0.00938	0.00949	0.01265	0.02083	0.06453	0.02408	0.74987	0.03213	0.00615	0.00619	0.00967	0.00398	0.00396
10	0.00926	0.00681	0.00983	0.00983	0.01079	0.00777	0.00738	0.01118	0.01022	0.01459	0.01782	0.02821	0.01738	0.16945	0.62801	0.00970	0.01546	0.00734	0.00354	0.00546
11	0.00909	0.00660	0.00856	0.00807	0.00962	0.00607	0.00605	0.01209	0.01816	0.02560	0.70501	0.04877	0.08536	0.01332	0.00762	0.00204	0.00306	0.01176	0.00707	0.00607
12	0.02602	0.01012	0.01342	0.01054	0.01492	0.00889	0.00862	0.02861	0.01763	0.61221	0.02472	0.02236	0.01609	0.00791	0.00615	0.00191	0.00506	0.00641	0.14826	0.01012
13	0.02876	0.01136	0.01522	0.01167	0.01668	0.01003	0.00964	0.06618	0.01910	0.70154	0.02498	0.02166	0.01574	0.00798	0.00650	0.00200	0.00558	0.00646	0.00792	0.01100
14	0.01340	0.01148	0.01340	0.00957	0.01531	0.00861	0.00766	0.01627	0.01340	0.02105	0.01148	0.01340	0.00957	0.00479	0.00479	0.00096	0.00479	0.00383	0.00383	0.81242
15	0.01035	0.00747	0.01019	0.09005	0.01376	0.00755	0.02845	0.03446	0.01251	0.04199	0.02795	0.34753	0.06433	0.25533	0.01568	0.00364	0.00544	0.01276	0.00500	0.00555
16	0.01785	0.01522	0.01558	0.01358	0.01748	0.04291	0.01067	0.15256	0.57486	0.02903	0.02383	0.02216	0.01779	0.00851	0.00653	0.00213	0.00570	0.00693	0.00644	0.01026
17	0.02354	0.01759	0.01881	0.01466	0.01965	0.01956	0.01203	0.62948	0.11364	0.03907	0.01681	0.01655	0.01204	0.00788	0.00648	0.00197	0.00687	0.00600	0.00648	0.01090
18	0.00773	0.00655	0.00667	0.00664	0.00878	0.00549	0.00498	0.00945	0.01495	0.01798	0.10629	0.06133	0.68884	0.01617	0.00764	0.00217	0.00326	0.01352	0.00607	0.00549
19	0.01727	0.77681	0.03386	0.01106	0.01658	0.02557	0.01106	0.01935	0.01313	0.01520	0.00898	0.01036	0.00829	0.00553	0.00415	0.00138	0.00691	0.00345	0.00276	0.00829
20	0.00993	0.00680	0.00851	0.00874	0.00971	0.00648	0.00606	0.01112	0.01184	0.03548	0.04690	0.24520	0.03034	0.32892	0.04735	0.00432	0.00573	0.10681	0.00496	0.06478
21	0.02083	0.04478	0.04549	0.04114	0.09285	0.10258	0.09333	0.25715	0.11664	0.09578	0.01618	0.01693	0.01187	0.00715	0.00644	0.00196	0.00783	0.00597	0.00520	0.00988
22	0.00857	0.00714	0.00759	0.00764	0.00974	0.00647	0.00578	0.01170	0.07467	0.01861	0.08359	0.11753	0.55158	0.01599	0.00766	0.00225	0.00360	0.04790	0.00609	0.00589
23	0.01581	0.01386	0.07366	0.01412	0.09324	0.01080	0.01077	0.06449	0.04047	0.09569	0.03141	0.03653	0.01276	0.00628	0.00558	0.00143	0.00565	0.00522	0.00451	0.45772
24	0.09162	0.04078	0.04146	0.01381	0.01840	0.10174	0.01152	0.41937	0.08010	0.03275	0.01518	0.01581	0.01129	0.00855	0.02638	0.00213	0.00743	0.00548	0.04654	0.00965
25	0.81856	0.01250	0.00950	0.00850	0.01250	0.01449	0.00700	0.01899	0.01100	0.02899	0.00900	0.01050	0.00700	0.00600	0.00400	0.00200	0.00500	0.00350	0.00400	0.00700
26	0.01654	0.45162	0.19334	0.01617	0.09183	0.05025	0.01508	0.04026	0.01401	0.01780	0.01012	0.01202	0.00855	0.00600	0.00554	0.00167	0.03334	0.00416	0.00293	0.00878
27	0.07022	0.05287	0.04532	0.14766	0.04281	0.04155	0.08242	0.01725	0.01192	0.01791	0.01042	0.01502	0.00897	0.00854	0.01294	0.00236	0.35471	0.00555	0.04412	0.00744
28	0.00764	0.00655	0.00655	0.00655	0.00873	0.00545	0.00491	0.00927	0.01473	0.01745	0.06546	0.06218	0.73000	0.01636	0.00764	0.00218	0.00327	0.01364	0.00600	0.00545
29	0.01111	0.01031	0.03677	0.01503	0.15944	0.02872	0.00958	0.01408	0.01613	0.02215	0.33067	0.06378	0.16959	0.01142	0.00707	0.00196	0.00466	0.00999	0.00554	0.07199
30	0.00764	0.00655	0.00655	0.00655	0.00873	0.00545	0.00491	0.00927	0.01473	0.01745	0.06546	0.06218	0.73000	0.01636	0.00764	0.00218	0.00327	0.01364	0.00600	0.00545
31	0.01296	0.03342	0.73944	0.01842	0.02797	0.01501	0.02387	0.02046	0.01364	0.02046	0.01160	0.01364	0.00818	0.00614	0.00614	0.00205	0.00955	0.00477	0.00273	0.00955
32	0.01291	0.03202	0.69247	0.01838	0.02757	0.01476	0.04609	0.02020	0.01385	0.02065	0.03487	0.01489	0.00995	0.00634	0.00624	0.00205	0.00938	0.00509	0.00289	0.00941
33	0.01220	0.01148	0.01938	0.75739	0.04450	0.01436	0.01794	0.01651	0.01292	0.01651	0.01148	0.01723	0.00861	0.00646	0.00646	0.00215	0.00861	0.00574	0.00287	0.00718
