[name]
unknown

[dist]
# distance from previous block
# <min> <max>
0	1

[block]
# block no. 0 follows, 29 sequences, length 6
# corresponding to MSA columns:
# 61-66
name=unknown_A
#
# <colnr> <probs for GDERKNQSTAVLIFYWHMCP>
#	G	D	E	R	K	N	Q	S	T	A	V	L	I	F	Y	W	H	M	C	P
0	0.01147	0.00820	0.01147	0.01311	0.01475	0.00820	0.01147	0.01475	0.01639	0.02131	0.03770	0.08032	0.04098	0.01967	0.00984	0.00328	0.00656	0.65741	0.00656	0.00656
1	0.16538	0.01884	0.01942	0.01513	0.02059	0.02099	0.01249	0.56338	0.02966	0.04256	0.01581	0.01611	0.01132	0.00820	0.00664	0.00215	0.00742	0.00595	0.00664	0.01132
2	0.01810	0.61233	0.17078	0.01379	0.02075	0.02588	0.01497	0.02156	0.01458	0.01790	0.01047	0.01214	0.00911	0.00622	0.00500	0.00167	0.00819	0.00409	0.00304	0.00941
3	0.01026	0.00729	0.00971	0.00971	0.01038	0.00796	0.00674	0.01160	0.01093	0.01525	0.02066	0.03675	0.02161	0.38141	0.39874	0.00931	0.01334	0.00891	0.00405	0.00540
4	0.11378	0.01792	0.02288	0.01732	0.02310	0.01892	0.12498	0.39596	0.02623	0.14183	0.01751	0.01792	0.01224	0.00794	0.00704	0.00220	0.00800	0.00657	0.00648	0.01119
5	0.20244	0.01720	0.01803	0.01454	0.01957	0.09968	0.05472	0.13884	0.08996	0.24653	0.01928	0.01871	0.01342	0.00800	0.00653	0.00218	0.00739	0.00615	0.00641	0.01040

[dist]
# distance from previous block
# <min> <max>
0	11

[block]
# block no. 1 follows, 29 sequences, length 18
# corresponding to MSA columns:
# 81-98
name=unknown_B
#
# <colnr> <probs for GDERKNQSTAVLIFYWHMCP>
#	G	D	E	R	K	N	Q	S	T	A	V	L	I	F	Y	W	H	M	C	P
0	0.02538	0.02190	0.02023	0.01645	0.02146	0.15895	0.01319	0.44289	0.14360	0.03689	0.01793	0.01788	0.01318	0.00850	0.00701	0.00213	0.00844	0.00633	0.00646	0.01121
1	0.06312	0.01509	0.01956	0.01568	0.02003	0.01600	0.11156	0.20335	0.17778	0.09283	0.02192	0.05857	0.01813	0.12011	0.01166	0.00300	0.00735	0.00826	0.00618	0.00983
2	0.11856	0.01558	0.01638	0.01314	0.01825	0.11764	0.01065	0.03220	0.01941	0.52919	0.02346	0.02109	0.01523	0.00834	0.00674	0.00215	0.00701	0.00640	0.00754	0.01104
3	0.01260	0.01100	0.01025	0.01013	0.01092	0.11420	0.00667	0.01339	0.01231	0.01519	0.02179	0.10499	0.02413	0.46015	0.13663	0.00647	0.00944	0.01000	0.00436	0.00537
4	0.02709	0.01104	0.01466	0.01169	0.01644	0.00953	0.00949	0.02961	0.01937	0.56703	0.03533	0.07216	0.12198	0.01097	0.00746	0.00227	0.00558	0.00909	0.00836	0.01084
5	0.02760	0.01318	0.01739	0.01374	0.01890	0.01255	0.03656	0.05614	0.16079	0.49965	0.04676	0.02512	0.01946	0.00904	0.00726	0.00225	0.00618	0.00753	0.00820	0.01169
6	0.03195	0.01212	0.01652	0.01267	0.01818	0.01047	0.01047	0.03470	0.02038	0.71026	0.02809	0.02424	0.01763	0.00881	0.00716	0.00220	0.00606	0.00716	0.00881	0.01212
7	0.00918	0.00670	0.00863	0.00930	0.01038	0.00616	0.00654	0.01126	0.01632	0.02217	0.29060	0.42150	0.11690	0.01900	0.00877	0.00260	0.00379	0.01699	0.00707	0.00616
8	0.01681	0.01921	0.04202	0.03001	0.03721	0.01801	0.67947	0.02281	0.01681	0.02281	0.01441	0.01921	0.01080	0.00600	0.00840	0.00240	0.01200	0.00840	0.00360	0.00960
9	0.01407	0.01330	0.02249	0.62935	0.14744	0.01598	0.02009	0.01874	0.01453	0.01895	0.01277	0.01878	0.00976	0.00700	0.00711	0.00233	0.00934	0.00633	0.00322	0.00842
10	0.03195	0.01212	0.01652	0.01267	0.01818	0.01047	0.01047	0.03470	0.02038	0.71026	0.02809	0.02424	0.01763	0.00881	0.00716	0.00220	0.00606	0.00716	0.00881	0.01212
11	0.01532	0.01457	0.02474	0.42349	0.34354	0.01631	0.02071	0.01984	0.01512	0.02047	0.01299	0.01837	0.01029	0.00677	0.00709	0.00226	0.00903	0.00634	0.00333	0.00942
12	0.01534	0.02150	0.18177	0.02565	0.03279	0.01630	0.46309	0.02129	0.01607	0.02223	0.01688	0.10093	0.01455	0.00802	0.00813	0.00243	0.01079	0.00908	0.00382	0.00937
13	0.01187	0.00923	0.01017	0.00921	0.01190	0.00876	0.00710	0.11651	0.02019	0.02625	0.26555	0.05554	0.39030	0.01543	0.00821	0.00231	0.00419	0.01299	0.00709	0.00719
14	0.02905	0.01220	0.01728	0.12555	0.02302	0.01131	0.01193	0.03211	0.01942	0.60176	0.02567	0.02341	0.01635	0.00855	0.00715	0.00223	0.00660	0.00703	0.00793	0.01146
15	0.02925	0.01220	0.01625	0.01234	0.01797	0.01031	0.01015	0.03207	0.01950	0.60254	0.02567	0.02275	0.01652	0.00826	0.00686	0.00202	0.00594	0.00670	0.00809	0.13459
16	0.01987	0.01617	0.02696	0.03884	0.59760	0.01591	0.02007	0.02387	0.01687	0.13097	0.01570	0.01866	0.01227	0.00673	0.00707	0.00213	0.00808	0.00647	0.00435	0.01141
17	0.01154	0.00904	0.00985	0.00949	0.01196	0.00859	0.00722	0.11563	0.01840	0.02313	0.05503	0.20207	0.42654	0.01751	0.00842	0.00251	0.00452	0.04491	0.00669	0.00695

[dist]
# distance from previous block
# <min> <max>
52	165

[block]
# block no. 2 follows, 29 sequences, length 13
# corresponding to MSA columns:
# 332-344
name=unknown_C
#
# <colnr> <probs for GDERKNQSTAVLIFYWHMCP>
#	G	D	E	R	K	N	Q	S	T	A	V	L	I	F	Y	W	H	M	C	P
0	0.01973	0.21656	0.21868	0.01635	0.02289	0.25717	0.01622	0.02365	0.01660	0.01941	0.01143	0.01333	0.00929	0.00660	0.00590	0.00178	0.00991	0.00453	0.00339	0.10656
1	0.01836	0.01529	0.01941	0.40044	0.03495	0.10242	0.01597	0.08051	0.01718	0.11147	0.01563	0.01980	0.01173	0.01292	0.09068	0.00332	0.01043	0.00638	0.00440	0.00870
2	0.01452	0.01316	0.01651	0.01376	0.01721	0.08685	0.09925	0.03165	0.04142	0.04381	0.24395	0.06512	0.06255	0.01626	0.09622	0.00324	0.00805	0.00954	0.00572	0.11120
3	0.01578	0.01346	0.01515	0.01249	0.01613	0.09334	0.09107	0.07735	0.01759	0.02479	0.02715	0.04987	0.12623	0.00952	0.00648	0.00189	0.00625	0.00804	0.27624	0.11119
4	0.12398	0.01696	0.01600	0.01401	0.01823	0.10362	0.01110	0.10201	0.31659	0.10912	0.02453	0.02542	0.03770	0.00948	0.00691	0.00230	0.00679	0.03847	0.00655	0.01024
5	0.01381	0.00772	0.01007	0.01006	0.01196	0.00693	0.00731	0.01571	0.01624	0.16766	0.12796	0.42060	0.12017	0.01790	0.00851	0.00260	0.00438	0.01586	0.00724	0.00729
6	0.19004	0.01448	0.01845	0.15210	0.02484	0.01609	0.08990	0.10504	0.16703	0.02779	0.02381	0.02496	0.09830	0.00897	0.00686	0.00232	0.00711	0.00750	0.00531	0.00909
7	0.61064	0.01350	0.01150	0.00965	0.01452	0.01441	0.00789	0.02021	0.01276	0.02984	0.01058	0.01234	0.00840	0.00629	0.00462	0.00193	0.00545	0.00394	0.00436	0.19719
8	0.02373	0.02085	0.01991	0.01610	0.02117	0.18708	0.04455	0.24014	0.13486	0.09153	0.01786	0.01807	0.01322	0.00791	0.00680	0.00199	0.00838	0.00612	0.00591	0.11383
9	0.01461	0.01397	0.02408	0.34674	0.06010	0.01439	0.16260	0.01889	0.01479	0.02035	0.01306	0.01809	0.01023	0.00717	0.00787	0.03680	0.00885	0.00627	0.00352	0.19762
10	0.01641	0.35788	0.41045	0.01666	0.02520	0.02175	0.01999	0.02200	0.01478	0.01996	0.01149	0.01342	0.00907	0.00646	0.00578	0.00193	0.00922	0.00461	0.00302	0.00990
11	0.02653	0.01340	0.01668	0.01277	0.01838	0.01216	0.01044	0.10825	0.06944	0.42954	0.02343	0.02146	0.01570	0.00806	0.00674	0.00196	0.00607	0.00648	0.00748	0.18504
12	0.01200	0.01075	0.01028	0.00970	0.01181	0.10067	0.00728	0.01480	0.01905	0.02487	0.43975	0.05036	0.20348	0.01416	0.00801	0.00220	0.00466	0.01204	0.03737	0.00676

[dist]
# distance from previous block
# <min> <max>
0	28

[block]
# block no. 3 follows, 29 sequences, length 17
# corresponding to MSA columns:
# 373-389
name=unknown_D
#
# <colnr> <probs for GDERKNQSTAVLIFYWHMCP>
#	G	D	E	R	K	N	Q	S	T	A	V	L	I	F	Y	W	H	M	C	P
0	0.02045	0.02555	0.12604	0.01850	0.02377	0.26386	0.09375	0.06195	0.22188	0.02425	0.03739	0.01944	0.01495	0.00806	0.00705	0.00217	0.00970	0.00652	0.00493	0.00981
1	0.01557	0.01522	0.02393	0.45646	0.27639	0.05184	0.02020	0.01999	0.01523	0.01992	0.01283	0.01820	0.01010	0.00686	0.00706	0.00226	0.00930	0.00625	0.00332	0.00910
2	0.24176	0.01217	0.01428	0.01145	0.01634	0.01167	0.00940	0.02915	0.01809	0.46717	0.07862	0.02313	0.01898	0.00868	0.00650	0.00221	0.00568	0.00672	0.00752	0.01046
3	0.01547	0.01472	0.02501	0.39928	0.36660	0.01635	0.02078	0.01996	0.01519	0.02065	0.01301	0.01833	0.01036	0.00674	0.00709	0.00225	0.00899	0.00634	0.00334	0.00954
4	0.01519	0.12420	0.54566	0.02048	0.03004	0.01817	0.10521	0.02243	0.01518	0.02186	0.01262	0.01510	0.00926	0.00659	0.00669	0.00218	0.01034	0.00547	0.00309	0.01024
5	0.00925	0.00661	0.00892	0.01057	0.01123	0.00628	0.00760	0.01090	0.01420	0.01882	0.03893	0.60912	0.04584	0.02177	0.00924	0.00297	0.00463	0.15057	0.00660	0.00594
6	0.00905	0.00717	0.00800	0.00791	0.00985	0.00627	0.00580	0.01119	0.01695	0.02170	0.25885	0.09554	0.43793	0.06002	0.01007	0.00264	0.00375	0.01436	0.00685	0.00612
7	0.01761	0.01766	0.02361	0.01931	0.02344	0.14148	0.22495	0.11489	0.01913	0.02387	0.02277	0.16988	0.02263	0.01199	0.00822	0.00250	0.00914	0.11326	0.00518	0.00849
8	0.02170	0.02255	0.02885	0.02743	0.19195	0.19688	0.20768	0.16617	0.02112	0.02632	0.01388	0.01675	0.01079	0.00697	0.00730	0.00213	0.01046	0.00651	0.00436	0.01021
9	0.00946	0.00728	0.00850	0.00915	0.01078	0.00664	0.00697	0.01133	0.01517	0.01894	0.05264	0.16539	0.35897	0.10943	0.01231	0.00325	0.00483	0.17674	0.00631	0.00591
10	0.01455	0.00883	0.01111	0.00980	0.01245	0.00816	0.00759	0.05573	0.02049	0.14306	0.47045	0.04810	0.13408	0.01367	0.00812	0.00225	0.00411	0.01180	0.00781	0.00786
11	0.02349	0.02765	0.02174	0.01835	0.02256	0.46873	0.07496	0.07273	0.01950	0.02059	0.01185	0.01417	0.00972	0.00741	0.00770	0.00190	0.06230	0.00514	0.00394	0.10558
12	0.01578	0.01662	0.03165	0.22090	0.03655	0.01791	0.35721	0.02183	0.06380	0.02125	0.01427	0.01917	0.01102	0.00747	0.01005	0.00249	0.11184	0.00750	0.00367	0.00900
13	0.13234	0.01734	0.01997	0.31010	0.03206	0.15050	0.06549	0.06082	0.01664	0.05244	0.01493	0.06901	0.01249	0.00825	0.00683	0.00226	0.00911	0.00683	0.00421	0.00836
14	0.40703	0.01430	0.01467	0.01196	0.01661	0.01539	0.05135	0.15606	0.01780	0.03207	0.04757	0.01991	0.06195	0.00809	0.00578	0.00210	0.00608	0.00600	0.03197	0.07331
15	0.35589	0.01296	0.01614	0.32784	0.06003	0.01531	0.01393	0.01926	0.01358	0.02466	0.01356	0.02075	0.01139	0.00790	0.00616	0.00236	0.00747	0.05894	0.00400	0.00786
16	0.36023	0.07841	0.05588	0.01265	0.01770	0.06815	0.01093	0.09871	0.12670	0.05295	0.01481	0.01548	0.01125	0.00736	0.00560	0.00210	0.00678	0.00508	0.00507	0.04416

[dist]
# distance from previous block
# <min> <max>
15	46

[block]
# block no. 4 follows, 29 sequences, length 43
# corresponding to MSA columns:
# 469-511
name=unknown_E
#
# <colnr> <probs for GDERKNQSTAVLIFYWHMCP>
#	G	D	E	R	K	N	Q	S	T	A	V	L	I	F	Y	W	H	M	C	P
0	0.18430	0.01634	0.01540	0.01381	0.01609	0.14939	0.01081	0.04564	0.01439	0.05046	0.01501	0.05769	0.01415	0.08911	0.10511	0.00404	0.17960	0.00679	0.00429	0.00758
1	0.04836	0.01617	0.01989	0.07386	0.02296	0.07168	0.08905	0.10162	0.01777	0.06122	0.01387	0.01616	0.01080	0.00654	0.00674	0.00168	0.03004	0.00538	0.00459	0.38163
2	0.20313	0.01506	0.01466	0.01209	0.01695	0.07152	0.00965	0.05396	0.13736	0.15783	0.02106	0.02070	0.04958	0.00802	0.00612	0.00197	0.00619	0.00607	0.00588	0.18219
3	0.01210	0.00950	0.01285	0.01177	0.01311	0.01050	0.04417	0.03361	0.07786	0.01793	0.02132	0.06370	0.02166	0.32976	0.23521	0.00705	0.05777	0.00924	0.00451	0.00639
4	0.01474	0.01430	0.08713	0.01627	0.02076	0.01181	0.18310	0.02059	0.07404	0.08560	0.34386	0.03603	0.03897	0.01069	0.00804	0.00229	0.00671	0.01009	0.00631	0.00867
5	0.01428	0.03683	0.71286	0.02030	0.03082	0.01654	0.02631	0.02255	0.01503	0.02255	0.01278	0.01503	0.00902	0.00677	0.00677	0.00226	0.01052	0.00526	0.00301	0.01052
6	0.00866	0.00729	0.00755	0.00768	0.01003	0.00619	0.00589	0.01058	0.01624	0.01940	0.06939	0.06947	0.64970	0.01816	0.00853	0.00247	0.00384	0.06625	0.00661	0.00605
7	0.01147	0.00820	0.01147	0.01311	0.01475	0.00820	0.01147	0.01475	0.01639	0.02131	0.03770	0.08032	0.04098	0.01967	0.00984	0.00328	0.00656	0.65741	0.00656	0.00656
8	0.00875	0.00713	0.00775	0.00780	0.00988	0.00612	0.00577	0.01080	0.01672	0.02089	0.18750	0.13112	0.51937	0.01779	0.00848	0.00242	0.00361	0.01513	0.00684	0.00612
9	0.01477	0.01266	0.01477	0.01055	0.01687	0.00949	0.00844	0.01793	0.01477	0.02320	0.01266	0.01477	0.01055	0.00527	0.00527	0.00105	0.00527	0.00422	0.00422	0.79328
10	0.80005	0.01377	0.01047	0.00936	0.01377	0.01597	0.00771	0.02093	0.01212	0.03195	0.00991	0.01157	0.00771	0.00661	0.00441	0.00220	0.00551	0.00386	0.00441	0.00771
11	0.01757	0.01334	0.01551	0.01152	0.01751	0.01120	0.00925	0.06681	0.07872	0.09279	0.01597	0.01694	0.01237	0.00625	0.00577	0.00137	0.00556	0.00501	0.00515	0.59141
12	0.01762	0.01692	0.02890	0.04371	0.70533	0.01692	0.02185	0.02185	0.01621	0.02326	0.01339	0.01762	0.01128	0.00634	0.00705	0.00211	0.00846	0.00634	0.00352	0.01128
13	0.01008	0.00728	0.00952	0.00896	0.01064	0.00672	0.00672	0.01344	0.02016	0.02855	0.70158	0.05319	0.06719	0.01456	0.00840	0.00224	0.00336	0.01288	0.00784	0.00672
14	0.80005	0.01377	0.01047	0.00936	0.01377	0.01597	0.00771	0.02093	0.01212	0.03195	0.00991	0.01157	0.00771	0.00661	0.00441	0.00220	0.00551	0.00386	0.00441	0.00771
15	0.00868	0.00620	0.00826	0.00991	0.01033	0.00578	0.00661	0.00991	0.01363	0.01818	0.03925	0.74510	0.04710	0.02231	0.00909	0.00289	0.00413	0.02024	0.00661	0.00578
16	0.00888	0.00723	0.00785	0.00770	0.00990	0.00621	0.00577	0.01111	0.01732	0.02181	0.24616	0.06429	0.52681	0.01707	0.00841	0.00236	0.00354	0.01443	0.00695	0.00621
17	0.00842	0.00721	0.00721	0.00721	0.00962	0.00601	0.00541	0.01022	0.01623	0.01924	0.07213	0.06853	0.70244	0.01803	0.00842	0.00240	0.00361	0.01503	0.00661	0.00601
18	0.80005	0.01377	0.01047	0.00936	0.01377	0.01597	0.00771	0.02093	0.01212	0.03195	0.00991	0.01157	0.00771	0.00661	0.00441	0.00220	0.00551	0.00386	0.00441	0.00771
19	0.01731	0.01660	0.02834	0.09544	0.65605	0.01684	0.02170	0.02158	0.01607	0.02288	0.01334	0.01773	0.01114	0.00640	0.00705	0.00213	0.00854	0.00634	0.00350	0.01103
20	0.72520	0.01572	0.01141	0.01023	0.01457	0.08422	0.00830	0.02166	0.01290	0.03054	0.01002	0.01169	0.00785	0.00668	0.00460	0.00217	0.00622	0.00393	0.00434	0.00776
21	0.80005	0.01377	0.01047	0.00936	0.01377	0.01597	0.00771	0.02093	0.01212	0.03195	0.00991	0.01157	0.00771	0.00661	0.00441	0.00220	0.00551	0.00386	0.00441	0.00771
22	0.01505	0.16859	0.46050	0.02017	0.09203	0.01790	0.02158	0.02121	0.01493	0.02116	0.01447	0.07457	0.01239	0.00787	0.00657	0.00215	0.00925	0.00632	0.00336	0.00994
23	0.01771	0.01530	0.01610	0.01449	0.01852	0.01771	0.01127	0.03784	0.69247	0.02979	0.02898	0.02657	0.02174	0.00966	0.00725	0.00242	0.00564	0.00805	0.00725	0.01127
24	0.00842	0.00721	0.00721	0.00721	0.00962	0.00601	0.00541	0.01022	0.01623	0.01924	0.07213	0.06853	0.70244	0.01803	0.00842	0.00240	0.00361	0.01503	0.00661	0.00601
25	0.01762	0.01692	0.02890	0.04371	0.70533	0.01692	0.02185	0.02185	0.01621	0.02326	0.01339	0.01762	0.01128	0.00634	0.00705	0.00211	0.00846	0.00634	0.00352	0.01128
26	0.01670	0.01889	0.04027	0.02903	0.03561	0.01834	0.62200	0.02232	0.01630	0.02232	0.01397	0.01889	0.01068	0.00656	0.00970	0.00246	0.07474	0.00822	0.00356	0.00945
27	0.00868	0.00620	0.00826	0.00991	0.01033	0.00578	0.00661	0.00991	0.01363	0.01818	0.03925	0.74510	0.04710	0.02231	0.00909	0.00289	0.00413	0.02024	0.00661	0.00578
28	0.01681	0.01921	0.04202	0.03001	0.03721	0.01801	0.67947	0.02281	0.01681	0.02281	0.01441	0.01921	0.01080	0.00600	0.00840	0.00240	0.01200	0.00840	0.00360	0.00960
29	0.01495	0.13792	0.61764	0.01915	0.02905	0.01818	0.02432	0.02238	0.01495	0.02173	0.01237	0.01452	0.00904	0.00667	0.00646	0.00215	0.01011	0.00506	0.00301	0.01033
30	0.01755	0.01700	0.02906	0.03985	0.58122	0.01709	0.08458	0.02333	0.07481	0.02378	0.01484	0.01855	0.01214	0.00660	0.00720	0.00217	0.00856	0.00669	0.00385	0.01112
31	0.02335	0.01810	0.01928	0.01563	0.02067	0.02035	0.01264	0.42609	0.29502	0.03889	0.02181	0.02085	0.01593	0.00899	0.00717	0.00225	0.00696	0.00706	0.00717	0.01178
32	0.80005	0.01377	0.01047	0.00936	0.01377	0.01597	0.00771	0.02093	0.01212	0.03195	0.00991	0.01157	0.00771	0.00661	0.00441	0.00220	0.00551	0.00386	0.00441	0.00771
33	0.03195	0.01212	0.01652	0.01267	0.01818	0.01047	0.01047	0.03470	0.02038	0.71026	0.02809	0.02424	0.01763	0.00881	0.00716	0.00220	0.00606	0.00716	0.00881	0.01212
34	0.01689	0.01617	0.02757	0.16495	0.58984	0.01673	0.02149	0.02121	0.01587	0.02237	0.01326	0.01786	0.01096	0.00648	0.00706	0.00216	0.00864	0.00634	0.00346	0.01069
35	0.01147	0.00820	0.01147	0.01311	0.01475	0.00820	0.01147	0.01475	0.01639	0.02131	0.03770	0.08032	0.04098	0.01967	0.00984	0.00328	0.00656	0.65741	0.00656	0.00656
36	0.01019	0.00770	0.00946	0.00894	0.01088	0.00719	0.00673	0.01418	0.05601	0.02694	0.55146	0.05451	0.17931	0.01492	0.00834	0.00228	0.00353	0.01300	0.00759	0.00684
37	0.00951	0.00726	0.00873	0.00836	0.01029	0.00648	0.00627	0.01234	0.01882	0.02538	0.48727	0.05841	0.28347	0.01574	0.00840	0.00230	0.00344	0.01361	0.00742	0.00648
38	0.00856	0.00722	0.00741	0.00736	0.00971	0.00607	0.00552	0.01050	0.01657	0.02004	0.12662	0.06720	0.64745	0.01773	0.00841	0.00239	0.00359	0.01484	0.00672	0.00607
39	0.01681	0.01921	0.04202	0.03001	0.03721	0.01801	0.67947	0.02281	0.01681	0.02281	0.01441	0.01921	0.01080	0.00600	0.00840	0.00240	0.01200	0.00840	0.00360	0.00960
40	0.01792	0.58483	0.19669	0.01410	0.02124	0.02543	0.01552	0.02161	0.01460	0.01812	0.01058	0.01227	0.00911	0.00625	0.00509	0.00170	0.00830	0.00415	0.00304	0.00946
41	0.66961	0.01596	0.01221	0.01071	0.01517	0.07443	0.00871	0.07874	0.01463	0.03187	0.01063	0.01215	0.00821	0.00684	0.00481	0.00217	0.00631	0.00414	0.00458	0.00814
42	0.01646	0.01489	0.01559	0.01154	0.01760	0.07178	0.00918	0.05493	0.01625	0.02388	0.01275	0.01473	0.01051	0.00563	0.00547	0.00118	0.00607	0.00437	0.00433	0.68284

[dist]
# distance from previous block
# <min> <max>
0	1

[block]
# block no. 5 follows, 29 sequences, length 37
# corresponding to MSA columns:
# 513-515,520-553
name=unknown_F
#
# <colnr> <probs for GDERKNQSTAVLIFYWHMCP>
#	G	D	E	R	K	N	Q	S	T	A	V	L	I	F	Y	W	H	M	C	P
0	0.10652	0.02656	0.02052	0.01734	0.02186	0.39197	0.04717	0.21451	0.04174	0.02741	0.01331	0.01464	0.01030	0.00760	0.00654	0.00200	0.01040	0.00532	0.00483	0.00945
1	0.01669	0.01827	0.03733	0.02691	0.03377	0.01718	0.56162	0.02359	0.07213	0.02342	0.01544	0.01940	0.01168	0.00623	0.00801	0.00228	0.01085	0.00798	0.00396	0.08326
2	0.01507	0.15555	0.60103	0.01895	0.02874	0.01846	0.02397	0.02235	0.01494	0.02159	0.01230	0.01444	0.00904	0.00665	0.00640	0.00213	0.01004	0.00502	0.00301	0.01029
3	0.01273	0.01200	0.02249	0.01822	0.02188	0.01162	0.26617	0.01669	0.01585	0.02153	0.11002	0.09397	0.06118	0.02041	0.14627	0.00431	0.01033	0.12164	0.00506	0.00762
4	0.01294	0.03004	0.55109	0.01730	0.02596	0.01412	0.02152	0.01972	0.01531	0.02179	0.02639	0.02730	0.16798	0.00935	0.00714	0.00229	0.00894	0.00750	0.00383	0.00949
5	0.01762	0.01692	0.02890	0.04371	0.70533	0.01692	0.02185	0.02185	0.01621	0.02326	0.01339	0.01762	0.01128	0.00634	0.00705	0.00211	0.00846	0.00634	0.00352	0.01128
6	0.01477	0.01266	0.01477	0.01055	0.01687	0.00949	0.00844	0.01793	0.01477	0.02320	0.01266	0.01477	0.01055	0.00527	0.00527	0.00105	0.00527	0.00422	0.00422	0.79328
7	0.00868	0.00620	0.00826	0.00991	0.01033	0.00578	0.00661	0.00991	0.01363	0.01818	0.03925	0.74510	0.04710	0.02231	0.00909	0.00289	0.00413	0.02024	0.00661	0.00578
8	0.01345	0.01266	0.02136	0.73264	0.04904	0.01582	0.01978	0.01819	0.01424	0.01819	0.01266	0.01898	0.00949	0.00712	0.00712	0.00237	0.00949	0.00633	0.00316	0.00791
9	0.00842	0.00721	0.00721	0.00721	0.00962	0.00601	0.00541	0.01022	0.01623	0.01924	0.07213	0.06853	0.70244	0.01803	0.00842	0.00240	0.00361	0.01503	0.00661	0.00601
10	0.02339	0.01776	0.01892	0.01526	0.02021	0.01987	0.01236	0.44422	0.23816	0.03916	0.02114	0.02057	0.01545	0.00888	0.00704	0.00220	0.00690	0.00694	0.05001	0.01155
11	0.80005	0.01377	0.01047	0.00936	0.01377	0.01597	0.00771	0.02093	0.01212	0.03195	0.00991	0.01157	0.00771	0.00661	0.00441	0.00220	0.00551	0.00386	0.00441	0.00771
12	0.01779	0.52968	0.14102	0.01360	0.02000	0.02434	0.01411	0.02304	0.08987	0.01957	0.03915	0.01528	0.01275	0.00692	0.00536	0.00177	0.00769	0.00486	0.00369	0.00950
13	0.01658	0.01333	0.01795	0.01290	0.01925	0.01053	0.08294	0.02003	0.01551	0.08686	0.01428	0.01614	0.01123	0.00568	0.00580	0.00131	0.00609	0.00495	0.00458	0.63407
14	0.01972	0.01886	0.03650	0.02634	0.03315	0.01824	0.51208	0.14413	0.02010	0.07367	0.01583	0.01916	0.01151	0.00666	0.00808	0.00234	0.01084	0.00795	0.00460	0.01023
15	0.01853	0.01825	0.02947	0.03933	0.55723	0.05512	0.09379	0.05845	0.01744	0.02408	0.01358	0.01751	0.01116	0.00648	0.00717	0.00213	0.00905	0.00648	0.00374	0.01098
16	0.00976	0.00727	0.00908	0.00863	0.01044	0.00658	0.00647	0.01282	0.01941	0.02678	0.58156	0.05611	0.18831	0.01522	0.00840	0.00227	0.00341	0.01329	0.00760	0.00658
17	0.01481	0.11626	0.63804	0.01940	0.02943	0.01783	0.02474	0.02241	0.01497	0.02191	0.01246	0.01463	0.00903	0.00669	0.00652	0.00217	0.01020	0.00510	0.00301	0.01037
18	0.01383	0.01304	0.01913	0.01676	0.01752	0.01721	0.04162	0.01595	0.01153	0.01735	0.01359	0.02195	0.01318	0.02489	0.23415	0.00562	0.46035	0.03146	0.00348	0.00739
19	0.03195	0.01212	0.01652	0.01267	0.01818	0.01047	0.01047	0.03470	0.02038	0.71026	0.02809	0.02424	0.01763	0.00881	0.00716	0.00220	0.00606	0.00716	0.00881	0.01212
20	0.01762	0.01692	0.02890	0.04371	0.70533	0.01692	0.02185	0.02185	0.01621	0.02326	0.01339	0.01762	0.01128	0.00634	0.00705	0.00211	0.00846	0.00634	0.00352	0.01128
21	0.01788	0.10020	0.04010	0.02709	0.03407	0.01872	0.56892	0.02330	0.01674	0.05980	0.01466	0.01862	0.01099	0.00617	0.00791	0.00229	0.01119	0.00783	0.00383	0.00969
22	0.01013	0.00671	0.00902	0.01040	0.01120	0.00628	0.00733	0.01166	0.01427	0.05253	0.03853	0.63694	0.04498	0.02136	0.00908	0.00290	0.00449	0.08931	0.00671	0.00618
23	0.01008	0.00728	0.00952	0.00896	0.01064	0.00672	0.00672	0.01344	0.02016	0.02855	0.70158	0.05319	0.06719	0.01456	0.00840	0.00224	0.00336	0.01288	0.00784	0.00672
24	0.00984	0.00724	0.01042	0.01080	0.01177	0.00803	0.00801	0.01189	0.01186	0.01669	0.02397	0.19386	0.02516	0.10181	0.50355	0.00912	0.01468	0.01074	0.00450	0.00606
25	0.01666	0.35098	0.34082	0.01780	0.02600	0.02183	0.09242	0.02204	0.01498	0.02002	0.01169	0.01390	0.00927	0.00638	0.00598	0.00195	0.00941	0.00497	0.00309	0.00981
26	0.00899	0.00642	0.00862	0.01027	0.01082	0.00605	0.00715	0.01045	0.01394	0.01852	0.03908	0.67148	0.04642	0.02202	0.00917	0.00293	0.00440	0.09081	0.00660	0.00587
27	0.00844	0.00713	0.00730	0.00744	0.00968	0.00599	0.00551	0.01019	0.01602	0.01915	0.06943	0.12412	0.64860	0.01838	0.00847	0.00244	0.00365	0.01546	0.00661	0.00599
28	0.02934	0.01334	0.02091	0.01565	0.02145	0.01176	0.12549	0.03266	0.01977	0.59207	0.02574	0.02337	0.01645	0.00833	0.00737	0.00224	0.00708	0.00737	0.00792	0.01169
29	0.01622	0.23843	0.36538	0.02020	0.02869	0.02021	0.17199	0.02226	0.01528	0.02095	0.01233	0.01496	0.00946	0.00640	0.00651	0.00208	0.01003	0.00556	0.00315	0.00992
30	0.01762	0.01692	0.02890	0.04371	0.70533	0.01692	0.02185	0.02185	0.01621	0.02326	0.01339	0.01762	0.01128	0.00634	0.00705	0.00211	0.00846	0.00634	0.00352	0.01128
31	0.09019	0.36621	0.33469	0.01552	0.02342	0.02186	0.01803	0.02183	0.01450	0.02075	0.01118	0.01304	0.00895	0.00644	0.00553	0.00191	0.00871	0.00446	0.00316	0.00962
32	0.01770	0.01220	0.01335	0.01307	0.01578	0.10069	0.01078	0.02058	0.01805	0.17483	0.10571	0.08877	0.03487	0.01522	0.00860	0.00272	0.00679	0.32547	0.00683	0.00799
33	0.10266	0.08571	0.03329	0.02317	0.02901	0.01715	0.44211	0.02075	0.01542	0.02243	0.01562	0.07008	0.01344	0.01094	0.06336	0.00304	0.01086	0.00825	0.00387	0.00882
34	0.12614	0.01760	0.01782	0.01508	0.01945	0.15562	0.05855	0.12503	0.01987	0.16129	0.02089	0.04698	0.01783	0.01008	0.00716	0.00229	0.00804	0.12043	0.00591	0.04393
35	0.16878	0.01317	0.01925	0.03493	0.02004	0.01354	0.15800	0.08205	0.01594	0.11987	0.01783	0.02474	0.01511	0.15956	0.10282	0.00434	0.00935	0.00740	0.00497	0.00832
36	0.10531	0.10155	0.02519	0.06604	0.02431	0.18855	0.15652	0.02254	0.01561	0.05396	0.01282	0.01715	0.01074	0.04834	0.01070	0.00249	0.11983	0.00605	0.00384	0.00846

[dist]
# distance from previous block
# <min> <max>
8	51

[block]
# block no. 6 follows, 29 sequences, length 70
# corresponding to MSA columns:
# 617-686
name=unknown_G
#
# <colnr> <probs for GDERKNQSTAVLIFYWHMCP>
#	G	D	E	R	K	N	Q	S	T	A	V	L	I	F	Y	W	H	M	C	P
0	0.01383	0.00861	0.01028	0.00963	0.01175	0.00829	0.00714	0.01764	0.08144	0.11581	0.18652	0.06899	0.14112	0.18270	0.01443	0.00341	0.00504	0.05539	0.05081	0.00719
1	0.01703	0.03277	0.55039	0.02014	0.04786	0.01770	0.02354	0.15916	0.01889	0.02720	0.01369	0.01553	0.00972	0.00712	0.00685	0.00223	0.00991	0.00553	0.00387	0.01087
2	0.01008	0.00739	0.00989	0.00957	0.01120	0.00720	0.00731	0.01318	0.01799	0.02528	0.49990	0.04990	0.08753	0.02301	0.15630	0.00420	0.00677	0.03982	0.00689	0.00660
3	0.01220	0.00820	0.01007	0.00958	0.01147	0.00725	0.00656	0.01356	0.01334	0.06937	0.02763	0.32095	0.03067	0.24593	0.01667	0.00372	0.00538	0.01285	0.00556	0.16905
4	0.01008	0.00728	0.00952	0.00896	0.01064	0.00672	0.00672	0.01344	0.02016	0.02855	0.70158	0.05319	0.06719	0.01456	0.00840	0.00224	0.00336	0.01288	0.00784	0.00672
5	0.01477	0.01266	0.01477	0.01055	0.01687	0.00949	0.00844	0.01793	0.01477	0.02320	0.01266	0.01477	0.01055	0.00527	0.00527	0.00105	0.00527	0.00422	0.00422	0.79328
6	0.01780	0.01583	0.02461	0.32711	0.26536	0.01756	0.04141	0.15712	0.01898	0.02560	0.01389	0.01814	0.01068	0.00712	0.00714	0.00224	0.00888	0.00642	0.00412	0.00998
7	0.02417	0.01591	0.01588	0.01309	0.01753	0.15728	0.02709	0.04637	0.01959	0.34101	0.05461	0.03123	0.15718	0.01038	0.00727	0.00213	0.00705	0.00833	0.00692	0.03698
8	0.02898	0.01311	0.01909	0.01910	0.16063	0.01180	0.01283	0.03204	0.01952	0.56784	0.02505	0.02287	0.01631	0.00830	0.00714	0.00218	0.00656	0.00699	0.00772	0.01194
9	0.01074	0.00715	0.00892	0.00848	0.01015	0.00670	0.00636	0.01409	0.01907	0.02814	0.56095	0.04767	0.05704	0.01326	0.00769	0.00212	0.00335	0.01158	0.16984	0.00670
10	0.80005	0.01377	0.01047	0.00936	0.01377	0.01597	0.00771	0.02093	0.01212	0.03195	0.00991	0.01157	0.00771	0.00661	0.00441	0.00220	0.00551	0.00386	0.00441	0.00771
11	0.00987	0.00724	0.00892	0.00850	0.01033	0.00657	0.00637	0.01291	0.01912	0.02654	0.54170	0.05522	0.19676	0.01501	0.00825	0.00225	0.00341	0.01305	0.04144	0.00657
12	0.00973	0.00727	0.00904	0.00860	0.01043	0.00657	0.00645	0.01277	0.01934	0.02662	0.57109	0.05637	0.19888	0.01528	0.00840	0.00227	0.00341	0.01332	0.00758	0.00657
13	0.00842	0.00721	0.00721	0.00721	0.00962	0.00601	0.00541	0.01022	0.01623	0.01924	0.07213	0.06853	0.70244	0.01803	0.00842	0.00240	0.00361	0.01503	0.00661	0.00601
14	0.80005	0.01377	0.01047	0.00936	0.01377	0.01597	0.00771	0.02093	0.01212	0.03195	0.00991	0.01157	0.00771	0.00661	0.00441	0.00220	0.00551	0.00386	0.00441	0.00771
15	0.01734	0.01663	0.02839	0.09084	0.66043	0.01684	0.02171	0.02160	0.01608	0.02292	0.01334	0.01772	0.01116	0.00640	0.00705	0.00213	0.00853	0.00634	0.00350	0.01105
16	0.71017	0.01566	0.06641	0.01056	0.01529	0.01622	0.00946	0.02093	0.01231	0.03068	0.01012	0.01198	0.00787	0.00683	0.00526	0.00224	0.03176	0.00405	0.00425	0.00794
17	0.80005	0.01377	0.01047	0.00936	0.01377	0.01597	0.00771	0.02093	0.01212	0.03195	0.00991	0.01157	0.00771	0.00661	0.00441	0.00220	0.00551	0.00386	0.00441	0.00771
18	0.07854	0.47987	0.08671	0.01198	0.01740	0.02178	0.01189	0.01976	0.01551	0.02089	0.15354	0.02040	0.02105	0.00794	0.00554	0.00179	0.00681	0.00581	0.00414	0.00864
19	0.01277	0.00967	0.01243	0.01340	0.01553	0.01017	0.01143	0.01954	0.15655	0.02307	0.03589	0.06918	0.03699	0.01760	0.00930	0.00310	0.00637	0.52279	0.00670	0.00753
20	0.00842	0.00721	0.00721	0.00721	0.00962	0.00601	0.00541	0.01022	0.01623	0.01924	0.07213	0.06853	0.70244	0.01803	0.00842	0.00240	0.00361	0.01503	0.00661	0.00601
21	0.01692	0.01620	0.02762	0.16044	0.59413	0.01673	0.02150	0.02123	0.01588	0.02240	0.01327	0.01785	0.01098	0.00648	0.00706	0.00216	0.00863	0.00634	0.00346	0.01071
22	0.01693	0.02105	0.17070	0.03885	0.56550	0.01684	0.02278	0.02200	0.01597	0.02312	0.01327	0.01709	0.01081	0.00643	0.00699	0.00214	0.00889	0.00612	0.00342	0.01112
23	0.00842	0.00721	0.00721	0.00721	0.00962	0.00601	0.00541	0.01022	0.01623	0.01924	0.07213	0.06853	0.70244	0.01803	0.00842	0.00240	0.00361	0.01503	0.00661	0.00601
24	0.01884	0.02226	0.03749	0.02759	0.03406	0.16378	0.54146	0.02398	0.01751	0.02169	0.01370	0.01789	0.01047	0.00628	0.00799	0.00228	0.01218	0.00761	0.00362	0.00932
25	0.07482	0.01679	0.02330	0.01797	0.02346	0.06777	0.18498	0.07633	0.13589	0.27126	0.02145	0.02115	0.01490	0.00796	0.00726	0.00226	0.00813	0.00718	0.00640	0.01074
26	0.01612	0.13445	0.44308	0.02096	0.02992	0.01878	0.15907	0.05533	0.01624	0.02289	0.01292	0.01549	0.00956	0.00660	0.00681	0.00218	0.01028	0.00576	0.00334	0.01021
27	0.01795	0.01432	0.01506	0.01336	0.01716	0.01630	0.01045	0.10271	0.50757	0.03084	0.02674	0.02556	0.02012	0.00931	0.00685	0.00226	0.00548	0.00764	0.13974	0.01057
28	0.80005	0.01377	0.01047	0.00936	0.01377	0.01597	0.00771	0.02093	0.01212	0.03195	0.00991	0.01157	0.00771	0.00661	0.00441	0.00220	0.00551	0.00386	0.00441	0.00771
29	0.02481	0.01002	0.01275	0.01036	0.01440	0.00900	0.00837	0.02778	0.01830	0.44905	0.02623	0.02512	0.01787	0.00862	0.00633	0.00200	0.00501	0.00696	0.30699	0.01002
30	0.01567	0.01508	0.02468	0.29026	0.32317	0.01753	0.01979	0.01954	0.01439	0.02014	0.01229	0.01770	0.01023	0.00790	0.01046	0.00242	0.15981	0.00632	0.00331	0.00932
31	0.01023	0.00675	0.00846	0.00882	0.01004	0.00636	0.00632	0.01281	0.01670	0.02437	0.32015	0.29922	0.04974	0.01608	0.00794	0.00236	0.00363	0.01426	0.16939	0.00636
32	0.01628	0.02286	0.18109	0.02800	0.03589	0.01770	0.54406	0.02276	0.01644	0.02276	0.01407	0.01834	0.01043	0.00616	0.00806	0.00237	0.01170	0.00775	0.00348	0.00979
33	0.01001	0.00676	0.00787	0.00821	0.00830	0.00667	0.00479	0.01026	0.01103	0.01471	0.02592	0.19141	0.03028	0.59894	0.03061	0.00607	0.00633	0.01240	0.00479	0.00462
34	0.01441	0.16821	0.06162	0.01773	0.02246	0.01665	0.22871	0.01793	0.01524	0.01975	0.02837	0.08598	0.17532	0.01084	0.00913	0.00233	0.08320	0.00956	0.00435	0.00822
35	0.01611	0.01785	0.03773	0.17567	0.03967	0.01755	0.54271	0.02185	0.01627	0.02185	0.01404	0.01916	0.01053	0.00623	0.00814	0.00240	0.01148	0.00797	0.00351	0.00925
36	0.45819	0.01530	0.06195	0.16082	0.02314	0.01585	0.01209	0.05084	0.03869	0.08508	0.01318	0.01517	0.00968	0.00710	0.00558	0.00225	0.00683	0.00500	0.00464	0.00863
37	0.01736	0.01828	0.02325	0.38939	0.22935	0.16236	0.01912	0.02135	0.01603	0.01947	0.01252	0.01733	0.00993	0.00695	0.00695	0.00219	0.00989	0.00597	0.00337	0.00894
38	0.13051	0.18988	0.19653	0.01454	0.02104	0.11574	0.01465	0.02173	0.01502	0.02185	0.01134	0.01337	0.00921	0.00653	0.00608	0.00180	0.03048	0.00445	0.00356	0.17168
39	0.18001	0.45913	0.16497	0.01320	0.01982	0.02335	0.01404	0.02148	0.01409	0.02105	0.01047	0.01216	0.00882	0.00633	0.00497	0.00181	0.00775	0.00410	0.00332	0.00912
40	0.50472	0.01799	0.13065	0.01228	0.01764	0.01643	0.01160	0.02471	0.15366	0.02991	0.01435	0.01526	0.01084	0.00727	0.00539	0.00226	0.00638	0.00496	0.00476	0.00893
41	0.01550	0.16546	0.01872	0.01112	0.01652	0.01300	0.00939	0.01832	0.01494	0.04527	0.01680	0.07757	0.01591	0.00810	0.00587	0.00152	0.00580	0.05950	0.00452	0.47618
42	0.63786	0.01409	0.01163	0.01043	0.01475	0.01633	0.00845	0.02444	0.15316	0.03150	0.01387	0.01468	0.01062	0.00724	0.00500	0.00225	0.00553	0.00473	0.00500	0.00845
43	0.01829	0.64205	0.14280	0.01345	0.02023	0.02636	0.01439	0.02151	0.01456	0.01766	0.01035	0.01199	0.00912	0.00620	0.00491	0.00164	0.00807	0.00403	0.00304	0.00935
44	0.01460	0.01383	0.02344	0.54268	0.23000	0.01612	0.02035	0.01920	0.01478	0.01959	0.01286	0.01861	0.00998	0.00691	0.00710	0.00230	0.00921	0.00633	0.00326	0.00884
45	0.01413	0.01306	0.02209	0.35221	0.20587	0.01442	0.06926	0.01786	0.01414	0.01893	0.01501	0.02438	0.01345	0.16079	0.01324	0.00325	0.00889	0.00733	0.00353	0.00815
46	0.01267	0.00669	0.00687	0.00687	0.00819	0.00669	0.00484	0.01530	0.01398	0.02391	0.02306	0.03070	0.01983	0.16201	0.01146	0.00275	0.00406	0.00741	0.62655	0.00616
47	0.01083	0.00863	0.01022	0.01037	0.01224	0.00886	0.00764	0.01649	0.15519	0.02145	0.09667	0.26891	0.19562	0.02273	0.11619	0.00392	0.00651	0.01395	0.00642	0.00714
48	0.00881	0.00676	0.00808	0.00874	0.01011	0.00603	0.00618	0.01062	0.01570	0.02031	0.16219	0.37471	0.29736	0.01940	0.00872	0.00260	0.00380	0.01705	0.00682	0.00603
49	0.01885	0.01742	0.02842	0.16978	0.03289	0.01854	0.26889	0.19061	0.12729	0.02853	0.01703	0.01979	0.01259	0.00746	0.00763	0.00233	0.00942	0.00741	0.00498	0.01015
50	0.80005	0.01377	0.01047	0.00936	0.01377	0.01597	0.00771	0.02093	0.01212	0.03195	0.00991	0.01157	0.00771	0.00661	0.00441	0.00220	0.00551	0.00386	0.00441	0.00771
51	0.01842	0.01633	0.02215	0.05187	0.30753	0.01773	0.01621	0.09198	0.32273	0.02809	0.02075	0.02165	0.01601	0.00808	0.00715	0.00226	0.00716	0.00712	0.00553	0.01124
52	0.01495	0.01358	0.01874	0.15974	0.10202	0.01344	0.01330	0.01831	0.01425	0.02130	0.01225	0.01606	0.01024	0.00684	0.00855	0.00175	0.11570	0.00518	0.00376	0.43005
53	0.01817	0.02370	0.20892	0.02458	0.04848	0.05032	0.33368	0.06398	0.01735	0.06824	0.01451	0.01775	0.01071	0.00705	0.00872	0.00235	0.06051	0.00701	0.00397	0.01001
54	0.01972	0.01852	0.03693	0.02666	0.03345	0.04117	0.54273	0.02502	0.01753	0.13935	0.01661	0.01984	0.01191	0.00653	0.00812	0.00235	0.01102	0.00806	0.00449	0.00998
55	0.01024	0.00725	0.00937	0.00884	0.01052	0.00671	0.00663	0.01359	0.01990	0.02845	0.66771	0.05186	0.06474	0.01424	0.00823	0.00221	0.00336	0.01257	0.04685	0.00671
56	0.01547	0.20189	0.53422	0.01875	0.02814	0.01927	0.04505	0.02228	0.01496	0.02122	0.01217	0.01434	0.00911	0.00658	0.00631	0.00209	0.00990	0.00503	0.00304	0.01017
57	0.01697	0.23950	0.10271	0.02138	0.02709	0.02169	0.27815	0.02116	0.01471	0.01980	0.01185	0.01572	0.00983	0.00744	0.01020	0.00227	0.16079	0.00627	0.00328	0.00918
58	0.14172	0.01214	0.01534	0.01203	0.01720	0.01109	0.00990	0.03176	0.01918	0.58194	0.05562	0.02371	0.01842	0.00875	0.00682	0.00220	0.00586	0.00694	0.00813	0.01124
59	0.01562	0.01488	0.02529	0.37374	0.39094	0.01639	0.02086	0.02010	0.01527	0.02083	0.01304	0.01828	0.01042	0.00672	0.00708	0.00224	0.00895	0.00634	0.00335	0.00967
60	0.01437	0.01567	0.06197	0.41393	0.04170	0.01598	0.23886	0.01954	0.01518	0.02005	0.01501	0.04617	0.01227	0.00768	0.00769	0.00242	0.01009	0.02939	0.00354	0.00848
61	0.01288	0.01082	0.01601	0.27347	0.06116	0.01211	0.01398	0.01859	0.09016	0.02271	0.16413	0.04358	0.03147	0.01233	0.00814	0.00258	0.00695	0.18558	0.00552	0.00783
62	0.00896	0.00715	0.00752	0.00748	0.00932	0.00626	0.00529	0.01052	0.01535	0.01890	0.11520	0.06268	0.50832	0.16943	0.01418	0.00332	0.00427	0.01388	0.00624	0.00572
63	0.01889	0.14876	0.30489	0.01834	0.02610	0.01697	0.13050	0.02429	0.01641	0.16402	0.01871	0.01971	0.04575	0.00751	0.00684	0.00215	0.00901	0.00643	0.00450	0.01024
64	0.14862	0.21255	0.42465	0.01641	0.02479	0.01936	0.01962	0.02197	0.01440	0.02269	0.01157	0.01354	0.00883	0.00657	0.00582	0.00206	0.00895	0.00466	0.00325	0.00970
65	0.01053	0.00842	0.01254	0.01692	0.15441	0.00809	0.00977	0.01239	0.01417	0.01923	0.03389	0.59429	0.03967	0.01900	0.00867	0.00273	0.00503	0.01736	0.00597	0.00692
66	0.00847	0.00700	0.00743	0.00777	0.00977	0.00596	0.00566	0.01016	0.01569	0.01902	0.06532	0.20879	0.56658	0.01892	0.00856	0.00251	0.00372	0.01611	0.00661	0.00596
67	0.18039	0.38220	0.18904	0.01379	0.02054	0.02250	0.01466	0.06670	0.01541	0.02319	0.01107	0.01269	0.00902	0.00653	0.00522	0.00188	0.00788	0.00434	0.00360	0.00937
68	0.18724	0.02104	0.01891	0.01526	0.02035	0.13927	0.01237	0.43395	0.02680	0.03755	0.01458	0.01523	0.01070	0.00794	0.00644	0.00210	0.00820	0.00557	0.00597	0.01054
69	0.17404	0.00889	0.01029	0.04075	0.01309	0.00908	0.00764	0.01524	0.01812	0.02859	0.50828	0.04388	0.05156	0.01274	0.00756	0.00227	0.00417	0.02998	0.00688	0.00697

[dist]
# distance from previous block
# <min> <max>
25	63

[block]
# block no. 7 follows, 29 sequences, length 43
# corresponding to MSA columns:
# 766-808
name=unknown_H
#
# <colnr> <probs for GDERKNQSTAVLIFYWHMCP>
#	G	D	E	R	K	N	Q	S	T	A	V	L	I	F	Y	W	H	M	C	P
0	0.08804	0.27453	0.08832	0.01397	0.01983	0.04380	0.06149	0.02311	0.06042	0.08753	0.06530	0.01813	0.01526	0.00726	0.00590	0.00184	0.00732	0.00564	0.00455	0.10776
1	0.01614	0.01735	0.09919	0.27249	0.29572	0.01593	0.06935	0.02100	0.01553	0.04638	0.01364	0.01801	0.01058	0.00666	0.00705	0.00218	0.00903	0.00629	0.00358	0.05391
2	0.01429	0.01968	0.17170	0.01849	0.02398	0.07765	0.21608	0.01911	0.01733	0.02299	0.18083	0.05652	0.10940	0.01030	0.00789	0.00230	0.00846	0.00963	0.00493	0.00844
3	0.01438	0.03294	0.58904	0.09719	0.03324	0.01657	0.07417	0.02210	0.01508	0.02210	0.01289	0.01577	0.00920	0.00675	0.00692	0.00228	0.01052	0.00561	0.00307	0.01018
4	0.01330	0.00949	0.01127	0.01053	0.01319	0.00956	0.00819	0.01961	0.15988	0.08630	0.19807	0.04687	0.22000	0.01964	0.10816	0.00366	0.00651	0.04101	0.00684	0.00792
5	0.01854	0.01685	0.06814	0.01492	0.01954	0.01731	0.01250	0.07726	0.55005	0.06146	0.02721	0.02648	0.02051	0.00961	0.00727	0.00240	0.00619	0.02560	0.00698	0.01118
6	0.01034	0.00695	0.00802	0.00802	0.00810	0.00704	0.00463	0.01052	0.01043	0.01399	0.02221	0.04534	0.02534	0.70254	0.08271	0.00721	0.00773	0.01017	0.00428	0.00445
7	0.01868	0.01433	0.01551	0.01383	0.01764	0.03746	0.01091	0.10717	0.36265	0.09144	0.04808	0.09412	0.02485	0.01144	0.00757	0.00241	0.00604	0.07049	0.00705	0.03831
8	0.00989	0.00727	0.00926	0.00876	0.01052	0.00664	0.00657	0.01308	0.01972	0.02751	0.63122	0.05490	0.13820	0.01495	0.00840	0.00226	0.00339	0.01312	0.00770	0.00664
9	0.01507	0.01268	0.01477	0.01073	0.01675	0.00993	0.00858	0.04927	0.01598	0.02455	0.05372	0.01716	0.01398	0.00598	0.00555	0.00118	0.00528	0.00484	0.00457	0.70943
10	0.02611	0.01632	0.01906	0.01565	0.03894	0.05730	0.03681	0.23712	0.09831	0.29399	0.06719	0.02310	0.01867	0.00894	0.00724	0.00219	0.00709	0.00727	0.00740	0.01132
11	0.07042	0.02036	0.01880	0.01545	0.02023	0.14939	0.01236	0.34705	0.13460	0.07570	0.05072	0.01965	0.01581	0.00869	0.00692	0.00214	0.00795	0.00654	0.00648	0.01074
12	0.01724	0.01653	0.02821	0.10686	0.64517	0.01682	0.02166	0.02152	0.01603	0.02280	0.01333	0.01775	0.01112	0.00642	0.00706	0.00214	0.00855	0.00634	0.00349	0.01097
13	0.01499	0.00714	0.00754	0.00719	0.00920	0.00699	0.00548	0.01825	0.01543	0.08923	0.02367	0.02634	0.01819	0.00834	0.00518	0.00171	0.00357	0.00668	0.71773	0.00714
14	0.80005	0.01377	0.01047	0.00936	0.01377	0.01597	0.00771	0.02093	0.01212	0.03195	0.00991	0.01157	0.00771	0.00661	0.00441	0.00220	0.00551	0.00386	0.00441	0.00771
15	0.00881	0.00708	0.00764	0.00775	0.00964	0.00615	0.00558	0.01056	0.01585	0.01967	0.13476	0.13714	0.49899	0.08518	0.01104	0.00285	0.00394	0.01492	0.00654	0.00591
16	0.00900	0.00724	0.00803	0.00783	0.00998	0.00626	0.00587	0.01136	0.01762	0.02254	0.29502	0.06310	0.47750	0.01680	0.00841	0.00235	0.00352	0.01427	0.00705	0.00626
17	0.00842	0.00721	0.00721	0.00721	0.00962	0.00601	0.00541	0.01022	0.01623	0.01924	0.07213	0.06853	0.70244	0.01803	0.00842	0.00240	0.00361	0.01503	0.00661	0.00601
18	0.80005	0.01377	0.01047	0.00936	0.01377	0.01597	0.00771	0.02093	0.01212	0.03195	0.00991	0.01157	0.00771	0.00661	0.00441	0.00220	0.00551	0.00386	0.00441	0.00771
19	0.01486	0.01410	0.02392	0.49909	0.27152	0.01619	0.02048	0.01943	0.01491	0.01991	0.01291	0.01852	0.01010	0.00686	0.00710	0.00229	0.00914	0.00633	0.00329	0.00905
20	0.77071	0.01384	0.01089	0.00971	0.01395	0.01619	0.00801	0.02079	0.01207	0.03139	0.00989	0.01172	0.00777	0.00683	0.00512	0.00224	0.03285	0.00394	0.00436	0.00771
21	0.75450	0.01367	0.01083	0.00956	0.01403	0.01565	0.00787	0.02175	0.01261	0.07218	0.01099	0.01232	0.00830	0.00674	0.00457	0.00220	0.00554	0.00405	0.00467	0.00797
22	0.01596	0.13774	0.60699	0.01969	0.02952	0.01864	0.02446	0.02296	0.01556	0.02261	0.01339	0.01594	0.01003	0.00735	0.00688	0.00234	0.01038	0.00539	0.00338	0.01080
23	0.01784	0.01523	0.01722	0.01720	0.08130	0.01692	0.01214	0.03409	0.54778	0.02981	0.10021	0.02981	0.02642	0.01052	0.00777	0.00255	0.00600	0.00869	0.00726	0.01125
24	0.00952	0.00800	0.00801	0.00796	0.01043	0.00666	0.00589	0.01101	0.01681	0.02016	0.07215	0.06904	0.69176	0.01853	0.00882	0.00259	0.00399	0.01519	0.00692	0.00656
25	0.01858	0.01754	0.02933	0.04384	0.69443	0.01738	0.02206	0.02245	0.01680	0.02412	0.01440	0.01899	0.01223	0.00704	0.00747	0.00230	0.00876	0.00666	0.00388	0.01174
26	0.01623	0.01726	0.03528	0.02627	0.03195	0.01634	0.52072	0.02081	0.01658	0.02262	0.01978	0.15393	0.01839	0.00993	0.00947	0.00270	0.03712	0.01078	0.00449	0.00933
27	0.00952	0.00800	0.00801	0.00796	0.01043	0.00666	0.00589	0.01101	0.01681	0.02016	0.07215	0.06904	0.69176	0.01853	0.00882	0.00259	0.00399	0.01519	0.00692	0.00656
28	0.02740	0.03427	0.02075	0.01891	0.02262	0.70977	0.01410	0.02892	0.02069	0.01838	0.01205	0.01429	0.01016	0.00801	0.00685	0.00203	0.01307	0.00493	0.00402	0.00877
