[name]
unknown

[dist]
# distance from previous block
# <min> <max>
2	55

[block]
# block no. 0 follows, 29 sequences, length 128
# corresponding to MSA columns:
# 62-125,131-165,167-195
name=unknown_A
#
# <colnr> <probs for GDERKNQSTAVLIFYWHMCP>
#	G	D	E	R	K	N	Q	S	T	A	V	L	I	F	Y	W	H	M	C	P
0	0.01731	0.00929	0.01159	0.01052	0.01323	0.00858	0.00788	0.06602	0.01761	0.23187	0.07744	0.25576	0.13968	0.08606	0.01082	0.00290	0.00512	0.01303	0.00717	0.00812
1	0.33325	0.01158	0.01143	0.01059	0.01373	0.01259	0.00819	0.08978	0.05191	0.05159	0.11668	0.21041	0.02784	0.01226	0.00672	0.00239	0.00513	0.01000	0.00605	0.00788
2	0.01046	0.00745	0.00832	0.00822	0.01050	0.00639	0.00612	0.01240	0.01651	0.07440	0.12102	0.16910	0.48828	0.01766	0.00842	0.00245	0.00386	0.01502	0.00690	0.00652
3	0.01962	0.01473	0.01629	0.01405	0.01796	0.01616	0.01131	0.27321	0.22624	0.05296	0.04640	0.03502	0.04514	0.06436	0.00976	0.00276	0.00658	0.11048	0.00692	0.01006
4	0.01347	0.00952	0.01136	0.01089	0.01287	0.00959	0.00803	0.13253	0.04011	0.04650	0.16432	0.31472	0.07548	0.08208	0.01090	0.00294	0.00505	0.03544	0.00682	0.00737
5	0.01054	0.00737	0.00841	0.00835	0.01031	0.00646	0.00605	0.01235	0.01603	0.06935	0.13849	0.17932	0.39543	0.08578	0.01103	0.00287	0.00415	0.01466	0.00671	0.00634
6	0.02446	0.01743	0.01859	0.01454	0.01948	0.01916	0.01192	0.55599	0.02998	0.04141	0.01825	0.01888	0.01327	0.00850	0.00672	0.00205	0.00698	0.00645	0.15485	0.01108
7	0.01271	0.00826	0.01041	0.01066	0.01239	0.00802	0.00795	0.01641	0.08031	0.09335	0.11466	0.30801	0.08696	0.08134	0.01106	0.00307	0.00497	0.11553	0.00684	0.00709
8	0.02443	0.01088	0.01438	0.01190	0.01614	0.00983	0.00964	0.02832	0.06149	0.46020	0.14684	0.05499	0.05373	0.01129	0.00766	0.00232	0.00546	0.05191	0.00826	0.01037
9	0.00882	0.00630	0.00843	0.01008	0.01056	0.00591	0.00687	0.01017	0.01378	0.01834	0.03917	0.71023	0.04677	0.02217	0.00913	0.00291	0.00426	0.05367	0.00661	0.00582
10	0.01879	0.01583	0.01671	0.01471	0.01893	0.01822	0.01153	0.11224	0.61630	0.03153	0.02761	0.02547	0.02062	0.00953	0.00723	0.00238	0.00589	0.00786	0.00723	0.01137
11	0.14018	0.01340	0.01381	0.01178	0.01571	0.01469	0.00941	0.17235	0.19268	0.09340	0.02172	0.02194	0.01610	0.00849	0.00614	0.00209	0.00550	0.00657	0.22435	0.00970
12	0.02252	0.01025	0.01345	0.01124	0.01505	0.00924	0.00897	0.04935	0.01971	0.39505	0.18226	0.09407	0.05552	0.01182	0.00760	0.00227	0.00514	0.02760	0.04916	0.00972
13	0.01008	0.00728	0.00952	0.00896	0.01064	0.00672	0.00672	0.01344	0.02016	0.02855	0.70158	0.05319	0.06719	0.01456	0.00840	0.00224	0.00336	0.01288	0.00784	0.00672
14	0.00856	0.00722	0.00742	0.00737	0.00971	0.00607	0.00553	0.01050	0.01658	0.02006	0.12784	0.06717	0.64622	0.01773	0.00841	0.00239	0.00358	0.01484	0.00672	0.00607
15	0.66338	0.01348	0.01154	0.00995	0.01455	0.01499	0.00820	0.02338	0.01359	0.15264	0.01315	0.01382	0.00948	0.00700	0.00490	0.00220	0.00561	0.00444	0.00519	0.00850
16	0.02600	0.03295	0.01972	0.01796	0.02149	0.69502	0.01341	0.02777	0.01982	0.01729	0.01142	0.01408	0.00978	0.03451	0.00751	0.00202	0.01262	0.00480	0.00369	0.00811
17	0.03195	0.01212	0.01652	0.01267	0.01818	0.01047	0.01047	0.03470	0.02038	0.71026	0.02809	0.02424	0.01763	0.00881	0.00716	0.00220	0.00606	0.00716	0.00881	0.01212
18	0.01031	0.00747	0.01097	0.01093	0.01208	0.00846	0.00832	0.01242	0.01187	0.01698	0.06785	0.03042	0.02146	0.08743	0.58891	0.05944	0.01646	0.00807	0.00409	0.00607
19	0.01005	0.00758	0.01102	0.01102	0.01234	0.00863	0.00850	0.01246	0.01175	0.01664	0.02299	0.03148	0.06722	0.07302	0.64852	0.01065	0.01758	0.00825	0.00403	0.00627
20	0.01724	0.01980	0.04011	0.05306	0.03677	0.05692	0.62031	0.02297	0.01691	0.02236	0.01416	0.01885	0.01067	0.00611	0.00825	0.00237	0.01197	0.00812	0.00359	0.00947
21	0.01709	0.01637	0.02793	0.13242	0.62083	0.01678	0.02159	0.02138	0.01596	0.02261	0.01330	0.01780	0.01105	0.00644	0.00706	0.00215	0.00859	0.00634	0.00348	0.01085
22	0.01754	0.01714	0.03018	0.04237	0.64002	0.01703	0.08614	0.02195	0.01627	0.02322	0.01349	0.01778	0.01123	0.00631	0.00718	0.00214	0.00881	0.00655	0.00353	0.01112
23	0.01681	0.01921	0.04202	0.03001	0.03721	0.01801	0.67947	0.02281	0.01681	0.02281	0.01441	0.01921	0.01080	0.00600	0.00840	0.00240	0.01200	0.00840	0.00360	0.00960
24	0.01036	0.00690	0.00777	0.00777	0.00777	0.00690	0.00431	0.01036	0.01036	0.01381	0.02244	0.04660	0.02589	0.74975	0.03624	0.00690	0.00690	0.01036	0.00431	0.00431
25	0.01017	0.00763	0.01144	0.01144	0.01272	0.00890	0.00890	0.01272	0.01144	0.01653	0.01907	0.02797	0.01780	0.05340	0.72153	0.01144	0.01907	0.00763	0.00381	0.00636
26	0.01477	0.01266	0.01477	0.01055	0.01687	0.00949	0.00844	0.01793	0.01477	0.02320	0.01266	0.01477	0.01055	0.00527	0.00527	0.00105	0.00527	0.00422	0.00422	0.79328
27	0.02629	0.01762	0.01950	0.01534	0.02070	0.01910	0.01254	0.44261	0.15057	0.16781	0.02133	0.02016	0.01490	0.00880	0.00715	0.00220	0.00710	0.00685	0.00746	0.01196
28	0.01001	0.00728	0.00942	0.00888	0.01059	0.00669	0.00666	0.01330	0.01998	0.02815	0.67403	0.05386	0.09499	0.01471	0.00840	0.00225	0.00337	0.01297	0.00778	0.00669
29	0.01008	0.00728	0.00952	0.00896	0.01064	0.00672	0.00672	0.01344	0.02016	0.02855	0.70158	0.05319	0.06719	0.01456	0.00840	0.00224	0.00336	0.01288	0.00784	0.00672
30	0.01087	0.00865	0.01278	0.01238	0.01349	0.01056	0.00976	0.01328	0.01137	0.01661	0.01782	0.02638	0.01671	0.04813	0.63164	0.01037	0.11148	0.00745	0.00372	0.00654
31	0.00844	0.00713	0.00730	0.00743	0.00967	0.00599	0.00550	0.01020	0.01603	0.01915	0.06954	0.12187	0.65078	0.01837	0.00847	0.00244	0.00365	0.01544	0.00661	0.00599
32	0.01838	0.01563	0.01648	0.01463	0.01877	0.01803	0.01143	0.08406	0.64515	0.03087	0.02813	0.02589	0.02105	0.00958	0.00724	0.00240	0.00579	0.00793	0.00724	0.01133
33	0.01811	0.01804	0.02782	0.07785	0.61703	0.07238	0.02111	0.02218	0.01642	0.02254	0.01317	0.01732	0.01102	0.00646	0.00700	0.00211	0.00886	0.00621	0.00352	0.01086
34	0.02707	0.01995	0.02137	0.01638	0.02208	0.02208	0.01353	0.68159	0.03348	0.04488	0.01710	0.01710	0.01211	0.00855	0.00712	0.00214	0.00784	0.00641	0.00712	0.01211
35	0.02662	0.03320	0.02024	0.01824	0.02202	0.68449	0.01375	0.06270	0.02088	0.01887	0.01133	0.01306	0.00933	0.00740	0.00646	0.00185	0.01258	0.00468	0.00385	0.00846
36	0.01801	0.01255	0.01510	0.01095	0.01712	0.00968	0.00882	0.02110	0.01583	0.15297	0.01557	0.01655	0.01188	0.00594	0.00563	0.00127	0.00542	0.00477	0.00509	0.64574
37	0.02707	0.01995	0.02137	0.01638	0.02208	0.02208	0.01353	0.68159	0.03348	0.04488	0.01710	0.01710	0.01211	0.00855	0.00712	0.00214	0.00784	0.00641	0.00712	0.01211
38	0.01147	0.00820	0.01147	0.01311	0.01475	0.00820	0.01147	0.01475	0.01639	0.02131	0.03770	0.08032	0.04098	0.01967	0.00984	0.00328	0.00656	0.65741	0.00656	0.00656
39	0.05823	0.01259	0.01625	0.01278	0.01806	0.01160	0.01047	0.03460	0.10662	0.59782	0.02754	0.02407	0.01779	0.00884	0.00707	0.00223	0.00598	0.00715	0.00845	0.01185
40	0.01008	0.00728	0.00952	0.00896	0.01064	0.00672	0.00672	0.01344	0.02016	0.02855	0.70158	0.05319	0.06719	0.01456	0.00840	0.00224	0.00336	0.01288	0.00784	0.00672
41	0.00877	0.00733	0.00771	0.00790	0.01021	0.00626	0.00611	0.01074	0.01625	0.01948	0.06815	0.06989	0.62588	0.01822	0.00858	0.00251	0.00395	0.08938	0.00661	0.00607
42	0.01017	0.00763	0.01144	0.01144	0.01272	0.00890	0.00890	0.01272	0.01144	0.01653	0.01907	0.02797	0.01780	0.05340	0.72153	0.01144	0.01907	0.00763	0.00381	0.00636
43	0.01113	0.00793	0.00883	0.00852	0.01077	0.00722	0.00631	0.01427	0.05948	0.06607	0.15250	0.11090	0.39420	0.06890	0.01018	0.00270	0.00413	0.01352	0.03570	0.00673
44	0.01681	0.01921	0.04202	0.03001	0.03721	0.01801	0.67947	0.02281	0.01681	0.02281	0.01441	0.01921	0.01080	0.00600	0.00840	0.00240	0.01200	0.00840	0.00360	0.00960
45	0.19197	0.01337	0.01465	0.01193	0.01616	0.01386	0.00943	0.17391	0.04198	0.25896	0.02064	0.02419	0.01593	0.14825	0.01205	0.00308	0.00649	0.00691	0.00658	0.00966
46	0.00955	0.00657	0.00800	0.00879	0.00899	0.00637	0.00541	0.01015	0.01192	0.01589	0.03046	0.37997	0.03601	0.40257	0.02328	0.00499	0.00558	0.01507	0.00541	0.00502
47	0.01047	0.00754	0.00860	0.00817	0.01051	0.00654	0.00619	0.01288	0.01787	0.06576	0.29015	0.06038	0.43677	0.01624	0.00833	0.00233	0.00367	0.01378	0.00718	0.00664
48	0.00890	0.00653	0.00809	0.00913	0.01013	0.00595	0.00630	0.01053	0.01483	0.01963	0.10545	0.51042	0.19078	0.02019	0.00874	0.00268	0.00392	0.01797	0.03388	0.00595
49	0.01140	0.00758	0.00988	0.00913	0.01108	0.00693	0.00691	0.01467	0.02003	0.07130	0.63730	0.05189	0.08598	0.01431	0.00832	0.00224	0.00354	0.01259	0.00786	0.00704
50	0.00965	0.00681	0.00825	0.00881	0.00941	0.00657	0.00576	0.01064	0.01286	0.01700	0.07121	0.27165	0.10642	0.34590	0.04512	0.00489	0.00588	0.04235	0.00556	0.00526
51	0.01048	0.00753	0.01029	0.01176	0.01307	0.00734	0.00960	0.01312	0.01578	0.02071	0.07418	0.27171	0.06708	0.02011	0.00949	0.00308	0.00558	0.41611	0.00664	0.00632
52	0.01161	0.00804	0.00969	0.00994	0.01157	0.00776	0.00734	0.01485	0.07038	0.06061	0.08722	0.21435	0.17383	0.15799	0.01396	0.00350	0.00513	0.11923	0.00643	0.00656
53	0.58501	0.01938	0.01317	0.01186	0.01606	0.21203	0.00939	0.02302	0.01436	0.02791	0.01022	0.01192	0.00812	0.00681	0.00497	0.00210	0.00755	0.00406	0.00420	0.00786
54	0.01976	0.01620	0.02556	0.03541	0.51445	0.01634	0.01888	0.04515	0.09797	0.11315	0.01726	0.01953	0.01337	0.00712	0.00709	0.00216	0.00779	0.00666	0.00476	0.01141
55	0.00912	0.00654	0.00807	0.00901	0.00962	0.00613	0.00590	0.01022	0.01342	0.01768	0.06809	0.45882	0.12282	0.20193	0.01571	0.00380	0.00472	0.01683	0.00609	0.00549
56	0.01000	0.00713	0.00971	0.01130	0.01226	0.00692	0.00875	0.01213	0.01478	0.01946	0.03800	0.42049	0.04363	0.04468	0.01031	0.00320	0.00532	0.30936	0.00651	0.00609
57	0.01539	0.01462	0.02308	0.56214	0.09939	0.04082	0.05588	0.06576	0.01610	0.02072	0.01307	0.01854	0.00988	0.00710	0.00716	0.00232	0.00955	0.00639	0.00351	0.00859
58	0.01714	0.01643	0.02803	0.12307	0.62973	0.01679	0.02161	0.02143	0.01599	0.02268	0.01331	0.01778	0.01107	0.00643	0.00706	0.00214	0.00858	0.00634	0.00348	0.01089
59	0.00891	0.00718	0.00780	0.00773	0.00978	0.00621	0.00569	0.01095	0.01673	0.02105	0.21240	0.08632	0.49990	0.05577	0.00989	0.00262	0.00374	0.01446	0.00677	0.00608
60	0.01036	0.00690	0.00777	0.00777	0.00777	0.00690	0.00431	0.01036	0.01036	0.01381	0.02244	0.04660	0.02589	0.74975	0.03624	0.00690	0.00690	0.01036	0.00431	0.00431
61	0.00978	0.00666	0.00794	0.00850	0.00864	0.00652	0.00510	0.01020	0.01148	0.01530	0.02820	0.28598	0.03316	0.50045	0.02694	0.00553	0.00595	0.01374	0.00510	0.00482
62	0.80005	0.01377	0.01047	0.00936	0.01377	0.01597	0.00771	0.02093	0.01212	0.03195	0.00991	0.01157	0.00771	0.00661	0.00441	0.00220	0.00551	0.00386	0.00441	0.00771
63	0.01838	0.02174	0.10926	0.01975	0.02534	0.12264	0.18453	0.03070	0.33564	0.02526	0.02057	0.02121	0.01549	0.00802	0.00736	0.00231	0.00894	0.00728	0.00526	0.01030
64	0.00868	0.00620	0.00826	0.00991	0.01033	0.00578	0.00661	0.00991	0.01363	0.01818	0.03925	0.74510	0.04710	0.02231	0.00909	0.00289	0.00413	0.02024	0.00661	0.00578
65	0.01345	0.01266	0.02136	0.73264	0.04904	0.01582	0.01978	0.01819	0.01424	0.01819	0.01266	0.01898	0.00949	0.00712	0.00712	0.00237	0.00949	0.00633	0.00316	0.00791
66	0.02850	0.01269	0.01643	0.01265	0.01817	0.01126	0.01036	0.05516	0.06810	0.54822	0.02574	0.02291	0.01680	0.00840	0.00692	0.00207	0.00599	0.00681	0.00804	0.11479
67	0.03062	0.01215	0.01633	0.01261	0.01792	0.01070	0.01038	0.05746	0.02085	0.64980	0.06316	0.02550	0.02003	0.00911	0.00722	0.00220	0.00598	0.00743	0.00870	0.01183
68	0.01428	0.03683	0.71286	0.02030	0.03082	0.01654	0.02631	0.02255	0.01503	0.02255	0.01278	0.01503	0.00902	0.00677	0.00677	0.00226	0.01052	0.00526	0.00301	0.01052
69	0.00989	0.00675	0.00809	0.00854	0.00872	0.00670	0.00518	0.01036	0.01130	0.01514	0.02683	0.23536	0.03122	0.51561	0.06482	0.00605	0.00679	0.01290	0.00491	0.00482
70	0.01428	0.03683	0.71286	0.02030	0.03082	0.01654	0.02631	0.02255	0.01503	0.02255	0.01278	0.01503	0.00902	0.00677	0.00677	0.00226	0.01052	0.00526	0.00301	0.01052
71	0.01558	0.01558	0.02181	0.01869	0.01869	0.02181	0.01558	0.01714	0.01091	0.01714	0.00935	0.01558	0.00935	0.01246	0.02337	0.00312	0.73672	0.00623	0.00312	0.00779
72	0.00868	0.00620	0.00826	0.00991	0.01033	0.00578	0.00661	0.00991	0.01363	0.01818	0.03925	0.74510	0.04710	0.02231	0.00909	0.00289	0.00413	0.02024	0.00661	0.00578
73	0.01149	0.00772	0.01034	0.01114	0.01279	0.00734	0.00898	0.01419	0.01669	0.06001	0.16409	0.21832	0.09808	0.01857	0.00914	0.00287	0.00516	0.30947	0.00694	0.00668
74	0.01455	0.07660	0.67540	0.01985	0.03012	0.01718	0.02553	0.02248	0.01500	0.02223	0.01262	0.01483	0.00903	0.00673	0.00664	0.00221	0.01036	0.00518	0.00301	0.01045
75	0.01449	0.01372	0.02324	0.56040	0.21312	0.01609	0.02029	0.01911	0.01473	0.01946	0.01284	0.01864	0.00994	0.00693	0.00710	0.00231	0.00923	0.00633	0.00325	0.00875
76	0.01868	0.01206	0.01380	0.01163	0.01452	0.01249	0.00871	0.24518	0.02103	0.11354	0.10974	0.07573	0.02668	0.26418	0.01739	0.00384	0.00650	0.00951	0.00643	0.00837
77	0.01237	0.00618	0.00928	0.00928	0.00928	0.00618	0.00618	0.00928	0.00928	0.01237	0.01237	0.02165	0.01237	0.02474	0.02783	0.79283	0.00618	0.00618	0.00309	0.00309
78	0.01017	0.00763	0.01144	0.01144	0.01272	0.00890	0.00890	0.01272	0.01144	0.01653	0.01907	0.02797	0.01780	0.05340	0.72153	0.01144	0.01907	0.00763	0.00381	0.00636
79	0.03195	0.01212	0.01652	0.01267	0.01818	0.01047	0.01047	0.03470	0.02038	0.71026	0.02809	0.02424	0.01763	0.00881	0.00716	0.00220	0.00606	0.00716	0.00881	0.01212
80	0.00935	0.00690	0.00874	0.00902	0.01038	0.00629	0.00648	0.01175	0.01733	0.02360	0.37990	0.29262	0.15587	0.01774	0.00864	0.00249	0.00366	0.01573	0.00723	0.00629
81	0.01771	0.01530	0.01610	0.01449	0.01852	0.01771	0.01127	0.03784	0.69247	0.02979	0.02898	0.02657	0.02174	0.00966	0.00725	0.00242	0.00564	0.00805	0.00725	0.01127
82	0.01428	0.03683	0.71286	0.02030	0.03082	0.01654	0.02631	0.02255	0.01503	0.02255	0.01278	0.01503	0.00902	0.00677	0.00677	0.00226	0.01052	0.00526	0.00301	0.01052
83	0.01771	0.01530	0.01610	0.01449	0.01852	0.01771	0.01127	0.03784	0.69247	0.02979	0.02898	0.02657	0.02174	0.00966	0.00725	0.00242	0.00564	0.00805	0.00725	0.01127
84	0.01327	0.00664	0.00664	0.00664	0.00830	0.00664	0.00498	0.01659	0.01493	0.02655	0.02323	0.02655	0.01825	0.00830	0.00498	0.00166	0.00332	0.00664	0.78928	0.00664
85	0.00868	0.00620	0.00826	0.00991	0.01033	0.00578	0.00661	0.00991	0.01363	0.01818	0.03925	0.74510	0.04710	0.02231	0.00909	0.00289	0.00413	0.02024	0.00661	0.00578
86	0.03195	0.01212	0.01652	0.01267	0.01818	0.01047	0.01047	0.03470	0.02038	0.71026	0.02809	0.02424	0.01763	0.00881	0.00716	0.00220	0.00606	0.00716	0.00881	0.01212
87	0.01036	0.00690	0.00777	0.00777	0.00777	0.00690	0.00431	0.01036	0.01036	0.01381	0.02244	0.04660	0.02589	0.74975	0.03624	0.00690	0.00690	0.01036	0.00431	0.00431
88	0.01771	0.01530	0.01610	0.01449	0.01852	0.01771	0.01127	0.03784	0.69247	0.02979	0.02898	0.02657	0.02174	0.00966	0.00725	0.00242	0.00564	0.00805	0.00725	0.01127
89	0.00995	0.00718	0.00941	0.00904	0.01061	0.00664	0.00671	0.01312	0.01957	0.02763	0.64251	0.11489	0.06540	0.01525	0.00846	0.00230	0.00343	0.01353	0.00773	0.00664
90	0.01036	0.00690	0.00777	0.00777	0.00777	0.00690	0.00431	0.01036	0.01036	0.01381	0.02244	0.04660	0.02589	0.74975	0.03624	0.00690	0.00690	0.01036	0.00431	0.00431
91	0.01345	0.01266	0.02136	0.73264	0.04904	0.01582	0.01978	0.01819	0.01424	0.01819	0.01266	0.01898	0.00949	0.00712	0.00712	0.00237	0.00949	0.00633	0.00316	0.00791
92	0.01904	0.75404	0.03731	0.01218	0.01828	0.02818	0.01218	0.02132	0.01447	0.01675	0.00990	0.01142	0.00914	0.00609	0.00457	0.00152	0.00761	0.00381	0.00305	0.00914
93	0.01904	0.75404	0.03731	0.01218	0.01828	0.02818	0.01218	0.02132	0.01447	0.01675	0.00990	0.01142	0.00914	0.00609	0.00457	0.00152	0.00761	0.00381	0.00305	0.00914
94	0.01036	0.00690	0.00777	0.00777	0.00777	0.00690	0.00431	0.01036	0.01036	0.01381	0.02244	0.04660	0.02589	0.74975	0.03624	0.00690	0.00690	0.01036	0.00431	0.00431
95	0.02628	0.02649	0.02002	0.01705	0.02152	0.38994	0.01329	0.24559	0.08254	0.06599	0.01552	0.01606	0.01170	0.00802	0.00677	0.00200	0.01019	0.00563	0.00540	0.01000
96	0.01477	0.01266	0.01477	0.01055	0.01687	0.00949	0.00844	0.01793	0.01477	0.02320	0.01266	0.01477	0.01055	0.00527	0.00527	0.00105	0.00527	0.00422	0.00422	0.79328
97	0.01660	0.01588	0.02706	0.21203	0.54498	0.01665	0.02135	0.02096	0.01573	0.02202	0.01321	0.01796	0.01084	0.00653	0.00707	0.00218	0.00871	0.00634	0.00344	0.01046
98	0.01036	0.00690	0.00777	0.00777	0.00777	0.00690	0.00431	0.01036	0.01036	0.01381	0.02244	0.04660	0.02589	0.74975	0.03624	0.00690	0.00690	0.01036	0.00431	0.00431
99	0.00937	0.00725	0.00853	0.00821	0.01020	0.00642	0.00616	0.01206	0.01847	0.02456	0.43175	0.05976	0.33950	0.01605	0.00841	0.00231	0.00347	0.01380	0.00731	0.00642
100	0.03195	0.01212	0.01652	0.01267	0.01818	0.01047	0.01047	0.03470	0.02038	0.71026	0.02809	0.02424	0.01763	0.00881	0.00716	0.00220	0.00606	0.00716	0.00881	0.01212
101	0.00913	0.00692	0.01013	0.01103	0.01182	0.00646	0.04392	0.01063	0.01381	0.01843	0.03787	0.70485	0.04508	0.02140	0.00905	0.00286	0.00457	0.01959	0.00644	0.00600
102	0.01036	0.00690	0.00777	0.00777	0.00777	0.00690	0.00431	0.01036	0.01036	0.01381	0.02244	0.04660	0.02589	0.74975	0.03624	0.00690	0.00690	0.01036	0.00431	0.00431
103	0.01720	0.01485	0.01561	0.01409	0.01802	0.01706	0.01095	0.03631	0.65497	0.02920	0.03137	0.02889	0.05948	0.01012	0.00731	0.00241	0.00552	0.00844	0.00721	0.01098
104	0.00934	0.00671	0.00886	0.00946	0.01047	0.00623	0.00666	0.01158	0.01672	0.02308	0.35231	0.41806	0.05659	0.01864	0.00876	0.00258	0.00377	0.01676	0.00719	0.00623
105	0.00868	0.00620	0.00826	0.00991	0.01033	0.00578	0.00661	0.00991	0.01363	0.01818	0.03925	0.74510	0.04710	0.02231	0.00909	0.00289	0.00413	0.02024	0.00661	0.00578
106	0.00868	0.00620	0.00826	0.00991	0.01033	0.00578	0.00661	0.00991	0.01363	0.01818	0.03925	0.74510	0.04710	0.02231	0.00909	0.00289	0.00413	0.02024	0.00661	0.00578
107	0.01036	0.00690	0.00777	0.00777	0.00777	0.00690	0.00431	0.01036	0.01036	0.01381	0.02244	0.04660	0.02589	0.74975	0.03624	0.00690	0.00690	0.01036	0.00431	0.00431
108	0.00868	0.00620	0.00826	0.00991	0.01033	0.00578	0.00661	0.00991	0.01363	0.01818	0.03925	0.74510	0.04710	0.02231	0.00909	0.00289	0.00413	0.02024	0.00661	0.00578
109	0.01762	0.01692	0.02890	0.04371	0.70533	0.01692	0.02185	0.02185	0.01621	0.02326	0.01339	0.01762	0.01128	0.00634	0.00705	0.00211	0.00846	0.00634	0.00352	0.01128
110	0.02772	0.01889	0.02072	0.01588	0.02156	0.02052	0.01312	0.59472	0.03172	0.13423	0.01857	0.01805	0.01285	0.00858	0.00713	0.00215	0.00760	0.00651	0.00735	0.01211
111	0.01036	0.00690	0.00777	0.00777	0.00777	0.00690	0.00431	0.01036	0.01036	0.01381	0.02244	0.04660	0.02589	0.74975	0.03624	0.00690	0.00690	0.01036	0.00431	0.00431
112	0.01558	0.01558	0.02181	0.01869	0.01869	0.02181	0.01558	0.01714	0.01091	0.01714	0.00935	0.01558	0.00935	0.01246	0.02337	0.00312	0.73672	0.00623	0.00312	0.00779
113	0.01237	0.00618	0.00928	0.00928	0.00928	0.00618	0.00618	0.00928	0.00928	0.01237	0.01237	0.02165	0.01237	0.02474	0.02783	0.79283	0.00618	0.00618	0.00309	0.00309
114	0.00868	0.00620	0.00826	0.00991	0.01033	0.00578	0.00661	0.00991	0.01363	0.01818	0.03925	0.74510	0.04710	0.02231	0.00909	0.00289	0.00413	0.02024	0.00661	0.00578
115	0.03038	0.01177	0.01602	0.01240	0.01764	0.01020	0.01020	0.03318	0.02036	0.66131	0.07645	0.02632	0.02119	0.00923	0.00725	0.00221	0.00587	0.00757	0.00874	0.01173
116	0.01428	0.03683	0.71286	0.02030	0.03082	0.01654	0.02631	0.02255	0.01503	0.02255	0.01278	0.01503	0.00902	0.00677	0.00677	0.00226	0.01052	0.00526	0.00301	0.01052
117	0.01789	0.58080	0.20049	0.01414	0.02131	0.02536	0.01560	0.02162	0.01460	0.01815	0.01059	0.01229	0.00911	0.00625	0.00510	0.00170	0.00832	0.00416	0.00304	0.00947
118	0.01345	0.01266	0.02136	0.73264	0.04904	0.01582	0.01978	0.01819	0.01424	0.01819	0.01266	0.01898	0.00949	0.00712	0.00712	0.00237	0.00949	0.00633	0.00316	0.00791
119	0.01008	0.00728	0.00952	0.00896	0.01064	0.00672	0.00672	0.01344	0.02016	0.02855	0.70158	0.05319	0.06719	0.01456	0.00840	0.00224	0.00336	0.01288	0.00784	0.00672
120	0.01904	0.75404	0.03731	0.01218	0.01828	0.02818	0.01218	0.02132	0.01447	0.01675	0.00990	0.01142	0.00914	0.00609	0.00457	0.00152	0.00761	0.00381	0.00305	0.00914
121	0.01024	0.00735	0.01005	0.01005	0.01084	0.00814	0.00716	0.01182	0.01103	0.01550	0.02035	0.03504	0.02087	0.31768	0.46146	0.00972	0.01445	0.00866	0.00400	0.00558
122	0.01125	0.00804	0.01120	0.01273	0.01430	0.00799	0.01097	0.01443	0.01645	0.02153	0.07275	0.11377	0.04268	0.01954	0.00972	0.00320	0.00626	0.59003	0.00663	0.00652
123	0.01399	0.03522	0.67575	0.01975	0.02974	0.01597	0.02527	0.02188	0.01496	0.02232	0.01417	0.05349	0.01103	0.00758	0.00689	0.00229	0.01019	0.00605	0.00320	0.01027
124	0.01367	0.01288	0.02175	0.69635	0.08361	0.01588	0.01988	0.01839	0.01434	0.01846	0.01270	0.01891	0.00959	0.00708	0.00712	0.00236	0.00944	0.00633	0.00318	0.00809
125	0.02609	0.01927	0.02062	0.01590	0.02143	0.02124	0.01311	0.64623	0.03257	0.04353	0.01999	0.01980	0.04847	0.00905	0.00719	0.00215	0.00761	0.00686	0.00710	0.01179
126	0.01539	0.01378	0.01505	0.01096	0.01715	0.04698	0.00872	0.01848	0.01505	0.02290	0.01257	0.01466	0.01047	0.00538	0.00533	0.00110	0.00567	0.00424	0.00419	0.75193
127	0.01034	0.00768	0.00956	0.00903	0.01081	0.00724	0.00671	0.01426	0.05469	0.02699	0.57238	0.05286	0.12130	0.05319	0.00980	0.00251	0.00369	0.01269	0.00751	0.00677

[dist]
# distance from previous block
# <min> <max>
0	10

[block]
# block no. 1 follows, 29 sequences, length 158
# corresponding to MSA columns:
# 207-289,291-365
name=unknown_B
#
# <colnr> <probs for GDERKNQSTAVLIFYWHMCP>
#	G	D	E	R	K	N	Q	S	T	A	V	L	I	F	Y	W	H	M	C	P
0	0.14027	0.01660	0.01716	0.01417	0.01896	0.01857	0.01144	0.30539	0.25988	0.06348	0.02264	0.02176	0.04047	0.00900	0.00680	0.00226	0.00649	0.00695	0.00680	0.01093
1	0.00868	0.00620	0.00826	0.00991	0.01033	0.00578	0.00661	0.00991	0.01363	0.01818	0.03925	0.74510	0.04710	0.02231	0.00909	0.00289	0.00413	0.02024	0.00661	0.00578
2	0.00883	0.00630	0.00843	0.01009	0.01057	0.00591	0.00687	0.01017	0.01378	0.01835	0.03916	0.70946	0.04677	0.02217	0.00913	0.00291	0.00426	0.05441	0.00661	0.00583
3	0.09155	0.01235	0.01414	0.01231	0.01599	0.01286	0.00969	0.08828	0.19056	0.20863	0.07420	0.07560	0.02495	0.08088	0.01007	0.00281	0.00587	0.05258	0.00707	0.00961
4	0.00969	0.00678	0.00863	0.00930	0.01045	0.00632	0.00670	0.01196	0.01619	0.02252	0.25132	0.36859	0.09943	0.01808	0.00849	0.00256	0.00392	0.05421	0.07866	0.00622
5	0.00868	0.00620	0.00826	0.00991	0.01033	0.00578	0.00661	0.00991	0.01363	0.01818	0.03925	0.74510	0.04710	0.02231	0.00909	0.00289	0.00413	0.02024	0.00661	0.00578
6	0.43110	0.01239	0.01168	0.01021	0.01380	0.01358	0.00795	0.08215	0.01483	0.11160	0.01649	0.04586	0.01446	0.15032	0.03417	0.00341	0.00645	0.00642	0.00524	0.00791
7	0.01914	0.01237	0.01467	0.01249	0.01583	0.01302	0.00992	0.17507	0.06917	0.16346	0.09172	0.12030	0.12703	0.01270	0.00911	0.00238	0.07341	0.01025	0.03870	0.00925
8	0.01176	0.00776	0.00943	0.00970	0.01134	0.00722	0.00689	0.03351	0.03589	0.08401	0.06676	0.40740	0.19693	0.06410	0.01030	0.00290	0.00449	0.01614	0.00675	0.00672
9	0.02128	0.54038	0.03223	0.01401	0.01938	0.23379	0.01265	0.02343	0.01616	0.01695	0.01023	0.01184	0.00915	0.00646	0.00512	0.00162	0.00917	0.00404	0.00323	0.00888
10	0.00977	0.00805	0.03558	0.01089	0.01204	0.00761	0.00831	0.01178	0.01274	0.01753	0.02907	0.34460	0.03237	0.09593	0.28178	0.00648	0.01043	0.05370	0.00522	0.00610
11	0.01453	0.01245	0.05752	0.01314	0.01607	0.01208	0.03000	0.04699	0.14916	0.07042	0.08741	0.08686	0.06608	0.07560	0.13579	0.00442	0.05634	0.05110	0.00581	0.00823
12	0.01020	0.00711	0.00913	0.01018	0.01084	0.00698	0.00736	0.01165	0.01334	0.01761	0.03262	0.27368	0.03737	0.28644	0.01922	0.00448	0.00593	0.22460	0.00576	0.00550
13	0.00887	0.00701	0.00782	0.00804	0.00979	0.00614	0.00577	0.01069	0.01597	0.02016	0.16398	0.19153	0.43015	0.06898	0.01047	0.00278	0.00389	0.01534	0.00665	0.00596
14	0.01761	0.04305	0.12372	0.01771	0.02188	0.08072	0.07846	0.11326	0.01785	0.04360	0.02019	0.03160	0.03755	0.01141	0.01118	0.00260	0.16582	0.14815	0.00478	0.00887
15	0.01289	0.01166	0.01664	0.01511	0.01569	0.01541	0.01224	0.01488	0.01125	0.01690	0.01486	0.04926	0.01459	0.03119	0.33561	0.00684	0.38695	0.00740	0.00356	0.00707
16	0.03195	0.01212	0.01652	0.01267	0.01818	0.01047	0.01047	0.03470	0.02038	0.71026	0.02809	0.02424	0.01763	0.00881	0.00716	0.00220	0.00606	0.00716	0.00881	0.01212
17	0.01017	0.00763	0.01144	0.01144	0.01272	0.00890	0.00890	0.01272	0.01144	0.01653	0.01907	0.02797	0.01780	0.05340	0.72153	0.01144	0.01907	0.00763	0.00381	0.00636
18	0.01958	0.02207	0.02575	0.02068	0.02512	0.26330	0.23951	0.05542	0.06502	0.02179	0.03715	0.08092	0.01610	0.01067	0.03737	0.00262	0.03575	0.00799	0.00442	0.00876
19	0.02401	0.01787	0.01913	0.01509	0.02000	0.01972	0.01219	0.53666	0.09175	0.03972	0.02057	0.02247	0.03785	0.07788	0.00989	0.00261	0.00740	0.00722	0.00686	0.01110
20	0.01819	0.01519	0.01612	0.01443	0.01850	0.01747	0.01124	0.03773	0.67007	0.05246	0.02895	0.02649	0.02160	0.00963	0.00724	0.00241	0.00565	0.00802	0.00730	0.01130
21	0.01275	0.00824	0.01016	0.01012	0.01216	0.00777	0.00749	0.01647	0.07928	0.10898	0.15172	0.31638	0.17269	0.01722	0.00846	0.00257	0.00438	0.03869	0.00715	0.00732
22	0.02151	0.01492	0.03659	0.01361	0.01817	0.01513	0.01118	0.19266	0.23847	0.17969	0.10882	0.02926	0.06745	0.01024	0.00740	0.00227	0.00602	0.00840	0.00746	0.01076
23	0.05879	0.01595	0.02650	0.17118	0.54506	0.01666	0.02071	0.02112	0.01562	0.02278	0.01307	0.01755	0.01075	0.00650	0.00692	0.00217	0.00849	0.00621	0.00350	0.01046
24	0.80005	0.01377	0.01047	0.00936	0.01377	0.01597	0.00771	0.02093	0.01212	0.03195	0.00991	0.01157	0.00771	0.00661	0.00441	0.00220	0.00551	0.00386	0.00441	0.00771
25	0.02358	0.01220	0.01551	0.01160	0.01735	0.00991	0.00944	0.02654	0.01788	0.38221	0.04349	0.02098	0.01612	0.00743	0.00636	0.00169	0.00562	0.00604	0.00674	0.35931
26	0.02421	0.01852	0.01976	0.01580	0.02099	0.02075	0.01284	0.48480	0.23493	0.04026	0.02073	0.01999	0.01505	0.00889	0.00716	0.00222	0.00716	0.00691	0.00716	0.01185
27	0.01125	0.00754	0.00989	0.00916	0.01104	0.00692	0.00692	0.01458	0.02017	0.06511	0.66547	0.05164	0.06453	0.01425	0.00833	0.00224	0.00350	0.01257	0.00789	0.00701
28	0.01681	0.01921	0.04202	0.03001	0.03721	0.01801	0.67947	0.02281	0.01681	0.02281	0.01441	0.01921	0.01080	0.00600	0.00840	0.00240	0.01200	0.00840	0.00360	0.00960
29	0.00873	0.00630	0.00827	0.00972	0.01030	0.00584	0.00655	0.01010	0.01409	0.01873	0.07277	0.67565	0.08320	0.02171	0.00902	0.00283	0.00407	0.01961	0.00667	0.00584
30	0.01008	0.00728	0.00952	0.00896	0.01064	0.00672	0.00672	0.01344	0.02016	0.02855	0.70158	0.05319	0.06719	0.01456	0.00840	0.00224	0.00336	0.01288	0.00784	0.00672
31	0.01036	0.00690	0.00777	0.00777	0.00777	0.00690	0.00431	0.01036	0.01036	0.01381	0.02244	0.04660	0.02589	0.74975	0.03624	0.00690	0.00690	0.01036	0.00431	0.00431
32	0.80005	0.01377	0.01047	0.00936	0.01377	0.01597	0.00771	0.02093	0.01212	0.03195	0.00991	0.01157	0.00771	0.00661	0.00441	0.00220	0.00551	0.00386	0.00441	0.00771
33	0.01036	0.00690	0.00777	0.00777	0.00777	0.00690	0.00431	0.01036	0.01036	0.01381	0.02244	0.04660	0.02589	0.74975	0.03624	0.00690	0.00690	0.01036	0.00431	0.00431
34	0.01428	0.03683	0.71286	0.02030	0.03082	0.01654	0.02631	0.02255	0.01503	0.02255	0.01278	0.01503	0.00902	0.00677	0.00677	0.00226	0.01052	0.00526	0.00301	0.01052
35	0.01017	0.00763	0.01144	0.01144	0.01272	0.00890	0.00890	0.01272	0.01144	0.01653	0.01907	0.02797	0.01780	0.05340	0.72153	0.01144	0.01907	0.00763	0.00381	0.00636
36	0.03040	0.01264	0.01670	0.01304	0.01836	0.01142	0.01081	0.09377	0.02138	0.61147	0.02759	0.02658	0.01837	0.00937	0.00730	0.00225	0.00625	0.04196	0.00854	0.01182
37	0.00843	0.00714	0.00729	0.00740	0.00967	0.00600	0.00549	0.01020	0.01605	0.01916	0.06986	0.11541	0.65703	0.01833	0.00846	0.00244	0.00364	0.01539	0.00661	0.00600
38	0.00868	0.00620	0.00826	0.00991	0.01033	0.00578	0.00661	0.00991	0.01363	0.01818	0.03925	0.74510	0.04710	0.02231	0.00909	0.00289	0.00413	0.02024	0.00661	0.00578
39	0.01094	0.00720	0.00941	0.01043	0.01176	0.00668	0.00778	0.01281	0.01509	0.06915	0.04270	0.45338	0.13519	0.02016	0.00902	0.00286	0.00473	0.15751	0.00676	0.00644
40	0.01661	0.01415	0.01505	0.01377	0.01740	0.01616	0.01068	0.03404	0.59307	0.02809	0.03108	0.03230	0.05360	0.04607	0.00883	0.00268	0.00565	0.04329	0.00704	0.01045
41	0.01024	0.00756	0.00975	0.00998	0.01177	0.00707	0.00801	0.01331	0.01830	0.02468	0.38428	0.06440	0.16640	0.01677	0.00886	0.00260	0.00442	0.21785	0.00722	0.00655
42	0.01059	0.00749	0.00928	0.00881	0.01083	0.00674	0.00671	0.01352	0.01900	0.05380	0.48518	0.05701	0.23004	0.01542	0.00841	0.00232	0.00365	0.03695	0.00751	0.00675
43	0.01581	0.00827	0.01048	0.00989	0.01214	0.00741	0.00719	0.01747	0.01579	0.22247	0.06046	0.28278	0.15110	0.12982	0.01258	0.00320	0.00501	0.01369	0.00695	0.00750
44	0.02669	0.03131	0.02040	0.01798	0.02203	0.58994	0.01372	0.15103	0.02268	0.02258	0.01215	0.01364	0.00972	0.00756	0.00655	0.00189	0.01190	0.00493	0.00432	0.00898
45	0.01169	0.00996	0.01040	0.00981	0.01271	0.01003	0.00749	0.01982	0.24578	0.02349	0.10357	0.05318	0.42518	0.01494	0.00802	0.00240	0.00428	0.01251	0.00692	0.00785
46	0.02516	0.01368	0.01570	0.01308	0.01752	0.06079	0.01053	0.07688	0.10745	0.39479	0.05935	0.06417	0.04862	0.01071	0.00747	0.00231	0.00632	0.04708	0.00776	0.01063
47	0.00874	0.00723	0.00767	0.00756	0.00982	0.00615	0.00567	0.01085	0.01700	0.02107	0.19631	0.06550	0.57712	0.01735	0.00841	0.00237	0.00356	0.01460	0.00685	0.00615
48	0.01762	0.01692	0.02890	0.04371	0.70533	0.01692	0.02185	0.02185	0.01621	0.02326	0.01339	0.01762	0.01128	0.00634	0.00705	0.00211	0.00846	0.00634	0.00352	0.01128
49	0.01017	0.00763	0.01144	0.01144	0.01272	0.00890	0.00890	0.01272	0.01144	0.01653	0.01907	0.02797	0.01780	0.05340	0.72153	0.01144	0.01907	0.00763	0.00381	0.00636
50	0.01264	0.00853	0.01028	0.00979	0.01220	0.00801	0.00764	0.01672	0.07426	0.09380	0.26713	0.05611	0.24623	0.04510	0.00951	0.00263	0.00448	0.10043	0.00720	0.00732
51	0.00883	0.00626	0.00822	0.00972	0.01009	0.00589	0.00640	0.00996	0.01333	0.01778	0.03771	0.68115	0.04515	0.08892	0.01158	0.00326	0.00439	0.01934	0.00640	0.00565
52	0.01536	0.01525	0.02139	0.01840	0.01845	0.02128	0.01530	0.01696	0.01093	0.01711	0.00975	0.01609	0.00969	0.01414	0.05199	0.00346	0.70730	0.00629	0.00314	0.00773
53	0.02405	0.01436	0.01670	0.01395	0.01866	0.01510	0.01121	0.10572	0.34063	0.29450	0.02761	0.02625	0.01968	0.00951	0.00728	0.00233	0.00607	0.02704	0.00782	0.01155
54	0.01746	0.00947	0.01144	0.00997	0.01339	0.00849	0.00781	0.02113	0.06748	0.25961	0.14240	0.07110	0.30367	0.01389	0.00792	0.00233	0.00458	0.01168	0.00759	0.00859
55	0.01743	0.51089	0.26634	0.01493	0.02253	0.02423	0.01697	0.02174	0.01466	0.01872	0.01088	0.01265	0.00910	0.00632	0.00531	0.00177	0.00860	0.00430	0.00303	0.00961
56	0.01120	0.00837	0.01129	0.01175	0.01321	0.00821	0.03291	0.07375	0.01621	0.02146	0.03725	0.49981	0.06663	0.01977	0.00899	0.00286	0.00520	0.13792	0.00654	0.00667
57	0.01726	0.01898	0.02708	0.33024	0.03794	0.15496	0.21386	0.02225	0.04102	0.01980	0.01333	0.01800	0.01026	0.00713	0.00799	0.00231	0.03879	0.00666	0.00354	0.00860
58	0.02244	0.01800	0.01917	0.09276	0.02313	0.06848	0.01312	0.38057	0.15191	0.03421	0.01798	0.01920	0.01345	0.01002	0.00902	0.07570	0.00780	0.00656	0.00610	0.01039
59	0.01639	0.35433	0.41380	0.01670	0.02527	0.02169	0.02006	0.02201	0.01478	0.01998	0.01150	0.01344	0.00907	0.00647	0.00579	0.00193	0.00924	0.00462	0.00302	0.00991
60	0.02177	0.02096	0.01720	0.01547	0.01931	0.26431	0.01201	0.05050	0.30529	0.08849	0.04346	0.02585	0.01940	0.00959	0.00716	0.00224	0.00828	0.05278	0.00610	0.00984
61	0.01477	0.01266	0.01477	0.01055	0.01687	0.00949	0.00844	0.01793	0.01477	0.02320	0.01266	0.01477	0.01055	0.00527	0.00527	0.00105	0.00527	0.00422	0.00422	0.79328
62	0.01237	0.00618	0.00928	0.00928	0.00928	0.00618	0.00618	0.00928	0.00928	0.01237	0.01237	0.02165	0.01237	0.02474	0.02783	0.79283	0.00618	0.00618	0.00309	0.00309
63	0.01589	0.27973	0.48407	0.01755	0.02657	0.02048	0.02153	0.02213	0.01484	0.02059	0.01180	0.01381	0.00906	0.00654	0.00602	0.00201	0.00954	0.00477	0.00302	0.01005
64	0.02624	0.03137	0.02040	0.01810	0.02189	0.60106	0.01380	0.11502	0.02159	0.02107	0.01175	0.01351	0.00957	0.00770	0.00717	0.00192	0.04009	0.00489	0.00411	0.00875
65	0.01762	0.01692	0.02890	0.04371	0.70533	0.01692	0.02185	0.02185	0.01621	0.02326	0.01339	0.01762	0.01128	0.00634	0.00705	0.00211	0.00846	0.00634	0.00352	0.01128
66	0.02679	0.01239	0.01604	0.01218	0.01784	0.01050	0.00996	0.03036	0.04594	0.49966	0.02401	0.02180	0.01590	0.00790	0.00666	0.00191	0.00583	0.00641	0.00752	0.22039
67	0.01211	0.00773	0.01017	0.00930	0.01134	0.00707	0.00707	0.01541	0.02018	0.09193	0.63897	0.05050	0.06258	0.01402	0.00828	0.00224	0.00361	0.01235	0.00793	0.00722
68	0.01026	0.00691	0.00795	0.00796	0.00814	0.00684	0.00463	0.01062	0.01140	0.01535	0.08625	0.07550	0.03059	0.65194	0.03255	0.00631	0.00646	0.01099	0.00474	0.00460
69	0.00868	0.00620	0.00826	0.00991	0.01033	0.00578	0.00661	0.00991	0.01363	0.01818	0.03925	0.74510	0.04710	0.02231	0.00909	0.00289	0.00413	0.02024	0.00661	0.00578
70	0.00868	0.00620	0.00826	0.00991	0.01033	0.00578	0.00661	0.00991	0.01363	0.01818	0.03925	0.74510	0.04710	0.02231	0.00909	0.00289	0.00413	0.02024	0.00661	0.00578
71	0.01017	0.00763	0.01144	0.01144	0.01272	0.00890	0.00890	0.01272	0.01144	0.01653	0.01907	0.02797	0.01780	0.05340	0.72153	0.01144	0.01907	0.00763	0.00381	0.00636
72	0.01771	0.01530	0.01610	0.01449	0.01852	0.01771	0.01127	0.03784	0.69247	0.02979	0.02898	0.02657	0.02174	0.00966	0.00725	0.00242	0.00564	0.00805	0.00725	0.01127
73	0.01444	0.05996	0.69107	0.02003	0.03041	0.01691	0.02585	0.02251	0.01502	0.02236	0.01269	0.01492	0.00902	0.00674	0.00669	0.00223	0.01043	0.00521	0.00301	0.01048
74	0.00881	0.00630	0.00838	0.00983	0.01036	0.00587	0.00662	0.01025	0.01425	0.01915	0.10142	0.68015	0.04898	0.02158	0.00902	0.00283	0.00406	0.01955	0.00673	0.00587
75	0.01031	0.00745	0.00858	0.00818	0.01029	0.00656	0.00608	0.01264	0.01754	0.05558	0.30816	0.05903	0.38004	0.06582	0.01023	0.00264	0.00385	0.01351	0.00703	0.00646
76	0.00930	0.00748	0.00844	0.00887	0.01104	0.00663	0.00710	0.01155	0.01640	0.02009	0.08217	0.07126	0.50343	0.01837	0.00880	0.00264	0.00440	0.18925	0.00664	0.00618
77	0.72815	0.01565	0.01137	0.01020	0.01454	0.08153	0.00827	0.02163	0.01287	0.03060	0.01002	0.01169	0.00785	0.00668	0.00459	0.00217	0.00619	0.00392	0.00434	0.00776
78	0.00958	0.00668	0.00830	0.00923	0.00965	0.00645	0.00606	0.01051	0.01264	0.01672	0.03348	0.38501	0.06042	0.31454	0.02005	0.00452	0.00543	0.06979	0.00568	0.00527
79	0.00892	0.00711	0.00790	0.00843	0.01006	0.00637	0.00596	0.01103	0.03736	0.01892	0.05656	0.30220	0.41485	0.05848	0.01010	0.00282	0.00403	0.01637	0.00651	0.00601
80	0.01682	0.01610	0.02746	0.17569	0.57960	0.01671	0.02146	0.02115	0.01584	0.02229	0.01325	0.01788	0.01094	0.00649	0.00706	0.00216	0.00866	0.00634	0.00346	0.01063
81	0.01008	0.00728	0.00952	0.00896	0.01064	0.00672	0.00672	0.01344	0.02016	0.02855	0.70158	0.05319	0.06719	0.01456	0.00840	0.00224	0.00336	0.01288	0.00784	0.00672
82	0.01016	0.00757	0.00865	0.00856	0.01055	0.00683	0.00633	0.01282	0.03829	0.04369	0.21371	0.12375	0.36881	0.07153	0.01052	0.00277	0.00409	0.03812	0.00683	0.00642
83	0.00868	0.00620	0.00826	0.00991	0.01033	0.00578	0.00661	0.00991	0.01363	0.01818	0.03925	0.74510	0.04710	0.02231	0.00909	0.00289	0.00413	0.02024	0.00661	0.00578
84	0.01017	0.00763	0.01144	0.01144	0.01272	0.00890	0.00890	0.01272	0.01144	0.01653	0.01907	0.02797	0.01780	0.05340	0.72153	0.01144	0.01907	0.00763	0.00381	0.00636
85	0.00947	0.00711	0.00877	0.00867	0.01034	0.00641	0.00638	0.01214	0.01825	0.02477	0.45159	0.15727	0.21965	0.01653	0.00850	0.00237	0.00353	0.01447	0.00736	0.00641
86	0.09224	0.01052	0.01268	0.01127	0.01467	0.01024	0.00878	0.02422	0.10545	0.27566	0.09384	0.16528	0.06856	0.03821	0.00857	0.00258	0.00525	0.03557	0.00733	0.00908
87	0.01036	0.00690	0.00777	0.00777	0.00777	0.00690	0.00431	0.01036	0.01036	0.01381	0.02244	0.04660	0.02589	0.74975	0.03624	0.00690	0.00690	0.01036	0.00431	0.00431
88	0.01000	0.00722	0.00945	0.00901	0.01062	0.00667	0.00671	0.01325	0.01981	0.02800	0.66606	0.09029	0.06611	0.01497	0.00844	0.00227	0.00340	0.01327	0.00777	0.00667
89	0.07756	0.01075	0.01213	0.01070	0.01388	0.01080	0.00822	0.06934	0.12242	0.15636	0.14087	0.08079	0.15692	0.08504	0.01036	0.00278	0.00516	0.01046	0.00696	0.00850
90	0.00960	0.00714	0.00810	0.00835	0.01026	0.00619	0.00607	0.01143	0.01604	0.04780	0.11972	0.25343	0.43343	0.01853	0.00855	0.00252	0.00383	0.01596	0.00681	0.00626
91	0.01147	0.00820	0.01147	0.01311	0.01475	0.00820	0.01147	0.01475	0.01639	0.02131	0.03770	0.08032	0.04098	0.01967	0.00984	0.00328	0.00656	0.65741	0.00656	0.00656
92	0.01402	0.00821	0.01060	0.00958	0.01207	0.00738	0.00743	0.01705	0.01954	0.15501	0.46719	0.05079	0.14089	0.01413	0.00822	0.00229	0.00402	0.03612	0.00781	0.00763
93	0.01584	0.01510	0.02569	0.33742	0.42553	0.01645	0.02097	0.02029	0.01537	0.02110	0.01308	0.01820	0.01052	0.00667	0.00708	0.00222	0.00890	0.00634	0.00337	0.00984
94	0.00868	0.00695	0.00760	0.00798	0.00971	0.00605	0.00568	0.01029	0.01536	0.01899	0.08654	0.23172	0.47045	0.06850	0.01046	0.00282	0.00395	0.01590	0.00651	0.00587
95	0.01021	0.00747	0.01064	0.01064	0.01163	0.00846	0.00789	0.01220	0.01121	0.01593	0.01981	0.03206	0.01958	0.20613	0.57123	0.01045	0.01640	0.00823	0.00392	0.00591
96	0.02038	0.01470	0.01618	0.01415	0.01845	0.01635	0.01112	0.03725	0.56631	0.15752	0.02881	0.02613	0.02097	0.00950	0.00723	0.00238	0.00571	0.00788	0.00754	0.01143
97	0.00868	0.00620	0.00826	0.00991	0.01033	0.00578	0.00661	0.00991	0.01363	0.01818	0.03925	0.74510	0.04710	0.02231	0.00909	0.00289	0.00413	0.02024	0.00661	0.00578
98	0.01477	0.01266	0.01477	0.01055	0.01687	0.00949	0.00844	0.01793	0.01477	0.02320	0.01266	0.01477	0.01055	0.00527	0.00527	0.00105	0.00527	0.00422	0.00422	0.79328
99	0.00929	0.00664	0.00897	0.01062	0.01130	0.00632	0.00768	0.01098	0.01424	0.01887	0.03891	0.59835	0.04575	0.02173	0.00925	0.00298	0.00467	0.16090	0.00660	0.00595
100	0.01036	0.00690	0.00777	0.00777	0.00777	0.00690	0.00431	0.01036	0.01036	0.01381	0.02244	0.04660	0.02589	0.74975	0.03624	0.00690	0.00690	0.01036	0.00431	0.00431
101	0.02660	0.01089	0.01477	0.01182	0.01634	0.00951	0.00956	0.02938	0.01998	0.54520	0.15511	0.06832	0.02851	0.01061	0.00750	0.00225	0.00545	0.00894	0.00851	0.01077
102	0.01008	0.00681	0.00792	0.00815	0.00828	0.00672	0.00477	0.01041	0.01127	0.01509	0.05258	0.15643	0.03089	0.60587	0.03086	0.00609	0.00633	0.01201	0.00482	0.00464
103	0.01345	0.01266	0.02136	0.73264	0.04904	0.01582	0.01978	0.01819	0.01424	0.01819	0.01266	0.01898	0.00949	0.00712	0.00712	0.00237	0.00949	0.00633	0.00316	0.00791
104	0.01530	0.01264	0.01482	0.01061	0.01692	0.00952	0.00850	0.01846	0.01494	0.04475	0.01314	0.01506	0.01077	0.00538	0.00533	0.00109	0.00530	0.00431	0.00436	0.76879
105	0.01147	0.00820	0.01147	0.01311	0.01475	0.00820	0.01147	0.01475	0.01639	0.02131	0.03770	0.08032	0.04098	0.01967	0.00984	0.00328	0.00656	0.65741	0.00656	0.00656
106	0.01021	0.00749	0.01075	0.01075	0.01179	0.00853	0.00804	0.01227	0.01124	0.01602	0.01970	0.03147	0.01932	0.18411	0.59290	0.01059	0.01679	0.00814	0.00391	0.00597
107	0.01059	0.01021	0.07596	0.01158	0.01347	0.00924	0.00966	0.01319	0.01157	0.01658	0.01912	0.03027	0.01850	0.17978	0.52645	0.00974	0.01599	0.00792	0.00383	0.00636
108	0.01771	0.01530	0.01610	0.01449	0.01852	0.01771	0.01127	0.03784	0.69247	0.02979	0.02898	0.02657	0.02174	0.00966	0.00725	0.00242	0.00564	0.00805	0.00725	0.01127
109	0.00994	0.00757	0.00941	0.01033	0.01214	0.00704	0.00843	0.01244	0.01619	0.02046	0.07688	0.14220	0.30042	0.01910	0.00915	0.00286	0.00504	0.31747	0.00663	0.00627
110	0.01345	0.01266	0.02136	0.73264	0.04904	0.01582	0.01978	0.01819	0.01424	0.01819	0.01266	0.01898	0.00949	0.00712	0.00712	0.00237	0.00949	0.00633	0.00316	0.00791
111	0.02539	0.12006	0.02244	0.01771	0.04863	0.42044	0.01350	0.12386	0.04849	0.07434	0.01387	0.01489	0.01083	0.00752	0.00640	0.00190	0.01047	0.00516	0.00462	0.00947
112	0.01036	0.00690	0.00777	0.00777	0.00777	0.00690	0.00431	0.01036	0.01036	0.01381	0.02244	0.04660	0.02589	0.74975	0.03624	0.00690	0.00690	0.01036	0.00431	0.00431
