[name]
unknown

[dist]
# distance from previous block
# <min> <max>
0	247

[block]
# block no. 0 follows, 31 sequences, length 28
# corresponding to MSA columns:
# 247-274
name=unknown_A
#
# <colnr> <probs for GDERKNQSTAVLIFYWHMCP>
#	G	D	E	R	K	N	Q	S	T	A	V	L	I	F	Y	W	H	M	C	P
0	0.01102	0.00787	0.01102	0.01260	0.01417	0.00787	0.01102	0.01417	0.01575	0.02047	0.03622	0.07717	0.03937	0.01890	0.00945	0.00315	0.00630	0.67084	0.00630	0.00630
1	0.80789	0.01323	0.01006	0.00900	0.01323	0.01535	0.00741	0.02011	0.01164	0.03070	0.00953	0.01111	0.00741	0.00635	0.00423	0.00212	0.00529	0.00370	0.00423	0.00741
2	0.00832	0.00600	0.00789	0.00939	0.00989	0.00557	0.00629	0.00954	0.01323	0.01752	0.03935	0.71922	0.08006	0.02122	0.00870	0.00275	0.00394	0.01919	0.00635	0.00557
3	0.01275	0.00638	0.00638	0.00638	0.00797	0.00638	0.00478	0.01594	0.01435	0.02551	0.02232	0.02551	0.01754	0.00797	0.00478	0.00159	0.00319	0.00638	0.79755	0.00638
4	0.01693	0.01626	0.02777	0.04199	0.71689	0.01626	0.02100	0.02100	0.01558	0.02235	0.01287	0.01693	0.01084	0.00610	0.00677	0.00203	0.00813	0.00610	0.00339	0.01084
5	0.01275	0.00638	0.00638	0.00638	0.00797	0.00638	0.00478	0.01594	0.01435	0.02551	0.02232	0.02551	0.01754	0.00797	0.00478	0.00159	0.00319	0.00638	0.79755	0.00638
6	0.01419	0.01216	0.01419	0.01013	0.01621	0.00912	0.00811	0.01723	0.01419	0.02229	0.01216	0.01419	0.01013	0.00507	0.00507	0.00101	0.00507	0.00405	0.00405	0.80139
7	0.01693	0.01626	0.02777	0.04199	0.71689	0.01626	0.02100	0.02100	0.01558	0.02235	0.01287	0.01693	0.01084	0.00610	0.00677	0.00203	0.00813	0.00610	0.00339	0.01084
8	0.01328	0.01252	0.02116	0.68107	0.10640	0.01529	0.01918	0.01779	0.01385	0.01791	0.01222	0.01812	0.00927	0.00677	0.00683	0.00226	0.00903	0.00608	0.00307	0.00789
9	0.01449	0.01358	0.02311	0.30707	0.19654	0.01463	0.11545	0.06161	0.01592	0.02133	0.04172	0.08157	0.04605	0.00851	0.00726	0.00225	0.00826	0.00807	0.00400	0.00858
10	0.00968	0.00699	0.00914	0.00861	0.01022	0.00646	0.00646	0.01291	0.01937	0.02743	0.71328	0.05110	0.06455	0.01399	0.00807	0.00215	0.00323	0.01237	0.00753	0.00646
11	0.01702	0.01470	0.01547	0.01392	0.01779	0.01702	0.01083	0.03635	0.70453	0.02862	0.02785	0.02553	0.02088	0.00928	0.00696	0.00232	0.00541	0.00773	0.00696	0.01083
12	0.02447	0.03033	0.01889	0.01715	0.02072	0.64120	0.01291	0.02847	0.10648	0.01825	0.01277	0.01401	0.01035	0.00733	0.00627	0.00183	0.01146	0.00483	0.00396	0.00830
13	0.01531	0.01711	0.03689	0.02677	0.03299	0.01604	0.61855	0.02059	0.01582	0.02144	0.01640	0.09741	0.01412	0.00745	0.00814	0.00236	0.01072	0.00929	0.00377	0.00883
14	0.00995	0.00663	0.00746	0.00746	0.00746	0.00663	0.00415	0.00995	0.00995	0.01327	0.02156	0.04477	0.02487	0.75957	0.03482	0.00663	0.00663	0.00995	0.00415	0.00415
15	0.01275	0.00638	0.00638	0.00638	0.00797	0.00638	0.00478	0.01594	0.01435	0.02551	0.02232	0.02551	0.01754	0.00797	0.00478	0.00159	0.00319	0.00638	0.79755	0.00638
16	0.00993	0.00669	0.00775	0.00775	0.00785	0.00679	0.00450	0.01013	0.01003	0.01348	0.02129	0.04332	0.02424	0.70226	0.09127	0.00699	0.00758	0.00974	0.00411	0.00430
17	0.01396	0.07301	0.68856	0.01910	0.02899	0.01647	0.02458	0.02161	0.01442	0.02138	0.01213	0.01426	0.00867	0.00647	0.00639	0.00213	0.00997	0.00498	0.00289	0.01004
18	0.01497	0.01497	0.02095	0.01796	0.01796	0.02095	0.01497	0.01646	0.01048	0.01646	0.00898	0.01497	0.00898	0.01197	0.02245	0.00299	0.74704	0.00599	0.00299	0.00748
19	0.01291	0.01176	0.01954	0.69194	0.04440	0.01459	0.01801	0.01737	0.01373	0.01804	0.01287	0.01874	0.00970	0.00692	0.00670	0.00223	0.00871	0.00610	0.05823	0.00751
20	0.00968	0.00699	0.00914	0.00861	0.01022	0.00646	0.00646	0.01291	0.01937	0.02743	0.71328	0.05110	0.06455	0.01399	0.00807	0.00215	0.00323	0.01237	0.00753	0.00646
21	0.02467	0.03078	0.01848	0.01684	0.02023	0.68164	0.01263	0.02653	0.01904	0.01735	0.01139	0.01325	0.00942	0.00711	0.00607	0.00175	0.01170	0.00454	0.05873	0.00782
22	0.00968	0.00699	0.00914	0.00861	0.01022	0.00646	0.00646	0.01291	0.01937	0.02743	0.71328	0.05110	0.06455	0.01399	0.00807	0.00215	0.00323	0.01237	0.00753	0.00646
23	0.01275	0.00638	0.00638	0.00638	0.00797	0.00638	0.00478	0.01594	0.01435	0.02551	0.02232	0.02551	0.01754	0.00797	0.00478	0.00159	0.00319	0.00638	0.79755	0.00638
24	0.01372	0.03539	0.72412	0.01950	0.02961	0.01589	0.02528	0.02167	0.01444	0.02167	0.01228	0.01444	0.00867	0.00650	0.00650	0.00217	0.01011	0.00506	0.00289	0.01011
25	0.01806	0.05889	0.02029	0.01687	0.01843	0.24868	0.01363	0.01976	0.01357	0.01648	0.01040	0.01503	0.00968	0.01377	0.08296	0.00327	0.40396	0.00548	0.00322	0.00757
26	0.01275	0.00638	0.00638	0.00638	0.00797	0.00638	0.00478	0.01594	0.01435	0.02551	0.02232	0.02551	0.01754	0.00797	0.00478	0.00159	0.00319	0.00638	0.79755	0.00638
27	0.01129	0.00817	0.01122	0.01266	0.01433	0.00828	0.01102	0.01515	0.04607	0.02083	0.03585	0.07490	0.03856	0.01848	0.00934	0.00311	0.00626	0.64165	0.00633	0.00650

[dist]
# distance from previous block
# <min> <max>
0	6

[block]
# block no. 1 follows, 31 sequences, length 64
# corresponding to MSA columns:
# 281-332,336-347
name=unknown_B
#
# <colnr> <probs for GDERKNQSTAVLIFYWHMCP>
#	G	D	E	R	K	N	Q	S	T	A	V	L	I	F	Y	W	H	M	C	P
0	0.01275	0.00638	0.00638	0.00638	0.00797	0.00638	0.00478	0.01594	0.01435	0.02551	0.02232	0.02551	0.01754	0.00797	0.00478	0.00159	0.00319	0.00638	0.79755	0.00638
1	0.00951	0.00783	0.00847	0.00815	0.01046	0.00722	0.00616	0.01362	0.09456	0.02194	0.23084	0.05747	0.46797	0.01555	0.00795	0.00227	0.00362	0.01315	0.00673	0.00652
2	0.00927	0.00698	0.00858	0.00818	0.00997	0.00628	0.00613	0.01212	0.01840	0.02514	0.54848	0.05488	0.23078	0.01484	0.00807	0.00219	0.00329	0.01290	0.00723	0.00628
3	0.01615	0.01845	0.04037	0.02884	0.03576	0.01730	0.69204	0.02191	0.01615	0.02191	0.01384	0.01845	0.01038	0.00577	0.00807	0.00231	0.01153	0.00807	0.00346	0.00923
4	0.02601	0.01916	0.02053	0.01574	0.02122	0.02122	0.01300	0.69408	0.03217	0.04312	0.01643	0.01643	0.01163	0.00821	0.00684	0.00205	0.00753	0.00616	0.00684	0.01163
5	0.00977	0.00733	0.01100	0.01100	0.01222	0.00855	0.00855	0.01222	0.01100	0.01588	0.01833	0.02688	0.01710	0.05131	0.73245	0.01100	0.01833	0.00733	0.00367	0.00611
6	0.00829	0.00612	0.00776	0.00907	0.00980	0.00560	0.00615	0.00958	0.01353	0.01764	0.04323	0.63465	0.16214	0.02072	0.00862	0.00270	0.00388	0.01857	0.00635	0.00560
7	0.01534	0.01709	0.03493	0.05248	0.03249	0.03770	0.56050	0.02037	0.01577	0.02103	0.01667	0.11046	0.01465	0.00781	0.00805	0.00235	0.01052	0.00931	0.00381	0.00867
8	0.01188	0.00594	0.00891	0.00891	0.00891	0.00594	0.00594	0.00891	0.00891	0.01188	0.01188	0.02080	0.01188	0.02377	0.02674	0.80095	0.00594	0.00594	0.00297	0.00297
9	0.00834	0.00595	0.00794	0.00953	0.00992	0.00556	0.00635	0.00953	0.01310	0.01746	0.03771	0.75510	0.04525	0.02143	0.00873	0.00278	0.00397	0.01945	0.00635	0.00556
10	0.01552	0.01650	0.03204	0.15221	0.13654	0.01735	0.37042	0.02016	0.01475	0.02037	0.01265	0.01765	0.01001	0.00697	0.00991	0.00237	0.12525	0.00711	0.00330	0.00892
11	0.01829	0.76368	0.03585	0.01171	0.01756	0.02707	0.01171	0.02049	0.01390	0.01610	0.00951	0.01097	0.00878	0.00585	0.00439	0.00146	0.00732	0.00366	0.00293	0.00878
12	0.02498	0.01922	0.02053	0.01601	0.02091	0.04482	0.01319	0.60963	0.02975	0.03979	0.01555	0.01616	0.01130	0.00852	0.00826	0.00213	0.07567	0.00609	0.00638	0.01113
13	0.01829	0.76368	0.03585	0.01171	0.01756	0.02707	0.01171	0.02049	0.01390	0.01610	0.00951	0.01097	0.00878	0.00585	0.00439	0.00146	0.00732	0.00366	0.00293	0.00878
14	0.01021	0.00710	0.00985	0.00985	0.01095	0.00798	0.00740	0.01240	0.01131	0.01683	0.01934	0.02925	0.01827	0.14673	0.53244	0.00908	0.01457	0.00757	0.11300	0.00586
15	0.02102	0.14599	0.02084	0.01628	0.06268	0.35909	0.01218	0.10479	0.01950	0.02133	0.07975	0.02074	0.07119	0.00839	0.00632	0.00185	0.00911	0.00614	0.00442	0.00840
16	0.01840	0.01429	0.01619	0.01192	0.01779	0.01286	0.00968	0.22513	0.01989	0.05382	0.01400	0.01520	0.01084	0.00615	0.00568	0.00137	0.00585	0.00480	0.00507	0.53109
17	0.01420	0.01344	0.01127	0.01032	0.01311	0.16102	0.00786	0.06469	0.01840	0.04743	0.16179	0.04682	0.37657	0.01359	0.00754	0.00214	0.00569	0.01108	0.00607	0.00699
18	0.01275	0.00638	0.00638	0.00638	0.00797	0.00638	0.00478	0.01594	0.01435	0.02551	0.02232	0.02551	0.01754	0.00797	0.00478	0.00159	0.00319	0.00638	0.79755	0.00638
19	0.01567	0.05812	0.25502	0.01525	0.02134	0.01633	0.01542	0.04995	0.35023	0.02556	0.04218	0.02235	0.03782	0.00837	0.00667	0.00217	0.00702	0.00679	0.00528	0.03845
20	0.00853	0.00618	0.00773	0.00888	0.00948	0.00574	0.00588	0.00963	0.01299	0.01700	0.03973	0.55936	0.13390	0.12623	0.01237	0.00326	0.00428	0.01741	0.00604	0.00539
21	0.01275	0.00638	0.00638	0.00638	0.00797	0.00638	0.00478	0.01594	0.01435	0.02551	0.02232	0.02551	0.01754	0.00797	0.00478	0.00159	0.00319	0.00638	0.79755	0.00638
22	0.17460	0.01770	0.01770	0.01467	0.01920	0.10026	0.04635	0.27110	0.13164	0.05763	0.01797	0.02127	0.01417	0.00857	0.00654	0.00217	0.00737	0.05552	0.00582	0.00973
23	0.11969	0.01751	0.11615	0.04501	0.23308	0.01579	0.01545	0.11762	0.11533	0.02690	0.05851	0.02050	0.01558	0.04453	0.00790	0.00235	0.00722	0.00646	0.00471	0.00970
24	0.09030	0.06797	0.18559	0.01518	0.02116	0.10288	0.03672	0.11702	0.09432	0.06999	0.01588	0.04328	0.01244	0.00756	0.00623	0.00197	0.00791	0.00586	0.00472	0.09298
25	0.00852	0.00621	0.00845	0.03922	0.01143	0.00595	0.00686	0.00985	0.01312	0.01747	0.03667	0.72527	0.04379	0.02084	0.00866	0.00276	0.00418	0.01891	0.00622	0.00564
26	0.02209	0.07716	0.17009	0.01791	0.07500	0.12142	0.01560	0.22067	0.06873	0.12117	0.01613	0.01660	0.01168	0.00746	0.00650	0.00202	0.00843	0.00569	0.00520	0.01045
27	0.01795	0.14731	0.17303	0.01840	0.05723	0.13771	0.11044	0.10364	0.01786	0.02272	0.05421	0.05922	0.01479	0.00783	0.00655	0.00199	0.00892	0.00655	0.00409	0.02957
28	0.34363	0.09578	0.23605	0.09395	0.02278	0.01635	0.01485	0.02119	0.01347	0.06915	0.01179	0.01370	0.00874	0.00654	0.00541	0.00208	0.00745	0.00459	0.00382	0.00868
29	0.01709	0.57167	0.21731	0.01376	0.02074	0.02412	0.01528	0.02080	0.01404	0.01756	0.01024	0.01189	0.00875	0.00602	0.00495	0.00165	0.00805	0.00403	0.00292	0.00913
30	0.01352	0.00711	0.00719	0.00692	0.00874	0.00723	0.00526	0.05508	0.01538	0.02652	0.02198	0.02498	0.01719	0.00798	0.00490	0.00162	0.00344	0.00636	0.75191	0.00668
31	0.00958	0.00688	0.00824	0.00797	0.00972	0.00625	0.00595	0.01236	0.01767	0.02466	0.45368	0.07360	0.22259	0.01439	0.00773	0.00215	0.00331	0.01245	0.09459	0.00625
32	0.01292	0.01216	0.02052	0.74312	0.04712	0.01520	0.01900	0.01748	0.01368	0.01748	0.01216	0.01824	0.00912	0.00684	0.00684	0.00228	0.00912	0.00608	0.00304	0.00760
33	0.00834	0.00595	0.00794	0.00953	0.00992	0.00556	0.00635	0.00953	0.01310	0.01746	0.03771	0.75510	0.04525	0.02143	0.00873	0.00278	0.00397	0.01945	0.00635	0.00556
34	0.01460	0.01206	0.01301	0.01169	0.01495	0.01313	0.00907	0.08016	0.38335	0.02763	0.16996	0.03752	0.16099	0.01166	0.00738	0.00226	0.00478	0.00980	0.00695	0.00907
35	0.01275	0.00638	0.00638	0.00638	0.00797	0.00638	0.00478	0.01594	0.01435	0.02551	0.02232	0.02551	0.01754	0.00797	0.00478	0.00159	0.00319	0.00638	0.79755	0.00638
36	0.00977	0.00733	0.01100	0.01100	0.01222	0.00855	0.00855	0.01222	0.01100	0.01588	0.01833	0.02688	0.01710	0.05131	0.73245	0.01100	0.01833	0.00733	0.00367	0.00611
37	0.01497	0.01497	0.02095	0.01796	0.01796	0.02095	0.01497	0.01646	0.01048	0.01646	0.00898	0.01497	0.00898	0.01197	0.02245	0.00299	0.74704	0.00599	0.00299	0.00748
38	0.00985	0.00710	0.00938	0.00911	0.01072	0.00663	0.00703	0.01307	0.01891	0.02656	0.62854	0.05437	0.06140	0.01460	0.00824	0.00228	0.00361	0.09479	0.00738	0.00644
39	0.00988	0.00689	0.00875	0.00875	0.00920	0.00733	0.00575	0.01078	0.01033	0.01422	0.02038	0.03824	0.02204	0.50100	0.28951	0.00823	0.01090	0.00899	0.00397	0.00486
40	0.01497	0.01497	0.02095	0.01796	0.01796	0.02095	0.01497	0.01646	0.01048	0.01646	0.00898	0.01497	0.00898	0.01197	0.02245	0.00299	0.74704	0.00599	0.00299	0.00748
41	0.01188	0.00594	0.00891	0.00891	0.00891	0.00594	0.00594	0.00891	0.00891	0.01188	0.01188	0.02080	0.01188	0.02377	0.02674	0.80095	0.00594	0.00594	0.00297	0.00297
42	0.02443	0.11737	0.08750	0.01668	0.09823	0.01542	0.01336	0.14175	0.02002	0.34404	0.04001	0.01971	0.01485	0.00778	0.00652	0.00201	0.00691	0.00622	0.00631	0.01087
43	0.01275	0.00638	0.00638	0.00638	0.00797	0.00638	0.00478	0.01594	0.01435	0.02551	0.02232	0.02551	0.01754	0.00797	0.00478	0.00159	0.00319	0.00638	0.79755	0.00638
44	0.01038	0.00659	0.00858	0.00945	0.01046	0.00604	0.00652	0.01178	0.01399	0.07951	0.06371	0.58792	0.09541	0.04340	0.00933	0.00278	0.00415	0.01739	0.00651	0.00610
45	0.02015	0.49103	0.09138	0.01387	0.01950	0.19996	0.01321	0.02276	0.01552	0.04287	0.01066	0.01207	0.00908	0.00630	0.00511	0.00162	0.00875	0.00409	0.00328	0.00879
46	0.02280	0.09638	0.02324	0.03960	0.06440	0.05513	0.10942	0.08249	0.03905	0.28148	0.03834	0.01967	0.01440	0.00800	0.00814	0.00213	0.07300	0.00654	0.00571	0.01007
47	0.01200	0.01037	0.01589	0.23865	0.06882	0.01249	0.01297	0.01477	0.01214	0.01674	0.01612	0.02685	0.01528	0.12356	0.23554	0.00567	0.11208	0.03969	0.00356	0.00680
48	0.06060	0.01330	0.02136	0.01620	0.02112	0.01271	0.20338	0.08058	0.01790	0.29310	0.02033	0.02184	0.01448	0.03275	0.04932	0.00275	0.00801	0.00707	0.09359	0.00962
49	0.01619	0.01358	0.02325	0.50210	0.04044	0.01538	0.12697	0.06374	0.01591	0.09488	0.01429	0.01869	0.01032	0.00693	0.00704	0.00225	0.00906	0.00649	0.00393	0.00856
50	0.04395	0.04415	0.08842	0.03851	0.08058	0.08335	0.14402	0.19030	0.02040	0.14242	0.01679	0.04704	0.01275	0.00772	0.00691	0.00211	0.00857	0.00676	0.00519	0.01006
51	0.00832	0.00600	0.00789	0.00940	0.00989	0.00557	0.00629	0.00954	0.01322	0.01751	0.03926	0.72118	0.07816	0.02123	0.00870	0.00276	0.00394	0.01920	0.00635	0.00557
52	0.01419	0.01216	0.01419	0.01013	0.01621	0.00912	0.00811	0.01723	0.01419	0.02229	0.01216	0.01419	0.01013	0.00507	0.00507	0.00101	0.00507	0.00405	0.00405	0.80139
53	0.07376	0.01666	0.11484	0.07719	0.02167	0.04768	0.01278	0.06445	0.01762	0.32272	0.01852	0.01831	0.01260	0.00724	0.00630	0.00193	0.00696	0.00570	0.00584	0.14725
54	0.02038	0.02030	0.01732	0.01530	0.01913	0.22108	0.01188	0.10592	0.41353	0.02646	0.02108	0.02044	0.01605	0.00861	0.00721	0.00215	0.03077	0.00656	0.00585	0.00999
55	0.01696	0.01500	0.01757	0.01625	0.05490	0.01699	0.05159	0.03471	0.62835	0.02790	0.02625	0.02466	0.01975	0.00891	0.00702	0.00230	0.00592	0.00767	0.00657	0.01073
56	0.03015	0.01317	0.01633	0.01266	0.01788	0.04795	0.01039	0.07206	0.02031	0.64521	0.02552	0.02232	0.01620	0.00838	0.00684	0.00209	0.00626	0.00671	0.00812	0.01145
57	0.01488	0.01257	0.01456	0.01046	0.01651	0.00983	0.00840	0.05720	0.01525	0.02352	0.01241	0.01432	0.01022	0.00525	0.00517	0.00107	0.00521	0.00418	0.00422	0.75474
58	0.11447	0.01275	0.01628	0.13241	0.02204	0.01290	0.01144	0.11897	0.01924	0.40967	0.02096	0.02022	0.01387	0.00791	0.00649	0.00212	0.00644	0.00627	0.03525	0.01031
59	0.72137	0.01468	0.01115	0.00985	0.01411	0.05798	0.00804	0.05529	0.01316	0.03051	0.00994	0.01146	0.00771	0.00649	0.00448	0.00209	0.00582	0.00387	0.00433	0.00766
60	0.01125	0.00950	0.01383	0.01298	0.01385	0.01208	0.01038	0.01343	0.01085	0.01605	0.01567	0.02349	0.01479	0.04012	0.53043	0.00872	0.22568	0.00695	0.00347	0.00650
61	0.01548	0.01421	0.02037	0.01720	0.04336	0.01502	0.16904	0.04805	0.36477	0.02607	0.08813	0.04666	0.08106	0.00972	0.00745	0.00229	0.00660	0.00897	0.00601	0.00954
62	0.01275	0.00638	0.00638	0.00638	0.00797	0.00638	0.00478	0.01594	0.01435	0.02551	0.02232	0.02551	0.01754	0.00797	0.00478	0.00159	0.00319	0.00638	0.79755	0.00638
63	0.01419	0.01216	0.01419	0.01013	0.01621	0.00912	0.00811	0.01723	0.01419	0.02229	0.01216	0.01419	0.01013	0.00507	0.00507	0.00101	0.00507	0.00405	0.00405	0.80139

[dist]
# distance from previous block
# <min> <max>
0	2

[block]
# block no. 2 follows, 31 sequences, length 50
# corresponding to MSA columns:
# 350-387,402-413
name=unknown_C
#
# <colnr> <probs for GDERKNQSTAVLIFYWHMCP>
#	G	D	E	R	K	N	Q	S	T	A	V	L	I	F	Y	W	H	M	C	P
0	0.01946	0.01413	0.01501	0.01256	0.01656	0.03266	0.01001	0.24916	0.20322	0.09695	0.07732	0.02940	0.11729	0.01016	0.00698	0.00213	0.00575	0.00821	0.06328	0.00977
1	0.01275	0.00638	0.00638	0.00638	0.00797	0.00638	0.00478	0.01594	0.01435	0.02551	0.02232	0.02551	0.01754	0.00797	0.00478	0.00159	0.00319	0.00638	0.79755	0.00638
2	0.04811	0.08151	0.02409	0.07912	0.25733	0.10150	0.04814	0.13933	0.06115	0.07275	0.01469	0.01673	0.01132	0.00696	0.00651	0.00201	0.00826	0.00587	0.00453	0.01007
3	0.01608	0.08081	0.08613	0.01382	0.03548	0.01410	0.04376	0.07696	0.19546	0.07562	0.19923	0.02967	0.05231	0.00975	0.00696	0.00211	0.00588	0.00827	0.03847	0.00914
4	0.09300	0.01935	0.25042	0.08443	0.02252	0.01265	0.01477	0.04648	0.01484	0.03968	0.01526	0.05295	0.01264	0.00748	0.00602	0.00189	0.00710	0.02375	0.07566	0.19912
5	0.00843	0.00670	0.00761	0.00813	0.00978	0.00587	0.00595	0.01019	0.01512	0.01890	0.10205	0.26935	0.43441	0.01840	0.00835	0.00248	0.00376	0.05230	0.00643	0.00579
6	0.00981	0.00666	0.00742	0.00742	0.00760	0.00657	0.00423	0.00994	0.01038	0.01366	0.02521	0.04638	0.07756	0.70282	0.03278	0.00630	0.00639	0.01029	0.00431	0.00427
7	0.01419	0.01216	0.01419	0.01013	0.01621	0.00912	0.00811	0.01723	0.01419	0.02229	0.01216	0.01419	0.01013	0.00507	0.00507	0.00101	0.00507	0.00405	0.00405	0.80139
8	0.01777	0.04749	0.04127	0.01523	0.02080	0.07190	0.13347	0.05022	0.09161	0.08982	0.05004	0.01869	0.01453	0.00678	0.00631	0.00171	0.00719	0.00599	0.00484	0.30433
9	0.04220	0.01601	0.01714	0.01323	0.01851	0.04686	0.01074	0.31953	0.05096	0.10994	0.04644	0.01808	0.01421	0.00751	0.00629	0.00176	0.00650	0.00581	0.00603	0.24226
10	0.02414	0.03006	0.02025	0.01989	0.08519	0.62436	0.01404	0.02610	0.01851	0.01725	0.01069	0.01292	0.00901	0.00725	0.00718	0.00186	0.05498	0.00465	0.00348	0.00817
11	0.00839	0.00600	0.00799	0.00949	0.00994	0.00559	0.00635	0.00966	0.01335	0.01787	0.06531	0.72634	0.04604	0.02113	0.00871	0.00275	0.00394	0.01916	0.00640	0.00559
12	0.00960	0.00699	0.00903	0.00852	0.01017	0.00642	0.00639	0.01275	0.01917	0.02698	0.68065	0.05185	0.09747	0.01416	0.00807	0.00216	0.00324	0.01248	0.00747	0.00642
13	0.02601	0.01916	0.02053	0.01574	0.02122	0.02122	0.01300	0.69408	0.03217	0.04312	0.01643	0.01643	0.01163	0.00821	0.00684	0.00205	0.00753	0.00616	0.00684	0.01163
14	0.01460	0.01241	0.01441	0.01033	0.01639	0.00955	0.00828	0.04109	0.01482	0.02303	0.01231	0.01427	0.01019	0.00518	0.00513	0.00105	0.00515	0.00413	0.00415	0.77355
15	0.00968	0.00699	0.00914	0.00861	0.01022	0.00646	0.00646	0.01291	0.01937	0.02743	0.71328	0.05110	0.06455	0.01399	0.00807	0.00215	0.00323	0.01237	0.00753	0.00646
16	0.06811	0.01153	0.01532	0.01187	0.01696	0.01017	0.00978	0.03186	0.01918	0.65924	0.05417	0.02382	0.01841	0.00859	0.00680	0.00212	0.00569	0.00695	0.00822	0.01122
17	0.01802	0.72103	0.07616	0.01216	0.01827	0.02642	0.01250	0.02055	0.01393	0.01642	0.00967	0.01118	0.00877	0.00589	0.00451	0.00150	0.00748	0.00374	0.00292	0.00886
18	0.01595	0.00838	0.01115	0.00967	0.01238	0.00753	0.00753	0.01901	0.01943	0.23453	0.50854	0.04281	0.05035	0.01234	0.00771	0.00214	0.00400	0.01073	0.00781	0.00800
19	0.00834	0.00595	0.00794	0.00953	0.00992	0.00556	0.00635	0.00953	0.01310	0.01746	0.03771	0.75510	0.04525	0.02143	0.00873	0.00278	0.00397	0.01945	0.00635	0.00556
20	0.01467	0.01395	0.02368	0.43724	0.33932	0.01566	0.01987	0.01901	0.01451	0.01960	0.01247	0.01767	0.00987	0.00652	0.00681	0.00217	0.00869	0.00609	0.00319	0.00901
21	0.01591	0.02531	0.35092	0.01955	0.02678	0.03873	0.15686	0.04842	0.10788	0.04808	0.05417	0.01912	0.01417	0.00749	0.00757	0.00223	0.03633	0.00656	0.00417	0.00977
22	0.01486	0.01392	0.02371	0.13587	0.44330	0.01441	0.05095	0.01870	0.01481	0.02083	0.05088	0.02116	0.01464	0.03956	0.09015	0.00327	0.00928	0.00681	0.00362	0.00928
23	0.00834	0.00595	0.00794	0.00953	0.00992	0.00556	0.00635	0.00953	0.01310	0.01746	0.03771	0.75510	0.04525	0.02143	0.00873	0.00278	0.00397	0.01945	0.00635	0.00556
24	0.14195	0.01316	0.01583	0.01233	0.01750	0.01273	0.01018	0.14456	0.02059	0.50584	0.02266	0.02036	0.01465	0.00812	0.00649	0.00211	0.00604	0.00630	0.00758	0.01103
25	0.41143	0.01561	0.02169	0.01849	0.08131	0.01657	0.21313	0.08035	0.03611	0.02839	0.01226	0.01470	0.00937	0.00641	0.00591	0.00217	0.00760	0.00555	0.00424	0.00872
26	0.01252	0.00762	0.01005	0.00909	0.01120	0.00694	0.00694	0.01567	0.01939	0.12113	0.62066	0.04735	0.05813	0.01324	0.00791	0.00215	0.00358	0.01163	0.00766	0.00716
27	0.02556	0.03261	0.01939	0.01763	0.02115	0.73210	0.01322	0.02732	0.01939	0.01674	0.01058	0.01234	0.00881	0.00705	0.00617	0.00176	0.01234	0.00441	0.00353	0.00793
28	0.01188	0.00594	0.00891	0.00891	0.00891	0.00594	0.00594	0.00891	0.00891	0.01188	0.01188	0.02080	0.01188	0.02377	0.02674	0.80095	0.00594	0.00594	0.00297	0.00297
29	0.26027	0.01211	0.01416	0.01123	0.01621	0.01162	0.00927	0.02943	0.01724	0.51753	0.02183	0.01969	0.01412	0.00784	0.00610	0.00212	0.00567	0.00594	0.00722	0.01039
30	0.01292	0.01216	0.02052	0.74312	0.04712	0.01520	0.01900	0.01748	0.01368	0.01748	0.01216	0.01824	0.00912	0.00684	0.00684	0.00228	0.00912	0.00608	0.00304	0.00760
31	0.02799	0.02035	0.01757	0.01459	0.01918	0.28832	0.01152	0.08162	0.03906	0.38032	0.01990	0.01862	0.01352	0.00793	0.00661	0.00198	0.00844	0.00590	0.00640	0.01020
32	0.63362	0.01379	0.05014	0.00979	0.01420	0.01419	0.00852	0.02057	0.01309	0.08272	0.07333	0.01577	0.01327	0.00720	0.00490	0.00212	0.00542	0.00479	0.00477	0.00780
33	0.00893	0.00691	0.01042	0.01100	0.01190	0.00645	0.05877	0.01047	0.01333	0.01780	0.03588	0.69879	0.04258	0.02024	0.00868	0.00274	0.00455	0.01858	0.00613	0.00584
34	0.73757	0.01519	0.07328	0.00993	0.01468	0.01540	0.00899	0.02025	0.01189	0.02990	0.00977	0.01141	0.00752	0.00636	0.00443	0.00212	0.00572	0.00382	0.00411	0.00765
35	0.00834	0.00595	0.00794	0.00953	0.00992	0.00556	0.00635	0.00953	0.01310	0.01746	0.03771	0.75510	0.04525	0.02143	0.00873	0.00278	0.00397	0.01945	0.00635	0.00556
36	0.01738	0.01250	0.01478	0.01085	0.01669	0.01012	0.00874	0.05076	0.04365	0.13168	0.01528	0.01615	0.01169	0.00590	0.00550	0.00128	0.00531	0.00473	0.00498	0.61201
37	0.00834	0.00595	0.00794	0.00953	0.00992	0.00556	0.00635	0.00953	0.01310	0.01746	0.03771	0.75510	0.04525	0.02143	0.00873	0.00278	0.00397	0.01945	0.00635	0.00556
38	0.00832	0.00601	0.00788	0.00938	0.00989	0.00557	0.00629	0.00954	0.01324	0.01752	0.03947	0.71676	0.08246	0.02121	0.00870	0.00275	0.00394	0.01917	0.00635	0.00557
39	0.04632	0.01662	0.01786	0.01414	0.01891	0.01801	0.01149	0.53415	0.02784	0.03777	0.02127	0.09370	0.05598	0.00989	0.00695	0.00210	0.00675	0.00782	0.00656	0.04587
40	0.01454	0.21939	0.46629	0.04901	0.02582	0.01806	0.02008	0.02036	0.01412	0.01962	0.01360	0.01644	0.02994	0.03683	0.00715	0.00217	0.00902	0.00521	0.00306	0.00929
41	0.01637	0.44499	0.29471	0.01501	0.02213	0.02249	0.01702	0.02070	0.01391	0.01822	0.01052	0.01252	0.00875	0.00646	0.00624	0.00182	0.05170	0.00432	0.00292	0.00921
42	0.01673	0.01648	0.02605	0.27473	0.15860	0.05902	0.16203	0.09580	0.01668	0.02206	0.01275	0.01721	0.00995	0.00710	0.00844	0.00225	0.07505	0.00641	0.00365	0.00900
43	0.01589	0.07656	0.36583	0.01875	0.06510	0.04283	0.04954	0.09676	0.01695	0.02384	0.07519	0.01798	0.01431	0.00753	0.00744	0.00208	0.04982	0.00592	0.00389	0.04377
44	0.01525	0.12482	0.10878	0.05848	0.02340	0.04149	0.15851	0.06492	0.01637	0.02189	0.05396	0.05740	0.06197	0.00854	0.00677	0.00199	0.00787	0.03733	0.00427	0.12596
45	0.01653	0.01482	0.02305	0.02986	0.40761	0.01530	0.04968	0.09752	0.08601	0.02431	0.01755	0.08537	0.01558	0.01203	0.07130	0.00294	0.00848	0.00768	0.00444	0.00995
46	0.10695	0.01249	0.01571	0.01282	0.03906	0.01138	0.04899	0.05158	0.04945	0.14214	0.01702	0.04542	0.01375	0.03657	0.03829	0.00225	0.00641	0.00600	0.00511	0.33863
47	0.09805	0.01848	0.17782	0.01833	0.13344	0.01419	0.01486	0.11324	0.04788	0.12140	0.11359	0.02158	0.01886	0.00801	0.00658	0.00206	0.00693	0.00657	0.00529	0.05286
48	0.05271	0.04701	0.01864	0.01503	0.03926	0.05496	0.09548	0.06258	0.04607	0.13699	0.05430	0.06065	0.01882	0.04724	0.07837	0.00316	0.03777	0.04003	0.00523	0.08569
49	0.03595	0.02115	0.22713	0.08167	0.04875	0.06774	0.01559	0.13656	0.05622	0.07985	0.02012	0.02312	0.06663	0.07876	0.00936	0.00256	0.00812	0.00677	0.00473	0.00921

[dist]
# distance from previous block
# <min> <max>
8	54

[block]
# block no. 3 follows, 31 sequences, length 11
# corresponding to MSA columns:
# 489-499
name=unknown_D
#
# <colnr> <probs for GDERKNQSTAVLIFYWHMCP>
#	G	D	E	R	K	N	Q	S	T	A	V	L	I	F	Y	W	H	M	C	P
0	0.01867	0.08429	0.01813	0.01321	0.01776	0.11390	0.02457	0.12306	0.10418	0.06645	0.04470	0.05987	0.03219	0.00837	0.00674	0.00180	0.02896	0.00657	0.00519	0.22137
1	0.18313	0.09779	0.08041	0.01359	0.01866	0.14699	0.01196	0.16172	0.01934	0.13545	0.03698	0.01744	0.03316	0.00771	0.00598	0.00198	0.00764	0.00553	0.00521	0.00934
2	0.01728	0.01569	0.01522	0.01230	0.01710	0.10296	0.00969	0.12605	0.15075	0.02559	0.02233	0.02253	0.09468	0.00805	0.00620	0.00167	0.00624	0.00635	0.00525	0.33408
3	0.01571	0.01259	0.01551	0.01133	0.01716	0.01011	0.03648	0.05892	0.01562	0.06324	0.01426	0.04196	0.01190	0.00607	0.00553	0.00126	0.00548	0.00507	0.00453	0.64726
4	0.01409	0.01259	0.01674	0.01474	0.01596	0.01611	0.01197	0.05610	0.09418	0.02066	0.10164	0.02329	0.01917	0.01990	0.16597	0.00442	0.37311	0.00728	0.00439	0.00770
5	0.02499	0.02001	0.01971	0.01562	0.02059	0.10358	0.01267	0.57860	0.02963	0.03863	0.01690	0.05632	0.01314	0.00880	0.00687	0.00206	0.00790	0.00668	0.00643	0.01087
6	0.00919	0.00685	0.00854	0.00838	0.00998	0.00620	0.00619	0.01186	0.01781	0.02437	0.49784	0.14214	0.19423	0.01560	0.00816	0.00226	0.00337	0.01368	0.00714	0.00620
7	0.01206	0.00748	0.00976	0.00951	0.01143	0.00684	0.00729	0.01468	0.01744	0.11069	0.35842	0.17945	0.12043	0.01557	0.00820	0.00239	0.00407	0.09027	0.00717	0.00685
8	0.01997	0.02186	0.02017	0.01729	0.02039	0.31466	0.08461	0.10600	0.04310	0.02108	0.01607	0.12532	0.01524	0.01010	0.00957	0.00223	0.13208	0.00765	0.00439	0.00821
9	0.01228	0.01120	0.01195	0.01174	0.01345	0.09349	0.00943	0.01477	0.01635	0.02091	0.21226	0.07433	0.15541	0.01517	0.01007	0.00255	0.09828	0.20391	0.00589	0.00657
10	0.01775	0.28218	0.23748	0.01432	0.02142	0.01899	0.01526	0.10513	0.01667	0.05617	0.01252	0.01386	0.00973	0.00633	0.00557	0.00170	0.00772	0.00462	0.00387	0.14871

[dist]
# distance from previous block
# <min> <max>
3	21

[block]
# block no. 4 follows, 31 sequences, length 15
# corresponding to MSA columns:
# 521-535
name=unknown_E
#
# <colnr> <probs for GDERKNQSTAVLIFYWHMCP>
#	G	D	E	R	K	N	Q	S	T	A	V	L	I	F	Y	W	H	M	C	P
0	0.01988	0.01692	0.02648	0.01980	0.02551	0.06279	0.29775	0.09369	0.08913	0.14102	0.01790	0.03645	0.01338	0.00721	0.00717	0.00208	0.00866	0.00720	0.00514	0.10183
1	0.02119	0.01439	0.01637	0.01330	0.01789	0.01487	0.01075	0.28052	0.14182	0.14515	0.04323	0.07232	0.01919	0.00963	0.00693	0.00208	0.00612	0.04171	0.00672	0.11580
2	0.02034	0.03342	0.01846	0.06239	0.02091	0.07245	0.03728	0.23982	0.04053	0.09339	0.04478	0.02006	0.01464	0.00771	0.00645	0.00182	0.00707	0.02976	0.00552	0.22321
3	0.01349	0.01274	0.02156	0.64300	0.14276	0.01535	0.01928	0.01798	0.01395	0.01818	0.01226	0.01805	0.00937	0.00673	0.00683	0.00224	0.00898	0.00608	0.00309	0.00806
4	0.01493	0.01410	0.02333	0.39054	0.33564	0.01578	0.01932	0.02026	0.06046	0.02033	0.01351	0.01816	0.01065	0.00668	0.00682	0.00218	0.00844	0.00620	0.00345	0.00922
5	0.11264	0.00972	0.01062	0.00927	0.01243	0.00930	0.00721	0.04796	0.06298	0.02606	0.30186	0.03946	0.17104	0.01161	0.00696	0.00200	0.00419	0.00970	0.00623	0.13877
6	0.00983	0.00645	0.00747	0.00784	0.00808	0.00636	0.00472	0.01039	0.01108	0.01535	0.02538	0.20805	0.02894	0.52028	0.02605	0.00528	0.00570	0.01183	0.07623	0.00467
7	0.04220	0.02030	0.25029	0.02226	0.14475	0.01419	0.12816	0.01852	0.01433	0.02092	0.01817	0.16431	0.01760	0.01006	0.00836	0.00238	0.05910	0.03139	0.00393	0.00878
8	0.02396	0.18690	0.02024	0.01201	0.01720	0.01470	0.01026	0.09207	0.01845	0.36391	0.02097	0.06933	0.01571	0.00835	0.00622	0.00188	0.00613	0.00661	0.00638	0.09873
9	0.01085	0.01055	0.06120	0.18079	0.02078	0.01010	0.01115	0.01499	0.06136	0.01899	0.08806	0.15403	0.10107	0.05708	0.16383	0.00442	0.00876	0.01031	0.00481	0.00686
10	0.01696	0.38412	0.13718	0.10197	0.07335	0.05604	0.10313	0.02087	0.01463	0.01831	0.01108	0.01378	0.00915	0.00613	0.00572	0.00183	0.00879	0.00492	0.00306	0.00900
11	0.01779	0.24746	0.17340	0.01502	0.02122	0.09734	0.05331	0.10906	0.01747	0.02241	0.04132	0.01748	0.04511	0.00720	0.00595	0.00179	0.00817	0.00551	0.00398	0.08900
12	0.01885	0.01533	0.01610	0.01256	0.01767	0.06278	0.01004	0.20752	0.09215	0.05735	0.07184	0.01920	0.01623	0.00737	0.00615	0.00163	0.00617	0.00583	0.00555	0.34969
13	0.01546	0.01468	0.02097	0.12479	0.37428	0.05534	0.01606	0.06483	0.01669	0.02191	0.02600	0.02817	0.17393	0.00901	0.00706	0.00212	0.00738	0.00794	0.00428	0.00911
14	0.25933	0.20036	0.06266	0.01438	0.05811	0.06722	0.04381	0.06574	0.04237	0.02489	0.06010	0.01585	0.01313	0.00696	0.00545	0.00190	0.00702	0.00510	0.00420	0.04142

[dist]
# distance from previous block
# <min> <max>
0	2

[block]
# block no. 5 follows, 31 sequences, length 16
# corresponding to MSA columns:
# 538-553
name=unknown_F
#
# <colnr> <probs for GDERKNQSTAVLIFYWHMCP>
#	G	D	E	R	K	N	Q	S	T	A	V	L	I	F	Y	W	H	M	C	P
0	0.25379	0.01519	0.01422	0.01232	0.01607	0.10422	0.02908	0.13166	0.06174	0.05327	0.06699	0.13501	0.01977	0.00987	0.00632	0.00213	0.00639	0.00783	0.00544	0.04868
1	0.01324	0.00950	0.01078	0.00990	0.01180	0.01003	0.00712	0.08464	0.12646	0.04393	0.05428	0.03784	0.10292	0.30633	0.11106	0.00504	0.00739	0.00927	0.03164	0.00684
2	0.01829	0.76368	0.03585	0.01171	0.01756	0.02707	0.01171	0.02049	0.01390	0.01610	0.00951	0.01097	0.00878	0.00585	0.00439	0.00146	0.00732	0.00366	0.00293	0.00878
3	0.01436	0.01414	0.02083	0.23258	0.02659	0.01925	0.01616	0.01677	0.01143	0.01677	0.00992	0.01594	0.00902	0.01045	0.01783	0.00278	0.52865	0.00601	0.00301	0.00752
4	0.01829	0.76368	0.03585	0.01171	0.01756	0.02707	0.01171	0.02049	0.01390	0.01610	0.00951	0.01097	0.00878	0.00585	0.00439	0.00146	0.00732	0.00366	0.00293	0.00878
5	0.01517	0.26598	0.50620	0.01703	0.02579	0.01943	0.02098	0.02129	0.01427	0.01990	0.01140	0.01335	0.00870	0.00630	0.00583	0.00194	0.00923	0.00461	0.00290	0.00969
6	0.02349	0.16454	0.02182	0.01606	0.01985	0.56922	0.01251	0.02525	0.01794	0.01646	0.01090	0.01363	0.00957	0.04258	0.00721	0.00194	0.01115	0.00453	0.00345	0.00791
7	0.01693	0.01626	0.02777	0.04199	0.71689	0.01626	0.02100	0.02100	0.01558	0.02235	0.01287	0.01693	0.01084	0.00610	0.00677	0.00203	0.00813	0.00610	0.00339	0.01084
8	0.00977	0.00733	0.01100	0.01100	0.01222	0.00855	0.00855	0.01222	0.01100	0.01588	0.01833	0.02688	0.01710	0.05131	0.73245	0.01100	0.01833	0.00733	0.00367	0.00611
9	0.01747	0.01623	0.02985	0.08416	0.43133	0.01601	0.20466	0.02193	0.01590	0.07419	0.01414	0.01792	0.01105	0.00623	0.00714	0.00213	0.00896	0.00670	0.00376	0.01023
10	0.01333	0.01295	0.02302	0.65300	0.04569	0.01546	0.10392	0.01804	0.01399	0.01804	0.01237	0.01827	0.00928	0.00670	0.00700	0.00228	0.00942	0.00633	0.00309	0.00781
11	0.01455	0.01383	0.02347	0.45750	0.31997	0.01563	0.01981	0.01891	0.01445	0.01946	0.01245	0.01771	0.00982	0.00654	0.00681	0.00218	0.00872	0.00609	0.00318	0.00892
12	0.02134	0.01668	0.01795	0.01434	0.01937	0.01810	0.01158	0.37928	0.25291	0.03534	0.01961	0.01913	0.01449	0.00812	0.00663	0.00199	0.00648	0.00638	0.00649	0.12379
13	0.02338	0.01210	0.01512	0.01181	0.01692	0.01084	0.00955	0.02895	0.13290	0.40042	0.05010	0.02243	0.01772	0.00795	0.00648	0.00187	0.00546	0.00652	0.00705	0.21243
14	0.04565	0.01028	0.01337	0.01223	0.03744	0.01016	0.05411	0.08621	0.04535	0.08740	0.12727	0.06783	0.14684	0.15760	0.01293	0.00315	0.00578	0.06303	0.00598	0.00741
15	0.01606	0.06312	0.60572	0.01825	0.02757	0.01562	0.02278	0.02309	0.01507	0.10975	0.01402	0.01541	0.00971	0.00672	0.00646	0.00213	0.00945	0.00523	0.00359	0.01025

[dist]
# distance from previous block
# <min> <max>
0	3

[block]
# block no. 6 follows, 31 sequences, length 7
# corresponding to MSA columns:
# 557-563
name=unknown_G
#
# <colnr> <probs for GDERKNQSTAVLIFYWHMCP>
#	G	D	E	R	K	N	Q	S	T	A	V	L	I	F	Y	W	H	M	C	P
0	0.01381	0.01339	0.01929	0.59351	0.04084	0.06493	0.01721	0.01904	0.06406	0.01823	0.01479	0.06458	0.01222	0.00795	0.00692	0.00228	0.00875	0.00692	0.00357	0.00773
1	0.01149	0.00594	0.00880	0.00898	0.00902	0.00590	0.00599	0.00898	0.00938	0.01250	0.01475	0.10229	0.01559	0.02351	0.02474	0.71237	0.00572	0.00744	0.00335	0.00326
2	0.01432	0.00864	0.01117	0.01036	0.01150	0.00917	0.00741	0.10371	0.08583	0.01785	0.01419	0.02071	0.01281	0.02014	0.02197	0.60908	0.00610	0.00616	0.00391	0.00497
3	0.01498	0.01424	0.02385	0.25839	0.45145	0.01509	0.01912	0.01901	0.01499	0.02052	0.01712	0.02122	0.06602	0.00722	0.00690	0.00213	0.00807	0.00675	0.00351	0.00942
4	0.01670	0.01711	0.01624	0.18883	0.02369	0.21381	0.01241	0.09930	0.01751	0.02045	0.02437	0.14338	0.11564	0.01122	0.00798	0.00223	0.04791	0.00899	0.00464	0.00758
5	0.01477	0.01034	0.01182	0.01071	0.01309	0.01084	0.00804	0.07257	0.15579	0.09917	0.03414	0.08407	0.17155	0.19307	0.01493	0.00341	0.04537	0.03266	0.00604	0.00762
6	0.07009	0.00989	0.01278	0.09214	0.01699	0.01064	0.00950	0.07194	0.04847	0.09767	0.04612	0.11262	0.02094	0.07570	0.18452	0.05479	0.00902	0.02454	0.00511	0.02654

[dist]
# distance from previous block
# <min> <max>
5	12

[block]
# block no. 7 follows, 31 sequences, length 21
# corresponding to MSA columns:
# 576-596
name=unknown_H
#
# <colnr> <probs for GDERKNQSTAVLIFYWHMCP>
#	G	D	E	R	K	N	Q	S	T	A	V	L	I	F	Y	W	H	M	C	P
0	0.13745	0.01462	0.01631	0.05843	0.01915	0.01561	0.01091	0.27332	0.02020	0.03025	0.01548	0.08292	0.01336	0.00860	0.00741	0.00197	0.06356	0.00649	0.00520	0.19876
1	0.01005	0.00802	0.01076	0.01022	0.01234	0.00732	0.03499	0.01213	0.01372	0.01867	0.05927	0.27769	0.14724	0.05879	0.12100	0.00385	0.00682	0.04775	0.00538	0.13398
2	0.01209	0.00890	0.01313	0.01190	0.01365	0.00974	0.04483	0.05524	0.01244	0.01781	0.01615	0.02340	0.01471	0.03522	0.41655	0.16540	0.04292	0.00677	0.03307	0.04608
3	0.01506	0.01459	0.02496	0.32660	0.33538	0.01632	0.06155	0.01919	0.01437	0.01978	0.01228	0.01738	0.00993	0.00692	0.00832	0.00224	0.07660	0.00620	0.00321	0.00910
4	0.01361	0.01314	0.02306	0.60853	0.11199	0.01550	0.08100	0.01823	0.01409	0.01837	0.01238	0.01813	0.00940	0.00667	0.00695	0.00226	0.00924	0.00626	0.00311	0.00807
5	0.01141	0.00909	0.01248	0.05731	0.01550	0.01065	0.00966	0.01733	0.14865	0.01851	0.01983	0.02607	0.01735	0.04020	0.54330	0.00873	0.01519	0.00733	0.00428	0.00714
6	0.01411	0.00729	0.00950	0.00898	0.01039	0.00706	0.00647	0.01501	0.04133	0.11000	0.09376	0.06659	0.04432	0.03690	0.01607	0.34596	0.00496	0.00800	0.14763	0.00567
7	0.01044	0.00770	0.00959	0.01020	0.01162	0.00761	0.00795	0.01371	0.06205	0.01978	0.10736	0.12414	0.13123	0.16457	0.01391	0.00353	0.00539	0.27710	0.00606	0.00606
8	0.01064	0.00733	0.00973	0.07671	0.01406	0.00701	0.00786	0.01256	0.01454	0.07262	0.06073	0.42005	0.18257	0.01784	0.00830	0.00259	0.00461	0.05770	0.00624	0.00634
9	0.09879	0.00960	0.01129	0.01003	0.01310	0.00931	0.00780	0.02086	0.09245	0.20777	0.23777	0.10376	0.12534	0.01236	0.00730	0.00224	0.00446	0.01045	0.00711	0.00822
10	0.08904	0.00787	0.00851	0.00850	0.01032	0.00767	0.00618	0.01309	0.05518	0.02112	0.16872	0.15586	0.26056	0.12384	0.01166	0.00299	0.00434	0.03238	0.00607	0.00611
11	0.03525	0.00946	0.01135	0.01039	0.01289	0.00926	0.00791	0.09348	0.04314	0.14829	0.13594	0.17618	0.10833	0.10645	0.01112	0.00290	0.00512	0.05827	0.00666	0.00761
12	0.29749	0.00925	0.00915	0.00904	0.01134	0.00975	0.00681	0.02891	0.01418	0.02439	0.14133	0.21543	0.10015	0.06025	0.00856	0.00263	0.00460	0.03465	0.00565	0.00647
13	0.00963	0.00702	0.00800	0.00793	0.00982	0.00622	0.00590	0.01175	0.01612	0.04201	0.22249	0.10596	0.38389	0.05877	0.00953	0.00255	0.00379	0.03981	0.04274	0.00606
14	0.01257	0.00738	0.00933	0.00911	0.01069	0.00678	0.00648	0.01428	0.01513	0.13102	0.18157	0.24711	0.10928	0.17547	0.01384	0.00332	0.00468	0.02903	0.00647	0.00646
15	0.21665	0.01130	0.01267	0.01087	0.01470	0.01143	0.00873	0.04576	0.08000	0.27697	0.10250	0.05763	0.04264	0.03427	0.00751	0.00237	0.00532	0.04297	0.00672	0.00899
16	0.00918	0.00657	0.00778	0.00814	0.00882	0.00629	0.00527	0.01013	0.01244	0.01634	0.08080	0.22647	0.15544	0.35545	0.05678	0.00481	0.00576	0.01317	0.00530	0.00505
17	0.01011	0.00772	0.00900	0.00882	0.01075	0.00739	0.00661	0.01451	0.09452	0.02367	0.32587	0.12845	0.23794	0.01502	0.00788	0.00228	0.00370	0.03004	0.04907	0.00665
18	0.13888	0.00875	0.00953	0.00935	0.01155	0.00900	0.00724	0.01617	0.08684	0.02473	0.23536	0.09615	0.12022	0.04016	0.00825	0.00247	0.00437	0.09224	0.07194	0.00680
19	0.00864	0.00655	0.00776	0.00841	0.00963	0.00592	0.00591	0.01018	0.01438	0.01846	0.10968	0.33888	0.29032	0.09267	0.01106	0.00295	0.00408	0.04268	0.00624	0.00561
20	0.00910	0.00711	0.00811	0.00837	0.00997	0.00654	0.00603	0.01171	0.04974	0.01971	0.15292	0.21977	0.34054	0.08557	0.01067	0.00282	0.00402	0.03501	0.00636	0.00595

[dist]
# distance from previous block
# <min> <max>
0	4

[block]
# block no. 8 follows, 31 sequences, length 8
# corresponding to MSA columns:
# 601-608
name=unknown_I
#
# <colnr> <probs for GDERKNQSTAVLIFYWHMCP>
#	G	D	E	R	K	N	Q	S	T	A	V	L	I	F	Y	W	H	M	C	P
0	0.01297	0.00890	0.01220	0.09270	0.05016	0.00936	0.00915	0.03400	0.10040	0.04533	0.02431	0.18792	0.06730	0.01721	0.01445	0.28702	0.00577	0.00982	0.00481	0.00621
1	0.00953	0.00637	0.00818	0.00922	0.00997	0.00590	0.00621	0.01071	0.01330	0.05029	0.03823	0.59110	0.09802	0.09494	0.01122	0.00310	0.00428	0.01748	0.00623	0.00572
2	0.58518	0.01492	0.01304	0.01092	0.01551	0.01702	0.00900	0.21209	0.01749	0.03423	0.01149	0.01263	0.00861	0.00688	0.00498	0.00210	0.00593	0.00440	0.00498	0.00861
3	0.01357	0.01311	0.02233	0.58092	0.07771	0.01601	0.06583	0.01786	0.01361	0.01793	0.01198	0.01784	0.00928	0.00727	0.00856	0.00234	0.08668	0.00621	0.00308	0.00787
4	0.25882	0.01046	0.01234	0.15399	0.01947	0.01193	0.01040	0.01580	0.01328	0.02206	0.02528	0.05855	0.12107	0.01507	0.07286	0.00322	0.04229	0.12164	0.00463	0.00684
5	0.18243	0.19196	0.01999	0.01204	0.01697	0.01770	0.01035	0.17418	0.04803	0.18446	0.06505	0.01840	0.01538	0.00778	0.00583	0.00196	0.00625	0.00573	0.00580	0.00970
6	0.09176	0.12700	0.01765	0.01248	0.01659	0.01730	0.01021	0.11930	0.33711	0.02831	0.09572	0.02536	0.05469	0.00922	0.00647	0.00212	0.00566	0.00733	0.00611	0.00960
7	0.04480	0.36674	0.11985	0.09418	0.02387	0.04654	0.07112	0.02268	0.06090	0.07113	0.01309	0.01479	0.01031	0.00652	0.00566	0.00185	0.00810	0.00502	0.00373	0.00913

[dist]
# distance from previous block
# <min> <max>
5	8

[block]
# block no. 9 follows, 31 sequences, length 10
# corresponding to MSA columns:
# 617-626
name=unknown_J
#
# <colnr> <probs for GDERKNQSTAVLIFYWHMCP>
#	G	D	E	R	K	N	Q	S	T	A	V	L	I	F	Y	W	H	M	C	P
0	0.05736	0.00997	0.01104	0.06962	0.03300	0.06993	0.00850	0.01306	0.01373	0.01799	0.05972	0.20832	0.17216	0.01668	0.01161	0.15215	0.02264	0.04170	0.00498	0.00585
1	0.05460	0.06181	0.04694	0.01878	0.05530	0.21427	0.13335	0.05649	0.01687	0.10118	0.01373	0.01621	0.01073	0.00980	0.04892	0.00256	0.08734	0.00577	0.00419	0.04116
2	0.02308	0.18097	0.02291	0.01644	0.02012	0.52154	0.01307	0.02491	0.01744	0.01658	0.01021	0.01230	0.00882	0.00726	0.00731	0.00182	0.07940	0.00440	0.00335	0.00806
3	0.01604	0.08457	0.05262	0.08362	0.02174	0.01395	0.05036	0.09735	0.04933	0.02391	0.01326	0.01534	0.01054	0.00599	0.00571	0.00149	0.00658	0.00491	0.00422	0.43846
4	0.06320	0.08638	0.01994	0.01599	0.01911	0.37603	0.06192	0.02178	0.01614	0.01782	0.01459	0.08493	0.01427	0.05235	0.00962	0.00234	0.08067	0.03155	0.00386	0.00753
5	0.01051	0.00899	0.01231	0.07284	0.01567	0.00860	0.04573	0.01309	0.01536	0.02069	0.18077	0.16405	0.23217	0.01387	0.00848	0.00222	0.04551	0.01196	0.00567	0.11152
6	0.01633	0.01726	0.02162	0.23055	0.11059	0.15903	0.08129	0.01968	0.01500	0.01878	0.01370	0.05313	0.01215	0.00820	0.00865	0.00216	0.09571	0.02764	0.00357	0.08494
7	0.01048	0.00849	0.01115	0.01002	0.01197	0.00827	0.02746	0.01293	0.01598	0.02226	0.33376	0.11729	0.14877	0.06601	0.01109	0.00252	0.07606	0.01166	0.00607	0.08776
8	0.04679	0.07209	0.15257	0.01825	0.10439	0.09684	0.04554	0.02184	0.01553	0.13887	0.01780	0.11979	0.01562	0.00909	0.00755	0.00212	0.05036	0.00742	0.00460	0.05293
9	0.01597	0.16207	0.19729	0.08365	0.05371	0.06500	0.18689	0.02066	0.01489	0.01976	0.03891	0.01655	0.01144	0.00704	0.00805	0.00212	0.07776	0.00601	0.00330	0.00892

