[name]
unknown

[dist]
# distance from previous block
# <min> <max>
0	338

[block]
# block no. 0 follows, 31 sequences, length 6
# corresponding to MSA columns:
# 342-347
name=unknown_A
#
# <colnr> <probs for GDERKNQSTAVLIFYWHMCP>
#	G	D	E	R	K	N	Q	S	T	A	V	L	I	F	Y	W	H	M	C	P
0	0.01383	0.00909	0.01210	0.01304	0.05784	0.00869	0.00956	0.05645	0.01619	0.10577	0.03383	0.24397	0.08519	0.04158	0.00919	0.00275	0.00553	0.22704	0.00626	0.04209
1	0.05563	0.00964	0.01412	0.12810	0.09339	0.00991	0.03368	0.01559	0.01381	0.07294	0.05258	0.07749	0.08831	0.06680	0.01256	0.13996	0.00629	0.05944	0.04302	0.00675
2	0.01176	0.00811	0.01025	0.01077	0.03626	0.00773	0.00739	0.01478	0.06716	0.07881	0.05987	0.33808	0.12979	0.08821	0.05638	0.00337	0.00550	0.01362	0.00603	0.04614
3	0.01245	0.00799	0.00994	0.00973	0.01142	0.00780	0.00715	0.04390	0.05589	0.08159	0.23819	0.25789	0.04186	0.08492	0.01041	0.00277	0.00444	0.04473	0.06008	0.00686
4	0.01265	0.00830	0.01098	0.06650	0.01430	0.00845	0.00821	0.01489	0.03415	0.11523	0.06231	0.34655	0.11644	0.08523	0.01152	0.00292	0.05492	0.01365	0.00602	0.00677
5	0.01410	0.00990	0.01337	0.01174	0.01420	0.00993	0.06038	0.04015	0.07821	0.11706	0.09468	0.18052	0.16216	0.09821	0.01189	0.00289	0.05529	0.01175	0.00612	0.00745

[dist]
# distance from previous block
# <min> <max>
10	19

[block]
# block no. 1 follows, 31 sequences, length 22
# corresponding to MSA columns:
# 367-388
name=unknown_B
#
# <colnr> <probs for GDERKNQSTAVLIFYWHMCP>
#	G	D	E	R	K	N	Q	S	T	A	V	L	I	F	Y	W	H	M	C	P
0	0.01327	0.04838	0.06369	0.01039	0.01311	0.00965	0.00830	0.04511	0.04150	0.07271	0.08512	0.19540	0.02810	0.23159	0.01525	0.00345	0.00577	0.01052	0.00534	0.09335
1	0.01566	0.06010	0.53205	0.01816	0.02668	0.05462	0.02161	0.07728	0.06639	0.02328	0.01371	0.01550	0.01004	0.00804	0.02585	0.00236	0.00979	0.00531	0.00356	0.01001
2	0.01800	0.59114	0.10510	0.01310	0.01884	0.02469	0.01334	0.02075	0.01387	0.04426	0.01043	0.01218	0.00910	0.00658	0.00634	0.00170	0.07439	0.00414	0.00315	0.00891
3	0.02305	0.17910	0.08643	0.01651	0.02120	0.49010	0.01399	0.05883	0.01848	0.01838	0.01081	0.01246	0.00893	0.00682	0.00588	0.00175	0.01089	0.00440	0.00351	0.00848
4	0.01600	0.39823	0.38122	0.01562	0.02361	0.02146	0.01852	0.02108	0.01417	0.01889	0.01090	0.01272	0.00872	0.00618	0.00545	0.00182	0.00872	0.00436	0.00291	0.00945
5	0.01237	0.07634	0.01138	0.00870	0.00980	0.00999	0.00575	0.08185	0.01261	0.01662	0.01994	0.03878	0.02205	0.61354	0.02917	0.00569	0.00679	0.00899	0.00432	0.00534
6	0.02894	0.09153	0.01827	0.01262	0.01781	0.07706	0.01051	0.03146	0.01897	0.58477	0.02369	0.02102	0.01536	0.00807	0.00656	0.00202	0.00657	0.00632	0.00745	0.01101
7	0.01436	0.13723	0.62788	0.01841	0.02793	0.01745	0.02338	0.02150	0.01437	0.02089	0.01189	0.01396	0.00868	0.00641	0.00620	0.00207	0.00972	0.00486	0.00289	0.00992
8	0.00995	0.00663	0.00746	0.00746	0.00746	0.00663	0.00415	0.00995	0.00995	0.01327	0.02156	0.04477	0.02487	0.75957	0.03482	0.00663	0.00663	0.00995	0.00415	0.00415
9	0.01758	0.12040	0.50198	0.01712	0.02577	0.01613	0.02065	0.02379	0.01537	0.15681	0.01479	0.01573	0.01029	0.00680	0.00631	0.00207	0.00893	0.00524	0.00398	0.01024
10	0.01753	0.61786	0.13088	0.01383	0.02033	0.02493	0.05516	0.02074	0.01411	0.01722	0.01016	0.01191	0.00886	0.00594	0.00491	0.00161	0.00796	0.00412	0.00295	0.00899
11	0.01100	0.10202	0.01104	0.00800	0.00873	0.00921	0.00510	0.01128	0.01045	0.01362	0.02004	0.04051	0.02284	0.66460	0.03099	0.00598	0.00672	0.00916	0.00399	0.00473
12	0.01599	0.43933	0.28810	0.01428	0.02128	0.02145	0.01617	0.02015	0.01381	0.01795	0.01141	0.01472	0.00991	0.06109	0.00739	0.00210	0.00830	0.00463	0.00300	0.00893
13	0.01620	0.15690	0.26908	0.01407	0.02006	0.01558	0.01493	0.07358	0.05112	0.08430	0.12454	0.02377	0.02045	0.07604	0.00900	0.00243	0.00740	0.00677	0.00474	0.00905
14	0.09708	0.22255	0.43157	0.01573	0.02358	0.01827	0.01874	0.02057	0.01377	0.02070	0.01176	0.01480	0.00943	0.04625	0.00721	0.00221	0.00869	0.00481	0.00310	0.00917
15	0.01758	0.21970	0.14596	0.01906	0.13882	0.09153	0.03705	0.02196	0.04107	0.07194	0.11366	0.02015	0.01820	0.00761	0.00627	0.00192	0.00783	0.00617	0.00429	0.00924
16	0.06250	0.09865	0.24567	0.03829	0.02040	0.01451	0.01425	0.08976	0.01547	0.05365	0.01579	0.06022	0.01408	0.12790	0.01070	0.00270	0.00757	0.00652	0.00417	0.09720
17	0.08889	0.03837	0.02936	0.01373	0.05674	0.06448	0.01033	0.04639	0.07111	0.14786	0.07375	0.04211	0.03316	0.05216	0.17294	0.00434	0.03328	0.00735	0.00532	0.00836
18	0.03416	0.06911	0.10669	0.01344	0.01829	0.01230	0.07300	0.06783	0.01751	0.14043	0.14051	0.03184	0.09507	0.01138	0.03159	0.00239	0.00681	0.04868	0.00566	0.07330
19	0.05085	0.01794	0.18277	0.01489	0.04159	0.03730	0.03618	0.08099	0.07906	0.06573	0.10671	0.08159	0.04392	0.05046	0.02581	0.00261	0.02142	0.00817	0.00516	0.04685
20	0.01693	0.02257	0.23709	0.01600	0.04393	0.12776	0.03789	0.06961	0.01736	0.06675	0.06566	0.02319	0.09311	0.00830	0.00663	0.00194	0.00805	0.00667	0.00453	0.12606
21	0.01923	0.09487	0.11986	0.04104	0.07050	0.09245	0.02935	0.05858	0.11954	0.13873	0.07133	0.02134	0.03166	0.00800	0.00653	0.00199	0.00743	0.00648	0.00523	0.05584

[dist]
# distance from previous block
# <min> <max>
7	38

[block]
# block no. 2 follows, 31 sequences, length 16
# corresponding to MSA columns:
# 427-442
name=unknown_C
#
# <colnr> <probs for GDERKNQSTAVLIFYWHMCP>
#	G	D	E	R	K	N	Q	S	T	A	V	L	I	F	Y	W	H	M	C	P
0	0.01561	0.08230	0.17617	0.07572	0.10500	0.03336	0.01518	0.12686	0.01790	0.02430	0.09673	0.04321	0.05121	0.04003	0.00798	0.00228	0.00747	0.03660	0.00463	0.03747
1	0.01750	0.11345	0.17405	0.02125	0.18214	0.01621	0.03986	0.10547	0.03109	0.07568	0.08121	0.02187	0.01706	0.00788	0.00665	0.00203	0.00762	0.03371	0.00464	0.04065
2	0.01745	0.11507	0.24081	0.01604	0.02208	0.08026	0.05375	0.12439	0.03875	0.04397	0.01520	0.04998	0.01278	0.05381	0.02933	0.00255	0.02637	0.00627	0.00419	0.04691
3	0.01850	0.14645	0.15245	0.05550	0.07245	0.03317	0.01432	0.10855	0.04930	0.13213	0.02127	0.09129	0.05748	0.00915	0.00661	0.00209	0.00727	0.00745	0.00507	0.00951
4	0.01878	0.17240	0.15941	0.01510	0.02065	0.11664	0.07194	0.06467	0.01693	0.11541	0.03921	0.02232	0.06956	0.05814	0.00830	0.00227	0.00827	0.00655	0.00454	0.00891
5	0.05048	0.08535	0.16474	0.01599	0.02085	0.12782	0.11999	0.02002	0.05387	0.02041	0.06986	0.09491	0.03980	0.07532	0.00932	0.00253	0.00835	0.00807	0.00427	0.00805
6	0.01718	0.20872	0.15085	0.01609	0.03891	0.07163	0.08703	0.08755	0.04089	0.04470	0.05810	0.02101	0.04559	0.03895	0.04198	0.00256	0.00866	0.00642	0.00425	0.00893
7	0.05188	0.15570	0.27444	0.01456	0.02036	0.03805	0.04280	0.04374	0.03196	0.04178	0.01487	0.02136	0.01316	0.17151	0.03372	0.00326	0.00865	0.00614	0.00372	0.00835
8	0.01727	0.35292	0.24222	0.01420	0.02083	0.05164	0.01534	0.05886	0.01594	0.05354	0.04428	0.01793	0.05371	0.00738	0.00575	0.00184	0.00794	0.00542	0.00382	0.00917
9	0.05128	0.38602	0.36004	0.01527	0.02306	0.02126	0.01793	0.02103	0.01406	0.01938	0.01082	0.01262	0.00867	0.00618	0.00538	0.00182	0.00855	0.00432	0.00297	0.00935
10	0.01670	0.48723	0.19044	0.01526	0.02198	0.02264	0.08426	0.02060	0.01434	0.01816	0.01185	0.01567	0.01037	0.00661	0.00548	0.00179	0.00833	0.03616	0.00313	0.00901
11	0.11572	0.42553	0.17472	0.01465	0.05071	0.04626	0.01443	0.02167	0.04579	0.01995	0.01112	0.01270	0.00924	0.00626	0.00510	0.00177	0.00777	0.00428	0.00331	0.00904
12	0.23213	0.07828	0.07332	0.01020	0.01408	0.01231	0.00911	0.04685	0.01588	0.05625	0.19163	0.03218	0.14732	0.01228	0.03870	0.00250	0.00576	0.00822	0.00545	0.00756
13	0.05511	0.00802	0.00898	0.00883	0.01089	0.00764	0.00663	0.06179	0.01693	0.02290	0.20232	0.20587	0.30537	0.01621	0.00796	0.00237	0.00402	0.03521	0.00654	0.00643
14	0.00956	0.00930	0.06925	0.00925	0.01163	0.00703	0.00777	0.01267	0.01756	0.02409	0.45244	0.11437	0.20002	0.01475	0.00800	0.00224	0.00393	0.01284	0.00677	0.00654
15	0.01413	0.14216	0.43850	0.01576	0.02329	0.01569	0.01865	0.02047	0.03869	0.03927	0.12016	0.02211	0.04664	0.00811	0.00650	0.00206	0.00810	0.00646	0.00401	0.00924

[dist]
# distance from previous block
# <min> <max>
4	11

[block]
# block no. 3 follows, 31 sequences, length 11
# corresponding to MSA columns:
# 454-464
name=unknown_D
#
# <colnr> <probs for GDERKNQSTAVLIFYWHMCP>
#	G	D	E	R	K	N	Q	S	T	A	V	L	I	F	Y	W	H	M	C	P
0	0.01403	0.05138	0.41945	0.05348	0.02727	0.01518	0.09932	0.02140	0.06803	0.02194	0.04229	0.04794	0.01367	0.00743	0.00671	0.00211	0.00887	0.00643	0.00369	0.06937
1	0.01426	0.12141	0.64282	0.01858	0.02819	0.01721	0.02367	0.02153	0.01438	0.02101	0.01195	0.01403	0.00868	0.00642	0.00625	0.00208	0.00978	0.00489	0.00289	0.00995
2	0.01372	0.03539	0.72412	0.01950	0.02961	0.01589	0.02528	0.02167	0.01444	0.02167	0.01228	0.01444	0.00867	0.00650	0.00650	0.00217	0.01011	0.00506	0.00289	0.01011
3	0.00995	0.00663	0.00746	0.00746	0.00746	0.00663	0.00415	0.00995	0.00995	0.01327	0.02156	0.04477	0.02487	0.75957	0.03482	0.00663	0.00663	0.00995	0.00415	0.00415
4	0.01372	0.03539	0.72412	0.01950	0.02961	0.01589	0.02528	0.02167	0.01444	0.02167	0.01228	0.01444	0.00867	0.00650	0.00650	0.00217	0.01011	0.00506	0.00289	0.01011
5	0.80789	0.01323	0.01006	0.00900	0.01323	0.01535	0.00741	0.02011	0.01164	0.03070	0.00953	0.01111	0.00741	0.00635	0.00423	0.00212	0.00529	0.00370	0.00423	0.00741
6	0.00951	0.00653	0.00794	0.00833	0.00860	0.00650	0.00517	0.01015	0.01127	0.01519	0.05612	0.22771	0.03129	0.47887	0.08241	0.00578	0.00672	0.01231	0.00483	0.00477
7	0.10047	0.44754	0.11645	0.01375	0.01997	0.02165	0.06417	0.02228	0.01460	0.10517	0.01232	0.01349	0.00974	0.00630	0.00522	0.00176	0.00759	0.00456	0.00378	0.00919
8	0.22536	0.07421	0.06932	0.01247	0.01711	0.08251	0.01096	0.10307	0.03827	0.15381	0.09570	0.02250	0.01843	0.00856	0.00616	0.00209	0.00666	0.03823	0.00560	0.00898
9	0.18169	0.04078	0.14672	0.01587	0.07556	0.05021	0.01349	0.05449	0.17489	0.08987	0.03619	0.01821	0.01393	0.00747	0.00609	0.00207	0.00691	0.00577	0.00506	0.05473
10	0.18276	0.15392	0.06066	0.10033	0.07497	0.03985	0.04165	0.02136	0.10267	0.02261	0.01810	0.01964	0.07068	0.00754	0.00585	0.00198	0.00695	0.00590	0.00417	0.05840

[dist]
# distance from previous block
# <min> <max>
1	12

[block]
# block no. 4 follows, 31 sequences, length 15
# corresponding to MSA columns:
# 477-491
name=unknown_E
#
# <colnr> <probs for GDERKNQSTAVLIFYWHMCP>
#	G	D	E	R	K	N	Q	S	T	A	V	L	I	F	Y	W	H	M	C	P
0	0.04161	0.19511	0.07378	0.16353	0.26701	0.04333	0.01696	0.02083	0.01487	0.05102	0.01230	0.01542	0.00993	0.00631	0.00603	0.00191	0.00809	0.00525	0.00346	0.04324
1	0.06481	0.04627	0.08115	0.02490	0.24859	0.07802	0.09698	0.07412	0.08685	0.02416	0.01538	0.01761	0.02651	0.00682	0.00652	0.00198	0.00816	0.00604	0.00415	0.08099
2	0.09350	0.20806	0.02342	0.05098	0.18827	0.07901	0.01349	0.04360	0.04498	0.02192	0.05881	0.01890	0.01458	0.00745	0.00643	0.00190	0.03025	0.02809	0.00402	0.06235
3	0.05332	0.02218	0.30639	0.01587	0.02279	0.01413	0.04646	0.06567	0.09071	0.21085	0.04428	0.02122	0.03927	0.00803	0.00675	0.00217	0.00769	0.00655	0.00541	0.01025
4	0.01612	0.02343	0.36213	0.01615	0.02378	0.01290	0.06324	0.02170	0.01565	0.12373	0.07120	0.01891	0.01482	0.00703	0.00648	0.00192	0.00793	0.00590	0.00437	0.18263
5	0.01624	0.01343	0.01527	0.01125	0.01710	0.01151	0.00905	0.12626	0.05762	0.02598	0.01376	0.01521	0.01100	0.00582	0.00546	0.00126	0.00548	0.00461	0.00467	0.62902
6	0.01646	0.01633	0.05412	0.06697	0.47152	0.01592	0.01825	0.02377	0.15583	0.02336	0.01582	0.01848	0.01267	0.00674	0.00670	0.00205	0.00753	0.00626	0.00412	0.05711
7	0.00824	0.00633	0.00755	0.00853	0.00966	0.00564	0.00591	0.00964	0.01406	0.01785	0.04983	0.49058	0.30194	0.01986	0.00848	0.00260	0.00378	0.01753	0.00635	0.00564
8	0.01692	0.01546	0.01704	0.01800	0.12489	0.06095	0.01216	0.03150	0.50220	0.02652	0.05631	0.02585	0.04357	0.00913	0.00697	0.00223	0.00610	0.00770	0.00620	0.01029
9	0.00825	0.00694	0.00717	0.00711	0.00934	0.00585	0.00533	0.01015	0.01599	0.01943	0.13755	0.06428	0.64528	0.01697	0.00808	0.00229	0.00344	0.01422	0.00648	0.00585
10	0.01837	0.01334	0.01503	0.01292	0.01708	0.01411	0.01028	0.07554	0.39139	0.12621	0.06891	0.02818	0.02236	0.00951	0.00695	0.00216	0.00549	0.05017	0.00681	0.10519
11	0.01877	0.01981	0.02582	0.03441	0.49194	0.17138	0.05081	0.02333	0.05752	0.02149	0.01331	0.01652	0.01098	0.00648	0.00672	0.00200	0.00904	0.00592	0.00363	0.01013
12	0.01023	0.00816	0.01101	0.01248	0.10026	0.00755	0.00802	0.01322	0.01800	0.02469	0.47298	0.05019	0.20983	0.01376	0.00791	0.00217	0.00391	0.01205	0.00673	0.00686
13	0.01361	0.01150	0.01354	0.00994	0.01545	0.00878	0.00790	0.01668	0.01485	0.02295	0.10172	0.01890	0.01708	0.00621	0.00545	0.00116	0.00483	0.00512	0.00450	0.69984
14	0.00964	0.00729	0.00928	0.00969	0.01132	0.00662	0.00716	0.01156	0.01407	0.01901	0.07675	0.37883	0.11937	0.04009	0.05150	0.00310	0.00525	0.10616	0.00590	0.10740

[dist]
# distance from previous block
# <min> <max>
0	1

[block]
# block no. 5 follows, 31 sequences, length 62
# corresponding to MSA columns:
# 493-554
name=unknown_F
#
# <colnr> <probs for GDERKNQSTAVLIFYWHMCP>
#	G	D	E	R	K	N	Q	S	T	A	V	L	I	F	Y	W	H	M	C	P
0	0.01250	0.00880	0.00960	0.00947	0.01052	0.04471	0.00632	0.04961	0.01380	0.06500	0.06338	0.26568	0.03138	0.35510	0.02023	0.00436	0.00589	0.01239	0.00543	0.00583
1	0.01342	0.01269	0.02130	0.64384	0.11703	0.01551	0.01907	0.01782	0.01377	0.01796	0.01213	0.01799	0.00930	0.00694	0.00737	0.00228	0.03450	0.00608	0.00308	0.00794
2	0.02065	0.05194	0.04325	0.01311	0.01793	0.03264	0.03112	0.06199	0.20647	0.23763	0.09529	0.02401	0.02083	0.00853	0.00668	0.00200	0.00601	0.00706	0.00657	0.10628
3	0.01582	0.04139	0.01951	0.35385	0.03137	0.17804	0.01543	0.01879	0.01438	0.01709	0.01388	0.09413	0.01284	0.00927	0.00946	0.00231	0.13445	0.00702	0.00349	0.00748
4	0.01188	0.00594	0.00891	0.00891	0.00891	0.00594	0.00594	0.00891	0.00891	0.01188	0.01188	0.02080	0.01188	0.02377	0.02674	0.80095	0.00594	0.00594	0.00297	0.00297
5	0.01791	0.65874	0.03316	0.01219	0.01741	0.05010	0.01176	0.02007	0.01376	0.01613	0.01000	0.01209	0.00924	0.00868	0.04493	0.00207	0.04623	0.00400	0.00299	0.00854
6	0.04783	0.01904	0.01942	0.01531	0.02024	0.09457	0.01251	0.46803	0.02720	0.14438	0.01689	0.01684	0.01191	0.00827	0.00748	0.00208	0.04459	0.00601	0.00648	0.01092
7	0.00985	0.00703	0.00945	0.00945	0.01014	0.00771	0.00663	0.01123	0.01054	0.01474	0.01974	0.03470	0.02050	0.36082	0.42759	0.00909	0.01322	0.00847	0.00387	0.00525
8	0.01077	0.00671	0.00994	0.00994	0.01067	0.00738	0.00731	0.01100	0.01027	0.01463	0.01582	0.02430	0.01496	0.03807	0.40938	0.33810	0.01256	0.00671	0.03665	0.00482
9	0.00883	0.00643	0.00843	0.00984	0.01067	0.00603	0.00713	0.01045	0.01387	0.01815	0.04077	0.55121	0.11494	0.02051	0.00880	0.00280	0.00437	0.14471	0.00634	0.00572
10	0.01372	0.03539	0.72412	0.01950	0.02961	0.01589	0.02528	0.02167	0.01444	0.02167	0.01228	0.01444	0.00867	0.00650	0.00650	0.00217	0.01011	0.00506	0.00289	0.01011
11	0.10627	0.00807	0.00895	0.00945	0.01170	0.00778	0.00780	0.01281	0.01518	0.02076	0.04882	0.06374	0.35851	0.01662	0.00816	0.00262	0.00482	0.27569	0.00607	0.00618
12	0.00832	0.00602	0.00787	0.00935	0.00988	0.00557	0.00627	0.00955	0.01327	0.01753	0.03984	0.70855	0.09042	0.02116	0.00869	0.00275	0.00394	0.01911	0.00635	0.00557
13	0.01058	0.00751	0.01027	0.01168	0.01295	0.00746	0.00973	0.01316	0.01481	0.01935	0.03485	0.15597	0.03855	0.09763	0.01205	0.00347	0.00605	0.52186	0.00608	0.00598
14	0.00926	0.00668	0.00786	0.00813	0.00968	0.00606	0.00596	0.01151	0.01594	0.02172	0.23978	0.21923	0.26568	0.01625	0.00787	0.00231	0.00357	0.03386	0.10265	0.00601
15	0.06636	0.01207	0.01432	0.01175	0.01605	0.01198	0.00952	0.10163	0.13090	0.35865	0.04408	0.02569	0.03704	0.00903	0.00662	0.00211	0.00547	0.02312	0.10339	0.01022
16	0.71091	0.01235	0.00980	0.00906	0.01283	0.01416	0.00728	0.01883	0.01182	0.02909	0.01294	0.10135	0.01200	0.00818	0.00478	0.00220	0.00513	0.00561	0.00449	0.00718
17	0.00834	0.00595	0.00794	0.00953	0.00992	0.00556	0.00635	0.00953	0.01310	0.01746	0.03771	0.75510	0.04525	0.02143	0.00873	0.00278	0.00397	0.01945	0.00635	0.00556
18	0.01232	0.00749	0.00966	0.00960	0.01136	0.00690	0.00708	0.01486	0.03235	0.12248	0.23745	0.30947	0.10606	0.03698	0.00893	0.00257	0.00419	0.04646	0.00696	0.00684
19	0.01428	0.00849	0.01093	0.00983	0.01219	0.00796	0.00751	0.06204	0.01945	0.14830	0.45862	0.13548	0.05016	0.01360	0.00787	0.00222	0.00407	0.01192	0.00749	0.00759
20	0.00977	0.00733	0.01100	0.01100	0.01222	0.00855	0.00855	0.01222	0.01100	0.01588	0.01833	0.02688	0.01710	0.05131	0.73245	0.01100	0.01833	0.00733	0.00367	0.00611
21	0.01375	0.00751	0.00891	0.00825	0.00926	0.00723	0.00522	0.01436	0.01185	0.13969	0.02255	0.04014	0.02315	0.59455	0.02860	0.00562	0.00634	0.00925	0.03817	0.00557
22	0.01176	0.00783	0.00902	0.00885	0.01095	0.00719	0.00646	0.01472	0.06848	0.10367	0.06408	0.23209	0.33520	0.07544	0.01014	0.00275	0.00428	0.01389	0.00651	0.00671
23	0.02618	0.03006	0.01896	0.01696	0.02070	0.64452	0.01284	0.02805	0.01941	0.10224	0.01257	0.01367	0.00980	0.00722	0.00626	0.00181	0.01155	0.00471	0.00412	0.00838
24	0.00984	0.00705	0.00960	0.00960	0.01034	0.00779	0.00681	0.01132	0.01058	0.01485	0.01960	0.03395	0.02018	0.33140	0.45657	0.00927	0.01370	0.00837	0.00385	0.00533
25	0.01593	0.00825	0.01035	0.00941	0.01166	0.00749	0.00691	0.01757	0.01523	0.23493	0.09152	0.12022	0.13563	0.23248	0.01569	0.00360	0.00530	0.04420	0.00646	0.00717
26	0.02057	0.01068	0.01340	0.01138	0.01514	0.01023	0.00911	0.02668	0.15721	0.33895	0.18795	0.03577	0.07690	0.01103	0.00738	0.00223	0.00501	0.04306	0.00769	0.00962
27	0.80789	0.01323	0.01006	0.00900	0.01323	0.01535	0.00741	0.02011	0.01164	0.03070	0.00953	0.01111	0.00741	0.00635	0.00423	0.00212	0.00529	0.00370	0.00423	0.00741
28	0.01550	0.01505	0.02437	0.34218	0.40579	0.04003	0.01988	0.01970	0.01489	0.02007	0.01249	0.01734	0.01003	0.00645	0.00678	0.00213	0.00870	0.00603	0.00324	0.00935
29	0.02560	0.01829	0.01845	0.01553	0.04300	0.12809	0.01203	0.29976	0.09269	0.22443	0.01960	0.01938	0.01392	0.02827	0.00751	0.00217	0.00759	0.00634	0.00660	0.01075
30	0.01673	0.01605	0.02740	0.07729	0.68317	0.01620	0.02090	0.02082	0.01548	0.02211	0.01283	0.01700	0.01075	0.00613	0.00678	0.00204	0.00818	0.00609	0.00337	0.01067
31	0.02556	0.03261	0.01939	0.01763	0.02115	0.73210	0.01322	0.02732	0.01939	0.01674	0.01058	0.01234	0.00881	0.00705	0.00617	0.00176	0.01234	0.00441	0.00353	0.00793
32	0.05260	0.01215	0.01486	0.03643	0.01707	0.01274	0.02582	0.10001	0.15104	0.21705	0.04873	0.06382	0.09260	0.01177	0.03280	0.00254	0.04328	0.00837	0.04696	0.00937
33	0.01752	0.01535	0.02262	0.30754	0.24730	0.03526	0.01786	0.13811	0.01766	0.04724	0.01339	0.01732	0.01034	0.00724	0.00780	0.00219	0.05570	0.00608	0.00401	0.00945
34	0.00843	0.00676	0.00745	0.00785	0.00958	0.00590	0.00573	0.01009	0.01491	0.01840	0.07976	0.21148	0.48181	0.05519	0.00963	0.00266	0.00387	0.04852	0.00628	0.00570
35	0.02980	0.01138	0.01540	0.01188	0.01699	0.00987	0.00979	0.03247	0.01932	0.68691	0.02676	0.02340	0.01697	0.00844	0.00678	0.00209	0.00569	0.00685	0.04782	0.01138
36	0.01909	0.05409	0.23915	0.01837	0.02433	0.30070	0.09101	0.04268	0.05449	0.02090	0.05997	0.01705	0.01343	0.00732	0.00661	0.00200	0.01027	0.00575	0.00385	0.00894
37	0.01834	0.01497	0.01778	0.03460	0.05365	0.12378	0.09316	0.07200	0.05802	0.13435	0.09434	0.10852	0.05870	0.01073	0.00734	0.00221	0.00716	0.04271	0.03902	0.00859
38	0.01160	0.00604	0.00870	0.00870	0.00870	0.00604	0.00567	0.00907	0.00907	0.01209	0.01332	0.02437	0.01382	0.13339	0.02794	0.68261	0.00604	0.00654	0.00315	0.00315
39	0.00893	0.00635	0.00842	0.00939	0.00986	0.00633	0.00632	0.01012	0.01207	0.01633	0.03084	0.47653	0.03589	0.17436	0.14990	0.00509	0.00720	0.01528	0.00541	0.00538
40	0.01928	0.01827	0.02323	0.02109	0.10692	0.13402	0.16126	0.15418	0.09393	0.04528	0.04395	0.02515	0.01687	0.00980	0.02673	0.00244	0.00900	0.07409	0.00508	0.00943
41	0.01609	0.20324	0.08582	0.01351	0.01781	0.01809	0.01203	0.06296	0.28632	0.02330	0.02172	0.13297	0.01936	0.01013	0.00734	0.00218	0.04446	0.00810	0.00527	0.00930
42	0.01556	0.01602	0.02185	0.01849	0.01902	0.05624	0.04897	0.01728	0.01121	0.01675	0.00930	0.01501	0.00904	0.01142	0.02092	0.00290	0.67337	0.00601	0.00304	0.00759
43	0.01557	0.01509	0.02639	0.26915	0.44575	0.01599	0.07272	0.01992	0.01500	0.02073	0.01271	0.01748	0.01024	0.00631	0.00690	0.00213	0.00872	0.00624	0.00328	0.00966
44	0.07749	0.01759	0.05616	0.02096	0.06043	0.03508	0.28687	0.11993	0.05155	0.08848	0.01534	0.01747	0.01132	0.00657	0.00690	0.00205	0.00869	0.00654	0.00467	0.10590
45	0.00866	0.00630	0.00809	0.00930	0.01004	0.00586	0.00645	0.01010	0.01372	0.01808	0.07427	0.55347	0.11966	0.06050	0.01010	0.00293	0.00419	0.06638	0.00629	0.00561
46	0.00834	0.00595	0.00794	0.00953	0.00992	0.00556	0.00635	0.00953	0.01310	0.01746	0.03771	0.75510	0.04525	0.02143	0.00873	0.00278	0.00397	0.01945	0.00635	0.00556
47	0.01562	0.11252	0.40267	0.05346	0.02600	0.05276	0.04434	0.09042	0.01643	0.02241	0.01583	0.07090	0.03137	0.00803	0.00656	0.00211	0.00900	0.00647	0.00372	0.00939
48	0.01590	0.35971	0.38767	0.01696	0.05304	0.02090	0.01904	0.02111	0.01425	0.01921	0.01107	0.01300	0.00881	0.00619	0.00557	0.00185	0.00878	0.00448	0.00293	0.00955
49	0.02556	0.03261	0.01939	0.01763	0.02115	0.73210	0.01322	0.02732	0.01939	0.01674	0.01058	0.01234	0.00881	0.00705	0.00617	0.00176	0.01234	0.00441	0.00353	0.00793
50	0.00995	0.00663	0.00746	0.00746	0.00746	0.00663	0.00415	0.00995	0.00995	0.01327	0.02156	0.04477	0.02487	0.75957	0.03482	0.00663	0.00663	0.00995	0.00415	0.00415
51	0.02353	0.01548	0.01733	0.01388	0.01860	0.01661	0.01126	0.35324	0.17171	0.17648	0.07142	0.02249	0.01865	0.00890	0.00691	0.00212	0.00631	0.00710	0.02700	0.01096
52	0.00834	0.00595	0.00794	0.00953	0.00992	0.00556	0.00635	0.00953	0.01310	0.01746	0.03771	0.75510	0.04525	0.02143	0.00873	0.00278	0.00397	0.01945	0.00635	0.00556
53	0.00949	0.00699	0.00888	0.00841	0.01010	0.00637	0.00630	0.01254	0.01891	0.02636	0.63569	0.05288	0.14281	0.01439	0.00807	0.00217	0.00326	0.01262	0.00739	0.00637
54	0.80789	0.01323	0.01006	0.00900	0.01323	0.01535	0.00741	0.02011	0.01164	0.03070	0.00953	0.01111	0.00741	0.00635	0.00423	0.00212	0.00529	0.00370	0.00423	0.00741
55	0.01745	0.60983	0.11803	0.01320	0.01906	0.02518	0.01364	0.02028	0.01367	0.01680	0.00980	0.01174	0.00878	0.00647	0.00623	0.00168	0.07239	0.00403	0.00293	0.00883
56	0.01778	0.37615	0.06395	0.01323	0.01845	0.02195	0.01212	0.05237	0.30995	0.02276	0.01776	0.01759	0.01406	0.00744	0.00570	0.00189	0.00666	0.00557	0.00480	0.00983
57	0.67525	0.01371	0.01145	0.00990	0.01429	0.01563	0.00814	0.08106	0.03234	0.06927	0.01157	0.01263	0.00866	0.00671	0.00468	0.00212	0.00552	0.00420	0.00477	0.00811
58	0.01981	0.01718	0.02270	0.08534	0.37670	0.11011	0.01681	0.04469	0.07417	0.12162	0.03335	0.01888	0.01350	0.00714	0.00676	0.00206	0.00807	0.00628	0.00460	0.01023
59	0.01788	0.05554	0.06507	0.01559	0.06442	0.04988	0.02786	0.19037	0.05556	0.07955	0.06907	0.13316	0.04241	0.01161	0.00739	0.00229	0.00678	0.09062	0.00591	0.00902
60	0.01782	0.09063	0.25893	0.01556	0.02166	0.12331	0.01582	0.16146	0.04841	0.02574	0.10116	0.02171	0.05179	0.00845	0.00662	0.00203	0.00829	0.00653	0.00472	0.00936
61	0.01722	0.14322	0.12750	0.03728	0.05254	0.19525	0.01341	0.05579	0.05900	0.02127	0.10455	0.02506	0.10244	0.00901	0.00652	0.00197	0.00803	0.00699	0.00452	0.00846

[dist]
# distance from previous block
# <min> <max>
2	5

[block]
# block no. 6 follows, 31 sequences, length 73
# corresponding to MSA columns:
# 568-609,614-618,625-629,632-652
name=unknown_G
#
# <colnr> <probs for GDERKNQSTAVLIFYWHMCP>
#	G	D	E	R	K	N	Q	S	T	A	V	L	I	F	Y	W	H	M	C	P
0	0.05230	0.01795	0.01730	0.12665	0.02259	0.21525	0.04195	0.05785	0.01703	0.05683	0.05607	0.01990	0.03738	0.03318	0.00724	0.00194	0.00811	0.00593	0.00439	0.20015
1	0.66422	0.03785	0.01193	0.00992	0.01411	0.03995	0.00817	0.06449	0.01330	0.02983	0.01046	0.01230	0.00827	0.00876	0.04144	0.00253	0.00640	0.00407	0.00431	0.00768
2	0.00929	0.00633	0.00825	0.00919	0.00969	0.00599	0.00610	0.00993	0.01218	0.01633	0.03109	0.49768	0.03659	0.16012	0.01548	0.08866	0.00479	0.03773	0.00550	0.02910
3	0.01087	0.00914	0.01067	0.08770	0.01531	0.03307	0.00852	0.03383	0.04637	0.02170	0.19737	0.09440	0.29077	0.01493	0.00801	0.00238	0.00492	0.09719	0.00620	0.00664
4	0.01638	0.01569	0.02677	0.13882	0.62439	0.01611	0.02072	0.02051	0.01532	0.02168	0.01277	0.01711	0.01060	0.00620	0.00678	0.00207	0.00826	0.00609	0.00334	0.01039
5	0.01428	0.11159	0.63016	0.01897	0.02853	0.01711	0.04476	0.02155	0.01444	0.02109	0.01204	0.01420	0.00873	0.00641	0.00633	0.00210	0.00986	0.00500	0.00291	0.00994
6	0.02651	0.01836	0.02003	0.01536	0.02082	0.02002	0.01269	0.62355	0.03082	0.11554	0.01755	0.01716	0.01220	0.00824	0.00685	0.00206	0.00735	0.00624	0.00702	0.01164
7	0.01430	0.10407	0.61892	0.01929	0.02881	0.01704	0.06237	0.02157	0.01449	0.02115	0.01210	0.01434	0.00878	0.00640	0.00639	0.00211	0.00993	0.00510	0.00293	0.00993
8	0.02383	0.02093	0.02039	0.01652	0.02059	0.15650	0.01342	0.43859	0.02562	0.03304	0.01390	0.01537	0.01059	0.00870	0.00968	0.00218	0.14874	0.00579	0.00548	0.01014
9	0.01189	0.01034	0.01695	0.01411	0.01685	0.01012	0.17485	0.03809	0.01580	0.02191	0.13487	0.22271	0.12919	0.01343	0.00868	0.00236	0.04846	0.01224	0.09010	0.00703
10	0.00982	0.00714	0.01003	0.01003	0.01092	0.00803	0.00735	0.01160	0.01071	0.01517	0.01920	0.03174	0.01922	0.24398	0.54267	0.00981	0.01514	0.00804	0.00380	0.00557
11	0.02022	0.01697	0.03896	0.01476	0.01941	0.01853	0.01207	0.27784	0.43615	0.03374	0.02317	0.02184	0.01711	0.00880	0.00690	0.00222	0.00634	0.00707	0.00679	0.01110
12	0.00860	0.00625	0.00817	0.00960	0.01031	0.00583	0.00674	0.01005	0.01362	0.01788	0.04062	0.61578	0.10960	0.02076	0.00875	0.00277	0.00417	0.08849	0.00635	0.00566
13	0.01124	0.00636	0.00954	0.00954	0.00991	0.00673	0.00673	0.00991	0.00954	0.01309	0.01383	0.02264	0.01346	0.03210	0.24036	0.56183	0.00969	0.00636	0.00318	0.00392
14	0.01275	0.00638	0.00638	0.00638	0.00797	0.00638	0.00478	0.01594	0.01435	0.02551	0.02232	0.02551	0.01754	0.00797	0.00478	0.00159	0.00319	0.00638	0.79755	0.00638
15	0.02601	0.01916	0.02053	0.01574	0.02122	0.02122	0.01300	0.69408	0.03217	0.04312	0.01643	0.01643	0.01163	0.00821	0.00684	0.00205	0.00753	0.00616	0.00684	0.01163
16	0.80789	0.01323	0.01006	0.00900	0.01323	0.01535	0.00741	0.02011	0.01164	0.03070	0.00953	0.01111	0.00741	0.00635	0.00423	0.00212	0.00529	0.00370	0.00423	0.00741
17	0.01292	0.01216	0.02052	0.74312	0.04712	0.01520	0.01900	0.01748	0.01368	0.01748	0.01216	0.01824	0.00912	0.00684	0.00684	0.00228	0.00912	0.00608	0.00304	0.00760
18	0.01401	0.01133	0.01273	0.01164	0.01452	0.01231	0.00900	0.05946	0.35038	0.02798	0.28186	0.06276	0.05996	0.01193	0.00754	0.00228	0.00463	0.02978	0.00710	0.00878
19	0.25302	0.00841	0.00764	0.00747	0.00975	0.00901	0.00573	0.01659	0.01341	0.02631	0.01992	0.09093	0.01712	0.00877	0.00499	0.00187	0.00390	0.00682	0.48173	0.00661
20	0.01246	0.00644	0.00664	0.00659	0.00819	0.00638	0.00494	0.01565	0.01483	0.02569	0.08841	0.02795	0.02203	0.00855	0.00510	0.00165	0.00319	0.00695	0.72198	0.00638
21	0.01507	0.18830	0.55648	0.01780	0.02680	0.04165	0.02203	0.02160	0.01449	0.02033	0.01164	0.01365	0.00870	0.00638	0.00605	0.00201	0.00960	0.00474	0.00292	0.00976
22	0.57073	0.01456	0.01271	0.01070	0.01517	0.01658	0.00880	0.19944	0.01721	0.03381	0.01183	0.01305	0.00890	0.00691	0.00495	0.00208	0.00581	0.00446	0.03381	0.00850
23	0.01076	0.00768	0.01072	0.01229	0.01375	0.00764	0.01056	0.01371	0.01549	0.02018	0.03637	0.14451	0.03996	0.01915	0.00938	0.00311	0.00607	0.60614	0.00630	0.00623
24	0.00834	0.00595	0.00794	0.00953	0.00992	0.00556	0.00635	0.00953	0.01310	0.01746	0.03771	0.75510	0.04525	0.02143	0.00873	0.00278	0.00397	0.01945	0.00635	0.00556
25	0.00920	0.00687	0.00855	0.00835	0.00998	0.00622	0.00618	0.01190	0.01790	0.02448	0.50523	0.12936	0.19962	0.01549	0.00814	0.00225	0.00336	0.01356	0.00716	0.00622
26	0.01407	0.03318	0.64848	0.01890	0.02835	0.01601	0.02373	0.02323	0.08810	0.02241	0.01394	0.01563	0.00997	0.00680	0.00655	0.00218	0.00961	0.00534	0.00332	0.01019
27	0.00834	0.00595	0.00794	0.00953	0.00992	0.00556	0.00635	0.00953	0.01310	0.01746	0.03771	0.75510	0.04525	0.02143	0.00873	0.00278	0.00397	0.01945	0.00635	0.00556
28	0.01693	0.01626	0.02777	0.04199	0.71689	0.01626	0.02100	0.02100	0.01558	0.02235	0.01287	0.01693	0.01084	0.00610	0.00677	0.00203	0.00813	0.00610	0.00339	0.01084
29	0.00904	0.00640	0.00848	0.00988	0.01045	0.00613	0.00699	0.01047	0.01324	0.01755	0.03555	0.54240	0.04175	0.10670	0.01190	0.00330	0.00473	0.14343	0.00608	0.00554
30	0.00813	0.00674	0.00713	0.00743	0.00937	0.00573	0.00542	0.00976	0.01511	0.01828	0.06317	0.19968	0.58424	0.01812	0.00821	0.00240	0.00356	0.01541	0.00635	0.00573
31	0.01693	0.01626	0.02777	0.04199	0.71689	0.01626	0.02100	0.02100	0.01558	0.02235	0.01287	0.01693	0.01084	0.00610	0.00677	0.00203	0.00813	0.00610	0.00339	0.01084
32	0.01292	0.01216	0.02052	0.74312	0.04712	0.01520	0.01900	0.01748	0.01368	0.01748	0.01216	0.01824	0.00912	0.00684	0.00684	0.00228	0.00912	0.00608	0.00304	0.00760
33	0.01615	0.01845	0.04037	0.02884	0.03576	0.01730	0.69204	0.02191	0.01615	0.02191	0.01384	0.01845	0.01038	0.00577	0.00807	0.00231	0.01153	0.00807	0.00346	0.00923
34	0.01829	0.76368	0.03585	0.01171	0.01756	0.02707	0.01171	0.02049	0.01390	0.01610	0.00951	0.01097	0.00878	0.00585	0.00439	0.00146	0.00732	0.00366	0.00293	0.00878
35	0.00838	0.00599	0.00798	0.00949	0.00993	0.00559	0.00635	0.00964	0.01332	0.01781	0.06128	0.73054	0.04592	0.02117	0.00871	0.00276	0.00394	0.01920	0.00639	0.00559
36	0.00943	0.00683	0.00889	0.00871	0.01015	0.00630	0.00640	0.01229	0.01828	0.02562	0.58941	0.16219	0.07933	0.01525	0.00817	0.00225	0.00335	0.01354	0.00731	0.00630
37	0.05464	0.01445	0.01770	0.01382	0.01857	0.01496	0.01143	0.24177	0.02235	0.40589	0.02109	0.01979	0.01406	0.00869	0.00844	0.00219	0.08546	0.00644	0.00722	0.01105
38	0.00908	0.00671	0.00848	0.00858	0.00999	0.00611	0.00623	0.01154	0.01714	0.02343	0.43617	0.23724	0.16108	0.01645	0.00824	0.00234	0.00346	0.01454	0.00704	0.00611
39	0.00941	0.00730	0.00869	0.00931	0.01079	0.00696	0.00676	0.01282	0.08075	0.02003	0.11452	0.37403	0.23456	0.01818	0.00836	0.00256	0.00404	0.05814	0.00653	0.00626
40	0.05255	0.01202	0.01506	0.01232	0.01667	0.01149	0.00997	0.14986	0.02043	0.43027	0.02654	0.13927	0.02109	0.01086	0.00719	0.00226	0.00585	0.03842	0.00759	0.01030
41	0.40197	0.01639	0.02400	0.01830	0.02351	0.04723	0.30488	0.02107	0.01389	0.02577	0.01142	0.01449	0.00882	0.00633	0.00665	0.00222	0.03531	0.00571	0.00382	0.00822
42	0.00995	0.00672	0.00862	0.00951	0.01067	0.00619	0.00685	0.01161	0.01439	0.05693	0.07664	0.46830	0.15032	0.04118	0.00935	0.00279	0.00430	0.09322	0.00646	0.00602
43	0.00995	0.00724	0.00958	0.01015	0.01169	0.00688	0.00817	0.01281	0.01696	0.02285	0.31665	0.13029	0.11272	0.01698	0.00869	0.00263	0.00456	0.27815	0.00681	0.00624
44	0.01366	0.01291	0.02185	0.61423	0.17024	0.01539	0.01937	0.01813	0.01403	0.01838	0.01229	0.01800	0.00944	0.00670	0.00683	0.00223	0.00894	0.00608	0.00310	0.00819
45	0.01445	0.01255	0.01549	0.01318	0.08323	0.00980	0.00934	0.01759	0.01432	0.02230	0.01223	0.01445	0.01020	0.00517	0.00523	0.00111	0.00536	0.00425	0.00399	0.72577
46	0.01663	0.01623	0.02639	0.02010	0.02503	0.05253	0.32391	0.11547	0.10664	0.02624	0.14139	0.05625	0.02296	0.00876	0.00769	0.00224	0.00843	0.00883	0.00523	0.00905
47	0.01936	0.01935	0.01883	0.01587	0.01985	0.24788	0.09299	0.12564	0.01933	0.04663	0.03643	0.09684	0.03507	0.01004	0.00711	0.00208	0.00858	0.08014	0.00500	0.09298
48	0.01829	0.76368	0.03585	0.01171	0.01756	0.02707	0.01171	0.02049	0.01390	0.01610	0.00951	0.01097	0.00878	0.00585	0.00439	0.00146	0.00732	0.00366	0.00293	0.00878
49	0.01624	0.01805	0.03771	0.02724	0.03384	0.01727	0.61933	0.02346	0.08962	0.02263	0.01534	0.01921	0.01150	0.00614	0.00796	0.00231	0.01088	0.00804	0.00383	0.00940
50	0.01567	0.00826	0.01054	0.00949	0.01221	0.00728	0.00727	0.01803	0.01750	0.24135	0.23503	0.16412	0.19719	0.01428	0.00781	0.00228	0.00422	0.01232	0.00735	0.00777
51	0.01418	0.01421	0.02253	0.01865	0.02001	0.01793	0.13725	0.01646	0.01184	0.01755	0.01367	0.10367	0.01388	0.01365	0.04874	0.00319	0.49355	0.00802	0.00350	0.00751
52	0.00849	0.00677	0.00747	0.00763	0.00939	0.00590	0.00551	0.01027	0.01547	0.01942	0.16315	0.16846	0.46729	0.06191	0.00978	0.00262	0.00370	0.01462	0.00641	0.00575
53	0.03844	0.01505	0.04562	0.31839	0.36642	0.01595	0.01945	0.01995	0.03638	0.02067	0.01284	0.01742	0.01025	0.00667	0.00715	0.00217	0.02844	0.00604	0.00336	0.00933
54	0.01033	0.00723	0.00881	0.00827	0.01031	0.00644	0.00625	0.01305	0.01818	0.06261	0.47165	0.05425	0.26777	0.01474	0.00801	0.00220	0.00344	0.01273	0.00721	0.00652
55	0.01453	0.19863	0.47042	0.01732	0.04677	0.01771	0.02011	0.02086	0.03307	0.02036	0.01646	0.01797	0.06323	0.00725	0.00616	0.00202	0.00877	0.00556	0.00329	0.00952
56	0.00935	0.00670	0.00901	0.01050	0.01136	0.00644	0.00794	0.01123	0.01402	0.01844	0.03750	0.46828	0.06058	0.04454	0.00983	0.00303	0.00488	0.25434	0.00626	0.00579
57	0.12726	0.01861	0.01708	0.01409	0.01876	0.15243	0.01127	0.23075	0.13017	0.16181	0.01808	0.01762	0.01296	0.00787	0.00635	0.00203	0.00742	0.00583	0.00612	0.03348
58	0.01603	0.01529	0.02585	0.18172	0.55831	0.01580	0.02015	0.02016	0.01515	0.02137	0.01270	0.01710	0.01047	0.00621	0.00673	0.00205	0.00822	0.00602	0.00334	0.03733
59	0.14176	0.47943	0.18858	0.01305	0.01962	0.02267	0.01412	0.02070	0.01367	0.01967	0.01014	0.01179	0.00854	0.00608	0.00485	0.00173	0.00763	0.00398	0.00312	0.00887
60	0.01649	0.32708	0.23793	0.01415	0.02051	0.01963	0.01515	0.10704	0.01700	0.02260	0.08985	0.05280	0.01699	0.00799	0.00596	0.00189	0.00758	0.00612	0.00409	0.00914
61	0.01361	0.01018	0.01267	0.01282	0.01522	0.01072	0.01083	0.10007	0.11972	0.02505	0.09229	0.05986	0.03549	0.01575	0.00864	0.00281	0.00605	0.43402	0.00657	0.00763
62	0.01829	0.76368	0.03585	0.01171	0.01756	0.02707	0.01171	0.02049	0.01390	0.01610	0.00951	0.01097	0.00878	0.00585	0.00439	0.00146	0.00732	0.00366	0.00293	0.00878
63	0.04186	0.01978	0.01791	0.01471	0.01946	0.17571	0.01168	0.27180	0.16473	0.06646	0.01731	0.01733	0.01290	0.00774	0.00643	0.00191	0.00770	0.00580	0.00579	0.11301
64	0.00995	0.00663	0.00746	0.00746	0.00746	0.00663	0.00415	0.00995	0.00995	0.01327	0.02156	0.04477	0.02487	0.75957	0.03482	0.00663	0.00663	0.00995	0.00415	0.00415
65	0.00961	0.00699	0.00905	0.00853	0.01018	0.00643	0.00640	0.01278	0.01920	0.02705	0.68558	0.05174	0.09249	0.01413	0.00807	0.00216	0.00324	0.01246	0.00748	0.00643
66	0.00932	0.00637	0.00765	0.00827	0.00843	0.00621	0.00501	0.00978	0.01118	0.01491	0.02788	0.32308	0.03286	0.47036	0.02460	0.00512	0.00559	0.01367	0.00501	0.00470
67	0.02109	0.00886	0.01088	0.00914	0.01241	0.00811	0.00724	0.02391	0.01665	0.35224	0.02449	0.02513	0.01751	0.03442	0.00682	0.00202	0.00455	0.00674	0.39902	0.00877
68	0.00909	0.00680	0.00843	0.00838	0.00995	0.00615	0.00615	0.01162	0.01743	0.02368	0.45031	0.17524	0.20959	0.01603	0.00819	0.00230	0.00341	0.01406	0.00706	0.00615
69	0.15153	0.01139	0.01405	0.01112	0.01589	0.01054	0.00913	0.02959	0.01783	0.54609	0.02379	0.02158	0.01549	0.00809	0.00626	0.00207	0.00549	0.00633	0.08327	0.01047
70	0.05023	0.01760	0.01964	0.01595	0.02063	0.08793	0.08410	0.22641	0.25696	0.09476	0.02081	0.04060	0.01567	0.00853	0.00691	0.00217	0.00737	0.00708	0.00624	0.01041
71	0.01656	0.01588	0.02710	0.10675	0.65503	0.01616	0.02081	0.02067	0.01540	0.02190	0.01280	0.01705	0.01068	0.00616	0.00678	0.00205	0.00822	0.00609	0.00335	0.01054
72	0.01616	0.01515	0.02518	0.25547	0.47638	0.01618	0.01998	0.05408	0.01584	0.02191	0.01283	0.01731	0.01035	0.00643	0.00680	0.00211	0.00840	0.00609	0.00346	0.00989

[dist]
# distance from previous block
# <min> <max>
0	1

[block]
# block no. 7 follows, 31 sequences, length 17
# corresponding to MSA columns:
# 654-670
name=unknown_H
#
# <colnr> <probs for GDERKNQSTAVLIFYWHMCP>
#	G	D	E	R	K	N	Q	S	T	A	V	L	I	F	Y	W	H	M	C	P
0	0.05257	0.01100	0.01402	0.01115	0.01572	0.00983	0.00909	0.05780	0.01920	0.51119	0.07141	0.03118	0.13476	0.01016	0.00705	0.00215	0.00534	0.00830	0.00784	0.01023
1	0.05816	0.01196	0.01469	0.01292	0.01650	0.02770	0.04066	0.05479	0.17517	0.21545	0.04803	0.12942	0.04360	0.01204	0.00750	0.00241	0.00587	0.10715	0.00682	0.00915
2	0.01547	0.01515	0.02458	0.15893	0.31364	0.01781	0.04890	0.01877	0.01342	0.01933	0.01138	0.01653	0.00984	0.00833	0.01249	0.00244	0.27467	0.00614	0.00319	0.00897
3	0.00966	0.00657	0.00868	0.00954	0.01049	0.00614	0.00678	0.01146	0.01479	0.04379	0.17773	0.48396	0.06427	0.04569	0.00951	0.00278	0.00416	0.07145	0.00658	0.00597
4	0.04201	0.01094	0.01232	0.01070	0.01319	0.01146	0.00792	0.18322	0.07140	0.07351	0.16006	0.06935	0.02912	0.25593	0.01626	0.00363	0.00585	0.00938	0.00611	0.00765
5	0.01597	0.01527	0.02603	0.20986	0.55653	0.01600	0.02052	0.02015	0.01512	0.02118	0.01270	0.01725	0.01043	0.00627	0.00679	0.00209	0.00837	0.00609	0.00330	0.01006
6	0.01589	0.38170	0.39683	0.01579	0.02388	0.02121	0.01882	0.02110	0.01419	0.01902	0.01096	0.01279	0.00872	0.00619	0.00550	0.00183	0.00878	0.00439	0.00291	0.00948
7	0.01045	0.00760	0.01064	0.01179	0.01326	0.00779	0.00992	0.01326	0.01454	0.01919	0.03399	0.10303	0.06852	0.02616	0.16989	0.00483	0.00870	0.45453	0.00572	0.00619
8	0.02532	0.01501	0.01765	0.01414	0.01883	0.08792	0.05204	0.06781	0.12299	0.40512	0.02554	0.02365	0.05041	0.00882	0.00744	0.00216	0.03041	0.00713	0.00705	0.01056
9	0.01829	0.76368	0.03585	0.01171	0.01756	0.02707	0.01171	0.02049	0.01390	0.01610	0.00951	0.01097	0.00878	0.00585	0.00439	0.00146	0.00732	0.00366	0.00293	0.00878
10	0.00834	0.00622	0.00776	0.00889	0.00978	0.00565	0.00609	0.00975	0.01395	0.01815	0.07557	0.56582	0.19882	0.02016	0.00855	0.00264	0.00382	0.01798	0.00640	0.00565
11	0.02431	0.01886	0.02005	0.01779	0.08851	0.07941	0.01319	0.47873	0.05780	0.07136	0.01688	0.01729	0.01226	0.00796	0.00669	0.00202	0.00762	0.00612	0.04218	0.01097
12	0.01269	0.02774	0.01805	0.02020	0.20937	0.01114	0.07807	0.01690	0.05131	0.02363	0.27951	0.08591	0.09739	0.01151	0.00765	0.00221	0.00575	0.02724	0.00563	0.00809
13	0.00981	0.00718	0.01023	0.01023	0.01118	0.00814	0.00760	0.01172	0.01077	0.01531	0.01903	0.03076	0.01879	0.20504	0.58103	0.01005	0.01579	0.00790	0.00377	0.00568
14	0.01341	0.00701	0.00707	0.00684	0.00862	0.00711	0.00519	0.04935	0.01523	0.02637	0.02203	0.02506	0.01724	0.00798	0.00488	0.00162	0.00340	0.00637	0.75859	0.00664
15	0.06745	0.01253	0.01390	0.01077	0.01577	0.01142	0.00862	0.10823	0.07929	0.05157	0.05270	0.02060	0.04853	0.00727	0.00576	0.00153	0.00519	0.00579	0.04914	0.42395
16	0.01383	0.02765	0.45805	0.01763	0.02477	0.08394	0.05729	0.01955	0.01473	0.02027	0.01783	0.17848	0.01688	0.00982	0.00705	0.00227	0.00905	0.00835	0.00375	0.00884

[dist]
# distance from previous block
# <min> <max>
0	1

[block]
# block no. 8 follows, 31 sequences, length 10
# corresponding to MSA columns:
# 672-681
name=unknown_I
#
# <colnr> <probs for GDERKNQSTAVLIFYWHMCP>
#	G	D	E	R	K	N	Q	S	T	A	V	L	I	F	Y	W	H	M	C	P
0	0.05697	0.01428	0.02081	0.32573	0.17088	0.01581	0.01644	0.14775	0.01828	0.12464	0.01510	0.01802	0.01097	0.00716	0.00671	0.00216	0.00797	0.00610	0.00466	0.00958
1	0.01523	0.01451	0.02469	0.34000	0.43221	0.01581	0.02015	0.01950	0.01477	0.02028	0.01257	0.01749	0.01011	0.00641	0.00680	0.00214	0.00855	0.00609	0.00324	0.00946
2	0.02051	0.01413	0.01635	0.01214	0.01790	0.01284	0.00988	0.21922	0.02041	0.14910	0.01597	0.01642	0.01175	0.00658	0.00590	0.00151	0.00592	0.00516	0.00564	0.43266
3	0.43346	0.10503	0.20192	0.01224	0.01817	0.01620	0.01273	0.02102	0.01338	0.06495	0.03824	0.01419	0.01062	0.00674	0.00514	0.00206	0.00675	0.00457	0.00409	0.00848
4	0.01456	0.19126	0.45309	0.01681	0.02481	0.01761	0.04420	0.02109	0.04670	0.02030	0.01550	0.01795	0.04311	0.03632	0.00729	0.00221	0.00888	0.00562	0.00332	0.00938
5	0.01574	0.01504	0.02561	0.25055	0.51766	0.01594	0.02040	0.01995	0.01501	0.02090	0.01266	0.01732	0.01033	0.00632	0.00679	0.00211	0.00842	0.00609	0.00328	0.00987
6	0.01000	0.00749	0.01036	0.01034	0.01107	0.00851	0.00755	0.01159	0.01092	0.01540	0.02074	0.11203	0.02178	0.23422	0.41979	0.00840	0.06087	0.00929	0.00405	0.00561
7	0.35236	0.02214	0.01608	0.01517	0.05669	0.31545	0.01120	0.09606	0.01732	0.02574	0.01090	0.01252	0.00864	0.00683	0.00547	0.00196	0.00864	0.00440	0.00417	0.00828
8	0.00878	0.00650	0.00820	0.00874	0.00991	0.00592	0.00619	0.01080	0.01579	0.02124	0.28690	0.38109	0.16873	0.01803	0.00838	0.00247	0.00361	0.01602	0.00678	0.00592
