[name]
unknown

[dist]
# distance from previous block
# <min> <max>
2	237

[block]
# block no. 0 follows, 36 sequences, length 16
# corresponding to MSA columns:
# 320-335
name=unknown_A
#
# <colnr> <probs for GDERKNQSTAVLIFYWHMCP>
#	G	D	E	R	K	N	Q	S	T	A	V	L	I	F	Y	W	H	M	C	P
0	0.04305	0.08281	0.21393	0.01365	0.01848	0.15571	0.01317	0.11160	0.01619	0.08632	0.01700	0.16805	0.01567	0.00908	0.00612	0.00194	0.00745	0.00728	0.00436	0.00812
1	0.01353	0.01476	0.03135	0.02297	0.02822	0.01414	0.57543	0.01817	0.01376	0.01885	0.01343	0.01836	0.01069	0.01365	0.15900	0.00370	0.01176	0.00722	0.00319	0.00783
2	0.00859	0.00683	0.00962	0.16178	0.01601	0.00702	0.00818	0.01056	0.01280	0.01670	0.07477	0.44591	0.13331	0.01580	0.00752	0.00236	0.00456	0.04690	0.00523	0.00555
3	0.03778	0.02721	0.03729	0.01087	0.01273	0.12300	0.02785	0.04144	0.01396	0.01771	0.04106	0.45030	0.07044	0.01495	0.00721	0.00227	0.00548	0.04731	0.00511	0.00603
4	0.00995	0.00755	0.01002	0.16127	0.01519	0.00838	0.00737	0.01207	0.05061	0.01395	0.01785	0.03282	0.01864	0.48703	0.11741	0.00552	0.00779	0.00793	0.00366	0.00498
5	0.00848	0.00636	0.00786	0.00749	0.00910	0.00574	0.00561	0.01111	0.01684	0.02310	0.58250	0.04965	0.21634	0.01344	0.00735	0.00199	0.00299	0.01170	0.00661	0.00574
6	0.00873	0.00618	0.00794	0.00895	0.01005	0.00573	0.00671	0.01039	0.01315	0.03780	0.03956	0.43749	0.18057	0.01786	0.00794	0.00251	0.00409	0.18310	0.00583	0.00543
7	0.28549	0.01242	0.01256	0.01065	0.01398	0.01388	0.00844	0.24771	0.09194	0.02789	0.03757	0.01610	0.01188	0.01006	0.00916	0.16731	0.00555	0.00517	0.00476	0.00749
8	0.01355	0.01325	0.01988	0.02040	0.16320	0.01700	0.03216	0.01557	0.01066	0.01615	0.00986	0.01516	0.00930	0.01327	0.09106	0.00326	0.52039	0.00564	0.00287	0.00735
9	0.00870	0.00615	0.00696	0.00696	0.00747	0.00602	0.00429	0.00920	0.01018	0.01324	0.02820	0.04334	0.16725	0.56653	0.08556	0.00557	0.00632	0.00970	0.00415	0.00422
10	0.50202	0.01448	0.01362	0.01532	0.16078	0.10408	0.00995	0.01944	0.01273	0.05040	0.03944	0.01320	0.00994	0.00616	0.00477	0.00187	0.00607	0.00431	0.00388	0.00754
11	0.00752	0.00571	0.00693	0.00791	0.00884	0.00513	0.00544	0.00876	0.01267	0.01621	0.04367	0.54445	0.26770	0.01831	0.00776	0.00239	0.00347	0.01623	0.00578	0.00513
12	0.01678	0.01502	0.02297	0.07450	0.49764	0.01592	0.01703	0.16120	0.03274	0.02375	0.01244	0.01547	0.01003	0.00635	0.00699	0.00192	0.05023	0.00559	0.00375	0.00967
13	0.02110	0.01680	0.01891	0.01541	0.04029	0.04778	0.04904	0.50670	0.10718	0.03348	0.01561	0.01625	0.01153	0.00916	0.03890	0.00227	0.02819	0.00584	0.00565	0.00992
14	0.00925	0.00635	0.00772	0.00738	0.00847	0.00596	0.00508	0.01096	0.01415	0.03823	0.38629	0.04518	0.11603	0.29376	0.01623	0.00347	0.00416	0.01053	0.00564	0.00517
15	0.00907	0.00775	0.00797	0.00767	0.01003	0.00736	0.00582	0.01396	0.15946	0.01905	0.08451	0.05195	0.56447	0.01417	0.00716	0.00210	0.00351	0.01183	0.00594	0.00622

[dist]
# distance from previous block
# <min> <max>
0	1

[block]
# block no. 1 follows, 36 sequences, length 104
# corresponding to MSA columns:
# 337-370,386-391,393-398,403-416,421-430,440-473
name=unknown_B
#
# <colnr> <probs for GDERKNQSTAVLIFYWHMCP>
#	G	D	E	R	K	N	Q	S	T	A	V	L	I	F	Y	W	H	M	C	P
0	0.75633	0.01228	0.01053	0.01074	0.07401	0.01405	0.00780	0.01838	0.01091	0.02731	0.00893	0.01057	0.00701	0.00576	0.00405	0.00192	0.00504	0.00356	0.00379	0.00701
1	0.00881	0.00600	0.00681	0.00694	0.00711	0.00590	0.00403	0.00902	0.00967	0.01275	0.02386	0.11222	0.07100	0.65870	0.02787	0.00545	0.00562	0.01015	0.00410	0.00399
2	0.75588	0.01164	0.00923	0.00847	0.01212	0.01340	0.00703	0.01786	0.01092	0.02716	0.01074	0.01523	0.00922	0.00675	0.00426	0.00201	0.00490	0.06251	0.00402	0.00666
3	0.00898	0.00632	0.00801	0.00759	0.00909	0.00584	0.00569	0.01185	0.01708	0.02443	0.64415	0.04523	0.08916	0.01242	0.00710	0.00192	0.00295	0.01090	0.07544	0.00584
4	0.75644	0.07763	0.01115	0.00840	0.01238	0.01488	0.00708	0.01834	0.01078	0.02683	0.00867	0.01011	0.00685	0.00575	0.00387	0.00188	0.00498	0.00337	0.00375	0.00685
5	0.02472	0.01061	0.01553	0.01191	0.01646	0.00933	0.06900	0.02744	0.01734	0.60071	0.07499	0.02275	0.01807	0.00785	0.00635	0.00192	0.00547	0.00670	0.04298	0.00986
6	0.75565	0.01156	0.00892	0.00803	0.01174	0.01324	0.00658	0.01752	0.01091	0.02701	0.01330	0.01435	0.06895	0.00663	0.00415	0.00194	0.00468	0.00420	0.00402	0.00662
7	0.14537	0.01086	0.01403	0.07473	0.01762	0.01027	0.00949	0.02734	0.01630	0.57740	0.02106	0.01916	0.01353	0.00730	0.00590	0.00194	0.00548	0.00577	0.00672	0.00972
8	0.02205	0.02774	0.01701	0.01554	0.01857	0.69252	0.01168	0.02371	0.01701	0.01518	0.01023	0.01236	0.00867	0.00984	0.06933	0.00232	0.01170	0.00424	0.00322	0.00708
9	0.00769	0.00630	0.00660	0.00654	0.00839	0.00540	0.00479	0.00930	0.01419	0.01744	0.14337	0.05667	0.59421	0.08035	0.00943	0.00242	0.00337	0.01257	0.00575	0.00521
10	0.00892	0.00748	0.00811	0.00930	0.00990	0.06879	0.00631	0.01005	0.01241	0.01585	0.03224	0.71198	0.03839	0.01841	0.00775	0.00245	0.00426	0.01655	0.00557	0.00524
11	0.02551	0.01079	0.01497	0.01318	0.07709	0.00962	0.00979	0.04337	0.01764	0.61783	0.05474	0.02175	0.01678	0.00773	0.00625	0.00191	0.00534	0.00640	0.02910	0.01020
12	0.01183	0.01287	0.08065	0.70255	0.04156	0.01390	0.01779	0.01624	0.01252	0.01624	0.01108	0.01632	0.00827	0.00620	0.00620	0.00207	0.00838	0.00546	0.00276	0.00712
13	0.00913	0.00619	0.00735	0.00747	0.00768	0.00629	0.00465	0.00956	0.00959	0.01284	0.02051	0.04189	0.02317	0.65363	0.09151	0.00611	0.00692	0.06751	0.00390	0.00409
14	0.02666	0.01133	0.01561	0.01356	0.07772	0.01018	0.01015	0.06645	0.01814	0.64695	0.02297	0.02038	0.01469	0.00752	0.00626	0.00192	0.00556	0.00617	0.00724	0.01054
15	0.00840	0.00645	0.00876	0.00962	0.01009	0.00681	0.00688	0.00969	0.01166	0.01581	0.03081	0.59256	0.05205	0.02078	0.07275	0.00319	0.08300	0.04013	0.00526	0.00531
16	0.07857	0.01305	0.01524	0.01282	0.03488	0.06671	0.04089	0.08470	0.11218	0.33189	0.07589	0.02229	0.04507	0.00818	0.00662	0.00196	0.02708	0.00659	0.00620	0.00919
17	0.01650	0.01852	0.01759	0.01556	0.01681	0.27688	0.01243	0.01805	0.01245	0.01503	0.00962	0.01397	0.00893	0.01324	0.09558	0.00313	0.42085	0.00508	0.00296	0.00682
18	0.01312	0.01081	0.01249	0.00909	0.01426	0.00842	0.00726	0.03622	0.01341	0.02111	0.01197	0.01385	0.00984	0.00492	0.00464	0.00100	0.00453	0.00393	0.07267	0.72646
19	0.01468	0.32344	0.24320	0.04102	0.04864	0.05248	0.04345	0.01952	0.05631	0.01825	0.07279	0.01561	0.01308	0.00641	0.00537	0.00171	0.00746	0.00497	0.00329	0.00831
20	0.01535	0.01502	0.02650	0.03698	0.66709	0.01490	0.09322	0.01921	0.01424	0.02031	0.01181	0.01557	0.00983	0.00552	0.00629	0.00188	0.00773	0.00574	0.00309	0.00971
21	0.00882	0.00639	0.00833	0.00791	0.00939	0.00590	0.00598	0.01173	0.01746	0.02462	0.70337	0.04753	0.07311	0.01294	0.00739	0.00199	0.00303	0.03145	0.00680	0.00586
22	0.23247	0.16559	0.22611	0.01320	0.01877	0.15857	0.01337	0.03735	0.02877	0.03943	0.01048	0.01185	0.00812	0.00601	0.00498	0.00177	0.00771	0.00404	0.00337	0.00803
23	0.02713	0.01070	0.01440	0.01109	0.01580	0.00941	0.00914	0.05440	0.01824	0.69601	0.04919	0.02187	0.01677	0.00788	0.00630	0.00193	0.00527	0.00642	0.00763	0.01044
24	0.00771	0.00551	0.00737	0.00882	0.00923	0.00517	0.00600	0.00889	0.01205	0.01604	0.03427	0.74168	0.04094	0.01940	0.00799	0.00255	0.00372	0.05180	0.00578	0.00509
25	0.01249	0.00718	0.00762	0.00724	0.00913	0.00740	0.00552	0.01761	0.12266	0.04911	0.09482	0.02555	0.02080	0.00802	0.00503	0.00162	0.00330	0.00657	0.58173	0.00660
26	0.00759	0.00542	0.00723	0.00868	0.00904	0.00506	0.00578	0.00868	0.01193	0.01591	0.03434	0.77697	0.04121	0.01952	0.00795	0.00253	0.00361	0.01771	0.00578	0.00506
27	0.00752	0.00632	0.00653	0.00647	0.00851	0.00533	0.00486	0.00924	0.01457	0.01770	0.13487	0.05854	0.66734	0.01546	0.00736	0.00209	0.00313	0.01295	0.00590	0.00533
28	0.02327	0.02970	0.01766	0.01605	0.01926	0.75602	0.01204	0.02488	0.01766	0.01525	0.00963	0.01124	0.00803	0.00642	0.00562	0.00161	0.01124	0.00401	0.00321	0.00722
29	0.01106	0.00592	0.00631	0.00621	0.00766	0.00582	0.00466	0.01397	0.01397	0.02358	0.16238	0.02784	0.02443	0.00834	0.00495	0.00155	0.00291	0.00689	0.65574	0.00582
30	0.01342	0.00977	0.01151	0.01005	0.01262	0.01010	0.00790	0.17246	0.10176	0.04664	0.45233	0.03706	0.04158	0.01111	0.00700	0.00199	0.00420	0.03434	0.00664	0.00750
31	0.02368	0.01745	0.01870	0.01434	0.01932	0.01932	0.01184	0.72139	0.02929	0.03927	0.01496	0.01496	0.01060	0.00748	0.00623	0.00187	0.00686	0.00561	0.00623	0.01060
32	0.04501	0.01443	0.01458	0.01284	0.01653	0.04457	0.01006	0.11008	0.59879	0.02720	0.02299	0.02139	0.01721	0.00817	0.00621	0.00206	0.00539	0.00664	0.00612	0.00973
33	0.01555	0.01592	0.03323	0.02398	0.02990	0.01502	0.61250	0.02121	0.05339	0.07268	0.03237	0.01821	0.01163	0.00579	0.00722	0.00209	0.00964	0.00736	0.00374	0.00858
34	0.02679	0.01190	0.01522	0.01165	0.01652	0.01104	0.00962	0.15967	0.01987	0.59645	0.02245	0.01984	0.01437	0.00759	0.00622	0.00189	0.00558	0.00608	0.00734	0.02991
35	0.82504	0.01205	0.00916	0.00819	0.01205	0.01398	0.00675	0.01832	0.01060	0.02795	0.00868	0.01012	0.00675	0.00578	0.00386	0.00193	0.00482	0.00337	0.00386	0.00675
36	0.01082	0.00541	0.00812	0.00812	0.00812	0.00541	0.00541	0.00812	0.00812	0.01082	0.01082	0.01894	0.01082	0.02165	0.02435	0.81872	0.00541	0.00541	0.00271	0.00271
37	0.00736	0.00631	0.00631	0.00631	0.00842	0.00526	0.00473	0.00894	0.01420	0.01683	0.06312	0.05996	0.73964	0.01578	0.00736	0.00210	0.00316	0.01315	0.00579	0.00526
38	0.01250	0.03223	0.74875	0.01776	0.02697	0.01447	0.02302	0.01973	0.01315	0.01973	0.01118	0.01315	0.00789	0.00592	0.00592	0.00197	0.00921	0.00460	0.00263	0.00921
39	0.01082	0.00541	0.00812	0.00812	0.00812	0.00541	0.00541	0.00812	0.00812	0.01082	0.01082	0.01894	0.01082	0.02165	0.02435	0.81872	0.00541	0.00541	0.00271	0.00271
40	0.66220	0.01175	0.01024	0.00878	0.01284	0.01299	0.00724	0.02078	0.01208	0.17474	0.01192	0.01239	0.00852	0.00618	0.00435	0.00193	0.00492	0.00396	0.00464	0.00754
41	0.00997	0.00745	0.01064	0.01033	0.01172	0.00862	0.00808	0.06245	0.01141	0.01626	0.01656	0.02379	0.01522	0.04389	0.70214	0.00942	0.01598	0.00660	0.00355	0.00593
42	0.01463	0.01658	0.03549	0.02554	0.03139	0.01600	0.66853	0.01960	0.01433	0.01960	0.01229	0.01658	0.00936	0.00566	0.00830	0.00215	0.06536	0.00722	0.00312	0.00829
43	0.01649	0.01467	0.02273	0.03148	0.54894	0.01501	0.01676	0.15621	0.01699	0.02375	0.01394	0.06869	0.01221	0.00691	0.00631	0.00190	0.00703	0.00642	0.00389	0.00967
44	0.00849	0.00612	0.00787	0.00893	0.00974	0.00584	0.00658	0.00998	0.01244	0.01621	0.03496	0.38162	0.11557	0.13421	0.01169	0.00311	0.00454	0.21156	0.00547	0.00508
45	0.02327	0.02970	0.01766	0.01605	0.01926	0.75602	0.01204	0.02488	0.01766	0.01525	0.00963	0.01124	0.00803	0.00642	0.00562	0.00161	0.01124	0.00401	0.00321	0.00722
46	0.02063	0.01039	0.01278	0.01052	0.01423	0.01012	0.00844	0.07213	0.14884	0.37658	0.13632	0.02538	0.02266	0.00858	0.00624	0.00191	0.00471	0.00711	0.09323	0.00921
47	0.01177	0.01107	0.01869	0.76606	0.04291	0.01384	0.01730	0.01592	0.01246	0.01592	0.01107	0.01661	0.00831	0.00623	0.00623	0.00208	0.00831	0.00554	0.00277	0.00692
48	0.01546	0.01341	0.01522	0.01324	0.01470	0.09882	0.01048	0.09657	0.01333	0.07013	0.01341	0.01992	0.01235	0.13261	0.13597	0.00412	0.30342	0.00611	0.00380	0.00691
49	0.00759	0.00542	0.00723	0.00868	0.00904	0.00506	0.00578	0.00868	0.01193	0.01591	0.03434	0.77697	0.04121	0.01952	0.00795	0.00253	0.00361	0.01771	0.00578	0.00506
50	0.01217	0.01149	0.01942	0.68506	0.12073	0.01395	0.01751	0.01628	0.01265	0.01641	0.01115	0.01648	0.00848	0.00615	0.00622	0.00205	0.00821	0.00554	0.00280	0.00725
51	0.02180	0.01634	0.01734	0.01379	0.01833	0.03465	0.01123	0.51971	0.16852	0.06422	0.01736	0.01705	0.01256	0.00875	0.02712	0.00214	0.00678	0.00592	0.00616	0.01023
52	0.01460	0.01449	0.02626	0.17185	0.47539	0.01481	0.15322	0.01868	0.01396	0.01945	0.01177	0.01591	0.00950	0.00562	0.00641	0.00194	0.00817	0.00589	0.00304	0.00904
53	0.82504	0.01205	0.00916	0.00819	0.01205	0.01398	0.00675	0.01832	0.01060	0.02795	0.00868	0.01012	0.00675	0.00578	0.00386	0.00193	0.00482	0.00337	0.00386	0.00675
54	0.01004	0.00717	0.01004	0.01147	0.01291	0.00717	0.01004	0.01291	0.01434	0.01865	0.03299	0.07028	0.03586	0.01721	0.00861	0.00287	0.00574	0.70023	0.00574	0.00574
55	0.01550	0.01338	0.01409	0.01268	0.01620	0.01550	0.00986	0.03311	0.73091	0.02606	0.02536	0.02325	0.01902	0.00845	0.00634	0.00211	0.00493	0.00704	0.00634	0.00986
56	0.01458	0.01639	0.03504	0.02503	0.03128	0.01522	0.66808	0.01965	0.01458	0.01998	0.01249	0.01653	0.00944	0.00521	0.00716	0.00202	0.01008	0.00709	0.00319	0.06699
57	0.64856	0.01236	0.01065	0.00905	0.01316	0.01379	0.00746	0.08224	0.01305	0.09703	0.01084	0.01171	0.00801	0.00608	0.00432	0.00189	0.00504	0.00386	0.00443	0.03648
58	0.00882	0.00637	0.00833	0.00784	0.00931	0.00588	0.00588	0.01176	0.01764	0.02499	0.73888	0.04654	0.05879	0.01274	0.00735	0.00196	0.00294	0.01127	0.00686	0.00588
59	0.00786	0.00588	0.00766	0.03575	0.01029	0.00552	0.00616	0.00931	0.01277	0.01677	0.08875	0.56953	0.14734	0.01792	0.00777	0.00242	0.00372	0.03360	0.00575	0.00523
60	0.01666	0.78478	0.03265	0.01066	0.01599	0.02465	0.01066	0.01866	0.01266	0.01466	0.00866	0.00999	0.00800	0.00533	0.00400	0.00133	0.00666	0.00333	0.00267	0.00800
61	0.00890	0.00668	0.01001	0.01001	0.01113	0.00779	0.00779	0.01113	0.01001	0.01446	0.01669	0.02448	0.01558	0.04673	0.75634	0.01001	0.01669	0.00668	0.00334	0.00556
62	0.00759	0.00542	0.00723	0.00868	0.00904	0.00506	0.00578	0.00868	0.01193	0.01591	0.03434	0.77697	0.04121	0.01952	0.00795	0.00253	0.00361	0.01771	0.00578	0.00506
63	0.00995	0.00710	0.00993	0.01137	0.01276	0.00709	0.00988	0.01274	0.01425	0.01854	0.03304	0.09767	0.03607	0.01730	0.00858	0.00286	0.00565	0.67378	0.00574	0.00571
64	0.01082	0.00541	0.00812	0.00812	0.00812	0.00541	0.00541	0.00812	0.00812	0.01082	0.01082	0.01894	0.01082	0.02165	0.02435	0.81872	0.00541	0.00541	0.00271	0.00271
65	0.01329	0.01313	0.01843	0.01590	0.01598	0.01827	0.01321	0.01471	0.00958	0.01496	0.00879	0.01442	0.00871	0.01349	0.07363	0.00325	0.71522	0.00554	0.00277	0.00673
66	0.01363	0.01363	0.01908	0.01636	0.01636	0.01908	0.01363	0.01499	0.00954	0.01499	0.00818	0.01363	0.00818	0.01091	0.02045	0.00273	0.76963	0.00545	0.00273	0.00682
67	0.00901	0.00602	0.00681	0.00687	0.00688	0.00600	0.00385	0.00905	0.00917	0.01222	0.02018	0.06834	0.02335	0.75252	0.03082	0.00591	0.00595	0.00938	0.00385	0.00382
68	0.82504	0.01205	0.00916	0.00819	0.01205	0.01398	0.00675	0.01832	0.01060	0.02795	0.00868	0.01012	0.00675	0.00578	0.00386	0.00193	0.00482	0.00337	0.00386	0.00675
69	0.01190	0.01121	0.01893	0.73971	0.06823	0.01388	0.01737	0.01604	0.01252	0.01608	0.01110	0.01657	0.00836	0.00620	0.00623	0.00207	0.00827	0.00554	0.00278	0.00703
70	0.37400	0.01680	0.01170	0.01061	0.01367	0.26219	0.00810	0.01963	0.01324	0.04753	0.01167	0.01535	0.00998	0.09491	0.00776	0.00226	0.00700	0.00452	0.06243	0.00664
71	0.01494	0.01232	0.01362	0.01119	0.01560	0.01227	0.00881	0.02581	0.40582	0.05307	0.01944	0.01891	0.01484	0.00684	0.00563	0.00161	0.00482	0.00563	0.00530	0.34353
72	0.01250	0.03223	0.74875	0.01776	0.02697	0.01447	0.02302	0.01973	0.01315	0.01973	0.01118	0.01315	0.00789	0.00592	0.00592	0.00197	0.00921	0.00460	0.00263	0.00921
73	0.01275	0.07858	0.70464	0.01732	0.02629	0.01510	0.02226	0.01967	0.01312	0.01942	0.01103	0.01296	0.00790	0.00588	0.00580	0.00193	0.00905	0.00453	0.00263	0.00913
74	0.01177	0.01107	0.01869	0.76606	0.04291	0.01384	0.01730	0.01592	0.01246	0.01592	0.01107	0.01661	0.00831	0.00623	0.00623	0.00208	0.00831	0.00554	0.00277	0.00692
75	0.02327	0.02970	0.01766	0.01605	0.01926	0.75602	0.01204	0.02488	0.01766	0.01525	0.00963	0.01124	0.00803	0.00642	0.00562	0.00161	0.01124	0.00401	0.00321	0.00722
76	0.01384	0.01233	0.01769	0.01522	0.01587	0.01622	0.03741	0.01542	0.01062	0.06812	0.01283	0.10194	0.01280	0.01280	0.04508	0.00290	0.57154	0.00703	0.00347	0.00690
77	0.01666	0.78478	0.03265	0.01066	0.01599	0.02465	0.01066	0.01866	0.01266	0.01466	0.00866	0.00999	0.00800	0.00533	0.00400	0.00133	0.00666	0.00333	0.00267	0.00800
78	0.00768	0.00549	0.00733	0.00878	0.00918	0.00514	0.00594	0.00883	0.01202	0.01601	0.03429	0.75051	0.04101	0.01943	0.00798	0.00254	0.00369	0.04327	0.00578	0.00509
79	0.04068	0.00806	0.00973	0.00877	0.01088	0.00797	0.00674	0.06553	0.07070	0.05540	0.55961	0.04056	0.06767	0.01167	0.00702	0.00197	0.00354	0.01011	0.00667	0.00672
80	0.01520	0.01556	0.03301	0.02383	0.02959	0.01455	0.61679	0.01991	0.01463	0.07203	0.01451	0.04550	0.01151	0.03367	0.00817	0.00224	0.00972	0.00771	0.00360	0.00828
81	0.00914	0.00660	0.00883	0.00920	0.01059	0.00628	0.00738	0.01189	0.01593	0.02179	0.41092	0.10684	0.06751	0.01495	0.00785	0.00234	0.00402	0.26584	0.00634	0.00575
82	0.00891	0.00665	0.00989	0.00989	0.01096	0.00772	0.00764	0.01105	0.00998	0.01437	0.01680	0.02509	0.01584	0.07422	0.72921	0.00986	0.01629	0.00676	0.00335	0.00550
83	0.01419	0.01351	0.02279	0.28236	0.48881	0.01450	0.01828	0.01840	0.03158	0.01901	0.01184	0.01602	0.00957	0.00585	0.00619	0.00193	0.00764	0.00558	0.00306	0.00888
84	0.05243	0.02111	0.09286	0.01641	0.02127	0.20851	0.12007	0.22210	0.13722	0.02552	0.01430	0.01526	0.01072	0.00680	0.00613	0.00189	0.00838	0.00551	0.00454	0.00897
85	0.01063	0.00935	0.01193	0.01140	0.01249	0.06194	0.00897	0.01268	0.01048	0.01460	0.01490	0.02190	0.01392	0.03846	0.59185	0.00832	0.13078	0.00630	0.00324	0.00587
86	0.00906	0.00604	0.00680	0.00680	0.00680	0.00604	0.00378	0.00906	0.00906	0.01208	0.01963	0.04077	0.02265	0.78103	0.03171	0.00604	0.00604	0.00906	0.00378	0.00378
87	0.03420	0.02801	0.59241	0.07100	0.02649	0.01453	0.02067	0.02095	0.09520	0.02040	0.01273	0.01448	0.00917	0.00623	0.00594	0.00200	0.00854	0.00492	0.00310	0.00905
88	0.01235	0.01188	0.01906	0.68215	0.08314	0.03469	0.01717	0.01633	0.01263	0.01614	0.01100	0.01631	0.00839	0.00632	0.00658	0.00207	0.02839	0.00549	0.00280	0.00710
89	0.11932	0.01380	0.01510	0.12496	0.01896	0.10326	0.02594	0.09772	0.03205	0.03794	0.01293	0.01755	0.01095	0.07468	0.03794	0.00267	0.16364	0.00553	0.07795	0.00711
90	0.00849	0.00632	0.00790	0.00758	0.00913	0.00573	0.00566	0.01109	0.01675	0.02306	0.58098	0.07889	0.18821	0.01360	0.00738	0.00201	0.00301	0.01189	0.00661	0.00573
91	0.02249	0.02852	0.01940	0.01698	0.02048	0.68837	0.07669	0.02443	0.01739	0.01568	0.00990	0.01175	0.00816	0.00631	0.00578	0.00165	0.01117	0.00432	0.00320	0.00733
92	0.01401	0.01104	0.01303	0.00936	0.01485	0.00837	0.00751	0.01675	0.01327	0.07278	0.01205	0.01352	0.00968	0.00484	0.00473	0.00100	0.00466	0.00388	0.00398	0.76070
93	0.21601	0.01211	0.01212	0.01081	0.01417	0.01371	0.00851	0.06719	0.38942	0.02693	0.12299	0.02376	0.04010	0.00853	0.00589	0.00203	0.00469	0.00681	0.00578	0.00844
94	0.02327	0.02970	0.01766	0.01605	0.01926	0.75602	0.01204	0.02488	0.01766	0.01525	0.00963	0.01124	0.00803	0.00642	0.00562	0.00161	0.01124	0.00401	0.00321	0.00722
95	0.00759	0.00542	0.00723	0.00868	0.00904	0.00506	0.00578	0.00868	0.01193	0.01591	0.03434	0.77697	0.04121	0.01952	0.00795	0.00253	0.00361	0.01771	0.00578	0.00506
96	0.02747	0.01139	0.01494	0.01146	0.01630	0.01032	0.00946	0.10946	0.01914	0.66553	0.02348	0.02049	0.01487	0.00769	0.00626	0.00192	0.00548	0.00619	0.00754	0.01060
97	0.00886	0.00644	0.00885	0.02987	0.01169	0.00626	0.00791	0.01081	0.01298	0.01716	0.03258	0.44233	0.03730	0.01783	0.00810	0.00262	0.00465	0.30232	0.00563	0.02581
98	0.00854	0.00582	0.00695	0.00746	0.00758	0.00570	0.00448	0.00893	0.01007	0.01343	0.02481	0.29975	0.02918	0.51315	0.02335	0.00481	0.00519	0.01210	0.00448	0.00423
99	0.00758	0.00635	0.00661	0.00663	0.00866	0.00538	0.00503	0.00931	0.01446	0.01749	0.11072	0.05941	0.66174	0.01562	0.00741	0.00212	0.00325	0.04103	0.00586	0.00532
100	0.01736	0.61452	0.08314	0.01200	0.01730	0.13510	0.01178	0.01968	0.01346	0.01512	0.00899	0.01042	0.00799	0.00554	0.00439	0.00142	0.00755	0.00353	0.00275	0.00797
101	0.02446	0.01620	0.01793	0.01374	0.01870	0.01747	0.01135	0.59537	0.02720	0.16824	0.01671	0.01610	0.01148	0.00752	0.00624	0.00188	0.00657	0.00573	0.00650	0.01060
102	0.00891	0.00663	0.00978	0.00978	0.01081	0.00766	0.00750	0.01098	0.00994	0.01429	0.01690	0.02565	0.01609	0.09979	0.70398	0.00973	0.01592	0.00685	0.00337	0.00543
103	0.00946	0.00662	0.00776	0.00735	0.00934	0.00579	0.00555	0.01164	0.01582	0.07290	0.33838	0.07052	0.38800	0.01404	0.00729	0.00204	0.00323	0.01200	0.00637	0.00590

[dist]
# distance from previous block
# <min> <max>
0	49

[block]
# block no. 2 follows, 36 sequences, length 10
# corresponding to MSA columns:
# 523-532
name=unknown_C
#
# <colnr> <probs for GDERKNQSTAVLIFYWHMCP>
#	G	D	E	R	K	N	Q	S	T	A	V	L	I	F	Y	W	H	M	C	P
0	0.01270	0.01215	0.01981	0.50881	0.14831	0.01499	0.01689	0.01625	0.01218	0.01644	0.01063	0.01586	0.00853	0.00701	0.00892	0.00216	0.15267	0.00552	0.00281	0.00737
1	0.01177	0.01107	0.01869	0.76606	0.04291	0.01384	0.01730	0.01592	0.01246	0.01592	0.01107	0.01661	0.00831	0.00623	0.00623	0.00208	0.00831	0.00554	0.00277	0.00692
2	0.01877	0.01737	0.01578	0.01368	0.01747	0.15689	0.01071	0.18224	0.44191	0.02690	0.02010	0.01915	0.01509	0.00785	0.00618	0.00196	0.00655	0.00615	0.00572	0.00952
3	0.01666	0.78478	0.03265	0.01066	0.01599	0.02465	0.01066	0.01866	0.01266	0.01466	0.00866	0.00999	0.00800	0.00533	0.00400	0.00133	0.00666	0.00333	0.00267	0.00800
4	0.00781	0.00558	0.00749	0.00893	0.00939	0.00525	0.00617	0.00906	0.01215	0.01616	0.03422	0.71237	0.04072	0.01931	0.00801	0.00256	0.00381	0.08010	0.00578	0.00512
5	0.08760	0.02568	0.01749	0.01652	0.05361	0.57458	0.01213	0.02293	0.01598	0.01651	0.00949	0.01162	0.00803	0.00684	0.00720	0.00177	0.09735	0.00420	0.00320	0.00727
6	0.00777	0.00624	0.00700	0.00749	0.00914	0.00547	0.00566	0.00941	0.01374	0.01688	0.05306	0.21267	0.49912	0.01676	0.00765	0.00230	0.00359	0.10500	0.00578	0.00528
7	0.01871	0.01202	0.01500	0.01237	0.01610	0.03324	0.06166	0.04643	0.25520	0.25730	0.08668	0.02503	0.05405	0.00863	0.00682	0.00200	0.02739	0.00724	0.04504	0.00909
8	0.01177	0.01107	0.01869	0.76606	0.04291	0.01384	0.01730	0.01592	0.01246	0.01592	0.01107	0.01661	0.00831	0.00623	0.00623	0.00208	0.00831	0.00554	0.00277	0.00692
9	0.05448	0.11301	0.21913	0.01386	0.01909	0.07597	0.01365	0.06954	0.26387	0.02260	0.01604	0.01646	0.01219	0.00705	0.00608	0.00191	0.02816	0.00532	0.03267	0.00892

[dist]
# distance from previous block
# <min> <max>
0	18

[block]
# block no. 3 follows, 36 sequences, length 38
# corresponding to MSA columns:
# 551-588
name=unknown_D
#
# <colnr> <probs for GDERKNQSTAVLIFYWHMCP>
#	G	D	E	R	K	N	Q	S	T	A	V	L	I	F	Y	W	H	M	C	P
0	0.25761	0.01291	0.01390	0.01203	0.04595	0.03319	0.00932	0.13932	0.06281	0.30378	0.01854	0.01765	0.03216	0.00726	0.00557	0.00192	0.00558	0.00547	0.00588	0.00916
1	0.07472	0.06175	0.01475	0.02833	0.01547	0.05993	0.00938	0.13637	0.12322	0.10667	0.01957	0.16510	0.01762	0.00967	0.00698	0.00198	0.05350	0.00772	0.02346	0.06379
2	0.01634	0.01380	0.01456	0.01285	0.01652	0.01589	0.01007	0.10382	0.65883	0.02742	0.02429	0.02239	0.01815	0.00835	0.00633	0.00209	0.00513	0.00690	0.00633	0.00994
3	0.00757	0.00551	0.00714	0.00844	0.00898	0.00508	0.00568	0.00870	0.01215	0.01600	0.03717	0.70652	0.10983	0.01915	0.00789	0.00249	0.00357	0.01726	0.00578	0.00508
4	0.10239	0.01495	0.02004	0.13428	0.29511	0.06826	0.04241	0.12338	0.04636	0.04059	0.01350	0.04703	0.01110	0.00677	0.00603	0.00193	0.00727	0.00588	0.00396	0.00878
5	0.01054	0.00735	0.00994	0.01032	0.01217	0.00697	0.00869	0.01340	0.01525	0.04576	0.22189	0.05806	0.03944	0.01477	0.00790	0.00245	0.00489	0.44014	0.00596	0.06410
6	0.01344	0.01106	0.01297	0.00929	0.01481	0.00834	0.00744	0.01620	0.01309	0.04544	0.01154	0.01321	0.00944	0.00472	0.00467	0.00096	0.00464	0.00378	0.00383	0.79113
7	0.00874	0.00637	0.00822	0.00776	0.00926	0.00585	0.00582	0.01161	0.01746	0.02456	0.70387	0.04724	0.09406	0.01290	0.00735	0.00197	0.00295	0.01137	0.00680	0.00585
8	0.00862	0.00629	0.00833	0.00958	0.01063	0.00600	0.00749	0.01054	0.01326	0.01720	0.03739	0.38141	0.12717	0.01805	0.00816	0.00262	0.00447	0.31165	0.00576	0.00538
9	0.02327	0.02970	0.01766	0.01605	0.01926	0.75602	0.01204	0.02488	0.01766	0.01525	0.00963	0.01124	0.00803	0.00642	0.00562	0.00161	0.01124	0.00401	0.00321	0.00722
10	0.00738	0.00625	0.00638	0.00648	0.00846	0.00525	0.00481	0.00892	0.01404	0.01677	0.06106	0.11123	0.68970	0.01605	0.00741	0.00213	0.00319	0.01348	0.00579	0.00525
11	0.01677	0.01337	0.01433	0.01264	0.01633	0.01522	0.00990	0.06495	0.64727	0.07819	0.02482	0.02271	0.01837	0.00835	0.00633	0.00209	0.00505	0.00692	0.00643	0.00995
12	0.82504	0.01205	0.00916	0.00819	0.01205	0.01398	0.00675	0.01832	0.01060	0.02795	0.00868	0.01012	0.00675	0.00578	0.00386	0.00193	0.00482	0.00337	0.00386	0.00675
13	0.02667	0.01266	0.01573	0.01206	0.01693	0.01221	0.00997	0.23823	0.02128	0.53375	0.02169	0.01933	0.01397	0.00764	0.00626	0.00191	0.00577	0.00607	0.00727	0.01060
14	0.00774	0.00551	0.00731	0.00870	0.00908	0.00518	0.00585	0.00884	0.01189	0.01584	0.03367	0.72039	0.04023	0.05163	0.00898	0.00269	0.00379	0.04193	0.00570	0.00503
15	0.02368	0.01745	0.01870	0.01434	0.01932	0.01932	0.01184	0.72139	0.02929	0.03927	0.01496	0.01496	0.01060	0.00748	0.00623	0.00187	0.00686	0.00561	0.00623	0.01060
16	0.01292	0.01107	0.01292	0.00923	0.01477	0.00831	0.00738	0.01569	0.01292	0.02030	0.01107	0.01292	0.00923	0.00461	0.00461	0.00092	0.00461	0.00369	0.00369	0.81912
17	0.01363	0.01363	0.01908	0.01636	0.01636	0.01908	0.01363	0.01499	0.00954	0.01499	0.00818	0.01363	0.00818	0.01091	0.02045	0.00273	0.76963	0.00545	0.00273	0.00682
18	0.00918	0.00647	0.00808	0.00787	0.00951	0.00585	0.00593	0.01160	0.01614	0.05041	0.45369	0.12191	0.20993	0.01411	0.00743	0.00209	0.00328	0.04420	0.00649	0.00584
19	0.01580	0.63011	0.17983	0.01212	0.01825	0.02256	0.01320	0.01888	0.01276	0.01570	0.00918	0.01064	0.00797	0.00545	0.00439	0.00146	0.00719	0.00359	0.00266	0.00824
20	0.01632	0.69485	0.06627	0.01211	0.01769	0.02354	0.06192	0.01880	0.01283	0.01527	0.00906	0.01063	0.00810	0.00535	0.00433	0.00142	0.00706	0.00368	0.00270	0.00808
21	0.01550	0.01338	0.01409	0.01268	0.01620	0.01550	0.00986	0.03311	0.73091	0.02606	0.02536	0.02325	0.01902	0.00845	0.00634	0.00211	0.00493	0.00704	0.00634	0.00986
22	0.00882	0.00637	0.00833	0.00784	0.00931	0.00588	0.00588	0.01176	0.01764	0.02499	0.73888	0.04654	0.05879	0.01274	0.00735	0.00196	0.00294	0.01127	0.00686	0.00588
23	0.01550	0.01338	0.01409	0.01268	0.01620	0.01550	0.00986	0.03311	0.73091	0.02606	0.02536	0.02325	0.01902	0.00845	0.00634	0.00211	0.00493	0.00704	0.00634	0.00986
24	0.00820	0.00568	0.00705	0.00790	0.00811	0.00547	0.00495	0.00883	0.01075	0.01433	0.02827	0.47316	0.03355	0.33378	0.01776	0.00398	0.00462	0.01414	0.00495	0.00453
25	0.02327	0.02970	0.01766	0.01605	0.01926	0.75602	0.01204	0.02488	0.01766	0.01525	0.00963	0.01124	0.00803	0.00642	0.00562	0.00161	0.01124	0.00401	0.00321	0.00722
26	0.65522	0.01319	0.01118	0.00950	0.01359	0.01511	0.00783	0.16731	0.01456	0.03035	0.01001	0.01115	0.00756	0.00614	0.00436	0.00192	0.00525	0.00385	0.00436	0.00756
27	0.01177	0.01107	0.01869	0.76606	0.04291	0.01384	0.01730	0.01592	0.01246	0.01592	0.01107	0.01661	0.00831	0.00623	0.00623	0.00208	0.00831	0.00554	0.00277	0.00692
28	0.00759	0.00542	0.00723	0.00868	0.00904	0.00506	0.00578	0.00868	0.01193	0.01591	0.03434	0.77697	0.04121	0.01952	0.00795	0.00253	0.00361	0.01771	0.00578	0.00506
29	0.01658	0.50718	0.06782	0.01230	0.01703	0.09332	0.03590	0.01893	0.01343	0.04022	0.03706	0.01415	0.03496	0.00656	0.00586	0.00159	0.06164	0.00447	0.00316	0.00784
30	0.01292	0.01107	0.01292	0.00923	0.01477	0.00831	0.00738	0.01569	0.01292	0.02030	0.01107	0.01292	0.00923	0.00461	0.00461	0.00092	0.00461	0.00369	0.00369	0.81912
31	0.01635	0.01614	0.09011	0.01395	0.03766	0.06184	0.01156	0.07856	0.46708	0.05374	0.05209	0.02261	0.01824	0.00826	0.00633	0.00205	0.00593	0.02233	0.00572	0.00945
32	0.02172	0.02669	0.01872	0.01943	0.13361	0.60941	0.01307	0.02429	0.04527	0.01648	0.01058	0.01237	0.00875	0.00636	0.00573	0.00166	0.01038	0.00438	0.00331	0.00775
33	0.02239	0.01681	0.01797	0.01407	0.01883	0.01872	0.01153	0.61240	0.14040	0.03718	0.01661	0.01627	0.01193	0.00763	0.00625	0.00191	0.00655	0.00584	0.00625	0.01048
34	0.02092	0.01805	0.01701	0.01406	0.01828	0.13472	0.01122	0.38429	0.25865	0.03111	0.01754	0.01710	0.01296	0.00763	0.00617	0.00191	0.00692	0.00583	0.00579	0.00982
35	0.01082	0.00541	0.00812	0.00812	0.00812	0.00541	0.00541	0.00812	0.00812	0.01082	0.01082	0.01894	0.01082	0.02165	0.02435	0.81872	0.00541	0.00541	0.00271	0.00271
36	0.01004	0.00717	0.01004	0.01147	0.01291	0.00717	0.01004	0.01291	0.01434	0.01865	0.03299	0.07028	0.03586	0.01721	0.00861	0.00287	0.00574	0.70023	0.00574	0.00574
37	0.01542	0.01480	0.02529	0.03824	0.74217	0.01480	0.01912	0.01912	0.01419	0.02036	0.01172	0.01542	0.00987	0.00555	0.00617	0.00185	0.00740	0.00555	0.00308	0.00987

[dist]
# distance from previous block
# <min> <max>
0	9

[block]
# block no. 4 follows, 36 sequences, length 30
# corresponding to MSA columns:
# 598-627
name=unknown_E
#
# <colnr> <probs for GDERKNQSTAVLIFYWHMCP>
#	G	D	E	R	K	N	Q	S	T	A	V	L	I	F	Y	W	H	M	C	P
0	0.00739	0.00623	0.00640	0.00654	0.00848	0.00524	0.00484	0.00892	0.01398	0.01674	0.06032	0.12970	0.67170	0.01614	0.00742	0.00215	0.00320	0.01359	0.00579	0.00524
1	0.02293	0.01740	0.02022	0.01534	0.02044	0.01902	0.07142	0.66234	0.02807	0.03764	0.01476	0.01511	0.01050	0.00729	0.00633	0.00189	0.00716	0.00576	0.00597	0.01041
2	0.01647	0.75043	0.06534	0.01098	0.01649	0.02419	0.01123	0.01871	0.01268	0.01489	0.00878	0.01014	0.00799	0.00536	0.00409	0.00136	0.00678	0.00339	0.00266	0.00805
3	0.01254	0.00670	0.00679	0.00646	0.00818	0.00684	0.00493	0.06866	0.01431	0.02446	0.01991	0.02260	0.01556	0.00728	0.00450	0.00148	0.00321	0.00579	0.75363	0.00617
4	0.66065	0.01175	0.01025	0.00879	0.01284	0.01298	0.00724	0.02080	0.01209	0.17615	0.01196	0.01241	0.00854	0.00618	0.00435	0.00193	0.00492	0.00397	0.00465	0.00754
5	0.00964	0.00689	0.00959	0.01102	0.01228	0.00683	0.00935	0.01223	0.01395	0.01820	0.03321	0.18432	0.03672	0.01758	0.00850	0.00281	0.00539	0.59009	0.00574	0.00563
6	0.00882	0.00637	0.00833	0.00784	0.00931	0.00588	0.00588	0.01176	0.01764	0.02499	0.73888	0.04654	0.05879	0.01274	0.00735	0.00196	0.00294	0.01127	0.00686	0.00588
7	0.00776	0.00554	0.00742	0.00887	0.00931	0.00521	0.00608	0.00897	0.01210	0.01609	0.03425	0.72804	0.04084	0.01936	0.00800	0.00255	0.00376	0.06496	0.00578	0.00511
8	0.01250	0.03223	0.74875	0.01776	0.02697	0.01447	0.02302	0.01973	0.01315	0.01973	0.01118	0.01315	0.00789	0.00592	0.00592	0.00197	0.00921	0.00460	0.00263	0.00921
9	0.01250	0.03223	0.74875	0.01776	0.02697	0.01447	0.02302	0.01973	0.01315	0.01973	0.01118	0.01315	0.00789	0.00592	0.00592	0.00197	0.00921	0.00460	0.00263	0.00921
10	0.01471	0.01681	0.03676	0.02626	0.03256	0.01576	0.71954	0.01996	0.01471	0.01996	0.01261	0.01681	0.00945	0.00525	0.00735	0.00210	0.01050	0.00735	0.00315	0.00840
11	0.01292	0.01107	0.01292	0.00923	0.01477	0.00831	0.00738	0.01569	0.01292	0.02030	0.01107	0.01292	0.00923	0.00461	0.00461	0.00092	0.00461	0.00369	0.00369	0.81912
12	0.58475	0.01329	0.01124	0.00960	0.01365	0.06113	0.00783	0.06712	0.01352	0.15051	0.01187	0.01240	0.00856	0.00627	0.00454	0.00190	0.00545	0.00406	0.00463	0.00769
13	0.01542	0.01480	0.02529	0.03824	0.74217	0.01480	0.01912	0.01912	0.01419	0.02036	0.01172	0.01542	0.00987	0.00555	0.00617	0.00185	0.00740	0.00555	0.00308	0.00987
14	0.00825	0.00611	0.00769	0.00779	0.00908	0.00556	0.00566	0.01047	0.01556	0.02121	0.43848	0.23911	0.17198	0.01503	0.00751	0.00213	0.00315	0.01327	0.00639	0.00556
15	0.02462	0.01520	0.01721	0.01328	0.01815	0.01608	0.01094	0.48207	0.05630	0.25302	0.01833	0.01721	0.01242	0.00759	0.00625	0.00190	0.00630	0.00587	0.00669	0.01057
16	0.01250	0.03223	0.74875	0.01776	0.02697	0.01447	0.02302	0.01973	0.01315	0.01973	0.01118	0.01315	0.00789	0.00592	0.00592	0.00197	0.00921	0.00460	0.00263	0.00921
17	0.02772	0.01097	0.01469	0.01126	0.01609	0.00970	0.00930	0.06756	0.01845	0.70841	0.02406	0.02087	0.01516	0.00770	0.00626	0.00192	0.00539	0.00623	0.00763	0.01060
18	0.00885	0.00595	0.00686	0.00707	0.00712	0.00590	0.00407	0.00900	0.00948	0.01264	0.02179	0.14865	0.02537	0.66944	0.02823	0.00553	0.00569	0.01033	0.00407	0.00396
19	0.01177	0.01107	0.01869	0.76606	0.04291	0.01384	0.01730	0.01592	0.01246	0.01592	0.01107	0.01661	0.00831	0.00623	0.00623	0.00208	0.00831	0.00554	0.00277	0.00692
20	0.00759	0.00542	0.00723	0.00868	0.00904	0.00506	0.00578	0.00868	0.01193	0.01591	0.03434	0.77697	0.04121	0.01952	0.00795	0.00253	0.00361	0.01771	0.00578	0.00506
21	0.00906	0.00604	0.00680	0.00680	0.00680	0.00604	0.00378	0.00906	0.00906	0.01208	0.01963	0.04077	0.02265	0.78103	0.03171	0.00604	0.00604	0.00906	0.00378	0.00378
22	0.00759	0.00542	0.00723	0.00868	0.00904	0.00506	0.00578	0.00868	0.01193	0.01591	0.03434	0.77697	0.04121	0.01952	0.00795	0.00253	0.00361	0.01771	0.00578	0.00506
23	0.01471	0.01681	0.03676	0.02626	0.03256	0.01576	0.71954	0.01996	0.01471	0.01996	0.01261	0.01681	0.00945	0.00525	0.00735	0.00210	0.01050	0.00735	0.00315	0.00840
24	0.76326	0.01358	0.06539	0.00892	0.01318	0.01401	0.00798	0.01842	0.01080	0.02733	0.00887	0.01035	0.00683	0.00579	0.00401	0.00193	0.00515	0.00347	0.00376	0.00693
25	0.01208	0.02452	0.49070	0.01661	0.02353	0.01301	0.08845	0.01882	0.06767	0.01956	0.01650	0.14940	0.01479	0.00845	0.00645	0.00210	0.00802	0.00738	0.00352	0.00844
26	0.76289	0.01155	0.00901	0.00823	0.01182	0.01330	0.00667	0.01758	0.01070	0.02704	0.01063	0.06843	0.00937	0.00683	0.00417	0.00197	0.00473	0.00446	0.00400	0.00662
27	0.00881	0.00656	0.00968	0.00979	0.01080	0.00751	0.00748	0.01086	0.01012	0.01448	0.01814	0.08232	0.01780	0.07299	0.67148	0.00929	0.01528	0.00761	0.00354	0.00546
28	0.18661	0.04121	0.03757	0.01012	0.01407	0.01088	0.00856	0.07488	0.01680	0.30790	0.20094	0.02417	0.02374	0.00842	0.00594	0.00191	0.00490	0.00672	0.00622	0.00846
29	0.01512	0.01094	0.03142	0.01577	0.15511	0.01057	0.01047	0.02122	0.17622	0.14945	0.19738	0.03084	0.06073	0.01006	0.00740	0.03381	0.00507	0.04433	0.00579	0.00830

[dist]
# distance from previous block
# <min> <max>
0	173

# created by:
# /home/cegg/simao/soft/augustus-3.2.1/scripts/msa2prfl.pl ./align_prep/EOG090W03TM.fa
