[name]
unknown

[dist]
# distance from previous block
# <min> <max>
4	18

[block]
# block no. 0 follows, 30 sequences, length 44
# corresponding to MSA columns:
# 20-63
name=unknown_A
#
# <colnr> <probs for GDERKNQSTAVLIFYWHMCP>
#	G	D	E	R	K	N	Q	S	T	A	V	L	I	F	Y	W	H	M	C	P
0	0.03425	0.00857	0.00988	0.00956	0.01167	0.00824	0.00710	0.08459	0.01717	0.06460	0.11845	0.25728	0.22936	0.05810	0.00962	0.00269	0.00455	0.03156	0.02588	0.00688
1	0.01026	0.00709	0.00876	0.00945	0.01043	0.00685	0.00645	0.01283	0.05874	0.04002	0.09133	0.45778	0.07628	0.12847	0.01247	0.00325	0.00449	0.01591	0.03304	0.00611
2	0.01275	0.00873	0.01044	0.01022	0.01218	0.00857	0.00764	0.06629	0.06253	0.07127	0.11827	0.22506	0.15165	0.11271	0.01186	0.00310	0.00501	0.08818	0.00656	0.00699
3	0.03143	0.00751	0.00855	0.00872	0.01035	0.00699	0.00616	0.01266	0.03759	0.04263	0.05994	0.25551	0.24301	0.14808	0.01291	0.00322	0.00458	0.03254	0.03606	0.03155
4	0.03257	0.00890	0.00977	0.00941	0.01142	0.02567	0.00694	0.05523	0.05010	0.04362	0.21205	0.19135	0.17217	0.05893	0.00939	0.00257	0.00443	0.01265	0.07597	0.00686
5	0.01483	0.01091	0.01245	0.01112	0.01394	0.02769	0.00852	0.11144	0.09375	0.05083	0.10863	0.12524	0.04952	0.04119	0.11314	0.02738	0.00721	0.00941	0.07296	0.08984
6	0.03316	0.00977	0.01100	0.01069	0.01306	0.01016	0.00811	0.04023	0.21353	0.02465	0.17172	0.19510	0.16472	0.01503	0.00799	0.00246	0.00451	0.04953	0.00685	0.00773
7	0.03372	0.01431	0.01346	0.01231	0.01511	0.12468	0.00932	0.12367	0.10978	0.02618	0.18675	0.19673	0.05705	0.01302	0.00756	0.00226	0.00603	0.01101	0.00635	0.03071
8	0.01609	0.01140	0.03142	0.01205	0.01457	0.01147	0.00943	0.14352	0.03996	0.11318	0.06644	0.25499	0.06367	0.08151	0.03531	0.00316	0.06569	0.01180	0.00628	0.00805
9	0.04503	0.01417	0.01625	0.01382	0.03974	0.01485	0.01075	0.24066	0.14322	0.21366	0.04309	0.02391	0.04124	0.00897	0.00677	0.00212	0.00602	0.00718	0.09795	0.01060
10	0.01826	0.17905	0.02630	0.02572	0.30329	0.05771	0.03822	0.11262	0.01811	0.02380	0.05085	0.02165	0.03658	0.03108	0.00748	0.00214	0.00788	0.02524	0.00427	0.00975
11	0.04380	0.10351	0.02358	0.02512	0.29755	0.07188	0.01521	0.04813	0.04295	0.20937	0.01720	0.01841	0.01284	0.00861	0.02978	0.00232	0.00803	0.00604	0.00510	0.01057
12	0.05751	0.01293	0.01755	0.04384	0.16301	0.01351	0.03685	0.11035	0.08215	0.09815	0.01918	0.02675	0.01677	0.20994	0.05820	0.00395	0.00793	0.00755	0.00510	0.00878
13	0.03997	0.04174	0.07581	0.03148	0.41492	0.16726	0.01851	0.02273	0.03275	0.02161	0.01428	0.01989	0.01240	0.00737	0.00680	0.00209	0.00907	0.04768	0.00373	0.00992
14	0.01875	0.17540	0.19467	0.01693	0.03909	0.03871	0.05355	0.14454	0.12186	0.04665	0.03149	0.01745	0.01307	0.00755	0.00687	0.00205	0.02849	0.00588	0.00469	0.03231
15	0.05756	0.10622	0.23920	0.02168	0.16262	0.10239	0.01804	0.09897	0.01773	0.06405	0.01333	0.01518	0.01014	0.00679	0.00630	0.00199	0.00888	0.00527	0.00403	0.03963
16	0.01628	0.13473	0.27379	0.02784	0.30332	0.03712	0.04074	0.02150	0.01548	0.02160	0.03592	0.01656	0.01174	0.00662	0.00651	0.00204	0.00894	0.00570	0.00335	0.01020
17	0.01674	0.01594	0.02708	0.06759	0.65034	0.01603	0.02058	0.02086	0.01601	0.02287	0.04840	0.01909	0.01377	0.00666	0.00698	0.00209	0.00807	0.00654	0.00366	0.01070
18	0.01636	0.01358	0.01860	0.01989	0.21801	0.01147	0.01221	0.01974	0.01523	0.06702	0.01358	0.01587	0.01099	0.00569	0.00579	0.00141	0.00612	0.00492	0.00422	0.51930
19	0.02251	0.13804	0.18446	0.01752	0.06648	0.04255	0.01603	0.26705	0.02228	0.13342	0.01586	0.01637	0.01138	0.00746	0.00649	0.00203	0.00819	0.00567	0.00534	0.01088
20	0.01338	0.00758	0.01083	0.05620	0.01262	0.00795	0.00751	0.06579	0.01136	0.01512	0.01252	0.02068	0.01192	0.02183	0.02430	0.68050	0.00640	0.00609	0.00336	0.00406
21	0.02496	0.01217	0.01740	0.12757	0.05730	0.01204	0.01235	0.02788	0.01780	0.46930	0.02567	0.02469	0.05916	0.00913	0.00840	0.00227	0.06731	0.00727	0.00691	0.01046
22	0.06778	0.17021	0.02888	0.03428	0.52303	0.01881	0.01857	0.02125	0.01528	0.02202	0.01220	0.01563	0.01040	0.00618	0.00624	0.00196	0.00793	0.00555	0.00341	0.01040
23	0.01693	0.01623	0.02771	0.10033	0.65638	0.01649	0.02125	0.02112	0.01573	0.02239	0.01307	0.01738	0.01091	0.00628	0.00691	0.00209	0.00837	0.00622	0.00342	0.01078
24	0.01866	0.75896	0.03657	0.01194	0.01791	0.02761	0.01194	0.02090	0.01418	0.01642	0.00970	0.01119	0.00896	0.00597	0.00448	0.00149	0.00746	0.00373	0.00299	0.00896
25	0.00836	0.00704	0.00725	0.00727	0.00951	0.00593	0.00542	0.01021	0.01607	0.01940	0.11028	0.08874	0.64552	0.01759	0.00827	0.00236	0.00354	0.01476	0.00656	0.00593
26	0.01356	0.01248	0.01985	0.61850	0.04294	0.01534	0.01801	0.01986	0.09222	0.01928	0.01548	0.02251	0.01224	0.00789	0.00713	0.00238	0.00872	0.03984	0.00373	0.00806
27	0.01866	0.75896	0.03657	0.01194	0.01791	0.02761	0.01194	0.02090	0.01418	0.01642	0.00970	0.01119	0.00896	0.00597	0.00448	0.00149	0.00746	0.00373	0.00299	0.00896
28	0.01048	0.00743	0.00997	0.01054	0.01148	0.00780	0.00805	0.01236	0.01256	0.01693	0.02630	0.05191	0.02824	0.28506	0.23265	0.00684	0.01020	0.24074	0.00486	0.00560
29	0.02331	0.02265	0.01883	0.01609	0.02045	0.25815	0.01260	0.24802	0.25058	0.02997	0.01863	0.01844	0.01404	0.00834	0.00679	0.00209	0.00861	0.00622	0.00588	0.01032
30	0.01785	0.63393	0.15453	0.01332	0.02004	0.02564	0.01433	0.02110	0.01427	0.01740	0.01019	0.01181	0.00894	0.00608	0.00485	0.00162	0.00796	0.00398	0.00298	0.00919
31	0.03010	0.01161	0.01581	0.01221	0.01740	0.01005	0.01005	0.03283	0.01996	0.67722	0.06591	0.02535	0.02002	0.00895	0.00709	0.00216	0.00579	0.00733	0.00858	0.01158
32	0.01866	0.75896	0.03657	0.01194	0.01791	0.02761	0.01194	0.02090	0.01418	0.01642	0.00970	0.01119	0.00896	0.00597	0.00448	0.00149	0.00746	0.00373	0.00299	0.00896
33	0.01016	0.00725	0.00999	0.01161	0.01274	0.00709	0.00935	0.01257	0.01499	0.01966	0.03755	0.34549	0.04254	0.02030	0.00935	0.00306	0.00548	0.40824	0.00645	0.00612
34	0.01400	0.03610	0.71860	0.01989	0.03020	0.01621	0.02578	0.02210	0.01473	0.02210	0.01252	0.01473	0.00884	0.00663	0.00663	0.00221	0.01031	0.00516	0.00295	0.01031
35	0.01356	0.01252	0.01999	0.55405	0.03999	0.01575	0.01759	0.04009	0.01400	0.01850	0.01340	0.04406	0.01111	0.01078	0.04974	0.00293	0.10410	0.00674	0.00338	0.00772
36	0.00848	0.00616	0.00801	0.00950	0.01006	0.00569	0.00638	0.00974	0.01357	0.01790	0.04113	0.69371	0.10092	0.02152	0.00885	0.00279	0.00401	0.01942	0.00648	0.00569
37	0.00865	0.00616	0.00819	0.00966	0.01007	0.00584	0.00644	0.00984	0.01310	0.01752	0.03681	0.68439	0.04393	0.06284	0.03772	0.00337	0.00475	0.01884	0.00625	0.00561
38	0.01747	0.57499	0.21014	0.01396	0.02104	0.02471	0.01546	0.02120	0.01432	0.01786	0.01042	0.01209	0.00893	0.00614	0.00503	0.00168	0.00819	0.00409	0.00298	0.00930
39	0.01627	0.02025	0.09720	0.02862	0.03595	0.01753	0.63129	0.02233	0.01633	0.02233	0.01399	0.01849	0.01044	0.00594	0.00810	0.00234	0.01164	0.00798	0.00348	0.00949
40	0.01212	0.00606	0.00909	0.00909	0.00909	0.00606	0.00606	0.00909	0.00909	0.01212	0.01212	0.02121	0.01212	0.02424	0.02727	0.79697	0.00606	0.00606	0.00303	0.00303
41	0.01427	0.07840	0.67868	0.01942	0.02948	0.01687	0.02497	0.02203	0.01470	0.02177	0.01236	0.01453	0.00885	0.00659	0.00650	0.00217	0.01015	0.00507	0.00295	0.01023
42	0.01536	0.09451	0.62255	0.01881	0.02849	0.01681	0.02376	0.02267	0.01498	0.06080	0.01314	0.01495	0.00933	0.00669	0.00647	0.00215	0.00983	0.00514	0.00327	0.01029
43	0.10633	0.50392	0.02967	0.01308	0.01830	0.19345	0.01183	0.02252	0.01527	0.01820	0.00996	0.01154	0.00881	0.00632	0.00489	0.00164	0.00846	0.00392	0.00328	0.00860

[dist]
# distance from previous block
# <min> <max>
0	11

[block]
# block no. 1 follows, 30 sequences, length 127
# corresponding to MSA columns:
# 75-97,100-203
name=unknown_B
#
# <colnr> <probs for GDERKNQSTAVLIFYWHMCP>
#	G	D	E	R	K	N	Q	S	T	A	V	L	I	F	Y	W	H	M	C	P
0	0.01545	0.26108	0.50633	0.01742	0.02638	0.01976	0.02147	0.02172	0.01456	0.02033	0.01164	0.01363	0.00888	0.00642	0.00596	0.00199	0.00943	0.00471	0.00296	0.00989
1	0.01449	0.11219	0.64680	0.01905	0.02891	0.01741	0.02433	0.02197	0.01467	0.02150	0.01223	0.01436	0.00885	0.00656	0.00640	0.00213	0.01001	0.00501	0.00295	0.01017
2	0.01447	0.01240	0.01447	0.01034	0.01654	0.00930	0.00827	0.01757	0.01447	0.02274	0.01240	0.01447	0.01034	0.00517	0.00517	0.00103	0.00517	0.00413	0.00413	0.79742
3	0.00850	0.00607	0.00810	0.00972	0.01012	0.00567	0.00648	0.00972	0.01336	0.01781	0.03846	0.75020	0.04615	0.02186	0.00891	0.00283	0.00405	0.01984	0.00648	0.00567
4	0.01408	0.03198	0.59634	0.01823	0.02783	0.01501	0.02274	0.02131	0.01469	0.02221	0.01250	0.01469	0.00910	0.00638	0.00638	0.00201	0.00942	0.00498	0.00315	0.14698
5	0.01485	0.10908	0.20164	0.01303	0.02028	0.01333	0.01330	0.01916	0.01450	0.02181	0.01211	0.01414	0.00978	0.00565	0.00547	0.00140	0.00679	0.00435	0.00368	0.49564
6	0.01866	0.75896	0.03657	0.01194	0.01791	0.02761	0.01194	0.02090	0.01418	0.01642	0.00970	0.01119	0.00896	0.00597	0.00448	0.00149	0.00746	0.00373	0.00299	0.00896
7	0.01400	0.03610	0.71860	0.01989	0.03020	0.01621	0.02578	0.02210	0.01473	0.02210	0.01252	0.01473	0.00884	0.00663	0.00663	0.00221	0.01031	0.00516	0.00295	0.01031
8	0.00850	0.00607	0.00810	0.00972	0.01012	0.00567	0.00648	0.00972	0.01336	0.01781	0.03846	0.75020	0.04615	0.02186	0.00891	0.00283	0.00405	0.01984	0.00648	0.00567
9	0.01447	0.01240	0.01447	0.01034	0.01654	0.00930	0.00827	0.01757	0.01447	0.02274	0.01240	0.01447	0.01034	0.00517	0.00517	0.00103	0.00517	0.00413	0.00413	0.79742
10	0.01400	0.03610	0.71860	0.01989	0.03020	0.01621	0.02578	0.02210	0.01473	0.02210	0.01252	0.01473	0.00884	0.00663	0.00663	0.00221	0.01031	0.00516	0.00295	0.01031
11	0.01491	0.01474	0.02069	0.01784	0.01792	0.02052	0.01482	0.01650	0.01072	0.01675	0.00980	0.01609	0.00972	0.01493	0.07051	0.00361	0.69309	0.00620	0.00310	0.00754
12	0.00850	0.00607	0.00810	0.00972	0.01012	0.00567	0.00648	0.00972	0.01336	0.01781	0.03846	0.75020	0.04615	0.02186	0.00891	0.00283	0.00405	0.01984	0.00648	0.00567
13	0.01318	0.01240	0.02093	0.73798	0.04806	0.01550	0.01938	0.01783	0.01395	0.01783	0.01240	0.01860	0.00930	0.00698	0.00698	0.00233	0.00930	0.00620	0.00310	0.00775
14	0.01459	0.01262	0.01555	0.01318	0.07814	0.00987	0.00939	0.01779	0.01475	0.02290	0.03268	0.01581	0.01201	0.00553	0.00541	0.00116	0.00539	0.00457	0.00418	0.70448
15	0.01957	0.01505	0.02392	0.01813	0.02351	0.01437	0.22788	0.16553	0.01992	0.13497	0.02027	0.09371	0.01711	0.00910	0.00747	0.00217	0.00792	0.04699	0.00562	0.12679
16	0.01446	0.01313	0.03613	0.01063	0.01696	0.00951	0.00881	0.01771	0.01448	0.02272	0.01241	0.01448	0.01029	0.00521	0.00521	0.00107	0.00533	0.00417	0.00410	0.77321
17	0.01908	0.01675	0.02851	0.03311	0.40512	0.01653	0.15843	0.08452	0.03749	0.08446	0.01532	0.01827	0.01184	0.00662	0.00715	0.00212	0.00859	0.00670	0.00437	0.03504
18	0.00874	0.00697	0.00789	0.00839	0.01021	0.00613	0.00631	0.01064	0.01560	0.01938	0.09538	0.21106	0.45650	0.01855	0.00855	0.00255	0.00396	0.09072	0.00654	0.00594
19	0.01889	0.73602	0.03604	0.01213	0.01803	0.04970	0.01199	0.02112	0.01436	0.01644	0.00974	0.01124	0.00896	0.00601	0.00453	0.00150	0.00762	0.00376	0.00300	0.00893
20	0.00904	0.00651	0.00853	0.00995	0.01067	0.00615	0.00708	0.01057	0.01382	0.01817	0.03954	0.54932	0.09014	0.06174	0.01046	0.00308	0.00457	0.12858	0.00634	0.00573
21	0.07376	0.01931	0.01944	0.01547	0.02061	0.06238	0.01259	0.51091	0.12917	0.03941	0.01768	0.01754	0.01282	0.00835	0.00679	0.00212	0.00751	0.00626	0.00663	0.01125
22	0.05459	0.01903	0.02831	0.03508	0.45851	0.10748	0.12957	0.04266	0.01681	0.02303	0.01295	0.01664	0.01058	0.00636	0.00693	0.00209	0.00926	0.00622	0.00363	0.01027
23	0.00892	0.00672	0.00833	0.00924	0.01050	0.00613	0.00675	0.01077	0.01512	0.01958	0.11866	0.39320	0.23960	0.01951	0.00874	0.00268	0.00412	0.09891	0.00660	0.00593
24	0.01924	0.61607	0.03360	0.01424	0.05633	0.10174	0.01251	0.02157	0.01489	0.01704	0.01009	0.01178	0.00912	0.00609	0.00483	0.00154	0.00799	0.00396	0.00311	0.03426
25	0.06329	0.01172	0.01344	0.01199	0.01573	0.01161	0.00979	0.10372	0.11640	0.04723	0.05434	0.06664	0.07246	0.01209	0.00738	0.00226	0.00569	0.18722	0.00609	0.18092
26	0.02217	0.06255	0.03875	0.10357	0.07494	0.07171	0.01433	0.31317	0.13579	0.06698	0.01747	0.01821	0.01287	0.00797	0.00679	0.00211	0.00789	0.00626	0.00577	0.01069
27	0.02370	0.20102	0.02443	0.01833	0.07294	0.46535	0.01371	0.06691	0.01898	0.01903	0.01108	0.01287	0.00932	0.00691	0.00596	0.00177	0.01075	0.00456	0.00365	0.00875
28	0.01447	0.01240	0.01447	0.01034	0.01654	0.00930	0.00827	0.01757	0.01447	0.02274	0.01240	0.01447	0.01034	0.00517	0.00517	0.00103	0.00517	0.00413	0.00413	0.79742
29	0.01546	0.25114	0.49609	0.01779	0.02671	0.01965	0.04032	0.02175	0.01462	0.02041	0.01173	0.01379	0.00892	0.00641	0.00603	0.00200	0.00950	0.00482	0.00297	0.00988
30	0.06775	0.10517	0.15593	0.01695	0.02269	0.22653	0.06558	0.08537	0.06577	0.08181	0.01458	0.01589	0.01103	0.00837	0.02516	0.00225	0.00977	0.00547	0.00442	0.00950
31	0.00888	0.00655	0.00835	0.00935	0.01036	0.00602	0.00664	0.01067	0.01502	0.01988	0.15449	0.47679	0.15653	0.01974	0.00874	0.00268	0.00401	0.06273	0.00667	0.00591
32	0.00848	0.00616	0.00801	0.00948	0.01006	0.00569	0.00637	0.00974	0.01359	0.01791	0.04131	0.68985	0.10467	0.02149	0.00885	0.00279	0.00400	0.01939	0.00648	0.00569
33	0.01644	0.01708	0.04979	0.13269	0.44833	0.01667	0.17328	0.02117	0.01573	0.02201	0.01324	0.01773	0.01065	0.00625	0.00721	0.00217	0.00928	0.00665	0.00341	0.01021
34	0.01830	0.00984	0.01394	0.01219	0.01545	0.00904	0.04655	0.04031	0.01837	0.26854	0.17291	0.13471	0.06633	0.01367	0.00811	0.00246	0.00550	0.12785	0.00733	0.00859
35	0.02147	0.01703	0.01809	0.01503	0.01971	0.01928	0.01204	0.32879	0.40021	0.03582	0.02318	0.02188	0.01707	0.00898	0.00705	0.00224	0.00649	0.00717	0.00705	0.01141
36	0.01727	0.01658	0.02832	0.04283	0.71123	0.01658	0.02142	0.02142	0.01589	0.02280	0.01313	0.01727	0.01105	0.00622	0.00691	0.00207	0.00829	0.00622	0.00345	0.01105
37	0.01724	0.01668	0.02890	0.04223	0.68093	0.01663	0.05125	0.02146	0.01592	0.02278	0.01317	0.01734	0.01103	0.00620	0.00697	0.00209	0.00845	0.00631	0.00346	0.01098
38	0.80405	0.01350	0.01026	0.00918	0.01350	0.01565	0.00756	0.02051	0.01188	0.03131	0.00972	0.01134	0.00756	0.00648	0.00432	0.00216	0.00540	0.00378	0.00432	0.00756
39	0.01529	0.01483	0.02602	0.36602	0.34177	0.01617	0.07956	0.01983	0.01504	0.02044	0.01288	0.01803	0.01019	0.00654	0.00706	0.00222	0.00907	0.00639	0.00330	0.00937
40	0.17787	0.01606	0.01547	0.01358	0.01778	0.04939	0.01072	0.11196	0.44888	0.03086	0.02243	0.02134	0.01683	0.00863	0.00649	0.00227	0.00608	0.00671	0.00637	0.01031
41	0.00893	0.00645	0.00845	0.00932	0.01019	0.00597	0.00647	0.01083	0.01551	0.02111	0.25425	0.50087	0.07714	0.01927	0.00867	0.00261	0.00379	0.01733	0.00686	0.00597
42	0.01124	0.00803	0.01124	0.01285	0.01446	0.00803	0.01124	0.01446	0.01606	0.02088	0.03695	0.07871	0.04016	0.01928	0.00964	0.00321	0.00643	0.66426	0.00643	0.00643
43	0.01465	0.01107	0.01338	0.01335	0.01606	0.01191	0.01114	0.06350	0.23880	0.04333	0.05286	0.05559	0.03248	0.01500	0.00854	0.00281	0.00610	0.37425	0.00677	0.00840
44	0.01015	0.00677	0.00761	0.00761	0.00761	0.00677	0.00423	0.01015	0.01015	0.01353	0.02199	0.04567	0.02537	0.75476	0.03552	0.00677	0.00677	0.01015	0.00423	0.00423
45	0.00980	0.00713	0.00922	0.00870	0.01038	0.00655	0.00653	0.01302	0.01958	0.02757	0.67848	0.05281	0.09517	0.01442	0.00823	0.00220	0.00330	0.01272	0.00763	0.00655
46	0.05987	0.25367	0.04417	0.01438	0.01961	0.02148	0.03363	0.27435	0.06300	0.04817	0.05668	0.01756	0.01448	0.00800	0.00690	0.00199	0.04090	0.00587	0.00527	0.01004
47	0.01040	0.00770	0.00981	0.00952	0.01121	0.00744	0.00715	0.01482	0.07568	0.02656	0.54137	0.13431	0.05863	0.01499	0.00828	0.00233	0.00371	0.04181	0.00743	0.00684
48	0.04183	0.12559	0.07044	0.13171	0.05893	0.16548	0.01458	0.09510	0.09061	0.11639	0.01584	0.01706	0.01181	0.00744	0.00640	0.00203	0.00862	0.00566	0.00480	0.00966
49	0.31600	0.05430	0.14583	0.01563	0.05430	0.09879	0.04300	0.08948	0.01616	0.02707	0.01165	0.01353	0.00900	0.00661	0.00562	0.00200	0.00786	0.00471	0.00410	0.07435
50	0.05792	0.19220	0.05546	0.01790	0.06188	0.37917	0.03874	0.02587	0.07293	0.01933	0.01227	0.01392	0.01009	0.00694	0.00598	0.00185	0.01014	0.00484	0.00374	0.00883
51	0.01218	0.00999	0.01175	0.00984	0.01368	0.00824	0.00741	0.01536	0.04585	0.02150	0.07309	0.18769	0.08605	0.04792	0.00808	0.00198	0.00474	0.00964	0.00525	0.41974
52	0.02199	0.01724	0.01840	0.01499	0.01989	0.01921	0.01207	0.37457	0.32112	0.03658	0.02161	0.02068	0.01589	0.00870	0.00695	0.00216	0.00663	0.00688	0.00690	0.04750
53	0.01462	0.10252	0.13945	0.37099	0.17094	0.01688	0.01951	0.01942	0.01471	0.01974	0.03862	0.01812	0.01168	0.00693	0.00667	0.00216	0.00883	0.00599	0.00331	0.00892
54	0.01686	0.17054	0.37346	0.01686	0.02434	0.04413	0.03927	0.02291	0.04592	0.08243	0.01708	0.01833	0.04908	0.00767	0.00714	0.00211	0.04243	0.00581	0.00389	0.00974
55	0.01514	0.02936	0.45119	0.08661	0.05859	0.04890	0.16801	0.02201	0.01532	0.02157	0.01280	0.01596	0.00935	0.00651	0.00700	0.00223	0.01057	0.00593	0.00314	0.00982
56	0.04511	0.01377	0.01629	0.01333	0.01816	0.01410	0.01075	0.09109	0.28174	0.37688	0.02649	0.02371	0.01811	0.00888	0.00698	0.00223	0.00591	0.00721	0.00779	0.01145
57	0.04640	0.21180	0.49244	0.01744	0.02615	0.05140	0.02113	0.02201	0.01472	0.02084	0.01164	0.01364	0.00882	0.00649	0.00600	0.00201	0.00953	0.00472	0.00304	0.00977
58	0.07392	0.08518	0.24373	0.03749	0.02113	0.01564	0.01496	0.04812	0.18400	0.02489	0.08480	0.02620	0.09302	0.00922	0.00673	0.00220	0.00702	0.00739	0.00504	0.00933
59	0.01008	0.00720	0.00818	0.00832	0.01038	0.00624	0.00617	0.01190	0.01577	0.06767	0.08712	0.22380	0.45539	0.01793	0.00836	0.00247	0.00390	0.03612	0.00668	0.00630
60	0.01573	0.01319	0.01453	0.01375	0.01707	0.01495	0.01092	0.03128	0.52878	0.02701	0.03058	0.06415	0.02621	0.01200	0.00770	0.00256	0.00566	0.14711	0.00693	0.00987
61	0.01627	0.01571	0.02722	0.20591	0.52163	0.01638	0.05381	0.02062	0.01546	0.02161	0.01300	0.01766	0.01062	0.00638	0.00699	0.00215	0.00870	0.00631	0.00337	0.01019
62	0.00840	0.00648	0.00768	0.00864	0.00984	0.00576	0.00600	0.00984	0.01440	0.01824	0.05159	0.47198	0.31590	0.02016	0.00864	0.00264	0.00384	0.01776	0.00648	0.00576
63	0.01212	0.00606	0.00909	0.00909	0.00909	0.00606	0.00606	0.00909	0.00909	0.01212	0.01212	0.02121	0.01212	0.02424	0.02727	0.79697	0.00606	0.00606	0.00303	0.00303
64	0.01647	0.01882	0.04118	0.02941	0.03647	0.01765	0.68588	0.02235	0.01647	0.02235	0.01412	0.01882	0.01059	0.00588	0.00824	0.00235	0.01176	0.00824	0.00353	0.00941
65	0.09000	0.01556	0.01608	0.01403	0.01826	0.01786	0.01107	0.13617	0.53354	0.03167	0.02491	0.02327	0.01860	0.00903	0.00683	0.00231	0.00584	0.00727	0.00683	0.01086
66	0.17742	0.01837	0.01887	0.01472	0.02006	0.02048	0.01216	0.55842	0.02875	0.04152	0.01539	0.01570	0.01103	0.00801	0.00646	0.00211	0.00724	0.00580	0.00646	0.01103
67	0.00850	0.00607	0.00810	0.00972	0.01012	0.00567	0.00648	0.00972	0.01336	0.01781	0.03846	0.75020	0.04615	0.02186	0.00891	0.00283	0.00405	0.01984	0.00648	0.00567
68	0.01366	0.01058	0.01991	0.01602	0.01826	0.01051	0.22296	0.01369	0.01152	0.01561	0.01261	0.02016	0.01149	0.01780	0.02100	0.50470	0.04429	0.00676	0.00319	0.00529
69	0.02609	0.03245	0.01984	0.01786	0.02158	0.68505	0.01347	0.06690	0.02055	0.01867	0.01114	0.01283	0.00916	0.00726	0.00633	0.00182	0.01229	0.00460	0.00380	0.00831
70	0.02612	0.03169	0.01991	0.01776	0.02158	0.64585	0.01346	0.10359	0.02127	0.02016	0.01147	0.01306	0.00932	0.00733	0.00637	0.00183	0.01202	0.00470	0.00398	0.00852
71	0.01527	0.01527	0.02137	0.01832	0.01832	0.02137	0.01527	0.01679	0.01069	0.01679	0.00916	0.01527	0.00916	0.01221	0.02290	0.00305	0.74198	0.00611	0.00305	0.00763
72	0.00825	0.00707	0.00707	0.00707	0.00943	0.00589	0.00530	0.01001	0.01591	0.01885	0.07069	0.06716	0.70839	0.01767	0.00825	0.00236	0.00353	0.01473	0.00648	0.00589
73	0.01415	0.01505	0.02934	0.02177	0.02717	0.01415	0.43598	0.01984	0.06402	0.02220	0.06058	0.03306	0.19054	0.00949	0.00816	0.00235	0.00886	0.01005	0.00471	0.00851
74	0.02970	0.01154	0.01556	0.01204	0.01723	0.00995	0.00991	0.03234	0.01969	0.66746	0.03054	0.02678	0.06545	0.00927	0.00710	0.00217	0.00577	0.00755	0.00849	0.01146
75	0.01400	0.03610	0.71860	0.01989	0.03020	0.01621	0.02578	0.02210	0.01473	0.02210	0.01252	0.01473	0.00884	0.00663	0.00663	0.00221	0.01031	0.00516	0.00295	0.01031
76	0.01318	0.01240	0.02093	0.73798	0.04806	0.01550	0.01938	0.01783	0.01395	0.01783	0.01240	0.01860	0.00930	0.00698	0.00698	0.00233	0.00930	0.00620	0.00310	0.00775
77	0.00997	0.00748	0.01121	0.01121	0.01246	0.00872	0.00872	0.01246	0.01121	0.01620	0.01869	0.02741	0.01745	0.05234	0.72710	0.01121	0.01869	0.00748	0.00374	0.00623
78	0.01181	0.00907	0.01144	0.01115	0.01385	0.00813	0.00886	0.03993	0.01543	0.02130	0.03070	0.26439	0.05102	0.01566	0.00802	0.00242	0.00531	0.23819	0.00582	0.22748
79	0.00873	0.00709	0.00773	0.00757	0.00972	0.00609	0.00568	0.01094	0.01704	0.02153	0.25773	0.06274	0.51969	0.01667	0.00824	0.00231	0.00346	0.01411	0.00683	0.00609
80	0.05402	0.54736	0.18097	0.01353	0.02034	0.02410	0.01466	0.02153	0.01437	0.03936	0.01084	0.01234	0.00912	0.00622	0.00501	0.00170	0.00793	0.00414	0.00321	0.00927
81	0.01868	0.52335	0.03197	0.01380	0.01933	0.07316	0.06235	0.05152	0.04572	0.01902	0.01267	0.04662	0.01151	0.00700	0.00534	0.00169	0.00782	0.00517	0.00363	0.03966
82	0.02130	0.20232	0.02621	0.05508	0.21104	0.33242	0.01555	0.02398	0.01711	0.01852	0.01124	0.01380	0.00956	0.00662	0.00605	0.00182	0.01003	0.00486	0.00339	0.00910
83	0.01318	0.01240	0.02093	0.73798	0.04806	0.01550	0.01938	0.01783	0.01395	0.01783	0.01240	0.01860	0.00930	0.00698	0.00698	0.00233	0.00930	0.00620	0.00310	0.00775
84	0.02888	0.01307	0.01678	0.01304	0.01819	0.01238	0.01074	0.16059	0.02188	0.53564	0.02480	0.02264	0.01623	0.01163	0.05720	0.00278	0.00717	0.00691	0.00797	0.01148
85	0.00845	0.00705	0.00738	0.00735	0.00957	0.00597	0.00549	0.01039	0.01630	0.01994	0.14774	0.08501	0.61062	0.01738	0.00826	0.00235	0.00352	0.01462	0.00663	0.00597
86	0.01014	0.00680	0.00777	0.00777	0.00782	0.00685	0.00443	0.01025	0.01020	0.01365	0.02184	0.04486	0.02502	0.72380	0.06600	0.00696	0.00729	0.01003	0.00421	0.00432
87	0.00990	0.00707	0.00970	0.01131	0.01233	0.00687	0.00891	0.01213	0.01474	0.01938	0.03769	0.40828	0.04310	0.02055	0.00928	0.00303	0.00526	0.34798	0.00645	0.00605
88	0.01015	0.00677	0.00761	0.00761	0.00761	0.00677	0.00423	0.01015	0.01015	0.01353	0.02199	0.04567	0.02537	0.75476	0.03552	0.00677	0.00677	0.01015	0.00423	0.00423
89	0.01605	0.01535	0.02536	0.18788	0.46263	0.01653	0.01972	0.01997	0.01485	0.02108	0.01251	0.01721	0.01044	0.00698	0.00856	0.00218	0.08733	0.00611	0.00337	0.04587
90	0.01773	0.61575	0.17169	0.01352	0.02035	0.02535	0.01468	0.02113	0.01429	0.01754	0.01026	0.01190	0.00893	0.00610	0.00490	0.00163	0.00803	0.00401	0.00298	0.00922
91	0.80405	0.01350	0.01026	0.00918	0.01350	0.01565	0.00756	0.02051	0.01188	0.03131	0.00972	0.01134	0.00756	0.00648	0.00432	0.00216	0.00540	0.00378	0.00432	0.00756
92	0.02736	0.01765	0.03581	0.01507	0.02067	0.01818	0.01265	0.47085	0.04546	0.23340	0.02000	0.01892	0.01356	0.00844	0.00699	0.00212	0.00719	0.00650	0.00736	0.01181
93	0.01642	0.01866	0.04027	0.02890	0.03564	0.01782	0.65516	0.02210	0.01621	0.02210	0.01389	0.01866	0.01052	0.00617	0.00891	0.00239	0.04522	0.00814	0.00351	0.00933
94	0.03025	0.01164	0.01585	0.01224	0.01745	0.01007	0.01007	0.03298	0.01996	0.68202	0.06117	0.02516	0.01968	0.00892	0.00708	0.00216	0.00581	0.00729	0.00859	0.01161
95	0.01104	0.00638	0.00888	0.00888	0.00947	0.00612	0.00612	0.01005	0.01220	0.01638	0.16073	0.08267	0.09163	0.02143	0.02032	0.50466	0.00512	0.00918	0.00454	0.00421
96	0.01709	0.38012	0.20697	0.01533	0.02201	0.02183	0.05264	0.04321	0.11534	0.02094	0.01445	0.03618	0.01199	0.00718	0.00582	0.00191	0.00805	0.00550	0.00383	0.00963
97	0.08517	0.01199	0.01578	0.01219	0.01751	0.01063	0.01007	0.03307	0.01941	0.66833	0.02629	0.02289	0.01660	0.00849	0.00683	0.00216	0.00590	0.00679	0.00834	0.01157
98	0.01727	0.01658	0.02832	0.04283	0.71123	0.01658	0.02142	0.02142	0.01589	0.02280	0.01313	0.01727	0.01105	0.00622	0.00691	0.00207	0.00829	0.00622	0.00345	0.01105
99	0.01963	0.34054	0.17069	0.01536	0.02125	0.24767	0.01503	0.02299	0.01636	0.01837	0.04516	0.01439	0.01176	0.00691	0.00569	0.00177	0.00948	0.00471	0.00340	0.00884
100	0.01006	0.00710	0.00933	0.00933	0.00992	0.00770	0.00637	0.01125	0.01066	0.01480	0.02042	0.03698	0.02160	0.42043	0.36468	0.00888	0.01244	0.00888	0.00400	0.00518
101	0.00856	0.00610	0.00808	0.00964	0.01003	0.00571	0.00639	0.00973	0.01324	0.01765	0.03784	0.72348	0.04537	0.04966	0.00992	0.00298	0.00415	0.01947	0.00639	0.00561
102	0.00886	0.00672	0.00817	0.00860	0.01000	0.00603	0.00615	0.01090	0.01617	0.02134	0.25960	0.31831	0.25752	0.01817	0.00849	0.00248	0.00365	0.01598	0.00686	0.00603
103	0.01514	0.12532	0.49403	0.02151	0.06659	0.01790	0.12067	0.02194	0.01498	0.02145	0.01243	0.01502	0.00923	0.00641	0.00660	0.00213	0.01005	0.00548	0.00306	0.01005
104	0.01639	0.01858	0.03980	0.02864	0.03521	0.01791	0.63914	0.02197	0.01607	0.02197	0.01377	0.01858	0.01049	0.00632	0.00926	0.00240	0.06266	0.00809	0.00350	0.00929
105	0.01455	0.06959	0.37792	0.01545	0.02369	0.01416	0.01757	0.02061	0.03246	0.02220	0.01272	0.01471	0.00977	0.00608	0.00593	0.00170	0.00796	0.00473	0.00353	0.32467
106	0.01415	0.02386	0.34060	0.29641	0.12526	0.01615	0.02244	0.02021	0.01446	0.02039	0.01245	0.01656	0.00931	0.00689	0.00732	0.00226	0.03312	0.00572	0.00307	0.00935
107	0.01108	0.00643	0.00725	0.00775	0.00901	0.00621	0.00554	0.01360	0.01463	0.02312	0.07787	0.26889	0.06208	0.01353	0.00660	0.00210	0.00353	0.01171	0.44288	0.00621
108	0.01988	0.01838	0.10089	0.02701	0.31484	0.01662	0.01730	0.22074	0.02107	0.07724	0.03896	0.06327	0.01539	0.00829	0.00707	0.00215	0.00775	0.00721	0.00513	0.01080
109	0.15780	0.04209	0.17766	0.01663	0.02123	0.01810	0.06646	0.11260	0.01542	0.02458	0.01237	0.01692	0.01041	0.06047	0.01288	0.00273	0.21309	0.00587	0.00392	0.00875
110	0.00955	0.00708	0.00890	0.00854	0.01025	0.00643	0.00637	0.01250	0.01884	0.02603	0.57309	0.08537	0.17088	0.01516	0.00826	0.00225	0.00337	0.01329	0.00743	0.00643
111	0.01650	0.01444	0.01725	0.01482	0.01883	0.01607	0.07049	0.05233	0.52870	0.02846	0.08643	0.02921	0.05533	0.00990	0.00735	0.00234	0.00586	0.00859	0.00680	0.01031
112	0.00844	0.00666	0.00750	0.00814	0.00961	0.00585	0.00571	0.00990	0.01462	0.01818	0.05561	0.33462	0.41426	0.05579	0.00986	0.00276	0.00390	0.01651	0.00637	0.00572
113	0.01400	0.03610	0.71860	0.01989	0.03020	0.01621	0.02578	0.02210	0.01473	0.02210	0.01252	0.01473	0.00884	0.00663	0.00663	0.00221	0.01031	0.00516	0.00295	0.01031
114	0.33437	0.02203	0.01629	0.01401	0.01839	0.27024	0.01108	0.18860	0.01988	0.02939	0.01184	0.01312	0.00914	0.00720	0.00568	0.00201	0.00852	0.00465	0.00472	0.00882
115	0.01711	0.01781	0.03182	0.08558	0.40314	0.04876	0.24829	0.02178	0.01613	0.02204	0.01331	0.01768	0.01068	0.00620	0.00734	0.00217	0.00974	0.00683	0.00346	0.01013
116	0.01771	0.04299	0.16456	0.01684	0.06842	0.07396	0.01454	0.08413	0.22626	0.05827	0.11542	0.02388	0.02148	0.00876	0.00693	0.00214	0.00724	0.00716	0.00561	0.03372
117	0.00999	0.00738	0.01071	0.01071	0.01178	0.00845	0.00809	0.01214	0.01107	0.01583	0.01915	0.02997	0.01856	0.15069	0.63027	0.01059	0.01702	0.00785	0.00381	0.00595
118	0.01387	0.01292	0.05545	0.01345	0.05839	0.03073	0.01039	0.01696	0.01392	0.04058	0.04077	0.02108	0.01504	0.04753	0.20774	0.00436	0.02815	0.00594	0.00414	0.35859
119	0.65341	0.01329	0.01184	0.09736	0.01789	0.01519	0.00904	0.01998	0.01231	0.02908	0.01023	0.01243	0.00796	0.00645	0.00470	0.00210	0.00585	0.00410	0.00416	0.06263
120	0.01732	0.10781	0.07730	0.02683	0.33364	0.06966	0.01656	0.06739	0.03714	0.02337	0.06760	0.02139	0.05305	0.00771	0.00665	0.00198	0.00777	0.00660	0.00423	0.04600
121	0.01576	0.01388	0.01803	0.01806	0.10210	0.05434	0.01274	0.04659	0.01350	0.05056	0.01536	0.07154	0.01505	0.09749	0.07560	0.02450	0.30567	0.00752	0.00403	0.03767
122	0.04425	0.01684	0.01922	0.01815	0.11520	0.09369	0.04186	0.21130	0.03739	0.12269	0.05670	0.02277	0.04690	0.04249	0.00815	0.00222	0.00744	0.00694	0.00575	0.08004
123	0.12084	0.11337	0.04538	0.07909	0.18314	0.05914	0.08140	0.10353	0.04879	0.05935	0.01549	0.01759	0.02905	0.00715	0.00641	0.00207	0.00810	0.00599	0.00441	0.00972
124	0.01822	0.10094	0.08245	0.02542	0.22296	0.10293	0.14837	0.03947	0.01722	0.06262	0.07621	0.02103	0.03601	0.00752	0.00697	0.00207	0.00884	0.00691	0.00425	0.00960
125	0.05346	0.05502	0.17385	0.02258	0.20187	0.06059	0.04268	0.05184	0.01640	0.07372	0.04857	0.01878	0.01387	0.01095	0.06890	0.00280	0.00921	0.00607	0.00419	0.06465
126	0.08240	0.05746	0.18631	0.01722	0.08167	0.07697	0.05488	0.03855	0.01520	0.05190	0.04307	0.10154	0.01810	0.09986	0.04255	0.00314	0.00859	0.00790	0.00432	0.00838

[dist]
# distance from previous block
# <min> <max>
0	25

# created by:
# /home/cegg/simao/soft/augustus-3.2.1/scripts/msa2prfl.pl ./align_prep/EOG090W0HW1.fa
