[name]
unknown

[dist]
# distance from previous block
# <min> <max>
8	215

[block]
# block no. 0 follows, 35 sequences, length 61
# corresponding to MSA columns:
# 269-303,318-343
name=unknown_A
#
# <colnr> <probs for GDERKNQSTAVLIFYWHMCP>
#	G	D	E	R	K	N	Q	S	T	A	V	L	I	F	Y	W	H	M	C	P
0	0.06361	0.02940	0.01321	0.05818	0.03672	0.01093	0.02966	0.01988	0.18906	0.06486	0.08840	0.08217	0.05012	0.01173	0.00705	0.00230	0.00537	0.19936	0.03047	0.00752
1	0.26560	0.29191	0.02033	0.01106	0.01562	0.10064	0.00962	0.06800	0.05724	0.06708	0.01148	0.01231	0.00912	0.00616	0.00467	0.00168	0.00649	0.00406	0.00397	0.03295
2	0.13720	0.06275	0.05872	0.01179	0.01706	0.03803	0.03101	0.11690	0.01657	0.20637	0.01479	0.01504	0.01062	0.00628	0.00539	0.00163	0.00603	0.00480	0.00501	0.23400
3	0.01611	0.41499	0.26581	0.01474	0.02142	0.05539	0.06966	0.02015	0.01363	0.04041	0.01054	0.01220	0.00847	0.00575	0.00513	0.00166	0.00812	0.00427	0.00293	0.00863
4	0.77117	0.01300	0.00991	0.00879	0.01274	0.03707	0.00721	0.04173	0.01164	0.02844	0.00907	0.01050	0.00704	0.00597	0.00406	0.00195	0.00518	0.00353	0.00399	0.00701
5	0.00773	0.00552	0.00736	0.00883	0.00920	0.00515	0.00589	0.00883	0.01215	0.01619	0.03497	0.77291	0.04196	0.01987	0.00810	0.00258	0.00368	0.01803	0.00589	0.00515
6	0.00750	0.00643	0.00643	0.00643	0.00857	0.00536	0.00482	0.00910	0.01446	0.01714	0.06427	0.06105	0.73490	0.01607	0.00750	0.00214	0.00321	0.01339	0.00589	0.00536
7	0.01064	0.00651	0.00861	0.00914	0.01042	0.00598	0.00666	0.01236	0.01401	0.10632	0.12702	0.47855	0.08216	0.01706	0.00783	0.00243	0.00397	0.07804	0.00627	0.00603
8	0.01315	0.01128	0.01315	0.00940	0.01503	0.00846	0.00752	0.01597	0.01315	0.02067	0.01128	0.01315	0.00940	0.00470	0.00470	0.00094	0.00470	0.00376	0.00376	0.81583
9	0.01328	0.01261	0.02138	0.50844	0.28686	0.01444	0.01827	0.01735	0.01330	0.01779	0.01151	0.01649	0.00901	0.00610	0.00632	0.00203	0.00813	0.00564	0.00293	0.00810
10	0.01513	0.01449	0.02472	0.15006	0.63082	0.01492	0.01918	0.01897	0.01417	0.02003	0.01183	0.01589	0.00980	0.00576	0.00629	0.00192	0.00768	0.00565	0.00309	0.00959
11	0.00981	0.00771	0.00957	0.00900	0.01138	0.00642	0.00650	0.01165	0.01283	0.01835	0.06350	0.45200	0.03082	0.01387	0.00680	0.00194	0.00402	0.01238	0.00516	0.30629
12	0.01315	0.01050	0.01448	0.01195	0.01498	0.03035	0.08520	0.01555	0.01342	0.10093	0.02834	0.03009	0.21121	0.01745	0.15310	0.00357	0.10324	0.00795	0.00455	0.13001
13	0.02370	0.03023	0.01798	0.01634	0.01961	0.75158	0.01226	0.02533	0.01798	0.01553	0.00981	0.01144	0.00817	0.00654	0.00572	0.00163	0.01144	0.00409	0.00327	0.00735
14	0.01315	0.01128	0.01315	0.00940	0.01503	0.00846	0.00752	0.01597	0.01315	0.02067	0.01128	0.01315	0.00940	0.00470	0.00470	0.00094	0.00470	0.00376	0.00376	0.81583
15	0.01127	0.00604	0.00650	0.00642	0.00789	0.00602	0.00483	0.01420	0.01386	0.02350	0.12802	0.02729	0.02281	0.01011	0.03975	0.00196	0.00362	0.00679	0.65321	0.00591
16	0.00849	0.00645	0.00884	0.05702	0.03349	0.00624	0.00719	0.01021	0.01321	0.01756	0.11107	0.52554	0.09975	0.01739	0.00785	0.00244	0.00410	0.05186	0.00573	0.00556
17	0.03602	0.15269	0.42729	0.01494	0.02200	0.01605	0.01729	0.02160	0.14071	0.02042	0.01682	0.01763	0.05614	0.00702	0.00581	0.00193	0.00765	0.00543	0.00360	0.00896
18	0.02399	0.02146	0.01872	0.01511	0.01966	0.23617	0.01212	0.51193	0.02632	0.03275	0.01363	0.01411	0.01001	0.00730	0.00616	0.00182	0.00830	0.00523	0.00544	0.00977
19	0.05899	0.01457	0.01695	0.01768	0.16185	0.08067	0.03364	0.07549	0.17700	0.04376	0.01926	0.02181	0.05397	0.00761	0.00609	0.00183	0.00633	0.03946	0.00473	0.15833
20	0.01752	0.43205	0.11308	0.01420	0.01967	0.13587	0.07706	0.06539	0.01502	0.01779	0.01085	0.03484	0.00947	0.00624	0.00514	0.00162	0.00810	0.00462	0.00317	0.00828
21	0.01257	0.01208	0.01915	0.53153	0.03534	0.01574	0.01646	0.01592	0.01177	0.01592	0.01036	0.01598	0.00842	0.00781	0.01082	0.00232	0.24239	0.00561	0.00281	0.00701
22	0.01474	0.01494	0.02856	0.03070	0.36556	0.01451	0.29806	0.01904	0.01468	0.02035	0.01494	0.02309	0.01311	0.00698	0.00707	0.00211	0.00860	0.09053	0.00350	0.00893
23	0.01863	0.29280	0.12365	0.03919	0.02169	0.24591	0.09220	0.04340	0.01543	0.03734	0.01065	0.01247	0.00861	0.00601	0.00543	0.00168	0.00903	0.00447	0.00320	0.00823
24	0.00773	0.00552	0.00736	0.00883	0.00920	0.00515	0.00589	0.00883	0.01215	0.01619	0.03497	0.77291	0.04196	0.01987	0.00810	0.00258	0.00368	0.01803	0.00589	0.00515
25	0.01367	0.01359	0.01939	0.09994	0.01968	0.01883	0.01430	0.01537	0.01005	0.01537	0.00866	0.01422	0.00834	0.01057	0.01920	0.00270	0.68083	0.00556	0.00278	0.00695
26	0.01233	0.01163	0.01965	0.69450	0.10829	0.01419	0.01779	0.01651	0.01285	0.01663	0.01134	0.01680	0.00860	0.00628	0.00634	0.00209	0.00837	0.00564	0.00285	0.00733
27	0.01272	0.03281	0.74418	0.01808	0.02746	0.01473	0.02344	0.02009	0.01339	0.02009	0.01138	0.01339	0.00804	0.00603	0.00603	0.00201	0.00938	0.00469	0.00268	0.00938
28	0.00779	0.00560	0.00741	0.00884	0.00930	0.00522	0.00598	0.00897	0.01229	0.01630	0.03585	0.73022	0.06357	0.01969	0.00810	0.00257	0.00373	0.03751	0.00589	0.00518
29	0.00968	0.00771	0.01134	0.01498	0.14968	0.00744	0.00919	0.01164	0.01314	0.01760	0.03187	0.46769	0.07188	0.01653	0.00783	0.00248	0.00477	0.13296	0.00535	0.00622
30	0.00913	0.00611	0.00695	0.00704	0.00707	0.00608	0.00398	0.00920	0.00942	0.01256	0.02097	0.08958	0.02431	0.72729	0.03070	0.00592	0.00599	0.00980	0.00398	0.00393
31	0.02342	0.02965	0.01785	0.01622	0.01950	0.72562	0.01218	0.02563	0.04296	0.01591	0.01037	0.01187	0.00857	0.00661	0.00575	0.00165	0.01121	0.00419	0.00338	0.00745
32	0.01641	0.01651	0.03190	0.02331	0.02913	0.03678	0.54159	0.02314	0.11253	0.07855	0.01549	0.01820	0.01140	0.00603	0.00721	0.00211	0.00952	0.00726	0.00402	0.00890
33	0.01496	0.01432	0.02441	0.18289	0.59932	0.01488	0.01910	0.01882	0.01409	0.01983	0.01180	0.01594	0.00973	0.00579	0.00629	0.00193	0.00772	0.00565	0.00308	0.00945
34	0.00841	0.00675	0.00763	0.00785	0.00975	0.00605	0.00614	0.01084	0.03272	0.01879	0.14572	0.08449	0.47505	0.01587	0.00772	0.00228	0.00373	0.13854	0.00604	0.00564
35	0.82186	0.01227	0.00932	0.00834	0.01227	0.01423	0.00687	0.01865	0.01080	0.02846	0.00883	0.01031	0.00687	0.00589	0.00393	0.00196	0.00491	0.00344	0.00393	0.00687
36	0.01449	0.01381	0.02318	0.13904	0.57807	0.01412	0.01799	0.01814	0.01420	0.01978	0.01620	0.01965	0.07022	0.00662	0.00639	0.00194	0.00731	0.00629	0.00332	0.00923
37	0.02381	0.02700	0.01825	0.01589	0.01963	0.56167	0.01221	0.20463	0.02105	0.02187	0.01121	0.01242	0.00885	0.00682	0.00588	0.00170	0.01028	0.00451	0.00407	0.00825
38	0.00920	0.00674	0.00873	0.00806	0.00977	0.00612	0.00607	0.01219	0.01770	0.02519	0.69554	0.04556	0.05716	0.01253	0.00733	0.00194	0.00308	0.01106	0.00681	0.04923
39	0.00773	0.00552	0.00736	0.00883	0.00920	0.00515	0.00589	0.00883	0.01215	0.01619	0.03497	0.77291	0.04196	0.01987	0.00810	0.00258	0.00368	0.01803	0.00589	0.00515
40	0.02370	0.03023	0.01798	0.01634	0.01961	0.75158	0.01226	0.02533	0.01798	0.01553	0.00981	0.01144	0.00817	0.00654	0.00572	0.00163	0.01144	0.00409	0.00327	0.00735
41	0.01497	0.01711	0.03743	0.02674	0.03316	0.01604	0.71444	0.02032	0.01497	0.02032	0.01283	0.01711	0.00963	0.00535	0.00749	0.00214	0.01070	0.00749	0.00321	0.00856
42	0.01570	0.01507	0.02575	0.03894	0.73748	0.01507	0.01947	0.01947	0.01444	0.02073	0.01193	0.01570	0.01005	0.00565	0.00628	0.00188	0.00754	0.00565	0.00314	0.01005
43	0.02272	0.01708	0.01825	0.01431	0.01914	0.01902	0.01172	0.60204	0.14639	0.03773	0.01700	0.01664	0.01222	0.00778	0.00636	0.00195	0.00665	0.00596	0.00636	0.01066
44	0.01272	0.03281	0.74418	0.01808	0.02746	0.01473	0.02344	0.02009	0.01339	0.02009	0.01138	0.01339	0.00804	0.00603	0.00603	0.00201	0.00938	0.00469	0.00268	0.00938
45	0.00773	0.00552	0.00736	0.00883	0.00920	0.00515	0.00589	0.00883	0.01215	0.01619	0.03497	0.77291	0.04196	0.01987	0.00810	0.00258	0.00368	0.01803	0.00589	0.00515
46	0.01544	0.01858	0.11739	0.02492	0.03160	0.01553	0.59743	0.02086	0.01496	0.05882	0.01332	0.01692	0.00977	0.00556	0.00726	0.00211	0.01026	0.00711	0.00340	0.00877
47	0.01300	0.01232	0.02087	0.56337	0.23415	0.01436	0.01813	0.01710	0.01317	0.01745	0.01146	0.01658	0.00889	0.00615	0.00633	0.00205	0.00820	0.00564	0.00291	0.00787
48	0.02733	0.01054	0.01436	0.01109	0.01580	0.00913	0.00913	0.02981	0.01815	0.70004	0.06643	0.02310	0.01828	0.00815	0.00644	0.00196	0.00526	0.00668	0.00780	0.01052
49	0.00830	0.00599	0.00827	0.00946	0.01011	0.00596	0.00683	0.00986	0.01209	0.01627	0.03134	0.53961	0.03625	0.02489	0.15099	0.00408	0.00651	0.10241	0.00540	0.00534
50	0.01477	0.08740	0.49980	0.01832	0.02644	0.01633	0.11894	0.10504	0.01558	0.02215	0.01186	0.01389	0.00861	0.00608	0.00612	0.00196	0.00907	0.00511	0.00320	0.00934
51	0.01506	0.01479	0.02340	0.24558	0.49966	0.05412	0.01855	0.01884	0.01413	0.01915	0.01163	0.01582	0.00949	0.00590	0.00627	0.00194	0.00801	0.00556	0.00305	0.00904
52	0.01432	0.01548	0.02977	0.09805	0.02891	0.01694	0.41809	0.01828	0.01305	0.01828	0.01122	0.01605	0.00909	0.00730	0.01167	0.00234	0.25359	0.00668	0.00303	0.00788
53	0.01439	0.01387	0.02401	0.28612	0.46584	0.01478	0.05222	0.01839	0.01387	0.01916	0.01175	0.01618	0.00948	0.00587	0.00636	0.00198	0.00800	0.00574	0.00303	0.00895
54	0.01313	0.05587	0.64956	0.01799	0.02680	0.01519	0.05554	0.02076	0.04969	0.02026	0.01210	0.01399	0.00869	0.00611	0.00605	0.00200	0.00913	0.00491	0.00290	0.00933
55	0.01849	0.01574	0.01904	0.20124	0.13759	0.14199	0.03605	0.09679	0.01661	0.13408	0.01541	0.04433	0.01245	0.00779	0.00713	0.00203	0.04435	0.03600	0.00437	0.00850
56	0.01681	0.01396	0.02438	0.01850	0.02287	0.04815	0.33577	0.02037	0.01532	0.17199	0.07333	0.09146	0.03830	0.00863	0.00829	0.00216	0.06832	0.00839	0.00477	0.00824
57	0.01850	0.01067	0.01336	0.01117	0.01457	0.01041	0.02896	0.17963	0.01892	0.24850	0.08367	0.10504	0.11183	0.05592	0.00848	0.00235	0.00536	0.05778	0.00649	0.00837
58	0.01325	0.01194	0.05267	0.29649	0.17511	0.01185	0.03938	0.01677	0.01375	0.07554	0.02031	0.12670	0.05815	0.00939	0.00682	0.00217	0.00702	0.05089	0.00408	0.00770
59	0.01841	0.01527	0.02203	0.21151	0.23979	0.10362	0.09397	0.02193	0.01529	0.17451	0.01443	0.01692	0.01059	0.00638	0.00638	0.00196	0.00814	0.00582	0.00410	0.00895
60	0.01602	0.02410	0.39422	0.01981	0.02749	0.01428	0.24744	0.02192	0.01468	0.13742	0.01408	0.01594	0.00980	0.00610	0.00656	0.00204	0.00916	0.00588	0.00369	0.00934

[dist]
# distance from previous block
# <min> <max>
3	14

[block]
# block no. 1 follows, 35 sequences, length 22
# corresponding to MSA columns:
# 358-379
name=unknown_B
#
# <colnr> <probs for GDERKNQSTAVLIFYWHMCP>
#	G	D	E	R	K	N	Q	S	T	A	V	L	I	F	Y	W	H	M	C	P
0	0.01800	0.15316	0.02142	0.01425	0.01818	0.09892	0.10711	0.06383	0.01564	0.14190	0.06966	0.01929	0.03835	0.00945	0.03871	0.00223	0.10614	0.00607	0.00447	0.05321
1	0.15429	0.21202	0.08022	0.05821	0.04606	0.06040	0.03374	0.04280	0.05298	0.09535	0.01510	0.01608	0.04438	0.00664	0.00528	0.00176	0.00668	0.00499	0.00406	0.05899
2	0.01345	0.04383	0.05831	0.01346	0.06165	0.15027	0.03305	0.01588	0.01413	0.01787	0.02281	0.22125	0.08138	0.01079	0.00646	0.00187	0.00637	0.03819	0.00434	0.18465
3	0.01681	0.01316	0.02103	0.24068	0.19871	0.01396	0.08793	0.07282	0.07138	0.13193	0.01640	0.02085	0.01268	0.00721	0.00660	0.00207	0.00747	0.04494	0.00443	0.00894
4	0.12178	0.01426	0.01476	0.01223	0.01657	0.06047	0.03303	0.07442	0.32313	0.04752	0.01792	0.01777	0.01361	0.00699	0.00568	0.00178	0.00568	0.00556	0.00521	0.20165
5	0.01669	0.02386	0.44484	0.01499	0.02265	0.01237	0.01736	0.02210	0.01453	0.19884	0.01474	0.01538	0.01016	0.00626	0.00590	0.00182	0.00763	0.00496	0.00413	0.14077
6	0.00801	0.00564	0.00728	0.00847	0.00877	0.00534	0.00550	0.00891	0.01159	0.01545	0.03212	0.63383	0.03837	0.16386	0.01270	0.00326	0.00415	0.01636	0.00550	0.00490
7	0.21355	0.02287	0.29764	0.01776	0.02442	0.06830	0.20315	0.04339	0.01406	0.02255	0.01116	0.01355	0.00828	0.00590	0.00589	0.00200	0.00870	0.00512	0.00329	0.00844
8	0.01301	0.01233	0.02089	0.56172	0.23573	0.01437	0.01813	0.01711	0.01317	0.01746	0.01146	0.01658	0.00890	0.00615	0.00633	0.00205	0.00820	0.00564	0.00291	0.00788
9	0.01524	0.00790	0.01055	0.00921	0.01179	0.00711	0.00725	0.01806	0.01786	0.25317	0.47492	0.04033	0.04469	0.01156	0.00719	0.00203	0.00389	0.04254	0.00721	0.00751
10	0.00752	0.00636	0.00650	0.00661	0.00862	0.00534	0.00490	0.00908	0.01428	0.01706	0.06201	0.11591	0.68151	0.01636	0.00754	0.00218	0.00325	0.01375	0.00589	0.00534
11	0.01509	0.01945	0.32592	0.01438	0.02004	0.01164	0.01556	0.02129	0.08638	0.15157	0.02178	0.05544	0.01897	0.01002	0.00690	0.00227	0.00712	0.18261	0.00491	0.00866
12	0.01413	0.13189	0.38850	0.02021	0.02796	0.01666	0.27209	0.02002	0.01390	0.01945	0.01155	0.01429	0.00863	0.00570	0.00628	0.00196	0.00949	0.00552	0.00288	0.00891
13	0.01198	0.01128	0.01903	0.76180	0.04369	0.01409	0.01762	0.01621	0.01268	0.01621	0.01128	0.01691	0.00846	0.00634	0.00634	0.00211	0.00846	0.00564	0.00282	0.00705
14	0.02846	0.01080	0.01472	0.01129	0.01619	0.00932	0.00932	0.03092	0.01816	0.74187	0.02503	0.02159	0.01570	0.00785	0.00638	0.00196	0.00540	0.00638	0.00785	0.01080
15	0.01533	0.01440	0.02666	0.22275	0.30736	0.01473	0.21865	0.01959	0.01437	0.06506	0.01285	0.01680	0.00987	0.00588	0.00665	0.00202	0.00855	0.00622	0.00337	0.00888
16	0.01399	0.01356	0.02262	0.29740	0.32725	0.01554	0.04486	0.01756	0.01297	0.01808	0.01108	0.01587	0.00914	0.00688	0.00898	0.00214	0.14510	0.00570	0.00296	0.00834
17	0.00891	0.00732	0.00968	0.04173	0.01177	0.00791	0.00749	0.01036	0.01244	0.01660	0.06392	0.45947	0.16120	0.01691	0.00994	0.00249	0.12658	0.01438	0.00530	0.00559
18	0.04751	0.02671	0.48798	0.01979	0.02794	0.01485	0.21347	0.02054	0.01392	0.05029	0.01224	0.01463	0.00874	0.00591	0.00636	0.00204	0.00939	0.00548	0.00309	0.00910
19	0.04503	0.01588	0.08604	0.05358	0.02214	0.07963	0.20720	0.05975	0.03517	0.09043	0.02181	0.09591	0.08518	0.00922	0.00736	0.00214	0.03271	0.03831	0.00452	0.00796
20	0.01946	0.01260	0.01669	0.03827	0.06347	0.03856	0.06665	0.07836	0.11530	0.26292	0.07094	0.06466	0.01895	0.00847	0.00652	0.00195	0.00603	0.02237	0.00596	0.08186
21	0.03517	0.02177	0.22865	0.07340	0.06312	0.13716	0.08549	0.08453	0.04223	0.09129	0.01501	0.03463	0.01185	0.00731	0.00637	0.00201	0.00853	0.03862	0.00409	0.00879

[dist]
# distance from previous block
# <min> <max>
2	32

[block]
# block no. 2 follows, 35 sequences, length 20
# corresponding to MSA columns:
# 412-431
name=unknown_C
#
# <colnr> <probs for GDERKNQSTAVLIFYWHMCP>
#	G	D	E	R	K	N	Q	S	T	A	V	L	I	F	Y	W	H	M	C	P
0	0.12354	0.17597	0.09294	0.01404	0.03400	0.04574	0.08833	0.09049	0.06414	0.03932	0.03658	0.05198	0.03581	0.02866	0.00677	0.00201	0.02174	0.01903	0.00419	0.02472
1	0.03678	0.09740	0.11159	0.05233	0.17080	0.04425	0.02935	0.10709	0.04598	0.05423	0.01879	0.02090	0.08542	0.00748	0.00603	0.00184	0.00690	0.02196	0.00420	0.07668
2	0.03738	0.04435	0.09898	0.01784	0.09146	0.01563	0.09930	0.12005	0.08187	0.07498	0.04540	0.01724	0.01283	0.00755	0.00874	0.00203	0.13877	0.00592	0.00436	0.07533
3	0.16213	0.01385	0.12437	0.01158	0.01568	0.01132	0.02627	0.10350	0.01501	0.06248	0.07353	0.13726	0.01914	0.01397	0.09753	0.00297	0.00713	0.00754	0.00470	0.09003
4	0.01382	0.01070	0.01337	0.11152	0.04701	0.01073	0.00952	0.07808	0.12644	0.06693	0.11103	0.06163	0.10412	0.04016	0.00744	0.00202	0.00524	0.00789	0.00525	0.16710
5	0.02037	0.02300	0.13880	0.01572	0.03597	0.29854	0.02976	0.09925	0.01745	0.11662	0.01363	0.03705	0.01065	0.00715	0.00664	0.00181	0.04253	0.00525	0.00421	0.07558
6	0.01450	0.01538	0.04368	0.01364	0.08731	0.15533	0.00986	0.01713	0.01438	0.01899	0.01908	0.05000	0.10734	0.00734	0.00562	0.00144	0.00626	0.00591	0.00393	0.40289
7	0.01226	0.02204	0.40516	0.01429	0.02067	0.01219	0.01607	0.01939	0.10778	0.02139	0.11175	0.08304	0.01945	0.00831	0.00630	0.00195	0.00694	0.00694	0.00414	0.09993
8	0.00839	0.00610	0.00776	0.00831	0.00900	0.00607	0.00567	0.00954	0.01125	0.01496	0.03088	0.31667	0.12362	0.22499	0.18205	0.00518	0.00727	0.01256	0.00479	0.00495
9	0.00957	0.00752	0.01174	0.01109	0.01277	0.00696	0.09953	0.01164	0.01371	0.03993	0.10755	0.45275	0.11536	0.01631	0.00788	0.00241	0.00467	0.05699	0.00571	0.00592
10	0.01679	0.01902	0.06704	0.02084	0.09761	0.15236	0.20665	0.05365	0.13922	0.02086	0.03047	0.01702	0.01204	0.00725	0.00850	0.00208	0.10986	0.00620	0.00392	0.00862
11	0.01638	0.00915	0.01240	0.01283	0.10880	0.00820	0.00863	0.01887	0.01651	0.27789	0.18462	0.03804	0.23915	0.01109	0.00693	0.00201	0.00452	0.00945	0.00645	0.00806
12	0.01205	0.01116	0.01769	0.51023	0.05559	0.01398	0.01519	0.01521	0.01177	0.01566	0.01195	0.01964	0.01043	0.11004	0.01230	0.00276	0.13858	0.00610	0.00296	0.00669
13	0.02644	0.01145	0.01494	0.01176	0.01642	0.01055	0.00976	0.12103	0.01944	0.59118	0.02439	0.02468	0.01669	0.00858	0.00656	0.00203	0.00564	0.06056	0.00749	0.01040
14	0.01471	0.01407	0.02397	0.23071	0.55342	0.01481	0.01898	0.01860	0.01398	0.01953	0.01176	0.01602	0.00963	0.00584	0.00630	0.00195	0.00778	0.00565	0.00305	0.00925
15	0.00797	0.00571	0.00758	0.00867	0.00926	0.00532	0.00591	0.00945	0.01328	0.01800	0.17160	0.63112	0.04546	0.01853	0.00798	0.00246	0.00355	0.01675	0.00610	0.00532
16	0.12104	0.01127	0.01704	0.47690	0.10865	0.01319	0.01476	0.01721	0.01309	0.04832	0.04128	0.01773	0.01126	0.00660	0.00594	0.00202	0.00720	0.00563	0.05349	0.00738
17	0.02056	0.01360	0.01837	0.01727	0.12018	0.03565	0.05172	0.06195	0.12959	0.28253	0.01853	0.01862	0.01327	0.00769	0.00821	0.00202	0.10633	0.00608	0.00554	0.06230
18	0.03127	0.01093	0.01606	0.37702	0.02890	0.01194	0.03098	0.01964	0.08056	0.14653	0.02214	0.02390	0.10781	0.00798	0.00639	0.00202	0.00665	0.00683	0.00455	0.05788
19	0.01886	0.01460	0.01690	0.03471	0.06268	0.10755	0.05126	0.05995	0.17220	0.18095	0.03853	0.02506	0.01715	0.00876	0.00738	0.00207	0.04875	0.08221	0.00549	0.04494

[dist]
# distance from previous block
# <min> <max>
0	103

# created by:
# /home/cegg/simao/soft/augustus-3.2.1/scripts/msa2prfl.pl ./align_prep/EOG090W0K51.fa
