[name]
unknown

[dist]
# distance from previous block
# <min> <max>
4	40

[block]
# block no. 0 follows, 37 sequences, length 44
# corresponding to MSA columns:
# 40-83
name=unknown_A
#
# <colnr> <probs for GDERKNQSTAVLIFYWHMCP>
#	G	D	E	R	K	N	Q	S	T	A	V	L	I	F	Y	W	H	M	C	P
0	0.01058	0.02525	0.00927	0.00867	0.01040	0.00748	0.00644	0.07371	0.03158	0.05742	0.09672	0.30645	0.19292	0.03809	0.07288	0.00292	0.00501	0.01217	0.02598	0.00605
1	0.03103	0.00867	0.01032	0.03569	0.01243	0.00900	0.00735	0.07658	0.08744	0.07347	0.11624	0.12954	0.13497	0.05196	0.07271	0.00286	0.02928	0.00924	0.07139	0.02983
2	0.00951	0.00653	0.00779	0.00813	0.00921	0.00632	0.00562	0.02986	0.05316	0.04124	0.07419	0.38701	0.11890	0.14520	0.01121	0.00285	0.00402	0.01300	0.06078	0.00546
3	0.03150	0.00799	0.00965	0.00973	0.03358	0.00791	0.00685	0.10478	0.01456	0.04425	0.07214	0.33209	0.08540	0.06598	0.04397	0.00270	0.00484	0.01142	0.06853	0.04214
4	0.03182	0.00912	0.01037	0.00945	0.01195	0.00914	0.00725	0.13765	0.08213	0.09830	0.09292	0.20334	0.20805	0.03221	0.00752	0.00220	0.00437	0.02918	0.00600	0.00705
5	0.01119	0.00855	0.03368	0.00933	0.01117	0.00794	0.00708	0.09339	0.06074	0.05668	0.13463	0.34681	0.09374	0.08447	0.00936	0.00254	0.00434	0.01233	0.00573	0.00631
6	0.00906	0.00790	0.04721	0.00873	0.01027	0.00678	0.00664	0.03118	0.03801	0.01755	0.12463	0.32072	0.11093	0.14191	0.06053	0.00329	0.00510	0.01215	0.00515	0.03228
7	0.03221	0.00802	0.00928	0.00905	0.01060	0.00826	0.00649	0.09357	0.09161	0.04379	0.06253	0.32869	0.05079	0.13043	0.01098	0.02473	0.00445	0.01140	0.05698	0.00615
8	0.07933	0.00970	0.01077	0.02566	0.01251	0.03130	0.00762	0.11279	0.05131	0.06918	0.10057	0.12807	0.09783	0.08915	0.06984	0.00306	0.03103	0.03007	0.03357	0.00668
9	0.03727	0.03513	0.01214	0.05059	0.03749	0.03084	0.02571	0.08167	0.08895	0.03828	0.09154	0.14526	0.08642	0.06974	0.06534	0.00285	0.00588	0.00890	0.07927	0.00674
10	0.01278	0.02723	0.03419	0.05555	0.01368	0.00945	0.00800	0.07511	0.07476	0.08527	0.10961	0.08564	0.15593	0.06680	0.02731	0.00241	0.02675	0.00868	0.08553	0.03535
11	0.04372	0.05793	0.03319	0.01223	0.06209	0.05243	0.00915	0.12958	0.05025	0.12280	0.13385	0.10196	0.06177	0.05231	0.00759	0.00209	0.00541	0.00792	0.00535	0.04840
12	0.01664	0.08945	0.12201	0.01358	0.01856	0.01404	0.07885	0.12064	0.12064	0.12114	0.04145	0.03775	0.01387	0.00814	0.02617	0.00200	0.02961	0.00590	0.00472	0.11484
13	0.06216	0.03273	0.01373	0.02932	0.01502	0.06887	0.03093	0.11217	0.09358	0.17456	0.21312	0.04839	0.06096	0.00927	0.00633	0.00191	0.00529	0.00772	0.00593	0.00800
14	0.10710	0.01324	0.05126	0.01195	0.03579	0.03715	0.00956	0.20059	0.10940	0.10825	0.14491	0.06442	0.02188	0.04838	0.00741	0.00214	0.00549	0.00721	0.00563	0.00825
15	0.14721	0.01567	0.08071	0.01448	0.05521	0.08101	0.07478	0.16142	0.01594	0.02386	0.05342	0.01750	0.01281	0.05014	0.02430	0.00230	0.08291	0.00560	0.07307	0.00766
16	0.10318	0.03615	0.01176	0.00962	0.01265	0.05609	0.02496	0.07975	0.01484	0.10215	0.05492	0.11141	0.08126	0.04601	0.00696	0.00198	0.00500	0.02841	0.11412	0.09878
17	0.29916	0.02942	0.02826	0.00933	0.01127	0.01010	0.00733	0.01308	0.01097	0.01970	0.02019	0.34829	0.02228	0.01515	0.06681	0.00283	0.06557	0.00992	0.00443	0.00591
18	0.03622	0.07163	0.30366	0.02290	0.19382	0.09234	0.15483	0.01971	0.01382	0.01901	0.01100	0.01367	0.00849	0.00562	0.00594	0.00186	0.00881	0.00509	0.00288	0.00871
19	0.00834	0.00620	0.00776	0.00747	0.00897	0.00562	0.00556	0.01088	0.01640	0.02259	0.57954	0.08795	0.18325	0.01343	0.00725	0.00198	0.00296	0.01175	0.00649	0.00562
20	0.00748	0.00618	0.00657	0.00663	0.00851	0.00528	0.00497	0.00919	0.01422	0.01745	0.13760	0.09561	0.61041	0.01539	0.00729	0.00209	0.00317	0.03092	0.00580	0.00524
21	0.00874	0.00656	0.00984	0.00984	0.01093	0.00765	0.00765	0.01093	0.00984	0.01421	0.01640	0.02405	0.01530	0.04591	0.76062	0.00984	0.01640	0.00656	0.00328	0.00547
22	0.02746	0.01042	0.01421	0.01089	0.01563	0.00900	0.00900	0.02983	0.01752	0.75093	0.02415	0.02083	0.01515	0.00758	0.00616	0.00189	0.00521	0.00616	0.00758	0.01042
23	0.00764	0.00622	0.00676	0.00663	0.00852	0.00534	0.00497	0.00957	0.01491	0.01880	0.25497	0.05518	0.54983	0.01466	0.00723	0.00203	0.00304	0.01240	0.00598	0.00534
24	0.02287	0.02917	0.01735	0.01577	0.01892	0.76030	0.01183	0.02444	0.01735	0.01498	0.00946	0.01104	0.00788	0.00631	0.00552	0.00158	0.01104	0.00394	0.00315	0.00710
25	0.02391	0.00958	0.01249	0.00986	0.01389	0.00855	0.00805	0.04458	0.01681	0.57634	0.02301	0.02110	0.01514	0.00748	0.00575	0.00179	0.00474	0.00604	0.18146	0.00941
26	0.82811	0.01184	0.00900	0.00805	0.01184	0.01373	0.00663	0.01799	0.01042	0.02746	0.00852	0.00994	0.00663	0.00568	0.00379	0.00189	0.00474	0.00331	0.00379	0.00663
27	0.79956	0.01164	0.00897	0.00804	0.01174	0.01345	0.00660	0.01777	0.01066	0.02736	0.03413	0.01119	0.00841	0.00592	0.00391	0.00190	0.00467	0.00358	0.00389	0.00660
28	0.01379	0.31062	0.38635	0.01434	0.02137	0.01737	0.04112	0.01846	0.01268	0.01740	0.01028	0.01225	0.00818	0.00682	0.02999	0.00190	0.00811	0.00416	0.00271	0.06212
29	0.02254	0.12282	0.15364	0.01224	0.01781	0.01271	0.01186	0.05709	0.03890	0.45915	0.01915	0.01763	0.01267	0.00694	0.00578	0.00182	0.00616	0.00545	0.00586	0.00978
30	0.01298	0.01275	0.01781	0.01535	0.01543	0.01764	0.01270	0.01435	0.00963	0.01496	0.03257	0.01551	0.01027	0.03367	0.04132	0.00295	0.70502	0.00568	0.00286	0.00655
31	0.01353	0.01133	0.01220	0.01104	0.01403	0.01261	0.00854	0.05696	0.49901	0.02481	0.13942	0.05145	0.09896	0.00996	0.00652	0.00205	0.00441	0.00841	0.00623	0.00852
32	0.01637	0.78856	0.03208	0.01047	0.01571	0.02422	0.01047	0.01833	0.01244	0.01440	0.00851	0.00982	0.00786	0.00524	0.00393	0.00131	0.00655	0.00327	0.00262	0.00786
33	0.01758	0.01325	0.01587	0.03869	0.06644	0.01409	0.03058	0.39960	0.02222	0.05060	0.09835	0.04798	0.11736	0.01020	0.02700	0.00213	0.00614	0.00757	0.00567	0.00867
34	0.01389	0.07805	0.01414	0.01171	0.01346	0.22614	0.00903	0.01539	0.01207	0.01417	0.01366	0.04125	0.01328	0.11120	0.28966	0.02755	0.08019	0.00597	0.00323	0.00595
35	0.82811	0.01184	0.00900	0.00805	0.01184	0.01373	0.00663	0.01799	0.01042	0.02746	0.00852	0.00994	0.00663	0.00568	0.00379	0.00189	0.00474	0.00331	0.00379	0.00663
36	0.00752	0.00621	0.00659	0.00650	0.00844	0.00529	0.00487	0.00933	0.01462	0.01812	0.19689	0.05630	0.60834	0.01491	0.00723	0.00204	0.00306	0.01255	0.00589	0.00529
37	0.01260	0.01209	0.01925	0.34801	0.13617	0.01491	0.03694	0.01599	0.02907	0.01634	0.01143	0.04091	0.00992	0.00903	0.03295	0.00245	0.23584	0.00594	0.00296	0.00721
38	0.00874	0.00656	0.00984	0.00984	0.01093	0.00765	0.00765	0.01093	0.00984	0.01421	0.01640	0.02405	0.01530	0.04591	0.76062	0.00984	0.01640	0.00656	0.00328	0.00547
39	0.01514	0.06902	0.46059	0.01484	0.02181	0.01350	0.01725	0.06796	0.02920	0.12708	0.05120	0.04119	0.01342	0.00721	0.00598	0.00193	0.00754	0.02225	0.00400	0.00891
40	0.01503	0.01169	0.01897	0.43137	0.20724	0.01281	0.01564	0.01866	0.01352	0.13431	0.01315	0.01657	0.00970	0.00611	0.00603	0.00190	0.00728	0.00546	0.00362	0.05094
41	0.01637	0.78856	0.03208	0.01047	0.01571	0.02422	0.01047	0.01833	0.01244	0.01440	0.00851	0.00982	0.00786	0.00524	0.00393	0.00131	0.00655	0.00327	0.00262	0.00786
42	0.01316	0.01120	0.01293	0.00941	0.01472	0.00888	0.00752	0.03847	0.05240	0.02083	0.01176	0.01331	0.00963	0.00483	0.00467	0.00100	0.00462	0.00386	0.00385	0.75295
43	0.00829	0.00595	0.00769	0.00882	0.00941	0.00571	0.00600	0.04625	0.01262	0.01683	0.03274	0.74061	0.03891	0.01856	0.00772	0.00245	0.00372	0.01678	0.00571	0.00526

[dist]
# distance from previous block
# <min> <max>
0	3

[block]
# block no. 1 follows, 37 sequences, length 13
# corresponding to MSA columns:
# 87-99
name=unknown_B
#
# <colnr> <probs for GDERKNQSTAVLIFYWHMCP>
#	G	D	E	R	K	N	Q	S	T	A	V	L	I	F	Y	W	H	M	C	P
0	0.04802	0.01525	0.02244	0.15316	0.53292	0.08597	0.01734	0.01879	0.01385	0.01911	0.01109	0.01474	0.00915	0.00565	0.00593	0.00183	0.00768	0.00522	0.00302	0.00885
1	0.00846	0.00654	0.00776	0.00740	0.00914	0.00598	0.00556	0.01153	0.04750	0.02187	0.48088	0.04920	0.28900	0.01334	0.00718	0.00198	0.00305	0.01152	0.00636	0.00574
2	0.82811	0.01184	0.00900	0.00805	0.01184	0.01373	0.00663	0.01799	0.01042	0.02746	0.00852	0.00994	0.00663	0.00568	0.00379	0.00189	0.00474	0.00331	0.00379	0.00663
3	0.01353	0.01167	0.01222	0.01113	0.01429	0.01309	0.00862	0.02749	0.58244	0.02368	0.03279	0.03050	0.17269	0.00983	0.00644	0.00207	0.00447	0.00819	0.00611	0.00873
4	0.04764	0.03424	0.08385	0.01151	0.01668	0.01056	0.01032	0.06683	0.01717	0.56951	0.02093	0.01878	0.01348	0.00715	0.00592	0.00184	0.00565	0.00570	0.00661	0.04563
5	0.02327	0.01715	0.01837	0.01408	0.01898	0.01898	0.01163	0.72628	0.02878	0.03858	0.01470	0.01470	0.01041	0.00735	0.00612	0.00184	0.00674	0.00551	0.00612	0.01041
6	0.01674	0.74655	0.03133	0.01067	0.01589	0.02394	0.01054	0.05688	0.01333	0.01572	0.00885	0.01008	0.00799	0.00535	0.00405	0.00134	0.00656	0.00339	0.00281	0.00799
7	0.00875	0.00652	0.00966	0.00966	0.01069	0.00756	0.00743	0.01082	0.00979	0.01408	0.01656	0.02494	0.01569	0.08731	0.71975	0.00962	0.01581	0.00669	0.00330	0.00537
8	0.82811	0.01184	0.00900	0.00805	0.01184	0.01373	0.00663	0.01799	0.01042	0.02746	0.00852	0.00994	0.00663	0.00568	0.00379	0.00189	0.00474	0.00331	0.00379	0.00663
9	0.01541	0.01528	0.02385	0.09050	0.64423	0.06583	0.01817	0.01894	0.01405	0.01933	0.01133	0.01495	0.00946	0.00556	0.00603	0.00182	0.00760	0.00535	0.00302	0.00930
10	0.01429	0.01573	0.02796	0.17018	0.03004	0.07009	0.39842	0.01826	0.01326	0.01757	0.01105	0.01549	0.00873	0.00648	0.00931	0.00214	0.15419	0.00628	0.00295	0.00759
11	0.00756	0.00537	0.00707	0.00840	0.00873	0.00504	0.00555	0.00855	0.01153	0.01537	0.03275	0.73002	0.03923	0.07175	0.00942	0.00272	0.00371	0.01682	0.00555	0.00489
12	0.06799	0.00666	0.00809	0.00847	0.00947	0.00676	0.00608	0.01022	0.01265	0.01797	0.15721	0.41503	0.13745	0.04379	0.00903	0.00242	0.05642	0.01350	0.00545	0.00533

[dist]
# distance from previous block
# <min> <max>
0	1

[block]
# block no. 2 follows, 37 sequences, length 58
# corresponding to MSA columns:
# 101-158
name=unknown_C
#
# <colnr> <probs for GDERKNQSTAVLIFYWHMCP>
#	G	D	E	R	K	N	Q	S	T	A	V	L	I	F	Y	W	H	M	C	P
0	0.00723	0.00620	0.00620	0.00620	0.00827	0.00517	0.00465	0.00878	0.01395	0.01654	0.06201	0.05891	0.74421	0.01550	0.00723	0.00207	0.00310	0.01292	0.00568	0.00517
1	0.67239	0.01459	0.01066	0.00946	0.01321	0.12126	0.00763	0.05414	0.01233	0.02622	0.00897	0.01034	0.00700	0.00585	0.00415	0.00185	0.00574	0.00351	0.00381	0.00688
2	0.01156	0.01088	0.01836	0.77016	0.04216	0.01360	0.01700	0.01564	0.01224	0.01564	0.01088	0.01632	0.00816	0.00612	0.00612	0.00204	0.00816	0.00544	0.00272	0.00680
3	0.00901	0.00636	0.00818	0.00766	0.00924	0.00581	0.00577	0.01178	0.01707	0.04180	0.67235	0.04615	0.11050	0.01263	0.00719	0.00194	0.00296	0.01109	0.00668	0.00584
4	0.03667	0.01659	0.04350	0.03768	0.06221	0.17169	0.06015	0.06387	0.01498	0.03866	0.01124	0.01314	0.00897	0.00540	0.00524	0.00137	0.00694	0.00432	0.00365	0.39373
5	0.01637	0.01805	0.17055	0.01763	0.07936	0.04811	0.16357	0.08697	0.03084	0.10367	0.01335	0.01498	0.00986	0.00577	0.00590	0.00169	0.00749	0.00526	0.00397	0.19661
6	0.01686	0.01810	0.04162	0.01824	0.07372	0.23821	0.20332	0.03523	0.01580	0.06926	0.08421	0.02242	0.05705	0.00781	0.00704	0.00193	0.03814	0.03934	0.00406	0.00764
7	0.01637	0.78856	0.03208	0.01047	0.01571	0.02422	0.01047	0.01833	0.01244	0.01440	0.00851	0.00982	0.00786	0.00524	0.00393	0.00131	0.00655	0.00327	0.00262	0.00786
8	0.01259	0.02116	0.33150	0.01916	0.02523	0.01403	0.26744	0.01771	0.01287	0.01845	0.01330	0.07684	0.01134	0.00913	0.04541	0.00249	0.08355	0.00670	0.00306	0.00803
9	0.00753	0.00611	0.00669	0.00677	0.00851	0.00526	0.00499	0.00928	0.01433	0.01796	0.18878	0.14440	0.52726	0.01538	0.00730	0.00209	0.00311	0.01311	0.00589	0.00526
10	0.00744	0.00541	0.00702	0.00831	0.00882	0.00499	0.00559	0.00855	0.01193	0.01571	0.03634	0.71444	0.10525	0.01884	0.00776	0.00245	0.00351	0.01699	0.00568	0.00499
11	0.00874	0.00656	0.00984	0.00984	0.01093	0.00765	0.00765	0.01093	0.00984	0.01421	0.01640	0.02405	0.01530	0.04591	0.76062	0.00984	0.01640	0.00656	0.00328	0.00547
12	0.01400	0.01551	0.03274	0.14872	0.06288	0.01513	0.57924	0.01892	0.01406	0.01897	0.01210	0.01642	0.00912	0.00533	0.00699	0.00205	0.00984	0.00686	0.00303	0.00808
13	0.01523	0.01315	0.01384	0.01246	0.01592	0.01523	0.00969	0.03253	0.73563	0.02561	0.02491	0.02284	0.01869	0.00830	0.00623	0.00208	0.00484	0.00692	0.00623	0.00969
14	0.01228	0.03166	0.75316	0.01745	0.02649	0.01422	0.02262	0.01939	0.01292	0.01939	0.01099	0.01292	0.00775	0.00582	0.00582	0.00194	0.00905	0.00452	0.00258	0.00905
15	0.01156	0.01088	0.01836	0.77016	0.04216	0.01360	0.01700	0.01564	0.01224	0.01564	0.01088	0.01632	0.00816	0.00612	0.00612	0.00204	0.00816	0.00544	0.00272	0.00680
16	0.00874	0.00656	0.00984	0.00984	0.01093	0.00765	0.00765	0.01093	0.00984	0.01421	0.01640	0.02405	0.01530	0.04591	0.76062	0.00984	0.01640	0.00656	0.00328	0.00547
17	0.01339	0.01339	0.01875	0.01607	0.01607	0.01875	0.01339	0.01473	0.00937	0.01473	0.00804	0.01339	0.00804	0.01071	0.02009	0.00268	0.77367	0.00536	0.00268	0.00670
18	0.01413	0.01329	0.01676	0.01461	0.01601	0.01732	0.01189	0.02194	0.30354	0.01914	0.01487	0.01722	0.01235	0.00974	0.01447	0.00243	0.46226	0.00599	0.00412	0.00791
19	0.02209	0.09812	0.01867	0.01361	0.01799	0.18800	0.01110	0.35288	0.09396	0.10149	0.01484	0.01479	0.01088	0.00701	0.00577	0.00175	0.00736	0.00513	0.00524	0.00932
20	0.01550	0.01329	0.01400	0.01251	0.01602	0.01536	0.00976	0.05654	0.71117	0.02606	0.02456	0.02256	0.01840	0.00827	0.00622	0.00207	0.00491	0.00687	0.00622	0.00971
21	0.00890	0.00593	0.00668	0.00668	0.00668	0.00593	0.00371	0.00890	0.00890	0.01187	0.01929	0.04006	0.02225	0.78487	0.03116	0.00593	0.00593	0.00890	0.00371	0.00371
22	0.77318	0.01191	0.00946	0.00833	0.01218	0.01366	0.00686	0.03674	0.01119	0.05866	0.00935	0.01053	0.00709	0.00581	0.00395	0.00189	0.00481	0.00349	0.00401	0.00689
23	0.00874	0.00656	0.00984	0.00984	0.01093	0.00765	0.00765	0.01093	0.00984	0.01421	0.01640	0.02405	0.01530	0.04591	0.76062	0.00984	0.01640	0.00656	0.00328	0.00547
24	0.01570	0.64639	0.14326	0.01162	0.01739	0.02238	0.01233	0.01895	0.03569	0.01553	0.00942	0.01072	0.00819	0.00542	0.00429	0.00143	0.00688	0.00358	0.00273	0.00810
25	0.00746	0.00601	0.00652	0.00679	0.00834	0.00521	0.00487	0.00888	0.01336	0.01649	0.08971	0.20592	0.51859	0.06311	0.00881	0.00238	0.00336	0.01350	0.00562	0.00507
26	0.01269	0.01088	0.01269	0.00907	0.01451	0.00816	0.00725	0.01541	0.01269	0.01995	0.01088	0.01269	0.00907	0.00453	0.00453	0.00091	0.00453	0.00363	0.00363	0.82229
27	0.01022	0.00696	0.00795	0.00754	0.00967	0.00618	0.00569	0.03925	0.01520	0.09441	0.17000	0.14159	0.43408	0.01432	0.00715	0.00207	0.00348	0.01218	0.00608	0.00599
28	0.01981	0.19807	0.04453	0.01428	0.05378	0.19309	0.01154	0.22010	0.03939	0.06675	0.02799	0.01411	0.01071	0.00756	0.02550	0.00185	0.00777	0.00475	0.00429	0.03412
29	0.32213	0.07567	0.20596	0.01530	0.08609	0.01518	0.06392	0.07478	0.03271	0.04053	0.01098	0.01261	0.00829	0.00587	0.00508	0.00187	0.00678	0.00443	0.00361	0.00820
30	0.01637	0.78856	0.03208	0.01047	0.01571	0.02422	0.01047	0.01833	0.01244	0.01440	0.00851	0.00982	0.00786	0.00524	0.00393	0.00131	0.00655	0.00327	0.00262	0.00786
31	0.82811	0.01184	0.00900	0.00805	0.01184	0.01373	0.00663	0.01799	0.01042	0.02746	0.00852	0.00994	0.00663	0.00568	0.00379	0.00189	0.00474	0.00331	0.00379	0.00663
32	0.01551	0.44506	0.26564	0.01380	0.02019	0.06292	0.04503	0.03784	0.01340	0.01692	0.00970	0.01131	0.00795	0.00554	0.00483	0.00158	0.00779	0.00395	0.00275	0.00828
33	0.00875	0.00652	0.00966	0.00966	0.01069	0.00755	0.00743	0.01082	0.00978	0.01408	0.01656	0.02496	0.01570	0.08786	0.71921	0.00962	0.01580	0.00669	0.00330	0.00537
34	0.01245	0.00708	0.00933	0.00835	0.01044	0.00639	0.00641	0.01513	0.01708	0.17321	0.55332	0.06770	0.06508	0.01182	0.00702	0.00194	0.00339	0.01034	0.00685	0.00668
35	0.00831	0.00596	0.00806	0.00943	0.01021	0.00571	0.00714	0.01001	0.01263	0.01661	0.03415	0.50541	0.06064	0.01826	0.00802	0.00259	0.00428	0.26170	0.00567	0.00521
36	0.00803	0.00620	0.00732	0.00710	0.00877	0.00550	0.00530	0.01030	0.01574	0.02092	0.43635	0.07513	0.34331	0.01398	0.00725	0.00200	0.00300	0.01205	0.00626	0.00550
37	0.00778	0.00555	0.00747	0.00889	0.00938	0.00525	0.00623	0.00907	0.01203	0.01598	0.03356	0.68694	0.03979	0.01888	0.00790	0.00253	0.00383	0.10820	0.00568	0.00506
38	0.01505	0.01444	0.02467	0.05781	0.72723	0.01452	0.01874	0.01870	0.01389	0.01988	0.01150	0.01518	0.00965	0.00547	0.00606	0.00182	0.00730	0.00545	0.00302	0.00962
39	0.00890	0.00593	0.00668	0.00668	0.00668	0.00593	0.00371	0.00890	0.00890	0.01187	0.01929	0.04006	0.02225	0.78487	0.03116	0.00593	0.00593	0.00890	0.00371	0.00371
40	0.01378	0.00799	0.00823	0.00738	0.00950	0.00836	0.00575	0.15644	0.01602	0.02597	0.01892	0.02120	0.01464	0.00717	0.00465	0.00151	0.00363	0.00567	0.65657	0.00664
41	0.01228	0.03166	0.75316	0.01745	0.02649	0.01422	0.02262	0.01939	0.01292	0.01939	0.01099	0.01292	0.00775	0.00582	0.00582	0.00194	0.00905	0.00452	0.00258	0.00905
42	0.00866	0.00626	0.00818	0.00770	0.00914	0.00578	0.00578	0.01155	0.01733	0.02455	0.74346	0.04572	0.05776	0.01251	0.00722	0.00193	0.00289	0.01107	0.00674	0.00578
43	0.00874	0.00656	0.00984	0.00984	0.01093	0.00765	0.00765	0.01093	0.00984	0.01421	0.01640	0.02405	0.01530	0.04591	0.76062	0.00984	0.01640	0.00656	0.00328	0.00547
44	0.00890	0.00593	0.00668	0.00668	0.00668	0.00593	0.00371	0.00890	0.00890	0.01187	0.01929	0.04006	0.02225	0.78487	0.03116	0.00593	0.00593	0.00890	0.00371	0.00371
45	0.02170	0.10286	0.01865	0.01486	0.01839	0.56959	0.01152	0.08443	0.06968	0.01771	0.01093	0.01208	0.00888	0.00643	0.00546	0.00161	0.00977	0.00422	0.00358	0.00764
46	0.09821	0.01466	0.06388	0.01284	0.01789	0.01373	0.03988	0.28514	0.02061	0.34373	0.01788	0.01687	0.01190	0.00710	0.00595	0.00188	0.00619	0.00559	0.00618	0.00989
47	0.01384	0.01089	0.01282	0.00930	0.01454	0.00847	0.00745	0.03831	0.01366	0.06781	0.03585	0.01436	0.01110	0.00508	0.00478	0.00103	0.00459	0.00409	0.00406	0.71797
48	0.02164	0.13403	0.02012	0.01542	0.01899	0.62928	0.03930	0.02341	0.01655	0.01508	0.00944	0.01108	0.00794	0.00611	0.00536	0.00156	0.01039	0.00398	0.00308	0.00725
49	0.01261	0.01038	0.01709	0.08773	0.14474	0.01050	0.10535	0.03891	0.01455	0.04586	0.02333	0.04451	0.02340	0.01175	0.00751	0.00241	0.00678	0.38079	0.00467	0.00712
50	0.01515	0.01454	0.02485	0.03757	0.74669	0.01454	0.01879	0.01879	0.01394	0.02000	0.01151	0.01515	0.00970	0.00545	0.00606	0.00182	0.00727	0.00545	0.00303	0.00970
51	0.00861	0.00625	0.00810	0.00764	0.00911	0.00575	0.00573	0.01144	0.01719	0.02422	0.71560	0.04626	0.08582	0.01264	0.00722	0.00193	0.00290	0.01115	0.00670	0.00575
52	0.00890	0.00593	0.00668	0.00668	0.00668	0.00593	0.00371	0.00890	0.00890	0.01187	0.01929	0.04006	0.02225	0.78487	0.03116	0.00593	0.00593	0.00890	0.00371	0.00371
53	0.01637	0.78856	0.03208	0.01047	0.01571	0.02422	0.01047	0.01833	0.01244	0.01440	0.00851	0.00982	0.00786	0.00524	0.00393	0.00131	0.00655	0.00327	0.00262	0.00786
54	0.00847	0.00625	0.00792	0.00750	0.00903	0.00569	0.00563	0.01118	0.01688	0.02347	0.65216	0.04749	0.14973	0.01291	0.00722	0.00194	0.00292	0.01132	0.00660	0.00569
55	0.00845	0.00609	0.00799	0.00785	0.00910	0.00563	0.00576	0.01101	0.01633	0.02297	0.61767	0.17602	0.05470	0.01370	0.00732	0.00202	0.00301	0.01219	0.00655	0.00563
56	0.00746	0.00533	0.00710	0.00852	0.00888	0.00497	0.00568	0.00852	0.01172	0.01563	0.03374	0.78088	0.04049	0.01918	0.00781	0.00249	0.00355	0.01740	0.00568	0.00497
57	0.02259	0.06161	0.01798	0.01554	0.01879	0.72885	0.01177	0.02418	0.01714	0.01496	0.00942	0.01099	0.00788	0.00626	0.00545	0.00157	0.01085	0.00391	0.00313	0.00713

[dist]
# distance from previous block
# <min> <max>
0	1

[block]
# block no. 3 follows, 37 sequences, length 37
# corresponding to MSA columns:
# 160-196
name=unknown_D
#
# <colnr> <probs for GDERKNQSTAVLIFYWHMCP>
#	G	D	E	R	K	N	Q	S	T	A	V	L	I	F	Y	W	H	M	C	P
0	0.01549	0.53344	0.02918	0.09331	0.12404	0.02116	0.03957	0.01801	0.01257	0.01555	0.00931	0.01167	0.00821	0.00560	0.00531	0.00155	0.04131	0.00405	0.00271	0.00797
1	0.01339	0.01339	0.01875	0.01607	0.01607	0.01875	0.01339	0.01473	0.00937	0.01473	0.00804	0.01339	0.00804	0.01071	0.02009	0.00268	0.77367	0.00536	0.00268	0.00670
2	0.01395	0.01295	0.04278	0.01314	0.01664	0.01364	0.06746	0.02735	0.52777	0.02399	0.07673	0.05995	0.02220	0.00919	0.00655	0.00212	0.00529	0.04365	0.00582	0.00884
3	0.00787	0.00623	0.00709	0.00687	0.00866	0.00544	0.00515	0.01002	0.01546	0.02012	0.36688	0.05301	0.43710	0.01417	0.00723	0.00200	0.00301	0.01209	0.00616	0.00544
4	0.00843	0.00618	0.00791	0.00763	0.00904	0.00565	0.00566	0.01105	0.01656	0.02307	0.62168	0.10636	0.12129	0.01334	0.00727	0.00198	0.00296	0.01176	0.00655	0.00565
5	0.01962	0.01377	0.01642	0.07141	0.06857	0.01478	0.01124	0.25585	0.23255	0.15782	0.01869	0.01824	0.01341	0.00729	0.00607	0.00188	0.00593	0.00593	0.00581	0.05472
6	0.01575	0.55665	0.14929	0.01340	0.01927	0.04962	0.08640	0.01887	0.01291	0.01577	0.00935	0.01106	0.00799	0.00536	0.00464	0.00150	0.00751	0.00391	0.00268	0.00806
7	0.00746	0.00533	0.00710	0.00852	0.00888	0.00497	0.00568	0.00852	0.01172	0.01563	0.03374	0.78088	0.04049	0.01918	0.00781	0.00249	0.00355	0.01740	0.00568	0.00497
8	0.01637	0.78856	0.03208	0.01047	0.01571	0.02422	0.01047	0.01833	0.01244	0.01440	0.00851	0.00982	0.00786	0.00524	0.00393	0.00131	0.00655	0.00327	0.00262	0.00786
9	0.00723	0.00620	0.00620	0.00620	0.00827	0.00517	0.00465	0.00878	0.01395	0.01654	0.06201	0.05891	0.74421	0.01550	0.00723	0.00207	0.00310	0.01292	0.00568	0.00517
10	0.00885	0.00615	0.00779	0.00779	0.00818	0.00654	0.00510	0.00962	0.00923	0.01270	0.01827	0.03441	0.01980	0.52404	0.28864	0.00731	0.00963	0.00807	0.00356	0.00433
11	0.05763	0.28298	0.22802	0.01342	0.01920	0.07303	0.01392	0.11030	0.01525	0.08529	0.01144	0.01253	0.00875	0.00620	0.00569	0.00171	0.03816	0.00430	0.00360	0.00858
12	0.01327	0.01497	0.08455	0.28870	0.17704	0.06005	0.11951	0.01789	0.04904	0.01788	0.01405	0.08947	0.01222	0.00720	0.00637	0.00201	0.00794	0.00676	0.00331	0.00778
13	0.00866	0.00626	0.00818	0.00770	0.00914	0.00578	0.00578	0.01155	0.01733	0.02455	0.74346	0.04572	0.05776	0.01251	0.00722	0.00193	0.00289	0.01107	0.00674	0.00578
14	0.82811	0.01184	0.00900	0.00805	0.01184	0.01373	0.00663	0.01799	0.01042	0.02746	0.00852	0.00994	0.00663	0.00568	0.00379	0.00189	0.00474	0.00331	0.00379	0.00663
15	0.01255	0.01213	0.01934	0.59606	0.14821	0.03682	0.01693	0.01635	0.01251	0.01624	0.01079	0.01583	0.00838	0.00626	0.00681	0.00202	0.04734	0.00539	0.00278	0.00725
16	0.82811	0.01184	0.00900	0.00805	0.01184	0.01373	0.00663	0.01799	0.01042	0.02746	0.00852	0.00994	0.00663	0.00568	0.00379	0.00189	0.00474	0.00331	0.00379	0.00663
17	0.01220	0.01008	0.01072	0.00966	0.01224	0.03281	0.00746	0.09141	0.22684	0.02423	0.28437	0.03773	0.19316	0.01123	0.00677	0.00198	0.00415	0.00948	0.00618	0.00730
18	0.02746	0.01042	0.01421	0.01089	0.01563	0.00900	0.00900	0.02983	0.01752	0.75093	0.02415	0.02083	0.01515	0.00758	0.00616	0.00189	0.00521	0.00616	0.00758	0.01042
19	0.01310	0.01299	0.01817	0.01570	0.01571	0.01807	0.01301	0.01442	0.00949	0.01478	0.00931	0.05138	0.00964	0.01113	0.01948	0.00267	0.73556	0.00595	0.00283	0.00661
20	0.01605	0.71847	0.06031	0.01104	0.01616	0.02354	0.01111	0.01819	0.01230	0.01462	0.00859	0.01013	0.00786	0.00554	0.00483	0.00140	0.04596	0.00343	0.00262	0.00784
21	0.01228	0.03166	0.75316	0.01745	0.02649	0.01422	0.02262	0.01939	0.01292	0.01939	0.01099	0.01292	0.00775	0.00582	0.00582	0.00194	0.00905	0.00452	0.00258	0.00905
22	0.00853	0.00645	0.00926	0.00931	0.01048	0.00719	0.00717	0.01063	0.01068	0.01498	0.05457	0.06252	0.09378	0.04006	0.61507	0.00835	0.01384	0.00791	0.00379	0.00543
23	0.00787	0.00623	0.00708	0.00686	0.00865	0.00544	0.00515	0.01001	0.01544	0.02007	0.36264	0.05309	0.44137	0.01418	0.00723	0.00200	0.00301	0.01210	0.00615	0.00544
24	0.01170	0.00933	0.01135	0.00931	0.01262	0.00849	0.00717	0.05859	0.02803	0.01872	0.03652	0.02085	0.01434	0.12100	0.21696	0.00416	0.00809	0.00556	0.00385	0.39337
25	0.00889	0.00597	0.00683	0.00683	0.00689	0.00602	0.00390	0.00900	0.00895	0.01198	0.01914	0.03927	0.02191	0.74850	0.06706	0.00613	0.00645	0.00879	0.00369	0.00380
26	0.01670	0.01445	0.01880	0.11075	0.23419	0.03222	0.01375	0.21085	0.17301	0.02521	0.01702	0.01842	0.04099	0.00729	0.00673	0.00194	0.03785	0.00605	0.00461	0.00918
27	0.00814	0.00624	0.00745	0.00715	0.00882	0.00555	0.00536	0.01053	0.01609	0.02160	0.49306	0.05057	0.31000	0.01361	0.00723	0.00198	0.00297	0.01175	0.00635	0.00555
28	0.01849	0.01873	0.08289	0.03553	0.05690	0.13393	0.11730	0.29642	0.05732	0.02651	0.03805	0.01863	0.04024	0.00735	0.00630	0.00189	0.00782	0.02221	0.00466	0.00883
29	0.04667	0.03225	0.01882	0.24988	0.19968	0.22767	0.01443	0.03674	0.01462	0.04385	0.01223	0.05347	0.01035	0.00673	0.00589	0.00185	0.00824	0.00553	0.00337	0.00772
30	0.65024	0.08635	0.01255	0.01023	0.04580	0.07506	0.00796	0.01858	0.01133	0.02489	0.00873	0.01025	0.00698	0.00568	0.00404	0.00181	0.00553	0.00346	0.00359	0.00692
31	0.01295	0.01230	0.02087	0.48616	0.31529	0.01397	0.01769	0.01686	0.01290	0.01733	0.01113	0.01587	0.00876	0.00586	0.00610	0.00195	0.00782	0.00545	0.00284	0.00792
32	0.00745	0.00537	0.00706	0.00842	0.00885	0.00498	0.00564	0.00854	0.01182	0.01567	0.03501	0.74843	0.07212	0.01901	0.00779	0.00247	0.00353	0.01720	0.00568	0.00498
33	0.00959	0.00832	0.01055	0.01090	0.04846	0.03492	0.00789	0.01143	0.01149	0.01522	0.02900	0.05646	0.22804	0.05812	0.34426	0.00572	0.09138	0.00857	0.00399	0.00570
34	0.00883	0.00651	0.00915	0.00912	0.01009	0.00726	0.00686	0.01075	0.01063	0.01518	0.07756	0.06240	0.04289	0.12698	0.51765	0.00776	0.02802	0.00783	0.02925	0.00528
35	0.04102	0.02411	0.09561	0.02236	0.24253	0.41137	0.01493	0.04393	0.01602	0.01805	0.01039	0.01258	0.00847	0.00601	0.00569	0.00170	0.00937	0.00450	0.00317	0.00819
36	0.17767	0.24828	0.34374	0.01313	0.01958	0.01693	0.01497	0.03744	0.01258	0.01986	0.01007	0.01189	0.00792	0.00720	0.03393	0.00205	0.00767	0.00402	0.00296	0.00811

[dist]
# distance from previous block
# <min> <max>
2	6

[block]
# block no. 4 follows, 37 sequences, length 34
# corresponding to MSA columns:
# 203-236
name=unknown_E
#
# <colnr> <probs for GDERKNQSTAVLIFYWHMCP>
#	G	D	E	R	K	N	Q	S	T	A	V	L	I	F	Y	W	H	M	C	P
0	0.02327	0.01715	0.01837	0.01408	0.01898	0.01898	0.01163	0.72628	0.02878	0.03858	0.01470	0.01470	0.01041	0.00735	0.00612	0.00184	0.00674	0.00551	0.00612	0.01041
1	0.01579	0.54237	0.21391	0.01262	0.01868	0.07423	0.01365	0.01903	0.01291	0.01571	0.00921	0.01069	0.00783	0.00546	0.00452	0.00149	0.00750	0.00364	0.00265	0.00810
2	0.00748	0.00621	0.00654	0.00646	0.00842	0.00527	0.00485	0.00926	0.01454	0.01793	0.18022	0.05662	0.62513	0.01498	0.00723	0.00204	0.00306	0.01260	0.00587	0.00527
3	0.01096	0.01009	0.01693	0.57732	0.05660	0.01202	0.03709	0.01448	0.01226	0.01589	0.01537	0.16426	0.01450	0.00860	0.00648	0.00212	0.00731	0.00781	0.00331	0.00658
4	0.54804	0.01593	0.01158	0.01023	0.01396	0.19586	0.00815	0.02080	0.01285	0.09950	0.01037	0.01134	0.00782	0.00603	0.00446	0.00182	0.00633	0.00376	0.00403	0.00714
5	0.66539	0.01445	0.01076	0.00948	0.01327	0.10946	0.00767	0.07153	0.01267	0.02670	0.00910	0.01044	0.00707	0.00589	0.00418	0.00185	0.00569	0.00356	0.00388	0.00697
6	0.01346	0.01254	0.02100	0.13665	0.51836	0.01287	0.01639	0.01690	0.01378	0.01934	0.06575	0.07385	0.01590	0.00739	0.00635	0.00194	0.00677	0.02870	0.00352	0.00854
7	0.00751	0.00608	0.00668	0.00681	0.00851	0.00524	0.00500	0.00922	0.01419	0.01776	0.17393	0.16576	0.52083	0.01555	0.00732	0.00211	0.00313	0.01328	0.00586	0.00524
8	0.01215	0.01148	0.01942	0.64994	0.15778	0.01375	0.01729	0.01616	0.01252	0.01636	0.01098	0.01613	0.00841	0.00601	0.00611	0.00200	0.00801	0.00544	0.00277	0.00728
9	0.00817	0.00593	0.00771	0.00793	0.00901	0.00546	0.00569	0.01036	0.01519	0.02104	0.46221	0.30631	0.08211	0.01500	0.00743	0.00213	0.00313	0.01339	0.00632	0.00546
10	0.01315	0.19255	0.59989	0.01596	0.02420	0.01634	0.02004	0.01916	0.01282	0.01833	0.01046	0.01226	0.00778	0.00569	0.00541	0.00180	0.00852	0.00426	0.00259	0.00879
11	0.00890	0.00593	0.00668	0.00668	0.00668	0.00593	0.00371	0.00890	0.00890	0.01187	0.01929	0.04006	0.02225	0.78487	0.03116	0.00593	0.00593	0.00890	0.00371	0.00371
12	0.00751	0.00621	0.00661	0.00678	0.00866	0.00532	0.00514	0.00918	0.01399	0.01700	0.09162	0.10232	0.61769	0.01568	0.00736	0.00214	0.00330	0.06254	0.00573	0.00522
13	0.01515	0.01454	0.02485	0.03757	0.74669	0.01454	0.01879	0.01879	0.01394	0.02000	0.01151	0.01515	0.00970	0.00545	0.00606	0.00182	0.00727	0.00545	0.00303	0.00970
14	0.79239	0.01207	0.00941	0.00832	0.01216	0.01397	0.00685	0.04943	0.01123	0.02796	0.00880	0.01015	0.00680	0.00576	0.00389	0.00189	0.00482	0.00341	0.00389	0.00680
15	0.01172	0.00765	0.01098	0.01017	0.01202	0.00830	0.00803	0.01393	0.01105	0.11346	0.01672	0.02239	0.01455	0.03644	0.57649	0.00785	0.04365	0.00625	0.00386	0.06449
16	0.01171	0.01069	0.01776	0.38525	0.22549	0.01213	0.01500	0.01510	0.01231	0.01662	0.01417	0.09514	0.01289	0.01294	0.11383	0.00314	0.00862	0.00682	0.00319	0.00721
17	0.01637	0.78856	0.03208	0.01047	0.01571	0.02422	0.01047	0.01833	0.01244	0.01440	0.00851	0.00982	0.00786	0.00524	0.00393	0.00131	0.00655	0.00327	0.00262	0.00786
18	0.02287	0.02917	0.01735	0.01577	0.01892	0.76030	0.01183	0.02444	0.01735	0.01498	0.00946	0.01104	0.00788	0.00631	0.00552	0.00158	0.01104	0.00394	0.00315	0.00710
19	0.01269	0.01088	0.01269	0.00907	0.01451	0.00816	0.00725	0.01541	0.01269	0.01995	0.01088	0.01269	0.00907	0.00453	0.00453	0.00091	0.00453	0.00363	0.00363	0.82229
20	0.01515	0.01454	0.02485	0.03757	0.74669	0.01454	0.01879	0.01879	0.01394	0.02000	0.01151	0.01515	0.00970	0.00545	0.00606	0.00182	0.00727	0.00545	0.00303	0.00970
21	0.00733	0.00620	0.00633	0.00630	0.00833	0.00521	0.00472	0.00897	0.01417	0.01706	0.10675	0.05804	0.69914	0.01531	0.00723	0.00206	0.00309	0.01280	0.00575	0.00521
22	0.02287	0.02917	0.01735	0.01577	0.01892	0.76030	0.01183	0.02444	0.01735	0.01498	0.00946	0.01104	0.00788	0.00631	0.00552	0.00158	0.01104	0.00394	0.00315	0.00710
23	0.05595	0.01047	0.01402	0.01079	0.01549	0.00917	0.00891	0.02941	0.01727	0.72519	0.02359	0.02045	0.01485	0.00751	0.00607	0.00189	0.00519	0.00605	0.00744	0.01028
24	0.00792	0.00614	0.00676	0.00702	0.00837	0.00552	0.00502	0.00918	0.01254	0.01549	0.04619	0.11773	0.43671	0.20416	0.01326	0.00312	0.00408	0.08075	0.00520	0.00484
25	0.01482	0.00756	0.01016	0.00916	0.01148	0.00720	0.00711	0.01699	0.01406	0.25925	0.12247	0.11383	0.07602	0.03690	0.20837	0.00415	0.00741	0.00870	0.05731	0.00704
26	0.00817	0.00588	0.00774	0.00804	0.00904	0.00545	0.00574	0.01031	0.01503	0.02089	0.45217	0.34745	0.05067	0.01525	0.00746	0.00216	0.00316	0.01367	0.00630	0.00545
27	0.00875	0.00630	0.00782	0.00839	0.00975	0.00583	0.00641	0.01056	0.01347	0.03831	0.10354	0.24289	0.25900	0.05585	0.02504	0.00270	0.00430	0.18007	0.00567	0.00537
28	0.01484	0.01418	0.02393	0.10152	0.66163	0.01448	0.01834	0.01894	0.03631	0.01979	0.01188	0.01549	0.00984	0.00560	0.00607	0.00185	0.00727	0.00550	0.00310	0.00944
29	0.76489	0.04997	0.01027	0.00830	0.01215	0.01429	0.00691	0.01843	0.03141	0.02677	0.00899	0.01031	0.00704	0.00574	0.00387	0.00187	0.00483	0.00342	0.00380	0.00678
30	0.01610	0.20389	0.02119	0.05765	0.18791	0.08975	0.01238	0.08785	0.08367	0.03759	0.02887	0.03386	0.01239	0.01091	0.08787	0.00260	0.00800	0.00545	0.00381	0.00827
31	0.00974	0.13582	0.01159	0.00823	0.01021	0.00859	0.00647	0.01166	0.01413	0.03423	0.23808	0.24456	0.19602	0.01383	0.00685	0.00203	0.00386	0.03272	0.00552	0.00586
32	0.03543	0.14866	0.38371	0.01520	0.02206	0.01547	0.06707	0.09182	0.01517	0.08551	0.05373	0.01534	0.01161	0.00636	0.00570	0.00183	0.00770	0.00510	0.00369	0.00881
33	0.01691	0.34667	0.09586	0.09227	0.02179	0.09042	0.08535	0.09212	0.04706	0.04156	0.01133	0.01301	0.00900	0.00590	0.00522	0.00165	0.00767	0.00456	0.00340	0.00825

[dist]
# distance from previous block
# <min> <max>
0	1

[block]
# block no. 5 follows, 37 sequences, length 12
# corresponding to MSA columns:
# 238-249
name=unknown_F
#
# <colnr> <probs for GDERKNQSTAVLIFYWHMCP>
#	G	D	E	R	K	N	Q	S	T	A	V	L	I	F	Y	W	H	M	C	P
0	0.00813	0.00608	0.00754	0.00751	0.00890	0.00550	0.00551	0.01039	0.01557	0.02115	0.46357	0.17997	0.20895	0.01438	0.00733	0.00206	0.00305	0.01262	0.00631	0.00550
1	0.01388	0.01084	0.01282	0.00921	0.01460	0.00823	0.00739	0.01658	0.01308	0.07891	0.01195	0.01335	0.00956	0.00478	0.00466	0.00099	0.00459	0.00383	0.00395	0.75680
2	0.01339	0.01310	0.02331	0.37560	0.32710	0.01423	0.10982	0.01743	0.01322	0.01793	0.01133	0.01587	0.00893	0.00572	0.00624	0.00195	0.00808	0.00568	0.00289	0.00817
3	0.00763	0.00545	0.00730	0.00872	0.00914	0.00512	0.00597	0.00881	0.01189	0.01581	0.03365	0.73108	0.04012	0.01902	0.00786	0.00251	0.00370	0.06554	0.00568	0.00502
4	0.12712	0.01231	0.03499	0.01205	0.04801	0.01189	0.00953	0.05069	0.01296	0.07070	0.01341	0.01529	0.04187	0.00680	0.00786	0.00162	0.15390	0.00471	0.00389	0.36042
5	0.13698	0.01252	0.03295	0.01021	0.01514	0.04221	0.02728	0.04481	0.01334	0.05951	0.01163	0.01340	0.00931	0.00720	0.04300	0.00168	0.00584	0.00407	0.00388	0.50504
6	0.00988	0.00820	0.01028	0.00993	0.01194	0.00823	0.04120	0.01520	0.17920	0.01853	0.03579	0.29801	0.19968	0.01591	0.04533	0.00261	0.00486	0.04845	0.00550	0.03128
7	0.01485	0.01601	0.17129	0.01350	0.01881	0.01180	0.08509	0.08663	0.04770	0.09256	0.10737	0.01884	0.01617	0.00691	0.00652	0.00169	0.04105	0.00579	0.00445	0.23297
8	0.01815	0.07641	0.07854	0.01513	0.05171	0.04980	0.10286	0.13645	0.05330	0.16369	0.04724	0.01905	0.01379	0.00785	0.00730	0.03976	0.02855	0.02931	0.00478	0.05631
9	0.01515	0.18015	0.30195	0.01441	0.02072	0.01631	0.04927	0.10807	0.10867	0.03714	0.04424	0.01551	0.01194	0.00644	0.00559	0.00177	0.00721	0.00510	0.00386	0.04650
10	0.05757	0.07949	0.19389	0.01374	0.01954	0.01308	0.09519	0.05436	0.01399	0.09250	0.01401	0.01545	0.03611	0.00617	0.00616	0.00164	0.04374	0.00498	0.00379	0.23460
11	0.01335	0.05809	0.27414	0.16199	0.02571	0.04787	0.11176	0.04137	0.01354	0.04050	0.03450	0.04587	0.01244	0.08266	0.00857	0.00233	0.00813	0.00615	0.00332	0.00768

[dist]
# distance from previous block
# <min> <max>
2	84

[block]
# block no. 6 follows, 37 sequences, length 22
# corresponding to MSA columns:
# 335-356
name=unknown_G
#
# <colnr> <probs for GDERKNQSTAVLIFYWHMCP>
#	G	D	E	R	K	N	Q	S	T	A	V	L	I	F	Y	W	H	M	C	P
0	0.01410	0.20407	0.37147	0.03828	0.02384	0.03785	0.12607	0.01910	0.01351	0.03916	0.04878	0.01471	0.01082	0.00600	0.00567	0.00180	0.00826	0.00504	0.00305	0.00839
1	0.01286	0.08088	0.38198	0.01706	0.05199	0.01397	0.12497	0.01899	0.06322	0.01928	0.01535	0.03961	0.04852	0.00663	0.00595	0.00185	0.00782	0.00579	0.00328	0.07999
2	0.01390	0.03802	0.30052	0.06329	0.11074	0.01385	0.04695	0.07394	0.05517	0.04004	0.01417	0.07694	0.01188	0.00731	0.00676	0.00193	0.04769	0.00606	0.00362	0.06721
3	0.01427	0.06608	0.36621	0.01601	0.07383	0.01341	0.03099	0.08773	0.01473	0.05928	0.01479	0.05953	0.03254	0.00687	0.00579	0.00178	0.00726	0.00563	0.00365	0.11962
4	0.01512	0.01288	0.01655	0.07383	0.14262	0.05157	0.05245	0.13412	0.09517	0.05551	0.07399	0.04079	0.11401	0.00915	0.02145	0.00202	0.00629	0.00723	0.00481	0.07045
5	0.07459	0.03267	0.05320	0.03546	0.05812	0.03741	0.05701	0.17144	0.09939	0.02511	0.14561	0.02556	0.10449	0.00860	0.00619	0.00187	0.00575	0.00720	0.00506	0.04526
6	0.03295	0.05869	0.03735	0.05040	0.01689	0.05275	0.01000	0.20966	0.13229	0.06300	0.08988	0.03722	0.07112	0.00852	0.00606	0.00183	0.00575	0.02698	0.00530	0.08336
7	0.01535	0.01395	0.02190	0.20132	0.45078	0.01493	0.01695	0.10804	0.05735	0.02167	0.01255	0.01581	0.00996	0.00601	0.00609	0.00189	0.00727	0.00554	0.00353	0.00912
8	0.01930	0.01881	0.01886	0.03999	0.13148	0.23659	0.05139	0.18671	0.07036	0.04714	0.01298	0.01436	0.01000	0.00631	0.00580	0.00168	0.00787	0.00501	0.00424	0.11110
9	0.01161	0.01081	0.01776	0.70646	0.03973	0.01340	0.01626	0.01627	0.04927	0.01615	0.01235	0.04164	0.00976	0.00666	0.00618	0.00206	0.00784	0.00591	0.00300	0.00689
10	0.01402	0.01305	0.02017	0.26699	0.27589	0.01494	0.01583	0.05857	0.04457	0.01897	0.01142	0.01539	0.00930	0.00679	0.00851	0.00201	0.14396	0.00540	0.00322	0.05100
11	0.01390	0.01090	0.01266	0.04322	0.01541	0.01085	0.00853	0.02224	0.29455	0.07490	0.07277	0.02284	0.05572	0.00984	0.04964	0.00214	0.00536	0.00636	0.00520	0.26295
12	0.02327	0.01715	0.01837	0.01408	0.01898	0.01898	0.01163	0.72628	0.02878	0.03858	0.01470	0.01470	0.01041	0.00735	0.00612	0.00184	0.00674	0.00551	0.00612	0.01041
13	0.82811	0.01184	0.00900	0.00805	0.01184	0.01373	0.00663	0.01799	0.01042	0.02746	0.00852	0.00994	0.00663	0.00568	0.00379	0.00189	0.00474	0.00331	0.00379	0.00663
14	0.01269	0.01088	0.01269	0.00907	0.01451	0.00816	0.00725	0.01541	0.01269	0.01995	0.01088	0.01269	0.00907	0.00453	0.00453	0.00091	0.00453	0.00363	0.00363	0.82229
15	0.01296	0.01226	0.02057	0.46140	0.30680	0.01372	0.01726	0.01682	0.01290	0.01747	0.01112	0.01572	0.00878	0.00580	0.00603	0.00191	0.00767	0.00537	0.00288	0.04257
16	0.01550	0.01474	0.02472	0.01890	0.02357	0.01536	0.34654	0.04431	0.30899	0.05342	0.01784	0.01907	0.01334	0.00689	0.00740	0.00209	0.04686	0.00691	0.00463	0.00891
17	0.01266	0.01246	0.06896	0.00970	0.01542	0.00862	0.00842	0.01572	0.01271	0.01990	0.01089	0.01271	0.00897	0.00463	0.00463	0.00099	0.00488	0.00369	0.00355	0.76050
18	0.01856	0.53431	0.02724	0.01211	0.01679	0.21345	0.01091	0.07370	0.01494	0.01639	0.00923	0.01050	0.00806	0.00567	0.00450	0.00142	0.00772	0.00362	0.00302	0.00785
19	0.01269	0.01088	0.01269	0.00907	0.01451	0.00816	0.00725	0.01541	0.01269	0.01995	0.01088	0.01269	0.00907	0.00453	0.00453	0.00091	0.00453	0.00363	0.00363	0.82229
20	0.00874	0.00656	0.00984	0.00984	0.01093	0.00765	0.00765	0.01093	0.00984	0.01421	0.01640	0.02405	0.01530	0.04591	0.76062	0.00984	0.01640	0.00656	0.00328	0.00547
21	0.02202	0.04740	0.03994	0.01352	0.01832	0.01685	0.02728	0.51513	0.04094	0.12887	0.04012	0.03242	0.01319	0.00763	0.00613	0.00185	0.00644	0.00598	0.00601	0.00994

[dist]
# distance from previous block
# <min> <max>
0	1

[block]
# block no. 7 follows, 37 sequences, length 6
# corresponding to MSA columns:
# 358-363
name=unknown_H
#
# <colnr> <probs for GDERKNQSTAVLIFYWHMCP>
#	G	D	E	R	K	N	Q	S	T	A	V	L	I	F	Y	W	H	M	C	P
0	0.01621	0.48587	0.11259	0.01196	0.01715	0.02020	0.01202	0.12934	0.01526	0.01926	0.01258	0.01790	0.01146	0.00701	0.00503	0.00164	0.00677	0.08611	0.00352	0.00814
1	0.01613	0.55503	0.09230	0.01381	0.01939	0.06886	0.12408	0.01901	0.01311	0.01568	0.00939	0.01121	0.00807	0.00534	0.00471	0.00150	0.00764	0.00404	0.00272	0.00797
2	0.02092	0.10869	0.01900	0.01346	0.01800	0.13536	0.01106	0.41684	0.09927	0.02954	0.01401	0.01430	0.01051	0.00687	0.00569	0.00170	0.00706	0.00504	0.00511	0.05757
3	0.02015	0.01611	0.02247	0.01692	0.02200	0.01699	0.20714	0.40963	0.10722	0.07373	0.01582	0.01651	0.01135	0.00687	0.00644	0.00193	0.00741	0.00619	0.00539	0.00973
4	0.01066	0.00672	0.00828	0.00833	0.00997	0.00615	0.00614	0.01276	0.03556	0.11431	0.11296	0.29563	0.22248	0.06313	0.00883	0.00246	0.00391	0.05986	0.00593	0.00594
5	0.01419	0.00747	0.01028	0.01022	0.01224	0.00698	0.00828	0.01618	0.01431	0.21890	0.06201	0.20045	0.03032	0.01489	0.00859	0.05341	0.00494	0.29366	0.00604	0.00663

[dist]
# distance from previous block
# <min> <max>
0	5

[block]
# block no. 8 follows, 37 sequences, length 15
# corresponding to MSA columns:
# 369-383
name=unknown_I
#
# <colnr> <probs for GDERKNQSTAVLIFYWHMCP>
#	G	D	E	R	K	N	Q	S	T	A	V	L	I	F	Y	W	H	M	C	P
0	0.07566	0.01200	0.01665	0.01852	0.22545	0.01182	0.01165	0.02566	0.13279	0.34877	0.04419	0.01964	0.01504	0.00712	0.00602	0.00190	0.00563	0.00605	0.00576	0.00968
1	0.00781	0.00604	0.00652	0.00664	0.00791	0.00540	0.00454	0.00893	0.01245	0.01549	0.08010	0.12310	0.43472	0.23699	0.01417	0.00321	0.00395	0.01211	0.00517	0.00476
2	0.54099	0.01299	0.01164	0.00976	0.01371	0.01470	0.00801	0.22126	0.01617	0.03046	0.06021	0.01374	0.01119	0.00663	0.00469	0.00188	0.00519	0.00447	0.00466	0.00766
3	0.02369	0.00986	0.01310	0.01057	0.01456	0.00883	0.00851	0.05023	0.03574	0.58254	0.02515	0.13208	0.01881	0.00928	0.00635	0.00197	0.00495	0.00779	0.02650	0.00949
4	0.01050	0.00898	0.01514	0.01218	0.01396	0.00868	0.21100	0.01198	0.01050	0.01409	0.01730	0.03329	0.01853	0.56062	0.02427	0.00482	0.00720	0.00842	0.00353	0.00502
