[name]
unknown

[dist]
# distance from previous block
# <min> <max>
0	162

[block]
# block no. 0 follows, 28 sequences, length 28
# corresponding to MSA columns:
# 191-218
name=unknown_A
#
# <colnr> <probs for GDERKNQSTAVLIFYWHMCP>
#	G	D	E	R	K	N	Q	S	T	A	V	L	I	F	Y	W	H	M	C	P
0	0.18104	0.04454	0.03726	0.04255	0.04908	0.13427	0.04292	0.02012	0.01565	0.03749	0.07652	0.02681	0.05362	0.01534	0.09486	0.00348	0.06458	0.04721	0.00463	0.00805
1	0.01150	0.00775	0.01022	0.07133	0.01388	0.00782	0.00770	0.01321	0.01389	0.05370	0.07025	0.25362	0.06702	0.23506	0.06742	0.00461	0.00673	0.04325	0.03488	0.00616
2	0.06318	0.01675	0.08366	0.02189	0.20643	0.03779	0.01471	0.10231	0.07185	0.05397	0.08868	0.05027	0.11267	0.01056	0.00750	0.00232	0.00705	0.03303	0.00561	0.00977
3	0.00958	0.00696	0.00893	0.00966	0.01059	0.00690	0.00675	0.01116	0.01337	0.01798	0.03734	0.34339	0.13738	0.12887	0.18498	0.00552	0.00821	0.01485	0.03167	0.00591
4	0.37432	0.01492	0.05291	0.01179	0.01566	0.05061	0.00974	0.02256	0.12009	0.05463	0.02108	0.18310	0.01998	0.01108	0.00642	0.00243	0.00604	0.00873	0.00553	0.00837
5	0.01594	0.01708	0.11851	0.01636	0.08998	0.01282	0.01312	0.08807	0.05112	0.02598	0.04523	0.06896	0.03880	0.00828	0.00659	0.00178	0.00659	0.00695	0.00491	0.36293
6	0.01561	0.01595	0.02055	0.01700	0.02042	0.11696	0.14374	0.01915	0.03548	0.02138	0.08498	0.13397	0.04656	0.01298	0.03058	0.00265	0.11086	0.03532	0.00491	0.11095
7	0.65611	0.01405	0.01149	0.01009	0.01433	0.01609	0.00813	0.08179	0.01426	0.03226	0.01191	0.01542	0.00989	0.07050	0.00756	0.00266	0.00597	0.00475	0.00475	0.00799
8	0.01701	0.01882	0.13387	0.18995	0.09340	0.03141	0.11912	0.07995	0.01761	0.06103	0.02023	0.02467	0.06494	0.00876	0.00827	0.00238	0.04182	0.02856	0.02872	0.00948
9	0.01333	0.01338	0.07614	0.01529	0.08074	0.06970	0.01133	0.01601	0.01595	0.05434	0.03669	0.32911	0.12973	0.01678	0.00852	0.00266	0.00632	0.09045	0.00596	0.00756
10	0.00953	0.00680	0.00912	0.01020	0.01081	0.00676	0.00705	0.01101	0.01339	0.01812	0.05558	0.46895	0.04019	0.12683	0.13968	0.00507	0.00741	0.04169	0.00595	0.00587
11	0.01774	0.01228	0.01841	0.18444	0.08107	0.01280	0.04960	0.09264	0.01812	0.14574	0.02545	0.22334	0.02424	0.01267	0.00806	0.00255	0.00723	0.04866	0.00595	0.00902
12	0.01901	0.02606	0.18405	0.19416	0.10673	0.21348	0.05257	0.05039	0.01746	0.02129	0.01270	0.01631	0.00986	0.00738	0.00771	0.00223	0.03979	0.00581	0.00357	0.00944
13	0.02350	0.03009	0.05837	0.01994	0.02433	0.51221	0.11086	0.02638	0.01934	0.01909	0.01440	0.04976	0.01285	0.00853	0.00715	0.00210	0.01216	0.03639	0.00397	0.00855
14	0.00895	0.00672	0.00831	0.00931	0.01039	0.00607	0.00645	0.01061	0.01535	0.02003	0.12261	0.49104	0.21624	0.02076	0.00902	0.00275	0.00399	0.01845	0.00689	0.00607
15	0.01329	0.01804	0.19804	0.17639	0.08658	0.01361	0.04653	0.01803	0.01444	0.02053	0.01857	0.12559	0.01721	0.01700	0.11969	0.00389	0.03122	0.00858	0.04425	0.00851
16	0.01805	0.10178	0.16711	0.04988	0.13199	0.10038	0.10162	0.02495	0.10970	0.03743	0.01678	0.05561	0.01390	0.00821	0.00762	0.00225	0.03144	0.00703	0.00425	0.01002
17	0.01793	0.02155	0.20708	0.05983	0.02475	0.04564	0.06008	0.10777	0.01741	0.08035	0.01740	0.09018	0.01516	0.03398	0.02627	0.00286	0.14979	0.00786	0.00464	0.00947
18	0.01232	0.00674	0.01001	0.03675	0.01120	0.00698	0.00694	0.01020	0.00993	0.01333	0.01399	0.02444	0.01401	0.08034	0.08746	0.63393	0.00763	0.00676	0.00332	0.00372
19	0.01171	0.00966	0.01266	0.12756	0.05301	0.03599	0.00996	0.01434	0.04349	0.01830	0.02775	0.34412	0.03077	0.14027	0.06102	0.02672	0.00728	0.01353	0.00525	0.00660
20	0.01531	0.04911	0.04205	0.17111	0.13064	0.06907	0.03175	0.03172	0.05088	0.03533	0.02226	0.18404	0.02216	0.03586	0.03558	0.00296	0.00839	0.04854	0.00480	0.00845
21	0.06874	0.01707	0.03932	0.01585	0.04439	0.16230	0.05492	0.05253	0.01625	0.02095	0.02371	0.15745	0.06121	0.10717	0.03167	0.00331	0.06871	0.04197	0.00486	0.00760
22	0.08481	0.01386	0.03736	0.11339	0.01960	0.08164	0.01138	0.03973	0.01594	0.02331	0.05004	0.06024	0.09134	0.01125	0.00897	0.00236	0.09611	0.05342	0.17766	0.00758
23	0.01810	0.01324	0.01560	0.01291	0.01675	0.04865	0.04279	0.15864	0.02175	0.09940	0.21882	0.03527	0.07147	0.01294	0.03696	0.00254	0.00662	0.03444	0.05271	0.08039
24	0.07019	0.05455	0.01345	0.01147	0.01440	0.01278	0.00889	0.05591	0.21906	0.02608	0.09170	0.18898	0.11651	0.01394	0.00765	0.00246	0.00509	0.03152	0.04691	0.00846
25	0.07691	0.04301	0.01910	0.07860	0.08487	0.08736	0.03909	0.11772	0.01897	0.11047	0.02131	0.03137	0.03183	0.03910	0.00983	0.04895	0.00804	0.11901	0.00546	0.00900
26	0.06621	0.04607	0.05080	0.04572	0.12754	0.01629	0.01369	0.17113	0.10410	0.10597	0.08483	0.04487	0.01992	0.00899	0.00705	0.00217	0.00691	0.00744	0.00607	0.06423
27	0.01852	0.10018	0.09676	0.03318	0.12064	0.13690	0.01536	0.07791	0.03830	0.02285	0.03785	0.05499	0.01489	0.01094	0.04193	0.00258	0.08685	0.00664	0.00428	0.07843

[dist]
# distance from previous block
# <min> <max>
14	39

[block]
# block no. 1 follows, 28 sequences, length 14
# corresponding to MSA columns:
# 259-272
name=unknown_B
#
# <colnr> <probs for GDERKNQSTAVLIFYWHMCP>
#	G	D	E	R	K	N	Q	S	T	A	V	L	I	F	Y	W	H	M	C	P
0	0.04570	0.07051	0.05184	0.01419	0.01792	0.17223	0.01171	0.08125	0.01831	0.11318	0.05218	0.07105	0.04813	0.08028	0.01121	0.00271	0.06314	0.03664	0.00539	0.03244
1	0.08047	0.06468	0.08778	0.01983	0.11913	0.06721	0.07963	0.11178	0.03915	0.02663	0.03983	0.02097	0.05847	0.00785	0.00672	0.00199	0.00798	0.00657	0.00471	0.14864
2	0.01736	0.10930	0.15779	0.17233	0.07892	0.03585	0.05779	0.09089	0.05167	0.04644	0.04939	0.02333	0.03945	0.00848	0.00715	0.00226	0.00873	0.02864	0.00454	0.00971
3	0.01411	0.01158	0.01841	0.01998	0.15583	0.01115	0.08863	0.01696	0.01567	0.06495	0.04981	0.25766	0.08928	0.03549	0.00983	0.00265	0.03972	0.03613	0.00554	0.05664
4	0.01688	0.01317	0.01566	0.01160	0.01729	0.01105	0.00928	0.05194	0.01602	0.07578	0.01459	0.01743	0.01202	0.03927	0.00815	0.00161	0.04946	0.00505	0.00475	0.60900
5	0.01128	0.00854	0.01141	0.01333	0.09300	0.00864	0.00802	0.01270	0.01255	0.01687	0.02779	0.04500	0.09940	0.39944	0.15695	0.00659	0.00919	0.04869	0.00461	0.00599
6	0.45256	0.01276	0.01179	0.01003	0.01438	0.01358	0.00813	0.05404	0.01551	0.10190	0.06005	0.01845	0.01480	0.00769	0.00536	0.00206	0.00536	0.00541	0.09956	0.08658
7	0.01098	0.00801	0.00958	0.00935	0.01157	0.00710	0.00681	0.01283	0.01492	0.05357	0.04523	0.24749	0.27606	0.06990	0.08584	0.00371	0.00608	0.01401	0.00611	0.10084
8	0.05243	0.01236	0.01566	0.01310	0.01712	0.01229	0.05356	0.09015	0.13366	0.19997	0.10909	0.10240	0.13245	0.01229	0.00782	0.00240	0.00578	0.01053	0.00732	0.00964
9	0.01475	0.05303	0.21010	0.08811	0.02334	0.01440	0.01573	0.05794	0.09885	0.03991	0.08524	0.12014	0.05331	0.01186	0.00817	0.00249	0.02747	0.06076	0.00536	0.00907
10	0.04914	0.01377	0.10058	0.01557	0.10340	0.01085	0.01153	0.04719	0.03784	0.02310	0.08015	0.17545	0.17741	0.06321	0.00977	0.00269	0.00600	0.01166	0.00560	0.05510
11	0.01881	0.04139	0.11939	0.07282	0.16046	0.08365	0.01612	0.10318	0.07687	0.07380	0.05630	0.04915	0.07773	0.00947	0.00732	0.00225	0.00807	0.00789	0.00526	0.01005
12	0.01568	0.08306	0.05639	0.03952	0.09805	0.03131	0.06201	0.04916	0.03993	0.05449	0.11169	0.09988	0.09695	0.01182	0.00898	0.00239	0.06614	0.03339	0.03047	0.00871
13	0.05514	0.11162	0.12009	0.07492	0.04694	0.01647	0.09717	0.08708	0.04608	0.02519	0.07861	0.02446	0.06270	0.03094	0.00783	0.00225	0.00784	0.00729	0.00472	0.09267

[dist]
# distance from previous block
# <min> <max>
18	35

[block]
# block no. 2 follows, 28 sequences, length 6
# corresponding to MSA columns:
# 310-315
name=unknown_C
#
# <colnr> <probs for GDERKNQSTAVLIFYWHMCP>
#	G	D	E	R	K	N	Q	S	T	A	V	L	I	F	Y	W	H	M	C	P
0	0.01432	0.01159	0.01473	0.03680	0.01686	0.01218	0.06064	0.07086	0.19007	0.02655	0.14659	0.03848	0.14084	0.05062	0.05741	0.00319	0.00659	0.01004	0.08320	0.00847
1	0.01953	0.15811	0.01975	0.01364	0.01759	0.14330	0.01102	0.06717	0.19903	0.05739	0.02279	0.07097	0.03977	0.01209	0.04534	0.00262	0.00800	0.00753	0.07498	0.00937
2	0.06534	0.00906	0.01064	0.01035	0.01249	0.00932	0.00787	0.01683	0.09587	0.04630	0.15879	0.08444	0.15562	0.09763	0.13298	0.00457	0.00743	0.06107	0.00624	0.00716
3	0.01076	0.00773	0.00892	0.00892	0.00972	0.00778	0.00574	0.01309	0.06511	0.01780	0.08934	0.12184	0.09112	0.44989	0.05704	0.00563	0.00658	0.01200	0.00539	0.00558
4	0.01331	0.04563	0.01218	0.01069	0.01290	0.03484	0.00811	0.01709	0.07138	0.07623	0.21141	0.19675	0.11821	0.05398	0.05502	0.00329	0.00594	0.03889	0.00672	0.00741
5	0.01889	0.08683	0.11404	0.05373	0.08836	0.06208	0.03906	0.09916	0.08542	0.04628	0.01492	0.01725	0.01176	0.00806	0.00919	0.00217	0.11533	0.00595	0.00450	0.11702

[dist]
# distance from previous block
# <min> <max>
0	4

[block]
# block no. 3 follows, 28 sequences, length 32
# corresponding to MSA columns:
# 320-340,351-361
name=unknown_D
#
# <colnr> <probs for GDERKNQSTAVLIFYWHMCP>
#	G	D	E	R	K	N	Q	S	T	A	V	L	I	F	Y	W	H	M	C	P
0	0.11233	0.01517	0.03366	0.05002	0.05414	0.05473	0.01113	0.04040	0.03718	0.06803	0.01936	0.02090	0.07159	0.00791	0.00717	0.00182	0.04830	0.00601	0.00481	0.33534
1	0.02107	0.05352	0.06043	0.01713	0.05034	0.01651	0.06530	0.18509	0.09973	0.14633	0.02479	0.09625	0.04746	0.01080	0.00848	0.00241	0.04588	0.03168	0.00637	0.01043
2	0.01692	0.17728	0.14403	0.09739	0.05566	0.05100	0.03172	0.09486	0.04093	0.02265	0.01906	0.07484	0.03739	0.07274	0.00949	0.00262	0.00839	0.02955	0.00442	0.00907
3	0.15959	0.01355	0.01522	0.01251	0.01692	0.01395	0.01008	0.18942	0.04540	0.23326	0.14504	0.06739	0.02591	0.01043	0.00715	0.00229	0.00591	0.00839	0.00740	0.01017
4	0.01481	0.01387	0.04958	0.10535	0.22255	0.01362	0.01525	0.04287	0.10682	0.02359	0.05672	0.11569	0.04380	0.04623	0.00935	0.00273	0.00721	0.09558	0.00529	0.00910
5	0.04272	0.19695	0.19317	0.02011	0.02748	0.05778	0.20167	0.07753	0.01773	0.05690	0.01376	0.01607	0.01045	0.00676	0.00676	0.00209	0.00984	0.00600	0.00400	0.03223
6	0.01424	0.04506	0.01462	0.03158	0.03612	0.01229	0.00967	0.07210	0.03536	0.05310	0.04816	0.23715	0.02802	0.17229	0.05723	0.00411	0.10432	0.01176	0.00546	0.00736
7	0.01042	0.00715	0.00871	0.00892	0.00923	0.00731	0.00563	0.01107	0.01128	0.01522	0.02450	0.11022	0.02767	0.54152	0.14183	0.00727	0.00875	0.03370	0.00462	0.00496
8	0.01275	0.01135	0.01463	0.01371	0.01474	0.04606	0.01087	0.01483	0.01240	0.01730	0.02056	0.03066	0.05622	0.08673	0.35655	0.00747	0.22185	0.04043	0.00403	0.00684
9	0.01857	0.01984	0.02767	0.12250	0.20390	0.14951	0.17347	0.02339	0.04740	0.02174	0.01421	0.01831	0.01140	0.00748	0.00876	0.00229	0.07248	0.00672	0.04083	0.00953
10	0.01350	0.01019	0.01510	0.01914	0.18789	0.01007	0.01139	0.04510	0.01531	0.02067	0.06975	0.14194	0.08963	0.01739	0.01390	0.21915	0.00628	0.08150	0.00505	0.00706
11	0.01716	0.01961	0.04289	0.03064	0.03799	0.01838	0.67279	0.02328	0.01716	0.02328	0.01471	0.01961	0.01103	0.00613	0.00858	0.00245	0.01225	0.00858	0.00368	0.00980
12	0.01381	0.01293	0.02175	0.64669	0.09413	0.01577	0.01973	0.01846	0.01465	0.01894	0.01419	0.05162	0.01154	0.00791	0.00735	0.00243	0.00937	0.00710	0.00341	0.00822
13	0.01507	0.02793	0.39736	0.02389	0.06315	0.01651	0.22120	0.02198	0.01556	0.02247	0.01428	0.01820	0.01084	0.01181	0.08428	0.00336	0.01205	0.00666	0.00337	0.01003
14	0.01507	0.01351	0.02114	0.57263	0.04313	0.01677	0.01857	0.07338	0.01592	0.02116	0.01351	0.01928	0.01032	0.00792	0.00860	0.00243	0.07154	0.00647	0.04027	0.00836
15	0.01778	0.01706	0.02913	0.07797	0.66747	0.01722	0.02220	0.02213	0.01645	0.02349	0.01364	0.01806	0.01142	0.00652	0.00720	0.00217	0.00869	0.00648	0.00358	0.01135
16	0.01365	0.00942	0.01145	0.04235	0.01463	0.00913	0.00861	0.07313	0.01845	0.09211	0.13008	0.05323	0.31892	0.01974	0.08510	0.00348	0.00657	0.07567	0.00671	0.00759
17	0.01245	0.00638	0.00934	0.00934	0.00934	0.00638	0.00615	0.00956	0.00956	0.01275	0.01351	0.02429	0.01382	0.08735	0.02915	0.72105	0.00638	0.00668	0.00326	0.00326
18	0.01263	0.00631	0.00947	0.00947	0.00947	0.00631	0.00631	0.00947	0.00947	0.01263	0.01263	0.02210	0.01263	0.02525	0.02841	0.78851	0.00631	0.00631	0.00316	0.00316
19	0.01453	0.01214	0.01829	0.40136	0.03488	0.01413	0.01654	0.08851	0.01743	0.02263	0.02232	0.04099	0.02118	0.01189	0.00823	0.00272	0.00846	0.23081	0.00488	0.00806
20	0.01700	0.01566	0.02543	0.28462	0.32828	0.01695	0.04967	0.09119	0.01777	0.02406	0.01679	0.02105	0.04439	0.00757	0.00736	0.00228	0.00887	0.00701	0.00402	0.01003
21	0.01034	0.00747	0.00911	0.00935	0.01012	0.00758	0.00641	0.01136	0.01277	0.01701	0.03459	0.17475	0.14885	0.30477	0.08740	0.03227	0.03948	0.04192	0.02897	0.00548
22	0.09370	0.01770	0.01924	0.01514	0.02060	0.01919	0.01242	0.41726	0.11133	0.16798	0.02047	0.01956	0.01428	0.00875	0.00706	0.00224	0.00717	0.00667	0.00738	0.01187
23	0.05871	0.01867	0.08236	0.06088	0.02487	0.04806	0.11541	0.16628	0.12499	0.14170	0.04300	0.02157	0.01598	0.00835	0.00727	0.00228	0.00815	0.00716	0.03365	0.01065
24	0.02122	0.16163	0.04761	0.01602	0.02059	0.19534	0.03669	0.15261	0.09247	0.02506	0.01572	0.01787	0.01273	0.01356	0.09287	0.00320	0.03236	0.00593	0.02698	0.00954
25	0.01507	0.01292	0.01507	0.01077	0.01723	0.00969	0.00861	0.01830	0.01507	0.02369	0.01292	0.01507	0.01077	0.00538	0.00538	0.00108	0.00538	0.00431	0.00431	0.78898
26	0.31315	0.01851	0.01790	0.01514	0.04354	0.04939	0.01192	0.38108	0.02486	0.03893	0.01433	0.01519	0.01053	0.00786	0.00621	0.00219	0.00735	0.00549	0.00596	0.01049
27	0.01351	0.01249	0.02045	0.46421	0.15788	0.01435	0.01781	0.01760	0.01501	0.01959	0.02136	0.10170	0.07478	0.00979	0.00759	0.00244	0.00838	0.00879	0.00399	0.00828
28	0.01048	0.00742	0.00984	0.00984	0.01049	0.00808	0.00678	0.01179	0.01114	0.01551	0.02116	0.03791	0.02223	0.39404	0.38176	0.00940	0.01336	0.00916	0.00415	0.00546
29	0.01513	0.01259	0.01707	0.09506	0.06818	0.03269	0.05201	0.08816	0.05644	0.04334	0.11248	0.07800	0.09161	0.06438	0.07634	0.00362	0.03880	0.04022	0.00561	0.00828
30	0.00918	0.00696	0.00830	0.00901	0.01031	0.00629	0.00636	0.01087	0.01542	0.01983	0.11875	0.34359	0.27937	0.07843	0.01123	0.00305	0.00429	0.04608	0.00669	0.00600
31	0.09718	0.05189	0.04001	0.01438	0.01937	0.05310	0.01198	0.22895	0.18543	0.12737	0.05832	0.02328	0.03853	0.00923	0.00698	0.00224	0.00693	0.00717	0.00679	0.01085

[dist]
# distance from previous block
# <min> <max>
1	15

[block]
# block no. 4 follows, 28 sequences, length 12
# corresponding to MSA columns:
# 377-388
name=unknown_E
#
# <colnr> <probs for GDERKNQSTAVLIFYWHMCP>
#	G	D	E	R	K	N	Q	S	T	A	V	L	I	F	Y	W	H	M	C	P
0	0.16231	0.08607	0.05284	0.05614	0.04500	0.08517	0.01133	0.05558	0.04132	0.02368	0.04137	0.19880	0.05915	0.01370	0.03443	0.00271	0.00738	0.00980	0.00512	0.00810
1	0.06620	0.01436	0.05672	0.11796	0.11749	0.05168	0.01345	0.02069	0.09608	0.04105	0.04647	0.07992	0.01957	0.05346	0.13927	0.00428	0.00971	0.00820	0.03494	0.00852
2	0.01901	0.09323	0.15849	0.02488	0.09129	0.07643	0.26400	0.09709	0.05853	0.02518	0.01477	0.01759	0.01125	0.00694	0.00739	0.00223	0.01043	0.00678	0.00413	0.01036
3	0.02052	0.05360	0.01757	0.01388	0.01761	0.07649	0.02912	0.14936	0.02075	0.16337	0.09112	0.08666	0.08675	0.01436	0.04713	0.00287	0.05099	0.04206	0.00651	0.00930
4	0.01308	0.00903	0.01080	0.00977	0.01235	0.00855	0.00751	0.05565	0.05780	0.08034	0.41312	0.05210	0.21253	0.01463	0.00834	0.00233	0.00411	0.01256	0.00769	0.00770
5	0.02041	0.21337	0.17430	0.01805	0.06316	0.16171	0.01637	0.06481	0.10121	0.04970	0.01585	0.01856	0.01278	0.00788	0.00649	0.00206	0.00921	0.02961	0.00441	0.01006
6	0.00878	0.00737	0.00763	0.00757	0.00994	0.00622	0.00567	0.01080	0.01702	0.02072	0.14422	0.06818	0.62499	0.01801	0.00859	0.00244	0.00365	0.01509	0.00689	0.00622
7	0.01543	0.01846	0.14223	0.10671	0.23429	0.01516	0.11450	0.02138	0.05186	0.02357	0.05822	0.04720	0.01816	0.00869	0.00755	0.00235	0.00862	0.04517	0.05072	0.00973
8	0.02908	0.01440	0.01774	0.01382	0.01917	0.01405	0.01133	0.21050	0.05594	0.44640	0.06948	0.02479	0.01997	0.00935	0.00739	0.00224	0.00648	0.00753	0.00838	0.01196
9	0.01949	0.03692	0.10198	0.15107	0.11143	0.09544	0.09715	0.14936	0.01979	0.04509	0.01568	0.04576	0.01255	0.00812	0.00770	0.00226	0.02944	0.00694	0.03392	0.00989
10	0.01042	0.00715	0.00866	0.00870	0.00907	0.00725	0.00543	0.01118	0.01184	0.01613	0.08493	0.08604	0.03038	0.53726	0.12941	0.00703	0.00832	0.01100	0.00480	0.00501
11	0.07745	0.03530	0.01618	0.01220	0.01766	0.04998	0.00976	0.07995	0.07869	0.09056	0.01757	0.05998	0.01452	0.00770	0.00612	0.00167	0.00615	0.00610	0.00539	0.40708

[dist]
# distance from previous block
# <min> <max>
3	8

[block]
# block no. 5 follows, 28 sequences, length 11
# corresponding to MSA columns:
# 397-407
name=unknown_F
#
# <colnr> <probs for GDERKNQSTAVLIFYWHMCP>
#	G	D	E	R	K	N	Q	S	T	A	V	L	I	F	Y	W	H	M	C	P
0	0.01161	0.01411	0.12469	0.04531	0.01863	0.01079	0.07728	0.01512	0.01590	0.02145	0.15136	0.12429	0.20474	0.06944	0.01154	0.00286	0.05605	0.01195	0.00549	0.00742
1	0.01537	0.06941	0.07090	0.01232	0.01615	0.06567	0.01047	0.02238	0.16692	0.05511	0.14870	0.10601	0.11421	0.01214	0.00743	0.00225	0.00592	0.01014	0.04512	0.04336
2	0.00988	0.00735	0.00925	0.00932	0.01100	0.00672	0.00703	0.01267	0.01847	0.02504	0.41598	0.15742	0.18897	0.01719	0.00881	0.00251	0.00390	0.07446	0.00745	0.00656
3	0.01458	0.03760	0.70688	0.02072	0.03146	0.01688	0.02686	0.02302	0.01535	0.02302	0.01304	0.01535	0.00921	0.00691	0.00691	0.00230	0.01074	0.00537	0.00307	0.01074
4	0.07992	0.01650	0.02126	0.05225	0.08001	0.01808	0.07940	0.15270	0.26924	0.09664	0.02143	0.02163	0.01580	0.00864	0.00780	0.00237	0.03178	0.00723	0.00628	0.01102
5	0.00898	0.00710	0.00812	0.00874	0.01045	0.00625	0.00639	0.01082	0.01596	0.01997	0.09599	0.28364	0.41111	0.01971	0.00890	0.00266	0.00403	0.05821	0.00682	0.00614
6	0.01952	0.01860	0.08258	0.03809	0.07281	0.05886	0.03675	0.18487	0.17460	0.04732	0.06869	0.02440	0.03812	0.01049	0.02658	0.00253	0.03247	0.00755	0.04482	0.01035
7	0.01025	0.00767	0.01028	0.01060	0.01137	0.00814	0.00761	0.01173	0.01360	0.01864	0.10687	0.31081	0.07953	0.10668	0.15125	0.04166	0.06764	0.01400	0.00562	0.00602
8	0.06041	0.01242	0.01832	0.08640	0.08623	0.01315	0.07478	0.06787	0.01696	0.08763	0.12236	0.03071	0.05367	0.09577	0.09410	0.00397	0.05292	0.00862	0.00531	0.00842
9	0.14100	0.01957	0.08332	0.04187	0.08305	0.09844	0.03554	0.09534	0.07881	0.02657	0.01458	0.01696	0.01155	0.00966	0.04076	0.00252	0.04682	0.00568	0.00457	0.14338
10	0.10969	0.11457	0.04790	0.01326	0.04024	0.06180	0.01067	0.05590	0.05032	0.10575	0.04015	0.14382	0.04316	0.01060	0.00666	0.00213	0.00643	0.00859	0.05629	0.07207

[dist]
# distance from previous block
# <min> <max>
0	40

[block]
# block no. 6 follows, 28 sequences, length 27
# corresponding to MSA columns:
# 448-474
name=unknown_G
#
# <colnr> <probs for GDERKNQSTAVLIFYWHMCP>
#	G	D	E	R	K	N	Q	S	T	A	V	L	I	F	Y	W	H	M	C	P
0	0.04024	0.01579	0.08869	0.05268	0.04580	0.06724	0.02898	0.08056	0.03603	0.07508	0.14771	0.03784	0.19581	0.01375	0.03947	0.00272	0.00729	0.00976	0.00597	0.00860
1	0.04792	0.09434	0.07775	0.06866	0.02199	0.08866	0.06865	0.08678	0.08682	0.02377	0.02491	0.11690	0.08897	0.03559	0.00825	0.00242	0.00784	0.00901	0.00508	0.03568
2	0.01541	0.01166	0.01381	0.01135	0.01580	0.01026	0.00901	0.07263	0.05509	0.06260	0.11814	0.09123	0.06234	0.01080	0.00709	0.00190	0.00531	0.06158	0.00603	0.35796
3	0.01999	0.06491	0.02218	0.01826	0.06052	0.07959	0.06889	0.10201	0.05726	0.08792	0.01641	0.01930	0.01304	0.01087	0.03658	0.00271	0.20454	0.00657	0.09901	0.00942
4	0.01110	0.00801	0.00991	0.00985	0.01158	0.00772	0.00743	0.04948	0.01822	0.02498	0.30625	0.16944	0.13900	0.05104	0.03761	0.00308	0.00497	0.07885	0.04472	0.00676
5	0.00928	0.00722	0.00844	0.00850	0.01034	0.00637	0.00624	0.01164	0.01766	0.02309	0.30561	0.17571	0.34828	0.01778	0.00870	0.00247	0.00367	0.01539	0.00723	0.00637
6	0.01426	0.02211	0.28161	0.24417	0.07715	0.01538	0.02018	0.02173	0.07942	0.02322	0.11058	0.02339	0.01909	0.00839	0.00732	0.00234	0.00877	0.00715	0.00426	0.00947
7	0.01987	0.01594	0.01825	0.01499	0.01840	0.03966	0.03042	0.28772	0.04575	0.03184	0.05872	0.02567	0.08125	0.01073	0.01073	0.00237	0.16096	0.00779	0.10937	0.00956
8	0.05816	0.01365	0.04198	0.06019	0.06801	0.04397	0.01129	0.09682	0.07412	0.06005	0.27141	0.03529	0.07644	0.01195	0.00859	0.03754	0.00606	0.00942	0.00641	0.00863
9	0.01432	0.01010	0.01342	0.01192	0.01479	0.00991	0.05105	0.01887	0.08266	0.10804	0.16987	0.06904	0.22854	0.01448	0.00915	0.00251	0.04430	0.07723	0.04184	0.00798
10	0.06029	0.12746	0.06127	0.01540	0.02092	0.11387	0.01333	0.34605	0.04530	0.03369	0.01560	0.01649	0.01178	0.00792	0.00646	0.00201	0.00826	0.00572	0.05566	0.03252
11	0.01196	0.00789	0.01010	0.01086	0.01206	0.00761	0.00759	0.06756	0.01606	0.06486	0.03743	0.63325	0.04315	0.02071	0.00898	0.00284	0.00466	0.01862	0.00694	0.00686
12	0.01778	0.31729	0.25131	0.01802	0.02552	0.04949	0.11231	0.05177	0.01669	0.02181	0.04526	0.01638	0.01254	0.00701	0.00633	0.00200	0.00939	0.00564	0.00363	0.00983
13	0.06574	0.01119	0.01335	0.05054	0.01635	0.01209	0.00966	0.11036	0.13115	0.05113	0.02587	0.12794	0.06330	0.01780	0.04441	0.18943	0.00674	0.03955	0.00570	0.00769
14	0.21032	0.01261	0.01487	0.01238	0.01717	0.01234	0.01029	0.05120	0.03947	0.41092	0.02522	0.02910	0.01870	0.00995	0.00701	0.00240	0.00617	0.09185	0.00752	0.01052
15	0.01488	0.01088	0.01202	0.01129	0.01387	0.01164	0.00857	0.09641	0.20687	0.02778	0.08951	0.16827	0.06047	0.03914	0.00853	0.00253	0.00499	0.03024	0.17363	0.00848
16	0.01123	0.00799	0.00973	0.01036	0.01169	0.00785	0.00749	0.05697	0.03874	0.02124	0.03914	0.40502	0.12149	0.05991	0.01122	0.03825	0.00491	0.07936	0.05092	0.00648
17	0.07910	0.01727	0.06078	0.01404	0.01922	0.10589	0.01189	0.03210	0.11962	0.38529	0.06123	0.02371	0.01903	0.00897	0.00708	0.00224	0.00714	0.00707	0.00732	0.01100
18	0.01026	0.00754	0.00924	0.00985	0.01078	0.00749	0.00668	0.01324	0.07276	0.01965	0.10405	0.37878	0.07661	0.18822	0.04708	0.00415	0.00558	0.01561	0.00627	0.00619
19	0.00881	0.00652	0.00823	0.00960	0.01041	0.00595	0.00652	0.01018	0.01442	0.01876	0.04642	0.61291	0.17085	0.02195	0.00915	0.00286	0.00412	0.01966	0.00675	0.00595
20	0.01210	0.00727	0.00830	0.00879	0.01017	0.00718	0.00646	0.03465	0.01536	0.02361	0.03150	0.23437	0.05629	0.06240	0.00906	0.00261	0.00435	0.07631	0.38270	0.00652
21	0.01943	0.74891	0.03809	0.01244	0.01866	0.02876	0.01244	0.02177	0.01477	0.01710	0.01011	0.01166	0.00933	0.00622	0.00466	0.00155	0.00777	0.00389	0.00311	0.00933
22	0.26635	0.01414	0.01574	0.01249	0.01780	0.01426	0.01031	0.13099	0.02030	0.39504	0.02122	0.01963	0.01400	0.00826	0.00644	0.00224	0.00630	0.00615	0.00735	0.01099
23	0.01162	0.00797	0.01103	0.01106	0.01232	0.00869	0.00841	0.01396	0.01356	0.04648	0.07445	0.15245	0.02837	0.08103	0.34247	0.00716	0.04482	0.04600	0.07154	0.00662
24	0.01748	0.19911	0.23602	0.03681	0.02265	0.05689	0.01624	0.06544	0.06431	0.05023	0.06350	0.02444	0.03633	0.04174	0.00808	0.00237	0.00837	0.03583	0.00460	0.00956
25	0.01884	0.04645	0.19396	0.01799	0.03886	0.13979	0.04571	0.09369	0.01820	0.05054	0.03545	0.06677	0.01570	0.00960	0.00918	0.00231	0.09946	0.02341	0.04666	0.02744
26	0.11915	0.08022	0.07587	0.09074	0.02186	0.06841	0.01257	0.04700	0.08739	0.13702	0.04497	0.02358	0.07185	0.00872	0.00660	0.00211	0.00718	0.00679	0.00550	0.08246

[dist]
# distance from previous block
# <min> <max>
1	17

[block]
# block no. 7 follows, 28 sequences, length 21
# corresponding to MSA columns:
# 492-512
name=unknown_H
#
# <colnr> <probs for GDERKNQSTAVLIFYWHMCP>
#	G	D	E	R	K	N	Q	S	T	A	V	L	I	F	Y	W	H	M	C	P
0	0.03994	0.05692	0.03894	0.06786	0.10902	0.08836	0.06685	0.06813	0.04192	0.04810	0.01883	0.06663	0.03222	0.01409	0.09208	0.00323	0.00947	0.00739	0.04041	0.08958
1	0.01572	0.01648	0.12251	0.08536	0.07056	0.01415	0.04478	0.14280	0.03655	0.02676	0.10095	0.07680	0.02353	0.01715	0.11316	0.00377	0.00945	0.04126	0.02920	0.00907
2	0.01213	0.00841	0.01025	0.01051	0.01238	0.00813	0.00785	0.01618	0.09061	0.06977	0.10939	0.28441	0.16982	0.05851	0.01037	0.00296	0.00483	0.09937	0.00697	0.00715
3	0.01645	0.01425	0.02259	0.17639	0.13983	0.03356	0.10014	0.04448	0.01591	0.07360	0.01903	0.13477	0.01762	0.01363	0.05968	0.00317	0.09233	0.00911	0.00456	0.00890
4	0.00944	0.00697	0.00849	0.00929	0.01036	0.00644	0.00651	0.01101	0.01487	0.01934	0.10461	0.34953	0.20278	0.13564	0.01352	0.00346	0.00468	0.07070	0.00648	0.00588
5	0.01806	0.01950	0.02194	0.01902	0.01973	0.15531	0.01555	0.01971	0.01295	0.01755	0.00987	0.01537	0.00951	0.01172	0.02053	0.00293	0.59338	0.00604	0.00329	0.00804
6	0.01609	0.01490	0.02091	0.34865	0.06628	0.04486	0.04626	0.06578	0.01658	0.02259	0.01329	0.01752	0.01036	0.00668	0.00668	0.00193	0.00839	0.00579	0.00393	0.26254
7	0.01774	0.01698	0.02641	0.10952	0.50699	0.04740	0.02014	0.04956	0.01712	0.02366	0.03325	0.04655	0.01418	0.00775	0.00781	0.00224	0.03099	0.00712	0.00395	0.01061
8	0.00948	0.00697	0.00886	0.01018	0.01101	0.00664	0.00707	0.01165	0.04074	0.01915	0.04188	0.57004	0.10613	0.05477	0.01047	0.00310	0.00454	0.06451	0.00666	0.00613
9	0.02989	0.01327	0.01708	0.01324	0.01856	0.01231	0.01087	0.13897	0.02299	0.53824	0.08360	0.02606	0.02137	0.00945	0.00741	0.00224	0.00625	0.00768	0.00863	0.01190
10	0.01657	0.01287	0.01523	0.01095	0.01734	0.00977	0.00879	0.01976	0.01556	0.08163	0.01426	0.01590	0.01138	0.00569	0.00555	0.00118	0.00545	0.00456	0.00471	0.72285
11	0.01081	0.00823	0.01175	0.01153	0.01250	0.00965	0.00873	0.01287	0.01144	0.01642	0.01939	0.03109	0.01905	0.17588	0.54450	0.01025	0.06759	0.00819	0.00394	0.00622
12	0.01774	0.01796	0.03347	0.04047	0.50321	0.01760	0.21512	0.02260	0.01673	0.02361	0.01398	0.01847	0.01137	0.00637	0.00761	0.00225	0.00971	0.00710	0.00362	0.01101
13	0.01591	0.00849	0.01020	0.00930	0.01185	0.00791	0.00706	0.01930	0.04234	0.16964	0.18315	0.09400	0.11892	0.04713	0.00870	0.00242	0.00435	0.01071	0.22071	0.00790
14	0.12176	0.01377	0.01570	0.01317	0.01741	0.01460	0.01057	0.19278	0.09980	0.20186	0.04846	0.07891	0.02003	0.01591	0.09851	0.00353	0.00798	0.00811	0.00692	0.01022
15	0.01187	0.00791	0.00880	0.00852	0.01001	0.00750	0.00579	0.04143	0.01492	0.05171	0.06495	0.10896	0.22666	0.31102	0.01974	0.00426	0.00536	0.01228	0.07223	0.00606
16	0.02094	0.01406	0.01893	0.06832	0.12344	0.01498	0.01344	0.11163	0.08355	0.19892	0.09266	0.02803	0.07243	0.01029	0.00946	0.00239	0.09157	0.00821	0.00643	0.01030
17	0.04752	0.00979	0.01142	0.00993	0.01341	0.00898	0.00775	0.02151	0.06077	0.20681	0.08682	0.08506	0.16584	0.01194	0.00713	0.00215	0.00467	0.00994	0.15429	0.07428
18	0.01777	0.07022	0.08177	0.01546	0.06584	0.11419	0.01230	0.08764	0.01843	0.06733	0.05956	0.07617	0.10223	0.01414	0.06694	0.00289	0.00843	0.00836	0.04102	0.06931
19	0.10151	0.01859	0.10207	0.06653	0.08212	0.04666	0.06018	0.13689	0.06026	0.02740	0.02250	0.02422	0.09976	0.00928	0.00830	0.00230	0.06274	0.00734	0.02942	0.03194
20	0.04616	0.07280	0.08908	0.02238	0.12098	0.06926	0.11555	0.22662	0.05394	0.08806	0.01643	0.01785	0.01213	0.00760	0.00711	0.00219	0.00900	0.00648	0.00534	0.01103

[dist]
# distance from previous block
# <min> <max>
1	8

[block]
# block no. 8 follows, 28 sequences, length 21
# corresponding to MSA columns:
# 528-548
name=unknown_I
#
# <colnr> <probs for GDERKNQSTAVLIFYWHMCP>
#	G	D	E	R	K	N	Q	S	T	A	V	L	I	F	Y	W	H	M	C	P
0	0.01839	0.09704	0.17550	0.02426	0.17828	0.08883	0.10471	0.02297	0.01674	0.07495	0.01800	0.05534	0.04110	0.00806	0.00708	0.00215	0.00918	0.00711	0.00420	0.04610
1	0.01919	0.32800	0.14091	0.01895	0.10513	0.05302	0.04326	0.02449	0.07439	0.07380	0.01564	0.04570	0.01304	0.00763	0.00622	0.00199	0.00835	0.00601	0.00420	0.01009
2	0.00930	0.00696	0.00941	0.01164	0.04515	0.00649	0.00744	0.01076	0.01425	0.01890	0.04134	0.65159	0.09644	0.02162	0.00912	0.00287	0.00440	0.01954	0.00659	0.00620
3	0.01981	0.08584	0.03995	0.09123	0.10509	0.21816	0.01420	0.12493	0.01980	0.02339	0.02176	0.10873	0.07653	0.01026	0.00718	0.00218	0.00893	0.00823	0.00480	0.00902
4	0.01738	0.41137	0.12620	0.14472	0.02673	0.05154	0.04165	0.02117	0.01495	0.01845	0.01184	0.01500	0.01000	0.00956	0.04992	0.00250	0.00966	0.00502	0.00322	0.00910
5	0.00908	0.00642	0.00837	0.00983	0.01020	0.00605	0.00644	0.01018	0.01348	0.01797	0.03780	0.64851	0.04522	0.11795	0.01293	0.00349	0.00459	0.01933	0.00644	0.00571
6	0.02107	0.01133	0.01346	0.01132	0.01505	0.01109	0.00898	0.12497	0.06245	0.24566	0.12217	0.06743	0.07255	0.01105	0.00721	0.00219	0.00521	0.00917	0.16797	0.00965
7	0.01562	0.01236	0.01708	0.07886	0.05437	0.01290	0.06276	0.15470	0.01950	0.05010	0.05413	0.22500	0.13096	0.01435	0.00895	0.00256	0.03682	0.03439	0.00612	0.00846
8	0.01184	0.00997	0.01417	0.01344	0.01416	0.01247	0.01051	0.01380	0.01173	0.01709	0.01939	0.11777	0.02000	0.08285	0.37434	0.00772	0.22875	0.00921	0.00408	0.00671
9	0.00895	0.00670	0.00821	0.00925	0.01026	0.00607	0.00633	0.01045	0.01488	0.01930	0.08883	0.49272	0.21715	0.05248	0.01026	0.00296	0.00415	0.01837	0.00672	0.00596
10	0.01836	0.01984	0.07887	0.04717	0.04421	0.17172	0.03720	0.10368	0.06759	0.02482	0.04748	0.02803	0.08674	0.01186	0.03694	0.00263	0.04225	0.03435	0.08741	0.00885
11	0.01779	0.04691	0.06354	0.07557	0.08007	0.21739	0.04209	0.02064	0.01565	0.01884	0.01606	0.11150	0.01558	0.01475	0.07884	0.00331	0.14139	0.00785	0.00393	0.00829
12	0.01265	0.01197	0.04710	0.01752	0.07756	0.01042	0.14579	0.01615	0.01686	0.04054	0.15722	0.21231	0.12881	0.01464	0.00863	0.00257	0.00653	0.05892	0.00598	0.00783
13	0.00904	0.00657	0.00842	0.00964	0.01038	0.00607	0.00652	0.01052	0.01468	0.01948	0.10553	0.57156	0.11783	0.05448	0.01040	0.00302	0.00421	0.01892	0.00676	0.00595
14	0.01545	0.01549	0.05051	0.38958	0.12197	0.03991	0.06535	0.06758	0.01701	0.02226	0.04819	0.05376	0.04455	0.00869	0.00752	0.00237	0.00899	0.00782	0.00414	0.00884
15	0.01973	0.02230	0.21011	0.11100	0.13651	0.04851	0.01887	0.07038	0.11073	0.12754	0.01788	0.01939	0.01300	0.00796	0.00772	0.00231	0.03381	0.00646	0.00499	0.01079
16	0.02156	0.06969	0.14188	0.07355	0.14820	0.05866	0.04448	0.12327	0.01960	0.15312	0.01806	0.01954	0.03097	0.00803	0.00773	0.00223	0.03711	0.00650	0.00510	0.01073
17	0.46919	0.05195	0.07594	0.01233	0.01709	0.07978	0.01097	0.07170	0.01522	0.02934	0.01203	0.01418	0.00950	0.00919	0.03497	0.00257	0.03087	0.00469	0.03998	0.00849
18	0.00943	0.00752	0.00856	0.00867	0.01071	0.00646	0.00623	0.01124	0.01564	0.02006	0.09453	0.27586	0.36775	0.04306	0.00949	0.00264	0.00410	0.01575	0.00653	0.07578
19	0.01988	0.02181	0.15013	0.16572	0.08933	0.07739	0.01776	0.18746	0.03737	0.05115	0.01488	0.01736	0.01111	0.00761	0.00741	0.00216	0.02846	0.00600	0.00470	0.08229
20	0.01643	0.01167	0.01304	0.01183	0.01500	0.01238	0.00911	0.06618	0.27996	0.08731	0.13391	0.10970	0.09061	0.01244	0.00760	0.00236	0.00496	0.01057	0.09559	0.00932

[dist]
# distance from previous block
# <min> <max>
5	19

[block]
# block no. 9 follows, 28 sequences, length 17
# corresponding to MSA columns:
# 568-584
name=unknown_J
#
# <colnr> <probs for GDERKNQSTAVLIFYWHMCP>
#	G	D	E	R	K	N	Q	S	T	A	V	L	I	F	Y	W	H	M	C	P
0	0.01407	0.01379	0.10183	0.01666	0.10842	0.01140	0.01233	0.05975	0.01620	0.04844	0.06197	0.21214	0.09738	0.03411	0.01109	0.05419	0.05429	0.01140	0.05253	0.00800
1	0.01717	0.04560	0.13645	0.08308	0.15913	0.06226	0.07158	0.08146	0.04191	0.04234	0.04566	0.06754	0.05750	0.01072	0.02706	0.00257	0.00891	0.02467	0.00472	0.00967
2	0.09361	0.06575	0.10004	0.13887	0.08548	0.05977	0.06580	0.01908	0.01573	0.02232	0.10604	0.04762	0.06028	0.05289	0.00948	0.00258	0.03386	0.00802	0.00443	0.00835
3	0.01812	0.01360	0.01450	0.01292	0.01620	0.09000	0.01011	0.07258	0.05794	0.13380	0.04965	0.12860	0.06999	0.01885	0.11447	0.00372	0.03263	0.04772	0.00610	0.08848
4	0.01759	0.38791	0.21538	0.01706	0.06699	0.07128	0.01661	0.02159	0.01538	0.01934	0.01398	0.08016	0.01301	0.00804	0.00600	0.00195	0.00869	0.00606	0.00351	0.00948
5	0.01724	0.01695	0.09617	0.01690	0.04306	0.03375	0.09041	0.12865	0.08875	0.05049	0.06887	0.05359	0.08622	0.01092	0.00868	0.00240	0.05371	0.04699	0.07688	0.00936
6	0.01047	0.00705	0.00866	0.00961	0.01063	0.00677	0.00699	0.01236	0.01441	0.01996	0.03749	0.30486	0.10208	0.14141	0.01337	0.00347	0.00502	0.14688	0.13252	0.00598
7	0.40238	0.01310	0.01591	0.06209	0.06244	0.01417	0.07481	0.02028	0.01409	0.07593	0.01757	0.13315	0.01621	0.01143	0.03551	0.00278	0.00712	0.00784	0.00494	0.00826
8	0.01031	0.00828	0.00931	0.00889	0.01122	0.00772	0.00672	0.01482	0.09037	0.02470	0.32364	0.05892	0.36641	0.01603	0.00846	0.00239	0.00380	0.01367	0.00733	0.00701
9	0.01647	0.01313	0.01531	0.01128	0.01747	0.01053	0.00901	0.02127	0.07716	0.06794	0.01546	0.01680	0.01228	0.00603	0.00569	0.00128	0.00547	0.00486	0.00489	0.66767
10	0.01033	0.00755	0.01070	0.01080	0.01178	0.00847	0.00797	0.01231	0.01158	0.01639	0.02142	0.07500	0.02168	0.19698	0.53156	0.01019	0.01596	0.00914	0.00417	0.00602
11	0.01606	0.03539	0.01399	0.01207	0.01531	0.08670	0.00934	0.02467	0.24142	0.06904	0.22808	0.04050	0.15309	0.01241	0.00777	0.00231	0.00558	0.01035	0.00704	0.00887
12	0.01235	0.00780	0.00966	0.00932	0.01147	0.00693	0.00693	0.01475	0.01795	0.11093	0.28132	0.20694	0.24232	0.01690	0.00857	0.00248	0.00403	0.01471	0.00748	0.00714
13	0.01253	0.00997	0.01162	0.01103	0.01321	0.01036	0.00833	0.07695	0.11034	0.02520	0.18445	0.22076	0.20061	0.01632	0.00938	0.00256	0.04789	0.01387	0.00694	0.00766
14	0.00959	0.00704	0.00902	0.00945	0.01076	0.00646	0.00683	0.01200	0.01743	0.02371	0.34790	0.31737	0.13571	0.01848	0.00890	0.00260	0.00388	0.03914	0.00733	0.00640
15	0.05942	0.35337	0.05252	0.04114	0.04262	0.18316	0.01375	0.04808	0.08250	0.02084	0.01284	0.01446	0.01072	0.00725	0.00629	0.00190	0.03094	0.00489	0.00391	0.00940
16	0.07614	0.16888	0.20181	0.06715	0.08860	0.06638	0.04088	0.11436	0.04089	0.04958	0.01396	0.01590	0.01064	0.00718	0.00645	0.00211	0.00901	0.00554	0.00425	0.01027

[dist]
# distance from previous block
# <min> <max>
0	1

[block]
# block no. 10 follows, 28 sequences, length 34
# corresponding to MSA columns:
# 586-607,610-621
name=unknown_K
#
# <colnr> <probs for GDERKNQSTAVLIFYWHMCP>
#	G	D	E	R	K	N	Q	S	T	A	V	L	I	F	Y	W	H	M	C	P
0	0.04006	0.08542	0.18230	0.04205	0.06312	0.08721	0.06556	0.05322	0.21104	0.04313	0.04270	0.02045	0.01573	0.00810	0.00699	0.00224	0.00861	0.00668	0.00501	0.01039
1	0.02431	0.01833	0.01966	0.01588	0.02106	0.02048	0.01286	0.41847	0.27278	0.06394	0.02231	0.02126	0.01617	0.00915	0.00732	0.00229	0.00711	0.00719	0.00738	0.01205
2	0.00886	0.00633	0.00843	0.01012	0.01054	0.00590	0.00675	0.01012	0.01392	0.01856	0.04006	0.73979	0.04808	0.02277	0.00928	0.00295	0.00422	0.02066	0.00675	0.00590
3	0.01730	0.06644	0.11525	0.11214	0.32468	0.04679	0.11472	0.03805	0.01694	0.02312	0.04532	0.01913	0.01341	0.00704	0.00725	0.00221	0.00942	0.00671	0.00377	0.01031
4	0.02382	0.09306	0.06526	0.01754	0.02202	0.40995	0.01440	0.08764	0.11991	0.02248	0.01448	0.01574	0.01155	0.00806	0.00743	0.00205	0.04524	0.00543	0.00449	0.00945
5	0.79588	0.01406	0.01068	0.00956	0.01406	0.01631	0.00787	0.02137	0.01237	0.03261	0.01012	0.01181	0.00787	0.00675	0.00450	0.00225	0.00562	0.00394	0.00450	0.00787
6	0.00893	0.00705	0.00779	0.00824	0.00984	0.00619	0.00578	0.01046	0.01531	0.01903	0.07828	0.25071	0.42580	0.09876	0.01188	0.00309	0.00419	0.01621	0.00653	0.00591
7	0.01044	0.00729	0.00896	0.00907	0.01048	0.00669	0.00644	0.01248	0.01654	0.04461	0.27191	0.21573	0.18026	0.13278	0.01324	0.00326	0.00442	0.03224	0.00689	0.00628
8	0.10337	0.01577	0.02518	0.10937	0.19876	0.01821	0.11583	0.01984	0.01397	0.02168	0.01250	0.01816	0.01081	0.02919	0.03481	0.00298	0.23036	0.00662	0.00357	0.00901
9	0.00933	0.00674	0.00883	0.00969	0.01062	0.00624	0.00674	0.01136	0.01628	0.02220	0.26453	0.48173	0.07882	0.01992	0.00901	0.00271	0.00393	0.01791	0.00717	0.00624
10	0.01310	0.01308	0.06415	0.36570	0.03260	0.01346	0.01539	0.01911	0.09600	0.02114	0.08911	0.09029	0.05379	0.01303	0.04159	0.02848	0.00824	0.00901	0.00471	0.00803
11	0.02593	0.04647	0.02053	0.01637	0.02112	0.25900	0.01306	0.37336	0.02720	0.03361	0.01566	0.01666	0.01181	0.00820	0.00675	0.00201	0.00933	0.00584	0.07667	0.01041
12	0.01563	0.01471	0.02491	0.49718	0.04333	0.01665	0.12928	0.07749	0.01676	0.02213	0.01362	0.01895	0.01023	0.00707	0.00736	0.00231	0.00968	0.00668	0.00374	0.06227
13	0.02038	0.28851	0.05835	0.08606	0.02289	0.06594	0.01375	0.21891	0.02094	0.02646	0.01632	0.09933	0.01480	0.00913	0.00648	0.00205	0.00810	0.00703	0.00485	0.00973
14	0.01780	0.01523	0.01602	0.01436	0.01842	0.01743	0.01118	0.06124	0.61502	0.03026	0.03214	0.02968	0.06801	0.01040	0.00747	0.00245	0.00570	0.00864	0.00735	0.01117
15	0.01781	0.01406	0.01656	0.03480	0.03501	0.01560	0.02787	0.05669	0.43796	0.07458	0.02970	0.10244	0.02500	0.01172	0.00783	0.00256	0.00613	0.06613	0.00708	0.01047
16	0.00931	0.00646	0.00818	0.00955	0.01027	0.00601	0.00648	0.01083	0.01427	0.01951	0.04124	0.61192	0.09957	0.02097	0.00880	0.00278	0.00409	0.01882	0.08493	0.00601
17	0.13718	0.05298	0.05228	0.05641	0.19867	0.03398	0.04655	0.17085	0.02016	0.11575	0.01554	0.01736	0.01157	0.00760	0.00729	0.00222	0.03162	0.00610	0.00518	0.01071
18	0.01470	0.03674	0.67511	0.02119	0.03177	0.01695	0.05776	0.02303	0.01543	0.02303	0.01312	0.01555	0.00930	0.00687	0.00699	0.00231	0.01082	0.00552	0.00310	0.01070
19	0.01955	0.01576	0.02437	0.02022	0.07029	0.01561	0.20000	0.07956	0.18634	0.12631	0.02643	0.02670	0.08381	0.00890	0.00768	0.00229	0.00781	0.00838	0.00602	0.06397
20	0.00962	0.00736	0.00881	0.00854	0.01047	0.00656	0.00637	0.01239	0.01886	0.02529	0.44433	0.08670	0.29542	0.01646	0.00861	0.00237	0.00355	0.01424	0.00750	0.00656
21	0.01599	0.01616	0.02368	0.01988	0.02038	0.02200	0.06093	0.01789	0.01155	0.01789	0.00990	0.01616	0.00964	0.01227	0.02281	0.00313	0.68195	0.00651	0.00321	0.00808
22	0.00902	0.00722	0.00797	0.00810	0.01004	0.00627	0.00590	0.01101	0.01673	0.02107	0.18379	0.15869	0.46444	0.04496	0.00972	0.00266	0.00383	0.01549	0.00690	0.00618
23	0.04205	0.01684	0.01819	0.01514	0.01990	0.01885	0.01214	0.28435	0.33873	0.08154	0.02384	0.02288	0.01753	0.01137	0.04042	0.00277	0.00729	0.00738	0.00722	0.01157
24	0.01962	0.51683	0.09681	0.01680	0.08332	0.05871	0.01481	0.05860	0.03862	0.02031	0.01181	0.01349	0.01011	0.00663	0.00543	0.00176	0.00833	0.00459	0.00355	0.00986
25	0.00939	0.00683	0.00868	0.00974	0.01065	0.00636	0.00683	0.01105	0.01498	0.01980	0.11773	0.45303	0.13437	0.08498	0.01163	0.00321	0.00452	0.07357	0.00668	0.00598
26	0.01811	0.04710	0.01856	0.01733	0.11937	0.01286	0.03196	0.04579	0.06185	0.14420	0.18917	0.05200	0.02859	0.00992	0.00796	0.00209	0.03625	0.00845	0.00621	0.14222
27	0.01940	0.08981	0.10528	0.02573	0.22326	0.07815	0.07860	0.08180	0.06612	0.05113	0.01574	0.03621	0.01275	0.00763	0.00743	0.00213	0.02885	0.00654	0.00443	0.05901
28	0.01130	0.00914	0.01364	0.05183	0.01582	0.01122	0.01060	0.01388	0.01177	0.01705	0.01780	0.02638	0.01656	0.04639	0.58524	0.01005	0.11328	0.00753	0.00376	0.00677
29	0.04845	0.00794	0.00951	0.00971	0.01167	0.00736	0.00729	0.01406	0.01626	0.08180	0.13121	0.24912	0.23066	0.05269	0.01001	0.00287	0.00463	0.09109	0.00689	0.00678
30	0.06916	0.01657	0.11393	0.01592	0.04576	0.03858	0.06531	0.04382	0.12613	0.08402	0.02708	0.11086	0.08324	0.04375	0.07982	0.00352	0.00851	0.00940	0.00554	0.00907
31	0.04703	0.08854	0.02113	0.03938	0.13949	0.06770	0.06378	0.06551	0.06347	0.04841	0.05647	0.16011	0.05511	0.01167	0.00758	0.00236	0.00735	0.04049	0.00540	0.00903
32	0.01029	0.00836	0.01100	0.13767	0.01763	0.00866	0.00905	0.01256	0.01492	0.01947	0.04445	0.29136	0.26572	0.01700	0.00909	0.00261	0.03973	0.01461	0.05929	0.00653
33	0.01249	0.00778	0.00847	0.00842	0.00970	0.00787	0.00585	0.03531	0.04488	0.02199	0.02776	0.08519	0.05850	0.27468	0.01739	0.00386	0.00518	0.03975	0.31872	0.00622

[dist]
# distance from previous block
# <min> <max>
0	7

# created by:
# /home/cegg/simao/soft/augustus-3.2.1/scripts/msa2prfl.pl ./align_prep/EOG090W07BQ.fa
