[name]
unknown

[dist]
# distance from previous block
# <min> <max>
0	12

[block]
# block no. 0 follows, 30 sequences, length 115
# corresponding to MSA columns:
# 152,153,156-174,185-202,227-255,271-317
name=unknown_A
#
# <colnr> <probs for GDERKNQSTAVLIFYWHMCP>
#	G	D	E	R	K	N	Q	S	T	A	V	L	I	F	Y	W	H	M	C	P
0	0.03774	0.10696	0.20278	0.05956	0.06211	0.01770	0.01609	0.19018	0.07740	0.04513	0.01801	0.02110	0.03017	0.00821	0.00659	0.00213	0.00781	0.03616	0.04421	0.00999
1	0.10091	0.15668	0.07860	0.03876	0.07670	0.03965	0.04676	0.07284	0.12722	0.08281	0.01638	0.01893	0.01305	0.05505	0.00887	0.00240	0.04413	0.00605	0.00473	0.00949
2	0.04373	0.09817	0.11556	0.10493	0.13332	0.05902	0.01534	0.09010	0.03785	0.05480	0.04141	0.01922	0.03215	0.00870	0.00820	0.05258	0.02607	0.00607	0.00429	0.04847
3	0.01744	0.11967	0.11914	0.07224	0.18594	0.07268	0.01646	0.09637	0.03755	0.02272	0.01421	0.04135	0.01207	0.01059	0.05538	0.00266	0.04764	0.00610	0.00395	0.04583
4	0.01301	0.01001	0.01327	0.01431	0.10377	0.00964	0.00939	0.03994	0.08229	0.04893	0.33854	0.13130	0.06304	0.01267	0.00769	0.00218	0.00466	0.01119	0.00658	0.07760
5	0.00996	0.00730	0.00782	0.00764	0.00985	0.00626	0.00561	0.01163	0.01561	0.06290	0.08119	0.09408	0.54848	0.08753	0.01080	0.00278	0.00401	0.01398	0.00644	0.00612
6	0.01401	0.01453	0.06592	0.37936	0.21164	0.01523	0.01863	0.01833	0.01439	0.01971	0.04754	0.02014	0.01314	0.01081	0.06148	0.00295	0.05359	0.00655	0.00346	0.00859
7	0.00976	0.00706	0.00906	0.00867	0.01019	0.00652	0.00637	0.01267	0.01867	0.02618	0.60396	0.08441	0.09196	0.06185	0.01000	0.00252	0.00356	0.01289	0.00735	0.00636
8	0.71731	0.01304	0.01069	0.04256	0.01488	0.01507	0.00804	0.01992	0.01247	0.03048	0.05420	0.01426	0.01134	0.00700	0.00469	0.00217	0.00544	0.00445	0.00448	0.00750
9	0.02455	0.01807	0.01954	0.01536	0.02038	0.01989	0.01252	0.61375	0.03068	0.04112	0.01913	0.09700	0.01562	0.00985	0.00719	0.00218	0.00728	0.00777	0.00693	0.01119
10	0.01406	0.01290	0.02060	0.65888	0.04495	0.01590	0.01857	0.04977	0.05834	0.01975	0.01362	0.01899	0.01018	0.00720	0.00698	0.00232	0.00899	0.00631	0.00353	0.00815
11	0.01752	0.01875	0.06012	0.07904	0.52744	0.09660	0.01993	0.02159	0.01633	0.02205	0.04462	0.01829	0.01312	0.00676	0.00689	0.00207	0.00871	0.00626	0.00362	0.01028
12	0.02473	0.01818	0.01965	0.01530	0.02033	0.02010	0.01248	0.61390	0.03038	0.04077	0.01718	0.01908	0.01298	0.05784	0.04181	0.00281	0.00813	0.00658	0.00666	0.01112
13	0.01482	0.03124	0.53005	0.02158	0.06349	0.04844	0.09922	0.02187	0.01530	0.02186	0.01421	0.01929	0.01115	0.00735	0.00700	0.00226	0.01023	0.04743	0.00329	0.00990
14	0.00850	0.00607	0.00810	0.00972	0.01012	0.00567	0.00648	0.00972	0.01336	0.01781	0.03846	0.75020	0.04615	0.02186	0.00891	0.00283	0.00405	0.01984	0.00648	0.00567
15	0.03131	0.01188	0.01619	0.01242	0.01781	0.01026	0.01026	0.03401	0.01997	0.71606	0.02753	0.02375	0.01727	0.00864	0.00702	0.00216	0.00594	0.00702	0.00864	0.01188
16	0.00859	0.00614	0.00818	0.00966	0.01014	0.00573	0.00648	0.00994	0.01377	0.01846	0.08100	0.70582	0.04741	0.02138	0.00886	0.00279	0.00400	0.01938	0.00655	0.00573
17	0.01035	0.00877	0.01012	0.01112	0.07448	0.00802	0.00743	0.04410	0.03799	0.02148	0.11497	0.05770	0.53690	0.01565	0.00803	0.00230	0.00421	0.01317	0.00635	0.00686
18	0.01647	0.01882	0.04118	0.02941	0.03647	0.01765	0.68588	0.02235	0.01647	0.02235	0.01412	0.01882	0.01059	0.00588	0.00824	0.00235	0.01176	0.00824	0.00353	0.00941
19	0.01736	0.01499	0.01578	0.01420	0.01815	0.01736	0.01105	0.03708	0.69862	0.02919	0.02840	0.02604	0.02130	0.00947	0.00710	0.00237	0.00552	0.00789	0.00710	0.01105
20	0.01958	0.02218	0.02481	0.16318	0.21875	0.28136	0.09132	0.02301	0.01677	0.01937	0.01203	0.01585	0.00980	0.00699	0.00764	0.00210	0.04706	0.00579	0.00343	0.00897
21	0.01287	0.01164	0.01567	0.01405	0.01474	0.01499	0.01119	0.01531	0.04518	0.01701	0.01967	0.02748	0.07895	0.12506	0.17266	0.00521	0.37971	0.00786	0.00388	0.00686
22	0.00980	0.00713	0.00922	0.00870	0.01038	0.00655	0.00652	0.01302	0.01957	0.02755	0.67753	0.05283	0.09613	0.01443	0.00823	0.00220	0.00330	0.01272	0.00763	0.00655
23	0.00838	0.00707	0.00725	0.00721	0.00951	0.00595	0.00540	0.01027	0.01621	0.01959	0.12187	0.06595	0.65676	0.01740	0.00825	0.00234	0.00352	0.01456	0.00658	0.00595
24	0.08182	0.25172	0.08101	0.01741	0.06484	0.05419	0.08482	0.17961	0.01952	0.08261	0.01377	0.01506	0.01051	0.00691	0.00606	0.00194	0.00820	0.00538	0.00460	0.01001
25	0.01371	0.01124	0.04619	0.15207	0.02067	0.01103	0.04239	0.10705	0.01669	0.02401	0.02390	0.24600	0.02337	0.01200	0.00705	0.00226	0.00600	0.01055	0.21628	0.00753
26	0.00871	0.00627	0.00831	0.00987	0.01044	0.00586	0.00681	0.01011	0.01367	0.01810	0.03956	0.67103	0.07063	0.02150	0.00894	0.00285	0.00422	0.07092	0.00647	0.00574
27	0.01672	0.01916	0.10051	0.03672	0.45065	0.01685	0.21189	0.02175	0.01594	0.02260	0.01335	0.01746	0.01070	0.00616	0.00726	0.00217	0.00948	0.00669	0.00343	0.01051
28	0.01652	0.09292	0.23857	0.05506	0.36031	0.04112	0.05466	0.02171	0.01547	0.02160	0.01257	0.01590	0.01003	0.00636	0.00664	0.00207	0.00918	0.00570	0.00325	0.01034
29	0.01234	0.01109	0.01215	0.03857	0.01459	0.08426	0.04168	0.05629	0.01645	0.02069	0.08950	0.27371	0.20257	0.04130	0.02893	0.00280	0.00606	0.01340	0.02694	0.00670
30	0.01394	0.01351	0.01511	0.01393	0.01502	0.11793	0.01088	0.01577	0.01220	0.01621	0.01505	0.02361	0.01460	0.11056	0.33566	0.00691	0.23192	0.00692	0.00357	0.00670
31	0.01447	0.01240	0.01447	0.01034	0.01654	0.00930	0.00827	0.01757	0.01447	0.02274	0.01240	0.01447	0.01034	0.00517	0.00517	0.00103	0.00517	0.00413	0.00413	0.79742
32	0.03961	0.25340	0.14396	0.02389	0.24586	0.07026	0.01724	0.02329	0.08051	0.02112	0.01315	0.01528	0.01076	0.00660	0.00600	0.00192	0.00833	0.00523	0.00360	0.00996
33	0.01518	0.01422	0.02442	0.03305	0.47211	0.01422	0.06900	0.01903	0.01558	0.02217	0.07932	0.05645	0.01855	0.01356	0.09916	0.00331	0.00922	0.00777	0.00403	0.00964
34	0.01665	0.04460	0.24188	0.02729	0.26878	0.10124	0.07036	0.02219	0.03885	0.02183	0.03564	0.05098	0.01366	0.00751	0.00692	0.00214	0.00923	0.00664	0.00370	0.00990
35	0.01013	0.00684	0.00798	0.00798	0.00811	0.00697	0.00469	0.01039	0.01026	0.01381	0.02165	0.04378	0.02455	0.68237	0.10679	0.00722	0.00799	0.00987	0.00418	0.00443
36	0.01563	0.10253	0.49566	0.02087	0.09537	0.05252	0.02227	0.02334	0.06724	0.02191	0.01344	0.01540	0.01003	0.00677	0.00647	0.00212	0.00958	0.00530	0.00335	0.01020
37	0.00834	0.00702	0.00723	0.00729	0.00951	0.00591	0.00542	0.01016	0.01597	0.01925	0.10053	0.10048	0.64364	0.01771	0.00828	0.00237	0.00355	0.01488	0.00654	0.00591
38	0.01110	0.00927	0.01248	0.05706	0.01446	0.01036	0.00918	0.01391	0.01692	0.02380	0.43454	0.04353	0.12376	0.01374	0.01142	0.00241	0.16801	0.01101	0.00622	0.00681
39	0.01851	0.01557	0.01643	0.01444	0.01859	0.01790	0.01133	0.11922	0.61459	0.03106	0.02693	0.02486	0.02011	0.00933	0.00709	0.00233	0.00579	0.00769	0.00709	0.01115
40	0.01124	0.00803	0.01124	0.01285	0.01446	0.00803	0.01124	0.01446	0.01606	0.02088	0.03695	0.07871	0.04016	0.01928	0.00964	0.00321	0.00643	0.66426	0.00643	0.00643
41	0.02054	0.01670	0.01685	0.01422	0.01840	0.06296	0.01127	0.29785	0.27591	0.03342	0.04267	0.05732	0.03689	0.00973	0.00702	0.00219	0.00654	0.00781	0.05128	0.01042
42	0.01736	0.01499	0.01578	0.01420	0.01815	0.01736	0.01105	0.03708	0.69862	0.02919	0.02840	0.02604	0.02130	0.00947	0.00710	0.00237	0.00552	0.00789	0.00710	0.01105
43	0.01248	0.01042	0.01390	0.01701	0.15298	0.01064	0.01045	0.01839	0.15820	0.02178	0.07177	0.23291	0.11006	0.07158	0.01011	0.00282	0.00547	0.05523	0.00589	0.00790
44	0.80405	0.01350	0.01026	0.00918	0.01350	0.01565	0.00756	0.02051	0.01188	0.03131	0.00972	0.01134	0.00756	0.00648	0.00432	0.00216	0.00540	0.00378	0.00432	0.00756
45	0.01866	0.75896	0.03657	0.01194	0.01791	0.02761	0.01194	0.02090	0.01418	0.01642	0.00970	0.01119	0.00896	0.00597	0.00448	0.00149	0.00746	0.00373	0.00299	0.00896
46	0.01554	0.01556	0.02673	0.36013	0.27407	0.03914	0.12796	0.02012	0.01522	0.02025	0.01288	0.01799	0.01010	0.00654	0.00714	0.00223	0.00946	0.00648	0.00331	0.00917
47	0.00890	0.00709	0.00797	0.00775	0.00983	0.00617	0.00581	0.01128	0.01744	0.02250	0.32530	0.06115	0.45151	0.01631	0.00824	0.00229	0.00344	0.01388	0.00696	0.00617
48	0.00849	0.00612	0.00805	0.00959	0.01009	0.00568	0.00642	0.00973	0.01349	0.01786	0.04005	0.71648	0.07885	0.02166	0.00887	0.00281	0.00402	0.01959	0.00648	0.00568
49	0.04871	0.51743	0.03066	0.01363	0.01884	0.23440	0.01224	0.02295	0.01576	0.01714	0.01002	0.01161	0.00892	0.00635	0.00501	0.00161	0.00891	0.00396	0.00321	0.00865
50	0.01311	0.01214	0.01887	0.02552	0.35438	0.01160	0.03642	0.01633	0.01630	0.02180	0.10317	0.03959	0.27978	0.01132	0.00759	0.00220	0.00612	0.01013	0.00502	0.00861
51	0.02210	0.01612	0.01801	0.01350	0.01932	0.01587	0.01105	0.37144	0.02454	0.08705	0.01585	0.01638	0.01167	0.00712	0.00626	0.00168	0.00655	0.00549	0.00598	0.32403
52	0.00850	0.00607	0.00810	0.00972	0.01012	0.00567	0.00648	0.00972	0.01336	0.01781	0.03846	0.75020	0.04615	0.02186	0.00891	0.00283	0.00405	0.01984	0.00648	0.00567
53	0.01447	0.01240	0.01447	0.01034	0.01654	0.00930	0.00827	0.01757	0.01447	0.02274	0.01240	0.01447	0.01034	0.00517	0.00517	0.00103	0.00517	0.00413	0.00413	0.79742
54	0.01727	0.01658	0.02832	0.04283	0.71123	0.01658	0.02142	0.02142	0.01589	0.02280	0.01313	0.01727	0.01105	0.00622	0.00691	0.00207	0.00829	0.00622	0.00345	0.01105
55	0.00825	0.00707	0.00707	0.00707	0.00943	0.00589	0.00530	0.01001	0.01591	0.01885	0.07069	0.06716	0.70839	0.01767	0.00825	0.00236	0.00353	0.01473	0.00648	0.00589
56	0.80405	0.01350	0.01026	0.00918	0.01350	0.01565	0.00756	0.02051	0.01188	0.03131	0.00972	0.01134	0.00756	0.00648	0.00432	0.00216	0.00540	0.00378	0.00432	0.00756
57	0.01411	0.03530	0.68740	0.02033	0.03049	0.01627	0.05618	0.02211	0.01481	0.02211	0.01260	0.01492	0.00892	0.00660	0.00670	0.00222	0.01038	0.00530	0.00297	0.01027
58	0.01727	0.01658	0.02832	0.04283	0.71123	0.01658	0.02142	0.02142	0.01589	0.02280	0.01313	0.01727	0.01105	0.00622	0.00691	0.00207	0.00829	0.00622	0.00345	0.01105
59	0.02696	0.01885	0.02051	0.01573	0.02129	0.02061	0.01299	0.62884	0.03165	0.10473	0.01773	0.01739	0.01236	0.00840	0.00698	0.00210	0.00752	0.00635	0.00713	0.01187
60	0.00850	0.00607	0.00810	0.00972	0.01012	0.00567	0.00648	0.00972	0.01336	0.01781	0.03846	0.75020	0.04615	0.02186	0.00891	0.00283	0.00405	0.01984	0.00648	0.00567
61	0.01015	0.00677	0.00761	0.00761	0.00761	0.00677	0.00423	0.01015	0.01015	0.01353	0.02199	0.04567	0.02537	0.75476	0.03552	0.00677	0.00677	0.01015	0.00423	0.00423
62	0.01736	0.01499	0.01578	0.01420	0.01815	0.01736	0.01105	0.03708	0.69862	0.02919	0.02840	0.02604	0.02130	0.00947	0.00710	0.00237	0.00552	0.00789	0.00710	0.01105
63	0.01640	0.01849	0.12571	0.17280	0.44558	0.01616	0.04024	0.02122	0.01549	0.04231	0.01336	0.01740	0.01057	0.00649	0.00692	0.00215	0.00880	0.00614	0.00347	0.01029
64	0.01584	0.32254	0.44833	0.01674	0.02533	0.02073	0.02030	0.02162	0.01451	0.01985	0.01140	0.01333	0.00889	0.00637	0.00578	0.00193	0.00918	0.00459	0.00296	0.00977
65	0.00850	0.00607	0.00810	0.00972	0.01012	0.00567	0.00648	0.00972	0.01336	0.01781	0.03846	0.75020	0.04615	0.02186	0.00891	0.00283	0.00405	0.01984	0.00648	0.00567
66	0.01400	0.03610	0.71860	0.01989	0.03020	0.01621	0.02578	0.02210	0.01473	0.02210	0.01252	0.01473	0.00884	0.00663	0.00663	0.00221	0.01031	0.00516	0.00295	0.01031
67	0.01681	0.28603	0.04292	0.01215	0.01641	0.04430	0.01057	0.02313	0.17546	0.07245	0.02604	0.13953	0.08586	0.01073	0.00649	0.00208	0.00625	0.00866	0.00529	0.00885
68	0.03117	0.01209	0.01633	0.01252	0.01792	0.01058	0.01034	0.05240	0.02033	0.69716	0.02723	0.02355	0.01712	0.00863	0.00702	0.00216	0.00599	0.00700	0.00859	0.01188
69	0.00850	0.00607	0.00810	0.00972	0.01012	0.00567	0.00648	0.00972	0.01336	0.01781	0.03846	0.75020	0.04615	0.02186	0.00891	0.00283	0.00405	0.01984	0.00648	0.00567
70	0.01521	0.04677	0.29781	0.20714	0.03095	0.01513	0.05207	0.06019	0.01626	0.06184	0.05692	0.05474	0.01588	0.00847	0.00707	0.00228	0.00878	0.02920	0.00415	0.00916
71	0.02358	0.04477	0.01966	0.01761	0.05281	0.40800	0.01308	0.10516	0.11675	0.05710	0.01677	0.01757	0.03412	0.00816	0.00716	0.00200	0.03592	0.00576	0.00479	0.00921
72	0.55399	0.05184	0.01479	0.01380	0.07371	0.15151	0.01005	0.02200	0.01382	0.02720	0.01021	0.01206	0.00819	0.00657	0.00492	0.00205	0.00710	0.00412	0.00405	0.00802
73	0.21022	0.01898	0.18317	0.14144	0.02427	0.03924	0.01466	0.04017	0.12269	0.02567	0.03850	0.01855	0.01333	0.00755	0.00610	0.00218	0.00734	0.00580	0.07132	0.00881
74	0.00977	0.00713	0.00918	0.00867	0.01036	0.00654	0.00650	0.01297	0.01951	0.02740	0.66706	0.05308	0.10669	0.01448	0.00823	0.00221	0.00331	0.01275	0.00761	0.00654
75	0.01855	0.72204	0.03680	0.01281	0.01884	0.02711	0.04555	0.02097	0.01429	0.01671	0.00992	0.01157	0.00904	0.00597	0.00467	0.00154	0.00768	0.00396	0.00301	0.00898
76	0.00989	0.00666	0.00769	0.00795	0.00801	0.00659	0.00459	0.01008	0.01066	0.01421	0.02461	0.15769	0.02867	0.63823	0.03129	0.00614	0.00633	0.01169	0.00459	0.00446
77	0.00958	0.00698	0.00901	0.00880	0.01032	0.00641	0.00649	0.01249	0.01862	0.02599	0.57415	0.15001	0.10396	0.01554	0.00833	0.00229	0.00341	0.01376	0.00744	0.00641
78	0.00988	0.00713	0.00933	0.00878	0.01043	0.00658	0.00658	0.01317	0.01975	0.02798	0.70754	0.05213	0.06584	0.01427	0.00823	0.00219	0.00329	0.01262	0.00768	0.00658
79	0.01527	0.01527	0.02137	0.01832	0.01832	0.02137	0.01527	0.01679	0.01069	0.01679	0.00916	0.01527	0.00916	0.01221	0.02290	0.00305	0.74198	0.00611	0.00305	0.00763
80	0.02653	0.01955	0.02094	0.01606	0.02164	0.02164	0.01326	0.68796	0.03281	0.04398	0.01675	0.01675	0.01187	0.00838	0.00698	0.00209	0.00768	0.00628	0.00698	0.01187
81	0.00850	0.00607	0.00810	0.00972	0.01012	0.00567	0.00648	0.00972	0.01336	0.01781	0.03846	0.75020	0.04615	0.02186	0.00891	0.00283	0.00405	0.01984	0.00648	0.00567
82	0.01727	0.01658	0.02832	0.04283	0.71123	0.01658	0.02142	0.02142	0.01589	0.02280	0.01313	0.01727	0.01105	0.00622	0.00691	0.00207	0.00829	0.00622	0.00345	0.01105
83	0.01866	0.75896	0.03657	0.01194	0.01791	0.02761	0.01194	0.02090	0.01418	0.01642	0.00970	0.01119	0.00896	0.00597	0.00448	0.00149	0.00746	0.00373	0.00299	0.00896
84	0.00864	0.00617	0.00825	0.00987	0.01034	0.00578	0.00671	0.00995	0.01349	0.01797	0.03839	0.71705	0.04586	0.02173	0.00894	0.00285	0.00417	0.05166	0.00648	0.00571
85	0.01447	0.01240	0.01447	0.01034	0.01654	0.00930	0.00827	0.01757	0.01447	0.02274	0.01240	0.01447	0.01034	0.00517	0.00517	0.00103	0.00517	0.00413	0.00413	0.79742
86	0.01736	0.01499	0.01578	0.01420	0.01815	0.01736	0.01105	0.03708	0.69862	0.02919	0.02840	0.02604	0.02130	0.00947	0.00710	0.00237	0.00552	0.00789	0.00710	0.01105
87	0.01950	0.01418	0.01655	0.01402	0.01817	0.01533	0.03467	0.15214	0.33926	0.12014	0.09917	0.03023	0.04261	0.01024	0.00738	0.00231	0.00595	0.04058	0.00716	0.01041
88	0.00850	0.00607	0.00810	0.00972	0.01012	0.00567	0.00648	0.00972	0.01336	0.01781	0.03846	0.75020	0.04615	0.02186	0.00891	0.00283	0.00405	0.01984	0.00648	0.00567
89	0.01442	0.01240	0.01471	0.03776	0.01773	0.00954	0.00869	0.01758	0.01445	0.02255	0.01240	0.01463	0.01030	0.00524	0.00524	0.00108	0.00532	0.00421	0.00410	0.76766
90	0.01738	0.22476	0.16126	0.01550	0.04356	0.06341	0.03202	0.05408	0.12737	0.04014	0.01753	0.04103	0.03164	0.03423	0.00720	0.00210	0.00774	0.00619	0.00438	0.06848
91	0.71834	0.01575	0.03382	0.01020	0.01466	0.07075	0.00860	0.02113	0.01258	0.02991	0.00989	0.01154	0.00771	0.00654	0.00455	0.00213	0.00611	0.00388	0.00422	0.00769
92	0.01031	0.00737	0.01017	0.01178	0.01298	0.00723	0.00962	0.01284	0.01514	0.01984	0.03746	0.30728	0.04220	0.02016	0.00939	0.00308	0.00562	0.44491	0.00644	0.00617
93	0.02536	0.01128	0.01464	0.01179	0.01632	0.01029	0.00953	0.03001	0.09694	0.50049	0.12234	0.03061	0.06824	0.01007	0.00727	0.00220	0.00538	0.00836	0.00820	0.01069
94	0.00835	0.00686	0.00735	0.00767	0.00960	0.00586	0.00558	0.01004	0.01548	0.01888	0.08130	0.20998	0.55201	0.01846	0.00839	0.00245	0.00364	0.01574	0.00651	0.00586
95	0.80405	0.01350	0.01026	0.00918	0.01350	0.01565	0.00756	0.02051	0.01188	0.03131	0.00972	0.01134	0.00756	0.00648	0.00432	0.00216	0.00540	0.00378	0.00432	0.00756
96	0.03131	0.01188	0.01619	0.01242	0.01781	0.01026	0.01026	0.03401	0.01997	0.71606	0.02753	0.02375	0.01727	0.00864	0.00702	0.00216	0.00594	0.00702	0.00864	0.01188
97	0.00920	0.00711	0.00838	0.00807	0.01001	0.00629	0.00605	0.01185	0.01815	0.02417	0.44161	0.05840	0.33416	0.01569	0.00824	0.00226	0.00339	0.01350	0.00718	0.00629
98	0.00898	0.00618	0.00794	0.00927	0.00971	0.00584	0.00612	0.01020	0.01309	0.01789	0.03560	0.62421	0.04198	0.10176	0.01157	0.00319	0.00430	0.01788	0.05873	0.00557
99	0.01560	0.02632	0.38170	0.02508	0.21668	0.01655	0.02152	0.02501	0.15650	0.02376	0.01597	0.01777	0.01203	0.00710	0.00680	0.00220	0.00876	0.00602	0.00395	0.01067
100	0.01318	0.01240	0.02093	0.73798	0.04806	0.01550	0.01938	0.01783	0.01395	0.01783	0.01240	0.01860	0.00930	0.00698	0.00698	0.00233	0.00930	0.00620	0.00310	0.00775
101	0.01432	0.08593	0.67158	0.01934	0.02936	0.01699	0.02483	0.02202	0.01469	0.02171	0.01233	0.01449	0.00885	0.00658	0.00648	0.00216	0.01012	0.00506	0.00295	0.01022
102	0.01866	0.75896	0.03657	0.01194	0.01791	0.02761	0.01194	0.02090	0.01418	0.01642	0.00970	0.01119	0.00896	0.00597	0.00448	0.00149	0.00746	0.00373	0.00299	0.00896
103	0.01803	0.01229	0.01483	0.01078	0.01681	0.00950	0.00869	0.02105	0.01563	0.16936	0.01560	0.01643	0.01180	0.00590	0.00556	0.00127	0.00533	0.00474	0.00509	0.63129
104	0.01318	0.01240	0.02093	0.73798	0.04806	0.01550	0.01938	0.01783	0.01395	0.01783	0.01240	0.01860	0.00930	0.00698	0.00698	0.00233	0.00930	0.00620	0.00310	0.00775
105	0.01866	0.75896	0.03657	0.01194	0.01791	0.02761	0.01194	0.02090	0.01418	0.01642	0.00970	0.01119	0.00896	0.00597	0.00448	0.00149	0.00746	0.00373	0.00299	0.00896
106	0.03131	0.01188	0.01619	0.01242	0.01781	0.01026	0.01026	0.03401	0.01997	0.71606	0.02753	0.02375	0.01727	0.00864	0.00702	0.00216	0.00594	0.00702	0.00864	0.01188
107	0.00901	0.00646	0.00855	0.00937	0.01023	0.00600	0.00652	0.01098	0.01571	0.02155	0.28421	0.49381	0.05339	0.01907	0.00866	0.00260	0.00377	0.01719	0.00692	0.00600
108	0.00975	0.00703	0.00921	0.00887	0.01040	0.00650	0.00657	0.01284	0.01914	0.02701	0.64369	0.11874	0.06396	0.01499	0.00830	0.00226	0.00336	0.01331	0.00757	0.00650
109	0.00929	0.00672	0.00892	0.01025	0.01119	0.00635	0.00761	0.01121	0.01474	0.01949	0.09549	0.47830	0.09045	0.02031	0.00899	0.00284	0.00455	0.18078	0.00656	0.00595
110	0.01996	0.02021	0.02318	0.19173	0.10654	0.18866	0.07023	0.15579	0.01915	0.02371	0.01270	0.01623	0.01003	0.00781	0.00895	0.00222	0.10374	0.00596	0.00407	0.00915
111	0.01699	0.02251	0.23895	0.02968	0.32451	0.01630	0.08466	0.05542	0.04071	0.04685	0.01420	0.01701	0.01091	0.00657	0.00688	0.00211	0.00889	0.00608	0.00381	0.04695
112	0.01858	0.18086	0.07912	0.05084	0.35662	0.13009	0.01800	0.02284	0.04171	0.02056	0.01253	0.01541	0.01045	0.00649	0.00628	0.00193	0.00886	0.00539	0.00346	0.00998
113	0.01066	0.00820	0.01091	0.01077	0.01137	0.00939	0.00787	0.01207	0.01158	0.01630	0.02385	0.15873	0.04519	0.24370	0.22712	0.00641	0.12267	0.02909	0.02836	0.00576
114	0.01788	0.08675	0.07763	0.13776	0.32197	0.08355	0.03822	0.08389	0.01733	0.02272	0.01485	0.01806	0.03503	0.00703	0.00671	0.00206	0.00880	0.00612	0.00377	0.00987

[dist]
# distance from previous block
# <min> <max>
0	1

[block]
# block no. 1 follows, 30 sequences, length 49
# corresponding to MSA columns:
# 319-367
name=unknown_B
#
# <colnr> <probs for GDERKNQSTAVLIFYWHMCP>
#	G	D	E	R	K	N	Q	S	T	A	V	L	I	F	Y	W	H	M	C	P
0	0.39669	0.08029	0.16155	0.01364	0.04044	0.06160	0.01268	0.02232	0.07210	0.02600	0.01264	0.01514	0.01014	0.04109	0.00669	0.00232	0.00721	0.00483	0.00408	0.00854
1	0.01511	0.01423	0.05513	0.02112	0.19741	0.04691	0.01393	0.01868	0.04053	0.04770	0.01874	0.08019	0.01769	0.05456	0.09765	0.00369	0.13646	0.04930	0.06263	0.00834
2	0.01917	0.07449	0.01883	0.01572	0.05121	0.05104	0.01196	0.14753	0.44352	0.02956	0.02370	0.04554	0.01844	0.00915	0.00689	0.00223	0.00646	0.00743	0.00641	0.01072
3	0.00853	0.00626	0.00801	0.00930	0.01004	0.00574	0.00632	0.00992	0.01401	0.01843	0.07370	0.62188	0.14041	0.02092	0.00878	0.00274	0.00394	0.01879	0.00653	0.00574
4	0.07955	0.06413	0.15091	0.01637	0.05361	0.04046	0.01469	0.20615	0.03789	0.22061	0.01773	0.01767	0.01234	0.00784	0.00701	0.00213	0.02833	0.00592	0.00587	0.01079
5	0.01973	0.04517	0.01755	0.01450	0.01880	0.05139	0.01149	0.13271	0.51431	0.05762	0.02509	0.02336	0.01868	0.00903	0.00694	0.00226	0.00627	0.00730	0.00682	0.01098
6	0.00850	0.00607	0.00810	0.00972	0.01012	0.00567	0.00648	0.00972	0.01336	0.01781	0.03846	0.75020	0.04615	0.02186	0.00891	0.00283	0.00405	0.01984	0.00648	0.00567
7	0.01447	0.01240	0.01447	0.01034	0.01654	0.00930	0.00827	0.01757	0.01447	0.02274	0.01240	0.01447	0.01034	0.00517	0.00517	0.00103	0.00517	0.00413	0.00413	0.79742
8	0.01829	0.02065	0.19621	0.05889	0.31475	0.01577	0.03901	0.06220	0.01681	0.10659	0.01477	0.01729	0.01112	0.00687	0.00726	0.00211	0.02921	0.00600	0.00417	0.05205
9	0.54269	0.06404	0.01521	0.01328	0.06367	0.09438	0.00997	0.08333	0.01510	0.02940	0.01072	0.01238	0.00844	0.00668	0.00497	0.00207	0.00672	0.00425	0.00434	0.00835
10	0.02606	0.01909	0.02044	0.01572	0.02117	0.02111	0.01297	0.66459	0.03218	0.04335	0.01696	0.01708	0.01208	0.00837	0.00691	0.00208	0.00752	0.00629	0.03434	0.01168
11	0.00945	0.00707	0.00877	0.00844	0.01019	0.00639	0.00630	0.01231	0.01860	0.02549	0.53522	0.08826	0.20706	0.01538	0.00827	0.00226	0.00338	0.01343	0.00736	0.00639
12	0.00832	0.00707	0.00717	0.00714	0.00947	0.00592	0.00536	0.01015	0.01607	0.01924	0.09795	0.06651	0.68090	0.01753	0.00825	0.00235	0.00352	0.01464	0.00653	0.00592
13	0.80405	0.01350	0.01026	0.00918	0.01350	0.01565	0.00756	0.02051	0.01188	0.03131	0.00972	0.01134	0.00756	0.00648	0.00432	0.00216	0.00540	0.00378	0.00432	0.00756
14	0.01736	0.01499	0.01578	0.01420	0.01815	0.01736	0.01105	0.03708	0.69862	0.02919	0.02840	0.02604	0.02130	0.00947	0.00710	0.00237	0.00552	0.00789	0.00710	0.01105
15	0.02653	0.01955	0.02094	0.01606	0.02164	0.02164	0.01326	0.68796	0.03281	0.04398	0.01675	0.01675	0.01187	0.00838	0.00698	0.00209	0.00768	0.00628	0.00698	0.01187
16	0.02653	0.01955	0.02094	0.01606	0.02164	0.02164	0.01326	0.68796	0.03281	0.04398	0.01675	0.01675	0.01187	0.00838	0.00698	0.00209	0.00768	0.00628	0.00698	0.01187
17	0.00850	0.00607	0.00810	0.00972	0.01012	0.00567	0.00648	0.00972	0.01336	0.01781	0.03846	0.75020	0.04615	0.02186	0.00891	0.00283	0.00405	0.01984	0.00648	0.00567
18	0.01318	0.01240	0.02093	0.73798	0.04806	0.01550	0.01938	0.01783	0.01395	0.01783	0.01240	0.01860	0.00930	0.00698	0.00698	0.00233	0.00930	0.00620	0.00310	0.00775
19	0.01318	0.01240	0.02093	0.73798	0.04806	0.01550	0.01938	0.01783	0.01395	0.01783	0.01240	0.01860	0.00930	0.00698	0.00698	0.00233	0.00930	0.00620	0.00310	0.00775
20	0.04679	0.01531	0.01711	0.01523	0.05087	0.01681	0.01158	0.19670	0.34892	0.13186	0.02379	0.02251	0.01729	0.00877	0.00686	0.00221	0.00614	0.00709	0.04311	0.01105
21	0.03131	0.01188	0.01619	0.01242	0.01781	0.01026	0.01026	0.03401	0.01997	0.71606	0.02753	0.02375	0.01727	0.00864	0.00702	0.00216	0.00594	0.00702	0.00864	0.01188
22	0.01613	0.01823	0.03960	0.02846	0.03521	0.01718	0.65031	0.02183	0.01619	0.02203	0.01436	0.01927	0.01095	0.00832	0.04600	0.00282	0.01213	0.00820	0.00354	0.00924
23	0.00845	0.00628	0.00789	0.00917	0.00998	0.00571	0.00624	0.00978	0.01388	0.01803	0.04509	0.60982	0.18227	0.02100	0.00877	0.00274	0.00394	0.01879	0.00648	0.00571
24	0.02181	0.01408	0.01858	0.19898	0.08571	0.05820	0.01389	0.07834	0.01795	0.27019	0.01961	0.05424	0.01461	0.00873	0.00799	0.00223	0.05623	0.00704	0.04187	0.00971
25	0.09689	0.01365	0.02181	0.51973	0.10092	0.01604	0.06231	0.05016	0.01496	0.02120	0.01250	0.01766	0.00948	0.00685	0.00678	0.00228	0.00889	0.00609	0.00347	0.00833
26	0.02043	0.02188	0.02346	0.05184	0.17914	0.26475	0.09154	0.10615	0.01885	0.02245	0.01430	0.03951	0.01233	0.00989	0.03856	0.00251	0.04490	0.02425	0.00410	0.00915
27	0.01041	0.00772	0.01104	0.01128	0.01239	0.00870	0.00883	0.01269	0.01204	0.01681	0.02253	0.03982	0.02283	0.13766	0.46982	0.00877	0.03605	0.14024	0.00432	0.00605
28	0.01590	0.04835	0.01682	0.01263	0.05356	0.01165	0.00958	0.07807	0.01618	0.02435	0.01270	0.01467	0.01045	0.00555	0.00539	0.00120	0.00567	0.00442	0.00430	0.64857
29	0.04280	0.09119	0.05175	0.01929	0.05253	0.05349	0.05861	0.01862	0.01227	0.01811	0.00995	0.01491	0.00925	0.01026	0.01733	0.00269	0.49980	0.00582	0.00316	0.00817
30	0.00850	0.00607	0.00810	0.00972	0.01012	0.00567	0.00648	0.00972	0.01336	0.01781	0.03846	0.75020	0.04615	0.02186	0.00891	0.00283	0.00405	0.01984	0.00648	0.00567
31	0.01695	0.01409	0.01985	0.02501	0.30895	0.01449	0.01444	0.10202	0.13582	0.05584	0.08179	0.07525	0.08524	0.00992	0.00732	0.00222	0.00650	0.00878	0.00556	0.00997
32	0.00969	0.00708	0.00910	0.00869	0.01034	0.00649	0.00648	0.01277	0.01916	0.02682	0.62796	0.08607	0.11349	0.01488	0.00826	0.00224	0.00335	0.01312	0.00753	0.00649
33	0.01450	0.05789	0.22321	0.01992	0.14616	0.01349	0.09004	0.01951	0.01527	0.02320	0.03945	0.02175	0.03717	0.00749	0.00633	0.00199	0.00740	0.00657	0.23978	0.00887
34	0.02156	0.43405	0.02913	0.01407	0.01937	0.17335	0.01246	0.14308	0.05467	0.02218	0.01218	0.01327	0.01013	0.00684	0.00545	0.00171	0.00848	0.00457	0.00405	0.00941
35	0.00861	0.00708	0.00757	0.00745	0.00965	0.00605	0.00559	0.01072	0.01676	0.02089	0.21289	0.06380	0.56493	0.01691	0.00824	0.00232	0.00348	0.01426	0.00675	0.00605
36	0.01318	0.01240	0.02093	0.73798	0.04806	0.01550	0.01938	0.01783	0.01395	0.01783	0.01240	0.01860	0.00930	0.00698	0.00698	0.00233	0.00930	0.00620	0.00310	0.00775
37	0.80405	0.01350	0.01026	0.00918	0.01350	0.01565	0.00756	0.02051	0.01188	0.03131	0.00972	0.01134	0.00756	0.00648	0.00432	0.00216	0.00540	0.00378	0.00432	0.00756
38	0.02607	0.03326	0.01978	0.01798	0.02157	0.72674	0.01348	0.02787	0.01978	0.01708	0.01079	0.01258	0.00899	0.00719	0.00629	0.00180	0.01258	0.00449	0.00360	0.00809
39	0.00850	0.00607	0.00810	0.00972	0.01012	0.00567	0.00648	0.00972	0.01336	0.01781	0.03846	0.75020	0.04615	0.02186	0.00891	0.00283	0.00405	0.01984	0.00648	0.00567
40	0.02523	0.03200	0.02164	0.01897	0.02287	0.66489	0.07213	0.02738	0.01949	0.01754	0.01108	0.01313	0.00913	0.00708	0.00646	0.00185	0.01251	0.00482	0.00359	0.00821
41	0.01736	0.01499	0.01578	0.01420	0.01815	0.01736	0.01105	0.03708	0.69862	0.02919	0.02840	0.02604	0.02130	0.00947	0.00710	0.00237	0.00552	0.00789	0.00710	0.01105
42	0.01318	0.01240	0.02093	0.73798	0.04806	0.01550	0.01938	0.01783	0.01395	0.01783	0.01240	0.01860	0.00930	0.00698	0.00698	0.00233	0.00930	0.00620	0.00310	0.00775
43	0.00850	0.00607	0.00810	0.00972	0.01012	0.00567	0.00648	0.00972	0.01336	0.01781	0.03846	0.75020	0.04615	0.02186	0.00891	0.00283	0.00405	0.01984	0.00648	0.00567
44	0.05051	0.01438	0.02296	0.17546	0.36838	0.01468	0.01756	0.02393	0.01640	0.20262	0.01660	0.01900	0.01218	0.00701	0.00685	0.00215	0.00777	0.00633	0.00476	0.01046
45	0.01727	0.01658	0.02832	0.04283	0.71123	0.01658	0.02142	0.02142	0.01589	0.02280	0.01313	0.01727	0.01105	0.00622	0.00691	0.00207	0.00829	0.00622	0.00345	0.01105
46	0.00850	0.00607	0.00810	0.00972	0.01012	0.00567	0.00648	0.00972	0.01336	0.01781	0.03846	0.75020	0.04615	0.02186	0.00891	0.00283	0.00405	0.01984	0.00648	0.00567
47	0.01882	0.69577	0.06316	0.01254	0.01858	0.06007	0.01257	0.02127	0.01446	0.01668	0.00987	0.01140	0.00895	0.00605	0.00465	0.00154	0.00782	0.00382	0.00301	0.00897
48	0.02210	0.26897	0.14951	0.01567	0.02233	0.01845	0.09163	0.05214	0.01721	0.25166	0.01691	0.01709	0.01200	0.00706	0.00623	0.00196	0.00796	0.00569	0.00508	0.01033

[dist]
# distance from previous block
# <min> <max>
0	2

[block]
# block no. 2 follows, 30 sequences, length 24
# corresponding to MSA columns:
# 379-402
name=unknown_C
#
# <colnr> <probs for GDERKNQSTAVLIFYWHMCP>
#	G	D	E	R	K	N	Q	S	T	A	V	L	I	F	Y	W	H	M	C	P
0	0.36254	0.15017	0.01974	0.01460	0.07619	0.01968	0.01124	0.22037	0.01890	0.03169	0.01211	0.01344	0.00940	0.00693	0.00536	0.00201	0.00670	0.00473	0.00480	0.00940
1	0.01780	0.06711	0.05917	0.02749	0.32971	0.08433	0.06137	0.03695	0.01649	0.05011	0.01701	0.01948	0.05595	0.00703	0.00661	0.00191	0.00812	0.00626	0.00400	0.12309
2	0.01004	0.00721	0.00986	0.00986	0.01063	0.00798	0.00703	0.01159	0.01081	0.01519	0.01993	0.03430	0.02043	0.31720	0.46633	0.00954	0.01419	0.00848	0.00392	0.00548
3	0.02541	0.08861	0.02281	0.01582	0.02126	0.01646	0.10260	0.18055	0.07126	0.32616	0.02095	0.02013	0.01434	0.00812	0.00745	0.00215	0.03141	0.00672	0.00671	0.01105
4	0.36037	0.04882	0.01465	0.01101	0.01598	0.01340	0.00919	0.02761	0.01624	0.38997	0.01907	0.01785	0.01272	0.00759	0.00574	0.00213	0.00578	0.00548	0.00652	0.00989
5	0.00832	0.00680	0.00734	0.00778	0.00961	0.00583	0.00562	0.00993	0.01522	0.01857	0.06205	0.25027	0.53086	0.01880	0.00842	0.00248	0.00367	0.01610	0.00648	0.00583
6	0.00866	0.00699	0.00770	0.00772	0.00973	0.00604	0.00572	0.01075	0.01660	0.02095	0.22081	0.12519	0.49423	0.01723	0.00830	0.00236	0.00352	0.01468	0.00677	0.00604
7	0.00850	0.00607	0.00810	0.00972	0.01012	0.00567	0.00648	0.00972	0.01336	0.01781	0.03846	0.75020	0.04615	0.02186	0.00891	0.00283	0.00405	0.01984	0.00648	0.00567
8	0.03131	0.01188	0.01619	0.01242	0.01781	0.01026	0.01026	0.03401	0.01997	0.71606	0.02753	0.02375	0.01727	0.00864	0.00702	0.00216	0.00594	0.00702	0.00864	0.01188
9	0.01976	0.01493	0.01966	0.01588	0.02014	0.04989	0.11630	0.12434	0.16688	0.14844	0.12750	0.02806	0.02393	0.01111	0.03226	0.00258	0.03076	0.03136	0.00644	0.00979
10	0.03131	0.01188	0.01619	0.01242	0.01781	0.01026	0.01026	0.03401	0.01997	0.71606	0.02753	0.02375	0.01727	0.00864	0.00702	0.00216	0.00594	0.00702	0.00864	0.01188
11	0.80405	0.01350	0.01026	0.00918	0.01350	0.01565	0.00756	0.02051	0.01188	0.03131	0.00972	0.01134	0.00756	0.00648	0.00432	0.00216	0.00540	0.00378	0.00432	0.00756
12	0.00873	0.00624	0.00833	0.00973	0.01030	0.00584	0.00665	0.01022	0.01408	0.01892	0.10442	0.65828	0.04789	0.02102	0.00887	0.00278	0.00406	0.04125	0.00659	0.00578
13	0.01628	0.01528	0.04907	0.02445	0.27008	0.03947	0.04811	0.07378	0.04692	0.04849	0.17751	0.02840	0.06425	0.00955	0.00838	0.00221	0.05494	0.00827	0.00518	0.00938
14	0.01318	0.01240	0.02093	0.73798	0.04806	0.01550	0.01938	0.01783	0.01395	0.01783	0.01240	0.01860	0.00930	0.00698	0.00698	0.00233	0.00930	0.00620	0.00310	0.00775
15	0.01069	0.00772	0.01055	0.01203	0.01355	0.00759	0.01022	0.01355	0.01573	0.02036	0.03974	0.15754	0.09264	0.01946	0.00944	0.00310	0.00592	0.53742	0.00644	0.00629
16	0.71104	0.01462	0.01201	0.01204	0.06496	0.04808	0.00884	0.02091	0.01253	0.03004	0.01001	0.01183	0.00788	0.00649	0.00460	0.00214	0.00594	0.00399	0.00422	0.00784
17	0.01196	0.00616	0.00925	0.00925	0.00934	0.00626	0.00626	0.00934	0.00925	0.01242	0.01260	0.02167	0.01251	0.02630	0.07852	0.73943	0.00699	0.00616	0.00308	0.00326
18	0.09376	0.11748	0.23236	0.02016	0.09855	0.07426	0.09012	0.02228	0.05655	0.02217	0.01515	0.02115	0.01285	0.00793	0.00700	0.00220	0.02608	0.06681	0.00384	0.00929
19	0.01967	0.24239	0.09425	0.04353	0.13444	0.10257	0.03144	0.13558	0.04231	0.02343	0.01267	0.01484	0.01028	0.00719	0.00720	0.00197	0.05720	0.00528	0.00397	0.00978
20	0.01332	0.01259	0.02096	0.69035	0.04609	0.01589	0.01911	0.01776	0.01374	0.01776	0.01219	0.01838	0.00929	0.00732	0.00803	0.00237	0.05779	0.00620	0.00310	0.00774
21	0.00957	0.00726	0.00798	0.00795	0.01018	0.00624	0.00602	0.01158	0.01635	0.04938	0.13750	0.10938	0.52988	0.01726	0.00830	0.00240	0.00378	0.04602	0.00671	0.00623
22	0.02443	0.07902	0.02129	0.01559	0.02079	0.07732	0.01283	0.48076	0.13419	0.03734	0.01754	0.01743	0.01288	0.00826	0.00674	0.00207	0.00771	0.00619	0.00641	0.01121
23	0.01662	0.01773	0.03562	0.06420	0.28409	0.01717	0.41442	0.02182	0.01615	0.02233	0.01368	0.01825	0.01070	0.00605	0.00770	0.00225	0.01039	0.00741	0.00348	0.00994

[dist]
# distance from previous block
# <min> <max>
0	3

[block]
# block no. 3 follows, 30 sequences, length 23
# corresponding to MSA columns:
# 406-428
name=unknown_D
#
# <colnr> <probs for GDERKNQSTAVLIFYWHMCP>
#	G	D	E	R	K	N	Q	S	T	A	V	L	I	F	Y	W	H	M	C	P
0	0.05474	0.04039	0.06125	0.01115	0.01677	0.01164	0.00966	0.06760	0.04525	0.05475	0.01514	0.01673	0.01188	0.00629	0.00545	0.00144	0.00559	0.00491	0.10436	0.45500
1	0.01907	0.14789	0.23304	0.01649	0.02277	0.08309	0.01655	0.15920	0.14369	0.02611	0.01546	0.01646	0.01178	0.00776	0.00734	0.00211	0.05077	0.00564	0.00459	0.01018
2	0.01505	0.19968	0.56425	0.01809	0.02742	0.01879	0.02265	0.02183	0.01461	0.02081	0.01188	0.01393	0.00887	0.00648	0.00614	0.00205	0.00967	0.00483	0.00296	0.01001
3	0.01429	0.00836	0.01091	0.01110	0.01327	0.00786	0.00876	0.01731	0.04637	0.15975	0.03925	0.28345	0.11756	0.01735	0.00859	0.00274	0.00516	0.21359	0.00692	0.00741
4	0.00895	0.00639	0.00861	0.01023	0.01083	0.00605	0.00725	0.01049	0.01380	0.01831	0.03822	0.64101	0.04518	0.02144	0.00903	0.00290	0.00444	0.12463	0.00647	0.00579
5	0.00997	0.00748	0.01121	0.01121	0.01246	0.00872	0.00872	0.01246	0.01121	0.01620	0.01869	0.02741	0.01745	0.05234	0.72710	0.01121	0.01869	0.00748	0.00374	0.00623
6	0.03131	0.01188	0.01619	0.01242	0.01781	0.01026	0.01026	0.03401	0.01997	0.71606	0.02753	0.02375	0.01727	0.00864	0.00702	0.00216	0.00594	0.00702	0.00864	0.01188
7	0.00978	0.00713	0.00920	0.00868	0.01037	0.00655	0.00651	0.01299	0.01954	0.02747	0.67159	0.05297	0.10212	0.01446	0.00823	0.00220	0.00331	0.01274	0.00761	0.00655
8	0.80405	0.01350	0.01026	0.00918	0.01350	0.01565	0.00756	0.02051	0.01188	0.03131	0.00972	0.01134	0.00756	0.00648	0.00432	0.00216	0.00540	0.00378	0.00432	0.00756
9	0.01647	0.01882	0.04118	0.02941	0.03647	0.01765	0.68588	0.02235	0.01647	0.02235	0.01412	0.01882	0.01059	0.00588	0.00824	0.00235	0.01176	0.00824	0.00353	0.00941
10	0.80405	0.01350	0.01026	0.00918	0.01350	0.01565	0.00756	0.02051	0.01188	0.03131	0.00972	0.01134	0.00756	0.00648	0.00432	0.00216	0.00540	0.00378	0.00432	0.00756
11	0.03131	0.01188	0.01619	0.01242	0.01781	0.01026	0.01026	0.03401	0.01997	0.71606	0.02753	0.02375	0.01727	0.00864	0.00702	0.00216	0.00594	0.00702	0.00864	0.01188
12	0.00850	0.00607	0.00810	0.00972	0.01012	0.00567	0.00648	0.00972	0.01336	0.01781	0.03846	0.75020	0.04615	0.02186	0.00891	0.00283	0.00405	0.01984	0.00648	0.00567
13	0.21977	0.01227	0.01475	0.01163	0.01676	0.01157	0.00960	0.03072	0.01800	0.54906	0.02319	0.02072	0.01490	0.00811	0.00636	0.00216	0.00581	0.00623	0.00758	0.01082
14	0.00966	0.00712	0.00903	0.00855	0.01029	0.00649	0.00641	0.01275	0.01924	0.02676	0.62244	0.05413	0.15171	0.01472	0.00823	0.00222	0.00332	0.01290	0.00752	0.00649
15	0.01400	0.03610	0.71860	0.01989	0.03020	0.01621	0.02578	0.02210	0.01473	0.02210	0.01252	0.01473	0.00884	0.00663	0.00663	0.00221	0.01031	0.00516	0.00295	0.01031
16	0.01301	0.00650	0.00650	0.00650	0.00813	0.00650	0.00488	0.01626	0.01463	0.02602	0.02276	0.02602	0.01789	0.00813	0.00488	0.00163	0.00325	0.00650	0.79350	0.00650
17	0.01466	0.01334	0.02065	0.66912	0.04535	0.04820	0.01866	0.01909	0.01452	0.05196	0.01307	0.01858	0.00968	0.00707	0.00695	0.00229	0.00929	0.00616	0.00339	0.00797
18	0.02079	0.02324	0.31584	0.01836	0.08076	0.01454	0.01793	0.11065	0.01904	0.23288	0.06228	0.02030	0.01560	0.00791	0.00692	0.00217	0.00805	0.00643	0.00551	0.01080
19	0.11651	0.18586	0.02296	0.01749	0.08748	0.27490	0.01298	0.10208	0.07676	0.02336	0.01285	0.01422	0.01040	0.00707	0.00586	0.00188	0.00900	0.00491	0.00423	0.00920
20	0.02027	0.60107	0.03291	0.01325	0.01871	0.17972	0.01228	0.02241	0.01540	0.01656	0.00994	0.01150	0.00896	0.00624	0.00487	0.00156	0.00858	0.00390	0.00312	0.00877
21	0.06108	0.04357	0.24002	0.03804	0.02031	0.01367	0.01462	0.05083	0.07104	0.10101	0.01599	0.01874	0.01224	0.01104	0.01126	0.16195	0.03882	0.00587	0.06141	0.00848
22	0.01580	0.08806	0.21120	0.05628	0.23368	0.01582	0.04033	0.02047	0.01498	0.05078	0.03660	0.01869	0.01291	0.03007	0.04938	0.00270	0.03108	0.00606	0.00369	0.06142

[dist]
# distance from previous block
# <min> <max>
0	3

[block]
# block no. 4 follows, 30 sequences, length 6
# corresponding to MSA columns:
# 432-437
name=unknown_E
#
# <colnr> <probs for GDERKNQSTAVLIFYWHMCP>
#	G	D	E	R	K	N	Q	S	T	A	V	L	I	F	Y	W	H	M	C	P
0	0.00965	0.00705	0.00949	0.01077	0.01190	0.00689	0.00836	0.01179	0.01437	0.01887	0.03895	0.35629	0.10668	0.02382	0.08745	0.00384	0.00647	0.25516	0.00616	0.00603
1	0.00883	0.00621	0.00800	0.00930	0.00962	0.00589	0.00603	0.00980	0.01272	0.01696	0.03519	0.61039	0.04203	0.16730	0.01419	0.00361	0.00459	0.01792	0.00603	0.00538
2	0.10572	0.01992	0.18062	0.12947	0.09543	0.01591	0.11950	0.09171	0.01737	0.13527	0.01532	0.01746	0.01091	0.00701	0.00680	0.00221	0.00868	0.00615	0.00458	0.00996
3	0.08702	0.01395	0.01714	0.01666	0.13796	0.01280	0.01114	0.11822	0.01757	0.02703	0.05822	0.01747	0.01406	0.00654	0.00587	0.00155	0.00599	0.00534	0.00469	0.42079
4	0.00876	0.00628	0.00808	0.00928	0.00985	0.00586	0.00619	0.01004	0.01368	0.01823	0.09024	0.58492	0.08471	0.09503	0.01150	0.00315	0.00423	0.01800	0.00634	0.00561
5	0.01622	0.01452	0.01441	0.01341	0.01566	0.14137	0.01062	0.11827	0.01709	0.02216	0.02029	0.05947	0.01938	0.04651	0.20686	0.00493	0.06935	0.10933	0.07263	0.00750

[dist]
# distance from previous block
# <min> <max>
0	1

[block]
# block no. 5 follows, 30 sequences, length 34
# corresponding to MSA columns:
# 439-472
name=unknown_F
#
# <colnr> <probs for GDERKNQSTAVLIFYWHMCP>
#	G	D	E	R	K	N	Q	S	T	A	V	L	I	F	Y	W	H	M	C	P
0	0.01692	0.43543	0.02820	0.01329	0.01687	0.02313	0.01214	0.01905	0.01314	0.01768	0.01109	0.01425	0.01009	0.00819	0.01031	0.00200	0.23761	0.00481	0.09755	0.00825
1	0.01123	0.01019	0.05769	0.12897	0.01852	0.00909	0.01042	0.01433	0.01594	0.04246	0.24357	0.23503	0.07406	0.01448	0.00848	0.00242	0.02830	0.03490	0.00595	0.03398
2	0.01774	0.13924	0.25709	0.01930	0.06806	0.11249	0.08391	0.06075	0.06101	0.02238	0.01331	0.01529	0.01032	0.00665	0.00634	0.00194	0.00924	0.00536	0.00374	0.08584
3	0.01736	0.01499	0.01578	0.01420	0.01815	0.01736	0.01105	0.03708	0.69862	0.02919	0.02840	0.02604	0.02130	0.00947	0.00710	0.00237	0.00552	0.00789	0.00710	0.01105
4	0.02188	0.01248	0.01725	0.01411	0.01847	0.01236	0.07580	0.02943	0.20506	0.32850	0.02772	0.07281	0.04123	0.01372	0.07286	0.00311	0.00735	0.00849	0.00706	0.01030
5	0.01011	0.00625	0.00753	0.00853	0.00932	0.00600	0.00583	0.01195	0.01363	0.02037	0.03234	0.47055	0.03557	0.05367	0.00887	0.00262	0.00391	0.01485	0.27220	0.00588
6	0.01368	0.01157	0.01679	0.44170	0.05600	0.03194	0.01471	0.01873	0.05881	0.02067	0.01705	0.05288	0.01381	0.00805	0.00655	0.00216	0.00743	0.00694	0.19283	0.00769
7	0.01153	0.00728	0.00848	0.00800	0.01009	0.00661	0.00606	0.01434	0.01749	0.06965	0.32349	0.04855	0.23512	0.01346	0.00738	0.00211	0.00352	0.01145	0.18869	0.00671
8	0.00937	0.00710	0.00871	0.00919	0.01055	0.00667	0.00655	0.01239	0.05606	0.02163	0.23819	0.37219	0.17927	0.01811	0.00848	0.00253	0.00382	0.01605	0.00686	0.00629
9	0.02662	0.01110	0.01439	0.01142	0.01601	0.00999	0.00930	0.04856	0.04068	0.53010	0.05037	0.02633	0.04193	0.00907	0.00679	0.00209	0.00542	0.00739	0.12172	0.01070
10	0.01400	0.03610	0.71860	0.01989	0.03020	0.01621	0.02578	0.02210	0.01473	0.02210	0.01252	0.01473	0.00884	0.00663	0.00663	0.00221	0.01031	0.00516	0.00295	0.01031
11	0.01318	0.01240	0.02093	0.73798	0.04806	0.01550	0.01938	0.01783	0.01395	0.01783	0.01240	0.01860	0.00930	0.00698	0.00698	0.00233	0.00930	0.00620	0.00310	0.00775
12	0.02612	0.01935	0.02072	0.01597	0.02149	0.02145	0.01317	0.65935	0.06207	0.04333	0.01727	0.01716	0.01228	0.00842	0.00699	0.00211	0.00758	0.00635	0.00699	0.01183
13	0.00996	0.00669	0.00767	0.00785	0.00790	0.00664	0.00449	0.01010	0.01052	0.01402	0.02388	0.12650	0.02775	0.67067	0.03246	0.00631	0.00645	0.01126	0.00449	0.00439
14	0.00883	0.00631	0.00847	0.01009	0.01064	0.00595	0.00704	0.01028	0.01368	0.01818	0.03828	0.67047	0.04544	0.02156	0.00899	0.00288	0.00433	0.09635	0.00647	0.00576
15	0.01766	0.01561	0.02412	0.13672	0.47431	0.05045	0.01855	0.02158	0.01596	0.06714	0.01469	0.01842	0.01170	0.00670	0.00672	0.00206	0.00805	0.00621	0.07327	0.01008
16	0.01810	0.01522	0.01618	0.01430	0.01832	0.01752	0.01121	0.10827	0.59969	0.03035	0.02676	0.02506	0.02012	0.01092	0.03346	0.00266	0.00624	0.00770	0.00696	0.01096
17	0.00850	0.00607	0.00810	0.00972	0.01012	0.00567	0.00648	0.00972	0.01336	0.01781	0.03846	0.75020	0.04615	0.02186	0.00891	0.00283	0.00405	0.01984	0.00648	0.00567
