[name]
unknown

[dist]
# distance from previous block
# <min> <max>
0	104

[block]
# block no. 0 follows, 39 sequences, length 21
# corresponding to MSA columns:
# 123-143
name=unknown_A
#
# <colnr> <probs for GDERKNQSTAVLIFYWHMCP>
#	G	D	E	R	K	N	Q	S	T	A	V	L	I	F	Y	W	H	M	C	P
0	0.01350	0.08284	0.12211	0.01791	0.02347	0.01373	0.35618	0.05853	0.01436	0.01989	0.06785	0.01860	0.01326	0.00612	0.00617	0.00178	0.00783	0.03562	0.00349	0.11676
1	0.05187	0.01223	0.04632	0.03952	0.07445	0.00998	0.05676	0.04542	0.01336	0.08087	0.01175	0.01342	0.00916	0.00499	0.00493	0.00126	0.00540	0.00423	0.00377	0.51031
2	0.01210	0.01247	0.06721	0.57050	0.09441	0.01337	0.04135	0.01721	0.06925	0.02814	0.01187	0.01603	0.00891	0.00600	0.00593	0.00195	0.00765	0.00538	0.00299	0.00726
3	0.07462	0.01345	0.02543	0.08411	0.02561	0.01303	0.42676	0.01708	0.01274	0.01872	0.01152	0.01536	0.00908	0.00821	0.06589	0.00240	0.02799	0.00590	0.00310	0.13901
4	0.01371	0.01060	0.01378	0.07149	0.08791	0.00887	0.00893	0.01650	0.01304	0.09603	0.04601	0.01505	0.01152	0.00525	0.00492	0.00119	0.00490	0.00440	0.00391	0.56197
5	0.01396	0.01270	0.02664	0.23226	0.10272	0.03106	0.05410	0.12297	0.16328	0.02094	0.01631	0.10511	0.01406	0.00808	0.00688	0.00200	0.04798	0.00693	0.00418	0.00785
6	0.02064	0.12462	0.01842	0.01405	0.01762	0.49983	0.01104	0.12007	0.08562	0.01845	0.01110	0.01206	0.00892	0.00628	0.00528	0.00157	0.00898	0.00420	0.00365	0.00762
7	0.00758	0.00541	0.00726	0.00851	0.00901	0.00515	0.00596	0.00884	0.01159	0.01546	0.04797	0.64597	0.03777	0.04017	0.02818	0.00271	0.00404	0.09815	0.00539	0.00488
8	0.01386	0.01702	0.10031	0.02507	0.10727	0.01474	0.57334	0.01916	0.03231	0.01911	0.01206	0.01565	0.00911	0.00515	0.00671	0.00196	0.00941	0.00655	0.00302	0.00823
9	0.46470	0.19293	0.06418	0.00970	0.01404	0.07199	0.00883	0.01897	0.01175	0.08349	0.00972	0.01073	0.00753	0.00560	0.00414	0.00168	0.00574	0.00354	0.00359	0.00717
10	0.00745	0.00533	0.00708	0.00807	0.00863	0.00497	0.00551	0.00884	0.01245	0.01689	0.18262	0.63316	0.04259	0.01719	0.00743	0.00229	0.00330	0.01554	0.00570	0.00497
11	0.00728	0.00519	0.00688	0.00816	0.00852	0.00485	0.00544	0.00833	0.01141	0.01525	0.05376	0.74425	0.03910	0.04078	0.00819	0.00248	0.00348	0.01639	0.00546	0.00479
12	0.01316	0.01202	0.02031	0.43397	0.34754	0.01339	0.01692	0.01686	0.01270	0.04086	0.01119	0.01542	0.00874	0.00568	0.00589	0.00187	0.00742	0.00528	0.00291	0.00789
13	0.00838	0.00585	0.00744	0.00761	0.00797	0.00613	0.00499	0.00916	0.00921	0.01261	0.01949	0.12613	0.02161	0.46775	0.25380	0.00648	0.00855	0.00892	0.00369	0.00425
14	0.02315	0.01146	0.01414	0.01121	0.01540	0.01118	0.00911	0.19908	0.07383	0.47076	0.02189	0.07869	0.01569	0.00819	0.00607	0.00187	0.00524	0.00670	0.00674	0.00960
15	0.00923	0.00683	0.00858	0.00881	0.01042	0.00663	0.00703	0.01280	0.07542	0.03110	0.27854	0.10930	0.15805	0.01402	0.00731	0.00221	0.00392	0.23815	0.00589	0.00576
16	0.01229	0.04628	0.54732	0.04913	0.02563	0.03047	0.11635	0.01826	0.01281	0.01832	0.01205	0.01653	0.00945	0.00624	0.00593	0.00193	0.00863	0.05135	0.00278	0.00826
17	0.02041	0.01207	0.01489	0.01217	0.01538	0.08401	0.04262	0.04551	0.01523	0.39995	0.05443	0.06940	0.01611	0.01006	0.04000	0.00228	0.12493	0.00661	0.00560	0.00834
18	0.11952	0.01358	0.03125	0.07057	0.01898	0.03067	0.08796	0.09184	0.30555	0.08394	0.01695	0.01734	0.01260	0.00716	0.00678	0.00197	0.06426	0.00576	0.00485	0.00847
19	0.11213	0.09026	0.02022	0.07851	0.20370	0.08916	0.08099	0.08090	0.06491	0.05042	0.01195	0.01390	0.00935	0.00575	0.00538	0.00169	0.00691	0.00485	0.00365	0.06537
20	0.03531	0.03541	0.01606	0.09065	0.06086	0.16959	0.04125	0.10464	0.06473	0.13522	0.01537	0.03855	0.01227	0.02759	0.00629	0.00182	0.00682	0.02582	0.04218	0.06957

[dist]
# distance from previous block
# <min> <max>
5	12

[block]
# block no. 1 follows, 39 sequences, length 26
# corresponding to MSA columns:
# 159-184
name=unknown_B
#
# <colnr> <probs for GDERKNQSTAVLIFYWHMCP>
#	G	D	E	R	K	N	Q	S	T	A	V	L	I	F	Y	W	H	M	C	P
0	0.01468	0.03927	0.08128	0.11062	0.08777	0.09732	0.11465	0.01922	0.08077	0.06926	0.03786	0.01757	0.03844	0.00678	0.00695	0.00181	0.07186	0.00567	0.02462	0.07359
1	0.00927	0.00729	0.01030	0.05540	0.01233	0.00709	0.05869	0.01136	0.02951	0.01616	0.09997	0.22260	0.05156	0.21426	0.06218	0.00341	0.00558	0.00996	0.03326	0.07985
2	0.09263	0.06517	0.10829	0.03695	0.01834	0.02949	0.14440	0.05975	0.03277	0.07639	0.07217	0.07295	0.01572	0.03699	0.03368	0.00227	0.03865	0.00656	0.02926	0.02758
3	0.03702	0.01502	0.09027	0.01236	0.01755	0.06597	0.08286	0.06198	0.10681	0.02082	0.01245	0.01383	0.00977	0.00535	0.00512	0.00136	0.00601	0.00447	0.00379	0.42720
4	0.00991	0.00743	0.00947	0.01011	0.01167	0.00748	0.00812	0.03914	0.09342	0.01840	0.02995	0.28057	0.04535	0.01524	0.00748	0.00242	0.00469	0.35293	0.00546	0.04075
5	0.01636	0.61967	0.05521	0.01112	0.01597	0.06641	0.01076	0.06628	0.04001	0.01608	0.00933	0.01054	0.00814	0.00553	0.00461	0.00140	0.02831	0.00357	0.00291	0.00779
6	0.03075	0.05639	0.31057	0.01308	0.01906	0.01239	0.03131	0.08535	0.01405	0.04658	0.04921	0.04265	0.01192	0.00642	0.00588	0.00162	0.03443	0.00508	0.00360	0.21964
7	0.01277	0.09267	0.60316	0.01763	0.06149	0.01453	0.06383	0.01884	0.01268	0.03387	0.01079	0.01271	0.00783	0.00555	0.00557	0.00182	0.00845	0.00451	0.00265	0.00866
8	0.06323	0.06379	0.01911	0.50964	0.15518	0.01430	0.01536	0.05940	0.01297	0.01777	0.01054	0.01469	0.00815	0.00579	0.00562	0.00187	0.00735	0.00500	0.00293	0.00730
9	0.01440	0.01496	0.06503	0.28589	0.33815	0.07855	0.05043	0.01810	0.01330	0.04881	0.01127	0.01485	0.00880	0.00566	0.00587	0.00183	0.00779	0.00519	0.00300	0.00812
10	0.01404	0.10123	0.10820	0.14470	0.15572	0.05462	0.15325	0.01880	0.06950	0.04440	0.01369	0.07085	0.01156	0.00663	0.00594	0.00185	0.00754	0.00615	0.00339	0.00793
11	0.00876	0.00568	0.00657	0.00657	0.00657	0.00568	0.00373	0.00852	0.00852	0.01135	0.01785	0.03676	0.02045	0.71998	0.02945	0.08265	0.00568	0.00828	0.00349	0.00349
12	0.00719	0.00520	0.00681	0.00810	0.00854	0.00481	0.00543	0.00825	0.01145	0.01515	0.03424	0.74417	0.08218	0.01831	0.00751	0.00238	0.00340	0.01655	0.00549	0.00481
13	0.01597	0.04517	0.35561	0.06235	0.05958	0.11576	0.07875	0.10149	0.01527	0.07745	0.01188	0.01354	0.00860	0.00591	0.00573	0.00180	0.00836	0.00481	0.00341	0.00854
14	0.01689	0.06980	0.31082	0.01735	0.06944	0.32099	0.04935	0.04584	0.01487	0.01743	0.01010	0.01194	0.00783	0.00578	0.00549	0.00169	0.00925	0.00429	0.00289	0.00796
15	0.02477	0.00998	0.01336	0.01043	0.01474	0.00885	0.00854	0.02792	0.05885	0.67313	0.06687	0.02168	0.01729	0.00764	0.00601	0.00184	0.00488	0.00627	0.00720	0.00976
16	0.00725	0.00519	0.00682	0.00811	0.00849	0.00484	0.00539	0.00825	0.01128	0.01499	0.03280	0.74223	0.05709	0.04630	0.00835	0.00251	0.00350	0.01640	0.00542	0.00476
17	0.01773	0.01598	0.02111	0.07074	0.35747	0.10868	0.05551	0.17524	0.03497	0.06634	0.01259	0.01470	0.00971	0.00598	0.00588	0.00177	0.00741	0.00527	0.00391	0.00900
18	0.02228	0.01580	0.01635	0.01292	0.01724	0.08670	0.01053	0.47935	0.04143	0.17003	0.01578	0.01565	0.01114	0.00902	0.04589	0.00217	0.00707	0.00539	0.00577	0.00949
19	0.00845	0.00598	0.00803	0.00927	0.01022	0.00579	0.00729	0.01037	0.01255	0.01665	0.03270	0.38255	0.06864	0.01685	0.00767	0.00249	0.00433	0.34588	0.03914	0.00514
20	0.01638	0.01327	0.01412	0.01225	0.01587	0.01514	0.00966	0.14987	0.60159	0.04941	0.02239	0.02068	0.01660	0.00785	0.00600	0.00196	0.00500	0.00643	0.00604	0.00950
21	0.05102	0.00807	0.03576	0.00815	0.01032	0.00734	0.00653	0.01419	0.10512	0.03864	0.37777	0.06712	0.17417	0.01150	0.00652	0.00191	0.00348	0.02042	0.04580	0.00616
22	0.01757	0.58100	0.02701	0.01155	0.01605	0.23182	0.01048	0.01936	0.01334	0.01407	0.00848	0.00982	0.00760	0.00535	0.00422	0.00134	0.00754	0.00334	0.00267	0.00738
23	0.00944	0.04589	0.00922	0.00772	0.00945	0.00659	0.00597	0.01206	0.01615	0.05371	0.61523	0.05829	0.08804	0.01192	0.00681	0.00187	0.00315	0.02642	0.00624	0.00582
24	0.01111	0.00761	0.00888	0.00832	0.01052	0.00732	0.00646	0.01547	0.13057	0.10436	0.20676	0.04425	0.27989	0.05151	0.00799	0.00221	0.00383	0.08065	0.00592	0.00638
25	0.01424	0.06079	0.38403	0.02186	0.20955	0.01448	0.09650	0.06148	0.01397	0.05120	0.01152	0.01369	0.00859	0.00559	0.00577	0.00182	0.00803	0.00495	0.00307	0.00889

[dist]
# distance from previous block
# <min> <max>
0	3

[block]
# block no. 2 follows, 39 sequences, length 9
# corresponding to MSA columns:
# 188-196
name=unknown_C
#
# <colnr> <probs for GDERKNQSTAVLIFYWHMCP>
#	G	D	E	R	K	N	Q	S	T	A	V	L	I	F	Y	W	H	M	C	P
0	0.01584	0.05974	0.11908	0.05746	0.33774	0.07522	0.06520	0.05688	0.04003	0.07342	0.01242	0.01479	0.00968	0.00689	0.02852	0.00200	0.00775	0.00517	0.00344	0.00873
1	0.04214	0.07382	0.01904	0.01337	0.01803	0.01245	0.13321	0.08688	0.05441	0.43424	0.01863	0.01770	0.01250	0.00680	0.00628	0.00184	0.02781	0.00580	0.00579	0.00928
2	0.00741	0.00590	0.00670	0.00711	0.00865	0.00519	0.00534	0.00904	0.01326	0.01652	0.09944	0.21321	0.47202	0.01568	0.00724	0.00215	0.00335	0.09118	0.00556	0.00504
3	0.01638	0.07630	0.05664	0.04214	0.34712	0.08505	0.04166	0.05699	0.01464	0.10215	0.03980	0.04395	0.01228	0.00658	0.00624	0.00178	0.03231	0.00569	0.00375	0.00855
4	0.00968	0.00798	0.00877	0.00841	0.01051	0.00809	0.00633	0.01609	0.23945	0.02018	0.18934	0.12771	0.29939	0.01264	0.00675	0.00202	0.00352	0.01082	0.00586	0.00644
5	0.00732	0.00519	0.00683	0.00809	0.00841	0.00488	0.00534	0.00826	0.01110	0.01480	0.03147	0.72767	0.03769	0.08111	0.00937	0.00267	0.00362	0.01615	0.00534	0.00470
6	0.01488	0.10668	0.09855	0.03771	0.18891	0.06244	0.10689	0.11333	0.03813	0.02014	0.01550	0.05044	0.04813	0.00731	0.00646	0.00185	0.03708	0.03379	0.00366	0.00811
7	0.06710	0.18619	0.05996	0.03695	0.08041	0.22971	0.01155	0.11734	0.06148	0.01955	0.01251	0.06851	0.01096	0.00689	0.00526	0.00167	0.00740	0.00516	0.00367	0.00774
8	0.03673	0.01199	0.07818	0.01074	0.01407	0.05827	0.04137	0.04369	0.03481	0.13548	0.24446	0.04956	0.09127	0.01023	0.02590	0.00202	0.03390	0.00778	0.00523	0.06434

[dist]
# distance from previous block
# <min> <max>
0	9

[block]
# block no. 3 follows, 39 sequences, length 25
# corresponding to MSA columns:
# 206-230
name=unknown_D
#
# <colnr> <probs for GDERKNQSTAVLIFYWHMCP>
#	G	D	E	R	K	N	Q	S	T	A	V	L	I	F	Y	W	H	M	C	P
0	0.05231	0.28028	0.23977	0.01421	0.02018	0.01688	0.11519	0.08413	0.01415	0.05111	0.02812	0.01441	0.03285	0.00598	0.00522	0.00168	0.00724	0.00483	0.00333	0.00813
1	0.04620	0.24430	0.08182	0.01423	0.03841	0.05856	0.11105	0.08461	0.13880	0.05133	0.02895	0.01652	0.01199	0.00711	0.01850	0.00186	0.00696	0.02666	0.00395	0.00818
2	0.01696	0.45599	0.04226	0.01131	0.01570	0.10736	0.01026	0.12637	0.03626	0.03836	0.01230	0.07957	0.01123	0.00683	0.00479	0.00152	0.00658	0.00497	0.00359	0.00778
3	0.01313	0.06197	0.09638	0.01040	0.01473	0.03012	0.00923	0.07052	0.08167	0.04634	0.10192	0.07826	0.03541	0.00839	0.02264	0.00169	0.00533	0.00625	0.00441	0.30123
4	0.01543	0.17762	0.18172	0.02602	0.03585	0.01523	0.01238	0.17559	0.09143	0.05709	0.03466	0.10254	0.01443	0.00775	0.00560	0.00177	0.00624	0.00624	0.00432	0.02808
5	0.01348	0.19839	0.26186	0.07697	0.05447	0.03679	0.06176	0.03416	0.04461	0.03594	0.09628	0.01752	0.03013	0.00658	0.00553	0.00174	0.00706	0.00541	0.00344	0.00787
6	0.01061	0.00909	0.01473	0.01597	0.15704	0.00966	0.07927	0.02635	0.01156	0.01642	0.05822	0.02362	0.03813	0.07949	0.37473	0.00581	0.03726	0.00671	0.01898	0.00636
7	0.01271	0.06527	0.41904	0.01313	0.01916	0.01168	0.01506	0.01803	0.04755	0.09726	0.08529	0.05900	0.09570	0.00811	0.00593	0.00188	0.00660	0.00663	0.00401	0.00796
8	0.01656	0.11126	0.18863	0.04661	0.03058	0.22650	0.02854	0.05874	0.07462	0.05996	0.04862	0.01623	0.03723	0.00679	0.00585	0.00173	0.02487	0.00511	0.00371	0.00784
9	0.02494	0.01059	0.01377	0.01069	0.01513	0.00965	0.00879	0.08611	0.05367	0.63807	0.02389	0.02102	0.04011	0.00760	0.00598	0.00184	0.00506	0.00616	0.00708	0.00985
10	0.00761	0.00541	0.00665	0.00747	0.00787	0.00510	0.00481	0.00837	0.01071	0.01408	0.03108	0.48824	0.10490	0.25265	0.01433	0.00337	0.00409	0.01389	0.00491	0.00445
11	0.01471	0.30026	0.29156	0.01277	0.01837	0.09713	0.01390	0.01846	0.01278	0.03684	0.01084	0.01252	0.00861	0.00580	0.00520	0.00158	0.03084	0.00407	0.09602	0.00773
12	0.01302	0.01315	0.03320	0.13423	0.07571	0.11045	0.02473	0.03258	0.13979	0.01900	0.13858	0.06244	0.07165	0.00904	0.00773	0.00197	0.09401	0.00730	0.00434	0.00708
13	0.00808	0.00671	0.00716	0.00708	0.00904	0.00618	0.00532	0.01143	0.09663	0.01778	0.12866	0.10503	0.52910	0.01416	0.00694	0.00203	0.00324	0.02425	0.00566	0.00555
14	0.01553	0.01017	0.01417	0.13321	0.14146	0.01038	0.01059	0.07880	0.06091	0.19155	0.02341	0.11963	0.09484	0.00900	0.00613	0.00191	0.00534	0.00777	0.05734	0.00786
15	0.04950	0.41514	0.16020	0.09898	0.02019	0.06197	0.01300	0.05780	0.01317	0.03065	0.00957	0.01135	0.00783	0.00561	0.00495	0.00156	0.02400	0.00387	0.00289	0.00775
16	0.03405	0.00870	0.01211	0.05512	0.03142	0.01045	0.02352	0.01228	0.02529	0.01496	0.03822	0.06245	0.03435	0.17660	0.21470	0.00486	0.20462	0.00713	0.02360	0.00557
17	0.01009	0.00732	0.00874	0.00789	0.00987	0.00697	0.00606	0.09317	0.01729	0.04063	0.49981	0.04301	0.20242	0.01205	0.00683	0.00188	0.00331	0.01037	0.00624	0.00606
18	0.04546	0.49059	0.07457	0.01129	0.01631	0.01866	0.04721	0.04112	0.01325	0.13184	0.01158	0.01251	0.00917	0.00680	0.02869	0.00173	0.00664	0.00409	0.02050	0.00799
19	0.01789	0.26182	0.02053	0.01270	0.01635	0.33314	0.02766	0.08468	0.01554	0.01665	0.01509	0.01609	0.09242	0.00702	0.00571	0.00157	0.03968	0.00486	0.00341	0.00718
20	0.01015	0.00756	0.00842	0.00807	0.01031	0.00712	0.00638	0.09288	0.02857	0.05047	0.06087	0.09452	0.45647	0.01399	0.00702	0.00210	0.00391	0.11961	0.00564	0.00593
21	0.01703	0.70659	0.02903	0.01016	0.01517	0.02173	0.00996	0.01897	0.01257	0.09849	0.00994	0.01069	0.00839	0.00532	0.00404	0.00133	0.00618	0.00348	0.00307	0.00787
22	0.01165	0.00908	0.01080	0.01176	0.09512	0.03599	0.00780	0.01621	0.13937	0.07044	0.16898	0.09908	0.17811	0.06842	0.00827	0.00223	0.00443	0.03173	0.02383	0.00668
23	0.02433	0.00985	0.01307	0.01019	0.01425	0.00877	0.00822	0.05652	0.01644	0.64387	0.02241	0.02198	0.01522	0.09636	0.00869	0.00227	0.00517	0.00622	0.00684	0.00933
24	0.02158	0.02606	0.01648	0.01471	0.01791	0.65550	0.01115	0.10384	0.01789	0.01711	0.01157	0.01275	0.03506	0.00653	0.00546	0.00157	0.00991	0.00430	0.00346	0.00715

[dist]
# distance from previous block
# <min> <max>
0	11

[block]
# block no. 4 follows, 39 sequences, length 46
# corresponding to MSA columns:
# 242-287
name=unknown_E
#
# <colnr> <probs for GDERKNQSTAVLIFYWHMCP>
#	G	D	E	R	K	N	Q	S	T	A	V	L	I	F	Y	W	H	M	C	P
0	0.01672	0.54379	0.02589	0.01082	0.01547	0.03388	0.01005	0.15846	0.05100	0.01961	0.05559	0.01316	0.01152	0.00605	0.00454	0.00144	0.00614	0.00423	0.00361	0.00802
1	0.00849	0.00573	0.00669	0.00679	0.00689	0.00578	0.00398	0.00871	0.00886	0.01188	0.01945	0.09173	0.02231	0.68490	0.07927	0.00575	0.00626	0.00904	0.00369	0.00379
2	0.00959	0.00776	0.01072	0.00997	0.01077	0.00925	0.00776	0.01151	0.01139	0.01663	0.21747	0.02800	0.02508	0.09810	0.28583	0.00514	0.19431	0.00745	0.02779	0.00549
3	0.01477	0.01450	0.02450	0.03511	0.69361	0.03196	0.06168	0.01833	0.01357	0.01918	0.01113	0.01462	0.00930	0.00527	0.00591	0.00177	0.00729	0.00534	0.00293	0.00922
4	0.00839	0.00626	0.00718	0.00737	0.00899	0.00565	0.00543	0.01066	0.04701	0.04580	0.12160	0.25391	0.39795	0.01507	0.00709	0.00211	0.00333	0.03510	0.00569	0.00541
5	0.83394	0.01144	0.00869	0.00778	0.01144	0.01327	0.00640	0.01738	0.01006	0.02653	0.00823	0.00961	0.00640	0.00549	0.00366	0.00183	0.00457	0.00320	0.00366	0.00640
6	0.83394	0.01144	0.00869	0.00778	0.01144	0.01327	0.00640	0.01738	0.01006	0.02653	0.00823	0.00961	0.00640	0.00549	0.00366	0.00183	0.00457	0.00320	0.00366	0.00640
7	0.01009	0.00734	0.00816	0.00787	0.00876	0.00768	0.00521	0.04061	0.12713	0.01517	0.02200	0.03765	0.05493	0.55371	0.02292	0.00463	0.00545	0.05150	0.00426	0.00493
8	0.01575	0.15378	0.01629	0.01186	0.05887	0.03847	0.00915	0.13972	0.09672	0.09533	0.11554	0.02288	0.08011	0.00815	0.00619	0.00173	0.03910	0.00641	0.07613	0.00782
9	0.00808	0.00664	0.00725	0.00702	0.00897	0.00612	0.00531	0.01131	0.08154	0.01850	0.21643	0.04942	0.49383	0.01480	0.03640	0.00226	0.00360	0.01129	0.00569	0.00554
10	0.00844	0.00572	0.00684	0.00720	0.00800	0.00533	0.00480	0.00950	0.01157	0.03890	0.09423	0.31545	0.16082	0.24972	0.01402	0.00323	0.00402	0.01228	0.03520	0.00473
11	0.07970	0.01067	0.04282	0.10325	0.11899	0.01015	0.05595	0.04552	0.03666	0.01963	0.09277	0.15447	0.06935	0.01031	0.02633	0.00209	0.00570	0.02250	0.00425	0.08887
12	0.01356	0.01175	0.03983	0.08278	0.04335	0.01027	0.07071	0.06834	0.04101	0.06545	0.05809	0.03068	0.04166	0.00634	0.00562	0.00145	0.01631	0.00547	0.00410	0.38324
13	0.07058	0.00686	0.00679	0.00677	0.00816	0.03574	0.00501	0.01322	0.01170	0.01983	0.01849	0.08387	0.01625	0.04612	0.07852	0.03286	0.00470	0.00640	0.52277	0.00536
14	0.00725	0.00535	0.00678	0.00784	0.00848	0.00494	0.00533	0.00836	0.01156	0.01511	0.03639	0.61768	0.16086	0.03989	0.03203	0.00265	0.00381	0.01551	0.00536	0.00482
15	0.07988	0.04399	0.07921	0.06463	0.17214	0.16834	0.02577	0.06412	0.10791	0.04346	0.01372	0.03092	0.01138	0.02230	0.00640	0.00190	0.02313	0.02901	0.00380	0.00799
16	0.01906	0.01546	0.04937	0.01411	0.04425	0.01671	0.01153	0.48522	0.04534	0.03065	0.01373	0.01489	0.01028	0.00746	0.00775	0.00187	0.12113	0.00532	0.07685	0.00902
17	0.04548	0.04126	0.10953	0.03802	0.08004	0.01299	0.01136	0.18760	0.05370	0.04800	0.03850	0.01599	0.02458	0.00642	0.00578	0.00160	0.03137	0.00502	0.04335	0.19941
18	0.01498	0.14857	0.01819	0.03846	0.01587	0.14205	0.01081	0.07286	0.01338	0.01736	0.08019	0.01574	0.01297	0.00940	0.03780	0.00218	0.27981	0.00513	0.02716	0.03709
19	0.04428	0.02982	0.10771	0.02722	0.01656	0.06024	0.01046	0.19274	0.04673	0.10919	0.05998	0.01695	0.01335	0.00834	0.04053	0.00197	0.00638	0.00520	0.05265	0.14971
20	0.09707	0.07483	0.17731	0.03581	0.08361	0.14262	0.03592	0.11836	0.06472	0.04635	0.01322	0.06057	0.01087	0.00682	0.00552	0.00179	0.00732	0.00536	0.00382	0.00811
21	0.00758	0.00582	0.00696	0.00724	0.00859	0.00520	0.00531	0.00940	0.01392	0.01819	0.26329	0.24585	0.32035	0.01509	0.00718	0.00209	0.00315	0.04384	0.00580	0.00514
22	0.01156	0.01106	0.01913	0.68514	0.08875	0.01330	0.05692	0.01553	0.01206	0.01561	0.01063	0.01570	0.00805	0.00582	0.00597	0.00196	0.00794	0.00535	0.00267	0.00684
23	0.01451	0.01012	0.04752	0.01008	0.01252	0.00954	0.00807	0.17404	0.05964	0.08227	0.01660	0.06257	0.03764	0.01377	0.01325	0.34874	0.00539	0.02555	0.00431	0.04387
24	0.12408	0.01284	0.06221	0.32903	0.09511	0.03828	0.06448	0.05109	0.01298	0.04316	0.01344	0.10259	0.01175	0.00726	0.00583	0.00195	0.00698	0.00634	0.00347	0.00713
25	0.05620	0.01035	0.01255	0.01042	0.01416	0.01016	0.00846	0.07232	0.16054	0.39234	0.06739	0.02654	0.07175	0.00874	0.00613	0.00193	0.00479	0.04986	0.00651	0.00885
26	0.01916	0.00864	0.01095	0.00912	0.01242	0.00776	0.00725	0.05707	0.01574	0.43220	0.02927	0.11891	0.13322	0.00982	0.00610	0.00187	0.00433	0.00821	0.09985	0.00811
27	0.01748	0.19623	0.10641	0.05304	0.04425	0.21411	0.02825	0.15438	0.01624	0.03080	0.01104	0.01300	0.00887	0.00919	0.06991	0.00227	0.00875	0.00445	0.00346	0.00786
28	0.00779	0.00611	0.00709	0.00725	0.00873	0.00557	0.00528	0.01025	0.04924	0.01823	0.23548	0.24237	0.34558	0.01480	0.00708	0.00207	0.00314	0.01285	0.00579	0.00531
29	0.00743	0.00580	0.00677	0.00708	0.00847	0.00513	0.00517	0.00913	0.01362	0.01750	0.20463	0.25434	0.38060	0.01535	0.00718	0.00210	0.00315	0.03576	0.00571	0.00509
30	0.08296	0.01056	0.01362	0.01052	0.01504	0.00960	0.00869	0.07116	0.01711	0.66385	0.02171	0.01903	0.01378	0.00718	0.00578	0.00183	0.00509	0.00572	0.00698	0.00981
31	0.01205	0.02799	0.64744	0.01741	0.02555	0.01367	0.09998	0.01878	0.02618	0.01899	0.03065	0.01388	0.00913	0.00576	0.00581	0.00189	0.00864	0.00487	0.00272	0.00858
32	0.00848	0.00564	0.00719	0.00811	0.00898	0.00540	0.00600	0.01032	0.01247	0.01764	0.08810	0.42156	0.05441	0.01527	0.00696	0.00221	0.00363	0.15068	0.16183	0.00513
33	0.01817	0.01007	0.01151	0.00967	0.01294	0.01035	0.00771	0.11548	0.19157	0.25248	0.02103	0.02045	0.01504	0.00732	0.00538	0.00172	0.00440	0.00590	0.27037	0.00843
34	0.01396	0.01595	0.03490	0.02493	0.03091	0.01496	0.73380	0.01894	0.01396	0.01894	0.01196	0.01595	0.00897	0.00499	0.00698	0.00199	0.00997	0.00698	0.00299	0.00798
35	0.02210	0.02780	0.01679	0.01518	0.01828	0.74326	0.01142	0.04750	0.01713	0.01524	0.00931	0.01078	0.00770	0.00613	0.00535	0.00153	0.01053	0.00386	0.00314	0.00696
36	0.02209	0.02819	0.01676	0.01524	0.01828	0.76843	0.01143	0.02361	0.01676	0.01447	0.00914	0.01066	0.00762	0.00609	0.00533	0.00152	0.01066	0.00381	0.00305	0.00686
37	0.01227	0.03686	0.04688	0.00904	0.01404	0.00842	0.00766	0.01504	0.01278	0.03776	0.07318	0.01609	0.03071	0.00543	0.00473	0.00107	0.00450	0.00440	0.00382	0.65531
38	0.00870	0.00618	0.00794	0.00789	0.00845	0.00667	0.00537	0.01010	0.02970	0.01302	0.03223	0.03192	0.01930	0.44404	0.33583	0.00712	0.00984	0.00765	0.00354	0.00449
39	0.01102	0.00551	0.00551	0.00551	0.00689	0.00551	0.00413	0.01378	0.01240	0.02205	0.01929	0.02205	0.01516	0.00689	0.00413	0.00138	0.00276	0.00551	0.82500	0.00551
40	0.01400	0.01584	0.03423	0.02562	0.07513	0.01490	0.69011	0.01889	0.01393	0.01897	0.01191	0.01587	0.00900	0.00500	0.00691	0.00198	0.00979	0.00687	0.00299	0.00806
41	0.01629	0.08247	0.17981	0.06181	0.07321	0.11701	0.14629	0.07615	0.01515	0.10046	0.04015	0.03986	0.01171	0.00647	0.00589	0.00180	0.00789	0.00567	0.00375	0.00817
42	0.01264	0.01171	0.04072	0.16332	0.13520	0.01312	0.03616	0.01605	0.04396	0.05280	0.05069	0.02183	0.03332	0.01132	0.06708	0.00271	0.22087	0.05585	0.00355	0.00712
43	0.01372	0.00750	0.00936	0.00843	0.01040	0.00702	0.00619	0.05869	0.01439	0.21206	0.16571	0.17054	0.08643	0.18832	0.01198	0.00283	0.00440	0.00990	0.00576	0.00639
44	0.00741	0.00545	0.00703	0.00788	0.00863	0.00507	0.00546	0.00882	0.01235	0.01647	0.14576	0.54514	0.13205	0.01827	0.04241	0.00259	0.00385	0.01484	0.00554	0.00497
45	0.01514	0.13286	0.39552	0.01759	0.09894	0.10525	0.03366	0.09860	0.01476	0.01968	0.01059	0.01235	0.00803	0.00571	0.00542	0.00173	0.00823	0.00440	0.00300	0.00855

[dist]
# distance from previous block
# <min> <max>
0	2

[block]
# block no. 5 follows, 39 sequences, length 11
# corresponding to MSA columns:
# 290-300
name=unknown_F
#
# <colnr> <probs for GDERKNQSTAVLIFYWHMCP>
#	G	D	E	R	K	N	Q	S	T	A	V	L	I	F	Y	W	H	M	C	P
0	0.00821	0.00612	0.00726	0.00765	0.00852	0.00598	0.00519	0.01035	0.06444	0.01542	0.07350	0.32061	0.16169	0.22244	0.05234	0.00351	0.00465	0.01224	0.00496	0.00491
1	0.00812	0.00610	0.00807	0.00845	0.00947	0.00564	0.02556	0.00950	0.01179	0.01567	0.06834	0.42330	0.11275	0.13205	0.01073	0.00278	0.00413	0.08880	0.00509	0.04366
2	0.01417	0.01396	0.07345	0.01266	0.04456	0.06351	0.07487	0.04415	0.01351	0.06043	0.01168	0.01362	0.00928	0.00684	0.04101	0.00163	0.00643	0.00431	0.00361	0.48634
3	0.01130	0.03255	0.01196	0.03001	0.06920	0.00860	0.03913	0.04776	0.05755	0.07429	0.20100	0.11557	0.21326	0.01314	0.04576	0.00233	0.00490	0.00979	0.00533	0.00658
4	0.00744	0.00533	0.00697	0.00814	0.00863	0.00500	0.00555	0.00858	0.01156	0.01535	0.05747	0.64999	0.06942	0.06298	0.00885	0.00258	0.00363	0.05232	0.00541	0.00480
5	0.00896	0.00632	0.00788	0.00836	0.00963	0.00599	0.00613	0.01161	0.06315	0.05192	0.13524	0.40229	0.16147	0.01558	0.00725	0.00223	0.00362	0.08106	0.00575	0.00556
6	0.04020	0.06421	0.14968	0.01739	0.12025	0.13265	0.06191	0.12380	0.04322	0.08172	0.03356	0.01463	0.01064	0.00640	0.00634	0.00177	0.04777	0.00503	0.00388	0.03494
7	0.00912	0.00729	0.00877	0.00960	0.01072	0.04172	0.00741	0.01157	0.04414	0.01614	0.02989	0.33746	0.07452	0.02044	0.12076	0.00348	0.00626	0.23029	0.00504	0.00538
8	0.01150	0.00707	0.00894	0.00883	0.01061	0.00671	0.00667	0.01471	0.08129	0.14125	0.15965	0.31005	0.11450	0.01397	0.00704	0.00216	0.00384	0.07888	0.00602	0.00631
9	0.01656	0.26124	0.05995	0.01529	0.07956	0.10038	0.07580	0.16009	0.01582	0.02011	0.01168	0.05613	0.01020	0.00659	0.00591	0.00164	0.04362	0.00512	0.00355	0.05076
10	0.01698	0.20218	0.06650	0.01472	0.06072	0.14346	0.04492	0.14412	0.13641	0.02087	0.02592	0.01496	0.02356	0.00672	0.00619	0.00172	0.05287	0.00500	0.00394	0.00823

[dist]
# distance from previous block
# <min> <max>
3	5

[block]
# block no. 6 follows, 39 sequences, length 11
# corresponding to MSA columns:
# 306-316
name=unknown_G
#
# <colnr> <probs for GDERKNQSTAVLIFYWHMCP>
#	G	D	E	R	K	N	Q	S	T	A	V	L	I	F	Y	W	H	M	C	P
0	0.01176	0.00698	0.00848	0.00787	0.00982	0.00673	0.00600	0.01534	0.07577	0.12380	0.27855	0.09572	0.10111	0.01227	0.04079	0.00217	0.00392	0.00909	0.17745	0.00637
1	0.01511	0.00989	0.01549	0.21370	0.11884	0.01009	0.04634	0.01840	0.03107	0.21787	0.13581	0.10342	0.02119	0.00854	0.00631	0.00193	0.00574	0.00766	0.00495	0.00767
2	0.01418	0.01048	0.01255	0.06179	0.04448	0.05049	0.03170	0.11354	0.05675	0.12091	0.20913	0.03195	0.15877	0.04772	0.00756	0.00205	0.00504	0.00826	0.00548	0.00716
3	0.04489	0.01374	0.02213	0.05861	0.46480	0.01423	0.07657	0.09318	0.01470	0.05466	0.01201	0.01495	0.00957	0.00589	0.00657	0.00183	0.04896	0.00538	0.02848	0.00886
4	0.06661	0.01159	0.01366	0.01072	0.01485	0.01156	0.00879	0.25066	0.01953	0.38721	0.04381	0.01869	0.01418	0.00727	0.00566	0.00177	0.00516	0.00572	0.09334	0.00923
5	0.00768	0.00563	0.00678	0.00749	0.00825	0.00524	0.00514	0.00872	0.01141	0.01468	0.03591	0.37240	0.20947	0.19849	0.01274	0.00311	0.00403	0.07316	0.00504	0.00462
6	0.01096	0.00874	0.01163	0.01063	0.01166	0.01054	0.00824	0.09011	0.01123	0.01596	0.01449	0.02310	0.01410	0.17991	0.38131	0.00645	0.17537	0.00642	0.00343	0.00572
7	0.02653	0.01006	0.01372	0.01052	0.01510	0.00869	0.00869	0.02882	0.01693	0.75937	0.02333	0.02013	0.01464	0.00732	0.00595	0.00183	0.00503	0.00595	0.00732	0.01006
8	0.00860	0.00617	0.00709	0.00690	0.00872	0.00537	0.00516	0.01046	0.01438	0.06378	0.24853	0.12532	0.44003	0.01406	0.00698	0.00199	0.00311	0.01202	0.00589	0.00545
9	0.02277	0.01610	0.01746	0.01339	0.01811	0.01765	0.01106	0.68481	0.02702	0.08912	0.01485	0.01462	0.01039	0.00711	0.00592	0.00178	0.00640	0.00537	0.00602	0.01006
10	0.04519	0.01114	0.01125	0.00939	0.01244	0.05707	0.00750	0.23615	0.01795	0.13582	0.01735	0.01826	0.01277	0.00692	0.00500	0.00159	0.00478	0.00534	0.37641	0.00768

[dist]
# distance from previous block
# <min> <max>
0	10

[block]
# block no. 7 follows, 39 sequences, length 27
# corresponding to MSA columns:
# 327-353
name=unknown_H
#
# <colnr> <probs for GDERKNQSTAVLIFYWHMCP>
#	G	D	E	R	K	N	Q	S	T	A	V	L	I	F	Y	W	H	M	C	P
0	0.00818	0.00658	0.00732	0.00786	0.00929	0.02298	0.00590	0.01030	0.03808	0.01655	0.05799	0.28113	0.34766	0.01557	0.00719	0.00220	0.00372	0.11922	0.02706	0.00522
1	0.01050	0.00685	0.00848	0.00798	0.00990	0.00635	0.00610	0.01364	0.05931	0.10564	0.38649	0.10757	0.19282	0.01264	0.00690	0.00198	0.00337	0.04112	0.00623	0.00613
2	0.04797	0.01116	0.01924	0.66028	0.03834	0.01335	0.09555	0.01564	0.01198	0.01604	0.01057	0.01551	0.00794	0.00579	0.00593	0.00197	0.00797	0.00536	0.00271	0.00672
3	0.18377	0.17533	0.15908	0.01344	0.01811	0.17890	0.05386	0.05027	0.02905	0.01908	0.00965	0.01142	0.00776	0.00600	0.00586	0.00172	0.06203	0.00407	0.00312	0.00749
4	0.01434	0.01417	0.01298	0.01157	0.01346	0.22438	0.03322	0.07866	0.01330	0.01630	0.01375	0.02100	0.01299	0.19011	0.17894	0.00431	0.06945	0.00587	0.04893	0.02229
5	0.01438	0.10191	0.17313	0.02911	0.06586	0.03071	0.07493	0.04367	0.04074	0.07167	0.01321	0.01677	0.01071	0.00605	0.00540	0.00157	0.00657	0.04733	0.00365	0.24264
6	0.04277	0.04189	0.09187	0.02850	0.03513	0.03497	0.02432	0.01553	0.02394	0.02934	0.01630	0.04926	0.07091	0.00675	0.00542	0.00140	0.02010	0.02957	0.00369	0.42831
7	0.32826	0.01145	0.01192	0.00975	0.01373	0.01205	0.00798	0.13088	0.05954	0.28541	0.01606	0.01550	0.01108	0.00661	0.00498	0.00180	0.00493	0.00484	0.05485	0.00837
8	0.00862	0.00577	0.00725	0.00802	0.00884	0.00562	0.00557	0.01064	0.04303	0.03435	0.02993	0.52976	0.06397	0.04239	0.05716	0.00279	0.00430	0.01349	0.11327	0.00522
9	0.01616	0.04272	0.10922	0.07359	0.15704	0.09839	0.08174	0.03832	0.02527	0.14021	0.03900	0.07490	0.01346	0.00740	0.00684	0.00189	0.05549	0.00627	0.00400	0.00809
10	0.01361	0.01956	0.31162	0.03959	0.03600	0.03777	0.12681	0.04918	0.03262	0.07295	0.01370	0.04891	0.01098	0.01113	0.09804	0.00281	0.03589	0.00580	0.00344	0.02960
11	0.00845	0.00579	0.00707	0.00753	0.00782	0.00576	0.00492	0.00911	0.00987	0.01313	0.02305	0.18917	0.02647	0.50586	0.04833	0.00479	0.00559	0.10895	0.00420	0.00414
12	0.03026	0.10420	0.05604	0.01091	0.07002	0.01010	0.00826	0.06751	0.03598	0.05219	0.03253	0.15951	0.26858	0.05850	0.00769	0.00215	0.00473	0.00958	0.00474	0.00653
13	0.05105	0.07476	0.05171	0.11475	0.12155	0.05541	0.11281	0.04261	0.02851	0.12911	0.04117	0.01962	0.07724	0.00713	0.00657	0.00186	0.04619	0.00608	0.00403	0.00785
14	0.01185	0.01191	0.01448	0.01415	0.07545	0.11276	0.07005	0.01411	0.02411	0.01631	0.06386	0.13552	0.15061	0.01354	0.06170	0.00263	0.15895	0.03768	0.00407	0.00626
15	0.25864	0.26368	0.05193	0.01370	0.06909	0.16867	0.06397	0.01897	0.01266	0.01872	0.00900	0.01073	0.00747	0.00543	0.00452	0.00160	0.00710	0.00379	0.00303	0.00729
16	0.83394	0.01144	0.00869	0.00778	0.01144	0.01327	0.00640	0.01738	0.01006	0.02653	0.00823	0.00961	0.00640	0.00549	0.00366	0.00183	0.00457	0.00320	0.00366	0.00640
17	0.05798	0.00631	0.00760	0.00779	0.00874	0.00653	0.00554	0.01007	0.01106	0.01599	0.07914	0.23074	0.12378	0.17318	0.14654	0.00413	0.03193	0.01037	0.05766	0.00493
18	0.01737	0.01818	0.16892	0.04350	0.10347	0.05569	0.08955	0.26274	0.01873	0.08243	0.04640	0.01706	0.03508	0.00676	0.00601	0.00182	0.00727	0.00572	0.00444	0.00885
19	0.04620	0.00848	0.00965	0.00885	0.01083	0.04051	0.03153	0.03888	0.08049	0.04062	0.28107	0.12066	0.11132	0.03773	0.02084	0.00215	0.00424	0.00949	0.09033	0.00613
20	0.00760	0.00556	0.00710	0.00792	0.00873	0.00515	0.00560	0.00908	0.01262	0.01675	0.15932	0.47919	0.13862	0.04548	0.00826	0.00240	0.00350	0.06656	0.00559	0.00496
21	0.01104	0.00780	0.01023	0.01070	0.04327	0.04013	0.03814	0.01273	0.01300	0.10912	0.07255	0.47844	0.07145	0.01476	0.00711	0.00220	0.00441	0.04150	0.00545	0.00597
22	0.09880	0.08681	0.07797	0.26766	0.07197	0.08803	0.03812	0.05912	0.01314	0.01835	0.01053	0.01380	0.00835	0.00723	0.03136	0.00204	0.04199	0.00468	0.02469	0.03534
23	0.06791	0.00860	0.01012	0.00874	0.01168	0.00831	0.00686	0.03923	0.08216	0.28019	0.02178	0.12558	0.01759	0.00856	0.00544	0.00175	0.00411	0.00710	0.24109	0.04320
24	0.00785	0.00574	0.00751	0.00859	0.00947	0.00539	0.00642	0.00949	0.01252	0.01640	0.07904	0.46377	0.12889	0.01712	0.00760	0.00240	0.00386	0.19735	0.00554	0.00504
25	0.01520	0.04193	0.04313	0.04122	0.15092	0.06664	0.37418	0.09294	0.04035	0.02036	0.01298	0.04857	0.01057	0.00606	0.00640	0.00189	0.00849	0.00649	0.00346	0.00823
26	0.04374	0.01512	0.01673	0.06716	0.06565	0.04900	0.01144	0.41811	0.11936	0.02955	0.01451	0.01536	0.01080	0.00712	0.00657	0.00184	0.05301	0.00537	0.04053	0.00902

[dist]
# distance from previous block
# <min> <max>
0	1

[block]
# block no. 8 follows, 39 sequences, length 21
# corresponding to MSA columns:
# 355-375
name=unknown_I
#
# <colnr> <probs for GDERKNQSTAVLIFYWHMCP>
#	G	D	E	R	K	N	Q	S	T	A	V	L	I	F	Y	W	H	M	C	P
0	0.04523	0.22413	0.02026	0.01261	0.01667	0.12694	0.06699	0.09395	0.11216	0.03245	0.01360	0.03746	0.01164	0.00686	0.00573	0.00164	0.03381	0.03662	0.00390	0.09736
1	0.01470	0.08533	0.09226	0.01240	0.01583	0.23955	0.05202	0.06254	0.01554	0.01852	0.16782	0.02472	0.10662	0.03781	0.00720	0.00189	0.02760	0.00674	0.00413	0.00677
2	0.01317	0.05831	0.35500	0.01554	0.07139	0.04078	0.03583	0.07739	0.07013	0.01992	0.01685	0.01818	0.08121	0.00850	0.04106	0.00213	0.00762	0.00551	0.00350	0.05797
3	0.01421	0.04194	0.02103	0.27705	0.38998	0.04380	0.01628	0.06660	0.01399	0.01873	0.01156	0.01622	0.00954	0.00597	0.00585	0.00183	0.00734	0.02674	0.00310	0.00821
4	0.00944	0.00617	0.00798	0.00839	0.00952	0.00582	0.00600	0.01170	0.04579	0.07679	0.18713	0.46307	0.06484	0.03378	0.00776	0.00230	0.00359	0.03852	0.00583	0.00559
5	0.01235	0.01249	0.04276	0.27026	0.08137	0.06040	0.12317	0.05427	0.01342	0.01747	0.05792	0.02153	0.05650	0.06224	0.08587	0.00293	0.00836	0.00647	0.00342	0.00680
6	0.01041	0.00942	0.00960	0.00965	0.04397	0.05721	0.00691	0.01590	0.19079	0.01948	0.16538	0.04142	0.37363	0.01179	0.00659	0.00193	0.00404	0.00989	0.00552	0.00646
7	0.01430	0.01371	0.02340	0.10801	0.68619	0.01396	0.01798	0.01786	0.01331	0.01891	0.01106	0.01475	0.00922	0.00533	0.00586	0.00178	0.00711	0.00527	0.00290	0.00910
8	0.02201	0.01253	0.01467	0.01156	0.01580	0.01281	0.00944	0.30484	0.09785	0.33169	0.06078	0.02063	0.04193	0.00784	0.00604	0.00183	0.00538	0.00627	0.00652	0.00956
9	0.02113	0.01043	0.01274	0.01039	0.01416	0.01021	0.00848	0.12862	0.10426	0.40885	0.02192	0.02250	0.01559	0.00783	0.00580	0.00182	0.00487	0.04705	0.13436	0.00900
10	0.00860	0.00573	0.00645	0.00645	0.00645	0.00573	0.00358	0.00860	0.00860	0.01147	0.01863	0.03870	0.02150	0.79217	0.03010	0.00573	0.00573	0.00860	0.00358	0.00358
11	0.00740	0.00523	0.00680	0.00798	0.00828	0.00494	0.00522	0.00829	0.01094	0.01458	0.03061	0.68194	0.03661	0.12831	0.01075	0.00287	0.00376	0.01565	0.00522	0.00463
12	0.00765	0.00596	0.00702	0.00763	0.00886	0.00548	0.00549	0.00977	0.04656	0.01648	0.08192	0.39208	0.31614	0.01620	0.00726	0.00221	0.00339	0.04919	0.00557	0.00516
13	0.11438	0.01339	0.01540	0.09630	0.05874	0.01480	0.01083	0.35273	0.09047	0.07184	0.04809	0.01831	0.01338	0.00733	0.00575	0.00186	0.00592	0.03058	0.02123	0.00869
14	0.02005	0.01336	0.01550	0.01344	0.05603	0.04966	0.01031	0.30228	0.04702	0.21461	0.05053	0.01818	0.01389	0.01158	0.09131	0.00269	0.04933	0.00581	0.00552	0.00891
15	0.00729	0.00544	0.00667	0.00752	0.00832	0.00495	0.00513	0.00848	0.01201	0.01558	0.07787	0.51914	0.21970	0.06217	0.00868	0.00246	0.00342	0.01491	0.00544	0.00482
16	0.01512	0.00891	0.00970	0.00842	0.01096	0.00923	0.00661	0.18961	0.04530	0.09947	0.02077	0.07058	0.03833	0.00803	0.00513	0.00163	0.00402	0.00650	0.43452	0.00716
17	0.03038	0.01802	0.06909	0.04353	0.06105	0.20504	0.03225	0.20137	0.09263	0.04309	0.01417	0.04372	0.01161	0.03372	0.04850	0.00235	0.03158	0.00561	0.00424	0.00803
18	0.01450	0.06091	0.12321	0.05404	0.14070	0.01395	0.18585	0.10745	0.04081	0.04745	0.01658	0.02017	0.06270	0.00738	0.00693	0.02542	0.02233	0.03774	0.00377	0.00810
19	0.01382	0.16889	0.17119	0.02837	0.03883	0.09859	0.06391	0.05543	0.01273	0.01644	0.01176	0.01695	0.01056	0.11725	0.09375	0.00313	0.06312	0.00520	0.00303	0.00706
20	0.05314	0.03449	0.02497	0.01296	0.07928	0.08612	0.00963	0.12347	0.01571	0.10754	0.04439	0.01672	0.01234	0.00634	0.00552	0.00147	0.02088	0.03124	0.00435	0.30942

[dist]
# distance from previous block
# <min> <max>
0	7

[block]
# block no. 9 follows, 39 sequences, length 18
# corresponding to MSA columns:
# 383-388,403-414
name=unknown_J
#
# <colnr> <probs for GDERKNQSTAVLIFYWHMCP>
#	G	D	E	R	K	N	Q	S	T	A	V	L	I	F	Y	W	H	M	C	P
0	0.01042	0.00646	0.00803	0.00779	0.00955	0.00578	0.00585	0.01232	0.01431	0.12424	0.24459	0.19382	0.23879	0.04157	0.00784	0.00219	0.00355	0.05111	0.00597	0.00582
1	0.01237	0.01144	0.01891	0.32672	0.36141	0.01240	0.01548	0.01586	0.01288	0.01771	0.04099	0.01926	0.05969	0.00648	0.00591	0.00184	0.00676	0.00594	0.04028	0.00766
2	0.03558	0.37455	0.14734	0.01246	0.04347	0.04194	0.01185	0.08078	0.02728	0.04462	0.03621	0.05460	0.03013	0.00731	0.01546	0.00171	0.01836	0.00508	0.00348	0.00781
3	0.01225	0.09488	0.25490	0.08875	0.08998	0.01340	0.08880	0.01806	0.09588	0.01845	0.04126	0.05164	0.06561	0.00755	0.00599	0.00190	0.00699	0.03232	0.00357	0.00782
4	0.00769	0.00546	0.00681	0.00761	0.00807	0.00516	0.00501	0.00862	0.01111	0.01474	0.07143	0.47036	0.08895	0.22670	0.01358	0.00325	0.00404	0.03184	0.00503	0.00455
5	0.00891	0.00727	0.00852	0.00804	0.00955	0.03683	0.02526	0.01079	0.01398	0.01859	0.30970	0.10162	0.24924	0.05369	0.02371	0.03107	0.02842	0.01056	0.03898	0.00527
6	0.04407	0.04376	0.10709	0.03844	0.33859	0.08359	0.05742	0.05706	0.03312	0.01898	0.01183	0.01616	0.01013	0.08028	0.00843	0.00216	0.03219	0.00534	0.00319	0.00815
7	0.04751	0.00972	0.03691	0.01340	0.06850	0.04008	0.08499	0.01310	0.01317	0.01776	0.05323	0.20967	0.08042	0.01330	0.00720	0.00230	0.00560	0.27231	0.00478	0.00604
8	0.39980	0.08087	0.03770	0.01088	0.01444	0.24806	0.00896	0.01884	0.01248	0.02040	0.00959	0.03988	0.00829	0.00626	0.00494	0.00170	0.03187	0.00402	0.00337	0.03763
9	0.01248	0.00727	0.00921	0.00858	0.01038	0.00710	0.00638	0.01514	0.06940	0.16969	0.10195	0.11380	0.10604	0.16606	0.12166	0.02613	0.00609	0.03127	0.00523	0.00614
10	0.00919	0.00626	0.00742	0.00704	0.00872	0.00558	0.00519	0.01110	0.01448	0.07454	0.33178	0.07084	0.31624	0.09428	0.00933	0.00233	0.00336	0.01100	0.00584	0.00546
11	0.01407	0.05427	0.37734	0.04406	0.08953	0.03932	0.01624	0.01928	0.04082	0.08189	0.01201	0.01361	0.00891	0.00576	0.00578	0.00169	0.02823	0.00452	0.00327	0.13939
12	0.01325	0.01463	0.07477	0.09634	0.07707	0.04127	0.30704	0.06650	0.04168	0.02029	0.11397	0.02221	0.06920	0.00711	0.00653	0.00192	0.00760	0.00715	0.00388	0.00760
13	0.00985	0.00616	0.00779	0.00816	0.00947	0.00562	0.00581	0.01162	0.03105	0.10913	0.08289	0.49164	0.16660	0.01580	0.00717	0.00221	0.00354	0.01401	0.00580	0.00566
14	0.01466	0.00868	0.04130	0.00898	0.01176	0.00738	0.00732	0.01787	0.06125	0.25987	0.18740	0.11694	0.12716	0.03882	0.00731	0.00208	0.00416	0.02670	0.04320	0.00717
15	0.13197	0.04311	0.14425	0.01389	0.04599	0.12315	0.03120	0.12967	0.09598	0.16271	0.01446	0.01465	0.01036	0.00643	0.00544	0.00179	0.00685	0.00489	0.00458	0.00863
16	0.01208	0.01000	0.01065	0.01030	0.01198	0.12091	0.04414	0.02851	0.01340	0.08023	0.04157	0.41245	0.06578	0.03449	0.00747	0.00222	0.00515	0.04643	0.03634	0.00589
17	0.00725	0.00551	0.00668	0.00743	0.00841	0.00494	0.00518	0.00860	0.01255	0.01623	0.11192	0.47827	0.27219	0.01675	0.00731	0.00222	0.00323	0.01481	0.00559	0.00494

[dist]
# distance from previous block
# <min> <max>
4	16

[block]
# block no. 10 follows, 39 sequences, length 16
# corresponding to MSA columns:
# 432-447
name=unknown_K
#
# <colnr> <probs for GDERKNQSTAVLIFYWHMCP>
#	G	D	E	R	K	N	Q	S	T	A	V	L	I	F	Y	W	H	M	C	P
0	0.06955	0.10009	0.13443	0.03547	0.01690	0.03678	0.02460	0.04318	0.10382	0.10367	0.04364	0.03591	0.05533	0.00693	0.00534	0.00163	0.00575	0.00553	0.00429	0.16717
1	0.01560	0.01282	0.01579	0.04249	0.19363	0.03919	0.01121	0.19810	0.14430	0.04591	0.06194	0.05508	0.07927	0.00815	0.00604	0.00183	0.00565	0.00690	0.03176	0.02434
2	0.01158	0.03519	0.01454	0.17243	0.01895	0.01165	0.04633	0.04910	0.06108	0.03398	0.01965	0.20490	0.04217	0.07345	0.01080	0.00248	0.14689	0.03441	0.00408	0.00634
3	0.01309	0.12927	0.61667	0.01576	0.02375	0.01530	0.01961	0.06654	0.01345	0.01934	0.01054	0.01221	0.00768	0.00564	0.00540	0.00179	0.00828	0.00428	0.00273	0.00868
4	0.01468	0.04982	0.02097	0.04345	0.01962	0.01517	0.19167	0.01943	0.11737	0.08787	0.01352	0.01623	0.01069	0.00775	0.01085	0.00212	0.28672	0.00585	0.05863	0.00759
5	0.01035	0.00704	0.00846	0.00858	0.01010	0.00694	0.00630	0.04459	0.09353	0.06394	0.10356	0.38555	0.10947	0.01417	0.00684	0.00213	0.00371	0.03739	0.07133	0.00603
6	0.04701	0.00568	0.00719	0.00818	0.00893	0.00537	0.00561	0.00950	0.01173	0.04183	0.05764	0.67253	0.06252	0.01717	0.00727	0.00232	0.00350	0.01542	0.00550	0.00510
7	0.06377	0.04328	0.01625	0.10536	0.01910	0.11041	0.01102	0.32509	0.01905	0.05081	0.01354	0.01765	0.01106	0.04786	0.03313	0.00231	0.05908	0.03872	0.00450	0.00800
8	0.01821	0.00869	0.01113	0.00952	0.01271	0.00794	0.00754	0.02165	0.08546	0.40813	0.07889	0.13636	0.12388	0.01063	0.00646	0.00198	0.00435	0.03177	0.00657	0.00811
9	0.00748	0.00534	0.00718	0.00855	0.00901	0.00504	0.00597	0.00871	0.01159	0.01540	0.03244	0.70339	0.03852	0.01827	0.00762	0.00244	0.00367	0.09903	0.00548	0.00488
10	0.01480	0.05347	0.01440	0.01174	0.01446	0.09613	0.06598	0.14124	0.04186	0.09347	0.03920	0.30297	0.03636	0.01247	0.03121	0.00224	0.00604	0.00983	0.00508	0.00707
11	0.10008	0.01268	0.06482	0.01166	0.03875	0.01207	0.00957	0.16044	0.16153	0.16982	0.12531	0.02232	0.04282	0.00797	0.00582	0.00185	0.00506	0.00645	0.03250	0.00848
12	0.00743	0.00541	0.00706	0.00829	0.00891	0.00504	0.00582	0.00869	0.01179	0.01547	0.03525	0.63627	0.11143	0.01793	0.00756	0.00239	0.00360	0.09129	0.00549	0.00489
