[name]
unknown

[dist]
# distance from previous block
# <min> <max>
22	77

[block]
# block no. 0 follows, 31 sequences, length 33
# corresponding to MSA columns:
# 100-132
name=unknown_A
#
# <colnr> <probs for GDERKNQSTAVLIFYWHMCP>
#	G	D	E	R	K	N	Q	S	T	A	V	L	I	F	Y	W	H	M	C	P
0	0.01102	0.00904	0.01279	0.21628	0.02122	0.00974	0.01031	0.03116	0.01482	0.01998	0.15835	0.16984	0.09366	0.06818	0.06009	0.00321	0.02517	0.01083	0.00511	0.04919
1	0.02231	0.01888	0.02019	0.11284	0.05220	0.11759	0.01410	0.33832	0.06402	0.06430	0.01526	0.01683	0.01139	0.00828	0.00851	0.00217	0.09137	0.00601	0.00540	0.01005
2	0.09356	0.01150	0.01285	0.04621	0.01565	0.01202	0.00884	0.13588	0.09854	0.08764	0.07269	0.06259	0.03535	0.07967	0.00905	0.00246	0.00549	0.02022	0.11900	0.07078
3	0.01769	0.01134	0.01304	0.04193	0.01575	0.03803	0.00911	0.07562	0.12956	0.19301	0.04901	0.16626	0.09511	0.08253	0.01004	0.00273	0.00572	0.02843	0.00658	0.00850
4	0.02072	0.01357	0.01759	0.06908	0.11948	0.01432	0.01268	0.04356	0.30412	0.23575	0.02452	0.02545	0.01815	0.00886	0.00702	0.00225	0.00627	0.03939	0.00659	0.01064
5	0.01606	0.01287	0.01385	0.01290	0.01592	0.04882	0.01017	0.09496	0.29599	0.05483	0.09849	0.12675	0.02987	0.01270	0.00767	0.00244	0.00575	0.12433	0.00671	0.00891
6	0.05114	0.00776	0.00943	0.00942	0.01107	0.00763	0.00692	0.01411	0.04049	0.07499	0.12322	0.20666	0.13181	0.13781	0.08606	0.00400	0.00612	0.05903	0.00596	0.00636
7	0.01140	0.00684	0.00785	0.00815	0.00940	0.00659	0.00569	0.03023	0.01404	0.04724	0.03184	0.28785	0.09031	0.12101	0.01089	0.00283	0.00419	0.01221	0.28540	0.00605
8	0.00962	0.00743	0.00976	0.01056	0.01129	0.00776	0.00759	0.01202	0.04810	0.01889	0.08901	0.54574	0.05585	0.01914	0.00990	0.00273	0.07368	0.04865	0.00616	0.00611
9	0.01184	0.00761	0.00877	0.00851	0.00956	0.00756	0.00563	0.05525	0.01319	0.05229	0.02777	0.14313	0.08366	0.41423	0.04975	0.00493	0.00615	0.01089	0.07368	0.00560
10	0.00916	0.00665	0.00843	0.00940	0.01013	0.00641	0.00640	0.01138	0.04761	0.01869	0.10978	0.52308	0.06057	0.10909	0.01173	0.00315	0.00432	0.03201	0.00624	0.00577
11	0.01269	0.00998	0.01109	0.01062	0.01329	0.01035	0.00816	0.02124	0.27454	0.04988	0.10507	0.12944	0.24097	0.01426	0.00779	0.00241	0.00453	0.05895	0.00677	0.00797
12	0.12827	0.01147	0.01387	0.01098	0.01577	0.01045	0.00897	0.04968	0.01801	0.45701	0.02936	0.02692	0.11517	0.00921	0.00658	0.00206	0.00542	0.00732	0.00724	0.06625
13	0.01045	0.00759	0.00945	0.01004	0.01127	0.00741	0.00727	0.07449	0.01581	0.02104	0.10460	0.46579	0.08993	0.05319	0.00973	0.00283	0.00455	0.08191	0.00641	0.00624
14	0.01119	0.00749	0.00951	0.00963	0.01128	0.00704	0.00716	0.03146	0.03173	0.07181	0.25149	0.31249	0.12549	0.01688	0.00829	0.00248	0.00412	0.06694	0.00689	0.00663
15	0.06413	0.00781	0.00934	0.00902	0.01095	0.00757	0.00691	0.01415	0.05212	0.02573	0.47732	0.08013	0.13422	0.01429	0.00788	0.00227	0.00375	0.05879	0.00700	0.00661
16	0.01106	0.00778	0.00973	0.01017	0.01178	0.00757	0.00770	0.01481	0.08271	0.05492	0.14184	0.29203	0.12328	0.04753	0.00950	0.00278	0.00461	0.14700	0.00659	0.00662
17	0.05455	0.01142	0.01297	0.01173	0.01468	0.01186	0.00923	0.24267	0.02067	0.06200	0.06546	0.24210	0.10887	0.01448	0.00776	0.00243	0.00549	0.08692	0.00657	0.00815
18	0.01184	0.00865	0.01016	0.01028	0.01244	0.00861	0.00799	0.01735	0.14888	0.05610	0.08195	0.19133	0.21323	0.01591	0.00808	0.00253	0.00461	0.14601	0.03689	0.00717
19	0.63997	0.01279	0.01074	0.00941	0.01338	0.01444	0.00756	0.05292	0.01305	0.07866	0.01223	0.01539	0.00993	0.07714	0.00741	0.00254	0.00556	0.00463	0.00465	0.00761
20	0.00906	0.00724	0.00808	0.00809	0.01005	0.00652	0.00606	0.01180	0.04408	0.02066	0.20108	0.10537	0.43482	0.04763	0.00927	0.00253	0.00382	0.05122	0.00654	0.00608
21	0.01100	0.00807	0.00909	0.00909	0.01096	0.00778	0.00663	0.01486	0.10766	0.05313	0.04523	0.17029	0.29937	0.15115	0.01293	0.00323	0.00471	0.06225	0.00613	0.00645
22	0.46187	0.01243	0.01159	0.01025	0.01414	0.01373	0.00842	0.08497	0.04173	0.09734	0.04018	0.02207	0.01501	0.00841	0.00551	0.00217	0.00542	0.06740	0.06923	0.00813
23	0.73466	0.01379	0.01104	0.00963	0.01398	0.01590	0.00793	0.08323	0.01357	0.03186	0.01017	0.01161	0.00780	0.00653	0.00448	0.00211	0.00550	0.00393	0.00448	0.00780
24	0.01304	0.00852	0.01143	0.01198	0.05462	0.00846	0.00820	0.01657	0.08015	0.10094	0.18253	0.20699	0.04812	0.06250	0.09827	0.05663	0.00641	0.01148	0.00606	0.00709
25	0.01235	0.00929	0.01121	0.01083	0.01257	0.01025	0.00818	0.05774	0.13737	0.02105	0.02656	0.13578	0.05812	0.11793	0.19487	0.00511	0.03684	0.04231	0.08463	0.00703
26	0.01026	0.00692	0.00844	0.00871	0.01011	0.00640	0.00614	0.01175	0.01396	0.06739	0.07096	0.29356	0.24657	0.12652	0.07667	0.00384	0.00557	0.01427	0.00600	0.00594
27	0.00979	0.00726	0.01066	0.01066	0.01177	0.00837	0.00814	0.01200	0.01090	0.01564	0.01863	0.02855	0.01783	0.11765	0.66711	0.01059	0.01723	0.00758	0.00371	0.00592
28	0.01460	0.01323	0.01979	0.47801	0.12576	0.03934	0.01694	0.05957	0.01528	0.02041	0.01463	0.01944	0.02633	0.00732	0.00706	0.00217	0.02793	0.00625	0.07782	0.00812
29	0.01576	0.01730	0.07918	0.04306	0.02988	0.01535	0.44829	0.06941	0.01689	0.04137	0.03503	0.12090	0.01668	0.00847	0.00790	0.00233	0.00967	0.00932	0.00429	0.00891
30	0.01044	0.00798	0.01172	0.03535	0.06233	0.00882	0.00888	0.01266	0.01175	0.01659	0.05312	0.03192	0.02086	0.17940	0.46895	0.00860	0.01400	0.02652	0.00398	0.00614
31	0.11839	0.00991	0.01201	0.01073	0.01400	0.00952	0.00856	0.04014	0.03518	0.27034	0.12759	0.14154	0.07480	0.01265	0.00736	0.00235	0.00505	0.08441	0.00702	0.00847
32	0.01542	0.01507	0.04269	0.34178	0.11504	0.05092	0.04383	0.08744	0.01606	0.02136	0.01433	0.06921	0.01225	0.00797	0.00757	0.00215	0.04419	0.00681	0.00383	0.08207

[dist]
# distance from previous block
# <min> <max>
4	12

[block]
# block no. 1 follows, 31 sequences, length 10
# corresponding to MSA columns:
# 146-155
name=unknown_B
#
# <colnr> <probs for GDERKNQSTAVLIFYWHMCP>
#	G	D	E	R	K	N	Q	S	T	A	V	L	I	F	Y	W	H	M	C	P
0	0.01289	0.00973	0.01051	0.01038	0.01126	0.08555	0.00725	0.04498	0.01235	0.01564	0.01877	0.15965	0.02001	0.11626	0.10998	0.32880	0.00799	0.00897	0.00408	0.00495
1	0.01356	0.00699	0.00819	0.00800	0.00977	0.00699	0.00605	0.01636	0.01420	0.09104	0.02381	0.10439	0.02041	0.01624	0.11901	0.00324	0.00589	0.00799	0.51109	0.00676
2	0.01816	0.12290	0.04355	0.05295	0.06729	0.03653	0.10291	0.16334	0.13091	0.04791	0.01904	0.02081	0.04288	0.01250	0.08515	0.00303	0.00894	0.00673	0.00493	0.00954
3	0.00853	0.00704	0.00754	0.00767	0.00985	0.00605	0.00592	0.01053	0.01590	0.01938	0.11486	0.06594	0.59159	0.01724	0.00823	0.00239	0.00375	0.08525	0.00644	0.00588
4	0.01419	0.01216	0.01419	0.01013	0.01621	0.00912	0.00811	0.01723	0.01419	0.02229	0.01216	0.01419	0.01013	0.00507	0.00507	0.00101	0.00507	0.00405	0.00405	0.80139
5	0.00960	0.00723	0.01032	0.01060	0.01190	0.00795	0.00826	0.01193	0.01212	0.01674	0.02709	0.09496	0.09601	0.04210	0.52590	0.00864	0.01440	0.07379	0.00443	0.00605
6	0.05201	0.18096	0.21957	0.01481	0.02121	0.09909	0.01506	0.10570	0.01715	0.05575	0.01352	0.01634	0.01082	0.00825	0.02677	0.00210	0.00857	0.02625	0.00405	0.10202
7	0.04373	0.07302	0.07310	0.03753	0.05099	0.05742	0.05281	0.14142	0.07445	0.09513	0.01954	0.02019	0.06217	0.00765	0.00634	0.00187	0.00712	0.00620	0.00509	0.16422
8	0.01794	0.11989	0.05893	0.07057	0.05309	0.03941	0.10688	0.11524	0.06835	0.09030	0.02228	0.05510	0.08063	0.00925	0.00761	0.00217	0.04043	0.02778	0.00500	0.00915
9	0.09821	0.21809	0.02166	0.01402	0.03938	0.14760	0.04060	0.08509	0.04718	0.02187	0.01779	0.07744	0.05466	0.02915	0.00674	0.00200	0.00751	0.00660	0.00435	0.06008

[dist]
# distance from previous block
# <min> <max>
8	76

[block]
# block no. 2 follows, 31 sequences, length 15
# corresponding to MSA columns:
# 245-259
name=unknown_C
#
# <colnr> <probs for GDERKNQSTAVLIFYWHMCP>
#	G	D	E	R	K	N	Q	S	T	A	V	L	I	F	Y	W	H	M	C	P
0	0.01772	0.24233	0.08000	0.05665	0.06567	0.09823	0.01313	0.10320	0.01667	0.04034	0.01582	0.08176	0.01484	0.05722	0.03073	0.00255	0.02380	0.02663	0.00417	0.00854
1	0.01591	0.12425	0.01962	0.05520	0.05388	0.16110	0.07086	0.01870	0.01658	0.04108	0.13567	0.08830	0.08864	0.01060	0.00701	0.00207	0.00740	0.04608	0.00487	0.03218
2	0.01536	0.12855	0.01708	0.05674	0.06106	0.05136	0.01012	0.04872	0.04520	0.07750	0.08975	0.14680	0.08500	0.04233	0.00803	0.00225	0.00604	0.02593	0.00532	0.07686
3	0.01656	0.15169	0.07909	0.06750	0.09115	0.11654	0.03515	0.07971	0.01663	0.02091	0.04694	0.06914	0.04909	0.01180	0.04848	0.00261	0.04051	0.04389	0.00423	0.00838
4	0.06366	0.05558	0.07354	0.09194	0.02413	0.30993	0.04444	0.12086	0.08103	0.05075	0.01395	0.01546	0.01063	0.00726	0.00637	0.00198	0.00965	0.00537	0.00441	0.00906
5	0.01488	0.00984	0.01178	0.01048	0.01228	0.01040	0.00760	0.14227	0.01606	0.08325	0.07515	0.07414	0.02434	0.33660	0.10838	0.00520	0.03595	0.00921	0.00532	0.00685
6	0.00944	0.00642	0.00761	0.00812	0.00824	0.00629	0.00485	0.00981	0.01095	0.01460	0.02668	0.27027	0.03134	0.52524	0.02654	0.00541	0.00579	0.01296	0.00485	0.00459
7	0.01483	0.01447	0.02510	0.37157	0.23119	0.01615	0.11416	0.02012	0.05358	0.02007	0.01335	0.01817	0.01044	0.00684	0.00769	0.00225	0.04124	0.00646	0.00342	0.00892
8	0.01387	0.03432	0.68105	0.02009	0.03000	0.01598	0.06728	0.02168	0.01455	0.02168	0.01238	0.01470	0.00877	0.00645	0.00660	0.00218	0.01020	0.00525	0.00292	0.01006
9	0.01524	0.10841	0.46558	0.12014	0.02966	0.04566	0.02151	0.05583	0.01527	0.02124	0.01201	0.01464	0.00891	0.00676	0.00682	0.00211	0.03243	0.00511	0.00315	0.00953
10	0.00917	0.00651	0.00748	0.00789	0.00844	0.00619	0.00492	0.00981	0.01185	0.01536	0.03493	0.23242	0.16295	0.42576	0.02293	0.00480	0.00533	0.01327	0.00514	0.00482
11	0.01495	0.23075	0.53949	0.01741	0.02638	0.01889	0.02164	0.02135	0.01430	0.02017	0.01154	0.01351	0.00870	0.00633	0.00593	0.00198	0.00936	0.00468	0.00290	0.00975
12	0.00849	0.00673	0.00769	0.00836	0.01000	0.00594	0.00620	0.01021	0.01484	0.01839	0.05588	0.28023	0.43283	0.01877	0.00844	0.00255	0.00393	0.08842	0.00635	0.00577
13	0.13973	0.56228	0.03031	0.01313	0.05879	0.02368	0.01151	0.02117	0.01397	0.05790	0.01069	0.01204	0.00915	0.00609	0.00465	0.00163	0.00697	0.00399	0.00346	0.00885
14	0.07004	0.15754	0.04791	0.01069	0.01335	0.01196	0.00891	0.04384	0.01454	0.02016	0.06672	0.35707	0.06057	0.01659	0.03897	0.00273	0.00583	0.04031	0.00533	0.00692

[dist]
# distance from previous block
# <min> <max>
1	6

[block]
# block no. 3 follows, 31 sequences, length 6
# corresponding to MSA columns:
# 266-271
name=unknown_D
#
# <colnr> <probs for GDERKNQSTAVLIFYWHMCP>
#	G	D	E	R	K	N	Q	S	T	A	V	L	I	F	Y	W	H	M	C	P
0	0.01037	0.00812	0.01185	0.01158	0.01273	0.00960	0.00915	0.01283	0.01200	0.01729	0.08421	0.03070	0.02198	0.04192	0.55054	0.00890	0.09170	0.04413	0.00411	0.00629
1	0.02077	0.02254	0.32993	0.01567	0.02276	0.01363	0.01694	0.07177	0.05030	0.28381	0.01920	0.01925	0.01311	0.01054	0.05624	0.00275	0.00867	0.00609	0.00548	0.01055
2	0.04773	0.19402	0.02707	0.11598	0.36303	0.01902	0.01701	0.06400	0.04942	0.02221	0.01281	0.01583	0.01055	0.00643	0.00613	0.00195	0.00778	0.00550	0.00366	0.00987
3	0.00828	0.00694	0.00720	0.00714	0.00936	0.00586	0.00535	0.01020	0.01605	0.01957	0.14785	0.06404	0.63488	0.01692	0.00808	0.00229	0.00344	0.01419	0.00650	0.00586
4	0.01935	0.31722	0.07146	0.01798	0.11863	0.11033	0.01406	0.12306	0.06641	0.02234	0.01307	0.01486	0.01077	0.00895	0.04208	0.00225	0.00868	0.00503	0.00397	0.00949
5	0.00950	0.00699	0.00890	0.00842	0.01011	0.00638	0.00632	0.01257	0.01895	0.02644	0.64150	0.05275	0.13695	0.01436	0.00807	0.00217	0.00325	0.01260	0.00740	0.00638

[dist]
# distance from previous block
# <min> <max>
0	2

[block]
# block no. 4 follows, 31 sequences, length 24
# corresponding to MSA columns:
# 274-278,280-298
name=unknown_E
#
# <colnr> <probs for GDERKNQSTAVLIFYWHMCP>
#	G	D	E	R	K	N	Q	S	T	A	V	L	I	F	Y	W	H	M	C	P
0	0.00965	0.00661	0.00744	0.00756	0.00781	0.00647	0.00441	0.00991	0.01073	0.01408	0.02738	0.09780	0.09368	0.63408	0.03034	0.00593	0.00613	0.01107	0.00452	0.00441
1	0.01672	0.05772	0.08020	0.36823	0.12647	0.13945	0.04186	0.05331	0.01597	0.01967	0.01212	0.01629	0.00941	0.00673	0.00660	0.00210	0.00954	0.00566	0.00335	0.00860
2	0.29956	0.21618	0.04128	0.06801	0.01962	0.19498	0.01155	0.04291	0.01502	0.02254	0.01028	0.01218	0.00841	0.00649	0.00510	0.00187	0.00806	0.00416	0.00367	0.00812
3	0.61497	0.01363	0.01373	0.05899	0.01761	0.01538	0.06731	0.05254	0.01334	0.02915	0.01299	0.01484	0.03850	0.00690	0.00503	0.00215	0.00611	0.00482	0.00431	0.00771
4	0.01345	0.01287	0.02161	0.61042	0.08260	0.01588	0.04016	0.01773	0.01356	0.01780	0.01195	0.01786	0.00925	0.00726	0.00837	0.00233	0.07988	0.00614	0.00307	0.00783
5	0.01644	0.01676	0.02705	0.25655	0.09654	0.06869	0.23195	0.06811	0.03780	0.02155	0.01325	0.01752	0.01023	0.00685	0.00802	0.00221	0.05211	0.00657	0.00367	0.03813
6	0.54334	0.01211	0.01073	0.00941	0.01329	0.01335	0.00763	0.05242	0.01467	0.08552	0.12243	0.02133	0.05387	0.00835	0.00536	0.00213	0.00503	0.00597	0.00532	0.00772
7	0.01488	0.01434	0.02143	0.53808	0.13102	0.05727	0.01845	0.04941	0.01494	0.01920	0.01219	0.01747	0.00944	0.00708	0.00760	0.00224	0.04745	0.00598	0.00329	0.00822
8	0.00994	0.00668	0.00772	0.00772	0.00780	0.00677	0.00446	0.01011	0.01002	0.01345	0.02132	0.04349	0.02432	0.70875	0.08488	0.00695	0.00747	0.00976	0.00411	0.00429
9	0.00870	0.00694	0.00786	0.00821	0.01010	0.00610	0.00627	0.01072	0.01574	0.01967	0.13715	0.15472	0.46156	0.01767	0.00835	0.00246	0.00388	0.10151	0.00649	0.00590
10	0.01497	0.01497	0.02095	0.01796	0.01796	0.02095	0.01497	0.01646	0.01048	0.01646	0.00898	0.01497	0.00898	0.01197	0.02245	0.00299	0.74704	0.00599	0.00299	0.00748
11	0.01829	0.76368	0.03585	0.01171	0.01756	0.02707	0.01171	0.02049	0.01390	0.01610	0.00951	0.01097	0.00878	0.00585	0.00439	0.00146	0.00732	0.00366	0.00293	0.00878
12	0.00994	0.00668	0.00773	0.00773	0.00782	0.00678	0.00448	0.01012	0.01003	0.01346	0.02131	0.04343	0.02429	0.70658	0.08702	0.00696	0.00751	0.00975	0.00411	0.00429
13	0.01986	0.06378	0.02297	0.05322	0.22442	0.23058	0.05021	0.10181	0.06817	0.02265	0.01645	0.01857	0.04621	0.00835	0.02162	0.00217	0.00927	0.00612	0.00421	0.00938
14	0.01943	0.05279	0.09000	0.01542	0.04016	0.13597	0.04542	0.08488	0.13731	0.12499	0.02227	0.02395	0.06532	0.05725	0.05193	0.00289	0.00849	0.00701	0.00530	0.00922
15	0.02494	0.03143	0.01999	0.01937	0.07107	0.68074	0.01378	0.02687	0.01911	0.01715	0.01074	0.01267	0.00896	0.00698	0.00621	0.00178	0.01204	0.00453	0.00352	0.00814
16	0.01528	0.01515	0.02713	0.02847	0.27981	0.01494	0.24296	0.02136	0.09671	0.02232	0.02155	0.06190	0.06528	0.00866	0.00758	0.00228	0.00831	0.04656	0.00436	0.00941
17	0.01973	0.01604	0.01700	0.01447	0.01882	0.01828	0.01149	0.23492	0.50154	0.03300	0.02440	0.02278	0.01809	0.00896	0.00693	0.00224	0.00605	0.00726	0.00693	0.01107
18	0.57334	0.01403	0.01195	0.01035	0.01471	0.05046	0.00842	0.02401	0.06526	0.15091	0.01401	0.01439	0.01016	0.00698	0.00500	0.00211	0.00575	0.00460	0.00514	0.00843
19	0.00809	0.00693	0.00693	0.00693	0.00924	0.00578	0.00520	0.00982	0.01559	0.01848	0.06931	0.06584	0.71411	0.01733	0.00809	0.00231	0.00347	0.01444	0.00635	0.00578
20	0.00860	0.00695	0.00764	0.00747	0.00955	0.00599	0.00560	0.01081	0.01680	0.02134	0.27506	0.06113	0.50658	0.01626	0.00808	0.00226	0.00339	0.01378	0.00673	0.00599
21	0.01829	0.76368	0.03585	0.01171	0.01756	0.02707	0.01171	0.02049	0.01390	0.01610	0.00951	0.01097	0.00878	0.00585	0.00439	0.00146	0.00732	0.00366	0.00293	0.00878
22	0.01453	0.05064	0.06737	0.01313	0.04990	0.01242	0.01051	0.10972	0.13080	0.04425	0.11782	0.11682	0.15499	0.01217	0.00732	0.00221	0.00550	0.03113	0.00605	0.04272
23	0.01636	0.35204	0.15102	0.01321	0.01885	0.04317	0.01323	0.04252	0.12997	0.02101	0.06850	0.02115	0.06662	0.00808	0.00586	0.00187	0.00709	0.00611	0.00431	0.00903

[dist]
# distance from previous block
# <min> <max>
0	2

[block]
# block no. 5 follows, 31 sequences, length 24
# corresponding to MSA columns:
# 301-311,313-325
name=unknown_F
#
# <colnr> <probs for GDERKNQSTAVLIFYWHMCP>
#	G	D	E	R	K	N	Q	S	T	A	V	L	I	F	Y	W	H	M	C	P
0	0.01330	0.01149	0.01835	0.60775	0.04032	0.01403	0.01663	0.03799	0.01435	0.01950	0.01385	0.01930	0.01049	0.00706	0.00652	0.00217	0.00816	0.00613	0.12509	0.00754
1	0.01275	0.00638	0.00638	0.00638	0.00797	0.00638	0.00478	0.01594	0.01435	0.02551	0.02232	0.02551	0.01754	0.00797	0.00478	0.00159	0.00319	0.00638	0.79755	0.00638
2	0.00994	0.00669	0.00774	0.00774	0.00784	0.00679	0.00450	0.01013	0.01003	0.01347	0.02130	0.04335	0.02425	0.70319	0.09036	0.00698	0.00756	0.00974	0.00411	0.00430
3	0.01006	0.00768	0.00941	0.00935	0.01124	0.00732	0.00727	0.01411	0.07073	0.02396	0.37567	0.08528	0.20121	0.01549	0.00825	0.00239	0.00399	0.12303	0.00697	0.00658
4	0.01146	0.00844	0.01141	0.01260	0.01436	0.00873	0.01083	0.01599	0.07594	0.02087	0.03424	0.06913	0.03620	0.02032	0.05967	0.00362	0.00706	0.56629	0.00617	0.00668
5	0.01471	0.12428	0.12881	0.01183	0.01851	0.01277	0.01132	0.01839	0.01419	0.02130	0.01180	0.01376	0.00971	0.00541	0.00519	0.00126	0.00618	0.00415	0.00371	0.56272
6	0.00834	0.00595	0.00794	0.00953	0.00992	0.00556	0.00635	0.00953	0.01310	0.01746	0.03771	0.75510	0.04525	0.02143	0.00873	0.00278	0.00397	0.01945	0.00635	0.00556
7	0.02004	0.44612	0.07014	0.01524	0.02072	0.23661	0.06561	0.02271	0.01575	0.01705	0.01032	0.01216	0.00891	0.00624	0.00533	0.00166	0.00930	0.00430	0.00314	0.00864
8	0.01267	0.01137	0.01726	0.42798	0.03305	0.01264	0.01443	0.01632	0.01345	0.01848	0.01472	0.08251	0.01309	0.01098	0.05774	0.00265	0.03388	0.00686	0.00361	0.19631
9	0.03931	0.14994	0.26606	0.01941	0.02670	0.03622	0.19040	0.09894	0.06551	0.02385	0.01366	0.01575	0.01029	0.00660	0.00655	0.00207	0.00930	0.00585	0.00383	0.00975
10	0.01436	0.01245	0.01543	0.17078	0.02259	0.05007	0.02858	0.03733	0.21866	0.03786	0.02559	0.19818	0.02446	0.01243	0.00803	0.00248	0.02735	0.07962	0.00556	0.00818
11	0.01086	0.00836	0.01009	0.00942	0.01149	0.00828	0.00713	0.01684	0.14111	0.02692	0.53900	0.04774	0.10941	0.01342	0.00787	0.00219	0.00364	0.01171	0.00733	0.00718
12	0.00852	0.00610	0.00820	0.00974	0.01022	0.00578	0.00667	0.00986	0.01317	0.01757	0.03698	0.69544	0.04400	0.02231	0.03308	0.00307	0.00457	0.05287	0.00626	0.00561
13	0.08557	0.01296	0.01440	0.01103	0.01627	0.01159	0.00879	0.14397	0.01724	0.02647	0.01525	0.08728	0.01363	0.00738	0.00569	0.00148	0.00544	0.00593	0.00482	0.50480
14	0.01419	0.01216	0.01419	0.01013	0.01621	0.00912	0.00811	0.01723	0.01419	0.02229	0.01216	0.01419	0.01013	0.00507	0.00507	0.00101	0.00507	0.00405	0.00405	0.80139
15	0.07702	0.01872	0.16356	0.18253	0.21964	0.01593	0.03504	0.08730	0.03093	0.02361	0.01506	0.04229	0.02704	0.00753	0.00703	0.00219	0.02491	0.00642	0.00386	0.00939
16	0.02217	0.04601	0.01784	0.01450	0.01854	0.15855	0.01161	0.30980	0.04724	0.09074	0.02076	0.12155	0.01848	0.01058	0.00708	0.00217	0.00767	0.05912	0.00608	0.00952
17	0.00962	0.00673	0.00849	0.00940	0.01001	0.00655	0.00662	0.01086	0.01264	0.01664	0.03231	0.28790	0.06081	0.30427	0.01891	0.00433	0.00555	0.17766	0.00549	0.00521
18	0.01182	0.00799	0.01034	0.05708	0.01316	0.00800	0.00749	0.03332	0.01517	0.07429	0.20127	0.06957	0.13213	0.18259	0.12567	0.00457	0.00715	0.02629	0.00571	0.00639
19	0.02026	0.49919	0.02870	0.01222	0.01741	0.05906	0.01122	0.07399	0.01636	0.12016	0.01487	0.07248	0.01308	0.00772	0.00538	0.00172	0.00711	0.00561	0.00433	0.00911
20	0.11703	0.00814	0.00941	0.00981	0.01131	0.00826	0.00704	0.06597	0.01541	0.02285	0.13872	0.48570	0.04055	0.01719	0.00787	0.00253	0.00431	0.01517	0.00629	0.00643
21	0.00870	0.00676	0.00799	0.00867	0.01022	0.00605	0.00647	0.01057	0.01511	0.01913	0.10456	0.28549	0.35741	0.01859	0.00848	0.00256	0.00400	0.10697	0.00644	0.00583
22	0.01605	0.02171	0.18825	0.08568	0.13614	0.09150	0.17402	0.03493	0.05169	0.02143	0.01681	0.02201	0.03730	0.00778	0.00753	0.00223	0.02643	0.04552	0.00380	0.00920
23	0.01687	0.01564	0.02559	0.18939	0.51275	0.01647	0.01987	0.07938	0.01663	0.02314	0.01303	0.01717	0.01054	0.00644	0.00679	0.00209	0.00829	0.00610	0.00362	0.01022

[dist]
# distance from previous block
# <min> <max>
0	4

[block]
# block no. 6 follows, 31 sequences, length 22
# corresponding to MSA columns:
# 330-351
name=unknown_G
#
# <colnr> <probs for GDERKNQSTAVLIFYWHMCP>
#	G	D	E	R	K	N	Q	S	T	A	V	L	I	F	Y	W	H	M	C	P
0	0.21823	0.00921	0.01102	0.01061	0.01274	0.01069	0.00838	0.03381	0.01177	0.02052	0.01598	0.02247	0.01442	0.03836	0.52188	0.00843	0.01462	0.00635	0.00390	0.00661
1	0.07206	0.04863	0.01294	0.01115	0.01333	0.01071	0.00885	0.05796	0.01331	0.06797	0.01922	0.08146	0.01780	0.03747	0.48588	0.00799	0.01408	0.00772	0.00442	0.00704
2	0.01809	0.04620	0.29185	0.02066	0.10081	0.20389	0.07311	0.02272	0.01590	0.05657	0.01349	0.01737	0.01086	0.06882	0.00888	0.00240	0.01001	0.00571	0.00356	0.00910
3	0.01036	0.00792	0.00915	0.00850	0.01038	0.00741	0.00607	0.01369	0.06979	0.02150	0.28325	0.04754	0.18519	0.20789	0.01471	0.00327	0.00449	0.01113	0.00606	0.07170
4	0.02004	0.58775	0.03189	0.01313	0.01842	0.19674	0.01207	0.02213	0.01522	0.01625	0.00977	0.01130	0.00879	0.00614	0.00482	0.00154	0.00852	0.00384	0.00307	0.00858
5	0.01453	0.01208	0.01332	0.01212	0.01522	0.01343	0.00934	0.02839	0.47186	0.02822	0.26060	0.03421	0.03571	0.01088	0.00734	0.00226	0.00467	0.00931	0.00715	0.00934
6	0.02020	0.09077	0.21259	0.03552	0.02393	0.15007	0.05292	0.14820	0.10680	0.07057	0.01550	0.01641	0.01145	0.00731	0.00649	0.00204	0.00898	0.00566	0.00465	0.00995
7	0.01149	0.00985	0.01449	0.34007	0.02729	0.01106	0.01229	0.01629	0.06375	0.02214	0.28616	0.03597	0.10066	0.01077	0.00744	0.00224	0.00606	0.00942	0.00535	0.00721
8	0.00928	0.00687	0.00865	0.00843	0.01003	0.00625	0.00624	0.01204	0.01807	0.02489	0.53501	0.12915	0.16909	0.01533	0.00814	0.00225	0.00335	0.01347	0.00721	0.00625
9	0.01419	0.01417	0.02294	0.54599	0.07627	0.04863	0.08893	0.01849	0.01406	0.01808	0.01206	0.01768	0.00931	0.00708	0.00810	0.00230	0.06445	0.00621	0.00312	0.00794
10	0.01656	0.04350	0.21617	0.16069	0.17251	0.04285	0.01914	0.09997	0.06790	0.02333	0.01365	0.01660	0.01049	0.00727	0.00773	0.00218	0.06014	0.00580	0.00382	0.00971
11	0.01852	0.02046	0.12038	0.01812	0.07855	0.09795	0.03484	0.10815	0.37179	0.02725	0.02066	0.02046	0.01554	0.00814	0.00681	0.00218	0.00753	0.00666	0.00557	0.01044
12	0.01022	0.00730	0.01007	0.01148	0.01275	0.00716	0.00945	0.01286	0.01534	0.02024	0.09008	0.25178	0.04289	0.01917	0.00915	0.00297	0.00545	0.44908	0.00641	0.00612
13	0.01512	0.01523	0.02365	0.46413	0.20516	0.07223	0.06917	0.01943	0.01477	0.01892	0.01233	0.01748	0.00960	0.00660	0.00686	0.00218	0.00932	0.00610	0.00319	0.00853
14	0.01586	0.00838	0.01103	0.00958	0.01233	0.00749	0.00746	0.01883	0.01923	0.23390	0.47372	0.04361	0.08562	0.01252	0.00772	0.00215	0.00401	0.01085	0.00775	0.00796
15	0.01188	0.00820	0.00998	0.00943	0.01150	0.00781	0.00707	0.06127	0.04404	0.06923	0.34616	0.19367	0.16300	0.01516	0.00801	0.00231	0.00397	0.01323	0.00708	0.00701
16	0.01235	0.00996	0.01127	0.01122	0.01329	0.01074	0.00824	0.02153	0.31486	0.02255	0.05822	0.30502	0.07117	0.06514	0.00967	0.00280	0.00479	0.03283	0.00651	0.00783
17	0.01419	0.01216	0.01419	0.01013	0.01621	0.00912	0.00811	0.01723	0.01419	0.02229	0.01216	0.01419	0.01013	0.00507	0.00507	0.00101	0.00507	0.00405	0.00405	0.80139
18	0.01888	0.01550	0.12567	0.07785	0.02129	0.01140	0.01253	0.04761	0.01617	0.22490	0.01713	0.01831	0.01239	0.01020	0.06349	0.00245	0.00757	0.00555	0.00514	0.28595
19	0.00839	0.00649	0.00768	0.00848	0.00980	0.00578	0.00603	0.00999	0.01458	0.01852	0.08575	0.40028	0.33172	0.01921	0.00845	0.00256	0.00380	0.04036	0.00641	0.00572
20	0.01869	0.08997	0.06544	0.01632	0.06385	0.04370	0.01301	0.07918	0.37444	0.07450	0.02115	0.02075	0.01599	0.00855	0.00778	0.00220	0.06177	0.00663	0.00575	0.01035
21	0.01720	0.60130	0.03130	0.01184	0.01686	0.02401	0.01124	0.01926	0.01339	0.01638	0.01042	0.01368	0.00992	0.05434	0.00787	0.00189	0.06821	0.00428	0.00309	0.06353

[dist]
# distance from previous block
# <min> <max>
0	12

[block]
# block no. 7 follows, 31 sequences, length 19
# corresponding to MSA columns:
# 366-384
name=unknown_H
#
# <colnr> <probs for GDERKNQSTAVLIFYWHMCP>
#	G	D	E	R	K	N	Q	S	T	A	V	L	I	F	Y	W	H	M	C	P
0	0.06927	0.03205	0.13352	0.01552	0.07145	0.01350	0.03490	0.05398	0.15129	0.05524	0.02201	0.07644	0.06344	0.00992	0.02547	0.00225	0.00678	0.00738	0.00500	0.15059
1	0.01246	0.01034	0.01544	0.28053	0.04394	0.01220	0.01266	0.06523	0.01364	0.01847	0.01668	0.05576	0.01543	0.10888	0.25843	0.00577	0.03579	0.00753	0.00382	0.00699
2	0.00919	0.00760	0.00820	0.00839	0.01052	0.00697	0.00634	0.01263	0.08088	0.01945	0.05834	0.16178	0.50151	0.01727	0.00817	0.00244	0.00394	0.06370	0.00641	0.00626
3	0.08223	0.01364	0.01792	0.04516	0.02012	0.01394	0.07547	0.13173	0.14111	0.28282	0.02324	0.08524	0.01762	0.00922	0.00696	0.00223	0.00650	0.00786	0.00674	0.01024
4	0.01857	0.14679	0.02302	0.20565	0.13850	0.12152	0.02909	0.03823	0.01615	0.10294	0.01585	0.05287	0.01346	0.00805	0.00655	0.00206	0.00836	0.03928	0.00421	0.00884
5	0.01541	0.15934	0.48159	0.01666	0.02488	0.01656	0.02012	0.02142	0.01485	0.07293	0.01668	0.01996	0.04289	0.00764	0.00638	0.00209	0.00880	0.03855	0.00364	0.00960
6	0.01275	0.00638	0.00638	0.00638	0.00797	0.00638	0.00478	0.01594	0.01435	0.02551	0.02232	0.02551	0.01754	0.00797	0.00478	0.00159	0.00319	0.00638	0.79755	0.00638
7	0.01680	0.07404	0.11243	0.07664	0.06632	0.04678	0.11752	0.10132	0.01681	0.06146	0.06092	0.02104	0.01526	0.05039	0.07447	0.00318	0.06477	0.00677	0.00429	0.00879
8	0.08024	0.37593	0.02875	0.05140	0.03959	0.10584	0.09161	0.02208	0.01512	0.07142	0.01182	0.01365	0.00962	0.00623	0.00543	0.00173	0.00813	0.00472	0.00366	0.05304
9	0.01153	0.00912	0.01365	0.07241	0.12963	0.00933	0.01174	0.01435	0.01457	0.01948	0.04669	0.16391	0.03188	0.07742	0.04139	0.00343	0.00690	0.31040	0.00533	0.00684
10	0.01520	0.01296	0.01793	0.04059	0.22470	0.01120	0.01211	0.01848	0.01492	0.05155	0.01732	0.01941	0.06385	0.00650	0.00593	0.00150	0.00600	0.00562	0.00419	0.45003
11	0.01189	0.00993	0.01124	0.01117	0.03972	0.01018	0.00808	0.02008	0.25147	0.02435	0.21657	0.06646	0.26517	0.01342	0.00767	0.00228	0.00426	0.01145	0.00675	0.00786
12	0.00977	0.00733	0.01100	0.01100	0.01222	0.00855	0.00855	0.01222	0.01100	0.01588	0.01833	0.02688	0.01710	0.05131	0.73245	0.01100	0.01833	0.00733	0.00367	0.00611
13	0.01345	0.01205	0.02009	0.25272	0.22171	0.01294	0.05057	0.01738	0.01499	0.02003	0.02100	0.05920	0.02055	0.01092	0.00779	0.00251	0.00790	0.22180	0.00431	0.00810
14	0.00851	0.00617	0.00808	0.00955	0.01018	0.00574	0.00660	0.00988	0.01348	0.01776	0.03999	0.65408	0.09542	0.02094	0.00874	0.00277	0.00410	0.06604	0.00635	0.00563
15	0.01424	0.02923	0.51239	0.08987	0.03055	0.01608	0.08512	0.02294	0.09231	0.02207	0.01417	0.01643	0.01025	0.00678	0.00673	0.00221	0.00962	0.00574	0.00342	0.00987
16	0.01674	0.01508	0.02272	0.11642	0.42293	0.04869	0.01706	0.02049	0.01587	0.06088	0.06635	0.01946	0.01485	0.00683	0.00664	0.00193	0.00757	0.00627	0.00403	0.10919
17	0.01261	0.19723	0.01610	0.00988	0.01225	0.01223	0.00793	0.01460	0.01378	0.04513	0.15821	0.07256	0.04746	0.16215	0.18411	0.00496	0.00863	0.00877	0.00475	0.00665
18	0.01707	0.16896	0.01929	0.01276	0.01636	0.16432	0.04766	0.02067	0.05390	0.07487	0.27583	0.02991	0.05150	0.00984	0.00677	0.00195	0.00676	0.00808	0.00553	0.00800

[dist]
# distance from previous block
# <min> <max>
2	7

[block]
# block no. 8 follows, 31 sequences, length 6
# corresponding to MSA columns:
# 393-398
name=unknown_I
#
# <colnr> <probs for GDERKNQSTAVLIFYWHMCP>
#	G	D	E	R	K	N	Q	S	T	A	V	L	I	F	Y	W	H	M	C	P
0	0.01182	0.22313	0.01633	0.00916	0.01212	0.01221	0.00770	0.01445	0.01705	0.02240	0.38276	0.04260	0.17924	0.01233	0.00702	0.00199	0.00444	0.01030	0.00598	0.00698
1	0.01220	0.00978	0.03775	0.11007	0.05394	0.00958	0.00918	0.04365	0.01357	0.04114	0.11013	0.03557	0.02496	0.35918	0.09651	0.00516	0.00798	0.00882	0.00456	0.00628
2	0.01579	0.01509	0.02570	0.24227	0.52557	0.01595	0.02043	0.01999	0.01504	0.02096	0.01267	0.01731	0.01035	0.00631	0.00679	0.00210	0.00841	0.00609	0.00329	0.00991
3	0.01653	0.01800	0.02020	0.53589	0.03970	0.21998	0.01735	0.02029	0.01531	0.01727	0.01171	0.01655	0.00903	0.00690	0.00665	0.00213	0.01004	0.00560	0.00318	0.00769
4	0.02244	0.01962	0.07863	0.02354	0.22060	0.01937	0.01626	0.44827	0.02602	0.03548	0.01508	0.01641	0.01117	0.00747	0.00680	0.00206	0.00791	0.00605	0.00554	0.01129
5	0.01678	0.00891	0.01087	0.00956	0.01276	0.00790	0.00745	0.01981	0.05054	0.27079	0.11996	0.11045	0.29900	0.01379	0.00766	0.00227	0.00442	0.01165	0.00727	0.00817

[dist]
# distance from previous block
# <min> <max>
1	5

[block]
# block no. 9 follows, 31 sequences, length 24
# corresponding to MSA columns:
# 405-428
name=unknown_J
#
# <colnr> <probs for GDERKNQSTAVLIFYWHMCP>
#	G	D	E	R	K	N	Q	S	T	A	V	L	I	F	Y	W	H	M	C	P
0	0.08248	0.06433	0.06811	0.04092	0.02031	0.11633	0.03908	0.11557	0.01733	0.05433	0.03788	0.01594	0.01186	0.00734	0.00770	0.00186	0.08691	0.00528	0.00438	0.20206
1	0.23663	0.01315	0.04234	0.01387	0.06365	0.01316	0.01081	0.02313	0.01543	0.26426	0.07706	0.02255	0.05318	0.00906	0.00848	0.00225	0.10954	0.00661	0.00579	0.00905
2	0.01438	0.11747	0.02062	0.02262	0.28405	0.01432	0.01335	0.01947	0.10026	0.02233	0.13745	0.09686	0.07124	0.01028	0.00702	0.00213	0.00612	0.02617	0.00500	0.00887
3	0.00989	0.00688	0.00871	0.00871	0.00914	0.00731	0.00570	0.01075	0.01032	0.01419	0.02041	0.03844	0.02212	0.50908	0.28155	0.00818	0.01077	0.00902	0.00398	0.00484
4	0.15352	0.01093	0.01286	0.01075	0.01487	0.01052	0.00873	0.02590	0.07048	0.37049	0.08491	0.03022	0.09042	0.00992	0.00669	0.00218	0.00517	0.03405	0.03797	0.00944
5	0.01514	0.02388	0.32433	0.02131	0.02847	0.01550	0.26008	0.02106	0.01535	0.05859	0.06206	0.04014	0.01461	0.00766	0.00836	0.00229	0.06086	0.00721	0.00381	0.00931
6	0.00992	0.00674	0.00799	0.00799	0.00817	0.00692	0.00481	0.01029	0.01011	0.01366	0.02107	0.04209	0.02371	0.65345	0.13935	0.00729	0.00838	0.00956	0.00407	0.00444
7	0.10420	0.01345	0.01579	0.01269	0.01731	0.01355	0.01042	0.22692	0.02168	0.34914	0.02255	0.02583	0.01676	0.05204	0.00842	0.00244	0.00637	0.06298	0.00713	0.01033
8	0.80789	0.01323	0.01006	0.00900	0.01323	0.01535	0.00741	0.02011	0.01164	0.03070	0.00953	0.01111	0.00741	0.00635	0.00423	0.00212	0.00529	0.00370	0.00423	0.00741
9	0.01859	0.06980	0.02373	0.10737	0.32448	0.15558	0.01671	0.08861	0.01747	0.02195	0.01556	0.01846	0.05036	0.00741	0.00715	0.00202	0.03538	0.00608	0.00385	0.00944
10	0.15224	0.04899	0.01983	0.04753	0.13554	0.27294	0.01379	0.04260	0.01565	0.02075	0.01103	0.01420	0.00937	0.00932	0.03753	0.00245	0.12927	0.00503	0.00360	0.00832
11	0.00894	0.00736	0.00791	0.00770	0.00993	0.00653	0.00580	0.01196	0.05284	0.02117	0.22195	0.06017	0.52137	0.01610	0.00802	0.00227	0.00351	0.01359	0.00667	0.00621
12	0.01370	0.01186	0.01717	0.01417	0.01753	0.01196	0.13872	0.12015	0.07350	0.02481	0.12759	0.12773	0.19744	0.01297	0.00847	0.00236	0.03439	0.03165	0.00596	0.00789
13	0.01363	0.03137	0.59618	0.01970	0.02878	0.01529	0.09538	0.02090	0.01477	0.02177	0.04133	0.04329	0.01241	0.00726	0.00681	0.00220	0.00977	0.00619	0.00326	0.00970
14	0.00909	0.00677	0.00801	0.00817	0.00929	0.00645	0.00561	0.01046	0.01330	0.01733	0.11075	0.14696	0.24965	0.25012	0.11336	0.00485	0.00647	0.01258	0.00544	0.00536
15	0.01992	0.39072	0.09871	0.01574	0.04777	0.19161	0.01407	0.07414	0.01655	0.01917	0.01068	0.01251	0.00909	0.00672	0.00626	0.00175	0.04785	0.00439	0.00339	0.00895
16	0.00829	0.00680	0.00721	0.00738	0.00931	0.00582	0.00537	0.00996	0.01524	0.01864	0.10002	0.15245	0.56114	0.05002	0.00933	0.00255	0.00365	0.01477	0.00632	0.00572
17	0.04461	0.09825	0.01591	0.01159	0.01465	0.01183	0.05188	0.08405	0.03979	0.06625	0.31961	0.13077	0.03970	0.01230	0.00739	0.00219	0.00515	0.02991	0.00638	0.00777
18	0.02490	0.03122	0.01908	0.01734	0.02089	0.67678	0.01303	0.02802	0.07239	0.01766	0.01191	0.01336	0.00975	0.00722	0.00623	0.00181	0.01180	0.00466	0.00379	0.00816
19	0.01030	0.00755	0.00911	0.00954	0.01084	0.00730	0.00690	0.06338	0.01532	0.02007	0.08549	0.34171	0.16176	0.12534	0.01227	0.00319	0.00476	0.09299	0.00615	0.00601
20	0.02160	0.19547	0.20923	0.01690	0.06939	0.04337	0.04248	0.02573	0.01648	0.26964	0.01691	0.01703	0.01186	0.00701	0.00621	0.00197	0.00793	0.00555	0.00497	0.01028
21	0.01547	0.21286	0.35875	0.01644	0.02366	0.01758	0.05975	0.04649	0.01499	0.04575	0.01468	0.07223	0.01253	0.01015	0.04780	0.00254	0.00923	0.00624	0.00360	0.00925
22	0.01164	0.06569	0.01097	0.00894	0.01098	0.00804	0.00674	0.01374	0.01611	0.08465	0.26048	0.20584	0.18738	0.06616	0.00966	0.00258	0.00423	0.01306	0.00651	0.00660
23	0.01383	0.07827	0.27077	0.01556	0.02089	0.05316	0.06616	0.01810	0.01468	0.04742	0.02369	0.19964	0.06764	0.01162	0.00783	0.00233	0.03548	0.04027	0.00443	0.00821

[dist]
# distance from previous block
# <min> <max>
0	13

# created by:
# /home/cegg/simao/soft/augustus-3.2.1/scripts/msa2prfl.pl ./align_prep/EOG090W0A73.fa
