[name]
unknown

[dist]
# distance from previous block
# <min> <max>
16	791

[block]
# block no. 0 follows, 30 sequences, length 21
# corresponding to MSA columns:
# 1052-1072
name=unknown_A
#
# <colnr> <probs for GDERKNQSTAVLIFYWHMCP>
#	G	D	E	R	K	N	Q	S	T	A	V	L	I	F	Y	W	H	M	C	P
0	0.01677	0.01826	0.10516	0.08928	0.40189	0.01649	0.06295	0.06399	0.07984	0.02402	0.01569	0.04632	0.01299	0.00734	0.00707	0.00218	0.00837	0.00691	0.00405	0.01044
1	0.02091	0.01704	0.02133	0.08607	0.10236	0.04219	0.06355	0.36138	0.04994	0.03340	0.06018	0.04951	0.01665	0.00872	0.00713	0.00215	0.00772	0.00736	0.03214	0.01029
2	0.05531	0.01753	0.02497	0.08713	0.06967	0.01862	0.16776	0.35585	0.02423	0.05920	0.01635	0.04196	0.01245	0.00792	0.00721	0.00220	0.00852	0.00709	0.00554	0.01048
3	0.01711	0.09173	0.08189	0.02967	0.18811	0.04866	0.39581	0.02222	0.01614	0.02164	0.01321	0.01719	0.01035	0.00607	0.00738	0.00217	0.01049	0.00697	0.00342	0.00975
4	0.02244	0.32864	0.02856	0.01579	0.02114	0.20128	0.06091	0.19841	0.02066	0.02427	0.01215	0.01355	0.00985	0.00690	0.00586	0.00179	0.00912	0.00492	0.00423	0.00954
5	0.01730	0.45615	0.16343	0.01741	0.02443	0.02323	0.16880	0.02145	0.01481	0.01882	0.01123	0.01359	0.00931	0.00607	0.00573	0.00182	0.00897	0.00503	0.00310	0.00931
6	0.00877	0.00627	0.00841	0.01003	0.01055	0.00590	0.00695	0.01018	0.01363	0.01812	0.03831	0.68392	0.04556	0.02161	0.00898	0.00287	0.00428	0.08345	0.00647	0.00574
7	0.01218	0.01110	0.01924	0.12656	0.02292	0.01266	0.13592	0.01554	0.01255	0.01764	0.01594	0.02328	0.01411	0.03284	0.41442	0.00741	0.08768	0.00729	0.00353	0.00719
8	0.01577	0.00896	0.01216	0.01204	0.01460	0.00856	0.01015	0.01939	0.03857	0.18162	0.15823	0.05961	0.03908	0.01562	0.00870	0.00276	0.00571	0.37344	0.00718	0.00784
9	0.01318	0.01240	0.02093	0.73798	0.04806	0.01550	0.01938	0.01783	0.01395	0.01783	0.01240	0.01860	0.00930	0.00698	0.00698	0.00233	0.00930	0.00620	0.00310	0.00775
10	0.00850	0.00607	0.00810	0.00972	0.01012	0.00567	0.00648	0.00972	0.01336	0.01781	0.03846	0.75020	0.04615	0.02186	0.00891	0.00283	0.00405	0.01984	0.00648	0.00567
11	0.80405	0.01350	0.01026	0.00918	0.01350	0.01565	0.00756	0.02051	0.01188	0.03131	0.00972	0.01134	0.00756	0.00648	0.00432	0.00216	0.00540	0.00378	0.00432	0.00756
12	0.00870	0.00616	0.00804	0.00946	0.00982	0.00580	0.00620	0.00977	0.01297	0.01729	0.03645	0.66423	0.04362	0.11130	0.01215	0.00331	0.00438	0.01866	0.00620	0.00549
13	0.00881	0.00620	0.00801	0.00933	0.00966	0.00587	0.00606	0.00980	0.01277	0.01702	0.03542	0.62024	0.04232	0.15706	0.01382	0.00356	0.00455	0.01805	0.00606	0.00540
14	0.00850	0.00607	0.00810	0.00972	0.01012	0.00567	0.00648	0.00972	0.01336	0.01781	0.03846	0.75020	0.04615	0.02186	0.00891	0.00283	0.00405	0.01984	0.00648	0.00567
15	0.39512	0.13325	0.14659	0.03693	0.01948	0.09881	0.01276	0.02211	0.01402	0.05035	0.01110	0.01278	0.00858	0.00661	0.00518	0.00203	0.00759	0.00431	0.00390	0.00850
16	0.06328	0.24995	0.09033	0.01520	0.02023	0.19099	0.01371	0.10773	0.06852	0.03925	0.01289	0.01430	0.01038	0.00749	0.00717	0.00195	0.06825	0.00495	0.00415	0.00929
17	0.22414	0.10658	0.01874	0.05684	0.02004	0.28978	0.01148	0.06454	0.01692	0.02309	0.01105	0.01295	0.00898	0.00668	0.00552	0.00181	0.00874	0.00439	0.00396	0.10377
18	0.05095	0.01543	0.02068	0.14298	0.02547	0.06931	0.10734	0.06603	0.06943	0.13638	0.04187	0.01996	0.01422	0.00811	0.00858	0.00219	0.08823	0.00659	0.03294	0.07333
19	0.10766	0.01661	0.01826	0.24211	0.05172	0.12158	0.01394	0.08917	0.05858	0.06432	0.01464	0.03333	0.01151	0.00767	0.00707	0.00209	0.03748	0.00592	0.00447	0.09185
20	0.07977	0.01717	0.01933	0.29779	0.05608	0.12435	0.01491	0.13917	0.01809	0.02426	0.01266	0.01608	0.00978	0.00709	0.00685	0.00203	0.02867	0.00548	0.00412	0.11632

[dist]
# distance from previous block
# <min> <max>
4	60

[block]
# block no. 1 follows, 30 sequences, length 13
# corresponding to MSA columns:
# 1146-1158
name=unknown_B
#
# <colnr> <probs for GDERKNQSTAVLIFYWHMCP>
#	G	D	E	R	K	N	Q	S	T	A	V	L	I	F	Y	W	H	M	C	P
0	0.01884	0.17717	0.21226	0.01684	0.02355	0.02023	0.06634	0.18371	0.16211	0.02763	0.01638	0.01715	0.01232	0.00745	0.00648	0.00208	0.00820	0.00593	0.00483	0.01049
1	0.02008	0.01328	0.01550	0.01324	0.01678	0.04454	0.02753	0.05593	0.22770	0.21024	0.08580	0.07044	0.02331	0.01029	0.00827	0.00227	0.06095	0.00835	0.07576	0.00975
2	0.02158	0.01854	0.02408	0.04133	0.02413	0.07862	0.14477	0.24822	0.07788	0.08307	0.01596	0.01790	0.01199	0.00859	0.01022	0.00234	0.14877	0.00667	0.00529	0.01007
3	0.09137	0.01609	0.01781	0.06877	0.02121	0.01830	0.01229	0.26625	0.26940	0.08052	0.02043	0.02019	0.01496	0.00869	0.00751	0.00226	0.04013	0.00668	0.00643	0.01068
4	0.08379	0.01104	0.01255	0.01165	0.01421	0.01161	0.00889	0.15552	0.04766	0.02549	0.02929	0.34175	0.06886	0.01503	0.00846	0.00246	0.04388	0.03492	0.00606	0.06691
5	0.07136	0.01376	0.01683	0.01373	0.01812	0.01408	0.04111	0.22348	0.08126	0.25047	0.02473	0.15732	0.02053	0.01086	0.00726	0.00229	0.00630	0.00914	0.00710	0.01026
6	0.02653	0.01955	0.02094	0.01606	0.02164	0.02164	0.01326	0.68796	0.03281	0.04398	0.01675	0.01675	0.01187	0.00838	0.00698	0.00209	0.00768	0.00628	0.00698	0.01187
7	0.01938	0.01779	0.02318	0.01860	0.02282	0.07169	0.15489	0.12819	0.26250	0.05253	0.01905	0.02021	0.01451	0.00880	0.00990	0.00239	0.13092	0.00713	0.00544	0.01006
8	0.02510	0.03165	0.01992	0.01801	0.02128	0.66382	0.01364	0.02688	0.01896	0.01705	0.01064	0.01282	0.00900	0.00764	0.00777	0.00191	0.07765	0.00464	0.00355	0.00805
9	0.01478	0.01263	0.01337	0.01222	0.01563	0.01399	0.00944	0.02927	0.49523	0.02688	0.09525	0.03703	0.17161	0.01163	0.00744	0.00235	0.00491	0.00975	0.00702	0.00957
10	0.02653	0.01955	0.02094	0.01606	0.02164	0.02164	0.01326	0.68796	0.03281	0.04398	0.01675	0.01675	0.01187	0.00838	0.00698	0.00209	0.00768	0.00628	0.00698	0.01187
11	0.01447	0.01240	0.01447	0.01034	0.01654	0.00930	0.00827	0.01757	0.01447	0.02274	0.01240	0.01447	0.01034	0.00517	0.00517	0.00103	0.00517	0.00413	0.00413	0.79742
12	0.01188	0.01511	0.19094	0.01270	0.01685	0.00959	0.04186	0.01636	0.01795	0.04979	0.43507	0.08321	0.04599	0.01222	0.00782	0.00224	0.00559	0.01078	0.00625	0.00779

[dist]
# distance from previous block
# <min> <max>
0	25

[block]
# block no. 2 follows, 30 sequences, length 6
# corresponding to MSA columns:
# 1184-1189
name=unknown_C
#
# <colnr> <probs for GDERKNQSTAVLIFYWHMCP>
#	G	D	E	R	K	N	Q	S	T	A	V	L	I	F	Y	W	H	M	C	P
0	0.02295	0.01929	0.02815	0.02081	0.02692	0.02022	0.25274	0.45098	0.02699	0.03628	0.01582	0.01749	0.01141	0.00749	0.00743	0.00219	0.00913	0.00698	0.00575	0.01099
1	0.01723	0.01555	0.01946	0.01641	0.02080	0.01740	0.10890	0.03495	0.59971	0.02820	0.02633	0.02499	0.01975	0.00895	0.00727	0.00236	0.00643	0.00794	0.00658	0.01081
2	0.00850	0.00607	0.00810	0.00972	0.01012	0.00567	0.00648	0.00972	0.01336	0.01781	0.03846	0.75020	0.04615	0.02186	0.00891	0.00283	0.00405	0.01984	0.00648	0.00567
3	0.02434	0.01533	0.01674	0.01392	0.01860	0.05659	0.01112	0.10591	0.32022	0.29975	0.02577	0.02334	0.01798	0.00889	0.00701	0.00222	0.00633	0.00717	0.00749	0.01129
4	0.37548	0.01602	0.01483	0.01240	0.01706	0.05175	0.01007	0.19205	0.11581	0.10773	0.01612	0.01619	0.01171	0.00765	0.00577	0.00215	0.00640	0.00538	0.00581	0.00963
5	0.23350	0.07684	0.01657	0.01240	0.01675	0.01743	0.01017	0.21687	0.16241	0.03282	0.11684	0.02188	0.02024	0.00874	0.00625	0.00213	0.00595	0.00664	0.00605	0.00951

[dist]
# distance from previous block
# <min> <max>
21	71

[block]
# block no. 3 follows, 30 sequences, length 10
# corresponding to MSA columns:
# 1262-1271
name=unknown_D
#
# <colnr> <probs for GDERKNQSTAVLIFYWHMCP>
#	G	D	E	R	K	N	Q	S	T	A	V	L	I	F	Y	W	H	M	C	P
0	0.32600	0.01607	0.01691	0.01333	0.01853	0.01733	0.04822	0.28181	0.04361	0.03457	0.01369	0.01478	0.01024	0.00712	0.00578	0.00200	0.00662	0.00519	0.00538	0.11281
1	0.01498	0.01425	0.02419	0.43124	0.34069	0.01598	0.02028	0.01941	0.01481	0.02002	0.01272	0.01802	0.01008	0.00664	0.00695	0.00221	0.00886	0.00621	0.00326	0.00921
2	0.01199	0.01026	0.01609	0.35236	0.09234	0.01163	0.01381	0.01500	0.01348	0.01772	0.02085	0.16439	0.02150	0.14713	0.01273	0.00327	0.00756	0.05676	0.00421	0.00693
3	0.01644	0.01686	0.02222	0.02547	0.25021	0.09305	0.01622	0.01889	0.01388	0.01903	0.01634	0.02044	0.07427	0.01017	0.01443	0.00253	0.35058	0.00677	0.00356	0.00867
4	0.02505	0.01656	0.01863	0.01490	0.01990	0.01777	0.01232	0.44458	0.08253	0.16336	0.02180	0.02532	0.01660	0.00966	0.00728	0.00225	0.00705	0.07596	0.00724	0.01123
5	0.15593	0.00821	0.00885	0.00863	0.01080	0.00813	0.00648	0.01489	0.01577	0.05835	0.22518	0.17795	0.12897	0.01358	0.00708	0.00225	0.00398	0.01150	0.12673	0.00673
6	0.02043	0.01742	0.01515	0.01324	0.01686	0.17051	0.01031	0.14514	0.21831	0.06156	0.02094	0.02132	0.01583	0.00838	0.00631	0.00199	0.00688	0.00645	0.21358	0.00939
7	0.05389	0.01227	0.01430	0.01214	0.01609	0.01235	0.00954	0.10653	0.17725	0.20116	0.09794	0.13599	0.02604	0.01100	0.00716	0.00220	0.00539	0.00927	0.00704	0.08244
8	0.05505	0.01731	0.08100	0.01460	0.01913	0.04689	0.01266	0.25383	0.15385	0.06735	0.02334	0.09739	0.02038	0.01103	0.00736	0.00237	0.00701	0.09322	0.00633	0.00990
9	0.05179	0.19822	0.03185	0.02021	0.02548	0.01934	0.31334	0.02206	0.08725	0.02124	0.01584	0.07350	0.01382	0.00804	0.00823	0.00223	0.06698	0.00762	0.00400	0.00896

[dist]
# distance from previous block
# <min> <max>
2	13

[block]
# block no. 4 follows, 30 sequences, length 22
# corresponding to MSA columns:
# 1285-1306
name=unknown_E
#
# <colnr> <probs for GDERKNQSTAVLIFYWHMCP>
#	G	D	E	R	K	N	Q	S	T	A	V	L	I	F	Y	W	H	M	C	P
0	0.01557	0.01207	0.01795	0.01407	0.01835	0.01093	0.13197	0.07322	0.01730	0.08473	0.12944	0.08617	0.02562	0.07407	0.00967	0.00239	0.00646	0.04231	0.00553	0.22216
1	0.08219	0.00824	0.00913	0.00874	0.00982	0.00839	0.00568	0.04854	0.01281	0.05433	0.05294	0.12130	0.02682	0.49310	0.02549	0.00522	0.00618	0.01044	0.00502	0.00560
2	0.01686	0.01640	0.02873	0.10116	0.60032	0.01657	0.07466	0.02119	0.01577	0.02234	0.01314	0.01751	0.01087	0.00626	0.00702	0.00212	0.00866	0.00638	0.00343	0.01064
3	0.06661	0.02292	0.04129	0.01543	0.01954	0.31272	0.01232	0.15502	0.08617	0.05561	0.01776	0.07732	0.01536	0.00927	0.00675	0.00208	0.00898	0.03420	0.00520	0.03545
4	0.01351	0.01274	0.02152	0.68210	0.10137	0.01559	0.01954	0.01812	0.01411	0.01823	0.01246	0.01850	0.00944	0.00692	0.00697	0.00231	0.00922	0.00620	0.00313	0.00802
5	0.01551	0.01478	0.02514	0.34187	0.42595	0.01612	0.02054	0.01987	0.01506	0.02066	0.01282	0.01784	0.01030	0.00654	0.00694	0.00218	0.00873	0.00621	0.00330	0.00963
6	0.09399	0.01574	0.01671	0.01401	0.01839	0.04092	0.03970	0.18213	0.32602	0.03120	0.02334	0.02284	0.04406	0.00875	0.00665	0.00216	0.00629	0.00704	0.05324	0.04682
7	0.05339	0.01160	0.01198	0.01027	0.01359	0.04863	0.00809	0.10271	0.06220	0.14884	0.08005	0.02490	0.02013	0.00862	0.00600	0.00188	0.00508	0.00685	0.33464	0.04058
8	0.01914	0.00954	0.01223	0.01041	0.01389	0.00858	0.00828	0.02268	0.05064	0.32024	0.25535	0.04218	0.15312	0.01238	0.00770	0.00225	0.00466	0.02998	0.00782	0.00893
9	0.01318	0.01240	0.02093	0.73798	0.04806	0.01550	0.01938	0.01783	0.01395	0.01783	0.01240	0.01860	0.00930	0.00698	0.00698	0.00233	0.00930	0.00620	0.00310	0.00775
10	0.01338	0.01261	0.02130	0.70359	0.08088	0.01556	0.01948	0.01801	0.01405	0.01808	0.01244	0.01854	0.00939	0.00694	0.00697	0.00231	0.00925	0.00620	0.00312	0.00792
11	0.02653	0.01955	0.02094	0.01606	0.02164	0.02164	0.01326	0.68796	0.03281	0.04398	0.01675	0.01675	0.01187	0.00838	0.00698	0.00209	0.00768	0.00628	0.00698	0.01187
12	0.10254	0.01353	0.01577	0.01262	0.01764	0.04886	0.01027	0.03280	0.10433	0.52869	0.02508	0.02228	0.01643	0.00846	0.00673	0.00217	0.00618	0.00669	0.00777	0.01117
13	0.01318	0.01240	0.02093	0.73798	0.04806	0.01550	0.01938	0.01783	0.01395	0.01783	0.01240	0.01860	0.00930	0.00698	0.00698	0.00233	0.00930	0.00620	0.00310	0.00775
14	0.11154	0.01513	0.01650	0.01346	0.01812	0.01634	0.01089	0.26146	0.19397	0.17048	0.08065	0.02291	0.01948	0.00900	0.00683	0.00219	0.00616	0.00710	0.00710	0.01072
15	0.32318	0.01528	0.03352	0.01353	0.01819	0.03650	0.07426	0.12479	0.07249	0.12091	0.04516	0.06150	0.01563	0.00849	0.00622	0.00222	0.00660	0.00671	0.00565	0.00917
16	0.01974	0.02045	0.02632	0.02040	0.02559	0.16943	0.26504	0.14819	0.10789	0.02579	0.02109	0.02261	0.07801	0.00821	0.00744	0.00219	0.00960	0.00764	0.00493	0.00946
17	0.05358	0.00984	0.01351	0.01471	0.11450	0.00906	0.04024	0.01429	0.01555	0.02203	0.15370	0.18220	0.18215	0.03187	0.00825	0.00231	0.00506	0.01177	0.00564	0.10973
18	0.08544	0.01654	0.02445	0.04716	0.37940	0.04464	0.07448	0.05803	0.04839	0.05503	0.01427	0.01712	0.01131	0.00653	0.00662	0.00201	0.00796	0.00602	0.00419	0.09039
19	0.41790	0.01534	0.03776	0.01140	0.01583	0.05187	0.00953	0.14313	0.01731	0.08729	0.01925	0.06206	0.06791	0.00886	0.00580	0.00219	0.00618	0.00643	0.00538	0.00858
20	0.12600	0.01749	0.05791	0.01305	0.01867	0.07520	0.01107	0.16799	0.07384	0.05957	0.01482	0.01574	0.01128	0.00681	0.00587	0.00171	0.00675	0.00508	0.00510	0.30603
21	0.01733	0.01169	0.01327	0.01136	0.01499	0.01167	0.00892	0.16368	0.11142	0.13069	0.10189	0.11277	0.19701	0.01273	0.00755	0.00224	0.00516	0.01066	0.00699	0.04797

[dist]
# distance from previous block
# <min> <max>
10	35

[block]
# block no. 5 follows, 30 sequences, length 35
# corresponding to MSA columns:
# 1361-1375,1379-1398
name=unknown_F
#
# <colnr> <probs for GDERKNQSTAVLIFYWHMCP>
#	G	D	E	R	K	N	Q	S	T	A	V	L	I	F	Y	W	H	M	C	P
0	0.01635	0.01844	0.03957	0.02826	0.03527	0.01715	0.64512	0.02207	0.01635	0.02238	0.01401	0.01856	0.01057	0.00584	0.00805	0.00227	0.01137	0.00799	0.00357	0.05682
1	0.00858	0.00614	0.00817	0.00966	0.01014	0.00572	0.00648	0.00992	0.01374	0.01843	0.07871	0.70821	0.04734	0.02141	0.00887	0.00280	0.00400	0.01940	0.00655	0.00572
2	0.01817	0.01405	0.01507	0.01303	0.01731	0.03618	0.01026	0.03101	0.42325	0.11297	0.02816	0.02790	0.06075	0.00948	0.00693	0.00215	0.00565	0.03064	0.00667	0.13037
3	0.00850	0.00607	0.00810	0.00972	0.01012	0.00567	0.00648	0.00972	0.01336	0.01781	0.03846	0.75020	0.04615	0.02186	0.00891	0.00283	0.00405	0.01984	0.00648	0.00567
4	0.01657	0.01587	0.02706	0.16147	0.59805	0.01640	0.02107	0.02080	0.01556	0.02195	0.01300	0.01750	0.01075	0.00635	0.00692	0.00212	0.00846	0.00621	0.00339	0.01049
5	0.01447	0.01240	0.01447	0.01034	0.01654	0.00930	0.00827	0.01757	0.01447	0.02274	0.01240	0.01447	0.01034	0.00517	0.00517	0.00103	0.00517	0.00413	0.00413	0.79742
6	0.00892	0.00674	0.00983	0.01075	0.01150	0.00630	0.04210	0.01038	0.01352	0.01805	0.03719	0.71186	0.04429	0.02102	0.00887	0.00281	0.00445	0.01923	0.00632	0.00586
7	0.01015	0.00677	0.00761	0.00761	0.00761	0.00677	0.00423	0.01015	0.01015	0.01353	0.02199	0.04567	0.02537	0.75476	0.03552	0.00677	0.00677	0.01015	0.00423	0.00423
8	0.01015	0.00677	0.00761	0.00761	0.00761	0.00677	0.00423	0.01015	0.01015	0.01353	0.02199	0.04567	0.02537	0.75476	0.03552	0.00677	0.00677	0.01015	0.00423	0.00423
9	0.01400	0.03610	0.71860	0.01989	0.03020	0.01621	0.02578	0.02210	0.01473	0.02210	0.01252	0.01473	0.00884	0.00663	0.00663	0.00221	0.01031	0.00516	0.00295	0.01031
10	0.00988	0.00713	0.00933	0.00878	0.01043	0.00658	0.00658	0.01317	0.01975	0.02798	0.70754	0.05213	0.06584	0.01427	0.00823	0.00219	0.00329	0.01262	0.00768	0.00658
11	0.01447	0.01240	0.01447	0.01034	0.01654	0.00930	0.00827	0.01757	0.01447	0.02274	0.01240	0.01447	0.01034	0.00517	0.00517	0.00103	0.00517	0.00413	0.00413	0.79742
12	0.01405	0.00983	0.01192	0.01157	0.01352	0.01020	0.00853	0.13399	0.07070	0.06681	0.06227	0.46616	0.03616	0.01707	0.00869	0.00260	0.02658	0.01499	0.00670	0.00767
13	0.01505	0.01492	0.02709	0.02074	0.02553	0.01465	0.35030	0.05795	0.09451	0.02311	0.02272	0.17419	0.04354	0.01037	0.00852	0.00240	0.03304	0.01048	0.00487	0.04602
14	0.01541	0.13899	0.57827	0.01864	0.02792	0.06164	0.02305	0.02228	0.01496	0.02098	0.01201	0.01410	0.00887	0.00657	0.00630	0.00208	0.01005	0.00491	0.00299	0.00998
15	0.02015	0.01674	0.03756	0.01358	0.01895	0.09467	0.03162	0.13811	0.07832	0.11955	0.05825	0.01930	0.01562	0.00740	0.00635	0.00171	0.00682	0.00592	0.00558	0.30379
16	0.01799	0.58639	0.09761	0.05158	0.02079	0.04895	0.01386	0.02085	0.01421	0.01706	0.01011	0.01219	0.00898	0.00648	0.00591	0.00170	0.04927	0.00415	0.00301	0.00891
17	0.05730	0.01259	0.01443	0.01063	0.01655	0.01019	0.00851	0.01985	0.05682	0.06255	0.01410	0.01554	0.01126	0.00570	0.00535	0.00124	0.00525	0.00451	0.00458	0.66308
18	0.01039	0.00784	0.00984	0.00993	0.01162	0.00745	0.00731	0.01234	0.01380	0.01947	0.03365	0.38308	0.10354	0.01865	0.04902	0.00290	0.04401	0.04801	0.08167	0.12549
19	0.01012	0.00686	0.00810	0.00810	0.00827	0.00703	0.00484	0.01046	0.01029	0.01389	0.02154	0.04318	0.02429	0.65907	0.12973	0.00737	0.00839	0.00978	0.00416	0.00450
20	0.01552	0.01065	0.01242	0.01102	0.01403	0.01082	0.00854	0.09716	0.16180	0.10815	0.27680	0.09411	0.12433	0.01294	0.00776	0.00228	0.00465	0.01107	0.00735	0.00858
21	0.80405	0.01350	0.01026	0.00918	0.01350	0.01565	0.00756	0.02051	0.01188	0.03131	0.00972	0.01134	0.00756	0.00648	0.00432	0.00216	0.00540	0.00378	0.00432	0.00756
22	0.01318	0.01240	0.02093	0.73798	0.04806	0.01550	0.01938	0.01783	0.01395	0.01783	0.01240	0.01860	0.00930	0.00698	0.00698	0.00233	0.00930	0.00620	0.00310	0.00775
23	0.01579	0.08874	0.03187	0.02328	0.04701	0.01895	0.34327	0.01958	0.01419	0.01973	0.01373	0.06620	0.01239	0.00898	0.01251	0.00251	0.24129	0.00785	0.00352	0.00860
24	0.08898	0.00682	0.00913	0.00903	0.00953	0.00699	0.00618	0.01023	0.00961	0.01423	0.01400	0.02191	0.03674	0.02228	0.02436	0.69108	0.00591	0.00615	0.00328	0.00357
25	0.00847	0.00621	0.00796	0.00936	0.01003	0.00570	0.00632	0.00976	0.01370	0.01795	0.04276	0.65920	0.13438	0.02130	0.00882	0.00277	0.00398	0.01916	0.00648	0.00570
26	0.00912	0.00687	0.00847	0.00882	0.01031	0.00622	0.00648	0.01139	0.01664	0.02211	0.29840	0.25564	0.23862	0.01768	0.00851	0.00248	0.00377	0.05543	0.00693	0.00612
27	0.01528	0.03814	0.02669	0.37520	0.15017	0.04018	0.15299	0.01966	0.01470	0.01940	0.01246	0.01773	0.00982	0.00705	0.00846	0.00231	0.07139	0.00647	0.00325	0.00866
28	0.01538	0.20091	0.48378	0.01959	0.05074	0.01897	0.07527	0.02182	0.01478	0.02083	0.01202	0.01433	0.00908	0.00640	0.00627	0.00205	0.00970	0.00511	0.00302	0.00995
29	0.00906	0.00680	0.00854	0.00971	0.01093	0.00627	0.00725	0.01089	0.01468	0.01881	0.04695	0.40817	0.22638	0.02012	0.00889	0.00279	0.00446	0.16692	0.00647	0.00590
30	0.01986	0.09665	0.38393	0.01791	0.04930	0.01704	0.01935	0.13118	0.01862	0.15714	0.01581	0.01653	0.01102	0.00722	0.00657	0.00211	0.00872	0.00559	0.00470	0.01076
31	0.02136	0.06239	0.13105	0.02165	0.14008	0.25684	0.01656	0.14378	0.06345	0.02438	0.01353	0.01538	0.01063	0.00746	0.00728	0.00204	0.04259	0.00546	0.00425	0.00983
32	0.01683	0.00897	0.01101	0.00975	0.01278	0.00816	0.00763	0.03707	0.03562	0.23284	0.17808	0.09273	0.19889	0.01320	0.00757	0.00224	0.00446	0.03005	0.08393	0.00819
33	0.00879	0.00655	0.00819	0.00892	0.01005	0.00594	0.00626	0.01064	0.01550	0.02058	0.21291	0.43141	0.19057	0.01908	0.00860	0.00257	0.00375	0.01695	0.00678	0.00594
34	0.12018	0.04938	0.20613	0.01742	0.04639	0.13508	0.06750	0.06376	0.06527	0.07769	0.01654	0.07470	0.01362	0.00829	0.00660	0.00217	0.00866	0.00667	0.00456	0.00939

[dist]
# distance from previous block
# <min> <max>
0	1

[block]
# block no. 6 follows, 30 sequences, length 35
# corresponding to MSA columns:
# 1460-1494
name=unknown_G
#
# <colnr> <probs for GDERKNQSTAVLIFYWHMCP>
#	G	D	E	R	K	N	Q	S	T	A	V	L	I	F	Y	W	H	M	C	P
0	0.20309	0.01748	0.01709	0.01502	0.04458	0.06206	0.01158	0.26849	0.23071	0.03407	0.01820	0.01811	0.01356	0.00812	0.00636	0.00217	0.00681	0.00608	0.00606	0.01036
1	0.02222	0.08506	0.19849	0.01746	0.02436	0.02000	0.06360	0.38998	0.02501	0.06374	0.01538	0.01623	0.01101	0.00757	0.00677	0.00209	0.00853	0.00596	0.00546	0.01106
2	0.02195	0.09961	0.01975	0.01408	0.01878	0.01905	0.01159	0.37813	0.15393	0.05785	0.02045	0.07095	0.01632	0.00927	0.00673	0.00210	0.00666	0.00731	0.05488	0.01061
3	0.01611	0.01398	0.01869	0.09242	0.06461	0.01251	0.05866	0.09979	0.01688	0.02477	0.01310	0.01567	0.01047	0.00587	0.00591	0.00146	0.00657	0.00503	0.00429	0.51322
4	0.71887	0.01281	0.01016	0.00913	0.01317	0.01468	0.00745	0.01973	0.01272	0.03095	0.08456	0.01571	0.01381	0.00731	0.00474	0.00216	0.00517	0.00473	0.00468	0.00745
5	0.01086	0.00746	0.00901	0.00842	0.01060	0.00660	0.00639	0.01355	0.01837	0.07516	0.42556	0.05552	0.29642	0.01509	0.00815	0.00225	0.00357	0.01298	0.00731	0.00672
6	0.00858	0.00621	0.00813	0.00964	0.01022	0.00577	0.00656	0.00990	0.01363	0.01799	0.04068	0.67875	0.09265	0.02148	0.00889	0.00281	0.00409	0.04182	0.00648	0.00571
7	0.00846	0.00683	0.00753	0.00787	0.00969	0.00590	0.00570	0.01023	0.01565	0.01944	0.12172	0.23051	0.48935	0.01837	0.00840	0.00246	0.00364	0.01577	0.00659	0.00590
8	0.02522	0.02154	0.01930	0.01575	0.02055	0.19671	0.01259	0.39329	0.08389	0.08234	0.01924	0.01908	0.04134	0.00858	0.00687	0.00206	0.00843	0.00637	0.00624	0.01060
9	0.80405	0.01350	0.01026	0.00918	0.01350	0.01565	0.00756	0.02051	0.01188	0.03131	0.00972	0.01134	0.00756	0.00648	0.00432	0.00216	0.00540	0.00378	0.00432	0.00756
10	0.02299	0.02285	0.02216	0.01885	0.05092	0.28807	0.11022	0.19917	0.02176	0.05207	0.01468	0.01660	0.01125	0.00759	0.00723	0.00201	0.03441	0.00592	0.08190	0.00937
11	0.01411	0.01215	0.01563	0.01176	0.01717	0.00974	0.05595	0.03700	0.01500	0.02264	0.01643	0.12147	0.01559	0.00773	0.00598	0.00142	0.00555	0.00676	0.00452	0.60340
12	0.80405	0.01350	0.01026	0.00918	0.01350	0.01565	0.00756	0.02051	0.01188	0.03131	0.00972	0.01134	0.00756	0.00648	0.00432	0.00216	0.00540	0.00378	0.00432	0.00756
13	0.01797	0.01485	0.01580	0.01412	0.01813	0.01704	0.01101	0.03695	0.66861	0.05956	0.02836	0.02593	0.02112	0.00943	0.00710	0.00236	0.00554	0.00785	0.00717	0.01108
14	0.80405	0.01350	0.01026	0.00918	0.01350	0.01565	0.00756	0.02051	0.01188	0.03131	0.00972	0.01134	0.00756	0.00648	0.00432	0.00216	0.00540	0.00378	0.00432	0.00756
15	0.01727	0.01658	0.02832	0.04283	0.71123	0.01658	0.02142	0.02142	0.01589	0.02280	0.01313	0.01727	0.01105	0.00622	0.00691	0.00207	0.00829	0.00622	0.00345	0.01105
16	0.01775	0.01519	0.01600	0.01428	0.01830	0.01754	0.01114	0.06524	0.66981	0.02983	0.02790	0.02563	0.02089	0.00942	0.00710	0.00236	0.00562	0.00782	0.00710	0.01108
17	0.02983	0.01185	0.01584	0.01226	0.01733	0.01047	0.01000	0.05691	0.01985	0.64787	0.02679	0.02484	0.01757	0.05445	0.00877	0.00244	0.00605	0.00718	0.00830	0.01141
18	0.00906	0.00641	0.00817	0.00935	0.00983	0.00609	0.00625	0.01016	0.01293	0.01710	0.03596	0.51438	0.06860	0.18796	0.01497	0.00373	0.00481	0.06287	0.00596	0.00540
19	0.00940	0.00701	0.00795	0.00806	0.00995	0.00626	0.00609	0.01176	0.01652	0.02193	0.21780	0.11690	0.37268	0.01627	0.00804	0.00234	0.00369	0.06003	0.09118	0.00615
20	0.00850	0.00607	0.00810	0.00972	0.01012	0.00567	0.00648	0.00972	0.01336	0.01781	0.03846	0.75020	0.04615	0.02186	0.00891	0.00283	0.00405	0.01984	0.00648	0.00567
21	0.01647	0.01882	0.04118	0.02941	0.03647	0.01765	0.68588	0.02235	0.01647	0.02235	0.01412	0.01882	0.01059	0.00588	0.00824	0.00235	0.01176	0.00824	0.00353	0.00941
22	0.00873	0.00622	0.00827	0.00983	0.01030	0.00585	0.00669	0.01002	0.01341	0.01785	0.03778	0.68397	0.04505	0.04770	0.00990	0.00300	0.00429	0.05907	0.00639	0.00566
23	0.00988	0.00713	0.00933	0.00878	0.01043	0.00658	0.00658	0.01317	0.01975	0.02798	0.70754	0.05213	0.06584	0.01427	0.00823	0.00219	0.00329	0.01262	0.00768	0.00658
24	0.01524	0.22951	0.53611	0.01776	0.02691	0.01926	0.02208	0.02178	0.01458	0.02058	0.01177	0.01379	0.00887	0.00645	0.00605	0.00202	0.00955	0.00478	0.00296	0.00995
25	0.01146	0.00967	0.01408	0.01322	0.01411	0.01228	0.01057	0.01368	0.01107	0.01637	0.01601	0.02399	0.01511	0.04104	0.52883	0.00892	0.22234	0.00709	0.00355	0.00663
26	0.02653	0.01955	0.02094	0.01606	0.02164	0.02164	0.01326	0.68796	0.03281	0.04398	0.01675	0.01675	0.01187	0.00838	0.00698	0.00209	0.00768	0.00628	0.00698	0.01187
27	0.01301	0.00650	0.00650	0.00650	0.00813	0.00650	0.00488	0.01626	0.01463	0.02602	0.02276	0.02602	0.01789	0.00813	0.00488	0.00163	0.00325	0.00650	0.79350	0.00650
28	0.01015	0.00677	0.00761	0.00761	0.00761	0.00677	0.00423	0.01015	0.01015	0.01353	0.02199	0.04567	0.02537	0.75476	0.03552	0.00677	0.00677	0.01015	0.00423	0.00423
29	0.80405	0.01350	0.01026	0.00918	0.01350	0.01565	0.00756	0.02051	0.01188	0.03131	0.00972	0.01134	0.00756	0.00648	0.00432	0.00216	0.00540	0.00378	0.00432	0.00756
30	0.01318	0.01240	0.02093	0.73798	0.04806	0.01550	0.01938	0.01783	0.01395	0.01783	0.01240	0.01860	0.00930	0.00698	0.00698	0.00233	0.00930	0.00620	0.00310	0.00775
31	0.01416	0.01341	0.02271	0.57066	0.20769	0.01576	0.01987	0.01869	0.01442	0.01903	0.01258	0.01828	0.00972	0.00679	0.00696	0.00226	0.00906	0.00621	0.00319	0.00855
32	0.01580	0.01561	0.02563	0.30479	0.33843	0.04024	0.06692	0.02000	0.01495	0.02026	0.01256	0.01759	0.01015	0.00694	0.00814	0.00225	0.06081	0.00629	0.00330	0.00934
33	0.01708	0.16778	0.32059	0.04398	0.02566	0.12167	0.06609	0.02220	0.01586	0.04332	0.03205	0.01997	0.01300	0.00770	0.00656	0.00210	0.00957	0.05190	0.00365	0.00925
34	0.04640	0.03960	0.02473	0.01829	0.02346	0.01436	0.25604	0.10015	0.01732	0.06471	0.01804	0.07243	0.01571	0.01265	0.07768	0.00301	0.00932	0.04438	0.00474	0.13697

[dist]
# distance from previous block
# <min> <max>
2	28

[block]
# block no. 7 follows, 30 sequences, length 10
# corresponding to MSA columns:
# 1523-1532
name=unknown_H
#
# <colnr> <probs for GDERKNQSTAVLIFYWHMCP>
#	G	D	E	R	K	N	Q	S	T	A	V	L	I	F	Y	W	H	M	C	P
0	0.02182	0.12252	0.02008	0.01362	0.01872	0.07188	0.01127	0.15988	0.14793	0.14483	0.01825	0.01809	0.01355	0.00769	0.00673	0.00187	0.02886	0.00579	0.00579	0.16080
1	0.07371	0.17237	0.02375	0.01489	0.02006	0.01688	0.14223	0.09906	0.07769	0.07003	0.02537	0.02578	0.13703	0.00880	0.00662	0.00202	0.00705	0.00750	0.00510	0.06405
2	0.22179	0.01431	0.01529	0.11607	0.02111	0.03484	0.01126	0.10100	0.21519	0.09671	0.02012	0.07000	0.01598	0.00894	0.00645	0.00227	0.00640	0.00706	0.00581	0.00940
3	0.01096	0.01129	0.10960	0.00995	0.01297	0.00771	0.00875	0.01340	0.01486	0.06827	0.04696	0.21329	0.33713	0.08989	0.01080	0.00287	0.00512	0.01354	0.00590	0.00673
4	0.01221	0.01251	0.07029	0.13790	0.02325	0.01252	0.08509	0.01586	0.01315	0.01830	0.01835	0.03019	0.01712	0.02762	0.30311	0.00615	0.08440	0.10081	0.00387	0.00730
5	0.01725	0.01004	0.01220	0.01093	0.01381	0.01004	0.00862	0.13354	0.01882	0.16104	0.07680	0.13619	0.07762	0.01690	0.08427	0.00322	0.00656	0.05653	0.13733	0.00829
6	0.06405	0.02004	0.02597	0.01974	0.02518	0.14341	0.23921	0.16526	0.01967	0.02631	0.01330	0.01596	0.01029	0.00693	0.00774	0.00202	0.05061	0.00613	0.00440	0.13378
7	0.00985	0.01153	0.10973	0.00997	0.01339	0.00779	0.00914	0.01281	0.01578	0.02038	0.10517	0.11085	0.40264	0.01560	0.00802	0.00237	0.00488	0.07315	0.00594	0.05103
8	0.05137	0.08779	0.12619	0.16495	0.08227	0.10518	0.15841	0.06156	0.01634	0.02164	0.01236	0.01598	0.00964	0.00693	0.00766	0.00218	0.05097	0.00595	0.00353	0.00910
9	0.01458	0.01317	0.01609	0.04268	0.06941	0.10061	0.05889	0.03207	0.03121	0.05062	0.09921	0.21077	0.06354	0.01538	0.03874	0.00284	0.05546	0.07169	0.00546	0.00758

[dist]
# distance from previous block
# <min> <max>
3	12

[block]
# block no. 8 follows, 30 sequences, length 158
# corresponding to MSA columns:
# 1545-1573,1577-1634,1663-1666,1668-1718,1721-1736
name=unknown_I
#
# <colnr> <probs for GDERKNQSTAVLIFYWHMCP>
#	G	D	E	R	K	N	Q	S	T	A	V	L	I	F	Y	W	H	M	C	P
0	0.01511	0.01308	0.02172	0.43124	0.22654	0.01475	0.01861	0.01937	0.01504	0.05803	0.01595	0.02468	0.01339	0.00812	0.00723	0.00234	0.00854	0.07367	0.00384	0.00876
1	0.00896	0.00686	0.00812	0.00865	0.01012	0.00618	0.00631	0.01082	0.01540	0.01976	0.15021	0.26086	0.31696	0.06561	0.01031	0.00283	0.00412	0.07553	0.00651	0.00587
2	0.01425	0.01361	0.02287	0.54042	0.10006	0.01598	0.07945	0.02052	0.08449	0.01983	0.01426	0.01927	0.01080	0.00707	0.00710	0.00231	0.00905	0.00656	0.00358	0.00852
3	0.08956	0.02104	0.19328	0.05224	0.02436	0.05670	0.09711	0.04095	0.03595	0.06526	0.01334	0.01657	0.01043	0.00994	0.03895	0.00272	0.18670	0.00593	0.00389	0.03507
4	0.00849	0.00611	0.00806	0.00962	0.01010	0.00568	0.00644	0.00973	0.01345	0.01785	0.03960	0.72612	0.06950	0.02171	0.00888	0.00282	0.00403	0.01966	0.00648	0.00568
5	0.03108	0.01224	0.01642	0.01259	0.01800	0.01080	0.01040	0.06531	0.02059	0.68389	0.02701	0.02342	0.01702	0.00862	0.00702	0.00216	0.00602	0.00698	0.00856	0.01188
6	0.02615	0.01901	0.02038	0.01586	0.02106	0.04383	0.01305	0.56058	0.04741	0.09960	0.01743	0.01739	0.01235	0.00857	0.00773	0.00214	0.04278	0.00632	0.00683	0.01152
7	0.01549	0.01503	0.02164	0.03791	0.04675	0.02007	0.04090	0.03925	0.01207	0.01843	0.01054	0.01630	0.00989	0.01252	0.04079	0.00313	0.59783	0.00625	0.02730	0.00790
8	0.00990	0.00721	0.00937	0.00905	0.01074	0.00668	0.00694	0.01309	0.01918	0.02677	0.60646	0.05551	0.10302	0.01494	0.00836	0.00230	0.00360	0.07289	0.00749	0.00653
9	0.00988	0.00713	0.00933	0.00878	0.01043	0.00658	0.00658	0.01317	0.01975	0.02798	0.70754	0.05213	0.06584	0.01427	0.00823	0.00219	0.00329	0.01262	0.00768	0.00658
10	0.17352	0.01217	0.01510	0.01182	0.01702	0.01125	0.00976	0.03152	0.01848	0.59004	0.02425	0.02147	0.01549	0.00824	0.00652	0.00216	0.00584	0.00642	0.00784	0.01108
11	0.00997	0.00748	0.01121	0.01121	0.01246	0.00872	0.00872	0.01246	0.01121	0.01620	0.01869	0.02741	0.01745	0.05234	0.72710	0.01121	0.01869	0.00748	0.00374	0.00623
12	0.01527	0.01527	0.02137	0.01832	0.01832	0.02137	0.01527	0.01679	0.01069	0.01679	0.00916	0.01527	0.00916	0.01221	0.02290	0.00305	0.74198	0.00611	0.00305	0.00763
13	0.01015	0.00677	0.00761	0.00761	0.00761	0.00677	0.00423	0.01015	0.01015	0.01353	0.02199	0.04567	0.02537	0.75476	0.03552	0.00677	0.00677	0.01015	0.00423	0.00423
14	0.01301	0.00650	0.00650	0.00650	0.00813	0.00650	0.00488	0.01626	0.01463	0.02602	0.02276	0.02602	0.01789	0.00813	0.00488	0.00163	0.00325	0.00650	0.79350	0.00650
15	0.01647	0.01882	0.04118	0.02941	0.03647	0.01765	0.68588	0.02235	0.01647	0.02235	0.01412	0.01882	0.01059	0.00588	0.00824	0.00235	0.01176	0.00824	0.00353	0.00941
16	0.02922	0.01308	0.01672	0.01291	0.01814	0.01222	0.01063	0.15750	0.02241	0.55001	0.06298	0.02398	0.01892	0.00890	0.00708	0.00215	0.00612	0.00719	0.00827	0.01158
17	0.01866	0.75896	0.03657	0.01194	0.01791	0.02761	0.01194	0.02090	0.01418	0.01642	0.00970	0.01119	0.00896	0.00597	0.00448	0.00149	0.00746	0.00373	0.00299	0.00896
18	0.02688	0.02956	0.01926	0.01707	0.02100	0.59524	0.01298	0.04933	0.02021	0.12482	0.01353	0.01442	0.01035	0.00745	0.00642	0.00186	0.01142	0.00494	0.00447	0.00879
19	0.02556	0.03175	0.02102	0.01851	0.02240	0.65126	0.05056	0.06161	0.02027	0.01876	0.01128	0.01314	0.00923	0.00718	0.00643	0.00184	0.01229	0.00479	0.00377	0.00836
20	0.02209	0.01943	0.01777	0.01492	0.01909	0.16865	0.01171	0.35898	0.05458	0.03167	0.01976	0.15113	0.01789	0.01049	0.00710	0.00212	0.00784	0.00835	0.00602	0.05040
21	0.01736	0.01499	0.01578	0.01420	0.01815	0.01736	0.01105	0.03708	0.69862	0.02919	0.02840	0.02604	0.02130	0.00947	0.00710	0.00237	0.00552	0.00789	0.00710	0.01105
22	0.01301	0.00650	0.00650	0.00650	0.00813	0.00650	0.00488	0.01626	0.01463	0.02602	0.02276	0.02602	0.01789	0.00813	0.00488	0.00163	0.00325	0.00650	0.79350	0.00650
23	0.01005	0.00817	0.01221	0.01215	0.01336	0.00814	0.06984	0.01271	0.04902	0.01902	0.05056	0.59349	0.04031	0.01911	0.00940	0.00276	0.03985	0.01732	0.00610	0.00641
24	0.00966	0.00712	0.00902	0.00855	0.01029	0.00649	0.00641	0.01274	0.01923	0.02675	0.62151	0.05416	0.15264	0.01473	0.00823	0.00222	0.00332	0.01290	0.00752	0.00649
25	0.09536	0.01251	0.01404	0.01022	0.01623	0.00995	0.00820	0.01787	0.01420	0.02362	0.01213	0.01415	0.01005	0.00530	0.00508	0.00115	0.00519	0.00410	0.00415	0.71650
26	0.01818	0.68490	0.10644	0.01275	0.01917	0.02644	0.01336	0.02102	0.01424	0.01700	0.00999	0.01156	0.00894	0.00604	0.00470	0.00157	0.00775	0.00388	0.00298	0.00909
27	0.00969	0.00657	0.00775	0.00820	0.00831	0.00646	0.00486	0.01003	0.01104	0.01473	0.02658	0.24219	0.03117	0.55032	0.02810	0.00567	0.00601	0.01285	0.00486	0.00463
28	0.00891	0.00710	0.00799	0.00777	0.00983	0.00617	0.00583	0.01130	0.01748	0.02258	0.33094	0.06102	0.44582	0.01628	0.00824	0.00229	0.00344	0.01387	0.00697	0.00617
29	0.01527	0.01527	0.02137	0.01832	0.01832	0.02137	0.01527	0.01679	0.01069	0.01679	0.00916	0.01527	0.00916	0.01221	0.02290	0.00305	0.74198	0.00611	0.00305	0.00763
30	0.02653	0.01955	0.02094	0.01606	0.02164	0.02164	0.01326	0.68796	0.03281	0.04398	0.01675	0.01675	0.01187	0.00838	0.00698	0.00209	0.00768	0.00628	0.00698	0.01187
31	0.00850	0.00629	0.00795	0.00920	0.01001	0.00574	0.00627	0.00988	0.01403	0.01834	0.06642	0.60312	0.16704	0.02085	0.00876	0.00273	0.00393	0.01867	0.00652	0.00574
32	0.03131	0.01188	0.01619	0.01242	0.01781	0.01026	0.01026	0.03401	0.01997	0.71606	0.02753	0.02375	0.01727	0.00864	0.00702	0.00216	0.00594	0.00702	0.00864	0.01188
33	0.03131	0.01188	0.01619	0.01242	0.01781	0.01026	0.01026	0.03401	0.01997	0.71606	0.02753	0.02375	0.01727	0.00864	0.00702	0.00216	0.00594	0.00702	0.00864	0.01188
34	0.01647	0.01882	0.04118	0.02941	0.03647	0.01765	0.68588	0.02235	0.01647	0.02235	0.01412	0.01882	0.01059	0.00588	0.00824	0.00235	0.01176	0.00824	0.00353	0.00941
35	0.00850	0.00607	0.00810	0.00972	0.01012	0.00567	0.00648	0.00972	0.01336	0.01781	0.03846	0.75020	0.04615	0.02186	0.00891	0.00283	0.00405	0.01984	0.00648	0.00567
36	0.01301	0.00650	0.00650	0.00650	0.00813	0.00650	0.00488	0.01626	0.01463	0.02602	0.02276	0.02602	0.01789	0.00813	0.00488	0.00163	0.00325	0.00650	0.79350	0.00650
37	0.01647	0.01882	0.04118	0.02941	0.03647	0.01765	0.68588	0.02235	0.01647	0.02235	0.01412	0.01882	0.01059	0.00588	0.00824	0.00235	0.01176	0.00824	0.00353	0.00941
38	0.03131	0.01188	0.01619	0.01242	0.01781	0.01026	0.01026	0.03401	0.01997	0.71606	0.02753	0.02375	0.01727	0.00864	0.00702	0.00216	0.00594	0.00702	0.00864	0.01188
39	0.01447	0.01240	0.01447	0.01034	0.01654	0.00930	0.00827	0.01757	0.01447	0.02274	0.01240	0.01447	0.01034	0.00517	0.00517	0.00103	0.00517	0.00413	0.00413	0.79742
40	0.01609	0.01803	0.03832	0.10157	0.03694	0.01757	0.59116	0.02167	0.01598	0.02167	0.01375	0.01866	0.01040	0.00624	0.00868	0.00238	0.04031	0.00794	0.00347	0.00917
41	0.00850	0.00607	0.00810	0.00972	0.01012	0.00567	0.00648	0.00972	0.01336	0.01781	0.03846	0.75020	0.04615	0.02186	0.00891	0.00283	0.00405	0.01984	0.00648	0.00567
42	0.01933	0.01324	0.03837	0.01357	0.01805	0.01235	0.07897	0.10937	0.12092	0.21485	0.05733	0.05697	0.19343	0.01126	0.00755	0.00228	0.00608	0.00965	0.00685	0.00957
43	0.05594	0.01337	0.01689	0.01299	0.01839	0.01257	0.01073	0.15646	0.02212	0.56713	0.02492	0.02203	0.01594	0.00852	0.00692	0.00215	0.00625	0.00677	0.00818	0.01173
44	0.00997	0.00748	0.01121	0.01121	0.01246	0.00872	0.00872	0.01246	0.01121	0.01620	0.01869	0.02741	0.01745	0.05234	0.72710	0.01121	0.01869	0.00748	0.00374	0.00623
45	0.01459	0.01431	0.02194	0.54144	0.13629	0.05285	0.01900	0.01876	0.01424	0.01839	0.01214	0.01782	0.00952	0.00734	0.00832	0.00233	0.07324	0.00611	0.00317	0.00822
46	0.01513	0.21252	0.55214	0.01795	0.02720	0.01899	0.02240	0.02181	0.01460	0.02071	0.01183	0.01387	0.00887	0.00647	0.00610	0.00203	0.00962	0.00481	0.00296	0.00998
47	0.01007	0.00754	0.01085	0.01085	0.01184	0.00867	0.00817	0.01212	0.01117	0.01594	0.01995	0.06944	0.01988	0.14694	0.57006	0.00989	0.03825	0.00849	0.00394	0.00596
48	0.00850	0.00607	0.00810	0.00972	0.01012	0.00567	0.00648	0.00972	0.01336	0.01781	0.03846	0.75020	0.04615	0.02186	0.00891	0.00283	0.00405	0.01984	0.00648	0.00567
49	0.00967	0.00794	0.01294	0.01260	0.01398	0.00742	0.10588	0.01157	0.01382	0.01848	0.03490	0.64320	0.04095	0.01952	0.00881	0.00276	0.00518	0.01814	0.00605	0.00622
50	0.09347	0.01971	0.01945	0.01544	0.02061	0.07770	0.01258	0.51708	0.09062	0.03935	0.01672	0.01679	0.01212	0.00821	0.00670	0.00210	0.00768	0.00607	0.00649	0.01111
51	0.01400	0.03610	0.71860	0.01989	0.03020	0.01621	0.02578	0.02210	0.01473	0.02210	0.01252	0.01473	0.00884	0.00663	0.00663	0.00221	0.01031	0.00516	0.00295	0.01031
52	0.01473	0.01343	0.01896	0.01381	0.01971	0.01119	0.12109	0.01874	0.03488	0.02289	0.04047	0.01704	0.01285	0.00599	0.00641	0.00140	0.02914	0.00532	0.00423	0.58773
53	0.01667	0.01497	0.02092	0.01781	0.01828	0.02040	0.01483	0.01830	0.01150	0.07779	0.01076	0.01601	0.00987	0.01190	0.02152	0.00298	0.67778	0.00619	0.00354	0.00800
54	0.00867	0.00633	0.00816	0.00931	0.01009	0.00582	0.00637	0.01023	0.01452	0.01934	0.13487	0.58118	0.11868	0.02036	0.00874	0.00269	0.00389	0.01830	0.00665	0.00582
55	0.01495	0.01628	0.03437	0.02602	0.05258	0.01529	0.53346	0.01988	0.01585	0.02149	0.01880	0.16037	0.01749	0.00899	0.00832	0.00244	0.01016	0.01042	0.00410	0.00874
56	0.32711	0.17150	0.01914	0.01231	0.01699	0.12249	0.01040	0.06973	0.01619	0.13387	0.01313	0.01393	0.00993	0.00713	0.00583	0.00199	0.03006	0.00463	0.00476	0.00890
57	0.01867	0.01249	0.01366	0.01150	0.01504	0.04002	0.00916	0.21512	0.02162	0.13290	0.12427	0.03373	0.14933	0.01488	0.07279	0.00294	0.00679	0.00888	0.08738	0.00883
58	0.00855	0.00628	0.00803	0.00928	0.01004	0.00576	0.00632	0.00998	0.01413	0.01860	0.08524	0.60888	0.14173	0.02079	0.00877	0.00273	0.00393	0.01865	0.00655	0.00576
59	0.02535	0.01861	0.01990	0.01544	0.02073	0.02060	0.01270	0.62001	0.06342	0.04229	0.01764	0.01771	0.01265	0.00842	0.00687	0.00208	0.00733	0.00637	0.05037	0.01153
60	0.01110	0.00979	0.01679	0.01419	0.01691	0.00910	0.17409	0.01438	0.01682	0.02291	0.28015	0.22334	0.09640	0.01467	0.00848	0.00246	0.00576	0.04947	0.00619	0.00699
61	0.01578	0.01506	0.02564	0.29567	0.47003	0.01619	0.02068	0.02011	0.01519	0.02099	0.01286	0.01776	0.01042	0.00649	0.00693	0.00216	0.00866	0.00621	0.00333	0.00985
62	0.01400	0.03610	0.71860	0.01989	0.03020	0.01621	0.02578	0.02210	0.01473	0.02210	0.01252	0.01473	0.00884	0.00663	0.00663	0.00221	0.01031	0.00516	0.00295	0.01031
63	0.01301	0.00650	0.00650	0.00650	0.00813	0.00650	0.00488	0.01626	0.01463	0.02602	0.02276	0.02602	0.01789	0.00813	0.00488	0.00163	0.00325	0.00650	0.79350	0.00650
64	0.01077	0.00911	0.00960	0.00935	0.01203	0.00891	0.00726	0.01709	0.18414	0.02158	0.05720	0.05808	0.47819	0.01580	0.00809	0.00244	0.00429	0.07225	0.00663	0.00721
65	0.02232	0.01021	0.01349	0.01109	0.01499	0.00913	0.00894	0.04663	0.01999	0.41112	0.25362	0.03677	0.06694	0.01127	0.00756	0.00221	0.00502	0.03093	0.00809	0.00967
66	0.02041	0.58691	0.03259	0.01337	0.01878	0.19336	0.01231	0.02255	0.01551	0.01657	0.00996	0.01152	0.00896	0.00626	0.00491	0.00156	0.00868	0.00391	0.00313	0.00875
67	0.01810	0.01229	0.01484	0.01078	0.01681	0.00951	0.00870	0.02111	0.01566	0.17207	0.01566	0.01647	0.01183	0.00592	0.00557	0.00128	0.00533	0.00476	0.00510	0.62823
68	0.01728	0.52469	0.22181	0.01500	0.02220	0.02400	0.05046	0.02130	0.01445	0.01827	0.01069	0.01255	0.00901	0.00614	0.00526	0.00173	0.00846	0.00435	0.00300	0.00935
69	0.08286	0.00916	0.01271	0.24482	0.02293	0.01018	0.01086	0.01437	0.03639	0.01986	0.05446	0.37441	0.05085	0.01482	0.00776	0.00255	0.00587	0.01314	0.00526	0.00673
70	0.02736	0.01100	0.01493	0.01175	0.01645	0.00958	0.00958	0.03017	0.01993	0.58943	0.15268	0.02897	0.02621	0.00967	0.00724	0.00217	0.00545	0.00805	0.00846	0.01090
71	0.00986	0.00672	0.00896	0.01015	0.01077	0.00654	0.00734	0.01102	0.01315	0.01739	0.03280	0.37964	0.03783	0.14825	0.01539	0.07600	0.00535	0.19171	0.00576	0.00538
72	0.01805	0.01570	0.01841	0.19191	0.08405	0.08858	0.01421	0.14561	0.13248	0.04757	0.05851	0.04900	0.01957	0.00978	0.00732	0.00231	0.00773	0.07453	0.00543	0.00924
73	0.01240	0.01095	0.01753	0.46942	0.03540	0.01315	0.01612	0.01625	0.01423	0.01848	0.02031	0.09982	0.01981	0.01144	0.00852	0.00261	0.04294	0.15917	0.00418	0.00725
74	0.66184	0.01320	0.01135	0.00977	0.01429	0.01466	0.00805	0.02300	0.01337	0.15733	0.01299	0.01362	0.00935	0.00688	0.00482	0.00216	0.00550	0.00437	0.00511	0.00835
75	0.00847	0.00708	0.00737	0.00730	0.00956	0.00598	0.00547	0.01044	0.01642	0.02007	0.15594	0.06515	0.62238	0.01722	0.00825	0.00233	0.00350	0.01445	0.00664	0.00598
76	0.00853	0.00651	0.00788	0.00893	0.01007	0.00585	0.00628	0.01003	0.01437	0.01831	0.04964	0.48260	0.27691	0.02029	0.00871	0.00268	0.00397	0.04620	0.00648	0.00578
77	0.01400	0.03610	0.71860	0.01989	0.03020	0.01621	0.02578	0.02210	0.01473	0.02210	0.01252	0.01473	0.00884	0.00663	0.00663	0.00221	0.01031	0.00516	0.00295	0.01031
78	0.01447	0.01240	0.01447	0.01034	0.01654	0.00930	0.00827	0.01757	0.01447	0.02274	0.01240	0.01447	0.01034	0.00517	0.00517	0.00103	0.00517	0.00413	0.00413	0.79742
