[name]
unknown

[dist]
# distance from previous block
# <min> <max>
0	28

[block]
# block no. 0 follows, 34 sequences, length 10
# corresponding to MSA columns:
# 28-37
name=unknown_A
#
# <colnr> <probs for GDERKNQSTAVLIFYWHMCP>
#	G	D	E	R	K	N	Q	S	T	A	V	L	I	F	Y	W	H	M	C	P
0	0.21570	0.06031	0.01553	0.04872	0.16514	0.03280	0.01143	0.01682	0.01348	0.02152	0.01876	0.08968	0.01889	0.01017	0.00636	0.00219	0.00616	0.18700	0.00435	0.05498
1	0.03718	0.06192	0.01870	0.28620	0.13715	0.07217	0.01380	0.01814	0.01397	0.05689	0.01473	0.06594	0.02700	0.00721	0.00604	0.00185	0.00725	0.00612	0.00369	0.14404
2	0.00926	0.00711	0.00820	0.00838	0.01000	0.00662	0.00607	0.06597	0.01545	0.01990	0.12494	0.34026	0.32037	0.01687	0.00779	0.00232	0.00375	0.01468	0.00616	0.00589
3	0.02310	0.01212	0.01468	0.01179	0.01596	0.01204	0.00945	0.16404	0.12347	0.38076	0.07743	0.02467	0.01961	0.07002	0.00871	0.00236	0.00564	0.00711	0.00709	0.00993
4	0.01257	0.02070	0.30933	0.06404	0.02553	0.01323	0.18965	0.01872	0.05918	0.02020	0.04429	0.10114	0.07503	0.00875	0.00696	0.00217	0.00818	0.00813	0.00389	0.00832
5	0.00878	0.00661	0.00912	0.01126	0.06956	0.00626	0.00699	0.01028	0.01310	0.01768	0.10937	0.55782	0.06286	0.06655	0.00959	0.00272	0.00415	0.01586	0.00575	0.00568
6	0.02241	0.01417	0.06407	0.01421	0.01949	0.03210	0.11228	0.06759	0.03462	0.39003	0.06672	0.02104	0.01649	0.00750	0.00652	0.00192	0.00657	0.00654	0.00624	0.08950
7	0.53791	0.07928	0.06012	0.01065	0.01516	0.06241	0.00938	0.07418	0.05760	0.02724	0.01081	0.01200	0.00837	0.00632	0.00462	0.00194	0.00604	0.00404	0.00412	0.00781
8	0.13404	0.41239	0.14611	0.01254	0.01827	0.05732	0.01270	0.05875	0.05964	0.02029	0.01095	0.01217	0.00897	0.00609	0.00483	0.00168	0.00721	0.00410	0.00341	0.00855
9	0.04593	0.11177	0.37635	0.01826	0.06913	0.04577	0.07829	0.03674	0.05005	0.08854	0.01343	0.01490	0.00980	0.00634	0.00603	0.00196	0.00851	0.00517	0.00365	0.00940

[dist]
# distance from previous block
# <min> <max>
0	4

[block]
# block no. 1 follows, 34 sequences, length 52
# corresponding to MSA columns:
# 42,43,46-66,69-73,81-104
name=unknown_B
#
# <colnr> <probs for GDERKNQSTAVLIFYWHMCP>
#	G	D	E	R	K	N	Q	S	T	A	V	L	I	F	Y	W	H	M	C	P
0	0.30582	0.12660	0.01802	0.01369	0.06258	0.06745	0.01062	0.21288	0.06412	0.02843	0.01220	0.01328	0.00946	0.00674	0.00552	0.00190	0.02275	0.00462	0.00455	0.00875
1	0.01499	0.23569	0.42960	0.01527	0.02282	0.01734	0.01797	0.03509	0.03804	0.04802	0.01279	0.03825	0.01015	0.00659	0.00565	0.00185	0.00812	0.00500	0.00330	0.03347
2	0.13498	0.06014	0.02230	0.09238	0.26620	0.01642	0.08457	0.07882	0.12375	0.02388	0.01391	0.01628	0.01093	0.00655	0.00635	0.00201	0.02157	0.00571	0.00405	0.00920
3	0.02155	0.01774	0.01654	0.01352	0.01753	0.14556	0.01084	0.43658	0.02434	0.03207	0.01552	0.01680	0.01172	0.01016	0.05389	0.00237	0.00793	0.00563	0.13045	0.00926
4	0.06452	0.01158	0.01856	0.47364	0.16862	0.01341	0.01602	0.01654	0.01349	0.01887	0.06495	0.06359	0.01465	0.00761	0.00648	0.00212	0.00751	0.00678	0.00350	0.00755
5	0.01607	0.01388	0.01461	0.01315	0.01680	0.01607	0.01023	0.03433	0.72094	0.02703	0.02630	0.02411	0.01972	0.00877	0.00657	0.00219	0.00511	0.00731	0.00657	0.01023
6	0.00939	0.00631	0.00726	0.00726	0.00733	0.00638	0.00418	0.00953	0.00946	0.01268	0.02017	0.04122	0.02303	0.72720	0.07798	0.00652	0.00696	0.00924	0.00389	0.00403
7	0.00938	0.00855	0.06159	0.00883	0.01096	0.00672	0.00735	0.01271	0.01785	0.02528	0.65833	0.04615	0.07611	0.01279	0.00751	0.00204	0.00353	0.01124	0.00676	0.00633
8	0.00912	0.00631	0.00697	0.00697	0.00731	0.00614	0.00407	0.00938	0.01024	0.01331	0.02751	0.04544	0.13545	0.65303	0.02889	0.00562	0.00579	0.01007	0.00425	0.00416
9	0.01439	0.05740	0.17455	0.02100	0.10333	0.04390	0.21495	0.03424	0.04668	0.02012	0.01661	0.04376	0.02736	0.01007	0.04461	0.00258	0.04178	0.07050	0.00371	0.00847
10	0.09939	0.37022	0.08469	0.01342	0.01834	0.28301	0.01223	0.02173	0.01482	0.01724	0.00956	0.01111	0.00816	0.00603	0.00490	0.00160	0.00864	0.00382	0.00309	0.00798
11	0.06551	0.03206	0.69183	0.01777	0.02696	0.01497	0.02277	0.02037	0.01347	0.02102	0.01143	0.01344	0.00811	0.00613	0.00600	0.00204	0.00925	0.00469	0.00281	0.00938
12	0.68595	0.09154	0.01263	0.00916	0.01339	0.01598	0.00775	0.06271	0.01244	0.02831	0.00941	0.01080	0.00738	0.00606	0.00417	0.00193	0.00533	0.00364	0.00403	0.00738
13	0.01368	0.01346	0.01891	0.01635	0.01646	0.01869	0.01357	0.01517	0.00994	0.01550	0.00931	0.01519	0.00920	0.01479	0.08916	0.00353	0.69149	0.00577	0.00289	0.00695
14	0.01607	0.01388	0.01461	0.01315	0.01680	0.01607	0.01023	0.03433	0.72094	0.02703	0.02630	0.02411	0.01972	0.00877	0.00657	0.00219	0.00511	0.00731	0.00657	0.01023
15	0.00801	0.00570	0.00756	0.00892	0.00930	0.00540	0.00594	0.00910	0.01213	0.01621	0.03412	0.70186	0.04075	0.06633	0.03281	0.00309	0.00432	0.01747	0.00579	0.00518
16	0.81856	0.01250	0.00950	0.00850	0.01250	0.01449	0.00700	0.01899	0.01100	0.02899	0.00900	0.01050	0.00700	0.00600	0.00400	0.00200	0.00500	0.00350	0.00400	0.00700
17	0.02414	0.03079	0.01831	0.01665	0.01998	0.74698	0.01248	0.02580	0.01831	0.01581	0.00999	0.01165	0.00832	0.00666	0.00583	0.00166	0.01165	0.00416	0.00333	0.00749
18	0.02506	0.01093	0.01424	0.01122	0.01567	0.00995	0.00915	0.07826	0.04431	0.54961	0.11027	0.02619	0.04711	0.00893	0.00667	0.00201	0.00523	0.00736	0.00766	0.01018
19	0.00787	0.00562	0.00750	0.00900	0.00937	0.00525	0.00600	0.00900	0.01237	0.01649	0.03561	0.76871	0.04274	0.02024	0.00825	0.00262	0.00375	0.01837	0.00600	0.00525
20	0.01466	0.01299	0.02234	0.30121	0.27397	0.01394	0.08659	0.01861	0.01456	0.06590	0.07988	0.01996	0.01466	0.00696	0.00702	0.00207	0.02585	0.00654	0.00375	0.00853
21	0.02005	0.01534	0.01497	0.01246	0.01623	0.08876	0.00990	0.31184	0.15735	0.06543	0.01883	0.01958	0.01414	0.02616	0.00664	0.00197	0.00620	0.00610	0.17878	0.00925
22	0.00811	0.00656	0.00720	0.00704	0.00902	0.00565	0.00528	0.01018	0.01584	0.02009	0.27247	0.05784	0.52133	0.01538	0.00763	0.00214	0.00320	0.01303	0.00635	0.00565
23	0.00770	0.00655	0.00664	0.00662	0.00877	0.00548	0.00496	0.00940	0.01489	0.01783	0.09502	0.06156	0.70019	0.01622	0.00764	0.00218	0.00326	0.01355	0.00605	0.00548
24	0.02240	0.04020	0.01673	0.01286	0.01725	0.05148	0.01049	0.36314	0.09033	0.16545	0.05025	0.01949	0.01531	0.00799	0.00623	0.00190	0.00625	0.00621	0.08608	0.00995
25	0.01498	0.01626	0.06985	0.31285	0.07238	0.06420	0.17046	0.06203	0.04297	0.01996	0.01267	0.01674	0.00971	0.00671	0.00760	0.00212	0.05966	0.00606	0.02460	0.00818
26	0.01151	0.01058	0.01160	0.01134	0.01283	0.12127	0.00875	0.01372	0.01160	0.01512	0.01619	0.02328	0.01495	0.04206	0.63373	0.00905	0.01644	0.00650	0.00344	0.00603
27	0.01395	0.01330	0.05994	0.01144	0.04196	0.00976	0.00932	0.04724	0.01421	0.02188	0.01169	0.01360	0.00957	0.00504	0.00500	0.00110	0.00529	0.00404	0.00385	0.69781
28	0.06813	0.53228	0.20212	0.01278	0.01914	0.03767	0.01392	0.01973	0.01323	0.01737	0.00964	0.01119	0.00818	0.00573	0.00465	0.00159	0.00752	0.00379	0.00285	0.00849
29	0.00914	0.00660	0.00864	0.00813	0.00965	0.00610	0.00610	0.01219	0.01829	0.02591	0.72921	0.04827	0.06097	0.01321	0.00762	0.00203	0.00305	0.01169	0.00711	0.00610
30	0.07410	0.13543	0.18132	0.01771	0.06781	0.07473	0.13110	0.06204	0.07129	0.02207	0.06422	0.01895	0.01434	0.00714	0.00618	0.00196	0.00801	0.02899	0.00394	0.00869
31	0.00910	0.00621	0.00707	0.00724	0.00743	0.00609	0.00422	0.00934	0.01009	0.01331	0.02506	0.12863	0.07137	0.63593	0.02837	0.00557	0.00578	0.01072	0.00429	0.00417
32	0.01197	0.00604	0.00609	0.00608	0.00759	0.00602	0.00456	0.01498	0.01368	0.02414	0.04048	0.02475	0.01778	0.00768	0.00460	0.00152	0.00301	0.00618	0.78683	0.00602
33	0.67838	0.01203	0.01011	0.00881	0.01285	0.01347	0.00724	0.02055	0.01212	0.12577	0.01174	0.01261	0.00861	0.00633	0.00436	0.00198	0.00499	0.00401	0.03653	0.00751
34	0.00981	0.00730	0.01058	0.01040	0.01151	0.00864	0.00813	0.01213	0.01065	0.01589	0.01709	0.02454	0.01570	0.04223	0.63091	0.00907	0.06400	0.00676	0.07879	0.00588
35	0.01643	0.01366	0.01446	0.01278	0.01626	0.01561	0.00987	0.11043	0.57432	0.02726	0.02449	0.02481	0.01906	0.08017	0.00902	0.00254	0.00545	0.00733	0.00631	0.00972
36	0.00868	0.00658	0.00802	0.00783	0.00951	0.00592	0.00591	0.01121	0.01679	0.02261	0.46424	0.08231	0.26813	0.01468	0.00771	0.00214	0.00327	0.04194	0.00667	0.00586
37	0.01480	0.01353	0.01407	0.01042	0.01592	0.07812	0.00827	0.04199	0.01447	0.02127	0.01149	0.01331	0.00950	0.00507	0.00494	0.00106	0.00551	0.00393	0.00388	0.70845
38	0.01489	0.01442	0.01976	0.01681	0.01719	0.01981	0.01400	0.06600	0.01138	0.01738	0.00899	0.01424	0.00866	0.01105	0.02014	0.00276	0.70641	0.00567	0.00309	0.00735
39	0.01311	0.01111	0.01294	0.00939	0.01471	0.00844	0.00738	0.01577	0.01311	0.02044	0.01213	0.01549	0.01058	0.06050	0.00682	0.00134	0.00489	0.00423	0.00383	0.75378
40	0.02406	0.01182	0.01592	0.01258	0.01701	0.01122	0.05107	0.10124	0.08704	0.46716	0.02427	0.07627	0.01772	0.04195	0.00784	0.00225	0.00586	0.00756	0.00709	0.01006
41	0.01396	0.08643	0.64535	0.01767	0.02667	0.01607	0.02225	0.06154	0.01460	0.02129	0.01164	0.01352	0.00836	0.00619	0.00601	0.00199	0.00921	0.00474	0.00295	0.00954
42	0.09728	0.01993	0.03644	0.01612	0.04522	0.26845	0.08672	0.07568	0.03271	0.19191	0.01547	0.01703	0.01148	0.00710	0.00615	0.00189	0.00845	0.02313	0.00486	0.03398
43	0.01639	0.01753	0.06546	0.07785	0.45226	0.10625	0.01754	0.04387	0.04327	0.02057	0.01286	0.01638	0.01060	0.00922	0.06006	0.00254	0.00892	0.00565	0.00343	0.00936
44	0.00923	0.00685	0.00888	0.00990	0.01135	0.00650	0.00807	0.01157	0.01462	0.01882	0.08661	0.19249	0.20072	0.01763	0.00842	0.00267	0.00475	0.36916	0.00605	0.00572
45	0.01627	0.01787	0.01795	0.01591	0.01699	0.22664	0.01274	0.01783	0.01246	0.01561	0.01092	0.04720	0.01064	0.01384	0.08419	0.00319	0.44368	0.00590	0.00317	0.00699
46	0.00887	0.00604	0.00720	0.00772	0.00785	0.00591	0.00464	0.00926	0.01043	0.01390	0.02565	0.29430	0.03017	0.51180	0.02434	0.00500	0.00539	0.01251	0.00464	0.00438
47	0.01347	0.01324	0.02022	0.61472	0.13384	0.06180	0.01784	0.01755	0.01350	0.01707	0.01148	0.01670	0.00881	0.00638	0.00641	0.00209	0.00869	0.00564	0.00294	0.00760
48	0.00773	0.00655	0.00667	0.00664	0.00878	0.00549	0.00498	0.00945	0.01494	0.01796	0.10501	0.06135	0.69012	0.01618	0.00764	0.00217	0.00326	0.01352	0.00607	0.00549
49	0.01525	0.01743	0.03813	0.02723	0.03377	0.01634	0.70915	0.02070	0.01525	0.02070	0.01307	0.01743	0.00980	0.00545	0.00763	0.00218	0.01089	0.00763	0.00327	0.00871
50	0.01963	0.01319	0.01503	0.01296	0.01688	0.01425	0.01050	0.16169	0.34114	0.17752	0.02515	0.02883	0.01970	0.00968	0.00687	0.00221	0.00570	0.10237	0.00676	0.00994
51	0.01734	0.01578	0.01988	0.07581	0.22689	0.10291	0.03703	0.08207	0.13568	0.06188	0.01605	0.01939	0.01293	0.01079	0.06609	0.00273	0.05931	0.02402	0.00438	0.00906

[dist]
# distance from previous block
# <min> <max>
1	3

[block]
# block no. 2 follows, 34 sequences, length 29
# corresponding to MSA columns:
# 108-136
name=unknown_C
#
# <colnr> <probs for GDERKNQSTAVLIFYWHMCP>
#	G	D	E	R	K	N	Q	S	T	A	V	L	I	F	Y	W	H	M	C	P
0	0.25871	0.03193	0.08658	0.01090	0.01564	0.02946	0.00975	0.03374	0.06434	0.12709	0.08601	0.01957	0.01614	0.00734	0.00549	0.00183	0.00557	0.02400	0.00496	0.16097
1	0.01462	0.01384	0.02106	0.40973	0.25575	0.04475	0.01728	0.05482	0.01467	0.01953	0.01185	0.01625	0.00930	0.00620	0.00630	0.00196	0.00809	0.00555	0.00325	0.06520
2	0.02743	0.01129	0.01494	0.01159	0.01640	0.01016	0.00953	0.06526	0.04735	0.64392	0.05401	0.02283	0.01774	0.00823	0.00655	0.00201	0.00546	0.00671	0.00783	0.01076
3	0.00899	0.00714	0.00816	0.00800	0.00988	0.00664	0.00595	0.01262	0.08039	0.02137	0.30567	0.12885	0.34281	0.01491	0.00760	0.00217	0.00341	0.01284	0.00647	0.00611
4	0.01674	0.68411	0.12184	0.01197	0.01800	0.02425	0.01265	0.01949	0.01319	0.01586	0.00931	0.01077	0.00828	0.00560	0.00439	0.00146	0.00724	0.00362	0.00276	0.00845
5	0.01138	0.00719	0.00864	0.00799	0.01026	0.00629	0.00609	0.01367	0.01656	0.12689	0.31411	0.08101	0.33745	0.01408	0.00749	0.00212	0.00354	0.01203	0.00672	0.00651
6	0.00798	0.00567	0.00747	0.00886	0.00921	0.00532	0.00585	0.00903	0.01216	0.01621	0.03453	0.71721	0.04137	0.07360	0.00999	0.00288	0.00393	0.01773	0.00585	0.00515
7	0.01465	0.01427	0.02514	0.27842	0.43173	0.01512	0.08900	0.01881	0.01417	0.01953	0.01202	0.01655	0.00965	0.00596	0.00654	0.00202	0.00832	0.00594	0.00310	0.00906
8	0.01349	0.01315	0.02334	0.49398	0.20997	0.01484	0.10307	0.01783	0.01364	0.01814	0.01184	0.01695	0.00915	0.00617	0.00659	0.00210	0.00867	0.00598	0.00300	0.00811
9	0.81856	0.01250	0.00950	0.00850	0.01250	0.01449	0.00700	0.01899	0.01100	0.02899	0.00900	0.01050	0.00700	0.00600	0.00400	0.00200	0.00500	0.00350	0.00400	0.00700
10	0.00786	0.00568	0.00744	0.00884	0.00933	0.00526	0.00593	0.00901	0.01252	0.01655	0.03749	0.72435	0.08588	0.02000	0.00821	0.00260	0.00372	0.01807	0.00600	0.00526
11	0.01469	0.04336	0.42406	0.02024	0.07333	0.01561	0.13357	0.02192	0.07835	0.05227	0.01360	0.01569	0.01000	0.00658	0.00721	0.00210	0.04893	0.00563	0.00344	0.00942
12	0.01727	0.77681	0.03386	0.01106	0.01658	0.02557	0.01106	0.01935	0.01313	0.01520	0.00898	0.01036	0.00829	0.00553	0.00415	0.00138	0.00691	0.00345	0.00276	0.00829
13	0.00807	0.00575	0.00761	0.00897	0.00940	0.00540	0.00605	0.00927	0.01252	0.01673	0.05938	0.68662	0.04230	0.05512	0.00940	0.00278	0.00391	0.03954	0.00594	0.00524
14	0.01540	0.05479	0.46714	0.01647	0.02410	0.01489	0.04663	0.11474	0.01657	0.07006	0.04930	0.01855	0.04821	0.00728	0.00634	0.00201	0.00828	0.00587	0.00398	0.00939
15	0.03514	0.01559	0.05750	0.06376	0.40803	0.04853	0.01592	0.07288	0.04643	0.05204	0.01436	0.01937	0.01222	0.09952	0.00954	0.00247	0.00752	0.00613	0.00387	0.00917
16	0.00882	0.00675	0.00860	0.00893	0.01014	0.00654	0.00669	0.01089	0.01491	0.01998	0.26402	0.27861	0.18758	0.01647	0.00865	0.00239	0.04212	0.08599	0.00619	0.00573
17	0.01204	0.00602	0.00602	0.00602	0.00753	0.00602	0.00452	0.01506	0.01355	0.02409	0.02108	0.02409	0.01656	0.00753	0.00452	0.00151	0.00301	0.00602	0.80879	0.00602
18	0.01631	0.61094	0.19130	0.01270	0.01912	0.02321	0.01392	0.01960	0.01324	0.01638	0.00957	0.01110	0.00827	0.00566	0.00459	0.00153	0.00750	0.00375	0.00276	0.00857
19	0.01320	0.01282	0.01721	0.01512	0.01539	0.03537	0.01231	0.01470	0.01084	0.01617	0.05850	0.07138	0.01527	0.04127	0.05630	0.00324	0.57367	0.00711	0.00342	0.00671
20	0.01448	0.01234	0.01318	0.01207	0.01533	0.01391	0.00940	0.02930	0.56841	0.02564	0.08045	0.03183	0.09550	0.01025	0.00686	0.00221	0.00482	0.03824	0.00653	0.00926
21	0.00888	0.00682	0.00828	0.00909	0.01037	0.00653	0.00666	0.01189	0.07400	0.01827	0.06194	0.41786	0.21237	0.01778	0.00802	0.00251	0.00401	0.10280	0.00607	0.00584
22	0.08823	0.14744	0.26028	0.01732	0.07498	0.05379	0.06893	0.02148	0.09982	0.02094	0.03022	0.01740	0.01206	0.00702	0.00635	0.00199	0.02945	0.02984	0.00365	0.00879
23	0.01397	0.01189	0.01673	0.01825	0.17001	0.01240	0.06046	0.02260	0.26758	0.04416	0.18929	0.09590	0.02873	0.00996	0.00701	0.00213	0.00547	0.00902	0.00573	0.00871
24	0.01111	0.00702	0.00817	0.00785	0.00845	0.00709	0.00485	0.01234	0.04617	0.06476	0.02086	0.03903	0.02238	0.64146	0.06764	0.00597	0.00674	0.00895	0.00432	0.00484
25	0.01650	0.19738	0.32924	0.01788	0.05966	0.11898	0.06972	0.05649	0.04021	0.01994	0.01164	0.01350	0.00900	0.00618	0.00580	0.00185	0.00897	0.00480	0.00321	0.00905
26	0.04971	0.04163	0.10789	0.07556	0.12408	0.13054	0.07450	0.08792	0.03333	0.07632	0.07150	0.01957	0.01489	0.00732	0.00635	0.00194	0.00795	0.02544	0.00434	0.03926
27	0.01945	0.05377	0.28859	0.05632	0.08855	0.01361	0.01635	0.06737	0.01636	0.26093	0.01678	0.01721	0.01151	0.00687	0.00617	0.00197	0.00745	0.00555	0.03535	0.00987
28	0.07488	0.00734	0.00925	0.00960	0.01122	0.00728	0.00764	0.01260	0.01413	0.02053	0.17747	0.14197	0.06038	0.01760	0.05854	0.05448	0.00545	0.23463	0.03867	0.03633

[dist]
# distance from previous block
# <min> <max>
0	17

# created by:
# /home/cegg/simao/soft/augustus-3.2.1/scripts/msa2prfl.pl ./align_prep/EOG090W0L4I.fa
