[name]
unknown

[dist]
# distance from previous block
# <min> <max>
3	22

[block]
# block no. 0 follows, 34 sequences, length 19
# corresponding to MSA columns:
# 22-40
name=unknown_A
#
# <colnr> <probs for GDERKNQSTAVLIFYWHMCP>
#	G	D	E	R	K	N	Q	S	T	A	V	L	I	F	Y	W	H	M	C	P
0	0.60077	0.01091	0.00927	0.00840	0.01173	0.01224	0.00676	0.01716	0.01296	0.02816	0.20279	0.02066	0.02152	0.00794	0.00497	0.00201	0.00447	0.00570	0.00484	0.00676
1	0.01629	0.02108	0.21883	0.01989	0.02640	0.01651	0.26467	0.13358	0.16769	0.02518	0.01588	0.01753	0.01167	0.00671	0.00682	0.00211	0.00870	0.00650	0.00434	0.00962
2	0.01348	0.00945	0.01037	0.00915	0.01054	0.00997	0.00617	0.19820	0.01504	0.02011	0.01905	0.03508	0.02013	0.56704	0.02578	0.00510	0.00649	0.00843	0.00460	0.00582
3	0.01563	0.01711	0.02044	0.50572	0.03713	0.21163	0.06604	0.01931	0.01454	0.01662	0.01120	0.01574	0.00862	0.00644	0.00637	0.00202	0.00959	0.00545	0.00302	0.00737
4	0.01808	0.22324	0.02201	0.01693	0.12212	0.23015	0.01212	0.08077	0.01640	0.01924	0.06307	0.01673	0.01364	0.01232	0.10375	0.00283	0.00952	0.00526	0.00372	0.00809
5	0.01538	0.01202	0.01326	0.01216	0.01516	0.01333	0.00929	0.10444	0.42162	0.05613	0.02754	0.22339	0.02476	0.01171	0.00701	0.00227	0.00499	0.01008	0.00647	0.00901
6	0.01528	0.01368	0.02211	0.01807	0.07257	0.01282	0.23374	0.02188	0.14773	0.06815	0.03765	0.02150	0.04208	0.00697	0.00653	0.00183	0.00697	0.02055	0.00461	0.22526
7	0.01109	0.00566	0.00832	0.00832	0.00832	0.00566	0.00549	0.00849	0.00849	0.01132	0.01188	0.02126	0.01210	0.07626	0.02580	0.75423	0.00566	0.00588	0.00289	0.00289
8	0.01474	0.56930	0.02677	0.01050	0.01464	0.02010	0.00969	0.01656	0.01292	0.01555	0.01615	0.21442	0.01756	0.00949	0.00525	0.00172	0.00606	0.00747	0.00363	0.00747
9	0.01340	0.01148	0.01340	0.00957	0.01531	0.00861	0.00766	0.01627	0.01340	0.02105	0.01148	0.01340	0.00957	0.00479	0.00479	0.00096	0.00479	0.00383	0.00383	0.81242
10	0.01365	0.00991	0.01125	0.01024	0.01255	0.01035	0.00780	0.20022	0.06313	0.02368	0.04404	0.15419	0.15278	0.07516	0.03940	0.07524	0.00561	0.04379	0.04007	0.00693
11	0.00824	0.00597	0.00827	0.00937	0.00995	0.00601	0.00656	0.00968	0.01184	0.01609	0.03069	0.56870	0.03558	0.02784	0.20711	0.00471	0.00740	0.01529	0.00532	0.00539
12	0.00947	0.00826	0.01045	0.01022	0.01117	0.00924	0.00778	0.01086	0.01259	0.01660	0.03955	0.29967	0.29227	0.01638	0.01150	0.00251	0.20735	0.01317	0.00515	0.00582
13	0.00984	0.00700	0.00743	0.00731	0.00930	0.00653	0.00557	0.02919	0.04378	0.02109	0.11533	0.06734	0.37853	0.01332	0.00679	0.00202	0.00347	0.03799	0.22216	0.00601
14	0.25322	0.01457	0.01479	0.01188	0.01625	0.01603	0.00968	0.36229	0.04057	0.10205	0.01536	0.01659	0.01140	0.04427	0.00695	0.00216	0.00607	0.00543	0.04119	0.00925
15	0.01463	0.02173	0.22683	0.02486	0.03221	0.01598	0.52476	0.02063	0.01482	0.02063	0.01267	0.01641	0.00937	0.00563	0.00723	0.00214	0.01053	0.00686	0.00312	0.00894
16	0.01350	0.00778	0.00899	0.00811	0.01102	0.00663	0.00639	0.01543	0.01575	0.21117	0.05332	0.05184	0.50729	0.01418	0.00739	0.00217	0.00399	0.04153	0.00654	0.00697
17	0.00966	0.00803	0.01104	0.20947	0.01893	0.00834	0.00905	0.01292	0.03221	0.02064	0.30438	0.07819	0.22780	0.01249	0.00732	0.00214	0.00469	0.01084	0.00560	0.00627
18	0.02349	0.01288	0.01668	0.01333	0.01686	0.01398	0.01102	0.14651	0.01807	0.38946	0.01896	0.01882	0.01311	0.00883	0.01036	0.00219	0.20899	0.00613	0.04059	0.00973

[dist]
# distance from previous block
# <min> <max>
0	1

[block]
# block no. 1 follows, 34 sequences, length 11
# corresponding to MSA columns:
# 42-52
name=unknown_B
#
# <colnr> <probs for GDERKNQSTAVLIFYWHMCP>
#	G	D	E	R	K	N	Q	S	T	A	V	L	I	F	Y	W	H	M	C	P
0	0.01364	0.00808	0.01150	0.01072	0.01305	0.00745	0.04075	0.01628	0.01619	0.17208	0.22528	0.16360	0.07926	0.01421	0.00781	0.00237	0.00478	0.17934	0.00659	0.00704
1	0.01541	0.01699	0.03562	0.02985	0.18121	0.01613	0.56372	0.02051	0.01514	0.02078	0.01288	0.01713	0.00989	0.00551	0.00737	0.00212	0.01021	0.00723	0.00325	0.00904
2	0.18772	0.01202	0.01227	0.01028	0.01381	0.01303	0.00821	0.22081	0.07318	0.10187	0.01773	0.01951	0.01349	0.04898	0.00687	0.00210	0.00521	0.00576	0.21876	0.00839
3	0.01100	0.00716	0.00820	0.00789	0.00960	0.00702	0.00591	0.05397	0.03724	0.02433	0.27656	0.12286	0.09654	0.01184	0.00649	0.00193	0.00343	0.01015	0.29156	0.00632
4	0.00914	0.00644	0.00820	0.00880	0.00954	0.00627	0.00629	0.01064	0.01285	0.01724	0.13830	0.22613	0.05856	0.26762	0.03797	0.00402	0.00532	0.15616	0.00540	0.00511
5	0.00894	0.00665	0.00978	0.01009	0.01108	0.00748	0.00764	0.01100	0.01080	0.01531	0.02117	0.18221	0.02176	0.04251	0.59139	0.00875	0.01445	0.00934	0.00400	0.00566
6	0.00982	0.00699	0.00851	0.00828	0.00932	0.00684	0.00569	0.03670	0.03618	0.02064	0.34598	0.14444	0.04270	0.27085	0.01618	0.00355	0.00444	0.01150	0.00584	0.00554
7	0.05086	0.01354	0.01677	0.01761	0.16690	0.01430	0.01159	0.20792	0.14066	0.12877	0.01874	0.01973	0.01401	0.02731	0.00678	0.00204	0.00597	0.00619	0.12067	0.00965
8	0.01233	0.00676	0.00908	0.00952	0.01087	0.00614	0.00674	0.01374	0.01366	0.16852	0.03348	0.61117	0.03709	0.01766	0.00788	0.00249	0.00412	0.01586	0.00642	0.00646
9	0.53722	0.01226	0.01216	0.16691	0.01963	0.01428	0.00961	0.04043	0.04557	0.04656	0.01140	0.01349	0.00863	0.00639	0.00480	0.00202	0.00578	0.00439	0.03109	0.00739
10	0.01101	0.00825	0.00989	0.00928	0.01163	0.00749	0.00684	0.03353	0.06394	0.04294	0.10718	0.30696	0.10831	0.04797	0.00828	0.00226	0.00425	0.02801	0.00569	0.17631

[dist]
# distance from previous block
# <min> <max>
0	4

[block]
# block no. 2 follows, 34 sequences, length 25
# corresponding to MSA columns:
# 57-81
name=unknown_C
#
# <colnr> <probs for GDERKNQSTAVLIFYWHMCP>
#	G	D	E	R	K	N	Q	S	T	A	V	L	I	F	Y	W	H	M	C	P
0	0.09976	0.00953	0.01116	0.01037	0.01306	0.00957	0.00826	0.10497	0.03486	0.13731	0.11364	0.18007	0.09571	0.01329	0.00724	0.00231	0.00488	0.13026	0.00630	0.00745
1	0.07762	0.18107	0.02278	0.01489	0.01936	0.16113	0.13477	0.04313	0.03370	0.14380	0.01623	0.09450	0.01382	0.00790	0.00606	0.00190	0.00781	0.00661	0.00451	0.00839
2	0.06806	0.05118	0.02907	0.01588	0.14466	0.01311	0.01057	0.18469	0.04537	0.02503	0.07009	0.11893	0.10440	0.06744	0.00856	0.00236	0.00576	0.00872	0.01803	0.00809
3	0.00826	0.00604	0.00738	0.00820	0.00892	0.00566	0.00551	0.00934	0.01221	0.01586	0.03781	0.42617	0.17828	0.18136	0.03808	0.00358	0.00470	0.03214	0.00547	0.00504
4	0.01426	0.00900	0.01073	0.00990	0.01214	0.00894	0.00734	0.09184	0.09190	0.13610	0.11173	0.24535	0.09707	0.11049	0.01061	0.00276	0.00473	0.01156	0.00629	0.00727
5	0.56986	0.09455	0.04755	0.01002	0.01443	0.01605	0.00879	0.04167	0.10244	0.02723	0.01152	0.01252	0.00893	0.00636	0.00452	0.00196	0.00549	0.00411	0.00421	0.00779
6	0.01868	0.13318	0.15036	0.01349	0.01891	0.01692	0.01286	0.26909	0.09650	0.07921	0.02089	0.02081	0.08732	0.00847	0.00659	0.01896	0.00675	0.00630	0.00522	0.00948
7	0.01934	0.02224	0.10884	0.01495	0.01962	0.24948	0.01282	0.12987	0.25390	0.02424	0.01657	0.01677	0.01260	0.00733	0.00614	0.00188	0.00804	0.00551	0.00484	0.06502
8	0.01257	0.01155	0.02995	0.28980	0.11889	0.03039	0.01419	0.04647	0.01379	0.01836	0.01780	0.10419	0.01716	0.01517	0.10649	0.00338	0.04442	0.09431	0.00388	0.00725
9	0.02226	0.01693	0.01847	0.05517	0.02076	0.01897	0.01220	0.54344	0.16170	0.03677	0.01736	0.01725	0.01253	0.00788	0.00648	0.00200	0.00681	0.00610	0.00629	0.01063
10	0.00842	0.00637	0.00901	0.10442	0.01385	0.00641	0.00752	0.00995	0.01244	0.01650	0.03254	0.67289	0.03838	0.01849	0.00802	0.00256	0.00437	0.01676	0.00560	0.00549
11	0.01836	0.54598	0.02841	0.01130	0.01678	0.02171	0.01064	0.09285	0.01536	0.06872	0.01114	0.01210	0.00927	0.00584	0.00464	0.00143	0.00656	0.00396	0.00365	0.11129
12	0.01484	0.01274	0.01640	0.10890	0.01908	0.07196	0.01225	0.01695	0.01208	0.09181	0.01402	0.05156	0.01258	0.01890	0.18267	0.00429	0.32163	0.00650	0.00371	0.00715
13	0.01318	0.00834	0.01004	0.00942	0.01165	0.00791	0.00707	0.10227	0.01692	0.12526	0.13504	0.30275	0.19460	0.01501	0.00754	0.00226	0.00422	0.01304	0.00650	0.00698
14	0.00975	0.00693	0.00862	0.10272	0.01182	0.00730	0.00570	0.01030	0.00985	0.01304	0.01923	0.03909	0.02159	0.67520	0.02952	0.00574	0.00656	0.00893	0.00378	0.00433
15	0.01503	0.10154	0.23314	0.06100	0.15272	0.03005	0.20448	0.03249	0.01428	0.01980	0.01162	0.01495	0.00909	0.00627	0.00753	0.00205	0.06623	0.00570	0.00305	0.00899
16	0.00963	0.00743	0.01118	0.10528	0.01527	0.00869	0.00890	0.01195	0.01060	0.01493	0.01689	0.02613	0.01597	0.11962	0.57741	0.00890	0.01503	0.00703	0.00343	0.00575
17	0.01386	0.01472	0.05587	0.10086	0.16547	0.01562	0.16731	0.01742	0.01358	0.01943	0.10257	0.01988	0.01581	0.00842	0.01132	0.00230	0.23711	0.00685	0.00354	0.00806
18	0.01328	0.03120	0.64197	0.01964	0.02877	0.01519	0.11912	0.02050	0.01387	0.02050	0.01180	0.01417	0.00841	0.00604	0.00635	0.00206	0.00974	0.00517	0.00280	0.00943
19	0.00771	0.00645	0.00671	0.00684	0.00882	0.00545	0.00506	0.00933	0.01460	0.01762	0.08275	0.13392	0.63930	0.01666	0.00770	0.00222	0.00331	0.01406	0.00603	0.00545
20	0.01527	0.01613	0.02096	0.01767	0.01850	0.09634	0.06437	0.01701	0.01117	0.01595	0.00897	0.01411	0.00856	0.01039	0.01860	0.00266	0.62754	0.00564	0.00291	0.00723
21	0.00926	0.00720	0.00935	0.00993	0.05958	0.00658	0.00676	0.01202	0.01718	0.02354	0.51956	0.04938	0.21863	0.01345	0.00754	0.00206	0.00342	0.01174	0.00657	0.00623
22	0.01491	0.01373	0.01714	0.34026	0.02893	0.06573	0.01386	0.07642	0.21311	0.02150	0.03956	0.01996	0.01402	0.00996	0.04763	0.00259	0.04173	0.00633	0.00439	0.00824
23	0.01767	0.67208	0.03144	0.01159	0.01683	0.07502	0.01110	0.02084	0.06258	0.01606	0.01025	0.01141	0.00909	0.00583	0.00443	0.00146	0.00711	0.00377	0.00307	0.00837
24	0.01031	0.00836	0.02449	0.08785	0.01329	0.03167	0.00732	0.01162	0.01186	0.03259	0.04043	0.24625	0.07213	0.31926	0.01808	0.00395	0.02490	0.02567	0.00467	0.00531

[dist]
# distance from previous block
# <min> <max>
0	3

[block]
# block no. 3 follows, 34 sequences, length 51
# corresponding to MSA columns:
# 85-135
name=unknown_D
#
# <colnr> <probs for GDERKNQSTAVLIFYWHMCP>
#	G	D	E	R	K	N	Q	S	T	A	V	L	I	F	Y	W	H	M	C	P
0	0.01033	0.00682	0.00883	0.00954	0.01057	0.00653	0.00675	0.05011	0.01414	0.06178	0.07262	0.58389	0.03957	0.03786	0.00868	0.00263	0.00419	0.05305	0.00615	0.00597
1	0.00883	0.00675	0.00813	0.00782	0.00956	0.00614	0.00585	0.01180	0.03562	0.02309	0.48834	0.07654	0.25926	0.01428	0.00762	0.00210	0.00319	0.01238	0.00673	0.00598
2	0.00772	0.00655	0.00666	0.00664	0.00878	0.00549	0.00498	0.00944	0.01493	0.01793	0.10298	0.06140	0.69217	0.01619	0.00764	0.00217	0.00326	0.01353	0.00606	0.00549
3	0.06046	0.00899	0.01025	0.00925	0.01178	0.00911	0.00706	0.04191	0.12839	0.14802	0.14807	0.09407	0.04536	0.06539	0.00822	0.00229	0.00434	0.00867	0.18080	0.00755
4	0.04389	0.01055	0.01284	0.01047	0.01436	0.00996	0.00848	0.12147	0.01861	0.37917	0.05369	0.03037	0.12638	0.03141	0.00731	0.00214	0.00513	0.03252	0.07217	0.00908
5	0.00938	0.00632	0.00733	0.00733	0.00743	0.00642	0.00427	0.00958	0.00948	0.01274	0.02010	0.04086	0.02287	0.71173	0.09323	0.00661	0.00720	0.00919	0.00388	0.00407
6	0.00862	0.00655	0.00795	0.00777	0.00944	0.00588	0.00583	0.01110	0.01670	0.02245	0.45536	0.09420	0.27586	0.01476	0.00770	0.00214	0.00324	0.03194	0.00666	0.00584
7	0.00848	0.00641	0.00778	0.00869	0.00966	0.00607	0.00602	0.01075	0.05639	0.01720	0.04058	0.51142	0.18829	0.06107	0.00942	0.00272	0.00393	0.03367	0.00592	0.00554
8	0.02414	0.03079	0.01831	0.01665	0.01998	0.74698	0.01248	0.02580	0.01831	0.01581	0.00999	0.01165	0.00832	0.00666	0.00583	0.00166	0.01165	0.00416	0.00333	0.00749
9	0.02654	0.01492	0.01743	0.01336	0.01845	0.01533	0.01104	0.40733	0.02507	0.35196	0.01997	0.01841	0.01323	0.00786	0.00648	0.00197	0.00639	0.00612	0.00715	0.01099
10	0.00841	0.00592	0.00744	0.00828	0.00872	0.00562	0.00538	0.00940	0.01213	0.01623	0.09351	0.47508	0.06251	0.23272	0.01515	0.00359	0.00438	0.01507	0.00551	0.00495
11	0.01065	0.00836	0.00958	0.00925	0.01127	0.00849	0.00700	0.01688	0.19106	0.02250	0.26083	0.09185	0.18442	0.05895	0.00893	0.00245	0.00405	0.05931	0.02736	0.00679
12	0.70750	0.01228	0.01027	0.00892	0.01306	0.01379	0.00735	0.02075	0.01205	0.12859	0.01132	0.01211	0.00826	0.00628	0.00435	0.00200	0.00507	0.00392	0.00456	0.00756
13	0.02776	0.01296	0.01621	0.01243	0.01747	0.01241	0.01027	0.21958	0.02178	0.54435	0.02273	0.02020	0.01461	0.00793	0.00649	0.00198	0.00594	0.00631	0.00757	0.01099
14	0.07665	0.00721	0.00839	0.00849	0.00998	0.00700	0.00616	0.02938	0.01436	0.04332	0.19036	0.25986	0.13245	0.10771	0.01052	0.00278	0.00417	0.04839	0.02698	0.00583
15	0.17549	0.01140	0.01225	0.01036	0.01393	0.05164	0.00810	0.02365	0.05255	0.34869	0.04522	0.06731	0.03997	0.10008	0.00931	0.00254	0.00557	0.00725	0.00619	0.00848
16	0.00787	0.00562	0.00750	0.00900	0.00937	0.00525	0.00600	0.00900	0.01237	0.01649	0.03561	0.76871	0.04274	0.02024	0.00825	0.00262	0.00375	0.01837	0.00600	0.00525
17	0.01122	0.00561	0.00842	0.00842	0.00842	0.00561	0.00561	0.00842	0.00842	0.01122	0.01122	0.01964	0.01122	0.02245	0.02525	0.81201	0.00561	0.00561	0.00281	0.00281
18	0.01084	0.00696	0.00829	0.00833	0.00905	0.02930	0.00582	0.01144	0.01079	0.01566	0.01819	0.04962	0.01797	0.20690	0.16541	0.20470	0.00769	0.02855	0.17980	0.00468
19	0.00803	0.00622	0.00714	0.00758	0.00891	0.00552	0.00533	0.00952	0.01391	0.01770	0.12730	0.29474	0.36722	0.07874	0.00989	0.00264	0.00365	0.01465	0.00596	0.00533
20	0.00909	0.00660	0.00856	0.00807	0.00962	0.00607	0.00605	0.01208	0.01815	0.02559	0.70383	0.04880	0.08655	0.01333	0.00762	0.00204	0.00306	0.01176	0.00707	0.00607
21	0.08744	0.01707	0.10571	0.20565	0.09061	0.01546	0.34474	0.01941	0.01407	0.02043	0.01208	0.01622	0.00911	0.00585	0.00675	0.00212	0.00939	0.00633	0.00317	0.00839
22	0.01220	0.01148	0.01938	0.75739	0.04450	0.01436	0.01794	0.01651	0.01292	0.01651	0.01148	0.01723	0.00861	0.00646	0.00646	0.00215	0.00861	0.00574	0.00287	0.00718
23	0.01788	0.01321	0.01506	0.07332	0.01900	0.01485	0.01073	0.03242	0.54827	0.14260	0.02496	0.02320	0.01821	0.00845	0.00655	0.00216	0.00546	0.00705	0.00651	0.01011
24	0.01599	0.01535	0.02623	0.03966	0.73262	0.01535	0.01983	0.01983	0.01471	0.02111	0.01215	0.01599	0.01023	0.00576	0.00640	0.00192	0.00768	0.00576	0.00320	0.01023
25	0.01117	0.01071	0.02055	0.01686	0.01991	0.01007	0.30063	0.01425	0.01378	0.01848	0.02607	0.39778	0.02850	0.01386	0.00804	0.00247	0.00692	0.06835	0.00485	0.00676
26	0.01204	0.00602	0.00602	0.00602	0.00753	0.00602	0.00452	0.01506	0.01355	0.02409	0.02108	0.02409	0.01656	0.00753	0.00452	0.00151	0.00301	0.00602	0.80879	0.00602
27	0.00866	0.00619	0.00840	0.00990	0.01062	0.00593	0.00737	0.01036	0.01315	0.01738	0.03518	0.55306	0.04102	0.01950	0.00846	0.00273	0.00443	0.22625	0.00598	0.00547
28	0.01727	0.77681	0.03386	0.01106	0.01658	0.02557	0.01106	0.01935	0.01313	0.01520	0.00898	0.01036	0.00829	0.00553	0.00415	0.00138	0.00691	0.00345	0.00276	0.00829
29	0.00940	0.00626	0.00705	0.00705	0.00705	0.00626	0.00392	0.00940	0.00940	0.01253	0.02036	0.04228	0.02349	0.77292	0.03289	0.00626	0.00626	0.00940	0.00392	0.00392
30	0.02482	0.01419	0.01639	0.01277	0.01751	0.01467	0.01048	0.36110	0.05881	0.30490	0.02032	0.01911	0.01379	0.00788	0.00632	0.00194	0.00606	0.00617	0.07221	0.01055
31	0.01391	0.00773	0.00822	0.00758	0.00964	0.00790	0.00580	0.06446	0.06572	0.06547	0.05708	0.02519	0.01884	0.03253	0.00598	0.00179	0.00369	0.00652	0.58507	0.00688
32	0.01607	0.01388	0.01461	0.01315	0.01680	0.01607	0.01023	0.03433	0.72094	0.02703	0.02630	0.02411	0.01972	0.00877	0.00657	0.00219	0.00511	0.00731	0.00657	0.01023
33	0.01953	0.00888	0.01173	0.00994	0.01268	0.00832	0.00750	0.02135	0.03455	0.37616	0.02203	0.02788	0.01782	0.22599	0.09863	0.06901	0.00704	0.00730	0.00590	0.00777
34	0.01414	0.01414	0.01979	0.01696	0.01696	0.01979	0.01414	0.01555	0.00990	0.01555	0.00848	0.01414	0.00848	0.01131	0.02120	0.00283	0.76110	0.00565	0.00283	0.00707
35	0.05868	0.00627	0.00761	0.00844	0.00916	0.00606	0.00567	0.00991	0.01227	0.01724	0.08404	0.48896	0.07900	0.13215	0.01223	0.03258	0.00419	0.01485	0.00553	0.00514
36	0.00835	0.00660	0.00725	0.00740	0.00896	0.00594	0.00525	0.01036	0.03666	0.01782	0.12332	0.17392	0.42520	0.12050	0.01118	0.00280	0.00380	0.01343	0.00585	0.00543
37	0.01414	0.01414	0.01979	0.01696	0.01696	0.01979	0.01414	0.01555	0.00990	0.01555	0.00848	0.01414	0.00848	0.01131	0.02120	0.00283	0.76110	0.00565	0.00283	0.00707
38	0.00814	0.00578	0.00763	0.00900	0.00941	0.00545	0.00608	0.00928	0.01227	0.01633	0.03429	0.67037	0.04086	0.08123	0.01029	0.00294	0.00408	0.05557	0.00583	0.00518
39	0.00812	0.00624	0.00724	0.00763	0.00908	0.00553	0.00548	0.00990	0.01462	0.01895	0.18250	0.28702	0.35963	0.01677	0.00775	0.00228	0.00338	0.01459	0.02777	0.00553
40	0.01169	0.00686	0.00804	0.00762	0.00958	0.00624	0.00572	0.01405	0.01545	0.10483	0.21890	0.10342	0.21524	0.03380	0.00747	0.00210	0.00353	0.01066	0.20843	0.00635
41	0.01204	0.00602	0.00602	0.00602	0.00753	0.00602	0.00452	0.01506	0.01355	0.02409	0.02108	0.02409	0.01656	0.00753	0.00452	0.00151	0.00301	0.00602	0.80879	0.00602
42	0.01107	0.00566	0.00831	0.00831	0.00831	0.00566	0.00547	0.00850	0.00850	0.01133	0.01197	0.02148	0.01222	0.08339	0.02587	0.74657	0.00566	0.00592	0.00290	0.00290
43	0.04614	0.00824	0.00943	0.00891	0.01043	0.02847	0.00661	0.05020	0.01330	0.03776	0.08315	0.05902	0.15986	0.06232	0.08664	0.19321	0.03492	0.00845	0.08743	0.00551
44	0.00923	0.00692	0.01038	0.01038	0.01154	0.00808	0.00808	0.01154	0.01038	0.01500	0.01731	0.02538	0.01615	0.04846	0.74732	0.01038	0.01731	0.00692	0.00346	0.00577
45	0.02323	0.03101	0.07687	0.01679	0.02062	0.68754	0.01341	0.02537	0.01793	0.01619	0.01012	0.01181	0.00831	0.00662	0.00585	0.00170	0.01148	0.00421	0.00328	0.00766
46	0.40836	0.01380	0.03639	0.06646	0.01730	0.01472	0.00977	0.18968	0.01671	0.08583	0.01434	0.07482	0.01176	0.00779	0.00540	0.00205	0.00587	0.00572	0.00496	0.00825
47	0.02059	0.01548	0.01787	0.01441	0.01841	0.05566	0.05168	0.34256	0.08708	0.10528	0.01762	0.03986	0.01358	0.01255	0.08568	0.00292	0.05460	0.00652	0.02813	0.00950
48	0.00939	0.00629	0.00717	0.00717	0.00721	0.00633	0.00407	0.00947	0.00943	0.01262	0.02025	0.04167	0.02322	0.74651	0.05894	0.00641	0.00667	0.00931	0.00390	0.00398
49	0.01340	0.01148	0.01340	0.00957	0.01531	0.00861	0.00766	0.01627	0.01340	0.02105	0.01148	0.01340	0.00957	0.00479	0.00479	0.00096	0.00479	0.00383	0.00383	0.81242
50	0.02128	0.01595	0.01696	0.01461	0.04261	0.05733	0.01129	0.29841	0.27822	0.12135	0.02080	0.03903	0.01546	0.00835	0.00652	0.00204	0.00636	0.00668	0.00640	0.01034

[dist]
# distance from previous block
# <min> <max>
0	1

[block]
# block no. 4 follows, 34 sequences, length 34
# corresponding to MSA columns:
# 137-170
name=unknown_E
#
# <colnr> <probs for GDERKNQSTAVLIFYWHMCP>
#	G	D	E	R	K	N	Q	S	T	A	V	L	I	F	Y	W	H	M	C	P
0	0.01015	0.00650	0.00775	0.00796	0.00896	0.00602	0.00528	0.01108	0.01227	0.07520	0.03534	0.28732	0.17754	0.29918	0.01716	0.00384	0.00473	0.01304	0.00539	0.00527
1	0.05431	0.01741	0.01858	0.01424	0.01941	0.01901	0.01175	0.63490	0.02842	0.03887	0.01497	0.01517	0.01073	0.00748	0.00625	0.00187	0.00686	0.00559	0.00618	0.06799
2	0.01110	0.00566	0.00832	0.00832	0.00832	0.00566	0.00549	0.00849	0.00849	0.01131	0.01186	0.02123	0.01208	0.07497	0.02579	0.75562	0.00566	0.00588	0.00288	0.00288
3	0.01122	0.00561	0.00842	0.00842	0.00842	0.00561	0.00561	0.00842	0.00842	0.01122	0.01122	0.01964	0.01122	0.02245	0.02525	0.81201	0.00561	0.00561	0.00281	0.00281
4	0.01074	0.00704	0.00870	0.00920	0.01045	0.00691	0.00667	0.05288	0.03625	0.04475	0.08335	0.45907	0.03610	0.01604	0.00743	0.00235	0.00402	0.05761	0.13428	0.00616
5	0.00792	0.00566	0.00754	0.00896	0.00938	0.00528	0.00600	0.00912	0.01260	0.01686	0.06242	0.74086	0.04344	0.01997	0.00822	0.00260	0.00372	0.01811	0.00604	0.00528
6	0.02337	0.02959	0.01938	0.01720	0.02059	0.68675	0.04835	0.02522	0.01789	0.01606	0.01010	0.01203	0.00840	0.00674	0.00640	0.00173	0.03497	0.00439	0.00331	0.00754
7	0.01284	0.00773	0.00925	0.00857	0.01103	0.00693	0.00652	0.01570	0.05215	0.16938	0.17582	0.15246	0.31820	0.01420	0.00743	0.00218	0.00386	0.01215	0.00666	0.00695
8	0.01750	0.00945	0.01167	0.00997	0.01326	0.00893	0.00786	0.02264	0.13463	0.29187	0.23822	0.03668	0.14782	0.01103	0.00703	0.00207	0.00435	0.00933	0.00717	0.00852
9	0.01530	0.06460	0.01198	0.00931	0.01215	0.01180	0.00744	0.13280	0.16426	0.02678	0.02040	0.02172	0.01573	0.00768	0.00524	0.00171	0.00440	0.00607	0.45274	0.00787
10	0.06454	0.00910	0.01119	0.01017	0.01298	0.00878	0.00783	0.02087	0.10734	0.25967	0.11577	0.23825	0.06615	0.01271	0.00710	0.00224	0.00452	0.02597	0.00675	0.00804
11	0.05559	0.01351	0.01530	0.01254	0.01684	0.01433	0.01010	0.20169	0.25676	0.24382	0.07180	0.02242	0.01875	0.00847	0.00649	0.00205	0.00558	0.00683	0.00690	0.01022
12	0.00768	0.00638	0.00671	0.00697	0.00884	0.00542	0.00510	0.00922	0.01432	0.01729	0.06024	0.18570	0.60985	0.01704	0.00774	0.00226	0.00336	0.01446	0.00600	0.00542
13	0.01062	0.00768	0.01057	0.01195	0.01352	0.00776	0.01041	0.01417	0.04139	0.01963	0.03391	0.07105	0.03653	0.01751	0.00884	0.00295	0.00592	0.66353	0.00597	0.00611
14	0.01204	0.00602	0.00602	0.00602	0.00753	0.00602	0.00452	0.01506	0.01355	0.02409	0.02108	0.02409	0.01656	0.00753	0.00452	0.00151	0.00301	0.00602	0.80879	0.00602
15	0.01008	0.00690	0.00843	0.00787	0.00985	0.00614	0.00596	0.01264	0.01718	0.07395	0.46869	0.05080	0.26976	0.01384	0.00755	0.00208	0.00329	0.01193	0.00682	0.00624
16	0.17284	0.00911	0.00896	0.00821	0.01066	0.00985	0.00633	0.06221	0.08995	0.04730	0.01887	0.02213	0.01512	0.06319	0.02894	0.00232	0.00462	0.00593	0.40647	0.00698
17	0.70569	0.01305	0.01076	0.00929	0.01345	0.01493	0.00766	0.09448	0.01335	0.05426	0.01026	0.01143	0.00774	0.00626	0.00435	0.00199	0.00524	0.00385	0.00440	0.00757
18	0.01296	0.03342	0.73944	0.01842	0.02797	0.01501	0.02387	0.02046	0.01364	0.02046	0.01160	0.01364	0.00818	0.00614	0.00614	0.00205	0.00955	0.00477	0.00273	0.00955
19	0.00937	0.00638	0.00762	0.00762	0.00782	0.00657	0.00463	0.00976	0.00957	0.01295	0.01984	0.03939	0.02224	0.64901	0.15509	0.00697	0.00815	0.00897	0.00384	0.00423
20	0.00787	0.00562	0.00750	0.00900	0.00937	0.00525	0.00600	0.00900	0.01237	0.01649	0.03561	0.76871	0.04274	0.02024	0.00825	0.00262	0.00375	0.01837	0.00600	0.00525
21	0.01204	0.00602	0.00602	0.00602	0.00753	0.00602	0.00452	0.01506	0.01355	0.02409	0.02108	0.02409	0.01656	0.00753	0.00452	0.00151	0.00301	0.00602	0.80879	0.00602
22	0.00906	0.00667	0.00934	0.06326	0.01318	0.00664	0.00827	0.01111	0.01352	0.01789	0.06910	0.45446	0.03946	0.01813	0.00831	0.00267	0.00477	0.23269	0.00582	0.00565
23	0.07145	0.01371	0.02357	0.35319	0.28540	0.01498	0.10840	0.01842	0.01373	0.01958	0.01175	0.01633	0.00923	0.00604	0.00641	0.00206	0.00832	0.00583	0.00312	0.00845
24	0.01741	0.01602	0.06622	0.01383	0.01818	0.01672	0.01156	0.15754	0.54473	0.02908	0.02329	0.02180	0.01731	0.00840	0.00652	0.00214	0.00579	0.00686	0.00629	0.01032
25	0.01296	0.03342	0.73944	0.01842	0.02797	0.01501	0.02387	0.02046	0.01364	0.02046	0.01160	0.01364	0.00818	0.00614	0.00614	0.00205	0.00955	0.00477	0.00273	0.00955
26	0.00833	0.00595	0.00802	0.00952	0.01009	0.00564	0.00679	0.00979	0.01282	0.01701	0.03536	0.64338	0.04174	0.01981	0.00837	0.00269	0.00415	0.13918	0.00599	0.00537
27	0.01610	0.01615	0.02804	0.11991	0.39808	0.05297	0.21260	0.02030	0.01494	0.03958	0.01258	0.01648	0.00998	0.00586	0.00672	0.00201	0.00884	0.00622	0.00332	0.00932
28	0.02367	0.01844	0.25544	0.01379	0.02030	0.01133	0.01427	0.02783	0.01688	0.49925	0.02088	0.01922	0.01340	0.00738	0.00638	0.00201	0.00684	0.00593	0.00625	0.01052
29	0.00764	0.00655	0.00655	0.00655	0.00873	0.00545	0.00491	0.00927	0.01473	0.01745	0.06546	0.06218	0.73000	0.01636	0.00764	0.00218	0.00327	0.01364	0.00600	0.00545
30	0.01340	0.01148	0.01340	0.00957	0.01531	0.00861	0.00766	0.01627	0.01340	0.02105	0.01148	0.01340	0.00957	0.00479	0.00479	0.00096	0.00479	0.00383	0.00383	0.81242
31	0.00820	0.00592	0.00776	0.00867	0.00942	0.00548	0.00598	0.00985	0.01402	0.01900	0.21853	0.55010	0.07662	0.01824	0.00806	0.00245	0.00355	0.01642	0.00629	0.00548
32	0.36598	0.01603	0.01436	0.04749	0.01735	0.09972	0.01000	0.25143	0.01839	0.02984	0.01200	0.01368	0.00921	0.00966	0.05718	0.00254	0.00750	0.00470	0.00466	0.00832
33	0.08224	0.00852	0.01007	0.01045	0.01205	0.03111	0.00821	0.01424	0.06335	0.01904	0.06205	0.15982	0.04387	0.05592	0.20242	0.00475	0.00840	0.19226	0.00507	0.00614

[dist]
# distance from previous block
# <min> <max>
6	119

# created by:
# /home/cegg/simao/soft/augustus-3.2.1/scripts/msa2prfl.pl ./align_prep/EOG090W0FH5.fa
