[name]
unknown

[dist]
# distance from previous block
# <min> <max>
0	63

[block]
# block no. 0 follows, 39 sequences, length 86
# corresponding to MSA columns:
# 63-148
name=unknown_A
#
# <colnr> <probs for GDERKNQSTAVLIFYWHMCP>
#	G	D	E	R	K	N	Q	S	T	A	V	L	I	F	Y	W	H	M	C	P
0	0.19210	0.01257	0.03470	0.08329	0.01723	0.01360	0.00998	0.16445	0.22132	0.02519	0.01690	0.02112	0.01381	0.00929	0.03838	0.00227	0.00599	0.07655	0.00480	0.03646
1	0.09756	0.15953	0.07224	0.05342	0.01759	0.01469	0.04133	0.16538	0.04043	0.02207	0.01171	0.01371	0.00938	0.00961	0.08332	0.00234	0.00714	0.00450	0.00375	0.17031
2	0.03972	0.09822	0.22770	0.01624	0.04236	0.11776	0.12876	0.12357	0.05952	0.02078	0.01305	0.06200	0.01077	0.00668	0.00575	0.00181	0.00788	0.00564	0.00360	0.00818
3	0.30553	0.04402	0.01486	0.34760	0.07598	0.04317	0.01188	0.01642	0.01169	0.01984	0.03458	0.01411	0.00919	0.00592	0.00499	0.00184	0.00641	0.00457	0.02068	0.00670
4	0.55042	0.01126	0.00986	0.00887	0.01202	0.04338	0.00717	0.05682	0.01141	0.04502	0.01071	0.01320	0.00874	0.01418	0.17167	0.00350	0.00742	0.00411	0.00376	0.00649
5	0.01669	0.01226	0.01343	0.01178	0.01533	0.01370	0.00925	0.03099	0.62273	0.14776	0.02395	0.02174	0.01748	0.00791	0.00601	0.00198	0.00474	0.00656	0.00624	0.00948
6	0.01117	0.01051	0.01774	0.77795	0.04073	0.01314	0.01642	0.01511	0.01182	0.01511	0.01051	0.01577	0.00788	0.00591	0.00591	0.00197	0.00788	0.00526	0.00263	0.00657
7	0.00837	0.00604	0.00790	0.00744	0.00883	0.00558	0.00558	0.01116	0.01674	0.02371	0.75216	0.04417	0.05580	0.01209	0.00697	0.00186	0.00279	0.01069	0.00651	0.00558
8	0.00845	0.00634	0.00950	0.00950	0.01056	0.00739	0.00739	0.01056	0.00950	0.01373	0.01584	0.02323	0.01478	0.04435	0.76873	0.00950	0.01584	0.00634	0.00317	0.00528
9	0.00837	0.00604	0.00790	0.00744	0.00883	0.00558	0.00558	0.01116	0.01674	0.02371	0.75216	0.04417	0.05580	0.01209	0.00697	0.00186	0.00279	0.01069	0.00651	0.00558
10	0.83394	0.01144	0.00869	0.00778	0.01144	0.01327	0.00640	0.01738	0.01006	0.02653	0.00823	0.00961	0.00640	0.00549	0.00366	0.00183	0.00457	0.00320	0.00366	0.00640
11	0.58456	0.01658	0.01117	0.01007	0.01354	0.24524	0.00795	0.01930	0.01212	0.02283	0.00851	0.00993	0.00678	0.00568	0.00417	0.00174	0.00645	0.00339	0.00347	0.00654
12	0.00721	0.00515	0.00686	0.00823	0.00858	0.00480	0.00549	0.00823	0.01132	0.01510	0.03259	0.78831	0.03911	0.01853	0.00755	0.00240	0.00343	0.01681	0.00549	0.00480
13	0.01643	0.08565	0.01566	0.04390	0.01655	0.20594	0.00992	0.09312	0.29633	0.02185	0.11580	0.02002	0.01838	0.00764	0.00576	0.00177	0.00640	0.00599	0.00487	0.00801
14	0.11532	0.37554	0.33681	0.01267	0.01912	0.01806	0.01461	0.01810	0.01197	0.01751	0.00923	0.01077	0.00740	0.00535	0.00455	0.00159	0.00713	0.00368	0.00266	0.00793
15	0.21577	0.03969	0.06812	0.01848	0.21288	0.09273	0.01257	0.21205	0.03311	0.02533	0.01122	0.01276	0.00867	0.00598	0.00521	0.00175	0.00671	0.00454	0.00395	0.00848
16	0.00765	0.00602	0.00691	0.00668	0.00839	0.00527	0.00501	0.00977	0.01504	0.01968	0.39098	0.05082	0.41950	0.01360	0.00698	0.00193	0.00290	0.01163	0.00598	0.00527
17	0.01464	0.01400	0.02363	0.03546	0.72957	0.01407	0.01784	0.01861	0.03886	0.01951	0.01157	0.01489	0.00967	0.00536	0.00586	0.00177	0.00694	0.00532	0.00303	0.00937
18	0.01464	0.01405	0.02400	0.03630	0.75528	0.01405	0.01815	0.01815	0.01347	0.01932	0.01112	0.01464	0.00937	0.00527	0.00585	0.00176	0.00703	0.00527	0.00293	0.00937
19	0.01239	0.13352	0.66325	0.01595	0.02419	0.01503	0.02027	0.01859	0.01242	0.01808	0.01029	0.01208	0.00750	0.00554	0.00537	0.00179	0.00841	0.00421	0.00250	0.00859
20	0.01553	0.71566	0.06146	0.01132	0.01659	0.02248	0.05553	0.01783	0.01216	0.01442	0.00855	0.01001	0.00767	0.00508	0.00407	0.00134	0.00665	0.00345	0.00256	0.00766
21	0.00721	0.00515	0.00686	0.00823	0.00858	0.00480	0.00549	0.00823	0.01132	0.01510	0.03259	0.78831	0.03911	0.01853	0.00755	0.00240	0.00343	0.01681	0.00549	0.00480
22	0.01232	0.02738	0.60220	0.01862	0.02676	0.01400	0.17795	0.01878	0.01281	0.01878	0.01091	0.01325	0.00782	0.00548	0.00592	0.00190	0.00901	0.00494	0.00261	0.00857
23	0.21900	0.01109	0.05828	0.11782	0.01723	0.01096	0.03350	0.04726	0.07722	0.04671	0.06452	0.07038	0.04282	0.05252	0.00722	0.00225	0.00554	0.10451	0.00444	0.00669
24	0.01214	0.02880	0.67783	0.01849	0.07187	0.01382	0.05806	0.01870	0.01262	0.01878	0.01071	0.01280	0.00769	0.00556	0.00570	0.00187	0.00869	0.00456	0.00255	0.00874
25	0.00860	0.00573	0.00645	0.00645	0.00645	0.00573	0.00358	0.00860	0.00860	0.01147	0.01863	0.03870	0.02150	0.79217	0.03010	0.00573	0.00573	0.00860	0.00358	0.00358
26	0.01319	0.10167	0.44276	0.01612	0.06784	0.01498	0.01712	0.02196	0.20709	0.01988	0.01398	0.01487	0.01043	0.00618	0.00556	0.00184	0.00731	0.00492	0.00346	0.00883
27	0.01490	0.01434	0.02319	0.08096	0.66445	0.03673	0.01761	0.04187	0.01394	0.01951	0.01113	0.01457	0.00925	0.00539	0.00584	0.00176	0.00717	0.00523	0.00301	0.00914
28	0.00850	0.00615	0.00855	0.00855	0.00928	0.00688	0.00621	0.00995	0.00922	0.01302	0.01671	0.02805	0.01688	0.27732	0.53863	0.00833	0.01269	0.00704	0.00330	0.00475
29	0.83394	0.01144	0.00869	0.00778	0.01144	0.01327	0.00640	0.01738	0.01006	0.02653	0.00823	0.00961	0.00640	0.00549	0.00366	0.00183	0.00457	0.00320	0.00366	0.00640
30	0.01464	0.01405	0.02400	0.03630	0.75528	0.01405	0.01815	0.01815	0.01347	0.01932	0.01112	0.01464	0.00937	0.00527	0.00585	0.00176	0.00703	0.00527	0.00293	0.00937
31	0.00721	0.00515	0.00686	0.00823	0.00858	0.00480	0.00549	0.00823	0.01132	0.01510	0.03259	0.78831	0.03911	0.01853	0.00755	0.00240	0.00343	0.01681	0.00549	0.00480
32	0.02209	0.02819	0.01676	0.01524	0.01828	0.76843	0.01143	0.02361	0.01676	0.01447	0.00914	0.01066	0.00762	0.00609	0.00533	0.00152	0.01066	0.00381	0.00305	0.00686
33	0.02071	0.01754	0.01899	0.01880	0.17991	0.11609	0.01278	0.48458	0.02321	0.03034	0.01286	0.01383	0.00958	0.00657	0.00583	0.00174	0.00717	0.00511	0.00488	0.00948
34	0.00837	0.00604	0.00790	0.00744	0.00883	0.00558	0.00558	0.01116	0.01674	0.02371	0.75216	0.04417	0.05580	0.01209	0.00697	0.00186	0.00279	0.01069	0.00651	0.00558
35	0.01027	0.00514	0.00770	0.00770	0.00770	0.00514	0.00514	0.00770	0.00770	0.01027	0.01027	0.01798	0.01027	0.02054	0.02311	0.82794	0.00514	0.00514	0.00257	0.00257
36	0.00811	0.00598	0.00758	0.00729	0.00871	0.00545	0.00543	0.01062	0.01596	0.02214	0.61436	0.09208	0.14854	0.01288	0.00701	0.00191	0.00286	0.01131	0.00631	0.00545
37	0.02653	0.01006	0.01372	0.01052	0.01510	0.00869	0.00869	0.02882	0.01693	0.75937	0.02333	0.02013	0.01464	0.00732	0.00595	0.00183	0.00503	0.00595	0.00732	0.01006
38	0.00872	0.00618	0.00749	0.00746	0.00759	0.00656	0.00469	0.00909	0.00898	0.01220	0.01911	0.11105	0.02182	0.59940	0.09286	0.00554	0.05455	0.00901	0.00368	0.00404
39	0.02209	0.02819	0.01676	0.01524	0.01828	0.76843	0.01143	0.02361	0.01676	0.01447	0.00914	0.01066	0.00762	0.00609	0.00533	0.00152	0.01066	0.00381	0.00305	0.00686
40	0.01226	0.01051	0.01226	0.00876	0.01401	0.00788	0.00701	0.01489	0.01226	0.01927	0.01051	0.01226	0.00876	0.00438	0.00438	0.00088	0.00438	0.00350	0.00350	0.82832
41	0.01226	0.01051	0.01226	0.00876	0.01401	0.00788	0.00701	0.01489	0.01226	0.01927	0.01051	0.01226	0.00876	0.00438	0.00438	0.00088	0.00438	0.00350	0.00350	0.82832
42	0.83394	0.01144	0.00869	0.00778	0.01144	0.01327	0.00640	0.01738	0.01006	0.02653	0.00823	0.00961	0.00640	0.00549	0.00366	0.00183	0.00457	0.00320	0.00366	0.00640
43	0.00860	0.00573	0.00645	0.00645	0.00645	0.00573	0.00358	0.00860	0.00860	0.01147	0.01863	0.03870	0.02150	0.79217	0.03010	0.00573	0.00573	0.00860	0.00358	0.00358
44	0.02653	0.01006	0.01372	0.01052	0.01510	0.00869	0.00869	0.02882	0.01693	0.75937	0.02333	0.02013	0.01464	0.00732	0.00595	0.00183	0.00503	0.00595	0.00732	0.01006
45	0.00860	0.00573	0.00645	0.00645	0.00645	0.00573	0.00358	0.00860	0.00860	0.01147	0.01863	0.03870	0.02150	0.79217	0.03010	0.00573	0.00573	0.00860	0.00358	0.00358
46	0.00726	0.00600	0.00636	0.00627	0.00815	0.00511	0.00471	0.00901	0.01412	0.01749	0.19509	0.05443	0.61675	0.01441	0.00699	0.00197	0.00296	0.01213	0.00569	0.00511
47	0.01197	0.02988	0.73189	0.01666	0.02519	0.01377	0.02136	0.01923	0.04148	0.01897	0.01115	0.01286	0.00791	0.00571	0.00563	0.00188	0.00858	0.00446	0.00264	0.00876
48	0.00860	0.00575	0.00654	0.00654	0.00657	0.00578	0.00369	0.00866	0.00863	0.01153	0.01855	0.03826	0.02131	0.77095	0.05105	0.00584	0.00602	0.00854	0.00357	0.00363
49	0.01488	0.01852	0.31647	0.01267	0.01772	0.04714	0.01325	0.07265	0.01415	0.16219	0.01845	0.12193	0.03481	0.09810	0.00879	0.00236	0.00674	0.00709	0.00432	0.00779
50	0.01998	0.02550	0.08324	0.01530	0.01857	0.54551	0.01254	0.07399	0.01615	0.01649	0.00946	0.01139	0.00780	0.00670	0.00729	0.00172	0.11387	0.00415	0.00315	0.00721
51	0.04421	0.01288	0.11161	0.18712	0.11887	0.01164	0.05419	0.04463	0.01299	0.01819	0.01749	0.11786	0.01720	0.00966	0.00725	0.00216	0.04979	0.15151	0.00376	0.00699
52	0.01574	0.38128	0.10222	0.05873	0.01967	0.09526	0.08443	0.07526	0.04948	0.01781	0.04109	0.01335	0.01043	0.00586	0.00499	0.00157	0.00727	0.00451	0.00323	0.00781
53	0.01345	0.33924	0.46684	0.01414	0.02139	0.01763	0.01712	0.01832	0.01230	0.01679	0.00965	0.01128	0.00753	0.00539	0.00488	0.00163	0.00777	0.00388	0.00251	0.00828
54	0.02653	0.01006	0.01372	0.01052	0.01510	0.00869	0.00869	0.02882	0.01693	0.75937	0.02333	0.02013	0.01464	0.00732	0.00595	0.00183	0.00503	0.00595	0.00732	0.01006
55	0.01184	0.02944	0.71834	0.01686	0.02529	0.01354	0.03952	0.01852	0.01256	0.01870	0.01133	0.01436	0.00840	0.00595	0.00574	0.00190	0.00866	0.02783	0.00261	0.00861
56	0.01576	0.09097	0.03292	0.01433	0.11401	0.03481	0.01022	0.11683	0.18275	0.11033	0.07454	0.11595	0.04353	0.00887	0.00601	0.00187	0.00536	0.00748	0.00518	0.00828
57	0.02653	0.01006	0.01372	0.01052	0.01510	0.00869	0.00869	0.02882	0.01693	0.75937	0.02333	0.02013	0.01464	0.00732	0.00595	0.00183	0.00503	0.00595	0.00732	0.01006
58	0.01075	0.00557	0.00576	0.00571	0.00709	0.00552	0.00428	0.01351	0.01285	0.02222	0.09453	0.02432	0.01933	0.00742	0.00443	0.00143	0.00276	0.00604	0.74097	0.00552
59	0.01719	0.51497	0.05041	0.01124	0.01603	0.07646	0.01056	0.15504	0.03190	0.01914	0.01032	0.01137	0.00860	0.00568	0.00444	0.00142	0.00658	0.00384	0.03683	0.00800
60	0.01979	0.01978	0.03680	0.01298	0.01647	0.36730	0.01028	0.11940	0.08840	0.11917	0.06772	0.01891	0.06215	0.00756	0.00579	0.00171	0.00767	0.00564	0.00468	0.00781
61	0.00823	0.00588	0.00803	0.00940	0.01019	0.00568	0.00726	0.01000	0.01233	0.01624	0.03203	0.47146	0.03688	0.01757	0.00782	0.00254	0.00432	0.32358	0.00547	0.00509
62	0.02209	0.02819	0.01676	0.01524	0.01828	0.76843	0.01143	0.02361	0.01676	0.01447	0.00914	0.01066	0.00762	0.00609	0.00533	0.00152	0.01066	0.00381	0.00305	0.00686
63	0.73354	0.01351	0.00969	0.00870	0.01228	0.10665	0.00703	0.01815	0.01089	0.02504	0.00835	0.00974	0.00655	0.00556	0.00387	0.00179	0.00533	0.00328	0.00358	0.00646
64	0.01631	0.01226	0.01596	0.01316	0.01674	0.01304	0.10411	0.14636	0.30394	0.11523	0.02108	0.05412	0.01718	0.06842	0.00816	0.00229	0.00581	0.05180	0.00552	0.00851
65	0.01302	0.23702	0.53924	0.01568	0.04718	0.01636	0.01855	0.01843	0.01239	0.01745	0.00998	0.01175	0.00758	0.00546	0.00513	0.00170	0.00803	0.00407	0.00252	0.00845
66	0.00770	0.00579	0.00699	0.00766	0.00872	0.00531	0.00557	0.00913	0.01243	0.01594	0.08528	0.31681	0.27174	0.09695	0.00976	0.00263	0.00378	0.11758	0.00535	0.00488
67	0.00787	0.00562	0.00762	0.00899	0.00962	0.00537	0.00664	0.00938	0.01198	0.01584	0.03223	0.58274	0.03767	0.01790	0.00772	0.00249	0.00400	0.21584	0.00548	0.00499
68	0.83394	0.01144	0.00869	0.00778	0.01144	0.01327	0.00640	0.01738	0.01006	0.02653	0.00823	0.00961	0.00640	0.00549	0.00366	0.00183	0.00457	0.00320	0.00366	0.00640
69	0.02268	0.01348	0.01552	0.01215	0.01658	0.01408	0.00995	0.37411	0.11241	0.29906	0.03521	0.01801	0.01374	0.00741	0.00596	0.00183	0.00566	0.00584	0.00645	0.00987
70	0.01454	0.01418	0.02433	0.03122	0.53990	0.01428	0.13186	0.02005	0.11146	0.01999	0.01299	0.01584	0.01047	0.00559	0.00606	0.00183	0.00718	0.00573	0.00335	0.00914
71	0.00738	0.00535	0.00701	0.00820	0.00878	0.00498	0.00567	0.00863	0.01185	0.01568	0.06432	0.65764	0.09255	0.01786	0.00752	0.00237	0.00350	0.06029	0.00553	0.00489
72	0.01159	0.01095	0.01851	0.68689	0.12846	0.01325	0.01664	0.01548	0.01203	0.01563	0.01059	0.01563	0.00807	0.00583	0.00591	0.00194	0.00778	0.00526	0.00266	0.00691
73	0.00837	0.00604	0.00790	0.00744	0.00883	0.00558	0.00558	0.01116	0.01674	0.02371	0.75216	0.04417	0.05580	0.01209	0.00697	0.00186	0.00279	0.01069	0.00651	0.00558
74	0.01186	0.03059	0.76153	0.01686	0.02560	0.01373	0.02185	0.01873	0.01249	0.01873	0.01061	0.01249	0.00749	0.00562	0.00562	0.00187	0.00874	0.00437	0.00250	0.00874
75	0.00716	0.00598	0.00626	0.00637	0.00823	0.00508	0.00480	0.00874	0.01350	0.01631	0.08475	0.09417	0.65907	0.01510	0.00707	0.00204	0.00311	0.04172	0.00553	0.00502
76	0.02307	0.01562	0.01716	0.01316	0.01787	0.01694	0.01087	0.63294	0.02623	0.14211	0.01552	0.01506	0.01072	0.00713	0.00592	0.00178	0.00629	0.00541	0.00612	0.01006
77	0.01209	0.01145	0.01940	0.58082	0.23066	0.01338	0.01688	0.01592	0.01226	0.01623	0.01067	0.01547	0.00828	0.00574	0.00590	0.00191	0.00766	0.00526	0.00271	0.00731
78	0.70253	0.01284	0.01161	0.01185	0.08749	0.01424	0.00839	0.04680	0.01202	0.02730	0.01020	0.01229	0.00822	0.00646	0.00460	0.00207	0.00538	0.00398	0.00414	0.00757
79	0.01299	0.01190	0.01931	0.67274	0.12688	0.01395	0.01702	0.01642	0.01289	0.01693	0.01198	0.01749	0.00940	0.00676	0.00649	0.00220	0.00819	0.00570	0.00315	0.00762
80	0.41417	0.09170	0.01476	0.09633	0.01748	0.01498	0.00930	0.12199	0.01424	0.02563	0.01110	0.01330	0.00891	0.00651	0.00499	0.00191	0.00586	0.00426	0.00420	0.11837
81	0.18311	0.01260	0.01664	0.55002	0.03352	0.04758	0.01440	0.03471	0.01294	0.01930	0.01146	0.01608	0.00896	0.00679	0.00601	0.00217	0.00770	0.00521	0.00343	0.00735
82	0.32800	0.01299	0.01651	0.18855	0.02272	0.01373	0.10764	0.06253	0.03148	0.02352	0.01179	0.01484	0.00932	0.00645	0.00556	0.00200	0.00664	0.00493	0.00398	0.12681
83	0.52114	0.01314	0.01291	0.23899	0.02164	0.06080	0.01032	0.01798	0.01191	0.02344	0.01041	0.01350	0.00829	0.00659	0.00507	0.00211	0.00642	0.00434	0.00378	0.00720
84	0.43589	0.01271	0.01392	0.27093	0.02328	0.01456	0.01103	0.10761	0.01380	0.02507	0.01120	0.01427	0.00874	0.00677	0.00534	0.00212	0.00642	0.00465	0.00406	0.00764
85	0.44731	0.01256	0.01298	0.22422	0.02108	0.03854	0.01012	0.04790	0.01257	0.04033	0.01150	0.01526	0.00936	0.04459	0.00642	0.00227	0.00633	0.00470	0.00399	0.02797

[dist]
# distance from previous block
# <min> <max>
47	181

[block]
# block no. 1 follows, 39 sequences, length 13
# corresponding to MSA columns:
# 353-365
name=unknown_B
#
# <colnr> <probs for GDERKNQSTAVLIFYWHMCP>
#	G	D	E	R	K	N	Q	S	T	A	V	L	I	F	Y	W	H	M	C	P
0	0.29003	0.01223	0.01369	0.25426	0.02218	0.03588	0.01064	0.15352	0.03588	0.04761	0.01175	0.01507	0.00919	0.05704	0.00671	0.00211	0.00627	0.00482	0.00393	0.00719
1	0.23955	0.08054	0.04286	0.01123	0.01550	0.04120	0.00958	0.27152	0.10218	0.05593	0.04231	0.01464	0.01155	0.00663	0.00510	0.00175	0.00572	0.00482	0.00481	0.03259
2	0.19546	0.06427	0.01499	0.01127	0.01546	0.01556	0.00925	0.27528	0.20839	0.05600	0.01519	0.01504	0.01128	0.00669	0.00521	0.00176	0.00540	0.00498	0.00513	0.06340
3	0.01142	0.01141	0.01503	0.52451	0.03105	0.09274	0.01324	0.01456	0.01272	0.01523	0.02132	0.02434	0.17311	0.00794	0.00609	0.00193	0.00710	0.00670	0.00331	0.00625
4	0.00979	0.00823	0.01383	0.01168	0.01339	0.00833	0.16699	0.01166	0.01031	0.01411	0.01694	0.03040	0.01733	0.35545	0.24499	0.00588	0.00968	0.04242	0.00342	0.00516
5	0.01132	0.01496	0.18272	0.60913	0.03737	0.01327	0.01763	0.01591	0.01197	0.01591	0.01053	0.01504	0.00780	0.00585	0.00585	0.00195	0.00807	0.00506	0.00260	0.00705
6	0.02338	0.01512	0.01686	0.01292	0.01762	0.01620	0.01067	0.57879	0.02539	0.19744	0.01622	0.01551	0.01107	0.00715	0.00592	0.00179	0.00618	0.00546	0.00623	0.01006
7	0.01195	0.01100	0.01677	0.60806	0.03511	0.01349	0.01486	0.01873	0.17437	0.01725	0.01352	0.01716	0.01014	0.00638	0.00594	0.00198	0.00717	0.00557	0.00338	0.00719
8	0.02013	0.01968	0.18273	0.01433	0.01995	0.01732	0.01359	0.57655	0.02441	0.03316	0.01340	0.01382	0.00949	0.00677	0.00585	0.00180	0.00700	0.00511	0.00516	0.00976
9	0.01226	0.01051	0.01226	0.00876	0.01401	0.00788	0.00701	0.01489	0.01226	0.01927	0.01051	0.01226	0.00876	0.00438	0.00438	0.00088	0.00438	0.00350	0.00350	0.82832
10	0.01224	0.00877	0.01087	0.01004	0.01191	0.05648	0.04141	0.01478	0.03918	0.12867	0.22819	0.28142	0.05280	0.01278	0.00740	0.00208	0.03510	0.03385	0.00567	0.00633
11	0.32874	0.01515	0.05061	0.06769	0.01748	0.06565	0.01013	0.27238	0.01757	0.08510	0.01186	0.01271	0.00858	0.00628	0.00501	0.00180	0.00615	0.00441	0.00457	0.00814
12	0.09238	0.01674	0.18208	0.34595	0.02913	0.05784	0.03711	0.07287	0.01364	0.06517	0.01131	0.01425	0.00826	0.00606	0.00591	0.00190	0.02368	0.00488	0.00328	0.00758

[dist]
# distance from previous block
# <min> <max>
0	131

# created by:
# /home/cegg/simao/soft/augustus-3.2.1/scripts/msa2prfl.pl ./align_prep/EOG090W0NJA.fa
