[name]
unknown

[dist]
# distance from previous block
# <min> <max>
21	74

[block]
# block no. 0 follows, 33 sequences, length 36
# corresponding to MSA columns:
# 121-156
name=unknown_A
#
# <colnr> <probs for GDERKNQSTAVLIFYWHMCP>
#	G	D	E	R	K	N	Q	S	T	A	V	L	I	F	Y	W	H	M	C	P
0	0.01544	0.13560	0.09616	0.07853	0.11994	0.03302	0.08137	0.05650	0.06199	0.03722	0.07107	0.02039	0.01562	0.06510	0.00827	0.00220	0.00737	0.00625	0.00408	0.08388
1	0.06042	0.05619	0.07125	0.03686	0.12725	0.10587	0.11433	0.07797	0.04132	0.04208	0.03525	0.01725	0.01223	0.01061	0.07181	0.00271	0.04758	0.00587	0.00398	0.05918
2	0.01748	0.04225	0.07489	0.04302	0.13916	0.16901	0.06428	0.06947	0.04394	0.04632	0.07927	0.03692	0.03202	0.00813	0.00776	0.00200	0.06919	0.00654	0.00427	0.04408
3	0.01797	0.10309	0.09701	0.01515	0.03606	0.22469	0.04937	0.04391	0.10812	0.04807	0.04216	0.05113	0.04219	0.02523	0.00683	0.00196	0.00808	0.00639	0.00438	0.06821
4	0.01281	0.01125	0.03604	0.01283	0.03673	0.02605	0.06551	0.07337	0.06558	0.03809	0.06057	0.31279	0.07894	0.01307	0.00727	0.00216	0.00541	0.01168	0.00549	0.12437
5	0.01888	0.06652	0.01752	0.01347	0.04453	0.03692	0.03979	0.16853	0.04378	0.14917	0.10910	0.06551	0.02026	0.00847	0.00637	0.00181	0.00600	0.00708	0.00574	0.17055
6	0.22133	0.01413	0.03295	0.03289	0.01695	0.05232	0.02651	0.12751	0.06616	0.13146	0.05132	0.07114	0.03121	0.00840	0.00598	0.00198	0.00600	0.00661	0.00545	0.08970
7	0.16118	0.05718	0.04347	0.01462	0.06383	0.03758	0.03364	0.19174	0.08264	0.16585	0.01808	0.01906	0.02933	0.04459	0.00737	0.00221	0.00661	0.00598	0.00555	0.00949
8	0.01058	0.04149	0.03854	0.01022	0.03475	0.00815	0.00792	0.03353	0.01551	0.03563	0.18154	0.13019	0.23890	0.07760	0.00986	0.00264	0.00470	0.10604	0.00586	0.00635
9	0.04148	0.06140	0.01939	0.07945	0.02125	0.03461	0.05943	0.27224	0.04256	0.19037	0.01880	0.07884	0.01462	0.00847	0.00656	0.00203	0.00693	0.00701	0.00592	0.02865
10	0.14573	0.03539	0.01774	0.03324	0.06355	0.12318	0.01180	0.25035	0.12007	0.06779	0.01525	0.01589	0.01142	0.00746	0.00654	0.00198	0.03351	0.00545	0.00525	0.02841
11	0.01572	0.03882	0.02475	0.10981	0.55667	0.01562	0.01851	0.02072	0.06874	0.02146	0.03654	0.01795	0.01262	0.00642	0.00651	0.00199	0.00754	0.00611	0.00360	0.00991
12	0.00962	0.00721	0.01031	0.01020	0.01112	0.00834	0.00768	0.01151	0.01037	0.01484	0.01787	0.02862	0.01755	0.18118	0.58404	0.00951	0.04340	0.00747	0.00359	0.00558
13	0.01596	0.05155	0.12245	0.03266	0.41873	0.03369	0.18762	0.02063	0.01500	0.02093	0.01235	0.01599	0.00992	0.00585	0.00668	0.00201	0.00894	0.00606	0.00320	0.00980
14	0.01023	0.00862	0.03572	0.01008	0.03192	0.00720	0.03420	0.01318	0.01702	0.04507	0.42342	0.06604	0.22039	0.01324	0.00757	0.00209	0.00399	0.01159	0.00643	0.03197
15	0.00932	0.00638	0.00715	0.00723	0.00747	0.00625	0.00419	0.00954	0.01027	0.01347	0.02615	0.08029	0.09585	0.65606	0.02968	0.00578	0.00595	0.01046	0.00431	0.00421
16	0.01497	0.04561	0.06704	0.33798	0.12449	0.05155	0.09312	0.03985	0.08546	0.01980	0.01330	0.01714	0.01028	0.00684	0.00731	0.00214	0.04511	0.00599	0.00351	0.00852
17	0.01717	0.58029	0.17186	0.01310	0.01940	0.06871	0.01394	0.02035	0.01381	0.01659	0.00974	0.01130	0.00843	0.00583	0.00473	0.00156	0.00787	0.00383	0.00284	0.00865
18	0.01524	0.13635	0.46030	0.01839	0.08721	0.01605	0.01967	0.02143	0.03441	0.07474	0.03059	0.01654	0.02739	0.00676	0.00609	0.00198	0.00842	0.00534	0.00353	0.00956
19	0.01876	0.48305	0.12850	0.01362	0.01939	0.15859	0.01344	0.06400	0.01554	0.01798	0.01013	0.01160	0.00861	0.00608	0.00498	0.00159	0.00834	0.00399	0.00315	0.00865
20	0.02605	0.01448	0.01708	0.01319	0.01815	0.01474	0.01085	0.36220	0.02479	0.34824	0.06463	0.02083	0.01665	0.00836	0.00667	0.00201	0.00625	0.00661	0.00732	0.01089
21	0.06459	0.07183	0.13213	0.01440	0.03743	0.03110	0.07444	0.05190	0.10128	0.02326	0.09303	0.04960	0.01832	0.00786	0.00618	0.00184	0.00657	0.02227	0.00454	0.18740
22	0.00982	0.01119	0.11993	0.00993	0.01293	0.00787	0.00907	0.01380	0.04370	0.02278	0.36606	0.07825	0.20995	0.01349	0.00759	0.00219	0.00443	0.04415	0.00616	0.00671
23	0.00778	0.00667	0.00667	0.00667	0.00889	0.00556	0.00500	0.00945	0.01501	0.01778	0.06669	0.06336	0.72490	0.01667	0.00778	0.00222	0.00333	0.01389	0.00611	0.00556
24	0.00907	0.00882	0.08107	0.00947	0.01067	0.00670	0.00724	0.01049	0.01171	0.01585	0.02855	0.44456	0.03335	0.27202	0.01667	0.00387	0.00528	0.01422	0.00506	0.00533
25	0.01831	0.69756	0.03289	0.01184	0.01725	0.09855	0.01141	0.02038	0.01391	0.01555	0.00926	0.01069	0.00845	0.00575	0.00440	0.00144	0.00753	0.00359	0.00287	0.00837
26	0.00987	0.00747	0.00919	0.00863	0.01047	0.00717	0.00651	0.01439	0.08881	0.02559	0.58300	0.04820	0.12895	0.01335	0.00766	0.00210	0.00334	0.01167	0.00707	0.00657
27	0.01721	0.15910	0.35922	0.01540	0.02247	0.03111	0.01716	0.11062	0.03499	0.09465	0.03885	0.01632	0.01203	0.00844	0.03268	0.00225	0.00849	0.00532	0.00412	0.00955
28	0.01320	0.03405	0.73453	0.01876	0.02849	0.01529	0.02432	0.02085	0.01390	0.02085	0.01181	0.01390	0.00834	0.00625	0.00625	0.00208	0.00973	0.00486	0.00278	0.00973
29	0.01473	0.05778	0.60486	0.01967	0.08101	0.01532	0.02252	0.02154	0.01431	0.07006	0.01274	0.01455	0.00906	0.00633	0.00623	0.00205	0.00920	0.00501	0.00319	0.00984
30	0.01292	0.01335	0.04969	0.45930	0.13972	0.01412	0.09760	0.01723	0.01392	0.01826	0.01756	0.02189	0.08164	0.00736	0.00682	0.00216	0.00839	0.00685	0.00334	0.00787
31	0.01506	0.01577	0.13535	0.10003	0.11058	0.01347	0.09791	0.04398	0.04448	0.08751	0.01648	0.07306	0.01396	0.01405	0.10191	0.03462	0.06215	0.00715	0.00409	0.00842
32	0.05721	0.01288	0.02036	0.17065	0.28685	0.01360	0.06276	0.05042	0.04219	0.02110	0.01823	0.10304	0.03588	0.04146	0.00800	0.00235	0.00727	0.03326	0.00406	0.00842
33	0.01310	0.01512	0.13870	0.06095	0.03733	0.02973	0.09447	0.06806	0.01551	0.04246	0.04655	0.05561	0.18009	0.01559	0.10020	0.00327	0.02976	0.04124	0.00459	0.00767
34	0.01616	0.13399	0.07851	0.15065	0.02670	0.06072	0.17348	0.04368	0.08710	0.05986	0.01658	0.07197	0.01404	0.00793	0.00665	0.00209	0.00827	0.02893	0.00415	0.00854
35	0.01532	0.01608	0.08907	0.01953	0.16696	0.10120	0.06100	0.04031	0.07415	0.06256	0.02330	0.22889	0.05121	0.01106	0.00711	0.00220	0.00705	0.00983	0.00484	0.00834

[dist]
# distance from previous block
# <min> <max>
3	22

[block]
# block no. 1 follows, 33 sequences, length 8
# corresponding to MSA columns:
# 179-186
name=unknown_B
#
# <colnr> <probs for GDERKNQSTAVLIFYWHMCP>
#	G	D	E	R	K	N	Q	S	T	A	V	L	I	F	Y	W	H	M	C	P
0	0.01298	0.05086	0.14023	0.08366	0.01927	0.07846	0.02821	0.05123	0.03202	0.01948	0.05894	0.10886	0.14542	0.03154	0.07627	0.00300	0.02296	0.00881	0.00445	0.02335
1	0.01462	0.01555	0.12313	0.06225	0.05982	0.01376	0.03816	0.12625	0.01552	0.02210	0.04067	0.04939	0.01388	0.01395	0.09373	0.05637	0.11513	0.00641	0.00401	0.11531
2	0.01712	0.39696	0.05859	0.08018	0.01993	0.06437	0.01214	0.08589	0.09169	0.02071	0.08074	0.01715	0.01515	0.00714	0.00547	0.00174	0.00706	0.00530	0.00406	0.00861
3	0.01426	0.04403	0.27726	0.01745	0.08924	0.01369	0.05324	0.03743	0.07902	0.04035	0.03889	0.02201	0.07183	0.00778	0.00678	0.00195	0.02658	0.02261	0.00411	0.13148
4	0.01097	0.00784	0.00995	0.00958	0.01075	0.00839	0.00697	0.07468	0.01324	0.01823	0.09605	0.03717	0.02515	0.30989	0.28029	0.00679	0.01011	0.05369	0.00455	0.00570
5	0.01567	0.13645	0.07410	0.01297	0.06082	0.03118	0.01042	0.05385	0.01514	0.11867	0.04816	0.12119	0.06611	0.06323	0.05514	0.00274	0.00682	0.00804	0.00486	0.09444
6	0.45396	0.20185	0.08507	0.01006	0.01486	0.01661	0.00957	0.01852	0.01241	0.02396	0.01563	0.01665	0.08506	0.00715	0.00472	0.00191	0.00583	0.00479	0.00386	0.00754
7	0.01117	0.01203	0.06050	0.01187	0.01451	0.08696	0.07207	0.01375	0.01516	0.01898	0.11244	0.23221	0.21891	0.01471	0.00776	0.00233	0.00576	0.07698	0.00546	0.00643

[dist]
# distance from previous block
# <min> <max>
0	5

[block]
# block no. 2 follows, 33 sequences, length 82
# corresponding to MSA columns:
# 213-294
name=unknown_C
#
# <colnr> <probs for GDERKNQSTAVLIFYWHMCP>
#	G	D	E	R	K	N	Q	S	T	A	V	L	I	F	Y	W	H	M	C	P
0	0.02232	0.09044	0.03989	0.01720	0.06413	0.50285	0.01290	0.08568	0.01878	0.01942	0.03111	0.01396	0.01064	0.00693	0.00590	0.00173	0.01016	0.00473	0.03308	0.00816
1	0.00822	0.00597	0.00780	0.00909	0.00971	0.00561	0.00626	0.00953	0.01279	0.01687	0.03782	0.61927	0.10277	0.04206	0.03597	0.00304	0.00447	0.05141	0.00595	0.00538
2	0.01584	0.02161	0.23451	0.02165	0.17014	0.08225	0.08758	0.05616	0.09986	0.02262	0.01681	0.01875	0.03752	0.00706	0.00641	0.00200	0.00817	0.00612	0.07567	0.00927
3	0.01261	0.01385	0.08381	0.64755	0.04233	0.01498	0.01862	0.01713	0.01306	0.01713	0.01155	0.01706	0.00873	0.00682	0.00736	0.00222	0.04901	0.00576	0.00291	0.00752
4	0.74339	0.01288	0.01062	0.00943	0.01314	0.01525	0.00778	0.01904	0.01110	0.02831	0.00912	0.01103	0.00727	0.00660	0.00564	0.00211	0.07243	0.00376	0.00397	0.00714
5	0.01249	0.01163	0.05612	0.04657	0.14426	0.01062	0.01098	0.07744	0.06654	0.02396	0.24233	0.10374	0.14324	0.01173	0.00728	0.00214	0.00521	0.01024	0.00570	0.00779
6	0.01748	0.03225	0.01863	0.04831	0.07575	0.10684	0.04472	0.04958	0.31677	0.05495	0.01948	0.05048	0.01564	0.00886	0.00866	0.00221	0.10809	0.00694	0.00514	0.00924
7	0.74328	0.01464	0.07462	0.00956	0.01414	0.01482	0.00867	0.01949	0.01145	0.02876	0.00940	0.01098	0.00724	0.00612	0.00427	0.00204	0.00551	0.00368	0.00396	0.00736
8	0.00994	0.00753	0.01041	0.01116	0.07415	0.00706	0.00747	0.01312	0.01831	0.02596	0.66033	0.04623	0.05749	0.01278	0.00765	0.00206	0.00353	0.01136	0.00689	0.00659
9	0.00937	0.00659	0.00805	0.00805	0.00856	0.00680	0.00522	0.01015	0.01033	0.01389	0.02402	0.04027	0.08473	0.50799	0.22172	0.00714	0.00913	0.00928	0.00406	0.00464
10	0.01645	0.52601	0.24814	0.01372	0.02054	0.04278	0.01530	0.02024	0.01368	0.01715	0.01000	0.01162	0.00842	0.00585	0.00489	0.00162	0.00800	0.00395	0.00282	0.00882
11	0.00913	0.00688	0.00762	0.00732	0.00949	0.00591	0.00553	0.01123	0.01616	0.05084	0.24365	0.05774	0.51426	0.01543	0.00773	0.00217	0.00337	0.01304	0.00651	0.00598
12	0.01501	0.15517	0.48929	0.01775	0.02603	0.01703	0.08171	0.02183	0.04706	0.05111	0.01282	0.01455	0.00940	0.00629	0.00608	0.00199	0.00901	0.00510	0.00325	0.00953
13	0.01625	0.50650	0.20982	0.01467	0.02129	0.02242	0.07323	0.02003	0.01362	0.01731	0.01016	0.01209	0.00856	0.00592	0.00543	0.00168	0.02511	0.00427	0.00285	0.00878
14	0.00801	0.00575	0.00761	0.00910	0.00953	0.00535	0.00608	0.00917	0.01267	0.01683	0.03710	0.74555	0.06181	0.02052	0.00839	0.00266	0.00381	0.01859	0.00611	0.00535
15	0.00899	0.00672	0.00834	0.00794	0.00963	0.00607	0.00595	0.01178	0.01785	0.02455	0.58281	0.05222	0.20456	0.01415	0.00777	0.00210	0.00315	0.01233	0.00700	0.00607
16	0.01724	0.16698	0.32093	0.01655	0.02343	0.05405	0.06273	0.08939	0.07702	0.06660	0.01381	0.01508	0.01028	0.00679	0.00653	0.00197	0.03192	0.00524	0.00390	0.00954
17	0.00853	0.00633	0.00812	0.00858	0.00973	0.00592	0.00615	0.01051	0.01479	0.01996	0.26351	0.34710	0.16226	0.02020	0.07387	0.00311	0.00474	0.01464	0.00625	0.00571
18	0.00806	0.00586	0.00761	0.00890	0.00950	0.00541	0.00602	0.00935	0.01312	0.01737	0.07331	0.66587	0.10552	0.01991	0.00832	0.00260	0.00374	0.01794	0.00617	0.00541
19	0.01491	0.01622	0.06342	0.26842	0.26547	0.04237	0.14911	0.01925	0.01427	0.01931	0.01200	0.01658	0.00951	0.00644	0.00767	0.00214	0.05493	0.00610	0.00312	0.00877
20	0.01562	0.01466	0.04802	0.16102	0.40233	0.01470	0.01721	0.09902	0.01624	0.02271	0.01511	0.08177	0.01330	0.00761	0.00661	0.00205	0.00744	0.00696	0.03830	0.00930
21	0.01836	0.17304	0.25738	0.01782	0.02419	0.25063	0.10733	0.04250	0.01604	0.01893	0.01109	0.01317	0.00871	0.00626	0.00597	0.00184	0.01000	0.00482	0.00317	0.00874
22	0.05501	0.02282	0.02123	0.04011	0.26310	0.34930	0.01523	0.08047	0.01757	0.02068	0.01132	0.01392	0.00933	0.00677	0.00691	0.00189	0.04687	0.00502	0.00361	0.00884
23	0.19213	0.01145	0.01358	0.01103	0.01540	0.01107	0.00901	0.07579	0.01764	0.44390	0.05214	0.06649	0.01809	0.00892	0.00630	0.00210	0.00541	0.02295	0.00697	0.00966
24	0.03526	0.06724	0.14602	0.07134	0.11827	0.01456	0.22125	0.01892	0.04028	0.02061	0.04925	0.07750	0.05110	0.00837	0.00698	0.00216	0.00818	0.03034	0.00392	0.00846
25	0.01892	0.40994	0.08590	0.01679	0.08326	0.21703	0.04616	0.02169	0.01509	0.01689	0.01013	0.01204	0.00870	0.00601	0.00522	0.00163	0.00882	0.00423	0.00303	0.00853
26	0.00825	0.00661	0.00737	0.00735	0.00922	0.00573	0.00545	0.01028	0.01585	0.02019	0.25414	0.11874	0.47550	0.01608	0.00783	0.00222	0.00331	0.01373	0.00644	0.00573
27	0.00982	0.00640	0.00729	0.00722	0.00759	0.00633	0.00436	0.01056	0.01125	0.01585	0.11680	0.04199	0.02841	0.58658	0.02699	0.00529	0.00559	0.00953	0.08762	0.00452
28	0.00932	0.00673	0.00880	0.00828	0.00984	0.00621	0.00621	0.01242	0.01863	0.02640	0.72410	0.04918	0.06212	0.01346	0.00776	0.00207	0.00311	0.01191	0.00725	0.00621
29	0.01652	0.00835	0.01021	0.00884	0.01182	0.00752	0.00694	0.01954	0.03747	0.26351	0.18842	0.03856	0.19684	0.01130	0.00681	0.00201	0.00406	0.00947	0.14396	0.00786
30	0.01860	0.01610	0.07244	0.07054	0.19058	0.01575	0.01458	0.23139	0.11154	0.07710	0.03217	0.03686	0.01436	0.01052	0.05533	0.00262	0.00781	0.00658	0.00518	0.00994
31	0.00894	0.00660	0.00838	0.00836	0.00983	0.00604	0.00622	0.01151	0.01695	0.02324	0.48166	0.16816	0.15768	0.01532	0.00793	0.00224	0.00339	0.04477	0.00684	0.00597
32	0.01507	0.01165	0.01370	0.00992	0.01558	0.00902	0.00796	0.03257	0.01442	0.07624	0.01315	0.01467	0.01048	0.00527	0.00504	0.00109	0.00493	0.00421	0.02663	0.70841
33	0.01512	0.01710	0.12211	0.02542	0.30718	0.01381	0.08253	0.03998	0.04803	0.02244	0.04361	0.01725	0.01263	0.00618	0.00627	0.00178	0.00736	0.00577	0.00378	0.20164
34	0.01511	0.19556	0.47333	0.01633	0.02420	0.05814	0.01938	0.04902	0.01500	0.02053	0.04682	0.01488	0.01117	0.00657	0.00588	0.00191	0.00882	0.00493	0.00320	0.00921
35	0.00948	0.00701	0.00947	0.00970	0.01103	0.00676	0.02974	0.02742	0.01338	0.03657	0.03728	0.42129	0.17119	0.04011	0.13309	0.00396	0.00649	0.01458	0.00560	0.00586
36	0.08924	0.01695	0.02157	0.04481	0.27399	0.11334	0.07432	0.10855	0.03810	0.05681	0.03741	0.01724	0.01241	0.00692	0.00667	0.00198	0.02554	0.00591	0.03897	0.00927
37	0.00941	0.00704	0.01049	0.01049	0.01163	0.00818	0.00811	0.01170	0.01055	0.01521	0.01772	0.02633	0.01666	0.06910	0.72311	0.01047	0.01733	0.00712	0.00354	0.00583
38	0.01354	0.00766	0.01015	0.00900	0.01129	0.00694	0.00694	0.01653	0.01868	0.17391	0.57818	0.04358	0.05254	0.01235	0.00753	0.00206	0.00363	0.01080	0.00744	0.00726
39	0.01798	0.60176	0.08247	0.01344	0.03800	0.03947	0.02896	0.07829	0.01512	0.01839	0.01012	0.01160	0.00877	0.00590	0.00475	0.00154	0.00747	0.00400	0.00317	0.00882
40	0.01025	0.00924	0.04184	0.01171	0.01287	0.01011	0.00946	0.01238	0.01085	0.01568	0.01848	0.12247	0.01876	0.07564	0.45141	0.00762	0.14295	0.00842	0.00375	0.00610
41	0.00900	0.00677	0.00848	0.00937	0.01080	0.00630	0.00737	0.01110	0.01460	0.01869	0.08812	0.23262	0.25596	0.03372	0.00895	0.00270	0.00449	0.25912	0.00612	0.00570
42	0.00989	0.00684	0.00833	0.00792	0.00960	0.00644	0.00595	0.01332	0.03809	0.02534	0.52456	0.04551	0.11253	0.01262	0.00719	0.00200	0.00318	0.01097	0.14344	0.00626
43	0.00842	0.00669	0.00755	0.00734	0.00928	0.00583	0.00550	0.01068	0.01651	0.02135	0.33869	0.05749	0.45068	0.01534	0.00777	0.00216	0.00324	0.01307	0.00658	0.00583
44	0.01194	0.00706	0.00893	0.00821	0.01011	0.00655	0.00624	0.01498	0.01770	0.09721	0.51521	0.04162	0.04858	0.01178	0.00703	0.00196	0.00335	0.01024	0.16460	0.00670
45	0.04232	0.01631	0.01675	0.01405	0.01837	0.04064	0.01121	0.29413	0.40883	0.03264	0.02152	0.02038	0.01592	0.00839	0.00656	0.00211	0.00620	0.00665	0.00648	0.01054
46	0.64843	0.01204	0.01019	0.00889	0.01292	0.01344	0.00730	0.02081	0.01244	0.12585	0.01238	0.01332	0.00910	0.00651	0.00446	0.00200	0.00501	0.00417	0.06311	0.00762
47	0.01583	0.01423	0.02079	0.33721	0.22547	0.03698	0.01687	0.12234	0.05167	0.02253	0.01476	0.02091	0.01210	0.00748	0.00672	0.00214	0.00801	0.05114	0.00398	0.00884
48	0.02450	0.01818	0.01946	0.01504	0.02022	0.02017	0.01239	0.66483	0.07260	0.04064	0.01647	0.01634	0.01174	0.00797	0.00659	0.00199	0.00712	0.00602	0.00659	0.01115
49	0.01463	0.01204	0.01847	0.13358	0.21028	0.01282	0.04365	0.01968	0.10030	0.07123	0.03089	0.02246	0.01492	0.08293	0.12585	0.00380	0.02976	0.00676	0.00420	0.04173
50	0.01334	0.01263	0.02139	0.58450	0.20653	0.01487	0.01874	0.01762	0.01360	0.01793	0.01186	0.01725	0.00917	0.00641	0.00657	0.00214	0.00855	0.00585	0.00300	0.00805
51	0.01440	0.01440	0.02016	0.01728	0.01728	0.02016	0.01440	0.01584	0.01008	0.01584	0.00864	0.01440	0.00864	0.01152	0.02160	0.00288	0.75659	0.00576	0.00288	0.00720
52	0.00969	0.00726	0.00972	0.04231	0.01330	0.00709	0.00899	0.01224	0.01480	0.01906	0.07003	0.17427	0.16983	0.01757	0.00857	0.00274	0.00519	0.39542	0.00600	0.00592
53	0.01417	0.01326	0.01637	0.09814	0.10009	0.09869	0.05114	0.08526	0.03040	0.02025	0.02334	0.24863	0.05298	0.01413	0.04459	0.00271	0.03870	0.03495	0.00474	0.00745
54	0.24830	0.01201	0.01395	0.01104	0.01586	0.01165	0.00911	0.06353	0.01734	0.50039	0.02076	0.01880	0.01348	0.00757	0.00591	0.00203	0.00555	0.00573	0.00693	0.01007
55	0.00956	0.00731	0.00882	0.00929	0.01075	0.00709	0.00681	0.02903	0.08013	0.02030	0.14639	0.36650	0.18474	0.01712	0.00803	0.00246	0.00400	0.06914	0.00635	0.00619
56	0.07751	0.01185	0.01474	0.01169	0.01644	0.01121	0.00955	0.06544	0.10436	0.53485	0.02616	0.02328	0.04544	0.00846	0.00651	0.00207	0.00551	0.00679	0.00754	0.01061
57	0.01524	0.06247	0.43249	0.01904	0.02687	0.03780	0.13716	0.06433	0.09899	0.02255	0.01393	0.01573	0.01021	0.00654	0.00648	0.00208	0.00921	0.00565	0.00359	0.00963
58	0.00972	0.00687	0.00831	0.00841	0.00893	0.00712	0.00543	0.01145	0.05101	0.01507	0.04839	0.13501	0.02646	0.47812	0.14606	0.00620	0.00773	0.01033	0.00447	0.00493
59	0.00890	0.00667	0.00824	0.00794	0.00960	0.00602	0.00592	0.01158	0.01752	0.02395	0.53905	0.08235	0.21900	0.01452	0.00779	0.00213	0.00319	0.01266	0.00693	0.00602
60	0.01232	0.01143	0.01913	0.67399	0.06178	0.01403	0.01759	0.01653	0.01330	0.01709	0.01360	0.04242	0.01130	0.00756	0.00676	0.00224	0.00847	0.04001	0.00319	0.00728
61	0.03743	0.01435	0.02394	0.21153	0.50461	0.01525	0.01896	0.01907	0.01433	0.02040	0.01267	0.01802	0.01066	0.00653	0.00690	0.00207	0.02591	0.02473	0.00327	0.00938
62	0.01065	0.00779	0.00992	0.00958	0.01116	0.00784	0.00734	0.01356	0.04150	0.05780	0.32001	0.17118	0.16439	0.01496	0.00911	0.00234	0.07118	0.05686	0.00641	0.00644
63	0.00947	0.00678	0.00920	0.00920	0.00990	0.00748	0.00651	0.01087	0.01017	0.01426	0.01889	0.03283	0.01948	0.34032	0.45574	0.00888	0.01308	0.00807	0.00371	0.00511
64	0.01629	0.01564	0.02672	0.04041	0.72757	0.01564	0.02020	0.02020	0.01499	0.02151	0.01238	0.01629	0.01043	0.00587	0.00652	0.00196	0.00782	0.00587	0.00326	0.01043
65	0.01236	0.01105	0.01727	0.14088	0.24900	0.01187	0.01393	0.01532	0.01396	0.01897	0.04110	0.15633	0.08428	0.01188	0.00871	0.00238	0.07363	0.10505	0.00440	0.00762
66	0.01613	0.01547	0.02642	0.07128	0.69801	0.01560	0.02012	0.02006	0.01491	0.02130	0.01235	0.01635	0.01036	0.00590	0.00652	0.00197	0.00786	0.00587	0.00324	0.01029
67	0.01215	0.01041	0.01669	0.42455	0.10599	0.01200	0.01491	0.01586	0.01368	0.01850	0.01851	0.09383	0.01737	0.00968	0.00694	0.00228	0.00727	0.11259	0.07965	0.00716
68	0.16612	0.03571	0.03341	0.01450	0.01732	0.19439	0.02796	0.07032	0.03163	0.05039	0.01271	0.04700	0.01120	0.02786	0.03123	0.00254	0.20822	0.00573	0.00400	0.00776
69	0.01784	0.07372	0.05553	0.04764	0.32980	0.01542	0.06052	0.09574	0.01669	0.08670	0.01364	0.01598	0.01062	0.00615	0.00619	0.00181	0.00739	0.00555	0.00410	0.12898
70	0.12383	0.05382	0.01754	0.03874	0.01890	0.15999	0.01151	0.18579	0.22099	0.02709	0.01606	0.01661	0.01232	0.00785	0.00711	0.00205	0.05989	0.00560	0.00511	0.00921
71	0.01825	0.63297	0.10046	0.01203	0.01801	0.02354	0.01238	0.02093	0.01392	0.08022	0.01092	0.01194	0.00914	0.00592	0.00464	0.00153	0.00717	0.00393	0.00329	0.00882
72	0.01243	0.01062	0.01439	0.14249	0.06900	0.01051	0.02688	0.06473	0.02989	0.02070	0.05365	0.14093	0.13711	0.03287	0.00790	0.00210	0.02344	0.00917	0.00475	0.18646
73	0.01023	0.00727	0.00806	0.00786	0.01011	0.00641	0.00588	0.01273	0.04561	0.08262	0.09853	0.15303	0.49591	0.01591	0.00771	0.00226	0.00367	0.01350	0.00639	0.00629
74	0.01341	0.01144	0.01339	0.00973	0.01534	0.00863	0.00773	0.01626	0.01361	0.02125	0.01277	0.04618	0.01122	0.00556	0.00503	0.00105	0.00483	0.00454	0.00400	0.77406
75	0.01429	0.01314	0.02099	0.22170	0.36861	0.01382	0.01656	0.04095	0.03547	0.02051	0.01739	0.08596	0.04672	0.00799	0.00669	0.00206	0.00726	0.00734	0.00380	0.04876
76	0.00797	0.00652	0.00695	0.00716	0.00897	0.00559	0.00519	0.00956	0.01459	0.01785	0.09287	0.16988	0.55759	0.04846	0.00895	0.00246	0.00352	0.01436	0.00608	0.00549
77	0.01301	0.03269	0.69834	0.01824	0.02756	0.01484	0.02342	0.02043	0.01414	0.02113	0.04733	0.01566	0.01102	0.00661	0.00633	0.00208	0.00940	0.00522	0.00300	0.00955
78	0.81514	0.01273	0.00968	0.00866	0.01273	0.01477	0.00713	0.01935	0.01120	0.02954	0.00917	0.01069	0.00713	0.00611	0.00407	0.00204	0.00509	0.00356	0.00407	0.00713
79	0.03457	0.07792	0.36887	0.05420	0.14022	0.01463	0.01870	0.02097	0.01493	0.10275	0.07709	0.01828	0.01442	0.00702	0.00629	0.00201	0.00800	0.00578	0.00392	0.00943
80	0.08374	0.15014	0.02190	0.05310	0.12520	0.32276	0.01339	0.06622	0.03734	0.01984	0.01110	0.01321	0.00919	0.00673	0.00635	0.00182	0.04130	0.00465	0.00359	0.00842
81	0.02465	0.01763	0.01846	0.01436	0.01930	0.05237	0.01178	0.56925	0.02821	0.10340	0.01683	0.01677	0.01189	0.00786	0.00644	0.00194	0.00705	0.00593	0.05516	0.01072

[dist]
# distance from previous block
# <min> <max>
0	5

[block]
# block no. 3 follows, 33 sequences, length 42
# corresponding to MSA columns:
# 300-314,316-342
name=unknown_D
#
# <colnr> <probs for GDERKNQSTAVLIFYWHMCP>
#	G	D	E	R	K	N	Q	S	T	A	V	L	I	F	Y	W	H	M	C	P
0	0.01692	0.42254	0.24708	0.01511	0.02180	0.10162	0.05397	0.02087	0.01424	0.01751	0.01031	0.01213	0.00850	0.00595	0.00523	0.00169	0.00862	0.00425	0.00290	0.00877
1	0.01144	0.00572	0.00858	0.00858	0.00858	0.00572	0.00572	0.00858	0.00858	0.01144	0.01144	0.02001	0.01144	0.02287	0.02573	0.80846	0.00572	0.00572	0.00286	0.00286
2	0.00969	0.00749	0.01042	0.01137	0.04112	0.00707	0.02871	0.01222	0.01535	0.02032	0.18706	0.20594	0.16102	0.01653	0.00829	0.00254	0.00471	0.23787	0.00614	0.00612
3	0.02954	0.01120	0.01528	0.01171	0.01681	0.00968	0.00968	0.03208	0.01884	0.73213	0.02597	0.02241	0.01630	0.00815	0.00662	0.00204	0.00560	0.00662	0.00815	0.01120
4	0.00870	0.00625	0.00840	0.00987	0.01061	0.00595	0.00727	0.01036	0.01336	0.01761	0.03689	0.55825	0.06407	0.01985	0.00857	0.00275	0.00440	0.19520	0.00610	0.00554
5	0.01760	0.77260	0.03450	0.01126	0.01690	0.02605	0.01126	0.01971	0.01338	0.01549	0.00915	0.01056	0.00845	0.00563	0.00422	0.00141	0.00704	0.00352	0.00282	0.00845
6	0.00807	0.00585	0.00765	0.00906	0.00961	0.00543	0.00615	0.00931	0.01286	0.01696	0.03861	0.69052	0.09632	0.02025	0.00837	0.00265	0.00384	0.03698	0.00611	0.00538
7	0.81514	0.01273	0.00968	0.00866	0.01273	0.01477	0.00713	0.01935	0.01120	0.02954	0.00917	0.01069	0.00713	0.00611	0.00407	0.00204	0.00509	0.00356	0.00407	0.00713
8	0.02459	0.03138	0.01866	0.01696	0.02035	0.74221	0.01272	0.02629	0.01866	0.01611	0.01018	0.01187	0.00848	0.00678	0.00594	0.00170	0.01187	0.00424	0.00339	0.00763
9	0.00788	0.00667	0.00681	0.00678	0.00895	0.00560	0.00508	0.00964	0.01524	0.01835	0.10991	0.06242	0.68133	0.01646	0.00778	0.00221	0.00332	0.01376	0.00619	0.00560
10	0.02389	0.01001	0.01314	0.01048	0.01477	0.00863	0.00852	0.02629	0.01806	0.54406	0.07760	0.03234	0.16217	0.01020	0.00693	0.00208	0.00499	0.00842	0.00768	0.00975
11	0.00811	0.00579	0.00772	0.00911	0.00957	0.00540	0.00612	0.00938	0.01300	0.01744	0.08150	0.71733	0.04476	0.02015	0.00836	0.00263	0.00377	0.01827	0.00619	0.00540
12	0.01440	0.01440	0.02016	0.01728	0.01728	0.02016	0.01440	0.01584	0.01008	0.01584	0.00864	0.01440	0.00864	0.01152	0.02160	0.00288	0.75659	0.00576	0.00288	0.00720
13	0.00808	0.00658	0.00715	0.00722	0.00913	0.00565	0.00534	0.00995	0.01539	0.01921	0.18022	0.13574	0.53437	0.01652	0.00784	0.00224	0.00335	0.01406	0.00631	0.00565
14	0.00974	0.00658	0.00775	0.00800	0.00825	0.00658	0.00508	0.01025	0.01050	0.01391	0.02307	0.04823	0.02624	0.64465	0.02947	0.00583	0.00633	0.12088	0.00433	0.00433
15	0.02229	0.01701	0.04413	0.01448	0.01926	0.01782	0.01220	0.54042	0.05115	0.05995	0.01908	0.07307	0.01561	0.00946	0.00687	0.00211	0.00689	0.05139	0.00643	0.01036
16	0.01677	0.11159	0.12938	0.08489	0.13148	0.06459	0.09974	0.10895	0.03172	0.02252	0.01307	0.01655	0.01049	0.00651	0.00619	0.00186	0.00822	0.02317	0.00378	0.10853
17	0.01900	0.02003	0.15184	0.02004	0.14681	0.05703	0.04382	0.23539	0.08865	0.05372	0.01537	0.01715	0.01167	0.02910	0.00721	0.00208	0.00778	0.00585	0.00480	0.06265
18	0.02420	0.01094	0.01410	0.01146	0.01574	0.01022	0.00931	0.02941	0.13042	0.50083	0.09316	0.02718	0.02206	0.00911	0.00675	0.00209	0.00522	0.03052	0.03703	0.01024
19	0.01243	0.01170	0.01975	0.75282	0.04534	0.01463	0.01828	0.01682	0.01316	0.01682	0.01170	0.01755	0.00878	0.00658	0.00658	0.00219	0.00878	0.00585	0.00293	0.00731
20	0.01482	0.04576	0.46089	0.02165	0.16106	0.01556	0.02078	0.07519	0.03694	0.02294	0.03165	0.01600	0.01100	0.00661	0.00628	0.00202	0.00859	0.00541	0.02709	0.00977
21	0.01179	0.03035	0.08138	0.04793	0.10554	0.01125	0.09371	0.01556	0.03153	0.01981	0.11268	0.13647	0.07984	0.01576	0.08664	0.00319	0.04011	0.06441	0.00466	0.00739
22	0.00941	0.00703	0.01044	0.01044	0.01156	0.00815	0.00805	0.01166	0.01054	0.01518	0.01776	0.02659	0.01677	0.07961	0.71275	0.01040	0.01716	0.00716	0.00355	0.00580
23	0.01817	0.71241	0.03321	0.01173	0.01718	0.08420	0.01138	0.02025	0.01381	0.01554	0.00924	0.01067	0.00845	0.00573	0.00436	0.00143	0.00743	0.00358	0.00286	0.00838
24	0.00802	0.00573	0.00764	0.00917	0.00955	0.00535	0.00611	0.00917	0.01260	0.01681	0.03628	0.76434	0.04354	0.02062	0.00840	0.00267	0.00382	0.01872	0.00611	0.00535
25	0.01347	0.07833	0.69256	0.01831	0.02780	0.01593	0.02354	0.02078	0.01387	0.02053	0.01165	0.01370	0.00835	0.00622	0.00613	0.00204	0.00957	0.00478	0.00278	0.00965
26	0.02141	0.01647	0.01762	0.01431	0.01885	0.01843	0.01154	0.45173	0.25951	0.03578	0.02035	0.05020	0.01554	0.00878	0.00670	0.00209	0.00642	0.00697	0.00660	0.01069
27	0.00802	0.00573	0.00764	0.00917	0.00955	0.00535	0.00611	0.00917	0.01260	0.01681	0.03628	0.76434	0.04354	0.02062	0.00840	0.00267	0.00382	0.01872	0.00611	0.00535
28	0.01144	0.00572	0.00858	0.00858	0.00858	0.00572	0.00572	0.00858	0.00858	0.01144	0.01144	0.02001	0.01144	0.02287	0.02573	0.80846	0.00572	0.00572	0.00286	0.00286
29	0.10531	0.01356	0.01546	0.01248	0.01699	0.01405	0.01012	0.24371	0.10323	0.29942	0.02195	0.07960	0.01639	0.00897	0.00650	0.00209	0.00588	0.00717	0.00690	0.01022
30	0.00858	0.00641	0.00798	0.00821	0.00954	0.00580	0.00592	0.01077	0.01598	0.02156	0.36873	0.27468	0.19892	0.01638	0.00797	0.00229	0.00338	0.01445	0.00665	0.00580
31	0.81514	0.01273	0.00968	0.00866	0.01273	0.01477	0.00713	0.01935	0.01120	0.02954	0.00917	0.01069	0.00713	0.00611	0.00407	0.00204	0.00509	0.00356	0.00407	0.00713
32	0.02066	0.01612	0.07514	0.01403	0.04456	0.01438	0.01173	0.30543	0.02188	0.14110	0.03470	0.01827	0.03212	0.00733	0.00618	0.00174	0.00639	0.00579	0.00571	0.21673
33	0.01443	0.07824	0.39006	0.02414	0.17668	0.01606	0.14216	0.02032	0.01435	0.02053	0.01275	0.03746	0.01014	0.00644	0.00650	0.00205	0.00920	0.00591	0.00308	0.00951
34	0.00973	0.00737	0.01055	0.01038	0.01128	0.00861	0.00785	0.01161	0.01037	0.01487	0.01765	0.02822	0.01731	0.17418	0.57442	0.00938	0.05960	0.00742	0.00357	0.00562
35	0.01724	0.71263	0.09134	0.01187	0.01784	0.02518	0.01232	0.01980	0.01342	0.01592	0.00937	0.01083	0.00844	0.00568	0.00439	0.00146	0.00726	0.00363	0.00281	0.00855
36	0.01547	0.16723	0.11269	0.10148	0.11608	0.07416	0.01423	0.06290	0.01548	0.02032	0.05608	0.06783	0.01573	0.00813	0.00651	0.00190	0.02511	0.03402	0.00389	0.08077
37	0.01442	0.01962	0.22262	0.02544	0.27714	0.03350	0.08746	0.01891	0.01447	0.03869	0.01790	0.11676	0.04360	0.00860	0.00732	0.00215	0.03083	0.00778	0.00375	0.00905
38	0.01554	0.01132	0.01242	0.01087	0.01384	0.01211	0.00851	0.24443	0.10651	0.02808	0.05835	0.11736	0.11763	0.01396	0.05974	0.00267	0.00590	0.00913	0.14347	0.00815
39	0.01856	0.02158	0.01998	0.11977	0.07271	0.36256	0.08260	0.02170	0.03546	0.01818	0.06289	0.01971	0.05663	0.00795	0.00741	0.00198	0.05257	0.00621	0.00380	0.00774
40	0.12386	0.04364	0.07588	0.04435	0.32224	0.01532	0.05053	0.04649	0.09054	0.04501	0.01659	0.02022	0.03516	0.00725	0.00632	0.00206	0.00717	0.03379	0.00416	0.00941
41	0.01576	0.04197	0.03670	0.07686	0.12169	0.01374	0.05351	0.10429	0.09871	0.02416	0.03578	0.01711	0.01269	0.00637	0.00594	0.00164	0.00646	0.00549	0.00439	0.31672

[dist]
# distance from previous block
# <min> <max>
1	3

[block]
# block no. 4 follows, 33 sequences, length 8
# corresponding to MSA columns:
# 346-353
name=unknown_E
#
# <colnr> <probs for GDERKNQSTAVLIFYWHMCP>
#	G	D	E	R	K	N	Q	S	T	A	V	L	I	F	Y	W	H	M	C	P
0	0.01215	0.04618	0.07418	0.01107	0.01398	0.03510	0.00928	0.07794	0.01546	0.02102	0.11281	0.27461	0.07098	0.01600	0.06282	0.00277	0.02848	0.01104	0.00522	0.09890
1	0.11252	0.09068	0.08522	0.01062	0.01433	0.04523	0.00942	0.05628	0.05636	0.04974	0.16388	0.08655	0.17202	0.01115	0.00659	0.00206	0.00537	0.00908	0.00542	0.00749
2	0.01734	0.23641	0.28351	0.01803	0.07360	0.07591	0.07603	0.02238	0.03594	0.08342	0.01283	0.01439	0.00974	0.00628	0.00585	0.00187	0.00862	0.00499	0.00352	0.00933
3	0.00902	0.00709	0.00829	0.00862	0.01021	0.00666	0.00624	0.01181	0.06375	0.01822	0.06732	0.29391	0.29159	0.06002	0.05159	0.00307	0.00477	0.03933	0.00585	0.03264
4	0.00930	0.00805	0.04800	0.00960	0.01094	0.00687	0.00754	0.01107	0.01260	0.01663	0.03323	0.25299	0.12131	0.20533	0.07424	0.00421	0.00630	0.15112	0.00519	0.00547
5	0.06123	0.15078	0.23300	0.02054	0.14993	0.03894	0.09265	0.04151	0.01487	0.02085	0.01594	0.02093	0.04589	0.00746	0.00628	0.00202	0.00821	0.05650	0.00356	0.00890
6	0.01856	0.07002	0.02583	0.06801	0.26126	0.05419	0.15485	0.08228	0.03954	0.11007	0.01547	0.04329	0.01227	0.00695	0.00667	0.00202	0.00815	0.00660	0.00434	0.00963
7	0.01217	0.01101	0.01643	0.01404	0.01558	0.01311	0.07121	0.01426	0.01101	0.01629	0.01381	0.02185	0.01330	0.11091	0.26560	0.00567	0.28102	0.00664	0.00337	0.08273

[dist]
# distance from previous block
# <min> <max>
3	30

# created by:
# /home/cegg/simao/soft/augustus-3.2.1/scripts/msa2prfl.pl ./align_prep/EOG090W0ALP.fa
