[name]
unknown

[dist]
# distance from previous block
# <min> <max>
4	53

[block]
# block no. 0 follows, 23 sequences, length 15
# corresponding to MSA columns:
# 55-69
name=unknown_A
#
# <colnr> <probs for GDERKNQSTAVLIFYWHMCP>
#	G	D	E	R	K	N	Q	S	T	A	V	L	I	F	Y	W	H	M	C	P
0	0.10276	0.02128	0.15884	0.07008	0.05817	0.01722	0.06840	0.09849	0.09279	0.05563	0.02546	0.06026	0.06772	0.01037	0.00790	0.00259	0.00856	0.00872	0.05396	0.01079
1	0.01878	0.06580	0.22291	0.02375	0.09754	0.05175	0.09570	0.07610	0.09515	0.02783	0.04140	0.10597	0.02029	0.01056	0.00830	0.00260	0.00981	0.00930	0.00526	0.01119
2	0.01135	0.00822	0.00993	0.01052	0.01137	0.00814	0.00694	0.01379	0.05236	0.02026	0.06948	0.30841	0.08930	0.27830	0.05999	0.00542	0.00685	0.01641	0.00651	0.00646
3	0.05387	0.01621	0.08607	0.01515	0.05523	0.04999	0.01214	0.02234	0.10374	0.06794	0.14799	0.08478	0.22332	0.01468	0.00870	0.00264	0.00648	0.01230	0.00705	0.00938
4	0.02138	0.10544	0.13884	0.06617	0.15508	0.14157	0.07231	0.07510	0.02029	0.02589	0.05089	0.02015	0.01510	0.00863	0.00880	0.00242	0.04956	0.00695	0.00445	0.01098
5	0.02248	0.08157	0.06603	0.06099	0.05625	0.22641	0.10639	0.06191	0.06014	0.02407	0.01673	0.05936	0.01454	0.00992	0.01028	0.00255	0.09781	0.00770	0.00464	0.01023
6	0.01018	0.00784	0.00991	0.04446	0.01376	0.00730	0.00790	0.01212	0.01688	0.02181	0.09313	0.45511	0.22481	0.02262	0.00998	0.00306	0.00479	0.02006	0.00743	0.00685
7	0.01429	0.01122	0.01512	0.01508	0.04759	0.01197	0.03643	0.05331	0.05298	0.02489	0.08353	0.21725	0.06913	0.09878	0.07419	0.00432	0.06956	0.01351	0.07870	0.00814
8	0.01852	0.08845	0.17750	0.04966	0.09684	0.01911	0.01825	0.12883	0.01992	0.02730	0.02294	0.04692	0.07292	0.06072	0.05014	0.00353	0.07458	0.00841	0.00498	0.01047
9	0.01411	0.01308	0.06890	0.01501	0.01776	0.01196	0.06368	0.01708	0.01455	0.05227	0.02612	0.06486	0.06243	0.17870	0.28817	0.00801	0.06030	0.01022	0.00494	0.00784
10	0.01028	0.00733	0.00919	0.01051	0.01107	0.00689	0.00685	0.01144	0.01497	0.01973	0.04364	0.51487	0.09832	0.17497	0.01702	0.00424	0.00535	0.02013	0.00696	0.00625
11	0.01840	0.01485	0.01926	0.01645	0.02065	0.01582	0.07938	0.06460	0.29792	0.06675	0.11612	0.09138	0.07323	0.01589	0.04843	0.00334	0.00765	0.01141	0.00765	0.01083
12	0.31271	0.06070	0.07433	0.05748	0.10868	0.05554	0.03814	0.02288	0.01629	0.02851	0.01884	0.06369	0.04952	0.00931	0.00680	0.00244	0.00813	0.00725	0.00479	0.05396
13	0.01915	0.04044	0.09356	0.05992	0.10889	0.09018	0.01523	0.05294	0.01910	0.06312	0.07261	0.02787	0.05566	0.03383	0.04768	0.04114	0.00933	0.00792	0.03852	0.10291
14	0.06687	0.11327	0.11479	0.05705	0.02389	0.07688	0.01490	0.08191	0.04772	0.12098	0.02262	0.05020	0.04768	0.04492	0.00905	0.00258	0.00866	0.00765	0.00579	0.08259

[dist]
# distance from previous block
# <min> <max>
0	17

[block]
# block no. 1 follows, 23 sequences, length 10
# corresponding to MSA columns:
# 97-106
name=unknown_B
#
# <colnr> <probs for GDERKNQSTAVLIFYWHMCP>
#	G	D	E	R	K	N	Q	S	T	A	V	L	I	F	Y	W	H	M	C	P
0	0.04872	0.04429	0.02359	0.05364	0.11508	0.14858	0.06615	0.06314	0.04930	0.05894	0.03415	0.02319	0.01622	0.03545	0.03371	0.00298	0.06760	0.00740	0.09774	0.01013
1	0.15681	0.05786	0.01853	0.05583	0.02071	0.01790	0.03278	0.14717	0.13778	0.03359	0.05045	0.05244	0.02076	0.05607	0.00946	0.00282	0.00712	0.00828	0.10347	0.01018
2	0.02204	0.06527	0.04328	0.01763	0.04348	0.15461	0.01376	0.12484	0.18229	0.02961	0.02305	0.08175	0.01963	0.01372	0.04913	0.00304	0.00959	0.00845	0.04173	0.05309
3	0.01455	0.01053	0.01418	0.07016	0.07064	0.01037	0.01065	0.05427	0.01940	0.06759	0.15992	0.25717	0.13632	0.05317	0.01101	0.00308	0.00592	0.01545	0.00726	0.00838
4	0.01030	0.00812	0.00912	0.00909	0.01122	0.00713	0.00663	0.01268	0.01911	0.02448	0.24201	0.12294	0.40174	0.06508	0.01171	0.00307	0.00432	0.01656	0.00777	0.00694
5	0.01928	0.01675	0.02732	0.28947	0.28586	0.01899	0.02189	0.02375	0.01714	0.07661	0.01567	0.02096	0.01236	0.00880	0.01075	0.00269	0.10924	0.00728	0.00429	0.01089
6	0.01445	0.01275	0.01531	0.01741	0.11417	0.06574	0.01094	0.01740	0.01850	0.02484	0.22971	0.08145	0.09235	0.10627	0.10093	0.00450	0.00864	0.01178	0.00628	0.04657
7	0.02027	0.02374	0.06287	0.02060	0.02390	0.21473	0.09187	0.04365	0.01823	0.02213	0.01997	0.16989	0.02037	0.01349	0.01344	0.00286	0.19371	0.01031	0.00483	0.00914
8	0.02757	0.06555	0.02466	0.07911	0.05696	0.26476	0.01627	0.19181	0.04554	0.08200	0.01675	0.01846	0.01275	0.00916	0.00882	0.00238	0.05406	0.00648	0.00570	0.01120
9	0.06932	0.20515	0.16665	0.09114	0.13774	0.06157	0.01940	0.05107	0.01804	0.02470	0.01620	0.07410	0.01448	0.00905	0.00719	0.00236	0.00965	0.00722	0.00426	0.01069

[dist]
# distance from previous block
# <min> <max>
0	3

[block]
# block no. 2 follows, 23 sequences, length 14
# corresponding to MSA columns:
# 110-123
name=unknown_C
#
# <colnr> <probs for GDERKNQSTAVLIFYWHMCP>
#	G	D	E	R	K	N	Q	S	T	A	V	L	I	F	Y	W	H	M	C	P
0	0.01980	0.02010	0.07586	0.03821	0.08191	0.05836	0.10164	0.10093	0.10545	0.04601	0.06437	0.05230	0.06270	0.01176	0.01089	0.00277	0.09280	0.03745	0.00597	0.01072
1	0.01972	0.01744	0.01815	0.01595	0.01902	0.14979	0.06525	0.04304	0.04544	0.06211	0.07635	0.08853	0.02635	0.03979	0.01090	0.00276	0.06641	0.04934	0.17471	0.00893
2	0.57698	0.01810	0.09204	0.01214	0.01782	0.01705	0.01128	0.02455	0.01501	0.07026	0.01411	0.01587	0.01059	0.00785	0.00558	0.00247	0.00680	0.00506	0.06709	0.00936
3	0.02123	0.46288	0.16258	0.01815	0.02617	0.02695	0.09209	0.02569	0.01734	0.06022	0.01378	0.01576	0.01120	0.00726	0.00639	0.00206	0.00981	0.00552	0.00393	0.01098
4	0.01352	0.00831	0.01038	0.01067	0.01224	0.00759	0.00740	0.01519	0.01690	0.09967	0.09634	0.35853	0.14417	0.14212	0.01529	0.00385	0.00536	0.01766	0.00750	0.00730
5	0.02157	0.01611	0.01804	0.01538	0.01953	0.01783	0.01217	0.27695	0.16295	0.03704	0.07065	0.07316	0.02466	0.01919	0.10151	0.03106	0.00912	0.00949	0.05257	0.01103
6	0.01424	0.00863	0.01028	0.00982	0.01130	0.00807	0.00655	0.01558	0.01606	0.09868	0.12432	0.10835	0.13374	0.37018	0.02551	0.00532	0.00636	0.01349	0.00671	0.00681
7	0.01872	0.01435	0.01928	0.01712	0.06615	0.01302	0.05297	0.09534	0.02045	0.07940	0.05253	0.09001	0.06137	0.01319	0.03203	0.00260	0.00757	0.05837	0.00629	0.27926
8	0.08429	0.01903	0.01780	0.08126	0.02246	0.15152	0.01255	0.10710	0.05894	0.09429	0.04265	0.06425	0.04030	0.06130	0.01056	0.00283	0.02692	0.00852	0.06169	0.03173
9	0.02026	0.01865	0.02079	0.05224	0.10729	0.11000	0.03326	0.13859	0.05568	0.03005	0.10467	0.03356	0.11466	0.01185	0.00981	0.00254	0.06504	0.00947	0.05141	0.01017
10	0.01588	0.01062	0.01353	0.06767	0.01785	0.01002	0.00960	0.04653	0.01778	0.10247	0.05351	0.23912	0.10516	0.10362	0.03908	0.00366	0.00682	0.01371	0.00675	0.11662
11	0.01772	0.11995	0.11336	0.04830	0.14347	0.03768	0.01624	0.04191	0.03348	0.02575	0.05963	0.02778	0.09447	0.00947	0.00738	0.00214	0.00804	0.00779	0.02939	0.15603
12	0.02173	0.02134	0.09676	0.01625	0.02118	0.13265	0.01409	0.09946	0.10465	0.10868	0.06410	0.06264	0.08353	0.01811	0.09405	0.00387	0.01041	0.00940	0.00660	0.01050
13	0.01526	0.00803	0.01143	0.01102	0.01201	0.00759	0.00761	0.01329	0.01246	0.05935	0.01902	0.10729	0.01914	0.02505	0.02571	0.56637	0.00668	0.00890	0.00453	0.05924

[dist]
# distance from previous block
# <min> <max>
7	58

[block]
# block no. 3 follows, 23 sequences, length 11
# corresponding to MSA columns:
# 191-201
name=unknown_D
#
# <colnr> <probs for GDERKNQSTAVLIFYWHMCP>
#	G	D	E	R	K	N	Q	S	T	A	V	L	I	F	Y	W	H	M	C	P
0	0.04718	0.02158	0.14698	0.10024	0.19643	0.01779	0.05970	0.11370	0.02070	0.06025	0.02238	0.09064	0.04614	0.01032	0.00829	0.00261	0.00937	0.00912	0.00531	0.01130
1	0.02512	0.08685	0.08961	0.04305	0.09765	0.26175	0.01703	0.05504	0.09750	0.08819	0.01827	0.02065	0.01438	0.03958	0.00900	0.00255	0.01089	0.00666	0.00527	0.01096
2	0.01648	0.01049	0.01281	0.01213	0.01311	0.04691	0.00858	0.07401	0.01417	0.01842	0.01509	0.02411	0.01431	0.02761	0.07492	0.59184	0.00872	0.00709	0.00407	0.00514
3	0.02403	0.05478	0.06349	0.04213	0.05926	0.09727	0.01466	0.16315	0.02320	0.12354	0.02163	0.04638	0.03814	0.01188	0.04022	0.00271	0.00937	0.00746	0.00617	0.15053
4	0.01121	0.00830	0.01028	0.01087	0.01221	0.00799	0.00773	0.01427	0.04776	0.02348	0.17520	0.30008	0.13297	0.11836	0.03952	0.00406	0.00578	0.05553	0.00738	0.00700
5	0.01777	0.01577	0.02253	0.07529	0.17836	0.01554	0.03737	0.06124	0.04527	0.02712	0.04686	0.08936	0.01964	0.00992	0.00909	0.00224	0.05751	0.00850	0.00522	0.25539
6	0.01084	0.01120	0.07483	0.01106	0.01371	0.00817	0.00917	0.01367	0.01798	0.02370	0.17618	0.25987	0.26021	0.05802	0.01137	0.00314	0.00522	0.01706	0.00726	0.00733
7	0.06127	0.08854	0.18653	0.04825	0.02787	0.04327	0.12107	0.05269	0.04280	0.08157	0.05933	0.02302	0.01742	0.00886	0.00817	0.00246	0.02892	0.00748	0.07974	0.01073
8	0.02070	0.04700	0.07653	0.18771	0.23308	0.07935	0.02013	0.06723	0.04817	0.06070	0.01737	0.02267	0.01407	0.05906	0.01027	0.00285	0.01005	0.00731	0.00474	0.01102
9	0.08259	0.01173	0.05836	0.01104	0.01439	0.01000	0.00938	0.01918	0.01735	0.09063	0.08171	0.07211	0.14508	0.02096	0.11731	0.00415	0.00794	0.01049	0.20723	0.00839
10	0.01862	0.08505	0.04961	0.01790	0.08991	0.01656	0.01308	0.10709	0.14104	0.05477	0.06301	0.13892	0.09341	0.03837	0.00951	0.00278	0.00694	0.01136	0.03165	0.01042

[dist]
# distance from previous block
# <min> <max>
0	1

[block]
# block no. 4 follows, 23 sequences, length 25
# corresponding to MSA columns:
# 203-215,219-230
name=unknown_E
#
# <colnr> <probs for GDERKNQSTAVLIFYWHMCP>
#	G	D	E	R	K	N	Q	S	T	A	V	L	I	F	Y	W	H	M	C	P
0	0.01175	0.01326	0.10199	0.01518	0.06248	0.00964	0.01194	0.01496	0.01700	0.02266	0.07289	0.31125	0.19215	0.02223	0.05259	0.00361	0.00709	0.04278	0.00657	0.00797
1	0.02094	0.05255	0.09552	0.06916	0.02812	0.16867	0.12241	0.02739	0.08901	0.06643	0.05357	0.05239	0.06493	0.01016	0.00821	0.00246	0.01023	0.00876	0.00546	0.04365
2	0.02269	0.02626	0.06665	0.14565	0.20073	0.25418	0.01964	0.06008	0.02050	0.02421	0.01549	0.04586	0.01314	0.00864	0.00778	0.00234	0.01137	0.00697	0.00437	0.04343
3	0.02005	0.14218	0.30423	0.02311	0.09676	0.08948	0.02211	0.08140	0.01938	0.02587	0.01590	0.05685	0.01345	0.00915	0.00848	0.00245	0.04666	0.00695	0.00425	0.01126
4	0.01781	0.08122	0.02448	0.44096	0.06504	0.06672	0.01907	0.05728	0.01857	0.02375	0.05689	0.02313	0.01579	0.00871	0.00775	0.00249	0.00992	0.00731	0.04371	0.00942
5	0.01618	0.00958	0.01235	0.01132	0.01410	0.00929	0.00879	0.02002	0.04005	0.13900	0.23390	0.04690	0.13418	0.02602	0.17267	0.00507	0.00885	0.01166	0.07139	0.00867
6	0.01778	0.01407	0.05438	0.01477	0.01757	0.01431	0.03686	0.06502	0.01788	0.07706	0.06289	0.06611	0.02277	0.04507	0.07012	0.00372	0.15876	0.00906	0.22279	0.00900
7	0.01010	0.00760	0.00921	0.01013	0.01142	0.00687	0.00701	0.01192	0.01713	0.02227	0.13063	0.40904	0.23432	0.05887	0.01165	0.00328	0.00459	0.01969	0.00757	0.00671
8	0.01513	0.01229	0.01747	0.09010	0.08852	0.01425	0.01278	0.04852	0.01464	0.02042	0.01901	0.03253	0.01896	0.23489	0.16021	0.05592	0.12338	0.00888	0.00442	0.00770
9	0.01046	0.00730	0.00925	0.01056	0.01089	0.00697	0.00675	0.01145	0.01442	0.01922	0.03898	0.51278	0.04642	0.23207	0.01963	0.00467	0.00565	0.01969	0.00675	0.00609
10	0.02317	0.22520	0.06430	0.02512	0.11550	0.23437	0.12741	0.02700	0.01923	0.02189	0.01366	0.01693	0.01143	0.00928	0.03017	0.00254	0.01220	0.00618	0.00391	0.01049
11	0.01580	0.01495	0.02499	0.61336	0.09818	0.01847	0.02246	0.02097	0.01619	0.02109	0.01429	0.02132	0.01096	0.00837	0.00907	0.00273	0.04669	0.00721	0.00363	0.00929
12	0.04905	0.02033	0.08674	0.01976	0.08312	0.06018	0.01559	0.12339	0.09245	0.03065	0.08394	0.02861	0.04951	0.01094	0.01022	0.00252	0.09247	0.02940	0.00595	0.10519
13	0.02255	0.09467	0.02423	0.04945	0.04751	0.01880	0.04134	0.13094	0.02083	0.12984	0.02016	0.08562	0.01719	0.01075	0.01068	0.00244	0.11862	0.00825	0.00601	0.14012
14	0.01823	0.01066	0.01277	0.01154	0.01499	0.01002	0.00904	0.02364	0.09696	0.17992	0.17695	0.07385	0.21077	0.01553	0.00891	0.00266	0.00518	0.04586	0.06305	0.00947
15	0.01193	0.00902	0.01008	0.00987	0.01175	0.00863	0.00707	0.04705	0.01721	0.02188	0.07591	0.06360	0.31193	0.24733	0.06866	0.00518	0.00708	0.05258	0.00654	0.00671
16	0.02227	0.04477	0.04682	0.13700	0.13046	0.06053	0.08258	0.05124	0.07816	0.13453	0.01967	0.02246	0.01478	0.01159	0.04628	0.00310	0.04255	0.00753	0.00553	0.03815
17	0.02076	0.01880	0.01855	0.01660	0.01984	0.16379	0.03933	0.07612	0.08856	0.06760	0.05440	0.09490	0.02536	0.05450	0.08020	0.00401	0.05359	0.05702	0.03661	0.00944
18	0.12133	0.01222	0.01322	0.01179	0.01531	0.01262	0.00912	0.06699	0.11636	0.10849	0.15880	0.06753	0.10384	0.05366	0.00992	0.00285	0.00558	0.01080	0.09010	0.00947
19	0.00994	0.00773	0.00887	0.00961	0.01121	0.00684	0.00671	0.01167	0.01705	0.02150	0.08869	0.33486	0.34560	0.06673	0.01193	0.00329	0.00458	0.01912	0.00743	0.00666
20	0.10584	0.02076	0.02738	0.05021	0.20190	0.06201	0.09115	0.19861	0.06060	0.07603	0.01807	0.02017	0.01356	0.00842	0.00789	0.00248	0.00955	0.00727	0.00592	0.01217
21	0.06110	0.02228	0.11341	0.07935	0.08525	0.05767	0.07191	0.11000	0.14670	0.07983	0.02117	0.04849	0.01648	0.00973	0.00890	0.00264	0.03946	0.00808	0.00594	0.01161
22	0.01858	0.01045	0.01334	0.01308	0.05617	0.00934	0.00921	0.02149	0.02034	0.20500	0.18209	0.05244	0.24466	0.05148	0.01051	0.00283	0.00536	0.01263	0.05171	0.00929
23	0.01359	0.01256	0.05395	0.01213	0.01481	0.05695	0.00969	0.01608	0.01802	0.06343	0.07505	0.32225	0.23449	0.02006	0.00959	0.00293	0.00594	0.04348	0.00724	0.00777
24	0.07378	0.02270	0.19761	0.05190	0.09683	0.04063	0.01778	0.07088	0.06417	0.07551	0.02313	0.06130	0.05024	0.05635	0.01160	0.05239	0.00896	0.00845	0.00538	0.01041

[dist]
# distance from previous block
# <min> <max>
2	6

[block]
# block no. 5 follows, 23 sequences, length 7
# corresponding to MSA columns:
# 237-243
name=unknown_F
#
# <colnr> <probs for GDERKNQSTAVLIFYWHMCP>
#	G	D	E	R	K	N	Q	S	T	A	V	L	I	F	Y	W	H	M	C	P
0	0.01192	0.06604	0.01288	0.01100	0.01230	0.01011	0.00786	0.01345	0.01394	0.01856	0.03218	0.20531	0.07810	0.25200	0.21070	0.00734	0.01083	0.01344	0.00547	0.00658
1	0.43089	0.06407	0.01637	0.01255	0.01735	0.01784	0.01033	0.06897	0.01689	0.08476	0.01711	0.08442	0.01499	0.00989	0.00733	0.00249	0.04522	0.00695	0.00570	0.06586
2	0.01917	0.02192	0.08623	0.17324	0.13514	0.08116	0.16083	0.05372	0.01854	0.02453	0.01630	0.05726	0.01385	0.00941	0.01062	0.00272	0.09236	0.00832	0.00425	0.01043
3	0.01929	0.01717	0.05448	0.09306	0.07038	0.08058	0.01390	0.06775	0.04969	0.09161	0.02815	0.09987	0.07706	0.14088	0.01558	0.00363	0.05124	0.01041	0.00589	0.00937
4	0.01843	0.02039	0.11224	0.02372	0.15458	0.06506	0.04696	0.04627	0.04175	0.04815	0.02330	0.12378	0.04298	0.04583	0.01080	0.00275	0.04634	0.00969	0.00525	0.11173
5	0.02077	0.04222	0.02126	0.07173	0.13541	0.07219	0.01472	0.12758	0.07313	0.07048	0.02795	0.14806	0.06624	0.01240	0.00831	0.00252	0.00805	0.01056	0.00634	0.06009
6	0.02243	0.05801	0.10064	0.04283	0.07200	0.15453	0.01527	0.02856	0.09868	0.12482	0.05371	0.06026	0.02123	0.05904	0.01012	0.00280	0.00916	0.00840	0.04699	0.01051

[dist]
# distance from previous block
# <min> <max>
6	22

[block]
# block no. 6 follows, 23 sequences, length 33
# corresponding to MSA columns:
# 266-274,276-299
name=unknown_G
#
# <colnr> <probs for GDERKNQSTAVLIFYWHMCP>
#	G	D	E	R	K	N	Q	S	T	A	V	L	I	F	Y	W	H	M	C	P
0	0.01875	0.12314	0.10691	0.01721	0.05402	0.04688	0.05227	0.07582	0.04694	0.02882	0.10321	0.02552	0.02228	0.00910	0.00719	0.00212	0.00784	0.00750	0.12959	0.11490
1	0.05649	0.29522	0.05874	0.07523	0.02268	0.02197	0.01353	0.08542	0.05222	0.02587	0.05262	0.02188	0.01698	0.04356	0.00927	0.03559	0.00802	0.00651	0.04402	0.05417
2	0.05381	0.10039	0.19848	0.03879	0.02632	0.10652	0.05041	0.05859	0.06210	0.08601	0.06617	0.02305	0.01818	0.03292	0.00870	0.00255	0.00977	0.00716	0.00535	0.04475
3	0.05309	0.10018	0.13949	0.02262	0.10742	0.07888	0.06347	0.11787	0.07943	0.02901	0.02223	0.08744	0.04342	0.01039	0.00791	0.00250	0.00944	0.00869	0.00541	0.01111
4	0.05942	0.05643	0.08561	0.02081	0.05669	0.02033	0.10083	0.28182	0.02569	0.03546	0.01985	0.02785	0.01678	0.05224	0.01133	0.03915	0.00947	0.06298	0.00608	0.01118
5	0.02100	0.28111	0.22538	0.01813	0.02582	0.05451	0.01894	0.08965	0.11777	0.02668	0.01652	0.01783	0.01296	0.00840	0.00756	0.00229	0.03319	0.00603	0.00471	0.01151
6	0.01012	0.00743	0.00955	0.01102	0.01197	0.00685	0.00768	0.01190	0.01655	0.02177	0.08501	0.54869	0.13864	0.02407	0.01026	0.00320	0.00474	0.05622	0.00761	0.00674
7	0.02222	0.01846	0.02071	0.08179	0.02541	0.02143	0.01464	0.18574	0.40796	0.03620	0.02683	0.02619	0.02006	0.01058	0.00911	0.00271	0.04147	0.00843	0.00755	0.01252
8	0.09719	0.06157	0.11024	0.01763	0.05208	0.08285	0.01477	0.04540	0.13093	0.02567	0.02004	0.05252	0.01743	0.04779	0.11740	0.04311	0.04071	0.00782	0.00512	0.00973
9	0.01351	0.01053	0.01601	0.03591	0.01757	0.01071	0.08463	0.01721	0.05786	0.04057	0.05129	0.23241	0.03318	0.19830	0.13696	0.00599	0.00995	0.01390	0.00595	0.00757
10	0.01532	0.01442	0.02434	0.69533	0.05589	0.01803	0.02253	0.02073	0.01622	0.02073	0.01442	0.02163	0.01082	0.00811	0.00811	0.00270	0.01082	0.00721	0.00361	0.00901
11	0.01631	0.00997	0.01391	0.01305	0.01557	0.00925	0.04117	0.04447	0.01934	0.14237	0.13269	0.39077	0.07942	0.01942	0.00966	0.00295	0.00559	0.01742	0.00804	0.00861
12	0.01858	0.08123	0.02990	0.18883	0.26303	0.01989	0.07440	0.05837	0.01816	0.02474	0.01652	0.05388	0.01439	0.01165	0.04429	0.00312	0.05598	0.00801	0.00428	0.01076
13	0.01220	0.01151	0.04493	0.04996	0.01902	0.01064	0.06818	0.01526	0.01663	0.02230	0.07600	0.30144	0.12180	0.02379	0.08199	0.00414	0.04379	0.06236	0.00636	0.00771
14	0.01081	0.00845	0.00991	0.01069	0.01236	0.00796	0.00757	0.01451	0.07399	0.02300	0.09218	0.40177	0.25297	0.02200	0.00987	0.00302	0.00461	0.01936	0.00768	0.00730
15	0.01724	0.01701	0.05211	0.13699	0.14223	0.01818	0.08770	0.05198	0.05322	0.02443	0.01840	0.02661	0.01592	0.01961	0.13727	0.00476	0.12186	0.03988	0.00455	0.01005
16	0.04297	0.19919	0.15775	0.07754	0.05559	0.08045	0.04973	0.06435	0.07615	0.02527	0.01685	0.05185	0.01423	0.00917	0.00830	0.00243	0.04576	0.00707	0.00457	0.01077
17	0.01399	0.00967	0.01132	0.01047	0.01326	0.00904	0.00792	0.01889	0.08412	0.08636	0.30874	0.06032	0.26856	0.04819	0.01074	0.00287	0.00465	0.01425	0.00830	0.00834
18	0.01672	0.01136	0.01343	0.01257	0.01553	0.01141	0.00948	0.06397	0.14523	0.10365	0.17239	0.23245	0.12444	0.01725	0.00927	0.00281	0.00533	0.01500	0.00830	0.00941
19	0.01854	0.02000	0.13427	0.07785	0.19324	0.01605	0.10063	0.05299	0.01936	0.07444	0.05634	0.09134	0.05117	0.01061	0.00846	0.00259	0.00910	0.00978	0.04237	0.01088
20	0.02596	0.03133	0.02434	0.17104	0.09943	0.46725	0.01815	0.02906	0.02104	0.02075	0.01324	0.01674	0.01079	0.00819	0.00757	0.00226	0.01327	0.00587	0.00404	0.00969
21	0.01183	0.00794	0.00974	0.01016	0.01184	0.00723	0.00728	0.01428	0.01850	0.05173	0.20641	0.32061	0.18141	0.02001	0.00946	0.00283	0.00436	0.01761	0.07946	0.00731
22	0.01087	0.00764	0.00914	0.00997	0.01117	0.00709	0.00690	0.01277	0.01656	0.02246	0.10075	0.34586	0.17469	0.11115	0.01367	0.00357	0.00491	0.03719	0.08697	0.00665
23	0.09669	0.11806	0.11546	0.12541	0.07920	0.05430	0.04427	0.02755	0.07046	0.12157	0.01966	0.05945	0.01569	0.00924	0.00751	0.00249	0.00916	0.00757	0.00536	0.01091
24	0.01459	0.01035	0.01505	0.01517	0.04812	0.01069	0.04183	0.01778	0.03766	0.07237	0.06583	0.23466	0.03339	0.10535	0.16690	0.00577	0.04011	0.01347	0.04284	0.00808
25	0.02239	0.01727	0.02313	0.01887	0.02272	0.05553	0.10415	0.13336	0.02128	0.12097	0.02296	0.09397	0.01995	0.01238	0.01236	0.00280	0.15699	0.03788	0.09069	0.01035
26	0.40254	0.09605	0.01960	0.01518	0.04559	0.08842	0.01190	0.11338	0.05116	0.03392	0.01401	0.01554	0.01099	0.00796	0.00606	0.00232	0.00791	0.00527	0.00532	0.04689
27	0.05676	0.04545	0.01558	0.01414	0.04742	0.01279	0.01015	0.06814	0.01596	0.05401	0.02256	0.03042	0.05400	0.09209	0.17615	0.17878	0.03921	0.00830	0.05046	0.00763
28	0.01898	0.09057	0.05576	0.12817	0.10473	0.08490	0.05620	0.02526	0.09330	0.05074	0.05694	0.02868	0.07925	0.01284	0.04321	0.00306	0.04349	0.00849	0.00523	0.01021
29	0.01443	0.01459	0.05164	0.01467	0.04366	0.07563	0.01134	0.01835	0.03857	0.02618	0.24591	0.13186	0.13524	0.01614	0.00999	0.00269	0.03934	0.05567	0.00698	0.04713
30	0.05391	0.07797	0.08430	0.01499	0.01965	0.01626	0.03405	0.15481	0.05118	0.03267	0.19522	0.10671	0.03532	0.01543	0.04421	0.00309	0.00780	0.01075	0.03175	0.00993
31	0.06110	0.13851	0.10861	0.02191	0.09582	0.19542	0.04400	0.02721	0.04482	0.05077	0.04753	0.01935	0.01512	0.00862	0.00831	0.00228	0.04987	0.00640	0.00464	0.04971
32	0.09225	0.11558	0.11137	0.01825	0.04441	0.13467	0.01588	0.05927	0.13571	0.06075	0.01782	0.01899	0.01381	0.00874	0.00818	0.00232	0.04982	0.00626	0.00533	0.08058

[dist]
# distance from previous block
# <min> <max>
6	35

[block]
# block no. 7 follows, 23 sequences, length 17
# corresponding to MSA columns:
# 338-354
name=unknown_H
#
# <colnr> <probs for GDERKNQSTAVLIFYWHMCP>
#	G	D	E	R	K	N	Q	S	T	A	V	L	I	F	Y	W	H	M	C	P
0	0.01980	0.01736	0.04697	0.04333	0.05842	0.04477	0.06213	0.15707	0.02325	0.06393	0.09752	0.03911	0.13165	0.01261	0.00960	0.00259	0.04336	0.05377	0.00661	0.06614
1	0.06150	0.14079	0.15180	0.09241	0.11427	0.05431	0.08287	0.06452	0.01873	0.02606	0.01558	0.04667	0.01305	0.00822	0.00738	0.00231	0.00995	0.00695	0.00433	0.07831
2	0.06749	0.15674	0.14172	0.02081	0.10222	0.10253	0.01726	0.09138	0.02062	0.07798	0.04726	0.05366	0.01704	0.00920	0.00729	0.00229	0.00934	0.00716	0.00524	0.04278
3	0.12403	0.08910	0.07683	0.04815	0.05391	0.25220	0.06953	0.10690	0.05683	0.02808	0.01498	0.01713	0.01172	0.00821	0.00727	0.00233	0.01116	0.00613	0.00487	0.01063
4	0.06210	0.08222	0.05357	0.04964	0.02102	0.01749	0.01349	0.11347	0.03880	0.09798	0.02068	0.05110	0.01722	0.02215	0.16554	0.00498	0.08514	0.00790	0.06552	0.01000
5	0.01787	0.01858	0.09631	0.05565	0.13412	0.05883	0.01568	0.05447	0.06676	0.05910	0.14394	0.03786	0.12231	0.04278	0.01069	0.00281	0.03579	0.01016	0.00619	0.01008
6	0.01600	0.01675	0.08476	0.24963	0.07459	0.01613	0.04339	0.02491	0.15172	0.02615	0.08136	0.09804	0.02485	0.01121	0.00841	0.00269	0.00844	0.00995	0.04101	0.01001
7	0.01257	0.00831	0.01063	0.01094	0.01275	0.00802	0.00815	0.01509	0.01709	0.06175	0.10748	0.24563	0.16356	0.02842	0.15036	0.00499	0.00823	0.04057	0.07803	0.00745
8	0.01378	0.01160	0.01353	0.04776	0.05469	0.04419	0.01004	0.04847	0.04911	0.02590	0.18553	0.23384	0.15740	0.05348	0.01100	0.00304	0.00596	0.01537	0.00721	0.00810
9	0.01486	0.00762	0.00781	0.00776	0.00965	0.00757	0.00582	0.01864	0.01746	0.03042	0.07338	0.03250	0.02493	0.00998	0.00596	0.00194	0.00378	0.00809	0.70427	0.00757
10	0.71379	0.01750	0.01280	0.01148	0.01643	0.07045	0.00933	0.02452	0.01453	0.03510	0.01140	0.01330	0.00892	0.00760	0.00520	0.00248	0.00693	0.00446	0.00496	0.00884
11	0.01604	0.01178	0.01386	0.01161	0.01554	0.01074	0.00892	0.07215	0.05344	0.06310	0.26542	0.04418	0.10981	0.06809	0.01091	0.00265	0.00545	0.01099	0.00738	0.19792
12	0.01148	0.00829	0.01085	0.01021	0.01212	0.00766	0.00766	0.01531	0.02297	0.03254	0.65994	0.06061	0.07656	0.01659	0.00957	0.00255	0.00383	0.01467	0.00893	0.00766
13	0.01380	0.01210	0.01896	0.07178	0.15486	0.01204	0.06181	0.01806	0.05256	0.02390	0.07376	0.32508	0.09412	0.01708	0.00941	0.00290	0.00689	0.01568	0.00636	0.00886
14	0.06364	0.16128	0.10399	0.01830	0.02438	0.27381	0.01622	0.14095	0.04987	0.02770	0.01700	0.01827	0.03367	0.00875	0.00711	0.00222	0.01101	0.00607	0.00501	0.01075
15	0.08364	0.01982	0.06578	0.01662	0.05325	0.10105	0.01327	0.09573	0.03869	0.08010	0.05390	0.05008	0.03533	0.00977	0.00739	0.00216	0.00796	0.02642	0.02927	0.20975
16	0.08502	0.05588	0.08746	0.10475	0.13204	0.04767	0.06811	0.11950	0.04752	0.02927	0.02417	0.06624	0.07744	0.01034	0.00801	0.00255	0.00914	0.00882	0.00536	0.01071

[dist]
# distance from previous block
# <min> <max>
0	18

[block]
# block no. 8 follows, 23 sequences, length 28
# corresponding to MSA columns:
# 373-400
name=unknown_I
#
# <colnr> <probs for GDERKNQSTAVLIFYWHMCP>
#	G	D	E	R	K	N	Q	S	T	A	V	L	I	F	Y	W	H	M	C	P
0	0.01436	0.01214	0.05589	0.01421	0.01708	0.01033	0.05546	0.01904	0.07804	0.07619	0.06749	0.37327	0.08337	0.05181	0.01114	0.00325	0.00632	0.03490	0.00724	0.00845
1	0.02015	0.01770	0.01892	0.01812	0.05829	0.04104	0.01326	0.06314	0.50545	0.03266	0.03200	0.05662	0.04123	0.01133	0.00826	0.00267	0.00684	0.00949	0.00772	0.03510
2	0.02314	0.01496	0.04817	0.05725	0.02033	0.05943	0.01214	0.06322	0.03565	0.22428	0.05414	0.06287	0.02102	0.01792	0.04342	0.20913	0.00847	0.00860	0.00653	0.00933
3	0.09891	0.10771	0.23206	0.02102	0.05482	0.05534	0.09019	0.07198	0.03845	0.09759	0.01725	0.01997	0.01305	0.03697	0.00882	0.00266	0.01014	0.00673	0.00501	0.01132
4	0.01995	0.12568	0.27459	0.02347	0.03211	0.04834	0.17796	0.10239	0.02055	0.02774	0.01701	0.02293	0.01370	0.00865	0.00811	0.00254	0.01138	0.04709	0.00450	0.01133
5	0.01182	0.00850	0.01227	0.01235	0.01374	0.00969	0.00946	0.01461	0.01342	0.01972	0.02322	0.06036	0.02207	0.08190	0.57367	0.01152	0.01900	0.00932	0.06621	0.00715
6	0.01222	0.00847	0.01027	0.01061	0.01279	0.00763	0.00802	0.01456	0.01822	0.06866	0.10940	0.23816	0.31041	0.02262	0.03744	0.00339	0.00555	0.08645	0.00769	0.00743
7	0.04525	0.01953	0.05079	0.14757	0.23452	0.06430	0.07504	0.04446	0.06059	0.06610	0.01748	0.02167	0.01376	0.01210	0.05685	0.00332	0.04335	0.00745	0.00476	0.01111
8	0.01641	0.07286	0.02185	0.10760	0.09317	0.09122	0.07123	0.01975	0.01754	0.02237	0.02884	0.19832	0.07047	0.01615	0.04017	0.00315	0.00915	0.03628	0.05470	0.00877
9	0.01578	0.01497	0.02523	0.42790	0.14804	0.01716	0.05934	0.02072	0.01727	0.02289	0.06493	0.02779	0.05929	0.00954	0.00907	0.00268	0.03497	0.00855	0.00434	0.00952
10	0.01884	0.01316	0.01691	0.05085	0.02034	0.01332	0.04852	0.13790	0.04748	0.09490	0.04127	0.08222	0.16941	0.01511	0.00901	0.00279	0.00696	0.12351	0.07784	0.00965
11	0.02365	0.16497	0.02725	0.05079	0.08820	0.19283	0.04558	0.05016	0.01993	0.09479	0.02197	0.05086	0.06524	0.01019	0.00891	0.00237	0.05907	0.00776	0.00516	0.01032
12	0.01847	0.23364	0.15944	0.04703	0.11370	0.05092	0.04306	0.02310	0.01703	0.02237	0.01717	0.02597	0.01563	0.01370	0.06352	0.00332	0.04489	0.07259	0.00411	0.01033
13	0.01112	0.00815	0.01068	0.01211	0.01352	0.00771	0.00937	0.01365	0.01764	0.02303	0.09322	0.34651	0.14068	0.02299	0.01050	0.00332	0.00557	0.23561	0.00761	0.00703
14	0.02069	0.02011	0.05791	0.09948	0.17757	0.07261	0.08079	0.09563	0.05822	0.05283	0.02174	0.04770	0.03727	0.01037	0.00968	0.00266	0.05806	0.04045	0.02525	0.01098
15	0.01554	0.01925	0.15377	0.01872	0.07938	0.06704	0.01532	0.01924	0.01733	0.05036	0.05495	0.30411	0.07217	0.01657	0.01025	0.00288	0.05393	0.01416	0.00596	0.00906
16	0.01363	0.01212	0.01376	0.01377	0.01631	0.06431	0.03936	0.01773	0.06053	0.02329	0.05058	0.18600	0.22501	0.01977	0.00998	0.00311	0.00677	0.20904	0.00713	0.00781
17	0.02931	0.01988	0.01902	0.01583	0.02072	0.17146	0.01256	0.12169	0.02420	0.29475	0.06632	0.02604	0.02070	0.01416	0.06301	0.00323	0.00987	0.00779	0.04797	0.01149
18	0.01823	0.05062	0.22028	0.02151	0.02824	0.05047	0.13704	0.06507	0.05011	0.02673	0.02274	0.03169	0.04296	0.01094	0.00999	0.00275	0.06668	0.08811	0.04535	0.01047
19	0.01717	0.06658	0.02738	0.02129	0.02334	0.02187	0.11014	0.02004	0.01421	0.02069	0.01502	0.02449	0.01438	0.01897	0.10424	0.00451	0.41707	0.04561	0.00398	0.00901
20	0.01818	0.01711	0.02891	0.22730	0.44138	0.01812	0.02328	0.02308	0.01786	0.02471	0.01729	0.02635	0.01505	0.00872	0.00831	0.00260	0.00979	0.05643	0.00418	0.01134
21	0.01431	0.01374	0.05570	0.04686	0.01787	0.05740	0.01157	0.04656	0.01543	0.02069	0.02343	0.11662	0.02379	0.16558	0.30368	0.00813	0.03564	0.01047	0.00491	0.00763
22	0.35734	0.01720	0.04863	0.01247	0.01686	0.06950	0.01023	0.06477	0.01707	0.03039	0.05025	0.05750	0.04345	0.11257	0.01157	0.00322	0.00739	0.00773	0.00546	0.05639
23	0.06359	0.09715	0.09367	0.01312	0.01740	0.04517	0.01190	0.06008	0.02024	0.02843	0.20315	0.08824	0.10941	0.01379	0.00818	0.00251	0.00662	0.04037	0.06814	0.00887
24	0.04705	0.02033	0.14758	0.24719	0.03442	0.05146	0.04373	0.05229	0.01889	0.05353	0.06628	0.02879	0.04693	0.00993	0.00800	0.00257	0.00939	0.02982	0.07208	0.00975
25	0.05554	0.17098	0.10126	0.04541	0.06201	0.06147	0.01439	0.02299	0.01896	0.08515	0.14080	0.05307	0.07769	0.01096	0.00759	0.00231	0.00782	0.00885	0.00578	0.04698
26	0.02059	0.11692	0.14362	0.04187	0.14253	0.07288	0.04549	0.06196	0.04279	0.06934	0.05172	0.05058	0.03851	0.00949	0.00771	0.00236	0.00925	0.00794	0.02844	0.03601
27	0.04403	0.07928	0.09935	0.01826	0.04802	0.01715	0.06241	0.07463	0.08181	0.09329	0.05696	0.07234	0.02294	0.04120	0.01040	0.00278	0.04172	0.04878	0.00611	0.07856

[dist]
# distance from previous block
# <min> <max>
2	9

[block]
# block no. 9 follows, 23 sequences, length 26
# corresponding to MSA columns:
# 414-439
name=unknown_J
#
# <colnr> <probs for GDERKNQSTAVLIFYWHMCP>
#	G	D	E	R	K	N	Q	S	T	A	V	L	I	F	Y	W	H	M	C	P
0	0.02029	0.10150	0.16759	0.13600	0.07106	0.01844	0.07196	0.07760	0.01969	0.10316	0.02156	0.04914	0.04137	0.00935	0.00781	0.00248	0.00942	0.00798	0.05264	0.01094
1	0.02272	0.09998	0.07326	0.11730	0.14098	0.11973	0.04915	0.14869	0.02184	0.02804	0.01464	0.01822	0.01169	0.00881	0.00984	0.00249	0.09016	0.00665	0.00466	0.01114
2	0.01028	0.00760	0.00969	0.01111	0.01223	0.00701	0.00794	0.01220	0.01680	0.02191	0.08001	0.48953	0.16655	0.02375	0.01028	0.00321	0.00488	0.09064	0.00759	0.00679
3	0.38728	0.01433	0.01497	0.01234	0.01772	0.01464	0.01013	0.03036	0.01869	0.32260	0.06513	0.02296	0.01854	0.00929	0.00675	0.00251	0.00639	0.00680	0.00756	0.01098
4	0.02183	0.08733	0.15526	0.09005	0.14586	0.09607	0.02039	0.04814	0.01858	0.09669	0.01598	0.01926	0.01243	0.01053	0.03104	0.00287	0.10532	0.00663	0.00460	0.01112
5	0.07423	0.01513	0.01900	0.01499	0.02093	0.01435	0.01243	0.13891	0.02494	0.48546	0.02949	0.02982	0.02022	0.01070	0.00819	0.00258	0.00725	0.04903	0.00926	0.01310
6	0.02990	0.01458	0.01814	0.01449	0.02000	0.01397	0.01177	0.11277	0.10233	0.41754	0.08649	0.03285	0.06490	0.01133	0.00837	0.00255	0.00667	0.00929	0.00932	0.01273
7	0.01709	0.00955	0.01215	0.01090	0.01396	0.00846	0.00838	0.02020	0.02156	0.18596	0.34001	0.10151	0.18530	0.01644	0.00928	0.00263	0.00470	0.01418	0.00881	0.00892
8	0.01835	0.01340	0.01625	0.04390	0.06381	0.01392	0.01187	0.02877	0.24898	0.11344	0.11658	0.04628	0.17255	0.01388	0.00883	0.00272	0.00612	0.04188	0.00788	0.01058
9	0.01125	0.00800	0.00989	0.00996	0.01094	0.00782	0.00670	0.01297	0.01601	0.02179	0.20287	0.14035	0.09903	0.30212	0.09972	0.00599	0.00764	0.01414	0.00650	0.00631
10	0.01911	0.39683	0.34279	0.01829	0.02764	0.02579	0.02155	0.02496	0.01679	0.02224	0.01284	0.01498	0.01035	0.00731	0.00640	0.00213	0.01026	0.00513	0.00345	0.01117
11	0.01104	0.00796	0.01055	0.01220	0.01328	0.00760	0.00919	0.01322	0.01663	0.02177	0.04581	0.42379	0.09251	0.05743	0.01209	0.00363	0.00576	0.22133	0.00739	0.00683
12	0.01032	0.00746	0.00952	0.01100	0.01178	0.00698	0.00756	0.01184	0.01572	0.02061	0.04662	0.52121	0.11644	0.09760	0.01362	0.00375	0.00520	0.06902	0.00725	0.00651
13	0.07461	0.02416	0.17591	0.02120	0.02781	0.02036	0.11438	0.14961	0.05615	0.09214	0.03821	0.02127	0.01509	0.00970	0.01107	0.00273	0.12085	0.00754	0.00567	0.01155
14	0.01608	0.01306	0.01378	0.01250	0.01543	0.06567	0.00955	0.04999	0.12163	0.05540	0.42492	0.04998	0.09018	0.01471	0.00906	0.00255	0.00548	0.01260	0.00837	0.00907
15	0.02121	0.02047	0.02768	0.25165	0.32466	0.12465	0.02184	0.02568	0.01877	0.06403	0.01561	0.02018	0.01226	0.00787	0.00795	0.00246	0.01065	0.00696	0.00429	0.01112
16	0.01646	0.01443	0.01753	0.01409	0.01845	0.01434	0.01125	0.04253	0.04526	0.02497	0.02345	0.05698	0.08285	0.03579	0.01282	0.00236	0.16788	0.00800	0.00521	0.38535
17	0.05270	0.02027	0.02159	0.06037	0.02414	0.08395	0.01487	0.27120	0.07711	0.05781	0.02273	0.05448	0.05098	0.01167	0.01152	0.00271	0.13580	0.00840	0.00653	0.01120
18	0.04848	0.01760	0.02450	0.18530	0.10391	0.02010	0.05613	0.20026	0.02259	0.03170	0.01947	0.02322	0.04277	0.00989	0.01054	0.00265	0.10440	0.00776	0.05800	0.01074
19	0.05086	0.01424	0.01742	0.06101	0.02168	0.01326	0.01152	0.05598	0.09742	0.19954	0.05651	0.07139	0.02176	0.00994	0.00754	0.00216	0.00658	0.00826	0.00710	0.26583
20	0.01400	0.00945	0.01160	0.01095	0.01338	0.00883	0.00821	0.05901	0.02173	0.07662	0.33770	0.18760	0.17350	0.01813	0.00952	0.00272	0.00464	0.01581	0.00842	0.00818
21	0.01830	0.08312	0.02110	0.01946	0.11475	0.04670	0.03452	0.08498	0.12001	0.02822	0.12217	0.07882	0.02993	0.11653	0.01309	0.00327	0.00759	0.01018	0.03740	0.00985
22	0.01048	0.00816	0.00958	0.00989	0.01196	0.00726	0.00745	0.01306	0.01923	0.02478	0.22629	0.17649	0.34817	0.02046	0.00986	0.00288	0.00446	0.07455	0.00790	0.00708
23	0.06114	0.02547	0.13682	0.11234	0.05229	0.17867	0.01760	0.08254	0.04959	0.02722	0.08783	0.02653	0.06156	0.01027	0.00862	0.00250	0.03572	0.00790	0.00526	0.01011
24	0.01745	0.01390	0.01743	0.13346	0.08194	0.04428	0.01314	0.10818	0.02072	0.05193	0.10795	0.09500	0.09432	0.06784	0.05334	0.00363	0.00845	0.01097	0.04694	0.00916
25	0.02386	0.15515	0.08090	0.02074	0.06637	0.18064	0.04789	0.14888	0.05147	0.02824	0.01871	0.02053	0.04230	0.00921	0.00844	0.00232	0.04821	0.00680	0.02841	0.01094

[dist]
# distance from previous block
# <min> <max>
0	9

[block]
# block no. 10 follows, 23 sequences, length 36
# corresponding to MSA columns:
# 450-455,480-509
name=unknown_K
#
# <colnr> <probs for GDERKNQSTAVLIFYWHMCP>
#	G	D	E	R	K	N	Q	S	T	A	V	L	I	F	Y	W	H	M	C	P
0	0.06114	0.02566	0.02094	0.03679	0.02363	0.26289	0.01414	0.21661	0.09354	0.07468	0.02193	0.02234	0.04501	0.00975	0.00769	0.00235	0.01015	0.00714	0.03243	0.01118
1	0.02194	0.01833	0.01870	0.01717	0.05127	0.07395	0.01276	0.23510	0.17687	0.03509	0.03320	0.10347	0.10563	0.01288	0.00839	0.00259	0.00751	0.01056	0.04340	0.01117
2	0.01961	0.01903	0.03319	0.10449	0.57011	0.01925	0.06549	0.02462	0.01833	0.02598	0.01527	0.02034	0.01264	0.00728	0.00814	0.00246	0.01001	0.00739	0.00399	0.01239
3	0.67238	0.01765	0.05658	0.01410	0.06034	0.01832	0.01125	0.02404	0.01434	0.03504	0.01178	0.01390	0.00916	0.00752	0.00540	0.00251	0.00688	0.00469	0.00485	0.00927
4	0.14600	0.01516	0.01961	0.01515	0.02126	0.01429	0.05304	0.08390	0.02227	0.42243	0.02827	0.02616	0.04568	0.00972	0.00774	0.00248	0.00727	0.00787	0.00839	0.04331
5	0.02792	0.01676	0.01884	0.01539	0.02036	0.04101	0.01224	0.25331	0.05502	0.24829	0.02792	0.11683	0.02257	0.04352	0.00980	0.00280	0.00754	0.00992	0.03798	0.01199
6	0.01178	0.00794	0.00921	0.00921	0.00933	0.00806	0.00536	0.01203	0.01191	0.01600	0.02524	0.05130	0.02872	0.65927	0.09579	0.00831	0.00904	0.01154	0.00487	0.00511
7	0.01108	0.00847	0.00919	0.00888	0.01160	0.00722	0.00670	0.01354	0.01959	0.05091	0.19598	0.07249	0.51716	0.01932	0.00953	0.00269	0.00417	0.01626	0.00792	0.00730
8	0.01036	0.00734	0.00962	0.01118	0.01174	0.00694	0.00755	0.01185	0.01562	0.02089	0.07042	0.57041	0.05156	0.10341	0.01390	0.00381	0.00518	0.05444	0.00729	0.00650
9	0.01159	0.00869	0.01304	0.01304	0.01449	0.01014	0.01014	0.01449	0.01304	0.01884	0.02173	0.03188	0.02029	0.06086	0.68268	0.01304	0.02173	0.00869	0.00435	0.00724
10	0.03031	0.03867	0.02299	0.02090	0.02508	0.68226	0.01568	0.03240	0.02299	0.01986	0.01254	0.01463	0.01045	0.00836	0.00732	0.00209	0.01463	0.00523	0.00418	0.00941
11	0.02163	0.01654	0.01716	0.01477	0.01887	0.05996	0.01168	0.20187	0.15837	0.06159	0.06872	0.03040	0.05121	0.01785	0.10056	0.00388	0.00915	0.00876	0.11624	0.01079
12	0.03226	0.01320	0.01770	0.01394	0.01954	0.01168	0.01137	0.03633	0.04967	0.55438	0.11933	0.03232	0.02813	0.01099	0.00836	0.00253	0.00646	0.00911	0.00981	0.01291
13	0.01532	0.01442	0.02434	0.69533	0.05589	0.01803	0.02253	0.02073	0.01622	0.02073	0.01442	0.02163	0.01082	0.00811	0.00811	0.00270	0.01082	0.00721	0.00361	0.00901
14	0.00986	0.00766	0.00898	0.00985	0.01143	0.00678	0.00693	0.01172	0.01734	0.02203	0.10171	0.38526	0.32618	0.02267	0.00996	0.00300	0.00438	0.01987	0.00763	0.00678
15	0.02652	0.02419	0.17787	0.02041	0.02820	0.01893	0.09983	0.19462	0.07838	0.21355	0.02257	0.02244	0.01546	0.00907	0.00824	0.00255	0.00950	0.00770	0.00703	0.01292
16	0.02737	0.01608	0.01985	0.04687	0.05053	0.01663	0.01365	0.12937	0.20246	0.28568	0.05169	0.03061	0.02294	0.01086	0.00836	0.00263	0.00729	0.03582	0.00854	0.01278
17	0.00983	0.00779	0.00888	0.00971	0.01150	0.00683	0.00697	0.01168	0.01729	0.02151	0.06551	0.33662	0.39118	0.02261	0.00996	0.00300	0.00447	0.04036	0.00753	0.00677
18	0.01015	0.00761	0.00890	0.00980	0.01094	0.00692	0.00657	0.01151	0.01582	0.02018	0.05373	0.37195	0.25392	0.15462	0.01597	0.00398	0.00511	0.01892	0.00704	0.00636
19	0.02085	0.02141	0.10974	0.29637	0.14360	0.06236	0.02155	0.09365	0.02007	0.08095	0.01637	0.02045	0.01218	0.00852	0.00873	0.00258	0.03786	0.00701	0.00474	0.01100
20	0.02137	0.04941	0.03032	0.05529	0.36850	0.02012	0.07315	0.06747	0.14504	0.05825	0.01971	0.02230	0.01539	0.00824	0.00810	0.00249	0.00917	0.00774	0.00536	0.01257
21	0.01232	0.00909	0.01171	0.01136	0.01180	0.01023	0.00778	0.01338	0.01224	0.01706	0.02293	0.04311	0.02482	0.44489	0.23741	0.00904	0.07982	0.01038	0.00461	0.00602
22	0.02608	0.19392	0.12469	0.01889	0.02507	0.34584	0.01698	0.03064	0.05592	0.06861	0.01512	0.01646	0.01192	0.00821	0.00700	0.00215	0.01183	0.00557	0.00456	0.01054
23	0.01920	0.16209	0.34573	0.01864	0.02714	0.04758	0.02113	0.05267	0.01861	0.07086	0.02134	0.02505	0.05582	0.01187	0.03980	0.00294	0.01072	0.03313	0.00464	0.01103
24	0.05169	0.02061	0.12615	0.20728	0.22691	0.01816	0.06590	0.06290	0.01865	0.02646	0.01799	0.06178	0.01554	0.00937	0.00826	0.00265	0.01003	0.03432	0.00449	0.01086
25	0.01293	0.00990	0.01382	0.07372	0.01769	0.00987	0.03162	0.04058	0.02173	0.03050	0.46008	0.05176	0.08609	0.01801	0.05353	0.00324	0.00620	0.01296	0.03771	0.00807
26	0.02265	0.06278	0.07784	0.02107	0.10878	0.09266	0.04295	0.11694	0.02190	0.12427	0.02621	0.13794	0.04877	0.01189	0.00819	0.00252	0.00867	0.01006	0.04303	0.01087
27	0.02411	0.04877	0.08158	0.07459	0.05745	0.21286	0.05074	0.05472	0.04313	0.12711	0.02149	0.09648	0.01811	0.01045	0.00797	0.00245	0.01023	0.00854	0.03871	0.01052
28	0.57479	0.01836	0.01615	0.01479	0.04477	0.09021	0.05125	0.02473	0.01551	0.03322	0.01266	0.01501	0.00994	0.00766	0.00573	0.00245	0.00769	0.00509	0.04090	0.00911
29	0.01886	0.15186	0.14567	0.01555	0.02112	0.04345	0.01503	0.04549	0.06026	0.09192	0.08520	0.05928	0.05203	0.01880	0.10728	0.00403	0.01026	0.03794	0.00584	0.01012
30	0.05469	0.00943	0.01354	0.05763	0.01704	0.01102	0.01065	0.01531	0.01324	0.01982	0.02083	0.03108	0.01942	0.08299	0.57205	0.01154	0.01954	0.00849	0.00436	0.00735
31	0.01721	0.02077	0.15430	0.01564	0.02356	0.01397	0.03578	0.02451	0.09493	0.02720	0.01681	0.01872	0.01324	0.00701	0.00676	0.00173	0.00757	0.00576	0.00492	0.48961
32	0.04398	0.07794	0.18740	0.01847	0.05516	0.04352	0.01729	0.07614	0.01974	0.13733	0.01734	0.01867	0.01280	0.00807	0.00796	0.00215	0.03978	0.00607	0.00540	0.20478
33	0.01008	0.00734	0.00933	0.01069	0.01150	0.00678	0.00720	0.01164	0.01615	0.02132	0.08917	0.54604	0.12755	0.06961	0.01225	0.00348	0.00478	0.02104	0.00745	0.00658
34	0.06755	0.01518	0.01928	0.01591	0.06244	0.01278	0.05171	0.02203	0.04778	0.02724	0.01835	0.02053	0.04161	0.00714	0.00658	0.00161	0.00670	0.00602	0.00501	0.54452
35	0.07120	0.12696	0.05015	0.01507	0.02060	0.11711	0.01278	0.09973	0.01986	0.02738	0.01708	0.07810	0.01545	0.00940	0.00773	0.00204	0.04195	0.00698	0.03477	0.22564

[dist]
# distance from previous block
# <min> <max>
1	5

[block]
# block no. 11 follows, 23 sequences, length 15
# corresponding to MSA columns:
# 515-529
name=unknown_L
#
# <colnr> <probs for GDERKNQSTAVLIFYWHMCP>
#	G	D	E	R	K	N	Q	S	T	A	V	L	I	F	Y	W	H	M	C	P
0	0.02188	0.57032	0.11744	0.01570	0.02299	0.09424	0.01602	0.02526	0.01720	0.01997	0.01180	0.01368	0.01040	0.00717	0.00572	0.00187	0.00967	0.00463	0.00354	0.01051
1	0.01340	0.00814	0.01011	0.01018	0.01085	0.00799	0.00649	0.01389	0.01346	0.06659	0.02912	0.18801	0.03231	0.42578	0.07239	0.05818	0.00795	0.01341	0.00573	0.00600
2	0.02777	0.02272	0.07025	0.02033	0.02719	0.02266	0.09138	0.41555	0.09518	0.09162	0.02110	0.02133	0.01497	0.00940	0.00828	0.00252	0.00931	0.00775	0.00747	0.01323
3	0.01176	0.00972	0.01424	0.05293	0.01708	0.01031	0.04256	0.01396	0.01613	0.02186	0.08890	0.46747	0.07389	0.02114	0.01207	0.00318	0.09019	0.01854	0.00675	0.00734
