[name]
unknown

[dist]
# distance from previous block
# <min> <max>
5	346

[block]
# block no. 0 follows, 24 sequences, length 16
# corresponding to MSA columns:
# 426-441
name=unknown_A
#
# <colnr> <probs for GDERKNQSTAVLIFYWHMCP>
#	G	D	E	R	K	N	Q	S	T	A	V	L	I	F	Y	W	H	M	C	P
0	0.01868	0.13216	0.11875	0.02020	0.11571	0.09589	0.01587	0.02240	0.01783	0.06641	0.02633	0.11853	0.07659	0.01206	0.00826	0.00245	0.02395	0.05536	0.00520	0.04737
1	0.05593	0.07763	0.19136	0.01797	0.04654	0.01547	0.06530	0.04183	0.04423	0.05815	0.06196	0.13086	0.02577	0.07342	0.01099	0.00308	0.00844	0.05597	0.00551	0.00961
2	0.01470	0.06173	0.42320	0.01891	0.02722	0.01579	0.05310	0.02140	0.01711	0.02440	0.08602	0.07445	0.07026	0.04599	0.00964	0.00280	0.00960	0.00903	0.00456	0.01010
3	0.10078	0.05413	0.27896	0.05527	0.05666	0.07137	0.02014	0.11789	0.02047	0.07322	0.04772	0.01950	0.01442	0.00858	0.00783	0.00244	0.02804	0.00647	0.00500	0.01112
4	0.05752	0.06083	0.34228	0.08877	0.09230	0.01696	0.02199	0.02456	0.01712	0.10097	0.01896	0.08922	0.01570	0.00951	0.00767	0.00253	0.00964	0.00788	0.00467	0.01095
5	0.01538	0.01457	0.08412	0.01789	0.06368	0.01192	0.10069	0.01979	0.04103	0.08251	0.09777	0.15804	0.10104	0.07231	0.07879	0.00407	0.00885	0.01246	0.00615	0.00892
6	0.02021	0.05219	0.02462	0.08256	0.13569	0.01871	0.07717	0.17304	0.11714	0.03107	0.02241	0.05806	0.01931	0.04633	0.00977	0.00281	0.00853	0.04964	0.03983	0.01090
7	0.02183	0.12541	0.14546	0.02245	0.06971	0.02126	0.12960	0.15978	0.04438	0.07633	0.01831	0.05441	0.01470	0.00921	0.00889	0.00248	0.05120	0.00778	0.00535	0.01146
8	0.01767	0.01897	0.07007	0.26242	0.27384	0.01868	0.14253	0.02406	0.04781	0.02421	0.01564	0.02078	0.01219	0.00749	0.00816	0.00254	0.01056	0.00752	0.00397	0.01089
9	0.01637	0.01901	0.14670	0.01565	0.02070	0.01556	0.01440	0.05889	0.29140	0.02898	0.06336	0.12782	0.09519	0.01364	0.00855	0.00274	0.00694	0.03660	0.00696	0.01055
10	0.07180	0.01877	0.11676	0.06608	0.16226	0.01540	0.07251	0.05076	0.01938	0.15063	0.05565	0.03139	0.08227	0.01027	0.00815	0.00256	0.00851	0.04002	0.00591	0.01091
11	0.01732	0.09684	0.41449	0.09121	0.09990	0.01967	0.04771	0.05363	0.01766	0.02510	0.01451	0.01783	0.01091	0.00915	0.02884	0.00275	0.01129	0.00622	0.00370	0.01128
12	0.01148	0.00835	0.01028	0.01092	0.01173	0.00857	0.00729	0.01463	0.07686	0.01964	0.03359	0.34229	0.03783	0.26622	0.09823	0.00579	0.00773	0.01582	0.00620	0.00655
13	0.02518	0.03326	0.12120	0.09109	0.09266	0.42350	0.01893	0.06000	0.02128	0.02253	0.01334	0.01611	0.01062	0.00801	0.00739	0.00222	0.01278	0.00571	0.00410	0.01008
14	0.01585	0.01865	0.11942	0.13476	0.16778	0.01623	0.08888	0.02200	0.06055	0.02474	0.08566	0.09568	0.05113	0.01111	0.00952	0.00266	0.05040	0.00994	0.00500	0.01003
15	0.01940	0.05688	0.02473	0.04990	0.20465	0.01550	0.08053	0.05419	0.01851	0.11654	0.02371	0.11770	0.02173	0.01772	0.09743	0.00393	0.01017	0.05075	0.00564	0.01040

[dist]
# distance from previous block
# <min> <max>
0	1

[block]
# block no. 1 follows, 24 sequences, length 21
# corresponding to MSA columns:
# 443-463
name=unknown_B
#
# <colnr> <probs for GDERKNQSTAVLIFYWHMCP>
#	G	D	E	R	K	N	Q	S	T	A	V	L	I	F	Y	W	H	M	C	P
0	0.04286	0.01390	0.01881	0.06715	0.02270	0.01393	0.05509	0.05849	0.13647	0.26551	0.05810	0.07174	0.06720	0.01224	0.00850	0.00267	0.00711	0.05852	0.00788	0.01110
1	0.01892	0.10431	0.23642	0.13905	0.10166	0.10286	0.13846	0.02494	0.01774	0.02304	0.01403	0.01790	0.01080	0.00739	0.00766	0.00240	0.01157	0.00656	0.00366	0.01065
2	0.02497	0.23125	0.07173	0.01663	0.02229	0.20506	0.01470	0.07960	0.02031	0.10608	0.01553	0.01692	0.01215	0.00832	0.00778	0.00209	0.05313	0.00562	0.03528	0.05054
3	0.01779	0.09925	0.06539	0.01467	0.02177	0.01490	0.06652	0.05410	0.01773	0.02639	0.01479	0.01729	0.01202	0.00653	0.00629	0.00155	0.00725	0.00540	0.04443	0.48596
4	0.02160	0.02745	0.15308	0.05788	0.04651	0.18236	0.08484	0.09409	0.08923	0.02609	0.01611	0.01907	0.01261	0.01043	0.02881	0.00283	0.10488	0.00683	0.00467	0.01062
5	0.02248	0.31251	0.06319	0.01601	0.02157	0.17530	0.01426	0.09781	0.06227	0.02463	0.05924	0.01945	0.01649	0.01163	0.04903	0.00270	0.01032	0.00612	0.00480	0.01020
6	0.01228	0.00947	0.01103	0.01064	0.01297	0.00913	0.00793	0.05394	0.07389	0.02796	0.29414	0.17939	0.23123	0.01803	0.00931	0.00269	0.00449	0.01563	0.00799	0.00786
7	0.06698	0.18514	0.19908	0.02285	0.08047	0.10513	0.11589	0.06465	0.04292	0.02556	0.01439	0.01689	0.01126	0.00751	0.00713	0.00228	0.01065	0.00615	0.00416	0.01092
8	0.06267	0.01584	0.01768	0.02100	0.15198	0.11521	0.01307	0.01993	0.04308	0.02401	0.10097	0.27035	0.03369	0.01524	0.00979	0.00273	0.05505	0.01301	0.00592	0.00878
9	0.01377	0.00689	0.01033	0.01033	0.01033	0.00689	0.00689	0.01033	0.01033	0.01377	0.01377	0.02410	0.01377	0.02755	0.03099	0.76928	0.00689	0.00689	0.00344	0.00344
10	0.01023	0.00838	0.01084	0.04061	0.01418	0.00764	0.03133	0.01247	0.01728	0.02195	0.11062	0.31229	0.33224	0.02052	0.00959	0.00287	0.00485	0.01803	0.00718	0.00691
11	0.01797	0.12877	0.39521	0.02534	0.07953	0.04551	0.14898	0.02517	0.01736	0.02414	0.01413	0.01724	0.01065	0.00725	0.00757	0.00240	0.01154	0.00640	0.00356	0.01127
12	0.01084	0.00798	0.01149	0.01204	0.01311	0.00877	0.00891	0.01310	0.01342	0.01882	0.02817	0.23824	0.03005	0.07928	0.45566	0.00965	0.01561	0.01286	0.00521	0.00678
13	0.01122	0.00917	0.01146	0.01100	0.01272	0.00942	0.00839	0.01378	0.01824	0.02453	0.27404	0.13275	0.26446	0.02060	0.04915	0.00333	0.09654	0.01481	0.00717	0.00723
14	0.02117	0.09731	0.09003	0.19545	0.11989	0.10114	0.11673	0.08267	0.01984	0.05916	0.01533	0.01897	0.01167	0.00774	0.00771	0.00239	0.01082	0.00683	0.00443	0.01073
15	0.01090	0.00761	0.00972	0.01046	0.01094	0.00769	0.00694	0.01203	0.01334	0.01800	0.03179	0.28501	0.03648	0.33194	0.13630	0.00676	0.00883	0.04367	0.00573	0.00588
16	0.01706	0.01912	0.06599	0.11676	0.12860	0.01772	0.36542	0.02271	0.01771	0.02414	0.01916	0.11145	0.01710	0.00930	0.00898	0.00269	0.01123	0.01030	0.00434	0.01021
17	0.06716	0.41197	0.16603	0.05494	0.02640	0.07134	0.05823	0.02445	0.01667	0.02159	0.01225	0.01468	0.01020	0.00712	0.00615	0.00205	0.00982	0.00512	0.00357	0.01028
18	0.01658	0.06567	0.13095	0.08660	0.02816	0.01709	0.13623	0.04842	0.13945	0.02644	0.07049	0.13269	0.02552	0.01175	0.00851	0.00267	0.00877	0.02821	0.00568	0.01012
19	0.07611	0.05183	0.01733	0.01497	0.01762	0.21024	0.01155	0.04543	0.01835	0.02283	0.07265	0.11761	0.08539	0.07266	0.01299	0.00304	0.09694	0.03884	0.00546	0.00814
20	0.03676	0.01389	0.03303	0.01396	0.01870	0.01268	0.03965	0.07577	0.03656	0.10857	0.08925	0.07472	0.04777	0.01563	0.07689	0.00322	0.03845	0.00887	0.02797	0.22764

[dist]
# distance from previous block
# <min> <max>
3	15

[block]
# block no. 2 follows, 24 sequences, length 42
# corresponding to MSA columns:
# 479-520
name=unknown_C
#
# <colnr> <probs for GDERKNQSTAVLIFYWHMCP>
#	G	D	E	R	K	N	Q	S	T	A	V	L	I	F	Y	W	H	M	C	P
0	0.01393	0.07845	0.02112	0.24621	0.03005	0.01466	0.06644	0.01821	0.03874	0.02114	0.04615	0.21692	0.02628	0.01992	0.10249	0.00411	0.01003	0.01181	0.00506	0.00829
1	0.05551	0.01509	0.02358	0.06427	0.02584	0.01497	0.15806	0.08037	0.06582	0.18933	0.10413	0.06968	0.02711	0.01143	0.00868	0.00267	0.00821	0.05752	0.00709	0.01065
2	0.01882	0.01587	0.01609	0.01633	0.07014	0.10595	0.01139	0.04693	0.16611	0.08281	0.11150	0.11772	0.12687	0.01363	0.00839	0.00254	0.00681	0.01148	0.04085	0.00977
3	0.05828	0.01739	0.07934	0.01517	0.02017	0.04117	0.01327	0.07885	0.08230	0.26362	0.06099	0.02735	0.04073	0.01246	0.03625	0.00292	0.07011	0.00805	0.06040	0.01120
4	0.01654	0.02712	0.30499	0.02924	0.18024	0.01724	0.15158	0.02317	0.01741	0.02480	0.01999	0.08018	0.03553	0.00947	0.00835	0.00260	0.01058	0.02580	0.00418	0.01099
5	0.05584	0.01709	0.02834	0.20501	0.28308	0.01837	0.09449	0.05328	0.01801	0.05160	0.01654	0.05130	0.01379	0.00867	0.00906	0.00258	0.04979	0.00793	0.00444	0.01078
6	0.01900	0.02220	0.12329	0.04326	0.50890	0.01893	0.09866	0.02457	0.01795	0.02574	0.01496	0.01944	0.01215	0.00708	0.00799	0.00241	0.01021	0.00717	0.00386	0.01222
7	0.00962	0.00706	0.00904	0.01062	0.01139	0.00648	0.00718	0.01109	0.01558	0.02041	0.04878	0.62746	0.13785	0.02418	0.01002	0.00315	0.00452	0.02174	0.00736	0.00648
8	0.02760	0.10650	0.08593	0.01745	0.02341	0.05968	0.01562	0.24505	0.02518	0.20166	0.01940	0.01966	0.01381	0.00952	0.00967	0.00244	0.09187	0.00675	0.00670	0.01211
9	0.01204	0.00989	0.01128	0.01173	0.04374	0.00936	0.00828	0.05918	0.04769	0.02430	0.08606	0.12620	0.43503	0.02124	0.05468	0.00336	0.00591	0.01516	0.00712	0.00775
10	0.01166	0.00855	0.01029	0.01040	0.01237	0.00800	0.00758	0.01559	0.06687	0.04608	0.24952	0.26693	0.21783	0.01933	0.00946	0.00278	0.00437	0.01694	0.00793	0.00752
11	0.01804	0.20421	0.46838	0.02009	0.02996	0.05727	0.02418	0.02574	0.03988	0.02355	0.01400	0.01611	0.01059	0.00750	0.00695	0.00230	0.01088	0.00554	0.00357	0.01124
12	0.01855	0.01745	0.02803	0.19762	0.42675	0.01869	0.02199	0.02610	0.11546	0.02569	0.01738	0.02151	0.01388	0.00783	0.00790	0.00247	0.00921	0.00735	0.00447	0.01168
13	0.07173	0.01358	0.01807	0.01393	0.02000	0.01195	0.01151	0.03790	0.02225	0.64606	0.03030	0.02630	0.01909	0.00970	0.00782	0.00245	0.00672	0.00780	0.00958	0.01326
14	0.01060	0.00774	0.01067	0.04548	0.01456	0.00756	0.00911	0.01274	0.01621	0.02157	0.07783	0.52602	0.05040	0.02296	0.01013	0.00323	0.00535	0.13381	0.00724	0.00678
15	0.01878	0.02633	0.24556	0.09311	0.16533	0.06325	0.04725	0.04587	0.03765	0.05020	0.01884	0.02190	0.04671	0.00900	0.00956	0.00256	0.07553	0.00722	0.00434	0.01100
16	0.01797	0.02192	0.13319	0.05213	0.14210	0.08011	0.06776	0.04568	0.01659	0.02255	0.01644	0.04733	0.01537	0.12392	0.01692	0.00351	0.15469	0.00809	0.00416	0.00959
17	0.02430	0.02906	0.02159	0.01946	0.02203	0.43698	0.01494	0.02613	0.01871	0.01917	0.01405	0.05432	0.01343	0.04553	0.01412	0.00277	0.20376	0.00685	0.00413	0.00869
18	0.04114	0.01420	0.01722	0.01283	0.01906	0.01182	0.02919	0.04139	0.01729	0.04254	0.03554	0.04088	0.03232	0.00772	0.00718	0.00156	0.03341	0.00621	0.00514	0.58336
19	0.12213	0.17922	0.09465	0.05393	0.04421	0.09588	0.04144	0.13939	0.02018	0.02788	0.01492	0.01907	0.01246	0.05800	0.04237	0.00310	0.01012	0.00620	0.00470	0.01015
20	0.02602	0.12218	0.02385	0.01716	0.02186	0.23838	0.01394	0.24305	0.02538	0.03122	0.01600	0.01780	0.01260	0.00896	0.00821	0.00218	0.05653	0.00610	0.09800	0.01058
21	0.01774	0.05343	0.24165	0.08503	0.07263	0.03904	0.06451	0.06094	0.09281	0.02741	0.08384	0.02341	0.01907	0.00870	0.00774	0.00237	0.00939	0.00742	0.00496	0.07792
22	0.01857	0.09675	0.27390	0.02701	0.09593	0.03795	0.22410	0.05496	0.01883	0.02598	0.04055	0.01986	0.01368	0.00760	0.00800	0.00245	0.01132	0.00733	0.00408	0.01117
23	0.00964	0.00698	0.00912	0.01083	0.01144	0.00646	0.00727	0.01107	0.01539	0.02033	0.04634	0.67021	0.09668	0.02450	0.01007	0.00318	0.00456	0.02213	0.00736	0.00646
24	0.01088	0.00846	0.01211	0.01253	0.01382	0.00829	0.04432	0.01367	0.04395	0.02079	0.04005	0.50933	0.07412	0.05085	0.09257	0.00443	0.00725	0.01883	0.00674	0.00699
25	0.04894	0.05338	0.14909	0.19812	0.20404	0.01952	0.08178	0.06603	0.05514	0.02640	0.01564	0.01960	0.01202	0.00771	0.00773	0.00248	0.01011	0.00694	0.00425	0.01109
26	0.01111	0.01129	0.07458	0.01237	0.01446	0.00909	0.01002	0.01437	0.04100	0.02201	0.08447	0.44135	0.12350	0.02236	0.03714	0.00340	0.03531	0.01793	0.00681	0.00741
27	0.01474	0.01263	0.02062	0.11961	0.23931	0.01378	0.01623	0.01818	0.01481	0.02090	0.01771	0.02552	0.01577	0.03302	0.33010	0.05141	0.01499	0.00773	0.00399	0.00894
28	0.01085	0.00803	0.01001	0.01119	0.01243	0.00774	0.00799	0.01420	0.06229	0.02245	0.07606	0.48366	0.12385	0.02212	0.00978	0.00308	0.00482	0.07146	0.03096	0.00706
29	0.05617	0.09392	0.15181	0.06533	0.11499	0.06671	0.06223	0.08296	0.01851	0.02595	0.01611	0.05235	0.01374	0.01089	0.03246	0.00283	0.07729	0.00725	0.03814	0.01037
30	0.05076	0.01024	0.01128	0.01090	0.01335	0.01031	0.00794	0.01987	0.14680	0.05654	0.11029	0.16526	0.20999	0.12455	0.01368	0.00350	0.00534	0.01408	0.00726	0.00806
31	0.06079	0.01055	0.01236	0.01171	0.01512	0.00998	0.00946	0.02150	0.07007	0.16459	0.05198	0.08649	0.27669	0.01699	0.00909	0.00286	0.00566	0.14747	0.00779	0.00886
32	0.08856	0.02058	0.11278	0.01515	0.02043	0.09017	0.01346	0.09865	0.11596	0.05387	0.15064	0.02913	0.02708	0.04796	0.00935	0.00261	0.00778	0.00824	0.00634	0.08125
33	0.02235	0.02595	0.21642	0.05534	0.11866	0.05706	0.09269	0.14263	0.02209	0.11073	0.02022	0.02194	0.04010	0.00861	0.00799	0.00246	0.01019	0.00740	0.00539	0.01178
34	0.01343	0.00978	0.01149	0.01122	0.01354	0.00979	0.00832	0.02020	0.15077	0.04983	0.24413	0.21198	0.13033	0.01700	0.00898	0.00269	0.00461	0.01485	0.05868	0.00837
35	0.01380	0.01111	0.01484	0.01418	0.01555	0.01314	0.01091	0.05979	0.05121	0.02189	0.02556	0.20136	0.02654	0.06558	0.28232	0.00713	0.13999	0.01182	0.00539	0.00786
36	0.01727	0.01521	0.01892	0.01419	0.02079	0.01310	0.05552	0.02484	0.14630	0.02729	0.01791	0.01946	0.01429	0.00692	0.00657	0.00159	0.00649	0.00590	0.00533	0.56211
37	0.02857	0.05064	0.02104	0.01594	0.02157	0.01855	0.01318	0.27252	0.11499	0.25662	0.02575	0.02653	0.01859	0.01231	0.03655	0.00291	0.00817	0.03475	0.00819	0.01266
38	0.02115	0.51843	0.07319	0.01502	0.02106	0.07581	0.01446	0.05280	0.01710	0.02042	0.01238	0.01576	0.01134	0.04554	0.00879	0.00224	0.05572	0.00510	0.00373	0.00996
39	0.01679	0.07732	0.37489	0.02611	0.10762	0.01867	0.14589	0.02393	0.01737	0.02459	0.01891	0.02388	0.04439	0.00852	0.00801	0.00253	0.01098	0.03461	0.00392	0.01107
40	0.01159	0.00848	0.01141	0.01218	0.03960	0.00821	0.00846	0.01445	0.01861	0.02589	0.35911	0.13633	0.05562	0.12711	0.06549	0.00424	0.00634	0.07247	0.00730	0.00712
41	0.02340	0.01848	0.07718	0.01696	0.02244	0.01712	0.05444	0.25816	0.07924	0.13712	0.02897	0.15135	0.05397	0.01263	0.00848	0.00262	0.00778	0.01074	0.00746	0.01146

[dist]
# distance from previous block
# <min> <max>
0	3

[block]
# block no. 3 follows, 24 sequences, length 29
# corresponding to MSA columns:
# 524-534,538-555
name=unknown_D
#
# <colnr> <probs for GDERKNQSTAVLIFYWHMCP>
#	G	D	E	R	K	N	Q	S	T	A	V	L	I	F	Y	W	H	M	C	P
0	0.02019	0.02463	0.11107	0.08492	0.13806	0.16855	0.12770	0.05036	0.04844	0.02555	0.07976	0.02536	0.01928	0.00909	0.00820	0.00246	0.01080	0.03038	0.00480	0.01039
1	0.01501	0.01831	0.12722	0.11298	0.10698	0.01488	0.17142	0.02002	0.01685	0.02312	0.02414	0.19547	0.02411	0.01443	0.03356	0.00317	0.01000	0.05403	0.00489	0.00942
2	0.01343	0.00841	0.01013	0.01021	0.01237	0.00745	0.00742	0.01532	0.01740	0.11314	0.07123	0.29358	0.28724	0.06559	0.01148	0.00318	0.00492	0.03244	0.00758	0.00747
3	0.01771	0.12229	0.27127	0.06436	0.17318	0.02000	0.13145	0.02408	0.01732	0.02413	0.01576	0.02181	0.01292	0.00798	0.00780	0.00246	0.01077	0.03978	0.00382	0.01112
4	0.02224	0.08907	0.02721	0.08134	0.15208	0.06665	0.09059	0.09220	0.09475	0.10815	0.03889	0.05105	0.03166	0.00940	0.00792	0.00243	0.00901	0.00828	0.00583	0.01125
5	0.01205	0.00853	0.01191	0.01220	0.01397	0.00786	0.04036	0.01403	0.01658	0.05561	0.04766	0.39405	0.17293	0.02185	0.01083	0.03602	0.00552	0.10384	0.00714	0.00707
6	0.01000	0.00771	0.00914	0.00952	0.01128	0.00685	0.00686	0.01232	0.01845	0.02407	0.23964	0.26812	0.30668	0.02042	0.00960	0.00279	0.00412	0.01783	0.00776	0.00685
7	0.05796	0.04760	0.07522	0.05499	0.08975	0.13954	0.01602	0.14144	0.09864	0.14693	0.02181	0.02213	0.03466	0.00913	0.00759	0.00238	0.00922	0.00710	0.00629	0.01159
8	0.01872	0.06413	0.03117	0.18066	0.44039	0.01950	0.05408	0.02427	0.04498	0.02454	0.01529	0.02001	0.01246	0.00737	0.00777	0.00240	0.00966	0.00708	0.00399	0.01153
9	0.02089	0.50314	0.03379	0.01405	0.01968	0.06979	0.01288	0.06419	0.04587	0.02116	0.01426	0.01795	0.01297	0.05838	0.05887	0.00303	0.00967	0.00549	0.00410	0.00985
10	0.06969	0.02006	0.05707	0.01814	0.04715	0.07782	0.09175	0.10370	0.05326	0.02927	0.01559	0.01778	0.01225	0.00714	0.00690	0.00187	0.00843	0.00598	0.00506	0.35109
11	0.26622	0.01531	0.01780	0.01757	0.08465	0.01724	0.03538	0.09247	0.10981	0.03050	0.01825	0.02288	0.01527	0.06356	0.12916	0.00466	0.03714	0.00706	0.00539	0.00968
12	0.02772	0.03375	0.05315	0.02084	0.02580	0.49712	0.05631	0.10132	0.06517	0.02442	0.01467	0.01640	0.01161	0.00837	0.00746	0.00219	0.01297	0.00590	0.00475	0.01011
13	0.01084	0.00842	0.01101	0.06202	0.01530	0.00831	0.00890	0.01342	0.01696	0.02221	0.14155	0.19807	0.21968	0.05433	0.10612	0.00448	0.00749	0.07719	0.00673	0.00696
14	0.01461	0.01218	0.01382	0.01243	0.01558	0.04162	0.04073	0.02148	0.15586	0.05391	0.17352	0.08036	0.26147	0.05386	0.01064	0.00290	0.00573	0.01327	0.00743	0.00860
15	0.11773	0.00825	0.00990	0.01113	0.01231	0.00838	0.00779	0.01308	0.01470	0.02222	0.03688	0.54901	0.04303	0.02584	0.07714	0.00406	0.00647	0.01858	0.00671	0.00681
16	0.01377	0.00689	0.01033	0.01033	0.01033	0.00689	0.00689	0.01033	0.01033	0.01377	0.01377	0.02410	0.01377	0.02755	0.03099	0.76928	0.00689	0.00689	0.00344	0.00344
17	0.01870	0.05653	0.08861	0.06484	0.14427	0.01981	0.24780	0.06482	0.06682	0.02627	0.01819	0.06585	0.01533	0.00905	0.00961	0.00262	0.05657	0.00881	0.00463	0.01089
18	0.14494	0.01699	0.03570	0.01521	0.01940	0.05976	0.01251	0.10861	0.04332	0.22188	0.01937	0.02093	0.01424	0.01233	0.01324	0.11036	0.10779	0.00678	0.00638	0.01025
19	0.01086	0.00830	0.01229	0.01242	0.01356	0.00807	0.05178	0.01276	0.01510	0.02047	0.07762	0.44707	0.04377	0.12293	0.09943	0.00494	0.00767	0.01781	0.00648	0.00666
20	0.00987	0.00799	0.00880	0.00905	0.01132	0.00693	0.00680	0.01213	0.01833	0.02278	0.14932	0.14635	0.48276	0.02024	0.00956	0.00278	0.00426	0.05641	0.00754	0.00681
21	0.01845	0.04615	0.06566	0.05409	0.05737	0.05953	0.01535	0.07084	0.11627	0.05986	0.03011	0.05129	0.02870	0.01459	0.00908	0.00296	0.00834	0.27501	0.00655	0.00979
22	0.02601	0.02079	0.01870	0.01590	0.02060	0.18064	0.01249	0.14034	0.15454	0.16932	0.06449	0.02818	0.06236	0.01057	0.00786	0.00238	0.00838	0.00824	0.03700	0.01122
23	0.02032	0.01678	0.01987	0.02027	0.11436	0.01841	0.01401	0.16044	0.31906	0.03471	0.09919	0.03308	0.04931	0.01131	0.00830	0.00259	0.00692	0.03182	0.00746	0.01179
24	0.01696	0.01869	0.03921	0.05599	0.03668	0.01761	0.50736	0.02273	0.01827	0.02441	0.02443	0.07859	0.08043	0.00942	0.00936	0.00271	0.01167	0.01098	0.00457	0.00990
25	0.22477	0.01589	0.01500	0.01324	0.01682	0.08222	0.01038	0.08059	0.05760	0.09892	0.02023	0.05171	0.01698	0.06608	0.05503	0.00351	0.05430	0.00745	0.10003	0.00925
26	0.02891	0.06901	0.02399	0.01786	0.02375	0.11740	0.01462	0.43659	0.08486	0.07533	0.01932	0.01926	0.01403	0.00927	0.00765	0.00232	0.00918	0.00686	0.00721	0.01259
27	0.01162	0.00825	0.01108	0.01239	0.01388	0.00798	0.00994	0.01459	0.01799	0.02413	0.13997	0.25439	0.07603	0.02131	0.01022	0.00325	0.00575	0.31539	0.03477	0.00707
28	0.03365	0.01658	0.02031	0.01557	0.02178	0.01624	0.01287	0.25370	0.02787	0.45499	0.02694	0.02417	0.01745	0.00971	0.00796	0.00243	0.00745	0.00768	0.00915	0.01349

[dist]
# distance from previous block
# <min> <max>
0	1

[block]
# block no. 4 follows, 24 sequences, length 23
# corresponding to MSA columns:
# 557-579
name=unknown_E
#
# <colnr> <probs for GDERKNQSTAVLIFYWHMCP>
#	G	D	E	R	K	N	Q	S	T	A	V	L	I	F	Y	W	H	M	C	P
0	0.01448	0.00766	0.00821	0.00849	0.01033	0.00766	0.00664	0.01817	0.01688	0.02868	0.02832	0.03867	0.02418	0.01117	0.00637	0.00212	0.00424	0.10036	0.65001	0.00738
1	0.02059	0.02074	0.01917	0.01950	0.08939	0.16970	0.01357	0.03381	0.36116	0.02773	0.03224	0.03124	0.10495	0.01101	0.00801	0.00251	0.00813	0.00892	0.00663	0.01102
2	0.01871	0.01070	0.01361	0.01188	0.01521	0.01021	0.00925	0.02477	0.10746	0.20024	0.41681	0.04686	0.05367	0.01381	0.00882	0.00251	0.00486	0.01196	0.00892	0.00973
3	0.01773	0.01904	0.11915	0.01406	0.02176	0.01318	0.01302	0.08322	0.01857	0.02814	0.01461	0.01675	0.01166	0.00649	0.00633	0.00150	0.00706	0.00512	0.00481	0.57780
4	0.07920	0.12250	0.02650	0.04143	0.17471	0.11464	0.01630	0.18038	0.02342	0.12208	0.01701	0.01835	0.01278	0.00821	0.00719	0.00225	0.00922	0.00634	0.00575	0.01173
5	0.07233	0.00908	0.01128	0.01033	0.01276	0.00860	0.00789	0.01742	0.02177	0.08134	0.56833	0.05319	0.06549	0.01504	0.00890	0.00249	0.00416	0.01308	0.00852	0.00803
6	0.01170	0.00879	0.01162	0.01374	0.05155	0.00849	0.00914	0.05049	0.01714	0.02273	0.04318	0.53578	0.09423	0.02228	0.00986	0.00311	0.00530	0.06635	0.00719	0.00731
7	0.02100	0.19075	0.03032	0.11092	0.18706	0.05337	0.05515	0.10515	0.01982	0.04873	0.01678	0.06701	0.01468	0.00907	0.00813	0.00235	0.03664	0.00755	0.00472	0.01081
8	0.01286	0.00861	0.01036	0.01078	0.01267	0.00821	0.00777	0.01648	0.06904	0.07235	0.04807	0.37416	0.18851	0.02172	0.03878	0.00330	0.00542	0.01717	0.06609	0.00764
9	0.01137	0.00834	0.01194	0.01194	0.01307	0.00947	0.00891	0.01364	0.01251	0.01781	0.02198	0.03524	0.02160	0.18989	0.56190	0.01175	0.01857	0.00909	0.00436	0.00663
10	0.07469	0.02935	0.33319	0.02011	0.02879	0.01941	0.05785	0.16512	0.08275	0.08555	0.01829	0.01932	0.01296	0.00841	0.00763	0.00250	0.00984	0.00671	0.00549	0.01205
11	0.01969	0.01870	0.06783	0.11964	0.44808	0.01766	0.04683	0.02458	0.01784	0.07812	0.01649	0.02091	0.01312	0.01016	0.04377	0.00297	0.01025	0.00723	0.00435	0.01178
12	0.01912	0.01126	0.01297	0.01145	0.01458	0.01150	0.00887	0.11318	0.06981	0.11991	0.12458	0.07443	0.03003	0.03894	0.03823	0.00293	0.00601	0.00972	0.27312	0.00936
13	0.01157	0.00824	0.01027	0.01114	0.01212	0.00812	0.00806	0.01386	0.03511	0.02031	0.05770	0.21887	0.07762	0.27486	0.02116	0.00489	0.00648	0.18685	0.00648	0.00633
14	0.03938	0.02014	0.06792	0.17195	0.05213	0.11956	0.06717	0.07271	0.07429	0.04943	0.01950	0.06285	0.01593	0.00928	0.00762	0.00239	0.00935	0.00785	0.08467	0.04589
15	0.10039	0.01671	0.01819	0.13570	0.07179	0.09523	0.01358	0.07977	0.06686	0.09859	0.10310	0.03264	0.11299	0.01107	0.00790	0.00248	0.00785	0.00899	0.00632	0.00985
16	0.01036	0.00765	0.00963	0.01078	0.01201	0.00710	0.00783	0.01235	0.01666	0.02171	0.10095	0.38693	0.17901	0.06464	0.01186	0.00339	0.00504	0.11817	0.00731	0.00662
17	0.01815	0.01791	0.02724	0.11491	0.05573	0.05161	0.15024	0.06444	0.01647	0.02259	0.01485	0.02321	0.01343	0.10104	0.01893	0.00354	0.26444	0.00799	0.00412	0.00915
18	0.01926	0.01971	0.02863	0.05517	0.19056	0.11244	0.17529	0.05954	0.01964	0.02540	0.05394	0.09946	0.02156	0.01083	0.00928	0.00262	0.03406	0.04749	0.00500	0.01014
19	0.09190	0.01750	0.06180	0.11228	0.08452	0.01691	0.06677	0.16481	0.02182	0.13696	0.02143	0.10152	0.01779	0.01101	0.00882	0.02979	0.00849	0.00889	0.00619	0.01081
20	0.02020	0.01684	0.02407	0.08400	0.14260	0.01867	0.04077	0.08575	0.04848	0.08145	0.01691	0.03853	0.01396	0.00996	0.01272	0.00257	0.20134	0.00734	0.00508	0.12874
21	0.01859	0.12603	0.02723	0.30912	0.18077	0.05514	0.01920	0.07288	0.01865	0.02375	0.01877	0.02285	0.05740	0.00856	0.00754	0.00238	0.00958	0.00721	0.00425	0.01012
22	0.12017	0.08595	0.07452	0.01590	0.02125	0.07953	0.01379	0.20403	0.13823	0.03357	0.04808	0.02540	0.01874	0.05259	0.00934	0.00274	0.00833	0.03076	0.00625	0.01083

[dist]
# distance from previous block
# <min> <max>
0	13

[block]
# block no. 5 follows, 24 sequences, length 40
# corresponding to MSA columns:
# 596-605,607-636
name=unknown_F
#
# <colnr> <probs for GDERKNQSTAVLIFYWHMCP>
#	G	D	E	R	K	N	Q	S	T	A	V	L	I	F	Y	W	H	M	C	P
0	0.01861	0.01867	0.02231	0.09317	0.06805	0.14161	0.10956	0.07663	0.05481	0.02597	0.11060	0.08122	0.09012	0.04153	0.00986	0.00273	0.00913	0.01037	0.00576	0.00930
1	0.01219	0.00843	0.01094	0.01189	0.01373	0.00790	0.00945	0.01490	0.01801	0.05367	0.10685	0.24472	0.17624	0.02121	0.01013	0.00318	0.00557	0.25617	0.00758	0.00726
2	0.00980	0.00714	0.00927	0.01091	0.01168	0.00661	0.00750	0.01136	0.01566	0.02055	0.04755	0.61423	0.11828	0.02418	0.01008	0.00318	0.00468	0.05347	0.00736	0.00651
3	0.01891	0.07140	0.18305	0.08049	0.18817	0.02037	0.21229	0.06520	0.01879	0.02609	0.01494	0.01906	0.01153	0.00743	0.00852	0.00249	0.02861	0.00730	0.00401	0.01133
4	0.01071	0.00771	0.01011	0.01146	0.01251	0.00732	0.00846	0.01282	0.01656	0.02193	0.10307	0.40568	0.09209	0.07406	0.01243	0.00355	0.00539	0.17021	0.00729	0.00665
5	0.01069	0.00740	0.00916	0.01002	0.01041	0.00715	0.00640	0.01169	0.01414	0.01895	0.07636	0.35850	0.04322	0.33324	0.02352	0.00517	0.00600	0.03584	0.00631	0.00581
6	0.01475	0.01311	0.01811	0.05665	0.12594	0.04214	0.01353	0.01729	0.01427	0.02000	0.02027	0.09705	0.02044	0.12063	0.21286	0.00636	0.14428	0.00953	0.02470	0.00811
7	0.02189	0.02242	0.05466	0.06146	0.10081	0.16920	0.13083	0.02538	0.01794	0.08732	0.01625	0.02203	0.01340	0.01054	0.01278	0.04186	0.14528	0.03152	0.00454	0.00990
8	0.01425	0.00751	0.00796	0.00796	0.00965	0.00764	0.00589	0.01763	0.01594	0.02761	0.02539	0.03118	0.02084	0.06063	0.07025	0.00323	0.00556	0.00776	0.64592	0.00719
9	0.24270	0.01101	0.01195	0.01116	0.01444	0.01113	0.00855	0.02185	0.01703	0.17536	0.07397	0.24574	0.03084	0.01430	0.00764	0.00265	0.00540	0.01195	0.07350	0.00883
10	0.01271	0.01033	0.01263	0.07500	0.01768	0.01093	0.00986	0.01997	0.18175	0.02375	0.04305	0.38782	0.12548	0.01901	0.00929	0.00296	0.00550	0.01683	0.00719	0.00827
11	0.01153	0.00769	0.00865	0.00865	0.00865	0.00769	0.00480	0.01153	0.01153	0.01538	0.02499	0.05189	0.02883	0.72131	0.04036	0.00769	0.00769	0.01153	0.00480	0.00480
12	0.01043	0.00700	0.00894	0.01045	0.01107	0.00663	0.00700	0.01205	0.01520	0.02124	0.04046	0.59403	0.04709	0.05575	0.01095	0.00325	0.00463	0.02002	0.10734	0.00649
13	0.01583	0.07933	0.02592	0.59939	0.08931	0.01895	0.02139	0.02083	0.01601	0.02046	0.01386	0.02028	0.01066	0.00777	0.00766	0.00254	0.01031	0.00679	0.00354	0.00916
14	0.02005	0.02315	0.04063	0.03006	0.03653	0.11297	0.47836	0.02548	0.01841	0.02379	0.01482	0.01991	0.01158	0.00779	0.01113	0.00269	0.10000	0.00847	0.00395	0.01024
15	0.02923	0.01528	0.01818	0.01453	0.01991	0.01535	0.01181	0.17620	0.12443	0.35075	0.02794	0.02589	0.01902	0.00982	0.00767	0.00240	0.00674	0.00786	0.10439	0.01258
16	0.72469	0.01520	0.01213	0.01069	0.01568	0.01735	0.00881	0.02440	0.01415	0.08112	0.01248	0.01388	0.00937	0.00754	0.00513	0.00245	0.00618	0.00456	0.00526	0.00894
17	0.01236	0.01103	0.01446	0.01432	0.01570	0.05720	0.06650	0.01429	0.01584	0.02059	0.03699	0.56190	0.04329	0.02136	0.01078	0.00310	0.04735	0.01919	0.00659	0.00716
18	0.01603	0.01167	0.01200	0.01163	0.01273	0.09598	0.00817	0.01624	0.05091	0.01795	0.01725	0.02592	0.01599	0.06598	0.05886	0.44293	0.00822	0.00721	0.09883	0.00549
19	0.07075	0.03901	0.59413	0.02161	0.03240	0.05780	0.02701	0.02537	0.01685	0.02552	0.01389	0.01632	0.00995	0.00756	0.00732	0.00248	0.01147	0.00570	0.00350	0.01135
20	0.01710	0.01763	0.03457	0.02617	0.03168	0.01749	0.40268	0.02352	0.07559	0.02430	0.02133	0.10765	0.01930	0.01157	0.01185	0.04788	0.06026	0.03495	0.00484	0.00965
21	0.01174	0.00824	0.01088	0.01224	0.01327	0.00814	0.00946	0.01392	0.01580	0.02075	0.03795	0.22346	0.04282	0.20473	0.01842	0.00460	0.00678	0.32368	0.00667	0.00645
22	0.01259	0.00722	0.00959	0.00969	0.00982	0.00713	0.00615	0.01083	0.01133	0.01499	0.02205	0.07262	0.04837	0.26931	0.03226	0.43088	0.00693	0.00975	0.00429	0.00421
23	0.12544	0.02327	0.19121	0.01701	0.02416	0.01826	0.01667	0.14882	0.14618	0.17701	0.02200	0.02143	0.01538	0.00902	0.00746	0.00250	0.00825	0.00696	0.00677	0.01219
24	0.01244	0.00910	0.01089	0.01133	0.01313	0.00894	0.00818	0.01732	0.11100	0.04669	0.10096	0.34747	0.15156	0.06630	0.01158	0.00328	0.00510	0.04954	0.00750	0.00766
25	0.00988	0.00773	0.00898	0.00957	0.01139	0.00683	0.00697	0.01199	0.01774	0.02256	0.14641	0.28089	0.36026	0.02118	0.00969	0.00287	0.00432	0.04644	0.00755	0.00675
26	0.01791	0.02015	0.07816	0.28946	0.20491	0.06307	0.10560	0.02301	0.01698	0.02260	0.01413	0.01968	0.01120	0.00805	0.00960	0.00260	0.07180	0.00714	0.00371	0.01026
27	0.01051	0.00781	0.01028	0.01129	0.01206	0.00773	0.00793	0.01232	0.01622	0.02194	0.14046	0.49520	0.07827	0.05519	0.01227	0.00332	0.04232	0.04095	0.00725	0.00669
28	0.02270	0.01892	0.01738	0.01560	0.01922	0.19213	0.01225	0.09462	0.04597	0.13406	0.08228	0.05670	0.02514	0.02169	0.14731	0.00458	0.01161	0.06169	0.00648	0.00967
29	0.00995	0.00729	0.00939	0.01077	0.01172	0.00673	0.00752	0.01176	0.01640	0.02165	0.10530	0.53779	0.13257	0.02328	0.01000	0.00311	0.00461	0.05607	0.00748	0.00662
30	0.04872	0.02781	0.30411	0.07956	0.03043	0.05071	0.07747	0.09842	0.05672	0.02844	0.01993	0.02222	0.04458	0.00869	0.00762	0.00246	0.01000	0.00717	0.06414	0.01080
31	0.01077	0.00761	0.01005	0.01160	0.01234	0.00734	0.00838	0.01253	0.01541	0.02039	0.04032	0.44803	0.04696	0.13339	0.01509	0.00403	0.00579	0.17663	0.00694	0.00641
32	0.02962	0.03779	0.02247	0.02043	0.02451	0.68948	0.01532	0.03166	0.02247	0.01941	0.01226	0.01430	0.01021	0.00817	0.00715	0.00204	0.01430	0.00511	0.00409	0.00919
33	0.01106	0.00840	0.00983	0.01023	0.01171	0.00808	0.00710	0.01461	0.07488	0.02254	0.13852	0.29395	0.19372	0.14083	0.01484	0.00371	0.00502	0.01686	0.00719	0.00693
34	0.05244	0.08591	0.02300	0.01788	0.04789	0.13730	0.01396	0.18022	0.09897	0.10402	0.01846	0.01917	0.01395	0.00894	0.00850	0.00225	0.05832	0.00644	0.00613	0.09625
35	0.05913	0.01280	0.01610	0.01557	0.05955	0.01320	0.01123	0.09996	0.04230	0.11485	0.11383	0.18510	0.05476	0.01707	0.04974	0.00323	0.05662	0.01185	0.00699	0.05613
36	0.02135	0.10456	0.08246	0.05536	0.04221	0.10782	0.07215	0.11786	0.06321	0.07687	0.02275	0.15537	0.02084	0.01153	0.00802	0.00250	0.00913	0.00980	0.00582	0.01040
37	0.07774	0.13624	0.02358	0.03795	0.14306	0.09832	0.01435	0.05659	0.08176	0.02447	0.01914	0.08491	0.01795	0.06848	0.04727	0.00336	0.04196	0.00818	0.00493	0.00977
38	0.06182	0.17540	0.07417	0.01607	0.05910	0.07936	0.01304	0.07179	0.03362	0.09202	0.01823	0.02383	0.01564	0.13018	0.01234	0.00303	0.00842	0.00679	0.04536	0.05979
39	0.13314	0.06849	0.05782	0.01658	0.06637	0.05314	0.01286	0.14793	0.09719	0.06101	0.02785	0.03009	0.10944	0.07250	0.01027	0.00288	0.00769	0.00835	0.00615	0.01028

[dist]
# distance from previous block
# <min> <max>
8	25

[block]
# block no. 6 follows, 24 sequences, length 35
# corresponding to MSA columns:
# 671-705
name=unknown_G
#
# <colnr> <probs for GDERKNQSTAVLIFYWHMCP>
#	G	D	E	R	K	N	Q	S	T	A	V	L	I	F	Y	W	H	M	C	P
0	0.01133	0.00891	0.01246	0.01618	0.11187	0.00840	0.00967	0.01341	0.01611	0.02165	0.04415	0.48685	0.13808	0.02081	0.00948	0.00295	0.00521	0.01872	0.03629	0.00745
1	0.01714	0.01144	0.01569	0.06816	0.01966	0.01095	0.05453	0.02223	0.07892	0.15511	0.16743	0.05112	0.24245	0.01459	0.00892	0.00263	0.00603	0.03616	0.00763	0.00922
2	0.20567	0.02867	0.38527	0.01763	0.02572	0.01668	0.02023	0.04689	0.01650	0.02796	0.01811	0.12239	0.01627	0.01021	0.00729	0.00260	0.00912	0.00806	0.00453	0.01020
3	0.01230	0.01371	0.11408	0.06246	0.01962	0.01072	0.01341	0.01602	0.01553	0.02108	0.03238	0.12797	0.08058	0.08310	0.18780	0.00594	0.01126	0.15890	0.00546	0.00768
4	0.01671	0.14536	0.58295	0.02123	0.03219	0.02039	0.02690	0.02490	0.01665	0.02413	0.01374	0.01613	0.01007	0.00742	0.00716	0.00239	0.01123	0.00561	0.00336	0.01148
5	0.01751	0.24871	0.48660	0.01986	0.03009	0.02235	0.02453	0.02470	0.01655	0.02316	0.01326	0.01552	0.01008	0.00731	0.00679	0.00226	0.01074	0.00537	0.00336	0.01125
6	0.01404	0.00988	0.01328	0.01437	0.06620	0.00952	0.00970	0.06020	0.02064	0.06244	0.31223	0.26909	0.05438	0.01768	0.00936	0.00275	0.00509	0.03303	0.00785	0.00828
7	0.01038	0.00802	0.00946	0.00921	0.01136	0.00710	0.00687	0.01328	0.02028	0.02692	0.39269	0.09687	0.32253	0.01823	0.00940	0.00260	0.00390	0.01572	0.00809	0.00710
8	0.01288	0.00937	0.01129	0.01174	0.01325	0.00931	0.00826	0.10772	0.01854	0.02455	0.04168	0.51558	0.09446	0.06722	0.01169	0.00334	0.00538	0.01902	0.00728	0.00743
9	0.02082	0.01917	0.02503	0.08536	0.22007	0.09242	0.06207	0.07179	0.14605	0.05366	0.02242	0.03033	0.01892	0.01012	0.00833	0.00260	0.00930	0.08469	0.00568	0.01117
10	0.02798	0.02508	0.12378	0.01891	0.02607	0.02365	0.01724	0.55093	0.03416	0.04619	0.01831	0.01869	0.01296	0.00922	0.00787	0.00240	0.00918	0.00694	0.00723	0.01322
11	0.32209	0.01909	0.08129	0.12578	0.15311	0.01841	0.12469	0.02357	0.01590	0.02879	0.01338	0.01720	0.01036	0.00729	0.00692	0.00251	0.00915	0.00624	0.00422	0.01002
12	0.01130	0.00930	0.01523	0.01475	0.01648	0.00874	0.10464	0.01368	0.01598	0.02132	0.03935	0.55743	0.04572	0.02183	0.01008	0.00317	0.00616	0.07083	0.00685	0.00716
13	0.01962	0.01424	0.01686	0.01246	0.01916	0.01147	0.00999	0.02459	0.06887	0.12566	0.01817	0.01911	0.01395	0.00687	0.00637	0.00149	0.00604	0.00554	0.00575	0.59380
14	0.01095	0.00783	0.01062	0.01208	0.01321	0.00750	0.00920	0.01345	0.01732	0.02318	0.13816	0.40528	0.05356	0.02254	0.01028	0.00325	0.00538	0.22175	0.00755	0.00689
15	0.07730	0.02569	0.01917	0.01702	0.02068	0.34907	0.01296	0.05908	0.07058	0.02292	0.01440	0.01755	0.01208	0.01152	0.01185	0.11902	0.05578	0.00582	0.00458	0.07293
16	0.01874	0.02967	0.34600	0.02827	0.13144	0.01847	0.17570	0.02691	0.05147	0.07175	0.01693	0.01971	0.01233	0.00759	0.00809	0.00253	0.01113	0.00721	0.00430	0.01177
17	0.00959	0.00718	0.00891	0.01029	0.01130	0.00650	0.00703	0.01113	0.01590	0.02054	0.05286	0.55627	0.20641	0.02365	0.00993	0.00308	0.00445	0.02109	0.00736	0.00650
18	0.01377	0.00689	0.01033	0.01033	0.01033	0.00689	0.00689	0.01033	0.01033	0.01377	0.01377	0.02410	0.01377	0.02755	0.03099	0.76928	0.00689	0.00689	0.00344	0.00344
19	0.01470	0.01171	0.01632	0.01501	0.01756	0.01202	0.07437	0.11203	0.07291	0.02623	0.03420	0.42153	0.03716	0.02245	0.06834	0.00382	0.00771	0.01648	0.00690	0.00852
20	0.01555	0.01521	0.02729	0.60039	0.05261	0.01799	0.11661	0.02104	0.01629	0.02104	0.01439	0.02118	0.01079	0.00774	0.00815	0.00265	0.01100	0.00740	0.00360	0.00910
21	0.01247	0.00971	0.01159	0.01143	0.01370	0.00969	0.00867	0.01915	0.14170	0.02806	0.30967	0.15878	0.14758	0.01755	0.00937	0.00277	0.00471	0.06718	0.00807	0.00816
22	0.01590	0.04102	0.68023	0.02260	0.03432	0.01842	0.02930	0.02511	0.01674	0.02511	0.01423	0.01674	0.01005	0.00753	0.00753	0.00251	0.01172	0.00586	0.00335	0.01172
23	0.01958	0.01741	0.02577	0.20370	0.15551	0.01957	0.07184	0.14105	0.10939	0.02904	0.01923	0.06016	0.01584	0.00977	0.00963	0.00265	0.06522	0.00839	0.00531	0.01094
24	0.00984	0.00735	0.00921	0.01061	0.01171	0.00672	0.00748	0.01156	0.01612	0.02080	0.05232	0.51302	0.19906	0.02347	0.01001	0.00313	0.00468	0.06901	0.00736	0.00657
25	0.01498	0.01409	0.02378	0.70226	0.05462	0.01762	0.02202	0.02026	0.01586	0.02026	0.01409	0.02114	0.01057	0.00793	0.00793	0.00264	0.01057	0.00705	0.00352	0.00881
26	0.02067	0.03184	0.37528	0.02268	0.03199	0.03843	0.11989	0.14668	0.04703	0.06436	0.01700	0.01889	0.01209	0.00805	0.00793	0.00250	0.01099	0.00686	0.00489	0.01196
27	0.34815	0.01867	0.01590	0.01349	0.01851	0.12268	0.01084	0.09894	0.02003	0.16996	0.02246	0.02231	0.06886	0.00936	0.00665	0.00240	0.00767	0.00661	0.00638	0.01013
28	0.03310	0.00831	0.00945	0.00955	0.01112	0.00846	0.00683	0.01630	0.04925	0.02449	0.08323	0.14325	0.07658	0.13648	0.09017	0.00443	0.00671	0.01173	0.26352	0.00704
29	0.01803	0.01840	0.02088	0.01845	0.01939	0.12526	0.01488	0.02000	0.01404	0.01937	0.01361	0.02085	0.01297	0.04714	0.12283	0.00473	0.43516	0.00709	0.03863	0.00831
30	0.01233	0.00743	0.00942	0.00942	0.00947	0.00749	0.00576	0.01120	0.01115	0.01492	0.02080	0.04105	0.02304	0.44487	0.06287	0.28241	0.00794	0.00974	0.00429	0.00440
31	0.01224	0.00835	0.01035	0.01105	0.01265	0.00785	0.00781	0.01547	0.06238	0.06834	0.08106	0.47408	0.15524	0.02151	0.00965	0.00300	0.00473	0.01912	0.00766	0.00747
32	0.07314	0.01599	0.01771	0.01317	0.01983	0.01433	0.01064	0.15302	0.04115	0.03186	0.01551	0.01716	0.01229	0.00690	0.00631	0.00157	0.00651	0.00532	0.00550	0.53209
33	0.01284	0.11725	0.01495	0.01057	0.01271	0.01119	0.00813	0.01536	0.01804	0.02486	0.33296	0.11164	0.04901	0.11285	0.06089	0.02971	0.00640	0.01235	0.03103	0.00727
34	0.02128	0.04542	0.04720	0.11780	0.05577	0.06885	0.03123	0.08325	0.07126	0.12561	0.02241	0.09353	0.01901	0.01033	0.00778	0.00235	0.00828	0.02893	0.00603	0.13367

[dist]
# distance from previous block
# <min> <max>
1	12

[block]
# block no. 7 follows, 24 sequences, length 23
# corresponding to MSA columns:
# 718-740
name=unknown_H
#
# <colnr> <probs for GDERKNQSTAVLIFYWHMCP>
#	G	D	E	R	K	N	Q	S	T	A	V	L	I	F	Y	W	H	M	C	P
0	0.07157	0.01722	0.06117	0.01686	0.04057	0.09709	0.05964	0.08692	0.01987	0.05336	0.07776	0.26651	0.03274	0.01533	0.00875	0.00275	0.00783	0.04865	0.00642	0.00898
1	0.05287	0.01220	0.01475	0.01586	0.09637	0.01233	0.01077	0.11463	0.03532	0.05009	0.11044	0.06786	0.15623	0.01346	0.00808	0.00248	0.00582	0.05644	0.15486	0.00916
2	0.22119	0.09669	0.11713	0.01658	0.02243	0.04640	0.06172	0.09955	0.06424	0.03018	0.01982	0.05901	0.01770	0.01045	0.00733	0.00257	0.00848	0.08311	0.00542	0.01001
3	0.02119	0.56301	0.03607	0.01434	0.02021	0.11118	0.01339	0.02370	0.01654	0.01872	0.01228	0.01490	0.01122	0.01263	0.07901	0.00293	0.01058	0.00481	0.00357	0.00972
4	0.02199	0.05483	0.01962	0.01351	0.02028	0.01481	0.01111	0.15461	0.02161	0.11184	0.01712	0.01810	0.01301	0.00718	0.00653	0.00162	0.00673	0.00560	0.00595	0.47398
5	0.01771	0.02228	0.12019	0.14930	0.07671	0.01951	0.40116	0.02418	0.01769	0.02426	0.01521	0.02052	0.01150	0.00729	0.00941	0.00266	0.03778	0.00830	0.00382	0.01052
6	0.01498	0.01409	0.02378	0.70226	0.05462	0.01762	0.02202	0.02026	0.01586	0.02026	0.01409	0.02114	0.01057	0.00793	0.00793	0.00264	0.01057	0.00705	0.00352	0.00881
7	0.01204	0.00836	0.01024	0.01049	0.01191	0.00854	0.00766	0.01524	0.04679	0.02218	0.07981	0.12990	0.09937	0.17440	0.15164	0.00576	0.00864	0.06632	0.12386	0.00685
8	0.01105	0.00805	0.01007	0.00959	0.01132	0.00742	0.00698	0.01413	0.02059	0.02858	0.52137	0.06024	0.13591	0.10463	0.01322	0.00316	0.00426	0.01426	0.00809	0.00706
9	0.01275	0.00869	0.01035	0.01064	0.01183	0.00872	0.00731	0.07035	0.01665	0.02320	0.05227	0.33725	0.05316	0.19334	0.04900	0.00448	0.00637	0.01551	0.10126	0.00687
10	0.02142	0.01824	0.02102	0.01617	0.02233	0.06519	0.06039	0.13026	0.11076	0.06597	0.01832	0.01955	0.01409	0.00787	0.00763	0.00191	0.02936	0.00634	0.00586	0.35733
11	0.01727	0.21707	0.51610	0.02028	0.03073	0.02175	0.02526	0.02476	0.01658	0.02345	0.01341	0.01571	0.01008	0.00734	0.00691	0.00230	0.01089	0.00544	0.00336	0.01132
12	0.02191	0.56379	0.03833	0.01869	0.10209	0.10061	0.01510	0.02467	0.01704	0.01964	0.01164	0.01375	0.01048	0.00697	0.00565	0.00182	0.00922	0.00469	0.00353	0.01037
13	0.01054	0.00795	0.00979	0.00994	0.01179	0.00720	0.00742	0.01337	0.01965	0.02628	0.34874	0.18045	0.23674	0.01921	0.00961	0.00275	0.00422	0.05928	0.00800	0.00707
14	0.02101	0.01298	0.01458	0.01247	0.01618	0.03491	0.00981	0.11249	0.09137	0.16364	0.23255	0.03659	0.03682	0.01176	0.00792	0.00235	0.00566	0.00980	0.15697	0.01012
15	0.08802	0.20914	0.09093	0.01631	0.02183	0.14395	0.01483	0.02376	0.01650	0.02242	0.01207	0.01494	0.01038	0.00819	0.00940	0.00211	0.12781	0.00511	0.00392	0.15840
16	0.01107	0.00777	0.01006	0.01060	0.01117	0.00804	0.00715	0.01233	0.01305	0.01776	0.02937	0.21312	0.03301	0.34050	0.20586	0.00776	0.01054	0.03953	0.00540	0.00593
17	0.01151	0.00890	0.01061	0.01030	0.01248	0.00849	0.00766	0.01656	0.08885	0.02807	0.38364	0.13899	0.20901	0.01759	0.00931	0.00265	0.00418	0.01532	0.00817	0.00771
18	0.01427	0.01218	0.01769	0.01583	0.01656	0.01532	0.03461	0.01572	0.01228	0.01799	0.01651	0.02761	0.01648	0.13283	0.23647	0.08935	0.28907	0.00818	0.00393	0.00712
19	0.01893	0.01437	0.01753	0.01302	0.01919	0.01218	0.01053	0.02220	0.01676	0.10641	0.01584	0.01786	0.01259	0.00723	0.00830	0.00158	0.08139	0.00535	0.00520	0.59354
20	0.01065	0.00805	0.00966	0.01047	0.01184	0.00761	0.00739	0.01351	0.05149	0.02176	0.09429	0.36163	0.20247	0.09701	0.01307	0.00351	0.00499	0.05658	0.00722	0.00679
21	0.01598	0.01565	0.04696	0.02307	0.17958	0.03723	0.03499	0.05059	0.05854	0.02530	0.07909	0.12512	0.14898	0.01414	0.01064	0.00273	0.08247	0.03352	0.00588	0.00953
22	0.02573	0.02214	0.02192	0.01933	0.06866	0.13014	0.01457	0.36258	0.02911	0.03760	0.02155	0.02525	0.04690	0.01003	0.00784	0.00229	0.00906	0.04535	0.00660	0.09335

[dist]
# distance from previous block
# <min> <max>
0	2

[block]
# block no. 8 follows, 24 sequences, length 23
# corresponding to MSA columns:
# 747-769
name=unknown_I
#
# <colnr> <probs for GDERKNQSTAVLIFYWHMCP>
#	G	D	E	R	K	N	Q	S	T	A	V	L	I	F	Y	W	H	M	C	P
0	0.05263	0.18801	0.23125	0.01875	0.02604	0.14324	0.04118	0.02804	0.05666	0.08815	0.01570	0.01722	0.01194	0.00815	0.00778	0.00229	0.04173	0.00587	0.00451	0.01084
1	0.02293	0.02121	0.01895	0.05793	0.02233	0.21922	0.01331	0.18050	0.02298	0.06322	0.02131	0.12051	0.01943	0.02050	0.13459	0.00434	0.01215	0.00903	0.00584	0.00971
