[name]
unknown

[dist]
# distance from previous block
# <min> <max>
0	29

[block]
# block no. 0 follows, 29 sequences, length 14
# corresponding to MSA columns:
# 29-42
name=unknown_A
#
# <colnr> <probs for GDERKNQSTAVLIFYWHMCP>
#	G	D	E	R	K	N	Q	S	T	A	V	L	I	F	Y	W	H	M	C	P
0	0.01760	0.01786	0.02397	0.03104	0.38823	0.13479	0.06047	0.02100	0.01637	0.02106	0.01706	0.02779	0.01613	0.08131	0.01026	0.00271	0.00904	0.08994	0.00402	0.00936
1	0.01271	0.00807	0.00936	0.00918	0.01062	0.00839	0.00661	0.07891	0.01508	0.02274	0.02490	0.16724	0.02458	0.16147	0.12252	0.00447	0.00704	0.01009	0.28952	0.00652
2	0.02373	0.14162	0.02109	0.01589	0.01968	0.52268	0.01239	0.02582	0.01863	0.01849	0.01240	0.01438	0.01033	0.00727	0.00595	0.00176	0.01081	0.00473	0.10417	0.00818
3	0.06171	0.11507	0.12044	0.07817	0.18009	0.06629	0.05410	0.12197	0.08825	0.02589	0.01467	0.01686	0.01140	0.00716	0.00662	0.00211	0.00866	0.00592	0.00435	0.01027
4	0.08214	0.05581	0.06251	0.02351	0.27004	0.01410	0.01471	0.02157	0.01567	0.10275	0.01583	0.05722	0.01327	0.00727	0.00634	0.00187	0.00693	0.00624	0.00451	0.21773
5	0.01232	0.00867	0.01043	0.01055	0.01173	0.00884	0.00760	0.09714	0.01543	0.02048	0.02922	0.22450	0.03265	0.31691	0.02008	0.00452	0.00626	0.15079	0.00573	0.00616
6	0.05352	0.01503	0.01763	0.09708	0.02212	0.08262	0.03759	0.10219	0.05666	0.30823	0.02537	0.07697	0.05349	0.00979	0.00724	0.00226	0.00724	0.00809	0.00672	0.01014
7	0.01842	0.05191	0.22115	0.02116	0.10897	0.08851	0.07860	0.03780	0.12287	0.07791	0.02875	0.01955	0.01380	0.02268	0.00817	0.00231	0.03720	0.00648	0.02366	0.01013
8	0.11673	0.01580	0.02277	0.02600	0.25148	0.01940	0.01670	0.01923	0.01287	0.02112	0.01080	0.01576	0.00979	0.00963	0.01539	0.00266	0.39552	0.00597	0.00342	0.00897
9	0.01182	0.00887	0.01028	0.00994	0.01207	0.00861	0.00763	0.09748	0.01835	0.02396	0.17283	0.12502	0.25625	0.09314	0.01143	0.00299	0.00494	0.11091	0.00667	0.00681
10	0.01856	0.01613	0.01991	0.09010	0.06161	0.08156	0.08208	0.21674	0.05017	0.02746	0.01898	0.08975	0.01664	0.04229	0.08982	0.00346	0.00949	0.00812	0.04800	0.00913
11	0.01908	0.11569	0.04386	0.09721	0.23010	0.11172	0.01572	0.04492	0.04281	0.06687	0.01601	0.01826	0.03361	0.00714	0.00647	0.00192	0.00825	0.00587	0.00423	0.11027
12	0.01074	0.00901	0.01260	0.01391	0.08409	0.00904	0.03281	0.01269	0.01447	0.01923	0.08627	0.25202	0.20592	0.10383	0.04019	0.00343	0.06377	0.01374	0.00561	0.00663
13	0.05843	0.01448	0.01677	0.01337	0.01854	0.05881	0.01086	0.07239	0.10689	0.51291	0.02575	0.02289	0.01690	0.00873	0.00702	0.00220	0.00653	0.00694	0.00801	0.01159

[dist]
# distance from previous block
# <min> <max>
0	8

[block]
# block no. 1 follows, 29 sequences, length 6
# corresponding to MSA columns:
# 51-56
name=unknown_B
#
# <colnr> <probs for GDERKNQSTAVLIFYWHMCP>
#	G	D	E	R	K	N	Q	S	T	A	V	L	I	F	Y	W	H	M	C	P
0	0.01782	0.01509	0.02879	0.02125	0.02702	0.01370	0.37409	0.02224	0.01703	0.14083	0.05026	0.08776	0.04778	0.00874	0.00791	0.00226	0.00882	0.00927	0.00514	0.09419
1	0.51036	0.09459	0.07543	0.01062	0.01500	0.01566	0.00958	0.01911	0.01214	0.02610	0.01059	0.01359	0.00878	0.00969	0.00866	0.13820	0.00630	0.00438	0.00391	0.00732
2	0.01215	0.00869	0.01043	0.01064	0.01188	0.00879	0.00738	0.12559	0.01645	0.02198	0.03237	0.49250	0.03721	0.15254	0.01370	0.00349	0.00527	0.01606	0.00628	0.00660
3	0.00948	0.00706	0.00863	0.00909	0.01046	0.00649	0.00664	0.01153	0.01599	0.02104	0.21730	0.22955	0.22595	0.09753	0.01175	0.00307	0.00438	0.09135	0.00667	0.00602
4	0.06618	0.05955	0.06555	0.13778	0.02500	0.05660	0.03563	0.13471	0.04564	0.05581	0.01464	0.01725	0.01135	0.02551	0.00702	0.00199	0.00769	0.00558	0.00467	0.22184
5	0.06473	0.13983	0.25840	0.01583	0.02244	0.01746	0.03648	0.06423	0.13285	0.08378	0.01891	0.08200	0.01551	0.00878	0.00667	0.00221	0.00785	0.00708	0.00491	0.01005

[dist]
# distance from previous block
# <min> <max>
0	9

[block]
# block no. 2 follows, 29 sequences, length 45
# corresponding to MSA columns:
# 66-110
name=unknown_C
#
# <colnr> <probs for GDERKNQSTAVLIFYWHMCP>
#	G	D	E	R	K	N	Q	S	T	A	V	L	I	F	Y	W	H	M	C	P
0	0.09515	0.17005	0.18597	0.05682	0.04217	0.03927	0.05353	0.08467	0.04041	0.07000	0.01536	0.01905	0.01220	0.00778	0.00674	0.00214	0.02487	0.03602	0.02815	0.00964
1	0.10775	0.04897	0.10562	0.06397	0.06070	0.01683	0.03709	0.19159	0.03944	0.09600	0.01583	0.01856	0.01214	0.04422	0.00925	0.02574	0.03577	0.00609	0.00513	0.05928
2	0.01820	0.06192	0.14414	0.04673	0.18971	0.05733	0.04825	0.09343	0.09169	0.04673	0.01871	0.02054	0.05177	0.00810	0.00777	0.00218	0.04537	0.00665	0.00455	0.03623
3	0.00976	0.00759	0.00924	0.00940	0.01132	0.00653	0.00668	0.01159	0.01480	0.01995	0.08594	0.43399	0.17740	0.01799	0.00825	0.00243	0.00417	0.01593	0.00628	0.14075
4	0.02287	0.27095	0.05525	0.01466	0.02028	0.08017	0.01309	0.33282	0.02395	0.03093	0.01435	0.01533	0.01112	0.00752	0.00604	0.00188	0.00800	0.00534	0.05509	0.01037
5	0.07048	0.07663	0.01916	0.01371	0.01890	0.07560	0.03191	0.22430	0.02127	0.08996	0.01700	0.06519	0.01393	0.00817	0.00634	0.00185	0.00706	0.00641	0.02820	0.20393
6	0.02548	0.14155	0.02280	0.01734	0.02145	0.58763	0.01351	0.05484	0.01988	0.01848	0.01110	0.01281	0.00929	0.00720	0.00617	0.00180	0.01185	0.00455	0.00372	0.00855
7	0.01056	0.00766	0.00927	0.00873	0.01083	0.00696	0.00659	0.01393	0.03883	0.04933	0.47059	0.05598	0.25377	0.01525	0.00833	0.00229	0.00359	0.01318	0.00749	0.00683
8	0.00857	0.00682	0.00770	0.00833	0.00993	0.00594	0.00592	0.01020	0.01534	0.01912	0.07952	0.33301	0.42533	0.01960	0.00868	0.00259	0.00380	0.01700	0.00665	0.00594
9	0.00996	0.00742	0.00948	0.01026	0.01189	0.00694	0.00817	0.01254	0.01666	0.02176	0.18374	0.18578	0.20925	0.01866	0.00906	0.00278	0.00476	0.25771	0.00684	0.00632
10	0.01681	0.01921	0.04202	0.03001	0.03721	0.01801	0.67947	0.02281	0.01681	0.02281	0.01441	0.01921	0.01080	0.00600	0.00840	0.00240	0.01200	0.00840	0.00360	0.00960
11	0.00957	0.00763	0.00869	0.00907	0.01070	0.00729	0.00659	0.01227	0.05343	0.01970	0.05271	0.30960	0.36266	0.01843	0.00906	0.00258	0.03474	0.01578	0.04317	0.00633
12	0.01036	0.00690	0.00777	0.00777	0.00777	0.00690	0.00431	0.01036	0.01036	0.01381	0.02244	0.04660	0.02589	0.74975	0.03624	0.00690	0.00690	0.01036	0.00431	0.00431
13	0.02729	0.02102	0.02098	0.01639	0.02186	0.09668	0.01339	0.57578	0.03133	0.07846	0.01704	0.01703	0.01210	0.00843	0.00705	0.00211	0.00828	0.00626	0.00684	0.01170
14	0.01477	0.01266	0.01477	0.01055	0.01687	0.00949	0.00844	0.01793	0.01477	0.02320	0.01266	0.01477	0.01055	0.00527	0.00527	0.00105	0.00527	0.00422	0.00422	0.79328
15	0.00864	0.00692	0.00775	0.00831	0.01003	0.00602	0.00602	0.01035	0.01551	0.01923	0.07909	0.28701	0.45221	0.01936	0.00867	0.00258	0.00386	0.03581	0.00665	0.00597
16	0.00923	0.00710	0.00844	0.00841	0.01020	0.00631	0.00619	0.01168	0.01770	0.02344	0.36171	0.15762	0.31222	0.01702	0.00850	0.00240	0.00357	0.01476	0.00719	0.00631
17	0.04889	0.01677	0.01676	0.01447	0.01888	0.08562	0.01139	0.08114	0.42327	0.16472	0.02555	0.02357	0.01853	0.00908	0.00704	0.00229	0.00658	0.00727	0.00710	0.01108
18	0.02702	0.02145	0.02124	0.01659	0.02207	0.09732	0.01356	0.61130	0.03205	0.04192	0.01644	0.01664	0.01179	0.00842	0.00705	0.00210	0.00837	0.00621	0.00675	0.01169
19	0.01528	0.01711	0.05351	0.02459	0.02952	0.01685	0.43442	0.01981	0.01517	0.02104	0.01713	0.12706	0.01591	0.00968	0.01126	0.00260	0.14673	0.00967	0.00394	0.00872
20	0.01391	0.01341	0.02258	0.54910	0.04235	0.01667	0.06602	0.01818	0.01382	0.01831	0.01248	0.01877	0.00984	0.00937	0.03308	0.00279	0.12164	0.00650	0.00321	0.00796
21	0.00998	0.00729	0.00844	0.00823	0.01010	0.00648	0.00599	0.01211	0.01690	0.04437	0.27819	0.10623	0.34484	0.09559	0.01141	0.00286	0.00399	0.01389	0.00686	0.00625
22	0.01147	0.00820	0.01147	0.01311	0.01475	0.00820	0.01147	0.01475	0.01639	0.02131	0.03770	0.08032	0.04098	0.01967	0.00984	0.00328	0.00656	0.65741	0.00656	0.00656
23	0.04264	0.01771	0.01790	0.01559	0.01880	0.17649	0.03487	0.06685	0.06016	0.16989	0.02146	0.10200	0.01898	0.01141	0.01015	0.00246	0.13106	0.06681	0.00572	0.00905
24	0.01575	0.00989	0.01037	0.00924	0.01191	0.01035	0.00722	0.15996	0.04076	0.02943	0.02719	0.02908	0.09065	0.01118	0.03349	0.00224	0.00501	0.00757	0.48081	0.00789
25	0.01664	0.02039	0.08705	0.02936	0.03679	0.01791	0.63563	0.02279	0.01669	0.02279	0.01430	0.01893	0.01068	0.00605	0.00829	0.00239	0.01191	0.00819	0.00356	0.00967
26	0.01036	0.00690	0.00777	0.00777	0.00777	0.00690	0.00431	0.01036	0.01036	0.01381	0.02244	0.04660	0.02589	0.74975	0.03624	0.00690	0.00690	0.01036	0.00431	0.00431
27	0.43461	0.31138	0.02198	0.01097	0.01614	0.02128	0.00990	0.06544	0.01450	0.02672	0.01039	0.01188	0.00858	0.00653	0.00465	0.00193	0.00651	0.00401	0.00404	0.00858
28	0.02660	0.03394	0.02018	0.01834	0.02201	0.72116	0.01376	0.02843	0.02018	0.01743	0.01101	0.01284	0.00917	0.00734	0.00642	0.00183	0.01284	0.00459	0.00367	0.00825
29	0.02516	0.01693	0.01861	0.01477	0.01985	0.01838	0.01204	0.41593	0.15026	0.14537	0.02142	0.02061	0.01516	0.00877	0.00700	0.00216	0.00684	0.00684	0.06230	0.01157
30	0.01019	0.00755	0.01105	0.01105	0.01218	0.00869	0.00841	0.01246	0.01133	0.01624	0.01943	0.02998	0.01867	0.12835	0.64778	0.01096	0.01776	0.00792	0.00387	0.00614
31	0.02080	0.06839	0.04515	0.01491	0.01948	0.12631	0.01221	0.07721	0.38902	0.09337	0.02458	0.02325	0.03581	0.00902	0.00694	0.00222	0.00720	0.00711	0.00637	0.01063
32	0.02426	0.01718	0.01914	0.01514	0.01997	0.01889	0.01236	0.51908	0.02859	0.07986	0.01823	0.02009	0.01373	0.03760	0.11835	0.00372	0.00944	0.00676	0.00663	0.01099
33	0.00990	0.00737	0.00911	0.00947	0.01108	0.00684	0.00730	0.01233	0.01672	0.02202	0.25092	0.11380	0.22755	0.08983	0.01156	0.00305	0.00463	0.17360	0.00675	0.00618
34	0.01664	0.01923	0.08161	0.08482	0.23797	0.01742	0.39023	0.02217	0.01632	0.02259	0.01387	0.01844	0.01073	0.00624	0.00779	0.00230	0.01066	0.00742	0.00351	0.01004
35	0.01303	0.00679	0.00711	0.00726	0.00887	0.00679	0.00555	0.01625	0.01494	0.02572	0.02452	0.03198	0.02052	0.02965	0.00628	0.00195	0.00371	0.06581	0.69672	0.00657
36	0.10218	0.07610	0.23760	0.02440	0.12943	0.01830	0.19256	0.02169	0.01489	0.02278	0.01242	0.01593	0.00972	0.00703	0.00854	0.00230	0.08494	0.00609	0.00341	0.00970
37	0.05568	0.33323	0.09709	0.01843	0.09127	0.13003	0.03781	0.02272	0.03765	0.01949	0.01144	0.01386	0.00978	0.00720	0.00756	0.00197	0.08724	0.00489	0.00342	0.00923
38	0.58584	0.08771	0.01484	0.01117	0.01569	0.11445	0.00922	0.05017	0.01436	0.02905	0.01037	0.01196	0.00824	0.00674	0.00482	0.00208	0.00682	0.00406	0.00429	0.00811
39	0.01240	0.00991	0.01097	0.01082	0.01277	0.01054	0.00772	0.02056	0.26883	0.02176	0.03617	0.23649	0.11994	0.17154	0.01408	0.00350	0.00522	0.01286	0.00636	0.00757
40	0.02484	0.03082	0.02064	0.02069	0.09649	0.61039	0.01432	0.02701	0.01974	0.01859	0.04362	0.01526	0.01212	0.00757	0.00658	0.00188	0.01192	0.00517	0.00385	0.00851
41	0.00989	0.00717	0.00937	0.01049	0.01166	0.00683	0.00804	0.01205	0.01538	0.02023	0.11338	0.31557	0.11842	0.06849	0.01101	0.00317	0.00502	0.24117	0.00657	0.00608
42	0.01139	0.00796	0.01024	0.00958	0.01149	0.00774	0.00727	0.01573	0.06248	0.04933	0.55222	0.04737	0.05657	0.01732	0.07199	0.00305	0.00500	0.01170	0.03443	0.00715
43	0.01036	0.00690	0.00777	0.00777	0.00777	0.00690	0.00431	0.01036	0.01036	0.01381	0.02244	0.04660	0.02589	0.74975	0.03624	0.00690	0.00690	0.01036	0.00431	0.00431
44	0.17781	0.43742	0.08241	0.01488	0.06478	0.08274	0.01316	0.02198	0.01464	0.02078	0.01046	0.01227	0.00899	0.00637	0.00503	0.00178	0.00791	0.00417	0.00340	0.00903

[dist]
# distance from previous block
# <min> <max>
0	1

[block]
# block no. 3 follows, 29 sequences, length 12
# corresponding to MSA columns:
# 112-123
name=unknown_D
#
# <colnr> <probs for GDERKNQSTAVLIFYWHMCP>
#	G	D	E	R	K	N	Q	S	T	A	V	L	I	F	Y	W	H	M	C	P
0	0.01532	0.16500	0.54336	0.01952	0.02901	0.01874	0.07010	0.02235	0.01506	0.02152	0.01237	0.01468	0.00917	0.00659	0.00649	0.00213	0.01010	0.00522	0.00306	0.01021
1	0.01234	0.00831	0.01058	0.01026	0.01159	0.00878	0.00738	0.06767	0.01416	0.04521	0.05221	0.14648	0.02636	0.23846	0.26243	0.00682	0.01039	0.01045	0.04373	0.00640
2	0.01032	0.00749	0.01022	0.01160	0.01291	0.00739	0.00939	0.01284	0.01517	0.01985	0.03922	0.26812	0.09080	0.02309	0.06806	0.00377	0.00666	0.37046	0.00635	0.00627
3	0.75363	0.01414	0.01112	0.00979	0.01427	0.01634	0.00806	0.06061	0.01340	0.03272	0.01035	0.01190	0.00798	0.00673	0.00457	0.00220	0.00565	0.00401	0.00457	0.00798
4	0.01086	0.00811	0.01145	0.01119	0.01221	0.00953	0.00854	0.01303	0.01150	0.01691	0.01903	0.02943	0.01826	0.14329	0.51818	0.00943	0.07547	0.00782	0.05955	0.00621
5	0.01359	0.01133	0.01443	0.01347	0.01612	0.01203	0.05981	0.04837	0.27516	0.02420	0.03372	0.33414	0.05751	0.01541	0.00826	0.00264	0.00553	0.03916	0.00664	0.00847
6	0.01036	0.00690	0.00777	0.00777	0.00777	0.00690	0.00431	0.01036	0.01036	0.01381	0.02244	0.04660	0.02589	0.74975	0.03624	0.00690	0.00690	0.01036	0.00431	0.00431
7	0.00933	0.00710	0.00863	0.00891	0.01056	0.00640	0.00664	0.01171	0.01714	0.02261	0.29406	0.20676	0.27649	0.01779	0.00867	0.00252	0.00387	0.06749	0.00706	0.00627
8	0.01585	0.01401	0.06069	0.01913	0.12610	0.01419	0.03305	0.06649	0.07100	0.07217	0.03777	0.02336	0.01635	0.02558	0.27662	0.00578	0.10113	0.00720	0.00463	0.00890
9	0.00879	0.00723	0.00773	0.00760	0.00984	0.00617	0.00570	0.01093	0.01710	0.02131	0.21208	0.06512	0.56120	0.01726	0.00841	0.00237	0.00355	0.01455	0.00688	0.00617
10	0.26457	0.01634	0.01697	0.01342	0.01868	0.01766	0.01108	0.33749	0.02407	0.18701	0.01731	0.01697	0.01198	0.00801	0.00630	0.00217	0.00673	0.00579	0.00666	0.01077
11	0.01903	0.08725	0.02463	0.01921	0.05627	0.10408	0.16446	0.08841	0.16210	0.05610	0.04124	0.08876	0.01913	0.00949	0.00741	0.00227	0.00836	0.02677	0.00539	0.00966

[dist]
# distance from previous block
# <min> <max>
0	1

[block]
# block no. 4 follows, 29 sequences, length 29
# corresponding to MSA columns:
# 125-153
name=unknown_E
#
# <colnr> <probs for GDERKNQSTAVLIFYWHMCP>
#	G	D	E	R	K	N	Q	S	T	A	V	L	I	F	Y	W	H	M	C	P
0	0.01644	0.18574	0.21569	0.07980	0.19402	0.03945	0.01861	0.03624	0.04437	0.02144	0.01660	0.04421	0.04249	0.00778	0.00655	0.00209	0.00855	0.00639	0.00374	0.00982
1	0.07890	0.14329	0.18484	0.01797	0.09405	0.06781	0.01571	0.07662	0.08762	0.02470	0.01405	0.01562	0.01101	0.00685	0.00607	0.00190	0.00803	0.00520	0.00419	0.13558
2	0.01074	0.00971	0.04630	0.00982	0.01229	0.00829	0.00802	0.04044	0.01840	0.02494	0.36847	0.08949	0.24945	0.01511	0.00888	0.00234	0.03523	0.01281	0.00685	0.02241
3	0.01479	0.11394	0.37672	0.01701	0.02409	0.05299	0.06471	0.02046	0.02998	0.02055	0.03989	0.02320	0.04333	0.11582	0.01103	0.00284	0.00923	0.00675	0.00369	0.00897
4	0.01380	0.01113	0.01607	0.01390	0.01633	0.01150	0.10182	0.11482	0.04476	0.02329	0.08052	0.24481	0.05326	0.09561	0.04994	0.04511	0.03808	0.01219	0.00567	0.00739
5	0.01021	0.00746	0.00989	0.01110	0.01253	0.00714	0.00895	0.01278	0.01604	0.02096	0.10884	0.24568	0.13329	0.01962	0.00931	0.00296	0.00523	0.34500	0.00671	0.00630
6	0.05172	0.01555	0.02708	0.15415	0.37003	0.01592	0.12785	0.02132	0.01598	0.05078	0.01578	0.02302	0.01332	0.00758	0.00739	0.00230	0.00884	0.05750	0.00397	0.00993
7	0.01458	0.01363	0.02204	0.54451	0.15339	0.01620	0.01922	0.02085	0.08561	0.02024	0.01449	0.01956	0.01107	0.00726	0.00712	0.00234	0.00892	0.00651	0.00365	0.00881
8	0.03376	0.01595	0.08853	0.05604	0.04597	0.01539	0.09487	0.07553	0.17505	0.02347	0.01799	0.02248	0.01480	0.05355	0.09224	0.08646	0.06736	0.00717	0.00465	0.00875
9	0.01100	0.00943	0.01525	0.01393	0.01614	0.00899	0.13204	0.01449	0.05030	0.02074	0.08188	0.40956	0.08883	0.01752	0.00884	0.00273	0.00582	0.07940	0.00616	0.00693
10	0.56498	0.01560	0.01370	0.08662	0.01910	0.05338	0.01014	0.11727	0.01587	0.03164	0.01130	0.01322	0.00861	0.00698	0.00519	0.00219	0.00664	0.00452	0.00463	0.00840
11	0.01081	0.00728	0.00931	0.00889	0.01060	0.00664	0.00658	0.01310	0.01803	0.05098	0.46395	0.08718	0.16469	0.01639	0.01043	0.08512	0.00384	0.01270	0.00711	0.00638
12	0.01533	0.00765	0.00882	0.00819	0.01034	0.00741	0.00622	0.01820	0.01553	0.13103	0.06263	0.03108	0.05336	0.06339	0.06563	0.00296	0.00528	0.00778	0.47188	0.00728
13	0.01007	0.00811	0.01023	0.01135	0.06662	0.00736	0.00778	0.01280	0.01775	0.02332	0.30559	0.05959	0.34417	0.01590	0.00843	0.00240	0.00417	0.07080	0.00683	0.00676
14	0.10408	0.01367	0.01516	0.01275	0.01707	0.01453	0.01015	0.10754	0.26213	0.22705	0.04735	0.02481	0.01942	0.03519	0.00783	0.00241	0.00583	0.00732	0.05516	0.01056
15	0.00899	0.00678	0.00797	0.00856	0.00975	0.00613	0.00588	0.01050	0.01483	0.01914	0.12574	0.32920	0.27481	0.12327	0.01263	0.00322	0.00425	0.01616	0.00643	0.00576
16	0.01495	0.00929	0.01159	0.01036	0.01302	0.00891	0.00797	0.04997	0.07858	0.14008	0.42491	0.08764	0.08680	0.01358	0.00808	0.00229	0.00427	0.01179	0.00777	0.00816
17	0.01573	0.01505	0.02564	0.35013	0.37196	0.01649	0.04275	0.02067	0.03293	0.02115	0.01350	0.01852	0.01074	0.00677	0.00713	0.00225	0.00897	0.00645	0.00346	0.00972
18	0.01429	0.01186	0.01648	0.01466	0.01539	0.01534	0.01178	0.01611	0.01168	0.05456	0.01507	0.02326	0.01430	0.10089	0.22030	0.00575	0.38678	0.00713	0.03715	0.00721
19	0.00978	0.00670	0.00822	0.00877	0.00984	0.00626	0.00609	0.01180	0.01547	0.02171	0.21056	0.33935	0.11184	0.08287	0.01071	0.00287	0.00402	0.01510	0.11202	0.00603
20	0.01222	0.00694	0.00810	0.00806	0.00962	0.00722	0.00613	0.01534	0.01446	0.02414	0.07691	0.02906	0.02209	0.02038	0.18916	0.00422	0.00737	0.00740	0.52462	0.00657
21	0.71763	0.01302	0.01006	0.00908	0.01320	0.01500	0.00743	0.02048	0.01241	0.03138	0.01131	0.01314	0.00882	0.00679	0.00447	0.00215	0.00528	0.00415	0.08663	0.00760
22	0.01790	0.01208	0.01478	0.01125	0.01692	0.00955	0.00917	0.02099	0.01607	0.16213	0.01841	0.02355	0.01517	0.00750	0.00613	0.00152	0.00557	0.07324	0.00539	0.55269
23	0.02249	0.28522	0.02525	0.01550	0.01975	0.41945	0.01263	0.02444	0.01764	0.01725	0.01290	0.07144	0.01222	0.00811	0.00598	0.00181	0.01030	0.00558	0.00369	0.00837
24	0.00920	0.00695	0.00850	0.00874	0.01026	0.00625	0.00631	0.01150	0.01715	0.02289	0.33018	0.25749	0.24307	0.01779	0.00860	0.00248	0.00365	0.01562	0.00713	0.00625
25	0.02961	0.11458	0.01613	0.01147	0.01391	0.01375	0.00896	0.09842	0.02701	0.07540	0.03435	0.05826	0.01982	0.23520	0.13247	0.00507	0.06267	0.00815	0.02725	0.00752
26	0.07712	0.01157	0.01760	0.03968	0.01924	0.01112	0.14484	0.02017	0.06001	0.14525	0.07107	0.16502	0.16190	0.01272	0.00788	0.00243	0.00632	0.01149	0.00621	0.00837
27	0.01261	0.00879	0.01070	0.01081	0.01253	0.00870	0.00781	0.10415	0.03965	0.05384	0.08489	0.49255	0.08794	0.01855	0.00858	0.00266	0.00468	0.01647	0.00689	0.00720
28	0.01710	0.05686	0.03122	0.11140	0.46408	0.01763	0.15428	0.02163	0.01603	0.02229	0.01333	0.01775	0.01088	0.00634	0.00720	0.00217	0.00924	0.00662	0.00348	0.01047

[dist]
# distance from previous block
# <min> <max>
0	3

[block]
# block no. 5 follows, 29 sequences, length 14
# corresponding to MSA columns:
# 157-170
name=unknown_F
#
# <colnr> <probs for GDERKNQSTAVLIFYWHMCP>
#	G	D	E	R	K	N	Q	S	T	A	V	L	I	F	Y	W	H	M	C	P
0	0.01602	0.04593	0.06831	0.08650	0.08956	0.04168	0.14505	0.06705	0.11107	0.02465	0.10117	0.02927	0.02203	0.01180	0.04671	0.00284	0.00887	0.06727	0.00503	0.00919
1	0.01650	0.01560	0.02713	0.15415	0.29402	0.01613	0.15836	0.07948	0.01731	0.02381	0.03902	0.05301	0.01485	0.01019	0.04657	0.00277	0.00954	0.00771	0.00411	0.00973
2	0.02249	0.01815	0.10359	0.01620	0.02187	0.01612	0.07442	0.27720	0.05486	0.17010	0.11089	0.02528	0.02122	0.00928	0.00745	0.00224	0.00746	0.02366	0.00673	0.01080
3	0.01694	0.14639	0.22007	0.01981	0.11320	0.04368	0.06246	0.07544	0.05282	0.02367	0.01608	0.04801	0.01341	0.02936	0.00736	0.00221	0.00836	0.00650	0.08460	0.00963
4	0.00917	0.00680	0.00895	0.01022	0.01073	0.00670	0.00704	0.01047	0.01356	0.01808	0.03850	0.62166	0.07503	0.05621	0.01107	0.00308	0.03967	0.04087	0.00633	0.00585
5	0.01216	0.00767	0.00997	0.01024	0.01170	0.00728	0.00745	0.01489	0.04303	0.09161	0.19638	0.35196	0.04547	0.08411	0.01117	0.00304	0.00467	0.07344	0.00695	0.00681
6	0.06408	0.05634	0.01890	0.01480	0.01958	0.01982	0.01198	0.27803	0.37140	0.03488	0.02245	0.02138	0.01668	0.00889	0.00690	0.00225	0.00656	0.00698	0.00682	0.01128
7	0.04830	0.01748	0.05602	0.10430	0.17374	0.04617	0.07808	0.15471	0.07448	0.02689	0.01729	0.07800	0.01472	0.00890	0.00814	0.00231	0.05054	0.00761	0.02248	0.00985
8	0.00965	0.00629	0.00792	0.00922	0.00990	0.00596	0.00626	0.01133	0.01391	0.01995	0.03585	0.59263	0.04098	0.01934	0.00822	0.00263	0.00396	0.01736	0.17269	0.00596
9	0.00876	0.00673	0.00805	0.00894	0.01024	0.00601	0.00634	0.01041	0.01509	0.01925	0.08642	0.42043	0.30237	0.02014	0.00882	0.00268	0.00398	0.04272	0.00667	0.00595
10	0.04114	0.44510	0.14935	0.01336	0.01936	0.04786	0.01372	0.02106	0.04299	0.01949	0.04492	0.05263	0.04693	0.00813	0.00569	0.00186	0.00763	0.00598	0.00382	0.00898
11	0.08928	0.01238	0.01387	0.04209	0.01689	0.01315	0.00964	0.08530	0.20296	0.19467	0.02383	0.02353	0.01722	0.00862	0.00635	0.00212	0.00546	0.00687	0.21591	0.00986
12	0.01164	0.00666	0.01000	0.01000	0.01042	0.00709	0.00709	0.01042	0.01000	0.01375	0.01460	0.02375	0.01418	0.03427	0.25856	0.53293	0.01047	0.00666	0.00333	0.00418
13	0.03457	0.02072	0.20210	0.13854	0.02585	0.07453	0.01624	0.11387	0.04932	0.02534	0.08032	0.02921	0.06997	0.00987	0.00729	0.00231	0.00820	0.06088	0.02188	0.00900

[dist]
# distance from previous block
# <min> <max>
0	1

[block]
# block no. 6 follows, 29 sequences, length 27
# corresponding to MSA columns:
# 172-198
name=unknown_G
#
# <colnr> <probs for GDERKNQSTAVLIFYWHMCP>
#	G	D	E	R	K	N	Q	S	T	A	V	L	I	F	Y	W	H	M	C	P
0	0.01558	0.03532	0.13187	0.09327	0.04653	0.06941	0.07175	0.06414	0.03320	0.02090	0.01604	0.07017	0.01452	0.04314	0.11999	0.00398	0.13024	0.00749	0.00397	0.00848
1	0.00875	0.00639	0.00826	0.00972	0.01041	0.00590	0.00665	0.01013	0.01403	0.01842	0.04297	0.64256	0.12214	0.02172	0.00904	0.00285	0.00416	0.04345	0.00661	0.00584
2	0.01434	0.03772	0.01960	0.24730	0.02766	0.03580	0.08916	0.04450	0.03688	0.01857	0.01475	0.02171	0.01270	0.04730	0.13031	0.15436	0.02970	0.00683	0.00367	0.00713
3	0.11518	0.20906	0.07172	0.01796	0.06668	0.10424	0.12051	0.05900	0.01673	0.04823	0.04082	0.04217	0.01405	0.03581	0.00745	0.00221	0.00859	0.00635	0.00421	0.00905
4	0.01879	0.02230	0.19047	0.03826	0.02274	0.10889	0.05257	0.14743	0.09392	0.04709	0.04787	0.02205	0.04072	0.00846	0.00686	0.00213	0.00824	0.00681	0.10469	0.00970
5	0.01887	0.31573	0.29590	0.01670	0.02398	0.17737	0.01802	0.02338	0.01595	0.01915	0.01126	0.01314	0.00910	0.00663	0.00583	0.00188	0.00990	0.00455	0.00317	0.00948
6	0.01621	0.01826	0.03955	0.02854	0.03525	0.01711	0.63021	0.02187	0.01657	0.02247	0.01622	0.07236	0.01346	0.00720	0.00845	0.00244	0.01143	0.00927	0.00382	0.00932
7	0.10447	0.07283	0.01811	0.01336	0.01818	0.05415	0.01095	0.21107	0.10523	0.20732	0.02368	0.02278	0.06444	0.00948	0.00735	0.02594	0.00676	0.00687	0.00664	0.01040
8	0.00952	0.00719	0.00885	0.00927	0.01076	0.00677	0.00692	0.01160	0.01543	0.02014	0.15904	0.17978	0.25672	0.09001	0.08478	0.00393	0.00595	0.10099	0.00631	0.00604
9	0.01056	0.00813	0.01207	0.01281	0.04136	0.00800	0.05674	0.01244	0.01381	0.01909	0.03235	0.47496	0.03700	0.09028	0.01183	0.00315	0.03039	0.05231	0.06638	0.00633
10	0.01119	0.00867	0.01043	0.01043	0.01227	0.00875	0.00772	0.01732	0.15848	0.02482	0.29589	0.25341	0.09654	0.01625	0.00841	0.00252	0.00420	0.03812	0.00722	0.00734
11	0.01428	0.03683	0.71286	0.02030	0.03082	0.01654	0.02631	0.02255	0.01503	0.02255	0.01278	0.01503	0.00902	0.00677	0.00677	0.00226	0.01052	0.00526	0.00301	0.01052
12	0.03141	0.01298	0.01706	0.01308	0.01861	0.01174	0.01080	0.10562	0.02182	0.63732	0.02689	0.02345	0.01702	0.00878	0.00716	0.00220	0.00625	0.00708	0.00863	0.01212
13	0.00945	0.00712	0.00879	0.00896	0.01059	0.00645	0.00667	0.01197	0.01757	0.02351	0.35627	0.19329	0.23378	0.01736	0.00864	0.00248	0.00380	0.05980	0.00718	0.00633
14	0.01441	0.03046	0.52897	0.01773	0.02715	0.01468	0.02160	0.02133	0.01496	0.02272	0.01275	0.01496	0.00942	0.00637	0.00637	0.00194	0.00914	0.00499	0.00333	0.21672
15	0.01621	0.01777	0.03709	0.16782	0.08537	0.01751	0.50584	0.02184	0.01627	0.02194	0.01400	0.01906	0.01058	0.00624	0.00806	0.00238	0.01127	0.00786	0.00351	0.00939
16	0.00868	0.00620	0.00826	0.00991	0.01033	0.00578	0.00661	0.00991	0.01363	0.01818	0.03925	0.74510	0.04710	0.02231	0.00909	0.00289	0.00413	0.02024	0.00661	0.00578
17	0.04835	0.01201	0.01332	0.01210	0.01509	0.01264	0.00936	0.23848	0.06472	0.02913	0.05640	0.26771	0.12825	0.01520	0.00803	0.00251	0.00555	0.04593	0.00677	0.00845
18	0.00936	0.00725	0.00853	0.00821	0.01020	0.00641	0.00616	0.01206	0.01847	0.02455	0.43122	0.05978	0.34004	0.01605	0.00841	0.00231	0.00347	0.01380	0.00731	0.00641
19	0.02663	0.03315	0.02025	0.01823	0.02202	0.68165	0.01375	0.06536	0.02093	0.01898	0.01135	0.01308	0.00934	0.00741	0.00646	0.00185	0.01256	0.00469	0.00386	0.00847
20	0.05634	0.01516	0.01649	0.01338	0.01802	0.06323	0.01078	0.15469	0.10548	0.27380	0.07274	0.02533	0.05417	0.00945	0.00753	0.00216	0.02850	0.00741	0.00712	0.05822
21	0.01709	0.44883	0.28818	0.01554	0.02297	0.02351	0.01762	0.02156	0.01450	0.01893	0.01094	0.01298	0.00910	0.00667	0.00636	0.00188	0.04624	0.00447	0.00303	0.00958
22	0.00901	0.00655	0.00850	0.00946	0.01035	0.00604	0.00654	0.01084	0.01550	0.02092	0.21136	0.51534	0.10322	0.01999	0.00886	0.00269	0.00389	0.01795	0.00692	0.00604
23	0.06599	0.01521	0.02119	0.14544	0.21862	0.01612	0.01568	0.12379	0.10010	0.17813	0.01872	0.01996	0.01354	0.00776	0.00697	0.00222	0.00751	0.00659	0.00566	0.01081
24	0.07667	0.01704	0.02057	0.16806	0.14060	0.06395	0.01515	0.23753	0.05808	0.06552	0.05479	0.01983	0.01485	0.00808	0.00695	0.00219	0.00798	0.00657	0.00541	0.01018
25	0.04654	0.01788	0.03883	0.01451	0.01913	0.11002	0.01181	0.14707	0.24131	0.17854	0.07953	0.02396	0.02044	0.00920	0.00709	0.00222	0.00704	0.00729	0.00692	0.01069
26	0.01533	0.01326	0.01339	0.01204	0.01515	0.06702	0.00928	0.08460	0.25172	0.02838	0.26915	0.03964	0.12732	0.01223	0.00773	0.00228	0.00532	0.01027	0.00708	0.00881

[dist]
# distance from previous block
# <min> <max>
0	1

[block]
# block no. 7 follows, 29 sequences, length 13
# corresponding to MSA columns:
# 200-212
name=unknown_H
#
# <colnr> <probs for GDERKNQSTAVLIFYWHMCP>
#	G	D	E	R	K	N	Q	S	T	A	V	L	I	F	Y	W	H	M	C	P
0	0.01079	0.00890	0.01257	0.04902	0.08469	0.00929	0.00966	0.01299	0.01512	0.02063	0.15854	0.36142	0.10782	0.01702	0.01008	0.00264	0.08121	0.01477	0.00599	0.00686
1	0.06265	0.01590	0.02285	0.07692	0.20955	0.06177	0.11572	0.09183	0.05107	0.02557	0.09000	0.10456	0.02133	0.00952	0.00746	0.00228	0.00795	0.00876	0.00495	0.00935
2	0.01833	0.01203	0.01368	0.01166	0.01542	0.01218	0.00922	0.13606	0.16214	0.15901	0.15840	0.03977	0.19751	0.01228	0.00771	0.00229	0.00518	0.01021	0.00747	0.00944
3	0.00868	0.00620	0.00826	0.00991	0.01033	0.00578	0.00661	0.00991	0.01363	0.01818	0.03925	0.74510	0.04710	0.02231	0.00909	0.00289	0.00413	0.02024	0.00661	0.00578
4	0.01693	0.17454	0.09453	0.18571	0.07867	0.03881	0.12591	0.05516	0.01559	0.02064	0.01212	0.01618	0.00982	0.00751	0.00915	0.00225	0.11792	0.00598	0.00343	0.00915
5	0.04485	0.24913	0.13517	0.05803	0.05326	0.01889	0.04833	0.05432	0.05367	0.16604	0.04138	0.01839	0.01399	0.00746	0.00630	0.00202	0.00780	0.00591	0.00493	0.01014
6	0.02741	0.01416	0.01715	0.01372	0.01886	0.01417	0.01115	0.13404	0.20162	0.42746	0.02666	0.02377	0.01788	0.00900	0.00718	0.00225	0.00622	0.00728	0.00814	0.01189
7	0.01361	0.00882	0.01077	0.01032	0.01240	0.00872	0.00768	0.05096	0.09117	0.08680	0.26079	0.25539	0.04384	0.01494	0.00796	0.00239	0.00430	0.01313	0.08834	0.00767
8	0.01717	0.47202	0.30294	0.01537	0.02321	0.02360	0.01774	0.02181	0.01469	0.01903	0.01103	0.01284	0.00909	0.00636	0.00543	0.00181	0.00876	0.00438	0.00303	0.00968
9	0.01658	0.01602	0.02788	0.11632	0.43064	0.01681	0.11160	0.02081	0.01549	0.02222	0.01364	0.01833	0.01123	0.00708	0.00869	0.00225	0.07840	0.00664	0.04932	0.01005
10	0.00881	0.00638	0.00836	0.00990	0.01052	0.00593	0.00679	0.01020	0.01397	0.01842	0.04149	0.66122	0.09316	0.02186	0.00908	0.00288	0.00423	0.05437	0.00661	0.00584
11	0.01559	0.01483	0.02452	0.27797	0.34411	0.01601	0.05103	0.02131	0.07389	0.02180	0.01803	0.02198	0.05269	0.00758	0.00724	0.00226	0.00846	0.00710	0.00391	0.00971
12	0.02038	0.09689	0.05610	0.01800	0.02352	0.06610	0.17359	0.10103	0.13447	0.12088	0.02001	0.07067	0.01596	0.00857	0.00718	0.00218	0.00830	0.00771	0.00551	0.04296

[dist]
# distance from previous block
# <min> <max>
0	5

[block]
# block no. 8 follows, 29 sequences, length 43
# corresponding to MSA columns:
# 218-260
name=unknown_I
#
# <colnr> <probs for GDERKNQSTAVLIFYWHMCP>
#	G	D	E	R	K	N	Q	S	T	A	V	L	I	F	Y	W	H	M	C	P
0	0.02001	0.01761	0.02623	0.04783	0.05546	0.04470	0.22846	0.17976	0.12677	0.06670	0.01877	0.04990	0.01461	0.00807	0.00748	0.00222	0.00870	0.00771	0.00544	0.06356
1	0.01741	0.01865	0.02234	0.43945	0.15302	0.19080	0.01863	0.02135	0.01604	0.01886	0.01237	0.01723	0.00971	0.00704	0.00693	0.00220	0.01015	0.00590	0.00335	0.00856
2	0.01951	0.01120	0.01359	0.01150	0.01503	0.01096	0.00919	0.14732	0.02126	0.22182	0.18032	0.07789	0.13194	0.01261	0.00809	0.00230	0.02183	0.03420	0.04027	0.00914
3	0.01558	0.01558	0.02181	0.01869	0.01869	0.02181	0.01558	0.01714	0.01091	0.01714	0.00935	0.01558	0.00935	0.01246	0.02337	0.00312	0.73672	0.00623	0.00312	0.00779
4	0.06192	0.01206	0.01498	0.01199	0.01661	0.01132	0.00970	0.09266	0.04870	0.44087	0.09232	0.03018	0.07880	0.03469	0.00822	0.00238	0.00576	0.00826	0.00795	0.01061
5	0.00894	0.00657	0.00844	0.00984	0.01069	0.00608	0.00695	0.01048	0.01434	0.01868	0.04421	0.56800	0.14875	0.02136	0.00906	0.00286	0.00431	0.08794	0.00660	0.00590
6	0.00942	0.00696	0.00888	0.00962	0.01091	0.00643	0.00711	0.01164	0.01631	0.02172	0.23044	0.33639	0.16910	0.01900	0.00888	0.00268	0.00416	0.10721	0.00695	0.00620
7	0.00956	0.00664	0.00837	0.00941	0.00978	0.00642	0.00621	0.01052	0.01267	0.01684	0.03285	0.42401	0.03864	0.29260	0.01926	0.00442	0.00539	0.07534	0.00575	0.00531
8	0.01207	0.00839	0.01115	0.01012	0.01190	0.00839	0.00781	0.01522	0.01930	0.07342	0.59102	0.04770	0.05840	0.01397	0.00972	0.00232	0.07258	0.01187	0.00746	0.00718
9	0.26813	0.02170	0.14334	0.04124	0.03936	0.09927	0.09358	0.11855	0.01795	0.07440	0.01352	0.01529	0.00993	0.00709	0.00627	0.00219	0.00861	0.00547	0.00460	0.00952
10	0.02337	0.02638	0.02220	0.01882	0.02243	0.42019	0.08111	0.08574	0.01958	0.04362	0.04110	0.01638	0.01234	0.00849	0.00951	0.00215	0.12777	0.00584	0.00423	0.00873
11	0.01746	0.01675	0.02861	0.07057	0.67974	0.01688	0.02177	0.02171	0.01614	0.02307	0.01337	0.01768	0.01121	0.00637	0.00705	0.00212	0.00850	0.00634	0.00351	0.01115
12	0.01024	0.00689	0.00798	0.00822	0.00834	0.00685	0.00487	0.01051	0.01096	0.01458	0.02480	0.11726	0.02868	0.64442	0.03235	0.00634	0.00661	0.04089	0.00464	0.00456
13	0.00903	0.00647	0.00858	0.00967	0.01041	0.00602	0.00664	0.01081	0.01529	0.02081	0.20721	0.56964	0.05219	0.02034	0.00891	0.00273	0.00394	0.01838	0.00692	0.00602
14	0.06359	0.01695	0.01896	0.01480	0.02023	0.01802	0.01216	0.40297	0.09073	0.23547	0.02106	0.01980	0.01441	0.00864	0.00702	0.00219	0.00701	0.00666	0.00750	0.01183
15	0.01205	0.00799	0.01041	0.03650	0.01331	0.00776	0.00804	0.05776	0.01600	0.07351	0.06200	0.52768	0.06901	0.01920	0.00872	0.00274	0.00479	0.04894	0.00673	0.00685
16	0.01411	0.01150	0.01235	0.01183	0.01359	0.10875	0.00895	0.01630	0.01330	0.06354	0.01915	0.02779	0.01758	0.12653	0.45685	0.00847	0.01512	0.00746	0.04007	0.00678
17	0.02644	0.01963	0.02101	0.01626	0.02184	0.02179	0.01338	0.63821	0.07789	0.04386	0.01790	0.01773	0.01276	0.00862	0.00713	0.00216	0.00769	0.00652	0.00713	0.01205
18	0.02541	0.01815	0.01972	0.01560	0.02091	0.02000	0.01273	0.47469	0.18170	0.10410	0.02083	0.01992	0.01481	0.00883	0.00715	0.00221	0.00717	0.00685	0.00731	0.01192
19	0.01594	0.01564	0.02781	0.27662	0.34365	0.01640	0.12593	0.02058	0.01557	0.02145	0.01327	0.01822	0.01056	0.00651	0.00721	0.00220	0.00925	0.00658	0.00344	0.04315
20	0.05000	0.02288	0.02560	0.02134	0.05689	0.24691	0.19464	0.10011	0.11168	0.02467	0.01515	0.01727	0.01177	0.00745	0.00762	0.00214	0.03403	0.00640	0.00455	0.03891
21	0.03090	0.01313	0.01707	0.01316	0.01864	0.01206	0.01085	0.10989	0.04456	0.61010	0.02685	0.02349	0.01712	0.00881	0.00716	0.00220	0.00625	0.00710	0.00856	0.01209
22	0.01508	0.01498	0.02741	0.04188	0.16068	0.01521	0.26730	0.04345	0.01592	0.02188	0.02125	0.17722	0.04445	0.01086	0.00980	0.00252	0.08640	0.01045	0.00442	0.00884
23	0.01769	0.31474	0.20365	0.01565	0.02298	0.01959	0.07778	0.02204	0.01529	0.06673	0.01279	0.01456	0.01010	0.00629	0.00579	0.00175	0.00823	0.00491	0.00370	0.15574
24	0.00886	0.00633	0.00848	0.01013	0.01063	0.00595	0.00694	0.01024	0.01382	0.01839	0.03914	0.70030	0.04668	0.02213	0.00914	0.00292	0.00429	0.06318	0.00661	0.00584
25	0.02274	0.01570	0.01702	0.02955	0.01882	0.04231	0.01125	0.37395	0.02562	0.12341	0.02511	0.06160	0.08023	0.01236	0.04333	0.00264	0.00745	0.00804	0.06862	0.01025
26	0.02541	0.01359	0.01674	0.01258	0.01839	0.01207	0.01030	0.13635	0.02068	0.37102	0.02113	0.01990	0.01435	0.00759	0.00653	0.00181	0.00609	0.00606	0.00700	0.27241
27	0.05557	0.01636	0.01857	0.01441	0.01981	0.01704	0.01184	0.38023	0.05551	0.24978	0.04516	0.02073	0.01600	0.00870	0.00702	0.00214	0.00685	0.00677	0.00748	0.04002
28	0.01904	0.75404	0.03731	0.01218	0.01828	0.02818	0.01218	0.02132	0.01447	0.01675	0.00990	0.01142	0.00914	0.00609	0.00457	0.00152	0.00761	0.00381	0.00305	0.00914
29	0.00921	0.00730	0.00838	0.00900	0.01073	0.00663	0.00666	0.01173	0.04188	0.01976	0.07367	0.28748	0.38079	0.01916	0.00873	0.00264	0.00414	0.07925	0.00666	0.00622
30	0.00914	0.00652	0.00842	0.00956	0.01017	0.00613	0.00646	0.01055	0.01411	0.01890	0.11094	0.53121	0.06814	0.11580	0.01255	0.00334	0.00448	0.04141	0.00644	0.00573
31	0.00996	0.00676	0.00800	0.00847	0.00862	0.00665	0.00511	0.01037	0.01137	0.01514	0.02719	0.22704	0.03177	0.54202	0.02851	0.00577	0.00618	0.03135	0.00497	0.00476
32	0.01081	0.00781	0.01001	0.01105	0.01224	0.00767	0.00820	0.06711	0.01597	0.02112	0.03814	0.51912	0.06433	0.02045	0.00906	0.00290	0.00495	0.15594	0.00664	0.00649
33	0.05430	0.01625	0.01450	0.01293	0.01655	0.14709	0.01016	0.11335	0.14433	0.07553	0.06809	0.03747	0.18979	0.01192	0.00747	0.00229	0.00678	0.05601	0.00636	0.00884
34	0.00865	0.00654	0.00799	0.00907	0.01013	0.00589	0.00626	0.01013	0.01465	0.01887	0.07307	0.51792	0.24360	0.02075	0.00886	0.00272	0.00395	0.01842	0.00666	0.00589
35	0.00937	0.00666	0.00886	0.01018	0.01081	0.00643	0.00717	0.01091	0.01380	0.01845	0.06076	0.51625	0.04327	0.10066	0.04742	0.00377	0.00548	0.10768	0.00626	0.00580
36	0.01754	0.01143	0.01170	0.01025	0.01331	0.03768	0.00803	0.13817	0.08993	0.08135	0.06054	0.02912	0.07865	0.00964	0.00628	0.00196	0.00496	0.00774	0.37318	0.00852
37	0.01526	0.01771	0.10544	0.21687	0.03189	0.06510	0.19400	0.01891	0.01428	0.01876	0.01290	0.01859	0.01046	0.01135	0.02936	0.14029	0.06110	0.00664	0.00330	0.00781
38	0.02066	0.01359	0.01564	0.01301	0.01709	0.01420	0.01045	0.23351	0.14153	0.15432	0.19405	0.03363	0.06160	0.01112	0.00762	0.00228	0.00578	0.03219	0.00758	0.01015
39	0.01495	0.01057	0.01232	0.01225	0.03941	0.04235	0.00880	0.07188	0.04678	0.10484	0.16107	0.23057	0.10829	0.04360	0.03480	0.00294	0.00581	0.03422	0.00673	0.00781
40	0.03721	0.06990	0.09102	0.02241	0.09867	0.25239	0.15356	0.06223	0.01791	0.02155	0.01385	0.04685	0.01180	0.00938	0.03381	0.00247	0.03545	0.00651	0.00387	0.00916
41	0.05174	0.05626	0.04528	0.16534	0.07595	0.07027	0.05075	0.04067	0.04169	0.07416	0.02186	0.10115	0.04827	0.01040	0.00766	0.00233	0.02480	0.06453	0.00486	0.04203
42	0.06604	0.06970	0.11169	0.09901	0.15255	0.04856	0.10692	0.06112	0.03931	0.04924	0.03996	0.01887	0.01328	0.00761	0.00726	0.02120	0.00849	0.00635	0.03914	0.03369

[dist]
# distance from previous block
# <min> <max>
17	149

[block]
# block no. 9 follows, 29 sequences, length 24
# corresponding to MSA columns:
# 423-446
name=unknown_J
#
# <colnr> <probs for GDERKNQSTAVLIFYWHMCP>
#	G	D	E	R	K	N	Q	S	T	A	V	L	I	F	Y	W	H	M	C	P
0	0.01290	0.01074	0.01158	0.01082	0.01334	0.03770	0.00819	0.04119	0.19676	0.02663	0.32030	0.10202	0.15171	0.01398	0.00804	0.00235	0.00458	0.01202	0.00720	0.00796
1	0.01932	0.01312	0.01563	0.01151	0.01756	0.01080	0.00930	0.06749	0.03739	0.16989	0.01670	0.01728	0.01248	0.00638	0.00586	0.00141	0.00563	0.00510	0.00548	0.55168
2	0.01790	0.01800	0.01690	0.01515	0.01708	0.21344	0.01197	0.06369	0.01569	0.02021	0.01444	0.01923	0.01262	0.01959	0.17514	0.00440	0.22089	0.00616	0.10978	0.00773
3	0.01918	0.01145	0.01377	0.01347	0.07586	0.05097	0.00948	0.02187	0.01878	0.27160	0.17844	0.04146	0.21948	0.01229	0.00772	0.00224	0.00542	0.01034	0.00721	0.00897
4	0.01210	0.00773	0.00991	0.00918	0.01129	0.00698	0.00695	0.01510	0.01938	0.09847	0.52129	0.08639	0.13837	0.01476	0.00830	0.00229	0.00371	0.01291	0.00773	0.00715
5	0.01607	0.01649	0.02072	0.01800	0.01845	0.08316	0.01481	0.01774	0.01178	0.01711	0.01038	0.01647	0.01010	0.01574	0.08558	0.00376	0.60649	0.00621	0.00323	0.00770
6	0.00956	0.00764	0.00942	0.07327	0.01375	0.00721	0.00753	0.01187	0.01614	0.02062	0.17467	0.15231	0.34372	0.05608	0.00998	0.00275	0.00457	0.06625	0.00641	0.00624
7	0.01796	0.01266	0.01405	0.05421	0.01689	0.04264	0.00964	0.17475	0.05803	0.10619	0.08467	0.03389	0.11865	0.10801	0.06282	0.00346	0.00725	0.00888	0.05677	0.00857
8	0.01753	0.04301	0.21458	0.13611	0.06273	0.01566	0.07838	0.07603	0.04608	0.08544	0.01524	0.01752	0.01121	0.00691	0.00675	0.00204	0.00857	0.00594	0.00436	0.14592
9	0.00887	0.00672	0.00823	0.00927	0.01047	0.00608	0.00662	0.01053	0.01492	0.01914	0.07292	0.44926	0.25830	0.02045	0.00891	0.00274	0.00413	0.06984	0.00665	0.00595
10	0.02119	0.03581	0.06610	0.01392	0.01833	0.04570	0.01181	0.15973	0.15576	0.15509	0.02113	0.02291	0.01609	0.06753	0.01012	0.00254	0.05338	0.00690	0.07994	0.03602
11	0.09289	0.24373	0.27739	0.01839	0.09463	0.05829	0.01770	0.02191	0.01497	0.02158	0.01160	0.01375	0.00930	0.00642	0.00577	0.00190	0.00866	0.00469	0.00334	0.07310
12	0.43804	0.14624	0.05506	0.01250	0.01711	0.08448	0.01107	0.05525	0.01441	0.02674	0.01048	0.01250	0.00854	0.00724	0.00665	0.00213	0.07478	0.00434	0.00405	0.00839
13	0.00988	0.00840	0.01149	0.01011	0.01269	0.00745	0.07122	0.01270	0.01783	0.02324	0.31357	0.05773	0.38613	0.01550	0.00841	0.00234	0.00432	0.01354	0.00680	0.00664
14	0.01820	0.01879	0.01656	0.01477	0.01730	0.24464	0.03228	0.04202	0.09878	0.02218	0.11263	0.04642	0.02209	0.04797	0.02947	0.00269	0.11189	0.00762	0.08569	0.00801
15	0.00868	0.00620	0.00826	0.00991	0.01033	0.00578	0.00661	0.00991	0.01363	0.01818	0.03925	0.74510	0.04710	0.02231	0.00909	0.00289	0.00413	0.02024	0.00661	0.00578
16	0.01053	0.00744	0.00927	0.00953	0.01107	0.00696	0.00686	0.01363	0.05265	0.05036	0.26531	0.34052	0.15337	0.01783	0.00858	0.00254	0.00395	0.01579	0.00714	0.00668
17	0.01190	0.01044	0.01643	0.01439	0.01703	0.01033	0.14321	0.01688	0.10428	0.02095	0.06057	0.26735	0.10670	0.06190	0.06803	0.00360	0.00733	0.04558	0.00577	0.00734
18	0.00919	0.00700	0.00838	0.00903	0.01048	0.00634	0.00662	0.01108	0.01558	0.02001	0.13449	0.28070	0.29544	0.06235	0.01044	0.00291	0.00429	0.09306	0.00662	0.00599
19	0.01076	0.00824	0.00941	0.00898	0.01109	0.00770	0.00669	0.07131	0.01857	0.02437	0.27618	0.14001	0.31794	0.04497	0.00946	0.00256	0.00409	0.01398	0.00699	0.00670
20	0.01449	0.03541	0.65860	0.02108	0.03134	0.01666	0.07913	0.02257	0.01518	0.02257	0.01291	0.01537	0.00916	0.00670	0.00690	0.00227	0.01064	0.00552	0.00305	0.01045
21	0.01468	0.01108	0.01377	0.01256	0.01505	0.01238	0.00996	0.07386	0.16134	0.06052	0.14524	0.03496	0.06373	0.02432	0.21696	0.00508	0.06732	0.04281	0.00603	0.00835
22	0.32060	0.01376	0.01401	0.01163	0.01650	0.01439	0.00941	0.04654	0.16641	0.18761	0.01894	0.01843	0.01363	0.00768	0.00587	0.00209	0.00570	0.00568	0.00611	0.11502
23	0.04631	0.02617	0.01928	0.05521	0.02209	0.44315	0.01363	0.08651	0.01947	0.02102	0.01371	0.01933	0.01207	0.00881	0.00828	0.00211	0.07884	0.05776	0.00419	0.04206

[dist]
# distance from previous block
# <min> <max>
0	1

[block]
# block no. 10 follows, 29 sequences, length 50
# corresponding to MSA columns:
# 448-469,471-498
name=unknown_K
#
# <colnr> <probs for GDERKNQSTAVLIFYWHMCP>
#	G	D	E	R	K	N	Q	S	T	A	V	L	I	F	Y	W	H	M	C	P
0	0.13118	0.01119	0.01229	0.01141	0.01456	0.01148	0.00886	0.08378	0.11553	0.05329	0.04886	0.22744	0.07293	0.01372	0.00746	0.00241	0.00529	0.07224	0.00629	0.08978
