[name]
unknown

[dist]
# distance from previous block
# <min> <max>
0	74

[block]
# block no. 0 follows, 32 sequences, length 17
# corresponding to MSA columns:
# 88-104
name=unknown_A
#
# <colnr> <probs for GDERKNQSTAVLIFYWHMCP>
#	G	D	E	R	K	N	Q	S	T	A	V	L	I	F	Y	W	H	M	C	P
0	0.01081	0.00772	0.01081	0.01236	0.01390	0.00772	0.01081	0.01390	0.01545	0.02008	0.03553	0.07569	0.03862	0.01854	0.00927	0.00309	0.00618	0.67717	0.00618	0.00618
1	0.01586	0.01237	0.01446	0.01046	0.01633	0.00984	0.00842	0.06560	0.01552	0.07303	0.01324	0.01470	0.01051	0.00542	0.00522	0.00114	0.00519	0.00431	0.00447	0.69391
2	0.02349	0.01779	0.01900	0.01503	0.02004	0.01987	0.01227	0.54839	0.18639	0.03904	0.01867	0.01815	0.01348	0.00829	0.00674	0.00207	0.00691	0.00639	0.00674	0.01123
3	0.00818	0.00584	0.00779	0.00934	0.00973	0.00545	0.00623	0.00934	0.01285	0.01713	0.03698	0.75981	0.04438	0.02102	0.00856	0.00273	0.00389	0.01908	0.00623	0.00545
4	0.00826	0.00590	0.00786	0.00929	0.00975	0.00551	0.00624	0.00955	0.01323	0.01774	0.07992	0.71511	0.04557	0.02056	0.00852	0.00269	0.00385	0.01864	0.00630	0.00551
5	0.01346	0.03471	0.72942	0.01912	0.02904	0.01558	0.02479	0.02125	0.01417	0.02125	0.01204	0.01417	0.00850	0.00637	0.00637	0.00212	0.00992	0.00496	0.00283	0.00992
6	0.14974	0.01166	0.01470	0.01146	0.01649	0.01066	0.00946	0.03071	0.01801	0.62030	0.02385	0.02101	0.01518	0.00799	0.00635	0.00208	0.00563	0.00627	0.00767	0.01078
7	0.00809	0.00619	0.00743	0.00842	0.00949	0.00553	0.00582	0.00945	0.01373	0.01749	0.04820	0.50817	0.28878	0.01956	0.00833	0.00256	0.00371	0.01730	0.00623	0.00553
8	0.01395	0.11594	0.65253	0.01828	0.02773	0.01680	0.02332	0.02112	0.01411	0.02064	0.01174	0.01379	0.00851	0.00630	0.00615	0.00205	0.00961	0.00481	0.00284	0.00977
9	0.06618	0.01657	0.10762	0.17056	0.02416	0.09054	0.03363	0.07677	0.06444	0.07617	0.01992	0.18626	0.01847	0.01029	0.00690	0.00224	0.00746	0.00874	0.00483	0.00824
10	0.01661	0.01594	0.02724	0.04119	0.72233	0.01594	0.02059	0.02059	0.01528	0.02192	0.01262	0.01661	0.01063	0.00598	0.00664	0.00199	0.00797	0.00598	0.00332	0.01063
11	0.00959	0.00719	0.01078	0.01078	0.01198	0.00839	0.00839	0.01198	0.01078	0.01558	0.01797	0.02636	0.01677	0.05032	0.73760	0.01078	0.01797	0.00719	0.00359	0.00599
12	0.67982	0.01191	0.00944	0.00858	0.01205	0.01365	0.00674	0.01809	0.01115	0.02730	0.01128	0.01632	0.01008	0.13078	0.00908	0.00280	0.00541	0.00464	0.00414	0.00674
13	0.01917	0.06648	0.06270	0.04411	0.06779	0.01507	0.01219	0.22420	0.06547	0.11402	0.01860	0.04580	0.01506	0.03861	0.05366	0.00271	0.00744	0.02799	0.03930	0.05966
14	0.10772	0.19834	0.24666	0.01587	0.05563	0.01870	0.01573	0.13675	0.05569	0.06950	0.01357	0.01460	0.01016	0.00675	0.00576	0.00194	0.00770	0.00498	0.00424	0.00973
15	0.11486	0.17308	0.06724	0.01168	0.01575	0.01606	0.01042	0.06357	0.13096	0.02375	0.04422	0.04618	0.01560	0.00955	0.03129	0.00222	0.05329	0.00607	0.10858	0.05565
16	0.04627	0.08863	0.16220	0.01497	0.02075	0.03590	0.05589	0.05519	0.16316	0.17936	0.01822	0.01823	0.01314	0.00745	0.00686	0.00202	0.03446	0.00591	0.00524	0.06615

[dist]
# distance from previous block
# <min> <max>
2	29

[block]
# block no. 1 follows, 32 sequences, length 9
# corresponding to MSA columns:
# 134-142
name=unknown_B
#
# <colnr> <probs for GDERKNQSTAVLIFYWHMCP>
#	G	D	E	R	K	N	Q	S	T	A	V	L	I	F	Y	W	H	M	C	P
0	0.01371	0.01277	0.09179	0.01125	0.01498	0.01019	0.00969	0.14397	0.01748	0.05425	0.03304	0.25976	0.17061	0.01343	0.00729	0.00217	0.00534	0.01149	0.00574	0.11105
1	0.01085	0.00864	0.01023	0.00860	0.01174	0.00718	0.00650	0.01341	0.01570	0.02235	0.29097	0.03896	0.15164	0.07880	0.00922	0.00213	0.00416	0.00932	0.00566	0.29393
2	0.02021	0.01272	0.01448	0.01194	0.01587	0.01293	0.00953	0.30552	0.02263	0.18283	0.03242	0.13921	0.16661	0.01193	0.00725	0.00219	0.00566	0.00986	0.00689	0.00931
3	0.00841	0.00673	0.00761	0.00817	0.00993	0.00593	0.00619	0.01021	0.01480	0.01821	0.05659	0.21264	0.47539	0.01807	0.00826	0.00249	0.00392	0.11454	0.00622	0.00570
4	0.00967	0.00685	0.00908	0.00908	0.00969	0.00746	0.00627	0.01089	0.01028	0.01432	0.01953	0.03498	0.02052	0.40076	0.39227	0.00868	0.01234	0.00845	0.00383	0.00505
5	0.00881	0.00683	0.00802	0.00772	0.00960	0.00604	0.00579	0.01133	0.01737	0.02306	0.43333	0.05646	0.35117	0.01515	0.00792	0.00218	0.00327	0.01302	0.00688	0.00604
6	0.01394	0.01261	0.01768	0.12256	0.02256	0.01072	0.08581	0.01744	0.01405	0.02112	0.01211	0.01497	0.00982	0.00531	0.00556	0.00132	0.00627	0.00471	0.00376	0.59769
7	0.10309	0.01396	0.02222	0.25033	0.40693	0.01510	0.01781	0.01923	0.01423	0.02152	0.01246	0.01674	0.01004	0.00631	0.00630	0.00206	0.00774	0.00573	0.03910	0.00910
8	0.01647	0.01275	0.02070	0.09649	0.40218	0.01271	0.01576	0.01970	0.01518	0.12610	0.01979	0.17509	0.01852	0.00958	0.00707	0.00218	0.00686	0.00887	0.00465	0.00935

[dist]
# distance from previous block
# <min> <max>
2	4

[block]
# block no. 2 follows, 32 sequences, length 18
# corresponding to MSA columns:
# 147-164
name=unknown_C
#
# <colnr> <probs for GDERKNQSTAVLIFYWHMCP>
#	G	D	E	R	K	N	Q	S	T	A	V	L	I	F	Y	W	H	M	C	P
0	0.01682	0.01253	0.01392	0.05443	0.01660	0.01383	0.00956	0.24313	0.16490	0.02834	0.02349	0.02690	0.06604	0.10505	0.05247	0.00310	0.00662	0.00749	0.12616	0.00860
1	0.00956	0.00718	0.00893	0.00882	0.01049	0.00675	0.00665	0.01307	0.05317	0.02396	0.45259	0.13552	0.16188	0.01519	0.00803	0.00228	0.00361	0.05903	0.00695	0.00633
2	0.01391	0.01193	0.01391	0.00994	0.01590	0.00894	0.00795	0.01690	0.01391	0.02186	0.01193	0.01391	0.00994	0.00497	0.00497	0.00099	0.00497	0.00398	0.00398	0.80521
3	0.02079	0.01778	0.12950	0.01637	0.02226	0.01476	0.11840	0.14371	0.07242	0.21530	0.01787	0.01829	0.01256	0.00742	0.00750	0.00204	0.04834	0.00622	0.00552	0.10295
4	0.00847	0.00615	0.00800	0.00895	0.00976	0.00567	0.00617	0.01015	0.01447	0.01951	0.20046	0.54378	0.09557	0.01901	0.00837	0.00255	0.00369	0.01709	0.00650	0.00567
5	0.00818	0.00584	0.00779	0.00934	0.00973	0.00545	0.00623	0.00934	0.01285	0.01713	0.03698	0.75981	0.04438	0.02102	0.00856	0.00273	0.00389	0.01908	0.00623	0.00545
6	0.00928	0.00685	0.00867	0.00822	0.00989	0.00624	0.00616	0.01225	0.01849	0.02571	0.63040	0.05208	0.15244	0.01416	0.00792	0.00213	0.00320	0.01241	0.00723	0.00624
7	0.00856	0.00600	0.00767	0.00886	0.00915	0.00570	0.00571	0.00944	0.01210	0.01614	0.03317	0.58765	0.03957	0.19973	0.01472	0.00363	0.00452	0.01683	0.00571	0.00512
8	0.02313	0.02907	0.02332	0.01959	0.02374	0.58642	0.15640	0.02568	0.01835	0.01748	0.01104	0.01336	0.00897	0.00665	0.00644	0.00184	0.01194	0.00507	0.00344	0.00804
9	0.01794	0.76823	0.03516	0.01148	0.01722	0.02655	0.01148	0.02009	0.01363	0.01579	0.00933	0.01076	0.00861	0.00574	0.00431	0.00144	0.00718	0.00359	0.00287	0.00861
10	0.01185	0.00631	0.00651	0.00651	0.00770	0.00631	0.00454	0.01422	0.01303	0.02213	0.02171	0.02956	0.01893	0.18970	0.01178	0.00275	0.00394	0.00710	0.60969	0.00573
11	0.26161	0.43728	0.02523	0.01146	0.01640	0.11956	0.01039	0.02089	0.01369	0.02025	0.00947	0.01099	0.00820	0.00605	0.00450	0.00167	0.00724	0.00370	0.00334	0.00809
12	0.00793	0.00680	0.00680	0.00680	0.00906	0.00566	0.00510	0.00963	0.01529	0.01813	0.06797	0.06457	0.71961	0.01699	0.00793	0.00227	0.00340	0.01416	0.00623	0.00566
13	0.01722	0.50158	0.22709	0.01469	0.04579	0.02233	0.01543	0.02103	0.01410	0.05100	0.01101	0.01249	0.00903	0.00605	0.00508	0.00168	0.00790	0.00420	0.00313	0.00918
14	0.02034	0.01547	0.01922	0.07312	0.08017	0.01683	0.05705	0.38910	0.05649	0.03344	0.01692	0.01847	0.01256	0.00763	0.00642	0.00198	0.00693	0.00626	0.15169	0.00990
15	0.03010	0.01142	0.01557	0.01194	0.01713	0.00986	0.00986	0.03270	0.01920	0.72698	0.02647	0.02284	0.01661	0.00830	0.00675	0.00208	0.00571	0.00675	0.00830	0.01142
16	0.81159	0.01298	0.00986	0.00882	0.01298	0.01505	0.00727	0.01972	0.01142	0.03010	0.00934	0.01090	0.00727	0.00623	0.00415	0.00208	0.00519	0.00363	0.00415	0.00727
17	0.01931	0.24798	0.12166	0.01520	0.05051	0.14918	0.01350	0.11377	0.05791	0.04232	0.01333	0.01459	0.01053	0.00670	0.00561	0.00173	0.00801	0.00484	0.04778	0.05555

[dist]
# distance from previous block
# <min> <max>
0	1

[block]
# block no. 3 follows, 32 sequences, length 53
# corresponding to MSA columns:
# 166-218
name=unknown_D
#
# <colnr> <probs for GDERKNQSTAVLIFYWHMCP>
#	G	D	E	R	K	N	Q	S	T	A	V	L	I	F	Y	W	H	M	C	P
0	0.01718	0.12739	0.25348	0.01448	0.04912	0.01372	0.01427	0.02105	0.01439	0.17105	0.01645	0.02109	0.01339	0.14572	0.01115	0.00272	0.00749	0.00599	0.00436	0.07551
1	0.01488	0.07384	0.49860	0.01814	0.02620	0.07972	0.08031	0.02118	0.01470	0.02086	0.01276	0.01511	0.00946	0.00645	0.00621	0.00201	0.00945	0.00520	0.07566	0.00924
2	0.02118	0.16873	0.06902	0.02047	0.19234	0.01788	0.01456	0.15046	0.04809	0.17718	0.01603	0.01680	0.01187	0.00722	0.00684	0.00196	0.03828	0.00567	0.00504	0.01035
3	0.00821	0.00608	0.00767	0.00882	0.00963	0.00554	0.00603	0.00959	0.01366	0.01790	0.08338	0.58977	0.16950	0.01985	0.00841	0.00260	0.00376	0.01776	0.00630	0.00554
4	0.01639	0.05547	0.07814	0.32506	0.22665	0.01538	0.05878	0.02071	0.01484	0.10439	0.01384	0.01747	0.01036	0.00656	0.00661	0.00210	0.00841	0.00597	0.00372	0.00916
5	0.01871	0.13849	0.17029	0.03964	0.12675	0.12487	0.03388	0.08799	0.12158	0.05265	0.01479	0.01609	0.01133	0.00694	0.00621	0.00196	0.00843	0.00548	0.00422	0.00972
6	0.01661	0.01594	0.02724	0.04119	0.72233	0.01594	0.02059	0.02059	0.01528	0.02192	0.01262	0.01661	0.01063	0.00598	0.00664	0.00199	0.00797	0.00598	0.00332	0.01063
7	0.01251	0.00625	0.00625	0.00625	0.00782	0.00625	0.00469	0.01563	0.01407	0.02502	0.02189	0.02502	0.01720	0.00782	0.00469	0.00156	0.00313	0.00625	0.80144	0.00625
8	0.01711	0.01477	0.02583	0.17704	0.13894	0.03547	0.23832	0.02128	0.01530	0.11467	0.01512	0.01866	0.01131	0.00686	0.00783	0.00216	0.05310	0.00668	0.07065	0.00890
9	0.04064	0.08759	0.04426	0.12592	0.02285	0.22385	0.04942	0.02206	0.09354	0.01963	0.05697	0.01934	0.03514	0.00819	0.00797	0.00205	0.08867	0.00608	0.03785	0.00799
10	0.00950	0.00686	0.00897	0.00844	0.01002	0.00633	0.00633	0.01266	0.01899	0.02691	0.71879	0.05012	0.06331	0.01372	0.00791	0.00211	0.00317	0.01213	0.00739	0.00633
11	0.01355	0.02231	0.32601	0.15588	0.12932	0.01449	0.09587	0.01933	0.01487	0.02108	0.07762	0.02152	0.01534	0.00748	0.00691	0.00218	0.00884	0.03484	0.00355	0.00898
12	0.01346	0.03471	0.72942	0.01912	0.02904	0.01558	0.02479	0.02125	0.01417	0.02125	0.01204	0.01417	0.00850	0.00637	0.00637	0.00212	0.00992	0.00496	0.00283	0.00992
13	0.00818	0.00584	0.00779	0.00934	0.00973	0.00545	0.00623	0.00934	0.01285	0.01713	0.03698	0.75981	0.04438	0.02102	0.00856	0.00273	0.00389	0.01908	0.00623	0.00545
14	0.01794	0.76823	0.03516	0.01148	0.01722	0.02655	0.01148	0.02009	0.01363	0.01579	0.00933	0.01076	0.00861	0.00574	0.00431	0.00144	0.00718	0.00359	0.00287	0.00861
15	0.00818	0.00584	0.00779	0.00934	0.00973	0.00545	0.00623	0.00934	0.01285	0.01713	0.03698	0.75981	0.04438	0.02102	0.00856	0.00273	0.00389	0.01908	0.00623	0.00545
16	0.03010	0.01142	0.01557	0.01194	0.01713	0.00986	0.00986	0.03270	0.01920	0.72698	0.02647	0.02284	0.01661	0.00830	0.00675	0.00208	0.00571	0.00675	0.00830	0.01142
17	0.01671	0.01927	0.03719	0.02783	0.06295	0.08251	0.60683	0.02194	0.01610	0.02105	0.01324	0.01749	0.01006	0.00578	0.00769	0.00220	0.01124	0.00751	0.00340	0.00900
18	0.02506	0.03198	0.01901	0.01729	0.02074	0.73725	0.01296	0.02679	0.01901	0.01642	0.01037	0.01210	0.00864	0.00691	0.00605	0.00173	0.01210	0.00432	0.00346	0.00778
19	0.01800	0.01688	0.02514	0.03545	0.57191	0.05922	0.01863	0.10031	0.01736	0.02409	0.01324	0.01659	0.01084	0.00635	0.00654	0.00196	0.00797	0.00590	0.03323	0.01039
20	0.00818	0.00584	0.00779	0.00934	0.00973	0.00545	0.00623	0.00934	0.01285	0.01713	0.03698	0.75981	0.04438	0.02102	0.00856	0.00273	0.00389	0.01908	0.00623	0.00545
21	0.01983	0.01944	0.10126	0.01950	0.09629	0.03995	0.08045	0.28657	0.18822	0.03080	0.01734	0.01811	0.01290	0.00774	0.00725	0.00213	0.02988	0.00641	0.00542	0.01051
22	0.01719	0.24765	0.09835	0.04597	0.06285	0.10368	0.24735	0.02115	0.01494	0.01871	0.01138	0.01452	0.00927	0.00631	0.00720	0.00196	0.05399	0.00562	0.00314	0.00878
23	0.01166	0.00583	0.00874	0.00874	0.00874	0.00583	0.00583	0.00874	0.00874	0.01166	0.01166	0.02040	0.01166	0.02331	0.02622	0.80478	0.00583	0.00583	0.00291	0.00291
24	0.01934	0.11583	0.07137	0.01756	0.05652	0.11232	0.10058	0.08137	0.16432	0.08816	0.01640	0.01737	0.01247	0.00743	0.00737	0.00202	0.05547	0.00596	0.00474	0.04341
25	0.01380	0.07802	0.66761	0.01894	0.02851	0.01628	0.04387	0.02119	0.01418	0.02093	0.01192	0.01408	0.00856	0.00632	0.00630	0.00209	0.00979	0.00496	0.00285	0.00981
26	0.00945	0.00686	0.00890	0.00839	0.01000	0.00631	0.00629	0.01257	0.01888	0.02664	0.69899	0.05056	0.08328	0.01382	0.00791	0.00212	0.00317	0.01220	0.00735	0.00631
27	0.00953	0.00644	0.00754	0.00788	0.00801	0.00637	0.00472	0.00986	0.01053	0.01401	0.02447	0.16836	0.02843	0.60524	0.02871	0.00571	0.00604	0.03922	0.00453	0.00439
28	0.28297	0.01755	0.05562	0.04086	0.01916	0.12625	0.05521	0.04435	0.13812	0.08941	0.03633	0.01702	0.01284	0.00746	0.00633	0.00210	0.02932	0.00555	0.00487	0.00868
29	0.00801	0.00680	0.00691	0.00688	0.00911	0.00570	0.00516	0.00978	0.01548	0.01857	0.10069	0.06385	0.68662	0.01683	0.00793	0.00226	0.00339	0.01406	0.00629	0.00570
30	0.00826	0.00590	0.00786	0.00928	0.00975	0.00551	0.00624	0.00956	0.01324	0.01776	0.08091	0.71409	0.04560	0.02055	0.00852	0.00269	0.00385	0.01863	0.00630	0.00551
31	0.01578	0.01915	0.16834	0.16546	0.15427	0.01594	0.15974	0.11646	0.01706	0.02356	0.03624	0.01810	0.01186	0.00857	0.03798	0.00250	0.00943	0.00643	0.00380	0.00931
32	0.01370	0.01369	0.02083	0.01743	0.01855	0.01750	0.10438	0.01572	0.01164	0.01710	0.01658	0.09089	0.06543	0.01222	0.01779	0.00278	0.52490	0.00804	0.00356	0.00726
33	0.01135	0.00833	0.01121	0.01248	0.01422	0.00854	0.01080	0.01588	0.07871	0.02081	0.03478	0.07108	0.03696	0.01768	0.00905	0.00302	0.00610	0.61620	0.00624	0.00658
34	0.01391	0.01193	0.01391	0.00994	0.01590	0.00894	0.00795	0.01690	0.01391	0.02186	0.01193	0.01391	0.00994	0.00497	0.00497	0.00099	0.00497	0.00398	0.00398	0.80521
35	0.01434	0.01354	0.02298	0.50575	0.20535	0.01553	0.05941	0.04724	0.01477	0.01961	0.01237	0.01752	0.00952	0.00653	0.00677	0.00217	0.00879	0.00609	0.00325	0.00847
36	0.00853	0.00663	0.00776	0.00788	0.00954	0.00586	0.00576	0.01065	0.01613	0.02105	0.29292	0.19605	0.35395	0.01662	0.00805	0.00230	0.00341	0.01441	0.00664	0.00586
37	0.01501	0.02264	0.28303	0.09603	0.32855	0.01584	0.10123	0.02062	0.01477	0.02119	0.01246	0.01601	0.00965	0.00615	0.00670	0.00209	0.00916	0.00583	0.00312	0.00990
38	0.00976	0.00651	0.00732	0.00732	0.00732	0.00651	0.00407	0.00976	0.00976	0.01301	0.02114	0.04391	0.02439	0.76419	0.03415	0.00651	0.00651	0.00976	0.00407	0.00407
39	0.01274	0.00736	0.00978	0.00933	0.01119	0.00669	0.00692	0.01520	0.01716	0.14769	0.38917	0.26101	0.04930	0.01498	0.00791	0.00229	0.00384	0.01329	0.00720	0.00696
40	0.02506	0.03198	0.01901	0.01729	0.02074	0.73725	0.01296	0.02679	0.01901	0.01642	0.01037	0.01210	0.00864	0.00691	0.00605	0.00173	0.01210	0.00432	0.00346	0.00778
41	0.00818	0.00584	0.00779	0.00934	0.00973	0.00545	0.00623	0.00934	0.01285	0.01713	0.03698	0.75981	0.04438	0.02102	0.00856	0.00273	0.00389	0.01908	0.00623	0.00545
42	0.02551	0.01879	0.02014	0.01544	0.02081	0.02081	0.01275	0.69996	0.03155	0.04229	0.01611	0.01611	0.01141	0.00805	0.00671	0.00201	0.00738	0.00604	0.00671	0.01141
43	0.01078	0.00817	0.01116	0.01395	0.13912	0.00815	0.00756	0.01176	0.01125	0.01532	0.02173	0.14034	0.02445	0.49435	0.04976	0.00529	0.00680	0.01030	0.00422	0.00553
44	0.02506	0.03198	0.01901	0.01729	0.02074	0.73725	0.01296	0.02679	0.01901	0.01642	0.01037	0.01210	0.00864	0.00691	0.00605	0.00173	0.01210	0.00432	0.00346	0.00778
45	0.01756	0.01773	0.04827	0.16397	0.02418	0.16564	0.05472	0.12200	0.04646	0.02289	0.01639	0.01916	0.03740	0.00800	0.00777	0.00205	0.07688	0.00612	0.13466	0.00818
46	0.00818	0.00584	0.00779	0.00934	0.00973	0.00545	0.00623	0.00934	0.01285	0.01713	0.03698	0.75981	0.04438	0.02102	0.00856	0.00273	0.00389	0.01908	0.00623	0.00545
47	0.06419	0.03878	0.03952	0.01516	0.04810	0.07294	0.03145	0.22925	0.11579	0.15955	0.04021	0.04419	0.01627	0.00859	0.00662	0.00207	0.00693	0.02579	0.00609	0.02850
48	0.16797	0.08386	0.21371	0.03746	0.02241	0.03975	0.06569	0.10414	0.09170	0.08970	0.01481	0.01580	0.01080	0.00694	0.00602	0.00206	0.00776	0.00540	0.00454	0.00949
49	0.07774	0.07837	0.10028	0.01347	0.01895	0.01328	0.09328	0.03957	0.07612	0.04449	0.08856	0.01953	0.01658	0.00697	0.00593	0.00171	0.00636	0.00592	0.03840	0.25448
50	0.00831	0.00638	0.00763	0.00843	0.00964	0.00566	0.00584	0.00969	0.01365	0.01752	0.04651	0.47819	0.27625	0.03727	0.00886	0.00260	0.00382	0.01667	0.00610	0.03096
51	0.08057	0.07538	0.15221	0.04775	0.05167	0.01518	0.11675	0.06393	0.07911	0.02348	0.04160	0.04238	0.03596	0.00816	0.00701	0.00210	0.03489	0.02583	0.06124	0.03481
52	0.01838	0.12456	0.06483	0.01489	0.08319	0.11474	0.01154	0.07896	0.03805	0.12953	0.10362	0.02731	0.12289	0.00929	0.00652	0.00195	0.00673	0.00743	0.02687	0.00873

[dist]
# distance from previous block
# <min> <max>
1	7

[block]
# block no. 4 follows, 32 sequences, length 49
# corresponding to MSA columns:
# 226-274
name=unknown_E
#
# <colnr> <probs for GDERKNQSTAVLIFYWHMCP>
#	G	D	E	R	K	N	Q	S	T	A	V	L	I	F	Y	W	H	M	C	P
0	0.01613	0.07790	0.01968	0.11863	0.05298	0.09362	0.06421	0.02014	0.06146	0.06516	0.07613	0.06113	0.01739	0.00871	0.00845	0.00205	0.10304	0.00695	0.03361	0.09263
1	0.27305	0.03815	0.01401	0.01143	0.01525	0.08397	0.03211	0.04573	0.07091	0.08834	0.01625	0.08559	0.01399	0.00926	0.00712	0.05918	0.00613	0.00626	0.02560	0.09770
2	0.06038	0.01476	0.04325	0.22942	0.09628	0.07377	0.01346	0.04892	0.01489	0.02152	0.01277	0.01623	0.01014	0.00650	0.00634	0.00179	0.03130	0.00518	0.08087	0.21224
3	0.01066	0.00765	0.00939	0.00939	0.01050	0.00802	0.00669	0.01364	0.10080	0.01658	0.02745	0.07256	0.10491	0.25645	0.15482	0.11145	0.00789	0.06093	0.00470	0.00553
4	0.01615	0.28774	0.06265	0.01248	0.01757	0.04314	0.04993	0.04464	0.03927	0.05200	0.04031	0.08115	0.05694	0.00820	0.00580	0.00171	0.00657	0.00660	0.00429	0.16288
5	0.01750	0.01661	0.01870	0.13212	0.02320	0.16532	0.08630	0.14089	0.01787	0.03907	0.01765	0.13908	0.01630	0.01217	0.05128	0.00268	0.04633	0.00810	0.04081	0.00802
6	0.00818	0.00584	0.00779	0.00934	0.00973	0.00545	0.00623	0.00934	0.01285	0.01713	0.03698	0.75981	0.04438	0.02102	0.00856	0.00273	0.00389	0.01908	0.00623	0.00545
7	0.01507	0.01391	0.02273	0.43469	0.29152	0.01573	0.01891	0.06959	0.01546	0.02078	0.01249	0.01729	0.00975	0.00654	0.00668	0.00213	0.00847	0.00597	0.00339	0.00891
8	0.08077	0.06595	0.01905	0.01580	0.01965	0.50018	0.01226	0.13636	0.01992	0.02161	0.01150	0.01319	0.00933	0.00876	0.03575	0.00215	0.01081	0.00463	0.00402	0.00831
9	0.00825	0.00598	0.00783	0.00927	0.00984	0.00555	0.00632	0.00953	0.01312	0.01731	0.03916	0.68457	0.09279	0.02064	0.00854	0.00271	0.00394	0.04294	0.00623	0.00549
10	0.00921	0.00685	0.00857	0.00814	0.00985	0.00621	0.00610	0.01211	0.01831	0.02530	0.59944	0.05277	0.18367	0.01432	0.00792	0.00214	0.00321	0.01251	0.00717	0.00621
11	0.00818	0.00584	0.00779	0.00934	0.00973	0.00545	0.00623	0.00934	0.01285	0.01713	0.03698	0.75981	0.04438	0.02102	0.00856	0.00273	0.00389	0.01908	0.00623	0.00545
12	0.02411	0.03057	0.01833	0.01670	0.02009	0.69632	0.01252	0.02583	0.01881	0.01652	0.01359	0.01504	0.04842	0.00748	0.00616	0.00176	0.01161	0.00487	0.00361	0.00766
13	0.54137	0.01636	0.01311	0.01121	0.01554	0.10500	0.00909	0.14908	0.01640	0.05324	0.01130	0.01241	0.00852	0.00672	0.00495	0.00202	0.00647	0.00427	0.00468	0.00824
14	0.01669	0.01441	0.01517	0.01365	0.01745	0.01669	0.01062	0.03565	0.71021	0.02807	0.02731	0.02503	0.02048	0.00910	0.00683	0.00228	0.00531	0.00759	0.00683	0.01062
15	0.01270	0.01153	0.01937	0.21912	0.20030	0.01294	0.05301	0.01621	0.01289	0.01794	0.01444	0.02077	0.01248	0.02361	0.29172	0.00553	0.03783	0.00655	0.00333	0.00776
16	0.00930	0.00667	0.00815	0.00835	0.00988	0.00597	0.00605	0.01136	0.01589	0.04510	0.27735	0.28310	0.25442	0.01689	0.00809	0.00236	0.00356	0.01481	0.00669	0.00602
17	0.07952	0.31442	0.10122	0.01385	0.01946	0.12935	0.01296	0.17066	0.03448	0.02385	0.01177	0.01295	0.00944	0.00658	0.00539	0.00173	0.00799	0.00449	0.00402	0.03585
18	0.01166	0.00583	0.00874	0.00874	0.00874	0.00583	0.00583	0.00874	0.00874	0.01166	0.01166	0.02040	0.01166	0.02331	0.02622	0.80478	0.00583	0.00583	0.00291	0.00291
19	0.01758	0.01611	0.10931	0.04779	0.02077	0.01393	0.05808	0.16331	0.10786	0.09227	0.01864	0.02284	0.01481	0.02906	0.06153	0.00276	0.00786	0.04724	0.02538	0.12288
20	0.06217	0.01621	0.01641	0.01350	0.01781	0.04671	0.01086	0.36606	0.21521	0.03446	0.01936	0.01928	0.01433	0.00817	0.00633	0.00202	0.00634	0.00630	0.10831	0.01017
21	0.00925	0.00685	0.00862	0.00818	0.00987	0.00622	0.00613	0.01218	0.01840	0.02550	0.61483	0.05243	0.16815	0.01424	0.00792	0.00214	0.00320	0.01246	0.00720	0.00622
22	0.01521	0.15685	0.16724	0.18334	0.06933	0.01786	0.16743	0.04975	0.01490	0.02001	0.01279	0.04099	0.01048	0.00695	0.00715	0.00209	0.03932	0.00621	0.00332	0.00878
23	0.19281	0.08895	0.05306	0.05298	0.18437	0.04220	0.05247	0.02259	0.09784	0.07321	0.06464	0.01848	0.01477	0.00717	0.00603	0.00203	0.00694	0.00592	0.00449	0.00906
24	0.00816	0.00589	0.00773	0.00920	0.00969	0.00546	0.00616	0.00936	0.01299	0.01719	0.03876	0.71993	0.08311	0.02079	0.00853	0.00270	0.00386	0.01879	0.00623	0.00546
25	0.00841	0.00620	0.00788	0.00877	0.00969	0.00567	0.00608	0.01008	0.01449	0.01931	0.18355	0.50780	0.14961	0.01890	0.00833	0.00253	0.00367	0.01689	0.00647	0.00567
26	0.01571	0.08654	0.05084	0.24892	0.25787	0.01702	0.11344	0.05075	0.05472	0.02106	0.01320	0.01703	0.01038	0.00642	0.00663	0.00207	0.00855	0.00608	0.00352	0.00926
27	0.01522	0.01434	0.01437	0.01352	0.01546	0.18709	0.04849	0.01710	0.01511	0.07080	0.04423	0.34189	0.02838	0.01450	0.00907	0.00244	0.07693	0.05887	0.00526	0.00692
28	0.00816	0.00588	0.00774	0.00923	0.00970	0.00546	0.00618	0.00936	0.01296	0.01717	0.03836	0.72885	0.07445	0.02084	0.00854	0.00270	0.00387	0.01886	0.00623	0.00546
29	0.01391	0.01215	0.01536	0.12369	0.04481	0.01035	0.01010	0.01769	0.03719	0.02135	0.01246	0.01498	0.01016	0.00541	0.00535	0.00126	0.00569	0.00447	0.00390	0.62970
30	0.01984	0.01761	0.01522	0.05513	0.01798	0.23854	0.01052	0.14834	0.02039	0.09561	0.16764	0.05112	0.02383	0.00932	0.00665	0.00195	0.00736	0.00738	0.07731	0.00827
31	0.00818	0.00584	0.00779	0.00934	0.00973	0.00545	0.00623	0.00934	0.01285	0.01713	0.03698	0.75981	0.04438	0.02102	0.00856	0.00273	0.00389	0.01908	0.00623	0.00545
32	0.01368	0.03319	0.66641	0.01996	0.02959	0.01571	0.08628	0.02127	0.01432	0.02127	0.01218	0.01453	0.00865	0.00631	0.00652	0.00214	0.01004	0.00523	0.00288	0.00984
33	0.01346	0.03471	0.72942	0.01912	0.02904	0.01558	0.02479	0.02125	0.01417	0.02125	0.01204	0.01417	0.00850	0.00637	0.00637	0.00212	0.00992	0.00496	0.00283	0.00992
34	0.00818	0.00584	0.00779	0.00934	0.00973	0.00545	0.00623	0.00934	0.01285	0.01713	0.03698	0.75981	0.04438	0.02102	0.00856	0.00273	0.00389	0.01908	0.00623	0.00545
35	0.01468	0.01468	0.02055	0.01762	0.01762	0.02055	0.01468	0.01615	0.01028	0.01615	0.00881	0.01468	0.00881	0.01174	0.02202	0.00294	0.75191	0.00587	0.00294	0.00734
36	0.00818	0.00584	0.00779	0.00934	0.00973	0.00545	0.00623	0.00934	0.01285	0.01713	0.03698	0.75981	0.04438	0.02102	0.00856	0.00273	0.00389	0.01908	0.00623	0.00545
37	0.02551	0.01879	0.02014	0.01544	0.02081	0.02081	0.01275	0.69996	0.03155	0.04229	0.01611	0.01611	0.01141	0.00805	0.00671	0.00201	0.00738	0.00604	0.00671	0.01141
38	0.00845	0.00603	0.00810	0.00965	0.01016	0.00568	0.00670	0.00981	0.01311	0.01743	0.03683	0.68945	0.04379	0.02077	0.00864	0.00276	0.00413	0.08676	0.00622	0.00552
39	0.02506	0.03198	0.01901	0.01729	0.02074	0.73725	0.01296	0.02679	0.01901	0.01642	0.01037	0.01210	0.00864	0.00691	0.00605	0.00173	0.01210	0.00432	0.00346	0.00778
40	0.14865	0.14264	0.31774	0.01619	0.02304	0.14707	0.04789	0.04721	0.01523	0.02180	0.01110	0.01298	0.00852	0.00638	0.00571	0.00194	0.00907	0.00459	0.00334	0.00891
41	0.00960	0.00713	0.01047	0.01047	0.01156	0.00822	0.00800	0.01178	0.01069	0.01535	0.01826	0.02793	0.01746	0.11416	0.67470	0.01040	0.01695	0.00742	0.00364	0.00582
42	0.02015	0.04541	0.05336	0.06164	0.23665	0.05882	0.01548	0.22162	0.12801	0.06743	0.01638	0.01760	0.01235	0.00730	0.00657	0.00203	0.00761	0.00606	0.00508	0.01046
43	0.01611	0.01643	0.09501	0.01693	0.07222	0.04815	0.03397	0.09561	0.16897	0.04419	0.05732	0.02143	0.01650	0.01584	0.13218	0.00370	0.12493	0.00677	0.00478	0.00894
44	0.00933	0.00685	0.00874	0.00827	0.00992	0.00626	0.00620	0.01234	0.01861	0.02599	0.65064	0.05163	0.13204	0.01406	0.00792	0.00213	0.00319	0.01235	0.00727	0.00626
45	0.01530	0.21256	0.20686	0.01378	0.01882	0.08202	0.01371	0.08407	0.01578	0.02025	0.01886	0.23076	0.01929	0.01070	0.00649	0.00208	0.00741	0.00877	0.00427	0.00823
46	0.00818	0.00618	0.00756	0.00854	0.00955	0.00556	0.00590	0.00961	0.01391	0.01797	0.08430	0.51435	0.24528	0.01942	0.00834	0.00255	0.00371	0.01723	0.00629	0.00556
47	0.12361	0.39770	0.17231	0.01280	0.01891	0.02101	0.01341	0.08715	0.01524	0.02198	0.01128	0.01283	0.00918	0.00628	0.00497	0.00173	0.00727	0.00427	0.04922	0.00884
48	0.04977	0.19724	0.07895	0.01448	0.05765	0.01728	0.01213	0.07310	0.14694	0.08798	0.01684	0.01942	0.01367	0.05599	0.08602	0.00318	0.04976	0.00594	0.00464	0.00902

[dist]
# distance from previous block
# <min> <max>
2	100

[block]
# block no. 5 follows, 32 sequences, length 23
# corresponding to MSA columns:
# 375-397
name=unknown_F
#
# <colnr> <probs for GDERKNQSTAVLIFYWHMCP>
#	G	D	E	R	K	N	Q	S	T	A	V	L	I	F	Y	W	H	M	C	P
0	0.06049	0.01025	0.03040	0.03849	0.06913	0.00917	0.00933	0.01802	0.01635	0.15586	0.25316	0.06632	0.06185	0.01309	0.05611	0.00258	0.00577	0.00881	0.00600	0.10881
1	0.01631	0.01746	0.01960	0.01709	0.01783	0.15588	0.01393	0.01789	0.01197	0.01616	0.00972	0.01498	0.00931	0.01343	0.06719	0.00324	0.56193	0.00567	0.00308	0.00733
2	0.06941	0.03599	0.16147	0.06010	0.11022	0.01402	0.01449	0.04528	0.06223	0.05133	0.03039	0.01720	0.01215	0.00981	0.05625	0.00248	0.05429	0.00548	0.00405	0.18336
3	0.36089	0.01637	0.03078	0.01314	0.03424	0.10510	0.04209	0.10678	0.04130	0.13192	0.01440	0.01517	0.01051	0.00699	0.00550	0.00202	0.00677	0.00503	0.04225	0.00875
4	0.00885	0.00652	0.00829	0.00850	0.00980	0.00596	0.00612	0.01117	0.01651	0.02255	0.40934	0.27875	0.14980	0.01651	0.00812	0.00233	0.00343	0.01464	0.00685	0.00596
5	0.01561	0.01486	0.02491	0.21920	0.52011	0.01571	0.01966	0.02038	0.04518	0.02098	0.01309	0.01730	0.01063	0.00630	0.00667	0.00207	0.00810	0.00604	0.00339	0.00982
6	0.01612	0.01555	0.02381	0.16481	0.45127	0.04277	0.01842	0.02186	0.10170	0.02134	0.01407	0.01764	0.01139	0.00681	0.00739	0.00211	0.04336	0.00611	0.00368	0.00979
7	0.00825	0.00596	0.00781	0.00914	0.00971	0.00552	0.00617	0.00958	0.01340	0.01784	0.08470	0.67187	0.08463	0.02030	0.00848	0.00266	0.00382	0.01832	0.00631	0.00552
8	0.01341	0.01270	0.01765	0.01545	0.01561	0.01724	0.01255	0.01482	0.01028	0.01568	0.01152	0.01983	0.01178	0.11065	0.11534	0.00439	0.56467	0.00653	0.00316	0.00676
9	0.00953	0.00641	0.00739	0.00761	0.00766	0.00635	0.00438	0.00970	0.01020	0.01360	0.02341	0.14654	0.02726	0.65765	0.03048	0.00596	0.00613	0.01109	0.00438	0.00426
10	0.01878	0.01668	0.01591	0.01411	0.01800	0.10694	0.01098	0.06551	0.55954	0.05984	0.02462	0.02289	0.01839	0.00874	0.00672	0.00219	0.00628	0.00707	0.00647	0.01034
11	0.55629	0.11251	0.10365	0.06025	0.01777	0.01658	0.01076	0.01979	0.01218	0.02629	0.00985	0.01176	0.00771	0.00622	0.00462	0.00201	0.00629	0.00395	0.00374	0.00778
12	0.02315	0.02880	0.01755	0.01604	0.01907	0.64601	0.01185	0.02467	0.01786	0.01600	0.01172	0.01607	0.01061	0.10147	0.00956	0.00233	0.01140	0.00500	0.00353	0.00732
13	0.01425	0.01256	0.01513	0.01180	0.01626	0.01197	0.00950	0.01899	0.10249	0.02142	0.01357	0.01593	0.01134	0.00834	0.03485	0.00186	0.13729	0.00489	0.00414	0.53342
14	0.00877	0.00683	0.00796	0.00768	0.00958	0.00602	0.00576	0.01126	0.01728	0.02283	0.41696	0.05682	0.36769	0.01524	0.00792	0.00218	0.00327	0.01307	0.00685	0.00602
15	0.04957	0.14063	0.24414	0.03538	0.02215	0.08545	0.01560	0.16852	0.03778	0.07265	0.01419	0.01535	0.01050	0.00698	0.00596	0.00193	0.00814	0.00516	0.05037	0.00957
16	0.01638	0.05718	0.06251	0.05778	0.07114	0.06480	0.02895	0.16607	0.08059	0.02519	0.08359	0.11478	0.03751	0.03686	0.00836	0.00229	0.03338	0.00840	0.03570	0.00855
17	0.01338	0.00745	0.01016	0.00958	0.01025	0.00770	0.00669	0.09505	0.01159	0.01548	0.01221	0.01986	0.01162	0.02141	0.02379	0.70454	0.00602	0.00585	0.00339	0.00397
18	0.04815	0.01764	0.02013	0.18348	0.07600	0.12922	0.05345	0.23061	0.03468	0.02648	0.01425	0.03455	0.01125	0.00761	0.00705	0.00205	0.03475	0.00608	0.03623	0.02632
19	0.11312	0.03199	0.63957	0.01784	0.02703	0.01552	0.02260	0.02106	0.01382	0.02236	0.01170	0.01376	0.00835	0.00636	0.00610	0.00212	0.00933	0.00479	0.00300	0.00959
20	0.00811	0.00680	0.00705	0.00699	0.00918	0.00574	0.00524	0.00999	0.01573	0.01916	0.14450	0.06288	0.64244	0.01661	0.00793	0.00225	0.00337	0.01392	0.00637	0.00574
21	0.01817	0.01128	0.01234	0.01029	0.01351	0.01183	0.00821	0.26577	0.02143	0.08336	0.10714	0.02475	0.02080	0.00868	0.00598	0.00183	0.00487	0.00695	0.35428	0.00852
22	0.01555	0.01529	0.02396	0.31777	0.41596	0.05718	0.01938	0.01959	0.01476	0.01973	0.01222	0.01685	0.00985	0.00632	0.00663	0.00207	0.00859	0.00588	0.00320	0.00922

[dist]
# distance from previous block
# <min> <max>
0	5

[block]
# block no. 6 follows, 32 sequences, length 17
# corresponding to MSA columns:
# 403-419
name=unknown_G
#
# <colnr> <probs for GDERKNQSTAVLIFYWHMCP>
#	G	D	E	R	K	N	Q	S	T	A	V	L	I	F	Y	W	H	M	C	P
0	0.01446	0.01241	0.01416	0.01066	0.01620	0.01046	0.00847	0.02056	0.14976	0.02307	0.01493	0.01608	0.01200	0.00578	0.00533	0.00124	0.00504	0.00468	0.00453	0.65018
1	0.01903	0.02008	0.01617	0.01567	0.05833	0.34182	0.03258	0.06852	0.03315	0.03912	0.04149	0.16257	0.03124	0.01021	0.00668	0.00200	0.00833	0.00826	0.07701	0.00772
2	0.00831	0.00594	0.00794	0.00950	0.00995	0.00557	0.00647	0.00958	0.01298	0.01728	0.03691	0.72416	0.04408	0.02089	0.00860	0.00274	0.00401	0.05337	0.00623	0.00549
3	0.01410	0.05173	0.46410	0.16210	0.05658	0.01607	0.05845	0.03764	0.03826	0.02106	0.01265	0.01550	0.00924	0.00650	0.00649	0.00213	0.00942	0.00542	0.00314	0.00943
4	0.02297	0.16317	0.02106	0.01440	0.04540	0.07217	0.01157	0.24272	0.08875	0.17960	0.03416	0.01820	0.01404	0.00772	0.00617	0.00190	0.00692	0.00588	0.03302	0.01019
5	0.00813	0.00603	0.00759	0.00885	0.00960	0.00549	0.00601	0.00940	0.01332	0.01732	0.04303	0.62417	0.17612	0.02024	0.00844	0.00264	0.00380	0.01812	0.00623	0.00549
6	0.00911	0.00682	0.00849	0.00835	0.00999	0.00619	0.00629	0.01179	0.01750	0.02381	0.48263	0.10751	0.21019	0.01527	0.00804	0.00224	0.00344	0.04927	0.00697	0.00611
7	0.00835	0.00597	0.00794	0.00923	0.00977	0.00556	0.00624	0.00977	0.01364	0.01839	0.12472	0.66849	0.04681	0.02008	0.00848	0.00265	0.00380	0.01818	0.00638	0.00556
8	0.02872	0.01485	0.01680	0.01314	0.01820	0.08255	0.01073	0.16231	0.02159	0.52448	0.02289	0.02048	0.01482	0.00812	0.00667	0.00203	0.00666	0.00637	0.00752	0.01106
9	0.01901	0.33491	0.25425	0.01534	0.04835	0.03894	0.01585	0.02313	0.01510	0.15656	0.01370	0.01448	0.01021	0.00649	0.00559	0.00181	0.00794	0.00476	0.00395	0.00963
10	0.01353	0.00831	0.01001	0.15168	0.01629	0.00905	0.00802	0.06782	0.01527	0.02479	0.01951	0.02295	0.01515	0.00762	0.00524	0.00173	0.00458	0.00618	0.58539	0.00688
11	0.01327	0.01283	0.06757	0.01111	0.01651	0.00921	0.00979	0.01664	0.01423	0.02147	0.01654	0.02598	0.01542	0.00772	0.00591	0.00149	0.00558	0.13539	0.00432	0.58901
12	0.01264	0.01248	0.01034	0.00987	0.01233	0.14951	0.00738	0.06529	0.01689	0.01948	0.04824	0.15292	0.42788	0.01494	0.00756	0.00221	0.00547	0.01235	0.00573	0.00648
13	0.01446	0.02093	0.27669	0.24759	0.11083	0.01513	0.03494	0.02185	0.10470	0.04488	0.01607	0.01874	0.02964	0.00712	0.00666	0.00217	0.00851	0.00610	0.00374	0.00924
14	0.19724	0.01626	0.03897	0.01332	0.01827	0.01712	0.01121	0.35750	0.08344	0.13095	0.01695	0.01693	0.01208	0.00907	0.02934	0.00234	0.00691	0.00575	0.00616	0.01021
15	0.16538	0.00960	0.06288	0.00963	0.01177	0.00818	0.00772	0.01253	0.01336	0.02075	0.07924	0.42997	0.11270	0.01607	0.00742	0.00246	0.00450	0.01396	0.00564	0.00623
16	0.03691	0.16135	0.12876	0.02797	0.02193	0.19028	0.07075	0.11554	0.04522	0.09675	0.01414	0.01526	0.01063	0.00691	0.00606	0.00189	0.00879	0.00526	0.02633	0.00928

[dist]
# distance from previous block
# <min> <max>
2	80

[block]
# block no. 7 follows, 32 sequences, length 45
# corresponding to MSA columns:
# 516-560
name=unknown_H
#
# <colnr> <probs for GDERKNQSTAVLIFYWHMCP>
#	G	D	E	R	K	N	Q	S	T	A	V	L	I	F	Y	W	H	M	C	P
0	0.01915	0.01370	0.01558	0.01200	0.01684	0.01344	0.00974	0.24077	0.04843	0.09337	0.01623	0.01719	0.01223	0.00709	0.00654	0.00163	0.04060	0.00539	0.09566	0.31442
1	0.01502	0.01517	0.02049	0.01750	0.01810	0.04838	0.03782	0.01750	0.04361	0.01688	0.01028	0.01566	0.00973	0.01282	0.04985	0.00316	0.63132	0.00602	0.00318	0.00751
2	0.01764	0.26129	0.13765	0.04957	0.13663	0.02009	0.04636	0.08934	0.01573	0.05398	0.01201	0.01446	0.00969	0.00702	0.00783	0.00198	0.10056	0.00516	0.00362	0.00937
3	0.01529	0.01342	0.01511	0.01371	0.04334	0.09324	0.01029	0.03789	0.03712	0.05331	0.04946	0.02131	0.01537	0.06848	0.13959	0.02233	0.15844	0.00626	0.02321	0.16283
4	0.00976	0.00651	0.00732	0.00732	0.00732	0.00651	0.00407	0.00976	0.00976	0.01301	0.02114	0.04391	0.02439	0.76419	0.03415	0.00651	0.00651	0.00976	0.00407	0.00407
5	0.01463	0.01324	0.02136	0.32710	0.08492	0.01385	0.10618	0.01920	0.04029	0.04801	0.01324	0.01716	0.01022	0.00643	0.00703	0.00193	0.03704	0.00581	0.00367	0.20869
6	0.01927	0.01922	0.05220	0.03545	0.07840	0.18628	0.05954	0.19307	0.03910	0.02584	0.03779	0.02431	0.01585	0.00884	0.00714	0.00209	0.02611	0.08491	0.07576	0.00881
7	0.00818	0.00584	0.00779	0.00934	0.00973	0.00545	0.00623	0.00934	0.01285	0.01713	0.03698	0.75981	0.04438	0.02102	0.00856	0.00273	0.00389	0.01908	0.00623	0.00545
8	0.01495	0.01456	0.02573	0.30407	0.22834	0.01561	0.16841	0.04254	0.05110	0.02084	0.01429	0.04358	0.01159	0.00694	0.00703	0.00219	0.00878	0.00694	0.00360	0.00892
9	0.00995	0.00687	0.00813	0.00848	0.00889	0.00682	0.00530	0.04382	0.01199	0.01600	0.02680	0.30972	0.03121	0.44934	0.02324	0.00487	0.00557	0.01305	0.00500	0.00495
10	0.00818	0.00584	0.00779	0.00934	0.00973	0.00545	0.00623	0.00934	0.01285	0.01713	0.03698	0.75981	0.04438	0.02102	0.00856	0.00273	0.00389	0.01908	0.00623	0.00545
11	0.02506	0.03198	0.01901	0.01729	0.02074	0.73725	0.01296	0.02679	0.01901	0.01642	0.01037	0.01210	0.00864	0.00691	0.00605	0.00173	0.01210	0.00432	0.00346	0.00778
12	0.00843	0.00603	0.00803	0.00932	0.00990	0.00563	0.00638	0.00991	0.01372	0.01848	0.12522	0.64716	0.04666	0.02000	0.00850	0.00266	0.00387	0.03814	0.00638	0.00559
13	0.02485	0.02515	0.01933	0.01627	0.02061	0.37785	0.01275	0.33136	0.05894	0.02869	0.01380	0.01455	0.01048	0.00754	0.00639	0.00188	0.00963	0.00526	0.00509	0.00956
14	0.21572	0.02096	0.01582	0.01374	0.01758	0.29273	0.01078	0.19094	0.01943	0.02656	0.01267	0.01449	0.01002	0.01028	0.05969	0.00254	0.00923	0.00489	0.04359	0.00835
15	0.02178	0.01375	0.01567	0.01322	0.01759	0.01474	0.01053	0.08426	0.43130	0.26000	0.02620	0.02364	0.01853	0.00876	0.00679	0.00219	0.00560	0.00719	0.00731	0.01094
16	0.03219	0.06363	0.01725	0.03757	0.08134	0.04060	0.07203	0.06241	0.01469	0.01982	0.02416	0.38135	0.02672	0.01408	0.00891	0.00243	0.07630	0.01230	0.00494	0.00726
17	0.00809	0.00618	0.00744	0.00844	0.00950	0.00553	0.00583	0.00944	0.01371	0.01748	0.04794	0.51407	0.28305	0.01960	0.00834	0.00256	0.00372	0.01734	0.00623	0.00553
18	0.04837	0.19347	0.02193	0.01379	0.01879	0.14830	0.01160	0.22867	0.03812	0.19003	0.01598	0.01577	0.01157	0.00734	0.00597	0.00185	0.00768	0.00529	0.00553	0.00996
19	0.02105	0.04597	0.04641	0.01455	0.01922	0.06952	0.01212	0.27456	0.29169	0.07528	0.02097	0.02155	0.01581	0.00861	0.00670	0.00212	0.00686	0.03021	0.00631	0.01049
20	0.01166	0.00583	0.00874	0.00874	0.00874	0.00583	0.00583	0.00874	0.00874	0.01166	0.01166	0.02040	0.01166	0.02331	0.02622	0.80478	0.00583	0.00583	0.00291	0.00291
21	0.01842	0.47382	0.16473	0.01332	0.01966	0.02201	0.01389	0.05280	0.06314	0.08281	0.01293	0.01373	0.01025	0.00643	0.00520	0.00171	0.00745	0.00452	0.00380	0.00938
22	0.01858	0.57035	0.13432	0.01284	0.01906	0.04871	0.01334	0.02158	0.01438	0.07735	0.01123	0.01234	0.00928	0.00609	0.00488	0.00160	0.00763	0.00408	0.00335	0.00901
23	0.00844	0.00682	0.00751	0.00733	0.00938	0.00588	0.00550	0.01062	0.01650	0.02099	0.28030	0.05986	0.50550	0.01592	0.00792	0.00222	0.00332	0.01350	0.00661	0.00588
24	0.01670	0.56504	0.22747	0.01360	0.02050	0.02351	0.01517	0.02041	0.01378	0.01730	0.01008	0.01171	0.00858	0.00592	0.00488	0.00163	0.00793	0.00397	0.00286	0.00897
25	0.01320	0.01560	0.11653	0.53624	0.06397	0.01559	0.04582	0.01790	0.01341	0.01794	0.01177	0.01708	0.00898	0.00702	0.00800	0.00227	0.07183	0.00590	0.00299	0.00795
26	0.00823	0.00595	0.00778	0.00914	0.00970	0.00551	0.00616	0.00953	0.01330	0.01768	0.07273	0.68097	0.08772	0.02041	0.00849	0.00267	0.00383	0.01842	0.00629	0.00551
27	0.02664	0.01274	0.01682	0.10408	0.02132	0.01247	0.01143	0.13298	0.05115	0.50285	0.02312	0.02129	0.01503	0.00810	0.00674	0.00210	0.00635	0.00658	0.00733	0.01089
28	0.01428	0.01453	0.07609	0.26110	0.23712	0.04052	0.01622	0.01888	0.03846	0.02063	0.01552	0.05321	0.01290	0.00742	0.00638	0.00204	0.00748	0.00655	0.14226	0.00842
29	0.00975	0.00654	0.00749	0.00749	0.00755	0.00660	0.00428	0.00987	0.00981	0.01314	0.02099	0.04305	0.02402	0.72918	0.06865	0.00671	0.00707	0.00963	0.00404	0.00416
30	0.05346	0.01226	0.01425	0.04298	0.01731	0.00999	0.00859	0.04496	0.01449	0.02289	0.01197	0.01403	0.00982	0.00523	0.00508	0.00114	0.00526	0.00413	0.00405	0.69810
31	0.02212	0.01694	0.11227	0.01727	0.09643	0.06139	0.04686	0.08748	0.04478	0.30705	0.07455	0.04673	0.01828	0.00843	0.00685	0.00209	0.00710	0.00713	0.00613	0.01014
32	0.00827	0.00590	0.00789	0.00945	0.00988	0.00553	0.00639	0.00950	0.01294	0.01723	0.03693	0.73636	0.04418	0.02094	0.00859	0.00274	0.00397	0.04164	0.00623	0.00547
33	0.05301	0.01605	0.06554	0.05752	0.30268	0.01580	0.14562	0.01973	0.01435	0.04459	0.01478	0.01848	0.03550	0.00744	0.00916	0.00221	0.12605	0.00649	0.03584	0.00915
34	0.02179	0.02110	0.01707	0.01468	0.01791	0.30791	0.01152	0.19579	0.02025	0.04891	0.01428	0.01615	0.01119	0.00802	0.00798	0.00193	0.10106	0.00539	0.14858	0.00850
35	0.00827	0.00591	0.00787	0.00928	0.00975	0.00551	0.00624	0.00958	0.01328	0.01781	0.08482	0.71002	0.04571	0.02051	0.00852	0.00268	0.00384	0.01859	0.00631	0.00551
36	0.01281	0.01206	0.02037	0.72401	0.06922	0.01494	0.01870	0.01726	0.01348	0.01731	0.01195	0.01785	0.00900	0.00668	0.00671	0.00223	0.00891	0.00596	0.00299	0.00756
37	0.00899	0.00681	0.00808	0.00806	0.00984	0.00611	0.00611	0.01143	0.01670	0.02222	0.34208	0.10260	0.31976	0.01565	0.00796	0.00227	0.00353	0.06256	0.03326	0.00600
38	0.01634	0.01756	0.03147	0.02855	0.19833	0.05297	0.36103	0.02137	0.04751	0.02083	0.01309	0.01723	0.01048	0.00690	0.00965	0.00228	0.12482	0.00694	0.00347	0.00918
39	0.28495	0.01726	0.01487	0.01286	0.01628	0.17758	0.01029	0.08595	0.01593	0.10979	0.01321	0.01497	0.01020	0.00941	0.03724	0.00243	0.10782	0.00497	0.04580	0.00818
40	0.01163	0.00604	0.00761	0.00773	0.00848	0.00599	0.00540	0.01184	0.01171	0.01831	0.04224	0.09025	0.01871	0.01623	0.01491	0.36571	0.00442	0.00742	0.34069	0.00467
41	0.01403	0.01209	0.01447	0.01123	0.04519	0.00923	0.00847	0.01705	0.01397	0.02187	0.01195	0.01403	0.00997	0.00501	0.00504	0.00104	0.00509	0.00406	0.00395	0.77226
42	0.00818	0.00584	0.00779	0.00934	0.00973	0.00545	0.00623	0.00934	0.01285	0.01713	0.03698	0.75981	0.04438	0.02102	0.00856	0.00273	0.00389	0.01908	0.00623	0.00545
43	0.01053	0.00615	0.00817	0.00826	0.00841	0.00608	0.00527	0.00946	0.01023	0.01377	0.07192	0.09082	0.02287	0.28825	0.02622	0.39135	0.00571	0.00880	0.00394	0.00380
44	0.01546	0.11359	0.57496	0.01774	0.02669	0.01692	0.02189	0.06845	0.01551	0.05066	0.01261	0.01428	0.00904	0.00650	0.00618	0.00204	0.00927	0.00495	0.00333	0.00994

[dist]
# distance from previous block
# <min> <max>
2	16

[block]
# block no. 8 follows, 32 sequences, length 51
# corresponding to MSA columns:
# 577-627
name=unknown_I
#
# <colnr> <probs for GDERKNQSTAVLIFYWHMCP>
#	G	D	E	R	K	N	Q	S	T	A	V	L	I	F	Y	W	H	M	C	P
