[name]
unknown

[dist]
# distance from previous block
# <min> <max>
0	68

[block]
# block no. 0 follows, 31 sequences, length 15
# corresponding to MSA columns:
# 68-82
name=unknown_A
#
# <colnr> <probs for GDERKNQSTAVLIFYWHMCP>
#	G	D	E	R	K	N	Q	S	T	A	V	L	I	F	Y	W	H	M	C	P
0	0.01076	0.00779	0.01066	0.01210	0.01374	0.00769	0.01051	0.01379	0.01574	0.02030	0.03915	0.07617	0.09901	0.01876	0.00933	0.00308	0.00605	0.61282	0.00630	0.00625
1	0.01703	0.56280	0.22569	0.01386	0.02088	0.02399	0.01545	0.02081	0.01405	0.01763	0.01027	0.01193	0.00875	0.00603	0.00497	0.00166	0.00809	0.00404	0.00292	0.00915
2	0.01444	0.14124	0.05000	0.01095	0.01454	0.08782	0.00936	0.09447	0.01859	0.02333	0.21770	0.03870	0.22936	0.01181	0.00703	0.00203	0.00578	0.00958	0.00568	0.00759
3	0.01657	0.01532	0.01916	0.23653	0.04769	0.11803	0.06369	0.06698	0.01633	0.06746	0.02113	0.08539	0.07635	0.01009	0.00879	0.00232	0.08365	0.03201	0.00447	0.00803
4	0.02047	0.01859	0.02144	0.04963	0.05019	0.12377	0.09002	0.21715	0.07811	0.05157	0.01489	0.01668	0.01140	0.00764	0.00821	0.00202	0.08270	0.00594	0.00493	0.12467
5	0.13982	0.01674	0.06567	0.26897	0.02869	0.06889	0.01470	0.15915	0.01783	0.05565	0.01569	0.01836	0.04299	0.00790	0.00732	0.00220	0.05036	0.00596	0.00443	0.00868
6	0.13436	0.01523	0.03356	0.11774	0.11456	0.07808	0.04518	0.04897	0.04198	0.02219	0.01469	0.05969	0.01296	0.03084	0.04245	0.00271	0.09407	0.00656	0.03882	0.04534
7	0.09068	0.01342	0.01657	0.01394	0.01713	0.08152	0.10547	0.05068	0.01629	0.10319	0.07688	0.10894	0.12936	0.03788	0.00967	0.00249	0.07211	0.04059	0.00545	0.00773
8	0.04919	0.10263	0.19063	0.04730	0.02164	0.20480	0.01488	0.08016	0.01720	0.02138	0.04426	0.02135	0.09665	0.00864	0.00731	0.00204	0.05109	0.00629	0.00407	0.00850
9	0.01517	0.08493	0.02094	0.10481	0.02263	0.06211	0.13939	0.04347	0.04618	0.05165	0.07009	0.08753	0.07967	0.01257	0.06036	0.00273	0.00825	0.00846	0.00471	0.07432
10	0.08486	0.01380	0.04976	0.15080	0.21001	0.01359	0.01477	0.02301	0.07849	0.16692	0.01873	0.06925	0.01502	0.01068	0.04829	0.00270	0.00773	0.00713	0.00497	0.00947
11	0.01898	0.01463	0.06982	0.01621	0.06633	0.01302	0.07540	0.12404	0.09119	0.17955	0.05097	0.09177	0.06847	0.01026	0.00729	0.00222	0.00661	0.04028	0.00616	0.04680
12	0.05549	0.03840	0.08862	0.06957	0.05603	0.06997	0.07086	0.12842	0.05071	0.07632	0.01666	0.02175	0.01353	0.00785	0.00659	0.00199	0.00775	0.06439	0.00482	0.15028
13	0.14906	0.04786	0.01440	0.06407	0.01685	0.04703	0.00920	0.11373	0.01717	0.09587	0.09936	0.02628	0.05944	0.10789	0.00997	0.00256	0.00618	0.00707	0.00532	0.10070
14	0.01641	0.01566	0.05068	0.04861	0.01949	0.07718	0.05078	0.07763	0.13935	0.05612	0.05413	0.05700	0.09757	0.00988	0.00858	0.00213	0.08666	0.00787	0.00523	0.11904

[dist]
# distance from previous block
# <min> <max>
8	57

[block]
# block no. 1 follows, 31 sequences, length 24
# corresponding to MSA columns:
# 154-177
name=unknown_B
#
# <colnr> <probs for GDERKNQSTAVLIFYWHMCP>
#	G	D	E	R	K	N	Q	S	T	A	V	L	I	F	Y	W	H	M	C	P
0	0.04004	0.01704	0.03061	0.04618	0.17454	0.03312	0.35392	0.06376	0.03834	0.04497	0.01582	0.01907	0.03026	0.00653	0.00729	0.00213	0.00938	0.00717	0.00405	0.05578
1	0.01934	0.01605	0.02076	0.14852	0.19887	0.03387	0.01526	0.24448	0.11932	0.04741	0.01933	0.02084	0.04910	0.00805	0.00689	0.00213	0.00751	0.00677	0.00527	0.01022
2	0.02191	0.01521	0.01773	0.01376	0.01900	0.01538	0.03067	0.28117	0.13822	0.15038	0.03827	0.01963	0.01517	0.00782	0.00654	0.00189	0.00633	0.00630	0.00643	0.18819
3	0.07590	0.01020	0.01175	0.01091	0.01347	0.01044	0.00830	0.14322	0.05376	0.08777	0.12973	0.30354	0.06988	0.01466	0.00766	0.00240	0.00490	0.02703	0.00667	0.00781
4	0.01954	0.01709	0.02569	0.03444	0.51669	0.01768	0.01870	0.21470	0.02035	0.02833	0.01389	0.01679	0.01107	0.00670	0.00679	0.00204	0.00796	0.00611	0.00438	0.01107
5	0.01407	0.01334	0.02261	0.54135	0.23987	0.01550	0.01957	0.01849	0.01423	0.01888	0.01236	0.01786	0.00961	0.00663	0.00682	0.00221	0.00883	0.00608	0.00314	0.00853
6	0.02404	0.02170	0.01903	0.01533	0.02028	0.22363	0.01222	0.37003	0.04207	0.04931	0.01466	0.01532	0.01096	0.00745	0.00639	0.00183	0.00846	0.00540	0.00552	0.12635
7	0.01173	0.01003	0.01693	0.01361	0.01560	0.00970	0.20211	0.01339	0.01173	0.01575	0.01934	0.03720	0.02070	0.54264	0.02712	0.00539	0.00804	0.00941	0.00395	0.00561
8	0.01698	0.55409	0.23392	0.01395	0.02103	0.02385	0.01561	0.02083	0.01406	0.01770	0.01031	0.01197	0.00875	0.00604	0.00500	0.00167	0.00812	0.00406	0.00292	0.00916
9	0.00930	0.00669	0.00880	0.00887	0.01014	0.00620	0.00643	0.01194	0.01756	0.02457	0.51886	0.25370	0.05900	0.01613	0.00826	0.00233	0.00344	0.01441	0.00719	0.00620
10	0.02922	0.01768	0.01689	0.01374	0.01853	0.21784	0.01097	0.03161	0.01953	0.51878	0.02227	0.02014	0.01460	0.00806	0.00668	0.00201	0.00770	0.00617	0.00705	0.01057
11	0.00948	0.00644	0.00760	0.00806	0.00817	0.00632	0.00478	0.00983	0.01086	0.01447	0.02620	0.24919	0.03074	0.54715	0.02731	0.00552	0.00587	0.01268	0.00478	0.00455
12	0.00826	0.00623	0.00765	0.00878	0.00973	0.00562	0.00602	0.00961	0.01382	0.01776	0.04680	0.55675	0.23773	0.02025	0.00855	0.00264	0.00382	0.01801	0.00635	0.00562
13	0.01494	0.01481	0.01305	0.01324	0.01539	0.21601	0.01074	0.01770	0.01752	0.02080	0.16494	0.05327	0.03564	0.01450	0.00823	0.00255	0.00742	0.34669	0.00575	0.00680
14	0.01498	0.00824	0.01055	0.01024	0.01280	0.00740	0.00816	0.01720	0.01622	0.20938	0.04353	0.19353	0.22863	0.01612	0.00822	0.00255	0.00489	0.17297	0.00691	0.00745
15	0.01759	0.01418	0.01601	0.01175	0.01765	0.01260	0.00952	0.21201	0.01936	0.02829	0.01339	0.01483	0.01057	0.00597	0.00558	0.00131	0.00578	0.00466	0.00486	0.57411
16	0.01792	0.54814	0.02999	0.01234	0.01763	0.02418	0.01145	0.02505	0.21265	0.01970	0.01479	0.01516	0.01226	0.00684	0.00513	0.00171	0.00677	0.00483	0.00409	0.00937
17	0.01554	0.16806	0.38918	0.01641	0.02391	0.01834	0.01854	0.02567	0.21293	0.02261	0.01623	0.01697	0.01220	0.00718	0.00623	0.00208	0.00823	0.00556	0.00407	0.01006
18	0.01598	0.01613	0.02245	0.33741	0.29230	0.10607	0.01827	0.02034	0.03711	0.01957	0.01370	0.04539	0.01148	0.00722	0.00681	0.00214	0.00884	0.00644	0.00348	0.00888
19	0.01437	0.01067	0.01215	0.01130	0.01369	0.01108	0.00846	0.22951	0.04597	0.02635	0.05164	0.37320	0.10986	0.03737	0.00872	0.00257	0.00516	0.01372	0.00650	0.00771
20	0.02063	0.01553	0.02136	0.08664	0.26822	0.01633	0.01538	0.21690	0.08277	0.12215	0.01978	0.02087	0.04634	0.00791	0.00689	0.00211	0.00726	0.00677	0.00550	0.01065
21	0.01436	0.01310	0.02287	0.17731	0.06799	0.01373	0.21818	0.03650	0.04657	0.03768	0.01656	0.02619	0.01496	0.22344	0.01576	0.00354	0.03177	0.00790	0.00394	0.00766
22	0.01624	0.01564	0.02343	0.19606	0.29709	0.04126	0.01808	0.05753	0.01474	0.02052	0.01171	0.01649	0.00988	0.00811	0.01128	0.00236	0.22111	0.00601	0.00339	0.00907
23	0.01552	0.01689	0.06592	0.06981	0.02837	0.01741	0.33194	0.01967	0.01414	0.04293	0.03415	0.01854	0.01185	0.00962	0.03504	0.00278	0.24618	0.00719	0.00355	0.00851

[dist]
# distance from previous block
# <min> <max>
29	159

[block]
# block no. 2 follows, 31 sequences, length 12
# corresponding to MSA columns:
# 373-384
name=unknown_C
#
# <colnr> <probs for GDERKNQSTAVLIFYWHMCP>
#	G	D	E	R	K	N	Q	S	T	A	V	L	I	F	Y	W	H	M	C	P
0	0.14510	0.06842	0.04789	0.01380	0.01852	0.01493	0.08442	0.13125	0.05519	0.07002	0.08055	0.04534	0.04142	0.00881	0.00694	0.00206	0.02901	0.02924	0.00528	0.10180
1	0.03900	0.08832	0.17338	0.01302	0.01837	0.01357	0.01267	0.09169	0.04676	0.02360	0.06005	0.07537	0.01860	0.04383	0.03516	0.00246	0.00714	0.04215	0.00461	0.19025
2	0.01817	0.01475	0.04219	0.01509	0.02013	0.01362	0.11943	0.21718	0.02024	0.08512	0.02194	0.11293	0.05398	0.00958	0.00703	0.00202	0.00687	0.03080	0.00559	0.18335
3	0.01448	0.01375	0.02334	0.47034	0.30770	0.01561	0.01978	0.01885	0.01442	0.01937	0.01244	0.01773	0.00979	0.00655	0.00681	0.00218	0.00873	0.00609	0.00317	0.00886
4	0.02601	0.01916	0.02053	0.01574	0.02122	0.02122	0.01300	0.69408	0.03217	0.04312	0.01643	0.01643	0.01163	0.00821	0.00684	0.00205	0.00753	0.00616	0.00684	0.01163
5	0.03070	0.01164	0.01588	0.01217	0.01746	0.01006	0.01006	0.03334	0.01958	0.72163	0.02699	0.02329	0.01694	0.00847	0.00688	0.00212	0.00582	0.00688	0.00847	0.01164
6	0.00995	0.00663	0.00746	0.00746	0.00746	0.00663	0.00415	0.00995	0.00995	0.01327	0.02156	0.04477	0.02487	0.75957	0.03482	0.00663	0.00663	0.00995	0.00415	0.00415
7	0.01836	0.01562	0.01779	0.01512	0.01943	0.01769	0.05321	0.13743	0.55781	0.03045	0.02521	0.02368	0.01880	0.00890	0.00701	0.00228	0.00612	0.00751	0.00673	0.01085
8	0.01693	0.01626	0.02777	0.04199	0.71689	0.01626	0.02100	0.02100	0.01558	0.02235	0.01287	0.01693	0.01084	0.00610	0.00677	0.00203	0.00813	0.00610	0.00339	0.01084
9	0.00968	0.00699	0.00914	0.00861	0.01022	0.00646	0.00646	0.01291	0.01937	0.02743	0.71328	0.05110	0.06455	0.01399	0.00807	0.00215	0.00323	0.01237	0.00753	0.00646
10	0.02316	0.01926	0.01836	0.01590	0.05027	0.17085	0.01212	0.25347	0.10848	0.11639	0.01739	0.01766	0.01282	0.00788	0.00697	0.00196	0.03048	0.00589	0.03469	0.07600
11	0.01807	0.01551	0.01738	0.01478	0.01806	0.09002	0.06701	0.26524	0.05763	0.02758	0.02279	0.25094	0.02269	0.03787	0.00908	0.00248	0.03786	0.01054	0.00581	0.00865

[dist]
# distance from previous block
# <min> <max>
15	35

[block]
# block no. 3 follows, 31 sequences, length 12
# corresponding to MSA columns:
# 425-436
name=unknown_D
#
# <colnr> <probs for GDERKNQSTAVLIFYWHMCP>
#	G	D	E	R	K	N	Q	S	T	A	V	L	I	F	Y	W	H	M	C	P
0	0.11166	0.01443	0.01596	0.01374	0.01705	0.05187	0.03640	0.20326	0.10001	0.07027	0.02193	0.20409	0.02063	0.01166	0.00843	0.00236	0.07209	0.00943	0.00588	0.00885
1	0.01590	0.01180	0.01460	0.01279	0.01562	0.01333	0.01023	0.26972	0.01899	0.02617	0.01761	0.02293	0.01504	0.03503	0.45843	0.00762	0.01425	0.00689	0.00487	0.00820
2	0.01452	0.01368	0.02698	0.05196	0.02606	0.01323	0.40328	0.01921	0.01513	0.02241	0.01669	0.02120	0.01300	0.00966	0.05731	0.00269	0.00933	0.00741	0.24820	0.00806
3	0.02038	0.02334	0.12869	0.06760	0.02423	0.19325	0.05006	0.21453	0.02038	0.02591	0.01280	0.01499	0.00985	0.00747	0.00795	0.00201	0.07737	0.00542	0.00435	0.08941
4	0.02601	0.01916	0.02053	0.01574	0.02122	0.02122	0.01300	0.69408	0.03217	0.04312	0.01643	0.01643	0.01163	0.00821	0.00684	0.00205	0.00753	0.00616	0.00684	0.01163
5	0.01131	0.00794	0.00978	0.00999	0.01189	0.00763	0.00767	0.01527	0.08545	0.06559	0.16704	0.23929	0.18125	0.01670	0.00831	0.00255	0.00442	0.13433	0.00675	0.00682
6	0.02601	0.01916	0.02053	0.01574	0.02122	0.02122	0.01300	0.69408	0.03217	0.04312	0.01643	0.01643	0.01163	0.00821	0.00684	0.00205	0.00753	0.00616	0.00684	0.01163
7	0.01419	0.01216	0.01419	0.01013	0.01621	0.00912	0.00811	0.01723	0.01419	0.02229	0.01216	0.01419	0.01013	0.00507	0.00507	0.00101	0.00507	0.00405	0.00405	0.80139
8	0.01620	0.01335	0.01527	0.01109	0.01707	0.01118	0.00894	0.13272	0.01725	0.02585	0.01289	0.01457	0.01039	0.00560	0.00537	0.00119	0.00549	0.00441	0.00453	0.66662
9	0.01127	0.00838	0.01058	0.06008	0.01420	0.00752	0.00783	0.01389	0.01605	0.05695	0.20948	0.14219	0.20229	0.01389	0.00761	0.00217	0.00448	0.06286	0.00613	0.14215
10	0.07401	0.01409	0.04023	0.09235	0.01983	0.03837	0.01098	0.17742	0.01971	0.06544	0.13954	0.02676	0.05666	0.00909	0.00665	0.00195	0.00623	0.03171	0.00560	0.16339
11	0.05599	0.01411	0.04189	0.01166	0.01570	0.07526	0.00950	0.05376	0.15905	0.07792	0.03038	0.05551	0.16921	0.01285	0.05246	0.00257	0.00662	0.00823	0.00561	0.14171

[dist]
# distance from previous block
# <min> <max>
53	150

[block]
# block no. 4 follows, 31 sequences, length 6
# corresponding to MSA columns:
# 635-640
name=unknown_E
#
# <colnr> <probs for GDERKNQSTAVLIFYWHMCP>
#	G	D	E	R	K	N	Q	S	T	A	V	L	I	F	Y	W	H	M	C	P
0	0.06693	0.01460	0.02135	0.07408	0.02338	0.01418	0.15622	0.09206	0.01601	0.02409	0.01252	0.01554	0.00998	0.00643	0.00762	0.00176	0.07673	0.00546	0.00406	0.35698
1	0.19630	0.01974	0.02248	0.01942	0.07802	0.17641	0.17207	0.09754	0.06974	0.02562	0.01333	0.01542	0.01033	0.00671	0.00631	0.00203	0.00881	0.00568	0.00431	0.04974
2	0.00960	0.00701	0.00824	0.00830	0.00938	0.00642	0.00543	0.01066	0.01260	0.01690	0.07509	0.24935	0.12663	0.33011	0.01927	0.00414	0.00508	0.01291	0.00529	0.07761
3	0.10509	0.01334	0.01712	0.01269	0.01843	0.01178	0.07393	0.07744	0.01675	0.17618	0.01560	0.01641	0.01146	0.00627	0.00580	0.00158	0.00607	0.00518	0.00520	0.40367
4	0.01674	0.01520	0.01541	0.01362	0.01637	0.16925	0.05011	0.04532	0.06443	0.07214	0.05946	0.06577	0.02093	0.11525	0.11807	0.00405	0.03599	0.05042	0.00492	0.04656
5	0.02082	0.01732	0.01986	0.01558	0.02070	0.13400	0.10536	0.14987	0.01970	0.13111	0.01738	0.02201	0.01393	0.00787	0.00668	0.00188	0.00788	0.06630	0.00528	0.21647

[dist]
# distance from previous block
# <min> <max>
12	38

[block]
# block no. 5 follows, 31 sequences, length 12
# corresponding to MSA columns:
# 682-693
name=unknown_F
#
# <colnr> <probs for GDERKNQSTAVLIFYWHMCP>
#	G	D	E	R	K	N	Q	S	T	A	V	L	I	F	Y	W	H	M	C	P
0	0.02659	0.01145	0.01557	0.06737	0.01913	0.01059	0.01049	0.03047	0.06790	0.56270	0.02678	0.08108	0.01887	0.00943	0.00703	0.00220	0.00589	0.00788	0.00778	0.01080
1	0.02578	0.01203	0.01470	0.01189	0.01613	0.04587	0.00945	0.06414	0.01900	0.50536	0.06061	0.08341	0.02149	0.06649	0.00916	0.00249	0.00602	0.00822	0.00759	0.01015
2	0.16220	0.00844	0.00873	0.00826	0.01089	0.00805	0.00633	0.01421	0.01569	0.07818	0.17523	0.10138	0.34986	0.01421	0.00730	0.00226	0.00399	0.01178	0.00634	0.00666
3	0.01390	0.00866	0.01093	0.01059	0.01262	0.00852	0.00783	0.05124	0.08810	0.13083	0.16162	0.36816	0.03927	0.01717	0.03456	0.00277	0.00497	0.01383	0.00689	0.00755
4	0.02671	0.01493	0.01753	0.01378	0.01891	0.01533	0.01127	0.27865	0.13670	0.35644	0.02322	0.02111	0.01562	0.00851	0.00688	0.00213	0.00639	0.00675	0.00762	0.01151
5	0.23080	0.01511	0.01534	0.01289	0.01740	0.01690	0.01039	0.19661	0.28065	0.10489	0.02003	0.01918	0.01457	0.00815	0.00620	0.00218	0.00595	0.00618	0.00636	0.01021
6	0.00834	0.00595	0.00794	0.00953	0.00992	0.00556	0.00635	0.00953	0.01310	0.01746	0.03771	0.75510	0.04525	0.02143	0.00873	0.00278	0.00397	0.01945	0.00635	0.00556
7	0.00830	0.00611	0.00778	0.00911	0.00981	0.00559	0.00616	0.00957	0.01350	0.01763	0.04280	0.64401	0.15305	0.02077	0.00863	0.00270	0.00389	0.01864	0.00635	0.00559
8	0.01419	0.01216	0.01419	0.01013	0.01621	0.00912	0.00811	0.01723	0.01419	0.02229	0.01216	0.01419	0.01013	0.00507	0.00507	0.00101	0.00507	0.00405	0.00405	0.80139
9	0.01723	0.01408	0.01579	0.01190	0.01755	0.01290	0.00957	0.17214	0.11096	0.02783	0.01523	0.01621	0.01192	0.00634	0.00572	0.00142	0.00567	0.00502	0.00507	0.51745
10	0.02426	0.01722	0.01875	0.01490	0.01995	0.01895	0.01214	0.45696	0.19952	0.11348	0.02044	0.01946	0.01453	0.00851	0.00688	0.00213	0.00681	0.00663	0.00705	0.01143
11	0.00914	0.00648	0.00803	0.00895	0.00951	0.00619	0.00603	0.01020	0.01257	0.01650	0.03504	0.38446	0.09782	0.26491	0.01738	0.00405	0.00506	0.08690	0.00562	0.00519

[dist]
# distance from previous block
# <min> <max>
0	2

[block]
# block no. 6 follows, 31 sequences, length 36
# corresponding to MSA columns:
# 696-700,702-732
name=unknown_G
#
# <colnr> <probs for GDERKNQSTAVLIFYWHMCP>
#	G	D	E	R	K	N	Q	S	T	A	V	L	I	F	Y	W	H	M	C	P
0	0.02726	0.01307	0.01626	0.01292	0.01792	0.01270	0.01052	0.10157	0.16877	0.50259	0.02609	0.02307	0.01725	0.00862	0.00689	0.00215	0.00591	0.00699	0.00798	0.01147
1	0.00892	0.00620	0.00777	0.00878	0.00903	0.00595	0.00555	0.00968	0.01195	0.01594	0.03184	0.49712	0.03785	0.28951	0.01821	0.00418	0.00494	0.01600	0.00555	0.00504
2	0.02252	0.01649	0.01787	0.01461	0.01936	0.01832	0.01177	0.34335	0.32523	0.10134	0.02243	0.02106	0.01619	0.00870	0.00690	0.00218	0.00644	0.00692	0.00705	0.01128
3	0.00834	0.00595	0.00794	0.00953	0.00992	0.00556	0.00635	0.00953	0.01310	0.01746	0.03771	0.75510	0.04525	0.02143	0.00873	0.00278	0.00397	0.01945	0.00635	0.00556
4	0.01587	0.01329	0.01506	0.01130	0.01698	0.01160	0.00904	0.09230	0.12037	0.02547	0.01498	0.01614	0.01192	0.00604	0.00554	0.00132	0.00538	0.00483	0.00479	0.59776
5	0.03070	0.01164	0.01588	0.01217	0.01746	0.01006	0.01006	0.03334	0.01958	0.72163	0.02699	0.02329	0.01694	0.00847	0.00688	0.00212	0.00582	0.00688	0.00847	0.01164
6	0.01615	0.01845	0.04037	0.02884	0.03576	0.01730	0.69204	0.02191	0.01615	0.02191	0.01384	0.01845	0.01038	0.00577	0.00807	0.00231	0.01153	0.00807	0.00346	0.00923
7	0.02556	0.03261	0.01939	0.01763	0.02115	0.73210	0.01322	0.02732	0.01939	0.01674	0.01058	0.01234	0.00881	0.00705	0.00617	0.00176	0.01234	0.00441	0.00353	0.00793
8	0.01028	0.00760	0.00969	0.00915	0.01094	0.00730	0.00695	0.01472	0.07064	0.02727	0.63670	0.05015	0.06034	0.01382	0.00804	0.00220	0.00351	0.03648	0.00744	0.00678
9	0.01275	0.00638	0.00638	0.00638	0.00797	0.00638	0.00478	0.01594	0.01435	0.02551	0.02232	0.02551	0.01754	0.00797	0.00478	0.00159	0.00319	0.00638	0.79755	0.00638
10	0.03070	0.01164	0.01588	0.01217	0.01746	0.01006	0.01006	0.03334	0.01958	0.72163	0.02699	0.02329	0.01694	0.00847	0.00688	0.00212	0.00582	0.00688	0.00847	0.01164
11	0.01693	0.01626	0.02777	0.04199	0.71689	0.01626	0.02100	0.02100	0.01558	0.02235	0.01287	0.01693	0.01084	0.00610	0.00677	0.00203	0.00813	0.00610	0.00339	0.01084
12	0.01275	0.00638	0.00638	0.00638	0.00797	0.00638	0.00478	0.01594	0.01435	0.02551	0.02232	0.02551	0.01754	0.00797	0.00478	0.00159	0.00319	0.00638	0.79755	0.00638
13	0.02526	0.03053	0.01985	0.01841	0.04921	0.62824	0.01351	0.09741	0.02058	0.01975	0.01128	0.01295	0.00919	0.00713	0.00626	0.00180	0.01166	0.00466	0.00387	0.00844
14	0.00822	0.00665	0.00731	0.00774	0.00948	0.00574	0.00558	0.00985	0.01502	0.01854	0.08527	0.26419	0.49577	0.01838	0.00827	0.00244	0.00360	0.01580	0.00640	0.00574
15	0.02601	0.01916	0.02053	0.01574	0.02122	0.02122	0.01300	0.69408	0.03217	0.04312	0.01643	0.01643	0.01163	0.00821	0.00684	0.00205	0.00753	0.00616	0.00684	0.01163
16	0.00995	0.00663	0.00746	0.00746	0.00746	0.00663	0.00415	0.00995	0.00995	0.01327	0.02156	0.04477	0.02487	0.75957	0.03482	0.00663	0.00663	0.00995	0.00415	0.00415
17	0.01292	0.01216	0.02052	0.74312	0.04712	0.01520	0.01900	0.01748	0.01368	0.01748	0.01216	0.01824	0.00912	0.00684	0.00684	0.00228	0.00912	0.00608	0.00304	0.00760
18	0.01102	0.00787	0.01102	0.01260	0.01417	0.00787	0.01102	0.01417	0.01575	0.02047	0.03622	0.07717	0.03937	0.01890	0.00945	0.00315	0.00630	0.67084	0.00630	0.00630
19	0.01702	0.01470	0.01547	0.01392	0.01779	0.01702	0.01083	0.03635	0.70453	0.02862	0.02785	0.02553	0.02088	0.00928	0.00696	0.00232	0.00541	0.00773	0.00696	0.01083
20	0.02601	0.01916	0.02053	0.01574	0.02122	0.02122	0.01300	0.69408	0.03217	0.04312	0.01643	0.01643	0.01163	0.00821	0.00684	0.00205	0.00753	0.00616	0.00684	0.01163
21	0.01829	0.76368	0.03585	0.01171	0.01756	0.02707	0.01171	0.02049	0.01390	0.01610	0.00951	0.01097	0.00878	0.00585	0.00439	0.00146	0.00732	0.00366	0.00293	0.00878
22	0.00834	0.00595	0.00794	0.00953	0.00992	0.00556	0.00635	0.00953	0.01310	0.01746	0.03771	0.75510	0.04525	0.02143	0.00873	0.00278	0.00397	0.01945	0.00635	0.00556
23	0.00968	0.00699	0.00914	0.00861	0.01022	0.00646	0.00646	0.01291	0.01937	0.02743	0.71328	0.05110	0.06455	0.01399	0.00807	0.00215	0.00323	0.01237	0.00753	0.00646
24	0.00977	0.00733	0.01100	0.01100	0.01222	0.00855	0.00855	0.01222	0.01100	0.01588	0.01833	0.02688	0.01710	0.05131	0.73245	0.01100	0.01833	0.00733	0.00367	0.00611
25	0.01497	0.01497	0.02095	0.01796	0.01796	0.02095	0.01497	0.01646	0.01048	0.01646	0.00898	0.01497	0.00898	0.01197	0.02245	0.00299	0.74704	0.00599	0.00299	0.00748
26	0.01102	0.00787	0.01102	0.01260	0.01417	0.00787	0.01102	0.01417	0.01575	0.02047	0.03622	0.07717	0.03937	0.01890	0.00945	0.00315	0.00630	0.67084	0.00630	0.00630
27	0.01292	0.01216	0.02052	0.74312	0.04712	0.01520	0.01900	0.01748	0.01368	0.01748	0.01216	0.01824	0.00912	0.00684	0.00684	0.00228	0.00912	0.00608	0.00304	0.00760
28	0.02506	0.01869	0.02000	0.01555	0.02085	0.02077	0.01277	0.62469	0.10310	0.04159	0.01763	0.01739	0.01261	0.00833	0.00686	0.00208	0.00731	0.00633	0.00686	0.01155
29	0.01502	0.01512	0.02178	0.01842	0.01872	0.02080	0.04374	0.01670	0.01072	0.01670	0.00919	0.01512	0.00904	0.01171	0.02184	0.00296	0.71579	0.00608	0.00301	0.00756
30	0.01497	0.01497	0.02095	0.01796	0.01796	0.02095	0.01497	0.01646	0.01048	0.01646	0.00898	0.01497	0.00898	0.01197	0.02245	0.00299	0.74704	0.00599	0.00299	0.00748
31	0.01693	0.01626	0.02777	0.04199	0.71689	0.01626	0.02100	0.02100	0.01558	0.02235	0.01287	0.01693	0.01084	0.00610	0.00677	0.00203	0.00813	0.00610	0.00339	0.01084
32	0.08516	0.02551	0.01916	0.01618	0.02058	0.38008	0.01269	0.30588	0.02415	0.02884	0.01294	0.01396	0.00989	0.00748	0.00630	0.00191	0.00979	0.00509	0.00497	0.00944
33	0.01470	0.19185	0.57626	0.01783	0.02702	0.01829	0.02236	0.02141	0.01433	0.02047	0.01168	0.01370	0.00869	0.00636	0.00605	0.00202	0.00951	0.00476	0.00290	0.00982
34	0.06809	0.01850	0.01695	0.01462	0.01765	0.20402	0.01158	0.13551	0.06914	0.07210	0.11997	0.02148	0.01936	0.01090	0.03401	0.00249	0.14313	0.00666	0.00522	0.00862
35	0.04441	0.01303	0.01716	0.01392	0.01804	0.01324	0.08262	0.17590	0.10359	0.17225	0.14499	0.07635	0.04934	0.01062	0.00738	0.00224	0.00612	0.03252	0.00680	0.00947

[dist]
# distance from previous block
# <min> <max>
2	5

[block]
# block no. 7 follows, 31 sequences, length 42
# corresponding to MSA columns:
# 750-791
name=unknown_H
#
# <colnr> <probs for GDERKNQSTAVLIFYWHMCP>
#	G	D	E	R	K	N	Q	S	T	A	V	L	I	F	Y	W	H	M	C	P
0	0.02340	0.01931	0.01876	0.10461	0.02299	0.23782	0.03329	0.04810	0.10476	0.23237	0.01806	0.01854	0.01297	0.00811	0.00791	0.00212	0.06587	0.00606	0.00545	0.00949
1	0.01358	0.01283	0.02170	0.62861	0.15651	0.01537	0.01933	0.01805	0.01399	0.01828	0.01228	0.01803	0.00940	0.00672	0.00683	0.00224	0.00896	0.00608	0.00310	0.00813
2	0.01292	0.01216	0.02052	0.74312	0.04712	0.01520	0.01900	0.01748	0.01368	0.01748	0.01216	0.01824	0.00912	0.00684	0.00684	0.00228	0.00912	0.00608	0.00304	0.00760
3	0.01487	0.01415	0.02404	0.40254	0.37247	0.01571	0.01997	0.01919	0.01460	0.01985	0.01250	0.01760	0.00995	0.00648	0.00681	0.00216	0.00864	0.00609	0.00321	0.00917
4	0.01322	0.04766	0.07577	0.65421	0.04444	0.01579	0.01916	0.01794	0.01375	0.01774	0.01205	0.01762	0.00907	0.00677	0.00670	0.00223	0.00912	0.00589	0.00302	0.00785
5	0.01402	0.03332	0.64043	0.02064	0.03036	0.01606	0.10688	0.02170	0.01465	0.02170	0.01247	0.01493	0.00888	0.00641	0.00669	0.00218	0.01029	0.00542	0.00296	0.01000
6	0.01445	0.15132	0.61456	0.01826	0.02769	0.01767	0.02312	0.02148	0.01436	0.02078	0.01184	0.01389	0.00868	0.00640	0.00616	0.00205	0.00967	0.00483	0.00289	0.00990
7	0.01693	0.01626	0.02777	0.04199	0.71689	0.01626	0.02100	0.02100	0.01558	0.02235	0.01287	0.01693	0.01084	0.00610	0.00677	0.00203	0.00813	0.00610	0.00339	0.01084
8	0.00834	0.00595	0.00794	0.00953	0.00992	0.00556	0.00635	0.00953	0.01310	0.01746	0.03771	0.75510	0.04525	0.02143	0.00873	0.00278	0.00397	0.01945	0.00635	0.00556
9	0.01498	0.01426	0.02423	0.38390	0.39027	0.01574	0.02002	0.01928	0.01465	0.01998	0.01252	0.01757	0.01000	0.00646	0.00681	0.00215	0.00861	0.00609	0.00322	0.00926
10	0.01275	0.00638	0.00638	0.00638	0.00797	0.00638	0.00478	0.01594	0.01435	0.02551	0.02232	0.02551	0.01754	0.00797	0.00478	0.00159	0.00319	0.00638	0.79755	0.00638
11	0.01419	0.01216	0.01419	0.01013	0.01621	0.00912	0.00811	0.01723	0.01419	0.02229	0.01216	0.01419	0.01013	0.00507	0.00507	0.00101	0.00507	0.00405	0.00405	0.80139
12	0.00968	0.00699	0.00914	0.00861	0.01022	0.00646	0.00646	0.01291	0.01937	0.02743	0.71328	0.05110	0.06455	0.01399	0.00807	0.00215	0.00323	0.01237	0.00753	0.00646
13	0.01275	0.00638	0.00638	0.00638	0.00797	0.00638	0.00478	0.01594	0.01435	0.02551	0.02232	0.02551	0.01754	0.00797	0.00478	0.00159	0.00319	0.00638	0.79755	0.00638
14	0.02170	0.22230	0.02788	0.01751	0.02278	0.20852	0.15266	0.11902	0.05064	0.07372	0.01379	0.01522	0.01068	0.00683	0.00627	0.00189	0.00934	0.00554	0.00434	0.00935
15	0.01450	0.03429	0.69147	0.01916	0.02905	0.01562	0.02458	0.02220	0.01468	0.05393	0.01296	0.01485	0.00905	0.00659	0.00652	0.00216	0.00991	0.00514	0.00315	0.01018
16	0.02442	0.01838	0.01964	0.01542	0.02061	0.02048	0.01262	0.57811	0.15072	0.04056	0.01844	0.01803	0.01327	0.00840	0.00686	0.00210	0.00716	0.00644	0.00686	0.01149
17	0.00995	0.00663	0.00746	0.00746	0.00746	0.00663	0.00415	0.00995	0.00995	0.01327	0.02156	0.04477	0.02487	0.75957	0.03482	0.00663	0.00663	0.00995	0.00415	0.00415
18	0.01292	0.01216	0.02052	0.74312	0.04712	0.01520	0.01900	0.01748	0.01368	0.01748	0.01216	0.01824	0.00912	0.00684	0.00684	0.00228	0.00912	0.00608	0.00304	0.00760
19	0.01372	0.03539	0.72412	0.01950	0.02961	0.01589	0.02528	0.02167	0.01444	0.02167	0.01228	0.01444	0.00867	0.00650	0.00650	0.00217	0.01011	0.00506	0.00289	0.01011
20	0.01292	0.01216	0.02052	0.74312	0.04712	0.01520	0.01900	0.01748	0.01368	0.01748	0.01216	0.01824	0.00912	0.00684	0.00684	0.00228	0.00912	0.00608	0.00304	0.00760
21	0.01497	0.01497	0.02095	0.01796	0.01796	0.02095	0.01497	0.01646	0.01048	0.01646	0.00898	0.01497	0.00898	0.01197	0.02245	0.00299	0.74704	0.00599	0.00299	0.00748
22	0.01497	0.01497	0.02095	0.01796	0.01796	0.02095	0.01497	0.01646	0.01048	0.01646	0.00898	0.01497	0.00898	0.01197	0.02245	0.00299	0.74704	0.00599	0.00299	0.00748
23	0.00834	0.00595	0.00794	0.00953	0.00992	0.00556	0.00635	0.00953	0.01310	0.01746	0.03771	0.75510	0.04525	0.02143	0.00873	0.00278	0.00397	0.01945	0.00635	0.00556
24	0.01702	0.01470	0.01547	0.01392	0.01779	0.01702	0.01083	0.03635	0.70453	0.02862	0.02785	0.02553	0.02088	0.00928	0.00696	0.00232	0.00541	0.00773	0.00696	0.01083
25	0.01292	0.01216	0.02052	0.74312	0.04712	0.01520	0.01900	0.01748	0.01368	0.01748	0.01216	0.01824	0.00912	0.00684	0.00684	0.00228	0.00912	0.00608	0.00304	0.00760
26	0.01497	0.01497	0.02095	0.01796	0.01796	0.02095	0.01497	0.01646	0.01048	0.01646	0.00898	0.01497	0.00898	0.01197	0.02245	0.00299	0.74704	0.00599	0.00299	0.00748
27	0.01102	0.00787	0.01102	0.01260	0.01417	0.00787	0.01102	0.01417	0.01575	0.02047	0.03622	0.07717	0.03937	0.01890	0.00945	0.00315	0.00630	0.67084	0.00630	0.00630
28	0.01702	0.01470	0.01547	0.01392	0.01779	0.01702	0.01083	0.03635	0.70453	0.02862	0.02785	0.02553	0.02088	0.00928	0.00696	0.00232	0.00541	0.00773	0.00696	0.01083
29	0.03070	0.01164	0.01588	0.01217	0.01746	0.01006	0.01006	0.03334	0.01958	0.72163	0.02699	0.02329	0.01694	0.00847	0.00688	0.00212	0.00582	0.00688	0.00847	0.01164
30	0.01497	0.01497	0.02095	0.01796	0.01796	0.02095	0.01497	0.01646	0.01048	0.01646	0.00898	0.01497	0.00898	0.01197	0.02245	0.00299	0.74704	0.00599	0.00299	0.00748
31	0.01615	0.01845	0.04037	0.02884	0.03576	0.01730	0.69204	0.02191	0.01615	0.02191	0.01384	0.01845	0.01038	0.00577	0.00807	0.00231	0.01153	0.00807	0.00346	0.00923
32	0.01829	0.76368	0.03585	0.01171	0.01756	0.02707	0.01171	0.02049	0.01390	0.01610	0.00951	0.01097	0.00878	0.00585	0.00439	0.00146	0.00732	0.00366	0.00293	0.00878
33	0.01693	0.01626	0.02777	0.04199	0.71689	0.01626	0.02100	0.02100	0.01558	0.02235	0.01287	0.01693	0.01084	0.00610	0.00677	0.00203	0.00813	0.00610	0.00339	0.01084
34	0.01920	0.21246	0.37028	0.01567	0.02348	0.01721	0.01798	0.02435	0.01562	0.19892	0.01534	0.01583	0.01081	0.00684	0.00607	0.00198	0.00831	0.00517	0.00432	0.01017
35	0.30220	0.07389	0.08481	0.01348	0.01890	0.04804	0.01210	0.31382	0.02132	0.03360	0.01283	0.01378	0.00953	0.00717	0.00568	0.00203	0.00716	0.00493	0.00512	0.00963
36	0.01807	0.72798	0.06959	0.01209	0.01815	0.02652	0.01237	0.02054	0.01393	0.01637	0.00965	0.01114	0.00877	0.00588	0.00449	0.00150	0.00745	0.00373	0.00292	0.00884
37	0.06043	0.14142	0.04786	0.01507	0.04704	0.04700	0.05699	0.04079	0.01556	0.15002	0.02093	0.15314	0.01978	0.01108	0.00844	0.00230	0.08009	0.06839	0.00514	0.00853
38	0.05146	0.14372	0.04719	0.01420	0.06709	0.01285	0.07714	0.01621	0.03901	0.02114	0.14262	0.14155	0.15524	0.01219	0.00718	0.00219	0.00583	0.03043	0.00521	0.00754
39	0.01510	0.24313	0.20082	0.01301	0.01879	0.01625	0.01347	0.04247	0.03851	0.04198	0.16854	0.04323	0.02300	0.00845	0.00617	0.00185	0.00671	0.00674	0.00457	0.08718
40	0.04310	0.23354	0.07048	0.01342	0.04038	0.03955	0.03416	0.01958	0.03777	0.05536	0.12605	0.02216	0.04750	0.00817	0.00686	0.00181	0.04798	0.00632	0.00449	0.14134
41	0.04972	0.05033	0.09679	0.02313	0.15032	0.06278	0.19736	0.06009	0.08530	0.04658	0.01558	0.04201	0.01249	0.00706	0.00681	0.00206	0.00861	0.00670	0.00425	0.07204

[dist]
# distance from previous block
# <min> <max>
0	66

# created by:
# /home/cegg/simao/soft/augustus-3.2.1/scripts/msa2prfl.pl ./align_prep/EOG090W05IO.fa
