[name]
unknown

[dist]
# distance from previous block
# <min> <max>
0	18

[block]
# block no. 0 follows, 33 sequences, length 9
# corresponding to MSA columns:
# 20-28
name=unknown_A
#
# <colnr> <probs for GDERKNQSTAVLIFYWHMCP>
#	G	D	E	R	K	N	Q	S	T	A	V	L	I	F	Y	W	H	M	C	P
0	0.02316	0.01260	0.01518	0.01252	0.01679	0.01272	0.01031	0.19580	0.11151	0.33282	0.02450	0.02817	0.01847	0.00952	0.00684	0.00215	0.00587	0.09787	0.05307	0.01011
1	0.04857	0.01292	0.01534	0.01317	0.04008	0.01305	0.01023	0.25295	0.04345	0.22305	0.02219	0.11776	0.01847	0.00987	0.00671	0.00207	0.00587	0.04649	0.02836	0.06939
2	0.00906	0.00682	0.00839	0.00919	0.01019	0.00664	0.00637	0.01220	0.08582	0.01879	0.10680	0.51696	0.10728	0.05152	0.00922	0.00269	0.00396	0.01600	0.00619	0.00592
3	0.01062	0.00728	0.00914	0.03782	0.01192	0.00686	0.00706	0.01316	0.03892	0.07573	0.14860	0.26727	0.21763	0.04586	0.00892	0.00256	0.00427	0.07386	0.00626	0.00626
4	0.01744	0.01759	0.02316	0.20461	0.39136	0.13958	0.01790	0.07161	0.01637	0.02096	0.01210	0.01580	0.00976	0.00635	0.00644	0.00197	0.00870	0.00559	0.00345	0.00927
5	0.17304	0.01124	0.01336	0.03333	0.07654	0.01208	0.03594	0.07878	0.12168	0.02407	0.06909	0.11377	0.04548	0.12490	0.01050	0.00279	0.00565	0.00852	0.03173	0.00751
6	0.07998	0.00867	0.01065	0.06639	0.04392	0.00895	0.00821	0.02805	0.05342	0.05373	0.06328	0.25043	0.14864	0.03398	0.00814	0.00241	0.02071	0.03483	0.06892	0.00670
7	0.05108	0.01315	0.01687	0.12119	0.23260	0.07833	0.01288	0.04639	0.01510	0.02130	0.04504	0.14822	0.01839	0.00916	0.00643	0.00200	0.00659	0.00801	0.09517	0.05211
8	0.08411	0.01066	0.01175	0.01232	0.06552	0.04997	0.00832	0.10739	0.01605	0.05019	0.07871	0.28381	0.08614	0.09293	0.00996	0.00270	0.00539	0.01156	0.00557	0.00697

[dist]
# distance from previous block
# <min> <max>
12	25

[block]
# block no. 1 follows, 33 sequences, length 11
# corresponding to MSA columns:
# 56-66
name=unknown_B
#
# <colnr> <probs for GDERKNQSTAVLIFYWHMCP>
#	G	D	E	R	K	N	Q	S	T	A	V	L	I	F	Y	W	H	M	C	P
0	0.13848	0.01254	0.01519	0.06170	0.01735	0.01407	0.01054	0.08929	0.01444	0.03906	0.06230	0.05138	0.01468	0.00993	0.03039	0.00229	0.20871	0.00608	0.00429	0.19729
1	0.01187	0.00788	0.01096	0.01042	0.01078	0.00898	0.00766	0.01170	0.04243	0.01451	0.06117	0.02587	0.01710	0.07585	0.02260	0.46864	0.14004	0.04347	0.00359	0.00447
2	0.01909	0.02409	0.06984	0.01459	0.01764	0.46616	0.01154	0.02114	0.01633	0.01666	0.05266	0.06865	0.01598	0.09421	0.06069	0.00294	0.01050	0.00645	0.00381	0.00704
3	0.01581	0.01524	0.05478	0.11915	0.37394	0.01552	0.01710	0.09454	0.06249	0.02253	0.01397	0.01775	0.01140	0.01127	0.08474	0.00297	0.04753	0.00605	0.00380	0.00945
4	0.01536	0.51180	0.02845	0.01392	0.07016	0.02036	0.04822	0.01759	0.01345	0.01653	0.01538	0.17128	0.01613	0.00883	0.00548	0.00176	0.00664	0.00715	0.00358	0.00796
5	0.01043	0.00632	0.00921	0.00921	0.00967	0.00678	0.00651	0.00994	0.00948	0.01310	0.01492	0.02489	0.01481	0.11660	0.30906	0.40449	0.01049	0.00667	0.00325	0.00417
6	0.01378	0.01411	0.05889	0.14560	0.34692	0.01342	0.08546	0.01770	0.01453	0.01994	0.01934	0.08168	0.05325	0.00893	0.00711	0.00221	0.00768	0.07698	0.00384	0.00864
7	0.01668	0.01161	0.01396	0.01012	0.01583	0.00895	0.00816	0.01953	0.01464	0.15696	0.01442	0.01532	0.01100	0.00550	0.00521	0.00118	0.00501	0.00442	0.00471	0.65679
8	0.51493	0.01477	0.09080	0.01212	0.05316	0.01371	0.01028	0.02173	0.01323	0.15748	0.01354	0.01550	0.01010	0.00687	0.00507	0.00207	0.00587	0.02578	0.00470	0.00831
9	0.01549	0.01366	0.05338	0.01681	0.16275	0.01096	0.01145	0.04857	0.01530	0.06906	0.04979	0.01671	0.01302	0.00594	0.00562	0.00140	0.00579	0.00503	0.00428	0.47498
10	0.01026	0.01019	0.08942	0.01112	0.01309	0.00920	0.00959	0.01296	0.01105	0.01631	0.01718	0.02565	0.01599	0.11070	0.50936	0.00827	0.04707	0.00694	0.05946	0.00619

[dist]
# distance from previous block
# <min> <max>
0	3

[block]
# block no. 2 follows, 33 sequences, length 23
# corresponding to MSA columns:
# 70-92
name=unknown_C
#
# <colnr> <probs for GDERKNQSTAVLIFYWHMCP>
#	G	D	E	R	K	N	Q	S	T	A	V	L	I	F	Y	W	H	M	C	P
0	0.01796	0.01502	0.01649	0.01533	0.06016	0.01707	0.01139	0.15703	0.54831	0.02974	0.02392	0.02246	0.01789	0.00856	0.00667	0.00217	0.00574	0.00707	0.00647	0.01056
1	0.01506	0.15220	0.31081	0.01963	0.12966	0.01599	0.06837	0.02008	0.01417	0.03706	0.01187	0.01413	0.00924	0.00584	0.00582	0.00176	0.00812	0.00487	0.00323	0.15211
2	0.01647	0.02422	0.37184	0.02502	0.23560	0.01477	0.07710	0.02215	0.01501	0.11468	0.01397	0.01605	0.01014	0.00633	0.00651	0.00205	0.00873	0.00563	0.00367	0.01006
3	0.01485	0.12398	0.56303	0.01840	0.04932	0.01637	0.04156	0.02133	0.01420	0.06042	0.01234	0.01415	0.00892	0.00625	0.00607	0.00200	0.00914	0.00491	0.00312	0.00965
4	0.01276	0.01175	0.01904	0.53540	0.09111	0.01444	0.01663	0.01638	0.01287	0.01717	0.01361	0.01898	0.03385	0.00805	0.00897	0.03045	0.09516	0.00612	0.02996	0.00729
5	0.01540	0.13073	0.22238	0.03707	0.06148	0.01322	0.01390	0.03238	0.01489	0.13586	0.02423	0.15740	0.09361	0.01024	0.00660	0.00209	0.00669	0.00856	0.00474	0.00853
6	0.02364	0.01323	0.05544	0.05652	0.18317	0.01140	0.01309	0.02682	0.01721	0.45746	0.02340	0.02236	0.04984	0.00787	0.00663	0.00204	0.00638	0.00668	0.00636	0.01046
7	0.02701	0.01068	0.01428	0.01113	0.01589	0.00920	0.00913	0.02945	0.01840	0.64908	0.03071	0.02717	0.09868	0.00914	0.00676	0.00206	0.00534	0.00747	0.00791	0.01055
8	0.02954	0.01120	0.01528	0.01171	0.01681	0.00968	0.00968	0.03208	0.01884	0.73213	0.02597	0.02241	0.01630	0.00815	0.00662	0.00204	0.00560	0.00662	0.00815	0.01120
9	0.01547	0.02064	0.23452	0.08711	0.44934	0.01529	0.02097	0.02048	0.01464	0.04148	0.01256	0.01586	0.00986	0.00610	0.00645	0.00201	0.00839	0.00559	0.00323	0.01001
10	0.01610	0.01544	0.02636	0.07698	0.69255	0.01559	0.02011	0.02003	0.01490	0.02127	0.01235	0.01636	0.01034	0.00590	0.00652	0.00197	0.00787	0.00586	0.00324	0.01027
11	0.00940	0.00705	0.01058	0.01058	0.01176	0.00823	0.00823	0.01176	0.01058	0.01528	0.01763	0.02586	0.01646	0.04937	0.74255	0.01058	0.01763	0.00705	0.00353	0.00588
12	0.41287	0.01749	0.01341	0.01210	0.01516	0.21766	0.00954	0.01999	0.01306	0.02256	0.01040	0.01359	0.00891	0.03124	0.06850	0.00286	0.09543	0.00446	0.00370	0.00709
13	0.00825	0.00597	0.00785	0.00926	0.00988	0.00557	0.00645	0.00961	0.01302	0.01715	0.03840	0.64765	0.09336	0.02010	0.00842	0.00267	0.00399	0.08085	0.00611	0.00543
14	0.01322	0.01116	0.01410	0.01277	0.01436	0.01300	0.00995	0.09507	0.07812	0.02117	0.05731	0.28561	0.02525	0.01373	0.01185	0.00246	0.23853	0.01074	0.00511	0.06648
15	0.01264	0.01079	0.01269	0.03222	0.01535	0.00866	0.00779	0.01593	0.03615	0.02101	0.04524	0.02233	0.10651	0.00828	0.02800	0.00155	0.00513	0.00578	0.00436	0.59960
16	0.01618	0.07549	0.40766	0.06309	0.10871	0.01637	0.05413	0.10170	0.01630	0.06055	0.01299	0.01504	0.00946	0.00645	0.00630	0.00202	0.00883	0.00531	0.00361	0.00979
17	0.01440	0.23438	0.54465	0.01673	0.02535	0.01821	0.02078	0.02054	0.01376	0.01939	0.01109	0.01299	0.00837	0.00609	0.00570	0.00190	0.00900	0.00450	0.00279	0.00938
18	0.00940	0.00705	0.01058	0.01058	0.01176	0.00823	0.00823	0.01176	0.01058	0.01528	0.01763	0.02586	0.01646	0.04937	0.74255	0.01058	0.01763	0.00705	0.00353	0.00588
19	0.01512	0.01981	0.18576	0.09169	0.33904	0.01572	0.16872	0.02079	0.03991	0.02109	0.01292	0.01648	0.01008	0.00605	0.00674	0.00207	0.00894	0.00611	0.00326	0.00968
20	0.04378	0.01157	0.01343	0.01002	0.01540	0.00940	0.00803	0.01934	0.05741	0.10865	0.01705	0.01779	0.04715	0.00616	0.00532	0.00128	0.00491	0.00494	0.00471	0.59363
21	0.00977	0.02970	0.01095	0.01009	0.01158	0.00857	0.00779	0.01185	0.01155	0.01615	0.04052	0.09237	0.08674	0.07023	0.47600	0.00769	0.03939	0.00862	0.00408	0.04633
22	0.01726	0.03301	0.09304	0.01270	0.05294	0.01035	0.01064	0.02044	0.01471	0.17780	0.01483	0.01589	0.01110	0.00645	0.00621	0.02992	0.00579	0.00476	0.00462	0.45752

[dist]
# distance from previous block
# <min> <max>
1	6

[block]
# block no. 3 follows, 33 sequences, length 9
# corresponding to MSA columns:
# 99-107
name=unknown_D
#
# <colnr> <probs for GDERKNQSTAVLIFYWHMCP>
#	G	D	E	R	K	N	Q	S	T	A	V	L	I	F	Y	W	H	M	C	P
0	0.01571	0.01226	0.01440	0.03945	0.01599	0.05203	0.01018	0.18408	0.01689	0.06349	0.02020	0.09765	0.04851	0.05095	0.23427	0.00495	0.09852	0.00798	0.00483	0.00765
1	0.56441	0.01076	0.00894	0.00820	0.01118	0.01213	0.00631	0.01678	0.01144	0.02573	0.05316	0.02013	0.01417	0.15922	0.01020	0.00288	0.00513	0.00538	0.04743	0.00639
2	0.17721	0.62053	0.02953	0.01074	0.01606	0.02379	0.01044	0.01964	0.01294	0.01830	0.00916	0.01059	0.00818	0.00573	0.00419	0.00153	0.00665	0.00353	0.00307	0.00818
3	0.01025	0.00798	0.01119	0.01041	0.01253	0.00834	0.00814	0.01272	0.01119	0.01652	0.01645	0.02342	0.01512	0.04047	0.59492	0.00866	0.01508	0.00642	0.00360	0.16658
4	0.01365	0.01170	0.01365	0.00975	0.01560	0.00878	0.00780	0.01658	0.01365	0.02145	0.01170	0.01365	0.00975	0.00488	0.00488	0.00098	0.00488	0.00390	0.00390	0.80888
5	0.05218	0.16391	0.05225	0.04824	0.26593	0.08984	0.01383	0.01945	0.01453	0.02050	0.01375	0.01760	0.01156	0.00666	0.00557	0.00178	0.00708	0.02309	0.16375	0.00849
6	0.00942	0.00714	0.00893	0.00905	0.01069	0.00625	0.00638	0.01104	0.01314	0.01816	0.07482	0.45954	0.06689	0.07531	0.00961	0.00258	0.00423	0.03511	0.00557	0.16614
7	0.10517	0.03483	0.01427	0.01312	0.10356	0.01042	0.00872	0.01675	0.01295	0.05280	0.01388	0.01984	0.01263	0.15817	0.01078	0.00236	0.00567	0.00536	0.00402	0.39468
8	0.10002	0.34733	0.02180	0.03016	0.03391	0.01689	0.00982	0.01768	0.01331	0.05035	0.01629	0.06412	0.02967	0.05443	0.02527	0.00225	0.00648	0.06623	0.00395	0.09003

[dist]
# distance from previous block
# <min> <max>
0	1

[block]
# block no. 4 follows, 33 sequences, length 40
# corresponding to MSA columns:
# 109-141,147-153
name=unknown_E
#
# <colnr> <probs for GDERKNQSTAVLIFYWHMCP>
#	G	D	E	R	K	N	Q	S	T	A	V	L	I	F	Y	W	H	M	C	P
0	0.00999	0.00896	0.02648	0.00965	0.02955	0.03913	0.00715	0.01309	0.05497	0.02054	0.24272	0.12586	0.29887	0.01653	0.04393	0.02342	0.00483	0.01209	0.00599	0.00626
1	0.40853	0.01506	0.01431	0.01151	0.01625	0.01663	0.00947	0.31016	0.01980	0.03388	0.01221	0.01313	0.00909	0.00676	0.00521	0.00192	0.00599	0.00460	0.00512	0.08039
2	0.11536	0.01093	0.03572	0.01108	0.01476	0.00989	0.04869	0.05775	0.01739	0.17152	0.26341	0.03391	0.07562	0.01034	0.00684	0.00205	0.00506	0.04320	0.00628	0.06020
3	0.01767	0.18802	0.42885	0.01563	0.02348	0.01639	0.01836	0.02303	0.01485	0.17305	0.01429	0.01502	0.01008	0.00653	0.00590	0.00193	0.00826	0.00495	0.00395	0.00977
4	0.02303	0.01397	0.01626	0.05246	0.01884	0.03288	0.01087	0.28664	0.06561	0.26959	0.02235	0.12014	0.01767	0.00968	0.00683	0.00211	0.00630	0.00794	0.00678	0.01006
5	0.01451	0.01382	0.02349	0.36991	0.41203	0.01517	0.01932	0.01864	0.01415	0.01934	0.01207	0.01688	0.00966	0.00620	0.00655	0.00207	0.00826	0.00586	0.00310	0.00899
6	0.01760	0.77260	0.03450	0.01126	0.01690	0.02605	0.01126	0.01971	0.01338	0.01549	0.00915	0.01056	0.00845	0.00563	0.00422	0.00141	0.00704	0.00352	0.00282	0.00845
7	0.01564	0.01341	0.01453	0.01075	0.01635	0.04959	0.00859	0.07868	0.03368	0.03761	0.01266	0.01421	0.01021	0.00542	0.00517	0.00116	0.00549	0.00424	0.00427	0.65836
8	0.01020	0.00748	0.01031	0.01013	0.01110	0.00854	0.00752	0.01263	0.05398	0.01525	0.01802	0.02832	0.01749	0.18497	0.47499	0.07544	0.03691	0.00742	0.00374	0.00558
9	0.00993	0.00783	0.01159	0.01129	0.01234	0.00949	0.00888	0.01219	0.01053	0.01534	0.01668	0.02465	0.01563	0.04537	0.66630	0.00977	0.09578	0.00692	0.00346	0.00602
10	0.01433	0.01292	0.01396	0.01020	0.01590	0.05432	0.00811	0.01718	0.01396	0.02112	0.01161	0.01354	0.00967	0.00499	0.00494	0.00102	0.00531	0.00392	0.00387	0.75913
11	0.01042	0.00639	0.00958	0.00958	0.01017	0.00698	0.00698	0.01017	0.00958	0.01337	0.01455	0.02295	0.01396	0.03617	0.38551	0.40799	0.01170	0.00639	0.00319	0.00437
12	0.01760	0.77260	0.03450	0.01126	0.01690	0.02605	0.01126	0.01971	0.01338	0.01549	0.00915	0.01056	0.00845	0.00563	0.00422	0.00141	0.00704	0.00352	0.00282	0.00845
13	0.01208	0.00996	0.01093	0.01039	0.01132	0.06571	0.00748	0.05235	0.01236	0.01612	0.02110	0.08299	0.05167	0.32268	0.12901	0.04679	0.08920	0.03819	0.00417	0.00551
14	0.01365	0.01170	0.01365	0.00975	0.01560	0.00878	0.00780	0.01658	0.01365	0.02145	0.01170	0.01365	0.00975	0.00488	0.00488	0.00098	0.00488	0.00390	0.00390	0.80888
15	0.06037	0.06297	0.58432	0.01709	0.02561	0.03551	0.02111	0.02089	0.01424	0.04648	0.04365	0.01538	0.01095	0.00662	0.00611	0.00204	0.00896	0.00509	0.00326	0.00936
16	0.01140	0.01021	0.04915	0.01176	0.01332	0.01031	0.00950	0.03153	0.01257	0.03637	0.02430	0.27811	0.04964	0.06887	0.11414	0.00389	0.16725	0.04035	0.00469	0.05265
17	0.01478	0.01409	0.02398	0.32030	0.45954	0.01524	0.01945	0.01887	0.01427	0.01967	0.01212	0.01679	0.00978	0.00615	0.00654	0.00205	0.00820	0.00586	0.00313	0.00920
18	0.01300	0.01227	0.02051	0.55492	0.19154	0.01432	0.01793	0.01713	0.01367	0.01789	0.01502	0.01992	0.05044	0.00701	0.00664	0.00214	0.00825	0.00632	0.00318	0.00789
19	0.02317	0.03009	0.06239	0.01645	0.02013	0.65462	0.01297	0.02532	0.01808	0.01689	0.01093	0.01273	0.00896	0.00680	0.00588	0.00171	0.01123	0.00439	0.04960	0.00768
20	0.00965	0.00720	0.00989	0.00972	0.01035	0.00780	0.02459	0.01086	0.01062	0.01468	0.02158	0.16026	0.02369	0.33982	0.26458	0.00685	0.04850	0.01007	0.00413	0.00515
21	0.35148	0.05860	0.01556	0.01278	0.01570	0.19720	0.01034	0.02009	0.01303	0.02200	0.00984	0.01247	0.00833	0.00759	0.00869	0.00209	0.18341	0.00436	0.03915	0.00730
22	0.01368	0.11405	0.65871	0.01795	0.02724	0.01645	0.02291	0.02073	0.01384	0.02027	0.01153	0.01354	0.00835	0.00619	0.00603	0.00201	0.00944	0.00472	0.00278	0.00959
23	0.01442	0.01119	0.01293	0.01048	0.01481	0.01015	0.00821	0.02116	0.19099	0.07275	0.11479	0.05616	0.04469	0.00835	0.00609	0.00163	0.00468	0.00703	0.00552	0.38398
24	0.00886	0.00638	0.00829	0.00903	0.01003	0.00601	0.00658	0.01061	0.01424	0.01902	0.18772	0.35219	0.12325	0.05411	0.02974	0.02847	0.00448	0.10938	0.00608	0.00553
25	0.01578	0.01555	0.01967	0.01666	0.01761	0.06142	0.01378	0.07020	0.01241	0.01818	0.00947	0.01432	0.00890	0.01058	0.01856	0.00263	0.61167	0.00558	0.00326	0.05377
26	0.01722	0.04509	0.05001	0.01312	0.05616	0.01055	0.03266	0.04978	0.01743	0.23308	0.20490	0.05089	0.10357	0.01095	0.00766	0.00214	0.03201	0.04798	0.00634	0.00845
27	0.01621	0.33149	0.15051	0.05812	0.02266	0.06693	0.09727	0.03675	0.03623	0.01822	0.01154	0.01422	0.00958	0.00906	0.05218	0.00238	0.05001	0.00497	0.00318	0.00850
28	0.01759	0.01061	0.01369	0.04946	0.01550	0.01106	0.02558	0.07927	0.07252	0.21820	0.05293	0.03011	0.04997	0.23358	0.03008	0.00358	0.06474	0.00797	0.00566	0.00788
29	0.01860	0.45904	0.09905	0.01336	0.01869	0.21019	0.01269	0.02121	0.01498	0.01671	0.03314	0.01259	0.01024	0.00623	0.00501	0.00156	0.00838	0.00413	0.00314	0.03108
30	0.00855	0.00642	0.00781	0.00862	0.00979	0.00590	0.00628	0.01014	0.01377	0.01764	0.07495	0.33573	0.25935	0.08492	0.01051	0.00289	0.00421	0.12109	0.00597	0.00545
31	0.00948	0.00679	0.00879	0.00910	0.01029	0.00698	0.00672	0.01153	0.03701	0.01675	0.03170	0.17520	0.16146	0.06838	0.25643	0.07726	0.00876	0.04062	0.05123	0.00553
32	0.42622	0.05885	0.01629	0.02843	0.01746	0.01728	0.04956	0.22237	0.05825	0.03136	0.01244	0.01355	0.00936	0.00675	0.00524	0.00201	0.00627	0.00478	0.00482	0.00870
33	0.11124	0.07388	0.58727	0.01733	0.02606	0.01589	0.03936	0.02061	0.01358	0.02160	0.01138	0.01342	0.00824	0.00618	0.00591	0.00204	0.00904	0.00470	0.00295	0.00932
34	0.01731	0.66496	0.06920	0.05487	0.01926	0.04937	0.01239	0.01983	0.01357	0.01586	0.00947	0.01118	0.00846	0.00576	0.00452	0.00150	0.00745	0.00375	0.00284	0.00842
35	0.01324	0.01214	0.01984	0.64806	0.08256	0.01474	0.01783	0.05243	0.01426	0.01846	0.01275	0.01933	0.00999	0.00701	0.00666	0.00220	0.00855	0.02907	0.00324	0.00765
36	0.01095	0.00664	0.00878	0.00875	0.00968	0.00683	0.00620	0.01194	0.01138	0.05271	0.03821	0.11328	0.03646	0.18945	0.23357	0.13129	0.00874	0.00884	0.10107	0.00524
37	0.09188	0.38330	0.02577	0.01301	0.01802	0.14645	0.01147	0.19756	0.01862	0.02355	0.01104	0.01215	0.00904	0.00646	0.00511	0.00166	0.00775	0.00427	0.00400	0.00890
38	0.01450	0.01156	0.01522	0.01235	0.01578	0.04889	0.10146	0.07767	0.01657	0.08612	0.14345	0.03268	0.13330	0.07997	0.08438	0.00320	0.00726	0.00860	0.00530	0.10174
39	0.25642	0.01692	0.01594	0.01297	0.01759	0.12076	0.03205	0.20679	0.05736	0.12908	0.01472	0.01506	0.01068	0.00703	0.00569	0.00192	0.00691	0.00509	0.00533	0.06170

[dist]
# distance from previous block
# <min> <max>
0	3

[block]
# block no. 5 follows, 33 sequences, length 28
# corresponding to MSA columns:
# 157-184
name=unknown_F
#
# <colnr> <probs for GDERKNQSTAVLIFYWHMCP>
#	G	D	E	R	K	N	Q	S	T	A	V	L	I	F	Y	W	H	M	C	P
0	0.01507	0.05714	0.02075	0.34063	0.12392	0.06233	0.04123	0.04520	0.08267	0.02016	0.02725	0.01741	0.01135	0.00662	0.00628	0.00194	0.00787	0.00573	0.00371	0.10276
1	0.01390	0.04194	0.04624	0.03197	0.05256	0.07968	0.12157	0.01763	0.05514	0.01948	0.04715	0.14900	0.01869	0.01153	0.03782	0.04785	0.00736	0.00809	0.00424	0.18817
2	0.01324	0.01196	0.01936	0.50813	0.03610	0.01452	0.05041	0.05789	0.01395	0.01846	0.03975	0.01884	0.01148	0.00976	0.03527	0.04813	0.07591	0.00621	0.00335	0.00727
3	0.00940	0.00720	0.00935	0.00970	0.03507	0.00709	0.00673	0.01130	0.01304	0.01772	0.14152	0.09714	0.17290	0.15847	0.23475	0.00544	0.00843	0.01042	0.00494	0.03942
4	0.02098	0.10064	0.03253	0.01371	0.01878	0.01824	0.01160	0.38180	0.08669	0.05966	0.01536	0.01582	0.01149	0.00741	0.00680	0.00182	0.04420	0.00546	0.00554	0.14146
5	0.03076	0.05942	0.04480	0.03928	0.05606	0.10497	0.01056	0.05454	0.01539	0.07173	0.02414	0.18053	0.05413	0.04955	0.03444	0.00270	0.00702	0.10750	0.00497	0.04751
6	0.05817	0.01087	0.01446	0.12479	0.08289	0.01132	0.01072	0.10053	0.04000	0.06120	0.05268	0.16442	0.02009	0.01382	0.06053	0.05563	0.00676	0.00848	0.00486	0.09778
7	0.01296	0.01146	0.01800	0.04434	0.15341	0.01196	0.10076	0.01849	0.12325	0.02202	0.21160	0.02885	0.02711	0.04097	0.08134	0.03614	0.03632	0.00826	0.00491	0.00784
8	0.09622	0.01161	0.01976	0.01619	0.01996	0.01149	0.22100	0.01868	0.01452	0.11864	0.02120	0.03428	0.01923	0.01761	0.14630	0.00397	0.00962	0.18719	0.00484	0.00770
9	0.04401	0.00825	0.00996	0.00943	0.01106	0.00844	0.00679	0.01649	0.14021	0.07473	0.14059	0.10118	0.06049	0.11544	0.01547	0.21185	0.00495	0.00918	0.00536	0.00612
10	0.06193	0.00999	0.01179	0.01074	0.01354	0.01011	0.00813	0.05266	0.16342	0.20752	0.04095	0.25694	0.04703	0.06317	0.00890	0.00257	0.00495	0.01087	0.00655	0.00824
11	0.06725	0.01166	0.03864	0.01198	0.01551	0.01114	0.03904	0.10701	0.09103	0.14515	0.08042	0.03729	0.10409	0.01177	0.00786	0.03341	0.00567	0.13853	0.03436	0.00819
12	0.01016	0.00703	0.00815	0.00811	0.00865	0.00732	0.00513	0.01216	0.06701	0.01511	0.02181	0.07945	0.02352	0.54379	0.10689	0.00604	0.00721	0.00945	0.04811	0.00491
13	0.02571	0.00633	0.00763	0.00818	0.00896	0.00598	0.00545	0.01005	0.01305	0.01768	0.14579	0.35592	0.12639	0.21516	0.01472	0.00348	0.00434	0.01429	0.00569	0.00519
14	0.52431	0.01181	0.01050	0.00944	0.01307	0.01324	0.00755	0.03427	0.09088	0.07768	0.04511	0.07255	0.01481	0.00808	0.00510	0.00208	0.00491	0.00587	0.04110	0.00764
15	0.01060	0.00806	0.00962	0.00900	0.01091	0.00805	0.00674	0.01629	0.14657	0.02516	0.49251	0.04466	0.09565	0.05850	0.00906	0.00236	0.00371	0.01094	0.02480	0.00681
16	0.01049	0.00731	0.00925	0.00971	0.01117	0.00707	0.00751	0.01335	0.04811	0.04722	0.14215	0.17647	0.12674	0.11936	0.01173	0.00310	0.00487	0.23228	0.00609	0.00603
17	0.41607	0.01160	0.01093	0.00985	0.01326	0.01276	0.00773	0.06659	0.09199	0.09130	0.01971	0.13120	0.04070	0.04174	0.00681	0.00234	0.00510	0.00735	0.00529	0.00769
18	0.33962	0.01258	0.01232	0.01065	0.01446	0.01385	0.00848	0.10486	0.16191	0.11228	0.04824	0.04264	0.04059	0.04238	0.00695	0.00229	0.00531	0.00644	0.00566	0.00850
19	0.01160	0.00789	0.00885	0.00854	0.00990	0.00810	0.00596	0.08480	0.04374	0.02001	0.02723	0.14851	0.09036	0.27378	0.06044	0.00406	0.00576	0.01009	0.16448	0.00592
20	0.05307	0.00809	0.01016	0.00942	0.01119	0.00800	0.00675	0.01662	0.04204	0.18748	0.02277	0.13788	0.02200	0.25414	0.10455	0.07795	0.00699	0.00918	0.00526	0.00646
21	0.12611	0.00974	0.01145	0.01033	0.01342	0.00963	0.00811	0.02160	0.10539	0.24132	0.11414	0.16241	0.07488	0.01202	0.00697	0.00225	0.00474	0.05063	0.00667	0.00820
22	0.01019	0.00710	0.00841	0.00844	0.01036	0.00626	0.00615	0.01230	0.03109	0.07477	0.09469	0.32221	0.31069	0.01650	0.00775	0.00231	0.00380	0.01436	0.00626	0.04636
23	0.01222	0.05512	0.01246	0.01071	0.01248	0.03838	0.00842	0.01498	0.04084	0.05682	0.02071	0.02967	0.04517	0.10887	0.40130	0.00706	0.03893	0.04575	0.03365	0.00645
24	0.01025	0.00811	0.01174	0.01114	0.01240	0.00922	0.03222	0.01250	0.01195	0.01708	0.06539	0.06507	0.06796	0.07314	0.38648	0.00682	0.09841	0.04653	0.04754	0.00603
25	0.05364	0.00636	0.00796	0.00835	0.00887	0.00629	0.00551	0.00988	0.01110	0.01564	0.07179	0.26068	0.04949	0.20054	0.01924	0.23934	0.00500	0.01126	0.00461	0.00445
26	0.10659	0.00879	0.00978	0.00993	0.01163	0.00925	0.00716	0.08137	0.09233	0.02200	0.02860	0.45177	0.03136	0.05636	0.00873	0.00264	0.00457	0.01343	0.03705	0.00665
27	0.01450	0.16065	0.32538	0.07245	0.06428	0.05287	0.09520	0.01959	0.01436	0.01917	0.01581	0.01974	0.05348	0.00726	0.00630	0.00201	0.00877	0.03617	0.00327	0.00874

[dist]
# distance from previous block
# <min> <max>
0	2

[block]
# block no. 6 follows, 33 sequences, length 16
# corresponding to MSA columns:
# 187-202
name=unknown_G
#
# <colnr> <probs for GDERKNQSTAVLIFYWHMCP>
#	G	D	E	R	K	N	Q	S	T	A	V	L	I	F	Y	W	H	M	C	P
0	0.01557	0.01359	0.01983	0.06002	0.37380	0.03466	0.01451	0.01968	0.04842	0.04852	0.01540	0.05706	0.01316	0.00691	0.00613	0.00178	0.00659	0.00624	0.07046	0.16769
1	0.01300	0.00884	0.01074	0.01053	0.01251	0.00913	0.00832	0.05069	0.13244	0.05622	0.11483	0.05952	0.04718	0.09165	0.01156	0.06032	0.00523	0.21739	0.07306	0.00684
2	0.11347	0.00906	0.01024	0.00948	0.01065	0.01010	0.00671	0.07234	0.01242	0.01884	0.05598	0.07139	0.02171	0.39514	0.07860	0.00500	0.08030	0.00854	0.00437	0.00567
3	0.01196	0.01138	0.01944	0.36252	0.03119	0.01242	0.13501	0.01552	0.01350	0.01773	0.02104	0.11686	0.08842	0.03836	0.00855	0.00238	0.03129	0.00868	0.00382	0.04994
4	0.05898	0.01173	0.01352	0.00980	0.01551	0.00916	0.00787	0.01761	0.01381	0.06231	0.01237	0.01399	0.00998	0.00513	0.00493	0.00109	0.00493	0.00404	0.00415	0.71909
5	0.01304	0.00970	0.01366	0.07025	0.01639	0.01006	0.04770	0.08583	0.01824	0.06300	0.37282	0.05614	0.04071	0.01228	0.00846	0.00226	0.04780	0.09817	0.00624	0.00724
6	0.01582	0.00941	0.01185	0.01095	0.01356	0.00927	0.00862	0.08922	0.07441	0.17879	0.17707	0.20551	0.03544	0.01374	0.00766	0.00236	0.00487	0.11662	0.00689	0.00793
7	0.01532	0.01323	0.09740	0.07496	0.08561	0.01008	0.01137	0.01884	0.01505	0.13591	0.06195	0.02390	0.08785	0.00778	0.00605	0.00172	0.00572	0.00651	0.08318	0.23757
8	0.01467	0.01354	0.02261	0.09595	0.48953	0.01364	0.04986	0.01839	0.01473	0.02102	0.01862	0.02193	0.08087	0.00716	0.00651	0.00197	0.00714	0.00677	0.08592	0.00916
9	0.01688	0.03857	0.02929	0.02131	0.02622	0.01710	0.38767	0.14691	0.01739	0.02430	0.01379	0.01737	0.01065	0.00705	0.00912	0.00218	0.11622	0.00685	0.08235	0.00879
10	0.00976	0.00735	0.00987	0.00971	0.01131	0.00742	0.00741	0.01190	0.01241	0.01733	0.08269	0.09755	0.07188	0.11475	0.33699	0.00639	0.01050	0.08204	0.00459	0.08817
11	0.01408	0.01184	0.01483	0.01333	0.08854	0.01008	0.00938	0.01834	0.07188	0.03670	0.01391	0.01621	0.01148	0.00974	0.07745	0.00214	0.00647	0.00476	0.00412	0.56471
12	0.12131	0.01539	0.10368	0.07437	0.05802	0.04409	0.05884	0.04130	0.01414	0.14016	0.01600	0.06041	0.01359	0.08372	0.02460	0.01748	0.09370	0.00671	0.00440	0.00809
13	0.01747	0.24166	0.05586	0.01511	0.05315	0.02859	0.07851	0.10206	0.01613	0.08019	0.01503	0.08775	0.01330	0.00784	0.00671	0.00181	0.04708	0.00632	0.00427	0.12116
14	0.54352	0.05455	0.01280	0.01197	0.07245	0.01471	0.00868	0.02005	0.08417	0.02664	0.01390	0.08635	0.01237	0.00777	0.00498	0.00208	0.00531	0.00564	0.00441	0.00764
15	0.01268	0.07492	0.04628	0.07863	0.14706	0.01229	0.08301	0.01679	0.03757	0.02171	0.25016	0.02961	0.02880	0.01308	0.07895	0.00286	0.00744	0.02628	0.00473	0.02716

[dist]
# distance from previous block
# <min> <max>
1	17

# created by:
# /home/cegg/simao/soft/augustus-3.2.1/scripts/msa2prfl.pl ./align_prep/EOG090W0FJE.fa
