[name]
unknown

[dist]
# distance from previous block
# <min> <max>
0	14

[block]
# block no. 0 follows, 33 sequences, length 75
# corresponding to MSA columns:
# 14-88
name=unknown_A
#
# <colnr> <probs for GDERKNQSTAVLIFYWHMCP>
#	G	D	E	R	K	N	Q	S	T	A	V	L	I	F	Y	W	H	M	C	P
0	0.01056	0.00755	0.01054	0.01198	0.01350	0.00753	0.01045	0.01360	0.01528	0.01994	0.05986	0.07335	0.03877	0.01801	0.00904	0.00300	0.00595	0.65890	0.00610	0.00607
1	0.01564	0.01497	0.02489	0.13410	0.55947	0.01585	0.01918	0.01998	0.03982	0.02069	0.01255	0.01663	0.01043	0.00647	0.00760	0.00206	0.06066	0.00591	0.00331	0.00978
2	0.01196	0.00617	0.00617	0.00617	0.00776	0.00610	0.00463	0.01492	0.01389	0.02407	0.02466	0.02728	0.06681	0.00830	0.00483	0.00158	0.00309	0.00668	0.74883	0.00610
3	0.01347	0.01221	0.01690	0.01487	0.01564	0.01616	0.01219	0.06311	0.01172	0.01746	0.01218	0.01837	0.01146	0.02403	0.26373	0.00541	0.45448	0.00621	0.00336	0.00704
4	0.01048	0.00877	0.01115	0.01103	0.01236	0.05999	0.00855	0.01278	0.01115	0.01534	0.01711	0.02488	0.01590	0.04637	0.69060	0.00995	0.01723	0.00686	0.00352	0.00600
5	0.01390	0.15802	0.56512	0.06926	0.02771	0.01707	0.02168	0.02037	0.01376	0.01965	0.01135	0.01359	0.00839	0.00617	0.00593	0.00198	0.00920	0.00471	0.00280	0.00934
6	0.06682	0.01122	0.11000	0.00982	0.01282	0.00839	0.00885	0.01465	0.04244	0.02516	0.49380	0.04185	0.10503	0.01204	0.00726	0.00209	0.00426	0.01034	0.00629	0.00686
7	0.00833	0.00615	0.00849	0.06161	0.01207	0.00600	0.00697	0.00971	0.01264	0.01681	0.03455	0.71167	0.04109	0.01963	0.00827	0.00264	0.00417	0.01781	0.00589	0.00549
8	0.38647	0.12080	0.12397	0.01091	0.01554	0.06039	0.01036	0.03655	0.01299	0.02413	0.01170	0.01487	0.00972	0.06007	0.00673	0.00220	0.00646	0.00451	0.07409	0.00753
9	0.00992	0.00837	0.00889	0.00859	0.01033	0.05789	0.00637	0.01241	0.01725	0.02280	0.45826	0.11176	0.21400	0.01437	0.00769	0.00213	0.00384	0.01243	0.00661	0.00608
10	0.01701	0.01587	0.11652	0.01296	0.01844	0.01271	0.03471	0.13816	0.11344	0.10114	0.05654	0.02194	0.06504	0.00778	0.00625	0.00177	0.00610	0.00640	0.00534	0.24187
11	0.01423	0.01331	0.02237	0.52164	0.16430	0.01536	0.06762	0.06631	0.01491	0.01970	0.01223	0.01722	0.00933	0.00647	0.00666	0.00214	0.00867	0.00600	0.00327	0.00825
12	0.01856	0.36699	0.10470	0.01364	0.01880	0.16994	0.01273	0.06513	0.10524	0.01926	0.01274	0.01448	0.01066	0.03382	0.00631	0.00186	0.00809	0.00468	0.00370	0.00868
13	0.02709	0.01115	0.01484	0.01155	0.01627	0.00994	0.00947	0.06966	0.01953	0.61528	0.10070	0.02491	0.02094	0.00871	0.00674	0.00204	0.00543	0.00715	0.00796	0.01066
14	0.02079	0.14561	0.06676	0.01452	0.01940	0.16008	0.01248	0.26707	0.14194	0.02745	0.01561	0.03258	0.01227	0.00760	0.00607	0.00187	0.00778	0.00564	0.00504	0.02945
15	0.05825	0.47848	0.10819	0.01228	0.01777	0.04037	0.01223	0.06035	0.01463	0.05715	0.01216	0.03875	0.01058	0.00882	0.04329	0.00211	0.00775	0.00471	0.00355	0.00858
16	0.10208	0.32565	0.12794	0.01296	0.01883	0.02020	0.01274	0.16190	0.05458	0.06048	0.01279	0.01359	0.00993	0.00652	0.00526	0.00175	0.00702	0.00459	0.00423	0.03694
17	0.01518	0.34849	0.40682	0.01594	0.02379	0.01994	0.04710	0.02037	0.01374	0.01857	0.01074	0.01264	0.00845	0.00596	0.00545	0.00180	0.00864	0.00441	0.00282	0.00915
18	0.00788	0.00644	0.00696	0.00731	0.00907	0.00552	0.00530	0.00945	0.01452	0.01776	0.07587	0.23261	0.54337	0.01755	0.00793	0.00233	0.00345	0.01501	0.00614	0.00552
19	0.01602	0.01537	0.02623	0.09015	0.67994	0.01557	0.02007	0.01997	0.01486	0.02118	0.01234	0.01638	0.01031	0.00592	0.00652	0.00197	0.00789	0.00586	0.00324	0.01021
20	0.01810	0.01545	0.02275	0.03003	0.45152	0.01609	0.01662	0.11066	0.16478	0.06225	0.01656	0.01829	0.01287	0.00689	0.00657	0.00202	0.00708	0.00624	0.00466	0.01056
21	0.02854	0.01280	0.01626	0.01247	0.01760	0.01204	0.01030	0.18022	0.02151	0.58023	0.02374	0.02096	0.01517	0.00809	0.00661	0.00202	0.00596	0.00647	0.00780	0.01120
22	0.00940	0.00705	0.01058	0.01058	0.01176	0.00823	0.00823	0.01176	0.01058	0.01528	0.01763	0.02586	0.01646	0.04937	0.74255	0.01058	0.01763	0.00705	0.00353	0.00588
23	0.01259	0.01187	0.02004	0.72309	0.07381	0.01467	0.01836	0.01696	0.01324	0.01702	0.01173	0.01750	0.00884	0.00655	0.00658	0.00218	0.00874	0.00585	0.00294	0.00744
24	0.01586	0.01529	0.02636	0.11557	0.63331	0.01557	0.04160	0.01987	0.01481	0.02100	0.01234	0.01647	0.01024	0.00593	0.00656	0.00199	0.00803	0.00592	0.00323	0.01005
25	0.00942	0.00613	0.00821	0.00942	0.01013	0.00569	0.00648	0.01072	0.01307	0.06055	0.03561	0.69577	0.04169	0.01978	0.00832	0.00265	0.00400	0.04043	0.00623	0.00573
26	0.02954	0.01120	0.01528	0.01171	0.01681	0.00968	0.00968	0.03208	0.01884	0.73213	0.02597	0.02241	0.01630	0.00815	0.00662	0.00204	0.00560	0.00662	0.00815	0.01120
27	0.00802	0.00573	0.00764	0.00917	0.00955	0.00535	0.00611	0.00917	0.01260	0.01681	0.03628	0.76434	0.04354	0.02062	0.00840	0.00267	0.00382	0.01872	0.00611	0.00535
28	0.01555	0.01520	0.02665	0.15600	0.47959	0.01565	0.11532	0.02053	0.05119	0.02098	0.01315	0.01714	0.01059	0.00610	0.00671	0.00205	0.00830	0.00621	0.00339	0.00969
29	0.01144	0.00572	0.00858	0.00858	0.00858	0.00572	0.00572	0.00858	0.00858	0.01144	0.01144	0.02001	0.01144	0.02287	0.02573	0.80846	0.00572	0.00572	0.00286	0.00286
30	0.01440	0.01440	0.02016	0.01728	0.01728	0.02016	0.01440	0.01584	0.01008	0.01584	0.00864	0.01440	0.00864	0.01152	0.02160	0.00288	0.75659	0.00576	0.00288	0.00720
31	0.01365	0.01170	0.01365	0.00975	0.01560	0.00878	0.00780	0.01658	0.01365	0.02145	0.01170	0.01365	0.00975	0.00488	0.00488	0.00098	0.00488	0.00390	0.00390	0.80888
32	0.01760	0.77260	0.03450	0.01126	0.01690	0.02605	0.01126	0.01971	0.01338	0.01549	0.00915	0.01056	0.00845	0.00563	0.00422	0.00141	0.00704	0.00352	0.00282	0.00845
33	0.01629	0.01564	0.02672	0.04041	0.72757	0.01564	0.02020	0.02020	0.01499	0.02151	0.01238	0.01629	0.01043	0.00587	0.00652	0.00196	0.00782	0.00587	0.00326	0.01043
34	0.02459	0.03138	0.01866	0.01696	0.02035	0.74221	0.01272	0.02629	0.01866	0.01611	0.01018	0.01187	0.00848	0.00678	0.00594	0.00170	0.01187	0.00424	0.00339	0.00763
35	0.00902	0.00679	0.00870	0.00927	0.01062	0.00595	0.00641	0.01048	0.01279	0.01763	0.03194	0.63160	0.03757	0.01784	0.00778	0.00237	0.00401	0.01610	0.00572	0.14743
36	0.05163	0.38123	0.17027	0.01419	0.01993	0.16239	0.01419	0.05673	0.01522	0.01864	0.01022	0.01190	0.00853	0.00633	0.00571	0.00171	0.03529	0.00414	0.00317	0.00859
37	0.02279	0.05138	0.01833	0.04102	0.04217	0.50181	0.01223	0.07776	0.03534	0.05526	0.01278	0.01430	0.01009	0.00698	0.00591	0.00175	0.00995	0.00480	0.06721	0.00814
38	0.01553	0.01034	0.01300	0.01096	0.01460	0.00944	0.02625	0.04433	0.10708	0.15211	0.09311	0.20844	0.02600	0.01092	0.00674	0.00194	0.00486	0.00954	0.00601	0.22882
39	0.01581	0.11928	0.44220	0.01753	0.02542	0.01596	0.09558	0.04436	0.01530	0.09057	0.04703	0.01649	0.01196	0.00668	0.00629	0.00201	0.00875	0.00556	0.00371	0.00950
40	0.01235	0.04602	0.53500	0.01627	0.02366	0.01352	0.01956	0.01869	0.03174	0.01978	0.01631	0.12672	0.01474	0.03655	0.03820	0.00266	0.00888	0.00720	0.00345	0.00871
41	0.02954	0.01120	0.01528	0.01171	0.01681	0.00968	0.00968	0.03208	0.01884	0.73213	0.02597	0.02241	0.01630	0.00815	0.00662	0.00204	0.00560	0.00662	0.00815	0.01120
42	0.01687	0.01685	0.02580	0.06227	0.64460	0.07738	0.01950	0.02061	0.01524	0.02089	0.01217	0.01596	0.01021	0.00597	0.00647	0.00194	0.00820	0.00573	0.00326	0.01009
43	0.01352	0.04968	0.59957	0.02011	0.06447	0.01541	0.08097	0.02047	0.01411	0.02068	0.01350	0.01571	0.02949	0.00646	0.00639	0.00208	0.00949	0.00539	0.00295	0.00954
44	0.01512	0.01771	0.06542	0.10717	0.05600	0.01634	0.57989	0.02058	0.01519	0.02062	0.01305	0.01753	0.00980	0.00570	0.00754	0.00220	0.01069	0.00738	0.00326	0.00879
45	0.00957	0.00638	0.00718	0.00718	0.00718	0.00638	0.00399	0.00957	0.00957	0.01276	0.02074	0.04308	0.02393	0.76864	0.03351	0.00638	0.00638	0.00957	0.00399	0.00399
46	0.01490	0.01674	0.03619	0.02617	0.03229	0.01569	0.64436	0.02007	0.01529	0.02072	0.01527	0.08123	0.01284	0.00683	0.00782	0.00226	0.01048	0.00870	0.00357	0.00858
47	0.00837	0.00614	0.00833	0.04782	0.01147	0.00594	0.00682	0.00974	0.01271	0.01683	0.03535	0.66521	0.05869	0.03872	0.00895	0.00274	0.00421	0.04063	0.00589	0.00545
48	0.00887	0.00671	0.00818	0.00781	0.00956	0.00602	0.00586	0.01155	0.01757	0.02388	0.53167	0.05333	0.25612	0.01440	0.00777	0.00212	0.00317	0.01249	0.00692	0.00602
49	0.01558	0.01765	0.03822	0.02841	0.07044	0.01660	0.66813	0.02104	0.01551	0.02111	0.01327	0.01768	0.01001	0.00557	0.00770	0.00221	0.01093	0.00767	0.00333	0.00896
50	0.01774	0.01872	0.03460	0.02518	0.03135	0.09675	0.56782	0.02260	0.01617	0.08099	0.01404	0.01750	0.01036	0.00591	0.00747	0.00215	0.01072	0.00728	0.00375	0.00894
51	0.02954	0.01120	0.01528	0.01171	0.01681	0.00968	0.00968	0.03208	0.01884	0.73213	0.02597	0.02241	0.01630	0.00815	0.00662	0.00204	0.00560	0.00662	0.00815	0.01120
52	0.00976	0.00682	0.01023	0.01023	0.01120	0.00779	0.00779	0.01120	0.01023	0.01461	0.01655	0.02484	0.01558	0.04474	0.61716	0.15015	0.01555	0.00682	0.00341	0.00535
53	0.01434	0.24791	0.51157	0.01633	0.02461	0.01815	0.02004	0.02020	0.01371	0.01918	0.01170	0.03310	0.00932	0.00646	0.00572	0.00190	0.00879	0.00485	0.00288	0.00924
54	0.00914	0.00672	0.00855	0.00809	0.00972	0.00613	0.00607	0.01207	0.01821	0.02539	0.64674	0.05084	0.14010	0.01384	0.00777	0.00209	0.00313	0.01214	0.00711	0.00613
55	0.00802	0.00573	0.00764	0.00917	0.00955	0.00535	0.00611	0.00917	0.01260	0.01681	0.03628	0.76434	0.04354	0.02062	0.00840	0.00267	0.00382	0.01872	0.00611	0.00535
56	0.06610	0.01814	0.01923	0.01481	0.02002	0.02012	0.01223	0.66994	0.02993	0.04087	0.01546	0.01554	0.01098	0.00781	0.00646	0.00198	0.00713	0.00580	0.00646	0.01098
57	0.01760	0.77260	0.03450	0.01126	0.01690	0.02605	0.01126	0.01971	0.01338	0.01549	0.00915	0.01056	0.00845	0.00563	0.00422	0.00141	0.00704	0.00352	0.00282	0.00845
58	0.03883	0.01202	0.01503	0.13172	0.02068	0.01084	0.01010	0.05391	0.01465	0.06081	0.01319	0.01649	0.01070	0.00607	0.00587	0.00142	0.02535	0.02335	0.00415	0.52481
59	0.01513	0.01655	0.03211	0.02397	0.02823	0.01792	0.45516	0.01920	0.01357	0.01920	0.01163	0.01655	0.00950	0.00770	0.01276	0.00246	0.27987	0.00705	0.00317	0.00827
60	0.01320	0.03405	0.73453	0.01876	0.02849	0.01529	0.02432	0.02085	0.01390	0.02085	0.01181	0.01390	0.00834	0.00625	0.00625	0.00208	0.00973	0.00486	0.00278	0.00973
61	0.01243	0.01170	0.01975	0.75282	0.04534	0.01463	0.01828	0.01682	0.01316	0.01682	0.01170	0.01755	0.00878	0.00658	0.00658	0.00219	0.00878	0.00585	0.00293	0.00731
62	0.02705	0.01291	0.01606	0.01256	0.01751	0.01250	0.01029	0.15680	0.10875	0.51597	0.02420	0.02146	0.01583	0.00820	0.00662	0.00205	0.00586	0.00660	0.00768	0.01110
63	0.01144	0.00572	0.00858	0.00858	0.00858	0.00572	0.00572	0.00858	0.00858	0.01144	0.01144	0.02001	0.01144	0.02287	0.02573	0.80846	0.00572	0.00572	0.00286	0.00286
64	0.00940	0.00705	0.01058	0.01058	0.01176	0.00823	0.00823	0.01176	0.01058	0.01528	0.01763	0.02586	0.01646	0.04937	0.74255	0.01058	0.01763	0.00705	0.00353	0.00588
65	0.01760	0.77260	0.03450	0.01126	0.01690	0.02605	0.01126	0.01971	0.01338	0.01549	0.00915	0.01056	0.00845	0.00563	0.00422	0.00141	0.00704	0.00352	0.00282	0.00845
66	0.02247	0.02702	0.02038	0.04804	0.16588	0.54340	0.01444	0.04745	0.01812	0.01809	0.01087	0.01311	0.00898	0.00663	0.00610	0.00178	0.01078	0.00469	0.00345	0.00831
67	0.01440	0.01440	0.02016	0.01728	0.01728	0.02016	0.01440	0.01584	0.01008	0.01584	0.00864	0.01440	0.00864	0.01152	0.02160	0.00288	0.75659	0.00576	0.00288	0.00720
68	0.01243	0.01170	0.01975	0.75282	0.04534	0.01463	0.01828	0.01682	0.01316	0.01682	0.01170	0.01755	0.00878	0.00658	0.00658	0.00219	0.00878	0.00585	0.00293	0.00731
69	0.01432	0.22127	0.55707	0.01686	0.02555	0.01802	0.02101	0.02056	0.01377	0.01949	0.01114	0.01305	0.00837	0.00610	0.00574	0.00191	0.00905	0.00452	0.00279	0.00940
70	0.02158	0.01599	0.02720	0.01998	0.02579	0.01559	0.33156	0.18134	0.04379	0.22090	0.01782	0.01882	0.01234	0.00692	0.00715	0.00211	0.00851	0.00702	0.00551	0.01010
71	0.00781	0.00656	0.00678	0.00695	0.00897	0.00553	0.00513	0.00942	0.01474	0.01768	0.06331	0.14132	0.64912	0.01711	0.00785	0.00227	0.00339	0.01443	0.00611	0.00553
72	0.00802	0.00573	0.00764	0.00917	0.00955	0.00535	0.00611	0.00917	0.01260	0.01681	0.03628	0.76434	0.04354	0.02062	0.00840	0.00267	0.00382	0.01872	0.00611	0.00535
73	0.01406	0.01350	0.02164	0.41187	0.29452	0.03930	0.01810	0.01804	0.01384	0.01842	0.01232	0.01748	0.00992	0.00934	0.05844	0.00268	0.00915	0.00589	0.00311	0.00838
74	0.81514	0.01273	0.00968	0.00866	0.01273	0.01477	0.00713	0.01935	0.01120	0.02954	0.00917	0.01069	0.00713	0.00611	0.00407	0.00204	0.00509	0.00356	0.00407	0.00713

[dist]
# distance from previous block
# <min> <max>
0	1

[block]
# block no. 1 follows, 33 sequences, length 52
# corresponding to MSA columns:
# 90-141
name=unknown_B
#
# <colnr> <probs for GDERKNQSTAVLIFYWHMCP>
#	G	D	E	R	K	N	Q	S	T	A	V	L	I	F	Y	W	H	M	C	P
0	0.09164	0.01159	0.01475	0.04141	0.14362	0.01162	0.01058	0.10507	0.04474	0.16148	0.03081	0.10092	0.18318	0.01071	0.00681	0.00213	0.00555	0.00900	0.00577	0.00862
1	0.37126	0.04210	0.01526	0.03206	0.01713	0.24354	0.01041	0.06104	0.04247	0.02391	0.01057	0.01242	0.00852	0.00704	0.00661	0.00200	0.07769	0.00433	0.00393	0.00770
2	0.06952	0.06062	0.12020	0.01627	0.05919	0.01902	0.01400	0.43070	0.08950	0.03406	0.01532	0.01579	0.01119	0.00742	0.00627	0.00199	0.00729	0.00564	0.00552	0.01048
3	0.01923	0.44477	0.13035	0.01367	0.01949	0.13229	0.01346	0.10054	0.01644	0.03994	0.01094	0.01219	0.00898	0.00623	0.00512	0.00163	0.00814	0.00419	0.00349	0.00890
4	0.00943	0.00697	0.01015	0.01015	0.01118	0.00800	0.00770	0.01148	0.01045	0.01497	0.01802	0.02802	0.01739	0.13939	0.65381	0.01005	0.01623	0.00737	0.00358	0.00564
5	0.01781	0.04730	0.17544	0.05172	0.28845	0.12389	0.06247	0.05458	0.03968	0.05716	0.01319	0.01564	0.01020	0.00640	0.00640	0.00197	0.00882	0.00555	0.00367	0.00966
6	0.01702	0.67574	0.12631	0.01225	0.01842	0.02464	0.01298	0.01986	0.01345	0.01619	0.00950	0.01100	0.00843	0.00571	0.00449	0.00150	0.00739	0.00370	0.00281	0.00862
7	0.01943	0.40616	0.06935	0.01679	0.10173	0.20336	0.01351	0.06626	0.01607	0.01836	0.01038	0.01210	0.00886	0.00613	0.00519	0.00162	0.00851	0.00421	0.00326	0.00873
8	0.02265	0.01539	0.01662	0.01304	0.01751	0.01673	0.01067	0.51738	0.02658	0.08290	0.01765	0.01806	0.01272	0.00787	0.00617	0.00189	0.00626	0.00602	0.17376	0.01014
9	0.00801	0.00597	0.00746	0.00858	0.00941	0.00542	0.00587	0.00934	0.01334	0.01735	0.06657	0.58398	0.19572	0.01950	0.00824	0.00255	0.00369	0.01741	0.00615	0.00542
10	0.01864	0.66217	0.03214	0.01211	0.01741	0.13274	0.01148	0.02069	0.01416	0.01558	0.00930	0.01076	0.00845	0.00580	0.00448	0.00145	0.00776	0.00363	0.00290	0.00833
11	0.00884	0.00636	0.00837	0.00861	0.00973	0.00589	0.00617	0.01122	0.01640	0.02285	0.46959	0.31381	0.05524	0.01611	0.00800	0.00229	0.00337	0.01443	0.00683	0.00589
12	0.00954	0.00652	0.00790	0.00790	0.00815	0.00677	0.00489	0.01004	0.00979	0.01330	0.02008	0.03943	0.02235	0.61623	0.18375	0.00727	0.00877	0.00904	0.00389	0.00439
13	0.01503	0.01672	0.07642	0.04340	0.02719	0.01454	0.36055	0.04629	0.01506	0.02152	0.01249	0.01599	0.00973	0.00590	0.00760	0.00188	0.05570	0.00617	0.00355	0.24426
14	0.00942	0.00699	0.01025	0.01025	0.01131	0.00805	0.00782	0.01154	0.01048	0.01504	0.01794	0.02754	0.01719	0.11957	0.67335	0.01017	0.01654	0.00730	0.00357	0.00569
15	0.00957	0.00638	0.00718	0.00718	0.00718	0.00638	0.00399	0.00957	0.00957	0.01276	0.02074	0.04308	0.02393	0.76864	0.03351	0.00638	0.00638	0.00957	0.00399	0.00399
16	0.01906	0.01602	0.01636	0.01402	0.01815	0.04725	0.01108	0.21680	0.50109	0.03086	0.02313	0.02166	0.01720	0.00856	0.00664	0.00214	0.00604	0.00690	0.00653	0.01052
17	0.03904	0.01400	0.01514	0.01266	0.01699	0.01499	0.01002	0.15591	0.38490	0.05103	0.03736	0.03873	0.01756	0.00828	0.00633	0.00195	0.00546	0.00675	0.00614	0.15676
18	0.02278	0.01718	0.01845	0.01469	0.01951	0.01913	0.01203	0.54844	0.16294	0.03793	0.01869	0.01981	0.01397	0.00851	0.00671	0.00207	0.00680	0.03294	0.00659	0.01084
19	0.01227	0.00614	0.00614	0.00614	0.00767	0.00614	0.00460	0.01534	0.01381	0.02454	0.02148	0.02454	0.01687	0.00767	0.00460	0.00153	0.00307	0.00614	0.80518	0.00614
20	0.00951	0.00663	0.00841	0.00841	0.00884	0.00705	0.00552	0.01036	0.00994	0.01368	0.01962	0.03685	0.02123	0.50826	0.29018	0.00790	0.01046	0.00866	0.00382	0.00467
21	0.01643	0.01618	0.05301	0.09551	0.54957	0.04108	0.03805	0.02042	0.01503	0.04498	0.01303	0.01668	0.01055	0.00610	0.00646	0.00197	0.00797	0.00585	0.03124	0.00987
22	0.81514	0.01273	0.00968	0.00866	0.01273	0.01477	0.00713	0.01935	0.01120	0.02954	0.00917	0.01069	0.00713	0.00611	0.00407	0.00204	0.00509	0.00356	0.00407	0.00713
23	0.00945	0.00687	0.00964	0.00964	0.01049	0.00772	0.00706	0.01115	0.01030	0.01459	0.01849	0.03063	0.01853	0.24844	0.54631	0.00942	0.01452	0.00775	0.00365	0.00536
24	0.63890	0.01648	0.06496	0.01048	0.01493	0.10051	0.00915	0.02066	0.01251	0.04800	0.00998	0.01142	0.00765	0.00626	0.00453	0.00200	0.00625	0.00383	0.00402	0.00750
25	0.01760	0.77260	0.03450	0.01126	0.01690	0.02605	0.01126	0.01971	0.01338	0.01549	0.00915	0.01056	0.00845	0.00563	0.00422	0.00141	0.00704	0.00352	0.00282	0.00845
26	0.04472	0.70971	0.03287	0.01146	0.01693	0.06179	0.01120	0.02003	0.01357	0.01599	0.00920	0.01063	0.00841	0.00571	0.00431	0.00144	0.00722	0.00356	0.00289	0.00836
27	0.04158	0.09691	0.40138	0.01801	0.09762	0.01500	0.01829	0.03492	0.01418	0.02117	0.01225	0.03379	0.00979	0.00632	0.00583	0.00182	0.00802	0.00502	0.00326	0.15486
28	0.11589	0.04456	0.02558	0.02942	0.38101	0.10264	0.12833	0.02073	0.01474	0.02129	0.01157	0.01501	0.00956	0.00623	0.00703	0.00200	0.04624	0.00561	0.00335	0.00920
29	0.77789	0.01300	0.01015	0.00896	0.01309	0.01503	0.00738	0.05171	0.01213	0.03010	0.00948	0.01094	0.00732	0.00620	0.00419	0.00203	0.00519	0.00368	0.00419	0.00732
30	0.00957	0.00638	0.00718	0.00718	0.00718	0.00638	0.00399	0.00957	0.00957	0.01276	0.02074	0.04308	0.02393	0.76864	0.03351	0.00638	0.00638	0.00957	0.00399	0.00399
31	0.00941	0.00703	0.01047	0.01047	0.01161	0.00817	0.00809	0.01168	0.01055	0.01520	0.01773	0.02642	0.01670	0.07278	0.71947	0.01044	0.01727	0.00714	0.00354	0.00582
32	0.11615	0.01288	0.01485	0.04949	0.01780	0.01363	0.01023	0.14467	0.18005	0.25292	0.04062	0.02407	0.01736	0.03370	0.00737	0.00227	0.00588	0.03980	0.00653	0.00972
33	0.00941	0.00695	0.00882	0.00831	0.00998	0.00647	0.00625	0.01288	0.03948	0.02578	0.65317	0.04950	0.11105	0.01356	0.00773	0.00209	0.00319	0.01192	0.00714	0.00629
34	0.00940	0.00705	0.01058	0.01058	0.01176	0.00823	0.00823	0.01176	0.01058	0.01528	0.01763	0.02586	0.01646	0.04937	0.74255	0.01058	0.01763	0.00705	0.00353	0.00588
35	0.06788	0.01237	0.01803	0.46732	0.03441	0.01429	0.01508	0.07921	0.05104	0.15376	0.01531	0.01823	0.01085	0.00707	0.00644	0.00214	0.00764	0.00594	0.00447	0.00851
36	0.01649	0.06661	0.38911	0.02023	0.10806	0.17477	0.01948	0.02236	0.04952	0.01971	0.01198	0.01412	0.00922	0.00668	0.00687	0.00200	0.04546	0.00495	0.00317	0.00920
37	0.00927	0.00673	0.00874	0.00823	0.00981	0.00619	0.00618	0.01233	0.01853	0.02614	0.70421	0.04960	0.08217	0.01356	0.00777	0.00208	0.00311	0.01197	0.00721	0.00619
38	0.00957	0.00638	0.00718	0.00718	0.00718	0.00638	0.00399	0.00957	0.00957	0.01276	0.02074	0.04308	0.02393	0.76864	0.03351	0.00638	0.00638	0.00957	0.00399	0.00399
39	0.01746	0.06807	0.26295	0.01759	0.04709	0.16142	0.05650	0.12445	0.01776	0.02299	0.08136	0.01737	0.01424	0.00755	0.00732	0.00200	0.05521	0.00577	0.00397	0.00893
40	0.01652	0.01603	0.02771	0.03462	0.50517	0.01609	0.14878	0.04977	0.07670	0.02277	0.01395	0.01727	0.01122	0.00616	0.00677	0.00203	0.00819	0.00637	0.00371	0.01016
41	0.00791	0.00617	0.00719	0.00800	0.00924	0.00545	0.00559	0.00930	0.01373	0.01726	0.05048	0.43708	0.36164	0.01878	0.00811	0.00246	0.00359	0.01646	0.00611	0.00545
42	0.02572	0.01171	0.01454	0.01152	0.01604	0.03610	0.00937	0.06227	0.03844	0.54865	0.09094	0.02648	0.05943	0.00907	0.00677	0.00204	0.00554	0.00741	0.00766	0.01028
43	0.02291	0.01440	0.07089	0.01622	0.10655	0.01271	0.01227	0.14512	0.06100	0.35350	0.06190	0.05649	0.01820	0.00862	0.00673	0.00206	0.00623	0.00719	0.00663	0.01039
44	0.01320	0.03405	0.73453	0.01876	0.02849	0.01529	0.02432	0.02085	0.01390	0.02085	0.01181	0.01390	0.00834	0.00625	0.00625	0.00208	0.00973	0.00486	0.00278	0.00973
45	0.01668	0.61822	0.18082	0.01283	0.01932	0.02380	0.01399	0.01995	0.01349	0.01661	0.00971	0.01126	0.00843	0.00576	0.00465	0.00155	0.00760	0.00380	0.00281	0.00872
46	0.01876	0.03357	0.03792	0.01261	0.01657	0.01216	0.04264	0.17625	0.05827	0.20175	0.05112	0.10997	0.10606	0.01145	0.00722	0.00222	0.00589	0.08018	0.00646	0.00893
47	0.04106	0.13347	0.56568	0.01847	0.05162	0.01681	0.04423	0.02063	0.01383	0.02044	0.01143	0.01355	0.00844	0.00613	0.00596	0.00199	0.00918	0.00477	0.00286	0.00946
48	0.00956	0.00645	0.00754	0.00754	0.00767	0.00658	0.00444	0.00980	0.00968	0.01303	0.02041	0.04126	0.02314	0.69242	0.10864	0.00683	0.00757	0.00931	0.00394	0.00419
49	0.01389	0.06201	0.03388	0.01182	0.01425	0.03343	0.00988	0.03324	0.07591	0.09371	0.07170	0.19434	0.05049	0.01437	0.00849	0.00249	0.04712	0.21579	0.00586	0.00731
50	0.01629	0.28066	0.12953	0.08227	0.09717	0.05305	0.04289	0.06570	0.04506	0.01985	0.01400	0.03625	0.03088	0.00702	0.00612	0.00183	0.02576	0.00549	0.00356	0.03660
51	0.08090	0.45549	0.12447	0.01434	0.05434	0.09306	0.01336	0.02088	0.03592	0.01809	0.01032	0.01199	0.00880	0.00615	0.00535	0.00167	0.02909	0.00408	0.00311	0.00856

[dist]
# distance from previous block
# <min> <max>
0	1

[block]
# block no. 2 follows, 33 sequences, length 18
# corresponding to MSA columns:
# 143,152-168
name=unknown_C
#
# <colnr> <probs for GDERKNQSTAVLIFYWHMCP>
#	G	D	E	R	K	N	Q	S	T	A	V	L	I	F	Y	W	H	M	C	P
0	0.01596	0.44886	0.27316	0.01403	0.02082	0.02111	0.01576	0.04428	0.01428	0.01850	0.01175	0.01548	0.01016	0.00663	0.00528	0.00175	0.00792	0.04229	0.00312	0.00885
1	0.08086	0.17347	0.20198	0.05213	0.02208	0.01907	0.01492	0.28461	0.02010	0.02809	0.01335	0.03678	0.01047	0.00721	0.00589	0.00193	0.00764	0.00538	0.00447	0.00958
2	0.01235	0.28460	0.05807	0.00982	0.01285	0.01381	0.00859	0.01430	0.01330	0.01704	0.11213	0.12572	0.07437	0.18092	0.01230	0.00292	0.00583	0.03013	0.00440	0.00656
3	0.05505	0.11404	0.23601	0.01307	0.03724	0.03067	0.01300	0.04134	0.01408	0.06094	0.01946	0.02351	0.07424	0.10200	0.05162	0.00294	0.00762	0.00639	0.08888	0.00788
4	0.04143	0.06122	0.37669	0.02028	0.12020	0.08595	0.05840	0.01993	0.01446	0.02015	0.01468	0.07544	0.01294	0.00790	0.00649	0.00210	0.00883	0.04060	0.00341	0.00889
5	0.01195	0.00743	0.00874	0.00813	0.01054	0.00647	0.00621	0.01403	0.01613	0.14142	0.18944	0.08140	0.40098	0.03833	0.00845	0.00233	0.00387	0.03093	0.00662	0.00661
6	0.01365	0.01170	0.01365	0.00975	0.01560	0.00878	0.00780	0.01658	0.01365	0.02145	0.01170	0.01365	0.00975	0.00488	0.00488	0.00098	0.00488	0.00390	0.00390	0.80888
7	0.11151	0.09814	0.07675	0.06134	0.14990	0.04700	0.04168	0.18086	0.03871	0.06732	0.05418	0.01715	0.01323	0.00710	0.00610	0.00195	0.00732	0.00573	0.00464	0.00940
8	0.00957	0.00638	0.00718	0.00718	0.00718	0.00638	0.00399	0.00957	0.00957	0.01276	0.02074	0.04308	0.02393	0.76864	0.03351	0.00638	0.00638	0.00957	0.00399	0.00399
9	0.81514	0.01273	0.00968	0.00866	0.01273	0.01477	0.00713	0.01935	0.01120	0.02954	0.00917	0.01069	0.00713	0.00611	0.00407	0.00204	0.00509	0.00356	0.00407	0.00713
10	0.01995	0.24725	0.02285	0.01564	0.05693	0.35154	0.01214	0.02200	0.01582	0.03442	0.03530	0.01448	0.01124	0.01021	0.06365	0.00240	0.04810	0.00473	0.00345	0.00791
11	0.02538	0.01788	0.01941	0.01488	0.02013	0.01958	0.01229	0.65322	0.03001	0.09523	0.01660	0.01632	0.01159	0.00792	0.00659	0.00198	0.00712	0.00598	0.00671	0.01120
12	0.04461	0.03983	0.04083	0.02167	0.14906	0.10996	0.15409	0.09337	0.19953	0.02431	0.01708	0.02005	0.01357	0.00743	0.00670	0.00208	0.00813	0.03359	0.00464	0.00947
13	0.02386	0.01786	0.01910	0.01491	0.01997	0.01987	0.01223	0.61537	0.12310	0.03961	0.01728	0.01698	0.01239	0.00804	0.00660	0.00201	0.00697	0.00613	0.00660	0.01109
14	0.02039	0.23085	0.05574	0.01324	0.01874	0.03976	0.01182	0.34395	0.02192	0.02917	0.01317	0.01408	0.01018	0.00672	0.00559	0.00166	0.00697	0.00487	0.02831	0.12288
15	0.00941	0.00701	0.01038	0.01038	0.01149	0.00812	0.00798	0.01163	0.01052	0.01514	0.01781	0.02686	0.01689	0.09084	0.70167	0.01034	0.01698	0.00720	0.00355	0.00577
16	0.01441	0.16447	0.50351	0.01987	0.08839	0.01734	0.06314	0.02060	0.01400	0.01996	0.01148	0.01374	0.00864	0.00607	0.00600	0.00196	0.00916	0.00489	0.00286	0.00951
17	0.01544	0.30003	0.32701	0.01796	0.08618	0.01940	0.04957	0.02149	0.06860	0.01948	0.01213	0.01390	0.00956	0.00617	0.00564	0.00184	0.00829	0.00480	0.00317	0.00934

[dist]
# distance from previous block
# <min> <max>
0	1

[block]
# block no. 3 follows, 33 sequences, length 29
# corresponding to MSA columns:
# 170-198
name=unknown_D
#
# <colnr> <probs for GDERKNQSTAVLIFYWHMCP>
#	G	D	E	R	K	N	Q	S	T	A	V	L	I	F	Y	W	H	M	C	P
0	0.00932	0.00673	0.00880	0.00828	0.00984	0.00621	0.00621	0.01242	0.01863	0.02640	0.72410	0.04918	0.06212	0.01346	0.00776	0.00207	0.00311	0.01191	0.00725	0.00621
1	0.21879	0.01561	0.01780	0.10207	0.02056	0.08798	0.03698	0.06683	0.01350	0.04412	0.01050	0.01406	0.00873	0.00854	0.01186	0.00236	0.30316	0.00518	0.00368	0.00770
2	0.04542	0.03683	0.15306	0.03578	0.05694	0.05728	0.03642	0.03610	0.01464	0.04983	0.01294	0.03567	0.01055	0.00610	0.00560	0.00153	0.00683	0.00496	0.00385	0.38967
3	0.00957	0.00638	0.00718	0.00718	0.00718	0.00638	0.00399	0.00957	0.00957	0.01276	0.02074	0.04308	0.02393	0.76864	0.03351	0.00638	0.00638	0.00957	0.00399	0.00399
4	0.00940	0.00705	0.01058	0.01058	0.01176	0.00823	0.00823	0.01176	0.01058	0.01528	0.01763	0.02586	0.01646	0.04937	0.74255	0.01058	0.01763	0.00705	0.00353	0.00588
5	0.15500	0.04953	0.01612	0.01194	0.01686	0.04149	0.00991	0.13561	0.01925	0.44761	0.02024	0.01850	0.01333	0.00761	0.00606	0.00198	0.00609	0.00578	0.00680	0.01027
6	0.00951	0.00688	0.00986	0.00986	0.01077	0.00779	0.00733	0.01122	0.01032	0.01466	0.01799	0.02891	0.01769	0.18467	0.58166	0.03934	0.01506	0.00748	0.00359	0.00541
7	0.01144	0.00572	0.00858	0.00858	0.00858	0.00572	0.00572	0.00858	0.00858	0.01144	0.01144	0.02001	0.01144	0.02287	0.02573	0.80846	0.00572	0.00572	0.00286	0.00286
8	0.01477	0.01655	0.09397	0.02113	0.02648	0.01443	0.38247	0.08285	0.04172	0.02256	0.01927	0.10136	0.01766	0.00927	0.00773	0.00235	0.00895	0.10365	0.00437	0.00847
9	0.12113	0.04393	0.01810	0.01368	0.01865	0.06834	0.01127	0.41849	0.02470	0.17307	0.01637	0.01602	0.01142	0.00758	0.00616	0.00196	0.00698	0.00557	0.00623	0.01036
10	0.00944	0.00692	0.00989	0.00989	0.01083	0.00786	0.00737	0.01132	0.01038	0.01477	0.01826	0.02934	0.01797	0.19455	0.59943	0.00973	0.01536	0.00756	0.00362	0.00550
11	0.02033	0.01502	0.01561	0.01277	0.01678	0.03530	0.01026	0.40885	0.13538	0.03414	0.01928	0.04224	0.01478	0.00838	0.00621	0.00193	0.00603	0.00657	0.18046	0.00969
12	0.01637	0.01414	0.01489	0.01340	0.01712	0.01637	0.01042	0.03498	0.71568	0.02754	0.02679	0.02456	0.02010	0.00893	0.00670	0.00223	0.00521	0.00744	0.00670	0.01042
13	0.01720	0.01756	0.02519	0.08019	0.58941	0.11522	0.01906	0.02083	0.01538	0.02048	0.01204	0.01576	0.01006	0.00603	0.00644	0.00193	0.00843	0.00564	0.00326	0.00986
14	0.01523	0.01456	0.02480	0.23660	0.53969	0.01536	0.01967	0.01927	0.01449	0.02022	0.01220	0.01664	0.00997	0.00606	0.00654	0.00202	0.00808	0.00586	0.00317	0.00957
15	0.02256	0.01715	0.01839	0.01446	0.01945	0.01888	0.01180	0.52648	0.16969	0.03741	0.01780	0.01746	0.01292	0.00793	0.00650	0.00197	0.00668	0.00611	0.00644	0.05992
16	0.00946	0.00685	0.00954	0.00954	0.01035	0.00766	0.00693	0.01109	0.01027	0.01451	0.01859	0.03115	0.01875	0.27027	0.52480	0.00929	0.01418	0.00783	0.00367	0.00530
17	0.02073	0.03806	0.03521	0.01157	0.01566	0.01161	0.00962	0.11561	0.10104	0.31082	0.22413	0.02881	0.02871	0.00959	0.00686	0.00204	0.00523	0.00798	0.00718	0.00954
18	0.01144	0.00572	0.00858	0.00858	0.00858	0.00572	0.00572	0.00858	0.00858	0.01144	0.01144	0.02001	0.01144	0.02287	0.02573	0.80846	0.00572	0.00572	0.00286	0.00286
19	0.00802	0.00573	0.00764	0.00917	0.00955	0.00535	0.00611	0.00917	0.01260	0.01681	0.03628	0.76434	0.04354	0.02062	0.00840	0.00267	0.00382	0.01872	0.00611	0.00535
20	0.01758	0.49518	0.06573	0.01173	0.01658	0.13256	0.01113	0.02009	0.01429	0.01733	0.01143	0.01319	0.00980	0.00617	0.00466	0.00151	0.00729	0.00412	0.13160	0.00802
21	0.01379	0.04349	0.03894	0.01398	0.03983	0.01097	0.12870	0.01726	0.01426	0.02128	0.05282	0.03811	0.01366	0.00603	0.00570	0.00138	0.00613	0.00552	0.00396	0.52421
22	0.01024	0.00823	0.01200	0.01152	0.01245	0.01011	0.00905	0.01233	0.01045	0.01526	0.01630	0.02479	0.01553	0.07728	0.59009	0.00911	0.13886	0.00696	0.00344	0.00601
23	0.01860	0.50174	0.12688	0.01360	0.01928	0.18841	0.01339	0.02137	0.01466	0.01637	0.00975	0.01132	0.00844	0.00598	0.00489	0.00157	0.00851	0.00387	0.00294	0.00844
24	0.00838	0.00692	0.00739	0.00734	0.00941	0.00608	0.00547	0.01092	0.04349	0.01948	0.16713	0.09971	0.55304	0.01608	0.00777	0.00223	0.00340	0.01360	0.00632	0.00584
25	0.01659	0.01428	0.02142	0.35976	0.19371	0.03514	0.04260	0.10025	0.06297	0.06789	0.01428	0.01769	0.01071	0.00680	0.00660	0.00209	0.00811	0.00605	0.00404	0.00900
26	0.05415	0.20083	0.30348	0.01736	0.02437	0.04229	0.13057	0.04816	0.04288	0.04123	0.01235	0.01429	0.00940	0.00635	0.00632	0.00195	0.02629	0.00516	0.00342	0.00916
27	0.12612	0.00958	0.01068	0.00938	0.01278	0.00915	0.00744	0.02031	0.08015	0.24085	0.05706	0.06467	0.28506	0.01198	0.00687	0.00217	0.00453	0.02668	0.00654	0.00798
28	0.05296	0.11692	0.02084	0.20366	0.14311	0.01432	0.03323	0.01845	0.01383	0.04339	0.01187	0.01493	0.00954	0.00576	0.00560	0.00163	0.00687	0.00486	0.00353	0.27472

[dist]
# distance from previous block
# <min> <max>
0	2

[block]
# block no. 4 follows, 33 sequences, length 75
# corresponding to MSA columns:
# 201-275
name=unknown_E
#
# <colnr> <probs for GDERKNQSTAVLIFYWHMCP>
#	G	D	E	R	K	N	Q	S	T	A	V	L	I	F	Y	W	H	M	C	P
0	0.01243	0.01170	0.01975	0.75282	0.04534	0.01463	0.01828	0.01682	0.01316	0.01682	0.01170	0.01755	0.00878	0.00658	0.00658	0.00219	0.00878	0.00585	0.00293	0.00731
1	0.01267	0.01161	0.01933	0.56529	0.13565	0.01381	0.01699	0.01645	0.01299	0.01701	0.01256	0.01943	0.01032	0.06164	0.02564	0.02344	0.00860	0.00614	0.00306	0.00736
2	0.01024	0.00719	0.00879	0.00826	0.01027	0.00660	0.00628	0.01322	0.03501	0.06552	0.41749	0.04992	0.26105	0.01619	0.05217	0.00264	0.00426	0.01180	0.00671	0.00640
3	0.01222	0.00705	0.00908	0.00905	0.01067	0.00638	0.00650	0.01394	0.01486	0.14750	0.15849	0.37350	0.11817	0.06900	0.00965	0.00266	0.00414	0.01414	0.00653	0.00649
4	0.01420	0.01350	0.02293	0.42738	0.35700	0.01509	0.01916	0.01837	0.01400	0.01896	0.01201	0.01698	0.00953	0.00625	0.00655	0.00208	0.00834	0.00586	0.00308	0.00874
5	0.03426	0.00936	0.04657	0.01284	0.06328	0.00797	0.04220	0.01442	0.01435	0.10436	0.09547	0.43331	0.06443	0.01543	0.00772	0.00240	0.00490	0.01391	0.00591	0.00693
6	0.01263	0.00771	0.00995	0.00972	0.01198	0.00706	0.00792	0.01530	0.01673	0.13544	0.24121	0.05620	0.19520	0.01486	0.00802	0.00241	0.00452	0.22956	0.00675	0.00682
7	0.01320	0.03405	0.73453	0.01876	0.02849	0.01529	0.02432	0.02085	0.01390	0.02085	0.01181	0.01390	0.00834	0.00625	0.00625	0.00208	0.00973	0.00486	0.00278	0.00973
8	0.01616	0.01550	0.02647	0.06560	0.70345	0.01561	0.02014	0.02008	0.01493	0.02134	0.01236	0.01634	0.01037	0.00589	0.00652	0.00196	0.00785	0.00587	0.00325	0.01032
9	0.01374	0.11928	0.60086	0.01850	0.05643	0.01630	0.02208	0.02044	0.01402	0.02041	0.03230	0.01464	0.01001	0.00637	0.00607	0.00200	0.00914	0.00495	0.00293	0.00951
10	0.02254	0.02789	0.01748	0.01625	0.01937	0.63462	0.01241	0.02444	0.01814	0.01664	0.01379	0.02101	0.01279	0.00845	0.00640	0.00189	0.01102	0.10369	0.00378	0.00740
11	0.01702	0.01802	0.05213	0.05637	0.60218	0.09839	0.01945	0.02083	0.01532	0.02074	0.01209	0.01573	0.01008	0.00600	0.00644	0.00194	0.00838	0.00564	0.00325	0.01000
12	0.01614	0.01548	0.02644	0.06901	0.70018	0.01560	0.02013	0.02007	0.01492	0.02132	0.01236	0.01634	0.01036	0.00589	0.00652	0.00196	0.00786	0.00587	0.00325	0.01030
13	0.00862	0.00666	0.00786	0.00765	0.00943	0.00590	0.00570	0.01105	0.01688	0.02242	0.42238	0.08380	0.33772	0.01509	0.00780	0.00216	0.00323	0.01301	0.00673	0.00590
14	0.01226	0.01154	0.01992	0.57635	0.03912	0.01358	0.08025	0.01657	0.01419	0.01862	0.11619	0.02220	0.01670	0.00749	0.00687	0.00218	0.00816	0.00692	0.00360	0.00730
15	0.01619	0.32372	0.09191	0.02039	0.02687	0.02034	0.37065	0.02051	0.01454	0.01881	0.01152	0.01455	0.00924	0.00564	0.00622	0.00188	0.00935	0.00583	0.00308	0.00877
16	0.01754	0.01505	0.02564	0.07102	0.58642	0.01498	0.04813	0.02139	0.01535	0.09993	0.01389	0.01709	0.01098	0.00614	0.00659	0.00199	0.00776	0.00603	0.00379	0.01030
17	0.02954	0.01120	0.01528	0.01171	0.01681	0.00968	0.00968	0.03208	0.01884	0.73213	0.02597	0.02241	0.01630	0.00815	0.00662	0.00204	0.00560	0.00662	0.00815	0.01120
18	0.01363	0.01292	0.02191	0.53216	0.25665	0.01494	0.01888	0.01787	0.01373	0.01827	0.01191	0.01716	0.00929	0.00636	0.00656	0.00212	0.00848	0.00586	0.00303	0.00828
19	0.01541	0.01474	0.02513	0.20267	0.57218	0.01541	0.01977	0.01943	0.01457	0.02044	0.01223	0.01658	0.01005	0.00603	0.00653	0.00201	0.00804	0.00586	0.00318	0.00972
20	0.01371	0.09586	0.63439	0.01865	0.02785	0.01628	0.06291	0.02077	0.01395	0.02041	0.01168	0.01384	0.00845	0.00616	0.00617	0.00204	0.00958	0.00492	0.00282	0.00957
21	0.01243	0.01170	0.01975	0.75282	0.04534	0.01463	0.01828	0.01682	0.01316	0.01682	0.01170	0.01755	0.00878	0.00658	0.00658	0.00219	0.00878	0.00585	0.00293	0.00731
22	0.02461	0.03090	0.01870	0.01689	0.02035	0.71565	0.01271	0.05128	0.01911	0.01705	0.01038	0.01202	0.00858	0.00683	0.00596	0.00171	0.01170	0.00430	0.00351	0.00776
23	0.01363	0.10583	0.66650	0.01803	0.02737	0.01633	0.02305	0.02074	0.01385	0.02033	0.01156	0.01357	0.00835	0.00619	0.00606	0.00202	0.00947	0.00473	0.00278	0.00960
24	0.01396	0.02874	0.50775	0.02169	0.03042	0.01573	0.24578	0.02093	0.01443	0.02093	0.01230	0.01516	0.00888	0.00602	0.00675	0.00213	0.01018	0.00581	0.00296	0.00945
25	0.00866	0.00670	0.00789	0.00759	0.00943	0.00593	0.00570	0.01115	0.01709	0.02272	0.44359	0.05523	0.34492	0.01483	0.00777	0.00214	0.00320	0.01275	0.00676	0.00593
26	0.01254	0.01191	0.02042	0.72723	0.04496	0.01470	0.04247	0.01697	0.01325	0.01697	0.01176	0.01756	0.00882	0.00655	0.00662	0.00219	0.00886	0.00592	0.00294	0.00737
27	0.02374	0.02590	0.01854	0.10011	0.02285	0.51846	0.01303	0.08897	0.01919	0.09061	0.01246	0.01395	0.00955	0.00700	0.00614	0.00181	0.01046	0.00482	0.00411	0.00829
28	0.00802	0.00573	0.00764	0.00917	0.00955	0.00535	0.00611	0.00917	0.01260	0.01681	0.03628	0.76434	0.04354	0.02062	0.00840	0.00267	0.00382	0.01872	0.00611	0.00535
29	0.01000	0.00688	0.00902	0.00840	0.01007	0.00633	0.00633	0.01309	0.01864	0.05016	0.70059	0.04827	0.06057	0.01328	0.00773	0.00207	0.00319	0.01173	0.00728	0.00638
30	0.02570	0.01262	0.01527	0.01227	0.01679	0.03604	0.01003	0.14087	0.04638	0.47720	0.02451	0.05034	0.01756	0.00909	0.00673	0.00209	0.00595	0.04586	0.03432	0.01038
31	0.00957	0.00638	0.00718	0.00718	0.00718	0.00638	0.00399	0.00957	0.00957	0.01276	0.02074	0.04308	0.02393	0.76864	0.03351	0.00638	0.00638	0.00957	0.00399	0.00399
32	0.00919	0.00672	0.00862	0.00815	0.00976	0.00616	0.00611	0.01218	0.01834	0.02569	0.67004	0.05034	0.11661	0.01372	0.00777	0.00208	0.00312	0.01207	0.00715	0.00616
33	0.01320	0.01248	0.02113	0.61142	0.18075	0.01483	0.01866	0.01749	0.01353	0.01775	0.01184	0.01730	0.00910	0.00644	0.00657	0.00215	0.00859	0.00585	0.00299	0.00793
34	0.01585	0.01519	0.02593	0.12158	0.64984	0.01553	0.01999	0.01982	0.01478	0.02097	0.01231	0.01644	0.01024	0.00595	0.00652	0.00198	0.00793	0.00586	0.00322	0.01007
35	0.01287	0.01215	0.02054	0.67164	0.12308	0.01474	0.01850	0.01721	0.01337	0.01735	0.01178	0.01741	0.00896	0.00650	0.00657	0.00217	0.00867	0.00585	0.00296	0.00767
36	0.01760	0.77260	0.03450	0.01126	0.01690	0.02605	0.01126	0.01971	0.01338	0.01549	0.00915	0.01056	0.00845	0.00563	0.00422	0.00141	0.00704	0.00352	0.00282	0.00845
37	0.01606	0.01536	0.02602	0.06558	0.67844	0.01537	0.01971	0.01996	0.01488	0.02133	0.01233	0.01625	0.01034	0.00586	0.00646	0.00193	0.00776	0.00580	0.00327	0.03727
38	0.01243	0.01170	0.01975	0.75282	0.04534	0.01463	0.01828	0.01682	0.01316	0.01682	0.01170	0.01755	0.00878	0.00658	0.00658	0.00219	0.00878	0.00585	0.00293	0.00731
39	0.00932	0.00673	0.00880	0.00828	0.00984	0.00621	0.00621	0.01242	0.01863	0.02640	0.72410	0.04918	0.06212	0.01346	0.00776	0.00207	0.00311	0.01191	0.00725	0.00621
40	0.01421	0.01583	0.03335	0.02420	0.03004	0.01474	0.58373	0.01908	0.01538	0.02049	0.02164	0.04501	0.11387	0.00757	0.00779	0.00223	0.00978	0.00895	0.00381	0.00830
41	0.02437	0.01846	0.23646	0.01399	0.02051	0.01174	0.01427	0.05008	0.01771	0.49155	0.02130	0.01958	0.01369	0.00756	0.00651	0.00205	0.00692	0.00606	0.00645	0.01075
42	0.01266	0.01202	0.01861	0.01592	0.01708	0.01532	0.08704	0.01489	0.01086	0.01620	0.01251	0.01905	0.01171	0.02502	0.28958	0.00569	0.39932	0.00646	0.00317	0.00689
43	0.01890	0.01201	0.01710	0.09799	0.18177	0.01208	0.01249	0.04160	0.11292	0.24776	0.08424	0.05315	0.06078	0.00898	0.00684	0.00210	0.00603	0.00779	0.00595	0.00952
44	0.01658	0.01589	0.06057	0.09569	0.45519	0.01493	0.11925	0.02082	0.01528	0.07909	0.03360	0.01793	0.01206	0.00630	0.00674	0.00203	0.00816	0.00633	0.00373	0.00984
45	0.01073	0.00929	0.01465	0.05547	0.15772	0.00911	0.06051	0.01333	0.01420	0.01910	0.09640	0.27629	0.13298	0.01644	0.05764	0.00290	0.00629	0.03495	0.00510	0.00690
46	0.00884	0.00692	0.01026	0.01131	0.03798	0.00647	0.04883	0.01047	0.01326	0.01775	0.06844	0.62668	0.07025	0.01864	0.00824	0.00257	0.00436	0.01704	0.00589	0.00580
47	0.01638	0.02607	0.43005	0.02076	0.06171	0.01501	0.17275	0.04166	0.01545	0.11615	0.01417	0.01606	0.00995	0.00638	0.00666	0.00210	0.00932	0.00582	0.00375	0.00981
48	0.01536	0.04549	0.48401	0.01967	0.04867	0.01492	0.13416	0.02174	0.01485	0.09465	0.03549	0.01650	0.01116	0.00653	0.00655	0.00208	0.00920	0.00574	0.00358	0.00962
49	0.01430	0.01441	0.04512	0.37325	0.33256	0.01533	0.05219	0.01855	0.01399	0.01911	0.01199	0.01683	0.00952	0.00636	0.00703	0.00211	0.02959	0.00592	0.00308	0.00878
50	0.02384	0.01154	0.01625	0.01423	0.06995	0.01056	0.04343	0.05956	0.04068	0.47492	0.06812	0.05195	0.06597	0.00918	0.00688	0.00208	0.00574	0.00783	0.00717	0.01013
51	0.01758	0.01754	0.21116	0.05746	0.13261	0.01225	0.01521	0.04760	0.03781	0.20887	0.04746	0.10809	0.03896	0.00913	0.00679	0.00213	0.00692	0.00782	0.00520	0.00940
52	0.01499	0.06660	0.47214	0.01816	0.02605	0.01510	0.11117	0.04643	0.01491	0.07115	0.01452	0.05496	0.01145	0.02495	0.00714	0.00219	0.00900	0.00618	0.00358	0.00934
53	0.02312	0.08353	0.02074	0.01926	0.10194	0.60598	0.01348	0.02511	0.01785	0.01669	0.01036	0.01229	0.00870	0.00659	0.00588	0.00171	0.01105	0.00438	0.00333	0.00801
54	0.01711	0.05786	0.01959	0.27202	0.18413	0.01338	0.01461	0.02079	0.03304	0.18066	0.01788	0.08877	0.01479	0.02813	0.00731	0.00221	0.00712	0.00723	0.00461	0.00877
55	0.01367	0.01476	0.07824	0.20532	0.30865	0.01381	0.09789	0.01774	0.01420	0.01952	0.01700	0.12028	0.03335	0.00834	0.00695	0.00216	0.00792	0.00798	0.00362	0.00861
56	0.01588	0.01521	0.02576	0.03878	0.69294	0.01516	0.01947	0.01969	0.01499	0.02133	0.01500	0.01856	0.04485	0.00639	0.00658	0.00197	0.00760	0.00625	0.00340	0.01019
57	0.01929	0.01328	0.01968	0.06002	0.02135	0.03148	0.15407	0.13193	0.03852	0.21297	0.10353	0.02754	0.04856	0.01072	0.03857	0.00250	0.00750	0.04351	0.00592	0.00906
58	0.01489	0.05582	0.51339	0.02034	0.04662	0.04490	0.14367	0.02145	0.01457	0.04568	0.01244	0.01475	0.00898	0.00619	0.00646	0.00206	0.00977	0.00540	0.00311	0.00952
59	0.01422	0.02504	0.39364	0.04876	0.02984	0.01503	0.26812	0.02047	0.01454	0.04220	0.01416	0.05784	0.01117	0.00688	0.00695	0.00217	0.00973	0.00678	0.00333	0.00913
60	0.01331	0.01318	0.01676	0.19755	0.14697	0.11163	0.03883	0.01622	0.01474	0.01831	0.04622	0.17042	0.10028	0.01130	0.00722	0.00223	0.00719	0.05599	0.00439	0.00727
61	0.01500	0.01359	0.02139	0.47112	0.13789	0.01572	0.05179	0.10600	0.06261	0.02155	0.01341	0.01763	0.01014	0.00675	0.00664	0.00214	0.00832	0.00607	0.00371	0.00854
62	0.01374	0.01290	0.02211	0.19428	0.37521	0.01342	0.06442	0.01737	0.01422	0.01955	0.01723	0.14535	0.01672	0.00899	0.00704	0.00219	0.00752	0.03536	0.00378	0.00858
