[name]
unknown

[dist]
# distance from previous block
# <min> <max>
15	58

[block]
# block no. 0 follows, 36 sequences, length 8
# corresponding to MSA columns:
# 66-73
name=unknown_A
#
# <colnr> <probs for GDERKNQSTAVLIFYWHMCP>
#	G	D	E	R	K	N	Q	S	T	A	V	L	I	F	Y	W	H	M	C	P
0	0.01496	0.01480	0.03989	0.02867	0.01630	0.16905	0.07241	0.07026	0.07964	0.03889	0.07758	0.12513	0.07206	0.01090	0.02336	0.02828	0.00679	0.00813	0.06611	0.03679
1	0.03504	0.01119	0.03439	0.01287	0.07607	0.01085	0.00930	0.13215	0.11044	0.11337	0.14152	0.14162	0.06582	0.04489	0.00778	0.00220	0.00504	0.00908	0.00582	0.03058
2	0.01384	0.01221	0.01862	0.46342	0.07254	0.03226	0.06103	0.08162	0.03764	0.03603	0.01328	0.01865	0.01054	0.06503	0.00815	0.00231	0.00780	0.00597	0.03163	0.00743
3	0.04370	0.06431	0.01602	0.03111	0.06294	0.08543	0.01015	0.20405	0.08469	0.05944	0.01609	0.04304	0.01351	0.07451	0.05904	0.00271	0.02475	0.00607	0.05261	0.04583
4	0.00802	0.00607	0.00691	0.00727	0.00839	0.00551	0.00501	0.00923	0.01262	0.01600	0.08453	0.22278	0.33324	0.20417	0.01352	0.00319	0.00406	0.03923	0.00535	0.00490
5	0.01500	0.01306	0.01710	0.01443	0.01581	0.03609	0.03435	0.10869	0.01368	0.04784	0.06656	0.01834	0.01379	0.03059	0.04945	0.00282	0.43912	0.00613	0.04989	0.00726
6	0.01474	0.01191	0.01465	0.06949	0.01776	0.01308	0.05094	0.10193	0.35344	0.05374	0.07201	0.12735	0.05156	0.01005	0.00670	0.00212	0.00536	0.00874	0.00586	0.00856
7	0.05021	0.01575	0.01725	0.01407	0.01821	0.06501	0.06412	0.30870	0.26003	0.02971	0.01793	0.01815	0.01342	0.00924	0.03954	0.00230	0.00700	0.00608	0.03386	0.00942

[dist]
# distance from previous block
# <min> <max>
16	22

[block]
# block no. 1 follows, 36 sequences, length 14
# corresponding to MSA columns:
# 100-113
name=unknown_B
#
# <colnr> <probs for GDERKNQSTAVLIFYWHMCP>
#	G	D	E	R	K	N	Q	S	T	A	V	L	I	F	Y	W	H	M	C	P
0	0.01416	0.39583	0.07668	0.01440	0.08741	0.01857	0.01202	0.01657	0.01206	0.01571	0.01216	0.07595	0.01184	0.01231	0.09817	0.00276	0.10727	0.00550	0.00305	0.00758
1	0.06856	0.06003	0.38279	0.01547	0.02183	0.13862	0.03236	0.07718	0.01542	0.02116	0.05697	0.01795	0.01279	0.00713	0.00594	0.00192	0.00840	0.04357	0.00355	0.00836
2	0.42930	0.01276	0.01045	0.00954	0.01275	0.08560	0.00748	0.07510	0.05348	0.02461	0.02042	0.11097	0.10752	0.00910	0.00532	0.00200	0.00526	0.00684	0.00461	0.00688
3	0.01481	0.01000	0.01178	0.01069	0.01346	0.01057	0.00825	0.04313	0.29110	0.14496	0.11201	0.13583	0.06581	0.01459	0.08083	0.00290	0.00569	0.00921	0.00622	0.00817
4	0.01369	0.04349	0.30972	0.08862	0.02254	0.01266	0.05238	0.04221	0.07163	0.08252	0.13094	0.04130	0.04528	0.00808	0.00637	0.00199	0.00701	0.00686	0.00438	0.00834
5	0.74440	0.01149	0.00908	0.00816	0.01178	0.01318	0.00666	0.01767	0.01130	0.02766	0.08082	0.01372	0.01189	0.00647	0.00420	0.00193	0.00463	0.00415	0.00415	0.00666
6	0.01250	0.03223	0.74875	0.01776	0.02697	0.01447	0.02302	0.01973	0.01315	0.01973	0.01118	0.01315	0.00789	0.00592	0.00592	0.00197	0.00921	0.00460	0.00263	0.00921
7	0.01602	0.01673	0.09166	0.12169	0.30251	0.09371	0.01565	0.03709	0.10394	0.06786	0.01714	0.01899	0.05570	0.00695	0.00620	0.00192	0.00739	0.00599	0.00396	0.00891
8	0.04449	0.06674	0.01617	0.01221	0.01629	0.01565	0.00996	0.31839	0.19120	0.09578	0.02235	0.05495	0.07098	0.00969	0.02478	0.00215	0.00599	0.00694	0.00595	0.00933
9	0.06734	0.00925	0.00992	0.00870	0.01158	0.00896	0.00675	0.11046	0.06018	0.02265	0.14024	0.05332	0.28999	0.05093	0.00785	0.00212	0.00425	0.02473	0.00555	0.10523
10	0.03650	0.25915	0.14675	0.01285	0.01760	0.18115	0.02628	0.01978	0.06383	0.01811	0.08876	0.01945	0.07065	0.00746	0.00552	0.00171	0.00738	0.00561	0.00374	0.00771
11	0.00885	0.00724	0.00795	0.00787	0.00981	0.00685	0.00585	0.01296	0.12045	0.01947	0.17041	0.15898	0.41101	0.01473	0.00730	0.00214	0.00345	0.01260	0.00605	0.00602
12	0.01518	0.46659	0.08378	0.01162	0.01611	0.06517	0.01114	0.01847	0.06014	0.01613	0.01589	0.05821	0.07063	0.00768	0.00603	0.00168	0.05901	0.00547	0.00337	0.00770
13	0.04876	0.08082	0.02091	0.01639	0.05578	0.15702	0.11132	0.19408	0.10591	0.10024	0.01555	0.01736	0.01188	0.00708	0.00609	0.00188	0.00771	0.02737	0.00484	0.00902

[dist]
# distance from previous block
# <min> <max>
1	5

[block]
# block no. 2 follows, 36 sequences, length 42
# corresponding to MSA columns:
# 119-160
name=unknown_C
#
# <colnr> <probs for GDERKNQSTAVLIFYWHMCP>
#	G	D	E	R	K	N	Q	S	T	A	V	L	I	F	Y	W	H	M	C	P
0	0.04527	0.01321	0.02247	0.17474	0.37586	0.01369	0.10546	0.03597	0.01406	0.01980	0.01552	0.05857	0.03942	0.00722	0.00647	0.00201	0.00745	0.03089	0.00348	0.00843
1	0.01610	0.14128	0.24424	0.03976	0.04754	0.06845	0.09095	0.07138	0.10672	0.06261	0.01567	0.01676	0.03794	0.00670	0.00592	0.00187	0.00783	0.00552	0.00390	0.00886
2	0.06573	0.36261	0.03933	0.04243	0.09379	0.11524	0.01199	0.09447	0.04290	0.01945	0.01145	0.01413	0.00980	0.00733	0.02473	0.00186	0.00753	0.02353	0.00348	0.00823
3	0.00882	0.00667	0.00843	0.05186	0.01146	0.00647	0.00683	0.02475	0.01330	0.01721	0.08519	0.27239	0.20328	0.11712	0.01089	0.00287	0.00450	0.13722	0.00542	0.00534
4	0.00903	0.00616	0.00742	0.00742	0.00763	0.00638	0.00455	0.00946	0.00924	0.01254	0.01906	0.03762	0.02128	0.63910	0.17178	0.00681	0.00810	0.00860	0.00369	0.00412
5	0.01292	0.01107	0.01292	0.00923	0.01477	0.00831	0.00738	0.01569	0.01292	0.02030	0.01107	0.01292	0.00923	0.00461	0.00461	0.00092	0.00461	0.00369	0.00369	0.81912
6	0.01705	0.50035	0.02620	0.01167	0.01639	0.06134	0.01058	0.05764	0.20535	0.01895	0.01348	0.01384	0.01107	0.00633	0.00482	0.00158	0.00646	0.00447	0.00385	0.00858
7	0.01546	0.01817	0.31678	0.01282	0.01838	0.01021	0.01379	0.01969	0.01485	0.22456	0.09093	0.11032	0.08804	0.00956	0.00652	0.00204	0.00630	0.00801	0.00512	0.00844
8	0.01892	0.26446	0.10177	0.05489	0.02059	0.26943	0.03255	0.10437	0.04422	0.01897	0.01089	0.01240	0.00879	0.00618	0.00532	0.00165	0.00864	0.00434	0.00343	0.00820
9	0.01583	0.01373	0.01394	0.01255	0.01583	0.05452	0.00969	0.10371	0.52922	0.02566	0.02449	0.11376	0.02023	0.00959	0.00649	0.00211	0.00532	0.00803	0.00609	0.00921
10	0.01455	0.09455	0.01538	0.00996	0.01519	0.01087	0.00828	0.07013	0.01440	0.04845	0.01280	0.01616	0.01087	0.00570	0.00495	0.00118	0.00509	0.04141	0.00404	0.59601
11	0.01964	0.04570	0.04509	0.01495	0.03700	0.38286	0.01160	0.05289	0.15579	0.05788	0.01446	0.01600	0.01154	0.02570	0.05867	0.00245	0.03046	0.00516	0.00415	0.00803
12	0.01442	0.01285	0.03471	0.14206	0.22243	0.01304	0.10729	0.07075	0.07560	0.04781	0.01682	0.08493	0.01501	0.03912	0.00836	0.03513	0.00713	0.04032	0.00409	0.00813
13	0.00827	0.00702	0.03630	0.00901	0.01009	0.00605	0.00659	0.01063	0.05124	0.01724	0.07938	0.60497	0.09442	0.01768	0.00770	0.00242	0.00382	0.01587	0.00576	0.00555
14	0.00901	0.00607	0.00690	0.00690	0.00700	0.00609	0.00395	0.00913	0.00923	0.01229	0.02062	0.04065	0.04041	0.73451	0.05803	0.00609	0.00636	0.00907	0.00381	0.00388
15	0.05598	0.21229	0.02121	0.03897	0.06617	0.44266	0.01193	0.02188	0.01543	0.01600	0.00980	0.01183	0.00838	0.00759	0.03364	0.00190	0.00969	0.00407	0.00309	0.00749
16	0.76639	0.04194	0.01034	0.00856	0.01245	0.04032	0.00708	0.01856	0.01093	0.02701	0.00871	0.01016	0.00684	0.00579	0.00392	0.00189	0.00511	0.00339	0.00379	0.00681
17	0.00875	0.00700	0.00793	0.00782	0.00970	0.00654	0.00589	0.01237	0.08773	0.02023	0.26045	0.11591	0.37179	0.01450	0.00735	0.00213	0.00341	0.03839	0.00617	0.00591
18	0.01349	0.01063	0.01356	0.03430	0.01589	0.00852	0.03592	0.01623	0.01330	0.07311	0.01497	0.08220	0.01344	0.00669	0.00534	0.00129	0.00497	0.03154	0.00419	0.60044
19	0.00901	0.00625	0.00787	0.00787	0.00824	0.00662	0.00511	0.00975	0.00938	0.01287	0.01865	0.03535	0.02030	0.53682	0.27271	0.00736	0.00958	0.00827	0.00363	0.00437
20	0.01794	0.04134	0.02291	0.08555	0.40963	0.10348	0.03418	0.14758	0.01728	0.04276	0.01229	0.01496	0.00975	0.00610	0.00608	0.00183	0.00782	0.00537	0.00376	0.00938
21	0.01468	0.24463	0.33944	0.01799	0.08085	0.04997	0.08311	0.01931	0.01320	0.01784	0.01037	0.01272	0.00825	0.00600	0.00644	0.00182	0.05742	0.00460	0.00276	0.00860
22	0.00764	0.00561	0.00718	0.00829	0.00897	0.00514	0.00565	0.00892	0.01262	0.01663	0.08489	0.62971	0.13878	0.01856	0.00783	0.00243	0.00351	0.01666	0.00586	0.00514
23	0.01344	0.01127	0.01347	0.00986	0.01493	0.00921	0.00794	0.01609	0.01280	0.04232	0.01126	0.01323	0.00933	0.00522	0.00595	0.00110	0.06674	0.00391	0.00374	0.72818
24	0.00765	0.00632	0.00671	0.00661	0.00859	0.00538	0.00496	0.00950	0.01488	0.01845	0.19700	0.05730	0.60474	0.01518	0.00736	0.00208	0.00311	0.01278	0.00600	0.00538
25	0.01064	0.00614	0.00675	0.00666	0.00814	0.00586	0.00491	0.01303	0.01372	0.04181	0.13870	0.06293	0.12815	0.07437	0.00781	0.00209	0.00336	0.02376	0.43548	0.00568
26	0.02217	0.04847	0.01826	0.01585	0.01889	0.62728	0.01215	0.05822	0.01730	0.01640	0.00973	0.01162	0.00817	0.00688	0.00705	0.00172	0.08497	0.00421	0.00330	0.00737
27	0.00765	0.00632	0.00670	0.00661	0.00859	0.00538	0.00496	0.00949	0.01487	0.01841	0.19418	0.05736	0.60759	0.01519	0.00736	0.00208	0.00311	0.01278	0.00599	0.00538
28	0.01334	0.01296	0.02065	0.51494	0.25419	0.04403	0.01764	0.01725	0.01319	0.01724	0.01121	0.01603	0.00877	0.00603	0.00619	0.00199	0.00815	0.00548	0.00288	0.00783
29	0.01500	0.00858	0.01091	0.00932	0.01197	0.00811	0.00731	0.09268	0.01894	0.19924	0.48988	0.03707	0.04321	0.01097	0.00697	0.00194	0.00393	0.00946	0.00700	0.00752
30	0.02083	0.01603	0.01709	0.01376	0.01823	0.01799	0.01115	0.48140	0.27393	0.03466	0.01859	0.01785	0.01353	0.00782	0.00627	0.00195	0.00618	0.00611	0.00627	0.01034
31	0.01443	0.01315	0.01703	0.09173	0.14218	0.04187	0.01192	0.06867	0.01404	0.02023	0.01181	0.01607	0.01015	0.00663	0.00770	0.00163	0.11942	0.03084	0.00360	0.35691
32	0.02327	0.02970	0.01766	0.01605	0.01926	0.75602	0.01204	0.02488	0.01766	0.01525	0.00963	0.01124	0.00803	0.00642	0.00562	0.00161	0.01124	0.00401	0.00321	0.00722
33	0.02327	0.02970	0.01766	0.01605	0.01926	0.75602	0.01204	0.02488	0.01766	0.01525	0.00963	0.01124	0.00803	0.00642	0.00562	0.00161	0.01124	0.00401	0.00321	0.00722
34	0.01550	0.01338	0.01409	0.01268	0.01620	0.01550	0.00986	0.03311	0.73091	0.02606	0.02536	0.02325	0.01902	0.00845	0.00634	0.00211	0.00493	0.00704	0.00634	0.00986
35	0.00767	0.00661	0.00691	0.00678	0.00877	0.00584	0.00514	0.00930	0.01415	0.01708	0.08759	0.05757	0.68328	0.01546	0.00789	0.00212	0.03402	0.01277	0.00570	0.00535
36	0.00849	0.00633	0.00776	0.00851	0.00971	0.00591	0.00647	0.01017	0.01310	0.01672	0.05932	0.22308	0.25158	0.12314	0.01125	0.00297	0.00443	0.22036	0.00552	0.00517
37	0.01944	0.01608	0.01599	0.01340	0.01740	0.08293	0.01065	0.30956	0.33372	0.04602	0.04015	0.03363	0.01609	0.00819	0.00629	0.00197	0.00620	0.00650	0.00605	0.00973
38	0.00811	0.00605	0.00742	0.00786	0.00901	0.00553	0.00564	0.00984	0.01397	0.01843	0.22732	0.30022	0.22668	0.07253	0.00942	0.00255	0.00362	0.05460	0.00592	0.00528
39	0.01752	0.01374	0.01430	0.01237	0.01603	0.03467	0.00975	0.15798	0.48006	0.06587	0.02253	0.02129	0.01671	0.00807	0.00612	0.00199	0.00529	0.00655	0.07958	0.00960
40	0.01722	0.63991	0.02940	0.01118	0.01612	0.08640	0.01061	0.05670	0.01423	0.01655	0.04524	0.01218	0.01065	0.00591	0.00442	0.00142	0.00688	0.00391	0.00311	0.00796
41	0.05887	0.02886	0.01532	0.01349	0.06608	0.01303	0.01006	0.14104	0.01531	0.14271	0.01501	0.01882	0.01231	0.08120	0.09824	0.00323	0.13852	0.00574	0.02319	0.09897

[dist]
# distance from previous block
# <min> <max>
0	2

[block]
# block no. 3 follows, 36 sequences, length 79
# corresponding to MSA columns:
# 163-241
name=unknown_D
#
# <colnr> <probs for GDERKNQSTAVLIFYWHMCP>
#	G	D	E	R	K	N	Q	S	T	A	V	L	I	F	Y	W	H	M	C	P
0	0.76886	0.06576	0.01079	0.00837	0.01232	0.01472	0.00702	0.01834	0.01075	0.02703	0.00867	0.01011	0.00683	0.00575	0.00387	0.00189	0.00495	0.00337	0.00377	0.00683
1	0.06359	0.01314	0.11018	0.01707	0.17242	0.01077	0.01229	0.05119	0.03147	0.11634	0.14748	0.10542	0.02520	0.01007	0.00668	0.00209	0.00576	0.08563	0.00514	0.00806
2	0.04580	0.00947	0.00995	0.00880	0.01151	0.05914	0.00679	0.01423	0.03333	0.02207	0.32941	0.04952	0.10269	0.01040	0.00636	0.00174	0.00419	0.03936	0.04302	0.19220
3	0.01373	0.01355	0.02157	0.11154	0.33431	0.04803	0.09140	0.01681	0.01323	0.01812	0.01501	0.14406	0.01464	0.00869	0.00842	0.00212	0.10554	0.00772	0.00347	0.00804
4	0.05215	0.00764	0.00939	0.00993	0.03287	0.00751	0.00709	0.03753	0.04187	0.07468	0.06637	0.29067	0.11006	0.11418	0.01051	0.00282	0.00461	0.10844	0.00558	0.00609
5	0.00810	0.00625	0.00727	0.00776	0.00895	0.00580	0.00542	0.01010	0.04408	0.01672	0.07759	0.34170	0.30267	0.09576	0.03000	0.00288	0.00406	0.01403	0.00559	0.00527
6	0.01251	0.01201	0.01927	0.51923	0.08633	0.01527	0.01648	0.01591	0.01183	0.01600	0.01037	0.01575	0.00839	0.00739	0.00991	0.00223	0.20572	0.00552	0.00278	0.00711
7	0.02264	0.01693	0.01811	0.01412	0.01892	0.01883	0.01159	0.63348	0.11891	0.03758	0.01629	0.01602	0.01167	0.00760	0.00625	0.00190	0.00661	0.00579	0.00625	0.01050
8	0.01551	0.00695	0.00787	0.00706	0.00932	0.00661	0.00550	0.01829	0.01420	0.19550	0.02134	0.02275	0.01584	0.00737	0.00481	0.00157	0.00347	0.00592	0.62318	0.00695
9	0.82504	0.01205	0.00916	0.00819	0.01205	0.01398	0.00675	0.01832	0.01060	0.02795	0.00868	0.01012	0.00675	0.00578	0.00386	0.00193	0.00482	0.00337	0.00386	0.00675
10	0.00960	0.00714	0.00845	0.00852	0.01046	0.00676	0.00675	0.01289	0.06615	0.04290	0.15015	0.07572	0.33670	0.01621	0.04217	0.00261	0.00452	0.16322	0.02309	0.00598
11	0.01269	0.06708	0.71559	0.01743	0.02646	0.01494	0.02245	0.01968	0.01313	0.01950	0.01106	0.01301	0.00790	0.00589	0.00583	0.00194	0.00909	0.00455	0.00263	0.00915
12	0.82504	0.01205	0.00916	0.00819	0.01205	0.01398	0.00675	0.01832	0.01060	0.02795	0.00868	0.01012	0.00675	0.00578	0.00386	0.00193	0.00482	0.00337	0.00386	0.00675
13	0.00905	0.00608	0.00702	0.00702	0.00710	0.00616	0.00405	0.00920	0.00913	0.01225	0.01943	0.03964	0.02216	0.73000	0.08208	0.00632	0.00678	0.00889	0.00374	0.00390
14	0.01527	0.01466	0.02503	0.06726	0.71429	0.01477	0.01905	0.01899	0.01412	0.02018	0.01169	0.01547	0.00981	0.00558	0.00617	0.00186	0.00744	0.00555	0.00307	0.00975
15	0.02240	0.02800	0.01745	0.01582	0.01895	0.67872	0.01193	0.02515	0.06871	0.01602	0.01072	0.01218	0.00882	0.00671	0.00615	0.00168	0.03550	0.00428	0.00342	0.00740
16	0.01981	0.01242	0.01422	0.01213	0.01610	0.01330	0.00962	0.03216	0.48409	0.27542	0.02509	0.02254	0.01777	0.00820	0.00631	0.00205	0.00506	0.00677	0.00681	0.01012
17	0.01262	0.01194	0.02022	0.59685	0.20548	0.01407	0.01773	0.01666	0.01286	0.01695	0.01122	0.01633	0.00867	0.00607	0.00622	0.00202	0.00810	0.00554	0.00284	0.00761
18	0.01542	0.01480	0.02529	0.03824	0.74217	0.01480	0.01912	0.01912	0.01419	0.02036	0.01172	0.01542	0.00987	0.00555	0.00617	0.00185	0.00740	0.00555	0.00308	0.00987
19	0.82504	0.01205	0.00916	0.00819	0.01205	0.01398	0.00675	0.01832	0.01060	0.02795	0.00868	0.01012	0.00675	0.00578	0.00386	0.00193	0.00482	0.00337	0.00386	0.00675
20	0.01550	0.01338	0.01409	0.01268	0.01620	0.01550	0.00986	0.03311	0.73091	0.02606	0.02536	0.02325	0.01902	0.00845	0.00634	0.00211	0.00493	0.00704	0.00634	0.00986
21	0.02327	0.02970	0.01766	0.01605	0.01926	0.75602	0.01204	0.02488	0.01766	0.01525	0.00963	0.01124	0.00803	0.00642	0.00562	0.00161	0.01124	0.00401	0.00321	0.00722
22	0.00771	0.00629	0.00682	0.00675	0.00865	0.00540	0.00504	0.00959	0.01493	0.01872	0.22105	0.08154	0.55542	0.01519	0.00738	0.00208	0.00312	0.01286	0.00604	0.00540
23	0.02795	0.01060	0.01446	0.01109	0.01591	0.00916	0.00916	0.03036	0.01783	0.74648	0.02458	0.02121	0.01542	0.00771	0.00627	0.00193	0.00530	0.00627	0.00771	0.01060
24	0.06824	0.01068	0.01419	0.01094	0.01571	0.00940	0.00904	0.02976	0.01747	0.71017	0.02378	0.02065	0.01498	0.00761	0.00614	0.00193	0.00528	0.00612	0.00752	0.01041
25	0.01471	0.01681	0.03676	0.02626	0.03256	0.01576	0.71954	0.01996	0.01471	0.01996	0.01261	0.01681	0.00945	0.00525	0.00735	0.00210	0.01050	0.00735	0.00315	0.00840
26	0.02310	0.01238	0.01912	0.01456	0.01948	0.01160	0.15973	0.02861	0.13463	0.47394	0.02217	0.02061	0.01475	0.00731	0.00651	0.00200	0.00634	0.00662	0.00652	0.01002
27	0.01814	0.01280	0.01417	0.01234	0.01614	0.01415	0.00971	0.03253	0.57988	0.17865	0.02519	0.02281	0.01826	0.00830	0.00632	0.00207	0.00501	0.00688	0.00663	0.01002
28	0.08336	0.01070	0.01409	0.01088	0.01564	0.00949	0.00899	0.02953	0.01733	0.69654	0.02348	0.02044	0.01482	0.00758	0.00610	0.00193	0.00527	0.00606	0.00744	0.01034
29	0.00872	0.00766	0.00761	0.00750	0.00940	0.04374	0.00556	0.01081	0.03301	0.01739	0.12039	0.08014	0.50469	0.05255	0.06046	0.00281	0.00468	0.01188	0.00551	0.00549
30	0.01926	0.01631	0.01648	0.01436	0.03974	0.07706	0.01108	0.29505	0.38305	0.03006	0.01969	0.01887	0.01463	0.00783	0.00624	0.00197	0.00625	0.00620	0.00595	0.00993
31	0.00813	0.00604	0.00693	0.00718	0.00817	0.00554	0.00482	0.00931	0.01260	0.01629	0.13578	0.20726	0.27573	0.25097	0.01496	0.00338	0.00411	0.01262	0.00531	0.00485
32	0.33634	0.01317	0.01319	0.01071	0.01495	0.01433	0.00879	0.25193	0.03747	0.16532	0.01494	0.01501	0.01058	0.00687	0.00519	0.00188	0.00545	0.00491	0.06022	0.00875
33	0.06730	0.01531	0.06201	0.01482	0.07210	0.08335	0.01152	0.12136	0.23033	0.04010	0.02110	0.06332	0.03632	0.00949	0.00700	0.00212	0.03643	0.09233	0.00516	0.00850
34	0.01527	0.03683	0.02133	0.25234	0.36780	0.03232	0.01650	0.03653	0.03763	0.06671	0.01377	0.03286	0.01129	0.00665	0.00622	0.00195	0.00739	0.02430	0.00359	0.00872
35	0.02014	0.00896	0.01165	0.00961	0.01327	0.00778	0.00779	0.02243	0.01678	0.46055	0.11161	0.03547	0.19377	0.01062	0.00675	0.00202	0.00455	0.04059	0.00707	0.00859
36	0.01101	0.00776	0.01071	0.07331	0.03735	0.00725	0.03569	0.01331	0.01479	0.10300	0.18336	0.17537	0.27629	0.01334	0.00721	0.00212	0.00431	0.01167	0.00578	0.00638
37	0.04215	0.11145	0.31821	0.01969	0.12743	0.12539	0.06861	0.07946	0.01530	0.02052	0.01109	0.01316	0.00851	0.00595	0.00576	0.00183	0.00871	0.00476	0.00317	0.00885
38	0.01269	0.03518	0.01747	0.21352	0.17152	0.04889	0.04169	0.04549	0.02698	0.01802	0.01902	0.18261	0.04576	0.01248	0.06238	0.00268	0.02393	0.00852	0.00390	0.00728
39	0.78931	0.01229	0.00958	0.00847	0.01237	0.01422	0.00697	0.04966	0.01144	0.02846	0.00896	0.01034	0.00692	0.00586	0.00396	0.00193	0.00491	0.00347	0.00396	0.00692
40	0.00866	0.00621	0.00757	0.00747	0.00858	0.00594	0.00526	0.00975	0.01240	0.01633	0.17449	0.04307	0.25227	0.19537	0.12326	0.09774	0.00599	0.01002	0.00483	0.00479
41	0.03511	0.04170	0.05183	0.11817	0.51521	0.03287	0.01747	0.01918	0.03719	0.01986	0.01181	0.01519	0.00969	0.00572	0.00596	0.00183	0.00738	0.00531	0.00317	0.04538
42	0.01517	0.03603	0.01439	0.01220	0.01571	0.01431	0.02530	0.07134	0.51678	0.04370	0.02855	0.02845	0.10083	0.00944	0.00650	0.00210	0.00507	0.03889	0.00610	0.00913
43	0.01115	0.00693	0.00880	0.00801	0.01004	0.00621	0.00612	0.01377	0.01705	0.12116	0.52161	0.04551	0.17444	0.01260	0.00720	0.00198	0.00330	0.01093	0.00678	0.00641
44	0.01177	0.01107	0.01869	0.76606	0.04291	0.01384	0.01730	0.01592	0.01246	0.01592	0.01107	0.01661	0.00831	0.00623	0.00623	0.00208	0.00831	0.00554	0.00277	0.00692
45	0.00942	0.00647	0.00827	0.00789	0.00948	0.00588	0.00589	0.01200	0.01671	0.05659	0.55997	0.11507	0.13588	0.01350	0.00736	0.00203	0.00314	0.01186	0.00667	0.00595
46	0.01283	0.01189	0.01873	0.51679	0.14662	0.01404	0.01614	0.01897	0.12390	0.01841	0.03227	0.01823	0.01151	0.00664	0.00627	0.00204	0.00750	0.00592	0.00348	0.00781
47	0.00852	0.00636	0.00792	0.00753	0.00913	0.00575	0.00564	0.01118	0.01693	0.02332	0.60068	0.04929	0.19803	0.01336	0.00735	0.00199	0.00298	0.01165	0.00664	0.00575
48	0.01416	0.01406	0.02610	0.38159	0.05208	0.01515	0.29892	0.08432	0.01499	0.01985	0.01207	0.01651	0.00902	0.00594	0.00668	0.00206	0.00903	0.00627	0.00326	0.00793
49	0.82504	0.01205	0.00916	0.00819	0.01205	0.01398	0.00675	0.01832	0.01060	0.02795	0.00868	0.01012	0.00675	0.00578	0.00386	0.00193	0.00482	0.00337	0.00386	0.00675
50	0.00752	0.00569	0.00695	0.00796	0.00885	0.00512	0.00547	0.00876	0.01262	0.01619	0.04306	0.55973	0.25282	0.01839	0.00777	0.00240	0.00348	0.01633	0.00578	0.00512
51	0.82504	0.01205	0.00916	0.00819	0.01205	0.01398	0.00675	0.01832	0.01060	0.02795	0.00868	0.01012	0.00675	0.00578	0.00386	0.00193	0.00482	0.00337	0.00386	0.00675
52	0.01418	0.01103	0.01305	0.00938	0.01486	0.00838	0.00753	0.01692	0.01333	0.08135	0.01221	0.01362	0.00975	0.00487	0.00475	0.00101	0.00467	0.00391	0.00403	0.75115
53	0.82504	0.01205	0.00916	0.00819	0.01205	0.01398	0.00675	0.01832	0.01060	0.02795	0.00868	0.01012	0.00675	0.00578	0.00386	0.00193	0.00482	0.00337	0.00386	0.00675
54	0.01177	0.01107	0.01869	0.76606	0.04291	0.01384	0.01730	0.01592	0.01246	0.01592	0.01107	0.01661	0.00831	0.00623	0.00623	0.00208	0.00831	0.00554	0.00277	0.00692
55	0.01146	0.00775	0.01036	0.01115	0.01282	0.00774	0.00936	0.06228	0.01513	0.05638	0.03155	0.19000	0.03402	0.01647	0.00821	0.00269	0.00541	0.49514	0.00588	0.00620
56	0.05890	0.01561	0.01730	0.01331	0.01821	0.01671	0.01099	0.52908	0.02580	0.20488	0.01695	0.01622	0.01157	0.00746	0.00614	0.00189	0.00640	0.00567	0.00648	0.01043
57	0.02722	0.01178	0.01519	0.01164	0.01649	0.01091	0.00962	0.14922	0.01980	0.62484	0.02293	0.02013	0.01459	0.00767	0.00626	0.00192	0.00557	0.00615	0.00746	0.01060
58	0.00751	0.00611	0.00666	0.00695	0.00862	0.00526	0.00505	0.00907	0.01392	0.01717	0.10233	0.22223	0.53459	0.01642	0.00750	0.00219	0.00325	0.01406	0.00586	0.00526
59	0.01542	0.01480	0.02529	0.03824	0.74217	0.01480	0.01912	0.01912	0.01419	0.02036	0.01172	0.01542	0.00987	0.00555	0.00617	0.00185	0.00740	0.00555	0.00308	0.00987
60	0.82504	0.01205	0.00916	0.00819	0.01205	0.01398	0.00675	0.01832	0.01060	0.02795	0.00868	0.01012	0.00675	0.00578	0.00386	0.00193	0.00482	0.00337	0.00386	0.00675
61	0.00767	0.00545	0.00721	0.00858	0.00892	0.00511	0.00568	0.00870	0.01178	0.01571	0.03360	0.73976	0.04027	0.05801	0.00915	0.00271	0.00374	0.01728	0.00568	0.00500
62	0.01482	0.01863	0.12548	0.02408	0.03057	0.01572	0.57022	0.04823	0.04825	0.02097	0.01311	0.01657	0.00974	0.00557	0.00708	0.00208	0.00994	0.00692	0.00335	0.00866
63	0.00926	0.00669	0.00910	0.01043	0.01166	0.00653	0.00864	0.01161	0.01375	0.01786	0.03545	0.23996	0.08710	0.01767	0.00836	0.00273	0.00504	0.48688	0.00575	0.00554
64	0.43546	0.01252	0.01222	0.01019	0.01438	0.01363	0.00833	0.10992	0.09873	0.20588	0.01531	0.01498	0.01079	0.00678	0.00503	0.00194	0.00520	0.00479	0.00539	0.00854
65	0.79081	0.01280	0.00952	0.00853	0.01236	0.04566	0.00697	0.01860	0.01090	0.02741	0.00872	0.01017	0.00680	0.00581	0.00393	0.00191	0.00509	0.00340	0.00383	0.00677
66	0.00840	0.00622	0.00798	0.00904	0.00999	0.00594	0.00662	0.01063	0.04160	0.01739	0.07268	0.49488	0.12120	0.01787	0.00791	0.00250	0.00398	0.14389	0.00585	0.00544
67	0.01850	0.12614	0.17828	0.01903	0.10043	0.35615	0.07723	0.02191	0.01540	0.01710	0.01032	0.01243	0.00832	0.00597	0.00568	0.00172	0.00972	0.00451	0.00300	0.00814
68	0.00750	0.00632	0.00650	0.00646	0.00850	0.00532	0.00484	0.00921	0.01453	0.01761	0.12765	0.05868	0.67462	0.01549	0.00736	0.00209	0.00314	0.01297	0.00589	0.00532
69	0.00843	0.00635	0.00779	0.00743	0.00907	0.00571	0.00558	0.01101	0.01673	0.02283	0.55995	0.05009	0.23906	0.01354	0.00735	0.00200	0.00300	0.01177	0.00657	0.00571
70	0.02368	0.01745	0.01870	0.01434	0.01932	0.01932	0.01184	0.72139	0.02929	0.03927	0.01496	0.01496	0.01060	0.00748	0.00623	0.00187	0.00686	0.00561	0.00623	0.01060
71	0.00754	0.00632	0.00655	0.00649	0.00852	0.00533	0.00487	0.00927	0.01461	0.01779	0.14292	0.05838	0.65923	0.01542	0.00736	0.00209	0.00313	0.01293	0.00591	0.00533
72	0.01550	0.01338	0.01409	0.01268	0.01620	0.01550	0.00986	0.03311	0.73091	0.02606	0.02536	0.02325	0.01902	0.00845	0.00634	0.00211	0.00493	0.00704	0.00634	0.00986
73	0.01666	0.78478	0.03265	0.01066	0.01599	0.02465	0.01066	0.01866	0.01266	0.01466	0.00866	0.00999	0.00800	0.00533	0.00400	0.00133	0.00666	0.00333	0.00267	0.00800
74	0.02058	0.12405	0.04570	0.01508	0.01934	0.32933	0.06088	0.15948	0.08419	0.04350	0.01295	0.01439	0.01021	0.02584	0.00639	0.00183	0.00877	0.00496	0.00414	0.00839
75	0.01550	0.01338	0.01409	0.01268	0.01620	0.01550	0.00986	0.03311	0.73091	0.02606	0.02536	0.02325	0.01902	0.00845	0.00634	0.00211	0.00493	0.00704	0.00634	0.00986
76	0.01256	0.01159	0.01742	0.37976	0.09416	0.01274	0.01393	0.01589	0.01241	0.01749	0.01126	0.03007	0.00935	0.00649	0.00740	0.00180	0.09361	0.00523	0.00312	0.24369
77	0.00936	0.06047	0.01002	0.00803	0.00977	0.00718	0.00621	0.01224	0.01729	0.02427	0.68813	0.04400	0.05526	0.01222	0.00712	0.00192	0.00320	0.01072	0.00657	0.00603
78	0.02312	0.01717	0.01838	0.01422	0.01911	0.01906	0.01170	0.67355	0.07806	0.03835	0.01568	0.01553	0.01118	0.00755	0.00624	0.00189	0.00672	0.00571	0.00624	0.01054

[dist]
# distance from previous block
# <min> <max>
0	1

[block]
# block no. 4 follows, 36 sequences, length 11
# corresponding to MSA columns:
# 243-253
name=unknown_E
#
# <colnr> <probs for GDERKNQSTAVLIFYWHMCP>
#	G	D	E	R	K	N	Q	S	T	A	V	L	I	F	Y	W	H	M	C	P
0	0.02116	0.06247	0.01719	0.01454	0.01789	0.52591	0.01115	0.06844	0.11175	0.01868	0.01271	0.01380	0.01017	0.00676	0.00559	0.00166	0.00935	0.00460	0.05845	0.00772
1	0.06560	0.01107	0.01289	0.00941	0.01475	0.00877	0.00758	0.01778	0.01342	0.11641	0.01270	0.01384	0.00989	0.00510	0.00478	0.00112	0.00472	0.00401	0.00423	0.66194
2	0.11988	0.01143	0.01367	0.04670	0.01650	0.00962	0.03664	0.01622	0.01266	0.02108	0.01082	0.01289	0.00887	0.00487	0.00470	0.00116	0.00506	0.00389	0.00365	0.63967
3	0.01177	0.01107	0.01869	0.76606	0.04291	0.01384	0.01730	0.01592	0.01246	0.01592	0.01107	0.01661	0.00831	0.00623	0.00623	0.00208	0.00831	0.00554	0.00277	0.00692
4	0.01447	0.01103	0.01308	0.00942	0.01488	0.00839	0.00757	0.01720	0.01343	0.09534	0.01247	0.01378	0.00987	0.00493	0.00478	0.00103	0.00469	0.00396	0.00411	0.73557
5	0.01225	0.01157	0.01956	0.67022	0.13499	0.01397	0.01754	0.01634	0.01269	0.01650	0.01116	0.01645	0.00851	0.00614	0.00622	0.00205	0.00819	0.00554	0.00281	0.00731
6	0.01542	0.01480	0.02529	0.03824	0.74217	0.01480	0.01912	0.01912	0.01419	0.02036	0.01172	0.01542	0.00987	0.00555	0.00617	0.00185	0.00740	0.00555	0.00308	0.00987
7	0.01514	0.01414	0.02799	0.09661	0.02825	0.01334	0.44845	0.01956	0.01493	0.09758	0.07890	0.01960	0.01439	0.00623	0.00689	0.00197	0.00855	0.00710	0.00398	0.07639
8	0.01234	0.01166	0.01972	0.65233	0.15217	0.01399	0.01759	0.01642	0.01273	0.01661	0.01118	0.01643	0.00855	0.00612	0.00622	0.00204	0.00816	0.00554	0.00282	0.00738
9	0.01404	0.01274	0.02010	0.47961	0.20946	0.01471	0.01687	0.09029	0.04490	0.01984	0.01223	0.01643	0.00937	0.00629	0.00622	0.00200	0.00779	0.00561	0.00335	0.00814
10	0.00765	0.00580	0.00706	0.00784	0.00887	0.00521	0.00546	0.00908	0.01324	0.01715	0.11736	0.47427	0.26323	0.01763	0.00770	0.00234	0.00340	0.01560	0.00590	0.00521

[dist]
# distance from previous block
# <min> <max>
0	0

# created by:
# /home/cegg/simao/soft/augustus-3.2.1/scripts/msa2prfl.pl ./align_prep/EOG090W0E0R.fa
