[name]
unknown

[dist]
# distance from previous block
# <min> <max>
0	11

[block]
# block no. 0 follows, 29 sequences, length 17
# corresponding to MSA columns:
# 11-27
name=unknown_A
#
# <colnr> <probs for GDERKNQSTAVLIFYWHMCP>
#	G	D	E	R	K	N	Q	S	T	A	V	L	I	F	Y	W	H	M	C	P
0	0.01418	0.01184	0.01206	0.01220	0.01441	0.10537	0.00971	0.01781	0.05664	0.06135	0.14258	0.14386	0.10779	0.01613	0.00859	0.00266	0.00621	0.24281	0.00655	0.00725
1	0.01786	0.01382	0.01816	0.01564	0.09296	0.01159	0.04127	0.06213	0.01682	0.10109	0.01482	0.01648	0.01152	0.00602	0.00594	0.00143	0.00618	0.00511	0.00481	0.53636
2	0.01313	0.00962	0.01106	0.01023	0.01313	0.00892	0.00767	0.07031	0.06736	0.06576	0.04216	0.27524	0.23493	0.01564	0.00792	0.00234	0.00467	0.01348	0.00650	0.11994
3	0.01818	0.01745	0.07740	0.14129	0.34383	0.01698	0.06036	0.05270	0.01646	0.08448	0.01435	0.01809	0.01120	0.00746	0.00891	0.00230	0.08775	0.00645	0.00403	0.01033
4	0.01869	0.38610	0.28721	0.01563	0.02319	0.06527	0.01743	0.02322	0.01547	0.07077	0.01240	0.01382	0.00973	0.00662	0.00570	0.00187	0.00891	0.00465	0.00350	0.00982
5	0.08378	0.03086	0.01959	0.01762	0.02122	0.60223	0.01340	0.05273	0.01958	0.01957	0.01107	0.01306	0.00919	0.00762	0.00724	0.00195	0.05244	0.00469	0.00383	0.00834
6	0.01442	0.01482	0.05580	0.01827	0.02315	0.01333	0.27177	0.07799	0.04982	0.02548	0.16802	0.03704	0.17651	0.01085	0.00816	0.00234	0.00764	0.01045	0.00559	0.00856
7	0.01852	0.67624	0.11059	0.01306	0.01964	0.02691	0.01372	0.02146	0.01453	0.01738	0.01021	0.01181	0.00913	0.00617	0.00481	0.00160	0.00793	0.00397	0.00304	0.00929
8	0.01084	0.00911	0.00983	0.01030	0.01150	0.07045	0.00730	0.01296	0.01678	0.02218	0.29623	0.40817	0.05156	0.01793	0.00858	0.00254	0.00461	0.01595	0.00683	0.00637
9	0.02040	0.02311	0.34379	0.01552	0.02297	0.01272	0.01725	0.02563	0.01729	0.29157	0.02687	0.02593	0.10694	0.00910	0.00715	0.00226	0.00783	0.00734	0.00577	0.01053
10	0.01575	0.00903	0.00929	0.00839	0.01078	0.00941	0.00652	0.13618	0.01827	0.02984	0.02213	0.02485	0.01715	0.00834	0.00536	0.00175	0.00413	0.00660	0.64863	0.00762
11	0.01033	0.00699	0.00822	0.00822	0.00837	0.00715	0.00488	0.01064	0.01049	0.01414	0.02202	0.04432	0.02490	0.66458	0.12006	0.00746	0.00839	0.01002	0.00425	0.00456
12	0.00888	0.00642	0.00847	0.00980	0.01038	0.00613	0.00664	0.01020	0.01342	0.01788	0.03846	0.60924	0.07996	0.05996	0.07440	0.00383	0.00558	0.01834	0.00625	0.00578
13	0.01008	0.00728	0.00952	0.00896	0.01064	0.00672	0.00672	0.01344	0.02016	0.02855	0.70158	0.05319	0.06719	0.01456	0.00840	0.00224	0.00336	0.01288	0.00784	0.00672
14	0.01705	0.01432	0.01523	0.01392	0.01765	0.01643	0.01090	0.03508	0.60819	0.02905	0.02917	0.02994	0.02273	0.01021	0.00727	0.00242	0.00555	0.04875	0.05546	0.01069
15	0.01762	0.01692	0.02890	0.04371	0.70533	0.01692	0.02185	0.02185	0.01621	0.02326	0.01339	0.01762	0.01128	0.00634	0.00705	0.00211	0.00846	0.00634	0.00352	0.01128
16	0.01558	0.01558	0.02181	0.01869	0.01869	0.02181	0.01558	0.01714	0.01091	0.01714	0.00935	0.01558	0.00935	0.01246	0.02337	0.00312	0.73672	0.00623	0.00312	0.00779

[dist]
# distance from previous block
# <min> <max>
1	2

[block]
# block no. 1 follows, 29 sequences, length 43
# corresponding to MSA columns:
# 30-72
name=unknown_B
#
# <colnr> <probs for GDERKNQSTAVLIFYWHMCP>
#	G	D	E	R	K	N	Q	S	T	A	V	L	I	F	Y	W	H	M	C	P
0	0.01237	0.00618	0.00928	0.00928	0.00928	0.00618	0.00618	0.00928	0.00928	0.01237	0.01237	0.02165	0.01237	0.02474	0.02783	0.79283	0.00618	0.00618	0.00309	0.00309
1	0.01720	0.01649	0.02814	0.11366	0.63870	0.01681	0.02164	0.02148	0.01601	0.02275	0.01332	0.01776	0.01110	0.00642	0.00706	0.00214	0.00856	0.00634	0.00349	0.01094
2	0.80005	0.01377	0.01047	0.00936	0.01377	0.01597	0.00771	0.02093	0.01212	0.03195	0.00991	0.01157	0.00771	0.00661	0.00441	0.00220	0.00551	0.00386	0.00441	0.00771
3	0.01714	0.01643	0.02804	0.12291	0.62988	0.01679	0.02161	0.02143	0.01599	0.02268	0.01331	0.01778	0.01107	0.00643	0.00706	0.00214	0.00858	0.00634	0.00348	0.01089
4	0.01017	0.00763	0.01144	0.01144	0.01272	0.00890	0.00890	0.01272	0.01144	0.01653	0.01907	0.02797	0.01780	0.05340	0.72153	0.01144	0.01907	0.00763	0.00381	0.00636
5	0.01726	0.01654	0.02824	0.10411	0.64779	0.01682	0.02167	0.02153	0.01604	0.02282	0.01333	0.01774	0.01112	0.00641	0.00706	0.00214	0.00855	0.00634	0.00349	0.01098
6	0.01345	0.01266	0.02136	0.73264	0.04904	0.01582	0.01978	0.01819	0.01424	0.01819	0.01266	0.01898	0.00949	0.00712	0.00712	0.00237	0.00949	0.00633	0.00316	0.00791
7	0.00857	0.00722	0.00743	0.00738	0.00971	0.00608	0.00553	0.01052	0.01660	0.02012	0.13170	0.06708	0.64232	0.01770	0.00841	0.00239	0.00358	0.01482	0.00673	0.00608
8	0.00980	0.00667	0.00793	0.00847	0.00861	0.00654	0.00507	0.01021	0.01143	0.01524	0.02796	0.27626	0.03286	0.51058	0.02731	0.00558	0.00599	0.01361	0.00507	0.00480
9	0.02748	0.01928	0.02096	0.01607	0.02175	0.02110	0.01327	0.62674	0.03237	0.10129	0.01803	0.01770	0.01258	0.00857	0.00713	0.00214	0.00768	0.00647	0.00727	0.01211
10	0.00886	0.00715	0.00774	0.00772	0.00973	0.00619	0.00565	0.01081	0.01646	0.02059	0.18529	0.10154	0.50549	0.06278	0.01017	0.00268	0.00379	0.01462	0.00670	0.00603
11	0.80005	0.01377	0.01047	0.00936	0.01377	0.01597	0.00771	0.02093	0.01212	0.03195	0.00991	0.01157	0.00771	0.00661	0.00441	0.00220	0.00551	0.00386	0.00441	0.00771
12	0.02277	0.01906	0.01887	0.01569	0.02045	0.08138	0.01252	0.33125	0.33233	0.03560	0.02197	0.02103	0.01623	0.00895	0.00712	0.00224	0.00727	0.00700	0.00688	0.01139
13	0.01473	0.01185	0.01491	0.01476	0.04516	0.05496	0.03306	0.01892	0.06917	0.06725	0.15153	0.11320	0.03417	0.01432	0.01028	0.00266	0.09981	0.18293	0.03852	0.00781
14	0.80005	0.01377	0.01047	0.00936	0.01377	0.01597	0.00771	0.02093	0.01212	0.03195	0.00991	0.01157	0.00771	0.00661	0.00441	0.00220	0.00551	0.00386	0.00441	0.00771
15	0.00850	0.00722	0.00732	0.00730	0.00967	0.00605	0.00547	0.01037	0.01642	0.01968	0.10237	0.06779	0.67192	0.01787	0.00841	0.00240	0.00359	0.01492	0.00667	0.00605
16	0.02202	0.01675	0.01802	0.01505	0.01977	0.01879	0.01203	0.26832	0.41139	0.08068	0.02466	0.02302	0.01801	0.00921	0.00720	0.00230	0.00645	0.00740	0.00731	0.01163
17	0.01771	0.01530	0.01610	0.01449	0.01852	0.01771	0.01127	0.03784	0.69247	0.02979	0.02898	0.02657	0.02174	0.00966	0.00725	0.00242	0.00564	0.00805	0.00725	0.01127
18	0.01017	0.00763	0.01144	0.01144	0.01272	0.00890	0.00890	0.01272	0.01144	0.01653	0.01907	0.02797	0.01780	0.05340	0.72153	0.01144	0.01907	0.00763	0.00381	0.00636
19	0.02572	0.11802	0.02218	0.01763	0.02158	0.64025	0.01357	0.02760	0.01951	0.01735	0.01088	0.01268	0.00917	0.00719	0.00620	0.00180	0.01223	0.00450	0.00360	0.00836
20	0.01477	0.01266	0.01477	0.01055	0.01687	0.00949	0.00844	0.01793	0.01477	0.02320	0.01266	0.01477	0.01055	0.00527	0.00527	0.00105	0.00527	0.00422	0.00422	0.79328
21	0.06306	0.41780	0.05693	0.01375	0.01918	0.11560	0.01260	0.10936	0.05461	0.02238	0.01352	0.04745	0.01190	0.00758	0.00559	0.00182	0.00807	0.00531	0.00413	0.00935
22	0.01925	0.01808	0.02203	0.13624	0.23620	0.09607	0.01644	0.11404	0.21574	0.02659	0.01805	0.01984	0.01392	0.00783	0.00706	0.00221	0.00820	0.00665	0.00505	0.01052
23	0.00905	0.00641	0.00809	0.00928	0.00970	0.00605	0.00602	0.01003	0.01302	0.01723	0.03710	0.55022	0.07609	0.18865	0.01527	0.00379	0.00474	0.01771	0.00608	0.00546
24	0.01730	0.32571	0.39634	0.01654	0.02496	0.02087	0.01961	0.02280	0.01513	0.06265	0.01256	0.01414	0.00960	0.00662	0.00590	0.00196	0.00907	0.00479	0.00338	0.01006
25	0.00963	0.00693	0.00911	0.00927	0.01054	0.00642	0.00668	0.01230	0.01806	0.02521	0.48823	0.27606	0.06072	0.01705	0.00862	0.00245	0.00361	0.01525	0.00744	0.00642
26	0.01771	0.01530	0.01610	0.01449	0.01852	0.01771	0.01127	0.03784	0.69247	0.02979	0.02898	0.02657	0.02174	0.00966	0.00725	0.00242	0.00564	0.00805	0.00725	0.01127
27	0.02660	0.03394	0.02018	0.01834	0.02201	0.72116	0.01376	0.02843	0.02018	0.01743	0.01101	0.01284	0.00917	0.00734	0.00642	0.00183	0.01284	0.00459	0.00367	0.00825
28	0.01534	0.01464	0.02475	0.41190	0.28358	0.01642	0.05073	0.02081	0.05240	0.02088	0.01390	0.01892	0.01087	0.00693	0.00716	0.00228	0.00902	0.00653	0.00354	0.00939
29	0.01237	0.00618	0.00928	0.00928	0.00928	0.00618	0.00618	0.00928	0.00928	0.01237	0.01237	0.02165	0.01237	0.02474	0.02783	0.79283	0.00618	0.00618	0.00309	0.00309
30	0.01668	0.01790	0.15805	0.01440	0.01976	0.01382	0.04049	0.13389	0.11466	0.04947	0.08470	0.06968	0.02123	0.04366	0.00832	0.00231	0.00684	0.00789	0.05397	0.12228
31	0.01017	0.00763	0.01144	0.01144	0.01272	0.00890	0.00890	0.01272	0.01144	0.01653	0.01907	0.02797	0.01780	0.05340	0.72153	0.01144	0.01907	0.00763	0.00381	0.00636
32	0.08670	0.01919	0.02062	0.01620	0.02149	0.08658	0.05694	0.39861	0.04525	0.12952	0.01820	0.03734	0.01336	0.00855	0.00699	0.00217	0.00801	0.00669	0.00656	0.01103
33	0.01861	0.68992	0.09771	0.01291	0.01940	0.02713	0.01345	0.02143	0.01452	0.01727	0.01016	0.01175	0.00913	0.00615	0.00477	0.00159	0.00788	0.00394	0.00304	0.00926
34	0.00970	0.00713	0.00825	0.00804	0.00935	0.00658	0.00551	0.01144	0.01562	0.02075	0.28466	0.05530	0.23510	0.27136	0.01809	0.00391	0.00466	0.01262	0.00626	0.00568
35	0.01048	0.00752	0.00855	0.00813	0.01039	0.00655	0.00609	0.01276	0.01748	0.06462	0.26758	0.05997	0.42897	0.04778	0.00953	0.00253	0.00382	0.01366	0.00704	0.00654
36	0.05088	0.01827	0.01945	0.01537	0.02068	0.03999	0.01255	0.44494	0.13351	0.13987	0.02018	0.01933	0.01421	0.00866	0.00704	0.00218	0.00730	0.00664	0.00721	0.01173
37	0.01417	0.00814	0.01031	0.00950	0.01197	0.00722	0.00721	0.01673	0.01834	0.17071	0.31556	0.15407	0.19769	0.01528	0.00824	0.00237	0.00411	0.01325	0.00758	0.00757
38	0.02136	0.01483	0.02421	0.02214	0.13204	0.03479	0.18911	0.02615	0.06330	0.25749	0.02318	0.11962	0.01883	0.00952	0.00772	0.00234	0.00793	0.00912	0.00603	0.01028
39	0.01637	0.01307	0.01551	0.05557	0.01903	0.01098	0.00954	0.08127	0.01670	0.04843	0.01405	0.01607	0.01120	0.00595	0.00561	0.00130	0.00572	0.00476	0.03830	0.61055
40	0.05524	0.01757	0.01726	0.01460	0.01883	0.12578	0.03044	0.18435	0.18565	0.11464	0.05627	0.07063	0.05702	0.01019	0.00722	0.00224	0.00721	0.00822	0.00658	0.01005
41	0.06240	0.06602	0.02418	0.10765	0.32917	0.21334	0.01728	0.02264	0.01665	0.02091	0.01344	0.04954	0.01183	0.00745	0.00668	0.00207	0.00938	0.00620	0.00369	0.00948
42	0.06679	0.01730	0.02184	0.09420	0.19035	0.08502	0.04373	0.08299	0.09389	0.07229	0.01558	0.01797	0.01211	0.00775	0.00832	0.00217	0.07706	0.00617	0.00469	0.07978

[dist]
# distance from previous block
# <min> <max>
1	6

[block]
# block no. 2 follows, 29 sequences, length 10
# corresponding to MSA columns:
# 79-88
name=unknown_C
#
# <colnr> <probs for GDERKNQSTAVLIFYWHMCP>
#	G	D	E	R	K	N	Q	S	T	A	V	L	I	F	Y	W	H	M	C	P
0	0.02060	0.02362	0.01934	0.01733	0.01967	0.35835	0.01355	0.02443	0.09026	0.01860	0.01329	0.01672	0.01148	0.01382	0.08412	0.00326	0.23361	0.00578	0.00391	0.00825
1	0.01524	0.13235	0.48256	0.08475	0.10473	0.01814	0.02328	0.02192	0.01501	0.02144	0.01243	0.01516	0.00933	0.00666	0.00652	0.00215	0.00980	0.00527	0.00308	0.01018
2	0.01036	0.00690	0.00777	0.00777	0.00777	0.00690	0.00431	0.01036	0.01036	0.01381	0.02244	0.04660	0.02589	0.74975	0.03624	0.00690	0.00690	0.01036	0.00431	0.00431
3	0.01605	0.01329	0.01622	0.04465	0.01869	0.01430	0.05438	0.13758	0.26129	0.02937	0.16129	0.06278	0.11629	0.01164	0.00774	0.00235	0.00584	0.01003	0.00682	0.00939
4	0.00889	0.00679	0.00770	0.00830	0.00951	0.00611	0.00563	0.01014	0.01413	0.01778	0.05042	0.30813	0.33204	0.16462	0.01417	0.00347	0.00445	0.01598	0.00616	0.00559
5	0.02055	0.01587	0.01625	0.01410	0.01822	0.07229	0.01106	0.09095	0.40836	0.13096	0.09853	0.02714	0.02414	0.00978	0.00728	0.00229	0.00623	0.00801	0.00724	0.01074
6	0.01255	0.00793	0.01021	0.01053	0.01234	0.00744	0.00827	0.01484	0.01605	0.09598	0.11221	0.15324	0.14776	0.11411	0.01253	0.00333	0.00540	0.24191	0.00666	0.00670
7	0.01552	0.01477	0.02510	0.39105	0.37444	0.01636	0.02081	0.02001	0.01522	0.02071	0.01302	0.01831	0.01038	0.00674	0.00708	0.00225	0.00898	0.00634	0.00334	0.00958
8	0.01762	0.01692	0.02890	0.04371	0.70533	0.01692	0.02185	0.02185	0.01621	0.02326	0.01339	0.01762	0.01128	0.00634	0.00705	0.00211	0.00846	0.00634	0.00352	0.01128
9	0.01689	0.43041	0.34214	0.01584	0.02394	0.02292	0.01856	0.02188	0.01472	0.01937	0.01120	0.01305	0.00908	0.00640	0.00556	0.00185	0.00893	0.00446	0.00303	0.00976

[dist]
# distance from previous block
# <min> <max>
0	2

[block]
# block no. 3 follows, 29 sequences, length 28
# corresponding to MSA columns:
# 100-127
name=unknown_D
#
# <colnr> <probs for GDERKNQSTAVLIFYWHMCP>
#	G	D	E	R	K	N	Q	S	T	A	V	L	I	F	Y	W	H	M	C	P
0	0.06587	0.01463	0.02378	0.27710	0.39259	0.01586	0.01922	0.02021	0.01519	0.02227	0.01351	0.01824	0.01085	0.00675	0.00678	0.00218	0.00832	0.00620	0.05084	0.00961
1	0.01741	0.01670	0.02852	0.07909	0.67163	0.01686	0.02175	0.02167	0.01611	0.02300	0.01336	0.01769	0.01119	0.00638	0.00705	0.00213	0.00851	0.00634	0.00351	0.01111
2	0.01295	0.01092	0.01120	0.01048	0.01291	0.05976	0.00790	0.08565	0.06774	0.02554	0.26466	0.15014	0.22245	0.01513	0.00815	0.00235	0.00485	0.01292	0.00691	0.00740
3	0.01756	0.53081	0.24757	0.01471	0.02218	0.02455	0.01658	0.02170	0.01464	0.01856	0.01080	0.01255	0.00910	0.00630	0.00525	0.00175	0.00852	0.00426	0.00303	0.00957
4	0.02266	0.01972	0.01901	0.01594	0.02045	0.11429	0.01269	0.29923	0.30782	0.03384	0.02099	0.02045	0.01566	0.00899	0.00767	0.00225	0.03385	0.00685	0.00657	0.01108
5	0.01031	0.00771	0.00990	0.01098	0.01274	0.00731	0.00914	0.01300	0.01627	0.02074	0.07400	0.12967	0.23408	0.01921	0.00931	0.00295	0.00538	0.39433	0.00663	0.00634
6	0.01527	0.01423	0.02303	0.21652	0.38631	0.01507	0.01827	0.02035	0.05680	0.02247	0.07408	0.02505	0.06551	0.00825	0.00729	0.00223	0.00780	0.00759	0.00423	0.00965
7	0.00992	0.00672	0.00789	0.00832	0.00843	0.00661	0.00491	0.01024	0.01120	0.01494	0.02679	0.22732	0.03137	0.56154	0.02922	0.00587	0.00619	0.01291	0.00491	0.00469
8	0.02707	0.01995	0.02137	0.01638	0.02208	0.02208	0.01353	0.68159	0.03348	0.04488	0.01710	0.01710	0.01211	0.00855	0.00712	0.00214	0.00784	0.00641	0.00712	0.01211
9	0.02430	0.01818	0.01939	0.01540	0.02051	0.02025	0.01255	0.50814	0.16886	0.04065	0.01993	0.01963	0.01447	0.00876	0.00702	0.00217	0.00711	0.00676	0.05432	0.01161
10	0.01480	0.11498	0.63925	0.01941	0.02945	0.01781	0.02477	0.02242	0.01497	0.02192	0.01246	0.01464	0.00903	0.00669	0.00653	0.00218	0.01021	0.00510	0.00301	0.01037
11	0.01386	0.01320	0.01586	0.01454	0.01530	0.08104	0.01140	0.01553	0.01210	0.01668	0.01632	0.08165	0.01680	0.11004	0.22903	0.00588	0.31203	0.00810	0.00380	0.00685
12	0.01380	0.01302	0.02199	0.67459	0.10434	0.01591	0.01995	0.01850	0.01440	0.01862	0.01272	0.01887	0.00964	0.00705	0.00711	0.00235	0.00941	0.00633	0.00319	0.00819
13	0.02353	0.01966	0.01715	0.01445	0.01863	0.22611	0.01135	0.13853	0.08334	0.15626	0.06212	0.02093	0.01700	0.00858	0.00717	0.00200	0.02905	0.00643	0.07205	0.06565
14	0.01630	0.36528	0.15581	0.01569	0.02098	0.02187	0.05636	0.01967	0.01400	0.01842	0.01377	0.09228	0.01334	0.00908	0.00903	0.00214	0.13713	0.00656	0.00347	0.00882
15	0.00868	0.00665	0.00797	0.00886	0.01009	0.00593	0.00618	0.01027	0.01504	0.01930	0.09789	0.44855	0.28861	0.02020	0.00879	0.00267	0.00388	0.01781	0.00670	0.00593
16	0.00864	0.00633	0.00812	0.00955	0.01023	0.00581	0.00645	0.00996	0.01398	0.01832	0.04370	0.65341	0.13591	0.02173	0.00900	0.00283	0.00406	0.01954	0.00661	0.00581
17	0.01865	0.01543	0.01627	0.01432	0.01844	0.01769	0.01123	0.11687	0.57566	0.03150	0.02721	0.02539	0.02036	0.00945	0.00711	0.00234	0.00579	0.00777	0.04739	0.01114
18	0.01923	0.02536	0.33518	0.01807	0.02558	0.01659	0.06097	0.16125	0.07423	0.11105	0.01740	0.01871	0.01248	0.01091	0.05826	0.00291	0.00973	0.00633	0.00501	0.01075
19	0.02431	0.01037	0.01370	0.01131	0.01550	0.00900	0.00902	0.02675	0.01885	0.48314	0.06667	0.12685	0.12838	0.01225	0.00766	0.00233	0.00531	0.01034	0.00814	0.01011
20	0.01045	0.00749	0.00950	0.01032	0.01118	0.00745	0.00709	0.06456	0.01473	0.01975	0.03420	0.55956	0.03988	0.10172	0.06292	0.00388	0.00580	0.01715	0.00620	0.00618
21	0.01638	0.01545	0.02615	0.16405	0.53240	0.01602	0.02064	0.02063	0.01588	0.02220	0.01523	0.02294	0.01337	0.00756	0.00729	0.00226	0.00849	0.05907	0.00371	0.01030
22	0.01025	0.00732	0.00990	0.00990	0.01064	0.00806	0.00698	0.01173	0.01099	0.01539	0.02048	0.03579	0.02119	0.34550	0.43407	0.00954	0.01397	0.00877	0.00402	0.00550
23	0.01414	0.01254	0.02020	0.34577	0.08142	0.01466	0.05583	0.07079	0.01516	0.02047	0.01499	0.02133	0.01239	0.02109	0.22091	0.00507	0.03457	0.00685	0.00373	0.00813
24	0.01867	0.02110	0.07252	0.07608	0.21552	0.16398	0.01751	0.05162	0.01612	0.02101	0.01186	0.01581	0.01004	0.00828	0.01108	0.00228	0.20054	0.00575	0.00359	0.05664
25	0.01558	0.09528	0.19958	0.02080	0.07377	0.06085	0.17386	0.04368	0.01604	0.02144	0.01833	0.15621	0.01744	0.01175	0.04094	0.00273	0.00966	0.00892	0.00411	0.00903
26	0.01034	0.00692	0.00785	0.00782	0.00790	0.00689	0.00443	0.01050	0.01082	0.01450	0.05432	0.04691	0.02783	0.71524	0.03494	0.00668	0.00674	0.01047	0.00448	0.00443
27	0.02584	0.01359	0.06525	0.01273	0.01820	0.01065	0.01101	0.04860	0.01910	0.47747	0.04228	0.08121	0.01953	0.00943	0.00707	0.00211	0.00610	0.00782	0.00754	0.11446

[dist]
# distance from previous block
# <min> <max>
3	5

[block]
# block no. 4 follows, 29 sequences, length 34
# corresponding to MSA columns:
# 138-171
name=unknown_E
#
# <colnr> <probs for GDERKNQSTAVLIFYWHMCP>
#	G	D	E	R	K	N	Q	S	T	A	V	L	I	F	Y	W	H	M	C	P
0	0.01738	0.12950	0.34528	0.01987	0.02703	0.13289	0.10081	0.02273	0.01552	0.02032	0.01189	0.01476	0.00932	0.00735	0.00857	0.00221	0.09639	0.00545	0.00320	0.00953
1	0.07612	0.01095	0.01169	0.01038	0.01372	0.01107	0.00812	0.09281	0.13611	0.08246	0.14807	0.04511	0.29901	0.01335	0.00765	0.00232	0.00474	0.01102	0.00698	0.00834
2	0.01151	0.01008	0.01698	0.01490	0.01705	0.00993	0.16332	0.01460	0.04230	0.01917	0.02918	0.38625	0.03247	0.11554	0.03727	0.00360	0.02866	0.03495	0.00543	0.00681
3	0.01419	0.01298	0.02107	0.56784	0.11990	0.01555	0.01865	0.01977	0.05754	0.01997	0.01437	0.01973	0.01096	0.00726	0.00700	0.00231	0.00879	0.00646	0.04724	0.00844
4	0.01043	0.00731	0.00982	0.00982	0.01066	0.00804	0.00701	0.01211	0.01127	0.01619	0.02054	0.03457	0.02073	0.30048	0.43010	0.00919	0.01371	0.00854	0.05384	0.00564
5	0.01965	0.05323	0.13923	0.01992	0.02576	0.15240	0.16292	0.12912	0.01885	0.02443	0.01296	0.01577	0.01015	0.00749	0.00885	0.00214	0.09657	0.00596	0.00407	0.09051
6	0.07277	0.01178	0.01556	0.01215	0.01726	0.01044	0.00998	0.03203	0.01990	0.61151	0.08733	0.02612	0.02151	0.00920	0.00712	0.00221	0.00579	0.00749	0.00848	0.01139
7	0.01152	0.00938	0.01420	0.07087	0.07749	0.01093	0.01097	0.01407	0.01194	0.01705	0.01766	0.02720	0.01671	0.10908	0.48415	0.00884	0.06981	0.00757	0.00373	0.00683
8	0.01762	0.01692	0.02890	0.04371	0.70533	0.01692	0.02185	0.02185	0.01621	0.02326	0.01339	0.01762	0.01128	0.00634	0.00705	0.00211	0.00846	0.00634	0.00352	0.01128
9	0.01307	0.01204	0.01694	0.01542	0.01578	0.01591	0.01239	0.01478	0.01155	0.01721	0.01724	0.15920	0.01848	0.02327	0.17240	0.00488	0.43918	0.00924	0.00394	0.00709
10	0.01558	0.01558	0.02181	0.01869	0.01869	0.02181	0.01558	0.01714	0.01091	0.01714	0.00935	0.01558	0.00935	0.01246	0.02337	0.00312	0.73672	0.00623	0.00312	0.00779
11	0.01237	0.00618	0.00928	0.00928	0.00928	0.00618	0.00618	0.00928	0.00928	0.01237	0.01237	0.02165	0.01237	0.02474	0.02783	0.79283	0.00618	0.00618	0.00309	0.00309
12	0.02707	0.01995	0.02137	0.01638	0.02208	0.02208	0.01353	0.68159	0.03348	0.04488	0.01710	0.01710	0.01211	0.00855	0.00712	0.00214	0.00784	0.00641	0.00712	0.01211
13	0.47812	0.27872	0.05914	0.01098	0.01632	0.02035	0.01034	0.02116	0.01312	0.02601	0.01007	0.01171	0.00829	0.00643	0.00460	0.00196	0.00654	0.00392	0.00384	0.00838
14	0.01481	0.01249	0.01351	0.01250	0.01581	0.01377	0.00974	0.02871	0.45210	0.02738	0.12472	0.04025	0.13893	0.01229	0.00775	0.00245	0.00507	0.05102	0.00718	0.00952
15	0.01599	0.01391	0.02068	0.44640	0.09050	0.01644	0.01734	0.12670	0.06642	0.02360	0.01519	0.01993	0.01169	0.01161	0.07103	0.00313	0.00972	0.00658	0.00419	0.00896
16	0.00868	0.00620	0.00826	0.00991	0.01033	0.00578	0.00661	0.00991	0.01363	0.01818	0.03925	0.74510	0.04710	0.02231	0.00909	0.00289	0.00413	0.02024	0.00661	0.00578
17	0.01477	0.01266	0.01477	0.01055	0.01687	0.00949	0.00844	0.01793	0.01477	0.02320	0.01266	0.01477	0.01055	0.00527	0.00527	0.00105	0.00527	0.00422	0.00422	0.79328
18	0.01412	0.00945	0.01134	0.01023	0.01298	0.00923	0.00788	0.02042	0.15020	0.11548	0.38321	0.04672	0.15343	0.01342	0.00802	0.00230	0.00419	0.01154	0.00765	0.00819
19	0.01092	0.00801	0.01016	0.00996	0.01170	0.00772	0.00755	0.04176	0.04355	0.02664	0.46007	0.16725	0.07594	0.01597	0.00855	0.00245	0.00406	0.07338	0.00743	0.00692
20	0.00868	0.00620	0.00826	0.00991	0.01033	0.00578	0.00661	0.00991	0.01363	0.01818	0.03925	0.74510	0.04710	0.02231	0.00909	0.00289	0.00413	0.02024	0.00661	0.00578
21	0.01603	0.09915	0.60042	0.01900	0.02875	0.01712	0.02386	0.02335	0.01538	0.07340	0.01366	0.01540	0.00967	0.00686	0.00660	0.00219	0.00993	0.00527	0.00344	0.01052
22	0.00979	0.00727	0.00913	0.00866	0.01046	0.00660	0.00650	0.01289	0.01949	0.02697	0.59423	0.05581	0.17553	0.01515	0.00840	0.00227	0.00340	0.01324	0.00763	0.00660
23	0.17504	0.01499	0.01497	0.01346	0.01756	0.01736	0.01056	0.03444	0.55565	0.03022	0.02515	0.02355	0.01892	0.00905	0.00667	0.00237	0.00561	0.00721	0.00667	0.01056
24	0.01599	0.01238	0.01479	0.01095	0.01675	0.00987	0.00878	0.03776	0.01542	0.07454	0.01451	0.01672	0.01177	0.00994	0.06954	0.00210	0.00664	0.00481	0.00461	0.64212
25	0.03999	0.00936	0.01119	0.01036	0.01249	0.01033	0.00812	0.04495	0.07571	0.06273	0.07202	0.02723	0.02091	0.02104	0.19597	0.00451	0.05463	0.00740	0.30345	0.00762
26	0.02745	0.01934	0.02099	0.01610	0.02178	0.02118	0.01330	0.63148	0.03246	0.09642	0.01795	0.01765	0.01254	0.00857	0.00713	0.00214	0.00770	0.00647	0.00725	0.01211
27	0.00866	0.00627	0.00818	0.00971	0.01027	0.00580	0.00652	0.00994	0.01383	0.01826	0.04170	0.69457	0.09604	0.02199	0.00904	0.00286	0.00409	0.01985	0.00661	0.00580
28	0.01970	0.56260	0.11022	0.01386	0.02025	0.07030	0.01398	0.08098	0.01659	0.01996	0.01093	0.01242	0.00939	0.00647	0.00516	0.00168	0.00829	0.00425	0.00345	0.00950
29	0.01681	0.01921	0.04202	0.03001	0.03721	0.01801	0.67947	0.02281	0.01681	0.02281	0.01441	0.01921	0.01080	0.00600	0.00840	0.00240	0.01200	0.00840	0.00360	0.00960
30	0.00868	0.00620	0.00826	0.00991	0.01033	0.00578	0.00661	0.00991	0.01363	0.01818	0.03925	0.74510	0.04710	0.02231	0.00909	0.00289	0.00413	0.02024	0.00661	0.00578
31	0.01904	0.75404	0.03731	0.01218	0.01828	0.02818	0.01218	0.02132	0.01447	0.01675	0.00990	0.01142	0.00914	0.00609	0.00457	0.00152	0.00761	0.00381	0.00305	0.00914
32	0.01457	0.01194	0.01383	0.01057	0.01597	0.00959	0.00833	0.01875	0.06562	0.04473	0.02137	0.06710	0.07582	0.00794	0.00600	0.00143	0.00510	0.00658	0.00496	0.58979
33	0.02475	0.01448	0.01687	0.01393	0.01877	0.01515	0.01118	0.10839	0.33578	0.31813	0.02728	0.02453	0.01893	0.00918	0.00720	0.00229	0.00606	0.00749	0.00789	0.01172

[dist]
# distance from previous block
# <min> <max>
0	1

[block]
# block no. 5 follows, 29 sequences, length 15
# corresponding to MSA columns:
# 173-187
name=unknown_F
#
# <colnr> <probs for GDERKNQSTAVLIFYWHMCP>
#	G	D	E	R	K	N	Q	S	T	A	V	L	I	F	Y	W	H	M	C	P
0	0.12081	0.02543	0.01986	0.01848	0.05575	0.39083	0.01381	0.06901	0.01777	0.02135	0.01103	0.01384	0.00934	0.00843	0.01007	0.00220	0.17453	0.00508	0.00386	0.00850
1	0.01590	0.06785	0.07430	0.01708	0.06583	0.01673	0.01390	0.06210	0.20212	0.02428	0.04669	0.06154	0.02234	0.01192	0.01062	0.00260	0.14431	0.12524	0.00544	0.00921
2	0.01049	0.00846	0.01157	0.01062	0.01277	0.00795	0.05401	0.01449	0.06293	0.02461	0.37027	0.16831	0.18487	0.01563	0.00844	0.00241	0.00430	0.01391	0.00705	0.00693
3	0.00888	0.00632	0.00832	0.00971	0.01018	0.00592	0.00647	0.01019	0.01387	0.01861	0.08388	0.65235	0.04712	0.06864	0.01079	0.00311	0.00426	0.01910	0.00655	0.00575
4	0.03087	0.01263	0.01669	0.01293	0.01835	0.01138	0.01064	0.06083	0.06242	0.64156	0.02771	0.02409	0.01766	0.00885	0.00716	0.00221	0.00610	0.00719	0.00865	0.01207
5	0.02472	0.01844	0.01975	0.01554	0.02063	0.02047	0.01260	0.55358	0.11461	0.04080	0.01896	0.02036	0.01429	0.06077	0.00918	0.00251	0.00749	0.00689	0.00694	0.01146
6	0.01017	0.00763	0.01144	0.01144	0.01272	0.00890	0.00890	0.01272	0.01144	0.01653	0.01907	0.02797	0.01780	0.05340	0.72153	0.01144	0.01907	0.00763	0.00381	0.00636
7	0.01638	0.01334	0.01240	0.01142	0.01435	0.14039	0.00899	0.01925	0.01594	0.06236	0.02120	0.03034	0.01869	0.01563	0.10524	0.00323	0.00822	0.10428	0.24811	0.13024
8	0.01020	0.00753	0.01094	0.01094	0.01203	0.00863	0.00827	0.01239	0.01129	0.01616	0.01954	0.03053	0.01891	0.14916	0.62730	0.01082	0.01740	0.00800	0.00388	0.00608
9	0.01760	0.01525	0.02525	0.03708	0.57158	0.01517	0.01909	0.02163	0.01628	0.05600	0.01605	0.02120	0.01342	0.00716	0.00693	0.00211	0.00772	0.03018	0.08967	0.01064
10	0.01904	0.75404	0.03731	0.01218	0.01828	0.02818	0.01218	0.02132	0.01447	0.01675	0.00990	0.01142	0.00914	0.00609	0.00457	0.00152	0.00761	0.00381	0.00305	0.00914
11	0.00918	0.00719	0.00765	0.00776	0.00941	0.00641	0.00549	0.01056	0.01453	0.01779	0.05537	0.06290	0.46157	0.23175	0.01663	0.00378	0.00476	0.05578	0.00594	0.00555
12	0.01571	0.19019	0.46089	0.02005	0.02909	0.01930	0.12539	0.02232	0.01519	0.02133	0.01241	0.01490	0.00932	0.00650	0.00654	0.00212	0.01012	0.00544	0.00311	0.01008
13	0.62871	0.01674	0.01237	0.01097	0.01534	0.12348	0.00883	0.02303	0.01392	0.07654	0.01134	0.01264	0.00862	0.00687	0.00490	0.00215	0.00667	0.00420	0.00460	0.00810
14	0.00861	0.00712	0.00759	0.00791	0.00999	0.00609	0.00590	0.01041	0.01586	0.01919	0.06559	0.16692	0.57336	0.01874	0.00859	0.00252	0.00384	0.04917	0.00661	0.00601

[dist]
# distance from previous block
# <min> <max>
0	1

[block]
# block no. 6 follows, 29 sequences, length 26
# corresponding to MSA columns:
# 189-195,199-217
name=unknown_G
#
# <colnr> <probs for GDERKNQSTAVLIFYWHMCP>
#	G	D	E	R	K	N	Q	S	T	A	V	L	I	F	Y	W	H	M	C	P
0	0.04035	0.00942	0.01162	0.01051	0.01338	0.00885	0.00803	0.06733	0.01819	0.22622	0.11826	0.24496	0.09394	0.01424	0.00772	0.00238	0.00479	0.01227	0.07917	0.00838
1	0.23927	0.20481	0.04719	0.01215	0.01729	0.01858	0.01075	0.02510	0.19643	0.02572	0.01627	0.01803	0.01319	0.00751	0.00556	0.00198	0.00628	0.02345	0.00480	0.10563
2	0.00978	0.00743	0.00910	0.00916	0.01108	0.00676	0.00718	0.01259	0.01809	0.02397	0.35811	0.06366	0.28019	0.01673	0.00868	0.00250	0.00406	0.13733	0.00717	0.00644
3	0.01955	0.01888	0.07842	0.13302	0.17626	0.01855	0.10953	0.22703	0.09381	0.02975	0.01619	0.01865	0.01215	0.00748	0.00727	0.00224	0.00877	0.00675	0.00495	0.01073
4	0.01887	0.69758	0.03767	0.01355	0.01973	0.02739	0.06345	0.02144	0.01465	0.01722	0.01025	0.01202	0.00927	0.00609	0.00486	0.00159	0.00795	0.00416	0.00309	0.00917
5	0.01291	0.01158	0.01212	0.01163	0.01337	0.11315	0.00893	0.01553	0.01503	0.02014	0.16687	0.03219	0.05256	0.03217	0.35878	0.00669	0.03604	0.00847	0.06509	0.00677
6	0.01848	0.06311	0.11805	0.01538	0.05347	0.09008	0.01319	0.07940	0.06797	0.05817	0.01473	0.01609	0.01145	0.00659	0.00605	0.00164	0.00741	0.00511	0.00458	0.34907
7	0.48684	0.09426	0.01848	0.01360	0.01834	0.15326	0.08143	0.02262	0.01442	0.02661	0.01061	0.01262	0.00847	0.00663	0.00524	0.00208	0.00783	0.00448	0.00404	0.00817
8	0.69345	0.01354	0.01131	0.00982	0.01438	0.01521	0.00809	0.02284	0.01326	0.12609	0.01244	0.01333	0.00909	0.00692	0.00479	0.00220	0.00558	0.00431	0.00502	0.00832
9	0.00981	0.00699	0.00761	0.00761	0.00829	0.00665	0.00463	0.01032	0.01202	0.01535	0.03653	0.05282	0.21778	0.54221	0.02835	0.00563	0.00597	0.01168	0.00497	0.00480
10	0.00997	0.00732	0.00937	0.00897	0.01073	0.00672	0.00681	0.01316	0.01955	0.02720	0.60146	0.05617	0.13407	0.01518	0.00847	0.00231	0.00354	0.04472	0.00764	0.00663
11	0.00931	0.00715	0.00861	0.00906	0.01076	0.00645	0.00686	0.01159	0.01665	0.02156	0.21184	0.21090	0.31378	0.01834	0.00876	0.00260	0.00409	0.10859	0.00690	0.00621
12	0.02202	0.01152	0.01450	0.01180	0.01576	0.01100	0.00947	0.14225	0.02264	0.30860	0.30471	0.03493	0.03714	0.01114	0.00767	0.00221	0.00526	0.00939	0.00811	0.00988
13	0.01180	0.00747	0.00947	0.00948	0.01097	0.00799	0.00743	0.01483	0.01453	0.02284	0.10640	0.03569	0.02628	0.02435	0.22786	0.00497	0.03164	0.07753	0.34186	0.00659
14	0.65880	0.01361	0.01225	0.01293	0.08755	0.01542	0.00898	0.02026	0.01243	0.02970	0.01120	0.01476	0.00941	0.06049	0.00700	0.00253	0.00593	0.00459	0.00431	0.00785
15	0.65882	0.01357	0.01124	0.00958	0.01433	0.01481	0.00784	0.02039	0.01259	0.03038	0.01041	0.01214	0.00822	0.00637	0.00456	0.00200	0.00547	0.00392	0.00437	0.14900
16	0.01106	0.00820	0.01017	0.00974	0.00989	0.00922	0.00644	0.01159	0.01057	0.01460	0.02020	0.04000	0.02260	0.56178	0.11865	0.00694	0.10978	0.00945	0.00409	0.00505
17	0.36993	0.01706	0.01689	0.01459	0.05147	0.01912	0.01135	0.35622	0.02316	0.03809	0.01373	0.01467	0.01012	0.00758	0.00591	0.00217	0.00683	0.00527	0.00574	0.01012
18	0.01345	0.01266	0.02136	0.73264	0.04904	0.01582	0.01978	0.01819	0.01424	0.01819	0.01266	0.01898	0.00949	0.00712	0.00712	0.00237	0.00949	0.00633	0.00316	0.00791
19	0.00965	0.00721	0.01013	0.01274	0.06125	0.00687	0.00828	0.01134	0.01414	0.01891	0.03719	0.61499	0.04379	0.02084	0.00903	0.00288	0.00473	0.09337	0.00638	0.00627
20	0.01558	0.01558	0.02181	0.01869	0.01869	0.02181	0.01558	0.01714	0.01091	0.01714	0.00935	0.01558	0.00935	0.01246	0.02337	0.00312	0.73672	0.00623	0.00312	0.00779
21	0.00927	0.00658	0.00876	0.01028	0.01087	0.00627	0.00725	0.01076	0.01384	0.01836	0.03770	0.58050	0.04445	0.07776	0.01130	0.00326	0.00475	0.12582	0.00642	0.00580
22	0.01036	0.00690	0.00777	0.00777	0.00777	0.00690	0.00431	0.01036	0.01036	0.01381	0.02244	0.04660	0.02589	0.74975	0.03624	0.00690	0.00690	0.01036	0.00431	0.00431
23	0.01817	0.01266	0.01845	0.09808	0.09900	0.01250	0.07315	0.10150	0.01919	0.16561	0.06055	0.03729	0.19376	0.01127	0.00778	0.00234	0.00677	0.04656	0.00616	0.00922
24	0.02301	0.01513	0.01533	0.01280	0.01674	0.09965	0.01013	0.20638	0.02247	0.20895	0.07783	0.07901	0.02147	0.00997	0.00692	0.00210	0.00652	0.00801	0.14783	0.00973
25	0.07391	0.01315	0.04112	0.01503	0.03516	0.01140	0.11894	0.04421	0.01670	0.14354	0.05901	0.16808	0.03955	0.01056	0.00723	0.00213	0.00649	0.00952	0.00572	0.17853

[dist]
# distance from previous block
# <min> <max>
0	1

[block]
# block no. 7 follows, 29 sequences, length 25
# corresponding to MSA columns:
# 219-243
name=unknown_H
#
# <colnr> <probs for GDERKNQSTAVLIFYWHMCP>
#	G	D	E	R	K	N	Q	S	T	A	V	L	I	F	Y	W	H	M	C	P
0	0.02090	0.14538	0.02347	0.01705	0.02021	0.29239	0.03174	0.07242	0.01700	0.01940	0.01156	0.01500	0.01015	0.01212	0.06617	0.00291	0.20461	0.00537	0.00369	0.00846
1	0.01562	0.01309	0.01717	0.06203	0.07012	0.03076	0.01273	0.06919	0.01548	0.05656	0.02519	0.05956	0.11401	0.04485	0.01448	0.00284	0.26319	0.06356	0.04155	0.00799
2	0.01677	0.12727	0.27205	0.01934	0.02548	0.02017	0.10000	0.07367	0.05050	0.02254	0.01289	0.01593	0.01024	0.00830	0.01088	0.00239	0.19232	0.00592	0.00365	0.00969
3	0.01443	0.14489	0.52128	0.01767	0.02648	0.01715	0.02179	0.02103	0.01510	0.02133	0.01820	0.02152	0.06698	0.00811	0.00668	0.00220	0.00934	0.03260	0.00345	0.00978
4	0.00875	0.00727	0.00767	0.00770	0.00999	0.00620	0.00586	0.01079	0.01665	0.02031	0.13591	0.06754	0.60220	0.01776	0.00849	0.00243	0.00373	0.04791	0.00674	0.00611
5	0.01418	0.01297	0.02066	0.08459	0.39372	0.01289	0.01580	0.01785	0.01684	0.02321	0.16037	0.03372	0.14342	0.01009	0.00756	0.00221	0.00668	0.00916	0.00489	0.00918
6	0.01744	0.01925	0.03264	0.11016	0.17982	0.10328	0.35151	0.02222	0.01678	0.02157	0.01609	0.02021	0.04078	0.00689	0.00772	0.00227	0.01069	0.00754	0.00368	0.00945
7	0.01886	0.01895	0.02540	0.09042	0.46356	0.13073	0.01929	0.05689	0.01762	0.02293	0.01467	0.02087	0.01271	0.00752	0.00713	0.00216	0.00910	0.04701	0.00390	0.01027
8	0.00955	0.00731	0.00894	0.00976	0.01144	0.00670	0.00765	0.01181	0.01602	0.02036	0.10214	0.21580	0.30832	0.01919	0.00900	0.00277	0.00462	0.21575	0.00669	0.00619
9	0.01289	0.01103	0.06607	0.01376	0.05839	0.00900	0.04238	0.01597	0.01695	0.08953	0.24780	0.24813	0.09453	0.01499	0.00858	0.00246	0.02005	0.01332	0.00653	0.00765
10	0.01593	0.08758	0.42851	0.02305	0.07339	0.04648	0.16054	0.02255	0.01553	0.02183	0.01276	0.01571	0.00956	0.00671	0.00741	0.00223	0.03106	0.00587	0.00320	0.01010
11	0.02062	0.01793	0.01913	0.07823	0.05682	0.15459	0.04810	0.18582	0.03819	0.07754	0.02085	0.05577	0.01876	0.05749	0.00943	0.00264	0.00863	0.11473	0.00557	0.00915
12	0.02960	0.01302	0.01656	0.01282	0.01805	0.01214	0.01055	0.14399	0.02218	0.54109	0.02582	0.02320	0.01673	0.00873	0.00698	0.00215	0.00614	0.00699	0.07161	0.01167
13	0.01719	0.01551	0.01937	0.01632	0.01996	0.10470	0.12842	0.12601	0.05978	0.04282	0.12585	0.10152	0.02828	0.01464	0.05348	0.00300	0.00855	0.10016	0.00587	0.00856
14	0.01868	0.01847	0.02457	0.02137	0.07747	0.14820	0.20913	0.08796	0.06137	0.04994	0.01968	0.11036	0.01774	0.01298	0.06191	0.00302	0.01020	0.03295	0.00489	0.00910
15	0.01809	0.01863	0.01534	0.01405	0.01627	0.26250	0.01058	0.04812	0.07109	0.01949	0.01689	0.02383	0.01539	0.13976	0.14291	0.00459	0.08223	0.00678	0.06597	0.00749
16	0.00878	0.00637	0.00833	0.00985	0.01047	0.00591	0.00674	0.01016	0.01396	0.01840	0.04176	0.66144	0.09836	0.02185	0.00907	0.00287	0.00420	0.04902	0.00661	0.00584
17	0.62270	0.01485	0.01276	0.01082	0.01551	0.01687	0.00892	0.14464	0.01646	0.06378	0.01204	0.01315	0.00896	0.00707	0.00503	0.00219	0.00597	0.00448	0.00510	0.00872
18	0.00849	0.00717	0.00735	0.00740	0.00969	0.00603	0.00551	0.01033	0.01626	0.01954	0.09427	0.09752	0.65002	0.01809	0.00844	0.00242	0.00362	0.01518	0.00666	0.00603
19	0.08087	0.17209	0.15160	0.01543	0.02093	0.11377	0.01479	0.14497	0.04835	0.02540	0.01711	0.02175	0.03637	0.00887	0.00733	0.00216	0.04600	0.05819	0.00458	0.00943
20	0.00948	0.00786	0.00839	0.00830	0.01060	0.00713	0.00620	0.01307	0.07674	0.02131	0.14783	0.11610	0.50732	0.01717	0.00836	0.00242	0.00380	0.01454	0.00683	0.00655
21	0.01660	0.01585	0.02667	0.09435	0.60168	0.01601	0.02044	0.02069	0.01606	0.02256	0.01779	0.02159	0.06358	0.00729	0.00716	0.00216	0.00817	0.00700	0.00373	0.01062
22	0.00983	0.00738	0.00918	0.00904	0.01089	0.00673	0.00698	0.01279	0.01870	0.02531	0.46088	0.06042	0.22334	0.01607	0.00858	0.00241	0.00382	0.09374	0.00737	0.00652
23	0.01173	0.00916	0.01274	0.01213	0.01411	0.00873	0.05852	0.08160	0.01628	0.02210	0.05860	0.53085	0.03864	0.01802	0.00851	0.00261	0.00517	0.01638	0.00630	0.06782
24	0.01963	0.01810	0.02450	0.04983	0.40195	0.07045	0.01766	0.14571	0.04567	0.02697	0.01440	0.01721	0.01155	0.00686	0.00682	0.00199	0.00822	0.00604	0.00442	0.10201

[dist]
# distance from previous block
# <min> <max>
0	2

[block]
# block no. 8 follows, 29 sequences, length 17
# corresponding to MSA columns:
# 246-262
name=unknown_I
#
# <colnr> <probs for GDERKNQSTAVLIFYWHMCP>
#	G	D	E	R	K	N	Q	S	T	A	V	L	I	F	Y	W	H	M	C	P
0	0.02111	0.04301	0.19114	0.02213	0.13284	0.04688	0.08141	0.13511	0.08744	0.14147	0.01777	0.01868	0.01278	0.00756	0.00707	0.00220	0.00868	0.00645	0.00525	0.01102
1	0.01838	0.01671	0.02706	0.01989	0.02617	0.01586	0.28258	0.12151	0.10100	0.05078	0.01655	0.01868	0.01249	0.00671	0.00713	0.00197	0.00846	0.00681	0.00493	0.23635
2	0.00918	0.00757	0.00807	0.00796	0.01015	0.00680	0.00591	0.01182	0.04468	0.01997	0.11691	0.06167	0.53729	0.06482	0.05274	0.00321	0.00480	0.01382	0.00643	0.00621
3	0.01793	0.01504	0.01811	0.07995	0.11287	0.01660	0.01304	0.11847	0.35629	0.02911	0.02372	0.02385	0.03503	0.00873	0.00697	0.00221	0.00643	0.00733	0.05296	0.05536
4	0.01045	0.00833	0.01192	0.04650	0.01488	0.00835	0.04960	0.01418	0.08351	0.01979	0.03531	0.56355	0.04018	0.01916	0.00879	0.00280	0.00513	0.04453	0.00632	0.00672
5	0.01749	0.33588	0.30694	0.01773	0.02553	0.07611	0.08631	0.02252	0.01538	0.01975	0.01160	0.01378	0.00926	0.00645	0.00598	0.00193	0.00963	0.00492	0.00314	0.00967
6	0.01703	0.27682	0.19669	0.02224	0.06129	0.02112	0.26478	0.02219	0.01556	0.02068	0.01242	0.01547	0.00983	0.00623	0.00663	0.00205	0.00997	0.00598	0.00327	0.00974
7	0.01034	0.00698	0.00816	0.00816	0.00830	0.00712	0.00481	0.01061	0.01047	0.01410	0.02208	0.04460	0.02502	0.67521	0.10960	0.00739	0.00821	0.01006	0.00426	0.00453
8	0.01586	0.05534	0.20703	0.01626	0.02149	0.01577	0.06807	0.14424	0.01898	0.02640	0.13875	0.06733	0.05482	0.02893	0.00987	0.00246	0.08569	0.00854	0.00511	0.00909
9	0.01961	0.09382	0.02068	0.18790	0.05645	0.07333	0.03589	0.02569	0.12801	0.16851	0.05918	0.06359	0.01875	0.00903	0.00704	0.00222	0.00758	0.00762	0.00556	0.00954
10	0.01692	0.02268	0.14686	0.02526	0.03187	0.08935	0.42257	0.02243	0.01670	0.02221	0.05457	0.01968	0.01363	0.00718	0.00886	0.00235	0.05621	0.00763	0.00373	0.00933
11	0.01388	0.01309	0.02213	0.66207	0.11626	0.01593	0.01999	0.01857	0.01444	0.01871	0.01273	0.01884	0.00968	0.00704	0.00711	0.00235	0.00939	0.00633	0.00320	0.00826
12	0.00994	0.00673	0.00789	0.00830	0.00840	0.00663	0.00488	0.01025	0.01117	0.01489	0.02661	0.21998	0.03115	0.56918	0.02950	0.00591	0.00622	0.01281	0.00488	0.00468
13	0.80005	0.01377	0.01047	0.00936	0.01377	0.01597	0.00771	0.02093	0.01212	0.03195	0.00991	0.01157	0.00771	0.00661	0.00441	0.00220	0.00551	0.00386	0.00441	0.00771
14	0.01796	0.01928	0.13382	0.07403	0.43920	0.01639	0.02049	0.02437	0.08550	0.07570	0.01597	0.01871	0.01237	0.00698	0.00704	0.00219	0.00837	0.00641	0.00421	0.01103
15	0.01026	0.00729	0.00972	0.00972	0.01040	0.00797	0.00675	0.01161	0.01093	0.01526	0.02065	0.03669	0.02159	0.37934	0.40077	0.00932	0.01338	0.00891	0.00405	0.00540
16	0.02567	0.01956	0.02297	0.04946	0.02446	0.02149	0.06536	0.60094	0.03133	0.04198	0.01669	0.01734	0.01189	0.00829	0.00722	0.00217	0.00823	0.00656	0.00667	0.01173

[dist]
# distance from previous block
# <min> <max>
0	5

[block]
# block no. 9 follows, 29 sequences, length 17
# corresponding to MSA columns:
# 268-284
name=unknown_J
#
# <colnr> <probs for GDERKNQSTAVLIFYWHMCP>
#	G	D	E	R	K	N	Q	S	T	A	V	L	I	F	Y	W	H	M	C	P
0	0.48033	0.14092	0.01707	0.01113	0.01599	0.01855	0.00952	0.13251	0.01671	0.05586	0.03670	0.01443	0.01120	0.00721	0.00514	0.00208	0.00620	0.00472	0.00491	0.00882
1	0.01904	0.75404	0.03731	0.01218	0.01828	0.02818	0.01218	0.02132	0.01447	0.01675	0.00990	0.01142	0.00914	0.00609	0.00457	0.00152	0.00761	0.00381	0.00305	0.00914
2	0.01485	0.05716	0.43733	0.02221	0.03088	0.01670	0.22110	0.02173	0.01545	0.02211	0.01494	0.06532	0.01213	0.00756	0.00733	0.00231	0.01043	0.00716	0.00343	0.00987
3	0.01360	0.01244	0.01703	0.01503	0.01527	0.01642	0.01196	0.01505	0.01156	0.01728	0.06696	0.02607	0.01805	0.17098	0.08342	0.00454	0.46596	0.00773	0.00380	0.00686
4	0.01303	0.01274	0.02163	0.01710	0.02126	0.01220	0.25485	0.01917	0.11758	0.02263	0.08226	0.11420	0.23521	0.01257	0.00831	0.00245	0.00704	0.01195	0.00568	0.00814
5	0.01771	0.01530	0.01610	0.01449	0.01852	0.01771	0.01127	0.03784	0.69247	0.02979	0.02898	0.02657	0.02174	0.00966	0.00725	0.00242	0.00564	0.00805	0.00725	0.01127
6	0.02707	0.01995	0.02137	0.01638	0.02208	0.02208	0.01353	0.68159	0.03348	0.04488	0.01710	0.01710	0.01211	0.00855	0.00712	0.00214	0.00784	0.00641	0.00712	0.01211
7	0.01033	0.00753	0.00947	0.00975	0.01119	0.00715	0.00725	0.03591	0.01715	0.02312	0.28118	0.24043	0.12870	0.07493	0.01091	0.00294	0.00447	0.10432	0.00689	0.00637
8	0.02256	0.01668	0.01784	0.01444	0.01920	0.01836	0.01168	0.40603	0.19281	0.05949	0.02508	0.02430	0.06897	0.00955	0.00711	0.00220	0.00661	0.00753	0.05850	0.01107
9	0.01428	0.03683	0.71286	0.02030	0.03082	0.01654	0.02631	0.02255	0.01503	0.02255	0.01278	0.01503	0.00902	0.00677	0.00677	0.00226	0.01052	0.00526	0.00301	0.01052
10	0.01036	0.00690	0.00777	0.00777	0.00777	0.00690	0.00431	0.01036	0.01036	0.01381	0.02244	0.04660	0.02589	0.74975	0.03624	0.00690	0.00690	0.01036	0.00431	0.00431
11	0.01803	0.01553	0.01711	0.06723	0.06536	0.05365	0.01219	0.07235	0.39562	0.05159	0.02641	0.04666	0.05357	0.00953	0.00715	0.00225	0.00646	0.00795	0.00630	0.06504
12	0.00987	0.00727	0.00923	0.00874	0.01051	0.00663	0.00656	0.01304	0.01967	0.02739	0.62290	0.05511	0.14659	0.01499	0.00840	0.00226	0.00339	0.01315	0.00769	0.00663
13	0.01523	0.07426	0.07540	0.02114	0.06866	0.01859	0.15558	0.01861	0.01317	0.01900	0.01264	0.01824	0.01119	0.01677	0.13567	0.00413	0.30322	0.00668	0.00335	0.00846
14	0.01762	0.01692	0.02890	0.04371	0.70533	0.01692	0.02185	0.02185	0.01621	0.02326	0.01339	0.01762	0.01128	0.00634	0.00705	0.00211	0.00846	0.00634	0.00352	0.01128
