[name]
unknown

[dist]
# distance from previous block
# <min> <max>
0	5

[block]
# block no. 0 follows, 36 sequences, length 6
# corresponding to MSA columns:
# 5-10
name=unknown_A
#
# <colnr> <probs for GDERKNQSTAVLIFYWHMCP>
#	G	D	E	R	K	N	Q	S	T	A	V	L	I	F	Y	W	H	M	C	P
0	0.00953	0.00701	0.00932	0.01048	0.01205	0.00680	0.00902	0.01215	0.01432	0.01830	0.03878	0.06830	0.17109	0.01694	0.00837	0.00272	0.00524	0.56820	0.00575	0.00565
1	0.00850	0.00641	0.00819	0.00791	0.00945	0.00610	0.00599	0.01100	0.01539	0.02111	0.44635	0.04536	0.20540	0.01996	0.15127	0.00354	0.00563	0.01081	0.00594	0.00568
2	0.00807	0.00624	0.00735	0.00729	0.00890	0.00553	0.00539	0.01022	0.01555	0.02053	0.37499	0.13395	0.34400	0.01478	0.00742	0.00208	0.00311	0.01278	0.00629	0.00553
3	0.01330	0.01700	0.18660	0.06808	0.40061	0.01333	0.01773	0.01755	0.01306	0.01884	0.01252	0.01671	0.01043	0.01358	0.15026	0.00346	0.00965	0.00555	0.00301	0.00873
4	0.00921	0.00737	0.00865	0.00770	0.01024	0.00618	0.00584	0.01156	0.01512	0.02074	0.31255	0.08303	0.27066	0.01226	0.00676	0.00180	0.00343	0.01051	0.00573	0.19067
5	0.00860	0.00639	0.00938	0.00971	0.01065	0.00717	0.00733	0.01057	0.01045	0.01479	0.02071	0.19569	0.02141	0.04054	0.58606	0.00831	0.01371	0.00919	0.00389	0.00545

[dist]
# distance from previous block
# <min> <max>
0	2

[block]
# block no. 1 follows, 36 sequences, length 9
# corresponding to MSA columns:
# 13-21
name=unknown_B
#
# <colnr> <probs for GDERKNQSTAVLIFYWHMCP>
#	G	D	E	R	K	N	Q	S	T	A	V	L	I	F	Y	W	H	M	C	P
0	0.00984	0.00865	0.01140	0.01430	0.18080	0.00807	0.00850	0.01287	0.04923	0.01919	0.13939	0.04597	0.44311	0.01262	0.00703	0.00203	0.00421	0.01082	0.00532	0.00664
1	0.02161	0.01361	0.01590	0.01268	0.01682	0.01455	0.01037	0.41200	0.02261	0.19979	0.01757	0.01840	0.01276	0.01569	0.16203	0.00357	0.00853	0.00598	0.00598	0.00955
2	0.36097	0.00881	0.00806	0.04209	0.01135	0.00952	0.00618	0.01459	0.01212	0.02301	0.02490	0.08607	0.16399	0.00934	0.00514	0.00191	0.00409	0.00724	0.19453	0.00609
3	0.00908	0.00701	0.00829	0.00836	0.00980	0.00704	0.00623	0.01188	0.07031	0.01620	0.03643	0.04642	0.27422	0.20106	0.16870	0.00477	0.00711	0.09684	0.00485	0.00541
4	0.01722	0.01241	0.01344	0.01100	0.01379	0.01345	0.00828	0.40658	0.02035	0.02725	0.01702	0.02637	0.01592	0.34935	0.01749	0.00371	0.00650	0.00713	0.00515	0.00758
5	0.46442	0.00939	0.00811	0.00758	0.00973	0.01047	0.00543	0.01423	0.00992	0.02094	0.01352	0.02367	0.01378	0.34840	0.01617	0.00375	0.00536	0.00589	0.00382	0.00543
6	0.01619	0.01660	0.01241	0.01155	0.01326	0.30421	0.00806	0.06716	0.01452	0.01615	0.01699	0.08747	0.01789	0.35026	0.01762	0.00376	0.00814	0.00765	0.00407	0.00604
7	0.01312	0.01127	0.01737	0.02446	0.41121	0.01119	0.01247	0.01501	0.01224	0.01717	0.01575	0.02735	0.01603	0.34864	0.01768	0.00380	0.00696	0.00727	0.00358	0.00743
8	0.01401	0.02560	0.42804	0.02181	0.02971	0.01530	0.33094	0.02016	0.01417	0.02031	0.01235	0.01552	0.00911	0.00599	0.00678	0.00213	0.00993	0.00600	0.00305	0.00911

[dist]
# distance from previous block
# <min> <max>
0	23

[block]
# block no. 2 follows, 36 sequences, length 43
# corresponding to MSA columns:
# 45-87
name=unknown_C
#
# <colnr> <probs for GDERKNQSTAVLIFYWHMCP>
#	G	D	E	R	K	N	Q	S	T	A	V	L	I	F	Y	W	H	M	C	P
0	0.00882	0.00637	0.00833	0.00784	0.00931	0.00588	0.00588	0.01176	0.01764	0.02499	0.73888	0.04654	0.05879	0.01274	0.00735	0.00196	0.00294	0.01127	0.00686	0.00588
1	0.01542	0.01480	0.02529	0.03824	0.74217	0.01480	0.01912	0.01912	0.01419	0.02036	0.01172	0.01542	0.00987	0.00555	0.00617	0.00185	0.00740	0.00555	0.00308	0.00987
2	0.01542	0.01480	0.02529	0.03824	0.74217	0.01480	0.01912	0.01912	0.01419	0.02036	0.01172	0.01542	0.00987	0.00555	0.00617	0.00185	0.00740	0.00555	0.00308	0.00987
3	0.01214	0.01149	0.01922	0.67192	0.09557	0.01418	0.01726	0.01612	0.01244	0.01621	0.01098	0.01637	0.00842	0.00641	0.00694	0.00209	0.04676	0.00553	0.00279	0.00714
4	0.01471	0.01681	0.03676	0.02626	0.03256	0.01576	0.71954	0.01996	0.01471	0.01996	0.01261	0.01681	0.00945	0.00525	0.00735	0.00210	0.01050	0.00735	0.00315	0.00840
5	0.01471	0.01681	0.03676	0.02626	0.03256	0.01576	0.71954	0.01996	0.01471	0.01996	0.01261	0.01681	0.00945	0.00525	0.00735	0.00210	0.01050	0.00735	0.00315	0.00840
6	0.01192	0.01123	0.01896	0.73608	0.07171	0.01388	0.01738	0.01605	0.01253	0.01610	0.01110	0.01656	0.00837	0.00620	0.00623	0.00207	0.00827	0.00554	0.00278	0.00704
7	0.00859	0.00636	0.00801	0.00760	0.00917	0.00578	0.00570	0.01132	0.01710	0.02371	0.63352	0.04863	0.16494	0.01321	0.00735	0.00198	0.00297	0.01156	0.00669	0.00578
8	0.00877	0.00667	0.00928	0.01006	0.01103	0.00650	0.03483	0.01140	0.06072	0.01716	0.03268	0.58941	0.03766	0.01786	0.00792	0.00254	0.00430	0.11987	0.00571	0.00562
9	0.00977	0.00698	0.00973	0.01117	0.01249	0.00694	0.00958	0.01245	0.01408	0.01835	0.03314	0.14748	0.03644	0.01746	0.00853	0.00283	0.00551	0.62567	0.00574	0.00566
10	0.00736	0.00631	0.00631	0.00631	0.00842	0.00526	0.00473	0.00894	0.01420	0.01683	0.06312	0.05996	0.73964	0.01578	0.00736	0.00210	0.00316	0.01315	0.00579	0.00526
11	0.00778	0.00555	0.00744	0.00889	0.00933	0.00522	0.00610	0.00899	0.01211	0.01611	0.03424	0.72378	0.04081	0.01935	0.00800	0.00256	0.00377	0.06908	0.00578	0.00511
12	0.01566	0.60511	0.20362	0.01236	0.01861	0.02222	0.01361	0.01891	0.01278	0.01587	0.00926	0.01075	0.00797	0.00547	0.00446	0.00149	0.00727	0.00364	0.00266	0.00829
13	0.02368	0.01745	0.01870	0.01434	0.01932	0.01932	0.01184	0.72139	0.02929	0.03927	0.01496	0.01496	0.01060	0.00748	0.00623	0.00187	0.00686	0.00561	0.00623	0.01060
14	0.01542	0.01480	0.02529	0.03824	0.74217	0.01480	0.01912	0.01912	0.01419	0.02036	0.01172	0.01542	0.00987	0.00555	0.00617	0.00185	0.00740	0.00555	0.00308	0.00987
15	0.05170	0.02665	0.01826	0.01620	0.01918	0.61314	0.03991	0.02329	0.01633	0.01588	0.00954	0.01169	0.00805	0.00687	0.00735	0.00177	0.09951	0.00429	0.00318	0.00720
16	0.00794	0.00633	0.00711	0.00692	0.00877	0.00551	0.00519	0.01006	0.01557	0.02007	0.33154	0.05463	0.46919	0.01457	0.00736	0.00205	0.00307	0.01240	0.00621	0.00551
17	0.03773	0.01914	0.19314	0.02378	0.28362	0.04559	0.06113	0.05573	0.08856	0.03918	0.01329	0.01535	0.01027	0.00602	0.00598	0.00183	0.00753	0.00532	0.00367	0.08315
18	0.00899	0.00665	0.00987	0.00987	0.01100	0.00772	0.00767	0.01124	0.01012	0.01476	0.01681	0.02444	0.01559	0.04541	0.73128	0.00973	0.01623	0.00665	0.03041	0.00557
19	0.01313	0.10965	0.48698	0.01561	0.02285	0.03459	0.03746	0.02003	0.07879	0.01987	0.06163	0.01780	0.04127	0.00691	0.00593	0.00191	0.00798	0.00552	0.00340	0.00869
20	0.01233	0.00862	0.01012	0.00917	0.01164	0.00861	0.00706	0.01877	0.20147	0.10059	0.36248	0.04013	0.16074	0.01162	0.00698	0.00202	0.00374	0.00997	0.00663	0.00730
21	0.00806	0.00649	0.00720	0.00705	0.00893	0.00572	0.00527	0.01048	0.03398	0.01970	0.28099	0.07666	0.47795	0.01471	0.00735	0.00207	0.00315	0.01252	0.00615	0.00558
22	0.01666	0.78478	0.03265	0.01066	0.01599	0.02465	0.01066	0.01866	0.01266	0.01466	0.00866	0.00999	0.00800	0.00533	0.00400	0.00133	0.00666	0.00333	0.00267	0.00800
23	0.00736	0.00631	0.00631	0.00631	0.00842	0.00526	0.00473	0.00894	0.01420	0.01683	0.06312	0.05996	0.73964	0.01578	0.00736	0.00210	0.00316	0.01315	0.00579	0.00526
24	0.01785	0.01310	0.01434	0.01249	0.01628	0.01463	0.00983	0.06101	0.58639	0.14343	0.02480	0.02257	0.01809	0.00829	0.00632	0.00207	0.00507	0.00686	0.00656	0.01001
25	0.01250	0.03223	0.74875	0.01776	0.02697	0.01447	0.02302	0.01973	0.01315	0.01973	0.01118	0.01315	0.00789	0.00592	0.00592	0.00197	0.00921	0.00460	0.00263	0.00921
26	0.01292	0.01107	0.01292	0.00923	0.01477	0.00831	0.00738	0.01569	0.01292	0.02030	0.01107	0.01292	0.00923	0.00461	0.00461	0.00092	0.00461	0.00369	0.00369	0.81912
27	0.79078	0.01290	0.04034	0.00860	0.01268	0.01400	0.00743	0.01837	0.01071	0.02761	0.00878	0.01025	0.00680	0.00579	0.00394	0.00193	0.00500	0.00343	0.00380	0.00685
28	0.01725	0.01715	0.02262	0.15354	0.37632	0.16984	0.06373	0.02060	0.01490	0.06721	0.01209	0.01522	0.00956	0.00597	0.00615	0.00186	0.00843	0.00540	0.00337	0.00877
29	0.01250	0.03223	0.74875	0.01776	0.02697	0.01447	0.02302	0.01973	0.01315	0.01973	0.01118	0.01315	0.00789	0.00592	0.00592	0.00197	0.00921	0.00460	0.00263	0.00921
30	0.09973	0.07388	0.22074	0.01456	0.04770	0.03411	0.03253	0.10644	0.03330	0.17739	0.01659	0.05566	0.01307	0.00768	0.00596	0.00196	0.00694	0.03810	0.00472	0.00894
31	0.01495	0.31705	0.35581	0.01515	0.05137	0.01794	0.01648	0.01944	0.01331	0.05696	0.03667	0.01367	0.01023	0.00617	0.00571	0.00174	0.03108	0.00451	0.00309	0.00866
32	0.01542	0.01480	0.02529	0.03824	0.74217	0.01480	0.01912	0.01912	0.01419	0.02036	0.01172	0.01542	0.00987	0.00555	0.00617	0.00185	0.00740	0.00555	0.00308	0.00987
33	0.01447	0.27954	0.42939	0.01593	0.02348	0.01812	0.07208	0.04593	0.01372	0.01881	0.01060	0.01246	0.00815	0.00573	0.00541	0.00177	0.00838	0.00443	0.00282	0.00880
34	0.00892	0.00602	0.00701	0.00714	0.00723	0.00605	0.00417	0.00914	0.00936	0.01254	0.02074	0.10359	0.02387	0.67438	0.06986	0.00596	0.00642	0.00968	0.00392	0.00399
35	0.01004	0.00717	0.01004	0.01147	0.01291	0.00717	0.01004	0.01291	0.01434	0.01865	0.03299	0.07028	0.03586	0.01721	0.00861	0.00287	0.00574	0.70023	0.00574	0.00574
36	0.01471	0.01681	0.03676	0.02626	0.03256	0.01576	0.71954	0.01996	0.01471	0.01996	0.01261	0.01681	0.00945	0.00525	0.00735	0.00210	0.01050	0.00735	0.00315	0.00840
37	0.04006	0.05121	0.07547	0.01705	0.04360	0.25374	0.13448	0.10530	0.11620	0.03820	0.01473	0.05547	0.01205	0.00723	0.00616	0.00188	0.00855	0.00603	0.00418	0.00840
38	0.02057	0.02478	0.01917	0.02073	0.17496	0.52664	0.01361	0.02265	0.01629	0.01644	0.01068	0.01405	0.00926	0.00684	0.00677	0.00177	0.05871	0.02513	0.00323	0.00772
39	0.13048	0.01465	0.01594	0.01242	0.01709	0.01565	0.01024	0.43404	0.02344	0.21029	0.01667	0.01614	0.01146	0.00730	0.00586	0.00188	0.00607	0.00548	0.03498	0.00992
40	0.01557	0.01687	0.06838	0.02057	0.21921	0.12948	0.03853	0.02374	0.25488	0.02145	0.05702	0.02249	0.04979	0.00785	0.00635	0.00196	0.00693	0.02554	0.00456	0.00882
41	0.06875	0.01335	0.01545	0.01215	0.01639	0.01398	0.00997	0.30197	0.03852	0.24198	0.06271	0.01866	0.01490	0.00783	0.00697	0.00188	0.05700	0.00592	0.02440	0.06722
42	0.01587	0.01617	0.01982	0.18924	0.26363	0.16509	0.03715	0.06314	0.04363	0.01925	0.01437	0.09742	0.01293	0.00761	0.00631	0.00194	0.00794	0.00667	0.00366	0.00815

[dist]
# distance from previous block
# <min> <max>
1	8

[block]
# block no. 3 follows, 36 sequences, length 17
# corresponding to MSA columns:
# 96-112
name=unknown_D
#
# <colnr> <probs for GDERKNQSTAVLIFYWHMCP>
#	G	D	E	R	K	N	Q	S	T	A	V	L	I	F	Y	W	H	M	C	P
0	0.06526	0.01418	0.01622	0.01218	0.01735	0.04999	0.05634	0.21161	0.01797	0.07445	0.01294	0.01405	0.00983	0.00581	0.00536	0.00142	0.00602	0.00463	0.00461	0.39980
1	0.01366	0.01301	0.02211	0.38912	0.40506	0.01434	0.01825	0.01758	0.01335	0.01822	0.01141	0.01599	0.00912	0.00588	0.00620	0.00196	0.00784	0.00554	0.00293	0.00845
2	0.01365	0.01261	0.01624	0.01422	0.01520	0.04715	0.01161	0.08686	0.01206	0.01734	0.01151	0.01695	0.01066	0.02119	0.24088	0.00479	0.43116	0.00578	0.00329	0.00684
3	0.01451	0.01102	0.01308	0.00943	0.01489	0.00840	0.00757	0.01724	0.01344	0.09730	0.01251	0.01380	0.00989	0.00494	0.00479	0.00103	0.00469	0.00396	0.00412	0.73339
4	0.00757	0.00549	0.00716	0.00850	0.00899	0.00508	0.00571	0.00869	0.01209	0.01597	0.03642	0.72507	0.09176	0.01925	0.00791	0.00250	0.00358	0.01738	0.00578	0.00508
5	0.01292	0.01107	0.01292	0.00923	0.01477	0.00831	0.00738	0.01569	0.01292	0.02030	0.01107	0.01292	0.00923	0.00461	0.00461	0.00092	0.00461	0.00369	0.00369	0.81912
6	0.01292	0.01107	0.01292	0.00923	0.01477	0.00831	0.00738	0.01569	0.01292	0.02030	0.01107	0.01292	0.00923	0.00461	0.00461	0.00092	0.00461	0.00369	0.00369	0.81912
7	0.01471	0.01681	0.03676	0.02626	0.03256	0.01576	0.71954	0.01996	0.01471	0.01996	0.01261	0.01681	0.00945	0.00525	0.00735	0.00210	0.01050	0.00735	0.00315	0.00840
8	0.00774	0.00623	0.00696	0.00736	0.00903	0.00544	0.00553	0.00941	0.01392	0.01718	0.08323	0.20094	0.50229	0.01653	0.00760	0.00226	0.00350	0.08373	0.00583	0.00530
9	0.00906	0.00604	0.00680	0.00680	0.00680	0.00604	0.00378	0.00906	0.00906	0.01208	0.01963	0.04077	0.02265	0.78103	0.03171	0.00604	0.00604	0.00906	0.00378	0.00378
10	0.02327	0.02970	0.01766	0.01605	0.01926	0.75602	0.01204	0.02488	0.01766	0.01525	0.00963	0.01124	0.00803	0.00642	0.00562	0.00161	0.01124	0.00401	0.00321	0.00722
11	0.04617	0.46510	0.28031	0.01324	0.01978	0.04833	0.01486	0.01925	0.01294	0.01695	0.00958	0.01115	0.00791	0.00559	0.00472	0.00159	0.00765	0.00380	0.00272	0.00834
12	0.01620	0.30382	0.26446	0.01534	0.05717	0.01850	0.03503	0.07816	0.08120	0.05624	0.01261	0.01369	0.00970	0.00612	0.00535	0.00174	0.00743	0.00465	0.00357	0.00902
13	0.01410	0.27079	0.42318	0.01432	0.02141	0.01676	0.01696	0.01907	0.01358	0.04667	0.07688	0.01548	0.01283	0.00642	0.00545	0.00176	0.00767	0.00486	0.00322	0.00857
14	0.00891	0.00664	0.00982	0.00982	0.01087	0.00769	0.00755	0.01100	0.00996	0.01432	0.01686	0.02543	0.01599	0.08988	0.71376	0.00978	0.01606	0.00682	0.00336	0.00546
15	0.01161	0.00581	0.00581	0.00581	0.00726	0.00581	0.00436	0.01452	0.01307	0.02323	0.02033	0.02323	0.01597	0.00726	0.00436	0.00145	0.00290	0.00581	0.81562	0.00581
16	0.82504	0.01205	0.00916	0.00819	0.01205	0.01398	0.00675	0.01832	0.01060	0.02795	0.00868	0.01012	0.00675	0.00578	0.00386	0.00193	0.00482	0.00337	0.00386	0.00675

[dist]
# distance from previous block
# <min> <max>
2	22

[block]
# block no. 4 follows, 36 sequences, length 26
# corresponding to MSA columns:
# 138-163
name=unknown_E
#
# <colnr> <probs for GDERKNQSTAVLIFYWHMCP>
#	G	D	E	R	K	N	Q	S	T	A	V	L	I	F	Y	W	H	M	C	P
0	0.01417	0.33856	0.25089	0.01692	0.13689	0.01773	0.01525	0.01806	0.01334	0.01765	0.03623	0.01705	0.06982	0.00663	0.00532	0.00170	0.00717	0.00513	0.00310	0.00839
1	0.12497	0.23199	0.21079	0.01513	0.02116	0.01656	0.14858	0.01972	0.01337	0.08226	0.01279	0.03618	0.01037	0.00644	0.00554	0.00185	0.00757	0.02294	0.00351	0.00830
2	0.00878	0.00608	0.00672	0.00672	0.00706	0.00591	0.00393	0.00904	0.00990	0.01285	0.02672	0.04390	0.13946	0.65636	0.02775	0.00540	0.00557	0.00973	0.00410	0.00402
3	0.01627	0.62559	0.06357	0.01547	0.13479	0.02259	0.01259	0.01878	0.01293	0.01581	0.00927	0.01102	0.00830	0.00539	0.00444	0.00145	0.00690	0.00375	0.00273	0.00836
4	0.00918	0.00891	0.07051	0.13340	0.01683	0.00770	0.00996	0.01165	0.01262	0.01679	0.02837	0.44296	0.03200	0.01576	0.00764	0.00248	0.00528	0.15708	0.00502	0.00585
5	0.02760	0.01117	0.01481	0.01135	0.01619	0.00999	0.00938	0.08707	0.01877	0.68845	0.02379	0.02069	0.01503	0.00769	0.00626	0.00192	0.00543	0.00621	0.00759	0.01060
6	0.02327	0.02970	0.01766	0.01605	0.01926	0.75602	0.01204	0.02488	0.01766	0.01525	0.00963	0.01124	0.00803	0.00642	0.00562	0.00161	0.01124	0.00401	0.00321	0.00722
7	0.01317	0.15483	0.63208	0.01660	0.02518	0.01613	0.02101	0.01956	0.01307	0.01891	0.01077	0.01264	0.00791	0.00582	0.00561	0.00187	0.00879	0.00440	0.00264	0.00901
8	0.01021	0.00958	0.00882	0.00873	0.01071	0.10707	0.00672	0.01225	0.01539	0.01866	0.20176	0.07099	0.37491	0.01413	0.00731	0.00212	0.00456	0.10469	0.00567	0.00572
9	0.01508	0.59616	0.08720	0.01061	0.01539	0.02079	0.01055	0.01718	0.01211	0.01466	0.01066	0.01527	0.01038	0.13176	0.00867	0.00215	0.00677	0.00437	0.00284	0.00741
10	0.01417	0.02762	0.50911	0.01849	0.08328	0.08077	0.01966	0.02224	0.12609	0.02038	0.01331	0.01475	0.00981	0.00633	0.00598	0.00195	0.00857	0.00501	0.00330	0.00919
11	0.00800	0.00573	0.00764	0.00872	0.00937	0.00537	0.00611	0.00957	0.01319	0.01784	0.16881	0.58704	0.04418	0.01806	0.00788	0.00245	0.00364	0.06517	0.00599	0.00527
12	0.01202	0.08423	0.51209	0.01544	0.02236	0.01330	0.01853	0.01763	0.01321	0.01885	0.01644	0.08489	0.01519	0.00883	0.00638	0.00212	0.00799	0.11891	0.00340	0.00821
13	0.01357	0.04766	0.04880	0.02322	0.31951	0.01232	0.09378	0.01730	0.03104	0.04168	0.08392	0.02536	0.13313	0.00787	0.00637	0.00184	0.00636	0.00726	0.00409	0.07492
14	0.00906	0.00604	0.00680	0.00680	0.00680	0.00604	0.00378	0.00906	0.00906	0.01208	0.01963	0.04077	0.02265	0.78103	0.03171	0.00604	0.00604	0.00906	0.00378	0.00378
15	0.00783	0.00552	0.00716	0.00837	0.00867	0.00522	0.00546	0.00874	0.01146	0.01528	0.03194	0.65703	0.03819	0.14359	0.01182	0.00310	0.00401	0.01630	0.00546	0.00485
16	0.01420	0.01412	0.05453	0.03149	0.56686	0.01350	0.01662	0.01738	0.01316	0.01881	0.01287	0.01939	0.01181	0.13208	0.01078	0.00257	0.03185	0.00608	0.00316	0.00875
17	0.03930	0.00675	0.00863	0.04269	0.01118	0.00677	0.00681	0.01151	0.03505	0.01848	0.18607	0.29974	0.03783	0.14028	0.01151	0.00297	0.00448	0.11901	0.00550	0.00543
18	0.01745	0.01590	0.15414	0.01215	0.01678	0.04494	0.01116	0.09344	0.11972	0.18797	0.01934	0.02226	0.03301	0.13329	0.01019	0.00252	0.00642	0.00627	0.00510	0.08796
19	0.05058	0.03293	0.01175	0.00958	0.01281	0.00897	0.00746	0.06356	0.03816	0.13910	0.10997	0.19811	0.05700	0.01201	0.03417	0.00213	0.00491	0.00902	0.00553	0.19224
20	0.01586	0.03689	0.04655	0.01111	0.01519	0.07413	0.00911	0.10017	0.07487	0.10410	0.02038	0.16074	0.04390	0.00908	0.00599	0.00171	0.00557	0.00754	0.00502	0.25210
21	0.03664	0.16197	0.10962	0.01192	0.03208	0.05446	0.01059	0.06557	0.01525	0.11819	0.09159	0.14219	0.03140	0.00912	0.00593	0.00181	0.00592	0.00748	0.00474	0.08355
22	0.01566	0.05232	0.07803	0.04633	0.03267	0.01358	0.01080	0.22016	0.12612	0.04073	0.02092	0.14266	0.04971	0.02914	0.00692	0.00202	0.00585	0.00784	0.00515	0.09339
23	0.03304	0.06582	0.05385	0.01433	0.05791	0.13523	0.02512	0.13012	0.17697	0.06592	0.05896	0.01861	0.02865	0.00727	0.00587	0.00176	0.00666	0.00576	0.00489	0.10326
24	0.01547	0.01249	0.05036	0.04778	0.08170	0.03814	0.04203	0.05115	0.08578	0.14126	0.04115	0.14413	0.06180	0.00927	0.00635	0.00187	0.00571	0.00806	0.00510	0.15039
25	0.03127	0.03692	0.15186	0.01222	0.01717	0.03233	0.01142	0.19311	0.05510	0.02564	0.13380	0.05919	0.01955	0.00798	0.00597	0.00172	0.00596	0.00649	0.00486	0.18744

[dist]
# distance from previous block
# <min> <max>
2	379

# created by:
# /home/cegg/simao/soft/augustus-3.2.1/scripts/msa2prfl.pl ./align_prep/EOG090W0LFE.fa
