[name]
unknown

[dist]
# distance from previous block
# <min> <max>
5	44

[block]
# block no. 0 follows, 27 sequences, length 38
# corresponding to MSA columns:
# 49-86
name=unknown_A
#
# <colnr> <probs for GDERKNQSTAVLIFYWHMCP>
#	G	D	E	R	K	N	Q	S	T	A	V	L	I	F	Y	W	H	M	C	P
0	0.07376	0.07864	0.07770	0.01997	0.09042	0.08075	0.08384	0.10413	0.01945	0.17425	0.01873	0.06795	0.01492	0.00910	0.00825	0.00232	0.05240	0.00739	0.00555	0.01047
1	0.01634	0.10932	0.41231	0.02124	0.07930	0.01828	0.04656	0.02353	0.05211	0.04344	0.01580	0.05565	0.01285	0.00839	0.00812	0.00236	0.05342	0.00666	0.00384	0.01049
2	0.01398	0.01273	0.02026	0.49223	0.07507	0.01512	0.01744	0.01796	0.01424	0.01897	0.01445	0.02286	0.01233	0.09407	0.03427	0.00326	0.04841	0.00697	0.00355	0.06182
3	0.01750	0.15153	0.26669	0.09302	0.12966	0.11493	0.01997	0.02257	0.01652	0.02111	0.01745	0.01987	0.06280	0.00790	0.00682	0.00216	0.00979	0.00620	0.00363	0.00987
4	0.01873	0.11673	0.22266	0.06775	0.17098	0.09952	0.02001	0.06854	0.04658	0.02369	0.01475	0.01903	0.01205	0.00796	0.00764	0.00225	0.03697	0.02979	0.00398	0.01040
5	0.01302	0.00747	0.00974	0.00946	0.01022	0.00743	0.00648	0.04614	0.01248	0.01674	0.02319	0.03175	0.10459	0.09518	0.02459	0.51121	0.00608	0.00815	0.05157	0.00449
6	0.00925	0.00677	0.00871	0.00996	0.01083	0.00623	0.00688	0.01092	0.01540	0.02042	0.12031	0.55879	0.12950	0.02171	0.00933	0.00288	0.00421	0.03466	0.00704	0.00619
7	0.01781	0.17051	0.18532	0.05807	0.10225	0.04993	0.01755	0.02777	0.21962	0.02415	0.01886	0.02160	0.01506	0.00834	0.00690	0.00226	0.00843	0.03025	0.00474	0.01060
8	0.01764	0.07938	0.02594	0.16485	0.30981	0.07933	0.04248	0.04164	0.01778	0.02333	0.09265	0.02323	0.03399	0.00818	0.00733	0.00221	0.00875	0.00730	0.00429	0.00989
9	0.00913	0.00731	0.00808	0.00834	0.01025	0.00635	0.00603	0.01105	0.01673	0.02096	0.15005	0.19848	0.45660	0.04449	0.00993	0.00275	0.00395	0.01626	0.00698	0.00626
10	0.01625	0.01191	0.01308	0.01198	0.01518	0.01267	0.00919	0.07545	0.27515	0.06814	0.08257	0.13182	0.13018	0.01325	0.00780	0.00244	0.00510	0.01123	0.09724	0.00936
11	0.04290	0.23068	0.30455	0.01691	0.02456	0.07868	0.01849	0.08303	0.05307	0.02405	0.01652	0.01783	0.04309	0.00780	0.00645	0.00210	0.00928	0.00571	0.00406	0.01024
12	0.02082	0.02088	0.02579	0.02064	0.02438	0.14906	0.15937	0.16624	0.01992	0.02561	0.01498	0.04954	0.01313	0.04029	0.01370	0.00276	0.21134	0.00754	0.00461	0.00940
13	0.00965	0.00715	0.00821	0.00864	0.01030	0.00638	0.00622	0.01178	0.01665	0.02211	0.16414	0.26967	0.32045	0.01857	0.00864	0.00256	0.00386	0.01612	0.08254	0.00638
14	0.01476	0.01809	0.10910	0.10295	0.03260	0.01524	0.35865	0.01994	0.01620	0.02203	0.02091	0.19310	0.02009	0.01061	0.00859	0.00261	0.01005	0.01114	0.00439	0.00896
15	0.23358	0.01917	0.04488	0.05679	0.11728	0.09330	0.01401	0.14048	0.10199	0.08534	0.01658	0.01770	0.01236	0.00791	0.00656	0.00227	0.00793	0.00596	0.00550	0.01040
16	0.01673	0.01870	0.04023	0.05645	0.03710	0.01769	0.58950	0.02255	0.01716	0.02322	0.01696	0.07560	0.01416	0.00763	0.00876	0.00254	0.01178	0.00964	0.00398	0.00963
17	0.04622	0.02074	0.01841	0.06882	0.06558	0.22612	0.01291	0.11577	0.10358	0.05045	0.01758	0.01921	0.01355	0.00805	0.00665	0.00203	0.00860	0.00610	0.11754	0.07209
18	0.00902	0.00657	0.00850	0.01005	0.01069	0.00605	0.00676	0.01037	0.01449	0.01906	0.04439	0.66710	0.11402	0.02281	0.00940	0.00296	0.00425	0.02055	0.00689	0.00605
19	0.01929	0.09616	0.09456	0.01819	0.08584	0.07407	0.03002	0.16375	0.08467	0.04173	0.02465	0.11046	0.07562	0.01066	0.00738	0.00226	0.00783	0.00880	0.00559	0.03846
20	0.06807	0.14695	0.05825	0.01525	0.02004	0.13596	0.01300	0.14927	0.16459	0.02778	0.02044	0.08563	0.01787	0.01007	0.00698	0.00226	0.00811	0.03386	0.00563	0.01001
21	0.01918	0.01628	0.01808	0.05272	0.02112	0.08348	0.02774	0.04860	0.07418	0.08994	0.01607	0.01772	0.01251	0.00718	0.00740	0.00171	0.05095	0.00553	0.00505	0.42456
22	0.01786	0.01462	0.02015	0.01644	0.01989	0.01604	0.09736	0.17687	0.07286	0.05055	0.18062	0.08636	0.04886	0.01228	0.01103	0.00256	0.12975	0.01009	0.00641	0.00940
23	0.00986	0.00746	0.00909	0.00890	0.01075	0.00669	0.00659	0.01267	0.01915	0.02586	0.44538	0.12635	0.25009	0.01703	0.00883	0.00245	0.00366	0.01483	0.00767	0.00669
24	0.01704	0.05715	0.50755	0.05037	0.03013	0.07133	0.02356	0.02570	0.07731	0.04906	0.01524	0.01702	0.01100	0.00745	0.00703	0.00231	0.01037	0.00577	0.00383	0.01076
25	0.01543	0.01333	0.02156	0.16450	0.33364	0.01370	0.01698	0.01910	0.01644	0.05164	0.05955	0.15139	0.06920	0.01115	0.00792	0.00243	0.00748	0.01021	0.00488	0.00946
26	0.03669	0.11276	0.36401	0.04198	0.05568	0.01861	0.05792	0.08162	0.01750	0.05479	0.01439	0.01669	0.01068	0.00738	0.00735	0.00223	0.03253	0.00579	0.03123	0.03017
27	0.02086	0.01981	0.02402	0.01983	0.02250	0.16106	0.10681	0.02336	0.01572	0.11345	0.01487	0.04738	0.01276	0.01084	0.01554	0.00273	0.34780	0.00721	0.00442	0.00903
28	0.00901	0.00715	0.00810	0.00866	0.01037	0.00624	0.00619	0.01081	0.01629	0.02044	0.11208	0.30343	0.41488	0.02008	0.00902	0.00267	0.00393	0.01740	0.00699	0.00624
29	0.01665	0.13904	0.40605	0.02696	0.22180	0.01919	0.02385	0.02311	0.01594	0.02281	0.01305	0.01589	0.01011	0.00682	0.00679	0.00219	0.00989	0.00558	0.00330	0.01098
30	0.01372	0.01229	0.01924	0.11944	0.14183	0.01257	0.08733	0.03858	0.06377	0.02213	0.03180	0.21723	0.12183	0.05221	0.00993	0.00282	0.00715	0.01235	0.00539	0.00839
31	0.03179	0.01219	0.01643	0.01272	0.01815	0.01060	0.01047	0.03471	0.02081	0.64578	0.02889	0.02546	0.01843	0.00915	0.00729	0.00225	0.00609	0.00742	0.06920	0.01219
32	0.00897	0.00734	0.00808	0.00842	0.01043	0.00645	0.00617	0.01079	0.01599	0.01962	0.06407	0.20010	0.51001	0.02256	0.06346	0.00334	0.00512	0.01615	0.00667	0.00625
33	0.01711	0.02279	0.17446	0.09740	0.21206	0.11219	0.06284	0.02275	0.05265	0.02230	0.01810	0.11750	0.01650	0.00942	0.00760	0.00237	0.00950	0.00836	0.00420	0.00987
34	0.01573	0.22708	0.44001	0.01748	0.02612	0.01936	0.02104	0.02206	0.01613	0.02259	0.09096	0.01927	0.01648	0.00781	0.00663	0.00214	0.00928	0.00599	0.00373	0.01012
35	0.04198	0.01144	0.01230	0.01068	0.01396	0.01189	0.00840	0.17562	0.05253	0.09242	0.02786	0.07417	0.06862	0.01048	0.00657	0.00210	0.00511	0.00847	0.35642	0.00897
36	0.01742	0.01471	0.01298	0.01215	0.01482	0.14848	0.00910	0.10423	0.01954	0.06135	0.05707	0.22517	0.11880	0.01418	0.00771	0.00235	0.00649	0.01185	0.13361	0.00799
37	0.01766	0.01937	0.05253	0.18975	0.25951	0.14909	0.01840	0.02134	0.01651	0.02078	0.01661	0.11210	0.01563	0.00957	0.00844	0.00238	0.04886	0.00812	0.00399	0.00935

[dist]
# distance from previous block
# <min> <max>
2	6

[block]
# block no. 1 follows, 27 sequences, length 31
# corresponding to MSA columns:
# 93-123
name=unknown_B
#
# <colnr> <probs for GDERKNQSTAVLIFYWHMCP>
#	G	D	E	R	K	N	Q	S	T	A	V	L	I	F	Y	W	H	M	C	P
0	0.01826	0.43642	0.17857	0.01902	0.10211	0.02385	0.04219	0.02243	0.01554	0.02020	0.01174	0.01400	0.00992	0.00648	0.00576	0.00183	0.00873	0.00482	0.00332	0.05483
1	0.01685	0.21651	0.42859	0.08338	0.02999	0.02063	0.02224	0.05995	0.01655	0.02288	0.01280	0.01521	0.00967	0.00701	0.00652	0.00216	0.00993	0.00527	0.00341	0.01044
2	0.13059	0.12283	0.04715	0.01534	0.02028	0.10255	0.01298	0.16398	0.22082	0.03032	0.01816	0.01849	0.01396	0.00859	0.00739	0.00225	0.04196	0.00616	0.00568	0.01052
3	0.01538	0.09322	0.62351	0.02088	0.03136	0.01825	0.05060	0.02342	0.01570	0.02304	0.01315	0.01554	0.00948	0.00697	0.00694	0.00230	0.01079	0.00549	0.00316	0.01082
4	0.01857	0.09235	0.04453	0.01462	0.01951	0.01852	0.01212	0.08649	0.43501	0.02945	0.02525	0.05525	0.01997	0.00961	0.00711	0.00227	0.00636	0.00785	0.00658	0.08856
5	0.01018	0.00792	0.00930	0.00912	0.01114	0.00729	0.00677	0.01385	0.05677	0.02512	0.35666	0.13387	0.29062	0.01708	0.00877	0.00248	0.00382	0.01479	0.00753	0.00690
6	0.01041	0.00699	0.00857	0.00914	0.00940	0.00684	0.00573	0.01089	0.01242	0.01660	0.05421	0.25954	0.03523	0.42243	0.02640	0.05040	0.00611	0.03823	0.00539	0.00508
7	0.02623	0.02571	0.02134	0.03625	0.07113	0.32117	0.01446	0.24725	0.05064	0.06577	0.01761	0.01848	0.03367	0.00854	0.00715	0.00212	0.01021	0.00624	0.00557	0.01046
8	0.01042	0.00752	0.00984	0.00940	0.01107	0.00695	0.00700	0.01379	0.02061	0.02912	0.65002	0.09616	0.06879	0.01566	0.00880	0.00238	0.00355	0.01389	0.00810	0.00695
9	0.00892	0.00742	0.00780	0.00793	0.01018	0.00629	0.00586	0.01086	0.01693	0.02062	0.11458	0.13708	0.58201	0.01900	0.00884	0.00255	0.00380	0.01606	0.00698	0.00629
10	0.05150	0.24560	0.02646	0.01629	0.02149	0.28935	0.01357	0.20382	0.02278	0.02639	0.01284	0.01412	0.01035	0.00758	0.00624	0.00191	0.01003	0.00504	0.00465	0.00998
11	0.06208	0.01176	0.01560	0.01243	0.01735	0.01042	0.01009	0.03146	0.02046	0.55129	0.10855	0.06735	0.02584	0.01058	0.00761	0.00234	0.00584	0.00878	0.00874	0.01139
12	0.01181	0.00957	0.04702	0.00939	0.01032	0.00856	0.00641	0.04163	0.01221	0.01650	0.02243	0.04452	0.02500	0.63585	0.06382	0.00691	0.00800	0.01019	0.00453	0.00532
13	0.01908	0.33193	0.21960	0.01704	0.04615	0.02321	0.01719	0.09391	0.11938	0.02460	0.01514	0.01624	0.01191	0.00740	0.00621	0.00203	0.00853	0.00545	0.00431	0.01068
14	0.01023	0.00752	0.00924	0.00884	0.01048	0.00690	0.00641	0.01296	0.01886	0.02589	0.48594	0.05740	0.17630	0.11574	0.01277	0.00304	0.00406	0.01347	0.00743	0.00653
15	0.01539	0.01319	0.01539	0.01100	0.01759	0.00990	0.00880	0.01869	0.01539	0.02419	0.01319	0.01539	0.01100	0.00550	0.00550	0.00110	0.00550	0.00440	0.00440	0.78449
16	0.01764	0.01562	0.02477	0.29916	0.24728	0.01721	0.05461	0.11839	0.01864	0.02558	0.01507	0.01979	0.01176	0.00882	0.02801	0.00259	0.00936	0.00679	0.04892	0.01000
17	0.01035	0.00740	0.00901	0.00897	0.00989	0.00729	0.00601	0.01181	0.01413	0.01908	0.17283	0.08283	0.12451	0.35198	0.12678	0.00604	0.00771	0.01207	0.00564	0.00566
18	0.01585	0.07023	0.06373	0.10277	0.15528	0.01627	0.04045	0.07711	0.01764	0.02414	0.09775	0.06769	0.06058	0.01253	0.03343	0.00279	0.09059	0.03712	0.00489	0.00915
19	0.01061	0.00792	0.01177	0.01177	0.01304	0.00919	0.00908	0.01315	0.01188	0.01711	0.02003	0.02998	0.01891	0.08453	0.68132	0.01173	0.01935	0.00807	0.00400	0.00654
20	0.02120	0.20245	0.05334	0.01533	0.01939	0.27797	0.01303	0.04750	0.01780	0.02080	0.01534	0.01769	0.03306	0.00845	0.00804	0.00200	0.08842	0.00555	0.12394	0.00870
21	0.01385	0.01271	0.06597	0.08352	0.07630	0.01097	0.04730	0.03637	0.03684	0.06180	0.08705	0.27461	0.09654	0.01464	0.00833	0.00254	0.00637	0.01311	0.00599	0.04520
22	0.04040	0.14495	0.27858	0.07886	0.02942	0.06727	0.11028	0.08616	0.01772	0.02397	0.01374	0.01743	0.01080	0.03969	0.00826	0.00243	0.01017	0.00606	0.00381	0.01000
23	0.01783	0.01807	0.05267	0.26838	0.21087	0.10372	0.01851	0.04674	0.03659	0.04422	0.01953	0.02536	0.05365	0.00881	0.00754	0.00237	0.00926	0.04196	0.00434	0.00957
24	0.01862	0.01838	0.03001	0.06497	0.61748	0.04846	0.04731	0.02301	0.01705	0.02380	0.01387	0.01826	0.01158	0.00667	0.00738	0.00221	0.00920	0.00662	0.00367	0.01144
25	0.01756	0.01673	0.02876	0.07239	0.57390	0.01682	0.05048	0.02199	0.01686	0.02381	0.01625	0.02438	0.01443	0.00788	0.00768	0.00234	0.00885	0.06385	0.00395	0.01108
26	0.01075	0.00736	0.00894	0.00894	0.00923	0.00765	0.00555	0.01133	0.01104	0.01502	0.02262	0.04433	0.02514	0.58938	0.18498	0.00823	0.00998	0.01017	0.00438	0.00496
27	0.01166	0.01484	0.16454	0.01248	0.01626	0.00980	0.01190	0.03991	0.01700	0.02305	0.14834	0.18064	0.17253	0.05210	0.04131	0.00324	0.00672	0.06002	0.00604	0.00762
28	0.01193	0.00967	0.01261	0.01356	0.07247	0.00844	0.00922	0.01446	0.01576	0.02183	0.06499	0.28675	0.11898	0.01578	0.00819	0.00238	0.00520	0.08625	0.00599	0.21553
29	0.02002	0.27063	0.10055	0.01892	0.08505	0.06798	0.07041	0.09685	0.04860	0.05465	0.05775	0.02063	0.04116	0.00813	0.00667	0.00205	0.00853	0.00653	0.00471	0.01018
30	0.04480	0.08224	0.05305	0.06834	0.15935	0.08150	0.01550	0.09828	0.16307	0.04288	0.01773	0.02018	0.01411	0.03533	0.00872	0.00240	0.03561	0.00655	0.00507	0.04527

[dist]
# distance from previous block
# <min> <max>
0	8

[block]
# block no. 2 follows, 27 sequences, length 34
# corresponding to MSA columns:
# 132-165
name=unknown_C
#
# <colnr> <probs for GDERKNQSTAVLIFYWHMCP>
#	G	D	E	R	K	N	Q	S	T	A	V	L	I	F	Y	W	H	M	C	P
0	0.05245	0.01619	0.07953	0.21219	0.10685	0.01457	0.01562	0.07398	0.01664	0.02437	0.01421	0.01883	0.01155	0.03518	0.03900	0.00257	0.00852	0.00592	0.00415	0.24768
1	0.10813	0.13347	0.11749	0.07358	0.12605	0.08438	0.05001	0.08543	0.03596	0.02571	0.05895	0.01864	0.01455	0.00789	0.00722	0.00220	0.02988	0.00620	0.00438	0.00988
2	0.01042	0.00762	0.00961	0.01054	0.01163	0.00737	0.00744	0.04794	0.01580	0.02091	0.06360	0.51024	0.11353	0.04862	0.04486	0.00350	0.00543	0.04773	0.00673	0.00647
3	0.01004	0.00697	0.00872	0.00941	0.00977	0.00689	0.00601	0.01095	0.01270	0.01711	0.05553	0.33067	0.03702	0.35522	0.08440	0.00570	0.00698	0.01491	0.00558	0.00541
4	0.12918	0.09660	0.01889	0.01300	0.01855	0.01612	0.01081	0.09188	0.13629	0.22879	0.02074	0.01990	0.01485	0.00803	0.00643	0.00204	0.00638	0.00614	0.00657	0.14881
5	0.06696	0.15976	0.12134	0.03623	0.05343	0.04527	0.04453	0.18607	0.04446	0.04732	0.04295	0.06466	0.03763	0.00921	0.00694	0.00221	0.00816	0.00737	0.00527	0.01024
6	0.02540	0.01347	0.01675	0.01274	0.01867	0.01170	0.01036	0.05825	0.07347	0.37109	0.02304	0.02157	0.01580	0.00791	0.00676	0.00188	0.00607	0.00640	0.00725	0.29143
7	0.03813	0.15868	0.05027	0.05256	0.06821	0.01764	0.09807	0.07725	0.08333	0.11966	0.07459	0.05810	0.05284	0.00952	0.00727	0.00225	0.00762	0.00823	0.00569	0.01008
8	0.04637	0.03888	0.01645	0.01394	0.01736	0.04575	0.01134	0.16922	0.09666	0.07273	0.05492	0.05185	0.02303	0.01944	0.12986	0.00412	0.03492	0.09938	0.04448	0.00932
9	0.01806	0.01732	0.02956	0.09442	0.64640	0.01756	0.02263	0.02251	0.01675	0.02387	0.01391	0.01848	0.01162	0.00667	0.00735	0.00222	0.00890	0.00661	0.00365	0.01151
10	0.14120	0.01617	0.01759	0.01388	0.01926	0.01688	0.01137	0.30526	0.04906	0.20466	0.02438	0.02334	0.06765	0.00934	0.00703	0.00223	0.00677	0.00715	0.00726	0.04950
11	0.07205	0.05431	0.13405	0.04284	0.10389	0.06882	0.04922	0.04242	0.03211	0.02266	0.02328	0.16405	0.04663	0.06970	0.01004	0.00284	0.00812	0.03948	0.00482	0.00868
12	0.01059	0.00818	0.01156	0.01173	0.01310	0.00845	0.02518	0.01307	0.01538	0.02100	0.14869	0.25548	0.09276	0.02806	0.17936	0.00506	0.04277	0.09676	0.00615	0.00667
13	0.01075	0.00801	0.00993	0.01149	0.06370	0.00770	0.00677	0.01178	0.01321	0.01724	0.03605	0.16280	0.15934	0.40396	0.02434	0.00510	0.00618	0.03057	0.00535	0.00574
14	0.01682	0.01514	0.02610	0.32723	0.30518	0.01633	0.06760	0.02137	0.01618	0.05761	0.01580	0.05319	0.01305	0.00785	0.00759	0.00238	0.00920	0.00749	0.00397	0.00992
15	0.01853	0.20871	0.22541	0.07557	0.02841	0.12942	0.09608	0.02324	0.01608	0.02024	0.01210	0.01527	0.00976	0.00752	0.00844	0.00221	0.08447	0.00558	0.00335	0.00961
16	0.01360	0.01274	0.02109	0.66436	0.04785	0.01568	0.01942	0.01830	0.01501	0.01905	0.01814	0.02391	0.06410	0.00833	0.00753	0.00248	0.00941	0.00732	0.00359	0.00809
17	0.01037	0.00764	0.01103	0.01131	0.01237	0.00856	0.00844	0.01255	0.01219	0.01724	0.02362	0.14505	0.02429	0.11480	0.53313	0.01004	0.01617	0.01035	0.00450	0.00633
18	0.02127	0.10390	0.14652	0.01603	0.02182	0.06697	0.03676	0.08971	0.13999	0.14906	0.04540	0.04832	0.01843	0.00998	0.00803	0.03008	0.00803	0.02324	0.00595	0.01051
19	0.01286	0.00993	0.01174	0.01203	0.01421	0.01018	0.00933	0.06908	0.13187	0.02424	0.04261	0.28583	0.14791	0.01842	0.00905	0.00288	0.00541	0.16762	0.00704	0.00778
20	0.01035	0.00727	0.00871	0.00935	0.01095	0.00643	0.00662	0.01204	0.01591	0.05799	0.07550	0.40860	0.30234	0.02043	0.00906	0.00275	0.00418	0.01792	0.00706	0.00653
21	0.01188	0.00893	0.01374	0.07298	0.01657	0.00952	0.05237	0.01261	0.01294	0.01733	0.02714	0.25287	0.07813	0.02236	0.06032	0.23994	0.06760	0.01212	0.00478	0.00587
22	0.01602	0.01733	0.03610	0.02666	0.03249	0.01702	0.49560	0.02129	0.01604	0.02211	0.01574	0.02171	0.01269	0.01683	0.15440	0.00449	0.05201	0.00847	0.00377	0.00921
23	0.01567	0.01475	0.02486	0.40787	0.31493	0.01653	0.02076	0.02016	0.01551	0.02094	0.01399	0.02056	0.01147	0.04143	0.00882	0.00258	0.00932	0.00680	0.00351	0.00953
24	0.01776	0.01534	0.01612	0.01456	0.01863	0.01758	0.01131	0.03737	0.63149	0.03026	0.03347	0.03086	0.07089	0.01070	0.00764	0.00252	0.00572	0.00892	0.00751	0.01135
25	0.01241	0.00954	0.01324	0.01514	0.08143	0.00940	0.02879	0.07487	0.01689	0.02284	0.03583	0.47745	0.06311	0.01885	0.00892	0.00281	0.00550	0.06151	0.03402	0.00744
26	0.01451	0.01369	0.02315	0.64530	0.12326	0.01662	0.02086	0.01940	0.01508	0.01956	0.01328	0.01963	0.01011	0.00733	0.00741	0.00244	0.00978	0.00660	0.00334	0.00864
27	0.02060	0.02359	0.02314	0.01994	0.02174	0.27949	0.04759	0.02257	0.01529	0.01827	0.01065	0.01536	0.00975	0.01066	0.01698	0.00271	0.42381	0.00597	0.00349	0.00840
28	0.01828	0.13098	0.27017	0.04221	0.08736	0.07339	0.01860	0.07594	0.01723	0.04460	0.01456	0.01913	0.01206	0.08081	0.01039	0.00266	0.03386	0.00604	0.00399	0.03773
29	0.01085	0.00993	0.04926	0.01162	0.01350	0.00865	0.00909	0.01426	0.05986	0.02092	0.06229	0.45552	0.09890	0.01926	0.00963	0.00281	0.03702	0.05483	0.00648	0.04531
30	0.01127	0.00825	0.01073	0.01005	0.01048	0.00845	0.04046	0.01178	0.01145	0.01542	0.02370	0.10020	0.02710	0.60880	0.03335	0.00643	0.04109	0.01131	0.00459	0.00508
31	0.02518	0.01664	0.02018	0.02049	0.14051	0.08940	0.01394	0.05252	0.08760	0.30326	0.02295	0.06174	0.01732	0.00982	0.00922	0.00240	0.08131	0.00776	0.00665	0.01112
32	0.06907	0.05000	0.07212	0.01311	0.01953	0.01314	0.03427	0.05858	0.04075	0.10357	0.01859	0.01955	0.04396	0.00719	0.00621	0.00167	0.00649	0.00575	0.00518	0.41125
33	0.02160	0.01454	0.01718	0.07393	0.02078	0.04021	0.01186	0.19494	0.05778	0.17056	0.12132	0.09127	0.02591	0.01285	0.03445	0.00271	0.03254	0.00913	0.00699	0.03947

[dist]
# distance from previous block
# <min> <max>
1	13

[block]
# block no. 3 follows, 27 sequences, length 17
# corresponding to MSA columns:
# 179-195
name=unknown_D
#
# <colnr> <probs for GDERKNQSTAVLIFYWHMCP>
#	G	D	E	R	K	N	Q	S	T	A	V	L	I	F	Y	W	H	M	C	P
0	0.15658	0.07132	0.05052	0.05563	0.07047	0.13927	0.06583	0.10411	0.05232	0.07013	0.05573	0.01900	0.01490	0.00796	0.00672	0.00216	0.00864	0.00626	0.00509	0.03735
1	0.05617	0.18416	0.07205	0.08870	0.12543	0.09581	0.09608	0.09450	0.05114	0.04722	0.01445	0.01688	0.01131	0.00725	0.00675	0.00213	0.00937	0.00601	0.00434	0.01027
2	0.04846	0.04266	0.07733	0.08357	0.08444	0.11398	0.01394	0.07493	0.06873	0.07505	0.16953	0.02972	0.06653	0.01015	0.00747	0.00226	0.00767	0.00833	0.00582	0.00943
3	0.04774	0.12247	0.05199	0.07478	0.17955	0.15026	0.04322	0.06430	0.01848	0.02360	0.07960	0.02234	0.04938	0.00862	0.00759	0.00217	0.03298	0.00693	0.00443	0.00956
4	0.01821	0.01789	0.03034	0.07588	0.39794	0.04021	0.15193	0.04692	0.01702	0.02354	0.01389	0.01870	0.01145	0.00812	0.00981	0.04394	0.05301	0.00698	0.00377	0.01046
5	0.01084	0.00791	0.00994	0.01089	0.03746	0.00794	0.00683	0.01279	0.04075	0.01814	0.07036	0.21776	0.06875	0.34834	0.09356	0.00570	0.00737	0.01324	0.00549	0.00594
6	0.01766	0.05227	0.16254	0.02847	0.28512	0.04616	0.05149	0.05535	0.10440	0.02512	0.02172	0.02363	0.07651	0.00843	0.00739	0.00228	0.00870	0.00740	0.00455	0.01081
7	0.00921	0.00653	0.00857	0.01013	0.01052	0.00614	0.00667	0.01038	0.01389	0.01852	0.03926	0.66956	0.04701	0.09080	0.01215	0.00341	0.00458	0.02013	0.00667	0.00589
8	0.01520	0.01417	0.02443	0.18503	0.16755	0.01445	0.15181	0.04218	0.01752	0.02415	0.11515	0.06915	0.05020	0.00954	0.00790	0.00235	0.00827	0.00919	0.02999	0.04178
9	0.01487	0.01270	0.01633	0.05836	0.08959	0.01225	0.01129	0.02136	0.14054	0.02340	0.01989	0.07368	0.01773	0.04677	0.10690	0.00349	0.00820	0.00751	0.00498	0.31015
10	0.01358	0.00830	0.00997	0.00911	0.01176	0.00733	0.00699	0.01638	0.01919	0.12950	0.31619	0.05515	0.29240	0.01523	0.00835	0.00236	0.00403	0.01296	0.05362	0.00759
11	0.01536	0.10546	0.63771	0.02035	0.03089	0.01839	0.02603	0.02339	0.01562	0.02294	0.01304	0.01532	0.00942	0.00699	0.00684	0.00228	0.01068	0.00534	0.00314	0.01083
12	0.01713	0.01664	0.01539	0.01501	0.03993	0.19441	0.01084	0.04450	0.05743	0.01940	0.01798	0.04656	0.01683	0.10178	0.21644	0.07932	0.05047	0.00751	0.02502	0.00741
13	0.00920	0.00658	0.00851	0.00999	0.01048	0.00615	0.00661	0.01040	0.01402	0.01857	0.04091	0.63764	0.07786	0.09059	0.01211	0.00339	0.00455	0.01987	0.00667	0.00590
14	0.00926	0.00661	0.00886	0.01058	0.01111	0.00622	0.00727	0.01071	0.01443	0.01919	0.04080	0.68630	0.04863	0.02306	0.00953	0.00304	0.00449	0.06694	0.00689	0.00609
15	0.07171	0.01643	0.01782	0.01434	0.01932	0.01777	0.01165	0.33237	0.13967	0.14787	0.02222	0.02168	0.01585	0.00900	0.00699	0.00223	0.00671	0.00698	0.10793	0.01146
16	0.06256	0.01815	0.07904	0.01494	0.01980	0.06375	0.01271	0.11770	0.25185	0.14262	0.04978	0.09124	0.02194	0.01060	0.00749	0.00241	0.00700	0.00865	0.00695	0.01081

[dist]
# distance from previous block
# <min> <max>
1	3

[block]
# block no. 4 follows, 27 sequences, length 25
# corresponding to MSA columns:
# 199-223
name=unknown_E
#
# <colnr> <probs for GDERKNQSTAVLIFYWHMCP>
#	G	D	E	R	K	N	Q	S	T	A	V	L	I	F	Y	W	H	M	C	P
0	0.01890	0.01762	0.04526	0.14078	0.33899	0.04318	0.01897	0.10469	0.05462	0.04304	0.04812	0.02097	0.01512	0.00929	0.02746	0.00257	0.02806	0.00700	0.00464	0.01073
1	0.01146	0.01134	0.07458	0.01171	0.01449	0.00920	0.01005	0.01666	0.09215	0.02400	0.19041	0.18703	0.17033	0.01706	0.00887	0.00272	0.00527	0.12820	0.00690	0.00755
2	0.14419	0.11579	0.09878	0.04390	0.17750	0.08321	0.04832	0.02434	0.07689	0.02461	0.01404	0.01642	0.01124	0.00698	0.00638	0.00207	0.00849	0.00560	0.00413	0.08713
3	0.05752	0.14227	0.22011	0.05728	0.07168	0.19447	0.01818	0.02342	0.01634	0.02073	0.01261	0.01580	0.01031	0.01113	0.06184	0.00290	0.04511	0.00537	0.00351	0.00943
4	0.01763	0.00986	0.01247	0.01085	0.01405	0.00920	0.00847	0.02257	0.08723	0.21889	0.37731	0.04557	0.10869	0.01330	0.00827	0.00236	0.00457	0.01143	0.00828	0.00901
5	0.01075	0.00742	0.00946	0.00932	0.01093	0.00717	0.00695	0.01379	0.01793	0.02590	0.38610	0.11726	0.09595	0.02105	0.10836	0.00370	0.00593	0.01260	0.12264	0.00679
6	0.00993	0.00757	0.00917	0.00908	0.01101	0.00680	0.00688	0.01274	0.01892	0.02525	0.39292	0.10328	0.27993	0.01728	0.00891	0.00251	0.00388	0.05969	0.00756	0.00668
7	0.00990	0.00707	0.00959	0.01131	0.01211	0.00676	0.00837	0.01181	0.01505	0.01990	0.04045	0.54427	0.04724	0.02245	0.00970	0.00313	0.00505	0.20268	0.00688	0.00627
8	0.79154	0.01436	0.01091	0.00976	0.01436	0.01665	0.00804	0.02182	0.01263	0.03331	0.01034	0.01206	0.00804	0.00689	0.00459	0.00230	0.00574	0.00402	0.00459	0.00804
9	0.01133	0.00823	0.01033	0.01108	0.01239	0.00805	0.00800	0.07754	0.01723	0.02295	0.09092	0.51811	0.08004	0.02071	0.00924	0.00289	0.00482	0.07224	0.00704	0.00685
10	0.00911	0.00663	0.00845	0.00986	0.01052	0.00613	0.00660	0.01040	0.01435	0.01882	0.04412	0.61272	0.12676	0.06432	0.01103	0.00320	0.00441	0.01984	0.00675	0.00597
11	0.01948	0.01521	0.01657	0.01451	0.01856	0.01696	0.01134	0.16367	0.40307	0.05880	0.07980	0.09913	0.02678	0.01153	0.00781	0.00249	0.00602	0.00968	0.00757	0.01102
12	0.01818	0.02075	0.04150	0.03160	0.08467	0.05883	0.58195	0.02405	0.01768	0.02349	0.01474	0.01952	0.01120	0.00636	0.00854	0.00245	0.01230	0.00838	0.00375	0.01006
13	0.01013	0.00761	0.01045	0.01281	0.06365	0.00721	0.00809	0.01190	0.01508	0.02029	0.10441	0.51064	0.07285	0.07209	0.01126	0.00318	0.00485	0.04040	0.00660	0.00650
14	0.01667	0.01562	0.04408	0.05127	0.31278	0.01551	0.01659	0.05442	0.15709	0.02659	0.08678	0.03237	0.07411	0.01020	0.00783	0.00241	0.00725	0.05248	0.00552	0.01044
15	0.01578	0.16511	0.58173	0.01964	0.02978	0.01942	0.02478	0.02328	0.01557	0.02242	0.01278	0.01500	0.00943	0.00693	0.00664	0.00221	0.01043	0.00521	0.00314	0.01071
16	0.73794	0.06500	0.01286	0.00997	0.01468	0.01754	0.00836	0.02185	0.01280	0.03221	0.01034	0.01205	0.00814	0.00685	0.00461	0.00225	0.00590	0.00402	0.00450	0.00814
17	0.01803	0.01949	0.05750	0.09670	0.32882	0.07152	0.16155	0.02259	0.01658	0.02271	0.01387	0.01849	0.01128	0.00736	0.00908	0.00236	0.07512	0.00689	0.02980	0.01029
18	0.01068	0.00764	0.01036	0.01036	0.01114	0.00843	0.00732	0.01225	0.01147	0.01607	0.02132	0.03713	0.02202	0.33593	0.43416	0.00999	0.01468	0.00912	0.00419	0.00575
19	0.01240	0.00818	0.01165	0.01134	0.01276	0.00903	0.00854	0.01459	0.01245	0.06952	0.02125	0.03238	0.02007	0.17584	0.53353	0.01033	0.01653	0.00843	0.00448	0.00671
20	0.00923	0.00677	0.00867	0.00981	0.01072	0.00621	0.00674	0.01093	0.01560	0.02073	0.14328	0.54343	0.13769	0.02144	0.00927	0.00284	0.00411	0.01922	0.00708	0.00621
21	0.01489	0.03840	0.70064	0.02116	0.03213	0.01724	0.02743	0.02351	0.01567	0.02351	0.01332	0.01567	0.00940	0.00705	0.00705	0.00235	0.01097	0.00549	0.00313	0.01097
22	0.01985	0.74357	0.03890	0.01270	0.01905	0.02937	0.01270	0.02223	0.01508	0.01747	0.01032	0.01191	0.00953	0.00635	0.00476	0.00159	0.00794	0.00397	0.00318	0.00953
23	0.01494	0.06901	0.01625	0.01126	0.01667	0.01176	0.00910	0.01967	0.07722	0.02374	0.05303	0.02325	0.06265	0.01140	0.06225	0.00229	0.00665	0.00625	0.00492	0.49767
24	0.15422	0.01674	0.01698	0.01462	0.01927	0.01915	0.01163	0.17450	0.42256	0.03490	0.02406	0.02283	0.01793	0.00927	0.00701	0.00242	0.00636	0.00726	0.00701	0.01130

[dist]
# distance from previous block
# <min> <max>
0	22

[block]
# block no. 5 follows, 27 sequences, length 76
# corresponding to MSA columns:
# 258-314,316-334
name=unknown_F
#
# <colnr> <probs for GDERKNQSTAVLIFYWHMCP>
#	G	D	E	R	K	N	Q	S	T	A	V	L	I	F	Y	W	H	M	C	P
0	0.01041	0.00755	0.00984	0.00961	0.01127	0.00698	0.00723	0.01366	0.02007	0.02809	0.57566	0.11443	0.08887	0.01629	0.00890	0.00246	0.00377	0.05009	0.00794	0.00689
1	0.00954	0.00734	0.01024	0.01091	0.01196	0.00678	0.04041	0.01109	0.01457	0.01911	0.04333	0.57105	0.13320	0.05971	0.01084	0.00314	0.00481	0.01918	0.00660	0.00619
2	0.02755	0.01128	0.01530	0.01236	0.01698	0.00985	0.00994	0.03034	0.02048	0.53251	0.12389	0.10349	0.02890	0.01150	0.00786	0.00238	0.00571	0.00973	0.00880	0.01115
3	0.01866	0.03222	0.38028	0.01981	0.02756	0.17970	0.05464	0.04901	0.07358	0.02367	0.01512	0.01727	0.01137	0.00910	0.02978	0.00256	0.01114	0.00590	0.02841	0.01022
4	0.75139	0.01395	0.01079	0.00979	0.01417	0.01611	0.00798	0.02123	0.01271	0.03257	0.01191	0.04912	0.01015	0.00773	0.00484	0.00233	0.00567	0.00490	0.00471	0.00794
5	0.01759	0.07238	0.01851	0.01702	0.10317	0.03286	0.01188	0.12986	0.06488	0.04504	0.05160	0.02687	0.05244	0.04772	0.13166	0.03671	0.04822	0.00770	0.07489	0.00900
6	0.01063	0.00786	0.01146	0.01146	0.01262	0.00902	0.00869	0.01296	0.01179	0.01689	0.02031	0.03154	0.01959	0.13932	0.62745	0.01135	0.01833	0.00830	0.00404	0.00637
7	0.01924	0.07687	0.23800	0.06676	0.08444	0.09125	0.09805	0.08876	0.01864	0.06111	0.01755	0.01981	0.04562	0.00807	0.00785	0.00229	0.03441	0.00665	0.00430	0.01031
8	0.04143	0.60307	0.05551	0.01428	0.02052	0.09538	0.04070	0.02305	0.01572	0.01841	0.01072	0.01251	0.00956	0.00651	0.00518	0.00170	0.00870	0.00430	0.00330	0.00946
9	0.34802	0.11001	0.04872	0.10010	0.17809	0.04220	0.03239	0.02216	0.01473	0.02640	0.01178	0.01478	0.00950	0.00683	0.00586	0.00220	0.00786	0.00512	0.00395	0.00930
10	0.01071	0.00842	0.00979	0.00937	0.01159	0.00794	0.00704	0.01545	0.08988	0.02618	0.38438	0.08297	0.27634	0.01617	0.00866	0.00244	0.00387	0.01394	0.00762	0.00722
11	0.00930	0.00663	0.00848	0.00984	0.01032	0.00622	0.00646	0.01042	0.01384	0.01832	0.04011	0.59365	0.08058	0.13217	0.01375	0.00363	0.00472	0.01924	0.00653	0.00581
12	0.01642	0.08390	0.02479	0.06284	0.26631	0.01872	0.01702	0.02015	0.04093	0.02054	0.01414	0.02014	0.01276	0.04361	0.10021	0.00387	0.21378	0.00673	0.00371	0.00941
13	0.01037	0.00758	0.00973	0.00919	0.01100	0.00694	0.00689	0.01374	0.02068	0.02898	0.63897	0.05675	0.12045	0.01547	0.00876	0.00235	0.00352	0.01361	0.00807	0.00694
14	0.02113	0.19264	0.13886	0.02343	0.13828	0.08585	0.09664	0.16795	0.02077	0.02697	0.01377	0.01605	0.01079	0.00719	0.00683	0.00210	0.00969	0.00592	0.00434	0.01080
15	0.24301	0.01993	0.08578	0.01758	0.09065	0.10740	0.01368	0.05750	0.08411	0.18481	0.01791	0.01816	0.01285	0.00792	0.00650	0.00226	0.00786	0.00590	0.00575	0.01045
16	0.00957	0.00729	0.00879	0.00976	0.01120	0.00665	0.00723	0.01141	0.01559	0.01973	0.05270	0.32628	0.28992	0.05899	0.01085	0.00312	0.00472	0.13326	0.00676	0.00619
17	0.53404	0.08337	0.01596	0.01175	0.01644	0.04859	0.04323	0.04861	0.01505	0.03033	0.04534	0.01797	0.04851	0.00795	0.00546	0.00223	0.00654	0.00547	0.00479	0.00836
18	0.01063	0.00776	0.01017	0.01022	0.01064	0.00783	0.02948	0.01139	0.01231	0.01653	0.02891	0.29608	0.03377	0.42178	0.02587	0.00534	0.03630	0.01430	0.00529	0.00540
19	0.01539	0.01319	0.01539	0.01100	0.01759	0.00990	0.00880	0.01869	0.01539	0.02419	0.01319	0.01539	0.01100	0.00550	0.00550	0.00110	0.00550	0.00440	0.00440	0.78449
20	0.01462	0.01231	0.01455	0.01094	0.01672	0.00945	0.00868	0.01783	0.01577	0.02423	0.06118	0.05840	0.01803	0.00758	0.00608	0.00136	0.00534	0.02654	0.00486	0.66553
21	0.09694	0.01293	0.01607	0.12244	0.02205	0.01305	0.01140	0.07056	0.04222	0.18477	0.07851	0.02771	0.08704	0.00968	0.00778	0.00218	0.03664	0.00771	0.00622	0.14407
22	0.01489	0.03840	0.70064	0.02116	0.03213	0.01724	0.02743	0.02351	0.01567	0.02351	0.01332	0.01567	0.00940	0.00705	0.00705	0.00235	0.01097	0.00549	0.00313	0.01097
23	0.01981	0.01855	0.08579	0.01496	0.02037	0.07145	0.03034	0.17757	0.06751	0.07299	0.05469	0.11168	0.02033	0.01000	0.00725	0.00209	0.00735	0.00829	0.00598	0.19301
24	0.02762	0.01646	0.01927	0.01501	0.02046	0.01705	0.01233	0.36395	0.02722	0.26064	0.02167	0.02134	0.01507	0.01353	0.07750	0.00317	0.00861	0.00698	0.00754	0.04458
25	0.02193	0.19253	0.14243	0.01957	0.11214	0.03734	0.01628	0.11377	0.08963	0.13644	0.03608	0.01930	0.01471	0.00798	0.00676	0.00213	0.00814	0.00627	0.00541	0.01114
26	0.02229	0.05418	0.05010	0.01808	0.05706	0.14141	0.04118	0.26680	0.09607	0.03212	0.07513	0.05109	0.04203	0.00980	0.00746	0.00224	0.00849	0.00787	0.00609	0.01051
27	0.02755	0.01983	0.02147	0.01663	0.02231	0.02179	0.01366	0.61390	0.03344	0.07062	0.01931	0.05056	0.01450	0.00957	0.00752	0.00227	0.00792	0.00737	0.00747	0.01233
28	0.01402	0.01319	0.02227	0.72126	0.05113	0.01649	0.02062	0.01897	0.01484	0.01897	0.01319	0.01979	0.00990	0.00742	0.00742	0.00247	0.00990	0.00660	0.00330	0.00825
29	0.02444	0.01222	0.01581	0.01300	0.01737	0.01163	0.01053	0.05769	0.07436	0.37866	0.13538	0.05638	0.02842	0.01127	0.00856	0.00238	0.03853	0.04240	0.00808	0.05289
30	0.01477	0.07320	0.01479	0.01190	0.01390	0.07706	0.00893	0.07875	0.01492	0.01929	0.01925	0.03155	0.01917	0.26827	0.29422	0.00761	0.01294	0.00814	0.00441	0.00694
31	0.01080	0.00720	0.00810	0.00810	0.00810	0.00720	0.00450	0.01080	0.01080	0.01439	0.02339	0.04858	0.02699	0.73910	0.03779	0.00720	0.00720	0.01080	0.00450	0.00450
32	0.70911	0.05414	0.01294	0.01043	0.01507	0.05500	0.00863	0.02227	0.01322	0.03164	0.01040	0.01212	0.00820	0.00690	0.00472	0.00224	0.00627	0.00406	0.00448	0.00815
33	0.02178	0.16017	0.02282	0.01688	0.04864	0.18192	0.01307	0.05788	0.32226	0.04852	0.02081	0.02046	0.01608	0.00857	0.00680	0.00217	0.00826	0.00653	0.00573	0.01065
34	0.03910	0.01395	0.07609	0.04657	0.02042	0.01185	0.08188	0.04868	0.01883	0.17396	0.15021	0.06298	0.09535	0.01213	0.00855	0.00248	0.02727	0.06333	0.03722	0.00914
35	0.02773	0.03538	0.02104	0.01913	0.02295	0.70930	0.01434	0.02964	0.02104	0.01817	0.01148	0.01339	0.00956	0.00765	0.00669	0.00191	0.01339	0.00478	0.00383	0.00861
36	0.01662	0.01343	0.01529	0.01375	0.01714	0.01519	0.01077	0.11357	0.33328	0.02886	0.07874	0.03075	0.05171	0.02303	0.19793	0.00501	0.00971	0.00874	0.00659	0.00988
37	0.01133	0.00701	0.00850	0.00850	0.00850	0.00701	0.00499	0.01051	0.01051	0.01401	0.02072	0.04196	0.02340	0.55752	0.03555	0.20494	0.00701	0.00969	0.00417	0.00417
38	0.79154	0.01436	0.01091	0.00976	0.01436	0.01665	0.00804	0.02182	0.01263	0.03331	0.01034	0.01206	0.00804	0.00689	0.00459	0.00230	0.00574	0.00402	0.00459	0.00804
39	0.79154	0.01436	0.01091	0.00976	0.01436	0.01665	0.00804	0.02182	0.01263	0.03331	0.01034	0.01206	0.00804	0.00689	0.00459	0.00230	0.00574	0.00402	0.00459	0.00804
40	0.01646	0.01778	0.12295	0.06205	0.02288	0.01343	0.03167	0.09825	0.05243	0.02636	0.01704	0.07721	0.01469	0.00803	0.00663	0.00180	0.00708	0.00673	0.00485	0.39169
41	0.02561	0.02001	0.02213	0.01757	0.02203	0.05110	0.01449	0.46426	0.02829	0.06512	0.01614	0.01757	0.01206	0.00982	0.01135	0.00246	0.17562	0.00659	0.00637	0.01141
42	0.03639	0.01765	0.04548	0.10061	0.16231	0.07544	0.04062	0.10222	0.03663	0.04271	0.01655	0.05676	0.01416	0.03744	0.00822	0.00224	0.00821	0.00695	0.00473	0.18467
43	0.01470	0.01339	0.04409	0.01749	0.12027	0.01312	0.01200	0.04621	0.21552	0.02631	0.13719	0.06869	0.12080	0.04286	0.04641	0.00316	0.00672	0.03540	0.00641	0.00926
44	0.01904	0.01465	0.01581	0.01365	0.01736	0.03909	0.01055	0.29237	0.05115	0.03207	0.02626	0.27824	0.02624	0.01377	0.00788	0.00238	0.00642	0.01170	0.03441	0.08694
45	0.00938	0.00705	0.01000	0.01108	0.01187	0.00655	0.03344	0.01089	0.01444	0.01918	0.04109	0.68195	0.07027	0.02241	0.00942	0.00298	0.00462	0.02041	0.00676	0.00620
46	0.01818	0.01708	0.02843	0.15471	0.55223	0.01774	0.02197	0.05635	0.01752	0.02458	0.01404	0.01858	0.01150	0.00687	0.00737	0.00225	0.00896	0.00662	0.00381	0.01123
47	0.01738	0.08877	0.01644	0.01321	0.01594	0.18246	0.01024	0.04273	0.04090	0.04129	0.02316	0.09247	0.04840	0.09354	0.16686	0.00487	0.01095	0.03723	0.04544	0.00774
48	0.02814	0.02307	0.02209	0.01740	0.02301	0.12987	0.01415	0.56865	0.03275	0.04233	0.01683	0.01713	0.01215	0.00872	0.00731	0.00218	0.00898	0.00639	0.00687	0.01200
49	0.01819	0.05493	0.28505	0.09188	0.10261	0.01688	0.06439	0.06560	0.05134	0.09121	0.05281	0.02036	0.01494	0.00784	0.00728	0.00229	0.00916	0.00670	0.00465	0.03187
50	0.03803	0.01830	0.05033	0.28150	0.29956	0.08599	0.03872	0.02284	0.01667	0.05763	0.01417	0.01854	0.01103	0.00716	0.00728	0.00229	0.00964	0.00642	0.00385	0.01006
51	0.00904	0.00646	0.00861	0.01034	0.01077	0.00603	0.00689	0.01034	0.01421	0.01895	0.04092	0.73426	0.04910	0.02326	0.00948	0.00301	0.00431	0.02110	0.00689	0.00603
52	0.01846	0.01694	0.02892	0.07003	0.31349	0.03853	0.18133	0.04615	0.01757	0.06918	0.01812	0.08667	0.01595	0.03436	0.00897	0.00254	0.00929	0.00865	0.00452	0.01033
53	0.01810	0.08749	0.27988	0.07554	0.07765	0.04202	0.05333	0.05100	0.04288	0.08550	0.04707	0.04958	0.01563	0.00861	0.00782	0.00233	0.03364	0.00707	0.00455	0.01032
54	0.01097	0.00896	0.01180	0.01167	0.01250	0.01014	0.00867	0.01257	0.01343	0.01832	0.05199	0.24944	0.13834	0.11648	0.14456	0.00513	0.14983	0.01340	0.00537	0.00643
55	0.01444	0.03425	0.59718	0.02061	0.03035	0.01620	0.05876	0.02221	0.01562	0.02307	0.01617	0.08767	0.01347	0.00863	0.00738	0.00243	0.01039	0.00722	0.00354	0.01043
56	0.05134	0.08684	0.15036	0.20677	0.09768	0.01719	0.07629	0.03574	0.01587	0.04860	0.01785	0.04750	0.04334	0.03344	0.00897	0.00254	0.03895	0.00735	0.00406	0.00934
57	0.02242	0.01860	0.04582	0.14188	0.06237	0.10025	0.04116	0.13863	0.13054	0.14724	0.02117	0.06155	0.01633	0.00926	0.00752	0.00235	0.00849	0.00772	0.00607	0.01064
58	0.05773	0.03003	0.02184	0.05006	0.10080	0.51173	0.01540	0.05048	0.01995	0.02056	0.01192	0.01447	0.00989	0.00781	0.00766	0.00207	0.04944	0.00519	0.00392	0.00905
59	0.04554	0.10528	0.09882	0.08078	0.11513	0.05375	0.06710	0.06902	0.10113	0.02515	0.05780	0.05136	0.01773	0.02964	0.00798	0.00235	0.00831	0.00741	0.00480	0.05093
60	0.10620	0.34350	0.20029	0.01490	0.02204	0.02228	0.01578	0.05409	0.05117	0.08643	0.01424	0.01523	0.01098	0.00717	0.00585	0.00201	0.00822	0.00504	0.00431	0.01028
61	0.14382	0.10760	0.11605	0.01508	0.02100	0.08256	0.01393	0.10329	0.06941	0.20653	0.01827	0.01818	0.01300	0.00821	0.00711	0.00222	0.03118	0.00593	0.00588	0.01073
62	0.01640	0.01239	0.01450	0.01378	0.01674	0.01329	0.01127	0.15747	0.15074	0.02862	0.05670	0.05401	0.05487	0.08293	0.01159	0.00327	0.00673	0.27897	0.00693	0.00879
63	0.00926	0.00721	0.00789	0.00828	0.00979	0.00641	0.00569	0.01061	0.01501	0.01861	0.05648	0.21779	0.40413	0.17147	0.01504	0.00361	0.00461	0.01588	0.00639	0.00584
64	0.01032	0.00767	0.00966	0.00942	0.01131	0.00702	0.00724	0.01350	0.01983	0.02715	0.50599	0.06135	0.18650	0.01641	0.00891	0.00248	0.00388	0.07672	0.00779	0.00685
65	0.01069	0.00721	0.00807	0.00807	0.00820	0.00715	0.00456	0.01079	0.01112	0.01469	0.02610	0.04978	0.06164	0.70144	0.03627	0.00695	0.00702	0.01105	0.00462	0.00459
66	0.00927	0.00696	0.00835	0.00917	0.01030	0.00631	0.00628	0.01081	0.01531	0.01980	0.10784	0.40280	0.24401	0.09267	0.01202	0.00322	0.00436	0.01773	0.00677	0.00604
67	0.02915	0.01930	0.02136	0.01637	0.02228	0.02081	0.01353	0.55256	0.03241	0.16579	0.01992	0.01918	0.01368	0.00896	0.00743	0.00224	0.00783	0.00683	0.00775	0.01263
68	0.01872	0.48398	0.24539	0.01570	0.02337	0.06255	0.01741	0.02303	0.01559	0.01940	0.01132	0.01317	0.00949	0.00664	0.00559	0.00184	0.00919	0.00449	0.00320	0.00993
69	0.01091	0.00733	0.00918	0.00915	0.01055	0.00693	0.00666	0.01376	0.01810	0.02620	0.40669	0.14640	0.05403	0.08317	0.01107	0.00283	0.00408	0.03749	0.12886	0.00661
70	0.01307	0.00749	0.01162	0.11970	0.01608	0.00800	0.00864	0.01111	0.01047	0.01383	0.01294	0.02214	0.01243	0.02295	0.02568	0.66317	0.00698	0.00647	0.00324	0.00400
71	0.00939	0.00668	0.00875	0.01001	0.01058	0.00626	0.00670	0.01087	0.01485	0.02003	0.12733	0.58389	0.05006	0.08300	0.01178	0.00328	0.00444	0.01919	0.00686	0.00603
72	0.01985	0.74357	0.03890	0.01270	0.01905	0.02937	0.01270	0.02223	0.01508	0.01747	0.01032	0.01191	0.00953	0.00635	0.00476	0.00159	0.00794	0.00397	0.00318	0.00953
73	0.02025	0.10127	0.02631	0.04579	0.05996	0.22387	0.13497	0.06857	0.01869	0.02218	0.04614	0.07388	0.01687	0.00968	0.00914	0.00232	0.08170	0.02493	0.00442	0.00904
74	0.01622	0.03638	0.08158	0.01436	0.04548	0.01215	0.03899	0.05332	0.01697	0.04442	0.04203	0.04518	0.03873	0.00749	0.00637	0.00159	0.00649	0.00629	0.00480	0.48118
75	0.03791	0.03616	0.09207	0.02057	0.14338	0.01336	0.09519	0.05431	0.01849	0.05993	0.14666	0.06837	0.14118	0.01164	0.00803	0.00240	0.00716	0.02828	0.00571	0.00919

[dist]
# distance from previous block
# <min> <max>
0	260

[block]
# block no. 6 follows, 27 sequences, length 30
# corresponding to MSA columns:
# 595-624
name=unknown_G
#
# <colnr> <probs for GDERKNQSTAVLIFYWHMCP>
#	G	D	E	R	K	N	Q	S	T	A	V	L	I	F	Y	W	H	M	C	P
0	0.01011	0.00757	0.00937	0.00892	0.01085	0.00684	0.00669	0.01324	0.02008	0.02755	0.54857	0.05911	0.21174	0.01601	0.00876	0.00237	0.00356	0.01394	0.00788	0.00684
1	0.01026	0.00726	0.00968	0.01117	0.01198	0.00703	0.00829	0.01210	0.01474	0.01946	0.03810	0.42564	0.04408	0.11521	0.01341	0.00369	0.00554	0.22970	0.00656	0.00610
2	0.01736	0.15327	0.36998	0.07433	0.06048	0.05854	0.09302	0.04843	0.01682	0.02281	0.01309	0.01589	0.00991	0.00696	0.00688	0.00221	0.01047	0.00573	0.00345	0.01038
3	0.01789	0.01714	0.02925	0.12124	0.62094	0.01751	0.02254	0.02236	0.01667	0.02366	0.01388	0.01853	0.01155	0.00670	0.00736	0.00223	0.00894	0.00661	0.00363	0.01137
4	0.00950	0.00665	0.00848	0.00975	0.01007	0.00634	0.00626	0.01046	0.01332	0.01776	0.03633	0.55472	0.04331	0.21069	0.01689	0.00411	0.00506	0.01841	0.00626	0.00563
5	0.01686	0.05287	0.13813	0.25085	0.30027	0.04503	0.02168	0.02255	0.04012	0.02217	0.01394	0.01822	0.01099	0.00710	0.00719	0.00229	0.00955	0.00630	0.00359	0.01030
6	0.01376	0.01198	0.01738	0.01632	0.06235	0.01203	0.10192	0.04660	0.13548	0.02535	0.14270	0.11778	0.16040	0.01622	0.04572	0.00306	0.00694	0.04905	0.00643	0.00854
7	0.00972	0.00684	0.00894	0.01039	0.01120	0.00644	0.00737	0.01152	0.01504	0.02034	0.06779	0.55749	0.07541	0.02157	0.00927	0.00294	0.00452	0.09661	0.05037	0.00623
8	0.01031	0.00710	0.00842	0.00895	0.00928	0.00693	0.00558	0.01093	0.01233	0.01628	0.03136	0.22607	0.06696	0.48035	0.02758	0.00568	0.00627	0.04916	0.00536	0.00511
9	0.01628	0.07712	0.16422	0.08322	0.02350	0.01580	0.03626	0.10809	0.04917	0.04632	0.15943	0.03147	0.10018	0.01074	0.00846	0.00236	0.04366	0.00875	0.00559	0.00938
10	0.79154	0.01436	0.01091	0.00976	0.01436	0.01665	0.00804	0.02182	0.01263	0.03331	0.01034	0.01206	0.00804	0.00689	0.00459	0.00230	0.00574	0.00402	0.00459	0.00804
11	0.01055	0.00775	0.01080	0.01080	0.01188	0.00863	0.00797	0.01254	0.01193	0.01672	0.02364	0.03596	0.05612	0.21393	0.51502	0.01032	0.01606	0.00903	0.00425	0.00611
12	0.02486	0.21025	0.02746	0.01703	0.02269	0.13129	0.07490	0.23907	0.02361	0.10506	0.01677	0.01932	0.01308	0.00830	0.00686	0.00209	0.00908	0.03199	0.00557	0.01070
