[name]
unknown

[dist]
# distance from previous block
# <min> <max>
2	61

[block]
# block no. 0 follows, 28 sequences, length 7
# corresponding to MSA columns:
# 142-148
name=unknown_A
#
# <colnr> <probs for GDERKNQSTAVLIFYWHMCP>
#	G	D	E	R	K	N	Q	S	T	A	V	L	I	F	Y	W	H	M	C	P
0	0.01700	0.01639	0.02071	0.07383	0.18764	0.09754	0.05026	0.07389	0.01794	0.02373	0.06214	0.08119	0.07435	0.00977	0.00811	0.00214	0.04316	0.00833	0.00477	0.12713
1	0.01267	0.00904	0.01235	0.04332	0.04103	0.00952	0.00932	0.05391	0.01508	0.06059	0.03052	0.42594	0.03386	0.05939	0.10149	0.00414	0.04991	0.01485	0.00595	0.00711
2	0.05926	0.10474	0.23120	0.01834	0.05215	0.06170	0.07626	0.06557	0.01702	0.02374	0.06596	0.06396	0.05689	0.00950	0.00829	0.00230	0.06184	0.00762	0.00435	0.00930
3	0.02188	0.08959	0.05223	0.05552	0.13545	0.17274	0.01477	0.10387	0.06809	0.10553	0.01741	0.03710	0.01406	0.03776	0.04023	0.00273	0.00944	0.00658	0.00503	0.00999
4	0.01712	0.01386	0.07328	0.04089	0.05918	0.04465	0.01139	0.02095	0.04647	0.16562	0.07932	0.19330	0.09707	0.01277	0.00771	0.00231	0.00618	0.01100	0.00630	0.09062
5	0.12126	0.01236	0.01377	0.01329	0.04881	0.06200	0.04165	0.04393	0.04833	0.05819	0.16694	0.14103	0.13909	0.04652	0.00903	0.00260	0.00588	0.01128	0.00622	0.00782
6	0.06551	0.05345	0.05183	0.01586	0.05246	0.17851	0.03004	0.02424	0.08760	0.09982	0.11570	0.09343	0.02505	0.01057	0.00725	0.00222	0.00774	0.03317	0.00571	0.03983

[dist]
# distance from previous block
# <min> <max>
8	34

[block]
# block no. 1 follows, 28 sequences, length 55
# corresponding to MSA columns:
# 183-237
name=unknown_B
#
# <colnr> <probs for GDERKNQSTAVLIFYWHMCP>
#	G	D	E	R	K	N	Q	S	T	A	V	L	I	F	Y	W	H	M	C	P
0	0.04208	0.10441	0.06627	0.04239	0.12352	0.08065	0.03943	0.12049	0.04055	0.02543	0.03318	0.01843	0.01336	0.01222	0.08211	0.00296	0.00947	0.00599	0.00449	0.13257
1	0.01394	0.01291	0.06121	0.11901	0.04842	0.03242	0.03273	0.05583	0.03745	0.04762	0.05505	0.24786	0.04953	0.07748	0.04736	0.00336	0.00753	0.01181	0.00543	0.03304
2	0.04437	0.16872	0.05326	0.08614	0.07820	0.06792	0.03535	0.16253	0.02011	0.09304	0.01845	0.06392	0.03557	0.00870	0.00673	0.00210	0.00807	0.00697	0.00512	0.03473
3	0.01847	0.16642	0.04553	0.01701	0.10896	0.07990	0.01232	0.02187	0.04302	0.11497	0.04041	0.05574	0.01807	0.08930	0.11210	0.00392	0.00943	0.00732	0.00483	0.03043
4	0.01777	0.16974	0.12927	0.06118	0.04317	0.06487	0.01405	0.13527	0.03970	0.02395	0.04535	0.04544	0.01709	0.12649	0.03407	0.00318	0.00869	0.00714	0.00459	0.00900
5	0.01778	0.27752	0.31823	0.01961	0.05130	0.05071	0.09375	0.05237	0.01647	0.02186	0.01237	0.01466	0.00969	0.00667	0.00634	0.00203	0.00980	0.00529	0.00339	0.01016
6	0.02036	0.38414	0.05477	0.04534	0.04943	0.15402	0.10637	0.04928	0.01694	0.01975	0.01157	0.01405	0.00979	0.00681	0.00650	0.00189	0.03099	0.00511	0.00350	0.00939
7	0.01023	0.06708	0.01129	0.00986	0.01130	0.00829	0.00722	0.01222	0.01560	0.02091	0.20374	0.37460	0.10126	0.04848	0.06048	0.00341	0.00546	0.01566	0.00648	0.00643
8	0.01007	0.00746	0.00942	0.00905	0.01088	0.00681	0.00686	0.01324	0.01975	0.02726	0.56376	0.05812	0.17020	0.01568	0.00864	0.00236	0.00362	0.04236	0.00774	0.00673
9	0.00979	0.00730	0.00911	0.00890	0.01062	0.00661	0.00658	0.01267	0.01905	0.02610	0.50038	0.13244	0.19076	0.01643	0.00865	0.00239	0.00357	0.01440	0.00762	0.00661
10	0.00874	0.00721	0.00768	0.00790	0.01000	0.00615	0.00580	0.01060	0.01642	0.02009	0.10886	0.17106	0.55670	0.01884	0.00869	0.00252	0.00375	0.01601	0.00683	0.00615
11	0.01038	0.00779	0.01168	0.01168	0.01298	0.00909	0.00909	0.01298	0.01168	0.01687	0.01947	0.02856	0.01817	0.05452	0.71573	0.01168	0.01947	0.00779	0.00389	0.00649
12	0.02715	0.03464	0.02060	0.01873	0.02247	0.71536	0.01404	0.02903	0.02060	0.01779	0.01124	0.01311	0.00936	0.00749	0.00655	0.00187	0.01311	0.00468	0.00375	0.00843
13	0.01373	0.01292	0.02180	0.72707	0.05006	0.01615	0.02019	0.01857	0.01453	0.01857	0.01292	0.01938	0.00969	0.00727	0.00727	0.00242	0.00969	0.00646	0.00323	0.00807
14	0.01029	0.00743	0.00972	0.00914	0.01086	0.00686	0.00686	0.01372	0.02058	0.02915	0.69536	0.05430	0.06859	0.01486	0.00857	0.00229	0.00343	0.01315	0.00800	0.00686
15	0.01507	0.01292	0.01507	0.01077	0.01723	0.00969	0.00861	0.01830	0.01507	0.02369	0.01292	0.01507	0.01077	0.00538	0.00538	0.00108	0.00538	0.00431	0.00431	0.78898
16	0.01799	0.01727	0.02950	0.04462	0.69919	0.01727	0.02231	0.02231	0.01655	0.02375	0.01367	0.01799	0.01151	0.00648	0.00720	0.00216	0.00864	0.00648	0.00360	0.01151
17	0.01808	0.01561	0.01644	0.01479	0.01890	0.01808	0.01151	0.03863	0.68606	0.03041	0.02959	0.02712	0.02219	0.00986	0.00740	0.00247	0.00575	0.00822	0.00740	0.01151
18	0.52980	0.01347	0.01284	0.01074	0.01563	0.01435	0.00885	0.02627	0.01531	0.26675	0.01659	0.01632	0.01140	0.00753	0.00548	0.00225	0.00582	0.00511	0.00607	0.00944
19	0.02763	0.02036	0.02182	0.01672	0.02254	0.02254	0.01382	0.67496	0.03418	0.04581	0.01745	0.01745	0.01236	0.00873	0.00727	0.00218	0.00800	0.00654	0.00727	0.01236
20	0.01808	0.01561	0.01644	0.01479	0.01890	0.01808	0.01151	0.03863	0.68606	0.03041	0.02959	0.02712	0.02219	0.00986	0.00740	0.00247	0.00575	0.00822	0.00740	0.01151
21	0.02763	0.02036	0.02182	0.01672	0.02254	0.02254	0.01382	0.67496	0.03418	0.04581	0.01745	0.01745	0.01236	0.00873	0.00727	0.00218	0.00800	0.00654	0.00727	0.01236
22	0.01043	0.00699	0.00797	0.00811	0.00814	0.00695	0.00459	0.01053	0.01084	0.01446	0.02430	0.10374	0.02818	0.68597	0.03475	0.00671	0.00682	0.01139	0.00459	0.00453
23	0.01030	0.00751	0.00973	0.00941	0.01117	0.00695	0.00721	0.01360	0.01993	0.02779	0.59031	0.05797	0.11128	0.01560	0.00871	0.00240	0.00375	0.07182	0.00779	0.00679
24	0.47609	0.02262	0.01481	0.01337	0.01756	0.30712	0.01044	0.02455	0.01579	0.02645	0.01059	0.01235	0.00849	0.00706	0.00535	0.00209	0.00874	0.00425	0.00419	0.00810
25	0.00956	0.00712	0.00890	0.00905	0.01057	0.00646	0.00656	0.01209	0.01797	0.02438	0.39346	0.24285	0.18889	0.01771	0.00877	0.00250	0.00369	0.01562	0.00741	0.00646
26	0.02347	0.01106	0.01433	0.01179	0.01597	0.01018	0.00944	0.02836	0.09294	0.40400	0.22764	0.03555	0.06054	0.01120	0.00774	0.00229	0.00522	0.00946	0.00844	0.01040
27	0.01038	0.00779	0.01168	0.01168	0.01298	0.00909	0.00909	0.01298	0.01168	0.01687	0.01947	0.02856	0.01817	0.05452	0.71573	0.01168	0.01947	0.00779	0.00389	0.00649
28	0.01918	0.71101	0.07373	0.01288	0.01934	0.02813	0.01321	0.02183	0.01480	0.01742	0.01026	0.01186	0.00932	0.00626	0.00478	0.00159	0.00793	0.00397	0.00311	0.00940
29	0.00894	0.00643	0.00849	0.01011	0.01066	0.00599	0.00685	0.01029	0.01412	0.01870	0.04142	0.69072	0.07509	0.02250	0.00927	0.00294	0.00427	0.04050	0.00675	0.00594
30	0.01355	0.00678	0.00678	0.00678	0.00847	0.00678	0.00508	0.01694	0.01524	0.02710	0.02371	0.02710	0.01863	0.00847	0.00508	0.00169	0.00339	0.00678	0.78489	0.00678
31	0.01753	0.01680	0.02868	0.11800	0.62939	0.01715	0.02208	0.02191	0.01633	0.02319	0.01359	0.01814	0.01132	0.00656	0.00720	0.00219	0.00875	0.00647	0.00356	0.01114
32	0.01633	0.01647	0.03051	0.13963	0.29954	0.01671	0.22623	0.02096	0.01600	0.02223	0.01538	0.06456	0.01331	0.00775	0.00840	0.00235	0.03897	0.00798	0.00377	0.03292
33	0.02715	0.03464	0.02060	0.01873	0.02247	0.71536	0.01404	0.02903	0.02060	0.01779	0.01124	0.01311	0.00936	0.00749	0.00655	0.00187	0.01311	0.00468	0.00375	0.00843
34	0.15555	0.01758	0.02295	0.04959	0.34482	0.07836	0.01689	0.04736	0.01676	0.09890	0.01424	0.01706	0.01121	0.00753	0.00811	0.00226	0.07010	0.00596	0.00444	0.01033
35	0.01050	0.00733	0.00938	0.00938	0.00988	0.00784	0.00621	0.01150	0.01100	0.01517	0.02158	0.04022	0.02324	0.47774	0.29943	0.00884	0.01185	0.00949	0.00421	0.00521
36	0.01699	0.01754	0.02275	0.02124	0.07758	0.07808	0.01630	0.01884	0.01236	0.01805	0.01003	0.01586	0.00970	0.01176	0.02103	0.00299	0.61111	0.00623	0.00326	0.00830
37	0.01331	0.00868	0.01097	0.00991	0.01228	0.00817	0.00759	0.03775	0.04875	0.09686	0.54597	0.04986	0.09323	0.01406	0.00836	0.00230	0.00396	0.01226	0.00799	0.00774
38	0.00884	0.00637	0.00839	0.01000	0.01051	0.00591	0.00670	0.01013	0.01403	0.01860	0.04150	0.71122	0.07572	0.02259	0.00925	0.00293	0.00419	0.02044	0.00675	0.00591
39	0.01590	0.01590	0.02226	0.01908	0.01908	0.02226	0.01590	0.01749	0.01113	0.01749	0.00954	0.01590	0.00954	0.01272	0.02385	0.00318	0.73123	0.00636	0.00318	0.00795
40	0.00882	0.00729	0.00774	0.00781	0.01001	0.00621	0.00579	0.01081	0.01685	0.02072	0.14772	0.12237	0.56611	0.01833	0.00864	0.00247	0.00369	0.01550	0.00690	0.00621
41	0.02715	0.03464	0.02060	0.01873	0.02247	0.71536	0.01404	0.02903	0.02060	0.01779	0.01124	0.01311	0.00936	0.00749	0.00655	0.00187	0.01311	0.00468	0.00375	0.00843
42	0.00953	0.00740	0.00867	0.00835	0.01040	0.00654	0.00626	0.01225	0.01879	0.02491	0.41797	0.06128	0.34863	0.01644	0.00858	0.00236	0.00354	0.01413	0.00744	0.00654
43	0.01847	0.01581	0.01666	0.01487	0.01905	0.01826	0.01160	0.06452	0.65953	0.03103	0.02909	0.02673	0.02179	0.00982	0.00739	0.00245	0.00584	0.00815	0.00739	0.01154
44	0.23177	0.02029	0.01649	0.01399	0.01869	0.24865	0.01107	0.02958	0.01852	0.29701	0.01794	0.01743	0.01243	0.00790	0.00632	0.00212	0.00836	0.00554	0.00605	0.00986
45	0.02715	0.03464	0.02060	0.01873	0.02247	0.71536	0.01404	0.02903	0.02060	0.01779	0.01124	0.01311	0.00936	0.00749	0.00655	0.00187	0.01311	0.00468	0.00375	0.00843
46	0.01322	0.01142	0.01228	0.01338	0.01531	0.09539	0.01123	0.01615	0.01705	0.02092	0.03806	0.10756	0.09126	0.01853	0.00945	0.00307	0.00711	0.48544	0.00634	0.00682
47	0.01577	0.01580	0.02300	0.07697	0.02231	0.02162	0.04094	0.01780	0.01163	0.01780	0.01001	0.01632	0.00961	0.01203	0.02193	0.00309	0.64566	0.00645	0.00320	0.00803
48	0.01375	0.01055	0.01274	0.04203	0.01565	0.01116	0.00932	0.02285	0.24313	0.04987	0.35678	0.08053	0.04658	0.01333	0.00819	0.00243	0.00475	0.04027	0.00750	0.00859
49	0.00934	0.00665	0.00890	0.01052	0.01110	0.00631	0.00738	0.01086	0.01420	0.01885	0.03918	0.61701	0.04633	0.04999	0.01045	0.00317	0.00469	0.11245	0.00665	0.00596
50	0.02320	0.01784	0.01911	0.01559	0.02057	0.01988	0.01266	0.42079	0.23750	0.03891	0.02446	0.02527	0.04534	0.00994	0.00748	0.00233	0.00706	0.03319	0.00727	0.01160
51	0.00929	0.00681	0.00877	0.01003	0.01091	0.00624	0.00691	0.01075	0.01422	0.01888	0.04108	0.59969	0.09817	0.04421	0.00998	0.00299	0.00444	0.05281	0.00657	0.03724
52	0.02127	0.01552	0.04830	0.01534	0.07648	0.05758	0.01154	0.04526	0.01768	0.22176	0.01880	0.04213	0.01451	0.03099	0.00744	0.00190	0.00675	0.00623	0.00570	0.33481
53	0.02653	0.09260	0.02202	0.01822	0.02216	0.65964	0.01391	0.02844	0.02013	0.01773	0.01114	0.01299	0.00936	0.00739	0.00640	0.00185	0.01268	0.00462	0.00369	0.00850
54	0.01716	0.01961	0.04289	0.03064	0.03799	0.01838	0.67279	0.02328	0.01716	0.02328	0.01471	0.01961	0.01103	0.00613	0.00858	0.00245	0.01225	0.00858	0.00368	0.00980

[dist]
# distance from previous block
# <min> <max>
0	6

[block]
# block no. 2 follows, 28 sequences, length 32
# corresponding to MSA columns:
# 244-261,263,264,266-277
name=unknown_C
#
# <colnr> <probs for GDERKNQSTAVLIFYWHMCP>
#	G	D	E	R	K	N	Q	S	T	A	V	L	I	F	Y	W	H	M	C	P
0	0.01361	0.00870	0.01096	0.01032	0.01258	0.00843	0.00799	0.01582	0.01636	0.13037	0.12305	0.11560	0.26626	0.05070	0.08934	0.00376	0.05118	0.05101	0.00662	0.00732
1	0.01748	0.01902	0.07260	0.17479	0.21662	0.04076	0.22709	0.05886	0.05551	0.02389	0.01484	0.01895	0.01143	0.00690	0.00763	0.00232	0.01008	0.00712	0.00394	0.01016
2	0.01046	0.00700	0.00796	0.00806	0.00809	0.00698	0.00455	0.01054	0.01078	0.01437	0.02396	0.09033	0.02776	0.69995	0.03529	0.00679	0.00687	0.01119	0.00455	0.00450
3	0.01534	0.00855	0.01133	0.01000	0.01260	0.00772	0.00772	0.01863	0.02063	0.18179	0.54461	0.04761	0.05715	0.01353	0.00829	0.00228	0.00405	0.01183	0.00823	0.00811
4	0.01824	0.01996	0.02207	0.23458	0.05698	0.22891	0.07301	0.02113	0.01581	0.01837	0.01355	0.04647	0.01205	0.03834	0.01170	0.03509	0.11531	0.00680	0.00361	0.00802
5	0.02715	0.03464	0.02060	0.01873	0.02247	0.71536	0.01404	0.02903	0.02060	0.01779	0.01124	0.01311	0.00936	0.00749	0.00655	0.00187	0.01311	0.00468	0.00375	0.00843
6	0.00950	0.00740	0.00862	0.00831	0.01037	0.00652	0.00623	0.01218	0.01870	0.02470	0.40486	0.06161	0.36186	0.01652	0.00858	0.00236	0.00355	0.01417	0.00742	0.00652
7	0.02134	0.01724	0.01827	0.01545	0.02015	0.01960	0.01229	0.25602	0.46336	0.03567	0.02544	0.02382	0.01883	0.00947	0.00735	0.00237	0.00652	0.00765	0.00735	0.01180
8	0.01864	0.01860	0.07442	0.08304	0.20571	0.08845	0.07809	0.02409	0.07673	0.08914	0.04010	0.05031	0.01601	0.01030	0.03289	0.00267	0.06874	0.00749	0.00468	0.00993
9	0.01263	0.00631	0.00947	0.00947	0.00947	0.00631	0.00631	0.00947	0.00947	0.01263	0.01263	0.02210	0.01263	0.02525	0.02841	0.78851	0.00631	0.00631	0.00316	0.00316
10	0.02041	0.28700	0.08602	0.01860	0.06388	0.16791	0.04781	0.06385	0.04080	0.02076	0.01210	0.01455	0.01022	0.00774	0.00851	0.00206	0.10937	0.00523	0.00372	0.00949
11	0.02529	0.06513	0.12892	0.01585	0.02215	0.04446	0.03410	0.20252	0.06393	0.26731	0.02242	0.02146	0.03568	0.00863	0.00713	0.00221	0.00784	0.00683	0.00670	0.01144
12	0.01164	0.00910	0.01263	0.01534	0.09139	0.00879	0.01125	0.01475	0.01687	0.02186	0.07629	0.07057	0.19064	0.01789	0.00931	0.00295	0.00606	0.39913	0.00642	0.00712
13	0.01799	0.01727	0.02950	0.04462	0.69919	0.01727	0.02231	0.02231	0.01655	0.02375	0.01367	0.01799	0.01151	0.00648	0.00720	0.00216	0.00864	0.00648	0.00360	0.01151
14	0.01507	0.01292	0.01507	0.01077	0.01723	0.00969	0.00861	0.01830	0.01507	0.02369	0.01292	0.01507	0.01077	0.00538	0.00538	0.00108	0.00538	0.00431	0.00431	0.78898
15	0.11389	0.01255	0.01621	0.01257	0.01808	0.01128	0.01038	0.03393	0.01991	0.63272	0.02670	0.02336	0.01692	0.00876	0.00701	0.00225	0.00613	0.00695	0.00852	0.01189
16	0.00954	0.00668	0.00816	0.00906	0.00943	0.00638	0.00572	0.01032	0.01272	0.01680	0.03514	0.41616	0.07934	0.31675	0.02054	0.00459	0.00534	0.01622	0.00579	0.00531
17	0.01038	0.00779	0.01168	0.01168	0.01298	0.00909	0.00909	0.01298	0.01168	0.01687	0.01947	0.02856	0.01817	0.05452	0.71573	0.01168	0.01947	0.00779	0.00389	0.00649
18	0.01590	0.01590	0.02226	0.01908	0.01908	0.02226	0.01590	0.01749	0.01113	0.01749	0.00954	0.01590	0.00954	0.01272	0.02385	0.00318	0.73123	0.00636	0.00318	0.00795
19	0.79588	0.01406	0.01068	0.00956	0.01406	0.01631	0.00787	0.02137	0.01237	0.03261	0.01012	0.01181	0.00787	0.00675	0.00450	0.00225	0.00562	0.00394	0.00450	0.00787
20	0.01590	0.01590	0.02226	0.01908	0.01908	0.02226	0.01590	0.01749	0.01113	0.01749	0.00954	0.01590	0.00954	0.01272	0.02385	0.00318	0.73123	0.00636	0.00318	0.00795
21	0.01073	0.00771	0.01006	0.01104	0.01238	0.00748	0.00878	0.01315	0.01583	0.02077	0.11431	0.14656	0.10889	0.13794	0.01404	0.00370	0.00580	0.33817	0.00648	0.00619
22	0.03261	0.01237	0.01687	0.01293	0.01856	0.01068	0.01068	0.03543	0.02081	0.70423	0.02868	0.02474	0.01799	0.00900	0.00731	0.00225	0.00619	0.00731	0.00900	0.01237
23	0.01052	0.00726	0.00902	0.00902	0.00939	0.00764	0.00576	0.01127	0.01089	0.01490	0.02191	0.04206	0.02403	0.54456	0.23371	0.00839	0.01065	0.00976	0.00426	0.00501
24	0.00904	0.00665	0.00848	0.00957	0.01049	0.00609	0.00659	0.01073	0.01535	0.02038	0.14834	0.53429	0.14551	0.02089	0.00907	0.00277	0.00402	0.01870	0.00695	0.00609
25	0.02183	0.43751	0.08336	0.01534	0.02101	0.27448	0.01413	0.02447	0.01691	0.01781	0.01074	0.01246	0.00933	0.00673	0.00552	0.00173	0.00992	0.00429	0.00333	0.00911
26	0.01057	0.00705	0.00793	0.00793	0.00793	0.00705	0.00440	0.01057	0.01057	0.01409	0.02290	0.04757	0.02643	0.74454	0.03700	0.00705	0.00705	0.01057	0.00440	0.00440
27	0.04729	0.05192	0.19333	0.01877	0.05080	0.03813	0.06074	0.23486	0.10504	0.10049	0.01796	0.01850	0.01289	0.00798	0.00707	0.00224	0.00859	0.00643	0.00568	0.01127
28	0.01727	0.01654	0.02821	0.15925	0.59016	0.01708	0.02195	0.02168	0.01621	0.02288	0.01355	0.01822	0.01121	0.00661	0.00721	0.00220	0.00881	0.00647	0.00354	0.01094
29	0.01047	0.00704	0.00812	0.00832	0.00842	0.00700	0.00488	0.01071	0.01109	0.01476	0.02493	0.10609	0.02881	0.65678	0.03366	0.00657	0.00680	0.03625	0.00469	0.00462
30	0.61038	0.01517	0.01626	0.04079	0.01929	0.01697	0.10065	0.06190	0.01446	0.03159	0.01132	0.01353	0.00866	0.00680	0.00534	0.00228	0.00684	0.00484	0.00451	0.00842
31	0.06126	0.00987	0.01188	0.01220	0.05498	0.00977	0.00866	0.04622	0.07338	0.05052	0.28484	0.07200	0.18029	0.03913	0.00913	0.00257	0.00480	0.05379	0.00696	0.00775

[dist]
# distance from previous block
# <min> <max>
0	2

[block]
# block no. 3 follows, 28 sequences, length 42
# corresponding to MSA columns:
# 280-321
name=unknown_D
#
# <colnr> <probs for GDERKNQSTAVLIFYWHMCP>
#	G	D	E	R	K	N	Q	S	T	A	V	L	I	F	Y	W	H	M	C	P
0	0.01869	0.01646	0.02649	0.09790	0.05425	0.03871	0.20804	0.07128	0.01708	0.09653	0.01634	0.05958	0.01350	0.00901	0.01089	0.00243	0.15311	0.00773	0.00461	0.07738
1	0.01759	0.01569	0.02261	0.19591	0.28821	0.04393	0.01778	0.06258	0.10887	0.04536	0.01902	0.05185	0.01624	0.00896	0.00750	0.00237	0.00825	0.05240	0.00476	0.01009
2	0.01507	0.01292	0.01507	0.01077	0.01723	0.00969	0.00861	0.01830	0.01507	0.02369	0.01292	0.01507	0.01077	0.00538	0.00538	0.00108	0.00538	0.00431	0.00431	0.78898
3	0.00902	0.00676	0.00831	0.00936	0.01043	0.00614	0.00652	0.01059	0.01499	0.01941	0.08576	0.47533	0.22233	0.04524	0.01001	0.00293	0.00421	0.03992	0.00674	0.00600
4	0.01053	0.00764	0.01124	0.01124	0.01236	0.00876	0.00854	0.01258	0.01146	0.01640	0.01937	0.02977	0.01854	0.11020	0.62019	0.05553	0.01769	0.00794	0.00389	0.00613
5	0.00859	0.00736	0.00736	0.00736	0.00982	0.00614	0.00552	0.01043	0.01657	0.01964	0.07364	0.06996	0.69624	0.01841	0.00859	0.00245	0.00368	0.01534	0.00675	0.00614
6	0.02715	0.03464	0.02060	0.01873	0.02247	0.71536	0.01404	0.02903	0.02060	0.01779	0.01124	0.01311	0.00936	0.00749	0.00655	0.00187	0.01311	0.00468	0.00375	0.00843
7	0.00877	0.00666	0.00809	0.00924	0.01031	0.00598	0.00636	0.01022	0.01476	0.01890	0.05079	0.52571	0.25523	0.02138	0.00906	0.00279	0.00405	0.01896	0.00675	0.00598
8	0.00904	0.00694	0.00828	0.00887	0.01033	0.00619	0.00630	0.01096	0.01627	0.02110	0.18494	0.34633	0.29925	0.01952	0.00887	0.00263	0.00385	0.01712	0.00700	0.00619
9	0.01373	0.01292	0.02180	0.72707	0.05006	0.01615	0.02019	0.01857	0.01453	0.01857	0.01292	0.01938	0.00969	0.00727	0.00727	0.00242	0.00969	0.00646	0.00323	0.00807
10	0.01771	0.01713	0.02967	0.08284	0.63220	0.01726	0.05174	0.02214	0.01646	0.02343	0.01368	0.01814	0.01139	0.00651	0.00726	0.00219	0.00886	0.00657	0.00358	0.01124
11	0.01507	0.01292	0.01507	0.01077	0.01723	0.00969	0.00861	0.01830	0.01507	0.02369	0.01292	0.01507	0.01077	0.00538	0.00538	0.00108	0.00538	0.00431	0.00431	0.78898
12	0.00886	0.00633	0.00843	0.01012	0.01054	0.00590	0.00675	0.01012	0.01392	0.01856	0.04006	0.73979	0.04808	0.02277	0.00928	0.00295	0.00422	0.02066	0.00675	0.00590
13	0.01903	0.68978	0.09369	0.01313	0.01972	0.02777	0.01364	0.02187	0.01482	0.01759	0.01035	0.01197	0.00932	0.00628	0.00485	0.00162	0.00802	0.00401	0.00311	0.00945
14	0.01373	0.01292	0.02180	0.72707	0.05006	0.01615	0.02019	0.01857	0.01453	0.01857	0.01292	0.01938	0.00969	0.00727	0.00727	0.00242	0.00969	0.00646	0.00323	0.00807
15	0.00957	0.00663	0.00822	0.00921	0.00946	0.00638	0.00577	0.01031	0.01253	0.01670	0.03293	0.45184	0.03907	0.32302	0.02081	0.00466	0.00539	0.01647	0.00577	0.00528
16	0.01007	0.00742	0.00941	0.00892	0.01073	0.00677	0.00669	0.01330	0.02006	0.02793	0.61566	0.05631	0.14904	0.01532	0.00858	0.00231	0.00346	0.01343	0.00784	0.00677
17	0.02763	0.02036	0.02182	0.01672	0.02254	0.02254	0.01382	0.67496	0.03418	0.04581	0.01745	0.01745	0.01236	0.00873	0.00727	0.00218	0.00800	0.00654	0.00727	0.01236
18	0.01038	0.00779	0.01168	0.01168	0.01298	0.00909	0.00909	0.01298	0.01168	0.01687	0.01947	0.02856	0.01817	0.05452	0.71573	0.01168	0.01947	0.00779	0.00389	0.00649
19	0.01038	0.00779	0.01168	0.01168	0.01298	0.00909	0.00909	0.01298	0.01168	0.01687	0.01947	0.02856	0.01817	0.05452	0.71573	0.01168	0.01947	0.00779	0.00389	0.00649
20	0.01038	0.00779	0.01168	0.01168	0.01298	0.00909	0.00909	0.01298	0.01168	0.01687	0.01947	0.02856	0.01817	0.05452	0.71573	0.01168	0.01947	0.00779	0.00389	0.00649
21	0.01057	0.00705	0.00793	0.00793	0.00793	0.00705	0.00440	0.01057	0.01057	0.01409	0.02290	0.04757	0.02643	0.74454	0.03700	0.00705	0.00705	0.01057	0.00440	0.00440
22	0.00903	0.00651	0.00855	0.00988	0.01055	0.00603	0.00671	0.01059	0.01487	0.01994	0.12414	0.62577	0.07730	0.02160	0.00916	0.00285	0.00410	0.01950	0.00691	0.00603
23	0.01373	0.01292	0.02180	0.72707	0.05006	0.01615	0.02019	0.01857	0.01453	0.01857	0.01292	0.01938	0.00969	0.00727	0.00727	0.00242	0.00969	0.00646	0.00323	0.00807
24	0.01079	0.00821	0.01176	0.01154	0.01253	0.00963	0.00875	0.01288	0.01146	0.01644	0.01938	0.03094	0.01899	0.16912	0.55336	0.01032	0.06556	0.00817	0.00393	0.00623
25	0.79588	0.01406	0.01068	0.00956	0.01406	0.01631	0.00787	0.02137	0.01237	0.03261	0.01012	0.01181	0.00787	0.00675	0.00450	0.00225	0.00562	0.00394	0.00450	0.00787
26	0.01943	0.74891	0.03809	0.01244	0.01866	0.02876	0.01244	0.02177	0.01477	0.01710	0.01011	0.01166	0.00933	0.00622	0.00466	0.00155	0.00777	0.00389	0.00311	0.00933
27	0.02476	0.25653	0.02603	0.01677	0.02129	0.50206	0.01355	0.02677	0.01879	0.01758	0.01088	0.01266	0.00935	0.00710	0.00597	0.00177	0.01145	0.00443	0.00355	0.00871
28	0.01049	0.00738	0.00962	0.00962	0.01020	0.00797	0.00651	0.01166	0.01107	0.01535	0.02136	0.03901	0.02271	0.43389	0.34257	0.00913	0.01264	0.00932	0.00417	0.00534
29	0.01373	0.01292	0.02180	0.72707	0.05006	0.01615	0.02019	0.01857	0.01453	0.01857	0.01292	0.01938	0.00969	0.00727	0.00727	0.00242	0.00969	0.00646	0.00323	0.00807
30	0.01507	0.01292	0.01507	0.01077	0.01723	0.00969	0.00861	0.01830	0.01507	0.02369	0.01292	0.01507	0.01077	0.00538	0.00538	0.00108	0.00538	0.00431	0.00431	0.78898
31	0.01718	0.01823	0.01996	0.01764	0.01864	0.16143	0.01426	0.01901	0.01317	0.01744	0.01173	0.01768	0.01111	0.01941	0.14866	0.00449	0.45248	0.00628	0.00343	0.00778
32	0.00892	0.00637	0.00849	0.01008	0.01056	0.00594	0.00675	0.01027	0.01419	0.01899	0.06701	0.71161	0.04892	0.02245	0.00925	0.00292	0.00418	0.02036	0.00680	0.00594
33	0.00955	0.00736	0.00872	0.00847	0.01043	0.00653	0.00632	0.01226	0.01871	0.02493	0.42115	0.08697	0.31914	0.01659	0.00861	0.00238	0.00356	0.01431	0.00745	0.00653
34	0.01373	0.01292	0.02180	0.72707	0.05006	0.01615	0.02019	0.01857	0.01453	0.01857	0.01292	0.01938	0.00969	0.00727	0.00727	0.00242	0.00969	0.00646	0.00323	0.00807
35	0.01615	0.01548	0.02576	0.29751	0.37574	0.01744	0.02076	0.02034	0.01516	0.02107	0.01290	0.01827	0.01060	0.00751	0.00918	0.00238	0.09408	0.00646	0.00341	0.00981
36	0.01749	0.01676	0.02860	0.12494	0.62279	0.01714	0.02206	0.02187	0.01631	0.02314	0.01358	0.01815	0.01130	0.00657	0.00720	0.00219	0.00876	0.00647	0.00355	0.01111
37	0.02063	0.01490	0.02074	0.01734	0.01893	0.01899	0.01443	0.02257	0.01387	0.21179	0.01496	0.01840	0.01193	0.01167	0.01917	0.00292	0.52610	0.00663	0.00483	0.00920
38	0.79588	0.01406	0.01068	0.00956	0.01406	0.01631	0.00787	0.02137	0.01237	0.03261	0.01012	0.01181	0.00787	0.00675	0.00450	0.00225	0.00562	0.00394	0.00450	0.00787
39	0.02163	0.54617	0.03313	0.01422	0.01974	0.22365	0.01289	0.02383	0.01642	0.01730	0.01043	0.01207	0.00934	0.00658	0.00520	0.00164	0.00929	0.00411	0.00329	0.00907
40	0.01804	0.01633	0.02209	0.02768	0.31296	0.01773	0.01618	0.03157	0.39667	0.02753	0.02271	0.02317	0.01758	0.00840	0.00731	0.00233	0.00700	0.00747	0.00575	0.01151
41	0.01307	0.01100	0.01660	0.02229	0.23878	0.01074	0.01370	0.01641	0.01676	0.02236	0.07360	0.08310	0.14175	0.01514	0.00875	0.00273	0.00655	0.27274	0.00576	0.00817

[dist]
# distance from previous block
# <min> <max>
0	11

[block]
# block no. 4 follows, 28 sequences, length 29
# corresponding to MSA columns:
# 342-370
name=unknown_E
#
# <colnr> <probs for GDERKNQSTAVLIFYWHMCP>
#	G	D	E	R	K	N	Q	S	T	A	V	L	I	F	Y	W	H	M	C	P
0	0.02017	0.01665	0.01761	0.01521	0.01970	0.01905	0.01201	0.17757	0.54372	0.03377	0.02694	0.02501	0.02004	0.00961	0.00737	0.00240	0.00624	0.00785	0.00737	0.01169
1	0.01057	0.00705	0.00793	0.00793	0.00793	0.00705	0.00440	0.01057	0.01057	0.01409	0.02290	0.04757	0.02643	0.74454	0.03700	0.00705	0.00705	0.01057	0.00440	0.00440
2	0.01943	0.74891	0.03809	0.01244	0.01866	0.02876	0.01244	0.02177	0.01477	0.01710	0.01011	0.01166	0.00933	0.00622	0.00466	0.00155	0.00777	0.00389	0.00311	0.00933
3	0.01496	0.09386	0.65398	0.02006	0.03045	0.01782	0.02572	0.02292	0.01530	0.02255	0.01281	0.01506	0.00922	0.00685	0.00673	0.00224	0.01051	0.00525	0.00307	0.01063
4	0.01355	0.00678	0.00678	0.00678	0.00847	0.00678	0.00508	0.01694	0.01524	0.02710	0.02371	0.02710	0.01863	0.00847	0.00508	0.00169	0.00339	0.00678	0.78489	0.00678
5	0.00992	0.00742	0.00921	0.00876	0.01064	0.00670	0.00657	0.01301	0.01971	0.02710	0.56167	0.05767	0.20355	0.01562	0.00858	0.00232	0.00348	0.01362	0.00773	0.00670
6	0.01956	0.05271	0.23239	0.04783	0.09158	0.11600	0.01740	0.06800	0.01859	0.12004	0.07807	0.06912	0.01887	0.00914	0.00720	0.00223	0.00879	0.00745	0.00504	0.00999
7	0.01781	0.04314	0.02256	0.07636	0.25374	0.01388	0.07358	0.04170	0.01714	0.12922	0.02594	0.15393	0.07751	0.01093	0.00774	0.00236	0.00737	0.01002	0.00536	0.00971
8	0.26376	0.01863	0.02302	0.02519	0.23326	0.09726	0.08980	0.07063	0.01668	0.02698	0.01238	0.01549	0.00999	0.00725	0.00763	0.00226	0.06030	0.00571	0.00415	0.00963
9	0.01619	0.01748	0.03642	0.02937	0.10943	0.01654	0.49955	0.02151	0.01678	0.02283	0.01828	0.08610	0.01623	0.00849	0.00857	0.00252	0.01080	0.04931	0.00412	0.00947
10	0.01990	0.01305	0.01670	0.01217	0.01844	0.01032	0.03653	0.02314	0.01671	0.20771	0.01725	0.01787	0.01273	0.00639	0.00604	0.00145	0.00588	0.00529	0.00555	0.54685
11	0.01943	0.74891	0.03809	0.01244	0.01866	0.02876	0.01244	0.02177	0.01477	0.01710	0.01011	0.01166	0.00933	0.00622	0.00466	0.00155	0.00777	0.00389	0.00311	0.00933
12	0.01355	0.00678	0.00678	0.00678	0.00847	0.00678	0.00508	0.01694	0.01524	0.02710	0.02371	0.02710	0.01863	0.00847	0.00508	0.00169	0.00339	0.00678	0.78489	0.00678
13	0.02005	0.64470	0.03563	0.01336	0.01906	0.09745	0.01275	0.02231	0.01519	0.01719	0.01019	0.01199	0.00934	0.00663	0.00570	0.00166	0.04034	0.00408	0.00318	0.00918
14	0.01478	0.01260	0.01486	0.01082	0.01696	0.00965	0.00864	0.01797	0.01486	0.02326	0.01333	0.01591	0.01123	0.00844	0.04957	0.00174	0.00626	0.00452	0.00428	0.74030
15	0.02240	0.17583	0.07337	0.04335	0.11336	0.33472	0.01572	0.04992	0.06713	0.02077	0.01307	0.01500	0.01068	0.00726	0.00639	0.00195	0.01043	0.00519	0.00392	0.00954
16	0.02657	0.03368	0.02069	0.01875	0.02230	0.67962	0.01414	0.02843	0.02011	0.01777	0.01115	0.01325	0.00937	0.00776	0.00745	0.00194	0.05014	0.00477	0.00372	0.00840
17	0.01171	0.00837	0.01171	0.01339	0.01506	0.00837	0.01171	0.01506	0.01673	0.02175	0.03849	0.08199	0.04183	0.02008	0.01004	0.00335	0.00669	0.65027	0.00669	0.00669
18	0.01263	0.00631	0.00947	0.00947	0.00947	0.00631	0.00631	0.00947	0.00947	0.01263	0.01263	0.02210	0.01263	0.02525	0.02841	0.78851	0.00631	0.00631	0.00316	0.00316
19	0.00886	0.00633	0.00843	0.01012	0.01054	0.00590	0.00675	0.01012	0.01392	0.01856	0.04006	0.73979	0.04808	0.02277	0.00928	0.00295	0.00422	0.02066	0.00675	0.00590
20	0.01716	0.01961	0.04289	0.03064	0.03799	0.01838	0.67279	0.02328	0.01716	0.02328	0.01471	0.01961	0.01103	0.00613	0.00858	0.00245	0.01225	0.00858	0.00368	0.00980
21	0.00879	0.00737	0.00764	0.00757	0.00994	0.00622	0.00568	0.01081	0.01703	0.02074	0.14563	0.06814	0.62356	0.01800	0.00859	0.00244	0.00365	0.01509	0.00690	0.00622
22	0.01507	0.01292	0.01507	0.01077	0.01723	0.00969	0.00861	0.01830	0.01507	0.02369	0.01292	0.01507	0.01077	0.00538	0.00538	0.00108	0.00538	0.00431	0.00431	0.78898
23	0.01057	0.00705	0.00793	0.00793	0.00793	0.00705	0.00440	0.01057	0.01057	0.01409	0.02290	0.04757	0.02643	0.74454	0.03700	0.00705	0.00705	0.01057	0.00440	0.00440
24	0.00987	0.00675	0.00813	0.00882	0.00900	0.00658	0.00536	0.01039	0.01194	0.01591	0.02990	0.32998	0.03526	0.45008	0.02569	0.00538	0.00589	0.01469	0.00536	0.00502
25	0.01355	0.00678	0.00678	0.00678	0.00847	0.00678	0.00508	0.01694	0.01524	0.02710	0.02371	0.02710	0.01863	0.00847	0.00508	0.00169	0.00339	0.00678	0.78489	0.00678
26	0.79588	0.01406	0.01068	0.00956	0.01406	0.01631	0.00787	0.02137	0.01237	0.03261	0.01012	0.01181	0.00787	0.00675	0.00450	0.00225	0.00562	0.00394	0.00450	0.00787
27	0.01596	0.01607	0.02318	0.01960	0.01992	0.02209	0.04504	0.01775	0.01140	0.01775	0.00977	0.01607	0.00961	0.01243	0.02318	0.00315	0.69934	0.00646	0.00320	0.00803
28	0.02624	0.19348	0.04698	0.01394	0.01941	0.04522	0.01233	0.08116	0.04191	0.35854	0.02170	0.02212	0.01552	0.00876	0.00736	0.00215	0.03470	0.03084	0.00665	0.01100

[dist]
# distance from previous block
# <min> <max>
0	2

[block]
# block no. 5 follows, 28 sequences, length 106
# corresponding to MSA columns:
# 373-427,435-485
name=unknown_F
#
# <colnr> <probs for GDERKNQSTAVLIFYWHMCP>
#	G	D	E	R	K	N	Q	S	T	A	V	L	I	F	Y	W	H	M	C	P
0	0.01436	0.00701	0.00720	0.00704	0.00890	0.00694	0.00532	0.01772	0.01548	0.05571	0.02392	0.02700	0.01860	0.00849	0.00518	0.00172	0.00351	0.00680	0.75211	0.00701
1	0.01225	0.00631	0.00937	0.00954	0.00958	0.00627	0.00636	0.00954	0.00992	0.01322	0.01539	0.09436	0.01620	0.02500	0.02648	0.70941	0.00610	0.00776	0.00352	0.00343
2	0.01557	0.03113	0.48308	0.05582	0.16892	0.04654	0.02432	0.02249	0.01583	0.02263	0.01523	0.01790	0.03401	0.00727	0.00703	0.00226	0.01011	0.00597	0.00334	0.01052
3	0.01276	0.01041	0.01244	0.00988	0.01424	0.00834	0.00771	0.01595	0.01725	0.02540	0.27336	0.03421	0.08804	0.00999	0.00684	0.00164	0.00451	0.00851	0.00589	0.43262
4	0.79588	0.01406	0.01068	0.00956	0.01406	0.01631	0.00787	0.02137	0.01237	0.03261	0.01012	0.01181	0.00787	0.00675	0.00450	0.00225	0.00562	0.00394	0.00450	0.00787
5	0.02735	0.02870	0.02111	0.01789	0.02250	0.42707	0.01395	0.29780	0.02625	0.02945	0.01382	0.01492	0.01061	0.00800	0.00685	0.00200	0.01098	0.00546	0.00521	0.01006
6	0.01996	0.04765	0.11963	0.02694	0.24949	0.08325	0.06358	0.12525	0.04249	0.05058	0.03711	0.01853	0.01339	0.00755	0.00756	0.00215	0.02923	0.00643	0.00458	0.04465
7	0.01263	0.00631	0.00947	0.00947	0.00947	0.00631	0.00631	0.00947	0.00947	0.01263	0.01263	0.02210	0.01263	0.02525	0.02841	0.78851	0.00631	0.00631	0.00316	0.00316
8	0.03261	0.01237	0.01687	0.01293	0.01856	0.01068	0.01068	0.03543	0.02081	0.70423	0.02868	0.02474	0.01799	0.00900	0.00731	0.00225	0.00619	0.00731	0.00900	0.01237
9	0.00886	0.00633	0.00843	0.01012	0.01054	0.00590	0.00675	0.01012	0.01392	0.01856	0.04006	0.73979	0.04808	0.02277	0.00928	0.00295	0.00422	0.02066	0.00675	0.00590
10	0.01908	0.07627	0.36813	0.02089	0.05228	0.07220	0.11054	0.02580	0.04278	0.12000	0.01584	0.01741	0.01132	0.00720	0.00705	0.00223	0.01002	0.00609	0.00424	0.01063
11	0.01534	0.03230	0.51120	0.02364	0.03339	0.01732	0.21722	0.02310	0.01588	0.02310	0.01353	0.01660	0.00974	0.00668	0.00740	0.00235	0.01119	0.00632	0.00325	0.01047
12	0.03261	0.01237	0.01687	0.01293	0.01856	0.01068	0.01068	0.03543	0.02081	0.70423	0.02868	0.02474	0.01799	0.00900	0.00731	0.00225	0.00619	0.00731	0.00900	0.01237
13	0.01799	0.01727	0.02950	0.04462	0.69919	0.01727	0.02231	0.02231	0.01655	0.02375	0.01367	0.01799	0.01151	0.00648	0.00720	0.00216	0.00864	0.00648	0.00360	0.01151
14	0.01550	0.01520	0.02424	0.44553	0.18662	0.04114	0.04285	0.01978	0.01487	0.01971	0.01269	0.01846	0.01011	0.00771	0.00924	0.00244	0.09523	0.00647	0.00334	0.00888
15	0.02715	0.03464	0.02060	0.01873	0.02247	0.71536	0.01404	0.02903	0.02060	0.01779	0.01124	0.01311	0.00936	0.00749	0.00655	0.00187	0.01311	0.00468	0.00375	0.00843
16	0.00886	0.00633	0.00843	0.01012	0.01054	0.00590	0.00675	0.01012	0.01392	0.01856	0.04006	0.73979	0.04808	0.02277	0.00928	0.00295	0.00422	0.02066	0.00675	0.00590
17	0.01254	0.01281	0.08366	0.01443	0.01827	0.01001	0.13877	0.01643	0.01794	0.05351	0.28272	0.12434	0.15725	0.01367	0.00844	0.00242	0.00612	0.01250	0.00636	0.00781
18	0.02136	0.04972	0.02378	0.16404	0.14473	0.31349	0.04181	0.05255	0.04917	0.02091	0.01312	0.01635	0.01059	0.00756	0.00764	0.00214	0.04212	0.00578	0.00388	0.00926
19	0.01719	0.05507	0.18949	0.05256	0.05072	0.12079	0.01841	0.02081	0.01407	0.01915	0.01126	0.01578	0.00975	0.01094	0.03437	0.00287	0.33881	0.00582	0.00327	0.00887
20	0.01038	0.00779	0.01168	0.01168	0.01298	0.00909	0.00909	0.01298	0.01168	0.01687	0.01947	0.02856	0.01817	0.05452	0.71573	0.01168	0.01947	0.00779	0.00389	0.00649
21	0.00985	0.00680	0.00843	0.00933	0.00964	0.00661	0.00600	0.01067	0.01256	0.01671	0.03199	0.37274	0.03759	0.35773	0.02220	0.00488	0.00570	0.05965	0.00566	0.00526
22	0.01004	0.00669	0.00886	0.01013	0.01092	0.00618	0.00690	0.01149	0.01462	0.05176	0.06907	0.65501	0.06771	0.02164	0.00913	0.00287	0.00426	0.01953	0.00691	0.00626
23	0.01029	0.00743	0.00972	0.00914	0.01086	0.00686	0.00686	0.01372	0.02058	0.02915	0.69536	0.05430	0.06859	0.01486	0.00857	0.00229	0.00343	0.01315	0.00800	0.00686
24	0.79588	0.01406	0.01068	0.00956	0.01406	0.01631	0.00787	0.02137	0.01237	0.03261	0.01012	0.01181	0.00787	0.00675	0.00450	0.00225	0.00562	0.00394	0.00450	0.00787
25	0.01005	0.00733	0.00945	0.00910	0.01076	0.00673	0.00676	0.01319	0.01975	0.02762	0.59819	0.11192	0.11043	0.01576	0.00863	0.00235	0.00351	0.01392	0.00781	0.00673
26	0.01808	0.01561	0.01644	0.01479	0.01890	0.01808	0.01151	0.03863	0.68606	0.03041	0.02959	0.02712	0.02219	0.00986	0.00740	0.00247	0.00575	0.00822	0.00740	0.01151
27	0.01477	0.06516	0.68097	0.02040	0.03096	0.01734	0.02630	0.02297	0.01532	0.02279	0.01293	0.01520	0.00921	0.00688	0.00682	0.00227	0.01063	0.00531	0.00307	0.01069
28	0.01543	0.07520	0.52167	0.02242	0.03215	0.01791	0.16817	0.02301	0.01571	0.02273	0.01324	0.01607	0.00962	0.00669	0.00714	0.00229	0.01090	0.00599	0.00321	0.01045
29	0.01003	0.00728	0.00971	0.01123	0.01237	0.00696	0.00871	0.01223	0.01536	0.02000	0.04266	0.39838	0.10844	0.02122	0.00953	0.00307	0.00521	0.28462	0.00673	0.00626
30	0.05007	0.14975	0.14997	0.01503	0.02078	0.08330	0.01428	0.11689	0.07755	0.06376	0.01704	0.04905	0.01400	0.01287	0.07816	0.00301	0.00937	0.00635	0.00485	0.06389
31	0.01835	0.36198	0.32987	0.01635	0.02450	0.02240	0.01877	0.06108	0.01642	0.05127	0.01263	0.01419	0.00983	0.00679	0.00592	0.00195	0.00902	0.00484	0.00359	0.01026
32	0.01057	0.00705	0.00793	0.00793	0.00793	0.00705	0.00440	0.01057	0.01057	0.01409	0.02290	0.04757	0.02643	0.74454	0.03700	0.00705	0.00705	0.01057	0.00440	0.00440
33	0.00928	0.00739	0.00833	0.00809	0.01024	0.00643	0.00607	0.01177	0.01821	0.02352	0.32772	0.06356	0.43974	0.01696	0.00858	0.00239	0.00358	0.01444	0.00726	0.00643
34	0.01984	0.16986	0.15880	0.08265	0.05076	0.05993	0.09834	0.12237	0.01898	0.08215	0.01615	0.05926	0.01311	0.00811	0.00691	0.00217	0.00911	0.00681	0.00459	0.01009
35	0.00974	0.00739	0.00906	0.00970	0.01108	0.00694	0.00694	0.01279	0.05497	0.02196	0.19505	0.38666	0.18396	0.01926	0.00889	0.00268	0.00409	0.03524	0.00707	0.00652
36	0.00899	0.00642	0.00859	0.01028	0.01076	0.00602	0.00698	0.01036	0.01405	0.01871	0.03999	0.70842	0.04778	0.02264	0.00931	0.00297	0.00434	0.05070	0.00675	0.00594
37	0.01519	0.03333	0.54930	0.02307	0.03301	0.01724	0.18015	0.02308	0.01578	0.02308	0.01344	0.01636	0.00964	0.00672	0.00730	0.00234	0.01110	0.00613	0.00321	0.01052
38	0.01746	0.01243	0.01721	0.13793	0.02299	0.03115	0.06324	0.10349	0.01935	0.13145	0.12060	0.12579	0.06518	0.03456	0.00900	0.00262	0.00699	0.06359	0.00633	0.00866
39	0.01916	0.01370	0.01523	0.01291	0.01691	0.01453	0.01024	0.19256	0.22206	0.10332	0.16251	0.03591	0.12618	0.01170	0.00776	0.00233	0.00562	0.00969	0.00756	0.01013
40	0.00884	0.00639	0.00837	0.00996	0.01050	0.00592	0.00668	0.01014	0.01407	0.01862	0.04203	0.70065	0.08595	0.02252	0.00924	0.00292	0.00419	0.02035	0.00675	0.00592
41	0.01507	0.01292	0.01507	0.01077	0.01723	0.00969	0.00861	0.01830	0.01507	0.02369	0.01292	0.01507	0.01077	0.00538	0.00538	0.00108	0.00538	0.00431	0.00431	0.78898
42	0.01537	0.01421	0.02324	0.57161	0.06392	0.01692	0.06462	0.07088	0.04723	0.02170	0.01418	0.01956	0.01062	0.00740	0.00736	0.00240	0.00953	0.00669	0.00378	0.00878
43	0.00983	0.00702	0.00810	0.00855	0.00925	0.00667	0.00551	0.01066	0.01288	0.01662	0.03821	0.20614	0.17443	0.39684	0.02358	0.00499	0.00569	0.04432	0.00553	0.00521
44	0.01056	0.00708	0.00809	0.00809	0.00815	0.00713	0.00461	0.01067	0.01062	0.01421	0.02276	0.04675	0.02607	0.71491	0.06614	0.00725	0.00758	0.01045	0.00438	0.00449
45	0.01593	0.01561	0.02666	0.21724	0.31872	0.01715	0.09232	0.02006	0.01533	0.02121	0.01651	0.02128	0.05071	0.00822	0.00979	0.00242	0.11038	0.00721	0.00364	0.00960
46	0.79588	0.01406	0.01068	0.00956	0.01406	0.01631	0.00787	0.02137	0.01237	0.03261	0.01012	0.01181	0.00787	0.00675	0.00450	0.00225	0.00562	0.00394	0.00450	0.00787
47	0.02878	0.01144	0.01531	0.01206	0.01671	0.01005	0.00959	0.03110	0.01902	0.58414	0.02767	0.02871	0.01946	0.13699	0.01248	0.00308	0.00634	0.00788	0.00820	0.01098
48	0.01471	0.01171	0.01537	0.13718	0.02139	0.01337	0.01187	0.11820	0.10140	0.02469	0.08181	0.08017	0.02431	0.05139	0.19449	0.00509	0.03274	0.04640	0.00546	0.00826
49	0.02044	0.22135	0.18593	0.01902	0.05302	0.12524	0.07840	0.06623	0.04641	0.06950	0.01410	0.01584	0.01091	0.00733	0.00714	0.00207	0.03724	0.00558	0.00413	0.01010
50	0.01551	0.01425	0.01937	0.01682	0.01751	0.01890	0.01373	0.06964	0.01339	0.01989	0.03214	0.04292	0.01460	0.05820	0.10677	0.00432	0.50286	0.00742	0.00391	0.00784
51	0.01048	0.00741	0.00977	0.00977	0.01041	0.00805	0.00670	0.01175	0.01112	0.01546	0.02122	0.03824	0.02238	0.40610	0.36990	0.00932	0.01314	0.00921	0.00415	0.00543
52	0.01454	0.01441	0.04575	0.07420	0.05474	0.05347	0.17930	0.01860	0.04132	0.04489	0.02582	0.30523	0.02689	0.01376	0.00896	0.00264	0.03164	0.03045	0.00523	0.00817
53	0.02088	0.04952	0.02277	0.02098	0.09696	0.20029	0.01541	0.10940	0.06738	0.02295	0.01299	0.01629	0.01102	0.00968	0.01338	0.00248	0.28800	0.00601	0.00422	0.00937
54	0.02751	0.02411	0.02150	0.01725	0.02252	0.20428	0.01388	0.50552	0.03062	0.03846	0.01582	0.01631	0.01158	0.00840	0.00708	0.00210	0.00934	0.00606	0.00635	0.01133
55	0.02638	0.03207	0.02147	0.02087	0.08225	0.60344	0.01476	0.07529	0.02123	0.02035	0.01190	0.01385	0.00977	0.00749	0.00666	0.00192	0.01234	0.00498	0.00399	0.00899
56	0.01701	0.01627	0.02774	0.20115	0.55030	0.01701	0.02182	0.02145	0.01609	0.02256	0.01350	0.01831	0.01110	0.00666	0.00721	0.00222	0.00888	0.00647	0.00351	0.01073
57	0.02786	0.01999	0.02159	0.01655	0.02236	0.02200	0.01367	0.64550	0.03356	0.07614	0.01797	0.01779	0.01262	0.00874	0.00727	0.00218	0.00792	0.00658	0.00735	0.01236
58	0.01656	0.01700	0.02217	0.01906	0.01928	0.06276	0.01579	0.01817	0.01169	0.01751	0.00964	0.01574	0.00953	0.01242	0.02284	0.00310	0.68927	0.00626	0.00321	0.00798
59	0.00886	0.00633	0.00843	0.01012	0.01054	0.00590	0.00675	0.01012	0.01392	0.01856	0.04006	0.73979	0.04808	0.02277	0.00928	0.00295	0.00422	0.02066	0.00675	0.00590
60	0.01373	0.01292	0.02180	0.72707	0.05006	0.01615	0.02019	0.01857	0.01453	0.01857	0.01292	0.01938	0.00969	0.00727	0.00727	0.00242	0.00969	0.00646	0.00323	0.00807
61	0.01597	0.01770	0.06512	0.14087	0.17314	0.01656	0.33749	0.02136	0.01688	0.02322	0.08295	0.02254	0.01665	0.00730	0.00801	0.00236	0.01014	0.00812	0.00400	0.00963
62	0.01808	0.01561	0.01644	0.01479	0.01890	0.01808	0.01151	0.03863	0.68606	0.03041	0.02959	0.02712	0.02219	0.00986	0.00740	0.00247	0.00575	0.00822	0.00740	0.01151
63	0.02049	0.01654	0.01850	0.01797	0.09548	0.04930	0.01274	0.17277	0.31791	0.07168	0.10448	0.02646	0.02359	0.00967	0.00744	0.00231	0.00665	0.00803	0.00694	0.01104
64	0.02017	0.01874	0.03403	0.02492	0.03110	0.01883	0.41644	0.18401	0.02087	0.05771	0.01561	0.01918	0.01164	0.00803	0.00987	0.03342	0.05272	0.00780	0.00475	0.01018
65	0.01799	0.01727	0.02950	0.04462	0.69919	0.01727	0.02231	0.02231	0.01655	0.02375	0.01367	0.01799	0.01151	0.00648	0.00720	0.00216	0.00864	0.00648	0.00360	0.01151
66	0.01147	0.06723	0.05211	0.01006	0.01276	0.00897	0.00837	0.01418	0.01722	0.05130	0.24396	0.19140	0.23247	0.01624	0.00831	0.00244	0.00464	0.03305	0.00672	0.00711
67	0.01947	0.15030	0.22931	0.01583	0.02260	0.13344	0.01613	0.04921	0.01748	0.08812	0.01752	0.02064	0.03916	0.00804	0.00653	0.00198	0.00888	0.03625	0.00442	0.11469
68	0.01507	0.01292	0.01507	0.01077	0.01723	0.00969	0.00861	0.01830	0.01507	0.02369	0.01292	0.01507	0.01077	0.00538	0.00538	0.00108	0.00538	0.00431	0.00431	0.78898
69	0.01988	0.01528	0.01781	0.07646	0.02135	0.04324	0.03449	0.29953	0.06259	0.06050	0.02492	0.24239	0.02386	0.01290	0.00792	0.00246	0.00711	0.01104	0.00658	0.00970
70	0.01626	0.04946	0.21242	0.01568	0.02314	0.01359	0.07356	0.04315	0.01618	0.05301	0.01479	0.04137	0.01197	0.00679	0.00635	0.00172	0.00768	0.00575	0.00424	0.38289
