[name]
unknown

[dist]
# distance from previous block
# <min> <max>
0	116

[block]
# block no. 0 follows, 40 sequences, length 31
# corresponding to MSA columns:
# 139-169
name=unknown_A
#
# <colnr> <probs for GDERKNQSTAVLIFYWHMCP>
#	G	D	E	R	K	N	Q	S	T	A	V	L	I	F	Y	W	H	M	C	P
0	0.03729	0.00880	0.01035	0.01085	0.01279	0.05859	0.00926	0.01493	0.03988	0.07397	0.02718	0.05359	0.02816	0.01376	0.00736	0.00243	0.00558	0.54985	0.00525	0.03014
1	0.01354	0.17763	0.38611	0.01677	0.04501	0.04233	0.13779	0.04381	0.01314	0.01802	0.02594	0.01300	0.00879	0.00563	0.00580	0.00174	0.02936	0.00469	0.00278	0.00812
2	0.01348	0.09035	0.19201	0.02208	0.06832	0.01516	0.47612	0.01843	0.01321	0.01815	0.01109	0.01429	0.00840	0.00506	0.00622	0.00186	0.00905	0.00587	0.00279	0.00805
3	0.00885	0.00647	0.00869	0.00984	0.01120	0.00630	0.00838	0.01124	0.01321	0.01698	0.03492	0.11448	0.13774	0.01602	0.00782	0.00255	0.00487	0.56983	0.00536	0.00525
4	0.00835	0.00606	0.00846	0.00846	0.00919	0.00679	0.00616	0.00981	0.00908	0.01284	0.01639	0.02734	0.01649	0.26589	0.55298	0.00825	0.01264	0.00689	0.00324	0.00470
5	0.01565	0.17556	0.16428	0.01462	0.04526	0.04430	0.07932	0.19709	0.09528	0.02210	0.01332	0.03886	0.01072	0.00850	0.04805	0.00214	0.00749	0.00528	0.00387	0.00832
6	0.00823	0.00594	0.00777	0.00732	0.00869	0.00549	0.00549	0.01097	0.01646	0.02332	0.75629	0.04344	0.05487	0.01189	0.00686	0.00183	0.00274	0.01052	0.00640	0.00549
7	0.00823	0.00594	0.00777	0.00732	0.00869	0.00549	0.00549	0.01097	0.01646	0.02332	0.75629	0.04344	0.05487	0.01189	0.00686	0.00183	0.00274	0.01052	0.00640	0.00549
8	0.02362	0.01343	0.01622	0.01238	0.01700	0.01372	0.03257	0.40135	0.02217	0.35896	0.01788	0.01661	0.01186	0.00701	0.00586	0.00178	0.00586	0.00556	0.00634	0.00983
9	0.01555	0.79913	0.03047	0.00995	0.01493	0.02301	0.00995	0.01741	0.01182	0.01368	0.00808	0.00933	0.00746	0.00498	0.00373	0.00124	0.00622	0.00311	0.00249	0.00746
10	0.00818	0.00594	0.00770	0.00726	0.00866	0.00547	0.00545	0.01088	0.01634	0.02304	0.73040	0.04390	0.08093	0.01199	0.00686	0.00183	0.00275	0.01058	0.00636	0.00547
11	0.09683	0.03606	0.32869	0.04124	0.12633	0.01301	0.03006	0.05997	0.03201	0.11442	0.01235	0.01367	0.00893	0.00573	0.00536	0.00175	0.00695	0.00462	0.00358	0.05843
12	0.01940	0.04161	0.01796	0.04449	0.11772	0.52306	0.01239	0.05294	0.01554	0.01585	0.00937	0.01152	0.00785	0.00629	0.00660	0.00165	0.08137	0.00416	0.00304	0.00718
13	0.00831	0.00623	0.00935	0.00935	0.01038	0.00727	0.00727	0.01038	0.00935	0.01350	0.01558	0.02285	0.01454	0.04361	0.77259	0.00935	0.01558	0.00623	0.00312	0.00519
14	0.01378	0.01353	0.01983	0.04849	0.43346	0.08240	0.04920	0.01705	0.03265	0.01738	0.01198	0.01631	0.01037	0.03839	0.10476	0.00287	0.05203	0.00542	0.02224	0.00788
15	0.01523	0.06341	0.07559	0.04095	0.29984	0.06545	0.11590	0.10144	0.08456	0.02063	0.01258	0.01492	0.00994	0.00663	0.02377	0.00192	0.00747	0.00530	0.02596	0.00852
16	0.00846	0.00564	0.00634	0.00634	0.00634	0.00564	0.00352	0.00846	0.00846	0.01128	0.01832	0.03805	0.02114	0.79563	0.02960	0.00564	0.00564	0.00846	0.00352	0.00352
17	0.00784	0.00571	0.00738	0.00742	0.00856	0.00525	0.00539	0.01004	0.01484	0.02057	0.51851	0.24084	0.09846	0.01374	0.00701	0.00198	0.00292	0.01222	0.00607	0.00525
18	0.01206	0.01034	0.01206	0.00861	0.01378	0.00775	0.00689	0.01464	0.01206	0.01895	0.01034	0.01206	0.00861	0.00431	0.00431	0.00086	0.00431	0.00345	0.00345	0.83118
19	0.00859	0.00570	0.00706	0.00706	0.00727	0.00590	0.00442	0.00875	0.00854	0.01160	0.01695	0.03299	0.01872	0.56862	0.17568	0.08985	0.00754	0.00767	0.00334	0.00375
20	0.01040	0.00551	0.00581	0.00574	0.00710	0.00543	0.00430	0.01312	0.01291	0.02195	0.14242	0.02532	0.02160	0.00763	0.00453	0.00143	0.00272	0.00627	0.69037	0.00543
21	0.01395	0.01325	0.02166	0.07767	0.57449	0.01361	0.03759	0.01910	0.10865	0.01933	0.01398	0.01667	0.03212	0.00584	0.00585	0.00179	0.00663	0.00562	0.00333	0.00887
22	0.03704	0.01328	0.02269	0.15266	0.59131	0.01369	0.04975	0.01739	0.01291	0.01853	0.01080	0.01449	0.00888	0.00528	0.00576	0.00177	0.00710	0.00520	0.00285	0.00863
23	0.02211	0.01629	0.01745	0.01338	0.01803	0.01803	0.01105	0.73997	0.02734	0.03665	0.01396	0.01396	0.00989	0.00698	0.00582	0.00175	0.00640	0.00524	0.00582	0.00989
24	0.01199	0.25978	0.03604	0.02978	0.01349	0.04064	0.00890	0.01515	0.08022	0.01579	0.04908	0.10160	0.15104	0.03133	0.00787	0.00195	0.09920	0.03576	0.00393	0.00647
25	0.00778	0.00593	0.00714	0.00684	0.00841	0.00529	0.00513	0.01009	0.01539	0.02077	0.52260	0.04764	0.29015	0.01284	0.00686	0.00187	0.00281	0.01111	0.00607	0.00529
26	0.01036	0.00895	0.01140	0.02527	0.04801	0.01022	0.00843	0.03119	0.14282	0.01711	0.02770	0.19824	0.17130	0.01575	0.09261	0.00296	0.15733	0.00952	0.00452	0.00630
27	0.01483	0.03401	0.06063	0.01238	0.05139	0.04211	0.00988	0.19445	0.08938	0.06628	0.06638	0.06615	0.04015	0.04536	0.05230	0.01763	0.02903	0.07207	0.02811	0.00748
28	0.01338	0.01464	0.08479	0.29412	0.27643	0.04430	0.06040	0.04262	0.03548	0.01777	0.01096	0.01464	0.00864	0.00588	0.00656	0.00187	0.05155	0.00518	0.00292	0.00786
29	0.08009	0.05847	0.04531	0.14500	0.17703	0.03869	0.03630	0.13557	0.12334	0.02162	0.01250	0.01462	0.00975	0.00642	0.00661	0.00185	0.06984	0.00509	0.00375	0.00816
30	0.03910	0.13348	0.11984	0.03085	0.07803	0.07042	0.01103	0.05136	0.03921	0.01899	0.02943	0.01298	0.00970	0.00529	0.00478	0.00133	0.00602	0.00408	0.00334	0.33073

[dist]
# distance from previous block
# <min> <max>
0	1

[block]
# block no. 1 follows, 40 sequences, length 112
# corresponding to MSA columns:
# 171-222,227-286
name=unknown_B
#
# <colnr> <probs for GDERKNQSTAVLIFYWHMCP>
#	G	D	E	R	K	N	Q	S	T	A	V	L	I	F	Y	W	H	M	C	P
0	0.22810	0.24958	0.09290	0.01348	0.07807	0.06295	0.03067	0.08031	0.01312	0.04140	0.00961	0.01121	0.00775	0.00576	0.00538	0.00166	0.05324	0.00393	0.00327	0.00760
1	0.13183	0.01287	0.05054	0.01202	0.03988	0.10353	0.04963	0.08052	0.01280	0.03322	0.03974	0.06803	0.01525	0.18088	0.06832	0.00326	0.06873	0.01894	0.00378	0.00624
2	0.00749	0.00535	0.00689	0.00792	0.00841	0.00505	0.00541	0.00856	0.01119	0.01481	0.05009	0.56312	0.07582	0.12961	0.01062	0.00282	0.00382	0.07325	0.00515	0.00463
3	0.01396	0.01316	0.02096	0.09625	0.54885	0.02849	0.01600	0.04443	0.03015	0.01916	0.03840	0.03597	0.01208	0.00636	0.00636	0.00182	0.03436	0.02146	0.00326	0.00852
4	0.14923	0.01010	0.01274	0.00994	0.01430	0.00923	0.00821	0.02663	0.01562	0.65138	0.02069	0.01822	0.01316	0.00692	0.00551	0.00180	0.00488	0.00544	0.00665	0.00935
5	0.01671	0.41008	0.08768	0.01347	0.06262	0.22198	0.01161	0.04624	0.01401	0.01589	0.04421	0.01199	0.00990	0.00571	0.00464	0.00144	0.00746	0.00394	0.00296	0.00747
6	0.00709	0.00506	0.00675	0.00810	0.00843	0.00472	0.00540	0.00810	0.01113	0.01484	0.03205	0.79184	0.03846	0.01822	0.00742	0.00236	0.00337	0.01653	0.00540	0.00472
7	0.01015	0.03302	0.17228	0.01044	0.01403	0.00941	0.03711	0.06117	0.02888	0.01937	0.17639	0.03614	0.29296	0.01074	0.00701	0.00192	0.04165	0.02612	0.00470	0.00648
8	0.00723	0.00591	0.00639	0.00627	0.00807	0.00506	0.00470	0.00904	0.01410	0.01771	0.24237	0.05267	0.57229	0.01398	0.00687	0.00193	0.00289	0.01181	0.00566	0.00506
9	0.81519	0.01138	0.00878	0.00780	0.01143	0.01318	0.00642	0.03619	0.01036	0.02637	0.00825	0.00957	0.00639	0.00544	0.00366	0.00180	0.00455	0.00320	0.00366	0.00639
10	0.00846	0.00564	0.00634	0.00634	0.00634	0.00564	0.00352	0.00846	0.00846	0.01128	0.01832	0.03805	0.02114	0.79563	0.02960	0.00564	0.00564	0.00846	0.00352	0.00352
11	0.01208	0.01042	0.01226	0.00885	0.01383	0.00811	0.00710	0.01462	0.01195	0.01877	0.01024	0.01208	0.00858	0.00451	0.00483	0.00092	0.03186	0.00350	0.00341	0.80207
12	0.01206	0.01034	0.01206	0.00861	0.01378	0.00775	0.00689	0.01464	0.01206	0.01895	0.01034	0.01206	0.00861	0.00431	0.00431	0.00086	0.00431	0.00345	0.00345	0.83118
13	0.00722	0.00564	0.00650	0.00683	0.00814	0.00497	0.00488	0.00874	0.01305	0.01668	0.17336	0.27656	0.39465	0.03627	0.00765	0.00216	0.00311	0.01315	0.00553	0.00492
14	0.01508	0.01555	0.01409	0.01357	0.07190	0.25168	0.02953	0.08783	0.07500	0.01965	0.17600	0.02483	0.08860	0.04564	0.00773	0.00195	0.04324	0.00684	0.00445	0.00686
15	0.01166	0.03008	0.76550	0.01657	0.02517	0.01351	0.02149	0.01842	0.01228	0.01842	0.01044	0.01228	0.00737	0.00552	0.00552	0.00184	0.00859	0.00430	0.00246	0.00859
16	0.02095	0.01615	0.01682	0.03319	0.05092	0.08820	0.01102	0.53578	0.02392	0.08074	0.03495	0.01594	0.03007	0.00712	0.00582	0.00174	0.00656	0.00545	0.00543	0.00923
17	0.00831	0.00623	0.00935	0.00935	0.01038	0.00727	0.00727	0.01038	0.00935	0.01350	0.01558	0.02285	0.01454	0.04361	0.77259	0.00935	0.01558	0.00623	0.00312	0.00519
18	0.01354	0.01136	0.01226	0.01101	0.01398	0.01285	0.00855	0.05372	0.57879	0.02459	0.16623	0.02565	0.02470	0.00864	0.00610	0.00194	0.00431	0.00729	0.00601	0.00851
19	0.02211	0.01629	0.01745	0.01338	0.01803	0.01803	0.01105	0.73997	0.02734	0.03665	0.01396	0.01396	0.00989	0.00698	0.00582	0.00175	0.00640	0.00524	0.00582	0.00989
20	0.01608	0.05544	0.08165	0.09084	0.12456	0.22193	0.04617	0.07673	0.07883	0.01843	0.03679	0.01449	0.01054	0.00664	0.00712	0.00180	0.09587	0.00499	0.00341	0.00768
21	0.00816	0.00594	0.00768	0.00725	0.00865	0.00546	0.00543	0.01084	0.01630	0.02294	0.72185	0.04406	0.08954	0.01203	0.00686	0.00184	0.00275	0.01060	0.00635	0.00546
22	0.01555	0.01289	0.01395	0.01202	0.01547	0.01462	0.02239	0.16934	0.54803	0.02597	0.02225	0.02152	0.03503	0.03582	0.00678	0.00206	0.00505	0.00653	0.00575	0.00900
23	0.00788	0.00573	0.00751	0.00869	0.00937	0.00555	0.00628	0.00985	0.04244	0.01568	0.03161	0.58304	0.04975	0.03674	0.00802	0.00248	0.00387	0.15516	0.00536	0.00501
24	0.01135	0.03921	0.04897	0.03804	0.06540	0.09247	0.02731	0.04761	0.01485	0.01932	0.24783	0.08276	0.15691	0.01049	0.00659	0.00186	0.02058	0.03459	0.02758	0.00627
25	0.01363	0.01358	0.07209	0.18935	0.33365	0.01300	0.04980	0.06389	0.01343	0.03735	0.01151	0.01502	0.00920	0.00809	0.05694	0.00226	0.02298	0.00516	0.00314	0.06594
26	0.01231	0.01049	0.01220	0.00873	0.01389	0.00801	0.00700	0.03301	0.01245	0.01940	0.01043	0.01211	0.00865	0.00437	0.00434	0.00088	0.00436	0.00349	0.00351	0.81038
27	0.01449	0.01467	0.04345	0.17477	0.04830	0.11490	0.08097	0.11887	0.03273	0.01852	0.01158	0.01556	0.00955	0.03201	0.07754	0.00271	0.15276	0.00533	0.02418	0.00711
28	0.00842	0.00606	0.00773	0.00857	0.00934	0.00593	0.00603	0.06200	0.01239	0.01648	0.03042	0.62182	0.05238	0.04680	0.02478	0.00260	0.00407	0.06376	0.00531	0.00511
29	0.00819	0.00594	0.00772	0.00727	0.00866	0.00547	0.00545	0.01089	0.01636	0.02309	0.73526	0.04382	0.07604	0.01197	0.00686	0.00183	0.00275	0.01057	0.00637	0.00547
30	0.01374	0.01284	0.02123	0.18170	0.53636	0.01346	0.01665	0.04211	0.03211	0.01884	0.01219	0.01721	0.01031	0.00595	0.00588	0.00182	0.00693	0.03905	0.00312	0.00850
31	0.02552	0.01082	0.01406	0.01078	0.01530	0.00991	0.00891	0.13079	0.01818	0.65875	0.02165	0.01895	0.01375	0.00717	0.00584	0.00179	0.00516	0.00576	0.00700	0.00990
32	0.01050	0.06720	0.42213	0.01255	0.01811	0.01093	0.01454	0.01530	0.01360	0.01940	0.23770	0.02589	0.06809	0.00831	0.00598	0.00184	0.00624	0.03051	0.00392	0.00726
33	0.03432	0.00658	0.00615	0.00599	0.00753	0.03156	0.00453	0.03080	0.01263	0.02190	0.01822	0.02079	0.01430	0.00672	0.00413	0.00138	0.00310	0.00530	0.75849	0.00559
34	0.01405	0.01318	0.01592	0.04373	0.21029	0.08222	0.01174	0.04895	0.23597	0.02043	0.06795	0.02315	0.04268	0.00806	0.00696	0.00191	0.06177	0.05687	0.00441	0.02975
35	0.01501	0.64085	0.16190	0.01127	0.01684	0.04110	0.01205	0.01775	0.01202	0.01455	0.00853	0.00989	0.00745	0.00510	0.00409	0.00136	0.00676	0.00334	0.00250	0.00765
36	0.80961	0.01120	0.00871	0.00774	0.01137	0.01290	0.00637	0.01747	0.01012	0.05074	0.00859	0.00979	0.00657	0.00546	0.00367	0.00180	0.00451	0.00324	0.00372	0.00642
37	0.01225	0.01173	0.01995	0.44556	0.29781	0.01324	0.04050	0.01587	0.01224	0.01648	0.01175	0.01605	0.02728	0.00591	0.00623	0.00188	0.02962	0.00541	0.00277	0.00746
38	0.00708	0.00509	0.00672	0.00801	0.00841	0.00473	0.00536	0.00811	0.01121	0.01488	0.03306	0.76412	0.06552	0.01809	0.00740	0.00235	0.00336	0.01637	0.00540	0.00473
39	0.00846	0.00564	0.00634	0.00634	0.00634	0.00564	0.00352	0.00846	0.00846	0.01128	0.01832	0.03805	0.02114	0.79563	0.02960	0.00564	0.00564	0.00846	0.00352	0.00352
40	0.01872	0.20171	0.03718	0.01435	0.03701	0.41317	0.01154	0.06800	0.01495	0.01579	0.00902	0.01089	0.00771	0.00634	0.00678	0.00161	0.11115	0.00393	0.00299	0.00717
41	0.01068	0.00967	0.01367	0.01229	0.01274	0.01277	0.00994	0.01224	0.00931	0.01399	0.03691	0.01890	0.01256	0.06246	0.30554	0.00526	0.42652	0.00588	0.00294	0.00574
42	0.00725	0.00518	0.00693	0.00828	0.00869	0.00486	0.00568	0.00838	0.01129	0.01503	0.03196	0.74030	0.03811	0.01807	0.00747	0.00238	0.00351	0.06646	0.00540	0.00477
43	0.01175	0.05139	0.11913	0.01250	0.05749	0.13445	0.00998	0.01545	0.08738	0.01661	0.03994	0.37289	0.02406	0.01180	0.00635	0.00200	0.00574	0.01022	0.00438	0.00647
44	0.01583	0.01536	0.01378	0.01243	0.01566	0.15737	0.00959	0.02945	0.61075	0.02242	0.02090	0.01958	0.01582	0.00753	0.00579	0.00188	0.00571	0.00604	0.00537	0.00874
45	0.01196	0.03295	0.15654	0.01098	0.01430	0.04374	0.00999	0.01781	0.17964	0.07332	0.02517	0.25540	0.08386	0.01262	0.04244	0.00236	0.00571	0.00936	0.00479	0.00707
46	0.01010	0.00505	0.00758	0.00758	0.00758	0.00505	0.00505	0.00758	0.00758	0.01010	0.01010	0.01768	0.01010	0.02020	0.02273	0.83081	0.00505	0.00505	0.00253	0.00253
47	0.01230	0.01151	0.01895	0.20461	0.31332	0.01209	0.07534	0.04955	0.01339	0.01809	0.03205	0.06799	0.11068	0.00770	0.00647	0.00189	0.02603	0.00705	0.00350	0.00749
48	0.00846	0.00564	0.00634	0.00634	0.00634	0.00564	0.00352	0.00846	0.00846	0.01128	0.01832	0.03805	0.02114	0.79563	0.02960	0.00564	0.00564	0.00846	0.00352	0.00352
49	0.02115	0.01634	0.01676	0.01356	0.03434	0.07566	0.01081	0.58519	0.05563	0.05884	0.01592	0.01581	0.03831	0.00720	0.00582	0.00175	0.00647	0.00546	0.00557	0.00941
50	0.01285	0.01175	0.04802	0.00937	0.01466	0.00885	0.00791	0.07320	0.01330	0.02035	0.01063	0.01222	0.00866	0.00458	0.00449	0.00098	0.00468	0.00363	0.00359	0.72629
51	0.83671	0.01125	0.00855	0.00765	0.01125	0.01305	0.00630	0.01709	0.00990	0.02609	0.00810	0.00945	0.00630	0.00540	0.00360	0.00180	0.00450	0.00315	0.00360	0.00630
52	0.00719	0.00519	0.00681	0.00792	0.00843	0.00481	0.00536	0.00839	0.01175	0.01571	0.10388	0.68423	0.07394	0.01744	0.00734	0.00229	0.00329	0.01574	0.00550	0.00481
53	0.01433	0.01465	0.05885	0.05910	0.63449	0.01395	0.06158	0.03847	0.01357	0.01931	0.01103	0.01440	0.00907	0.00525	0.00582	0.00175	0.00718	0.00524	0.00294	0.00902
54	0.05837	0.23284	0.04853	0.08369	0.03855	0.21987	0.01159	0.16400	0.03712	0.01979	0.01031	0.01182	0.00827	0.00599	0.00531	0.00159	0.02705	0.00414	0.00346	0.00772
55	0.04644	0.02005	0.10407	0.01323	0.03501	0.36570	0.02874	0.01819	0.03388	0.01625	0.04022	0.02292	0.18744	0.00829	0.00620	0.00174	0.03511	0.00623	0.00367	0.00662
56	0.01408	0.01205	0.05167	0.01155	0.03516	0.00937	0.07525	0.03586	0.03420	0.09932	0.01231	0.01362	0.00950	0.00492	0.00489	0.00119	0.00522	0.00424	0.00387	0.56173
57	0.01467	0.05094	0.04703	0.06859	0.06279	0.12983	0.48173	0.01874	0.01381	0.01743	0.01153	0.03393	0.00922	0.00549	0.00635	0.00185	0.00930	0.00622	0.00295	0.00758
58	0.01980	0.01514	0.01615	0.01291	0.01715	0.01696	0.01049	0.52577	0.24530	0.03293	0.01689	0.01630	0.01226	0.00726	0.00585	0.00181	0.00586	0.00564	0.00585	0.00968
59	0.01137	0.00593	0.00599	0.00580	0.00731	0.00601	0.00439	0.04780	0.01291	0.02239	0.01873	0.02132	0.01467	0.00678	0.00415	0.00137	0.00288	0.00541	0.78915	0.00563
60	0.00812	0.00631	0.00771	0.00736	0.00885	0.00598	0.00554	0.01071	0.03340	0.02046	0.47959	0.07786	0.25142	0.01281	0.00732	0.00192	0.03233	0.01098	0.00592	0.00542
61	0.00718	0.00583	0.00637	0.00639	0.00808	0.00501	0.00473	0.00888	0.01373	0.01723	0.20329	0.12109	0.54298	0.01445	0.00692	0.00197	0.00294	0.01230	0.00561	0.00501
62	0.01566	0.74229	0.02950	0.01033	0.01505	0.04926	0.01010	0.01749	0.01187	0.01371	0.00810	0.00950	0.00747	0.00521	0.00436	0.00130	0.03570	0.00321	0.00251	0.00740
63	0.00846	0.00564	0.00634	0.00634	0.00634	0.00564	0.00352	0.00846	0.00846	0.01128	0.01832	0.03805	0.02114	0.79563	0.02960	0.00564	0.00564	0.00846	0.00352	0.00352
64	0.01486	0.01236	0.03334	0.04913	0.09180	0.01312	0.07766	0.25507	0.01666	0.03950	0.01479	0.04057	0.01267	0.01670	0.19984	0.00380	0.05491	0.04135	0.00417	0.00770
65	0.00763	0.00571	0.00708	0.00718	0.00843	0.00516	0.00521	0.00964	0.01438	0.01943	0.41263	0.23290	0.21504	0.01413	0.00700	0.00199	0.00295	0.01243	0.00592	0.00516
66	0.02032	0.07190	0.01784	0.01341	0.03589	0.04215	0.03632	0.42348	0.08778	0.12157	0.01521	0.01523	0.01096	0.00687	0.00597	0.00174	0.02598	0.00529	0.03288	0.00922
67	0.00846	0.00564	0.00634	0.00634	0.00634	0.00564	0.00352	0.00846	0.00846	0.01128	0.01832	0.03805	0.02114	0.79563	0.02960	0.00564	0.00564	0.00846	0.00352	0.00352
68	0.01261	0.02614	0.55884	0.05411	0.04071	0.03668	0.13114	0.03905	0.01305	0.01869	0.01070	0.01299	0.00772	0.00549	0.00575	0.00185	0.00870	0.00476	0.00266	0.00837
69	0.00846	0.00564	0.00634	0.00634	0.00634	0.00564	0.00352	0.00846	0.00846	0.01128	0.01832	0.03805	0.02114	0.79563	0.02960	0.00564	0.00564	0.00846	0.00352	0.00352
70	0.01371	0.01312	0.02237	0.18520	0.61519	0.01364	0.01751	0.01725	0.01292	0.01817	0.01082	0.01462	0.00892	0.00531	0.00577	0.00177	0.00708	0.00518	0.00282	0.00866
71	0.02175	0.01601	0.01717	0.01320	0.01773	0.01771	0.01086	0.72115	0.02686	0.03600	0.01407	0.01458	0.01018	0.02727	0.00643	0.00185	0.00638	0.00532	0.00576	0.00973
72	0.01398	0.00749	0.00961	0.00895	0.01113	0.00701	0.00679	0.01698	0.08306	0.24866	0.10769	0.27871	0.09162	0.01284	0.00730	0.03405	0.00401	0.03733	0.00600	0.00679
73	0.00721	0.00539	0.00644	0.00720	0.00798	0.00490	0.00485	0.00822	0.01141	0.01462	0.03825	0.46969	0.25142	0.12202	0.01025	0.00268	0.00355	0.01417	0.00515	0.00462
74	0.01209	0.01179	0.01659	0.01442	0.01456	0.01630	0.01194	0.01348	0.00897	0.01392	0.00878	0.01418	0.00863	0.01499	0.12747	0.00352	0.67432	0.00525	0.00263	0.00619
75	0.02140	0.01576	0.01695	0.01313	0.01758	0.01741	0.01079	0.70546	0.02658	0.03562	0.01481	0.05064	0.01124	0.00751	0.00589	0.00177	0.00626	0.00577	0.00580	0.00965
76	0.01489	0.01676	0.02521	0.02090	0.08296	0.14998	0.32797	0.01796	0.01270	0.01646	0.00994	0.01375	0.00825	0.00674	0.01023	0.00204	0.24752	0.00563	0.00282	0.00730
77	0.00723	0.00528	0.00679	0.00784	0.00847	0.00488	0.00539	0.00844	0.01173	0.01547	0.07727	0.61915	0.12596	0.03204	0.00776	0.00236	0.00340	0.04035	0.00542	0.00479
78	0.02469	0.01215	0.01489	0.01142	0.01597	0.01189	0.00943	0.27936	0.02042	0.50703	0.01977	0.01774	0.01281	0.00712	0.00584	0.00178	0.00546	0.00563	0.00671	0.00989
79	0.01900	0.02254	0.01651	0.01464	0.01696	0.51252	0.01136	0.06401	0.01515	0.01559	0.01067	0.01282	0.03342	0.00739	0.00877	0.00179	0.20248	0.00446	0.00314	0.00678
80	0.00785	0.00566	0.00717	0.00795	0.00871	0.00536	0.00572	0.00922	0.01184	0.01560	0.10058	0.36143	0.12110	0.15465	0.01135	0.00291	0.00405	0.14897	0.00515	0.00473
81	0.00845	0.00565	0.00641	0.00639	0.00645	0.00563	0.00361	0.00857	0.00881	0.01181	0.05126	0.03830	0.02265	0.76065	0.02858	0.00547	0.00551	0.00855	0.00365	0.00361
82	0.00846	0.00564	0.00634	0.00634	0.00634	0.00564	0.00352	0.00846	0.00846	0.01128	0.01832	0.03805	0.02114	0.79563	0.02960	0.00564	0.00564	0.00846	0.00352	0.00352
83	0.01824	0.41898	0.05023	0.01243	0.01669	0.33836	0.01094	0.04540	0.01435	0.01489	0.00876	0.01009	0.00756	0.00549	0.00451	0.00139	0.00811	0.00349	0.00282	0.00728
84	0.01219	0.02061	0.38956	0.06398	0.04887	0.01225	0.17588	0.01721	0.01263	0.05288	0.01444	0.12588	0.01258	0.00730	0.00613	0.00194	0.00783	0.00678	0.00323	0.00782
85	0.00727	0.00557	0.00666	0.00710	0.00828	0.00497	0.00505	0.00884	0.01313	0.01708	0.20596	0.34944	0.30872	0.01549	0.00709	0.00209	0.00307	0.01359	0.00563	0.00497
86	0.01024	0.00623	0.00796	0.00732	0.00898	0.00576	0.00556	0.01294	0.01586	0.09089	0.58294	0.03814	0.04541	0.01072	0.00636	0.00176	0.00294	0.00936	0.12475	0.00588
87	0.05100	0.10336	0.01933	0.43695	0.11861	0.01427	0.03993	0.01591	0.03163	0.01630	0.02814	0.01589	0.02575	0.00624	0.00634	0.00186	0.05345	0.00520	0.00290	0.00696
88	0.01373	0.01569	0.03431	0.02451	0.03039	0.01471	0.73824	0.01863	0.01373	0.01863	0.01176	0.01569	0.00882	0.00490	0.00686	0.00196	0.00980	0.00686	0.00294	0.00784
89	0.00937	0.00669	0.00937	0.01071	0.01205	0.00669	0.00937	0.01205	0.01339	0.01740	0.03079	0.06560	0.03347	0.01606	0.00803	0.00268	0.00535	0.72021	0.00535	0.00535
90	0.01166	0.03008	0.76550	0.01657	0.02517	0.01351	0.02149	0.01842	0.01228	0.01842	0.01044	0.01228	0.00737	0.00552	0.00552	0.00184	0.00859	0.00430	0.00246	0.00859
91	0.12022	0.06599	0.01668	0.07038	0.06301	0.25154	0.02926	0.15011	0.05037	0.02048	0.01104	0.01312	0.00887	0.00854	0.04421	0.03329	0.02744	0.00451	0.00363	0.00733
92	0.02609	0.00990	0.01350	0.01035	0.01484	0.00855	0.00855	0.02834	0.01664	0.76338	0.02294	0.01979	0.01439	0.00720	0.00585	0.00180	0.00495	0.00585	0.00720	0.00990
93	0.00846	0.00564	0.00634	0.00634	0.00634	0.00564	0.00352	0.00846	0.00846	0.01128	0.01832	0.03805	0.02114	0.79563	0.02960	0.00564	0.00564	0.00846	0.00352	0.00352
94	0.00735	0.00568	0.00647	0.00673	0.00794	0.00511	0.00472	0.00867	0.01231	0.01566	0.12533	0.21894	0.38146	0.13139	0.03344	0.00280	0.00380	0.01230	0.00517	0.00474
95	0.01523	0.15522	0.10818	0.07835	0.13215	0.04980	0.12556	0.02037	0.10675	0.09311	0.01357	0.03192	0.01065	0.00620	0.00595	0.00177	0.02800	0.00540	0.00362	0.00818
96	0.01166	0.03008	0.76550	0.01657	0.02517	0.01351	0.02149	0.01842	0.01228	0.01842	0.01044	0.01228	0.00737	0.00552	0.00552	0.00184	0.00859	0.00430	0.00246	0.00859
97	0.02301	0.00921	0.01251	0.00982	0.01378	0.00802	0.00802	0.02534	0.01661	0.63574	0.14943	0.02387	0.02138	0.00801	0.00602	0.00180	0.00457	0.00665	0.00706	0.00914
98	0.13288	0.01627	0.18438	0.11645	0.22098	0.01341	0.06176	0.01856	0.06814	0.04455	0.02980	0.01480	0.01004	0.00598	0.00604	0.00186	0.03771	0.00505	0.00330	0.00804
99	0.01249	0.01278	0.03593	0.48675	0.19272	0.06226	0.04492	0.01615	0.01249	0.01619	0.03289	0.01567	0.00950	0.00590	0.00605	0.00187	0.02021	0.00529	0.00280	0.00715
100	0.01098	0.01034	0.01744	0.78165	0.04005	0.01292	0.01615	0.01486	0.01163	0.01486	0.01034	0.01550	0.00775	0.00581	0.00581	0.00194	0.00775	0.00517	0.00258	0.00646
101	0.00974	0.00773	0.00944	0.00911	0.01009	0.04478	0.00672	0.04330	0.01024	0.01396	0.01575	0.02586	0.01566	0.25077	0.47197	0.00740	0.03245	0.00666	0.00333	0.00504
102	0.83671	0.01125	0.00855	0.00765	0.01125	0.01305	0.00630	0.01709	0.00990	0.02609	0.00810	0.00945	0.00630	0.00540	0.00360	0.00180	0.00450	0.00315	0.00360	0.00630
103	0.01381	0.01390	0.07317	0.13583	0.29200	0.03869	0.04835	0.01726	0.01289	0.05323	0.01118	0.01392	0.00885	0.00516	0.00538	0.00153	0.00660	0.00469	0.00317	0.24039
104	0.01561	0.04051	0.09364	0.01003	0.01539	0.00934	0.00904	0.03598	0.01350	0.19020	0.01325	0.01381	0.00980	0.00519	0.00481	0.00122	0.00503	0.00412	0.00423	0.50531
105	0.01876	0.01307	0.01406	0.01125	0.01498	0.01428	0.00914	0.47077	0.08949	0.06112	0.03865	0.01743	0.01321	0.00718	0.00549	0.00169	0.00529	0.00558	0.17984	0.00875
106	0.00723	0.00570	0.00655	0.00701	0.00840	0.00503	0.00515	0.00876	0.01290	0.01621	0.10763	0.27548	0.43181	0.01563	0.00712	0.00212	0.00323	0.06363	0.00548	0.00493
107	0.01333	0.01368	0.06570	0.11228	0.36583	0.01254	0.06616	0.03461	0.01301	0.01871	0.01116	0.01499	0.00925	0.00548	0.00595	0.00163	0.02896	0.01965	0.00306	0.18403
108	0.01608	0.01216	0.01333	0.01114	0.01479	0.01296	0.00897	0.26884	0.24676	0.06280	0.04854	0.02540	0.09603	0.00863	0.00601	0.00183	0.00502	0.05325	0.00565	0.08182
109	0.01105	0.01052	0.01633	0.06398	0.03510	0.01246	0.10640	0.01347	0.01234	0.01762	0.22929	0.02542	0.07664	0.00990	0.01182	0.00216	0.32786	0.00743	0.00394	0.00628
110	0.01188	0.01341	0.09678	0.22408	0.17154	0.06412	0.03004	0.01578	0.03569	0.01822	0.15677	0.02291	0.07145	0.00746	0.00598	0.00180	0.00639	0.00653	0.00373	0.03541
111	0.00707	0.00512	0.00668	0.00793	0.00839	0.00474	0.00532	0.00812	0.01130	0.01491	0.03410	0.73567	0.09331	0.01795	0.00738	0.00233	0.00334	0.01621	0.00540	0.00474

[dist]
# distance from previous block
# <min> <max>
0	9

# created by:
# /home/cegg/simao/soft/augustus-3.2.1/scripts/msa2prfl.pl ./align_prep/EOG090W0I0X.fa
