[name]
unknown

[dist]
# distance from previous block
# <min> <max>
0	9

[block]
# block no. 0 follows, 33 sequences, length 8
# corresponding to MSA columns:
# 12-19
name=unknown_A
#
# <colnr> <probs for GDERKNQSTAVLIFYWHMCP>
#	G	D	E	R	K	N	Q	S	T	A	V	L	I	F	Y	W	H	M	C	P
0	0.03859	0.01438	0.01762	0.01826	0.15272	0.06188	0.03321	0.15502	0.09732	0.13457	0.04806	0.02660	0.01811	0.08682	0.00955	0.00255	0.00689	0.06310	0.00555	0.00919
1	0.13465	0.01761	0.01663	0.01626	0.10130	0.17238	0.01142	0.18867	0.06309	0.06108	0.08793	0.04684	0.01715	0.00821	0.00623	0.00195	0.00718	0.00639	0.00520	0.02981
2	0.10243	0.01580	0.04362	0.01268	0.01678	0.09974	0.01035	0.15097	0.15757	0.12901	0.04276	0.09662	0.03678	0.00933	0.00643	0.00205	0.00633	0.00745	0.00587	0.04742
3	0.01748	0.01848	0.02909	0.03079	0.33640	0.11101	0.25526	0.05022	0.04551	0.02173	0.01316	0.01655	0.01046	0.00609	0.00689	0.00203	0.00935	0.00638	0.00358	0.00956
4	0.38599	0.01355	0.01532	0.01632	0.15447	0.01446	0.01086	0.08252	0.05191	0.17428	0.01477	0.01538	0.01070	0.00679	0.00543	0.00203	0.00593	0.00505	0.00511	0.00914
5	0.15190	0.01348	0.01443	0.01197	0.01598	0.01461	0.00963	0.24118	0.16200	0.11518	0.15683	0.02404	0.02289	0.00893	0.00643	0.00206	0.00547	0.00709	0.00651	0.00939
6	0.01015	0.08521	0.01004	0.00772	0.00857	0.00827	0.00503	0.01070	0.01097	0.01426	0.05378	0.08223	0.08342	0.55377	0.02586	0.00513	0.00591	0.00992	0.00430	0.00475
7	0.01537	0.01706	0.03384	0.02631	0.08897	0.04812	0.54393	0.02036	0.01595	0.02145	0.08622	0.02060	0.01532	0.00644	0.00758	0.00216	0.01004	0.00788	0.00373	0.00868

[dist]
# distance from previous block
# <min> <max>
0	1

[block]
# block no. 1 follows, 33 sequences, length 51
# corresponding to MSA columns:
# 21-55,65-80
name=unknown_B
#
# <colnr> <probs for GDERKNQSTAVLIFYWHMCP>
#	G	D	E	R	K	N	Q	S	T	A	V	L	I	F	Y	W	H	M	C	P
0	0.01727	0.60303	0.06442	0.01252	0.01749	0.02419	0.01229	0.01955	0.01307	0.03684	0.00969	0.01164	0.00870	0.00661	0.00697	0.00168	0.11863	0.00401	0.00298	0.00840
1	0.02338	0.15157	0.02146	0.01382	0.01897	0.01977	0.01174	0.48952	0.02614	0.09930	0.04859	0.01703	0.01355	0.00778	0.00622	0.00188	0.00686	0.00584	0.00609	0.01047
2	0.01742	0.73711	0.03353	0.01119	0.01684	0.02524	0.01110	0.01957	0.01339	0.01577	0.00927	0.01070	0.00851	0.00560	0.00425	0.00139	0.00694	0.00354	0.00287	0.04578
3	0.00914	0.00672	0.00855	0.00809	0.00972	0.00614	0.00607	0.01208	0.01821	0.02539	0.64716	0.05084	0.13969	0.01383	0.00777	0.00209	0.00313	0.01214	0.00711	0.00614
4	0.01427	0.01453	0.02052	0.01727	0.01820	0.04776	0.07649	0.01617	0.01119	0.01639	0.01246	0.01768	0.04270	0.01363	0.06874	0.00327	0.57202	0.00635	0.00314	0.00720
5	0.00778	0.00667	0.00667	0.00667	0.00889	0.00556	0.00500	0.00945	0.01501	0.01778	0.06669	0.06336	0.72490	0.01667	0.00778	0.00222	0.00333	0.01389	0.00611	0.00556
6	0.01954	0.01572	0.01667	0.01404	0.01833	0.01786	0.01119	0.28070	0.46480	0.03265	0.02277	0.02135	0.01683	0.00855	0.00666	0.00214	0.00596	0.00689	0.00666	0.01070
7	0.00961	0.00728	0.01054	0.01009	0.01121	0.00789	0.03517	0.01138	0.01075	0.01494	0.02115	0.03259	0.05887	0.25103	0.46817	0.00856	0.01334	0.00819	0.00380	0.00544
8	0.01380	0.13418	0.63963	0.01775	0.02692	0.01675	0.02255	0.02069	0.01383	0.02012	0.01145	0.01345	0.00835	0.00617	0.00598	0.00199	0.00936	0.00468	0.00278	0.00956
9	0.01744	0.74551	0.06017	0.01154	0.01732	0.02565	0.01174	0.01975	0.01340	0.01569	0.00925	0.01068	0.00844	0.00566	0.00430	0.00143	0.00714	0.00357	0.00281	0.00850
10	0.01554	0.01776	0.03885	0.02775	0.03441	0.01665	0.70366	0.02109	0.01554	0.02109	0.01332	0.01776	0.00999	0.00555	0.00777	0.00222	0.01110	0.00777	0.00333	0.00888
11	0.01446	0.01564	0.03303	0.02449	0.03007	0.01474	0.56311	0.01944	0.01538	0.02072	0.01773	0.05031	0.01581	0.00818	0.00802	0.00237	0.01001	0.12430	0.00388	0.00829
12	0.01559	0.01481	0.02517	0.12090	0.61596	0.01515	0.01954	0.01951	0.01479	0.02089	0.01335	0.01914	0.01152	0.00652	0.00664	0.00203	0.00785	0.03743	0.00335	0.00987
13	0.00778	0.00667	0.00667	0.00667	0.00889	0.00556	0.00500	0.00945	0.01501	0.01778	0.06669	0.06336	0.72490	0.01667	0.00778	0.00222	0.00333	0.01389	0.00611	0.00556
14	0.02459	0.03138	0.01866	0.01696	0.02035	0.74221	0.01272	0.02629	0.01866	0.01611	0.01018	0.01187	0.00848	0.00678	0.00594	0.00170	0.01187	0.00424	0.00339	0.00763
15	0.01520	0.01479	0.02597	0.22904	0.48244	0.01546	0.08219	0.01938	0.01455	0.02022	0.01229	0.01676	0.00995	0.00603	0.00665	0.00204	0.00838	0.00604	0.00318	0.00946
16	0.00957	0.00638	0.00718	0.00718	0.00718	0.00638	0.00399	0.00957	0.00957	0.01276	0.02074	0.04308	0.02393	0.76864	0.03351	0.00638	0.00638	0.00957	0.00399	0.00399
17	0.02954	0.01120	0.01528	0.01171	0.01681	0.00968	0.00968	0.03208	0.01884	0.73213	0.02597	0.02241	0.01630	0.00815	0.00662	0.00204	0.00560	0.00662	0.00815	0.01120
18	0.01544	0.01602	0.02121	0.45758	0.20256	0.14002	0.01778	0.01925	0.01454	0.01781	0.01160	0.01628	0.00912	0.00645	0.00646	0.00205	0.00908	0.00558	0.00308	0.00811
19	0.01225	0.01170	0.01855	0.01589	0.01716	0.01406	0.12461	0.01428	0.01176	0.01688	0.01864	0.24470	0.02034	0.03782	0.05225	0.00320	0.34493	0.01021	0.00400	0.00675
20	0.02320	0.02912	0.01775	0.01617	0.01939	0.67491	0.01212	0.02502	0.01865	0.01705	0.07545	0.01528	0.01338	0.00739	0.00610	0.00173	0.01107	0.00494	0.00374	0.00750
21	0.02790	0.01084	0.01475	0.01144	0.01624	0.00940	0.00940	0.03049	0.01883	0.67510	0.08239	0.02457	0.02000	0.00858	0.00671	0.00204	0.00540	0.00705	0.00808	0.01080
22	0.01531	0.01472	0.02534	0.21776	0.53683	0.01542	0.03999	0.01939	0.01455	0.02033	0.01224	0.01665	0.01000	0.00603	0.00657	0.00202	0.00816	0.00592	0.00318	0.00960
23	0.00908	0.00650	0.00862	0.00962	0.01066	0.00616	0.00730	0.01096	0.01435	0.01903	0.14681	0.35906	0.10587	0.01852	0.00915	0.03548	0.00438	0.20671	0.00614	0.00561
24	0.01523	0.36422	0.38634	0.01533	0.02276	0.02035	0.01799	0.02010	0.01348	0.01820	0.01047	0.01243	0.00840	0.00623	0.00608	0.00182	0.04442	0.00430	0.00280	0.00903
25	0.01620	0.60853	0.10289	0.01189	0.01743	0.02284	0.01219	0.01892	0.01330	0.01627	0.02714	0.01323	0.01045	0.00993	0.07279	0.00234	0.00820	0.00418	0.00298	0.00829
26	0.00855	0.00613	0.00828	0.00924	0.00976	0.00617	0.00634	0.00984	0.01172	0.01591	0.02980	0.49388	0.03452	0.12554	0.18657	0.00504	0.00745	0.01474	0.00522	0.00530
27	0.01616	0.01550	0.02647	0.06597	0.70309	0.01561	0.02014	0.02008	0.01492	0.02134	0.01236	0.01634	0.01037	0.00589	0.00652	0.00196	0.00786	0.00587	0.00325	0.01032
28	0.01397	0.14525	0.44304	0.01552	0.02279	0.01541	0.01830	0.02030	0.04821	0.04361	0.07489	0.02199	0.03188	0.00793	0.00630	0.00204	0.00802	0.04776	0.00380	0.00899
29	0.01361	0.10158	0.67052	0.01808	0.02743	0.01627	0.02313	0.02074	0.01385	0.02036	0.01157	0.01359	0.00835	0.00620	0.00607	0.00202	0.00948	0.00474	0.00278	0.00961
30	0.00812	0.00598	0.00763	0.00886	0.00962	0.00549	0.00612	0.00947	0.01323	0.01730	0.05702	0.60686	0.15341	0.01972	0.00832	0.00260	0.00382	0.04486	0.00614	0.00543
31	0.01577	0.06150	0.11181	0.07889	0.56141	0.01614	0.02007	0.02005	0.01466	0.02080	0.01209	0.01575	0.00996	0.00594	0.00636	0.00195	0.00806	0.00561	0.00316	0.01004
32	0.01328	0.00976	0.01304	0.01142	0.01431	0.00951	0.06849	0.06390	0.09348	0.08708	0.17314	0.06620	0.21032	0.03496	0.00841	0.00240	0.00511	0.10147	0.00630	0.00742
33	0.01575	0.01501	0.02554	0.10128	0.64269	0.01526	0.01969	0.01967	0.01484	0.02104	0.01313	0.01848	0.01127	0.00637	0.00662	0.00201	0.00784	0.03017	0.00333	0.01000
34	0.01540	0.01872	0.10985	0.05378	0.23090	0.01615	0.41421	0.02067	0.01513	0.02104	0.01284	0.01692	0.00990	0.00575	0.00721	0.00213	0.00995	0.00685	0.00324	0.00936
35	0.09635	0.02980	0.05119	0.01628	0.02003	0.64182	0.01275	0.02540	0.01775	0.01756	0.01016	0.01186	0.00835	0.00670	0.00578	0.00175	0.01115	0.00421	0.00343	0.00768
36	0.01559	0.35844	0.33657	0.01517	0.02238	0.02000	0.03781	0.05187	0.01436	0.01919	0.01114	0.01318	0.00895	0.00804	0.03973	0.00218	0.00883	0.00451	0.00302	0.00903
37	0.00816	0.00597	0.00771	0.00900	0.00969	0.00551	0.00622	0.00952	0.01318	0.01732	0.05677	0.62339	0.12768	0.01983	0.00835	0.00262	0.00386	0.05364	0.00614	0.00543
38	0.01626	0.01550	0.02535	0.03496	0.56370	0.01583	0.05769	0.02284	0.13744	0.02254	0.01495	0.01782	0.01209	0.00638	0.00662	0.00202	0.00755	0.00625	0.00386	0.01034
39	0.02393	0.02712	0.01812	0.01592	0.01959	0.54574	0.01218	0.16803	0.02094	0.02195	0.01205	0.01347	0.00956	0.00707	0.00599	0.00174	0.01036	0.00471	0.05325	0.00829
40	0.00836	0.00609	0.00783	0.00883	0.00964	0.00564	0.00615	0.00990	0.01378	0.01832	0.13947	0.52421	0.12248	0.04317	0.00908	0.00267	0.00385	0.04883	0.00621	0.00549
41	0.01410	0.13421	0.56486	0.01939	0.06726	0.01686	0.05394	0.02067	0.01397	0.02016	0.01155	0.01376	0.00855	0.00611	0.00606	0.00199	0.00931	0.00487	0.00284	0.00955
42	0.01566	0.44614	0.34393	0.01458	0.02202	0.02129	0.01704	0.02021	0.01361	0.01786	0.01033	0.01204	0.00840	0.00591	0.00512	0.00171	0.00823	0.00411	0.00280	0.00901
43	0.02911	0.01130	0.01527	0.01177	0.01682	0.00989	0.00970	0.03218	0.04135	0.70938	0.02600	0.02248	0.01642	0.00817	0.00662	0.00204	0.00559	0.00665	0.00810	0.01118
44	0.07737	0.00846	0.00915	0.00860	0.01075	0.00864	0.00654	0.10460	0.01641	0.03933	0.11801	0.16080	0.09070	0.01236	0.02197	0.00217	0.00430	0.00963	0.28341	0.00679
45	0.01618	0.41889	0.32792	0.01464	0.02197	0.02120	0.01683	0.05953	0.01460	0.01923	0.01065	0.01226	0.00856	0.00602	0.00521	0.00173	0.00818	0.00422	0.00302	0.00914
46	0.01320	0.03405	0.73453	0.01876	0.02849	0.01529	0.02432	0.02085	0.01390	0.02085	0.01181	0.01390	0.00834	0.00625	0.00625	0.00208	0.00973	0.00486	0.00278	0.00973
47	0.00790	0.00621	0.00714	0.00789	0.00921	0.00545	0.00555	0.00931	0.01383	0.01730	0.05179	0.40691	0.39096	0.01861	0.00809	0.00244	0.00357	0.01626	0.00611	0.00545
48	0.03728	0.09638	0.30482	0.01458	0.02118	0.01433	0.01579	0.08504	0.01689	0.21465	0.03340	0.02219	0.02961	0.00810	0.00640	0.00207	0.00747	0.05517	0.00502	0.00964
49	0.00857	0.04263	0.00890	0.00915	0.00976	0.00640	0.00623	0.00970	0.01246	0.01650	0.03405	0.68500	0.04068	0.06461	0.00970	0.00283	0.00413	0.01744	0.00583	0.00542
50	0.01052	0.00689	0.00848	0.00885	0.00991	0.00658	0.00618	0.01227	0.03438	0.06626	0.05914	0.29596	0.11315	0.24481	0.01580	0.00370	0.00491	0.08091	0.00567	0.00563

[dist]
# distance from previous block
# <min> <max>
2	4

[block]
# block no. 2 follows, 33 sequences, length 55
# corresponding to MSA columns:
# 85-105,113-140,142-147
name=unknown_C
#
# <colnr> <probs for GDERKNQSTAVLIFYWHMCP>
#	G	D	E	R	K	N	Q	S	T	A	V	L	I	F	Y	W	H	M	C	P
0	0.01467	0.04259	0.45483	0.01642	0.04731	0.01325	0.01841	0.02094	0.03550	0.10418	0.14618	0.02175	0.01966	0.00786	0.00655	0.00206	0.00776	0.00645	0.00436	0.00926
1	0.01672	0.09266	0.06013	0.05485	0.38897	0.07576	0.11263	0.02192	0.07364	0.02073	0.01317	0.01619	0.01067	0.00617	0.00642	0.00195	0.00843	0.00585	0.00349	0.00965
2	0.00801	0.00668	0.00699	0.00691	0.00903	0.00565	0.00518	0.00989	0.01554	0.01906	0.16435	0.06125	0.62645	0.01620	0.00778	0.00220	0.00330	0.01360	0.00628	0.00565
3	0.01542	0.01206	0.01553	0.01117	0.01700	0.00940	0.05523	0.01848	0.01431	0.09471	0.01328	0.01483	0.01044	0.00526	0.00525	0.00117	0.00537	0.00444	0.00430	0.67232
4	0.00948	0.00677	0.00915	0.00915	0.00983	0.00745	0.00645	0.01084	0.01016	0.01422	0.01894	0.03309	0.01960	0.35147	0.44474	0.00882	0.01291	0.00811	0.00372	0.00508
5	0.00909	0.00698	0.00983	0.03055	0.01158	0.00722	0.02725	0.01042	0.01193	0.01615	0.02934	0.50556	0.03423	0.13111	0.07884	0.00391	0.05046	0.01489	0.00521	0.00546
6	0.00913	0.00714	0.00817	0.00822	0.01004	0.00659	0.00628	0.01194	0.04782	0.01989	0.19703	0.05818	0.37381	0.09028	0.01048	0.00273	0.00410	0.11617	0.00617	0.00585
7	0.81514	0.01273	0.00968	0.00866	0.01273	0.01477	0.00713	0.01935	0.01120	0.02954	0.00917	0.01069	0.00713	0.00611	0.00407	0.00204	0.00509	0.00356	0.00407	0.00713
8	0.01350	0.08400	0.68719	0.01826	0.02771	0.01602	0.02344	0.02077	0.01386	0.02049	0.01163	0.01367	0.00835	0.00621	0.00612	0.00204	0.00955	0.00477	0.00278	0.00964
9	0.00978	0.00721	0.00898	0.00841	0.01018	0.00673	0.00634	0.04249	0.01856	0.02572	0.59194	0.06921	0.14201	0.01381	0.00773	0.00210	0.00334	0.01208	0.00705	0.00633
10	0.00957	0.00638	0.00718	0.00718	0.00718	0.00638	0.00399	0.00957	0.00957	0.01276	0.02074	0.04308	0.02393	0.76864	0.03351	0.00638	0.00638	0.00957	0.00399	0.00399
11	0.00826	0.00653	0.00745	0.00766	0.00936	0.00573	0.00564	0.01019	0.01539	0.01962	0.20989	0.19034	0.42797	0.01672	0.00793	0.00229	0.00345	0.03353	0.00637	0.00568
12	0.01494	0.05202	0.01404	0.02942	0.01487	0.05374	0.00932	0.14781	0.06419	0.04294	0.01905	0.08278	0.01713	0.05073	0.29231	0.00546	0.01075	0.00745	0.06352	0.00754
13	0.01562	0.01864	0.07707	0.02294	0.02736	0.06698	0.38239	0.01968	0.01382	0.01899	0.01145	0.01599	0.00933	0.00767	0.01215	0.00240	0.25943	0.00667	0.00315	0.00829
14	0.04803	0.32399	0.02594	0.01765	0.12146	0.26625	0.01301	0.07770	0.01675	0.01917	0.01051	0.01227	0.00892	0.00626	0.00532	0.00165	0.00874	0.00430	0.00343	0.00864
15	0.00964	0.00761	0.01045	0.01130	0.04440	0.00737	0.03488	0.01280	0.07136	0.01942	0.13876	0.44771	0.09106	0.04994	0.00911	0.00263	0.00438	0.01497	0.00599	0.00623
16	0.03873	0.02800	0.51636	0.01767	0.04748	0.01499	0.02028	0.07341	0.04803	0.07188	0.01372	0.01509	0.00975	0.00654	0.00620	0.00202	0.00860	0.00513	0.00373	0.05241
17	0.01691	0.06847	0.03989	0.10062	0.41146	0.04144	0.04094	0.04539	0.07462	0.05452	0.01542	0.01805	0.02976	0.00667	0.00644	0.00198	0.00770	0.00607	0.00390	0.00976
18	0.01662	0.01380	0.01471	0.01318	0.01688	0.01581	0.01026	0.03417	0.66873	0.05273	0.04878	0.02526	0.02129	0.00905	0.00673	0.00222	0.00516	0.00755	0.00677	0.01032
19	0.01425	0.01689	0.08698	0.02492	0.08113	0.01463	0.47979	0.01917	0.01499	0.02051	0.01703	0.11093	0.01540	0.00811	0.00770	0.00229	0.00961	0.04343	0.00376	0.00849
20	0.04850	0.08276	0.19164	0.02058	0.15010	0.07736	0.06663	0.09368	0.06089	0.04766	0.01500	0.05191	0.01245	0.00762	0.00682	0.00205	0.03008	0.02088	0.00408	0.00930
21	0.01457	0.01081	0.01206	0.01127	0.01358	0.03016	0.00875	0.18116	0.08586	0.02523	0.02521	0.23449	0.02487	0.01530	0.05582	0.00280	0.02413	0.07414	0.14222	0.00759
22	0.00802	0.00573	0.00764	0.00917	0.00955	0.00535	0.00611	0.00917	0.01260	0.01681	0.03628	0.76434	0.04354	0.02062	0.00840	0.00267	0.00382	0.01872	0.00611	0.00535
23	0.01633	0.14186	0.36599	0.01799	0.05802	0.01578	0.09580	0.02170	0.01505	0.11951	0.05895	0.01736	0.01318	0.00678	0.00627	0.00198	0.00838	0.00572	0.00390	0.00945
24	0.01475	0.18712	0.52266	0.01756	0.02610	0.01747	0.06422	0.02095	0.01404	0.04057	0.01177	0.01369	0.00870	0.00613	0.00594	0.00195	0.00913	0.00482	0.00298	0.00945
25	0.02441	0.01166	0.01430	0.01153	0.01586	0.02906	0.00927	0.05188	0.11019	0.49128	0.06130	0.02692	0.06556	0.03625	0.00771	0.00222	0.00552	0.00748	0.00746	0.01014
26	0.01579	0.01509	0.02540	0.08498	0.64534	0.01530	0.01940	0.02002	0.03140	0.02124	0.01428	0.01796	0.03165	0.00630	0.00656	0.00199	0.00769	0.00614	0.00340	0.01008
27	0.01649	0.09006	0.32422	0.05408	0.10352	0.01682	0.05024	0.13637	0.05941	0.04286	0.03489	0.01646	0.01168	0.00684	0.00633	0.00201	0.00830	0.00563	0.00402	0.00976
28	0.01628	0.04111	0.02551	0.21035	0.40228	0.06633	0.08218	0.02021	0.01491	0.04034	0.01244	0.01642	0.00995	0.00613	0.00654	0.00200	0.00855	0.00587	0.00332	0.00928
29	0.01420	0.01218	0.01880	0.02600	0.39906	0.01204	0.01399	0.01836	0.06403	0.05264	0.10146	0.08076	0.11203	0.03592	0.00790	0.00223	0.00611	0.00875	0.00475	0.00879
30	0.01341	0.03948	0.25673	0.02328	0.20114	0.01370	0.13549	0.01810	0.01419	0.01994	0.01868	0.12593	0.05376	0.00905	0.00738	0.02117	0.00812	0.00809	0.00366	0.00870
31	0.05593	0.03566	0.07901	0.04255	0.29237	0.01537	0.09302	0.07642	0.05760	0.12683	0.01638	0.01821	0.02701	0.00694	0.00692	0.00205	0.02713	0.00621	0.00448	0.00990
32	0.01403	0.08668	0.63384	0.01797	0.02697	0.04158	0.02249	0.02145	0.03837	0.02053	0.01208	0.01396	0.00876	0.00632	0.00611	0.00203	0.00945	0.00483	0.00294	0.00959
33	0.00804	0.00675	0.00703	0.00717	0.00932	0.00574	0.00551	0.00983	0.01502	0.01796	0.06379	0.06435	0.66229	0.01681	0.00790	0.00230	0.00358	0.07490	0.00611	0.00560
34	0.02127	0.01980	0.15548	0.01670	0.07783	0.11135	0.01411	0.12517	0.08182	0.21797	0.03884	0.01923	0.01421	0.02792	0.00759	0.00214	0.02716	0.00609	0.00544	0.00986
35	0.07043	0.17243	0.24345	0.03956	0.05510	0.12052	0.01595	0.11707	0.01704	0.07224	0.01246	0.01383	0.00937	0.00655	0.00576	0.00187	0.00845	0.00478	0.00389	0.00928
36	0.00806	0.00614	0.00742	0.00824	0.00935	0.00550	0.00574	0.00957	0.01398	0.01804	0.11105	0.45987	0.27608	0.01861	0.00813	0.00246	0.00359	0.01644	0.00622	0.00550
37	0.01426	0.10416	0.44522	0.02131	0.12604	0.01625	0.08395	0.02080	0.03777	0.02085	0.04023	0.01599	0.01130	0.00644	0.00630	0.00201	0.00890	0.00550	0.00321	0.00950
38	0.03761	0.01883	0.16392	0.01834	0.09576	0.03243	0.07267	0.19786	0.04169	0.14595	0.03528	0.04634	0.01505	0.00823	0.00676	0.00211	0.00758	0.03843	0.00530	0.00986
39	0.04376	0.04251	0.04924	0.03203	0.47579	0.04888	0.09633	0.01955	0.01487	0.02086	0.01557	0.05680	0.04036	0.00709	0.00661	0.00201	0.00794	0.00681	0.00353	0.00945
40	0.01702	0.00999	0.01089	0.00938	0.01230	0.01027	0.00740	0.18623	0.03896	0.11025	0.02452	0.05915	0.06481	0.00903	0.00578	0.00182	0.00450	0.00729	0.40240	0.00801
41	0.09152	0.05667	0.05216	0.04623	0.10929	0.15654	0.01249	0.11030	0.08045	0.09183	0.05770	0.01846	0.01457	0.00891	0.03188	0.00223	0.00781	0.00581	0.03624	0.00892
42	0.06054	0.31818	0.20905	0.01649	0.10193	0.01906	0.01507	0.04098	0.05614	0.04443	0.03130	0.01596	0.03171	0.00671	0.00549	0.00181	0.00736	0.00506	0.00365	0.00909
43	0.00814	0.00622	0.00750	0.00832	0.00950	0.00558	0.00590	0.00971	0.01405	0.01805	0.10339	0.42870	0.28783	0.01853	0.00816	0.00248	0.00368	0.04253	0.00620	0.00552
44	0.01544	0.01702	0.08808	0.12318	0.44902	0.01567	0.12950	0.02048	0.03815	0.02101	0.01288	0.01675	0.01030	0.00604	0.00671	0.00205	0.00854	0.00614	0.00330	0.00974
45	0.11508	0.09524	0.17359	0.01489	0.02069	0.08329	0.04144	0.17216	0.10178	0.09734	0.01521	0.01569	0.01110	0.00706	0.00599	0.00197	0.00767	0.00535	0.00484	0.00961
46	0.01208	0.01415	0.12029	0.01729	0.13079	0.01123	0.08072	0.01774	0.10812	0.02119	0.09395	0.08600	0.21654	0.01133	0.00729	0.00220	0.00610	0.02995	0.00507	0.00798
47	0.01042	0.00752	0.01035	0.01176	0.01333	0.00744	0.01024	0.01336	0.01515	0.01958	0.03695	0.07354	0.08313	0.01809	0.00901	0.00298	0.00588	0.63918	0.00607	0.00603
48	0.09920	0.07533	0.01864	0.01399	0.01862	0.10300	0.01141	0.35206	0.16811	0.05015	0.01655	0.01644	0.01226	0.00765	0.00611	0.00196	0.00709	0.00565	0.00575	0.01002
49	0.04307	0.40228	0.33583	0.01461	0.02189	0.04526	0.01682	0.02041	0.01371	0.01831	0.01034	0.01205	0.00836	0.00596	0.00516	0.00173	0.00830	0.00413	0.00286	0.00893
50	0.00820	0.00586	0.00785	0.00938	0.00984	0.00550	0.00643	0.00948	0.01278	0.01701	0.03618	0.71571	0.04314	0.02045	0.00845	0.00270	0.00398	0.06555	0.00611	0.00540
51	0.01651	0.01621	0.02603	0.07067	0.66422	0.04982	0.01977	0.02034	0.01508	0.02105	0.01225	0.01614	0.01026	0.00594	0.00649	0.00195	0.00805	0.00579	0.00325	0.01016
52	0.05498	0.01301	0.01520	0.01252	0.01692	0.01341	0.01006	0.12647	0.25103	0.33973	0.02462	0.05618	0.01774	0.00887	0.00662	0.00212	0.00560	0.00723	0.00719	0.01051
53	0.01457	0.01529	0.02753	0.02203	0.05558	0.01705	0.32160	0.01880	0.04576	0.01905	0.01483	0.01922	0.04391	0.01024	0.04227	0.00279	0.29074	0.00718	0.00345	0.00811
54	0.00808	0.00578	0.00769	0.00912	0.00956	0.00539	0.00612	0.00932	0.01289	0.01726	0.06869	0.73065	0.04442	0.02029	0.00837	0.00265	0.00379	0.01839	0.00616	0.00539

[dist]
# distance from previous block
# <min> <max>
0	1

[block]
# block no. 3 follows, 33 sequences, length 6
# corresponding to MSA columns:
# 149-154
name=unknown_D
#
# <colnr> <probs for GDERKNQSTAVLIFYWHMCP>
#	G	D	E	R	K	N	Q	S	T	A	V	L	I	F	Y	W	H	M	C	P
0	0.00940	0.00705	0.01058	0.01058	0.01176	0.00823	0.00823	0.01176	0.01058	0.01528	0.01763	0.02586	0.01646	0.04937	0.74255	0.01058	0.01763	0.00705	0.00353	0.00588
1	0.24674	0.01167	0.01549	0.01225	0.01667	0.01132	0.11770	0.02167	0.01529	0.26011	0.02823	0.02744	0.17038	0.00905	0.00633	0.00211	0.00582	0.00755	0.00577	0.00842
2	0.01447	0.01378	0.02343	0.37613	0.40607	0.01516	0.01930	0.01861	0.01413	0.01930	0.01206	0.01689	0.00965	0.00620	0.00655	0.00207	0.00827	0.00586	0.00310	0.00896
3	0.00923	0.00624	0.00728	0.00762	0.00771	0.00615	0.00446	0.00948	0.01025	0.01366	0.02420	0.20360	0.02830	0.60217	0.02792	0.00556	0.00581	0.01161	0.00446	0.00429
4	0.63628	0.01117	0.00943	0.00864	0.01181	0.01275	0.00682	0.01695	0.01062	0.02551	0.00967	0.01277	0.00809	0.00984	0.00889	0.18150	0.00523	0.00404	0.00380	0.00618
5	0.06382	0.05793	0.01941	0.01475	0.01956	0.13130	0.01203	0.47446	0.08543	0.03447	0.01520	0.01542	0.01119	0.00761	0.00625	0.00193	0.00767	0.00555	0.00579	0.01024

[dist]
# distance from previous block
# <min> <max>
0	1

[block]
# block no. 4 follows, 33 sequences, length 8
# corresponding to MSA columns:
# 158-165
name=unknown_E
#
# <colnr> <probs for GDERKNQSTAVLIFYWHMCP>
#	G	D	E	R	K	N	Q	S	T	A	V	L	I	F	Y	W	H	M	C	P
0	0.01785	0.01690	0.01573	0.07868	0.01821	0.22547	0.01136	0.04436	0.01505	0.05876	0.01393	0.01709	0.01128	0.00838	0.00990	0.00204	0.20833	0.00548	0.21376	0.00742
1	0.01003	0.00863	0.00882	0.00843	0.01105	0.00839	0.00642	0.01614	0.19867	0.02034	0.05623	0.05319	0.54016	0.01464	0.00750	0.00223	0.00383	0.01220	0.00627	0.00683
2	0.01917	0.02038	0.01602	0.01487	0.01769	0.35053	0.01180	0.11714	0.01838	0.02055	0.01806	0.03017	0.01731	0.01403	0.07501	0.00295	0.04108	0.18278	0.00453	0.00755
3	0.00796	0.00598	0.00738	0.00851	0.00938	0.00540	0.00582	0.00924	0.01323	0.01706	0.04425	0.58060	0.22214	0.01959	0.00824	0.00256	0.00369	0.01745	0.00611	0.00540
4	0.01320	0.03405	0.73453	0.01876	0.02849	0.01529	0.02432	0.02085	0.01390	0.02085	0.01181	0.01390	0.00834	0.00625	0.00625	0.00208	0.00973	0.00486	0.00278	0.00973
5	0.02312	0.02272	0.20503	0.01519	0.02107	0.18191	0.01454	0.09703	0.04654	0.28114	0.01760	0.01715	0.01203	0.00734	0.00637	0.00197	0.00829	0.00557	0.00542	0.00996
6	0.01378	0.35128	0.23627	0.01295	0.01843	0.01741	0.01381	0.01729	0.01333	0.01743	0.01706	0.20914	0.01761	0.00975	0.00593	0.00194	0.00700	0.00790	0.00367	0.00802
7	0.01815	0.22945	0.31779	0.01558	0.02278	0.01983	0.01703	0.23785	0.01917	0.02594	0.01236	0.01360	0.00928	0.00661	0.00581	0.00187	0.00821	0.00484	0.00400	0.00985

[dist]
# distance from previous block
# <min> <max>
0	49

# created by:
# /home/cegg/simao/soft/augustus-3.2.1/scripts/msa2prfl.pl ./align_prep/EOG090W0J7B.fa
