[name]
unknown

[dist]
# distance from previous block
# <min> <max>
0	45

[block]
# block no. 0 follows, 27 sequences, length 16
# corresponding to MSA columns:
# 76-91
name=unknown_A
#
# <colnr> <probs for GDERKNQSTAVLIFYWHMCP>
#	G	D	E	R	K	N	Q	S	T	A	V	L	I	F	Y	W	H	M	C	P
0	0.01918	0.09879	0.07337	0.03929	0.10387	0.15289	0.05090	0.10239	0.01924	0.02390	0.05526	0.02736	0.06605	0.04957	0.00999	0.00254	0.05079	0.04064	0.00473	0.00924
1	0.08072	0.11847	0.15521	0.01705	0.02219	0.12324	0.08478	0.02142	0.01619	0.02217	0.01845	0.07720	0.01737	0.01031	0.00814	0.00239	0.05073	0.08815	0.05708	0.00874
2	0.06280	0.00803	0.00885	0.00916	0.01112	0.00754	0.00666	0.01306	0.04558	0.02246	0.14443	0.27329	0.32354	0.01851	0.00866	0.00263	0.00413	0.01596	0.00695	0.00666
3	0.03737	0.03801	0.09220	0.06687	0.13183	0.01457	0.01445	0.12877	0.04071	0.05747	0.09684	0.11166	0.05737	0.01134	0.00765	0.00238	0.00701	0.02846	0.04543	0.00959
4	0.01499	0.05735	0.07647	0.01942	0.11747	0.01347	0.08877	0.07209	0.01751	0.02418	0.05895	0.23220	0.05263	0.01247	0.00786	0.00233	0.00709	0.01132	0.00532	0.10812
5	0.01324	0.01031	0.01101	0.01043	0.01333	0.01047	0.00793	0.02155	0.23283	0.04638	0.08477	0.09985	0.31625	0.01495	0.00809	0.00247	0.00453	0.01260	0.07069	0.00833
6	0.01470	0.01413	0.02462	0.60442	0.11316	0.01677	0.06811	0.01969	0.01524	0.01984	0.01340	0.01967	0.01018	0.00726	0.00751	0.00245	0.00998	0.00676	0.00337	0.00872
7	0.01869	0.01755	0.02950	0.14994	0.43966	0.01819	0.09359	0.09555	0.01868	0.02590	0.01440	0.01873	0.01150	0.00697	0.00753	0.00228	0.00933	0.00686	0.00405	0.01109
8	0.01266	0.00857	0.01042	0.01001	0.01177	0.00881	0.00727	0.01598	0.06824	0.06509	0.03402	0.04282	0.15987	0.22850	0.23169	0.00665	0.01000	0.01028	0.05055	0.00681
9	0.00902	0.00655	0.00852	0.01011	0.01071	0.00605	0.00679	0.01036	0.01444	0.01904	0.04373	0.67989	0.10165	0.02289	0.00942	0.00297	0.00426	0.02066	0.00689	0.00605
10	0.01914	0.01910	0.02939	0.04340	0.63780	0.07443	0.02209	0.02335	0.01724	0.02375	0.01376	0.01796	0.01158	0.00670	0.00730	0.00218	0.00919	0.00646	0.00369	0.01150
11	0.01752	0.05705	0.16522	0.16903	0.12391	0.01735	0.03918	0.09246	0.01778	0.06226	0.01923	0.05866	0.05006	0.00932	0.00882	0.00242	0.06768	0.00761	0.00450	0.00993
12	0.01654	0.01639	0.02974	0.30165	0.32182	0.01742	0.14505	0.02151	0.01623	0.02214	0.01387	0.01923	0.01095	0.00686	0.00765	0.00237	0.00994	0.00702	0.00355	0.01008
13	0.00897	0.00714	0.00805	0.00863	0.01035	0.00622	0.00617	0.01072	0.01617	0.02019	0.09638	0.30928	0.42519	0.02021	0.00903	0.00268	0.00394	0.01750	0.00696	0.00622
14	0.01167	0.01027	0.01787	0.01578	0.01836	0.00964	0.17088	0.01471	0.01615	0.02156	0.08928	0.37321	0.07434	0.01775	0.00931	0.00286	0.00661	0.10632	0.00621	0.00723
15	0.01524	0.01638	0.09363	0.21675	0.06883	0.04222	0.09749	0.02149	0.07849	0.02303	0.02038	0.08292	0.01766	0.00961	0.00749	0.00240	0.00840	0.04062	0.12813	0.00885

[dist]
# distance from previous block
# <min> <max>
1	3

[block]
# block no. 1 follows, 27 sequences, length 20
# corresponding to MSA columns:
# 95-114
name=unknown_B
#
# <colnr> <probs for GDERKNQSTAVLIFYWHMCP>
#	G	D	E	R	K	N	Q	S	T	A	V	L	I	F	Y	W	H	M	C	P
0	0.07281	0.01829	0.01624	0.01426	0.01838	0.14644	0.01110	0.10002	0.27133	0.05600	0.07325	0.02930	0.09762	0.01045	0.00733	0.00229	0.00714	0.00825	0.00657	0.03294
1	0.02011	0.06897	0.07519	0.02202	0.11725	0.03873	0.10372	0.15504	0.20751	0.02987	0.01904	0.02012	0.01450	0.00796	0.00726	0.00222	0.00834	0.00694	0.00551	0.06972
2	0.01018	0.00713	0.00809	0.00838	0.00885	0.00685	0.00508	0.01070	0.01235	0.01607	0.03465	0.16670	0.13726	0.50379	0.02839	0.00574	0.00616	0.01330	0.00528	0.00504
3	0.06706	0.01352	0.02167	0.37526	0.03617	0.01583	0.09105	0.04686	0.01539	0.02147	0.01798	0.02349	0.05366	0.01501	0.10486	0.00380	0.05727	0.00742	0.00393	0.00827
4	0.59452	0.06400	0.01499	0.04507	0.01713	0.01835	0.01009	0.02116	0.01273	0.02941	0.01039	0.01300	0.00847	0.00773	0.00749	0.00239	0.10619	0.00448	0.00425	0.00816
5	0.01479	0.01298	0.01761	0.01559	0.01641	0.01679	0.01248	0.06466	0.01323	0.01939	0.01512	0.02448	0.01484	0.12443	0.22057	0.00619	0.37143	0.00752	0.00394	0.00754
6	0.01868	0.04310	0.23774	0.01885	0.06915	0.04761	0.06121	0.06787	0.01901	0.11729	0.11333	0.02587	0.03866	0.00902	0.00742	0.00222	0.00839	0.02047	0.00535	0.06876
7	0.02141	0.01970	0.02594	0.03182	0.35833	0.13810	0.06588	0.05125	0.03742	0.09973	0.01777	0.06717	0.01496	0.00838	0.00750	0.00225	0.00920	0.00758	0.00481	0.01082
8	0.01617	0.03662	0.65332	0.02061	0.03122	0.01680	0.02628	0.02439	0.01606	0.07021	0.01443	0.01634	0.01003	0.00720	0.00708	0.00235	0.01065	0.00562	0.00355	0.01109
9	0.01431	0.01295	0.02089	0.54784	0.08865	0.01559	0.01842	0.01952	0.05595	0.01950	0.01507	0.02247	0.01223	0.06350	0.01059	0.03437	0.00923	0.00702	0.00368	0.00822
10	0.02019	0.03953	0.15092	0.01990	0.06914	0.09259	0.08060	0.14414	0.06640	0.07802	0.02129	0.10332	0.01862	0.01042	0.00777	0.00242	0.00892	0.04999	0.00554	0.01029
11	0.01933	0.07626	0.02462	0.01928	0.02177	0.21260	0.08162	0.02159	0.01535	0.01868	0.01525	0.01925	0.05590	0.01071	0.01531	0.00262	0.35105	0.00668	0.00370	0.00843
12	0.00961	0.00748	0.00873	0.00858	0.01058	0.00660	0.00637	0.01221	0.01866	0.02456	0.36223	0.11167	0.35125	0.01741	0.00882	0.00246	0.00368	0.01500	0.00750	0.00660
13	0.01324	0.01138	0.01790	0.15332	0.11476	0.01230	0.05364	0.04411	0.01521	0.02066	0.02441	0.26640	0.02589	0.06806	0.09186	0.00405	0.03792	0.01213	0.00494	0.00783
14	0.02009	0.33227	0.14868	0.01923	0.06597	0.11760	0.08175	0.07209	0.01783	0.02192	0.01308	0.03373	0.01112	0.00730	0.00631	0.00198	0.00965	0.00565	0.00377	0.00998
15	0.00904	0.00646	0.00861	0.01034	0.01077	0.00603	0.00689	0.01034	0.01421	0.01895	0.04092	0.73426	0.04910	0.02326	0.00948	0.00301	0.00431	0.02110	0.00689	0.00603
16	0.00994	0.00716	0.00897	0.00989	0.01081	0.00677	0.00697	0.01155	0.01488	0.01959	0.10037	0.34528	0.12880	0.17372	0.01545	0.00383	0.00515	0.10844	0.00649	0.00594
17	0.01720	0.01842	0.09646	0.11343	0.28219	0.01662	0.11691	0.08709	0.01840	0.02557	0.06168	0.04787	0.01723	0.03769	0.00895	0.00254	0.00907	0.00798	0.00443	0.01026
18	0.01408	0.01491	0.06848	0.67357	0.04984	0.01654	0.02108	0.01928	0.01490	0.01928	0.01320	0.01951	0.00986	0.00740	0.00740	0.00247	0.00997	0.00652	0.00329	0.00843
19	0.02073	0.01523	0.01676	0.01458	0.01895	0.01691	0.01147	0.07983	0.49601	0.12838	0.07390	0.02856	0.02457	0.01021	0.00761	0.00245	0.00593	0.00848	0.00782	0.01162

[dist]
# distance from previous block
# <min> <max>
1	2

[block]
# block no. 2 follows, 27 sequences, length 22
# corresponding to MSA columns:
# 117,120-140
name=unknown_C
#
# <colnr> <probs for GDERKNQSTAVLIFYWHMCP>
#	G	D	E	R	K	N	Q	S	T	A	V	L	I	F	Y	W	H	M	C	P
0	0.01652	0.06790	0.04577	0.01482	0.01768	0.13132	0.01254	0.02093	0.06951	0.03937	0.11363	0.04060	0.02855	0.01783	0.08510	0.00363	0.09026	0.17035	0.00550	0.00819
1	0.68899	0.07832	0.01366	0.01018	0.01498	0.01751	0.00858	0.02252	0.01324	0.06239	0.01120	0.01265	0.00864	0.00695	0.00474	0.00223	0.00596	0.00417	0.00468	0.00838
2	0.01489	0.03840	0.70064	0.02116	0.03213	0.01724	0.02743	0.02351	0.01567	0.02351	0.01332	0.01567	0.00940	0.00705	0.00705	0.00235	0.01097	0.00549	0.00313	0.01097
3	0.02822	0.02079	0.02228	0.01708	0.02302	0.02302	0.01411	0.66804	0.03490	0.04679	0.01782	0.01782	0.01262	0.00891	0.00743	0.00223	0.00817	0.00668	0.00743	0.01262
4	0.02650	0.03333	0.02122	0.01916	0.02258	0.63581	0.01455	0.02838	0.02000	0.01814	0.01129	0.01369	0.00958	0.00822	0.00858	0.00206	0.08961	0.00496	0.00376	0.00855
5	0.02822	0.02079	0.02228	0.01708	0.02302	0.02302	0.01411	0.66804	0.03490	0.04679	0.01782	0.01782	0.01262	0.00891	0.00743	0.00223	0.00817	0.00668	0.00743	0.01262
6	0.02545	0.01077	0.01461	0.01224	0.01640	0.00947	0.00974	0.02812	0.01977	0.47216	0.10802	0.16314	0.03087	0.01287	0.00808	0.00247	0.00563	0.03104	0.00857	0.01056
7	0.00904	0.00646	0.00861	0.01034	0.01077	0.00603	0.00689	0.01034	0.01421	0.01895	0.04092	0.73426	0.04910	0.02326	0.00948	0.00301	0.00431	0.02110	0.00689	0.00603
8	0.00903	0.00652	0.00855	0.01018	0.01073	0.00604	0.00682	0.01035	0.01436	0.01901	0.04282	0.69740	0.08472	0.02301	0.00944	0.00299	0.00428	0.02080	0.00689	0.00604
9	0.00888	0.00741	0.00775	0.00792	0.01016	0.00628	0.00584	0.01078	0.01681	0.02039	0.10016	0.14383	0.59007	0.01912	0.00885	0.00255	0.00381	0.01616	0.00695	0.00628
10	0.74921	0.01426	0.01126	0.00995	0.01461	0.01633	0.00820	0.02262	0.01311	0.07041	0.01139	0.01280	0.00862	0.00702	0.00475	0.00230	0.00577	0.00421	0.00485	0.00830
11	0.01561	0.01357	0.01651	0.01193	0.01845	0.01061	0.03320	0.01981	0.04508	0.02448	0.01402	0.01611	0.01153	0.00573	0.00571	0.00121	0.00577	0.00474	0.00452	0.72141
12	0.01602	0.01346	0.02238	0.61109	0.09387	0.01608	0.01992	0.02075	0.01555	0.07898	0.01466	0.02017	0.01077	0.00752	0.00742	0.00244	0.00951	0.00667	0.00384	0.00888
13	0.66998	0.01514	0.01252	0.01257	0.06264	0.04536	0.00922	0.02202	0.01342	0.03178	0.01126	0.01326	0.00886	0.00698	0.00490	0.00225	0.00618	0.00437	0.03901	0.00828
14	0.02125	0.01356	0.01465	0.01202	0.01594	0.01436	0.00967	0.30879	0.02489	0.08198	0.05416	0.02607	0.04435	0.00949	0.00665	0.00205	0.00577	0.00749	0.31702	0.00984
15	0.79154	0.01436	0.01091	0.00976	0.01436	0.01665	0.00804	0.02182	0.01263	0.03331	0.01034	0.01206	0.00804	0.00689	0.00459	0.00230	0.00574	0.00402	0.00459	0.00804
16	0.01837	0.01764	0.03013	0.04557	0.69279	0.01764	0.02278	0.02278	0.01690	0.02425	0.01396	0.01837	0.01176	0.00661	0.00735	0.00220	0.00882	0.00661	0.00367	0.01176
17	0.01891	0.01617	0.01704	0.01520	0.01947	0.01867	0.01186	0.06793	0.65018	0.03177	0.02965	0.02725	0.02221	0.01002	0.00755	0.00250	0.00598	0.00832	0.00755	0.01179
18	0.01951	0.01584	0.01702	0.01513	0.01940	0.01803	0.01194	0.09319	0.56143	0.05664	0.02960	0.02987	0.02274	0.01052	0.00769	0.00253	0.00615	0.04363	0.00756	0.01159
19	0.00930	0.00664	0.00891	0.01063	0.01117	0.00625	0.00734	0.01078	0.01447	0.01924	0.04078	0.67712	0.04854	0.02302	0.00954	0.00305	0.00453	0.07571	0.00689	0.00610
20	0.01053	0.00815	0.00939	0.00901	0.01121	0.00742	0.00676	0.04587	0.01936	0.02547	0.33020	0.11592	0.33941	0.01712	0.00875	0.00246	0.00392	0.01470	0.00746	0.00689
21	0.02430	0.02932	0.04163	0.11302	0.06111	0.47182	0.01577	0.05841	0.07526	0.02116	0.01374	0.01596	0.01095	0.00781	0.00694	0.00208	0.01175	0.00553	0.00421	0.00924

[dist]
# distance from previous block
# <min> <max>
0	9

[block]
# block no. 3 follows, 27 sequences, length 62
# corresponding to MSA columns:
# 150-186,188-212
name=unknown_D
#
# <colnr> <probs for GDERKNQSTAVLIFYWHMCP>
#	G	D	E	R	K	N	Q	S	T	A	V	L	I	F	Y	W	H	M	C	P
0	0.01878	0.22943	0.19000	0.01826	0.07579	0.12003	0.01652	0.08139	0.01816	0.02281	0.03388	0.09499	0.03153	0.00931	0.00676	0.00212	0.00896	0.00728	0.00431	0.00969
1	0.01778	0.01527	0.04610	0.03164	0.41988	0.01413	0.01740	0.02178	0.01737	0.08719	0.07974	0.05464	0.04346	0.00884	0.00739	0.00219	0.00732	0.00811	0.05434	0.04541
2	0.02025	0.14883	0.02375	0.08596	0.11499	0.06095	0.01433	0.22048	0.04405	0.02818	0.01831	0.09706	0.01651	0.03129	0.04043	0.00279	0.00871	0.00787	0.00524	0.01004
3	0.01200	0.00745	0.00875	0.00872	0.00914	0.00728	0.00522	0.01235	0.01191	0.05855	0.02607	0.13714	0.02934	0.59859	0.03214	0.00634	0.00676	0.01194	0.00511	0.00522
4	0.03973	0.04898	0.07376	0.12005	0.14415	0.04726	0.06037	0.01982	0.04472	0.02223	0.08706	0.02963	0.09210	0.05752	0.02932	0.00295	0.05856	0.00841	0.00459	0.00880
5	0.01843	0.32910	0.22993	0.06060	0.02707	0.08151	0.08028	0.02398	0.04656	0.02062	0.01284	0.01512	0.01029	0.00690	0.00627	0.00202	0.00976	0.00531	0.00348	0.00994
6	0.02319	0.15436	0.02635	0.02385	0.16932	0.37215	0.01609	0.02571	0.01816	0.01935	0.01166	0.01450	0.01006	0.00770	0.00818	0.00205	0.07908	0.00520	0.00362	0.00942
7	0.02721	0.01494	0.01767	0.01428	0.01945	0.01529	0.01156	0.15388	0.22156	0.35269	0.02726	0.02470	0.01862	0.00938	0.00740	0.00233	0.00643	0.00758	0.03560	0.01216
8	0.00958	0.00694	0.00898	0.00991	0.01087	0.00644	0.00693	0.01153	0.01619	0.02185	0.21430	0.45858	0.09987	0.04637	0.01028	0.00296	0.00425	0.04074	0.00714	0.00628
9	0.00953	0.00739	0.00861	0.00904	0.01079	0.00660	0.00669	0.01163	0.01680	0.02145	0.16872	0.20749	0.35618	0.05242	0.01039	0.00289	0.00428	0.07578	0.00700	0.00632
10	0.01035	0.00758	0.00970	0.00917	0.01099	0.00694	0.00688	0.01370	0.02063	0.02887	0.63187	0.05694	0.12762	0.01551	0.00876	0.00235	0.00353	0.01363	0.00805	0.00694
11	0.01805	0.02007	0.07589	0.09030	0.11124	0.16343	0.01593	0.05204	0.01603	0.02028	0.01434	0.04951	0.01297	0.01557	0.08051	0.07764	0.14702	0.00686	0.00386	0.00847
12	0.00904	0.00646	0.00861	0.01034	0.01077	0.00603	0.00689	0.01034	0.01421	0.01895	0.04092	0.73426	0.04910	0.02326	0.00948	0.00301	0.00431	0.02110	0.00689	0.00603
13	0.02375	0.12153	0.02378	0.01839	0.02155	0.44424	0.01462	0.02564	0.01777	0.01800	0.01088	0.01394	0.00961	0.00887	0.01102	0.00222	0.19689	0.00512	0.00359	0.00860
14	0.79154	0.01436	0.01091	0.00976	0.01436	0.01665	0.00804	0.02182	0.01263	0.03331	0.01034	0.01206	0.00804	0.00689	0.00459	0.00230	0.00574	0.00402	0.00459	0.00804
15	0.01201	0.01097	0.01080	0.01181	0.01284	0.11255	0.00824	0.01353	0.01503	0.01867	0.03449	0.55910	0.04026	0.02395	0.07487	0.00369	0.00714	0.01740	0.00615	0.00648
16	0.00951	0.00731	0.00873	0.00903	0.01075	0.00653	0.00662	0.01183	0.01757	0.02299	0.26319	0.23237	0.30666	0.01881	0.00900	0.00261	0.00392	0.03880	0.00730	0.00647
17	0.01624	0.01624	0.02274	0.01949	0.01949	0.02274	0.01624	0.01787	0.01137	0.01787	0.00975	0.01624	0.00975	0.01299	0.02436	0.00325	0.72552	0.00650	0.00325	0.00812
18	0.01729	0.01485	0.01620	0.01480	0.01848	0.01720	0.01164	0.03489	0.55768	0.02896	0.03102	0.03234	0.04593	0.01313	0.03888	0.00301	0.03669	0.04897	0.00715	0.01088
19	0.01985	0.74357	0.03890	0.01270	0.01905	0.02937	0.01270	0.02223	0.01508	0.01747	0.01032	0.01191	0.00953	0.00635	0.00476	0.00159	0.00794	0.00397	0.00318	0.00953
20	0.01985	0.74357	0.03890	0.01270	0.01905	0.02937	0.01270	0.02223	0.01508	0.01747	0.01032	0.01191	0.00953	0.00635	0.00476	0.00159	0.00794	0.00397	0.00318	0.00953
21	0.01503	0.01423	0.02410	0.56367	0.20079	0.01676	0.02112	0.01986	0.01532	0.02020	0.01337	0.01946	0.01033	0.00723	0.00741	0.00241	0.00964	0.00660	0.00339	0.00907
22	0.00912	0.00676	0.00853	0.00983	0.01075	0.00618	0.00678	0.01065	0.01505	0.01960	0.06822	0.56270	0.17765	0.02204	0.00933	0.00290	0.00424	0.03661	0.00693	0.00613
23	0.07016	0.01346	0.01738	0.01339	0.01910	0.01230	0.01106	0.09314	0.02207	0.60579	0.02731	0.02394	0.01734	0.00905	0.00732	0.00229	0.00646	0.00722	0.00880	0.01241
24	0.00904	0.00646	0.00861	0.01034	0.01077	0.00603	0.00689	0.01034	0.01421	0.01895	0.04092	0.73426	0.04910	0.02326	0.00948	0.00301	0.00431	0.02110	0.00689	0.00603
25	0.01746	0.01668	0.02798	0.04195	0.62792	0.01656	0.02115	0.02163	0.01691	0.02385	0.01978	0.02342	0.07618	0.00777	0.00748	0.00223	0.00834	0.00747	0.00398	0.01124
26	0.07389	0.26600	0.05794	0.01495	0.02115	0.02336	0.01355	0.31773	0.02457	0.09676	0.01568	0.01605	0.01168	0.00785	0.00633	0.00203	0.00789	0.00561	0.00577	0.01120
27	0.01655	0.00992	0.01162	0.01058	0.01397	0.00916	0.00837	0.02118	0.09876	0.19436	0.07207	0.07210	0.34390	0.01545	0.00844	0.00255	0.00495	0.06985	0.00759	0.00862
28	0.02034	0.01620	0.01734	0.01517	0.01963	0.01842	0.01192	0.09896	0.57621	0.07505	0.02898	0.02660	0.02143	0.00991	0.00754	0.00248	0.00612	0.00817	0.00765	0.01189
29	0.01646	0.01257	0.01703	0.32005	0.03059	0.04467	0.01398	0.02136	0.05985	0.12102	0.15508	0.03368	0.10186	0.01068	0.00782	0.00240	0.00733	0.00913	0.00581	0.00866
30	0.01752	0.02003	0.04380	0.03129	0.03880	0.01877	0.66583	0.02378	0.01752	0.02378	0.01502	0.02003	0.01126	0.00626	0.00876	0.00250	0.01252	0.00876	0.00375	0.01001
31	0.01169	0.00835	0.01165	0.01336	0.01495	0.00831	0.01149	0.01491	0.01682	0.02191	0.03946	0.14399	0.04331	0.02076	0.01018	0.00338	0.00660	0.58525	0.00684	0.00676
32	0.01971	0.05619	0.03510	0.06353	0.03301	0.18099	0.38705	0.02426	0.01750	0.02136	0.01337	0.01773	0.01057	0.00729	0.00950	0.00239	0.08011	0.00728	0.00367	0.00939
33	0.00904	0.00646	0.00861	0.01034	0.01077	0.00603	0.00689	0.01034	0.01421	0.01895	0.04092	0.73426	0.04910	0.02326	0.00948	0.00301	0.00431	0.02110	0.00689	0.00603
34	0.01529	0.09576	0.64681	0.02047	0.03107	0.01823	0.02623	0.02341	0.01563	0.02302	0.01308	0.01537	0.00941	0.00700	0.00687	0.00229	0.01072	0.00536	0.00314	0.01085
35	0.02686	0.03373	0.02188	0.02158	0.08517	0.64505	0.01513	0.02901	0.02065	0.01873	0.01171	0.01385	0.00977	0.00755	0.00675	0.00194	0.01296	0.00495	0.00381	0.00890
36	0.02352	0.01366	0.07840	0.01286	0.01774	0.01076	0.01128	0.02828	0.06260	0.38391	0.23406	0.03397	0.03397	0.01092	0.00784	0.00233	0.00584	0.00920	0.00820	0.01066
37	0.01378	0.00864	0.01107	0.01016	0.01247	0.00814	0.00772	0.01817	0.06198	0.11022	0.50583	0.09245	0.05790	0.01444	0.00846	0.00237	0.00404	0.01268	0.03155	0.00792
38	0.31554	0.23021	0.15104	0.01456	0.02098	0.06884	0.04322	0.04023	0.01531	0.02580	0.01138	0.01330	0.00910	0.00685	0.00551	0.00208	0.00826	0.00462	0.00390	0.00927
39	0.34130	0.41468	0.02661	0.01171	0.01724	0.04847	0.01082	0.02233	0.01428	0.02408	0.01037	0.01202	0.00891	0.00662	0.00476	0.00189	0.00722	0.00402	0.00379	0.00887
40	0.01759	0.01684	0.02871	0.16740	0.57710	0.01743	0.02239	0.02210	0.01653	0.02330	0.01383	0.01863	0.01142	0.00676	0.00736	0.00225	0.00901	0.00661	0.00361	0.01113
41	0.01201	0.00854	0.01074	0.00995	0.01210	0.00819	0.00754	0.01706	0.08204	0.05367	0.58337	0.05232	0.08452	0.01461	0.00860	0.00236	0.00383	0.01282	0.00811	0.00762
42	0.01091	0.00733	0.00846	0.00863	0.00879	0.00733	0.00521	0.01123	0.01139	0.01514	0.02490	0.05192	0.02848	0.67083	0.03517	0.00684	0.00716	0.07085	0.00472	0.00472
43	0.69509	0.01517	0.01235	0.01069	0.01545	0.01746	0.00881	0.10347	0.01545	0.03501	0.01128	0.01279	0.00862	0.00715	0.00495	0.00229	0.00605	0.00436	0.00495	0.00862
44	0.02486	0.01912	0.02038	0.01640	0.02174	0.02145	0.01330	0.45121	0.25721	0.04136	0.02210	0.02123	0.01609	0.00931	0.00747	0.00233	0.00738	0.00727	0.00747	0.01232
45	0.01079	0.00723	0.00827	0.00827	0.00834	0.00729	0.00472	0.01091	0.01085	0.01453	0.02323	0.04768	0.02660	0.70748	0.06888	0.00742	0.00778	0.01066	0.00447	0.00460
46	0.03222	0.01438	0.01831	0.01404	0.01982	0.01350	0.01159	0.17126	0.02417	0.55873	0.02684	0.02368	0.01715	0.00913	0.00746	0.00228	0.00671	0.00730	0.00881	0.01263
47	0.01536	0.10540	0.63777	0.02036	0.03089	0.01839	0.02603	0.02339	0.01562	0.02294	0.01304	0.01532	0.00942	0.00699	0.00684	0.00228	0.01068	0.00534	0.00314	0.01083
48	0.02773	0.03538	0.02104	0.01913	0.02295	0.70930	0.01434	0.02964	0.02104	0.01817	0.01148	0.01339	0.00956	0.00765	0.00669	0.00191	0.01339	0.00478	0.00383	0.00861
49	0.00904	0.00646	0.00861	0.01034	0.01077	0.00603	0.00689	0.01034	0.01421	0.01895	0.04092	0.73426	0.04910	0.02326	0.00948	0.00301	0.00431	0.02110	0.00689	0.00603
50	0.02786	0.01590	0.01858	0.01484	0.02023	0.01646	0.01207	0.22096	0.20125	0.33005	0.02620	0.02375	0.01785	0.00934	0.00748	0.00234	0.00674	0.00749	0.00824	0.01239
51	0.01062	0.00716	0.00832	0.00848	0.00858	0.00718	0.00494	0.01086	0.01117	0.01495	0.02490	0.11286	0.02871	0.64034	0.06532	0.00701	0.00749	0.01165	0.00470	0.00474
52	0.00904	0.00646	0.00861	0.01034	0.01077	0.00603	0.00689	0.01034	0.01421	0.01895	0.04092	0.73426	0.04910	0.02326	0.00948	0.00301	0.00431	0.02110	0.00689	0.00603
53	0.00904	0.00646	0.00861	0.01034	0.01077	0.00603	0.00689	0.01034	0.01421	0.01895	0.04092	0.73426	0.04910	0.02326	0.00948	0.00301	0.00431	0.02110	0.00689	0.00603
54	0.02071	0.06377	0.32431	0.02071	0.02914	0.01824	0.13994	0.14021	0.02023	0.12657	0.01663	0.01808	0.01165	0.00752	0.00738	0.00231	0.00992	0.00652	0.00491	0.01126
55	0.01494	0.00842	0.00857	0.00817	0.01033	0.00876	0.00623	0.04952	0.07953	0.02888	0.02449	0.02722	0.01908	0.00880	0.00552	0.00183	0.00391	0.00705	0.67113	0.00764
56	0.00904	0.00646	0.00861	0.01034	0.01077	0.00603	0.00689	0.01034	0.01421	0.01895	0.04092	0.73426	0.04910	0.02326	0.00948	0.00301	0.00431	0.02110	0.00689	0.00603
57	0.01811	0.01764	0.03094	0.07475	0.60814	0.01768	0.07753	0.02270	0.01686	0.02397	0.01402	0.01858	0.01163	0.00662	0.00747	0.00224	0.00918	0.00680	0.00366	0.01145
58	0.02746	0.02079	0.06356	0.01638	0.02220	0.08443	0.01395	0.34378	0.10097	0.19789	0.02108	0.02016	0.01464	0.00887	0.00736	0.00225	0.00814	0.00681	0.00725	0.01204
59	0.71809	0.01451	0.01147	0.01027	0.01483	0.01683	0.00839	0.02350	0.07598	0.03309	0.01223	0.01355	0.00943	0.00719	0.00488	0.00232	0.00576	0.00444	0.00488	0.00839
60	0.04496	0.37722	0.09223	0.01876	0.10700	0.14387	0.01530	0.05132	0.01744	0.02130	0.04008	0.01543	0.01244	0.00717	0.00592	0.00187	0.00903	0.00510	0.00379	0.00977
61	0.01793	0.14658	0.03186	0.13568	0.41818	0.01967	0.08177	0.02223	0.01634	0.02224	0.01330	0.01758	0.01105	0.00665	0.00703	0.00216	0.00917	0.00634	0.00354	0.01069

[dist]
# distance from previous block
# <min> <max>
0	2

[block]
# block no. 4 follows, 27 sequences, length 17
# corresponding to MSA columns:
# 215-231
name=unknown_E
#
# <colnr> <probs for GDERKNQSTAVLIFYWHMCP>
#	G	D	E	R	K	N	Q	S	T	A	V	L	I	F	Y	W	H	M	C	P
0	0.02427	0.09819	0.02061	0.01443	0.01953	0.01954	0.01199	0.35001	0.11924	0.10115	0.02078	0.02073	0.01519	0.00878	0.00682	0.00213	0.00694	0.00673	0.12162	0.01131
1	0.01759	0.01721	0.03047	0.15096	0.51550	0.01759	0.09682	0.02229	0.01665	0.02336	0.01396	0.01879	0.01141	0.00670	0.00752	0.00228	0.00942	0.00686	0.00362	0.01100
2	0.02494	0.01653	0.01971	0.09639	0.02423	0.01684	0.01304	0.31754	0.02546	0.17951	0.01878	0.01914	0.01320	0.00807	0.00702	0.00203	0.00740	0.00635	0.00668	0.17713
3	0.01125	0.00844	0.01036	0.01037	0.01232	0.00821	0.00797	0.01608	0.08752	0.02612	0.34196	0.13656	0.14289	0.01666	0.00882	0.00260	0.00437	0.10711	0.03315	0.00726
4	0.00945	0.00744	0.00853	0.00849	0.01050	0.00652	0.00628	0.01187	0.01817	0.02356	0.30048	0.13457	0.39190	0.01791	0.00884	0.00250	0.00372	0.01540	0.00737	0.00652
5	0.01051	0.00724	0.00802	0.00802	0.00837	0.00707	0.00466	0.01078	0.01166	0.01519	0.03071	0.05181	0.12058	0.63739	0.03369	0.00653	0.00671	0.01148	0.00484	0.00475
6	0.00893	0.00738	0.00783	0.00802	0.01020	0.00629	0.00590	0.01084	0.01684	0.02058	0.11308	0.15941	0.56078	0.01915	0.00887	0.00256	0.00382	0.01624	0.00698	0.00629
7	0.00901	0.00658	0.00849	0.01001	0.01068	0.00606	0.00675	0.01037	0.01453	0.01908	0.04488	0.65760	0.12320	0.02274	0.00939	0.00296	0.00424	0.02048	0.00689	0.00606
8	0.01736	0.39020	0.37051	0.01694	0.02561	0.02329	0.02008	0.02287	0.01538	0.02049	0.01182	0.01380	0.00947	0.00670	0.00591	0.00197	0.00946	0.00473	0.00316	0.01025
9	0.01571	0.11548	0.55966	0.02124	0.03135	0.01876	0.09079	0.02339	0.01580	0.02286	0.01316	0.01570	0.00961	0.00689	0.00697	0.00228	0.01079	0.00565	0.00320	0.01071
10	0.01059	0.00717	0.00835	0.00846	0.00870	0.00706	0.00502	0.01111	0.01229	0.01658	0.09968	0.11918	0.03406	0.58515	0.03165	0.00623	0.00649	0.01214	0.00515	0.00493
11	0.10625	0.66193	0.03577	0.01237	0.01853	0.02795	0.01218	0.02218	0.01481	0.01924	0.01032	0.01193	0.00936	0.00641	0.00474	0.00167	0.00769	0.00398	0.00333	0.00936
12	0.00904	0.00646	0.00861	0.01034	0.01077	0.00603	0.00689	0.01034	0.01421	0.01895	0.04092	0.73426	0.04910	0.02326	0.00948	0.00301	0.00431	0.02110	0.00689	0.00603
13	0.01080	0.00720	0.00810	0.00810	0.00810	0.00720	0.00450	0.01080	0.01080	0.01439	0.02339	0.04858	0.02699	0.73910	0.03779	0.00720	0.00720	0.01080	0.00450	0.00450
14	0.01384	0.00692	0.00692	0.00692	0.00865	0.00692	0.00519	0.01730	0.01557	0.02768	0.02422	0.02768	0.01903	0.00865	0.00519	0.00173	0.00346	0.00692	0.78031	0.00692
15	0.05303	0.10004	0.05647	0.01611	0.02083	0.09506	0.03186	0.06546	0.09253	0.23900	0.01934	0.01961	0.01403	0.00916	0.00992	0.00237	0.13210	0.00648	0.00598	0.01063
16	0.01802	0.01692	0.02267	0.01913	0.02001	0.02278	0.01593	0.11417	0.01486	0.02215	0.01094	0.01648	0.01017	0.01239	0.02185	0.00310	0.61926	0.00652	0.00387	0.00879

[dist]
# distance from previous block
# <min> <max>
0	1

[block]
# block no. 5 follows, 27 sequences, length 54
# corresponding to MSA columns:
# 233-286
name=unknown_F
#
# <colnr> <probs for GDERKNQSTAVLIFYWHMCP>
#	G	D	E	R	K	N	Q	S	T	A	V	L	I	F	Y	W	H	M	C	P
0	0.01551	0.01536	0.02297	0.11364	0.02473	0.01940	0.07385	0.01816	0.01308	0.01922	0.01513	0.02049	0.05319	0.01137	0.01808	0.00285	0.45795	0.00712	0.00363	0.07427
1	0.02512	0.03075	0.02031	0.01854	0.02192	0.56077	0.01418	0.02832	0.06175	0.01923	0.01435	0.01918	0.01260	0.00911	0.00849	0.00216	0.07309	0.04725	0.00421	0.00865
2	0.01752	0.02003	0.04380	0.03129	0.03880	0.01877	0.66583	0.02378	0.01752	0.02378	0.01502	0.02003	0.01126	0.00626	0.00876	0.00250	0.01252	0.00876	0.00375	0.01001
3	0.01846	0.01595	0.01679	0.01511	0.01930	0.01846	0.01175	0.03945	0.67938	0.03105	0.03022	0.02770	0.02266	0.01007	0.00755	0.00252	0.00588	0.00839	0.00755	0.01175
4	0.00904	0.00646	0.00861	0.01034	0.01077	0.00603	0.00689	0.01034	0.01421	0.01895	0.04092	0.73426	0.04910	0.02326	0.00948	0.00301	0.00431	0.02110	0.00689	0.00603
5	0.00904	0.00646	0.00861	0.01034	0.01077	0.00603	0.00689	0.01034	0.01421	0.01895	0.04092	0.73426	0.04910	0.02326	0.00948	0.00301	0.00431	0.02110	0.00689	0.00603
6	0.01061	0.00795	0.01193	0.01193	0.01326	0.00928	0.00928	0.01326	0.01193	0.01723	0.01988	0.02916	0.01856	0.05568	0.70968	0.01193	0.01988	0.00795	0.00398	0.00663
7	0.02773	0.03538	0.02104	0.01913	0.02295	0.70930	0.01434	0.02964	0.02104	0.01817	0.01148	0.01339	0.00956	0.00765	0.00669	0.00191	0.01339	0.00478	0.00383	0.00861
8	0.00904	0.00646	0.00861	0.01034	0.01077	0.00603	0.00689	0.01034	0.01421	0.01895	0.04092	0.73426	0.04910	0.02326	0.00948	0.00301	0.00431	0.02110	0.00689	0.00603
9	0.01080	0.00720	0.00810	0.00810	0.00810	0.00720	0.00450	0.01080	0.01080	0.01439	0.02339	0.04858	0.02699	0.73910	0.03779	0.00720	0.00720	0.01080	0.00450	0.00450
10	0.02017	0.71493	0.03818	0.01296	0.01921	0.05687	0.01277	0.02253	0.01532	0.01749	0.01037	0.01197	0.00953	0.00640	0.00484	0.00160	0.00816	0.00400	0.00320	0.00949
11	0.01005	0.00757	0.00929	0.00886	0.01081	0.00681	0.00665	0.01313	0.01994	0.02723	0.52836	0.05964	0.23215	0.01612	0.00876	0.00238	0.00357	0.01401	0.00784	0.00681
12	0.02986	0.01551	0.01869	0.01462	0.02022	0.01552	0.01198	0.22610	0.11055	0.41631	0.02597	0.02335	0.01721	0.00922	0.00747	0.00230	0.00682	0.00735	0.00845	0.01252
13	0.01725	0.01921	0.03928	0.02876	0.03466	0.01962	0.52644	0.02251	0.01620	0.02251	0.01389	0.01921	0.01094	0.00770	0.01211	0.00266	0.16551	0.00828	0.00365	0.00961
14	0.02819	0.02160	0.02221	0.01719	0.02302	0.06104	0.01412	0.63268	0.03414	0.04520	0.01747	0.01758	0.01246	0.00884	0.00739	0.00221	0.00846	0.00658	0.00723	0.01240
15	0.03074	0.01547	0.01938	0.01802	0.10666	0.07159	0.01284	0.05314	0.02108	0.53302	0.02544	0.02314	0.01659	0.00872	0.00738	0.00225	0.00730	0.00710	0.00796	0.01218
16	0.01827	0.01987	0.04127	0.03160	0.09346	0.01895	0.56972	0.06460	0.01857	0.02528	0.01511	0.01974	0.01139	0.00646	0.00856	0.00246	0.01193	0.00845	0.00398	0.01033
17	0.03009	0.01294	0.01687	0.01335	0.01869	0.01192	0.01088	0.03579	0.12305	0.56785	0.05600	0.02686	0.02112	0.00957	0.00753	0.00233	0.00614	0.00785	0.00889	0.01227
18	0.01720	0.01426	0.01636	0.01185	0.01836	0.01174	0.00954	0.10993	0.01814	0.02737	0.01385	0.01574	0.01122	0.00598	0.00577	0.00126	0.00587	0.00472	0.00482	0.67603
19	0.00949	0.00762	0.00855	0.00874	0.01093	0.00668	0.00674	0.01182	0.01752	0.02193	0.17307	0.09775	0.47454	0.01859	0.00899	0.00262	0.00414	0.09671	0.00710	0.00646
20	0.01384	0.00692	0.00692	0.00692	0.00865	0.00692	0.00519	0.01730	0.01557	0.02768	0.02422	0.02768	0.01903	0.00865	0.00519	0.00173	0.00346	0.00692	0.78031	0.00692
21	0.01033	0.00758	0.00968	0.00915	0.01098	0.00693	0.00686	0.01367	0.02059	0.02877	0.62602	0.05709	0.13353	0.01555	0.00876	0.00235	0.00353	0.01366	0.00804	0.00693
22	0.00907	0.00685	0.00839	0.00944	0.01057	0.00617	0.00653	0.01070	0.01550	0.02006	0.09806	0.49035	0.23871	0.02136	0.00922	0.00282	0.00409	0.01895	0.00699	0.00617
23	0.79154	0.01436	0.01091	0.00976	0.01436	0.01665	0.00804	0.02182	0.01263	0.03331	0.01034	0.01206	0.00804	0.00689	0.00459	0.00230	0.00574	0.00402	0.00459	0.00804
24	0.01039	0.00796	0.00892	0.00896	0.01122	0.00711	0.00675	0.01332	0.04469	0.04286	0.15044	0.15152	0.43797	0.01830	0.00885	0.00259	0.00413	0.05004	0.00717	0.00679
25	0.01886	0.01614	0.01701	0.01519	0.01945	0.01865	0.01185	0.06477	0.65342	0.03169	0.02972	0.02730	0.02226	0.01003	0.00755	0.00251	0.00597	0.00832	0.00755	0.01179
26	0.01811	0.01265	0.01156	0.01045	0.01294	0.10037	0.00810	0.07539	0.01800	0.06572	0.02147	0.02419	0.01668	0.00882	0.00682	0.00192	0.04714	0.00663	0.52501	0.00802
27	0.01438	0.01316	0.02192	0.61662	0.10294	0.01596	0.01978	0.01918	0.01507	0.01999	0.01399	0.02019	0.01066	0.00743	0.00727	0.00240	0.00938	0.00662	0.05460	0.00846
28	0.00960	0.00712	0.00989	0.01243	0.05122	0.00672	0.00783	0.01108	0.01437	0.01927	0.03932	0.69180	0.04689	0.02227	0.00935	0.00297	0.00457	0.02024	0.00670	0.00637
29	0.01985	0.74357	0.03890	0.01270	0.01905	0.02937	0.01270	0.02223	0.01508	0.01747	0.01032	0.01191	0.00953	0.00635	0.00476	0.00159	0.00794	0.00397	0.00318	0.00953
30	0.01051	0.00759	0.00992	0.00934	0.01109	0.00700	0.00700	0.01401	0.02101	0.02977	0.68888	0.05545	0.07005	0.01518	0.00876	0.00233	0.00350	0.01343	0.00817	0.00700
31	0.01081	0.00873	0.00987	0.01013	0.01247	0.00833	0.00794	0.01551	0.10183	0.02239	0.09484	0.12390	0.37756	0.01821	0.00899	0.00273	0.00471	0.14690	0.00704	0.00711
32	0.08160	0.12295	0.56067	0.01915	0.02901	0.01868	0.02397	0.02321	0.01534	0.02360	0.01270	0.01490	0.00930	0.00695	0.00656	0.00225	0.01015	0.00517	0.00326	0.01054
33	0.00924	0.00660	0.00883	0.01056	0.01107	0.00620	0.00723	0.01067	0.01440	0.01917	0.04081	0.69134	0.04868	0.02308	0.00953	0.00304	0.00447	0.06212	0.00689	0.00608
34	0.00950	0.00673	0.00884	0.01035	0.01084	0.00638	0.00704	0.01082	0.01405	0.01869	0.03870	0.59737	0.04593	0.10813	0.01291	0.00355	0.00487	0.07280	0.00660	0.00592
35	0.01489	0.03840	0.70064	0.02116	0.03213	0.01724	0.02743	0.02351	0.01567	0.02351	0.01332	0.01567	0.00940	0.00705	0.00705	0.00235	0.01097	0.00549	0.00313	0.01097
36	0.01837	0.01764	0.03013	0.04557	0.69279	0.01764	0.02278	0.02278	0.01690	0.02425	0.01396	0.01837	0.01176	0.00661	0.00735	0.00220	0.00882	0.00661	0.00367	0.01176
37	0.01402	0.01319	0.02227	0.72126	0.05113	0.01649	0.02062	0.01897	0.01484	0.01897	0.01319	0.01979	0.00990	0.00742	0.00742	0.00247	0.00990	0.00660	0.00330	0.00825
38	0.01051	0.00759	0.00992	0.00934	0.01109	0.00700	0.00700	0.01401	0.02101	0.02977	0.68888	0.05545	0.07005	0.01518	0.00876	0.00233	0.00350	0.01343	0.00817	0.00700
39	0.01769	0.01679	0.02851	0.09016	0.60848	0.01702	0.02199	0.02208	0.01677	0.02377	0.01541	0.02235	0.01347	0.00749	0.00753	0.00230	0.00878	0.04435	0.00384	0.01123
40	0.02822	0.02079	0.02228	0.01708	0.02302	0.02302	0.01411	0.66804	0.03490	0.04679	0.01782	0.01782	0.01262	0.00891	0.00743	0.00223	0.00817	0.00668	0.00743	0.01262
41	0.01402	0.01319	0.02227	0.72126	0.05113	0.01649	0.02062	0.01897	0.01484	0.01897	0.01319	0.01979	0.00990	0.00742	0.00742	0.00247	0.00990	0.00660	0.00330	0.00825
42	0.01080	0.00720	0.00810	0.00810	0.00810	0.00720	0.00450	0.01080	0.01080	0.01439	0.02339	0.04858	0.02699	0.73910	0.03779	0.00720	0.00720	0.01080	0.00450	0.00450
43	0.02822	0.02079	0.02228	0.01708	0.02302	0.02302	0.01411	0.66804	0.03490	0.04679	0.01782	0.01782	0.01262	0.00891	0.00743	0.00223	0.00817	0.00668	0.00743	0.01262
44	0.01692	0.01738	0.02264	0.01947	0.01970	0.06346	0.01613	0.01856	0.01194	0.01788	0.00985	0.01607	0.00973	0.01268	0.02331	0.00317	0.68328	0.00639	0.00328	0.00815
45	0.01402	0.01319	0.02227	0.72126	0.05113	0.01649	0.02062	0.01897	0.01484	0.01897	0.01319	0.01979	0.00990	0.00742	0.00742	0.00247	0.00990	0.00660	0.00330	0.00825
46	0.01725	0.01921	0.03928	0.02876	0.03466	0.01962	0.52644	0.02251	0.01620	0.02251	0.01389	0.01921	0.01094	0.00770	0.01211	0.00266	0.16551	0.00828	0.00365	0.00961
47	0.00916	0.00754	0.00806	0.00793	0.01027	0.00643	0.00595	0.01141	0.01784	0.02224	0.21296	0.06785	0.55066	0.01799	0.00877	0.00247	0.00370	0.01516	0.00718	0.00643
48	0.01146	0.00845	0.01025	0.00990	0.00993	0.00936	0.00636	0.01179	0.01111	0.01521	0.02263	0.09108	0.02602	0.58499	0.03390	0.00634	0.11074	0.01088	0.00448	0.00513
49	0.00928	0.00686	0.00872	0.00997	0.01095	0.00630	0.00699	0.01096	0.01533	0.02007	0.08976	0.52848	0.16577	0.02175	0.00935	0.00290	0.00432	0.05909	0.00697	0.00619
50	0.01103	0.00763	0.00916	0.00941	0.00989	0.00772	0.00596	0.03808	0.01281	0.01721	0.02756	0.22995	0.03160	0.45645	0.08789	0.00628	0.00757	0.01315	0.00522	0.00543
51	0.01520	0.01294	0.01520	0.01114	0.01747	0.00982	0.00897	0.01851	0.01549	0.02408	0.01464	0.01918	0.01275	0.00633	0.00576	0.00123	0.00557	0.03976	0.00453	0.74141
52	0.21582	0.10013	0.10528	0.03705	0.04062	0.16060	0.01479	0.07560	0.03746	0.02544	0.01226	0.01472	0.00990	0.00816	0.00868	0.00229	0.11254	0.00521	0.00417	0.00928
53	0.02256	0.15034	0.19403	0.01769	0.04670	0.08619	0.01676	0.13827	0.04708	0.13945	0.01746	0.03773	0.01326	0.00843	0.00741	0.00219	0.03195	0.00633	0.00528	0.01089

[dist]
# distance from previous block
# <min> <max>
2	11

[block]
# block no. 6 follows, 27 sequences, length 16
# corresponding to MSA columns:
# 300-315
name=unknown_G
#
# <colnr> <probs for GDERKNQSTAVLIFYWHMCP>
#	G	D	E	R	K	N	Q	S	T	A	V	L	I	F	Y	W	H	M	C	P
0	0.02006	0.26437	0.25113	0.02076	0.11406	0.09284	0.01900	0.05079	0.01735	0.06586	0.01345	0.01527	0.01049	0.00704	0.00635	0.00203	0.00952	0.00524	0.00386	0.01053
1	0.06454	0.13880	0.14405	0.01661	0.04113	0.05078	0.01520	0.11656	0.11498	0.07115	0.07537	0.02102	0.01770	0.00901	0.00833	0.00228	0.07012	0.00666	0.00536	0.01034
2	0.01312	0.01044	0.01511	0.23998	0.02515	0.01212	0.01237	0.06290	0.01499	0.02056	0.02115	0.13506	0.02068	0.09867	0.19521	0.00548	0.02993	0.00964	0.05010	0.00733
3	0.01140	0.00967	0.01382	0.01377	0.05409	0.00909	0.07038	0.01511	0.05055	0.02286	0.16707	0.15604	0.25498	0.04229	0.00991	0.00279	0.00545	0.07681	0.00659	0.00732
4	0.01960	0.05999	0.17302	0.02541	0.20975	0.07646	0.07008	0.05830	0.01856	0.09210	0.06547	0.02108	0.01632	0.00789	0.00720	0.00220	0.00895	0.00685	0.05025	0.01056
5	0.01054	0.00794	0.01078	0.11886	0.01704	0.00802	0.00906	0.01302	0.01565	0.02111	0.10029	0.35990	0.13121	0.01798	0.00868	0.00272	0.00513	0.06190	0.07355	0.00663
6	0.01269	0.00808	0.00911	0.00892	0.01032	0.00782	0.00605	0.04799	0.01502	0.05449	0.03558	0.16309	0.14437	0.29845	0.01952	0.00428	0.00551	0.01240	0.12999	0.00630
7	0.10553	0.01726	0.08135	0.10107	0.15992	0.01597	0.13468	0.08777	0.01805	0.04473	0.06087	0.08333	0.01854	0.02852	0.00837	0.00253	0.00853	0.00845	0.00484	0.00968
8	0.01819	0.16635	0.10626	0.07066	0.02638	0.11182	0.13062	0.03970	0.06305	0.02127	0.01576	0.01913	0.02747	0.01226	0.07069	0.00312	0.07746	0.00653	0.00395	0.00934
9	0.00933	0.00666	0.00886	0.01028	0.01075	0.00641	0.00689	0.01063	0.01371	0.01840	0.03754	0.61247	0.04450	0.08936	0.07272	0.00416	0.00591	0.01905	0.00643	0.00595
10	0.00920	0.00657	0.00879	0.01051	0.01101	0.00616	0.00716	0.01061	0.01437	0.01912	0.04083	0.69964	0.04876	0.02311	0.00952	0.00304	0.00444	0.05419	0.00689	0.00607
11	0.02133	0.01751	0.02265	0.02171	0.12940	0.01878	0.07095	0.28895	0.16328	0.03448	0.02412	0.02849	0.04856	0.01004	0.00787	0.00243	0.00785	0.06387	0.00646	0.01127
12	0.00948	0.00712	0.00864	0.00966	0.01087	0.00652	0.00691	0.01110	0.01512	0.01930	0.04999	0.38393	0.24858	0.08480	0.01185	0.00327	0.00470	0.09541	0.00667	0.00607
13	0.01889	0.01718	0.06803	0.04570	0.02171	0.01442	0.01219	0.20108	0.02086	0.03024	0.01450	0.01630	0.01129	0.00666	0.00624	0.00157	0.00685	0.00522	0.00510	0.47600
14	0.01942	0.17052	0.05654	0.07275	0.15055	0.04848	0.01556	0.11888	0.17113	0.02663	0.01906	0.06538	0.01601	0.00889	0.00697	0.00222	0.00794	0.00729	0.00517	0.01062
15	0.14099	0.29239	0.08944	0.01473	0.02057	0.11929	0.01367	0.13254	0.04251	0.02600	0.01307	0.01465	0.01059	0.00895	0.03008	0.00231	0.00902	0.00499	0.00438	0.00980

[dist]
# distance from previous block
# <min> <max>
2	57

[block]
# block no. 7 follows, 27 sequences, length 20
# corresponding to MSA columns:
# 373-392
name=unknown_H
#
# <colnr> <probs for GDERKNQSTAVLIFYWHMCP>
#	G	D	E	R	K	N	Q	S	T	A	V	L	I	F	Y	W	H	M	C	P
0	0.04615	0.10049	0.01223	0.00923	0.01099	0.00995	0.00666	0.01282	0.01420	0.01892	0.08106	0.20502	0.17292	0.24727	0.01749	0.00398	0.00558	0.01321	0.00564	0.00619
1	0.02222	0.31300	0.02721	0.01460	0.01992	0.14939	0.01263	0.16506	0.02046	0.02531	0.01324	0.01489	0.01091	0.00745	0.00654	0.00181	0.03548	0.00502	0.04872	0.08612
2	0.01843	0.01463	0.02128	0.02596	0.30289	0.01375	0.01487	0.05346	0.03755	0.09164	0.07720	0.02361	0.01870	0.04939	0.00877	0.00224	0.00704	0.00705	0.00515	0.20640
3	0.01876	0.01691	0.02681	0.15899	0.29349	0.05563	0.10961	0.02378	0.04399	0.08488	0.06253	0.02211	0.01625	0.00789	0.00803	0.00233	0.02563	0.00743	0.00459	0.01035
4	0.01450	0.00984	0.01216	0.01122	0.01272	0.01062	0.00810	0.04309	0.07191	0.07886	0.06319	0.07609	0.05550	0.29112	0.10297	0.04341	0.07209	0.01014	0.00551	0.00698
5	0.14029	0.01240	0.05180	0.10593	0.01935	0.01186	0.01086	0.06186	0.04435	0.02623	0.14375	0.10391	0.17207	0.01353	0.00782	0.00252	0.00591	0.05156	0.00609	0.00789
6	0.02046	0.09044	0.19497	0.01931	0.06238	0.05199	0.07828	0.11835	0.05623	0.11675	0.02035	0.02169	0.04586	0.01158	0.05589	0.00292	0.00978	0.00695	0.00519	0.01065
7	0.01804	0.09179	0.07318	0.08463	0.02318	0.10480	0.06467	0.02308	0.07032	0.07965	0.03844	0.06630	0.03990	0.01102	0.00820	0.00243	0.03524	0.09728	0.05893	0.00894
8	0.01289	0.00645	0.00967	0.00967	0.00967	0.00645	0.00645	0.00967	0.00967	0.01289	0.01289	0.02257	0.01289	0.02579	0.02901	0.78401	0.00645	0.00645	0.00322	0.00322
9	0.02773	0.03538	0.02104	0.01913	0.02295	0.70930	0.01434	0.02964	0.02104	0.01817	0.01148	0.01339	0.00956	0.00765	0.00669	0.00191	0.01339	0.00478	0.00383	0.00861
10	0.01833	0.08687	0.12313	0.09891	0.21512	0.08158	0.01811	0.05656	0.09811	0.02451	0.01712	0.02145	0.01393	0.00807	0.00701	0.00223	0.00875	0.03181	0.05810	0.01029
11	0.04567	0.01508	0.02149	0.01770	0.02040	0.01803	0.08983	0.09974	0.04852	0.07318	0.01617	0.02063	0.01338	0.01784	0.12900	0.00424	0.28953	0.00712	0.04334	0.00909
12	0.00945	0.00776	0.00872	0.00865	0.01069	0.00703	0.00646	0.01158	0.01725	0.02183	0.19396	0.13668	0.46897	0.01831	0.00945	0.00255	0.03174	0.01544	0.00701	0.00646
13	0.04482	0.21463	0.12596	0.06351	0.18300	0.01891	0.03888	0.02229	0.04262	0.04321	0.03884	0.05912	0.01569	0.00822	0.00662	0.00213	0.00805	0.00688	0.04671	0.00992
14	0.05977	0.06959	0.07855	0.02343	0.18480	0.04914	0.05203	0.19142	0.02207	0.07748	0.07862	0.02326	0.01823	0.00872	0.00732	0.00225	0.00828	0.02872	0.00554	0.01080
15	0.00908	0.00668	0.00852	0.00986	0.01067	0.00612	0.00671	0.01059	0.01500	0.01971	0.08163	0.59665	0.14729	0.02214	0.00933	0.00290	0.00418	0.01986	0.00696	0.00612
16	0.01405	0.00901	0.01072	0.01035	0.01251	0.00873	0.00757	0.03956	0.08252	0.10050	0.13481	0.24868	0.14028	0.07957	0.01095	0.00296	0.00481	0.01396	0.06078	0.00768
17	0.02141	0.12507	0.10658	0.02313	0.16230	0.03862	0.06517	0.17579	0.06729	0.07988	0.05019	0.02000	0.01542	0.00803	0.00714	0.00219	0.00854	0.00675	0.00534	0.01116
18	0.02273	0.13957	0.07138	0.02053	0.09758	0.30684	0.01569	0.07978	0.07605	0.02272	0.01483	0.01830	0.01246	0.00831	0.00748	0.00212	0.03933	0.03017	0.00437	0.00978
19	0.06222	0.01744	0.12756	0.01840	0.09278	0.01327	0.07575	0.02367	0.05944	0.13218	0.12267	0.02617	0.04190	0.00877	0.00724	0.00213	0.00720	0.00766	0.00568	0.14789

[dist]
# distance from previous block
# <min> <max>
0	2

[block]
# block no. 8 follows, 27 sequences, length 24
# corresponding to MSA columns:
# 395-418
name=unknown_I
#
# <colnr> <probs for GDERKNQSTAVLIFYWHMCP>
#	G	D	E	R	K	N	Q	S	T	A	V	L	I	F	Y	W	H	M	C	P
0	0.01895	0.02027	0.11102	0.02317	0.16794	0.07572	0.06205	0.05086	0.18383	0.06566	0.02249	0.05193	0.04437	0.00896	0.00744	0.00228	0.00823	0.00779	0.00537	0.06165
1	0.01388	0.00868	0.01107	0.01015	0.01261	0.00784	0.00780	0.01675	0.01874	0.11390	0.35848	0.05255	0.10346	0.09565	0.01179	0.00293	0.00481	0.08229	0.00739	0.05921
2	0.01352	0.01139	0.01840	0.06709	0.05052	0.01113	0.13022	0.01807	0.04734	0.05318	0.23031	0.04521	0.15396	0.01582	0.05531	0.00312	0.00744	0.05360	0.00622	0.00814
3	0.02321	0.08106	0.02502	0.02125	0.08774	0.24559	0.08520	0.16819	0.09030	0.02719	0.01719	0.02161	0.01419	0.00868	0.00731	0.00221	0.01007	0.04864	0.00513	0.01022
