[name]
unknown

[dist]
# distance from previous block
# <min> <max>
13	172

[block]
# block no. 0 follows, 33 sequences, length 20
# corresponding to MSA columns:
# 206-225
name=unknown_A
#
# <colnr> <probs for GDERKNQSTAVLIFYWHMCP>
#	G	D	E	R	K	N	Q	S	T	A	V	L	I	F	Y	W	H	M	C	P
0	0.01495	0.01378	0.05827	0.04064	0.06213	0.03799	0.04244	0.06736	0.21481	0.05863	0.04474	0.09011	0.09505	0.02778	0.04220	0.00272	0.03366	0.03880	0.00545	0.00850
1	0.01083	0.00737	0.00868	0.03806	0.01103	0.00725	0.00627	0.03658	0.03178	0.04151	0.12820	0.12464	0.18835	0.14159	0.04547	0.00320	0.00495	0.01079	0.14739	0.00603
2	0.05029	0.05724	0.09349	0.01495	0.07284	0.01290	0.05315	0.14033	0.01667	0.03838	0.09415	0.11493	0.02181	0.08206	0.10411	0.00357	0.00804	0.00838	0.00481	0.00792
3	0.08312	0.00904	0.01040	0.00964	0.01207	0.00914	0.00734	0.04179	0.12480	0.08675	0.30163	0.15196	0.10085	0.01287	0.00724	0.00219	0.00410	0.01106	0.00666	0.00736
4	0.07282	0.04917	0.01664	0.01221	0.01738	0.04819	0.00996	0.22613	0.08672	0.09042	0.01527	0.01569	0.01146	0.00666	0.00568	0.00161	0.00611	0.00506	0.00528	0.29753
5	0.00826	0.00634	0.00756	0.00799	0.00937	0.00565	0.00571	0.01010	0.01504	0.01960	0.22136	0.31546	0.30926	0.01730	0.00800	0.00235	0.00345	0.01515	0.00640	0.00565
6	0.01367	0.02871	0.56028	0.01799	0.05072	0.01443	0.02093	0.06520	0.01495	0.02192	0.01424	0.07997	0.01177	0.00754	0.00640	0.00207	0.00872	0.00614	0.00340	0.05095
7	0.02111	0.01650	0.01755	0.01436	0.01893	0.01859	0.01157	0.40243	0.34051	0.03518	0.02077	0.01976	0.01522	0.00837	0.00664	0.00209	0.00632	0.00661	0.00664	0.01085
8	0.00904	0.00627	0.00772	0.00837	0.00909	0.00613	0.00571	0.01032	0.01205	0.01647	0.03217	0.31785	0.11013	0.22073	0.09682	0.00441	0.00601	0.04014	0.07540	0.00517
9	0.00847	0.00765	0.03307	0.00792	0.01013	0.00615	0.00636	0.01067	0.01550	0.01956	0.18199	0.10152	0.48903	0.01605	0.00785	0.00227	0.00374	0.06002	0.00620	0.00585
10	0.01723	0.01124	0.01292	0.01115	0.01458	0.01165	0.00877	0.08613	0.26101	0.17154	0.18900	0.03294	0.10023	0.01047	0.00697	0.00211	0.00474	0.00878	0.02947	0.00907
11	0.00841	0.00609	0.00809	0.00906	0.00973	0.00591	0.00625	0.00986	0.01278	0.01724	0.09450	0.52176	0.07170	0.06655	0.11540	0.00395	0.00587	0.01570	0.00572	0.00543
12	0.03518	0.01002	0.01049	0.00989	0.01115	0.07441	0.00703	0.03369	0.03422	0.04175	0.05247	0.04597	0.02100	0.33837	0.18223	0.00577	0.03924	0.00810	0.03317	0.00582
13	0.01255	0.00881	0.01047	0.00993	0.01213	0.00889	0.00755	0.03554	0.17072	0.07229	0.20083	0.13266	0.15187	0.01450	0.00916	0.07304	0.00439	0.05118	0.00638	0.00710
14	0.01101	0.00797	0.01100	0.07518	0.01442	0.00867	0.00859	0.03222	0.01293	0.04916	0.03865	0.11117	0.12293	0.05453	0.29975	0.03083	0.03718	0.04262	0.02499	0.00620
15	0.01452	0.01518	0.08438	0.20556	0.35490	0.01425	0.03016	0.05064	0.01526	0.02128	0.04681	0.04628	0.03362	0.00739	0.00664	0.00206	0.00763	0.00678	0.02769	0.00898
16	0.01114	0.00956	0.01123	0.01171	0.04356	0.07261	0.00829	0.01311	0.01226	0.01652	0.05373	0.10298	0.05286	0.11837	0.36551	0.00672	0.03872	0.00867	0.03643	0.00602
17	0.01088	0.00630	0.00748	0.00785	0.00912	0.00598	0.00563	0.01313	0.01420	0.05341	0.11546	0.31695	0.05720	0.01376	0.00667	0.00209	0.00349	0.01203	0.33233	0.00605
18	0.10890	0.15969	0.10534	0.07393	0.15586	0.09436	0.03847	0.05786	0.01519	0.02114	0.03351	0.08053	0.01350	0.00766	0.00597	0.00194	0.00768	0.00624	0.00376	0.00848
19	0.05889	0.03939	0.06121	0.07835	0.01997	0.04713	0.05380	0.16028	0.08365	0.02519	0.05028	0.06732	0.04872	0.00989	0.02616	0.00224	0.04384	0.00716	0.05132	0.06519

[dist]
# distance from previous block
# <min> <max>
3	8

[block]
# block no. 1 follows, 33 sequences, length 6
# corresponding to MSA columns:
# 234-239
name=unknown_B
#
# <colnr> <probs for GDERKNQSTAVLIFYWHMCP>
#	G	D	E	R	K	N	Q	S	T	A	V	L	I	F	Y	W	H	M	C	P
0	0.00810	0.00630	0.00737	0.00790	0.00929	0.00557	0.00562	0.00977	0.01458	0.01866	0.15115	0.34151	0.35510	0.01778	0.00803	0.00238	0.00349	0.01553	0.00628	0.00557
1	0.01455	0.01381	0.01742	0.09829	0.09790	0.10163	0.06871	0.05721	0.05432	0.02089	0.08834	0.07655	0.04915	0.01332	0.07237	0.00290	0.06589	0.03276	0.04634	0.00766
2	0.00928	0.00692	0.00878	0.01011	0.05822	0.00658	0.00615	0.01051	0.01274	0.01694	0.11600	0.25613	0.13823	0.29380	0.01735	0.00385	0.00488	0.01292	0.00527	0.00533
3	0.01055	0.05099	0.01345	0.01199	0.06060	0.00878	0.05449	0.01364	0.01692	0.02346	0.47491	0.04193	0.10369	0.01520	0.06796	0.00275	0.00540	0.01051	0.00606	0.00672
4	0.01374	0.05332	0.09790	0.05034	0.04534	0.01203	0.11713	0.05470	0.01511	0.06249	0.07737	0.12234	0.08478	0.08462	0.01006	0.00253	0.03029	0.00908	0.00469	0.05213
5	0.01708	0.05034	0.07519	0.04427	0.08654	0.12087	0.01182	0.13238	0.06907	0.04744	0.01859	0.11142	0.01668	0.06144	0.00820	0.00228	0.00703	0.00747	0.10357	0.00830

[dist]
# distance from previous block
# <min> <max>
26	37

[block]
# block no. 2 follows, 33 sequences, length 7
# corresponding to MSA columns:
# 287-293
name=unknown_C
#
# <colnr> <probs for GDERKNQSTAVLIFYWHMCP>
#	G	D	E	R	K	N	Q	S	T	A	V	L	I	F	Y	W	H	M	C	P
0	0.05618	0.16062	0.01747	0.01307	0.07074	0.01459	0.00977	0.16396	0.01691	0.02348	0.05071	0.05128	0.05202	0.09224	0.08517	0.00328	0.00729	0.04443	0.05901	0.00777
1	0.01230	0.00641	0.00692	0.00693	0.00856	0.00618	0.00514	0.01495	0.01402	0.06353	0.02745	0.13294	0.07703	0.01026	0.00551	0.00178	0.00334	0.00857	0.58190	0.00627
2	0.01461	0.03674	0.13162	0.08775	0.19386	0.04435	0.10791	0.01865	0.01507	0.05770	0.07956	0.06444	0.07786	0.00868	0.00737	0.00211	0.03124	0.00779	0.00415	0.00854
3	0.00886	0.00593	0.00807	0.00904	0.00941	0.00582	0.00608	0.00939	0.01145	0.01540	0.02881	0.49702	0.03361	0.09405	0.09370	0.13297	0.00587	0.01450	0.00511	0.00488
4	0.01365	0.01170	0.01365	0.00975	0.01560	0.00878	0.00780	0.01658	0.01365	0.02145	0.01170	0.01365	0.00975	0.00488	0.00488	0.00098	0.00488	0.00390	0.00390	0.80888
5	0.01375	0.01054	0.01113	0.01016	0.01271	0.06799	0.00792	0.06335	0.07212	0.08636	0.32949	0.04423	0.16536	0.01269	0.00746	0.00215	0.00475	0.06390	0.00663	0.00729
6	0.00973	0.00678	0.00852	0.00874	0.01025	0.00636	0.00648	0.01164	0.01429	0.05684	0.14577	0.23279	0.23775	0.05496	0.11381	0.00373	0.00588	0.05384	0.00593	0.00591

[dist]
# distance from previous block
# <min> <max>
4	8

[block]
# block no. 3 follows, 33 sequences, length 17
# corresponding to MSA columns:
# 302-318
name=unknown_D
#
# <colnr> <probs for GDERKNQSTAVLIFYWHMCP>
#	G	D	E	R	K	N	Q	S	T	A	V	L	I	F	Y	W	H	M	C	P
0	0.01665	0.01389	0.01610	0.01458	0.05023	0.04614	0.04773	0.19269	0.22495	0.02672	0.05747	0.05376	0.06157	0.05337	0.03609	0.03027	0.00676	0.03651	0.00573	0.00877
1	0.01092	0.00755	0.00917	0.00968	0.04889	0.00746	0.00657	0.01404	0.05199	0.03586	0.14891	0.03911	0.17028	0.13031	0.09672	0.00363	0.00576	0.00939	0.18750	0.00625
2	0.00953	0.00689	0.00818	0.00792	0.00987	0.00610	0.00601	0.01190	0.01667	0.05297	0.34984	0.08545	0.34787	0.01512	0.00780	0.00220	0.00346	0.03944	0.00670	0.00610
3	0.05250	0.01204	0.01520	0.01184	0.01672	0.01123	0.00973	0.11839	0.04222	0.55785	0.02637	0.02349	0.05433	0.00854	0.00660	0.00205	0.00566	0.00686	0.00766	0.01074
4	0.81514	0.01273	0.00968	0.00866	0.01273	0.01477	0.00713	0.01935	0.01120	0.02954	0.00917	0.01069	0.00713	0.00611	0.00407	0.00204	0.00509	0.00356	0.00407	0.00713
5	0.00935	0.00649	0.00848	0.00962	0.01043	0.00622	0.00673	0.01162	0.04951	0.04100	0.05770	0.63671	0.04170	0.01923	0.00828	0.00263	0.00406	0.05811	0.00624	0.00587
6	0.01429	0.00761	0.00791	0.00729	0.00935	0.00774	0.00562	0.08673	0.01577	0.05555	0.02108	0.02356	0.01627	0.00771	0.00489	0.00160	0.00360	0.00613	0.69042	0.00686
7	0.15567	0.01315	0.01533	0.01203	0.01694	0.01311	0.00991	0.17712	0.04786	0.43933	0.02106	0.01915	0.01384	0.00779	0.00620	0.00203	0.00586	0.00601	0.00709	0.01051
8	0.00962	0.00722	0.00876	0.00829	0.01011	0.00681	0.00624	0.01355	0.06695	0.02485	0.53488	0.04932	0.17878	0.01356	0.00760	0.00209	0.00329	0.01179	0.02989	0.00639
9	0.01304	0.00699	0.00847	0.00858	0.01019	0.00667	0.00623	0.01574	0.03976	0.12445	0.02897	0.35605	0.02887	0.01360	0.00668	0.00214	0.00385	0.01190	0.30116	0.00668
10	0.01243	0.01170	0.01975	0.75282	0.04534	0.01463	0.01828	0.01682	0.01316	0.01682	0.01170	0.01755	0.00878	0.00658	0.00658	0.00219	0.00878	0.00585	0.00293	0.00731
11	0.01489	0.01850	0.16797	0.07062	0.09485	0.01515	0.27408	0.01963	0.01417	0.05870	0.01428	0.05001	0.01168	0.00985	0.05259	0.00275	0.09097	0.00704	0.00354	0.00870
12	0.00803	0.00634	0.00724	0.00772	0.00922	0.00555	0.00552	0.00967	0.01455	0.01836	0.12644	0.30918	0.41342	0.01772	0.00800	0.00237	0.00348	0.01538	0.00623	0.00555
13	0.00994	0.00724	0.00829	0.00813	0.00993	0.00694	0.00605	0.01398	0.08551	0.02285	0.29079	0.13057	0.22048	0.01376	0.00723	0.00211	0.00345	0.01185	0.13454	0.00635
14	0.06316	0.01385	0.02233	0.10585	0.49234	0.01413	0.01699	0.01985	0.01453	0.08068	0.01455	0.04414	0.01245	0.04791	0.00791	0.00226	0.00735	0.00644	0.00382	0.00946
15	0.01597	0.04394	0.03193	0.12061	0.07624	0.10200	0.03248	0.10867	0.06257	0.04675	0.05900	0.06581	0.07862	0.06708	0.03434	0.00269	0.03082	0.00780	0.00471	0.00797
16	0.01685	0.01393	0.03873	0.09492	0.07517	0.01450	0.11119	0.12258	0.05935	0.10109	0.05127	0.02474	0.07651	0.00906	0.00890	0.00221	0.10767	0.02451	0.03808	0.00873

[dist]
# distance from previous block
# <min> <max>
0	7

[block]
# block no. 4 follows, 33 sequences, length 40
# corresponding to MSA columns:
# 326-365
name=unknown_E
#
# <colnr> <probs for GDERKNQSTAVLIFYWHMCP>
#	G	D	E	R	K	N	Q	S	T	A	V	L	I	F	Y	W	H	M	C	P
0	0.01525	0.04324	0.13284	0.01845	0.12604	0.03125	0.01453	0.05587	0.06376	0.04237	0.03508	0.05983	0.03189	0.00900	0.01030	0.00216	0.20072	0.00658	0.00406	0.09678
1	0.01528	0.03562	0.15505	0.06955	0.03883	0.09444	0.06323	0.10035	0.01545	0.02053	0.01584	0.07383	0.03250	0.01454	0.10982	0.00336	0.12297	0.00692	0.00383	0.00808
2	0.01661	0.05141	0.04714	0.03437	0.04076	0.01158	0.03908	0.13184	0.01760	0.12784	0.07712	0.12643	0.03925	0.02631	0.00705	0.00204	0.00564	0.00834	0.11835	0.07124
3	0.01570	0.01609	0.08807	0.22016	0.18331	0.03803	0.05184	0.05454	0.06755	0.05811	0.01567	0.03804	0.02901	0.00781	0.00824	0.00219	0.08639	0.00650	0.00392	0.00884
4	0.11220	0.01722	0.06048	0.04199	0.18958	0.03510	0.13142	0.19340	0.03776	0.04734	0.01365	0.01578	0.01034	0.00650	0.00634	0.00197	0.00782	0.00578	0.00445	0.06089
5	0.00800	0.00580	0.00756	0.00897	0.00950	0.00536	0.00602	0.00919	0.01279	0.01688	0.03867	0.70923	0.09711	0.02031	0.00835	0.00264	0.00378	0.01834	0.00611	0.00536
6	0.00802	0.00573	0.00764	0.00917	0.00955	0.00535	0.00611	0.00917	0.01260	0.01681	0.03628	0.76434	0.04354	0.02062	0.00840	0.00267	0.00382	0.01872	0.00611	0.00535
7	0.78021	0.01266	0.00992	0.00879	0.01291	0.01454	0.00724	0.01992	0.01154	0.06078	0.00991	0.01122	0.00754	0.00620	0.00419	0.00204	0.00512	0.00370	0.00426	0.00731
8	0.00956	0.00643	0.00744	0.00744	0.00752	0.00652	0.00431	0.00974	0.00965	0.01295	0.02051	0.04179	0.02337	0.71466	0.08672	0.00670	0.00723	0.00938	0.00395	0.00413
9	0.01487	0.01419	0.02415	0.30253	0.47655	0.01527	0.01950	0.01896	0.01432	0.01978	0.01213	0.01676	0.00982	0.00613	0.00654	0.00204	0.00817	0.00586	0.00314	0.00928
10	0.20571	0.14582	0.26382	0.04975	0.05830	0.05694	0.09304	0.02042	0.01364	0.02166	0.01085	0.01319	0.00838	0.00606	0.00558	0.00196	0.00832	0.00472	0.00322	0.00862
11	0.14358	0.01910	0.01700	0.01386	0.01845	0.19116	0.01113	0.29024	0.02236	0.18684	0.01572	0.01556	0.01107	0.00742	0.00606	0.00193	0.00767	0.00532	0.00579	0.00973
12	0.01281	0.00719	0.00729	0.00709	0.00891	0.00748	0.00537	0.01792	0.10600	0.02494	0.02217	0.02455	0.01730	0.00784	0.00488	0.00163	0.00335	0.00631	0.70030	0.00670
13	0.00802	0.00573	0.00764	0.00917	0.00955	0.00535	0.00611	0.00917	0.01260	0.01681	0.03628	0.76434	0.04354	0.02062	0.00840	0.00267	0.00382	0.01872	0.00611	0.00535
14	0.01127	0.00843	0.01244	0.01204	0.01393	0.00823	0.07322	0.03551	0.04496	0.05000	0.06876	0.35626	0.05470	0.01769	0.03367	0.00288	0.00572	0.17779	0.00594	0.00657
15	0.02874	0.01171	0.01550	0.01196	0.01701	0.01052	0.00986	0.06754	0.04906	0.66599	0.02547	0.02215	0.01619	0.00817	0.00662	0.00204	0.00567	0.00662	0.00800	0.01117
16	0.01325	0.00909	0.00989	0.00829	0.01165	0.00829	0.00644	0.01807	0.09532	0.02377	0.01854	0.02058	0.01466	0.00680	0.00495	0.00141	0.00397	0.00547	0.42093	0.29862
17	0.02656	0.01638	0.01754	0.01378	0.01873	0.08335	0.01123	0.32607	0.05281	0.33408	0.02008	0.01862	0.01349	0.00795	0.00654	0.00199	0.00689	0.00613	0.00696	0.01083
18	0.01344	0.07300	0.69761	0.01837	0.02788	0.01586	0.02363	0.02079	0.01387	0.02057	0.01167	0.01372	0.00835	0.00622	0.00615	0.00205	0.00959	0.00479	0.00278	0.00966
19	0.02023	0.01228	0.01444	0.01176	0.01565	0.01251	0.00945	0.23611	0.08869	0.21951	0.22224	0.02986	0.05799	0.01001	0.00699	0.00205	0.00527	0.00829	0.00718	0.00947
20	0.02503	0.01844	0.01976	0.01515	0.02042	0.02042	0.01251	0.70562	0.03095	0.04149	0.01581	0.01581	0.01120	0.00790	0.00659	0.00198	0.00724	0.00593	0.00659	0.01120
21	0.00898	0.00692	0.00832	0.00870	0.01027	0.00644	0.00653	0.01187	0.04989	0.02036	0.21476	0.24105	0.26804	0.01671	0.00804	0.00240	0.00382	0.09452	0.00641	0.00596
22	0.01144	0.00572	0.00858	0.00858	0.00858	0.00572	0.00572	0.00858	0.00858	0.01144	0.01144	0.02001	0.01144	0.02287	0.02573	0.80846	0.00572	0.00572	0.00286	0.00286
23	0.01584	0.01359	0.01443	0.01301	0.01657	0.01561	0.01010	0.03329	0.66337	0.02745	0.07913	0.02641	0.02325	0.00927	0.00678	0.00222	0.00505	0.00778	0.00674	0.01010
24	0.01528	0.01515	0.02315	0.34121	0.38475	0.06974	0.01883	0.01922	0.01449	0.01911	0.01193	0.01650	0.00958	0.00624	0.00650	0.00204	0.00853	0.00574	0.00313	0.00890
25	0.00957	0.00638	0.00718	0.00718	0.00718	0.00638	0.00399	0.00957	0.00957	0.01276	0.02074	0.04308	0.02393	0.76864	0.03351	0.00638	0.00638	0.00957	0.00399	0.00399
26	0.01227	0.00614	0.00614	0.00614	0.00767	0.00614	0.00460	0.01534	0.01381	0.02454	0.02148	0.02454	0.01687	0.00767	0.00460	0.00153	0.00307	0.00614	0.80518	0.00614
27	0.01320	0.03405	0.73453	0.01876	0.02849	0.01529	0.02432	0.02085	0.01390	0.02085	0.01181	0.01390	0.00834	0.00625	0.00625	0.00208	0.00973	0.00486	0.00278	0.00973
28	0.00937	0.00705	0.00941	0.06409	0.01242	0.00675	0.00703	0.01237	0.01765	0.02456	0.58769	0.08553	0.10418	0.01355	0.00771	0.00212	0.00359	0.01195	0.00678	0.00620
29	0.01736	0.65381	0.11751	0.01240	0.01842	0.05425	0.01289	0.02012	0.01366	0.01615	0.00951	0.01101	0.00844	0.00575	0.00454	0.00150	0.00756	0.00371	0.00284	0.00857
30	0.00939	0.00685	0.00842	0.00888	0.01055	0.00624	0.00690	0.01157	0.01535	0.03977	0.16966	0.19353	0.29393	0.01696	0.00818	0.00247	0.00410	0.17497	0.00636	0.00592
31	0.00908	0.00829	0.03876	0.00816	0.01063	0.00669	0.00657	0.01211	0.04030	0.02127	0.28046	0.07497	0.39600	0.01451	0.00757	0.00213	0.00367	0.01235	0.00628	0.04022
32	0.03953	0.03982	0.06361	0.07576	0.14740	0.10174	0.03278	0.21764	0.01953	0.04304	0.01811	0.09248	0.04394	0.00867	0.00656	0.00203	0.00757	0.00720	0.02355	0.00905
33	0.05040	0.01160	0.01275	0.01128	0.01464	0.01253	0.00891	0.08107	0.31227	0.13335	0.04163	0.04820	0.02016	0.00924	0.00632	0.00208	0.00493	0.03793	0.17158	0.00913
34	0.01194	0.00791	0.00989	0.00950	0.01146	0.00764	0.00713	0.01638	0.10418	0.09650	0.34588	0.21118	0.08594	0.01434	0.00770	0.00226	0.00389	0.03235	0.00691	0.00701
35	0.01732	0.01935	0.11484	0.10782	0.41461	0.08196	0.01890	0.10507	0.01696	0.02290	0.01246	0.01566	0.00990	0.00633	0.00645	0.00198	0.00846	0.00560	0.00358	0.00985
36	0.01785	0.14337	0.15897	0.04012	0.11135	0.09855	0.03593	0.13582	0.01700	0.03996	0.01298	0.01639	0.01064	0.05562	0.00868	0.00221	0.05422	0.00544	0.02595	0.00894
37	0.00883	0.00654	0.00828	0.00876	0.00984	0.00618	0.00614	0.01089	0.02900	0.01896	0.18813	0.38448	0.11752	0.07745	0.06411	0.00331	0.00488	0.01450	0.00596	0.02625
38	0.03162	0.04343	0.01094	0.00974	0.01108	0.00856	0.02781	0.01145	0.01321	0.01783	0.10726	0.28893	0.16965	0.12220	0.01260	0.00298	0.07100	0.02859	0.00535	0.00577
39	0.04018	0.01529	0.05487	0.04629	0.13982	0.06561	0.11751	0.11653	0.04898	0.03946	0.03735	0.15260	0.01883	0.00961	0.00692	0.00214	0.00726	0.02259	0.04964	0.00852

[dist]
# distance from previous block
# <min> <max>
2	8

[block]
# block no. 5 follows, 33 sequences, length 32
# corresponding to MSA columns:
# 395-426
name=unknown_F
#
# <colnr> <probs for GDERKNQSTAVLIFYWHMCP>
#	G	D	E	R	K	N	Q	S	T	A	V	L	I	F	Y	W	H	M	C	P
0	0.03674	0.14027	0.10547	0.03428	0.05744	0.12097	0.05149	0.09443	0.06243	0.06061	0.05716	0.04645	0.01555	0.05480	0.00837	0.00223	0.03197	0.00640	0.00439	0.00856
1	0.01298	0.07579	0.05035	0.04761	0.11006	0.01152	0.04649	0.03808	0.06133	0.03856	0.04014	0.23542	0.06696	0.01266	0.02789	0.00237	0.00605	0.01017	0.07895	0.02661
2	0.03054	0.03477	0.07361	0.04128	0.03310	0.07835	0.01009	0.10856	0.03320	0.04899	0.12045	0.07556	0.11412	0.13341	0.01161	0.00279	0.02826	0.00883	0.00513	0.00735
3	0.01349	0.05023	0.32890	0.01750	0.08316	0.01384	0.04840	0.03622	0.09636	0.02139	0.03964	0.02529	0.05765	0.05058	0.02656	0.00257	0.00800	0.04831	0.02317	0.00875
4	0.00931	0.00653	0.00805	0.00846	0.00970	0.00589	0.00588	0.01085	0.01394	0.04515	0.14100	0.39554	0.17824	0.09167	0.01048	0.00278	0.00397	0.01491	0.00607	0.03157
5	0.01365	0.01170	0.01365	0.00975	0.01560	0.00878	0.00780	0.01658	0.01365	0.02145	0.01170	0.01365	0.00975	0.00488	0.00488	0.00098	0.00488	0.00390	0.00390	0.80888
6	0.03321	0.01492	0.14922	0.02970	0.05119	0.01150	0.02719	0.07558	0.09143	0.07858	0.13909	0.05110	0.14595	0.01179	0.02652	0.00239	0.00627	0.04057	0.00554	0.00828
7	0.01806	0.32312	0.20772	0.01420	0.02041	0.06563	0.01464	0.15180	0.05569	0.02286	0.01260	0.01379	0.00990	0.00655	0.00545	0.00176	0.00782	0.00468	0.03404	0.00927
8	0.00890	0.00664	0.00813	0.00863	0.00995	0.00617	0.00634	0.01127	0.03204	0.01992	0.20756	0.28747	0.21206	0.04535	0.00900	0.00256	0.00388	0.08593	0.02244	0.00577
9	0.14112	0.00980	0.01188	0.00995	0.01363	0.00910	0.00793	0.02239	0.01676	0.35752	0.17039	0.08441	0.07529	0.01037	0.00664	0.00208	0.00470	0.00858	0.00693	0.03053
10	0.01344	0.01286	0.02219	0.56008	0.19737	0.01495	0.05033	0.01777	0.01368	0.01807	0.01193	0.01728	0.00920	0.00637	0.00662	0.00214	0.00867	0.00594	0.00302	0.00808
11	0.00918	0.00622	0.00730	0.00768	0.00777	0.00612	0.00452	0.00947	0.01033	0.01378	0.02464	0.22403	0.02885	0.58098	0.02721	0.00545	0.00574	0.01187	0.00452	0.00433
12	0.01320	0.03405	0.73453	0.01876	0.02849	0.01529	0.02432	0.02085	0.01390	0.02085	0.01181	0.01390	0.00834	0.00625	0.00625	0.00208	0.00973	0.00486	0.00278	0.00973
13	0.01496	0.01511	0.05964	0.07175	0.06635	0.12327	0.03843	0.09517	0.01612	0.02116	0.05437	0.07937	0.06086	0.05114	0.09181	0.00322	0.03669	0.00773	0.08537	0.00747
14	0.01435	0.01598	0.07435	0.01772	0.01866	0.01969	0.03675	0.01638	0.01054	0.01638	0.00903	0.01447	0.00866	0.01094	0.02002	0.00280	0.67719	0.00576	0.00289	0.00744
15	0.00964	0.00685	0.00933	0.01074	0.01175	0.00672	0.00857	0.01180	0.01386	0.01819	0.03429	0.30910	0.03878	0.07533	0.01069	0.00316	0.00532	0.40431	0.00592	0.00566
16	0.08523	0.02021	0.05261	0.01494	0.03659	0.22358	0.01198	0.25510	0.02150	0.08995	0.04863	0.05904	0.01528	0.00858	0.00641	0.00198	0.00798	0.02602	0.00532	0.00906
17	0.01597	0.02021	0.11634	0.02693	0.12420	0.07101	0.43812	0.02101	0.01517	0.02042	0.01249	0.01646	0.00966	0.00614	0.00814	0.00217	0.05656	0.00678	0.00323	0.00899
18	0.01506	0.01192	0.01398	0.01007	0.01586	0.00927	0.00809	0.04344	0.01462	0.06606	0.01274	0.01427	0.01021	0.00519	0.00505	0.00108	0.00501	0.00414	0.00426	0.72968
19	0.01023	0.00696	0.00908	0.00882	0.01046	0.00628	0.00646	0.01269	0.01648	0.05976	0.43163	0.26632	0.05077	0.01487	0.00772	0.00219	0.00356	0.01324	0.00674	0.05573
20	0.01320	0.01248	0.02113	0.61147	0.18070	0.01483	0.01866	0.01749	0.01353	0.01775	0.01184	0.01730	0.00910	0.00644	0.00657	0.00215	0.00859	0.00585	0.00299	0.00793
21	0.01164	0.00825	0.01006	0.01006	0.01203	0.00803	0.00789	0.09598	0.01695	0.04916	0.12531	0.23808	0.18572	0.01627	0.00807	0.00248	0.00465	0.17638	0.00638	0.00661
22	0.01430	0.01425	0.02014	0.05759	0.01882	0.01986	0.01462	0.01590	0.01025	0.01590	0.00881	0.01458	0.00865	0.01125	0.02078	0.00284	0.71561	0.00577	0.00288	0.00721
23	0.02459	0.03138	0.01866	0.01696	0.02035	0.74221	0.01272	0.02629	0.01866	0.01611	0.01018	0.01187	0.00848	0.00678	0.00594	0.00170	0.01187	0.00424	0.00339	0.00763
24	0.00826	0.00647	0.00748	0.00768	0.00930	0.00569	0.00559	0.01021	0.01547	0.01996	0.24268	0.21854	0.38584	0.01668	0.00792	0.00228	0.00338	0.01444	0.00643	0.00569
25	0.01135	0.01073	0.03556	0.05859	0.01680	0.05016	0.07832	0.01400	0.01165	0.01594	0.01623	0.02467	0.01510	0.10731	0.46639	0.00780	0.04258	0.00703	0.00346	0.00634
26	0.01609	0.01565	0.02737	0.06578	0.65035	0.01568	0.07141	0.02015	0.01496	0.02130	0.01243	0.01645	0.01033	0.00587	0.00661	0.00198	0.00810	0.00601	0.00325	0.01020
27	0.01097	0.00918	0.01408	0.03237	0.05585	0.00946	0.08104	0.01392	0.03291	0.03659	0.10539	0.17182	0.15112	0.02158	0.17256	0.00418	0.05439	0.01089	0.00499	0.00671
28	0.01993	0.01240	0.01515	0.08064	0.07380	0.05718	0.01075	0.02541	0.13526	0.29480	0.11791	0.02815	0.08101	0.00929	0.00683	0.00208	0.00587	0.00779	0.00646	0.00930
29	0.01481	0.01555	0.02157	0.32249	0.05845	0.13335	0.14587	0.01903	0.03349	0.01836	0.01783	0.02577	0.05188	0.00833	0.00705	0.00221	0.00899	0.08363	0.00372	0.00762
30	0.01682	0.22070	0.17966	0.04479	0.10107	0.01722	0.03709	0.10232	0.01622	0.06556	0.01542	0.05050	0.03142	0.00726	0.00590	0.00184	0.00740	0.00585	0.01995	0.05302
31	0.01299	0.01169	0.01846	0.05651	0.18764	0.01223	0.08936	0.03924	0.06746	0.02108	0.10759	0.07231	0.07995	0.01587	0.11543	0.00344	0.04741	0.02879	0.00461	0.00794

[dist]
# distance from previous block
# <min> <max>
1	48

[block]
# block no. 6 follows, 33 sequences, length 33
# corresponding to MSA columns:
# 477-509
name=unknown_G
#
# <colnr> <probs for GDERKNQSTAVLIFYWHMCP>
#	G	D	E	R	K	N	Q	S	T	A	V	L	I	F	Y	W	H	M	C	P
0	0.01389	0.04324	0.26635	0.04400	0.11301	0.05392	0.05745	0.05124	0.01459	0.02000	0.03525	0.12125	0.01679	0.08935	0.00995	0.00259	0.02731	0.00779	0.00381	0.00823
1	0.06165	0.20442	0.18087	0.01790	0.10134	0.07001	0.05272	0.11691	0.03750	0.05208	0.03677	0.01537	0.01153	0.00668	0.00586	0.00187	0.00796	0.00523	0.00400	0.00933
2	0.05806	0.01090	0.08972	0.01171	0.03754	0.00889	0.03229	0.01350	0.05066	0.01840	0.03085	0.32937	0.11914	0.12562	0.01168	0.00300	0.02467	0.01257	0.00507	0.00638
3	0.01526	0.12303	0.09721	0.01399	0.01751	0.13422	0.04283	0.01912	0.06774	0.03994	0.03854	0.19474	0.02042	0.01098	0.00826	0.00216	0.08660	0.03057	0.00443	0.03245
4	0.01015	0.00923	0.05992	0.00941	0.01206	0.00690	0.00756	0.01234	0.01400	0.04416	0.07556	0.35161	0.19321	0.01511	0.00739	0.00218	0.00433	0.01323	0.00563	0.14604
5	0.03788	0.08539	0.39134	0.01799	0.04852	0.13393	0.04667	0.03719	0.03579	0.02029	0.01196	0.01420	0.00918	0.00781	0.02880	0.00223	0.03525	0.00495	0.00321	0.02741
6	0.01440	0.01440	0.02016	0.01728	0.01728	0.02016	0.01440	0.01584	0.01008	0.01584	0.00864	0.01440	0.00864	0.01152	0.02160	0.00288	0.75659	0.00576	0.00288	0.00720
7	0.01544	0.01317	0.02010	0.14262	0.22294	0.01397	0.07432	0.04276	0.17107	0.05775	0.06563	0.06014	0.01805	0.00817	0.00678	0.00211	0.00682	0.00750	0.04158	0.00910
8	0.00951	0.00662	0.00841	0.00841	0.00883	0.00705	0.00552	0.01036	0.00994	0.01367	0.01962	0.03687	0.02124	0.50922	0.28924	0.00790	0.01044	0.00866	0.00382	0.00467
9	0.09855	0.01216	0.01485	0.01160	0.01638	0.01164	0.00955	0.13965	0.01977	0.50552	0.02247	0.02042	0.01468	0.00789	0.00624	0.00199	0.00564	0.00620	0.06433	0.01047
10	0.01349	0.06654	0.65149	0.01831	0.02716	0.01613	0.02302	0.02044	0.01360	0.02025	0.01147	0.01378	0.00837	0.00660	0.00726	0.00211	0.06284	0.00487	0.00279	0.00949
11	0.78288	0.01296	0.01009	0.00892	0.01305	0.01500	0.00735	0.04737	0.01201	0.03002	0.00944	0.01090	0.00730	0.00618	0.00418	0.00203	0.00518	0.00366	0.00418	0.00730
12	0.01359	0.01136	0.01245	0.01087	0.01372	0.06177	0.00837	0.06881	0.03436	0.04178	0.09371	0.12686	0.07699	0.06091	0.06674	0.00288	0.05758	0.02884	0.00505	0.20336
13	0.01592	0.05197	0.14157	0.01357	0.01776	0.06825	0.03287	0.16797	0.07649	0.02387	0.03632	0.04247	0.01647	0.10589	0.09756	0.00357	0.00865	0.02517	0.04543	0.00822
14	0.01158	0.00805	0.01094	0.01279	0.08687	0.00772	0.00868	0.01360	0.01400	0.06879	0.05450	0.14190	0.13029	0.17286	0.01343	0.00336	0.00552	0.22328	0.00553	0.00630
15	0.01696	0.01537	0.01515	0.01365	0.01735	0.06811	0.01058	0.03436	0.66600	0.02672	0.02561	0.02366	0.01927	0.00878	0.00664	0.00219	0.00568	0.00721	0.00646	0.01022
16	0.00798	0.00587	0.00749	0.00879	0.00945	0.00538	0.00594	0.00921	0.01297	0.01695	0.04090	0.65803	0.14687	0.02003	0.00831	0.00261	0.00375	0.01798	0.00611	0.00538
17	0.02794	0.01361	0.04912	0.01268	0.01802	0.01196	0.01088	0.15837	0.02090	0.56948	0.02341	0.02077	0.01497	0.00802	0.00660	0.00203	0.00610	0.00641	0.00761	0.01113
18	0.01760	0.77260	0.03450	0.01126	0.01690	0.02605	0.01126	0.01971	0.01338	0.01549	0.00915	0.01056	0.00845	0.00563	0.00422	0.00141	0.00704	0.00352	0.00282	0.00845
19	0.00876	0.00635	0.00754	0.00785	0.00925	0.00575	0.00566	0.01084	0.01524	0.02073	0.24856	0.26698	0.25097	0.01601	0.00765	0.00224	0.00339	0.01398	0.08651	0.00575
20	0.00827	0.00679	0.00735	0.00749	0.00956	0.00587	0.00580	0.01023	0.01535	0.01880	0.12217	0.06342	0.58010	0.01657	0.00794	0.00231	0.00365	0.09644	0.00621	0.00568
21	0.00801	0.00602	0.00743	0.00847	0.00939	0.00544	0.00582	0.00938	0.01349	0.01747	0.07342	0.54944	0.22378	0.01928	0.00821	0.00253	0.00366	0.01716	0.00616	0.00544
22	0.00938	0.00654	0.00829	0.00842	0.00883	0.00687	0.00551	0.01022	0.01016	0.01391	0.02112	0.10070	0.02330	0.47693	0.25442	0.00738	0.00970	0.00958	0.00403	0.00470
23	0.01301	0.01021	0.01244	0.00989	0.01392	0.00874	0.02624	0.04004	0.05362	0.05307	0.19507	0.03053	0.11268	0.03101	0.00708	0.00174	0.00459	0.00775	0.00541	0.36297
24	0.01249	0.00713	0.00744	0.00722	0.00894	0.00717	0.00539	0.06947	0.01502	0.02432	0.02563	0.09746	0.06964	0.03309	0.00624	0.00188	0.00360	0.00797	0.58355	0.00636
25	0.00947	0.00699	0.00874	0.00900	0.01020	0.00697	0.00668	0.01173	0.03440	0.01771	0.11807	0.10087	0.15704	0.20941	0.14181	0.00486	0.00711	0.12814	0.00528	0.00552
26	0.01402	0.01444	0.04596	0.16206	0.18283	0.04633	0.03948	0.01711	0.01255	0.01758	0.01195	0.01738	0.01044	0.01520	0.13719	0.00376	0.23472	0.00600	0.00312	0.00789
27	0.00827	0.00660	0.00745	0.00792	0.00953	0.00588	0.00575	0.01036	0.03313	0.01832	0.09516	0.28378	0.42749	0.01757	0.00799	0.00238	0.00361	0.03691	0.00620	0.00568
28	0.00829	0.00640	0.00716	0.00748	0.00881	0.00571	0.00517	0.00964	0.01373	0.01732	0.10356	0.22415	0.38160	0.15606	0.01267	0.00308	0.00399	0.01408	0.00581	0.00527
29	0.00991	0.00824	0.03423	0.04003	0.01078	0.02745	0.00634	0.01095	0.01154	0.01517	0.05986	0.17785	0.05239	0.45776	0.02289	0.00475	0.00600	0.03435	0.00459	0.00493
30	0.04361	0.01757	0.09759	0.06844	0.17147	0.05253	0.13940	0.07889	0.12007	0.02330	0.01683	0.02298	0.01405	0.00797	0.00729	0.00220	0.02746	0.07489	0.00430	0.00916
31	0.03791	0.01127	0.01463	0.12510	0.04020	0.01253	0.03044	0.09850	0.11837	0.02252	0.06005	0.08854	0.03864	0.10170	0.03368	0.00296	0.05509	0.03109	0.04165	0.03512
32	0.01180	0.00826	0.03369	0.00876	0.01055	0.00739	0.00663	0.04973	0.01481	0.06915	0.14937	0.16688	0.09890	0.17096	0.03744	0.00328	0.00504	0.01084	0.13030	0.00624

[dist]
# distance from previous block
# <min> <max>
1	5

[block]
# block no. 7 follows, 33 sequences, length 25
# corresponding to MSA columns:
# 515-539
name=unknown_H
#
# <colnr> <probs for GDERKNQSTAVLIFYWHMCP>
#	G	D	E	R	K	N	Q	S	T	A	V	L	I	F	Y	W	H	M	C	P
0	0.01385	0.07559	0.01721	0.04307	0.04933	0.07272	0.07825	0.03888	0.07070	0.03666	0.04819	0.16293	0.06529	0.04780	0.08865	0.00326	0.02674	0.02684	0.00472	0.02931
1	0.00998	0.00737	0.00882	0.00931	0.01049	0.00727	0.00667	0.04823	0.05137	0.01841	0.03609	0.34234	0.14122	0.16805	0.01323	0.00333	0.00481	0.10148	0.00574	0.00578
2	0.01398	0.01430	0.08965	0.12969	0.13660	0.01274	0.13414	0.06953	0.01535	0.04356	0.02000	0.19114	0.01959	0.03362	0.00812	0.00241	0.00755	0.04549	0.00441	0.00812
3	0.01793	0.14833	0.11044	0.04065	0.08035	0.13182	0.08654	0.06924	0.05675	0.05970	0.05593	0.01703	0.01339	0.00682	0.00609	0.00181	0.00809	0.00561	0.00413	0.07934
4	0.01356	0.05297	0.01636	0.04309	0.12188	0.09083	0.01144	0.03214	0.03466	0.01840	0.05679	0.18214	0.03697	0.01799	0.13112	0.00365	0.11535	0.00908	0.00430	0.00728
5	0.00911	0.00629	0.00785	0.00844	0.00934	0.00581	0.00574	0.01049	0.01358	0.03975	0.14611	0.41623	0.13466	0.14052	0.01226	0.00310	0.00411	0.01513	0.00601	0.00547
6	0.01423	0.01275	0.01392	0.01013	0.01585	0.04771	0.00806	0.01709	0.01392	0.02117	0.01162	0.01356	0.00968	0.00498	0.00493	0.00101	0.00525	0.00392	0.00387	0.76635
7	0.00915	0.00737	0.00869	0.03855	0.01143	0.04550	0.00685	0.01041	0.01282	0.01660	0.03325	0.66370	0.03945	0.05135	0.00927	0.00276	0.00456	0.01704	0.00575	0.00549
8	0.01396	0.01163	0.01261	0.01157	0.01458	0.01284	0.00889	0.05221	0.44588	0.02585	0.13367	0.09595	0.10965	0.01146	0.00712	0.00224	0.00464	0.00975	0.00666	0.00883
9	0.01517	0.01220	0.01366	0.01303	0.03782	0.05743	0.00994	0.15360	0.07759	0.04229	0.06328	0.11945	0.07262	0.04697	0.05077	0.00297	0.06245	0.11224	0.02879	0.00771
10	0.06164	0.01710	0.04806	0.07400	0.26920	0.06816	0.06330	0.12436	0.11909	0.06712	0.01545	0.01726	0.01175	0.00687	0.00647	0.00203	0.00773	0.00600	0.00456	0.00986
11	0.01144	0.00572	0.00858	0.00858	0.00858	0.00572	0.00572	0.00858	0.00858	0.01144	0.01144	0.02001	0.01144	0.02287	0.02573	0.80846	0.00572	0.00572	0.00286	0.00286
12	0.00936	0.00674	0.00931	0.00971	0.01052	0.00727	0.00714	0.01104	0.01114	0.01539	0.02309	0.14884	0.02471	0.21413	0.38098	0.00755	0.01157	0.08183	0.00431	0.00536
13	0.01642	0.14329	0.16990	0.04630	0.13948	0.04049	0.04047	0.10907	0.01644	0.04267	0.03661	0.06354	0.01446	0.00829	0.00734	0.00206	0.05484	0.03527	0.00405	0.00899
14	0.01568	0.01937	0.11206	0.30124	0.10381	0.19072	0.01643	0.02016	0.04502	0.01847	0.03914	0.06145	0.01329	0.00770	0.00653	0.00206	0.00890	0.00638	0.00356	0.00801
15	0.00950	0.00708	0.00909	0.00973	0.01138	0.00666	0.00798	0.01215	0.01589	0.02079	0.21399	0.09025	0.21238	0.01673	0.00842	0.00258	0.00458	0.32850	0.00637	0.00595
16	0.01447	0.17721	0.07092	0.01555	0.10793	0.03747	0.03358	0.04205	0.03666	0.05791	0.05194	0.19589	0.08559	0.01128	0.00673	0.00209	0.00623	0.03376	0.00480	0.00794
17	0.01847	0.01879	0.15415	0.04507	0.10267	0.08280	0.05618	0.09312	0.09837	0.13910	0.01886	0.08888	0.01525	0.00842	0.00666	0.00208	0.00756	0.00718	0.02695	0.00943
18	0.01603	0.16503	0.04731	0.01458	0.01843	0.08253	0.12045	0.11422	0.01632	0.02103	0.04417	0.06293	0.03806	0.08702	0.03399	0.00272	0.04835	0.02555	0.03351	0.00778
19	0.06311	0.32075	0.16642	0.04979	0.04836	0.05897	0.05131	0.04106	0.03213	0.01935	0.01383	0.01702	0.03581	0.00704	0.00596	0.00186	0.02618	0.02910	0.00341	0.00854
20	0.09755	0.08147	0.14985	0.01520	0.08733	0.05677	0.01264	0.01859	0.03013	0.07131	0.03844	0.13530	0.05018	0.02935	0.00778	0.00217	0.04637	0.00775	0.00438	0.05744
21	0.08226	0.01265	0.01210	0.01246	0.07300	0.11967	0.00856	0.03708	0.04550	0.02116	0.10563	0.07592	0.20647	0.03493	0.03366	0.00241	0.00606	0.00902	0.03635	0.06510
22	0.01234	0.04392	0.16035	0.05525	0.07807	0.01137	0.08494	0.01682	0.03979	0.02061	0.04561	0.14081	0.08767	0.00993	0.00661	0.00205	0.00639	0.00881	0.13487	0.03377
23	0.03924	0.13731	0.11682	0.05648	0.12665	0.07430	0.03580	0.03525	0.01460	0.05174	0.01897	0.22639	0.01912	0.01032	0.00658	0.00209	0.00712	0.00888	0.00426	0.00809
24	0.07308	0.01267	0.06598	0.08862	0.06355	0.01202	0.03377	0.10412	0.01601	0.08245	0.02367	0.09687	0.09058	0.03480	0.00826	0.00229	0.04655	0.03444	0.10241	0.00786

[dist]
# distance from previous block
# <min> <max>
7	20

[block]
# block no. 8 follows, 33 sequences, length 8
# corresponding to MSA columns:
# 560-567
name=unknown_I
#
# <colnr> <probs for GDERKNQSTAVLIFYWHMCP>
#	G	D	E	R	K	N	Q	S	T	A	V	L	I	F	Y	W	H	M	C	P
0	0.09563	0.07109	0.12013	0.03591	0.06395	0.12845	0.01255	0.07711	0.05185	0.02232	0.03852	0.07044	0.05763	0.00869	0.00618	0.00194	0.00720	0.03508	0.00437	0.09098
1	0.01308	0.04355	0.05234	0.01301	0.07572	0.01011	0.03234	0.01734	0.08583	0.07489	0.09091	0.08166	0.13681	0.09507	0.04085	0.00289	0.00592	0.02844	0.06087	0.03837
2	0.06561	0.17609	0.04429	0.01402	0.07193	0.06212	0.02811	0.08145	0.10268	0.02244	0.08377	0.07994	0.05653	0.04791	0.00753	0.00217	0.00631	0.00749	0.03149	0.00812
3	0.08424	0.04154	0.10063	0.01658	0.06484	0.17051	0.08862	0.06418	0.01653	0.08459	0.05699	0.07385	0.03486	0.00977	0.03307	0.00229	0.00836	0.00690	0.00449	0.03717
4	0.00880	0.00648	0.00839	0.00879	0.01002	0.00644	0.00645	0.01077	0.01325	0.01809	0.11475	0.25827	0.18214	0.02715	0.23663	0.00490	0.00789	0.01253	0.05255	0.00570
5	0.04680	0.06057	0.06062	0.01327	0.05467	0.03865	0.01056	0.14746	0.07689	0.07141	0.14505	0.09234	0.09848	0.01099	0.00691	0.00212	0.00577	0.04327	0.00582	0.00835
6	0.00890	0.00957	0.09461	0.00936	0.01149	0.00681	0.00783	0.01114	0.01401	0.01859	0.13920	0.32461	0.22082	0.08017	0.01001	0.00271	0.00451	0.01402	0.00570	0.00594
7	0.01409	0.10447	0.06624	0.01056	0.01665	0.01130	0.00936	0.01725	0.01364	0.02070	0.01140	0.01330	0.00950	0.00506	0.00489	0.00110	0.00547	0.00392	0.00369	0.65739

[dist]
# distance from previous block
# <min> <max>
0	1

[block]
# block no. 9 follows, 33 sequences, length 20
# corresponding to MSA columns:
# 569,572-590
name=unknown_J
#
# <colnr> <probs for GDERKNQSTAVLIFYWHMCP>
#	G	D	E	R	K	N	Q	S	T	A	V	L	I	F	Y	W	H	M	C	P
0	0.01654	0.12911	0.03943	0.04262	0.17316	0.13811	0.03765	0.04393	0.01632	0.04626	0.13695	0.02338	0.06018	0.00926	0.02233	0.00211	0.04320	0.00683	0.00433	0.00829
1	0.11133	0.00837	0.00901	0.00816	0.01070	0.00800	0.00620	0.01456	0.05123	0.02363	0.26832	0.03834	0.16497	0.05437	0.00801	0.00216	0.00390	0.00925	0.09612	0.10336
2	0.01563	0.08081	0.22948	0.01995	0.16096	0.01442	0.05571	0.02151	0.07352	0.07600	0.06029	0.01812	0.01414	0.00672	0.00619	0.00186	0.00738	0.00579	0.00410	0.12742
3	0.01778	0.07549	0.06136	0.02100	0.19788	0.15568	0.01431	0.06225	0.04686	0.05612	0.01360	0.01666	0.01124	0.01326	0.11427	0.00321	0.08414	0.00555	0.00384	0.02550
4	0.01395	0.01596	0.12464	0.01722	0.04476	0.02857	0.18726	0.03317	0.08533	0.03456	0.06998	0.02612	0.01819	0.19521	0.01475	0.00324	0.06745	0.00771	0.00418	0.00774
5	0.02503	0.01844	0.01976	0.01515	0.02042	0.02042	0.01251	0.70562	0.03095	0.04149	0.01581	0.01581	0.01120	0.00790	0.00659	0.00198	0.00724	0.00593	0.00659	0.01120
6	0.00816	0.00579	0.00760	0.00899	0.00933	0.00544	0.00592	0.00920	0.01233	0.01644	0.03487	0.69868	0.04176	0.08872	0.01069	0.00301	0.00405	0.01788	0.00592	0.00522
7	0.00943	0.00697	0.01015	0.01015	0.01118	0.00800	0.00770	0.01148	0.01045	0.01497	0.01802	0.02802	0.01740	0.13959	0.65362	0.01005	0.01622	0.00737	0.00358	0.00564
8	0.01685	0.01576	0.02423	0.03429	0.56681	0.03550	0.01802	0.07061	0.07450	0.02351	0.04509	0.01827	0.01351	0.00663	0.00658	0.00198	0.00747	0.00622	0.00396	0.01022
9	0.09573	0.01533	0.01754	0.10614	0.02173	0.01673	0.01195	0.41103	0.02413	0.16057	0.01671	0.01706	0.01164	0.00761	0.00629	0.00200	0.00680	0.00583	0.03499	0.01016
10	0.01663	0.55751	0.14918	0.01455	0.02098	0.02312	0.10024	0.02007	0.01373	0.01706	0.01011	0.01201	0.00862	0.00572	0.00500	0.00162	0.00799	0.00427	0.00287	0.00871
11	0.01338	0.01171	0.01592	0.01247	0.01704	0.01043	0.09130	0.03421	0.09878	0.02147	0.01744	0.11078	0.01591	0.01154	0.07308	0.00239	0.00675	0.00698	0.00448	0.42393
12	0.01717	0.01635	0.02373	0.15291	0.45830	0.06832	0.01811	0.09251	0.04746	0.02270	0.01310	0.01650	0.01052	0.00640	0.00650	0.00199	0.00810	0.00582	0.00371	0.00979
13	0.11439	0.01314	0.02080	0.42324	0.26749	0.01498	0.01752	0.01826	0.01352	0.01997	0.01161	0.01627	0.00912	0.00629	0.00625	0.00210	0.00800	0.00557	0.00318	0.00832
14	0.01101	0.00957	0.01596	0.01579	0.07991	0.01052	0.09676	0.01369	0.01181	0.01680	0.01819	0.11242	0.01778	0.03357	0.43999	0.00721	0.07022	0.00835	0.00374	0.00670
15	0.01716	0.01821	0.02484	0.13595	0.37939	0.15819	0.09332	0.02084	0.01544	0.01972	0.01192	0.01564	0.00973	0.00607	0.00647	0.00192	0.00898	0.00566	0.00328	0.04728
16	0.01607	0.01166	0.01528	0.01153	0.01664	0.00962	0.05821	0.05119	0.01528	0.13039	0.01717	0.10618	0.01492	0.00747	0.00586	0.00148	0.00542	0.00648	0.00490	0.49424
17	0.05207	0.01654	0.13259	0.22661	0.30811	0.01444	0.04858	0.01845	0.01397	0.02009	0.01401	0.07918	0.01227	0.00736	0.00659	0.00212	0.00805	0.00676	0.00338	0.00882
18	0.11453	0.03423	0.01700	0.08407	0.13146	0.17993	0.01205	0.12155	0.01767	0.04575	0.02302	0.02401	0.15075	0.00868	0.00631	0.00197	0.00744	0.00678	0.00456	0.00824
19	0.01470	0.07235	0.05373	0.43798	0.12309	0.03245	0.01737	0.06736	0.01456	0.01916	0.01158	0.01616	0.00909	0.00695	0.00773	0.00214	0.07660	0.00559	0.00322	0.00817

[dist]
# distance from previous block
# <min> <max>
5	8

[block]
# block no. 10 follows, 33 sequences, length 9
# corresponding to MSA columns:
# 601-609
name=unknown_K
#
# <colnr> <probs for GDERKNQSTAVLIFYWHMCP>
#	G	D	E	R	K	N	Q	S	T	A	V	L	I	F	Y	W	H	M	C	P
0	0.01780	0.13474	0.18341	0.05114	0.13217	0.08283	0.01556	0.07077	0.01621	0.10512	0.01570	0.05556	0.01317	0.00778	0.00624	0.00195	0.00785	0.03996	0.00421	0.03783
1	0.05703	0.50228	0.25260	0.01348	0.02032	0.02210	0.01515	0.02005	0.01343	0.01789	0.00999	0.01161	0.00835	0.00585	0.00485	0.00165	0.00778	0.00394	0.00287	0.00878
2	0.00881	0.00695	0.00799	0.00792	0.00974	0.00632	0.00586	0.01180	0.05137	0.02133	0.30312	0.14586	0.35787	0.01560	0.00780	0.00222	0.00341	0.01345	0.00656	0.00602
3	0.01535	0.33187	0.29593	0.01437	0.02078	0.06730	0.01576	0.02011	0.04249	0.01820	0.01377	0.09066	0.01252	0.00764	0.00564	0.00185	0.00798	0.00582	0.00334	0.00864
4	0.06873	0.04496	0.07805	0.06537	0.09477	0.07870	0.02784	0.02131	0.04604	0.16451	0.05359	0.06691	0.01722	0.01305	0.08519	0.00300	0.03310	0.02431	0.00485	0.00851
5	0.02239	0.01355	0.01537	0.01220	0.01666	0.01388	0.00994	0.32744	0.05424	0.23846	0.02864	0.02701	0.14168	0.00959	0.00674	0.00203	0.00581	0.00764	0.03676	0.00996
6	0.00824	0.00593	0.00775	0.00903	0.00959	0.00553	0.00615	0.00954	0.01300	0.01728	0.07184	0.63557	0.07780	0.05145	0.00942	0.00279	0.00395	0.04370	0.00608	0.00537
7	0.03660	0.01969	0.12090	0.06432	0.17746	0.11852	0.06607	0.12522	0.01738	0.06013	0.01412	0.04185	0.01137	0.00747	0.00745	0.00205	0.05843	0.00608	0.03574	0.00916
8	0.01444	0.01228	0.01649	0.04046	0.24820	0.05985	0.01232	0.03470	0.01540	0.07287	0.06830	0.17221	0.12582	0.01169	0.00794	0.00221	0.04394	0.02792	0.00497	0.00800

[dist]
# distance from previous block
# <min> <max>
7	14

[block]
# block no. 11 follows, 33 sequences, length 7
# corresponding to MSA columns:
# 624-630
name=unknown_L
#
# <colnr> <probs for GDERKNQSTAVLIFYWHMCP>
#	G	D	E	R	K	N	Q	S	T	A	V	L	I	F	Y	W	H	M	C	P
0	0.01639	0.04605	0.24188	0.03877	0.06520	0.01448	0.01523	0.16846	0.05147	0.07325	0.04117	0.05068	0.05799	0.02624	0.04064	0.00257	0.00782	0.02774	0.00482	0.00918
1	0.01515	0.04616	0.01558	0.01295	0.05217	0.09942	0.00964	0.05110	0.01485	0.02066	0.06155	0.05770	0.01526	0.00847	0.00824	0.04519	0.07717	0.00582	0.02817	0.35474
2	0.06542	0.01417	0.01216	0.01128	0.01335	0.16235	0.00810	0.06401	0.14239	0.01950	0.01946	0.07584	0.01902	0.28599	0.05582	0.00407	0.00772	0.00793	0.00465	0.00678
3	0.31846	0.13331	0.04791	0.01143	0.01525	0.06029	0.04368	0.01812	0.01233	0.04087	0.01253	0.01668	0.01086	0.05543	0.17351	0.00409	0.00925	0.00505	0.00372	0.00724
4	0.08993	0.16544	0.08201	0.05642	0.01670	0.01342	0.03446	0.01671	0.01328	0.06996	0.08953	0.02382	0.05006	0.06854	0.07702	0.07229	0.02465	0.00657	0.02209	0.00710
5	0.05052	0.17927	0.27447	0.05361	0.07561	0.05684	0.08246	0.02108	0.01423	0.06791	0.01201	0.01429	0.00921	0.00653	0.00689	0.00198	0.05566	0.00507	0.00334	0.00904
6	0.01366	0.01484	0.12770	0.01851	0.15807	0.01191	0.05695	0.07130	0.06363	0.04120	0.07712	0.13148	0.10007	0.05177	0.00861	0.00243	0.00651	0.03102	0.00495	0.00826

[dist]
# distance from previous block
# <min> <max>
0	1

[block]
# block no. 12 follows, 33 sequences, length 8
# corresponding to MSA columns:
# 632-639
name=unknown_M
#
# <colnr> <probs for GDERKNQSTAVLIFYWHMCP>
#	G	D	E	R	K	N	Q	S	T	A	V	L	I	F	Y	W	H	M	C	P
0	0.05826	0.04152	0.12827	0.04938	0.02173	0.10355	0.12436	0.06918	0.06372	0.04357	0.03896	0.07794	0.03451	0.03294	0.00858	0.00227	0.06306	0.00730	0.02268	0.00823
