[name]
unknown

[dist]
# distance from previous block
# <min> <max>
0	172

[block]
# block no. 0 follows, 33 sequences, length 27
# corresponding to MSA columns:
# 172-198
name=unknown_A
#
# <colnr> <probs for GDERKNQSTAVLIFYWHMCP>
#	G	D	E	R	K	N	Q	S	T	A	V	L	I	F	Y	W	H	M	C	P
0	0.06369	0.01441	0.01933	0.03850	0.11120	0.07075	0.11020	0.10667	0.01725	0.04576	0.06733	0.03026	0.01956	0.00952	0.00757	0.00218	0.03498	0.14957	0.00481	0.07647
1	0.01141	0.00958	0.01122	0.01162	0.05822	0.03731	0.00785	0.03551	0.04828	0.02012	0.09433	0.32092	0.09554	0.04183	0.00817	0.00225	0.00477	0.01203	0.00546	0.16358
2	0.07346	0.01630	0.04579	0.14034	0.43435	0.06197	0.03661	0.01977	0.01442	0.02079	0.01175	0.01559	0.00965	0.00623	0.00685	0.00199	0.03653	0.00554	0.00327	0.03879
3	0.00857	0.00601	0.00754	0.00847	0.00880	0.00578	0.00543	0.00939	0.01161	0.01545	0.03151	0.48085	0.05739	0.27064	0.03795	0.00412	0.00506	0.01518	0.00533	0.00492
4	0.02240	0.04875	0.04242	0.01869	0.08922	0.46740	0.01368	0.12536	0.01921	0.02050	0.01140	0.01343	0.00931	0.00826	0.02836	0.00208	0.04246	0.00479	0.00380	0.00845
5	0.00837	0.00593	0.00777	0.00906	0.00968	0.00555	0.00625	0.00981	0.01324	0.01785	0.07997	0.63413	0.06884	0.01947	0.00825	0.00260	0.00384	0.05069	0.03323	0.00547
6	0.00778	0.00667	0.00667	0.00667	0.00889	0.00556	0.00500	0.00945	0.01501	0.01778	0.06669	0.06336	0.72490	0.01667	0.00778	0.00222	0.00333	0.01389	0.00611	0.00556
7	0.02043	0.00960	0.01266	0.01038	0.01392	0.00869	0.00830	0.05691	0.01935	0.38795	0.33200	0.03383	0.03616	0.01047	0.00712	0.00205	0.00459	0.00891	0.00767	0.00901
8	0.02954	0.01120	0.01528	0.01171	0.01681	0.00968	0.00968	0.03208	0.01884	0.73213	0.02597	0.02241	0.01630	0.00815	0.00662	0.00204	0.00560	0.00662	0.00815	0.01120
9	0.02179	0.00949	0.01279	0.01040	0.01413	0.00835	0.00835	0.02455	0.01876	0.46162	0.29357	0.03267	0.03386	0.01018	0.00706	0.00205	0.00465	0.00865	0.00780	0.00929
10	0.01467	0.00845	0.00869	0.00783	0.01006	0.00882	0.00609	0.14500	0.01703	0.02773	0.02041	0.02290	0.01581	0.00771	0.00497	0.00162	0.00385	0.00610	0.65518	0.00709
11	0.01479	0.05187	0.61481	0.01891	0.05408	0.01579	0.02251	0.07005	0.01530	0.04416	0.01248	0.01430	0.00887	0.00640	0.00624	0.00205	0.00928	0.00500	0.00324	0.00987
12	0.05312	0.02948	0.01855	0.01754	0.05009	0.66165	0.01276	0.02605	0.04012	0.01720	0.01075	0.01242	0.00888	0.00679	0.00592	0.00174	0.01124	0.00438	0.00352	0.00782
13	0.09613	0.00987	0.01097	0.03634	0.01408	0.05594	0.00945	0.03824	0.01447	0.01996	0.02716	0.09853	0.02918	0.12533	0.01172	0.00324	0.00637	0.38158	0.00529	0.00615
14	0.81514	0.01273	0.00968	0.00866	0.01273	0.01477	0.00713	0.01935	0.01120	0.02954	0.00917	0.01069	0.00713	0.00611	0.00407	0.00204	0.00509	0.00356	0.00407	0.00713
15	0.00778	0.00667	0.00667	0.00667	0.00889	0.00556	0.00500	0.00945	0.01501	0.01778	0.06669	0.06336	0.72490	0.01667	0.00778	0.00222	0.00333	0.01389	0.00611	0.00556
16	0.81514	0.01273	0.00968	0.00866	0.01273	0.01477	0.00713	0.01935	0.01120	0.02954	0.00917	0.01069	0.00713	0.00611	0.00407	0.00204	0.00509	0.00356	0.00407	0.00713
17	0.01152	0.00824	0.01113	0.01221	0.08407	0.00798	0.00821	0.03104	0.01541	0.07202	0.20558	0.10311	0.18558	0.04888	0.13621	0.00382	0.00674	0.03578	0.00573	0.00676
18	0.01967	0.06089	0.05426	0.05121	0.28723	0.33306	0.05964	0.02280	0.01643	0.01864	0.01127	0.01411	0.00931	0.00628	0.00622	0.00185	0.00987	0.00512	0.00327	0.00888
19	0.71670	0.01505	0.01079	0.00969	0.01368	0.10535	0.00783	0.02022	0.01213	0.02787	0.00929	0.01084	0.00730	0.00619	0.00431	0.00199	0.00594	0.00365	0.00399	0.00719
20	0.07252	0.37387	0.07021	0.06186	0.06450	0.12431	0.01293	0.03937	0.06274	0.04523	0.01183	0.01330	0.00966	0.00632	0.00520	0.00171	0.00775	0.00445	0.00357	0.00868
21	0.00801	0.00579	0.00758	0.00901	0.00951	0.00536	0.00604	0.00918	0.01276	0.01687	0.03820	0.72020	0.08645	0.02038	0.00836	0.00265	0.00379	0.01841	0.00611	0.00536
22	0.01365	0.01170	0.01365	0.00975	0.01560	0.00878	0.00780	0.01658	0.01365	0.02145	0.01170	0.01365	0.00975	0.00488	0.00488	0.00098	0.00488	0.00390	0.00390	0.80888
23	0.01144	0.00572	0.00858	0.00858	0.00858	0.00572	0.00572	0.00858	0.00858	0.01144	0.01144	0.02001	0.01144	0.02287	0.02573	0.80846	0.00572	0.00572	0.00286	0.00286
24	0.01385	0.01320	0.02071	0.43008	0.24709	0.04325	0.01756	0.01772	0.01391	0.01822	0.01368	0.02158	0.01173	0.03899	0.00782	0.00233	0.00834	0.04860	0.00329	0.00805
25	0.00800	0.00579	0.00757	0.00900	0.00950	0.00536	0.00603	0.00919	0.01277	0.01687	0.03837	0.71627	0.09027	0.02035	0.00836	0.00264	0.00379	0.01838	0.00611	0.00536
26	0.01578	0.01539	0.02492	0.19256	0.55412	0.04305	0.01951	0.01971	0.01474	0.02030	0.01215	0.01640	0.01000	0.00605	0.00651	0.00200	0.00818	0.00580	0.00319	0.00965

[dist]
# distance from previous block
# <min> <max>
0	15

[block]
# block no. 1 follows, 33 sequences, length 14
# corresponding to MSA columns:
# 214-227
name=unknown_B
#
# <colnr> <probs for GDERKNQSTAVLIFYWHMCP>
#	G	D	E	R	K	N	Q	S	T	A	V	L	I	F	Y	W	H	M	C	P
0	0.02144	0.01901	0.02251	0.02273	0.20408	0.10960	0.06568	0.34750	0.06954	0.03069	0.01476	0.01616	0.01116	0.00713	0.00658	0.00197	0.00813	0.00594	0.00509	0.01032
1	0.01320	0.03405	0.73453	0.01876	0.02849	0.01529	0.02432	0.02085	0.01390	0.02085	0.01181	0.01390	0.00834	0.00625	0.00625	0.00208	0.00973	0.00486	0.00278	0.00973
2	0.00959	0.00685	0.00944	0.01096	0.01203	0.00670	0.00884	0.01188	0.01415	0.01856	0.03542	0.34511	0.04011	0.01914	0.00882	0.00289	0.00518	0.42243	0.00608	0.00578
3	0.02121	0.05699	0.10437	0.04817	0.22757	0.03835	0.06713	0.04780	0.01682	0.28020	0.01718	0.01793	0.01209	0.00683	0.00648	0.00199	0.00759	0.00599	0.00507	0.01023
4	0.01022	0.00805	0.01131	0.01087	0.01159	0.00968	0.00824	0.01191	0.01028	0.01481	0.01693	0.02793	0.01691	0.20429	0.47162	0.00844	0.13033	0.00742	0.00353	0.00566
5	0.00957	0.00638	0.00718	0.00718	0.00718	0.00638	0.00399	0.00957	0.00957	0.01276	0.02074	0.04308	0.02393	0.76864	0.03351	0.00638	0.00638	0.00957	0.00399	0.00399
6	0.02072	0.01621	0.01764	0.05384	0.04418	0.04356	0.01203	0.29936	0.31414	0.07621	0.02050	0.01984	0.01498	0.00817	0.00661	0.00209	0.00656	0.00654	0.00631	0.01051
7	0.01559	0.01602	0.06998	0.31306	0.18561	0.04267	0.03830	0.08507	0.09458	0.02171	0.01381	0.01731	0.01063	0.00698	0.00722	0.00213	0.04065	0.00597	0.00379	0.00893
8	0.01206	0.00940	0.01155	0.01210	0.01426	0.00998	0.01009	0.01954	0.22169	0.02180	0.03420	0.08532	0.06891	0.01547	0.00829	0.00274	0.00558	0.42346	0.00625	0.00729
9	0.01637	0.01414	0.01489	0.01340	0.01712	0.01637	0.01042	0.03498	0.71568	0.02754	0.02679	0.02456	0.02010	0.00893	0.00670	0.00223	0.00521	0.00744	0.00670	0.01042
10	0.01848	0.01575	0.02090	0.05905	0.28837	0.01710	0.01506	0.20853	0.23335	0.02849	0.01767	0.01875	0.01351	0.00738	0.00659	0.00206	0.00691	0.00636	0.00519	0.01048
11	0.03438	0.08884	0.05987	0.17540	0.26028	0.03396	0.09279	0.03922	0.05219	0.04886	0.01421	0.04575	0.01169	0.00689	0.00645	0.00203	0.00804	0.00632	0.00373	0.00910
12	0.01401	0.01164	0.01329	0.07370	0.01708	0.01290	0.00964	0.06910	0.36946	0.02633	0.20449	0.03330	0.09626	0.01055	0.00705	0.00217	0.00493	0.00895	0.00646	0.00869
13	0.01642	0.01615	0.05928	0.08618	0.32797	0.04657	0.04347	0.11833	0.07850	0.02367	0.01684	0.10570	0.01498	0.00829	0.00678	0.00209	0.00752	0.00749	0.00433	0.00946

[dist]
# distance from previous block
# <min> <max>
0	1

[block]
# block no. 2 follows, 33 sequences, length 36
# corresponding to MSA columns:
# 229-264
name=unknown_C
#
# <colnr> <probs for GDERKNQSTAVLIFYWHMCP>
#	G	D	E	R	K	N	Q	S	T	A	V	L	I	F	Y	W	H	M	C	P
0	0.01652	0.01619	0.09194	0.01394	0.05642	0.05268	0.01148	0.09031	0.06853	0.06521	0.01552	0.01675	0.03152	0.00661	0.00637	0.00156	0.03794	0.00513	0.00447	0.39091
1	0.04483	0.06499	0.07210	0.01805	0.09923	0.18650	0.01383	0.24932	0.09282	0.04554	0.01437	0.01537	0.01095	0.00736	0.00676	0.00195	0.03614	0.00541	0.00482	0.00967
2	0.01629	0.01564	0.02672	0.04041	0.72757	0.01564	0.02020	0.02020	0.01499	0.02151	0.01238	0.01629	0.01043	0.00587	0.00652	0.00196	0.00782	0.00587	0.00326	0.01043
3	0.01442	0.01404	0.02476	0.16728	0.37834	0.01450	0.12599	0.01838	0.01471	0.02038	0.05577	0.04704	0.03763	0.00744	0.00735	0.00211	0.03008	0.00723	0.00362	0.00892
4	0.02459	0.03138	0.01866	0.01696	0.02035	0.74221	0.01272	0.02629	0.01866	0.01611	0.01018	0.01187	0.00848	0.00678	0.00594	0.00170	0.01187	0.00424	0.00339	0.00763
5	0.01869	0.00883	0.01186	0.01002	0.01321	0.00787	0.00799	0.02153	0.01858	0.35124	0.37339	0.03790	0.03999	0.01121	0.00729	0.00210	0.00438	0.03781	0.00761	0.00851
6	0.01036	0.00697	0.00907	0.00841	0.01018	0.00638	0.00636	0.01339	0.01851	0.06464	0.66111	0.04825	0.08465	0.01329	0.00770	0.00207	0.00325	0.01169	0.00725	0.00646
7	0.00789	0.00643	0.00699	0.00736	0.00909	0.00552	0.00532	0.00947	0.01450	0.01780	0.07944	0.24321	0.52891	0.01759	0.00794	0.00233	0.00345	0.01507	0.00615	0.00552
8	0.01061	0.00758	0.01061	0.01212	0.01364	0.00758	0.01061	0.01364	0.01515	0.01970	0.03486	0.07426	0.03789	0.01819	0.00909	0.00303	0.00606	0.68326	0.00606	0.00606
9	0.81514	0.01273	0.00968	0.00866	0.01273	0.01477	0.00713	0.01935	0.01120	0.02954	0.00917	0.01069	0.00713	0.00611	0.00407	0.00204	0.00509	0.00356	0.00407	0.00713
10	0.01243	0.01170	0.01975	0.75282	0.04534	0.01463	0.01828	0.01682	0.01316	0.01682	0.01170	0.01755	0.00878	0.00658	0.00658	0.00219	0.00878	0.00585	0.00293	0.00731
11	0.01447	0.01366	0.02307	0.26265	0.45655	0.01455	0.01850	0.01837	0.01440	0.01993	0.03348	0.05465	0.01301	0.00704	0.00667	0.00207	0.00779	0.00667	0.00341	0.00907
12	0.01637	0.01414	0.01489	0.01340	0.01712	0.01637	0.01042	0.03498	0.71568	0.02754	0.02679	0.02456	0.02010	0.00893	0.00670	0.00223	0.00521	0.00744	0.00670	0.01042
13	0.01084	0.00608	0.00899	0.00899	0.00927	0.00636	0.00623	0.00940	0.00912	0.01244	0.01345	0.02270	0.01334	0.07007	0.20048	0.57058	0.00865	0.00625	0.00308	0.00365
14	0.01403	0.33564	0.20446	0.01241	0.01744	0.01719	0.03165	0.01702	0.01244	0.01620	0.01340	0.02130	0.01308	0.23305	0.01356	0.00308	0.00764	0.00578	0.00317	0.00746
15	0.21406	0.01341	0.01347	0.01101	0.01499	0.01469	0.00896	0.31992	0.02097	0.07186	0.01624	0.01723	0.01198	0.00742	0.00545	0.00188	0.00553	0.00545	0.21661	0.00887
16	0.00822	0.00667	0.00731	0.00731	0.00928	0.00575	0.00550	0.01022	0.01569	0.01968	0.20816	0.09397	0.52556	0.01621	0.00785	0.00224	0.00339	0.03493	0.00636	0.00571
17	0.01365	0.01170	0.01365	0.00975	0.01560	0.00878	0.00780	0.01658	0.01365	0.02145	0.01170	0.01365	0.00975	0.00488	0.00488	0.00098	0.00488	0.00390	0.00390	0.80888
18	0.01480	0.08555	0.19935	0.01788	0.12864	0.03830	0.01490	0.06432	0.01492	0.02103	0.01541	0.08233	0.03318	0.00793	0.00717	0.00186	0.06114	0.00631	0.00378	0.18121
19	0.01888	0.05844	0.02507	0.03156	0.48308	0.05197	0.01749	0.18716	0.01896	0.02578	0.01293	0.01565	0.01041	0.00639	0.00638	0.00192	0.00783	0.00568	0.00405	0.01037
20	0.01264	0.01115	0.01481	0.01842	0.20714	0.06866	0.01083	0.01461	0.01212	0.01633	0.01597	0.02556	0.01554	0.18808	0.29484	0.04459	0.01149	0.00698	0.00351	0.00671
21	0.01346	0.01275	0.02160	0.56371	0.22644	0.01490	0.01879	0.01772	0.01365	0.01806	0.01188	0.01722	0.00921	0.00639	0.00656	0.00213	0.00852	0.00585	0.00301	0.00814
22	0.01365	0.01170	0.01365	0.00975	0.01560	0.00878	0.00780	0.01658	0.01365	0.02145	0.01170	0.01365	0.00975	0.00488	0.00488	0.00098	0.00488	0.00390	0.00390	0.80888
23	0.00812	0.00580	0.00775	0.00928	0.00970	0.00543	0.00628	0.00933	0.01270	0.01691	0.03623	0.73864	0.04333	0.02053	0.00843	0.00269	0.00390	0.04346	0.00611	0.00537
24	0.01704	0.01385	0.04144	0.10473	0.07766	0.03259	0.05101	0.05621	0.01517	0.13221	0.01451	0.01768	0.01141	0.04826	0.00875	0.00200	0.06817	0.00555	0.00438	0.27739
25	0.15273	0.21957	0.13539	0.01553	0.03977	0.26668	0.04518	0.02216	0.01504	0.01932	0.01021	0.01205	0.00835	0.00621	0.00533	0.00177	0.00900	0.00425	0.00325	0.00823
26	0.01243	0.01170	0.01975	0.75282	0.04534	0.01463	0.01828	0.01682	0.01316	0.01682	0.01170	0.01755	0.00878	0.00658	0.00658	0.00219	0.00878	0.00585	0.00293	0.00731
27	0.00825	0.00642	0.00749	0.00784	0.00929	0.00577	0.00561	0.00996	0.01445	0.01854	0.15904	0.25521	0.36145	0.05336	0.04412	0.00291	0.00425	0.01441	0.00607	0.00555
28	0.02461	0.03090	0.01870	0.01689	0.02035	0.71546	0.01271	0.05146	0.01911	0.01705	0.01038	0.01202	0.00858	0.00683	0.00596	0.00171	0.01170	0.00430	0.00351	0.00776
29	0.00981	0.00695	0.00821	0.00812	0.00979	0.00632	0.00608	0.01176	0.01514	0.04952	0.22352	0.05568	0.30230	0.15323	0.01261	0.00304	0.00429	0.10177	0.00610	0.00575
30	0.00904	0.00672	0.00842	0.00799	0.00967	0.00609	0.00600	0.01189	0.01799	0.02486	0.60643	0.05171	0.18074	0.01403	0.00777	0.00210	0.00315	0.01226	0.00704	0.00609
31	0.00823	0.00588	0.00788	0.00941	0.00988	0.00553	0.00648	0.00953	0.01281	0.01704	0.03617	0.70783	0.04308	0.02043	0.00846	0.00270	0.00400	0.07314	0.00611	0.00541
32	0.02128	0.01658	0.01765	0.01439	0.01899	0.01867	0.01161	0.41522	0.32746	0.03545	0.02056	0.01960	0.01505	0.00835	0.00663	0.00209	0.00636	0.00658	0.00663	0.01086
33	0.01740	0.01546	0.01878	0.24743	0.07093	0.06004	0.01434	0.17401	0.21447	0.02544	0.01659	0.01851	0.01256	0.00782	0.00755	0.00216	0.05622	0.00621	0.00483	0.00924
34	0.01895	0.04737	0.02496	0.02041	0.07358	0.14915	0.21343	0.08967	0.16378	0.05558	0.01584	0.01753	0.01211	0.00726	0.00778	0.00209	0.06031	0.00640	0.00452	0.00928
35	0.05080	0.05831	0.03613	0.01296	0.04988	0.05858	0.02876	0.06654	0.03540	0.04081	0.13903	0.16100	0.04342	0.01220	0.03050	0.00229	0.02779	0.02653	0.00515	0.11393

[dist]
# distance from previous block
# <min> <max>
1	6

[block]
# block no. 3 follows, 33 sequences, length 19
# corresponding to MSA columns:
# 271-289
name=unknown_D
#
# <colnr> <probs for GDERKNQSTAVLIFYWHMCP>
#	G	D	E	R	K	N	Q	S	T	A	V	L	I	F	Y	W	H	M	C	P
0	0.06371	0.00972	0.01000	0.01001	0.01147	0.07646	0.00722	0.05306	0.01482	0.02032	0.15903	0.32248	0.03497	0.08719	0.08572	0.00354	0.00638	0.01229	0.00551	0.00612
1	0.17792	0.04895	0.01345	0.01090	0.04122	0.01084	0.00830	0.01611	0.01254	0.02139	0.01359	0.05766	0.01235	0.01453	0.14476	0.00317	0.00750	0.00532	0.00391	0.37558
2	0.01653	0.16931	0.24567	0.02051	0.17435	0.07111	0.01705	0.08607	0.01596	0.02146	0.01267	0.04434	0.01063	0.00674	0.00592	0.00184	0.00815	0.00538	0.00351	0.06280
3	0.18105	0.32595	0.21392	0.01309	0.01936	0.04893	0.01390	0.03850	0.01406	0.06237	0.01106	0.01236	0.00868	0.00615	0.00501	0.00178	0.00748	0.00416	0.00350	0.00872
4	0.01693	0.00922	0.01161	0.00992	0.01289	0.00877	0.00780	0.06053	0.06744	0.23698	0.38106	0.03596	0.03966	0.01086	0.00708	0.00203	0.00423	0.00930	0.05945	0.00827
5	0.00884	0.00672	0.00853	0.00942	0.03407	0.00628	0.00642	0.01065	0.01425	0.01887	0.18535	0.27471	0.21541	0.08938	0.05333	0.00323	0.00481	0.03814	0.00590	0.00569
6	0.01328	0.00864	0.01085	0.00985	0.01213	0.00833	0.00758	0.08011	0.01796	0.11034	0.33463	0.17055	0.08749	0.01356	0.00796	0.00219	0.02568	0.03436	0.00672	0.03780
7	0.01224	0.00700	0.00858	0.00794	0.00946	0.00689	0.02899	0.01456	0.01346	0.06225	0.09768	0.03153	0.02326	0.19872	0.05370	0.00335	0.00513	0.00775	0.40153	0.00599
8	0.04522	0.04526	0.02174	0.04080	0.30068	0.07947	0.01483	0.20537	0.03612	0.02650	0.01313	0.01527	0.01039	0.00646	0.00611	0.00181	0.00747	0.00536	0.00434	0.11369
9	0.09161	0.06335	0.01949	0.01477	0.01955	0.17851	0.01203	0.45970	0.02559	0.03344	0.01363	0.01421	0.01010	0.00738	0.00610	0.00189	0.00806	0.00522	0.00546	0.00991
10	0.00834	0.00603	0.00780	0.00908	0.00972	0.00565	0.00629	0.00964	0.01287	0.01690	0.03796	0.58630	0.10531	0.06939	0.01007	0.00291	0.00415	0.08028	0.00597	0.00534
11	0.01666	0.20167	0.29172	0.01592	0.02295	0.08204	0.06377	0.08987	0.01601	0.02136	0.01154	0.01336	0.00897	0.00609	0.00571	0.00174	0.00849	0.00468	0.00341	0.11405
12	0.05971	0.09628	0.36258	0.01577	0.02265	0.06028	0.01734	0.07403	0.05793	0.10635	0.01468	0.01663	0.01092	0.00721	0.00660	0.00204	0.03302	0.02237	0.00413	0.00949
13	0.02543	0.01039	0.01379	0.01101	0.01536	0.00920	0.00893	0.02847	0.04186	0.57773	0.05308	0.06676	0.04238	0.00932	0.00668	0.00206	0.00518	0.00773	0.05446	0.01019
14	0.00861	0.00656	0.00805	0.00894	0.01032	0.00600	0.00680	0.01048	0.01433	0.01822	0.07229	0.31142	0.29402	0.01831	0.00832	0.00257	0.00416	0.17882	0.00614	0.00563
15	0.01846	0.11118	0.11421	0.02373	0.21305	0.03766	0.12697	0.12368	0.04273	0.07941	0.01398	0.01606	0.01067	0.00664	0.00691	0.00199	0.03283	0.00584	0.00415	0.00984
16	0.01366	0.01313	0.04096	0.04790	0.28480	0.01276	0.10471	0.04457	0.01467	0.02024	0.04326	0.05258	0.07100	0.08354	0.07090	0.00325	0.02790	0.03793	0.00403	0.00819
17	0.00793	0.00608	0.00727	0.00822	0.00930	0.00543	0.00569	0.00927	0.01351	0.01718	0.04777	0.49966	0.30082	0.01913	0.00817	0.00250	0.00364	0.01689	0.00611	0.00543
18	0.01665	0.11963	0.21259	0.05434	0.04972	0.07888	0.16843	0.11992	0.01717	0.02241	0.01631	0.01834	0.06216	0.00708	0.00649	0.00199	0.00892	0.00618	0.00378	0.00901

[dist]
# distance from previous block
# <min> <max>
2	39

[block]
# block no. 4 follows, 33 sequences, length 7
# corresponding to MSA columns:
# 331-337
name=unknown_E
#
# <colnr> <probs for GDERKNQSTAVLIFYWHMCP>
#	G	D	E	R	K	N	Q	S	T	A	V	L	I	F	Y	W	H	M	C	P
0	0.01886	0.23355	0.14629	0.02013	0.14567	0.17436	0.05036	0.09895	0.01697	0.02080	0.01135	0.01337	0.00917	0.00628	0.00578	0.00178	0.00889	0.00480	0.00346	0.00917
1	0.01519	0.11280	0.06071	0.01869	0.10514	0.06689	0.15420	0.07168	0.05191	0.02112	0.04621	0.10963	0.09626	0.00954	0.00729	0.00209	0.02948	0.00848	0.00441	0.00830
2	0.00852	0.00677	0.00809	0.00797	0.00979	0.00634	0.00604	0.01068	0.01480	0.01919	0.20771	0.05123	0.40407	0.02364	0.18098	0.00416	0.00665	0.01182	0.00577	0.00578
3	0.01370	0.11703	0.65588	0.01792	0.02719	0.01650	0.02286	0.02072	0.01384	0.02025	0.01152	0.01352	0.00835	0.00618	0.00603	0.00201	0.00943	0.00471	0.00278	0.00959
4	0.02153	0.02245	0.02029	0.05997	0.10065	0.33454	0.05438	0.12714	0.12108	0.05240	0.01461	0.01590	0.01122	0.00713	0.00638	0.00192	0.00928	0.00554	0.00450	0.00908
5	0.01219	0.00818	0.00966	0.00883	0.01119	0.00775	0.00671	0.01665	0.10649	0.10707	0.32885	0.04662	0.23975	0.05007	0.00875	0.00234	0.00390	0.01116	0.00680	0.00705
6	0.01144	0.00572	0.00858	0.00858	0.00858	0.00572	0.00572	0.00858	0.00858	0.01144	0.01144	0.02001	0.01144	0.02287	0.02573	0.80846	0.00572	0.00572	0.00286	0.00286

[dist]
# distance from previous block
# <min> <max>
0	9

[block]
# block no. 5 follows, 33 sequences, length 31
# corresponding to MSA columns:
# 347-354,356-378
name=unknown_F
#
# <colnr> <probs for GDERKNQSTAVLIFYWHMCP>
#	G	D	E	R	K	N	Q	S	T	A	V	L	I	F	Y	W	H	M	C	P
0	0.01960	0.02179	0.33479	0.01507	0.02181	0.01320	0.01623	0.09831	0.04069	0.25937	0.01945	0.07846	0.01455	0.00832	0.00660	0.00211	0.00746	0.00678	0.00538	0.01004
1	0.02621	0.01244	0.01561	0.01221	0.01696	0.01191	0.01000	0.16528	0.06034	0.49571	0.08215	0.02344	0.01931	0.00859	0.00671	0.00204	0.00570	0.00697	0.00768	0.01074
2	0.01008	0.00723	0.00997	0.01136	0.01272	0.00712	0.00958	0.01278	0.01489	0.01947	0.06342	0.17996	0.05844	0.01833	0.00890	0.00292	0.00552	0.53523	0.00612	0.00594
3	0.01894	0.10117	0.21504	0.04461	0.10254	0.08208	0.05514	0.02305	0.01571	0.19886	0.01771	0.04752	0.03360	0.00753	0.00636	0.00199	0.00800	0.00624	0.00452	0.00941
4	0.02113	0.01669	0.01820	0.01480	0.01863	0.05247	0.01211	0.47288	0.02466	0.03300	0.01625	0.04430	0.01339	0.01264	0.07000	0.00287	0.10603	0.03464	0.00566	0.00965
5	0.08218	0.08552	0.09558	0.01673	0.12816	0.01361	0.04771	0.05237	0.01472	0.03896	0.01199	0.01407	0.00960	0.00561	0.00542	0.00151	0.00652	0.00460	0.00380	0.36134
6	0.01404	0.01570	0.07054	0.17007	0.02278	0.14592	0.03766	0.03219	0.01384	0.01728	0.01679	0.11746	0.01641	0.05510	0.12430	0.00377	0.08080	0.03459	0.00378	0.00699
7	0.01149	0.00621	0.00644	0.00644	0.00753	0.00621	0.00442	0.01367	0.01258	0.02113	0.02126	0.02992	0.01892	0.22849	0.01299	0.00294	0.00403	0.00713	0.57269	0.00551
8	0.12629	0.01350	0.01689	0.01476	0.01586	0.03889	0.01214	0.04312	0.01141	0.01868	0.01068	0.01595	0.00995	0.01736	0.14911	0.00409	0.46523	0.00565	0.00333	0.00712
9	0.01297	0.01234	0.02112	0.64902	0.12341	0.01480	0.03923	0.01734	0.01345	0.01749	0.01183	0.01741	0.00900	0.00647	0.00661	0.00217	0.00874	0.00591	0.00298	0.00772
10	0.00804	0.00621	0.00716	0.00787	0.00905	0.00553	0.00543	0.00933	0.01344	0.01691	0.04876	0.38680	0.35047	0.08116	0.01021	0.00278	0.00381	0.01577	0.00594	0.00533
11	0.00940	0.00705	0.01058	0.01058	0.01176	0.00823	0.00823	0.01176	0.01058	0.01528	0.01763	0.02586	0.01646	0.04937	0.74255	0.01058	0.01763	0.00705	0.00353	0.00588
12	0.00807	0.00591	0.00761	0.00893	0.00959	0.00545	0.00611	0.00935	0.01300	0.01703	0.04027	0.64921	0.13370	0.02002	0.00834	0.00263	0.00383	0.03944	0.00611	0.00540
13	0.01637	0.01414	0.01489	0.01340	0.01712	0.01637	0.01042	0.03498	0.71568	0.02754	0.02679	0.02456	0.02010	0.00893	0.00670	0.00223	0.00521	0.00744	0.00670	0.01042
14	0.01445	0.04445	0.22551	0.22910	0.20797	0.04577	0.04676	0.01915	0.01389	0.01902	0.01171	0.01572	0.00918	0.00700	0.00762	0.03104	0.03442	0.00550	0.00300	0.00873
15	0.00806	0.00668	0.00706	0.00696	0.00907	0.00568	0.00522	0.00999	0.01567	0.01936	0.18728	0.06076	0.60332	0.01608	0.00778	0.00220	0.00329	0.01353	0.00632	0.00568
16	0.01412	0.01363	0.02247	0.04093	0.32714	0.04193	0.13038	0.01747	0.01443	0.01962	0.01877	0.13927	0.01878	0.04048	0.02310	0.00258	0.02525	0.07729	0.00402	0.00835
17	0.01857	0.01586	0.05818	0.06397	0.47415	0.01490	0.05478	0.05718	0.01634	0.13944	0.01479	0.01730	0.01124	0.00638	0.00660	0.00200	0.00773	0.00605	0.00420	0.01034
18	0.01534	0.04348	0.17857	0.01714	0.05534	0.01534	0.09400	0.10559	0.16610	0.02427	0.03940	0.05228	0.01630	0.01029	0.03835	0.00252	0.04997	0.03005	0.03658	0.00909
19	0.00955	0.00648	0.00767	0.00767	0.00784	0.00665	0.00460	0.00989	0.00972	0.01313	0.02029	0.04059	0.02285	0.66470	0.13597	0.00699	0.00801	0.00921	0.00392	0.00426
20	0.01527	0.26401	0.41228	0.01775	0.04832	0.04489	0.07153	0.02068	0.01407	0.01904	0.01105	0.01315	0.00857	0.00601	0.00573	0.00186	0.00900	0.00468	0.00287	0.00921
21	0.01292	0.00677	0.00683	0.00660	0.00832	0.00687	0.00501	0.05067	0.01468	0.02541	0.02119	0.02410	0.01658	0.00768	0.00470	0.00156	0.00328	0.00613	0.76431	0.00639
22	0.01760	0.77260	0.03450	0.01126	0.01690	0.02605	0.01126	0.01971	0.01338	0.01549	0.00915	0.01056	0.00845	0.00563	0.00422	0.00141	0.00704	0.00352	0.00282	0.00845
23	0.01758	0.01267	0.01390	0.01229	0.01591	0.01403	0.00961	0.03177	0.52061	0.12926	0.06193	0.02551	0.02143	0.00894	0.00657	0.00214	0.00498	0.00744	0.07347	0.00996
24	0.00957	0.00641	0.00734	0.00734	0.00740	0.00647	0.00419	0.00968	0.00962	0.01288	0.02060	0.04227	0.02358	0.73461	0.06706	0.00658	0.00691	0.00945	0.00397	0.00408
25	0.00949	0.00638	0.00740	0.00761	0.00773	0.00635	0.00452	0.00975	0.01013	0.01349	0.02288	0.11006	0.02643	0.66233	0.02998	0.00587	0.00613	0.04496	0.00429	0.00422
26	0.01477	0.05237	0.01514	0.01043	0.01606	0.07077	0.00839	0.01755	0.01405	0.02070	0.01144	0.01334	0.00958	0.00507	0.00493	0.00106	0.00557	0.00391	0.00380	0.70106
27	0.01633	0.09866	0.21666	0.02119	0.18911	0.06619	0.03202	0.07162	0.03954	0.03825	0.01321	0.01575	0.01048	0.00986	0.06741	0.00258	0.00901	0.00530	0.00365	0.07318
28	0.00870	0.07034	0.00923	0.00751	0.00970	0.00726	0.00575	0.01038	0.01463	0.01778	0.08298	0.17030	0.53028	0.01626	0.00758	0.00222	0.00371	0.01372	0.00588	0.00579
29	0.01553	0.13859	0.01734	0.03022	0.01644	0.07943	0.00916	0.05750	0.06476	0.02052	0.01423	0.04778	0.01281	0.06997	0.00767	0.00181	0.00621	0.00538	0.00410	0.38054
30	0.05678	0.11597	0.11340	0.03436	0.08700	0.20703	0.01381	0.06762	0.07491	0.05812	0.01412	0.01693	0.01139	0.00707	0.00593	0.00184	0.00827	0.03166	0.00412	0.06967

[dist]
# distance from previous block
# <min> <max>
5	11

[block]
# block no. 6 follows, 33 sequences, length 25
# corresponding to MSA columns:
# 391-415
name=unknown_G
#
# <colnr> <probs for GDERKNQSTAVLIFYWHMCP>
#	G	D	E	R	K	N	Q	S	T	A	V	L	I	F	Y	W	H	M	C	P
0	0.01886	0.09272	0.03732	0.03668	0.13106	0.14004	0.02732	0.14524	0.05270	0.06040	0.01594	0.07365	0.01376	0.00794	0.00624	0.00185	0.00753	0.02100	0.00460	0.10514
1	0.06463	0.58666	0.14161	0.01247	0.01858	0.04841	0.01310	0.02010	0.01351	0.01718	0.00960	0.01113	0.00835	0.00580	0.00459	0.00156	0.00751	0.00376	0.00291	0.00854
2	0.01611	0.12938	0.13011	0.01414	0.06731	0.01413	0.01231	0.09413	0.01581	0.04541	0.01229	0.01393	0.00975	0.00571	0.00535	0.00142	0.00644	0.00444	0.00395	0.39789
3	0.01696	0.30643	0.25813	0.05932	0.05018	0.05060	0.01616	0.05695	0.03514	0.05654	0.01235	0.01396	0.00959	0.00634	0.00552	0.00180	0.00805	0.00468	0.02218	0.00913
4	0.00976	0.00748	0.00906	0.00870	0.01054	0.00717	0.00657	0.01415	0.09153	0.02428	0.47607	0.08714	0.17446	0.01407	0.00773	0.00218	0.00350	0.03224	0.00689	0.00649
5	0.01381	0.01185	0.01373	0.00997	0.01569	0.00923	0.00796	0.01768	0.05573	0.02182	0.01261	0.01431	0.01037	0.00512	0.00498	0.00105	0.00490	0.00411	0.00407	0.76103
6	0.07941	0.10075	0.20011	0.05995	0.09325	0.03686	0.18167	0.03408	0.01445	0.02085	0.01346	0.05476	0.01146	0.00712	0.00674	0.00206	0.02532	0.02110	0.00345	0.03314
7	0.40794	0.11477	0.21580	0.05695	0.02055	0.01641	0.04467	0.01974	0.01254	0.02421	0.01024	0.01229	0.00786	0.00609	0.00501	0.00199	0.00712	0.00425	0.00345	0.00811
8	0.01018	0.01023	0.06680	0.07399	0.06459	0.00860	0.00954	0.01402	0.05356	0.02113	0.23227	0.08837	0.27522	0.01323	0.00749	0.00220	0.00475	0.03127	0.00573	0.00682
9	0.01554	0.01776	0.03885	0.02775	0.03441	0.01665	0.70366	0.02109	0.01554	0.02109	0.01332	0.01776	0.00999	0.00555	0.00777	0.00222	0.01110	0.00777	0.00333	0.00888
10	0.01315	0.02720	0.52932	0.01721	0.04816	0.01384	0.01992	0.04384	0.04030	0.02203	0.05831	0.05269	0.03888	0.00789	0.00647	0.00209	0.00827	0.00644	0.03487	0.00914
11	0.01320	0.03405	0.73453	0.01876	0.02849	0.01529	0.02432	0.02085	0.01390	0.02085	0.01181	0.01390	0.00834	0.00625	0.00625	0.00208	0.00973	0.00486	0.00278	0.00973
12	0.16389	0.09811	0.01923	0.01681	0.07526	0.48575	0.01218	0.02393	0.01653	0.01887	0.01007	0.01189	0.00839	0.00648	0.00549	0.00175	0.00988	0.00418	0.00345	0.00784
13	0.48236	0.20132	0.04103	0.04255	0.01568	0.04032	0.00926	0.01936	0.01231	0.02448	0.01013	0.01193	0.00819	0.00613	0.00439	0.00185	0.00599	0.00387	0.05134	0.00751
14	0.00820	0.00661	0.00732	0.00745	0.00931	0.00573	0.00555	0.01013	0.01543	0.01939	0.18785	0.14010	0.49762	0.01656	0.00789	0.00227	0.00344	0.03715	0.00633	0.00568
15	0.01722	0.01844	0.10504	0.04418	0.20741	0.05850	0.14304	0.14081	0.08107	0.02497	0.01549	0.03949	0.01232	0.00710	0.00666	0.00204	0.00817	0.00656	0.05193	0.00954
16	0.00948	0.00676	0.00911	0.00911	0.00977	0.00743	0.00639	0.01081	0.01014	0.01419	0.01898	0.03332	0.01970	0.36104	0.43531	0.00876	0.01276	0.00815	0.00373	0.00506
17	0.03704	0.01904	0.22258	0.01800	0.06280	0.05586	0.16365	0.01786	0.01476	0.02073	0.13066	0.02475	0.04394	0.04697	0.08945	0.00322	0.00933	0.00739	0.00398	0.00798
18	0.00944	0.00689	0.00977	0.00977	0.01067	0.00779	0.00722	0.01124	0.01034	0.01469	0.01837	0.02994	0.01823	0.21983	0.57452	0.00959	0.01497	0.00765	0.00364	0.00543
19	0.01480	0.01670	0.09521	0.15326	0.30164	0.04021	0.09838	0.01965	0.04546	0.02044	0.05048	0.04084	0.01383	0.00734	0.00766	0.00213	0.05271	0.00670	0.00359	0.00898
20	0.01042	0.00735	0.00901	0.00847	0.01043	0.00683	0.00639	0.01404	0.05940	0.06105	0.47891	0.08077	0.19420	0.01389	0.00767	0.00214	0.00344	0.01208	0.00698	0.00655
21	0.00919	0.00679	0.00986	0.01011	0.01108	0.00762	0.00759	0.01118	0.01085	0.01536	0.02094	0.14948	0.02146	0.09406	0.57209	0.00898	0.01457	0.00916	0.00399	0.00566
22	0.01402	0.02886	0.52518	0.02342	0.13832	0.01554	0.12036	0.02078	0.01430	0.02099	0.01212	0.01482	0.00890	0.00609	0.00651	0.00208	0.00963	0.00543	0.00293	0.00972
23	0.01663	0.01695	0.02426	0.17893	0.49773	0.11221	0.01883	0.02034	0.01512	0.01986	0.01195	0.01595	0.00984	0.00613	0.00645	0.00197	0.00855	0.00565	0.00321	0.00944
24	0.01314	0.02774	0.02966	0.09324	0.07808	0.03305	0.09330	0.04208	0.01516	0.03731	0.08697	0.17596	0.06157	0.01112	0.00753	0.00215	0.02875	0.04472	0.04008	0.07837

[dist]
# distance from previous block
# <min> <max>
0	8

# created by:
# /home/cegg/simao/soft/augustus-3.2.1/scripts/msa2prfl.pl ./align_prep/EOG090W0E59.fa
