[name]
unknown

[dist]
# distance from previous block
# <min> <max>
4	150

[block]
# block no. 0 follows, 28 sequences, length 10
# corresponding to MSA columns:
# 207-216
name=unknown_A
#
# <colnr> <probs for GDERKNQSTAVLIFYWHMCP>
#	G	D	E	R	K	N	Q	S	T	A	V	L	I	F	Y	W	H	M	C	P
0	0.01583	0.01352	0.01731	0.27946	0.05190	0.04443	0.01389	0.09114	0.11818	0.02602	0.13360	0.02818	0.04385	0.00953	0.00731	0.00228	0.00719	0.00808	0.07950	0.00879
1	0.00989	0.00690	0.00876	0.00940	0.00978	0.00696	0.00609	0.01081	0.01203	0.01626	0.02881	0.30644	0.03321	0.35309	0.14270	0.00629	0.00810	0.01392	0.00520	0.00533
2	0.04850	0.01568	0.08256	0.01402	0.01890	0.01387	0.01245	0.17877	0.06525	0.21820	0.02881	0.03593	0.07247	0.04290	0.00901	0.00266	0.00694	0.11586	0.00700	0.01022
3	0.01741	0.27375	0.33371	0.02185	0.13909	0.05532	0.02060	0.02277	0.01561	0.02089	0.01207	0.01444	0.00964	0.00663	0.00618	0.00200	0.00950	0.00502	0.00321	0.01028
4	0.01921	0.01502	0.02431	0.03405	0.48219	0.01462	0.01817	0.02299	0.01728	0.13778	0.02330	0.02750	0.08043	0.00877	0.00750	0.00226	0.00764	0.04112	0.00497	0.01089
5	0.01895	0.02183	0.03738	0.03047	0.12221	0.13554	0.47649	0.02412	0.01766	0.02242	0.01399	0.01830	0.01081	0.00640	0.00806	0.00232	0.01192	0.00765	0.00368	0.00980
6	0.01424	0.01355	0.02345	0.02109	0.08790	0.01337	0.23089	0.02086	0.12886	0.02322	0.05357	0.22851	0.05176	0.01289	0.00851	0.00260	0.00765	0.04272	0.00558	0.00877
7	0.01752	0.01832	0.02491	0.34030	0.23945	0.13453	0.04951	0.02163	0.01614	0.02017	0.01280	0.01777	0.01024	0.00724	0.00788	0.00228	0.04034	0.00626	0.00345	0.00925
8	0.01297	0.01212	0.01193	0.01210	0.01315	0.12718	0.00864	0.01441	0.01389	0.01731	0.02648	0.32138	0.02980	0.14366	0.14860	0.00511	0.05694	0.01293	0.00508	0.00633
9	0.01115	0.00947	0.01206	0.03681	0.03189	0.04478	0.04313	0.01338	0.01553	0.02006	0.05936	0.38812	0.14736	0.01840	0.00879	0.00273	0.00556	0.09165	0.03312	0.00665

[dist]
# distance from previous block
# <min> <max>
0	4

[block]
# block no. 1 follows, 28 sequences, length 95
# corresponding to MSA columns:
# 221-274,306-341,343-347
name=unknown_B
#
# <colnr> <probs for GDERKNQSTAVLIFYWHMCP>
#	G	D	E	R	K	N	Q	S	T	A	V	L	I	F	Y	W	H	M	C	P
0	0.01799	0.02060	0.05205	0.29185	0.08112	0.21859	0.04598	0.02297	0.06240	0.01992	0.01731	0.02097	0.04854	0.01000	0.03723	0.00264	0.01059	0.00665	0.00392	0.00868
1	0.01024	0.00767	0.00997	0.04430	0.01323	0.00751	0.00791	0.03959	0.01602	0.02124	0.12032	0.44159	0.12841	0.02105	0.03720	0.00312	0.00522	0.05229	0.00664	0.00649
2	0.01658	0.01656	0.02662	0.13251	0.36985	0.05439	0.09877	0.02057	0.01605	0.02171	0.01776	0.07729	0.04059	0.00871	0.00849	0.00235	0.04938	0.00810	0.00391	0.00979
3	0.05618	0.01711	0.02124	0.02105	0.15008	0.10652	0.07101	0.05045	0.07711	0.26223	0.03882	0.02407	0.05362	0.00869	0.00729	0.00223	0.00790	0.00741	0.00628	0.01073
4	0.13055	0.05922	0.11013	0.04773	0.04267	0.05372	0.04512	0.05400	0.01853	0.33781	0.01984	0.01940	0.01338	0.00788	0.00674	0.00221	0.00777	0.00623	0.00625	0.01082
5	0.01454	0.01412	0.02201	0.34222	0.14060	0.04936	0.06688	0.01832	0.01499	0.01963	0.01810	0.15805	0.01748	0.01046	0.00889	0.00251	0.06019	0.00928	0.00402	0.00834
6	0.02158	0.01722	0.02337	0.06393	0.19676	0.11207	0.10112	0.05101	0.01846	0.18625	0.02078	0.11755	0.01762	0.00953	0.00761	0.00230	0.00858	0.00864	0.00548	0.01014
7	0.01823	0.04915	0.08390	0.05646	0.08207	0.06761	0.19834	0.02596	0.14331	0.07322	0.03751	0.02189	0.01562	0.01034	0.04679	0.00280	0.00967	0.00739	0.03981	0.00992
8	0.01170	0.00772	0.00978	0.01011	0.01158	0.00734	0.00718	0.01456	0.05241	0.07735	0.15607	0.39149	0.10534	0.06310	0.03619	0.00326	0.00500	0.01599	0.00695	0.00687
9	0.01849	0.02712	0.29097	0.02208	0.02978	0.07258	0.20938	0.14740	0.01980	0.02679	0.01573	0.05709	0.01251	0.00796	0.00756	0.00232	0.01048	0.00732	0.00431	0.01033
10	0.04447	0.05862	0.28314	0.02161	0.09343	0.06949	0.08328	0.10216	0.09454	0.02617	0.01637	0.04545	0.01296	0.00797	0.00708	0.00227	0.00940	0.00669	0.00442	0.01049
11	0.01548	0.01866	0.13784	0.16407	0.22521	0.04597	0.05644	0.04567	0.01634	0.02215	0.01886	0.16359	0.01807	0.01011	0.00764	0.00240	0.00869	0.00920	0.00423	0.00938
12	0.05089	0.00737	0.00792	0.00786	0.00956	0.00759	0.00587	0.01548	0.01427	0.02408	0.02639	0.03167	0.07444	0.07273	0.12540	0.00384	0.00646	0.00780	0.49383	0.00655
13	0.01494	0.06656	0.38070	0.01688	0.02404	0.01565	0.01898	0.05474	0.10483	0.02508	0.09288	0.07142	0.02208	0.01006	0.00739	0.00238	0.00832	0.04836	0.00485	0.00986
14	0.01677	0.04949	0.07544	0.13980	0.25968	0.04546	0.04222	0.02164	0.04896	0.05418	0.02066	0.06027	0.05342	0.00939	0.00806	0.00236	0.03470	0.04339	0.00442	0.00968
15	0.01540	0.01055	0.01562	0.11415	0.12831	0.01067	0.01239	0.01859	0.02989	0.12578	0.02971	0.20729	0.05930	0.05679	0.03929	0.00326	0.00712	0.10174	0.00587	0.00828
16	0.00905	0.00667	0.00832	0.00954	0.01039	0.00614	0.00653	0.01042	0.01431	0.01857	0.04544	0.52524	0.17648	0.07660	0.01128	0.00318	0.00443	0.04498	0.00657	0.00587
17	0.04013	0.02311	0.26914	0.13314	0.07667	0.01609	0.12675	0.02440	0.06800	0.09350	0.01728	0.02162	0.01307	0.00784	0.00740	0.00239	0.00949	0.03541	0.00438	0.01018
18	0.01568	0.01566	0.07115	0.25857	0.13854	0.01451	0.07844	0.02087	0.04182	0.04720	0.01747	0.02105	0.04209	0.00734	0.00700	0.00209	0.00828	0.00668	0.02596	0.15962
19	0.01614	0.01682	0.04103	0.09026	0.17383	0.08897	0.04321	0.01902	0.01434	0.01942	0.02883	0.05615	0.01497	0.06846	0.05725	0.00347	0.22804	0.00754	0.00377	0.00848
20	0.01389	0.01259	0.01986	0.18264	0.20057	0.01360	0.04442	0.01859	0.06609	0.02120	0.02542	0.19499	0.05954	0.01244	0.00883	0.00257	0.04296	0.04631	0.00487	0.00861
21	0.01738	0.02006	0.13732	0.05280	0.18531	0.01723	0.18072	0.10475	0.03812	0.02573	0.01677	0.06982	0.01413	0.00846	0.00851	0.00237	0.04969	0.00789	0.03275	0.01018
22	0.01831	0.01473	0.01749	0.11571	0.10245	0.09808	0.02465	0.08901	0.01908	0.11606	0.08707	0.16085	0.08170	0.01209	0.00781	0.00236	0.00728	0.01041	0.00594	0.00891
23	0.05650	0.36698	0.21144	0.01399	0.02072	0.02069	0.01513	0.02243	0.01566	0.07744	0.05089	0.01717	0.01384	0.00729	0.00572	0.00190	0.00779	0.00528	0.05957	0.00957
24	0.01857	0.04150	0.02545	0.08808	0.17325	0.18411	0.13065	0.02323	0.05414	0.02201	0.07597	0.02423	0.01795	0.00872	0.00832	0.00229	0.04511	0.04281	0.00435	0.00924
25	0.00966	0.00730	0.00997	0.07738	0.01445	0.00715	0.00814	0.01177	0.01546	0.02063	0.15558	0.47623	0.09468	0.01949	0.00895	0.00276	0.00465	0.04278	0.00664	0.00633
26	0.04884	0.01299	0.04696	0.18388	0.13328	0.01267	0.04136	0.01895	0.05282	0.05590	0.08008	0.09013	0.14631	0.01159	0.00778	0.00243	0.00699	0.03323	0.00528	0.00853
27	0.05734	0.01288	0.01343	0.01190	0.01523	0.04396	0.00931	0.13301	0.12577	0.11390	0.02686	0.08384	0.04582	0.05338	0.00872	0.00253	0.00591	0.04554	0.18161	0.00907
28	0.01936	0.17121	0.39081	0.01869	0.05601	0.01874	0.02043	0.07410	0.01753	0.12503	0.01516	0.01630	0.01088	0.00720	0.00657	0.00213	0.00918	0.00551	0.00430	0.01086
29	0.00938	0.00780	0.00829	0.00838	0.01069	0.00693	0.00633	0.01238	0.05382	0.02078	0.10094	0.11818	0.54311	0.01815	0.00865	0.00253	0.00397	0.04636	0.00685	0.00648
30	0.01966	0.12977	0.06500	0.08502	0.27760	0.14177	0.05018	0.05212	0.06839	0.02268	0.01404	0.01691	0.01136	0.00704	0.00678	0.00209	0.00943	0.00595	0.00394	0.01028
31	0.02056	0.01551	0.06084	0.09065	0.07763	0.01417	0.15921	0.02676	0.09633	0.22707	0.02433	0.05755	0.03385	0.00953	0.00786	0.00244	0.00815	0.05122	0.00603	0.01032
32	0.01559	0.01175	0.01578	0.09591	0.13562	0.01291	0.01197	0.08416	0.04526	0.02573	0.02182	0.02538	0.05234	0.01241	0.06148	0.00284	0.05761	0.00724	0.29567	0.00852
33	0.03995	0.01710	0.02615	0.22556	0.26305	0.05876	0.09424	0.05464	0.03955	0.04854	0.01439	0.01852	0.01126	0.00739	0.00821	0.00232	0.04976	0.00662	0.00403	0.00995
34	0.01609	0.17210	0.45849	0.02162	0.09340	0.01933	0.04988	0.02330	0.04018	0.02223	0.01321	0.01550	0.01001	0.00681	0.00659	0.00216	0.00984	0.00543	0.00331	0.01053
35	0.01667	0.01759	0.02564	0.44546	0.11221	0.11948	0.11871	0.02122	0.01604	0.01972	0.01302	0.01835	0.01004	0.00704	0.00735	0.00232	0.01047	0.00652	0.00341	0.00875
36	0.01271	0.01104	0.01038	0.01003	0.01230	0.09920	0.00745	0.01496	0.01802	0.05557	0.23124	0.15625	0.30141	0.01619	0.00836	0.00240	0.00505	0.01374	0.00682	0.00691
37	0.01844	0.17658	0.09797	0.14209	0.10184	0.04796	0.12154	0.04066	0.01666	0.08590	0.01633	0.07276	0.01378	0.00814	0.00700	0.00219	0.00902	0.00723	0.00425	0.00964
38	0.01039	0.00865	0.00935	0.01038	0.01141	0.05664	0.00724	0.01193	0.01508	0.01917	0.07736	0.51041	0.12715	0.04943	0.01010	0.00296	0.00496	0.04475	0.00651	0.00614
39	0.00880	0.00655	0.00820	0.00952	0.01038	0.00595	0.00648	0.01019	0.01450	0.01879	0.04740	0.59349	0.18965	0.02182	0.00913	0.00284	0.00410	0.01950	0.00675	0.00595
40	0.01628	0.01672	0.02941	0.33839	0.20697	0.04607	0.19816	0.02122	0.01600	0.02111	0.01352	0.01884	0.01049	0.00677	0.00758	0.00234	0.01027	0.00697	0.00346	0.00942
41	0.01567	0.01501	0.04817	0.07917	0.12955	0.03033	0.10749	0.10001	0.03325	0.02400	0.02333	0.23176	0.02373	0.01279	0.00919	0.00259	0.05302	0.04690	0.00517	0.00887
42	0.01168	0.00796	0.01009	0.01091	0.01225	0.00772	0.00784	0.04288	0.04865	0.05879	0.03966	0.54261	0.07933	0.02029	0.00901	0.00286	0.00474	0.06889	0.00692	0.00690
43	0.00976	0.00925	0.04764	0.04349	0.01360	0.00748	0.00826	0.01246	0.01687	0.02168	0.18414	0.14819	0.37113	0.01722	0.00862	0.00254	0.00459	0.05981	0.00662	0.00664
44	0.04909	0.02370	0.15875	0.04933	0.08864	0.13041	0.11224	0.08363	0.09831	0.09263	0.01676	0.01840	0.01238	0.00771	0.00757	0.00227	0.02645	0.00647	0.00485	0.01042
45	0.03905	0.08914	0.37207	0.01989	0.06680	0.05750	0.05639	0.04607	0.04626	0.02318	0.01689	0.10303	0.01481	0.00892	0.00706	0.00229	0.00933	0.00742	0.00401	0.00991
46	0.01769	0.01559	0.02364	0.12798	0.38238	0.01661	0.01808	0.02611	0.18617	0.04709	0.01857	0.02115	0.01452	0.00762	0.00716	0.00225	0.00772	0.00696	0.04187	0.01084
47	0.06032	0.01444	0.02367	0.37806	0.25240	0.01619	0.04630	0.02045	0.03959	0.02167	0.01497	0.05307	0.01251	0.00777	0.00724	0.00236	0.00882	0.00715	0.00376	0.00926
48	0.04698	0.08993	0.17944	0.02277	0.11178	0.01770	0.17559	0.07896	0.05462	0.05784	0.04648	0.02181	0.04758	0.00791	0.00728	0.00225	0.00900	0.00725	0.00460	0.01024
49	0.02101	0.02015	0.01879	0.08443	0.07094	0.22188	0.01329	0.13743	0.06663	0.05765	0.02045	0.05363	0.05278	0.07615	0.01084	0.00268	0.04947	0.00758	0.00514	0.00909
50	0.01006	0.00827	0.01006	0.00966	0.01193	0.00745	0.03596	0.04278	0.01706	0.02145	0.10423	0.23125	0.42685	0.01824	0.00870	0.00255	0.00438	0.01579	0.00673	0.00659
51	0.06547	0.06088	0.09485	0.03955	0.05357	0.10606	0.10231	0.09979	0.07497	0.10021	0.03705	0.05511	0.01593	0.02593	0.00845	0.00239	0.03504	0.00734	0.00520	0.00987
52	0.01624	0.08368	0.18233	0.16133	0.19074	0.01673	0.01909	0.04142	0.06018	0.04211	0.03712	0.06140	0.01616	0.00872	0.00720	0.00231	0.00851	0.03056	0.00429	0.00990
53	0.18888	0.05326	0.01614	0.08421	0.07456	0.04411	0.04231	0.01699	0.01440	0.02235	0.02335	0.27165	0.02497	0.01518	0.03885	0.00294	0.00722	0.04601	0.00503	0.00758
54	0.06361	0.07178	0.05853	0.06355	0.27095	0.10146	0.13050	0.04714	0.04999	0.02364	0.01494	0.04423	0.01254	0.00745	0.00710	0.00220	0.00938	0.00686	0.00404	0.01010
55	0.01754	0.05142	0.29864	0.02110	0.06484	0.01559	0.15491	0.03793	0.01704	0.10735	0.05011	0.05499	0.01578	0.00808	0.00736	0.00225	0.00923	0.00738	0.00454	0.05392
56	0.01464	0.01735	0.12400	0.09898	0.17443	0.01471	0.12643	0.02008	0.05234	0.02218	0.02340	0.10936	0.06925	0.01051	0.00856	0.00248	0.03974	0.03972	0.02267	0.00920
57	0.01294	0.01171	0.04726	0.17810	0.10016	0.01102	0.04526	0.01637	0.01619	0.05377	0.11922	0.19829	0.13345	0.01350	0.00815	0.00249	0.00656	0.01210	0.00555	0.00791
58	0.01946	0.11754	0.02390	0.09063	0.23216	0.14053	0.01567	0.05825	0.03376	0.05996	0.01853	0.05993	0.04411	0.01083	0.04168	0.00259	0.00923	0.00715	0.00445	0.00965
59	0.01574	0.02517	0.32485	0.01929	0.09036	0.08292	0.01851	0.02095	0.01664	0.05572	0.08834	0.05621	0.09838	0.01010	0.00821	0.00233	0.04418	0.00813	0.00455	0.00941
60	0.01039	0.00864	0.00949	0.01084	0.01167	0.05993	0.00753	0.01185	0.01470	0.01872	0.03928	0.61803	0.07358	0.02127	0.00908	0.00287	0.00501	0.05446	0.00652	0.00615
61	0.05422	0.01408	0.02135	0.13950	0.23351	0.01536	0.04785	0.03942	0.04262	0.04192	0.02330	0.02645	0.10974	0.01099	0.03312	0.00270	0.08995	0.00786	0.03686	0.00920
62	0.09500	0.19111	0.21417	0.06385	0.19054	0.01948	0.01884	0.02262	0.01532	0.06020	0.01296	0.01557	0.01020	0.00698	0.00688	0.00212	0.03495	0.00536	0.00369	0.01016
63	0.05196	0.01441	0.04873	0.01741	0.09996	0.02933	0.04907	0.06955	0.04551	0.19549	0.10794	0.03146	0.11280	0.01299	0.04763	0.00284	0.03810	0.00874	0.00633	0.00972
64	0.02565	0.03148	0.02011	0.01807	0.02167	0.60374	0.01371	0.06364	0.02064	0.01943	0.01456	0.01630	0.04334	0.00838	0.00764	0.00199	0.05165	0.00540	0.00406	0.00851
65	0.09461	0.01708	0.05031	0.12842	0.05158	0.04449	0.05060	0.20486	0.05280	0.12958	0.01807	0.02154	0.01381	0.07886	0.00991	0.00272	0.00816	0.00685	0.00569	0.01006
66	0.01802	0.13459	0.15831	0.05882	0.15612	0.01912	0.12814	0.12461	0.01848	0.02518	0.01494	0.04175	0.01230	0.01003	0.04584	0.00271	0.00990	0.00678	0.00412	0.01024
67	0.01307	0.01146	0.01828	0.16320	0.24637	0.01190	0.01489	0.01627	0.01533	0.02075	0.03887	0.27463	0.04946	0.01383	0.00822	0.00259	0.00691	0.06067	0.00503	0.00827
68	0.01779	0.01436	0.05696	0.29407	0.11576	0.01445	0.01623	0.04169	0.08449	0.13381	0.03603	0.05522	0.03210	0.00892	0.00730	0.00234	0.00776	0.00773	0.04341	0.00959
69	0.05050	0.01451	0.05124	0.02166	0.20969	0.01347	0.02907	0.09312	0.05134	0.10078	0.03192	0.10144	0.15579	0.01165	0.00771	0.00238	0.00671	0.03149	0.00585	0.00968
70	0.01676	0.01619	0.02178	0.26922	0.22522	0.08172	0.01740	0.05107	0.08849	0.02247	0.01987	0.02338	0.06416	0.01037	0.03904	0.00271	0.00919	0.00722	0.00431	0.00944
71	0.00905	0.00647	0.00865	0.01028	0.01080	0.00606	0.00703	0.01048	0.01423	0.01899	0.05574	0.68673	0.04822	0.02243	0.00930	0.00296	0.00434	0.05549	0.00677	0.00597
72	0.01483	0.01270	0.01528	0.05009	0.01892	0.00998	0.00940	0.01816	0.01513	0.02331	0.01417	0.01859	0.01223	0.00621	0.00571	0.00126	0.00568	0.03609	0.00436	0.70789
73	0.01624	0.01480	0.02335	0.33716	0.25237	0.04429	0.04304	0.02046	0.01613	0.05450	0.04704	0.05221	0.03055	0.00831	0.00744	0.00232	0.00877	0.00762	0.00411	0.00929
74	0.01202	0.04548	0.01449	0.01267	0.01401	0.01220	0.01016	0.01449	0.01199	0.01772	0.01757	0.02540	0.01626	0.04153	0.50880	0.00898	0.14272	0.00727	0.05933	0.00691
75	0.01626	0.11351	0.32260	0.05458	0.06489	0.01731	0.08708	0.05094	0.01628	0.02331	0.01306	0.01573	0.01000	0.00652	0.00656	0.00198	0.00921	0.00548	0.00360	0.16108
76	0.08791	0.29404	0.19394	0.01685	0.08364	0.03968	0.01562	0.02152	0.03983	0.02174	0.04058	0.02096	0.08005	0.00812	0.00611	0.00201	0.00792	0.00612	0.00397	0.00940
77	0.01588	0.01545	0.02683	0.34891	0.31021	0.01715	0.07896	0.02045	0.01539	0.02103	0.01320	0.01864	0.01054	0.00715	0.00828	0.00236	0.04989	0.00665	0.00342	0.00962
78	0.01050	0.00770	0.00988	0.00929	0.01110	0.00721	0.00698	0.01445	0.04219	0.02896	0.65868	0.05379	0.08217	0.01478	0.00854	0.00230	0.00351	0.01304	0.00795	0.00699
79	0.05071	0.04005	0.18600	0.05401	0.24375	0.11028	0.06464	0.11827	0.01913	0.02599	0.01358	0.01643	0.01052	0.00705	0.00699	0.00218	0.00978	0.00598	0.00405	0.01061
80	0.01705	0.01713	0.06464	0.10320	0.37914	0.01668	0.04539	0.05872	0.07789	0.02453	0.01901	0.02494	0.03972	0.00852	0.00797	0.00235	0.02882	0.04940	0.00439	0.01048
81	0.00941	0.00697	0.00935	0.04514	0.01272	0.00667	0.00761	0.01126	0.01509	0.02007	0.11891	0.53849	0.09442	0.02061	0.00909	0.00283	0.00449	0.05395	0.00672	0.00618
82	0.21567	0.02174	0.22783	0.07326	0.08021	0.01680	0.03097	0.07582	0.01611	0.05693	0.01531	0.01780	0.03245	0.00904	0.02481	0.00257	0.06293	0.00589	0.00427	0.00959
83	0.08200	0.19294	0.11615	0.14979	0.14646	0.03938	0.01682	0.04374	0.01597	0.05927	0.01449	0.04839	0.01215	0.00873	0.02296	0.00234	0.00869	0.00616	0.00399	0.00958
84	0.01106	0.00877	0.01255	0.05180	0.01495	0.01029	0.00971	0.01337	0.01224	0.01714	0.02322	0.03426	0.06693	0.12030	0.45226	0.00880	0.08450	0.03721	0.00417	0.00647
85	0.01336	0.00920	0.01146	0.01028	0.01267	0.00896	0.00789	0.06936	0.05894	0.06809	0.56663	0.04818	0.05867	0.01376	0.00833	0.00229	0.00408	0.01202	0.00796	0.00787
86	0.01807	0.01314	0.01712	0.05005	0.07469	0.02975	0.04787	0.14000	0.06843	0.11495	0.05874	0.21195	0.06620	0.04345	0.00922	0.00265	0.00661	0.01146	0.00647	0.00918
87	0.15055	0.18288	0.06943	0.01395	0.04479	0.07823	0.01181	0.09620	0.01803	0.06299	0.05503	0.06414	0.10474	0.00985	0.00647	0.00212	0.00712	0.00755	0.00514	0.00899
88	0.01553	0.01362	0.04911	0.18923	0.17289	0.01325	0.05203	0.04989	0.01666	0.07374	0.02515	0.18087	0.05784	0.01188	0.00797	0.00250	0.00763	0.04619	0.00510	0.00891
89	0.05914	0.01229	0.01706	0.11319	0.16676	0.01280	0.01304	0.09528	0.01808	0.05834	0.08433	0.14288	0.10860	0.01401	0.03717	0.00280	0.00707	0.02278	0.00563	0.00875
90	0.01575	0.04955	0.26847	0.05010	0.02247	0.07939	0.01614	0.02088	0.03112	0.07521	0.13872	0.06973	0.06287	0.03463	0.00846	0.00247	0.00805	0.03192	0.00513	0.00893
91	0.01717	0.08417	0.21263	0.08961	0.30376	0.01861	0.02129	0.05366	0.04644	0.02355	0.01380	0.01712	0.01095	0.00725	0.00785	0.00224	0.04952	0.00603	0.00370	0.01067
92	0.01676	0.01454	0.01729	0.07005	0.02038	0.09655	0.08932	0.09783	0.05136	0.06168	0.03244	0.16302	0.15171	0.01323	0.00857	0.02804	0.00724	0.01101	0.04072	0.00825
93	0.01750	0.13109	0.27954	0.02120	0.08182	0.13672	0.10581	0.02271	0.01681	0.02149	0.04838	0.02007	0.05010	0.00778	0.00694	0.00214	0.01002	0.00647	0.00375	0.00965
94	0.05920	0.07431	0.12009	0.14306	0.24623	0.01783	0.05875	0.04133	0.05308	0.02322	0.01511	0.05187	0.01276	0.00798	0.00784	0.00230	0.04426	0.00688	0.00393	0.00995

[dist]
# distance from previous block
# <min> <max>
0	1

[block]
# block no. 2 follows, 28 sequences, length 39
# corresponding to MSA columns:
# 349-387
name=unknown_C
#
# <colnr> <probs for GDERKNQSTAVLIFYWHMCP>
#	G	D	E	R	K	N	Q	S	T	A	V	L	I	F	Y	W	H	M	C	P
0	0.01545	0.04307	0.07510	0.35936	0.15827	0.01585	0.07314	0.02013	0.01568	0.04991	0.01889	0.02465	0.05810	0.00829	0.00744	0.00237	0.00904	0.03224	0.00394	0.00909
1	0.01778	0.08271	0.33389	0.02207	0.13733	0.04565	0.03983	0.04752	0.01686	0.07936	0.01623	0.04839	0.01281	0.00781	0.00684	0.00218	0.00905	0.00646	0.05685	0.01035
2	0.05113	0.01509	0.02107	0.09775	0.16408	0.04424	0.06511	0.06530	0.08802	0.17990	0.04283	0.07053	0.01823	0.00909	0.00734	0.00230	0.00756	0.00802	0.03209	0.01030
3	0.01228	0.01054	0.01268	0.01202	0.01330	0.04056	0.00915	0.03815	0.01611	0.02186	0.20125	0.20563	0.11503	0.04707	0.06064	0.00344	0.15468	0.01273	0.00595	0.00692
4	0.01924	0.08745	0.13828	0.02087	0.10531	0.14290	0.08438	0.02513	0.09170	0.08121	0.01957	0.09706	0.01708	0.00943	0.00729	0.00227	0.00903	0.02722	0.00482	0.00978
5	0.10919	0.09923	0.15629	0.12263	0.12167	0.10439	0.01745	0.08788	0.03831	0.05743	0.01394	0.01625	0.01061	0.00725	0.00651	0.00215	0.00904	0.00557	0.00425	0.00996
6	0.01473	0.01528	0.07661	0.03647	0.14818	0.04000	0.11033	0.01988	0.07601	0.04429	0.05897	0.24683	0.05540	0.01287	0.00814	0.00250	0.00737	0.01191	0.00540	0.00884
7	0.01659	0.01611	0.02725	0.17322	0.05794	0.07016	0.27481	0.02083	0.01652	0.06695	0.02131	0.14386	0.04109	0.00995	0.00812	0.00246	0.00956	0.00994	0.00457	0.00877
8	0.01812	0.20953	0.27557	0.02066	0.02859	0.01991	0.20089	0.02371	0.01606	0.08049	0.01403	0.01643	0.01051	0.00685	0.00729	0.00217	0.02915	0.00608	0.00376	0.01019
9	0.01810	0.02105	0.13015	0.08210	0.19164	0.04207	0.18559	0.10810	0.03898	0.02553	0.01544	0.04414	0.01250	0.00783	0.00837	0.00235	0.04416	0.00735	0.00421	0.01033
10	0.00940	0.00722	0.00942	0.01093	0.03074	0.00691	0.00733	0.01096	0.01466	0.01935	0.07485	0.54574	0.15749	0.02082	0.00959	0.00282	0.03049	0.01847	0.00659	0.00623
11	0.01812	0.01623	0.02810	0.12413	0.48710	0.01641	0.07691	0.02251	0.01665	0.06898	0.01574	0.02147	0.01297	0.00729	0.00745	0.00227	0.00883	0.03400	0.00406	0.01080
12	0.01981	0.07289	0.07182	0.11610	0.15710	0.06026	0.21601	0.02510	0.04304	0.12235	0.01626	0.01907	0.01207	0.00704	0.00740	0.00225	0.00974	0.00693	0.00446	0.01029
13	0.04958	0.00902	0.01188	0.04604	0.04067	0.00916	0.00885	0.01575	0.03656	0.06928	0.23898	0.19762	0.06598	0.06193	0.01170	0.04024	0.03313	0.04005	0.00646	0.00713
14	0.01528	0.01166	0.01626	0.22465	0.08039	0.01242	0.01289	0.04287	0.08920	0.09334	0.14192	0.03721	0.16956	0.01135	0.00778	0.00236	0.00644	0.00975	0.00598	0.00869
15	0.01407	0.01327	0.02243	0.67147	0.10295	0.01624	0.02036	0.01888	0.01470	0.01899	0.01298	0.01927	0.00984	0.00720	0.00726	0.00240	0.00960	0.00646	0.00326	0.00836
16	0.01833	0.10081	0.04655	0.16032	0.02518	0.04341	0.01369	0.09520	0.23653	0.05560	0.04883	0.02286	0.01759	0.01044	0.03458	0.00260	0.00784	0.00702	0.04269	0.00992
17	0.04685	0.06784	0.02256	0.12251	0.02594	0.20425	0.06798	0.10599	0.01966	0.13955	0.01770	0.01937	0.03793	0.00845	0.00820	0.00221	0.06198	0.00641	0.00505	0.00957
18	0.01389	0.00889	0.01015	0.00916	0.01217	0.00791	0.00709	0.03996	0.03417	0.13874	0.18046	0.05644	0.42228	0.01559	0.00830	0.00238	0.00426	0.01308	0.00740	0.00768
19	0.04484	0.07100	0.06091	0.09840	0.20795	0.05175	0.24307	0.06426	0.01736	0.02379	0.01353	0.01757	0.01067	0.00687	0.00799	0.00228	0.03712	0.00679	0.00379	0.01005
20	0.01716	0.02011	0.07224	0.03223	0.13508	0.01815	0.54651	0.02313	0.01698	0.02334	0.01448	0.01917	0.01101	0.00622	0.00830	0.00240	0.01165	0.00812	0.00364	0.01010
21	0.00886	0.00633	0.00843	0.01012	0.01054	0.00590	0.00675	0.01012	0.01392	0.01856	0.04006	0.73979	0.04808	0.02277	0.00928	0.00295	0.00422	0.02066	0.00675	0.00590
22	0.01031	0.00792	0.00950	0.00910	0.01112	0.00739	0.00682	0.01439	0.06423	0.02630	0.46012	0.08521	0.22900	0.01578	0.00853	0.00237	0.00369	0.01370	0.00758	0.00694
23	0.01678	0.04417	0.06940	0.22266	0.18624	0.01806	0.17139	0.04846	0.08226	0.02324	0.01512	0.01917	0.01170	0.00725	0.00799	0.00235	0.03286	0.00697	0.00397	0.00996
24	0.01032	0.00769	0.01107	0.01107	0.01229	0.00873	0.00841	0.01260	0.01180	0.01671	0.02243	0.03258	0.05155	0.12676	0.60908	0.01074	0.01738	0.00845	0.00409	0.00625
25	0.00881	0.00737	0.00767	0.00759	0.00995	0.00623	0.00569	0.01085	0.01708	0.02086	0.15332	0.06795	0.61580	0.01795	0.00859	0.00243	0.00365	0.01506	0.00691	0.00623
26	0.01057	0.00705	0.00793	0.00793	0.00793	0.00705	0.00440	0.01057	0.01057	0.01409	0.02290	0.04757	0.02643	0.74454	0.03700	0.00705	0.00705	0.01057	0.00440	0.00440
27	0.01507	0.01292	0.01507	0.01077	0.01723	0.00969	0.00861	0.01830	0.01507	0.02369	0.01292	0.01507	0.01077	0.00538	0.00538	0.00108	0.00538	0.00431	0.00431	0.78898
28	0.00865	0.00713	0.00760	0.00797	0.00998	0.00609	0.00579	0.01036	0.01598	0.01940	0.06622	0.21796	0.55303	0.01937	0.00874	0.00256	0.00380	0.01652	0.00675	0.00609
29	0.02261	0.01715	0.01884	0.01540	0.02004	0.01925	0.01247	0.37222	0.21543	0.05917	0.02350	0.02339	0.04508	0.01274	0.05594	0.00296	0.03811	0.00750	0.00694	0.01127
30	0.01388	0.02117	0.26094	0.08775	0.08993	0.01378	0.09531	0.01953	0.01674	0.02369	0.14948	0.03065	0.05030	0.00962	0.00770	0.00234	0.00843	0.05139	0.00460	0.04278
31	0.01402	0.01139	0.04564	0.04249	0.04078	0.01032	0.00986	0.06252	0.07986	0.07363	0.35080	0.04538	0.15789	0.01320	0.00811	0.00232	0.00498	0.01134	0.00715	0.00831
32	0.01329	0.04646	0.11673	0.01852	0.09496	0.01262	0.11273	0.01820	0.04203	0.02364	0.19199	0.06488	0.10811	0.01458	0.05587	0.00301	0.00794	0.04055	0.00540	0.00849
33	0.01615	0.06192	0.01586	0.01157	0.01634	0.01182	0.00917	0.08714	0.04587	0.05767	0.05271	0.16653	0.02207	0.01017	0.00666	0.00178	0.00554	0.00860	0.00557	0.38684
34	0.02166	0.01907	0.02046	0.04556	0.16286	0.13403	0.01419	0.24165	0.02338	0.05817	0.05158	0.02490	0.09520	0.00926	0.00726	0.00212	0.00814	0.00747	0.00567	0.04736
35	0.04726	0.13552	0.04405	0.21006	0.04477	0.07223	0.01400	0.09080	0.01758	0.02303	0.04793	0.02341	0.08049	0.01048	0.03679	0.00246	0.00848	0.00679	0.00442	0.07945
36	0.02004	0.07394	0.24863	0.07455	0.02649	0.03519	0.01819	0.27417	0.02233	0.03063	0.01493	0.01708	0.01113	0.00966	0.03375	0.00257	0.04016	0.00597	0.02997	0.01060
37	0.04620	0.04788	0.02338	0.01988	0.08977	0.01770	0.12116	0.27293	0.02275	0.03101	0.02343	0.10485	0.07018	0.01082	0.00841	0.00239	0.03852	0.03302	0.00574	0.00996
38	0.01690	0.07956	0.18504	0.04943	0.02286	0.01655	0.05690	0.15474	0.01867	0.02594	0.02030	0.05730	0.06016	0.05921	0.01014	0.00256	0.05634	0.00761	0.05338	0.04641

[dist]
# distance from previous block
# <min> <max>
11	90

[block]
# block no. 3 follows, 28 sequences, length 31
# corresponding to MSA columns:
# 490-520
name=unknown_D
#
# <colnr> <probs for GDERKNQSTAVLIFYWHMCP>
#	G	D	E	R	K	N	Q	S	T	A	V	L	I	F	Y	W	H	M	C	P
0	0.02064	0.01488	0.01584	0.01267	0.01719	0.04652	0.00995	0.23966	0.04009	0.11434	0.02631	0.02916	0.10661	0.11080	0.01115	0.00268	0.00673	0.00790	0.00629	0.16058
1	0.22361	0.01535	0.01748	0.01819	0.13146	0.01665	0.01225	0.25948	0.02140	0.03313	0.01947	0.16231	0.01827	0.01067	0.00694	0.00235	0.00672	0.00871	0.00582	0.00974
2	0.01542	0.02830	0.41125	0.12357	0.18684	0.01698	0.07090	0.02227	0.01564	0.02260	0.01329	0.01681	0.00993	0.00680	0.00714	0.00230	0.01023	0.00600	0.00326	0.01049
3	0.01110	0.01112	0.07808	0.03312	0.01515	0.00836	0.00974	0.01438	0.01688	0.02343	0.24140	0.19617	0.11673	0.01515	0.00823	0.00239	0.00511	0.07310	0.00634	0.11403
4	0.01540	0.01616	0.03207	0.08313	0.06288	0.01664	0.38684	0.02016	0.01519	0.02102	0.01496	0.02097	0.01225	0.01680	0.15462	0.00440	0.08607	0.00792	0.00363	0.00888
5	0.01283	0.01160	0.01464	0.01368	0.01464	0.05240	0.01071	0.01501	0.01421	0.01992	0.15754	0.14825	0.03023	0.02497	0.18976	0.00500	0.24216	0.01041	0.00498	0.00705
6	0.01224	0.00987	0.01331	0.16377	0.04084	0.01103	0.01067	0.01525	0.01542	0.02179	0.10004	0.06032	0.20310	0.01249	0.00961	0.00237	0.10464	0.01001	0.17607	0.00717
7	0.01249	0.01002	0.01032	0.00928	0.01242	0.00949	0.00722	0.14638	0.02017	0.02499	0.06214	0.05921	0.55633	0.01643	0.00832	0.00240	0.00457	0.01354	0.00686	0.00741
8	0.01364	0.01299	0.01181	0.01100	0.01318	0.15177	0.00825	0.01666	0.02035	0.02629	0.52013	0.04676	0.09207	0.01355	0.00816	0.00221	0.00542	0.01154	0.00706	0.00714
9	0.23104	0.01440	0.04913	0.01281	0.01812	0.01329	0.01105	0.04587	0.01820	0.44683	0.02188	0.02030	0.01438	0.00847	0.00733	0.00229	0.04022	0.00627	0.00722	0.01090
10	0.01579	0.01334	0.01546	0.01110	0.01753	0.01042	0.00891	0.05555	0.01616	0.02494	0.01318	0.01521	0.01086	0.00557	0.00549	0.00114	0.00553	0.00443	0.00447	0.74492
11	0.02319	0.01571	0.01773	0.01463	0.01902	0.01706	0.01174	0.31999	0.18128	0.12093	0.02211	0.02446	0.01688	0.01185	0.01034	0.10995	0.00694	0.03863	0.00693	0.01062
12	0.00877	0.00668	0.00807	0.00918	0.01030	0.00598	0.00633	0.01023	0.01482	0.01893	0.05153	0.51106	0.26941	0.02128	0.00904	0.00278	0.00403	0.01885	0.00675	0.00598
13	0.01824	0.11519	0.01960	0.01221	0.01851	0.01493	0.01020	0.15312	0.01894	0.02731	0.01346	0.01509	0.01090	0.00618	0.00567	0.00137	0.00625	0.00471	0.00475	0.52337
14	0.27682	0.03350	0.01484	0.01217	0.01668	0.08260	0.00981	0.08757	0.09015	0.17175	0.02563	0.02480	0.10638	0.00940	0.00643	0.00224	0.00649	0.00699	0.00622	0.00949
15	0.02409	0.12376	0.02501	0.01785	0.02301	0.23422	0.07729	0.24119	0.11144	0.02910	0.01588	0.01681	0.01219	0.00790	0.00684	0.00206	0.00965	0.00603	0.00529	0.01038
16	0.53418	0.01650	0.01369	0.01168	0.01640	0.08399	0.00950	0.09437	0.01667	0.12453	0.01356	0.01431	0.00989	0.00734	0.00538	0.00221	0.00668	0.00475	0.00534	0.00902
17	0.01911	0.45735	0.02890	0.01315	0.01775	0.15898	0.01161	0.02116	0.01517	0.01692	0.01258	0.01724	0.01195	0.08326	0.08469	0.00324	0.01001	0.00511	0.00344	0.00837
18	0.01072	0.00768	0.01115	0.01115	0.01249	0.00884	0.00866	0.01341	0.01207	0.01797	0.01993	0.02840	0.01822	0.04956	0.63926	0.01061	0.01774	0.00768	0.08794	0.00652
19	0.02287	0.01700	0.01857	0.01523	0.01976	0.01872	0.01238	0.45492	0.10183	0.03793	0.02204	0.02977	0.01862	0.08167	0.01053	0.00284	0.00749	0.09017	0.00693	0.01076
20	0.02698	0.08719	0.09404	0.01466	0.02013	0.01499	0.01339	0.04629	0.01864	0.45384	0.02229	0.02107	0.01491	0.00901	0.00927	0.00231	0.10612	0.00662	0.00695	0.01130
21	0.01014	0.00773	0.01109	0.01109	0.01255	0.00868	0.00860	0.01263	0.01235	0.01725	0.02689	0.03422	0.11099	0.04957	0.61893	0.01042	0.01731	0.00882	0.00429	0.00644
22	0.08135	0.01805	0.01867	0.01548	0.01946	0.15777	0.10083	0.17815	0.02082	0.02849	0.02038	0.09863	0.03345	0.00969	0.00689	0.00215	0.00797	0.00805	0.16486	0.00885
23	0.01789	0.23008	0.05391	0.06799	0.15872	0.01725	0.01411	0.02099	0.01609	0.11372	0.04994	0.12052	0.05128	0.01014	0.00729	0.00217	0.02518	0.00844	0.00491	0.00940
24	0.01263	0.00631	0.00947	0.00947	0.00947	0.00631	0.00631	0.00947	0.00947	0.01263	0.01263	0.02210	0.01263	0.02525	0.02841	0.78851	0.00631	0.00631	0.00316	0.00316
25	0.01545	0.00967	0.04364	0.01094	0.01359	0.00794	0.00869	0.01823	0.01813	0.18983	0.27891	0.27752	0.04653	0.01574	0.00843	0.00250	0.00471	0.01391	0.00759	0.00806
26	0.02677	0.01275	0.01666	0.01428	0.04837	0.01202	0.01095	0.06545	0.10694	0.46028	0.11880	0.02841	0.02488	0.00978	0.00749	0.00227	0.00596	0.00815	0.00832	0.01147
27	0.05539	0.11305	0.03675	0.05032	0.08639	0.01595	0.04523	0.13070	0.02006	0.21180	0.06416	0.09871	0.02039	0.00983	0.00716	0.00223	0.00708	0.00829	0.00624	0.01027
28	0.05829	0.03010	0.02301	0.01966	0.02402	0.52601	0.10379	0.04885	0.06035	0.02082	0.01297	0.01492	0.01040	0.00745	0.00682	0.00201	0.01207	0.00546	0.00410	0.00890
29	0.05255	0.01728	0.02672	0.03713	0.53355	0.01747	0.01965	0.11135	0.01869	0.02715	0.01399	0.01746	0.01143	0.00673	0.00697	0.00210	0.00821	0.00624	0.00418	0.06116
30	0.10364	0.52261	0.03261	0.01656	0.11131	0.02469	0.01319	0.02267	0.01514	0.06359	0.01178	0.01338	0.01002	0.00649	0.00516	0.00176	0.00756	0.00447	0.00370	0.00967

[dist]
# distance from previous block
# <min> <max>
6	25

[block]
# block no. 4 follows, 28 sequences, length 32
# corresponding to MSA columns:
# 548-570,578-586
name=unknown_E
#
# <colnr> <probs for GDERKNQSTAVLIFYWHMCP>
#	G	D	E	R	K	N	Q	S	T	A	V	L	I	F	Y	W	H	M	C	P
0	0.04930	0.01176	0.01429	0.01168	0.01618	0.01065	0.00940	0.09081	0.01963	0.25838	0.09261	0.07779	0.09628	0.01125	0.00736	0.00215	0.00557	0.04580	0.00713	0.16197
1	0.01832	0.08642	0.06566	0.01527	0.03605	0.01651	0.01320	0.23070	0.09189	0.02990	0.02879	0.04151	0.08172	0.01264	0.00794	0.00253	0.00718	0.19787	0.00629	0.00962
2	0.01613	0.01620	0.06410	0.23776	0.02909	0.01879	0.01668	0.08753	0.05338	0.02164	0.01368	0.01988	0.01172	0.05936	0.01585	0.00300	0.29591	0.00674	0.00394	0.00859
3	0.02257	0.02403	0.01808	0.06101	0.02106	0.40214	0.01265	0.02470	0.01857	0.09020	0.06877	0.04277	0.04155	0.04978	0.01007	0.00242	0.06956	0.00701	0.00477	0.00828
4	0.01860	0.01690	0.07532	0.01665	0.10127	0.04315	0.01259	0.06618	0.01742	0.09591	0.01490	0.01653	0.01153	0.00634	0.00611	0.00154	0.00682	0.00514	0.00479	0.46231
5	0.08035	0.01258	0.01647	0.01278	0.01828	0.01126	0.01053	0.03464	0.04052	0.64133	0.02753	0.02400	0.01748	0.00888	0.00714	0.00226	0.00614	0.00712	0.00866	0.01206
6	0.01193	0.01016	0.01623	0.04095	0.01718	0.01176	0.07911	0.01456	0.01217	0.01737	0.01786	0.02781	0.01694	0.11973	0.45202	0.00878	0.10683	0.00795	0.00381	0.00685
7	0.02162	0.02269	0.02042	0.23002	0.03013	0.28097	0.01541	0.12404	0.13664	0.02441	0.01586	0.01808	0.01214	0.00802	0.00702	0.00219	0.01004	0.00611	0.00475	0.00945
8	0.01224	0.00888	0.00945	0.00884	0.01182	0.00805	0.00678	0.01644	0.09763	0.09238	0.06364	0.06008	0.54429	0.01640	0.00831	0.00243	0.00419	0.01365	0.00706	0.00743
9	0.02070	0.01466	0.01677	0.08769	0.02092	0.03222	0.01160	0.27668	0.04958	0.11809	0.13551	0.03291	0.12900	0.01111	0.00768	0.00228	0.00658	0.00908	0.00702	0.00994
10	0.18170	0.01270	0.01566	0.01227	0.01768	0.01178	0.01013	0.03268	0.01916	0.57305	0.02505	0.02222	0.01602	0.00856	0.00676	0.00225	0.00608	0.00665	0.00812	0.01149
11	0.08571	0.01249	0.01644	0.01270	0.01824	0.01107	0.01049	0.03445	0.02022	0.65750	0.02739	0.02384	0.01729	0.00884	0.00711	0.00225	0.00615	0.00708	0.00868	0.01206
12	0.00886	0.00633	0.00843	0.01012	0.01054	0.00590	0.00675	0.01012	0.01392	0.01856	0.04006	0.73979	0.04808	0.02277	0.00928	0.00295	0.00422	0.02066	0.00675	0.00590
13	0.10046	0.01566	0.01623	0.01431	0.01864	0.01793	0.01126	0.08097	0.54551	0.05693	0.02668	0.02476	0.01985	0.00943	0.00708	0.00242	0.00591	0.00762	0.00715	0.01122
14	0.01024	0.00758	0.01108	0.01126	0.01237	0.00861	0.00852	0.01251	0.01184	0.01686	0.02186	0.10411	0.02187	0.09921	0.59478	0.01045	0.01701	0.00933	0.00423	0.00628
15	0.02021	0.01461	0.01597	0.01381	0.01813	0.01595	0.01090	0.10114	0.43317	0.13630	0.03348	0.03090	0.10168	0.01064	0.00751	0.00240	0.00581	0.00876	0.00756	0.01108
16	0.02203	0.01420	0.01626	0.01379	0.01819	0.01514	0.01094	0.09618	0.36163	0.21545	0.10834	0.02881	0.02568	0.01012	0.00750	0.00236	0.00581	0.00840	0.00789	0.01126
17	0.01716	0.01961	0.04289	0.03064	0.03799	0.01838	0.67279	0.02328	0.01716	0.02328	0.01471	0.01961	0.01103	0.00613	0.00858	0.00245	0.01225	0.00858	0.00368	0.00980
18	0.00886	0.00633	0.00843	0.01012	0.01054	0.00590	0.00675	0.01012	0.01392	0.01856	0.04006	0.73979	0.04808	0.02277	0.00928	0.00295	0.00422	0.02066	0.00675	0.00590
19	0.01151	0.00902	0.01062	0.00994	0.01225	0.00892	0.00753	0.01801	0.14986	0.02773	0.45654	0.05173	0.16934	0.01451	0.00835	0.00235	0.00393	0.01257	0.00766	0.00764
20	0.02488	0.02710	0.04836	0.01977	0.02429	0.39766	0.11472	0.04642	0.01940	0.11644	0.01431	0.01622	0.01093	0.00801	0.00867	0.00216	0.08094	0.00589	0.00450	0.00934
21	0.01215	0.00773	0.00965	0.00969	0.01168	0.00692	0.00723	0.01438	0.01715	0.10398	0.19272	0.26893	0.23158	0.01795	0.00874	0.00261	0.00430	0.05829	0.00729	0.00701
22	0.00896	0.00674	0.00833	0.00944	0.01053	0.00611	0.00660	0.01058	0.01510	0.01953	0.08356	0.49606	0.22636	0.02106	0.00908	0.00280	0.00412	0.04219	0.00681	0.00605
23	0.05678	0.01420	0.01693	0.01322	0.01838	0.01405	0.01086	0.22852	0.02391	0.39550	0.02395	0.02232	0.01597	0.00877	0.00692	0.00216	0.00638	0.00689	0.10276	0.01152
24	0.01190	0.00818	0.01050	0.01014	0.01105	0.00883	0.00706	0.05760	0.01253	0.01722	0.02013	0.03550	0.02083	0.35290	0.29507	0.09005	0.01181	0.00878	0.00428	0.00563
25	0.01120	0.00855	0.01192	0.01175	0.01325	0.00988	0.00901	0.01549	0.08199	0.01809	0.02076	0.02973	0.01917	0.09786	0.59459	0.01040	0.01717	0.00803	0.00430	0.00687
26	0.00919	0.00660	0.00885	0.01006	0.01075	0.00626	0.00691	0.01089	0.01487	0.02019	0.14636	0.58222	0.04955	0.02348	0.05387	0.00340	0.00505	0.01862	0.00677	0.00610
27	0.02318	0.40258	0.02961	0.01549	0.02051	0.36167	0.01322	0.02529	0.01760	0.01744	0.01065	0.01236	0.00935	0.00684	0.00558	0.00171	0.01036	0.00427	0.00342	0.00889
28	0.01005	0.00742	0.00939	0.00890	0.01072	0.00676	0.00667	0.01326	0.02002	0.02784	0.60951	0.05646	0.15525	0.01535	0.00858	0.00231	0.00346	0.01345	0.00783	0.00676
29	0.01389	0.01308	0.02209	0.70146	0.07442	0.01619	0.02027	0.01871	0.01461	0.01877	0.01295	0.01933	0.00976	0.00724	0.00726	0.00241	0.00965	0.00646	0.00324	0.00820
30	0.01010	0.00664	0.00888	0.01027	0.01096	0.00615	0.00695	0.01145	0.01428	0.05451	0.03947	0.70230	0.04650	0.02205	0.00917	0.00292	0.00432	0.01996	0.00687	0.00624
31	0.01567	0.01342	0.01578	0.01150	0.01757	0.01097	0.00926	0.04708	0.01569	0.02430	0.01293	0.01523	0.01077	0.00595	0.00652	0.00125	0.04697	0.00452	0.00437	0.71027

[dist]
# distance from previous block
# <min> <max>
0	1

[block]
# block no. 5 follows, 28 sequences, length 8
# corresponding to MSA columns:
# 588-595
name=unknown_F
#
# <colnr> <probs for GDERKNQSTAVLIFYWHMCP>
#	G	D	E	R	K	N	Q	S	T	A	V	L	I	F	Y	W	H	M	C	P
0	0.01479	0.01287	0.01762	0.05522	0.04030	0.03708	0.03530	0.07934	0.01465	0.02085	0.01597	0.02255	0.01422	0.02998	0.32906	0.00669	0.19812	0.00707	0.04045	0.00786
1	0.01988	0.01591	0.02643	0.12549	0.50414	0.01603	0.02011	0.02402	0.01700	0.13619	0.01607	0.01929	0.01236	0.00700	0.00722	0.00221	0.00836	0.00661	0.00445	0.01122
2	0.00988	0.00783	0.01071	0.01086	0.01262	0.00718	0.04394	0.01218	0.01614	0.02096	0.12932	0.31454	0.23563	0.01917	0.00908	0.00276	0.00481	0.11924	0.00673	0.00643
3	0.02137	0.01342	0.01548	0.01317	0.01705	0.01439	0.01061	0.14854	0.19953	0.17743	0.05197	0.02872	0.02125	0.01017	0.00791	0.00231	0.03968	0.04686	0.14980	0.01034
4	0.01059	0.00740	0.01043	0.01071	0.01192	0.00822	0.00812	0.01308	0.01257	0.01863	0.02351	0.14655	0.02321	0.04258	0.49551	0.00879	0.01461	0.00978	0.11736	0.00643
5	0.23460	0.01922	0.01888	0.01644	0.06143	0.07940	0.01256	0.36481	0.02525	0.07791	0.01538	0.01603	0.01118	0.00796	0.00646	0.00218	0.00773	0.00572	0.00610	0.01076
6	0.01731	0.43699	0.33136	0.01607	0.02427	0.02355	0.01876	0.02232	0.01502	0.01970	0.01139	0.01328	0.00928	0.00652	0.00565	0.00188	0.00908	0.00454	0.00309	0.00995
7	0.01054	0.00717	0.00855	0.00855	0.00877	0.00739	0.00518	0.01097	0.01076	0.01456	0.02233	0.04441	0.02506	0.62986	0.14980	0.00782	0.00911	0.01011	0.00432	0.00475

[dist]
# distance from previous block
# <min> <max>
1	5

[block]
# block no. 6 follows, 28 sequences, length 26
# corresponding to MSA columns:
# 601-626
name=unknown_G
#
# <colnr> <probs for GDERKNQSTAVLIFYWHMCP>
#	G	D	E	R	K	N	Q	S	T	A	V	L	I	F	Y	W	H	M	C	P
0	0.05339	0.15999	0.02313	0.01555	0.02075	0.22686	0.01277	0.23787	0.05945	0.02864	0.01418	0.01516	0.01112	0.00755	0.00629	0.00188	0.00900	0.00527	0.00506	0.08609
1	0.01641	0.17275	0.36954	0.01865	0.07091	0.01816	0.01971	0.04897	0.01605	0.02296	0.01266	0.01483	0.00981	0.00653	0.00621	0.00191	0.00889	0.00500	0.00352	0.15652
2	0.01828	0.04575	0.18518	0.18213	0.06227	0.06971	0.18744	0.02429	0.03999	0.09199	0.01543	0.01855	0.01125	0.00711	0.00739	0.00231	0.01025	0.00669	0.00410	0.00991
3	0.01920	0.01892	0.03485	0.05791	0.19777	0.01881	0.36484	0.14508	0.02010	0.02744	0.01490	0.01880	0.01135	0.00674	0.00794	0.00233	0.01047	0.00760	0.00431	0.01064
4	0.01096	0.00691	0.00822	0.00822	0.00822	0.00691	0.00476	0.01036	0.01036	0.01382	0.02098	0.04279	0.02384	0.60965	0.03539	0.15360	0.00691	0.00977	0.00417	0.00417
5	0.01968	0.01333	0.01785	0.23177	0.07826	0.04859	0.01388	0.03946	0.06260	0.21309	0.02639	0.11410	0.06837	0.01066	0.00759	0.00239	0.00737	0.00915	0.00598	0.00948
6	0.04208	0.01511	0.02262	0.44427	0.13964	0.01773	0.01877	0.14228	0.01833	0.02487	0.01368	0.01845	0.01040	0.00760	0.00775	0.00236	0.03423	0.00639	0.00408	0.00938
7	0.01626	0.01438	0.02362	0.18150	0.43271	0.01507	0.01863	0.02051	0.01588	0.02328	0.01540	0.01999	0.01246	0.00702	0.00681	0.00213	0.00787	0.00653	0.15004	0.00990
8	0.01022	0.00743	0.00962	0.00908	0.01082	0.00683	0.00681	0.01359	0.02042	0.02878	0.67117	0.05491	0.09300	0.01500	0.00857	0.00229	0.00344	0.01323	0.00795	0.00683
9	0.02706	0.01345	0.01611	0.01269	0.01752	0.01324	0.01037	0.21492	0.02344	0.36888	0.02438	0.02316	0.01652	0.00880	0.00682	0.00211	0.00610	0.00697	0.17630	0.01116
10	0.01469	0.01390	0.02354	0.57322	0.19640	0.01640	0.02067	0.01941	0.01499	0.01974	0.01309	0.01907	0.01010	0.00709	0.00725	0.00236	0.00945	0.00646	0.00331	0.00885
11	0.01336	0.00750	0.01006	0.01061	0.01206	0.00683	0.00749	0.01499	0.01544	0.14752	0.06110	0.58146	0.04316	0.01991	0.00888	0.00280	0.00456	0.01789	0.00721	0.00715
12	0.02467	0.02947	0.02092	0.15141	0.02765	0.53089	0.01518	0.07680	0.02051	0.02009	0.01203	0.01462	0.00966	0.00754	0.00674	0.00200	0.01207	0.00516	0.00392	0.00866
13	0.02474	0.01468	0.01681	0.01379	0.01794	0.05857	0.01101	0.21898	0.02189	0.26721	0.02068	0.02205	0.01508	0.01792	0.11816	0.10785	0.00921	0.00685	0.00659	0.01000
14	0.17091	0.06800	0.01965	0.01668	0.02070	0.54849	0.01280	0.02721	0.01875	0.02053	0.01097	0.01279	0.00908	0.00729	0.00607	0.00193	0.01143	0.00450	0.00385	0.00837
15	0.01360	0.00832	0.00985	0.00894	0.01177	0.00721	0.00689	0.01610	0.01856	0.15087	0.25153	0.05678	0.38094	0.01558	0.00835	0.00237	0.00408	0.01318	0.00755	0.00752
16	0.01752	0.00884	0.01191	0.01143	0.01401	0.00802	0.00886	0.01985	0.01738	0.25325	0.09340	0.30789	0.06036	0.01682	0.00865	0.00270	0.00520	0.11795	0.00761	0.00832
17	0.01614	0.01394	0.01957	0.01654	0.01861	0.01697	0.06238	0.13941	0.01606	0.02286	0.01532	0.02221	0.01385	0.06310	0.24375	0.00589	0.27361	0.00724	0.00428	0.00826
18	0.00912	0.00644	0.00836	0.00979	0.01014	0.00608	0.00639	0.01019	0.01341	0.01788	0.03745	0.63415	0.04477	0.13292	0.01351	0.00358	0.00465	0.01912	0.00639	0.00568
