[name]
unknown

[dist]
# distance from previous block
# <min> <max>
0	209

[block]
# block no. 0 follows, 26 sequences, length 38
# corresponding to MSA columns:
# 247-261,279-301
name=unknown_A
#
# <colnr> <probs for GDERKNQSTAVLIFYWHMCP>
#	G	D	E	R	K	N	Q	S	T	A	V	L	I	F	Y	W	H	M	C	P
0	0.02377	0.01983	0.08221	0.01640	0.02185	0.01933	0.01422	0.42813	0.06776	0.05894	0.02242	0.09551	0.01901	0.03853	0.00907	0.00263	0.00792	0.03397	0.00705	0.01144
1	0.03998	0.01680	0.02735	0.03607	0.44668	0.03651	0.08492	0.02184	0.01720	0.02464	0.03750	0.07015	0.01761	0.00876	0.00774	0.00234	0.00862	0.03345	0.02727	0.03458
2	0.03403	0.01291	0.01760	0.01350	0.01936	0.01115	0.01115	0.03697	0.02171	0.69137	0.02992	0.02582	0.01878	0.00939	0.00763	0.00235	0.00645	0.00763	0.00939	0.01291
3	0.03403	0.01291	0.01760	0.01350	0.01936	0.01115	0.01115	0.03697	0.02171	0.69137	0.02992	0.02582	0.01878	0.00939	0.00763	0.00235	0.00645	0.00763	0.00939	0.01291
4	0.00896	0.00768	0.00768	0.00768	0.01025	0.00640	0.00576	0.01089	0.01729	0.02049	0.07684	0.07300	0.68304	0.01921	0.00896	0.00256	0.00384	0.01601	0.00704	0.00640
5	0.00924	0.00660	0.00880	0.01056	0.01100	0.00616	0.00704	0.01056	0.01452	0.01936	0.04181	0.72848	0.05017	0.02376	0.00968	0.00308	0.00440	0.02156	0.00704	0.00616
6	0.01790	0.02046	0.04476	0.03197	0.03964	0.01918	0.65857	0.02430	0.01790	0.02430	0.01535	0.02046	0.01151	0.00639	0.00895	0.00256	0.01279	0.00895	0.00384	0.01023
7	0.01790	0.02046	0.04476	0.03197	0.03964	0.01918	0.65857	0.02430	0.01790	0.02430	0.01535	0.02046	0.01151	0.00639	0.00895	0.00256	0.01279	0.00895	0.00384	0.01023
8	0.01887	0.01629	0.01715	0.01544	0.01972	0.01887	0.01201	0.04031	0.67241	0.03173	0.03087	0.02830	0.02315	0.01029	0.00772	0.00257	0.00600	0.00858	0.00772	0.01201
9	0.03109	0.01317	0.01715	0.01335	0.01862	0.01200	0.01079	0.09749	0.02200	0.55512	0.02810	0.02755	0.01910	0.08534	0.01087	0.00287	0.00674	0.00790	0.00870	0.01204
10	0.01577	0.03536	0.56015	0.02375	0.03423	0.01794	0.15812	0.02408	0.01640	0.02408	0.01397	0.01693	0.01000	0.00704	0.00757	0.00243	0.01154	0.00630	0.00333	0.01101
11	0.01084	0.00813	0.01219	0.01219	0.01354	0.00948	0.00948	0.01354	0.01219	0.01761	0.02032	0.02980	0.01896	0.05689	0.70337	0.01219	0.02032	0.00813	0.00406	0.00677
12	0.00896	0.00768	0.00768	0.00768	0.01025	0.00640	0.00576	0.01089	0.01729	0.02049	0.07684	0.07300	0.68304	0.01921	0.00896	0.00256	0.00384	0.01601	0.00704	0.00640
13	0.01211	0.09495	0.01501	0.01175	0.01379	0.01156	0.00945	0.01492	0.01373	0.01950	0.08882	0.03044	0.02341	0.04418	0.51302	0.00939	0.01628	0.00818	0.04232	0.00718
14	0.01919	0.02341	0.16805	0.10610	0.03377	0.03959	0.24087	0.14792	0.06748	0.02877	0.03831	0.02063	0.01398	0.00785	0.00801	0.00244	0.01052	0.00759	0.00480	0.01072
15	0.00924	0.00660	0.00880	0.01056	0.01100	0.00616	0.00704	0.01056	0.01452	0.01936	0.04181	0.72848	0.05017	0.02376	0.00968	0.00308	0.00440	0.02156	0.00704	0.00616
16	0.01521	0.03923	0.69413	0.02162	0.03283	0.01762	0.02802	0.02402	0.01601	0.02402	0.01361	0.01601	0.00961	0.00721	0.00721	0.00240	0.01121	0.00560	0.00320	0.01121
17	0.02130	0.02557	0.03719	0.02792	0.03437	0.24169	0.44903	0.02625	0.01907	0.02243	0.01417	0.01825	0.01094	0.00686	0.00826	0.00236	0.01308	0.00763	0.00386	0.00976
18	0.01586	0.03470	0.53712	0.02412	0.03448	0.01799	0.18048	0.02409	0.01647	0.02409	0.01403	0.01709	0.01007	0.00701	0.00763	0.00244	0.01159	0.00641	0.00336	0.01097
19	0.01877	0.01802	0.03079	0.04656	0.68612	0.01802	0.02328	0.02328	0.01727	0.02478	0.01427	0.01877	0.01201	0.00676	0.00751	0.00225	0.00901	0.00676	0.00375	0.01201
20	0.01875	0.01679	0.02044	0.01740	0.02210	0.01890	0.08900	0.03840	0.59447	0.03084	0.02902	0.02737	0.02177	0.00983	0.00786	0.00257	0.00681	0.00862	0.00726	0.01179
21	0.01625	0.01723	0.03457	0.34836	0.04548	0.01810	0.36335	0.02202	0.01664	0.02202	0.01448	0.02035	0.01086	0.00694	0.00832	0.00254	0.01155	0.00793	0.00362	0.00939
22	0.00924	0.00660	0.00880	0.01056	0.01100	0.00616	0.00704	0.01056	0.01452	0.01936	0.04181	0.72848	0.05017	0.02376	0.00968	0.00308	0.00440	0.02156	0.00704	0.00616
23	0.00921	0.00673	0.00867	0.01022	0.01091	0.00619	0.00689	0.01060	0.01485	0.01950	0.04598	0.65042	0.12553	0.02322	0.00960	0.00302	0.00433	0.02090	0.00704	0.00619
24	0.02881	0.01983	0.02107	0.01655	0.02228	0.05604	0.01352	0.43724	0.09894	0.17407	0.02156	0.02056	0.01499	0.00922	0.00757	0.00230	0.00800	0.00707	0.00777	0.01259
25	0.01802	0.01996	0.04147	0.03000	0.03727	0.01914	0.58157	0.02620	0.09585	0.02518	0.01719	0.02139	0.01290	0.00686	0.00880	0.00256	0.01198	0.00891	0.00430	0.01044
26	0.02833	0.03615	0.02149	0.01954	0.02345	0.70298	0.01466	0.03029	0.02149	0.01856	0.01172	0.01368	0.00977	0.00782	0.00684	0.00195	0.01368	0.00489	0.00391	0.00879
27	0.01881	0.01288	0.01631	0.01326	0.01697	0.01340	0.08588	0.21043	0.02200	0.03332	0.02228	0.04917	0.01763	0.00916	0.00658	0.00206	0.00611	0.00774	0.42686	0.00916
28	0.01742	0.02184	0.10962	0.02905	0.03592	0.01963	0.49459	0.02335	0.01675	0.02335	0.01434	0.01940	0.01107	0.00753	0.01120	0.00266	0.12030	0.00825	0.00369	0.01004
29	0.00924	0.00660	0.00880	0.01056	0.01100	0.00616	0.00704	0.01056	0.01452	0.01936	0.04181	0.72848	0.05017	0.02376	0.00968	0.00308	0.00440	0.02156	0.00704	0.00616
30	0.01867	0.01831	0.03245	0.04482	0.60913	0.01816	0.09893	0.02340	0.01735	0.02472	0.01440	0.01897	0.01195	0.00671	0.00768	0.00229	0.00946	0.00702	0.00376	0.01180
31	0.01432	0.01348	0.02275	0.71520	0.05224	0.01685	0.02107	0.01938	0.01517	0.01938	0.01348	0.02022	0.01011	0.00758	0.00758	0.00253	0.01011	0.00674	0.00337	0.00843
32	0.01248	0.01014	0.01689	0.01519	0.01758	0.00955	0.14179	0.01569	0.03996	0.05094	0.03657	0.50330	0.06081	0.01889	0.00934	0.00290	0.00626	0.01767	0.00651	0.00753
33	0.01003	0.00748	0.00932	0.00938	0.01103	0.00677	0.00684	0.01275	0.01903	0.02584	0.41056	0.21026	0.19656	0.01814	0.00911	0.00258	0.00382	0.01596	0.00778	0.00677
34	0.18303	0.19235	0.02359	0.01599	0.02073	0.38499	0.01293	0.04729	0.01879	0.02254	0.01142	0.01320	0.00954	0.00739	0.00597	0.00197	0.01062	0.00460	0.00404	0.00902
35	0.01815	0.02123	0.10686	0.02703	0.03424	0.01832	0.45250	0.09891	0.01980	0.02708	0.04672	0.05834	0.01618	0.00812	0.00864	0.00253	0.01124	0.00922	0.00459	0.01030
36	0.01677	0.01631	0.02439	0.02049	0.02185	0.02105	0.09015	0.04740	0.01411	0.02080	0.01455	0.02533	0.01428	0.01321	0.02056	0.00320	0.52122	0.08175	0.00401	0.00857
37	0.10778	0.11121	0.51562	0.01972	0.02950	0.01895	0.04959	0.02369	0.01566	0.02456	0.01299	0.01534	0.00953	0.00708	0.00672	0.00232	0.01030	0.00539	0.00341	0.01065

[dist]
# distance from previous block
# <min> <max>
6	61

[block]
# block no. 1 follows, 26 sequences, length 6
# corresponding to MSA columns:
# 365-370
name=unknown_B
#
# <colnr> <probs for GDERKNQSTAVLIFYWHMCP>
#	G	D	E	R	K	N	Q	S	T	A	V	L	I	F	Y	W	H	M	C	P
0	0.01877	0.01802	0.03079	0.04656	0.68612	0.01802	0.02328	0.02328	0.01727	0.02478	0.01427	0.01877	0.01201	0.00676	0.00751	0.00225	0.00901	0.00676	0.00375	0.01201
1	0.01483	0.01400	0.02366	0.63914	0.12434	0.01699	0.02132	0.01982	0.01541	0.01999	0.01357	0.02006	0.01033	0.00749	0.00757	0.00250	0.00999	0.00674	0.00341	0.00883
2	0.01877	0.01802	0.03079	0.04656	0.68612	0.01802	0.02328	0.02328	0.01727	0.02478	0.01427	0.01877	0.01201	0.00676	0.00751	0.00225	0.00901	0.00676	0.00375	0.01201
3	0.01661	0.01241	0.01351	0.01249	0.01552	0.04105	0.00940	0.10035	0.13121	0.07435	0.06486	0.28252	0.07999	0.01535	0.00827	0.00254	0.00567	0.01326	0.04005	0.06061
4	0.01831	0.38963	0.26395	0.01634	0.02415	0.02407	0.01807	0.02574	0.11161	0.02202	0.01458	0.01586	0.01165	0.00729	0.00610	0.00203	0.00888	0.00525	0.00388	0.01058
5	0.01986	0.12235	0.02039	0.01409	0.01885	0.11411	0.03614	0.08613	0.08217	0.08150	0.05409	0.07490	0.11024	0.01069	0.00725	0.00211	0.00739	0.00865	0.00591	0.12319

[dist]
# distance from previous block
# <min> <max>
7	14

[block]
# block no. 2 follows, 26 sequences, length 18
# corresponding to MSA columns:
# 388-405
name=unknown_C
#
# <colnr> <probs for GDERKNQSTAVLIFYWHMCP>
#	G	D	E	R	K	N	Q	S	T	A	V	L	I	F	Y	W	H	M	C	P
0	0.16901	0.01831	0.01864	0.01535	0.02055	0.02070	0.01242	0.32756	0.24924	0.03969	0.02109	0.02055	0.01552	0.00912	0.00708	0.00239	0.00708	0.00691	0.00708	0.01171
1	0.10418	0.14337	0.02195	0.01427	0.01991	0.01916	0.01206	0.17537	0.13083	0.25029	0.02204	0.02073	0.01550	0.00872	0.00685	0.00224	0.00704	0.00662	0.00714	0.01172
2	0.01763	0.48377	0.14270	0.01376	0.02014	0.02363	0.01437	0.02134	0.01666	0.02125	0.13824	0.02123	0.02142	0.00832	0.00603	0.00190	0.00777	0.00614	0.00420	0.00949
3	0.01824	0.14658	0.33804	0.01782	0.02580	0.01970	0.01962	0.02957	0.21931	0.06296	0.01936	0.01973	0.01434	0.00816	0.00700	0.00232	0.00882	0.00638	0.00495	0.01131
4	0.52181	0.01218	0.01011	0.00928	0.01303	0.01357	0.00744	0.01987	0.01461	0.03172	0.08715	0.02398	0.06585	0.00910	0.00555	0.00227	0.00510	0.00646	0.13312	0.00778
5	0.01658	0.01018	0.01244	0.01162	0.01437	0.00988	0.00874	0.06673	0.08690	0.15195	0.14704	0.28287	0.11652	0.01668	0.00873	0.00265	0.00504	0.01455	0.00781	0.00873
6	0.52537	0.13713	0.01839	0.01413	0.06535	0.09014	0.01077	0.02326	0.01453	0.02907	0.01095	0.01291	0.00890	0.00701	0.00515	0.00218	0.00728	0.00437	0.00430	0.00880
7	0.02816	0.01885	0.02086	0.01637	0.02210	0.02041	0.01340	0.43973	0.13866	0.16702	0.02253	0.02132	0.01571	0.00936	0.00762	0.00234	0.00760	0.00727	0.00795	0.01275
8	0.01231	0.00938	0.01368	0.13675	0.02132	0.00986	0.01282	0.01610	0.01782	0.02358	0.15703	0.06857	0.04303	0.01756	0.00968	0.00311	0.00689	0.40662	0.00661	0.00727
9	0.03068	0.01828	0.02093	0.01605	0.02204	0.01913	0.01326	0.43918	0.03071	0.27645	0.02237	0.02091	0.01499	0.00921	0.00760	0.00230	0.00767	0.00711	0.00823	0.01290
10	0.01696	0.01368	0.01584	0.01195	0.01764	0.01178	0.00954	0.12465	0.02012	0.02963	0.14090	0.02389	0.02294	0.00807	0.00657	0.00155	0.00568	0.00663	0.00574	0.50625
11	0.16138	0.03458	0.56478	0.01941	0.02939	0.01750	0.02427	0.02369	0.01543	0.02592	0.01303	0.01531	0.00934	0.00718	0.00673	0.00239	0.01020	0.00532	0.00349	0.01064
12	0.16395	0.01483	0.01585	0.01213	0.01805	0.01374	0.00977	0.13971	0.01888	0.03055	0.01518	0.04988	0.01285	0.00742	0.00601	0.00167	0.00612	0.00568	0.00524	0.45250
13	0.01575	0.00939	0.01228	0.01154	0.01436	0.00861	0.00920	0.01933	0.03641	0.15197	0.26502	0.12291	0.07780	0.01585	0.00888	0.00263	0.00516	0.15098	0.00780	0.05411
14	0.19936	0.04383	0.05852	0.01496	0.02050	0.13104	0.01271	0.14136	0.07522	0.17985	0.01841	0.01826	0.01314	0.00828	0.00665	0.00223	0.00813	0.00598	0.00624	0.03535
15	0.01558	0.05420	0.01532	0.01232	0.01545	0.01211	0.02990	0.13744	0.02104	0.05995	0.18990	0.15961	0.14558	0.01835	0.05920	0.00321	0.00668	0.02869	0.00702	0.00845
16	0.01375	0.01014	0.01214	0.02965	0.01529	0.00911	0.00900	0.05291	0.01827	0.06351	0.07629	0.11056	0.25689	0.01568	0.00848	0.00247	0.00539	0.12996	0.00669	0.15382
17	0.04342	0.04119	0.01976	0.01591	0.02080	0.05109	0.02737	0.19723	0.34758	0.09034	0.02486	0.02436	0.01856	0.03257	0.00848	0.00256	0.00727	0.00770	0.00724	0.01171

[dist]
# distance from previous block
# <min> <max>
3	38

[block]
# block no. 3 follows, 26 sequences, length 29
# corresponding to MSA columns:
# 479-507
name=unknown_D
#
# <colnr> <probs for GDERKNQSTAVLIFYWHMCP>
#	G	D	E	R	K	N	Q	S	T	A	V	L	I	F	Y	W	H	M	C	P
0	0.01901	0.04755	0.10487	0.09673	0.27287	0.04131	0.04174	0.13240	0.02013	0.02727	0.02014	0.02283	0.07121	0.00837	0.00747	0.00226	0.00892	0.00727	0.00463	0.04302
1	0.01745	0.19347	0.44017	0.01828	0.02732	0.02018	0.02185	0.07786	0.01755	0.02496	0.01410	0.01620	0.01061	0.00732	0.00658	0.00217	0.00972	0.00546	0.05801	0.01073
2	0.01494	0.01047	0.01317	0.01221	0.01484	0.01053	0.00945	0.11980	0.01974	0.05945	0.17405	0.20065	0.03839	0.02347	0.13679	0.00434	0.00818	0.06093	0.00680	0.06181
3	0.08882	0.01367	0.04255	0.01280	0.01655	0.01336	0.01051	0.13531	0.07564	0.10784	0.13083	0.13362	0.12775	0.01370	0.00881	0.00254	0.03800	0.01124	0.00712	0.00933
4	0.01774	0.23030	0.43469	0.01951	0.02871	0.07452	0.04917	0.02416	0.01635	0.02191	0.01269	0.01496	0.00973	0.00702	0.00661	0.00216	0.01062	0.00526	0.00330	0.01057
5	0.01045	0.00750	0.00981	0.01125	0.01208	0.00723	0.00794	0.04050	0.01580	0.02101	0.04056	0.62588	0.04777	0.02279	0.00967	0.00309	0.00486	0.08818	0.00706	0.00656
6	0.01685	0.01632	0.02852	0.32444	0.37121	0.01762	0.07188	0.02173	0.01644	0.02249	0.01402	0.01951	0.01118	0.00707	0.00765	0.00239	0.00976	0.00692	0.00360	0.01038
7	0.01599	0.04865	0.02238	0.25823	0.10840	0.06980	0.04559	0.02040	0.03772	0.02151	0.06145	0.03187	0.05653	0.01079	0.00980	0.00260	0.08457	0.08042	0.00454	0.00876
8	0.01784	0.02029	0.04379	0.03143	0.03876	0.01936	0.62971	0.02403	0.01762	0.02403	0.01510	0.02029	0.01144	0.00670	0.00967	0.00259	0.04456	0.00885	0.00381	0.01014
9	0.00947	0.00677	0.00907	0.01083	0.01137	0.00636	0.00744	0.01096	0.01475	0.01962	0.04168	0.67836	0.04966	0.02354	0.00974	0.00311	0.00460	0.06939	0.00704	0.00623
10	0.01594	0.16476	0.54362	0.01943	0.02927	0.01940	0.02421	0.02319	0.01568	0.02247	0.01353	0.01686	0.01046	0.04052	0.00823	0.00249	0.01047	0.00557	0.00327	0.01064
11	0.01517	0.01430	0.02364	0.43013	0.14773	0.01628	0.06238	0.02125	0.06737	0.02218	0.05255	0.02542	0.05215	0.00863	0.00782	0.00248	0.00911	0.00791	0.00426	0.00924
12	0.01521	0.03923	0.69413	0.02162	0.03283	0.01762	0.02802	0.02402	0.01601	0.02402	0.01361	0.01601	0.00961	0.00721	0.00721	0.00240	0.01121	0.00560	0.00320	0.01121
13	0.01458	0.01374	0.02321	0.67734	0.08813	0.01692	0.02119	0.01960	0.01529	0.01969	0.01353	0.02014	0.01022	0.00754	0.00758	0.00251	0.01005	0.00674	0.00339	0.00863
14	0.13170	0.01499	0.02022	0.40776	0.03715	0.03986	0.01705	0.07092	0.01622	0.02369	0.01460	0.05947	0.01235	0.00925	0.00930	0.00259	0.09300	0.00714	0.00413	0.00862
15	0.01665	0.01058	0.01549	0.03524	0.05410	0.01045	0.04334	0.01912	0.01672	0.16996	0.03614	0.31118	0.09355	0.01681	0.01018	0.00283	0.06160	0.06072	0.00682	0.00851
16	0.01480	0.01397	0.02361	0.64401	0.11973	0.01698	0.02130	0.01979	0.01539	0.01995	0.01357	0.02007	0.01031	0.00750	0.00758	0.00250	0.00999	0.00674	0.00341	0.00881
17	0.01424	0.01006	0.01418	0.15618	0.02221	0.01063	0.01210	0.01893	0.07121	0.08265	0.09148	0.22858	0.03710	0.01654	0.00905	0.00291	0.00651	0.18075	0.00666	0.00803
18	0.01248	0.01110	0.01680	0.04743	0.01825	0.01230	0.07696	0.01514	0.01577	0.02158	0.12490	0.23578	0.11030	0.01690	0.01289	0.00293	0.16999	0.06522	0.00587	0.00741
19	0.01032	0.00744	0.00944	0.01055	0.01141	0.00710	0.00719	0.04101	0.01584	0.02111	0.07774	0.58638	0.08051	0.06193	0.01112	0.00322	0.00467	0.01957	0.00700	0.00646
20	0.01521	0.03923	0.69413	0.02162	0.03283	0.01762	0.02802	0.02402	0.01601	0.02402	0.01361	0.01601	0.00961	0.00721	0.00721	0.00240	0.01121	0.00560	0.00320	0.01121
21	0.01724	0.22780	0.39698	0.02364	0.14443	0.02110	0.02305	0.02353	0.01607	0.02246	0.01288	0.01544	0.01007	0.00693	0.00662	0.00216	0.00997	0.00538	0.00331	0.01095
22	0.01673	0.02290	0.16876	0.15300	0.04057	0.01845	0.41947	0.02336	0.01704	0.02336	0.01467	0.01954	0.01088	0.00677	0.00836	0.00252	0.01199	0.00789	0.00363	0.01010
23	0.01028	0.00742	0.00985	0.01092	0.01210	0.00700	0.00816	0.01269	0.01710	0.02300	0.20749	0.38086	0.08500	0.02080	0.00964	0.00297	0.00474	0.15602	0.00736	0.00661
24	0.01621	0.01605	0.02824	0.36399	0.19156	0.01829	0.12490	0.02094	0.01565	0.02128	0.01353	0.01948	0.01076	0.00791	0.00994	0.00257	0.09856	0.00709	0.00353	0.00953
25	0.02261	0.01654	0.04330	0.01894	0.02442	0.01589	0.16395	0.15771	0.08270	0.18320	0.05567	0.03411	0.02251	0.01082	0.00845	0.00259	0.00837	0.11033	0.00695	0.01091
26	0.00935	0.00710	0.00856	0.00966	0.01086	0.00641	0.00676	0.01093	0.01547	0.01973	0.05296	0.45100	0.26383	0.04838	0.01055	0.00308	0.00444	0.04777	0.00695	0.00622
27	0.01646	0.03113	0.42536	0.02824	0.14097	0.01807	0.18326	0.02397	0.01669	0.02421	0.01415	0.01756	0.01047	0.00693	0.00769	0.00242	0.01124	0.00662	0.00345	0.01110
28	0.05987	0.01687	0.01954	0.20399	0.02893	0.07214	0.01483	0.15485	0.11987	0.14379	0.02168	0.02618	0.01662	0.00964	0.00764	0.00247	0.00835	0.05589	0.00630	0.01054

[dist]
# distance from previous block
# <min> <max>
0	1

[block]
# block no. 4 follows, 26 sequences, length 7
# corresponding to MSA columns:
# 509-512,514-516
name=unknown_E
#
# <colnr> <probs for GDERKNQSTAVLIFYWHMCP>
#	G	D	E	R	K	N	Q	S	T	A	V	L	I	F	Y	W	H	M	C	P
0	0.01759	0.02263	0.11984	0.03077	0.03885	0.01900	0.58566	0.02426	0.01768	0.02426	0.01514	0.01995	0.01129	0.00649	0.00875	0.00254	0.01261	0.00856	0.00376	0.01034
1	0.00972	0.00720	0.00917	0.01041	0.01156	0.00665	0.00755	0.01163	0.01598	0.02083	0.09277	0.45859	0.17644	0.02188	0.00960	0.00299	0.00461	0.10888	0.00712	0.00640
2	0.01106	0.00797	0.01143	0.01143	0.01266	0.00909	0.00867	0.01351	0.01229	0.01793	0.02100	0.03196	0.01997	0.13092	0.58502	0.01100	0.01782	0.00839	0.05134	0.00654
3	0.01878	0.01676	0.02421	0.01773	0.02413	0.01559	0.15952	0.14257	0.01976	0.02861	0.01459	0.01734	0.01153	0.00695	0.00799	0.00181	0.05347	0.00610	0.00486	0.40769
4	0.08974	0.09003	0.23237	0.02061	0.02802	0.01760	0.20568	0.02398	0.04364	0.06093	0.09636	0.02257	0.01861	0.00813	0.00752	0.00237	0.00949	0.00752	0.00467	0.01013
5	0.01934	0.01620	0.02931	0.28070	0.03895	0.01696	0.24960	0.02619	0.08386	0.13342	0.01864	0.02205	0.01337	0.00772	0.00810	0.00251	0.01006	0.00787	0.00497	0.01018
6	0.09386	0.01345	0.02012	0.01642	0.02039	0.01354	0.16914	0.04905	0.09680	0.05052	0.06412	0.04100	0.09973	0.13089	0.01334	0.00341	0.00774	0.08207	0.00587	0.00855

[dist]
# distance from previous block
# <min> <max>
31	175

[block]
# block no. 5 follows, 26 sequences, length 22
# corresponding to MSA columns:
# 799-820
name=unknown_F
#
# <colnr> <probs for GDERKNQSTAVLIFYWHMCP>
#	G	D	E	R	K	N	Q	S	T	A	V	L	I	F	Y	W	H	M	C	P
0	0.05038	0.01171	0.01767	0.40241	0.03517	0.01337	0.01571	0.01779	0.01644	0.02249	0.11627	0.03723	0.05946	0.01117	0.00803	0.00257	0.00794	0.10048	0.00493	0.04878
1	0.01195	0.00809	0.01048	0.01110	0.01250	0.00781	0.00801	0.04736	0.01688	0.05654	0.10806	0.46917	0.07959	0.02327	0.05696	0.00354	0.00582	0.04866	0.00712	0.00707
2	0.01831	0.01471	0.02023	0.01488	0.02140	0.01243	0.10241	0.02395	0.08519	0.09602	0.01730	0.01879	0.01332	0.00662	0.00653	0.00161	0.00677	0.00589	0.00525	0.50841
3	0.02311	0.01796	0.01966	0.01503	0.02115	0.01827	0.01223	0.36606	0.09847	0.03788	0.01793	0.01844	0.01344	0.00800	0.00691	0.00190	0.00713	0.00620	0.00651	0.28371
4	0.01213	0.00806	0.00993	0.00968	0.01186	0.00720	0.00729	0.01477	0.01891	0.08532	0.30302	0.16584	0.25456	0.01766	0.00902	0.00260	0.00420	0.04292	0.00777	0.00728
5	0.00924	0.00660	0.00880	0.01056	0.01100	0.00616	0.00704	0.01056	0.01452	0.01936	0.04181	0.72848	0.05017	0.02376	0.00968	0.00308	0.00440	0.02156	0.00704	0.00616
6	0.01574	0.03555	0.56676	0.02365	0.03417	0.01792	0.15170	0.02408	0.01638	0.02408	0.01395	0.01689	0.00998	0.00705	0.00755	0.00243	0.01152	0.00626	0.00333	0.01102
7	0.03252	0.01442	0.01966	0.01495	0.02094	0.01323	0.04393	0.12098	0.02341	0.57073	0.02761	0.02452	0.01762	0.00920	0.00769	0.00235	0.00703	0.00759	0.00887	0.01277
8	0.03403	0.01291	0.01760	0.01350	0.01936	0.01115	0.01115	0.03697	0.02171	0.69137	0.02992	0.02582	0.01878	0.00939	0.00763	0.00235	0.00645	0.00763	0.00939	0.01291
9	0.00942	0.00783	0.00832	0.00856	0.01101	0.00673	0.00667	0.01156	0.01731	0.02080	0.07171	0.07475	0.59358	0.01945	0.00918	0.00269	0.00428	0.10262	0.00704	0.00648
10	0.01927	0.01897	0.03030	0.04514	0.65135	0.05396	0.02283	0.02365	0.01749	0.02445	0.01413	0.01851	0.01190	0.00681	0.00747	0.00224	0.00926	0.00666	0.00376	0.01185
11	0.03403	0.01291	0.01760	0.01350	0.01936	0.01115	0.01115	0.03697	0.02171	0.69137	0.02992	0.02582	0.01878	0.00939	0.00763	0.00235	0.00645	0.00763	0.00939	0.01291
12	0.01593	0.03473	0.56135	0.02041	0.03026	0.01786	0.02488	0.02722	0.14476	0.02553	0.01700	0.01842	0.01227	0.00781	0.00731	0.00244	0.01019	0.00619	0.00409	0.01137
13	0.01573	0.01348	0.01573	0.01123	0.01798	0.01011	0.00899	0.01910	0.01573	0.02472	0.01348	0.01573	0.01123	0.00562	0.00562	0.00112	0.00562	0.00449	0.00449	0.77980
14	0.01807	0.01731	0.02952	0.15161	0.58652	0.01784	0.02293	0.02267	0.01694	0.02393	0.01414	0.01900	0.01172	0.00689	0.00752	0.00230	0.00918	0.00676	0.00369	0.01145
15	0.01074	0.00775	0.01014	0.00954	0.01133	0.00716	0.00716	0.01431	0.02147	0.03042	0.68211	0.05666	0.07157	0.01551	0.00895	0.00239	0.00358	0.01372	0.00835	0.00716
16	0.01521	0.03923	0.69413	0.02162	0.03283	0.01762	0.02802	0.02402	0.01601	0.02402	0.01361	0.01601	0.00961	0.00721	0.00721	0.00240	0.01121	0.00560	0.00320	0.01121
17	0.01074	0.00775	0.01014	0.00954	0.01133	0.00716	0.00716	0.01431	0.02147	0.03042	0.68211	0.05666	0.07157	0.01551	0.00895	0.00239	0.00358	0.01372	0.00835	0.00716
18	0.01521	0.03923	0.69413	0.02162	0.03283	0.01762	0.02802	0.02402	0.01601	0.02402	0.01361	0.01601	0.00961	0.00721	0.00721	0.00240	0.01121	0.00560	0.00320	0.01121
19	0.01362	0.01215	0.01954	0.51356	0.04118	0.01433	0.01761	0.01824	0.01639	0.02162	0.12096	0.03172	0.02286	0.00997	0.00799	0.00254	0.00863	0.06490	0.00452	0.03767
20	0.01241	0.00780	0.00963	0.01000	0.01186	0.00692	0.00717	0.01421	0.01657	0.10699	0.07378	0.40778	0.24600	0.02018	0.00916	0.00280	0.00446	0.01774	0.00739	0.00714
21	0.01867	0.06669	0.02039	0.01421	0.02030	0.08521	0.04248	0.07839	0.01800	0.02535	0.01344	0.01577	0.01108	0.00663	0.00698	0.00152	0.04214	0.00504	0.00454	0.50318

[dist]
# distance from previous block
# <min> <max>
14	44

[block]
# block no. 6 follows, 26 sequences, length 25
# corresponding to MSA columns:
# 868-892
name=unknown_G
#
# <colnr> <probs for GDERKNQSTAVLIFYWHMCP>
#	G	D	E	R	K	N	Q	S	T	A	V	L	I	F	Y	W	H	M	C	P
0	0.01957	0.01779	0.01886	0.08966	0.02367	0.06901	0.01364	0.07645	0.46673	0.02956	0.02532	0.02488	0.01919	0.00996	0.00887	0.00256	0.05857	0.00786	0.00666	0.01119
1	0.02492	0.01895	0.02253	0.01756	0.02271	0.02103	0.06000	0.48135	0.02974	0.04063	0.01807	0.01981	0.01350	0.01264	0.05925	0.00305	0.05580	0.00708	0.05985	0.01156
2	0.01432	0.01348	0.02275	0.71520	0.05224	0.01685	0.02107	0.01938	0.01517	0.01938	0.01348	0.02022	0.01011	0.00758	0.00758	0.00253	0.01011	0.00674	0.00337	0.00843
3	0.01756	0.01941	0.03961	0.02877	0.03528	0.01910	0.52072	0.02307	0.01685	0.02347	0.01445	0.01957	0.01127	0.00731	0.01097	0.00256	0.11249	0.00830	0.00381	0.06542
4	0.02833	0.03615	0.02149	0.01954	0.02345	0.70298	0.01466	0.03029	0.02149	0.01856	0.01172	0.01368	0.00977	0.00782	0.00684	0.00195	0.01368	0.00489	0.00391	0.00879
5	0.00924	0.00660	0.00880	0.01056	0.01100	0.00616	0.00704	0.01056	0.01452	0.01936	0.04181	0.72848	0.05017	0.02376	0.00968	0.00308	0.00440	0.02156	0.00704	0.00616
6	0.01521	0.03923	0.69413	0.02162	0.03283	0.01762	0.02802	0.02402	0.01601	0.02402	0.01361	0.01601	0.00961	0.00721	0.00721	0.00240	0.01121	0.00560	0.00320	0.01121
7	0.01887	0.01629	0.01715	0.01544	0.01972	0.01887	0.01201	0.04031	0.67241	0.03173	0.03087	0.02830	0.02315	0.01029	0.00772	0.00257	0.00600	0.00858	0.00772	0.01201
8	0.00896	0.00768	0.00768	0.00768	0.01025	0.00640	0.00576	0.01089	0.01729	0.02049	0.07684	0.07300	0.68304	0.01921	0.00896	0.00256	0.00384	0.01601	0.00704	0.00640
9	0.01074	0.00775	0.01014	0.00954	0.01133	0.00716	0.00716	0.01431	0.02147	0.03042	0.68211	0.05666	0.07157	0.01551	0.00895	0.00239	0.00358	0.01372	0.00835	0.00716
10	0.01539	0.03800	0.65158	0.02230	0.03328	0.01772	0.06934	0.02404	0.01614	0.02404	0.01373	0.01631	0.00973	0.00715	0.00732	0.00241	0.01131	0.00582	0.00324	0.01115
11	0.03403	0.01291	0.01760	0.01350	0.01936	0.01115	0.01115	0.03697	0.02171	0.69137	0.02992	0.02582	0.01878	0.00939	0.00763	0.00235	0.00645	0.00763	0.00939	0.01291
12	0.00896	0.00768	0.00768	0.00768	0.01025	0.00640	0.00576	0.01089	0.01729	0.02049	0.07684	0.07300	0.68304	0.01921	0.00896	0.00256	0.00384	0.01601	0.00704	0.00640
13	0.01432	0.01348	0.02275	0.71520	0.05224	0.01685	0.02107	0.01938	0.01517	0.01938	0.01348	0.02022	0.01011	0.00758	0.00758	0.00253	0.01011	0.00674	0.00337	0.00843
14	0.01659	0.01659	0.02323	0.01991	0.01991	0.02323	0.01659	0.01825	0.01162	0.01825	0.00996	0.01659	0.00996	0.01328	0.02489	0.00332	0.71955	0.00664	0.00332	0.00830
15	0.00924	0.00660	0.00880	0.01056	0.01100	0.00616	0.00704	0.01056	0.01452	0.01936	0.04181	0.72848	0.05017	0.02376	0.00968	0.00308	0.00440	0.02156	0.00704	0.00616
16	0.01521	0.03923	0.69413	0.02162	0.03283	0.01762	0.02802	0.02402	0.01601	0.02402	0.01361	0.01601	0.00961	0.00721	0.00721	0.00240	0.01121	0.00560	0.00320	0.01121
17	0.78701	0.01467	0.01115	0.00997	0.01467	0.01702	0.00821	0.02230	0.01291	0.03403	0.01056	0.01232	0.00821	0.00704	0.00469	0.00235	0.00587	0.00411	0.00469	0.00821
18	0.02028	0.73799	0.03975	0.01298	0.01947	0.03001	0.01298	0.02271	0.01541	0.01785	0.01055	0.01217	0.00973	0.00649	0.00487	0.00162	0.00811	0.00406	0.00324	0.00973
19	0.02121	0.01562	0.02174	0.01821	0.01977	0.02003	0.01515	0.02321	0.01429	0.19651	0.01524	0.01904	0.01229	0.01225	0.02032	0.00306	0.53071	0.00690	0.00493	0.00952
20	0.01014	0.00710	0.00915	0.01044	0.01095	0.00684	0.00713	0.01142	0.01402	0.01860	0.03683	0.45718	0.04326	0.21130	0.01745	0.00427	0.00555	0.10612	0.00639	0.00586
21	0.01290	0.16364	0.01497	0.00925	0.01077	0.01215	0.00645	0.01352	0.01229	0.01567	0.02374	0.04281	0.05715	0.54157	0.02988	0.00588	0.00734	0.00979	0.00443	0.00579
22	0.12333	0.04875	0.01972	0.08256	0.02328	0.06508	0.01319	0.22680	0.04867	0.19139	0.02086	0.02414	0.01569	0.00946	0.00727	0.00237	0.00792	0.05175	0.00676	0.01099
23	0.01804	0.51276	0.14950	0.01400	0.02064	0.02461	0.01477	0.02175	0.01638	0.02070	0.10631	0.01915	0.01848	0.00789	0.00585	0.00187	0.00801	0.00570	0.00396	0.00963
24	0.11994	0.09431	0.35694	0.01701	0.02521	0.01769	0.01928	0.08048	0.01808	0.07350	0.06306	0.01898	0.01494	0.00797	0.00678	0.00225	0.00883	0.00605	0.00465	0.04404

[dist]
# distance from previous block
# <min> <max>
1	42

[block]
# block no. 7 follows, 26 sequences, length 8
# corresponding to MSA columns:
# 935-942
name=unknown_H
#
# <colnr> <probs for GDERKNQSTAVLIFYWHMCP>
#	G	D	E	R	K	N	Q	S	T	A	V	L	I	F	Y	W	H	M	C	P
0	0.01794	0.25515	0.21819	0.02310	0.03135	0.02223	0.28199	0.02372	0.01660	0.02216	0.01334	0.01661	0.01043	0.00664	0.00717	0.00222	0.01087	0.00648	0.00348	0.01034
1	0.01930	0.01291	0.01512	0.01334	0.01711	0.01357	0.01055	0.05996	0.28909	0.15242	0.22290	0.03938	0.03746	0.01229	0.00823	0.00252	0.00554	0.04970	0.00816	0.01046
2	0.01295	0.01110	0.01243	0.00978	0.01480	0.00859	0.00766	0.01573	0.01637	0.02298	0.03948	0.03923	0.28695	0.01120	0.00699	0.00171	0.00489	0.00922	0.00554	0.46239
3	0.01280	0.01229	0.02356	0.01935	0.02276	0.01150	0.27444	0.01620	0.01591	0.02139	0.03095	0.43790	0.03430	0.01663	0.00938	0.00287	0.00784	0.01639	0.00573	0.00783
4	0.02652	0.01314	0.01683	0.01257	0.01879	0.01072	0.01026	0.02963	0.01925	0.41776	0.02318	0.02168	0.01568	0.00784	0.00680	0.00184	0.00611	0.00634	0.00738	0.32765
5	0.01319	0.01058	0.01223	0.01256	0.01458	0.01138	0.00908	0.02277	0.28453	0.02444	0.03732	0.44111	0.03908	0.01823	0.00888	0.00287	0.00506	0.01623	0.00732	0.00856
6	0.01758	0.01514	0.01657	0.01371	0.01901	0.01527	0.01077	0.03160	0.40290	0.02885	0.02373	0.02314	0.01826	0.00837	0.00686	0.00198	0.00584	0.00690	0.00639	0.32712
7	0.01707	0.01630	0.01698	0.01825	0.11446	0.12623	0.01210	0.02550	0.20249	0.02801	0.29258	0.03614	0.03920	0.01151	0.00805	0.00235	0.00671	0.00981	0.00677	0.00949

[dist]
# distance from previous block
# <min> <max>
4	130

[block]
# block no. 8 follows, 26 sequences, length 13
# corresponding to MSA columns:
# 1113-1125
name=unknown_I
#
# <colnr> <probs for GDERKNQSTAVLIFYWHMCP>
#	G	D	E	R	K	N	Q	S	T	A	V	L	I	F	Y	W	H	M	C	P
0	0.01821	0.01830	0.03467	0.02894	0.12998	0.01753	0.38266	0.02561	0.09608	0.04556	0.01747	0.02114	0.01341	0.00851	0.02991	0.00267	0.01075	0.00808	0.00453	0.08599
1	0.01763	0.01959	0.04088	0.02936	0.03657	0.01849	0.56413	0.02350	0.01739	0.02405	0.01490	0.01981	0.01141	0.00665	0.00939	0.00245	0.04608	0.00840	0.00388	0.08544
2	0.01566	0.01348	0.02220	0.01774	0.02172	0.01319	0.20764	0.09410	0.01853	0.02630	0.05055	0.22972	0.02642	0.01267	0.00875	0.00248	0.02976	0.01193	0.11584	0.06131
3	0.02010	0.01331	0.02124	0.50961	0.04261	0.01518	0.01816	0.02453	0.01708	0.21626	0.01830	0.02186	0.01265	0.00811	0.00760	0.00247	0.00904	0.00700	0.00513	0.00974
4	0.01957	0.01576	0.01779	0.01306	0.01960	0.01404	0.01058	0.20712	0.02157	0.03148	0.01487	0.01646	0.01172	0.00664	0.00619	0.00146	0.00642	0.00518	0.00540	0.55511
5	0.56640	0.01415	0.01304	0.01101	0.01604	0.01530	0.00907	0.02659	0.01549	0.22662	0.01623	0.01628	0.01131	0.00773	0.00555	0.00235	0.00604	0.00514	0.00607	0.00959
6	0.01074	0.00775	0.01014	0.00954	0.01133	0.00716	0.00716	0.01431	0.02147	0.03042	0.68211	0.05666	0.07157	0.01551	0.00895	0.00239	0.00358	0.01372	0.00835	0.00716
7	0.01631	0.00921	0.01059	0.00939	0.01292	0.00779	0.00734	0.01853	0.01858	0.21705	0.06309	0.05917	0.48842	0.01633	0.00857	0.00250	0.00461	0.01355	0.00773	0.00831
8	0.01756	0.00926	0.01233	0.01070	0.01368	0.00833	0.00833	0.02095	0.02154	0.22407	0.49103	0.04762	0.05610	0.01371	0.00856	0.00237	0.00442	0.01193	0.00865	0.00884
9	0.01567	0.01020	0.01289	0.01063	0.01447	0.00862	0.00829	0.01909	0.01982	0.12718	0.38908	0.04007	0.04603	0.01170	0.00777	0.00201	0.00460	0.01011	0.00737	0.23439
10	0.02172	0.01897	0.02844	0.03803	0.49198	0.01963	0.02068	0.21007	0.02266	0.03153	0.01542	0.01861	0.01227	0.00745	0.00753	0.00226	0.00882	0.00678	0.00488	0.01227
11	0.02070	0.01925	0.03025	0.02428	0.05928	0.02179	0.21883	0.20867	0.02092	0.02913	0.01428	0.01839	0.01141	0.00957	0.01396	0.00272	0.25396	0.00743	0.00475	0.01043
12	0.02519	0.01795	0.01951	0.01591	0.02069	0.04159	0.01278	0.38986	0.09000	0.11669	0.02384	0.12565	0.01992	0.01152	0.00843	0.00245	0.02977	0.00921	0.00748	0.01153

[dist]
# distance from previous block
# <min> <max>
0	70

# created by:
# /home/cegg/simao/soft/augustus-3.2.1/scripts/msa2prfl.pl ./align_prep/EOG090W0B6J.fa
