[name]
unknown

[dist]
# distance from previous block
# <min> <max>
14	147

[block]
# block no. 0 follows, 33 sequences, length 10
# corresponding to MSA columns:
# 158-167
name=unknown_A
#
# <colnr> <probs for GDERKNQSTAVLIFYWHMCP>
#	G	D	E	R	K	N	Q	S	T	A	V	L	I	F	Y	W	H	M	C	P
0	0.06348	0.01101	0.01288	0.01067	0.01446	0.01073	0.00844	0.08162	0.12858	0.22427	0.16889	0.02970	0.07386	0.03834	0.00764	0.00213	0.00494	0.00793	0.00662	0.09380
1	0.01458	0.01072	0.01222	0.01067	0.01347	0.01114	0.00826	0.19695	0.10542	0.04673	0.28951	0.09735	0.10374	0.03900	0.00826	0.00228	0.00471	0.01033	0.00671	0.00795
2	0.01305	0.01263	0.02228	0.62352	0.09432	0.01492	0.09115	0.01752	0.01355	0.01762	0.01192	0.01748	0.00903	0.00642	0.00670	0.00218	0.00895	0.00606	0.00299	0.00771
3	0.01723	0.01170	0.01586	0.01627	0.13412	0.01220	0.04375	0.09236	0.09121	0.12511	0.06600	0.02262	0.01761	0.00812	0.00708	0.00195	0.05318	0.00671	0.24816	0.00875
4	0.00889	0.00806	0.05451	0.00983	0.01133	0.00662	0.00780	0.01107	0.01378	0.01863	0.13453	0.41122	0.10215	0.02116	0.08608	0.00338	0.00571	0.07357	0.00578	0.00589
5	0.09789	0.01370	0.01476	0.01232	0.01624	0.01483	0.00984	0.30665	0.13910	0.09068	0.06984	0.10188	0.06353	0.01018	0.00670	0.00213	0.00568	0.00825	0.00645	0.00937
6	0.01634	0.01216	0.01412	0.05868	0.01703	0.01297	0.00978	0.14434	0.18362	0.08840	0.07787	0.02913	0.13829	0.00992	0.00760	0.00206	0.05159	0.00795	0.04049	0.07766
7	0.05603	0.01878	0.23056	0.16933	0.02767	0.01386	0.12149	0.02072	0.08510	0.05621	0.11668	0.02164	0.01793	0.00760	0.00672	0.00214	0.00789	0.00680	0.00426	0.00860
8	0.01407	0.00890	0.00920	0.05256	0.01225	0.05291	0.00688	0.01793	0.06104	0.07535	0.04043	0.10103	0.01999	0.00917	0.00557	0.00180	0.00436	0.00759	0.49211	0.00688
9	0.01424	0.00963	0.01221	0.01072	0.01337	0.03488	0.05011	0.03637	0.01517	0.13362	0.08823	0.20419	0.07848	0.10154	0.01025	0.00261	0.00532	0.03930	0.04773	0.09202

[dist]
# distance from previous block
# <min> <max>
23	46

[block]
# block no. 1 follows, 33 sequences, length 110
# corresponding to MSA columns:
# 217-247,261-339
name=unknown_B
#
# <colnr> <probs for GDERKNQSTAVLIFYWHMCP>
#	G	D	E	R	K	N	Q	S	T	A	V	L	I	F	Y	W	H	M	C	P
0	0.07975	0.03840	0.01714	0.01272	0.01785	0.01452	0.01056	0.28118	0.02252	0.38547	0.02013	0.01854	0.01335	0.00775	0.00631	0.00197	0.00621	0.00598	0.00701	0.03264
1	0.03928	0.52028	0.05758	0.01261	0.01809	0.09104	0.01195	0.12104	0.01658	0.04287	0.01087	0.01197	0.00907	0.00619	0.00488	0.00158	0.00754	0.00409	0.00362	0.00888
2	0.00888	0.00643	0.00890	0.00957	0.01029	0.00673	0.00686	0.01049	0.01169	0.01609	0.04697	0.33931	0.03068	0.12018	0.30722	0.00629	0.00974	0.03340	0.00485	0.00545
3	0.01365	0.01170	0.01365	0.00975	0.01560	0.00878	0.00780	0.01658	0.01365	0.02145	0.01170	0.01365	0.00975	0.00488	0.00488	0.00098	0.00488	0.00390	0.00390	0.80888
4	0.01998	0.23189	0.12936	0.01367	0.01958	0.04186	0.01305	0.20805	0.06550	0.10012	0.01457	0.01499	0.01090	0.00679	0.00570	0.00175	0.00718	0.00502	0.00477	0.08529
5	0.01440	0.01440	0.02016	0.01728	0.01728	0.02016	0.01440	0.01584	0.01008	0.01584	0.00864	0.01440	0.00864	0.01152	0.02160	0.00288	0.75659	0.00576	0.00288	0.00720
6	0.01375	0.01294	0.01364	0.01249	0.03820	0.09312	0.05134	0.07252	0.16490	0.02269	0.10823	0.03987	0.30603	0.01188	0.00721	0.00212	0.00560	0.00998	0.00581	0.00769
7	0.01632	0.01476	0.02456	0.18767	0.53021	0.01540	0.01911	0.04730	0.01539	0.04745	0.01288	0.01676	0.01033	0.00618	0.00654	0.00201	0.00792	0.00589	0.00350	0.00983
8	0.00932	0.00673	0.00880	0.00828	0.00984	0.00621	0.00621	0.01242	0.01863	0.02640	0.72410	0.04918	0.06212	0.01346	0.00776	0.00207	0.00311	0.01191	0.00725	0.00621
9	0.01612	0.01435	0.01428	0.01233	0.01596	0.13535	0.02877	0.06242	0.10579	0.06489	0.02125	0.20446	0.02048	0.01039	0.00657	0.00190	0.00625	0.02500	0.00519	0.22827
10	0.00802	0.00573	0.00764	0.00917	0.00955	0.00535	0.00611	0.00917	0.01260	0.01681	0.03628	0.76434	0.04354	0.02062	0.00840	0.00267	0.00382	0.01872	0.00611	0.00535
11	0.01365	0.01170	0.01365	0.00975	0.01560	0.00878	0.00780	0.01658	0.01365	0.02145	0.01170	0.01365	0.00975	0.00488	0.00488	0.00098	0.00488	0.00390	0.00390	0.80888
12	0.02954	0.01120	0.01528	0.01171	0.01681	0.00968	0.00968	0.03208	0.01884	0.73213	0.02597	0.02241	0.01630	0.00815	0.00662	0.00204	0.00560	0.00662	0.00815	0.01120
13	0.00802	0.00573	0.00764	0.00917	0.00955	0.00535	0.00611	0.00917	0.01260	0.01681	0.03628	0.76434	0.04354	0.02062	0.00840	0.00267	0.00382	0.01872	0.00611	0.00535
14	0.02503	0.01844	0.01976	0.01515	0.02042	0.02042	0.01251	0.70562	0.03095	0.04149	0.01581	0.01581	0.01120	0.00790	0.00659	0.00198	0.00724	0.00593	0.00659	0.01120
15	0.01365	0.01170	0.01365	0.00975	0.01560	0.00878	0.00780	0.01658	0.01365	0.02145	0.01170	0.01365	0.00975	0.00488	0.00488	0.00098	0.00488	0.00390	0.00390	0.80888
16	0.01637	0.01414	0.01489	0.01340	0.01712	0.01637	0.01042	0.03498	0.71568	0.02754	0.02679	0.02456	0.02010	0.00893	0.00670	0.00223	0.00521	0.00744	0.00670	0.01042
17	0.01061	0.00758	0.01061	0.01212	0.01364	0.00758	0.01061	0.01364	0.01515	0.01970	0.03486	0.07426	0.03789	0.01819	0.00909	0.00303	0.00606	0.68326	0.00606	0.00606
18	0.01335	0.05914	0.71075	0.01851	0.02810	0.01565	0.02388	0.02081	0.01388	0.02067	0.01172	0.01379	0.00834	0.00623	0.00619	0.00206	0.00964	0.00482	0.00278	0.00969
19	0.01491	0.01323	0.03956	0.11115	0.06346	0.03431	0.05041	0.08737	0.19363	0.04295	0.06806	0.12221	0.02370	0.01092	0.00727	0.00231	0.00650	0.09410	0.00550	0.00846
20	0.81514	0.01273	0.00968	0.00866	0.01273	0.01477	0.00713	0.01935	0.01120	0.02954	0.00917	0.01069	0.00713	0.00611	0.00407	0.00204	0.00509	0.00356	0.00407	0.00713
21	0.01868	0.01529	0.01619	0.01386	0.01800	0.01745	0.01098	0.21402	0.53288	0.03126	0.02386	0.02222	0.01772	0.00866	0.00667	0.00216	0.00575	0.00704	0.00667	0.01063
22	0.00779	0.00664	0.00670	0.00675	0.00891	0.00555	0.00504	0.00944	0.01493	0.01775	0.06569	0.08649	0.70242	0.01680	0.00780	0.00224	0.00335	0.01405	0.00611	0.00555
23	0.00887	0.00671	0.00818	0.00781	0.00956	0.00602	0.00586	0.01155	0.01757	0.02387	0.53131	0.05333	0.25648	0.01440	0.00777	0.00212	0.00317	0.01249	0.00691	0.00602
24	0.05115	0.01788	0.01924	0.03796	0.02081	0.01989	0.01243	0.63609	0.05490	0.03980	0.01586	0.01601	0.01131	0.00784	0.00650	0.00199	0.00714	0.00590	0.00639	0.01091
25	0.01144	0.00572	0.00858	0.00858	0.00858	0.00572	0.00572	0.00858	0.00858	0.01144	0.01144	0.02001	0.01144	0.02287	0.02573	0.80846	0.00572	0.00572	0.00286	0.00286
26	0.01593	0.02715	0.47961	0.01942	0.02758	0.01495	0.14882	0.02225	0.01474	0.11834	0.01392	0.01581	0.00975	0.00658	0.00715	0.00213	0.03688	0.00568	0.00362	0.00968
27	0.01629	0.01564	0.02672	0.04041	0.72757	0.01564	0.02020	0.02020	0.01499	0.02151	0.01238	0.01629	0.01043	0.00587	0.00652	0.00196	0.00782	0.00587	0.00326	0.01043
28	0.01629	0.01564	0.02672	0.04041	0.72757	0.01564	0.02020	0.02020	0.01499	0.02151	0.01238	0.01629	0.01043	0.00587	0.00652	0.00196	0.00782	0.00587	0.00326	0.01043
29	0.01320	0.03405	0.73453	0.01876	0.02849	0.01529	0.02432	0.02085	0.01390	0.02085	0.01181	0.01390	0.00834	0.00625	0.00625	0.00208	0.00973	0.00486	0.00278	0.00973
30	0.81514	0.01273	0.00968	0.00866	0.01273	0.01477	0.00713	0.01935	0.01120	0.02954	0.00917	0.01069	0.00713	0.00611	0.00407	0.00204	0.00509	0.00356	0.00407	0.00713
31	0.01746	0.74964	0.05626	0.01150	0.01726	0.02571	0.01167	0.01975	0.01339	0.01566	0.00924	0.01066	0.00844	0.00565	0.00429	0.00143	0.00712	0.00356	0.00281	0.00849
32	0.01627	0.01572	0.02717	0.03994	0.70208	0.01568	0.04534	0.02024	0.01501	0.02149	0.01242	0.01635	0.01041	0.00585	0.00656	0.00196	0.00794	0.00594	0.00326	0.01037
33	0.00807	0.00577	0.00768	0.00913	0.00956	0.00538	0.00611	0.00929	0.01284	0.01718	0.06314	0.73642	0.04427	0.02035	0.00838	0.00265	0.00379	0.01845	0.00616	0.00538
34	0.04911	0.02944	0.01833	0.01647	0.02002	0.65134	0.01246	0.06920	0.04087	0.01849	0.01102	0.01248	0.00897	0.00690	0.00594	0.00174	0.01116	0.00442	0.00372	0.00793
35	0.01320	0.03405	0.73453	0.01876	0.02849	0.01529	0.02432	0.02085	0.01390	0.02085	0.01181	0.01390	0.00834	0.00625	0.00625	0.00208	0.00973	0.00486	0.00278	0.00973
36	0.81514	0.01273	0.00968	0.00866	0.01273	0.01477	0.00713	0.01935	0.01120	0.02954	0.00917	0.01069	0.00713	0.00611	0.00407	0.00204	0.00509	0.00356	0.00407	0.00713
37	0.01760	0.77260	0.03450	0.01126	0.01690	0.02605	0.01126	0.01971	0.01338	0.01549	0.00915	0.01056	0.00845	0.00563	0.00422	0.00141	0.00704	0.00352	0.00282	0.00845
38	0.00802	0.00573	0.00764	0.00917	0.00955	0.00535	0.00611	0.00917	0.01260	0.01681	0.03628	0.76434	0.04354	0.02062	0.00840	0.00267	0.00382	0.01872	0.00611	0.00535
39	0.00802	0.00573	0.00764	0.00917	0.00955	0.00535	0.00611	0.00917	0.01260	0.01681	0.03628	0.76434	0.04354	0.02062	0.00840	0.00267	0.00382	0.01872	0.00611	0.00535
40	0.02624	0.01023	0.01353	0.01065	0.01506	0.00900	0.00871	0.02888	0.01788	0.59687	0.02511	0.02282	0.01641	0.00806	0.00623	0.00194	0.00512	0.00653	0.16051	0.01023
41	0.01320	0.03405	0.73453	0.01876	0.02849	0.01529	0.02432	0.02085	0.01390	0.02085	0.01181	0.01390	0.00834	0.00625	0.00625	0.00208	0.00973	0.00486	0.00278	0.00973
42	0.00778	0.00667	0.00667	0.00667	0.00889	0.00556	0.00500	0.00945	0.01501	0.01778	0.06669	0.06336	0.72490	0.01667	0.00778	0.00222	0.00333	0.01389	0.00611	0.00556
43	0.01320	0.03405	0.73453	0.01876	0.02849	0.01529	0.02432	0.02085	0.01390	0.02085	0.01181	0.01390	0.00834	0.00625	0.00625	0.00208	0.00973	0.00486	0.00278	0.00973
44	0.01637	0.01414	0.01489	0.01340	0.01712	0.01637	0.01042	0.03498	0.71568	0.02754	0.02679	0.02456	0.02010	0.00893	0.00670	0.00223	0.00521	0.00744	0.00670	0.01042
45	0.01760	0.77260	0.03450	0.01126	0.01690	0.02605	0.01126	0.01971	0.01338	0.01549	0.00915	0.01056	0.00845	0.00563	0.00422	0.00141	0.00704	0.00352	0.00282	0.00845
46	0.01629	0.01564	0.02672	0.04041	0.72757	0.01564	0.02020	0.02020	0.01499	0.02151	0.01238	0.01629	0.01043	0.00587	0.00652	0.00196	0.00782	0.00587	0.00326	0.01043
47	0.02954	0.01120	0.01528	0.01171	0.01681	0.00968	0.00968	0.03208	0.01884	0.73213	0.02597	0.02241	0.01630	0.00815	0.00662	0.00204	0.00560	0.00662	0.00815	0.01120
48	0.01637	0.01414	0.01489	0.01340	0.01712	0.01637	0.01042	0.03498	0.71568	0.02754	0.02679	0.02456	0.02010	0.00893	0.00670	0.00223	0.00521	0.00744	0.00670	0.01042
49	0.01061	0.00758	0.01061	0.01212	0.01364	0.00758	0.01061	0.01364	0.01515	0.01970	0.03486	0.07426	0.03789	0.01819	0.00909	0.00303	0.00606	0.68326	0.00606	0.00606
50	0.76087	0.01263	0.01006	0.00887	0.01301	0.01442	0.00731	0.02023	0.01173	0.07807	0.01033	0.01150	0.00776	0.00625	0.00425	0.00204	0.00513	0.00378	0.00436	0.00741
51	0.00957	0.00638	0.00718	0.00718	0.00718	0.00638	0.00399	0.00957	0.00957	0.01276	0.02074	0.04308	0.02393	0.76864	0.03351	0.00638	0.00638	0.00957	0.00399	0.00399
52	0.01320	0.03405	0.73453	0.01876	0.02849	0.01529	0.02432	0.02085	0.01390	0.02085	0.01181	0.01390	0.00834	0.00625	0.00625	0.00208	0.00973	0.00486	0.00278	0.00973
53	0.01637	0.01414	0.01489	0.01340	0.01712	0.01637	0.01042	0.03498	0.71568	0.02754	0.02679	0.02456	0.02010	0.00893	0.00670	0.00223	0.00521	0.00744	0.00670	0.01042
54	0.01365	0.01170	0.01365	0.00975	0.01560	0.00878	0.00780	0.01658	0.01365	0.02145	0.01170	0.01365	0.00975	0.00488	0.00488	0.00098	0.00488	0.00390	0.00390	0.80888
55	0.01320	0.03405	0.73453	0.01876	0.02849	0.01529	0.02432	0.02085	0.01390	0.02085	0.01181	0.01390	0.00834	0.00625	0.00625	0.00208	0.00973	0.00486	0.00278	0.00973
56	0.01320	0.03405	0.73453	0.01876	0.02849	0.01529	0.02432	0.02085	0.01390	0.02085	0.01181	0.01390	0.00834	0.00625	0.00625	0.00208	0.00973	0.00486	0.00278	0.00973
57	0.81514	0.01273	0.00968	0.00866	0.01273	0.01477	0.00713	0.01935	0.01120	0.02954	0.00917	0.01069	0.00713	0.00611	0.00407	0.00204	0.00509	0.00356	0.00407	0.00713
58	0.00941	0.00703	0.01046	0.01046	0.01159	0.00816	0.00808	0.01168	0.01054	0.01519	0.01775	0.02649	0.01673	0.07538	0.71691	0.01043	0.01723	0.00714	0.00354	0.00581
59	0.00802	0.00573	0.00764	0.00917	0.00955	0.00535	0.00611	0.00917	0.01260	0.01681	0.03628	0.76434	0.04354	0.02062	0.00840	0.00267	0.00382	0.01872	0.00611	0.00535
60	0.02954	0.01120	0.01528	0.01171	0.01681	0.00968	0.00968	0.03208	0.01884	0.73213	0.02597	0.02241	0.01630	0.00815	0.00662	0.00204	0.00560	0.00662	0.00815	0.01120
61	0.01629	0.01564	0.02672	0.04041	0.72757	0.01564	0.02020	0.02020	0.01499	0.02151	0.01238	0.01629	0.01043	0.00587	0.00652	0.00196	0.00782	0.00587	0.00326	0.01043
62	0.00778	0.00667	0.00667	0.00667	0.00889	0.00556	0.00500	0.00945	0.01501	0.01778	0.06669	0.06336	0.72490	0.01667	0.00778	0.00222	0.00333	0.01389	0.00611	0.00556
63	0.00824	0.00593	0.00784	0.00912	0.00972	0.00552	0.00626	0.00967	0.01336	0.01788	0.10383	0.64729	0.06530	0.01972	0.00835	0.00262	0.00382	0.04386	0.00622	0.00547
64	0.00863	0.00667	0.00798	0.00781	0.00955	0.00601	0.00583	0.01101	0.01639	0.02179	0.38262	0.09479	0.32392	0.01712	0.04798	0.00263	0.00403	0.01283	0.00652	0.00588
65	0.01515	0.01240	0.01588	0.01217	0.03978	0.01002	0.05055	0.03618	0.03245	0.06400	0.01315	0.01483	0.01047	0.00532	0.00530	0.00120	0.00546	0.00450	0.00424	0.64694
66	0.10505	0.01207	0.03725	0.01164	0.01678	0.01034	0.00989	0.03050	0.01795	0.64187	0.02390	0.02101	0.01516	0.00789	0.00636	0.00204	0.00568	0.00627	0.00759	0.01076
67	0.81514	0.01273	0.00968	0.00866	0.01273	0.01477	0.00713	0.01935	0.01120	0.02954	0.00917	0.01069	0.00713	0.00611	0.00407	0.00204	0.00509	0.00356	0.00407	0.00713
68	0.01898	0.01601	0.03960	0.01494	0.01950	0.01712	0.06159	0.23395	0.40067	0.05017	0.04093	0.02173	0.01738	0.00840	0.00676	0.00214	0.00634	0.00703	0.00636	0.01043
69	0.01614	0.01548	0.02644	0.06885	0.70033	0.01560	0.02013	0.02007	0.01492	0.02132	0.01236	0.01634	0.01036	0.00589	0.00652	0.00196	0.00786	0.00587	0.00325	0.01030
70	0.12028	0.47038	0.04652	0.01257	0.01755	0.20379	0.01146	0.02135	0.01444	0.01757	0.00948	0.01100	0.00829	0.00600	0.00469	0.00158	0.00808	0.00374	0.00312	0.00811
71	0.00904	0.00672	0.00841	0.00799	0.00966	0.00609	0.00599	0.01188	0.01798	0.02484	0.60486	0.05175	0.18233	0.01404	0.00777	0.00210	0.00315	0.01227	0.00704	0.00609
72	0.01511	0.01230	0.01539	0.03183	0.03760	0.01008	0.03270	0.04191	0.03576	0.06162	0.01316	0.01486	0.01048	0.00538	0.00528	0.00121	0.00541	0.00447	0.00425	0.64120
73	0.00830	0.00669	0.00739	0.00722	0.00921	0.00578	0.00541	0.01045	0.01623	0.02070	0.28919	0.05856	0.50058	0.01558	0.00778	0.00217	0.00326	0.01322	0.00650	0.00578
74	0.81514	0.01273	0.00968	0.00866	0.01273	0.01477	0.00713	0.01935	0.01120	0.02954	0.00917	0.01069	0.00713	0.00611	0.00407	0.00204	0.00509	0.00356	0.00407	0.00713
75	0.01626	0.01576	0.02760	0.08239	0.57197	0.01587	0.10733	0.04363	0.01549	0.02185	0.01258	0.01654	0.01029	0.00594	0.00668	0.00200	0.00828	0.00611	0.00336	0.01006
76	0.00802	0.00573	0.00764	0.00917	0.00955	0.00535	0.00611	0.00917	0.01260	0.01681	0.03628	0.76434	0.04354	0.02062	0.00840	0.00267	0.00382	0.01872	0.00611	0.00535
77	0.00919	0.00662	0.00870	0.00851	0.00991	0.00614	0.00633	0.01203	0.01774	0.02495	0.61389	0.14329	0.05897	0.01453	0.00789	0.00218	0.00329	0.03267	0.00706	0.00609
78	0.01227	0.00614	0.00614	0.00614	0.00767	0.00614	0.00460	0.01534	0.01381	0.02454	0.02148	0.02454	0.01687	0.00767	0.00460	0.00153	0.00307	0.00614	0.80518	0.00614
79	0.00784	0.00667	0.00675	0.00673	0.00893	0.00558	0.00505	0.00956	0.01514	0.01810	0.09086	0.06283	0.70053	0.01655	0.00778	0.00222	0.00333	0.01382	0.00615	0.00558
80	0.00779	0.00663	0.00671	0.00677	0.00892	0.00555	0.00505	0.00944	0.01491	0.01775	0.06550	0.09072	0.69830	0.01683	0.00780	0.00224	0.00335	0.01408	0.00611	0.00555
81	0.00951	0.00693	0.00897	0.00842	0.01003	0.00649	0.00633	0.01304	0.03766	0.02643	0.70506	0.04850	0.06097	0.01334	0.00774	0.00207	0.00316	0.01178	0.00723	0.00633
82	0.01501	0.02668	0.46437	0.01838	0.02669	0.01448	0.12383	0.04615	0.01503	0.06338	0.01300	0.01502	0.00935	0.00613	0.00633	0.00195	0.00896	0.00532	0.00347	0.11646
83	0.02143	0.24850	0.04585	0.01689	0.06206	0.36018	0.03677	0.09894	0.01799	0.01937	0.01078	0.01244	0.00893	0.00645	0.00561	0.00169	0.00960	0.00445	0.00355	0.00854
84	0.01423	0.02709	0.44291	0.02340	0.07933	0.01579	0.26058	0.02089	0.01455	0.02098	0.01238	0.01541	0.00906	0.00598	0.00680	0.00212	0.01007	0.00595	0.00300	0.00948
85	0.12602	0.12631	0.12321	0.01333	0.01902	0.04311	0.01252	0.19463	0.01936	0.23648	0.01621	0.01592	0.01127	0.00714	0.00586	0.00193	0.00698	0.00526	0.00551	0.00993
86	0.02000	0.52786	0.02967	0.01258	0.01804	0.04495	0.01168	0.22313	0.01874	0.02321	0.01115	0.01215	0.00926	0.00634	0.00497	0.00158	0.00724	0.00425	0.00395	0.00924
87	0.00910	0.00672	0.00850	0.00805	0.00970	0.00612	0.00604	0.01200	0.01812	0.02518	0.63125	0.05118	0.15572	0.01391	0.00777	0.00209	0.00314	0.01219	0.00709	0.00612
88	0.05383	0.04019	0.03897	0.01192	0.01715	0.01093	0.01020	0.05003	0.01858	0.64064	0.02407	0.02113	0.01531	0.00792	0.00644	0.00201	0.00582	0.00633	0.00760	0.01092
89	0.02805	0.01132	0.01574	0.01332	0.05926	0.00992	0.01019	0.03069	0.01860	0.66522	0.04912	0.02296	0.01752	0.00819	0.00665	0.00203	0.00565	0.00676	0.00782	0.01099
90	0.00957	0.00638	0.00718	0.00718	0.00718	0.00638	0.00399	0.00957	0.00957	0.01276	0.02074	0.04308	0.02393	0.76864	0.03351	0.00638	0.00638	0.00957	0.00399	0.00399
91	0.01677	0.01548	0.02631	0.03937	0.70187	0.01543	0.01982	0.02063	0.01513	0.04720	0.01287	0.01651	0.01064	0.00595	0.00652	0.00196	0.00774	0.00589	0.00344	0.01046
92	0.01823	0.66422	0.05678	0.01216	0.01768	0.10587	0.01188	0.02049	0.01399	0.01574	0.00936	0.01082	0.00845	0.00578	0.00449	0.00146	0.00767	0.00365	0.00288	0.00840
93	0.00947	0.00660	0.00840	0.00845	0.00887	0.00701	0.00556	0.01034	0.01002	0.01378	0.02008	0.05768	0.02184	0.49153	0.28478	0.00777	0.01031	0.00894	0.00389	0.00470
94	0.01560	0.01476	0.02495	0.03723	0.65660	0.01471	0.01882	0.01943	0.01535	0.02199	0.08276	0.01955	0.01554	0.00662	0.00664	0.00197	0.00735	0.00646	0.00365	0.01001
95	0.01760	0.77260	0.03450	0.01126	0.01690	0.02605	0.01126	0.01971	0.01338	0.01549	0.00915	0.01056	0.00845	0.00563	0.00422	0.00141	0.00704	0.00352	0.00282	0.00845
96	0.01703	0.61974	0.05911	0.01187	0.01728	0.02375	0.01166	0.02150	0.10335	0.01739	0.01240	0.01468	0.01095	0.00651	0.00479	0.00160	0.00688	0.02744	0.00342	0.00867
97	0.50188	0.01356	0.01252	0.01045	0.01481	0.01509	0.00859	0.16609	0.03639	0.11821	0.01355	0.01408	0.00981	0.00687	0.00501	0.00201	0.00554	0.00464	0.03235	0.00855
98	0.12420	0.01357	0.03350	0.01264	0.04056	0.01303	0.01005	0.16093	0.08857	0.19055	0.08387	0.02023	0.01713	0.00768	0.00606	0.00185	0.00564	0.00608	0.00598	0.15787
99	0.12296	0.03457	0.01541	0.01148	0.01655	0.01206	0.00948	0.10357	0.03934	0.42451	0.02026	0.01869	0.01355	0.00735	0.00599	0.00187	0.00565	0.00571	0.00667	0.12435
100	0.07213	0.03750	0.01467	0.03624	0.01642	0.01144	0.00936	0.08841	0.06682	0.36827	0.11155	0.02661	0.07101	0.00908	0.00655	0.00202	0.00536	0.00738	0.00691	0.03228
101	0.09613	0.01234	0.01531	0.01291	0.05475	0.01141	0.00986	0.07008	0.06427	0.39333	0.02020	0.01894	0.01373	0.00721	0.00603	0.00182	0.00560	0.00576	0.00645	0.17387
102	0.01985	0.01265	0.01552	0.01267	0.05167	0.01122	0.00966	0.11807	0.04516	0.22566	0.03714	0.01799	0.01373	0.00668	0.00584	0.00154	0.00552	0.00542	0.00565	0.37835
103	0.02202	0.01300	0.01680	0.01520	0.10489	0.01185	0.01083	0.11857	0.04238	0.31005	0.01860	0.01817	0.01302	0.00687	0.00608	0.00170	0.00587	0.00564	0.00599	0.25248
104	0.05020	0.01188	0.01611	0.04383	0.09448	0.01047	0.01062	0.02598	0.01668	0.42982	0.01989	0.01902	0.01346	0.00697	0.00610	0.00178	0.00577	0.00574	0.00624	0.20498
105	0.04856	0.01285	0.01661	0.01547	0.11849	0.01168	0.01079	0.08919	0.04311	0.28339	0.01787	0.01773	0.01267	0.00669	0.00595	0.00168	0.00581	0.00549	0.00572	0.27025
106	0.02295	0.01175	0.01563	0.01348	0.07491	0.01010	0.00995	0.04616	0.01739	0.42111	0.04833	0.02027	0.01561	0.00723	0.00616	0.00173	0.00553	0.00597	0.00645	0.23929
107	0.02353	0.01263	0.04398	0.01235	0.03777	0.01014	0.01009	0.04816	0.01735	0.44520	0.02035	0.01902	0.01366	0.00700	0.00607	0.00171	0.00566	0.00568	0.00645	0.25319
108	0.02326	0.01254	0.01575	0.01259	0.04135	0.01119	0.00985	0.11552	0.03691	0.38005	0.01980	0.01869	0.01351	0.00705	0.00608	0.00170	0.00566	0.00569	0.00643	0.25636
109	0.04749	0.01215	0.01452	0.01137	0.01623	0.01118	0.00924	0.10401	0.08427	0.26760	0.05871	0.02216	0.01704	0.00777	0.00614	0.00175	0.00539	0.03236	0.00621	0.26442

[dist]
# distance from previous block
# <min> <max>
15	153

[block]
# block no. 2 follows, 33 sequences, length 30
# corresponding to MSA columns:
# 493-522
name=unknown_C
#
# <colnr> <probs for GDERKNQSTAVLIFYWHMCP>
#	G	D	E	R	K	N	Q	S	T	A	V	L	I	F	Y	W	H	M	C	P
0	0.03949	0.01161	0.01505	0.03087	0.01696	0.01083	0.03348	0.06260	0.04161	0.26480	0.06119	0.02544	0.05999	0.00864	0.00722	0.00189	0.04614	0.04110	0.00594	0.21514
1	0.03449	0.01198	0.04359	0.01136	0.01571	0.01031	0.02673	0.05749	0.09599	0.12357	0.13264	0.05866	0.03961	0.00918	0.00646	0.00182	0.00522	0.04821	0.00571	0.26128
2	0.01977	0.01219	0.01431	0.01137	0.01611	0.01146	0.00913	0.08292	0.17552	0.25229	0.02519	0.02376	0.08131	0.00820	0.00626	0.00180	0.00524	0.00668	0.00633	0.23016
3	0.06071	0.05673	0.04299	0.03561	0.01732	0.01228	0.01009	0.13175	0.01836	0.23968	0.07808	0.02302	0.04654	0.00811	0.00618	0.00181	0.00574	0.02369	0.00591	0.17540
4	0.01753	0.01253	0.05813	0.01268	0.04147	0.01051	0.02745	0.05526	0.07860	0.20526	0.14418	0.04629	0.02290	0.01004	0.03448	0.00215	0.00590	0.00721	0.00591	0.20153
5	0.01921	0.01528	0.12458	0.01325	0.01889	0.01137	0.05335	0.04170	0.08876	0.26291	0.02130	0.05116	0.03969	0.00781	0.00633	0.00185	0.00623	0.00659	0.00566	0.20407
6	0.08644	0.04073	0.02034	0.01680	0.08076	0.01470	0.11565	0.12074	0.13155	0.15832	0.01740	0.01786	0.01269	0.00689	0.00623	0.00190	0.00669	0.00598	0.00536	0.13297
7	0.07710	0.01558	0.10837	0.12535	0.02298	0.01338	0.05247	0.11758	0.05213	0.09920	0.03328	0.01825	0.01264	0.03115	0.02924	0.00225	0.00728	0.00575	0.00464	0.17138
8	0.59805	0.01397	0.03436	0.01250	0.07104	0.01541	0.00948	0.03982	0.07256	0.02814	0.01118	0.01275	0.00873	0.00665	0.00547	0.00209	0.04144	0.00429	0.00421	0.00787
9	0.35478	0.20368	0.09683	0.01116	0.01656	0.01728	0.01064	0.07519	0.01415	0.04963	0.01084	0.01214	0.00851	0.00609	0.00473	0.00177	0.00625	0.00403	0.00395	0.09180
10	0.01243	0.01170	0.01975	0.75282	0.04534	0.01463	0.01828	0.01682	0.01316	0.01682	0.01170	0.01755	0.00878	0.00658	0.00658	0.00219	0.00878	0.00585	0.00293	0.00731
11	0.00887	0.00667	0.00822	0.00792	0.00959	0.00601	0.00591	0.01153	0.01745	0.02380	0.52808	0.08687	0.22571	0.01460	0.00780	0.00214	0.00320	0.01272	0.00691	0.00601
12	0.00928	0.00673	0.00941	0.00959	0.01038	0.00744	0.00695	0.01092	0.01058	0.01485	0.02060	0.11744	0.02148	0.22063	0.48348	0.00863	0.01327	0.00905	0.00394	0.00536
13	0.02837	0.01095	0.01490	0.01151	0.01640	0.00948	0.00948	0.03095	0.01883	0.69140	0.06627	0.02395	0.01894	0.00845	0.00669	0.00204	0.00546	0.00693	0.00810	0.01092
14	0.02456	0.01821	0.01949	0.01505	0.02024	0.02020	0.01240	0.66933	0.06800	0.04073	0.01640	0.01628	0.01168	0.00796	0.00659	0.00199	0.00713	0.00601	0.00659	0.01115
15	0.01365	0.01170	0.01365	0.00975	0.01560	0.00878	0.00780	0.01658	0.01365	0.02145	0.01170	0.01365	0.00975	0.00488	0.00488	0.00098	0.00488	0.00390	0.00390	0.80888
16	0.00974	0.00693	0.00950	0.01094	0.01202	0.00681	0.00885	0.01202	0.01407	0.01843	0.03459	0.29018	0.03896	0.05728	0.01012	0.00309	0.00537	0.43939	0.00597	0.00573
17	0.02954	0.01120	0.01528	0.01171	0.01681	0.00968	0.00968	0.03208	0.01884	0.73213	0.02597	0.02241	0.01630	0.00815	0.00662	0.00204	0.00560	0.00662	0.00815	0.01120
18	0.01468	0.01399	0.02380	0.33834	0.44226	0.01522	0.01940	0.01879	0.01423	0.01955	0.01210	0.01682	0.00974	0.00617	0.00654	0.00206	0.00822	0.00586	0.00312	0.00913
19	0.06047	0.01380	0.02128	0.45895	0.25332	0.04529	0.01800	0.01841	0.01384	0.01897	0.01170	0.01653	0.00918	0.00634	0.00639	0.00209	0.00840	0.00566	0.00311	0.00828
20	0.00800	0.00582	0.00754	0.00892	0.00948	0.00537	0.00600	0.00919	0.01284	0.01690	0.03926	0.69579	0.11018	0.02024	0.00834	0.00263	0.00377	0.01824	0.00611	0.00537
21	0.02954	0.01120	0.01528	0.01171	0.01681	0.00968	0.00968	0.03208	0.01884	0.73213	0.02597	0.02241	0.01630	0.00815	0.00662	0.00204	0.00560	0.00662	0.00815	0.01120
22	0.02054	0.02335	0.37745	0.01607	0.02355	0.01339	0.04361	0.06582	0.01695	0.30726	0.01778	0.01757	0.01176	0.00708	0.00648	0.00206	0.00798	0.00574	0.00518	0.01037
23	0.01599	0.02180	0.31980	0.01967	0.09412	0.01372	0.11550	0.02244	0.07412	0.12703	0.01806	0.09658	0.01470	0.00815	0.00682	0.00216	0.00811	0.00733	0.00439	0.00949
24	0.01528	0.01565	0.02979	0.17254	0.34465	0.01581	0.26829	0.01988	0.01484	0.02046	0.01259	0.01707	0.00995	0.00589	0.00698	0.00210	0.00920	0.00655	0.00322	0.00927
25	0.38572	0.01788	0.01753	0.06197	0.09728	0.17564	0.07960	0.05504	0.01479	0.02467	0.01064	0.01294	0.00837	0.00629	0.00540	0.00198	0.00781	0.00464	0.00381	0.00799
26	0.00806	0.00616	0.00743	0.00839	0.00950	0.00553	0.00592	0.00948	0.01361	0.01730	0.04736	0.47437	0.29307	0.01906	0.00821	0.00253	0.00375	0.04871	0.00611	0.00546
27	0.01647	0.13704	0.02203	0.44377	0.03434	0.07895	0.01569	0.13711	0.01674	0.02081	0.01187	0.01564	0.00912	0.00667	0.00615	0.00199	0.00849	0.00535	0.00358	0.00819
28	0.00800	0.00583	0.00754	0.00890	0.00948	0.00537	0.00599	0.00920	0.01286	0.01691	0.03948	0.69061	0.11521	0.02021	0.00834	0.00263	0.00377	0.01821	0.00611	0.00537
29	0.16276	0.02216	0.26454	0.01970	0.02675	0.01596	0.26953	0.07828	0.01558	0.04534	0.01263	0.01514	0.00920	0.00616	0.00645	0.00212	0.00905	0.00583	0.00370	0.00911

[dist]
# distance from previous block
# <min> <max>
1	102

[block]
# block no. 3 follows, 33 sequences, length 20
# corresponding to MSA columns:
# 625-644
name=unknown_D
#
# <colnr> <probs for GDERKNQSTAVLIFYWHMCP>
#	G	D	E	R	K	N	Q	S	T	A	V	L	I	F	Y	W	H	M	C	P
0	0.04941	0.01572	0.02574	0.07537	0.38635	0.01606	0.13368	0.10692	0.04764	0.05778	0.01407	0.01699	0.01092	0.00636	0.00666	0.00204	0.00804	0.00621	0.00408	0.00997
1	0.81514	0.01273	0.00968	0.00866	0.01273	0.01477	0.00713	0.01935	0.01120	0.02954	0.00917	0.01069	0.00713	0.00611	0.00407	0.00204	0.00509	0.00356	0.00407	0.00713
2	0.02349	0.01768	0.01889	0.01484	0.01983	0.01970	0.01214	0.58632	0.15276	0.03901	0.01776	0.01736	0.01278	0.00809	0.00661	0.00202	0.00688	0.00620	0.00661	0.01106
3	0.81514	0.01273	0.00968	0.00866	0.01273	0.01477	0.00713	0.01935	0.01120	0.02954	0.00917	0.01069	0.00713	0.00611	0.00407	0.00204	0.00509	0.00356	0.00407	0.00713
4	0.00835	0.00610	0.00790	0.00901	0.00982	0.00565	0.00634	0.00993	0.01379	0.01829	0.12211	0.54656	0.12218	0.01913	0.00831	0.00258	0.00385	0.06833	0.00624	0.00553
5	0.00996	0.00750	0.01016	0.00988	0.01047	0.00865	0.00714	0.01129	0.01013	0.01434	0.01800	0.03160	0.01867	0.33172	0.39052	0.00816	0.08498	0.00793	0.00365	0.00526
6	0.61925	0.05339	0.01251	0.00981	0.01412	0.03874	0.00815	0.07083	0.01369	0.09275	0.01120	0.01216	0.00837	0.00642	0.00456	0.00199	0.00562	0.00403	0.00454	0.00788
7	0.02503	0.01844	0.01976	0.01515	0.02042	0.02042	0.01251	0.70562	0.03095	0.04149	0.01581	0.01581	0.01120	0.00790	0.00659	0.00198	0.00724	0.00593	0.00659	0.01120
8	0.00812	0.00644	0.00730	0.00759	0.00923	0.00562	0.00550	0.00992	0.01507	0.01911	0.17932	0.23650	0.43285	0.01708	0.00793	0.00231	0.00341	0.01474	0.00632	0.00562
9	0.01583	0.01417	0.01865	0.06050	0.24475	0.01560	0.01377	0.02833	0.42505	0.02501	0.05191	0.02264	0.01826	0.00803	0.00668	0.00214	0.00614	0.00705	0.00543	0.01008
10	0.02474	0.01651	0.01831	0.01418	0.01918	0.01778	0.01166	0.53586	0.05142	0.15691	0.05202	0.01882	0.01481	0.00825	0.00665	0.00200	0.00670	0.00638	0.00689	0.01093
11	0.20000	0.01475	0.02049	0.04440	0.29902	0.01531	0.04738	0.12736	0.01714	0.13175	0.01423	0.01597	0.01060	0.00658	0.00605	0.00201	0.00697	0.00556	0.00468	0.00975
12	0.01760	0.77260	0.03450	0.01126	0.01690	0.02605	0.01126	0.01971	0.01338	0.01549	0.00915	0.01056	0.00845	0.00563	0.00422	0.00141	0.00704	0.00352	0.00282	0.00845
13	0.00811	0.00580	0.00772	0.00911	0.00957	0.00541	0.00612	0.00939	0.01302	0.01747	0.08395	0.71478	0.04483	0.02013	0.00836	0.00263	0.00377	0.01824	0.00619	0.00541
14	0.18062	0.04724	0.13665	0.01235	0.01805	0.01293	0.01173	0.05301	0.04252	0.34207	0.01823	0.01739	0.01231	0.00712	0.00584	0.00195	0.00626	0.00541	0.00581	0.06248
15	0.37693	0.04940	0.03851	0.06722	0.09792	0.01454	0.01112	0.06599	0.01475	0.14598	0.01442	0.01756	0.01115	0.00719	0.00547	0.00206	0.00618	0.04029	0.00476	0.00856
16	0.02185	0.01040	0.01464	0.01300	0.04912	0.00943	0.03194	0.04658	0.01777	0.42886	0.08666	0.12035	0.04260	0.01097	0.00720	0.00220	0.00549	0.06441	0.00716	0.00938
17	0.09319	0.01430	0.02018	0.01678	0.07642	0.01383	0.12919	0.14222	0.05201	0.20833	0.01690	0.01744	0.01204	0.00674	0.00626	0.00187	0.00681	0.00591	0.00546	0.15411
18	0.02492	0.01160	0.01560	0.01191	0.01697	0.01012	0.03248	0.04980	0.03787	0.51375	0.05779	0.02199	0.01724	0.00780	0.00643	0.00187	0.00558	0.00647	0.00715	0.14264
19	0.07507	0.01399	0.09019	0.05595	0.04758	0.01152	0.01172	0.06173	0.03742	0.40053	0.05560	0.02252	0.04378	0.00812	0.00645	0.00202	0.00612	0.00659	0.00643	0.03669

[dist]
# distance from previous block
# <min> <max>
0	21

[block]
# block no. 4 follows, 33 sequences, length 57
# corresponding to MSA columns:
# 666-722
name=unknown_E
#
# <colnr> <probs for GDERKNQSTAVLIFYWHMCP>
#	G	D	E	R	K	N	Q	S	T	A	V	L	I	F	Y	W	H	M	C	P
0	0.04192	0.03340	0.01526	0.01213	0.03154	0.01203	0.00960	0.11113	0.10813	0.21257	0.05219	0.04009	0.01741	0.00811	0.00620	0.00179	0.00549	0.03718	0.00599	0.23783
1	0.06984	0.01119	0.01403	0.09460	0.01839	0.01068	0.02497	0.07734	0.03762	0.13079	0.08543	0.05791	0.08080	0.00900	0.00636	0.00185	0.00550	0.03122	0.00541	0.22706
2	0.07665	0.01112	0.01370	0.01058	0.01544	0.00964	0.00860	0.04325	0.01702	0.39100	0.06285	0.02300	0.05816	0.00793	0.00611	0.00176	0.00514	0.00639	0.00651	0.22516
3	0.01943	0.01249	0.01527	0.01229	0.04710	0.01085	0.00942	0.10303	0.03759	0.21955	0.01782	0.01786	0.02811	0.00656	0.00575	0.00149	0.00546	0.00530	0.00549	0.41913
4	0.56733	0.01256	0.01258	0.01045	0.01465	0.01366	0.05732	0.03884	0.01320	0.08963	0.05218	0.01557	0.01194	0.02774	0.00569	0.00213	0.00554	0.00485	0.00462	0.03953
5	0.13294	0.01220	0.01581	0.01215	0.01723	0.01132	0.04129	0.07243	0.01815	0.52034	0.02167	0.01970	0.01408	0.00755	0.00623	0.00198	0.00585	0.00606	0.00704	0.05598
6	0.14576	0.01201	0.01491	0.07521	0.05629	0.01196	0.01036	0.02635	0.11884	0.32583	0.05036	0.02052	0.01586	0.00762	0.00612	0.00198	0.00568	0.00614	0.00617	0.08204
7	0.14166	0.00805	0.00990	0.00964	0.01096	0.00922	0.00720	0.01259	0.01042	0.01702	0.01673	0.02726	0.01652	0.21822	0.42425	0.00790	0.03603	0.00706	0.00371	0.00566
8	0.01264	0.01115	0.03258	0.01274	0.05405	0.01108	0.02916	0.04001	0.25403	0.02517	0.27136	0.03902	0.13658	0.01153	0.00730	0.00217	0.00473	0.03024	0.00638	0.00809
9	0.01760	0.77260	0.03450	0.01126	0.01690	0.02605	0.01126	0.01971	0.01338	0.01549	0.00915	0.01056	0.00845	0.00563	0.00422	0.00141	0.00704	0.00352	0.00282	0.00845
10	0.00865	0.00736	0.00846	0.00905	0.04039	0.00680	0.00629	0.01033	0.01441	0.01786	0.07953	0.13669	0.53084	0.04242	0.00943	0.00244	0.04403	0.01344	0.00578	0.00580
11	0.01427	0.01314	0.05341	0.01108	0.01715	0.00950	0.03876	0.01755	0.01393	0.04662	0.01228	0.01415	0.00992	0.00509	0.00514	0.00113	0.00543	0.00422	0.00397	0.70326
12	0.00893	0.00655	0.00837	0.00825	0.00968	0.00599	0.00606	0.01154	0.01721	0.02383	0.53527	0.17166	0.13210	0.01502	0.00787	0.00219	0.00325	0.01328	0.00693	0.00599
13	0.02270	0.01729	0.01845	0.01468	0.01953	0.01933	0.01195	0.52571	0.21464	0.03775	0.01875	0.01815	0.01358	0.00818	0.00662	0.00204	0.00670	0.00633	0.00662	0.01099
14	0.17043	0.02563	0.01691	0.01504	0.01878	0.49184	0.01154	0.09787	0.05593	0.02191	0.01148	0.01275	0.00914	0.00689	0.00570	0.00182	0.00977	0.00447	0.00404	0.00807
15	0.00902	0.00700	0.00839	0.00885	0.01072	0.00637	0.00718	0.01139	0.01561	0.01978	0.15583	0.06506	0.37971	0.01672	0.00824	0.00249	0.00427	0.25125	0.00627	0.00584
16	0.01243	0.01170	0.01975	0.75282	0.04534	0.01463	0.01828	0.01682	0.01316	0.01682	0.01170	0.01755	0.00878	0.00658	0.00658	0.00219	0.00878	0.00585	0.00293	0.00731
17	0.30742	0.01615	0.11038	0.01197	0.01724	0.05186	0.01100	0.04898	0.01586	0.32336	0.01687	0.01629	0.01136	0.00708	0.00562	0.00202	0.00637	0.00514	0.00566	0.00936
18	0.01188	0.00821	0.01016	0.00928	0.01146	0.00802	0.00709	0.01729	0.12633	0.07907	0.54508	0.04378	0.07136	0.01245	0.00751	0.00210	0.00362	0.01088	0.00720	0.00722
19	0.00778	0.00667	0.00667	0.00667	0.00889	0.00556	0.00500	0.00945	0.01501	0.01778	0.06669	0.06336	0.72490	0.01667	0.00778	0.00222	0.00333	0.01389	0.00611	0.00556
20	0.02954	0.01120	0.01528	0.01171	0.01681	0.00968	0.00968	0.03208	0.01884	0.73213	0.02597	0.02241	0.01630	0.00815	0.00662	0.00204	0.00560	0.00662	0.00815	0.01120
21	0.01625	0.01576	0.02741	0.03969	0.68818	0.01570	0.05905	0.02025	0.01502	0.02148	0.01244	0.01638	0.01040	0.00585	0.00659	0.00197	0.00801	0.00597	0.00326	0.01034
22	0.01243	0.01170	0.01975	0.75282	0.04534	0.01463	0.01828	0.01682	0.01316	0.01682	0.01170	0.01755	0.00878	0.00658	0.00658	0.00219	0.00878	0.00585	0.00293	0.00731
23	0.00802	0.00573	0.00764	0.00917	0.00955	0.00535	0.00611	0.00917	0.01260	0.01681	0.03628	0.76434	0.04354	0.02062	0.00840	0.00267	0.00382	0.01872	0.00611	0.00535
24	0.01273	0.00993	0.01307	0.01267	0.03249	0.01020	0.05190	0.14813	0.07619	0.02292	0.02942	0.48929	0.03228	0.01582	0.00782	0.00245	0.00517	0.01424	0.00600	0.00727
25	0.01589	0.02556	0.42999	0.01951	0.02741	0.01437	0.18634	0.02200	0.01495	0.12295	0.01530	0.04937	0.01145	0.00699	0.00677	0.00214	0.00921	0.00644	0.00383	0.00954
26	0.02543	0.01779	0.01935	0.01484	0.02009	0.01945	0.01226	0.64491	0.02986	0.10374	0.01672	0.01640	0.01166	0.00792	0.00659	0.00198	0.00710	0.00599	0.00673	0.01120
27	0.01629	0.01564	0.02672	0.04041	0.72757	0.01564	0.02020	0.02020	0.01499	0.02151	0.01238	0.01629	0.01043	0.00587	0.00652	0.00196	0.00782	0.00587	0.00326	0.01043
28	0.01544	0.01641	0.03259	0.02385	0.02966	0.01591	0.53200	0.04157	0.11553	0.02299	0.07029	0.02110	0.01549	0.00671	0.00758	0.00220	0.00954	0.00799	0.00420	0.00896
29	0.01816	0.01783	0.01938	0.01680	0.04020	0.13892	0.10489	0.07101	0.44328	0.02540	0.02112	0.02075	0.01597	0.00797	0.00670	0.00212	0.00732	0.00681	0.00558	0.00979
30	0.00791	0.00659	0.00690	0.00699	0.00901	0.00559	0.00518	0.00963	0.01505	0.01830	0.10971	0.12151	0.62147	0.01678	0.00783	0.00225	0.00336	0.01416	0.00619	0.00559
31	0.01365	0.01170	0.01365	0.00975	0.01560	0.00878	0.00780	0.01658	0.01365	0.02145	0.01170	0.01365	0.00975	0.00488	0.00488	0.00098	0.00488	0.00390	0.00390	0.80888
32	0.01440	0.01440	0.02016	0.01728	0.01728	0.02016	0.01440	0.01584	0.01008	0.01584	0.00864	0.01440	0.00864	0.01152	0.02160	0.00288	0.75659	0.00576	0.00288	0.00720
33	0.00942	0.00700	0.01033	0.01033	0.01141	0.00809	0.00791	0.01159	0.01051	0.01509	0.01787	0.02715	0.01702	0.10305	0.68963	0.01027	0.01679	0.00724	0.00356	0.00574
34	0.01023	0.00849	0.01438	0.01289	0.01480	0.00936	0.10179	0.01301	0.01125	0.01606	0.01705	0.02477	0.01559	0.04348	0.64370	0.00946	0.01675	0.00715	0.00350	0.00628
35	0.00832	0.00596	0.00790	0.00897	0.00961	0.00554	0.00613	0.00991	0.01398	0.01899	0.19264	0.60177	0.04776	0.01900	0.00826	0.00254	0.00366	0.01717	0.00637	0.00554
36	0.01935	0.01535	0.01627	0.01371	0.01789	0.01739	0.01092	0.27960	0.43288	0.03251	0.02253	0.02136	0.01669	0.00850	0.00656	0.00211	0.00586	0.00683	0.04320	0.01051
37	0.04339	0.00774	0.01017	0.00936	0.01153	0.00722	0.02489	0.01451	0.01750	0.08834	0.46767	0.04872	0.12258	0.01335	0.00766	0.00219	0.00397	0.08567	0.00685	0.00668
38	0.01626	0.41739	0.17869	0.01402	0.02001	0.02071	0.05266	0.02119	0.07703	0.04066	0.01460	0.01580	0.04162	0.00686	0.00600	0.00179	0.03733	0.00504	0.00350	0.00883
39	0.01047	0.00678	0.00793	0.00753	0.00941	0.00618	0.00569	0.01317	0.01661	0.05506	0.36371	0.04620	0.22370	0.01277	0.00701	0.00199	0.00327	0.01090	0.18536	0.00624
40	0.06326	0.02436	0.02256	0.08267	0.06402	0.43179	0.15580	0.02341	0.01681	0.01844	0.01132	0.01408	0.00907	0.00645	0.00627	0.00188	0.01063	0.00521	0.02403	0.00795
41	0.00971	0.00707	0.00935	0.00970	0.01129	0.00671	0.00789	0.01266	0.01691	0.02293	0.38730	0.06058	0.11029	0.01566	0.00830	0.00247	0.00432	0.28411	0.00667	0.00609
42	0.01686	0.64755	0.15303	0.01253	0.01886	0.02423	0.01348	0.01991	0.01346	0.01640	0.00960	0.01113	0.00843	0.00574	0.00457	0.00152	0.00750	0.00375	0.00281	0.00867
43	0.01831	0.02068	0.15423	0.05094	0.33650	0.10957	0.07090	0.04131	0.01611	0.09848	0.01362	0.01609	0.01037	0.00636	0.00650	0.00198	0.00872	0.00570	0.00381	0.00983
44	0.01345	0.00816	0.01019	0.00993	0.01206	0.00780	0.00745	0.01745	0.10279	0.15664	0.11944	0.32084	0.12091	0.01530	0.00773	0.00239	0.00431	0.04918	0.00671	0.00727
45	0.01039	0.00817	0.00960	0.01047	0.01164	0.03744	0.00773	0.03661	0.05887	0.01943	0.07499	0.48788	0.03955	0.01798	0.00822	0.00261	0.00474	0.14144	0.00611	0.00615
46	0.02065	0.01612	0.08743	0.07456	0.24138	0.01418	0.10230	0.08377	0.01746	0.24998	0.01704	0.01826	0.01201	0.00682	0.00669	0.00204	0.00771	0.00626	0.00505	0.01027
47	0.00972	0.00662	0.00870	0.00970	0.01076	0.00625	0.00726	0.01151	0.01388	0.04644	0.07394	0.41010	0.09708	0.06267	0.00991	0.00289	0.00457	0.19616	0.00612	0.00576
48	0.01243	0.01170	0.01975	0.75282	0.04534	0.01463	0.01828	0.01682	0.01316	0.01682	0.01170	0.01755	0.00878	0.00658	0.00658	0.00219	0.00878	0.00585	0.00293	0.00731
49	0.01934	0.01899	0.19263	0.02193	0.18488	0.01450	0.07711	0.05528	0.08410	0.21192	0.01737	0.01819	0.01236	0.00712	0.00714	0.00209	0.03374	0.00615	0.00492	0.01025
50	0.01394	0.01516	0.06455	0.16974	0.24448	0.03476	0.17192	0.01810	0.01485	0.01995	0.05011	0.05670	0.08038	0.00801	0.00704	0.00212	0.00816	0.00780	0.00376	0.00847
51	0.00903	0.00646	0.00772	0.00792	0.00873	0.00616	0.00531	0.01026	0.01287	0.01710	0.16081	0.15959	0.14894	0.33696	0.04115	0.00432	0.00521	0.04110	0.00534	0.00501
52	0.02459	0.03138	0.01866	0.01696	0.02035	0.74221	0.01272	0.02629	0.01866	0.01611	0.01018	0.01187	0.00848	0.00678	0.00594	0.00170	0.01187	0.00424	0.00339	0.00763
53	0.01614	0.06495	0.14420	0.03264	0.49309	0.01644	0.03949	0.04462	0.04550	0.02197	0.01286	0.01593	0.01039	0.00611	0.00638	0.00196	0.00805	0.00568	0.00342	0.01017
54	0.01471	0.03402	0.06061	0.05700	0.25669	0.01393	0.12098	0.07708	0.04014	0.02205	0.01944	0.13470	0.01877	0.00983	0.00724	0.00225	0.00750	0.08994	0.00438	0.00875
55	0.00828	0.00598	0.00819	0.00943	0.00996	0.00589	0.00651	0.00965	0.01222	0.01652	0.03279	0.62590	0.03846	0.02601	0.14604	0.00416	0.00641	0.01653	0.00563	0.00545
56	0.01582	0.02932	0.57282	0.01889	0.05184	0.01454	0.05218	0.02249	0.01474	0.12542	0.01398	0.01541	0.00966	0.00649	0.00638	0.00208	0.00912	0.00529	0.00361	0.00993

[dist]
# distance from previous block
# <min> <max>
0	12

[block]
# block no. 5 follows, 33 sequences, length 133
# corresponding to MSA columns:
# 735-867
name=unknown_F
#
# <colnr> <probs for GDERKNQSTAVLIFYWHMCP>
#	G	D	E	R	K	N	Q	S	T	A	V	L	I	F	Y	W	H	M	C	P
0	0.06770	0.01630	0.05097	0.03520	0.59519	0.03139	0.01864	0.04207	0.01530	0.02241	0.01389	0.01718	0.03207	0.00631	0.00638	0.00197	0.00765	0.00589	0.00349	0.01000
1	0.01694	0.14480	0.20157	0.04350	0.09763	0.01745	0.13734	0.14080	0.01726	0.04143	0.01370	0.04394	0.01100	0.00684	0.00632	0.00195	0.00835	0.00602	0.00391	0.03926
2	0.45933	0.08804	0.01721	0.01801	0.21654	0.01575	0.01129	0.01945	0.01265	0.02537	0.01024	0.01246	0.00836	0.00592	0.00483	0.00189	0.00605	0.00424	0.00371	0.05868
3	0.01083	0.00792	0.01073	0.01072	0.04878	0.00735	0.02848	0.01408	0.03962	0.06269	0.42156	0.11286	0.17166	0.01362	0.00766	0.00216	0.00391	0.01201	0.00664	0.00673
4	0.01573	0.01507	0.02571	0.14348	0.62886	0.01549	0.01993	0.01971	0.01473	0.02083	0.01228	0.01648	0.01019	0.00597	0.00653	0.00199	0.00796	0.00586	0.00321	0.00998
5	0.00835	0.00619	0.00779	0.00844	0.00951	0.00564	0.00593	0.01016	0.01480	0.01977	0.24151	0.42601	0.17611	0.01781	0.00810	0.00241	0.00352	0.01584	0.00644	0.00564
6	0.02503	0.01844	0.01976	0.01515	0.02042	0.02042	0.01251	0.70562	0.03095	0.04149	0.01581	0.01581	0.01120	0.00790	0.00659	0.00198	0.00724	0.00593	0.00659	0.01120
7	0.00910	0.00671	0.00844	0.00801	0.00962	0.00612	0.00597	0.01190	0.01783	0.02472	0.60621	0.05108	0.15848	0.03666	0.00854	0.00222	0.00324	0.01213	0.00698	0.00605
8	0.02459	0.03138	0.01866	0.01696	0.02035	0.74221	0.01272	0.02629	0.01866	0.01611	0.01018	0.01187	0.00848	0.00678	0.00594	0.00170	0.01187	0.00424	0.00339	0.00763
