[name]
unknown

[dist]
# distance from previous block
# <min> <max>
4	47

[block]
# block no. 0 follows, 30 sequences, length 14
# corresponding to MSA columns:
# 70-83
name=unknown_A
#
# <colnr> <probs for GDERKNQSTAVLIFYWHMCP>
#	G	D	E	R	K	N	Q	S	T	A	V	L	I	F	Y	W	H	M	C	P
0	0.43697	0.04378	0.05148	0.01413	0.03742	0.10707	0.04594	0.14234	0.01723	0.03014	0.01159	0.01319	0.00888	0.00686	0.00544	0.00209	0.00744	0.00469	0.00453	0.00878
1	0.04555	0.05389	0.02019	0.03878	0.09912	0.46231	0.01376	0.02492	0.04189	0.01906	0.04584	0.01630	0.01274	0.00949	0.03672	0.00232	0.03949	0.00539	0.00387	0.00837
2	0.01735	0.01128	0.01398	0.01266	0.04831	0.01122	0.00941	0.17922	0.02260	0.13272	0.38212	0.03830	0.06797	0.01176	0.00769	0.00217	0.00499	0.01004	0.00740	0.00883
3	0.00927	0.00720	0.00848	0.00859	0.01031	0.00658	0.00627	0.01222	0.04587	0.02229	0.28741	0.21696	0.29896	0.01708	0.00834	0.00241	0.00365	0.01486	0.00693	0.00631
4	0.02427	0.01715	0.01880	0.01483	0.01983	0.01870	0.01210	0.48599	0.11365	0.10060	0.08295	0.02180	0.01851	0.00908	0.00711	0.00214	0.00685	0.00713	0.00721	0.01128
5	0.01536	0.01618	0.10486	0.11152	0.30455	0.01414	0.04490	0.04222	0.03974	0.04721	0.01949	0.17108	0.01852	0.00989	0.00737	0.00230	0.00770	0.00911	0.00442	0.00944
6	0.00984	0.00669	0.00795	0.00824	0.00841	0.00670	0.00495	0.01023	0.01081	0.01449	0.02475	0.17229	0.02859	0.57268	0.07896	0.00636	0.00710	0.01172	0.00460	0.00463
7	0.01668	0.01612	0.11037	0.13034	0.10592	0.01385	0.03005	0.09613	0.07655	0.08417	0.02147	0.05049	0.06244	0.06724	0.00919	0.00249	0.00737	0.00753	0.00495	0.08665
8	0.01015	0.00677	0.00761	0.00761	0.00761	0.00677	0.00423	0.01015	0.01015	0.01353	0.02199	0.04567	0.02537	0.75476	0.03552	0.00677	0.00677	0.01015	0.00423	0.00423
9	0.01596	0.01609	0.10559	0.08323	0.15881	0.06224	0.01440	0.02132	0.09255	0.08615	0.10574	0.13974	0.02460	0.01098	0.00791	0.02430	0.00705	0.00918	0.00525	0.00890
10	0.01163	0.00889	0.01305	0.01212	0.01404	0.00950	0.06840	0.01587	0.07613	0.01967	0.02324	0.10219	0.02225	0.08462	0.31876	0.00649	0.01142	0.05469	0.12024	0.00681
11	0.01510	0.07938	0.01772	0.01348	0.08080	0.01161	0.00981	0.01822	0.01458	0.02218	0.01223	0.01444	0.01028	0.00534	0.00527	0.00117	0.00566	0.00429	0.00397	0.65448
12	0.02089	0.04842	0.05120	0.01485	0.04586	0.05753	0.01185	0.17818	0.16789	0.13403	0.02165	0.04228	0.03405	0.03669	0.00779	0.00220	0.00683	0.00697	0.00609	0.10475
13	0.13467	0.12392	0.12527	0.06311	0.02008	0.06349	0.01335	0.03578	0.05014	0.02120	0.01722	0.02027	0.05971	0.01562	0.12585	0.00366	0.08846	0.00609	0.00392	0.00819

[dist]
# distance from previous block
# <min> <max>
2	93

[block]
# block no. 1 follows, 30 sequences, length 14
# corresponding to MSA columns:
# 178-191
name=unknown_B
#
# <colnr> <probs for GDERKNQSTAVLIFYWHMCP>
#	G	D	E	R	K	N	Q	S	T	A	V	L	I	F	Y	W	H	M	C	P
0	0.01178	0.00881	0.01008	0.00975	0.01200	0.02791	0.00720	0.01444	0.04106	0.06107	0.12342	0.26687	0.17480	0.05404	0.00937	0.00256	0.00466	0.04712	0.00628	0.10676
1	0.01597	0.01990	0.14464	0.12557	0.08272	0.11853	0.05377	0.04799	0.11542	0.02228	0.04868	0.10266	0.05249	0.00971	0.00723	0.00226	0.00830	0.00832	0.00466	0.00890
2	0.01192	0.00986	0.01412	0.04535	0.12596	0.01068	0.01057	0.01530	0.04550	0.02047	0.14669	0.08002	0.07655	0.08393	0.18339	0.00484	0.06908	0.00957	0.02895	0.00725
3	0.01866	0.75896	0.03657	0.01194	0.01791	0.02761	0.01194	0.02090	0.01418	0.01642	0.00970	0.01119	0.00896	0.00597	0.00448	0.00149	0.00746	0.00373	0.00299	0.00896
4	0.01775	0.06247	0.23237	0.02379	0.15470	0.11724	0.09835	0.07700	0.01696	0.02248	0.01362	0.04645	0.01134	0.00774	0.00813	0.00219	0.06770	0.00634	0.00370	0.00968
5	0.01819	0.68687	0.10458	0.01273	0.01914	0.02647	0.01332	0.02102	0.01423	0.01698	0.00998	0.01155	0.00894	0.00604	0.00469	0.00156	0.00775	0.00387	0.00298	0.00909
6	0.49365	0.12971	0.11907	0.01204	0.01741	0.08843	0.01148	0.02154	0.01343	0.02632	0.01023	0.01194	0.00810	0.00650	0.00488	0.00203	0.00714	0.00405	0.00385	0.00822
7	0.01959	0.67101	0.03471	0.01243	0.01835	0.02690	0.01210	0.10023	0.01639	0.01970	0.01054	0.01186	0.00930	0.00626	0.00478	0.00156	0.00749	0.00403	0.00346	0.00930
8	0.00935	0.01000	0.09270	0.01047	0.01249	0.00728	0.00867	0.01162	0.01392	0.01862	0.06567	0.43284	0.15260	0.04995	0.06675	0.00347	0.00595	0.01557	0.00580	0.00628
9	0.01429	0.17884	0.05314	0.01120	0.01480	0.04271	0.00973	0.09533	0.01836	0.02370	0.20529	0.11124	0.15198	0.01256	0.00720	0.00213	0.00569	0.02826	0.00577	0.00777
10	0.01071	0.00724	0.00919	0.00888	0.01067	0.00655	0.00659	0.01339	0.01811	0.06731	0.45502	0.16626	0.16236	0.01570	0.00827	0.00232	0.00362	0.01378	0.00735	0.00665
11	0.01640	0.13956	0.14500	0.05888	0.07351	0.03578	0.08769	0.02296	0.11267	0.05692	0.06606	0.04748	0.01721	0.00799	0.00663	0.00204	0.00770	0.00690	0.02198	0.06665
12	0.01349	0.01544	0.10429	0.61658	0.08028	0.01564	0.02025	0.01852	0.01415	0.01859	0.01245	0.01808	0.00934	0.00690	0.00693	0.00230	0.00937	0.00608	0.00310	0.00823
13	0.05069	0.06071	0.02444	0.07903	0.27026	0.11488	0.08658	0.02158	0.03471	0.02164	0.01424	0.01728	0.02781	0.00657	0.00646	0.00189	0.00844	0.00585	0.00376	0.14318

[dist]
# distance from previous block
# <min> <max>
2	11

[block]
# block no. 2 follows, 30 sequences, length 34
# corresponding to MSA columns:
# 203-236
name=unknown_C
#
# <colnr> <probs for GDERKNQSTAVLIFYWHMCP>
#	G	D	E	R	K	N	Q	S	T	A	V	L	I	F	Y	W	H	M	C	P
0	0.00881	0.03810	0.00867	0.00807	0.01001	0.00676	0.00595	0.01050	0.01527	0.01881	0.08320	0.25407	0.47103	0.01822	0.00827	0.00245	0.00383	0.01561	0.00638	0.00598
1	0.01328	0.01991	0.28064	0.06804	0.10133	0.01259	0.01684	0.03597	0.03373	0.03924	0.02301	0.22314	0.04438	0.01349	0.04026	0.00279	0.00810	0.01003	0.00453	0.00869
2	0.00874	0.03813	0.00855	0.00791	0.00995	0.00674	0.00586	0.01040	0.01522	0.01850	0.06033	0.23060	0.51855	0.01820	0.00825	0.00244	0.00382	0.01551	0.00633	0.00596
3	0.01409	0.03541	0.69169	0.02027	0.03045	0.01626	0.05200	0.02211	0.01480	0.02211	0.01259	0.01490	0.00891	0.00660	0.00669	0.00222	0.01037	0.00528	0.00297	0.01028
4	0.01481	0.01451	0.02016	0.01737	0.01737	0.02008	0.01429	0.01621	0.01064	0.01650	0.01030	0.01796	0.01060	0.07798	0.02402	0.00338	0.67687	0.00646	0.00316	0.00733
5	0.02325	0.01794	0.02111	0.08712	0.08740	0.02000	0.01440	0.50080	0.05162	0.03747	0.01675	0.03677	0.01271	0.00856	0.00752	0.00217	0.03048	0.00668	0.00615	0.01108
6	0.01456	0.04056	0.13660	0.01846	0.15304	0.01332	0.01384	0.08783	0.06992	0.02506	0.14865	0.03180	0.12364	0.03214	0.02815	0.00251	0.00687	0.00855	0.00526	0.03924
7	0.02561	0.01694	0.02045	0.01884	0.11829	0.01787	0.01353	0.38583	0.08080	0.19941	0.01973	0.01923	0.01379	0.00822	0.00699	0.00213	0.00718	0.00658	0.00688	0.01169
8	0.01781	0.01522	0.01603	0.01429	0.01832	0.01757	0.01116	0.06932	0.66564	0.02992	0.02783	0.02558	0.02083	0.00941	0.00709	0.00235	0.00563	0.00781	0.00709	0.01109
9	0.01599	0.02312	0.28864	0.04876	0.17805	0.01594	0.06643	0.02490	0.15901	0.05011	0.01917	0.02069	0.04245	0.00765	0.00700	0.00223	0.00847	0.00670	0.00435	0.01035
10	0.00842	0.00639	0.00777	0.00888	0.00990	0.00574	0.00611	0.00981	0.01416	0.01814	0.04864	0.53452	0.25526	0.02054	0.00870	0.00268	0.00389	0.01822	0.00648	0.00574
11	0.06644	0.14915	0.05028	0.08157	0.15122	0.03764	0.05843	0.17088	0.01941	0.09610	0.01447	0.01626	0.01094	0.00695	0.00634	0.00198	0.00797	0.00569	0.00472	0.04356
12	0.01047	0.00987	0.07531	0.01157	0.01310	0.00818	0.00930	0.01250	0.01354	0.04265	0.03277	0.55464	0.03776	0.02011	0.03199	0.00304	0.06163	0.03918	0.00588	0.00651
13	0.00988	0.00713	0.00933	0.00878	0.01043	0.00658	0.00658	0.01317	0.01975	0.02798	0.70754	0.05213	0.06584	0.01427	0.00823	0.00219	0.00329	0.01262	0.00768	0.00658
14	0.80405	0.01350	0.01026	0.00918	0.01350	0.01565	0.00756	0.02051	0.01188	0.03131	0.00972	0.01134	0.00756	0.00648	0.00432	0.00216	0.00540	0.00378	0.00432	0.00756
15	0.00939	0.00803	0.03203	0.07951	0.01524	0.00734	0.03213	0.01130	0.01357	0.01810	0.03436	0.63311	0.04029	0.01943	0.00863	0.00275	0.00501	0.01770	0.00595	0.00614
16	0.01647	0.01882	0.04118	0.02941	0.03647	0.01765	0.68588	0.02235	0.01647	0.02235	0.01412	0.01882	0.01059	0.00588	0.00824	0.00235	0.01176	0.00824	0.00353	0.00941
17	0.00910	0.00693	0.00838	0.00839	0.01005	0.00620	0.00615	0.01154	0.01738	0.02323	0.38283	0.17914	0.27193	0.01671	0.00835	0.00236	0.00350	0.01457	0.00708	0.00620
18	0.01212	0.00606	0.00909	0.00909	0.00909	0.00606	0.00606	0.00909	0.00909	0.01212	0.01212	0.02121	0.01212	0.02424	0.02727	0.79697	0.00606	0.00606	0.00303	0.00303
19	0.01318	0.01240	0.02093	0.73798	0.04806	0.01550	0.01938	0.01783	0.01395	0.01783	0.01240	0.01860	0.00930	0.00698	0.00698	0.00233	0.00930	0.00620	0.00310	0.00775
20	0.74723	0.01338	0.01069	0.00941	0.01381	0.01526	0.00776	0.02151	0.01247	0.08166	0.01103	0.01225	0.00827	0.00664	0.00452	0.00216	0.00544	0.00402	0.00464	0.00787
21	0.03131	0.01188	0.01619	0.01242	0.01781	0.01026	0.01026	0.03401	0.01997	0.71606	0.02753	0.02375	0.01727	0.00864	0.00702	0.00216	0.00594	0.00702	0.00864	0.01188
22	0.00911	0.00633	0.00792	0.00894	0.00919	0.00607	0.00565	0.00988	0.01217	0.01623	0.03237	0.48973	0.03847	0.29282	0.01875	0.00429	0.00505	0.01626	0.00565	0.00514
23	0.00850	0.00607	0.00810	0.00972	0.01012	0.00567	0.00648	0.00972	0.01336	0.01781	0.03846	0.75020	0.04615	0.02186	0.00891	0.00283	0.00405	0.01984	0.00648	0.00567
24	0.00850	0.00607	0.00810	0.00972	0.01012	0.00567	0.00648	0.00972	0.01336	0.01781	0.03846	0.75020	0.04615	0.02186	0.00891	0.00283	0.00405	0.01984	0.00648	0.00567
25	0.22249	0.01496	0.01549	0.01246	0.01744	0.07890	0.01016	0.09012	0.01912	0.41949	0.02056	0.01899	0.01360	0.00794	0.00628	0.00212	0.00658	0.00591	0.00695	0.01045
26	0.01866	0.75896	0.03657	0.01194	0.01791	0.02761	0.01194	0.02090	0.01418	0.01642	0.00970	0.01119	0.00896	0.00597	0.00448	0.00149	0.00746	0.00373	0.00299	0.00896
27	0.01007	0.00703	0.00958	0.00970	0.01036	0.00763	0.00680	0.01122	0.01085	0.01510	0.02083	0.08595	0.02194	0.29447	0.38398	0.06337	0.01257	0.00921	0.00406	0.00527
28	0.00852	0.00677	0.00742	0.00786	0.00962	0.00587	0.00567	0.01022	0.01527	0.01907	0.08081	0.26062	0.47707	0.01847	0.00833	0.00247	0.00366	0.01587	0.03055	0.00587
29	0.00928	0.00709	0.00942	0.00984	0.01095	0.00659	0.03495	0.01073	0.01364	0.01767	0.04110	0.40077	0.17927	0.15267	0.01361	0.00345	0.00493	0.06245	0.00594	0.00567
30	0.01950	0.01593	0.01993	0.01647	0.01877	0.01985	0.01363	0.25511	0.01906	0.05214	0.01354	0.01712	0.01117	0.01238	0.04802	0.00299	0.39030	0.00628	0.03863	0.00918
31	0.01744	0.01945	0.05192	0.06459	0.07998	0.20513	0.05469	0.05100	0.04987	0.02003	0.01734	0.14280	0.01680	0.01241	0.03985	0.00273	0.13317	0.00829	0.00426	0.00825
32	0.20143	0.01682	0.09202	0.11902	0.04358	0.01531	0.10614	0.07452	0.01546	0.02541	0.01225	0.01525	0.00951	0.00660	0.00681	0.00199	0.04159	0.00534	0.00399	0.18696
33	0.05013	0.15683	0.13233	0.07030	0.10162	0.03721	0.06656	0.07054	0.01575	0.02193	0.01483	0.09350	0.01357	0.00855	0.00778	0.00212	0.06683	0.00691	0.00391	0.05880

[dist]
# distance from previous block
# <min> <max>
0	2

[block]
# block no. 3 follows, 30 sequences, length 24
# corresponding to MSA columns:
# 239-262
name=unknown_D
#
# <colnr> <probs for GDERKNQSTAVLIFYWHMCP>
#	G	D	E	R	K	N	Q	S	T	A	V	L	I	F	Y	W	H	M	C	P
0	0.01293	0.01655	0.19406	0.04385	0.08329	0.01154	0.01402	0.08176	0.01655	0.02284	0.08361	0.25588	0.06334	0.03630	0.00863	0.00257	0.00668	0.03225	0.00524	0.00812
1	0.00972	0.00662	0.00790	0.00844	0.00863	0.00650	0.00518	0.01020	0.01133	0.01508	0.02740	0.25160	0.03202	0.51119	0.02671	0.00548	0.00596	0.04033	0.00497	0.00474
2	0.01909	0.04244	0.10917	0.10895	0.26872	0.05734	0.06760	0.06278	0.01729	0.11624	0.03459	0.01855	0.01276	0.00721	0.00732	0.00215	0.02692	0.00635	0.00437	0.01017
3	0.16610	0.31580	0.02604	0.01457	0.01936	0.22306	0.05119	0.04493	0.01595	0.02064	0.01048	0.01242	0.00891	0.00675	0.00604	0.00184	0.03943	0.00440	0.00357	0.00852
4	0.01694	0.01732	0.04719	0.09454	0.51762	0.03460	0.08224	0.02171	0.03569	0.02220	0.01341	0.01753	0.01100	0.00656	0.00751	0.00215	0.03145	0.00638	0.00352	0.01044
5	0.01510	0.01404	0.01526	0.03402	0.06676	0.08356	0.02957	0.04829	0.23154	0.02448	0.13914	0.03620	0.16901	0.03024	0.00863	0.00238	0.02762	0.00952	0.00605	0.00860
6	0.01128	0.00767	0.00930	0.00884	0.01097	0.00695	0.00664	0.01440	0.04094	0.08153	0.36415	0.12568	0.25449	0.01546	0.00817	0.00231	0.00374	0.01338	0.00725	0.00687
7	0.00904	0.00646	0.00870	0.01023	0.01090	0.00612	0.00732	0.01069	0.01410	0.01878	0.06610	0.60317	0.04592	0.02109	0.00901	0.00287	0.00443	0.13270	0.00652	0.00584
8	0.01400	0.03610	0.71860	0.01989	0.03020	0.01621	0.02578	0.02210	0.01473	0.02210	0.01252	0.01473	0.00884	0.00663	0.00663	0.00221	0.01031	0.00516	0.00295	0.01031
9	0.00850	0.00607	0.00810	0.00972	0.01012	0.00567	0.00648	0.00972	0.01336	0.01781	0.03846	0.75020	0.04615	0.02186	0.00891	0.00283	0.00405	0.01984	0.00648	0.00567
10	0.75914	0.01340	0.01060	0.00937	0.01375	0.01534	0.00771	0.02130	0.01235	0.07110	0.01075	0.01206	0.00812	0.00660	0.00448	0.00216	0.00543	0.00397	0.00457	0.00781
11	0.02826	0.01676	0.01922	0.01474	0.02025	0.01751	0.01217	0.45072	0.02815	0.28780	0.02066	0.01929	0.01383	0.00847	0.00699	0.00212	0.00705	0.00655	0.00758	0.01187
12	0.80405	0.01350	0.01026	0.00918	0.01350	0.01565	0.00756	0.02051	0.01188	0.03131	0.00972	0.01134	0.00756	0.00648	0.00432	0.00216	0.00540	0.00378	0.00432	0.00756
13	0.01129	0.00871	0.01049	0.00977	0.01192	0.00871	0.00741	0.01780	0.15614	0.02770	0.53387	0.04775	0.09422	0.01350	0.00800	0.00224	0.00376	0.01179	0.00749	0.00744
14	0.80405	0.01350	0.01026	0.00918	0.01350	0.01565	0.00756	0.02051	0.01188	0.03131	0.00972	0.01134	0.00756	0.00648	0.00432	0.00216	0.00540	0.00378	0.00432	0.00756
15	0.00879	0.00630	0.00808	0.00924	0.00982	0.00588	0.00616	0.01007	0.01368	0.01824	0.09439	0.57090	0.08482	0.10457	0.01185	0.00320	0.00426	0.01783	0.00632	0.00559
16	0.05829	0.07762	0.01748	0.01384	0.01805	0.01833	0.01104	0.06471	0.57533	0.02890	0.02534	0.02361	0.01913	0.00897	0.00673	0.00227	0.00578	0.00726	0.00661	0.01073
17	0.13126	0.01873	0.01950	0.01513	0.02054	0.02083	0.01249	0.59806	0.02999	0.04227	0.01581	0.01602	0.01129	0.00812	0.00662	0.00210	0.00737	0.00595	0.00662	0.01129
18	0.00851	0.00701	0.00727	0.00731	0.00934	0.00600	0.00532	0.01018	0.01549	0.01880	0.09779	0.09057	0.58866	0.08393	0.01072	0.00276	0.00383	0.01440	0.00634	0.00577
19	0.01481	0.00825	0.01076	0.00950	0.01209	0.00739	0.00735	0.01783	0.01948	0.18997	0.49320	0.04668	0.10833	0.01322	0.00794	0.00220	0.00394	0.01147	0.00781	0.00778
20	0.03056	0.01307	0.01693	0.01298	0.01841	0.01203	0.01072	0.13580	0.02197	0.61144	0.02585	0.02266	0.01643	0.00860	0.00701	0.00215	0.00621	0.00690	0.00838	0.01187
21	0.18887	0.01492	0.01665	0.01303	0.01827	0.01539	0.01076	0.26204	0.02284	0.33773	0.02006	0.01872	0.01336	0.00810	0.00645	0.00214	0.00644	0.00609	0.00716	0.01098
22	0.01128	0.00816	0.01023	0.01065	0.01216	0.00820	0.00831	0.01398	0.04406	0.04740	0.04011	0.17545	0.18054	0.12461	0.01346	0.00339	0.04484	0.23076	0.00607	0.00635
23	0.01065	0.00818	0.01097	0.01078	0.01141	0.00935	0.00789	0.01223	0.01220	0.01739	0.08141	0.18436	0.02823	0.20061	0.21112	0.00596	0.12544	0.01090	0.03501	0.00590

[dist]
# distance from previous block
# <min> <max>
0	1

[block]
# block no. 4 follows, 30 sequences, length 8
# corresponding to MSA columns:
# 264-271
name=unknown_E
#
# <colnr> <probs for GDERKNQSTAVLIFYWHMCP>
#	G	D	E	R	K	N	Q	S	T	A	V	L	I	F	Y	W	H	M	C	P
0	0.11334	0.01319	0.01460	0.01184	0.01637	0.07437	0.00956	0.02889	0.01870	0.46971	0.08777	0.02419	0.02007	0.00877	0.00663	0.00210	0.00606	0.00693	0.05670	0.01022
1	0.14761	0.01636	0.04677	0.09599	0.36238	0.01633	0.04305	0.07614	0.03700	0.02564	0.01323	0.01643	0.01055	0.00654	0.00643	0.00207	0.00778	0.00578	0.00399	0.05993
2	0.01538	0.02545	0.35189	0.13826	0.18249	0.01657	0.09918	0.04849	0.01580	0.02251	0.01299	0.01645	0.00972	0.00658	0.00694	0.00221	0.00977	0.00595	0.00331	0.01003
3	0.00961	0.00712	0.00896	0.00850	0.01026	0.00647	0.00638	0.01265	0.01913	0.02649	0.60366	0.05458	0.17065	0.01482	0.00823	0.00222	0.00333	0.01296	0.00749	0.00647
4	0.00934	0.00738	0.00863	0.00854	0.01038	0.00698	0.00634	0.01207	0.04139	0.02023	0.18206	0.09133	0.36149	0.06932	0.12900	0.00410	0.00630	0.01283	0.00615	0.00616
5	0.01491	0.00834	0.00854	0.00785	0.01003	0.00863	0.00606	0.11080	0.01719	0.02854	0.02192	0.02471	0.01704	0.00816	0.00517	0.00169	0.00388	0.00647	0.68280	0.00726
6	0.01805	0.01534	0.01617	0.01434	0.01841	0.01768	0.01121	0.08653	0.64804	0.03031	0.02752	0.02533	0.02059	0.00938	0.00709	0.00235	0.00569	0.00777	0.00709	0.01111
7	0.01866	0.75896	0.03657	0.01194	0.01791	0.02761	0.01194	0.02090	0.01418	0.01642	0.00970	0.01119	0.00896	0.00597	0.00448	0.00149	0.00746	0.00373	0.00299	0.00896

[dist]
# distance from previous block
# <min> <max>
0	20

[block]
# block no. 5 follows, 30 sequences, length 22
# corresponding to MSA columns:
# 292-313
name=unknown_F
#
# <colnr> <probs for GDERKNQSTAVLIFYWHMCP>
#	G	D	E	R	K	N	Q	S	T	A	V	L	I	F	Y	W	H	M	C	P
0	0.00922	0.00730	0.00834	0.00831	0.01023	0.00659	0.00614	0.01220	0.04645	0.02222	0.27781	0.15273	0.37380	0.01674	0.00828	0.00237	0.00361	0.01442	0.00691	0.00632
1	0.02121	0.46711	0.05465	0.01444	0.01969	0.28362	0.01300	0.02349	0.01625	0.01686	0.01020	0.01183	0.00896	0.00644	0.00522	0.00163	0.00944	0.00406	0.00321	0.00869
2	0.01050	0.00881	0.01251	0.07915	0.03970	0.00859	0.04992	0.01395	0.04503	0.02153	0.19519	0.19701	0.22275	0.01541	0.00825	0.00246	0.00504	0.05120	0.00618	0.00682
3	0.56572	0.01543	0.07307	0.01359	0.07958	0.01532	0.01070	0.02129	0.01304	0.07058	0.01178	0.01355	0.00898	0.00683	0.00551	0.00216	0.02871	0.00448	0.03132	0.00834
4	0.48181	0.09086	0.07000	0.01162	0.01637	0.11279	0.01031	0.04977	0.01444	0.02744	0.01112	0.01282	0.00876	0.00671	0.00493	0.00202	0.00693	0.00424	0.04895	0.00811
5	0.00837	0.00696	0.00732	0.00746	0.00956	0.00591	0.00551	0.01018	0.01586	0.01930	0.10614	0.14057	0.59702	0.01792	0.00832	0.00240	0.00358	0.01515	0.00655	0.00591
6	0.00850	0.00607	0.00810	0.00972	0.01012	0.00567	0.00648	0.00972	0.01336	0.01781	0.03846	0.75020	0.04615	0.02186	0.00891	0.00283	0.00405	0.01984	0.00648	0.00567
7	0.01728	0.24385	0.15255	0.06068	0.18332	0.02000	0.11328	0.06383	0.01619	0.02179	0.01230	0.01515	0.00990	0.00631	0.00626	0.00194	0.00880	0.00550	0.00347	0.03760
8	0.00849	0.00613	0.00804	0.00957	0.01008	0.00568	0.00641	0.00973	0.01350	0.01787	0.04019	0.71355	0.08169	0.02164	0.00887	0.00281	0.00402	0.01956	0.00648	0.00568
9	0.00841	0.00696	0.00740	0.00770	0.00974	0.00595	0.00573	0.01016	0.01554	0.01879	0.06456	0.16715	0.58355	0.01835	0.00840	0.00246	0.00373	0.04305	0.00648	0.00588
10	0.01606	0.01877	0.13155	0.31901	0.16495	0.03580	0.08335	0.08336	0.01652	0.02228	0.01299	0.01734	0.00991	0.00698	0.00751	0.00225	0.03228	0.00620	0.00356	0.00932
11	0.06338	0.04572	0.04194	0.28508	0.08323	0.03988	0.01497	0.08546	0.01711	0.15268	0.01798	0.09079	0.01470	0.00877	0.00688	0.00224	0.00776	0.00738	0.00495	0.00911
12	0.02607	0.03326	0.01978	0.01798	0.02157	0.72674	0.01348	0.02787	0.01978	0.01708	0.01079	0.01258	0.00899	0.00719	0.00629	0.00180	0.01258	0.00449	0.00360	0.00809
13	0.01550	0.00826	0.01033	0.00932	0.01167	0.00743	0.00685	0.01740	0.01634	0.21514	0.17789	0.11747	0.16387	0.17464	0.01388	0.00327	0.00491	0.01166	0.00685	0.00733
14	0.01685	0.04183	0.08447	0.07877	0.22360	0.03881	0.15004	0.02107	0.01609	0.08863	0.04057	0.09047	0.01732	0.00871	0.00732	0.00224	0.00836	0.02849	0.02697	0.00939
15	0.01260	0.01163	0.01946	0.54786	0.03952	0.01415	0.04040	0.01664	0.01361	0.01779	0.01548	0.08952	0.01368	0.01303	0.07915	0.00328	0.03352	0.00770	0.00350	0.00746
16	0.02607	0.03326	0.01978	0.01798	0.02157	0.72674	0.01348	0.02787	0.01978	0.01708	0.01079	0.01258	0.00899	0.00719	0.00629	0.00180	0.01258	0.00449	0.00360	0.00809
17	0.02023	0.03993	0.02239	0.05711	0.11599	0.05980	0.09782	0.18298	0.03531	0.10858	0.01956	0.07302	0.03599	0.00914	0.00827	0.00223	0.06084	0.00769	0.03335	0.00976
18	0.01930	0.08284	0.05401	0.02330	0.19439	0.06549	0.07988	0.10818	0.01790	0.08291	0.03398	0.02022	0.01379	0.00833	0.00903	0.00221	0.10850	0.03052	0.03548	0.00972
19	0.01000	0.00708	0.00949	0.01015	0.01111	0.00718	0.00727	0.01160	0.01320	0.04479	0.03529	0.43825	0.10505	0.04907	0.17394	0.00479	0.03468	0.01519	0.00575	0.00609
20	0.01075	0.00870	0.01192	0.01222	0.05874	0.00812	0.04851	0.04103	0.01696	0.02266	0.20999	0.21535	0.24948	0.01561	0.00814	0.00237	0.00458	0.01381	0.03421	0.00684
21	0.09063	0.06838	0.02394	0.20963	0.30836	0.08783	0.01761	0.04977	0.01585	0.02203	0.01218	0.01608	0.00991	0.00681	0.00700	0.00211	0.03331	0.00564	0.00357	0.00937

[dist]
# distance from previous block
# <min> <max>
1	5

[block]
# block no. 6 follows, 30 sequences, length 11
# corresponding to MSA columns:
# 319-329
name=unknown_G
#
# <colnr> <probs for GDERKNQSTAVLIFYWHMCP>
#	G	D	E	R	K	N	Q	S	T	A	V	L	I	F	Y	W	H	M	C	P
0	0.06608	0.02100	0.05305	0.05133	0.28021	0.17118	0.16155	0.02324	0.03935	0.02180	0.01296	0.01640	0.01044	0.00673	0.00747	0.00214	0.03571	0.00614	0.00363	0.00959
1	0.01064	0.00733	0.00910	0.00883	0.01037	0.00696	0.00646	0.01276	0.01570	0.05121	0.28261	0.05145	0.17743	0.18590	0.09002	0.00427	0.00605	0.05061	0.00621	0.00610
2	0.06444	0.09610	0.05844	0.06083	0.10319	0.07156	0.01347	0.10421	0.10224	0.02435	0.03815	0.02298	0.08194	0.01018	0.02682	0.00241	0.07817	0.00686	0.02460	0.00906
3	0.00954	0.00712	0.00886	0.00843	0.01022	0.00644	0.00632	0.01252	0.01896	0.02611	0.57662	0.05522	0.19794	0.01497	0.00823	0.00223	0.00334	0.01305	0.00743	0.00644
4	0.01380	0.01819	0.21613	0.01617	0.04768	0.01323	0.01519	0.05996	0.11987	0.02312	0.02522	0.17645	0.02490	0.01309	0.00870	0.00260	0.04773	0.14401	0.00527	0.00868
5	0.10772	0.02576	0.39467	0.01774	0.05461	0.01489	0.03826	0.02331	0.05596	0.08619	0.01456	0.01603	0.01053	0.00674	0.00630	0.00206	0.00838	0.00534	0.00405	0.10691
6	0.00917	0.00639	0.00831	0.00931	0.00991	0.00616	0.00629	0.01063	0.01353	0.01861	0.10463	0.50313	0.04226	0.11547	0.06241	0.00380	0.00530	0.01636	0.04268	0.00566
7	0.02109	0.52089	0.03106	0.01392	0.01911	0.25696	0.01245	0.02318	0.01601	0.01663	0.01006	0.01165	0.00897	0.00637	0.00507	0.00159	0.00914	0.00398	0.00319	0.00867
8	0.01015	0.00677	0.00761	0.00761	0.00761	0.00677	0.00423	0.01015	0.01015	0.01353	0.02199	0.04567	0.02537	0.75476	0.03552	0.00677	0.00677	0.01015	0.00423	0.00423
9	0.01143	0.00918	0.01299	0.01628	0.13853	0.00938	0.00989	0.01510	0.08039	0.01934	0.02877	0.35855	0.03153	0.09571	0.09705	0.00407	0.00710	0.04217	0.00543	0.00713
10	0.02071	0.12874	0.06673	0.01780	0.06655	0.16480	0.09350	0.05454	0.04073	0.13391	0.07207	0.02263	0.01742	0.00827	0.00676	0.00205	0.00848	0.03694	0.02801	0.00935

[dist]
# distance from previous block
# <min> <max>
0	2

[block]
# block no. 7 follows, 30 sequences, length 21
# corresponding to MSA columns:
# 332-352
name=unknown_H
#
# <colnr> <probs for GDERKNQSTAVLIFYWHMCP>
#	G	D	E	R	K	N	Q	S	T	A	V	L	I	F	Y	W	H	M	C	P
0	0.01724	0.05492	0.17250	0.01887	0.08809	0.05087	0.07251	0.09361	0.14114	0.04953	0.04069	0.08905	0.01753	0.00890	0.00700	0.00216	0.00781	0.00768	0.00501	0.05489
1	0.01891	0.20024	0.22539	0.02015	0.11150	0.15476	0.04103	0.02455	0.07161	0.04942	0.01358	0.01525	0.01061	0.00682	0.00620	0.00196	0.00930	0.00524	0.00374	0.00976
2	0.01184	0.00705	0.01098	0.01051	0.01102	0.00740	0.03162	0.01045	0.00995	0.01358	0.01422	0.04626	0.01411	0.02846	0.15799	0.57096	0.02934	0.00686	0.00330	0.00408
3	0.02263	0.05338	0.01933	0.01434	0.01961	0.08821	0.01170	0.39640	0.05024	0.03422	0.01566	0.01641	0.01177	0.00751	0.00632	0.00181	0.00734	0.00561	0.04473	0.17277
4	0.05546	0.09458	0.07406	0.06096	0.07202	0.01558	0.07070	0.09299	0.08122	0.11170	0.08583	0.02108	0.01757	0.00776	0.00657	0.00198	0.00706	0.00657	0.00526	0.11105
5	0.01853	0.06508	0.11887	0.01981	0.08713	0.08974	0.11021	0.12727	0.07930	0.04525	0.01595	0.02012	0.01306	0.07862	0.03861	0.00295	0.04898	0.00663	0.00448	0.00943
6	0.00889	0.00637	0.00855	0.00984	0.01041	0.00614	0.00678	0.01035	0.01343	0.01809	0.06885	0.58895	0.04325	0.05853	0.07680	0.00378	0.00559	0.04350	0.00618	0.00573
7	0.01576	0.01780	0.14850	0.02280	0.22388	0.04308	0.03523	0.04274	0.07477	0.05693	0.02258	0.16480	0.04361	0.01038	0.00724	0.00226	0.00733	0.00920	0.04176	0.00935
8	0.04477	0.05438	0.12139	0.09908	0.14890	0.10148	0.03703	0.04625	0.10225	0.10028	0.01711	0.03698	0.01324	0.00769	0.00665	0.00212	0.00825	0.00638	0.03600	0.00976
9	0.01870	0.01528	0.07674	0.09821	0.27002	0.01347	0.06206	0.02278	0.01690	0.18692	0.07107	0.02603	0.04761	0.00849	0.00727	0.00222	0.00758	0.03346	0.00517	0.01001
10	0.00866	0.00677	0.00788	0.00848	0.01003	0.00599	0.00615	0.01046	0.01541	0.01954	0.12465	0.31086	0.37034	0.01889	0.00855	0.00255	0.00384	0.04842	0.00660	0.00591
11	0.06983	0.20948	0.02836	0.10218	0.17723	0.08280	0.11754	0.02315	0.08527	0.02124	0.01344	0.01617	0.01088	0.00662	0.00628	0.00200	0.00863	0.00574	0.00375	0.00940
12	0.01962	0.20167	0.20192	0.01878	0.07487	0.13848	0.05287	0.06676	0.01698	0.06943	0.01285	0.01471	0.01000	0.00697	0.00694	0.00196	0.04358	0.00517	0.00383	0.03262
13	0.01659	0.01134	0.01325	0.01125	0.01459	0.01148	0.00885	0.15278	0.11253	0.10054	0.33519	0.03687	0.06481	0.01143	0.00747	0.00213	0.00482	0.00969	0.03130	0.04307
14	0.01951	0.45561	0.07736	0.01399	0.01981	0.06026	0.03464	0.06675	0.11987	0.05109	0.01415	0.01490	0.01142	0.00688	0.00551	0.00179	0.00772	0.00495	0.00416	0.00965
15	0.00903	0.00712	0.00824	0.00806	0.00998	0.00644	0.00602	0.01129	0.01644	0.02132	0.26998	0.05739	0.40200	0.05080	0.08170	0.00338	0.00512	0.01312	0.00650	0.00608
16	0.00921	0.00705	0.00794	0.00773	0.00966	0.00623	0.00573	0.01156	0.01706	0.02250	0.31230	0.05822	0.39220	0.05052	0.00935	0.00246	0.00358	0.01327	0.04731	0.00611
17	0.00889	0.00675	0.00810	0.00884	0.01014	0.00612	0.00637	0.01060	0.01490	0.01910	0.10796	0.33362	0.28568	0.06595	0.01037	0.00289	0.00419	0.07728	0.00644	0.00581
18	0.02826	0.01111	0.01494	0.01170	0.01652	0.00969	0.00957	0.03104	0.01958	0.61080	0.08273	0.02623	0.02128	0.00906	0.00696	0.00212	0.00553	0.00744	0.06436	0.01106
19	0.03131	0.01188	0.01619	0.01242	0.01781	0.01026	0.01026	0.03401	0.01997	0.71606	0.02753	0.02375	0.01727	0.00864	0.00702	0.00216	0.00594	0.00702	0.00864	0.01188
20	0.01866	0.75896	0.03657	0.01194	0.01791	0.02761	0.01194	0.02090	0.01418	0.01642	0.00970	0.01119	0.00896	0.00597	0.00448	0.00149	0.00746	0.00373	0.00299	0.00896

[dist]
# distance from previous block
# <min> <max>
0	22

[block]
# block no. 8 follows, 30 sequences, length 20
# corresponding to MSA columns:
# 375-394
name=unknown_I
#
# <colnr> <probs for GDERKNQSTAVLIFYWHMCP>
#	G	D	E	R	K	N	Q	S	T	A	V	L	I	F	Y	W	H	M	C	P
0	0.00988	0.00713	0.00933	0.00878	0.01043	0.00658	0.00658	0.01317	0.01975	0.02798	0.70754	0.05213	0.06584	0.01427	0.00823	0.00219	0.00329	0.01262	0.00768	0.00658
1	0.00838	0.00707	0.00725	0.00720	0.00950	0.00595	0.00540	0.01026	0.01621	0.01957	0.12107	0.06597	0.65757	0.01740	0.00825	0.00234	0.00352	0.01456	0.00658	0.00595
2	0.00997	0.00748	0.01121	0.01121	0.01246	0.00872	0.00872	0.01246	0.01121	0.01620	0.01869	0.02741	0.01745	0.05234	0.72710	0.01121	0.01869	0.00748	0.00374	0.00623
3	0.01798	0.65930	0.09902	0.01245	0.01864	0.02565	0.01293	0.02081	0.01425	0.01736	0.01052	0.01216	0.00933	0.00612	0.00470	0.00157	0.00755	0.00398	0.03671	0.00898
4	0.01970	0.56898	0.08396	0.01366	0.01951	0.15817	0.01326	0.02229	0.01527	0.01696	0.01011	0.01172	0.00895	0.00625	0.00498	0.00160	0.00864	0.00398	0.00310	0.00889
5	0.01879	0.39114	0.08181	0.01707	0.09683	0.07565	0.01406	0.05358	0.14740	0.02127	0.01429	0.01535	0.01169	0.00692	0.00566	0.00183	0.00779	0.00509	0.00405	0.00976
6	0.00867	0.00669	0.00792	0.00846	0.00990	0.00594	0.00602	0.01052	0.01566	0.02025	0.18428	0.33495	0.31837	0.01866	0.00851	0.00251	0.00369	0.01634	0.00672	0.00594
7	0.01736	0.01499	0.01578	0.01420	0.01815	0.01736	0.01105	0.03708	0.69862	0.02919	0.02840	0.02604	0.02130	0.00947	0.00710	0.00237	0.00552	0.00789	0.00710	0.01105
8	0.01951	0.25299	0.25991	0.01712	0.04961	0.13335	0.01717	0.02374	0.01583	0.09799	0.01295	0.01445	0.00996	0.00698	0.00669	0.00195	0.04154	0.00491	0.00373	0.00963
9	0.25831	0.01249	0.01465	0.01170	0.01656	0.01229	0.00966	0.02935	0.01722	0.48659	0.02155	0.01976	0.01409	0.00814	0.00685	0.00219	0.03499	0.00603	0.00714	0.01044
10	0.01001	0.00671	0.00765	0.00779	0.00783	0.00667	0.00442	0.01011	0.01043	0.01390	0.02341	0.10644	0.02716	0.69153	0.03322	0.00643	0.00653	0.01098	0.00442	0.00435
11	0.00917	0.00703	0.00840	0.00822	0.01003	0.00626	0.00610	0.01174	0.01785	0.02384	0.42191	0.11083	0.30113	0.01610	0.00829	0.00230	0.00344	0.01395	0.00715	0.00626
12	0.05333	0.04401	0.05224	0.17956	0.12784	0.06024	0.08226	0.12244	0.01802	0.05911	0.01677	0.07481	0.01422	0.00845	0.00694	0.00220	0.00826	0.02192	0.03820	0.00916
13	0.01629	0.01262	0.01374	0.01225	0.01566	0.01390	0.00953	0.07441	0.40946	0.05459	0.15604	0.03227	0.06346	0.01056	0.00717	0.00225	0.00498	0.00886	0.07230	0.00966
14	0.00862	0.00658	0.00794	0.00887	0.01010	0.00591	0.00630	0.01023	0.01474	0.01885	0.08321	0.43431	0.28695	0.01984	0.00867	0.00265	0.00394	0.04993	0.00654	0.00583
15	0.01648	0.15749	0.15782	0.01703	0.04599	0.01684	0.10716	0.04951	0.13018	0.05753	0.03737	0.08251	0.01723	0.01031	0.03352	0.00247	0.00809	0.00755	0.03548	0.00942
16	0.04664	0.01880	0.07642	0.16005	0.28606	0.10705	0.04413	0.03929	0.01633	0.04318	0.04820	0.01842	0.01305	0.00735	0.00765	0.00217	0.04564	0.00625	0.00385	0.00946
17	0.00859	0.00655	0.00781	0.00876	0.00990	0.00589	0.00611	0.01002	0.01423	0.01809	0.04936	0.43936	0.28723	0.05748	0.01005	0.00287	0.00409	0.04153	0.00636	0.00570
18	0.00899	0.00632	0.00815	0.00942	0.00979	0.00602	0.00623	0.01004	0.01280	0.01704	0.03483	0.56469	0.04137	0.18011	0.01469	0.00370	0.00475	0.04966	0.00599	0.00539
19	0.01903	0.08789	0.05645	0.01782	0.07584	0.18544	0.06261	0.07608	0.01782	0.07436	0.06973	0.11108	0.01948	0.01157	0.03655	0.00252	0.05425	0.00798	0.00480	0.00870

[dist]
# distance from previous block
# <min> <max>
2	6

[block]
# block no. 9 follows, 30 sequences, length 18
# corresponding to MSA columns:
# 401-418
name=unknown_J
#
# <colnr> <probs for GDERKNQSTAVLIFYWHMCP>
#	G	D	E	R	K	N	Q	S	T	A	V	L	I	F	Y	W	H	M	C	P
0	0.08439	0.01420	0.01874	0.08464	0.22750	0.03553	0.01351	0.02041	0.07448	0.02315	0.04572	0.02022	0.03169	0.02761	0.00760	0.00200	0.03078	0.00612	0.00428	0.22743
1	0.07577	0.01461	0.04397	0.08671	0.12832	0.04980	0.09385	0.01923	0.01534	0.06118	0.04701	0.13037	0.01830	0.00899	0.00683	0.00203	0.00721	0.00811	0.00457	0.17781
2	0.01648	0.01547	0.02614	0.13568	0.58304	0.01589	0.02025	0.02065	0.01556	0.02229	0.01354	0.01792	0.01118	0.00642	0.00681	0.00208	0.00816	0.00623	0.04583	0.01036
3	0.03606	0.01546	0.09250	0.04507	0.01974	0.03659	0.07039	0.02481	0.25098	0.05862	0.14687	0.03170	0.09560	0.01018	0.00728	0.00226	0.00633	0.00877	0.03170	0.00907
4	0.01281	0.00810	0.00995	0.00948	0.01159	0.00755	0.00714	0.01599	0.05338	0.11563	0.24424	0.12299	0.18651	0.09815	0.01125	0.00289	0.00453	0.06388	0.00691	0.00702
5	0.00991	0.00734	0.01075	0.01083	0.01193	0.00840	0.00822	0.01212	0.01124	0.01606	0.02001	0.06692	0.01962	0.11025	0.63079	0.01040	0.01691	0.00835	0.00392	0.00603
6	0.00930	0.00711	0.00861	0.00882	0.01059	0.00642	0.00675	0.01176	0.01703	0.02234	0.29339	0.14279	0.30262	0.01715	0.00852	0.00248	0.00392	0.10730	0.00691	0.00619
7	0.06420	0.01159	0.01519	0.01197	0.01686	0.01043	0.00978	0.03135	0.04920	0.58290	0.09742	0.02623	0.02205	0.00916	0.00702	0.00217	0.00562	0.00749	0.00827	0.01109
8	0.00905	0.00647	0.00873	0.01035	0.01099	0.00614	0.00744	0.01067	0.01390	0.01843	0.03816	0.61531	0.04495	0.02134	0.00905	0.00291	0.00453	0.14929	0.00647	0.00582
9	0.01400	0.03610	0.71860	0.01989	0.03020	0.01621	0.02578	0.02210	0.01473	0.02210	0.01252	0.01473	0.00884	0.00663	0.00663	0.00221	0.01031	0.00516	0.00295	0.01031
10	0.01727	0.01658	0.02832	0.04283	0.71123	0.01658	0.02142	0.02142	0.01589	0.02280	0.01313	0.01727	0.01105	0.00622	0.00691	0.00207	0.00829	0.00622	0.00345	0.01105
11	0.01318	0.01240	0.02093	0.73798	0.04806	0.01550	0.01938	0.01783	0.01395	0.01783	0.01240	0.01860	0.00930	0.00698	0.00698	0.00233	0.00930	0.00620	0.00310	0.00775
12	0.00998	0.00743	0.01098	0.01098	0.01215	0.00860	0.00844	0.01231	0.01115	0.01603	0.01890	0.02858	0.01795	0.09722	0.68291	0.01093	0.01793	0.00765	0.00377	0.00610
13	0.00988	0.00713	0.00933	0.00878	0.01043	0.00658	0.00658	0.01317	0.01975	0.02798	0.70754	0.05213	0.06584	0.01427	0.00823	0.00219	0.00329	0.01262	0.00768	0.00658
14	0.01015	0.00677	0.00761	0.00761	0.00761	0.00677	0.00423	0.01015	0.01015	0.01353	0.02199	0.04567	0.02537	0.75476	0.03552	0.00677	0.00677	0.01015	0.00423	0.00423
15	0.01736	0.01499	0.01578	0.01420	0.01815	0.01736	0.01105	0.03708	0.69862	0.02919	0.02840	0.02604	0.02130	0.00947	0.00710	0.00237	0.00552	0.00789	0.00710	0.01105
16	0.01050	0.06684	0.01104	0.00919	0.01128	0.00882	0.00700	0.01400	0.07215	0.02128	0.20477	0.17329	0.25796	0.06102	0.00969	0.00264	0.00436	0.04117	0.00640	0.00661
17	0.02443	0.01898	0.18294	0.01583	0.04832	0.01399	0.01468	0.13664	0.05609	0.35215	0.02152	0.02044	0.01439	0.00805	0.00684	0.00215	0.00722	0.00645	0.03767	0.01122

[dist]
# distance from previous block
# <min> <max>
0	3

[block]
# block no. 10 follows, 30 sequences, length 17
# corresponding to MSA columns:
# 422-438
name=unknown_K
#
# <colnr> <probs for GDERKNQSTAVLIFYWHMCP>
#	G	D	E	R	K	N	Q	S	T	A	V	L	I	F	Y	W	H	M	C	P
0	0.02333	0.01632	0.01794	0.01434	0.01910	0.01776	0.01164	0.41831	0.14714	0.10814	0.08778	0.02287	0.01957	0.00917	0.00706	0.00214	0.00655	0.00727	0.03254	0.01103
1	0.01162	0.00835	0.01041	0.00972	0.01176	0.00818	0.00734	0.01709	0.11494	0.05220	0.55039	0.08631	0.05674	0.01381	0.00807	0.00225	0.00374	0.01216	0.00757	0.00735
2	0.02992	0.01192	0.01605	0.01224	0.01771	0.01018	0.01009	0.03265	0.01952	0.65891	0.02628	0.02299	0.01670	0.00835	0.00687	0.00207	0.00587	0.00678	0.00827	0.07662
3	0.01447	0.01240	0.01447	0.01034	0.01654	0.00930	0.00827	0.01757	0.01447	0.02274	0.01240	0.01447	0.01034	0.00517	0.00517	0.00103	0.00517	0.00413	0.00413	0.79742
4	0.01334	0.00856	0.01042	0.01082	0.01281	0.00876	0.00910	0.07896	0.01713	0.02496	0.02982	0.05348	0.02929	0.01415	0.00764	0.00252	0.00538	0.36021	0.29567	0.00697
5	0.01008	0.00734	0.01073	0.01073	0.01178	0.00839	0.00811	0.01206	0.01101	0.01573	0.01879	0.02920	0.01811	0.12962	0.62106	0.04307	0.01684	0.00772	0.00376	0.00588
6	0.01455	0.12262	0.63696	0.01894	0.02873	0.01757	0.02413	0.02196	0.01467	0.02142	0.01219	0.01431	0.00885	0.00655	0.00637	0.00212	0.00997	0.00499	0.00295	0.01015
7	0.01392	0.01753	0.18382	0.01525	0.01880	0.01499	0.01456	0.04715	0.08465	0.02077	0.01605	0.02114	0.01370	0.04197	0.21126	0.00503	0.19674	0.00659	0.04785	0.00826
8	0.01006	0.00673	0.00764	0.00772	0.00774	0.00671	0.00435	0.01013	0.01032	0.01376	0.02286	0.08300	0.02647	0.71592	0.03411	0.00656	0.00662	0.01066	0.00435	0.00430
9	0.00877	0.00666	0.00853	0.03851	0.01165	0.00623	0.00689	0.01040	0.01429	0.01851	0.06804	0.51397	0.19970	0.01993	0.00868	0.00269	0.00420	0.04009	0.00638	0.00586
10	0.01721	0.04344	0.02353	0.31365	0.17937	0.01681	0.06302	0.07846	0.10878	0.06321	0.01596	0.01919	0.01204	0.00725	0.00697	0.00222	0.00834	0.00653	0.00438	0.00964
11	0.01255	0.00977	0.01592	0.04249	0.04886	0.00962	0.13948	0.01582	0.01476	0.02188	0.06098	0.13559	0.02525	0.07413	0.03638	0.00295	0.00666	0.07383	0.24605	0.00701
12	0.01145	0.00879	0.01006	0.01004	0.01167	0.00900	0.00710	0.04684	0.14762	0.02145	0.09545	0.28909	0.12629	0.15668	0.01337	0.00333	0.00488	0.01373	0.00630	0.00684
13	0.01642	0.07770	0.13396	0.08493	0.08781	0.01627	0.06147	0.11139	0.01726	0.05205	0.05437	0.04691	0.03955	0.01177	0.04803	0.00279	0.08609	0.03759	0.00454	0.00907
14	0.01736	0.01918	0.08189	0.13481	0.23089	0.09281	0.08345	0.06754	0.04316	0.02253	0.03996	0.01832	0.01268	0.00774	0.00893	0.00226	0.09667	0.00644	0.00388	0.00949
15	0.01663	0.01489	0.04949	0.13334	0.23126	0.01485	0.08163	0.04862	0.07271	0.08040	0.07263	0.02336	0.03390	0.01104	0.05510	0.00283	0.03571	0.00738	0.00468	0.00954
16	0.04814	0.01643	0.04123	0.09923	0.14716	0.09272	0.07636	0.02118	0.08182	0.02141	0.01395	0.01733	0.01133	0.00832	0.00856	0.08349	0.00791	0.00574	0.00393	0.19376

[dist]
# distance from previous block
# <min> <max>
1	8

[block]
# block no. 11 follows, 30 sequences, length 7
# corresponding to MSA columns:
# 447-453
name=unknown_L
#
# <colnr> <probs for GDERKNQSTAVLIFYWHMCP>
#	G	D	E	R	K	N	Q	S	T	A	V	L	I	F	Y	W	H	M	C	P
0	0.01773	0.01604	0.02170	0.12263	0.18146	0.04721	0.05656	0.14281	0.13626	0.02623	0.04519	0.04255	0.03847	0.00888	0.00838	0.00228	0.06339	0.00747	0.00500	0.00976
1	0.01176	0.00779	0.00946	0.00934	0.01124	0.00725	0.00696	0.01461	0.04750	0.08737	0.18633	0.17419	0.22094	0.09769	0.01132	0.00295	0.00452	0.07537	0.00672	0.00668
2	0.01619	0.07433	0.32510	0.01886	0.07941	0.06566	0.03814	0.08982	0.05427	0.02396	0.04644	0.02370	0.07604	0.00860	0.00690	0.00217	0.00863	0.02785	0.00430	0.00963
3	0.01506	0.01965	0.17834	0.01844	0.05345	0.07830	0.10841	0.04656	0.01476	0.02047	0.01530	0.04020	0.01335	0.04898	0.15792	0.00432	0.10505	0.00691	0.04624	0.00832
4	0.00927	0.00683	0.00833	0.00870	0.01018	0.00621	0.00638	0.01155	0.01643	0.02212	0.27421	0.25722	0.22932	0.01734	0.00834	0.00245	0.00374	0.05034	0.04492	0.00612
5	0.01770	0.04838	0.06723	0.01696	0.10651	0.07220	0.03176	0.08106	0.01691	0.05357	0.01414	0.01635	0.01123	0.00662	0.00659	0.00165	0.03711	0.00521	0.07507	0.31377
6	0.01162	0.00949	0.01064	0.01075	0.01298	0.00983	0.00809	0.01932	0.24203	0.02216	0.04402	0.25777	0.22308	0.01634	0.00819	0.00258	0.00461	0.07224	0.00668	0.00759

[dist]
# distance from previous block
# <min> <max>
0	1

[block]
# block no. 12 follows, 30 sequences, length 21
# corresponding to MSA columns:
# 455-475
name=unknown_M
#
# <colnr> <probs for GDERKNQSTAVLIFYWHMCP>
#	G	D	E	R	K	N	Q	S	T	A	V	L	I	F	Y	W	H	M	C	P
0	0.01965	0.62641	0.05537	0.01298	0.01885	0.09034	0.01259	0.06142	0.01582	0.01830	0.01031	0.01176	0.00913	0.00625	0.00486	0.00158	0.00803	0.00400	0.00328	0.00909
1	0.01015	0.00677	0.00761	0.00761	0.00761	0.00677	0.00423	0.01015	0.01015	0.01353	0.02199	0.04567	0.02537	0.75476	0.03552	0.00677	0.00677	0.01015	0.00423	0.00423
2	0.01448	0.01270	0.01643	0.01307	0.05314	0.01009	0.04513	0.01775	0.01448	0.02237	0.01287	0.01554	0.01077	0.00777	0.04388	0.00170	0.00640	0.00464	0.00405	0.67274
3	0.01600	0.01750	0.03619	0.14049	0.10349	0.01732	0.49753	0.02139	0.01585	0.02153	0.01361	0.01853	0.01039	0.00627	0.00835	0.00234	0.03286	0.00766	0.00344	0.00926
4	0.01086	0.00808	0.01154	0.01128	0.01269	0.00931	0.00872	0.04832	0.01231	0.01754	0.01876	0.02782	0.01757	0.08747	0.65184	0.01049	0.01747	0.00756	0.00394	0.00642
5	0.01015	0.00677	0.00761	0.00761	0.00761	0.00677	0.00423	0.01015	0.01015	0.01353	0.02199	0.04567	0.02537	0.75476	0.03552	0.00677	0.00677	0.01015	0.00423	0.00423
6	0.01792	0.12225	0.21397	0.08706	0.15108	0.15820	0.03861	0.02404	0.08250	0.02080	0.01350	0.01588	0.01059	0.00686	0.00646	0.00204	0.00951	0.00548	0.00361	0.00964
7	0.00997	0.00748	0.01121	0.01121	0.01246	0.00872	0.00872	0.01246	0.01121	0.01620	0.01869	0.02741	0.01745	0.05234	0.72710	0.01121	0.01869	0.00748	0.00374	0.00623
8	0.01676	0.39423	0.27650	0.01576	0.02300	0.05259	0.05119	0.02130	0.01502	0.01936	0.04690	0.01501	0.01193	0.00668	0.00571	0.00184	0.00870	0.00496	0.00327	0.00930
9	0.01384	0.01307	0.02212	0.62627	0.15464	0.01568	0.01971	0.01841	0.01426	0.01863	0.01252	0.01839	0.00958	0.00685	0.00697	0.00228	0.00914	0.00620	0.00316	0.00828
10	0.05284	0.00904	0.01015	0.00964	0.01182	0.00933	0.00727	0.05733	0.11686	0.02696	0.26239	0.14889	0.06254	0.01286	0.00720	0.00220	0.00411	0.01104	0.17011	0.00741
11	0.01741	0.04710	0.09386	0.07696	0.48346	0.01696	0.01997	0.07809	0.01697	0.02400	0.01316	0.01668	0.01068	0.00642	0.00671	0.00203	0.00830	0.00591	0.00370	0.05163
12	0.01592	0.17058	0.21721	0.04902	0.02847	0.01980	0.23569	0.02088	0.01447	0.01999	0.01191	0.01560	0.00950	0.00721	0.00948	0.00226	0.13357	0.00607	0.00317	0.00920
13	0.00879	0.00628	0.00843	0.01005	0.01058	0.00592	0.00698	0.01022	0.01365	0.01814	0.03830	0.67915	0.04552	0.02159	0.00898	0.00287	0.00430	0.08802	0.00647	0.00575
14	0.00998	0.00752	0.00927	0.00876	0.01065	0.00702	0.00659	0.01385	0.05388	0.02646	0.56205	0.05340	0.17524	0.01461	0.00818	0.00223	0.00345	0.01274	0.00744	0.00669
