[name]
unknown

[dist]
# distance from previous block
# <min> <max>
6	124

[block]
# block no. 0 follows, 32 sequences, length 27
# corresponding to MSA columns:
# 127-153
name=unknown_A
#
# <colnr> <probs for GDERKNQSTAVLIFYWHMCP>
#	G	D	E	R	K	N	Q	S	T	A	V	L	I	F	Y	W	H	M	C	P
0	0.04639	0.16182	0.21080	0.01572	0.03989	0.08043	0.05127	0.06695	0.03913	0.11546	0.03235	0.06347	0.03197	0.00805	0.00627	0.00199	0.00789	0.00645	0.00450	0.00922
1	0.12807	0.23912	0.14373	0.01368	0.01955	0.05726	0.02937	0.13824	0.01728	0.06651	0.01431	0.01612	0.02834	0.00705	0.00560	0.00185	0.00747	0.01883	0.00428	0.04332
2	0.04565	0.20444	0.24944	0.01474	0.02103	0.05866	0.01534	0.13613	0.08829	0.02428	0.01459	0.03526	0.01160	0.00727	0.00586	0.00192	0.00782	0.00544	0.04284	0.00941
3	0.05405	0.08480	0.19221	0.03678	0.03694	0.13885	0.02879	0.11514	0.09039	0.04726	0.06550	0.02051	0.01569	0.00802	0.00643	0.00204	0.00820	0.03462	0.00462	0.00916
4	0.12303	0.16442	0.18003	0.01362	0.01917	0.07217	0.01342	0.11164	0.06665	0.05638	0.06767	0.03850	0.03054	0.00796	0.00596	0.00197	0.00727	0.00600	0.00461	0.00899
5	0.08545	0.22293	0.13105	0.01500	0.03923	0.09951	0.04265	0.08576	0.01653	0.04147	0.08487	0.01714	0.01481	0.00743	0.00666	0.00189	0.04746	0.00548	0.00409	0.03059
6	0.04624	0.14900	0.18418	0.01511	0.03933	0.07994	0.01432	0.09892	0.09018	0.16459	0.04291	0.01780	0.01380	0.00743	0.00614	0.00196	0.00758	0.00567	0.00506	0.00984
7	0.04593	0.17138	0.22430	0.01571	0.03804	0.05743	0.03264	0.14347	0.10641	0.02505	0.01452	0.01568	0.01108	0.00693	0.00592	0.00191	0.00783	0.00527	0.04294	0.02758
8	0.04069	0.04744	0.15164	0.04005	0.17295	0.09314	0.06418	0.01865	0.01534	0.02084	0.08003	0.07395	0.07600	0.00872	0.00668	0.00200	0.00762	0.00756	0.00410	0.06840
9	0.06578	0.01804	0.13966	0.01501	0.04564	0.07285	0.03136	0.16244	0.05419	0.09657	0.05456	0.08108	0.03758	0.06125	0.00869	0.00245	0.00724	0.03134	0.00535	0.00891
10	0.06795	0.07586	0.12510	0.01846	0.15719	0.04158	0.01384	0.02161	0.08498	0.10876	0.05532	0.08292	0.05408	0.00948	0.00701	0.00215	0.02356	0.03624	0.00493	0.00899
11	0.37241	0.01487	0.05272	0.04436	0.03703	0.01537	0.03677	0.11231	0.11868	0.06353	0.03267	0.01669	0.01236	0.00725	0.00557	0.00209	0.00612	0.00540	0.03503	0.00876
12	0.02304	0.02713	0.01825	0.01704	0.05193	0.56391	0.01237	0.02503	0.01806	0.04937	0.01239	0.04167	0.01061	0.00726	0.00609	0.00171	0.01053	0.00504	0.00383	0.09473
13	0.02200	0.01737	0.13143	0.01517	0.05216	0.01418	0.01323	0.16589	0.11962	0.25563	0.01977	0.01903	0.01372	0.00755	0.00647	0.00197	0.00669	0.00607	0.00614	0.10591
14	0.51280	0.01380	0.01533	0.01555	0.12424	0.01494	0.04678	0.05499	0.01419	0.11394	0.01249	0.01387	0.00928	0.00650	0.00518	0.00207	0.00612	0.00472	0.00462	0.00859
15	0.01147	0.00583	0.00869	0.00877	0.00879	0.00581	0.00585	0.00877	0.00896	0.01195	0.01301	0.05988	0.01340	0.02319	0.02528	0.76195	0.00572	0.00653	0.00309	0.00305
16	0.03010	0.01142	0.01557	0.01194	0.01713	0.00986	0.00986	0.03270	0.01920	0.72698	0.02647	0.02284	0.01661	0.00830	0.00675	0.00208	0.00571	0.00675	0.00830	0.01142
17	0.05351	0.54454	0.02932	0.04877	0.05562	0.05694	0.01167	0.01920	0.01379	0.01701	0.01246	0.08667	0.01226	0.00741	0.00505	0.00168	0.00712	0.00542	0.00332	0.00824
18	0.02484	0.01400	0.01644	0.01304	0.01777	0.01435	0.01062	0.26153	0.12620	0.32676	0.06329	0.02250	0.01814	0.00864	0.00676	0.00207	0.00601	0.00693	0.02926	0.01086
19	0.00928	0.00709	0.00875	0.00955	0.01126	0.00656	0.00773	0.01161	0.01533	0.01941	0.09214	0.14390	0.31436	0.01788	0.00857	0.00266	0.00462	0.29710	0.00628	0.00590
20	0.02466	0.01498	0.02200	0.01751	0.05479	0.01467	0.14726	0.22674	0.02183	0.33130	0.02050	0.04061	0.01431	0.00796	0.00702	0.00211	0.00737	0.00709	0.00657	0.01074
21	0.01682	0.01648	0.02661	0.06679	0.66676	0.04686	0.02019	0.02073	0.01537	0.02151	0.01250	0.01646	0.01048	0.00605	0.00662	0.00199	0.00819	0.00591	0.00331	0.01039
22	0.00864	0.00679	0.00788	0.00780	0.00956	0.00616	0.00577	0.01070	0.01545	0.01998	0.23948	0.08937	0.39700	0.05965	0.08259	0.00333	0.00499	0.01290	0.00617	0.00579
23	0.00816	0.00589	0.00773	0.00920	0.00970	0.00546	0.00617	0.00936	0.01298	0.01718	0.03869	0.72142	0.08166	0.02080	0.00853	0.00270	0.00387	0.01880	0.00623	0.00546
24	0.11030	0.01674	0.02108	0.29272	0.25971	0.13026	0.01688	0.03867	0.01518	0.02081	0.01172	0.01568	0.00932	0.00648	0.00628	0.00205	0.00864	0.00544	0.00341	0.00863
25	0.01803	0.01532	0.01894	0.01888	0.12726	0.01691	0.04594	0.15989	0.40127	0.02912	0.02266	0.02438	0.01768	0.00876	0.00696	0.00222	0.00646	0.04281	0.00606	0.01046
26	0.07923	0.02108	0.05243	0.02057	0.16557	0.20529	0.01420	0.19313	0.09728	0.06455	0.01501	0.01605	0.01138	0.00725	0.00634	0.00198	0.00838	0.00556	0.00489	0.00984

[dist]
# distance from previous block
# <min> <max>
0	6

[block]
# block no. 1 follows, 32 sequences, length 15
# corresponding to MSA columns:
# 160-174
name=unknown_B
#
# <colnr> <probs for GDERKNQSTAVLIFYWHMCP>
#	G	D	E	R	K	N	Q	S	T	A	V	L	I	F	Y	W	H	M	C	P
0	0.01744	0.16673	0.02747	0.08575	0.41390	0.09451	0.03997	0.02133	0.03442	0.01991	0.01211	0.01535	0.01015	0.00616	0.00617	0.00189	0.00836	0.00544	0.00332	0.00963
1	0.01955	0.10904	0.01982	0.04834	0.08715	0.01754	0.01226	0.12647	0.34449	0.11190	0.02126	0.02057	0.01577	0.00803	0.00646	0.00208	0.00631	0.00654	0.00599	0.01044
2	0.01191	0.00989	0.01291	0.01279	0.05625	0.00978	0.04976	0.06879	0.11384	0.02259	0.11225	0.24658	0.19833	0.01436	0.00771	0.00232	0.00488	0.01269	0.00608	0.02629
3	0.00919	0.00685	0.00854	0.00812	0.00983	0.00620	0.00609	0.01206	0.01826	0.02516	0.58957	0.05299	0.19362	0.01437	0.00792	0.00214	0.00321	0.01254	0.00716	0.00620
4	0.00818	0.00584	0.00779	0.00934	0.00973	0.00545	0.00623	0.00934	0.01285	0.01713	0.03698	0.75981	0.04438	0.02102	0.00856	0.00273	0.00389	0.01908	0.00623	0.00545
5	0.02635	0.01744	0.01930	0.01480	0.02013	0.01880	0.01222	0.57764	0.02929	0.16781	0.01801	0.01734	0.01236	0.00810	0.00672	0.00203	0.00708	0.00617	0.00700	0.01141
6	0.01477	0.01407	0.02391	0.37139	0.40650	0.01546	0.01968	0.01898	0.01441	0.01969	0.01230	0.01721	0.00984	0.00632	0.00667	0.00211	0.00843	0.00597	0.00316	0.00915
7	0.03010	0.01142	0.01557	0.01194	0.01713	0.00986	0.00986	0.03270	0.01920	0.72698	0.02647	0.02284	0.01661	0.00830	0.00675	0.00208	0.00571	0.00675	0.00830	0.01142
8	0.01761	0.01506	0.02452	0.06328	0.55542	0.01514	0.01835	0.06194	0.01672	0.07812	0.05652	0.01914	0.01426	0.00678	0.00673	0.00202	0.00751	0.00641	0.00415	0.01035
9	0.01603	0.01515	0.02441	0.05846	0.54721	0.01584	0.01843	0.02153	0.09632	0.02195	0.01509	0.04768	0.01299	0.00732	0.00765	0.00212	0.05120	0.00669	0.00382	0.01012
10	0.01248	0.07188	0.09958	0.01189	0.01474	0.04555	0.01030	0.07967	0.01526	0.01993	0.03028	0.32993	0.12304	0.01618	0.03803	0.00271	0.05410	0.01220	0.00516	0.00709
11	0.01719	0.01706	0.08893	0.01821	0.11881	0.07475	0.06583	0.16213	0.07719	0.04107	0.10406	0.02463	0.05999	0.00998	0.03075	0.00232	0.00750	0.00733	0.06316	0.00909
12	0.01909	0.35785	0.12075	0.01445	0.02077	0.01937	0.08848	0.05434	0.01574	0.13571	0.01353	0.01455	0.01034	0.00627	0.00555	0.00171	0.00755	0.00492	0.00410	0.08491
13	0.07192	0.01128	0.04376	0.01384	0.09682	0.04112	0.00964	0.01739	0.03589	0.10938	0.24517	0.17109	0.08111	0.01244	0.00729	0.00220	0.00509	0.01079	0.00610	0.00766
14	0.01483	0.05810	0.23782	0.03748	0.20044	0.04540	0.01675	0.01988	0.03828	0.05582	0.12475	0.05679	0.04787	0.00866	0.00676	0.00207	0.00743	0.00742	0.00437	0.00906

[dist]
# distance from previous block
# <min> <max>
1	9

[block]
# block no. 2 follows, 32 sequences, length 16
# corresponding to MSA columns:
# 184-199
name=unknown_C
#
# <colnr> <probs for GDERKNQSTAVLIFYWHMCP>
#	G	D	E	R	K	N	Q	S	T	A	V	L	I	F	Y	W	H	M	C	P
0	0.04167	0.01697	0.08937	0.03143	0.47563	0.03694	0.01797	0.02138	0.01552	0.09389	0.02979	0.04074	0.01305	0.00689	0.00655	0.00199	0.00761	0.00630	0.00402	0.04226
1	0.04332	0.04214	0.18682	0.02533	0.30496	0.01527	0.01755	0.07683	0.05644	0.07000	0.05702	0.02020	0.03983	0.00742	0.00657	0.00205	0.00752	0.00639	0.00436	0.00998
2	0.01535	0.05648	0.28345	0.04083	0.21010	0.05894	0.04077	0.04276	0.01558	0.02171	0.04555	0.01800	0.03425	0.00685	0.00639	0.00194	0.00838	0.00581	0.00357	0.08330
3	0.04029	0.16392	0.07935	0.01695	0.09659	0.10355	0.03795	0.08817	0.07461	0.09015	0.01438	0.01546	0.01108	0.00659	0.00584	0.00175	0.00755	0.00514	0.00443	0.13624
4	0.01263	0.00888	0.01104	0.00996	0.01254	0.00867	0.00764	0.04067	0.06760	0.07938	0.14244	0.08045	0.12208	0.06027	0.19997	0.00453	0.00805	0.00939	0.00557	0.10825
5	0.19686	0.13575	0.07342	0.01450	0.05852	0.01696	0.03936	0.13794	0.06993	0.04425	0.01401	0.01636	0.01114	0.00690	0.00561	0.00186	0.00667	0.02485	0.00455	0.12054
6	0.00955	0.00642	0.00738	0.00758	0.00763	0.00637	0.00435	0.00970	0.01016	0.01354	0.02320	0.13685	0.02699	0.66771	0.03083	0.00601	0.00617	0.01097	0.00435	0.00425
7	0.01375	0.08255	0.68414	0.01863	0.02827	0.01630	0.02392	0.02117	0.01413	0.02089	0.01186	0.01394	0.00851	0.00633	0.00624	0.00208	0.00974	0.00487	0.00284	0.00983
8	0.00861	0.00678	0.00777	0.00761	0.00950	0.00594	0.00567	0.01091	0.01676	0.02182	0.34378	0.08954	0.40985	0.01578	0.00795	0.00222	0.00332	0.01352	0.00672	0.00594
9	0.07495	0.17514	0.23992	0.01530	0.04345	0.01543	0.07453	0.01932	0.01524	0.05923	0.14327	0.02335	0.05752	0.00816	0.00631	0.00199	0.00725	0.00676	0.00431	0.00859
10	0.41442	0.07219	0.01607	0.01445	0.09608	0.05566	0.01038	0.09108	0.09447	0.02801	0.01262	0.01388	0.00987	0.00666	0.00515	0.00197	0.00626	0.00465	0.00448	0.04165
11	0.01568	0.05348	0.34707	0.01775	0.08965	0.01347	0.03577	0.02130	0.03353	0.12193	0.08675	0.02315	0.06934	0.00810	0.00664	0.00206	0.00763	0.00676	0.00451	0.03543
12	0.01621	0.17800	0.20954	0.01894	0.12896	0.04893	0.05278	0.05390	0.03886	0.05075	0.07457	0.02121	0.06385	0.00776	0.00633	0.00196	0.00776	0.00640	0.00413	0.00918
13	0.26875	0.05642	0.08473	0.03823	0.11911	0.05714	0.03211	0.01876	0.01453	0.02432	0.12564	0.02066	0.03903	0.00765	0.00582	0.00195	0.00647	0.00604	0.00430	0.06834
14	0.04715	0.07972	0.31944	0.07684	0.15077	0.01665	0.05610	0.02296	0.12413	0.02210	0.01432	0.01642	0.01085	0.00667	0.00636	0.00209	0.00845	0.00563	0.00365	0.00972
15	0.01132	0.03902	0.14533	0.01258	0.04989	0.01022	0.02770	0.01621	0.07272	0.02206	0.20496	0.04052	0.25675	0.01176	0.00721	0.00210	0.00533	0.00998	0.00549	0.04884

[dist]
# distance from previous block
# <min> <max>
3	27

[block]
# block no. 3 follows, 32 sequences, length 58
# corresponding to MSA columns:
# 227-247,249-285
name=unknown_D
#
# <colnr> <probs for GDERKNQSTAVLIFYWHMCP>
#	G	D	E	R	K	N	Q	S	T	A	V	L	I	F	Y	W	H	M	C	P
0	0.05498	0.01591	0.03711	0.02119	0.22528	0.08003	0.01341	0.12181	0.10791	0.08858	0.06335	0.06535	0.05796	0.00898	0.00677	0.00209	0.00685	0.00758	0.00534	0.00953
1	0.07906	0.05996	0.15064	0.09647	0.04768	0.01422	0.03134	0.04413	0.07337	0.14457	0.03680	0.02092	0.03791	0.00787	0.00693	0.00205	0.03615	0.02171	0.00482	0.08340
2	0.01480	0.11557	0.15830	0.03577	0.16140	0.01401	0.06685	0.01864	0.01443	0.06255	0.01796	0.17010	0.01719	0.00917	0.00661	0.00202	0.00721	0.00817	0.00414	0.09511
3	0.01585	0.06069	0.05602	0.03657	0.05057	0.05524	0.05920	0.05881	0.10310	0.05493	0.02053	0.08722	0.04947	0.00904	0.00705	0.00194	0.03218	0.03801	0.00480	0.19876
4	0.01650	0.01331	0.01967	0.07976	0.32363	0.01330	0.01439	0.06694	0.05927	0.08527	0.05441	0.02418	0.06591	0.05165	0.00827	0.00223	0.00671	0.00708	0.00470	0.08281
5	0.01429	0.01435	0.03844	0.18094	0.31835	0.03111	0.09543	0.01829	0.01533	0.02083	0.08367	0.02440	0.08062	0.00784	0.00698	0.00208	0.00776	0.00742	0.00392	0.02794
6	0.01481	0.01782	0.13737	0.15011	0.31714	0.01547	0.08003	0.01928	0.01427	0.02035	0.01290	0.03919	0.01082	0.00702	0.00796	0.00212	0.06988	0.00627	0.00329	0.05392
7	0.01526	0.01562	0.05410	0.29792	0.32133	0.05343	0.01825	0.04062	0.01543	0.02075	0.05254	0.01856	0.01281	0.00680	0.00665	0.00206	0.00827	0.00614	0.00354	0.02994
8	0.01508	0.01557	0.05701	0.11581	0.48298	0.01485	0.07747	0.01919	0.01500	0.02090	0.01741	0.03940	0.06485	0.00727	0.00689	0.00209	0.00801	0.00705	0.00356	0.00959
9	0.04286	0.04871	0.17928	0.04216	0.22880	0.13588	0.01705	0.02167	0.01542	0.07699	0.01570	0.01782	0.04776	0.00731	0.00723	0.00201	0.05087	0.00575	0.00379	0.03295
10	0.03917	0.12170	0.15748	0.01915	0.15047	0.01423	0.07608	0.01799	0.03272	0.02071	0.11951	0.02482	0.03812	0.01004	0.00886	0.09268	0.00722	0.03687	0.00405	0.00812
11	0.01461	0.01506	0.06620	0.02081	0.20806	0.05434	0.06278	0.07315	0.01644	0.02222	0.06099	0.11394	0.11657	0.01000	0.00734	0.00205	0.02418	0.00879	0.00462	0.09787
12	0.01555	0.01222	0.01373	0.01298	0.04689	0.05331	0.00935	0.17365	0.01798	0.04851	0.04822	0.27779	0.02532	0.05274	0.00925	0.00240	0.03926	0.01068	0.02926	0.10092
13	0.20779	0.03748	0.07907	0.10873	0.07080	0.08074	0.09656	0.10611	0.07066	0.02546	0.01416	0.01814	0.01131	0.00728	0.00622	0.00212	0.00798	0.03637	0.00427	0.00876
14	0.13651	0.00738	0.00768	0.00810	0.00988	0.00714	0.00588	0.01167	0.01376	0.02043	0.06209	0.31748	0.27675	0.01602	0.00732	0.00235	0.00385	0.01370	0.06611	0.00590
15	0.01281	0.01206	0.02037	0.72368	0.06953	0.01494	0.01870	0.01726	0.01348	0.01731	0.01195	0.01784	0.00900	0.00668	0.00671	0.00223	0.00891	0.00596	0.00299	0.00756
16	0.00916	0.00674	0.00859	0.00848	0.00999	0.00617	0.00631	0.01187	0.01758	0.02425	0.52194	0.14838	0.14358	0.01527	0.00805	0.00224	0.00339	0.03483	0.00704	0.00612
17	0.01660	0.01627	0.02614	0.11173	0.62152	0.04903	0.02004	0.02053	0.01526	0.02118	0.01245	0.01653	0.01037	0.00610	0.00662	0.00201	0.00826	0.00590	0.00329	0.01018
18	0.01391	0.01193	0.01391	0.00994	0.01590	0.00894	0.00795	0.01690	0.01391	0.02186	0.01193	0.01391	0.00994	0.00497	0.00497	0.00099	0.00497	0.00398	0.00398	0.80521
19	0.02430	0.02228	0.01930	0.01627	0.03611	0.24448	0.01267	0.41551	0.06953	0.03242	0.01508	0.01564	0.01124	0.00771	0.00646	0.00193	0.00864	0.00560	0.02474	0.01008
20	0.01000	0.00748	0.00847	0.00796	0.01038	0.00645	0.00603	0.01157	0.01446	0.04574	0.06635	0.05138	0.46319	0.03664	0.05372	0.06734	0.00489	0.03430	0.00563	0.08800
21	0.05468	0.01105	0.01397	0.03261	0.07216	0.03366	0.03643	0.06494	0.08404	0.05919	0.02727	0.35890	0.04510	0.01392	0.00791	0.00238	0.02855	0.01222	0.00563	0.03539
22	0.01662	0.50976	0.20354	0.01409	0.02059	0.02297	0.03250	0.02097	0.04501	0.01783	0.01089	0.01256	0.00916	0.00625	0.00563	0.00171	0.03355	0.00429	0.00305	0.00899
23	0.01279	0.01159	0.01845	0.26289	0.21313	0.01283	0.01511	0.01618	0.01384	0.01890	0.04103	0.09273	0.05125	0.01299	0.06805	0.00296	0.05409	0.04170	0.00391	0.03558
24	0.01556	0.37522	0.37401	0.01515	0.02295	0.02039	0.01784	0.02051	0.01391	0.01873	0.01077	0.01257	0.00862	0.00602	0.00535	0.00175	0.00842	0.00428	0.00290	0.04505
25	0.01279	0.01197	0.02000	0.63823	0.08243	0.01477	0.01800	0.01700	0.01326	0.01729	0.01222	0.01821	0.00950	0.00943	0.05062	0.00275	0.03489	0.00603	0.00304	0.00755
26	0.01346	0.03471	0.72942	0.01912	0.02904	0.01558	0.02479	0.02125	0.01417	0.02125	0.01204	0.01417	0.00850	0.00637	0.00637	0.00212	0.00992	0.00496	0.00283	0.00992
27	0.01348	0.01275	0.02159	0.60250	0.18544	0.01512	0.01904	0.01785	0.01380	0.01813	0.01207	0.01763	0.00929	0.00656	0.00669	0.00219	0.00874	0.00597	0.00305	0.00811
28	0.01665	0.01171	0.01387	0.10298	0.01888	0.03965	0.01031	0.04639	0.17727	0.15584	0.02939	0.13712	0.09138	0.01154	0.00721	0.00226	0.00583	0.06080	0.00613	0.05481
29	0.00826	0.00587	0.00776	0.00923	0.00960	0.00551	0.00611	0.00937	0.01268	0.01691	0.03614	0.72164	0.04331	0.06065	0.00993	0.00293	0.00403	0.01858	0.00611	0.00538
30	0.01769	0.01640	0.02543	0.20670	0.06695	0.05560	0.22111	0.16477	0.05070	0.04069	0.01567	0.02099	0.01234	0.00748	0.00719	0.00220	0.00905	0.04552	0.00442	0.00912
31	0.01606	0.01538	0.02624	0.13986	0.62795	0.01580	0.02032	0.02011	0.01502	0.02125	0.01252	0.01679	0.01039	0.00608	0.00665	0.00203	0.00811	0.00598	0.00327	0.01019
32	0.00825	0.00681	0.00723	0.00713	0.00926	0.00580	0.00535	0.01024	0.01604	0.01989	0.19877	0.06167	0.58771	0.01633	0.00793	0.00223	0.00335	0.01375	0.00646	0.00580
33	0.03010	0.01142	0.01557	0.01194	0.01713	0.00986	0.00986	0.03270	0.01920	0.72698	0.02647	0.02284	0.01661	0.00830	0.00675	0.00208	0.00571	0.00675	0.00830	0.01142
34	0.01561	0.01341	0.01418	0.01295	0.01644	0.01530	0.01000	0.03239	0.62327	0.02677	0.03059	0.07031	0.06863	0.01032	0.00700	0.00230	0.00510	0.00869	0.00675	0.00999
35	0.01589	0.01578	0.02519	0.24973	0.44922	0.05770	0.05001	0.01997	0.01497	0.02016	0.01233	0.01679	0.00999	0.00624	0.00669	0.00206	0.00865	0.00596	0.00323	0.00945
36	0.81159	0.01298	0.00986	0.00882	0.01298	0.01505	0.00727	0.01972	0.01142	0.03010	0.00934	0.01090	0.00727	0.00623	0.00415	0.00208	0.00519	0.00363	0.00415	0.00727
37	0.01037	0.00778	0.00972	0.00907	0.01093	0.00759	0.00685	0.01545	0.10287	0.02705	0.63488	0.04708	0.05811	0.01316	0.00778	0.00213	0.00343	0.01158	0.00732	0.00685
38	0.00950	0.00686	0.00897	0.00844	0.01002	0.00633	0.00633	0.01266	0.01899	0.02691	0.71879	0.05012	0.06331	0.01372	0.00791	0.00211	0.00317	0.01213	0.00739	0.00633
39	0.01579	0.01797	0.03888	0.02788	0.03442	0.01710	0.67250	0.02129	0.01563	0.02129	0.01340	0.01797	0.01013	0.00588	0.00844	0.00229	0.03892	0.00784	0.00338	0.00899
40	0.00838	0.00592	0.00773	0.00909	0.00943	0.00558	0.00595	0.00940	0.01245	0.01661	0.03497	0.66893	0.04184	0.11536	0.01181	0.00320	0.00422	0.01789	0.00595	0.00527
41	0.00975	0.00653	0.00745	0.00745	0.00750	0.00658	0.00423	0.00984	0.00980	0.01311	0.02102	0.04322	0.02410	0.73624	0.06169	0.00667	0.00695	0.00966	0.00405	0.00414
42	0.02506	0.03198	0.01901	0.01729	0.02074	0.73725	0.01296	0.02679	0.01901	0.01642	0.01037	0.01210	0.00864	0.00691	0.00605	0.00173	0.01210	0.00432	0.00346	0.00778
43	0.02832	0.01142	0.01522	0.01178	0.01674	0.01008	0.00969	0.06182	0.01962	0.64379	0.05252	0.02507	0.04426	0.00881	0.00683	0.00208	0.00561	0.00719	0.00812	0.01102
44	0.00941	0.00686	0.00884	0.00835	0.00997	0.00629	0.00626	0.01249	0.01878	0.02640	0.68103	0.05096	0.10139	0.01391	0.00791	0.00212	0.00318	0.01225	0.00732	0.00629
45	0.01520	0.01448	0.02288	0.46587	0.18403	0.04266	0.06379	0.07334	0.01563	0.02043	0.01246	0.01728	0.00957	0.00660	0.00675	0.00215	0.00889	0.00604	0.00340	0.00856
46	0.01646	0.01901	0.08232	0.02169	0.07221	0.11587	0.29362	0.07443	0.03577	0.02212	0.02150	0.02705	0.09227	0.00857	0.00744	0.00221	0.00929	0.06526	0.00427	0.00865
47	0.01648	0.01741	0.03644	0.02636	0.03239	0.01694	0.59395	0.02156	0.01547	0.05858	0.01379	0.01802	0.01039	0.00640	0.00925	0.00232	0.08398	0.00765	0.00361	0.00901
48	0.01622	0.01863	0.03783	0.05237	0.03469	0.05530	0.63815	0.02163	0.01592	0.02107	0.01335	0.01777	0.01006	0.00576	0.00778	0.00223	0.01127	0.00766	0.00338	0.00893
49	0.05268	0.01434	0.02187	0.14763	0.39027	0.01510	0.01675	0.06079	0.07926	0.06086	0.03761	0.02035	0.03861	0.00727	0.00665	0.00208	0.00730	0.00654	0.00431	0.00974
50	0.01760	0.24586	0.25132	0.01563	0.02217	0.08090	0.03376	0.09195	0.13635	0.02252	0.01418	0.01516	0.01095	0.00685	0.00589	0.00191	0.00828	0.00514	0.00399	0.00960
51	0.00829	0.00658	0.00733	0.00768	0.00930	0.00577	0.00553	0.00992	0.01470	0.01835	0.11072	0.22269	0.45206	0.06339	0.00971	0.00264	0.00375	0.02983	0.00619	0.00558
52	0.01809	0.09511	0.27375	0.01997	0.06246	0.15908	0.11589	0.09734	0.03289	0.02219	0.01241	0.01462	0.00949	0.00671	0.00689	0.00201	0.03270	0.00539	0.00359	0.00939
53	0.01749	0.04399	0.06280	0.04881	0.27523	0.06181	0.18103	0.09758	0.03550	0.02331	0.01339	0.01671	0.01061	0.00670	0.00767	0.00209	0.05196	0.00626	0.02742	0.00964
54	0.05235	0.01927	0.14581	0.05861	0.39433	0.01604	0.17398	0.02074	0.01498	0.02192	0.01256	0.01632	0.00996	0.00601	0.00677	0.00209	0.00896	0.00614	0.00328	0.00988
55	0.00834	0.00603	0.00793	0.00933	0.00993	0.00561	0.00641	0.00971	0.01333	0.01766	0.06075	0.65996	0.08386	0.02042	0.00854	0.00270	0.00396	0.05374	0.00626	0.00553
56	0.04291	0.13058	0.14570	0.02152	0.23060	0.03658	0.01542	0.07188	0.01633	0.07516	0.06266	0.01920	0.01480	0.03438	0.00713	0.00208	0.00734	0.00596	0.05044	0.00934
57	0.01677	0.10902	0.33624	0.06135	0.10235	0.01661	0.05548	0.04689	0.07761	0.09252	0.01482	0.01638	0.01085	0.00674	0.00636	0.00205	0.00849	0.00558	0.00397	0.00992

[dist]
# distance from previous block
# <min> <max>
2	3

[block]
# block no. 4 follows, 32 sequences, length 8
# corresponding to MSA columns:
# 289-296
name=unknown_E
#
# <colnr> <probs for GDERKNQSTAVLIFYWHMCP>
#	G	D	E	R	K	N	Q	S	T	A	V	L	I	F	Y	W	H	M	C	P
0	0.01425	0.01070	0.01225	0.01137	0.01386	0.01107	0.00852	0.21879	0.07113	0.02577	0.03080	0.40603	0.07267	0.01528	0.00768	0.00237	0.00506	0.01334	0.00632	0.04273
1	0.01401	0.22372	0.46637	0.01574	0.02370	0.01734	0.01909	0.01964	0.01415	0.01947	0.01761	0.01894	0.08842	0.00740	0.00601	0.00196	0.00847	0.00563	0.00322	0.00910
2	0.14521	0.01231	0.01528	0.23660	0.02439	0.01388	0.01190	0.17303	0.01793	0.05698	0.07989	0.05478	0.06617	0.01152	0.04966	0.00267	0.00726	0.00738	0.00505	0.00811
3	0.01556	0.01487	0.02534	0.22978	0.54195	0.01567	0.02007	0.01967	0.01478	0.02065	0.01244	0.01695	0.01018	0.00617	0.00666	0.00206	0.00823	0.00597	0.00323	0.00978
4	0.01466	0.01582	0.07362	0.33175	0.31023	0.01561	0.10287	0.01931	0.01450	0.01984	0.01241	0.01716	0.00973	0.00627	0.00681	0.00214	0.00892	0.00614	0.00316	0.00907
5	0.01492	0.27420	0.50275	0.01663	0.02518	0.01916	0.02045	0.02087	0.01399	0.01947	0.01116	0.01306	0.00854	0.00617	0.00570	0.00190	0.00902	0.00451	0.00285	0.00949
6	0.01866	0.01656	0.08897	0.08893	0.41877	0.01468	0.06315	0.02286	0.01585	0.16283	0.01535	0.01783	0.01147	0.00652	0.00673	0.00206	0.00799	0.00617	0.00425	0.01037
7	0.01022	0.00707	0.00865	0.00819	0.01015	0.00630	0.00616	0.01280	0.01757	0.06682	0.44251	0.08752	0.26160	0.01475	0.00788	0.00219	0.00343	0.01277	0.00703	0.00640

[dist]
# distance from previous block
# <min> <max>
0	1

[block]
# block no. 5 follows, 32 sequences, length 17
# corresponding to MSA columns:
# 298-314
name=unknown_F
#
# <colnr> <probs for GDERKNQSTAVLIFYWHMCP>
#	G	D	E	R	K	N	Q	S	T	A	V	L	I	F	Y	W	H	M	C	P
0	0.00936	0.00706	0.01001	0.01270	0.07825	0.00677	0.00811	0.01101	0.01331	0.01783	0.03397	0.57951	0.03979	0.04299	0.00929	0.00282	0.00465	0.10070	0.00588	0.00599
1	0.01844	0.01819	0.02521	0.03463	0.53437	0.10805	0.01861	0.08607	0.01708	0.02291	0.01250	0.01590	0.01037	0.00656	0.00727	0.00200	0.04224	0.00577	0.00364	0.01019
2	0.02254	0.02298	0.02122	0.05421	0.17120	0.30350	0.01483	0.23729	0.02166	0.02578	0.01268	0.01466	0.00996	0.00721	0.00690	0.00193	0.03219	0.00534	0.00442	0.00950
3	0.00890	0.00923	0.07639	0.00881	0.01109	0.00673	0.00730	0.01111	0.01465	0.01895	0.14146	0.20926	0.34782	0.08534	0.01034	0.00272	0.00438	0.01368	0.00587	0.00597
4	0.01957	0.51947	0.02955	0.01284	0.01809	0.10436	0.01173	0.10798	0.08303	0.02037	0.01202	0.01295	0.01010	0.00648	0.00504	0.00162	0.00757	0.00436	0.00380	0.00906
5	0.01625	0.01558	0.02660	0.10441	0.66186	0.01585	0.02042	0.02028	0.01511	0.02149	0.01256	0.01672	0.01048	0.00604	0.00665	0.00201	0.00806	0.00598	0.00329	0.01034
6	0.03854	0.01491	0.02098	0.39297	0.22686	0.08035	0.01740	0.02034	0.06477	0.01977	0.01327	0.01751	0.01038	0.00671	0.00651	0.00210	0.00844	0.00588	0.02375	0.00855
7	0.02190	0.08860	0.11947	0.01753	0.11917	0.01499	0.01392	0.09168	0.11138	0.28191	0.03856	0.01997	0.01514	0.00769	0.00649	0.00203	0.00680	0.00628	0.00594	0.01058
8	0.00976	0.00651	0.00732	0.00732	0.00732	0.00651	0.00407	0.00976	0.00976	0.01301	0.02114	0.04391	0.02439	0.76419	0.03415	0.00651	0.00651	0.00976	0.00407	0.00407
9	0.00816	0.00592	0.00771	0.00914	0.00968	0.00547	0.00614	0.00937	0.01304	0.01721	0.03947	0.70395	0.09863	0.02070	0.00851	0.00269	0.00385	0.01868	0.00623	0.00547
10	0.01865	0.69482	0.03355	0.01206	0.01757	0.09741	0.01163	0.02076	0.01417	0.01585	0.00943	0.01090	0.00861	0.00586	0.00448	0.00146	0.00767	0.00366	0.00293	0.00853
11	0.01189	0.00857	0.01031	0.00958	0.01187	0.00845	0.00737	0.01779	0.14813	0.06603	0.43193	0.04690	0.13902	0.01319	0.00770	0.00220	0.00388	0.04073	0.00713	0.00733
12	0.00818	0.00584	0.00779	0.00934	0.00973	0.00545	0.00623	0.00934	0.01285	0.01713	0.03698	0.75981	0.04438	0.02102	0.00856	0.00273	0.00389	0.01908	0.00623	0.00545
13	0.01084	0.00791	0.01124	0.01329	0.04241	0.00788	0.01084	0.01381	0.01523	0.01992	0.03471	0.12824	0.03794	0.01822	0.00910	0.00302	0.00607	0.59697	0.00607	0.00630
14	0.54548	0.01582	0.01274	0.01107	0.01529	0.08702	0.00893	0.11962	0.08180	0.03031	0.01213	0.01312	0.00926	0.00683	0.00496	0.00205	0.00620	0.00442	0.00471	0.00823
15	0.43975	0.01820	0.10251	0.01468	0.05210	0.07463	0.07467	0.07521	0.01470	0.02733	0.01096	0.01289	0.00841	0.00633	0.00529	0.00201	0.00719	0.00457	0.00402	0.04455
16	0.02026	0.01682	0.01855	0.01806	0.13616	0.09534	0.01236	0.18661	0.12891	0.08968	0.01658	0.01723	0.01251	0.00704	0.00624	0.00178	0.00696	0.00566	0.00530	0.19795

[dist]
# distance from previous block
# <min> <max>
0	2

[block]
# block no. 6 follows, 32 sequences, length 6
# corresponding to MSA columns:
# 317-322
name=unknown_G
#
# <colnr> <probs for GDERKNQSTAVLIFYWHMCP>
#	G	D	E	R	K	N	Q	S	T	A	V	L	I	F	Y	W	H	M	C	P
0	0.01893	0.06625	0.02279	0.08801	0.24318	0.11062	0.04530	0.19891	0.01980	0.02537	0.01826	0.02024	0.07746	0.00773	0.00662	0.00199	0.00810	0.00649	0.00445	0.00951
1	0.02240	0.02120	0.07834	0.01733	0.02282	0.11109	0.09596	0.40844	0.09792	0.03331	0.01592	0.01662	0.01163	0.00760	0.00676	0.00204	0.00844	0.00612	0.00560	0.01046
2	0.01375	0.01971	0.21466	0.01521	0.06260	0.12134	0.01366	0.01915	0.08345	0.02116	0.12965	0.10578	0.13057	0.01094	0.00708	0.00215	0.00705	0.00913	0.00490	0.00806
3	0.06874	0.01243	0.01371	0.05645	0.01680	0.04120	0.00933	0.17098	0.01953	0.12189	0.12936	0.06627	0.13192	0.01037	0.00678	0.00200	0.00560	0.00849	0.00608	0.10209
4	0.09767	0.10256	0.01427	0.01023	0.01340	0.06943	0.00823	0.08066	0.01823	0.02576	0.35779	0.03347	0.07189	0.01051	0.00664	0.00192	0.00510	0.00860	0.00585	0.05779
5	0.06361	0.38245	0.18559	0.01737	0.09468	0.08929	0.04298	0.02107	0.01439	0.01877	0.01055	0.01256	0.00879	0.00604	0.00531	0.00175	0.00839	0.00439	0.00306	0.00897

[dist]
# distance from previous block
# <min> <max>
2	27

[block]
# block no. 7 follows, 32 sequences, length 19
# corresponding to MSA columns:
# 353-371
name=unknown_H
#
# <colnr> <probs for GDERKNQSTAVLIFYWHMCP>
#	G	D	E	R	K	N	Q	S	T	A	V	L	I	F	Y	W	H	M	C	P
0	0.08068	0.13337	0.15183	0.02131	0.17982	0.08911	0.05747	0.09589	0.01658	0.02293	0.01414	0.01626	0.03841	0.00689	0.00643	0.00194	0.02534	0.00548	0.00375	0.03237
1	0.06660	0.17385	0.18838	0.02083	0.17008	0.09143	0.04421	0.08138	0.01653	0.02257	0.05409	0.01607	0.01253	0.00677	0.00603	0.00191	0.00831	0.00540	0.00373	0.00930
2	0.01662	0.07320	0.23492	0.02420	0.26064	0.04205	0.01809	0.07567	0.03655	0.04289	0.03115	0.01716	0.01198	0.02853	0.00712	0.00207	0.00811	0.00566	0.00383	0.05957
3	0.01732	0.21814	0.12678	0.02302	0.22092	0.11452	0.07307	0.02110	0.01511	0.01944	0.01139	0.01399	0.00943	0.00597	0.00586	0.00176	0.00858	0.00496	0.00322	0.08542
4	0.04381	0.10116	0.11007	0.04654	0.30392	0.04305	0.01674	0.10178	0.01643	0.02308	0.01251	0.01553	0.01022	0.00860	0.04284	0.00234	0.02787	0.00538	0.00369	0.06444
5	0.04995	0.01749	0.05276	0.01972	0.16407	0.05218	0.01384	0.27015	0.02099	0.07754	0.01426	0.01574	0.01078	0.00714	0.00715	0.00189	0.05048	0.00550	0.00501	0.14334
6	0.01496	0.01479	0.11262	0.03182	0.07620	0.01281	0.01232	0.04326	0.25975	0.07352	0.12680	0.09640	0.05728	0.01069	0.00717	0.00225	0.00583	0.02646	0.00598	0.00910
7	0.01166	0.00583	0.00874	0.00874	0.00874	0.00583	0.00583	0.00874	0.00874	0.01166	0.01166	0.02040	0.01166	0.02331	0.02622	0.80478	0.00583	0.00583	0.00291	0.00291
8	0.09905	0.02173	0.02005	0.01748	0.06120	0.23123	0.04081	0.33520	0.02328	0.03016	0.01310	0.01447	0.00997	0.00751	0.00708	0.00199	0.04573	0.00537	0.00499	0.00960
9	0.01424	0.00791	0.01049	0.00925	0.01166	0.00714	0.00714	0.01727	0.01904	0.18797	0.55952	0.04384	0.05257	0.01247	0.00765	0.00210	0.00375	0.01090	0.00760	0.00750
10	0.00818	0.00584	0.00779	0.00934	0.00973	0.00545	0.00623	0.00934	0.01285	0.01713	0.03698	0.75981	0.04438	0.02102	0.00856	0.00273	0.00389	0.01908	0.00623	0.00545
11	0.01314	0.01250	0.02144	0.65926	0.10719	0.01507	0.04208	0.01761	0.01367	0.01773	0.01205	0.01778	0.00914	0.00661	0.00674	0.00221	0.00894	0.00603	0.00303	0.00780
12	0.01840	0.58098	0.14206	0.01272	0.01906	0.02324	0.01341	0.02148	0.01425	0.08461	0.01139	0.01245	0.00936	0.00608	0.00486	0.00160	0.00746	0.00410	0.00338	0.00908
13	0.01843	0.71759	0.03405	0.01188	0.01746	0.07543	0.01158	0.02055	0.01400	0.01583	0.00940	0.01086	0.00861	0.00582	0.00443	0.00146	0.00751	0.00364	0.00291	0.00855
14	0.00975	0.00654	0.00750	0.00750	0.00756	0.00660	0.00429	0.00987	0.00981	0.01314	0.02098	0.04299	0.02400	0.72696	0.07084	0.00673	0.00710	0.00962	0.00404	0.00417
15	0.01003	0.00730	0.00975	0.01080	0.01216	0.00715	0.00871	0.01313	0.03876	0.02066	0.14902	0.24114	0.06824	0.01799	0.00874	0.00278	0.00498	0.35609	0.00641	0.00615
16	0.01339	0.01053	0.01256	0.01259	0.01507	0.01141	0.01033	0.04811	0.27822	0.02419	0.07143	0.08678	0.03245	0.01442	0.00814	0.00267	0.00561	0.32757	0.00652	0.00803
17	0.56169	0.09391	0.01477	0.01172	0.04105	0.11582	0.00919	0.04702	0.01361	0.02691	0.00987	0.01146	0.00788	0.00633	0.00462	0.00196	0.00653	0.00390	0.00399	0.00776
18	0.06941	0.01359	0.01850	0.01980	0.20164	0.01333	0.01275	0.07451	0.10459	0.34397	0.02075	0.02002	0.01440	0.00755	0.00652	0.00204	0.00631	0.00633	0.00632	0.03768

[dist]
# distance from previous block
# <min> <max>
1	3

[block]
# block no. 8 follows, 32 sequences, length 10
# corresponding to MSA columns:
# 375-384
name=unknown_I
#
# <colnr> <probs for GDERKNQSTAVLIFYWHMCP>
#	G	D	E	R	K	N	Q	S	T	A	V	L	I	F	Y	W	H	M	C	P
0	0.01718	0.01571	0.02532	0.03627	0.59952	0.01590	0.01883	0.09681	0.01734	0.02453	0.05624	0.01860	0.01394	0.00669	0.00673	0.00200	0.00761	0.00636	0.00395	0.01045
1	0.15552	0.49597	0.02803	0.01216	0.01656	0.02343	0.01134	0.01929	0.01262	0.01835	0.00923	0.01152	0.00841	0.00695	0.00759	0.00183	0.14594	0.00402	0.00311	0.00814
2	0.01166	0.00583	0.00874	0.00874	0.00874	0.00583	0.00583	0.00874	0.00874	0.01166	0.01166	0.02040	0.01166	0.02331	0.02622	0.80478	0.00583	0.00583	0.00291	0.00291
3	0.01858	0.70181	0.03370	0.01200	0.01754	0.09066	0.01161	0.02070	0.01412	0.01584	0.00942	0.01088	0.00861	0.00585	0.00446	0.00146	0.00762	0.00365	0.00292	0.00854
4	0.01559	0.01901	0.15762	0.11396	0.51928	0.01576	0.02116	0.02034	0.01487	0.02128	0.01244	0.01629	0.01005	0.00613	0.00660	0.00204	0.00844	0.00579	0.00319	0.01015
5	0.01587	0.09758	0.30781	0.02054	0.12255	0.05300	0.06628	0.06282	0.05075	0.02234	0.03888	0.01681	0.01210	0.00706	0.00708	0.00204	0.04398	0.00570	0.03737	0.00944
6	0.05168	0.34817	0.05417	0.01295	0.01799	0.06643	0.03775	0.11218	0.04902	0.04089	0.01628	0.07466	0.03760	0.00797	0.00564	0.00179	0.00709	0.00609	0.00427	0.04736
7	0.07865	0.16438	0.23883	0.01398	0.02004	0.05257	0.01452	0.04996	0.09180	0.05810	0.06082	0.02041	0.03438	0.00780	0.00603	0.00196	0.00735	0.02626	0.00439	0.04779
8	0.01663	0.28555	0.22740	0.01457	0.02089	0.07274	0.03881	0.04734	0.03486	0.04115	0.03900	0.01868	0.04217	0.00734	0.00584	0.00183	0.00795	0.02439	0.00379	0.04905
9	0.01579	0.14649	0.33958	0.01936	0.10195	0.07049	0.04648	0.04617	0.05071	0.02164	0.06760	0.01732	0.01382	0.00701	0.00627	0.00198	0.00863	0.00566	0.00366	0.00940

[dist]
# distance from previous block
# <min> <max>
0	27

# created by:
# /home/cegg/simao/soft/augustus-3.2.1/scripts/msa2prfl.pl ./align_prep/EOG090W0HFV.fa
