[name]
unknown

[dist]
# distance from previous block
# <min> <max>
29	641

[block]
# block no. 0 follows, 32 sequences, length 18
# corresponding to MSA columns:
# 787-804
name=unknown_A
#
# <colnr> <probs for GDERKNQSTAVLIFYWHMCP>
#	G	D	E	R	K	N	Q	S	T	A	V	L	I	F	Y	W	H	M	C	P
0	0.01810	0.01351	0.04121	0.01316	0.01649	0.01383	0.03666	0.24352	0.15541	0.05152	0.01683	0.01967	0.01332	0.01365	0.01385	0.29318	0.00659	0.00633	0.00515	0.00803
1	0.26764	0.01700	0.01697	0.01340	0.01840	0.01904	0.01106	0.49043	0.02535	0.03854	0.01403	0.01450	0.01013	0.00749	0.00592	0.00203	0.00671	0.00530	0.00592	0.01013
2	0.26235	0.01379	0.01356	0.01206	0.01605	0.01577	0.00954	0.03057	0.45288	0.07126	0.02172	0.02055	0.01618	0.00817	0.00600	0.00220	0.00530	0.00632	0.00609	0.00964
3	0.02769	0.01775	0.01766	0.01407	0.01898	0.15683	0.01137	0.23706	0.02297	0.37581	0.02010	0.01865	0.01344	0.00795	0.00660	0.00199	0.00749	0.00605	0.00686	0.01070
4	0.02279	0.01745	0.01861	0.01489	0.01977	0.01954	0.01210	0.49534	0.24059	0.03791	0.01956	0.01886	0.01421	0.00838	0.00675	0.00209	0.00674	0.00652	0.00675	0.01117
5	0.01746	0.69040	0.10882	0.01229	0.01848	0.02539	0.01289	0.02021	0.01369	0.01637	0.00962	0.01112	0.00860	0.00581	0.00452	0.00151	0.00747	0.00373	0.00287	0.00875
6	0.02551	0.01879	0.02014	0.01544	0.02081	0.02081	0.01275	0.69996	0.03155	0.04229	0.01611	0.01611	0.01141	0.00805	0.00671	0.00201	0.00738	0.00604	0.00671	0.01141
7	0.01391	0.01193	0.01391	0.00994	0.01590	0.00894	0.00795	0.01690	0.01391	0.02186	0.01193	0.01391	0.00994	0.00497	0.00497	0.00099	0.00497	0.00398	0.00398	0.80521
8	0.01669	0.01441	0.01517	0.01365	0.01745	0.01669	0.01062	0.03565	0.71021	0.02807	0.02731	0.02503	0.02048	0.00910	0.00683	0.00228	0.00531	0.00759	0.00683	0.01062
9	0.01391	0.01193	0.01391	0.00994	0.01590	0.00894	0.00795	0.01690	0.01391	0.02186	0.01193	0.01391	0.00994	0.00497	0.00497	0.00099	0.00497	0.00398	0.00398	0.80521
10	0.01668	0.01455	0.01628	0.01618	0.08215	0.01662	0.01154	0.03427	0.64642	0.02750	0.02596	0.02426	0.01958	0.00882	0.00681	0.00225	0.00555	0.00744	0.00651	0.01062
11	0.02412	0.03028	0.01858	0.01666	0.02033	0.67565	0.01254	0.02596	0.01858	0.01688	0.01050	0.01225	0.00875	0.00675	0.00596	0.00167	0.01150	0.00429	0.00350	0.07523
12	0.02472	0.01963	0.01961	0.01546	0.02052	0.08622	0.01259	0.58198	0.08780	0.03871	0.01653	0.01650	0.01192	0.00804	0.00666	0.00201	0.00764	0.00601	0.00642	0.01101
13	0.01061	0.00898	0.00953	0.00897	0.01080	0.06807	0.00673	0.01345	0.01850	0.02485	0.57225	0.04883	0.14604	0.01358	0.00776	0.00210	0.00395	0.01174	0.00690	0.00636
14	0.01899	0.01404	0.02152	0.01685	0.02147	0.01434	0.19723	0.02776	0.24888	0.20090	0.02571	0.02531	0.07456	0.00878	0.00807	0.00226	0.04963	0.00792	0.00599	0.00979
15	0.01530	0.21154	0.34473	0.02005	0.02797	0.01873	0.22884	0.02104	0.01455	0.01997	0.01184	0.01453	0.00905	0.00600	0.00634	0.00200	0.00967	0.00553	0.00302	0.00933
16	0.01459	0.05100	0.20973	0.40006	0.09156	0.01620	0.01958	0.08131	0.01544	0.02086	0.01229	0.01633	0.00917	0.00664	0.00651	0.00213	0.00891	0.00560	0.00331	0.00877
17	0.03677	0.01427	0.01848	0.21171	0.02579	0.05554	0.05693	0.12254	0.01705	0.02363	0.08723	0.01932	0.01533	0.00765	0.00781	0.00193	0.07561	0.00613	0.00433	0.19193

[dist]
# distance from previous block
# <min> <max>
4	24

[block]
# block no. 1 follows, 32 sequences, length 22
# corresponding to MSA columns:
# 836-857
name=unknown_B
#
# <colnr> <probs for GDERKNQSTAVLIFYWHMCP>
#	G	D	E	R	K	N	Q	S	T	A	V	L	I	F	Y	W	H	M	C	P
0	0.01431	0.17367	0.59790	0.01768	0.02680	0.01766	0.02227	0.02103	0.01407	0.02021	0.01153	0.01352	0.00852	0.00625	0.00598	0.00199	0.00940	0.00470	0.00284	0.00967
1	0.01346	0.03471	0.72942	0.01912	0.02904	0.01558	0.02479	0.02125	0.01417	0.02125	0.01204	0.01417	0.00850	0.00637	0.00637	0.00212	0.00992	0.00496	0.00283	0.00992
2	0.01498	0.01618	0.03132	0.07764	0.02977	0.01747	0.41876	0.01914	0.01389	0.01942	0.01288	0.04395	0.01092	0.00811	0.01206	0.00248	0.23187	0.00757	0.00333	0.00829
3	0.01320	0.01184	0.01843	0.59370	0.03948	0.01451	0.01652	0.01954	0.10788	0.01921	0.01475	0.01938	0.01112	0.00711	0.00658	0.00219	0.00802	0.00620	0.06255	0.00779
4	0.01541	0.01726	0.03696	0.12581	0.03658	0.01669	0.60592	0.02090	0.01551	0.02090	0.01335	0.01807	0.01001	0.00580	0.00775	0.00226	0.01099	0.00765	0.00334	0.00883
5	0.00818	0.00584	0.00779	0.00934	0.00973	0.00545	0.00623	0.00934	0.01285	0.01713	0.03698	0.75981	0.04438	0.02102	0.00856	0.00273	0.00389	0.01908	0.00623	0.00545
6	0.00818	0.00584	0.00779	0.00934	0.00973	0.00545	0.00623	0.00934	0.01285	0.01713	0.03698	0.75981	0.04438	0.02102	0.00856	0.00273	0.00389	0.01908	0.00623	0.00545
7	0.81159	0.01298	0.00986	0.00882	0.01298	0.01505	0.00727	0.01972	0.01142	0.03010	0.00934	0.01090	0.00727	0.00623	0.00415	0.00208	0.00519	0.00363	0.00415	0.00727
8	0.01669	0.01441	0.01517	0.01365	0.01745	0.01669	0.01062	0.03565	0.71021	0.02807	0.02731	0.02503	0.02048	0.00910	0.00683	0.00228	0.00531	0.00759	0.00683	0.01062
9	0.01346	0.03471	0.72942	0.01912	0.02904	0.01558	0.02479	0.02125	0.01417	0.02125	0.01204	0.01417	0.00850	0.00637	0.00637	0.00212	0.00992	0.00496	0.00283	0.00992
10	0.01346	0.03471	0.72942	0.01912	0.02904	0.01558	0.02479	0.02125	0.01417	0.02125	0.01204	0.01417	0.00850	0.00637	0.00637	0.00212	0.00992	0.00496	0.00283	0.00992
11	0.01391	0.10895	0.65916	0.01835	0.02784	0.01669	0.02344	0.02113	0.01411	0.02070	0.01177	0.01382	0.00851	0.00631	0.00617	0.00206	0.00964	0.00482	0.00284	0.00978
12	0.02551	0.01879	0.02014	0.01544	0.02081	0.02081	0.01275	0.69996	0.03155	0.04229	0.01611	0.01611	0.01141	0.00805	0.00671	0.00201	0.00738	0.00604	0.00671	0.01141
13	0.02551	0.01879	0.02014	0.01544	0.02081	0.02081	0.01275	0.69996	0.03155	0.04229	0.01611	0.01611	0.01141	0.00805	0.00671	0.00201	0.00738	0.00604	0.00671	0.01141
14	0.01673	0.57015	0.22263	0.01355	0.02041	0.02359	0.01508	0.02040	0.01378	0.01726	0.01006	0.01168	0.00858	0.00591	0.00486	0.00162	0.00792	0.00396	0.00286	0.00896
15	0.01313	0.01240	0.02096	0.66501	0.12565	0.01503	0.01886	0.01755	0.01364	0.01770	0.01201	0.01774	0.00914	0.00662	0.00670	0.00221	0.00883	0.00596	0.00302	0.00783
16	0.01480	0.01503	0.02248	0.01870	0.01938	0.02019	0.08384	0.01669	0.01084	0.01669	0.00929	0.01503	0.00895	0.01113	0.02059	0.00287	0.67695	0.00608	0.00298	0.00751
17	0.02551	0.01879	0.02014	0.01544	0.02081	0.02081	0.01275	0.69996	0.03155	0.04229	0.01611	0.01611	0.01141	0.00805	0.00671	0.00201	0.00738	0.00604	0.00671	0.01141
18	0.02474	0.09464	0.02166	0.01504	0.02045	0.02139	0.01262	0.63115	0.02973	0.03961	0.01542	0.01557	0.01113	0.00782	0.00647	0.00196	0.00736	0.00579	0.00632	0.01113
19	0.01708	0.43723	0.21811	0.01305	0.01945	0.02030	0.01427	0.02089	0.01423	0.07078	0.01260	0.01402	0.01004	0.00631	0.00508	0.00168	0.00740	0.00446	0.08409	0.00893
20	0.01640	0.36975	0.35875	0.01535	0.02301	0.02100	0.01780	0.07091	0.01521	0.02030	0.01110	0.01275	0.00877	0.00621	0.00545	0.00180	0.00847	0.00441	0.00314	0.00943
21	0.26778	0.37142	0.17683	0.01229	0.01843	0.02055	0.01302	0.02023	0.01305	0.02149	0.00992	0.01154	0.00816	0.00603	0.00470	0.00179	0.00714	0.00390	0.00327	0.00847

[dist]
# distance from previous block
# <min> <max>
1	17

[block]
# block no. 2 follows, 32 sequences, length 25
# corresponding to MSA columns:
# 875-899
name=unknown_C
#
# <colnr> <probs for GDERKNQSTAVLIFYWHMCP>
#	G	D	E	R	K	N	Q	S	T	A	V	L	I	F	Y	W	H	M	C	P
0	0.09939	0.13523	0.04802	0.01103	0.01506	0.01359	0.00934	0.11602	0.03293	0.02372	0.01958	0.21845	0.01964	0.01038	0.00611	0.00191	0.00555	0.00856	0.04460	0.16089
1	0.03661	0.09861	0.31109	0.01668	0.06307	0.11162	0.01659	0.03756	0.01550	0.06786	0.03566	0.01821	0.04945	0.00786	0.00691	0.03219	0.00837	0.00559	0.00383	0.05676
2	0.01694	0.17685	0.28053	0.03995	0.02302	0.01700	0.04688	0.06590	0.07284	0.09812	0.01520	0.01690	0.01146	0.01098	0.07631	0.00282	0.00915	0.00554	0.00412	0.00947
3	0.00935	0.00693	0.00858	0.00822	0.00982	0.00628	0.00599	0.01183	0.01688	0.02331	0.47513	0.10688	0.15253	0.08649	0.01038	0.00256	0.00365	0.01245	0.00668	0.03607
4	0.01115	0.00623	0.00913	0.00913	0.00957	0.00656	0.00645	0.01009	0.00966	0.01363	0.01407	0.02234	0.01343	0.02967	0.21954	0.53350	0.00897	0.00623	0.05668	0.00398
5	0.01681	0.01555	0.05307	0.01666	0.02151	0.03251	0.19857	0.13217	0.15979	0.06903	0.05112	0.02935	0.15428	0.00947	0.00732	0.00219	0.00724	0.00862	0.00560	0.00915
6	0.00819	0.00686	0.00716	0.00724	0.00943	0.00583	0.00554	0.01005	0.01547	0.01865	0.09509	0.06467	0.64438	0.01695	0.00802	0.00231	0.00357	0.05856	0.00628	0.00573
7	0.02125	0.01805	0.01765	0.01478	0.01920	0.09210	0.01176	0.31381	0.35444	0.03285	0.02087	0.01996	0.01546	0.00844	0.00670	0.00211	0.00688	0.00660	0.00643	0.01066
8	0.01638	0.19487	0.19655	0.01641	0.04566	0.03544	0.09688	0.05350	0.04154	0.03771	0.01265	0.01452	0.00992	0.00604	0.00579	0.00170	0.00788	0.00497	0.00368	0.19791
9	0.01712	0.02807	0.51714	0.01715	0.02553	0.01454	0.02043	0.02494	0.08199	0.16399	0.01641	0.01696	0.01128	0.00703	0.00649	0.00213	0.00863	0.00557	0.00432	0.01029
10	0.01584	0.01810	0.03959	0.02828	0.03507	0.01697	0.69796	0.02149	0.01584	0.02149	0.01357	0.01810	0.01018	0.00566	0.00792	0.00226	0.01131	0.00792	0.00339	0.00905
11	0.01690	0.01236	0.02002	0.44351	0.16306	0.01377	0.01673	0.02085	0.01495	0.16122	0.01534	0.01891	0.01109	0.00694	0.00663	0.00214	0.00791	0.00613	0.03277	0.00879
12	0.01466	0.22260	0.40473	0.09489	0.02670	0.01885	0.01969	0.02003	0.01358	0.01890	0.01101	0.01372	0.00861	0.00675	0.00735	0.00203	0.07918	0.00479	0.00287	0.00907
13	0.01061	0.00870	0.01275	0.01216	0.01312	0.01084	0.00965	0.01282	0.01068	0.01569	0.01613	0.02401	0.01517	0.04256	0.59353	0.00920	0.16574	0.00692	0.00346	0.00626
14	0.00959	0.00719	0.01078	0.01078	0.01198	0.00839	0.00839	0.01198	0.01078	0.01558	0.01797	0.02636	0.01677	0.05032	0.73760	0.01078	0.01797	0.00719	0.00359	0.00599
15	0.02079	0.01300	0.01490	0.04642	0.04539	0.07128	0.01033	0.04888	0.15663	0.28223	0.02392	0.09359	0.01900	0.04334	0.04695	0.00278	0.00686	0.00794	0.03639	0.00938
16	0.02476	0.01527	0.01925	0.02035	0.19831	0.07567	0.01321	0.09234	0.07179	0.36756	0.02062	0.01985	0.01419	0.00763	0.00666	0.00203	0.00697	0.00634	0.00635	0.01084
17	0.01584	0.01810	0.03959	0.02828	0.03507	0.01697	0.69796	0.02149	0.01584	0.02149	0.01357	0.01810	0.01018	0.00566	0.00792	0.00226	0.01131	0.00792	0.00339	0.00905
18	0.00976	0.00651	0.00732	0.00732	0.00732	0.00651	0.00407	0.00976	0.00976	0.01301	0.02114	0.04391	0.02439	0.76419	0.03415	0.00651	0.00651	0.00976	0.00407	0.00407
19	0.04504	0.01233	0.01795	0.29562	0.09501	0.01326	0.01411	0.08049	0.03362	0.23024	0.01907	0.08209	0.01482	0.00849	0.00679	0.00218	0.00712	0.00728	0.00531	0.00917
20	0.05240	0.01600	0.02507	0.04273	0.02523	0.01631	0.25898	0.17154	0.13708	0.15609	0.01858	0.01942	0.01321	0.00730	0.00707	0.00217	0.00811	0.00701	0.00560	0.01013
21	0.00839	0.00611	0.00790	0.00894	0.00972	0.00563	0.00614	0.00996	0.01417	0.01896	0.16118	0.56690	0.11256	0.01934	0.00839	0.00257	0.00372	0.01737	0.00643	0.00563
22	0.01515	0.01671	0.03487	0.17275	0.03658	0.01670	0.53252	0.02039	0.01512	0.02039	0.01304	0.01791	0.00987	0.00612	0.00827	0.00229	0.04192	0.00744	0.00329	0.00866
23	0.01473	0.01207	0.01501	0.07181	0.01845	0.01085	0.00965	0.04443	0.01440	0.05308	0.01395	0.05964	0.01218	0.00700	0.00710	0.00147	0.07657	0.00543	0.00423	0.54794
24	0.01736	0.58753	0.17422	0.01328	0.01976	0.05621	0.01423	0.02063	0.01398	0.01691	0.00992	0.01151	0.00859	0.00592	0.00480	0.00159	0.00795	0.00390	0.00289	0.00884

[dist]
# distance from previous block
# <min> <max>
0	1

[block]
# block no. 3 follows, 32 sequences, length 76
# corresponding to MSA columns:
# 901-976
name=unknown_D
#
# <colnr> <probs for GDERKNQSTAVLIFYWHMCP>
#	G	D	E	R	K	N	Q	S	T	A	V	L	I	F	Y	W	H	M	C	P
0	0.01784	0.12087	0.13952	0.11945	0.04808	0.18404	0.01604	0.06495	0.03813	0.01941	0.01141	0.01443	0.00932	0.00774	0.00930	0.00212	0.16027	0.00515	0.00342	0.00853
1	0.70016	0.01275	0.01068	0.00927	0.01357	0.01431	0.00764	0.02157	0.01253	0.12946	0.01179	0.01260	0.00860	0.00652	0.00452	0.00208	0.00526	0.00408	0.00474	0.00786
2	0.00833	0.00594	0.00789	0.00939	0.00982	0.00558	0.00634	0.00954	0.01285	0.01711	0.03639	0.70863	0.04348	0.04593	0.00945	0.00287	0.00407	0.04482	0.00615	0.00543
3	0.00837	0.00610	0.00789	0.00894	0.00972	0.00562	0.00614	0.00992	0.01411	0.01885	0.15313	0.57411	0.11352	0.01942	0.00839	0.00258	0.00372	0.01744	0.00642	0.00562
4	0.02543	0.01525	0.01808	0.01398	0.01884	0.01597	0.01154	0.34651	0.02389	0.29006	0.01897	0.01830	0.01298	0.00828	0.00801	0.00205	0.07462	0.00615	0.00677	0.06432
5	0.81159	0.01298	0.00986	0.00882	0.01298	0.01505	0.00727	0.01972	0.01142	0.03010	0.00934	0.01090	0.00727	0.00623	0.00415	0.00208	0.00519	0.00363	0.00415	0.00727
6	0.01649	0.01610	0.02556	0.01885	0.02439	0.03770	0.28238	0.09613	0.04127	0.02356	0.01327	0.01622	0.01044	0.00639	0.00792	0.00185	0.07311	0.00607	0.00405	0.27827
7	0.01351	0.00981	0.03701	0.00997	0.01284	0.00885	0.00805	0.01927	0.13747	0.12280	0.37958	0.04287	0.14622	0.01239	0.00751	0.00216	0.00417	0.01064	0.00708	0.00781
8	0.03010	0.01142	0.01557	0.01194	0.01713	0.00986	0.00986	0.03270	0.01920	0.72698	0.02647	0.02284	0.01661	0.00830	0.00675	0.00208	0.00571	0.00675	0.00830	0.01142
9	0.01267	0.01193	0.02013	0.74806	0.04621	0.01491	0.01863	0.01714	0.01342	0.01714	0.01193	0.01789	0.00894	0.00671	0.00671	0.00224	0.00894	0.00596	0.00298	0.00745
10	0.01277	0.01024	0.01144	0.04510	0.01456	0.05110	0.00882	0.01887	0.17146	0.04722	0.14920	0.21245	0.07285	0.01413	0.00769	0.00240	0.00511	0.10183	0.03543	0.00734
11	0.00975	0.00653	0.00744	0.00744	0.00748	0.00657	0.00421	0.00983	0.00979	0.01310	0.02103	0.04331	0.02413	0.73972	0.05827	0.00665	0.00690	0.00967	0.00405	0.00413
12	0.00976	0.00651	0.00732	0.00732	0.00732	0.00651	0.00407	0.00976	0.00976	0.01301	0.02114	0.04391	0.02439	0.76419	0.03415	0.00651	0.00651	0.00976	0.00407	0.00407
13	0.01359	0.03378	0.69106	0.01963	0.02938	0.01566	0.06222	0.02126	0.01426	0.02126	0.01213	0.01439	0.00859	0.00633	0.00646	0.00213	0.00999	0.00512	0.00286	0.00987
14	0.01661	0.01594	0.02724	0.04119	0.72233	0.01594	0.02059	0.02059	0.01528	0.02192	0.01262	0.01661	0.01063	0.00598	0.00664	0.00199	0.00797	0.00598	0.00332	0.01063
15	0.02551	0.01879	0.02014	0.01544	0.02081	0.02081	0.01275	0.69996	0.03155	0.04229	0.01611	0.01611	0.01141	0.00805	0.00671	0.00201	0.00738	0.00604	0.00671	0.01141
16	0.08579	0.01216	0.01944	0.65538	0.06724	0.01496	0.01767	0.01750	0.01330	0.01850	0.01171	0.01720	0.00885	0.00664	0.00647	0.00221	0.00857	0.00575	0.00310	0.00755
17	0.00811	0.00608	0.00754	0.00870	0.00956	0.00550	0.00594	0.00942	0.01346	0.01738	0.04478	0.58487	0.21429	0.02001	0.00840	0.00261	0.00377	0.01784	0.00623	0.00550
18	0.01517	0.01267	0.01459	0.01054	0.01643	0.01023	0.00847	0.09104	0.01583	0.02408	0.01238	0.01415	0.01010	0.00530	0.00516	0.00110	0.00523	0.00420	0.00427	0.71905
19	0.00924	0.00676	0.00855	0.00826	0.00974	0.00620	0.00606	0.01192	0.01762	0.02444	0.55728	0.10276	0.13377	0.05635	0.00942	0.00242	0.00343	0.01273	0.00699	0.00607
20	0.04641	0.04224	0.21116	0.01667	0.02257	0.01551	0.09879	0.06595	0.06238	0.14102	0.01529	0.01678	0.01121	0.00749	0.00860	0.00211	0.11289	0.00580	0.00452	0.09261
21	0.01408	0.13708	0.63253	0.01806	0.02739	0.01711	0.02293	0.02109	0.01409	0.02049	0.01166	0.01369	0.00852	0.00629	0.00609	0.00203	0.00953	0.00477	0.00284	0.00973
22	0.00818	0.00584	0.00779	0.00934	0.00973	0.00545	0.00623	0.00934	0.01285	0.01713	0.03698	0.75981	0.04438	0.02102	0.00856	0.00273	0.00389	0.01908	0.00623	0.00545
23	0.01384	0.01255	0.02013	0.68114	0.04389	0.01545	0.01810	0.07952	0.01507	0.01944	0.01231	0.01773	0.00917	0.00683	0.00671	0.00222	0.00880	0.00597	0.00332	0.00782
24	0.01512	0.01466	0.02348	0.18533	0.34183	0.01726	0.01820	0.01837	0.01321	0.01897	0.01120	0.01624	0.00966	0.00806	0.01179	0.00236	0.25637	0.00594	0.00312	0.00885
25	0.00793	0.00680	0.00680	0.00680	0.00906	0.00566	0.00510	0.00963	0.01529	0.01813	0.06797	0.06457	0.71961	0.01699	0.00793	0.00227	0.00340	0.01416	0.00623	0.00566
26	0.01166	0.00583	0.00874	0.00874	0.00874	0.00583	0.00583	0.00874	0.00874	0.01166	0.01166	0.02040	0.01166	0.02331	0.02622	0.80478	0.00583	0.00583	0.00291	0.00291
27	0.01566	0.01776	0.03851	0.06831	0.03569	0.01685	0.66019	0.02125	0.01570	0.02125	0.01348	0.01809	0.01011	0.00571	0.00785	0.00226	0.01118	0.00781	0.00337	0.00896
28	0.00840	0.00600	0.00805	0.00960	0.01009	0.00565	0.00663	0.00974	0.01307	0.01738	0.03686	0.70044	0.04388	0.02081	0.00863	0.00276	0.00409	0.07618	0.00622	0.00551
29	0.02472	0.01165	0.01418	0.01124	0.01555	0.01123	0.00916	0.16720	0.02048	0.40792	0.02316	0.02199	0.01568	0.00813	0.00622	0.00193	0.00541	0.00648	0.20755	0.01012
30	0.01794	0.76823	0.03516	0.01148	0.01722	0.02655	0.01148	0.02009	0.01363	0.01579	0.00933	0.01076	0.00861	0.00574	0.00431	0.00144	0.00718	0.00359	0.00287	0.00861
31	0.00908	0.00684	0.00839	0.00801	0.00977	0.00615	0.00600	0.01186	0.01801	0.02458	0.54620	0.05395	0.23735	0.01459	0.00792	0.00215	0.00323	0.01267	0.00708	0.00615
32	0.01762	0.04218	0.01640	0.01376	0.01778	0.01746	0.01087	0.10206	0.61655	0.02906	0.02553	0.02362	0.01914	0.00888	0.00672	0.00222	0.00559	0.00729	0.00667	0.01063
33	0.01442	0.01382	0.02382	0.42851	0.32416	0.01542	0.04634	0.01874	0.01428	0.01928	0.01228	0.01737	0.00969	0.00637	0.00673	0.00214	0.00864	0.00605	0.00314	0.00882
34	0.01794	0.76823	0.03516	0.01148	0.01722	0.02655	0.01148	0.02009	0.01363	0.01579	0.00933	0.01076	0.00861	0.00574	0.00431	0.00144	0.00718	0.00359	0.00287	0.00861
35	0.77515	0.01325	0.01034	0.00913	0.01334	0.01532	0.00752	0.05125	0.01235	0.03067	0.00966	0.01114	0.00746	0.00631	0.00427	0.00207	0.00529	0.00374	0.00427	0.00746
36	0.02741	0.01090	0.01491	0.01200	0.01668	0.00956	0.00999	0.03008	0.01868	0.62833	0.02774	0.03021	0.01968	0.00973	0.00710	0.00222	0.00577	0.10031	0.00801	0.01069
37	0.00818	0.00584	0.00779	0.00934	0.00973	0.00545	0.00623	0.00934	0.01285	0.01713	0.03698	0.75981	0.04438	0.02102	0.00856	0.00273	0.00389	0.01908	0.00623	0.00545
38	0.02462	0.01952	0.01956	0.01543	0.02048	0.08258	0.01257	0.57738	0.09601	0.03867	0.01669	0.01662	0.01205	0.00806	0.00667	0.00201	0.00759	0.00604	0.00644	0.01102
39	0.00818	0.00584	0.00779	0.00934	0.00973	0.00545	0.00623	0.00934	0.01285	0.01713	0.03698	0.75981	0.04438	0.02102	0.00856	0.00273	0.00389	0.01908	0.00623	0.00545
40	0.01811	0.04679	0.26114	0.01992	0.02699	0.01612	0.22745	0.09430	0.01705	0.12618	0.01481	0.01676	0.01057	0.00680	0.00756	0.00213	0.04362	0.00622	0.00425	0.03325
41	0.01346	0.03471	0.72942	0.01912	0.02904	0.01558	0.02479	0.02125	0.01417	0.02125	0.01204	0.01417	0.00850	0.00637	0.00637	0.00212	0.00992	0.00496	0.00283	0.00992
42	0.00976	0.00651	0.00732	0.00732	0.00732	0.00651	0.00407	0.00976	0.00976	0.01301	0.02114	0.04391	0.02439	0.76419	0.03415	0.00651	0.00651	0.00976	0.00407	0.00407
43	0.01746	0.01677	0.01539	0.01458	0.04234	0.18773	0.01076	0.11752	0.19198	0.02293	0.01986	0.08736	0.01753	0.04486	0.15805	0.00404	0.00985	0.00755	0.00505	0.00840
44	0.01680	0.00999	0.01193	0.01038	0.01367	0.00974	0.00814	0.02338	0.18741	0.22454	0.22243	0.03912	0.17095	0.01171	0.00732	0.00217	0.00446	0.00990	0.00728	0.00869
45	0.03010	0.01142	0.01557	0.01194	0.01713	0.00986	0.00986	0.03270	0.01920	0.72698	0.02647	0.02284	0.01661	0.00830	0.00675	0.00208	0.00571	0.00675	0.00830	0.01142
46	0.01081	0.00772	0.01081	0.01236	0.01390	0.00772	0.01081	0.01390	0.01545	0.02008	0.03553	0.07569	0.03862	0.01854	0.00927	0.00309	0.00618	0.67717	0.00618	0.00618
47	0.01468	0.01468	0.02055	0.01762	0.01762	0.02055	0.01468	0.01615	0.01028	0.01615	0.00881	0.01468	0.00881	0.01174	0.02202	0.00294	0.75191	0.00587	0.00294	0.00734
48	0.00818	0.00584	0.00779	0.00934	0.00973	0.00545	0.00623	0.00934	0.01285	0.01713	0.03698	0.75981	0.04438	0.02102	0.00856	0.00273	0.00389	0.01908	0.00623	0.00545
49	0.01023	0.00706	0.00897	0.00837	0.01022	0.00640	0.00632	0.01317	0.01849	0.05813	0.59588	0.05087	0.15274	0.01392	0.00786	0.00213	0.00332	0.01217	0.00727	0.00647
50	0.00950	0.00686	0.00897	0.00844	0.01002	0.00633	0.00633	0.01266	0.01899	0.02691	0.71879	0.05012	0.06331	0.01372	0.00791	0.00211	0.00317	0.01213	0.00739	0.00633
51	0.00818	0.00584	0.00779	0.00934	0.00973	0.00545	0.00623	0.00934	0.01285	0.01713	0.03698	0.75981	0.04438	0.02102	0.00856	0.00273	0.00389	0.01908	0.00623	0.00545
52	0.01267	0.01193	0.02013	0.74806	0.04621	0.01491	0.01863	0.01714	0.01342	0.01714	0.01193	0.01789	0.00894	0.00671	0.00671	0.00224	0.00894	0.00596	0.00298	0.00745
53	0.01267	0.01193	0.02013	0.74806	0.04621	0.01491	0.01863	0.01714	0.01342	0.01714	0.01193	0.01789	0.00894	0.00671	0.00671	0.00224	0.00894	0.00596	0.00298	0.00745
54	0.02472	0.03141	0.01907	0.01730	0.02064	0.71376	0.01302	0.02644	0.01873	0.01641	0.01032	0.01218	0.00865	0.00707	0.00657	0.00177	0.03635	0.00437	0.00344	0.00776
55	0.02020	0.02350	0.02066	0.01788	0.02007	0.37389	0.04544	0.04324	0.01552	0.01736	0.01003	0.01361	0.00887	0.00896	0.01301	0.00228	0.32917	0.00521	0.00333	0.00776
56	0.00840	0.00682	0.00744	0.00729	0.00935	0.00586	0.00546	0.01053	0.01639	0.02073	0.26128	0.06028	0.52467	0.01602	0.00793	0.00222	0.00333	0.01356	0.00657	0.00586
57	0.01428	0.09263	0.09360	0.01109	0.01746	0.01148	0.01014	0.01770	0.01391	0.02117	0.01167	0.01362	0.00965	0.00520	0.00505	0.00116	0.00573	0.00404	0.00374	0.63667
58	0.00847	0.00607	0.00805	0.00914	0.00980	0.00565	0.00625	0.01009	0.01424	0.01934	0.19130	0.59918	0.04866	0.01937	0.00842	0.00259	0.00373	0.01750	0.00649	0.00565
59	0.01391	0.01193	0.01391	0.00994	0.01590	0.00894	0.00795	0.01690	0.01391	0.02186	0.01193	0.01391	0.00994	0.00497	0.00497	0.00099	0.00497	0.00398	0.00398	0.80521
60	0.02050	0.48442	0.07238	0.01246	0.01817	0.04517	0.01202	0.04258	0.05245	0.16151	0.01414	0.01437	0.01093	0.00658	0.00519	0.00168	0.00712	0.00462	0.00430	0.00942
61	0.01371	0.01060	0.01272	0.01205	0.03953	0.01110	0.00902	0.11760	0.16893	0.02873	0.39478	0.04036	0.04293	0.01196	0.00755	0.00220	0.00462	0.05653	0.00694	0.00814
62	0.00818	0.00584	0.00779	0.00934	0.00973	0.00545	0.00623	0.00934	0.01285	0.01713	0.03698	0.75981	0.04438	0.02102	0.00856	0.00273	0.00389	0.01908	0.00623	0.00545
63	0.01391	0.01193	0.01391	0.00994	0.01590	0.00894	0.00795	0.01690	0.01391	0.02186	0.01193	0.01391	0.00994	0.00497	0.00497	0.00099	0.00497	0.00398	0.00398	0.80521
64	0.01553	0.01159	0.01468	0.01116	0.01599	0.00985	0.02618	0.01832	0.01460	0.11281	0.05807	0.05892	0.01589	0.00739	0.00703	0.00149	0.06539	0.00593	0.00477	0.52440
65	0.01750	0.01253	0.01475	0.01173	0.01572	0.01277	0.05383	0.24558	0.05536	0.03020	0.01810	0.01982	0.01382	0.00737	0.00573	0.00171	0.00549	0.00600	0.31658	0.13540
66	0.00818	0.00584	0.00779	0.00934	0.00973	0.00545	0.00623	0.00934	0.01285	0.01713	0.03698	0.75981	0.04438	0.02102	0.00856	0.00273	0.00389	0.01908	0.00623	0.00545
67	0.01431	0.01055	0.01361	0.01200	0.01434	0.01128	0.03089	0.11301	0.01751	0.08541	0.15099	0.12687	0.16560	0.01377	0.01016	0.00242	0.12807	0.06566	0.00604	0.00751
68	0.01343	0.01199	0.01292	0.01002	0.01499	0.04885	0.00793	0.01612	0.01443	0.02085	0.02121	0.04323	0.10856	0.00776	0.00573	0.00135	0.00518	0.03698	0.00441	0.59407
69	0.13112	0.01554	0.01548	0.01410	0.06439	0.09536	0.01031	0.09219	0.16269	0.04877	0.01673	0.05089	0.01364	0.00747	0.00588	0.00179	0.00630	0.00586	0.00502	0.23647
70	0.01297	0.01174	0.01118	0.01094	0.01267	0.13534	0.00811	0.03892	0.01672	0.03856	0.23176	0.28090	0.08788	0.01497	0.00824	0.00232	0.02968	0.03448	0.00604	0.00658
71	0.03602	0.11886	0.11834	0.01262	0.01669	0.01212	0.06455	0.03775	0.01436	0.02017	0.07030	0.25596	0.02510	0.05343	0.00832	0.00232	0.00618	0.01015	0.00467	0.11210
72	0.01864	0.03986	0.02191	0.05910	0.08466	0.03819	0.12973	0.14064	0.13577	0.09095	0.01847	0.02239	0.01458	0.00786	0.00682	0.00205	0.00747	0.05380	0.00522	0.10188
73	0.01622	0.01384	0.02189	0.08557	0.04278	0.01430	0.16348	0.06623	0.01537	0.08403	0.03510	0.04140	0.01329	0.00936	0.03409	0.00236	0.14454	0.00665	0.00428	0.18522
74	0.08909	0.01223	0.01487	0.03426	0.10403	0.01283	0.01029	0.15081	0.09309	0.10999	0.09743	0.06905	0.04509	0.11491	0.01059	0.00274	0.00597	0.00826	0.00582	0.00864
75	0.04133	0.01513	0.01702	0.01388	0.01829	0.03891	0.04234	0.25285	0.20358	0.08581	0.04389	0.08425	0.01837	0.00917	0.00674	0.00206	0.00631	0.00760	0.00626	0.08620

[dist]
# distance from previous block
# <min> <max>
11	205

[block]
# block no. 4 follows, 32 sequences, length 9
# corresponding to MSA columns:
# 1219-1227
name=unknown_E
#
# <colnr> <probs for GDERKNQSTAVLIFYWHMCP>
#	G	D	E	R	K	N	Q	S	T	A	V	L	I	F	Y	W	H	M	C	P
0	0.04192	0.10014	0.02326	0.09462	0.15029	0.05974	0.08253	0.15169	0.11145	0.02552	0.04055	0.01792	0.01334	0.00710	0.00640	0.00196	0.00767	0.00608	0.00458	0.05324
1	0.04890	0.01741	0.01663	0.01342	0.01792	0.13828	0.01068	0.27941	0.04770	0.12121	0.07151	0.01987	0.01617	0.03607	0.00740	0.00202	0.00713	0.00615	0.00587	0.11624
2	0.01900	0.01722	0.02433	0.09653	0.44351	0.05791	0.01799	0.19361	0.01947	0.02637	0.01332	0.01634	0.01056	0.00663	0.00663	0.00200	0.00814	0.00590	0.00416	0.01038
3	0.01441	0.02831	0.46975	0.02357	0.08531	0.01602	0.22401	0.02127	0.01475	0.02137	0.01254	0.01552	0.00917	0.00613	0.00685	0.00216	0.01018	0.00592	0.00304	0.00972
4	0.01166	0.00583	0.00874	0.00874	0.00874	0.00583	0.00583	0.00874	0.00874	0.01166	0.01166	0.02040	0.01166	0.02331	0.02622	0.80478	0.00583	0.00583	0.00291	0.00291
5	0.01547	0.01335	0.01400	0.01270	0.01628	0.01515	0.00985	0.03202	0.61315	0.02668	0.03299	0.03056	0.11814	0.01021	0.00698	0.00227	0.00504	0.00850	0.00674	0.00993
6	0.01561	0.01467	0.02468	0.03661	0.62284	0.01460	0.01860	0.01948	0.01580	0.02262	0.11126	0.02129	0.01799	0.00706	0.00682	0.00201	0.00730	0.00684	0.00389	0.01003
7	0.00976	0.00651	0.00732	0.00732	0.00732	0.00651	0.00407	0.00976	0.00976	0.01301	0.02114	0.04391	0.02439	0.76419	0.03415	0.00651	0.00651	0.00976	0.00407	0.00407
8	0.01346	0.01041	0.01193	0.01104	0.01344	0.04171	0.00869	0.08472	0.10914	0.04733	0.30862	0.04105	0.06057	0.01786	0.10961	0.00343	0.00676	0.08631	0.00640	0.00753

[dist]
# distance from previous block
# <min> <max>
5	27

[block]
# block no. 5 follows, 32 sequences, length 20
# corresponding to MSA columns:
# 1256-1275
name=unknown_F
#
# <colnr> <probs for GDERKNQSTAVLIFYWHMCP>
#	G	D	E	R	K	N	Q	S	T	A	V	L	I	F	Y	W	H	M	C	P
0	0.07475	0.01997	0.01883	0.01498	0.01993	0.14462	0.01215	0.47023	0.02682	0.10856	0.01577	0.01579	0.01121	0.00777	0.00644	0.00197	0.00790	0.00566	0.00615	0.01052
1	0.01026	0.00689	0.00882	0.00866	0.01027	0.00625	0.00637	0.01273	0.01706	0.06694	0.42955	0.22016	0.13959	0.01555	0.00800	0.00228	0.00353	0.01372	0.00702	0.00635
2	0.02330	0.01731	0.01860	0.01481	0.01975	0.01924	0.01206	0.49256	0.21516	0.06632	0.01957	0.01880	0.01408	0.00835	0.00674	0.00209	0.00675	0.00649	0.00681	0.01120
3	0.02433	0.01799	0.01924	0.01486	0.02002	0.01979	0.01224	0.65374	0.03046	0.04067	0.01958	0.01935	0.05883	0.00865	0.00679	0.00203	0.00712	0.00658	0.00668	0.01103
4	0.01391	0.01193	0.01391	0.00994	0.01590	0.00894	0.00795	0.01690	0.01391	0.02186	0.01193	0.01391	0.00994	0.00497	0.00497	0.00099	0.00497	0.00398	0.00398	0.80521
5	0.81159	0.01298	0.00986	0.00882	0.01298	0.01505	0.00727	0.01972	0.01142	0.03010	0.00934	0.01090	0.00727	0.00623	0.00415	0.00208	0.00519	0.00363	0.00415	0.00727
6	0.01188	0.00977	0.01174	0.00973	0.01371	0.00771	0.00734	0.01422	0.01354	0.02019	0.02081	0.27827	0.02214	0.01066	0.00624	0.00161	0.00459	0.00933	0.00477	0.52176
7	0.01646	0.01635	0.02956	0.03876	0.59327	0.01614	0.14779	0.02076	0.01538	0.02184	0.01280	0.01689	0.01054	0.00592	0.00688	0.00204	0.00860	0.00634	0.00333	0.01033
8	0.01260	0.01054	0.01251	0.00980	0.01449	0.00815	0.00756	0.01517	0.01367	0.02078	0.01765	0.18437	0.01781	0.00864	0.00579	0.00139	0.00472	0.00743	0.00449	0.62244
9	0.01177	0.00731	0.00955	0.00872	0.01068	0.00670	0.00664	0.01487	0.01882	0.09999	0.61937	0.04629	0.05664	0.01292	0.00767	0.00209	0.00343	0.01134	0.03834	0.00686
10	0.02225	0.02762	0.01714	0.01596	0.01891	0.61531	0.01184	0.02389	0.01799	0.01654	0.01481	0.13669	0.01460	0.00927	0.00647	0.00189	0.01073	0.00678	0.00392	0.00739
11	0.00976	0.00651	0.00732	0.00732	0.00732	0.00651	0.00407	0.00976	0.00976	0.01301	0.02114	0.04391	0.02439	0.76419	0.03415	0.00651	0.00651	0.00976	0.00407	0.00407
12	0.01794	0.76823	0.03516	0.01148	0.01722	0.02655	0.01148	0.02009	0.01363	0.01579	0.00933	0.01076	0.00861	0.00574	0.00431	0.00144	0.00718	0.00359	0.00287	0.00861
13	0.01001	0.00684	0.00838	0.00891	0.00939	0.00683	0.00618	0.01098	0.01159	0.01530	0.02612	0.08355	0.02949	0.50963	0.02562	0.00532	0.00630	0.21001	0.00479	0.00476
14	0.01581	0.01730	0.03506	0.02904	0.14732	0.01726	0.49624	0.02065	0.01502	0.02087	0.01280	0.01741	0.01008	0.00650	0.00954	0.00231	0.10707	0.00733	0.00332	0.00909
15	0.01500	0.01431	0.02434	0.32918	0.44687	0.01552	0.01979	0.01919	0.01452	0.01997	0.01234	0.01713	0.00994	0.00628	0.00667	0.00209	0.00837	0.00597	0.00318	0.00934
16	0.06043	0.01534	0.01658	0.01348	0.01802	0.01674	0.01090	0.34016	0.21738	0.11674	0.04563	0.02305	0.05719	0.00899	0.00673	0.00212	0.00613	0.00711	0.00680	0.01049
17	0.02662	0.06291	0.01697	0.01235	0.01732	0.01264	0.01021	0.05570	0.14863	0.52461	0.02512	0.02221	0.01662	0.00827	0.00660	0.00207	0.00579	0.00667	0.00761	0.01108
18	0.01145	0.01053	0.01924	0.01536	0.01853	0.00982	0.24253	0.01514	0.01692	0.02348	0.36777	0.15386	0.04211	0.01214	0.00802	0.00226	0.00607	0.01182	0.00584	0.00712
19	0.01752	0.21897	0.42631	0.01591	0.02392	0.01740	0.01876	0.02295	0.01491	0.14328	0.01387	0.01481	0.00995	0.00655	0.00591	0.00194	0.00848	0.00492	0.00380	0.00984

[dist]
# distance from previous block
# <min> <max>
0	2

[block]
# block no. 6 follows, 32 sequences, length 22
# corresponding to MSA columns:
# 1284-1305
name=unknown_G
#
# <colnr> <probs for GDERKNQSTAVLIFYWHMCP>
#	G	D	E	R	K	N	Q	S	T	A	V	L	I	F	Y	W	H	M	C	P
0	0.01778	0.01586	0.02509	0.26031	0.17555	0.01721	0.13961	0.21728	0.01951	0.02622	0.01358	0.01715	0.01023	0.00676	0.00691	0.00213	0.00872	0.00634	0.00421	0.00954
1	0.01919	0.63865	0.03232	0.01250	0.01784	0.15163	0.01174	0.02127	0.01458	0.01590	0.00951	0.01100	0.00862	0.00595	0.00461	0.00149	0.00804	0.00372	0.00297	0.00846
2	0.01509	0.01262	0.01455	0.01050	0.01640	0.01015	0.00844	0.08628	0.01571	0.02394	0.01235	0.01414	0.01009	0.00528	0.00515	0.00110	0.00521	0.00419	0.00425	0.72457
3	0.01607	0.01607	0.02914	0.03587	0.50038	0.01614	0.17722	0.02021	0.01504	0.02134	0.01334	0.03872	0.01141	0.00668	0.00790	0.00213	0.05220	0.00681	0.00340	0.00992
4	0.00793	0.00680	0.00680	0.00680	0.00906	0.00566	0.00510	0.00963	0.01529	0.01813	0.06797	0.06457	0.71961	0.01699	0.00793	0.00227	0.00340	0.01416	0.00623	0.00566
5	0.00854	0.00602	0.00777	0.00893	0.00932	0.00569	0.00585	0.00961	0.01265	0.01696	0.07408	0.59011	0.04191	0.15360	0.01311	0.00337	0.00432	0.01700	0.00591	0.00525
6	0.01468	0.01468	0.02055	0.01762	0.01762	0.02055	0.01468	0.01615	0.01028	0.01615	0.00881	0.01468	0.00881	0.01174	0.02202	0.00294	0.75191	0.00587	0.00294	0.00734
7	0.01391	0.01193	0.01391	0.00994	0.01590	0.00894	0.00795	0.01690	0.01391	0.02186	0.01193	0.01391	0.00994	0.00497	0.00497	0.00099	0.00497	0.00398	0.00398	0.80521
8	0.00989	0.00736	0.00997	0.01024	0.04908	0.00686	0.00711	0.01310	0.01879	0.02663	0.68007	0.04828	0.06042	0.01329	0.00784	0.00210	0.00343	0.01180	0.00716	0.00657
9	0.01764	0.01181	0.01429	0.01040	0.01618	0.00916	0.00839	0.02053	0.01513	0.18402	0.01527	0.01597	0.01147	0.00574	0.00538	0.00124	0.00514	0.00461	0.00497	0.62266
10	0.00825	0.00589	0.00785	0.00929	0.00975	0.00550	0.00623	0.00952	0.01318	0.01766	0.07406	0.72122	0.04541	0.02062	0.00853	0.00269	0.00385	0.01870	0.00629	0.00550
11	0.01267	0.01193	0.02013	0.74806	0.04621	0.01491	0.01863	0.01714	0.01342	0.01714	0.01193	0.01789	0.00894	0.00671	0.00671	0.00224	0.00894	0.00596	0.00298	0.00745
12	0.00888	0.00646	0.00837	0.00869	0.00985	0.00594	0.00621	0.01117	0.01635	0.02252	0.41025	0.32901	0.09773	0.01679	0.00817	0.00236	0.00347	0.01498	0.00686	0.00594
13	0.01669	0.01441	0.01517	0.01365	0.01745	0.01669	0.01062	0.03565	0.71021	0.02807	0.02731	0.02503	0.02048	0.00910	0.00683	0.00228	0.00531	0.00759	0.00683	0.01062
14	0.01391	0.01193	0.01391	0.00994	0.01590	0.00894	0.00795	0.01690	0.01391	0.02186	0.01193	0.01391	0.00994	0.00497	0.00497	0.00099	0.00497	0.00398	0.00398	0.80521
15	0.04992	0.11096	0.40526	0.01450	0.02130	0.01408	0.01695	0.01828	0.01506	0.02191	0.16047	0.02534	0.08162	0.00872	0.00648	0.00205	0.00743	0.00700	0.00412	0.00854
16	0.26408	0.01322	0.01342	0.01098	0.01535	0.05201	0.00891	0.09770	0.01758	0.27869	0.06297	0.01937	0.01551	0.00773	0.00578	0.00197	0.00572	0.00578	0.05690	0.04633
17	0.14908	0.01423	0.01852	0.01507	0.04481	0.01429	0.09064	0.14185	0.09429	0.27047	0.01913	0.01868	0.01326	0.00741	0.00636	0.00204	0.00656	0.00615	0.00618	0.06097
18	0.06204	0.01673	0.11028	0.03923	0.01791	0.13233	0.01145	0.02198	0.01654	0.22491	0.04930	0.03168	0.14552	0.03861	0.00789	0.00230	0.00700	0.05027	0.00563	0.00841
19	0.04225	0.01060	0.01255	0.01122	0.01397	0.04849	0.03403	0.08011	0.01732	0.14912	0.14344	0.28110	0.07399	0.01371	0.00749	0.00226	0.00520	0.01196	0.00643	0.03475
20	0.01943	0.03896	0.05210	0.01432	0.01922	0.01248	0.10889	0.06265	0.05513	0.23486	0.06023	0.02396	0.01749	0.04913	0.00872	0.00221	0.03377	0.03203	0.00567	0.14875
21	0.09288	0.06033	0.04976	0.01281	0.01738	0.08172	0.01083	0.18551	0.06670	0.12726	0.04206	0.04198	0.07156	0.00877	0.00675	0.00197	0.02855	0.00669	0.00562	0.08089

[dist]
# distance from previous block
# <min> <max>
4	61

[block]
# block no. 7 follows, 32 sequences, length 15
# corresponding to MSA columns:
# 1372-1386
name=unknown_H
#
# <colnr> <probs for GDERKNQSTAVLIFYWHMCP>
#	G	D	E	R	K	N	Q	S	T	A	V	L	I	F	Y	W	H	M	C	P
0	0.09541	0.01517	0.01593	0.01321	0.01735	0.08327	0.02879	0.20604	0.09826	0.17785	0.05623	0.10532	0.01925	0.00959	0.00670	0.00210	0.00647	0.00779	0.00633	0.02892
1	0.11066	0.24097	0.12816	0.01327	0.01887	0.01702	0.04604	0.07005	0.01627	0.15663	0.04673	0.02108	0.03797	0.00790	0.00594	0.00196	0.00695	0.03963	0.00482	0.00909
2	0.04861	0.01170	0.01131	0.01045	0.01315	0.09768	0.00793	0.04416	0.07557	0.11565	0.14257	0.16136	0.20681	0.01332	0.00735	0.00221	0.00521	0.01119	0.00633	0.00746
3	0.11038	0.01436	0.01828	0.28250	0.09510	0.05162	0.01429	0.13590	0.04007	0.11701	0.01579	0.04858	0.01219	0.00771	0.00646	0.00213	0.00756	0.00634	0.00477	0.00896
4	0.07719	0.00991	0.01212	0.01046	0.01403	0.00888	0.00816	0.04262	0.01580	0.21178	0.05992	0.23255	0.02552	0.01176	0.00684	0.00206	0.00494	0.04410	0.00617	0.19519
5	0.00851	0.00673	0.00767	0.00762	0.00947	0.00588	0.00565	0.01069	0.01639	0.02118	0.29846	0.12431	0.42121	0.01619	0.00798	0.00225	0.00336	0.01389	0.00665	0.00588
6	0.01584	0.01810	0.03959	0.02828	0.03507	0.01697	0.69796	0.02149	0.01584	0.02149	0.01357	0.01810	0.01018	0.00566	0.00792	0.00226	0.01131	0.00792	0.00339	0.00905
7	0.01267	0.01193	0.02013	0.74806	0.04621	0.01491	0.01863	0.01714	0.01342	0.01714	0.01193	0.01789	0.00894	0.00671	0.00671	0.00224	0.00894	0.00596	0.00298	0.00745
8	0.01340	0.01134	0.01334	0.00977	0.01522	0.00864	0.00776	0.01641	0.01450	0.02245	0.09359	0.01810	0.01610	0.00598	0.00531	0.00112	0.00476	0.00492	0.00437	0.71291
9	0.01541	0.01401	0.02820	0.02126	0.02613	0.01303	0.43101	0.01950	0.01542	0.10182	0.02141	0.21964	0.02019	0.01013	0.00796	0.00237	0.00865	0.01081	0.00473	0.00835
10	0.10967	0.01135	0.01309	0.01012	0.01510	0.00976	0.00814	0.02116	0.03921	0.20617	0.04826	0.02220	0.07737	0.00754	0.00578	0.00160	0.00499	0.00601	0.00555	0.37694
11	0.01625	0.01558	0.02659	0.10582	0.66051	0.01585	0.02041	0.02028	0.01511	0.02148	0.01256	0.01672	0.01047	0.00605	0.00665	0.00202	0.00806	0.00598	0.00329	0.01034
12	0.01661	0.01594	0.02724	0.04119	0.72233	0.01594	0.02059	0.02059	0.01528	0.02192	0.01262	0.01661	0.01063	0.00598	0.00664	0.00199	0.00797	0.00598	0.00332	0.01063
13	0.01163	0.00994	0.01150	0.00928	0.01337	0.00811	0.00722	0.01400	0.01406	0.02007	0.03059	0.10319	0.21954	0.01034	0.00688	0.00161	0.03452	0.00852	0.00481	0.46081
14	0.01726	0.01661	0.09711	0.01275	0.01762	0.09071	0.01119	0.11530	0.04620	0.08789	0.11172	0.06183	0.02088	0.00874	0.00647	0.00181	0.00648	0.03014	0.00533	0.23396

[dist]
# distance from previous block
# <min> <max>
5	67

[block]
# block no. 8 follows, 32 sequences, length 10
# corresponding to MSA columns:
# 1454-1463
name=unknown_I
#
# <colnr> <probs for GDERKNQSTAVLIFYWHMCP>
#	G	D	E	R	K	N	Q	S	T	A	V	L	I	F	Y	W	H	M	C	P
0	0.08605	0.01306	0.01534	0.01246	0.01682	0.01324	0.04280	0.17383	0.12677	0.12161	0.04235	0.05018	0.06868	0.00919	0.00653	0.00200	0.00576	0.03330	0.03698	0.12302
1	0.04751	0.01350	0.01409	0.01118	0.01580	0.07083	0.00882	0.09219	0.05101	0.07540	0.11748	0.04728	0.01987	0.00780	0.00599	0.00157	0.00560	0.00632	0.00526	0.38251
2	0.01639	0.12476	0.02765	0.11028	0.54973	0.01738	0.01907	0.02016	0.01485	0.02053	0.01207	0.01589	0.01016	0.00602	0.00631	0.00194	0.00796	0.00563	0.00322	0.01001
3	0.01650	0.01626	0.02903	0.03931	0.62254	0.01609	0.11895	0.02072	0.01536	0.02186	0.01276	0.01682	0.01056	0.00593	0.00683	0.00203	0.00846	0.00626	0.00333	0.01040
4	0.01500	0.22861	0.44345	0.01841	0.02675	0.01872	0.11898	0.02098	0.01427	0.01982	0.01154	0.01383	0.00877	0.00610	0.00605	0.00196	0.00939	0.00502	0.00292	0.00944
5	0.01441	0.01296	0.01780	0.01539	0.10478	0.01051	0.06966	0.01775	0.01425	0.02184	0.01216	0.01461	0.01004	0.00515	0.00543	0.00123	0.00589	0.00457	0.00384	0.63771
6	0.01482	0.01256	0.01452	0.01057	0.01654	0.00948	0.00834	0.01751	0.01447	0.02265	0.01285	0.01520	0.01081	0.00561	0.00538	0.00118	0.00529	0.00429	0.00429	0.79365
7	0.01482	0.01256	0.01452	0.01057	0.01654	0.00948	0.00834	0.01751	0.01447	0.02265	0.01285	0.01520	0.01081	0.00561	0.00538	0.00118	0.00529	0.00429	0.00429	0.79365
8	0.01354	0.01120	0.01316	0.01043	0.01516	0.00870	0.00796	0.01582	0.01423	0.02160	0.01844	0.18176	0.01850	0.00919	0.00618	0.00156	0.00505	0.00766	0.00479	0.61506
9	0.01482	0.01256	0.01452	0.01057	0.01654	0.00948	0.00834	0.01751	0.01447	0.02265	0.01285	0.01520	0.01081	0.00561	0.00538	0.00118	0.00529	0.00429	0.00429	0.79365

[dist]
# distance from previous block
# <min> <max>
6	15

[block]
# block no. 9 follows, 32 sequences, length 8
# corresponding to MSA columns:
# 1479-1486
name=unknown_J
#
# <colnr> <probs for GDERKNQSTAVLIFYWHMCP>
#	G	D	E	R	K	N	Q	S	T	A	V	L	I	F	Y	W	H	M	C	P
0	0.31824	0.01663	0.01631	0.01298	0.01789	0.01866	0.01071	0.44664	0.02405	0.03775	0.01359	0.01417	0.00987	0.00737	0.00576	0.00204	0.00657	0.00514	0.00576	0.00987
1	0.01634	0.00792	0.01069	0.01031	0.01249	0.00709	0.00758	0.01804	0.01521	0.28147	0.03307	0.48536	0.03404	0.01629	0.00789	0.00248	0.00457	0.01448	0.00700	0.00767
2	0.02247	0.48639	0.02787	0.01165	0.01719	0.02034	0.01088	0.02479	0.01571	0.28063	0.01571	0.01526	0.01159	0.00670	0.00521	0.00167	0.00663	0.00476	0.00489	0.00966
3	0.30736	0.00850	0.00856	0.00915	0.01094	0.00903	0.00662	0.01321	0.01231	0.02196	0.02669	0.48092	0.03056	0.01551	0.00692	0.00248	0.00438	0.01332	0.00546	0.00613
4	0.02092	0.02533	0.02635	0.02107	0.02580	0.40827	0.26786	0.02557	0.07610	0.01929	0.01299	0.01542	0.01021	0.00663	0.00681	0.00197	0.01123	0.00594	0.00372	0.00849
5	0.02060	0.01314	0.02050	0.21474	0.25124	0.01344	0.01565	0.02486	0.04672	0.28350	0.01824	0.01963	0.01285	0.00717	0.00671	0.00210	0.00727	0.00633	0.00524	0.01009
6	0.01482	0.01074	0.01233	0.01138	0.01357	0.01129	0.00840	0.26657	0.01945	0.02601	0.02735	0.39879	0.02975	0.10346	0.01088	0.00290	0.00550	0.01313	0.00615	0.00751
7	0.17082	0.03637	0.01764	0.01813	0.17435	0.04417	0.01191	0.04604	0.04760	0.30120	0.05283	0.01963	0.01526	0.00755	0.00620	0.00203	0.00634	0.00608	0.00588	0.00994

[dist]
# distance from previous block
# <min> <max>
31	99

[block]
# block no. 10 follows, 32 sequences, length 14
# corresponding to MSA columns:
# 1631-1644
name=unknown_K
#
# <colnr> <probs for GDERKNQSTAVLIFYWHMCP>
#	G	D	E	R	K	N	Q	S	T	A	V	L	I	F	Y	W	H	M	C	P
0	0.01818	0.01837	0.14784	0.01570	0.02165	0.06344	0.11583	0.02453	0.11377	0.15797	0.05310	0.01959	0.01511	0.00713	0.00650	0.00189	0.00742	0.00623	0.00505	0.18070
1	0.18514	0.01339	0.01925	0.19626	0.05538	0.01375	0.11962	0.05307	0.01477	0.02370	0.04676	0.01692	0.01190	0.00641	0.00599	0.00188	0.00715	0.00560	0.00396	0.19909
2	0.05545	0.01282	0.01622	0.16707	0.08958	0.04814	0.01230	0.06553	0.03123	0.04118	0.11542	0.02692	0.03847	0.00897	0.00738	0.00202	0.04251	0.06183	0.00473	0.15224
