[name]
unknown

[dist]
# distance from previous block
# <min> <max>
0	79

[block]
# block no. 0 follows, 33 sequences, length 29
# corresponding to MSA columns:
# 101-129
name=unknown_A
#
# <colnr> <probs for GDERKNQSTAVLIFYWHMCP>
#	G	D	E	R	K	N	Q	S	T	A	V	L	I	F	Y	W	H	M	C	P
0	0.00831	0.00594	0.00797	0.00950	0.01001	0.00560	0.00662	0.00967	0.01289	0.01713	0.03612	0.68649	0.04290	0.02035	0.00848	0.00271	0.00407	0.09368	0.00611	0.00543
1	0.01923	0.02113	0.01912	0.01648	0.01912	0.32065	0.05531	0.09048	0.04245	0.01919	0.01223	0.01593	0.01053	0.02803	0.09367	0.00317	0.19620	0.00555	0.00373	0.00780
2	0.01200	0.00842	0.00950	0.00884	0.01141	0.00798	0.00675	0.01690	0.13622	0.10154	0.17201	0.09310	0.36199	0.01405	0.00750	0.00220	0.00390	0.01191	0.00665	0.00713
3	0.01105	0.00572	0.00847	0.00864	0.00869	0.00568	0.00576	0.00864	0.00903	0.01204	0.01424	0.10398	0.01506	0.02262	0.02377	0.71756	0.00550	0.00718	0.00323	0.00314
4	0.00909	0.00661	0.00856	0.00830	0.00975	0.00608	0.00614	0.01190	0.01776	0.02486	0.61139	0.13061	0.09543	0.01444	0.00784	0.00215	0.00320	0.01278	0.00706	0.00608
5	0.02450	0.02661	0.01824	0.01600	0.01982	0.52768	0.01226	0.11939	0.07038	0.08362	0.01353	0.01425	0.01037	0.00721	0.00614	0.00180	0.01021	0.00491	0.00448	0.00863
6	0.00844	0.00626	0.00788	0.00840	0.00953	0.00570	0.00595	0.01039	0.01521	0.02043	0.28905	0.38026	0.17365	0.01733	0.00806	0.00238	0.00348	0.01539	0.00652	0.00570
7	0.02796	0.01194	0.01794	0.01352	0.01879	0.01046	0.08797	0.03084	0.01847	0.65192	0.02454	0.02188	0.01558	0.00785	0.00675	0.00206	0.00622	0.00675	0.00760	0.01094
8	0.00837	0.00629	0.00830	0.00946	0.00995	0.00622	0.00651	0.00957	0.01262	0.01682	0.03677	0.67317	0.08810	0.01983	0.00912	0.00265	0.04721	0.01764	0.00592	0.00547
9	0.01806	0.02726	0.52069	0.01667	0.02502	0.01362	0.01997	0.02419	0.01537	0.23232	0.01602	0.01643	0.01071	0.00682	0.00636	0.00207	0.00850	0.00539	0.00438	0.01017
10	0.00940	0.00705	0.01058	0.01058	0.01176	0.00823	0.00823	0.01176	0.01058	0.01528	0.01763	0.02586	0.01646	0.04937	0.74255	0.01058	0.01763	0.00705	0.00353	0.00588
11	0.00957	0.00729	0.01089	0.01080	0.01193	0.00862	0.00843	0.01189	0.01056	0.01530	0.01734	0.02549	0.01620	0.04815	0.71919	0.01033	0.04158	0.00701	0.00351	0.00592
12	0.01574	0.01507	0.02571	0.14330	0.62904	0.01550	0.01993	0.01972	0.01473	0.02083	0.01228	0.01648	0.01019	0.00597	0.00653	0.00199	0.00796	0.00586	0.00321	0.00998
13	0.01542	0.01859	0.07446	0.02729	0.03410	0.01658	0.66888	0.02108	0.01545	0.02108	0.01324	0.01756	0.00990	0.00559	0.00769	0.00221	0.01103	0.00762	0.00330	0.00892
14	0.32857	0.01757	0.03427	0.01910	0.15233	0.13939	0.08263	0.03666	0.01423	0.02377	0.02615	0.01401	0.00972	0.00677	0.00685	0.00205	0.06904	0.00499	0.00373	0.00816
15	0.01672	0.01669	0.02708	0.03819	0.63940	0.05762	0.06648	0.02062	0.01524	0.02117	0.01232	0.01614	0.01029	0.00590	0.00657	0.00196	0.00828	0.00590	0.00327	0.01016
16	0.01084	0.00910	0.01045	0.01093	0.06008	0.00905	0.00751	0.01694	0.18619	0.02161	0.16550	0.04693	0.34454	0.06024	0.00903	0.00244	0.00425	0.01116	0.00613	0.00709
17	0.01624	0.31346	0.39840	0.01547	0.02311	0.05285	0.01807	0.02124	0.01417	0.05501	0.01145	0.01297	0.00879	0.00614	0.00549	0.00181	0.00860	0.00441	0.00310	0.00922
18	0.01557	0.52889	0.14772	0.01205	0.01773	0.02114	0.01266	0.01876	0.01429	0.01810	0.12162	0.01717	0.01684	0.00696	0.00512	0.00163	0.00687	0.00506	0.00350	0.00831
19	0.00957	0.00638	0.00718	0.00718	0.00718	0.00638	0.00399	0.00957	0.00957	0.01276	0.02074	0.04308	0.02393	0.76864	0.03351	0.00638	0.00638	0.00957	0.00399	0.00399
20	0.00805	0.00652	0.00715	0.00733	0.00914	0.00562	0.00537	0.00985	0.01516	0.01892	0.16075	0.17714	0.51232	0.01684	0.00788	0.00227	0.00338	0.01439	0.00628	0.00562
21	0.01499	0.01426	0.02084	0.10591	0.40348	0.05578	0.01606	0.02014	0.09772	0.02068	0.01807	0.12707	0.01696	0.00889	0.00687	0.00214	0.00721	0.02973	0.00414	0.00906
22	0.00809	0.00652	0.00725	0.00775	0.00947	0.00569	0.00576	0.00975	0.01444	0.01772	0.05657	0.23287	0.50038	0.01776	0.00805	0.00240	0.00369	0.07419	0.00611	0.00555
23	0.00802	0.00573	0.00764	0.00917	0.00955	0.00535	0.00611	0.00917	0.01260	0.01681	0.03628	0.76434	0.04354	0.02062	0.00840	0.00267	0.00382	0.01872	0.00611	0.00535
24	0.01384	0.14013	0.63398	0.01769	0.02683	0.01683	0.02245	0.02069	0.01382	0.02008	0.01143	0.01342	0.00836	0.00617	0.00596	0.00199	0.00934	0.00467	0.00279	0.00955
25	0.04651	0.01439	0.05633	0.05879	0.01941	0.01376	0.01141	0.19279	0.11889	0.31161	0.02114	0.02013	0.01445	0.00790	0.00639	0.00203	0.00619	0.00630	0.06129	0.01030
26	0.02586	0.01711	0.01893	0.01451	0.01975	0.01844	0.01199	0.58163	0.02872	0.16863	0.01768	0.01702	0.01213	0.00795	0.00659	0.00199	0.00694	0.00605	0.00687	0.01120
27	0.01268	0.01185	0.01944	0.70684	0.04359	0.01473	0.01779	0.01795	0.05684	0.01749	0.01264	0.01799	0.00948	0.00673	0.00659	0.00220	0.00855	0.00595	0.00316	0.00751
28	0.03699	0.01230	0.03675	0.01197	0.01528	0.03502	0.05195	0.05196	0.24682	0.04466	0.19325	0.06585	0.14741	0.01126	0.00714	0.00217	0.00517	0.00967	0.00622	0.00816

[dist]
# distance from previous block
# <min> <max>
0	1

[block]
# block no. 1 follows, 33 sequences, length 59
# corresponding to MSA columns:
# 131-189
name=unknown_B
#
# <colnr> <probs for GDERKNQSTAVLIFYWHMCP>
#	G	D	E	R	K	N	Q	S	T	A	V	L	I	F	Y	W	H	M	C	P
0	0.01593	0.44820	0.24736	0.01602	0.08480	0.02105	0.01583	0.01994	0.01370	0.01802	0.01073	0.01264	0.00891	0.00592	0.00507	0.00167	0.00779	0.00425	0.03323	0.00893
1	0.09471	0.01133	0.01481	0.01146	0.01647	0.01010	0.00946	0.03103	0.01821	0.67385	0.02458	0.02144	0.01554	0.00798	0.00641	0.00204	0.00556	0.00637	0.00781	0.01087
2	0.02212	0.08378	0.01889	0.01570	0.01917	0.55350	0.01205	0.02598	0.10398	0.01743	0.01261	0.01420	0.01040	0.00956	0.05087	0.00228	0.01103	0.00475	0.00377	0.00793
3	0.01207	0.01049	0.01168	0.01210	0.06415	0.02863	0.00843	0.01998	0.25819	0.02281	0.15825	0.07887	0.26302	0.01262	0.00730	0.00219	0.00451	0.01075	0.00623	0.00775
4	0.01818	0.41201	0.17905	0.01408	0.02016	0.08263	0.01440	0.11651	0.03159	0.02058	0.01110	0.01252	0.00907	0.00640	0.00564	0.00171	0.02752	0.00435	0.00347	0.00905
5	0.00940	0.00705	0.01058	0.01058	0.01176	0.00823	0.00823	0.01176	0.01058	0.01528	0.01763	0.02586	0.01646	0.04937	0.74255	0.01058	0.01763	0.00705	0.00353	0.00588
6	0.01351	0.01345	0.01965	0.68734	0.04312	0.07937	0.01779	0.01766	0.01365	0.01676	0.01157	0.01705	0.00875	0.00660	0.00652	0.00215	0.00905	0.00571	0.00297	0.00734
7	0.01738	0.73604	0.06915	0.01164	0.01747	0.02552	0.01191	0.01977	0.01340	0.01575	0.00928	0.01073	0.00844	0.00566	0.00432	0.00144	0.00717	0.00359	0.00281	0.00851
8	0.01198	0.00880	0.01137	0.01074	0.01223	0.00984	0.00820	0.11406	0.01371	0.01893	0.01928	0.03212	0.01901	0.21161	0.38682	0.00750	0.03103	0.06225	0.00428	0.00626
9	0.01368	0.08647	0.64754	0.01934	0.06361	0.01608	0.02317	0.02073	0.01392	0.02050	0.01165	0.01378	0.00845	0.00619	0.00612	0.00203	0.00944	0.00482	0.00281	0.00967
10	0.01573	0.01499	0.02509	0.14333	0.59114	0.01553	0.01942	0.02047	0.05076	0.02113	0.01302	0.01690	0.01068	0.00613	0.00654	0.00200	0.00783	0.00594	0.00339	0.00997
11	0.01760	0.77260	0.03450	0.01126	0.01690	0.02605	0.01126	0.01971	0.01338	0.01549	0.00915	0.01056	0.00845	0.00563	0.00422	0.00141	0.00704	0.00352	0.00282	0.00845
12	0.01561	0.01706	0.03531	0.02662	0.06629	0.01657	0.57760	0.04624	0.01566	0.02141	0.01387	0.04307	0.01113	0.00654	0.00853	0.00225	0.05605	0.00786	0.00352	0.00882
13	0.01061	0.00758	0.01061	0.01212	0.01364	0.00758	0.01061	0.01364	0.01515	0.01970	0.03486	0.07426	0.03789	0.01819	0.00909	0.00303	0.00606	0.68326	0.00606	0.00606
14	0.01243	0.01170	0.01975	0.75282	0.04534	0.01463	0.01828	0.01682	0.01316	0.01682	0.01170	0.01755	0.00878	0.00658	0.00658	0.00219	0.00878	0.00585	0.00293	0.00731
15	0.02661	0.01079	0.01434	0.01138	0.01593	0.00962	0.00925	0.03002	0.05812	0.61309	0.02643	0.06793	0.01821	0.00893	0.00663	0.00206	0.00535	0.00738	0.04740	0.01055
16	0.00829	0.00602	0.00800	0.00912	0.00972	0.00585	0.00625	0.00959	0.01229	0.01643	0.03453	0.57318	0.08005	0.06319	0.12027	0.00403	0.00600	0.01619	0.00561	0.00537
17	0.01760	0.77260	0.03450	0.01126	0.01690	0.02605	0.01126	0.01971	0.01338	0.01549	0.00915	0.01056	0.00845	0.00563	0.00422	0.00141	0.00704	0.00352	0.00282	0.00845
18	0.01285	0.00849	0.01143	0.01215	0.01418	0.00847	0.01052	0.05718	0.01639	0.07483	0.03376	0.06652	0.05062	0.01676	0.00872	0.00287	0.00604	0.57520	0.00625	0.00675
19	0.00802	0.00573	0.00764	0.00917	0.00955	0.00535	0.00611	0.00917	0.01260	0.01681	0.03628	0.76434	0.04354	0.02062	0.00840	0.00267	0.00382	0.01872	0.00611	0.00535
20	0.07749	0.01130	0.01494	0.01153	0.01656	0.00999	0.00952	0.03131	0.01838	0.68924	0.02495	0.02169	0.01574	0.00802	0.00646	0.00204	0.00557	0.00643	0.00790	0.01095
21	0.02954	0.01120	0.01528	0.01171	0.01681	0.00968	0.00968	0.03208	0.01884	0.73213	0.02597	0.02241	0.01630	0.00815	0.00662	0.00204	0.00560	0.00662	0.00815	0.01120
22	0.01074	0.00902	0.01314	0.01237	0.01323	0.01142	0.00988	0.01285	0.01045	0.01543	0.01523	0.02280	0.01437	0.03927	0.55009	0.00852	0.21490	0.00671	0.00335	0.00623
23	0.00942	0.00700	0.01032	0.01032	0.01141	0.00809	0.00791	0.01159	0.01050	0.01509	0.01787	0.02716	0.01702	0.10373	0.68896	0.01026	0.01678	0.00724	0.00356	0.00574
24	0.00932	0.00673	0.00880	0.00828	0.00984	0.00621	0.00621	0.01242	0.01863	0.02640	0.72410	0.04918	0.06212	0.01346	0.00776	0.00207	0.00311	0.01191	0.00725	0.00621
25	0.01548	0.01759	0.03792	0.02723	0.03356	0.01682	0.66954	0.02083	0.01527	0.02083	0.01309	0.01759	0.00992	0.00585	0.00845	0.00225	0.04801	0.00767	0.00331	0.00880
26	0.01328	0.02811	0.53145	0.02093	0.09614	0.01457	0.08948	0.01977	0.01405	0.02058	0.01420	0.08129	0.01184	0.00743	0.00662	0.00214	0.00915	0.00648	0.00318	0.00932
27	0.06266	0.01127	0.01504	0.01158	0.01663	0.00989	0.00957	0.03155	0.01852	0.70250	0.02526	0.02191	0.01591	0.00806	0.00651	0.00204	0.00558	0.00649	0.00798	0.01103
28	0.02271	0.02837	0.01766	0.01617	0.01929	0.65142	0.01216	0.02449	0.01766	0.01601	0.01110	0.01360	0.00947	0.01205	0.09705	0.00279	0.01258	0.00459	0.00341	0.00742
29	0.01369	0.01330	0.02298	0.47724	0.18902	0.01546	0.07938	0.01785	0.01353	0.01813	0.01175	0.01705	0.00923	0.00672	0.00785	0.00220	0.06745	0.00602	0.00303	0.00811
30	0.01320	0.03405	0.73453	0.01876	0.02849	0.01529	0.02432	0.02085	0.01390	0.02085	0.01181	0.01390	0.00834	0.00625	0.00625	0.00208	0.00973	0.00486	0.00278	0.00973
31	0.01595	0.01529	0.02610	0.10380	0.66687	0.01555	0.02003	0.01990	0.01483	0.02109	0.01232	0.01641	0.01028	0.00593	0.00652	0.00198	0.00791	0.00586	0.00323	0.01015
32	0.02231	0.02338	0.01735	0.01491	0.01871	0.39224	0.01157	0.24934	0.02241	0.02531	0.06065	0.02004	0.07640	0.00844	0.00643	0.00186	0.00904	0.00613	0.00493	0.00854
33	0.01629	0.01564	0.02672	0.04041	0.72757	0.01564	0.02020	0.02020	0.01499	0.02151	0.01238	0.01629	0.01043	0.00587	0.00652	0.00196	0.00782	0.00587	0.00326	0.01043
34	0.01707	0.68360	0.11885	0.01217	0.01829	0.02475	0.01284	0.01985	0.01344	0.01613	0.00947	0.01096	0.00844	0.00571	0.00447	0.00149	0.00736	0.00368	0.00281	0.00860
35	0.01547	0.01480	0.02524	0.19170	0.58269	0.01543	0.01980	0.01949	0.01460	0.02051	0.01224	0.01656	0.01008	0.00602	0.00653	0.00201	0.00802	0.00586	0.00319	0.00977
36	0.01595	0.01529	0.02610	0.10380	0.66687	0.01555	0.02003	0.01990	0.01483	0.02109	0.01232	0.01641	0.01028	0.00593	0.00652	0.00198	0.00791	0.00586	0.00323	0.01015
37	0.01327	0.07979	0.02174	0.61770	0.10901	0.01574	0.01784	0.01741	0.01336	0.01716	0.01154	0.01681	0.00891	0.00643	0.00637	0.00210	0.00853	0.00564	0.00295	0.00772
38	0.01496	0.28097	0.43596	0.01817	0.08680	0.01894	0.01956	0.02041	0.01382	0.01910	0.01097	0.01299	0.00856	0.00601	0.00559	0.00185	0.00865	0.00450	0.00283	0.00936
39	0.00802	0.00573	0.00764	0.00917	0.00955	0.00535	0.00611	0.00917	0.01260	0.01681	0.03628	0.76434	0.04354	0.02062	0.00840	0.00267	0.00382	0.01872	0.00611	0.00535
40	0.00957	0.00638	0.00718	0.00718	0.00718	0.00638	0.00399	0.00957	0.00957	0.01276	0.02074	0.04308	0.02393	0.76864	0.03351	0.00638	0.00638	0.00957	0.00399	0.00399
41	0.01544	0.07945	0.01530	0.01265	0.01593	0.01416	0.01039	0.02695	0.40343	0.06439	0.02763	0.05604	0.02432	0.01143	0.00717	0.00238	0.00559	0.19214	0.00625	0.00897
42	0.01619	0.01625	0.04995	0.03970	0.70463	0.01563	0.02034	0.02023	0.01495	0.02149	0.01236	0.01621	0.01036	0.00588	0.00651	0.00196	0.00788	0.00583	0.00324	0.01040
43	0.02954	0.01120	0.01528	0.01171	0.01681	0.00968	0.00968	0.03208	0.01884	0.73213	0.02597	0.02241	0.01630	0.00815	0.00662	0.00204	0.00560	0.00662	0.00815	0.01120
44	0.01711	0.01568	0.01522	0.01371	0.01741	0.08096	0.01062	0.03421	0.65366	0.02652	0.02532	0.02343	0.01906	0.00874	0.00663	0.00219	0.00580	0.00716	0.00640	0.01017
45	0.01342	0.05654	0.01440	0.01258	0.01448	0.15934	0.05096	0.04198	0.01488	0.01811	0.04895	0.43531	0.03012	0.01487	0.00810	0.00233	0.03904	0.01291	0.00511	0.00655
46	0.00802	0.00573	0.00764	0.00917	0.00955	0.00535	0.00611	0.00917	0.01260	0.01681	0.03628	0.76434	0.04354	0.02062	0.00840	0.00267	0.00382	0.01872	0.00611	0.00535
47	0.00941	0.00703	0.01045	0.01045	0.01157	0.00816	0.00806	0.01167	0.01054	0.01518	0.01776	0.02654	0.01675	0.07786	0.71447	0.01041	0.01719	0.00715	0.00355	0.00580
48	0.01812	0.01508	0.01494	0.01327	0.01705	0.07984	0.01033	0.03290	0.55399	0.09886	0.02681	0.02475	0.04658	0.00897	0.00667	0.00216	0.00577	0.00733	0.00653	0.01006
49	0.01826	0.01470	0.01522	0.01348	0.01730	0.05290	0.01063	0.08150	0.52803	0.09029	0.02554	0.02594	0.01954	0.00921	0.00678	0.00222	0.00578	0.04591	0.00661	0.01015
50	0.10145	0.01134	0.01476	0.01143	0.01643	0.01014	0.00944	0.03092	0.01814	0.66782	0.02443	0.02134	0.01546	0.00796	0.00639	0.00204	0.00556	0.00634	0.00778	0.01083
51	0.01744	0.74576	0.05994	0.01154	0.01732	0.02566	0.01174	0.01975	0.01340	0.01568	0.00925	0.01068	0.00844	0.00565	0.00430	0.00143	0.00714	0.00357	0.00281	0.00849
52	0.01629	0.01564	0.02672	0.04041	0.72757	0.01564	0.02020	0.02020	0.01499	0.02151	0.01238	0.01629	0.01043	0.00587	0.00652	0.00196	0.00782	0.00587	0.00326	0.01043
53	0.00778	0.00667	0.00667	0.00667	0.00889	0.00556	0.00500	0.00945	0.01501	0.01778	0.06669	0.06336	0.72490	0.01667	0.00778	0.00222	0.00333	0.01389	0.00611	0.00556
54	0.00778	0.00667	0.00667	0.00667	0.00889	0.00556	0.00500	0.00945	0.01501	0.01778	0.06669	0.06336	0.72490	0.01667	0.00778	0.00222	0.00333	0.01389	0.00611	0.00556
55	0.01061	0.00758	0.01061	0.01212	0.01364	0.00758	0.01061	0.01364	0.01515	0.01970	0.03486	0.07426	0.03789	0.01819	0.00909	0.00303	0.00606	0.68326	0.00606	0.00606
56	0.00940	0.00705	0.01058	0.01058	0.01176	0.00823	0.00823	0.01176	0.01058	0.01528	0.01763	0.02586	0.01646	0.04937	0.74255	0.01058	0.01763	0.00705	0.00353	0.00588
57	0.01760	0.77260	0.03450	0.01126	0.01690	0.02605	0.01126	0.01971	0.01338	0.01549	0.00915	0.01056	0.00845	0.00563	0.00422	0.00141	0.00704	0.00352	0.00282	0.00845
58	0.01527	0.01732	0.03771	0.02707	0.03350	0.01624	0.67831	0.02065	0.01543	0.02093	0.01415	0.04489	0.01121	0.00610	0.00779	0.00224	0.01083	0.00817	0.00343	0.00875

[dist]
# distance from previous block
# <min> <max>
0	47

[block]
# block no. 2 follows, 33 sequences, length 66
# corresponding to MSA columns:
# 237-302
name=unknown_C
#
# <colnr> <probs for GDERKNQSTAVLIFYWHMCP>
#	G	D	E	R	K	N	Q	S	T	A	V	L	I	F	Y	W	H	M	C	P
0	0.02463	0.03027	0.01875	0.01680	0.02036	0.68045	0.01270	0.08441	0.01971	0.01828	0.01066	0.01221	0.00871	0.00688	0.00599	0.00172	0.01148	0.00438	0.00367	0.00794
1	0.01440	0.01440	0.02016	0.01728	0.01728	0.02016	0.01440	0.01584	0.01008	0.01584	0.00864	0.01440	0.00864	0.01152	0.02160	0.00288	0.75659	0.00576	0.00288	0.00720
2	0.00816	0.00583	0.00780	0.00932	0.00977	0.00547	0.00635	0.00941	0.01274	0.01696	0.03621	0.72746	0.04324	0.02049	0.00844	0.00269	0.00394	0.05424	0.00611	0.00539
3	0.00800	0.00579	0.00757	0.00899	0.00950	0.00536	0.00603	0.00919	0.01277	0.01687	0.03840	0.71559	0.09093	0.02035	0.00836	0.00264	0.00379	0.01838	0.00611	0.00536
4	0.72427	0.01233	0.00991	0.00876	0.01279	0.01402	0.00719	0.02006	0.01185	0.07818	0.01089	0.01213	0.00821	0.00632	0.00427	0.00201	0.00504	0.00389	0.04050	0.00737
5	0.01243	0.01170	0.01975	0.75282	0.04534	0.01463	0.01828	0.01682	0.01316	0.01682	0.01170	0.01755	0.00878	0.00658	0.00658	0.00219	0.00878	0.00585	0.00293	0.00731
6	0.02954	0.01120	0.01528	0.01171	0.01681	0.00968	0.00968	0.03208	0.01884	0.73213	0.02597	0.02241	0.01630	0.00815	0.00662	0.00204	0.00560	0.00662	0.00815	0.01120
7	0.00940	0.00705	0.01058	0.01058	0.01176	0.00823	0.00823	0.01176	0.01058	0.01528	0.01763	0.02586	0.01646	0.04937	0.74255	0.01058	0.01763	0.00705	0.00353	0.00588
8	0.00972	0.00637	0.00712	0.00712	0.00721	0.00637	0.00402	0.00988	0.00980	0.01339	0.02078	0.04209	0.02356	0.72796	0.03196	0.00612	0.00621	0.00939	0.04681	0.00410
9	0.01198	0.00651	0.00724	0.04642	0.00999	0.00676	0.00560	0.01497	0.01340	0.02307	0.02063	0.02481	0.01661	0.03298	0.06289	0.00241	0.00460	0.00629	0.67672	0.00612
10	0.00802	0.00573	0.00764	0.00917	0.00955	0.00535	0.00611	0.00917	0.01260	0.01681	0.03628	0.76434	0.04354	0.02062	0.00840	0.00267	0.00382	0.01872	0.00611	0.00535
11	0.00801	0.00577	0.00760	0.00906	0.00952	0.00536	0.00606	0.00918	0.01271	0.01685	0.03757	0.73470	0.07235	0.02046	0.00838	0.00265	0.00380	0.01851	0.00611	0.00536
12	0.01320	0.03405	0.73453	0.01876	0.02849	0.01529	0.02432	0.02085	0.01390	0.02085	0.01181	0.01390	0.00834	0.00625	0.00625	0.00208	0.00973	0.00486	0.00278	0.00973
13	0.81514	0.01273	0.00968	0.00866	0.01273	0.01477	0.00713	0.01935	0.01120	0.02954	0.00917	0.01069	0.00713	0.00611	0.00407	0.00204	0.00509	0.00356	0.00407	0.00713
14	0.01809	0.72104	0.03340	0.01166	0.01714	0.07586	0.01137	0.02017	0.01374	0.01553	0.00922	0.01065	0.00845	0.00571	0.00434	0.00143	0.00738	0.00357	0.00286	0.00839
15	0.01629	0.01564	0.02672	0.04041	0.72757	0.01564	0.02020	0.02020	0.01499	0.02151	0.01238	0.01629	0.01043	0.00587	0.00652	0.00196	0.00782	0.00587	0.00326	0.01043
16	0.01041	0.00751	0.01033	0.01174	0.01331	0.00744	0.01022	0.01335	0.01514	0.01957	0.03707	0.07350	0.08567	0.01808	0.00900	0.00297	0.00587	0.63670	0.00607	0.00603
17	0.01513	0.27304	0.48528	0.01611	0.02437	0.01861	0.01964	0.02082	0.01388	0.04093	0.01138	0.01308	0.00862	0.00611	0.00561	0.00186	0.00873	0.00448	0.00296	0.00936
18	0.01554	0.01776	0.03885	0.02775	0.03441	0.01665	0.70366	0.02109	0.01554	0.02109	0.01332	0.01776	0.00999	0.00555	0.00777	0.00222	0.01110	0.00777	0.00333	0.00888
19	0.02954	0.01120	0.01528	0.01171	0.01681	0.00968	0.00968	0.03208	0.01884	0.73213	0.02597	0.02241	0.01630	0.00815	0.00662	0.00204	0.00560	0.00662	0.00815	0.01120
20	0.01737	0.73312	0.07191	0.01167	0.01752	0.02547	0.01196	0.01977	0.01340	0.01578	0.00929	0.01074	0.00844	0.00567	0.00433	0.00144	0.00718	0.00359	0.00281	0.00852
21	0.02632	0.01210	0.01485	0.01184	0.01648	0.04128	0.00961	0.03073	0.10197	0.56937	0.04489	0.02463	0.04755	0.00868	0.00668	0.00205	0.00566	0.00706	0.00766	0.01059
22	0.01554	0.01776	0.03885	0.02775	0.03441	0.01665	0.70366	0.02109	0.01554	0.02109	0.01332	0.01776	0.00999	0.00555	0.00777	0.00222	0.01110	0.00777	0.00333	0.00888
23	0.00957	0.00638	0.00718	0.00718	0.00718	0.00638	0.00399	0.00957	0.00957	0.01276	0.02074	0.04308	0.02393	0.76864	0.03351	0.00638	0.00638	0.00957	0.00399	0.00399
24	0.02459	0.03138	0.01866	0.01696	0.02035	0.74221	0.01272	0.02629	0.01866	0.01611	0.01018	0.01187	0.00848	0.00678	0.00594	0.00170	0.01187	0.00424	0.00339	0.00763
25	0.00957	0.00638	0.00718	0.00718	0.00718	0.00638	0.00399	0.00957	0.00957	0.01276	0.02074	0.04308	0.02393	0.76864	0.03351	0.00638	0.00638	0.00957	0.00399	0.00399
26	0.00932	0.00673	0.00880	0.00828	0.00984	0.00621	0.00621	0.01242	0.01863	0.02640	0.72410	0.04918	0.06212	0.01346	0.00776	0.00207	0.00311	0.01191	0.00725	0.00621
27	0.00802	0.00573	0.00764	0.00917	0.00955	0.00535	0.00611	0.00917	0.01260	0.01681	0.03628	0.76434	0.04354	0.02062	0.00840	0.00267	0.00382	0.01872	0.00611	0.00535
28	0.02461	0.03092	0.01869	0.01690	0.02035	0.71665	0.01271	0.05035	0.01909	0.01701	0.01038	0.01201	0.00858	0.00682	0.00596	0.00171	0.01171	0.00430	0.00351	0.00776
29	0.01554	0.01776	0.03885	0.02775	0.03441	0.01665	0.70366	0.02109	0.01554	0.02109	0.01332	0.01776	0.00999	0.00555	0.00777	0.00222	0.01110	0.00777	0.00333	0.00888
30	0.02503	0.01844	0.01976	0.01515	0.02042	0.02042	0.01251	0.70562	0.03095	0.04149	0.01581	0.01581	0.01120	0.00790	0.00659	0.00198	0.00724	0.00593	0.00659	0.01120
31	0.01390	0.01208	0.01465	0.01064	0.01638	0.00955	0.03328	0.01793	0.05899	0.02183	0.01273	0.01450	0.01043	0.00516	0.00510	0.00110	0.00512	0.00427	0.00406	0.72829
32	0.09227	0.02696	0.01800	0.01579	0.01962	0.53266	0.01213	0.14660	0.02021	0.04050	0.01150	0.01275	0.00905	0.00696	0.00591	0.00178	0.01031	0.00454	0.00414	0.00832
33	0.02463	0.03027	0.01875	0.01681	0.02036	0.68060	0.01270	0.08427	0.01971	0.01828	0.01066	0.01221	0.00871	0.00688	0.00599	0.00172	0.01148	0.00438	0.00366	0.00794
34	0.00800	0.00668	0.00697	0.00690	0.00903	0.00565	0.00517	0.00987	0.01552	0.01900	0.15938	0.06136	0.63146	0.01622	0.00778	0.00220	0.00330	0.01361	0.00627	0.00565
35	0.01365	0.01170	0.01365	0.00975	0.01560	0.00878	0.00780	0.01658	0.01365	0.02145	0.01170	0.01365	0.00975	0.00488	0.00488	0.00098	0.00488	0.00390	0.00390	0.80888
36	0.02560	0.01752	0.01918	0.01471	0.01995	0.01904	0.01215	0.61957	0.02941	0.12972	0.01710	0.01665	0.01185	0.00793	0.00659	0.00198	0.00703	0.00602	0.00679	0.01120
37	0.00836	0.00627	0.00903	0.00999	0.01066	0.00585	0.03719	0.00970	0.01273	0.01700	0.03526	0.73108	0.04205	0.01995	0.00837	0.00265	0.00414	0.01823	0.00599	0.00550
38	0.00801	0.00577	0.00760	0.00906	0.00952	0.00536	0.00606	0.00918	0.01271	0.01685	0.03764	0.73311	0.07390	0.02045	0.00838	0.00265	0.00380	0.01850	0.00611	0.00536
39	0.81514	0.01273	0.00968	0.00866	0.01273	0.01477	0.00713	0.01935	0.01120	0.02954	0.00917	0.01069	0.00713	0.00611	0.00407	0.00204	0.00509	0.00356	0.00407	0.00713
40	0.01629	0.01564	0.02672	0.04041	0.72757	0.01564	0.02020	0.02020	0.01499	0.02151	0.01238	0.01629	0.01043	0.00587	0.00652	0.00196	0.00782	0.00587	0.00326	0.01043
41	0.02954	0.01120	0.01528	0.01171	0.01681	0.00968	0.00968	0.03208	0.01884	0.73213	0.02597	0.02241	0.01630	0.00815	0.00662	0.00204	0.00560	0.00662	0.00815	0.01120
42	0.01227	0.00614	0.00614	0.00614	0.00767	0.00614	0.00460	0.01534	0.01381	0.02454	0.02148	0.02454	0.01687	0.00767	0.00460	0.00153	0.00307	0.00614	0.80518	0.00614
43	0.00779	0.00663	0.00671	0.00677	0.00892	0.00555	0.00505	0.00944	0.01490	0.01774	0.06540	0.09308	0.69601	0.01684	0.00781	0.00224	0.00336	0.01410	0.00611	0.00555
44	0.02935	0.01151	0.01547	0.01186	0.01696	0.01013	0.00980	0.06064	0.01936	0.70285	0.02554	0.02213	0.01608	0.00814	0.00662	0.00203	0.00567	0.00659	0.00808	0.01120
45	0.00952	0.00660	0.00826	0.00826	0.00864	0.00697	0.00534	0.01027	0.00989	0.01357	0.01975	0.03759	0.02155	0.53923	0.25966	0.00772	0.00997	0.00877	0.00384	0.00459
46	0.09207	0.02978	0.01789	0.01625	0.01970	0.68012	0.01224	0.02570	0.01802	0.01726	0.01009	0.01177	0.00836	0.00673	0.00578	0.00173	0.01129	0.00418	0.00345	0.00759
47	0.01542	0.01475	0.02514	0.20180	0.57301	0.01541	0.01977	0.01944	0.01458	0.02045	0.01223	0.01658	0.01005	0.00603	0.00653	0.00201	0.00804	0.00586	0.00318	0.00972
48	0.01629	0.01564	0.02672	0.04041	0.72757	0.01564	0.02020	0.02020	0.01499	0.02151	0.01238	0.01629	0.01043	0.00587	0.00652	0.00196	0.00782	0.00587	0.00326	0.01043
49	0.01760	0.77260	0.03450	0.01126	0.01690	0.02605	0.01126	0.01971	0.01338	0.01549	0.00915	0.01056	0.00845	0.00563	0.00422	0.00141	0.00704	0.00352	0.00282	0.00845
50	0.00945	0.00689	0.00974	0.00974	0.01063	0.00777	0.00719	0.01122	0.01033	0.01466	0.01840	0.03010	0.01830	0.22624	0.56819	0.00955	0.01487	0.00767	0.00364	0.00541
51	0.01243	0.01170	0.01975	0.75282	0.04534	0.01463	0.01828	0.01682	0.01316	0.01682	0.01170	0.01755	0.00878	0.00658	0.00658	0.00219	0.00878	0.00585	0.00293	0.00731
52	0.74457	0.01259	0.01018	0.00893	0.01310	0.01431	0.00736	0.02050	0.01189	0.09265	0.01068	0.01175	0.00795	0.00629	0.00430	0.00204	0.00514	0.00384	0.00444	0.00750
53	0.02934	0.01153	0.01548	0.01187	0.01697	0.01015	0.00980	0.06209	0.01938	0.70136	0.02552	0.02211	0.01607	0.00814	0.00662	0.00203	0.00567	0.00659	0.00808	0.01120
54	0.00824	0.00589	0.00789	0.00942	0.00990	0.00554	0.00650	0.00955	0.01282	0.01705	0.03616	0.70530	0.04306	0.02042	0.00846	0.00270	0.00401	0.07558	0.00611	0.00541
55	0.02806	0.01153	0.01523	0.01190	0.01684	0.01043	0.00976	0.03241	0.09677	0.65333	0.02606	0.02265	0.01672	0.00824	0.00663	0.00206	0.00556	0.00671	0.00799	0.01112
56	0.00957	0.00638	0.00718	0.00718	0.00718	0.00638	0.00399	0.00957	0.00957	0.01276	0.02074	0.04308	0.02393	0.76864	0.03351	0.00638	0.00638	0.00957	0.00399	0.00399
57	0.00940	0.00705	0.01058	0.01058	0.01176	0.00823	0.00823	0.01176	0.01058	0.01528	0.01763	0.02586	0.01646	0.04937	0.74255	0.01058	0.01763	0.00705	0.00353	0.00588
58	0.01586	0.01520	0.02594	0.12008	0.65127	0.01553	0.01999	0.01983	0.01479	0.02098	0.01231	0.01643	0.01024	0.00595	0.00652	0.00198	0.00793	0.00586	0.00322	0.01008
59	0.01629	0.01564	0.02672	0.04041	0.72757	0.01564	0.02020	0.02020	0.01499	0.02151	0.01238	0.01629	0.01043	0.00587	0.00652	0.00196	0.00782	0.00587	0.00326	0.01043
60	0.02813	0.01089	0.01483	0.01147	0.01632	0.00943	0.00943	0.03072	0.01883	0.68305	0.07453	0.02427	0.01948	0.00852	0.00670	0.00204	0.00543	0.00699	0.00809	0.01086
61	0.00802	0.00573	0.00764	0.00917	0.00955	0.00535	0.00611	0.00917	0.01260	0.01681	0.03628	0.76434	0.04354	0.02062	0.00840	0.00267	0.00382	0.01872	0.00611	0.00535
62	0.01243	0.01170	0.01975	0.75282	0.04534	0.01463	0.01828	0.01682	0.01316	0.01682	0.01170	0.01755	0.00878	0.00658	0.00658	0.00219	0.00878	0.00585	0.00293	0.00731
63	0.01626	0.01352	0.01433	0.01287	0.01654	0.01538	0.01002	0.03310	0.64160	0.05249	0.02954	0.02718	0.06898	0.00944	0.00677	0.00223	0.00509	0.00786	0.00671	0.01011
64	0.02463	0.03027	0.01875	0.01681	0.02036	0.68060	0.01270	0.08427	0.01971	0.01828	0.01066	0.01221	0.00871	0.00688	0.00599	0.00172	0.01148	0.00438	0.00366	0.00794
65	0.01365	0.01170	0.01365	0.00975	0.01560	0.00878	0.00780	0.01658	0.01365	0.02145	0.01170	0.01365	0.00975	0.00488	0.00488	0.00098	0.00488	0.00390	0.00390	0.80888

[dist]
# distance from previous block
# <min> <max>
0	1

[block]
# block no. 3 follows, 33 sequences, length 52
# corresponding to MSA columns:
# 304-355
name=unknown_D
#
# <colnr> <probs for GDERKNQSTAVLIFYWHMCP>
#	G	D	E	R	K	N	Q	S	T	A	V	L	I	F	Y	W	H	M	C	P
0	0.02369	0.05342	0.02080	0.01810	0.05207	0.54778	0.05994	0.06682	0.01885	0.06177	0.01175	0.01330	0.00931	0.00677	0.00611	0.00177	0.01081	0.00477	0.00384	0.00830
1	0.01312	0.00695	0.00704	0.00673	0.00851	0.00708	0.00513	0.06103	0.01494	0.02567	0.02110	0.02397	0.01650	0.00769	0.00473	0.00156	0.00334	0.00612	0.75233	0.00647
2	0.01365	0.01170	0.01365	0.00975	0.01560	0.00878	0.00780	0.01658	0.01365	0.02145	0.01170	0.01365	0.00975	0.00488	0.00488	0.00098	0.00488	0.00390	0.00390	0.80888
3	0.08722	0.01132	0.01487	0.01149	0.01651	0.01005	0.00949	0.03115	0.01828	0.68055	0.02474	0.02155	0.01562	0.00800	0.00643	0.00204	0.00556	0.00640	0.00785	0.01090
4	0.02565	0.06741	0.03439	0.01282	0.01753	0.13875	0.01064	0.04914	0.06107	0.44737	0.05218	0.02068	0.01631	0.00797	0.00638	0.00195	0.00680	0.00621	0.00665	0.01009
5	0.00923	0.00666	0.00872	0.00834	0.00982	0.00615	0.00621	0.01221	0.01824	0.02576	0.67857	0.09651	0.06089	0.01393	0.00781	0.00211	0.00315	0.01236	0.00717	0.00615
6	0.01243	0.01170	0.01975	0.75282	0.04534	0.01463	0.01828	0.01682	0.01316	0.01682	0.01170	0.01755	0.00878	0.00658	0.00658	0.00219	0.00878	0.00585	0.00293	0.00731
7	0.00831	0.00606	0.00786	0.00901	0.00979	0.00561	0.00631	0.00985	0.01367	0.01813	0.11277	0.56703	0.11751	0.01928	0.00832	0.00259	0.00384	0.06233	0.00623	0.00551
8	0.81514	0.01273	0.00968	0.00866	0.01273	0.01477	0.00713	0.01935	0.01120	0.02954	0.00917	0.01069	0.00713	0.00611	0.00407	0.00204	0.00509	0.00356	0.00407	0.00713
9	0.01061	0.00758	0.01061	0.01212	0.01364	0.00758	0.01061	0.01364	0.01515	0.01970	0.03486	0.07426	0.03789	0.01819	0.00909	0.00303	0.00606	0.68326	0.00606	0.00606
10	0.73170	0.01257	0.01027	0.00898	0.01316	0.01423	0.00740	0.02070	0.01201	0.10416	0.01095	0.01194	0.00810	0.00633	0.00434	0.00204	0.00515	0.00389	0.00451	0.00756
11	0.01440	0.01440	0.02016	0.01728	0.01728	0.02016	0.01440	0.01584	0.01008	0.01584	0.00864	0.01440	0.00864	0.01152	0.02160	0.00288	0.75659	0.00576	0.00288	0.00720
12	0.01227	0.00614	0.00614	0.00614	0.00767	0.00614	0.00460	0.01534	0.01381	0.02454	0.02148	0.02454	0.01687	0.00767	0.00460	0.00153	0.00307	0.00614	0.80518	0.00614
13	0.00957	0.00638	0.00718	0.00718	0.00718	0.00638	0.00399	0.00957	0.00957	0.01276	0.02074	0.04308	0.02393	0.76864	0.03351	0.00638	0.00638	0.00957	0.00399	0.00399
14	0.00962	0.00691	0.00942	0.01070	0.01190	0.00671	0.00866	0.01204	0.01470	0.01940	0.10157	0.28167	0.06170	0.01844	0.00872	0.00281	0.00502	0.39798	0.00619	0.00584
15	0.01629	0.01564	0.02672	0.04041	0.72757	0.01564	0.02020	0.02020	0.01499	0.02151	0.01238	0.01629	0.01043	0.00587	0.00652	0.00196	0.00782	0.00587	0.00326	0.01043
16	0.00855	0.00610	0.00824	0.00977	0.01038	0.00580	0.00702	0.01007	0.01312	0.01739	0.03599	0.62440	0.04239	0.02013	0.00854	0.00275	0.00427	0.15348	0.00610	0.00549
17	0.28408	0.07508	0.01685	0.01374	0.01761	0.41267	0.01077	0.06261	0.01655	0.02194	0.01010	0.01162	0.00819	0.00655	0.00524	0.00180	0.00905	0.00407	0.00376	0.00773
18	0.02459	0.03138	0.01866	0.01696	0.02035	0.74221	0.01272	0.02629	0.01866	0.01611	0.01018	0.01187	0.00848	0.00678	0.00594	0.00170	0.01187	0.00424	0.00339	0.00763
19	0.01492	0.01490	0.02837	0.07101	0.02810	0.01393	0.40449	0.01927	0.01468	0.04547	0.01437	0.05819	0.01188	0.00662	0.00754	0.00197	0.03753	0.00722	0.00374	0.19582
20	0.01417	0.21983	0.52945	0.01646	0.02484	0.01766	0.02032	0.02024	0.01395	0.01971	0.03862	0.01442	0.01044	0.00638	0.00580	0.00191	0.00879	0.00480	0.00296	0.00927
21	0.01629	0.01564	0.02672	0.04041	0.72757	0.01564	0.02020	0.02020	0.01499	0.02151	0.01238	0.01629	0.01043	0.00587	0.00652	0.00196	0.00782	0.00587	0.00326	0.01043
22	0.02954	0.01120	0.01528	0.01171	0.01681	0.00968	0.00968	0.03208	0.01884	0.73213	0.02597	0.02241	0.01630	0.00815	0.00662	0.00204	0.00560	0.00662	0.00815	0.01120
23	0.01379	0.01309	0.02220	0.50196	0.28557	0.01498	0.01896	0.01801	0.01381	0.01847	0.01194	0.01711	0.00936	0.00633	0.00656	0.00211	0.00844	0.00586	0.00304	0.00841
24	0.00891	0.00642	0.00903	0.01000	0.01083	0.00609	0.03143	0.01059	0.01312	0.01786	0.03427	0.59804	0.03980	0.01889	0.00821	0.00263	0.00432	0.10341	0.06053	0.00562
25	0.02954	0.01120	0.01528	0.01171	0.01681	0.00968	0.00968	0.03208	0.01884	0.73213	0.02597	0.02241	0.01630	0.00815	0.00662	0.00204	0.00560	0.00662	0.00815	0.01120
26	0.00956	0.00645	0.00754	0.00754	0.00767	0.00658	0.00444	0.00981	0.00968	0.01303	0.02041	0.04124	0.02314	0.69193	0.10913	0.00683	0.00758	0.00930	0.00394	0.00419
27	0.01379	0.03015	0.57309	0.02170	0.07715	0.01553	0.13452	0.02084	0.01424	0.02093	0.01210	0.01469	0.00875	0.00611	0.00652	0.00210	0.00982	0.00541	0.00290	0.00964
28	0.01243	0.01170	0.01975	0.75282	0.04534	0.01463	0.01828	0.01682	0.01316	0.01682	0.01170	0.01755	0.00878	0.00658	0.00658	0.00219	0.00878	0.00585	0.00293	0.00731
29	0.02937	0.01146	0.01544	0.01184	0.01694	0.01006	0.00978	0.05634	0.01928	0.70726	0.02561	0.02217	0.01611	0.00814	0.00662	0.00203	0.00566	0.00660	0.00809	0.01120
30	0.00801	0.00577	0.00760	0.00906	0.00952	0.00536	0.00606	0.00918	0.01271	0.01685	0.03762	0.73352	0.07350	0.02045	0.00838	0.00265	0.00380	0.01850	0.00611	0.00536
31	0.01575	0.14165	0.16517	0.02273	0.02957	0.01813	0.42491	0.04534	0.01530	0.02075	0.01234	0.01574	0.00945	0.00593	0.00724	0.00207	0.02925	0.00644	0.00325	0.00901
32	0.00802	0.00573	0.00764	0.00917	0.00955	0.00535	0.00611	0.00917	0.01260	0.01681	0.03628	0.76434	0.04354	0.02062	0.00840	0.00267	0.00382	0.01872	0.00611	0.00535
33	0.01765	0.72708	0.05732	0.01167	0.01738	0.04595	0.01174	0.01994	0.01354	0.01568	0.00927	0.01071	0.00845	0.00569	0.00434	0.00144	0.00727	0.00359	0.00283	0.00847
34	0.15136	0.01631	0.06622	0.01351	0.01913	0.05763	0.08388	0.13114	0.01683	0.06055	0.01273	0.01428	0.00972	0.00602	0.00557	0.00162	0.00675	0.00480	0.00441	0.31754
35	0.01725	0.01821	0.03383	0.02767	0.13532	0.06550	0.49300	0.06329	0.01670	0.04273	0.01349	0.01716	0.01021	0.00590	0.00735	0.00212	0.01027	0.00710	0.00366	0.00923
36	0.01363	0.00745	0.00759	0.00710	0.00903	0.00766	0.00545	0.08896	0.01563	0.02635	0.02087	0.02361	0.01627	0.00769	0.00481	0.00158	0.00351	0.00611	0.72001	0.00668
37	0.00932	0.00673	0.00880	0.00828	0.00984	0.00621	0.00621	0.01242	0.01863	0.02640	0.72410	0.04918	0.06212	0.01346	0.00776	0.00207	0.00311	0.01191	0.00725	0.00621
38	0.81514	0.01273	0.00968	0.00866	0.01273	0.01477	0.00713	0.01935	0.01120	0.02954	0.00917	0.01069	0.00713	0.00611	0.00407	0.00204	0.00509	0.00356	0.00407	0.00713
39	0.02954	0.01120	0.01528	0.01171	0.01681	0.00968	0.00968	0.03208	0.01884	0.73213	0.02597	0.02241	0.01630	0.00815	0.00662	0.00204	0.00560	0.00662	0.00815	0.01120
40	0.00802	0.00573	0.00764	0.00917	0.00955	0.00535	0.00611	0.00917	0.01260	0.01681	0.03628	0.76434	0.04354	0.02062	0.00840	0.00267	0.00382	0.01872	0.00611	0.00535
41	0.00905	0.00672	0.00843	0.00800	0.00967	0.00610	0.00600	0.01191	0.01800	0.02490	0.60990	0.05164	0.17725	0.01402	0.00777	0.00210	0.00315	0.01225	0.00705	0.00610
42	0.81514	0.01273	0.00968	0.00866	0.01273	0.01477	0.00713	0.01935	0.01120	0.02954	0.00917	0.01069	0.00713	0.00611	0.00407	0.00204	0.00509	0.00356	0.00407	0.00713
43	0.00802	0.00573	0.00764	0.00917	0.00955	0.00535	0.00611	0.00917	0.01260	0.01681	0.03628	0.76434	0.04354	0.02062	0.00840	0.00267	0.00382	0.01872	0.00611	0.00535
44	0.02812	0.01348	0.01669	0.01279	0.01794	0.01305	0.01057	0.24377	0.02265	0.51507	0.02278	0.02033	0.01469	0.00807	0.00661	0.00202	0.00612	0.00640	0.00766	0.01120
45	0.00825	0.00669	0.00732	0.00716	0.00918	0.00576	0.00537	0.01035	0.01611	0.02040	0.26599	0.05906	0.52397	0.01570	0.00778	0.00218	0.00327	0.01329	0.00646	0.00576
46	0.00802	0.00573	0.00764	0.00917	0.00955	0.00535	0.00611	0.00917	0.01260	0.01681	0.03628	0.76434	0.04354	0.02062	0.00840	0.00267	0.00382	0.01872	0.00611	0.00535
47	0.01603	0.01555	0.02706	0.07995	0.64678	0.01565	0.06169	0.02007	0.01492	0.02122	0.01240	0.01645	0.01031	0.00589	0.00660	0.00198	0.00807	0.00598	0.00324	0.01016
48	0.00802	0.00573	0.00764	0.00917	0.00955	0.00535	0.00611	0.00917	0.01260	0.01681	0.03628	0.76434	0.04354	0.02062	0.00840	0.00267	0.00382	0.01872	0.00611	0.00535
49	0.02459	0.03138	0.01866	0.01696	0.02035	0.74221	0.01272	0.02629	0.01866	0.01611	0.01018	0.01187	0.00848	0.00678	0.00594	0.00170	0.01187	0.00424	0.00339	0.00763
50	0.01214	0.01434	0.09909	0.01950	0.06244	0.01167	0.29715	0.01598	0.01422	0.01933	0.02453	0.29405	0.06224	0.01180	0.00777	0.00236	0.00766	0.01172	0.00444	0.00757
51	0.01411	0.01504	0.02967	0.02230	0.02651	0.01544	0.44519	0.01800	0.01374	0.01903	0.01534	0.09812	0.01424	0.06040	0.01234	0.00268	0.15779	0.00866	0.00358	0.00784

[dist]
# distance from previous block
# <min> <max>
0	9

[block]
# block no. 4 follows, 33 sequences, length 42
# corresponding to MSA columns:
# 365-406
name=unknown_E
#
# <colnr> <probs for GDERKNQSTAVLIFYWHMCP>
#	G	D	E	R	K	N	Q	S	T	A	V	L	I	F	Y	W	H	M	C	P
0	0.01443	0.02441	0.33258	0.02103	0.02810	0.06649	0.27807	0.02021	0.01445	0.01992	0.01298	0.01667	0.00996	0.01130	0.09679	0.00315	0.01136	0.00618	0.00312	0.00879
1	0.01459	0.01502	0.10228	0.01132	0.01760	0.01058	0.01023	0.07701	0.01519	0.02312	0.01207	0.01387	0.00970	0.00531	0.00519	0.00120	0.00567	0.00419	0.00400	0.64186
2	0.01606	0.27907	0.41450	0.01605	0.02365	0.10770	0.01857	0.02114	0.01431	0.01849	0.01073	0.01254	0.00839	0.00611	0.00554	0.00181	0.00910	0.00434	0.00287	0.00905
3	0.02437	0.08382	0.02100	0.01487	0.02011	0.04209	0.01241	0.62655	0.02908	0.03850	0.01507	0.01524	0.01088	0.00767	0.00636	0.00192	0.00736	0.00567	0.00617	0.01085
4	0.01299	0.01432	0.01038	0.00986	0.01244	0.23365	0.00739	0.01466	0.01614	0.01727	0.04919	0.04741	0.50307	0.01361	0.00721	0.00206	0.00598	0.01090	0.00527	0.00620
5	0.01415	0.01345	0.02284	0.43643	0.34833	0.01508	0.01914	0.01832	0.01397	0.01890	0.01200	0.01699	0.00951	0.00626	0.00655	0.00209	0.00835	0.00586	0.00307	0.00870
6	0.01631	0.13991	0.01712	0.01226	0.01560	0.05247	0.02779	0.06730	0.13619	0.10571	0.02508	0.13850	0.04833	0.01421	0.06001	0.00280	0.00695	0.09976	0.00552	0.00819
7	0.74683	0.01260	0.01016	0.00892	0.01309	0.01433	0.00735	0.02046	0.01187	0.09063	0.01063	0.01171	0.00793	0.00629	0.00430	0.00204	0.00514	0.00383	0.00443	0.00748
8	0.00913	0.00672	0.00854	0.00809	0.00972	0.00613	0.00606	0.01206	0.01819	0.02535	0.64376	0.05091	0.14312	0.01385	0.00777	0.00209	0.00313	0.01215	0.00711	0.00613
9	0.01477	0.01661	0.03547	0.04797	0.03252	0.01562	0.62206	0.01995	0.01542	0.02067	0.01791	0.02172	0.07211	0.00655	0.00773	0.00222	0.01035	0.00824	0.00356	0.00854
10	0.01061	0.00758	0.01061	0.01212	0.01364	0.00758	0.01061	0.01364	0.01515	0.01970	0.03486	0.07426	0.03789	0.01819	0.00909	0.00303	0.00606	0.68326	0.00606	0.00606
11	0.00826	0.00583	0.00757	0.00886	0.00918	0.00551	0.00578	0.00923	0.01213	0.01618	0.03387	0.65218	0.04049	0.13694	0.01231	0.00325	0.00422	0.01729	0.00578	0.00514
12	0.02558	0.01756	0.01921	0.01473	0.01997	0.01910	0.01217	0.62331	0.02947	0.12589	0.01705	0.01661	0.01182	0.00793	0.00659	0.00198	0.00704	0.00601	0.00678	0.01120
13	0.01595	0.01503	0.02409	0.10122	0.54533	0.01567	0.01838	0.02238	0.13283	0.02209	0.01475	0.01780	0.01190	0.00645	0.00655	0.00202	0.00747	0.00613	0.00381	0.01014
14	0.02954	0.01120	0.01528	0.01171	0.01681	0.00968	0.00968	0.03208	0.01884	0.73213	0.02597	0.02241	0.01630	0.00815	0.00662	0.00204	0.00560	0.00662	0.00815	0.01120
15	0.00940	0.00705	0.01058	0.01058	0.01176	0.00823	0.00823	0.01176	0.01058	0.01528	0.01763	0.02586	0.01646	0.04937	0.74255	0.01058	0.01763	0.00705	0.00353	0.00588
16	0.01834	0.01588	0.01561	0.04785	0.01879	0.10442	0.01100	0.03283	0.53745	0.08691	0.02399	0.02250	0.01782	0.00849	0.00659	0.00215	0.00622	0.00691	0.00625	0.01000
17	0.00778	0.00667	0.00667	0.00667	0.00889	0.00556	0.00500	0.00945	0.01501	0.01778	0.06669	0.06336	0.72490	0.01667	0.00778	0.00222	0.00333	0.01389	0.00611	0.00556
18	0.01744	0.74481	0.06083	0.01155	0.01733	0.02564	0.01176	0.01976	0.01340	0.01569	0.00925	0.01069	0.00844	0.00566	0.00430	0.00143	0.00714	0.00357	0.00281	0.00850
19	0.02190	0.01815	0.02092	0.01608	0.02129	0.07290	0.09635	0.45413	0.04501	0.03380	0.01546	0.01741	0.01169	0.00751	0.00656	0.00191	0.00771	0.02503	0.00563	0.10057
20	0.01883	0.01477	0.01677	0.01591	0.07942	0.01648	0.01157	0.14669	0.48632	0.08281	0.02362	0.02220	0.01746	0.00843	0.00666	0.00215	0.00581	0.00699	0.00649	0.01061
21	0.02432	0.06217	0.01939	0.01662	0.02021	0.67203	0.01265	0.06341	0.01911	0.01748	0.01044	0.01203	0.00863	0.00680	0.00590	0.00170	0.01141	0.00430	0.00354	0.00786
22	0.01439	0.01168	0.01373	0.00984	0.01566	0.00882	0.00789	0.01729	0.01389	0.05429	0.01236	0.01406	0.01005	0.00503	0.00496	0.00102	0.00491	0.00403	0.00410	0.77203
23	0.01061	0.00758	0.01061	0.01212	0.01364	0.00758	0.01061	0.01364	0.01515	0.01970	0.03486	0.07426	0.03789	0.01819	0.00909	0.00303	0.00606	0.68326	0.00606	0.00606
24	0.00932	0.00673	0.00880	0.00828	0.00984	0.00621	0.00621	0.01242	0.01863	0.02640	0.72410	0.04918	0.06212	0.01346	0.00776	0.00207	0.00311	0.01191	0.00725	0.00621
25	0.00802	0.00573	0.00764	0.00917	0.00955	0.00535	0.00611	0.00917	0.01260	0.01681	0.03628	0.76434	0.04354	0.02062	0.00840	0.00267	0.00382	0.01872	0.00611	0.00535
26	0.02459	0.03138	0.01866	0.01696	0.02035	0.74221	0.01272	0.02629	0.01866	0.01611	0.01018	0.01187	0.00848	0.00678	0.00594	0.00170	0.01187	0.00424	0.00339	0.00763
27	0.01440	0.01440	0.02016	0.01728	0.01728	0.02016	0.01440	0.01584	0.01008	0.01584	0.00864	0.01440	0.00864	0.01152	0.02160	0.00288	0.75659	0.00576	0.00288	0.00720
28	0.00802	0.00573	0.00764	0.00917	0.00955	0.00535	0.00611	0.00917	0.01260	0.01681	0.03628	0.76434	0.04354	0.02062	0.00840	0.00267	0.00382	0.01872	0.00611	0.00535
29	0.02954	0.01120	0.01528	0.01171	0.01681	0.00968	0.00968	0.03208	0.01884	0.73213	0.02597	0.02241	0.01630	0.00815	0.00662	0.00204	0.00560	0.00662	0.00815	0.01120
30	0.02429	0.06288	0.01933	0.01672	0.02021	0.71177	0.01266	0.02601	0.01843	0.01609	0.01013	0.01182	0.00848	0.00674	0.00586	0.00168	0.01167	0.00421	0.00337	0.00767
