[name]
unknown

[dist]
# distance from previous block
# <min> <max>
0	162

[block]
# block no. 0 follows, 33 sequences, length 9
# corresponding to MSA columns:
# 184-192
name=unknown_A
#
# <colnr> <probs for GDERKNQSTAVLIFYWHMCP>
#	G	D	E	R	K	N	Q	S	T	A	V	L	I	F	Y	W	H	M	C	P
0	0.01560	0.12720	0.10105	0.03941	0.10846	0.03353	0.05075	0.01917	0.01528	0.10139	0.06213	0.03129	0.04161	0.00949	0.00670	0.00208	0.00689	0.14466	0.03300	0.05031
1	0.05995	0.14188	0.24831	0.01375	0.01961	0.06127	0.01422	0.04503	0.08289	0.09029	0.01982	0.07024	0.06556	0.00840	0.00610	0.00197	0.00724	0.00658	0.00443	0.03246
2	0.12645	0.07086	0.17574	0.01462	0.04423	0.04566	0.03483	0.10042	0.13957	0.04599	0.02092	0.02123	0.09122	0.00802	0.00611	0.00201	0.00690	0.00630	0.00471	0.03420
3	0.00957	0.00638	0.00718	0.00718	0.00718	0.00638	0.00399	0.00957	0.00957	0.01276	0.02074	0.04308	0.02393	0.76864	0.03351	0.00638	0.00638	0.00957	0.00399	0.00399
4	0.01629	0.01564	0.02672	0.04041	0.72757	0.01564	0.02020	0.02020	0.01499	0.02151	0.01238	0.01629	0.01043	0.00587	0.00652	0.00196	0.00782	0.00587	0.00326	0.01043
5	0.01435	0.01320	0.02105	0.03002	0.49096	0.01318	0.01578	0.01895	0.06385	0.02252	0.14781	0.02657	0.07669	0.00831	0.00686	0.00202	0.00643	0.00771	0.00445	0.00927
6	0.01365	0.01170	0.01365	0.00975	0.01560	0.00878	0.00780	0.01658	0.01365	0.02145	0.01170	0.01365	0.00975	0.00488	0.00488	0.00098	0.00488	0.00390	0.00390	0.80888
7	0.01524	0.01230	0.01493	0.01292	0.01565	0.06411	0.06899	0.07496	0.12566	0.08851	0.13156	0.17139	0.06398	0.04648	0.00951	0.00245	0.05745	0.01022	0.00585	0.00783
8	0.01008	0.00769	0.00978	0.01065	0.04073	0.00730	0.00732	0.04331	0.03557	0.02009	0.12364	0.40436	0.10644	0.04256	0.00874	0.00252	0.00433	0.05338	0.00597	0.05553

[dist]
# distance from previous block
# <min> <max>
0	1

[block]
# block no. 1 follows, 33 sequences, length 11
# corresponding to MSA columns:
# 194-204
name=unknown_B
#
# <colnr> <probs for GDERKNQSTAVLIFYWHMCP>
#	G	D	E	R	K	N	Q	S	T	A	V	L	I	F	Y	W	H	M	C	P
0	0.05342	0.08736	0.01349	0.01003	0.01301	0.00983	0.04927	0.01431	0.03931	0.01989	0.08364	0.18782	0.16202	0.04250	0.00778	0.00217	0.00485	0.02685	0.04138	0.13106
1	0.17168	0.01128	0.04357	0.00984	0.01359	0.01024	0.00809	0.01861	0.11379	0.07607	0.06858	0.11015	0.16099	0.01059	0.00630	0.00199	0.00472	0.00868	0.00548	0.14575
2	0.19348	0.01338	0.01619	0.08579	0.18169	0.04688	0.01200	0.06911	0.05230	0.07658	0.04983	0.08728	0.04090	0.00854	0.00619	0.00205	0.00630	0.00708	0.00476	0.03968
3	0.04929	0.01112	0.01466	0.05186	0.06768	0.01023	0.05118	0.07336	0.01573	0.02267	0.08872	0.10825	0.12157	0.00964	0.00645	0.00179	0.00538	0.00837	0.00488	0.27720
4	0.14260	0.01301	0.04408	0.14063	0.17741	0.01277	0.01296	0.02041	0.07364	0.10429	0.01951	0.07364	0.05682	0.00821	0.00624	0.00203	0.00634	0.00694	0.00460	0.07385
5	0.04457	0.01291	0.01915	0.20185	0.24443	0.01344	0.01466	0.06752	0.04231	0.09711	0.04456	0.06389	0.01499	0.00766	0.00648	0.00199	0.00687	0.00677	0.00448	0.08436
6	0.12131	0.01366	0.05470	0.05951	0.24676	0.01300	0.01308	0.09433	0.01560	0.02355	0.04716	0.10275	0.04541	0.05444	0.00801	0.00228	0.00642	0.00759	0.00439	0.06604
7	0.06413	0.01482	0.08729	0.04614	0.16186	0.01319	0.01287	0.10074	0.08440	0.05207	0.04969	0.05030	0.07609	0.00841	0.00663	0.00195	0.02083	0.00699	0.02684	0.11477
8	0.03235	0.01535	0.09693	0.10352	0.25070	0.01340	0.01507	0.07602	0.04446	0.06584	0.04694	0.03704	0.05132	0.00755	0.00640	0.00193	0.00684	0.00656	0.01957	0.10219
9	0.09148	0.01658	0.12674	0.06244	0.21207	0.01484	0.01523	0.06339	0.08658	0.02335	0.06329	0.05280	0.01562	0.00815	0.00787	0.00211	0.08138	0.00657	0.00421	0.04531
10	0.10017	0.01363	0.04427	0.01815	0.18049	0.01317	0.01196	0.11925	0.08429	0.06045	0.03575	0.08676	0.03049	0.03908	0.02768	0.00239	0.00645	0.02029	0.00495	0.10033

[dist]
# distance from previous block
# <min> <max>
4	63

[block]
# block no. 2 follows, 33 sequences, length 23
# corresponding to MSA columns:
# 271-293
name=unknown_C
#
# <colnr> <probs for GDERKNQSTAVLIFYWHMCP>
#	G	D	E	R	K	N	Q	S	T	A	V	L	I	F	Y	W	H	M	C	P
0	0.01624	0.06164	0.13062	0.01922	0.17627	0.01343	0.03242	0.04989	0.08433	0.10748	0.07598	0.04879	0.04286	0.00843	0.00657	0.00198	0.00662	0.03260	0.00490	0.07974
1	0.06450	0.01523	0.09758	0.01431	0.04512	0.03585	0.07833	0.07734	0.06307	0.05833	0.02010	0.09943	0.05793	0.04161	0.00752	0.00206	0.00651	0.00743	0.00469	0.20306
2	0.04602	0.03234	0.04632	0.01538	0.12490	0.03469	0.01067	0.01944	0.06327	0.12787	0.06302	0.11248	0.08651	0.03002	0.00769	0.00208	0.02836	0.00825	0.00518	0.13550
3	0.04298	0.03456	0.13777	0.03435	0.06533	0.01240	0.06371	0.07377	0.04124	0.10430	0.14664	0.02370	0.04251	0.00802	0.00645	0.00188	0.00642	0.00688	0.00505	0.14205
4	0.03942	0.01332	0.03870	0.01525	0.06856	0.03946	0.08490	0.08036	0.06354	0.15611	0.08619	0.11213	0.06714	0.00986	0.00718	0.00206	0.02173	0.00858	0.00564	0.07988
5	0.01817	0.05819	0.09147	0.04128	0.16874	0.05958	0.05170	0.10644	0.05848	0.11107	0.01884	0.03606	0.05638	0.00757	0.00639	0.00191	0.00727	0.00642	0.00471	0.08933
6	0.07372	0.06090	0.04855	0.03659	0.18094	0.08552	0.01307	0.06310	0.08442	0.04763	0.01704	0.04364	0.03523	0.00800	0.00697	0.00196	0.04818	0.02903	0.02781	0.08769
7	0.05679	0.08875	0.13506	0.01901	0.16566	0.05484	0.01437	0.08716	0.08972	0.04494	0.03409	0.03642	0.01381	0.00736	0.00609	0.00188	0.00711	0.02556	0.00435	0.10702
8	0.03256	0.04577	0.20433	0.04297	0.18183	0.06475	0.03678	0.05574	0.04219	0.04901	0.03718	0.04821	0.01318	0.00709	0.00624	0.00189	0.00772	0.00600	0.00396	0.11258
9	0.01646	0.05658	0.05845	0.01594	0.09942	0.06263	0.05010	0.14079	0.01780	0.06889	0.05345	0.10443	0.09707	0.03538	0.00757	0.00210	0.00660	0.00821	0.00503	0.09309
10	0.04277	0.01044	0.01493	0.01301	0.03745	0.01012	0.10800	0.01682	0.09095	0.04585	0.12677	0.12158	0.13124	0.07621	0.00984	0.00247	0.02985	0.00996	0.00531	0.09642
11	0.04474	0.01301	0.07444	0.01060	0.01558	0.01016	0.00921	0.04046	0.08406	0.06011	0.08995	0.02117	0.03933	0.00716	0.00566	0.00151	0.00508	0.00583	0.06317	0.39879
12	0.01006	0.00737	0.00763	0.00784	0.00927	0.03787	0.00562	0.01209	0.01451	0.02023	0.13915	0.21613	0.20968	0.05578	0.00844	0.00234	0.00389	0.01208	0.21426	0.00576
13	0.01425	0.01168	0.01402	0.04709	0.01714	0.00911	0.00840	0.01724	0.01384	0.05092	0.01230	0.01421	0.00998	0.00510	0.00503	0.00108	0.00510	0.00411	0.00403	0.73536
14	0.00940	0.00705	0.01058	0.01058	0.01176	0.00823	0.00823	0.01176	0.01058	0.01528	0.01763	0.02586	0.01646	0.04937	0.74255	0.01058	0.01763	0.00705	0.00353	0.00588
15	0.01471	0.01532	0.06556	0.11623	0.42747	0.04422	0.01719	0.01903	0.03972	0.02092	0.07547	0.08200	0.01756	0.00801	0.00676	0.00206	0.00739	0.00738	0.00390	0.00911
16	0.01171	0.02491	0.49158	0.01505	0.02213	0.01217	0.01811	0.01765	0.01501	0.02159	0.16500	0.02753	0.11201	0.00908	0.00676	0.00210	0.00754	0.00748	0.00413	0.00847
17	0.01365	0.01170	0.01365	0.00975	0.01560	0.00878	0.00780	0.01658	0.01365	0.02145	0.01170	0.01365	0.00975	0.00488	0.00488	0.00098	0.00488	0.00390	0.00390	0.80888
18	0.01830	0.04176	0.02013	0.02239	0.27358	0.05317	0.01358	0.14218	0.03947	0.08433	0.06047	0.04273	0.01545	0.00736	0.00631	0.00181	0.00673	0.00631	0.00481	0.13912
19	0.01144	0.00572	0.00858	0.00858	0.00858	0.00572	0.00572	0.00858	0.00858	0.01144	0.01144	0.02001	0.01144	0.02287	0.02573	0.80846	0.00572	0.00572	0.00286	0.00286
20	0.17443	0.01828	0.01821	0.01573	0.06533	0.08092	0.01201	0.47212	0.02510	0.03573	0.01384	0.01453	0.01014	0.00733	0.00605	0.00196	0.00727	0.00533	0.00562	0.01007
21	0.51029	0.01374	0.01504	0.07643	0.01893	0.01529	0.07567	0.10792	0.01487	0.08041	0.01186	0.01348	0.00874	0.00648	0.00515	0.00206	0.00630	0.00469	0.00452	0.00813
22	0.01362	0.01173	0.01497	0.06561	0.15523	0.04897	0.01089	0.01741	0.06542	0.04702	0.04533	0.17259	0.06785	0.02733	0.00733	0.00206	0.00584	0.03187	0.00482	0.18413

[dist]
# distance from previous block
# <min> <max>
2	6

[block]
# block no. 3 follows, 33 sequences, length 17
# corresponding to MSA columns:
# 303-319
name=unknown_D
#
# <colnr> <probs for GDERKNQSTAVLIFYWHMCP>
#	G	D	E	R	K	N	Q	S	T	A	V	L	I	F	Y	W	H	M	C	P
0	0.05780	0.01624	0.07757	0.03428	0.09386	0.04315	0.15393	0.14319	0.01782	0.05941	0.08578	0.05992	0.01741	0.00843	0.00787	0.00212	0.06283	0.00734	0.04230	0.00876
1	0.09554	0.13909	0.15973	0.11020	0.12086	0.09461	0.03487	0.03725	0.01465	0.04226	0.01273	0.01514	0.02491	0.00657	0.00620	0.00190	0.02795	0.00506	0.00347	0.04702
2	0.00940	0.00705	0.01058	0.01058	0.01176	0.00823	0.00823	0.01176	0.01058	0.01528	0.01763	0.02586	0.01646	0.04937	0.74255	0.01058	0.01763	0.00705	0.00353	0.00588
3	0.04012	0.01594	0.04779	0.03752	0.19050	0.05348	0.04714	0.18618	0.05482	0.12994	0.05385	0.02117	0.01551	0.00984	0.04278	0.00246	0.00781	0.02817	0.00526	0.00973
4	0.00958	0.00634	0.00782	0.00839	0.00895	0.00604	0.00546	0.01044	0.01194	0.04261	0.04854	0.36257	0.06812	0.32949	0.01871	0.00416	0.00498	0.03546	0.00534	0.00506
5	0.01370	0.11776	0.65519	0.01791	0.02718	0.01651	0.02284	0.02072	0.01384	0.02024	0.01151	0.01352	0.00835	0.00618	0.00602	0.00201	0.00942	0.00471	0.00278	0.00958
6	0.00951	0.00938	0.07925	0.00911	0.01154	0.00702	0.00783	0.01289	0.01774	0.02484	0.57686	0.04742	0.13535	0.01314	0.00762	0.00209	0.00378	0.01146	0.00668	0.00648
7	0.00819	0.00700	0.03615	0.00914	0.01019	0.00577	0.00665	0.00967	0.01305	0.01712	0.04027	0.62050	0.15319	0.01941	0.00822	0.00258	0.00397	0.01738	0.00598	0.00555
8	0.01629	0.01564	0.02672	0.04041	0.72757	0.01564	0.02020	0.02020	0.01499	0.02151	0.01238	0.01629	0.01043	0.00587	0.00652	0.00196	0.00782	0.00587	0.00326	0.01043
9	0.02489	0.02253	0.01941	0.01572	0.02040	0.24882	0.01258	0.49066	0.02706	0.03346	0.01402	0.01456	0.01034	0.00755	0.00638	0.00189	0.00871	0.00539	0.00558	0.01007
10	0.81514	0.01273	0.00968	0.00866	0.01273	0.01477	0.00713	0.01935	0.01120	0.02954	0.00917	0.01069	0.00713	0.00611	0.00407	0.00204	0.00509	0.00356	0.00407	0.00713
11	0.01370	0.01126	0.01685	0.04350	0.07745	0.01143	0.10823	0.03757	0.15432	0.05755	0.21460	0.06530	0.05783	0.01112	0.00751	0.00226	0.00588	0.08965	0.00588	0.00810
12	0.00790	0.00667	0.00683	0.00679	0.00896	0.00561	0.00509	0.00967	0.01528	0.01844	0.11649	0.06228	0.67470	0.01643	0.00778	0.00221	0.00332	0.01374	0.00620	0.00561
13	0.00877	0.00802	0.04293	0.00868	0.01063	0.00653	0.00683	0.01149	0.04108	0.01951	0.16361	0.26837	0.32830	0.01657	0.00789	0.00235	0.00389	0.03238	0.00616	0.00600
14	0.01517	0.24468	0.41482	0.08794	0.02624	0.04601	0.01918	0.04019	0.01435	0.01933	0.01109	0.01327	0.00850	0.00617	0.00570	0.00188	0.00887	0.00458	0.00294	0.00909
15	0.01562	0.01820	0.13831	0.05890	0.16570	0.05781	0.01495	0.02583	0.29549	0.02343	0.04568	0.02009	0.01572	0.00747	0.00644	0.00202	0.00698	0.00632	0.00475	0.07029
16	0.00910	0.00800	0.00790	0.00767	0.00977	0.04493	0.00575	0.01117	0.01621	0.02010	0.24727	0.05666	0.50170	0.01525	0.00768	0.00215	0.00372	0.01283	0.00629	0.00585

[dist]
# distance from previous block
# <min> <max>
3	5

[block]
# block no. 4 follows, 33 sequences, length 9
# corresponding to MSA columns:
# 325-333
name=unknown_E
#
# <colnr> <probs for GDERKNQSTAVLIFYWHMCP>
#	G	D	E	R	K	N	Q	S	T	A	V	L	I	F	Y	W	H	M	C	P
0	0.01563	0.01677	0.06646	0.09714	0.47280	0.01577	0.17750	0.02015	0.01490	0.02098	0.01251	0.01661	0.01008	0.00587	0.00680	0.00204	0.00876	0.00625	0.00322	0.00977
1	0.02220	0.01531	0.01641	0.01279	0.01774	0.06811	0.01032	0.28667	0.02185	0.19234	0.01790	0.06025	0.01370	0.00786	0.00622	0.00176	0.00642	0.00620	0.00601	0.20994
2	0.00988	0.00700	0.00874	0.00860	0.00936	0.00730	0.00584	0.03335	0.01174	0.01606	0.08768	0.06438	0.05246	0.40560	0.23709	0.00678	0.00921	0.00942	0.00440	0.00510
3	0.01098	0.00769	0.01077	0.01030	0.01064	0.00888	0.00752	0.01090	0.01030	0.01448	0.06510	0.06911	0.01917	0.13844	0.15029	0.29629	0.14301	0.00774	0.00365	0.00473
4	0.01230	0.00951	0.01152	0.01127	0.04188	0.00974	0.00812	0.09560	0.13238	0.02631	0.36771	0.14103	0.08030	0.01295	0.00749	0.00217	0.00423	0.01130	0.00670	0.00749
5	0.00929	0.00648	0.00736	0.00728	0.00783	0.00624	0.00447	0.01000	0.01173	0.01558	0.13677	0.04681	0.12587	0.54786	0.02597	0.00514	0.00545	0.01053	0.00479	0.00455
6	0.81514	0.01273	0.00968	0.00866	0.01273	0.01477	0.00713	0.01935	0.01120	0.02954	0.00917	0.01069	0.00713	0.00611	0.00407	0.00204	0.00509	0.00356	0.00407	0.00713
7	0.01243	0.01170	0.01975	0.75282	0.04534	0.01463	0.01828	0.01682	0.01316	0.01682	0.01170	0.01755	0.00878	0.00658	0.00658	0.00219	0.00878	0.00585	0.00293	0.00731
8	0.00999	0.00740	0.01149	0.01118	0.01254	0.00695	0.08077	0.01180	0.01343	0.04968	0.08055	0.54679	0.03832	0.04711	0.03620	0.00298	0.00523	0.01575	0.00581	0.00602

[dist]
# distance from previous block
# <min> <max>
0	2

[block]
# block no. 5 follows, 33 sequences, length 24
# corresponding to MSA columns:
# 336-359
name=unknown_F
#
# <colnr> <probs for GDERKNQSTAVLIFYWHMCP>
#	G	D	E	R	K	N	Q	S	T	A	V	L	I	F	Y	W	H	M	C	P
0	0.01695	0.03902	0.04378	0.01148	0.01710	0.01216	0.00967	0.11893	0.09182	0.08118	0.01496	0.01573	0.01149	0.00608	0.00549	0.00140	0.00557	0.00481	0.00484	0.48754
1	0.05163	0.04078	0.08829	0.01474	0.01899	0.29637	0.01242	0.15200	0.09602	0.04238	0.07712	0.04796	0.01650	0.00830	0.00634	0.00193	0.00843	0.00624	0.00487	0.00869
2	0.01474	0.01098	0.00929	0.00873	0.01084	0.11727	0.00662	0.04368	0.06771	0.02422	0.05366	0.02351	0.01782	0.00792	0.00518	0.00165	0.00470	0.00622	0.55839	0.00687
3	0.01797	0.62818	0.03159	0.01239	0.01727	0.09506	0.01171	0.01998	0.01357	0.01558	0.00920	0.01105	0.00847	0.00631	0.00605	0.00158	0.07910	0.00380	0.00288	0.00825
4	0.00846	0.00659	0.00762	0.00770	0.00937	0.00584	0.00567	0.01051	0.01569	0.02032	0.27273	0.14553	0.37805	0.04383	0.00884	0.00241	0.00352	0.03521	0.00640	0.00570
5	0.01694	0.04519	0.06535	0.01436	0.01842	0.06237	0.09590	0.14653	0.05135	0.05922	0.06882	0.03933	0.03429	0.00926	0.02203	0.00215	0.07378	0.00685	0.11288	0.05496
6	0.05057	0.00827	0.01059	0.01123	0.01301	0.00830	0.00912	0.06519	0.01556	0.06321	0.03212	0.28003	0.03491	0.01701	0.00830	0.00273	0.00537	0.35174	0.00615	0.00658
7	0.05860	0.01198	0.01801	0.01364	0.01876	0.01069	0.10423	0.02927	0.01807	0.57816	0.05168	0.02238	0.01691	0.00792	0.00672	0.00206	0.00623	0.00687	0.00729	0.01052
8	0.01440	0.01440	0.02016	0.01728	0.01728	0.02016	0.01440	0.01584	0.01008	0.01584	0.00864	0.01440	0.00864	0.01152	0.02160	0.00288	0.75659	0.00576	0.00288	0.00720
9	0.01365	0.01170	0.01365	0.00975	0.01560	0.00878	0.00780	0.01658	0.01365	0.02145	0.01170	0.01365	0.00975	0.00488	0.00488	0.00098	0.00488	0.00390	0.00390	0.80888
10	0.01702	0.01446	0.01525	0.01353	0.01736	0.01668	0.01058	0.08497	0.66464	0.02858	0.02598	0.02391	0.01943	0.00885	0.00669	0.00221	0.00536	0.00733	0.00669	0.01048
11	0.00863	0.00723	0.00757	0.00739	0.00963	0.00645	0.00557	0.01175	0.06772	0.01967	0.15235	0.05855	0.58301	0.01566	0.00770	0.00220	0.00344	0.01315	0.00631	0.00601
12	0.02503	0.01844	0.01976	0.01515	0.02042	0.02042	0.01251	0.70562	0.03095	0.04149	0.01581	0.01581	0.01120	0.00790	0.00659	0.00198	0.00724	0.00593	0.00659	0.01120
13	0.01243	0.01170	0.01975	0.75282	0.04534	0.01463	0.01828	0.01682	0.01316	0.01682	0.01170	0.01755	0.00878	0.00658	0.00658	0.00219	0.00878	0.00585	0.00293	0.00731
14	0.01098	0.00907	0.01240	0.01153	0.01197	0.01126	0.00875	0.01230	0.01011	0.01465	0.01590	0.02789	0.01648	0.26803	0.29664	0.00690	0.23854	0.00747	0.00348	0.00568
15	0.01440	0.01440	0.02016	0.01728	0.01728	0.02016	0.01440	0.01584	0.01008	0.01584	0.00864	0.01440	0.00864	0.01152	0.02160	0.00288	0.75659	0.00576	0.00288	0.00720
16	0.02726	0.01063	0.01440	0.01130	0.01593	0.00924	0.00923	0.02977	0.01838	0.65110	0.05077	0.05898	0.01922	0.00892	0.00668	0.00205	0.00535	0.00737	0.03284	0.01059
17	0.00868	0.00670	0.00792	0.00762	0.00945	0.00594	0.00571	0.01119	0.01713	0.02284	0.45226	0.05504	0.33618	0.01479	0.00777	0.00213	0.00320	0.01273	0.00678	0.00594
18	0.00807	0.00591	0.00747	0.00867	0.00931	0.00544	0.00582	0.00923	0.01279	0.01672	0.03999	0.61691	0.14538	0.06306	0.00975	0.00282	0.00389	0.01746	0.00599	0.00530
19	0.01554	0.01776	0.03885	0.02775	0.03441	0.01665	0.70366	0.02109	0.01554	0.02109	0.01332	0.01776	0.00999	0.00555	0.00777	0.00222	0.01110	0.00777	0.00333	0.00888
20	0.00990	0.00776	0.01189	0.01127	0.01252	0.00890	0.03952	0.01211	0.01068	0.01530	0.01740	0.02685	0.01664	0.12201	0.60504	0.00945	0.04605	0.00730	0.00354	0.00587
21	0.01375	0.01257	0.02068	0.53350	0.19410	0.01468	0.01788	0.04310	0.01426	0.01913	0.01245	0.01752	0.00960	0.00652	0.00648	0.00210	0.00825	0.00587	0.03946	0.00810
22	0.11972	0.03850	0.03818	0.01326	0.06211	0.01263	0.01028	0.11635	0.03849	0.20121	0.01726	0.05212	0.01332	0.00860	0.02802	0.00203	0.00617	0.00586	0.00541	0.21048
23	0.04566	0.03625	0.04788	0.02126	0.23294	0.09140	0.03402	0.05057	0.05697	0.03676	0.10453	0.02259	0.01845	0.08222	0.00994	0.00241	0.05045	0.00671	0.00432	0.04465

[dist]
# distance from previous block
# <min> <max>
0	26

[block]
# block no. 6 follows, 33 sequences, length 57
# corresponding to MSA columns:
# 386-442
name=unknown_G
#
# <colnr> <probs for GDERKNQSTAVLIFYWHMCP>
#	G	D	E	R	K	N	Q	S	T	A	V	L	I	F	Y	W	H	M	C	P
0	0.05394	0.12082	0.23029	0.02159	0.20905	0.04496	0.01701	0.06920	0.09484	0.02288	0.01381	0.01566	0.01075	0.00656	0.00594	0.00193	0.00776	0.00529	0.03814	0.00957
1	0.01870	0.03747	0.02004	0.01790	0.09136	0.29098	0.09484	0.05335	0.01709	0.03750	0.05029	0.01864	0.04917	0.00830	0.02674	0.00197	0.00896	0.00585	0.00405	0.14680
2	0.09355	0.07099	0.18898	0.01312	0.01933	0.03245	0.01293	0.12900	0.04301	0.04929	0.03297	0.01522	0.01135	0.00641	0.00559	0.00166	0.00675	0.00485	0.00433	0.25821
3	0.01581	0.01735	0.15439	0.02018	0.19219	0.01336	0.03786	0.10481	0.03926	0.04443	0.01696	0.02041	0.03957	0.00717	0.00623	0.00183	0.00695	0.03456	0.04512	0.18156
4	0.81514	0.01273	0.00968	0.00866	0.01273	0.01477	0.00713	0.01935	0.01120	0.02954	0.00917	0.01069	0.00713	0.00611	0.00407	0.00204	0.00509	0.00356	0.00407	0.00713
5	0.01010	0.00611	0.00800	0.00822	0.00845	0.00606	0.00533	0.00932	0.00997	0.01321	0.02116	0.11676	0.05345	0.29788	0.04931	0.33256	0.00605	0.03027	0.00392	0.00388
6	0.00940	0.00705	0.01058	0.01058	0.01176	0.00823	0.00823	0.01176	0.01058	0.01528	0.01763	0.02586	0.01646	0.04937	0.74255	0.01058	0.01763	0.00705	0.00353	0.00588
7	0.00807	0.00621	0.00739	0.00809	0.00932	0.00552	0.00569	0.00963	0.01421	0.01824	0.12376	0.41055	0.31313	0.01829	0.00809	0.00243	0.00355	0.01607	0.00624	0.00552
8	0.01001	0.00793	0.01056	0.01049	0.01164	0.03642	0.00798	0.01210	0.01079	0.01507	0.01765	0.02703	0.01689	0.11890	0.64391	0.00982	0.01630	0.00719	0.00357	0.00576
9	0.01760	0.77260	0.03450	0.01126	0.01690	0.02605	0.01126	0.01971	0.01338	0.01549	0.00915	0.01056	0.00845	0.00563	0.00422	0.00141	0.00704	0.00352	0.00282	0.00845
10	0.00810	0.00578	0.00773	0.00925	0.00967	0.00541	0.00624	0.00930	0.01268	0.01689	0.03624	0.74395	0.04337	0.02055	0.00842	0.00268	0.00389	0.03835	0.00611	0.00537
11	0.49375	0.08806	0.11584	0.01281	0.05249	0.06050	0.01125	0.05992	0.01358	0.02648	0.01015	0.01178	0.00791	0.00622	0.00478	0.00196	0.00660	0.00404	0.00384	0.00805
12	0.02503	0.01844	0.01976	0.01515	0.02042	0.02042	0.01251	0.70562	0.03095	0.04149	0.01581	0.01581	0.01120	0.00790	0.00659	0.00198	0.00724	0.00593	0.00659	0.01120
13	0.01637	0.01414	0.01489	0.01340	0.01712	0.01637	0.01042	0.03498	0.71568	0.02754	0.02679	0.02456	0.02010	0.00893	0.00670	0.00223	0.00521	0.00744	0.00670	0.01042
14	0.01440	0.01440	0.02016	0.01728	0.01728	0.02016	0.01440	0.01584	0.01008	0.01584	0.00864	0.01440	0.00864	0.01152	0.02160	0.00288	0.75659	0.00576	0.00288	0.00720
15	0.77798	0.01300	0.01015	0.00896	0.01309	0.01503	0.00738	0.05163	0.01213	0.03010	0.00948	0.01093	0.00732	0.00620	0.00419	0.00203	0.00519	0.00368	0.00419	0.00732
16	0.01674	0.01432	0.01509	0.01347	0.01726	0.01655	0.01051	0.06353	0.68653	0.02813	0.02633	0.02419	0.01972	0.00889	0.00669	0.00222	0.00530	0.00738	0.00669	0.01045
17	0.00957	0.00638	0.00718	0.00718	0.00718	0.00638	0.00399	0.00957	0.00957	0.01276	0.02074	0.04308	0.02393	0.76864	0.03351	0.00638	0.00638	0.00957	0.00399	0.00399
18	0.00891	0.00582	0.00796	0.00895	0.00935	0.00551	0.00603	0.00932	0.01222	0.01644	0.09173	0.53139	0.03788	0.02050	0.01229	0.18603	0.00419	0.01515	0.00547	0.00486
19	0.02459	0.03138	0.01866	0.01696	0.02035	0.74221	0.01272	0.02629	0.01866	0.01611	0.01018	0.01187	0.00848	0.00678	0.00594	0.00170	0.01187	0.00424	0.00339	0.00763
20	0.20679	0.01524	0.02187	0.08299	0.48268	0.04167	0.01668	0.01998	0.01409	0.02289	0.01149	0.01489	0.00945	0.00601	0.00592	0.00198	0.00739	0.00526	0.00343	0.00932
21	0.01698	0.04682	0.09032	0.01854	0.02278	0.23516	0.20475	0.02039	0.01507	0.01819	0.01464	0.01801	0.04281	0.01116	0.07317	0.00281	0.10194	0.00620	0.03240	0.00785
22	0.01236	0.01176	0.02020	0.61418	0.06099	0.01399	0.06631	0.01656	0.01344	0.01730	0.01533	0.05380	0.04124	0.00757	0.00680	0.00221	0.00845	0.00692	0.00325	0.00735
23	0.00819	0.00656	0.00736	0.00770	0.00945	0.00573	0.00574	0.01001	0.01496	0.01867	0.12973	0.19402	0.47706	0.01717	0.00799	0.00235	0.00359	0.06186	0.00623	0.00562
24	0.01471	0.01366	0.02140	0.17821	0.37555	0.01339	0.01613	0.01843	0.01422	0.02052	0.01204	0.01577	0.00989	0.00572	0.00604	0.00171	0.00714	0.00528	0.00338	0.24680
25	0.01738	0.01471	0.06759	0.01421	0.08070	0.01186	0.01106	0.13230	0.01718	0.09879	0.01393	0.01517	0.01063	0.00590	0.00558	0.00142	0.00595	0.00476	0.00465	0.46622
26	0.01750	0.01963	0.04844	0.19272	0.25478	0.19500	0.11689	0.04032	0.01597	0.01959	0.01190	0.01561	0.00946	0.00628	0.00656	0.00199	0.00956	0.00571	0.00330	0.00881
27	0.01271	0.01092	0.01351	0.04484	0.04786	0.02982	0.01021	0.01949	0.19130	0.02328	0.26313	0.03864	0.05386	0.01201	0.00930	0.00234	0.10095	0.10231	0.00589	0.00763
28	0.03472	0.00715	0.01013	0.01009	0.01121	0.00820	0.00766	0.01172	0.01047	0.01541	0.01776	0.02754	0.01710	0.13809	0.63057	0.00979	0.01583	0.00726	0.00360	0.00568
29	0.01122	0.00772	0.00912	0.00845	0.01068	0.00720	0.00644	0.01524	0.08020	0.08056	0.37778	0.04821	0.25551	0.01339	0.00746	0.00211	0.00356	0.01147	0.03688	0.00679
30	0.01242	0.01164	0.01959	0.70167	0.06882	0.01435	0.01794	0.01668	0.01321	0.01699	0.01256	0.04297	0.01002	0.00703	0.00664	0.00220	0.00857	0.00629	0.00305	0.00736
31	0.00881	0.00650	0.00829	0.00869	0.00999	0.00598	0.00644	0.01108	0.01586	0.02142	0.33959	0.27316	0.15811	0.01664	0.00810	0.00238	0.00366	0.08286	0.00660	0.00583
32	0.01438	0.01448	0.02416	0.34113	0.19571	0.04656	0.13450	0.01842	0.01386	0.01845	0.01211	0.01720	0.00970	0.00865	0.04253	0.00257	0.06807	0.00616	0.00312	0.00823
33	0.15924	0.00857	0.00994	0.04366	0.01249	0.00880	0.00722	0.04342	0.01753	0.02717	0.52815	0.03915	0.04727	0.01154	0.00698	0.00207	0.00392	0.00982	0.00643	0.00665
34	0.81514	0.01273	0.00968	0.00866	0.01273	0.01477	0.00713	0.01935	0.01120	0.02954	0.00917	0.01069	0.00713	0.00611	0.00407	0.00204	0.00509	0.00356	0.00407	0.00713
35	0.01395	0.01374	0.01930	0.01668	0.01679	0.01909	0.01385	0.01547	0.01013	0.01579	0.00945	0.01544	0.00935	0.01493	0.08657	0.00357	0.69000	0.00588	0.00294	0.00708
36	0.01130	0.00956	0.01598	0.01467	0.01731	0.00920	0.15279	0.01472	0.01535	0.02006	0.06016	0.06058	0.09984	0.01525	0.00864	0.00275	0.00672	0.45298	0.00555	0.00660
37	0.00811	0.00636	0.00737	0.00799	0.00943	0.00562	0.00577	0.00975	0.01436	0.01812	0.10110	0.33020	0.38561	0.01802	0.00808	0.00242	0.00363	0.04633	0.00619	0.00555
38	0.01540	0.01473	0.02512	0.20438	0.57055	0.01541	0.01976	0.01943	0.01457	0.02043	0.01223	0.01658	0.01005	0.00603	0.00653	0.00201	0.00804	0.00586	0.00318	0.00971
39	0.00882	0.00610	0.00737	0.00806	0.00830	0.00589	0.00498	0.00939	0.01110	0.01474	0.02909	0.36983	0.05290	0.40881	0.02142	0.00459	0.00514	0.01383	0.00501	0.00465
40	0.81514	0.01273	0.00968	0.00866	0.01273	0.01477	0.00713	0.01935	0.01120	0.02954	0.00917	0.01069	0.00713	0.00611	0.00407	0.00204	0.00509	0.00356	0.00407	0.00713
41	0.15795	0.01234	0.01149	0.00995	0.01315	0.07157	0.00787	0.15781	0.01766	0.09723	0.01826	0.04770	0.01430	0.00792	0.00537	0.00182	0.00527	0.00602	0.32840	0.00792
42	0.02503	0.01844	0.01976	0.01515	0.02042	0.02042	0.01251	0.70562	0.03095	0.04149	0.01581	0.01581	0.01120	0.00790	0.00659	0.00198	0.00724	0.00593	0.00659	0.01120
43	0.01770	0.01582	0.02176	0.01732	0.02192	0.01731	0.17887	0.15414	0.39748	0.02816	0.02092	0.02098	0.01564	0.00801	0.00742	0.00220	0.03135	0.00719	0.00574	0.01008
44	0.01243	0.01170	0.01975	0.75282	0.04534	0.01463	0.01828	0.01682	0.01316	0.01682	0.01170	0.01755	0.00878	0.00658	0.00658	0.00219	0.00878	0.00585	0.00293	0.00731
45	0.01714	0.01425	0.01749	0.01990	0.21093	0.05522	0.01237	0.19529	0.08659	0.04285	0.07583	0.11479	0.04709	0.03153	0.00763	0.00220	0.00641	0.00843	0.02502	0.00905
46	0.00947	0.00680	0.00928	0.00928	0.01000	0.00752	0.00661	0.01092	0.01019	0.01432	0.01882	0.03245	0.01932	0.32467	0.47117	0.00897	0.01333	0.00802	0.00370	0.00515
47	0.00803	0.00659	0.00687	0.00695	0.00897	0.00560	0.00516	0.00980	0.01505	0.01850	0.10903	0.11188	0.60978	0.01648	0.00774	0.00223	0.00335	0.01389	0.02849	0.00560
48	0.00831	0.00601	0.00775	0.00886	0.00953	0.00559	0.00606	0.00969	0.01328	0.01764	0.10214	0.56695	0.10210	0.06591	0.00987	0.00282	0.00395	0.04205	0.00608	0.00539
49	0.01338	0.01338	0.02495	0.01990	0.04546	0.01317	0.35006	0.01889	0.08911	0.02111	0.06946	0.14651	0.05381	0.01009	0.00827	0.00231	0.03969	0.02886	0.02362	0.00796
50	0.63252	0.01287	0.01128	0.00960	0.01392	0.01431	0.00791	0.06783	0.01379	0.14591	0.01238	0.01297	0.00891	0.00657	0.00466	0.00203	0.00532	0.00423	0.00491	0.00807
51	0.01365	0.01170	0.01365	0.00975	0.01560	0.00878	0.00780	0.01658	0.01365	0.02145	0.01170	0.01365	0.00975	0.00488	0.00488	0.00098	0.00488	0.00390	0.00390	0.80888
52	0.05764	0.13531	0.16637	0.01298	0.01853	0.01524	0.01260	0.13771	0.06310	0.06548	0.03401	0.09608	0.01535	0.00822	0.00598	0.00185	0.00654	0.00655	0.00472	0.13574
53	0.03611	0.21128	0.29410	0.01494	0.02121	0.04063	0.05914	0.07994	0.01492	0.02051	0.01292	0.01739	0.01096	0.10362	0.00923	0.00243	0.00824	0.00539	0.02853	0.00850
54	0.01739	0.73786	0.06742	0.01162	0.01744	0.02554	0.01188	0.01977	0.01340	0.01574	0.00928	0.01072	0.00844	0.00566	0.00432	0.00144	0.00717	0.00358	0.00281	0.00851
55	0.04371	0.02037	0.27914	0.01696	0.02329	0.01335	0.14817	0.05111	0.03591	0.12909	0.01785	0.02298	0.01390	0.00782	0.00667	0.00214	0.00800	0.07095	0.07948	0.00909
56	0.01360	0.10056	0.67149	0.01809	0.02745	0.01626	0.02315	0.02075	0.01385	0.02037	0.01157	0.01360	0.00835	0.00620	0.00607	0.00202	0.00949	0.00474	0.00278	0.00961

[dist]
# distance from previous block
# <min> <max>
0	2

[block]
# block no. 7 follows, 33 sequences, length 21
# corresponding to MSA columns:
# 445-465
name=unknown_H
#
# <colnr> <probs for GDERKNQSTAVLIFYWHMCP>
#	G	D	E	R	K	N	Q	S	T	A	V	L	I	F	Y	W	H	M	C	P
0	0.02350	0.01738	0.01872	0.01466	0.01953	0.01920	0.01198	0.63117	0.05558	0.03922	0.01766	0.06887	0.01381	0.00884	0.00672	0.00203	0.00693	0.00689	0.00656	0.01075
1	0.07156	0.16191	0.37615	0.01478	0.02194	0.04316	0.01680	0.02025	0.01397	0.05947	0.01334	0.05893	0.01099	0.00700	0.00574	0.00187	0.00794	0.00535	0.00351	0.08536
2	0.00913	0.00682	0.00962	0.01171	0.06302	0.00674	0.00758	0.01068	0.01243	0.01681	0.03058	0.50088	0.03538	0.08500	0.11096	0.00403	0.00637	0.06115	0.00537	0.00573
3	0.02015	0.01602	0.01701	0.01416	0.01856	0.01814	0.01133	0.32743	0.41709	0.03362	0.02200	0.02074	0.01621	0.00848	0.00665	0.00212	0.00610	0.00678	0.00665	0.01076
4	0.00871	0.00656	0.00806	0.00800	0.00954	0.00590	0.00588	0.01113	0.01673	0.02264	0.44391	0.16607	0.23190	0.01543	0.00787	0.00221	0.00328	0.01350	0.00677	0.00590
5	0.01740	0.01429	0.01520	0.01344	0.01731	0.01637	0.01052	0.07553	0.64782	0.05503	0.02610	0.02395	0.01941	0.00884	0.00669	0.00221	0.00535	0.00732	0.00675	0.01050
6	0.01355	0.06492	0.65759	0.01904	0.02839	0.01585	0.06931	0.02082	0.01399	0.02063	0.01180	0.01401	0.00845	0.00618	0.00627	0.00206	0.00970	0.00500	0.00282	0.00962
7	0.00836	0.00608	0.00795	0.00932	0.01005	0.00568	0.00662	0.00982	0.01320	0.01731	0.03919	0.59666	0.11232	0.01988	0.00844	0.00268	0.00408	0.11077	0.00610	0.00547
8	0.01540	0.01473	0.02510	0.20612	0.56888	0.01541	0.01976	0.01942	0.01457	0.02042	0.01222	0.01659	0.01004	0.00603	0.00653	0.00201	0.00804	0.00586	0.00318	0.00970
9	0.05767	0.02359	0.34223	0.02144	0.07639	0.01485	0.22527	0.02176	0.01484	0.09970	0.01429	0.03338	0.01061	0.00655	0.00670	0.00212	0.00917	0.00625	0.00371	0.00945
10	0.01440	0.01613	0.07767	0.06766	0.22207	0.04184	0.20810	0.01849	0.01468	0.01988	0.01872	0.05239	0.05724	0.00876	0.00831	0.00226	0.06123	0.07789	0.00377	0.00850
11	0.01534	0.01158	0.01889	0.52296	0.05972	0.01321	0.03813	0.01924	0.01443	0.14310	0.01816	0.02160	0.06064	0.00751	0.00671	0.00216	0.00788	0.00662	0.00409	0.00803
12	0.01406	0.01647	0.16483	0.07749	0.18590	0.01251	0.11747	0.01829	0.01468	0.07057	0.04208	0.15344	0.04197	0.00972	0.00716	0.00222	0.00755	0.03073	0.00431	0.00855
13	0.01585	0.05748	0.17120	0.05329	0.13758	0.03565	0.11435	0.08348	0.01642	0.07059	0.05738	0.12220	0.01774	0.00879	0.00686	0.00211	0.00778	0.00795	0.00441	0.00891
14	0.01345	0.04050	0.30235	0.15005	0.08955	0.01465	0.15432	0.01897	0.01421	0.01982	0.01507	0.05669	0.01295	0.00776	0.00691	0.00221	0.00903	0.05948	0.00337	0.00866
15	0.01225	0.01262	0.08377	0.04942	0.20433	0.03647	0.01254	0.01513	0.01428	0.03970	0.04466	0.29649	0.09628	0.01320	0.00743	0.00231	0.00603	0.04067	0.00489	0.00753
16	0.01535	0.01713	0.21460	0.09223	0.07065	0.02579	0.04127	0.01970	0.02765	0.15235	0.04088	0.16810	0.04900	0.01037	0.00703	0.00222	0.00706	0.02518	0.00492	0.00853
17	0.01567	0.06209	0.30175	0.05399	0.07244	0.01288	0.03214	0.02041	0.01508	0.14646	0.06137	0.09315	0.01864	0.00917	0.00677	0.00216	0.00748	0.05482	0.00461	0.00894
18	0.01468	0.01165	0.01874	0.44670	0.05541	0.01353	0.05104	0.03813	0.01428	0.09323	0.01558	0.06850	0.01265	0.00803	0.00754	0.00219	0.05309	0.00691	0.06034	0.00779
19	0.01613	0.07973	0.28158	0.01960	0.14174	0.01397	0.07207	0.02091	0.01503	0.12824	0.02013	0.02130	0.08433	0.00752	0.00639	0.00200	0.00767	0.00643	0.04596	0.00928
20	0.01430	0.06292	0.19643	0.18692	0.09926	0.01353	0.03398	0.01926	0.04341	0.08023	0.03512	0.10164	0.03208	0.00907	0.00677	0.00218	0.00753	0.04271	0.00421	0.00847

[dist]
# distance from previous block
# <min> <max>
4	16

[block]
# block no. 8 follows, 33 sequences, length 18
# corresponding to MSA columns:
# 483-500
name=unknown_I
#
# <colnr> <probs for GDERKNQSTAVLIFYWHMCP>
#	G	D	E	R	K	N	Q	S	T	A	V	L	I	F	Y	W	H	M	C	P
0	0.01546	0.02283	0.34280	0.09748	0.10942	0.04443	0.04595	0.02067	0.01471	0.09910	0.01623	0.06075	0.02957	0.00749	0.00651	0.00205	0.00836	0.00636	0.00383	0.04600
1	0.01499	0.04854	0.24905	0.10765	0.27477	0.01498	0.07220	0.01996	0.01446	0.05293	0.01415	0.06121	0.01175	0.00704	0.00657	0.00207	0.00841	0.00642	0.00346	0.00940
2	0.01474	0.01742	0.16413	0.22273	0.18394	0.04443	0.05897	0.01912	0.01441	0.06472	0.01583	0.10043	0.01370	0.00800	0.00670	0.00213	0.00812	0.00720	0.02470	0.00859
3	0.01489	0.02259	0.33466	0.09993	0.19391	0.01443	0.08215	0.02039	0.01458	0.07057	0.01555	0.03908	0.03368	0.00702	0.00663	0.00210	0.00864	0.00628	0.00354	0.00941
4	0.01306	0.02991	0.60212	0.15474	0.03161	0.01517	0.02320	0.02010	0.01376	0.02010	0.01179	0.01458	0.00842	0.00632	0.00632	0.00211	0.00955	0.00505	0.00281	0.00928
5	0.01906	0.11872	0.30021	0.01707	0.02380	0.16943	0.05877	0.14151	0.01812	0.05515	0.01258	0.01402	0.00934	0.00662	0.00611	0.00191	0.00931	0.00501	0.00385	0.00940
6	0.01416	0.07431	0.32336	0.10608	0.07615	0.01630	0.20140	0.01981	0.01408	0.01980	0.01252	0.03405	0.00986	0.00664	0.00733	0.00213	0.04389	0.00611	0.00306	0.00896
7	0.81514	0.01273	0.00968	0.00866	0.01273	0.01477	0.00713	0.01935	0.01120	0.02954	0.00917	0.01069	0.00713	0.00611	0.00407	0.00204	0.00509	0.00356	0.00407	0.00713
8	0.00927	0.00682	0.00741	0.00716	0.00930	0.00590	0.00541	0.01138	0.01583	0.04748	0.20040	0.05592	0.50544	0.01500	0.00750	0.00213	0.00335	0.01262	0.06573	0.00595
9	0.02039	0.43336	0.02747	0.01305	0.01828	0.07850	0.01172	0.23627	0.06187	0.02442	0.01239	0.01315	0.01002	0.00663	0.00525	0.00166	0.00736	0.00457	0.00428	0.00937
10	0.01144	0.00572	0.00858	0.00858	0.00858	0.00572	0.00572	0.00858	0.00858	0.01144	0.01144	0.02001	0.01144	0.02287	0.02573	0.80846	0.00572	0.00572	0.00286	0.00286
11	0.81514	0.01273	0.00968	0.00866	0.01273	0.01477	0.00713	0.01935	0.01120	0.02954	0.00917	0.01069	0.00713	0.00611	0.00407	0.00204	0.00509	0.00356	0.00407	0.00713
12	0.01015	0.00726	0.00986	0.01119	0.01249	0.00717	0.00937	0.01268	0.01442	0.01875	0.03508	0.14005	0.06476	0.08192	0.01104	0.00325	0.00576	0.53311	0.00589	0.00579
13	0.61126	0.01291	0.01240	0.01051	0.01461	0.01456	0.03959	0.02148	0.04206	0.11404	0.01212	0.01321	0.00900	0.00671	0.00550	0.00209	0.04111	0.00440	0.00459	0.00785
14	0.01442	0.23758	0.54161	0.01670	0.02530	0.01825	0.02072	0.02054	0.01376	0.01937	0.01108	0.01298	0.00837	0.00608	0.00570	0.00190	0.00899	0.00449	0.00279	0.00938
15	0.01760	0.77260	0.03450	0.01126	0.01690	0.02605	0.01126	0.01971	0.01338	0.01549	0.00915	0.01056	0.00845	0.00563	0.00422	0.00141	0.00704	0.00352	0.00282	0.00845
16	0.02954	0.01120	0.01528	0.01171	0.01681	0.00968	0.00968	0.03208	0.01884	0.73213	0.02597	0.02241	0.01630	0.00815	0.00662	0.00204	0.00560	0.00662	0.00815	0.01120
17	0.01744	0.59043	0.14892	0.01297	0.01909	0.08233	0.01354	0.02043	0.01389	0.01643	0.00968	0.01122	0.00843	0.00583	0.00470	0.00154	0.00788	0.00380	0.00286	0.00859

[dist]
# distance from previous block
# <min> <max>
0	1

[block]
# block no. 9 follows, 33 sequences, length 60
# corresponding to MSA columns:
# 502-561
name=unknown_J
#
# <colnr> <probs for GDERKNQSTAVLIFYWHMCP>
#	G	D	E	R	K	N	Q	S	T	A	V	L	I	F	Y	W	H	M	C	P
0	0.01334	0.05664	0.71312	0.01853	0.02814	0.01562	0.02392	0.02081	0.01388	0.02068	0.01173	0.01380	0.00834	0.00624	0.00619	0.00206	0.00965	0.00482	0.00278	0.00969
1	0.01338	0.06284	0.70724	0.01847	0.02804	0.01571	0.02381	0.02080	0.01388	0.02064	0.01171	0.01377	0.00834	0.00623	0.00618	0.00206	0.00962	0.00481	0.00278	0.00968
2	0.01659	0.01370	0.01479	0.01275	0.01682	0.01500	0.01000	0.07279	0.53074	0.04548	0.05118	0.02341	0.01965	0.00846	0.00648	0.00203	0.00522	0.00701	0.00636	0.12155
3	0.01760	0.77260	0.03450	0.01126	0.01690	0.02605	0.01126	0.01971	0.01338	0.01549	0.00915	0.01056	0.00845	0.00563	0.00422	0.00141	0.00704	0.00352	0.00282	0.00845
4	0.00811	0.00579	0.00774	0.00927	0.00969	0.00543	0.00627	0.00932	0.01269	0.01691	0.03623	0.74006	0.04334	0.02054	0.00843	0.00269	0.00390	0.04210	0.00611	0.00537
5	0.02211	0.01573	0.01880	0.01486	0.01966	0.01694	0.06262	0.34279	0.22036	0.14095	0.04119	0.02041	0.01589	0.00822	0.00675	0.00208	0.00658	0.00677	0.00663	0.01066
6	0.01346	0.02993	0.58472	0.01845	0.02614	0.01631	0.02224	0.01980	0.01310	0.01980	0.01115	0.01400	0.00840	0.00736	0.00947	0.00225	0.16635	0.00505	0.00280	0.00920
7	0.02459	0.03138	0.01866	0.01696	0.02035	0.74221	0.01272	0.02629	0.01866	0.01611	0.01018	0.01187	0.00848	0.00678	0.00594	0.00170	0.01187	0.00424	0.00339	0.00763
8	0.01365	0.01170	0.01365	0.00975	0.01560	0.00878	0.00780	0.01658	0.01365	0.02145	0.01170	0.01365	0.00975	0.00488	0.00488	0.00098	0.00488	0.00390	0.00390	0.80888
9	0.00945	0.00687	0.00966	0.00966	0.01052	0.00773	0.00708	0.01117	0.01031	0.01460	0.01847	0.03051	0.01848	0.24356	0.55112	0.00945	0.01460	0.00773	0.00365	0.00537
10	0.02954	0.01120	0.01528	0.01171	0.01681	0.00968	0.00968	0.03208	0.01884	0.73213	0.02597	0.02241	0.01630	0.00815	0.00662	0.00204	0.00560	0.00662	0.00815	0.01120
11	0.01866	0.01362	0.02056	0.01592	0.02046	0.01363	0.19234	0.14942	0.11618	0.15509	0.09800	0.02606	0.04358	0.00863	0.00703	0.00211	0.00680	0.02566	0.05696	0.00929
12	0.01502	0.01255	0.01345	0.01229	0.01559	0.01401	0.00961	0.08014	0.48183	0.02616	0.03250	0.07331	0.11895	0.01117	0.00709	0.00229	0.00509	0.05318	0.00654	0.00924
13	0.04746	0.02191	0.01896	0.01617	0.02013	0.34853	0.08857	0.02794	0.21062	0.08356	0.03940	0.01812	0.01422	0.00755	0.00641	0.00196	0.00889	0.00595	0.00486	0.00879
14	0.02347	0.11030	0.04432	0.01641	0.02026	0.64169	0.01295	0.02541	0.01794	0.01620	0.01012	0.01180	0.00847	0.00664	0.00576	0.00168	0.01129	0.00418	0.00331	0.00779
15	0.01338	0.06440	0.70576	0.01846	0.02802	0.01573	0.02379	0.02080	0.01388	0.02063	0.01170	0.01376	0.00834	0.00623	0.00617	0.00206	0.00962	0.00481	0.00278	0.00968
16	0.01383	0.13880	0.63524	0.01770	0.02685	0.01682	0.02247	0.02069	0.01382	0.02009	0.01144	0.01343	0.00835	0.00617	0.00597	0.00199	0.00935	0.00467	0.00278	0.00955
17	0.00802	0.00573	0.00764	0.00917	0.00955	0.00535	0.00611	0.00917	0.01260	0.01681	0.03628	0.76434	0.04354	0.02062	0.00840	0.00267	0.00382	0.01872	0.00611	0.00535
18	0.00947	0.00675	0.00904	0.00900	0.00972	0.00732	0.00632	0.01090	0.01076	0.01507	0.07137	0.03472	0.02294	0.34430	0.39463	0.00821	0.01190	0.00846	0.00399	0.00512
19	0.00808	0.00609	0.00729	0.00819	0.00912	0.00551	0.00557	0.00929	0.01310	0.01675	0.04458	0.47544	0.25913	0.08706	0.01048	0.00287	0.00390	0.01635	0.00592	0.00529
20	0.01798	0.59135	0.08381	0.01257	0.01817	0.06058	0.01245	0.06401	0.03424	0.01791	0.01030	0.01170	0.00895	0.00613	0.00514	0.00157	0.02728	0.00398	0.00319	0.00870
21	0.01786	0.74535	0.03391	0.01147	0.01702	0.05238	0.01132	0.01995	0.01357	0.01551	0.00919	0.01061	0.00845	0.00567	0.00429	0.00142	0.00722	0.00355	0.00284	0.00842
22	0.01365	0.01170	0.01365	0.00975	0.01560	0.00878	0.00780	0.01658	0.01365	0.02145	0.01170	0.01365	0.00975	0.00488	0.00488	0.00098	0.00488	0.00390	0.00390	0.80888
23	0.01629	0.01564	0.02672	0.04041	0.72757	0.01564	0.02020	0.02020	0.01499	0.02151	0.01238	0.01629	0.01043	0.00587	0.00652	0.00196	0.00782	0.00587	0.00326	0.01043
24	0.01604	0.01538	0.02626	0.08760	0.68238	0.01557	0.02008	0.01998	0.01487	0.02120	0.01234	0.01638	0.01032	0.00591	0.00652	0.00197	0.00788	0.00586	0.00324	0.01022
25	0.01928	0.01349	0.01497	0.01303	0.01705	0.01490	0.01026	0.03434	0.56210	0.18283	0.02661	0.02409	0.01926	0.00876	0.00668	0.00219	0.00530	0.00726	0.00702	0.01059
26	0.00802	0.00573	0.00764	0.00917	0.00955	0.00535	0.00611	0.00917	0.01260	0.01681	0.03628	0.76434	0.04354	0.02062	0.00840	0.00267	0.00382	0.01872	0.00611	0.00535
27	0.01243	0.01170	0.01975	0.75282	0.04534	0.01463	0.01828	0.01682	0.01316	0.01682	0.01170	0.01755	0.00878	0.00658	0.00658	0.00219	0.00878	0.00585	0.00293	0.00731
28	0.72056	0.01363	0.01030	0.00938	0.01327	0.06056	0.00768	0.01948	0.01189	0.02814	0.01065	0.01428	0.00891	0.00682	0.00447	0.00207	0.00558	0.04111	0.00414	0.00710
29	0.01045	0.00624	0.00884	0.00884	0.00918	0.00658	0.00605	0.00970	0.00936	0.01282	0.01524	0.02672	0.01560	0.19351	0.23149	0.40592	0.00926	0.00694	0.00330	0.00397
30	0.00960	0.00648	0.00758	0.00764	0.00779	0.00657	0.00458	0.00990	0.00987	0.01323	0.02105	0.04294	0.02389	0.68284	0.08830	0.00658	0.00725	0.03564	0.00403	0.00422
31	0.01348	0.08094	0.69008	0.01829	0.02776	0.01597	0.02349	0.02078	0.01387	0.02051	0.01165	0.01369	0.00835	0.00622	0.00613	0.00204	0.00956	0.00478	0.00278	0.00965
32	0.01243	0.01170	0.01975	0.75282	0.04534	0.01463	0.01828	0.01682	0.01316	0.01682	0.01170	0.01755	0.00878	0.00658	0.00658	0.00219	0.00878	0.00585	0.00293	0.00731
33	0.01320	0.03405	0.73453	0.01876	0.02849	0.01529	0.02432	0.02085	0.01390	0.02085	0.01181	0.01390	0.00834	0.00625	0.00625	0.00208	0.00973	0.00486	0.00278	0.00973
34	0.81514	0.01273	0.00968	0.00866	0.01273	0.01477	0.00713	0.01935	0.01120	0.02954	0.00917	0.01069	0.00713	0.00611	0.00407	0.00204	0.00509	0.00356	0.00407	0.00713
35	0.01095	0.01335	0.14258	0.01324	0.01543	0.01161	0.01198	0.01365	0.01159	0.01678	0.01953	0.22284	0.02063	0.04059	0.21611	0.00490	0.19401	0.00958	0.00395	0.00671
36	0.01551	0.28982	0.40989	0.01621	0.02377	0.06260	0.03478	0.02063	0.01392	0.01855	0.01073	0.01272	0.00843	0.00622	0.00604	0.00185	0.03197	0.00446	0.00285	0.00906
37	0.00802	0.00573	0.00764	0.00917	0.00955	0.00535	0.00611	0.00917	0.01260	0.01681	0.03628	0.76434	0.04354	0.02062	0.00840	0.00267	0.00382	0.01872	0.00611	0.00535
38	0.01535	0.15421	0.28506	0.01810	0.02451	0.03932	0.14888	0.04039	0.07553	0.02067	0.03448	0.01611	0.01145	0.00703	0.00775	0.00207	0.08082	0.00572	0.00350	0.00903
39	0.00942	0.00701	0.01036	0.01036	0.01147	0.00811	0.00796	0.01162	0.01052	0.01512	0.01783	0.02696	0.01693	0.09504	0.69753	0.01031	0.01692	0.00721	0.00356	0.00576
40	0.01635	0.26389	0.08041	0.06216	0.21704	0.03941	0.19141	0.02031	0.01454	0.01901	0.01144	0.01458	0.00939	0.00580	0.00606	0.00186	0.00870	0.00547	0.00309	0.00910
