[name]
unknown

[dist]
# distance from previous block
# <min> <max>
12	255

[block]
# block no. 0 follows, 29 sequences, length 7
# corresponding to MSA columns:
# 325-331
name=unknown_A
#
# <colnr> <probs for GDERKNQSTAVLIFYWHMCP>
#	G	D	E	R	K	N	Q	S	T	A	V	L	I	F	Y	W	H	M	C	P
0	0.12167	0.01330	0.06557	0.05109	0.06011	0.05418	0.01067	0.03531	0.01607	0.05220	0.12996	0.16941	0.08647	0.06454	0.00951	0.00271	0.00622	0.03784	0.00561	0.00756
1	0.01563	0.05021	0.12454	0.06493	0.02881	0.01558	0.28858	0.06225	0.01718	0.02359	0.04824	0.05258	0.01770	0.00879	0.00776	0.00232	0.00932	0.08066	0.00438	0.07697
2	0.01327	0.00664	0.00664	0.00664	0.00830	0.00664	0.00498	0.01659	0.01493	0.02655	0.02323	0.02655	0.01825	0.00830	0.00498	0.00166	0.00332	0.00664	0.78928	0.00664
3	0.13096	0.03808	0.04568	0.01314	0.04464	0.01371	0.01042	0.12975	0.10607	0.06552	0.08974	0.08561	0.10757	0.01139	0.00707	0.00229	0.00575	0.03641	0.04730	0.00891
4	0.55584	0.01237	0.01095	0.00962	0.01372	0.01353	0.00781	0.02118	0.01442	0.11990	0.09826	0.02174	0.05954	0.00856	0.00549	0.00222	0.00521	0.00606	0.00553	0.00807
5	0.01327	0.00664	0.00664	0.00664	0.00830	0.00664	0.00498	0.01659	0.01493	0.02655	0.02323	0.02655	0.01825	0.00830	0.00498	0.00166	0.00332	0.00664	0.78928	0.00664
6	0.09257	0.08109	0.09302	0.01556	0.05398	0.16342	0.01271	0.07676	0.03765	0.02263	0.01823	0.11202	0.01732	0.01374	0.05424	0.04499	0.00886	0.04300	0.02996	0.00825

[dist]
# distance from previous block
# <min> <max>
0	1

[block]
# block no. 1 follows, 29 sequences, length 8
# corresponding to MSA columns:
# 333-340
name=unknown_B
#
# <colnr> <probs for GDERKNQSTAVLIFYWHMCP>
#	G	D	E	R	K	N	Q	S	T	A	V	L	I	F	Y	W	H	M	C	P
0	0.01603	0.10670	0.43463	0.01904	0.06202	0.01757	0.02076	0.07403	0.07164	0.02414	0.01523	0.04559	0.01205	0.00761	0.00664	0.00215	0.00900	0.00604	0.00390	0.04523
1	0.01535	0.01345	0.07542	0.01374	0.01765	0.01164	0.08247	0.12880	0.01883	0.07094	0.07793	0.11913	0.14229	0.01621	0.06976	0.00315	0.00749	0.04062	0.06676	0.00835
2	0.04822	0.10319	0.20494	0.06402	0.02202	0.12292	0.01483	0.02166	0.04868	0.06832	0.03914	0.08377	0.04434	0.07293	0.00929	0.00258	0.00840	0.00761	0.00449	0.00865
3	0.08047	0.15467	0.02593	0.07077	0.12168	0.10165	0.09165	0.09467	0.01742	0.05947	0.01359	0.01697	0.01107	0.02848	0.03090	0.00253	0.05861	0.00590	0.00418	0.00938
4	0.01327	0.00664	0.00664	0.00664	0.00830	0.00664	0.00498	0.01659	0.01493	0.02655	0.02323	0.02655	0.01825	0.00830	0.00498	0.00166	0.00332	0.00664	0.78928	0.00664
5	0.01810	0.02187	0.11748	0.07482	0.02923	0.13599	0.26863	0.07875	0.01791	0.02335	0.01533	0.04811	0.01240	0.00771	0.00788	0.00224	0.03395	0.00729	0.06986	0.00912
6	0.01327	0.00664	0.00664	0.00664	0.00830	0.00664	0.00498	0.01659	0.01493	0.02655	0.02323	0.02655	0.01825	0.00830	0.00498	0.00166	0.00332	0.00664	0.78928	0.00664
7	0.01746	0.01618	0.03294	0.08577	0.03258	0.01539	0.45689	0.02237	0.01666	0.10902	0.01898	0.10728	0.01593	0.00842	0.00822	0.00243	0.01009	0.00949	0.00459	0.00932

[dist]
# distance from previous block
# <min> <max>
1	4

[block]
# block no. 2 follows, 29 sequences, length 38
# corresponding to MSA columns:
# 345-382
name=unknown_C
#
# <colnr> <probs for GDERKNQSTAVLIFYWHMCP>
#	G	D	E	R	K	N	Q	S	T	A	V	L	I	F	Y	W	H	M	C	P
0	0.01696	0.03822	0.01388	0.01214	0.01492	0.01055	0.00999	0.02051	0.05363	0.19844	0.09968	0.10916	0.10767	0.01480	0.00953	0.00264	0.06395	0.18809	0.00690	0.00832
1	0.01012	0.00698	0.00791	0.00784	0.00828	0.00679	0.00470	0.01069	0.01207	0.01604	0.10452	0.04960	0.10001	0.59130	0.03023	0.00591	0.00616	0.01112	0.00495	0.00476
2	0.05197	0.02064	0.04802	0.01745	0.02015	0.19686	0.03965	0.04757	0.11109	0.02104	0.01397	0.01744	0.01181	0.01317	0.06996	0.00322	0.27713	0.00613	0.00411	0.00862
3	0.01771	0.09110	0.41988	0.02145	0.11136	0.01817	0.02158	0.11673	0.04376	0.05146	0.01442	0.01613	0.01056	0.00710	0.00670	0.00216	0.00929	0.00561	0.00404	0.01081
4	0.01639	0.01355	0.01458	0.01317	0.01680	0.01519	0.01021	0.03247	0.53538	0.04723	0.11863	0.03319	0.08043	0.01092	0.00748	0.00239	0.00520	0.00919	0.00731	0.01030
5	0.02660	0.03394	0.02018	0.01834	0.02201	0.72116	0.01376	0.02843	0.02018	0.01743	0.01101	0.01284	0.00917	0.00734	0.00642	0.00183	0.01284	0.00459	0.00367	0.00825
6	0.04238	0.01348	0.02238	0.32549	0.18202	0.01483	0.07911	0.04282	0.01574	0.02155	0.01801	0.08336	0.01661	0.00952	0.00759	0.00245	0.00854	0.08136	0.00413	0.00863
7	0.01607	0.01412	0.02360	0.03123	0.42138	0.01393	0.06759	0.01985	0.01593	0.05547	0.02271	0.02703	0.09483	0.01304	0.08035	0.00314	0.00886	0.02351	0.03762	0.00975
8	0.00868	0.00620	0.00826	0.00991	0.01033	0.00578	0.00661	0.00991	0.01363	0.01818	0.03925	0.74510	0.04710	0.02231	0.00909	0.00289	0.00413	0.02024	0.00661	0.00578
9	0.07606	0.01061	0.01336	0.01168	0.01485	0.01043	0.06408	0.06035	0.07121	0.07660	0.09345	0.07341	0.25442	0.06958	0.01008	0.00278	0.00559	0.06739	0.00636	0.00770
10	0.01609	0.11397	0.40059	0.02243	0.13417	0.01730	0.04668	0.02286	0.04200	0.04813	0.01542	0.02020	0.01235	0.00762	0.00685	0.00222	0.00929	0.04781	0.00373	0.01028
11	0.01002	0.00717	0.00986	0.01145	0.01246	0.00701	0.00894	0.01226	0.01483	0.01957	0.03779	0.41132	0.04319	0.02223	0.03559	0.00338	0.00580	0.31446	0.00648	0.00616
12	0.30246	0.10961	0.21980	0.01548	0.02197	0.07127	0.06451	0.02349	0.06802	0.02550	0.01267	0.01440	0.00971	0.00684	0.00578	0.00214	0.00825	0.00498	0.00395	0.00915
13	0.00866	0.00626	0.00819	0.00974	0.01028	0.00580	0.00653	0.00993	0.01380	0.01825	0.04138	0.70127	0.08955	0.02203	0.00905	0.00286	0.00410	0.01991	0.00661	0.00580
14	0.00902	0.00663	0.00850	0.00990	0.01060	0.00627	0.00671	0.01105	0.04082	0.01872	0.04126	0.66674	0.09431	0.02149	0.00897	0.00284	0.00415	0.01937	0.00664	0.00602
15	0.01605	0.30417	0.46105	0.01727	0.02614	0.02088	0.02104	0.02209	0.01482	0.02039	0.01171	0.01369	0.00906	0.00651	0.00595	0.00198	0.00944	0.00472	0.00302	0.01001
16	0.05217	0.01460	0.06516	0.48362	0.09146	0.01495	0.01797	0.01885	0.01442	0.02033	0.01259	0.01759	0.00968	0.00672	0.00667	0.00213	0.00862	0.00580	0.00341	0.13326
17	0.00873	0.00657	0.00790	0.00891	0.00991	0.00594	0.00606	0.01004	0.01417	0.01815	0.04799	0.48173	0.24641	0.07916	0.01105	0.00306	0.00419	0.01785	0.00643	0.00574
18	0.02296	0.01138	0.01451	0.01187	0.01597	0.01075	0.00952	0.07949	0.07885	0.36879	0.25460	0.03364	0.03426	0.01080	0.00758	0.00223	0.00525	0.00911	0.00822	0.01022
19	0.73742	0.01421	0.01299	0.01102	0.01565	0.01614	0.06143	0.02108	0.01249	0.03122	0.01027	0.01218	0.00796	0.00656	0.00473	0.00222	0.00603	0.00422	0.00434	0.00786
20	0.01825	0.07379	0.09882	0.01848	0.02316	0.13823	0.15212	0.11202	0.01759	0.02242	0.01458	0.01989	0.01245	0.07119	0.11396	0.00390	0.06967	0.00666	0.00404	0.00876
21	0.01777	0.01207	0.01404	0.01222	0.01572	0.01263	0.00961	0.09354	0.25005	0.13513	0.26860	0.03695	0.05386	0.01159	0.00772	0.00231	0.00508	0.02383	0.00765	0.00963
22	0.00879	0.00645	0.00829	0.00971	0.01047	0.00595	0.00671	0.01022	0.01414	0.01849	0.04375	0.61476	0.13815	0.02157	0.00904	0.00284	0.00419	0.05402	0.00661	0.00586
23	0.01756	0.01578	0.01574	0.01437	0.01809	0.06233	0.01106	0.03500	0.59464	0.02806	0.02864	0.08313	0.02295	0.01052	0.00734	0.00242	0.00598	0.00880	0.00696	0.01064
24	0.02355	0.04966	0.01852	0.01496	0.01895	0.20483	0.01178	0.19594	0.08544	0.13137	0.01952	0.06664	0.01600	0.04947	0.00919	0.00240	0.03923	0.00719	0.02562	0.00973
25	0.00901	0.00641	0.00844	0.00979	0.01032	0.00603	0.00662	0.01040	0.01401	0.01879	0.09090	0.61412	0.04690	0.07592	0.01109	0.00315	0.00436	0.04144	0.00653	0.00578
26	0.00859	0.00722	0.00745	0.00739	0.00972	0.00608	0.00554	0.01055	0.01663	0.02019	0.13674	0.06695	0.63724	0.01768	0.00841	0.00239	0.00358	0.01481	0.00674	0.00608
27	0.01661	0.01780	0.02945	0.02525	0.10355	0.07429	0.28023	0.02037	0.01466	0.02005	0.01299	0.01835	0.01103	0.01311	0.08806	0.00350	0.23131	0.00713	0.00347	0.00879
28	0.01566	0.04819	0.11673	0.04357	0.10472	0.12625	0.04991	0.04626	0.04344	0.02198	0.07191	0.09256	0.15090	0.01125	0.00749	0.00226	0.00784	0.02560	0.00495	0.00853
29	0.01406	0.01492	0.07681	0.40812	0.11369	0.01568	0.04368	0.01852	0.01411	0.01946	0.01351	0.01926	0.01077	0.01121	0.06515	0.00309	0.08178	0.00643	0.04137	0.00837
30	0.00842	0.00721	0.00721	0.00721	0.00962	0.00601	0.00541	0.01022	0.01623	0.01924	0.07213	0.06853	0.70244	0.01803	0.00842	0.00240	0.00361	0.01503	0.00661	0.00601
31	0.01630	0.12895	0.30373	0.04431	0.21113	0.01842	0.04774	0.04614	0.01570	0.02219	0.01290	0.01615	0.01024	0.00880	0.03761	0.00254	0.03790	0.00569	0.00337	0.01020
32	0.05249	0.04605	0.22534	0.01735	0.02384	0.18451	0.04136	0.13298	0.04737	0.12293	0.01595	0.01676	0.01149	0.00757	0.00669	0.00211	0.00946	0.00572	0.01980	0.01024
33	0.01587	0.01577	0.02281	0.02224	0.11593	0.02112	0.01647	0.01780	0.01166	0.01800	0.00992	0.01587	0.00962	0.01160	0.02106	0.00297	0.63359	0.00625	0.00317	0.00828
34	0.00907	0.00724	0.00812	0.00790	0.01002	0.00629	0.00593	0.01149	0.01778	0.02290	0.31982	0.06249	0.45247	0.01667	0.00841	0.00234	0.00351	0.01418	0.00709	0.00629
35	0.07880	0.06900	0.08396	0.04156	0.12265	0.12243	0.23340	0.07020	0.01754	0.02356	0.01525	0.01828	0.03702	0.00721	0.00751	0.00219	0.02938	0.00665	0.00393	0.00949
36	0.01747	0.14180	0.20238	0.09782	0.18684	0.05678	0.06889	0.07443	0.01722	0.02309	0.03906	0.01728	0.01222	0.00701	0.00671	0.00209	0.00921	0.00597	0.00374	0.01000
37	0.01627	0.01304	0.01425	0.01279	0.01625	0.01435	0.00991	0.08091	0.41296	0.04776	0.15335	0.06997	0.08419	0.01173	0.00763	0.00238	0.00517	0.00993	0.00730	0.00985

[dist]
# distance from previous block
# <min> <max>
0	1

[block]
# block no. 3 follows, 29 sequences, length 32
# corresponding to MSA columns:
# 384-396,409-427
name=unknown_D
#
# <colnr> <probs for GDERKNQSTAVLIFYWHMCP>
#	G	D	E	R	K	N	Q	S	T	A	V	L	I	F	Y	W	H	M	C	P
0	0.01704	0.11615	0.05966	0.02716	0.31721	0.03399	0.01685	0.02205	0.07648	0.04055	0.05306	0.05031	0.01723	0.00895	0.00875	0.00225	0.08736	0.03073	0.00433	0.00989
1	0.44986	0.11429	0.09146	0.08751	0.07632	0.01786	0.01281	0.03787	0.01383	0.02717	0.01096	0.01331	0.00862	0.00664	0.00524	0.00213	0.00702	0.00452	0.00395	0.00862
2	0.01914	0.01871	0.01577	0.04810	0.01884	0.21016	0.01100	0.14804	0.14017	0.02596	0.04633	0.03124	0.17951	0.01073	0.00719	0.00216	0.00759	0.00841	0.04209	0.00886
3	0.01030	0.00691	0.00794	0.00800	0.00806	0.00696	0.00459	0.01045	0.01050	0.01406	0.02280	0.06725	0.02618	0.69646	0.06584	0.00698	0.00736	0.01054	0.00436	0.00445
4	0.01967	0.63806	0.03391	0.01224	0.01798	0.02594	0.01179	0.06212	0.01570	0.04914	0.01178	0.01412	0.01054	0.04389	0.00644	0.00186	0.00752	0.00445	0.00362	0.00921
5	0.01407	0.01198	0.01473	0.18388	0.02250	0.03908	0.01139	0.06616	0.14724	0.02661	0.30725	0.03659	0.06692	0.01131	0.00771	0.00229	0.00594	0.00973	0.00635	0.00827
6	0.02612	0.01959	0.02187	0.01665	0.02243	0.02136	0.03891	0.62663	0.03200	0.04306	0.01679	0.01707	0.01199	0.00830	0.00709	0.00210	0.00788	0.00639	0.00686	0.04689
7	0.01437	0.01399	0.02245	0.01834	0.01996	0.01704	0.15153	0.01664	0.01208	0.01763	0.01375	0.02333	0.01354	0.15507	0.08414	0.00442	0.38323	0.00759	0.00351	0.00738
8	0.00893	0.00671	0.00818	0.00902	0.01018	0.00608	0.00632	0.01058	0.01508	0.01959	0.12451	0.41561	0.23940	0.05256	0.01005	0.00287	0.00409	0.03765	0.00665	0.00592
9	0.07861	0.09315	0.17092	0.02428	0.23948	0.01782	0.01772	0.12754	0.03582	0.07246	0.01713	0.01876	0.04064	0.00753	0.00663	0.00212	0.00805	0.00615	0.00459	0.01060
10	0.02217	0.01935	0.02267	0.01753	0.02267	0.11640	0.13294	0.31088	0.02420	0.05200	0.04774	0.02068	0.01502	0.06134	0.00925	0.00239	0.00874	0.00692	0.00561	0.08149
11	0.00868	0.00620	0.00826	0.00991	0.01033	0.00578	0.00661	0.00991	0.01363	0.01818	0.03925	0.74510	0.04710	0.02231	0.00909	0.00289	0.00413	0.02024	0.00661	0.00578
12	0.01408	0.03422	0.64014	0.02016	0.02995	0.01599	0.05647	0.02184	0.01504	0.02231	0.01438	0.05728	0.01130	0.00762	0.00698	0.00230	0.01023	0.00628	0.00324	0.01021
13	0.01912	0.01921	0.02101	0.06648	0.16928	0.17500	0.04425	0.07939	0.16579	0.02443	0.03699	0.06031	0.01779	0.00937	0.00771	0.00227	0.02671	0.04016	0.00506	0.00965
14	0.01237	0.00618	0.00928	0.00928	0.00928	0.00618	0.00618	0.00928	0.00928	0.01237	0.01237	0.02165	0.01237	0.02474	0.02783	0.79283	0.00618	0.00618	0.00309	0.00309
15	0.00866	0.00625	0.00821	0.00977	0.01029	0.00580	0.00655	0.00993	0.01377	0.01823	0.04101	0.70877	0.08229	0.02208	0.00905	0.00287	0.00410	0.01996	0.00661	0.00580
16	0.01928	0.21562	0.26006	0.01954	0.05979	0.16060	0.07400	0.07220	0.01749	0.02176	0.01218	0.01431	0.00957	0.00675	0.00631	0.00198	0.01006	0.00516	0.00353	0.00980
17	0.01873	0.19068	0.05766	0.01443	0.01943	0.02053	0.01248	0.09423	0.43535	0.02778	0.02253	0.02151	0.01720	0.00857	0.00658	0.00217	0.00656	0.00675	0.00603	0.01081
18	0.01089	0.00827	0.01014	0.00950	0.01153	0.00802	0.00717	0.01619	0.10311	0.02793	0.56596	0.05117	0.11435	0.01424	0.00826	0.00228	0.00366	0.01246	0.00766	0.00722
19	0.00979	0.00727	0.00911	0.00865	0.01046	0.00659	0.00649	0.01287	0.01947	0.02692	0.59093	0.05589	0.17885	0.01517	0.00840	0.00227	0.00340	0.01326	0.00762	0.00659
20	0.00983	0.00737	0.00934	0.01026	0.01185	0.00687	0.00813	0.01226	0.01618	0.02090	0.12714	0.22237	0.22907	0.01919	0.00910	0.00283	0.00481	0.25950	0.00674	0.00625
21	0.14408	0.02041	0.07627	0.01572	0.02062	0.15116	0.08303	0.19411	0.02108	0.02951	0.07736	0.02192	0.05270	0.00861	0.00672	0.00212	0.00821	0.00681	0.05040	0.00916
22	0.01237	0.00618	0.00928	0.00928	0.00928	0.00618	0.00618	0.00928	0.00928	0.01237	0.01237	0.02165	0.01237	0.02474	0.02783	0.79283	0.00618	0.00618	0.00309	0.00309
23	0.00868	0.00620	0.00826	0.00991	0.01033	0.00578	0.00661	0.00991	0.01363	0.01818	0.03925	0.74510	0.04710	0.02231	0.00909	0.00289	0.00413	0.02024	0.00661	0.00578
24	0.01510	0.01301	0.01499	0.08436	0.04542	0.01446	0.01127	0.04463	0.39361	0.02596	0.03659	0.03768	0.17259	0.01170	0.00763	0.00244	0.00578	0.04673	0.00652	0.00952
25	0.01688	0.01701	0.02380	0.40984	0.16301	0.10598	0.05690	0.05602	0.01641	0.02069	0.01280	0.01774	0.00999	0.00722	0.00770	0.00227	0.03709	0.00623	0.00353	0.00889
26	0.00860	0.00717	0.00749	0.00751	0.00975	0.00607	0.00560	0.01053	0.01651	0.02013	0.13435	0.09701	0.60908	0.01787	0.00844	0.00241	0.00361	0.01504	0.00674	0.00607
27	0.01022	0.00743	0.01045	0.01045	0.01138	0.00836	0.00766	0.01208	0.01115	0.01579	0.01998	0.03300	0.01998	0.24136	0.53657	0.01022	0.01579	0.00836	0.00395	0.00581
28	0.06182	0.01995	0.01814	0.01604	0.04602	0.17731	0.01217	0.27351	0.08377	0.03084	0.01676	0.01888	0.01315	0.03646	0.00862	0.00228	0.05009	0.00618	0.09832	0.00971
29	0.28801	0.01751	0.07962	0.06065	0.08125	0.04399	0.01345	0.13693	0.01733	0.04720	0.03879	0.01692	0.01220	0.01005	0.04069	0.00270	0.07327	0.00565	0.00468	0.00912
30	0.44084	0.04958	0.01467	0.01422	0.08724	0.10367	0.00992	0.02009	0.01372	0.02578	0.04655	0.01582	0.01202	0.00941	0.00819	0.10474	0.00682	0.00498	0.00416	0.00757
31	0.01994	0.01470	0.01706	0.01570	0.07906	0.01553	0.01127	0.30450	0.08718	0.05856	0.09511	0.02770	0.04812	0.08660	0.01016	0.00261	0.00652	0.00795	0.04700	0.04472

[dist]
# distance from previous block
# <min> <max>
0	18

[block]
# block no. 4 follows, 29 sequences, length 29
# corresponding to MSA columns:
# 446-461,464-476
name=unknown_E
#
# <colnr> <probs for GDERKNQSTAVLIFYWHMCP>
#	G	D	E	R	K	N	Q	S	T	A	V	L	I	F	Y	W	H	M	C	P
0	0.00898	0.00713	0.00809	0.00825	0.01018	0.00624	0.00614	0.01114	0.01682	0.02141	0.21651	0.15744	0.43330	0.01786	0.00856	0.00247	0.00375	0.04266	0.00690	0.00617
1	0.04726	0.09323	0.02387	0.04616	0.13084	0.17456	0.09173	0.09934	0.01884	0.08683	0.01776	0.07445	0.02927	0.02560	0.00761	0.00223	0.00894	0.00729	0.00477	0.00943
2	0.07312	0.01836	0.05299	0.02761	0.30374	0.06549	0.05802	0.12221	0.08144	0.05169	0.01674	0.02043	0.01339	0.00770	0.00697	0.00219	0.00820	0.03032	0.02885	0.01053
3	0.01039	0.00700	0.00818	0.00843	0.00862	0.00698	0.00517	0.01079	0.01114	0.01480	0.02484	0.08370	0.02849	0.63839	0.03217	0.00633	0.00673	0.07853	0.00466	0.00462
4	0.01715	0.07669	0.06377	0.03426	0.41122	0.01867	0.12697	0.02132	0.01535	0.02176	0.01267	0.01697	0.01065	0.00717	0.00940	0.00226	0.11359	0.00641	0.00342	0.01030
5	0.01567	0.01500	0.02645	0.08740	0.13375	0.01528	0.24262	0.06190	0.06447	0.02505	0.14777	0.02784	0.02348	0.01009	0.02758	0.00260	0.03053	0.02842	0.00492	0.00920
6	0.01763	0.01685	0.02836	0.04247	0.67631	0.01695	0.02141	0.02253	0.04479	0.02354	0.01405	0.01800	0.01172	0.00648	0.00706	0.00213	0.00834	0.00642	0.00368	0.01128
7	0.00867	0.00623	0.00822	0.00982	0.01030	0.00579	0.00657	0.00993	0.01373	0.01822	0.04043	0.72071	0.07072	0.02215	0.00906	0.00287	0.00411	0.02005	0.00661	0.00579
8	0.01935	0.01597	0.01886	0.06493	0.11504	0.03875	0.01325	0.25619	0.15159	0.03072	0.04736	0.06930	0.04786	0.04579	0.00923	0.00252	0.02890	0.00831	0.00600	0.01008
9	0.01439	0.01286	0.01526	0.01383	0.01503	0.06997	0.01077	0.06646	0.01349	0.01848	0.01605	0.02566	0.01566	0.15932	0.28314	0.00672	0.22458	0.00738	0.00394	0.00700
10	0.01014	0.00711	0.00914	0.00922	0.00980	0.00745	0.00617	0.01133	0.01172	0.01617	0.07508	0.09569	0.02810	0.40940	0.25505	0.00771	0.01037	0.01044	0.00460	0.00528
11	0.00919	0.00666	0.00878	0.01020	0.01103	0.00625	0.00734	0.01092	0.01461	0.01928	0.07336	0.54792	0.09762	0.02116	0.00913	0.00289	0.00446	0.12655	0.00666	0.00598
12	0.01019	0.00757	0.01116	0.01116	0.01233	0.00875	0.00855	0.01253	0.01136	0.01632	0.01933	0.02941	0.01843	0.10716	0.66863	0.01109	0.01813	0.00784	0.00385	0.00620
13	0.01574	0.07925	0.54644	0.02015	0.04658	0.07371	0.02352	0.02253	0.01514	0.02140	0.01222	0.01474	0.00912	0.00718	0.00783	0.00224	0.06385	0.00522	0.00308	0.01008
14	0.01952	0.01828	0.01839	0.01847	0.10354	0.12642	0.01286	0.10355	0.38013	0.02863	0.07488	0.02434	0.02094	0.00915	0.00717	0.00224	0.00717	0.00749	0.00626	0.01054
15	0.01013	0.00750	0.01093	0.01100	0.01210	0.00857	0.00833	0.01236	0.01141	0.01631	0.02020	0.05727	0.01977	0.12579	0.62198	0.01064	0.01722	0.00840	0.00397	0.00612
16	0.02277	0.01372	0.01587	0.01347	0.01799	0.01441	0.01070	0.03541	0.40441	0.29073	0.03055	0.02752	0.05022	0.00970	0.00726	0.00233	0.00571	0.00802	0.00782	0.01136
17	0.01783	0.01935	0.02520	0.20282	0.21753	0.18373	0.11939	0.02164	0.01654	0.02011	0.01503	0.07975	0.01335	0.00810	0.00730	0.00222	0.00993	0.00744	0.00375	0.00899
18	0.01697	0.01352	0.01378	0.01233	0.01564	0.06170	0.00955	0.12396	0.20603	0.07120	0.09299	0.09028	0.16297	0.04275	0.00890	0.00255	0.00587	0.03324	0.00681	0.00894
19	0.01177	0.01058	0.01628	0.45423	0.03405	0.01216	0.01446	0.01562	0.01561	0.02003	0.13226	0.03566	0.17805	0.01078	0.00761	0.00236	0.00719	0.00934	0.00468	0.00729
20	0.00859	0.00722	0.00746	0.00740	0.00973	0.00609	0.00555	0.01056	0.01665	0.02023	0.13920	0.06689	0.63476	0.01766	0.00841	0.00239	0.00358	0.01480	0.00674	0.00609
21	0.04745	0.40540	0.22041	0.01519	0.02222	0.07744	0.01617	0.08312	0.01673	0.02156	0.01145	0.01306	0.00933	0.00662	0.00555	0.00183	0.00877	0.00451	0.00351	0.00968
22	0.01660	0.01982	0.07312	0.02878	0.03566	0.01819	0.60325	0.02242	0.01632	0.02242	0.01399	0.01876	0.01062	0.00647	0.00933	0.00244	0.06064	0.00811	0.00354	0.00953
23	0.00932	0.00647	0.00807	0.00909	0.00934	0.00621	0.00573	0.01008	0.01237	0.01650	0.03279	0.47677	0.03895	0.30176	0.01952	0.00443	0.00520	0.01644	0.00573	0.00522
24	0.01036	0.00690	0.00777	0.00777	0.00777	0.00690	0.00431	0.01036	0.01036	0.01381	0.02244	0.04660	0.02589	0.74975	0.03624	0.00690	0.00690	0.01036	0.00431	0.00431
25	0.07811	0.07698	0.02188	0.01699	0.02158	0.32592	0.05434	0.23072	0.02286	0.02735	0.01434	0.04981	0.01193	0.00822	0.00662	0.00202	0.00992	0.00605	0.00490	0.00945
26	0.00842	0.00721	0.00721	0.00721	0.00962	0.00601	0.00541	0.01022	0.01623	0.01924	0.07213	0.06853	0.70244	0.01803	0.00842	0.00240	0.00361	0.01503	0.00661	0.00601
27	0.00852	0.00722	0.00735	0.00732	0.00968	0.00605	0.00549	0.01041	0.01647	0.01980	0.10999	0.06761	0.66424	0.01782	0.00841	0.00239	0.00359	0.01490	0.00669	0.00605
28	0.00842	0.00721	0.00721	0.00721	0.00962	0.00601	0.00541	0.01022	0.01623	0.01924	0.07213	0.06853	0.70244	0.01803	0.00842	0.00240	0.00361	0.01503	0.00661	0.00601

[dist]
# distance from previous block
# <min> <max>
0	1

[block]
# block no. 5 follows, 29 sequences, length 81
# corresponding to MSA columns:
# 478-558
name=unknown_F
#
# <colnr> <probs for GDERKNQSTAVLIFYWHMCP>
#	G	D	E	R	K	N	Q	S	T	A	V	L	I	F	Y	W	H	M	C	P
0	0.01659	0.22297	0.45850	0.01782	0.02643	0.07351	0.02112	0.02323	0.03969	0.02091	0.01248	0.01434	0.00952	0.00674	0.00618	0.00204	0.00977	0.00493	0.00322	0.01002
1	0.01023	0.00739	0.01023	0.01023	0.01108	0.00824	0.00738	0.01194	0.01108	0.01563	0.02018	0.03413	0.02047	0.28358	0.49502	0.00994	0.01505	0.00853	0.00398	0.00568
2	0.01477	0.01266	0.01477	0.01055	0.01687	0.00949	0.00844	0.01793	0.01477	0.02320	0.01266	0.01477	0.01055	0.00527	0.00527	0.00105	0.00527	0.00422	0.00422	0.79328
3	0.01658	0.44426	0.21747	0.01454	0.02115	0.02194	0.01592	0.02065	0.01492	0.01903	0.01495	0.02297	0.01399	0.00836	0.00597	0.00199	0.00825	0.10437	0.00357	0.00912
4	0.02707	0.01995	0.02137	0.01638	0.02208	0.02208	0.01353	0.68159	0.03348	0.04488	0.01710	0.01710	0.01211	0.00855	0.00712	0.00214	0.00784	0.00641	0.00712	0.01211
5	0.01557	0.04346	0.05251	0.07286	0.03088	0.01627	0.41197	0.04103	0.06346	0.02274	0.02253	0.07288	0.08213	0.00872	0.00806	0.00239	0.00970	0.00936	0.00439	0.00908
6	0.01990	0.01308	0.01570	0.01151	0.01759	0.01069	0.00932	0.07278	0.01757	0.19239	0.01676	0.01725	0.01239	0.00639	0.00588	0.00142	0.00566	0.00510	0.00556	0.54306
7	0.03057	0.01181	0.01608	0.01244	0.01770	0.01023	0.01023	0.03336	0.02037	0.66737	0.07047	0.02606	0.02074	0.00917	0.00724	0.00221	0.00589	0.00752	0.00875	0.01178
8	0.00905	0.00713	0.00817	0.00815	0.01007	0.00624	0.00602	0.01136	0.01738	0.02252	0.29830	0.13679	0.39903	0.01723	0.00848	0.00240	0.00357	0.01481	0.00706	0.00624
9	0.01754	0.52849	0.24976	0.01473	0.02222	0.02452	0.01663	0.02171	0.01465	0.01858	0.01080	0.01256	0.00910	0.00630	0.00526	0.00175	0.00853	0.00426	0.00303	0.00957
10	0.01904	0.75404	0.03731	0.01218	0.01828	0.02818	0.01218	0.02132	0.01447	0.01675	0.00990	0.01142	0.00914	0.00609	0.00457	0.00152	0.00761	0.00381	0.00305	0.00914
11	0.00865	0.00629	0.00816	0.00966	0.01026	0.00580	0.00650	0.00994	0.01387	0.01828	0.04231	0.68208	0.10814	0.02191	0.00903	0.00285	0.00408	0.01976	0.00661	0.00580
12	0.01670	0.01620	0.02464	0.35122	0.33811	0.06095	0.02006	0.04831	0.01630	0.02152	0.01307	0.01791	0.01038	0.00685	0.00704	0.00221	0.00917	0.00623	0.00352	0.00961
13	0.01002	0.00742	0.00910	0.05417	0.01273	0.00684	0.00702	0.01198	0.01568	0.04789	0.12375	0.28134	0.32682	0.04052	0.00936	0.00267	0.00432	0.01548	0.00655	0.00633
14	0.03458	0.00683	0.00674	0.00671	0.00844	0.00689	0.00505	0.01671	0.01486	0.02669	0.02287	0.02614	0.01797	0.00825	0.00496	0.00167	0.00338	0.00656	0.76803	0.00667
15	0.00948	0.00675	0.00908	0.01066	0.01137	0.00646	0.00778	0.01120	0.01421	0.01880	0.03810	0.54047	0.04456	0.05384	0.01049	0.00317	0.00489	0.18628	0.00649	0.00592
16	0.01661	0.11260	0.40215	0.01815	0.02640	0.06162	0.05905	0.07232	0.01674	0.02323	0.01355	0.03686	0.01070	0.00712	0.00652	0.00203	0.00945	0.00566	0.00364	0.09559
17	0.01596	0.01506	0.02540	0.24025	0.47205	0.01597	0.02015	0.02007	0.01528	0.02121	0.01375	0.01984	0.01168	0.05334	0.00891	0.00249	0.00866	0.00659	0.00347	0.00987
18	0.01389	0.01184	0.01253	0.01176	0.01490	0.01284	0.00897	0.02636	0.41187	0.02530	0.04340	0.11531	0.23481	0.01358	0.00780	0.00246	0.00485	0.01149	0.00698	0.00907
19	0.02040	0.64408	0.03457	0.01289	0.01869	0.10412	0.01229	0.02265	0.01534	0.04514	0.01076	0.01210	0.00949	0.00634	0.00488	0.00159	0.00813	0.00403	0.00335	0.00916
20	0.00934	0.00682	0.00939	0.01151	0.03576	0.00648	0.00775	0.01093	0.01406	0.01874	0.03813	0.63816	0.04507	0.02142	0.00911	0.00291	0.00458	0.09727	0.00649	0.00607
21	0.01437	0.01360	0.02302	0.58076	0.19372	0.01606	0.02023	0.01900	0.01467	0.01931	0.01282	0.01868	0.00989	0.00695	0.00710	0.00232	0.00926	0.00633	0.00324	0.00865
22	0.01837	0.01540	0.02159	0.12444	0.17597	0.03780	0.06169	0.11168	0.06118	0.07373	0.05543	0.03967	0.01613	0.00785	0.00698	0.00203	0.00760	0.00697	0.00503	0.15049
23	0.01373	0.03503	0.01562	0.01332	0.01495	0.01346	0.03289	0.01795	0.09476	0.03547	0.09080	0.04941	0.02211	0.07210	0.16693	0.03700	0.19412	0.00822	0.06472	0.00741
24	0.00886	0.00631	0.00817	0.00958	0.01001	0.00592	0.00631	0.00998	0.01335	0.01771	0.03845	0.64225	0.06706	0.10521	0.01217	0.00333	0.00443	0.01894	0.00635	0.00562
25	0.01204	0.00942	0.01045	0.00981	0.01233	0.00956	0.00747	0.01962	0.20455	0.02622	0.28420	0.04744	0.21979	0.01355	0.00777	0.00228	0.00405	0.01154	0.08014	0.00778
26	0.01763	0.04252	0.20519	0.09970	0.21831	0.06498	0.07906	0.07445	0.08388	0.02425	0.01481	0.01759	0.01136	0.00706	0.00702	0.00220	0.00937	0.00623	0.00400	0.01039
27	0.02027	0.01772	0.02064	0.02242	0.19588	0.06708	0.01447	0.19957	0.25723	0.03111	0.06293	0.02251	0.01852	0.00866	0.00718	0.00221	0.00730	0.00725	0.00604	0.01099
28	0.00901	0.00643	0.00853	0.00988	0.01047	0.00603	0.00676	0.01053	0.01436	0.01930	0.11080	0.61758	0.04833	0.04497	0.00993	0.00297	0.00424	0.04734	0.00667	0.00587
29	0.01634	0.01725	0.03404	0.17383	0.18346	0.01732	0.37920	0.02224	0.04162	0.02224	0.01438	0.01910	0.01105	0.00644	0.00781	0.00233	0.01049	0.00753	0.00363	0.00969
30	0.04597	0.11899	0.13420	0.08285	0.09884	0.10551	0.01618	0.14776	0.04809	0.07824	0.01510	0.01697	0.01147	0.00941	0.03820	0.00249	0.00927	0.00574	0.00465	0.01009
31	0.02699	0.01436	0.01736	0.01396	0.01900	0.01444	0.01148	0.20543	0.12230	0.38088	0.02604	0.02697	0.01855	0.00970	0.00737	0.00230	0.00651	0.05683	0.00796	0.01157
32	0.00892	0.00648	0.00837	0.00978	0.01047	0.00603	0.00674	0.01032	0.01397	0.01834	0.04191	0.59693	0.11484	0.05136	0.01018	0.00303	0.00437	0.06565	0.00651	0.00580
33	0.01544	0.02757	0.40429	0.08227	0.24232	0.01669	0.04756	0.02241	0.03326	0.02264	0.01345	0.01660	0.01016	0.00671	0.00695	0.00223	0.00973	0.00587	0.00331	0.01055
34	0.01942	0.01693	0.06941	0.01471	0.01926	0.04718	0.01242	0.07291	0.42326	0.10943	0.05201	0.02861	0.02206	0.00998	0.00736	0.00238	0.00649	0.04852	0.00692	0.01076
35	0.01377	0.01298	0.02194	0.67974	0.09943	0.01590	0.01993	0.01847	0.01439	0.01858	0.01271	0.01888	0.00963	0.00706	0.00711	0.00235	0.00941	0.00633	0.00319	0.00817
36	0.00887	0.00648	0.00839	0.00976	0.01053	0.00600	0.00678	0.01039	0.01436	0.01889	0.06799	0.59727	0.12490	0.02135	0.00903	0.00283	0.00419	0.05944	0.00665	0.00589
37	0.00868	0.00620	0.00826	0.00991	0.01033	0.00578	0.00661	0.00991	0.01363	0.01818	0.03925	0.74510	0.04710	0.02231	0.00909	0.00289	0.00413	0.02024	0.00661	0.00578
38	0.01558	0.01558	0.02181	0.01869	0.01869	0.02181	0.01558	0.01714	0.01091	0.01714	0.00935	0.01558	0.00935	0.01246	0.02337	0.00312	0.73672	0.00623	0.00312	0.00779
39	0.01585	0.01314	0.01619	0.01163	0.01795	0.01028	0.03721	0.03919	0.01563	0.04846	0.01342	0.01537	0.01086	0.00553	0.00553	0.00119	0.00567	0.00457	0.00445	0.70790
40	0.80005	0.01377	0.01047	0.00936	0.01377	0.01597	0.00771	0.02093	0.01212	0.03195	0.00991	0.01157	0.00771	0.00661	0.00441	0.00220	0.00551	0.00386	0.00441	0.00771
41	0.01145	0.00758	0.00996	0.00919	0.01111	0.00695	0.00695	0.01478	0.02017	0.07145	0.65920	0.05137	0.06407	0.01420	0.00832	0.00224	0.00353	0.01252	0.00790	0.00706
42	0.05717	0.21748	0.02437	0.01611	0.02071	0.41669	0.01307	0.11559	0.02018	0.02162	0.01151	0.01300	0.00950	0.00715	0.00595	0.00181	0.01050	0.00460	0.00401	0.00899
43	0.01771	0.01530	0.01610	0.01449	0.01852	0.01771	0.01127	0.03784	0.69247	0.02979	0.02898	0.02657	0.02174	0.00966	0.00725	0.00242	0.00564	0.00805	0.00725	0.01127
44	0.01534	0.01240	0.01463	0.01170	0.01648	0.01104	0.00949	0.08197	0.03571	0.02474	0.01812	0.02724	0.01659	0.03549	0.00809	0.00187	0.03641	0.10674	0.03830	0.47767
45	0.01888	0.72964	0.06029	0.01246	0.01870	0.02778	0.01266	0.02136	0.01449	0.01695	0.01000	0.01155	0.00913	0.00611	0.00464	0.00155	0.00771	0.00386	0.00304	0.00919
46	0.00864	0.00722	0.00753	0.00745	0.00976	0.00611	0.00559	0.01066	0.01677	0.02052	0.15872	0.06642	0.61506	0.01756	0.00841	0.00238	0.00357	0.01473	0.00678	0.00611
47	0.00873	0.00644	0.00818	0.00940	0.01023	0.00589	0.00642	0.01021	0.01451	0.01907	0.09034	0.58617	0.15620	0.02107	0.00893	0.00277	0.00399	0.01888	0.00670	0.00589
48	0.01771	0.01530	0.01610	0.01449	0.01852	0.01771	0.01127	0.03784	0.69247	0.02979	0.02898	0.02657	0.02174	0.00966	0.00725	0.00242	0.00564	0.00805	0.00725	0.01127
49	0.35036	0.01280	0.01401	0.01130	0.01635	0.01275	0.00932	0.02899	0.01696	0.42907	0.02056	0.01898	0.01352	0.00790	0.00602	0.00220	0.00583	0.00579	0.00699	0.01029
50	0.01017	0.00763	0.01144	0.01144	0.01272	0.00890	0.00890	0.01272	0.01144	0.01653	0.01907	0.02797	0.01780	0.05340	0.72153	0.01144	0.01907	0.00763	0.00381	0.00636
51	0.00937	0.00725	0.00854	0.00822	0.01021	0.00642	0.00617	0.01208	0.01850	0.02461	0.43526	0.05968	0.33597	0.01603	0.00841	0.00231	0.00346	0.01379	0.00732	0.00642
52	0.03051	0.01356	0.01731	0.01337	0.01884	0.01272	0.01101	0.14251	0.05233	0.56938	0.02630	0.02315	0.01689	0.00881	0.00716	0.00220	0.00634	0.00708	0.00846	0.01208
53	0.02783	0.01328	0.01658	0.01331	0.01841	0.01289	0.01080	0.05888	0.20700	0.49781	0.02794	0.02462	0.01857	0.00904	0.00718	0.00226	0.00601	0.00738	0.00832	0.01188
54	0.00844	0.00714	0.00729	0.00742	0.00967	0.00599	0.00550	0.01020	0.01603	0.01916	0.06962	0.12028	0.65232	0.01836	0.00847	0.00244	0.00365	0.01543	0.00661	0.00599
55	0.01619	0.01545	0.02630	0.28100	0.47928	0.01654	0.02114	0.02059	0.01553	0.02152	0.01314	0.01809	0.01066	0.00661	0.00707	0.00220	0.00882	0.00634	0.00340	0.01012
56	0.02725	0.01362	0.01675	0.01342	0.01847	0.01343	0.01089	0.10549	0.18877	0.44899	0.04646	0.02487	0.01947	0.00916	0.00721	0.00225	0.00607	0.00746	0.00821	0.01175
57	0.00905	0.00665	0.00857	0.00997	0.01087	0.00617	0.00714	0.01068	0.01444	0.01880	0.04414	0.54167	0.14832	0.02125	0.00909	0.00287	0.00441	0.11336	0.00660	0.00593
58	0.01526	0.01302	0.02171	0.61189	0.10925	0.01552	0.01926	0.01980	0.01490	0.07161	0.01391	0.01926	0.01028	0.00717	0.00712	0.00234	0.00913	0.00639	0.00363	0.00855
59	0.01481	0.01487	0.02375	0.01931	0.02130	0.01824	0.15700	0.01805	0.03350	0.01932	0.04500	0.02272	0.05964	0.01439	0.06817	0.00345	0.42690	0.00772	0.00383	0.00802
60	0.00880	0.00625	0.00822	0.00975	0.01013	0.00587	0.00643	0.00995	0.01338	0.01784	0.03796	0.69168	0.04547	0.07795	0.01117	0.00320	0.00434	0.01949	0.00643	0.00567
61	0.01854	0.67841	0.10855	0.01304	0.01960	0.02695	0.01367	0.02145	0.01453	0.01736	0.01020	0.01180	0.00913	0.00616	0.00480	0.00160	0.00792	0.00396	0.00304	0.00928
62	0.01897	0.01691	0.01886	0.04678	0.09258	0.08140	0.01231	0.17044	0.01950	0.02712	0.01344	0.01563	0.01075	0.00672	0.00687	0.00163	0.03949	0.00515	0.00466	0.39079
63	0.02185	0.01712	0.01818	0.01508	0.01978	0.01932	0.01208	0.33309	0.36477	0.03661	0.02331	0.02221	0.01718	0.00910	0.00711	0.00226	0.00656	0.00725	0.03566	0.01149
64	0.74021	0.01389	0.01090	0.00976	0.01413	0.01611	0.00798	0.02222	0.06415	0.03178	0.01137	0.01271	0.00878	0.00684	0.00462	0.00222	0.00552	0.00418	0.00462	0.00798
65	0.00957	0.00710	0.00892	0.00879	0.01041	0.00645	0.00647	0.01233	0.01847	0.02533	0.48946	0.15971	0.17799	0.01634	0.00851	0.00237	0.00352	0.01437	0.00743	0.00645
66	0.00861	0.00645	0.00800	0.00924	0.01015	0.00584	0.00631	0.00999	0.01428	0.01844	0.04743	0.57665	0.21026	0.02124	0.00892	0.00277	0.00400	0.01894	0.00661	0.00584
67	0.00868	0.00620	0.00826	0.00991	0.01033	0.00578	0.00661	0.00991	0.01363	0.01818	0.03925	0.74510	0.04710	0.02231	0.00909	0.00289	0.00413	0.02024	0.00661	0.00578
68	0.01482	0.05339	0.51736	0.07630	0.03300	0.01710	0.14441	0.02223	0.01528	0.02209	0.01298	0.01599	0.00938	0.00663	0.00702	0.00227	0.01063	0.00587	0.00313	0.01011
69	0.01814	0.01471	0.01587	0.01424	0.01820	0.01665	0.01126	0.08422	0.54178	0.05430	0.03005	0.03147	0.04278	0.01062	0.00748	0.00246	0.00583	0.06191	0.00722	0.01082
70	0.00970	0.00723	0.00868	0.00832	0.01022	0.00650	0.00624	0.01258	0.01872	0.02558	0.47785	0.05681	0.26178	0.01537	0.00826	0.00227	0.00343	0.01328	0.04069	0.00650
71	0.01829	0.01517	0.01612	0.01442	0.01850	0.01742	0.01124	0.03771	0.66504	0.05756	0.02895	0.02647	0.02157	0.00963	0.00724	0.00241	0.00565	0.00801	0.00731	0.01131
72	0.01769	0.02420	0.31070	0.07741	0.09343	0.01575	0.15426	0.02358	0.01610	0.12921	0.01614	0.03738	0.01200	0.00752	0.00781	0.00232	0.03327	0.00681	0.00419	0.01024
73	0.01477	0.01266	0.01477	0.01055	0.01687	0.00949	0.00844	0.01793	0.01477	0.02320	0.01266	0.01477	0.01055	0.00527	0.00527	0.00105	0.00527	0.00422	0.00422	0.79328
74	0.00929	0.00725	0.00843	0.00814	0.01016	0.00638	0.00610	0.01192	0.01830	0.02416	0.40459	0.06043	0.36692	0.01620	0.00841	0.00232	0.00348	0.01389	0.00726	0.00638
75	0.01633	0.01568	0.02620	0.21747	0.46224	0.01717	0.02064	0.02040	0.01513	0.02130	0.01276	0.01775	0.01061	0.00721	0.00885	0.00229	0.08822	0.00633	0.00339	0.01004
76	0.01649	0.09328	0.24725	0.01963	0.02623	0.06296	0.17853	0.05502	0.03930	0.02330	0.06746	0.02062	0.03069	0.00798	0.00805	0.00223	0.05248	0.00690	0.03217	0.00943
77	0.01017	0.00763	0.01144	0.01144	0.01272	0.00890	0.00890	0.01272	0.01144	0.01653	0.01907	0.02797	0.01780	0.05340	0.72153	0.01144	0.01907	0.00763	0.00381	0.00636
78	0.00868	0.00620	0.00826	0.00991	0.01033	0.00578	0.00661	0.00991	0.01363	0.01818	0.03925	0.74510	0.04710	0.02231	0.00909	0.00289	0.00413	0.02024	0.00661	0.00578
79	0.01359	0.01280	0.02161	0.70979	0.07080	0.01586	0.01984	0.01831	0.01430	0.01836	0.01268	0.01894	0.00955	0.00709	0.00712	0.00236	0.00946	0.00633	0.00318	0.00802
80	0.04494	0.02048	0.02169	0.02229	0.17370	0.16387	0.03606	0.26441	0.05611	0.03001	0.01525	0.01731	0.01186	0.00863	0.00803	0.04703	0.00872	0.00609	0.03337	0.01017

[dist]
# distance from previous block
# <min> <max>
0	1

[block]
# block no. 6 follows, 29 sequences, length 13
# corresponding to MSA columns:
# 560-572
name=unknown_G
#
# <colnr> <probs for GDERKNQSTAVLIFYWHMCP>
#	G	D	E	R	K	N	Q	S	T	A	V	L	I	F	Y	W	H	M	C	P
0	0.01345	0.01266	0.02136	0.73264	0.04904	0.01582	0.01978	0.01819	0.01424	0.01819	0.01266	0.01898	0.00949	0.00712	0.00712	0.00237	0.00949	0.00633	0.00316	0.00791
1	0.01690	0.06604	0.41093	0.01890	0.02712	0.06053	0.06662	0.07494	0.10477	0.02464	0.01507	0.01665	0.01112	0.00715	0.00676	0.00215	0.00952	0.00576	0.00402	0.05041
2	0.01857	0.68287	0.10434	0.01299	0.01952	0.02702	0.01359	0.02144	0.01452	0.01733	0.01019	0.01178	0.00913	0.00616	0.00479	0.00160	0.00790	0.00395	0.00304	0.00928
3	0.01954	0.01489	0.01616	0.01426	0.01847	0.01678	0.01117	0.03743	0.60593	0.11741	0.02887	0.02627	0.02121	0.00955	0.00723	0.00239	0.00569	0.00794	0.00745	0.01138
4	0.00987	0.00732	0.00923	0.00890	0.01070	0.00668	0.00677	0.01295	0.01925	0.02650	0.55229	0.05747	0.17678	0.01547	0.00849	0.00233	0.00359	0.05128	0.00755	0.00659
5	0.01345	0.01266	0.02136	0.73264	0.04904	0.01582	0.01978	0.01819	0.01424	0.01819	0.01266	0.01898	0.00949	0.00712	0.00712	0.00237	0.00949	0.00633	0.00316	0.00791
6	0.01552	0.00951	0.01079	0.09567	0.01543	0.01024	0.00814	0.12408	0.01784	0.02850	0.02097	0.02411	0.01621	0.00819	0.00558	0.00182	0.00479	0.00656	0.56838	0.00767
7	0.01008	0.00728	0.00952	0.00896	0.01064	0.00672	0.00672	0.01344	0.02016	0.02855	0.70158	0.05319	0.06719	0.01456	0.00840	0.00224	0.00336	0.01288	0.00784	0.00672
8	0.00986	0.00727	0.00922	0.00873	0.01051	0.00663	0.00655	0.01302	0.01965	0.02735	0.62052	0.05517	0.14899	0.01500	0.00840	0.00226	0.00339	0.01315	0.00768	0.00663
9	0.05776	0.01956	0.01781	0.01542	0.01973	0.14791	0.01222	0.21646	0.31049	0.03139	0.02193	0.02383	0.01718	0.00937	0.00708	0.00227	0.00764	0.04506	0.00638	0.01051
10	0.24422	0.06302	0.01908	0.01441	0.01951	0.11074	0.01184	0.37275	0.02464	0.03605	0.01387	0.01466	0.01032	0.00770	0.00612	0.00208	0.00781	0.00530	0.00567	0.01020
11	0.00884	0.00627	0.00821	0.00970	0.01007	0.00589	0.00638	0.00996	0.01331	0.01774	0.03758	0.67580	0.04499	0.09449	0.01178	0.00329	0.00441	0.01926	0.00638	0.00564
12	0.01363	0.01125	0.01254	0.01231	0.01486	0.01232	0.00922	0.02517	0.37978	0.02463	0.03595	0.28515	0.07897	0.01509	0.00808	0.00262	0.00500	0.03769	0.00695	0.00879

[dist]
# distance from previous block
# <min> <max>
4	6

[block]
# block no. 7 follows, 29 sequences, length 12
# corresponding to MSA columns:
# 580-591
name=unknown_H
#
# <colnr> <probs for GDERKNQSTAVLIFYWHMCP>
#	G	D	E	R	K	N	Q	S	T	A	V	L	I	F	Y	W	H	M	C	P
0	0.06369	0.02046	0.01977	0.01593	0.02104	0.10265	0.01288	0.45982	0.14629	0.03839	0.01811	0.01798	0.01323	0.00851	0.00693	0.00215	0.00792	0.00636	0.00661	0.01129
1	0.01735	0.49916	0.27738	0.01507	0.02273	0.02404	0.01720	0.02176	0.01467	0.01881	0.01092	0.01271	0.00910	0.00633	0.00535	0.00178	0.00865	0.00432	0.00303	0.00963
2	0.00868	0.00620	0.00826	0.00991	0.01033	0.00578	0.00661	0.00991	0.01363	0.01818	0.03925	0.74510	0.04710	0.02231	0.00909	0.00289	0.00413	0.02024	0.00661	0.00578
3	0.03017	0.01397	0.01755	0.01356	0.01904	0.01335	0.01117	0.17475	0.05739	0.53178	0.02576	0.02281	0.01664	0.00880	0.00716	0.00220	0.00642	0.00704	0.00837	0.01207
4	0.01604	0.30214	0.46296	0.01729	0.02618	0.02084	0.02108	0.02210	0.01482	0.02041	0.01171	0.01370	0.00906	0.00652	0.00595	0.00198	0.00945	0.00472	0.00302	0.01001
5	0.01428	0.03683	0.71286	0.02030	0.03082	0.01654	0.02631	0.02255	0.01503	0.02255	0.01278	0.01503	0.00902	0.00677	0.00677	0.00226	0.01052	0.00526	0.00301	0.01052
6	0.00868	0.00620	0.00826	0.00991	0.01033	0.00578	0.00661	0.00991	0.01363	0.01818	0.03925	0.74510	0.04710	0.02231	0.00909	0.00289	0.00413	0.02024	0.00661	0.00578
7	0.02273	0.01050	0.01376	0.01122	0.01522	0.00942	0.00900	0.05480	0.02064	0.40257	0.26463	0.03660	0.07489	0.01134	0.00766	0.00222	0.00505	0.00958	0.00827	0.00988
8	0.01623	0.01569	0.02731	0.26411	0.45224	0.01663	0.06283	0.02074	0.01562	0.02161	0.01322	0.01816	0.01068	0.00657	0.00716	0.00222	0.00902	0.00647	0.00341	0.01009
9	0.58835	0.01351	0.01160	0.01020	0.01418	0.01546	0.00820	0.09807	0.01446	0.03092	0.01244	0.01629	0.01045	0.07305	0.05530	0.00321	0.00681	0.00496	0.00468	0.00786
10	0.09201	0.09796	0.47670	0.01745	0.02612	0.01713	0.02085	0.02433	0.06037	0.08178	0.01462	0.01591	0.01048	0.00705	0.00640	0.00219	0.00906	0.00534	0.00392	0.01031
11	0.07395	0.07594	0.06159	0.01324	0.01783	0.01548	0.01150	0.15330	0.07117	0.20744	0.09005	0.02387	0.01986	0.03444	0.00875	0.00234	0.05186	0.00708	0.05030	0.01001

[dist]
# distance from previous block
# <min> <max>
1	10

[block]
# block no. 8 follows, 29 sequences, length 22
# corresponding to MSA columns:
# 609-630
name=unknown_I
#
# <colnr> <probs for GDERKNQSTAVLIFYWHMCP>
#	G	D	E	R	K	N	Q	S	T	A	V	L	I	F	Y	W	H	M	C	P
0	0.05898	0.10616	0.02177	0.07913	0.02292	0.15009	0.01320	0.29265	0.02309	0.03000	0.01359	0.01523	0.01050	0.00760	0.00699	0.00195	0.03668	0.00539	0.00504	0.09905
1	0.08163	0.13332	0.08701	0.05504	0.02012	0.05219	0.01259	0.13085	0.01913	0.11717	0.12045	0.02296	0.02025	0.03777	0.00832	0.00227	0.03415	0.00676	0.00545	0.03257
2	0.01950	0.21233	0.07990	0.02172	0.16401	0.12020	0.06099	0.06159	0.05768	0.05388	0.01599	0.07217	0.01394	0.00810	0.00656	0.00203	0.00862	0.00671	0.00430	0.00978
3	0.01704	0.33892	0.26180	0.01537	0.02202	0.10009	0.01650	0.02118	0.01521	0.01897	0.01451	0.10053	0.01364	0.00840	0.00607	0.00197	0.00878	0.00636	0.00353	0.00911
4	0.05084	0.20402	0.37543	0.01903	0.07202	0.05267	0.02002	0.08641	0.01689	0.02354	0.01235	0.01430	0.00945	0.00677	0.00618	0.00204	0.00932	0.00501	0.00354	0.01017
5	0.01486	0.13620	0.06477	0.01341	0.03632	0.06821	0.01095	0.03951	0.08407	0.02088	0.05219	0.16320	0.02590	0.10644	0.01097	0.00287	0.00688	0.08394	0.00515	0.05328
6	0.01761	0.07619	0.26557	0.01700	0.04012	0.10589	0.01677	0.11216	0.08245	0.02504	0.04364	0.09247	0.01696	0.00912	0.00690	0.00215	0.00854	0.00730	0.00468	0.04945
7	0.02222	0.34237	0.02704	0.01510	0.01956	0.31896	0.01274	0.02425	0.01692	0.04941	0.01236	0.04233	0.01108	0.00777	0.00674	0.00183	0.05180	0.00509	0.00373	0.00869
8	0.01237	0.00618	0.00928	0.00928	0.00928	0.00618	0.00618	0.00928	0.00928	0.01237	0.01237	0.02165	0.01237	0.02474	0.02783	0.79283	0.00618	0.00618	0.00309	0.00309
9	0.01550	0.17358	0.51365	0.02041	0.06287	0.01888	0.05644	0.02229	0.01507	0.02148	0.01234	0.01468	0.00925	0.00658	0.00644	0.00211	0.00993	0.00519	0.00307	0.01025
10	0.04094	0.06889	0.13718	0.02133	0.11643	0.27380	0.04619	0.04752	0.13594	0.02266	0.01501	0.01656	0.01175	0.00740	0.00666	0.00207	0.00992	0.00571	0.00425	0.00979
