[name]
unknown

[dist]
# distance from previous block
# <min> <max>
2	120

[block]
# block no. 0 follows, 27 sequences, length 74
# corresponding to MSA columns:
# 183-256
name=unknown_A
#
# <colnr> <probs for GDERKNQSTAVLIFYWHMCP>
#	G	D	E	R	K	N	Q	S	T	A	V	L	I	F	Y	W	H	M	C	P
0	0.05530	0.11602	0.11093	0.01542	0.04664	0.09271	0.01345	0.07901	0.01825	0.04984	0.06749	0.02194	0.05929	0.00850	0.00725	0.00194	0.03720	0.00641	0.00483	0.18758
1	0.07005	0.09908	0.12590	0.01693	0.06471	0.03660	0.04467	0.02331	0.07168	0.07777	0.01764	0.07584	0.01505	0.00853	0.00731	0.00205	0.03604	0.00689	0.00479	0.19517
2	0.04772	0.19294	0.33965	0.01634	0.02436	0.01842	0.01851	0.05045	0.01653	0.04810	0.03494	0.04843	0.01363	0.00784	0.00645	0.00206	0.00865	0.00602	0.00407	0.09489
3	0.01596	0.09689	0.16964	0.01832	0.05045	0.04338	0.11903	0.02075	0.03460	0.05152	0.02127	0.11027	0.04405	0.04789	0.06632	0.00329	0.00961	0.00874	0.00452	0.06350
4	0.01795	0.09923	0.07483	0.01500	0.04612	0.01618	0.01253	0.13218	0.10700	0.05620	0.02730	0.05960	0.10408	0.03759	0.00906	0.00242	0.03528	0.03837	0.00577	0.10330
5	0.09654	0.08057	0.17119	0.01575	0.04527	0.01547	0.04100	0.07739	0.01807	0.02696	0.15098	0.02721	0.06941	0.00962	0.00778	0.00218	0.03930	0.00770	0.00512	0.09248
6	0.01972	0.25327	0.02591	0.04675	0.02124	0.13410	0.05076	0.06843	0.04532	0.04051	0.01597	0.06425	0.01450	0.04239	0.03627	0.00262	0.03843	0.00669	0.00441	0.06845
7	0.01399	0.09526	0.02023	0.04732	0.10484	0.01399	0.06722	0.01739	0.04130	0.01945	0.02144	0.08702	0.04382	0.14287	0.16498	0.00520	0.03967	0.00900	0.00437	0.04065
8	0.01970	0.14832	0.05180	0.01627	0.02184	0.04703	0.06723	0.15003	0.06767	0.02687	0.01450	0.01657	0.01165	0.00780	0.00863	0.00198	0.09721	0.00575	0.00474	0.21442
9	0.04646	0.01638	0.02072	0.01636	0.02186	0.04094	0.09556	0.09453	0.23019	0.20815	0.02343	0.02259	0.01672	0.00849	0.00730	0.00223	0.00729	0.00727	0.00688	0.10665
10	0.02151	0.01860	0.02900	0.02309	0.05878	0.01988	0.23745	0.20531	0.11247	0.07363	0.01806	0.02023	0.01349	0.00861	0.01011	0.00250	0.10308	0.00765	0.00558	0.01098
11	0.00910	0.00650	0.00866	0.01030	0.01078	0.00607	0.00690	0.01047	0.01447	0.01935	0.06492	0.70911	0.04988	0.02296	0.00945	0.00299	0.00428	0.02082	0.00694	0.00607
12	0.01539	0.01319	0.01539	0.01100	0.01759	0.00990	0.00880	0.01869	0.01539	0.02419	0.01319	0.01539	0.01100	0.00550	0.00550	0.00110	0.00550	0.00440	0.00440	0.78449
13	0.03331	0.01263	0.01723	0.01321	0.01895	0.01091	0.01091	0.03618	0.02125	0.69794	0.02929	0.02527	0.01838	0.00919	0.00747	0.00230	0.00632	0.00747	0.00919	0.01263
14	0.01928	0.01635	0.01724	0.01527	0.01961	0.01884	0.01195	0.09166	0.62585	0.03236	0.02919	0.02688	0.02183	0.00998	0.00754	0.00249	0.00607	0.00825	0.00754	0.01182
15	0.01051	0.00759	0.00992	0.00934	0.01109	0.00700	0.00700	0.01401	0.02101	0.02977	0.68888	0.05545	0.07005	0.01518	0.00876	0.00233	0.00350	0.01343	0.00817	0.00700
16	0.02237	0.01021	0.01372	0.01135	0.01518	0.00904	0.00904	0.02555	0.02114	0.37748	0.34563	0.03974	0.04316	0.01206	0.00808	0.00232	0.00497	0.01032	0.00870	0.00993
17	0.01024	0.00758	0.00956	0.00906	0.01093	0.00689	0.00680	0.01350	0.02039	0.02829	0.59548	0.05789	0.16436	0.01573	0.00876	0.00236	0.00354	0.01377	0.00798	0.00689
18	0.01539	0.01319	0.01539	0.01100	0.01759	0.00990	0.00880	0.01869	0.01539	0.02419	0.01319	0.01539	0.01100	0.00550	0.00550	0.00110	0.00550	0.00440	0.00440	0.78449
19	0.01556	0.13311	0.61177	0.02002	0.03037	0.01887	0.02545	0.02334	0.01559	0.02270	0.01292	0.01517	0.00942	0.00696	0.00675	0.00225	0.01056	0.00528	0.00314	0.01078
20	0.01044	0.00759	0.00983	0.00927	0.01105	0.00698	0.00695	0.01388	0.02086	0.02940	0.66558	0.05606	0.09357	0.01531	0.00876	0.00234	0.00351	0.01351	0.00812	0.00698
21	0.01289	0.00645	0.00967	0.00967	0.00967	0.00645	0.00645	0.00967	0.00967	0.01289	0.01289	0.02257	0.01289	0.02579	0.02901	0.78401	0.00645	0.00645	0.00322	0.00322
22	0.01539	0.01319	0.01539	0.01100	0.01759	0.00990	0.00880	0.01869	0.01539	0.02419	0.01319	0.01539	0.01100	0.00550	0.00550	0.00110	0.00550	0.00440	0.00440	0.78449
23	0.01635	0.01690	0.02475	0.02042	0.02225	0.06592	0.13328	0.01900	0.01323	0.01886	0.01243	0.01878	0.01140	0.01817	0.12884	0.00440	0.43625	0.00702	0.00349	0.00826
24	0.01017	0.00733	0.00962	0.00957	0.01102	0.00678	0.00698	0.01317	0.01946	0.02730	0.54091	0.21047	0.06526	0.01702	0.00892	0.00249	0.00369	0.01518	0.00788	0.00678
25	0.01539	0.01319	0.01539	0.01100	0.01759	0.00990	0.00880	0.01869	0.01539	0.02419	0.01319	0.01539	0.01100	0.00550	0.00550	0.00110	0.00550	0.00440	0.00440	0.78449
26	0.01005	0.00714	0.00925	0.00976	0.01100	0.00664	0.00704	0.01258	0.01767	0.02454	0.34216	0.33198	0.08357	0.01856	0.00896	0.00264	0.00399	0.04451	0.04137	0.00657
27	0.00885	0.00724	0.00781	0.00826	0.01022	0.00620	0.00597	0.01057	0.01621	0.01976	0.06618	0.24596	0.52109	0.01997	0.00896	0.00264	0.00390	0.01710	0.00689	0.00620
28	0.03257	0.01266	0.01715	0.01312	0.01889	0.01087	0.01082	0.03546	0.02101	0.67022	0.02863	0.02486	0.01807	0.00904	0.00738	0.00225	0.00628	0.00734	0.00899	0.04439
29	0.01088	0.00900	0.00978	0.00970	0.01230	0.00856	0.00757	0.01612	0.12203	0.02289	0.11439	0.06485	0.44577	0.01735	0.00878	0.00262	0.00449	0.09856	0.00710	0.00727
30	0.02372	0.02705	0.02216	0.14461	0.07377	0.40758	0.01617	0.09344	0.02028	0.02171	0.01247	0.01558	0.01011	0.00814	0.00848	0.00218	0.07380	0.00558	0.00405	0.00914
31	0.01423	0.01341	0.02264	0.68918	0.08160	0.01655	0.02072	0.01915	0.01494	0.01922	0.01323	0.01972	0.00998	0.00738	0.00742	0.00246	0.00984	0.00660	0.00332	0.00841
32	0.02773	0.03538	0.02104	0.01913	0.02295	0.70930	0.01434	0.02964	0.02104	0.01817	0.01148	0.01339	0.00956	0.00765	0.00669	0.00191	0.01339	0.00478	0.00383	0.00861
33	0.01513	0.01297	0.01508	0.01086	0.01729	0.00975	0.00867	0.01837	0.01545	0.02403	0.01566	0.01762	0.03798	0.00603	0.00563	0.00116	0.00543	0.00485	0.00450	0.75355
34	0.01031	0.00744	0.00975	0.00947	0.01105	0.00687	0.00699	0.01352	0.02010	0.02832	0.60185	0.14662	0.06723	0.01626	0.00885	0.00243	0.00361	0.01446	0.00800	0.00687
35	0.01080	0.00720	0.00810	0.00810	0.00810	0.00720	0.00450	0.01080	0.01080	0.01439	0.02339	0.04858	0.02699	0.73910	0.03779	0.00720	0.00720	0.01080	0.00450	0.00450
36	0.01539	0.01319	0.01539	0.01100	0.01759	0.00990	0.00880	0.01869	0.01539	0.02419	0.01319	0.01539	0.01100	0.00550	0.00550	0.00110	0.00550	0.00440	0.00440	0.78449
37	0.01402	0.01319	0.02227	0.72126	0.05113	0.01649	0.02062	0.01897	0.01484	0.01897	0.01319	0.01979	0.00990	0.00742	0.00742	0.00247	0.00990	0.00660	0.00330	0.00825
38	0.01080	0.00720	0.00810	0.00810	0.00810	0.00720	0.00450	0.01080	0.01080	0.01439	0.02339	0.04858	0.02699	0.73910	0.03779	0.00720	0.00720	0.01080	0.00450	0.00450
39	0.01010	0.00795	0.00937	0.01008	0.01225	0.00721	0.00827	0.01262	0.01699	0.02095	0.06029	0.07655	0.42094	0.01951	0.00939	0.00289	0.00504	0.27624	0.00687	0.00650
40	0.01837	0.01764	0.03013	0.04557	0.69279	0.01764	0.02278	0.02278	0.01690	0.02425	0.01396	0.01837	0.01176	0.00661	0.00735	0.00220	0.00882	0.00661	0.00367	0.01176
41	0.00893	0.00690	0.00816	0.00917	0.01046	0.00613	0.00637	0.01047	0.01534	0.01941	0.05516	0.45887	0.31529	0.02141	0.00918	0.00280	0.00408	0.01885	0.00689	0.00613
42	0.00936	0.00734	0.00850	0.00886	0.01068	0.00648	0.00652	0.01152	0.01717	0.02197	0.19645	0.22372	0.37708	0.01915	0.00900	0.00263	0.00398	0.04604	0.00716	0.00640
43	0.01489	0.03840	0.70064	0.02116	0.03213	0.01724	0.02743	0.02351	0.01567	0.02351	0.01332	0.01567	0.00940	0.00705	0.00705	0.00235	0.01097	0.00549	0.00313	0.01097
44	0.00950	0.00717	0.00869	0.00908	0.01054	0.00646	0.00646	0.01163	0.01708	0.02259	0.25936	0.28933	0.24740	0.04758	0.01015	0.00281	0.00400	0.01659	0.00721	0.00635
45	0.02466	0.01961	0.02024	0.01645	0.02167	0.04856	0.01326	0.41475	0.26811	0.03995	0.02207	0.02123	0.01614	0.00928	0.00744	0.00232	0.00754	0.00723	0.00733	0.01215
46	0.02583	0.11885	0.02332	0.01838	0.02219	0.57060	0.01430	0.02777	0.01952	0.01806	0.01119	0.01345	0.00957	0.00794	0.00793	0.00198	0.07189	0.00483	0.00370	0.00868
47	0.01539	0.01319	0.01539	0.01100	0.01759	0.00990	0.00880	0.01869	0.01539	0.02419	0.01319	0.01539	0.01100	0.00550	0.00550	0.00110	0.00550	0.00440	0.00440	0.78449
48	0.01386	0.01093	0.04191	0.01279	0.01607	0.00940	0.06631	0.01794	0.04460	0.09656	0.20826	0.08068	0.20069	0.01542	0.00882	0.00263	0.00571	0.13240	0.00705	0.00797
49	0.00907	0.00665	0.00852	0.00992	0.01068	0.00610	0.00673	0.01053	0.01486	0.01955	0.07279	0.61668	0.13603	0.02232	0.00935	0.00292	0.00420	0.02005	0.00695	0.00610
50	0.00968	0.00781	0.00879	0.00927	0.01155	0.00692	0.00744	0.01200	0.01697	0.02067	0.06498	0.07495	0.50550	0.01929	0.00920	0.00277	0.00464	0.19428	0.00688	0.00643
51	0.01924	0.65696	0.12017	0.01374	0.02066	0.02788	0.01451	0.02239	0.01516	0.01821	0.01069	0.01237	0.00951	0.00644	0.00504	0.00168	0.00831	0.00416	0.00317	0.00970
52	0.00921	0.00664	0.00873	0.01010	0.01078	0.00616	0.00685	0.01079	0.01514	0.02030	0.12019	0.62476	0.07865	0.02210	0.00936	0.00291	0.00419	0.01995	0.00705	0.00616
53	0.00890	0.00729	0.00785	0.00821	0.01023	0.00624	0.00597	0.01072	0.01649	0.02020	0.09205	0.21522	0.52564	0.01963	0.00893	0.00261	0.00387	0.01676	0.00694	0.00624
54	0.01402	0.01319	0.02227	0.72126	0.05113	0.01649	0.02062	0.01897	0.01484	0.01897	0.01319	0.01979	0.00990	0.00742	0.00742	0.00247	0.00990	0.00660	0.00330	0.00825
55	0.01402	0.01319	0.02227	0.72126	0.05113	0.01649	0.02062	0.01897	0.01484	0.01897	0.01319	0.01979	0.00990	0.00742	0.00742	0.00247	0.00990	0.00660	0.00330	0.00825
56	0.01837	0.01764	0.03013	0.04557	0.69279	0.01764	0.02278	0.02278	0.01690	0.02425	0.01396	0.01837	0.01176	0.00661	0.00735	0.00220	0.00882	0.00661	0.00367	0.01176
57	0.01039	0.00758	0.00976	0.00922	0.01102	0.00695	0.00691	0.01378	0.02074	0.02911	0.64748	0.05653	0.11186	0.01542	0.00876	0.00235	0.00352	0.01358	0.00809	0.00695
58	0.01747	0.01664	0.02787	0.18434	0.52788	0.01744	0.02181	0.02278	0.04772	0.02348	0.01457	0.01911	0.01189	0.00695	0.00737	0.00228	0.00890	0.00669	0.00378	0.01103
59	0.00904	0.00646	0.00861	0.01034	0.01077	0.00603	0.00689	0.01034	0.01421	0.01895	0.04092	0.73426	0.04910	0.02326	0.00948	0.00301	0.00431	0.02110	0.00689	0.00603
60	0.02773	0.03538	0.02104	0.01913	0.02295	0.70930	0.01434	0.02964	0.02104	0.01817	0.01148	0.01339	0.00956	0.00765	0.00669	0.00191	0.01339	0.00478	0.00383	0.00861
61	0.01752	0.02003	0.04380	0.03129	0.03880	0.01877	0.66583	0.02378	0.01752	0.02378	0.01502	0.02003	0.01126	0.00626	0.00876	0.00250	0.01252	0.00876	0.00375	0.01001
62	0.01539	0.01319	0.01539	0.01100	0.01759	0.00990	0.00880	0.01869	0.01539	0.02419	0.01319	0.01539	0.01100	0.00550	0.00550	0.00110	0.00550	0.00440	0.00440	0.78449
63	0.01061	0.00795	0.01193	0.01193	0.01326	0.00928	0.00928	0.01326	0.01193	0.01723	0.01988	0.02916	0.01856	0.05568	0.70968	0.01193	0.01988	0.00795	0.00398	0.00663
64	0.01406	0.00826	0.01057	0.00965	0.01201	0.00750	0.00735	0.01724	0.02004	0.13058	0.46317	0.07849	0.10452	0.01438	0.00832	0.00232	0.00398	0.01251	0.06728	0.00776
65	0.79154	0.01436	0.01091	0.00976	0.01436	0.01665	0.00804	0.02182	0.01263	0.03331	0.01034	0.01206	0.00804	0.00689	0.00459	0.00230	0.00574	0.00402	0.00459	0.00804
66	0.00949	0.00755	0.00851	0.00827	0.01047	0.00657	0.00620	0.01204	0.01861	0.02406	0.32834	0.06485	0.43414	0.01731	0.00877	0.00244	0.00365	0.01474	0.00742	0.00657
67	0.01080	0.00720	0.00810	0.00810	0.00810	0.00720	0.00450	0.01080	0.01080	0.01439	0.02339	0.04858	0.02699	0.73910	0.03779	0.00720	0.00720	0.01080	0.00450	0.00450
68	0.00928	0.00663	0.00889	0.01061	0.01115	0.00624	0.00731	0.01075	0.01445	0.01922	0.04078	0.68102	0.04858	0.02303	0.00954	0.00305	0.00451	0.07198	0.00689	0.00610
69	0.01809	0.01735	0.02962	0.08960	0.65098	0.01756	0.02264	0.02253	0.01677	0.02391	0.01391	0.01847	0.01164	0.00667	0.00735	0.00222	0.00889	0.00661	0.00365	0.01153
70	0.01823	0.01749	0.02987	0.06843	0.67109	0.01760	0.02271	0.02265	0.01683	0.02407	0.01394	0.01842	0.01170	0.00664	0.00735	0.00221	0.00886	0.00661	0.00366	0.01164
71	0.02297	0.22597	0.02578	0.01745	0.06432	0.19013	0.01360	0.18931	0.07368	0.02756	0.06694	0.01880	0.01618	0.00831	0.00661	0.00200	0.00888	0.00611	0.00518	0.01021
72	0.01814	0.25734	0.40608	0.01807	0.02686	0.05066	0.02111	0.07939	0.01739	0.02342	0.01270	0.01459	0.00973	0.00702	0.00635	0.00208	0.00988	0.00509	0.00355	0.01056
73	0.12005	0.13182	0.48407	0.01817	0.02733	0.01890	0.02204	0.02386	0.04648	0.02434	0.01330	0.01523	0.00986	0.00708	0.00643	0.00225	0.00961	0.00522	0.00354	0.01041

[dist]
# distance from previous block
# <min> <max>
0	1

[block]
# block no. 1 follows, 27 sequences, length 52
# corresponding to MSA columns:
# 258-309
name=unknown_B
#
# <colnr> <probs for GDERKNQSTAVLIFYWHMCP>
#	G	D	E	R	K	N	Q	S	T	A	V	L	I	F	Y	W	H	M	C	P
0	0.01601	0.10663	0.46636	0.02334	0.13560	0.01796	0.02358	0.02286	0.01579	0.02305	0.01310	0.01569	0.00993	0.00678	0.00673	0.00214	0.00985	0.00542	0.00333	0.07585
1	0.02739	0.05122	0.06859	0.02012	0.12042	0.09932	0.01504	0.18283	0.02320	0.28679	0.02026	0.01983	0.01398	0.00829	0.00720	0.00219	0.00836	0.00655	0.00664	0.01178
2	0.01612	0.14858	0.48638	0.02147	0.03113	0.01944	0.13006	0.02335	0.01588	0.02258	0.01312	0.01578	0.00973	0.00681	0.00697	0.00225	0.01074	0.00578	0.00324	0.01058
3	0.00981	0.00741	0.00906	0.00896	0.01074	0.00666	0.00660	0.01254	0.01890	0.02549	0.42372	0.15520	0.24310	0.01734	0.00886	0.00248	0.00369	0.01514	0.00763	0.00666
4	0.01030	0.00763	0.00964	0.00927	0.01114	0.00696	0.00704	0.01354	0.02015	0.02782	0.55663	0.05948	0.16880	0.01603	0.00884	0.00242	0.00371	0.04584	0.00790	0.00688
5	0.04113	0.11091	0.11247	0.02249	0.06197	0.06773	0.21617	0.10773	0.08122	0.02605	0.01563	0.01844	0.01215	0.00954	0.03808	0.00271	0.03397	0.00684	0.00446	0.01030
6	0.02508	0.02608	0.02262	0.02315	0.14922	0.32333	0.01559	0.19653	0.09588	0.02822	0.01566	0.01706	0.01221	0.00805	0.00710	0.00212	0.01034	0.00602	0.00515	0.01060
7	0.00960	0.00724	0.00896	0.01012	0.01121	0.00681	0.00706	0.01214	0.04889	0.02019	0.06613	0.53395	0.16890	0.02142	0.00925	0.00289	0.00433	0.03753	0.00696	0.00642
8	0.02108	0.47158	0.08629	0.01639	0.05526	0.13020	0.01469	0.06672	0.03934	0.02078	0.01207	0.01367	0.01027	0.00691	0.00564	0.00180	0.00900	0.00467	0.00372	0.00989
9	0.01787	0.46232	0.30283	0.01608	0.02427	0.02454	0.01858	0.02274	0.01532	0.01988	0.01152	0.01341	0.00948	0.00663	0.00568	0.00189	0.00915	0.00457	0.00316	0.01010
10	0.01005	0.00757	0.00930	0.00887	0.01081	0.00681	0.00665	0.01313	0.01995	0.02724	0.52880	0.05962	0.23171	0.01612	0.00876	0.00238	0.00357	0.01401	0.00784	0.00681
11	0.01114	0.00871	0.01282	0.01251	0.01366	0.01048	0.00977	0.01360	0.01184	0.01719	0.01905	0.02863	0.01802	0.07582	0.62118	0.01094	0.08609	0.00792	0.00393	0.00669
12	0.02211	0.02447	0.12186	0.06254	0.10413	0.15510	0.05051	0.22364	0.02285	0.02959	0.01449	0.01663	0.01102	0.00749	0.00706	0.00207	0.00969	0.00595	0.00486	0.10392
13	0.00983	0.00748	0.00904	0.00883	0.01072	0.00669	0.00655	0.01263	0.01915	0.02578	0.43934	0.11409	0.26886	0.01699	0.00882	0.00244	0.00365	0.01476	0.00766	0.00669
14	0.79154	0.01436	0.01091	0.00976	0.01436	0.01665	0.00804	0.02182	0.01263	0.03331	0.01034	0.01206	0.00804	0.00689	0.00459	0.00230	0.00574	0.00402	0.00459	0.00804
15	0.01786	0.01507	0.01614	0.01445	0.01840	0.01718	0.01124	0.06318	0.56656	0.03156	0.11484	0.03086	0.02836	0.01068	0.00770	0.00248	0.00567	0.00897	0.00763	0.01117
16	0.01080	0.00720	0.00810	0.00810	0.00810	0.00720	0.00450	0.01080	0.01080	0.01439	0.02339	0.04858	0.02699	0.73910	0.03779	0.00720	0.00720	0.01080	0.00450	0.00450
17	0.07336	0.01247	0.01651	0.01282	0.01829	0.01102	0.01055	0.03425	0.02077	0.62728	0.06233	0.02611	0.02048	0.00937	0.00738	0.00230	0.00614	0.00759	0.00889	0.01209
18	0.01752	0.02003	0.04380	0.03129	0.03880	0.01877	0.66583	0.02378	0.01752	0.02378	0.01502	0.02003	0.01126	0.00626	0.00876	0.00250	0.01252	0.00876	0.00375	0.01001
19	0.00891	0.00753	0.00771	0.00766	0.01011	0.00633	0.00575	0.01092	0.01724	0.02082	0.12347	0.07019	0.64104	0.01852	0.00877	0.00249	0.00374	0.01549	0.00699	0.00633
20	0.01640	0.01717	0.02957	0.02327	0.02593	0.02066	0.24434	0.01964	0.01365	0.01999	0.01287	0.04685	0.01188	0.01104	0.01827	0.00298	0.44532	0.00789	0.00357	0.00870
21	0.01489	0.03840	0.70064	0.02116	0.03213	0.01724	0.02743	0.02351	0.01567	0.02351	0.01332	0.01567	0.00940	0.00705	0.00705	0.00235	0.01097	0.00549	0.00313	0.01097
22	0.01076	0.00771	0.01046	0.01144	0.01284	0.00741	0.00909	0.01366	0.01762	0.02381	0.24772	0.23954	0.05309	0.01950	0.00958	0.00297	0.00513	0.28372	0.00728	0.00669
23	0.01752	0.02003	0.04380	0.03129	0.03880	0.01877	0.66583	0.02378	0.01752	0.02378	0.01502	0.02003	0.01126	0.00626	0.00876	0.00250	0.01252	0.00876	0.00375	0.01001
24	0.01985	0.74357	0.03890	0.01270	0.01905	0.02937	0.01270	0.02223	0.01508	0.01747	0.01032	0.01191	0.00953	0.00635	0.00476	0.00159	0.00794	0.00397	0.00318	0.00953
25	0.00940	0.00672	0.00900	0.01060	0.01122	0.00632	0.00738	0.01100	0.01484	0.01982	0.07424	0.63774	0.04958	0.02258	0.00951	0.00302	0.00450	0.07944	0.00695	0.00616
26	0.71864	0.08324	0.01356	0.01004	0.01480	0.01786	0.00848	0.02186	0.01287	0.03181	0.01034	0.01205	0.00818	0.00684	0.00461	0.00223	0.00595	0.00402	0.00446	0.00818
27	0.02025	0.56001	0.03330	0.01348	0.01889	0.13686	0.01242	0.02246	0.01569	0.01742	0.01157	0.01469	0.01078	0.04320	0.04022	0.00240	0.00935	0.00461	0.00338	0.00901
28	0.01589	0.01510	0.02565	0.43101	0.32676	0.01699	0.02155	0.02061	0.01573	0.02124	0.01353	0.01918	0.01070	0.00708	0.00739	0.00236	0.00943	0.00660	0.00346	0.00976
29	0.00917	0.00655	0.00876	0.01048	0.01097	0.00614	0.00711	0.01056	0.01434	0.01909	0.04085	0.70560	0.04882	0.02314	0.00951	0.00303	0.00442	0.04850	0.00689	0.00607
30	0.01402	0.01319	0.02227	0.72126	0.05113	0.01649	0.02062	0.01897	0.01484	0.01897	0.01319	0.01979	0.00990	0.00742	0.00742	0.00247	0.00990	0.00660	0.00330	0.00825
31	0.00962	0.00692	0.00925	0.01089	0.01167	0.00655	0.00786	0.01137	0.01490	0.01965	0.04199	0.57598	0.07394	0.02252	0.00960	0.00308	0.00479	0.14632	0.00688	0.00620
32	0.01051	0.00759	0.00992	0.00934	0.01109	0.00700	0.00700	0.01401	0.02101	0.02977	0.68888	0.05545	0.07005	0.01518	0.00876	0.00233	0.00350	0.01343	0.00817	0.00700
33	0.01146	0.00784	0.01001	0.00932	0.01136	0.00712	0.00704	0.01474	0.02054	0.06264	0.58223	0.05582	0.14119	0.01530	0.00869	0.00235	0.00368	0.01339	0.00807	0.00720
34	0.01264	0.00946	0.01227	0.01301	0.01510	0.00972	0.01093	0.01871	0.11721	0.02507	0.16900	0.06963	0.04523	0.01787	0.00955	0.00306	0.00602	0.42069	0.00721	0.00761
35	0.03273	0.01355	0.01780	0.01364	0.01941	0.01228	0.01127	0.10745	0.02279	0.62448	0.02799	0.02443	0.01773	0.00916	0.00746	0.00229	0.00653	0.00738	0.00899	0.01263
36	0.01624	0.01624	0.02274	0.01949	0.01949	0.02274	0.01624	0.01787	0.01137	0.01787	0.00975	0.01624	0.00975	0.01299	0.02436	0.00325	0.72552	0.00650	0.00325	0.00812
37	0.01402	0.01319	0.02227	0.72126	0.05113	0.01649	0.02062	0.01897	0.01484	0.01897	0.01319	0.01979	0.00990	0.00742	0.00742	0.00247	0.00990	0.00660	0.00330	0.00825
38	0.01402	0.01319	0.02227	0.72126	0.05113	0.01649	0.02062	0.01897	0.01484	0.01897	0.01319	0.01979	0.00990	0.00742	0.00742	0.00247	0.00990	0.00660	0.00330	0.00825
39	0.00889	0.00752	0.00768	0.00764	0.01010	0.00632	0.00573	0.01087	0.01719	0.02069	0.11516	0.07040	0.64943	0.01857	0.00877	0.00250	0.00374	0.01552	0.00698	0.00632
40	0.01754	0.01679	0.02863	0.17500	0.56988	0.01742	0.02237	0.02205	0.01651	0.02324	0.01382	0.01865	0.01140	0.00677	0.00736	0.00226	0.00903	0.00661	0.00360	0.01109
41	0.00879	0.00746	0.00758	0.00768	0.01007	0.00625	0.00571	0.01064	0.01676	0.01999	0.07320	0.11017	0.65235	0.01906	0.00881	0.00254	0.00379	0.01599	0.00689	0.00625
42	0.01341	0.01108	0.01219	0.01130	0.01427	0.01163	0.00865	0.02384	0.29658	0.02781	0.25454	0.04790	0.20929	0.01396	0.00826	0.00246	0.00457	0.01189	0.00758	0.00881
43	0.55286	0.01775	0.01546	0.01435	0.05203	0.10215	0.03284	0.06048	0.01530	0.03077	0.01124	0.01334	0.00887	0.00733	0.00617	0.00229	0.03892	0.00467	0.00453	0.00864
44	0.01728	0.01925	0.04060	0.02900	0.03641	0.01777	0.59172	0.02321	0.01728	0.02383	0.01481	0.01950	0.01123	0.00617	0.00839	0.00234	0.01172	0.00827	0.00383	0.09737
45	0.00935	0.00731	0.00826	0.00863	0.01034	0.00648	0.00621	0.01117	0.01623	0.02046	0.12998	0.20967	0.39471	0.08746	0.01172	0.00308	0.00430	0.04169	0.00681	0.00615
46	0.01072	0.00831	0.01079	0.01167	0.04851	0.00769	0.00788	0.01299	0.01594	0.02168	0.17314	0.24208	0.15337	0.08188	0.06993	0.00370	0.00603	0.03396	0.00632	0.07343
47	0.01592	0.18504	0.56303	0.01940	0.02941	0.01976	0.02437	0.02324	0.01555	0.02225	0.01270	0.01489	0.00943	0.00691	0.00658	0.00219	0.01034	0.00517	0.00314	0.01067
48	0.01767	0.43403	0.22933	0.01519	0.02236	0.04717	0.01667	0.02189	0.01567	0.01966	0.01617	0.02005	0.04644	0.00802	0.00601	0.00197	0.00874	0.03979	0.00358	0.00960
49	0.01326	0.07813	0.10640	0.01192	0.01549	0.01107	0.01057	0.04441	0.01721	0.04668	0.17770	0.24290	0.07779	0.05618	0.00975	0.00268	0.00579	0.01274	0.00616	0.05316
50	0.01906	0.11257	0.17932	0.01552	0.02186	0.03555	0.05849	0.04299	0.01817	0.15315	0.09656	0.04548	0.05220	0.00951	0.00722	0.00216	0.00773	0.02551	0.00558	0.09140
51	0.06159	0.06633	0.14109	0.01449	0.03803	0.01379	0.01332	0.04378	0.03994	0.15811	0.03551	0.04124	0.01514	0.00775	0.00646	0.00186	0.00692	0.00618	0.00541	0.28308

[dist]
# distance from previous block
# <min> <max>
24	169

[block]
# block no. 2 follows, 27 sequences, length 247
# corresponding to MSA columns:
# 498-697,841-887
name=unknown_C
#
# <colnr> <probs for GDERKNQSTAVLIFYWHMCP>
#	G	D	E	R	K	N	Q	S	T	A	V	L	I	F	Y	W	H	M	C	P
0	0.02374	0.02105	0.14205	0.02301	0.15039	0.01710	0.03834	0.10511	0.12865	0.18391	0.02215	0.02311	0.01629	0.00920	0.00800	0.00256	0.00847	0.00736	0.00657	0.06296
1	0.02005	0.04865	0.04834	0.02189	0.16799	0.03717	0.04184	0.02572	0.11679	0.09574	0.07930	0.02637	0.02110	0.04323	0.00917	0.00257	0.00773	0.00770	0.00597	0.17267
2	0.01913	0.06199	0.20661	0.04771	0.09838	0.01594	0.03881	0.02530	0.08960	0.10565	0.06763	0.05313	0.04137	0.01049	0.00810	0.00260	0.00844	0.02822	0.00583	0.06508
3	0.08218	0.15209	0.07333	0.06691	0.09777	0.04771	0.03549	0.10290	0.09600	0.07311	0.04665	0.02167	0.01653	0.00903	0.00739	0.00244	0.00847	0.00682	0.00569	0.04781
4	0.02332	0.05283	0.07437	0.06616	0.09132	0.04659	0.01487	0.14964	0.04281	0.16129	0.12091	0.02695	0.02336	0.01017	0.00803	0.00249	0.00800	0.00796	0.00683	0.06211
5	0.02103	0.12353	0.10025	0.04607	0.06742	0.06835	0.03655	0.12470	0.09574	0.05476	0.06581	0.07095	0.02062	0.01037	0.00782	0.00248	0.00851	0.00812	0.00595	0.06097
6	0.02063	0.01946	0.11935	0.04881	0.07804	0.05363	0.04125	0.07052	0.09605	0.12439	0.06780	0.09697	0.04673	0.01140	0.00830	0.00262	0.00812	0.00931	0.00648	0.07017
7	0.02065	0.06895	0.13246	0.02552	0.19418	0.01799	0.07958	0.07688	0.08621	0.07535	0.04454	0.02248	0.01662	0.00872	0.00786	0.00245	0.00885	0.00726	0.00550	0.09794
8	0.07045	0.07260	0.13542	0.02103	0.12578	0.04124	0.03937	0.07793	0.08232	0.07726	0.05195	0.02426	0.04549	0.00938	0.00764	0.00245	0.00837	0.00731	0.00572	0.09402
9	0.12989	0.04675	0.04147	0.01637	0.05783	0.06148	0.01258	0.13955	0.08714	0.06044	0.04088	0.02072	0.01588	0.00874	0.00709	0.00223	0.00757	0.00635	0.00603	0.23100
10	0.09915	0.06788	0.08672	0.01715	0.07502	0.03965	0.03877	0.15012	0.08477	0.05060	0.04364	0.02351	0.07467	0.00878	0.00687	0.00211	0.00739	0.00704	0.00551	0.11064
11	0.04496	0.01628	0.01955	0.01632	0.05195	0.04741	0.05555	0.13617	0.10119	0.10250	0.04088	0.02195	0.03954	0.00840	0.00766	0.00200	0.03769	0.00680	0.00589	0.23733
12	0.01709	0.07945	0.09718	0.02480	0.05867	0.01811	0.35611	0.04439	0.04276	0.02380	0.01662	0.06924	0.01406	0.00797	0.00845	0.00234	0.03489	0.00833	0.00417	0.07154
13	0.04656	0.01485	0.02058	0.01501	0.02128	0.01289	0.11720	0.04716	0.01624	0.02508	0.01339	0.01617	0.01092	0.00624	0.00713	0.00154	0.04696	0.00531	0.00436	0.55109
14	0.00980	0.00728	0.00901	0.00913	0.01064	0.00662	0.00657	0.01226	0.01802	0.02437	0.37071	0.22161	0.19537	0.05208	0.01030	0.00276	0.00393	0.01562	0.00742	0.00649
15	0.00913	0.00658	0.00866	0.01015	0.01076	0.00611	0.00685	0.01060	0.01479	0.01973	0.08620	0.66008	0.07784	0.02252	0.00940	0.00295	0.00423	0.02035	0.00698	0.00611
16	0.01146	0.00838	0.01126	0.01270	0.01453	0.00818	0.01096	0.01463	0.01706	0.02187	0.04499	0.08179	0.14518	0.02024	0.01002	0.00327	0.00635	0.54352	0.00685	0.00675
17	0.01374	0.00830	0.01096	0.00989	0.01221	0.00756	0.00756	0.01715	0.02105	0.12457	0.59530	0.05117	0.06272	0.01433	0.00857	0.00233	0.00390	0.01258	0.00832	0.00780
18	0.01518	0.03669	0.64543	0.02317	0.08653	0.01727	0.02705	0.02345	0.01577	0.02357	0.01338	0.01590	0.00960	0.00702	0.00708	0.00234	0.01079	0.00558	0.00318	0.01104
19	0.01088	0.00798	0.01024	0.00961	0.01147	0.00754	0.00723	0.01519	0.05168	0.02983	0.65819	0.05416	0.06784	0.01494	0.00870	0.00234	0.00361	0.01319	0.00814	0.00723
20	0.01303	0.02563	0.41507	0.01630	0.02342	0.01298	0.01898	0.01947	0.01767	0.02576	0.27212	0.05355	0.03381	0.01067	0.00778	0.00237	0.00791	0.00901	0.00518	0.00930
21	0.02773	0.03538	0.02104	0.01913	0.02295	0.70930	0.01434	0.02964	0.02104	0.01817	0.01148	0.01339	0.00956	0.00765	0.00669	0.00191	0.01339	0.00478	0.00383	0.00861
22	0.01021	0.00765	0.00952	0.00926	0.01119	0.00696	0.00709	0.01332	0.01971	0.02683	0.48901	0.06160	0.21563	0.01648	0.00888	0.00247	0.00384	0.06578	0.00776	0.00681
23	0.01740	0.01607	0.02414	0.02628	0.22232	0.01692	0.11366	0.02894	0.29630	0.02708	0.04948	0.02992	0.02135	0.00961	0.00797	0.00250	0.00775	0.06567	0.00578	0.01086
24	0.01639	0.01668	0.02518	0.02086	0.02173	0.02228	0.09153	0.01855	0.01208	0.01855	0.01036	0.01668	0.00992	0.01221	0.02255	0.00316	0.64287	0.00676	0.00331	0.00834
25	0.01716	0.17786	0.42359	0.01808	0.02694	0.08376	0.02106	0.02327	0.01602	0.02187	0.01253	0.01466	0.00963	0.00679	0.00638	0.00201	0.00995	0.00499	0.00335	0.10011
26	0.02027	0.01812	0.02577	0.03329	0.41445	0.06741	0.03965	0.06846	0.07525	0.07472	0.01901	0.02133	0.04031	0.00776	0.00736	0.00219	0.00845	0.00704	0.00483	0.04433
27	0.01077	0.00731	0.00867	0.00867	0.00886	0.00751	0.00521	0.01116	0.01096	0.01482	0.02287	0.04569	0.02573	0.63740	0.13777	0.00790	0.00909	0.01037	0.00442	0.00482
28	0.01693	0.01610	0.02660	0.26116	0.37659	0.01741	0.04876	0.02354	0.09401	0.02331	0.01567	0.02000	0.01241	0.00727	0.00746	0.00234	0.00898	0.00691	0.00401	0.01054
29	0.01795	0.02030	0.03874	0.02831	0.03489	0.06976	0.53826	0.02416	0.04351	0.02372	0.04655	0.02135	0.01427	0.00716	0.00911	0.00248	0.03704	0.00859	0.00410	0.00977
30	0.01965	0.01770	0.01738	0.01551	0.01976	0.07292	0.01206	0.06796	0.59767	0.03078	0.02817	0.02611	0.02117	0.00983	0.00748	0.00246	0.00657	0.00803	0.00726	0.01154
31	0.01510	0.03696	0.64906	0.02195	0.03265	0.01736	0.07756	0.02353	0.01582	0.02353	0.01346	0.01602	0.00955	0.00699	0.00719	0.00236	0.01109	0.00574	0.00318	0.01090
32	0.01489	0.03840	0.70064	0.02116	0.03213	0.01724	0.02743	0.02351	0.01567	0.02351	0.01332	0.01567	0.00940	0.00705	0.00705	0.00235	0.01097	0.00549	0.00313	0.01097
33	0.00969	0.00756	0.00880	0.00849	0.01059	0.00666	0.00637	0.01244	0.01910	0.02522	0.40130	0.06295	0.36047	0.01688	0.00876	0.00242	0.00362	0.01448	0.00757	0.00666
34	0.01837	0.01764	0.03013	0.04557	0.69279	0.01764	0.02278	0.02278	0.01690	0.02425	0.01396	0.01837	0.01176	0.00661	0.00735	0.00220	0.00882	0.00661	0.00367	0.01176
35	0.03331	0.01263	0.01723	0.01321	0.01895	0.01091	0.01091	0.03618	0.02125	0.69794	0.02929	0.02527	0.01838	0.00919	0.00747	0.00230	0.00632	0.00747	0.00919	0.01263
36	0.00904	0.00646	0.00861	0.01034	0.01077	0.00603	0.00689	0.01034	0.01421	0.01895	0.04092	0.73426	0.04910	0.02326	0.00948	0.00301	0.00431	0.02110	0.00689	0.00603
37	0.01846	0.01595	0.01679	0.01511	0.01930	0.01846	0.01175	0.03945	0.67938	0.03105	0.03022	0.02770	0.02266	0.01007	0.00755	0.00252	0.00588	0.00839	0.00755	0.01175
38	0.01752	0.02003	0.04380	0.03129	0.03880	0.01877	0.66583	0.02378	0.01752	0.02378	0.01502	0.02003	0.01126	0.00626	0.00876	0.00250	0.01252	0.00876	0.00375	0.01001
39	0.01489	0.03840	0.70064	0.02116	0.03213	0.01724	0.02743	0.02351	0.01567	0.02351	0.01332	0.01567	0.00940	0.00705	0.00705	0.00235	0.01097	0.00549	0.00313	0.01097
40	0.00993	0.00729	0.00931	0.00938	0.01089	0.00667	0.00682	0.01269	0.01881	0.02590	0.45325	0.22964	0.13656	0.01765	0.00894	0.00253	0.00374	0.01563	0.00770	0.00667
41	0.00877	0.00752	0.00752	0.00752	0.01003	0.00627	0.00564	0.01065	0.01692	0.02005	0.07520	0.07144	0.68978	0.01880	0.00877	0.00251	0.00376	0.01567	0.00689	0.00627
42	0.01837	0.01764	0.03013	0.04557	0.69279	0.01764	0.02278	0.02278	0.01690	0.02425	0.01396	0.01837	0.01176	0.00661	0.00735	0.00220	0.00882	0.00661	0.00367	0.01176
43	0.01846	0.01595	0.01679	0.01511	0.01930	0.01846	0.01175	0.03945	0.67938	0.03105	0.03022	0.02770	0.02266	0.01007	0.00755	0.00252	0.00588	0.00839	0.00755	0.01175
44	0.00881	0.00740	0.00765	0.00785	0.01011	0.00624	0.00579	0.01062	0.01661	0.01993	0.07123	0.14827	0.61552	0.01932	0.00886	0.00257	0.00382	0.01630	0.00689	0.00624
45	0.01437	0.01356	0.02291	0.66627	0.10335	0.01659	0.02079	0.01928	0.01501	0.01940	0.01326	0.01968	0.01005	0.00736	0.00742	0.00245	0.00981	0.00660	0.00333	0.00853
46	0.01985	0.74357	0.03890	0.01270	0.01905	0.02937	0.01270	0.02223	0.01508	0.01747	0.01032	0.01191	0.00953	0.00635	0.00476	0.00159	0.00794	0.00397	0.00318	0.00953
47	0.00877	0.00752	0.00752	0.00752	0.01003	0.00627	0.00564	0.01065	0.01692	0.02005	0.07520	0.07144	0.68978	0.01880	0.00877	0.00251	0.00376	0.01567	0.00689	0.00627
48	0.00884	0.00752	0.00761	0.00759	0.01007	0.00630	0.00569	0.01079	0.01708	0.02044	0.09935	0.07082	0.66540	0.01866	0.00877	0.00250	0.00375	0.01558	0.00694	0.00630
49	0.02419	0.02056	0.01973	0.01632	0.02128	0.10934	0.01303	0.35346	0.24404	0.03688	0.02333	0.02260	0.04217	0.00952	0.00743	0.00229	0.00792	0.00735	0.00698	0.01157
50	0.01121	0.00801	0.01110	0.01281	0.01419	0.00790	0.01066	0.01408	0.01635	0.02138	0.03972	0.25127	0.04437	0.02122	0.01005	0.00331	0.00618	0.48272	0.00685	0.00663
51	0.02773	0.03538	0.02104	0.01913	0.02295	0.70930	0.01434	0.02964	0.02104	0.01817	0.01148	0.01339	0.00956	0.00765	0.00669	0.00191	0.01339	0.00478	0.00383	0.00861
52	0.01653	0.01387	0.01600	0.01153	0.01807	0.01105	0.00927	0.07601	0.01712	0.02618	0.01360	0.01561	0.01114	0.00580	0.00567	0.00120	0.00573	0.00460	0.00467	0.71635
53	0.00904	0.00646	0.00861	0.01034	0.01077	0.00603	0.00689	0.01034	0.01421	0.01895	0.04092	0.73426	0.04910	0.02326	0.00948	0.00301	0.00431	0.02110	0.00689	0.00603
54	0.01061	0.00795	0.01193	0.01193	0.01326	0.00928	0.00928	0.01326	0.01193	0.01723	0.01988	0.02916	0.01856	0.05568	0.70968	0.01193	0.01988	0.00795	0.00398	0.00663
55	0.01422	0.01340	0.02263	0.68978	0.08102	0.01655	0.02072	0.01915	0.01494	0.01921	0.01323	0.01973	0.00998	0.00738	0.00742	0.00246	0.00985	0.00660	0.00332	0.00841
56	0.01539	0.09278	0.62028	0.02094	0.03140	0.01826	0.05405	0.02342	0.01571	0.02305	0.01316	0.01557	0.00949	0.00696	0.00695	0.00230	0.01080	0.00551	0.00316	0.01082
57	0.02781	0.02059	0.02205	0.01700	0.02286	0.02283	0.01401	0.64136	0.06226	0.04612	0.01835	0.01824	0.01305	0.00896	0.00743	0.00224	0.00807	0.00676	0.00743	0.01259
58	0.00904	0.00646	0.00861	0.01034	0.01077	0.00603	0.00689	0.01034	0.01421	0.01895	0.04092	0.73426	0.04910	0.02326	0.00948	0.00301	0.00431	0.02110	0.00689	0.00603
59	0.01736	0.01954	0.04109	0.02977	0.03631	0.01928	0.58209	0.02302	0.01673	0.02302	0.01434	0.01954	0.01107	0.00713	0.01077	0.00260	0.10444	0.00847	0.00369	0.00977
60	0.01742	0.01971	0.04207	0.03032	0.03721	0.01910	0.61235	0.02329	0.01702	0.02329	0.01458	0.01971	0.01114	0.00681	0.01005	0.00256	0.07122	0.00857	0.00371	0.00986
61	0.01196	0.00854	0.01196	0.01367	0.01538	0.00854	0.01196	0.01538	0.01709	0.02222	0.03931	0.08374	0.04272	0.02051	0.01025	0.00342	0.00684	0.64283	0.00684	0.00684
62	0.00918	0.00656	0.00877	0.01049	0.01099	0.00615	0.00713	0.01057	0.01435	0.01911	0.04084	0.70354	0.04880	0.02313	0.00951	0.00303	0.00443	0.05046	0.00689	0.00607
63	0.01805	0.01662	0.02222	0.01896	0.01957	0.04597	0.01574	0.01979	0.01252	0.07387	0.01142	0.01688	0.01045	0.01249	0.02235	0.00312	0.64119	0.00652	0.00376	0.00851
64	0.01752	0.02003	0.04380	0.03129	0.03880	0.01877	0.66583	0.02378	0.01752	0.02378	0.01502	0.02003	0.01126	0.00626	0.00876	0.00250	0.01252	0.00876	0.00375	0.01001
65	0.51067	0.02209	0.01463	0.01321	0.01752	0.27135	0.01036	0.02470	0.01572	0.02774	0.01076	0.01255	0.00860	0.00717	0.00537	0.00216	0.00855	0.00430	0.00431	0.00825
66	0.01756	0.01985	0.04265	0.03060	0.03797	0.01876	0.63793	0.02445	0.04575	0.02409	0.01567	0.02035	0.01175	0.00642	0.00871	0.00250	0.01223	0.00875	0.00392	0.01009
67	0.01402	0.01319	0.02227	0.72126	0.05113	0.01649	0.02062	0.01897	0.01484	0.01897	0.01319	0.01979	0.00990	0.00742	0.00742	0.00247	0.00990	0.00660	0.00330	0.00825
68	0.01051	0.00759	0.00992	0.00934	0.01109	0.00700	0.00700	0.01401	0.02101	0.02977	0.68888	0.05545	0.07005	0.01518	0.00876	0.00233	0.00350	0.01343	0.00817	0.00700
69	0.01043	0.00759	0.00982	0.00926	0.01104	0.00697	0.00695	0.01386	0.02084	0.02935	0.66218	0.05615	0.09700	0.01533	0.00876	0.00234	0.00351	0.01352	0.00812	0.00697
70	0.01985	0.74357	0.03890	0.01270	0.01905	0.02937	0.01270	0.02223	0.01508	0.01747	0.01032	0.01191	0.00953	0.00635	0.00476	0.00159	0.00794	0.00397	0.00318	0.00953
71	0.02773	0.03538	0.02104	0.01913	0.02295	0.70930	0.01434	0.02964	0.02104	0.01817	0.01148	0.01339	0.00956	0.00765	0.00669	0.00191	0.01339	0.00478	0.00383	0.00861
72	0.01539	0.01319	0.01539	0.01100	0.01759	0.00990	0.00880	0.01869	0.01539	0.02419	0.01319	0.01539	0.01100	0.00550	0.00550	0.00110	0.00550	0.00440	0.00440	0.78449
73	0.01023	0.00758	0.00954	0.00905	0.01092	0.00689	0.00679	0.01348	0.02036	0.02823	0.59157	0.05799	0.16831	0.01575	0.00876	0.00236	0.00354	0.01378	0.00797	0.00689
74	0.01061	0.00795	0.01193	0.01193	0.01326	0.00928	0.00928	0.01326	0.01193	0.01723	0.01988	0.02916	0.01856	0.05568	0.70968	0.01193	0.01988	0.00795	0.00398	0.00663
75	0.00904	0.00646	0.00861	0.01034	0.01077	0.00603	0.00689	0.01034	0.01421	0.01895	0.04092	0.73426	0.04910	0.02326	0.00948	0.00301	0.00431	0.02110	0.00689	0.00603
76	0.02293	0.01569	0.01663	0.01334	0.01774	0.01710	0.01083	0.42875	0.02779	0.03976	0.02017	0.02145	0.01498	0.00882	0.00660	0.00204	0.00644	0.00677	0.29163	0.01053
77	0.01985	0.74357	0.03890	0.01270	0.01905	0.02937	0.01270	0.02223	0.01508	0.01747	0.01032	0.01191	0.00953	0.00635	0.00476	0.00159	0.00794	0.00397	0.00318	0.00953
78	0.00904	0.00646	0.00861	0.01034	0.01077	0.00603	0.00689	0.01034	0.01421	0.01895	0.04092	0.73426	0.04910	0.02326	0.00948	0.00301	0.00431	0.02110	0.00689	0.00603
79	0.79154	0.01436	0.01091	0.00976	0.01436	0.01665	0.00804	0.02182	0.01263	0.03331	0.01034	0.01206	0.00804	0.00689	0.00459	0.00230	0.00574	0.00402	0.00459	0.00804
80	0.03331	0.01263	0.01723	0.01321	0.01895	0.01091	0.01091	0.03618	0.02125	0.69794	0.02929	0.02527	0.01838	0.00919	0.00747	0.00230	0.00632	0.00747	0.00919	0.01263
81	0.03144	0.01563	0.01909	0.01463	0.02045	0.01536	0.01209	0.26853	0.02627	0.45849	0.02507	0.02253	0.01626	0.00909	0.00745	0.00227	0.00700	0.00718	0.00854	0.01263
82	0.00904	0.00646	0.00861	0.01034	0.01077	0.00603	0.00689	0.01034	0.01421	0.01895	0.04092	0.73426	0.04910	0.02326	0.00948	0.00301	0.00431	0.02110	0.00689	0.00603
83	0.02205	0.01773	0.01881	0.01583	0.02067	0.02014	0.01262	0.27059	0.44239	0.03684	0.02566	0.02407	0.01897	0.00965	0.00751	0.00241	0.00672	0.00776	0.00751	0.01207
84	0.47692	0.01364	0.01353	0.01119	0.01626	0.01427	0.00923	0.02778	0.01621	0.30909	0.01820	0.01754	0.01233	0.00784	0.00579	0.00230	0.00598	0.00545	0.00650	0.00995
85	0.13411	0.01286	0.01639	0.01275	0.01834	0.01167	0.01053	0.03427	0.02010	0.60958	0.02677	0.02351	0.01700	0.00888	0.00708	0.00230	0.00624	0.00701	0.00858	0.01202
86	0.01712	0.35623	0.40238	0.01735	0.02624	0.02271	0.02079	0.02293	0.01541	0.02079	0.01197	0.01398	0.00946	0.00674	0.00602	0.00201	0.00960	0.00480	0.00315	0.01032
87	0.02365	0.01294	0.01624	0.01202	0.01822	0.01036	0.00977	0.02675	0.01809	0.33473	0.02061	0.01994	0.01440	0.00720	0.00640	0.00165	0.00588	0.00581	0.00661	0.42872
88	0.05378	0.01840	0.11855	0.05971	0.05917	0.01459	0.17971	0.02853	0.01844	0.31543	0.02056	0.02113	0.01390	0.00771	0.00755	0.00232	0.00879	0.00719	0.00605	0.03849
89	0.01489	0.03840	0.70064	0.02116	0.03213	0.01724	0.02743	0.02351	0.01567	0.02351	0.01332	0.01567	0.00940	0.00705	0.00705	0.00235	0.01097	0.00549	0.00313	0.01097
90	0.00904	0.00646	0.00861	0.01034	0.01077	0.00603	0.00689	0.01034	0.01421	0.01895	0.04092	0.73426	0.04910	0.02326	0.00948	0.00301	0.00431	0.02110	0.00689	0.00603
91	0.01752	0.02003	0.04380	0.03129	0.03880	0.01877	0.66583	0.02378	0.01752	0.02378	0.01502	0.02003	0.01126	0.00626	0.00876	0.00250	0.01252	0.00876	0.00375	0.01001
92	0.02296	0.04552	0.14337	0.02564	0.17504	0.01584	0.15800	0.02787	0.01831	0.26347	0.01941	0.02049	0.01353	0.00752	0.00755	0.00231	0.00906	0.00710	0.00554	0.01148
93	0.00980	0.00756	0.00894	0.00859	0.01065	0.00670	0.00644	0.01263	0.01933	0.02578	0.43683	0.06202	0.32458	0.01667	0.00876	0.00241	0.00361	0.01435	0.00765	0.00670
94	0.00970	0.00693	0.00936	0.01108	0.01180	0.00659	0.00802	0.01146	0.01486	0.01968	0.04056	0.58887	0.04767	0.02264	0.00965	0.00310	0.00487	0.16005	0.00688	0.00621
95	0.01489	0.03840	0.70064	0.02116	0.03213	0.01724	0.02743	0.02351	0.01567	0.02351	0.01332	0.01567	0.00940	0.00705	0.00705	0.00235	0.01097	0.00549	0.00313	0.01097
96	0.01489	0.03840	0.70064	0.02116	0.03213	0.01724	0.02743	0.02351	0.01567	0.02351	0.01332	0.01567	0.00940	0.00705	0.00705	0.00235	0.01097	0.00549	0.00313	0.01097
97	0.01249	0.00924	0.01225	0.01342	0.01537	0.00946	0.01143	0.01781	0.09119	0.02362	0.08339	0.09692	0.04259	0.01906	0.00982	0.00323	0.00641	0.50791	0.00701	0.00737
98	0.01985	0.74357	0.03890	0.01270	0.01905	0.02937	0.01270	0.02223	0.01508	0.01747	0.01032	0.01191	0.00953	0.00635	0.00476	0.00159	0.00794	0.00397	0.00318	0.00953
99	0.00885	0.00752	0.00762	0.00760	0.01007	0.00630	0.00570	0.01080	0.01709	0.02047	0.10125	0.07077	0.66348	0.01865	0.00877	0.00250	0.00375	0.01557	0.00695	0.00630
100	0.01585	0.01394	0.01523	0.01214	0.01721	0.04384	0.00951	0.04199	0.10101	0.02488	0.04087	0.08783	0.03928	0.00893	0.00705	0.00169	0.02850	0.00728	0.00527	0.47769
101	0.01869	0.01965	0.05764	0.04203	0.57933	0.05632	0.07115	0.02327	0.01713	0.02385	0.01388	0.01811	0.01150	0.00666	0.00741	0.00222	0.00944	0.00663	0.00367	0.01142
102	0.01402	0.01319	0.02227	0.72126	0.05113	0.01649	0.02062	0.01897	0.01484	0.01897	0.01319	0.01979	0.00990	0.00742	0.00742	0.00247	0.00990	0.00660	0.00330	0.00825
103	0.00904	0.00646	0.00861	0.01034	0.01077	0.00603	0.00689	0.01034	0.01421	0.01895	0.04092	0.73426	0.04910	0.02326	0.00948	0.00301	0.00431	0.02110	0.00689	0.00603
104	0.01261	0.01062	0.01694	0.21148	0.02603	0.01164	0.06481	0.01599	0.01529	0.02009	0.02776	0.15076	0.02933	0.07997	0.01224	0.00335	0.03607	0.24256	0.00527	0.00720
105	0.01008	0.00787	0.00942	0.01099	0.01167	0.03623	0.00763	0.01158	0.01474	0.01919	0.03953	0.64995	0.04689	0.02237	0.00942	0.00300	0.00490	0.07160	0.00676	0.00621
106	0.02955	0.01866	0.02096	0.01607	0.02196	0.01985	0.01327	0.50270	0.03133	0.21717	0.02082	0.01977	0.01413	0.00898	0.00744	0.00225	0.00768	0.00689	0.00789	0.01263
107	0.00904	0.00646	0.00861	0.01034	0.01077	0.00603	0.00689	0.01034	0.01421	0.01895	0.04092	0.73426	0.04910	0.02326	0.00948	0.00301	0.00431	0.02110	0.00689	0.00603
108	0.03036	0.01574	0.01895	0.01471	0.02040	0.01573	0.01209	0.25683	0.07803	0.41811	0.02536	0.02286	0.01671	0.00916	0.00746	0.00229	0.00693	0.00727	0.00844	0.01256
109	0.00903	0.00650	0.00857	0.01023	0.01074	0.00604	0.00684	0.01035	0.01432	0.01899	0.04227	0.70818	0.07430	0.02308	0.00945	0.00299	0.00429	0.02089	0.00689	0.00604
110	0.00904	0.00646	0.00861	0.01034	0.01077	0.00603	0.00689	0.01034	0.01421	0.01895	0.04092	0.73426	0.04910	0.02326	0.00948	0.00301	0.00431	0.02110	0.00689	0.00603
111	0.01837	0.01764	0.03013	0.04557	0.69279	0.01764	0.02278	0.02278	0.01690	0.02425	0.01396	0.01837	0.01176	0.00661	0.00735	0.00220	0.00882	0.00661	0.00367	0.01176
112	0.01837	0.01764	0.03013	0.04557	0.69279	0.01764	0.02278	0.02278	0.01690	0.02425	0.01396	0.01837	0.01176	0.00661	0.00735	0.00220	0.00882	0.00661	0.00367	0.01176
113	0.01489	0.03840	0.70064	0.02116	0.03213	0.01724	0.02743	0.02351	0.01567	0.02351	0.01332	0.01567	0.00940	0.00705	0.00705	0.00235	0.01097	0.00549	0.00313	0.01097
