[name]
unknown

[dist]
# distance from previous block
# <min> <max>
0	154

[block]
# block no. 0 follows, 30 sequences, length 26
# corresponding to MSA columns:
# 183-208
name=unknown_A
#
# <colnr> <probs for GDERKNQSTAVLIFYWHMCP>
#	G	D	E	R	K	N	Q	S	T	A	V	L	I	F	Y	W	H	M	C	P
0	0.01197	0.00860	0.01161	0.01258	0.01430	0.00884	0.01069	0.05701	0.01635	0.02151	0.03336	0.08923	0.03579	0.05344	0.07726	0.00403	0.00759	0.51309	0.00612	0.00664
1	0.02712	0.01115	0.01537	0.05835	0.01859	0.01002	0.01023	0.02969	0.01855	0.57621	0.02732	0.09122	0.01978	0.04263	0.00844	0.00243	0.00602	0.00828	0.00789	0.01070
2	0.02509	0.07703	0.02033	0.01699	0.02086	0.58516	0.01301	0.02852	0.07861	0.05226	0.01307	0.01421	0.01047	0.00738	0.00628	0.00185	0.01132	0.00486	0.00411	0.00859
3	0.00980	0.00723	0.00965	0.05651	0.01314	0.00716	0.00764	0.04369	0.01491	0.01998	0.09407	0.60670	0.04384	0.01959	0.00863	0.00271	0.00450	0.01767	0.00639	0.00618
4	0.01447	0.03140	0.55929	0.06922	0.12420	0.01626	0.04502	0.02174	0.01489	0.02193	0.01265	0.01545	0.00922	0.00657	0.00674	0.00220	0.01002	0.00546	0.00304	0.01022
5	0.01702	0.48057	0.26681	0.01604	0.05378	0.02325	0.01705	0.02133	0.01444	0.01863	0.01081	0.01267	0.00901	0.00620	0.00532	0.00176	0.00846	0.00433	0.00299	0.00951
6	0.02199	0.01729	0.01839	0.01514	0.01991	0.01952	0.01217	0.36594	0.36222	0.03666	0.02252	0.02135	0.01654	0.00892	0.00704	0.00223	0.00661	0.00708	0.00704	0.01146
7	0.01634	0.01843	0.03900	0.02819	0.03448	0.01806	0.61224	0.02174	0.01584	0.02174	0.01357	0.01843	0.01043	0.00658	0.00985	0.00243	0.09195	0.00800	0.00348	0.00922
8	0.01659	0.46893	0.25472	0.01457	0.02162	0.02245	0.01635	0.02080	0.01450	0.01859	0.01267	0.01744	0.01128	0.00719	0.00556	0.00185	0.00830	0.05414	0.00323	0.00920
9	0.02071	0.01238	0.01485	0.01207	0.01594	0.01242	0.00969	0.23851	0.02407	0.20654	0.31092	0.03344	0.03600	0.01093	0.00752	0.00215	0.00539	0.00914	0.00769	0.00964
10	0.01680	0.47105	0.30821	0.01511	0.02281	0.02307	0.01745	0.02138	0.01440	0.01868	0.01083	0.01260	0.00891	0.00623	0.00533	0.00178	0.00860	0.00430	0.00297	0.00950
11	0.00850	0.00607	0.00810	0.00972	0.01012	0.00567	0.00648	0.00972	0.01336	0.01781	0.03846	0.75020	0.04615	0.02186	0.00891	0.00283	0.00405	0.01984	0.00648	0.00567
12	0.01866	0.75896	0.03657	0.01194	0.01791	0.02761	0.01194	0.02090	0.01418	0.01642	0.00970	0.01119	0.00896	0.00597	0.00448	0.00149	0.00746	0.00373	0.00299	0.00896
13	0.02730	0.01294	0.01765	0.01372	0.01879	0.01207	0.05009	0.13266	0.02144	0.49329	0.06175	0.04667	0.02014	0.00944	0.00728	0.00221	0.00637	0.02719	0.00790	0.01111
14	0.00825	0.00707	0.00707	0.00707	0.00943	0.00589	0.00530	0.01001	0.01591	0.01885	0.07069	0.06716	0.70839	0.01767	0.00825	0.00236	0.00353	0.01473	0.00648	0.00589
15	0.00850	0.00607	0.00810	0.00972	0.01012	0.00567	0.00648	0.00972	0.01336	0.01781	0.03846	0.75020	0.04615	0.02186	0.00891	0.00283	0.00405	0.01984	0.00648	0.00567
16	0.65672	0.01292	0.01052	0.00947	0.01347	0.01482	0.00768	0.02115	0.06746	0.03073	0.06533	0.01608	0.01345	0.00737	0.00486	0.00216	0.00518	0.00487	0.02803	0.00773
17	0.01400	0.03610	0.71860	0.01989	0.03020	0.01621	0.02578	0.02210	0.01473	0.02210	0.01252	0.01473	0.00884	0.00663	0.00663	0.00221	0.01031	0.00516	0.00295	0.01031
18	0.00850	0.00607	0.00810	0.00972	0.01012	0.00567	0.00648	0.00972	0.01336	0.01781	0.03846	0.75020	0.04615	0.02186	0.00891	0.00283	0.00405	0.01984	0.00648	0.00567
19	0.01784	0.01261	0.01208	0.01048	0.01335	0.06573	0.00811	0.21208	0.04235	0.02969	0.02024	0.02383	0.01616	0.06567	0.00803	0.00219	0.00559	0.00661	0.41921	0.00815
20	0.08345	0.01017	0.01309	0.01119	0.01497	0.00920	0.00878	0.02514	0.01731	0.43807	0.03091	0.23129	0.05096	0.01258	0.00739	0.00236	0.00527	0.01071	0.00761	0.00955
21	0.00894	0.00664	0.00851	0.00956	0.01056	0.00596	0.00653	0.01034	0.01364	0.01827	0.03889	0.64189	0.09347	0.02026	0.00857	0.00266	0.00410	0.01824	0.00630	0.06666
22	0.07458	0.16436	0.54240	0.01765	0.02673	0.01822	0.02192	0.02176	0.01442	0.02177	0.01180	0.01384	0.00876	0.00650	0.00607	0.00208	0.00943	0.00480	0.00306	0.00986
23	0.02106	0.01676	0.04873	0.20406	0.02976	0.03414	0.10492	0.20210	0.09423	0.14588	0.01806	0.01953	0.01278	0.00775	0.00714	0.00223	0.00834	0.00674	0.00557	0.01023
24	0.01496	0.01840	0.12109	0.27716	0.09226	0.01691	0.25982	0.02023	0.01487	0.02034	0.01284	0.01781	0.00983	0.00688	0.00860	0.00236	0.06666	0.00679	0.00326	0.00894
25	0.13279	0.00890	0.00942	0.00888	0.01126	0.00949	0.00693	0.06665	0.01500	0.02461	0.02751	0.03043	0.13354	0.02022	0.18028	0.00419	0.00770	0.00771	0.28757	0.00691

[dist]
# distance from previous block
# <min> <max>
31	122

[block]
# block no. 1 follows, 30 sequences, length 42
# corresponding to MSA columns:
# 375-395,398-418
name=unknown_B
#
# <colnr> <probs for GDERKNQSTAVLIFYWHMCP>
#	G	D	E	R	K	N	Q	S	T	A	V	L	I	F	Y	W	H	M	C	P
0	0.14742	0.06860	0.01975	0.02056	0.21247	0.01608	0.01303	0.15693	0.04289	0.07724	0.08476	0.04567	0.01821	0.00838	0.00646	0.00209	0.00653	0.00688	0.03631	0.00975
1	0.01942	0.08232	0.01957	0.04363	0.09183	0.15992	0.03554	0.06919	0.11766	0.09315	0.09132	0.05951	0.04301	0.00931	0.00687	0.00208	0.00753	0.00767	0.03128	0.00918
2	0.05271	0.08993	0.14831	0.06668	0.02157	0.03966	0.01384	0.08752	0.03798	0.08001	0.01749	0.09347	0.01535	0.00905	0.00731	0.00206	0.04357	0.02835	0.00473	0.14043
3	0.24448	0.06513	0.09432	0.21884	0.02664	0.01647	0.01409	0.09696	0.03878	0.06763	0.04475	0.01745	0.01244	0.00740	0.00607	0.00217	0.00738	0.00563	0.00454	0.00883
4	0.19333	0.01978	0.21388	0.01366	0.01951	0.01481	0.01381	0.16800	0.01910	0.06513	0.10399	0.02451	0.08412	0.00908	0.00656	0.00218	0.00689	0.00703	0.00536	0.00924
5	0.07295	0.01131	0.01330	0.01127	0.01539	0.01050	0.00912	0.06866	0.06077	0.13256	0.09672	0.06561	0.05909	0.01080	0.00698	0.00205	0.00537	0.10851	0.00619	0.23286
6	0.01318	0.01240	0.02093	0.73798	0.04806	0.01550	0.01938	0.01783	0.01395	0.01783	0.01240	0.01860	0.00930	0.00698	0.00698	0.00233	0.00930	0.00620	0.00310	0.00775
7	0.01736	0.01499	0.01578	0.01420	0.01815	0.01736	0.01105	0.03708	0.69862	0.02919	0.02840	0.02604	0.02130	0.00947	0.00710	0.00237	0.00552	0.00789	0.00710	0.01105
8	0.01709	0.51625	0.26557	0.01461	0.02204	0.02378	0.01659	0.02130	0.01437	0.01833	0.01065	0.01238	0.00892	0.00619	0.00520	0.00173	0.00842	0.00421	0.00297	0.00941
9	0.02653	0.01955	0.02094	0.01606	0.02164	0.02164	0.01326	0.68796	0.03281	0.04398	0.01675	0.01675	0.01187	0.00838	0.00698	0.00209	0.00768	0.00628	0.00698	0.01187
10	0.01447	0.01240	0.01447	0.01034	0.01654	0.00930	0.00827	0.01757	0.01447	0.02274	0.01240	0.01447	0.01034	0.00517	0.00517	0.00103	0.00517	0.00413	0.00413	0.79742
11	0.01866	0.75896	0.03657	0.01194	0.01791	0.02761	0.01194	0.02090	0.01418	0.01642	0.00970	0.01119	0.00896	0.00597	0.00448	0.00149	0.00746	0.00373	0.00299	0.00896
12	0.02607	0.03326	0.01978	0.01798	0.02157	0.72674	0.01348	0.02787	0.01978	0.01708	0.01079	0.01258	0.00899	0.00719	0.00629	0.00180	0.01258	0.00449	0.00360	0.00809
13	0.01866	0.75896	0.03657	0.01194	0.01791	0.02761	0.01194	0.02090	0.01418	0.01642	0.00970	0.01119	0.00896	0.00597	0.00448	0.00149	0.00746	0.00373	0.00299	0.00896
14	0.02653	0.01955	0.02094	0.01606	0.02164	0.02164	0.01326	0.68796	0.03281	0.04398	0.01675	0.01675	0.01187	0.00838	0.00698	0.00209	0.00768	0.00628	0.00698	0.01187
15	0.03131	0.01188	0.01619	0.01242	0.01781	0.01026	0.01026	0.03401	0.01997	0.71606	0.02753	0.02375	0.01727	0.00864	0.00702	0.00216	0.00594	0.00702	0.00864	0.01188
16	0.01015	0.00677	0.00761	0.00761	0.00761	0.00677	0.00423	0.01015	0.01015	0.01353	0.02199	0.04567	0.02537	0.75476	0.03552	0.00677	0.00677	0.01015	0.00423	0.00423
17	0.02653	0.01955	0.02094	0.01606	0.02164	0.02164	0.01326	0.68796	0.03281	0.04398	0.01675	0.01675	0.01187	0.00838	0.00698	0.00209	0.00768	0.00628	0.00698	0.01187
18	0.01866	0.75896	0.03657	0.01194	0.01791	0.02761	0.01194	0.02090	0.01418	0.01642	0.00970	0.01119	0.00896	0.00597	0.00448	0.00149	0.00746	0.00373	0.00299	0.00896
19	0.01908	0.01861	0.01657	0.01495	0.01882	0.15790	0.01153	0.03526	0.56413	0.02679	0.02491	0.02337	0.01886	0.00902	0.00694	0.00225	0.00692	0.00722	0.00641	0.01046
20	0.00976	0.00704	0.00922	0.00886	0.01040	0.00650	0.00658	0.01287	0.01919	0.02709	0.64891	0.11330	0.06412	0.01493	0.00829	0.00225	0.00336	0.01325	0.00758	0.00650
21	0.02653	0.01955	0.02094	0.01606	0.02164	0.02164	0.01326	0.68796	0.03281	0.04398	0.01675	0.01675	0.01187	0.00838	0.00698	0.00209	0.00768	0.00628	0.00698	0.01187
22	0.01027	0.00733	0.01012	0.01173	0.01291	0.00719	0.00954	0.01277	0.01510	0.01979	0.03749	0.31845	0.04230	0.02020	0.00938	0.00308	0.00558	0.43419	0.00644	0.00616
23	0.00873	0.00624	0.00836	0.00998	0.01049	0.00587	0.00688	0.01012	0.01359	0.01807	0.03833	0.69336	0.04565	0.02164	0.00897	0.00287	0.00425	0.07439	0.00647	0.00573
24	0.02653	0.01955	0.02094	0.01606	0.02164	0.02164	0.01326	0.68796	0.03281	0.04398	0.01675	0.01675	0.01187	0.00838	0.00698	0.00209	0.00768	0.00628	0.00698	0.01187
25	0.06092	0.01928	0.02047	0.01575	0.02128	0.02138	0.01301	0.65843	0.03188	0.04342	0.01644	0.01651	0.01168	0.00829	0.00686	0.00210	0.00758	0.00617	0.00686	0.01168
26	0.01400	0.03610	0.71860	0.01989	0.03020	0.01621	0.02578	0.02210	0.01473	0.02210	0.01252	0.01473	0.00884	0.00663	0.00663	0.00221	0.01031	0.00516	0.00295	0.01031
27	0.02653	0.01955	0.02094	0.01606	0.02164	0.02164	0.01326	0.68796	0.03281	0.04398	0.01675	0.01675	0.01187	0.00838	0.00698	0.00209	0.00768	0.00628	0.00698	0.01187
28	0.02653	0.01955	0.02094	0.01606	0.02164	0.02164	0.01326	0.68796	0.03281	0.04398	0.01675	0.01675	0.01187	0.00838	0.00698	0.00209	0.00768	0.00628	0.00698	0.01187
29	0.03131	0.01188	0.01619	0.01242	0.01781	0.01026	0.01026	0.03401	0.01997	0.71606	0.02753	0.02375	0.01727	0.00864	0.00702	0.00216	0.00594	0.00702	0.00864	0.01188
30	0.02653	0.01955	0.02094	0.01606	0.02164	0.02164	0.01326	0.68796	0.03281	0.04398	0.01675	0.01675	0.01187	0.00838	0.00698	0.00209	0.00768	0.00628	0.00698	0.01187
31	0.02653	0.01955	0.02094	0.01606	0.02164	0.02164	0.01326	0.68796	0.03281	0.04398	0.01675	0.01675	0.01187	0.00838	0.00698	0.00209	0.00768	0.00628	0.00698	0.01187
32	0.37528	0.01819	0.01603	0.01316	0.01798	0.08892	0.01073	0.32304	0.02213	0.03563	0.01300	0.01391	0.00965	0.00741	0.00572	0.00209	0.00714	0.00498	0.00545	0.00956
33	0.42025	0.01276	0.01172	0.01070	0.01436	0.03774	0.00857	0.02243	0.10300	0.09631	0.07694	0.07626	0.02029	0.00975	0.00604	0.00230	0.00551	0.05123	0.00567	0.00816
34	0.02653	0.01955	0.02094	0.01606	0.02164	0.02164	0.01326	0.68796	0.03281	0.04398	0.01675	0.01675	0.01187	0.00838	0.00698	0.00209	0.00768	0.00628	0.00698	0.01187
35	0.42330	0.01482	0.01431	0.01197	0.01628	0.01672	0.00978	0.22342	0.01883	0.07978	0.01495	0.06346	0.01219	0.00851	0.00654	0.00223	0.04243	0.00595	0.00550	0.00904
36	0.17430	0.01480	0.02020	0.01898	0.10948	0.01648	0.07941	0.09732	0.01602	0.09468	0.01528	0.06955	0.01310	0.00925	0.01044	0.00237	0.18277	0.00689	0.00471	0.04395
37	0.08501	0.01476	0.02064	0.07475	0.23733	0.06582	0.08060	0.04532	0.01564	0.02301	0.01735	0.11709	0.01602	0.00909	0.00757	0.00220	0.04376	0.00796	0.10741	0.00867
38	0.05008	0.01545	0.02046	0.05209	0.13557	0.06575	0.07944	0.02115	0.06694	0.04597	0.01516	0.05292	0.01294	0.00768	0.00806	0.00193	0.08105	0.00635	0.00427	0.25674
39	0.04822	0.06695	0.02125	0.04693	0.05480	0.01493	0.09936	0.07290	0.01662	0.09139	0.07198	0.02119	0.04124	0.00824	0.00873	0.00200	0.10605	0.00662	0.00480	0.19580
40	0.01549	0.01351	0.02214	0.01964	0.09031	0.01344	0.19361	0.06821	0.06852	0.04960	0.08131	0.14494	0.02368	0.01064	0.00842	0.00231	0.04353	0.03128	0.03621	0.06319
41	0.04371	0.04835	0.02279	0.07060	0.16304	0.03406	0.12596	0.07279	0.12033	0.04257	0.04939	0.11367	0.02009	0.00970	0.00736	0.00229	0.00758	0.03132	0.00507	0.00932

[dist]
# distance from previous block
# <min> <max>
6	55

[block]
# block no. 2 follows, 30 sequences, length 106
# corresponding to MSA columns:
# 475-548,565-596
name=unknown_C
#
# <colnr> <probs for GDERKNQSTAVLIFYWHMCP>
#	G	D	E	R	K	N	Q	S	T	A	V	L	I	F	Y	W	H	M	C	P
0	0.04365	0.08202	0.04841	0.27633	0.08630	0.06279	0.09424	0.09849	0.01733	0.04763	0.01744	0.02052	0.05976	0.00767	0.00684	0.00216	0.00874	0.00664	0.00413	0.00892
1	0.08393	0.01295	0.01683	0.01432	0.04017	0.01312	0.06694	0.09705	0.14626	0.20537	0.16951	0.02954	0.05373	0.00983	0.00721	0.00222	0.00592	0.00841	0.00693	0.00977
2	0.01710	0.01640	0.02801	0.07238	0.68304	0.01653	0.02133	0.02126	0.01581	0.02259	0.01310	0.01733	0.01098	0.00625	0.00691	0.00208	0.00833	0.00622	0.00344	0.01091
3	0.02915	0.01324	0.01863	0.01419	0.01968	0.01213	0.06556	0.09087	0.04665	0.57414	0.02552	0.02282	0.01641	0.00842	0.00712	0.00218	0.00655	0.00709	0.00802	0.01164
4	0.01977	0.13769	0.37636	0.01638	0.02431	0.01672	0.01857	0.05478	0.04712	0.19764	0.01677	0.01706	0.01167	0.00724	0.00644	0.00209	0.00845	0.00558	0.00475	0.01060
5	0.01727	0.01658	0.02832	0.04283	0.71123	0.01658	0.02142	0.02142	0.01589	0.02280	0.01313	0.01727	0.01105	0.00622	0.00691	0.00207	0.00829	0.00622	0.00345	0.01105
6	0.00825	0.00707	0.00707	0.00707	0.00943	0.00589	0.00530	0.01001	0.01591	0.01885	0.07069	0.06716	0.70839	0.01767	0.00825	0.00236	0.00353	0.01473	0.00648	0.00589
7	0.01477	0.01491	0.02753	0.35958	0.12532	0.01650	0.21467	0.01942	0.01474	0.01980	0.01353	0.02018	0.01089	0.00739	0.00872	0.00239	0.06945	0.02820	0.00338	0.00861
8	0.00882	0.00642	0.00839	0.00984	0.01060	0.00599	0.00696	0.01035	0.01397	0.01831	0.04164	0.59403	0.11455	0.02110	0.00893	0.00283	0.00430	0.10073	0.00647	0.00579
9	0.03131	0.01188	0.01619	0.01242	0.01781	0.01026	0.01026	0.03401	0.01997	0.71606	0.02753	0.02375	0.01727	0.00864	0.00702	0.00216	0.00594	0.00702	0.00864	0.01188
10	0.00885	0.00632	0.00849	0.01011	0.01067	0.00597	0.00708	0.01032	0.01370	0.01820	0.03827	0.66536	0.04540	0.02154	0.00900	0.00288	0.00435	0.10126	0.00647	0.00576
11	0.01472	0.02902	0.46127	0.02159	0.02949	0.01737	0.16025	0.02126	0.01441	0.02126	0.01229	0.01567	0.00925	0.00742	0.00970	0.00238	0.13393	0.00595	0.00308	0.00968
12	0.01679	0.01609	0.02746	0.12414	0.63366	0.01645	0.02118	0.02100	0.01566	0.02222	0.01304	0.01743	0.01085	0.00631	0.00692	0.00210	0.00841	0.00622	0.00341	0.01067
13	0.00976	0.00715	0.00943	0.01080	0.01207	0.00682	0.00855	0.01200	0.01503	0.01942	0.04265	0.32872	0.14410	0.02000	0.00915	0.00294	0.00509	0.32379	0.00645	0.00606
14	0.01412	0.02193	0.28366	0.36121	0.14395	0.01593	0.02210	0.01999	0.01455	0.02020	0.01256	0.01695	0.00940	0.00673	0.00684	0.00224	0.00952	0.00581	0.00310	0.00922
15	0.01587	0.02900	0.45839	0.01970	0.02756	0.01761	0.07596	0.09131	0.06047	0.02418	0.01370	0.01607	0.01014	0.00763	0.00887	0.00233	0.10159	0.00582	0.00369	0.01011
16	0.03068	0.01190	0.01613	0.01234	0.01777	0.01022	0.01018	0.03340	0.01977	0.69030	0.02697	0.02341	0.01702	0.00851	0.00695	0.00212	0.00591	0.00691	0.00847	0.04107
17	0.02497	0.02123	0.01964	0.01567	0.02082	0.16842	0.01260	0.42759	0.05964	0.05986	0.01601	0.01635	0.01176	0.00787	0.00666	0.00194	0.00830	0.00580	0.00605	0.08882
18	0.00920	0.00711	0.00839	0.00807	0.01001	0.00630	0.00605	0.01185	0.01815	0.02418	0.44198	0.05839	0.33378	0.01569	0.00824	0.00226	0.00339	0.01350	0.00718	0.00630
19	0.01514	0.01553	0.02972	0.34965	0.16659	0.01649	0.26397	0.02015	0.01523	0.02041	0.01317	0.01844	0.01010	0.00644	0.00743	0.00229	0.01002	0.00695	0.00332	0.00897
20	0.01574	0.01501	0.02555	0.30347	0.46258	0.01618	0.02065	0.02007	0.01516	0.02094	0.01286	0.01777	0.01040	0.00650	0.00693	0.00217	0.00867	0.00621	0.00332	0.00982
21	0.00850	0.00607	0.00810	0.00972	0.01012	0.00567	0.00648	0.00972	0.01336	0.01781	0.03846	0.75020	0.04615	0.02186	0.00891	0.00283	0.00405	0.01984	0.00648	0.00567
22	0.01015	0.00677	0.00761	0.00761	0.00761	0.00677	0.00423	0.01015	0.01015	0.01353	0.02199	0.04567	0.02537	0.75476	0.03552	0.00677	0.00677	0.01015	0.00423	0.00423
23	0.00906	0.00710	0.00820	0.00793	0.00993	0.00624	0.00594	0.01160	0.01783	0.02343	0.38994	0.05962	0.38629	0.01597	0.00824	0.00228	0.00341	0.01367	0.00708	0.00624
24	0.01727	0.01658	0.02832	0.04283	0.71123	0.01658	0.02142	0.02142	0.01589	0.02280	0.01313	0.01727	0.01105	0.00622	0.00691	0.00207	0.00829	0.00622	0.00345	0.01105
25	0.02717	0.01096	0.01487	0.01171	0.01639	0.00955	0.00955	0.02998	0.01993	0.58320	0.15883	0.02923	0.02665	0.00972	0.00725	0.00217	0.00543	0.00810	0.00845	0.01085
26	0.01015	0.00677	0.00761	0.00761	0.00761	0.00677	0.00423	0.01015	0.01015	0.01353	0.02199	0.04567	0.02537	0.75476	0.03552	0.00677	0.00677	0.01015	0.00423	0.00423
27	0.02057	0.01659	0.01759	0.01485	0.01937	0.01886	0.01182	0.26511	0.46536	0.03437	0.02432	0.02278	0.01800	0.00909	0.00706	0.00227	0.00628	0.00733	0.00706	0.01133
28	0.04526	0.04629	0.04623	0.01279	0.01673	0.01317	0.01072	0.18434	0.05248	0.17999	0.07997	0.17575	0.02676	0.01238	0.00750	0.00236	0.00603	0.06509	0.00682	0.00935
29	0.01866	0.75896	0.03657	0.01194	0.01791	0.02761	0.01194	0.02090	0.01418	0.01642	0.00970	0.01119	0.00896	0.00597	0.00448	0.00149	0.00746	0.00373	0.00299	0.00896
30	0.77275	0.04320	0.01130	0.00929	0.01367	0.01613	0.00773	0.02053	0.01197	0.03072	0.00972	0.01133	0.00761	0.00646	0.00432	0.00213	0.00548	0.00378	0.00427	0.00761
31	0.02790	0.01735	0.01958	0.01501	0.02054	0.01838	0.01240	0.50047	0.02913	0.23667	0.01984	0.01876	0.01342	0.00845	0.00699	0.00211	0.00718	0.00649	0.00746	0.01187
32	0.18550	0.01619	0.01729	0.01367	0.01884	0.01744	0.01124	0.35314	0.07091	0.19907	0.01866	0.01793	0.01291	0.00813	0.00646	0.00214	0.00666	0.00606	0.00684	0.01093
33	0.01727	0.01658	0.02832	0.04283	0.71123	0.01658	0.02142	0.02142	0.01589	0.02280	0.01313	0.01727	0.01105	0.00622	0.00691	0.00207	0.00829	0.00622	0.00345	0.01105
34	0.02653	0.01955	0.02094	0.01606	0.02164	0.02164	0.01326	0.68796	0.03281	0.04398	0.01675	0.01675	0.01187	0.00838	0.00698	0.00209	0.00768	0.00628	0.00698	0.01187
35	0.00850	0.00607	0.00810	0.00972	0.01012	0.00567	0.00648	0.00972	0.01336	0.01781	0.03846	0.75020	0.04615	0.02186	0.00891	0.00283	0.00405	0.01984	0.00648	0.00567
36	0.00850	0.00607	0.00810	0.00972	0.01012	0.00567	0.00648	0.00972	0.01336	0.01781	0.03846	0.75020	0.04615	0.02186	0.00891	0.00283	0.00405	0.01984	0.00648	0.00567
37	0.00988	0.00713	0.00933	0.00878	0.01043	0.00658	0.00658	0.01317	0.01975	0.02798	0.70754	0.05213	0.06584	0.01427	0.00823	0.00219	0.00329	0.01262	0.00768	0.00658
38	0.01866	0.75896	0.03657	0.01194	0.01791	0.02761	0.01194	0.02090	0.01418	0.01642	0.00970	0.01119	0.00896	0.00597	0.00448	0.00149	0.00746	0.00373	0.00299	0.00896
39	0.01482	0.03494	0.68499	0.01953	0.02961	0.01592	0.02504	0.02267	0.01498	0.05530	0.01324	0.01516	0.00924	0.00673	0.00665	0.00221	0.01010	0.00525	0.00322	0.01039
40	0.15287	0.01513	0.02120	0.26476	0.26855	0.03794	0.01697	0.04397	0.07082	0.02368	0.01359	0.01724	0.01066	0.00688	0.00648	0.00219	0.00801	0.00588	0.00391	0.00928
41	0.01124	0.00803	0.01124	0.01285	0.01446	0.00803	0.01124	0.01446	0.01606	0.02088	0.03695	0.07871	0.04016	0.01928	0.00964	0.00321	0.00643	0.66426	0.00643	0.00643
42	0.10269	0.01776	0.01639	0.01417	0.01819	0.12057	0.01112	0.22297	0.24466	0.03095	0.04629	0.08548	0.01914	0.00978	0.00686	0.00222	0.00696	0.00773	0.00623	0.00985
43	0.01360	0.00705	0.00789	0.00748	0.00939	0.00680	0.00568	0.01682	0.01626	0.07721	0.18750	0.03212	0.02935	0.00964	0.00584	0.00180	0.00346	0.00801	0.54716	0.00692
44	0.51550	0.01325	0.01269	0.01056	0.01529	0.01417	0.00871	0.05621	0.01550	0.25529	0.01586	0.01564	0.01093	0.00727	0.00532	0.00216	0.00568	0.00495	0.00585	0.00917
45	0.01286	0.01165	0.01733	0.01520	0.01614	0.01465	0.06078	0.01487	0.01154	0.01712	0.01590	0.07566	0.01599	0.08903	0.21777	0.00554	0.34371	0.00802	0.02935	0.00689
46	0.00982	0.00713	0.00924	0.00872	0.01039	0.00656	0.00654	0.01305	0.01961	0.02765	0.68400	0.05268	0.08960	0.01439	0.00823	0.00220	0.00330	0.01270	0.00764	0.00656
47	0.01796	0.01317	0.01416	0.01265	0.01632	0.01472	0.00987	0.03306	0.50946	0.09645	0.02731	0.02581	0.02029	0.00915	0.00670	0.00221	0.00516	0.00756	0.14769	0.01032
48	0.01354	0.01277	0.02158	0.67665	0.10657	0.01560	0.01956	0.01815	0.01412	0.01827	0.01247	0.01849	0.00946	0.00691	0.00697	0.00230	0.00921	0.00620	0.00313	0.00804
49	0.00850	0.00607	0.00810	0.00972	0.01012	0.00567	0.00648	0.00972	0.01336	0.01781	0.03846	0.75020	0.04615	0.02186	0.00891	0.00283	0.00405	0.01984	0.00648	0.00567
50	0.00850	0.00607	0.00810	0.00972	0.01012	0.00567	0.00648	0.00972	0.01336	0.01781	0.03846	0.75020	0.04615	0.02186	0.00891	0.00283	0.00405	0.01984	0.00648	0.00567
51	0.03037	0.01170	0.01596	0.01244	0.01766	0.01015	0.01030	0.03309	0.01979	0.68347	0.02797	0.02633	0.01835	0.00914	0.00714	0.00221	0.00596	0.03783	0.00853	0.01162
52	0.01866	0.75896	0.03657	0.01194	0.01791	0.02761	0.01194	0.02090	0.01418	0.01642	0.00970	0.01119	0.00896	0.00597	0.00448	0.00149	0.00746	0.00373	0.00299	0.00896
53	0.01727	0.01658	0.02832	0.04283	0.71123	0.01658	0.02142	0.02142	0.01589	0.02280	0.01313	0.01727	0.01105	0.00622	0.00691	0.00207	0.00829	0.00622	0.00345	0.01105
54	0.02607	0.03326	0.01978	0.01798	0.02157	0.72674	0.01348	0.02787	0.01978	0.01708	0.01079	0.01258	0.00899	0.00719	0.00629	0.00180	0.01258	0.00449	0.00360	0.00809
55	0.01527	0.01527	0.02137	0.01832	0.01832	0.02137	0.01527	0.01679	0.01069	0.01679	0.00916	0.01527	0.00916	0.01221	0.02290	0.00305	0.74198	0.00611	0.00305	0.00763
56	0.00981	0.00708	0.00927	0.00882	0.01041	0.00654	0.00658	0.01300	0.01945	0.02750	0.67553	0.08553	0.06490	0.01463	0.00826	0.00223	0.00333	0.01297	0.00762	0.00654
57	0.01742	0.01707	0.05534	0.10148	0.02590	0.06743	0.15630	0.05245	0.10063	0.06755	0.01643	0.04501	0.01317	0.00798	0.00858	0.00213	0.08350	0.00685	0.00455	0.15022
58	0.01209	0.00814	0.01136	0.01272	0.01446	0.00805	0.01103	0.01520	0.01615	0.05336	0.03656	0.10048	0.03930	0.01887	0.00949	0.00315	0.00632	0.61009	0.00653	0.00665
59	0.01636	0.32050	0.30784	0.01868	0.02659	0.02105	0.15578	0.02167	0.01487	0.01989	0.01173	0.01416	0.00924	0.00621	0.00610	0.00195	0.00948	0.00522	0.00308	0.00959
60	0.01510	0.01216	0.01430	0.01047	0.01622	0.00952	0.00837	0.04082	0.01577	0.04970	0.07445	0.01822	0.01554	0.00621	0.00557	0.00121	0.00512	0.00506	0.00471	0.67147
61	0.01960	0.02025	0.02525	0.03247	0.42539	0.17090	0.04464	0.05647	0.09288	0.02326	0.01452	0.01726	0.01176	0.00688	0.00685	0.00206	0.00902	0.00611	0.00406	0.01038
62	0.01206	0.00610	0.00916	0.00916	0.00919	0.00614	0.00614	0.00919	0.00916	0.01225	0.01232	0.02140	0.01228	0.02510	0.04861	0.77302	0.00645	0.00610	0.00305	0.00313
63	0.14772	0.01260	0.01544	0.01217	0.01732	0.01194	0.01001	0.05618	0.06176	0.54421	0.02448	0.02175	0.01585	0.00835	0.00661	0.00217	0.00589	0.00655	0.00782	0.01117
64	0.00873	0.00672	0.00799	0.00845	0.00992	0.00598	0.00604	0.01066	0.01590	0.02066	0.21175	0.31425	0.31108	0.01839	0.00849	0.00249	0.00367	0.01610	0.00677	0.00598
65	0.00968	0.00709	0.00908	0.00866	0.01033	0.00649	0.00647	0.01277	0.01918	0.02681	0.62710	0.07876	0.12182	0.01484	0.00826	0.00223	0.00334	0.01307	0.00753	0.00649
66	0.01400	0.03610	0.71860	0.01989	0.03020	0.01621	0.02578	0.02210	0.01473	0.02210	0.01252	0.01473	0.00884	0.00663	0.00663	0.00221	0.01031	0.00516	0.00295	0.01031
67	0.01585	0.01593	0.02017	0.01734	0.01828	0.08486	0.03846	0.03983	0.01254	0.01775	0.01141	0.01781	0.01091	0.04277	0.10966	0.00404	0.50506	0.00636	0.00338	0.00759
68	0.00854	0.00619	0.00807	0.00947	0.01008	0.00572	0.00639	0.00988	0.01381	0.01830	0.06763	0.66914	0.09856	0.02123	0.00883	0.00277	0.00398	0.01915	0.00653	0.00572
69	0.15156	0.01257	0.01380	0.01020	0.01605	0.01043	0.00821	0.01861	0.01420	0.04666	0.01243	0.01423	0.01008	0.00551	0.00508	0.00126	0.00523	0.00417	0.00431	0.63540
70	0.01740	0.55606	0.20071	0.01410	0.02089	0.02462	0.01541	0.02103	0.01418	0.01780	0.01036	0.01220	0.00894	0.00637	0.00570	0.00173	0.03611	0.00417	0.00298	0.00923
71	0.00905	0.00682	0.00918	0.01042	0.01079	0.00695	0.00719	0.01029	0.01314	0.01773	0.03608	0.69037	0.04314	0.02108	0.01005	0.00285	0.06412	0.01872	0.00620	0.00583
72	0.01340	0.01285	0.02117	0.01715	0.01957	0.03445	0.20319	0.01604	0.01261	0.01745	0.01608	0.02661	0.01555	0.20279	0.19050	0.00569	0.15625	0.00799	0.00366	0.00698
73	0.01087	0.00787	0.01075	0.01222	0.01384	0.00775	0.01053	0.01388	0.01594	0.02058	0.03999	0.10445	0.09936	0.01924	0.00949	0.00312	0.00608	0.58127	0.00643	0.00635
74	0.01400	0.03610	0.71860	0.01989	0.03020	0.01621	0.02578	0.02210	0.01473	0.02210	0.01252	0.01473	0.00884	0.00663	0.00663	0.00221	0.01031	0.00516	0.00295	0.01031
75	0.01318	0.01240	0.02093	0.73798	0.04806	0.01550	0.01938	0.01783	0.01395	0.01783	0.01240	0.01860	0.00930	0.00698	0.00698	0.00233	0.00930	0.00620	0.00310	0.00775
76	0.00916	0.00669	0.00862	0.00902	0.01021	0.00614	0.00643	0.01145	0.01676	0.02295	0.37309	0.34302	0.11511	0.01772	0.00851	0.00247	0.00363	0.01580	0.00707	0.00614
77	0.01004	0.00721	0.00986	0.00986	0.01064	0.00799	0.00704	0.01159	0.01081	0.01520	0.01993	0.03426	0.02042	0.31570	0.46780	0.00955	0.01422	0.00848	0.00392	0.00548
78	0.01400	0.03610	0.71860	0.01989	0.03020	0.01621	0.02578	0.02210	0.01473	0.02210	0.01252	0.01473	0.00884	0.00663	0.00663	0.00221	0.01031	0.00516	0.00295	0.01031
79	0.01866	0.75896	0.03657	0.01194	0.01791	0.02761	0.01194	0.02090	0.01418	0.01642	0.00970	0.01119	0.00896	0.00597	0.00448	0.00149	0.00746	0.00373	0.00299	0.00896
80	0.01527	0.01527	0.02137	0.01832	0.01832	0.02137	0.01527	0.01679	0.01069	0.01679	0.00916	0.01527	0.00916	0.01221	0.02290	0.00305	0.74198	0.00611	0.00305	0.00763
81	0.01400	0.03610	0.71860	0.01989	0.03020	0.01621	0.02578	0.02210	0.01473	0.02210	0.01252	0.01473	0.00884	0.00663	0.00663	0.00221	0.01031	0.00516	0.00295	0.01031
82	0.01026	0.00823	0.01250	0.04293	0.01518	0.00777	0.06782	0.01247	0.01415	0.01904	0.03306	0.49942	0.03791	0.01820	0.00860	0.00269	0.00539	0.11408	0.00589	0.06440
83	0.00850	0.00607	0.00810	0.00972	0.01012	0.00567	0.00648	0.00972	0.01336	0.01781	0.03846	0.75020	0.04615	0.02186	0.00891	0.00283	0.00405	0.01984	0.00648	0.00567
84	0.00988	0.00713	0.00933	0.00878	0.01043	0.00658	0.00658	0.01317	0.01975	0.02798	0.70754	0.05213	0.06584	0.01427	0.00823	0.00219	0.00329	0.01262	0.00768	0.00658
85	0.01645	0.41678	0.35941	0.01570	0.02373	0.02221	0.01849	0.02147	0.01444	0.01911	0.01104	0.01287	0.00890	0.00628	0.00550	0.00183	0.00881	0.00441	0.00297	0.00960
86	0.02607	0.03326	0.01978	0.01798	0.02157	0.72674	0.01348	0.02787	0.01978	0.01708	0.01079	0.01258	0.00899	0.00719	0.00629	0.00180	0.01258	0.00449	0.00360	0.00809
87	0.00850	0.00607	0.00810	0.00972	0.01012	0.00567	0.00648	0.00972	0.01336	0.01781	0.03846	0.75020	0.04615	0.02186	0.00891	0.00283	0.00405	0.01984	0.00648	0.00567
88	0.01044	0.00746	0.01033	0.01194	0.01319	0.00734	0.00985	0.01307	0.01527	0.01999	0.03739	0.27482	0.04191	0.02003	0.00942	0.00310	0.00573	0.47606	0.00644	0.00620
89	0.01092	0.00834	0.01034	0.01112	0.01257	0.00857	0.00827	0.01647	0.15506	0.02155	0.09223	0.42352	0.04164	0.01822	0.00861	0.00275	0.00471	0.13144	0.00670	0.00698
90	0.01212	0.00606	0.00909	0.00909	0.00909	0.00606	0.00606	0.00909	0.00909	0.01212	0.01212	0.02121	0.01212	0.02424	0.02727	0.79697	0.00606	0.00606	0.00303	0.00303
91	0.02091	0.01922	0.01751	0.01529	0.01931	0.16286	0.01196	0.12294	0.41671	0.05750	0.02252	0.02155	0.01691	0.00891	0.00746	0.00223	0.03257	0.00688	0.00629	0.01047
92	0.01757	0.01589	0.02084	0.49876	0.03930	0.07529	0.01737	0.18597	0.01914	0.02430	0.01336	0.01765	0.00992	0.00734	0.00692	0.00222	0.00917	0.00608	0.00411	0.00881
93	0.01811	0.67441	0.11634	0.01287	0.01935	0.02628	0.01356	0.02104	0.01424	0.01708	0.01003	0.01161	0.00894	0.00605	0.00473	0.00158	0.00780	0.00390	0.00298	0.00911
94	0.02751	0.01797	0.01997	0.01531	0.02085	0.01930	0.01265	0.55371	0.03017	0.18195	0.01897	0.01819	0.01298	0.00843	0.00699	0.00211	0.00732	0.00643	0.00732	0.01187
95	0.17879	0.01595	0.02462	0.03592	0.56799	0.01639	0.01857	0.02123	0.01507	0.02455	0.01243	0.01605	0.01034	0.00627	0.00638	0.00209	0.00770	0.00572	0.00363	0.01034
96	0.02607	0.03326	0.01978	0.01798	0.02157	0.72674	0.01348	0.02787	0.01978	0.01708	0.01079	0.01258	0.00899	0.00719	0.00629	0.00180	0.01258	0.00449	0.00360	0.00809
97	0.01568	0.01518	0.02650	0.30248	0.41298	0.01626	0.06950	0.02014	0.01521	0.02090	0.01293	0.01789	0.01036	0.00648	0.00703	0.00219	0.00893	0.00636	0.00333	0.00969
98	0.00893	0.00683	0.00819	0.00842	0.00999	0.00609	0.00610	0.01112	0.01667	0.02200	0.30082	0.24485	0.28974	0.01752	0.00842	0.00242	0.00358	0.01531	0.00693	0.00609
99	0.00941	0.00725	0.01090	0.01133	0.01233	0.00696	0.05672	0.01111	0.01340	0.01797	0.03426	0.57384	0.04000	0.05734	0.06722	0.00367	0.00602	0.04838	0.00594	0.00596
100	0.01015	0.00677	0.00761	0.00761	0.00761	0.00677	0.00423	0.01015	0.01015	0.01353	0.02199	0.04567	0.02537	0.75476	0.03552	0.00677	0.00677	0.01015	0.00423	0.00423
101	0.01577	0.01118	0.01775	0.01456	0.01797	0.01062	0.14731	0.07909	0.01874	0.13168	0.22647	0.19872	0.03691	0.01302	0.00812	0.00239	0.00609	0.02877	0.00660	0.00825
102	0.01499	0.02942	0.46348	0.02464	0.09209	0.01665	0.21465	0.02211	0.01533	0.02223	0.01303	0.01613	0.00954	0.00638	0.00711	0.00224	0.01055	0.00613	0.00316	0.01012
103	0.01318	0.01240	0.02093	0.73798	0.04806	0.01550	0.01938	0.01783	0.01395	0.01783	0.01240	0.01860	0.00930	0.00698	0.00698	0.00233	0.00930	0.00620	0.00310	0.00775
104	0.01739	0.01541	0.04153	0.01288	0.01868	0.04400	0.03497	0.11339	0.07354	0.05092	0.01560	0.03700	0.01261	0.00673	0.00597	0.00151	0.00630	0.00549	0.00491	0.48117
105	0.01780	0.62603	0.16199	0.01340	0.02017	0.02551	0.01449	0.02112	0.01428	0.01746	0.01022	0.01184	0.00893	0.00609	0.00487	0.00162	0.00799	0.00399	0.00298	0.00920

[dist]
# distance from previous block
# <min> <max>
2	3

[block]
# block no. 3 follows, 30 sequences, length 13
# corresponding to MSA columns:
# 603-615
name=unknown_D
#
# <colnr> <probs for GDERKNQSTAVLIFYWHMCP>
#	G	D	E	R	K	N	Q	S	T	A	V	L	I	F	Y	W	H	M	C	P
0	0.02159	0.01668	0.04757	0.07592	0.12552	0.01672	0.11307	0.21262	0.04279	0.15805	0.01761	0.02000	0.01303	0.04023	0.00917	0.00242	0.04414	0.00686	0.00553	0.01046
1	0.00871	0.00622	0.00833	0.00995	0.01045	0.00585	0.00684	0.01007	0.01356	0.01805	0.03835	0.69962	0.04570	0.02167	0.00896	0.00286	0.00423	0.06839	0.00647	0.00573
2	0.01015	0.00677	0.00761	0.00761	0.00761	0.00677	0.00423	0.01015	0.01015	0.01353	0.02199	0.04567	0.02537	0.75476	0.03552	0.00677	0.00677	0.01015	0.00423	0.00423
3	0.01679	0.01228	0.01697	0.01576	0.06263	0.03668	0.09304	0.09484	0.04344	0.13160	0.03045	0.24806	0.08587	0.03883	0.00890	0.00259	0.00650	0.04019	0.00615	0.00845
4	0.01814	0.01803	0.07415	0.13848	0.11318	0.05930	0.06710	0.08608	0.22697	0.05423	0.01829	0.01994	0.01381	0.00806	0.00799	0.00228	0.05217	0.00673	0.00500	0.01006
5	0.01447	0.01240	0.01447	0.01034	0.01654	0.00930	0.00827	0.01757	0.01447	0.02274	0.01240	0.01447	0.01034	0.00517	0.00517	0.00103	0.00517	0.00413	0.00413	0.79742
6	0.01400	0.03610	0.71860	0.01989	0.03020	0.01621	0.02578	0.02210	0.01473	0.02210	0.01252	0.01473	0.00884	0.00663	0.00663	0.00221	0.01031	0.00516	0.00295	0.01031
7	0.01528	0.01618	0.07367	0.14391	0.20822	0.10489	0.01537	0.01862	0.01550	0.04491	0.02227	0.20217	0.04433	0.01132	0.00746	0.00233	0.00781	0.03282	0.00452	0.00841
8	0.01010	0.00697	0.00862	0.00862	0.00897	0.00732	0.00549	0.01080	0.01045	0.01428	0.02106	0.04054	0.02314	0.55744	0.22979	0.00802	0.01012	0.00940	0.00409	0.00479
9	0.00850	0.00607	0.00810	0.00972	0.01012	0.00567	0.00648	0.00972	0.01336	0.01781	0.03846	0.75020	0.04615	0.02186	0.00891	0.00283	0.00405	0.01984	0.00648	0.00567
10	0.01040	0.00816	0.01008	0.00976	0.01214	0.00685	0.00698	0.01225	0.01387	0.01945	0.03205	0.47346	0.07443	0.01626	0.00767	0.00223	0.00438	0.01450	0.00573	0.25936
11	0.39427	0.01642	0.01450	0.01220	0.01684	0.06775	0.00984	0.17459	0.11808	0.03217	0.01434	0.01506	0.01087	0.00729	0.00554	0.00206	0.00643	0.00503	0.00526	0.07143
12	0.01496	0.04756	0.07640	0.03897	0.02098	0.06877	0.11680	0.01945	0.05969	0.02080	0.01959	0.05356	0.06596	0.06278	0.00924	0.00221	0.03257	0.00717	0.00426	0.25828

[dist]
# distance from previous block
# <min> <max>
3	52

[block]
# block no. 4 follows, 30 sequences, length 19
# corresponding to MSA columns:
# 668-686
name=unknown_E
#
# <colnr> <probs for GDERKNQSTAVLIFYWHMCP>
#	G	D	E	R	K	N	Q	S	T	A	V	L	I	F	Y	W	H	M	C	P
0	0.08119	0.01444	0.01628	0.08641	0.04970	0.04089	0.01152	0.22504	0.09487	0.09115	0.08547	0.06878	0.02046	0.00949	0.00683	0.00216	0.00646	0.00773	0.07160	0.00951
1	0.01570	0.19374	0.38506	0.02064	0.02911	0.01915	0.19852	0.02190	0.01507	0.02089	0.01231	0.01503	0.00933	0.00628	0.00657	0.00209	0.01006	0.00566	0.00311	0.00977
2	0.01309	0.01208	0.01684	0.01475	0.01581	0.04156	0.06177	0.01494	0.01153	0.01637	0.01518	0.02546	0.01516	0.17749	0.24037	0.00623	0.28371	0.00746	0.00356	0.00665
3	0.01866	0.75896	0.03657	0.01194	0.01791	0.02761	0.01194	0.02090	0.01418	0.01642	0.00970	0.01119	0.00896	0.00597	0.00448	0.00149	0.00746	0.00373	0.00299	0.00896
4	0.01624	0.38467	0.38972	0.01606	0.02428	0.02171	0.01911	0.02152	0.01447	0.01936	0.01116	0.01303	0.00890	0.00631	0.00559	0.00186	0.00894	0.00447	0.00297	0.00966
5	0.01568	0.10542	0.09384	0.01902	0.02156	0.02117	0.09448	0.01845	0.01217	0.01792	0.01013	0.01515	0.00927	0.01019	0.01741	0.00270	0.49808	0.00598	0.00309	0.00826
6	0.02195	0.01532	0.01702	0.01414	0.01848	0.01664	0.01126	0.32987	0.20479	0.12040	0.02451	0.13194	0.02028	0.01076	0.00731	0.00229	0.00634	0.00887	0.00714	0.01071
7	0.01343	0.01266	0.02139	0.69522	0.08885	0.01557	0.01951	0.01805	0.01407	0.01814	0.01245	0.01852	0.00941	0.00693	0.00697	0.00231	0.00924	0.00620	0.00312	0.00796
8	0.02292	0.02183	0.02334	0.01878	0.02338	0.24200	0.14722	0.12543	0.11264	0.11304	0.01675	0.01790	0.01248	0.00796	0.00819	0.00217	0.06264	0.00641	0.00516	0.00976
9	0.01282	0.00792	0.01026	0.01042	0.01254	0.00728	0.00834	0.01533	0.01672	0.12039	0.14691	0.17509	0.18266	0.01707	0.00863	0.00266	0.00487	0.22615	0.00696	0.00699
10	0.00875	0.00634	0.00831	0.00971	0.01041	0.00590	0.00675	0.01025	0.01404	0.01859	0.07185	0.61796	0.09519	0.02101	0.00888	0.00280	0.00415	0.06680	0.00653	0.00578
11	0.00846	0.00624	0.00792	0.00927	0.01000	0.00571	0.00628	0.00977	0.01379	0.01799	0.04390	0.63503	0.15782	0.02116	0.00880	0.00275	0.00396	0.01898	0.00648	0.00571
12	0.01454	0.12044	0.63902	0.01896	0.02877	0.01754	0.02417	0.02196	0.01467	0.02144	0.01219	0.01432	0.00885	0.00655	0.00638	0.00213	0.00998	0.00499	0.00295	0.01015
13	0.01429	0.08157	0.67570	0.01939	0.02943	0.01692	0.02491	0.02202	0.01470	0.02174	0.01235	0.01451	0.00885	0.00659	0.00649	0.00216	0.01013	0.00507	0.00295	0.01023
14	0.01015	0.00677	0.00761	0.00761	0.00761	0.00677	0.00423	0.01015	0.01015	0.01353	0.02199	0.04567	0.02537	0.75476	0.03552	0.00677	0.00677	0.01015	0.00423	0.00423
15	0.01015	0.00677	0.00761	0.00761	0.00761	0.00677	0.00423	0.01015	0.01015	0.01353	0.02199	0.04567	0.02537	0.75476	0.03552	0.00677	0.00677	0.01015	0.00423	0.00423
16	0.14400	0.05357	0.12301	0.06053	0.02273	0.04547	0.01427	0.31706	0.04771	0.08343	0.01543	0.01617	0.01109	0.00764	0.00638	0.00211	0.00779	0.00565	0.00554	0.01041
17	0.11365	0.01924	0.02219	0.01727	0.02261	0.07137	0.11664	0.38773	0.10036	0.03557	0.01638	0.01717	0.01200	0.00780	0.00683	0.00215	0.00817	0.00634	0.00590	0.01062
18	0.12161	0.02186	0.01834	0.01536	0.01957	0.24063	0.01222	0.27127	0.04630	0.02957	0.01561	0.01673	0.03589	0.00832	0.00767	0.00206	0.06661	0.00568	0.00515	0.03955

[dist]
# distance from previous block
# <min> <max>
1	14

[block]
# block no. 5 follows, 30 sequences, length 36
# corresponding to MSA columns:
# 701-714,716-737
name=unknown_F
#
# <colnr> <probs for GDERKNQSTAVLIFYWHMCP>
#	G	D	E	R	K	N	Q	S	T	A	V	L	I	F	Y	W	H	M	C	P
0	0.01164	0.01117	0.04189	0.01459	0.01794	0.00978	0.18710	0.01563	0.01828	0.02548	0.44506	0.07099	0.07662	0.01224	0.00821	0.00227	0.00582	0.01159	0.00632	0.00739
1	0.01240	0.01043	0.01212	0.00966	0.01424	0.00811	0.00745	0.01496	0.01454	0.02125	0.02693	0.14403	0.13915	0.01010	0.00632	0.00156	0.00470	0.00857	0.00493	0.52855
2	0.01712	0.06964	0.28776	0.01979	0.02737	0.01655	0.18999	0.06429	0.01647	0.07481	0.01398	0.01636	0.01032	0.00672	0.00749	0.00208	0.04144	0.00598	0.00393	0.10790
3	0.00988	0.00715	0.00949	0.01001	0.01141	0.00675	0.00777	0.01264	0.01722	0.02349	0.35521	0.20872	0.08284	0.01739	0.00876	0.00261	0.00431	0.19099	0.00703	0.00632
4	0.01492	0.17902	0.58375	0.01832	0.02777	0.01846	0.02305	0.02186	0.01462	0.02098	0.01197	0.01403	0.00886	0.00650	0.00620	0.00207	0.00975	0.00487	0.00295	0.01004
5	0.80405	0.01350	0.01026	0.00918	0.01350	0.01565	0.00756	0.02051	0.01188	0.03131	0.00972	0.01134	0.00756	0.00648	0.00432	0.00216	0.00540	0.00378	0.00432	0.00756
6	0.01514	0.01265	0.01474	0.01089	0.01678	0.01011	0.00880	0.06532	0.01588	0.02415	0.01417	0.01844	0.01221	0.00623	0.00556	0.00124	0.00542	0.04343	0.00447	0.69434
7	0.00850	0.00607	0.00810	0.00972	0.01012	0.00567	0.00648	0.00972	0.01336	0.01781	0.03846	0.75020	0.04615	0.02186	0.00891	0.00283	0.00405	0.01984	0.00648	0.00567
8	0.01011	0.00736	0.01095	0.01095	0.01207	0.00848	0.00839	0.01217	0.01104	0.01585	0.01841	0.02772	0.01742	0.07711	0.65773	0.05963	0.01746	0.00749	0.00371	0.00596
9	0.00914	0.00657	0.00880	0.01036	0.01112	0.00623	0.00756	0.01085	0.01409	0.01858	0.03932	0.56605	0.06973	0.02109	0.00905	0.00291	0.00459	0.17163	0.00647	0.00586
10	0.01727	0.01658	0.02832	0.04283	0.71123	0.01658	0.02142	0.02142	0.01589	0.02280	0.01313	0.01727	0.01105	0.00622	0.00691	0.00207	0.00829	0.00622	0.00345	0.01105
11	0.02828	0.01832	0.01900	0.01491	0.02018	0.10325	0.01215	0.36015	0.02637	0.29494	0.02010	0.01889	0.01356	0.00833	0.00691	0.00208	0.00762	0.00634	0.00719	0.01141
12	0.01760	0.59468	0.19156	0.01375	0.02070	0.02502	0.01509	0.02117	0.01430	0.01771	0.01034	0.01200	0.00893	0.00612	0.00497	0.00166	0.00811	0.00406	0.00298	0.00926
13	0.04648	0.01804	0.01884	0.01467	0.02006	0.05937	0.01196	0.42503	0.06696	0.11701	0.01757	0.01742	0.01257	0.00792	0.00663	0.00196	0.00723	0.00600	0.00653	0.11775
14	0.01727	0.01658	0.02832	0.04283	0.71123	0.01658	0.02142	0.02142	0.01589	0.02280	0.01313	0.01727	0.01105	0.00622	0.00691	0.00207	0.00829	0.00622	0.00345	0.01105
15	0.01727	0.01658	0.02832	0.04283	0.71123	0.01658	0.02142	0.02142	0.01589	0.02280	0.01313	0.01727	0.01105	0.00622	0.00691	0.00207	0.00829	0.00622	0.00345	0.01105
16	0.72549	0.01477	0.05250	0.00994	0.01466	0.01547	0.00875	0.02116	0.01238	0.05886	0.01061	0.01205	0.00803	0.00658	0.00457	0.00216	0.00571	0.00399	0.00441	0.00790
17	0.01212	0.00606	0.00909	0.00909	0.00909	0.00606	0.00606	0.00909	0.00909	0.01212	0.01212	0.02121	0.01212	0.02424	0.02727	0.79697	0.00606	0.00606	0.00303	0.00303
18	0.01703	0.01634	0.02789	0.08341	0.67252	0.01652	0.02130	0.02121	0.01578	0.02251	0.01308	0.01735	0.01095	0.00626	0.00691	0.00209	0.00835	0.00622	0.00343	0.01086
19	0.01563	0.01491	0.02536	0.32126	0.44562	0.01615	0.02060	0.01998	0.01511	0.02081	0.01284	0.01781	0.01035	0.00652	0.00694	0.00217	0.00870	0.00621	0.00331	0.00973
20	0.01046	0.00827	0.01163	0.01127	0.01232	0.00973	0.00867	0.01249	0.01142	0.01618	0.02232	0.03147	0.07525	0.12741	0.50350	0.00900	0.10030	0.00824	0.00395	0.00613
21	0.01451	0.01416	0.02013	0.06014	0.01938	0.01951	0.01472	0.01633	0.01094	0.01678	0.01050	0.01692	0.01016	0.01672	0.10658	0.00399	0.61162	0.00628	0.00314	0.00747
22	0.01050	0.00673	0.00748	0.00748	0.00767	0.00673	0.00431	0.01089	0.01069	0.01505	0.02208	0.04328	0.02446	0.66408	0.03180	0.00614	0.00634	0.00971	0.10008	0.00450
23	0.00956	0.00712	0.00889	0.00845	0.01023	0.00645	0.00634	0.01256	0.01901	0.02623	0.58519	0.05501	0.18929	0.01492	0.00823	0.00223	0.00334	0.01302	0.00745	0.00645
24	0.00850	0.00607	0.00810	0.00972	0.01012	0.00567	0.00648	0.00972	0.01336	0.01781	0.03846	0.75020	0.04615	0.02186	0.00891	0.00283	0.00405	0.01984	0.00648	0.00567
25	0.01318	0.01240	0.02093	0.73798	0.04806	0.01550	0.01938	0.01783	0.01395	0.01783	0.01240	0.01860	0.00930	0.00698	0.00698	0.00233	0.00930	0.00620	0.00310	0.00775
26	0.02596	0.01337	0.01654	0.01257	0.01814	0.01213	0.01029	0.13719	0.04381	0.41440	0.02212	0.02043	0.01484	0.00778	0.00657	0.00188	0.00602	0.00623	0.00722	0.20250
27	0.02653	0.01955	0.02094	0.01606	0.02164	0.02164	0.01326	0.68796	0.03281	0.04398	0.01675	0.01675	0.01187	0.00838	0.00698	0.00209	0.00768	0.00628	0.00698	0.01187
28	0.80405	0.01350	0.01026	0.00918	0.01350	0.01565	0.00756	0.02051	0.01188	0.03131	0.00972	0.01134	0.00756	0.00648	0.00432	0.00216	0.00540	0.00378	0.00432	0.00756
