[name]
unknown

[dist]
# distance from previous block
# <min> <max>
0	22

[block]
# block no. 0 follows, 39 sequences, length 24
# corresponding to MSA columns:
# 22-45
name=unknown_A
#
# <colnr> <probs for GDERKNQSTAVLIFYWHMCP>
#	G	D	E	R	K	N	Q	S	T	A	V	L	I	F	Y	W	H	M	C	P
0	0.01537	0.54959	0.02525	0.01065	0.01494	0.01960	0.01008	0.10293	0.01410	0.01733	0.01294	0.01981	0.01242	0.00832	0.02761	0.00181	0.00649	0.11986	0.00343	0.00747
1	0.01320	0.06041	0.41547	0.01338	0.02033	0.01209	0.01531	0.03928	0.01322	0.06016	0.03260	0.01365	0.00974	0.00554	0.00522	0.00154	0.00687	0.00435	0.00328	0.25437
2	0.00846	0.00631	0.00935	0.00935	0.01036	0.00731	0.00720	0.01046	0.00946	0.01362	0.01598	0.02400	0.01512	0.08158	0.73196	0.00932	0.01534	0.00645	0.00319	0.00520
3	0.04241	0.06594	0.17956	0.01395	0.05705	0.01206	0.04187	0.05951	0.03831	0.40268	0.01765	0.01680	0.01178	0.00656	0.00571	0.00181	0.00628	0.00535	0.00534	0.00937
4	0.08938	0.03252	0.04858	0.01063	0.01328	0.03179	0.05377	0.02741	0.01305	0.12332	0.12075	0.04147	0.01881	0.03125	0.11568	0.00302	0.08164	0.00646	0.13046	0.00672
5	0.03354	0.00696	0.00875	0.00779	0.00983	0.00641	0.00593	0.01492	0.01545	0.17733	0.42843	0.03660	0.07335	0.07271	0.00828	0.00213	0.00355	0.00900	0.07266	0.00635
6	0.02199	0.01290	0.01352	0.01098	0.01477	0.12306	0.00880	0.12183	0.01813	0.41206	0.11262	0.02196	0.03766	0.00790	0.00595	0.00177	0.00567	0.00630	0.03340	0.00873
7	0.07952	0.01324	0.02115	0.18793	0.50789	0.01402	0.01649	0.05520	0.01361	0.01996	0.01093	0.01445	0.00886	0.00552	0.00570	0.00181	0.00698	0.00510	0.00308	0.00858
8	0.62570	0.01225	0.01100	0.01030	0.05173	0.01390	0.00784	0.10822	0.05108	0.04630	0.01035	0.01137	0.00784	0.00586	0.00424	0.00183	0.00496	0.00383	0.00412	0.00727
9	0.01502	0.01231	0.01897	0.02094	0.29182	0.01123	0.08192	0.04577	0.01394	0.09904	0.01336	0.04826	0.01101	0.00581	0.00555	0.00152	0.00602	0.00541	0.00383	0.28830
10	0.00721	0.00515	0.00686	0.00823	0.00858	0.00480	0.00549	0.00823	0.01132	0.01510	0.03259	0.78831	0.03911	0.01853	0.00755	0.00240	0.00343	0.01681	0.00549	0.00480
11	0.01435	0.01384	0.02389	0.09243	0.67686	0.01401	0.04170	0.01794	0.01336	0.01899	0.01110	0.01477	0.00924	0.00531	0.00590	0.00178	0.00719	0.00532	0.00291	0.00911
12	0.00717	0.00528	0.00673	0.00789	0.00849	0.00483	0.00534	0.00827	0.01166	0.01523	0.03683	0.67495	0.14973	0.01798	0.00746	0.00234	0.00336	0.01614	0.00549	0.00483
13	0.01464	0.01405	0.02400	0.03630	0.75528	0.01405	0.01815	0.01815	0.01347	0.01932	0.01112	0.01464	0.00937	0.00527	0.00585	0.00176	0.00703	0.00527	0.00293	0.00937
14	0.22330	0.09128	0.01511	0.07215	0.01688	0.15956	0.00961	0.14825	0.10733	0.02319	0.01421	0.01510	0.04111	0.00665	0.00503	0.00173	0.00641	0.00477	0.03078	0.00755
15	0.05622	0.51251	0.08502	0.01112	0.01602	0.09249	0.01079	0.03939	0.01324	0.07499	0.01063	0.03504	0.00914	0.00588	0.00443	0.00146	0.00667	0.00403	0.00320	0.00773
16	0.18197	0.03777	0.06904	0.01401	0.03876	0.05227	0.10681	0.23783	0.04021	0.10398	0.01348	0.01436	0.00978	0.00627	0.00541	0.00179	0.00655	0.00503	0.04622	0.00846
17	0.24523	0.06600	0.14524	0.01149	0.01614	0.04756	0.02716	0.09782	0.08181	0.08187	0.08706	0.01634	0.01395	0.00668	0.00516	0.00177	0.00589	0.00505	0.00437	0.03337
18	0.07595	0.00856	0.01099	0.02243	0.06073	0.00847	0.04202	0.05586	0.03324	0.04193	0.26117	0.07013	0.24535	0.01124	0.00682	0.00194	0.02189	0.00959	0.00536	0.00633
19	0.03893	0.01344	0.02012	0.02668	0.47074	0.01390	0.01469	0.15633	0.01640	0.03712	0.08390	0.01808	0.02753	0.00665	0.00632	0.00180	0.02861	0.00588	0.00399	0.00890
20	0.01429	0.01330	0.02190	0.03204	0.63885	0.01332	0.01642	0.05181	0.01442	0.02044	0.07165	0.01819	0.03458	0.00618	0.00598	0.00177	0.00655	0.00591	0.00343	0.00897
21	0.01475	0.01433	0.02247	0.07818	0.62189	0.04623	0.01706	0.01926	0.07169	0.01929	0.01203	0.01513	0.00989	0.00556	0.00585	0.00178	0.00705	0.00532	0.00316	0.00909
22	0.01494	0.01402	0.02202	0.07917	0.58106	0.03439	0.01656	0.07469	0.01427	0.01989	0.01151	0.01555	0.00976	0.03917	0.00722	0.00196	0.02641	0.00537	0.00317	0.00886
23	0.01510	0.04741	0.02328	0.05789	0.60147	0.01497	0.01692	0.07491	0.01426	0.02011	0.01105	0.01433	0.00921	0.00570	0.00649	0.00179	0.04772	0.00518	0.00312	0.00910

[dist]
# distance from previous block
# <min> <max>
19	45

[block]
# block no. 1 follows, 39 sequences, length 19
# corresponding to MSA columns:
# 92-104,109-114
name=unknown_B
#
# <colnr> <probs for GDERKNQSTAVLIFYWHMCP>
#	G	D	E	R	K	N	Q	S	T	A	V	L	I	F	Y	W	H	M	C	P
0	0.08076	0.01327	0.03194	0.05730	0.22337	0.02714	0.07291	0.11625	0.07739	0.05861	0.05342	0.01857	0.05045	0.00666	0.00576	0.00175	0.00617	0.00584	0.00422	0.08821
1	0.01539	0.01407	0.03489	0.03491	0.06247	0.13389	0.03476	0.09489	0.11093	0.07238	0.09082	0.02372	0.03164	0.03113	0.06206	0.00248	0.02649	0.05503	0.00460	0.06345
2	0.09300	0.03724	0.38486	0.01536	0.05746	0.01325	0.05074	0.08660	0.03276	0.05486	0.08318	0.01622	0.01308	0.00641	0.00562	0.00182	0.00709	0.00521	0.00370	0.03157
3	0.01093	0.06544	0.03932	0.19210	0.01929	0.03793	0.04575	0.04732	0.01400	0.01811	0.14962	0.08413	0.17778	0.02936	0.00685	0.00196	0.00551	0.00842	0.00435	0.04182
4	0.01384	0.01435	0.06662	0.10310	0.40032	0.03464	0.06454	0.03777	0.08288	0.02014	0.08954	0.01836	0.01470	0.00638	0.00604	0.00183	0.00685	0.00599	0.00362	0.00850
5	0.01105	0.00941	0.01467	0.29933	0.15520	0.01007	0.01195	0.01374	0.01185	0.03354	0.01682	0.19633	0.01686	0.06847	0.03203	0.00245	0.00642	0.00808	0.00362	0.07813
6	0.01471	0.01270	0.01337	0.01203	0.01538	0.01471	0.00936	0.03142	0.74459	0.02474	0.02407	0.02206	0.01805	0.00802	0.00602	0.00201	0.00468	0.00669	0.00602	0.00936
7	0.01449	0.01383	0.02327	0.03457	0.70869	0.01366	0.01745	0.01794	0.01339	0.01932	0.01109	0.01449	0.00933	0.00521	0.00576	0.00170	0.00686	0.00516	0.00296	0.06084
8	0.02653	0.01006	0.01372	0.01052	0.01510	0.00869	0.00869	0.02882	0.01693	0.75937	0.02333	0.02013	0.01464	0.00732	0.00595	0.00183	0.00503	0.00595	0.00732	0.01006
9	0.01186	0.03059	0.76153	0.01686	0.02560	0.01373	0.02185	0.01873	0.01249	0.01873	0.01061	0.01249	0.00749	0.00562	0.00562	0.00187	0.00874	0.00437	0.00250	0.00874
10	0.00802	0.00904	0.11247	0.00918	0.01116	0.00628	0.00792	0.01012	0.01217	0.01603	0.03546	0.45246	0.19239	0.01574	0.00721	0.00227	0.00426	0.07730	0.00507	0.00545
11	0.02541	0.01075	0.01401	0.01086	0.01537	0.00985	0.00893	0.08343	0.06797	0.65307	0.02268	0.01981	0.01452	0.00735	0.00595	0.00184	0.00512	0.00595	0.00712	0.01002
12	0.00946	0.00654	0.00753	0.00729	0.00773	0.00680	0.00453	0.04565	0.03193	0.01338	0.01829	0.03540	0.02014	0.65293	0.10368	0.00581	0.00677	0.00815	0.00373	0.00425
13	0.01252	0.01265	0.02430	0.02465	0.27014	0.01215	0.31247	0.01604	0.01314	0.01812	0.01677	0.20590	0.01654	0.00842	0.00674	0.00201	0.00736	0.00883	0.00359	0.00766
14	0.01479	0.01508	0.02620	0.03280	0.55769	0.04601	0.18242	0.01856	0.01372	0.01903	0.01123	0.01477	0.00920	0.00524	0.00609	0.00180	0.00786	0.00560	0.00295	0.00894
15	0.01089	0.00961	0.01731	0.01520	0.01797	0.00931	0.23168	0.01430	0.01372	0.01808	0.02538	0.05114	0.02635	0.01285	0.00780	0.00250	0.00683	0.49816	0.00469	0.00622
16	0.01384	0.01538	0.03259	0.07805	0.10620	0.01474	0.61059	0.01860	0.01376	0.01872	0.01178	0.01580	0.00894	0.00508	0.00679	0.00197	0.00952	0.00668	0.00296	0.00802
17	0.01228	0.11150	0.68428	0.01614	0.02449	0.01476	0.02061	0.01862	0.01244	0.01822	0.01036	0.01217	0.00750	0.00556	0.00543	0.00181	0.00848	0.00424	0.00250	0.00862
18	0.01464	0.01405	0.02400	0.03630	0.75528	0.01405	0.01815	0.01815	0.01347	0.01932	0.01112	0.01464	0.00937	0.00527	0.00585	0.00176	0.00703	0.00527	0.00293	0.00937

[dist]
# distance from previous block
# <min> <max>
0	10

[block]
# block no. 2 follows, 39 sequences, length 41
# corresponding to MSA columns:
# 125-165
name=unknown_C
#
# <colnr> <probs for GDERKNQSTAVLIFYWHMCP>
#	G	D	E	R	K	N	Q	S	T	A	V	L	I	F	Y	W	H	M	C	P
0	0.00997	0.00761	0.00970	0.01076	0.01225	0.02869	0.00921	0.01324	0.04816	0.01804	0.05587	0.07879	0.05279	0.01552	0.00790	0.00260	0.00535	0.60246	0.00544	0.00565
1	0.01353	0.01551	0.05647	0.13666	0.08699	0.01458	0.54934	0.01831	0.01356	0.01840	0.01164	0.01571	0.00879	0.00517	0.00669	0.00197	0.00940	0.00651	0.00292	0.00790
2	0.01647	0.01839	0.04575	0.04256	0.19469	0.26202	0.01309	0.02239	0.18676	0.01842	0.01448	0.01807	0.01211	0.00723	0.00676	0.00186	0.05921	0.04794	0.00380	0.00800
3	0.01313	0.02278	0.40481	0.02501	0.29781	0.01399	0.10100	0.01854	0.01302	0.01897	0.01096	0.01368	0.00836	0.00542	0.00586	0.00184	0.00824	0.00500	0.00271	0.00889
4	0.01117	0.01051	0.01774	0.77795	0.04073	0.01314	0.01642	0.01511	0.01182	0.01511	0.01051	0.01577	0.00788	0.00591	0.00591	0.00197	0.00788	0.00526	0.00263	0.00657
5	0.00699	0.00599	0.00599	0.00599	0.00799	0.00499	0.00449	0.00849	0.01348	0.01598	0.05991	0.05691	0.75288	0.01498	0.00699	0.00200	0.00300	0.01248	0.00549	0.00499
6	0.01188	0.01018	0.01669	0.02225	0.34567	0.01001	0.04649	0.01469	0.01325	0.03529	0.04591	0.19476	0.02317	0.01096	0.00685	0.00214	0.00583	0.17240	0.00429	0.00730
7	0.01342	0.12000	0.25912	0.02091	0.07911	0.01533	0.34877	0.01838	0.01315	0.01816	0.01154	0.03391	0.00914	0.00556	0.00608	0.00186	0.00874	0.00581	0.00284	0.00818
8	0.01464	0.01405	0.02400	0.03630	0.75528	0.01405	0.01815	0.01815	0.01347	0.01932	0.01112	0.01464	0.00937	0.00527	0.00585	0.00176	0.00703	0.00527	0.00293	0.00937
9	0.02653	0.01006	0.01372	0.01052	0.01510	0.00869	0.00869	0.02882	0.01693	0.75937	0.02333	0.02013	0.01464	0.00732	0.00595	0.00183	0.00503	0.00595	0.00732	0.01006
10	0.02008	0.01740	0.08538	0.01490	0.01993	0.03805	0.09034	0.49292	0.06053	0.06126	0.01475	0.01594	0.01077	0.00697	0.00604	0.00184	0.00702	0.02114	0.00526	0.00949
11	0.01147	0.00943	0.01344	0.01505	0.10911	0.00980	0.04759	0.01736	0.17011	0.01942	0.02621	0.06513	0.02629	0.01261	0.00734	0.00240	0.00567	0.41957	0.00512	0.00690
12	0.01501	0.01285	0.01354	0.01209	0.01549	0.01485	0.00943	0.05825	0.71728	0.02522	0.02369	0.02176	0.01775	0.00799	0.00601	0.00200	0.00475	0.00663	0.00601	0.00939
13	0.01294	0.01294	0.01811	0.01553	0.01553	0.01811	0.01294	0.01423	0.00906	0.01423	0.00776	0.01294	0.00776	0.01035	0.01941	0.00259	0.78134	0.00518	0.00259	0.00647
14	0.01464	0.01405	0.02400	0.03630	0.75528	0.01405	0.01815	0.01815	0.01347	0.01932	0.01112	0.01464	0.00937	0.00527	0.00585	0.00176	0.00703	0.00527	0.00293	0.00937
15	0.01354	0.01890	0.18123	0.02330	0.02984	0.01471	0.59042	0.01890	0.01366	0.01890	0.01169	0.01525	0.00867	0.00511	0.00671	0.00197	0.00972	0.00645	0.00289	0.00813
16	0.01135	0.01087	0.01888	0.72782	0.04008	0.01326	0.06418	0.01536	0.01197	0.01536	0.01061	0.01578	0.00796	0.00585	0.00598	0.00197	0.00802	0.00537	0.00265	0.00666
17	0.00837	0.00604	0.00790	0.00744	0.00883	0.00558	0.00558	0.01116	0.01674	0.02371	0.75216	0.04417	0.05580	0.01209	0.00697	0.00186	0.00279	0.01069	0.00651	0.00558
18	0.01186	0.03059	0.76153	0.01686	0.02560	0.01373	0.02185	0.01873	0.01249	0.01873	0.01061	0.01249	0.00749	0.00562	0.00562	0.00187	0.00874	0.00437	0.00250	0.00874
19	0.01303	0.02165	0.37101	0.02546	0.33972	0.01365	0.06590	0.01814	0.01296	0.01887	0.01167	0.03998	0.00947	0.00587	0.00587	0.00185	0.00790	0.00535	0.00282	0.00883
20	0.00860	0.00573	0.00645	0.00645	0.00645	0.00573	0.00358	0.00860	0.00860	0.01147	0.01863	0.03870	0.02150	0.79217	0.03010	0.00573	0.00573	0.00860	0.00358	0.00358
21	0.02209	0.02819	0.01676	0.01524	0.01828	0.76843	0.01143	0.02361	0.01676	0.01447	0.00914	0.01066	0.00762	0.00609	0.00533	0.00152	0.01066	0.00381	0.00305	0.00686
22	0.01224	0.01636	0.18169	0.33857	0.08570	0.01359	0.20480	0.01701	0.01270	0.01728	0.01166	0.01676	0.00908	0.00591	0.00620	0.00197	0.00847	0.02963	0.00281	0.00757
23	0.01291	0.01281	0.01824	0.01673	0.06462	0.01752	0.01312	0.01438	0.00936	0.01456	0.00823	0.01336	0.00808	0.01105	0.04131	0.00274	0.70650	0.00522	0.00263	0.00663
24	0.00721	0.00515	0.00686	0.00823	0.00858	0.00480	0.00549	0.00823	0.01132	0.01510	0.03259	0.78831	0.03911	0.01853	0.00755	0.00240	0.00343	0.01681	0.00549	0.00480
25	0.01581	0.79572	0.03099	0.01012	0.01518	0.02340	0.01012	0.01771	0.01202	0.01391	0.00822	0.00949	0.00759	0.00506	0.00379	0.00126	0.00632	0.00316	0.00253	0.00759
26	0.05906	0.01602	0.01777	0.01389	0.01840	0.03827	0.05883	0.52737	0.13431	0.03301	0.01512	0.01519	0.01096	0.00699	0.00588	0.00182	0.00649	0.00550	0.00555	0.00955
27	0.00721	0.00515	0.00686	0.00823	0.00858	0.00480	0.00549	0.00823	0.01132	0.01510	0.03259	0.78831	0.03911	0.01853	0.00755	0.00240	0.00343	0.01681	0.00549	0.00480
28	0.01471	0.01270	0.01337	0.01203	0.01538	0.01471	0.00936	0.03142	0.74459	0.02474	0.02407	0.02206	0.01805	0.00802	0.00602	0.00201	0.00468	0.00669	0.00602	0.00936
29	0.01186	0.03059	0.76153	0.01686	0.02560	0.01373	0.02185	0.01873	0.01249	0.01873	0.01061	0.01249	0.00749	0.00562	0.00562	0.00187	0.00874	0.00437	0.00250	0.00874
30	0.01294	0.01294	0.01811	0.01553	0.01553	0.01811	0.01294	0.01423	0.00906	0.01423	0.00776	0.01294	0.00776	0.01035	0.01941	0.00259	0.78134	0.00518	0.00259	0.00647
31	0.00860	0.00573	0.00645	0.00645	0.00645	0.00573	0.00358	0.00860	0.00860	0.01147	0.01863	0.03870	0.02150	0.79217	0.03010	0.00573	0.00573	0.00860	0.00358	0.00358
32	0.01581	0.79572	0.03099	0.01012	0.01518	0.02340	0.01012	0.01771	0.01202	0.01391	0.00822	0.00949	0.00759	0.00506	0.00379	0.00126	0.00632	0.00316	0.00253	0.00759
33	0.00699	0.00599	0.00599	0.00599	0.00799	0.00499	0.00449	0.00849	0.01348	0.01598	0.05991	0.05691	0.75288	0.01498	0.00699	0.00200	0.00300	0.01248	0.00549	0.00499
34	0.01226	0.01051	0.01226	0.00876	0.01401	0.00788	0.00701	0.01489	0.01226	0.01927	0.01051	0.01226	0.00876	0.00438	0.00438	0.00088	0.00438	0.00350	0.00350	0.82832
35	0.01464	0.01405	0.02400	0.03630	0.75528	0.01405	0.01815	0.01815	0.01347	0.01932	0.01112	0.01464	0.00937	0.00527	0.00585	0.00176	0.00703	0.00527	0.00293	0.00937
36	0.00826	0.00604	0.00776	0.00733	0.00877	0.00553	0.00550	0.01095	0.01649	0.02311	0.69810	0.04517	0.11024	0.01232	0.00698	0.00187	0.00281	0.01083	0.00643	0.00553
37	0.02127	0.01574	0.01683	0.01301	0.01753	0.01730	0.01071	0.67878	0.02669	0.03561	0.01777	0.01753	0.06807	0.00771	0.00600	0.00179	0.00623	0.00588	0.00588	0.00966
38	0.01120	0.00694	0.00841	0.00829	0.00853	0.06474	0.00563	0.00895	0.00841	0.01060	0.01018	0.01741	0.01006	0.01942	0.02172	0.76340	0.00557	0.00503	0.00261	0.00290
39	0.01529	0.01391	0.01364	0.01228	0.01560	0.07357	0.00952	0.03081	0.68775	0.02394	0.02290	0.02117	0.01724	0.00787	0.00596	0.00197	0.00515	0.00646	0.00579	0.00916
40	0.01522	0.01515	0.02344	0.03465	0.69772	0.07296	0.01762	0.01858	0.01372	0.01894	0.01097	0.01433	0.00923	0.00533	0.00581	0.00174	0.00731	0.00516	0.00294	0.00917

[dist]
# distance from previous block
# <min> <max>
0	2

# created by:
# /home/cegg/simao/soft/augustus-3.2.1/scripts/msa2prfl.pl ./align_prep/EOG090W0ORD.fa
