[name]
unknown

[dist]
# distance from previous block
# <min> <max>
0	77

[block]
# block no. 0 follows, 36 sequences, length 6
# corresponding to MSA columns:
# 118-123
name=unknown_A
#
# <colnr> <probs for GDERKNQSTAVLIFYWHMCP>
#	G	D	E	R	K	N	Q	S	T	A	V	L	I	F	Y	W	H	M	C	P
0	0.01004	0.00717	0.01004	0.01147	0.01291	0.00717	0.01004	0.01291	0.01434	0.01865	0.03299	0.07028	0.03586	0.01721	0.00861	0.00287	0.00574	0.70023	0.00574	0.00574
1	0.00890	0.00668	0.01001	0.01001	0.01113	0.00779	0.00779	0.01113	0.01001	0.01446	0.01669	0.02448	0.01558	0.04673	0.75634	0.01001	0.01669	0.00668	0.00334	0.00556
2	0.01523	0.10941	0.02648	0.09225	0.54641	0.01601	0.06771	0.01887	0.01390	0.01927	0.01135	0.01495	0.00948	0.00556	0.00599	0.00182	0.00760	0.00541	0.00301	0.00930
3	0.44655	0.05830	0.01501	0.01417	0.10424	0.16281	0.01002	0.08597	0.01432	0.02484	0.00983	0.01144	0.00782	0.00602	0.00472	0.00182	0.00671	0.00398	0.00379	0.00766
4	0.01735	0.01363	0.01534	0.01283	0.06199	0.04755	0.00959	0.16514	0.06066	0.09111	0.01396	0.01481	0.01066	0.00587	0.00535	0.00138	0.00566	0.00466	0.00469	0.43779
5	0.07601	0.11229	0.02004	0.01525	0.04565	0.19097	0.06914	0.10036	0.07092	0.11341	0.01406	0.03742	0.01120	0.00742	0.00731	0.00190	0.08844	0.00548	0.00435	0.00838

[dist]
# distance from previous block
# <min> <max>
0	2

[block]
# block no. 1 follows, 36 sequences, length 21
# corresponding to MSA columns:
# 126-146
name=unknown_B
#
# <colnr> <probs for GDERKNQSTAVLIFYWHMCP>
#	G	D	E	R	K	N	Q	S	T	A	V	L	I	F	Y	W	H	M	C	P
0	0.00864	0.00798	0.05531	0.00811	0.01021	0.00625	0.00668	0.01145	0.01628	0.02227	0.49647	0.07181	0.22879	0.01330	0.00728	0.00202	0.00342	0.01153	0.00628	0.00591
1	0.01991	0.20106	0.04606	0.01660	0.02114	0.38862	0.13972	0.06326	0.01652	0.01750	0.01030	0.01223	0.00842	0.00601	0.00560	0.00166	0.00973	0.00457	0.00323	0.00787
2	0.01253	0.01231	0.02178	0.56911	0.03880	0.01449	0.14357	0.01730	0.04187	0.01702	0.01180	0.01678	0.00894	0.00635	0.00706	0.00211	0.04196	0.00592	0.00298	0.00730
3	0.01250	0.03223	0.74875	0.01776	0.02697	0.01447	0.02302	0.01973	0.01315	0.01973	0.01118	0.01315	0.00789	0.00592	0.00592	0.00197	0.00921	0.00460	0.00263	0.00921
4	0.01381	0.27012	0.52239	0.01551	0.02350	0.01769	0.01911	0.01939	0.01300	0.01813	0.01038	0.01216	0.00793	0.00573	0.00531	0.00177	0.00840	0.00420	0.00264	0.00882
5	0.00890	0.00668	0.01001	0.01001	0.01113	0.00779	0.00779	0.01113	0.01001	0.01446	0.01669	0.02448	0.01558	0.04673	0.75634	0.01001	0.01669	0.00668	0.00334	0.00556
6	0.00759	0.00542	0.00723	0.00868	0.00904	0.00506	0.00578	0.00868	0.01193	0.01591	0.03434	0.77697	0.04121	0.01952	0.00795	0.00253	0.00361	0.01771	0.00578	0.00506
7	0.00816	0.00599	0.00772	0.00896	0.00955	0.00581	0.00607	0.01042	0.06324	0.01663	0.03370	0.72318	0.03963	0.01873	0.00784	0.00250	0.00371	0.01695	0.00582	0.00540
8	0.82504	0.01205	0.00916	0.00819	0.01205	0.01398	0.00675	0.01832	0.01060	0.02795	0.00868	0.01012	0.00675	0.00578	0.00386	0.00193	0.00482	0.00337	0.00386	0.00675
9	0.01317	0.01251	0.02123	0.48626	0.31173	0.01421	0.01800	0.01715	0.01312	0.01762	0.01132	0.01615	0.00891	0.00597	0.00621	0.00199	0.00796	0.00554	0.00289	0.00805
10	0.02067	0.01353	0.01767	0.01847	0.20111	0.03343	0.01196	0.12771	0.07770	0.26543	0.01747	0.01744	0.01245	0.00668	0.00597	0.00175	0.00610	0.00560	0.00546	0.13342
11	0.00768	0.00632	0.00675	0.00665	0.00861	0.00540	0.00498	0.00956	0.01495	0.01862	0.21129	0.05702	0.59035	0.01511	0.00736	0.00207	0.00311	0.01274	0.00602	0.00540
12	0.01666	0.78478	0.03265	0.01066	0.01599	0.02465	0.01066	0.01866	0.01266	0.01466	0.00866	0.00999	0.00800	0.00533	0.00400	0.00133	0.00666	0.00333	0.00267	0.00800
13	0.01524	0.01454	0.02441	0.03618	0.69033	0.01434	0.01829	0.01888	0.01410	0.02035	0.01167	0.01524	0.00982	0.00548	0.00606	0.00178	0.00720	0.00542	0.00313	0.06754
14	0.02087	0.01817	0.01947	0.01668	0.06611	0.17498	0.08952	0.23912	0.11649	0.10849	0.01563	0.01611	0.01148	0.00688	0.00615	0.00182	0.00768	0.00562	0.00508	0.05364
15	0.01006	0.00727	0.00862	0.00835	0.00884	0.00774	0.00549	0.05525	0.01101	0.01484	0.02194	0.13892	0.04813	0.51141	0.05775	0.00509	0.06055	0.00981	0.00419	0.00474
16	0.01349	0.21218	0.57751	0.01606	0.02434	0.01691	0.02006	0.01947	0.01304	0.01852	0.01058	0.01240	0.00792	0.00578	0.00546	0.00182	0.00860	0.00430	0.00264	0.00892
17	0.01353	0.01559	0.09035	0.10521	0.02631	0.04349	0.32122	0.04298	0.06084	0.01987	0.04786	0.06544	0.03185	0.01016	0.05507	0.00261	0.00904	0.02696	0.00384	0.00779
18	0.04892	0.01114	0.01335	0.01253	0.01475	0.08529	0.08010	0.06048	0.06556	0.01959	0.02551	0.28805	0.02717	0.01523	0.04023	0.00270	0.00651	0.17120	0.00512	0.00657
19	0.01814	0.20405	0.06808	0.01525	0.01993	0.18081	0.15081	0.04227	0.01562	0.11089	0.05686	0.06169	0.01432	0.00726	0.00593	0.00179	0.00802	0.00613	0.00407	0.00809
20	0.05030	0.01593	0.10080	0.04311	0.15207	0.04570	0.16570	0.06129	0.01537	0.16953	0.01618	0.07123	0.01302	0.02691	0.00737	0.00211	0.02339	0.00678	0.00441	0.00878

[dist]
# distance from previous block
# <min> <max>
5	23

[block]
# block no. 2 follows, 36 sequences, length 11
# corresponding to MSA columns:
# 170-180
name=unknown_C
#
# <colnr> <probs for GDERKNQSTAVLIFYWHMCP>
#	G	D	E	R	K	N	Q	S	T	A	V	L	I	F	Y	W	H	M	C	P
0	0.08142	0.01294	0.07260	0.10798	0.08692	0.01333	0.01251	0.01862	0.07921	0.09696	0.08104	0.06056	0.01677	0.01086	0.04677	0.00258	0.18016	0.00673	0.00429	0.00774
1	0.01578	0.18252	0.23753	0.10865	0.02493	0.08491	0.09082	0.08554	0.07451	0.02014	0.01217	0.01414	0.00932	0.00616	0.00574	0.00183	0.00831	0.00499	0.00340	0.00859
2	0.08892	0.01065	0.01025	0.00915	0.01182	0.07109	0.00712	0.07335	0.09229	0.09129	0.14633	0.02692	0.07439	0.00881	0.00569	0.00179	0.00454	0.00707	0.25131	0.00723
3	0.01093	0.00935	0.07709	0.00944	0.01197	0.00720	0.00804	0.01404	0.04485	0.09663	0.16204	0.21597	0.21719	0.01417	0.00732	0.00222	0.00432	0.07484	0.00591	0.00649
4	0.18824	0.01354	0.09052	0.00991	0.01548	0.01019	0.00891	0.01669	0.01244	0.02189	0.01057	0.01234	0.00855	0.00501	0.00459	0.00125	0.00515	0.00372	0.00361	0.55740
5	0.10200	0.07260	0.01578	0.08267	0.07715	0.03441	0.01005	0.12383	0.09586	0.05325	0.03685	0.01976	0.01382	0.11835	0.00929	0.00235	0.00611	0.00574	0.00444	0.11570
6	0.02205	0.01581	0.01784	0.07591	0.02059	0.01707	0.01168	0.54467	0.02551	0.09069	0.01503	0.01540	0.01066	0.00713	0.00609	0.00181	0.00665	0.00548	0.00583	0.08412
7	0.01110	0.00848	0.00956	0.00908	0.01132	0.00831	0.00708	0.15142	0.01709	0.02199	0.09741	0.17686	0.33224	0.01472	0.00739	0.00222	0.00427	0.09711	0.00595	0.00639
8	0.05093	0.00937	0.01496	0.32230	0.02532	0.01044	0.07667	0.01360	0.01212	0.01655	0.01917	0.18540	0.01979	0.12476	0.01056	0.00282	0.00679	0.06845	0.00390	0.00609
9	0.10327	0.11662	0.03309	0.05404	0.08636	0.02662	0.14853	0.09155	0.08283	0.09968	0.01459	0.01734	0.01145	0.05395	0.02026	0.00229	0.01902	0.00579	0.00426	0.00847
10	0.11147	0.01107	0.01309	0.01314	0.07358	0.07936	0.04379	0.01681	0.01326	0.13149	0.03902	0.17405	0.02087	0.10379	0.08099	0.00332	0.01923	0.04002	0.00477	0.00687

[dist]
# distance from previous block
# <min> <max>
0	7

[block]
# block no. 3 follows, 36 sequences, length 52
# corresponding to MSA columns:
# 188-239
name=unknown_D
#
# <colnr> <probs for GDERKNQSTAVLIFYWHMCP>
#	G	D	E	R	K	N	Q	S	T	A	V	L	I	F	Y	W	H	M	C	P
0	0.04443	0.20606	0.05076	0.01359	0.01797	0.21573	0.03083	0.08373	0.13418	0.10334	0.01423	0.01463	0.01089	0.00677	0.00586	0.00175	0.02741	0.00487	0.00435	0.00861
1	0.01329	0.09703	0.44165	0.01554	0.02257	0.01426	0.06816	0.04562	0.04237	0.03907	0.05327	0.02019	0.08555	0.00736	0.00609	0.00193	0.00778	0.00605	0.00361	0.00858
2	0.01471	0.01681	0.03676	0.02626	0.03256	0.01576	0.71954	0.01996	0.01471	0.01996	0.01261	0.01681	0.00945	0.00525	0.00735	0.00210	0.01050	0.00735	0.00315	0.00840
3	0.00882	0.00637	0.00833	0.00784	0.00931	0.00588	0.00588	0.01176	0.01764	0.02499	0.73888	0.04654	0.05879	0.01274	0.00735	0.00196	0.00294	0.01127	0.00686	0.00588
4	0.01666	0.78478	0.03265	0.01066	0.01599	0.02465	0.01066	0.01866	0.01266	0.01466	0.00866	0.00999	0.00800	0.00533	0.00400	0.00133	0.00666	0.00333	0.00267	0.00800
5	0.00810	0.00610	0.00760	0.00843	0.00960	0.00559	0.00628	0.00985	0.01361	0.01760	0.11387	0.36692	0.24219	0.01733	0.00784	0.00241	0.00381	0.14167	0.00588	0.00533
6	0.01943	0.01084	0.01669	0.01300	0.01698	0.01003	0.13466	0.05442	0.01657	0.36026	0.09001	0.06732	0.09303	0.03827	0.00807	0.00218	0.02520	0.00827	0.00618	0.00860
7	0.01344	0.01188	0.01830	0.62687	0.05997	0.03634	0.01623	0.01828	0.06000	0.06025	0.01279	0.01712	0.00947	0.00645	0.00622	0.00205	0.00797	0.00563	0.00332	0.00743
8	0.01542	0.01480	0.02529	0.03824	0.74217	0.01480	0.01912	0.01912	0.01419	0.02036	0.01172	0.01542	0.00987	0.00555	0.00617	0.00185	0.00740	0.00555	0.00308	0.00987
9	0.00888	0.00784	0.04781	0.00962	0.01105	0.00672	0.00757	0.01186	0.06292	0.01773	0.06980	0.45160	0.09834	0.03311	0.00826	0.00254	0.00434	0.12861	0.00566	0.00576
10	0.01292	0.01301	0.02497	0.11633	0.09944	0.01320	0.32894	0.01687	0.01377	0.01862	0.01752	0.08526	0.01664	0.00908	0.00818	0.00229	0.05528	0.13641	0.00375	0.00751
11	0.01250	0.03223	0.74875	0.01776	0.02697	0.01447	0.02302	0.01973	0.01315	0.01973	0.01118	0.01315	0.00789	0.00592	0.00592	0.00197	0.00921	0.00460	0.00263	0.00921
12	0.01666	0.78478	0.03265	0.01066	0.01599	0.02465	0.01066	0.01866	0.01266	0.01466	0.00866	0.00999	0.00800	0.00533	0.00400	0.00133	0.00666	0.00333	0.00267	0.00800
13	0.01292	0.01107	0.01292	0.00923	0.01477	0.00831	0.00738	0.01569	0.01292	0.02030	0.01107	0.01292	0.00923	0.00461	0.00461	0.00092	0.00461	0.00369	0.00369	0.81912
14	0.00759	0.00542	0.00723	0.00868	0.00904	0.00506	0.00578	0.00868	0.01193	0.01591	0.03434	0.77697	0.04121	0.01952	0.00795	0.00253	0.00361	0.01771	0.00578	0.00506
15	0.00982	0.00945	0.08438	0.01064	0.01274	0.00779	0.00936	0.03294	0.01365	0.01880	0.11571	0.16891	0.05250	0.02196	0.17562	0.00412	0.00772	0.21348	0.02432	0.00608
16	0.01659	0.00858	0.01255	0.01082	0.01363	0.00768	0.06398	0.01867	0.01498	0.31513	0.07776	0.29646	0.06624	0.03663	0.00788	0.00230	0.00486	0.01126	0.00637	0.00762
17	0.00744	0.00631	0.00641	0.00639	0.00846	0.00529	0.00479	0.00908	0.01437	0.01723	0.09646	0.05930	0.70604	0.01563	0.00736	0.00210	0.00315	0.01306	0.00584	0.00529
18	0.01443	0.01379	0.02350	0.23570	0.55246	0.01454	0.01863	0.01825	0.01372	0.01915	0.01154	0.01574	0.00945	0.00574	0.00618	0.00191	0.00765	0.00555	0.00300	0.00907
19	0.01465	0.01777	0.12152	0.04922	0.33112	0.01514	0.31829	0.01947	0.01423	0.01999	0.01201	0.01576	0.00940	0.00549	0.00664	0.00198	0.00898	0.00620	0.00305	0.00908
20	0.01282	0.01221	0.02088	0.43921	0.27307	0.01366	0.04828	0.01668	0.01317	0.01760	0.01381	0.04608	0.03237	0.00675	0.00636	0.00202	0.00777	0.00631	0.00310	0.00785
21	0.01345	0.03090	0.70349	0.01735	0.02628	0.01414	0.02217	0.02039	0.01344	0.06452	0.01201	0.01365	0.00836	0.00603	0.00594	0.00197	0.00897	0.00471	0.00294	0.00929
22	0.00967	0.01105	0.12478	0.10622	0.01716	0.00836	0.01100	0.01286	0.01377	0.01823	0.09177	0.16850	0.15296	0.01382	0.00746	0.00236	0.00556	0.21323	0.00499	0.00624
23	0.01445	0.02949	0.65588	0.01691	0.02557	0.01380	0.02127	0.02108	0.01375	0.11165	0.01288	0.01417	0.00885	0.00615	0.00596	0.00197	0.00871	0.00481	0.00327	0.00938
24	0.01978	0.01324	0.01630	0.04780	0.06280	0.01412	0.03041	0.17524	0.27024	0.20212	0.02121	0.02145	0.01547	0.00793	0.00632	0.00200	0.00585	0.02708	0.03087	0.00978
25	0.01314	0.01152	0.01950	0.63932	0.09636	0.01369	0.03832	0.01719	0.01300	0.06142	0.01200	0.01681	0.00890	0.00624	0.00626	0.00205	0.00812	0.00564	0.00311	0.00743
26	0.01811	0.01451	0.02037	0.23707	0.18882	0.07096	0.06294	0.10421	0.05008	0.14921	0.01472	0.01687	0.01074	0.00654	0.00626	0.00194	0.00762	0.00576	0.00435	0.00893
27	0.01632	0.01714	0.10439	0.02626	0.19529	0.01457	0.39489	0.02106	0.01482	0.11192	0.01377	0.01667	0.01015	0.00570	0.00679	0.00201	0.00899	0.00651	0.00366	0.00911
28	0.00776	0.00573	0.00694	0.00781	0.00854	0.00526	0.00522	0.00880	0.01203	0.01553	0.03899	0.48955	0.20674	0.13707	0.01151	0.00297	0.00388	0.01527	0.00547	0.00491
29	0.00767	0.00550	0.00740	0.00876	0.00917	0.00523	0.00591	0.00883	0.01181	0.01582	0.03325	0.73059	0.03963	0.02120	0.05408	0.00299	0.00442	0.01703	0.00563	0.00509
30	0.01725	0.02320	0.17631	0.02496	0.25379	0.23233	0.12159	0.04156	0.01551	0.01922	0.01122	0.01391	0.00887	0.00590	0.00613	0.00184	0.00935	0.00517	0.00313	0.00876
31	0.02327	0.02970	0.01766	0.01605	0.01926	0.75602	0.01204	0.02488	0.01766	0.01525	0.00963	0.01124	0.00803	0.00642	0.00562	0.00161	0.01124	0.00401	0.00321	0.00722
32	0.01292	0.01107	0.01292	0.00923	0.01477	0.00831	0.00738	0.01569	0.01292	0.02030	0.01107	0.01292	0.00923	0.00461	0.00461	0.00092	0.00461	0.00369	0.00369	0.81912
33	0.00862	0.00627	0.00812	0.00785	0.00924	0.00576	0.00581	0.01130	0.01688	0.02365	0.63332	0.12208	0.09058	0.01358	0.00741	0.00203	0.00302	0.01202	0.00670	0.00576
34	0.01491	0.01506	0.02797	0.09607	0.48323	0.01499	0.21651	0.01909	0.01419	0.01987	0.01192	0.01591	0.00962	0.00552	0.00651	0.00194	0.00835	0.00606	0.00308	0.00921
35	0.00812	0.00614	0.00868	0.10447	0.01332	0.00617	0.00724	0.00959	0.01200	0.01591	0.03140	0.68080	0.03705	0.01784	0.00773	0.00247	0.00421	0.01617	0.00540	0.00530
36	0.01477	0.01424	0.02459	0.16214	0.59607	0.01468	0.04510	0.01861	0.01391	0.01958	0.01164	0.01568	0.00959	0.00566	0.00622	0.00190	0.00767	0.00562	0.00303	0.00931
37	0.01450	0.01849	0.15900	0.05883	0.33646	0.01504	0.26641	0.01940	0.01412	0.01993	0.01191	0.01555	0.00931	0.00554	0.00654	0.00197	0.00885	0.00602	0.00301	0.00912
38	0.00764	0.00570	0.00714	0.00825	0.00906	0.00519	0.00572	0.00891	0.01254	0.01623	0.04081	0.58534	0.19938	0.01858	0.00785	0.00245	0.00360	0.04471	0.00578	0.00513
39	0.01469	0.01456	0.02630	0.12535	0.08980	0.01591	0.30738	0.01973	0.07663	0.04643	0.01287	0.01666	0.01011	0.00711	0.01002	0.00222	0.18619	0.00643	0.00345	0.00817
40	0.01418	0.04990	0.25766	0.15891	0.14077	0.08974	0.11082	0.01898	0.01399	0.01859	0.02939	0.01746	0.01086	0.00649	0.00625	0.00196	0.00875	0.03391	0.00308	0.00832
41	0.01043	0.00655	0.00853	0.00919	0.01059	0.00603	0.00695	0.01215	0.01352	0.10031	0.03766	0.41461	0.15206	0.01704	0.00781	0.00247	0.00421	0.16803	0.00599	0.00588
42	0.00860	0.00577	0.00762	0.00863	0.00935	0.00532	0.00591	0.00993	0.01279	0.04921	0.09967	0.65381	0.06345	0.01825	0.00780	0.00244	0.00361	0.01647	0.00597	0.00539
43	0.01543	0.04794	0.11929	0.12088	0.36419	0.01481	0.03762	0.09308	0.01554	0.04411	0.03507	0.03919	0.01201	0.00658	0.00619	0.00191	0.00744	0.00596	0.00364	0.00912
44	0.03619	0.01662	0.12797	0.02145	0.21171	0.03035	0.10300	0.08219	0.07724	0.13774	0.01636	0.01998	0.01278	0.04127	0.00748	0.00216	0.00736	0.03448	0.00447	0.00919
45	0.01447	0.10480	0.24398	0.05845	0.10788	0.01601	0.22710	0.06208	0.01437	0.01988	0.01192	0.01568	0.00944	0.04026	0.00768	0.00212	0.02644	0.00572	0.00312	0.00858
46	0.01517	0.01824	0.16236	0.06314	0.15491	0.03514	0.20841	0.09138	0.04166	0.03599	0.01462	0.05169	0.01217	0.00721	0.00706	0.00206	0.03137	0.03496	0.00375	0.00872
47	0.01550	0.09753	0.19534	0.03723	0.17025	0.05154	0.03661	0.11096	0.05047	0.03918	0.01576	0.09216	0.01398	0.00801	0.00620	0.00196	0.00737	0.03722	0.00400	0.00873
48	0.01406	0.07222	0.08960	0.04095	0.26482	0.01367	0.15989	0.03532	0.01410	0.04087	0.01748	0.09250	0.04679	0.04218	0.00766	0.00217	0.00744	0.02627	0.00372	0.00829
49	0.01769	0.04945	0.03886	0.05520	0.28551	0.04552	0.01417	0.19171	0.03942	0.07668	0.03580	0.05146	0.03443	0.00759	0.00661	0.00191	0.02785	0.00639	0.00454	0.00922
50	0.06919	0.03114	0.04319	0.02625	0.40690	0.01407	0.03143	0.03525	0.07002	0.03667	0.01702	0.05965	0.04874	0.00781	0.00711	0.00201	0.05361	0.02728	0.00388	0.00880
51	0.03018	0.06054	0.11618	0.07446	0.25571	0.03308	0.01471	0.09768	0.05527	0.03781	0.05843	0.07908	0.02821	0.00780	0.00618	0.00191	0.00677	0.00673	0.00413	0.02515

[dist]
# distance from previous block
# <min> <max>
2	49

[block]
# block no. 4 follows, 36 sequences, length 21
# corresponding to MSA columns:
# 310-330
name=unknown_E
#
# <colnr> <probs for GDERKNQSTAVLIFYWHMCP>
#	G	D	E	R	K	N	Q	S	T	A	V	L	I	F	Y	W	H	M	C	P
0	0.08633	0.10697	0.08702	0.05140	0.17794	0.05577	0.01413	0.29819	0.01972	0.02733	0.01221	0.01380	0.00934	0.00642	0.00570	0.00181	0.00728	0.00497	0.00430	0.00936
1	0.01799	0.28053	0.14461	0.01661	0.09915	0.11009	0.01421	0.16925	0.01691	0.02146	0.01085	0.01251	0.00875	0.00632	0.00606	0.00171	0.04618	0.00446	0.00354	0.00880
2	0.06906	0.14852	0.16677	0.02018	0.20957	0.01654	0.03773	0.13171	0.04262	0.04074	0.01295	0.02974	0.01053	0.02955	0.00646	0.00195	0.00722	0.00533	0.00379	0.00903
3	0.05457	0.24196	0.17911	0.05168	0.04005	0.05729	0.01358	0.12317	0.01607	0.06787	0.06760	0.01559	0.01276	0.00677	0.00583	0.00177	0.02687	0.00501	0.00393	0.00851
4	0.08953	0.10329	0.12445	0.06830	0.20625	0.06906	0.06307	0.08680	0.02840	0.08507	0.01258	0.01450	0.00956	0.00611	0.00575	0.00184	0.00761	0.00508	0.00380	0.00895
5	0.01741	0.41499	0.05187	0.05380	0.09926	0.13902	0.03896	0.04234	0.01444	0.03751	0.01171	0.01339	0.02923	0.00603	0.00504	0.00158	0.00767	0.00443	0.00317	0.00816
6	0.00754	0.00562	0.00703	0.00815	0.00890	0.00510	0.00555	0.00873	0.01243	0.01611	0.04072	0.61806	0.19600	0.01869	0.00782	0.00244	0.00351	0.01670	0.00578	0.00510
7	0.01717	0.72667	0.03150	0.01108	0.01624	0.08094	0.01077	0.01914	0.01304	0.01470	0.00874	0.01009	0.00800	0.00541	0.00412	0.00135	0.00702	0.00338	0.00271	0.00794
8	0.01585	0.06798	0.06199	0.14839	0.14236	0.04465	0.01325	0.10802	0.09777	0.08023	0.01911	0.09301	0.04330	0.00855	0.00632	0.00200	0.00667	0.02753	0.00457	0.00846
9	0.00944	0.00861	0.03853	0.01449	0.15611	0.00753	0.00906	0.01152	0.01322	0.01753	0.05452	0.37769	0.19443	0.01507	0.00740	0.00228	0.00456	0.04659	0.00515	0.00628
10	0.00756	0.00554	0.00711	0.00837	0.00896	0.00509	0.00565	0.00871	0.01222	0.01602	0.03800	0.68569	0.13012	0.01904	0.00788	0.00248	0.00356	0.01713	0.00578	0.00509
11	0.02135	0.01025	0.01310	0.01106	0.01485	0.00975	0.00897	0.02669	0.15616	0.44679	0.04846	0.06984	0.04356	0.00988	0.00668	0.00210	0.00505	0.07905	0.00705	0.00935
12	0.01888	0.01613	0.13456	0.06186	0.17210	0.01401	0.01474	0.10474	0.04523	0.22481	0.01583	0.01700	0.01141	0.00811	0.02419	0.00220	0.09432	0.00568	0.00476	0.00944
13	0.01465	0.01409	0.02456	0.09375	0.56970	0.01422	0.07756	0.01846	0.01410	0.01983	0.01338	0.01986	0.01171	0.00648	0.00646	0.00197	0.00761	0.05917	0.00327	0.00919
14	0.00861	0.00626	0.00878	0.00917	0.00997	0.00673	0.00670	0.01031	0.01094	0.01525	0.06324	0.22500	0.02618	0.13137	0.40492	0.00690	0.01083	0.02933	0.00430	0.00523
15	0.01666	0.01686	0.04275	0.10248	0.32340	0.14269	0.01519	0.12449	0.01669	0.02138	0.01511	0.07434	0.02825	0.00764	0.00630	0.00192	0.00772	0.02365	0.00386	0.00863
16	0.01704	0.01471	0.04313	0.07830	0.41982	0.03925	0.06559	0.05057	0.01550	0.12272	0.04180	0.01881	0.01297	0.00658	0.00636	0.00192	0.00733	0.02422	0.00406	0.00933
17	0.03972	0.00611	0.00768	0.00852	0.00934	0.00581	0.00590	0.01025	0.01237	0.04194	0.07762	0.53002	0.06919	0.09798	0.01021	0.00282	0.00402	0.04961	0.00563	0.00528
18	0.05818	0.01365	0.02083	0.08172	0.34903	0.04107	0.07893	0.07214	0.01510	0.05395	0.01604	0.11137	0.01476	0.00809	0.00647	0.00202	0.00709	0.03700	0.00401	0.00857
19	0.18668	0.26543	0.07902	0.03444	0.12901	0.06089	0.01217	0.06016	0.01400	0.05895	0.01164	0.04139	0.00983	0.00638	0.00501	0.00173	0.00672	0.00471	0.00360	0.00822
20	0.03988	0.15359	0.13431	0.07846	0.31680	0.05412	0.02887	0.05161	0.01430	0.01975	0.01118	0.01401	0.00909	0.00590	0.00590	0.00180	0.02203	0.00491	0.02465	0.00884

[dist]
# distance from previous block
# <min> <max>
54	501

[block]
# block no. 5 follows, 36 sequences, length 45
# corresponding to MSA columns:
# 866-910
name=unknown_F
#
# <colnr> <probs for GDERKNQSTAVLIFYWHMCP>
#	G	D	E	R	K	N	Q	S	T	A	V	L	I	F	Y	W	H	M	C	P
0	0.01613	0.07357	0.04319	0.08369	0.10287	0.05138	0.08105	0.15000	0.03723	0.03917	0.04129	0.01777	0.03362	0.02330	0.00714	0.00185	0.04278	0.00572	0.00413	0.14412
1	0.05557	0.01519	0.06244	0.08158	0.26541	0.04679	0.05051	0.04105	0.06769	0.07101	0.01323	0.01605	0.01050	0.02096	0.00765	0.00197	0.07271	0.00545	0.00378	0.09048
2	0.03599	0.01648	0.10762	0.13266	0.31275	0.03631	0.07690	0.05447	0.03534	0.05804	0.01267	0.01551	0.00978	0.00592	0.00608	0.00186	0.00766	0.00545	0.00354	0.06496
3	0.01564	0.01324	0.01934	0.27945	0.20939	0.03575	0.03494	0.11213	0.01587	0.06226	0.03187	0.01690	0.01113	0.00635	0.00605	0.00184	0.00719	0.00560	0.03519	0.07987
4	0.03886	0.01413	0.03396	0.06462	0.30603	0.02735	0.10618	0.07711	0.01579	0.08195	0.08052	0.01850	0.01456	0.00661	0.00651	0.00186	0.02136	0.00612	0.00413	0.07386
5	0.11508	0.03155	0.07987	0.09928	0.27890	0.02762	0.03548	0.04581	0.02762	0.03765	0.01171	0.01435	0.00928	0.00569	0.00557	0.00172	0.00685	0.00489	0.00350	0.15759
6	0.00796	0.00568	0.00765	0.00910	0.00962	0.00538	0.00642	0.00931	0.01229	0.01632	0.03414	0.67092	0.04041	0.01917	0.00805	0.00258	0.00393	0.12013	0.00578	0.00516
7	0.04638	0.01566	0.01667	0.01347	0.01791	0.01751	0.01091	0.44009	0.26985	0.05700	0.01865	0.01786	0.01353	0.00777	0.00620	0.00196	0.00608	0.00605	0.00624	0.01022
8	0.01361	0.02964	0.60359	0.04669	0.02684	0.06026	0.05220	0.03898	0.03455	0.02002	0.01165	0.01367	0.00838	0.00605	0.00600	0.00196	0.00917	0.00482	0.00290	0.00902
9	0.01477	0.08790	0.49695	0.01987	0.13656	0.03862	0.02003	0.03638	0.01406	0.06129	0.01187	0.01370	0.00871	0.00597	0.00582	0.00189	0.00851	0.00475	0.00310	0.00926
10	0.01284	0.07450	0.67247	0.01777	0.02662	0.01512	0.05688	0.01968	0.01320	0.01945	0.01111	0.01315	0.00798	0.00585	0.00588	0.00194	0.00913	0.00467	0.00266	0.00910
11	0.01307	0.01203	0.01982	0.15329	0.43670	0.01240	0.01579	0.01644	0.01383	0.01902	0.03473	0.07740	0.05818	0.00863	0.00666	0.00206	0.00677	0.08119	0.00374	0.00824
12	0.01597	0.02600	0.51978	0.01785	0.05862	0.01346	0.06188	0.02192	0.01427	0.17034	0.01407	0.01515	0.00964	0.00623	0.00609	0.00197	0.00839	0.00516	0.00374	0.00948
13	0.01852	0.03769	0.09235	0.15195	0.21801	0.01317	0.09111	0.02234	0.01498	0.25427	0.01572	0.01727	0.01110	0.00637	0.00625	0.00194	0.00737	0.00582	0.00448	0.00932
14	0.01287	0.01218	0.02067	0.40091	0.30746	0.01349	0.03564	0.01662	0.01319	0.01775	0.01416	0.06435	0.03006	0.00702	0.00637	0.00202	0.00759	0.00654	0.00316	0.00793
15	0.00947	0.00801	0.01237	0.35083	0.02432	0.00904	0.01095	0.01196	0.01226	0.01595	0.02494	0.40568	0.05331	0.01337	0.00715	0.00231	0.00572	0.01203	0.00442	0.00591
16	0.01563	0.01396	0.04620	0.26655	0.22805	0.02941	0.14224	0.01957	0.01418	0.11703	0.01407	0.04076	0.01093	0.00648	0.00645	0.00200	0.00799	0.00629	0.00369	0.00852
17	0.01542	0.02768	0.58724	0.01685	0.02514	0.01354	0.04650	0.02169	0.01407	0.15326	0.01370	0.01477	0.00933	0.00622	0.00604	0.00197	0.00854	0.00501	0.00358	0.00943
18	0.01004	0.00717	0.01004	0.01147	0.01291	0.00717	0.01004	0.01291	0.01434	0.01865	0.03299	0.07028	0.03586	0.01721	0.00861	0.00287	0.00574	0.70023	0.00574	0.00574
19	0.01087	0.00765	0.01061	0.01124	0.01299	0.00759	0.02407	0.01442	0.05106	0.04990	0.09873	0.09618	0.05099	0.01578	0.00819	0.00266	0.00536	0.50962	0.00590	0.00618
20	0.01949	0.16907	0.07797	0.01517	0.03863	0.04392	0.13586	0.09838	0.03178	0.22437	0.04967	0.01871	0.03502	0.00702	0.00603	0.00183	0.00706	0.00602	0.00494	0.00905
21	0.02335	0.09080	0.01849	0.01492	0.01853	0.59306	0.01153	0.02510	0.01726	0.11434	0.01158	0.01248	0.00903	0.00650	0.00557	0.00163	0.01005	0.00426	0.00377	0.00775
22	0.13506	0.01058	0.01343	0.01053	0.01505	0.00964	0.00866	0.02779	0.01684	0.61244	0.05868	0.02099	0.01645	0.00771	0.00599	0.00193	0.00512	0.00613	0.00715	0.00984
23	0.01873	0.05888	0.08142	0.07231	0.11158	0.03430	0.03531	0.15111	0.13084	0.16603	0.04900	0.01964	0.01472	0.00741	0.00621	0.00193	0.00665	0.01932	0.00521	0.00939
24	0.01110	0.00969	0.10952	0.01127	0.05730	0.00722	0.00865	0.01044	0.00956	0.01304	0.01396	0.03845	0.04536	0.01816	0.01950	0.59775	0.00590	0.00598	0.00294	0.00422
25	0.01177	0.01107	0.01869	0.76606	0.04291	0.01384	0.01730	0.01592	0.01246	0.01592	0.01107	0.01661	0.00831	0.00623	0.00623	0.00208	0.00831	0.00554	0.00277	0.00692
26	0.01483	0.32888	0.39446	0.01583	0.05584	0.05615	0.01739	0.01954	0.01324	0.01753	0.01013	0.01191	0.00803	0.00569	0.00516	0.00170	0.00822	0.00412	0.00270	0.00866
27	0.01455	0.04064	0.14564	0.04832	0.34053	0.01304	0.05166	0.01878	0.02704	0.07825	0.08049	0.02210	0.07699	0.00734	0.00633	0.00192	0.00691	0.00664	0.00397	0.00884
28	0.01381	0.20346	0.40647	0.01624	0.02330	0.01608	0.10770	0.01891	0.01328	0.03995	0.01309	0.07639	0.01110	0.00688	0.00583	0.00188	0.00820	0.00579	0.00312	0.00852
29	0.01196	0.01119	0.01845	0.72782	0.04156	0.01393	0.01693	0.01679	0.04893	0.01643	0.01180	0.01695	0.00885	0.00634	0.00623	0.00208	0.00813	0.00561	0.00295	0.00707
30	0.12510	0.02018	0.28736	0.01679	0.09773	0.01414	0.03764	0.09765	0.09622	0.06271	0.04988	0.01795	0.03583	0.00703	0.00593	0.00196	0.00702	0.00569	0.00425	0.00894
31	0.01519	0.01530	0.08593	0.22347	0.32949	0.01451	0.09206	0.04127	0.01429	0.06834	0.01246	0.01601	0.00959	0.00609	0.00670	0.00198	0.02939	0.00570	0.00337	0.00887
32	0.02094	0.02110	0.01689	0.11628	0.02132	0.38037	0.01191	0.14833	0.04016	0.08594	0.05057	0.01630	0.01244	0.02258	0.00650	0.00187	0.00880	0.00528	0.00439	0.00803
33	0.00871	0.00634	0.00822	0.00797	0.00941	0.00585	0.00600	0.01145	0.01692	0.02364	0.62161	0.09480	0.09628	0.01356	0.00745	0.00205	0.00313	0.04416	0.00668	0.00578
34	0.01709	0.01284	0.02145	0.19432	0.29600	0.01324	0.07918	0.02057	0.01449	0.18721	0.01613	0.01851	0.03409	0.00674	0.00696	0.00199	0.03996	0.00612	0.00416	0.00896
35	0.01406	0.01354	0.05286	0.23842	0.29311	0.01378	0.05106	0.03968	0.01398	0.04928	0.01687	0.02080	0.07404	0.00739	0.00738	0.00204	0.06028	0.01961	0.00353	0.00828
36	0.01099	0.00999	0.01663	0.01415	0.01589	0.01163	0.13557	0.01345	0.01070	0.01544	0.01422	0.02153	0.01320	0.06865	0.42247	0.00678	0.18262	0.00665	0.00319	0.00626
37	0.01230	0.03761	0.08192	0.47714	0.15387	0.01368	0.01676	0.01657	0.02628	0.01714	0.01338	0.08139	0.01155	0.00725	0.00627	0.00205	0.00771	0.00646	0.00313	0.00754
38	0.01695	0.11882	0.35164	0.01764	0.09474	0.01469	0.05670	0.04376	0.01480	0.17331	0.01506	0.01595	0.02545	0.00641	0.00590	0.00188	0.00775	0.00526	0.00396	0.00933
39	0.01536	0.04613	0.44633	0.01683	0.04123	0.03577	0.07531	0.04765	0.01487	0.11879	0.03732	0.01772	0.04510	0.00682	0.00615	0.00195	0.00817	0.00566	0.00381	0.00902
40	0.01379	0.22311	0.38579	0.01695	0.08377	0.03778	0.03099	0.01862	0.01293	0.01777	0.01115	0.01377	0.00895	0.01015	0.08665	0.00266	0.00928	0.00462	0.00278	0.00848
41	0.01819	0.03257	0.20871	0.08077	0.23248	0.01355	0.01657	0.04917	0.01522	0.22471	0.01510	0.01638	0.01074	0.00655	0.00655	0.00194	0.03142	0.00546	0.00435	0.00957
42	0.05586	0.01515	0.05526	0.26284	0.31076	0.05410	0.03172	0.07079	0.01488	0.05247	0.01205	0.01546	0.00932	0.00607	0.00607	0.00193	0.00778	0.00539	0.00345	0.00866
43	0.01316	0.06710	0.61274	0.01753	0.02590	0.01496	0.06682	0.04868	0.01387	0.02019	0.01204	0.03754	0.00917	0.00634	0.00600	0.00196	0.00889	0.00518	0.00292	0.00902
44	0.01580	0.09954	0.24238	0.03910	0.19559	0.07577	0.04284	0.07694	0.02920	0.04812	0.03720	0.01702	0.04013	0.00665	0.00597	0.00185	0.00784	0.00552	0.00363	0.00891

[dist]
# distance from previous block
# <min> <max>
3	9

[block]
# block no. 6 follows, 36 sequences, length 11
# corresponding to MSA columns:
# 920-930
name=unknown_G
#
# <colnr> <probs for GDERKNQSTAVLIFYWHMCP>
#	G	D	E	R	K	N	Q	S	T	A	V	L	I	F	Y	W	H	M	C	P
0	0.03358	0.09680	0.05793	0.02185	0.28161	0.01375	0.06523	0.01870	0.07150	0.01997	0.01408	0.07414	0.01251	0.00665	0.00576	0.00169	0.00647	0.00600	0.00365	0.18812
1	0.03664	0.32694	0.17582	0.07435	0.03463	0.03900	0.07363	0.03384	0.03390	0.01802	0.01057	0.01270	0.00860	0.00580	0.00557	0.00166	0.02942	0.00441	0.00302	0.07147
2	0.06485	0.00774	0.00883	0.06667	0.01096	0.00824	0.00567	0.06693	0.01104	0.01560	0.01786	0.03479	0.01951	0.60735	0.02584	0.00513	0.00620	0.00813	0.00390	0.00476
3	0.01210	0.00825	0.00994	0.00964	0.01169	0.00807	0.00747	0.12361	0.01649	0.07523	0.10338	0.27357	0.17629	0.01498	0.00748	0.00230	0.00443	0.12243	0.00609	0.00657
4	0.01532	0.01563	0.01857	0.25342	0.04680	0.15525	0.05142	0.07276	0.03975	0.01820	0.01327	0.06724	0.01184	0.00852	0.00927	0.00215	0.16443	0.02525	0.00355	0.00736
5	0.01465	0.01447	0.02328	0.26374	0.46069	0.05188	0.04475	0.01844	0.01384	0.01870	0.01145	0.01563	0.00927	0.00580	0.00620	0.00192	0.00799	0.00554	0.00299	0.00876
6	0.01597	0.02001	0.12256	0.02171	0.02697	0.12415	0.39907	0.02028	0.01429	0.04338	0.01175	0.01521	0.00906	0.00642	0.00878	0.00210	0.12074	0.00620	0.00319	0.00818
7	0.00947	0.01067	0.11728	0.01148	0.01393	0.00778	0.06557	0.01215	0.01305	0.01765	0.08330	0.32841	0.07468	0.08087	0.00968	0.00270	0.00545	0.12486	0.00502	0.00600
8	0.02008	0.01176	0.01589	0.07099	0.11910	0.01177	0.01120	0.17325	0.01856	0.28963	0.05536	0.11308	0.01897	0.00925	0.00658	0.00202	0.00585	0.03145	0.00604	0.00916
9	0.01303	0.01114	0.01821	0.22990	0.19236	0.01220	0.05617	0.01619	0.01332	0.06244	0.05310	0.10277	0.03785	0.01070	0.03746	0.00247	0.07465	0.04459	0.00395	0.00750
10	0.02464	0.01169	0.01465	0.01164	0.01607	0.01124	0.00946	0.13836	0.10058	0.50894	0.02374	0.06584	0.01662	0.00847	0.00637	0.00198	0.00540	0.00694	0.00721	0.01018

[dist]
# distance from previous block
# <min> <max>
0	2

[block]
# block no. 7 follows, 36 sequences, length 30
# corresponding to MSA columns:
# 933-957,960-964
name=unknown_H
#
# <colnr> <probs for GDERKNQSTAVLIFYWHMCP>
#	G	D	E	R	K	N	Q	S	T	A	V	L	I	F	Y	W	H	M	C	P
0	0.01889	0.09709	0.10847	0.01569	0.06011	0.20351	0.02932	0.20919	0.04417	0.04447	0.01507	0.09786	0.01310	0.00801	0.00603	0.00185	0.00788	0.00630	0.00442	0.00858
1	0.01548	0.03429	0.03759	0.06880	0.06758	0.09417	0.16922	0.10847	0.03423	0.02163	0.08287	0.03370	0.03285	0.00752	0.00758	0.00190	0.07409	0.00651	0.00407	0.09745
2	0.23477	0.10230	0.11551	0.01218	0.01710	0.09808	0.01120	0.08671	0.08246	0.16227	0.01430	0.01443	0.01034	0.00660	0.00526	0.00184	0.00663	0.00471	0.00467	0.00865
3	0.02008	0.01566	0.01667	0.01361	0.01795	0.01764	0.01097	0.41864	0.33791	0.03346	0.01953	0.01860	0.01430	0.00791	0.00628	0.00198	0.00601	0.00624	0.00628	0.01027
4	0.00842	0.00630	0.00785	0.00790	0.00937	0.00574	0.00595	0.01078	0.01579	0.02132	0.42573	0.14890	0.21457	0.01474	0.00754	0.00215	0.00332	0.07165	0.00637	0.00561
5	0.12785	0.02413	0.45607	0.01499	0.02215	0.01368	0.01741	0.04153	0.01404	0.16277	0.01344	0.01437	0.00929	0.00648	0.00625	0.00198	0.03576	0.00482	0.00390	0.00909
6	0.12012	0.10337	0.04654	0.01458	0.04972	0.04033	0.02893	0.44419	0.02289	0.05150	0.01325	0.01387	0.00973	0.00681	0.00569	0.00182	0.00687	0.00505	0.00515	0.00960
7	0.01177	0.01107	0.01869	0.76606	0.04291	0.01384	0.01730	0.01592	0.01246	0.01592	0.01107	0.01661	0.00831	0.00623	0.00623	0.00208	0.00831	0.00554	0.00277	0.00692
8	0.00738	0.00625	0.00638	0.00649	0.00846	0.00524	0.00481	0.00892	0.01403	0.01676	0.06096	0.11378	0.68721	0.01606	0.00741	0.00214	0.00319	0.01349	0.00579	0.00524
9	0.01443	0.01387	0.02318	0.19327	0.51089	0.01507	0.01812	0.01797	0.01330	0.01880	0.01119	0.01548	0.00934	0.00629	0.00776	0.00200	0.09163	0.00554	0.00298	0.00889
10	0.02488	0.01553	0.01751	0.01343	0.01837	0.01648	0.01109	0.52788	0.02608	0.23731	0.01765	0.01671	0.01195	0.00754	0.00624	0.00189	0.00642	0.00579	0.00665	0.01060
11	0.02290	0.02899	0.01802	0.01710	0.05331	0.72111	0.01237	0.02461	0.01749	0.01549	0.00973	0.01143	0.00811	0.00638	0.00564	0.00162	0.01106	0.00409	0.00320	0.00735
12	0.00882	0.00730	0.01011	0.14783	0.05274	0.00733	0.00837	0.01091	0.01324	0.01705	0.08180	0.32226	0.24282	0.01478	0.00735	0.00226	0.00454	0.02957	0.00516	0.00577
13	0.02221	0.02792	0.01781	0.01609	0.01894	0.67477	0.01221	0.02379	0.01676	0.01522	0.00947	0.01150	0.00804	0.00691	0.00725	0.00173	0.09485	0.00417	0.00316	0.00718
14	0.02153	0.02633	0.01678	0.01526	0.01833	0.62656	0.01152	0.04508	0.05086	0.01641	0.01121	0.01319	0.00935	0.01044	0.07814	0.00245	0.01133	0.00446	0.00346	0.00729
15	0.00736	0.00631	0.00631	0.00631	0.00842	0.00526	0.00473	0.00894	0.01420	0.01683	0.06312	0.05996	0.73964	0.01578	0.00736	0.00210	0.00316	0.01315	0.00579	0.00526
16	0.01471	0.01681	0.03676	0.02626	0.03256	0.01576	0.71954	0.01996	0.01471	0.01996	0.01261	0.01681	0.00945	0.00525	0.00735	0.00210	0.01050	0.00735	0.00315	0.00840
17	0.01177	0.01107	0.01869	0.76606	0.04291	0.01384	0.01730	0.01592	0.01246	0.01592	0.01107	0.01661	0.00831	0.00623	0.00623	0.00208	0.00831	0.00554	0.00277	0.00692
18	0.02124	0.07150	0.01871	0.01383	0.01826	0.04758	0.01139	0.50430	0.12316	0.03324	0.01603	0.03652	0.01223	0.00787	0.00662	0.00190	0.03408	0.00591	0.00574	0.00989
19	0.23300	0.01683	0.04388	0.07653	0.13959	0.10204	0.01249	0.23356	0.01819	0.05050	0.01200	0.01359	0.00903	0.00644	0.00551	0.00187	0.00707	0.00480	0.00437	0.00872
20	0.13538	0.01236	0.01633	0.32955	0.04520	0.05121	0.03716	0.06881	0.01400	0.08206	0.01375	0.01959	0.01121	0.04817	0.03466	0.00254	0.02864	0.03820	0.00386	0.00735
21	0.02230	0.05778	0.04625	0.01336	0.01741	0.01529	0.01147	0.22232	0.03516	0.31043	0.01710	0.01699	0.01194	0.00811	0.00901	0.00205	0.16196	0.00570	0.00576	0.00961
22	0.01004	0.00717	0.01004	0.01147	0.01291	0.00717	0.01004	0.01291	0.01434	0.01865	0.03299	0.07028	0.03586	0.01721	0.00861	0.00287	0.00574	0.70023	0.00574	0.00574
23	0.01912	0.46301	0.05265	0.01286	0.01766	0.24246	0.01162	0.08373	0.01567	0.01723	0.00961	0.01093	0.00823	0.00587	0.00475	0.00149	0.00814	0.00379	0.00315	0.00804
24	0.01705	0.08215	0.14868	0.04264	0.19493	0.01595	0.06616	0.15490	0.10313	0.07107	0.01578	0.01704	0.02899	0.00671	0.00610	0.00190	0.00726	0.00576	0.00432	0.00948
25	0.02126	0.02568	0.01801	0.01603	0.01865	0.56298	0.01236	0.05851	0.01654	0.01643	0.00960	0.01193	0.00819	0.00742	0.00877	0.00185	0.17080	0.00440	0.00326	0.00731
26	0.00906	0.00604	0.00680	0.00680	0.00680	0.00604	0.00378	0.00906	0.00906	0.01208	0.01963	0.04077	0.02265	0.78103	0.03171	0.00604	0.00604	0.00906	0.00378	0.00378
27	0.02409	0.01106	0.01413	0.01124	0.01556	0.01035	0.00924	0.12348	0.04440	0.51530	0.06547	0.02593	0.04775	0.00880	0.00649	0.00198	0.00531	0.04234	0.00723	0.00984
28	0.01302	0.01236	0.02096	0.51544	0.28370	0.01417	0.01793	0.01702	0.01305	0.01745	0.01130	0.01620	0.00884	0.00600	0.00621	0.00200	0.00799	0.00554	0.00288	0.00794
29	0.01246	0.01178	0.01994	0.62786	0.17569	0.01403	0.01765	0.01653	0.01279	0.01676	0.01120	0.01639	0.00860	0.00610	0.00622	0.00203	0.00813	0.00554	0.00283	0.00748

[dist]
# distance from previous block
# <min> <max>
0	1

# created by:
# /home/cegg/simao/soft/augustus-3.2.1/scripts/msa2prfl.pl ./align_prep/EOG090W0LJB.fa
