[name]
unknown

[dist]
# distance from previous block
# <min> <max>
0	50

[block]
# block no. 0 follows, 35 sequences, length 12
# corresponding to MSA columns:
# 55-66
name=unknown_A
#
# <colnr> <probs for GDERKNQSTAVLIFYWHMCP>
#	G	D	E	R	K	N	Q	S	T	A	V	L	I	F	Y	W	H	M	C	P
0	0.18706	0.01222	0.01217	0.06973	0.01559	0.08334	0.00901	0.08987	0.04523	0.02324	0.13654	0.05959	0.09608	0.01291	0.06448	0.00270	0.03971	0.02865	0.00489	0.00698
1	0.01701	0.12637	0.05096	0.17824	0.11979	0.17077	0.09172	0.02024	0.01477	0.06746	0.03292	0.03484	0.01149	0.00682	0.00650	0.00189	0.03092	0.00569	0.00352	0.00810
2	0.01380	0.01137	0.01624	0.12316	0.16833	0.03900	0.04734	0.01804	0.08138	0.08213	0.02513	0.12290	0.09784	0.03959	0.02706	0.00252	0.00664	0.06508	0.00473	0.00769
3	0.04198	0.00796	0.00973	0.00894	0.01093	0.00784	0.00669	0.04339	0.05766	0.11635	0.15984	0.07096	0.14759	0.07251	0.07516	0.13607	0.00558	0.00911	0.00547	0.00625
4	0.01236	0.06625	0.20665	0.01282	0.01608	0.07602	0.01222	0.01500	0.01186	0.01592	0.01621	0.13140	0.01667	0.16017	0.07048	0.03286	0.10927	0.00769	0.00350	0.00659
5	0.04971	0.07344	0.15131	0.01547	0.04521	0.25318	0.01343	0.08352	0.01592	0.05796	0.01351	0.07000	0.01191	0.03975	0.00836	0.00211	0.07756	0.00582	0.00384	0.00801
6	0.00882	0.00655	0.00880	0.00871	0.00992	0.00677	0.00649	0.01094	0.01292	0.01792	0.23188	0.06340	0.11632	0.11014	0.34462	0.00616	0.00967	0.00959	0.00487	0.00551
7	0.01328	0.01247	0.02136	0.15571	0.31164	0.01317	0.09789	0.01770	0.04995	0.01911	0.04350	0.01975	0.01348	0.01506	0.16431	0.00373	0.00976	0.00643	0.00348	0.00825
8	0.01617	0.17966	0.05345	0.08929	0.18325	0.03721	0.12521	0.07078	0.04479	0.05178	0.04566	0.04793	0.01351	0.00693	0.00612	0.00188	0.00754	0.00624	0.00388	0.00873
9	0.04405	0.01337	0.02185	0.36806	0.31598	0.01484	0.04194	0.04761	0.03476	0.01990	0.01209	0.01632	0.00949	0.00614	0.00627	0.00201	0.00788	0.00567	0.00325	0.00853
10	0.04858	0.01172	0.01297	0.01234	0.04549	0.01288	0.00899	0.07111	0.39142	0.05187	0.08084	0.05880	0.06890	0.08471	0.00907	0.00250	0.00505	0.00821	0.00598	0.00856
11	0.03983	0.03706	0.07698	0.14900	0.16984	0.07772	0.03130	0.06102	0.05492	0.05288	0.08888	0.02376	0.09395	0.00810	0.00638	0.00196	0.00699	0.00688	0.00433	0.00821

[dist]
# distance from previous block
# <min> <max>
0	7

[block]
# block no. 1 follows, 35 sequences, length 51
# corresponding to MSA columns:
# 74-111,115-127
name=unknown_B
#
# <colnr> <probs for GDERKNQSTAVLIFYWHMCP>
#	G	D	E	R	K	N	Q	S	T	A	V	L	I	F	Y	W	H	M	C	P
0	0.06165	0.09669	0.18060	0.01863	0.04768	0.14104	0.19783	0.09049	0.04433	0.02152	0.01354	0.01553	0.02926	0.00639	0.00615	0.00191	0.00893	0.00559	0.00361	0.00864
1	0.04230	0.03871	0.04647	0.01461	0.04183	0.14595	0.03503	0.23720	0.15403	0.02673	0.06005	0.07008	0.04183	0.00872	0.00637	0.00196	0.00699	0.00701	0.00528	0.00885
2	0.01476	0.00942	0.01136	0.01043	0.01307	0.00958	0.00804	0.02190	0.23608	0.16628	0.20354	0.16472	0.05137	0.01209	0.00711	0.00218	0.00435	0.03897	0.00672	0.00803
3	0.01314	0.01255	0.02226	0.36188	0.24513	0.01366	0.11153	0.01689	0.01331	0.01792	0.01345	0.07332	0.01170	0.00760	0.00730	0.03248	0.00802	0.00682	0.00320	0.00784
4	0.04353	0.22180	0.25571	0.01448	0.02015	0.18822	0.01482	0.04156	0.03880	0.01846	0.01328	0.04277	0.03135	0.00705	0.00583	0.00179	0.02378	0.00507	0.00332	0.00824
5	0.01491	0.00893	0.01089	0.00998	0.01250	0.00872	0.00761	0.06879	0.10576	0.18595	0.12758	0.23772	0.10599	0.03430	0.00791	0.00232	0.00447	0.03155	0.00653	0.00758
6	0.01030	0.00700	0.00838	0.00817	0.00991	0.00642	0.00601	0.03847	0.01542	0.07294	0.23133	0.20089	0.26182	0.06784	0.00924	0.00247	0.00382	0.02737	0.00621	0.00600
7	0.00838	0.00586	0.00733	0.00810	0.00843	0.00568	0.00519	0.00918	0.01116	0.01492	0.04650	0.43003	0.05007	0.30546	0.05062	0.00424	0.00518	0.01395	0.00504	0.00471
8	0.01455	0.01339	0.02184	0.42002	0.27650	0.01504	0.03784	0.08782	0.01507	0.02025	0.01194	0.01634	0.00927	0.00621	0.00635	0.00202	0.00806	0.00570	0.00329	0.00849
9	0.43550	0.00952	0.00892	0.00859	0.01122	0.01028	0.00655	0.01571	0.01202	0.07560	0.04511	0.24802	0.03755	0.04160	0.00672	0.00232	0.00451	0.00886	0.00496	0.00644
10	0.45881	0.01146	0.01035	0.00917	0.01277	0.01260	0.00736	0.06767	0.08881	0.07644	0.02242	0.05147	0.13103	0.00867	0.00529	0.00203	0.00477	0.00642	0.00504	0.00743
11	0.01215	0.00711	0.00924	0.00901	0.01093	0.00645	0.00690	0.01436	0.01563	0.15192	0.25033	0.23065	0.14172	0.01475	0.00759	0.00226	0.00397	0.09190	0.00658	0.00655
12	0.01067	0.00683	0.00836	0.00794	0.00980	0.00609	0.00588	0.01277	0.01568	0.10480	0.31939	0.13688	0.25457	0.06074	0.00895	0.00236	0.00362	0.01212	0.00643	0.00613
13	0.07543	0.00847	0.00997	0.00875	0.01140	0.00797	0.00673	0.05323	0.01635	0.19391	0.23843	0.06815	0.18382	0.07836	0.00908	0.00240	0.00427	0.00983	0.00637	0.00710
14	0.00944	0.00721	0.00851	0.00876	0.01008	0.00716	0.00624	0.01341	0.12119	0.01908	0.15843	0.29015	0.14800	0.12393	0.01111	0.00286	0.00412	0.03855	0.00587	0.00591
15	0.01344	0.00906	0.01014	0.00905	0.01152	0.00903	0.00685	0.10489	0.10061	0.09489	0.12869	0.06686	0.22237	0.11538	0.01027	0.00259	0.00449	0.00980	0.06298	0.00706
16	0.21052	0.00993	0.01035	0.00925	0.01197	0.01052	0.00712	0.07340	0.10684	0.07201	0.22125	0.05150	0.07669	0.09153	0.00897	0.00247	0.00457	0.00824	0.00574	0.00713
17	0.04164	0.00864	0.01025	0.00912	0.01139	0.00843	0.00678	0.05408	0.06672	0.17879	0.16201	0.05742	0.09453	0.22569	0.01399	0.00321	0.00495	0.02945	0.00595	0.00693
18	0.01279	0.00852	0.01027	0.00983	0.01184	0.00849	0.00734	0.08465	0.09573	0.09849	0.13652	0.31063	0.09029	0.04761	0.00849	0.00244	0.00439	0.03841	0.00628	0.00697
19	0.00880	0.00685	0.00780	0.00782	0.00955	0.00625	0.00574	0.05007	0.01545	0.01987	0.18824	0.23853	0.38015	0.01594	0.00758	0.00221	0.00350	0.01376	0.00614	0.00574
20	0.00833	0.00630	0.00758	0.00758	0.00903	0.00566	0.00550	0.01044	0.01552	0.02074	0.37911	0.16633	0.26638	0.05217	0.00879	0.00234	0.00332	0.01300	0.00632	0.00555
21	0.01110	0.00555	0.00801	0.00801	0.00817	0.00555	0.00540	0.00896	0.00880	0.01236	0.01205	0.01975	0.01158	0.02048	0.02263	0.72892	0.00524	0.00555	0.08879	0.00309
22	0.09706	0.00770	0.00877	0.00870	0.01064	0.00752	0.00640	0.01443	0.06937	0.09127	0.11629	0.31202	0.17951	0.03137	0.00769	0.00234	0.00396	0.01257	0.00600	0.00638
23	0.02544	0.01565	0.01773	0.01359	0.01862	0.01653	0.01123	0.50807	0.02628	0.25325	0.01821	0.01716	0.01228	0.00769	0.00636	0.00192	0.00650	0.00591	0.00680	0.01079
24	0.00811	0.00645	0.00727	0.00707	0.00894	0.00561	0.00530	0.01028	0.01590	0.02055	0.33998	0.05543	0.45705	0.01479	0.00749	0.00208	0.00312	0.01260	0.00634	0.00561
25	0.00894	0.00603	0.00700	0.00728	0.00735	0.00596	0.00423	0.00915	0.00978	0.01304	0.02282	0.18003	0.02664	0.63365	0.02771	0.00547	0.00568	0.01089	0.00423	0.00409
26	0.00880	0.00663	0.00948	0.01027	0.01133	0.00631	0.03891	0.01063	0.01306	0.01715	0.03498	0.47292	0.08069	0.03736	0.00884	0.00272	0.00466	0.21407	0.00570	0.00549
27	0.00906	0.00680	0.01020	0.01020	0.01133	0.00793	0.00793	0.01133	0.01020	0.01473	0.01699	0.02492	0.01586	0.04758	0.75191	0.01020	0.01699	0.00680	0.00340	0.00566
28	0.01264	0.00813	0.00965	0.00881	0.01129	0.00768	0.00675	0.01712	0.11704	0.14116	0.26796	0.09085	0.25014	0.01289	0.00720	0.00209	0.00379	0.01102	0.00665	0.00711
29	0.02095	0.00969	0.01272	0.01051	0.01404	0.00901	0.00836	0.06288	0.03232	0.43044	0.11092	0.07012	0.04271	0.05072	0.08166	0.00303	0.00621	0.00802	0.00683	0.00888
30	0.00923	0.00615	0.00692	0.00692	0.00692	0.00615	0.00384	0.00923	0.00923	0.01230	0.01999	0.04151	0.02306	0.77705	0.03229	0.00615	0.00615	0.00923	0.00384	0.00384
31	0.00906	0.00680	0.01020	0.01020	0.01133	0.00793	0.00793	0.01133	0.01020	0.01473	0.01699	0.02492	0.01586	0.04758	0.75191	0.01020	0.01699	0.00680	0.00340	0.00566
32	0.00958	0.00772	0.01024	0.01033	0.01147	0.04109	0.00791	0.01169	0.01075	0.01492	0.01858	0.10381	0.01829	0.04279	0.63929	0.00900	0.01533	0.00787	0.00366	0.00569
33	0.02007	0.01126	0.01356	0.01134	0.01511	0.01124	0.00914	0.13988	0.14246	0.30161	0.10410	0.05752	0.07481	0.01010	0.00679	0.00208	0.00514	0.04760	0.00693	0.00925
34	0.00906	0.00680	0.01020	0.01020	0.01133	0.00793	0.00793	0.01133	0.01020	0.01473	0.01699	0.02492	0.01586	0.04758	0.75191	0.01020	0.01699	0.00680	0.00340	0.00566
35	0.00997	0.00714	0.00987	0.01093	0.01240	0.00703	0.00936	0.01290	0.01529	0.02030	0.17617	0.06664	0.04126	0.01660	0.00850	0.00273	0.00526	0.55570	0.00607	0.00587
36	0.01315	0.01128	0.01315	0.00940	0.01503	0.00846	0.00752	0.01597	0.01315	0.02067	0.01128	0.01315	0.00940	0.00470	0.00470	0.00094	0.00470	0.00376	0.00376	0.81583
37	0.02204	0.01666	0.01732	0.01508	0.06055	0.09881	0.01142	0.30499	0.17257	0.15107	0.01815	0.01760	0.01304	0.00750	0.00623	0.00189	0.00673	0.00586	0.00597	0.04651
38	0.00852	0.00651	0.00789	0.00798	0.00963	0.00588	0.00614	0.01086	0.01579	0.02083	0.34043	0.10714	0.30392	0.01523	0.00771	0.00222	0.00352	0.10778	0.00634	0.00567
39	0.01807	0.01516	0.06958	0.01285	0.01706	0.01490	0.01091	0.35372	0.14933	0.05444	0.02488	0.11751	0.09319	0.01013	0.00669	0.00207	0.00594	0.00829	0.00604	0.00926
40	0.01322	0.01301	0.01909	0.01627	0.01681	0.01751	0.05339	0.01497	0.01009	0.01548	0.00988	0.01572	0.00953	0.01623	0.12943	0.00385	0.60994	0.00585	0.00289	0.00684
41	0.01076	0.01074	0.08721	0.00996	0.01279	0.00883	0.00864	0.03545	0.13131	0.02433	0.42773	0.04135	0.12190	0.01187	0.00717	0.00206	0.00421	0.03036	0.00627	0.00705
42	0.01314	0.01245	0.02111	0.53742	0.25905	0.01440	0.01819	0.01722	0.01323	0.01761	0.01148	0.01654	0.00895	0.00613	0.00632	0.00204	0.00817	0.00564	0.00292	0.00798
43	0.01486	0.06593	0.01588	0.01061	0.01615	0.03202	0.03455	0.04179	0.01415	0.05283	0.01187	0.01349	0.00961	0.00507	0.00492	0.00111	0.00538	0.00407	0.00392	0.64178
44	0.01099	0.00694	0.00907	0.00827	0.01016	0.00632	0.00630	0.01388	0.01785	0.10127	0.63324	0.04517	0.08089	0.01254	0.00737	0.00200	0.00326	0.01100	0.00703	0.00647
45	0.01349	0.01337	0.01686	0.01483	0.01525	0.07143	0.01201	0.01492	0.01037	0.01496	0.01074	0.01767	0.01069	0.07907	0.13424	0.00412	0.53053	0.00594	0.00300	0.00652
46	0.00842	0.00600	0.00804	0.00937	0.01002	0.00572	0.00680	0.00996	0.01280	0.01701	0.06062	0.55112	0.04054	0.05313	0.00931	0.00279	0.00426	0.17298	0.00583	0.00528
47	0.01637	0.01843	0.05432	0.02500	0.06330	0.08846	0.54359	0.02158	0.03589	0.04887	0.01331	0.01674	0.00998	0.00569	0.00714	0.00207	0.01021	0.00693	0.00348	0.00866
48	0.00913	0.00627	0.00744	0.00744	0.00771	0.00641	0.00456	0.00957	0.00959	0.01289	0.02125	0.03954	0.05008	0.62610	0.15047	0.00666	0.00783	0.00899	0.00385	0.00421
49	0.01557	0.06404	0.07308	0.11815	0.38369	0.01598	0.06432	0.06105	0.10106	0.02156	0.01355	0.01638	0.01074	0.00620	0.00624	0.00194	0.00760	0.00575	0.00363	0.00946
50	0.01852	0.06010	0.04647	0.01505	0.09390	0.01448	0.01136	0.19167	0.14062	0.10926	0.01626	0.01655	0.01212	0.00664	0.00578	0.00167	0.00600	0.00534	0.00515	0.22306

[dist]
# distance from previous block
# <min> <max>
3	15

[block]
# block no. 2 follows, 35 sequences, length 18
# corresponding to MSA columns:
# 143-160
name=unknown_C
#
# <colnr> <probs for GDERKNQSTAVLIFYWHMCP>
#	G	D	E	R	K	N	Q	S	T	A	V	L	I	F	Y	W	H	M	C	P
0	0.01674	0.01429	0.02103	0.08389	0.27265	0.01513	0.06704	0.22749	0.03411	0.02548	0.01641	0.02083	0.03577	0.01111	0.07574	0.00276	0.00828	0.03768	0.00439	0.00916
1	0.43869	0.08552	0.06079	0.01252	0.06920	0.01542	0.01003	0.07302	0.07348	0.05920	0.01198	0.01302	0.00915	0.00624	0.00479	0.00187	0.00574	0.00431	0.00424	0.04079
2	0.00951	0.00678	0.00779	0.00743	0.00942	0.00614	0.00559	0.01182	0.01412	0.02021	0.16377	0.09637	0.25266	0.01555	0.07551	0.00262	0.00458	0.01008	0.19193	0.08813
3	0.01220	0.00798	0.00997	0.01087	0.07672	0.00881	0.00741	0.01485	0.01276	0.02151	0.01902	0.07759	0.01637	0.00874	0.00743	0.00180	0.12228	0.00674	0.55053	0.00640
4	0.08107	0.01607	0.01820	0.01415	0.01905	0.01739	0.05535	0.44983	0.13318	0.03401	0.01586	0.01609	0.01161	0.00722	0.00610	0.00187	0.00655	0.00570	0.00574	0.08494
5	0.00919	0.00627	0.00754	0.00754	0.00776	0.00649	0.00462	0.00963	0.00941	0.01276	0.01942	0.03835	0.02169	0.63797	0.16950	0.00692	0.00822	0.00876	0.00376	0.00419
6	0.01279	0.01089	0.01277	0.00936	0.01465	0.00824	0.00741	0.01550	0.01309	0.02037	0.01285	0.06361	0.01156	0.00571	0.00492	0.00105	0.00463	0.00471	0.00390	0.76200
7	0.01858	0.01473	0.01858	0.06544	0.05325	0.01664	0.05552	0.26362	0.21536	0.06931	0.01753	0.01848	0.01316	0.00977	0.04198	0.00247	0.08438	0.00629	0.00539	0.00954
8	0.02592	0.11777	0.01749	0.01149	0.01641	0.01242	0.00972	0.06525	0.05877	0.56354	0.02232	0.01980	0.01461	0.00755	0.00606	0.00189	0.00565	0.00598	0.00698	0.01039
9	0.01465	0.04398	0.01912	0.03368	0.08746	0.08558	0.01336	0.01752	0.05647	0.01649	0.01094	0.01556	0.00998	0.01359	0.09473	0.00327	0.44749	0.00558	0.00316	0.00739
10	0.00875	0.00639	0.00822	0.00794	0.00938	0.00586	0.00589	0.01146	0.01715	0.02394	0.61775	0.11565	0.11021	0.01385	0.00754	0.00206	0.00307	0.01223	0.00680	0.00586
11	0.01525	0.01555	0.10792	0.05772	0.02395	0.01308	0.26241	0.08955	0.01625	0.08885	0.07222	0.05644	0.06124	0.00867	0.02023	0.00218	0.02151	0.00767	0.00448	0.05482
12	0.00773	0.00552	0.00736	0.00883	0.00920	0.00515	0.00589	0.00883	0.01215	0.01619	0.03497	0.77291	0.04196	0.01987	0.00810	0.00258	0.00368	0.01803	0.00589	0.00515
13	0.01578	0.01363	0.01434	0.01291	0.01650	0.01578	0.01004	0.03371	0.72602	0.02654	0.02582	0.02367	0.01937	0.00861	0.00646	0.00215	0.00502	0.00717	0.00646	0.01004
14	0.01706	0.01859	0.03868	0.09625	0.43844	0.17994	0.06148	0.02091	0.03240	0.01926	0.01178	0.01509	0.00965	0.00597	0.00624	0.00187	0.00867	0.00543	0.00322	0.00907
15	0.01635	0.01411	0.02238	0.18735	0.40866	0.01531	0.01720	0.08293	0.01528	0.06890	0.01263	0.01614	0.00999	0.00663	0.00766	0.00202	0.07787	0.00569	0.00364	0.00924
16	0.01597	0.01819	0.03275	0.02410	0.02970	0.09872	0.55363	0.02174	0.07085	0.02008	0.01334	0.01687	0.01018	0.00596	0.00772	0.00211	0.03917	0.00701	0.00345	0.00848
17	0.01549	0.01662	0.03077	0.09200	0.03029	0.05805	0.48516	0.07407	0.01571	0.02076	0.01365	0.05597	0.01116	0.00671	0.00783	0.00214	0.04435	0.00744	0.00354	0.00827

[dist]
# distance from previous block
# <min> <max>
0	1

[block]
# block no. 3 follows, 35 sequences, length 37
# corresponding to MSA columns:
# 162-198
name=unknown_D
#
# <colnr> <probs for GDERKNQSTAVLIFYWHMCP>
#	G	D	E	R	K	N	Q	S	T	A	V	L	I	F	Y	W	H	M	C	P
0	0.00806	0.00573	0.00761	0.00898	0.00943	0.00542	0.00617	0.00927	0.01220	0.01622	0.03390	0.66038	0.04026	0.06708	0.00968	0.00283	0.00404	0.08186	0.00576	0.00514
1	0.01045	0.00762	0.01085	0.01279	0.04258	0.00762	0.01060	0.01340	0.01460	0.01906	0.03271	0.06929	0.03543	0.01704	0.00866	0.00288	0.00591	0.66678	0.00573	0.00601
2	0.00941	0.00701	0.00863	0.00818	0.00992	0.00647	0.00612	0.03758	0.01667	0.02291	0.45862	0.11414	0.15843	0.04474	0.00843	0.00222	0.00352	0.03179	0.00639	0.03882
3	0.82186	0.01227	0.00932	0.00834	0.01227	0.01423	0.00687	0.01865	0.01080	0.02846	0.00883	0.01031	0.00687	0.00589	0.00393	0.00196	0.00491	0.00344	0.00393	0.00687
4	0.01497	0.01711	0.03743	0.02674	0.03316	0.01604	0.71444	0.02032	0.01497	0.02032	0.01283	0.01711	0.00963	0.00535	0.00749	0.00214	0.01070	0.00749	0.00321	0.00856
5	0.01654	0.01229	0.01652	0.03437	0.01827	0.01070	0.08391	0.07730	0.04444	0.13375	0.01519	0.03805	0.01185	0.00615	0.00561	0.00144	0.00573	0.00534	0.00469	0.45786
6	0.00906	0.00680	0.01020	0.01020	0.01133	0.00793	0.00793	0.01133	0.01020	0.01473	0.01699	0.02492	0.01586	0.04758	0.75191	0.01020	0.01699	0.00680	0.00340	0.00566
7	0.01400	0.01324	0.02222	0.22850	0.48335	0.01392	0.01764	0.01775	0.01414	0.01957	0.04846	0.01969	0.04661	0.00668	0.00641	0.00196	0.00736	0.00629	0.00337	0.00883
8	0.00834	0.00647	0.00766	0.00781	0.00948	0.00578	0.00596	0.01052	0.01541	0.02002	0.27937	0.12553	0.36092	0.01558	0.00770	0.00223	0.00350	0.09587	0.00625	0.00560
9	0.01346	0.01340	0.03341	0.04340	0.04231	0.11043	0.01007	0.01959	0.19560	0.01917	0.06804	0.07689	0.08502	0.06691	0.09562	0.00335	0.08327	0.00808	0.00470	0.00729
10	0.00788	0.00577	0.00740	0.00841	0.00916	0.00530	0.00577	0.00931	0.01326	0.01763	0.13806	0.58105	0.13082	0.01842	0.00794	0.00244	0.00352	0.01652	0.00604	0.00530
11	0.01560	0.12177	0.05392	0.01670	0.08603	0.16330	0.07855	0.04476	0.01450	0.01801	0.06006	0.04181	0.01570	0.07420	0.05293	0.00279	0.09402	0.03425	0.00368	0.00741
12	0.00775	0.00567	0.00721	0.00841	0.00902	0.00522	0.00566	0.00889	0.01236	0.01618	0.03859	0.64268	0.14052	0.04855	0.00894	0.00265	0.00371	0.01703	0.00581	0.00513
13	0.01340	0.15200	0.63091	0.01693	0.02568	0.01638	0.02143	0.01992	0.01331	0.01927	0.01098	0.01288	0.00805	0.00593	0.00572	0.00191	0.00896	0.00448	0.00268	0.00918
14	0.00966	0.00691	0.00954	0.01076	0.01204	0.00679	0.00899	0.01229	0.01461	0.01932	0.12038	0.18369	0.04029	0.01735	0.00849	0.00275	0.00513	0.49927	0.00599	0.00575
15	0.01315	0.01128	0.01315	0.00940	0.01503	0.00846	0.00752	0.01597	0.01315	0.02067	0.01128	0.01315	0.00940	0.00470	0.00470	0.00094	0.00470	0.00376	0.00376	0.81583
16	0.01272	0.03281	0.74418	0.01808	0.02746	0.01473	0.02344	0.02009	0.01339	0.02009	0.01138	0.01339	0.00804	0.00603	0.00603	0.00201	0.00938	0.00469	0.00268	0.00938
17	0.02301	0.01722	0.01842	0.01437	0.01925	0.01916	0.01179	0.62594	0.12201	0.03820	0.01663	0.01635	0.01192	0.00775	0.00636	0.00194	0.00672	0.00590	0.00636	0.01069
18	0.01296	0.05128	0.12628	0.01127	0.01720	0.01028	0.03630	0.01648	0.01348	0.02033	0.03992	0.01640	0.04049	0.00573	0.00519	0.00126	0.00561	0.00470	0.00373	0.56112
19	0.01898	0.01354	0.05473	0.10881	0.06949	0.01255	0.13855	0.05121	0.04938	0.27008	0.04845	0.02120	0.04106	0.00754	0.00713	0.00202	0.03590	0.00671	0.00527	0.03740
20	0.02370	0.03023	0.01798	0.01634	0.01961	0.75158	0.01226	0.02533	0.01798	0.01553	0.00981	0.01144	0.00817	0.00654	0.00572	0.00163	0.01144	0.00409	0.00327	0.00735
21	0.07766	0.04134	0.02337	0.11420	0.28764	0.01378	0.17034	0.01744	0.01378	0.01998	0.03637	0.12497	0.01549	0.00793	0.00658	0.00206	0.00743	0.00775	0.00367	0.00821
22	0.01637	0.16855	0.32775	0.01951	0.12406	0.11106	0.04652	0.07820	0.01546	0.02029	0.01116	0.01317	0.00865	0.00603	0.00574	0.00182	0.00875	0.00470	0.00315	0.00906
23	0.00814	0.00599	0.00766	0.00876	0.00947	0.00567	0.00599	0.01011	0.04207	0.01739	0.08961	0.63404	0.09426	0.01861	0.00794	0.00248	0.00365	0.01674	0.00599	0.00543
24	0.82186	0.01227	0.00932	0.00834	0.01227	0.01423	0.00687	0.01865	0.01080	0.02846	0.00883	0.01031	0.00687	0.00589	0.00393	0.00196	0.00491	0.00344	0.00393	0.00687
25	0.01022	0.00730	0.01022	0.01168	0.01314	0.00730	0.01022	0.01314	0.01460	0.01899	0.03359	0.07156	0.03651	0.01752	0.00876	0.00292	0.00584	0.69478	0.00584	0.00584
26	0.00923	0.00615	0.00692	0.00692	0.00692	0.00615	0.00384	0.00923	0.00923	0.01230	0.01999	0.04151	0.02306	0.77705	0.03229	0.00615	0.00615	0.00923	0.00384	0.00384
27	0.01075	0.00795	0.01056	0.01169	0.01334	0.00818	0.00999	0.01532	0.09696	0.01973	0.03275	0.09961	0.03478	0.01660	0.00846	0.00282	0.00564	0.58264	0.00591	0.00630
28	0.00886	0.00639	0.00837	0.00806	0.00945	0.00591	0.00598	0.01167	0.01740	0.02456	0.66762	0.11641	0.05816	0.01363	0.00754	0.00205	0.00306	0.01210	0.00688	0.00591
29	0.01183	0.00591	0.00591	0.00591	0.00739	0.00591	0.00443	0.01478	0.01330	0.02365	0.02069	0.02365	0.01626	0.00739	0.00443	0.00148	0.00296	0.00591	0.81227	0.00591
30	0.13010	0.01019	0.01228	0.01048	0.01415	0.00985	0.00855	0.04758	0.06142	0.35930	0.08343	0.05932	0.06708	0.01014	0.00655	0.00212	0.00502	0.08708	0.00667	0.00869
31	0.01458	0.15857	0.22160	0.05754	0.05904	0.01714	0.16919	0.03965	0.06735	0.01989	0.04187	0.01618	0.01160	0.00672	0.00737	0.00199	0.07197	0.00573	0.00340	0.00863
32	0.00898	0.00637	0.00855	0.00978	0.01060	0.00619	0.00747	0.01079	0.01307	0.01728	0.05942	0.37258	0.03829	0.10194	0.01101	0.00309	0.00483	0.29875	0.00569	0.00533
33	0.01236	0.01277	0.04991	0.39727	0.09214	0.04162	0.05040	0.01593	0.01298	0.01709	0.03624	0.08827	0.03082	0.01025	0.04345	0.00255	0.06821	0.00718	0.00338	0.00717
34	0.11503	0.41214	0.04590	0.01159	0.01663	0.05525	0.01072	0.13136	0.01626	0.09258	0.03204	0.01333	0.01061	0.00635	0.00488	0.00163	0.00665	0.00436	0.00409	0.00861
35	0.01392	0.01352	0.02175	0.19878	0.32757	0.04094	0.07644	0.01780	0.03139	0.01843	0.01405	0.01887	0.02906	0.03130	0.08542	0.00298	0.04006	0.00619	0.00326	0.00825
36	0.16558	0.27966	0.13161	0.03690	0.07868	0.08683	0.03228	0.04013	0.01405	0.06588	0.01095	0.01252	0.00866	0.00597	0.00505	0.00173	0.00740	0.00428	0.00346	0.00840

[dist]
# distance from previous block
# <min> <max>
0	1

[block]
# block no. 4 follows, 35 sequences, length 53
# corresponding to MSA columns:
# 200-252
name=unknown_E
#
# <colnr> <probs for GDERKNQSTAVLIFYWHMCP>
#	G	D	E	R	K	N	Q	S	T	A	V	L	I	F	Y	W	H	M	C	P
0	0.48300	0.01470	0.01315	0.04037	0.01607	0.06174	0.00923	0.18546	0.03199	0.05064	0.01136	0.01255	0.00853	0.00664	0.00538	0.00196	0.03029	0.00434	0.00455	0.00803
1	0.01132	0.01264	0.11457	0.01306	0.04342	0.03511	0.06206	0.01572	0.06871	0.02099	0.25777	0.08000	0.05452	0.05941	0.02506	0.02096	0.00599	0.08662	0.00520	0.00687
2	0.00972	0.00849	0.04897	0.01021	0.01141	0.00783	0.00777	0.01256	0.06981	0.03360	0.04816	0.53560	0.03449	0.05822	0.01012	0.00269	0.06433	0.01454	0.00548	0.00600
3	0.01083	0.00851	0.01168	0.11790	0.06066	0.00868	0.00889	0.06816	0.01723	0.02370	0.43020	0.09856	0.08631	0.01190	0.00721	0.00205	0.00444	0.01048	0.00594	0.00666
4	0.17350	0.08167	0.08256	0.01387	0.04958	0.05362	0.01169	0.21809	0.09130	0.14145	0.01534	0.01540	0.01106	0.00696	0.00565	0.00190	0.00659	0.00516	0.00520	0.00941
5	0.01710	0.01741	0.01979	0.08858	0.09338	0.16813	0.03487	0.10952	0.01518	0.01951	0.01147	0.01678	0.01014	0.00884	0.01205	0.00226	0.30653	0.03708	0.00354	0.00785
6	0.02401	0.01614	0.01783	0.01380	0.01868	0.01744	0.01136	0.55290	0.06228	0.15256	0.03621	0.01752	0.01330	0.00784	0.00639	0.00193	0.00652	0.00604	0.00661	0.01063
7	0.01183	0.00591	0.00591	0.00591	0.00739	0.00591	0.00443	0.01478	0.01330	0.02365	0.02069	0.02365	0.01626	0.00739	0.00443	0.00148	0.00296	0.00591	0.81227	0.00591
8	0.01230	0.01172	0.02019	0.69358	0.07621	0.01423	0.04978	0.01655	0.01287	0.01661	0.01138	0.01686	0.00859	0.00626	0.00639	0.00210	0.00852	0.00572	0.00285	0.00726
9	0.02187	0.01559	0.01714	0.01353	0.01810	0.01680	0.01105	0.54063	0.04520	0.08061	0.01808	0.07732	0.01454	0.00879	0.00648	0.00195	0.00642	0.02870	0.00626	0.05093
10	0.02263	0.01211	0.01461	0.01190	0.01616	0.01219	0.00959	0.10631	0.23552	0.39132	0.07801	0.02348	0.01963	0.00844	0.00648	0.00202	0.00528	0.00693	0.00719	0.01020
11	0.01022	0.00730	0.01022	0.01168	0.01314	0.00730	0.01022	0.01314	0.01460	0.01899	0.03359	0.07156	0.03651	0.01752	0.00876	0.00292	0.00584	0.69478	0.00584	0.00584
12	0.00814	0.00587	0.00778	0.00908	0.00975	0.00551	0.00646	0.00963	0.01292	0.01714	0.07411	0.60151	0.07381	0.01899	0.00813	0.00257	0.00393	0.11343	0.00594	0.00530
13	0.01331	0.01304	0.01958	0.27264	0.05909	0.01740	0.01542	0.01578	0.01095	0.01584	0.00950	0.01500	0.00845	0.00922	0.01520	0.00251	0.47154	0.00559	0.00281	0.00712
14	0.00933	0.00715	0.01055	0.01040	0.01142	0.00847	0.00807	0.01145	0.01013	0.01465	0.01666	0.02508	0.01578	0.07892	0.67930	0.00961	0.05717	0.00684	0.00338	0.00565
15	0.01245	0.01175	0.01987	0.67105	0.13080	0.01422	0.01785	0.01662	0.01291	0.01678	0.01136	0.01676	0.00866	0.00626	0.00633	0.00209	0.00834	0.00564	0.00286	0.00742
16	0.06546	0.01748	0.01854	0.01427	0.01929	0.01939	0.01179	0.68016	0.02884	0.03938	0.01490	0.01498	0.01059	0.00753	0.00622	0.00191	0.00687	0.00559	0.00622	0.01059
17	0.01508	0.06385	0.04231	0.01412	0.07593	0.03410	0.03148	0.09214	0.12146	0.02227	0.01544	0.01753	0.02871	0.03003	0.04072	0.00207	0.02823	0.00533	0.00425	0.31496
18	0.00850	0.00599	0.00783	0.00887	0.00943	0.00577	0.00604	0.01014	0.04024	0.01679	0.08196	0.58214	0.03915	0.06325	0.01047	0.05363	0.00400	0.03494	0.00567	0.00520
19	0.00855	0.00681	0.00883	0.00941	0.01008	0.00709	0.00676	0.00987	0.01249	0.01666	0.06868	0.51843	0.15690	0.01776	0.00963	0.00250	0.10325	0.01530	0.00553	0.00546
20	0.01413	0.07668	0.06653	0.12600	0.12709	0.03894	0.07123	0.01750	0.03215	0.01721	0.01157	0.04144	0.01036	0.00954	0.03295	0.00249	0.28732	0.00598	0.00310	0.00778
21	0.01394	0.00995	0.01225	0.01264	0.05859	0.01045	0.00915	0.02139	0.26433	0.09448	0.04440	0.11375	0.05863	0.06441	0.00986	0.04677	0.00520	0.13630	0.00582	0.00769
22	0.00764	0.00587	0.00700	0.00789	0.00895	0.00523	0.00547	0.00894	0.01305	0.01656	0.04640	0.49509	0.31239	0.01839	0.00786	0.00241	0.00350	0.01622	0.00589	0.00523
23	0.01490	0.01233	0.01608	0.10737	0.10937	0.01396	0.01201	0.15128	0.19808	0.02361	0.01841	0.04557	0.01539	0.01724	0.17535	0.00393	0.02653	0.02535	0.00476	0.00848
24	0.05417	0.01353	0.01540	0.01594	0.10726	0.01532	0.01109	0.03048	0.57717	0.02563	0.02352	0.02369	0.01819	0.00841	0.00639	0.00214	0.00536	0.03068	0.00589	0.00974
25	0.00966	0.00637	0.00805	0.00846	0.00933	0.00615	0.00581	0.01135	0.05110	0.03760	0.11324	0.35958	0.08327	0.10652	0.01295	0.11872	0.00422	0.01283	0.02958	0.00522
26	0.01473	0.00871	0.01080	0.00979	0.01237	0.00845	0.00760	0.01978	0.13829	0.19672	0.25514	0.10192	0.09188	0.03872	0.00804	0.00228	0.00430	0.05611	0.00674	0.00764
27	0.00906	0.00667	0.00769	0.00834	0.00870	0.02816	0.00539	0.00978	0.01103	0.01446	0.02670	0.35636	0.03120	0.37201	0.03943	0.00443	0.00552	0.04562	0.00479	0.00466
28	0.02298	0.01483	0.01656	0.01294	0.01742	0.01578	0.01050	0.46679	0.04940	0.18477	0.01965	0.02051	0.03661	0.07116	0.00852	0.00228	0.00639	0.00644	0.00645	0.01002
29	0.04208	0.01128	0.01311	0.00946	0.01500	0.00870	0.00759	0.01688	0.01334	0.06014	0.01194	0.01351	0.00965	0.00491	0.00476	0.00103	0.00474	0.00389	0.00399	0.74398
30	0.00984	0.00640	0.00834	0.00917	0.00996	0.00615	0.00661	0.01118	0.01233	0.05533	0.03031	0.37746	0.03444	0.20970	0.01427	0.00353	0.00492	0.17929	0.00547	0.00530
31	0.00906	0.00646	0.00875	0.00952	0.01029	0.00665	0.00711	0.01070	0.01166	0.01571	0.02672	0.23463	0.02969	0.19261	0.20362	0.00540	0.00820	0.19324	0.00479	0.00518
32	0.00820	0.00630	0.00753	0.00771	0.00922	0.00563	0.00569	0.01028	0.01529	0.02011	0.30682	0.20255	0.31349	0.01575	0.00766	0.00221	0.00333	0.04038	0.00630	0.00557
33	0.00996	0.00700	0.00819	0.00836	0.00897	0.00710	0.00543	0.04887	0.04572	0.01587	0.02486	0.25102	0.02819	0.45058	0.02175	0.00457	0.00542	0.03839	0.00477	0.00497
34	0.71848	0.04841	0.01151	0.01020	0.04743	0.04038	0.00784	0.01894	0.01132	0.02702	0.00901	0.01060	0.00713	0.00588	0.00411	0.00192	0.00535	0.00356	0.00381	0.00710
35	0.03778	0.01199	0.01307	0.01162	0.01408	0.07316	0.02432	0.15544	0.08812	0.04180	0.06678	0.10880	0.04487	0.05885	0.14891	0.05507	0.02504	0.00813	0.00499	0.00721
36	0.01555	0.05519	0.06335	0.12447	0.14652	0.03850	0.03620	0.03988	0.10502	0.11392	0.03157	0.16525	0.01850	0.00939	0.00658	0.00208	0.00654	0.00827	0.00477	0.00843
37	0.01272	0.03281	0.74418	0.01808	0.02746	0.01473	0.02344	0.02009	0.01339	0.02009	0.01138	0.01339	0.00804	0.00603	0.00603	0.00201	0.00938	0.00469	0.00268	0.00938
38	0.01272	0.03281	0.74418	0.01808	0.02746	0.01473	0.02344	0.02009	0.01339	0.02009	0.01138	0.01339	0.00804	0.00603	0.00603	0.00201	0.00938	0.00469	0.00268	0.00938
39	0.01477	0.01382	0.02316	0.03447	0.63344	0.01385	0.01736	0.01807	0.01373	0.01960	0.01299	0.01890	0.01169	0.09431	0.03103	0.00261	0.00766	0.00609	0.00323	0.00922
40	0.01497	0.01711	0.03743	0.02674	0.03316	0.01604	0.71444	0.02032	0.01497	0.02032	0.01283	0.01711	0.00963	0.00535	0.00749	0.00214	0.01070	0.00749	0.00321	0.00856
41	0.04463	0.11240	0.01989	0.05248	0.03519	0.17010	0.09838	0.07854	0.13336	0.02069	0.02045	0.06704	0.08828	0.00854	0.00651	0.00194	0.02216	0.00702	0.00440	0.00800
42	0.00841	0.00626	0.00782	0.00786	0.00924	0.00568	0.00573	0.01071	0.01598	0.02174	0.44616	0.21033	0.19051	0.01511	0.00762	0.00215	0.00319	0.01330	0.00652	0.00568
43	0.01486	0.06150	0.07647	0.01355	0.01760	0.01283	0.10479	0.07681	0.08485	0.08385	0.17172	0.04161	0.03895	0.03080	0.00835	0.00208	0.06380	0.00751	0.00507	0.08301
44	0.00840	0.00627	0.00780	0.00783	0.00922	0.00567	0.00572	0.01069	0.01597	0.02169	0.44155	0.20590	0.19976	0.01511	0.00762	0.00215	0.00319	0.01329	0.00652	0.00567
45	0.01306	0.09181	0.68811	0.01751	0.02658	0.01555	0.02245	0.02000	0.01335	0.01968	0.01118	0.01314	0.00804	0.00598	0.00587	0.00196	0.00917	0.00459	0.00268	0.00928
46	0.00797	0.00581	0.00755	0.00879	0.00950	0.00540	0.00616	0.00935	0.01280	0.01683	0.05892	0.60744	0.12021	0.01903	0.00807	0.00254	0.00380	0.07866	0.00592	0.00526
47	0.00917	0.00621	0.00731	0.00734	0.00748	0.00633	0.00436	0.00946	0.00941	0.01267	0.01999	0.05659	0.02267	0.67538	0.11468	0.00653	0.00734	0.00915	0.00384	0.00408
48	0.11297	0.03087	0.04645	0.01394	0.01892	0.03343	0.04493	0.39011	0.10168	0.09673	0.01594	0.01596	0.01143	0.00723	0.00602	0.00191	0.00669	0.00558	0.00571	0.03351
49	0.04244	0.28779	0.02379	0.06151	0.01992	0.35220	0.03261	0.02142	0.01493	0.01585	0.00950	0.01167	0.00820	0.00645	0.00638	0.00168	0.06889	0.00414	0.00303	0.00760
50	0.00917	0.00638	0.00810	0.00810	0.00850	0.00679	0.00531	0.00998	0.00957	0.01317	0.01891	0.03555	0.02048	0.51501	0.29080	0.00760	0.01005	0.00835	0.00368	0.00450
51	0.01157	0.02188	0.43573	0.03510	0.02098	0.01121	0.01644	0.01667	0.01386	0.04469	0.09093	0.15371	0.08074	0.01004	0.00668	0.00212	0.00707	0.00850	0.00411	0.00795
52	0.01419	0.29116	0.49866	0.01559	0.02360	0.01831	0.01909	0.01971	0.01322	0.01831	0.01050	0.01228	0.00807	0.00582	0.00535	0.00178	0.00848	0.00424	0.00269	0.00895

[dist]
# distance from previous block
# <min> <max>
0	1

[block]
# block no. 5 follows, 35 sequences, length 73
# corresponding to MSA columns:
# 254-301,356-380
name=unknown_F
#
# <colnr> <probs for GDERKNQSTAVLIFYWHMCP>
#	G	D	E	R	K	N	Q	S	T	A	V	L	I	F	Y	W	H	M	C	P
0	0.01499	0.04145	0.11536	0.09231	0.04590	0.01462	0.30804	0.04426	0.06771	0.04362	0.01353	0.01630	0.01020	0.00583	0.00645	0.00188	0.00842	0.00606	0.00367	0.13936
1	0.03984	0.01899	0.04519	0.01502	0.01893	0.22056	0.07965	0.16377	0.09574	0.06075	0.04844	0.02010	0.06193	0.00937	0.03095	0.00222	0.04902	0.00632	0.00478	0.00843
2	0.01402	0.01579	0.06276	0.03990	0.01903	0.09502	0.08135	0.01635	0.01173	0.01616	0.01296	0.04513	0.03618	0.01334	0.08054	0.00315	0.42000	0.00639	0.00315	0.00705
3	0.01366	0.01126	0.01321	0.00946	0.01507	0.00849	0.00758	0.01646	0.01332	0.04424	0.01172	0.01343	0.00960	0.00480	0.00475	0.00097	0.00472	0.00384	0.00389	0.78952
4	0.01075	0.00694	0.00869	0.00799	0.01000	0.00621	0.00608	0.01338	0.01719	0.10112	0.50657	0.04767	0.20705	0.01311	0.00737	0.00202	0.00330	0.01135	0.00683	0.00636
5	0.01578	0.01363	0.01434	0.01291	0.01650	0.01578	0.01004	0.03371	0.72602	0.02654	0.02582	0.02367	0.01937	0.00861	0.00646	0.00215	0.00502	0.00717	0.00646	0.01004
6	0.01647	0.58556	0.02789	0.01081	0.01562	0.04676	0.01020	0.07345	0.01466	0.01742	0.03142	0.03318	0.08013	0.00715	0.00480	0.00153	0.00646	0.00506	0.00349	0.00794
7	0.00997	0.00688	0.00812	0.00779	0.00988	0.00606	0.00603	0.01222	0.01597	0.08034	0.28670	0.05397	0.38853	0.01445	0.00750	0.00214	0.00353	0.06743	0.00642	0.00606
8	0.01015	0.05583	0.02984	0.01104	0.02957	0.00979	0.00854	0.01223	0.01072	0.01519	0.04704	0.02595	0.01741	0.13665	0.49136	0.00785	0.06452	0.00695	0.00350	0.00587
9	0.00851	0.00641	0.00787	0.00762	0.00922	0.00577	0.00567	0.01103	0.01669	0.02270	0.51574	0.09262	0.23852	0.01419	0.00752	0.00207	0.00309	0.01236	0.00663	0.00577
10	0.01332	0.03054	0.64818	0.01809	0.02687	0.01499	0.05501	0.04010	0.05551	0.02103	0.01240	0.01422	0.00885	0.00619	0.00613	0.00202	0.00912	0.00499	0.00303	0.00941
11	0.00778	0.00630	0.00692	0.00706	0.00882	0.00543	0.00518	0.00955	0.01470	0.01840	0.17343	0.16699	0.51503	0.01612	0.00759	0.00218	0.00325	0.01377	0.00608	0.00543
12	0.01448	0.01598	0.03350	0.05993	0.08731	0.01543	0.56732	0.01930	0.01450	0.01978	0.01368	0.05598	0.01123	0.00637	0.00783	0.00216	0.03580	0.00774	0.00331	0.00837
13	0.02192	0.01648	0.01759	0.01394	0.01857	0.01837	0.01137	0.54660	0.17788	0.03655	0.01768	0.01732	0.01281	0.00782	0.00630	0.00194	0.00642	0.00603	0.03394	0.01046
14	0.01287	0.01339	0.05469	0.46836	0.13391	0.01412	0.10307	0.01710	0.01318	0.01768	0.01216	0.03752	0.00977	0.00652	0.00676	0.00206	0.02506	0.00609	0.00303	0.04265
15	0.01350	0.07852	0.01883	0.05199	0.15383	0.04659	0.03173	0.01552	0.01206	0.01665	0.06584	0.02210	0.01551	0.15813	0.03078	0.00313	0.24833	0.00656	0.00341	0.00701
16	0.00900	0.00665	0.00756	0.00722	0.00925	0.00577	0.00546	0.01116	0.01592	0.05324	0.30959	0.05421	0.45309	0.01455	0.00744	0.00208	0.00323	0.01236	0.00638	0.00584
17	0.01352	0.02723	0.49261	0.02116	0.02949	0.01520	0.26941	0.02017	0.01396	0.02017	0.01190	0.01472	0.00860	0.00579	0.00655	0.00206	0.00985	0.00568	0.00287	0.00908
18	0.00860	0.00619	0.00722	0.00742	0.00822	0.00582	0.00490	0.00968	0.01236	0.01625	0.14662	0.16488	0.18507	0.34933	0.01848	0.00396	0.00461	0.03043	0.00517	0.00478
19	0.00906	0.00680	0.01020	0.01020	0.01133	0.00793	0.00793	0.01133	0.01020	0.01473	0.01699	0.02492	0.01586	0.04758	0.75191	0.01020	0.01699	0.00680	0.00340	0.00566
20	0.08882	0.01659	0.01783	0.01488	0.04962	0.01845	0.01165	0.52770	0.13011	0.03621	0.01612	0.01608	0.01169	0.00753	0.00616	0.00194	0.00654	0.00573	0.00602	0.01032
21	0.02320	0.01103	0.01395	0.01104	0.01517	0.01043	0.00898	0.15176	0.02007	0.44520	0.16315	0.02560	0.02355	0.00880	0.00652	0.00194	0.00512	0.00725	0.03758	0.00966
22	0.01664	0.01813	0.13687	0.01937	0.13918	0.03871	0.07457	0.16675	0.21314	0.02578	0.01929	0.02113	0.04450	0.00775	0.00652	0.00204	0.00718	0.02805	0.00485	0.00954
23	0.00815	0.00594	0.00753	0.00847	0.00925	0.00552	0.00591	0.00955	0.01295	0.01708	0.10457	0.48181	0.13717	0.08791	0.01023	0.00282	0.00395	0.07020	0.00580	0.00520
24	0.01246	0.01148	0.01806	0.14024	0.02155	0.01346	0.11310	0.03767	0.03297	0.01833	0.03850	0.12337	0.03428	0.01196	0.02641	0.00260	0.22672	0.08402	0.02589	0.00693
25	0.00782	0.00644	0.00688	0.00677	0.00877	0.00549	0.00507	0.00973	0.01522	0.01895	0.21059	0.05807	0.58745	0.01539	0.00749	0.00211	0.00317	0.01297	0.00613	0.00549
26	0.01819	0.08737	0.06578	0.01518	0.01907	0.22125	0.08127	0.10524	0.06249	0.05197	0.09664	0.01929	0.03376	0.00805	0.00772	0.00193	0.08613	0.00612	0.00439	0.00815
27	0.02846	0.01080	0.01472	0.01129	0.01619	0.00932	0.00932	0.03092	0.01816	0.74187	0.02503	0.02159	0.01570	0.00785	0.00638	0.00196	0.00540	0.00638	0.00785	0.01080
28	0.01549	0.11038	0.02225	0.01724	0.04149	0.10250	0.05554	0.01730	0.01151	0.01574	0.00894	0.01340	0.00842	0.00937	0.01578	0.00240	0.51680	0.00524	0.00286	0.00733
29	0.00862	0.00589	0.00710	0.00770	0.00785	0.00574	0.00467	0.00907	0.01041	0.01388	0.02607	0.33873	0.03074	0.46936	0.02246	0.00470	0.00515	0.01281	0.00467	0.00438
30	0.01882	0.01470	0.01580	0.01339	0.01744	0.01656	0.01072	0.26829	0.43287	0.05371	0.02247	0.02273	0.01702	0.00862	0.00651	0.00209	0.00574	0.03592	0.00644	0.01014
31	0.82186	0.01227	0.00932	0.00834	0.01227	0.01423	0.00687	0.01865	0.01080	0.02846	0.00883	0.01031	0.00687	0.00589	0.00393	0.00196	0.00491	0.00344	0.00393	0.00687
32	0.00774	0.00561	0.00732	0.00864	0.00916	0.00519	0.00581	0.00893	0.01246	0.01649	0.05458	0.70280	0.09300	0.01942	0.00804	0.00253	0.00363	0.01753	0.00592	0.00519
33	0.01198	0.01128	0.01903	0.76180	0.04369	0.01409	0.01762	0.01621	0.01268	0.01621	0.01128	0.01691	0.00846	0.00634	0.00634	0.00211	0.00846	0.00564	0.00282	0.00705
34	0.00945	0.00732	0.01077	0.01055	0.01155	0.00875	0.00821	0.01154	0.01011	0.01466	0.01645	0.02481	0.01560	0.07797	0.66161	0.00943	0.07535	0.00681	0.00337	0.00568
35	0.00797	0.00585	0.00718	0.00801	0.00884	0.00535	0.00544	0.00909	0.01266	0.01644	0.07863	0.47183	0.21031	0.08369	0.01052	0.02827	0.00380	0.01538	0.00568	0.00506
36	0.01002	0.00724	0.00994	0.01129	0.01280	0.00716	0.00982	0.01284	0.01459	0.01885	0.03587	0.07078	0.08849	0.01742	0.00867	0.00286	0.00565	0.64406	0.00585	0.00581
37	0.00932	0.00646	0.00778	0.00771	0.00789	0.00678	0.00477	0.00973	0.00940	0.01278	0.01920	0.03808	0.02150	0.63741	0.15030	0.00673	0.02748	0.00873	0.00374	0.00422
38	0.01741	0.01982	0.01822	0.01609	0.01745	0.30653	0.01283	0.01895	0.01300	0.01533	0.00951	0.01368	0.00879	0.01182	0.06526	0.00284	0.41738	0.00506	0.00301	0.00701
39	0.01076	0.00560	0.00807	0.00807	0.00807	0.00560	0.00526	0.00841	0.00841	0.01121	0.01234	0.02255	0.01279	0.13307	0.02590	0.69642	0.00560	0.00606	0.00291	0.00291
40	0.01315	0.01128	0.01315	0.00940	0.01503	0.00846	0.00752	0.01597	0.01315	0.02067	0.01128	0.01315	0.00940	0.00470	0.00470	0.00094	0.00470	0.00376	0.00376	0.81583
41	0.00950	0.00776	0.00962	0.01075	0.07053	0.00733	0.00739	0.01301	0.07111	0.02030	0.21232	0.10098	0.33296	0.01429	0.00749	0.00220	0.00398	0.08622	0.00596	0.00630
42	0.00849	0.00627	0.00771	0.00851	0.00936	0.00598	0.00589	0.01049	0.04509	0.01696	0.07798	0.44839	0.14037	0.12513	0.01135	0.00298	0.00410	0.05394	0.00569	0.00531
43	0.02412	0.01777	0.01904	0.01460	0.01967	0.01967	0.01206	0.71633	0.02983	0.03998	0.01523	0.01523	0.01079	0.00762	0.00635	0.00190	0.00698	0.00571	0.00635	0.01079
44	0.04970	0.01106	0.01454	0.01133	0.01611	0.00996	0.00931	0.03079	0.07244	0.66683	0.02464	0.02144	0.01574	0.00785	0.00632	0.00198	0.00536	0.00636	0.00763	0.01063
45	0.07610	0.00762	0.00858	0.00792	0.01044	0.00692	0.00608	0.01478	0.01499	0.16077	0.12418	0.11882	0.34138	0.01314	0.00686	0.00208	0.00378	0.01102	0.05792	0.00662
46	0.00835	0.00625	0.00757	0.00763	0.00897	0.00566	0.00547	0.01035	0.01516	0.02030	0.35655	0.19191	0.23833	0.07715	0.00962	0.00249	0.00344	0.01309	0.00622	0.00548
47	0.72419	0.01209	0.00999	0.00871	0.01275	0.01363	0.00717	0.02016	0.01170	0.11629	0.01083	0.01170	0.00796	0.00613	0.00423	0.00196	0.00497	0.00380	0.00441	0.00735
48	0.00777	0.00644	0.00681	0.00672	0.00874	0.00547	0.00504	0.00964	0.01511	0.01868	0.18861	0.05852	0.60960	0.01549	0.00749	0.00211	0.00317	0.01303	0.00609	0.00547
49	0.13580	0.01320	0.01393	0.01159	0.01541	0.01442	0.00931	0.28451	0.15852	0.07469	0.10881	0.04341	0.04651	0.00888	0.00619	0.00199	0.00535	0.00705	0.03146	0.00896
50	0.01707	0.01294	0.01400	0.01203	0.01545	0.01433	0.00934	0.18436	0.38290	0.07035	0.05010	0.02608	0.04458	0.10587	0.00977	0.00258	0.00549	0.00743	0.00618	0.00916
51	0.02242	0.02836	0.01707	0.01556	0.01874	0.69290	0.01167	0.02406	0.01770	0.01565	0.01409	0.01534	0.06532	0.00729	0.00586	0.00167	0.01079	0.00482	0.00347	0.00720
52	0.00806	0.00575	0.00774	0.00921	0.00972	0.00544	0.00646	0.00940	0.01247	0.01656	0.03478	0.68076	0.04124	0.01957	0.00818	0.00262	0.00396	0.10695	0.00588	0.00524
53	0.00928	0.00641	0.00726	0.00729	0.00760	0.00640	0.00434	0.01021	0.03691	0.01380	0.04957	0.09155	0.05801	0.63398	0.02763	0.00542	0.00569	0.01002	0.00429	0.00431
54	0.00903	0.00619	0.00710	0.00709	0.00743	0.00604	0.00425	0.00955	0.01076	0.01440	0.11308	0.06948	0.07351	0.60585	0.02674	0.00525	0.00548	0.01009	0.00444	0.00426
55	0.00767	0.00624	0.00679	0.00706	0.00878	0.00537	0.00514	0.00929	0.01426	0.01763	0.11377	0.20969	0.53301	0.01661	0.00762	0.00222	0.00329	0.01421	0.00598	0.00537
56	0.04303	0.00943	0.01183	0.01064	0.01354	0.00913	0.00830	0.07237	0.07549	0.28398	0.06860	0.26264	0.02773	0.01264	0.00709	0.00224	0.00482	0.06164	0.00668	0.00819
57	0.00826	0.00597	0.00742	0.00799	0.00876	0.00555	0.00540	0.00964	0.01318	0.01765	0.19248	0.38659	0.12697	0.15952	0.01241	0.00306	0.00393	0.01435	0.00575	0.00512
58	0.00844	0.00657	0.00770	0.00766	0.00935	0.00593	0.00571	0.01105	0.03561	0.02079	0.33734	0.13681	0.33717	0.01505	0.00756	0.00215	0.00329	0.02971	0.00636	0.00574
59	0.01122	0.00710	0.00760	0.00739	0.00878	0.00720	0.00522	0.04407	0.06619	0.02061	0.04884	0.08559	0.08462	0.20688	0.01245	0.00290	0.00418	0.00856	0.35482	0.00580
60	0.01214	0.00807	0.00987	0.00974	0.01177	0.00787	0.00749	0.05053	0.08716	0.10035	0.10970	0.27116	0.15445	0.01506	0.00759	0.00235	0.00435	0.11729	0.00629	0.00678
61	0.00770	0.00563	0.00725	0.00855	0.00913	0.00518	0.00576	0.00887	0.01242	0.01631	0.03847	0.68769	0.12492	0.01942	0.00803	0.00252	0.00362	0.01748	0.00589	0.00518
62	0.02264	0.01660	0.01789	0.01386	0.01857	0.01827	0.01139	0.64426	0.02848	0.03844	0.06889	0.01786	0.01459	0.00801	0.00638	0.00190	0.00657	0.00615	0.02896	0.01029
63	0.01065	0.00575	0.00863	0.00863	0.00884	0.00597	0.00597	0.00884	0.00863	0.01172	0.01214	0.02035	0.01193	0.02685	0.16183	0.66367	0.00767	0.00575	0.00288	0.00330
64	0.00952	0.00632	0.00891	0.00906	0.00994	0.00688	0.00670	0.01088	0.01067	0.01554	0.04119	0.11118	0.01984	0.06580	0.41866	0.13172	0.01126	0.00804	0.09277	0.00512
