[name]
unknown

[dist]
# distance from previous block
# <min> <max>
68	1012

[block]
# block no. 0 follows, 28 sequences, length 43
# corresponding to MSA columns:
# 1273-1315
name=unknown_A
#
# <colnr> <probs for GDERKNQSTAVLIFYWHMCP>
#	G	D	E	R	K	N	Q	S	T	A	V	L	I	F	Y	W	H	M	C	P
0	0.01965	0.07558	0.17688	0.02399	0.19677	0.05679	0.04663	0.02690	0.11941	0.12448	0.04821	0.02073	0.01582	0.00786	0.00708	0.00221	0.00842	0.00671	0.00503	0.01085
1	0.06647	0.10903	0.04339	0.01697	0.08614	0.01617	0.05493	0.11350	0.09813	0.08188	0.10274	0.08173	0.05253	0.01014	0.00716	0.00221	0.00672	0.00860	0.00591	0.03563
2	0.04152	0.10106	0.08924	0.02105	0.17124	0.07316	0.03556	0.05019	0.03759	0.09176	0.04868	0.08773	0.04799	0.00933	0.00700	0.00213	0.00771	0.00789	0.00501	0.06415
3	0.06498	0.07983	0.13265	0.02078	0.13218	0.07728	0.05414	0.08576	0.07473	0.08638	0.04582	0.01904	0.01454	0.00760	0.00676	0.00208	0.00831	0.00625	0.00494	0.07597
4	0.07973	0.11148	0.30428	0.01713	0.04822	0.01716	0.01782	0.06737	0.06103	0.12818	0.03776	0.01827	0.01352	0.00761	0.00657	0.00215	0.00827	0.00588	0.00486	0.04270
5	0.17528	0.04190	0.22217	0.02155	0.15865	0.04880	0.01767	0.08159	0.06770	0.04991	0.01458	0.01635	0.01102	0.00719	0.00643	0.00218	0.00836	0.00558	0.00443	0.03866
6	0.01725	0.01598	0.02502	0.03471	0.47805	0.04434	0.04357	0.02148	0.03734	0.04750	0.02082	0.11538	0.04767	0.00938	0.00757	0.00229	0.00798	0.00883	0.00448	0.01037
7	0.05631	0.01915	0.02372	0.02499	0.22981	0.02067	0.01618	0.44779	0.02787	0.03850	0.01599	0.01738	0.01192	0.00795	0.00713	0.00218	0.00810	0.00642	0.00603	0.01192
8	0.01773	0.01645	0.02591	0.03590	0.51656	0.01600	0.01892	0.04296	0.04486	0.02472	0.01431	0.01779	0.01184	0.00648	0.00685	0.00196	0.00786	0.00613	0.00401	0.16275
9	0.02904	0.01322	0.01792	0.01546	0.07465	0.01166	0.01154	0.06230	0.02039	0.53440	0.02500	0.02267	0.01632	0.00834	0.00706	0.00210	0.00637	0.00684	0.00790	0.10683
10	0.01440	0.04786	0.33893	0.01801	0.02476	0.01406	0.10003	0.02054	0.03674	0.05110	0.06710	0.16335	0.02319	0.01115	0.00778	0.00247	0.00855	0.03596	0.00473	0.00929
11	0.01446	0.01097	0.01271	0.01230	0.01457	0.01162	0.00908	0.14963	0.14632	0.02678	0.06273	0.42798	0.03687	0.01713	0.00848	0.00267	0.00524	0.01511	0.00703	0.00831
12	0.01644	0.01569	0.02670	0.29288	0.46305	0.01686	0.02154	0.02095	0.01582	0.02187	0.01340	0.01850	0.01085	0.00676	0.00722	0.00225	0.00902	0.00647	0.00346	0.01026
13	0.03122	0.01432	0.07011	0.01353	0.01955	0.01116	0.01193	0.03447	0.02038	0.65166	0.02747	0.02402	0.01732	0.00884	0.00728	0.00225	0.00654	0.00716	0.00854	0.01225
14	0.01495	0.03392	0.58772	0.05511	0.09039	0.01695	0.05496	0.02277	0.01550	0.02289	0.01317	0.01595	0.00951	0.00685	0.00702	0.00230	0.01058	0.00566	0.00315	0.01065
15	0.01373	0.01292	0.02180	0.72707	0.05006	0.01615	0.02019	0.01857	0.01453	0.01857	0.01292	0.01938	0.00969	0.00727	0.00727	0.00242	0.00969	0.00646	0.00323	0.00807
16	0.01373	0.01292	0.02180	0.72707	0.05006	0.01615	0.02019	0.01857	0.01453	0.01857	0.01292	0.01938	0.00969	0.00727	0.00727	0.00242	0.00969	0.00646	0.00323	0.00807
17	0.02932	0.01546	0.10741	0.01385	0.01995	0.01132	0.01266	0.03281	0.01982	0.58799	0.02706	0.05117	0.01800	0.00925	0.00733	0.00228	0.00671	0.00757	0.00813	0.01191
18	0.01399	0.01319	0.02203	0.02717	0.31511	0.01265	0.10098	0.01754	0.01665	0.02253	0.08380	0.11582	0.18424	0.01180	0.00806	0.00237	0.00702	0.01101	0.00506	0.00900
19	0.01716	0.01961	0.04289	0.03064	0.03799	0.01838	0.67279	0.02328	0.01716	0.02328	0.01471	0.01961	0.01103	0.00613	0.00858	0.00245	0.01225	0.00858	0.00368	0.00980
20	0.01481	0.07101	0.67546	0.02033	0.03086	0.01744	0.02618	0.02296	0.01532	0.02274	0.01291	0.01517	0.00921	0.00687	0.00680	0.00227	0.01060	0.00530	0.00307	0.01068
21	0.03169	0.01305	0.01827	0.01390	0.01961	0.01155	0.04089	0.06295	0.02123	0.64440	0.02755	0.02419	0.01743	0.00885	0.00737	0.00226	0.00654	0.00733	0.00868	0.01225
22	0.01727	0.05447	0.04266	0.02977	0.03707	0.01888	0.64123	0.02321	0.01704	0.02299	0.01449	0.01923	0.01095	0.00613	0.00839	0.00241	0.01204	0.00835	0.00365	0.00978
23	0.01373	0.01292	0.02180	0.72707	0.05006	0.01615	0.02019	0.01857	0.01453	0.01857	0.01292	0.01938	0.00969	0.00727	0.00727	0.00242	0.00969	0.00646	0.00323	0.00807
24	0.02843	0.01131	0.01538	0.01244	0.01714	0.00984	0.00999	0.03096	0.01959	0.58336	0.03068	0.15079	0.02330	0.01143	0.00766	0.00237	0.00584	0.00966	0.00860	0.01123
25	0.02981	0.01216	0.01696	0.07938	0.02114	0.01098	0.01140	0.03274	0.01992	0.61018	0.02771	0.05566	0.01854	0.00944	0.00739	0.00230	0.00643	0.00782	0.00836	0.01169
26	0.01799	0.01727	0.02950	0.04462	0.69919	0.01727	0.02231	0.02231	0.01655	0.02375	0.01367	0.01799	0.01151	0.00648	0.00720	0.00216	0.00864	0.00648	0.00360	0.01151
27	0.02467	0.01741	0.10348	0.01947	0.04540	0.01394	0.18635	0.05925	0.01939	0.36308	0.02278	0.05595	0.01613	0.00857	0.00768	0.00234	0.00837	0.00800	0.00657	0.01118
28	0.02031	0.01951	0.12706	0.02615	0.13201	0.01563	0.29330	0.02557	0.01784	0.18675	0.04857	0.02156	0.01513	0.00738	0.00783	0.00233	0.00963	0.00771	0.00505	0.01068
29	0.04267	0.01500	0.06478	0.01932	0.08426	0.01311	0.15364	0.07173	0.01884	0.18380	0.09789	0.13545	0.04470	0.01096	0.00794	0.00240	0.00744	0.01014	0.00620	0.00973
30	0.01732	0.01609	0.04604	0.02481	0.13278	0.01494	0.27443	0.05333	0.04767	0.07700	0.05937	0.10566	0.02092	0.00965	0.00812	0.00240	0.00877	0.03584	0.00514	0.03974
31	0.01893	0.01788	0.06920	0.04369	0.09815	0.08641	0.13553	0.04365	0.08745	0.11508	0.09976	0.05692	0.04283	0.00935	0.00763	0.00226	0.00821	0.00848	0.00558	0.04302
32	0.01773	0.10017	0.16570	0.02433	0.15455	0.01754	0.16707	0.06477	0.04196	0.05537	0.04379	0.02123	0.04279	0.00762	0.00723	0.00217	0.00897	0.00710	0.00441	0.04551
33	0.04701	0.02031	0.14035	0.03370	0.42792	0.03718	0.05426	0.02173	0.01638	0.02373	0.03402	0.02029	0.04155	0.00725	0.00711	0.00216	0.00870	0.00671	0.00384	0.04580
34	0.05504	0.01645	0.04888	0.01940	0.15359	0.07360	0.01312	0.13773	0.04983	0.06831	0.12464	0.08139	0.08020	0.01072	0.00745	0.00224	0.00695	0.00902	0.00595	0.03549
35	0.04567	0.10775	0.02538	0.05152	0.27137	0.01819	0.03466	0.09725	0.06459	0.13043	0.01856	0.02017	0.03336	0.00799	0.00767	0.00220	0.04059	0.00665	0.00513	0.01085
36	0.01864	0.04198	0.05384	0.02045	0.15788	0.01429	0.05490	0.04901	0.08539	0.12226	0.08206	0.04133	0.01945	0.00841	0.00748	0.00203	0.02739	0.00728	0.00550	0.18041
37	0.01930	0.01630	0.05107	0.04382	0.18942	0.04715	0.07901	0.02585	0.12006	0.14071	0.07160	0.02691	0.03723	0.00890	0.00747	0.00224	0.00764	0.03449	0.00567	0.06515
38	0.01820	0.04962	0.05109	0.05455	0.16885	0.07214	0.01418	0.10666	0.08944	0.04517	0.07625	0.07235	0.02045	0.04146	0.00844	0.00234	0.00750	0.00789	0.00528	0.08814
39	0.07642	0.01767	0.09875	0.01971	0.10875	0.03762	0.09916	0.09629	0.06030	0.10218	0.09454	0.04828	0.04020	0.00913	0.00729	0.00224	0.00760	0.00800	0.03562	0.03023
40	0.05039	0.03966	0.06343	0.01857	0.12189	0.06027	0.03064	0.09547	0.05022	0.15566	0.12048	0.02901	0.05253	0.00974	0.00734	0.00221	0.00715	0.03594	0.00614	0.04326
41	0.01866	0.03878	0.02383	0.02540	0.25179	0.01585	0.08160	0.07220	0.12590	0.07768	0.05244	0.02326	0.04278	0.00805	0.00719	0.00210	0.00742	0.00733	0.00530	0.11243
42	0.08525	0.01608	0.04222	0.01767	0.08659	0.01568	0.05789	0.16816	0.12159	0.12055	0.03992	0.04628	0.04746	0.00900	0.00709	0.00218	0.00694	0.00757	0.00620	0.09568

[dist]
# distance from previous block
# <min> <max>
3	38

[block]
# block no. 1 follows, 28 sequences, length 25
# corresponding to MSA columns:
# 1355-1379
name=unknown_B
#
# <colnr> <probs for GDERKNQSTAVLIFYWHMCP>
#	G	D	E	R	K	N	Q	S	T	A	V	L	I	F	Y	W	H	M	C	P
0	0.01797	0.01630	0.09607	0.02300	0.22187	0.01358	0.03434	0.08323	0.01911	0.11263	0.11423	0.03129	0.08295	0.00990	0.00757	0.00224	0.00715	0.04193	0.00566	0.05898
1	0.01628	0.01332	0.01869	0.05880	0.22742	0.01331	0.01370	0.04792	0.11431	0.05580	0.12969	0.03107	0.06196	0.00973	0.00737	0.00216	0.00638	0.03612	0.03289	0.10308
2	0.07371	0.01691	0.09274	0.01882	0.12405	0.01447	0.04247	0.10197	0.08743	0.06308	0.04322	0.06910	0.04798	0.00896	0.00695	0.00209	0.00696	0.00763	0.00537	0.16611
3	0.05145	0.04310	0.02040	0.02166	0.19388	0.06204	0.01392	0.17033	0.09660	0.07803	0.02435	0.02794	0.08111	0.04326	0.00864	0.00248	0.00749	0.03732	0.00576	0.01027
4	0.01809	0.01668	0.06085	0.04058	0.07915	0.06888	0.04281	0.11280	0.07886	0.07795	0.07934	0.04854	0.12916	0.01052	0.00802	0.00222	0.03174	0.00872	0.00581	0.07925
5	0.07858	0.04173	0.01975	0.02215	0.22893	0.01438	0.03231	0.02209	0.10808	0.06064	0.09807	0.03009	0.11834	0.00986	0.00778	0.00222	0.03182	0.00838	0.00542	0.05938
6	0.01902	0.01451	0.02055	0.09376	0.19584	0.03191	0.03803	0.06854	0.04399	0.13129	0.08675	0.05779	0.02015	0.00871	0.00721	0.00209	0.00717	0.00771	0.00553	0.13946
7	0.04375	0.08362	0.09903	0.01884	0.07012	0.04145	0.12356	0.12246	0.09145	0.02610	0.02014	0.02357	0.05715	0.07115	0.00958	0.00255	0.00831	0.00727	0.00485	0.07507
8	0.05527	0.09045	0.02276	0.07057	0.05295	0.23709	0.06782	0.11437	0.01998	0.05023	0.06974	0.05404	0.01698	0.00894	0.00765	0.00216	0.03804	0.00700	0.00483	0.00914
9	0.01767	0.13303	0.16278	0.01592	0.04743	0.01694	0.01469	0.12870	0.05662	0.05897	0.05275	0.09136	0.05022	0.01038	0.00781	0.00224	0.03888	0.03119	0.00528	0.05713
10	0.10795	0.01550	0.02092	0.08807	0.02238	0.04653	0.07467	0.01967	0.04238	0.02100	0.01247	0.01748	0.01079	0.01066	0.01594	0.02944	0.37144	0.00633	0.05833	0.00806
11	0.01612	0.01935	0.14974	0.26101	0.19609	0.06212	0.01956	0.02098	0.01631	0.04877	0.05288	0.02421	0.04206	0.00840	0.00736	0.00232	0.00904	0.03021	0.00407	0.00941
12	0.01203	0.00778	0.00996	0.00931	0.01128	0.00708	0.00694	0.01495	0.01932	0.08675	0.50345	0.09486	0.12118	0.05073	0.00989	0.00257	0.00392	0.01317	0.00772	0.00710
13	0.03793	0.04987	0.02869	0.12403	0.26546	0.15828	0.14351	0.04117	0.01735	0.02212	0.01302	0.01702	0.01053	0.00698	0.00773	0.00220	0.03423	0.00635	0.00368	0.00984
14	0.00916	0.00639	0.00846	0.00990	0.01041	0.00595	0.00664	0.01009	0.01370	0.01812	0.03979	0.63782	0.08478	0.02272	0.01086	0.06962	0.00436	0.01912	0.00644	0.00569
15	0.01053	0.00710	0.00819	0.00811	0.00836	0.00702	0.00477	0.01103	0.01204	0.01631	0.12194	0.04856	0.03264	0.63707	0.03281	0.00635	0.00651	0.01095	0.00493	0.00477
16	0.02193	0.02218	0.02698	0.06444	0.21081	0.18482	0.12904	0.16825	0.05210	0.02714	0.01479	0.01748	0.01150	0.00735	0.00731	0.00217	0.01010	0.00650	0.00461	0.01049
17	0.01590	0.01590	0.02226	0.01908	0.01908	0.02226	0.01590	0.01749	0.01113	0.01749	0.00954	0.01590	0.00954	0.01272	0.02385	0.00318	0.73123	0.00636	0.00318	0.00795
18	0.00886	0.00633	0.00843	0.01012	0.01054	0.00590	0.00675	0.01012	0.01392	0.01856	0.04006	0.73979	0.04808	0.02277	0.00928	0.00295	0.00422	0.02066	0.00675	0.00590
19	0.01240	0.01298	0.09758	0.01484	0.04583	0.01185	0.01237	0.04397	0.01396	0.02014	0.06474	0.04950	0.02024	0.03732	0.43736	0.00806	0.07695	0.00804	0.00424	0.00761
20	0.05295	0.07756	0.02225	0.07808	0.04641	0.01762	0.10212	0.08500	0.15012	0.02536	0.05065	0.02544	0.05908	0.04154	0.01067	0.00259	0.10320	0.00779	0.03234	0.00922
21	0.01977	0.09840	0.28137	0.01779	0.06460	0.05829	0.01750	0.05450	0.01728	0.14545	0.01613	0.01823	0.01208	0.04095	0.00795	0.00224	0.00867	0.00575	0.00462	0.10841
22	0.05422	0.06471	0.02291	0.20751	0.13439	0.08117	0.06029	0.04763	0.06801	0.06390	0.01672	0.05288	0.01407	0.04420	0.00913	0.00253	0.03483	0.00720	0.00446	0.00925
23	0.05602	0.08013	0.10072	0.02054	0.15652	0.04438	0.03760	0.08738	0.07430	0.02468	0.01737	0.05448	0.01540	0.09251	0.01074	0.00272	0.03186	0.00720	0.04022	0.04521
24	0.01983	0.13494	0.11041	0.02124	0.13685	0.10101	0.06829	0.08366	0.04724	0.07520	0.01690	0.05535	0.01437	0.05315	0.00871	0.00241	0.00881	0.00695	0.00462	0.03008

[dist]
# distance from previous block
# <min> <max>
1	24

[block]
# block no. 2 follows, 28 sequences, length 94
# corresponding to MSA columns:
# 1404-1444,1454-1506
name=unknown_C
#
# <colnr> <probs for GDERKNQSTAVLIFYWHMCP>
#	G	D	E	R	K	N	Q	S	T	A	V	L	I	F	Y	W	H	M	C	P
0	0.06963	0.04665	0.04518	0.01547	0.07845	0.12729	0.02830	0.01825	0.04050	0.02262	0.15049	0.19787	0.10419	0.01342	0.00771	0.00236	0.00669	0.01146	0.00566	0.00783
1	0.04342	0.01213	0.01154	0.01052	0.01330	0.08570	0.00782	0.06056	0.01707	0.05050	0.07457	0.10570	0.22728	0.13682	0.01264	0.00305	0.00604	0.03093	0.00590	0.08452
2	0.01664	0.05233	0.01559	0.01387	0.07124	0.01193	0.00999	0.12031	0.02005	0.09991	0.16387	0.08029	0.15610	0.02965	0.00839	0.00234	0.00560	0.03794	0.00659	0.07737
3	0.05993	0.01620	0.01389	0.01277	0.01563	0.18908	0.00974	0.08747	0.01981	0.02541	0.21733	0.13022	0.06626	0.01420	0.02962	0.00255	0.00732	0.03715	0.00609	0.03933
4	0.04547	0.10269	0.02120	0.01607	0.02017	0.32403	0.03893	0.07917	0.01882	0.02176	0.04371	0.01749	0.01348	0.01316	0.08932	0.00303	0.03811	0.00566	0.00424	0.08348
5	0.02260	0.01960	0.08885	0.01746	0.07256	0.04531	0.01413	0.29279	0.05612	0.09792	0.03612	0.01882	0.01412	0.00791	0.00687	0.00198	0.00760	0.00624	0.00603	0.16699
6	0.05323	0.04756	0.05452	0.02032	0.07047	0.23531	0.10298	0.11786	0.04836	0.04574	0.01576	0.05996	0.01330	0.00866	0.00812	0.00220	0.05481	0.00687	0.00469	0.02929
7	0.00936	0.00715	0.00858	0.00890	0.01047	0.00649	0.00646	0.01149	0.01659	0.02171	0.23116	0.23158	0.29035	0.04937	0.03627	0.00309	0.00455	0.03330	0.00689	0.00624
8	0.01590	0.01590	0.02226	0.01908	0.01908	0.02226	0.01590	0.01749	0.01113	0.01749	0.00954	0.01590	0.00954	0.01272	0.02385	0.00318	0.73123	0.00636	0.00318	0.00795
9	0.01468	0.01247	0.01466	0.01084	0.01686	0.00948	0.00865	0.01783	0.01509	0.02339	0.01504	0.04885	0.01353	0.00668	0.00572	0.00124	0.00538	0.02906	0.00450	0.72605
10	0.03059	0.01547	0.04605	0.01424	0.02012	0.01403	0.01215	0.20175	0.02407	0.50494	0.02512	0.02246	0.01617	0.00884	0.00728	0.00223	0.00684	0.00703	0.00831	0.01230
11	0.00912	0.00732	0.00774	0.00767	0.00964	0.00637	0.00551	0.01086	0.01609	0.01991	0.14165	0.06443	0.51138	0.13500	0.01317	0.00317	0.00419	0.01430	0.00653	0.00595
12	0.01361	0.00898	0.01069	0.00986	0.01252	0.00843	0.00752	0.01838	0.09852	0.11647	0.29439	0.09871	0.24350	0.01508	0.00832	0.00240	0.00421	0.01295	0.00760	0.00787
13	0.01558	0.01481	0.02515	0.37956	0.28380	0.01645	0.05641	0.02092	0.04440	0.02136	0.01505	0.02176	0.01227	0.00755	0.00743	0.00237	0.00916	0.03275	0.00371	0.00952
14	0.00886	0.00633	0.00843	0.01012	0.01054	0.00590	0.00675	0.01012	0.01392	0.01856	0.04006	0.73979	0.04808	0.02277	0.00928	0.00295	0.00422	0.02066	0.00675	0.00590
15	0.75253	0.01399	0.01130	0.04933	0.01605	0.01630	0.00855	0.02121	0.01249	0.03184	0.01028	0.01223	0.00797	0.00678	0.00465	0.00226	0.00585	0.00408	0.00443	0.00788
16	0.01401	0.01168	0.07359	0.01150	0.01474	0.00955	0.00988	0.01968	0.09967	0.10203	0.36093	0.07683	0.09361	0.01386	0.00828	0.00242	0.00495	0.05717	0.00736	0.00828
17	0.01719	0.01951	0.04235	0.03120	0.06472	0.01834	0.64650	0.02324	0.01713	0.02330	0.01466	0.01954	0.01105	0.00614	0.00852	0.00244	0.01211	0.00849	0.00367	0.00987
18	0.01024	0.00765	0.01138	0.01154	0.01276	0.00879	0.00887	0.01272	0.01189	0.01703	0.02137	0.09407	0.02093	0.05159	0.65066	0.01088	0.01807	0.00897	0.00416	0.00644
19	0.03087	0.01505	0.03871	0.01408	0.01990	0.01373	0.01192	0.18928	0.02387	0.52506	0.02550	0.02270	0.01637	0.00887	0.00729	0.00223	0.00676	0.00707	0.00840	0.01232
20	0.02122	0.04622	0.12570	0.02429	0.16154	0.12657	0.08604	0.20480	0.04988	0.02858	0.01516	0.01750	0.01169	0.00944	0.03691	0.00257	0.01014	0.00632	0.00473	0.01070
21	0.08373	0.01679	0.02467	0.31221	0.29505	0.07443	0.04854	0.02133	0.01575	0.02192	0.01291	0.01769	0.01027	0.00688	0.00700	0.00226	0.00933	0.00620	0.00354	0.00949
22	0.01564	0.01112	0.01384	0.01383	0.07071	0.01117	0.00971	0.04966	0.16553	0.10407	0.31453	0.04243	0.12262	0.01260	0.00801	0.00233	0.00490	0.01086	0.00743	0.00902
23	0.00940	0.00743	0.00848	0.00833	0.01046	0.00652	0.00632	0.01193	0.01817	0.02350	0.31879	0.06426	0.41907	0.01707	0.00865	0.00243	0.00371	0.04179	0.00724	0.00645
24	0.01270	0.00901	0.01176	0.01203	0.04502	0.00876	0.00852	0.05216	0.04935	0.05652	0.41047	0.18516	0.05336	0.01543	0.00853	0.00246	0.00444	0.03924	0.00747	0.00763
25	0.79588	0.01406	0.01068	0.00956	0.01406	0.01631	0.00787	0.02137	0.01237	0.03261	0.01012	0.01181	0.00787	0.00675	0.00450	0.00225	0.00562	0.00394	0.00450	0.00787
26	0.05991	0.01852	0.01982	0.01538	0.02079	0.02031	0.01266	0.55696	0.03093	0.08019	0.01827	0.01841	0.01300	0.00863	0.00697	0.00215	0.00742	0.00649	0.07145	0.01171
27	0.02637	0.03315	0.02136	0.02095	0.08052	0.65547	0.01475	0.02845	0.02025	0.01830	0.01145	0.01353	0.00955	0.00740	0.00661	0.00190	0.01272	0.00484	0.00373	0.00869
28	0.03188	0.01354	0.01760	0.01349	0.01914	0.01243	0.01114	0.12937	0.02277	0.60751	0.02703	0.02367	0.01717	0.00896	0.00730	0.00224	0.00645	0.00720	0.00874	0.01237
29	0.01450	0.01333	0.02180	0.68770	0.04854	0.01650	0.01983	0.05495	0.01562	0.02008	0.01317	0.01927	0.00984	0.00735	0.00727	0.00241	0.00960	0.00646	0.00345	0.00831
30	0.01435	0.00701	0.00720	0.00703	0.00889	0.00694	0.00532	0.01772	0.01548	0.05561	0.02392	0.02700	0.01860	0.00849	0.00518	0.00172	0.00351	0.00680	0.75223	0.00701
31	0.00941	0.00726	0.00921	0.03941	0.01226	0.00687	0.00716	0.01155	0.01593	0.02095	0.18364	0.30849	0.24135	0.02179	0.06717	0.00336	0.00538	0.01585	0.00663	0.00631
32	0.07873	0.01247	0.01650	0.01273	0.01828	0.01102	0.01051	0.03458	0.02030	0.66365	0.02756	0.02396	0.01738	0.00886	0.00714	0.00225	0.00615	0.00711	0.00873	0.01210
33	0.00961	0.00668	0.00838	0.00944	0.00975	0.00643	0.00608	0.01049	0.01279	0.01703	0.03361	0.45551	0.03977	0.29129	0.01963	0.00449	0.00537	0.04242	0.00587	0.00538
34	0.00895	0.00639	0.00855	0.01023	0.01070	0.00599	0.00692	0.01029	0.01401	0.01866	0.04001	0.71757	0.04787	0.02268	0.00930	0.00297	0.00430	0.04193	0.00675	0.00593
35	0.02518	0.10974	0.02219	0.04668	0.07927	0.19875	0.01365	0.05691	0.01889	0.24512	0.01756	0.01842	0.01287	0.00995	0.03445	0.00249	0.06624	0.00601	0.00548	0.01015
36	0.03053	0.01241	0.01653	0.01292	0.01825	0.01110	0.01058	0.03475	0.07252	0.62297	0.05726	0.02619	0.02048	0.00931	0.00737	0.00227	0.00603	0.00763	0.00883	0.01207
37	0.00957	0.00695	0.00912	0.01022	0.01126	0.00650	0.00745	0.01163	0.01588	0.02124	0.17213	0.44844	0.10196	0.02044	0.00920	0.00284	0.00441	0.11753	0.00699	0.00624
38	0.01827	0.01847	0.02838	0.11638	0.48143	0.08030	0.07457	0.02328	0.04555	0.02288	0.01414	0.01823	0.01153	0.00677	0.00727	0.00220	0.00933	0.00656	0.00374	0.01071
39	0.01620	0.04497	0.08123	0.02532	0.12662	0.01657	0.28276	0.05001	0.01700	0.02342	0.02137	0.02843	0.07050	0.00921	0.00916	0.00245	0.06279	0.06546	0.03714	0.00938
40	0.00987	0.00708	0.00950	0.01051	0.01158	0.00670	0.00781	0.01221	0.01647	0.02235	0.23306	0.40058	0.05283	0.01988	0.00923	0.00284	0.00450	0.14955	0.00711	0.00635
41	0.00963	0.00765	0.00869	0.00854	0.01063	0.00688	0.00636	0.01279	0.04502	0.02357	0.30316	0.11129	0.38554	0.01705	0.00859	0.00243	0.00371	0.01462	0.00725	0.00661
42	0.01808	0.04516	0.09381	0.15928	0.10415	0.15065	0.11049	0.02222	0.01658	0.04581	0.01634	0.04154	0.01431	0.00905	0.00865	0.00240	0.06008	0.06831	0.00404	0.00904
43	0.02013	0.68600	0.03662	0.01290	0.01899	0.05732	0.01257	0.05158	0.01589	0.01843	0.01049	0.01198	0.00947	0.00639	0.00486	0.00160	0.00801	0.00404	0.00332	0.00943
44	0.01031	0.00720	0.00917	0.00936	0.00982	0.00756	0.00615	0.01128	0.01131	0.01549	0.02381	0.12188	0.02634	0.44388	0.24717	0.00803	0.01062	0.01087	0.00452	0.00523
45	0.01402	0.03008	0.50688	0.01905	0.02776	0.01523	0.07138	0.02177	0.04326	0.02360	0.08008	0.02428	0.07359	0.00866	0.00734	0.00233	0.00940	0.00727	0.00405	0.00996
46	0.01707	0.01337	0.01596	0.13867	0.02269	0.01516	0.01201	0.05851	0.36563	0.06499	0.05359	0.09194	0.02333	0.01060	0.00742	0.00242	0.00617	0.00903	0.06150	0.00995
47	0.01507	0.01292	0.01507	0.01077	0.01723	0.00969	0.00861	0.01830	0.01507	0.02369	0.01292	0.01507	0.01077	0.00538	0.00538	0.00108	0.00538	0.00431	0.00431	0.78898
48	0.02149	0.01441	0.01778	0.01343	0.01914	0.01315	0.03807	0.18284	0.02125	0.17301	0.04800	0.04897	0.01671	0.00811	0.00668	0.00178	0.00635	0.00672	0.00626	0.33585
49	0.01737	0.02413	0.20524	0.03272	0.28430	0.05621	0.22746	0.02317	0.01666	0.02309	0.01370	0.01756	0.01066	0.00653	0.00752	0.00227	0.01056	0.00676	0.00350	0.01061
50	0.02108	0.01588	0.02669	0.03021	0.32468	0.01546	0.13235	0.02672	0.07927	0.19155	0.02008	0.05003	0.01549	0.00801	0.00757	0.00229	0.00823	0.00779	0.00542	0.01120
51	0.01587	0.25087	0.47692	0.01775	0.02676	0.02006	0.02170	0.02226	0.01538	0.02148	0.03984	0.01582	0.01165	0.00702	0.00630	0.00208	0.00955	0.00524	0.00328	0.01016
52	0.01057	0.00705	0.00793	0.00793	0.00793	0.00705	0.00440	0.01057	0.01057	0.01409	0.02290	0.04757	0.02643	0.74454	0.03700	0.00705	0.00705	0.01057	0.00440	0.00440
53	0.11523	0.01488	0.01518	0.01276	0.01688	0.03909	0.01022	0.23591	0.12532	0.08187	0.05212	0.02478	0.05055	0.01119	0.03544	0.00255	0.00672	0.00728	0.13215	0.00987
54	0.01373	0.01292	0.02180	0.72707	0.05006	0.01615	0.02019	0.01857	0.01453	0.01857	0.01292	0.01938	0.00969	0.00727	0.00727	0.00242	0.00969	0.00646	0.00323	0.00807
55	0.38973	0.01556	0.04229	0.01231	0.01706	0.01632	0.01047	0.18871	0.01882	0.08885	0.01663	0.01815	0.03171	0.01334	0.08816	0.00333	0.00803	0.00573	0.00552	0.00930
56	0.00917	0.00646	0.00834	0.00972	0.01007	0.00611	0.00632	0.01020	0.01331	0.01774	0.03694	0.61365	0.04413	0.15430	0.01433	0.00370	0.00473	0.01883	0.00632	0.00563
57	0.01496	0.09364	0.65419	0.02007	0.03045	0.01782	0.02572	0.02292	0.01530	0.02255	0.01281	0.01506	0.00922	0.00685	0.00673	0.00224	0.01051	0.00525	0.00307	0.01063
58	0.02554	0.01733	0.07709	0.01493	0.02055	0.01606	0.01299	0.22068	0.16429	0.28130	0.05437	0.02364	0.01877	0.00919	0.00734	0.00228	0.00689	0.00738	0.00760	0.01180
59	0.01881	0.01819	0.13437	0.04659	0.02192	0.03159	0.04098	0.13961	0.06651	0.11126	0.09820	0.04772	0.02221	0.03686	0.03649	0.00294	0.07477	0.03545	0.00583	0.00969
60	0.00902	0.00665	0.00847	0.00970	0.01060	0.00610	0.00672	0.01062	0.01497	0.01968	0.09718	0.55301	0.15646	0.02134	0.00913	0.00283	0.00415	0.04046	0.00685	0.00604
61	0.02025	0.01855	0.02915	0.02662	0.16850	0.07662	0.25502	0.10511	0.03780	0.08850	0.04555	0.02263	0.03220	0.02977	0.00865	0.00242	0.00957	0.00784	0.00498	0.01027
62	0.01920	0.02272	0.16858	0.02041	0.11565	0.11364	0.01663	0.10057	0.06584	0.05563	0.04441	0.01911	0.01433	0.01000	0.03688	0.00253	0.06611	0.00624	0.00469	0.09683
63	0.02145	0.01606	0.01646	0.01363	0.01723	0.07221	0.01098	0.29728	0.02351	0.06034	0.02066	0.02225	0.04156	0.00941	0.00850	0.00214	0.08921	0.00683	0.24070	0.00961
64	0.01338	0.01033	0.03398	0.01338	0.04249	0.00937	0.03834	0.01799	0.06763	0.07808	0.28065	0.11566	0.09190	0.01511	0.00864	0.00258	0.00537	0.14017	0.00706	0.00789
65	0.02346	0.15300	0.16856	0.01734	0.05003	0.15096	0.01586	0.08562	0.06211	0.17892	0.01722	0.01746	0.01247	0.00771	0.00661	0.00207	0.00898	0.00575	0.00523	0.01065
66	0.01144	0.00906	0.01254	0.01196	0.01265	0.01091	0.00899	0.01311	0.01126	0.01619	0.01864	0.03168	0.01896	0.24417	0.39550	0.00881	0.14573	0.00832	0.00391	0.00616
67	0.00886	0.00633	0.00843	0.01012	0.01054	0.00590	0.00675	0.01012	0.01392	0.01856	0.04006	0.73979	0.04808	0.02277	0.00928	0.00295	0.00422	0.02066	0.00675	0.00590
68	0.01810	0.07098	0.03016	0.02211	0.02615	0.08783	0.27355	0.05691	0.01582	0.02090	0.01251	0.01744	0.01054	0.01008	0.01426	0.07493	0.21854	0.00690	0.00365	0.00863
69	0.04151	0.01556	0.02266	0.09449	0.22640	0.03967	0.06237	0.06098	0.04812	0.05325	0.01894	0.05302	0.04515	0.05969	0.01202	0.00276	0.12163	0.00787	0.00451	0.00940
70	0.01337	0.00737	0.00795	0.00794	0.00971	0.00762	0.00609	0.01749	0.04683	0.02599	0.02422	0.02970	0.01979	0.01369	0.07690	0.00281	0.00527	0.03564	0.63467	0.00697
71	0.01373	0.01292	0.02180	0.72707	0.05006	0.01615	0.02019	0.01857	0.01453	0.01857	0.01292	0.01938	0.00969	0.00727	0.00727	0.00242	0.00969	0.00646	0.00323	0.00807
72	0.01574	0.01477	0.04951	0.01248	0.01909	0.01118	0.03939	0.04594	0.03514	0.02473	0.01367	0.01573	0.01110	0.00575	0.00573	0.00128	0.00606	0.00475	0.00443	0.66354
73	0.01188	0.00893	0.01084	0.01063	0.01230	0.00876	0.00764	0.07382	0.01595	0.02161	0.07039	0.35582	0.08667	0.13388	0.01364	0.00331	0.03219	0.03703	0.00613	0.07858
74	0.06327	0.01441	0.01750	0.01355	0.01900	0.01406	0.01117	0.21270	0.02391	0.45901	0.02450	0.02226	0.01601	0.00880	0.00707	0.00220	0.00653	0.00692	0.04520	0.01191
75	0.01228	0.00788	0.01029	0.00943	0.01153	0.00719	0.00716	0.01560	0.02046	0.09100	0.61206	0.05213	0.08602	0.01445	0.00846	0.00229	0.00369	0.01269	0.00805	0.00734
76	0.02730	0.02019	0.02163	0.01666	0.02241	0.02239	0.01373	0.65256	0.05712	0.04527	0.01788	0.01779	0.01271	0.00877	0.00728	0.00219	0.00792	0.00660	0.00728	0.01233
77	0.01186	0.00917	0.01408	0.01391	0.01612	0.00891	0.07139	0.01548	0.01774	0.02375	0.20103	0.06930	0.04571	0.01749	0.00954	0.00300	0.00639	0.43138	0.00674	0.00702
78	0.01682	0.01581	0.04787	0.01654	0.02101	0.01603	0.12391	0.10492	0.28435	0.02848	0.09092	0.03191	0.10216	0.02961	0.00916	0.00255	0.03244	0.00926	0.00633	0.00991
79	0.02715	0.03464	0.02060	0.01873	0.02247	0.71536	0.01404	0.02903	0.02060	0.01779	0.01124	0.01311	0.00936	0.00749	0.00655	0.00187	0.01311	0.00468	0.00375	0.00843
80	0.03161	0.01215	0.01655	0.01276	0.01821	0.01051	0.01051	0.03444	0.02079	0.67373	0.05879	0.02608	0.02028	0.00926	0.00737	0.00225	0.00606	0.00757	0.00895	0.01212
81	0.00953	0.00706	0.00948	0.01029	0.01116	0.00701	0.00730	0.01142	0.01489	0.02033	0.16093	0.46203	0.07464	0.02524	0.10817	0.00403	0.02696	0.01681	0.00648	0.00623
82	0.01621	0.01549	0.02614	0.31400	0.41256	0.01704	0.02119	0.02062	0.01552	0.02143	0.01320	0.01845	0.01071	0.00706	0.00794	0.00231	0.04025	0.00647	0.00343	0.01000
83	0.01530	0.01526	0.02090	0.01790	0.01899	0.06173	0.06558	0.01740	0.01229	0.01768	0.01275	0.02016	0.01225	0.05535	0.16610	0.00499	0.44734	0.00693	0.00346	0.00765
84	0.00941	0.00693	0.00799	0.00850	0.00947	0.00640	0.00560	0.01052	0.01391	0.01786	0.07270	0.27482	0.24091	0.26077	0.01824	0.00413	0.00496	0.01536	0.00602	0.00552
85	0.01722	0.01650	0.02815	0.13467	0.54622	0.01696	0.04779	0.02216	0.03704	0.02318	0.01473	0.02014	0.01234	0.00702	0.00734	0.00225	0.00879	0.02287	0.00375	0.01086
86	0.01445	0.01222	0.01583	0.10741	0.02004	0.06680	0.05221	0.04267	0.04280	0.01913	0.02162	0.14407	0.02220	0.05686	0.01567	0.18190	0.06153	0.09125	0.00469	0.00667
87	0.01493	0.01513	0.02800	0.02441	0.11869	0.01517	0.29670	0.01992	0.04346	0.02274	0.09060	0.02949	0.09756	0.01337	0.07035	0.00325	0.07346	0.00926	0.00459	0.00894
88	0.01027	0.00777	0.00970	0.01073	0.01211	0.00755	0.00801	0.01381	0.07287	0.02086	0.07172	0.40409	0.14897	0.02007	0.00914	0.00289	0.00475	0.15123	0.00684	0.00663
89	0.01909	0.01411	0.01646	0.07518	0.02062	0.01579	0.01192	0.10154	0.33433	0.10726	0.02844	0.05364	0.05088	0.01086	0.00822	0.00247	0.03674	0.04362	0.03847	0.01037
90	0.01710	0.02015	0.07108	0.02910	0.03639	0.01829	0.59836	0.02432	0.06285	0.02376	0.01565	0.01993	0.01171	0.00642	0.00842	0.00245	0.01174	0.00841	0.00390	0.00996
91	0.01052	0.00986	0.06679	0.01098	0.01273	0.00786	0.00856	0.04824	0.01542	0.02068	0.06555	0.51736	0.09026	0.06615	0.01066	0.00305	0.00507	0.01726	0.00638	0.00662
92	0.01901	0.10446	0.04988	0.01664	0.08795	0.12769	0.01258	0.08458	0.01794	0.02409	0.01284	0.01489	0.01054	0.00632	0.00592	0.00153	0.00771	0.00480	0.00424	0.38639
93	0.09870	0.03847	0.01769	0.01450	0.01906	0.15137	0.01151	0.17644	0.19939	0.07573	0.02149	0.02123	0.03991	0.00876	0.00670	0.00213	0.00755	0.00660	0.03895	0.04380

[dist]
# distance from previous block
# <min> <max>
0	2

[block]
# block no. 3 follows, 28 sequences, length 62
# corresponding to MSA columns:
# 1509-1570
name=unknown_D
#
# <colnr> <probs for GDERKNQSTAVLIFYWHMCP>
#	G	D	E	R	K	N	Q	S	T	A	V	L	I	F	Y	W	H	M	C	P
0	0.02242	0.06446	0.04725	0.04196	0.04859	0.05339	0.04333	0.28191	0.05998	0.07784	0.01654	0.01749	0.01229	0.00755	0.00672	0.00194	0.00782	0.00599	0.00572	0.17680
1	0.01759	0.50351	0.23961	0.01481	0.02222	0.02428	0.01658	0.02182	0.01518	0.01938	0.03859	0.01449	0.01168	0.00678	0.00550	0.00181	0.00850	0.00471	0.00329	0.00966
2	0.01945	0.09053	0.07444	0.01644	0.04938	0.11891	0.03060	0.12720	0.14583	0.04876	0.04877	0.06329	0.04947	0.05576	0.00943	0.00253	0.02603	0.00799	0.00554	0.00964
3	0.01521	0.17996	0.48628	0.01840	0.02724	0.01844	0.04409	0.02178	0.01541	0.02182	0.03906	0.05284	0.01345	0.00784	0.00669	0.00219	0.00959	0.00624	0.00347	0.01003
4	0.02281	0.01323	0.02052	0.02185	0.19102	0.01249	0.06011	0.04775	0.01837	0.31930	0.02474	0.13154	0.02026	0.01272	0.04626	0.00286	0.00772	0.00922	0.00657	0.01067
5	0.01713	0.01712	0.04867	0.16488	0.56387	0.01706	0.02207	0.02167	0.01616	0.02281	0.01352	0.01816	0.01112	0.00663	0.00720	0.00221	0.00889	0.00644	0.00352	0.01088
6	0.08097	0.06030	0.18029	0.04779	0.08390	0.11888	0.05851	0.08432	0.05980	0.07537	0.03735	0.04975	0.01474	0.00832	0.00695	0.00222	0.00900	0.00676	0.00478	0.00999
7	0.05907	0.01505	0.02114	0.09552	0.30568	0.03857	0.01605	0.05102	0.07496	0.02433	0.01990	0.08727	0.04006	0.00947	0.00821	0.00232	0.05363	0.00807	0.06003	0.00965
8	0.00880	0.00655	0.00820	0.00953	0.01039	0.00595	0.00648	0.01019	0.01449	0.01879	0.04730	0.59539	0.18781	0.02183	0.00913	0.00284	0.00410	0.01952	0.00675	0.00595
9	0.06119	0.01274	0.03864	0.05508	0.01843	0.04902	0.07435	0.05177	0.01686	0.09480	0.05229	0.19573	0.08807	0.05790	0.00961	0.00275	0.00667	0.04364	0.06255	0.00791
10	0.01937	0.22905	0.24162	0.04191	0.05551	0.13983	0.01825	0.04437	0.01652	0.04459	0.01232	0.01465	0.00983	0.00748	0.00784	0.00209	0.07633	0.00513	0.00358	0.00975
11	0.01838	0.03716	0.06022	0.01455	0.08119	0.01087	0.01062	0.04666	0.01728	0.19845	0.16820	0.03318	0.02836	0.14827	0.01509	0.08174	0.00642	0.00874	0.00616	0.00847
12	0.00859	0.00736	0.00736	0.00736	0.00982	0.00614	0.00552	0.01043	0.01657	0.01964	0.07364	0.06996	0.69624	0.01841	0.00859	0.00245	0.00368	0.01534	0.00675	0.00614
13	0.01859	0.62484	0.15475	0.01388	0.02089	0.02669	0.01495	0.02198	0.01487	0.01813	0.01062	0.01230	0.00931	0.00634	0.00506	0.00169	0.00829	0.00415	0.00310	0.00958
14	0.01783	0.04896	0.01932	0.06001	0.02186	0.01819	0.05418	0.06017	0.51896	0.02882	0.02790	0.02670	0.04550	0.00958	0.00738	0.00241	0.00652	0.00814	0.00667	0.01091
15	0.01038	0.00779	0.01168	0.01168	0.01298	0.00909	0.00909	0.01298	0.01168	0.01687	0.01947	0.02856	0.01817	0.05452	0.71573	0.01168	0.01947	0.00779	0.00389	0.00649
16	0.01118	0.00790	0.00865	0.00830	0.01098	0.00673	0.00640	0.01330	0.01726	0.08696	0.10978	0.06505	0.55798	0.01733	0.00853	0.00246	0.00405	0.04331	0.00705	0.00682
17	0.01732	0.02156	0.18006	0.25888	0.03392	0.06902	0.05980	0.08117	0.01703	0.04775	0.03051	0.01840	0.01164	0.00830	0.00962	0.00243	0.11292	0.00640	0.00395	0.00932
18	0.01827	0.21705	0.38013	0.01868	0.02682	0.14992	0.04909	0.02383	0.01626	0.02055	0.01203	0.01418	0.00935	0.00681	0.00634	0.00204	0.01049	0.00501	0.00323	0.00991
19	0.01711	0.07485	0.09728	0.02848	0.03603	0.01902	0.57087	0.02315	0.01683	0.02281	0.01423	0.01867	0.01075	0.00620	0.00815	0.00237	0.01180	0.00797	0.00358	0.00985
20	0.00861	0.00731	0.00742	0.00751	0.00986	0.00612	0.00559	0.01042	0.01642	0.01958	0.07181	0.10644	0.66094	0.01865	0.00863	0.00248	0.00371	0.01563	0.00675	0.00612
21	0.22085	0.13528	0.25100	0.04373	0.02449	0.01778	0.09297	0.02113	0.01445	0.02402	0.01389	0.05978	0.01180	0.00919	0.02903	0.00254	0.00895	0.00620	0.00378	0.00912
22	0.01454	0.01276	0.01973	0.02735	0.34049	0.01286	0.01522	0.01952	0.08130	0.02325	0.06895	0.20448	0.02872	0.01291	0.00815	0.00253	0.00671	0.08584	0.00538	0.00928
23	0.03261	0.01237	0.01687	0.01293	0.01856	0.01068	0.01068	0.03543	0.02081	0.70423	0.02868	0.02474	0.01799	0.00900	0.00731	0.00225	0.00619	0.00731	0.00900	0.01237
24	0.29781	0.12535	0.06693	0.01223	0.01791	0.01582	0.01111	0.02755	0.01654	0.31642	0.01825	0.01756	0.01251	0.00764	0.00590	0.00215	0.00655	0.00547	0.00611	0.01022
25	0.01660	0.10318	0.27128	0.06207	0.24242	0.01851	0.13887	0.02250	0.01595	0.02245	0.01322	0.01673	0.01029	0.00657	0.00707	0.00221	0.00998	0.00618	0.00336	0.01054
26	0.03213	0.01315	0.01735	0.01330	0.01894	0.01184	0.01099	0.09762	0.02211	0.64020	0.02759	0.02403	0.01745	0.00897	0.00731	0.00224	0.00636	0.00724	0.00883	0.01237
27	0.00859	0.00736	0.00736	0.00736	0.00982	0.00614	0.00552	0.01043	0.01657	0.01964	0.07364	0.06996	0.69624	0.01841	0.00859	0.00245	0.00368	0.01534	0.00675	0.00614
28	0.07463	0.01831	0.01841	0.01463	0.01957	0.06133	0.01192	0.46065	0.02834	0.06910	0.01810	0.01869	0.01314	0.00850	0.00670	0.00209	0.00734	0.00633	0.13128	0.01094
29	0.04086	0.01478	0.07448	0.01392	0.04565	0.07883	0.01116	0.09437	0.01802	0.02372	0.03529	0.19633	0.16220	0.01622	0.03138	0.00282	0.00701	0.08789	0.03721	0.00786
30	0.02031	0.01411	0.01877	0.04532	0.16680	0.01462	0.01337	0.15258	0.09575	0.14218	0.06547	0.03143	0.02193	0.09645	0.01110	0.00291	0.00712	0.06333	0.00629	0.01015
31	0.00991	0.00743	0.00924	0.00915	0.01096	0.00676	0.00696	0.01281	0.01883	0.02550	0.44352	0.10405	0.21771	0.01669	0.00875	0.00246	0.00383	0.07131	0.00750	0.00661
32	0.04472	0.01978	0.06493	0.17863	0.08049	0.07009	0.38895	0.02256	0.01656	0.02221	0.01376	0.01850	0.01045	0.00655	0.00784	0.00237	0.01123	0.00739	0.00358	0.00941
33	0.05274	0.12527	0.31649	0.06304	0.11559	0.06242	0.02018	0.04266	0.09093	0.02362	0.01445	0.01651	0.01104	0.00719	0.00660	0.00218	0.00928	0.00562	0.00386	0.01035
34	0.01799	0.01727	0.02950	0.04462	0.69919	0.01727	0.02231	0.02231	0.01655	0.02375	0.01367	0.01799	0.01151	0.00648	0.00720	0.00216	0.00864	0.00648	0.00360	0.01151
35	0.00865	0.00737	0.00744	0.00742	0.00985	0.00616	0.00557	0.01054	0.01670	0.01996	0.09454	0.06943	0.67514	0.01829	0.00859	0.00245	0.00367	0.01527	0.00679	0.00616
36	0.02261	0.06407	0.01957	0.01566	0.04511	0.06078	0.01213	0.31666	0.12249	0.07737	0.02212	0.04193	0.04001	0.04293	0.03023	0.00268	0.00774	0.00747	0.03783	0.01062
37	0.02342	0.30981	0.02662	0.01564	0.02023	0.41080	0.01293	0.02556	0.01805	0.01803	0.01148	0.01331	0.00985	0.00705	0.00574	0.00174	0.01051	0.00449	0.04605	0.00869
38	0.67128	0.08684	0.01398	0.01042	0.01504	0.06216	0.00871	0.02190	0.01313	0.03016	0.01019	0.01188	0.00811	0.00674	0.00465	0.00216	0.00631	0.00398	0.00432	0.00805
39	0.01943	0.74891	0.03809	0.01244	0.01866	0.02876	0.01244	0.02177	0.01477	0.01710	0.01011	0.01166	0.00933	0.00622	0.00466	0.00155	0.00777	0.00389	0.00311	0.00933
40	0.01204	0.01004	0.01093	0.01020	0.01227	0.05987	0.00768	0.01656	0.06971	0.02804	0.57185	0.04985	0.08480	0.01408	0.00834	0.00228	0.00432	0.01224	0.00760	0.00729
41	0.00862	0.00727	0.00746	0.00762	0.00989	0.00612	0.00564	0.01040	0.01632	0.01954	0.07054	0.13168	0.63652	0.01881	0.00865	0.00250	0.00373	0.01583	0.00675	0.00612
42	0.00886	0.00633	0.00843	0.01012	0.01054	0.00590	0.00675	0.01012	0.01392	0.01856	0.04006	0.73979	0.04808	0.02277	0.00928	0.00295	0.00422	0.02066	0.00675	0.00590
43	0.01721	0.01476	0.01565	0.01414	0.01803	0.01689	0.01097	0.03592	0.61697	0.02990	0.07385	0.03056	0.05193	0.01052	0.00752	0.00245	0.00552	0.00882	0.00741	0.01100
44	0.01055	0.00754	0.01045	0.01045	0.01139	0.00843	0.00762	0.01244	0.01149	0.01645	0.02059	0.03389	0.02053	0.24838	0.49841	0.01002	0.01538	0.00854	0.03155	0.00591
45	0.64924	0.01402	0.01204	0.01034	0.01506	0.01565	0.00852	0.04659	0.01446	0.13831	0.01329	0.01403	0.00962	0.00717	0.00504	0.00225	0.00579	0.00456	0.00530	0.00874
46	0.01260	0.00697	0.00797	0.00797	0.00932	0.00721	0.00584	0.01514	0.01378	0.02306	0.02222	0.02917	0.01900	0.09230	0.14411	0.04698	0.00696	0.00732	0.51577	0.00629
47	0.02763	0.02036	0.02182	0.01672	0.02254	0.02254	0.01382	0.67496	0.03418	0.04581	0.01745	0.01745	0.01236	0.00873	0.00727	0.00218	0.00800	0.00654	0.00727	0.01236
48	0.02763	0.02036	0.02182	0.01672	0.02254	0.02254	0.01382	0.67496	0.03418	0.04581	0.01745	0.01745	0.01236	0.00873	0.00727	0.00218	0.00800	0.00654	0.00727	0.01236
49	0.00892	0.00637	0.00849	0.01008	0.01056	0.00595	0.00675	0.01028	0.01421	0.01902	0.06876	0.70978	0.04897	0.02243	0.00925	0.00292	0.00418	0.02034	0.00680	0.00595
50	0.00892	0.00731	0.00786	0.00787	0.01005	0.00625	0.00585	0.01101	0.01712	0.02130	0.18445	0.11074	0.53995	0.01805	0.00863	0.00246	0.00367	0.01529	0.00698	0.00625
51	0.01626	0.01741	0.06595	0.10010	0.13877	0.05883	0.09037	0.03947	0.06204	0.02138	0.01701	0.09811	0.01588	0.03951	0.01272	0.00276	0.18191	0.00835	0.00419	0.00899
52	0.01624	0.01519	0.02371	0.19757	0.24694	0.03718	0.07152	0.06100	0.01594	0.02163	0.01494	0.02240	0.01312	0.09968	0.05821	0.00352	0.06116	0.00717	0.00384	0.00906
53	0.01237	0.00930	0.00976	0.00895	0.01200	0.00853	0.00691	0.07607	0.04973	0.06633	0.06341	0.06011	0.55694	0.01650	0.00833	0.00242	0.00435	0.01367	0.00697	0.00737
54	0.00963	0.00642	0.00816	0.00954	0.01014	0.00608	0.00642	0.01118	0.01401	0.01972	0.03700	0.60787	0.04286	0.04438	0.00955	0.00289	0.00418	0.01821	0.12580	0.00599
55	0.01232	0.01585	0.18989	0.01531	0.08497	0.01022	0.01315	0.01647	0.01582	0.02303	0.08839	0.17488	0.11807	0.01294	0.00751	0.00235	0.00611	0.02876	0.15594	0.00802
56	0.01610	0.20913	0.46091	0.01762	0.02645	0.01942	0.02125	0.05742	0.01631	0.02259	0.01643	0.01804	0.05328	0.00757	0.00648	0.00212	0.00941	0.00571	0.00354	0.01019
57	0.03145	0.01322	0.01727	0.01335	0.01892	0.01208	0.01100	0.09082	0.05563	0.61326	0.02775	0.02423	0.01772	0.00902	0.00731	0.00225	0.00632	0.00729	0.00877	0.01233
58	0.01429	0.01284	0.01957	0.01945	0.10064	0.01556	0.05333	0.01579	0.01243	0.01798	0.01720	0.09067	0.04245	0.01815	0.07574	0.12911	0.32529	0.00837	0.00381	0.00735
59	0.01861	0.07661	0.08691	0.15862	0.19027	0.08654	0.03951	0.02441	0.08765	0.08217	0.01726	0.04621	0.01407	0.03067	0.00799	0.00238	0.00880	0.00697	0.00448	0.00990
60	0.02189	0.08334	0.02123	0.19960	0.08165	0.05883	0.01449	0.10659	0.06213	0.18951	0.03758	0.02108	0.01501	0.00816	0.00692	0.00218	0.00783	0.00664	0.04514	0.01018
61	0.45053	0.01700	0.04087	0.06403	0.14228	0.06829	0.05388	0.02177	0.01432	0.02770	0.01229	0.03568	0.01019	0.00723	0.00579	0.00225	0.00753	0.00544	0.00417	0.00874

[dist]
# distance from previous block
# <min> <max>
0	1

[block]
# block no. 4 follows, 28 sequences, length 43
# corresponding to MSA columns:
# 1572-1614
name=unknown_E
#
# <colnr> <probs for GDERKNQSTAVLIFYWHMCP>
#	G	D	E	R	K	N	Q	S	T	A	V	L	I	F	Y	W	H	M	C	P
0	0.01503	0.01366	0.02167	0.08012	0.39549	0.01382	0.01654	0.01976	0.05599	0.02397	0.13492	0.08816	0.06948	0.01027	0.00771	0.00230	0.00698	0.00946	0.00500	0.00967
1	0.01881	0.06999	0.04785	0.07830	0.25484	0.06867	0.21441	0.04013	0.06927	0.04413	0.01528	0.01862	0.01193	0.00689	0.00741	0.00223	0.00979	0.00693	0.00411	0.01042
2	0.01057	0.00705	0.00793	0.00793	0.00793	0.00705	0.00440	0.01057	0.01057	0.01409	0.02290	0.04757	0.02643	0.74454	0.03700	0.00705	0.00705	0.01057	0.00440	0.00440
3	0.01576	0.01597	0.06751	0.49684	0.07283	0.01731	0.04760	0.08653	0.03654	0.02237	0.01385	0.01895	0.01043	0.00762	0.00800	0.00241	0.04013	0.00654	0.00379	0.00901
4	0.01239	0.00845	0.01067	0.00980	0.01201	0.00802	0.00745	0.01714	0.07580	0.07488	0.56995	0.05064	0.08611	0.01419	0.00839	0.00231	0.00382	0.01243	0.00797	0.00759
5	0.00924	0.00730	0.00832	0.00825	0.01026	0.00638	0.00612	0.01162	0.01782	0.02305	0.29972	0.11992	0.41126	0.01747	0.00864	0.00243	0.00363	0.01498	0.00721	0.00638
6	0.00982	0.00741	0.00907	0.00866	0.01057	0.00666	0.00649	0.01282	0.01948	0.02655	0.52535	0.05858	0.24022	0.01583	0.00858	0.00233	0.00350	0.01375	0.00766	0.00666
7	0.01097	0.00757	0.00969	0.00918	0.01106	0.00689	0.00687	0.01407	0.01975	0.05641	0.55978	0.09706	0.13231	0.01548	0.00856	0.00234	0.00362	0.01360	0.00783	0.00696
8	0.13753	0.58225	0.03259	0.01249	0.01826	0.08019	0.01187	0.02227	0.01486	0.01950	0.01020	0.01180	0.00911	0.00640	0.00479	0.00168	0.00786	0.00396	0.00337	0.00904
9	0.33846	0.06661	0.01790	0.01314	0.01843	0.01920	0.01099	0.29883	0.02263	0.10765	0.01516	0.01554	0.01093	0.00778	0.00598	0.00217	0.00683	0.00539	0.00605	0.01034
10	0.03695	0.01311	0.02055	0.63883	0.04562	0.03460	0.01876	0.01838	0.01460	0.01897	0.01459	0.06682	0.01218	0.00829	0.00730	0.00244	0.00930	0.00728	0.00352	0.00793
11	0.01435	0.01209	0.01426	0.01052	0.01626	0.00926	0.00835	0.01761	0.01591	0.02451	0.11619	0.02101	0.01952	0.00682	0.00587	0.00126	0.00509	0.00564	0.00487	0.67062
12	0.03827	0.03428	0.01415	0.14890	0.01956	0.05657	0.01012	0.06886	0.01426	0.01866	0.01822	0.12291	0.01861	0.12937	0.01838	0.24235	0.00739	0.00875	0.00428	0.00612
