[name]
unknown

[dist]
# distance from previous block
# <min> <max>
0	17

[block]
# block no. 0 follows, 35 sequences, length 6
# corresponding to MSA columns:
# 17-22
name=unknown_A
#
# <colnr> <probs for GDERKNQSTAVLIFYWHMCP>
#	G	D	E	R	K	N	Q	S	T	A	V	L	I	F	Y	W	H	M	C	P
0	0.01537	0.01444	0.01258	0.01274	0.01486	0.23837	0.01024	0.01762	0.01559	0.06815	0.02578	0.13901	0.02695	0.01373	0.00757	0.00241	0.00727	0.34555	0.00519	0.00657
1	0.11681	0.02814	0.01697	0.01541	0.01876	0.66556	0.01163	0.02455	0.01714	0.01704	0.00969	0.01131	0.00802	0.00646	0.00551	0.00167	0.01068	0.00401	0.00335	0.00730
2	0.82186	0.01227	0.00932	0.00834	0.01227	0.01423	0.00687	0.01865	0.01080	0.02846	0.00883	0.01031	0.00687	0.00589	0.00393	0.00196	0.00491	0.00344	0.00393	0.00687
3	0.00888	0.00621	0.00682	0.00682	0.00725	0.00599	0.00404	0.00920	0.01027	0.01326	0.02881	0.04541	0.16483	0.62550	0.02735	0.00535	0.00557	0.01005	0.00425	0.00414
4	0.02163	0.16921	0.02127	0.01364	0.01859	0.02026	0.01156	0.49022	0.11542	0.03327	0.01531	0.01530	0.01136	0.00731	0.00591	0.00183	0.00669	0.00544	0.00564	0.01017
5	0.01948	0.01546	0.01643	0.01366	0.01791	0.01751	0.01094	0.33652	0.41718	0.03250	0.02112	0.01993	0.01556	0.00817	0.00641	0.00204	0.00589	0.00652	0.00641	0.01037

[dist]
# distance from previous block
# <min> <max>
0	1

[block]
# block no. 1 follows, 35 sequences, length 6
# corresponding to MSA columns:
# 24-29
name=unknown_B
#
# <colnr> <probs for GDERKNQSTAVLIFYWHMCP>
#	G	D	E	R	K	N	Q	S	T	A	V	L	I	F	Y	W	H	M	C	P
0	0.01443	0.33434	0.45761	0.01517	0.02295	0.01891	0.01837	0.01965	0.01319	0.01801	0.01035	0.01210	0.00808	0.00579	0.00524	0.00175	0.00833	0.00417	0.00269	0.00888
1	0.01312	0.10356	0.67695	0.01740	0.02640	0.01571	0.02225	0.01999	0.01335	0.01960	0.01114	0.01309	0.00805	0.00597	0.00584	0.00195	0.00913	0.00457	0.00268	0.00926
2	0.01924	0.52698	0.02808	0.01271	0.01741	0.27082	0.01133	0.02114	0.01461	0.01513	0.00915	0.01060	0.00815	0.00580	0.00463	0.00145	0.00836	0.00363	0.00290	0.00788
3	0.02026	0.02286	0.26431	0.01578	0.02231	0.01800	0.01591	0.48083	0.02427	0.03325	0.01393	0.01461	0.00986	0.00708	0.00624	0.00194	0.00779	0.00537	0.00511	0.01031
4	0.01339	0.01277	0.02133	0.45818	0.27621	0.01485	0.01795	0.01724	0.01304	0.01766	0.01126	0.01626	0.00898	0.00649	0.00747	0.00209	0.06821	0.00564	0.00292	0.00805
5	0.46321	0.09093	0.01213	0.00974	0.01298	0.01302	0.00842	0.01682	0.01230	0.02384	0.01721	0.03101	0.01703	0.00978	0.00558	0.00222	0.00542	0.23727	0.00445	0.00666

[dist]
# distance from previous block
# <min> <max>
2	4

[block]
# block no. 2 follows, 35 sequences, length 10
# corresponding to MSA columns:
# 34-43
name=unknown_C
#
# <colnr> <probs for GDERKNQSTAVLIFYWHMCP>
#	G	D	E	R	K	N	Q	S	T	A	V	L	I	F	Y	W	H	M	C	P
0	0.01537	0.01847	0.09559	0.02524	0.03182	0.01616	0.61164	0.06469	0.01579	0.02156	0.01287	0.01668	0.00957	0.00555	0.00729	0.00211	0.01035	0.00714	0.00336	0.00877
1	0.01020	0.00838	0.00912	0.00861	0.01088	0.00838	0.00649	0.01652	0.20803	0.02162	0.22461	0.04656	0.33653	0.04575	0.00827	0.00228	0.00377	0.01103	0.00624	0.00672
2	0.01183	0.00591	0.00591	0.00591	0.00739	0.00591	0.00443	0.01478	0.01330	0.02365	0.02069	0.02365	0.01626	0.00739	0.00443	0.00148	0.00296	0.00591	0.81227	0.00591
3	0.01310	0.00714	0.00727	0.00681	0.00866	0.00734	0.00522	0.08738	0.01501	0.02534	0.02013	0.02278	0.01569	0.00741	0.00463	0.00152	0.00337	0.00589	0.72887	0.00642
4	0.00773	0.00552	0.00736	0.00883	0.00920	0.00515	0.00589	0.00883	0.01215	0.01619	0.03497	0.77291	0.04196	0.01987	0.00810	0.00258	0.00368	0.01803	0.00589	0.00515
5	0.00829	0.00634	0.00749	0.00742	0.00897	0.00566	0.00542	0.01039	0.01554	0.02058	0.36470	0.12978	0.31667	0.05367	0.00881	0.00232	0.00331	0.01280	0.00629	0.00554
6	0.01610	0.62862	0.17793	0.01233	0.01856	0.02299	0.01342	0.01922	0.01299	0.01598	0.00934	0.01083	0.00812	0.00555	0.00447	0.00149	0.00731	0.00366	0.00271	0.00839
7	0.01616	0.44301	0.28033	0.01394	0.02053	0.09527	0.01540	0.02002	0.01358	0.01679	0.00982	0.01143	0.00811	0.00575	0.00492	0.00161	0.00816	0.00392	0.00276	0.00849
8	0.39237	0.06585	0.04558	0.01118	0.01497	0.18596	0.00939	0.05720	0.01413	0.02370	0.01227	0.03883	0.01066	0.00722	0.00498	0.00189	0.00675	0.03925	0.05059	0.00723
9	0.01355	0.17842	0.36758	0.01477	0.02088	0.01639	0.01654	0.01968	0.08071	0.01978	0.09813	0.01781	0.01534	0.00750	0.00737	0.00197	0.08592	0.00556	0.00357	0.00853

[dist]
# distance from previous block
# <min> <max>
0	3

[block]
# block no. 3 follows, 35 sequences, length 16
# corresponding to MSA columns:
# 47-62
name=unknown_D
#
# <colnr> <probs for GDERKNQSTAVLIFYWHMCP>
#	G	D	E	R	K	N	Q	S	T	A	V	L	I	F	Y	W	H	M	C	P
0	0.01440	0.01494	0.01956	0.53842	0.11070	0.13851	0.01679	0.01805	0.01367	0.01653	0.01101	0.01577	0.00857	0.00645	0.00668	0.00203	0.03221	0.00538	0.00293	0.00741
1	0.01415	0.01194	0.01688	0.01302	0.03690	0.01012	0.11946	0.04447	0.03316	0.06024	0.05915	0.02032	0.06853	0.00656	0.00576	0.00143	0.00564	0.00589	0.00440	0.46198
2	0.02708	0.01110	0.01468	0.01146	0.01623	0.01003	0.00940	0.03122	0.09518	0.66403	0.02511	0.02182	0.01610	0.00793	0.00639	0.00198	0.00536	0.00647	0.00770	0.01071
3	0.73505	0.01287	0.01038	0.00902	0.01307	0.01482	0.00743	0.09457	0.01287	0.02972	0.00953	0.01084	0.00730	0.00608	0.00419	0.00196	0.00513	0.00368	0.00419	0.00730
4	0.02224	0.02791	0.01721	0.01573	0.01879	0.67777	0.01183	0.02394	0.01721	0.01545	0.01052	0.01278	0.00893	0.01061	0.07979	0.00248	0.01199	0.00435	0.00328	0.00719
5	0.02846	0.01080	0.01472	0.01129	0.01619	0.00932	0.00932	0.03092	0.01816	0.74187	0.02503	0.02159	0.01570	0.00785	0.00638	0.00196	0.00540	0.00638	0.00785	0.01080
6	0.02320	0.01728	0.01904	0.07092	0.02148	0.01925	0.01248	0.66355	0.02853	0.03819	0.01493	0.01536	0.01061	0.00752	0.00635	0.00192	0.00709	0.00571	0.00608	0.01051
7	0.00908	0.00672	0.00982	0.00982	0.01083	0.00773	0.00747	0.01109	0.01009	0.01445	0.01733	0.02680	0.01667	0.13008	0.67053	0.00974	0.01577	0.00707	0.00345	0.00546
8	0.08673	0.01734	0.01828	0.01411	0.01909	0.01925	0.01165	0.66157	0.02833	0.03908	0.01473	0.01484	0.01048	0.00748	0.00616	0.00191	0.00682	0.00553	0.00616	0.01048
9	0.01570	0.01507	0.02575	0.03894	0.73748	0.01507	0.01947	0.01947	0.01444	0.02073	0.01193	0.01570	0.01005	0.00565	0.00628	0.00188	0.00754	0.00565	0.00314	0.01005
10	0.01198	0.01128	0.01903	0.76180	0.04369	0.01409	0.01762	0.01621	0.01268	0.01621	0.01128	0.01691	0.00846	0.00634	0.00634	0.00211	0.00846	0.00564	0.00282	0.00705
11	0.00757	0.00643	0.00652	0.00650	0.00861	0.00538	0.00487	0.00924	0.01462	0.01752	0.09523	0.06042	0.70370	0.01592	0.00750	0.00214	0.00320	0.01330	0.00594	0.00538
12	0.01546	0.01715	0.03645	0.02609	0.03243	0.01624	0.67674	0.05768	0.01577	0.02138	0.01296	0.01701	0.00969	0.00547	0.00743	0.00213	0.01050	0.00739	0.00338	0.00868
13	0.01628	0.01642	0.02438	0.09321	0.60491	0.09514	0.01854	0.01985	0.01469	0.01981	0.01165	0.01533	0.00972	0.00580	0.00622	0.00187	0.00803	0.00548	0.00313	0.00952
14	0.10700	0.01445	0.01477	0.01506	0.09418	0.07258	0.01053	0.02815	0.46429	0.02463	0.02372	0.02284	0.06416	0.00832	0.00616	0.00206	0.00566	0.00676	0.00552	0.00916
15	0.00881	0.00648	0.00825	0.00781	0.00937	0.00591	0.00585	0.01165	0.01756	0.02450	0.65837	0.04893	0.13620	0.01332	0.00748	0.00201	0.00302	0.01169	0.00686	0.00591

[dist]
# distance from previous block
# <min> <max>
0	2

[block]
# block no. 4 follows, 35 sequences, length 9
# corresponding to MSA columns:
# 65-73
name=unknown_E
#
# <colnr> <probs for GDERKNQSTAVLIFYWHMCP>
#	G	D	E	R	K	N	Q	S	T	A	V	L	I	F	Y	W	H	M	C	P
0	0.01275	0.01206	0.02041	0.61300	0.18651	0.01430	0.01800	0.01688	0.01305	0.01714	0.01141	0.01666	0.00878	0.00620	0.00633	0.00207	0.00827	0.00564	0.00289	0.00767
1	0.01269	0.01200	0.02031	0.62343	0.17650	0.01428	0.01797	0.01683	0.01302	0.01707	0.01140	0.01668	0.00876	0.00621	0.00633	0.00207	0.00828	0.00564	0.00288	0.00762
2	0.00800	0.00571	0.00767	0.00914	0.00963	0.00538	0.00636	0.00930	0.01241	0.01649	0.03482	0.69737	0.04137	0.01962	0.00817	0.00261	0.00391	0.09093	0.00588	0.00523
3	0.01638	0.01664	0.02423	0.09578	0.59133	0.10621	0.01842	0.01993	0.01474	0.01971	0.01162	0.01527	0.00968	0.00582	0.00622	0.00187	0.00810	0.00546	0.00313	0.00947
4	0.00773	0.00552	0.00736	0.00883	0.00920	0.00515	0.00589	0.00883	0.01215	0.01619	0.03497	0.77291	0.04196	0.01987	0.00810	0.00258	0.00368	0.01803	0.00589	0.00515
5	0.05596	0.01930	0.01867	0.06045	0.02021	0.22742	0.04562	0.23119	0.01881	0.02410	0.01181	0.01421	0.00939	0.00778	0.00911	0.00202	0.17001	0.00520	0.04047	0.00826
6	0.01103	0.00870	0.00909	0.00910	0.01089	0.05173	0.00663	0.07732	0.01522	0.04967	0.04131	0.37742	0.27573	0.01609	0.00751	0.00228	0.00437	0.01393	0.00586	0.00613
7	0.01696	0.78087	0.03324	0.01085	0.01628	0.02510	0.01085	0.01900	0.01289	0.01493	0.00882	0.01018	0.00814	0.00543	0.00407	0.00136	0.00678	0.00339	0.00271	0.00814
8	0.05444	0.05190	0.01888	0.01423	0.01842	0.11664	0.07052	0.15192	0.04858	0.07833	0.01298	0.01461	0.01010	0.00703	0.00798	0.00180	0.12226	0.00508	0.00438	0.18991

[dist]
# distance from previous block
# <min> <max>
1	10

[block]
# block no. 5 follows, 35 sequences, length 20
# corresponding to MSA columns:
# 90-109
name=unknown_F
#
# <colnr> <probs for GDERKNQSTAVLIFYWHMCP>
#	G	D	E	R	K	N	Q	S	T	A	V	L	I	F	Y	W	H	M	C	P
0	0.02679	0.01134	0.01626	0.01237	0.01729	0.01004	0.05824	0.05284	0.01833	0.64638	0.04527	0.02185	0.01645	0.00782	0.00649	0.00197	0.00575	0.00659	0.00745	0.01050
1	0.01271	0.01375	0.06684	0.55786	0.07665	0.01451	0.13295	0.01729	0.01320	0.01736	0.01157	0.01667	0.00871	0.00612	0.00651	0.00210	0.00883	0.00589	0.00289	0.00759
2	0.01561	0.01530	0.01926	0.06206	0.01886	0.06993	0.01379	0.09564	0.01275	0.01815	0.00939	0.01405	0.00860	0.01010	0.01724	0.00256	0.58060	0.00547	0.00322	0.00741
3	0.01054	0.00997	0.01187	0.01033	0.01327	0.04107	0.08667	0.01551	0.14245	0.01912	0.04914	0.04718	0.49226	0.01309	0.00723	0.00212	0.00475	0.01120	0.00557	0.00665
4	0.01010	0.00835	0.01036	0.01025	0.01140	0.05932	0.00777	0.01206	0.01063	0.01451	0.01683	0.02587	0.01614	0.12758	0.61841	0.00914	0.01538	0.00688	0.00344	0.00557
5	0.00750	0.00643	0.00643	0.00643	0.00857	0.00536	0.00482	0.00910	0.01446	0.01714	0.06427	0.06105	0.73490	0.01607	0.00750	0.00214	0.00321	0.01339	0.00589	0.00536
6	0.01183	0.00591	0.00591	0.00591	0.00739	0.00591	0.00443	0.01478	0.01330	0.02365	0.02069	0.02365	0.01626	0.00739	0.00443	0.00148	0.00296	0.00591	0.81227	0.00591
7	0.01648	0.69552	0.11436	0.01168	0.01756	0.02392	0.01229	0.01912	0.01295	0.01551	0.00911	0.01054	0.00813	0.00550	0.00429	0.00143	0.00708	0.00354	0.00271	0.00828
8	0.00967	0.00759	0.01094	0.01060	0.01146	0.00913	0.00818	0.01156	0.01002	0.01451	0.01628	0.02553	0.01579	0.12931	0.57699	0.00881	0.10772	0.00693	0.00337	0.00561
9	0.01388	0.01388	0.01943	0.01666	0.01666	0.01943	0.01388	0.01527	0.00972	0.01527	0.00833	0.01388	0.00833	0.01110	0.02082	0.00278	0.76544	0.00555	0.00278	0.00694
10	0.01570	0.01507	0.02575	0.03894	0.73748	0.01507	0.01947	0.01947	0.01444	0.02073	0.01193	0.01570	0.01005	0.00565	0.00628	0.00188	0.00754	0.00565	0.00314	0.01005
11	0.10973	0.07777	0.11677	0.01713	0.05122	0.05936	0.15410	0.16696	0.03381	0.05725	0.01501	0.02011	0.01225	0.00743	0.00628	0.00202	0.00785	0.07179	0.00438	0.00877
12	0.01081	0.00924	0.01451	0.16948	0.10125	0.00948	0.05397	0.01414	0.01536	0.02075	0.27147	0.04114	0.10138	0.01139	0.00733	0.00219	0.00563	0.12858	0.00515	0.00674
13	0.00750	0.00643	0.00643	0.00643	0.00857	0.00536	0.00482	0.00910	0.01446	0.01714	0.06427	0.06105	0.73490	0.01607	0.00750	0.00214	0.00321	0.01339	0.00589	0.00536
14	0.01459	0.01650	0.03584	0.02579	0.03189	0.01547	0.67701	0.01971	0.01482	0.02010	0.01400	0.05704	0.01133	0.00611	0.00752	0.00216	0.01032	0.00804	0.00335	0.00838
15	0.01797	0.04438	0.01406	0.01170	0.04579	0.03292	0.00895	0.32615	0.02078	0.03018	0.01711	0.01869	0.01301	0.00731	0.00538	0.00168	0.00532	0.00566	0.36459	0.00839
16	0.02591	0.01023	0.01390	0.01085	0.01531	0.00889	0.00889	0.02844	0.01813	0.64804	0.11790	0.02497	0.02149	0.00852	0.00652	0.00197	0.00508	0.00705	0.00774	0.01017
17	0.01198	0.01128	0.01903	0.76180	0.04369	0.01409	0.01762	0.01621	0.01268	0.01621	0.01128	0.01691	0.00846	0.00634	0.00634	0.00211	0.00846	0.00564	0.00282	0.00705
18	0.02050	0.01590	0.01650	0.01366	0.01795	0.04915	0.01094	0.32005	0.35393	0.08075	0.02062	0.01945	0.01502	0.00805	0.00637	0.00201	0.00615	0.00637	0.00637	0.01029
19	0.01492	0.01414	0.02377	0.03554	0.65496	0.01408	0.01811	0.01852	0.01445	0.02042	0.01613	0.02145	0.05271	0.00692	0.00649	0.00196	0.00719	0.04522	0.00345	0.00954

[dist]
# distance from previous block
# <min> <max>
3	9

[block]
# block no. 6 follows, 35 sequences, length 9
# corresponding to MSA columns:
# 119-127
name=unknown_G
#
# <colnr> <probs for GDERKNQSTAVLIFYWHMCP>
#	G	D	E	R	K	N	Q	S	T	A	V	L	I	F	Y	W	H	M	C	P
0	0.01548	0.01446	0.02241	0.07982	0.50872	0.01519	0.01695	0.02287	0.19511	0.02191	0.01542	0.01780	0.01231	0.00645	0.00633	0.00197	0.00696	0.00604	0.00396	0.00985
1	0.01514	0.38664	0.13411	0.01240	0.01749	0.01926	0.01224	0.02205	0.19384	0.01864	0.01443	0.01572	0.01183	0.01098	0.08752	0.00263	0.00786	0.00493	0.00373	0.00854
2	0.01989	0.01489	0.01583	0.01252	0.01685	0.01604	0.01022	0.53665	0.02592	0.03418	0.02769	0.02687	0.19475	0.00976	0.00664	0.00196	0.00602	0.00766	0.00623	0.00941
3	0.01609	0.11156	0.48149	0.01640	0.02425	0.01713	0.01916	0.19685	0.01751	0.02457	0.01208	0.01351	0.00875	0.00636	0.00589	0.00191	0.00848	0.00480	0.00361	0.00960
4	0.01469	0.40706	0.19908	0.20336	0.02591	0.01983	0.01557	0.01855	0.01296	0.01648	0.01005	0.01265	0.00820	0.00580	0.00511	0.00170	0.00783	0.00427	0.00273	0.00816
5	0.01696	0.78087	0.03324	0.01085	0.01628	0.02510	0.01085	0.01900	0.01289	0.01493	0.00882	0.01018	0.00814	0.00543	0.00407	0.00136	0.00678	0.00339	0.00271	0.00814
6	0.02412	0.01777	0.01904	0.01460	0.01967	0.01967	0.01206	0.71633	0.02983	0.03998	0.01523	0.01523	0.01079	0.00762	0.00635	0.00190	0.00698	0.00571	0.00635	0.01079
7	0.16751	0.30050	0.02195	0.01288	0.01705	0.35171	0.01076	0.02180	0.01481	0.01768	0.00927	0.01077	0.00792	0.00601	0.00479	0.00159	0.00855	0.00371	0.00319	0.00755
8	0.04899	0.05630	0.41870	0.01538	0.02240	0.01543	0.01741	0.19597	0.01794	0.02587	0.09192	0.01735	0.01441	0.00717	0.00610	0.00195	0.00777	0.00559	0.00414	0.00921

[dist]
# distance from previous block
# <min> <max>
4	10

[block]
# block no. 7 follows, 35 sequences, length 46
# corresponding to MSA columns:
# 139-171,181-193
name=unknown_H
#
# <colnr> <probs for GDERKNQSTAVLIFYWHMCP>
#	G	D	E	R	K	N	Q	S	T	A	V	L	I	F	Y	W	H	M	C	P
0	0.00967	0.00725	0.00887	0.00794	0.01023	0.00628	0.00604	0.01236	0.01658	0.03721	0.48423	0.04464	0.18455	0.01229	0.00706	0.00187	0.00333	0.01064	0.00632	0.12264
1	0.01721	0.75272	0.03267	0.01106	0.01641	0.05234	0.01091	0.01923	0.01308	0.01495	0.00886	0.01022	0.00814	0.00547	0.00413	0.00137	0.00696	0.00342	0.00273	0.00811
2	0.00817	0.00557	0.00741	0.00861	0.00891	0.00527	0.00567	0.00881	0.01152	0.01537	0.03139	0.63789	0.03738	0.08597	0.01178	0.07987	0.00407	0.01608	0.00541	0.00481
3	0.04623	0.00961	0.01069	0.01004	0.01117	0.05919	0.00732	0.05781	0.01161	0.01611	0.01655	0.02833	0.01684	0.31931	0.28833	0.00661	0.06775	0.00724	0.00373	0.00556
4	0.01530	0.01671	0.03494	0.08148	0.03314	0.01611	0.61959	0.06189	0.01569	0.02119	0.01286	0.01698	0.00961	0.00556	0.00733	0.00212	0.01030	0.00724	0.00337	0.00858
5	0.00773	0.00552	0.00736	0.00883	0.00920	0.00515	0.00589	0.00883	0.01215	0.01619	0.03497	0.77291	0.04196	0.01987	0.00810	0.00258	0.00368	0.01803	0.00589	0.00515
6	0.05634	0.01684	0.03382	0.02441	0.03040	0.01638	0.59439	0.08394	0.01598	0.02239	0.01272	0.01651	0.00956	0.00575	0.00758	0.00213	0.03167	0.00706	0.00352	0.00863
7	0.00893	0.00648	0.00845	0.00825	0.00970	0.00600	0.00625	0.01173	0.01716	0.02398	0.60555	0.09862	0.08577	0.01391	0.00762	0.00211	0.00326	0.06356	0.00678	0.00589
8	0.16710	0.02530	0.01767	0.01540	0.01911	0.52105	0.05352	0.07419	0.01737	0.01993	0.01021	0.01185	0.00822	0.00643	0.00555	0.00174	0.00989	0.00429	0.00361	0.00759
9	0.01578	0.01363	0.01434	0.01291	0.01650	0.01578	0.01004	0.03371	0.72602	0.02654	0.02582	0.02367	0.01937	0.00861	0.00646	0.00215	0.00502	0.00717	0.00646	0.01004
10	0.00773	0.00552	0.00736	0.00883	0.00920	0.00515	0.00589	0.00883	0.01215	0.01619	0.03497	0.77291	0.04196	0.01987	0.00810	0.00258	0.00368	0.01803	0.00589	0.00515
11	0.01223	0.01153	0.01948	0.71315	0.09039	0.01416	0.01774	0.01643	0.01280	0.01651	0.01132	0.01683	0.00856	0.00630	0.00634	0.00210	0.00839	0.00564	0.00284	0.00725
12	0.01198	0.01128	0.01903	0.76180	0.04369	0.01409	0.01762	0.01621	0.01268	0.01621	0.01128	0.01691	0.00846	0.00634	0.00634	0.00211	0.00846	0.00564	0.00282	0.00705
13	0.00906	0.00680	0.01020	0.01020	0.01133	0.00793	0.00793	0.01133	0.01020	0.01473	0.01699	0.02492	0.01586	0.04758	0.75191	0.01020	0.01699	0.00680	0.00340	0.00566
14	0.01570	0.01507	0.02575	0.03894	0.73748	0.01507	0.01947	0.01947	0.01444	0.02073	0.01193	0.01570	0.01005	0.00565	0.00628	0.00188	0.00754	0.00565	0.00314	0.01005
15	0.01310	0.01242	0.02105	0.54466	0.25210	0.01439	0.01817	0.01719	0.01321	0.01757	0.01147	0.01655	0.00893	0.00614	0.00632	0.00205	0.00818	0.00564	0.00292	0.00795
16	0.01335	0.01299	0.01800	0.01554	0.01554	0.01791	0.01273	0.01458	0.00966	0.01493	0.00966	0.01704	0.01001	0.09876	0.02213	0.00316	0.67854	0.00597	0.00290	0.00659
17	0.00911	0.00659	0.00915	0.00915	0.00993	0.00736	0.00663	0.01066	0.00989	0.01396	0.01795	0.03020	0.01815	0.27960	0.52303	0.00891	0.01354	0.00757	0.00354	0.00509
18	0.01672	0.01613	0.02450	0.06108	0.61231	0.06317	0.01838	0.07232	0.01577	0.02168	0.01202	0.01543	0.00993	0.00588	0.00625	0.00188	0.00778	0.00555	0.00338	0.00982
19	0.00875	0.00644	0.00819	0.00783	0.00936	0.00588	0.00584	0.01151	0.01732	0.02409	0.62696	0.07624	0.14077	0.01360	0.00751	0.00203	0.00305	0.01195	0.00681	0.00588
20	0.02003	0.01649	0.01980	0.01517	0.02024	0.06366	0.11208	0.33189	0.10569	0.06421	0.01555	0.01619	0.01145	0.00682	0.00619	0.00178	0.00709	0.00572	0.00532	0.15464
21	0.01653	0.01371	0.01458	0.01296	0.01663	0.01571	0.01016	0.07916	0.64719	0.04471	0.02525	0.02404	0.01905	0.00871	0.00649	0.00215	0.00518	0.02130	0.00647	0.01002
22	0.01269	0.01191	0.01971	0.58403	0.15766	0.01383	0.01717	0.01674	0.01302	0.01730	0.01139	0.01643	0.00879	0.00610	0.00621	0.00199	0.00802	0.00550	0.00294	0.06859
23	0.01409	0.01240	0.01636	0.01202	0.01721	0.01072	0.08042	0.06907	0.01435	0.02164	0.01207	0.03056	0.01018	0.00574	0.00623	0.00129	0.05481	0.00472	0.00388	0.60226
24	0.74244	0.01253	0.00997	0.00885	0.01279	0.01451	0.00725	0.04168	0.05953	0.02870	0.01018	0.01136	0.00783	0.00613	0.00417	0.00197	0.00498	0.00376	0.00417	0.00721
25	0.00951	0.00707	0.00889	0.00980	0.01093	0.00704	0.00726	0.03431	0.07682	0.01842	0.03460	0.47667	0.07753	0.03450	0.00854	0.00264	0.00439	0.15927	0.00590	0.00589
26	0.02258	0.02711	0.01918	0.01947	0.12305	0.59023	0.01328	0.07663	0.01836	0.01812	0.01052	0.01234	0.00864	0.00649	0.00585	0.00169	0.01054	0.00443	0.00348	0.00800
27	0.01516	0.01453	0.02478	0.14309	0.63752	0.01493	0.01920	0.01900	0.01419	0.02007	0.01184	0.01588	0.00982	0.00575	0.00629	0.00192	0.00767	0.00565	0.00309	0.00962
28	0.02566	0.01138	0.01517	0.01183	0.01662	0.01038	0.02711	0.03041	0.11892	0.59071	0.02425	0.02141	0.01580	0.00776	0.00635	0.00195	0.00545	0.00641	0.00736	0.04508
29	0.01478	0.01680	0.03661	0.02625	0.03250	0.01575	0.69513	0.02001	0.01490	0.02021	0.01344	0.03771	0.01051	0.00574	0.00750	0.00215	0.01050	0.00777	0.00328	0.00846
30	0.00773	0.00552	0.00736	0.00883	0.00920	0.00515	0.00589	0.00883	0.01215	0.01619	0.03497	0.77291	0.04196	0.01987	0.00810	0.00258	0.00368	0.01803	0.00589	0.00515
31	0.02743	0.01134	0.01494	0.01150	0.01632	0.01022	0.00948	0.09685	0.01928	0.65122	0.04637	0.02179	0.01661	0.00799	0.00641	0.00196	0.00548	0.00647	0.00768	0.01064
32	0.01581	0.57795	0.22610	0.01282	0.01931	0.02229	0.01427	0.01929	0.01303	0.01633	0.00952	0.01105	0.00811	0.00559	0.00460	0.00153	0.00749	0.00374	0.00270	0.00848
33	0.01468	0.01216	0.04442	0.01326	0.06168	0.01217	0.00999	0.02519	0.37726	0.09165	0.09276	0.08607	0.09200	0.01043	0.00680	0.00215	0.00497	0.02743	0.00615	0.00879
34	0.00892	0.00675	0.00797	0.00844	0.00978	0.00632	0.00600	0.06062	0.01448	0.01872	0.08025	0.45248	0.26106	0.01740	0.00775	0.00236	0.00374	0.01531	0.00598	0.00567
35	0.01169	0.00949	0.01427	0.01341	0.01587	0.00949	0.10642	0.05715	0.06153	0.02058	0.03147	0.10974	0.08143	0.01475	0.00815	0.00262	0.00617	0.41351	0.00556	0.00670
36	0.01518	0.01456	0.02514	0.03581	0.63858	0.01449	0.06342	0.01878	0.01410	0.02009	0.01258	0.01767	0.01097	0.06182	0.00825	0.00221	0.00764	0.00603	0.00320	0.00950
37	0.01361	0.01340	0.01876	0.01629	0.01640	0.01855	0.01361	0.01511	0.01007	0.01554	0.01017	0.01808	0.01038	0.01157	0.01994	0.00279	0.71011	0.05575	0.00300	0.00686
38	0.00912	0.00611	0.00695	0.00705	0.00707	0.00608	0.00398	0.00920	0.00942	0.01256	0.02100	0.09074	0.02434	0.72609	0.03066	0.00591	0.00598	0.00982	0.00398	0.00393
39	0.01445	0.01351	0.02274	0.13676	0.54377	0.01390	0.01798	0.01817	0.01422	0.01986	0.01472	0.02330	0.01334	0.00733	0.00662	0.00205	0.00744	0.09731	0.00345	0.00907
40	0.01692	0.07017	0.01715	0.01347	0.01748	0.01698	0.03516	0.12119	0.55825	0.02723	0.02274	0.02135	0.01709	0.00813	0.00630	0.00206	0.00560	0.00672	0.00605	0.00995
41	0.00813	0.00693	0.00796	0.00913	0.06175	0.00604	0.00603	0.00982	0.01414	0.01727	0.05643	0.15562	0.58683	0.01583	0.00749	0.00218	0.00359	0.01346	0.00569	0.00567
42	0.01387	0.01308	0.01620	0.01198	0.01723	0.06530	0.09573	0.01693	0.01409	0.02059	0.06401	0.01601	0.01301	0.00552	0.00533	0.00122	0.00583	0.00481	0.00389	0.59538
43	0.00848	0.00647	0.00779	0.00746	0.00917	0.00577	0.00559	0.01101	0.01678	0.02265	0.50901	0.05198	0.28672	0.01401	0.00749	0.00204	0.00307	0.01212	0.00662	0.00577
44	0.01443	0.03710	0.01693	0.02000	0.25284	0.07237	0.01192	0.04889	0.11587	0.03546	0.17703	0.08133	0.07011	0.00955	0.00667	0.00198	0.00587	0.00835	0.00504	0.00827
45	0.01308	0.07996	0.64527	0.01751	0.02595	0.01575	0.02193	0.01967	0.01309	0.01940	0.01100	0.01322	0.00806	0.00636	0.00698	0.00202	0.06428	0.00467	0.00269	0.00912

[dist]
# distance from previous block
# <min> <max>
0	4

[block]
# block no. 8 follows, 35 sequences, length 18
# corresponding to MSA columns:
# 198-215
name=unknown_I
#
# <colnr> <probs for GDERKNQSTAVLIFYWHMCP>
#	G	D	E	R	K	N	Q	S	T	A	V	L	I	F	Y	W	H	M	C	P
0	0.01467	0.19336	0.52500	0.01620	0.02434	0.01742	0.01969	0.08256	0.01476	0.02076	0.01118	0.01286	0.00831	0.00604	0.00563	0.00186	0.00860	0.00450	0.00302	0.00924
1	0.01230	0.00782	0.00898	0.00814	0.01078	0.00704	0.00629	0.01564	0.07318	0.15290	0.17936	0.04821	0.41837	0.01337	0.00720	0.00208	0.00372	0.01124	0.00650	0.00685
2	0.00887	0.00667	0.00832	0.00886	0.01004	0.00644	0.00637	0.01211	0.07831	0.01978	0.22163	0.41385	0.11254	0.01656	0.00776	0.00236	0.00367	0.04379	0.00623	0.00586
3	0.06004	0.01576	0.01586	0.01302	0.01741	0.08171	0.01042	0.24402	0.25317	0.13320	0.01903	0.01818	0.01378	0.00757	0.00609	0.00190	0.00624	0.00588	0.00601	0.07069
4	0.01301	0.01054	0.01211	0.07815	0.01518	0.04942	0.00867	0.13062	0.06806	0.01958	0.02003	0.06372	0.04717	0.20346	0.22659	0.00536	0.00956	0.00780	0.00439	0.00659
5	0.01030	0.00763	0.01005	0.01224	0.12832	0.00763	0.00644	0.01093	0.01009	0.01370	0.01865	0.03723	0.02090	0.64887	0.02797	0.00544	0.00638	0.00863	0.00373	0.00487
6	0.00855	0.00646	0.00738	0.00749	0.00879	0.00601	0.00538	0.00997	0.01299	0.01654	0.11074	0.05293	0.33719	0.25155	0.05435	0.00387	0.00510	0.08447	0.00523	0.00502
7	0.01052	0.00897	0.01146	0.01203	0.04991	0.06425	0.00869	0.01272	0.01096	0.01500	0.01631	0.02412	0.01528	0.07298	0.62626	0.00894	0.01562	0.00663	0.00339	0.00595
8	0.01310	0.00989	0.01173	0.01153	0.01371	0.01053	0.00911	0.15178	0.14647	0.02351	0.02907	0.28446	0.03020	0.01476	0.00765	0.00247	0.00520	0.21141	0.00607	0.00734
9	0.01013	0.00767	0.00953	0.00920	0.01095	0.00767	0.00703	0.01545	0.13488	0.02434	0.50066	0.10028	0.04968	0.01317	0.00747	0.00215	0.00364	0.07280	0.00671	0.00658
10	0.01622	0.01676	0.02299	0.19271	0.46700	0.13725	0.01787	0.01973	0.01465	0.01888	0.01144	0.01526	0.00939	0.00595	0.00620	0.00189	0.00839	0.00539	0.00309	0.00895
11	0.01540	0.01310	0.01357	0.01210	0.01471	0.06910	0.00963	0.11154	0.24937	0.02398	0.02384	0.02678	0.08089	0.00975	0.00838	0.00211	0.11564	0.05252	0.13948	0.00810
12	0.07527	0.02442	0.01900	0.01975	0.15221	0.45989	0.01321	0.12407	0.01857	0.02090	0.01092	0.01270	0.00881	0.00649	0.00580	0.00174	0.00964	0.00457	0.00374	0.00832
13	0.30364	0.01288	0.01374	0.01109	0.01521	0.01389	0.04283	0.22671	0.01806	0.12747	0.01509	0.01585	0.01093	0.00689	0.00523	0.00187	0.00555	0.00512	0.13947	0.00849
14	0.07875	0.02483	0.01895	0.14040	0.02407	0.52217	0.06395	0.02297	0.01636	0.01692	0.01020	0.01268	0.00823	0.00637	0.00582	0.00177	0.01042	0.00454	0.00324	0.00736
15	0.01463	0.01358	0.02120	0.03001	0.51197	0.01383	0.01586	0.02054	0.13295	0.02178	0.07067	0.02261	0.06757	0.00743	0.00648	0.00196	0.00648	0.00689	0.00417	0.00941
16	0.00919	0.00750	0.01220	0.01190	0.01333	0.00709	0.10942	0.01122	0.01296	0.01726	0.03153	0.54670	0.03636	0.01738	0.00812	0.00257	0.00506	0.12896	0.00549	0.00576
17	0.01622	0.51021	0.05799	0.01163	0.01608	0.12675	0.01079	0.01827	0.01353	0.01545	0.01342	0.13725	0.01376	0.00802	0.00507	0.00163	0.00706	0.00598	0.00332	0.00758

[dist]
# distance from previous block
# <min> <max>
1	11

# created by:
# /home/cegg/simao/soft/augustus-3.2.1/scripts/msa2prfl.pl ./align_prep/EOG090W0G1I.fa
