[name]
unknown

[dist]
# distance from previous block
# <min> <max>
0	412

[block]
# block no. 0 follows, 31 sequences, length 24
# corresponding to MSA columns:
# 492-515
name=unknown_A
#
# <colnr> <probs for GDERKNQSTAVLIFYWHMCP>
#	G	D	E	R	K	N	Q	S	T	A	V	L	I	F	Y	W	H	M	C	P
0	0.01415	0.01352	0.02225	0.47408	0.19652	0.01630	0.01886	0.01814	0.01364	0.01845	0.01185	0.01745	0.00949	0.00743	0.00915	0.00233	0.11890	0.00607	0.00311	0.00833
1	0.18070	0.11463	0.17768	0.01220	0.01718	0.01406	0.01216	0.05236	0.01579	0.07096	0.14618	0.09206	0.02334	0.00947	0.00624	0.00209	0.00623	0.00755	0.03082	0.00831
2	0.01723	0.41770	0.12421	0.02088	0.20354	0.02203	0.01591	0.02187	0.06209	0.01935	0.01203	0.01401	0.01014	0.00624	0.00548	0.00177	0.00777	0.00477	0.00332	0.00964
3	0.52468	0.15442	0.01644	0.01102	0.01542	0.14417	0.00922	0.02145	0.01343	0.02555	0.00971	0.01130	0.00791	0.00638	0.00460	0.00193	0.00691	0.00382	0.00387	0.00775
4	0.02406	0.01019	0.01363	0.01095	0.01515	0.00889	0.00885	0.02678	0.01925	0.50543	0.19567	0.03294	0.07656	0.01041	0.00725	0.00214	0.00503	0.00873	0.00810	0.00999
5	0.00828	0.00687	0.00724	0.00729	0.00939	0.00584	0.00541	0.01014	0.01585	0.01941	0.13881	0.10976	0.59769	0.01723	0.00813	0.00232	0.00347	0.01454	0.00648	0.00584
6	0.00980	0.00723	0.01047	0.01047	0.01151	0.00827	0.00789	0.01188	0.01084	0.01549	0.01881	0.02954	0.01826	0.15689	0.62846	0.01034	0.01658	0.00772	0.00374	0.00582
7	0.01702	0.01470	0.01547	0.01392	0.01779	0.01702	0.01083	0.03635	0.70453	0.02862	0.02785	0.02553	0.02088	0.00928	0.00696	0.00232	0.00541	0.00773	0.00696	0.01083
8	0.00953	0.00699	0.00893	0.00845	0.01013	0.00639	0.00633	0.01261	0.01900	0.02658	0.65166	0.05251	0.12671	0.01431	0.00807	0.00217	0.00325	0.01257	0.00742	0.00639
9	0.00977	0.00733	0.01100	0.01100	0.01222	0.00855	0.00855	0.01222	0.01100	0.01588	0.01833	0.02688	0.01710	0.05131	0.73245	0.01100	0.01833	0.00733	0.00367	0.00611
10	0.00834	0.00595	0.00794	0.00953	0.00992	0.00556	0.00635	0.00953	0.01310	0.01746	0.03771	0.75510	0.04525	0.02143	0.00873	0.00278	0.00397	0.01945	0.00635	0.00556
11	0.01693	0.01626	0.02777	0.04199	0.71689	0.01626	0.02100	0.02100	0.01558	0.02235	0.01287	0.01693	0.01084	0.00610	0.00677	0.00203	0.00813	0.00610	0.00339	0.01084
12	0.01693	0.01626	0.02777	0.04199	0.71689	0.01626	0.02100	0.02100	0.01558	0.02235	0.01287	0.01693	0.01084	0.00610	0.00677	0.00203	0.00813	0.00610	0.00339	0.01084
13	0.00968	0.00699	0.00914	0.00861	0.01022	0.00646	0.00646	0.01291	0.01937	0.02743	0.71328	0.05110	0.06455	0.01399	0.00807	0.00215	0.00323	0.01237	0.00753	0.00646
14	0.01290	0.01154	0.01901	0.66436	0.04293	0.01426	0.01748	0.01732	0.01375	0.01834	0.01325	0.01902	0.01002	0.00696	0.00662	0.00221	0.00849	0.00611	0.08797	0.00747
15	0.00977	0.00733	0.01100	0.01100	0.01222	0.00855	0.00855	0.01222	0.01100	0.01588	0.01833	0.02688	0.01710	0.05131	0.73245	0.01100	0.01833	0.00733	0.00367	0.00611
16	0.01497	0.01497	0.02095	0.01796	0.01796	0.02095	0.01497	0.01646	0.01048	0.01646	0.00898	0.01497	0.00898	0.01197	0.02245	0.00299	0.74704	0.00599	0.00299	0.00748
17	0.01292	0.01216	0.02052	0.74312	0.04712	0.01520	0.01900	0.01748	0.01368	0.01748	0.01216	0.01824	0.00912	0.00684	0.00684	0.00228	0.00912	0.00608	0.00304	0.00760
18	0.01419	0.01216	0.01419	0.01013	0.01621	0.00912	0.00811	0.01723	0.01419	0.02229	0.01216	0.01419	0.01013	0.00507	0.00507	0.00101	0.00507	0.00405	0.00405	0.80139
19	0.01702	0.01470	0.01547	0.01392	0.01779	0.01702	0.01083	0.03635	0.70453	0.02862	0.02785	0.02553	0.02088	0.00928	0.00696	0.00232	0.00541	0.00773	0.00696	0.01083
20	0.01341	0.01199	0.01774	0.35222	0.08645	0.01237	0.01402	0.01706	0.01371	0.01933	0.01296	0.01837	0.01076	0.04465	0.04189	0.00243	0.00789	0.00560	0.00352	0.29363
21	0.02416	0.01892	0.01945	0.01547	0.02052	0.05566	0.01257	0.52734	0.16814	0.03886	0.01846	0.01807	0.01337	0.00837	0.00683	0.00209	0.00734	0.00639	0.00670	0.01129
22	0.01693	0.00840	0.01099	0.01002	0.01272	0.00743	0.00761	0.01908	0.01691	0.28408	0.14969	0.27047	0.12798	0.01477	0.00784	0.00236	0.00448	0.01288	0.00734	0.00802
23	0.02461	0.01802	0.01884	0.01487	0.01986	0.04875	0.01213	0.51171	0.10390	0.08631	0.01849	0.01822	0.01322	0.00829	0.00672	0.00205	0.00714	0.00632	0.04944	0.01111

[dist]
# distance from previous block
# <min> <max>
1	11

[block]
# block no. 1 follows, 31 sequences, length 32
# corresponding to MSA columns:
# 527-558
name=unknown_B
#
# <colnr> <probs for GDERKNQSTAVLIFYWHMCP>
#	G	D	E	R	K	N	Q	S	T	A	V	L	I	F	Y	W	H	M	C	P
0	0.02553	0.01700	0.01935	0.01609	0.05928	0.01820	0.01249	0.50560	0.02808	0.15581	0.01835	0.01813	0.01282	0.00812	0.00673	0.00204	0.00703	0.00629	0.05176	0.01129
1	0.10919	0.47986	0.06933	0.01278	0.01853	0.05369	0.01228	0.13483	0.01700	0.02267	0.01089	0.01217	0.00910	0.00640	0.00498	0.00169	0.00749	0.00420	0.00376	0.00915
2	0.01722	0.52134	0.05803	0.01179	0.01707	0.06264	0.01133	0.05731	0.01556	0.01830	0.02020	0.02080	0.12835	0.00802	0.00534	0.00169	0.00708	0.00573	0.00376	0.00844
3	0.10511	0.07095	0.45604	0.02151	0.14306	0.01676	0.02123	0.04952	0.01503	0.02338	0.01208	0.01437	0.00902	0.00645	0.00618	0.00209	0.00896	0.00504	0.00329	0.00991
4	0.00813	0.00677	0.00710	0.00737	0.00936	0.00574	0.00539	0.00977	0.01517	0.01831	0.06396	0.18253	0.60088	0.01802	0.00820	0.00239	0.00355	0.01529	0.00635	0.00574
5	0.02379	0.01798	0.02053	0.13888	0.02560	0.02020	0.01402	0.57953	0.02904	0.03878	0.01570	0.01673	0.01121	0.00798	0.00684	0.00209	0.00780	0.00615	0.00620	0.01095
6	0.01355	0.01300	0.01818	0.01613	0.01627	0.01763	0.01314	0.01505	0.01095	0.01660	0.01438	0.14095	0.01559	0.01584	0.06107	0.00342	0.57923	0.00834	0.00360	0.00708
7	0.01212	0.00692	0.00928	0.00997	0.01120	0.00632	0.00698	0.01356	0.01420	0.13668	0.03589	0.63121	0.04046	0.01924	0.00842	0.00267	0.00428	0.01732	0.00671	0.00659
8	0.01580	0.03264	0.60500	0.01886	0.02819	0.01679	0.02320	0.13550	0.01744	0.02530	0.01298	0.01478	0.00917	0.00679	0.00656	0.00215	0.00967	0.00524	0.00356	0.01037
9	0.01156	0.00606	0.00867	0.00867	0.00867	0.00606	0.00564	0.00909	0.00909	0.01212	0.01352	0.02485	0.01408	0.14833	0.02811	0.66648	0.00606	0.00662	0.00317	0.00317
10	0.01327	0.03073	0.60340	0.01833	0.02700	0.01453	0.02286	0.02040	0.01467	0.02146	0.01633	0.02506	0.01386	0.00860	0.00700	0.00233	0.00947	0.11777	0.00347	0.00947
11	0.01667	0.01430	0.01521	0.01385	0.01758	0.01649	0.01084	0.03507	0.66481	0.02815	0.02833	0.02850	0.02195	0.00984	0.00710	0.00237	0.00547	0.04597	0.00692	0.01057
12	0.00968	0.00699	0.00914	0.00861	0.01022	0.00646	0.00646	0.01291	0.01937	0.02743	0.71328	0.05110	0.06455	0.01399	0.00807	0.00215	0.00323	0.01237	0.00753	0.00646
13	0.01360	0.01285	0.02175	0.62442	0.16051	0.01538	0.01934	0.01808	0.01400	0.01830	0.01228	0.01802	0.00941	0.00671	0.00683	0.00224	0.00895	0.00608	0.00310	0.00815
14	0.00968	0.00699	0.00914	0.00861	0.01022	0.00646	0.00646	0.01291	0.01937	0.02743	0.71328	0.05110	0.06455	0.01399	0.00807	0.00215	0.00323	0.01237	0.00753	0.00646
15	0.01341	0.01242	0.02052	0.71588	0.04615	0.01543	0.01878	0.04282	0.01437	0.01844	0.01232	0.01817	0.00921	0.00689	0.00684	0.00227	0.00906	0.00608	0.00318	0.00775
16	0.00943	0.00641	0.00762	0.00813	0.00826	0.00628	0.00486	0.00981	0.01097	0.01463	0.02680	0.27539	0.03149	0.51992	0.02635	0.00538	0.00577	0.01303	0.00486	0.00460
17	0.00910	0.00655	0.00863	0.00900	0.01009	0.00607	0.00641	0.01146	0.01667	0.02315	0.42315	0.35344	0.05626	0.01718	0.00835	0.00242	0.00355	0.01541	0.00702	0.00607
18	0.01648	0.01579	0.02695	0.12151	0.64093	0.01614	0.02077	0.02060	0.01536	0.02180	0.01279	0.01708	0.01064	0.00618	0.00678	0.00206	0.00824	0.00609	0.00335	0.01047
19	0.03070	0.01164	0.01588	0.01217	0.01746	0.01006	0.01006	0.03334	0.01958	0.72163	0.02699	0.02329	0.01694	0.00847	0.00688	0.00212	0.00582	0.00688	0.00847	0.01164
20	0.50649	0.01261	0.01231	0.01023	0.01487	0.01330	0.00844	0.02524	0.01472	0.29864	0.01630	0.01583	0.01110	0.00717	0.00526	0.00212	0.00550	0.00494	0.00588	0.00905
21	0.01702	0.01470	0.01547	0.01392	0.01779	0.01702	0.01083	0.03635	0.70453	0.02862	0.02785	0.02553	0.02088	0.00928	0.00696	0.00232	0.00541	0.00773	0.00696	0.01083
22	0.00871	0.00624	0.00828	0.00927	0.01001	0.00581	0.00638	0.01047	0.01485	0.02025	0.22663	0.55823	0.05065	0.01935	0.00855	0.00260	0.00376	0.01747	0.00668	0.00581
23	0.01696	0.04461	0.24044	0.14501	0.08442	0.01642	0.19473	0.07250	0.01659	0.08160	0.01418	0.01711	0.01028	0.00661	0.00698	0.00218	0.00952	0.00629	0.00387	0.00971
24	0.01350	0.01276	0.02158	0.64103	0.14465	0.01535	0.01929	0.01799	0.01396	0.01819	0.01226	0.01805	0.00937	0.00673	0.00683	0.00224	0.00898	0.00608	0.00309	0.00807
25	0.00834	0.00595	0.00794	0.00953	0.00992	0.00556	0.00635	0.00953	0.01310	0.01746	0.03771	0.75510	0.04525	0.02143	0.00873	0.00278	0.00397	0.01945	0.00635	0.00556
26	0.00968	0.00699	0.00914	0.00861	0.01022	0.00646	0.00646	0.01291	0.01937	0.02743	0.71328	0.05110	0.06455	0.01399	0.00807	0.00215	0.00323	0.01237	0.00753	0.00646
27	0.01433	0.13176	0.63304	0.01847	0.02802	0.01737	0.02348	0.02151	0.01437	0.02093	0.01191	0.01398	0.00868	0.00641	0.00622	0.00207	0.00974	0.00487	0.00289	0.00993
28	0.02946	0.01362	0.01710	0.01311	0.01845	0.01300	0.01083	0.20741	0.02290	0.54288	0.02421	0.02148	0.01554	0.00840	0.00687	0.00210	0.00627	0.00669	0.00804	0.01164
29	0.00834	0.00595	0.00794	0.00953	0.00992	0.00556	0.00635	0.00953	0.01310	0.01746	0.03771	0.75510	0.04525	0.02143	0.00873	0.00278	0.00397	0.01945	0.00635	0.00556
30	0.02699	0.01228	0.01567	0.01245	0.01730	0.01159	0.01013	0.06774	0.13300	0.53187	0.06577	0.02488	0.02002	0.00890	0.00696	0.00215	0.00570	0.00730	0.00808	0.01121
31	0.01990	0.01911	0.01690	0.01494	0.01891	0.17353	0.01160	0.10897	0.47878	0.02767	0.02278	0.02162	0.01720	0.00867	0.00678	0.00217	0.00716	0.00683	0.00620	0.01029

[dist]
# distance from previous block
# <min> <max>
0	1

[block]
# block no. 2 follows, 31 sequences, length 38
# corresponding to MSA columns:
# 560-597
name=unknown_C
#
# <colnr> <probs for GDERKNQSTAVLIFYWHMCP>
#	G	D	E	R	K	N	Q	S	T	A	V	L	I	F	Y	W	H	M	C	P
0	0.01974	0.67578	0.03352	0.01176	0.01755	0.02508	0.01151	0.02199	0.01456	0.09856	0.01155	0.01241	0.00973	0.00616	0.00468	0.00154	0.00714	0.00403	0.00357	0.00911
1	0.01788	0.69836	0.09758	0.01241	0.01864	0.02607	0.01292	0.02059	0.01395	0.01660	0.00976	0.01129	0.00877	0.00591	0.00458	0.00153	0.00757	0.00378	0.00292	0.00890
2	0.80789	0.01323	0.01006	0.00900	0.01323	0.01535	0.00741	0.02011	0.01164	0.03070	0.00953	0.01111	0.00741	0.00635	0.00423	0.00212	0.00529	0.00370	0.00423	0.00741
3	0.01387	0.03300	0.64193	0.01932	0.02825	0.01648	0.02407	0.02106	0.01398	0.02106	0.01189	0.01451	0.00870	0.00714	0.00836	0.00226	0.09624	0.00516	0.00290	0.00980
4	0.00834	0.00595	0.00794	0.00953	0.00992	0.00556	0.00635	0.00953	0.01310	0.01746	0.03771	0.75510	0.04525	0.02143	0.00873	0.00278	0.00397	0.01945	0.00635	0.00556
5	0.01372	0.03539	0.72412	0.01950	0.02961	0.01589	0.02528	0.02167	0.01444	0.02167	0.01228	0.01444	0.00867	0.00650	0.00650	0.00217	0.01011	0.00506	0.00289	0.01011
6	0.02489	0.01861	0.01991	0.01552	0.02079	0.02070	0.01273	0.61272	0.11533	0.04132	0.01784	0.01755	0.01278	0.00834	0.00686	0.00209	0.00727	0.00635	0.00686	0.01153
7	0.01702	0.01470	0.01547	0.01392	0.01779	0.01702	0.01083	0.03635	0.70453	0.02862	0.02785	0.02553	0.02088	0.00928	0.00696	0.00232	0.00541	0.00773	0.00696	0.01083
8	0.01044	0.00800	0.01101	0.01066	0.01134	0.00938	0.00787	0.01198	0.01059	0.01510	0.01828	0.03130	0.01868	0.27686	0.42277	0.00864	0.09970	0.00802	0.00374	0.00563
9	0.01129	0.00750	0.00876	0.00813	0.01055	0.00652	0.00621	0.01366	0.01739	0.10382	0.29136	0.05567	0.40365	0.01511	0.00794	0.00223	0.00366	0.01283	0.00702	0.00670
10	0.02556	0.03261	0.01939	0.01763	0.02115	0.73210	0.01322	0.02732	0.01939	0.01674	0.01058	0.01234	0.00881	0.00705	0.00617	0.00176	0.01234	0.00441	0.00353	0.00793
11	0.00963	0.00699	0.00907	0.00855	0.01019	0.00643	0.00641	0.01280	0.01923	0.02711	0.69006	0.05164	0.08797	0.01411	0.00807	0.00216	0.00324	0.01245	0.00749	0.00643
12	0.00995	0.00663	0.00746	0.00746	0.00746	0.00663	0.00415	0.00995	0.00995	0.01327	0.02156	0.04477	0.02487	0.75957	0.03482	0.00663	0.00663	0.00995	0.00415	0.00415
13	0.00834	0.00595	0.00794	0.00953	0.00992	0.00556	0.00635	0.00953	0.01310	0.01746	0.03771	0.75510	0.04525	0.02143	0.00873	0.00278	0.00397	0.01945	0.00635	0.00556
14	0.02824	0.01456	0.01663	0.01321	0.01822	0.07286	0.01073	0.10452	0.09668	0.51232	0.02456	0.02187	0.01612	0.00841	0.00683	0.00210	0.00651	0.00669	0.00771	0.01124
15	0.01702	0.01470	0.01547	0.01392	0.01779	0.01702	0.01083	0.03635	0.70453	0.02862	0.02785	0.02553	0.02088	0.00928	0.00696	0.00232	0.00541	0.00773	0.00696	0.01083
16	0.00980	0.00723	0.01047	0.01047	0.01151	0.00827	0.00789	0.01188	0.01084	0.01549	0.01881	0.02955	0.01826	0.15701	0.62834	0.01034	0.01658	0.00772	0.00374	0.00582
17	0.01292	0.01216	0.02052	0.74312	0.04712	0.01520	0.01900	0.01748	0.01368	0.01748	0.01216	0.01824	0.00912	0.00684	0.00684	0.00228	0.00912	0.00608	0.00304	0.00760
18	0.02174	0.01491	0.01655	0.01390	0.01839	0.01633	0.01109	0.16492	0.42413	0.18152	0.02542	0.02325	0.01821	0.00890	0.00692	0.00222	0.00592	0.00724	0.00726	0.01116
19	0.00995	0.00663	0.00746	0.00746	0.00746	0.00663	0.00415	0.00995	0.00995	0.01327	0.02156	0.04477	0.02487	0.75957	0.03482	0.00663	0.00663	0.00995	0.00415	0.00415
20	0.02397	0.01517	0.01718	0.01396	0.01877	0.01623	0.01128	0.24178	0.28642	0.24278	0.02400	0.02199	0.01679	0.00870	0.00690	0.00218	0.00620	0.00698	0.00738	0.01133
21	0.01776	0.01833	0.08847	0.01827	0.07521	0.04844	0.07291	0.08846	0.43585	0.02759	0.02220	0.02180	0.01667	0.00827	0.00695	0.00223	0.00710	0.00710	0.00582	0.01056
22	0.01557	0.01170	0.01352	0.01043	0.01528	0.01014	0.00829	0.07118	0.07007	0.06412	0.09747	0.02117	0.01854	0.00715	0.00577	0.00145	0.00493	0.00586	0.08270	0.46468
23	0.04254	0.04078	0.10925	0.16715	0.24291	0.01622	0.04642	0.06265	0.01539	0.02222	0.01231	0.01605	0.00985	0.00677	0.00773	0.00205	0.06847	0.00565	0.00354	0.10204
24	0.01512	0.02497	0.32989	0.04977	0.16832	0.01654	0.22943	0.02131	0.01504	0.02158	0.01277	0.01631	0.00965	0.00638	0.00756	0.00221	0.03390	0.00626	0.00317	0.00982
25	0.00968	0.00699	0.00914	0.00861	0.01022	0.00646	0.00646	0.01291	0.01937	0.02743	0.71328	0.05110	0.06455	0.01399	0.00807	0.00215	0.00323	0.01237	0.00753	0.00646
26	0.00834	0.00595	0.00794	0.00953	0.00992	0.00556	0.00635	0.00953	0.01310	0.01746	0.03771	0.75510	0.04525	0.02143	0.00873	0.00278	0.00397	0.01945	0.00635	0.00556
27	0.15012	0.11317	0.27240	0.03766	0.07156	0.03933	0.01673	0.07488	0.09632	0.02474	0.01428	0.01689	0.01116	0.00720	0.00604	0.00209	0.00800	0.02385	0.00406	0.00950
28	0.00832	0.00600	0.00789	0.00941	0.00989	0.00557	0.00630	0.00954	0.01321	0.01751	0.03909	0.72502	0.07444	0.02125	0.00870	0.00276	0.00395	0.01923	0.00635	0.00557
29	0.00858	0.00611	0.00805	0.00931	0.00983	0.00572	0.00625	0.00994	0.01367	0.01841	0.11583	0.63597	0.04645	0.05886	0.01001	0.00291	0.00402	0.01813	0.00637	0.00559
30	0.00906	0.00683	0.00846	0.00945	0.01046	0.00653	0.00654	0.01185	0.06740	0.01907	0.08229	0.56033	0.13726	0.01947	0.00847	0.00264	0.00397	0.01742	0.00647	0.00605
31	0.01974	0.23735	0.05870	0.11164	0.06235	0.05818	0.15731	0.05682	0.01662	0.13679	0.01437	0.01634	0.01076	0.00662	0.00633	0.00196	0.00864	0.00579	0.00423	0.00946
32	0.01400	0.01289	0.02108	0.64623	0.09759	0.01563	0.01880	0.05726	0.01491	0.01935	0.01246	0.01803	0.00940	0.00686	0.00683	0.00225	0.00895	0.00609	0.00329	0.00809
33	0.00980	0.00724	0.01054	0.01054	0.01160	0.00830	0.00798	0.01192	0.01086	0.01554	0.01874	0.02919	0.01811	0.14302	0.64212	0.01043	0.01681	0.00767	0.00373	0.00585
34	0.01597	0.26982	0.40008	0.01710	0.02479	0.05702	0.04214	0.02128	0.01435	0.01931	0.01115	0.01337	0.00879	0.00661	0.00678	0.00197	0.05240	0.00472	0.00296	0.00938
35	0.02157	0.01729	0.09005	0.12243	0.06739	0.04562	0.07335	0.11967	0.11588	0.22682	0.01937	0.01978	0.01353	0.00768	0.00691	0.00216	0.00781	0.00656	0.00575	0.01038
36	0.00879	0.00668	0.00983	0.01065	0.01143	0.00624	0.04639	0.01025	0.01328	0.01772	0.03631	0.71208	0.04321	0.02052	0.00869	0.00275	0.00441	0.01878	0.00618	0.00577
37	0.01918	0.13123	0.06240	0.01355	0.01760	0.03776	0.01174	0.12103	0.05309	0.15195	0.01988	0.14460	0.01775	0.01043	0.00880	0.00218	0.10797	0.00802	0.00542	0.05544

[dist]
# distance from previous block
# <min> <max>
0	26

[block]
# block no. 3 follows, 31 sequences, length 28
# corresponding to MSA columns:
# 630-649,654-661
name=unknown_D
#
# <colnr> <probs for GDERKNQSTAVLIFYWHMCP>
#	G	D	E	R	K	N	Q	S	T	A	V	L	I	F	Y	W	H	M	C	P
0	0.05183	0.01388	0.01377	0.01294	0.03199	0.12400	0.02487	0.05329	0.13484	0.04528	0.20181	0.14124	0.07919	0.01222	0.00774	0.00224	0.02463	0.01026	0.00608	0.00790
1	0.16493	0.01608	0.01742	0.01627	0.06951	0.07717	0.01229	0.14710	0.06817	0.06295	0.01516	0.01914	0.01246	0.00915	0.01024	0.00233	0.19183	0.03752	0.04141	0.00889
2	0.01569	0.21573	0.45007	0.01797	0.02641	0.01868	0.07906	0.02216	0.03407	0.04170	0.01260	0.01450	0.00944	0.00641	0.00613	0.00200	0.00927	0.00510	0.00323	0.00977
3	0.01757	0.01639	0.03319	0.02418	0.02996	0.01581	0.50276	0.02243	0.01600	0.10758	0.01577	0.01935	0.01165	0.00674	0.00874	0.00228	0.06512	0.00764	0.06768	0.00916
4	0.01424	0.01556	0.07227	0.01722	0.01813	0.01906	0.01495	0.01633	0.01084	0.01678	0.01037	0.01639	0.00995	0.01639	0.10831	0.00391	0.60264	0.00608	0.00307	0.00751
5	0.01492	0.01391	0.02341	0.35342	0.38050	0.01527	0.01926	0.01916	0.01467	0.02034	0.01305	0.01797	0.01042	0.00653	0.00670	0.00212	0.00831	0.00610	0.04480	0.00916
6	0.01656	0.01548	0.02636	0.03952	0.66399	0.01548	0.01987	0.02009	0.01508	0.02157	0.01280	0.01722	0.01092	0.00742	0.00826	0.06173	0.00796	0.00608	0.00336	0.01025
7	0.01702	0.01470	0.01547	0.01392	0.01779	0.01702	0.01083	0.03635	0.70453	0.02862	0.02785	0.02553	0.02088	0.00928	0.00696	0.00232	0.00541	0.00773	0.00696	0.01083
8	0.00834	0.00595	0.00794	0.00953	0.00992	0.00556	0.00635	0.00953	0.01310	0.01746	0.03771	0.75510	0.04525	0.02143	0.00873	0.00278	0.00397	0.01945	0.00635	0.00556
9	0.00992	0.00691	0.00858	0.00816	0.00984	0.00638	0.00612	0.01300	0.01836	0.02633	0.56341	0.04927	0.12119	0.01354	0.00765	0.00210	0.00325	0.01181	0.10780	0.00638
10	0.12155	0.01600	0.02142	0.01644	0.02149	0.01675	0.15302	0.32312	0.02318	0.09371	0.07279	0.05494	0.01715	0.00858	0.00696	0.00216	0.00742	0.00744	0.00598	0.00989
11	0.02169	0.00954	0.01267	0.01041	0.01407	0.00846	0.00832	0.02459	0.01905	0.41522	0.26957	0.03333	0.03385	0.01038	0.00712	0.00208	0.00467	0.00878	0.07685	0.00935
12	0.00860	0.00595	0.00801	0.00948	0.00985	0.00559	0.00632	0.00948	0.01279	0.01705	0.03577	0.70015	0.04275	0.02161	0.01008	0.06251	0.00412	0.01844	0.00610	0.00536
13	0.01548	0.01567	0.02141	0.01975	0.07038	0.04497	0.01536	0.01718	0.01116	0.01691	0.00933	0.01502	0.00911	0.01137	0.02072	0.00288	0.66657	0.00594	0.00304	0.00775
14	0.00962	0.00693	0.00914	0.00902	0.01048	0.00645	0.00678	0.01259	0.01833	0.02569	0.57979	0.13936	0.06030	0.01527	0.00825	0.00230	0.00355	0.06252	0.00729	0.00633
15	0.01188	0.00594	0.00891	0.00891	0.00891	0.00594	0.00594	0.00891	0.00891	0.01188	0.01188	0.02080	0.01188	0.02377	0.02674	0.80095	0.00594	0.00594	0.00297	0.00297
16	0.00846	0.00600	0.00790	0.00937	0.00974	0.00564	0.00619	0.00956	0.01286	0.01715	0.03650	0.70206	0.04373	0.07655	0.01068	0.00307	0.00417	0.01874	0.00619	0.00545
17	0.01825	0.61643	0.12207	0.01314	0.01936	0.07841	0.01354	0.02115	0.01438	0.01685	0.00994	0.01152	0.00877	0.00602	0.00479	0.00158	0.00805	0.00389	0.00297	0.00889
18	0.32015	0.01476	0.01493	0.01221	0.01696	0.01611	0.00999	0.21364	0.11248	0.17820	0.01757	0.01709	0.01240	0.00771	0.00588	0.00213	0.00604	0.00560	0.00622	0.00994
19	0.00982	0.00715	0.01010	0.01010	0.01101	0.00806	0.00743	0.01164	0.01073	0.01522	0.01915	0.03142	0.01908	0.23113	0.55533	0.00989	0.01536	0.00799	0.00379	0.00561
20	0.01507	0.01268	0.01466	0.01055	0.01659	0.01002	0.00847	0.06776	0.01553	0.02385	0.01248	0.01435	0.01025	0.00530	0.00520	0.00109	0.00525	0.00421	0.00426	0.74242
21	0.18010	0.11189	0.49831	0.01644	0.02485	0.01702	0.02003	0.02121	0.01380	0.02293	0.01139	0.01336	0.00842	0.00640	0.00579	0.00208	0.00879	0.00462	0.00317	0.00940
22	0.01829	0.76368	0.03585	0.01171	0.01756	0.02707	0.01171	0.02049	0.01390	0.01610	0.00951	0.01097	0.00878	0.00585	0.00439	0.00146	0.00732	0.00366	0.00293	0.00878
23	0.01118	0.00619	0.00839	0.00839	0.00839	0.00619	0.00529	0.00929	0.00929	0.01238	0.01539	0.02948	0.01659	0.29031	0.02967	0.51321	0.00619	0.00739	0.00340	0.00340
24	0.01732	0.13155	0.05786	0.16403	0.23586	0.14088	0.01674	0.02073	0.01509	0.01916	0.01198	0.01567	0.00994	0.00695	0.00746	0.00201	0.06772	0.00539	0.04479	0.00886
25	0.01857	0.13109	0.24214	0.01858	0.02566	0.01807	0.16149	0.11461	0.08641	0.09384	0.01578	0.01705	0.01149	0.00695	0.00666	0.00209	0.00877	0.00609	0.00451	0.01016
26	0.01620	0.11419	0.19418	0.01323	0.02011	0.01411	0.01332	0.05351	0.04836	0.06054	0.01361	0.01498	0.01055	0.00606	0.00561	0.00153	0.00679	0.00468	0.00413	0.38429
27	0.01903	0.02019	0.01645	0.01322	0.01831	0.28189	0.01027	0.05336	0.01700	0.02120	0.01177	0.01360	0.00971	0.00596	0.00557	0.00135	0.00792	0.00429	0.00399	0.46493

[dist]
# distance from previous block
# <min> <max>
0	4

[block]
# block no. 4 follows, 31 sequences, length 28
# corresponding to MSA columns:
# 666-669,676-699
name=unknown_E
#
# <colnr> <probs for GDERKNQSTAVLIFYWHMCP>
#	G	D	E	R	K	N	Q	S	T	A	V	L	I	F	Y	W	H	M	C	P
0	0.00831	0.00603	0.00786	0.00931	0.00987	0.00557	0.00626	0.00955	0.01330	0.01755	0.04031	0.69831	0.10036	0.02110	0.00868	0.00274	0.00393	0.01904	0.00635	0.00557
1	0.01726	0.01805	0.06238	0.09079	0.02834	0.06570	0.27861	0.08220	0.07157	0.04782	0.01578	0.05641	0.01288	0.00827	0.00952	0.00235	0.11124	0.00755	0.00425	0.00903
2	0.01461	0.01486	0.02805	0.20480	0.03277	0.01546	0.33742	0.05597	0.01572	0.02095	0.01890	0.02321	0.07741	0.01076	0.05903	0.00293	0.04711	0.00791	0.00381	0.00832
3	0.00830	0.00609	0.00780	0.00916	0.00983	0.00559	0.00619	0.00957	0.01345	0.01761	0.04217	0.65778	0.13969	0.02085	0.00864	0.00271	0.00390	0.01874	0.00635	0.00559
4	0.00839	0.00608	0.00793	0.00930	0.00989	0.00562	0.00628	0.00972	0.01360	0.01806	0.07524	0.67012	0.09300	0.02076	0.00865	0.00271	0.00390	0.01873	0.00641	0.00562
5	0.01954	0.09659	0.06007	0.03443	0.05384	0.01492	0.03202	0.02559	0.14719	0.22751	0.02145	0.08090	0.01714	0.01178	0.04862	0.00273	0.08282	0.00753	0.00570	0.00963
6	0.00995	0.00663	0.00746	0.00746	0.00746	0.00663	0.00415	0.00995	0.00995	0.01327	0.02156	0.04477	0.02487	0.75957	0.03482	0.00663	0.00663	0.00995	0.00415	0.00415
7	0.01859	0.01190	0.01316	0.01159	0.01514	0.01284	0.00908	0.03038	0.38761	0.16453	0.02622	0.02508	0.01922	0.00878	0.00637	0.00209	0.00491	0.00721	0.21548	0.00982
8	0.01859	0.01982	0.13101	0.08043	0.02646	0.01879	0.13793	0.24086	0.07830	0.02804	0.01465	0.01716	0.01107	0.00813	0.00971	0.00232	0.13579	0.00643	0.00466	0.00984
9	0.01681	0.01840	0.13255	0.10696	0.25920	0.01565	0.13813	0.08845	0.01698	0.05812	0.01580	0.07282	0.01321	0.00767	0.00713	0.00219	0.00866	0.00734	0.00411	0.00981
10	0.01356	0.01303	0.02066	0.37229	0.03238	0.01670	0.05153	0.01674	0.01234	0.01706	0.01182	0.01875	0.01026	0.04813	0.04504	0.00313	0.27966	0.00640	0.00313	0.00741
11	0.00834	0.00595	0.00794	0.00953	0.00992	0.00556	0.00635	0.00953	0.01310	0.01746	0.03771	0.75510	0.04525	0.02143	0.00873	0.00278	0.00397	0.01945	0.00635	0.00556
12	0.01440	0.01296	0.01468	0.01233	0.05968	0.04714	0.00896	0.01729	0.01457	0.02161	0.01608	0.04843	0.04698	0.00655	0.00554	0.00126	0.00551	0.00538	0.00420	0.63645
13	0.29929	0.03978	0.03673	0.07888	0.04306	0.24363	0.01177	0.02428	0.01578	0.12948	0.01295	0.01428	0.00965	0.00692	0.00564	0.00200	0.00825	0.00474	0.00445	0.00846
14	0.02464	0.01848	0.01976	0.01546	0.02069	0.02058	0.01267	0.59381	0.13467	0.04091	0.01817	0.01781	0.01304	0.00838	0.00686	0.00209	0.00721	0.00640	0.00686	0.01151
15	0.01463	0.13002	0.56679	0.02061	0.09333	0.01740	0.02307	0.02145	0.01448	0.02099	0.01197	0.01422	0.00889	0.00638	0.00625	0.00206	0.00955	0.00497	0.00294	0.01000
16	0.00828	0.00618	0.00771	0.00893	0.00977	0.00561	0.00609	0.00959	0.01367	0.01770	0.04493	0.59760	0.19809	0.02050	0.00858	0.00267	0.00385	0.01830	0.00635	0.00561
17	0.01422	0.02236	0.28882	0.01818	0.02211	0.01837	0.01857	0.01823	0.01202	0.01842	0.01073	0.01539	0.00929	0.01195	0.05357	0.00310	0.42758	0.00570	0.00299	0.00841
18	0.01572	0.01030	0.01282	0.01263	0.05067	0.01016	0.00932	0.11571	0.05687	0.13123	0.12211	0.16839	0.14376	0.01412	0.00788	0.00240	0.00519	0.09579	0.00677	0.00818
19	0.01665	0.01597	0.02726	0.09099	0.67008	0.01618	0.02086	0.02075	0.01545	0.02201	0.01282	0.01702	0.01072	0.00615	0.00678	0.00205	0.00820	0.00609	0.00336	0.01061
20	0.01877	0.00894	0.01199	0.01024	0.01337	0.00796	0.00802	0.02157	0.01894	0.33047	0.35722	0.09694	0.04212	0.01218	0.00760	0.00219	0.00442	0.01055	0.00784	0.00865
21	0.01101	0.00959	0.01541	0.23654	0.09666	0.01021	0.04588	0.01378	0.01382	0.01826	0.02781	0.38098	0.06398	0.01440	0.00789	0.00250	0.00632	0.01316	0.00489	0.00693
22	0.01839	0.01926	0.02154	0.01824	0.02003	0.18897	0.06511	0.02121	0.04794	0.04950	0.01148	0.01551	0.01000	0.01004	0.01602	0.00258	0.44661	0.00590	0.00360	0.00808
23	0.01435	0.01358	0.02314	0.54477	0.15938	0.01577	0.06613	0.04537	0.01491	0.01964	0.01257	0.01796	0.00960	0.00669	0.00691	0.00223	0.00906	0.00623	0.00328	0.00843
24	0.00875	0.00615	0.00786	0.00905	0.00957	0.00583	0.00602	0.00994	0.01280	0.01725	0.03600	0.57731	0.07426	0.11598	0.03500	0.00346	0.00471	0.01707	0.03753	0.00544
25	0.01688	0.10288	0.27962	0.01687	0.02267	0.01764	0.04389	0.08556	0.06035	0.07503	0.01544	0.06025	0.01269	0.00883	0.00961	0.00229	0.14935	0.00648	0.00420	0.00946
26	0.01457	0.05133	0.05174	0.37592	0.08767	0.03799	0.01642	0.07326	0.01588	0.02065	0.03460	0.04414	0.03273	0.00914	0.00758	0.00231	0.03242	0.07953	0.00402	0.00810
27	0.01035	0.00809	0.01131	0.09244	0.07681	0.00842	0.00853	0.01201	0.01224	0.01634	0.02728	0.19008	0.09129	0.27256	0.12745	0.00517	0.00795	0.01124	0.00456	0.00588

[dist]
# distance from previous block
# <min> <max>
18	80

[block]
# block no. 5 follows, 31 sequences, length 27
# corresponding to MSA columns:
# 794-820
name=unknown_F
#
# <colnr> <probs for GDERKNQSTAVLIFYWHMCP>
#	G	D	E	R	K	N	Q	S	T	A	V	L	I	F	Y	W	H	M	C	P
0	0.10893	0.01417	0.01439	0.05156	0.01764	0.08118	0.00992	0.08550	0.08776	0.07353	0.02210	0.04667	0.07592	0.02976	0.00754	0.00209	0.02463	0.04525	0.00522	0.19624
1	0.05192	0.07028	0.04639	0.01394	0.01877	0.04284	0.03138	0.23630	0.14996	0.14121	0.08283	0.02326	0.04292	0.00886	0.00674	0.00209	0.00663	0.00708	0.00641	0.01018
2	0.01884	0.13304	0.02129	0.01460	0.01798	0.04125	0.03855	0.08623	0.04260	0.11870	0.03895	0.01786	0.01333	0.00892	0.01130	0.00217	0.24520	0.00594	0.04769	0.07555
3	0.09878	0.01035	0.01221	0.01130	0.01297	0.01174	0.00853	0.03557	0.09568	0.06163	0.05314	0.16961	0.06795	0.13676	0.01534	0.03474	0.14137	0.01007	0.00527	0.00698
4	0.01379	0.01095	0.01406	0.01256	0.01483	0.06301	0.07842	0.01650	0.08787	0.04572	0.02348	0.19909	0.04893	0.01618	0.01324	0.23735	0.00631	0.02921	0.00483	0.06366
5	0.04069	0.01929	0.08776	0.02094	0.14579	0.08908	0.08938	0.15958	0.07427	0.04831	0.04239	0.01799	0.01345	0.00713	0.00661	0.00195	0.00803	0.00612	0.00478	0.11645
6	0.02122	0.01659	0.01610	0.03871	0.01855	0.14719	0.01064	0.14798	0.07938	0.15716	0.06463	0.04815	0.01757	0.00841	0.00649	0.00188	0.00696	0.00666	0.03717	0.14856
7	0.00997	0.00720	0.01033	0.01033	0.01144	0.00821	0.00784	0.01218	0.01108	0.01616	0.01892	0.02878	0.01799	0.12712	0.61257	0.00996	0.01614	0.00756	0.05031	0.00591
8	0.01520	0.01302	0.01949	0.31689	0.09473	0.01488	0.04524	0.09458	0.07045	0.04500	0.01972	0.07478	0.05467	0.01078	0.03562	0.00264	0.05152	0.00783	0.00446	0.00850
9	0.00960	0.00649	0.00756	0.00790	0.00799	0.00640	0.00462	0.00986	0.01062	0.01416	0.02500	0.19639	0.02922	0.60201	0.02925	0.00581	0.00606	0.01198	0.00462	0.00445
10	0.01419	0.01216	0.01419	0.01013	0.01621	0.00912	0.00811	0.01723	0.01419	0.02229	0.01216	0.01419	0.01013	0.00507	0.00507	0.00101	0.00507	0.00405	0.00405	0.80139
11	0.01690	0.25812	0.21460	0.05529	0.02260	0.11617	0.01631	0.02063	0.01415	0.01819	0.01094	0.01380	0.00915	0.00747	0.00874	0.00203	0.14768	0.00481	0.03378	0.00862
12	0.00916	0.00697	0.00842	0.00806	0.00990	0.00623	0.00604	0.01189	0.01813	0.02449	0.50158	0.05595	0.27809	0.01508	0.00807	0.00220	0.00331	0.01305	0.00714	0.00623
13	0.01515	0.05341	0.01576	0.01057	0.01660	0.01085	0.00861	0.05992	0.01530	0.02326	0.01228	0.01415	0.01015	0.00531	0.00514	0.00110	0.00534	0.00416	0.00417	0.70875
14	0.01244	0.01288	0.06746	0.01437	0.01635	0.01341	0.05908	0.01553	0.01540	0.02246	0.34576	0.03242	0.03558	0.01210	0.01343	0.00248	0.28724	0.00911	0.00518	0.00730
15	0.01370	0.01284	0.02179	0.54402	0.13344	0.01483	0.05770	0.01814	0.01413	0.01894	0.01277	0.01819	0.00982	0.00664	0.00674	0.00216	0.00870	0.00612	0.03584	0.04348
16	0.01497	0.01497	0.02095	0.01796	0.01796	0.02095	0.01497	0.01646	0.01048	0.01646	0.00898	0.01497	0.00898	0.01197	0.02245	0.00299	0.74704	0.00599	0.00299	0.00748
17	0.00995	0.00663	0.00746	0.00746	0.00746	0.00663	0.00415	0.00995	0.00995	0.01327	0.02156	0.04477	0.02487	0.75957	0.03482	0.00663	0.00663	0.00995	0.00415	0.00415
18	0.03070	0.01164	0.01588	0.01217	0.01746	0.01006	0.01006	0.03334	0.01958	0.72163	0.02699	0.02329	0.01694	0.00847	0.00688	0.00212	0.00582	0.00688	0.00847	0.01164
19	0.01372	0.03539	0.72412	0.01950	0.02961	0.01589	0.02528	0.02167	0.01444	0.02167	0.01228	0.01444	0.00867	0.00650	0.00650	0.00217	0.01011	0.00506	0.00289	0.01011
20	0.01615	0.01845	0.04037	0.02884	0.03576	0.01730	0.69204	0.02191	0.01615	0.02191	0.01384	0.01845	0.01038	0.00577	0.00807	0.00231	0.01153	0.00807	0.00346	0.00923
21	0.00834	0.00595	0.00794	0.00953	0.00992	0.00556	0.00635	0.00953	0.01310	0.01746	0.03771	0.75510	0.04525	0.02143	0.00873	0.00278	0.00397	0.01945	0.00635	0.00556
22	0.01702	0.01470	0.01547	0.01392	0.01779	0.01702	0.01083	0.03635	0.70453	0.02862	0.02785	0.02553	0.02088	0.00928	0.00696	0.00232	0.00541	0.00773	0.00696	0.01083
23	0.01292	0.01216	0.02052	0.74312	0.04712	0.01520	0.01900	0.01748	0.01368	0.01748	0.01216	0.01824	0.00912	0.00684	0.00684	0.00228	0.00912	0.00608	0.00304	0.00760
24	0.01062	0.00771	0.01046	0.01172	0.01337	0.00755	0.01008	0.01363	0.01600	0.02079	0.09031	0.07405	0.11096	0.01837	0.00921	0.00299	0.00578	0.55376	0.00640	0.00626
25	0.01829	0.76368	0.03585	0.01171	0.01756	0.02707	0.01171	0.02049	0.01390	0.01610	0.00951	0.01097	0.00878	0.00585	0.00439	0.00146	0.00732	0.00366	0.00293	0.00878
26	0.01869	0.00989	0.01289	0.01190	0.01507	0.00954	0.00992	0.04283	0.07350	0.26448	0.10093	0.04712	0.03073	0.01311	0.00789	0.00251	0.00561	0.26450	0.05021	0.00869

[dist]
# distance from previous block
# <min> <max>
0	5

[block]
# block no. 6 follows, 31 sequences, length 14
# corresponding to MSA columns:
# 833-846
name=unknown_G
#
# <colnr> <probs for GDERKNQSTAVLIFYWHMCP>
#	G	D	E	R	K	N	Q	S	T	A	V	L	I	F	Y	W	H	M	C	P
0	0.00864	0.00619	0.00821	0.00932	0.00999	0.00576	0.00637	0.01029	0.01451	0.01971	0.19012	0.59628	0.04960	0.01975	0.00858	0.00264	0.00380	0.01785	0.00662	0.00576
1	0.00902	0.00695	0.00826	0.00815	0.00998	0.00620	0.00614	0.01153	0.01734	0.02296	0.38536	0.09472	0.32721	0.01595	0.00817	0.00229	0.00350	0.04319	0.00693	0.00612
2	0.01840	0.01193	0.01448	0.01077	0.01626	0.00970	0.00868	0.05276	0.01678	0.19456	0.07434	0.01959	0.01640	0.00679	0.00584	0.00143	0.00521	0.00554	0.00555	0.50499
3	0.01497	0.01497	0.02095	0.01796	0.01796	0.02095	0.01497	0.01646	0.01048	0.01646	0.00898	0.01497	0.00898	0.01197	0.02245	0.00299	0.74704	0.00599	0.00299	0.00748
4	0.01615	0.01845	0.04037	0.02884	0.03576	0.01730	0.69204	0.02191	0.01615	0.02191	0.01384	0.01845	0.01038	0.00577	0.00807	0.00231	0.01153	0.00807	0.00346	0.00923
5	0.01275	0.00638	0.00638	0.00638	0.00797	0.00638	0.00478	0.01594	0.01435	0.02551	0.02232	0.02551	0.01754	0.00797	0.00478	0.00159	0.00319	0.00638	0.79755	0.00638
6	0.00834	0.00595	0.00794	0.00953	0.00992	0.00556	0.00635	0.00953	0.01310	0.01746	0.03771	0.75510	0.04525	0.02143	0.00873	0.00278	0.00397	0.01945	0.00635	0.00556
7	0.80789	0.01323	0.01006	0.00900	0.01323	0.01535	0.00741	0.02011	0.01164	0.03070	0.00953	0.01111	0.00741	0.00635	0.00423	0.00212	0.00529	0.00370	0.00423	0.00741
8	0.13239	0.01260	0.01590	0.01257	0.01714	0.01254	0.01040	0.06251	0.01813	0.51674	0.02212	0.02039	0.01451	0.00857	0.00827	0.00221	0.08887	0.00632	0.00721	0.01061
9	0.01167	0.01055	0.04642	0.01036	0.01314	0.00976	0.00841	0.01937	0.20941	0.02600	0.38109	0.04456	0.15653	0.01285	0.00768	0.00223	0.00422	0.01105	0.00695	0.00775
10	0.01188	0.00594	0.00891	0.00891	0.00891	0.00594	0.00594	0.00891	0.00891	0.01188	0.01188	0.02080	0.01188	0.02377	0.02674	0.80095	0.00594	0.00594	0.00297	0.00297
11	0.02668	0.01808	0.01986	0.01523	0.02068	0.01961	0.01258	0.59883	0.03035	0.14093	0.01795	0.01741	0.01240	0.00825	0.00685	0.00206	0.00728	0.00626	0.00708	0.01164
12	0.01455	0.01475	0.02043	0.59654	0.04159	0.09801	0.01798	0.01852	0.01406	0.01731	0.01170	0.01728	0.00907	0.00731	0.00813	0.00228	0.07388	0.00588	0.00309	0.00763
13	0.01324	0.01249	0.02110	0.68702	0.10071	0.01528	0.01916	0.01776	0.01383	0.01787	0.01222	0.01814	0.00926	0.00678	0.00683	0.00226	0.00904	0.00608	0.00307	0.00786

[dist]
# distance from previous block
# <min> <max>
7	12

[block]
# block no. 7 follows, 31 sequences, length 22
# corresponding to MSA columns:
# 868-889
name=unknown_H
#
# <colnr> <probs for GDERKNQSTAVLIFYWHMCP>
#	G	D	E	R	K	N	Q	S	T	A	V	L	I	F	Y	W	H	M	C	P
0	0.00968	0.00699	0.00914	0.00861	0.01022	0.00646	0.00646	0.01291	0.01937	0.02743	0.71328	0.05110	0.06455	0.01399	0.00807	0.00215	0.00323	0.01237	0.00753	0.00646
1	0.00871	0.00624	0.00828	0.00927	0.01001	0.00581	0.00638	0.01047	0.01485	0.02025	0.22624	0.55863	0.05064	0.01936	0.00855	0.00260	0.00376	0.01747	0.00668	0.00581
2	0.03070	0.01164	0.01588	0.01217	0.01746	0.01006	0.01006	0.03334	0.01958	0.72163	0.02699	0.02329	0.01694	0.00847	0.00688	0.00212	0.00582	0.00688	0.00847	0.01164
3	0.01702	0.01470	0.01547	0.01392	0.01779	0.01702	0.01083	0.03635	0.70453	0.02862	0.02785	0.02553	0.02088	0.00928	0.00696	0.00232	0.00541	0.00773	0.00696	0.01083
4	0.00934	0.00698	0.00867	0.00825	0.01001	0.00631	0.00619	0.01225	0.01856	0.02552	0.57546	0.05426	0.20357	0.01470	0.00807	0.00219	0.00328	0.01281	0.00728	0.00631
5	0.08601	0.02574	0.01771	0.01580	0.01964	0.46330	0.01208	0.05458	0.15065	0.06773	0.01511	0.01565	0.01166	0.00756	0.00624	0.00193	0.00984	0.00522	0.00469	0.00883
6	0.01615	0.01845	0.04037	0.02884	0.03576	0.01730	0.69204	0.02191	0.01615	0.02191	0.01384	0.01845	0.01038	0.00577	0.00807	0.00231	0.01153	0.00807	0.00346	0.00923
7	0.00995	0.00663	0.00746	0.00746	0.00746	0.00663	0.00415	0.00995	0.00995	0.01327	0.02156	0.04477	0.02487	0.75957	0.03482	0.00663	0.00663	0.00995	0.00415	0.00415
8	0.02556	0.03261	0.01939	0.01763	0.02115	0.73210	0.01322	0.02732	0.01939	0.01674	0.01058	0.01234	0.00881	0.00705	0.00617	0.00176	0.01234	0.00441	0.00353	0.00793
9	0.02928	0.01362	0.07493	0.01278	0.01848	0.01054	0.01132	0.03237	0.01915	0.66326	0.02576	0.02255	0.01625	0.00830	0.00685	0.00212	0.00618	0.00673	0.00800	0.01152
10	0.00968	0.00699	0.00914	0.00861	0.01022	0.00646	0.00646	0.01291	0.01937	0.02743	0.71328	0.05110	0.06455	0.01399	0.00807	0.00215	0.00323	0.01237	0.00753	0.00646
11	0.02174	0.01598	0.01749	0.01424	0.01849	0.01744	0.01140	0.52891	0.02757	0.03693	0.02156	0.19465	0.01975	0.01140	0.00730	0.00223	0.00667	0.00937	0.00672	0.01017
12	0.00932	0.00646	0.00807	0.00867	0.00897	0.00646	0.00551	0.01006	0.01127	0.01517	0.02728	0.31172	0.03165	0.39409	0.10948	0.00570	0.00704	0.01323	0.00492	0.00492
13	0.01292	0.01216	0.02052	0.74312	0.04712	0.01520	0.01900	0.01748	0.01368	0.01748	0.01216	0.01824	0.00912	0.00684	0.00684	0.00228	0.00912	0.00608	0.00304	0.00760
14	0.00968	0.00699	0.00914	0.00861	0.01022	0.00646	0.00646	0.01291	0.01937	0.02743	0.71328	0.05110	0.06455	0.01399	0.00807	0.00215	0.00323	0.01237	0.00753	0.00646
15	0.00828	0.00694	0.00720	0.00714	0.00936	0.00586	0.00535	0.01020	0.01606	0.01959	0.14889	0.06402	0.63383	0.01691	0.00808	0.00229	0.00344	0.01418	0.00650	0.00586
16	0.02526	0.01879	0.02011	0.01559	0.02093	0.02087	0.01282	0.63924	0.08823	0.04191	0.01738	0.01718	0.01241	0.00830	0.00685	0.00208	0.00735	0.00629	0.00685	0.01157
17	0.02091	0.01663	0.01766	0.01471	0.01927	0.01883	0.01177	0.32101	0.41353	0.03489	0.02290	0.02159	0.01688	0.00882	0.00691	0.00220	0.00633	0.00705	0.00691	0.01118
18	0.00934	0.00740	0.00824	0.00800	0.01010	0.00662	0.00599	0.04035	0.01720	0.02204	0.24923	0.11386	0.44456	0.01630	0.00808	0.00229	0.00361	0.01388	0.00671	0.00621
19	0.00834	0.00595	0.00794	0.00953	0.00992	0.00556	0.00635	0.00953	0.01310	0.01746	0.03771	0.75510	0.04525	0.02143	0.00873	0.00278	0.00397	0.01945	0.00635	0.00556
20	0.00959	0.00756	0.00879	0.00886	0.01080	0.00706	0.00675	0.01324	0.07155	0.02192	0.24147	0.13940	0.32622	0.01638	0.00821	0.00241	0.00391	0.08275	0.00673	0.00640
21	0.01494	0.27377	0.33441	0.01501	0.02190	0.01859	0.01706	0.01972	0.01422	0.01971	0.04137	0.01715	0.03913	0.00736	0.00688	0.00192	0.05802	0.00531	0.03017	0.04336

[dist]
# distance from previous block
# <min> <max>
1	9

[block]
# block no. 8 follows, 31 sequences, length 53
# corresponding to MSA columns:
# 899-951
name=unknown_I
#
# <colnr> <probs for GDERKNQSTAVLIFYWHMCP>
#	G	D	E	R	K	N	Q	S	T	A	V	L	I	F	Y	W	H	M	C	P
0	0.01813	0.01364	0.01561	0.01175	0.01739	0.01225	0.00946	0.14076	0.09661	0.09144	0.01608	0.01672	0.01226	0.00642	0.00577	0.00145	0.00561	0.00511	0.00529	0.49825
1	0.01720	0.01566	0.02802	0.02094	0.02623	0.01543	0.36723	0.10133	0.07006	0.07998	0.02382	0.05413	0.09951	0.00883	0.00835	0.00231	0.03795	0.00888	0.00498	0.00919
2	0.01500	0.14404	0.53992	0.01864	0.05247	0.01753	0.02193	0.04581	0.01504	0.02165	0.01203	0.01407	0.00893	0.00639	0.00615	0.00201	0.00932	0.00488	0.00310	0.04108
3	0.01292	0.01216	0.02052	0.74312	0.04712	0.01520	0.01900	0.01748	0.01368	0.01748	0.01216	0.01824	0.00912	0.00684	0.00684	0.00228	0.00912	0.00608	0.00304	0.00760
4	0.02980	0.01233	0.01621	0.01251	0.01776	0.01118	0.01031	0.08352	0.04769	0.64274	0.02622	0.02285	0.01669	0.00848	0.00688	0.00212	0.00593	0.00686	0.00828	0.01161
5	0.01343	0.09773	0.02074	0.22224	0.08661	0.01402	0.08612	0.04158	0.04211	0.02015	0.05892	0.22301	0.02299	0.01112	0.00728	0.00229	0.00713	0.01013	0.00456	0.00784
6	0.01096	0.01040	0.00947	0.00934	0.01135	0.10688	0.00691	0.01296	0.01628	0.01976	0.18371	0.14807	0.35457	0.01768	0.04819	0.00275	0.00554	0.01292	0.00605	0.00620
7	0.00818	0.00656	0.00731	0.00792	0.00950	0.00569	0.00564	0.00971	0.01465	0.01810	0.05730	0.32771	0.45999	0.01889	0.00833	0.00249	0.00366	0.01634	0.00635	0.00569
8	0.02279	0.02027	0.18142	0.01533	0.02154	0.01641	0.01470	0.29489	0.08941	0.19519	0.04492	0.01974	0.01505	0.00819	0.00683	0.00212	0.00736	0.00646	0.00635	0.01101
9	0.01817	0.01331	0.01493	0.09585	0.01974	0.04208	0.01084	0.02987	0.37851	0.13560	0.06277	0.02524	0.02051	0.00891	0.00673	0.00217	0.00581	0.00739	0.09183	0.00975
10	0.01188	0.00594	0.00891	0.00891	0.00891	0.00594	0.00594	0.00891	0.00891	0.01188	0.01188	0.02080	0.01188	0.02377	0.02674	0.80095	0.00594	0.00594	0.00297	0.00297
11	0.00811	0.00682	0.00705	0.00723	0.00932	0.00575	0.00533	0.00978	0.01531	0.01836	0.06568	0.14488	0.63741	0.01780	0.00816	0.00236	0.00352	0.01501	0.00635	0.00575
12	0.01789	0.70004	0.09600	0.01239	0.01861	0.02609	0.01289	0.02059	0.01395	0.01658	0.00975	0.01128	0.00877	0.00591	0.00457	0.00152	0.00756	0.00378	0.00292	0.00890
13	0.00830	0.00694	0.00723	0.00716	0.00938	0.00587	0.00537	0.01024	0.01611	0.01971	0.15756	0.06382	0.62509	0.01687	0.00808	0.00229	0.00343	0.01416	0.00651	0.00587
14	0.03070	0.01164	0.01588	0.01217	0.01746	0.01006	0.01006	0.03334	0.01958	0.72163	0.02699	0.02329	0.01694	0.00847	0.00688	0.00212	0.00582	0.00688	0.00847	0.01164
15	0.01578	0.01773	0.03809	0.11075	0.03706	0.01706	0.61486	0.02141	0.01586	0.02141	0.01365	0.01843	0.01024	0.00589	0.00793	0.00230	0.01126	0.00785	0.00341	0.00904
16	0.01372	0.03539	0.72412	0.01950	0.02961	0.01589	0.02528	0.02167	0.01444	0.02167	0.01228	0.01444	0.00867	0.00650	0.00650	0.00217	0.01011	0.00506	0.00289	0.01011
17	0.00834	0.00595	0.00794	0.00953	0.00992	0.00556	0.00635	0.00953	0.01310	0.01746	0.03771	0.75510	0.04525	0.02143	0.00873	0.00278	0.00397	0.01945	0.00635	0.00556
