[name]
unknown

[dist]
# distance from previous block
# <min> <max>
21	151

[block]
# block no. 0 follows, 32 sequences, length 14
# corresponding to MSA columns:
# 167-180
name=unknown_A
#
# <colnr> <probs for GDERKNQSTAVLIFYWHMCP>
#	G	D	E	R	K	N	Q	S	T	A	V	L	I	F	Y	W	H	M	C	P
0	0.01523	0.11129	0.19544	0.04683	0.04256	0.05771	0.11119	0.05016	0.01562	0.04142	0.02187	0.02634	0.11139	0.00898	0.00754	0.00213	0.04525	0.05571	0.00407	0.02926
1	0.01018	0.00777	0.00935	0.00981	0.01121	0.00775	0.00699	0.04010	0.11259	0.02098	0.12446	0.46655	0.11146	0.01751	0.00810	0.00251	0.00408	0.01557	0.00648	0.00654
2	0.01410	0.11931	0.02218	0.60405	0.04073	0.05658	0.01731	0.01809	0.01376	0.01691	0.01147	0.01657	0.00888	0.00658	0.00633	0.00210	0.00887	0.00554	0.00299	0.00763
3	0.01461	0.12490	0.18725	0.02113	0.11222	0.01697	0.16088	0.01903	0.01433	0.02016	0.08139	0.01900	0.01495	0.00959	0.04188	0.00255	0.12045	0.00647	0.00352	0.00872
4	0.01012	0.00776	0.01070	0.00954	0.01060	0.00754	0.07561	0.01104	0.01120	0.01470	0.02682	0.04345	0.12032	0.55219	0.05650	0.00565	0.00703	0.01008	0.00428	0.00488
5	0.01482	0.19290	0.12564	0.01914	0.08382	0.01833	0.12592	0.01826	0.01345	0.01855	0.03246	0.09185	0.01422	0.00909	0.01026	0.00223	0.19014	0.00708	0.00347	0.00835
6	0.01018	0.00777	0.00948	0.00915	0.01094	0.00760	0.00681	0.01516	0.11494	0.02492	0.46849	0.14521	0.11488	0.01437	0.00785	0.00223	0.00359	0.01263	0.00704	0.00675
7	0.00895	0.00713	0.01102	0.01120	0.01231	0.00664	0.07719	0.01060	0.01324	0.01761	0.03569	0.65887	0.06496	0.01930	0.00848	0.00266	0.00464	0.01775	0.00594	0.00583
8	0.12984	0.62473	0.03086	0.01130	0.01680	0.02465	0.01095	0.05394	0.01422	0.01912	0.00967	0.01105	0.00856	0.00592	0.00440	0.00155	0.00691	0.00372	0.00324	0.00856
9	0.01468	0.23520	0.53966	0.01704	0.02581	0.01858	0.02115	0.02093	0.01402	0.01976	0.01130	0.01324	0.00853	0.00620	0.00581	0.00194	0.00917	0.00458	0.00284	0.00956
10	0.01229	0.00869	0.03149	0.00983	0.01203	0.00798	0.00772	0.01652	0.07997	0.09547	0.31752	0.15383	0.06541	0.01758	0.08896	0.00317	0.00560	0.01128	0.04752	0.00715
11	0.18087	0.10780	0.19995	0.03743	0.06464	0.19180	0.04800	0.02159	0.01508	0.02150	0.04519	0.01480	0.01118	0.00671	0.00578	0.00194	0.00876	0.00496	0.00354	0.00846
12	0.11561	0.04358	0.09801	0.10050	0.11986	0.04009	0.01376	0.12913	0.03127	0.05755	0.08627	0.02018	0.01622	0.02500	0.04554	0.00256	0.00772	0.00621	0.00463	0.03631
13	0.04807	0.14421	0.06478	0.01481	0.01844	0.16940	0.01279	0.11933	0.01678	0.07069	0.01266	0.01551	0.01045	0.03420	0.01060	0.00223	0.18648	0.00527	0.03480	0.00852

[dist]
# distance from previous block
# <min> <max>
5	48

[block]
# block no. 1 follows, 32 sequences, length 25
# corresponding to MSA columns:
# 229-246,275-281
name=unknown_B
#
# <colnr> <probs for GDERKNQSTAVLIFYWHMCP>
#	G	D	E	R	K	N	Q	S	T	A	V	L	I	F	Y	W	H	M	C	P
0	0.07880	0.21584	0.25652	0.01478	0.02119	0.06438	0.01550	0.15960	0.01741	0.02403	0.01242	0.01493	0.00995	0.04158	0.02427	0.00230	0.00851	0.00495	0.00385	0.00919
1	0.05635	0.17834	0.06447	0.01494	0.04435	0.03560	0.01271	0.33725	0.06232	0.04688	0.01490	0.01602	0.01143	0.01061	0.06246	0.00259	0.00818	0.00550	0.00516	0.00997
2	0.06723	0.14549	0.04130	0.01390	0.03922	0.01765	0.01161	0.28606	0.06500	0.06065	0.01758	0.02225	0.01449	0.02380	0.05036	0.00261	0.00743	0.06284	0.04109	0.00943
3	0.09393	0.41279	0.07743	0.01266	0.01807	0.02222	0.01212	0.16105	0.03848	0.02376	0.01194	0.01323	0.00975	0.00668	0.00559	0.00174	0.03067	0.00450	0.03428	0.00909
4	0.02102	0.09311	0.11617	0.01490	0.02039	0.01907	0.01355	0.43366	0.07656	0.03366	0.01749	0.07855	0.01419	0.00877	0.00659	0.00205	0.00726	0.00687	0.00578	0.01037
5	0.07282	0.61557	0.12790	0.01234	0.01853	0.02425	0.01300	0.02022	0.01355	0.01753	0.00970	0.01124	0.00850	0.00586	0.00458	0.00157	0.00741	0.00378	0.00295	0.00869
6	0.00886	0.00672	0.00802	0.00814	0.00967	0.00607	0.00598	0.01097	0.01589	0.02095	0.29834	0.15744	0.28653	0.07412	0.01012	0.00265	0.00379	0.05348	0.00649	0.00579
7	0.01925	0.13855	0.01974	0.01270	0.01812	0.11539	0.01052	0.20452	0.01937	0.02569	0.01243	0.01375	0.00995	0.00620	0.00549	0.00144	0.00696	0.00452	0.00447	0.35095
8	0.01508	0.44242	0.14868	0.01238	0.01783	0.01967	0.01274	0.01828	0.01368	0.01766	0.05465	0.04917	0.01449	0.01229	0.09235	0.00275	0.00846	0.00547	0.00341	0.03854
9	0.04882	0.28955	0.35480	0.01655	0.02406	0.07240	0.06697	0.02120	0.01434	0.01936	0.01097	0.01297	0.00862	0.00613	0.00565	0.00186	0.00902	0.00459	0.00299	0.00913
10	0.01406	0.13383	0.63560	0.01809	0.02744	0.01706	0.02299	0.02109	0.01409	0.02051	0.01167	0.01371	0.00851	0.00629	0.00610	0.00203	0.00955	0.00477	0.00284	0.00974
11	0.00814	0.00667	0.00717	0.00734	0.00926	0.00571	0.00539	0.00992	0.01536	0.01895	0.13520	0.16060	0.55262	0.01720	0.00802	0.00231	0.00344	0.01463	0.00636	0.00571
12	0.01484	0.24483	0.50322	0.01728	0.02588	0.01879	0.04704	0.02093	0.01408	0.01969	0.01132	0.01334	0.00860	0.00616	0.00584	0.00193	0.00918	0.00468	0.00287	0.00951
13	0.02298	0.01654	0.01983	0.04459	0.14791	0.12352	0.04003	0.11845	0.01914	0.26024	0.01889	0.02221	0.01430	0.00838	0.00757	0.00213	0.04334	0.05436	0.00566	0.00992
14	0.01023	0.00731	0.01014	0.01169	0.01298	0.00722	0.00980	0.01289	0.01487	0.01943	0.03585	0.22701	0.03989	0.01909	0.00911	0.00301	0.00567	0.53160	0.00619	0.00602
15	0.00818	0.00584	0.00779	0.00934	0.00973	0.00545	0.00623	0.00934	0.01285	0.01713	0.03698	0.75981	0.04438	0.02102	0.00856	0.00273	0.00389	0.01908	0.00623	0.00545
16	0.01562	0.31890	0.43453	0.01610	0.02416	0.04606	0.01920	0.02100	0.01414	0.01896	0.01093	0.01277	0.00855	0.00615	0.00556	0.00184	0.00893	0.00440	0.00287	0.00933
17	0.01383	0.06639	0.64867	0.01944	0.02894	0.01617	0.07263	0.02122	0.01426	0.02102	0.01203	0.01430	0.00863	0.00629	0.00639	0.00210	0.00989	0.00511	0.00288	0.00980
18	0.26900	0.06671	0.01743	0.09666	0.07450	0.19698	0.01181	0.03836	0.01569	0.13575	0.01304	0.01444	0.00974	0.00678	0.00559	0.00196	0.00782	0.00480	0.00442	0.00852
19	0.00816	0.00590	0.00772	0.00918	0.00969	0.00546	0.00616	0.00936	0.01300	0.01719	0.03897	0.71526	0.08764	0.02076	0.00852	0.00270	0.00386	0.01876	0.00623	0.00546
20	0.01450	0.01446	0.06976	0.04335	0.09711	0.02635	0.01136	0.04021	0.05927	0.02223	0.01490	0.06880	0.01304	0.00681	0.00579	0.00149	0.00601	0.00574	0.00420	0.47461
21	0.04774	0.24634	0.31946	0.01768	0.07584	0.11629	0.01771	0.02214	0.04322	0.01967	0.01159	0.01339	0.00916	0.00634	0.00568	0.00186	0.00889	0.00460	0.00318	0.00922
22	0.11635	0.17725	0.21030	0.01893	0.14671	0.07878	0.01580	0.02124	0.01461	0.07144	0.01374	0.06172	0.01165	0.00728	0.00586	0.00195	0.00791	0.00567	0.00376	0.00908
23	0.01151	0.00927	0.03117	0.11365	0.10231	0.00904	0.00998	0.01358	0.01289	0.04333	0.05200	0.20834	0.02689	0.24465	0.03897	0.00394	0.00666	0.05076	0.00472	0.00637
24	0.01665	0.06930	0.02483	0.21283	0.40201	0.01699	0.01825	0.09167	0.04209	0.02265	0.01312	0.01677	0.01051	0.00648	0.00651	0.00203	0.00800	0.00587	0.00369	0.00977

[dist]
# distance from previous block
# <min> <max>
3	33

[block]
# block no. 2 follows, 32 sequences, length 76
# corresponding to MSA columns:
# 315-390
name=unknown_C
#
# <colnr> <probs for GDERKNQSTAVLIFYWHMCP>
#	G	D	E	R	K	N	Q	S	T	A	V	L	I	F	Y	W	H	M	C	P
0	0.05146	0.01277	0.01950	0.03660	0.24536	0.01234	0.08260	0.04821	0.03244	0.02374	0.14845	0.04144	0.06950	0.00876	0.00685	0.00197	0.00636	0.02400	0.00476	0.12287
1	0.01488	0.01555	0.09155	0.06523	0.12291	0.01280	0.10904	0.02070	0.09054	0.04208	0.06514	0.01922	0.01503	0.00663	0.00634	0.00176	0.00697	0.00610	0.00430	0.28327
2	0.00951	0.00711	0.01028	0.01028	0.01144	0.00809	0.00785	0.01167	0.01093	0.01549	0.02085	0.02983	0.05418	0.10854	0.64035	0.00998	0.01625	0.00777	0.00377	0.00581
3	0.01393	0.02460	0.42299	0.09610	0.05920	0.01408	0.01940	0.02135	0.07954	0.05065	0.11450	0.02115	0.01787	0.00777	0.00670	0.00214	0.00817	0.00645	0.00411	0.00930
4	0.01532	0.02735	0.44621	0.01912	0.02694	0.04882	0.12926	0.02281	0.07459	0.06119	0.01564	0.05512	0.01214	0.00739	0.00678	0.00217	0.00930	0.00647	0.00378	0.00959
5	0.01442	0.01377	0.02300	0.40249	0.31333	0.01581	0.01907	0.01843	0.01389	0.01896	0.01193	0.01710	0.00960	0.00686	0.00802	0.00220	0.07334	0.00596	0.00311	0.00871
6	0.01364	0.03698	0.17947	0.09109	0.12611	0.01336	0.07325	0.04539	0.05354	0.02039	0.06403	0.02570	0.01752	0.19549	0.01358	0.00320	0.00790	0.00731	0.00397	0.00807
7	0.01624	0.01508	0.02453	0.03562	0.58884	0.01524	0.01839	0.04784	0.05425	0.02309	0.04788	0.05306	0.01524	0.00729	0.00680	0.00205	0.00739	0.00697	0.00398	0.01022
8	0.01067	0.00985	0.04991	0.01052	0.01289	0.00878	0.02418	0.01647	0.15288	0.02257	0.23262	0.24325	0.14958	0.01478	0.00780	0.00234	0.00439	0.01301	0.00642	0.00709
9	0.00983	0.00752	0.00963	0.04933	0.01240	0.00725	0.00723	0.01359	0.05044	0.02478	0.51694	0.05055	0.15680	0.01384	0.00786	0.00219	0.00376	0.04270	0.00689	0.00649
10	0.00844	0.00603	0.00809	0.00965	0.01015	0.00568	0.00669	0.00980	0.01311	0.01743	0.03684	0.69106	0.04380	0.02077	0.00864	0.00276	0.00412	0.08521	0.00622	0.00552
11	0.01366	0.15538	0.49171	0.01663	0.02469	0.01624	0.04479	0.01969	0.01446	0.02033	0.04909	0.01963	0.07085	0.00747	0.00628	0.00202	0.00864	0.00594	0.00336	0.00914
12	0.01346	0.03471	0.72942	0.01912	0.02904	0.01558	0.02479	0.02125	0.01417	0.02125	0.01204	0.01417	0.00850	0.00637	0.00637	0.00212	0.00992	0.00496	0.00283	0.00992
13	0.01268	0.01160	0.01805	0.02587	0.39615	0.01121	0.01369	0.01553	0.01488	0.02002	0.03283	0.15334	0.22347	0.01168	0.00734	0.00219	0.00596	0.01053	0.00465	0.00832
14	0.58113	0.01211	0.01111	0.09743	0.01664	0.01394	0.00856	0.03659	0.01304	0.02833	0.07806	0.01628	0.01339	0.00712	0.00491	0.00207	0.00541	0.00491	0.04170	0.00726
15	0.01327	0.01259	0.01855	0.09373	0.05230	0.01574	0.04983	0.01651	0.04545	0.01898	0.11518	0.04101	0.05141	0.01305	0.04888	0.00297	0.37137	0.00772	0.00406	0.00742
16	0.02395	0.14708	0.02154	0.01638	0.02019	0.62614	0.01273	0.02575	0.01817	0.01632	0.01021	0.01189	0.00864	0.00673	0.00578	0.00168	0.01133	0.00421	0.00337	0.00791
17	0.01480	0.01504	0.02256	0.01874	0.01945	0.02017	0.08665	0.01671	0.01086	0.01671	0.00931	0.01504	0.00895	0.01110	0.02053	0.00287	0.67390	0.00609	0.00298	0.00752
18	0.00976	0.00651	0.00732	0.00732	0.00732	0.00651	0.00407	0.00976	0.00976	0.01301	0.02114	0.04391	0.02439	0.76419	0.03415	0.00651	0.00651	0.00976	0.00407	0.00407
19	0.01545	0.36157	0.42005	0.01572	0.02377	0.02047	0.01886	0.02073	0.01393	0.01882	0.01083	0.01265	0.00855	0.00609	0.00545	0.00182	0.00870	0.00435	0.00285	0.00933
20	0.01017	0.00816	0.00937	0.00940	0.01089	0.04744	0.00705	0.01279	0.01730	0.02336	0.45134	0.18766	0.08641	0.01535	0.00806	0.00231	0.00410	0.07587	0.00677	0.00620
21	0.00818	0.00584	0.00779	0.00934	0.00973	0.00545	0.00623	0.00934	0.01285	0.01713	0.03698	0.75981	0.04438	0.02102	0.00856	0.00273	0.00389	0.01908	0.00623	0.00545
22	0.01391	0.01193	0.01391	0.00994	0.01590	0.00894	0.00795	0.01690	0.01391	0.02186	0.01193	0.01391	0.00994	0.00497	0.00497	0.00099	0.00497	0.00398	0.00398	0.80521
23	0.01291	0.06460	0.59467	0.01738	0.02575	0.01465	0.02154	0.01950	0.01395	0.02041	0.01546	0.11999	0.01360	0.00843	0.00659	0.00218	0.00893	0.00690	0.00332	0.00922
24	0.66185	0.12060	0.01394	0.00951	0.01395	0.01696	0.00812	0.05174	0.01268	0.02864	0.00966	0.01113	0.00765	0.00625	0.00429	0.00198	0.00558	0.00374	0.00409	0.00765
25	0.01166	0.00583	0.00874	0.00874	0.00874	0.00583	0.00583	0.00874	0.00874	0.01166	0.01166	0.02040	0.01166	0.02331	0.02622	0.80478	0.00583	0.00583	0.00291	0.00291
26	0.00938	0.00695	0.00882	0.00873	0.01040	0.00639	0.00675	0.01223	0.01770	0.02416	0.49121	0.07254	0.17521	0.01515	0.00812	0.00229	0.00365	0.10717	0.00698	0.00617
27	0.01523	0.01628	0.03335	0.02640	0.08783	0.01556	0.51266	0.02100	0.04792	0.02163	0.01725	0.02648	0.01474	0.00767	0.00795	0.00236	0.01003	0.10287	0.00394	0.00884
28	0.01010	0.00698	0.00875	0.00838	0.01016	0.00629	0.00625	0.01274	0.01763	0.05999	0.48277	0.12360	0.19155	0.01484	0.00792	0.00220	0.00342	0.01297	0.00708	0.00637
29	0.01627	0.01468	0.01586	0.11817	0.02153	0.05563	0.01190	0.03140	0.53679	0.02546	0.02462	0.02596	0.01914	0.00914	0.00690	0.00228	0.00625	0.04220	0.00606	0.00978
30	0.01468	0.01468	0.02055	0.01762	0.01762	0.02055	0.01468	0.01615	0.01028	0.01615	0.00881	0.01468	0.00881	0.01174	0.02202	0.00294	0.75191	0.00587	0.00294	0.00734
31	0.02022	0.06326	0.02004	0.05935	0.11425	0.36964	0.01367	0.07208	0.01756	0.01936	0.03195	0.01716	0.01205	0.01126	0.06991	0.00268	0.05256	0.02104	0.00378	0.00820
32	0.02509	0.01859	0.01990	0.01535	0.02065	0.02062	0.01265	0.66887	0.06331	0.04162	0.01663	0.01653	0.01184	0.00810	0.00672	0.00203	0.00729	0.00611	0.00672	0.01137
33	0.81159	0.01298	0.00986	0.00882	0.01298	0.01505	0.00727	0.01972	0.01142	0.03010	0.00934	0.01090	0.00727	0.00623	0.00415	0.00208	0.00519	0.00363	0.00415	0.00727
34	0.01061	0.00763	0.01055	0.01202	0.01357	0.00757	0.01043	0.01359	0.01538	0.01992	0.03708	0.09172	0.07062	0.01852	0.00919	0.00304	0.00599	0.63022	0.00618	0.00614
35	0.01394	0.01201	0.01411	0.01017	0.01595	0.00929	0.00815	0.01687	0.01380	0.02169	0.01183	0.01394	0.00990	0.00517	0.00548	0.00105	0.02750	0.00403	0.00394	0.78114
36	0.00816	0.00621	0.00752	0.00846	0.00953	0.00557	0.00586	0.00961	0.01397	0.01797	0.08284	0.49400	0.26748	0.01931	0.00832	0.00254	0.00369	0.01710	0.00629	0.00557
37	0.00961	0.00711	0.01037	0.01037	0.01143	0.00816	0.00787	0.01172	0.01066	0.01527	0.01835	0.02844	0.01768	0.13497	0.65418	0.01028	0.01661	0.00749	0.00365	0.00576
38	0.00855	0.00611	0.00822	0.00977	0.01032	0.00577	0.00688	0.00999	0.01322	0.01755	0.03678	0.66257	0.04356	0.02067	0.00866	0.00278	0.00422	0.11261	0.00622	0.00555
39	0.01468	0.01468	0.02055	0.01762	0.01762	0.02055	0.01468	0.01615	0.01028	0.01615	0.00881	0.01468	0.00881	0.01174	0.02202	0.00294	0.75191	0.00587	0.00294	0.00734
40	0.01507	0.01448	0.02483	0.30973	0.40857	0.01562	0.05500	0.01974	0.03390	0.02024	0.01281	0.01741	0.01024	0.00633	0.00674	0.00211	0.00844	0.00612	0.00329	0.00933
41	0.05103	0.01563	0.02351	0.02136	0.14311	0.03408	0.18211	0.08340	0.12646	0.12803	0.01722	0.01849	0.01274	0.00682	0.00669	0.00199	0.00762	0.00644	0.00503	0.10823
42	0.02148	0.01679	0.01787	0.01462	0.01927	0.01893	0.01178	0.39664	0.34142	0.03580	0.02122	0.02018	0.01555	0.00853	0.00676	0.00213	0.00644	0.00675	0.00676	0.01105
43	0.01267	0.01193	0.02013	0.74806	0.04621	0.01491	0.01863	0.01714	0.01342	0.01714	0.01193	0.01789	0.00894	0.00671	0.00671	0.00224	0.00894	0.00596	0.00298	0.00745
44	0.01063	0.00711	0.00933	0.00863	0.01042	0.00653	0.00653	0.01377	0.01900	0.06544	0.68068	0.04862	0.06074	0.01342	0.00785	0.00211	0.00331	0.01184	0.00744	0.00661
45	0.01207	0.00633	0.00655	0.00650	0.00808	0.00625	0.00487	0.01517	0.01462	0.02504	0.09656	0.02868	0.04013	0.00868	0.00511	0.00164	0.00314	0.00708	0.69725	0.00625
46	0.01756	0.01444	0.01522	0.01339	0.01724	0.01652	0.01050	0.12084	0.57498	0.02972	0.02549	0.02387	0.01908	0.00888	0.00667	0.00219	0.00543	0.00730	0.06026	0.01043
47	0.01308	0.00784	0.00995	0.01007	0.01164	0.00759	0.00723	0.01625	0.08311	0.13683	0.05178	0.41165	0.03494	0.11660	0.01152	0.00308	0.00478	0.04885	0.00638	0.00684
48	0.02650	0.01671	0.01879	0.01446	0.01974	0.01778	0.01193	0.50423	0.04648	0.22445	0.01917	0.01814	0.01304	0.00815	0.00672	0.00204	0.00688	0.00627	0.00714	0.01139
49	0.01416	0.01341	0.02287	0.42625	0.30320	0.01502	0.03492	0.01841	0.01428	0.01921	0.01334	0.02011	0.01101	0.00696	0.00683	0.00218	0.00850	0.03743	0.00327	0.00865
50	0.01391	0.01193	0.01391	0.00994	0.01590	0.00894	0.00795	0.01690	0.01391	0.02186	0.01193	0.01391	0.00994	0.00497	0.00497	0.00099	0.00497	0.00398	0.00398	0.80521
51	0.00959	0.00719	0.01078	0.01078	0.01198	0.00839	0.00839	0.01198	0.01078	0.01558	0.01797	0.02636	0.01677	0.05032	0.73760	0.01078	0.01797	0.00719	0.00359	0.00599
52	0.00984	0.00666	0.00810	0.00810	0.00846	0.00695	0.00514	0.01057	0.01020	0.01418	0.02041	0.03881	0.02223	0.55718	0.20223	0.00731	0.00911	0.00898	0.04091	0.00463
53	0.00816	0.00589	0.00773	0.00920	0.00969	0.00546	0.00616	0.00936	0.01298	0.01718	0.03873	0.72064	0.08242	0.02079	0.00853	0.00270	0.00387	0.01880	0.00623	0.00546
54	0.81159	0.01298	0.00986	0.00882	0.01298	0.01505	0.00727	0.01972	0.01142	0.03010	0.00934	0.01090	0.00727	0.00623	0.00415	0.00208	0.00519	0.00363	0.00415	0.00727
55	0.01505	0.01391	0.02028	0.01917	0.15798	0.01260	0.10305	0.02047	0.09780	0.02243	0.01405	0.01635	0.01134	0.00591	0.00632	0.00156	0.02404	0.00537	0.00409	0.42822
56	0.72990	0.01413	0.05067	0.00955	0.01408	0.01484	0.00838	0.02042	0.01194	0.06235	0.01030	0.01164	0.00778	0.00633	0.00440	0.00208	0.00548	0.00385	0.00427	0.00761
57	0.02484	0.02035	0.01998	0.05012	0.02199	0.12236	0.01306	0.57220	0.02891	0.03743	0.01510	0.01562	0.01090	0.00783	0.00662	0.00198	0.00813	0.00579	0.00607	0.01071
58	0.02035	0.01055	0.01332	0.01107	0.01474	0.01010	0.00882	0.06062	0.11799	0.33329	0.28172	0.03287	0.03413	0.01040	0.00719	0.00211	0.00480	0.00882	0.00767	0.00943
59	0.01289	0.01215	0.02052	0.70915	0.08343	0.01496	0.01874	0.01733	0.01352	0.01741	0.01196	0.01782	0.00904	0.00667	0.00670	0.00222	0.00889	0.00596	0.00300	0.00763
60	0.01649	0.01621	0.02579	0.14041	0.58954	0.05352	0.01992	0.02043	0.01521	0.02095	0.01240	0.01655	0.01029	0.00613	0.00662	0.00201	0.00833	0.00589	0.00328	0.01003
61	0.01468	0.01468	0.02055	0.01762	0.01762	0.02055	0.01468	0.01615	0.01028	0.01615	0.00881	0.01468	0.00881	0.01174	0.02202	0.00294	0.75191	0.00587	0.00294	0.00734
62	0.01873	0.13364	0.28632	0.01848	0.09230	0.04452	0.05622	0.02341	0.01562	0.18720	0.01629	0.05064	0.01241	0.00736	0.00636	0.00202	0.00821	0.00608	0.00440	0.00981
63	0.00861	0.00678	0.00777	0.00762	0.00951	0.00594	0.00568	0.01092	0.01677	0.02184	0.34552	0.09060	0.40698	0.01578	0.00795	0.00222	0.00332	0.01352	0.00673	0.00594
64	0.01391	0.01193	0.01391	0.00994	0.01590	0.00894	0.00795	0.01690	0.01391	0.02186	0.01193	0.01391	0.00994	0.00497	0.00497	0.00099	0.00497	0.00398	0.00398	0.80521
65	0.00852	0.00632	0.00798	0.00881	0.00986	0.00578	0.00624	0.01029	0.01469	0.01945	0.18159	0.44865	0.17889	0.01864	0.00834	0.00253	0.00376	0.04751	0.00646	0.00570
66	0.13784	0.01854	0.01840	0.01452	0.01955	0.06099	0.01189	0.53703	0.05523	0.03848	0.01526	0.01549	0.01102	0.00777	0.00631	0.00202	0.00726	0.00566	0.00616	0.01058
67	0.06444	0.01228	0.01580	0.01217	0.01734	0.01126	0.01005	0.10333	0.02018	0.62285	0.02460	0.02159	0.01564	0.00819	0.00663	0.00207	0.00587	0.00653	0.00795	0.01123
68	0.00816	0.00674	0.00716	0.00718	0.00924	0.00574	0.00534	0.01003	0.01565	0.01927	0.15547	0.10669	0.58656	0.01680	0.00797	0.00227	0.00340	0.01419	0.00639	0.00574
69	0.01391	0.01193	0.01391	0.00994	0.01590	0.00894	0.00795	0.01690	0.01391	0.02186	0.01193	0.01391	0.00994	0.00497	0.00497	0.00099	0.00497	0.00398	0.00398	0.80521
70	0.01251	0.00625	0.00625	0.00625	0.00782	0.00625	0.00469	0.01563	0.01407	0.02502	0.02189	0.02502	0.01720	0.00782	0.00469	0.00156	0.00313	0.00625	0.80144	0.00625
71	0.00839	0.00601	0.00810	0.00958	0.01007	0.00572	0.00659	0.00972	0.01289	0.01722	0.03597	0.68622	0.04271	0.02232	0.04431	0.00314	0.00471	0.05472	0.00610	0.00552
72	0.01939	0.02163	0.06021	0.02126	0.02639	0.21731	0.30928	0.08407	0.01781	0.05602	0.01457	0.05793	0.01196	0.00754	0.00785	0.00213	0.04473	0.00708	0.00407	0.00878
73	0.00991	0.00752	0.01099	0.01092	0.01224	0.00877	0.00849	0.01308	0.04319	0.01616	0.01841	0.02630	0.01695	0.04841	0.70374	0.01039	0.01739	0.00721	0.00374	0.00621
74	0.01471	0.01325	0.02245	0.48571	0.20801	0.01508	0.05153	0.01945	0.03439	0.05172	0.01329	0.01802	0.01010	0.00662	0.00676	0.00217	0.00857	0.00615	0.00344	0.00858
75	0.01351	0.01273	0.02125	0.57310	0.17945	0.01484	0.01853	0.01782	0.01381	0.01831	0.01206	0.01745	0.00933	0.00648	0.00661	0.00213	0.00857	0.00587	0.00310	0.04505

[dist]
# distance from previous block
# <min> <max>
0	211

[block]
# block no. 3 follows, 32 sequences, length 54
# corresponding to MSA columns:
# 603-656
name=unknown_D
#
# <colnr> <probs for GDERKNQSTAVLIFYWHMCP>
#	G	D	E	R	K	N	Q	S	T	A	V	L	I	F	Y	W	H	M	C	P
0	0.01581	0.01252	0.01433	0.01279	0.03683	0.07848	0.05971	0.09093	0.04920	0.08671	0.02949	0.14602	0.13999	0.01190	0.02011	0.00220	0.00610	0.00954	0.10838	0.06896
1	0.04153	0.06515	0.07197	0.01285	0.01667	0.04560	0.05423	0.10140	0.05575	0.04142	0.11299	0.16611	0.02475	0.01293	0.03835	0.03356	0.00672	0.00906	0.00520	0.08377
2	0.00964	0.00729	0.00970	0.01142	0.04713	0.00708	0.00787	0.01235	0.04925	0.01913	0.08818	0.43752	0.08750	0.04212	0.00923	0.00277	0.00458	0.13495	0.00612	0.00614
3	0.01340	0.01135	0.01411	0.06386	0.01741	0.01005	0.00925	0.01638	0.01392	0.02132	0.04974	0.02065	0.01470	0.00715	0.00701	0.00148	0.07090	0.04807	0.04447	0.54479
4	0.02182	0.01674	0.01648	0.04693	0.01922	0.14235	0.01085	0.15826	0.09124	0.18665	0.02022	0.01996	0.04847	0.00780	0.00633	0.00183	0.00702	0.00606	0.00578	0.16599
5	0.02794	0.01149	0.01535	0.01167	0.01696	0.00974	0.00961	0.03059	0.01850	0.63282	0.02453	0.02165	0.01572	0.00786	0.00651	0.00193	0.00561	0.00638	0.00773	0.11742
6	0.01511	0.01424	0.02409	0.28544	0.46460	0.01527	0.01940	0.01924	0.01459	0.02036	0.01268	0.01732	0.01026	0.00629	0.00660	0.00206	0.00815	0.00598	0.02893	0.00939
7	0.00829	0.00681	0.00730	0.00718	0.00928	0.00582	0.00538	0.01033	0.01615	0.02015	0.21792	0.06124	0.56840	0.01624	0.00793	0.00223	0.00334	0.01369	0.00650	0.00582
8	0.01284	0.03069	0.62551	0.01753	0.02627	0.01423	0.02209	0.01992	0.01475	0.02180	0.09398	0.01979	0.03649	0.00753	0.00660	0.00213	0.00895	0.00605	0.00345	0.00938
9	0.01752	0.01483	0.01564	0.01382	0.01777	0.01708	0.01082	0.09844	0.64607	0.02941	0.02625	0.02419	0.01963	0.00900	0.00682	0.00225	0.00551	0.00744	0.00682	0.01070
10	0.01534	0.00900	0.01105	0.00959	0.01250	0.00839	0.00750	0.06186	0.04816	0.19044	0.34682	0.04348	0.18358	0.01257	0.00752	0.00214	0.00417	0.01071	0.00729	0.00789
11	0.01759	0.04451	0.18480	0.05372	0.05497	0.17746	0.21012	0.05684	0.04956	0.02105	0.01359	0.03674	0.01086	0.00707	0.00729	0.00210	0.03280	0.00631	0.00364	0.00898
12	0.01430	0.03220	0.63428	0.01848	0.02765	0.01592	0.02300	0.05427	0.07535	0.02283	0.01356	0.01520	0.00968	0.00669	0.00643	0.00213	0.00940	0.00524	0.00336	0.01005
13	0.02512	0.03022	0.01916	0.01704	0.02075	0.64158	0.01294	0.11669	0.02069	0.01988	0.01114	0.01264	0.00901	0.00707	0.00614	0.00177	0.01147	0.00455	0.00389	0.00826
14	0.01317	0.01295	0.09402	0.14085	0.14157	0.01129	0.01323	0.01734	0.07799	0.05047	0.02476	0.14133	0.10161	0.01255	0.00972	0.10943	0.00653	0.00908	0.00451	0.00761
15	0.01935	0.01527	0.08216	0.02302	0.20637	0.01306	0.13509	0.02395	0.04844	0.23511	0.02064	0.08174	0.01665	0.00860	0.00716	0.00220	0.00750	0.03844	0.00533	0.00991
16	0.02166	0.01592	0.05451	0.01804	0.12026	0.01592	0.01324	0.20639	0.18435	0.19238	0.02066	0.03874	0.01523	0.00848	0.00747	0.00215	0.04084	0.00683	0.00624	0.01070
17	0.01484	0.01903	0.13291	0.05816	0.06344	0.01671	0.39295	0.01980	0.01451	0.02024	0.01487	0.01896	0.04132	0.00734	0.00992	0.00234	0.13333	0.00725	0.00334	0.00874
18	0.02355	0.02012	0.02093	0.01659	0.02103	0.12434	0.04475	0.47977	0.02617	0.03409	0.01419	0.01543	0.01061	0.00827	0.00872	0.00211	0.10767	0.00586	0.00558	0.01023
19	0.00827	0.00601	0.00781	0.00904	0.00970	0.00555	0.00614	0.00966	0.01360	0.01808	0.10011	0.63704	0.10417	0.02003	0.00845	0.00263	0.00379	0.01804	0.00633	0.00555
20	0.07591	0.12805	0.06564	0.01612	0.07886	0.04182	0.01271	0.14453	0.31336	0.02753	0.01864	0.01853	0.01422	0.00771	0.00617	0.00204	0.00668	0.00603	0.00537	0.01008
21	0.04357	0.01283	0.01513	0.01136	0.01667	0.01144	0.00922	0.11430	0.01690	0.13940	0.01481	0.01593	0.01127	0.00745	0.02500	0.00168	0.03908	0.00487	0.00501	0.48408
22	0.01461	0.11781	0.35647	0.01490	0.03402	0.01443	0.01619	0.02029	0.05877	0.07361	0.04857	0.02314	0.03785	0.12876	0.01075	0.00275	0.00786	0.00649	0.00403	0.00869
23	0.04439	0.09521	0.06387	0.02205	0.02845	0.01634	0.42912	0.02365	0.01610	0.17026	0.01566	0.01793	0.01121	0.00627	0.00711	0.00213	0.00944	0.00695	0.00438	0.00949
24	0.00871	0.00637	0.00790	0.00841	0.00939	0.00587	0.00579	0.01038	0.01458	0.01952	0.23243	0.35198	0.15857	0.11467	0.01159	0.00297	0.00394	0.01510	0.00628	0.00555
25	0.01670	0.01809	0.02304	0.30282	0.03296	0.18152	0.16078	0.02286	0.11608	0.01972	0.03086	0.01840	0.01209	0.00704	0.00686	0.00213	0.00951	0.00638	0.00384	0.00830
26	0.01674	0.08178	0.32645	0.02130	0.07157	0.11562	0.16621	0.05103	0.04670	0.02147	0.01283	0.01520	0.00968	0.00641	0.00656	0.00204	0.00988	0.00564	0.00341	0.00948
27	0.00959	0.00719	0.01078	0.01078	0.01198	0.00839	0.00839	0.01198	0.01078	0.01558	0.01797	0.02636	0.01677	0.05032	0.73760	0.01078	0.01797	0.00719	0.00359	0.00599
28	0.01321	0.00646	0.00662	0.00648	0.00819	0.00640	0.00490	0.01631	0.01427	0.05285	0.02207	0.02493	0.01717	0.00784	0.00477	0.00158	0.00323	0.00627	0.76999	0.00646
29	0.01670	0.01690	0.04999	0.07921	0.39995	0.01624	0.23247	0.04790	0.01604	0.03915	0.01333	0.01722	0.01050	0.00607	0.00704	0.00210	0.00906	0.00658	0.00356	0.00996
30	0.01786	0.01584	0.02351	0.18671	0.38984	0.03400	0.01795	0.14542	0.04497	0.03839	0.01389	0.01713	0.01086	0.00671	0.00666	0.00206	0.00803	0.00602	0.00411	0.01003
31	0.00815	0.00592	0.00770	0.00912	0.00967	0.00547	0.00613	0.00937	0.01306	0.01722	0.03972	0.69830	0.10412	0.02067	0.00851	0.00268	0.00385	0.01864	0.00623	0.00547
32	0.00976	0.00651	0.00732	0.00732	0.00732	0.00651	0.00407	0.00976	0.00976	0.01301	0.02114	0.04391	0.02439	0.76419	0.03415	0.00651	0.00651	0.00976	0.00407	0.00407
33	0.01500	0.01636	0.05788	0.35284	0.18070	0.06223	0.14112	0.01940	0.01447	0.01901	0.01211	0.01695	0.00947	0.00663	0.00765	0.00219	0.04815	0.00616	0.00315	0.00853
34	0.00976	0.00651	0.00732	0.00732	0.00732	0.00651	0.00407	0.00976	0.00976	0.01301	0.02114	0.04391	0.02439	0.76419	0.03415	0.00651	0.00651	0.00976	0.00407	0.00407
35	0.01587	0.01630	0.05910	0.14187	0.57043	0.01581	0.04233	0.02015	0.01498	0.02119	0.01252	0.01673	0.01027	0.00609	0.00668	0.00204	0.00831	0.00599	0.00325	0.01009
36	0.01824	0.01396	0.03267	0.01407	0.04657	0.01463	0.01084	0.11617	0.37933	0.11741	0.10920	0.02753	0.05036	0.00953	0.00696	0.00218	0.00552	0.00795	0.00680	0.01010
37	0.01010	0.00982	0.07156	0.00881	0.01180	0.00732	0.00762	0.03506	0.01610	0.04747	0.11304	0.08918	0.49554	0.01538	0.00778	0.00227	0.00429	0.03422	0.00613	0.00652
38	0.01690	0.01843	0.05532	0.23737	0.20174	0.13274	0.10386	0.04495	0.08295	0.02083	0.01368	0.01713	0.01064	0.00669	0.00674	0.00209	0.00916	0.00606	0.00368	0.00903
39	0.01039	0.00805	0.01072	0.06596	0.04576	0.00784	0.00799	0.03940	0.01800	0.02474	0.47495	0.09236	0.14119	0.01352	0.00776	0.00217	0.00406	0.01187	0.00661	0.00666
40	0.00940	0.00679	0.00915	0.01060	0.01165	0.00654	0.00832	0.01151	0.01423	0.01858	0.03829	0.39270	0.08505	0.01959	0.00886	0.00287	0.00494	0.32893	0.00621	0.00581
41	0.01294	0.01219	0.01932	0.53847	0.03762	0.01519	0.01674	0.01664	0.01285	0.01726	0.01233	0.04600	0.01037	0.00807	0.00946	0.00230	0.14411	0.00633	0.00316	0.05861
42	0.00976	0.00651	0.00732	0.00732	0.00732	0.00651	0.00407	0.00976	0.00976	0.01301	0.02114	0.04391	0.02439	0.76419	0.03415	0.00651	0.00651	0.00976	0.00407	0.00407
43	0.01574	0.01691	0.05699	0.13460	0.36602	0.08293	0.09623	0.01977	0.01554	0.02079	0.06446	0.05012	0.01528	0.00735	0.00690	0.00208	0.00846	0.00699	0.00369	0.00916
44	0.02340	0.01768	0.01991	0.11319	0.02405	0.01984	0.01344	0.57915	0.05940	0.03830	0.01605	0.01675	0.01149	0.00792	0.00672	0.00206	0.00750	0.00610	0.00622	0.01085
45	0.01166	0.00583	0.00874	0.00874	0.00874	0.00583	0.00583	0.00874	0.00874	0.01166	0.01166	0.02040	0.01166	0.02331	0.02622	0.80478	0.00583	0.00583	0.00291	0.00291
46	0.02519	0.01755	0.01763	0.01424	0.01891	0.11980	0.01145	0.31671	0.08620	0.23583	0.02028	0.05271	0.01487	0.00866	0.00672	0.00205	0.00723	0.00674	0.00670	0.01054
47	0.02228	0.27670	0.15926	0.01367	0.02001	0.01693	0.03526	0.02582	0.01622	0.32490	0.01740	0.01687	0.01210	0.00697	0.00587	0.00187	0.00720	0.00536	0.00523	0.01009
48	0.01267	0.01193	0.02013	0.74806	0.04621	0.01491	0.01863	0.01714	0.01342	0.01714	0.01193	0.01789	0.00894	0.00671	0.00671	0.00224	0.00894	0.00596	0.00298	0.00745
49	0.01267	0.01193	0.02013	0.74806	0.04621	0.01491	0.01863	0.01714	0.01342	0.01714	0.01193	0.01789	0.00894	0.00671	0.00671	0.00224	0.00894	0.00596	0.00298	0.00745
50	0.01596	0.01530	0.02656	0.12276	0.57265	0.01558	0.06589	0.02009	0.01506	0.02143	0.01290	0.01713	0.01061	0.00610	0.00667	0.00203	0.00816	0.00612	0.02901	0.01000
51	0.00975	0.00667	0.00846	0.00850	0.00888	0.00702	0.00553	0.01038	0.01011	0.01385	0.02017	0.05704	0.02202	0.49067	0.24902	0.04440	0.00992	0.00904	0.00393	0.00464
52	0.01805	0.01458	0.04559	0.01458	0.05004	0.01511	0.01133	0.08111	0.45090	0.10924	0.09266	0.02572	0.02259	0.00912	0.00689	0.00220	0.00562	0.00763	0.00671	0.01032
53	0.01635	0.01568	0.02678	0.08660	0.67889	0.01588	0.02047	0.02037	0.01516	0.02161	0.01258	0.01669	0.01052	0.00603	0.00665	0.00201	0.00803	0.00598	0.00330	0.01042

[dist]
# distance from previous block
# <min> <max>
4	7

[block]
# block no. 4 follows, 32 sequences, length 19
# corresponding to MSA columns:
# 664-682
name=unknown_E
#
# <colnr> <probs for GDERKNQSTAVLIFYWHMCP>
#	G	D	E	R	K	N	Q	S	T	A	V	L	I	F	Y	W	H	M	C	P
0	0.01111	0.00906	0.01517	0.06827	0.01768	0.00864	0.14114	0.01352	0.01406	0.05496	0.03338	0.44713	0.10667	0.01588	0.00814	0.00252	0.00575	0.01476	0.00554	0.00663
1	0.01539	0.02064	0.15107	0.02628	0.03326	0.01691	0.55585	0.02120	0.01530	0.02120	0.01310	0.01730	0.00984	0.00606	0.00834	0.00227	0.04625	0.00734	0.00328	0.00911
2	0.01224	0.01127	0.01883	0.64615	0.04148	0.01401	0.01722	0.01643	0.01305	0.01693	0.01276	0.01906	0.01003	0.01274	0.10773	0.00342	0.01019	0.00613	0.00307	0.00725
3	0.01391	0.01193	0.01391	0.00994	0.01590	0.00894	0.00795	0.01690	0.01391	0.02186	0.01193	0.01391	0.00994	0.00497	0.00497	0.00099	0.00497	0.00398	0.00398	0.80521
4	0.01899	0.01555	0.01606	0.01396	0.01805	0.04376	0.01098	0.13264	0.54901	0.06603	0.02499	0.02313	0.01851	0.00883	0.00678	0.00221	0.00589	0.00719	0.00676	0.01067
5	0.00845	0.00595	0.00770	0.00899	0.00931	0.00563	0.00585	0.00941	0.01231	0.01642	0.03424	0.63590	0.04092	0.14965	0.01299	0.00338	0.00435	0.01746	0.00585	0.00521
6	0.01391	0.01193	0.01391	0.00994	0.01590	0.00894	0.00795	0.01690	0.01391	0.02186	0.01193	0.01391	0.00994	0.00497	0.00497	0.00099	0.00497	0.00398	0.00398	0.80521
7	0.07843	0.44048	0.12047	0.01483	0.06974	0.06512	0.01349	0.02192	0.01454	0.08937	0.01171	0.01293	0.00945	0.00621	0.00508	0.00170	0.00760	0.00431	0.00357	0.00906
8	0.69615	0.06998	0.01239	0.00963	0.01385	0.06823	0.00799	0.02026	0.01213	0.02806	0.00942	0.01098	0.00747	0.00624	0.00430	0.00200	0.00584	0.00368	0.00401	0.00740
9	0.01669	0.01441	0.01517	0.01365	0.01745	0.01669	0.01062	0.03565	0.71021	0.02807	0.02731	0.02503	0.02048	0.00910	0.00683	0.00228	0.00531	0.00759	0.00683	0.01062
10	0.01661	0.01585	0.02647	0.03945	0.67789	0.01599	0.01996	0.02154	0.05909	0.02231	0.01355	0.01714	0.01125	0.00618	0.00665	0.00201	0.00780	0.00608	0.00354	0.01063
11	0.00818	0.00584	0.00779	0.00934	0.00973	0.00545	0.00623	0.00934	0.01285	0.01713	0.03698	0.75981	0.04438	0.02102	0.00856	0.00273	0.00389	0.01908	0.00623	0.00545
12	0.00795	0.00673	0.00687	0.00699	0.00911	0.00565	0.00518	0.00961	0.01511	0.01805	0.06565	0.11671	0.66897	0.01730	0.00798	0.00230	0.00344	0.01453	0.00623	0.00565
13	0.01666	0.01504	0.02013	0.02497	0.30719	0.01638	0.01472	0.02946	0.42456	0.02554	0.02127	0.02157	0.01643	0.00782	0.00675	0.00216	0.00640	0.00693	0.00539	0.01062
14	0.00970	0.00653	0.00717	0.00717	0.00760	0.00637	0.00425	0.01017	0.01084	0.01459	0.02767	0.04540	0.11997	0.60611	0.02839	0.00556	0.00583	0.01011	0.06214	0.00445
15	0.01391	0.01193	0.01391	0.00994	0.01590	0.00894	0.00795	0.01690	0.01391	0.02186	0.01193	0.01391	0.00994	0.00497	0.00497	0.00099	0.00497	0.00398	0.00398	0.80521
16	0.01209	0.00801	0.00927	0.00863	0.01117	0.00727	0.00664	0.01556	0.06871	0.11886	0.20485	0.07725	0.37968	0.01464	0.00774	0.00224	0.00390	0.02968	0.00682	0.00699
17	0.05411	0.01397	0.02192	0.07107	0.03924	0.05795	0.23983	0.06219	0.03297	0.02154	0.02119	0.22865	0.02128	0.01105	0.00754	0.00232	0.00783	0.04492	0.00467	0.03577
18	0.04370	0.02318	0.05079	0.01598	0.02035	0.34720	0.06181	0.11246	0.01941	0.08159	0.06889	0.01723	0.01417	0.00755	0.00673	0.00186	0.02680	0.00565	0.00461	0.07002

[dist]
# distance from previous block
# <min> <max>
0	20

[block]
# block no. 5 follows, 32 sequences, length 30
# corresponding to MSA columns:
# 703-732
name=unknown_F
#
# <colnr> <probs for GDERKNQSTAVLIFYWHMCP>
#	G	D	E	R	K	N	Q	S	T	A	V	L	I	F	Y	W	H	M	C	P
0	0.31658	0.01527	0.01347	0.01139	0.01571	0.09666	0.00908	0.08863	0.11434	0.06982	0.03909	0.01773	0.03567	0.00743	0.00552	0.00191	0.00609	0.00536	0.00510	0.12516
1	0.21819	0.04203	0.07092	0.01608	0.06182	0.26020	0.01273	0.07889	0.01653	0.04578	0.03226	0.01428	0.01054	0.00746	0.00738	0.00202	0.08562	0.00489	0.00405	0.00834
2	0.03794	0.01574	0.02441	0.04543	0.20922	0.03781	0.16655	0.10023	0.01767	0.13735	0.01519	0.01724	0.01128	0.00642	0.00662	0.00192	0.00793	0.00613	0.00464	0.13027
3	0.04151	0.01460	0.01976	0.36882	0.12142	0.06045	0.01592	0.09699	0.06615	0.10672	0.01514	0.01806	0.01110	0.00712	0.00660	0.00213	0.00809	0.00601	0.00441	0.00901
4	0.08879	0.01295	0.01439	0.01140	0.01639	0.03746	0.00927	0.07219	0.06179	0.18198	0.01818	0.02162	0.01434	0.00752	0.00594	0.00169	0.00571	0.06114	0.00551	0.35173
5	0.01594	0.01405	0.02279	0.19907	0.42008	0.01448	0.01769	0.02034	0.04016	0.05947	0.01448	0.04120	0.01195	0.00679	0.00659	0.00201	0.00760	0.00633	0.00379	0.07520
6	0.11726	0.01485	0.04475	0.26456	0.39125	0.01548	0.01838	0.01939	0.01415	0.02141	0.01196	0.01621	0.00959	0.00626	0.00634	0.00209	0.00799	0.00564	0.00330	0.00915
7	0.01485	0.22580	0.42541	0.01684	0.02397	0.01933	0.01955	0.02008	0.01337	0.01894	0.01077	0.01335	0.00858	0.00712	0.00847	0.00208	0.13473	0.00475	0.00286	0.00913
8	0.01152	0.00592	0.00887	0.00887	0.00895	0.00599	0.00599	0.00895	0.00887	0.01191	0.01207	0.02078	0.01199	0.02507	0.07256	0.75307	0.00662	0.00592	0.00296	0.00311
9	0.00845	0.00682	0.00751	0.00734	0.00938	0.00588	0.00551	0.01063	0.01652	0.02103	0.28291	0.05980	0.50286	0.01591	0.00792	0.00221	0.00332	0.01349	0.00661	0.00588
10	0.01060	0.00761	0.01055	0.01205	0.01356	0.00756	0.01043	0.01356	0.01533	0.01989	0.03664	0.10529	0.06088	0.01859	0.00919	0.00305	0.00599	0.62692	0.00618	0.00613
11	0.02506	0.03198	0.01901	0.01729	0.02074	0.73725	0.01296	0.02679	0.01901	0.01642	0.01037	0.01210	0.00864	0.00691	0.00605	0.00173	0.01210	0.00432	0.00346	0.00778
12	0.01309	0.01081	0.01309	0.01058	0.01537	0.00862	0.00871	0.01610	0.01432	0.02139	0.01818	0.03029	0.01754	0.00857	0.00611	0.00155	0.00529	0.18246	0.00456	0.59336
13	0.02420	0.08966	0.02098	0.01742	0.05119	0.48044	0.01313	0.18186	0.02130	0.02260	0.01171	0.01311	0.00937	0.00704	0.00608	0.00178	0.01042	0.00473	0.00416	0.00881
14	0.81159	0.01298	0.00986	0.00882	0.01298	0.01505	0.00727	0.01972	0.01142	0.03010	0.00934	0.01090	0.00727	0.00623	0.00415	0.00208	0.00519	0.00363	0.00415	0.00727
15	0.01556	0.01488	0.02535	0.22860	0.54307	0.01567	0.02007	0.01968	0.01478	0.02065	0.01244	0.01695	0.01018	0.00617	0.00666	0.00206	0.00823	0.00597	0.00323	0.00979
16	0.02407	0.01741	0.01860	0.01442	0.01937	0.01920	0.01186	0.62425	0.02961	0.04038	0.01675	0.01709	0.01205	0.00803	0.00649	0.00196	0.00691	0.00606	0.09464	0.01084
17	0.01012	0.00752	0.01085	0.01070	0.01195	0.00866	0.00824	0.03426	0.01139	0.01627	0.01813	0.02721	0.01712	0.09732	0.66610	0.01021	0.01685	0.00733	0.00373	0.00604
18	0.00895	0.00658	0.00838	0.00847	0.00982	0.00601	0.00615	0.01140	0.01689	0.02320	0.45512	0.24012	0.14190	0.01607	0.00809	0.00229	0.00339	0.01423	0.00693	0.00601
19	0.01595	0.00958	0.00993	0.00869	0.01126	0.01011	0.00683	0.19707	0.01870	0.02959	0.02036	0.02265	0.01566	0.00788	0.00523	0.00168	0.00426	0.00620	0.59073	0.00762
20	0.00835	0.00681	0.00737	0.00723	0.00932	0.00584	0.00542	0.01043	0.01627	0.02045	0.24053	0.06074	0.54561	0.01612	0.00793	0.00222	0.00334	0.01362	0.00654	0.00584
21	0.00859	0.00602	0.00766	0.00881	0.00909	0.00573	0.00566	0.00945	0.01203	0.01604	0.03278	0.57000	0.03908	0.21806	0.01535	0.00373	0.00459	0.01660	0.00566	0.00508
22	0.01468	0.01468	0.02055	0.01762	0.01762	0.02055	0.01468	0.01615	0.01028	0.01615	0.00881	0.01468	0.00881	0.01174	0.02202	0.00294	0.75191	0.00587	0.00294	0.00734
23	0.01346	0.03471	0.72942	0.01912	0.02904	0.01558	0.02479	0.02125	0.01417	0.02125	0.01204	0.01417	0.00850	0.00637	0.00637	0.00212	0.00992	0.00496	0.00283	0.00992
24	0.00959	0.00719	0.01078	0.01078	0.01198	0.00839	0.00839	0.01198	0.01078	0.01558	0.01797	0.02636	0.01677	0.05032	0.73760	0.01078	0.01797	0.00719	0.00359	0.00599
25	0.00950	0.00686	0.00897	0.00844	0.01002	0.00633	0.00633	0.01266	0.01899	0.02691	0.71879	0.05012	0.06331	0.01372	0.00791	0.00211	0.00317	0.01213	0.00739	0.00633
26	0.01636	0.01828	0.03332	0.08556	0.03248	0.09573	0.51623	0.02130	0.01586	0.02082	0.01367	0.01791	0.01041	0.00604	0.00738	0.00215	0.01062	0.00724	0.06006	0.00858
27	0.01466	0.09752	0.02209	0.15637	0.02303	0.02014	0.01508	0.01677	0.01125	0.01630	0.00946	0.01486	0.00881	0.01012	0.01714	0.00264	0.52769	0.00564	0.00294	0.00750
28	0.02768	0.01080	0.01471	0.01165	0.01631	0.00937	0.00946	0.03012	0.01850	0.64844	0.02763	0.10437	0.01968	0.00971	0.00695	0.00215	0.00551	0.00811	0.00808	0.01076
29	0.00818	0.00584	0.00779	0.00934	0.00973	0.00545	0.00623	0.00934	0.01285	0.01713	0.03698	0.75981	0.04438	0.02102	0.00856	0.00273	0.00389	0.01908	0.00623	0.00545

[dist]
# distance from previous block
# <min> <max>
0	8

[block]
# block no. 6 follows, 32 sequences, length 56
# corresponding to MSA columns:
# 741-796
name=unknown_G
#
# <colnr> <probs for GDERKNQSTAVLIFYWHMCP>
#	G	D	E	R	K	N	Q	S	T	A	V	L	I	F	Y	W	H	M	C	P
0	0.01615	0.01510	0.02480	0.03635	0.60701	0.01536	0.01869	0.02131	0.07420	0.02223	0.01440	0.01804	0.01196	0.00843	0.04176	0.00243	0.00808	0.00618	0.02725	0.01028
1	0.01595	0.05435	0.49538	0.01823	0.02663	0.01484	0.09364	0.02229	0.01509	0.12026	0.01683	0.01811	0.04403	0.00706	0.00659	0.00212	0.00906	0.00592	0.00383	0.00978
2	0.00818	0.00584	0.00779	0.00934	0.00973	0.00545	0.00623	0.00934	0.01285	0.01713	0.03698	0.75981	0.04438	0.02102	0.00856	0.00273	0.00389	0.01908	0.00623	0.00545
3	0.01372	0.03286	0.65256	0.02014	0.02971	0.01574	0.09980	0.02128	0.01435	0.02128	0.01221	0.01460	0.00869	0.00629	0.00655	0.00214	0.01007	0.00529	0.00290	0.00982
4	0.02506	0.03198	0.01901	0.01729	0.02074	0.73725	0.01296	0.02679	0.01901	0.01642	0.01037	0.01210	0.00864	0.00691	0.00605	0.00173	0.01210	0.00432	0.00346	0.00778
5	0.02559	0.01207	0.01543	0.01175	0.01706	0.01055	0.00962	0.06585	0.04859	0.49863	0.02263	0.02053	0.01497	0.00757	0.00634	0.00183	0.00562	0.00611	0.00717	0.19210
6	0.05285	0.01285	0.01625	0.01250	0.01769	0.01207	0.01032	0.15706	0.02128	0.57791	0.02402	0.02122	0.01536	0.00820	0.00666	0.00206	0.00601	0.00652	0.00788	0.01129
7	0.01669	0.01441	0.01517	0.01365	0.01745	0.01669	0.01062	0.03565	0.71021	0.02807	0.02731	0.02503	0.02048	0.00910	0.00683	0.00228	0.00531	0.00759	0.00683	0.01062
8	0.01391	0.01193	0.01391	0.00994	0.01590	0.00894	0.00795	0.01690	0.01391	0.02186	0.01193	0.01391	0.00994	0.00497	0.00497	0.00099	0.00497	0.00398	0.00398	0.80521
9	0.00959	0.00719	0.01078	0.01078	0.01198	0.00839	0.00839	0.01198	0.01078	0.01558	0.01797	0.02636	0.01677	0.05032	0.73760	0.01078	0.01797	0.00719	0.00359	0.00599
10	0.02401	0.01690	0.02187	0.01659	0.02194	0.01773	0.11861	0.45405	0.02625	0.15129	0.01833	0.04973	0.01351	0.00828	0.00699	0.00209	0.00757	0.00701	0.00644	0.01079
11	0.03010	0.01142	0.01557	0.01194	0.01713	0.00986	0.00986	0.03270	0.01920	0.72698	0.02647	0.02284	0.01661	0.00830	0.00675	0.00208	0.00571	0.00675	0.00830	0.01142
12	0.01588	0.01262	0.01385	0.01243	0.01583	0.01408	0.00965	0.03053	0.52276	0.06641	0.17662	0.03033	0.02952	0.01006	0.00706	0.00223	0.00487	0.00852	0.00703	0.00974
13	0.00944	0.00686	0.00889	0.00838	0.00999	0.00631	0.00629	0.01255	0.01886	0.02659	0.69497	0.05065	0.08733	0.01384	0.00791	0.00212	0.00317	0.01221	0.00734	0.00631
14	0.01619	0.01193	0.01338	0.01150	0.01448	0.01303	0.00916	0.26429	0.05545	0.02779	0.02719	0.03089	0.13597	0.05477	0.10866	0.00351	0.04315	0.03044	0.12006	0.00816
15	0.00807	0.00680	0.00699	0.00694	0.00915	0.00572	0.00521	0.00990	0.01562	0.01890	0.12498	0.06331	0.66212	0.01671	0.00793	0.00225	0.00338	0.01398	0.00633	0.00572
