[name]
unknown

[dist]
# distance from previous block
# <min> <max>
0	85

[block]
# block no. 0 follows, 38 sequences, length 8
# corresponding to MSA columns:
# 112-119
name=unknown_A
#
# <colnr> <probs for GDERKNQSTAVLIFYWHMCP>
#	G	D	E	R	K	N	Q	S	T	A	V	L	I	F	Y	W	H	M	C	P
0	0.06867	0.11738	0.04071	0.01474	0.09541	0.01268	0.07510	0.05299	0.06278	0.14885	0.08455	0.02749	0.01932	0.02920	0.00680	0.00206	0.00598	0.12248	0.00487	0.00793
1	0.10106	0.04150	0.05152	0.02921	0.08403	0.05802	0.09493	0.08401	0.03224	0.08156	0.15725	0.02463	0.09425	0.00832	0.00651	0.00189	0.02976	0.00702	0.00470	0.00758
2	0.01219	0.00966	0.05661	0.01002	0.01267	0.00842	0.02603	0.03304	0.03458	0.12266	0.17665	0.14386	0.17365	0.01193	0.00782	0.00204	0.06658	0.03578	0.00549	0.05035
3	0.01897	0.26564	0.12409	0.04024	0.01902	0.10183	0.03532	0.09133	0.01545	0.18074	0.01298	0.01365	0.00960	0.00631	0.00585	0.00169	0.04012	0.00459	0.00406	0.00853
4	0.01403	0.01331	0.07606	0.01408	0.10036	0.01083	0.03060	0.05563	0.07256	0.05510	0.01347	0.04234	0.01109	0.00600	0.00573	0.00141	0.03147	0.00497	0.00396	0.43702
5	0.01115	0.04174	0.01186	0.01203	0.08300	0.02961	0.02833	0.04632	0.01388	0.05938	0.13880	0.37880	0.05155	0.05494	0.00821	0.00231	0.00462	0.01200	0.00524	0.00622
6	0.01420	0.01623	0.03550	0.02535	0.03144	0.01521	0.72921	0.01927	0.01420	0.01927	0.01217	0.01623	0.00913	0.00507	0.00710	0.00203	0.01014	0.00710	0.00304	0.00811
7	0.01499	0.09271	0.43296	0.07295	0.04978	0.01368	0.01733	0.02052	0.03525	0.14470	0.03971	0.01554	0.01106	0.00628	0.00570	0.00185	0.00755	0.00501	0.00366	0.00877

[dist]
# distance from previous block
# <min> <max>
0	1

[block]
# block no. 1 follows, 38 sequences, length 28
# corresponding to MSA columns:
# 121-148
name=unknown_B
#
# <colnr> <probs for GDERKNQSTAVLIFYWHMCP>
#	G	D	E	R	K	N	Q	S	T	A	V	L	I	F	Y	W	H	M	C	P
0	0.02051	0.01253	0.04969	0.01176	0.01560	0.07046	0.04301	0.03834	0.05263	0.40858	0.02316	0.08180	0.05534	0.05073	0.00804	0.00215	0.03392	0.00721	0.00593	0.00859
1	0.02066	0.01028	0.01297	0.01083	0.01435	0.00987	0.00867	0.17029	0.01803	0.39520	0.02440	0.20011	0.02073	0.01053	0.00654	0.00203	0.00507	0.04406	0.00662	0.00875
2	0.00928	0.12621	0.01129	0.00875	0.01026	0.00819	0.00653	0.01062	0.01166	0.01544	0.02668	0.52526	0.03111	0.05927	0.00817	0.00235	0.00425	0.04842	0.00485	0.07139
3	0.01502	0.06592	0.29675	0.02294	0.28141	0.08666	0.01763	0.03885	0.04194	0.03976	0.02994	0.01456	0.01022	0.00595	0.00573	0.00179	0.00785	0.00497	0.00322	0.00888
4	0.01279	0.16786	0.62700	0.01591	0.02413	0.01574	0.02008	0.01886	0.01262	0.01817	0.01036	0.01215	0.00764	0.00561	0.00538	0.00179	0.00845	0.00422	0.00255	0.00868
5	0.01466	0.01503	0.02025	0.19870	0.11619	0.13226	0.15317	0.07136	0.03146	0.01889	0.01703	0.02059	0.08300	0.00705	0.00622	0.00186	0.00783	0.02676	0.00360	0.05408
6	0.01105	0.00559	0.00566	0.00572	0.00708	0.00558	0.00426	0.01378	0.01257	0.02213	0.02019	0.05447	0.01644	0.00751	0.00435	0.00145	0.00283	0.00609	0.78766	0.00558
7	0.00725	0.00593	0.00628	0.00651	0.00813	0.00509	0.00468	0.00860	0.01302	0.01580	0.05348	0.18036	0.58068	0.06620	0.00874	0.00235	0.00330	0.01319	0.00546	0.00495
8	0.00737	0.00530	0.00699	0.00826	0.00871	0.00492	0.00555	0.00850	0.01181	0.01573	0.06156	0.72885	0.06725	0.01846	0.00763	0.00241	0.00345	0.01670	0.00562	0.00492
9	0.00851	0.00615	0.00804	0.00757	0.00899	0.00568	0.00568	0.01135	0.01703	0.02412	0.74788	0.04494	0.05676	0.01230	0.00710	0.00189	0.00284	0.01088	0.00662	0.00568
10	0.01754	0.61759	0.02821	0.01148	0.01616	0.19318	0.01060	0.01939	0.01333	0.01428	0.00858	0.00992	0.00773	0.00539	0.00422	0.00135	0.00744	0.00337	0.00269	0.00755
11	0.01407	0.07459	0.49652	0.03680	0.08214	0.06386	0.01877	0.05412	0.01387	0.03444	0.01102	0.01288	0.00814	0.00574	0.00556	0.00178	0.00829	0.00446	0.00294	0.04999
12	0.03503	0.01854	0.04628	0.03872	0.12214	0.25564	0.05893	0.08389	0.01490	0.01841	0.01218	0.06773	0.01104	0.02448	0.00887	0.00201	0.14555	0.00580	0.02241	0.00744
13	0.01608	0.79220	0.03152	0.01029	0.01544	0.02380	0.01029	0.01801	0.01222	0.01415	0.00836	0.00965	0.00772	0.00515	0.00386	0.00129	0.00643	0.00322	0.00257	0.00772
14	0.01500	0.01720	0.08035	0.15255	0.29750	0.13400	0.09444	0.01978	0.07246	0.01840	0.01335	0.01619	0.02963	0.00610	0.00603	0.00185	0.00805	0.00555	0.00324	0.00831
15	0.01248	0.00786	0.00979	0.00831	0.01100	0.00691	0.00639	0.03020	0.01536	0.14281	0.33724	0.03466	0.10694	0.06441	0.03021	0.00222	0.00421	0.00855	0.00578	0.15468
16	0.00818	0.00662	0.00736	0.00746	0.00917	0.00615	0.00547	0.01141	0.08962	0.01812	0.15009	0.21374	0.41502	0.01487	0.00713	0.00210	0.00329	0.01280	0.00579	0.00559
17	0.83108	0.01163	0.00884	0.00791	0.01163	0.01350	0.00651	0.01768	0.01024	0.02699	0.00838	0.00977	0.00651	0.00558	0.00372	0.00186	0.00465	0.00326	0.00372	0.00651
18	0.04775	0.04818	0.15188	0.05356	0.04068	0.05828	0.04376	0.06509	0.10262	0.15491	0.03412	0.01815	0.01286	0.04764	0.04353	0.00247	0.05618	0.00567	0.00441	0.00826
19	0.02492	0.01251	0.07413	0.01152	0.01646	0.01024	0.01013	0.07741	0.05280	0.61050	0.02208	0.01953	0.01415	0.00733	0.00602	0.00187	0.00551	0.00591	0.00689	0.01009
20	0.01968	0.01479	0.01579	0.01264	0.01685	0.01638	0.01025	0.48024	0.20079	0.03299	0.01720	0.01698	0.01260	0.00735	0.00585	0.00180	0.00579	0.00571	0.07171	0.03461
21	0.01489	0.01429	0.02442	0.03692	0.75106	0.01429	0.01846	0.01846	0.01370	0.01965	0.01132	0.01489	0.00953	0.00536	0.00596	0.00179	0.00715	0.00536	0.00298	0.00953
22	0.04570	0.01272	0.05448	0.39539	0.13888	0.01338	0.03368	0.07493	0.01402	0.09017	0.01309	0.04478	0.01024	0.00669	0.00634	0.00196	0.02636	0.00579	0.00360	0.00781
23	0.01601	0.45628	0.12776	0.01462	0.07706	0.04148	0.04893	0.03517	0.01311	0.05584	0.01024	0.01196	0.00851	0.00641	0.01939	0.00171	0.04029	0.00412	0.00300	0.00812
24	0.01100	0.00565	0.00580	0.00576	0.00717	0.00561	0.00432	0.01380	0.01297	0.02256	0.07830	0.02424	0.01875	0.00743	0.00444	0.00144	0.00281	0.00603	0.75628	0.00561
25	0.01316	0.01316	0.01843	0.01579	0.01579	0.01843	0.01316	0.01448	0.00921	0.01448	0.00790	0.01316	0.00790	0.01053	0.01974	0.00263	0.77757	0.00526	0.00263	0.00658
26	0.01171	0.01170	0.05656	0.26395	0.18215	0.01173	0.04387	0.01650	0.08809	0.01782	0.01868	0.16683	0.03146	0.00921	0.00650	0.00208	0.00654	0.04341	0.00386	0.00734
27	0.00824	0.00609	0.00769	0.00738	0.00884	0.00554	0.00550	0.01078	0.01624	0.02246	0.60518	0.08429	0.16329	0.01308	0.00713	0.00194	0.00290	0.01148	0.00641	0.00554

[dist]
# distance from previous block
# <min> <max>
0	6

[block]
# block no. 2 follows, 38 sequences, length 50
# corresponding to MSA columns:
# 155-204
name=unknown_C
#
# <colnr> <probs for GDERKNQSTAVLIFYWHMCP>
#	G	D	E	R	K	N	Q	S	T	A	V	L	I	F	Y	W	H	M	C	P
0	0.64324	0.03666	0.01276	0.01168	0.06940	0.06569	0.04843	0.01828	0.01125	0.02477	0.00888	0.01059	0.00701	0.00557	0.00420	0.00183	0.00563	0.00367	0.00355	0.00690
1	0.09333	0.16173	0.10232	0.01525	0.05586	0.14317	0.06373	0.17852	0.01649	0.02215	0.01078	0.01255	0.00853	0.00635	0.00637	0.00175	0.06731	0.00456	0.02106	0.00816
2	0.00832	0.00645	0.00740	0.00740	0.00902	0.00587	0.00544	0.04595	0.01476	0.01912	0.22466	0.22502	0.36886	0.01495	0.00719	0.00208	0.00328	0.01292	0.00587	0.00544
3	0.01047	0.00891	0.01230	0.08837	0.12056	0.00811	0.00896	0.01273	0.01236	0.01742	0.02265	0.29162	0.07683	0.01069	0.00618	0.00177	0.00474	0.00952	0.00427	0.27152
4	0.00733	0.00524	0.00698	0.00838	0.00873	0.00489	0.00558	0.00838	0.01152	0.01536	0.03316	0.78466	0.03979	0.01885	0.00768	0.00244	0.00349	0.01710	0.00558	0.00489
5	0.01316	0.01316	0.01843	0.01579	0.01579	0.01843	0.01316	0.01448	0.00921	0.01448	0.00790	0.01316	0.00790	0.01053	0.01974	0.00263	0.77757	0.00526	0.00263	0.00658
6	0.01136	0.01069	0.01804	0.77412	0.04143	0.01337	0.01671	0.01537	0.01203	0.01537	0.01069	0.01604	0.00802	0.00601	0.00601	0.00200	0.00802	0.00535	0.00267	0.00668
7	0.02699	0.01024	0.01396	0.01070	0.01536	0.00884	0.00884	0.02932	0.01722	0.75522	0.02373	0.02048	0.01489	0.00745	0.00605	0.00186	0.00512	0.00605	0.00745	0.01024
8	0.00875	0.00583	0.00656	0.00656	0.00656	0.00583	0.00365	0.00875	0.00875	0.01166	0.01895	0.03937	0.02187	0.78858	0.03062	0.00583	0.00583	0.00875	0.00365	0.00365
9	0.02287	0.01685	0.01805	0.01384	0.01866	0.01866	0.01143	0.73100	0.02828	0.03791	0.01444	0.01444	0.01023	0.00722	0.00602	0.00181	0.00662	0.00542	0.00602	0.01023
10	0.00839	0.00608	0.00791	0.00758	0.00894	0.00560	0.00564	0.01106	0.01653	0.02326	0.67652	0.09894	0.07521	0.01286	0.00714	0.00194	0.00289	0.01138	0.00652	0.00560
11	0.00869	0.00581	0.00658	0.00663	0.00664	0.00580	0.00372	0.00873	0.00885	0.01181	0.01950	0.06789	0.02256	0.75912	0.02974	0.00570	0.00574	0.00907	0.00372	0.00369
12	0.00837	0.00563	0.00731	0.00832	0.00910	0.00517	0.00575	0.00958	0.01212	0.05311	0.03573	0.64495	0.11710	0.01780	0.00755	0.00238	0.00358	0.03557	0.00568	0.00520
13	0.00875	0.00583	0.00656	0.00656	0.00656	0.00583	0.00365	0.00875	0.00875	0.01166	0.01895	0.03937	0.02187	0.78858	0.03062	0.00583	0.00583	0.00875	0.00365	0.00365
14	0.02213	0.07105	0.01790	0.01515	0.01842	0.69588	0.01154	0.04931	0.01718	0.01553	0.00943	0.01091	0.00784	0.00618	0.00536	0.00154	0.01045	0.00389	0.00318	0.00713
15	0.05514	0.01565	0.01931	0.05697	0.14899	0.03647	0.05819	0.38862	0.10922	0.02972	0.01437	0.01538	0.01068	0.00671	0.00597	0.00185	0.00681	0.00554	0.00496	0.00945
16	0.01548	0.01411	0.03876	0.16831	0.46783	0.03839	0.03281	0.01898	0.01366	0.08746	0.01218	0.01541	0.00958	0.00589	0.00648	0.00186	0.03527	0.00539	0.00332	0.00883
17	0.68524	0.01478	0.03462	0.00933	0.01313	0.12398	0.00778	0.01866	0.01132	0.02493	0.00859	0.01003	0.00673	0.00568	0.00404	0.00182	0.00570	0.00339	0.00359	0.00666
18	0.01383	0.34407	0.42154	0.01474	0.02194	0.01809	0.05322	0.01863	0.01258	0.01704	0.00986	0.01162	0.00774	0.00545	0.00502	0.00166	0.00794	0.00407	0.00258	0.00837
19	0.00827	0.00599	0.00801	0.00928	0.01019	0.00573	0.00716	0.01005	0.01264	0.01650	0.03490	0.43534	0.09563	0.01765	0.00789	0.00254	0.00428	0.29722	0.00557	0.00517
20	0.00741	0.00527	0.00696	0.00828	0.00861	0.00494	0.00548	0.00840	0.01137	0.01516	0.03239	0.74430	0.03882	0.06053	0.00892	0.00263	0.00362	0.01665	0.00548	0.00482
21	0.00778	0.00565	0.00738	0.00830	0.00910	0.00526	0.00593	0.00938	0.01299	0.01738	0.17233	0.50982	0.10182	0.01706	0.00758	0.00234	0.00353	0.08545	0.00578	0.00512
22	0.01420	0.01623	0.03550	0.02535	0.03144	0.01521	0.72921	0.01927	0.01420	0.01927	0.01217	0.01623	0.00913	0.00507	0.00710	0.00203	0.01014	0.00710	0.00304	0.00811
23	0.01348	0.01297	0.02241	0.32381	0.44315	0.01397	0.04866	0.01729	0.01307	0.01797	0.01111	0.01540	0.00892	0.00560	0.00603	0.00188	0.00762	0.00543	0.00286	0.00836
24	0.01136	0.01069	0.01804	0.77412	0.04143	0.01337	0.01671	0.01537	0.01203	0.01537	0.01069	0.01604	0.00802	0.00601	0.00601	0.00200	0.00802	0.00535	0.00267	0.00668
25	0.02330	0.01616	0.01763	0.01351	0.01831	0.01763	0.01116	0.65755	0.02713	0.11300	0.01542	0.01507	0.01072	0.00724	0.00602	0.00181	0.00646	0.00548	0.00617	0.01023
26	0.01847	0.08134	0.09864	0.01325	0.04747	0.03669	0.01133	0.26105	0.04597	0.13218	0.05883	0.03818	0.01405	0.00712	0.00571	0.00169	0.00613	0.00564	0.00506	0.11119
27	0.01458	0.01578	0.06051	0.01582	0.01888	0.11794	0.16524	0.05492	0.10684	0.01867	0.02972	0.02006	0.01313	0.06859	0.03386	0.00261	0.17760	0.03305	0.02489	0.00731
28	0.01489	0.01429	0.02442	0.03692	0.75106	0.01429	0.01846	0.01846	0.01370	0.01965	0.01132	0.01489	0.00953	0.00536	0.00596	0.00179	0.00715	0.00536	0.00298	0.00953
29	0.00767	0.00609	0.00689	0.00675	0.00848	0.00531	0.00504	0.00969	0.01494	0.01932	0.33013	0.07714	0.45282	0.01420	0.00712	0.00199	0.00298	0.01213	0.00599	0.00531
30	0.01496	0.01292	0.01360	0.01224	0.01564	0.01496	0.00952	0.03197	0.74019	0.02516	0.02448	0.02244	0.01836	0.00816	0.00612	0.00204	0.00476	0.00680	0.00612	0.00952
31	0.00871	0.00597	0.00725	0.00725	0.00749	0.00621	0.00450	0.00919	0.00895	0.01217	0.01833	0.03588	0.02036	0.62387	0.19326	0.00668	0.00811	0.00824	0.00355	0.00403
32	0.01247	0.01069	0.01247	0.00891	0.01426	0.00802	0.00713	0.01515	0.01247	0.01960	0.01069	0.01247	0.00891	0.00446	0.00446	0.00089	0.00446	0.00356	0.00356	0.82536
33	0.25025	0.28198	0.01926	0.01109	0.01491	0.17653	0.00946	0.06567	0.01357	0.01959	0.01021	0.04977	0.00918	0.00656	0.00518	0.00166	0.04024	0.00431	0.00340	0.00719
34	0.01133	0.01029	0.05476	0.02748	0.01257	0.04246	0.00858	0.01513	0.08908	0.01755	0.01800	0.08900	0.01675	0.08535	0.15859	0.00383	0.11841	0.02341	0.19126	0.00616
35	0.00861	0.00624	0.00872	0.00869	0.00963	0.00684	0.00646	0.01018	0.01023	0.01431	0.07184	0.02971	0.06868	0.15753	0.50474	0.04939	0.01209	0.00749	0.00366	0.00496
36	0.01707	0.01245	0.01367	0.01197	0.01559	0.01389	0.00940	0.03150	0.61371	0.15288	0.02435	0.02210	0.01776	0.00804	0.00611	0.00201	0.00482	0.00667	0.00635	0.00965
37	0.02247	0.02867	0.01705	0.01550	0.01860	0.76443	0.01162	0.02402	0.01705	0.01472	0.00930	0.01085	0.00775	0.00620	0.00542	0.00155	0.01085	0.00387	0.00310	0.00697
38	0.02171	0.01206	0.01428	0.01168	0.01585	0.01241	0.00941	0.11011	0.30779	0.38156	0.02298	0.02058	0.01575	0.00771	0.00607	0.00193	0.00515	0.00628	0.00675	0.00995
39	0.01121	0.00561	0.00561	0.00561	0.00701	0.00561	0.00421	0.01402	0.01262	0.02243	0.01962	0.02243	0.01542	0.00701	0.00421	0.00140	0.00280	0.00561	0.82198	0.00561
40	0.01121	0.00561	0.00561	0.00561	0.00701	0.00561	0.00421	0.01402	0.01262	0.02243	0.01962	0.02243	0.01542	0.00701	0.00421	0.00140	0.00280	0.00561	0.82198	0.00561
41	0.02287	0.01685	0.01805	0.01384	0.01866	0.01866	0.01143	0.73100	0.02828	0.03791	0.01444	0.01444	0.01023	0.00722	0.00602	0.00181	0.00662	0.00542	0.00602	0.01023
42	0.01316	0.01316	0.01843	0.01579	0.01579	0.01843	0.01316	0.01448	0.00921	0.01448	0.00790	0.01316	0.00790	0.01053	0.01974	0.00263	0.77757	0.00526	0.00263	0.00658
43	0.01247	0.01069	0.01247	0.00891	0.01426	0.00802	0.00713	0.01515	0.01247	0.01960	0.01069	0.01247	0.00891	0.00446	0.00446	0.00089	0.00446	0.00356	0.00356	0.82536
44	0.00731	0.00532	0.00690	0.00816	0.00867	0.00490	0.00549	0.00840	0.01172	0.01544	0.03576	0.71666	0.10610	0.01851	0.00763	0.00240	0.00345	0.01669	0.00558	0.00490
45	0.01451	0.00949	0.01287	0.01127	0.01308	0.01092	0.00902	0.05270	0.03088	0.17619	0.04367	0.02249	0.03198	0.06927	0.27694	0.00503	0.19182	0.00648	0.00442	0.00696
46	0.01330	0.29523	0.26244	0.01288	0.03832	0.03507	0.01334	0.01803	0.07187	0.01720	0.03817	0.01934	0.08642	0.04664	0.00654	0.00190	0.00675	0.00546	0.00336	0.00774
47	0.00931	0.13113	0.01111	0.00813	0.03134	0.02717	0.00613	0.01093	0.01338	0.01615	0.08477	0.08697	0.47691	0.05145	0.00772	0.00210	0.00405	0.01071	0.00493	0.00563
48	0.05561	0.07331	0.35339	0.01400	0.04058	0.03104	0.01491	0.03695	0.01319	0.08130	0.01205	0.01384	0.00911	0.00857	0.06219	0.00223	0.00784	0.00446	0.00338	0.16207
49	0.27223	0.03774	0.19839	0.01538	0.07528	0.09147	0.07561	0.03697	0.01304	0.04603	0.02794	0.02946	0.00971	0.00636	0.00585	0.00188	0.04064	0.00482	0.00347	0.00772

[dist]
# distance from previous block
# <min> <max>
0	15

[block]
# block no. 3 follows, 38 sequences, length 38
# corresponding to MSA columns:
# 220-257
name=unknown_D
#
# <colnr> <probs for GDERKNQSTAVLIFYWHMCP>
#	G	D	E	R	K	N	Q	S	T	A	V	L	I	F	Y	W	H	M	C	P
0	0.04588	0.01110	0.05586	0.01036	0.01498	0.00882	0.00894	0.02460	0.01596	0.51255	0.07855	0.02062	0.01677	0.00726	0.00578	0.00172	0.00499	0.00591	0.02816	0.12121
1	0.00839	0.00941	0.11058	0.00966	0.01177	0.00665	0.02669	0.01066	0.01264	0.01685	0.08698	0.40459	0.16649	0.03590	0.00790	0.00235	0.00446	0.05728	0.00512	0.00562
2	0.73929	0.07100	0.03848	0.00843	0.01246	0.01429	0.00739	0.01776	0.01048	0.02573	0.00847	0.00987	0.00665	0.00556	0.00381	0.00182	0.00495	0.00330	0.00359	0.00669
3	0.00874	0.00635	0.00722	0.00687	0.00884	0.00550	0.00520	0.01077	0.01506	0.06167	0.29682	0.05124	0.46650	0.01377	0.00704	0.00197	0.00309	0.01168	0.00605	0.00558
4	0.01175	0.01104	0.01804	0.42347	0.25293	0.01230	0.01526	0.01522	0.01281	0.01682	0.01908	0.02252	0.12930	0.00732	0.00618	0.00194	0.00694	0.00655	0.00324	0.00729
5	0.01108	0.00976	0.01465	0.33155	0.10220	0.01119	0.01226	0.01583	0.11177	0.01725	0.03778	0.21590	0.01947	0.03481	0.00760	0.00223	0.02501	0.00882	0.00406	0.00679
6	0.02699	0.01024	0.01396	0.01070	0.01536	0.00884	0.00884	0.02932	0.01722	0.75522	0.02373	0.02048	0.01489	0.00745	0.00605	0.00186	0.00512	0.00605	0.00745	0.01024
7	0.02699	0.01024	0.01396	0.01070	0.01536	0.00884	0.00884	0.02932	0.01722	0.75522	0.02373	0.02048	0.01489	0.00745	0.00605	0.00186	0.00512	0.00605	0.00745	0.01024
8	0.03471	0.01317	0.02506	0.15193	0.02742	0.01309	0.40128	0.05891	0.01449	0.01955	0.04407	0.04915	0.10410	0.00738	0.00678	0.00202	0.00804	0.00777	0.00370	0.00737
9	0.01136	0.01069	0.01804	0.77412	0.04143	0.01337	0.01671	0.01537	0.01203	0.01537	0.01069	0.01604	0.00802	0.00601	0.00601	0.00200	0.00802	0.00535	0.00267	0.00668
10	0.01136	0.01069	0.01804	0.77412	0.04143	0.01337	0.01671	0.01537	0.01203	0.01537	0.01069	0.01604	0.00802	0.00601	0.00601	0.00200	0.00802	0.00535	0.00267	0.00668
11	0.00764	0.00546	0.00732	0.00864	0.00915	0.00514	0.00604	0.00895	0.01201	0.01602	0.06378	0.67432	0.03995	0.01832	0.00772	0.00246	0.00369	0.09277	0.00562	0.00499
12	0.18351	0.02310	0.06263	0.01427	0.01807	0.45698	0.05279	0.03634	0.01527	0.04762	0.01024	0.01187	0.00811	0.00712	0.02610	0.00190	0.00927	0.00416	0.00342	0.00722
13	0.00917	0.00727	0.01000	0.00967	0.01037	0.00855	0.00729	0.01063	0.00977	0.01379	0.01925	0.07142	0.06313	0.19147	0.40459	0.00688	0.13036	0.00775	0.00351	0.00515
14	0.01207	0.03112	0.75741	0.01715	0.02604	0.01397	0.02223	0.01905	0.01270	0.01905	0.01080	0.01270	0.00762	0.00572	0.00572	0.00191	0.00889	0.00445	0.00254	0.00889
15	0.00733	0.00524	0.00698	0.00838	0.00873	0.00489	0.00558	0.00838	0.01152	0.01536	0.03316	0.78466	0.03979	0.01885	0.00768	0.00244	0.00349	0.01710	0.00558	0.00489
16	0.83108	0.01163	0.00884	0.00791	0.01163	0.01350	0.00651	0.01768	0.01024	0.02699	0.00838	0.00977	0.00651	0.00558	0.00372	0.00186	0.00465	0.00326	0.00372	0.00651
17	0.00729	0.00610	0.00634	0.00628	0.00824	0.00516	0.00471	0.00898	0.01414	0.01726	0.14908	0.05623	0.65984	0.01486	0.00711	0.00201	0.00302	0.01246	0.00572	0.00516
18	0.01313	0.01230	0.05586	0.00979	0.01524	0.00923	0.00834	0.05631	0.04147	0.02082	0.01144	0.01298	0.00928	0.00483	0.00468	0.00105	0.00484	0.00384	0.00374	0.70082
19	0.01269	0.01129	0.01544	0.03532	0.11529	0.03670	0.07388	0.06170	0.11084	0.02053	0.09081	0.15419	0.03735	0.01003	0.00700	0.00197	0.03275	0.06565	0.00470	0.10186
20	0.01690	0.22294	0.22419	0.01485	0.05749	0.10100	0.01416	0.10774	0.04017	0.07491	0.01199	0.01333	0.00926	0.00749	0.03125	0.00197	0.03377	0.00452	0.00358	0.00850
21	0.01432	0.02021	0.26126	0.02024	0.04320	0.04011	0.34137	0.03664	0.01423	0.06183	0.01404	0.04103	0.01128	0.00656	0.00657	0.00200	0.00887	0.04453	0.00342	0.00829
22	0.01083	0.00718	0.00854	0.00826	0.01029	0.00669	0.00627	0.01417	0.08558	0.11188	0.16370	0.18931	0.28701	0.01383	0.00705	0.00211	0.00367	0.05132	0.00605	0.00626
23	0.01480	0.21825	0.04719	0.13977	0.09175	0.01535	0.07381	0.08086	0.03364	0.05485	0.01460	0.07011	0.03168	0.00689	0.00553	0.00170	0.00659	0.00586	0.00370	0.08306
24	0.01116	0.00929	0.01102	0.00860	0.01272	0.00723	0.00667	0.01358	0.01285	0.01936	0.09194	0.12664	0.04311	0.00767	0.00527	0.00125	0.00410	0.00654	0.00423	0.59674
25	0.04233	0.13555	0.38958	0.01576	0.03615	0.01665	0.04996	0.20303	0.01667	0.02350	0.01138	0.01282	0.00838	0.00598	0.00553	0.00179	0.00784	0.00462	0.00351	0.00897
26	0.01587	0.31618	0.06719	0.01644	0.13337	0.13160	0.05262	0.05651	0.01410	0.01733	0.01218	0.07447	0.01120	0.00749	0.02119	0.00179	0.00743	0.00533	0.02993	0.00777
27	0.00852	0.00584	0.00676	0.00701	0.00727	0.00573	0.00429	0.00891	0.00971	0.01279	0.02425	0.13302	0.07357	0.59834	0.02496	0.00499	0.00534	0.05057	0.00412	0.00400
28	0.01361	0.01291	0.01574	0.03477	0.07667	0.07604	0.05391	0.04399	0.18125	0.01894	0.02082	0.04574	0.08481	0.05338	0.01071	0.00236	0.17522	0.05250	0.01929	0.00732
29	0.00857	0.00628	0.00898	0.00904	0.00989	0.00710	0.00673	0.01028	0.00958	0.01360	0.01737	0.05928	0.01736	0.18011	0.59774	0.00865	0.01369	0.00733	0.00340	0.00503
30	0.00751	0.00555	0.00706	0.00812	0.00889	0.00510	0.00569	0.00884	0.01232	0.01610	0.07039	0.57291	0.16550	0.01776	0.00760	0.00237	0.00352	0.06416	0.00563	0.00500
31	0.01496	0.01292	0.01360	0.01224	0.01564	0.01496	0.00952	0.03197	0.74019	0.02516	0.02448	0.02244	0.01836	0.00816	0.00612	0.00204	0.00476	0.00680	0.00612	0.00952
32	0.01136	0.01069	0.01804	0.77412	0.04143	0.01337	0.01671	0.01537	0.01203	0.01537	0.01069	0.01604	0.00802	0.00601	0.00601	0.00200	0.00802	0.00535	0.00267	0.00668
33	0.00756	0.00609	0.00661	0.00649	0.00825	0.00527	0.00479	0.00932	0.01425	0.01796	0.23142	0.05353	0.53116	0.06052	0.00851	0.00222	0.00316	0.01200	0.00573	0.00514
34	0.01183	0.01144	0.01586	0.03626	0.01498	0.01535	0.01154	0.01324	0.00995	0.01474	0.01564	0.09200	0.08032	0.01282	0.04261	0.00278	0.58205	0.00714	0.00321	0.00624
35	0.00859	0.00645	0.00967	0.00967	0.01074	0.00752	0.00752	0.01074	0.00967	0.01396	0.01611	0.02363	0.01504	0.04512	0.76474	0.00967	0.01611	0.00645	0.00322	0.00537
36	0.01547	0.01302	0.02201	0.02385	0.29083	0.01377	0.14417	0.01843	0.01303	0.11809	0.01366	0.04342	0.01146	0.03352	0.00999	0.00217	0.17305	0.00628	0.02551	0.00827
37	0.01941	0.37425	0.02279	0.01132	0.01583	0.03813	0.01011	0.17872	0.01680	0.16698	0.01394	0.01593	0.01109	0.03294	0.00620	0.00175	0.02253	0.02827	0.00446	0.00853

[dist]
# distance from previous block
# <min> <max>
1	17

[block]
# block no. 4 follows, 38 sequences, length 17
# corresponding to MSA columns:
# 276-292
name=unknown_E
#
# <colnr> <probs for GDERKNQSTAVLIFYWHMCP>
#	G	D	E	R	K	N	Q	S	T	A	V	L	I	F	Y	W	H	M	C	P
0	0.01661	0.52388	0.04952	0.01230	0.01685	0.16128	0.04419	0.01873	0.01314	0.01474	0.01064	0.01216	0.03417	0.00598	0.00525	0.00148	0.04481	0.00399	0.00280	0.00748
1	0.63151	0.05686	0.01072	0.00835	0.01224	0.03970	0.00690	0.01727	0.01098	0.02456	0.01086	0.01211	0.03794	0.00586	0.00401	0.00172	0.00489	0.00371	0.00370	0.09612
2	0.01110	0.01121	0.06226	0.04000	0.09577	0.06712	0.00929	0.03927	0.03119	0.02116	0.35780	0.03521	0.14202	0.01184	0.03660	0.00219	0.00527	0.00889	0.00520	0.00661
3	0.01030	0.00531	0.00788	0.00788	0.00794	0.00536	0.00528	0.00801	0.00796	0.01067	0.01103	0.01930	0.01108	0.04932	0.06081	0.75520	0.00579	0.00541	0.00268	0.00279
4	0.83108	0.01163	0.00884	0.00791	0.01163	0.01350	0.00651	0.01768	0.01024	0.02699	0.00838	0.00977	0.00651	0.00558	0.00372	0.00186	0.00465	0.00326	0.00372	0.00651
5	0.01207	0.03112	0.75741	0.01715	0.02604	0.01397	0.02223	0.01905	0.01270	0.01905	0.01080	0.01270	0.00762	0.00572	0.00572	0.00191	0.00889	0.00445	0.00254	0.00889
6	0.01316	0.01316	0.01843	0.01579	0.01579	0.01843	0.01316	0.01448	0.00921	0.01448	0.00790	0.01316	0.00790	0.01053	0.01974	0.00263	0.77757	0.00526	0.00263	0.00658
7	0.01207	0.03112	0.75741	0.01715	0.02604	0.01397	0.02223	0.01905	0.01270	0.01905	0.01080	0.01270	0.00762	0.00572	0.00572	0.00191	0.00889	0.00445	0.00254	0.00889
8	0.00723	0.00603	0.00631	0.00638	0.00824	0.00511	0.00473	0.00882	0.01380	0.01679	0.11147	0.11187	0.64200	0.01528	0.00715	0.00205	0.00306	0.01289	0.00567	0.00511
9	0.01608	0.79220	0.03152	0.01029	0.01544	0.02380	0.01029	0.01801	0.01222	0.01415	0.00836	0.00965	0.00772	0.00515	0.00386	0.00129	0.00643	0.00322	0.00257	0.00772
10	0.00913	0.00723	0.01069	0.01038	0.01133	0.00879	0.00818	0.01118	0.00961	0.01402	0.01515	0.02241	0.01421	0.04108	0.67775	0.00885	0.10503	0.00631	0.00315	0.00551
11	0.00741	0.00611	0.00651	0.00641	0.00831	0.00521	0.00481	0.00921	0.01442	0.01793	0.20722	0.05514	0.60129	0.01461	0.00711	0.00200	0.00300	0.01231	0.00581	0.00521
12	0.00733	0.00524	0.00698	0.00838	0.00873	0.00489	0.00558	0.00838	0.01152	0.01536	0.03316	0.78466	0.03979	0.01885	0.00768	0.00244	0.00349	0.01710	0.00558	0.00489
13	0.00844	0.00584	0.00667	0.00674	0.00711	0.00566	0.00407	0.00893	0.01021	0.01352	0.08754	0.09977	0.10399	0.57895	0.02429	0.00482	0.00509	0.01000	0.00426	0.00407
14	0.00840	0.00567	0.00715	0.00797	0.00873	0.00521	0.00539	0.00947	0.01182	0.05099	0.03520	0.56275	0.13917	0.10012	0.00997	0.00272	0.00376	0.01503	0.00547	0.00504
15	0.01375	0.01490	0.03020	0.09956	0.14549	0.01473	0.48569	0.01817	0.01363	0.01860	0.01321	0.01715	0.03238	0.00582	0.00747	0.00202	0.04943	0.00673	0.00305	0.00802
16	0.14884	0.01350	0.02004	0.05380	0.44987	0.01402	0.03050	0.07640	0.03907	0.05354	0.03590	0.01555	0.01108	0.00597	0.00567	0.00183	0.00649	0.00532	0.00375	0.00886

[dist]
# distance from previous block
# <min> <max>
0	2

[block]
# block no. 5 follows, 38 sequences, length 29
# corresponding to MSA columns:
# 295-323
name=unknown_F
#
# <colnr> <probs for GDERKNQSTAVLIFYWHMCP>
#	G	D	E	R	K	N	Q	S	T	A	V	L	I	F	Y	W	H	M	C	P
0	0.01674	0.57288	0.04846	0.01349	0.07109	0.08070	0.03241	0.01899	0.01292	0.04803	0.00951	0.01100	0.00822	0.00552	0.00484	0.00145	0.02920	0.00376	0.00288	0.00792
1	0.00893	0.00658	0.00824	0.00800	0.00953	0.00618	0.00607	0.04293	0.01628	0.02235	0.49875	0.12760	0.13956	0.01347	0.00720	0.00203	0.00330	0.06104	0.00627	0.00571
2	0.01485	0.22364	0.09002	0.01423	0.08748	0.03424	0.01155	0.02343	0.29866	0.02016	0.01553	0.01585	0.01222	0.00635	0.00524	0.00165	0.00594	0.00501	0.00414	0.10982
3	0.00765	0.00575	0.00717	0.00765	0.00874	0.00527	0.00544	0.00935	0.01347	0.01788	0.23208	0.36807	0.22073	0.01739	0.04229	0.00252	0.00379	0.01383	0.00576	0.00517
4	0.01552	0.17652	0.04236	0.05407	0.30324	0.15546	0.01390	0.01829	0.01402	0.01747	0.07174	0.01663	0.03314	0.00655	0.00607	0.00170	0.03680	0.00527	0.00325	0.00799
5	0.01224	0.01044	0.01222	0.00889	0.01400	0.00787	0.00706	0.01484	0.01243	0.01941	0.01173	0.04809	0.01033	0.00512	0.00460	0.00096	0.00441	0.00419	0.00366	0.78752
6	0.02247	0.02867	0.01705	0.01550	0.01860	0.76443	0.01162	0.02402	0.01705	0.01472	0.00930	0.01085	0.00775	0.00620	0.00542	0.00155	0.01085	0.00387	0.00310	0.00697
7	0.01443	0.03209	0.06185	0.01031	0.01543	0.01022	0.00888	0.12092	0.01502	0.05688	0.01344	0.05340	0.01144	0.00612	0.00508	0.00127	0.00512	0.02128	0.00417	0.53265
8	0.07174	0.33404	0.09855	0.01296	0.01764	0.28741	0.01183	0.07080	0.01501	0.01739	0.00938	0.01074	0.00782	0.00576	0.00476	0.00152	0.00817	0.00374	0.00308	0.00767
9	0.01207	0.03112	0.75741	0.01715	0.02604	0.01397	0.02223	0.01905	0.01270	0.01905	0.01080	0.01270	0.00762	0.00572	0.00572	0.00191	0.00889	0.00445	0.00254	0.00889
10	0.00816	0.00614	0.00755	0.00719	0.00877	0.00552	0.00539	0.01066	0.01618	0.02212	0.57313	0.04823	0.23277	0.01305	0.00710	0.00193	0.00289	0.01134	0.00636	0.00552
11	0.04602	0.01553	0.01691	0.01325	0.01778	0.01699	0.01099	0.61031	0.02596	0.08614	0.01614	0.01850	0.01217	0.00785	0.00611	0.00188	0.00638	0.05527	0.00602	0.00979
12	0.01314	0.12382	0.58322	0.01728	0.04925	0.04303	0.05184	0.01910	0.01290	0.01832	0.01052	0.01249	0.00777	0.00562	0.00555	0.00182	0.00866	0.00442	0.00260	0.00866
13	0.00813	0.00633	0.00754	0.00741	0.00902	0.00588	0.00553	0.01080	0.04241	0.01962	0.33989	0.10888	0.31715	0.01634	0.06543	0.00260	0.00407	0.01160	0.00586	0.00550
14	0.01245	0.01093	0.01738	0.35129	0.13440	0.01264	0.05279	0.04624	0.01277	0.01799	0.01317	0.04666	0.01113	0.03351	0.00806	0.00209	0.08310	0.00604	0.12037	0.00700
15	0.00912	0.00590	0.00856	0.00865	0.00921	0.00641	0.00623	0.00942	0.00911	0.01268	0.01577	0.07737	0.01601	0.11340	0.39280	0.27423	0.01060	0.00704	0.00324	0.00426
16	0.00777	0.00603	0.00707	0.00701	0.00858	0.00533	0.00518	0.00984	0.01499	0.01973	0.37013	0.12893	0.35923	0.01428	0.00716	0.00201	0.00300	0.01234	0.00606	0.00533
17	0.01871	0.01404	0.01729	0.05418	0.16124	0.04053	0.01169	0.24975	0.04389	0.12774	0.01427	0.01516	0.01053	0.00621	0.00564	0.00161	0.00619	0.00507	0.00481	0.19143
18	0.01266	0.01219	0.02120	0.49189	0.26575	0.01378	0.06345	0.01660	0.01270	0.01698	0.01099	0.01569	0.00857	0.00575	0.00607	0.00194	0.00788	0.00546	0.00279	0.00768
19	0.01745	0.16687	0.22945	0.03617	0.06797	0.11714	0.01480	0.15039	0.01623	0.07167	0.01158	0.01299	0.00879	0.00630	0.00615	0.00175	0.04748	0.00455	0.00364	0.00862
20	0.11029	0.14859	0.23869	0.03674	0.05683	0.21620	0.03335	0.03908	0.01389	0.01833	0.00980	0.01173	0.00777	0.00589	0.00558	0.00172	0.03056	0.00415	0.00297	0.00784
21	0.00805	0.00590	0.00700	0.00758	0.00844	0.00553	0.00531	0.00916	0.01162	0.01486	0.03630	0.24884	0.22995	0.25414	0.01467	0.00342	0.00439	0.11520	0.00498	0.00465
22	0.01666	0.31324	0.06072	0.01382	0.06945	0.12878	0.03108	0.07626	0.03311	0.05136	0.06327	0.01493	0.01250	0.00769	0.03415	0.00184	0.00729	0.00472	0.00364	0.05548
23	0.01711	0.17250	0.21979	0.01424	0.01995	0.13065	0.05999	0.06825	0.06961	0.09639	0.01280	0.01370	0.00959	0.00601	0.00539	0.00167	0.00762	0.00464	0.00375	0.06634
24	0.01133	0.00860	0.04412	0.00974	0.01135	0.00778	0.07221	0.01266	0.01063	0.09191	0.01945	0.05430	0.03773	0.46970	0.09069	0.00497	0.02539	0.00817	0.00399	0.00529
25	0.00837	0.00657	0.02678	0.00815	0.00952	0.00561	0.00618	0.01011	0.01319	0.03776	0.13914	0.36367	0.22515	0.03734	0.00804	0.00235	0.00372	0.07740	0.00565	0.00533
26	0.03508	0.04303	0.08252	0.01792	0.16901	0.08753	0.01292	0.17983	0.03120	0.08584	0.01259	0.01406	0.00964	0.00637	0.00659	0.00170	0.06407	0.00484	0.00414	0.13111
27	0.03903	0.05242	0.01755	0.08583	0.13479	0.17209	0.01205	0.15436	0.16431	0.04032	0.01695	0.01776	0.05225	0.00711	0.00581	0.00181	0.00704	0.00562	0.00443	0.00847
28	0.00921	0.00770	0.00867	0.00902	0.01005	0.06024	0.02611	0.01102	0.03381	0.01627	0.08112	0.45691	0.09446	0.09639	0.00968	0.00261	0.00443	0.02900	0.02807	0.00524

[dist]
# distance from previous block
# <min> <max>
0	4

[block]
# block no. 6 follows, 38 sequences, length 13
# corresponding to MSA columns:
# 328-340
name=unknown_G
#
# <colnr> <probs for GDERKNQSTAVLIFYWHMCP>
#	G	D	E	R	K	N	Q	S	T	A	V	L	I	F	Y	W	H	M	C	P
0	0.24814	0.05329	0.05714	0.01067	0.01485	0.01339	0.00931	0.15310	0.03648	0.17765	0.01728	0.01732	0.06144	0.00726	0.00596	0.00183	0.04673	0.00524	0.02309	0.03982
1	0.01297	0.01185	0.01439	0.03533	0.04419	0.04533	0.04735	0.01612	0.03205	0.01920	0.01196	0.04293	0.01031	0.00531	0.00492	0.00114	0.00526	0.00451	0.00361	0.63128
2	0.00754	0.00568	0.00700	0.00773	0.00875	0.00514	0.00549	0.00905	0.01303	0.01698	0.14293	0.44061	0.24430	0.01679	0.00746	0.00226	0.00336	0.04509	0.00573	0.00508
3	0.01616	0.01352	0.01428	0.01249	0.01610	0.01552	0.00981	0.13821	0.63198	0.02710	0.02296	0.02123	0.01713	0.00802	0.00611	0.00200	0.00504	0.00659	0.00611	0.00963
4	0.01247	0.01069	0.01247	0.00891	0.01426	0.00802	0.00713	0.01515	0.01247	0.01960	0.01069	0.01247	0.00891	0.00446	0.00446	0.00089	0.00446	0.00356	0.00356	0.82536
5	0.01045	0.00522	0.00784	0.00784	0.00784	0.00522	0.00522	0.00784	0.00784	0.01045	0.01045	0.01829	0.01045	0.02090	0.02351	0.82497	0.00522	0.00522	0.00261	0.00261
6	0.00866	0.00580	0.00659	0.00667	0.00669	0.00577	0.00376	0.00873	0.00892	0.01189	0.01982	0.08458	0.02296	0.74189	0.02923	0.00563	0.00569	0.00926	0.00376	0.00372
7	0.01582	0.06126	0.07764	0.20930	0.20331	0.12383	0.05800	0.06465	0.01443	0.04847	0.01120	0.01429	0.00878	0.00618	0.00672	0.00186	0.05785	0.00508	0.00322	0.00810
8	0.00775	0.00551	0.00734	0.00866	0.00913	0.00523	0.00606	0.00898	0.01169	0.01552	0.03216	0.64003	0.03803	0.06251	0.00908	0.00268	0.00392	0.11535	0.00547	0.00491
9	0.00784	0.00612	0.00678	0.00670	0.00849	0.00535	0.00508	0.00987	0.01462	0.01893	0.25653	0.05264	0.47993	0.01400	0.00700	0.00199	0.00307	0.04011	0.04964	0.00530
10	0.01168	0.00821	0.01077	0.10394	0.01486	0.00866	0.00816	0.07475	0.07760	0.07746	0.11637	0.30671	0.02880	0.04713	0.07368	0.00295	0.00566	0.01083	0.00530	0.00648
11	0.01521	0.01724	0.08680	0.19662	0.27155	0.13035	0.09903	0.01975	0.05374	0.03473	0.01192	0.01503	0.00930	0.00584	0.00601	0.00185	0.00824	0.00534	0.00317	0.00828
12	0.01510	0.01628	0.04919	0.01549	0.04125	0.15220	0.01249	0.06327	0.05898	0.01703	0.01078	0.01461	0.00952	0.01279	0.09616	0.00306	0.39620	0.00522	0.00323	0.00714

[dist]
# distance from previous block
# <min> <max>
0	1

[block]
# block no. 7 follows, 38 sequences, length 24
# corresponding to MSA columns:
# 342-365
name=unknown_H
#
# <colnr> <probs for GDERKNQSTAVLIFYWHMCP>
#	G	D	E	R	K	N	Q	S	T	A	V	L	I	F	Y	W	H	M	C	P
0	0.07298	0.01314	0.01968	0.25728	0.23814	0.06820	0.08745	0.01664	0.01258	0.01747	0.01181	0.04221	0.01020	0.03171	0.02443	0.03053	0.02936	0.00580	0.00305	0.00734
1	0.00733	0.00524	0.00698	0.00838	0.00873	0.00489	0.00558	0.00838	0.01152	0.01536	0.03316	0.78466	0.03979	0.01885	0.00768	0.00244	0.00349	0.01710	0.00558	0.00489
2	0.04735	0.01250	0.01737	0.05720	0.22673	0.03288	0.05370	0.06271	0.03964	0.01999	0.01333	0.06027	0.01198	0.05979	0.00772	0.00191	0.02988	0.00579	0.00366	0.23561
3	0.01021	0.01009	0.06142	0.01170	0.04375	0.03455	0.03320	0.02886	0.06972	0.01721	0.05289	0.37928	0.06657	0.06256	0.03780	0.00274	0.05480	0.01174	0.00479	0.00611
4	0.01045	0.00522	0.00784	0.00784	0.00784	0.00522	0.00522	0.00784	0.00784	0.01045	0.01045	0.01829	0.01045	0.02090	0.02351	0.82497	0.00522	0.00522	0.00261	0.00261
5	0.01045	0.00522	0.00784	0.00784	0.00784	0.00522	0.00522	0.00784	0.00784	0.01045	0.01045	0.01829	0.01045	0.02090	0.02351	0.82497	0.00522	0.00522	0.00261	0.00261
6	0.01687	0.53297	0.06615	0.01421	0.08143	0.12173	0.03649	0.01928	0.01324	0.03590	0.00944	0.01096	0.00813	0.00540	0.00452	0.00144	0.00731	0.00377	0.00283	0.00792
7	0.02247	0.02867	0.01705	0.01550	0.01860	0.76443	0.01162	0.02402	0.01705	0.01472	0.00930	0.01085	0.00775	0.00620	0.00542	0.00155	0.01085	0.00387	0.00310	0.00697
8	0.00731	0.00530	0.00692	0.00821	0.00868	0.00490	0.00551	0.00840	0.01168	0.01542	0.03518	0.73168	0.09146	0.01858	0.00764	0.00241	0.00346	0.01678	0.00558	0.00490
9	0.04187	0.12324	0.04244	0.01540	0.01753	0.10096	0.07482	0.01670	0.01117	0.01558	0.00868	0.01254	0.00794	0.00834	0.01345	0.00217	0.44730	0.00484	0.00277	0.03227
10	0.01622	0.09047	0.02123	0.24543	0.06621	0.18367	0.11680	0.03545	0.04383	0.05729	0.01193	0.01478	0.00923	0.00617	0.00623	0.00182	0.03349	0.00517	0.02700	0.00756
11	0.00729	0.00539	0.00682	0.00797	0.00862	0.00492	0.00541	0.00842	0.01191	0.01551	0.03806	0.65632	0.16495	0.01821	0.00758	0.00237	0.00341	0.01632	0.00558	0.00492
12	0.01564	0.24196	0.16886	0.01998	0.22191	0.06073	0.01520	0.08788	0.01433	0.01901	0.01047	0.01279	0.00864	0.00687	0.02458	0.00190	0.05317	0.00450	0.00306	0.00853
13	0.01514	0.04115	0.11368	0.07513	0.35535	0.01367	0.13500	0.01918	0.01391	0.09041	0.03508	0.01613	0.01102	0.00578	0.00605	0.00182	0.00748	0.00565	0.00347	0.03491
14	0.00842	0.00611	0.00747	0.00758	0.00820	0.00615	0.00510	0.00941	0.01089	0.01456	0.09989	0.14946	0.12516	0.36968	0.10530	0.00471	0.02769	0.02523	0.00445	0.00455
15	0.01423	0.01578	0.15186	0.06109	0.15958	0.01247	0.22767	0.01852	0.01391	0.10137	0.05910	0.02030	0.03288	0.00919	0.05704	0.00246	0.00836	0.02220	0.00377	0.00821
16	0.01618	0.65174	0.10545	0.01142	0.01679	0.08266	0.01164	0.01861	0.01266	0.01471	0.00869	0.01006	0.00771	0.00529	0.00418	0.00137	0.00704	0.00340	0.00261	0.00778
17	0.01227	0.01153	0.01550	0.01346	0.01435	0.01477	0.01091	0.01472	0.05743	0.01571	0.01255	0.09178	0.01268	0.04119	0.04695	0.00279	0.50339	0.00653	0.00332	0.09817
18	0.12580	0.09351	0.08486	0.03877	0.14700	0.08349	0.04899	0.07653	0.03054	0.02094	0.08126	0.01890	0.06345	0.00732	0.00645	0.00184	0.05304	0.00576	0.00382	0.00772
19	0.01639	0.01630	0.05398	0.01770	0.14504	0.13205	0.03443	0.08084	0.26893	0.04549	0.03655	0.02130	0.01533	0.00781	0.00660	0.00195	0.03197	0.05395	0.00472	0.00866
20	0.00721	0.00612	0.00634	0.00634	0.00830	0.00525	0.00477	0.00878	0.01344	0.01610	0.05788	0.05556	0.69853	0.01728	0.05883	0.00255	0.00394	0.01227	0.00542	0.00510
21	0.01351	0.01540	0.08008	0.01648	0.01960	0.06191	0.17175	0.01737	0.06212	0.01725	0.01220	0.05688	0.01090	0.00914	0.02966	0.00231	0.30019	0.00612	0.00326	0.09389
22	0.01353	0.06561	0.01947	0.43330	0.16616	0.03551	0.01534	0.05921	0.06874	0.01822	0.01267	0.01758	0.01018	0.00647	0.00593	0.00192	0.00741	0.03179	0.00330	0.00767
23	0.00866	0.00623	0.00776	0.00795	0.00814	0.00659	0.00515	0.00922	0.00960	0.01304	0.02173	0.23478	0.02509	0.46494	0.08837	0.00505	0.05880	0.01053	0.00406	0.00433

[dist]
# distance from previous block
# <min> <max>
0	147

# created by:
# /home/cegg/simao/soft/augustus-3.2.1/scripts/msa2prfl.pl ./align_prep/EOG090W0AOE.fa
