[name]
unknown

[dist]
# distance from previous block
# <min> <max>
0	10

[block]
# block no. 0 follows, 31 sequences, length 40
# corresponding to MSA columns:
# 10-49
name=unknown_A
#
# <colnr> <probs for GDERKNQSTAVLIFYWHMCP>
#	G	D	E	R	K	N	Q	S	T	A	V	L	I	F	Y	W	H	M	C	P
0	0.05749	0.01374	0.01666	0.01313	0.01818	0.01358	0.01083	0.20833	0.06622	0.43912	0.02397	0.02351	0.01640	0.00883	0.00689	0.00216	0.00625	0.03586	0.00768	0.01119
1	0.02563	0.01928	0.01965	0.01546	0.02063	0.07806	0.01260	0.53226	0.08451	0.09534	0.01774	0.01739	0.01259	0.00823	0.00680	0.00206	0.00761	0.00620	0.00672	0.01127
2	0.02245	0.01468	0.01654	0.01256	0.01809	0.04044	0.01020	0.19722	0.04115	0.22653	0.01788	0.01762	0.01272	0.00705	0.00614	0.00166	0.00620	0.00552	0.00609	0.31924
3	0.00834	0.00595	0.00794	0.00953	0.00992	0.00556	0.00635	0.00953	0.01310	0.01746	0.03771	0.75510	0.04525	0.02143	0.00873	0.00278	0.00397	0.01945	0.00635	0.00556
4	0.01372	0.03539	0.72412	0.01950	0.02961	0.01589	0.02528	0.02167	0.01444	0.02167	0.01228	0.01444	0.00867	0.00650	0.00650	0.00217	0.01011	0.00506	0.00289	0.01011
5	0.02559	0.03163	0.01947	0.01749	0.02115	0.68056	0.01320	0.07566	0.02031	0.01866	0.01100	0.01263	0.00902	0.00713	0.00622	0.00178	0.01199	0.00453	0.00377	0.00820
6	0.00834	0.00595	0.00794	0.00953	0.00992	0.00556	0.00635	0.00953	0.01310	0.01746	0.03771	0.75510	0.04525	0.02143	0.00873	0.00278	0.00397	0.01945	0.00635	0.00556
7	0.01372	0.03539	0.72412	0.01950	0.02961	0.01589	0.02528	0.02167	0.01444	0.02167	0.01228	0.01444	0.00867	0.00650	0.00650	0.00217	0.01011	0.00506	0.00289	0.01011
8	0.01985	0.01781	0.01651	0.01457	0.01858	0.13529	0.01134	0.08230	0.50384	0.06676	0.02411	0.02256	0.01799	0.00879	0.00682	0.00220	0.00674	0.00702	0.00647	0.01045
9	0.01604	0.01813	0.03857	0.02783	0.03411	0.01764	0.62936	0.02141	0.01562	0.02141	0.01339	0.01813	0.01025	0.00634	0.00940	0.00237	0.07963	0.00788	0.00342	0.00907
10	0.00834	0.00595	0.00794	0.00953	0.00992	0.00556	0.00635	0.00953	0.01310	0.01746	0.03771	0.75510	0.04525	0.02143	0.00873	0.00278	0.00397	0.01945	0.00635	0.00556
11	0.01372	0.03539	0.72412	0.01950	0.02961	0.01589	0.02528	0.02167	0.01444	0.02167	0.01228	0.01444	0.00867	0.00650	0.00650	0.00217	0.01011	0.00506	0.00289	0.01011
12	0.01088	0.00887	0.01023	0.01151	0.01278	0.05968	0.00907	0.01309	0.01494	0.01891	0.03622	0.34605	0.06543	0.01900	0.00887	0.00287	0.00569	0.33372	0.00612	0.00610
13	0.00995	0.00663	0.00746	0.00746	0.00746	0.00663	0.00415	0.00995	0.00995	0.01327	0.02156	0.04477	0.02487	0.75957	0.03482	0.00663	0.00663	0.00995	0.00415	0.00415
14	0.00870	0.00747	0.00752	0.00741	0.00983	0.00655	0.00559	0.01166	0.06328	0.01918	0.06644	0.06305	0.66613	0.01677	0.00801	0.00231	0.00360	0.01397	0.00640	0.00613
15	0.01372	0.03539	0.72412	0.01950	0.02961	0.01589	0.02528	0.02167	0.01444	0.02167	0.01228	0.01444	0.00867	0.00650	0.00650	0.00217	0.01011	0.00506	0.00289	0.01011
16	0.02556	0.03261	0.01939	0.01763	0.02115	0.73210	0.01322	0.02732	0.01939	0.01674	0.01058	0.01234	0.00881	0.00705	0.00617	0.00176	0.01234	0.00441	0.00353	0.00793
17	0.00968	0.00699	0.00914	0.00861	0.01022	0.00646	0.00646	0.01291	0.01937	0.02743	0.71328	0.05110	0.06455	0.01399	0.00807	0.00215	0.00323	0.01237	0.00753	0.00646
18	0.01292	0.01216	0.02052	0.74312	0.04712	0.01520	0.01900	0.01748	0.01368	0.01748	0.01216	0.01824	0.00912	0.00684	0.00684	0.00228	0.00912	0.00608	0.00304	0.00760
19	0.01591	0.01800	0.03892	0.08093	0.03658	0.01715	0.64295	0.02159	0.01597	0.02159	0.01372	0.01844	0.01029	0.00585	0.00798	0.00230	0.01136	0.00793	0.00343	0.00911
20	0.00809	0.00693	0.00693	0.00693	0.00924	0.00578	0.00520	0.00982	0.01559	0.01848	0.06931	0.06584	0.71411	0.01733	0.00809	0.00231	0.00347	0.01444	0.00635	0.00578
21	0.01353	0.01289	0.02110	0.57876	0.08926	0.01619	0.01850	0.01756	0.01330	0.01766	0.01170	0.01763	0.00922	0.00760	0.00932	0.00238	0.12647	0.00607	0.00306	0.00781
22	0.00809	0.00693	0.00693	0.00693	0.00924	0.00578	0.00520	0.00982	0.01559	0.01848	0.06931	0.06584	0.71411	0.01733	0.00809	0.00231	0.00347	0.01444	0.00635	0.00578
23	0.00809	0.00693	0.00693	0.00693	0.00924	0.00578	0.00520	0.00982	0.01559	0.01848	0.06931	0.06584	0.71411	0.01733	0.00809	0.00231	0.00347	0.01444	0.00635	0.00578
24	0.00968	0.00699	0.00914	0.00861	0.01022	0.00646	0.00646	0.01291	0.01937	0.02743	0.71328	0.05110	0.06455	0.01399	0.00807	0.00215	0.00323	0.01237	0.00753	0.00646
25	0.05767	0.01892	0.02011	0.01547	0.02089	0.02098	0.01278	0.66678	0.03134	0.04261	0.01615	0.01621	0.01146	0.00814	0.00674	0.00206	0.00744	0.00606	0.00674	0.01146
26	0.01829	0.76368	0.03585	0.01171	0.01756	0.02707	0.01171	0.02049	0.01390	0.01610	0.00951	0.01097	0.00878	0.00585	0.00439	0.00146	0.00732	0.00366	0.00293	0.00878
27	0.00993	0.00666	0.00758	0.00755	0.00766	0.00662	0.00431	0.01017	0.01064	0.01430	0.07201	0.04523	0.02777	0.70518	0.03287	0.00631	0.00638	0.01013	0.00439	0.00431
28	0.01615	0.01845	0.04037	0.02884	0.03576	0.01730	0.69204	0.02191	0.01615	0.02191	0.01384	0.01845	0.01038	0.00577	0.00807	0.00231	0.01153	0.00807	0.00346	0.00923
29	0.01419	0.01216	0.01419	0.01013	0.01621	0.00912	0.00811	0.01723	0.01419	0.02229	0.01216	0.01419	0.01013	0.00507	0.00507	0.00101	0.00507	0.00405	0.00405	0.80139
30	0.01618	0.01831	0.03941	0.02826	0.03506	0.01729	0.66577	0.02247	0.04270	0.02217	0.01438	0.01873	0.01079	0.00590	0.00803	0.00231	0.01130	0.00806	0.00360	0.00929
31	0.68347	0.01417	0.01172	0.01007	0.01450	0.01628	0.00830	0.12736	0.01491	0.03267	0.01062	0.01196	0.00808	0.00665	0.00465	0.00211	0.00565	0.00410	0.00465	0.00808
32	0.01615	0.01845	0.04037	0.02884	0.03576	0.01730	0.69204	0.02191	0.01615	0.02191	0.01384	0.01845	0.01038	0.00577	0.00807	0.00231	0.01153	0.00807	0.00346	0.00923
33	0.02464	0.02813	0.01913	0.01686	0.02077	0.52267	0.01290	0.14635	0.10179	0.02280	0.01363	0.01460	0.01072	0.00752	0.00638	0.00188	0.01068	0.00511	0.00451	0.00893
34	0.00968	0.00699	0.00914	0.00861	0.01022	0.00646	0.00646	0.01291	0.01937	0.02743	0.71328	0.05110	0.06455	0.01399	0.00807	0.00215	0.00323	0.01237	0.00753	0.00646
35	0.00834	0.00595	0.00794	0.00953	0.00992	0.00556	0.00635	0.00953	0.01310	0.01746	0.03771	0.75510	0.04525	0.02143	0.00873	0.00278	0.00397	0.01945	0.00635	0.00556
36	0.02556	0.03261	0.01939	0.01763	0.02115	0.73210	0.01322	0.02732	0.01939	0.01674	0.01058	0.01234	0.00881	0.00705	0.00617	0.00176	0.01234	0.00441	0.00353	0.00793
37	0.01687	0.01851	0.03892	0.02788	0.03469	0.01759	0.64251	0.07094	0.01732	0.02346	0.01403	0.01831	0.01047	0.00595	0.00798	0.00229	0.01124	0.00793	0.00371	0.00940
38	0.01693	0.01626	0.02777	0.04199	0.71689	0.01626	0.02100	0.02100	0.01558	0.02235	0.01287	0.01693	0.01084	0.00610	0.00677	0.00203	0.00813	0.00610	0.00339	0.01084
39	0.00813	0.00678	0.00709	0.00734	0.00935	0.00574	0.00538	0.00977	0.01520	0.01832	0.06428	0.17552	0.60768	0.01798	0.00819	0.00238	0.00355	0.01524	0.00635	0.00574

[dist]
# distance from previous block
# <min> <max>
0	10

[block]
# block no. 1 follows, 31 sequences, length 15
# corresponding to MSA columns:
# 60-74
name=unknown_B
#
# <colnr> <probs for GDERKNQSTAVLIFYWHMCP>
#	G	D	E	R	K	N	Q	S	T	A	V	L	I	F	Y	W	H	M	C	P
0	0.01647	0.01890	0.03718	0.02703	0.03337	0.07066	0.60676	0.02171	0.01624	0.02130	0.01478	0.05458	0.01199	0.00664	0.00796	0.00229	0.01122	0.00836	0.00361	0.00895
1	0.34562	0.01542	0.01526	0.01236	0.01711	0.01702	0.01014	0.32173	0.02169	0.10856	0.01556	0.04412	0.01179	0.00800	0.00585	0.00211	0.00629	0.00576	0.00593	0.00967
2	0.00853	0.00616	0.00812	0.00961	0.01021	0.00575	0.00665	0.00991	0.01346	0.01776	0.03951	0.66034	0.08543	0.02099	0.00875	0.00278	0.00412	0.06995	0.00635	0.00563
3	0.00968	0.00699	0.00914	0.00861	0.01022	0.00646	0.00646	0.01291	0.01937	0.02743	0.71328	0.05110	0.06455	0.01399	0.00807	0.00215	0.00323	0.01237	0.00753	0.00646
4	0.01924	0.01917	0.01894	0.01634	0.01955	0.17174	0.03797	0.09340	0.31400	0.02456	0.01836	0.01923	0.01439	0.00916	0.01022	0.00232	0.17020	0.00650	0.00521	0.00949
5	0.80789	0.01323	0.01006	0.00900	0.01323	0.01535	0.00741	0.02011	0.01164	0.03070	0.00953	0.01111	0.00741	0.00635	0.00423	0.00212	0.00529	0.00370	0.00423	0.00741
6	0.00834	0.00595	0.00794	0.00953	0.00992	0.00556	0.00635	0.00953	0.01310	0.01746	0.03771	0.75510	0.04525	0.02143	0.00873	0.00278	0.00397	0.01945	0.00635	0.00556
7	0.01615	0.01845	0.04037	0.02884	0.03576	0.01730	0.69204	0.02191	0.01615	0.02191	0.01384	0.01845	0.01038	0.00577	0.00807	0.00231	0.01153	0.00807	0.00346	0.00923
8	0.01372	0.03539	0.72412	0.01950	0.02961	0.01589	0.02528	0.02167	0.01444	0.02167	0.01228	0.01444	0.00867	0.00650	0.00650	0.00217	0.01011	0.00506	0.00289	0.01011
9	0.00886	0.00696	0.00800	0.00774	0.00971	0.00610	0.00580	0.01131	0.01741	0.02280	0.37965	0.05874	0.40108	0.01572	0.00808	0.00223	0.00335	0.01344	0.00692	0.00610
10	0.01916	0.67639	0.03388	0.01241	0.01799	0.11125	0.01189	0.02130	0.01456	0.01617	0.00964	0.01114	0.00878	0.00600	0.00460	0.00150	0.00792	0.00375	0.00300	0.00868
11	0.01662	0.01594	0.02720	0.09668	0.66465	0.01617	0.02084	0.02072	0.01543	0.02197	0.01281	0.01703	0.01070	0.00615	0.00678	0.00205	0.00821	0.00609	0.00336	0.01058
12	0.00834	0.00595	0.00794	0.00953	0.00992	0.00556	0.00635	0.00953	0.01310	0.01746	0.03771	0.75510	0.04525	0.02143	0.00873	0.00278	0.00397	0.01945	0.00635	0.00556
13	0.01648	0.01579	0.02695	0.12170	0.64074	0.01614	0.02077	0.02060	0.01536	0.02180	0.01279	0.01708	0.01064	0.00618	0.00678	0.00206	0.00824	0.00609	0.00335	0.01047
14	0.02567	0.02086	0.01973	0.01575	0.02077	0.14862	0.01273	0.49326	0.06994	0.07903	0.01671	0.01666	0.01201	0.00808	0.00673	0.00202	0.00816	0.00598	0.00635	0.01092

[dist]
# distance from previous block
# <min> <max>
2	5

[block]
# block no. 2 follows, 31 sequences, length 71
# corresponding to MSA columns:
# 80-88,96-119,123-160
name=unknown_C
#
# <colnr> <probs for GDERKNQSTAVLIFYWHMCP>
#	G	D	E	R	K	N	Q	S	T	A	V	L	I	F	Y	W	H	M	C	P
0	0.01766	0.66276	0.13123	0.01279	0.01923	0.02552	0.01359	0.02065	0.01398	0.01687	0.00989	0.01146	0.00876	0.00594	0.00468	0.00156	0.00770	0.00385	0.00292	0.00896
1	0.00934	0.00698	0.00867	0.00824	0.01001	0.00631	0.00618	0.01224	0.01855	0.02550	0.57388	0.05429	0.20516	0.01471	0.00807	0.00219	0.00328	0.01282	0.00728	0.00631
2	0.01498	0.01514	0.01854	0.01639	0.01692	0.08946	0.01333	0.01657	0.01168	0.01650	0.01255	0.04865	0.01282	0.04597	0.07969	0.00369	0.52620	0.03037	0.00340	0.00716
3	0.00958	0.00699	0.00900	0.00850	0.01016	0.00641	0.00637	0.01271	0.01912	0.02686	0.67159	0.05206	0.10660	0.01420	0.00807	0.00216	0.00324	0.01251	0.00745	0.00641
4	0.01419	0.01216	0.01419	0.01013	0.01621	0.00912	0.00811	0.01723	0.01419	0.02229	0.01216	0.01419	0.01013	0.00507	0.00507	0.00101	0.00507	0.00405	0.00405	0.80139
5	0.00969	0.00720	0.00888	0.00985	0.01066	0.00721	0.00667	0.01314	0.10456	0.01842	0.03439	0.56973	0.03947	0.11173	0.01175	0.00320	0.00449	0.01671	0.00616	0.00608
6	0.01372	0.03539	0.72412	0.01950	0.02961	0.01589	0.02528	0.02167	0.01444	0.02167	0.01228	0.01444	0.00867	0.00650	0.00650	0.00217	0.01011	0.00506	0.00289	0.01011
7	0.00968	0.00699	0.00914	0.00861	0.01022	0.00646	0.00646	0.01291	0.01937	0.02743	0.71328	0.05110	0.06455	0.01399	0.00807	0.00215	0.00323	0.01237	0.00753	0.00646
8	0.00995	0.00663	0.00746	0.00746	0.00746	0.00663	0.00415	0.00995	0.00995	0.01327	0.02156	0.04477	0.02487	0.75957	0.03482	0.00663	0.00663	0.00995	0.00415	0.00415
9	0.01812	0.73590	0.06211	0.01200	0.01802	0.02664	0.01222	0.02053	0.01392	0.01631	0.00962	0.01111	0.00878	0.00588	0.00447	0.00149	0.00742	0.00371	0.00293	0.00883
10	0.00977	0.00733	0.01100	0.01100	0.01222	0.00855	0.00855	0.01222	0.01100	0.01588	0.01833	0.02688	0.01710	0.05131	0.73245	0.01100	0.01833	0.00733	0.00367	0.00611
11	0.00809	0.00693	0.00693	0.00693	0.00924	0.00578	0.00520	0.00982	0.01559	0.01848	0.06931	0.06584	0.71411	0.01733	0.00809	0.00231	0.00347	0.01444	0.00635	0.00578
12	0.01829	0.76368	0.03585	0.01171	0.01756	0.02707	0.01171	0.02049	0.01390	0.01610	0.00951	0.01097	0.00878	0.00585	0.00439	0.00146	0.00732	0.00366	0.00293	0.00878
13	0.01717	0.01955	0.03816	0.02758	0.03420	0.07143	0.61948	0.04338	0.01689	0.02219	0.01368	0.01793	0.01030	0.00594	0.00789	0.00226	0.01147	0.00774	0.00357	0.00920
14	0.70957	0.10668	0.01327	0.00933	0.01377	0.01681	0.00794	0.02016	0.01192	0.02888	0.00952	0.01110	0.00758	0.00629	0.00425	0.00204	0.00554	0.00370	0.00407	0.00758
15	0.01357	0.01282	0.02169	0.63015	0.15504	0.01537	0.01932	0.01805	0.01399	0.01826	0.01227	0.01803	0.00940	0.00672	0.00683	0.00224	0.00896	0.00608	0.00310	0.00812
16	0.02556	0.03261	0.01939	0.01763	0.02115	0.73210	0.01322	0.02732	0.01939	0.01674	0.01058	0.01234	0.00881	0.00705	0.00617	0.00176	0.01234	0.00441	0.00353	0.00793
17	0.01419	0.01216	0.01419	0.01013	0.01621	0.00912	0.00811	0.01723	0.01419	0.02229	0.01216	0.01419	0.01013	0.00507	0.00507	0.00101	0.00507	0.00405	0.00405	0.80139
18	0.01615	0.01845	0.04037	0.02884	0.03576	0.01730	0.69204	0.02191	0.01615	0.02191	0.01384	0.01845	0.01038	0.00577	0.00807	0.00231	0.01153	0.00807	0.00346	0.00923
19	0.00833	0.00599	0.00790	0.00942	0.00990	0.00557	0.00630	0.00954	0.01320	0.01751	0.03897	0.72762	0.07192	0.02127	0.00871	0.00276	0.00395	0.01925	0.00635	0.00557
20	0.00977	0.00733	0.01100	0.01100	0.01222	0.00855	0.00855	0.01222	0.01100	0.01588	0.01833	0.02688	0.01710	0.05131	0.73245	0.01100	0.01833	0.00733	0.00367	0.00611
21	0.01702	0.01470	0.01547	0.01392	0.01779	0.01702	0.01083	0.03635	0.70453	0.02862	0.02785	0.02553	0.02088	0.00928	0.00696	0.00232	0.00541	0.00773	0.00696	0.01083
22	0.01693	0.01626	0.02777	0.04199	0.71689	0.01626	0.02100	0.02100	0.01558	0.02235	0.01287	0.01693	0.01084	0.00610	0.00677	0.00203	0.00813	0.00610	0.00339	0.01084
23	0.01829	0.76368	0.03585	0.01171	0.01756	0.02707	0.01171	0.02049	0.01390	0.01610	0.00951	0.01097	0.00878	0.00585	0.00439	0.00146	0.00732	0.00366	0.00293	0.00878
24	0.01275	0.00638	0.00638	0.00638	0.00797	0.00638	0.00478	0.01594	0.01435	0.02551	0.02232	0.02551	0.01754	0.00797	0.00478	0.00159	0.00319	0.00638	0.79755	0.00638
25	0.00839	0.00697	0.00736	0.00735	0.00954	0.00594	0.00557	0.01036	0.01607	0.01967	0.14828	0.06442	0.60853	0.01697	0.00813	0.00232	0.00354	0.03821	0.00650	0.00588
26	0.01506	0.24905	0.52220	0.01721	0.02607	0.01917	0.02130	0.02132	0.01428	0.02003	0.01147	0.01343	0.00870	0.00631	0.00588	0.00196	0.00929	0.00465	0.00290	0.00972
27	0.01693	0.01626	0.02777	0.04199	0.71689	0.01626	0.02100	0.02100	0.01558	0.02235	0.01287	0.01693	0.01084	0.00610	0.00677	0.00203	0.00813	0.00610	0.00339	0.01084
28	0.03070	0.01164	0.01588	0.01217	0.01746	0.01006	0.01006	0.03334	0.01958	0.72163	0.02699	0.02329	0.01694	0.00847	0.00688	0.00212	0.00582	0.00688	0.00847	0.01164
29	0.00834	0.00595	0.00794	0.00953	0.00992	0.00556	0.00635	0.00953	0.01310	0.01746	0.03771	0.75510	0.04525	0.02143	0.00873	0.00278	0.00397	0.01945	0.00635	0.00556
30	0.02163	0.01367	0.01561	0.01333	0.01768	0.01467	0.01057	0.03534	0.47341	0.26246	0.02756	0.02477	0.01955	0.00901	0.00693	0.00225	0.00555	0.00745	0.00747	0.01110
31	0.01690	0.01634	0.02823	0.04151	0.69195	0.01629	0.04556	0.02103	0.01560	0.02233	0.01290	0.01699	0.01082	0.00608	0.00682	0.00204	0.00825	0.00617	0.00339	0.01078
32	0.02556	0.03261	0.01939	0.01763	0.02115	0.73210	0.01322	0.02732	0.01939	0.01674	0.01058	0.01234	0.00881	0.00705	0.00617	0.00176	0.01234	0.00441	0.00353	0.00793
33	0.01372	0.03539	0.72412	0.01950	0.02961	0.01589	0.02528	0.02167	0.01444	0.02167	0.01228	0.01444	0.00867	0.00650	0.00650	0.00217	0.01011	0.00506	0.00289	0.01011
34	0.01528	0.02451	0.28481	0.02550	0.03356	0.01680	0.45368	0.02183	0.01554	0.02183	0.01328	0.01702	0.00977	0.00603	0.00751	0.00226	0.01103	0.00699	0.00326	0.00954
35	0.00968	0.00699	0.00914	0.00861	0.01022	0.00646	0.00646	0.01291	0.01937	0.02743	0.71328	0.05110	0.06455	0.01399	0.00807	0.00215	0.00323	0.01237	0.00753	0.00646
36	0.01667	0.01599	0.02730	0.08738	0.67353	0.01619	0.02087	0.02077	0.01546	0.02204	0.01282	0.01702	0.01073	0.00614	0.00678	0.00205	0.00819	0.00609	0.00336	0.01063
37	0.80789	0.01323	0.01006	0.00900	0.01323	0.01535	0.00741	0.02011	0.01164	0.03070	0.00953	0.01111	0.00741	0.00635	0.00423	0.00212	0.00529	0.00370	0.00423	0.00741
38	0.01693	0.01626	0.02777	0.04199	0.71689	0.01626	0.02100	0.02100	0.01558	0.02235	0.01287	0.01693	0.01084	0.00610	0.00677	0.00203	0.00813	0.00610	0.00339	0.01084
39	0.00809	0.00693	0.00693	0.00693	0.00924	0.00578	0.00520	0.00982	0.01559	0.01848	0.06931	0.06584	0.71411	0.01733	0.00809	0.00231	0.00347	0.01444	0.00635	0.00578
40	0.01800	0.71654	0.08040	0.01221	0.01834	0.02635	0.01258	0.02056	0.01394	0.01646	0.00969	0.01120	0.00877	0.00589	0.00453	0.00151	0.00750	0.00375	0.00292	0.00887
41	0.05138	0.01319	0.01664	0.01279	0.01809	0.01243	0.01057	0.16463	0.02187	0.56721	0.02440	0.02158	0.01561	0.00836	0.00680	0.00210	0.00615	0.00665	0.00803	0.01152
42	0.00977	0.00733	0.01100	0.01100	0.01222	0.00855	0.00855	0.01222	0.01100	0.01588	0.01833	0.02688	0.01710	0.05131	0.73245	0.01100	0.01833	0.00733	0.00367	0.00611
43	0.01418	0.01322	0.02195	0.57863	0.17853	0.01562	0.01918	0.04232	0.01471	0.01936	0.01245	0.01792	0.00955	0.00674	0.00683	0.00222	0.00887	0.00609	0.00324	0.00838
44	0.01610	0.01540	0.02626	0.18811	0.57730	0.01604	0.02058	0.02026	0.01518	0.02134	0.01272	0.01720	0.01048	0.00625	0.00679	0.00208	0.00833	0.00609	0.00331	0.01016
45	0.00995	0.00663	0.00746	0.00746	0.00746	0.00663	0.00415	0.00995	0.00995	0.01327	0.02156	0.04477	0.02487	0.75957	0.03482	0.00663	0.00663	0.00995	0.00415	0.00415
46	0.01693	0.01626	0.02777	0.04199	0.71689	0.01626	0.02100	0.02100	0.01558	0.02235	0.01287	0.01693	0.01084	0.00610	0.00677	0.00203	0.00813	0.00610	0.00339	0.01084
47	0.02740	0.01392	0.01695	0.01325	0.01834	0.01378	0.01086	0.21891	0.09100	0.44171	0.04424	0.02239	0.01723	0.00864	0.00691	0.00212	0.00619	0.00692	0.00783	0.01141
48	0.02033	0.02408	0.01883	0.01695	0.01902	0.42263	0.01316	0.02200	0.01572	0.01666	0.01212	0.06186	0.01156	0.01136	0.04064	0.00260	0.25337	0.00602	0.00354	0.00756
49	0.00970	0.00693	0.00950	0.01109	0.01208	0.00673	0.00872	0.01189	0.01444	0.01899	0.03695	0.41100	0.04227	0.02015	0.00910	0.00297	0.00515	0.35008	0.00632	0.00593
50	0.01024	0.00689	0.00980	0.01058	0.01160	0.00641	0.03096	0.01181	0.01380	0.06340	0.03608	0.63686	0.04180	0.01988	0.00864	0.00274	0.00451	0.06149	0.00638	0.00613
51	0.01399	0.01012	0.01273	0.01269	0.05972	0.01022	0.00893	0.12862	0.06435	0.05752	0.34143	0.18141	0.04343	0.01345	0.00779	0.00226	0.00467	0.01180	0.00691	0.00793
52	0.01388	0.03429	0.67986	0.02010	0.03001	0.01598	0.06844	0.02168	0.01455	0.02168	0.01238	0.01470	0.00878	0.00645	0.00660	0.00218	0.01020	0.00525	0.00293	0.01005
53	0.00834	0.00595	0.00794	0.00953	0.00992	0.00556	0.00635	0.00953	0.01310	0.01746	0.03771	0.75510	0.04525	0.02143	0.00873	0.00278	0.00397	0.01945	0.00635	0.00556
54	0.02265	0.04778	0.01843	0.01532	0.01918	0.33941	0.01192	0.21297	0.09856	0.02561	0.01538	0.01744	0.01234	0.04167	0.03726	0.00248	0.00968	0.00568	0.03723	0.00902
55	0.01788	0.04483	0.06959	0.26319	0.24707	0.17443	0.01817	0.02174	0.01582	0.04593	0.01251	0.01622	0.00984	0.00666	0.00657	0.00205	0.00940	0.00560	0.00345	0.00904
56	0.01414	0.01092	0.01244	0.01123	0.01412	0.01165	0.00866	0.04517	0.31943	0.05458	0.34035	0.03834	0.06719	0.01167	0.00750	0.00223	0.00443	0.01002	0.00725	0.00870
57	0.00995	0.00663	0.00746	0.00746	0.00746	0.00663	0.00415	0.00995	0.00995	0.01327	0.02156	0.04477	0.02487	0.75957	0.03482	0.00663	0.00663	0.00995	0.00415	0.00415
58	0.01419	0.01216	0.01419	0.01013	0.01621	0.00912	0.00811	0.01723	0.01419	0.02229	0.01216	0.01419	0.01013	0.00507	0.00507	0.00101	0.00507	0.00405	0.00405	0.80139
59	0.05016	0.02799	0.01852	0.01663	0.02007	0.55049	0.01266	0.05997	0.07941	0.01991	0.03571	0.01508	0.01183	0.00776	0.00708	0.00191	0.04731	0.00511	0.00412	0.00828
60	0.01372	0.03539	0.72412	0.01950	0.02961	0.01589	0.02528	0.02167	0.01444	0.02167	0.01228	0.01444	0.00867	0.00650	0.00650	0.00217	0.01011	0.00506	0.00289	0.01011
61	0.00860	0.00646	0.00805	0.00921	0.01027	0.00590	0.00662	0.01018	0.01411	0.01811	0.04609	0.48381	0.22587	0.02000	0.00865	0.00270	0.00412	0.09920	0.00635	0.00571
62	0.05296	0.01705	0.01684	0.01383	0.01853	0.14656	0.01105	0.11421	0.14144	0.36167	0.02220	0.02039	0.01515	0.00825	0.00667	0.00208	0.00715	0.00638	0.00694	0.01067
63	0.01620	0.01521	0.02568	0.03833	0.62939	0.01521	0.01975	0.02015	0.01560	0.02212	0.01578	0.02443	0.01439	0.00769	0.00711	0.00217	0.00790	0.08887	0.00375	0.01027
64	0.00977	0.00733	0.01100	0.01100	0.01222	0.00855	0.00855	0.01222	0.01100	0.01588	0.01833	0.02688	0.01710	0.05131	0.73245	0.01100	0.01833	0.00733	0.00367	0.00611
65	0.01385	0.01311	0.02221	0.57978	0.20316	0.01545	0.01946	0.01830	0.01412	0.01861	0.01233	0.01794	0.00952	0.00667	0.00682	0.00222	0.00889	0.00608	0.00312	0.00835
66	0.03026	0.01185	0.01661	0.01267	0.01802	0.01027	0.03060	0.03300	0.01948	0.70055	0.02659	0.02314	0.01674	0.00839	0.00692	0.00212	0.00599	0.00692	0.00832	0.01157
67	0.00870	0.00726	0.00839	0.00907	0.03717	0.00653	0.00636	0.01061	0.01490	0.01845	0.07470	0.12013	0.52352	0.02140	0.09829	0.00342	0.00554	0.01362	0.00593	0.00601
68	0.01292	0.01216	0.02052	0.74312	0.04712	0.01520	0.01900	0.01748	0.01368	0.01748	0.01216	0.01824	0.00912	0.00684	0.00684	0.00228	0.00912	0.00608	0.00304	0.00760
69	0.67869	0.01385	0.01093	0.00947	0.01391	0.04240	0.00772	0.02003	0.01226	0.02911	0.00989	0.01154	0.00780	0.00622	0.00441	0.00197	0.00554	0.00378	0.00418	0.10629
70	0.12301	0.63571	0.05914	0.01165	0.01745	0.02508	0.01166	0.02048	0.01362	0.01825	0.00962	0.01113	0.00859	0.00594	0.00445	0.00158	0.00716	0.00372	0.00310	0.00865

[dist]
# distance from previous block
# <min> <max>
0	19

# created by:
# /home/cegg/simao/soft/augustus-3.2.1/scripts/msa2prfl.pl ./align_prep/EOG090W0HXZ.fa
