[name]
unknown

[dist]
# distance from previous block
# <min> <max>
0	34

[block]
# block no. 0 follows, 27 sequences, length 15
# corresponding to MSA columns:
# 183-197
name=unknown_A
#
# <colnr> <probs for GDERKNQSTAVLIFYWHMCP>
#	G	D	E	R	K	N	Q	S	T	A	V	L	I	F	Y	W	H	M	C	P
0	0.05055	0.01149	0.01376	0.01318	0.01544	0.01280	0.01016	0.07780	0.15674	0.04896	0.02953	0.25651	0.02986	0.03966	0.07827	0.00381	0.06697	0.06971	0.00640	0.00842
1	0.01179	0.01021	0.01012	0.01018	0.01183	0.06593	0.00717	0.01478	0.06669	0.01982	0.08583	0.20295	0.22378	0.16894	0.05301	0.00405	0.00642	0.01383	0.00612	0.00654
2	0.03459	0.00910	0.01211	0.04157	0.01438	0.01005	0.00890	0.03798	0.01356	0.02024	0.04385	0.02949	0.01966	0.11869	0.36607	0.04347	0.03540	0.00786	0.08383	0.04920
3	0.01238	0.00863	0.01092	0.01106	0.01291	0.00853	0.00841	0.03742	0.06155	0.05322	0.14983	0.23617	0.12684	0.02198	0.07383	0.04283	0.00631	0.10319	0.00682	0.00716
4	0.01046	0.00809	0.01005	0.01047	0.01161	0.00830	0.00755	0.01287	0.04387	0.01890	0.04058	0.27843	0.17760	0.14323	0.10247	0.00473	0.04630	0.05221	0.00596	0.00632
5	0.01291	0.00960	0.01062	0.01012	0.01235	0.00977	0.00745	0.05641	0.13767	0.02543	0.14968	0.13386	0.17701	0.10200	0.01159	0.00299	0.00481	0.01243	0.10570	0.00760
6	0.01565	0.01033	0.01316	0.01177	0.01449	0.01001	0.02987	0.11739	0.02043	0.10775	0.21714	0.23317	0.11056	0.04133	0.00962	0.00270	0.00524	0.01377	0.00742	0.00822
7	0.10382	0.01244	0.01468	0.01226	0.01577	0.01283	0.04259	0.13086	0.07043	0.12507	0.08690	0.03289	0.05964	0.16208	0.01353	0.00330	0.00638	0.00874	0.07696	0.00883
8	0.01039	0.00772	0.00922	0.00959	0.01121	0.00712	0.00688	0.01298	0.03827	0.02148	0.12532	0.30658	0.18889	0.08059	0.01121	0.00301	0.00455	0.05049	0.04677	0.04773
9	0.07102	0.00805	0.00867	0.00873	0.01007	0.00796	0.00591	0.03176	0.01440	0.02091	0.06365	0.17767	0.15020	0.27798	0.01863	0.00418	0.00535	0.01266	0.09620	0.00601
10	0.26893	0.01727	0.01758	0.01409	0.01944	0.01900	0.01158	0.32917	0.07591	0.13032	0.01799	0.01779	0.01274	0.00840	0.00655	0.00228	0.00697	0.00608	0.00678	0.01111
11	0.01510	0.00983	0.01146	0.01055	0.01328	0.00935	0.00805	0.10183	0.01939	0.11133	0.11661	0.15248	0.25686	0.07867	0.01111	0.00296	0.00521	0.05089	0.00719	0.00786
12	0.01738	0.01153	0.01272	0.01154	0.01425	0.04170	0.00862	0.11044	0.04970	0.13036	0.10744	0.20090	0.09561	0.10390	0.01180	0.00305	0.00582	0.01232	0.04257	0.00835
13	0.00973	0.00828	0.04311	0.01018	0.01139	0.00678	0.00747	0.01144	0.01432	0.01931	0.04072	0.52297	0.11344	0.09030	0.01179	0.00326	0.00482	0.01800	0.04651	0.00620
14	0.01063	0.00727	0.00880	0.00893	0.00919	0.00747	0.00551	0.01118	0.01126	0.01524	0.02414	0.09833	0.02725	0.56590	0.15138	0.00769	0.00916	0.01110	0.00459	0.00498

[dist]
# distance from previous block
# <min> <max>
0	2

[block]
# block no. 1 follows, 27 sequences, length 9
# corresponding to MSA columns:
# 200-208
name=unknown_B
#
# <colnr> <probs for GDERKNQSTAVLIFYWHMCP>
#	G	D	E	R	K	N	Q	S	T	A	V	L	I	F	Y	W	H	M	C	P
0	0.00982	0.00680	0.00844	0.00946	0.01010	0.00651	0.00627	0.01111	0.01369	0.01863	0.03764	0.45255	0.09028	0.17586	0.04702	0.00418	0.00553	0.01684	0.06346	0.00581
1	0.01246	0.00883	0.01151	0.01108	0.01249	0.00959	0.00830	0.04981	0.03776	0.01968	0.04897	0.08166	0.11697	0.05573	0.23277	0.18084	0.04950	0.00971	0.03601	0.00632
2	0.57335	0.01324	0.01110	0.00980	0.01401	0.01490	0.00798	0.05297	0.01471	0.07015	0.01424	0.01587	0.01080	0.00743	0.00500	0.00219	0.00548	0.00486	0.14359	0.00832
3	0.01048	0.00707	0.00819	0.00850	0.00857	0.00699	0.00493	0.01071	0.01141	0.01521	0.02652	0.17110	0.03094	0.61120	0.03273	0.00645	0.00668	0.01264	0.00493	0.00477
4	0.01078	0.00725	0.00837	0.00837	0.00846	0.00734	0.00483	0.01097	0.01088	0.01459	0.02314	0.04721	0.02640	0.69097	0.08511	0.00753	0.00809	0.01060	0.00446	0.00465
5	0.01769	0.01455	0.01662	0.01208	0.01856	0.01224	0.00975	0.13472	0.01888	0.02823	0.01402	0.01583	0.01129	0.00611	0.00584	0.00130	0.00598	0.00481	0.00494	0.64657
6	0.15394	0.00981	0.01109	0.01050	0.01343	0.00963	0.00813	0.01889	0.03746	0.14847	0.09985	0.18754	0.16685	0.01676	0.03535	0.00294	0.00555	0.04886	0.00693	0.00800
7	0.02134	0.03738	0.01982	0.01791	0.10297	0.04098	0.01278	0.22009	0.08865	0.08314	0.05480	0.02408	0.04220	0.00886	0.00709	0.00203	0.00704	0.02220	0.00620	0.18043
8	0.01603	0.01604	0.01909	0.05954	0.07996	0.12927	0.05413	0.02031	0.06830	0.01971	0.01884	0.02487	0.03749	0.05120	0.25882	0.00597	0.10050	0.00750	0.00419	0.00823

[dist]
# distance from previous block
# <min> <max>
16	26

[block]
# block no. 2 follows, 27 sequences, length 24
# corresponding to MSA columns:
# 239-262
name=unknown_C
#
# <colnr> <probs for GDERKNQSTAVLIFYWHMCP>
#	G	D	E	R	K	N	Q	S	T	A	V	L	I	F	Y	W	H	M	C	P
0	0.01437	0.01231	0.01412	0.01247	0.01575	0.05697	0.00969	0.04276	0.07124	0.02135	0.01848	0.02463	0.01639	0.06006	0.36162	0.00701	0.01346	0.00689	0.00454	0.21588
1	0.01839	0.04123	0.04883	0.08238	0.25282	0.04500	0.04511	0.02385	0.07829	0.08812	0.02075	0.06861	0.04181	0.00872	0.00729	0.00218	0.00790	0.00778	0.00493	0.10598
2	0.04698	0.01453	0.01800	0.11559	0.02358	0.04367	0.04301	0.04944	0.01727	0.08355	0.05413	0.01935	0.01483	0.00700	0.00640	0.00168	0.00692	0.00583	0.00496	0.42329
3	0.08074	0.04756	0.01871	0.05504	0.12649	0.07466	0.01302	0.10909	0.04451	0.05790	0.08496	0.06490	0.10466	0.01138	0.00830	0.00239	0.03966	0.04102	0.00573	0.00928
4	0.01281	0.01058	0.04110	0.01091	0.01356	0.00969	0.00884	0.04849	0.01714	0.05657	0.17913	0.04599	0.22208	0.08272	0.13236	0.00444	0.04962	0.01117	0.00614	0.03665
5	0.10670	0.20805	0.06752	0.02252	0.16336	0.11379	0.06203	0.04727	0.03630	0.05610	0.01349	0.01579	0.01088	0.00730	0.00712	0.00211	0.03986	0.00557	0.00414	0.01009
6	0.01832	0.01691	0.02797	0.28251	0.25522	0.01829	0.11362	0.12893	0.01925	0.02603	0.01448	0.01903	0.01116	0.00724	0.00759	0.00235	0.00963	0.00693	0.00417	0.01038
7	0.01357	0.00917	0.01091	0.01055	0.01237	0.00909	0.00750	0.05914	0.07826	0.07310	0.13438	0.25834	0.09508	0.17627	0.01509	0.00364	0.00533	0.01406	0.00682	0.00732
8	0.01079	0.00781	0.00906	0.00860	0.01095	0.00683	0.00650	0.01342	0.01892	0.05912	0.33857	0.06215	0.38691	0.01674	0.00870	0.00242	0.00378	0.01428	0.00757	0.00691
9	0.00923	0.00690	0.00819	0.00911	0.01012	0.00628	0.00613	0.01051	0.01453	0.01859	0.04890	0.42156	0.24544	0.13257	0.01363	0.00350	0.00458	0.01782	0.00652	0.00587
10	0.01087	0.00797	0.01042	0.01154	0.01317	0.00764	0.00946	0.01362	0.01680	0.02178	0.10357	0.15351	0.16152	0.05177	0.01098	0.00328	0.00570	0.37298	0.00687	0.00655
11	0.00980	0.00723	0.00916	0.00938	0.01083	0.00659	0.00677	0.01238	0.01831	0.02500	0.39822	0.26741	0.15506	0.01821	0.00898	0.00257	0.00379	0.01613	0.00759	0.00659
12	0.00901	0.00753	0.00785	0.00777	0.01017	0.00637	0.00583	0.01111	0.01748	0.02138	0.15915	0.06926	0.60501	0.01831	0.00877	0.00248	0.00372	0.01536	0.00707	0.00637
13	0.01985	0.74357	0.03890	0.01270	0.01905	0.02937	0.01270	0.02223	0.01508	0.01747	0.01032	0.01191	0.00953	0.00635	0.00476	0.00159	0.00794	0.00397	0.00318	0.00953
14	0.11897	0.01362	0.01700	0.01319	0.01882	0.01273	0.01089	0.09561	0.02159	0.55949	0.02603	0.02305	0.01665	0.00890	0.00714	0.00229	0.00643	0.00700	0.00850	0.01211
15	0.00960	0.00666	0.00886	0.01035	0.01080	0.00632	0.00702	0.01067	0.01387	0.01846	0.03779	0.59504	0.04482	0.07955	0.01290	0.04894	0.00483	0.06124	0.00649	0.00580
16	0.01402	0.01319	0.02227	0.72126	0.05113	0.01649	0.02062	0.01897	0.01484	0.01897	0.01319	0.01979	0.00990	0.00742	0.00742	0.00247	0.00990	0.00660	0.00330	0.00825
17	0.01284	0.04391	0.06465	0.01133	0.01306	0.00924	0.00912	0.01342	0.01218	0.03929	0.02023	0.10692	0.02071	0.11842	0.17296	0.28076	0.00968	0.03124	0.00427	0.00577
18	0.01985	0.74357	0.03890	0.01270	0.01905	0.02937	0.01270	0.02223	0.01508	0.01747	0.01032	0.01191	0.00953	0.00635	0.00476	0.00159	0.00794	0.00397	0.00318	0.00953
19	0.01068	0.00715	0.00813	0.00824	0.00827	0.00712	0.00466	0.01077	0.01102	0.01470	0.02455	0.09394	0.02845	0.69175	0.03591	0.00692	0.00701	0.01148	0.00466	0.00460
20	0.01416	0.00897	0.01122	0.00987	0.01287	0.00777	0.00757	0.01715	0.01931	0.12711	0.36849	0.08392	0.15941	0.01412	0.00820	0.00224	0.00426	0.01220	0.00757	0.10360
21	0.02285	0.09101	0.03789	0.04683	0.02172	0.13782	0.01331	0.13662	0.18276	0.11919	0.02199	0.04858	0.01759	0.00985	0.00769	0.00232	0.02542	0.03979	0.00622	0.01054
22	0.20869	0.08789	0.11484	0.01550	0.02153	0.08601	0.06787	0.06261	0.04679	0.10572	0.04569	0.01814	0.01394	0.00768	0.00640	0.00213	0.00810	0.00590	0.00509	0.06948
23	0.02155	0.08137	0.13105	0.06282	0.02455	0.11774	0.01531	0.17894	0.07374	0.06157	0.01599	0.01720	0.01202	0.00762	0.00671	0.00199	0.00871	0.00575	0.00515	0.15023

[dist]
# distance from previous block
# <min> <max>
0	5

[block]
# block no. 3 follows, 27 sequences, length 8
# corresponding to MSA columns:
# 268-275
name=unknown_D
#
# <colnr> <probs for GDERKNQSTAVLIFYWHMCP>
#	G	D	E	R	K	N	Q	S	T	A	V	L	I	F	Y	W	H	M	C	P
0	0.09521	0.01881	0.01710	0.01627	0.05252	0.20187	0.01197	0.07318	0.06760	0.11759	0.02027	0.09782	0.01765	0.01717	0.11403	0.00377	0.03453	0.00791	0.00552	0.00921
1	0.01145	0.00820	0.01084	0.01208	0.01355	0.00808	0.01001	0.01410	0.01594	0.02060	0.03986	0.07622	0.10160	0.15015	0.01509	0.00401	0.00661	0.46884	0.00642	0.00636
2	0.01561	0.01387	0.01821	0.01301	0.01970	0.01078	0.07398	0.01920	0.01561	0.02415	0.01338	0.01585	0.01102	0.00557	0.00582	0.00124	0.00619	0.00483	0.00433	0.70766
3	0.01289	0.00894	0.01150	0.01177	0.03610	0.00922	0.00806	0.04502	0.04313	0.04753	0.08395	0.11861	0.05701	0.24368	0.17232	0.03852	0.00917	0.03034	0.00552	0.00672
4	0.01787	0.01248	0.01442	0.01301	0.01630	0.01322	0.00998	0.10876	0.24672	0.10892	0.14383	0.19975	0.03529	0.01384	0.00819	0.00254	0.00544	0.01196	0.00768	0.00979
5	0.04370	0.05023	0.01822	0.01536	0.01839	0.19661	0.01203	0.08254	0.12078	0.04071	0.01776	0.02228	0.01518	0.06790	0.16111	0.00469	0.09199	0.00680	0.00488	0.00884
6	0.04639	0.11687	0.17136	0.04653	0.09603	0.08571	0.08219	0.12138	0.04313	0.06764	0.01500	0.01708	0.01136	0.00768	0.00770	0.00224	0.04042	0.00611	0.00456	0.01061
7	0.01445	0.04708	0.01494	0.08911	0.01847	0.10114	0.01060	0.06593	0.01733	0.02181	0.08357	0.35462	0.06240	0.01626	0.00919	0.00262	0.04320	0.01391	0.00589	0.00747

[dist]
# distance from previous block
# <min> <max>
0	5

[block]
# block no. 4 follows, 27 sequences, length 21
# corresponding to MSA columns:
# 281-301
name=unknown_E
#
# <colnr> <probs for GDERKNQSTAVLIFYWHMCP>
#	G	D	E	R	K	N	Q	S	T	A	V	L	I	F	Y	W	H	M	C	P
0	0.02361	0.07135	0.08930	0.04116	0.10681	0.12333	0.01527	0.16318	0.02168	0.16363	0.01997	0.09236	0.01637	0.00956	0.00730	0.00225	0.00859	0.00772	0.00585	0.01070
1	0.23416	0.01269	0.01382	0.01132	0.01592	0.01281	0.00923	0.09026	0.01905	0.31175	0.02195	0.02147	0.01515	0.00842	0.00620	0.00217	0.00574	0.00634	0.17138	0.01018
2	0.01622	0.01269	0.05363	0.01111	0.03622	0.06490	0.00874	0.07438	0.01766	0.02787	0.02222	0.04993	0.01795	0.00895	0.00585	0.00189	0.00534	0.00714	0.54939	0.00793
3	0.01149	0.00911	0.01242	0.03783	0.08012	0.00923	0.00964	0.03779	0.01545	0.02052	0.03791	0.40066	0.11900	0.07233	0.01187	0.00317	0.03854	0.05982	0.00613	0.00699
4	0.01250	0.01032	0.01353	0.01275	0.01469	0.03684	0.06153	0.06892	0.01666	0.02198	0.07768	0.35813	0.08526	0.06947	0.09966	0.00418	0.00773	0.01497	0.00612	0.00708
5	0.01846	0.01957	0.08185	0.06884	0.20326	0.04938	0.14590	0.09117	0.13364	0.02699	0.04403	0.04871	0.01689	0.00847	0.00776	0.00237	0.00905	0.00799	0.00498	0.01068
6	0.04521	0.01122	0.01322	0.01195	0.01524	0.01116	0.00934	0.09883	0.09530	0.16324	0.10975	0.17918	0.13240	0.01486	0.00830	0.00257	0.00541	0.05619	0.00755	0.00908
7	0.01689	0.01601	0.02573	0.18623	0.35673	0.01762	0.04040	0.02317	0.09619	0.02348	0.04120	0.02108	0.01468	0.00815	0.00916	0.00242	0.07913	0.00714	0.00419	0.01039
8	0.01415	0.00851	0.01096	0.01001	0.01234	0.00792	0.00762	0.01808	0.04415	0.12404	0.49797	0.08461	0.05689	0.01419	0.00836	0.00234	0.00403	0.01242	0.05351	0.00792
9	0.01949	0.15711	0.19882	0.04495	0.02723	0.19185	0.10773	0.02384	0.01648	0.02015	0.01203	0.01526	0.00979	0.00786	0.00937	0.00226	0.11720	0.00568	0.00342	0.00948
10	0.01682	0.01241	0.01402	0.01156	0.01597	0.01157	0.00909	0.13620	0.06795	0.07848	0.06556	0.10270	0.18720	0.01218	0.00749	0.00209	0.00543	0.01015	0.00657	0.22654
11	0.01539	0.01319	0.01539	0.01100	0.01759	0.00990	0.00880	0.01869	0.01539	0.02419	0.01319	0.01539	0.01100	0.00550	0.00550	0.00110	0.00550	0.00440	0.00440	0.78449
12	0.01846	0.01595	0.01679	0.01511	0.01930	0.01846	0.01175	0.03945	0.67938	0.03105	0.03022	0.02770	0.02266	0.01007	0.00755	0.00252	0.00588	0.00839	0.00755	0.01175
13	0.01184	0.00788	0.01035	0.00957	0.01155	0.00723	0.00723	0.01531	0.02103	0.06896	0.65019	0.05368	0.06702	0.01483	0.00868	0.00233	0.00367	0.01308	0.00823	0.00733
14	0.01846	0.01595	0.01679	0.01511	0.01930	0.01846	0.01175	0.03945	0.67938	0.03105	0.03022	0.02770	0.02266	0.01007	0.00755	0.00252	0.00588	0.00839	0.00755	0.01175
15	0.01196	0.00886	0.01271	0.01538	0.06184	0.00879	0.01194	0.01512	0.01663	0.02186	0.03779	0.17922	0.04155	0.01996	0.00993	0.00327	0.00659	0.50292	0.00662	0.00705
16	0.01539	0.01319	0.01539	0.01100	0.01759	0.00990	0.00880	0.01869	0.01539	0.02419	0.01319	0.01539	0.01100	0.00550	0.00550	0.00110	0.00550	0.00440	0.00440	0.78449
17	0.01437	0.01356	0.02291	0.66623	0.10339	0.01659	0.02079	0.01928	0.01501	0.01940	0.01326	0.01968	0.01005	0.00736	0.00742	0.00245	0.00981	0.00660	0.00333	0.00853
18	0.00892	0.00727	0.00790	0.00829	0.01026	0.00624	0.00601	0.01073	0.01646	0.02024	0.09571	0.23161	0.50513	0.01971	0.00894	0.00262	0.00388	0.01688	0.00695	0.00624
19	0.01803	0.01716	0.02856	0.09848	0.59364	0.01760	0.02184	0.02363	0.06287	0.02430	0.01503	0.01914	0.01237	0.00692	0.00737	0.00225	0.00870	0.00674	0.00391	0.01147
20	0.02876	0.01783	0.09660	0.01513	0.02137	0.01512	0.01361	0.22375	0.02471	0.39847	0.05032	0.02314	0.01768	0.00910	0.00746	0.00228	0.00729	0.00724	0.00793	0.01222

[dist]
# distance from previous block
# <min> <max>
0	19

[block]
# block no. 5 follows, 27 sequences, length 48
# corresponding to MSA columns:
# 324-342,346-374
name=unknown_F
#
# <colnr> <probs for GDERKNQSTAVLIFYWHMCP>
#	G	D	E	R	K	N	Q	S	T	A	V	L	I	F	Y	W	H	M	C	P
0	0.01052	0.00801	0.01034	0.01195	0.03591	0.00754	0.00896	0.01286	0.01606	0.02053	0.04843	0.23112	0.22898	0.05332	0.01081	0.00319	0.00543	0.26286	0.00665	0.00654
1	0.01627	0.01297	0.01466	0.01392	0.01719	0.01438	0.01100	0.03028	0.42299	0.04917	0.08941	0.09295	0.03249	0.01351	0.00833	0.00271	0.00576	0.13456	0.00747	0.00998
2	0.02094	0.01674	0.01785	0.01541	0.02000	0.01902	0.01217	0.15942	0.52912	0.06155	0.02781	0.02571	0.02057	0.00981	0.00753	0.00245	0.00633	0.00803	0.00760	0.01195
3	0.79154	0.01436	0.01091	0.00976	0.01436	0.01665	0.00804	0.02182	0.01263	0.03331	0.01034	0.01206	0.00804	0.00689	0.00459	0.00230	0.00574	0.00402	0.00459	0.00804
4	0.02271	0.01767	0.01840	0.04108	0.02136	0.07003	0.01275	0.18751	0.33638	0.11051	0.02562	0.02687	0.01945	0.01001	0.00760	0.00243	0.00724	0.04374	0.00724	0.01142
5	0.01052	0.00796	0.00978	0.00954	0.01144	0.00746	0.00715	0.01448	0.05611	0.02673	0.45363	0.12255	0.18297	0.01652	0.00881	0.00248	0.00386	0.03327	0.00773	0.00703
6	0.02049	0.01622	0.01813	0.01342	0.01975	0.01511	0.01091	0.27688	0.02315	0.03317	0.01504	0.01636	0.01164	0.00686	0.00626	0.00155	0.00656	0.00531	0.00560	0.47759
7	0.09778	0.02617	0.02267	0.01877	0.02368	0.32701	0.08885	0.19371	0.08079	0.02875	0.01505	0.01642	0.01155	0.00795	0.00700	0.00215	0.01057	0.00598	0.00514	0.01003
8	0.01078	0.00727	0.00848	0.00848	0.00861	0.00740	0.00497	0.01104	0.01091	0.01468	0.02304	0.04665	0.02615	0.67100	0.10474	0.00767	0.00846	0.01051	0.00445	0.00471
9	0.01137	0.00825	0.00942	0.00910	0.01144	0.00742	0.00681	0.04301	0.01854	0.05802	0.20983	0.16048	0.38382	0.01766	0.00874	0.00252	0.00411	0.01511	0.00734	0.00702
10	0.01945	0.68659	0.09237	0.01339	0.02011	0.02839	0.01389	0.02233	0.01513	0.01795	0.01056	0.01221	0.00952	0.00641	0.00495	0.00165	0.00818	0.00409	0.00317	0.00964
11	0.01000	0.00751	0.00928	0.00912	0.01095	0.00679	0.00683	0.01289	0.01925	0.02610	0.45423	0.11978	0.22337	0.01699	0.00888	0.00248	0.00376	0.03738	0.00769	0.00673
12	0.01619	0.00893	0.01128	0.00992	0.01293	0.00787	0.00771	0.01911	0.02004	0.20682	0.35592	0.05140	0.21345	0.01449	0.00841	0.00237	0.00432	0.01239	0.00812	0.00833
13	0.01166	0.00807	0.01089	0.01270	0.04556	0.00775	0.00847	0.04274	0.01578	0.05186	0.03790	0.59720	0.04381	0.02098	0.00923	0.00293	0.00494	0.05370	0.00686	0.00696
14	0.02773	0.03538	0.02104	0.01913	0.02295	0.70930	0.01434	0.02964	0.02104	0.01817	0.01148	0.01339	0.00956	0.00765	0.00669	0.00191	0.01339	0.00478	0.00383	0.00861
15	0.00988	0.00693	0.00859	0.00930	0.00985	0.00660	0.00602	0.01106	0.01412	0.01901	0.13366	0.36722	0.06516	0.27566	0.01938	0.00438	0.00519	0.01611	0.00624	0.00564
16	0.62142	0.01341	0.01154	0.01041	0.01473	0.01502	0.00861	0.02223	0.01415	0.09230	0.04211	0.02144	0.01459	0.00866	0.00553	0.00240	0.00580	0.06200	0.00536	0.00831
17	0.09441	0.01786	0.02099	0.04754	0.08559	0.04980	0.01450	0.23294	0.05877	0.12756	0.01697	0.01852	0.01266	0.00934	0.01064	0.00247	0.15625	0.00651	0.00588	0.01079
18	0.01905	0.04904	0.02188	0.02006	0.11855	0.05146	0.05650	0.10983	0.22516	0.02882	0.06821	0.02296	0.01909	0.00865	0.00772	0.00216	0.02977	0.00727	0.00578	0.12803
19	0.04484	0.05526	0.29530	0.02125	0.10892	0.05490	0.04779	0.04158	0.04207	0.07916	0.01518	0.01704	0.01131	0.00706	0.00679	0.00209	0.00912	0.00575	0.00429	0.13030
20	0.01270	0.01018	0.01525	0.01417	0.04357	0.00960	0.09226	0.04149	0.01809	0.04935	0.18811	0.16407	0.20515	0.01800	0.04781	0.00309	0.00645	0.04640	0.00659	0.00765
21	0.01555	0.01430	0.05413	0.05379	0.10780	0.04468	0.01289	0.03676	0.15152	0.05514	0.07632	0.25173	0.03095	0.01406	0.00860	0.00261	0.02261	0.03130	0.00619	0.00906
22	0.16525	0.04436	0.17475	0.01777	0.04827	0.01715	0.08383	0.09659	0.11918	0.05641	0.02109	0.05811	0.04778	0.00908	0.00705	0.00238	0.00797	0.00752	0.00528	0.01018
23	0.01961	0.70956	0.07082	0.01311	0.01968	0.02879	0.01341	0.02229	0.01511	0.01776	0.01047	0.01209	0.00952	0.00639	0.00487	0.00162	0.00809	0.00404	0.00317	0.00960
24	0.02710	0.02414	0.02140	0.01742	0.02263	0.20308	0.01393	0.43638	0.09660	0.03766	0.01741	0.01766	0.01284	0.00870	0.00725	0.00217	0.00931	0.00636	0.00649	0.01148
25	0.00990	0.00700	0.00859	0.00917	0.00983	0.00663	0.00598	0.01117	0.01441	0.01935	0.15255	0.32497	0.09040	0.27363	0.01927	0.00433	0.00514	0.01572	0.00628	0.00568
26	0.00912	0.00681	0.00848	0.00958	0.01062	0.00618	0.00661	0.01075	0.01548	0.02021	0.10871	0.51622	0.20128	0.02147	0.00924	0.00283	0.00410	0.01912	0.00701	0.00618
27	0.01496	0.01375	0.01986	0.10181	0.08958	0.01727	0.01498	0.04802	0.01410	0.02023	0.01808	0.16936	0.01888	0.01589	0.05241	0.00341	0.34519	0.00969	0.00431	0.00820
28	0.04845	0.01727	0.02954	0.22315	0.07305	0.05042	0.27609	0.06992	0.01803	0.02437	0.04988	0.05366	0.01553	0.00814	0.00797	0.00244	0.01017	0.00829	0.00430	0.00932
29	0.02383	0.01058	0.01416	0.01239	0.01619	0.00956	0.00984	0.02700	0.04169	0.41222	0.03314	0.21211	0.02885	0.01394	0.00819	0.00258	0.00575	0.07538	0.03242	0.01015
30	0.01729	0.04002	0.02342	0.08420	0.33690	0.04903	0.03747	0.02141	0.03544	0.05779	0.12354	0.02753	0.02283	0.07926	0.01046	0.00272	0.00800	0.00809	0.00482	0.00978
31	0.02043	0.04362	0.10783	0.04291	0.15451	0.10511	0.10884	0.05827	0.06045	0.11028	0.01846	0.05415	0.01483	0.01141	0.05302	0.00292	0.01015	0.00747	0.00493	0.01039
32	0.01775	0.01816	0.02466	0.19488	0.11057	0.11793	0.11519	0.04460	0.06651	0.02194	0.01601	0.02228	0.01338	0.01253	0.06716	0.00326	0.08671	0.03312	0.00415	0.00919
33	0.48425	0.03969	0.04304	0.01618	0.07292	0.15726	0.04565	0.02366	0.01511	0.02822	0.01122	0.01339	0.00891	0.00698	0.00556	0.00221	0.00815	0.00468	0.00423	0.00871
34	0.01536	0.01584	0.07744	0.10352	0.15536	0.01577	0.08261	0.01916	0.01480	0.04264	0.01834	0.09445	0.01733	0.01634	0.09486	0.00380	0.15622	0.04299	0.00422	0.00896
35	0.01762	0.04417	0.05712	0.06241	0.42225	0.04587	0.01934	0.02338	0.07825	0.02433	0.07932	0.02216	0.01787	0.00816	0.00824	0.00228	0.04492	0.00720	0.00439	0.01073
36	0.01504	0.01163	0.01230	0.01134	0.01433	0.04253	0.00871	0.07043	0.13775	0.07335	0.16338	0.11869	0.24430	0.01512	0.00837	0.00249	0.00519	0.02931	0.00730	0.00842
37	0.01144	0.00861	0.01036	0.00970	0.01187	0.00818	0.00732	0.05508	0.04205	0.02830	0.46388	0.09323	0.19031	0.01581	0.00868	0.00241	0.00397	0.01372	0.00777	0.00731
38	0.01086	0.00727	0.00829	0.00838	0.00847	0.00727	0.00488	0.01103	0.01112	0.01479	0.02420	0.05038	0.02779	0.70242	0.03638	0.00700	0.00718	0.04306	0.00462	0.00462
39	0.01622	0.00945	0.01332	0.01224	0.01465	0.01010	0.00961	0.04510	0.01483	0.16452	0.02198	0.02875	0.01866	0.07514	0.49903	0.00924	0.01590	0.00793	0.00526	0.00807
40	0.79154	0.01436	0.01091	0.00976	0.01436	0.01665	0.00804	0.02182	0.01263	0.03331	0.01034	0.01206	0.00804	0.00689	0.00459	0.00230	0.00574	0.00402	0.00459	0.00804
41	0.01985	0.74357	0.03890	0.01270	0.01905	0.02937	0.01270	0.02223	0.01508	0.01747	0.01032	0.01191	0.00953	0.00635	0.00476	0.00159	0.00794	0.00397	0.00318	0.00953
42	0.01867	0.39575	0.15675	0.09447	0.02546	0.08852	0.01681	0.02238	0.01537	0.01886	0.01125	0.01404	0.00957	0.00736	0.00753	0.00202	0.07766	0.00486	0.00325	0.00943
43	0.01873	0.01544	0.01650	0.01478	0.01893	0.01765	0.01151	0.03819	0.62325	0.05853	0.05915	0.02882	0.02457	0.01026	0.00760	0.00250	0.00579	0.00858	0.00765	0.01158
44	0.01289	0.00645	0.00967	0.00967	0.00967	0.00645	0.00645	0.00967	0.00967	0.01289	0.01289	0.02257	0.01289	0.02579	0.02901	0.78401	0.00645	0.00645	0.00322	0.00322
45	0.00962	0.00735	0.00889	0.00974	0.01105	0.00684	0.00683	0.01232	0.05031	0.02100	0.11688	0.45220	0.21860	0.02056	0.00912	0.00278	0.00416	0.01821	0.00706	0.00649
46	0.01923	0.01955	0.05154	0.09929	0.28580	0.08598	0.06659	0.09146	0.06697	0.02534	0.01622	0.02173	0.01349	0.00845	0.00885	0.00240	0.06415	0.03802	0.00444	0.01051
47	0.01026	0.00686	0.00911	0.01052	0.01121	0.00642	0.00720	0.01167	0.01448	0.04637	0.03950	0.63788	0.04644	0.05781	0.01083	0.00321	0.00466	0.05245	0.00686	0.00626

[dist]
# distance from previous block
# <min> <max>
0	2

[block]
# block no. 6 follows, 27 sequences, length 6
# corresponding to MSA columns:
# 377-382
name=unknown_G
#
# <colnr> <probs for GDERKNQSTAVLIFYWHMCP>
#	G	D	E	R	K	N	Q	S	T	A	V	L	I	F	Y	W	H	M	C	P
0	0.18456	0.09855	0.09077	0.06083	0.06593	0.12709	0.01482	0.08420	0.06993	0.02620	0.01357	0.01577	0.01078	0.00789	0.00775	0.00222	0.06927	0.00543	0.00441	0.04004
1	0.01432	0.01389	0.08419	0.01618	0.06620	0.01178	0.05399	0.05461	0.09710	0.04884	0.05494	0.22173	0.10165	0.06113	0.01038	0.00295	0.00662	0.06482	0.00616	0.00852
2	0.01124	0.00704	0.00843	0.00843	0.00843	0.00704	0.00491	0.01056	0.01056	0.01408	0.02116	0.04304	0.02399	0.58727	0.03592	0.17255	0.00704	0.00987	0.00423	0.00423
3	0.02096	0.06849	0.01961	0.01721	0.07793	0.04013	0.01262	0.07665	0.17115	0.16853	0.02411	0.10897	0.02024	0.01362	0.04900	0.00300	0.08225	0.00878	0.00637	0.01037
4	0.01420	0.01856	0.16666	0.57224	0.04709	0.01665	0.02207	0.01993	0.01502	0.01993	0.01322	0.01892	0.00979	0.00734	0.00734	0.00245	0.01012	0.00636	0.00326	0.00883
5	0.05287	0.01463	0.02073	0.01829	0.05169	0.01733	0.07663	0.13154	0.01654	0.02416	0.01546	0.02229	0.01385	0.06922	0.19915	0.00544	0.22984	0.00730	0.00439	0.00864

[dist]
# distance from previous block
# <min> <max>
0	1

[block]
# block no. 7 follows, 27 sequences, length 27
# corresponding to MSA columns:
# 384-396,420-433
name=unknown_H
#
# <colnr> <probs for GDERKNQSTAVLIFYWHMCP>
#	G	D	E	R	K	N	Q	S	T	A	V	L	I	F	Y	W	H	M	C	P
0	0.01983	0.14535	0.39799	0.01773	0.02639	0.05508	0.02040	0.02576	0.01689	0.14778	0.01571	0.01672	0.01118	0.00730	0.00667	0.00214	0.00949	0.00552	0.00437	0.04772
1	0.46314	0.05000	0.01593	0.01354	0.01790	0.28864	0.01069	0.02490	0.01602	0.02678	0.01078	0.01257	0.00869	0.00717	0.00542	0.00212	0.00882	0.00432	0.00424	0.00832
2	0.01908	0.01735	0.01735	0.04839	0.02072	0.08802	0.01241	0.09279	0.42153	0.02904	0.02906	0.03012	0.06473	0.01077	0.00825	0.00249	0.03216	0.03838	0.00673	0.01062
3	0.02065	0.30228	0.02625	0.01439	0.01961	0.04560	0.01241	0.13910	0.25909	0.02795	0.04756	0.02052	0.01737	0.00855	0.00646	0.00208	0.00722	0.00646	0.00572	0.01073
4	0.02822	0.02079	0.02228	0.01708	0.02302	0.02302	0.01411	0.66804	0.03490	0.04679	0.01782	0.01782	0.01262	0.00891	0.00743	0.00223	0.00817	0.00668	0.00743	0.01262
5	0.01061	0.00712	0.00815	0.00833	0.00837	0.00708	0.00475	0.01075	0.01115	0.01487	0.02521	0.11960	0.02928	0.66496	0.03485	0.00676	0.00690	0.01186	0.00475	0.00466
6	0.01073	0.00743	0.00927	0.00925	0.00970	0.00780	0.00597	0.01162	0.01146	0.01572	0.04405	0.04316	0.02594	0.51667	0.23234	0.00842	0.01077	0.01005	0.00447	0.00520
7	0.01152	0.00783	0.01015	0.00943	0.01141	0.00715	0.00712	0.01490	0.02080	0.06161	0.62375	0.05486	0.10105	0.01508	0.00869	0.00234	0.00365	0.01326	0.00815	0.00724
8	0.02254	0.02366	0.01899	0.05931	0.02249	0.30775	0.01332	0.12355	0.19128	0.02573	0.01933	0.05408	0.01592	0.01240	0.05404	0.00287	0.01047	0.00710	0.00544	0.00973
9	0.01985	0.74357	0.03890	0.01270	0.01905	0.02937	0.01270	0.02223	0.01508	0.01747	0.01032	0.01191	0.00953	0.00635	0.00476	0.00159	0.00794	0.00397	0.00318	0.00953
10	0.01075	0.00737	0.00898	0.00898	0.00929	0.00768	0.00560	0.01136	0.01106	0.01505	0.02258	0.04409	0.02504	0.58109	0.19313	0.00829	0.01013	0.01014	0.00438	0.00499
11	0.01639	0.01394	0.01587	0.01562	0.05757	0.04295	0.01129	0.06868	0.30803	0.02605	0.05214	0.02889	0.02194	0.07146	0.20947	0.00544	0.01048	0.00828	0.00596	0.00954
12	0.01500	0.07824	0.57603	0.02130	0.06736	0.01726	0.02490	0.02251	0.01561	0.02288	0.01501	0.06347	0.01219	0.00806	0.00709	0.00234	0.01022	0.00650	0.00342	0.01060
13	0.31667	0.01024	0.01031	0.00951	0.01237	0.01079	0.00741	0.01707	0.01773	0.03116	0.42289	0.03844	0.04574	0.01193	0.00712	0.00232	0.00438	0.00974	0.00677	0.00741
14	0.01985	0.74357	0.03890	0.01270	0.01905	0.02937	0.01270	0.02223	0.01508	0.01747	0.01032	0.01191	0.00953	0.00635	0.00476	0.00159	0.00794	0.00397	0.00318	0.00953
15	0.01934	0.13589	0.02323	0.11266	0.12122	0.11768	0.01459	0.10133	0.04139	0.04000	0.01710	0.07505	0.01557	0.05855	0.03952	0.00296	0.04257	0.00746	0.00460	0.00930
16	0.02689	0.03402	0.02111	0.06208	0.02467	0.66691	0.01473	0.02899	0.02066	0.01822	0.01158	0.01378	0.00958	0.00764	0.00674	0.00195	0.01317	0.00489	0.00379	0.00858
17	0.01013	0.00757	0.00940	0.00894	0.01086	0.00684	0.00671	0.01328	0.02012	0.02765	0.55524	0.05894	0.20500	0.01597	0.00876	0.00237	0.00356	0.01391	0.00789	0.00684
18	0.01846	0.01595	0.01679	0.01511	0.01930	0.01846	0.01175	0.03945	0.67938	0.03105	0.03022	0.02770	0.02266	0.01007	0.00755	0.00252	0.00588	0.00839	0.00755	0.01175
19	0.01641	0.06496	0.09053	0.40970	0.13233	0.01720	0.01973	0.04706	0.01619	0.05339	0.01444	0.01935	0.01107	0.00995	0.04517	0.00286	0.01002	0.00643	0.00381	0.00939
20	0.02101	0.02218	0.01966	0.01722	0.01976	0.25923	0.01351	0.09372	0.08591	0.02317	0.06705	0.02148	0.01699	0.05173	0.01422	0.00275	0.22989	0.00690	0.00479	0.00885
21	0.01032	0.00725	0.00885	0.00944	0.01097	0.00647	0.00670	0.01216	0.01630	0.05358	0.13423	0.39929	0.25703	0.02011	0.00906	0.00273	0.00413	0.01771	0.00717	0.00655
22	0.02096	0.10626	0.07522	0.09085	0.10639	0.08137	0.03091	0.04894	0.03826	0.16490	0.05404	0.02185	0.01645	0.01307	0.07806	0.00319	0.02713	0.00682	0.00524	0.01009
23	0.03982	0.12244	0.04015	0.06730	0.11739	0.05190	0.08305	0.02065	0.05789	0.03791	0.05258	0.10945	0.08515	0.01272	0.04032	0.00272	0.00827	0.00925	0.00490	0.03613
24	0.01461	0.03696	0.66841	0.02052	0.03110	0.01673	0.02642	0.02291	0.01573	0.02335	0.01620	0.01827	0.04104	0.00760	0.00713	0.00236	0.01064	0.00596	0.00331	0.01075
25	0.00927	0.00679	0.00876	0.01024	0.01108	0.00629	0.00717	0.01083	0.01485	0.01940	0.04555	0.58399	0.13777	0.02239	0.00945	0.00298	0.00446	0.07573	0.00689	0.00613
26	0.01847	0.02126	0.15310	0.02593	0.20673	0.06467	0.06170	0.04230	0.01659	0.07454	0.01576	0.04510	0.01315	0.01155	0.05331	0.00297	0.11458	0.00698	0.00424	0.04706

[dist]
# distance from previous block
# <min> <max>
0	5

[block]
# block no. 8 follows, 27 sequences, length 50
# corresponding to MSA columns:
# 439-488
name=unknown_I
#
# <colnr> <probs for GDERKNQSTAVLIFYWHMCP>
#	G	D	E	R	K	N	Q	S	T	A	V	L	I	F	Y	W	H	M	C	P
0	0.01891	0.02139	0.05269	0.22071	0.17390	0.20643	0.04043	0.02357	0.04849	0.02089	0.01558	0.04492	0.01342	0.00862	0.00802	0.00234	0.03576	0.03064	0.00399	0.00931
1	0.09827	0.12538	0.05490	0.01997	0.11818	0.24354	0.01452	0.04615	0.09707	0.02343	0.01450	0.01643	0.01180	0.00923	0.03282	0.00238	0.00984	0.00548	0.00435	0.05177
2	0.01950	0.68084	0.03662	0.01263	0.01869	0.05001	0.01237	0.02184	0.01538	0.01763	0.01388	0.01519	0.04643	0.00707	0.00504	0.00165	0.00789	0.00463	0.00340	0.00932
3	0.01278	0.00649	0.00959	0.00959	0.00959	0.00649	0.00634	0.00973	0.00973	0.01298	0.01346	0.02398	0.01366	0.06449	0.02949	0.74187	0.00649	0.00668	0.00329	0.00329
4	0.02157	0.24891	0.02840	0.05236	0.09354	0.02306	0.03935	0.24063	0.06968	0.02956	0.01617	0.01958	0.01323	0.00842	0.00744	0.00216	0.03736	0.03266	0.00516	0.01075
5	0.00951	0.00718	0.00858	0.00910	0.01049	0.00650	0.00644	0.01140	0.01626	0.02119	0.18212	0.29125	0.26265	0.08800	0.01181	0.00312	0.00432	0.03699	0.00692	0.00619
6	0.01088	0.00783	0.01068	0.01232	0.01365	0.00763	0.01004	0.01354	0.01616	0.02107	0.04148	0.29237	0.07457	0.02131	0.00994	0.00325	0.00588	0.41401	0.00686	0.00655
7	0.00906	0.00753	0.00792	0.00782	0.01020	0.00639	0.00587	0.01121	0.01760	0.02167	0.17705	0.06879	0.58693	0.01820	0.00877	0.00248	0.00372	0.01530	0.00711	0.00639
8	0.00904	0.00646	0.00861	0.01034	0.01077	0.00603	0.00689	0.01034	0.01421	0.01895	0.04092	0.73426	0.04910	0.02326	0.00948	0.00301	0.00431	0.02110	0.00689	0.00603
9	0.01624	0.01624	0.02274	0.01949	0.01949	0.02274	0.01624	0.01787	0.01137	0.01787	0.00975	0.01624	0.00975	0.01299	0.02436	0.00325	0.72552	0.00650	0.00325	0.00812
10	0.01061	0.00792	0.01173	0.01173	0.01299	0.00917	0.00904	0.01313	0.01187	0.01709	0.02006	0.03016	0.01899	0.09062	0.67533	0.01169	0.01924	0.00810	0.00400	0.00652
11	0.00904	0.00646	0.00861	0.01034	0.01077	0.00603	0.00689	0.01034	0.01421	0.01895	0.04092	0.73426	0.04910	0.02326	0.00948	0.00301	0.00431	0.02110	0.00689	0.00603
12	0.79154	0.01436	0.01091	0.00976	0.01436	0.01665	0.00804	0.02182	0.01263	0.03331	0.01034	0.01206	0.00804	0.00689	0.00459	0.00230	0.00574	0.00402	0.00459	0.00804
13	0.00912	0.00652	0.00868	0.01029	0.01078	0.00608	0.00690	0.01052	0.01455	0.01949	0.07323	0.70040	0.05014	0.02285	0.00944	0.00298	0.00427	0.02072	0.00696	0.00608
14	0.01985	0.74357	0.03890	0.01270	0.01905	0.02937	0.01270	0.02223	0.01508	0.01747	0.01032	0.01191	0.00953	0.00635	0.00476	0.00159	0.00794	0.00397	0.00318	0.00953
15	0.01624	0.01624	0.02274	0.01949	0.01949	0.02274	0.01624	0.01787	0.01137	0.01787	0.00975	0.01624	0.00975	0.01299	0.02436	0.00325	0.72552	0.00650	0.00325	0.00812
16	0.00877	0.00752	0.00752	0.00752	0.01003	0.00627	0.00564	0.01065	0.01692	0.02005	0.07520	0.07144	0.68978	0.01880	0.00877	0.00251	0.00376	0.01567	0.00689	0.00627
17	0.79154	0.01436	0.01091	0.00976	0.01436	0.01665	0.00804	0.02182	0.01263	0.03331	0.01034	0.01206	0.00804	0.00689	0.00459	0.00230	0.00574	0.00402	0.00459	0.00804
18	0.01624	0.01624	0.02274	0.01949	0.01949	0.02274	0.01624	0.01787	0.01137	0.01787	0.00975	0.01624	0.00975	0.01299	0.02436	0.00325	0.72552	0.00650	0.00325	0.00812
19	0.01008	0.00751	0.00941	0.00957	0.01111	0.00698	0.00693	0.01325	0.03945	0.02521	0.38759	0.25965	0.14975	0.01794	0.00893	0.00257	0.00386	0.01588	0.00759	0.00676
20	0.05424	0.02659	0.39291	0.01720	0.02424	0.03446	0.01941	0.02149	0.01551	0.06715	0.06866	0.02275	0.01681	0.06152	0.07923	0.00365	0.05365	0.00681	0.00420	0.00953
21	0.70080	0.01638	0.04165	0.01087	0.01577	0.04072	0.00934	0.04825	0.01395	0.03291	0.01081	0.01249	0.00834	0.00701	0.00489	0.00228	0.00633	0.00422	0.00462	0.00837
22	0.01929	0.01596	0.01728	0.01298	0.01898	0.05755	0.01044	0.12665	0.01911	0.06380	0.01458	0.01623	0.01152	0.00670	0.00676	0.00149	0.03555	0.00505	0.00507	0.53503
23	0.01617	0.01303	0.07167	0.19281	0.02412	0.01231	0.01269	0.04212	0.01481	0.12086	0.01981	0.03091	0.01794	0.26625	0.08228	0.00495	0.03641	0.00822	0.00480	0.00784
24	0.10674	0.02021	0.02109	0.01669	0.02169	0.05210	0.01374	0.49541	0.02917	0.04070	0.01580	0.01684	0.01167	0.00913	0.00911	0.00234	0.09335	0.00630	0.00648	0.01144
25	0.01979	0.04574	0.10096	0.01421	0.02068	0.03687	0.01281	0.11876	0.05287	0.09490	0.01609	0.01725	0.01223	0.00718	0.00700	0.00174	0.03423	0.00546	0.00523	0.37601
26	0.01373	0.01148	0.01685	0.06619	0.19338	0.01193	0.01300	0.05442	0.04314	0.02243	0.02866	0.35719	0.03134	0.03838	0.00999	0.00286	0.02980	0.04120	0.00568	0.00835
27	0.01064	0.00783	0.00899	0.00870	0.01106	0.00684	0.00665	0.01319	0.01850	0.05463	0.27624	0.06459	0.41962	0.01723	0.00878	0.00249	0.00395	0.04582	0.00742	0.00683
28	0.01645	0.01519	0.02367	0.05989	0.28121	0.01423	0.08321	0.04619	0.01693	0.02410	0.01985	0.02365	0.07319	0.03518	0.00824	0.00214	0.00774	0.00717	0.00435	0.23741
29	0.04499	0.03872	0.06341	0.01378	0.04540	0.01288	0.01104	0.05102	0.10709	0.02535	0.01885	0.09353	0.01700	0.03502	0.00758	0.00196	0.00621	0.00717	0.00509	0.39390
30	0.01837	0.01764	0.03013	0.04557	0.69279	0.01764	0.02278	0.02278	0.01690	0.02425	0.01396	0.01837	0.01176	0.00661	0.00735	0.00220	0.00882	0.00661	0.00367	0.01176
31	0.00904	0.00646	0.00861	0.01034	0.01077	0.00603	0.00689	0.01034	0.01421	0.01895	0.04092	0.73426	0.04910	0.02326	0.00948	0.00301	0.00431	0.02110	0.00689	0.00603
32	0.01528	0.01490	0.02396	0.13009	0.20621	0.04252	0.12826	0.01965	0.03512	0.02188	0.02570	0.11294	0.08657	0.01141	0.00887	0.00256	0.03562	0.06474	0.00470	0.00903
33	0.01501	0.03753	0.66956	0.02164	0.03245	0.01731	0.05764	0.02352	0.01576	0.02352	0.01340	0.01588	0.00949	0.00702	0.00713	0.00236	0.01104	0.00564	0.00316	0.01093
34	0.01196	0.00854	0.01196	0.01367	0.01538	0.00854	0.01196	0.01538	0.01709	0.02222	0.03931	0.08374	0.04272	0.02051	0.01025	0.00342	0.00684	0.64283	0.00684	0.00684
35	0.01985	0.74357	0.03890	0.01270	0.01905	0.02937	0.01270	0.02223	0.01508	0.01747	0.01032	0.01191	0.00953	0.00635	0.00476	0.00159	0.00794	0.00397	0.00318	0.00953
36	0.01918	0.11301	0.31085	0.02016	0.05177	0.08130	0.06228	0.10318	0.03726	0.04905	0.01532	0.04123	0.01212	0.00819	0.00785	0.00228	0.04378	0.00639	0.00426	0.01053
37	0.01131	0.00791	0.00934	0.00878	0.01116	0.00694	0.00666	0.01403	0.01917	0.07198	0.36358	0.06062	0.34847	0.01641	0.00867	0.00241	0.00382	0.01403	0.00766	0.00706
38	0.00941	0.00756	0.00849	0.00831	0.01052	0.00665	0.00625	0.01183	0.01794	0.02293	0.26306	0.06431	0.46290	0.01956	0.04460	0.00294	0.00450	0.01458	0.00714	0.00651
39	0.14773	0.04780	0.05134	0.05259	0.28774	0.01637	0.05981	0.04312	0.01648	0.08699	0.01637	0.04860	0.01361	0.01178	0.06572	0.00309	0.00913	0.00696	0.00456	0.01020
40	0.01737	0.01893	0.07036	0.08696	0.19425	0.09109	0.09640	0.02506	0.14878	0.02330	0.01859	0.04415	0.01539	0.01437	0.09857	0.00359	0.01071	0.00759	0.00455	0.00999
41	0.00881	0.00736	0.00768	0.00794	0.01014	0.00623	0.00582	0.01061	0.01652	0.01989	0.07015	0.16906	0.59543	0.01946	0.00888	0.00258	0.00384	0.01647	0.00689	0.00623
42	0.01640	0.01451	0.03821	0.01700	0.05199	0.04468	0.05174	0.05160	0.12330	0.06295	0.07130	0.09382	0.02293	0.02177	0.16894	0.00472	0.12059	0.00916	0.00544	0.00896
43	0.01680	0.06729	0.17396	0.09948	0.09613	0.04607	0.03779	0.04152	0.10597	0.04193	0.02026	0.07970	0.03761	0.03130	0.00974	0.00258	0.06947	0.00804	0.00463	0.00974
44	0.02084	0.01821	0.05723	0.04560	0.16559	0.06893	0.04833	0.12312	0.04433	0.11475	0.03843	0.02132	0.01519	0.01407	0.08883	0.00346	0.08908	0.00707	0.00523	0.01040
45	0.01268	0.00963	0.01314	0.01526	0.11182	0.00896	0.00982	0.01531	0.01667	0.04650	0.16141	0.13427	0.13526	0.10604	0.01220	0.00310	0.00564	0.10771	0.00624	0.06834
46	0.02018	0.07005	0.02575	0.07980	0.10516	0.12851	0.12204	0.15194	0.02021	0.02568	0.01651	0.07286	0.01466	0.04525	0.00964	0.00251	0.03954	0.00773	0.00470	0.03729
47	0.04087	0.05265	0.10513	0.04255	0.12115	0.01490	0.07331	0.04314	0.06774	0.05361	0.02071	0.09152	0.01939	0.12275	0.05169	0.00370	0.03138	0.02995	0.00482	0.00904
48	0.01486	0.03753	0.06850	0.05069	0.03893	0.01157	0.05693	0.01675	0.06079	0.04053	0.01680	0.07403	0.01560	0.01774	0.01865	0.38050	0.03741	0.00767	0.00409	0.03043
49	0.07896	0.08933	0.05300	0.04689	0.02327	0.42285	0.01441	0.11432	0.02099	0.02333	0.01264	0.01474	0.01022	0.00943	0.03297	0.00238	0.01167	0.00515	0.00427	0.00921

[dist]
# distance from previous block
# <min> <max>
0	7

[block]
# block no. 9 follows, 27 sequences, length 39
# corresponding to MSA columns:
# 501-539
name=unknown_J
#
# <colnr> <probs for GDERKNQSTAVLIFYWHMCP>
#	G	D	E	R	K	N	Q	S	T	A	V	L	I	F	Y	W	H	M	C	P
0	0.05598	0.04273	0.02037	0.01578	0.02042	0.01776	0.06363	0.21754	0.16740	0.08179	0.09088	0.02472	0.02103	0.01235	0.05053	0.00290	0.04242	0.00776	0.00657	0.03745
1	0.00948	0.00693	0.00909	0.01020	0.01114	0.00654	0.00720	0.01134	0.01542	0.02064	0.13538	0.49403	0.10981	0.02383	0.05866	0.00352	0.00536	0.04829	0.00687	0.00627
2	0.00949	0.00665	0.00848	0.00977	0.01009	0.00632	0.00629	0.01045	0.01335	0.01780	0.03650	0.56133	0.04352	0.20379	0.01662	0.00407	0.00504	0.01850	0.00629	0.00564
3	0.01048	0.00750	0.00917	0.00953	0.01122	0.00678	0.00704	0.01268	0.01705	0.04538	0.20414	0.25351	0.25323	0.04689	0.01018	0.00287	0.00436	0.07424	0.00718	0.00658
4	0.00982	0.00735	0.00912	0.00912	0.01078	0.00664	0.00667	0.01252	0.01874	0.02542	0.42107	0.19241	0.20789	0.01759	0.00890	0.00251	0.00372	0.01545	0.00763	0.00664
5	0.01606	0.01176	0.01237	0.01143	0.01447	0.01305	0.00880	0.02882	0.36814	0.02962	0.07421	0.02964	0.02455	0.00986	0.00670	0.00219	0.00474	0.00816	0.31594	0.00949
6	0.64498	0.01495	0.01270	0.01087	0.01570	0.01693	0.00896	0.09647	0.01585	0.08719	0.01268	0.01376	0.00938	0.00730	0.00514	0.00229	0.00606	0.00459	0.00528	0.00892
7	0.01985	0.74357	0.03890	0.01270	0.01905	0.02937	0.01270	0.02223	0.01508	0.01747	0.01032	0.01191	0.00953	0.00635	0.00476	0.00159	0.00794	0.00397	0.00318	0.00953
8	0.01624	0.01624	0.02274	0.01949	0.01949	0.02274	0.01624	0.01787	0.01137	0.01787	0.00975	0.01624	0.00975	0.01299	0.02436	0.00325	0.72552	0.00650	0.00325	0.00812
9	0.79154	0.01436	0.01091	0.00976	0.01436	0.01665	0.00804	0.02182	0.01263	0.03331	0.01034	0.01206	0.00804	0.00689	0.00459	0.00230	0.00574	0.00402	0.00459	0.00804
10	0.01196	0.00854	0.01196	0.01367	0.01538	0.00854	0.01196	0.01538	0.01709	0.02222	0.03931	0.08374	0.04272	0.02051	0.01025	0.00342	0.00684	0.64283	0.00684	0.00684
11	0.01817	0.01561	0.02582	0.26344	0.37153	0.01700	0.02051	0.02242	0.01624	0.08441	0.01483	0.01933	0.01162	0.00757	0.00858	0.00238	0.05942	0.00668	0.00403	0.01043
12	0.02138	0.56632	0.05804	0.01438	0.02035	0.17561	0.01357	0.02387	0.01639	0.01783	0.01067	0.01236	0.00953	0.00666	0.00526	0.00168	0.00922	0.00420	0.00331	0.00938
13	0.19560	0.01746	0.01825	0.01456	0.01980	0.01907	0.01191	0.40901	0.02702	0.11435	0.01908	0.06784	0.01482	0.00951	0.00695	0.00231	0.00716	0.00720	0.00696	0.01115
14	0.79154	0.01436	0.01091	0.00976	0.01436	0.01665	0.00804	0.02182	0.01263	0.03331	0.01034	0.01206	0.00804	0.00689	0.00459	0.00230	0.00574	0.00402	0.00459	0.00804
15	0.64990	0.01555	0.01302	0.01112	0.01596	0.01784	0.00917	0.14173	0.01677	0.03581	0.01173	0.01313	0.00889	0.00727	0.00512	0.00228	0.00619	0.00451	0.00512	0.00889
16	0.01624	0.01624	0.02274	0.01949	0.01949	0.02274	0.01624	0.01787	0.01137	0.01787	0.00975	0.01624	0.00975	0.01299	0.02436	0.00325	0.72552	0.00650	0.00325	0.00812
17	0.74119	0.01478	0.01166	0.01025	0.01493	0.01707	0.00844	0.06445	0.01410	0.03420	0.01083	0.01244	0.00834	0.00702	0.00478	0.00229	0.00590	0.00420	0.00478	0.00834
18	0.79154	0.01436	0.01091	0.00976	0.01436	0.01665	0.00804	0.02182	0.01263	0.03331	0.01034	0.01206	0.00804	0.00689	0.00459	0.00230	0.00574	0.00402	0.00459	0.00804
19	0.02812	0.01944	0.01962	0.01570	0.02096	0.11488	0.01268	0.31403	0.07414	0.23470	0.05331	0.02192	0.01737	0.00920	0.00741	0.00223	0.00797	0.00709	0.00749	0.01173
20	0.02077	0.04861	0.05200	0.01579	0.02083	0.01999	0.01313	0.19403	0.45968	0.03403	0.02549	0.02401	0.01898	0.00948	0.00738	0.00240	0.00678	0.00764	0.00713	0.01184
21	0.01317	0.03888	0.04401	0.01389	0.04845	0.01100	0.03704	0.01652	0.03963	0.02093	0.02551	0.19322	0.06300	0.08292	0.07420	0.00348	0.03228	0.01046	0.00503	0.22637
