[name]
unknown

[dist]
# distance from previous block
# <min> <max>
5	64

[block]
# block no. 0 follows, 29 sequences, length 8
# corresponding to MSA columns:
# 79-86
name=unknown_A
#
# <colnr> <probs for GDERKNQSTAVLIFYWHMCP>
#	G	D	E	R	K	N	Q	S	T	A	V	L	I	F	Y	W	H	M	C	P
0	0.02073	0.16852	0.05181	0.11906	0.02769	0.17889	0.12422	0.13801	0.06109	0.02398	0.01380	0.01613	0.01075	0.00717	0.00666	0.00204	0.00980	0.00586	0.00426	0.00954
1	0.01061	0.00770	0.01037	0.01157	0.01311	0.00746	0.00960	0.01348	0.01649	0.02164	0.12905	0.16919	0.10660	0.01921	0.00941	0.00301	0.00552	0.42284	0.00674	0.00642
2	0.01129	0.00829	0.01165	0.05298	0.01612	0.00838	0.01130	0.01452	0.01632	0.02124	0.06645	0.10033	0.06822	0.01878	0.00953	0.00313	0.00637	0.54209	0.00643	0.00659
3	0.02731	0.03105	0.01969	0.01759	0.02151	0.62703	0.01332	0.02926	0.02021	0.10920	0.01327	0.01435	0.01029	0.00753	0.00652	0.00188	0.01194	0.00493	0.00435	0.00877
4	0.07695	0.02010	0.02022	0.01592	0.02129	0.06544	0.01301	0.55301	0.07650	0.04126	0.01706	0.01712	0.01230	0.00842	0.00691	0.00214	0.00785	0.00624	0.00674	0.01152
5	0.00961	0.00680	0.00858	0.00965	0.01028	0.00652	0.00668	0.01087	0.01333	0.01752	0.03641	0.38767	0.08467	0.23023	0.01696	0.00407	0.00530	0.12340	0.00594	0.00551
6	0.01010	0.00696	0.00836	0.00891	0.00933	0.00683	0.00582	0.01088	0.01211	0.01596	0.03010	0.18801	0.06280	0.47254	0.02599	0.00541	0.00617	0.10355	0.00518	0.00499
7	0.02192	0.01670	0.01882	0.06168	0.02142	0.06089	0.01248	0.22528	0.06262	0.12631	0.01667	0.01781	0.01240	0.00825	0.00882	0.00204	0.10383	0.00597	0.00570	0.19039

[dist]
# distance from previous block
# <min> <max>
0	2

[block]
# block no. 1 follows, 29 sequences, length 7
# corresponding to MSA columns:
# 89-95
name=unknown_B
#
# <colnr> <probs for GDERKNQSTAVLIFYWHMCP>
#	G	D	E	R	K	N	Q	S	T	A	V	L	I	F	Y	W	H	M	C	P
0	0.01583	0.01329	0.01534	0.01105	0.01733	0.01058	0.00888	0.07537	0.01639	0.02508	0.01304	0.01497	0.01068	0.00556	0.00543	0.00115	0.00550	0.00441	0.00447	0.72567
1	0.01033	0.00700	0.00825	0.00825	0.00842	0.00717	0.00492	0.01067	0.01050	0.01417	0.02199	0.04413	0.02482	0.65759	0.12694	0.00750	0.00851	0.00999	0.00425	0.00459
2	0.38818	0.05534	0.01924	0.01473	0.01960	0.08435	0.11850	0.06667	0.01618	0.08525	0.01463	0.01900	0.01180	0.00775	0.00604	0.00223	0.00765	0.04929	0.00483	0.00873
3	0.04915	0.07082	0.01562	0.01369	0.01634	0.01114	0.05609	0.03878	0.01655	0.02212	0.03379	0.08706	0.07046	0.01664	0.00886	0.00292	0.00676	0.45004	0.00599	0.00716
4	0.06368	0.00930	0.01374	0.01274	0.01480	0.00910	0.09655	0.01417	0.01479	0.02070	0.09597	0.15980	0.06971	0.17466	0.01466	0.00367	0.00644	0.19343	0.00567	0.00642
5	0.34644	0.01414	0.01365	0.03887	0.01701	0.05314	0.00989	0.08635	0.05184	0.13676	0.01872	0.02560	0.01568	0.05833	0.00822	0.00263	0.00660	0.08177	0.00567	0.00869
6	0.22712	0.01480	0.03641	0.01342	0.01798	0.07130	0.08675	0.01932	0.01535	0.04453	0.02408	0.03152	0.10601	0.00989	0.00670	0.00217	0.00690	0.10443	0.00492	0.15639

[dist]
# distance from previous block
# <min> <max>
35	71

[block]
# block no. 2 follows, 29 sequences, length 8
# corresponding to MSA columns:
# 177-184
name=unknown_C
#
# <colnr> <probs for GDERKNQSTAVLIFYWHMCP>
#	G	D	E	R	K	N	Q	S	T	A	V	L	I	F	Y	W	H	M	C	P
0	0.36928	0.01133	0.01031	0.00911	0.01263	0.01235	0.00732	0.07223	0.01556	0.08513	0.01716	0.01889	0.01298	0.00760	0.00506	0.00198	0.00488	0.00541	0.31281	0.00799
1	0.01972	0.01715	0.02035	0.01715	0.01917	0.08521	0.01406	0.08144	0.05933	0.10398	0.01385	0.01718	0.01142	0.01074	0.01664	0.00267	0.44041	0.00625	0.00452	0.03877
2	0.08979	0.01566	0.01698	0.01403	0.01836	0.01727	0.01157	0.42229	0.02585	0.03665	0.01963	0.02592	0.01621	0.01386	0.07389	0.00310	0.00812	0.08276	0.07799	0.01004
3	0.01255	0.00911	0.01107	0.01062	0.01198	0.00987	0.00766	0.07645	0.06794	0.01942	0.02284	0.03989	0.02329	0.36010	0.22313	0.00707	0.01031	0.06545	0.00487	0.00638
4	0.02090	0.01511	0.01628	0.01361	0.01775	0.01664	0.01106	0.35563	0.15149	0.03592	0.02254	0.02669	0.01788	0.00972	0.00693	0.00219	0.00633	0.06616	0.17693	0.01026
5	0.02360	0.01829	0.02168	0.01707	0.02234	0.02000	0.07236	0.47943	0.12288	0.03891	0.02017	0.02367	0.01565	0.00937	0.00747	0.00229	0.00780	0.05891	0.00678	0.01132
6	0.02460	0.01899	0.02233	0.05514	0.05314	0.02094	0.04939	0.52800	0.08832	0.04009	0.01760	0.01815	0.01271	0.00834	0.00720	0.00219	0.00798	0.00665	0.00659	0.01165
7	0.02251	0.01768	0.01880	0.01546	0.02035	0.01995	0.01243	0.36811	0.35438	0.03753	0.02288	0.02171	0.01680	0.00909	0.00718	0.00227	0.00676	0.00721	0.00718	0.01170

[dist]
# distance from previous block
# <min> <max>
11	20

[block]
# block no. 3 follows, 29 sequences, length 10
# corresponding to MSA columns:
# 220-229
name=unknown_D
#
# <colnr> <probs for GDERKNQSTAVLIFYWHMCP>
#	G	D	E	R	K	N	Q	S	T	A	V	L	I	F	Y	W	H	M	C	P
0	0.00954	0.00720	0.00881	0.00853	0.01034	0.00647	0.00635	0.01235	0.01871	0.02541	0.49123	0.09678	0.24029	0.01595	0.00844	0.00232	0.00347	0.01389	0.00743	0.00647
1	0.01020	0.00754	0.01097	0.01097	0.01208	0.00865	0.00832	0.01241	0.01130	0.01618	0.01950	0.03035	0.01883	0.14226	0.63409	0.01086	0.01752	0.00798	0.00388	0.00610
2	0.01830	0.01880	0.03648	0.03130	0.18315	0.01829	0.44895	0.10666	0.01880	0.02573	0.01453	0.01859	0.01108	0.00640	0.00794	0.00230	0.01069	0.00769	0.00403	0.01029
3	0.02631	0.01828	0.16938	0.01462	0.02105	0.01308	0.01413	0.11347	0.02087	0.43889	0.05865	0.02283	0.01764	0.00863	0.00713	0.00221	0.00712	0.00695	0.00727	0.01148
4	0.02132	0.01679	0.01805	0.01521	0.01979	0.01890	0.01227	0.31688	0.35387	0.03573	0.02446	0.02650	0.01899	0.00993	0.00739	0.00236	0.00666	0.05648	0.00714	0.01128
5	0.02198	0.01679	0.02051	0.04268	0.05795	0.01825	0.05025	0.38031	0.11159	0.05492	0.02173	0.02885	0.01791	0.01017	0.00764	0.00238	0.00762	0.11109	0.00658	0.01078
6	0.02644	0.01963	0.02101	0.01626	0.02184	0.02179	0.01338	0.63821	0.07788	0.04386	0.01790	0.01773	0.01276	0.00862	0.00713	0.00216	0.00769	0.00652	0.00713	0.01205
7	0.01740	0.01459	0.01563	0.01391	0.01775	0.01660	0.01084	0.08217	0.55581	0.03074	0.11614	0.02935	0.02697	0.01022	0.00739	0.00237	0.00550	0.00856	0.00731	0.01074
8	0.01503	0.01418	0.02354	0.47030	0.26154	0.01628	0.02001	0.02042	0.05038	0.02045	0.01375	0.01894	0.01072	0.00700	0.00710	0.00229	0.00895	0.00642	0.00350	0.00919
9	0.01769	0.01404	0.01696	0.01430	0.01841	0.01502	0.06289	0.13367	0.31304	0.06784	0.08803	0.03477	0.12776	0.01117	0.00767	0.00237	0.00605	0.03138	0.00696	0.00998

[dist]
# distance from previous block
# <min> <max>
0	1

[block]
# block no. 4 follows, 29 sequences, length 44
# corresponding to MSA columns:
# 231-263,269-279
name=unknown_E
#
# <colnr> <probs for GDERKNQSTAVLIFYWHMCP>
#	G	D	E	R	K	N	Q	S	T	A	V	L	I	F	Y	W	H	M	C	P
0	0.01431	0.01213	0.01426	0.01039	0.01627	0.00922	0.00827	0.01749	0.01529	0.02372	0.07965	0.01850	0.01605	0.00618	0.00558	0.00117	0.00509	0.00506	0.00457	0.71679
1	0.69022	0.01663	0.01184	0.01064	0.01494	0.11611	0.00857	0.02200	0.01326	0.02989	0.01007	0.01175	0.00792	0.00671	0.00469	0.00215	0.00655	0.00396	0.00430	0.00779
2	0.80005	0.01377	0.01047	0.00936	0.01377	0.01597	0.00771	0.02093	0.01212	0.03195	0.00991	0.01157	0.00771	0.00661	0.00441	0.00220	0.00551	0.00386	0.00441	0.00771
3	0.00933	0.00722	0.00850	0.00825	0.01020	0.00639	0.00616	0.01196	0.01828	0.02428	0.41379	0.08194	0.33549	0.01628	0.00843	0.00233	0.00349	0.01402	0.00728	0.00639
4	0.01628	0.01555	0.02648	0.26499	0.49454	0.01657	0.02119	0.02068	0.01558	0.02163	0.01316	0.01806	0.01071	0.00659	0.00707	0.00220	0.00879	0.00634	0.00341	0.01020
5	0.01428	0.03683	0.71286	0.02030	0.03082	0.01654	0.02631	0.02255	0.01503	0.02255	0.01278	0.01503	0.00902	0.00677	0.00677	0.00226	0.01052	0.00526	0.00301	0.01052
6	0.01771	0.01530	0.01610	0.01449	0.01852	0.01771	0.01127	0.03784	0.69247	0.02979	0.02898	0.02657	0.02174	0.00966	0.00725	0.00242	0.00564	0.00805	0.00725	0.01127
7	0.01579	0.01577	0.02895	0.31175	0.29302	0.01674	0.17258	0.02063	0.01557	0.02116	0.01334	0.01852	0.01047	0.00657	0.00739	0.00228	0.00968	0.00681	0.00340	0.00957
8	0.01691	0.01760	0.06403	0.16894	0.50018	0.03555	0.02106	0.02203	0.04329	0.02239	0.01379	0.01797	0.01119	0.00667	0.00704	0.00218	0.00877	0.00630	0.00358	0.01053
9	0.01914	0.01534	0.01642	0.01448	0.01869	0.01748	0.01134	0.07273	0.61306	0.07463	0.02828	0.02590	0.02095	0.00955	0.00723	0.00239	0.00578	0.00790	0.00734	0.01137
10	0.00993	0.00727	0.00934	0.00906	0.01075	0.00669	0.00684	0.01304	0.01928	0.02679	0.57496	0.08711	0.12665	0.01552	0.00851	0.00234	0.00359	0.04814	0.00760	0.00660
11	0.01831	0.01735	0.11255	0.01784	0.02316	0.01502	0.18819	0.11577	0.07608	0.09109	0.01895	0.02129	0.01415	0.01029	0.04648	0.00270	0.03261	0.00710	0.16146	0.00963
12	0.01904	0.75404	0.03731	0.01218	0.01828	0.02818	0.01218	0.02132	0.01447	0.01675	0.00990	0.01142	0.00914	0.00609	0.00457	0.00152	0.00761	0.00381	0.00305	0.00914
13	0.02595	0.01939	0.02074	0.01616	0.02166	0.02156	0.01326	0.60481	0.11207	0.04308	0.01851	0.01823	0.01326	0.00868	0.00714	0.00217	0.00757	0.00661	0.00714	0.01201
14	0.01349	0.01228	0.01945	0.57381	0.04148	0.01493	0.01750	0.01956	0.08079	0.02036	0.07694	0.02484	0.01691	0.00845	0.00734	0.00240	0.00847	0.02881	0.00409	0.00808
15	0.02086	0.01775	0.01807	0.03904	0.02079	0.06371	0.01237	0.22373	0.43565	0.03300	0.02384	0.02269	0.01773	0.00911	0.00715	0.00230	0.00686	0.00730	0.00685	0.01121
16	0.80005	0.01377	0.01047	0.00936	0.01377	0.01597	0.00771	0.02093	0.01212	0.03195	0.00991	0.01157	0.00771	0.00661	0.00441	0.00220	0.00551	0.00386	0.00441	0.00771
17	0.01458	0.01199	0.01345	0.01255	0.01553	0.01322	0.00971	0.02765	0.41425	0.02819	0.22316	0.07901	0.03755	0.01248	0.00786	0.00245	0.00496	0.05477	0.00733	0.00933
18	0.01687	0.01615	0.02754	0.16769	0.58723	0.01672	0.02148	0.02119	0.01586	0.02235	0.01326	0.01787	0.01096	0.00648	0.00706	0.00216	0.00865	0.00634	0.00346	0.01067
19	0.01762	0.01692	0.02890	0.04371	0.70533	0.01692	0.02185	0.02185	0.01621	0.02326	0.01339	0.01762	0.01128	0.00634	0.00705	0.00211	0.00846	0.00634	0.00352	0.01128
20	0.01127	0.00813	0.01119	0.01272	0.01441	0.00805	0.01107	0.01445	0.01638	0.02117	0.04000	0.07953	0.08512	0.01956	0.00974	0.00322	0.00636	0.61454	0.00656	0.00652
21	0.03128	0.01319	0.01719	0.01318	0.01871	0.01206	0.01089	0.12348	0.02218	0.61895	0.02658	0.02326	0.01687	0.00878	0.00716	0.00219	0.00630	0.00706	0.00858	0.01212
22	0.00842	0.00721	0.00721	0.00721	0.00962	0.00601	0.00541	0.01022	0.01623	0.01924	0.07213	0.06853	0.70244	0.01803	0.00842	0.00240	0.00361	0.01503	0.00661	0.00601
23	0.76821	0.01471	0.03893	0.00981	0.01446	0.01600	0.00847	0.02100	0.01224	0.03157	0.01003	0.01171	0.00776	0.00662	0.00450	0.00221	0.00571	0.00391	0.00435	0.00783
24	0.01558	0.01558	0.02181	0.01869	0.01869	0.02181	0.01558	0.01714	0.01091	0.01714	0.00935	0.01558	0.00935	0.01246	0.02337	0.00312	0.73672	0.00623	0.00312	0.00779
25	0.01558	0.01558	0.02181	0.01869	0.01869	0.02181	0.01558	0.01714	0.01091	0.01714	0.00935	0.01558	0.00935	0.01246	0.02337	0.00312	0.73672	0.00623	0.00312	0.00779
26	0.01070	0.00769	0.00812	0.00774	0.01045	0.00644	0.00590	0.01260	0.01663	0.08643	0.06785	0.06422	0.63585	0.01714	0.00829	0.00238	0.00385	0.01426	0.00683	0.00661
27	0.67356	0.08619	0.01342	0.00999	0.01443	0.03925	0.00838	0.02094	0.01258	0.02950	0.01025	0.01213	0.00823	0.00813	0.02815	0.00243	0.00639	0.00400	0.00423	0.00782
28	0.09226	0.25243	0.40860	0.01719	0.02562	0.02010	0.04943	0.02203	0.01466	0.02171	0.01170	0.01378	0.00901	0.00651	0.00594	0.00203	0.00922	0.00482	0.00318	0.00979
29	0.01345	0.01266	0.02136	0.73264	0.04904	0.01582	0.01978	0.01819	0.01424	0.01819	0.01266	0.01898	0.00949	0.00712	0.00712	0.00237	0.00949	0.00633	0.00316	0.00791
30	0.09878	0.01302	0.01647	0.01274	0.01817	0.01208	0.01052	0.09640	0.02093	0.58612	0.02543	0.02243	0.01622	0.00859	0.00692	0.00220	0.00618	0.00680	0.00826	0.01173
31	0.01537	0.01529	0.02177	0.08812	0.02165	0.02123	0.01599	0.01724	0.01123	0.01724	0.00967	0.01591	0.00936	0.01194	0.02179	0.00304	0.66600	0.00624	0.00312	0.00780
32	0.00875	0.00723	0.00767	0.00756	0.00982	0.00615	0.00567	0.01086	0.01701	0.02109	0.19740	0.06548	0.57603	0.01734	0.00841	0.00237	0.00356	0.01460	0.00686	0.00615
33	0.00877	0.00718	0.00810	0.03252	0.01119	0.00635	0.00626	0.01066	0.01588	0.01967	0.11004	0.21519	0.48654	0.01835	0.00852	0.00250	0.00390	0.01572	0.00659	0.00608
34	0.01428	0.03683	0.71286	0.02030	0.03082	0.01654	0.02631	0.02255	0.01503	0.02255	0.01278	0.01503	0.00902	0.00677	0.00677	0.00226	0.01052	0.00526	0.00301	0.01052
35	0.01523	0.01450	0.02447	0.42615	0.31765	0.01647	0.02049	0.01966	0.01494	0.02024	0.01285	0.01831	0.01022	0.00698	0.00762	0.00229	0.03298	0.00633	0.00331	0.00929
36	0.01442	0.03587	0.67628	0.02083	0.03117	0.01662	0.06192	0.02256	0.01513	0.02256	0.01287	0.01526	0.00912	0.00672	0.00685	0.00226	0.01060	0.00543	0.00304	0.01047
37	0.01660	0.01839	0.03829	0.06818	0.09309	0.01808	0.53882	0.02206	0.01618	0.02218	0.01385	0.01879	0.01067	0.00657	0.00933	0.00243	0.06549	0.00796	0.00354	0.00952
38	0.02529	0.15898	0.02315	0.01727	0.02136	0.60083	0.01348	0.02720	0.01919	0.01731	0.01081	0.01259	0.00917	0.00712	0.00610	0.00178	0.01193	0.00445	0.00356	0.00841
39	0.00998	0.00746	0.00958	0.01011	0.01161	0.00720	0.00772	0.01301	0.03869	0.02201	0.22251	0.23624	0.15316	0.02129	0.07076	0.00344	0.00564	0.13642	0.00671	0.00645
40	0.01630	0.01738	0.04252	0.15768	0.02518	0.12433	0.03443	0.04070	0.01411	0.01854	0.01240	0.01806	0.01090	0.01704	0.13385	0.00410	0.29482	0.00627	0.00347	0.00793
41	0.06563	0.01972	0.01894	0.01562	0.02047	0.10098	0.01252	0.36273	0.24365	0.03614	0.01985	0.01937	0.01464	0.00866	0.00694	0.00220	0.00758	0.00659	0.00662	0.01116
42	0.75798	0.05365	0.01191	0.00952	0.01401	0.01663	0.00795	0.02095	0.01224	0.03113	0.00991	0.01156	0.00779	0.00658	0.00442	0.00217	0.00562	0.00385	0.00433	0.00779
43	0.01671	0.31582	0.23959	0.01933	0.02690	0.02123	0.19699	0.02183	0.01546	0.02052	0.03494	0.01600	0.01148	0.00655	0.00639	0.00200	0.00953	0.00579	0.00334	0.00960

[dist]
# distance from previous block
# <min> <max>
0	1

[block]
# block no. 5 follows, 29 sequences, length 11
# corresponding to MSA columns:
# 298-308
name=unknown_F
#
# <colnr> <probs for GDERKNQSTAVLIFYWHMCP>
#	G	D	E	R	K	N	Q	S	T	A	V	L	I	F	Y	W	H	M	C	P
0	0.01428	0.03683	0.71286	0.02030	0.03082	0.01654	0.02631	0.02255	0.01503	0.02255	0.01278	0.01503	0.00902	0.00677	0.00677	0.00226	0.01052	0.00526	0.00301	0.01052
1	0.01466	0.03421	0.61315	0.02174	0.03177	0.01676	0.12339	0.02259	0.01530	0.02259	0.01302	0.01565	0.00929	0.00665	0.00701	0.00228	0.01074	0.00573	0.00310	0.01039
2	0.01371	0.01301	0.02141	0.64579	0.04535	0.01655	0.01926	0.01806	0.01383	0.01806	0.01225	0.01857	0.00947	0.00777	0.00910	0.00246	0.09795	0.00632	0.00316	0.00790
3	0.01581	0.02525	0.28073	0.02569	0.03354	0.01776	0.39611	0.02229	0.01573	0.02229	0.01345	0.01744	0.01006	0.00676	0.00893	0.00240	0.06548	0.00712	0.00335	0.00980
4	0.01650	0.37174	0.39740	0.01651	0.02496	0.02197	0.01971	0.02198	0.01477	0.01984	0.01143	0.01335	0.00908	0.00645	0.00574	0.00191	0.00917	0.00458	0.00303	0.00988
5	0.00990	0.00678	0.00822	0.00865	0.00887	0.00679	0.00532	0.01045	0.01131	0.01519	0.02654	0.22776	0.03073	0.49812	0.08942	0.00625	0.00725	0.01270	0.00487	0.00488
6	0.00858	0.00722	0.00744	0.00739	0.00972	0.00608	0.00554	0.01054	0.01662	0.02016	0.13468	0.06700	0.63933	0.01769	0.00841	0.00239	0.00358	0.01481	0.00673	0.00608
7	0.02660	0.03394	0.02018	0.01834	0.02201	0.72116	0.01376	0.02843	0.02018	0.01743	0.01101	0.01284	0.00917	0.00734	0.00642	0.00183	0.01284	0.00459	0.00367	0.00825
8	0.00864	0.00632	0.00813	0.00958	0.01024	0.00581	0.00646	0.00995	0.01396	0.01831	0.04334	0.66093	0.12863	0.02178	0.00900	0.00283	0.00407	0.01959	0.00661	0.00581
9	0.01744	0.51279	0.26455	0.01491	0.02250	0.02426	0.01694	0.02174	0.01466	0.01870	0.01087	0.01264	0.00910	0.00632	0.00531	0.00177	0.00859	0.00430	0.00303	0.00960
10	0.01562	0.23798	0.52339	0.01802	0.02730	0.01980	0.02235	0.02221	0.01488	0.02092	0.01197	0.01402	0.00905	0.00658	0.00615	0.00205	0.00971	0.00485	0.00302	0.01013

[dist]
# distance from previous block
# <min> <max>
0	18

[block]
# block no. 6 follows, 29 sequences, length 19
# corresponding to MSA columns:
# 327-345
name=unknown_G
#
# <colnr> <probs for GDERKNQSTAVLIFYWHMCP>
#	G	D	E	R	K	N	Q	S	T	A	V	L	I	F	Y	W	H	M	C	P
0	0.04923	0.35624	0.33169	0.01608	0.02388	0.07329	0.01832	0.02237	0.01504	0.01997	0.01125	0.01312	0.00903	0.00650	0.00566	0.00189	0.00919	0.00451	0.00313	0.00962
1	0.01526	0.16853	0.56065	0.01920	0.02877	0.01875	0.05046	0.02233	0.01500	0.02149	0.01231	0.01454	0.00912	0.00661	0.00643	0.00213	0.01005	0.00512	0.00304	0.01023
2	0.03080	0.01250	0.01752	0.01516	0.07325	0.01098	0.01138	0.03367	0.02005	0.65520	0.02691	0.02371	0.01712	0.00862	0.00715	0.00220	0.00625	0.00710	0.00839	0.01205
3	0.01509	0.08053	0.61123	0.01918	0.02904	0.01715	0.02409	0.04700	0.01568	0.02305	0.01275	0.01487	0.00922	0.00672	0.00657	0.00215	0.00999	0.00516	0.00322	0.04732
4	0.04957	0.21488	0.20405	0.01702	0.02381	0.02053	0.08163	0.15552	0.08339	0.02654	0.01566	0.01895	0.01251	0.00775	0.00652	0.00212	0.00852	0.03631	0.00453	0.01016
5	0.01036	0.00690	0.00777	0.00777	0.00777	0.00690	0.00431	0.01036	0.01036	0.01381	0.02244	0.04660	0.02589	0.74975	0.03624	0.00690	0.00690	0.01036	0.00431	0.00431
6	0.02287	0.26291	0.07728	0.01703	0.02212	0.41848	0.04290	0.02549	0.01784	0.01782	0.01093	0.01282	0.00922	0.00684	0.00594	0.00179	0.01097	0.00455	0.00342	0.00876
7	0.01652	0.01684	0.02418	0.36835	0.13922	0.10308	0.08844	0.04307	0.01588	0.02014	0.01295	0.01813	0.01027	0.00914	0.03659	0.00267	0.05594	0.00639	0.00349	0.00872
8	0.01428	0.03683	0.71286	0.02030	0.03082	0.01654	0.02631	0.02255	0.01503	0.02255	0.01278	0.01503	0.00902	0.00677	0.00677	0.00226	0.01052	0.00526	0.00301	0.01052
9	0.01148	0.00650	0.00861	0.00861	0.00861	0.00650	0.00536	0.00975	0.00975	0.01300	0.01682	0.03267	0.01834	0.34497	0.03155	0.44569	0.00650	0.00803	0.00363	0.00363
10	0.01575	0.02705	0.36539	0.02209	0.03027	0.01723	0.22329	0.02575	0.15365	0.02410	0.01658	0.01866	0.01216	0.00712	0.00736	0.00233	0.00998	0.00679	0.00405	0.01039
11	0.02120	0.01838	0.04847	0.01922	0.07227	0.04444	0.08250	0.20634	0.25935	0.07853	0.02067	0.02086	0.01531	0.00864	0.00818	0.00231	0.04902	0.00712	0.00614	0.01105
12	0.01561	0.01464	0.02472	0.34821	0.38786	0.01605	0.02030	0.02003	0.01529	0.02113	0.01343	0.01856	0.01075	0.00676	0.00700	0.00221	0.00873	0.00635	0.03276	0.00961
13	0.02333	0.01361	0.01598	0.01348	0.01802	0.01418	0.01073	0.03543	0.38088	0.31464	0.05881	0.02679	0.02206	0.00953	0.00726	0.00232	0.00571	0.00789	0.00793	0.01142
14	0.08225	0.01545	0.07123	0.48294	0.08423	0.01649	0.01844	0.06524	0.05492	0.02251	0.01373	0.01828	0.01031	0.00724	0.00686	0.00232	0.00882	0.00615	0.00379	0.00879
15	0.11886	0.01542	0.01935	0.23888	0.02887	0.04093	0.04736	0.16723	0.06846	0.02750	0.01630	0.02217	0.01324	0.00849	0.00740	0.00228	0.03078	0.05508	0.00487	0.06654
16	0.14520	0.01351	0.01655	0.10801	0.02124	0.01515	0.03277	0.14104	0.08430	0.07781	0.11330	0.02721	0.04107	0.01192	0.04032	0.00277	0.06053	0.03251	0.00580	0.00897
17	0.10567	0.01391	0.04383	0.16677	0.02356	0.04121	0.01278	0.08710	0.01757	0.11334	0.06337	0.06732	0.06219	0.01092	0.00801	0.00240	0.03979	0.08162	0.00554	0.03308
18	0.26481	0.01669	0.10493	0.03333	0.01768	0.05954	0.01150	0.06200	0.04528	0.05181	0.09754	0.02752	0.04750	0.06371	0.00911	0.00264	0.02697	0.04406	0.00516	0.00822

[dist]
# distance from previous block
# <min> <max>
7	54

[block]
# block no. 7 follows, 29 sequences, length 15
# corresponding to MSA columns:
# 411-420,428-432
name=unknown_H
#
# <colnr> <probs for GDERKNQSTAVLIFYWHMCP>
#	G	D	E	R	K	N	Q	S	T	A	V	L	I	F	Y	W	H	M	C	P
0	0.13134	0.01685	0.05836	0.09580	0.02400	0.04568	0.09271	0.13967	0.01794	0.05607	0.03699	0.04896	0.01398	0.01036	0.03482	0.00263	0.10192	0.00684	0.00475	0.06030
1	0.07559	0.01785	0.10412	0.12418	0.05054	0.03707	0.06487	0.11106	0.01812	0.11061	0.04218	0.01863	0.01326	0.00764	0.00765	0.00210	0.04970	0.00616	0.00488	0.13379
2	0.06773	0.01417	0.02380	0.18370	0.02910	0.01528	0.20244	0.01824	0.01446	0.02085	0.01933	0.07129	0.07175	0.00943	0.01002	0.00240	0.12785	0.00822	0.00400	0.08593
3	0.05720	0.01126	0.04331	0.17428	0.02202	0.01106	0.01159	0.07744	0.01609	0.05655	0.02692	0.35256	0.02859	0.01471	0.00791	0.00256	0.00627	0.04055	0.00563	0.03349
4	0.11040	0.01603	0.09179	0.01481	0.02032	0.01377	0.05679	0.06104	0.04435	0.36118	0.02087	0.02041	0.01421	0.00967	0.02999	0.00253	0.05710	0.00651	0.00649	0.04172
5	0.00913	0.00661	0.00882	0.01012	0.01090	0.00630	0.00718	0.01083	0.01434	0.01915	0.08648	0.54990	0.07873	0.02341	0.05762	0.00344	0.00530	0.07925	0.00650	0.00597
6	0.01558	0.01307	0.01500	0.01133	0.01704	0.01101	0.00898	0.06481	0.08762	0.02510	0.01616	0.05678	0.01387	0.00691	0.00582	0.00137	0.00542	0.00566	0.00487	0.61360
7	0.02700	0.09873	0.02075	0.01400	0.01972	0.01726	0.01178	0.30375	0.02475	0.29499	0.02013	0.01900	0.01376	0.00810	0.00670	0.00200	0.00691	0.00622	0.00707	0.07738
8	0.07356	0.01365	0.01369	0.01191	0.01569	0.07308	0.00925	0.10906	0.09248	0.13031	0.03308	0.14313	0.15625	0.01222	0.00729	0.00223	0.00593	0.01006	0.00646	0.08065
9	0.01886	0.01540	0.01980	0.04655	0.02197	0.01549	0.08813	0.15886	0.20364	0.06065	0.04191	0.02086	0.01611	0.00777	0.00682	0.00195	0.00682	0.00670	0.00584	0.23588
10	0.12973	0.03981	0.01704	0.01294	0.01823	0.01538	0.01058	0.16592	0.14052	0.21343	0.02015	0.01934	0.01432	0.00790	0.00638	0.00200	0.00620	0.00608	0.00658	0.14746
11	0.22420	0.01598	0.01663	0.01364	0.01812	0.07566	0.03662	0.11524	0.07018	0.14825	0.03514	0.04266	0.01466	0.00855	0.00746	0.00216	0.05682	0.00634	0.00573	0.08596
12	0.01902	0.01704	0.04556	0.01427	0.01999	0.04567	0.03906	0.21387	0.06286	0.02960	0.03526	0.01746	0.01323	0.00721	0.00690	0.00170	0.03251	0.00566	0.00523	0.36791
13	0.02036	0.01873	0.10413	0.06127	0.02464	0.01701	0.09289	0.24200	0.02148	0.09211	0.01794	0.01953	0.04008	0.00826	0.00851	0.00215	0.07479	0.00660	0.00533	0.12220
14	0.04874	0.01857	0.03944	0.09705	0.02537	0.09331	0.09948	0.19609	0.04661	0.06178	0.01562	0.03920	0.01235	0.00840	0.00878	0.00221	0.08905	0.00663	0.00500	0.08634

[dist]
# distance from previous block
# <min> <max>
1	209

# created by:
# /home/cegg/simao/soft/augustus-3.2.1/scripts/msa2prfl.pl ./align_prep/EOG090W0IUR.fa
