[name]
unknown

[dist]
# distance from previous block
# <min> <max>
0	279

[block]
# block no. 0 follows, 37 sequences, length 28
# corresponding to MSA columns:
# 280-307
name=unknown_A
#
# <colnr> <probs for GDERKNQSTAVLIFYWHMCP>
#	G	D	E	R	K	N	Q	S	T	A	V	L	I	F	Y	W	H	M	C	P
0	0.03502	0.08062	0.05157	0.03152	0.06283	0.15182	0.09362	0.06322	0.03432	0.11446	0.05293	0.04363	0.03296	0.00872	0.00637	0.00197	0.00730	0.11471	0.00458	0.00784
1	0.07289	0.07116	0.04521	0.01535	0.01987	0.26117	0.12264	0.15314	0.03481	0.06787	0.01235	0.01377	0.00943	0.00715	0.02322	0.00191	0.00862	0.00494	0.00406	0.05043
2	0.11934	0.01813	0.19301	0.01375	0.01872	0.06334	0.06501	0.11566	0.08960	0.05689	0.06463	0.01786	0.01384	0.03396	0.03192	0.00227	0.02375	0.00563	0.00430	0.04838
3	0.04125	0.01273	0.06054	0.01549	0.11554	0.04479	0.09193	0.03974	0.04784	0.08124	0.14937	0.02979	0.17069	0.00926	0.00685	0.00192	0.02646	0.00802	0.00487	0.04171
4	0.01296	0.02690	0.52438	0.01822	0.02587	0.05677	0.15337	0.01899	0.01348	0.01896	0.01390	0.03568	0.03978	0.00648	0.00618	0.00196	0.00901	0.00569	0.00293	0.00851
5	0.00746	0.00533	0.00710	0.00852	0.00888	0.00497	0.00568	0.00852	0.01172	0.01563	0.03374	0.78088	0.04049	0.01918	0.00781	0.00249	0.00355	0.01740	0.00568	0.00497
6	0.01753	0.01430	0.01514	0.01292	0.01680	0.01630	0.01025	0.23161	0.53279	0.02933	0.02198	0.02050	0.01631	0.00803	0.00620	0.00201	0.00539	0.00652	0.00620	0.00990
7	0.01532	0.19813	0.42747	0.01574	0.05244	0.01622	0.01741	0.04842	0.04714	0.08847	0.01248	0.01359	0.00916	0.00601	0.00546	0.00179	0.00776	0.00458	0.00339	0.00902
8	0.01948	0.23389	0.06917	0.01220	0.01665	0.01503	0.03941	0.02276	0.04709	0.30441	0.06523	0.01799	0.01464	0.00739	0.00708	0.00183	0.08641	0.00555	0.00502	0.00877
9	0.01228	0.03166	0.75316	0.01745	0.02649	0.01422	0.02262	0.01939	0.01292	0.01939	0.01099	0.01292	0.00775	0.00582	0.00582	0.00194	0.00905	0.00452	0.00258	0.00905
10	0.02576	0.01290	0.01463	0.01165	0.01611	0.09204	0.00944	0.04919	0.08137	0.58605	0.02234	0.01977	0.01454	0.00750	0.00609	0.00187	0.00586	0.00596	0.00693	0.00999
11	0.01445	0.05205	0.58575	0.01755	0.05488	0.01396	0.04426	0.02060	0.01356	0.10815	0.01257	0.01400	0.00879	0.00597	0.00585	0.00191	0.00847	0.00481	0.00323	0.00918
12	0.00825	0.00655	0.01022	0.01031	0.01134	0.00612	0.08177	0.00984	0.01227	0.01646	0.06411	0.66617	0.03798	0.01739	0.00772	0.00242	0.00424	0.01603	0.00546	0.00536
13	0.00874	0.00656	0.00984	0.00984	0.01093	0.00765	0.00765	0.01093	0.00984	0.01421	0.01640	0.02405	0.01530	0.04591	0.76062	0.00984	0.01640	0.00656	0.00328	0.00547
14	0.01637	0.78856	0.03208	0.01047	0.01571	0.02422	0.01047	0.01833	0.01244	0.01440	0.00851	0.00982	0.00786	0.00524	0.00393	0.00131	0.00655	0.00327	0.00262	0.00786
15	0.01156	0.01088	0.01836	0.77016	0.04216	0.01360	0.01700	0.01564	0.01224	0.01564	0.01088	0.01632	0.00816	0.00612	0.00612	0.00204	0.00816	0.00544	0.00272	0.00680
16	0.01445	0.01651	0.03612	0.02580	0.03199	0.01548	0.72446	0.01961	0.01445	0.01961	0.01238	0.01651	0.00929	0.00516	0.00722	0.00206	0.01032	0.00722	0.00310	0.00826
17	0.00724	0.00617	0.00624	0.00629	0.00829	0.00516	0.00469	0.00877	0.01386	0.01650	0.06089	0.08740	0.71643	0.01565	0.00726	0.00208	0.00312	0.01310	0.00568	0.00516
18	0.01156	0.01088	0.01836	0.77016	0.04216	0.01360	0.01700	0.01564	0.01224	0.01564	0.01088	0.01632	0.00816	0.00612	0.00612	0.00204	0.00816	0.00544	0.00272	0.00680
19	0.00746	0.00533	0.00710	0.00852	0.00888	0.00497	0.00568	0.00852	0.01172	0.01563	0.03374	0.78088	0.04049	0.01918	0.00781	0.00249	0.00355	0.01740	0.00568	0.00497
20	0.01063	0.00532	0.00797	0.00797	0.00797	0.00532	0.00532	0.00797	0.00797	0.01063	0.01063	0.01861	0.01063	0.02127	0.02392	0.82190	0.00532	0.00532	0.00266	0.00266
21	0.82811	0.01184	0.00900	0.00805	0.01184	0.01373	0.00663	0.01799	0.01042	0.02746	0.00852	0.00994	0.00663	0.00568	0.00379	0.00189	0.00474	0.00331	0.00379	0.00663
22	0.00763	0.00563	0.00723	0.00813	0.00892	0.00523	0.00563	0.00904	0.01264	0.01676	0.12172	0.54394	0.15063	0.01913	0.04476	0.00272	0.00404	0.01542	0.00569	0.00512
23	0.01363	0.28281	0.51389	0.01513	0.02292	0.01754	0.01859	0.01904	0.01276	0.01773	0.01016	0.01189	0.00779	0.00562	0.00519	0.00173	0.00822	0.00411	0.00260	0.00865
24	0.02390	0.01689	0.01765	0.01370	0.01845	0.06652	0.01124	0.57099	0.02626	0.14830	0.01583	0.01541	0.01098	0.00731	0.00609	0.00183	0.00678	0.00551	0.00615	0.01019
25	0.01445	0.01651	0.03612	0.02580	0.03199	0.01548	0.72446	0.01961	0.01445	0.01961	0.01238	0.01651	0.00929	0.00516	0.00722	0.00206	0.01032	0.00722	0.00310	0.00826
26	0.01438	0.01664	0.13698	0.05388	0.57829	0.01401	0.01867	0.01826	0.01344	0.01932	0.01137	0.01501	0.00940	0.00631	0.00690	0.04227	0.00748	0.00530	0.00293	0.00917
27	0.01292	0.01203	0.01993	0.56109	0.21212	0.01405	0.01721	0.04587	0.01334	0.01765	0.01119	0.01597	0.00863	0.00601	0.00611	0.00198	0.00789	0.00545	0.00294	0.00765

[dist]
# distance from previous block
# <min> <max>
0	10

[block]
# block no. 1 follows, 37 sequences, length 51
# corresponding to MSA columns:
# 318-368
name=unknown_B
#
# <colnr> <probs for GDERKNQSTAVLIFYWHMCP>
#	G	D	E	R	K	N	Q	S	T	A	V	L	I	F	Y	W	H	M	C	P
0	0.00748	0.00538	0.00709	0.00841	0.00886	0.00500	0.00564	0.00861	0.01194	0.01588	0.05187	0.73421	0.06923	0.01887	0.00778	0.00246	0.00352	0.01707	0.00571	0.00500
1	0.03742	0.01108	0.01837	0.71172	0.07435	0.01365	0.01676	0.01586	0.01226	0.01622	0.01084	0.01606	0.00818	0.00607	0.00604	0.00202	0.00801	0.00537	0.00277	0.00693
2	0.02313	0.01475	0.03089	0.01277	0.03377	0.14739	0.01006	0.04591	0.12459	0.42205	0.02119	0.05422	0.01512	0.00790	0.00612	0.00189	0.00631	0.00632	0.00622	0.00940
3	0.02654	0.01190	0.01512	0.01159	0.01636	0.01119	0.00958	0.18279	0.01999	0.59448	0.02207	0.01949	0.01411	0.00753	0.00615	0.00188	0.00554	0.00601	0.00726	0.01042
4	0.01650	0.01696	0.02114	0.18329	0.37812	0.17186	0.01621	0.06046	0.04142	0.01930	0.01162	0.01478	0.00936	0.00599	0.00597	0.00182	0.00813	0.00519	0.00329	0.00859
5	0.00794	0.00623	0.00718	0.00694	0.00870	0.00547	0.00521	0.01015	0.01562	0.02049	0.39811	0.05241	0.40564	0.01403	0.00723	0.00200	0.00300	0.01201	0.00620	0.00547
6	0.00746	0.00533	0.00710	0.00852	0.00888	0.00497	0.00568	0.00852	0.01172	0.01563	0.03374	0.78088	0.04049	0.01918	0.00781	0.00249	0.00355	0.01740	0.00568	0.00497
7	0.00744	0.00583	0.00674	0.00732	0.00860	0.00513	0.00518	0.00888	0.01323	0.01674	0.10052	0.37151	0.38739	0.01688	0.00748	0.00224	0.00328	0.01473	0.00576	0.00513
8	0.01261	0.00824	0.00926	0.00819	0.01091	0.00760	0.00638	0.10498	0.01668	0.13454	0.11784	0.07451	0.43860	0.01306	0.00694	0.00201	0.00389	0.01090	0.00614	0.00672
9	0.79571	0.01205	0.00937	0.00829	0.01213	0.01394	0.00683	0.04651	0.01116	0.02791	0.00877	0.01014	0.00678	0.00575	0.00388	0.00189	0.00482	0.00340	0.00388	0.00678
10	0.00795	0.00585	0.00751	0.00835	0.00930	0.00541	0.00606	0.00965	0.01342	0.01779	0.17272	0.44164	0.15204	0.01706	0.00769	0.00236	0.00361	0.10046	0.00588	0.00524
11	0.06721	0.08481	0.02036	0.08340	0.16314	0.28796	0.04236	0.12720	0.01694	0.02061	0.01095	0.01312	0.00877	0.00612	0.00558	0.00172	0.00847	0.00468	0.01847	0.00814
12	0.79140	0.01208	0.00942	0.00833	0.01216	0.01397	0.00686	0.05030	0.01125	0.02797	0.00880	0.01016	0.00680	0.00576	0.00389	0.00189	0.00483	0.00341	0.00389	0.00680
13	0.00786	0.00566	0.00726	0.00809	0.00866	0.00541	0.00545	0.00901	0.01171	0.01563	0.08328	0.49212	0.09399	0.14186	0.07110	0.00354	0.00486	0.01438	0.00525	0.00488
14	0.80160	0.01189	0.00931	0.00831	0.01198	0.01390	0.00685	0.01789	0.01038	0.02705	0.00851	0.01006	0.00668	0.00585	0.00432	0.00192	0.02976	0.00338	0.00375	0.00663
15	0.02653	0.01191	0.01513	0.01160	0.01637	0.01121	0.00958	0.18449	0.02002	0.59274	0.02205	0.01947	0.01410	0.00753	0.00615	0.00188	0.00555	0.00601	0.00725	0.01042
16	0.01228	0.03166	0.75316	0.01745	0.02649	0.01422	0.02262	0.01939	0.01292	0.01939	0.01099	0.01292	0.00775	0.00582	0.00582	0.00194	0.00905	0.00452	0.00258	0.00905
17	0.00806	0.00638	0.00720	0.00697	0.00874	0.00568	0.00519	0.01046	0.03208	0.01981	0.33402	0.05207	0.42444	0.04212	0.00808	0.00215	0.00316	0.01189	0.00605	0.00547
18	0.02292	0.01013	0.01294	0.01042	0.01444	0.00946	0.00844	0.02769	0.12870	0.52452	0.05765	0.02253	0.01777	0.00787	0.00601	0.00187	0.00479	0.00646	0.09581	0.00957
19	0.01515	0.01454	0.02485	0.03757	0.74669	0.01454	0.01879	0.01879	0.01394	0.02000	0.01151	0.01515	0.00970	0.00545	0.00606	0.00182	0.00727	0.00545	0.00303	0.00970
20	0.02287	0.02917	0.01735	0.01577	0.01892	0.76030	0.01183	0.02444	0.01735	0.01498	0.00946	0.01104	0.00788	0.00631	0.00552	0.00158	0.01104	0.00394	0.00315	0.00710
21	0.00751	0.00621	0.00658	0.00649	0.00844	0.00528	0.00487	0.00932	0.01460	0.01807	0.19259	0.05638	0.61266	0.01493	0.00723	0.00204	0.00306	0.01256	0.00589	0.00528
22	0.00772	0.00632	0.00686	0.00703	0.00884	0.00555	0.00526	0.00980	0.03276	0.01744	0.11506	0.14856	0.54236	0.01559	0.00734	0.00214	0.00331	0.04694	0.00579	0.00534
23	0.00746	0.00533	0.00710	0.00852	0.00888	0.00497	0.00568	0.00852	0.01172	0.01563	0.03374	0.78088	0.04049	0.01918	0.00781	0.00249	0.00355	0.01740	0.00568	0.00497
24	0.02361	0.01328	0.01552	0.01210	0.01660	0.01362	0.00993	0.34463	0.06113	0.33450	0.04375	0.01907	0.01464	0.00766	0.00610	0.00186	0.00571	0.00605	0.04019	0.01003
25	0.82811	0.01184	0.00900	0.00805	0.01184	0.01373	0.00663	0.01799	0.01042	0.02746	0.00852	0.00994	0.00663	0.00568	0.00379	0.00189	0.00474	0.00331	0.00379	0.00663
26	0.00834	0.00624	0.00774	0.00736	0.00895	0.00564	0.00552	0.01093	0.01657	0.02275	0.59021	0.04869	0.21214	0.01319	0.00722	0.00196	0.00294	0.01149	0.00650	0.00564
27	0.01745	0.01830	0.02245	0.03024	0.50467	0.20111	0.01651	0.05754	0.01544	0.01957	0.01107	0.01405	0.00923	0.00592	0.00635	0.00178	0.03103	0.00508	0.00321	0.00900
28	0.02293	0.01395	0.01601	0.01262	0.01705	0.01461	0.01033	0.42662	0.04748	0.25347	0.01959	0.06816	0.01469	0.00845	0.00630	0.00193	0.00597	0.02339	0.00653	0.00992
29	0.00828	0.00611	0.00775	0.00770	0.00905	0.00558	0.00569	0.01066	0.01582	0.02173	0.50752	0.17023	0.15637	0.01417	0.00735	0.00206	0.00309	0.02890	0.00638	0.00555
30	0.01465	0.01235	0.01471	0.01583	0.13897	0.01370	0.01053	0.04763	0.47649	0.02471	0.07095	0.02285	0.01931	0.00797	0.00609	0.00196	0.00500	0.00680	0.08043	0.00908
31	0.00788	0.00572	0.00696	0.00776	0.00840	0.00534	0.00520	0.00886	0.01157	0.01501	0.03552	0.42959	0.16940	0.20516	0.01343	0.00326	0.00415	0.04685	0.00520	0.00473
32	0.01003	0.00780	0.00961	0.01011	0.01105	0.05249	0.02668	0.01131	0.01235	0.04481	0.02902	0.54013	0.03336	0.01706	0.00891	0.04099	0.03566	0.08793	0.00526	0.00544
33	0.01637	0.78856	0.03208	0.01047	0.01571	0.02422	0.01047	0.01833	0.01244	0.01440	0.00851	0.00982	0.00786	0.00524	0.00393	0.00131	0.00655	0.00327	0.00262	0.00786
34	0.01675	0.38758	0.04503	0.01311	0.01663	0.09193	0.01185	0.06389	0.01320	0.03821	0.00939	0.01175	0.00829	0.00722	0.00923	0.00182	0.23913	0.00423	0.00306	0.00771
35	0.17126	0.01585	0.14981	0.22282	0.14153	0.03543	0.04085	0.01850	0.01292	0.07927	0.01271	0.05048	0.01016	0.00658	0.00571	0.00195	0.00722	0.00551	0.00351	0.00791
36	0.01387	0.10593	0.01562	0.01299	0.08130	0.06723	0.02628	0.08777	0.06708	0.04048	0.18290	0.11769	0.07685	0.00983	0.00625	0.00182	0.00532	0.00835	0.00503	0.06741
37	0.01170	0.00710	0.00927	0.00866	0.01050	0.00661	0.00657	0.03965	0.01663	0.12706	0.45940	0.17746	0.04600	0.01300	0.00718	0.00205	0.00357	0.03452	0.00660	0.00646
38	0.01698	0.01419	0.01639	0.03421	0.11026	0.01596	0.01147	0.19004	0.46373	0.02764	0.02052	0.01983	0.01538	0.00767	0.00618	0.00199	0.00567	0.00637	0.00571	0.00979
39	0.01338	0.08291	0.46280	0.03587	0.05708	0.01455	0.11243	0.03651	0.01384	0.03471	0.05181	0.01536	0.01107	0.00609	0.00594	0.00188	0.00835	0.00525	0.00312	0.02706
40	0.01313	0.09869	0.34382	0.03472	0.07370	0.01362	0.03130	0.03081	0.04515	0.05386	0.01757	0.12176	0.04853	0.00844	0.00663	0.00198	0.03747	0.00696	0.00368	0.00818
41	0.01615	0.72673	0.06034	0.01187	0.04621	0.02343	0.01130	0.01839	0.01252	0.01483	0.00873	0.01016	0.00793	0.00527	0.00409	0.00136	0.00668	0.00341	0.00263	0.00798
42	0.01195	0.00822	0.01071	0.06948	0.01324	0.00832	0.03514	0.05921	0.05248	0.08589	0.05806	0.15422	0.08922	0.29835	0.01588	0.00353	0.00543	0.00981	0.00490	0.00595
43	0.05307	0.00799	0.00875	0.00805	0.01017	0.00832	0.00621	0.06515	0.07641	0.08346	0.02148	0.02570	0.04501	0.07102	0.07654	0.00276	0.00515	0.02706	0.39106	0.00662
44	0.02098	0.01629	0.01773	0.04996	0.07784	0.07576	0.01189	0.46745	0.04250	0.07436	0.04357	0.01666	0.01260	0.00870	0.03357	0.00213	0.00725	0.00571	0.00549	0.00954
45	0.01584	0.01861	0.03300	0.02414	0.02982	0.13907	0.60620	0.02041	0.01493	0.01884	0.01190	0.01560	0.00906	0.00535	0.00694	0.00198	0.01044	0.00668	0.00311	0.00806
46	0.00890	0.00593	0.00668	0.00668	0.00668	0.00593	0.00371	0.00890	0.00890	0.01187	0.01929	0.04006	0.02225	0.78487	0.03116	0.00593	0.00593	0.00890	0.00371	0.00371
47	0.00778	0.00546	0.00701	0.00811	0.00838	0.00519	0.00524	0.00861	0.01109	0.01478	0.03049	0.61461	0.03639	0.19103	0.01305	0.00326	0.00409	0.01549	0.00524	0.00469
48	0.01471	0.00767	0.00964	0.00868	0.01124	0.00685	0.00666	0.01718	0.03793	0.26701	0.14885	0.18583	0.20800	0.01265	0.00688	0.00205	0.00392	0.01086	0.02624	0.00716
49	0.01379	0.06076	0.01439	0.00981	0.01476	0.01035	0.00798	0.04465	0.04182	0.03917	0.01182	0.01379	0.00980	0.02115	0.00592	0.00122	0.03989	0.00406	0.00383	0.63103
50	0.01267	0.01261	0.05255	0.41232	0.09041	0.01302	0.07886	0.03935	0.01324	0.01828	0.02703	0.01635	0.00991	0.00613	0.00641	0.00186	0.03304	0.00545	0.03595	0.11456

[dist]
# distance from previous block
# <min> <max>
3	5

[block]
# block no. 2 follows, 37 sequences, length 26
# corresponding to MSA columns:
# 393-418
name=unknown_C
#
# <colnr> <probs for GDERKNQSTAVLIFYWHMCP>
#	G	D	E	R	K	N	Q	S	T	A	V	L	I	F	Y	W	H	M	C	P
0	0.63975	0.03483	0.01155	0.05877	0.03801	0.07481	0.00830	0.01879	0.03089	0.02504	0.00929	0.01095	0.00729	0.00581	0.00422	0.00186	0.00560	0.00367	0.00368	0.00689
1	0.01555	0.01620	0.08680	0.02816	0.45238	0.03831	0.03158	0.08964	0.09368	0.02230	0.04058	0.03122	0.01285	0.00652	0.00615	0.00187	0.00707	0.00596	0.00383	0.00936
2	0.02069	0.02469	0.01787	0.01837	0.12340	0.55261	0.01247	0.05439	0.04035	0.01710	0.01132	0.03166	0.00965	0.00788	0.02977	0.00193	0.01009	0.00474	0.00344	0.00760
3	0.01104	0.01016	0.01662	0.59947	0.06654	0.01216	0.01509	0.01466	0.01248	0.01600	0.01724	0.07213	0.06904	0.00810	0.00641	0.00209	0.00732	0.03356	0.00327	0.00663
4	0.02719	0.01086	0.01448	0.01110	0.01585	0.00966	0.00917	0.07584	0.01826	0.70387	0.02352	0.02043	0.01484	0.00756	0.00615	0.00189	0.00531	0.00611	0.00748	0.01042
5	0.01276	0.02777	0.60934	0.01734	0.02545	0.01358	0.08710	0.01924	0.01353	0.04516	0.06135	0.01577	0.01155	0.00627	0.00606	0.00195	0.00861	0.00528	0.00309	0.00880
6	0.05451	0.01255	0.04735	0.01202	0.01687	0.01115	0.03476	0.13125	0.03348	0.52857	0.03903	0.01969	0.01474	0.00745	0.00611	0.00190	0.00570	0.00606	0.00680	0.01001
7	0.02051	0.01515	0.01638	0.01282	0.01713	0.01653	0.01049	0.59561	0.02647	0.03549	0.10273	0.02123	0.06440	0.00849	0.00632	0.00186	0.00605	0.00665	0.00617	0.00952
8	0.00804	0.00602	0.00807	0.03463	0.01030	0.00591	0.00631	0.00960	0.01286	0.01741	0.17450	0.55255	0.07007	0.01696	0.00804	0.00235	0.03030	0.01513	0.00569	0.00526
9	0.03342	0.01655	0.18886	0.01485	0.01989	0.03584	0.14577	0.04731	0.05537	0.12783	0.02024	0.13928	0.04762	0.00884	0.00646	0.00199	0.00690	0.02176	0.00456	0.05668
10	0.01219	0.01152	0.01950	0.64165	0.16575	0.01377	0.01731	0.01619	0.01254	0.01640	0.01099	0.01611	0.00843	0.00600	0.00611	0.00200	0.00800	0.00544	0.00277	0.00731
11	0.02672	0.01114	0.01459	0.01124	0.01596	0.01013	0.00927	0.09654	0.03859	0.66259	0.02327	0.02030	0.01480	0.00757	0.00615	0.00189	0.00534	0.00612	0.00740	0.01040
12	0.01381	0.01547	0.05406	0.19560	0.12746	0.01489	0.44917	0.01859	0.01383	0.01875	0.01188	0.01617	0.00904	0.00544	0.00678	0.00202	0.00939	0.00650	0.00299	0.00814
13	0.05292	0.03628	0.01697	0.08584	0.01974	0.15523	0.03902	0.11019	0.01764	0.36114	0.01709	0.01675	0.01161	0.00701	0.00624	0.00185	0.02449	0.00543	0.00553	0.00905
14	0.00746	0.00533	0.00710	0.00852	0.00888	0.00497	0.00568	0.00852	0.01172	0.01563	0.03374	0.78088	0.04049	0.01918	0.00781	0.00249	0.00355	0.01740	0.00568	0.00497
15	0.02287	0.02917	0.01735	0.01577	0.01892	0.76030	0.01183	0.02444	0.01735	0.01498	0.00946	0.01104	0.00788	0.00631	0.00552	0.00158	0.01104	0.00394	0.00315	0.00710
16	0.01359	0.01141	0.01318	0.00949	0.01489	0.00908	0.00763	0.07575	0.01406	0.02153	0.01120	0.01286	0.00918	0.00477	0.00467	0.00099	0.00472	0.00379	0.00384	0.75339
17	0.00918	0.00656	0.00908	0.01049	0.01160	0.00646	0.00867	0.01150	0.01342	0.01755	0.03279	0.27178	0.03673	0.01756	0.00827	0.00272	0.00504	0.50952	0.00565	0.00545
18	0.00866	0.00626	0.00818	0.00770	0.00914	0.00578	0.00578	0.01155	0.01733	0.02455	0.74346	0.04572	0.05776	0.01251	0.00722	0.00193	0.00289	0.01107	0.00674	0.00578
19	0.01606	0.19091	0.24718	0.01970	0.16674	0.13704	0.04921	0.02069	0.04534	0.03611	0.01130	0.01318	0.00892	0.00582	0.00550	0.00173	0.00825	0.00461	0.00308	0.00863
20	0.00785	0.00606	0.00716	0.00723	0.00873	0.00538	0.00529	0.00985	0.01491	0.01960	0.33167	0.18475	0.33955	0.01497	0.00733	0.00209	0.00310	0.01299	0.00611	0.00538
21	0.01589	0.01533	0.08768	0.04933	0.13110	0.03260	0.01246	0.21759	0.17820	0.02612	0.08358	0.02316	0.08353	0.00824	0.00629	0.00193	0.00612	0.00684	0.00512	0.00888
22	0.02150	0.00980	0.01266	0.01015	0.01395	0.00899	0.00821	0.08058	0.03418	0.46847	0.18560	0.02714	0.04552	0.00890	0.00636	0.00189	0.00466	0.00740	0.03499	0.00905
23	0.01586	0.53940	0.14539	0.01169	0.01714	0.02045	0.01218	0.01896	0.02821	0.06083	0.01253	0.01354	0.04054	0.00619	0.00516	0.00155	0.03495	0.00423	0.00313	0.00808
24	0.01628	0.06258	0.01631	0.03041	0.05521	0.01550	0.01042	0.14728	0.42674	0.02591	0.01940	0.01884	0.01470	0.00729	0.00585	0.00183	0.00544	0.00594	0.00542	0.10866
25	0.08065	0.08951	0.16048	0.01646	0.09290	0.12492	0.06454	0.12333	0.01609	0.06391	0.01300	0.03882	0.01033	0.00653	0.00558	0.00177	0.00750	0.00521	0.04649	0.03198

[dist]
# distance from previous block
# <min> <max>
0	8

[block]
# block no. 3 follows, 37 sequences, length 9
# corresponding to MSA columns:
# 427-435
name=unknown_D
#
# <colnr> <probs for GDERKNQSTAVLIFYWHMCP>
#	G	D	E	R	K	N	Q	S	T	A	V	L	I	F	Y	W	H	M	C	P
0	0.01154	0.00724	0.00896	0.00819	0.01046	0.00627	0.00611	0.01351	0.01443	0.13317	0.20563	0.20421	0.18320	0.04904	0.00798	0.00214	0.00379	0.01108	0.00589	0.10717
1	0.01788	0.16927	0.03778	0.01450	0.06922	0.03623	0.04172	0.17459	0.12987	0.10445	0.04353	0.05521	0.01465	0.00765	0.00633	0.00182	0.03508	0.00611	0.00489	0.02921
2	0.04717	0.20233	0.17458	0.01419	0.05988	0.03943	0.01297	0.18206	0.04989	0.04950	0.04222	0.04349	0.01293	0.03593	0.00647	0.00192	0.00682	0.00550	0.00416	0.00857
3	0.01300	0.01223	0.01990	0.08360	0.49880	0.01242	0.01526	0.01607	0.01349	0.01863	0.02094	0.08066	0.12660	0.00830	0.00685	0.00195	0.03182	0.00753	0.00361	0.00831
4	0.01756	0.08569	0.05299	0.01533	0.06560	0.16310	0.07265	0.12846	0.08622	0.04015	0.01283	0.01410	0.01001	0.00599	0.00551	0.00156	0.00727	0.00480	0.00404	0.20614
5	0.04524	0.31647	0.24821	0.01365	0.04741	0.01713	0.01394	0.05599	0.01383	0.07942	0.01239	0.05104	0.01029	0.00641	0.00511	0.00166	0.00693	0.00483	0.00346	0.04659
6	0.01614	0.28061	0.27923	0.01564	0.07015	0.05050	0.01547	0.12859	0.05259	0.02084	0.01141	0.01274	0.00890	0.00598	0.00526	0.00170	0.00760	0.00442	0.00338	0.00885
7	0.01001	0.12840	0.01181	0.00844	0.00966	0.00943	0.00622	0.01112	0.00980	0.01313	0.01653	0.02941	0.01743	0.38980	0.29670	0.00666	0.00990	0.00716	0.00338	0.00501
8	0.00868	0.00584	0.00674	0.00696	0.00702	0.00578	0.00402	0.00884	0.00934	0.01246	0.02154	0.15576	0.02510	0.66529	0.02751	0.00540	0.00556	0.01023	0.00402	0.00391

[dist]
# distance from previous block
# <min> <max>
0	2

[block]
# block no. 4 follows, 37 sequences, length 25
# corresponding to MSA columns:
# 438-462
name=unknown_E
#
# <colnr> <probs for GDERKNQSTAVLIFYWHMCP>
#	G	D	E	R	K	N	Q	S	T	A	V	L	I	F	Y	W	H	M	C	P
0	0.10999	0.05219	0.10648	0.03405	0.21457	0.01514	0.05572	0.10593	0.10728	0.06799	0.01394	0.01553	0.01062	0.00648	0.00630	0.00190	0.03780	0.00534	0.02379	0.00895
1	0.06683	0.16716	0.12517	0.04865	0.08552	0.13406	0.08110	0.05271	0.03997	0.04862	0.01527	0.04240	0.05330	0.00695	0.00564	0.00179	0.00759	0.00563	0.00364	0.00802
2	0.00897	0.00594	0.00692	0.00692	0.00698	0.00601	0.00401	0.00898	0.00892	0.01195	0.01875	0.03819	0.02135	0.70861	0.07373	0.04123	0.00652	0.00861	0.00364	0.00377
3	0.01690	0.47066	0.05748	0.01327	0.01839	0.07218	0.08643	0.08081	0.09620	0.01852	0.01147	0.01262	0.00945	0.00585	0.00491	0.00156	0.00718	0.00439	0.00341	0.00832
4	0.00904	0.00637	0.00794	0.00771	0.00934	0.00575	0.00582	0.01142	0.01589	0.05101	0.45669	0.11157	0.21859	0.01381	0.00729	0.00205	0.00322	0.04438	0.00638	0.00574
5	0.00834	0.00624	0.00773	0.00736	0.00895	0.00564	0.00552	0.01092	0.01656	0.02273	0.58900	0.04871	0.21335	0.01319	0.00722	0.00196	0.00294	0.01149	0.00650	0.00564
6	0.00931	0.00604	0.00676	0.00658	0.00818	0.00559	0.00493	0.01184	0.01480	0.02184	0.30021	0.04068	0.21977	0.01130	0.00614	0.00178	0.00293	0.00957	0.30617	0.00559
7	0.02162	0.00978	0.01256	0.01011	0.01397	0.00883	0.00816	0.08352	0.01770	0.48647	0.09693	0.06289	0.12058	0.00965	0.00648	0.00194	0.00475	0.00802	0.00703	0.00900
8	0.01435	0.01203	0.01210	0.01083	0.01386	0.05054	0.00846	0.11180	0.35761	0.02458	0.07145	0.03026	0.14823	0.00975	0.00631	0.00198	0.00483	0.02770	0.07516	0.00816
9	0.36707	0.08125	0.17423	0.01466	0.07160	0.07865	0.06126	0.01889	0.01220	0.02196	0.00959	0.01165	0.00755	0.00590	0.00551	0.00187	0.04117	0.00414	0.00323	0.00763
10	0.03772	0.00842	0.01276	0.01086	0.01345	0.00791	0.12236	0.01626	0.01361	0.15654	0.02469	0.24845	0.04581	0.01072	0.00625	0.00197	0.00478	0.00969	0.24096	0.00679
11	0.05853	0.06129	0.01885	0.01828	0.17227	0.11652	0.05018	0.09377	0.18805	0.02247	0.01489	0.03256	0.01199	0.00662	0.00570	0.00174	0.00672	0.00550	0.00428	0.10980
12	0.01320	0.02852	0.01302	0.01136	0.01403	0.08104	0.05804	0.05109	0.15675	0.05650	0.06204	0.13999	0.16406	0.03752	0.00770	0.00225	0.00548	0.08501	0.00539	0.00703
13	0.01692	0.09710	0.31220	0.01601	0.06036	0.03426	0.01590	0.19429	0.11228	0.06104	0.01414	0.01483	0.01033	0.00654	0.00579	0.00185	0.00745	0.00508	0.00422	0.00941
14	0.01357	0.05371	0.16626	0.01948	0.02506	0.01422	0.36935	0.05503	0.05679	0.02005	0.01602	0.13152	0.01426	0.00771	0.00677	0.00206	0.00837	0.00796	0.00371	0.00809
15	0.00939	0.00847	0.00980	0.00982	0.01116	0.07043	0.04493	0.01090	0.01272	0.01590	0.03529	0.42496	0.19523	0.03222	0.04059	0.00269	0.02512	0.02985	0.00511	0.00543
16	0.01021	0.01002	0.06403	0.01634	0.19259	0.00865	0.01027	0.01344	0.05543	0.01819	0.07366	0.39709	0.07853	0.01354	0.00707	0.00219	0.00486	0.01222	0.00491	0.00676
17	0.01316	0.01195	0.01885	0.58203	0.11846	0.01425	0.01635	0.07741	0.05288	0.01862	0.01203	0.01640	0.00909	0.00627	0.00612	0.00200	0.00776	0.00553	0.00323	0.00759
18	0.00750	0.00596	0.00674	0.00707	0.00856	0.00520	0.00510	0.00910	0.01380	0.01741	0.15020	0.26128	0.44824	0.01612	0.00740	0.00217	0.00320	0.01393	0.00583	0.00520
19	0.01959	0.41424	0.02488	0.01299	0.01730	0.34641	0.01113	0.05922	0.01547	0.01596	0.00926	0.01062	0.00801	0.00582	0.00474	0.00146	0.00852	0.00369	0.00304	0.00766
20	0.07490	0.05450	0.17762	0.05170	0.11279	0.19434	0.06166	0.03715	0.11099	0.04799	0.01293	0.01446	0.00987	0.00626	0.00573	0.00183	0.00818	0.00498	0.00366	0.00845
21	0.01015	0.00658	0.00761	0.00730	0.00927	0.00572	0.00542	0.01162	0.01404	0.10741	0.12534	0.12651	0.44043	0.04040	0.00885	0.04645	0.00360	0.01181	0.00580	0.00568
22	0.01141	0.00571	0.00571	0.00571	0.00713	0.00571	0.00428	0.01426	0.01284	0.02282	0.01997	0.02282	0.01569	0.00713	0.00428	0.00143	0.00285	0.00571	0.81886	0.00571
23	0.01262	0.01150	0.01837	0.67985	0.03929	0.01424	0.01642	0.07611	0.01355	0.01756	0.01111	0.01608	0.00835	0.00638	0.00660	0.00204	0.03437	0.00544	0.00301	0.00710
24	0.03191	0.09908	0.22489	0.08077	0.30458	0.03656	0.01749	0.05787	0.01440	0.05921	0.01174	0.01413	0.00907	0.00583	0.00572	0.00182	0.00767	0.00493	0.00327	0.00905

[dist]
# distance from previous block
# <min> <max>
0	5

[block]
# block no. 5 follows, 37 sequences, length 34
# corresponding to MSA columns:
# 468-501
name=unknown_F
#
# <colnr> <probs for GDERKNQSTAVLIFYWHMCP>
#	G	D	E	R	K	N	Q	S	T	A	V	L	I	F	Y	W	H	M	C	P
0	0.01797	0.01751	0.05285	0.01885	0.16187	0.21449	0.03534	0.04562	0.01483	0.12512	0.01424	0.06307	0.01206	0.01072	0.06567	0.00255	0.10926	0.00598	0.00396	0.00804
1	0.17410	0.03823	0.01793	0.01932	0.19210	0.38287	0.01247	0.06003	0.01573	0.01984	0.01004	0.01199	0.00822	0.00602	0.00532	0.00170	0.00860	0.00426	0.00340	0.00783
2	0.00935	0.00766	0.00963	0.01061	0.08510	0.00724	0.00702	0.01302	0.07591	0.02119	0.35509	0.04556	0.30444	0.01255	0.00702	0.00198	0.00358	0.01083	0.00592	0.00628
3	0.01509	0.01420	0.02182	0.03200	0.60436	0.05683	0.01642	0.01851	0.01399	0.02009	0.01254	0.01595	0.01040	0.00573	0.00579	0.00175	0.00689	0.00540	0.11324	0.00901
4	0.00878	0.00588	0.00671	0.00684	0.00687	0.00585	0.00388	0.00887	0.00915	0.01220	0.02055	0.10461	0.02384	0.71816	0.02912	0.00563	0.00573	0.00964	0.00388	0.00382
5	0.00824	0.00604	0.00675	0.00683	0.00764	0.00574	0.00441	0.00898	0.01087	0.01385	0.03467	0.08440	0.27314	0.42709	0.07170	0.00468	0.00554	0.01058	0.00447	0.00440
6	0.02039	0.00914	0.01138	0.00931	0.01275	0.00855	0.00751	0.07865	0.01645	0.40299	0.02354	0.02291	0.04950	0.00971	0.04327	0.00215	0.00508	0.00631	0.25192	0.00850
7	0.54324	0.01193	0.01066	0.00929	0.01309	0.01345	0.00754	0.04742	0.14295	0.10337	0.01370	0.01398	0.01011	0.00646	0.00458	0.00191	0.00482	0.00442	0.02939	0.00769
8	0.06371	0.67937	0.06619	0.01086	0.01613	0.04846	0.01090	0.01857	0.01251	0.01543	0.00867	0.01002	0.00778	0.00533	0.00407	0.00138	0.00672	0.00336	0.00270	0.00782
9	0.00863	0.00625	0.00816	0.00783	0.00925	0.00578	0.00590	0.01142	0.01693	0.02381	0.67588	0.07241	0.07241	0.01298	0.00729	0.00198	0.00302	0.03769	0.00664	0.00573
10	0.01065	0.00593	0.00804	0.00788	0.00824	0.00598	0.00520	0.00973	0.00899	0.04840	0.01500	0.02687	0.01547	0.29160	0.10960	0.40179	0.00679	0.00676	0.00334	0.00373
11	0.82811	0.01184	0.00900	0.00805	0.01184	0.01373	0.00663	0.01799	0.01042	0.02746	0.00852	0.00994	0.00663	0.00568	0.00379	0.00189	0.00474	0.00331	0.00379	0.00663
12	0.01265	0.00910	0.01092	0.01077	0.01277	0.00964	0.00861	0.06388	0.18964	0.05534	0.02652	0.06144	0.02622	0.16297	0.01205	0.00313	0.00551	0.30654	0.00553	0.00677
13	0.00929	0.00679	0.00826	0.00800	0.00817	0.00743	0.00518	0.00970	0.00926	0.01262	0.01953	0.05527	0.04342	0.59395	0.09044	0.00570	0.09040	0.00866	0.00367	0.00426
14	0.82811	0.01184	0.00900	0.00805	0.01184	0.01373	0.00663	0.01799	0.01042	0.02746	0.00852	0.00994	0.00663	0.00568	0.00379	0.00189	0.00474	0.00331	0.00379	0.00663
15	0.00888	0.00633	0.00869	0.00869	0.00945	0.00704	0.00628	0.01039	0.00964	0.01374	0.01744	0.02912	0.01754	0.28072	0.50287	0.00832	0.01261	0.00728	0.03006	0.00491
16	0.01442	0.01051	0.01211	0.01093	0.01352	0.01143	0.00861	0.15806	0.19141	0.06613	0.04829	0.12017	0.07138	0.04144	0.05714	0.00277	0.03326	0.07417	0.04656	0.00769
17	0.00871	0.00597	0.00685	0.00688	0.00715	0.00590	0.00410	0.00908	0.00981	0.01305	0.05875	0.07058	0.07295	0.63765	0.05361	0.00548	0.00587	0.00953	0.00406	0.00402
18	0.02279	0.01255	0.03356	0.01179	0.01617	0.01206	0.00983	0.23255	0.05706	0.39320	0.02214	0.04650	0.03769	0.01039	0.05022	0.00238	0.00627	0.00659	0.00658	0.00970
19	0.07510	0.71204	0.03005	0.01039	0.01552	0.02333	0.01023	0.03711	0.01273	0.01599	0.00868	0.00996	0.00783	0.00533	0.00398	0.00137	0.00642	0.00334	0.00280	0.00783
20	0.00759	0.00538	0.00706	0.00836	0.00868	0.00506	0.00551	0.00856	0.01147	0.01529	0.03244	0.71438	0.03885	0.08791	0.00991	0.00280	0.00377	0.01664	0.00551	0.00486
21	0.02909	0.01587	0.02730	0.02052	0.02526	0.10833	0.46993	0.01827	0.01478	0.01912	0.06845	0.05947	0.05013	0.00751	0.00702	0.00204	0.00891	0.03677	0.00373	0.00748
22	0.01422	0.18451	0.25043	0.01826	0.15736	0.02979	0.01556	0.02080	0.14093	0.01930	0.03003	0.01651	0.03346	0.00670	0.00615	0.00183	0.03665	0.00527	0.00352	0.00872
23	0.01317	0.01307	0.01833	0.01578	0.01583	0.01822	0.01312	0.01455	0.00940	0.01471	0.00843	0.01390	0.00838	0.01238	0.05519	0.00302	0.73778	0.00541	0.00271	0.00664
24	0.01542	0.08045	0.39487	0.04310	0.02326	0.07644	0.04464	0.12575	0.04519	0.03782	0.04674	0.01519	0.01121	0.00648	0.00586	0.00186	0.00816	0.00511	0.00364	0.00879
25	0.00921	0.00693	0.00948	0.00924	0.00985	0.00800	0.00673	0.01053	0.00946	0.01341	0.01671	0.02889	0.01717	0.30955	0.43240	0.00780	0.07901	0.00730	0.00338	0.00494
26	0.04174	0.00880	0.01076	0.00929	0.01188	0.00853	0.00715	0.10740	0.01685	0.20942	0.24697	0.09368	0.07007	0.09352	0.03388	0.00264	0.00486	0.00909	0.00620	0.00726
27	0.01219	0.02905	0.66288	0.01803	0.06743	0.01370	0.02137	0.01877	0.01305	0.01928	0.01353	0.01626	0.03697	0.00645	0.00595	0.00196	0.00863	0.02283	0.00281	0.00885
28	0.01562	0.45869	0.22631	0.01451	0.04920	0.04692	0.04792	0.04622	0.01353	0.01718	0.00976	0.01142	0.00807	0.00552	0.00482	0.00157	0.00760	0.00400	0.00280	0.00834
29	0.01042	0.00952	0.03874	0.07415	0.06355	0.00898	0.03723	0.01558	0.12070	0.02194	0.35972	0.03776	0.15559	0.01086	0.00686	0.00198	0.00446	0.00954	0.00561	0.00681
30	0.01134	0.00901	0.01152	0.01152	0.07446	0.03223	0.03638	0.01504	0.07035	0.06260	0.35302	0.03892	0.17283	0.03885	0.00771	0.00206	0.00431	0.00965	0.00576	0.03245
31	0.01507	0.01483	0.04279	0.02567	0.28939	0.01435	0.24020	0.10524	0.05051	0.02294	0.10135	0.01954	0.01585	0.00659	0.00658	0.00193	0.00757	0.00675	0.00402	0.00884
32	0.01291	0.01174	0.04156	0.01207	0.01390	0.04469	0.00979	0.07038	0.10538	0.04248	0.04972	0.15718	0.05373	0.03524	0.11692	0.00343	0.19893	0.00849	0.00452	0.00693
33	0.01490	0.01287	0.01965	0.06617	0.35644	0.03474	0.06036	0.01890	0.05625	0.08514	0.03427	0.04994	0.07710	0.00733	0.00620	0.00183	0.00646	0.00675	0.00408	0.08061

[dist]
# distance from previous block
# <min> <max>
2	18

[block]
# block no. 6 follows, 37 sequences, length 23
# corresponding to MSA columns:
# 535-557
name=unknown_G
#
# <colnr> <probs for GDERKNQSTAVLIFYWHMCP>
#	G	D	E	R	K	N	Q	S	T	A	V	L	I	F	Y	W	H	M	C	P
0	0.06569	0.06491	0.52224	0.01478	0.02198	0.04044	0.01783	0.01825	0.01327	0.03341	0.04740	0.01854	0.08169	0.00706	0.00578	0.00190	0.00779	0.00549	0.00326	0.00827
1	0.03603	0.06402	0.04338	0.05221	0.14066	0.06026	0.02668	0.03666	0.18422	0.02048	0.04048	0.07694	0.01668	0.03639	0.00689	0.00199	0.00611	0.03702	0.00436	0.10856
2	0.01057	0.00831	0.00980	0.00953	0.03661	0.00820	0.00699	0.07825	0.09747	0.02328	0.35370	0.04375	0.24563	0.01232	0.00701	0.00200	0.00375	0.03008	0.00616	0.00659
3	0.01456	0.01226	0.01497	0.06448	0.11778	0.01352	0.01083	0.11684	0.34179	0.02489	0.11021	0.02544	0.06784	0.00959	0.02568	0.00219	0.00559	0.00732	0.00549	0.00872
4	0.01351	0.01300	0.07306	0.01477	0.10556	0.03161	0.04451	0.09561	0.15553	0.03949	0.23351	0.03013	0.10484	0.00944	0.00659	0.00194	0.00536	0.00817	0.00542	0.00796
5	0.01650	0.01376	0.01569	0.04249	0.12553	0.06671	0.01105	0.06089	0.35210	0.08807	0.06654	0.02078	0.01731	0.00754	0.00608	0.00188	0.00574	0.00633	0.00536	0.06965
6	0.01076	0.01049	0.09662	0.00950	0.01237	0.00823	0.00829	0.03655	0.10120	0.05642	0.28885	0.11461	0.19768	0.01219	0.00692	0.00203	0.00419	0.01047	0.00586	0.00677
7	0.01449	0.01421	0.02492	0.05014	0.43053	0.01447	0.16965	0.01948	0.07586	0.01994	0.01405	0.01957	0.01193	0.00663	0.00710	0.00200	0.04108	0.05158	0.00347	0.00891
8	0.06912	0.05534	0.01851	0.32549	0.14773	0.06285	0.01416	0.05000	0.01379	0.05074	0.04777	0.01653	0.01133	0.00675	0.00684	0.00193	0.06381	0.00540	0.02432	0.00758
9	0.01341	0.03787	0.08386	0.05861	0.09809	0.01283	0.01132	0.06936	0.27526	0.02270	0.12337	0.08948	0.02278	0.04468	0.00751	0.00218	0.00554	0.00783	0.00511	0.00821
10	0.01202	0.10213	0.09358	0.01124	0.04927	0.00991	0.00919	0.02645	0.04501	0.08593	0.12756	0.25680	0.10920	0.02512	0.00704	0.00210	0.00485	0.01053	0.00517	0.00690
11	0.01650	0.04290	0.06775	0.01719	0.12005	0.21179	0.03834	0.06722	0.12844	0.02016	0.04347	0.01887	0.05518	0.00767	0.00720	0.00187	0.07699	0.00587	0.04451	0.00802
12	0.00883	0.00621	0.00808	0.00808	0.00856	0.00669	0.00545	0.00980	0.00932	0.01291	0.01801	0.03297	0.01918	0.45781	0.35401	0.00766	0.01056	0.00786	0.00352	0.00449
13	0.01223	0.00932	0.01125	0.00881	0.01268	0.00769	0.00693	0.04061	0.01527	0.05623	0.29110	0.02574	0.02797	0.00782	0.00569	0.00137	0.00402	0.00665	0.00509	0.44353
14	0.04329	0.03816	0.01509	0.01104	0.01601	0.04030	0.00898	0.21036	0.06462	0.08073	0.01363	0.01427	0.01036	0.00590	0.00519	0.00138	0.00551	0.00453	0.00473	0.40590
15	0.00806	0.00580	0.00741	0.00806	0.00862	0.00574	0.00543	0.00909	0.01083	0.01445	0.02933	0.37778	0.09625	0.22676	0.15297	0.00472	0.00651	0.01273	0.00472	0.00475
16	0.01579	0.07558	0.22628	0.05816	0.17697	0.06552	0.16251	0.08505	0.01529	0.04389	0.01186	0.01436	0.00899	0.00581	0.00606	0.00186	0.00851	0.00533	0.00332	0.00887
17	0.01719	0.09620	0.16264	0.05088	0.13539	0.09726	0.04077	0.12593	0.05223	0.08485	0.02789	0.03375	0.01187	0.02872	0.00658	0.00194	0.00752	0.00558	0.00407	0.00873
18	0.01319	0.00829	0.01005	0.00871	0.01136	0.00763	0.00673	0.07451	0.03172	0.13776	0.25320	0.06928	0.18316	0.01205	0.00796	0.06283	0.00403	0.00929	0.00595	0.08230
19	0.00834	0.00598	0.00767	0.00858	0.00926	0.00571	0.00595	0.03204	0.01273	0.01701	0.09358	0.56133	0.06041	0.08380	0.00974	0.00272	0.00392	0.06046	0.00561	0.00516
20	0.03207	0.31494	0.04951	0.01336	0.04860	0.11217	0.03375	0.14110	0.03600	0.04288	0.06608	0.01656	0.03615	0.00773	0.02286	0.00182	0.00713	0.00515	0.00400	0.00815
21	0.01220	0.00730	0.00911	0.00838	0.01003	0.00691	0.00601	0.04693	0.01362	0.12544	0.16487	0.13624	0.07921	0.21359	0.04713	0.05679	0.00511	0.00967	0.00530	0.03618
22	0.01637	0.36178	0.03786	0.01312	0.05028	0.12855	0.02989	0.02098	0.12230	0.01757	0.01180	0.01291	0.00981	0.00576	0.00483	0.00146	0.00681	0.00421	0.00344	0.14026

[dist]
# distance from previous block
# <min> <max>
6	16

[block]
# block no. 7 follows, 37 sequences, length 23
# corresponding to MSA columns:
# 575-597
name=unknown_H
#
# <colnr> <probs for GDERKNQSTAVLIFYWHMCP>
#	G	D	E	R	K	N	Q	S	T	A	V	L	I	F	Y	W	H	M	C	P
0	0.03725	0.07824	0.16833	0.01206	0.05351	0.01096	0.01101	0.03223	0.01364	0.06095	0.05204	0.02034	0.09139	0.00775	0.02161	0.00170	0.00582	0.00557	0.04302	0.27257
1	0.10388	0.01115	0.01246	0.01049	0.01399	0.01140	0.00844	0.23855	0.01834	0.15361	0.02572	0.11101	0.12648	0.01191	0.04178	0.00234	0.00565	0.04072	0.00574	0.04634
2	0.00863	0.00634	0.00832	0.00833	0.00927	0.00662	0.00595	0.01005	0.01046	0.01436	0.04620	0.09657	0.09634	0.25541	0.36120	0.00678	0.01012	0.00889	0.00398	0.02619
3	0.00893	0.00664	0.00842	0.00822	0.00918	0.00677	0.00576	0.01021	0.01078	0.01487	0.07856	0.11158	0.08426	0.30538	0.22300	0.00560	0.03172	0.00920	0.00416	0.05678
4	0.04724	0.00617	0.00773	0.00846	0.00953	0.00589	0.00615	0.01078	0.01313	0.03854	0.14322	0.45369	0.07858	0.01612	0.00734	0.00231	0.00371	0.08831	0.04765	0.00544
5	0.00908	0.00669	0.00945	0.01011	0.01131	0.00655	0.02803	0.01130	0.01332	0.01772	0.11201	0.23353	0.05459	0.06695	0.05180	0.00319	0.00551	0.33800	0.00545	0.00542
6	0.01215	0.01131	0.01817	0.21243	0.19255	0.03344	0.09333	0.03725	0.01349	0.01793	0.01893	0.24057	0.01938	0.01020	0.00681	0.00214	0.00678	0.04200	0.00395	0.00717
7	0.00990	0.00689	0.00822	0.00781	0.00980	0.00628	0.00599	0.01287	0.04953	0.07650	0.34340	0.06915	0.30810	0.01347	0.00718	0.00204	0.00340	0.04710	0.00630	0.00606
8	0.00789	0.00564	0.00760	0.00902	0.00957	0.00535	0.00644	0.00928	0.01215	0.01611	0.03350	0.65203	0.03953	0.01877	0.00793	0.00255	0.00393	0.14196	0.00567	0.00509
9	0.01031	0.00933	0.01511	0.01342	0.01558	0.03205	0.18189	0.02650	0.01332	0.01746	0.02802	0.42763	0.05109	0.01467	0.00764	0.00238	0.00580	0.11678	0.00497	0.00605
10	0.01582	0.02000	0.20891	0.09473	0.23329	0.10733	0.01684	0.04574	0.06848	0.05991	0.01310	0.01597	0.01022	0.00658	0.00666	0.00192	0.04398	0.01822	0.00353	0.00877
11	0.00887	0.00606	0.00732	0.00732	0.00754	0.00628	0.00451	0.00931	0.00909	0.01234	0.01870	0.03682	0.02085	0.63522	0.17889	0.00672	0.00805	0.00843	0.00362	0.00406
12	0.01136	0.01179	0.05898	0.68572	0.03941	0.01317	0.01663	0.01547	0.01237	0.01590	0.01371	0.01848	0.04874	0.00662	0.00616	0.00204	0.00793	0.00580	0.00288	0.00684
13	0.01529	0.26788	0.29059	0.03959	0.05826	0.03928	0.01541	0.06575	0.07377	0.04089	0.01326	0.01445	0.02811	0.00624	0.00533	0.00173	0.00742	0.00471	0.00340	0.00865
14	0.01447	0.07148	0.24639	0.06339	0.32722	0.01439	0.03629	0.01941	0.03643	0.05765	0.02785	0.01647	0.02926	0.00617	0.00594	0.00186	0.00751	0.00545	0.00333	0.00903
15	0.01281	0.01497	0.09655	0.01284	0.01499	0.14756	0.03169	0.01508	0.01184	0.01543	0.03684	0.04555	0.01461	0.12121	0.21224	0.00465	0.15854	0.00643	0.01992	0.00625
16	0.37202	0.01733	0.05306	0.01597	0.13186	0.19027	0.04059	0.01948	0.01304	0.02196	0.01036	0.01322	0.00851	0.00618	0.00529	0.00184	0.02443	0.01969	0.02752	0.00737
17	0.01219	0.03950	0.03895	0.59741	0.09189	0.01454	0.01672	0.01599	0.01213	0.01594	0.01058	0.01564	0.00824	0.00646	0.00733	0.00205	0.07925	0.00533	0.00273	0.00711
18	0.01689	0.47620	0.02567	0.05488	0.03330	0.15579	0.01107	0.03859	0.05352	0.01595	0.01046	0.01228	0.00906	0.00832	0.05317	0.00201	0.00801	0.00404	0.00307	0.00771
19	0.01250	0.01066	0.01248	0.00900	0.01425	0.00805	0.00718	0.01523	0.01291	0.02016	0.04535	0.01425	0.01136	0.00491	0.00466	0.00095	0.00446	0.00398	0.00377	0.78387
20	0.01490	0.12731	0.01737	0.05406	0.01694	0.01404	0.05604	0.18326	0.10278	0.04319	0.02057	0.23046	0.02005	0.01137	0.02233	0.00221	0.02288	0.02745	0.00500	0.00778
21	0.01226	0.03682	0.05420	0.04581	0.01535	0.05035	0.00885	0.01492	0.01245	0.03916	0.01642	0.05764	0.05331	0.01565	0.17662	0.00327	0.00796	0.00574	0.00373	0.36949
22	0.05922	0.01669	0.11528	0.01702	0.13080	0.04102	0.01313	0.26439	0.07743	0.08722	0.02839	0.05365	0.01422	0.00797	0.00617	0.00195	0.00663	0.04461	0.00504	0.00917

[dist]
# distance from previous block
# <min> <max>
3	7

[block]
# block no. 8 follows, 37 sequences, length 13
# corresponding to MSA columns:
# 605-617
name=unknown_I
#
# <colnr> <probs for GDERKNQSTAVLIFYWHMCP>
#	G	D	E	R	K	N	Q	S	T	A	V	L	I	F	Y	W	H	M	C	P
0	0.01460	0.04398	0.17951	0.01901	0.20717	0.06420	0.01404	0.05800	0.03941	0.06766	0.04723	0.09102	0.06326	0.03218	0.00693	0.00201	0.00674	0.00705	0.00411	0.03189
1	0.00773	0.00548	0.00722	0.00850	0.00888	0.00518	0.00572	0.00879	0.01158	0.01541	0.03225	0.66846	0.03840	0.09412	0.01014	0.00284	0.00390	0.05503	0.00549	0.00489
2	0.01352	0.01263	0.03635	0.08037	0.16685	0.05139	0.12860	0.06242	0.02877	0.04500	0.03746	0.19715	0.04821	0.00998	0.00676	0.00207	0.00665	0.03564	0.02266	0.00753
3	0.03690	0.06799	0.11476	0.13478	0.16125	0.06606	0.05870	0.09888	0.01579	0.11914	0.02834	0.01599	0.01089	0.00634	0.00585	0.00183	0.00738	0.00537	0.03513	0.00864
4	0.00889	0.01175	0.17129	0.01002	0.01313	0.00745	0.00968	0.01186	0.01354	0.01784	0.09105	0.19647	0.28091	0.01411	0.00722	0.00223	0.00487	0.11651	0.00507	0.00610
5	0.01635	0.01107	0.01691	0.43356	0.07425	0.01229	0.01389	0.06397	0.01472	0.20569	0.01678	0.01959	0.03937	0.02732	0.00683	0.00208	0.00700	0.00601	0.00434	0.00799
6	0.01754	0.40365	0.09614	0.01568	0.10218	0.08984	0.03997	0.06936	0.03244	0.06472	0.01116	0.01246	0.00902	0.00579	0.00498	0.00157	0.00732	0.00429	0.00338	0.00851
7	0.01559	0.04521	0.30276	0.01704	0.10191	0.01418	0.02957	0.14266	0.08500	0.07693	0.03707	0.04966	0.04025	0.00748	0.00610	0.00193	0.00709	0.00619	0.00433	0.00906
8	0.00877	0.00901	0.07947	0.00974	0.03478	0.00690	0.00781	0.01173	0.04271	0.01862	0.17081	0.24636	0.26260	0.01449	0.00724	0.00218	0.00410	0.05123	0.00552	0.00595
9	0.04279	0.00797	0.00917	0.00857	0.01084	0.00763	0.00651	0.07002	0.04391	0.12648	0.09265	0.20096	0.24708	0.03808	0.00763	0.00222	0.00405	0.02869	0.03818	0.00657
10	0.01751	0.07166	0.08120	0.03467	0.22796	0.11387	0.01378	0.15301	0.06468	0.04992	0.01320	0.01551	0.01052	0.03703	0.00673	0.00188	0.00729	0.00516	0.00401	0.07043
11	0.04145	0.06526	0.14611	0.04235	0.25143	0.05056	0.01485	0.09735	0.04255	0.09038	0.04356	0.05957	0.01361	0.00715	0.00596	0.00187	0.00693	0.00605	0.00413	0.00889
