[name]
unknown

[dist]
# distance from previous block
# <min> <max>
0	52

[block]
# block no. 0 follows, 39 sequences, length 46
# corresponding to MSA columns:
# 69-114
name=unknown_A
#
# <colnr> <probs for GDERKNQSTAVLIFYWHMCP>
#	G	D	E	R	K	N	Q	S	T	A	V	L	I	F	Y	W	H	M	C	P
0	0.36025	0.01058	0.01095	0.00928	0.01277	0.01127	0.00747	0.07327	0.04802	0.21563	0.01491	0.01661	0.01128	0.05576	0.09566	0.00293	0.00622	0.00492	0.00483	0.02738
1	0.03111	0.00697	0.00846	0.00810	0.00988	0.00661	0.00597	0.01409	0.06734	0.12565	0.22278	0.22902	0.14029	0.06586	0.00832	0.00227	0.00369	0.01109	0.02639	0.00610
2	0.01367	0.01154	0.01236	0.01121	0.01421	0.01306	0.00866	0.05189	0.58337	0.02413	0.08598	0.06906	0.05652	0.00925	0.00623	0.00201	0.00444	0.00782	0.00600	0.00861
3	0.72589	0.01156	0.00956	0.00829	0.01208	0.01311	0.00683	0.05253	0.01150	0.09007	0.00982	0.01073	0.00729	0.00572	0.00396	0.00183	0.00471	0.00354	0.00408	0.00689
4	0.79235	0.01117	0.00865	0.00776	0.01131	0.01288	0.00636	0.01707	0.01040	0.02639	0.04571	0.01135	0.00889	0.00582	0.00383	0.00183	0.00448	0.00358	0.00380	0.00636
5	0.01189	0.00753	0.00892	0.00820	0.01047	0.00703	0.00625	0.05059	0.06417	0.14379	0.19139	0.15907	0.28199	0.01278	0.00678	0.00199	0.00365	0.01094	0.00607	0.00649
6	0.23131	0.01041	0.01245	0.00983	0.01417	0.00985	0.00811	0.02592	0.01519	0.57351	0.01950	0.01746	0.01255	0.00686	0.00537	0.00183	0.00492	0.00525	0.00639	0.00914
7	0.00896	0.00697	0.00823	0.00811	0.00968	0.00687	0.00596	0.01344	0.13850	0.02035	0.33214	0.20280	0.16756	0.03396	0.00755	0.00213	0.00336	0.01159	0.00595	0.00590
8	0.45025	0.01043	0.01056	0.00880	0.01261	0.01083	0.00721	0.02123	0.01329	0.30805	0.08004	0.01672	0.01395	0.00678	0.00483	0.00183	0.00459	0.00492	0.00532	0.00774
9	0.00732	0.00556	0.00674	0.00739	0.00843	0.00498	0.00518	0.00877	0.01285	0.01671	0.15238	0.43943	0.27009	0.01640	0.00728	0.00219	0.00319	0.01448	0.00565	0.00498
10	0.02040	0.01540	0.01650	0.01311	0.01742	0.01716	0.01067	0.56864	0.17277	0.03400	0.01681	0.04131	0.01264	0.00766	0.00599	0.00184	0.00604	0.00598	0.00592	0.00974
11	0.01179	0.00691	0.00838	0.00751	0.00986	0.00602	0.00581	0.01393	0.01541	0.18253	0.30038	0.04424	0.33998	0.01225	0.00675	0.00191	0.00337	0.01040	0.00626	0.00632
12	0.00846	0.00611	0.00742	0.00713	0.00876	0.00545	0.00533	0.01072	0.01539	0.04499	0.46488	0.09116	0.27598	0.01323	0.00698	0.00193	0.00297	0.01147	0.00615	0.00549
13	0.01244	0.00649	0.00671	0.00629	0.00803	0.00656	0.00482	0.06674	0.01369	0.05117	0.01908	0.02140	0.01477	0.00692	0.00433	0.00142	0.00311	0.00551	0.73447	0.00601
14	0.01290	0.00698	0.00881	0.00810	0.00999	0.00648	0.00595	0.01432	0.01257	0.21544	0.04806	0.12476	0.18293	0.19669	0.11540	0.00388	0.00597	0.00946	0.00525	0.00607
15	0.01446	0.01158	0.01328	0.00967	0.01482	0.00978	0.00781	0.14423	0.01517	0.04176	0.01150	0.01281	0.00914	0.00494	0.00470	0.00106	0.00478	0.00389	0.00403	0.66057
16	0.00860	0.00573	0.00645	0.00645	0.00645	0.00573	0.00358	0.00860	0.00860	0.01147	0.01863	0.03870	0.02150	0.79217	0.03010	0.00573	0.00573	0.00860	0.00358	0.00358
17	0.00808	0.00600	0.00752	0.00720	0.00867	0.00545	0.00538	0.01057	0.01596	0.02201	0.60119	0.07250	0.18191	0.01284	0.00700	0.00190	0.00285	0.01123	0.00629	0.00545
18	0.02124	0.01360	0.01528	0.01206	0.01619	0.01443	0.00978	0.44896	0.06734	0.19761	0.01896	0.05144	0.03105	0.04523	0.00718	0.00202	0.00581	0.00637	0.00610	0.00936
19	0.01226	0.01051	0.01226	0.00876	0.01401	0.00788	0.00701	0.01489	0.01226	0.01927	0.01051	0.01226	0.00876	0.00438	0.00438	0.00088	0.00438	0.00350	0.00350	0.82832
20	0.06657	0.00993	0.01312	0.01019	0.01450	0.00878	0.00833	0.02728	0.01618	0.68667	0.02234	0.02048	0.01455	0.04456	0.00698	0.00202	0.00504	0.00593	0.00696	0.00957
21	0.00837	0.00560	0.00683	0.00733	0.00770	0.00537	0.00462	0.00901	0.01040	0.03174	0.04887	0.36228	0.05547	0.38832	0.01827	0.00395	0.00454	0.01228	0.00465	0.00438
22	0.01117	0.01051	0.01774	0.77795	0.04073	0.01314	0.01642	0.01511	0.01182	0.01511	0.01051	0.01577	0.00788	0.00591	0.00591	0.00197	0.00788	0.00526	0.00263	0.00657
23	0.01270	0.01207	0.02050	0.45115	0.35559	0.01354	0.01718	0.01645	0.01255	0.01697	0.01078	0.01527	0.00854	0.00563	0.00589	0.00188	0.00751	0.00526	0.00276	0.00780
24	0.00818	0.00652	0.00763	0.00728	0.00858	0.00635	0.00534	0.00980	0.01327	0.01744	0.26398	0.04620	0.34635	0.15192	0.01208	0.00267	0.06546	0.01065	0.00524	0.00504
25	0.01134	0.00613	0.00619	0.00607	0.00762	0.00630	0.00458	0.01530	0.07538	0.02228	0.01970	0.02205	0.01541	0.00699	0.00430	0.00143	0.00292	0.00561	0.75456	0.00584
26	0.00721	0.00515	0.00686	0.00823	0.00858	0.00480	0.00549	0.00823	0.01132	0.01510	0.03259	0.78831	0.03911	0.01853	0.00755	0.00240	0.00343	0.01681	0.00549	0.00480
27	0.01226	0.01051	0.01226	0.00876	0.01401	0.00788	0.00701	0.01489	0.01226	0.01927	0.01051	0.01226	0.00876	0.00438	0.00438	0.00088	0.00438	0.00350	0.00350	0.82832
28	0.00847	0.00625	0.00909	0.00909	0.01000	0.00717	0.00687	0.01029	0.00938	0.01342	0.01622	0.02533	0.01570	0.14597	0.66836	0.00899	0.01447	0.00664	0.00322	0.00505
29	0.00819	0.00604	0.00765	0.00725	0.00872	0.00550	0.00544	0.01081	0.01631	0.02269	0.66073	0.04586	0.14786	0.01247	0.00698	0.00188	0.00282	0.01093	0.00638	0.00550
30	0.01226	0.01051	0.01226	0.00876	0.01401	0.00788	0.00701	0.01489	0.01226	0.01927	0.01051	0.01226	0.00876	0.00438	0.00438	0.00088	0.00438	0.00350	0.00350	0.82832
31	0.02653	0.01006	0.01372	0.01052	0.01510	0.00869	0.00869	0.02882	0.01693	0.75937	0.02333	0.02013	0.01464	0.00732	0.00595	0.00183	0.00503	0.00595	0.00732	0.01006
32	0.01500	0.01285	0.01354	0.01209	0.01549	0.01485	0.00943	0.05818	0.71735	0.02521	0.02369	0.02177	0.01775	0.00799	0.00601	0.00200	0.00475	0.00663	0.00601	0.00939
33	0.04614	0.11391	0.03041	0.01276	0.03482	0.16274	0.01017	0.08460	0.25116	0.07798	0.01575	0.01583	0.01203	0.00680	0.00582	0.00172	0.03336	0.00506	0.02992	0.04900
34	0.01466	0.04180	0.21503	0.03877	0.07662	0.13376	0.18887	0.03346	0.05125	0.03616	0.06257	0.03547	0.01285	0.00657	0.00638	0.00186	0.02663	0.00590	0.00345	0.00793
35	0.01396	0.01595	0.03490	0.02493	0.03091	0.01496	0.73380	0.01894	0.01396	0.01894	0.01196	0.01595	0.00897	0.00499	0.00698	0.00199	0.00997	0.00698	0.00299	0.00798
36	0.00750	0.00583	0.00683	0.00707	0.00849	0.00516	0.00518	0.00927	0.01386	0.01793	0.24160	0.22778	0.37043	0.01508	0.00715	0.00208	0.00312	0.03474	0.00577	0.00512
37	0.01546	0.06463	0.14135	0.06689	0.19312	0.03172	0.05928	0.12587	0.06416	0.07265	0.01471	0.06690	0.01227	0.03674	0.00681	0.00199	0.00693	0.00610	0.00397	0.00846
38	0.09724	0.02621	0.01605	0.01455	0.01757	0.67742	0.01100	0.02277	0.01592	0.01559	0.00902	0.01063	0.00751	0.00616	0.00557	0.00158	0.03153	0.00379	0.00309	0.00680
39	0.00818	0.00604	0.00765	0.00724	0.00872	0.00550	0.00543	0.01080	0.01630	0.02267	0.65847	0.04590	0.15014	0.01248	0.00698	0.00188	0.00282	0.01094	0.00637	0.00550
40	0.00841	0.00621	0.00754	0.00827	0.00915	0.00608	0.00573	0.02701	0.07085	0.01639	0.03280	0.52970	0.10979	0.08413	0.00923	0.00259	0.00379	0.03180	0.02531	0.00524
41	0.01621	0.01521	0.05562	0.07003	0.17699	0.07884	0.13041	0.13008	0.03453	0.07977	0.01442	0.07371	0.01201	0.00724	0.00696	0.00190	0.05686	0.00635	0.02459	0.00824
42	0.04265	0.00941	0.01221	0.00983	0.01340	0.00859	0.00780	0.06091	0.01579	0.52574	0.04813	0.06159	0.01779	0.11145	0.02495	0.00253	0.00525	0.00692	0.00646	0.00860
43	0.00730	0.00522	0.00695	0.00817	0.00860	0.00487	0.00550	0.00847	0.01175	0.01578	0.08995	0.72899	0.04044	0.01801	0.00750	0.00236	0.00338	0.01632	0.00557	0.00487
44	0.02986	0.03827	0.09611	0.13909	0.25233	0.03045	0.01395	0.01777	0.03862	0.05413	0.02826	0.01670	0.01106	0.00596	0.00552	0.00165	0.00648	0.02961	0.00344	0.18072
45	0.54739	0.01154	0.01212	0.07119	0.13429	0.01288	0.00924	0.03282	0.01134	0.02390	0.01054	0.03973	0.00902	0.00624	0.00451	0.00185	0.00524	0.02324	0.00362	0.02930

[dist]
# distance from previous block
# <min> <max>
1	13

[block]
# block no. 1 follows, 39 sequences, length 21
# corresponding to MSA columns:
# 128-144,149-152
name=unknown_B
#
# <colnr> <probs for GDERKNQSTAVLIFYWHMCP>
#	G	D	E	R	K	N	Q	S	T	A	V	L	I	F	Y	W	H	M	C	P
0	0.05578	0.01532	0.01969	0.07954	0.06035	0.03456	0.11984	0.39950	0.06666	0.04623	0.01373	0.01490	0.01002	0.00648	0.00592	0.00181	0.00697	0.00548	0.00484	0.03238
1	0.60295	0.03089	0.01124	0.06505	0.03550	0.07211	0.00809	0.05033	0.01179	0.02440	0.01065	0.01215	0.03319	0.00596	0.00424	0.00180	0.00543	0.00388	0.00366	0.00668
2	0.01572	0.01488	0.01724	0.24616	0.13976	0.13509	0.01321	0.15802	0.07767	0.02092	0.01384	0.07069	0.01164	0.00711	0.00589	0.00183	0.00723	0.00594	0.00390	0.03326
3	0.00731	0.00522	0.00680	0.00801	0.00839	0.00488	0.00531	0.00827	0.01119	0.01485	0.03251	0.70356	0.06377	0.07834	0.00928	0.00265	0.00359	0.01602	0.00534	0.00472
4	0.00736	0.00562	0.00676	0.00728	0.00842	0.00502	0.00515	0.00890	0.01315	0.01710	0.18327	0.38218	0.29647	0.01600	0.00724	0.00215	0.00315	0.01407	0.00569	0.00502
5	0.01581	0.79572	0.03099	0.01012	0.01518	0.02340	0.01012	0.01771	0.01202	0.01391	0.00822	0.00949	0.00759	0.00506	0.00379	0.00126	0.00632	0.00316	0.00253	0.00759
6	0.00723	0.00559	0.00660	0.00721	0.00836	0.00496	0.00508	0.00864	0.01277	0.01634	0.11673	0.40659	0.33996	0.01639	0.00726	0.00218	0.00318	0.01438	0.00559	0.00496
7	0.83394	0.01144	0.00869	0.00778	0.01144	0.01327	0.00640	0.01738	0.01006	0.02653	0.00823	0.00961	0.00640	0.00549	0.00366	0.00183	0.00457	0.00320	0.00366	0.00640
8	0.02248	0.01656	0.01775	0.01361	0.01834	0.01834	0.01124	0.73556	0.02780	0.03727	0.01420	0.01420	0.01006	0.00710	0.00592	0.00177	0.00651	0.00532	0.00592	0.01006
9	0.83394	0.01144	0.00869	0.00778	0.01144	0.01327	0.00640	0.01738	0.01006	0.02653	0.00823	0.00961	0.00640	0.00549	0.00366	0.00183	0.00457	0.00320	0.00366	0.00640
10	0.01581	0.79572	0.03099	0.01012	0.01518	0.02340	0.01012	0.01771	0.01202	0.01391	0.00822	0.00949	0.00759	0.00506	0.00379	0.00126	0.00632	0.00316	0.00253	0.00759
11	0.83394	0.01144	0.00869	0.00778	0.01144	0.01327	0.00640	0.01738	0.01006	0.02653	0.00823	0.00961	0.00640	0.00549	0.00366	0.00183	0.00457	0.00320	0.00366	0.00640
12	0.01131	0.01066	0.01800	0.74737	0.07019	0.01318	0.01649	0.01524	0.01189	0.01528	0.01054	0.01572	0.00794	0.00589	0.00591	0.00196	0.00785	0.00526	0.00264	0.00668
13	0.00714	0.00596	0.00622	0.00623	0.00810	0.00504	0.00464	0.00874	0.01371	0.01670	0.12718	0.08688	0.65348	0.01484	0.00701	0.00200	0.00299	0.01249	0.00559	0.00504
14	0.00837	0.00604	0.00790	0.00744	0.00883	0.00558	0.00558	0.01116	0.01674	0.02371	0.75216	0.04417	0.05580	0.01209	0.00697	0.00186	0.00279	0.01069	0.00651	0.00558
15	0.00908	0.00834	0.06200	0.00817	0.00999	0.00683	0.00645	0.06583	0.01338	0.01759	0.11730	0.22317	0.23967	0.17163	0.01162	0.00281	0.00432	0.01140	0.00504	0.00539
16	0.02063	0.01232	0.07947	0.06654	0.01734	0.01064	0.01022	0.09172	0.08852	0.41894	0.04268	0.02096	0.01523	0.06807	0.00782	0.00216	0.00565	0.00613	0.00598	0.00898
17	0.02284	0.01047	0.01347	0.01082	0.01490	0.01001	0.00880	0.05144	0.14942	0.54355	0.02258	0.02052	0.01512	0.01031	0.06506	0.00245	0.00585	0.00609	0.00671	0.00957
18	0.02473	0.01022	0.01342	0.01039	0.01478	0.00910	0.00855	0.07829	0.01744	0.64962	0.02551	0.02255	0.07150	0.00790	0.00603	0.00184	0.00498	0.00641	0.00708	0.00967
19	0.01338	0.01329	0.04004	0.22794	0.42197	0.01367	0.08590	0.01711	0.01286	0.01810	0.01126	0.01527	0.00908	0.00567	0.00638	0.00185	0.03468	0.00542	0.03793	0.00822
20	0.01684	0.01597	0.06983	0.05946	0.09197	0.17679	0.03712	0.04736	0.03266	0.14319	0.01550	0.07752	0.01351	0.06876	0.00927	0.00222	0.08858	0.02180	0.00412	0.00752

[dist]
# distance from previous block
# <min> <max>
5	19

[block]
# block no. 2 follows, 39 sequences, length 11
# corresponding to MSA columns:
# 175-185
name=unknown_C
#
# <colnr> <probs for GDERKNQSTAVLIFYWHMCP>
#	G	D	E	R	K	N	Q	S	T	A	V	L	I	F	Y	W	H	M	C	P
0	0.64937	0.01003	0.00828	0.00788	0.01080	0.01138	0.00620	0.01534	0.01035	0.02398	0.01367	0.18345	0.01371	0.00840	0.00453	0.00196	0.00432	0.00624	0.00407	0.00605
1	0.00818	0.00590	0.00728	0.00711	0.00819	0.00549	0.00500	0.01007	0.01416	0.01947	0.45699	0.09770	0.12739	0.18704	0.01218	0.00278	0.00352	0.01087	0.00567	0.00501
2	0.01423	0.02746	0.59548	0.01613	0.02398	0.01476	0.01948	0.17876	0.01591	0.02287	0.01141	0.01287	0.00806	0.00595	0.00568	0.00185	0.00824	0.00458	0.00326	0.00903
3	0.00721	0.00515	0.00686	0.00823	0.00858	0.00480	0.00549	0.00823	0.01132	0.01510	0.03259	0.78831	0.03911	0.01853	0.00755	0.00240	0.00343	0.01681	0.00549	0.00480
4	0.01965	0.02424	0.01698	0.18551	0.02329	0.59981	0.01254	0.02172	0.01566	0.01462	0.00945	0.01180	0.00768	0.00605	0.00546	0.00162	0.01004	0.00413	0.00295	0.00679
5	0.01162	0.00910	0.01082	0.02530	0.01242	0.00815	0.00670	0.05069	0.03039	0.03361	0.01598	0.07005	0.03049	0.19749	0.05495	0.00281	0.02227	0.00623	0.00390	0.39702
6	0.01001	0.00521	0.00755	0.00755	0.00767	0.00515	0.00503	0.00779	0.00808	0.01066	0.01353	0.02113	0.05418	0.05291	0.02247	0.74480	0.00504	0.00571	0.00278	0.00275
7	0.00721	0.00515	0.00686	0.00823	0.00858	0.00480	0.00549	0.00823	0.01132	0.01510	0.03259	0.78831	0.03911	0.01853	0.00755	0.00240	0.00343	0.01681	0.00549	0.00480
8	0.00803	0.00584	0.00756	0.00753	0.00873	0.00537	0.00550	0.01035	0.01534	0.02134	0.55098	0.21105	0.09289	0.01370	0.00710	0.00199	0.00295	0.01217	0.00622	0.00537
9	0.01029	0.00608	0.00844	0.00865	0.00971	0.00595	0.00629	0.01126	0.01135	0.10042	0.05155	0.34085	0.05218	0.02271	0.17418	0.13333	0.00658	0.03020	0.00478	0.00522
10	0.00928	0.01167	0.17714	0.01089	0.01356	0.00862	0.01030	0.01216	0.01005	0.01458	0.01465	0.02161	0.01342	0.08157	0.52582	0.03655	0.01324	0.00600	0.00302	0.00585

[dist]
# distance from previous block
# <min> <max>
0	2

[block]
# block no. 3 follows, 39 sequences, length 10
# corresponding to MSA columns:
# 188-197
name=unknown_D
#
# <colnr> <probs for GDERKNQSTAVLIFYWHMCP>
#	G	D	E	R	K	N	Q	S	T	A	V	L	I	F	Y	W	H	M	C	P
0	0.02248	0.01656	0.01775	0.01361	0.01834	0.01834	0.01124	0.73556	0.02780	0.03727	0.01420	0.01420	0.01006	0.00710	0.00592	0.00177	0.00651	0.00532	0.00592	0.01006
1	0.01218	0.01170	0.02027	0.55154	0.21670	0.01347	0.05799	0.01608	0.01235	0.01637	0.01075	0.01550	0.00831	0.00570	0.00596	0.00192	0.00779	0.00536	0.00272	0.00734
2	0.00844	0.00565	0.00701	0.00757	0.00841	0.00519	0.00514	0.00933	0.01160	0.04830	0.05736	0.42858	0.18260	0.12599	0.01141	0.05023	0.00381	0.01340	0.00517	0.00480
3	0.01694	0.09157	0.01854	0.06800	0.08734	0.05415	0.08371	0.10190	0.04515	0.16694	0.03719	0.02261	0.03992	0.04820	0.00782	0.00208	0.03863	0.05672	0.00461	0.00798
4	0.02495	0.01240	0.06668	0.01139	0.01628	0.01037	0.00996	0.12525	0.01811	0.60822	0.02118	0.01878	0.01351	0.00717	0.00592	0.00183	0.00549	0.00575	0.00679	0.00997
5	0.00885	0.00565	0.00749	0.00802	0.00850	0.00557	0.00541	0.00938	0.01025	0.04034	0.02401	0.36784	0.02727	0.21483	0.10025	0.10935	0.00573	0.03235	0.00444	0.00447
6	0.01258	0.01044	0.01519	0.26394	0.11296	0.01154	0.02926	0.09986	0.06577	0.03626	0.01886	0.10002	0.05688	0.07986	0.03939	0.00263	0.00671	0.02680	0.00405	0.00702
7	0.04144	0.01802	0.07114	0.08261	0.05953	0.20774	0.10196	0.11971	0.06985	0.05531	0.01407	0.07536	0.01179	0.00733	0.00647	0.00186	0.03797	0.00603	0.00397	0.00783
8	0.49433	0.01136	0.01185	0.03770	0.06115	0.01261	0.04481	0.08466	0.01258	0.02478	0.01383	0.01550	0.06029	0.00797	0.03625	0.00214	0.00556	0.00471	0.05111	0.00683
9	0.00958	0.00777	0.01088	0.01133	0.05935	0.00759	0.04344	0.03277	0.05349	0.01849	0.14738	0.39168	0.06584	0.01376	0.00732	0.00212	0.02563	0.03315	0.00521	0.05323

[dist]
# distance from previous block
# <min> <max>
7	14

[block]
# block no. 4 follows, 39 sequences, length 16
# corresponding to MSA columns:
# 219-234
name=unknown_E
#
# <colnr> <probs for GDERKNQSTAVLIFYWHMCP>
#	G	D	E	R	K	N	Q	S	T	A	V	L	I	F	Y	W	H	M	C	P
0	0.04996	0.01128	0.01907	0.19715	0.23362	0.01176	0.11716	0.01638	0.01325	0.04403	0.04873	0.02558	0.01557	0.00772	0.00630	0.00200	0.00682	0.12665	0.03956	0.00740
1	0.01604	0.55496	0.15336	0.01200	0.01740	0.12898	0.01230	0.01873	0.01278	0.01481	0.00876	0.01017	0.00758	0.00530	0.00433	0.00141	0.00736	0.00346	0.00260	0.00768
2	0.00717	0.00529	0.00671	0.00785	0.00848	0.00484	0.00532	0.00828	0.01169	0.01525	0.03725	0.66375	0.16067	0.01792	0.00745	0.00233	0.00336	0.01607	0.00549	0.00484
3	0.01032	0.00605	0.00938	0.13890	0.01336	0.00649	0.00707	0.00898	0.00853	0.01126	0.01107	0.04362	0.01084	0.01798	0.01966	0.65939	0.00555	0.00555	0.00268	0.00333
4	0.01662	0.01500	0.02155	0.05309	0.51026	0.05781	0.01587	0.14145	0.05005	0.04240	0.01245	0.01486	0.00988	0.00583	0.00585	0.00177	0.00701	0.00528	0.00370	0.00927
5	0.01177	0.00680	0.00871	0.00814	0.00920	0.00694	0.00567	0.01279	0.01047	0.13991	0.01914	0.06484	0.01905	0.41360	0.18213	0.00549	0.03246	0.00783	0.02979	0.00526
6	0.01889	0.12943	0.04002	0.01473	0.04305	0.37295	0.04116	0.11438	0.01636	0.01843	0.01026	0.01196	0.00838	0.00611	0.00589	0.00156	0.04732	0.00422	0.02959	0.06534
7	0.00749	0.00549	0.00695	0.00765	0.00845	0.00504	0.00528	0.00893	0.01271	0.01696	0.19459	0.48434	0.14535	0.05165	0.00836	0.00237	0.00333	0.01446	0.00563	0.00495
8	0.07009	0.01459	0.05903	0.07606	0.16956	0.02753	0.01288	0.22455	0.08094	0.10002	0.01465	0.03282	0.01136	0.00716	0.00674	0.00190	0.05958	0.01718	0.00457	0.00879
9	0.04040	0.09966	0.03311	0.01834	0.23024	0.07244	0.01190	0.13366	0.01547	0.03517	0.01110	0.01291	0.00894	0.00540	0.00510	0.00143	0.00629	0.00435	0.00364	0.25045
10	0.00890	0.00615	0.00860	0.00860	0.00963	0.00695	0.00656	0.01097	0.00993	0.01498	0.01663	0.02416	0.01534	0.09268	0.58448	0.00784	0.01287	0.00636	0.14316	0.00520
11	0.01644	0.22049	0.07893	0.16531	0.04781	0.24300	0.03589	0.01988	0.04683	0.03188	0.01048	0.01259	0.00842	0.00575	0.00516	0.00160	0.00810	0.00429	0.00302	0.03413
12	0.01819	0.18952	0.01863	0.01314	0.01616	0.45599	0.01046	0.01982	0.01425	0.01417	0.01004	0.01290	0.00894	0.03017	0.11109	0.00271	0.03999	0.00418	0.00295	0.00670
13	0.00774	0.00597	0.00678	0.00663	0.00830	0.00525	0.00495	0.00980	0.01471	0.01939	0.34141	0.07092	0.41480	0.01354	0.00688	0.00193	0.00291	0.01157	0.04126	0.00525
14	0.00881	0.00774	0.03835	0.13884	0.01481	0.00711	0.00792	0.01179	0.01533	0.02108	0.50993	0.03972	0.13376	0.01115	0.00674	0.00190	0.00391	0.00975	0.00557	0.00580
15	0.00776	0.00585	0.00607	0.00616	0.00789	0.00510	0.00456	0.00950	0.01329	0.01733	0.08541	0.10798	0.53617	0.01374	0.00655	0.00192	0.00298	0.01155	0.14511	0.00510

[dist]
# distance from previous block
# <min> <max>
0	4

[block]
# block no. 5 follows, 39 sequences, length 6
# corresponding to MSA columns:
# 239-244
name=unknown_F
#
# <colnr> <probs for GDERKNQSTAVLIFYWHMCP>
#	G	D	E	R	K	N	Q	S	T	A	V	L	I	F	Y	W	H	M	C	P
0	0.27162	0.00755	0.00716	0.00687	0.00804	0.00813	0.00448	0.01140	0.00907	0.01627	0.01532	0.02943	0.01669	0.54147	0.02167	0.00449	0.00536	0.00688	0.00361	0.00448
1	0.57534	0.01307	0.01158	0.00963	0.01364	0.01488	0.00795	0.24625	0.01572	0.02995	0.01013	0.01107	0.00757	0.00600	0.00438	0.00181	0.00519	0.00388	0.00438	0.00757
2	0.01072	0.00852	0.00993	0.00914	0.01126	0.00897	0.00698	0.01868	0.28676	0.02409	0.48205	0.03597	0.04180	0.01058	0.00662	0.00191	0.00349	0.00921	0.00633	0.00698
3	0.08066	0.10098	0.29140	0.04000	0.01825	0.01172	0.04745	0.01491	0.01190	0.01762	0.01722	0.25943	0.01762	0.00960	0.00590	0.00195	0.00631	0.00823	0.00362	0.03522
4	0.01315	0.02389	0.44154	0.01874	0.02615	0.01402	0.24690	0.05902	0.01381	0.01988	0.01124	0.01367	0.00819	0.00542	0.00599	0.00184	0.00873	0.00520	0.00291	0.05972
5	0.01116	0.00912	0.01414	0.01899	0.24904	0.00912	0.01228	0.01413	0.01357	0.01821	0.02488	0.05011	0.02617	0.01281	0.00743	0.00241	0.00595	0.48914	0.00464	0.00670

[dist]
# distance from previous block
# <min> <max>
0	1

[block]
# block no. 6 follows, 39 sequences, length 13
# corresponding to MSA columns:
# 246-258
name=unknown_G
#
# <colnr> <probs for GDERKNQSTAVLIFYWHMCP>
#	G	D	E	R	K	N	Q	S	T	A	V	L	I	F	Y	W	H	M	C	P
0	0.00953	0.00681	0.00953	0.01089	0.01225	0.00681	0.00953	0.01225	0.01361	0.01770	0.03131	0.06671	0.03403	0.01634	0.00817	0.00272	0.00545	0.71547	0.00545	0.00545
1	0.08663	0.08756	0.17853	0.01515	0.06204	0.03097	0.08882	0.05803	0.04886	0.10671	0.01313	0.01565	0.01018	0.00642	0.00641	0.00178	0.05961	0.02812	0.00381	0.09159
2	0.01419	0.36518	0.29043	0.03374	0.07350	0.01762	0.03766	0.01818	0.01256	0.03840	0.01088	0.01401	0.00905	0.00583	0.00500	0.00164	0.00732	0.03390	0.00283	0.00810
3	0.00737	0.00540	0.00674	0.00764	0.00829	0.00497	0.00514	0.00849	0.01174	0.01540	0.07870	0.54851	0.15802	0.09275	0.00961	0.00263	0.00354	0.01492	0.00537	0.00476
4	0.03944	0.02888	0.65138	0.01730	0.04696	0.05540	0.04236	0.01894	0.01272	0.01877	0.01051	0.01246	0.00756	0.00561	0.00559	0.00185	0.00870	0.00441	0.00259	0.00856
5	0.01465	0.01888	0.20158	0.05805	0.18193	0.08673	0.07176	0.09178	0.07146	0.02038	0.02962	0.03866	0.01193	0.00698	0.00670	0.00191	0.04755	0.02757	0.00358	0.00831
6	0.01464	0.01405	0.02400	0.03630	0.75528	0.01405	0.01815	0.01815	0.01347	0.01932	0.01112	0.01464	0.00937	0.00527	0.00585	0.00176	0.00703	0.00527	0.00293	0.00937
7	0.00793	0.00558	0.00659	0.00703	0.00745	0.00533	0.00442	0.00857	0.01044	0.01374	0.05893	0.29274	0.11748	0.40576	0.01876	0.00400	0.00451	0.01191	0.00458	0.00425
8	0.01166	0.01338	0.13076	0.04624	0.10011	0.05325	0.03997	0.03435	0.06449	0.04054	0.06849	0.17456	0.15945	0.01073	0.00651	0.00200	0.00569	0.02630	0.00453	0.00697
9	0.01705	0.04251	0.03753	0.05109	0.17678	0.08507	0.11447	0.12038	0.06816	0.11747	0.01611	0.05962	0.01332	0.00737	0.00614	0.00188	0.00706	0.04511	0.00440	0.00847
10	0.01186	0.03059	0.76153	0.01686	0.02560	0.01373	0.02185	0.01873	0.01249	0.01873	0.01061	0.01249	0.00749	0.00562	0.00562	0.00187	0.00874	0.00437	0.00250	0.00874
11	0.01243	0.00700	0.00866	0.00849	0.01019	0.00676	0.00624	0.03546	0.06481	0.15163	0.06756	0.38505	0.02873	0.01285	0.00642	0.00203	0.00373	0.01130	0.16427	0.00640
12	0.04899	0.04127	0.05755	0.12848	0.17589	0.05423	0.11863	0.04129	0.01354	0.06214	0.01231	0.03489	0.00992	0.00598	0.00595	0.00171	0.02665	0.00534	0.03339	0.12186

[dist]
# distance from previous block
# <min> <max>
1	2

[block]
# block no. 7 follows, 39 sequences, length 22
# corresponding to MSA columns:
# 261-282
name=unknown_H
#
# <colnr> <probs for GDERKNQSTAVLIFYWHMCP>
#	G	D	E	R	K	N	Q	S	T	A	V	L	I	F	Y	W	H	M	C	P
0	0.04689	0.01221	0.01348	0.01097	0.01468	0.01306	0.00886	0.30396	0.15051	0.16260	0.06125	0.01948	0.01565	0.00751	0.00565	0.00177	0.00506	0.00595	0.13162	0.00885
1	0.01271	0.01052	0.01362	0.01507	0.15116	0.02565	0.00977	0.04458	0.18647	0.04584	0.17982	0.04452	0.04177	0.05943	0.07710	0.00285	0.05930	0.00753	0.00487	0.00740
2	0.00781	0.00602	0.00713	0.00685	0.00849	0.00534	0.00514	0.01008	0.01542	0.02058	0.47190	0.04933	0.33801	0.01326	0.00698	0.00192	0.00287	0.01142	0.00610	0.00534
3	0.00822	0.00615	0.00705	0.00675	0.00858	0.00536	0.00509	0.01028	0.01495	0.04414	0.34736	0.05037	0.43742	0.01352	0.00695	0.00193	0.00298	0.01152	0.00598	0.00541
4	0.02510	0.00975	0.01326	0.01028	0.01460	0.00845	0.00845	0.02743	0.01691	0.70128	0.08088	0.02203	0.01789	0.00770	0.00603	0.00183	0.00486	0.00632	0.00726	0.00971
5	0.01102	0.00551	0.00551	0.00551	0.00689	0.00551	0.00413	0.01378	0.01240	0.02205	0.01929	0.02205	0.01516	0.00689	0.00413	0.00138	0.00276	0.00551	0.82500	0.00551
6	0.01117	0.01051	0.01774	0.77795	0.04073	0.01314	0.01642	0.01511	0.01182	0.01511	0.01051	0.01577	0.00788	0.00591	0.00591	0.00197	0.00788	0.00526	0.00263	0.00657
7	0.00860	0.00573	0.00645	0.00645	0.00645	0.00573	0.00358	0.00860	0.00860	0.01147	0.01863	0.03870	0.02150	0.79217	0.03010	0.00573	0.00573	0.00860	0.00358	0.00358
8	0.01298	0.01049	0.01234	0.00885	0.01407	0.00792	0.00709	0.01559	0.01250	0.05658	0.01116	0.01266	0.00906	0.00453	0.00446	0.00092	0.00441	0.00363	0.00370	0.78707
9	0.00739	0.00528	0.00675	0.00784	0.00824	0.00495	0.00516	0.00830	0.01108	0.01464	0.03238	0.63648	0.08214	0.12688	0.01068	0.00284	0.00373	0.01538	0.00522	0.00464
10	0.01247	0.01097	0.01227	0.00894	0.01398	0.03425	0.00711	0.01506	0.01258	0.01926	0.03671	0.01334	0.01038	0.00471	0.00450	0.00093	0.00454	0.00377	0.00359	0.77063
11	0.05037	0.04261	0.01682	0.01434	0.01768	0.46486	0.03064	0.09483	0.15389	0.01921	0.01243	0.01329	0.00981	0.00659	0.00583	0.00168	0.02899	0.00458	0.00388	0.00767
12	0.00951	0.00745	0.01104	0.06555	0.08521	0.00753	0.03520	0.01185	0.04736	0.01613	0.02616	0.34475	0.07078	0.01571	0.03661	0.08297	0.00520	0.08907	0.02631	0.00561
13	0.01380	0.01448	0.08092	0.04144	0.31296	0.02625	0.09915	0.06181	0.08460	0.02054	0.06741	0.02011	0.02829	0.00808	0.03100	0.00211	0.02641	0.02986	0.00378	0.02700
14	0.01282	0.01118	0.03243	0.00934	0.01445	0.00859	0.00770	0.01604	0.03955	0.04313	0.01136	0.01290	0.00923	0.00480	0.00493	0.00102	0.02545	0.00377	0.00367	0.72764
15	0.01008	0.07494	0.07279	0.00978	0.03786	0.00875	0.02276	0.01354	0.06553	0.03900	0.22676	0.08063	0.25261	0.04990	0.00764	0.00208	0.00431	0.00965	0.00512	0.00626
16	0.01466	0.01309	0.06359	0.13690	0.28306	0.01263	0.03350	0.07515	0.05647	0.09118	0.04356	0.05785	0.03916	0.00753	0.00648	0.00192	0.02677	0.02411	0.00409	0.00830
17	0.01173	0.00986	0.01086	0.03833	0.01350	0.01070	0.00793	0.03784	0.38596	0.02202	0.13177	0.03535	0.20907	0.01059	0.00648	0.00201	0.00419	0.03853	0.00580	0.00749
18	0.00743	0.00626	0.00743	0.00723	0.00901	0.00543	0.03544	0.00896	0.01300	0.01596	0.06999	0.17958	0.54772	0.04960	0.00811	0.00223	0.00348	0.01277	0.00533	0.00504
19	0.58926	0.10251	0.09517	0.00940	0.01380	0.01466	0.00880	0.03562	0.04801	0.02441	0.00944	0.01065	0.00733	0.00562	0.00407	0.00178	0.00529	0.00355	0.00358	0.00703
20	0.03652	0.16911	0.16726	0.01413	0.01869	0.01650	0.07626	0.13245	0.06095	0.05446	0.01364	0.04145	0.02746	0.00738	0.00783	0.00190	0.13671	0.00546	0.00375	0.00809
21	0.83394	0.01144	0.00869	0.00778	0.01144	0.01327	0.00640	0.01738	0.01006	0.02653	0.00823	0.00961	0.00640	0.00549	0.00366	0.00183	0.00457	0.00320	0.00366	0.00640

[dist]
# distance from previous block
# <min> <max>
0	1

[block]
# block no. 8 follows, 39 sequences, length 8
# corresponding to MSA columns:
# 284-291
name=unknown_I
#
# <colnr> <probs for GDERKNQSTAVLIFYWHMCP>
#	G	D	E	R	K	N	Q	S	T	A	V	L	I	F	Y	W	H	M	C	P
0	0.00783	0.00596	0.00720	0.00702	0.00854	0.00533	0.00522	0.01007	0.01527	0.02054	0.47225	0.10320	0.28302	0.01351	0.00702	0.00194	0.00290	0.01173	0.00610	0.00533
1	0.01694	0.65770	0.02843	0.01104	0.01574	0.15738	0.01035	0.01877	0.01287	0.01401	0.00839	0.00970	0.00759	0.00525	0.00407	0.00131	0.00710	0.00328	0.00262	0.00746
2	0.01589	0.01302	0.01483	0.04818	0.07045	0.01474	0.01049	0.10704	0.55015	0.05543	0.02141	0.02030	0.01595	0.00760	0.00599	0.00195	0.00521	0.00634	0.00568	0.00934
3	0.00837	0.00604	0.00790	0.00744	0.00883	0.00558	0.00558	0.01116	0.01674	0.02371	0.75216	0.04417	0.05580	0.01209	0.00697	0.00186	0.00279	0.01069	0.00651	0.00558
4	0.01027	0.00514	0.00770	0.00770	0.00770	0.00514	0.00514	0.00770	0.00770	0.01027	0.01027	0.01798	0.01027	0.02054	0.02311	0.82794	0.00514	0.00514	0.00257	0.00257
5	0.00924	0.00663	0.00889	0.01000	0.07473	0.00624	0.00634	0.01106	0.01347	0.04524	0.30446	0.21366	0.09686	0.15332	0.01113	0.00268	0.00394	0.01123	0.00538	0.00549
6	0.00845	0.00634	0.00950	0.00950	0.01056	0.00739	0.00739	0.01056	0.00950	0.01373	0.01584	0.02323	0.01478	0.04435	0.76873	0.00950	0.01584	0.00634	0.00317	0.00528
7	0.01377	0.16061	0.17325	0.11067	0.18448	0.06675	0.01485	0.03807	0.01338	0.01784	0.07538	0.01588	0.01254	0.00759	0.03058	0.00200	0.04629	0.00510	0.00313	0.00781

[dist]
# distance from previous block
# <min> <max>
0	31

# created by:
# /home/cegg/simao/soft/augustus-3.2.1/scripts/msa2prfl.pl ./align_prep/EOG090W0HD2.fa
