[name]
unknown

[dist]
# distance from previous block
# <min> <max>
6	194

[block]
# block no. 0 follows, 31 sequences, length 25
# corresponding to MSA columns:
# 218-242
name=unknown_A
#
# <colnr> <probs for GDERKNQSTAVLIFYWHMCP>
#	G	D	E	R	K	N	Q	S	T	A	V	L	I	F	Y	W	H	M	C	P
0	0.00850	0.00695	0.00750	0.00737	0.00949	0.00595	0.00552	0.01062	0.01657	0.02080	0.23631	0.06202	0.54566	0.01646	0.00808	0.00227	0.00340	0.01390	0.00666	0.00595
1	0.01855	0.56874	0.03037	0.01146	0.01731	0.02249	0.01093	0.02093	0.01441	0.07359	0.01138	0.01253	0.00967	0.00592	0.00471	0.00143	0.00679	0.00399	0.00357	0.15122
2	0.01265	0.01252	0.01025	0.00955	0.01233	0.13733	0.00726	0.06764	0.01760	0.02014	0.05454	0.05229	0.53143	0.01475	0.00764	0.00219	0.00538	0.01198	0.00588	0.00663
3	0.02160	0.02255	0.02009	0.01876	0.07524	0.30855	0.01381	0.14298	0.01861	0.03991	0.01226	0.01578	0.01041	0.03996	0.01190	0.00238	0.20688	0.00557	0.00412	0.00865
4	0.01744	0.01268	0.01401	0.01282	0.03637	0.03110	0.00968	0.05704	0.32903	0.13864	0.10649	0.03418	0.14929	0.01091	0.00724	0.00223	0.00525	0.00910	0.00696	0.00954
5	0.27315	0.01562	0.01258	0.01148	0.01451	0.17629	0.00869	0.04324	0.03093	0.02219	0.01459	0.10589	0.01392	0.01153	0.00950	0.14536	0.00692	0.00643	0.00425	0.07290
6	0.01492	0.01393	0.02337	0.11784	0.51202	0.01421	0.01814	0.01853	0.01491	0.02091	0.01724	0.14953	0.01681	0.00893	0.00713	0.00219	0.00750	0.00849	0.00388	0.00951
7	0.00999	0.00823	0.00874	0.00974	0.01036	0.06382	0.00647	0.01103	0.01310	0.01668	0.03346	0.55049	0.05596	0.15262	0.01319	0.00338	0.00510	0.01641	0.00573	0.00550
8	0.01450	0.01144	0.01843	0.01560	0.01806	0.01203	0.14884	0.05169	0.01496	0.09671	0.02539	0.35289	0.02675	0.01442	0.01076	0.00261	0.13923	0.01264	0.00542	0.00764
9	0.01596	0.39155	0.38753	0.01569	0.02372	0.02136	0.01864	0.02109	0.01418	0.01894	0.01092	0.01275	0.00872	0.00618	0.00547	0.00182	0.00874	0.00437	0.00291	0.00946
10	0.01188	0.00594	0.00891	0.00891	0.00891	0.00594	0.00594	0.00891	0.00891	0.01188	0.01188	0.02080	0.01188	0.02377	0.02674	0.80095	0.00594	0.00594	0.00297	0.00297
11	0.00834	0.00595	0.00794	0.00953	0.00992	0.00556	0.00635	0.00953	0.01310	0.01746	0.03771	0.75510	0.04525	0.02143	0.00873	0.00278	0.00397	0.01945	0.00635	0.00556
12	0.00851	0.00671	0.00768	0.00794	0.00963	0.00588	0.00576	0.01045	0.01584	0.02027	0.20799	0.23000	0.40392	0.01757	0.00824	0.00239	0.00353	0.01519	0.00662	0.00588
13	0.02455	0.15482	0.02310	0.01531	0.02055	0.13166	0.01280	0.47061	0.02692	0.03421	0.01428	0.01482	0.01069	0.00761	0.00630	0.00190	0.00823	0.00544	0.00563	0.01055
14	0.01315	0.01216	0.01938	0.61160	0.04157	0.01411	0.01705	0.01743	0.01377	0.01834	0.01216	0.01751	0.00930	0.00652	0.00652	0.00205	0.00839	0.00572	0.00322	0.15003
15	0.01210	0.01105	0.01826	0.61150	0.04045	0.01347	0.01673	0.01605	0.01358	0.01748	0.01674	0.15045	0.01560	0.00946	0.00718	0.00237	0.00820	0.00848	0.00363	0.00723
16	0.01350	0.01335	0.01873	0.01601	0.01684	0.01743	0.04372	0.01524	0.01187	0.01716	0.02257	0.02640	0.16527	0.01288	0.01861	0.00281	0.54872	0.00795	0.00376	0.00718
17	0.01154	0.00662	0.00747	0.00726	0.00886	0.00641	0.00544	0.01474	0.01633	0.02627	0.29543	0.03562	0.03612	0.01035	0.00608	0.00181	0.00320	0.00875	0.48528	0.00641
18	0.05330	0.05598	0.01941	0.01699	0.09370	0.11290	0.07975	0.09566	0.03591	0.04192	0.14259	0.02673	0.05371	0.00891	0.00679	0.00196	0.00714	0.03490	0.00512	0.10662
19	0.01813	0.01658	0.02453	0.12082	0.45172	0.04645	0.01847	0.14123	0.01829	0.02498	0.01355	0.01723	0.01095	0.00849	0.03707	0.00243	0.00874	0.00609	0.00398	0.01027
20	0.06821	0.36360	0.07598	0.01268	0.01748	0.14272	0.01170	0.02115	0.04980	0.02020	0.13708	0.01939	0.01929	0.00777	0.00563	0.00177	0.00743	0.00566	0.00414	0.00833
21	0.03589	0.00732	0.01020	0.00948	0.01079	0.00706	0.00683	0.01398	0.01183	0.14098	0.05161	0.02493	0.04968	0.02103	0.05299	0.52283	0.00622	0.00684	0.00441	0.00509
22	0.01445	0.01478	0.02827	0.02160	0.02578	0.01510	0.38148	0.04604	0.01536	0.02120	0.04959	0.15181	0.01920	0.01166	0.03682	0.00280	0.12178	0.00989	0.00424	0.00816
23	0.02051	0.01818	0.07253	0.03752	0.06396	0.08718	0.06194	0.23254	0.07939	0.10413	0.03522	0.10215	0.01725	0.00930	0.00705	0.00215	0.00765	0.00784	0.00574	0.02775
24	0.02018	0.05136	0.05549	0.02034	0.14946	0.18877	0.01433	0.07808	0.15479	0.06908	0.01620	0.01751	0.01260	0.00784	0.00788	0.00207	0.07461	0.00587	0.02399	0.02955

[dist]
# distance from previous block
# <min> <max>
0	16

[block]
# block no. 1 follows, 31 sequences, length 20
# corresponding to MSA columns:
# 259-278
name=unknown_B
#
# <colnr> <probs for GDERKNQSTAVLIFYWHMCP>
#	G	D	E	R	K	N	Q	S	T	A	V	L	I	F	Y	W	H	M	C	P
0	0.01122	0.00856	0.00944	0.00898	0.01148	0.00819	0.00680	0.01650	0.14438	0.05858	0.16883	0.10319	0.38793	0.01508	0.00786	0.00231	0.00395	0.01280	0.00678	0.00712
1	0.01071	0.00901	0.01344	0.12973	0.14059	0.00912	0.01087	0.01323	0.01456	0.01938	0.09017	0.33796	0.12870	0.01518	0.00796	0.00246	0.00543	0.02915	0.00541	0.00693
2	0.01922	0.13525	0.14060	0.01760	0.09431	0.06509	0.02767	0.14726	0.04672	0.09222	0.08014	0.03323	0.01673	0.00804	0.00679	0.00199	0.02244	0.00639	0.00497	0.03334
3	0.00911	0.00676	0.00774	0.00763	0.00938	0.00594	0.00559	0.01027	0.01511	0.01905	0.18759	0.05451	0.45345	0.01786	0.01155	0.15079	0.00388	0.01244	0.00596	0.00539
4	0.01559	0.01379	0.02057	0.52359	0.03891	0.01699	0.01742	0.14318	0.01675	0.02213	0.01258	0.01752	0.00957	0.00769	0.00866	0.00232	0.09458	0.00608	0.00374	0.00834
5	0.01737	0.02898	0.45205	0.04622	0.02724	0.06411	0.03588	0.11297	0.01727	0.06930	0.01351	0.01541	0.00969	0.00722	0.00755	0.00218	0.05375	0.00544	0.00385	0.01000
6	0.01486	0.01372	0.02286	0.05505	0.52343	0.01373	0.01762	0.01835	0.01507	0.02118	0.01886	0.15784	0.01889	0.00974	0.00730	0.00225	0.00727	0.04838	0.00410	0.00949
7	0.00809	0.00693	0.00693	0.00693	0.00924	0.00578	0.00520	0.00982	0.01559	0.01848	0.06931	0.06584	0.71411	0.01733	0.00809	0.00231	0.00347	0.01444	0.00635	0.00578
8	0.02341	0.02531	0.02366	0.04903	0.02495	0.36757	0.13962	0.21548	0.02218	0.02523	0.01291	0.01488	0.00992	0.00713	0.00674	0.00197	0.01069	0.00566	0.00444	0.00921
9	0.02182	0.09457	0.21615	0.01734	0.02310	0.39595	0.01633	0.08065	0.01861	0.03784	0.01185	0.01342	0.00921	0.00693	0.00618	0.00188	0.01073	0.00473	0.00370	0.00901
10	0.03012	0.04639	0.01680	0.01215	0.01747	0.01084	0.01013	0.03275	0.01932	0.68903	0.02618	0.02272	0.01656	0.00835	0.00676	0.00209	0.00589	0.00673	0.00821	0.01151
11	0.00846	0.00664	0.00765	0.00804	0.00963	0.00583	0.00579	0.01030	0.01553	0.01983	0.17933	0.27527	0.38744	0.01797	0.00828	0.00242	0.00358	0.01560	0.00657	0.00583
12	0.01589	0.01662	0.03145	0.02528	0.10645	0.01577	0.41221	0.02185	0.06858	0.02235	0.01432	0.01791	0.01114	0.00617	0.00781	0.00206	0.03652	0.00700	0.00381	0.15677
13	0.01644	0.62278	0.03066	0.01130	0.01614	0.02307	0.01071	0.01845	0.01375	0.01635	0.01475	0.14934	0.01556	0.00875	0.00520	0.00171	0.00669	0.00659	0.00356	0.00818
14	0.01052	0.00752	0.01045	0.01203	0.01338	0.00744	0.01016	0.01331	0.01526	0.01991	0.03650	0.20323	0.04047	0.01937	0.00932	0.00308	0.00587	0.54971	0.00631	0.00616
15	0.01419	0.01216	0.01419	0.01013	0.01621	0.00912	0.00811	0.01723	0.01419	0.02229	0.01216	0.01419	0.01013	0.00507	0.00507	0.00101	0.00507	0.00405	0.00405	0.80139
16	0.06779	0.01399	0.08114	0.01194	0.01708	0.01128	0.01055	0.09906	0.01890	0.26862	0.14122	0.02518	0.03975	0.00868	0.00658	0.00192	0.00574	0.00706	0.00647	0.15704
17	0.01850	0.15907	0.02326	0.05459	0.02032	0.22445	0.01407	0.02036	0.01382	0.01653	0.00970	0.01365	0.00890	0.00916	0.01364	0.00232	0.36157	0.00511	0.00313	0.00786
18	0.01604	0.30234	0.21938	0.01492	0.04208	0.01862	0.02964	0.06045	0.03326	0.03745	0.14259	0.02070	0.01986	0.00783	0.00608	0.00189	0.00738	0.00616	0.00425	0.00907
19	0.26827	0.23000	0.14630	0.01561	0.02183	0.01919	0.14608	0.02135	0.03535	0.02323	0.01142	0.01354	0.00902	0.00621	0.00551	0.00198	0.00792	0.00491	0.00357	0.00872

[dist]
# distance from previous block
# <min> <max>
0	4

[block]
# block no. 2 follows, 31 sequences, length 7
# corresponding to MSA columns:
# 283-289
name=unknown_C
#
# <colnr> <probs for GDERKNQSTAVLIFYWHMCP>
#	G	D	E	R	K	N	Q	S	T	A	V	L	I	F	Y	W	H	M	C	P
0	0.00872	0.00661	0.00750	0.00787	0.00909	0.00597	0.00536	0.01003	0.01395	0.01776	0.10436	0.23980	0.32448	0.19042	0.01446	0.00342	0.00431	0.01453	0.00594	0.00540
1	0.20142	0.01056	0.01138	0.00990	0.01357	0.01048	0.00786	0.02211	0.08922	0.22769	0.08850	0.06014	0.19807	0.01123	0.00674	0.00221	0.00478	0.00905	0.00663	0.00844
2	0.01930	0.02047	0.06693	0.02478	0.20318	0.18148	0.15766	0.06964	0.01770	0.05900	0.01507	0.04039	0.01217	0.00719	0.00679	0.00203	0.00923	0.00655	0.07109	0.00933
3	0.00871	0.00611	0.00783	0.00905	0.00935	0.00581	0.00584	0.00962	0.01237	0.01649	0.03396	0.59020	0.04052	0.19279	0.01479	0.00367	0.00459	0.01724	0.00584	0.00523
4	0.00904	0.00646	0.00872	0.01019	0.01093	0.00615	0.00744	0.01080	0.01407	0.01874	0.07623	0.55722	0.04500	0.02042	0.00886	0.00283	0.00447	0.17026	0.00641	0.00578
5	0.02096	0.01455	0.01715	0.01558	0.05753	0.01554	0.01221	0.34873	0.06500	0.09943	0.02335	0.03399	0.02017	0.01098	0.00746	0.00234	0.00678	0.18122	0.03709	0.00994
6	0.45077	0.04606	0.01537	0.04753	0.05126	0.01738	0.01038	0.17787	0.07532	0.03177	0.01296	0.01418	0.00983	0.00702	0.00532	0.00210	0.00622	0.00484	0.00492	0.00891

[dist]
# distance from previous block
# <min> <max>
0	38

[block]
# block no. 3 follows, 31 sequences, length 99
# corresponding to MSA columns:
# 328-426
name=unknown_D
#
# <colnr> <probs for GDERKNQSTAVLIFYWHMCP>
#	G	D	E	R	K	N	Q	S	T	A	V	L	I	F	Y	W	H	M	C	P
0	0.01688	0.01600	0.02695	0.09912	0.64054	0.01632	0.02059	0.04104	0.01592	0.02258	0.01292	0.01703	0.01072	0.00622	0.00678	0.00205	0.00819	0.00610	0.00346	0.01059
1	0.01458	0.02922	0.49711	0.02011	0.02848	0.01647	0.12387	0.02342	0.10552	0.02240	0.01443	0.01653	0.01055	0.00699	0.00748	0.00224	0.04121	0.00591	0.00352	0.00996
2	0.01702	0.01470	0.01547	0.01392	0.01779	0.01702	0.01083	0.03635	0.70453	0.02862	0.02785	0.02553	0.02088	0.00928	0.00696	0.00232	0.00541	0.00773	0.00696	0.01083
3	0.01372	0.03539	0.72412	0.01950	0.02961	0.01589	0.02528	0.02167	0.01444	0.02167	0.01228	0.01444	0.00867	0.00650	0.00650	0.00217	0.01011	0.00506	0.00289	0.01011
4	0.07280	0.01310	0.01916	0.02140	0.23999	0.01227	0.01330	0.02813	0.01782	0.44071	0.03749	0.02118	0.01553	0.00771	0.00671	0.00209	0.00646	0.00657	0.00657	0.01101
5	0.01837	0.67698	0.08059	0.01253	0.01855	0.06341	0.01268	0.02092	0.01423	0.01650	0.00975	0.01128	0.00877	0.00596	0.00462	0.00153	0.00777	0.00379	0.00296	0.00882
6	0.02083	0.01659	0.01762	0.01469	0.01924	0.01880	0.01175	0.31530	0.41937	0.03477	0.02300	0.02167	0.01696	0.00883	0.00691	0.00221	0.00631	0.00707	0.00691	0.01117
7	0.01678	0.01610	0.02749	0.06912	0.69098	0.01621	0.02092	0.02086	0.01550	0.02216	0.01284	0.01698	0.01077	0.00612	0.00678	0.00204	0.00817	0.00610	0.00337	0.01071
8	0.02563	0.03035	0.01958	0.01731	0.02116	0.61295	0.01318	0.13907	0.02153	0.02116	0.01156	0.01302	0.00929	0.00724	0.00628	0.00181	0.01153	0.00470	0.00408	0.00855
9	0.00891	0.00670	0.00818	0.00855	0.00995	0.00608	0.00621	0.01098	0.01589	0.02101	0.26646	0.26247	0.24477	0.04595	0.00937	0.00261	0.00381	0.04958	0.00665	0.00590
10	0.00995	0.00663	0.00746	0.00746	0.00746	0.00663	0.00415	0.00995	0.00995	0.01327	0.02156	0.04477	0.02487	0.75957	0.03482	0.00663	0.00663	0.00995	0.00415	0.00415
11	0.80789	0.01323	0.01006	0.00900	0.01323	0.01535	0.00741	0.02011	0.01164	0.03070	0.00953	0.01111	0.00741	0.00635	0.00423	0.00212	0.00529	0.00370	0.00423	0.00741
12	0.01532	0.01379	0.02141	0.42931	0.03642	0.01614	0.08321	0.10880	0.08154	0.02251	0.01579	0.02239	0.01264	0.00815	0.00781	0.00234	0.04016	0.04958	0.00416	0.00851
13	0.00977	0.00733	0.01100	0.01100	0.01222	0.00855	0.00855	0.01222	0.01100	0.01588	0.01833	0.02688	0.01710	0.05131	0.73245	0.01100	0.01833	0.00733	0.00367	0.00611
14	0.68522	0.01394	0.01145	0.00996	0.01431	0.01606	0.00818	0.09393	0.04710	0.03194	0.01115	0.01238	0.00851	0.00669	0.00465	0.00212	0.00554	0.00416	0.00465	0.00803
15	0.02601	0.01916	0.02053	0.01574	0.02122	0.02122	0.01300	0.69408	0.03217	0.04312	0.01643	0.01643	0.01163	0.00821	0.00684	0.00205	0.00753	0.00616	0.00684	0.01163
16	0.01629	0.01806	0.03808	0.03122	0.15929	0.01711	0.57034	0.02175	0.01604	0.02199	0.01366	0.01818	0.01046	0.00583	0.00784	0.00226	0.01092	0.00772	0.00345	0.00952
17	0.01292	0.01216	0.02052	0.74312	0.04712	0.01520	0.01900	0.01748	0.01368	0.01748	0.01216	0.01824	0.00912	0.00684	0.00684	0.00228	0.00912	0.00608	0.00304	0.00760
18	0.01086	0.00776	0.01084	0.01241	0.01392	0.00773	0.01074	0.01389	0.01559	0.02029	0.03631	0.11815	0.03973	0.01905	0.00941	0.00313	0.00616	0.63146	0.00630	0.00625
19	0.01679	0.01611	0.02752	0.06646	0.69351	0.01622	0.02093	0.02087	0.01551	0.02218	0.01284	0.01698	0.01078	0.00612	0.00678	0.00204	0.00816	0.00610	0.00337	0.01072
20	0.01829	0.76368	0.03585	0.01171	0.01756	0.02707	0.01171	0.02049	0.01390	0.01610	0.00951	0.01097	0.00878	0.00585	0.00439	0.00146	0.00732	0.00366	0.00293	0.00878
21	0.01188	0.00594	0.00891	0.00891	0.00891	0.00594	0.00594	0.00891	0.00891	0.01188	0.01188	0.02080	0.01188	0.02377	0.02674	0.80095	0.00594	0.00594	0.00297	0.00297
22	0.01503	0.01661	0.03550	0.02586	0.03185	0.01556	0.58787	0.02019	0.01598	0.02172	0.04987	0.09661	0.01660	0.00779	0.00814	0.00235	0.01035	0.00946	0.00396	0.00871
23	0.01540	0.16193	0.55199	0.01801	0.02706	0.01761	0.03883	0.02202	0.01464	0.05426	0.01254	0.01436	0.00913	0.00646	0.00619	0.00204	0.00945	0.00497	0.00318	0.00993
24	0.00844	0.00694	0.00743	0.00731	0.00946	0.00593	0.00548	0.01051	0.01644	0.02049	0.21377	0.06253	0.56840	0.01658	0.00808	0.00227	0.00341	0.01398	0.00662	0.00593
25	0.01000	0.00714	0.00893	0.00900	0.01050	0.00673	0.00667	0.03580	0.01727	0.02395	0.36610	0.23817	0.11886	0.01599	0.00807	0.00235	0.00376	0.04850	0.05590	0.00632
26	0.07928	0.01558	0.02163	0.34356	0.17032	0.05995	0.03539	0.11181	0.01667	0.02303	0.01245	0.01664	0.00968	0.00710	0.00746	0.00220	0.04880	0.00585	0.00376	0.00884
27	0.01270	0.00927	0.01144	0.03186	0.03432	0.02974	0.00883	0.09253	0.01637	0.05495	0.04842	0.47434	0.03667	0.01752	0.00831	0.00262	0.00524	0.09164	0.00627	0.00695
28	0.00977	0.00733	0.01100	0.01100	0.01222	0.00855	0.00855	0.01222	0.01100	0.01588	0.01833	0.02688	0.01710	0.05131	0.73245	0.01100	0.01833	0.00733	0.00367	0.00611
29	0.01443	0.03078	0.54885	0.02195	0.07148	0.01617	0.12108	0.02237	0.04783	0.02208	0.01329	0.01571	0.00963	0.00650	0.00677	0.00219	0.00997	0.00568	0.00320	0.01006
30	0.01634	0.01566	0.02671	0.14472	0.61876	0.01610	0.02070	0.02048	0.01530	0.02164	0.01276	0.01712	0.01059	0.00620	0.00678	0.00207	0.00827	0.00609	0.00334	0.01036
31	0.04640	0.54577	0.07066	0.01474	0.06088	0.12748	0.01310	0.02156	0.01475	0.01739	0.01002	0.01173	0.00885	0.00609	0.00490	0.00160	0.00818	0.00399	0.00308	0.00881
32	0.02568	0.05543	0.01982	0.01690	0.02079	0.59888	0.01294	0.08454	0.02030	0.06577	0.01213	0.01337	0.00959	0.00720	0.00621	0.00180	0.01132	0.00469	0.00412	0.00852
33	0.00950	0.00724	0.00879	0.00881	0.01044	0.00679	0.00645	0.01298	0.06252	0.02317	0.36501	0.22173	0.19873	0.01619	0.00816	0.00235	0.00360	0.01422	0.00695	0.00638
34	0.00977	0.00733	0.01100	0.01100	0.01222	0.00855	0.00855	0.01222	0.01100	0.01588	0.01833	0.02688	0.01710	0.05131	0.73245	0.01100	0.01833	0.00733	0.00367	0.00611
35	0.00834	0.00595	0.00794	0.00953	0.00992	0.00556	0.00635	0.00953	0.01310	0.01746	0.03771	0.75510	0.04525	0.02143	0.00873	0.00278	0.00397	0.01945	0.00635	0.00556
36	0.05240	0.01213	0.01579	0.01220	0.01738	0.01094	0.01006	0.08311	0.02020	0.62793	0.02694	0.02369	0.03731	0.00865	0.00684	0.00212	0.00587	0.00696	0.00815	0.01134
37	0.01372	0.03539	0.72412	0.01950	0.02961	0.01589	0.02528	0.02167	0.01444	0.02167	0.01228	0.01444	0.00867	0.00650	0.00650	0.00217	0.01011	0.00506	0.00289	0.01011
38	0.02677	0.01202	0.01543	0.01220	0.01700	0.01118	0.00995	0.08156	0.08679	0.53003	0.08233	0.02626	0.03789	0.00919	0.00701	0.00214	0.00565	0.00753	0.00807	0.01100
39	0.03041	0.01210	0.01616	0.01239	0.01769	0.01073	0.01023	0.07308	0.02034	0.68082	0.02636	0.02287	0.01662	0.00845	0.00688	0.00211	0.00592	0.00684	0.00837	0.01164
40	0.01610	0.05519	0.08149	0.02745	0.03451	0.01768	0.61913	0.02183	0.01594	0.02162	0.01354	0.01785	0.01020	0.00582	0.00780	0.00226	0.01125	0.00768	0.00340	0.00926
41	0.00955	0.00719	0.00909	0.01009	0.01168	0.00673	0.00814	0.01190	0.01536	0.01959	0.07578	0.19834	0.25231	0.01867	0.00883	0.00278	0.00485	0.31675	0.00638	0.00600
42	0.00864	0.00614	0.00809	0.00937	0.00977	0.00590	0.00623	0.00977	0.01255	0.01682	0.03430	0.61399	0.04069	0.11667	0.06320	0.00385	0.00532	0.01739	0.00588	0.00542
43	0.01039	0.00758	0.00881	0.00858	0.01074	0.00694	0.00665	0.01370	0.05001	0.04934	0.27427	0.05697	0.34332	0.01529	0.00799	0.00231	0.00385	0.07928	0.03746	0.00654
44	0.01450	0.01459	0.02078	0.62762	0.07953	0.09295	0.01848	0.01873	0.01440	0.01766	0.01203	0.01753	0.00918	0.00682	0.00676	0.00221	0.00942	0.00590	0.00311	0.00781
45	0.02381	0.02930	0.01834	0.01669	0.02007	0.61645	0.01248	0.02738	0.09314	0.01785	0.01302	0.01547	0.01097	0.04687	0.00776	0.00208	0.01129	0.00506	0.00393	0.00805
46	0.00905	0.00697	0.00827	0.00795	0.00984	0.00619	0.00596	0.01169	0.01788	0.02391	0.46000	0.05690	0.32003	0.01530	0.00808	0.00221	0.00332	0.01319	0.00707	0.00619
47	0.02387	0.02755	0.02171	0.02172	0.13371	0.49020	0.04070	0.11897	0.02043	0.02152	0.01189	0.01388	0.00959	0.00701	0.00643	0.00187	0.01096	0.00506	0.00396	0.00896
48	0.00979	0.00726	0.01066	0.01066	0.01177	0.00837	0.00814	0.01200	0.01090	0.01564	0.01863	0.02855	0.01783	0.11749	0.66727	0.01059	0.01723	0.00757	0.00371	0.00592
49	0.01396	0.07369	0.68792	0.01909	0.02898	0.01648	0.02456	0.02160	0.01442	0.02137	0.01213	0.01426	0.00867	0.00647	0.00639	0.00213	0.00996	0.00498	0.00289	0.01004
50	0.00893	0.00690	0.00815	0.00796	0.00979	0.00612	0.00592	0.01141	0.01741	0.02309	0.40310	0.09983	0.33506	0.01583	0.00812	0.00226	0.00337	0.01366	0.00697	0.00612
51	0.01419	0.01216	0.01419	0.01013	0.01621	0.00912	0.00811	0.01723	0.01419	0.02229	0.01216	0.01419	0.01013	0.00507	0.00507	0.00101	0.00507	0.00405	0.00405	0.80139
52	0.30465	0.01741	0.01677	0.01339	0.01837	0.03837	0.01102	0.43583	0.02451	0.03798	0.01381	0.01442	0.01005	0.00752	0.00590	0.00207	0.00686	0.00524	0.00582	0.01003
53	0.00967	0.00699	0.00809	0.00839	0.01005	0.00626	0.00600	0.01169	0.03131	0.05242	0.09560	0.30129	0.35287	0.05538	0.00957	0.00267	0.00394	0.01530	0.00643	0.00606
54	0.01520	0.01449	0.02464	0.34485	0.42758	0.01580	0.02013	0.01948	0.01476	0.02025	0.01256	0.01750	0.01010	0.00642	0.00680	0.00214	0.00856	0.00609	0.00324	0.00944
55	0.01661	0.01592	0.02718	0.09882	0.66260	0.01617	0.02083	0.02071	0.01542	0.02196	0.01281	0.01704	0.01070	0.00616	0.00678	0.00205	0.00821	0.00609	0.00336	0.01057
56	0.01591	0.01801	0.03882	0.02794	0.03443	0.01715	0.64905	0.02140	0.01585	0.02160	0.01425	0.03665	0.01119	0.00639	0.00864	0.00234	0.03951	0.00828	0.00351	0.00907
57	0.00888	0.00705	0.00810	0.00854	0.01045	0.00626	0.00667	0.01099	0.01571	0.01957	0.11356	0.13319	0.44957	0.01778	0.00844	0.00252	0.00410	0.15625	0.00644	0.00592
58	0.02233	0.01417	0.02260	0.01899	0.08042	0.01359	0.18102	0.05666	0.11774	0.31521	0.02386	0.04566	0.03788	0.00838	0.00727	0.00221	0.00732	0.00783	0.00637	0.01048
59	0.01721	0.01690	0.02627	0.06316	0.60145	0.05581	0.01984	0.02183	0.04862	0.02200	0.01332	0.01708	0.01109	0.00650	0.00720	0.00207	0.02957	0.00608	0.00354	0.01047
60	0.01042	0.00909	0.05119	0.01148	0.01322	0.00766	0.08123	0.01243	0.01311	0.01851	0.02860	0.41988	0.03186	0.10575	0.01191	0.03712	0.00543	0.01395	0.11112	0.00604
61	0.01487	0.05019	0.57261	0.02047	0.02965	0.05964	0.11451	0.02201	0.01496	0.02127	0.01232	0.01478	0.00891	0.00642	0.00664	0.00214	0.01037	0.00539	0.00301	0.00983
62	0.01649	0.01837	0.03915	0.02906	0.06797	0.01737	0.63876	0.04276	0.01662	0.02259	0.01387	0.01832	0.01044	0.00586	0.00797	0.00229	0.01125	0.00792	0.00356	0.00938
63	0.01445	0.01257	0.01709	0.01481	0.01797	0.03465	0.12359	0.10899	0.15238	0.02411	0.02986	0.26758	0.06860	0.01375	0.00797	0.00249	0.00642	0.06859	0.00596	0.00817
64	0.01823	0.01661	0.04928	0.02336	0.08600	0.01589	0.33585	0.09320	0.06024	0.10594	0.01818	0.08039	0.01477	0.00818	0.00825	0.00230	0.04055	0.00832	0.00482	0.00964
65	0.01655	0.18081	0.15145	0.01399	0.01879	0.12127	0.01323	0.04764	0.10506	0.03830	0.02203	0.12688	0.05378	0.01038	0.00667	0.00213	0.00757	0.05020	0.00470	0.00858
66	0.01515	0.26247	0.50952	0.01707	0.02585	0.01938	0.02105	0.02130	0.01427	0.01993	0.01141	0.01336	0.00870	0.00630	0.00584	0.00195	0.00924	0.00462	0.00290	0.00970
67	0.01442	0.00742	0.00873	0.00841	0.01029	0.00712	0.00620	0.01709	0.03860	0.13144	0.02792	0.17421	0.05652	0.04875	0.00893	0.05054	0.00418	0.00966	0.36273	0.00685
68	0.03371	0.18837	0.32432	0.06086	0.05718	0.01652	0.04116	0.01890	0.01408	0.01968	0.01626	0.14781	0.01546	0.00902	0.00647	0.00212	0.00816	0.00753	0.00361	0.00878
69	0.01719	0.01688	0.02709	0.06795	0.65761	0.05055	0.02055	0.02116	0.01569	0.02189	0.01273	0.01676	0.01067	0.00617	0.00675	0.00203	0.00837	0.00601	0.00338	0.01057
70	0.01564	0.01612	0.06236	0.23677	0.49355	0.01594	0.02066	0.02005	0.01499	0.02095	0.01264	0.01717	0.01024	0.00632	0.00678	0.00211	0.00851	0.00604	0.00326	0.00989
71	0.01584	0.06820	0.24992	0.03620	0.03813	0.01420	0.01508	0.08184	0.07195	0.09136	0.08778	0.04960	0.11172	0.00977	0.00733	0.00218	0.02666	0.00791	0.00513	0.00918
72	0.01990	0.01702	0.09567	0.01946	0.12133	0.04892	0.06214	0.09647	0.05940	0.18460	0.05591	0.06129	0.01785	0.00928	0.00862	0.00226	0.07909	0.02544	0.00552	0.00981
73	0.01691	0.51531	0.23300	0.01554	0.05780	0.02329	0.01609	0.02085	0.01415	0.01802	0.01048	0.01228	0.00886	0.00605	0.00512	0.00170	0.00816	0.00419	0.00294	0.00927
74	0.01296	0.00771	0.01070	0.01050	0.01207	0.00802	0.00791	0.01501	0.01312	0.12723	0.02544	0.23787	0.02534	0.05683	0.31917	0.00625	0.02920	0.01077	0.05709	0.00680
75	0.06205	0.01620	0.03927	0.04125	0.21858	0.09191	0.03334	0.09773	0.06248	0.02457	0.09057	0.04562	0.10522	0.00946	0.00745	0.00214	0.03036	0.00793	0.00491	0.00895
76	0.01660	0.01591	0.02716	0.10081	0.66070	0.01617	0.02083	0.02070	0.01542	0.02194	0.01281	0.01704	0.01069	0.00616	0.00678	0.00205	0.00821	0.00609	0.00336	0.01057
77	0.02199	0.01822	0.01858	0.01485	0.01978	0.12051	0.03786	0.32096	0.06391	0.07325	0.01857	0.02137	0.03075	0.00837	0.00669	0.00194	0.00757	0.04615	0.00582	0.14286
78	0.10154	0.03054	0.57364	0.01761	0.02658	0.01523	0.02177	0.02270	0.01467	0.09488	0.01350	0.01500	0.00938	0.00669	0.00629	0.00216	0.00915	0.00510	0.00361	0.00998
79	0.02406	0.02280	0.02002	0.05651	0.07550	0.32736	0.03447	0.13249	0.08175	0.13453	0.01600	0.01675	0.01184	0.00753	0.00660	0.00198	0.00941	0.00570	0.00510	0.00961
80	0.01857	0.01400	0.01799	0.01446	0.01876	0.01455	0.09505	0.21648	0.16828	0.09877	0.10320	0.04852	0.11988	0.01041	0.00738	0.00221	0.00628	0.00898	0.00660	0.00962
81	0.02123	0.01008	0.01297	0.01097	0.01453	0.00924	0.00858	0.06113	0.03865	0.38081	0.10945	0.15642	0.07852	0.04410	0.00862	0.00244	0.00515	0.01035	0.00752	0.00923
82	0.01269	0.01152	0.01898	0.16510	0.20977	0.01235	0.05818	0.01575	0.01404	0.01917	0.02228	0.27069	0.02364	0.01258	0.00882	0.00249	0.06049	0.04919	0.00447	0.00780
83	0.04583	0.01990	0.01878	0.01720	0.07827	0.22331	0.01262	0.15191	0.07022	0.23765	0.01800	0.01783	0.01281	0.00795	0.00719	0.00204	0.03657	0.00591	0.00588	0.01017
84	0.01451	0.16094	0.60546	0.01816	0.02753	0.01782	0.02294	0.02146	0.01435	0.02071	0.01180	0.01385	0.00869	0.00639	0.00614	0.00205	0.00963	0.00481	0.00290	0.00988
85	0.01059	0.00805	0.01024	0.00991	0.01012	0.00917	0.00678	0.01130	0.01052	0.01460	0.02077	0.11439	0.02339	0.46039	0.12239	0.00618	0.13199	0.00997	0.00413	0.00512
86	0.04394	0.08937	0.02120	0.01673	0.04064	0.27366	0.05167	0.13862	0.04897	0.09814	0.01562	0.05671	0.01283	0.00837	0.00744	0.00203	0.05386	0.00622	0.00485	0.00915
87	0.02197	0.01604	0.01706	0.01412	0.01834	0.08977	0.03094	0.22538	0.16159	0.16914	0.08773	0.07560	0.02167	0.00978	0.00709	0.00216	0.00672	0.00804	0.00678	0.01009
88	0.01365	0.00991	0.01306	0.01212	0.01431	0.00995	0.05241	0.14151	0.03761	0.05661	0.03151	0.43636	0.05421	0.05212	0.00944	0.00275	0.00544	0.03343	0.00627	0.00735
89	0.01153	0.00626	0.00681	0.00725	0.00851	0.00615	0.00522	0.01417	0.01400	0.02329	0.02657	0.22686	0.02518	0.01169	0.00587	0.00192	0.00340	0.00998	0.57919	0.00615
90	0.01603	0.04512	0.13141	0.09848	0.42452	0.01665	0.12671	0.02091	0.01527	0.02153	0.01275	0.01672	0.01022	0.00616	0.00686	0.00210	0.00901	0.00617	0.00328	0.01011
91	0.01586	0.02006	0.11315	0.02787	0.06068	0.01726	0.56488	0.02162	0.01570	0.02167	0.01343	0.01781	0.01015	0.00612	0.00847	0.00231	0.04269	0.00758	0.00338	0.00931
92	0.00834	0.00595	0.00794	0.00953	0.00992	0.00556	0.00635	0.00953	0.01310	0.01746	0.03771	0.75510	0.04525	0.02143	0.00873	0.00278	0.00397	0.01945	0.00635	0.00556
93	0.76675	0.01425	0.01055	0.00945	0.01365	0.05304	0.00771	0.02049	0.01205	0.02996	0.00958	0.01118	0.00748	0.00639	0.00434	0.00210	0.00566	0.00374	0.00420	0.00744
94	0.00843	0.00684	0.00747	0.00754	0.00951	0.00589	0.00557	0.01039	0.01606	0.02013	0.19239	0.13764	0.51402	0.01712	0.00815	0.00233	0.00347	0.01458	0.00658	0.00589
95	0.01780	0.04498	0.15861	0.02117	0.19129	0.01552	0.01587	0.12539	0.09381	0.06348	0.03370	0.01784	0.01317	0.00699	0.00640	0.00190	0.00729	0.00583	0.00470	0.15429
96	0.76239	0.01407	0.03213	0.00950	0.01395	0.01552	0.00811	0.03849	0.01229	0.03076	0.00980	0.01136	0.00756	0.00641	0.00437	0.00212	0.00550	0.00381	0.00426	0.00761
97	0.04652	0.21382	0.09333	0.02230	0.21468	0.03757	0.05370	0.02060	0.05063	0.02059	0.04809	0.01850	0.03423	0.00846	0.02313	0.00221	0.07276	0.00599	0.00371	0.00917
98	0.02068	0.08201	0.02425	0.10264	0.19679	0.31863	0.05637	0.06366	0.01775	0.02005	0.01174	0.01468	0.00961	0.00681	0.00679	0.00194	0.02773	0.00531	0.00357	0.00897

[dist]
# distance from previous block
# <min> <max>
0	2

[block]
# block no. 4 follows, 31 sequences, length 8
# corresponding to MSA columns:
# 429-436
name=unknown_E
#
# <colnr> <probs for GDERKNQSTAVLIFYWHMCP>
#	G	D	E	R	K	N	Q	S	T	A	V	L	I	F	Y	W	H	M	C	P
0	0.01002	0.00697	0.00800	0.00810	0.00978	0.00617	0.00575	0.01155	0.01476	0.06484	0.09891	0.22692	0.36434	0.11834	0.01179	0.00299	0.00416	0.01440	0.00628	0.00594
1	0.01502	0.01439	0.02387	0.32809	0.34776	0.01644	0.01937	0.01894	0.01412	0.01956	0.01206	0.01721	0.00988	0.00718	0.00888	0.00226	0.10663	0.00607	0.00319	0.00906
2	0.01684	0.01711	0.12840	0.19257	0.14718	0.01463	0.12515	0.04241	0.04298	0.11488	0.05459	0.04161	0.01522	0.00766	0.00711	0.00221	0.00838	0.00716	0.00448	0.00945
3	0.01586	0.03173	0.59136	0.01923	0.02853	0.01588	0.05932	0.06506	0.01603	0.07385	0.01369	0.01543	0.00955	0.00671	0.00663	0.00216	0.00971	0.00542	0.00357	0.01027
4	0.00869	0.00610	0.00783	0.00907	0.00938	0.00579	0.00587	0.00962	0.01241	0.01654	0.03417	0.59944	0.04078	0.18318	0.01445	0.00362	0.00455	0.01737	0.00587	0.00525
5	0.01187	0.00807	0.00966	0.00929	0.01147	0.00764	0.00714	0.03401	0.06121	0.07515	0.26070	0.13234	0.21739	0.01492	0.00789	0.00232	0.00408	0.06741	0.05046	0.00697
6	0.08696	0.06957	0.34972	0.01898	0.06136	0.01641	0.09917	0.04907	0.08089	0.05158	0.04209	0.01748	0.01269	0.00704	0.00651	0.00214	0.00859	0.00592	0.00405	0.00976
7	0.01556	0.01213	0.01700	0.10004	0.18637	0.01269	0.01269	0.12469	0.05624	0.05597	0.14261	0.15464	0.02738	0.01096	0.00730	0.00222	0.00610	0.00970	0.03694	0.00876

[dist]
# distance from previous block
# <min> <max>
0	1

[block]
# block no. 5 follows, 31 sequences, length 26
# corresponding to MSA columns:
# 438-463
name=unknown_F
#
# <colnr> <probs for GDERKNQSTAVLIFYWHMCP>
#	G	D	E	R	K	N	Q	S	T	A	V	L	I	F	Y	W	H	M	C	P
0	0.01147	0.00725	0.00954	0.01027	0.03500	0.00669	0.00701	0.01348	0.01545	0.09147	0.19670	0.37251	0.09492	0.04616	0.00911	0.00260	0.00415	0.01465	0.04499	0.00657
1	0.11131	0.06025	0.02200	0.03885	0.23001	0.06585	0.03328	0.16026	0.04254	0.06502	0.04255	0.01747	0.01304	0.00760	0.00753	0.00210	0.05985	0.00598	0.00472	0.00980
2	0.10986	0.08249	0.43451	0.01998	0.06564	0.01689	0.11022	0.02187	0.03694	0.02264	0.01249	0.01482	0.00927	0.00641	0.00631	0.00212	0.00925	0.00534	0.00329	0.00964
3	0.00834	0.00595	0.00794	0.00953	0.00992	0.00556	0.00635	0.00953	0.01310	0.01746	0.03771	0.75510	0.04525	0.02143	0.00873	0.00278	0.00397	0.01945	0.00635	0.00556
4	0.01448	0.01165	0.01394	0.01031	0.01587	0.00910	0.00824	0.01745	0.01411	0.05311	0.01345	0.01588	0.01114	0.00989	0.07868	0.00207	0.00644	0.00451	0.00421	0.68547
5	0.09300	0.09742	0.26038	0.04079	0.15268	0.01734	0.01788	0.06327	0.06670	0.04654	0.02832	0.01638	0.01153	0.00721	0.00718	0.00212	0.05204	0.00554	0.00395	0.00974
6	0.00867	0.00686	0.00790	0.00857	0.01028	0.00609	0.00652	0.01052	0.01501	0.01859	0.05568	0.23703	0.43013	0.01861	0.00849	0.00257	0.00409	0.13223	0.00634	0.00581
7	0.01141	0.00996	0.01209	0.01183	0.01333	0.08133	0.03178	0.01368	0.01255	0.01682	0.02133	0.16779	0.02157	0.03793	0.46728	0.00783	0.01415	0.00940	0.03167	0.00630
8	0.02039	0.14341	0.15693	0.01851	0.08873	0.10364	0.05257	0.11737	0.04580	0.12111	0.01637	0.01960	0.01280	0.00771	0.00651	0.00204	0.00845	0.04340	0.00473	0.00989
9	0.08113	0.10937	0.11023	0.06369	0.34390	0.09090	0.01769	0.04313	0.01576	0.02193	0.01361	0.01644	0.03023	0.00667	0.00623	0.00198	0.00837	0.00555	0.00354	0.00964
10	0.01507	0.01121	0.01207	0.01071	0.01384	0.03067	0.00842	0.14235	0.10145	0.07914	0.15320	0.06460	0.27125	0.01337	0.00766	0.00226	0.00498	0.04286	0.00679	0.00809
11	0.06289	0.01122	0.01394	0.01145	0.01566	0.01055	0.00918	0.07619	0.06190	0.42147	0.07182	0.09806	0.08375	0.01076	0.00711	0.00221	0.00535	0.00893	0.00759	0.00996
12	0.09016	0.01852	0.15262	0.12105	0.20367	0.01532	0.09014	0.06868	0.01659	0.10978	0.03840	0.01819	0.01248	0.00697	0.00670	0.00214	0.00824	0.00621	0.00434	0.00979
13	0.04565	0.05979	0.06447	0.08806	0.28561	0.08430	0.01651	0.10928	0.03607	0.05760	0.01511	0.05834	0.01271	0.00779	0.00706	0.00209	0.02902	0.00650	0.00429	0.00975
14	0.01177	0.00827	0.00958	0.00922	0.01162	0.00773	0.00712	0.03129	0.07382	0.08217	0.16656	0.12393	0.34106	0.01564	0.00804	0.00238	0.00419	0.07180	0.00680	0.00698
15	0.11079	0.01590	0.05395	0.05306	0.41889	0.01505	0.01688	0.03985	0.03468	0.07555	0.01391	0.01659	0.01096	0.00638	0.00630	0.00197	0.00734	0.00566	0.00409	0.09220
16	0.04355	0.06039	0.01838	0.06067	0.08226	0.08076	0.01192	0.19039	0.09058	0.09475	0.02049	0.03759	0.05619	0.00834	0.00643	0.00196	0.00691	0.00663	0.04113	0.08067
17	0.00904	0.00690	0.00836	0.00896	0.01026	0.00644	0.00635	0.01180	0.05430	0.02035	0.18058	0.40392	0.21101	0.01824	0.00834	0.00251	0.00378	0.01614	0.00662	0.00609
18	0.01577	0.17335	0.18039	0.02102	0.15692	0.01646	0.09596	0.03934	0.01561	0.05258	0.05594	0.11261	0.01766	0.00869	0.00671	0.00208	0.00787	0.00771	0.00414	0.00919
19	0.01748	0.06532	0.08341	0.01935	0.16082	0.04920	0.04636	0.07497	0.01657	0.06154	0.01330	0.01535	0.01050	0.00602	0.00594	0.00159	0.00719	0.00507	0.00416	0.33587
20	0.07550	0.01138	0.01427	0.01151	0.01584	0.01075	0.00932	0.06753	0.06636	0.43676	0.17588	0.02834	0.02672	0.00958	0.00697	0.00213	0.00529	0.00789	0.00779	0.01017
21	0.01077	0.00848	0.01191	0.01049	0.01300	0.00768	0.08051	0.01367	0.03281	0.05519	0.22151	0.13632	0.31749	0.03802	0.00890	0.00245	0.00460	0.01315	0.00639	0.00665
22	0.01674	0.11766	0.39534	0.06145	0.08159	0.15029	0.04214	0.02229	0.01540	0.01992	0.01172	0.01418	0.00896	0.00649	0.00628	0.00201	0.01003	0.00501	0.00308	0.00943
23	0.00979	0.00749	0.01052	0.01048	0.01112	0.00764	0.04520	0.01090	0.01195	0.01615	0.02829	0.39496	0.03294	0.27468	0.04855	0.00443	0.05014	0.01423	0.00512	0.00542
24	0.00978	0.00729	0.01080	0.01080	0.01195	0.00844	0.00831	0.01209	0.01094	0.01574	0.01851	0.02788	0.01754	0.09094	0.69342	0.01075	0.01767	0.00748	0.00369	0.00600
25	0.06355	0.05260	0.08041	0.05235	0.09299	0.01598	0.03660	0.22641	0.04294	0.16308	0.02084	0.03765	0.05477	0.00841	0.00669	0.00210	0.00711	0.00686	0.01850	0.01018

[dist]
# distance from previous block
# <min> <max>
0	24

[block]
# block no. 6 follows, 31 sequences, length 23
# corresponding to MSA columns:
# 488-510
name=unknown_G
#
# <colnr> <probs for GDERKNQSTAVLIFYWHMCP>
#	G	D	E	R	K	N	Q	S	T	A	V	L	I	F	Y	W	H	M	C	P
0	0.01734	0.01696	0.02201	0.02803	0.36209	0.10897	0.01594	0.06050	0.03806	0.02095	0.01394	0.02023	0.01266	0.11350	0.01290	0.00279	0.11379	0.00646	0.00378	0.00908
1	0.80789	0.01323	0.01006	0.00900	0.01323	0.01535	0.00741	0.02011	0.01164	0.03070	0.00953	0.01111	0.00741	0.00635	0.00423	0.00212	0.00529	0.00370	0.00423	0.00741
2	0.02556	0.03261	0.01939	0.01763	0.02115	0.73210	0.01322	0.02732	0.01939	0.01674	0.01058	0.01234	0.00881	0.00705	0.00617	0.00176	0.01234	0.00441	0.00353	0.00793
3	0.01771	0.01415	0.01529	0.01346	0.01743	0.01587	0.01052	0.05484	0.57849	0.07408	0.06179	0.02598	0.02217	0.00928	0.00694	0.00224	0.00538	0.00773	0.00698	0.03967
4	0.01613	0.01368	0.01481	0.01373	0.01725	0.01566	0.01086	0.03306	0.60233	0.02741	0.02909	0.03319	0.02363	0.01071	0.00733	0.00244	0.00555	0.10613	0.00686	0.01016
5	0.01338	0.01085	0.01237	0.01145	0.01418	0.01176	0.00886	0.02458	0.35815	0.02765	0.33793	0.03984	0.04160	0.01192	0.00759	0.00229	0.00447	0.04532	0.00718	0.00861
6	0.01086	0.00839	0.01147	0.01124	0.01279	0.00971	0.00865	0.01568	0.11384	0.01763	0.01991	0.02763	0.01808	0.08298	0.58747	0.00947	0.01578	0.00753	0.00418	0.00670
7	0.01406	0.03302	0.62836	0.02081	0.03047	0.01609	0.11866	0.02170	0.01468	0.02170	0.01250	0.01501	0.00891	0.00640	0.00672	0.00219	0.01031	0.00548	0.00297	0.00999
8	0.01052	0.00679	0.00998	0.00998	0.01068	0.00749	0.00728	0.01089	0.01019	0.01428	0.01637	0.02628	0.01595	0.10108	0.43046	0.28331	0.01307	0.00707	0.00347	0.00486
9	0.01213	0.01202	0.07306	0.01292	0.05182	0.01066	0.01009	0.01981	0.21859	0.02255	0.07494	0.19047	0.17497	0.01393	0.00767	0.00241	0.00512	0.05113	0.02776	0.00795
10	0.01225	0.01106	0.01843	0.01742	0.07742	0.01262	0.11202	0.01508	0.01203	0.01736	0.01566	0.02325	0.01439	0.05571	0.41689	0.00740	0.14316	0.00718	0.00351	0.00716
11	0.50384	0.01741	0.11974	0.01673	0.13887	0.01595	0.01278	0.06211	0.01401	0.02867	0.01094	0.01295	0.00845	0.00644	0.00517	0.00211	0.00664	0.00447	0.00405	0.00867
12	0.01398	0.14100	0.56016	0.01733	0.02611	0.01670	0.02158	0.02060	0.01462	0.02095	0.04440	0.01774	0.04175	0.00720	0.00632	0.00207	0.00911	0.00557	0.00324	0.00957
13	0.02077	0.01471	0.04289	0.02065	0.21345	0.01324	0.01344	0.12285	0.01894	0.20875	0.05440	0.01965	0.01520	0.00724	0.00649	0.00184	0.00656	0.00616	0.00558	0.18720
14	0.01594	0.01320	0.01513	0.01097	0.01696	0.01091	0.00883	0.11766	0.01685	0.02538	0.01279	0.01452	0.01036	0.00553	0.00533	0.00117	0.00543	0.00437	0.00447	0.68421
15	0.01038	0.00874	0.01347	0.01250	0.01442	0.00840	0.10842	0.01408	0.07412	0.02026	0.11048	0.46012	0.08319	0.01697	0.00837	0.00257	0.00510	0.01564	0.00611	0.00667
16	0.02071	0.01737	0.04319	0.04776	0.16290	0.01760	0.13488	0.27348	0.08525	0.07946	0.03665	0.01920	0.01381	0.00754	0.00709	0.00214	0.00805	0.00683	0.00546	0.01065
17	0.00850	0.00680	0.00760	0.00771	0.00957	0.00590	0.00567	0.01050	0.01611	0.02044	0.21623	0.16464	0.46194	0.01715	0.00818	0.00234	0.00348	0.01470	0.00663	0.00590
18	0.01504	0.05524	0.41604	0.01647	0.02373	0.07216	0.01858	0.04581	0.11812	0.02275	0.04716	0.02223	0.08076	0.00832	0.00669	0.00214	0.00849	0.00657	0.00419	0.00949
19	0.01543	0.05454	0.42845	0.01667	0.02409	0.01562	0.01894	0.14098	0.03731	0.02492	0.01705	0.12248	0.01490	0.00899	0.00678	0.00218	0.00838	0.00734	0.00425	0.03070
20	0.01662	0.05113	0.04336	0.01234	0.01840	0.01295	0.03419	0.13697	0.04351	0.02584	0.01344	0.01501	0.01069	0.00589	0.00558	0.00136	0.00604	0.00472	0.00453	0.53743
21	0.01803	0.01688	0.08379	0.03875	0.02076	0.01456	0.03127	0.22819	0.07459	0.02899	0.01478	0.01606	0.01128	0.00659	0.00605	0.00163	0.00665	0.00527	0.00498	0.37091
22	0.01069	0.14677	0.01354	0.00972	0.01181	0.00996	0.00760	0.01257	0.01450	0.01883	0.10976	0.37160	0.12960	0.01641	0.00769	0.00237	0.00465	0.06153	0.00576	0.03464

[dist]
# distance from previous block
# <min> <max>
16	56

[block]
# block no. 7 follows, 31 sequences, length 9
# corresponding to MSA columns:
# 582-590
name=unknown_H
#
# <colnr> <probs for GDERKNQSTAVLIFYWHMCP>
#	G	D	E	R	K	N	Q	S	T	A	V	L	I	F	Y	W	H	M	C	P
0	0.14616	0.04059	0.14664	0.01119	0.01567	0.03590	0.01073	0.04398	0.03530	0.05372	0.13063	0.03626	0.24503	0.01126	0.00682	0.00216	0.00575	0.00902	0.00542	0.00777
1	0.39311	0.01789	0.17120	0.01429	0.04609	0.01473	0.05140	0.05103	0.01390	0.02661	0.04207	0.01627	0.01176	0.01190	0.08870	0.00315	0.00834	0.00525	0.00406	0.00826
2	0.05379	0.31877	0.19819	0.01583	0.05332	0.14481	0.01517	0.02167	0.01509	0.03925	0.01280	0.05895	0.01130	0.00730	0.00567	0.00185	0.00858	0.00532	0.00348	0.00888
3	0.01093	0.00752	0.00806	0.00759	0.01028	0.00631	0.00581	0.01278	0.01610	0.10691	0.06398	0.06049	0.62643	0.01621	0.00793	0.00229	0.00376	0.01349	0.00662	0.00651
4	0.01842	0.60270	0.03241	0.09603	0.02131	0.09801	0.01270	0.02084	0.01444	0.01632	0.00992	0.01195	0.00882	0.00609	0.00485	0.00159	0.00804	0.00401	0.00300	0.00856
5	0.01188	0.00688	0.00929	0.00919	0.00984	0.00682	0.00635	0.05167	0.01165	0.01528	0.02199	0.11803	0.09644	0.02177	0.02110	0.55951	0.00551	0.00863	0.00402	0.00416
6	0.53615	0.09551	0.18424	0.01180	0.01761	0.01668	0.01214	0.02052	0.01255	0.02703	0.01019	0.01190	0.00785	0.00634	0.00479	0.00206	0.00666	0.00402	0.00378	0.00820
7	0.09139	0.06408	0.16125	0.01431	0.01950	0.10770	0.01338	0.15071	0.08790	0.06752	0.02106	0.09486	0.05884	0.00945	0.00659	0.00213	0.00752	0.00742	0.00517	0.00922
8	0.06332	0.17595	0.08079	0.01101	0.01549	0.01401	0.01006	0.08451	0.01702	0.05576	0.12745	0.06884	0.16100	0.01054	0.00650	0.00196	0.00566	0.00849	0.00529	0.07637

[dist]
# distance from previous block
# <min> <max>
7	29

[block]
# block no. 8 follows, 31 sequences, length 8
# corresponding to MSA columns:
# 620-627
name=unknown_I
#
# <colnr> <probs for GDERKNQSTAVLIFYWHMCP>
#	G	D	E	R	K	N	Q	S	T	A	V	L	I	F	Y	W	H	M	C	P
0	0.01232	0.01144	0.01092	0.00995	0.01250	0.11484	0.00748	0.01491	0.01758	0.02294	0.35658	0.09336	0.15409	0.01280	0.00742	0.00201	0.00493	0.01088	0.00617	0.11689
1	0.01483	0.02998	0.47839	0.01798	0.02583	0.12132	0.05904	0.02085	0.01544	0.02050	0.02017	0.02162	0.10841	0.00807	0.00677	0.00213	0.00959	0.00646	0.00351	0.00912
2	0.13451	0.12907	0.13095	0.01845	0.16007	0.03733	0.01409	0.06823	0.01607	0.09628	0.01475	0.01649	0.01125	0.00684	0.00572	0.00192	0.00705	0.00529	0.11628	0.00933
3	0.06405	0.09564	0.02000	0.01741	0.11470	0.01530	0.05697	0.07778	0.17251	0.13318	0.03967	0.12405	0.01990	0.00969	0.00683	0.00218	0.00637	0.00837	0.00578	0.00964
4	0.46769	0.12387	0.22094	0.01242	0.01859	0.01713	0.01319	0.02061	0.01277	0.02605	0.01032	0.01206	0.00796	0.00632	0.00491	0.00204	0.00697	0.00409	0.00366	0.00838
5	0.13443	0.12019	0.01686	0.01242	0.01555	0.09951	0.01021	0.11128	0.01720	0.02402	0.09195	0.10404	0.05793	0.01136	0.00809	0.00224	0.07305	0.07680	0.00510	0.00777
6	0.01932	0.18242	0.24809	0.01590	0.02204	0.22389	0.01605	0.07119	0.01715	0.04370	0.01323	0.03649	0.01074	0.00723	0.00599	0.00189	0.00933	0.00521	0.04108	0.00905
7	0.47132	0.01691	0.11156	0.01188	0.01726	0.01546	0.01107	0.11748	0.01611	0.13421	0.01349	0.01414	0.00960	0.00695	0.00531	0.00211	0.00636	0.00471	0.00505	0.00901

[dist]
# distance from previous block
# <min> <max>
0	2

[block]
# block no. 9 follows, 31 sequences, length 11
# corresponding to MSA columns:
# 630-640
name=unknown_J
#
# <colnr> <probs for GDERKNQSTAVLIFYWHMCP>
#	G	D	E	R	K	N	Q	S	T	A	V	L	I	F	Y	W	H	M	C	P
0	0.02732	0.01090	0.01480	0.01160	0.01630	0.00948	0.00948	0.03006	0.01955	0.61010	0.13725	0.02776	0.02459	0.00935	0.00707	0.00212	0.00540	0.00776	0.00832	0.01081
1	0.01681	0.04108	0.05144	0.16756	0.22046	0.03758	0.01562	0.10958	0.07464	0.04896	0.12722	0.02308	0.02003	0.00817	0.00691	0.00211	0.00735	0.00709	0.00487	0.00942
2	0.58051	0.16464	0.01561	0.00998	0.01436	0.05231	0.00852	0.02013	0.01253	0.02658	0.01065	0.03961	0.00920	0.00686	0.00453	0.00199	0.00599	0.00433	0.00402	0.00764
3	0.01780	0.23134	0.09100	0.04057	0.08600	0.01823	0.01294	0.14853	0.05797	0.04493	0.01519	0.01999	0.01314	0.12776	0.01052	0.00261	0.00740	0.00596	0.00437	0.04376
4	0.01439	0.11466	0.35090	0.01854	0.05877	0.01555	0.10277	0.01986	0.01450	0.02083	0.01413	0.07248	0.01209	0.00725	0.00640	0.00195	0.00856	0.00628	0.00345	0.13664
