[name]
unknown

[dist]
# distance from previous block
# <min> <max>
0	37

[block]
# block no. 0 follows, 26 sequences, length 19
# corresponding to MSA columns:
# 37-55
name=unknown_A
#
# <colnr> <probs for GDERKNQSTAVLIFYWHMCP>
#	G	D	E	R	K	N	Q	S	T	A	V	L	I	F	Y	W	H	M	C	P
0	0.04304	0.22843	0.30153	0.01803	0.02556	0.18241	0.01936	0.02469	0.01712	0.02127	0.01352	0.01766	0.01129	0.00781	0.00656	0.00213	0.01057	0.03546	0.00361	0.00994
1	0.01619	0.01600	0.05370	0.02106	0.13481	0.04695	0.10652	0.02218	0.09696	0.04318	0.11149	0.06768	0.08532	0.04816	0.00954	0.00256	0.00757	0.00966	0.00558	0.09487
2	0.01675	0.14809	0.42189	0.02334	0.05444	0.01999	0.16439	0.02384	0.01638	0.02310	0.01352	0.01646	0.01013	0.00690	0.00722	0.00230	0.01098	0.00613	0.00337	0.01078
3	0.04120	0.11489	0.12482	0.01510	0.03970	0.07205	0.05399	0.01967	0.05259	0.02280	0.09372	0.06287	0.23246	0.01240	0.00773	0.00235	0.00731	0.01029	0.00543	0.00864
4	0.01571	0.01636	0.12310	0.01244	0.01857	0.01112	0.01158	0.05344	0.01736	0.05625	0.02714	0.05209	0.12883	0.00942	0.00677	0.00181	0.00622	0.00769	0.05469	0.36941
5	0.01111	0.00854	0.01033	0.00969	0.01208	0.00744	0.00713	0.01364	0.01746	0.02405	0.26686	0.16131	0.16559	0.08429	0.01137	0.00282	0.00459	0.03541	0.00683	0.13947
6	0.01337	0.01115	0.01709	0.02261	0.21286	0.01140	0.01375	0.01626	0.01576	0.02158	0.03002	0.25267	0.03289	0.04380	0.04336	0.00353	0.04218	0.18189	0.00565	0.00820
7	0.02220	0.04621	0.12617	0.05584	0.07884	0.01825	0.13761	0.12252	0.13320	0.15041	0.02050	0.02136	0.01467	0.00822	0.00771	0.00240	0.00899	0.00738	0.00593	0.01159
8	0.65476	0.01566	0.01693	0.01376	0.01896	0.01739	0.12005	0.02264	0.01377	0.03236	0.01138	0.01372	0.00878	0.00693	0.00543	0.00238	0.00706	0.00494	0.00455	0.00856
9	0.01109	0.00849	0.01048	0.01023	0.01169	0.00903	0.00767	0.01314	0.01440	0.01982	0.05576	0.07597	0.23952	0.12111	0.19930	0.00576	0.07674	0.01155	0.09172	0.00653
10	0.01027	0.01221	0.12665	0.01246	0.01475	0.00813	0.01065	0.01288	0.01478	0.02016	0.03696	0.60597	0.04319	0.02092	0.00926	0.00296	0.00557	0.01882	0.00638	0.00703
11	0.01437	0.01396	0.01490	0.01839	0.12936	0.13548	0.01122	0.01635	0.01627	0.02015	0.03158	0.47588	0.03623	0.01793	0.00879	0.00273	0.00689	0.01597	0.00590	0.00765
12	0.01358	0.00962	0.01124	0.01067	0.01216	0.00979	0.00738	0.12324	0.01807	0.02447	0.14776	0.22031	0.03890	0.29502	0.02041	0.00447	0.00607	0.01351	0.00643	0.00689
13	0.01475	0.01275	0.01640	0.01245	0.01817	0.01001	0.05034	0.01796	0.01566	0.02377	0.01847	0.13859	0.01795	0.00879	0.00653	0.00155	0.00587	0.00772	0.00489	0.59738
14	0.01689	0.01427	0.01758	0.13344	0.02446	0.01336	0.01206	0.08400	0.08112	0.02664	0.01702	0.02160	0.01404	0.00755	0.00660	0.00174	0.00677	0.03835	0.00505	0.45747
15	0.01857	0.01634	0.03017	0.02262	0.02750	0.01639	0.33463	0.05328	0.01742	0.09810	0.04904	0.02719	0.01777	0.13313	0.01575	0.00343	0.09544	0.00900	0.00492	0.00932
16	0.51719	0.01652	0.01472	0.01243	0.01744	0.01887	0.01018	0.18878	0.08250	0.03736	0.01450	0.01538	0.01087	0.00789	0.00573	0.00235	0.00652	0.00524	0.00573	0.00979
17	0.20139	0.01172	0.01417	0.01594	0.10180	0.01219	0.01113	0.05133	0.01842	0.02916	0.21361	0.04685	0.06001	0.01349	0.00804	0.00264	0.00596	0.16745	0.00643	0.00828
18	0.01171	0.01005	0.01013	0.01115	0.01190	0.08446	0.00745	0.01286	0.01467	0.01842	0.03516	0.52439	0.04151	0.15160	0.01465	0.00373	0.00598	0.01777	0.00624	0.00617

[dist]
# distance from previous block
# <min> <max>
0	7

[block]
# block no. 1 follows, 26 sequences, length 31
# corresponding to MSA columns:
# 63-93
name=unknown_B
#
# <colnr> <probs for GDERKNQSTAVLIFYWHMCP>
#	G	D	E	R	K	N	Q	S	T	A	V	L	I	F	Y	W	H	M	C	P
0	0.01930	0.01832	0.03098	0.04424	0.61897	0.01839	0.05198	0.05933	0.01834	0.02606	0.01454	0.01882	0.01204	0.00687	0.00758	0.00227	0.00915	0.00686	0.00397	0.01198
1	0.01832	0.01746	0.02974	0.04462	0.64813	0.01754	0.02250	0.02273	0.01698	0.02438	0.01461	0.01940	0.01241	0.00959	0.04681	0.00281	0.00965	0.00684	0.00377	0.01172
2	0.02414	0.02106	0.02358	0.02487	0.19565	0.09651	0.01627	0.29897	0.15813	0.03530	0.01902	0.01990	0.01440	0.00859	0.00751	0.00229	0.00864	0.00695	0.00621	0.01203
3	0.01706	0.01034	0.01267	0.01164	0.01305	0.03702	0.00836	0.09367	0.04457	0.05396	0.01543	0.02247	0.01376	0.02187	0.02387	0.57656	0.00705	0.00670	0.00437	0.00560
4	0.01604	0.01469	0.02418	0.01919	0.02213	0.01675	0.19051	0.01961	0.01468	0.02280	0.01589	0.02123	0.01329	0.01171	0.04294	0.00298	0.27682	0.00736	0.20505	0.04218
5	0.05440	0.01873	0.03321	0.06061	0.33583	0.01900	0.23096	0.07815	0.01856	0.02658	0.01459	0.01895	0.01160	0.00714	0.00855	0.00241	0.03820	0.00736	0.00412	0.01105
6	0.01728	0.01650	0.02809	0.27133	0.47303	0.01763	0.02253	0.02197	0.01656	0.02296	0.01400	0.01926	0.01137	0.00704	0.00753	0.00235	0.00938	0.00675	0.00363	0.01081
7	0.01178	0.00923	0.01283	0.01232	0.01310	0.01103	0.00925	0.01359	0.01179	0.01692	0.01969	0.03315	0.01991	0.23398	0.41789	0.00951	0.12485	0.00869	0.00409	0.00642
8	0.01414	0.00707	0.00707	0.00707	0.00884	0.00707	0.00530	0.01767	0.01591	0.02828	0.02474	0.02828	0.01944	0.00884	0.00530	0.00177	0.00353	0.00707	0.77554	0.00707
9	0.01375	0.01372	0.02640	0.02171	0.05375	0.01290	0.30758	0.01776	0.01666	0.02233	0.05574	0.23992	0.10023	0.01579	0.04223	0.00315	0.00913	0.01355	0.00533	0.00838
10	0.00922	0.00669	0.00871	0.01034	0.01094	0.00618	0.00694	0.01059	0.01474	0.01945	0.04454	0.67733	0.09955	0.02341	0.00963	0.00304	0.00436	0.02113	0.00704	0.00618
11	0.01100	0.00748	0.00890	0.00890	0.00912	0.00770	0.00538	0.01143	0.01122	0.01517	0.02332	0.04645	0.02619	0.62468	0.14547	0.00813	0.00944	0.01056	0.00451	0.00495
12	0.02036	0.02107	0.02799	0.13222	0.42660	0.14953	0.03970	0.04886	0.01852	0.02372	0.01386	0.01802	0.01134	0.00716	0.00744	0.00224	0.01014	0.00646	0.00388	0.01088
13	0.02815	0.01511	0.01872	0.01565	0.04737	0.01471	0.01212	0.17536	0.09030	0.36926	0.02602	0.05559	0.01848	0.00968	0.00756	0.00229	0.00678	0.00791	0.00810	0.07084
14	0.02883	0.02125	0.02276	0.01745	0.02352	0.02352	0.01442	0.66082	0.03566	0.04780	0.01821	0.01821	0.01290	0.00911	0.00759	0.00228	0.00835	0.00683	0.00759	0.01290
15	0.01874	0.01951	0.02685	0.21431	0.35402	0.13004	0.04976	0.02295	0.01745	0.02215	0.01628	0.02063	0.03882	0.00764	0.00754	0.00230	0.01003	0.00693	0.00382	0.01023
16	0.01436	0.01352	0.02033	0.01727	0.01903	0.03766	0.10666	0.01692	0.01331	0.01890	0.03903	0.02706	0.01753	0.11976	0.24608	0.00657	0.24623	0.00822	0.00400	0.00758
17	0.78701	0.01467	0.01115	0.00997	0.01467	0.01702	0.00821	0.02230	0.01291	0.03403	0.01056	0.01232	0.00821	0.00704	0.00469	0.00235	0.00587	0.00411	0.00469	0.00821
18	0.00896	0.00768	0.00768	0.00768	0.01025	0.00640	0.00576	0.01089	0.01729	0.02049	0.07684	0.07300	0.68304	0.01921	0.00896	0.00256	0.00384	0.01601	0.00704	0.00640
19	0.01839	0.03140	0.46370	0.02475	0.12062	0.01694	0.07435	0.02565	0.01709	0.11229	0.01599	0.01803	0.01130	0.00737	0.00744	0.00239	0.01041	0.00629	0.00414	0.01147
20	0.01432	0.01348	0.02275	0.71520	0.05224	0.01685	0.02107	0.01938	0.01517	0.01938	0.01348	0.02022	0.01011	0.00758	0.00758	0.00253	0.01011	0.00674	0.00337	0.00843
21	0.00939	0.00672	0.00894	0.01046	0.01104	0.00626	0.00705	0.01094	0.01523	0.02049	0.10715	0.65992	0.05235	0.02292	0.00961	0.00301	0.00432	0.02076	0.00717	0.00626
22	0.01521	0.03923	0.69413	0.02162	0.03283	0.01762	0.02802	0.02402	0.01601	0.02402	0.01361	0.01601	0.00961	0.00721	0.00721	0.00240	0.01121	0.00560	0.00320	0.01121
23	0.00939	0.00775	0.00828	0.00828	0.01069	0.00664	0.00630	0.01164	0.01791	0.02206	0.16353	0.07126	0.56010	0.01876	0.00904	0.00258	0.00397	0.04804	0.00723	0.00654
24	0.04732	0.00800	0.01021	0.01016	0.01145	0.00880	0.00749	0.01423	0.01272	0.01995	0.02127	0.03226	0.02003	0.17337	0.37043	0.03463	0.01308	0.00822	0.17004	0.00637
25	0.01855	0.49992	0.26270	0.01592	0.02402	0.02579	0.01810	0.02316	0.01562	0.01995	0.01159	0.01348	0.00969	0.00673	0.00566	0.00189	0.00917	0.00458	0.00323	0.01024
26	0.02702	0.02500	0.02133	0.04147	0.02377	0.25296	0.01425	0.31166	0.11767	0.06275	0.01811	0.01847	0.01342	0.00879	0.00735	0.00222	0.00981	0.00644	0.00629	0.01123
27	0.01794	0.02075	0.13498	0.03273	0.29867	0.01699	0.17652	0.02331	0.01735	0.05358	0.04131	0.02249	0.01503	0.00779	0.00838	0.00238	0.02999	0.02793	0.00424	0.04765
28	0.01786	0.40481	0.35178	0.01710	0.02584	0.02410	0.02015	0.02334	0.01570	0.02079	0.01201	0.01400	0.00967	0.00683	0.00598	0.00199	0.00959	0.00479	0.00322	0.01044
29	0.01886	0.43557	0.26036	0.01770	0.05597	0.02496	0.01863	0.05102	0.01659	0.02158	0.01210	0.01405	0.00994	0.00686	0.00590	0.00195	0.00921	0.00483	0.00344	0.01048
30	0.05635	0.01378	0.01999	0.05887	0.21151	0.01344	0.01426	0.05631	0.01996	0.26415	0.13885	0.02883	0.02531	0.03410	0.00875	0.00250	0.00697	0.00834	0.00681	0.01091

[dist]
# distance from previous block
# <min> <max>
1	7

[block]
# block no. 2 follows, 26 sequences, length 16
# corresponding to MSA columns:
# 101-116
name=unknown_C
#
# <colnr> <probs for GDERKNQSTAVLIFYWHMCP>
#	G	D	E	R	K	N	Q	S	T	A	V	L	I	F	Y	W	H	M	C	P
0	0.01732	0.01436	0.01799	0.01362	0.01929	0.01287	0.05523	0.12753	0.05089	0.02994	0.13788	0.02457	0.02316	0.00829	0.00689	0.00172	0.00622	0.00708	0.00583	0.41933
1	0.01623	0.01541	0.02589	0.34330	0.36468	0.01684	0.02130	0.02084	0.01633	0.02212	0.01744	0.02247	0.04894	0.00783	0.00762	0.00239	0.00921	0.00727	0.00377	0.01009
2	0.00907	0.00769	0.00784	0.00780	0.01031	0.00645	0.00585	0.01110	0.01755	0.02111	0.11452	0.07198	0.64497	0.01898	0.00896	0.00255	0.00383	0.01587	0.00712	0.00645
3	0.00950	0.00749	0.00817	0.00835	0.01014	0.00659	0.00588	0.01119	0.01630	0.02035	0.12110	0.15763	0.43266	0.13430	0.01383	0.00339	0.00446	0.01575	0.00677	0.00615
4	0.01802	0.01541	0.01642	0.01482	0.01885	0.01765	0.01150	0.03761	0.60480	0.03159	0.09851	0.03124	0.02818	0.01083	0.00785	0.00255	0.00575	0.00911	0.00778	0.01150
5	0.00924	0.00660	0.00880	0.01056	0.01100	0.00616	0.00704	0.01056	0.01452	0.01936	0.04181	0.72848	0.05017	0.02376	0.00968	0.00308	0.00440	0.02156	0.00704	0.00616
6	0.09607	0.10032	0.52102	0.02116	0.07041	0.01873	0.02427	0.02367	0.01571	0.02453	0.01305	0.01544	0.00963	0.00709	0.00675	0.00231	0.01023	0.00538	0.00340	0.01081
7	0.02895	0.10314	0.02240	0.01732	0.02200	0.45725	0.01359	0.03120	0.02092	0.18948	0.01623	0.01661	0.01206	0.00808	0.00683	0.00202	0.01126	0.00550	0.00523	0.00994
8	0.01414	0.00707	0.00707	0.00707	0.00884	0.00707	0.00530	0.01767	0.01591	0.02828	0.02474	0.02828	0.01944	0.00884	0.00530	0.00177	0.00353	0.00707	0.77554	0.00707
9	0.00988	0.00772	0.00896	0.00865	0.01081	0.00679	0.00648	0.01266	0.01945	0.02563	0.39030	0.06454	0.36637	0.01729	0.00896	0.00247	0.00371	0.01482	0.00772	0.00679
10	0.01877	0.01802	0.03079	0.04656	0.68612	0.01802	0.02328	0.02328	0.01727	0.02478	0.01427	0.01877	0.01201	0.00676	0.00751	0.00225	0.00901	0.00676	0.00375	0.01201
11	0.00911	0.00762	0.00794	0.00800	0.01037	0.00644	0.00595	0.01112	0.01743	0.02116	0.12002	0.11262	0.59777	0.01922	0.00901	0.00258	0.00386	0.01618	0.00714	0.00644
12	0.04553	0.01594	0.01796	0.01533	0.01965	0.01786	0.01231	0.14398	0.33790	0.13356	0.05702	0.02823	0.02227	0.01071	0.00904	0.00256	0.05988	0.03125	0.00753	0.01149
13	0.01786	0.01593	0.02609	0.02180	0.09345	0.01486	0.19226	0.02188	0.01643	0.07363	0.01605	0.04670	0.01337	0.00782	0.00923	0.00206	0.08858	0.00713	0.00457	0.31031
14	0.02115	0.11236	0.22868	0.02124	0.10569	0.02095	0.01899	0.25380	0.06018	0.03224	0.01829	0.01947	0.03676	0.00837	0.00719	0.00226	0.00897	0.00655	0.00525	0.01161
15	0.02651	0.02110	0.01948	0.01566	0.02100	0.18405	0.01248	0.23561	0.02525	0.16658	0.05996	0.02066	0.01675	0.00869	0.00718	0.00203	0.00853	0.00657	0.00660	0.13532

[dist]
# distance from previous block
# <min> <max>
10	17

[block]
# block no. 3 follows, 26 sequences, length 30
# corresponding to MSA columns:
# 182-211
name=unknown_D
#
# <colnr> <probs for GDERKNQSTAVLIFYWHMCP>
#	G	D	E	R	K	N	Q	S	T	A	V	L	I	F	Y	W	H	M	C	P
0	0.26033	0.01509	0.07607	0.01358	0.01810	0.01387	0.05560	0.02332	0.01607	0.15937	0.04687	0.07635	0.01822	0.00983	0.00790	0.00242	0.05773	0.00763	0.11247	0.00919
1	0.01554	0.01306	0.01515	0.01341	0.01706	0.01384	0.03406	0.05379	0.32978	0.02911	0.15710	0.08682	0.12419	0.01299	0.00819	0.00248	0.00547	0.01119	0.00738	0.04938
2	0.01421	0.01373	0.02305	0.01925	0.02139	0.01596	0.16416	0.01707	0.01388	0.01983	0.02048	0.18808	0.02133	0.02139	0.13037	0.00456	0.26788	0.01096	0.00444	0.00799
3	0.01815	0.04661	0.08773	0.01851	0.02271	0.04465	0.09518	0.06880	0.14353	0.05295	0.01854	0.02205	0.01497	0.01870	0.14479	0.00446	0.15552	0.00738	0.00494	0.00984
4	0.01050	0.00722	0.00853	0.00890	0.00926	0.00702	0.00544	0.01119	0.01300	0.01738	0.08650	0.21173	0.06267	0.47588	0.02805	0.00573	0.00619	0.01395	0.00559	0.00526
5	0.26262	0.01846	0.01584	0.01338	0.01808	0.15529	0.01069	0.09390	0.01979	0.21463	0.01847	0.01864	0.01313	0.00826	0.00631	0.00220	0.00764	0.00584	0.08681	0.01001
6	0.02369	0.01303	0.01505	0.01267	0.01697	0.01338	0.01010	0.08380	0.21659	0.26194	0.02785	0.02660	0.01979	0.00949	0.00702	0.00225	0.00569	0.00770	0.21532	0.01106
7	0.01582	0.01394	0.01751	0.01485	0.01830	0.06753	0.10074	0.06229	0.07004	0.02475	0.02806	0.15512	0.07805	0.01565	0.06115	0.00309	0.03252	0.01049	0.13097	0.07913
8	0.05844	0.02112	0.02104	0.01710	0.02212	0.08951	0.01384	0.40189	0.15964	0.03905	0.01922	0.01943	0.01425	0.00942	0.00861	0.00238	0.05747	0.00686	0.00683	0.01179
9	0.01540	0.11229	0.43375	0.01966	0.02802	0.01794	0.07448	0.02195	0.01559	0.02240	0.03692	0.02002	0.01346	0.04836	0.05757	0.00329	0.03876	0.00647	0.00357	0.01006
10	0.04830	0.07596	0.19426	0.02040	0.08088	0.01686	0.09050	0.08306	0.04171	0.11632	0.04382	0.04241	0.01741	0.00904	0.00750	0.00235	0.00869	0.04345	0.00535	0.05173
11	0.01737	0.18325	0.46728	0.01876	0.02809	0.02022	0.02263	0.07703	0.01754	0.02492	0.01388	0.01597	0.01038	0.00729	0.00666	0.00220	0.00995	0.00545	0.04028	0.01084
12	0.01263	0.00972	0.01280	0.01463	0.04917	0.00997	0.01091	0.01839	0.12293	0.02349	0.06169	0.27793	0.04183	0.01919	0.00956	0.00311	0.00597	0.28129	0.00701	0.00780
13	0.01847	0.01498	0.02118	0.07500	0.14809	0.04546	0.07380	0.09001	0.07168	0.08792	0.02533	0.19066	0.02406	0.01399	0.03191	0.00292	0.00831	0.04049	0.00593	0.00981
14	0.01858	0.27515	0.27904	0.04326	0.06075	0.08649	0.03619	0.02415	0.03512	0.02120	0.01277	0.01525	0.01026	0.00738	0.00735	0.00214	0.04584	0.00533	0.00347	0.01027
15	0.01318	0.00659	0.00988	0.00988	0.00988	0.00659	0.00659	0.00988	0.00988	0.01318	0.01318	0.02306	0.01318	0.02635	0.02964	0.77931	0.00659	0.00659	0.00329	0.00329
16	0.01006	0.00791	0.00915	0.00929	0.01129	0.00719	0.00689	0.01323	0.04561	0.02368	0.24013	0.18388	0.34395	0.01865	0.00909	0.00264	0.00407	0.03902	0.00744	0.00683
17	0.09209	0.01911	0.01854	0.01661	0.04843	0.09977	0.01258	0.23113	0.22519	0.03463	0.07595	0.02560	0.04755	0.00996	0.00744	0.00236	0.00749	0.00781	0.00680	0.01095
18	0.03367	0.01348	0.01796	0.01377	0.01965	0.01200	0.01137	0.08010	0.02267	0.64688	0.02911	0.02529	0.01837	0.00937	0.00763	0.00234	0.00659	0.00757	0.00926	0.01291
19	0.01005	0.00707	0.00863	0.00955	0.01003	0.00675	0.00616	0.01097	0.01346	0.01772	0.03740	0.38066	0.09141	0.30633	0.02119	0.00476	0.00563	0.04055	0.00606	0.00559
20	0.01790	0.02046	0.04476	0.03197	0.03964	0.01918	0.65857	0.02430	0.01790	0.02430	0.01535	0.02046	0.01151	0.00639	0.00895	0.00256	0.01279	0.00895	0.00384	0.01023
21	0.02457	0.01751	0.01941	0.01683	0.04334	0.05045	0.01305	0.29948	0.11807	0.14045	0.02463	0.10149	0.02039	0.01144	0.00857	0.00249	0.03391	0.03520	0.00734	0.01139
22	0.01064	0.00775	0.01001	0.00944	0.01127	0.00712	0.00708	0.01413	0.02125	0.02989	0.64990	0.05753	0.10411	0.01570	0.00895	0.00239	0.00359	0.01384	0.00828	0.00712
23	0.03302	0.01269	0.01728	0.01332	0.01902	0.01098	0.01098	0.03599	0.02170	0.66277	0.05815	0.02715	0.02106	0.00965	0.00768	0.00235	0.00633	0.00789	0.00934	0.01266
24	0.01103	0.00735	0.00827	0.00827	0.00827	0.00735	0.00460	0.01103	0.01103	0.01471	0.02390	0.04964	0.02758	0.73343	0.03861	0.00735	0.00735	0.01103	0.00460	0.00460
25	0.01657	0.01483	0.02342	0.20819	0.33002	0.01511	0.01819	0.02091	0.01631	0.02377	0.01511	0.01968	0.01222	0.00701	0.00695	0.00207	0.00809	0.00639	0.09051	0.14464
26	0.09161	0.49362	0.06179	0.01345	0.01921	0.10842	0.01276	0.02297	0.01579	0.02001	0.01196	0.01475	0.01073	0.03682	0.00661	0.00201	0.00850	0.00464	0.03514	0.00922
27	0.07301	0.21648	0.08448	0.08516	0.12914	0.07070	0.01628	0.09358	0.08633	0.02553	0.01586	0.04334	0.01325	0.00815	0.00664	0.00217	0.00862	0.00635	0.00456	0.01037
28	0.05341	0.10657	0.01827	0.04212	0.01806	0.12983	0.01080	0.07952	0.04568	0.04965	0.12896	0.07186	0.02609	0.08843	0.01112	0.00276	0.03218	0.00857	0.03894	0.03718
29	0.05215	0.02025	0.07591	0.01855	0.06815	0.02009	0.01487	0.38168	0.12612	0.03863	0.02065	0.06795	0.01644	0.00978	0.00754	0.00235	0.00782	0.00782	0.00674	0.03650

[dist]
# distance from previous block
# <min> <max>
0	12

[block]
# block no. 4 follows, 26 sequences, length 14
# corresponding to MSA columns:
# 224-237
name=unknown_E
#
# <colnr> <probs for GDERKNQSTAVLIFYWHMCP>
#	G	D	E	R	K	N	Q	S	T	A	V	L	I	F	Y	W	H	M	C	P
0	0.06750	0.01871	0.08577	0.02115	0.06563	0.04646	0.19998	0.06461	0.05548	0.09453	0.02796	0.05294	0.12291	0.01019	0.00856	0.00249	0.03044	0.00924	0.00548	0.00996
1	0.06060	0.06210	0.02037	0.01567	0.02070	0.04162	0.04097	0.13989	0.30891	0.13875	0.05245	0.02477	0.02023	0.00951	0.00743	0.00239	0.00705	0.00774	0.00726	0.01158
2	0.01010	0.00759	0.00808	0.00798	0.01013	0.00669	0.00588	0.01241	0.01747	0.02296	0.17613	0.06265	0.44347	0.06179	0.01033	0.00272	0.00397	0.01410	0.10902	0.00652
3	0.01589	0.13188	0.60737	0.02047	0.03106	0.01926	0.02603	0.02385	0.01593	0.02320	0.01321	0.01550	0.00963	0.00711	0.00690	0.00230	0.01080	0.00540	0.00321	0.01101
4	0.01521	0.03923	0.69413	0.02162	0.03283	0.01762	0.02802	0.02402	0.01601	0.02402	0.01361	0.01601	0.00961	0.00721	0.00721	0.00240	0.01121	0.00560	0.00320	0.01121
5	0.02192	0.59530	0.03604	0.01431	0.02028	0.16684	0.01332	0.02425	0.01665	0.01799	0.01078	0.01247	0.00974	0.00676	0.00527	0.00169	0.00924	0.00422	0.00338	0.00954
6	0.02837	0.03518	0.02158	0.01940	0.02345	0.65857	0.01464	0.07150	0.02242	0.02047	0.01215	0.01397	0.00997	0.00790	0.00689	0.00198	0.01333	0.00501	0.00415	0.00906
7	0.01937	0.61295	0.15685	0.01452	0.02186	0.02779	0.01567	0.02295	0.01552	0.01895	0.01109	0.01286	0.00971	0.00662	0.00529	0.00176	0.00867	0.00433	0.00324	0.01000
8	0.00924	0.00660	0.00880	0.01056	0.01100	0.00616	0.00704	0.01056	0.01452	0.01936	0.04181	0.72848	0.05017	0.02376	0.00968	0.00308	0.00440	0.02156	0.00704	0.00616
9	0.01084	0.00813	0.01219	0.01219	0.01354	0.00948	0.00948	0.01354	0.01219	0.01761	0.02032	0.02980	0.01896	0.05689	0.70337	0.01219	0.02032	0.00813	0.00406	0.00677
10	0.01414	0.00707	0.00707	0.00707	0.00884	0.00707	0.00530	0.01767	0.01591	0.02828	0.02474	0.02828	0.01944	0.00884	0.00530	0.00177	0.00353	0.00707	0.77554	0.00707
11	0.02391	0.01854	0.01979	0.01599	0.02131	0.02048	0.01292	0.39380	0.24360	0.04004	0.02543	0.02446	0.05328	0.00991	0.00763	0.00234	0.00721	0.00782	0.00747	0.04407
12	0.02883	0.02125	0.02276	0.01745	0.02352	0.02352	0.01442	0.66082	0.03566	0.04780	0.01821	0.01821	0.01290	0.00911	0.00759	0.00228	0.00835	0.00683	0.00759	0.01290
13	0.58364	0.01314	0.01127	0.01015	0.01407	0.01486	0.00804	0.02111	0.01316	0.07053	0.01417	0.01916	0.01211	0.10148	0.06379	0.00374	0.00722	0.00550	0.00492	0.00794

[dist]
# distance from previous block
# <min> <max>
0	1

[block]
# block no. 5 follows, 26 sequences, length 21
# corresponding to MSA columns:
# 239-259
name=unknown_F
#
# <colnr> <probs for GDERKNQSTAVLIFYWHMCP>
#	G	D	E	R	K	N	Q	S	T	A	V	L	I	F	Y	W	H	M	C	P
0	0.01680	0.23257	0.47854	0.02048	0.06214	0.02109	0.02360	0.02362	0.01591	0.02234	0.01279	0.01508	0.00977	0.00698	0.00657	0.00218	0.01024	0.00523	0.00324	0.01084
1	0.78701	0.01467	0.01115	0.00997	0.01467	0.01702	0.00821	0.02230	0.01291	0.03403	0.01056	0.01232	0.00821	0.00704	0.00469	0.00235	0.00587	0.00411	0.00469	0.00821
2	0.01002	0.00743	0.00935	0.00949	0.01105	0.00676	0.00688	0.01270	0.01886	0.02570	0.40360	0.24116	0.17224	0.01838	0.00915	0.00260	0.00385	0.01624	0.00777	0.00676
3	0.01102	0.00740	0.00849	0.00849	0.00857	0.00747	0.00487	0.01117	0.01110	0.01487	0.02370	0.04852	0.02709	0.69520	0.07617	0.00763	0.00809	0.01087	0.00457	0.00472
4	0.02185	0.01782	0.01792	0.01510	0.01938	0.08582	0.01211	0.27971	0.11471	0.06110	0.03114	0.03255	0.13886	0.01431	0.04794	0.00299	0.03826	0.03119	0.00681	0.01042
5	0.01040	0.00774	0.00967	0.00919	0.01112	0.00701	0.00689	0.01366	0.02067	0.02852	0.56615	0.05979	0.18872	0.01622	0.00895	0.00242	0.00363	0.01416	0.00810	0.00701
6	0.01866	0.01746	0.02518	0.11065	0.38283	0.04436	0.01907	0.05054	0.16504	0.02663	0.04967	0.02265	0.01707	0.00819	0.00761	0.00235	0.00836	0.00742	0.00497	0.01129
7	0.00982	0.00721	0.00929	0.01037	0.01150	0.00668	0.00749	0.01189	0.01652	0.02193	0.16390	0.43969	0.14124	0.02129	0.00954	0.00293	0.00447	0.09049	0.00727	0.00647
8	0.01295	0.00933	0.01127	0.01033	0.01251	0.00946	0.00803	0.04097	0.01874	0.05580	0.26829	0.05033	0.24081	0.01686	0.03928	0.00287	0.07628	0.01216	0.09624	0.00750
9	0.01759	0.02046	0.18740	0.01482	0.02218	0.01354	0.01462	0.04365	0.04789	0.07543	0.01557	0.01728	0.01195	0.00699	0.00722	0.00175	0.04021	0.00538	0.00474	0.43134
10	0.02449	0.01909	0.02032	0.01657	0.02187	0.02149	0.01337	0.39014	0.31342	0.04079	0.02373	0.02261	0.01737	0.00962	0.00764	0.00241	0.00732	0.00759	0.00764	0.01251
11	0.01813	0.29012	0.34799	0.01694	0.02568	0.02101	0.01964	0.02372	0.01607	0.05771	0.01336	0.01511	0.01032	0.00690	0.00621	0.00198	0.00924	0.00503	0.00369	0.09117
12	0.03249	0.01325	0.01756	0.01369	0.01940	0.01193	0.01124	0.03730	0.08780	0.62437	0.03002	0.02607	0.01922	0.00948	0.00764	0.00237	0.00641	0.00772	0.00922	0.01282
13	0.02883	0.02125	0.02276	0.01745	0.02352	0.02352	0.01442	0.66082	0.03566	0.04780	0.01821	0.01821	0.01290	0.00911	0.00759	0.00228	0.00835	0.00683	0.00759	0.01290
14	0.01731	0.01806	0.05908	0.10625	0.20174	0.06446	0.07323	0.05121	0.13629	0.02507	0.02862	0.03016	0.13574	0.00993	0.00789	0.00241	0.00841	0.00877	0.00517	0.01018
15	0.01530	0.01483	0.02338	0.62887	0.10499	0.04596	0.02098	0.02017	0.01561	0.01981	0.01347	0.01982	0.01026	0.00752	0.00755	0.00248	0.01017	0.00666	0.00343	0.00875
16	0.01414	0.00707	0.00707	0.00707	0.00884	0.00707	0.00530	0.01767	0.01591	0.02828	0.02474	0.02828	0.01944	0.00884	0.00530	0.00177	0.00353	0.00707	0.77554	0.00707
17	0.50139	0.01972	0.01488	0.04928	0.04456	0.18518	0.01092	0.02397	0.01542	0.02891	0.01170	0.01393	0.00928	0.00732	0.00550	0.00223	0.00803	0.00465	0.03467	0.00847
18	0.00933	0.00690	0.00851	0.00974	0.01061	0.00631	0.00656	0.01067	0.01484	0.01922	0.04802	0.52787	0.18742	0.08183	0.01193	0.00332	0.00452	0.01947	0.00684	0.00608
19	0.01854	0.16457	0.44721	0.01970	0.02905	0.04170	0.04984	0.06189	0.01763	0.06182	0.01425	0.01610	0.01043	0.00729	0.00688	0.00224	0.01035	0.00562	0.00387	0.01101
20	0.01852	0.06034	0.08137	0.01399	0.02039	0.04669	0.01227	0.11919	0.08021	0.02788	0.01685	0.04908	0.01404	0.00770	0.00646	0.00171	0.00705	0.00609	0.00516	0.40501

[dist]
# distance from previous block
# <min> <max>
1	2

[block]
# block no. 6 follows, 26 sequences, length 15
# corresponding to MSA columns:
# 262-276
name=unknown_G
#
# <colnr> <probs for GDERKNQSTAVLIFYWHMCP>
#	G	D	E	R	K	N	Q	S	T	A	V	L	I	F	Y	W	H	M	C	P
0	0.02183	0.02283	0.01947	0.11077	0.02491	0.27822	0.01395	0.09646	0.10165	0.02512	0.04743	0.02194	0.01622	0.00905	0.00791	0.00218	0.03854	0.02620	0.03117	0.08415
1	0.01084	0.00813	0.01219	0.01219	0.01354	0.00948	0.00948	0.01354	0.01219	0.01761	0.02032	0.02980	0.01896	0.05689	0.70337	0.01219	0.02032	0.00813	0.00406	0.00677
2	0.01566	0.01295	0.01449	0.01406	0.01721	0.01438	0.01105	0.02961	0.41253	0.02758	0.03674	0.13701	0.06640	0.01480	0.00862	0.00283	0.00588	0.14088	0.00744	0.00987
3	0.00924	0.00660	0.00880	0.01056	0.01100	0.00616	0.00704	0.01056	0.01452	0.01936	0.04181	0.72848	0.05017	0.02376	0.00968	0.00308	0.00440	0.02156	0.00704	0.00616
4	0.01192	0.01034	0.01562	0.07038	0.01831	0.01092	0.07205	0.01489	0.01712	0.02344	0.24597	0.20682	0.12374	0.01612	0.01114	0.00273	0.10085	0.01390	0.00636	0.00738
5	0.01223	0.00779	0.01003	0.01034	0.01203	0.00718	0.00768	0.01474	0.01779	0.07811	0.23169	0.30693	0.11436	0.01860	0.00905	0.00273	0.00447	0.07581	0.05129	0.00716
6	0.09932	0.01430	0.01574	0.01389	0.01810	0.01550	0.01086	0.06230	0.34689	0.17119	0.02953	0.12231	0.02396	0.01157	0.00766	0.00256	0.00597	0.00963	0.00767	0.01105
7	0.02614	0.05092	0.06027	0.01813	0.07594	0.01637	0.04182	0.17801	0.04907	0.27364	0.02131	0.02080	0.01477	0.00826	0.00725	0.00215	0.00760	0.00677	0.00692	0.11387
8	0.02190	0.01687	0.01774	0.01517	0.01968	0.04745	0.01198	0.16398	0.37509	0.09953	0.10136	0.02857	0.02554	0.01044	0.00778	0.00244	0.00659	0.00855	0.00776	0.01159
9	0.02212	0.15889	0.33985	0.01764	0.02615	0.01897	0.01976	0.09562	0.01939	0.18529	0.01745	0.01790	0.01218	0.00780	0.00692	0.00223	0.00919	0.00594	0.00517	0.01153
10	0.00994	0.00755	0.00930	0.01028	0.01185	0.00691	0.00781	0.01213	0.01664	0.02128	0.09679	0.30418	0.27180	0.02096	0.00957	0.00295	0.00475	0.16171	0.00712	0.00650
11	0.01835	0.07169	0.13659	0.03205	0.19062	0.05109	0.34006	0.02418	0.01747	0.02367	0.01434	0.01852	0.01115	0.00667	0.00798	0.00237	0.01138	0.00741	0.00369	0.01070
12	0.00924	0.00660	0.00880	0.01056	0.01100	0.00616	0.00704	0.01056	0.01452	0.01936	0.04181	0.72848	0.05017	0.02376	0.00968	0.00308	0.00440	0.02156	0.00704	0.00616
13	0.01448	0.01258	0.02023	0.24365	0.20212	0.01360	0.01749	0.01874	0.01701	0.02282	0.07708	0.04512	0.02705	0.01258	0.00866	0.00277	0.00823	0.22191	0.00511	0.00877
14	0.12831	0.34316	0.05202	0.01416	0.02002	0.07345	0.01293	0.18331	0.02064	0.02844	0.01343	0.01482	0.01084	0.00747	0.00578	0.00195	0.00813	0.00504	0.04594	0.01016

[dist]
# distance from previous block
# <min> <max>
2	5

[block]
# block no. 7 follows, 26 sequences, length 64
# corresponding to MSA columns:
# 282-345
name=unknown_H
#
# <colnr> <probs for GDERKNQSTAVLIFYWHMCP>
#	G	D	E	R	K	N	Q	S	T	A	V	L	I	F	Y	W	H	M	C	P
0	0.06647	0.01614	0.04626	0.17110	0.13376	0.05985	0.01575	0.04058	0.03837	0.06925	0.08648	0.02752	0.07498	0.01176	0.03364	0.00282	0.08286	0.00805	0.00504	0.00931
1	0.01249	0.00947	0.01143	0.01119	0.01332	0.00946	0.00848	0.05762	0.09950	0.02750	0.29822	0.20840	0.11595	0.01719	0.00901	0.00267	0.00468	0.06794	0.00768	0.00780
2	0.00997	0.00757	0.01009	0.06066	0.01417	0.00742	0.00820	0.01196	0.01533	0.02015	0.08402	0.42928	0.14557	0.04675	0.05706	0.00369	0.00597	0.04909	0.00658	0.00646
3	0.01741	0.00944	0.01247	0.01142	0.01363	0.00941	0.00842	0.04193	0.01549	0.19436	0.02644	0.12101	0.02500	0.22782	0.22387	0.00677	0.01065	0.01044	0.00610	0.00791
4	0.01880	0.01601	0.01722	0.01656	0.04554	0.04196	0.01255	0.03602	0.51966	0.04954	0.03069	0.03467	0.02473	0.01140	0.00803	0.00265	0.00654	0.08877	0.00738	0.01127
5	0.01318	0.00659	0.00988	0.00988	0.00988	0.00659	0.00659	0.00988	0.00988	0.01318	0.01318	0.02306	0.01318	0.02635	0.02964	0.77931	0.00659	0.00659	0.00329	0.00329
6	0.01573	0.01348	0.01573	0.01123	0.01798	0.01011	0.00899	0.01910	0.01573	0.02472	0.01348	0.01573	0.01123	0.00562	0.00562	0.00112	0.00562	0.00449	0.00449	0.77980
7	0.01085	0.00807	0.01188	0.01188	0.01313	0.00932	0.00910	0.01335	0.01210	0.01738	0.02060	0.03135	0.01964	0.10972	0.65146	0.01181	0.01930	0.00835	0.00410	0.00660
8	0.01456	0.01347	0.02339	0.53213	0.04492	0.01581	0.09316	0.01955	0.01571	0.02083	0.01656	0.02591	0.01354	0.00858	0.00781	0.00255	0.00972	0.05608	0.05728	0.00843
9	0.01090	0.00789	0.01097	0.01097	0.01190	0.00882	0.00796	0.01276	0.01183	0.01671	0.02143	0.03597	0.02164	0.26740	0.49652	0.01069	0.01628	0.00903	0.00423	0.00610
10	0.00896	0.00768	0.00768	0.00768	0.01025	0.00640	0.00576	0.01089	0.01729	0.02049	0.07684	0.07300	0.68304	0.01921	0.00896	0.00256	0.00384	0.01601	0.00704	0.00640
11	0.01432	0.01348	0.02275	0.71520	0.05224	0.01685	0.02107	0.01938	0.01517	0.01938	0.01348	0.02022	0.01011	0.00758	0.00758	0.00253	0.01011	0.00674	0.00337	0.00843
12	0.01621	0.01541	0.02616	0.43192	0.32079	0.01735	0.02200	0.02103	0.01606	0.02167	0.01381	0.01961	0.01092	0.00723	0.00755	0.00241	0.00965	0.00675	0.00353	0.00995
13	0.01084	0.00813	0.01219	0.01219	0.01354	0.00948	0.00948	0.01354	0.01219	0.01761	0.02032	0.02980	0.01896	0.05689	0.70337	0.01219	0.02032	0.00813	0.00406	0.00677
14	0.78701	0.01467	0.01115	0.00997	0.01467	0.01702	0.00821	0.02230	0.01291	0.03403	0.01056	0.01232	0.00821	0.00704	0.00469	0.00235	0.00587	0.00411	0.00469	0.00821
15	0.01195	0.00974	0.01508	0.01402	0.01579	0.01132	0.04960	0.01556	0.03862	0.01862	0.01977	0.02833	0.01810	0.04919	0.59028	0.01066	0.06386	0.00810	0.00415	0.00729
16	0.04202	0.01547	0.02406	0.46254	0.18015	0.01796	0.02026	0.10288	0.01817	0.02464	0.01416	0.01941	0.01081	0.00759	0.00748	0.00243	0.00952	0.00667	0.00404	0.00975
17	0.04976	0.33478	0.19820	0.01757	0.02508	0.02385	0.08129	0.09483	0.06371	0.02493	0.01405	0.01575	0.01110	0.00723	0.00635	0.00208	0.00914	0.00555	0.00414	0.01060
18	0.73707	0.01489	0.01242	0.01235	0.05832	0.01708	0.00919	0.02236	0.01319	0.03343	0.01080	0.01274	0.00846	0.00702	0.00488	0.00234	0.00607	0.00428	0.00463	0.00846
19	0.01725	0.01621	0.02649	0.06267	0.52761	0.01637	0.02013	0.02240	0.05692	0.02432	0.02139	0.07828	0.05838	0.00912	0.00779	0.00237	0.00818	0.00861	0.00445	0.01107
20	0.01103	0.00735	0.00827	0.00827	0.00827	0.00735	0.00460	0.01103	0.01103	0.01471	0.02390	0.04964	0.02758	0.73343	0.03861	0.00735	0.00735	0.01103	0.00460	0.00460
21	0.01767	0.01542	0.01696	0.01508	0.01928	0.01741	0.03289	0.03631	0.57358	0.03016	0.03575	0.03329	0.10028	0.01121	0.00791	0.00257	0.00598	0.00946	0.00751	0.01129
22	0.01103	0.00735	0.00827	0.00827	0.00827	0.00735	0.00460	0.01103	0.01103	0.01471	0.02390	0.04964	0.02758	0.73343	0.03861	0.00735	0.00735	0.01103	0.00460	0.00460
23	0.01521	0.03923	0.69413	0.02162	0.03283	0.01762	0.02802	0.02402	0.01601	0.02402	0.01361	0.01601	0.00961	0.00721	0.00721	0.00240	0.01121	0.00560	0.00320	0.01121
24	0.03403	0.01291	0.01760	0.01350	0.01936	0.01115	0.01115	0.03697	0.02171	0.69137	0.02992	0.02582	0.01878	0.00939	0.00763	0.00235	0.00645	0.00763	0.00939	0.01291
25	0.78701	0.01467	0.01115	0.00997	0.01467	0.01702	0.00821	0.02230	0.01291	0.03403	0.01056	0.01232	0.00821	0.00704	0.00469	0.00235	0.00587	0.00411	0.00469	0.00821
26	0.01432	0.01348	0.02275	0.71520	0.05224	0.01685	0.02107	0.01938	0.01517	0.01938	0.01348	0.02022	0.01011	0.00758	0.00758	0.00253	0.01011	0.00674	0.00337	0.00843
27	0.01826	0.01750	0.02986	0.12404	0.61266	0.01789	0.02302	0.02283	0.01703	0.02415	0.01418	0.01894	0.01179	0.00685	0.00752	0.00228	0.00914	0.00676	0.00371	0.01160
28	0.01414	0.00707	0.00707	0.00707	0.00884	0.00707	0.00530	0.01767	0.01591	0.02828	0.02474	0.02828	0.01944	0.00884	0.00530	0.00177	0.00353	0.00707	0.77554	0.00707
29	0.16728	0.16636	0.19336	0.01561	0.04033	0.01915	0.01538	0.06521	0.07795	0.02726	0.01476	0.01634	0.01150	0.00729	0.00606	0.00205	0.00782	0.00531	0.03476	0.10622
30	0.02521	0.01945	0.02072	0.01672	0.02214	0.02183	0.01354	0.43518	0.26721	0.04196	0.02281	0.02188	0.01663	0.00954	0.00764	0.00238	0.00749	0.00746	0.00764	0.01257
31	0.78701	0.01467	0.01115	0.00997	0.01467	0.01702	0.00821	0.02230	0.01291	0.03403	0.01056	0.01232	0.00821	0.00704	0.00469	0.00235	0.00587	0.00411	0.00469	0.00821
32	0.01756	0.03595	0.60977	0.02061	0.03115	0.01681	0.02592	0.02564	0.01672	0.10724	0.01565	0.01724	0.01075	0.00748	0.00726	0.00240	0.01062	0.00586	0.00397	0.01142
33	0.78701	0.01467	0.01115	0.00997	0.01467	0.01702	0.00821	0.02230	0.01291	0.03403	0.01056	0.01232	0.00821	0.00704	0.00469	0.00235	0.00587	0.00411	0.00469	0.00821
34	0.02059	0.01626	0.04353	0.01416	0.01885	0.01639	0.01176	0.28223	0.14330	0.06934	0.12981	0.03565	0.14126	0.01198	0.00804	0.00240	0.00644	0.00977	0.00755	0.01068
35	0.01103	0.00735	0.00827	0.00827	0.00827	0.00735	0.00460	0.01103	0.01103	0.01471	0.02390	0.04964	0.02758	0.73343	0.03861	0.00735	0.00735	0.01103	0.00460	0.00460
36	0.01563	0.01443	0.02320	0.12526	0.02659	0.01618	0.16909	0.02176	0.10242	0.02302	0.02200	0.02726	0.05819	0.06005	0.01320	0.00292	0.14611	0.00844	0.11552	0.00872
37	0.00946	0.00669	0.00874	0.01028	0.01066	0.00631	0.00674	0.01062	0.01409	0.01878	0.03957	0.64383	0.04735	0.11226	0.01329	0.00361	0.00477	0.02025	0.00674	0.00597
38	0.06292	0.14630	0.50051	0.01912	0.02840	0.01939	0.02331	0.02305	0.01551	0.02328	0.01371	0.03820	0.01087	0.00786	0.00746	0.00233	0.03803	0.00582	0.00343	0.01052
39	0.01751	0.01812	0.02310	0.01988	0.02019	0.07631	0.01644	0.01919	0.01239	0.01828	0.01009	0.01637	0.00994	0.01285	0.02348	0.00321	0.66443	0.00650	0.00336	0.00834
40	0.08548	0.01719	0.02083	0.01934	0.09787	0.04125	0.06323	0.17489	0.17266	0.03299	0.10190	0.02467	0.02170	0.00913	0.00742	0.00226	0.00734	0.00772	0.00630	0.08583
41	0.02648	0.03083	0.02291	0.01972	0.02409	0.49997	0.06457	0.12657	0.02282	0.02349	0.01356	0.01594	0.01098	0.01103	0.05152	0.00270	0.01321	0.00571	0.00448	0.00941
42	0.11338	0.01836	0.03483	0.02513	0.03225	0.01712	0.44920	0.02302	0.01685	0.02559	0.01438	0.01851	0.01104	0.00632	0.00776	0.00225	0.01051	0.00747	0.00407	0.16195
43	0.01719	0.01741	0.03420	0.02551	0.03145	0.01670	0.43762	0.08531	0.01949	0.02637	0.06271	0.10856	0.02192	0.01015	0.00899	0.00264	0.01043	0.04867	0.00506	0.00963
44	0.01636	0.19698	0.54640	0.01967	0.02981	0.02041	0.02463	0.02373	0.01588	0.02263	0.01292	0.01515	0.00964	0.00704	0.00668	0.00223	0.01051	0.00526	0.00321	0.01088
45	0.00947	0.00770	0.00838	0.00821	0.01055	0.00662	0.00616	0.01186	0.01847	0.02330	0.24804	0.06838	0.51009	0.01816	0.00896	0.00251	0.00377	0.01536	0.00741	0.00662
46	0.01102	0.00740	0.00853	0.00853	0.00862	0.00749	0.00491	0.01119	0.01111	0.01490	0.02367	0.04835	0.02702	0.68945	0.08182	0.00767	0.00820	0.01084	0.00456	0.00474
47	0.01512	0.01429	0.02418	0.59601	0.16523	0.01706	0.02146	0.02007	0.01554	0.02034	0.01362	0.01996	0.01045	0.00744	0.00757	0.00248	0.00992	0.00674	0.00344	0.00907
48	0.01401	0.00710	0.00719	0.00717	0.00894	0.00707	0.00538	0.01754	0.01613	0.02836	0.05057	0.02939	0.02149	0.00910	0.00545	0.00179	0.00354	0.00733	0.74539	0.00707
49	0.01049	0.00777	0.00971	0.01071	0.01217	0.00731	0.00827	0.01266	0.01612	0.02067	0.06909	0.22555	0.21356	0.10353	0.01310	0.00356	0.00549	0.23709	0.00678	0.00637
50	0.02512	0.01727	0.01952	0.01551	0.02050	0.01870	0.01266	0.44538	0.02980	0.10764	0.09659	0.02482	0.02102	0.01557	0.09061	0.00348	0.00903	0.00786	0.00744	0.01151
51	0.02489	0.01657	0.01877	0.01546	0.02027	0.01770	0.01254	0.36628	0.09118	0.14427	0.02607	0.11675	0.02202	0.01207	0.00810	0.00251	0.00720	0.05807	0.00777	0.01149
52	0.01997	0.01966	0.02782	0.14608	0.45812	0.09764	0.02124	0.07326	0.01887	0.02501	0.01416	0.01837	0.01153	0.00719	0.00745	0.00226	0.00967	0.00654	0.00401	0.01115
53	0.01298	0.00981	0.01437	0.01775	0.09340	0.00981	0.01350	0.01659	0.01744	0.02294	0.03716	0.07782	0.03999	0.01931	0.01013	0.00335	0.00722	0.56225	0.00661	0.00757
54	0.01850	0.01754	0.02870	0.08497	0.56905	0.01805	0.02183	0.02501	0.09306	0.02525	0.01614	0.01997	0.01319	0.00722	0.00754	0.00231	0.00873	0.00697	0.00419	0.01179
55	0.02608	0.02233	0.02238	0.02060	0.09940	0.13345	0.01492	0.39881	0.09430	0.03804	0.01818	0.01889	0.01354	0.00873	0.00739	0.00223	0.00890	0.00668	0.03331	0.01183
56	0.01230	0.00856	0.01204	0.01365	0.01526	0.00856	0.01178	0.01526	0.01687	0.02196	0.03805	0.08068	0.04127	0.02137	0.01197	0.06407	0.00695	0.58599	0.00670	0.00670
57	0.01758	0.01680	0.02863	0.22628	0.51574	0.01771	0.02268	0.02223	0.01671	0.02333	0.01406	0.01916	0.01150	0.00698	0.00753	0.00233	0.00931	0.00675	0.00365	0.01105
58	0.01855	0.01865	0.03436	0.04283	0.52087	0.01832	0.18567	0.02354	0.01743	0.02466	0.01454	0.01920	0.01189	0.00667	0.00788	0.00233	0.00998	0.00732	0.00378	0.01156
59	0.01079	0.00774	0.01026	0.01162	0.01268	0.00750	0.00865	0.03503	0.01645	0.02190	0.07958	0.49605	0.04847	0.02202	0.00977	0.00312	0.00516	0.17941	0.00713	0.00667
60	0.00938	0.00709	0.00869	0.00974	0.01096	0.00640	0.00685	0.01113	0.01599	0.02068	0.10218	0.45907	0.23998	0.02167	0.00944	0.00289	0.00426	0.04015	0.00714	0.00634
61	0.12277	0.04151	0.01988	0.03943	0.04733	0.18442	0.01322	0.22414	0.02301	0.03093	0.05529	0.01936	0.01520	0.01243	0.06187	0.00297	0.03411	0.00634	0.00541	0.04038
62	0.41931	0.01985	0.10341	0.01572	0.07075	0.08494	0.01292	0.02527	0.03525	0.09806	0.01453	0.01594	0.01083	0.00753	0.00587	0.00229	0.00756	0.00520	0.03524	0.00951
63	0.16408	0.34472	0.22418	0.01498	0.02226	0.02277	0.01629	0.04258	0.01571	0.02373	0.01292	0.04185	0.01111	0.00757	0.00580	0.00207	0.00845	0.00530	0.00379	0.00984

[dist]
# distance from previous block
# <min> <max>
4	52

[block]
# block no. 8 follows, 26 sequences, length 6
# corresponding to MSA columns:
# 402-407
name=unknown_I
#
# <colnr> <probs for GDERKNQSTAVLIFYWHMCP>
#	G	D	E	R	K	N	Q	S	T	A	V	L	I	F	Y	W	H	M	C	P
0	0.04201	0.06219	0.05626	0.01499	0.01875	0.22733	0.01202	0.09312	0.04591	0.08309	0.03832	0.04699	0.01850	0.17310	0.01468	0.00337	0.02761	0.00767	0.00527	0.00883
1	0.01883	0.02412	0.10360	0.02413	0.02980	0.17271	0.30033	0.02343	0.01760	0.02181	0.01873	0.06105	0.05092	0.00926	0.01007	0.00252	0.08912	0.00853	0.00409	0.00935
2	0.01039	0.00726	0.00883	0.00921	0.01003	0.00702	0.00611	0.01103	0.01319	0.01715	0.03821	0.19670	0.17831	0.27178	0.09281	0.09025	0.00717	0.01365	0.00548	0.00542
3	0.01856	0.02114	0.10448	0.02439	0.03010	0.02031	0.29174	0.08967	0.10928	0.02634	0.01641	0.01998	0.01272	0.00883	0.01200	0.00268	0.16856	0.00781	0.00457	0.01042
4	0.10837	0.01266	0.01535	0.01225	0.01741	0.01159	0.00991	0.02939	0.07023	0.36868	0.09877	0.02843	0.05100	0.00973	0.00722	0.00220	0.00581	0.00788	0.00781	0.12533
5	0.03141	0.01575	0.01821	0.01433	0.01981	0.07124	0.01167	0.12336	0.02365	0.50342	0.06605	0.02557	0.02036	0.00958	0.00763	0.00231	0.00716	0.00765	0.00861	0.01221

[dist]
# distance from previous block
# <min> <max>
0	1

[block]
# block no. 9 follows, 26 sequences, length 18
# corresponding to MSA columns:
# 409-426
name=unknown_J
#
# <colnr> <probs for GDERKNQSTAVLIFYWHMCP>
#	G	D	E	R	K	N	Q	S	T	A	V	L	I	F	Y	W	H	M	C	P
0	0.02028	0.01184	0.01341	0.01252	0.01540	0.07413	0.00943	0.02247	0.01837	0.26520	0.07843	0.33869	0.03616	0.01636	0.00864	0.00267	0.00605	0.03329	0.00769	0.00896
1	0.07418	0.02586	0.02100	0.01739	0.02241	0.27543	0.01379	0.36329	0.02827	0.03535	0.01558	0.01654	0.01169	0.00849	0.00705	0.00214	0.01000	0.00595	0.03472	0.01087
2	0.01166	0.00833	0.01157	0.01332	0.01482	0.00824	0.01124	0.01474	0.01690	0.02207	0.04047	0.20740	0.04489	0.02149	0.01033	0.00341	0.00649	0.51880	0.00700	0.00683
3	0.01403	0.03158	0.53116	0.01869	0.02728	0.01505	0.02272	0.02088	0.01520	0.02231	0.01797	0.09662	0.01630	0.10392	0.01158	0.00312	0.00998	0.00802	0.00380	0.00981
4	0.02576	0.01317	0.01676	0.01247	0.01874	0.01068	0.01017	0.02889	0.01901	0.39007	0.02249	0.02126	0.01537	0.00768	0.00672	0.00179	0.00608	0.00621	0.00718	0.35951
5	0.65560	0.01447	0.01312	0.12992	0.02106	0.01699	0.01040	0.02180	0.01329	0.03154	0.01106	0.01367	0.00854	0.00713	0.00519	0.00238	0.00659	0.00456	0.00447	0.00825
6	0.02883	0.02125	0.02276	0.01745	0.02352	0.02352	0.01442	0.66082	0.03566	0.04780	0.01821	0.01821	0.01290	0.00911	0.00759	0.00228	0.00835	0.00683	0.00759	0.01290
7	0.01432	0.01348	0.02275	0.71520	0.05224	0.01685	0.02107	0.01938	0.01517	0.01938	0.01348	0.02022	0.01011	0.00758	0.00758	0.00253	0.01011	0.00674	0.00337	0.00843
8	0.02876	0.01997	0.02181	0.01687	0.02280	0.02181	0.01389	0.54891	0.07654	0.11950	0.02038	0.01974	0.01425	0.00922	0.00760	0.00230	0.00798	0.00704	0.00780	0.01284
9	0.01780	0.01342	0.01594	0.01149	0.01813	0.01023	0.00923	0.02112	0.01640	0.10010	0.01534	0.01687	0.01209	0.00604	0.00584	0.00126	0.00571	0.00485	0.00505	0.69309
10	0.00924	0.00660	0.00880	0.01056	0.01100	0.00616	0.00704	0.01056	0.01452	0.01936	0.04181	0.72848	0.05017	0.02376	0.00968	0.00308	0.00440	0.02156	0.00704	0.00616
11	0.01599	0.01305	0.01513	0.01184	0.01706	0.01140	0.00933	0.08043	0.07644	0.02834	0.14354	0.05918	0.02575	0.00911	0.00682	0.00169	0.00546	0.00764	0.00592	0.45588
12	0.02208	0.01400	0.01688	0.01242	0.01886	0.01159	0.01008	0.08066	0.01918	0.21623	0.01857	0.01881	0.01352	0.00700	0.00636	0.00157	0.00610	0.00559	0.00616	0.49433
13	0.02696	0.01985	0.02048	0.01662	0.02190	0.07992	0.01359	0.40746	0.08979	0.12327	0.02238	0.02609	0.01723	0.01026	0.00781	0.00240	0.00823	0.06643	0.00745	0.01190
