[name]
unknown

[dist]
# distance from previous block
# <min> <max>
0	87

[block]
# block no. 0 follows, 37 sequences, length 255
# corresponding to MSA columns:
# 127-381
name=unknown_A
#
# <colnr> <probs for GDERKNQSTAVLIFYWHMCP>
#	G	D	E	R	K	N	Q	S	T	A	V	L	I	F	Y	W	H	M	C	P
0	0.00986	0.00705	0.00986	0.01127	0.01268	0.00705	0.00986	0.01268	0.01409	0.01832	0.03241	0.06905	0.03523	0.01691	0.00845	0.00282	0.00564	0.70549	0.00564	0.00564
1	0.01445	0.01651	0.03612	0.02580	0.03199	0.01548	0.72446	0.01961	0.01445	0.01961	0.01238	0.01651	0.00929	0.00516	0.00722	0.00206	0.01032	0.00722	0.00310	0.00826
2	0.01241	0.03077	0.71073	0.01794	0.02682	0.01429	0.06415	0.01940	0.01301	0.01940	0.01107	0.01314	0.00784	0.00578	0.00590	0.00195	0.00912	0.00468	0.00261	0.00900
3	0.00940	0.00610	0.00741	0.00708	0.00854	0.00574	0.00531	0.01223	0.01593	0.02379	0.51448	0.03963	0.06859	0.01108	0.00638	0.00179	0.00288	0.00960	0.23829	0.00574
4	0.04046	0.05616	0.70359	0.01689	0.02563	0.01453	0.02166	0.01930	0.01282	0.01950	0.01082	0.01272	0.00772	0.00579	0.00568	0.00192	0.00882	0.00444	0.00263	0.00892
5	0.82811	0.01184	0.00900	0.00805	0.01184	0.01373	0.00663	0.01799	0.01042	0.02746	0.00852	0.00994	0.00663	0.00568	0.00379	0.00189	0.00474	0.00331	0.00379	0.00663
6	0.00883	0.00603	0.00711	0.00697	0.00739	0.00589	0.00430	0.00967	0.01133	0.01552	0.22808	0.04169	0.03249	0.56219	0.02425	0.00478	0.00506	0.00953	0.00458	0.00430
7	0.00762	0.00553	0.00722	0.00836	0.00897	0.00512	0.00574	0.00895	0.01248	0.01661	0.10228	0.63898	0.09291	0.01822	0.00773	0.00241	0.00352	0.03649	0.00578	0.00508
8	0.02287	0.02917	0.01735	0.01577	0.01892	0.76030	0.01183	0.02444	0.01735	0.01498	0.00946	0.01104	0.00788	0.00631	0.00552	0.00158	0.01104	0.00394	0.00315	0.00710
9	0.82811	0.01184	0.00900	0.00805	0.01184	0.01373	0.00663	0.01799	0.01042	0.02746	0.00852	0.00994	0.00663	0.00568	0.00379	0.00189	0.00474	0.00331	0.00379	0.00663
10	0.01523	0.01315	0.01384	0.01246	0.01592	0.01523	0.00969	0.03253	0.73563	0.02561	0.02491	0.02284	0.01869	0.00830	0.00623	0.00208	0.00484	0.00692	0.00623	0.00969
11	0.01017	0.00760	0.00926	0.00935	0.01040	0.00816	0.00660	0.03625	0.14487	0.01694	0.02451	0.31297	0.02626	0.17457	0.10109	0.05544	0.02392	0.01107	0.00486	0.00571
12	0.01710	0.70328	0.03042	0.01107	0.01607	0.10688	0.01063	0.01902	0.01299	0.01447	0.00862	0.00996	0.00786	0.00536	0.00411	0.00134	0.00705	0.00335	0.00268	0.00777
13	0.00874	0.00656	0.00984	0.00984	0.01093	0.00765	0.00765	0.01093	0.00984	0.01421	0.01640	0.02405	0.01530	0.04591	0.76062	0.00984	0.01640	0.00656	0.00328	0.00547
14	0.06787	0.01512	0.01711	0.01566	0.10002	0.04093	0.01143	0.39397	0.07829	0.12204	0.01590	0.01635	0.01158	0.00956	0.05395	0.00236	0.00710	0.00558	0.00555	0.00963
15	0.01266	0.01585	0.14498	0.04039	0.21233	0.03170	0.19431	0.01663	0.01319	0.01827	0.01599	0.15321	0.01520	0.01151	0.07316	0.00273	0.00860	0.00795	0.00347	0.00787
16	0.00746	0.00533	0.00710	0.00852	0.00888	0.00497	0.00568	0.00852	0.01172	0.01563	0.03374	0.78088	0.04049	0.01918	0.00781	0.00249	0.00355	0.01740	0.00568	0.00497
17	0.01380	0.01385	0.04735	0.29300	0.47589	0.01420	0.01829	0.01771	0.01331	0.01845	0.01127	0.01548	0.00909	0.00570	0.00607	0.00190	0.00764	0.00542	0.00291	0.00866
18	0.82811	0.01184	0.00900	0.00805	0.01184	0.01373	0.00663	0.01799	0.01042	0.02746	0.00852	0.00994	0.00663	0.00568	0.00379	0.00189	0.00474	0.00331	0.00379	0.00663
19	0.01637	0.78856	0.03208	0.01047	0.01571	0.02422	0.01047	0.01833	0.01244	0.01440	0.00851	0.00982	0.00786	0.00524	0.00393	0.00131	0.00655	0.00327	0.00262	0.00786
20	0.01523	0.01315	0.01384	0.01246	0.01592	0.01523	0.00969	0.03253	0.73563	0.02561	0.02491	0.02284	0.01869	0.00830	0.00623	0.00208	0.00484	0.00692	0.00623	0.00969
21	0.82811	0.01184	0.00900	0.00805	0.01184	0.01373	0.00663	0.01799	0.01042	0.02746	0.00852	0.00994	0.00663	0.00568	0.00379	0.00189	0.00474	0.00331	0.00379	0.00663
22	0.01269	0.01088	0.01269	0.00907	0.01451	0.00816	0.00725	0.01541	0.01269	0.01995	0.01088	0.01269	0.00907	0.00453	0.00453	0.00091	0.00453	0.00363	0.00363	0.82229
23	0.00745	0.00536	0.00707	0.00845	0.00886	0.00498	0.00565	0.00853	0.01179	0.01566	0.03468	0.75686	0.06389	0.01906	0.00779	0.00247	0.00354	0.01725	0.00568	0.00498
24	0.00866	0.00626	0.00818	0.00770	0.00914	0.00578	0.00578	0.01155	0.01733	0.02455	0.74346	0.04572	0.05776	0.01251	0.00722	0.00193	0.00289	0.01107	0.00674	0.00578
25	0.00874	0.00656	0.00984	0.00984	0.01093	0.00765	0.00765	0.01093	0.00984	0.01421	0.01640	0.02405	0.01530	0.04591	0.76062	0.00984	0.01640	0.00656	0.00328	0.00547
26	0.01269	0.01088	0.01269	0.00907	0.01451	0.00816	0.00725	0.01541	0.01269	0.01995	0.01088	0.01269	0.00907	0.00453	0.00453	0.00091	0.00453	0.00363	0.00363	0.82229
27	0.05140	0.01080	0.01426	0.01097	0.01568	0.00964	0.00906	0.06434	0.01787	0.69345	0.02321	0.02020	0.01466	0.00751	0.00608	0.00189	0.00527	0.00604	0.00739	0.01030
28	0.69348	0.01138	0.00949	0.00831	0.01202	0.01279	0.00676	0.01892	0.01117	0.11128	0.01089	0.01272	0.00841	0.04491	0.00544	0.00210	0.00485	0.00393	0.00423	0.00693
29	0.00905	0.00618	0.00708	0.00699	0.00699	0.00636	0.00403	0.00910	0.00892	0.01196	0.01891	0.03917	0.02178	0.75912	0.03079	0.00583	0.03147	0.00878	0.00367	0.00381
30	0.00856	0.00620	0.00807	0.00770	0.00911	0.00571	0.00574	0.01130	0.01692	0.02382	0.68428	0.08732	0.07632	0.01297	0.00725	0.00196	0.00293	0.01148	0.00665	0.00571
31	0.00884	0.00650	0.00975	0.00975	0.01079	0.00754	0.00754	0.01079	0.00975	0.01404	0.01612	0.02379	0.01508	0.04472	0.72514	0.04894	0.01586	0.00650	0.00325	0.00533
32	0.00766	0.00620	0.00669	0.00657	0.00838	0.00535	0.00486	0.00943	0.01444	0.01812	0.21675	0.05479	0.54449	0.05890	0.00860	0.00226	0.00321	0.01226	0.00581	0.00522
33	0.00880	0.00632	0.00863	0.00863	0.00931	0.00700	0.00615	0.01016	0.00948	0.01332	0.01750	0.03017	0.01796	0.32827	0.48188	0.00835	0.01240	0.00745	0.00344	0.00479
34	0.04575	0.01575	0.01687	0.01342	0.01791	0.01749	0.01099	0.53299	0.16208	0.05547	0.01722	0.01780	0.01270	0.00775	0.00614	0.00191	0.00624	0.02538	0.00610	0.01002
35	0.07489	0.00823	0.00997	0.00897	0.01170	0.00760	0.00696	0.04121	0.01514	0.26602	0.08868	0.20811	0.18488	0.01250	0.00675	0.00209	0.00421	0.02856	0.00628	0.00724
36	0.00770	0.00543	0.00703	0.00821	0.00851	0.00513	0.00535	0.00859	0.01125	0.01500	0.03131	0.65651	0.03743	0.14772	0.01173	0.00306	0.00395	0.01597	0.00535	0.00476
37	0.00889	0.00678	0.01012	0.01004	0.01109	0.00800	0.00783	0.01105	0.00982	0.01423	0.01613	0.02371	0.01507	0.04479	0.73707	0.00961	0.04048	0.00652	0.00326	0.00550
38	0.00934	0.00648	0.00900	0.00890	0.00977	0.00717	0.00649	0.01086	0.00977	0.03491	0.01751	0.02885	0.01742	0.27068	0.51570	0.00841	0.01287	0.00726	0.00354	0.00507
39	0.00880	0.00618	0.00741	0.00763	0.00911	0.00551	0.00555	0.01047	0.01389	0.05767	0.16931	0.28183	0.31537	0.03985	0.00814	0.00231	0.00349	0.03610	0.00591	0.00547
40	0.01523	0.01315	0.01384	0.01246	0.01592	0.01523	0.00969	0.03253	0.73563	0.02561	0.02491	0.02284	0.01869	0.00830	0.00623	0.00208	0.00484	0.00692	0.00623	0.00969
41	0.06407	0.14364	0.05598	0.01376	0.01852	0.14618	0.03158	0.38067	0.02164	0.02799	0.01345	0.01414	0.02824	0.00682	0.00559	0.00173	0.00746	0.00496	0.00465	0.00896
42	0.01393	0.01373	0.02233	0.07517	0.08870	0.03976	0.18996	0.01671	0.01182	0.03993	0.01122	0.01631	0.00972	0.03137	0.07740	0.00304	0.32252	0.00601	0.00307	0.00732
43	0.82811	0.01184	0.00900	0.00805	0.01184	0.01373	0.00663	0.01799	0.01042	0.02746	0.00852	0.00994	0.00663	0.00568	0.00379	0.00189	0.00474	0.00331	0.00379	0.00663
44	0.01459	0.01540	0.11551	0.16741	0.06902	0.03199	0.08664	0.09969	0.15833	0.04689	0.05360	0.04124	0.03888	0.00781	0.00639	0.00201	0.00699	0.02479	0.00446	0.00835
45	0.02175	0.11315	0.01965	0.01594	0.03560	0.64185	0.03030	0.02351	0.01665	0.01515	0.00948	0.01114	0.00796	0.00614	0.00540	0.00157	0.01043	0.00399	0.00309	0.00727
46	0.00753	0.00621	0.00662	0.00652	0.00845	0.00530	0.00489	0.00937	0.01466	0.01822	0.20508	0.05614	0.60008	0.01488	0.00723	0.00204	0.00306	0.01253	0.00591	0.00530
47	0.01216	0.01139	0.01897	0.47915	0.16810	0.01333	0.03736	0.01631	0.03675	0.01676	0.01248	0.03704	0.01027	0.00980	0.06866	0.00267	0.03248	0.00595	0.00303	0.00732
48	0.00875	0.00673	0.00856	0.05065	0.01154	0.00678	0.00676	0.01202	0.09587	0.01733	0.07368	0.51096	0.09065	0.03840	0.00815	0.00246	0.00401	0.03545	0.00559	0.00566
49	0.07904	0.01051	0.01387	0.01071	0.01538	0.00930	0.00884	0.02907	0.01706	0.70433	0.02314	0.02013	0.01460	0.00745	0.00600	0.00189	0.00518	0.00597	0.00733	0.01017
50	0.01445	0.01651	0.03612	0.02580	0.03199	0.01548	0.72446	0.01961	0.01445	0.01961	0.01238	0.01651	0.00929	0.00516	0.00722	0.00206	0.01032	0.00722	0.00310	0.00826
51	0.00888	0.00671	0.00992	0.00984	0.01085	0.00786	0.00761	0.01093	0.00978	0.01411	0.01632	0.02457	0.01546	0.08197	0.70446	0.00945	0.03596	0.00664	0.00328	0.00541
52	0.00823	0.00626	0.00682	0.00686	0.00860	0.00545	0.00503	0.00974	0.01357	0.03988	0.09294	0.11826	0.52445	0.09138	0.00965	0.00250	0.00356	0.03597	0.00561	0.00522
53	0.00890	0.00596	0.00678	0.00678	0.00682	0.00599	0.00384	0.00897	0.00893	0.01195	0.01919	0.03952	0.02202	0.75992	0.05579	0.00607	0.00629	0.00882	0.00369	0.00377
54	0.06026	0.00836	0.01066	0.00923	0.01224	0.00757	0.00723	0.01982	0.01531	0.37016	0.10994	0.16592	0.11307	0.01217	0.02771	0.00224	0.00462	0.00943	0.02624	0.00782
55	0.18197	0.00819	0.00892	0.00821	0.01035	0.00822	0.00608	0.03903	0.01346	0.12827	0.14161	0.13846	0.08500	0.16417	0.01107	0.00279	0.00446	0.00905	0.02447	0.00622
56	0.00772	0.00575	0.00676	0.00739	0.00824	0.00525	0.00495	0.00876	0.01199	0.01537	0.05813	0.38095	0.25990	0.17532	0.01242	0.00305	0.00388	0.01407	0.00530	0.00479
57	0.00911	0.00709	0.01053	0.01032	0.01133	0.00851	0.00810	0.01123	0.00980	0.01425	0.01575	0.02322	0.01474	0.04317	0.70304	0.00928	0.07527	0.00647	0.00323	0.00556
58	0.00980	0.00672	0.00796	0.00832	0.00973	0.02298	0.00601	0.01135	0.01359	0.08443	0.10962	0.41195	0.21922	0.01614	0.00742	0.00226	0.00376	0.03717	0.00590	0.00567
59	0.05892	0.00653	0.00785	0.00802	0.00955	0.00605	0.00582	0.01159	0.01380	0.08033	0.18818	0.35957	0.19072	0.01518	0.00718	0.00219	0.00352	0.01330	0.00595	0.00574
60	0.01171	0.01147	0.02001	0.01608	0.01930	0.03041	0.29895	0.01638	0.09508	0.01881	0.06808	0.29330	0.02498	0.03583	0.00804	0.00232	0.00668	0.01104	0.00463	0.00691
61	0.00892	0.00658	0.00837	0.00936	0.01025	0.00654	0.00671	0.03565	0.07210	0.01755	0.03220	0.60885	0.03704	0.01761	0.00770	0.00247	0.00401	0.09672	0.00574	0.00562
62	0.02989	0.00719	0.00875	0.00851	0.01021	0.00709	0.00644	0.03566	0.04909	0.07390	0.09385	0.12480	0.17541	0.03935	0.08239	0.10240	0.00535	0.06413	0.06981	0.00578
63	0.00811	0.00601	0.00817	0.00907	0.00977	0.00568	0.02471	0.03047	0.01238	0.01645	0.03357	0.71288	0.06295	0.01833	0.00773	0.00244	0.00381	0.01662	0.00563	0.00523
64	0.00929	0.00691	0.00872	0.00815	0.00979	0.00667	0.00615	0.01354	0.08540	0.02465	0.67536	0.04356	0.05405	0.01212	0.00713	0.00194	0.00307	0.01068	0.00669	0.00615
65	0.00874	0.00633	0.00847	0.00836	0.00883	0.00619	0.04274	0.00941	0.01010	0.01352	0.02334	0.26913	0.02704	0.48341	0.04382	0.00477	0.00573	0.01139	0.00428	0.00440
66	0.01159	0.01155	0.04347	0.70262	0.05858	0.01341	0.01690	0.01573	0.01246	0.01615	0.03299	0.01706	0.00968	0.00629	0.00614	0.00203	0.00801	0.00558	0.00284	0.00692
67	0.00734	0.00597	0.00651	0.00687	0.00846	0.00514	0.00497	0.00881	0.01347	0.01656	0.07744	0.25211	0.53228	0.01639	0.00739	0.00217	0.00321	0.01406	0.00572	0.00514
68	0.00876	0.00651	0.00958	0.00958	0.01058	0.00751	0.00733	0.01076	0.00976	0.01402	0.01663	0.02536	0.01587	0.10667	0.70064	0.00952	0.01554	0.00675	0.00331	0.00532
69	0.03484	0.01155	0.03311	0.06043	0.07783	0.03334	0.02813	0.09909	0.06755	0.13480	0.02917	0.07615	0.18675	0.01032	0.00690	0.00204	0.02587	0.04922	0.02515	0.00774
70	0.01425	0.01351	0.02291	0.13201	0.60553	0.01385	0.01782	0.01783	0.01364	0.01922	0.01286	0.04308	0.01136	0.00637	0.00620	0.00190	0.00721	0.02825	0.00316	0.00902
71	0.01861	0.01460	0.01558	0.01304	0.01708	0.01649	0.01041	0.29700	0.44723	0.04961	0.02100	0.01968	0.01544	0.00792	0.00619	0.00198	0.00558	0.00636	0.00622	0.00998
72	0.01354	0.01291	0.04379	0.26749	0.37610	0.01313	0.04091	0.01722	0.01328	0.03954	0.01366	0.07642	0.01187	0.00686	0.00621	0.00195	0.00725	0.00645	0.02317	0.00825
73	0.01515	0.01454	0.02485	0.03757	0.74669	0.01454	0.01879	0.01879	0.01394	0.02000	0.01151	0.01515	0.00970	0.00545	0.00606	0.00182	0.00727	0.00545	0.00303	0.00970
74	0.00852	0.00631	0.00796	0.00775	0.00918	0.00585	0.00573	0.01139	0.03485	0.02252	0.55652	0.13810	0.13526	0.01358	0.00727	0.00202	0.00305	0.01197	0.00647	0.00571
75	0.01269	0.01088	0.01269	0.00907	0.01451	0.00816	0.00725	0.01541	0.01269	0.01995	0.01088	0.01269	0.00907	0.00453	0.00453	0.00091	0.00453	0.00363	0.00363	0.82229
76	0.03963	0.01088	0.01268	0.00916	0.01450	0.00839	0.00735	0.01647	0.01295	0.06973	0.01170	0.01316	0.00940	0.00478	0.00462	0.00100	0.00459	0.00379	0.00390	0.74133
77	0.00875	0.00652	0.00967	0.00967	0.01070	0.00756	0.00744	0.01082	0.00979	0.01408	0.01655	0.02491	0.01568	0.08582	0.72121	0.00963	0.01583	0.00669	0.00330	0.00537
78	0.01197	0.00694	0.00895	0.00808	0.01009	0.00628	0.00616	0.01454	0.01659	0.15267	0.50187	0.06088	0.09955	0.03156	0.00756	0.00203	0.00341	0.01027	0.03412	0.00648
79	0.00749	0.00546	0.00707	0.00834	0.00891	0.00504	0.00567	0.00865	0.01202	0.01579	0.03672	0.68644	0.11547	0.01873	0.00777	0.00245	0.00355	0.03372	0.00568	0.00501
80	0.00970	0.00658	0.00762	0.00719	0.00917	0.00575	0.00538	0.01164	0.01499	0.08876	0.26317	0.06846	0.40856	0.05552	0.00843	0.00223	0.00340	0.01161	0.00608	0.00577
81	0.00755	0.00569	0.00680	0.00759	0.00849	0.00514	0.00518	0.00872	0.01233	0.01581	0.05965	0.46304	0.26593	0.08663	0.00971	0.00265	0.00360	0.01503	0.00553	0.00494
82	0.01553	0.01172	0.01304	0.01184	0.01483	0.03123	0.00959	0.18697	0.22218	0.06520	0.06293	0.08279	0.04753	0.01131	0.00693	0.00220	0.00543	0.18457	0.00602	0.00816
83	0.01325	0.00822	0.00882	0.00808	0.01034	0.00844	0.00613	0.04103	0.17117	0.08882	0.02757	0.02930	0.12702	0.07432	0.00765	0.00210	0.00392	0.00737	0.34954	0.00691
84	0.01016	0.00653	0.00728	0.00732	0.00836	0.00652	0.00502	0.04832	0.03164	0.01854	0.04843	0.19775	0.06974	0.24067	0.01344	0.00309	0.00419	0.00988	0.25785	0.00527
85	0.01566	0.01337	0.01409	0.01255	0.01608	0.01543	0.00979	0.07026	0.69718	0.02631	0.02436	0.02240	0.01824	0.00825	0.00622	0.00206	0.00495	0.00684	0.00622	0.00973
86	0.02247	0.01675	0.01792	0.01392	0.01868	0.01861	0.01144	0.65706	0.09930	0.03728	0.01572	0.01551	0.01124	0.00744	0.00613	0.00186	0.00655	0.00565	0.00613	0.01034
87	0.00874	0.00656	0.00984	0.00984	0.01093	0.00765	0.00765	0.01093	0.00984	0.01421	0.01640	0.02405	0.01530	0.04591	0.76062	0.00984	0.01640	0.00656	0.00328	0.00547
88	0.01156	0.01088	0.01836	0.77016	0.04216	0.01360	0.01700	0.01564	0.01224	0.01564	0.01088	0.01632	0.00816	0.00612	0.00612	0.00204	0.00816	0.00544	0.00272	0.00680
89	0.00735	0.00621	0.00637	0.00633	0.00834	0.00522	0.00474	0.00902	0.01423	0.01721	0.11899	0.05781	0.68681	0.01525	0.00723	0.00206	0.00308	0.01276	0.00577	0.00522
90	0.01339	0.01339	0.01875	0.01607	0.01607	0.01875	0.01339	0.01473	0.00937	0.01473	0.00804	0.01339	0.00804	0.01071	0.02009	0.00268	0.77367	0.00536	0.00268	0.00670
91	0.02327	0.01715	0.01837	0.01408	0.01898	0.01898	0.01163	0.72628	0.02878	0.03858	0.01470	0.01470	0.01041	0.00735	0.00612	0.00184	0.00674	0.00551	0.00612	0.01041
92	0.00733	0.00618	0.00636	0.00637	0.00834	0.00520	0.00476	0.00895	0.01409	0.01701	0.10439	0.08245	0.67680	0.01544	0.00725	0.00207	0.00310	0.01295	0.00575	0.00520
93	0.00896	0.00637	0.00821	0.00814	0.00856	0.00693	0.00548	0.00984	0.00928	0.01285	0.01788	0.03319	0.01920	0.47957	0.31250	0.00736	0.02982	0.00791	0.00352	0.00446
94	0.00994	0.00698	0.00894	0.00853	0.01022	0.00663	0.00663	0.04773	0.01714	0.04292	0.53923	0.06953	0.08473	0.01305	0.00732	0.00206	0.00353	0.10231	0.00650	0.00606
95	0.00746	0.00533	0.00710	0.00852	0.00888	0.00497	0.00568	0.00852	0.01172	0.01563	0.03374	0.78088	0.04049	0.01918	0.00781	0.00249	0.00355	0.01740	0.00568	0.00497
96	0.01156	0.01088	0.01836	0.77016	0.04216	0.01360	0.01700	0.01564	0.01224	0.01564	0.01088	0.01632	0.00816	0.00612	0.00612	0.00204	0.00816	0.00544	0.00272	0.00680
97	0.00781	0.00558	0.00751	0.00893	0.00944	0.00528	0.00630	0.00914	0.01207	0.01602	0.03354	0.67577	0.03971	0.01884	0.00791	0.00254	0.00386	0.11901	0.00568	0.00507
98	0.00890	0.00593	0.00668	0.00668	0.00668	0.00593	0.00371	0.00890	0.00890	0.01187	0.01929	0.04006	0.02225	0.78487	0.03116	0.00593	0.00593	0.00890	0.00371	0.00371
99	0.02287	0.02917	0.01735	0.01577	0.01892	0.76030	0.01183	0.02444	0.01735	0.01498	0.00946	0.01104	0.00788	0.00631	0.00552	0.00158	0.01104	0.00394	0.00315	0.00710
100	0.01637	0.78856	0.03208	0.01047	0.01571	0.02422	0.01047	0.01833	0.01244	0.01440	0.00851	0.00982	0.00786	0.00524	0.00393	0.00131	0.00655	0.00327	0.00262	0.00786
101	0.01328	0.01109	0.01282	0.00926	0.01455	0.00872	0.00742	0.05731	0.01365	0.02113	0.01138	0.01312	0.00935	0.00478	0.00462	0.00098	0.00461	0.00380	0.02836	0.74978
102	0.00803	0.00620	0.00712	0.00691	0.00850	0.00551	0.00505	0.01002	0.01494	0.01961	0.35883	0.05119	0.36843	0.09141	0.00963	0.00239	0.00329	0.01170	0.00595	0.00529
103	0.02732	0.01064	0.01435	0.01100	0.01574	0.00933	0.00909	0.05335	0.01790	0.72688	0.02383	0.02063	0.01499	0.00757	0.00615	0.00189	0.00526	0.00613	0.00753	0.01042
104	0.00893	0.00662	0.00855	0.00908	0.01064	0.00625	0.00748	0.01149	0.01505	0.01984	0.25680	0.05970	0.19586	0.01526	0.00781	0.00238	0.00424	0.34245	0.00598	0.00558
105	0.00855	0.00616	0.00761	0.00820	0.00929	0.00575	0.00584	0.01057	0.03760	0.03466	0.12802	0.40584	0.17947	0.06762	0.00912	0.00255	0.00375	0.05827	0.00575	0.00536
106	0.00816	0.00562	0.00690	0.00762	0.00781	0.00544	0.00472	0.00871	0.01035	0.01380	0.02671	0.42040	0.03161	0.39177	0.01917	0.00416	0.00471	0.01327	0.00472	0.00436
107	0.00791	0.00553	0.00701	0.00797	0.00825	0.00527	0.00512	0.00872	0.01108	0.01481	0.05099	0.54568	0.03576	0.23916	0.01451	0.00346	0.00422	0.01477	0.00515	0.00463
108	0.00877	0.00644	0.00926	0.00926	0.01015	0.00734	0.00693	0.01056	0.00967	0.01378	0.01693	0.02699	0.01658	0.18151	0.62676	0.00912	0.01448	0.00699	0.00336	0.00514
109	0.02085	0.00919	0.01204	0.01003	0.01354	0.00824	0.00793	0.03952	0.03875	0.48476	0.04915	0.16039	0.07874	0.02835	0.00714	0.00211	0.00472	0.00891	0.00690	0.00872
110	0.02477	0.01473	0.01688	0.01294	0.01778	0.01540	0.01069	0.47643	0.02474	0.29414	0.01809	0.01690	0.01211	0.00743	0.00614	0.00186	0.00619	0.00574	0.00664	0.01041
111	0.00752	0.00559	0.00695	0.00791	0.00869	0.00509	0.00540	0.00876	0.01243	0.01619	0.07811	0.55822	0.19594	0.04235	0.00840	0.00247	0.00349	0.01580	0.00568	0.00502
112	0.02221	0.02804	0.01694	0.01541	0.01855	0.71544	0.01157	0.02432	0.04195	0.01539	0.01133	0.01266	0.02702	0.00661	0.00559	0.00161	0.01062	0.00427	0.00332	0.00714
113	0.01385	0.00694	0.00913	0.00891	0.01062	0.00631	0.00643	0.01533	0.01330	0.23766	0.02879	0.44305	0.02981	0.08050	0.00910	0.00254	0.00421	0.01259	0.05438	0.00655
114	0.00880	0.00593	0.00688	0.00697	0.00705	0.00596	0.00405	0.00899	0.00914	0.01224	0.02008	0.08790	0.02308	0.69435	0.06928	0.00592	0.00635	0.00933	0.00382	0.00389
115	0.00763	0.00567	0.00715	0.00822	0.00905	0.00520	0.00579	0.00898	0.01252	0.01625	0.05710	0.55315	0.19066	0.01805	0.00773	0.00241	0.00360	0.07005	0.00571	0.00509
116	0.01684	0.51027	0.11631	0.03908	0.04336	0.06620	0.01267	0.09913	0.01469	0.01802	0.00975	0.01123	0.00821	0.00565	0.00465	0.00150	0.00722	0.00387	0.00306	0.00827
117	0.08006	0.15073	0.02071	0.12271	0.02185	0.24539	0.06532	0.16278	0.01712	0.02096	0.01097	0.01342	0.00882	0.02671	0.00613	0.00183	0.00832	0.00469	0.00366	0.00782
118	0.01276	0.01212	0.02071	0.33813	0.28996	0.01357	0.05690	0.01639	0.01256	0.01722	0.01172	0.01670	0.00963	0.01080	0.09709	0.00292	0.04446	0.00568	0.00292	0.00776
119	0.01063	0.00532	0.00797	0.00797	0.00797	0.00532	0.00532	0.00797	0.00797	0.01063	0.01063	0.01861	0.01063	0.02127	0.02392	0.82190	0.00532	0.00532	0.00266	0.00266
120	0.01356	0.01127	0.01250	0.03491	0.01452	0.05652	0.00895	0.15204	0.15829	0.02207	0.06745	0.06812	0.06146	0.02203	0.26260	0.00465	0.00930	0.00753	0.00488	0.00736
121	0.00941	0.00637	0.00817	0.00890	0.00974	0.00618	0.00616	0.05033	0.03107	0.03910	0.03109	0.61215	0.05549	0.01794	0.00892	0.06911	0.00395	0.01501	0.00553	0.00538
122	0.78453	0.01176	0.00928	0.00820	0.01204	0.01347	0.00676	0.01864	0.01080	0.06684	0.00937	0.01054	0.00709	0.00579	0.00392	0.00189	0.00476	0.00347	0.00399	0.00684
123	0.02327	0.01715	0.01837	0.01408	0.01898	0.01898	0.01163	0.72628	0.02878	0.03858	0.01470	0.01470	0.01041	0.00735	0.00612	0.00184	0.00674	0.00551	0.00612	0.01041
124	0.00788	0.00611	0.00709	0.00731	0.00870	0.00550	0.00523	0.00985	0.02792	0.01815	0.21604	0.24031	0.34285	0.05825	0.00869	0.00236	0.00336	0.01329	0.00584	0.00527
125	0.00912	0.00596	0.00695	0.00723	0.00795	0.00568	0.00474	0.01012	0.01131	0.03586	0.05097	0.22377	0.12439	0.34709	0.01738	0.00378	0.00452	0.02819	0.09026	0.00472
126	0.00868	0.00636	0.00910	0.00919	0.01004	0.00717	0.00683	0.01041	0.00980	0.01390	0.01810	0.07925	0.01826	0.17325	0.58097	0.00865	0.01368	0.00772	0.00352	0.00512
127	0.02327	0.01715	0.01837	0.01408	0.01898	0.01898	0.01163	0.72628	0.02878	0.03858	0.01470	0.01470	0.01041	0.00735	0.00612	0.00184	0.00674	0.00551	0.00612	0.01041
128	0.00790	0.00564	0.00711	0.00806	0.00856	0.00532	0.00539	0.00891	0.01155	0.01525	0.05024	0.50924	0.09275	0.18349	0.01281	0.00320	0.00412	0.05041	0.00528	0.00477
129	0.12068	0.01074	0.01369	0.01063	0.01526	0.00978	0.00878	0.04443	0.01695	0.65028	0.02211	0.01942	0.01405	0.00735	0.00588	0.00189	0.00519	0.00581	0.00710	0.00998
130	0.00866	0.00626	0.00818	0.00770	0.00914	0.00578	0.00578	0.01155	0.01733	0.02455	0.74346	0.04572	0.05776	0.01251	0.00722	0.00193	0.00289	0.01107	0.00674	0.00578
131	0.15780	0.01606	0.01668	0.01298	0.01769	0.01780	0.01072	0.58688	0.02537	0.05832	0.01395	0.01409	0.00992	0.00708	0.00573	0.00185	0.00636	0.00516	0.00578	0.00978
132	0.00832	0.00623	0.00756	0.00723	0.00885	0.00560	0.00542	0.01083	0.01626	0.02223	0.53249	0.04891	0.25160	0.01323	0.00715	0.00195	0.00295	0.01147	0.02611	0.00560
133	0.01515	0.01454	0.02485	0.03757	0.74669	0.01454	0.01879	0.01879	0.01394	0.02000	0.01151	0.01515	0.00970	0.00545	0.00606	0.00182	0.00727	0.00545	0.00303	0.00970
134	0.00986	0.00705	0.00986	0.01127	0.01268	0.00705	0.00986	0.01268	0.01409	0.01832	0.03241	0.06905	0.03523	0.01691	0.00845	0.00282	0.00564	0.70549	0.00564	0.00564
135	0.02287	0.02917	0.01735	0.01577	0.01892	0.76030	0.01183	0.02444	0.01735	0.01498	0.00946	0.01104	0.00788	0.00631	0.00552	0.00158	0.01104	0.00394	0.00315	0.00710
136	0.00728	0.00620	0.00626	0.00625	0.00830	0.00519	0.00469	0.00887	0.01406	0.01679	0.08381	0.05849	0.72225	0.01541	0.00723	0.00206	0.00309	0.01286	0.00572	0.00519
137	0.00746	0.00533	0.00710	0.00852	0.00888	0.00497	0.00568	0.00852	0.01172	0.01563	0.03374	0.78088	0.04049	0.01918	0.00781	0.00249	0.00355	0.01740	0.00568	0.00497
138	0.00746	0.00533	0.00710	0.00852	0.00888	0.00497	0.00568	0.00852	0.01172	0.01563	0.03374	0.78088	0.04049	0.01918	0.00781	0.00249	0.00355	0.01740	0.00568	0.00497
139	0.00886	0.00610	0.00750	0.00750	0.00779	0.00638	0.00474	0.00943	0.00915	0.01248	0.01853	0.03588	0.02044	0.59218	0.22137	0.00695	0.00866	0.00829	0.00360	0.00417
140	0.02644	0.01206	0.01522	0.01167	0.01644	0.01143	0.00964	0.19961	0.02027	0.57727	0.02184	0.01934	0.01400	0.00752	0.00615	0.00188	0.00558	0.00600	0.00722	0.01042
141	0.01269	0.01088	0.01269	0.00907	0.01451	0.00816	0.00725	0.01541	0.01269	0.01995	0.01088	0.01269	0.00907	0.00453	0.00453	0.00091	0.00453	0.00363	0.00363	0.82229
142	0.05083	0.01079	0.01371	0.01071	0.01512	0.01000	0.00879	0.09561	0.03703	0.57793	0.02240	0.02012	0.01456	0.00748	0.00592	0.00185	0.00513	0.00599	0.07616	0.00988
143	0.00742	0.00548	0.00695	0.00812	0.00877	0.00501	0.00550	0.00857	0.01211	0.01578	0.03865	0.65545	0.16274	0.01854	0.00771	0.00241	0.00347	0.01662	0.00568	0.00501
144	0.00753	0.00536	0.00708	0.00843	0.00877	0.00502	0.00559	0.00854	0.01158	0.01544	0.03303	0.74466	0.03959	0.05662	0.00895	0.00265	0.00367	0.01699	0.00559	0.00491
145	0.00876	0.00637	0.00782	0.00838	0.00961	0.00601	0.00611	0.01115	0.05086	0.03522	0.11413	0.36636	0.19944	0.05400	0.00871	0.00250	0.00383	0.08949	0.00577	0.00549
146	0.04134	0.00900	0.01157	0.00978	0.01286	0.00831	0.00753	0.02247	0.05386	0.43744	0.02420	0.12007	0.02014	0.16350	0.01132	0.00280	0.00512	0.02418	0.00636	0.00816
147	0.00876	0.00651	0.00960	0.00960	0.01061	0.00752	0.00735	0.01078	0.00977	0.01403	0.01662	0.02527	0.01583	0.10218	0.70507	0.00954	0.01560	0.00674	0.00331	0.00533
148	0.00749	0.00559	0.00702	0.00801	0.00881	0.00512	0.00551	0.00875	0.01235	0.01608	0.06277	0.57045	0.19979	0.01893	0.03036	0.00259	0.00381	0.01585	0.00564	0.00506
149	0.01518	0.01060	0.01250	0.02875	0.01447	0.01175	0.00895	0.04223	0.31709	0.12754	0.05868	0.04568	0.03737	0.01167	0.05539	0.00255	0.05715	0.04286	0.09137	0.00822
150	0.01857	0.01968	0.01451	0.01286	0.01576	0.37862	0.00987	0.12896	0.05420	0.02117	0.10253	0.02003	0.05229	0.00800	0.00627	0.00173	0.03224	0.00586	0.08954	0.00732
151	0.00756	0.00539	0.00716	0.00853	0.00890	0.00505	0.00572	0.00864	0.01169	0.01557	0.03324	0.73974	0.03977	0.04361	0.00858	0.00260	0.00368	0.03399	0.00562	0.00495
152	0.68281	0.01254	0.01040	0.00903	0.01293	0.01444	0.00741	0.10140	0.05857	0.02864	0.01028	0.01132	0.00783	0.00604	0.00421	0.00190	0.00498	0.00380	0.00421	0.00726
153	0.00854	0.00645	0.00865	0.00995	0.04905	0.00631	0.00661	0.01041	0.02910	0.01665	0.10463	0.38021	0.11853	0.06446	0.11133	0.02353	0.00563	0.02942	0.00515	0.00540
154	0.01069	0.00890	0.01336	0.07302	0.18245	0.00889	0.03139	0.03285	0.01321	0.01775	0.08305	0.20223	0.10868	0.10994	0.01059	0.02830	0.00542	0.04845	0.00452	0.00635
155	0.22330	0.10244	0.10200	0.11483	0.25896	0.01545	0.03895	0.04212	0.01306	0.02129	0.01041	0.01315	0.00831	0.00567	0.00526	0.00183	0.00693	0.00462	0.00320	0.00824
156	0.01564	0.01306	0.01385	0.01240	0.01591	0.01501	0.00967	0.03244	0.71120	0.05028	0.02489	0.02277	0.01857	0.00828	0.00623	0.00207	0.00486	0.00689	0.00627	0.00971
157	0.00807	0.00614	0.00682	0.00693	0.00852	0.00536	0.00499	0.00958	0.01361	0.03482	0.12973	0.18101	0.46516	0.08019	0.00932	0.00244	0.00344	0.01299	0.00568	0.00521
158	0.00997	0.00766	0.01071	0.02949	0.09654	0.00731	0.02609	0.01202	0.01332	0.05335	0.11161	0.16190	0.25321	0.06683	0.09194	0.00321	0.00576	0.02798	0.00505	0.00605
159	0.01524	0.01731	0.02829	0.02145	0.02554	0.12740	0.42713	0.01883	0.01360	0.01764	0.01160	0.03941	0.00978	0.00709	0.01002	0.00215	0.19021	0.00662	0.00309	0.00761
160	0.00746	0.00533	0.00710	0.00852	0.00888	0.00497	0.00568	0.00852	0.01172	0.01563	0.03374	0.78088	0.04049	0.01918	0.00781	0.00249	0.00355	0.01740	0.00568	0.00497
161	0.04413	0.01094	0.01264	0.01066	0.01375	0.01128	0.00820	0.19788	0.10470	0.21990	0.02171	0.12442	0.01888	0.15942	0.01114	0.00276	0.00545	0.00803	0.00593	0.00818
162	0.00768	0.00611	0.00688	0.00691	0.00859	0.00532	0.00510	0.00956	0.01467	0.01875	0.25619	0.14055	0.46193	0.01507	0.00730	0.00208	0.00309	0.01291	0.00599	0.00532
163	0.01141	0.00571	0.00571	0.00571	0.00713	0.00571	0.00428	0.01426	0.01284	0.02282	0.01997	0.02282	0.01569	0.00713	0.00428	0.00143	0.00285	0.00571	0.81886	0.00571
164	0.37017	0.01103	0.01198	0.00967	0.01400	0.01102	0.00798	0.02476	0.01448	0.44126	0.01746	0.01617	0.01150	0.00677	0.00514	0.00189	0.00501	0.00494	0.00595	0.00880
165	0.10104	0.00951	0.01047	0.00948	0.01195	0.00996	0.00724	0.11875	0.12446	0.06048	0.20599	0.14988	0.08932	0.05443	0.00792	0.00225	0.00435	0.00959	0.00587	0.00706
166	0.00810	0.00619	0.00746	0.00758	0.00899	0.00564	0.00551	0.01050	0.03347	0.01992	0.34148	0.23308	0.25974	0.01498	0.00735	0.00211	0.00317	0.01311	0.00614	0.00549
167	0.01445	0.01651	0.03612	0.02580	0.03199	0.01548	0.72446	0.01961	0.01445	0.01961	0.01238	0.01651	0.00929	0.00516	0.00722	0.00206	0.01032	0.00722	0.00310	0.00826
168	0.00774	0.00566	0.00715	0.00793	0.00871	0.00521	0.00544	0.00915	0.01292	0.01720	0.16956	0.49843	0.14188	0.06207	0.00898	0.00252	0.00350	0.01509	0.00576	0.00508
169	0.00831	0.00603	0.00722	0.00756	0.00878	0.00545	0.00537	0.00985	0.01343	0.03444	0.17570	0.28719	0.27113	0.09686	0.00995	0.00260	0.00363	0.03559	0.00572	0.00520
170	0.00747	0.00544	0.00704	0.00827	0.00883	0.00501	0.00558	0.00863	0.01208	0.01595	0.05489	0.69123	0.10974	0.01865	0.00774	0.00243	0.00349	0.01680	0.00571	0.00501
171	0.73531	0.01167	0.00960	0.00838	0.01228	0.01318	0.00690	0.01937	0.01124	0.11132	0.01033	0.01121	0.00762	0.00590	0.00406	0.00189	0.00479	0.00364	0.00423	0.00707
172	0.01402	0.00728	0.00968	0.00953	0.01146	0.00668	0.00714	0.01611	0.03450	0.24174	0.03124	0.44489	0.05166	0.01501	0.00730	0.00231	0.00426	0.07208	0.00628	0.00684
173	0.01269	0.01088	0.01269	0.00907	0.01451	0.00816	0.00725	0.01541	0.01269	0.01995	0.01088	0.01269	0.00907	0.00453	0.00453	0.00091	0.00453	0.00363	0.00363	0.82229
174	0.00890	0.00593	0.00668	0.00668	0.00668	0.00593	0.00371	0.00890	0.00890	0.01187	0.01929	0.04006	0.02225	0.78487	0.03116	0.00593	0.00593	0.00890	0.00371	0.00371
175	0.00744	0.00538	0.00705	0.00839	0.00884	0.00498	0.00562	0.00854	0.01185	0.01568	0.03540	0.73845	0.08184	0.01896	0.00778	0.00246	0.00352	0.01714	0.00568	0.00498
176	0.00794	0.00589	0.00763	0.02606	0.00976	0.00571	0.00599	0.00919	0.01171	0.01530	0.03506	0.41951	0.18177	0.06539	0.11499	0.03179	0.00561	0.03066	0.00506	0.00499
177	0.09994	0.01510	0.06765	0.01303	0.03903	0.07429	0.01051	0.02765	0.42364	0.09141	0.05792	0.02060	0.01720	0.00775	0.00593	0.00197	0.00565	0.00623	0.00551	0.00898
178	0.02028	0.02428	0.01671	0.01509	0.01765	0.56460	0.01155	0.02191	0.01551	0.03389	0.01034	0.01291	0.00883	0.01088	0.08268	0.00256	0.11567	0.00445	0.00322	0.00697
179	0.01219	0.01032	0.01206	0.00887	0.01375	0.00793	0.00698	0.01470	0.01242	0.01919	0.01301	0.01598	0.03109	0.05209	0.02986	0.00152	0.00495	0.00430	0.00368	0.72511
180	0.00911	0.00677	0.00805	0.00811	0.00928	0.02499	0.00590	0.01058	0.02940	0.01685	0.18386	0.12526	0.19906	0.08092	0.08586	0.13421	0.00537	0.04648	0.00498	0.00496
181	0.05098	0.01621	0.11749	0.01310	0.01834	0.05581	0.02903	0.18245	0.04248	0.38280	0.01859	0.01740	0.01234	0.00711	0.00601	0.00188	0.00651	0.00561	0.00603	0.00983
182	0.00874	0.00656	0.00984	0.00984	0.01093	0.00765	0.00765	0.01093	0.00984	0.01421	0.01640	0.02405	0.01530	0.04591	0.76062	0.00984	0.01640	0.00656	0.00328	0.00547
183	0.00745	0.00602	0.00662	0.00688	0.00850	0.00519	0.00501	0.00904	0.01385	0.01725	0.13330	0.21600	0.51156	0.01597	0.00736	0.00214	0.00318	0.01369	0.00580	0.00519
184	0.01418	0.01357	0.02090	0.10398	0.48934	0.05155	0.01609	0.01741	0.01364	0.01894	0.03394	0.06128	0.01350	0.00726	0.00694	0.00193	0.04765	0.02950	0.02993	0.00847
185	0.71504	0.01206	0.00996	0.05683	0.01402	0.03314	0.00751	0.01811	0.01087	0.04290	0.00927	0.01100	0.00718	0.00681	0.02367	0.00210	0.00543	0.00362	0.00378	0.00671
186	0.02487	0.01458	0.01678	0.01286	0.01770	0.01517	0.01063	0.46031	0.02448	0.31062	0.01831	0.01704	0.01222	0.00744	0.00614	0.00186	0.00615	0.00576	0.00668	0.01041
187	0.00890	0.00593	0.00668	0.00668	0.00668	0.00593	0.00371	0.00890	0.00890	0.01187	0.01929	0.04006	0.02225	0.78487	0.03116	0.00593	0.00593	0.00890	0.00371	0.00371
188	0.01866	0.52043	0.02688	0.01234	0.01685	0.28412	0.01095	0.02049	0.01417	0.01461	0.00885	0.01025	0.00787	0.00562	0.00449	0.00140	0.00813	0.00351	0.00281	0.00759
189	0.00785	0.00556	0.00703	0.00795	0.00837	0.00525	0.00519	0.00880	0.01152	0.01535	0.07393	0.53591	0.07002	0.19206	0.01304	0.00321	0.00403	0.01489	0.00530	0.00474
190	0.76139	0.01172	0.00943	0.00829	0.01215	0.01334	0.00683	0.01898	0.01101	0.08776	0.00983	0.01085	0.00734	0.00584	0.00399	0.00189	0.00477	0.00355	0.00410	0.00694
191	0.01156	0.01088	0.01836	0.77016	0.04216	0.01360	0.01700	0.01564	0.01224	0.01564	0.01088	0.01632	0.00816	0.00612	0.00612	0.00204	0.00816	0.00544	0.00272	0.00680
192	0.00810	0.00623	0.00740	0.00711	0.00880	0.00554	0.00533	0.01046	0.01599	0.02138	0.47424	0.05093	0.32895	0.01369	0.00723	0.00198	0.00297	0.01180	0.00632	0.00554
193	0.00890	0.00593	0.00668	0.00668	0.00668	0.00593	0.00371	0.00890	0.00890	0.01187	0.01929	0.04006	0.02225	0.78487	0.03116	0.00593	0.00593	0.00890	0.00371	0.00371
194	0.01165	0.04187	0.43168	0.01509	0.02100	0.04833	0.05931	0.01648	0.01293	0.01800	0.01773	0.22351	0.01753	0.00973	0.00646	0.00209	0.00757	0.02781	0.00357	0.00767
195	0.01124	0.01003	0.01380	0.01239	0.01264	0.01312	0.00975	0.01246	0.00937	0.01393	0.01266	0.02221	0.01311	0.20256	0.19582	0.00512	0.41455	0.00648	0.00306	0.00570
196	0.01440	0.01810	0.17656	0.04767	0.45303	0.01460	0.08794	0.01999	0.07003	0.02017	0.01252	0.01545	0.00992	0.00574	0.00614	0.00189	0.00777	0.00555	0.00319	0.00935
197	0.01063	0.00532	0.00797	0.00797	0.00797	0.00532	0.00532	0.00797	0.00797	0.01063	0.01063	0.01861	0.01063	0.02127	0.02392	0.82190	0.00532	0.00532	0.00266	0.00266
198	0.01523	0.01315	0.01384	0.01246	0.01592	0.01523	0.00969	0.03253	0.73563	0.02561	0.02491	0.02284	0.01869	0.00830	0.00623	0.00208	0.00484	0.00692	0.00623	0.00969
199	0.00866	0.00626	0.00818	0.00770	0.00914	0.00578	0.00578	0.01155	0.01733	0.02455	0.74346	0.04572	0.05776	0.01251	0.00722	0.00193	0.00289	0.01107	0.00674	0.00578
200	0.02287	0.02917	0.01735	0.01577	0.01892	0.76030	0.01183	0.02444	0.01735	0.01498	0.00946	0.01104	0.00788	0.00631	0.00552	0.00158	0.01104	0.00394	0.00315	0.00710
201	0.00982	0.00584	0.00869	0.00869	0.00913	0.00628	0.00621	0.00920	0.00875	0.01211	0.01321	0.02142	0.01285	0.05310	0.32208	0.47010	0.00982	0.00592	0.00294	0.00382
202	0.01166	0.01098	0.01853	0.75073	0.06085	0.01362	0.01705	0.01572	0.01228	0.01576	0.01090	0.01629	0.00820	0.00610	0.00612	0.00203	0.00814	0.00544	0.00273	0.00688
203	0.00885	0.00594	0.00666	0.00666	0.00673	0.00591	0.00374	0.00890	0.00907	0.01202	0.02068	0.04067	0.04580	0.75978	0.03038	0.00581	0.00584	0.00903	0.00377	0.00376
204	0.00744	0.00538	0.00705	0.00838	0.00884	0.00498	0.00562	0.00854	0.01186	0.01568	0.03547	0.73665	0.08359	0.01895	0.00778	0.00246	0.00352	0.01713	0.00568	0.00498
205	0.01442	0.07092	0.08506	0.01078	0.01638	0.01167	0.00963	0.10854	0.05145	0.02218	0.01192	0.01328	0.00951	0.00526	0.00490	0.00121	0.00541	0.00410	0.00391	0.53948
206	0.01211	0.02228	0.41164	0.23122	0.06469	0.01354	0.06258	0.01769	0.01292	0.01824	0.01356	0.01646	0.04412	0.00629	0.00604	0.00195	0.00839	0.00538	0.00285	0.02805
207	0.01524	0.24278	0.29449	0.01481	0.03893	0.06345	0.03733	0.06276	0.03201	0.03725	0.01120	0.01328	0.00889	0.00787	0.02425	0.05407	0.02557	0.00452	0.00312	0.00817
208	0.00792	0.00635	0.00712	0.00734	0.00892	0.00577	0.00532	0.01027	0.04992	0.01745	0.12329	0.22962	0.42879	0.03510	0.02636	0.00244	0.00367	0.01326	0.00572	0.00538
209	0.00890	0.00593	0.00668	0.00668	0.00668	0.00593	0.00371	0.00890	0.00890	0.01187	0.01929	0.04006	0.02225	0.78487	0.03116	0.00593	0.00593	0.00890	0.00371	0.00371
210	0.01057	0.01763	0.33100	0.01222	0.01702	0.00992	0.01325	0.03361	0.03532	0.02123	0.26668	0.11279	0.07322	0.01028	0.00662	0.00200	0.00580	0.00879	0.00473	0.00730
211	0.02049	0.06983	0.01884	0.01527	0.01831	0.44007	0.02856	0.13419	0.01728	0.01868	0.01011	0.01225	0.00841	0.00747	0.00839	0.02194	0.13439	0.00449	0.00351	0.00753
212	0.01421	0.01262	0.01865	0.25014	0.19605	0.01315	0.03177	0.10713	0.01482	0.02074	0.01206	0.03472	0.00990	0.00619	0.00622	0.00171	0.03078	0.00536	0.00354	0.21026
213	0.08941	0.01054	0.02883	0.01116	0.03202	0.05808	0.03050	0.01657	0.11984	0.03706	0.06108	0.07197	0.04389	0.09984	0.22351	0.00464	0.00870	0.02265	0.02319	0.00652
214	0.00883	0.00590	0.00670	0.00677	0.00679	0.00588	0.00381	0.00888	0.00905	0.01207	0.02005	0.07919	0.02322	0.74443	0.02992	0.00575	0.00581	0.00935	0.00381	0.00378
215	0.01339	0.01339	0.01875	0.01607	0.01607	0.01875	0.01339	0.01473	0.00937	0.01473	0.00804	0.01339	0.00804	0.01071	0.02009	0.00268	0.77367	0.00536	0.00268	0.00670
216	0.02909	0.00618	0.00734	0.00769	0.00906	0.00562	0.00554	0.01024	0.01364	0.04284	0.17104	0.32428	0.27629	0.03546	0.00796	0.00230	0.00348	0.03070	0.00584	0.00539
217	0.15186	0.01078	0.01167	0.01010	0.01316	0.01139	0.00787	0.17345	0.09553	0.13791	0.06122	0.13776	0.04446	0.07006	0.00799	0.00230	0.00495	0.00803	0.03173	0.00777
218	0.00746	0.00533	0.00710	0.00852	0.00888	0.00497	0.00568	0.00852	0.01172	0.01563	0.03374	0.78088	0.04049	0.01918	0.00781	0.00249	0.00355	0.01740	0.00568	0.00497
219	0.00750	0.00537	0.00707	0.00840	0.00879	0.00501	0.00559	0.00854	0.01168	0.01552	0.03396	0.73745	0.05763	0.04513	0.00859	0.00259	0.00362	0.01700	0.00562	0.00493
220	0.15291	0.00898	0.01012	0.00887	0.01162	0.00891	0.00685	0.06141	0.03982	0.19258	0.18974	0.08607	0.10608	0.07923	0.00846	0.00233	0.00439	0.00860	0.00591	0.00711
221	0.03676	0.00613	0.00755	0.00815	0.00932	0.00568	0.00580	0.01066	0.01303	0.05879	0.10741	0.47686	0.15812	0.01637	0.00734	0.00228	0.00357	0.03123	0.02947	0.00549
222	0.01339	0.01339	0.01875	0.01607	0.01607	0.01875	0.01339	0.01473	0.00937	0.01473	0.00804	0.01339	0.00804	0.01071	0.02009	0.00268	0.77367	0.00536	0.00268	0.00670
223	0.00861	0.00615	0.00772	0.00827	0.00957	0.00562	0.00619	0.01046	0.01390	0.04026	0.17425	0.32178	0.22405	0.01627	0.00760	0.00231	0.00369	0.12195	0.00593	0.00544
224	0.03374	0.00800	0.00949	0.00918	0.01100	0.00796	0.00677	0.09482	0.05300	0.09104	0.08643	0.34918	0.08983	0.06488	0.00861	0.00244	0.00427	0.02999	0.03290	0.00645
225	0.01027	0.00736	0.00890	0.00936	0.01074	0.00742	0.00667	0.01493	0.16750	0.06055	0.03310	0.52794	0.07932	0.01594	0.00734	0.00234	0.00390	0.01421	0.00591	0.00631
226	0.00743	0.00543	0.00700	0.00826	0.00881	0.00499	0.00557	0.00855	0.01197	0.01573	0.03691	0.69985	0.11947	0.01877	0.00775	0.00244	0.00350	0.01690	0.00568	0.00499
227	0.01228	0.00707	0.00878	0.00841	0.01025	0.00649	0.00620	0.03748	0.01421	0.15776	0.10842	0.26041	0.18171	0.07102	0.00942	0.03031	0.00407	0.02773	0.03178	0.00619
228	0.01061	0.00654	0.00856	0.00848	0.00994	0.00627	0.00623	0.01239	0.01309	0.11022	0.14207	0.25353	0.12617	0.06925	0.16450	0.00398	0.00639	0.01134	0.02458	0.00586
229	0.00920	0.00592	0.00663	0.00661	0.00686	0.00590	0.00388	0.00969	0.00980	0.01384	0.05562	0.03824	0.02323	0.65153	0.02669	0.00518	0.00541	0.00862	0.10310	0.00406
230	0.03671	0.00845	0.01098	0.00979	0.01231	0.00832	0.00753	0.03726	0.05209	0.28317	0.02393	0.14463	0.04351	0.09454	0.19330	0.00434	0.00769	0.00847	0.00558	0.00739
231	0.01701	0.01434	0.01743	0.01828	0.20906	0.05652	0.01161	0.21210	0.01762	0.04353	0.01284	0.01557	0.01045	0.05026	0.00699	0.00175	0.00634	0.00501	0.00424	0.26903
232	0.01389	0.01184	0.03451	0.03733	0.03495	0.03045	0.02786	0.11786	0.07477	0.04071	0.08349	0.04812	0.04368	0.01102	0.04831	0.00228	0.04800	0.08120	0.03028	0.17945
233	0.03848	0.00740	0.00890	0.00844	0.00986	0.00764	0.00622	0.05126	0.07883	0.05724	0.04262	0.04687	0.01725	0.06186	0.01372	0.29285	0.00467	0.04541	0.19510	0.00537
234	0.01253	0.03594	0.01370	0.05849	0.16826	0.05243	0.00976	0.01491	0.03730	0.05958	0.04322	0.06807	0.16105	0.05099	0.08271	0.07974	0.00667	0.00792	0.03011	0.00663
235	0.01348	0.01202	0.01641	0.08680	0.24326	0.01301	0.01236	0.02248	0.31322	0.02167	0.06213	0.08105	0.05824	0.00868	0.00640	0.00202	0.00559	0.00769	0.00488	0.00861
236	0.00893	0.00642	0.00917	0.00917	0.01015	0.00731	0.00694	0.01089	0.00991	0.01446	0.01699	0.02600	0.01621	0.13728	0.61989	0.00881	0.01421	0.00680	0.05520	0.00526
237	0.00851	0.00591	0.00745	0.00825	0.00868	0.00576	0.00564	0.00950	0.01113	0.01479	0.04445	0.33227	0.03251	0.33093	0.01744	0.00394	0.00489	0.13846	0.00489	0.00460
238	0.01588	0.03580	0.02480	0.15127	0.30198	0.05814	0.16817	0.10650	0.03884	0.02123	0.01222	0.01545	0.00958	0.00587	0.00625	0.00189	0.00813	0.00574	0.00347	0.00880
239	0.02296	0.01864	0.01764	0.01400	0.01847	0.14782	0.01134	0.55641	0.02587	0.05842	0.01428	0.01453	0.01030	0.00717	0.00596	0.00178	0.00731	0.00527	0.03216	0.00968
240	0.00891	0.00672	0.00984	0.00975	0.01071	0.00785	0.00748	0.01087	0.00974	0.01402	0.01639	0.02515	0.01570	0.11131	0.67126	0.00926	0.03968	0.00673	0.00330	0.00535
241	0.02122	0.00967	0.01277	0.01122	0.05130	0.00890	0.00838	0.06588	0.01674	0.44985	0.08954	0.04187	0.01969	0.05972	0.00772	0.00212	0.00492	0.00693	0.10274	0.00882
