[name]
unknown

[dist]
# distance from previous block
# <min> <max>
0	73

[block]
# block no. 0 follows, 35 sequences, length 25
# corresponding to MSA columns:
# 82-106
name=unknown_A
#
# <colnr> <probs for GDERKNQSTAVLIFYWHMCP>
#	G	D	E	R	K	N	Q	S	T	A	V	L	I	F	Y	W	H	M	C	P
0	0.01458	0.30986	0.13820	0.01221	0.01699	0.01681	0.01215	0.07186	0.06928	0.01951	0.01935	0.02780	0.05706	0.03373	0.00676	0.00205	0.00663	0.13633	0.00411	0.02470
1	0.09355	0.08859	0.43908	0.01759	0.02505	0.09320	0.11709	0.02045	0.01380	0.02004	0.01097	0.01315	0.00817	0.00592	0.00584	0.00193	0.00913	0.00479	0.00294	0.00870
2	0.07267	0.27802	0.09777	0.15590	0.02338	0.24051	0.01359	0.02047	0.01430	0.01681	0.00985	0.01218	0.00811	0.00603	0.00519	0.00169	0.00865	0.00417	0.00298	0.00774
3	0.00847	0.00688	0.00862	0.00831	0.01025	0.00612	0.03310	0.01070	0.01531	0.01968	0.24289	0.10382	0.40653	0.01519	0.00765	0.00221	0.00373	0.07878	0.00609	0.00569
4	0.00894	0.00736	0.00957	0.15083	0.01543	0.00761	0.00762	0.01087	0.01242	0.01565	0.03781	0.04276	0.34055	0.15937	0.14183	0.00428	0.00716	0.01000	0.00450	0.00545
5	0.00754	0.00625	0.00660	0.00688	0.00869	0.00532	0.00502	0.00905	0.01402	0.01696	0.05869	0.19643	0.60312	0.01679	0.00761	0.00222	0.00330	0.01427	0.00589	0.00532
6	0.02091	0.02578	0.01650	0.01517	0.01804	0.61016	0.01143	0.02267	0.01650	0.01537	0.01117	0.01400	0.00963	0.01434	0.14763	0.00326	0.01250	0.00460	0.00329	0.00703
7	0.01580	0.08620	0.20430	0.01213	0.01783	0.01191	0.03410	0.04636	0.01463	0.12396	0.01503	0.01635	0.01119	0.00620	0.00533	0.00158	0.00615	0.00494	0.15781	0.20821
8	0.01762	0.01457	0.09860	0.01341	0.01790	0.01265	0.07478	0.20234	0.06539	0.14964	0.22048	0.02675	0.03937	0.00900	0.00677	0.00199	0.00600	0.00773	0.00608	0.00892
9	0.01615	0.63861	0.16845	0.01223	0.01841	0.02313	0.01325	0.01920	0.01299	0.01591	0.00931	0.01079	0.00812	0.00554	0.00444	0.00148	0.00728	0.00364	0.00271	0.00838
10	0.66856	0.01253	0.01028	0.00921	0.01307	0.01453	0.00747	0.02151	0.14681	0.02810	0.01206	0.01285	0.00925	0.00641	0.00441	0.00200	0.00493	0.00415	0.00441	0.00747
11	0.01113	0.00805	0.00991	0.01025	0.01164	0.00816	0.00755	0.14387	0.01579	0.02103	0.03106	0.54938	0.03541	0.01728	0.00784	0.00249	0.00455	0.09235	0.00597	0.00630
12	0.01565	0.01275	0.01449	0.01058	0.01609	0.01101	0.00855	0.17541	0.01695	0.02507	0.01218	0.01363	0.00971	0.00536	0.00507	0.00116	0.00522	0.00420	0.00435	0.63256
13	0.02384	0.02596	0.01834	0.01574	0.01963	0.50080	0.01219	0.26210	0.02204	0.02391	0.01166	0.01274	0.00907	0.00691	0.00593	0.00173	0.00991	0.00464	0.00432	0.00853
14	0.00954	0.00992	0.06153	0.01164	0.01453	0.00798	0.13320	0.01239	0.01476	0.01948	0.18816	0.18984	0.27473	0.01359	0.00752	0.00219	0.00500	0.01228	0.00543	0.00629
15	0.01388	0.01388	0.01943	0.01666	0.01666	0.01943	0.01388	0.01527	0.00972	0.01527	0.00833	0.01388	0.00833	0.01110	0.02082	0.00278	0.76544	0.00555	0.00278	0.00694
16	0.01307	0.01537	0.15218	0.01105	0.01740	0.00965	0.01054	0.01676	0.01320	0.02056	0.01130	0.01320	0.00914	0.00495	0.00495	0.00114	0.00559	0.00394	0.00355	0.66246
17	0.02104	0.02673	0.15552	0.01583	0.02052	0.43109	0.01392	0.06957	0.09929	0.06740	0.01330	0.01413	0.01010	0.00683	0.00595	0.00180	0.00963	0.00481	0.00402	0.00849
18	0.00816	0.00619	0.00775	0.00824	0.00930	0.00603	0.00586	0.00959	0.01204	0.01569	0.03769	0.28885	0.24359	0.10689	0.19911	0.00476	0.00718	0.01283	0.00504	0.00520
19	0.05703	0.01357	0.08252	0.01284	0.02911	0.05744	0.07417	0.04340	0.01447	0.06794	0.04164	0.21340	0.03368	0.01008	0.00641	0.00189	0.00600	0.02441	0.00468	0.20533
20	0.03592	0.13031	0.14667	0.01486	0.03802	0.05559	0.10372	0.06422	0.01479	0.05435	0.01643	0.15819	0.01547	0.00851	0.00612	0.00186	0.00706	0.00738	0.00408	0.11646
21	0.06436	0.01304	0.16241	0.01114	0.01483	0.00883	0.01032	0.01748	0.01384	0.20377	0.02665	0.30322	0.06022	0.05013	0.00813	0.00242	0.00548	0.01070	0.00550	0.00753
22	0.07459	0.03900	0.31516	0.01328	0.01886	0.04255	0.01429	0.03959	0.04562	0.05645	0.15062	0.02150	0.01962	0.01036	0.05551	0.00246	0.00752	0.00620	0.03456	0.03226
23	0.01516	0.18203	0.03689	0.01295	0.01659	0.03646	0.08922	0.14907	0.03192	0.04340	0.06426	0.25111	0.02294	0.01096	0.00656	0.00203	0.00619	0.00955	0.00496	0.00776
24	0.01507	0.09237	0.17206	0.01645	0.03482	0.07198	0.14676	0.06519	0.03413	0.04261	0.11557	0.02173	0.03460	0.00867	0.02248	0.00214	0.05134	0.02116	0.00413	0.02673

[dist]
# distance from previous block
# <min> <max>
1	29

[block]
# block no. 1 follows, 35 sequences, length 78
# corresponding to MSA columns:
# 141-144,146-219
name=unknown_B
#
# <colnr> <probs for GDERKNQSTAVLIFYWHMCP>
#	G	D	E	R	K	N	Q	S	T	A	V	L	I	F	Y	W	H	M	C	P
0	0.01367	0.27846	0.26394	0.01294	0.01842	0.01613	0.01403	0.01766	0.01367	0.03925	0.13027	0.01930	0.01761	0.01135	0.08088	0.00263	0.03253	0.00565	0.00362	0.00799
1	0.01432	0.27518	0.34327	0.01418	0.02067	0.01748	0.01590	0.04610	0.07675	0.01931	0.01432	0.08947	0.01258	0.00751	0.00564	0.00186	0.00747	0.00586	0.00348	0.00866
2	0.01311	0.11679	0.01444	0.02624	0.04173	0.01123	0.00856	0.11067	0.03664	0.04827	0.06123	0.38182	0.02826	0.01325	0.00683	0.00211	0.00495	0.01157	0.00536	0.05694
3	0.01212	0.27747	0.01765	0.01030	0.04052	0.03503	0.00821	0.01437	0.01494	0.01911	0.26004	0.10691	0.13849	0.01102	0.00626	0.00184	0.00485	0.00915	0.00496	0.00676
4	0.01614	0.04910	0.15218	0.03443	0.01920	0.11336	0.01387	0.14773	0.01639	0.02188	0.08462	0.05585	0.01560	0.00920	0.01036	0.00216	0.21947	0.00638	0.00407	0.00803
5	0.01273	0.37949	0.01967	0.00911	0.01178	0.01513	0.00753	0.01388	0.01143	0.01416	0.01687	0.13717	0.01873	0.29044	0.01502	0.00330	0.00608	0.00775	0.00361	0.00611
6	0.04571	0.25703	0.42845	0.01518	0.02272	0.01835	0.01786	0.08952	0.01479	0.02084	0.01090	0.01249	0.00830	0.00600	0.00539	0.00180	0.00818	0.00435	0.00310	0.00905
7	0.01811	0.70365	0.03139	0.01090	0.01627	0.02352	0.01070	0.02019	0.01342	0.08782	0.01044	0.01132	0.00890	0.00567	0.00430	0.00142	0.00665	0.00369	0.00323	0.00841
8	0.00786	0.00568	0.00762	0.00890	0.00940	0.00544	0.00606	0.00909	0.01202	0.01607	0.03402	0.67714	0.05956	0.02254	0.08267	0.00333	0.00500	0.01677	0.00564	0.00521
9	0.01261	0.01070	0.01257	0.00934	0.01445	0.00813	0.00735	0.01526	0.01305	0.02022	0.01365	0.08934	0.01266	0.00622	0.00504	0.00110	0.00460	0.00519	0.00397	0.73454
10	0.01684	0.01426	0.01669	0.01568	0.07614	0.01594	0.03865	0.14818	0.48547	0.02771	0.02346	0.02343	0.03389	0.00847	0.00655	0.00211	0.00576	0.02486	0.00601	0.00989
11	0.02260	0.01664	0.01798	0.01393	0.01865	0.01830	0.01145	0.64570	0.02864	0.03852	0.08732	0.01846	0.01571	0.00815	0.00646	0.00191	0.00658	0.00629	0.00641	0.01031
12	0.00856	0.00874	0.08139	0.00900	0.01098	0.00641	0.00745	0.01098	0.01453	0.01960	0.25179	0.32616	0.18956	0.01558	0.00758	0.00225	0.00394	0.01372	0.00590	0.00587
13	0.00750	0.00643	0.00643	0.00643	0.00857	0.00536	0.00482	0.00910	0.01446	0.01714	0.06427	0.06105	0.73490	0.01607	0.00750	0.00214	0.00321	0.01339	0.00589	0.00536
14	0.01050	0.00762	0.00954	0.00864	0.01050	0.00736	0.00659	0.08260	0.01915	0.02690	0.66204	0.04416	0.05494	0.01243	0.00737	0.00199	0.00339	0.01090	0.00692	0.00647
15	0.01662	0.01404	0.01482	0.01308	0.01681	0.01617	0.01024	0.10216	0.65621	0.02789	0.02476	0.02282	0.01851	0.00851	0.00644	0.00213	0.00522	0.00703	0.00644	0.01012
16	0.02374	0.02898	0.01808	0.01617	0.01962	0.67819	0.01224	0.09462	0.01917	0.01798	0.01035	0.01182	0.00843	0.00665	0.00578	0.00166	0.01099	0.00425	0.00358	0.00770
17	0.00787	0.00615	0.00714	0.00752	0.00896	0.00542	0.00540	0.00960	0.01442	0.01851	0.19032	0.28835	0.37439	0.01667	0.00769	0.00225	0.00332	0.01450	0.00611	0.00542
18	0.04543	0.32407	0.02391	0.01322	0.01617	0.03621	0.03402	0.01699	0.01233	0.01698	0.08159	0.01563	0.01343	0.00832	0.01081	0.00199	0.28900	0.00517	0.00327	0.03148
19	0.04226	0.08186	0.01693	0.01247	0.03626	0.03274	0.00985	0.27781	0.04056	0.02721	0.01525	0.09010	0.01328	0.00760	0.00570	0.00161	0.00589	0.00604	0.00490	0.27170
20	0.04836	0.06826	0.14020	0.14898	0.02167	0.01395	0.01266	0.16137	0.04046	0.06555	0.03700	0.02210	0.04746	0.10824	0.00946	0.00249	0.00687	0.00635	0.03054	0.00804
21	0.00868	0.00640	0.00812	0.00785	0.00934	0.00583	0.00583	0.01134	0.01702	0.02359	0.58885	0.10891	0.14679	0.01394	0.00753	0.00206	0.00308	0.01226	0.00675	0.00583
22	0.01072	0.00732	0.00813	0.00769	0.00820	0.00751	0.00467	0.08013	0.01129	0.01508	0.01951	0.03888	0.02183	0.69990	0.02969	0.00572	0.00623	0.00887	0.00409	0.00454
23	0.01751	0.01451	0.04665	0.02355	0.32120	0.03098	0.01424	0.07440	0.12285	0.13422	0.02134	0.02207	0.08488	0.00786	0.00695	0.00199	0.03370	0.00670	0.00486	0.00955
24	0.03435	0.20635	0.04787	0.01231	0.01654	0.16518	0.01060	0.19831	0.04159	0.02349	0.03251	0.01927	0.08376	0.00773	0.00558	0.00172	0.00703	0.00568	0.07191	0.00824
25	0.01651	0.29755	0.21524	0.01351	0.01999	0.01763	0.04020	0.08945	0.01516	0.06349	0.01169	0.01300	0.00911	0.00582	0.00519	0.00158	0.00719	0.00436	0.00358	0.14976
26	0.03870	0.12470	0.39937	0.01992	0.13225	0.01568	0.06651	0.02091	0.01400	0.09214	0.01252	0.01431	0.00920	0.00602	0.00588	0.00191	0.00832	0.00499	0.00334	0.00933
27	0.01129	0.00986	0.03824	0.04723	0.19973	0.00907	0.03748	0.01369	0.01324	0.04374	0.02647	0.39570	0.04649	0.03268	0.00802	0.00242	0.00553	0.04729	0.00487	0.00696
28	0.01532	0.01468	0.02506	0.11350	0.66592	0.01497	0.01928	0.01913	0.01426	0.02026	0.01187	0.01583	0.00988	0.00572	0.00629	0.00191	0.00763	0.00565	0.00311	0.00974
29	0.01584	0.01526	0.07701	0.11750	0.27158	0.01511	0.05996	0.06487	0.01469	0.07612	0.03067	0.01776	0.01161	0.00744	0.00903	0.00211	0.14458	0.02027	0.00374	0.02484
30	0.05297	0.07520	0.40395	0.03510	0.07189	0.01501	0.09541	0.04069	0.02885	0.07709	0.03647	0.01569	0.01091	0.00636	0.00608	0.00197	0.00832	0.00537	0.00356	0.00913
31	0.00868	0.00647	0.00826	0.00920	0.01049	0.00605	0.00720	0.01072	0.01410	0.01823	0.10177	0.28317	0.21121	0.01750	0.00814	0.00254	0.00429	0.26048	0.00597	0.00552
32	0.01285	0.03193	0.70434	0.01857	0.02778	0.01481	0.06239	0.02010	0.01348	0.02010	0.01147	0.01360	0.00813	0.00599	0.00611	0.00202	0.00945	0.00485	0.00271	0.00933
33	0.03421	0.26468	0.19017	0.01433	0.05171	0.07753	0.01355	0.03359	0.03271	0.04236	0.06738	0.07839	0.01548	0.00797	0.00648	0.00185	0.04970	0.00604	0.00373	0.00814
34	0.00782	0.00562	0.00744	0.00886	0.00933	0.00524	0.00602	0.00901	0.01231	0.01633	0.03587	0.72302	0.06450	0.01966	0.00810	0.00258	0.00375	0.04348	0.00589	0.00519
35	0.00923	0.00615	0.00692	0.00692	0.00692	0.00615	0.00384	0.00923	0.00923	0.01230	0.01999	0.04151	0.02306	0.77705	0.03229	0.00615	0.00615	0.00923	0.00384	0.00384
36	0.01639	0.01372	0.02086	0.32239	0.28461	0.03086	0.01662	0.08860	0.03751	0.08688	0.01357	0.01683	0.01025	0.00643	0.00631	0.00199	0.00766	0.00573	0.00386	0.00893
37	0.01644	0.01655	0.02442	0.04891	0.05149	0.10522	0.29593	0.03970	0.20709	0.04906	0.04238	0.02069	0.03743	0.00717	0.00683	0.00205	0.00827	0.00709	0.00453	0.00875
38	0.00922	0.00619	0.00712	0.00712	0.00719	0.00626	0.00410	0.00936	0.00929	0.01245	0.01980	0.04048	0.02261	0.73154	0.07719	0.00640	0.00683	0.00907	0.00382	0.00396
39	0.40650	0.18744	0.01701	0.01036	0.01481	0.01769	0.00896	0.19214	0.01611	0.02806	0.01093	0.01207	0.00853	0.00628	0.00458	0.00179	0.00577	0.00410	0.03877	0.00809
40	0.01441	0.21675	0.36532	0.01495	0.02225	0.04511	0.04906	0.01925	0.01347	0.01873	0.01072	0.01263	0.00840	0.00561	0.00534	0.00163	0.00798	0.00429	0.00294	0.16114
41	0.01776	0.28792	0.06887	0.01338	0.04203	0.14418	0.01155	0.10338	0.03738	0.02022	0.01110	0.01248	0.00915	0.00585	0.00504	0.00146	0.00727	0.00415	0.00361	0.19324
42	0.01764	0.01002	0.03802	0.01022	0.01360	0.00879	0.00840	0.04432	0.07530	0.30335	0.31150	0.05540	0.05513	0.01050	0.00690	0.00201	0.00448	0.00897	0.00704	0.00842
43	0.01729	0.01438	0.01520	0.01322	0.01707	0.01649	0.01041	0.15774	0.59952	0.02898	0.02390	0.02214	0.01781	0.00843	0.00644	0.00211	0.00538	0.00691	0.00644	0.01018
44	0.00916	0.00616	0.00690	0.00690	0.00698	0.00612	0.00388	0.00922	0.00941	0.01247	0.02158	0.04222	0.04859	0.74976	0.03140	0.00601	0.00604	0.00937	0.00392	0.00390
45	0.01497	0.01711	0.03743	0.02674	0.03316	0.01604	0.71444	0.02032	0.01497	0.02032	0.01283	0.01711	0.00963	0.00535	0.00749	0.00214	0.01070	0.00749	0.00321	0.00856
46	0.01010	0.00604	0.00872	0.00872	0.00911	0.00642	0.00609	0.00944	0.00906	0.01246	0.01433	0.02438	0.01439	0.13911	0.27193	0.42671	0.00949	0.00648	0.00313	0.00390
47	0.00845	0.00582	0.00715	0.00791	0.00810	0.00563	0.00490	0.00902	0.01074	0.01432	0.02775	0.42036	0.03285	0.38485	0.01976	0.00430	0.00487	0.01379	0.00490	0.00452
48	0.01239	0.01165	0.01946	0.66298	0.11018	0.01398	0.01742	0.01652	0.01287	0.01682	0.01134	0.01665	0.00865	0.00621	0.00627	0.00205	0.00823	0.00557	0.00289	0.03789
49	0.02412	0.01777	0.01904	0.01460	0.01967	0.01967	0.01206	0.71633	0.02983	0.03998	0.01523	0.01523	0.01079	0.00762	0.00635	0.00190	0.00698	0.00571	0.00635	0.01079
50	0.00923	0.00615	0.00692	0.00692	0.00692	0.00615	0.00384	0.00923	0.00923	0.01230	0.01999	0.04151	0.02306	0.77705	0.03229	0.00615	0.00615	0.00923	0.00384	0.00384
51	0.01294	0.01251	0.01984	0.58035	0.12306	0.03505	0.01732	0.01675	0.01274	0.01663	0.01102	0.01631	0.00863	0.00674	0.00777	0.00214	0.08434	0.00559	0.00287	0.00740
52	0.01198	0.01128	0.01903	0.76180	0.04369	0.01409	0.01762	0.01621	0.01268	0.01621	0.01128	0.01691	0.00846	0.00634	0.00634	0.00211	0.00846	0.00564	0.00282	0.00705
53	0.00888	0.00634	0.00867	0.01007	0.01096	0.00614	0.00782	0.01085	0.01343	0.01775	0.05794	0.43689	0.04014	0.01860	0.00837	0.00271	0.00462	0.31843	0.00590	0.00549
54	0.01198	0.01128	0.01903	0.76180	0.04369	0.01409	0.01762	0.01621	0.01268	0.01621	0.01128	0.01691	0.00846	0.00634	0.00634	0.00211	0.00846	0.00564	0.00282	0.00705
55	0.00898	0.00648	0.00848	0.00798	0.00948	0.00599	0.00599	0.01197	0.01796	0.02544	0.73413	0.04739	0.05986	0.01297	0.00748	0.00200	0.00299	0.01147	0.00698	0.00599
56	0.02370	0.03023	0.01798	0.01634	0.01961	0.75158	0.01226	0.02533	0.01798	0.01553	0.00981	0.01144	0.00817	0.00654	0.00572	0.00163	0.01144	0.00409	0.00327	0.00735
57	0.00911	0.00661	0.00925	0.00925	0.01005	0.00741	0.00675	0.01072	0.00991	0.01402	0.01786	0.02972	0.01794	0.25867	0.54367	0.00902	0.01385	0.00750	0.00353	0.00514
58	0.04920	0.24143	0.05048	0.01780	0.09116	0.10492	0.12142	0.17961	0.04575	0.02326	0.01208	0.01374	0.00955	0.00623	0.00568	0.00176	0.00800	0.00505	0.00392	0.00897
59	0.01917	0.01592	0.01471	0.01246	0.01606	0.12645	0.00984	0.28126	0.19756	0.02919	0.01829	0.01868	0.01378	0.00765	0.00584	0.00183	0.00625	0.00587	0.19022	0.00897
60	0.01627	0.01118	0.01347	0.00978	0.01527	0.00863	0.00788	0.01901	0.01417	0.16720	0.01407	0.01487	0.01068	0.00534	0.00504	0.00115	0.00484	0.00429	0.00459	0.65227
61	0.03727	0.01012	0.01187	0.01030	0.01298	0.01026	0.00788	0.18539	0.01781	0.16054	0.08565	0.18076	0.09589	0.11350	0.01063	0.00267	0.02284	0.00998	0.00607	0.00759
62	0.02813	0.01133	0.01505	0.01154	0.01646	0.01012	0.00953	0.08371	0.01906	0.68781	0.02427	0.02110	0.01533	0.00783	0.00638	0.00196	0.00552	0.00633	0.00774	0.01080
63	0.02846	0.01080	0.01472	0.01129	0.01619	0.00932	0.00932	0.03092	0.01816	0.74187	0.02503	0.02159	0.01570	0.00785	0.00638	0.00196	0.00540	0.00638	0.00785	0.01080
64	0.02711	0.01091	0.01457	0.01130	0.01603	0.00969	0.00929	0.04716	0.04517	0.66949	0.05261	0.02253	0.01745	0.00808	0.00642	0.00197	0.00533	0.00659	0.00773	0.01058
65	0.04494	0.02169	0.02049	0.02043	0.15583	0.30674	0.04629	0.20766	0.01952	0.02363	0.01166	0.01367	0.00927	0.00692	0.00713	0.00187	0.06437	0.00506	0.00405	0.00879
66	0.02846	0.01080	0.01472	0.01129	0.01619	0.00932	0.00932	0.03092	0.01816	0.74187	0.02503	0.02159	0.01570	0.00785	0.00638	0.00196	0.00540	0.00638	0.00785	0.01080
67	0.01198	0.01128	0.01903	0.76180	0.04369	0.01409	0.01762	0.01621	0.01268	0.01621	0.01128	0.01691	0.00846	0.00634	0.00634	0.00211	0.00846	0.00564	0.00282	0.00705
68	0.00768	0.00632	0.00675	0.00688	0.00874	0.00540	0.00507	0.00936	0.01454	0.01787	0.12911	0.14626	0.58167	0.01621	0.00757	0.00218	0.00325	0.01376	0.00600	0.00540
69	0.01522	0.01693	0.03315	0.04801	0.11577	0.04504	0.52188	0.01985	0.01450	0.01962	0.01217	0.01643	0.00947	0.00597	0.00842	0.00214	0.07687	0.00691	0.00315	0.00850
70	0.00786	0.00560	0.00743	0.00885	0.00923	0.00526	0.00594	0.00898	0.01211	0.01613	0.03434	0.72272	0.04105	0.04948	0.00907	0.00273	0.00384	0.03845	0.00581	0.00512
71	0.01388	0.01388	0.01943	0.01666	0.01666	0.01943	0.01388	0.01527	0.00972	0.01527	0.00833	0.01388	0.00833	0.01110	0.02082	0.00278	0.76544	0.00555	0.00278	0.00694
72	0.01486	0.01688	0.03671	0.05559	0.03357	0.01597	0.68709	0.02016	0.01488	0.02016	0.01277	0.01710	0.00958	0.00539	0.00744	0.00214	0.01061	0.00741	0.00319	0.00850
73	0.01338	0.00967	0.01216	0.01134	0.01372	0.01088	0.00893	0.03450	0.25046	0.08419	0.02127	0.02585	0.01773	0.02906	0.39267	0.00633	0.01133	0.03387	0.00497	0.00769
74	0.01430	0.01672	0.10984	0.07862	0.20756	0.04094	0.15479	0.01871	0.03507	0.01933	0.01350	0.03603	0.01167	0.00737	0.00835	0.00207	0.10342	0.04202	0.00339	0.07630
75	0.00893	0.00647	0.00740	0.00729	0.00794	0.00639	0.00467	0.00965	0.01110	0.01453	0.08104	0.04486	0.18621	0.49539	0.05842	0.00505	0.02554	0.01012	0.00449	0.00451
76	0.38062	0.01748	0.01253	0.01156	0.01460	0.26831	0.00896	0.01939	0.01331	0.02133	0.01205	0.07492	0.01107	0.01123	0.07380	0.00268	0.03036	0.00523	0.00378	0.00679
77	0.04737	0.18794	0.26095	0.01960	0.15348	0.19071	0.01676	0.02092	0.01446	0.01834	0.01047	0.01255	0.00842	0.00595	0.00550	0.00176	0.00880	0.00440	0.00296	0.00866

[dist]
# distance from previous block
# <min> <max>
0	1

[block]
# block no. 2 follows, 35 sequences, length 7
# corresponding to MSA columns:
# 221-227
name=unknown_C
#
# <colnr> <probs for GDERKNQSTAVLIFYWHMCP>
#	G	D	E	R	K	N	Q	S	T	A	V	L	I	F	Y	W	H	M	C	P
0	0.01882	0.01522	0.01725	0.05920	0.06916	0.01716	0.01193	0.29967	0.36180	0.03081	0.01985	0.01941	0.01472	0.00788	0.00639	0.00203	0.00617	0.00640	0.00597	0.01016
1	0.01198	0.15484	0.01542	0.01137	0.06221	0.01133	0.03349	0.03947	0.04282	0.02179	0.27753	0.06022	0.13460	0.01056	0.00640	0.00187	0.00457	0.00900	0.08358	0.00696
2	0.00750	0.00643	0.00643	0.00643	0.00857	0.00536	0.00482	0.00910	0.01446	0.01714	0.06427	0.06105	0.73490	0.01607	0.00750	0.00214	0.00321	0.01339	0.00589	0.00536
3	0.02102	0.02463	0.01675	0.01518	0.01856	0.50318	0.01151	0.02816	0.25701	0.01924	0.01521	0.01557	0.01195	0.00724	0.00597	0.00181	0.00927	0.00513	0.00434	0.00826
4	0.01183	0.00591	0.00591	0.00591	0.00739	0.00591	0.00443	0.01478	0.01330	0.02365	0.02069	0.02365	0.01626	0.00739	0.00443	0.00148	0.00296	0.00591	0.81227	0.00591
5	0.00906	0.00680	0.01020	0.01020	0.01133	0.00793	0.00793	0.01133	0.01020	0.01473	0.01699	0.02492	0.01586	0.04758	0.75191	0.01020	0.01699	0.00680	0.00340	0.00566
6	0.00905	0.00608	0.00697	0.00714	0.00719	0.00603	0.00408	0.00918	0.00957	0.01276	0.02174	0.12701	0.02527	0.68854	0.02946	0.00573	0.00586	0.01026	0.00408	0.00400

[dist]
# distance from previous block
# <min> <max>
1	1

[block]
# block no. 3 follows, 35 sequences, length 8
# corresponding to MSA columns:
# 254-261
name=unknown_D
#
# <colnr> <probs for GDERKNQSTAVLIFYWHMCP>
#	G	D	E	R	K	N	Q	S	T	A	V	L	I	F	Y	W	H	M	C	P
0	0.01497	0.01711	0.03743	0.02674	0.03316	0.01604	0.71444	0.02032	0.01497	0.02032	0.01283	0.01711	0.00963	0.00535	0.00749	0.00214	0.01070	0.00749	0.00321	0.00856
1	0.01341	0.01150	0.01327	0.00973	0.01517	0.00916	0.00776	0.01767	0.08117	0.02123	0.01266	0.01416	0.01035	0.00507	0.00487	0.00106	0.00473	0.00408	0.00402	0.73895
2	0.00898	0.00648	0.00848	0.00798	0.00948	0.00599	0.00599	0.01197	0.01796	0.02544	0.73413	0.04739	0.05986	0.01297	0.00748	0.00200	0.00299	0.01147	0.00698	0.00599
3	0.01775	0.01461	0.01545	0.01331	0.01725	0.01670	0.01052	0.19488	0.56165	0.02971	0.02332	0.02168	0.01734	0.00837	0.00643	0.00209	0.00548	0.00683	0.00643	0.01022
4	0.01315	0.01128	0.01315	0.00940	0.01503	0.00846	0.00752	0.01597	0.01315	0.02067	0.01128	0.01315	0.00940	0.00470	0.00470	0.00094	0.00470	0.00376	0.00376	0.81583
5	0.00829	0.00646	0.00752	0.00725	0.00905	0.00569	0.00544	0.01063	0.01632	0.02155	0.42051	0.05379	0.37590	0.01442	0.00749	0.00206	0.00310	0.01237	0.00647	0.00569
6	0.01882	0.43036	0.02736	0.04838	0.09275	0.05443	0.01243	0.20573	0.01780	0.02231	0.01101	0.01245	0.00906	0.00613	0.00508	0.00160	0.00720	0.00438	0.00376	0.00896
7	0.05039	0.01551	0.01304	0.01218	0.01464	0.24792	0.03321	0.06711	0.01621	0.01924	0.06401	0.15557	0.12529	0.03830	0.00780	0.00226	0.00698	0.09889	0.00488	0.00658

[dist]
# distance from previous block
# <min> <max>
0	2

[block]
# block no. 4 follows, 35 sequences, length 71
# corresponding to MSA columns:
# 264-311,313-335
name=unknown_E
#
# <colnr> <probs for GDERKNQSTAVLIFYWHMCP>
#	G	D	E	R	K	N	Q	S	T	A	V	L	I	F	Y	W	H	M	C	P
0	0.01465	0.01458	0.02676	0.04253	0.18002	0.01406	0.33485	0.04045	0.06392	0.02162	0.04393	0.01942	0.03073	0.00633	0.00670	0.00193	0.00807	0.00686	0.03921	0.08337
1	0.01798	0.01977	0.01828	0.06714	0.01952	0.28910	0.01298	0.06377	0.04560	0.01739	0.01060	0.01446	0.00932	0.02978	0.01302	0.00232	0.33303	0.00520	0.00338	0.00739
2	0.00773	0.00552	0.00736	0.00883	0.00920	0.00515	0.00589	0.00883	0.01215	0.01619	0.03497	0.77291	0.04196	0.01987	0.00810	0.00258	0.00368	0.01803	0.00589	0.00515
3	0.01470	0.01595	0.03170	0.06697	0.11822	0.01643	0.46237	0.01907	0.01383	0.01923	0.01182	0.01634	0.00938	0.00649	0.00970	0.00222	0.14734	0.00681	0.00310	0.00836
4	0.01278	0.01088	0.01276	0.00936	0.01463	0.00823	0.00741	0.01548	0.01309	0.02036	0.01290	0.06531	0.01163	0.00574	0.00493	0.00105	0.00463	0.00474	0.00390	0.76018
5	0.01315	0.01128	0.01315	0.00940	0.01503	0.00846	0.00752	0.01597	0.01315	0.02067	0.01128	0.01315	0.00940	0.00470	0.00470	0.00094	0.00470	0.00376	0.00376	0.81583
6	0.02741	0.01083	0.01461	0.01116	0.01611	0.00926	0.00920	0.02989	0.01781	0.69236	0.02408	0.02101	0.01527	0.00764	0.00626	0.00189	0.00535	0.00620	0.00757	0.06606
7	0.01172	0.00975	0.01162	0.00925	0.01349	0.00758	0.00709	0.01408	0.01289	0.01948	0.01756	0.21460	0.01803	0.00872	0.00560	0.00137	0.00443	0.00754	0.00432	0.60088
8	0.01170	0.00931	0.01103	0.01012	0.01209	0.01015	0.00767	0.03406	0.23550	0.02353	0.34238	0.03563	0.03701	0.09497	0.05472	0.00301	0.04471	0.00919	0.00604	0.00715
9	0.01559	0.01496	0.02555	0.06065	0.71664	0.01504	0.01941	0.01937	0.01439	0.02059	0.01191	0.01574	0.01000	0.00567	0.00628	0.00189	0.00756	0.00565	0.00313	0.00996
10	0.01497	0.01711	0.03743	0.02674	0.03316	0.01604	0.71444	0.02032	0.01497	0.02032	0.01283	0.01711	0.00963	0.00535	0.00749	0.00214	0.01070	0.00749	0.00321	0.00856
11	0.00922	0.00618	0.00706	0.00706	0.00711	0.00623	0.00402	0.00932	0.00927	0.01241	0.01986	0.04079	0.02275	0.74510	0.06381	0.00633	0.00663	0.00912	0.00382	0.00392
12	0.00773	0.00552	0.00736	0.00883	0.00920	0.00515	0.00589	0.00883	0.01215	0.01619	0.03497	0.77291	0.04196	0.01987	0.00810	0.00258	0.00368	0.01803	0.00589	0.00515
13	0.00750	0.00643	0.00643	0.00643	0.00857	0.00536	0.00482	0.00910	0.01446	0.01714	0.06427	0.06105	0.73490	0.01607	0.00750	0.00214	0.00321	0.01339	0.00589	0.00536
14	0.02412	0.01777	0.01904	0.01460	0.01967	0.01967	0.01206	0.71633	0.02983	0.03998	0.01523	0.01523	0.01079	0.00762	0.00635	0.00190	0.00698	0.00571	0.00635	0.01079
15	0.01315	0.01128	0.01315	0.00940	0.01503	0.00846	0.00752	0.01597	0.01315	0.02067	0.01128	0.01315	0.00940	0.00470	0.00470	0.00094	0.00470	0.00376	0.00376	0.81583
16	0.01315	0.01128	0.01315	0.00940	0.01503	0.00846	0.00752	0.01597	0.01315	0.02067	0.01128	0.01315	0.00940	0.00470	0.00470	0.00094	0.00470	0.00376	0.00376	0.81583
17	0.02782	0.01182	0.01536	0.01177	0.01671	0.01084	0.00973	0.13162	0.01987	0.63875	0.02359	0.02066	0.01498	0.00782	0.00637	0.00195	0.00563	0.00628	0.00763	0.01080
18	0.02412	0.01777	0.01904	0.01460	0.01967	0.01967	0.01206	0.71633	0.02983	0.03998	0.01523	0.01523	0.01079	0.00762	0.00635	0.00190	0.00698	0.00571	0.00635	0.01079
19	0.01315	0.01128	0.01315	0.00940	0.01503	0.00846	0.00752	0.01597	0.01315	0.02067	0.01128	0.01315	0.00940	0.00470	0.00470	0.00094	0.00470	0.00376	0.00376	0.81583
20	0.01315	0.01128	0.01315	0.00940	0.01503	0.00846	0.00752	0.01597	0.01315	0.02067	0.01128	0.01315	0.00940	0.00470	0.00470	0.00094	0.00470	0.00376	0.00376	0.81583
21	0.01235	0.00716	0.00920	0.00861	0.01067	0.00645	0.00650	0.01459	0.01591	0.16451	0.30506	0.18425	0.16954	0.01528	0.03808	0.00247	0.00422	0.01189	0.00660	0.00665
22	0.68816	0.13994	0.01330	0.00876	0.01294	0.01604	0.00753	0.01871	0.01114	0.02621	0.00883	0.01028	0.00708	0.00581	0.00395	0.00186	0.00522	0.00343	0.00372	0.00708
23	0.01102	0.00551	0.00826	0.00826	0.00826	0.00551	0.00551	0.00826	0.00826	0.01102	0.01102	0.01928	0.01102	0.02204	0.02479	0.81543	0.00551	0.00551	0.00275	0.00275
24	0.01290	0.03158	0.68878	0.01876	0.02790	0.01484	0.07760	0.02011	0.01352	0.02011	0.01150	0.01369	0.00816	0.00597	0.00614	0.00202	0.00948	0.00491	0.00272	0.00931
25	0.01323	0.01152	0.01416	0.01011	0.01578	0.00877	0.03667	0.01615	0.01323	0.02066	0.01134	0.01332	0.00941	0.00472	0.00481	0.00099	0.00495	0.00391	0.00374	0.78254
26	0.01367	0.01198	0.01999	0.56135	0.08853	0.01440	0.04474	0.01753	0.01301	0.06642	0.01206	0.01688	0.00910	0.00679	0.00770	0.00215	0.07717	0.00576	0.00320	0.00757
27	0.08027	0.10135	0.44217	0.01495	0.02254	0.01505	0.01747	0.06747	0.01439	0.04548	0.01162	0.01319	0.00857	0.00595	0.00552	0.00179	0.00783	0.00446	0.00335	0.11658
28	0.01272	0.03281	0.74418	0.01808	0.02746	0.01473	0.02344	0.02009	0.01339	0.02009	0.01138	0.01339	0.00804	0.00603	0.00603	0.00201	0.00938	0.00469	0.00268	0.00938
29	0.46280	0.01530	0.01255	0.01071	0.01481	0.13911	0.00863	0.06033	0.01472	0.18858	0.01302	0.01332	0.00931	0.00654	0.00492	0.00190	0.00624	0.00434	0.00483	0.00805
30	0.01290	0.06366	0.71486	0.01778	0.02700	0.01516	0.02292	0.02005	0.01337	0.01988	0.01128	0.01326	0.00804	0.00600	0.00595	0.00198	0.00927	0.00463	0.00268	0.00932
31	0.01315	0.01128	0.01315	0.00940	0.01503	0.00846	0.00752	0.01597	0.01315	0.02067	0.01128	0.01315	0.00940	0.00470	0.00470	0.00094	0.00470	0.00376	0.00376	0.81583
32	0.00775	0.00580	0.00723	0.00834	0.00918	0.00527	0.00577	0.00904	0.01279	0.01652	0.04207	0.57619	0.21077	0.01887	0.00797	0.00248	0.00364	0.03920	0.00589	0.00522
33	0.00873	0.00647	0.00814	0.00772	0.00933	0.00588	0.00579	0.01150	0.01738	0.02406	0.62286	0.04966	0.17199	0.01348	0.00748	0.00202	0.00303	0.01179	0.00680	0.00588
34	0.02370	0.03023	0.01798	0.01634	0.01961	0.75158	0.01226	0.02533	0.01798	0.01553	0.00981	0.01144	0.00817	0.00654	0.00572	0.00163	0.01144	0.00409	0.00327	0.00735
35	0.01268	0.01181	0.01685	0.01466	0.01547	0.01549	0.02973	0.03346	0.01065	0.01606	0.01139	0.01739	0.01079	0.02195	0.24554	0.00498	0.47266	0.00594	0.00311	0.02941
36	0.01679	0.75091	0.06171	0.01114	0.01673	0.02469	0.01136	0.01904	0.01291	0.01513	0.00892	0.01031	0.00814	0.00545	0.00415	0.00138	0.00689	0.00344	0.00271	0.00819
37	0.00773	0.00552	0.00736	0.00883	0.00920	0.00515	0.00589	0.00883	0.01215	0.01619	0.03497	0.77291	0.04196	0.01987	0.00810	0.00258	0.00368	0.01803	0.00589	0.00515
38	0.00771	0.00559	0.00729	0.00866	0.00916	0.00517	0.00581	0.00885	0.01231	0.01626	0.03709	0.72125	0.09225	0.01960	0.00805	0.00254	0.00365	0.01770	0.00589	0.00517
39	0.02829	0.01108	0.01489	0.01142	0.01633	0.00974	0.00943	0.05836	0.01862	0.71377	0.02464	0.02134	0.01551	0.00784	0.00638	0.00196	0.00546	0.00635	0.00779	0.01080
40	0.02846	0.01080	0.01472	0.01129	0.01619	0.00932	0.00932	0.03092	0.01816	0.74187	0.02503	0.02159	0.01570	0.00785	0.00638	0.00196	0.00540	0.00638	0.00785	0.01080
41	0.00760	0.00602	0.00685	0.00751	0.00885	0.00526	0.00530	0.00898	0.01342	0.01671	0.05114	0.38004	0.42439	0.01777	0.00777	0.00234	0.00342	0.01547	0.00589	0.00526
42	0.02816	0.01127	0.01502	0.01151	0.01643	0.01003	0.00951	0.07797	0.01896	0.69369	0.02436	0.02116	0.01537	0.00784	0.00638	0.00196	0.00551	0.00633	0.00775	0.01080
43	0.02206	0.02342	0.01791	0.06662	0.02091	0.40584	0.01230	0.22099	0.10590	0.02380	0.01336	0.01435	0.01027	0.00708	0.00603	0.00181	0.00921	0.00502	0.00449	0.00863
44	0.00773	0.00552	0.00736	0.00883	0.00920	0.00515	0.00589	0.00883	0.01215	0.01619	0.03497	0.77291	0.04196	0.01987	0.00810	0.00258	0.00368	0.01803	0.00589	0.00515
45	0.01935	0.01520	0.01576	0.01337	0.01744	0.04849	0.01060	0.21087	0.45504	0.08884	0.02230	0.02076	0.01634	0.00820	0.00639	0.00205	0.00584	0.00659	0.00640	0.01018
46	0.01502	0.01122	0.01335	0.00963	0.01518	0.00856	0.00774	0.01779	0.01376	0.10856	0.01295	0.01418	0.01016	0.00508	0.00490	0.00106	0.00478	0.00408	0.00426	0.71772
47	0.82186	0.01227	0.00932	0.00834	0.01227	0.01423	0.00687	0.01865	0.01080	0.02846	0.00883	0.01031	0.00687	0.00589	0.00393	0.00196	0.00491	0.00344	0.00393	0.00687
48	0.27013	0.07483	0.35216	0.01372	0.02043	0.01522	0.01539	0.07168	0.01413	0.08144	0.01178	0.01299	0.00849	0.00620	0.00528	0.00194	0.00730	0.00441	0.00376	0.00872
49	0.02183	0.01623	0.01744	0.01377	0.01847	0.01786	0.01123	0.52533	0.16007	0.05742	0.01914	0.01856	0.03775	0.00803	0.00637	0.00194	0.00638	0.00623	0.00633	0.02960
50	0.01344	0.01324	0.01877	0.05934	0.01785	0.01833	0.01369	0.01505	0.00992	0.01528	0.00909	0.01481	0.00885	0.01333	0.07017	0.00325	0.67025	0.00564	0.00282	0.00686
51	0.01288	0.03174	0.69566	0.01868	0.02785	0.01482	0.07088	0.02011	0.01350	0.02011	0.01148	0.01365	0.00815	0.00598	0.00613	0.00202	0.00947	0.00488	0.00272	0.00932
52	0.00774	0.00569	0.00726	0.00844	0.00911	0.00521	0.00573	0.00898	0.01269	0.01664	0.06251	0.64106	0.14755	0.01907	0.00799	0.00249	0.00359	0.01711	0.00593	0.00521
53	0.01388	0.01388	0.01943	0.01666	0.01666	0.01943	0.01388	0.01527	0.00972	0.01527	0.00833	0.01388	0.00833	0.01110	0.02082	0.00278	0.76544	0.00555	0.00278	0.00694
54	0.01866	0.01110	0.01372	0.01008	0.01545	0.00877	0.00817	0.02135	0.01495	0.28020	0.01622	0.01619	0.01167	0.00583	0.00530	0.00131	0.00495	0.00470	0.00523	0.52613
55	0.20909	0.01284	0.01784	0.01317	0.01855	0.01161	0.16957	0.01798	0.01313	0.04025	0.01138	0.01358	0.00899	0.00521	0.00519	0.00149	0.00614	0.00460	0.00377	0.41561
56	0.19534	0.01610	0.01698	0.01343	0.01813	0.01796	0.03197	0.46889	0.10235	0.03541	0.01495	0.01516	0.01086	0.00728	0.00587	0.00195	0.00643	0.00544	0.00574	0.00979
57	0.09399	0.13844	0.16137	0.01267	0.01863	0.01585	0.01236	0.19090	0.03677	0.04907	0.01250	0.01354	0.00951	0.00612	0.00530	0.00162	0.00656	0.00451	0.00424	0.20603
58	0.35445	0.11683	0.01740	0.01253	0.01660	0.14899	0.05783	0.06246	0.09292	0.02382	0.01152	0.01285	0.00912	0.00649	0.00550	0.00188	0.03257	0.00444	0.00398	0.00782
59	0.01482	0.01667	0.03496	0.02535	0.03089	0.01651	0.61826	0.01963	0.01425	0.01963	0.01222	0.01667	0.00945	0.00614	0.00932	0.00223	0.11432	0.00722	0.00315	0.00833
60	0.01315	0.01128	0.01315	0.00940	0.01503	0.00846	0.00752	0.01597	0.01315	0.02067	0.01128	0.01315	0.00940	0.00470	0.00470	0.00094	0.00470	0.00376	0.00376	0.81583
61	0.56941	0.01224	0.01131	0.00949	0.01373	0.01332	0.00782	0.06564	0.01387	0.21109	0.01336	0.01349	0.00937	0.00650	0.00470	0.00196	0.00516	0.00433	0.00508	0.00812
62	0.00750	0.00643	0.00643	0.00643	0.00857	0.00536	0.00482	0.00910	0.01446	0.01714	0.06427	0.06105	0.73490	0.01607	0.00750	0.00214	0.00321	0.01339	0.00589	0.00536
63	0.00862	0.00647	0.00798	0.00760	0.00926	0.00583	0.00570	0.01127	0.01711	0.02342	0.57126	0.05071	0.22399	0.01372	0.00749	0.00203	0.00305	0.01194	0.00672	0.00583
64	0.00889	0.00642	0.00840	0.00804	0.00946	0.00593	0.00598	0.01176	0.01756	0.02480	0.68614	0.09719	0.05863	0.01344	0.00752	0.00204	0.00304	0.01192	0.00691	0.00593
65	0.01388	0.01388	0.01943	0.01666	0.01666	0.01943	0.01388	0.01527	0.00972	0.01527	0.00833	0.01388	0.00833	0.01110	0.02082	0.00278	0.76544	0.00555	0.00278	0.00694
66	0.01214	0.00988	0.01117	0.01025	0.01277	0.01062	0.00786	0.02217	0.35495	0.02553	0.36184	0.03681	0.07584	0.01105	0.00699	0.00208	0.00397	0.00953	0.00667	0.00788
67	0.01975	0.00824	0.01011	0.00847	0.01158	0.00754	0.00676	0.02247	0.01561	0.36566	0.02276	0.02267	0.01600	0.00761	0.00536	0.00171	0.00412	0.00614	0.42921	0.00824
68	0.01179	0.02080	0.39467	0.01485	0.03765	0.01135	0.01610	0.01646	0.01320	0.04298	0.02143	0.15098	0.05795	0.05241	0.00871	0.00246	0.03369	0.08078	0.00398	0.00775
69	0.14237	0.01998	0.24259	0.01359	0.01883	0.07350	0.01353	0.07956	0.15087	0.05542	0.04778	0.08319	0.01579	0.00826	0.00604	0.00204	0.00686	0.00654	0.00464	0.00861
70	0.07000	0.03574	0.10236	0.01313	0.03472	0.01276	0.03483	0.08807	0.11611	0.17901	0.07158	0.01923	0.01577	0.00727	0.00625	0.00181	0.02250	0.00586	0.00531	0.15768

[dist]
# distance from previous block
# <min> <max>
2	48

[block]
# block no. 5 follows, 35 sequences, length 12
# corresponding to MSA columns:
# 384-395
name=unknown_F
#
# <colnr> <probs for GDERKNQSTAVLIFYWHMCP>
#	G	D	E	R	K	N	Q	S	T	A	V	L	I	F	Y	W	H	M	C	P
0	0.10901	0.01242	0.01484	0.05925	0.04877	0.06506	0.06075	0.04710	0.05742	0.10208	0.10703	0.07680	0.04716	0.00849	0.00611	0.00184	0.00583	0.00720	0.02055	0.14230
1	0.10552	0.01441	0.02221	0.02792	0.42017	0.01478	0.06660	0.06954	0.05010	0.08909	0.03051	0.01680	0.01181	0.00645	0.00653	0.00196	0.02612	0.00582	0.00413	0.00954
2	0.10961	0.01285	0.01773	0.03381	0.06276	0.01211	0.11264	0.10729	0.01585	0.09786	0.01506	0.05194	0.01244	0.00688	0.00584	0.00169	0.00623	0.02990	0.00456	0.28297
3	0.01371	0.01226	0.01975	0.45678	0.09529	0.01336	0.06647	0.04427	0.01392	0.04099	0.01202	0.01622	0.00916	0.00601	0.00612	0.00187	0.00770	0.00546	0.00334	0.15529
4	0.00774	0.00643	0.00679	0.00688	0.00886	0.00548	0.00518	0.00949	0.01465	0.01786	0.11733	0.09259	0.61918	0.01604	0.00757	0.00218	0.00332	0.04102	0.00598	0.00542
5	0.01179	0.01047	0.01552	0.01215	0.01611	0.00916	0.14110	0.04487	0.01536	0.02136	0.15284	0.06189	0.16285	0.00978	0.00665	0.00178	0.00535	0.03731	0.00493	0.25873
6	0.01489	0.01485	0.02539	0.01987	0.02229	0.01783	0.25365	0.01768	0.01189	0.04888	0.01060	0.01533	0.00910	0.00899	0.01562	0.00252	0.47356	0.00625	0.00315	0.00766
7	0.01578	0.01363	0.01434	0.01291	0.01650	0.01578	0.01004	0.03371	0.72602	0.02654	0.02582	0.02367	0.01937	0.00861	0.00646	0.00215	0.00502	0.00717	0.00646	0.01004
8	0.01608	0.01264	0.01949	0.46994	0.13633	0.01443	0.01616	0.11299	0.01589	0.10482	0.01351	0.01706	0.00985	0.00659	0.00634	0.00204	0.00777	0.00574	0.00393	0.00842
9	0.01304	0.00841	0.00715	0.00698	0.00865	0.08245	0.00524	0.01586	0.01378	0.02282	0.01958	0.02240	0.01543	0.00730	0.00457	0.00149	0.00383	0.00573	0.72923	0.00606
10	0.01355	0.09027	0.01522	0.00955	0.01516	0.01017	0.00786	0.01628	0.01313	0.02008	0.01102	0.01285	0.00927	0.00477	0.00463	0.00098	0.00491	0.00372	0.00365	0.73293
11	0.01444	0.24723	0.40226	0.01852	0.07685	0.01793	0.10022	0.01975	0.01351	0.01866	0.01085	0.01306	0.00840	0.00575	0.00565	0.00183	0.00864	0.00471	0.00278	0.00897

[dist]
# distance from previous block
# <min> <max>
0	66

# created by:
# /home/cegg/simao/soft/augustus-3.2.1/scripts/msa2prfl.pl ./align_prep/EOG090W0DOC.fa
