[name]
unknown

[dist]
# distance from previous block
# <min> <max>
2	244

[block]
# block no. 0 follows, 31 sequences, length 69
# corresponding to MSA columns:
# 244-312
name=unknown_A
#
# <colnr> <probs for GDERKNQSTAVLIFYWHMCP>
#	G	D	E	R	K	N	Q	S	T	A	V	L	I	F	Y	W	H	M	C	P
0	0.01609	0.02016	0.17550	0.06552	0.54376	0.01613	0.02183	0.02100	0.01526	0.02201	0.01271	0.01646	0.01031	0.00621	0.00672	0.00207	0.00859	0.00587	0.00327	0.01055
1	0.07686	0.17452	0.02208	0.04597	0.09936	0.01914	0.01264	0.16152	0.20886	0.08538	0.01791	0.01810	0.01353	0.00760	0.00616	0.00202	0.00673	0.00594	0.00544	0.01025
2	0.01539	0.01429	0.02381	0.03490	0.56668	0.01417	0.01791	0.01928	0.01638	0.02343	0.16175	0.02420	0.02225	0.00777	0.00705	0.00206	0.00709	0.00743	0.00427	0.00991
3	0.00889	0.00686	0.00763	0.00753	0.00913	0.00612	0.00532	0.01062	0.01528	0.01961	0.22085	0.07565	0.38620	0.17437	0.01378	0.00320	0.00409	0.01309	0.00618	0.00559
4	0.80789	0.01323	0.01006	0.00900	0.01323	0.01535	0.00741	0.02011	0.01164	0.03070	0.00953	0.01111	0.00741	0.00635	0.00423	0.00212	0.00529	0.00370	0.00423	0.00741
5	0.01608	0.01538	0.02623	0.19103	0.57452	0.01603	0.02057	0.02025	0.01517	0.02132	0.01272	0.01721	0.01047	0.00625	0.00679	0.00208	0.00834	0.00609	0.00331	0.01015
6	0.01774	0.10834	0.03346	0.02719	0.17562	0.01799	0.36050	0.04517	0.06420	0.05978	0.01486	0.01790	0.01140	0.00632	0.00717	0.00213	0.00943	0.00696	0.00400	0.00983
7	0.01377	0.01303	0.02206	0.59409	0.18949	0.01542	0.01942	0.01823	0.01408	0.01852	0.01231	0.01796	0.00948	0.00668	0.00683	0.00223	0.00891	0.00608	0.00311	0.00829
8	0.01555	0.01484	0.02527	0.28359	0.48609	0.01589	0.02031	0.01978	0.01492	0.02067	0.01262	0.01738	0.01025	0.00635	0.00680	0.00212	0.00847	0.00609	0.00327	0.00972
9	0.01617	0.60261	0.02992	0.01124	0.01594	0.02250	0.01057	0.01816	0.01373	0.01639	0.01550	0.16915	0.01653	0.00916	0.00531	0.00174	0.00660	0.00701	0.00365	0.00809
10	0.01956	0.01497	0.02471	0.08707	0.51910	0.01486	0.01852	0.02336	0.01629	0.17064	0.01582	0.01838	0.01201	0.00665	0.00680	0.00207	0.00771	0.00626	0.00444	0.01077
11	0.01012	0.00712	0.00937	0.00970	0.01043	0.00752	0.00704	0.01158	0.01152	0.01565	0.02362	0.04584	0.02543	0.37203	0.25607	0.00731	0.01036	0.14958	0.00445	0.00524
12	0.00947	0.00704	0.01035	0.01068	0.01173	0.00792	0.00808	0.01164	0.01144	0.01622	0.02245	0.18167	0.02309	0.04496	0.57862	0.00925	0.01527	0.00991	0.00424	0.00599
13	0.01672	0.17633	0.03638	0.02745	0.16445	0.01928	0.39658	0.02127	0.01539	0.02060	0.01259	0.01647	0.01009	0.00603	0.00746	0.00209	0.03142	0.00669	0.00332	0.00940
14	0.00834	0.00595	0.00794	0.00953	0.00992	0.00556	0.00635	0.00953	0.01310	0.01746	0.03771	0.75510	0.04525	0.02143	0.00873	0.00278	0.00397	0.01945	0.00635	0.00556
15	0.02594	0.01043	0.01419	0.01161	0.01586	0.00910	0.00927	0.02828	0.01820	0.57195	0.02927	0.17884	0.02295	0.01122	0.00727	0.00226	0.00543	0.00955	0.00802	0.01035
16	0.01511	0.01407	0.02355	0.03509	0.56661	0.01398	0.01788	0.01856	0.01505	0.02131	0.01815	0.17384	0.01815	0.00936	0.00719	0.00219	0.00724	0.00893	0.00402	0.00971
17	0.01372	0.03539	0.72412	0.01950	0.02961	0.01589	0.02528	0.02167	0.01444	0.02167	0.01228	0.01444	0.00867	0.00650	0.00650	0.00217	0.01011	0.00506	0.00289	0.01011
18	0.02019	0.01418	0.01571	0.01360	0.01782	0.01566	0.01073	0.05506	0.53916	0.17636	0.02733	0.02478	0.01977	0.00908	0.00694	0.00227	0.00556	0.00751	0.00728	0.01103
19	0.63908	0.01794	0.16184	0.01123	0.01671	0.01546	0.01121	0.02044	0.01224	0.02878	0.01011	0.01182	0.00768	0.00638	0.00472	0.00213	0.00632	0.00399	0.00395	0.00798
20	0.01063	0.01306	0.16149	0.01176	0.01450	0.00949	0.01079	0.01351	0.01148	0.01641	0.01846	0.04823	0.01825	0.24287	0.36054	0.00766	0.01287	0.00791	0.00371	0.00639
21	0.01377	0.01303	0.02206	0.59409	0.18949	0.01542	0.01942	0.01823	0.01408	0.01852	0.01231	0.01796	0.00948	0.00668	0.00683	0.00223	0.00891	0.00608	0.00311	0.00829
22	0.02591	0.02202	0.02029	0.01614	0.02120	0.17233	0.01305	0.55235	0.02945	0.03751	0.01518	0.01556	0.01103	0.00797	0.00670	0.00199	0.00855	0.00579	0.00614	0.01085
23	0.01309	0.01710	0.17008	0.58930	0.04340	0.01535	0.02033	0.01837	0.01384	0.01837	0.01218	0.01743	0.00902	0.00677	0.00677	0.00226	0.00933	0.00586	0.00301	0.00813
24	0.02589	0.01064	0.01398	0.01106	0.01572	0.00915	0.00902	0.02834	0.01873	0.57216	0.03599	0.03233	0.16513	0.01035	0.00714	0.00216	0.00532	0.00849	0.00802	0.01040
25	0.02793	0.17171	0.02025	0.01217	0.01759	0.01399	0.01049	0.04937	0.01873	0.55239	0.02298	0.02047	0.01505	0.00790	0.00635	0.00198	0.00619	0.00617	0.00724	0.01103
26	0.00995	0.00663	0.00746	0.00746	0.00746	0.00663	0.00415	0.00995	0.00995	0.01327	0.02156	0.04477	0.02487	0.75957	0.03482	0.00663	0.00663	0.00995	0.00415	0.00415
27	0.01625	0.02032	0.17579	0.03721	0.57080	0.01618	0.02191	0.02114	0.01534	0.02221	0.01274	0.01640	0.01038	0.00618	0.00671	0.00206	0.00855	0.00587	0.00328	0.01068
28	0.17829	0.00750	0.00839	0.00941	0.01063	0.00764	0.00658	0.01178	0.01279	0.02028	0.03172	0.59695	0.03721	0.01823	0.00778	0.00264	0.00425	0.01610	0.00590	0.00595
29	0.00814	0.00689	0.00703	0.00708	0.00930	0.00578	0.00528	0.00989	0.01559	0.01868	0.08520	0.09438	0.66867	0.01741	0.00811	0.00233	0.00348	0.01459	0.00638	0.00578
30	0.01506	0.01621	0.03413	0.02538	0.03117	0.01530	0.54728	0.02027	0.01606	0.02161	0.01860	0.03094	0.01654	0.00856	0.00837	0.00249	0.01042	0.14896	0.00406	0.00860
31	0.01056	0.16710	0.01400	0.01011	0.01172	0.01022	0.00768	0.01204	0.01338	0.01730	0.03165	0.56955	0.03726	0.01802	0.00784	0.00251	0.00477	0.04239	0.00562	0.00627
32	0.02304	0.03320	0.16919	0.01802	0.02295	0.57986	0.01578	0.02612	0.01834	0.01779	0.01094	0.01279	0.00878	0.00693	0.00624	0.00185	0.01186	0.00454	0.00339	0.00839
33	0.01223	0.01106	0.01810	0.58699	0.03928	0.01334	0.01633	0.01651	0.01489	0.01960	0.16119	0.02523	0.02090	0.00836	0.00710	0.00225	0.00787	0.00742	0.00399	0.00736
34	0.01826	0.01921	0.02507	0.12550	0.48428	0.16829	0.01909	0.02190	0.01615	0.02054	0.01229	0.01612	0.01019	0.00639	0.00665	0.00201	0.00915	0.00573	0.00337	0.00981
35	0.01145	0.00836	0.00925	0.00893	0.00978	0.00889	0.00568	0.01562	0.15762	0.01660	0.02281	0.04022	0.02383	0.58202	0.04669	0.00583	0.00667	0.00941	0.00473	0.00562
36	0.25896	0.02149	0.31060	0.01348	0.01936	0.01406	0.01456	0.05750	0.01365	0.02391	0.01364	0.01998	0.01189	0.16663	0.01184	0.00309	0.00773	0.00574	0.00380	0.00810
37	0.01018	0.00690	0.00822	0.00855	0.00889	0.00690	0.00561	0.01085	0.01118	0.01480	0.02467	0.05166	0.02795	0.60213	0.02943	0.00589	0.00656	0.15043	0.00460	0.00460
38	0.00868	0.00610	0.00784	0.00909	0.00940	0.00579	0.00588	0.00962	0.01243	0.01657	0.03427	0.60411	0.04092	0.17834	0.01428	0.00360	0.00454	0.01743	0.00588	0.00526
39	0.01547	0.02319	0.23147	0.02623	0.03404	0.01691	0.50569	0.02185	0.01567	0.02185	0.01340	0.01733	0.00990	0.00597	0.00763	0.00227	0.01114	0.00723	0.00330	0.00947
40	0.01694	0.01683	0.03069	0.06371	0.47339	0.01671	0.20680	0.04937	0.01636	0.02292	0.01326	0.01738	0.01068	0.00612	0.00714	0.00212	0.00909	0.00665	0.00354	0.01030
41	0.02618	0.01888	0.02036	0.01561	0.02107	0.02079	0.01289	0.66913	0.03169	0.06873	0.01682	0.01668	0.01183	0.00822	0.00685	0.00206	0.00746	0.00619	0.00691	0.01163
42	0.01419	0.01448	0.02761	0.46958	0.07135	0.01596	0.24911	0.01914	0.01460	0.01920	0.01276	0.01826	0.00962	0.00644	0.00726	0.00228	0.00990	0.00676	0.00320	0.00829
43	0.00968	0.00699	0.00914	0.00861	0.01022	0.00646	0.00646	0.01291	0.01937	0.02743	0.71328	0.05110	0.06455	0.01399	0.00807	0.00215	0.00323	0.01237	0.00753	0.00646
44	0.01228	0.00633	0.00655	0.00672	0.00818	0.00629	0.00495	0.01525	0.01421	0.02464	0.02398	0.10439	0.02053	0.00943	0.00521	0.00172	0.00327	0.00779	0.71200	0.00629
45	0.00835	0.00684	0.00737	0.00746	0.00946	0.00585	0.00551	0.01025	0.01589	0.01971	0.16205	0.13669	0.54630	0.01726	0.00815	0.00234	0.00348	0.01466	0.00653	0.00585
46	0.01829	0.76368	0.03585	0.01171	0.01756	0.02707	0.01171	0.02049	0.01390	0.01610	0.00951	0.01097	0.00878	0.00585	0.00439	0.00146	0.00732	0.00366	0.00293	0.00878
47	0.00834	0.00595	0.00794	0.00953	0.00992	0.00556	0.00635	0.00953	0.01310	0.01746	0.03771	0.75510	0.04525	0.02143	0.00873	0.00278	0.00397	0.01945	0.00635	0.00556
48	0.01275	0.00638	0.00638	0.00638	0.00797	0.00638	0.00478	0.01594	0.01435	0.02551	0.02232	0.02551	0.01754	0.00797	0.00478	0.00159	0.00319	0.00638	0.79755	0.00638
49	0.03070	0.01164	0.01588	0.01217	0.01746	0.01006	0.01006	0.03334	0.01958	0.72163	0.02699	0.02329	0.01694	0.00847	0.00688	0.00212	0.00582	0.00688	0.00847	0.01164
50	0.03070	0.01164	0.01588	0.01217	0.01746	0.01006	0.01006	0.03334	0.01958	0.72163	0.02699	0.02329	0.01694	0.00847	0.00688	0.00212	0.00582	0.00688	0.00847	0.01164
51	0.01419	0.01216	0.01419	0.01013	0.01621	0.00912	0.00811	0.01723	0.01419	0.02229	0.01216	0.01419	0.01013	0.00507	0.00507	0.00101	0.00507	0.00405	0.00405	0.80139
52	0.80789	0.01323	0.01006	0.00900	0.01323	0.01535	0.00741	0.02011	0.01164	0.03070	0.00953	0.01111	0.00741	0.00635	0.00423	0.00212	0.00529	0.00370	0.00423	0.00741
53	0.80789	0.01323	0.01006	0.00900	0.01323	0.01535	0.00741	0.02011	0.01164	0.03070	0.00953	0.01111	0.00741	0.00635	0.00423	0.00212	0.00529	0.00370	0.00423	0.00741
54	0.01188	0.00594	0.00891	0.00891	0.00891	0.00594	0.00594	0.00891	0.00891	0.01188	0.01188	0.02080	0.01188	0.02377	0.02674	0.80095	0.00594	0.00594	0.00297	0.00297
55	0.01102	0.00787	0.01102	0.01260	0.01417	0.00787	0.01102	0.01417	0.01575	0.02047	0.03622	0.07717	0.03937	0.01890	0.00945	0.00315	0.00630	0.67084	0.00630	0.00630
56	0.01615	0.01845	0.04037	0.02884	0.03576	0.01730	0.69204	0.02191	0.01615	0.02191	0.01384	0.01845	0.01038	0.00577	0.00807	0.00231	0.01153	0.00807	0.00346	0.00923
57	0.00962	0.00699	0.00906	0.00854	0.01018	0.00643	0.00640	0.01279	0.01921	0.02707	0.68728	0.05170	0.09078	0.01412	0.00807	0.00216	0.00324	0.01246	0.00748	0.00643
58	0.03070	0.01164	0.01588	0.01217	0.01746	0.01006	0.01006	0.03334	0.01958	0.72163	0.02699	0.02329	0.01694	0.00847	0.00688	0.00212	0.00582	0.00688	0.00847	0.01164
59	0.01554	0.01505	0.02429	0.17677	0.37498	0.01743	0.01881	0.01895	0.01369	0.01963	0.01158	0.01662	0.00994	0.00798	0.01142	0.00237	0.22652	0.00606	0.00320	0.00919
60	0.01597	0.01939	0.08123	0.02798	0.03491	0.01731	0.63368	0.02175	0.01589	0.02175	0.01362	0.01812	0.01024	0.00598	0.00836	0.00232	0.03101	0.00784	0.00341	0.00923
61	0.02532	0.05655	0.01993	0.01743	0.02103	0.70901	0.01317	0.02709	0.01921	0.01672	0.01054	0.01229	0.00881	0.00701	0.00611	0.00175	0.01217	0.00438	0.00351	0.00796
62	0.01102	0.00787	0.01102	0.01260	0.01417	0.00787	0.01102	0.01417	0.01575	0.02047	0.03622	0.07717	0.03937	0.01890	0.00945	0.00315	0.00630	0.67084	0.00630	0.00630
63	0.01419	0.01216	0.01419	0.01013	0.01621	0.00912	0.00811	0.01723	0.01419	0.02229	0.01216	0.01419	0.01013	0.00507	0.00507	0.00101	0.00507	0.00405	0.00405	0.80139
64	0.01054	0.00734	0.00952	0.00886	0.01065	0.00685	0.00668	0.01417	0.03754	0.04924	0.67358	0.04955	0.06190	0.01369	0.00800	0.00216	0.00337	0.01208	0.00755	0.00673
65	0.02601	0.01916	0.02053	0.01574	0.02122	0.02122	0.01300	0.69408	0.03217	0.04312	0.01643	0.01643	0.01163	0.00821	0.00684	0.00205	0.00753	0.00616	0.00684	0.01163
66	0.02601	0.01916	0.02053	0.01574	0.02122	0.02122	0.01300	0.69408	0.03217	0.04312	0.01643	0.01643	0.01163	0.00821	0.00684	0.00205	0.00753	0.00616	0.00684	0.01163
67	0.00852	0.00693	0.00746	0.00734	0.00940	0.00596	0.00545	0.01053	0.01625	0.02034	0.21560	0.06166	0.53871	0.04458	0.00909	0.00244	0.00353	0.01379	0.00654	0.00587
68	0.00944	0.00696	0.00882	0.00841	0.01008	0.00634	0.00628	0.01241	0.01870	0.02599	0.61008	0.07101	0.15079	0.01462	0.00809	0.00219	0.00328	0.01283	0.00734	0.00634

[dist]
# distance from previous block
# <min> <max>
0	3

[block]
# block no. 1 follows, 31 sequences, length 153
# corresponding to MSA columns:
# 316-468
name=unknown_B
#
# <colnr> <probs for GDERKNQSTAVLIFYWHMCP>
#	G	D	E	R	K	N	Q	S	T	A	V	L	I	F	Y	W	H	M	C	P
0	0.00845	0.00691	0.00746	0.00739	0.00948	0.00592	0.00552	0.01051	0.01636	0.02047	0.21361	0.08521	0.54548	0.01671	0.00810	0.00229	0.00343	0.01414	0.00662	0.00592
1	0.80789	0.01323	0.01006	0.00900	0.01323	0.01535	0.00741	0.02011	0.01164	0.03070	0.00953	0.01111	0.00741	0.00635	0.00423	0.00212	0.00529	0.00370	0.00423	0.00741
2	0.00932	0.00698	0.00864	0.00823	0.01000	0.00630	0.00617	0.01221	0.01851	0.02541	0.56754	0.05444	0.21156	0.01474	0.00807	0.00219	0.00328	0.01284	0.00726	0.00630
3	0.01829	0.76368	0.03585	0.01171	0.01756	0.02707	0.01171	0.02049	0.01390	0.01610	0.00951	0.01097	0.00878	0.00585	0.00439	0.00146	0.00732	0.00366	0.00293	0.00878
4	0.00834	0.00595	0.00794	0.00953	0.00992	0.00556	0.00635	0.00953	0.01310	0.01746	0.03771	0.75510	0.04525	0.02143	0.00873	0.00278	0.00397	0.01945	0.00635	0.00556
5	0.00991	0.00677	0.00818	0.00818	0.00843	0.00702	0.00504	0.01041	0.01016	0.01380	0.02090	0.04113	0.02329	0.61548	0.17674	0.00752	0.00901	0.00942	0.00405	0.00454
6	0.01470	0.01214	0.01424	0.01020	0.01625	0.00915	0.00817	0.01773	0.01435	0.04399	0.01262	0.01447	0.01034	0.00517	0.00512	0.00105	0.00509	0.00414	0.00419	0.77689
7	0.00809	0.00693	0.00693	0.00693	0.00924	0.00578	0.00520	0.00982	0.01559	0.01848	0.06931	0.06584	0.71411	0.01733	0.00809	0.00231	0.00347	0.01444	0.00635	0.00578
8	0.01614	0.01545	0.02634	0.17984	0.58520	0.01605	0.02060	0.02030	0.01520	0.02139	0.01273	0.01719	0.01050	0.00624	0.00679	0.00208	0.00832	0.00609	0.00332	0.01020
9	0.01642	0.01486	0.01816	0.01346	0.01929	0.07483	0.09691	0.02028	0.04043	0.05877	0.01359	0.01547	0.01080	0.00567	0.00572	0.00135	0.00660	0.00489	0.00427	0.55826
10	0.00857	0.00695	0.00760	0.00744	0.00954	0.00598	0.00558	0.01076	0.01674	0.02120	0.26496	0.06136	0.51676	0.01631	0.00808	0.00226	0.00339	0.01381	0.00671	0.00598
11	0.01729	0.01206	0.01450	0.01052	0.01645	0.00930	0.00847	0.02026	0.01520	0.15388	0.01495	0.01590	0.01141	0.00571	0.00541	0.00122	0.00521	0.00459	0.00488	0.65279
12	0.80789	0.01323	0.01006	0.00900	0.01323	0.01535	0.00741	0.02011	0.01164	0.03070	0.00953	0.01111	0.00741	0.00635	0.00423	0.00212	0.00529	0.00370	0.00423	0.00741
13	0.01353	0.00660	0.00679	0.00663	0.00838	0.00654	0.00501	0.01669	0.01457	0.05565	0.02252	0.02541	0.01751	0.00799	0.00487	0.00162	0.00330	0.00640	0.76337	0.00660
14	0.00833	0.00689	0.00732	0.00747	0.00955	0.00588	0.00560	0.01017	0.01565	0.01909	0.10939	0.12141	0.58954	0.01749	0.00819	0.00237	0.00360	0.03979	0.00643	0.00582
15	0.19303	0.01832	0.01826	0.01436	0.01951	0.04230	0.01182	0.52914	0.02738	0.03963	0.01477	0.01516	0.01064	0.00778	0.00627	0.00206	0.00720	0.00558	0.00618	0.01062
16	0.00837	0.00613	0.00787	0.00914	0.00985	0.00563	0.00621	0.00973	0.01373	0.01808	0.07456	0.63157	0.13293	0.02054	0.00862	0.00269	0.00387	0.01846	0.00641	0.00563
17	0.01146	0.00931	0.01147	0.01037	0.01286	0.00935	0.03239	0.01851	0.18830	0.02598	0.40646	0.04613	0.16419	0.01310	0.00780	0.00223	0.00411	0.01142	0.00704	0.00752
18	0.23243	0.02929	0.52747	0.01661	0.02510	0.01574	0.02036	0.02124	0.01367	0.02415	0.01152	0.01353	0.00832	0.00646	0.00588	0.00215	0.00878	0.00468	0.00326	0.00937
19	0.01829	0.76368	0.03585	0.01171	0.01756	0.02707	0.01171	0.02049	0.01390	0.01610	0.00951	0.01097	0.00878	0.00585	0.00439	0.00146	0.00732	0.00366	0.00293	0.00878
20	0.00809	0.00693	0.00693	0.00693	0.00924	0.00578	0.00520	0.00982	0.01559	0.01848	0.06931	0.06584	0.71411	0.01733	0.00809	0.00231	0.00347	0.01444	0.00635	0.00578
21	0.01682	0.01457	0.01571	0.04928	0.01921	0.01693	0.01122	0.03544	0.67103	0.02808	0.02708	0.02517	0.02031	0.00916	0.00696	0.00232	0.00559	0.00765	0.00677	0.01067
22	0.01782	0.01509	0.01592	0.01408	0.01809	0.01739	0.01102	0.09486	0.64472	0.02991	0.02683	0.02472	0.02006	0.00919	0.00695	0.00230	0.00560	0.00759	0.00695	0.01090
23	0.01743	0.45066	0.26701	0.01478	0.02196	0.05152	0.01642	0.05493	0.01522	0.01936	0.01084	0.01248	0.00889	0.00624	0.00530	0.00174	0.00847	0.00429	0.00313	0.00934
24	0.01679	0.01708	0.05793	0.04102	0.68712	0.01624	0.02118	0.02103	0.01553	0.02232	0.01284	0.01682	0.01074	0.00611	0.00676	0.00204	0.00821	0.00605	0.00336	0.01081
25	0.01332	0.00748	0.00758	0.00737	0.00927	0.00778	0.00558	0.01864	0.10563	0.02592	0.02305	0.02551	0.01798	0.00814	0.00507	0.00169	0.00348	0.00656	0.69298	0.00697
26	0.01494	0.01342	0.02258	0.49261	0.25491	0.01531	0.01924	0.01926	0.01453	0.04950	0.01302	0.01805	0.00999	0.00668	0.00682	0.00220	0.00867	0.00612	0.00338	0.00879
27	0.01580	0.01328	0.02063	0.01713	0.05009	0.01355	0.17731	0.09392	0.10266	0.07029	0.20535	0.03190	0.08872	0.01024	0.00860	0.00226	0.05443	0.00922	0.00587	0.00876
28	0.02590	0.16448	0.02257	0.01408	0.01961	0.01787	0.03907	0.27525	0.02298	0.30129	0.01906	0.01810	0.01308	0.00774	0.00642	0.00197	0.00698	0.00602	0.00656	0.01097
29	0.00825	0.00628	0.00760	0.00866	0.00969	0.00563	0.00596	0.00962	0.01393	0.01781	0.04829	0.52431	0.26921	0.02006	0.00852	0.00262	0.00380	0.01777	0.00635	0.00563
30	0.02052	0.01774	0.07605	0.07337	0.08916	0.03889	0.04165	0.19349	0.23447	0.11248	0.01997	0.02006	0.01451	0.00800	0.00688	0.00217	0.00736	0.00666	0.00590	0.01067
31	0.01559	0.01488	0.02534	0.27709	0.49231	0.01590	0.02033	0.01982	0.01494	0.02072	0.01263	0.01737	0.01026	0.00635	0.00680	0.00212	0.00846	0.00609	0.00327	0.00975
32	0.01457	0.03420	0.68862	0.01913	0.02900	0.01560	0.02451	0.02225	0.01470	0.05675	0.01301	0.01489	0.00908	0.00660	0.00652	0.00216	0.00990	0.00515	0.00317	0.01019
33	0.00832	0.00602	0.00787	0.00935	0.00988	0.00557	0.00627	0.00955	0.01327	0.01753	0.03982	0.70905	0.08994	0.02116	0.00869	0.00275	0.00394	0.01911	0.00635	0.00557
34	0.01665	0.01705	0.03233	0.03723	0.47045	0.01663	0.26379	0.02133	0.01578	0.02219	0.01322	0.01748	0.01067	0.00598	0.00724	0.00213	0.00936	0.00681	0.00341	0.01025
35	0.01869	0.07236	0.01791	0.01407	0.01837	0.01852	0.01128	0.15052	0.53415	0.03021	0.02445	0.02282	0.01834	0.00883	0.00675	0.00221	0.00593	0.00715	0.00663	0.01081
36	0.01188	0.00594	0.00891	0.00891	0.00891	0.00594	0.00594	0.00891	0.00891	0.01188	0.01188	0.02080	0.01188	0.02377	0.02674	0.80095	0.00594	0.00594	0.00297	0.00297
37	0.01693	0.01626	0.02777	0.04199	0.71689	0.01626	0.02100	0.02100	0.01558	0.02235	0.01287	0.01693	0.01084	0.00610	0.00677	0.00203	0.00813	0.00610	0.00339	0.01084
38	0.02727	0.01088	0.01478	0.01159	0.01628	0.00947	0.00947	0.03001	0.01955	0.60837	0.13896	0.02782	0.02470	0.00937	0.00707	0.00212	0.00540	0.00778	0.00831	0.01080
39	0.01829	0.76368	0.03585	0.01171	0.01756	0.02707	0.01171	0.02049	0.01390	0.01610	0.00951	0.01097	0.00878	0.00585	0.00439	0.00146	0.00732	0.00366	0.00293	0.00878
40	0.00937	0.00690	0.00877	0.00848	0.01008	0.00629	0.00629	0.01224	0.01836	0.02548	0.57634	0.11359	0.14227	0.01504	0.00813	0.00223	0.00332	0.01324	0.00729	0.00629
41	0.00968	0.00699	0.00914	0.00861	0.01022	0.00646	0.00646	0.01291	0.01937	0.02743	0.71328	0.05110	0.06455	0.01399	0.00807	0.00215	0.00323	0.01237	0.00753	0.00646
42	0.00834	0.00595	0.00794	0.00953	0.00992	0.00556	0.00635	0.00953	0.01310	0.01746	0.03771	0.75510	0.04525	0.02143	0.00873	0.00278	0.00397	0.01945	0.00635	0.00556
43	0.02154	0.02591	0.01998	0.01775	0.01994	0.46232	0.01388	0.02320	0.01601	0.01664	0.00997	0.01334	0.00888	0.00892	0.01235	0.00223	0.29106	0.00501	0.00332	0.00776
44	0.01829	0.76368	0.03585	0.01171	0.01756	0.02707	0.01171	0.02049	0.01390	0.01610	0.00951	0.01097	0.00878	0.00585	0.00439	0.00146	0.00732	0.00366	0.00293	0.00878
45	0.80789	0.01323	0.01006	0.00900	0.01323	0.01535	0.00741	0.02011	0.01164	0.03070	0.00953	0.01111	0.00741	0.00635	0.00423	0.00212	0.00529	0.00370	0.00423	0.00741
46	0.03070	0.01164	0.01588	0.01217	0.01746	0.01006	0.01006	0.03334	0.01958	0.72163	0.02699	0.02329	0.01694	0.00847	0.00688	0.00212	0.00582	0.00688	0.00847	0.01164
47	0.01419	0.01216	0.01419	0.01013	0.01621	0.00912	0.00811	0.01723	0.01419	0.02229	0.01216	0.01419	0.01013	0.00507	0.00507	0.00101	0.00507	0.00405	0.00405	0.80139
48	0.02556	0.03261	0.01939	0.01763	0.02115	0.73210	0.01322	0.02732	0.01939	0.01674	0.01058	0.01234	0.00881	0.00705	0.00617	0.00176	0.01234	0.00441	0.00353	0.00793
49	0.00968	0.00699	0.00914	0.00861	0.01022	0.00646	0.00646	0.01291	0.01937	0.02743	0.71328	0.05110	0.06455	0.01399	0.00807	0.00215	0.00323	0.01237	0.00753	0.00646
50	0.80789	0.01323	0.01006	0.00900	0.01323	0.01535	0.00741	0.02011	0.01164	0.03070	0.00953	0.01111	0.00741	0.00635	0.00423	0.00212	0.00529	0.00370	0.00423	0.00741
51	0.01505	0.01449	0.02504	0.25042	0.35366	0.01538	0.09477	0.02003	0.04943	0.02081	0.01517	0.06725	0.01307	0.00747	0.00708	0.00220	0.00840	0.00729	0.00367	0.00932
52	0.02557	0.03216	0.01943	0.01756	0.02115	0.70867	0.01321	0.04930	0.01981	0.01761	0.01077	0.01247	0.00891	0.00709	0.00619	0.00177	0.01218	0.00446	0.00363	0.00805
53	0.01188	0.00594	0.00891	0.00891	0.00891	0.00594	0.00594	0.00891	0.00891	0.01188	0.01188	0.02080	0.01188	0.02377	0.02674	0.80095	0.00594	0.00594	0.00297	0.00297
54	0.00830	0.00610	0.00779	0.00914	0.00982	0.00559	0.00618	0.00957	0.01347	0.01762	0.04244	0.65180	0.14549	0.02082	0.00864	0.00271	0.00389	0.01870	0.00635	0.00559
55	0.01335	0.01247	0.01708	0.01501	0.01519	0.01668	0.01204	0.01465	0.01057	0.01586	0.01402	0.02324	0.03394	0.15887	0.08594	0.00436	0.51957	0.00712	0.00337	0.00667
56	0.01829	0.76368	0.03585	0.01171	0.01756	0.02707	0.01171	0.02049	0.01390	0.01610	0.00951	0.01097	0.00878	0.00585	0.00439	0.00146	0.00732	0.00366	0.00293	0.00878
57	0.03070	0.01164	0.01588	0.01217	0.01746	0.01006	0.01006	0.03334	0.01958	0.72163	0.02699	0.02329	0.01694	0.00847	0.00688	0.00212	0.00582	0.00688	0.00847	0.01164
58	0.00979	0.00727	0.01071	0.01071	0.01183	0.00840	0.00819	0.01203	0.01091	0.01567	0.01859	0.02833	0.01774	0.10898	0.67565	0.01064	0.01737	0.00754	0.00370	0.00595
59	0.05044	0.01823	0.03906	0.02798	0.03478	0.01722	0.66239	0.02184	0.01595	0.02229	0.01365	0.01814	0.01025	0.00579	0.00791	0.00230	0.01126	0.00788	0.00349	0.00915
60	0.01615	0.01845	0.04037	0.02884	0.03576	0.01730	0.69204	0.02191	0.01615	0.02191	0.01384	0.01845	0.01038	0.00577	0.00807	0.00231	0.01153	0.00807	0.00346	0.00923
61	0.01902	0.00991	0.01217	0.01015	0.01379	0.00900	0.00809	0.08070	0.01945	0.30258	0.18283	0.04141	0.23773	0.01229	0.00749	0.00218	0.00472	0.01026	0.00749	0.00878
62	0.01274	0.00769	0.00823	0.00790	0.00982	0.00791	0.00598	0.01823	0.11353	0.02634	0.16349	0.03071	0.02756	0.00938	0.00576	0.00181	0.00351	0.00779	0.52458	0.00703
63	0.00834	0.00595	0.00794	0.00953	0.00992	0.00556	0.00635	0.00953	0.01310	0.01746	0.03771	0.75510	0.04525	0.02143	0.00873	0.00278	0.00397	0.01945	0.00635	0.00556
64	0.01770	0.01504	0.01585	0.01406	0.01805	0.01734	0.01099	0.08630	0.65347	0.02972	0.02698	0.02483	0.02018	0.00920	0.00695	0.00230	0.00557	0.00762	0.00695	0.01089
65	0.00834	0.00595	0.00794	0.00953	0.00992	0.00556	0.00635	0.00953	0.01310	0.01746	0.03771	0.75510	0.04525	0.02143	0.00873	0.00278	0.00397	0.01945	0.00635	0.00556
66	0.05005	0.01883	0.01900	0.01521	0.02002	0.09845	0.01245	0.46264	0.02705	0.11643	0.01771	0.02006	0.01332	0.00878	0.00729	0.00212	0.02916	0.04434	0.00644	0.01066
67	0.03030	0.01227	0.01626	0.01247	0.01778	0.01099	0.01030	0.08843	0.02063	0.66506	0.02611	0.02271	0.01649	0.00845	0.00688	0.00211	0.00596	0.00682	0.00833	0.01164
68	0.01053	0.00709	0.00903	0.00977	0.01095	0.00674	0.00685	0.01328	0.06210	0.06611	0.09569	0.55304	0.08495	0.01884	0.00839	0.00262	0.00410	0.01689	0.00663	0.00642
69	0.01693	0.01626	0.02777	0.04199	0.71689	0.01626	0.02100	0.02100	0.01558	0.02235	0.01287	0.01693	0.01084	0.00610	0.00677	0.00203	0.00813	0.00610	0.00339	0.01084
70	0.00874	0.00625	0.00836	0.00964	0.01030	0.00587	0.00674	0.01038	0.01421	0.01913	0.13458	0.60046	0.04756	0.02016	0.00869	0.00272	0.00405	0.06991	0.00652	0.00574
71	0.11032	0.01208	0.01525	0.01187	0.01695	0.01114	0.00979	0.07005	0.01933	0.58908	0.02442	0.02169	0.01566	0.00822	0.00654	0.00210	0.00579	0.00649	0.03217	0.01104
72	0.01893	0.01534	0.01632	0.01417	0.01834	0.01749	0.01116	0.14457	0.57229	0.05278	0.02594	0.02396	0.01924	0.00908	0.00694	0.00227	0.00578	0.00745	0.00699	0.01099
73	0.01532	0.02200	0.20720	0.05456	0.03030	0.04126	0.32884	0.02058	0.01454	0.02032	0.01249	0.01681	0.00976	0.00840	0.02957	0.00261	0.14659	0.00670	0.00322	0.00893
74	0.00980	0.00667	0.00748	0.00746	0.00770	0.00656	0.00431	0.01005	0.01072	0.01418	0.05048	0.04660	0.07866	0.67594	0.03181	0.00614	0.00627	0.01038	0.00444	0.00435
75	0.00834	0.00595	0.00794	0.00953	0.00992	0.00556	0.00635	0.00953	0.01310	0.01746	0.03771	0.75510	0.04525	0.02143	0.00873	0.00278	0.00397	0.01945	0.00635	0.00556
76	0.01354	0.01279	0.02164	0.63522	0.15019	0.01536	0.01931	0.01802	0.01397	0.01823	0.01227	0.01804	0.00938	0.00673	0.00683	0.00224	0.00897	0.00608	0.00309	0.00810
77	0.10782	0.01747	0.12277	0.04753	0.07483	0.03352	0.05433	0.05960	0.04090	0.06923	0.01376	0.01559	0.01051	0.00623	0.00589	0.00172	0.00705	0.00510	0.00431	0.30183
78	0.74848	0.01470	0.01076	0.00965	0.01383	0.06978	0.00785	0.02066	0.01223	0.02964	0.00961	0.01121	0.00752	0.00640	0.00438	0.00209	0.00583	0.00376	0.00418	0.00745
79	0.80789	0.01323	0.01006	0.00900	0.01323	0.01535	0.00741	0.02011	0.01164	0.03070	0.00953	0.01111	0.00741	0.00635	0.00423	0.00212	0.00529	0.00370	0.00423	0.00741
80	0.01188	0.00594	0.00891	0.00891	0.00891	0.00594	0.00594	0.00891	0.00891	0.01188	0.01188	0.02080	0.01188	0.02377	0.02674	0.80095	0.00594	0.00594	0.00297	0.00297
81	0.00995	0.00663	0.00746	0.00746	0.00746	0.00663	0.00415	0.00995	0.00995	0.01327	0.02156	0.04477	0.02487	0.75957	0.03482	0.00663	0.00663	0.00995	0.00415	0.00415
82	0.00905	0.00697	0.00826	0.00794	0.00983	0.00618	0.00595	0.01168	0.01786	0.02386	0.45649	0.05698	0.32357	0.01532	0.00808	0.00221	0.00332	0.01320	0.00706	0.00618
83	0.01702	0.01470	0.01547	0.01392	0.01779	0.01702	0.01083	0.03635	0.70453	0.02862	0.02785	0.02553	0.02088	0.00928	0.00696	0.00232	0.00541	0.00773	0.00696	0.01083
84	0.01693	0.01626	0.02777	0.04199	0.71689	0.01626	0.02100	0.02100	0.01558	0.02235	0.01287	0.01693	0.01084	0.00610	0.00677	0.00203	0.00813	0.00610	0.00339	0.01084
85	0.00946	0.00698	0.00884	0.00838	0.01009	0.00636	0.00628	0.01249	0.01885	0.02620	0.62478	0.05313	0.15382	0.01445	0.00807	0.00217	0.00326	0.01266	0.00737	0.00636
86	0.00995	0.00663	0.00746	0.00746	0.00746	0.00663	0.00415	0.00995	0.00995	0.01327	0.02156	0.04477	0.02487	0.75957	0.03482	0.00663	0.00663	0.00995	0.00415	0.00415
87	0.01292	0.01216	0.02052	0.74312	0.04712	0.01520	0.01900	0.01748	0.01368	0.01748	0.01216	0.01824	0.00912	0.00684	0.00684	0.00228	0.00912	0.00608	0.00304	0.00760
88	0.02601	0.01916	0.02053	0.01574	0.02122	0.02122	0.01300	0.69408	0.03217	0.04312	0.01643	0.01643	0.01163	0.00821	0.00684	0.00205	0.00753	0.00616	0.00684	0.01163
89	0.01726	0.01622	0.02679	0.06292	0.63839	0.01649	0.02022	0.05509	0.03758	0.02342	0.01349	0.01722	0.01113	0.00632	0.00678	0.00205	0.00805	0.00615	0.00366	0.01077
90	0.01829	0.76368	0.03585	0.01171	0.01756	0.02707	0.01171	0.02049	0.01390	0.01610	0.00951	0.01097	0.00878	0.00585	0.00439	0.00146	0.00732	0.00366	0.00293	0.00878
91	0.00977	0.00733	0.01100	0.01100	0.01222	0.00855	0.00855	0.01222	0.01100	0.01588	0.01833	0.02688	0.01710	0.05131	0.73245	0.01100	0.01833	0.00733	0.00367	0.00611
92	0.02048	0.02419	0.02034	0.01792	0.02013	0.40060	0.03860	0.02236	0.01571	0.01701	0.01133	0.01670	0.01042	0.00945	0.01259	0.00232	0.29121	0.03745	0.00346	0.00773
93	0.02483	0.01285	0.01599	0.01203	0.01759	0.01132	0.00985	0.12039	0.01963	0.40635	0.02084	0.01946	0.01405	0.00736	0.00630	0.00176	0.00582	0.00589	0.00685	0.26084
94	0.00846	0.00601	0.00790	0.00937	0.00974	0.00564	0.00618	0.00956	0.01286	0.01715	0.03648	0.70116	0.04370	0.07749	0.01071	0.00307	0.00417	0.01873	0.00618	0.00545
95	0.00839	0.00652	0.00764	0.00826	0.00966	0.00576	0.00585	0.01007	0.01498	0.01915	0.13523	0.36214	0.34454	0.01869	0.00836	0.00249	0.00365	0.01635	0.00650	0.00576
96	0.01203	0.00638	0.00950	0.00935	0.00935	0.00667	0.00638	0.00928	0.00899	0.01211	0.01174	0.02051	0.01174	0.02320	0.02653	0.76226	0.04188	0.00594	0.00297	0.00319
97	0.00968	0.00699	0.00914	0.00861	0.01022	0.00646	0.00646	0.01291	0.01937	0.02743	0.71328	0.05110	0.06455	0.01399	0.00807	0.00215	0.00323	0.01237	0.00753	0.00646
98	0.00881	0.00619	0.00799	0.00924	0.00961	0.00590	0.00611	0.00984	0.01256	0.01673	0.03424	0.57284	0.04068	0.17655	0.01425	0.00361	0.00464	0.04903	0.00588	0.00530
99	0.01693	0.01626	0.02777	0.04199	0.71689	0.01626	0.02100	0.02100	0.01558	0.02235	0.01287	0.01693	0.01084	0.00610	0.00677	0.00203	0.00813	0.00610	0.00339	0.01084
100	0.01603	0.01928	0.07352	0.02838	0.03546	0.01723	0.65971	0.02190	0.01607	0.02190	0.01377	0.01826	0.01030	0.00580	0.00800	0.00230	0.01147	0.00793	0.00343	0.00927
101	0.00857	0.00608	0.00799	0.00942	0.00982	0.00573	0.00628	0.00971	0.01288	0.01716	0.03612	0.66708	0.04313	0.09164	0.01124	0.00316	0.00429	0.03813	0.00614	0.00544
102	0.00995	0.00663	0.00746	0.00746	0.00746	0.00663	0.00415	0.00995	0.00995	0.01327	0.02156	0.04477	0.02487	0.75957	0.03482	0.00663	0.00663	0.00995	0.00415	0.00415
103	0.01698	0.01663	0.02681	0.09837	0.63189	0.04717	0.02050	0.02098	0.01559	0.02171	0.01271	0.01684	0.01061	0.00620	0.00675	0.00204	0.00839	0.00602	0.00336	0.01045
104	0.01693	0.01626	0.02777	0.04199	0.71689	0.01626	0.02100	0.02100	0.01558	0.02235	0.01287	0.01693	0.01084	0.00610	0.00677	0.00203	0.00813	0.00610	0.00339	0.01084
105	0.00968	0.00699	0.00914	0.00861	0.01022	0.00646	0.00646	0.01291	0.01937	0.02743	0.71328	0.05110	0.06455	0.01399	0.00807	0.00215	0.00323	0.01237	0.00753	0.00646
106	0.01463	0.01456	0.02117	0.01798	0.01842	0.01983	0.04842	0.01642	0.01080	0.01669	0.00993	0.01605	0.00967	0.01465	0.07565	0.00357	0.65484	0.00619	0.00307	0.00747
107	0.03051	0.01195	0.01607	0.01232	0.01762	0.01051	0.01017	0.06007	0.02009	0.69418	0.02656	0.02301	0.01672	0.00846	0.00688	0.00211	0.00589	0.00685	0.00840	0.01164
108	0.01702	0.01470	0.01547	0.01392	0.01779	0.01702	0.01083	0.03635	0.70453	0.02862	0.02785	0.02553	0.02088	0.00928	0.00696	0.00232	0.00541	0.00773	0.00696	0.01083
109	0.01693	0.01626	0.02777	0.04199	0.71689	0.01626	0.02100	0.02100	0.01558	0.02235	0.01287	0.01693	0.01084	0.00610	0.00677	0.00203	0.00813	0.00610	0.00339	0.01084
110	0.01419	0.01216	0.01419	0.01013	0.01621	0.00912	0.00811	0.01723	0.01419	0.02229	0.01216	0.01419	0.01013	0.00507	0.00507	0.00101	0.00507	0.00405	0.00405	0.80139
111	0.01987	0.01872	0.03288	0.02389	0.03026	0.01878	0.43553	0.27583	0.02220	0.02992	0.01482	0.01769	0.01085	0.00669	0.00761	0.00221	0.01002	0.00735	0.00474	0.01014
112	0.03070	0.01164	0.01588	0.01217	0.01746	0.01006	0.01006	0.03334	0.01958	0.72163	0.02699	0.02329	0.01694	0.00847	0.00688	0.00212	0.00582	0.00688	0.00847	0.01164
113	0.02601	0.01916	0.02053	0.01574	0.02122	0.02122	0.01300	0.69408	0.03217	0.04312	0.01643	0.01643	0.01163	0.00821	0.00684	0.00205	0.00753	0.00616	0.00684	0.01163
114	0.01292	0.01216	0.02052	0.74312	0.04712	0.01520	0.01900	0.01748	0.01368	0.01748	0.01216	0.01824	0.00912	0.00684	0.00684	0.00228	0.00912	0.00608	0.00304	0.00760
115	0.02303	0.05827	0.02241	0.02310	0.21227	0.25589	0.01494	0.18748	0.04230	0.07439	0.01425	0.01570	0.01099	0.00718	0.00649	0.00193	0.00910	0.00554	0.00471	0.01002
116	0.01372	0.03539	0.72412	0.01950	0.02961	0.01589	0.02528	0.02167	0.01444	0.02167	0.01228	0.01444	0.00867	0.00650	0.00650	0.00217	0.01011	0.00506	0.00289	0.01011
117	0.02601	0.01916	0.02053	0.01574	0.02122	0.02122	0.01300	0.69408	0.03217	0.04312	0.01643	0.01643	0.01163	0.00821	0.00684	0.00205	0.00753	0.00616	0.00684	0.01163
118	0.03038	0.01215	0.01619	0.01241	0.01772	0.01080	0.01025	0.07749	0.02042	0.67629	0.02628	0.02283	0.01658	0.00845	0.00688	0.00211	0.00594	0.00683	0.00836	0.01164
119	0.01372	0.03539	0.72412	0.01950	0.02961	0.01589	0.02528	0.02167	0.01444	0.02167	0.01228	0.01444	0.00867	0.00650	0.00650	0.00217	0.01011	0.00506	0.00289	0.01011
120	0.00809	0.00693	0.00693	0.00693	0.00924	0.00578	0.00520	0.00982	0.01559	0.01848	0.06931	0.06584	0.71411	0.01733	0.00809	0.00231	0.00347	0.01444	0.00635	0.00578
121	0.00995	0.00663	0.00746	0.00746	0.00746	0.00663	0.00415	0.00995	0.00995	0.01327	0.02156	0.04477	0.02487	0.75957	0.03482	0.00663	0.00663	0.00995	0.00415	0.00415
122	0.00963	0.00699	0.00908	0.00856	0.01019	0.00643	0.00642	0.01282	0.01925	0.02716	0.69375	0.05155	0.08425	0.01409	0.00807	0.00216	0.00323	0.01244	0.00750	0.00643
123	0.01068	0.00722	0.00940	0.00872	0.01055	0.00661	0.00659	0.01382	0.01924	0.06190	0.65533	0.05025	0.08592	0.01383	0.00801	0.00216	0.00337	0.01217	0.00753	0.00669
124	0.01275	0.00638	0.00638	0.00638	0.00797	0.00638	0.00478	0.01594	0.01435	0.02551	0.02232	0.02551	0.01754	0.00797	0.00478	0.00159	0.00319	0.00638	0.79755	0.00638
125	0.01621	0.01828	0.03937	0.02988	0.08964	0.01722	0.63896	0.02184	0.01610	0.02195	0.01376	0.01833	0.01042	0.00579	0.00797	0.00229	0.01126	0.00792	0.00345	0.00935
126	0.33831	0.01173	0.01319	0.01198	0.01412	0.01455	0.00974	0.01655	0.01113	0.02211	0.01230	0.01733	0.01103	0.02269	0.25008	0.00528	0.20167	0.00550	0.00372	0.00700
127	0.00978	0.00730	0.01082	0.01082	0.01198	0.00846	0.00833	0.01210	0.01094	0.01575	0.01849	0.02777	0.01749	0.08681	0.69748	0.01078	0.01774	0.00746	0.00369	0.00601
128	0.00991	0.00825	0.01120	0.05631	0.11248	0.00785	0.00866	0.01199	0.01468	0.01901	0.08999	0.26951	0.28388	0.05337	0.00937	0.00262	0.00476	0.01396	0.00570	0.00650
129	0.03070	0.01164	0.01588	0.01217	0.01746	0.01006	0.01006	0.03334	0.01958	0.72163	0.02699	0.02329	0.01694	0.00847	0.00688	0.00212	0.00582	0.00688	0.00847	0.01164
130	0.01544	0.01212	0.01431	0.01029	0.01631	0.00919	0.00825	0.01845	0.01460	0.07540	0.01329	0.01488	0.01065	0.00532	0.00520	0.00110	0.00512	0.00427	0.00439	0.74142
131	0.01980	0.54617	0.03022	0.01226	0.01759	0.02332	0.01151	0.02385	0.08796	0.11843	0.01394	0.01444	0.01124	0.00684	0.00575	0.00171	0.03683	0.00465	0.00415	0.00935
132	0.01665	0.01575	0.02582	0.11637	0.54595	0.01666	0.01974	0.04320	0.03866	0.02229	0.01313	0.01721	0.01088	0.00678	0.00791	0.00214	0.06090	0.00614	0.00355	0.01026
133	0.00852	0.00684	0.00771	0.00805	0.00985	0.00588	0.00579	0.01018	0.01477	0.01860	0.07665	0.30530	0.42329	0.01807	0.00817	0.00241	0.00371	0.01563	0.00628	0.04430
134	0.01829	0.76368	0.03585	0.01171	0.01756	0.02707	0.01171	0.02049	0.01390	0.01610	0.00951	0.01097	0.00878	0.00585	0.00439	0.00146	0.00732	0.00366	0.00293	0.00878
135	0.01588	0.01412	0.03729	0.01114	0.01718	0.03934	0.00921	0.05879	0.01566	0.04633	0.01284	0.01455	0.01035	0.00549	0.00532	0.00118	0.00569	0.00432	0.00431	0.67100
136	0.01526	0.01455	0.02475	0.33394	0.43800	0.01582	0.02016	0.01953	0.01479	0.02032	0.01257	0.01748	0.01012	0.00641	0.00680	0.00214	0.00854	0.00609	0.00324	0.00949
137	0.00954	0.00646	0.00758	0.00798	0.00808	0.00636	0.00470	0.00984	0.01074	0.01432	0.02562	0.22329	0.02999	0.57405	0.02826	0.00566	0.00596	0.01234	0.00470	0.00450
138	0.00884	0.00621	0.00801	0.00925	0.00963	0.00592	0.00613	0.00988	0.01256	0.01672	0.03411	0.56240	0.04049	0.18184	0.01445	0.00364	0.00468	0.05409	0.00587	0.00529
139	0.01868	0.67646	0.03495	0.01297	0.01872	0.07467	0.04591	0.02102	0.01439	0.01643	0.00980	0.01144	0.00886	0.00593	0.00470	0.00153	0.00787	0.00393	0.00299	0.00874
140	0.01973	0.01281	0.01533	0.01128	0.01709	0.01071	0.00915	0.09687	0.01757	0.20341	0.01643	0.01676	0.01204	0.00629	0.00573	0.00141	0.00553	0.00501	0.00549	0.51135
141	0.01689	0.01637	0.02840	0.04133	0.68275	0.01631	0.05463	0.02104	0.01561	0.02233	0.01292	0.01701	0.01081	0.00608	0.00684	0.00205	0.00830	0.00619	0.00339	0.01076
142	0.01054	0.00841	0.01230	0.01186	0.01286	0.01028	0.00931	0.01274	0.01088	0.01586	0.01710	0.02587	0.01624	0.07425	0.60102	0.00966	0.12379	0.00724	0.00359	0.00623
143	0.00968	0.00699	0.00914	0.00861	0.01022	0.00646	0.00646	0.01291	0.01937	0.02743	0.71328	0.05110	0.06455	0.01399	0.00807	0.00215	0.00323	0.01237	0.00753	0.00646
144	0.00995	0.00663	0.00746	0.00746	0.00746	0.00663	0.00415	0.00995	0.00995	0.01327	0.02156	0.04477	0.02487	0.75957	0.03482	0.00663	0.00663	0.00995	0.00415	0.00415
145	0.01828	0.02721	0.40893	0.02047	0.08331	0.01677	0.06152	0.17639	0.01910	0.08163	0.01453	0.01604	0.01028	0.00697	0.00673	0.00213	0.00911	0.00572	0.00431	0.01059
146	0.01410	0.08353	0.65706	0.01927	0.02899	0.01668	0.04492	0.02159	0.01446	0.02130	0.01214	0.01434	0.00873	0.00643	0.00641	0.00212	0.00997	0.00506	0.00291	0.00999
147	0.00834	0.00595	0.00794	0.00953	0.00992	0.00556	0.00635	0.00953	0.01310	0.01746	0.03771	0.75510	0.04525	0.02143	0.00873	0.00278	0.00397	0.01945	0.00635	0.00556
148	0.01661	0.41273	0.30244	0.01597	0.02347	0.04378	0.05916	0.02124	0.01442	0.01864	0.01088	0.01282	0.00884	0.00614	0.00549	0.00180	0.00882	0.00450	0.00296	0.00930
149	0.00840	0.00651	0.00765	0.00828	0.00966	0.00577	0.00586	0.01008	0.01498	0.01917	0.13712	0.36569	0.33897	0.01870	0.00837	0.00250	0.00366	0.01637	0.00650	0.00577
150	0.04644	0.09759	0.48480	0.02043	0.10394	0.01636	0.04153	0.02084	0.01479	0.02198	0.05886	0.01684	0.01266	0.00687	0.00639	0.00209	0.00902	0.00557	0.00333	0.00969
151	0.13148	0.01494	0.01633	0.01388	0.06407	0.04256	0.01039	0.17301	0.01876	0.10074	0.01428	0.01531	0.01079	0.00646	0.00570	0.00162	0.00623	0.00493	0.00510	0.34342
152	0.04021	0.01661	0.05220	0.05060	0.32810	0.03733	0.08105	0.04523	0.10029	0.11629	0.01652	0.01845	0.01252	0.00686	0.00675	0.00206	0.00781	0.00633	0.00464	0.05013

[dist]
# distance from previous block
# <min> <max>
2	7

[block]
# block no. 2 follows, 31 sequences, length 9
# corresponding to MSA columns:
# 476-484
name=unknown_C
#
# <colnr> <probs for GDERKNQSTAVLIFYWHMCP>
#	G	D	E	R	K	N	Q	S	T	A	V	L	I	F	Y	W	H	M	C	P
0	0.01345	0.08850	0.01358	0.01131	0.01337	0.12664	0.00849	0.04001	0.05201	0.01944	0.07769	0.35351	0.07779	0.04061	0.00853	0.00250	0.00595	0.03419	0.00560	0.00682
1	0.01990	0.07763	0.01920	0.01827	0.11013	0.32588	0.01250	0.10510	0.01860	0.02090	0.01787	0.18690	0.01794	0.01034	0.00680	0.00205	0.00885	0.00831	0.00454	0.00829
2	0.00933	0.01031	0.10244	0.00989	0.01224	0.00721	0.00843	0.01183	0.01481	0.01977	0.16094	0.31281	0.21113	0.06494	0.00985	0.00272	0.00469	0.01442	0.00596	0.00628
3	0.01110	0.00882	0.01300	0.01691	0.17497	0.00884	0.00971	0.01291	0.01271	0.01745	0.02507	0.26554	0.02791	0.21790	0.10693	0.00469	0.00759	0.04670	0.00473	0.00652
4	0.01657	0.08091	0.22528	0.01787	0.02181	0.13449	0.01742	0.02002	0.01332	0.01799	0.01023	0.01409	0.00885	0.00913	0.01383	0.00244	0.35901	0.00529	0.00304	0.00841
5	0.01343	0.01148	0.01436	0.10672	0.01950	0.00957	0.00933	0.01669	0.01480	0.02234	0.10466	0.01959	0.01718	0.00648	0.00570	0.00133	0.00536	0.00542	0.00438	0.59169
6	0.04830	0.06366	0.44517	0.04801	0.18909	0.01623	0.02203	0.02173	0.01475	0.05081	0.01277	0.01521	0.00949	0.00646	0.00639	0.00210	0.00910	0.00528	0.00330	0.01008
7	0.01676	0.01449	0.02299	0.06896	0.47304	0.01481	0.01735	0.02248	0.10646	0.06774	0.01825	0.09363	0.01597	0.00827	0.00701	0.00216	0.00725	0.00772	0.00447	0.01019
8	0.01736	0.09253	0.02957	0.06950	0.09641	0.03581	0.29626	0.04050	0.06873	0.06094	0.01475	0.01756	0.01131	0.00630	0.00686	0.00199	0.00889	0.00653	0.00409	0.11412

[dist]
# distance from previous block
# <min> <max>
0	1

[block]
# block no. 3 follows, 31 sequences, length 10
# corresponding to MSA columns:
# 486-495
name=unknown_D
#
# <colnr> <probs for GDERKNQSTAVLIFYWHMCP>
#	G	D	E	R	K	N	Q	S	T	A	V	L	I	F	Y	W	H	M	C	P
0	0.01608	0.01538	0.02622	0.19150	0.57407	0.01603	0.02057	0.02025	0.01517	0.02131	0.01272	0.01721	0.01047	0.00625	0.00679	0.00208	0.00834	0.00609	0.00331	0.01015
1	0.04465	0.04579	0.01595	0.01176	0.01647	0.01106	0.04446	0.07371	0.01814	0.30100	0.05997	0.04777	0.13475	0.00966	0.00676	0.00197	0.00562	0.00804	0.00654	0.13590
2	0.01648	0.01579	0.02694	0.12179	0.64066	0.01614	0.02077	0.02060	0.01536	0.02180	0.01279	0.01708	0.01064	0.00618	0.00678	0.00206	0.00824	0.00609	0.00335	0.01047
3	0.02568	0.01082	0.01452	0.01137	0.01604	0.00933	0.00926	0.02846	0.01917	0.54541	0.15226	0.02777	0.02523	0.00925	0.00697	0.00205	0.00529	0.00769	0.00799	0.06543
4	0.01315	0.02901	0.53618	0.01884	0.02723	0.01448	0.09817	0.01985	0.01462	0.02112	0.01870	0.07779	0.06389	0.00841	0.00697	0.00224	0.00929	0.00724	0.00349	0.00933
5	0.80789	0.01323	0.01006	0.00900	0.01323	0.01535	0.00741	0.02011	0.01164	0.03070	0.00953	0.01111	0.00741	0.00635	0.00423	0.00212	0.00529	0.00370	0.00423	0.00741
6	0.00977	0.00733	0.01100	0.01100	0.01222	0.00855	0.00855	0.01222	0.01100	0.01588	0.01833	0.02688	0.01710	0.05131	0.73245	0.01100	0.01833	0.00733	0.00367	0.00611
