[name]
unknown

[dist]
# distance from previous block
# <min> <max>
0	5

[block]
# block no. 0 follows, 38 sequences, length 10
# corresponding to MSA columns:
# 5-14
name=unknown_A
#
# <colnr> <probs for GDERKNQSTAVLIFYWHMCP>
#	G	D	E	R	K	N	Q	S	T	A	V	L	I	F	Y	W	H	M	C	P
0	0.00969	0.00692	0.00969	0.01108	0.01246	0.00692	0.00969	0.01246	0.01385	0.01800	0.03185	0.06786	0.03462	0.01662	0.00831	0.00277	0.00554	0.71057	0.00554	0.00554
1	0.02670	0.01071	0.01425	0.01093	0.01559	0.00954	0.00903	0.07896	0.01800	0.70447	0.02308	0.02005	0.01456	0.00743	0.00605	0.00186	0.00523	0.00600	0.00734	0.01024
2	0.00733	0.00524	0.00698	0.00838	0.00873	0.00489	0.00558	0.00838	0.01152	0.01536	0.03316	0.78466	0.03979	0.01885	0.00768	0.00244	0.00349	0.01710	0.00558	0.00489
3	0.02287	0.01685	0.01805	0.01384	0.01866	0.01866	0.01143	0.73100	0.02828	0.03791	0.01444	0.01444	0.01023	0.00722	0.00602	0.00181	0.00662	0.00542	0.00602	0.01023
4	0.01608	0.79220	0.03152	0.01029	0.01544	0.02380	0.01029	0.01801	0.01222	0.01415	0.00836	0.00965	0.00772	0.00515	0.00386	0.00129	0.00643	0.00322	0.00257	0.00772
5	0.08637	0.01003	0.01313	0.01026	0.01459	0.00895	0.00843	0.02708	0.01668	0.64493	0.07730	0.02152	0.01742	0.00767	0.00595	0.00186	0.00491	0.00620	0.00710	0.00961
6	0.01608	0.79220	0.03152	0.01029	0.01544	0.02380	0.01029	0.01801	0.01222	0.01415	0.00836	0.00965	0.00772	0.00515	0.00386	0.00129	0.00643	0.00322	0.00257	0.00772
7	0.00851	0.00615	0.00804	0.00757	0.00899	0.00568	0.00568	0.01135	0.01703	0.02412	0.74788	0.04494	0.05676	0.01230	0.00710	0.00189	0.00284	0.01088	0.00662	0.00568
8	0.01400	0.01584	0.03426	0.07833	0.03215	0.01508	0.67880	0.01899	0.01405	0.01899	0.01207	0.01621	0.00905	0.00514	0.00702	0.00203	0.00999	0.00698	0.00302	0.00801
9	0.01489	0.01429	0.02442	0.03692	0.75106	0.01429	0.01846	0.01846	0.01370	0.01965	0.01132	0.01489	0.00953	0.00536	0.00596	0.00179	0.00715	0.00536	0.00298	0.00953

[dist]
# distance from previous block
# <min> <max>
0	11

[block]
# block no. 1 follows, 38 sequences, length 57
# corresponding to MSA columns:
# 26-82
name=unknown_B
#
# <colnr> <probs for GDERKNQSTAVLIFYWHMCP>
#	G	D	E	R	K	N	Q	S	T	A	V	L	I	F	Y	W	H	M	C	P
0	0.01410	0.01604	0.03492	0.05016	0.03177	0.01515	0.70560	0.01914	0.01413	0.01914	0.01212	0.01622	0.00909	0.00510	0.00706	0.00203	0.01007	0.00704	0.00303	0.00807
1	0.00711	0.00609	0.00609	0.00609	0.00813	0.00508	0.00457	0.00863	0.01371	0.01625	0.06094	0.05789	0.74862	0.01524	0.00711	0.00203	0.00305	0.01270	0.00559	0.00508
2	0.01548	0.01541	0.02384	0.03525	0.69396	0.07277	0.01793	0.01890	0.01396	0.01927	0.01116	0.01457	0.00939	0.00543	0.00591	0.00177	0.00744	0.00524	0.00299	0.00933
3	0.01324	0.01338	0.01965	0.01648	0.01692	0.01819	0.06471	0.01482	0.00957	0.01482	0.00820	0.01338	0.00799	0.01014	0.01883	0.00259	0.72232	0.00540	0.00266	0.00669
4	0.00969	0.00692	0.00969	0.01108	0.01246	0.00692	0.00969	0.01246	0.01385	0.01800	0.03185	0.06786	0.03462	0.01662	0.00831	0.00277	0.00554	0.71057	0.00554	0.00554
5	0.00969	0.00692	0.00969	0.01108	0.01246	0.00692	0.00969	0.01246	0.01385	0.01800	0.03185	0.06786	0.03462	0.01662	0.00831	0.00277	0.00554	0.71057	0.00554	0.00554
6	0.02699	0.01024	0.01396	0.01070	0.01536	0.00884	0.00884	0.02932	0.01722	0.75522	0.02373	0.02048	0.01489	0.00745	0.00605	0.00186	0.00512	0.00605	0.00745	0.01024
7	0.00875	0.00583	0.00656	0.00656	0.00656	0.00583	0.00365	0.00875	0.00875	0.01166	0.01895	0.03937	0.02187	0.78858	0.03062	0.00583	0.00583	0.00875	0.00365	0.00365
8	0.00711	0.00609	0.00609	0.00609	0.00813	0.00508	0.00457	0.00863	0.01371	0.01625	0.06094	0.05789	0.74862	0.01524	0.00711	0.00203	0.00305	0.01270	0.00559	0.00508
9	0.01236	0.08591	0.70515	0.01665	0.02527	0.01468	0.02137	0.01898	0.01267	0.01870	0.01062	0.01248	0.00763	0.00567	0.00558	0.00186	0.00871	0.00436	0.00254	0.00881
10	0.01420	0.01623	0.03550	0.02535	0.03144	0.01521	0.72921	0.01927	0.01420	0.01927	0.01217	0.01623	0.00913	0.00507	0.00710	0.00203	0.01014	0.00710	0.00304	0.00811
11	0.01207	0.03112	0.75741	0.01715	0.02604	0.01397	0.02223	0.01905	0.01270	0.01905	0.01080	0.01270	0.00762	0.00572	0.00572	0.00191	0.00889	0.00445	0.00254	0.00889
12	0.02699	0.01024	0.01396	0.01070	0.01536	0.00884	0.00884	0.02932	0.01722	0.75522	0.02373	0.02048	0.01489	0.00745	0.00605	0.00186	0.00512	0.00605	0.00745	0.01024
13	0.02247	0.02867	0.01705	0.01550	0.01860	0.76443	0.01162	0.02402	0.01705	0.01472	0.00930	0.01085	0.00775	0.00620	0.00542	0.00155	0.01085	0.00387	0.00310	0.00697
14	0.01207	0.03112	0.75741	0.01715	0.02604	0.01397	0.02223	0.01905	0.01270	0.01905	0.01080	0.01270	0.00762	0.00572	0.00572	0.00191	0.00889	0.00445	0.00254	0.00889
15	0.01489	0.01429	0.02442	0.03692	0.75106	0.01429	0.01846	0.01846	0.01370	0.01965	0.01132	0.01489	0.00953	0.00536	0.00596	0.00179	0.00715	0.00536	0.00298	0.00953
16	0.02699	0.01024	0.01396	0.01070	0.01536	0.00884	0.00884	0.02932	0.01722	0.75522	0.02373	0.02048	0.01489	0.00745	0.00605	0.00186	0.00512	0.00605	0.00745	0.01024
17	0.01207	0.03112	0.75741	0.01715	0.02604	0.01397	0.02223	0.01905	0.01270	0.01905	0.01080	0.01270	0.00762	0.00572	0.00572	0.00191	0.00889	0.00445	0.00254	0.00889
18	0.01207	0.03112	0.75741	0.01715	0.02604	0.01397	0.02223	0.01905	0.01270	0.01905	0.01080	0.01270	0.00762	0.00572	0.00572	0.00191	0.00889	0.00445	0.00254	0.00889
19	0.00711	0.00609	0.00609	0.00609	0.00813	0.00508	0.00457	0.00863	0.01371	0.01625	0.06094	0.05789	0.74862	0.01524	0.00711	0.00203	0.00305	0.01270	0.00559	0.00508
20	0.01608	0.79220	0.03152	0.01029	0.01544	0.02380	0.01029	0.01801	0.01222	0.01415	0.00836	0.00965	0.00772	0.00515	0.00386	0.00129	0.00643	0.00322	0.00257	0.00772
21	0.02654	0.01045	0.01471	0.01121	0.01592	0.00906	0.03400	0.02897	0.01711	0.72952	0.02333	0.02033	0.01469	0.00736	0.00609	0.00187	0.00529	0.00609	0.00729	0.01016
22	0.01489	0.01429	0.02442	0.03692	0.75106	0.01429	0.01846	0.01846	0.01370	0.01965	0.01132	0.01489	0.00953	0.00536	0.00596	0.00179	0.00715	0.00536	0.00298	0.00953
23	0.02699	0.01024	0.01396	0.01070	0.01536	0.00884	0.00884	0.02932	0.01722	0.75522	0.02373	0.02048	0.01489	0.00745	0.00605	0.00186	0.00512	0.00605	0.00745	0.01024
24	0.01207	0.03112	0.75741	0.01715	0.02604	0.01397	0.02223	0.01905	0.01270	0.01905	0.01080	0.01270	0.00762	0.00572	0.00572	0.00191	0.00889	0.00445	0.00254	0.00889
25	0.01207	0.03112	0.75741	0.01715	0.02604	0.01397	0.02223	0.01905	0.01270	0.01905	0.01080	0.01270	0.00762	0.00572	0.00572	0.00191	0.00889	0.00445	0.00254	0.00889
26	0.01207	0.03112	0.75741	0.01715	0.02604	0.01397	0.02223	0.01905	0.01270	0.01905	0.01080	0.01270	0.00762	0.00572	0.00572	0.00191	0.00889	0.00445	0.00254	0.00889
27	0.00875	0.00583	0.00656	0.00656	0.00656	0.00583	0.00365	0.00875	0.00875	0.01166	0.01895	0.03937	0.02187	0.78858	0.03062	0.00583	0.00583	0.00875	0.00365	0.00365
28	0.02247	0.02867	0.01705	0.01550	0.01860	0.76443	0.01162	0.02402	0.01705	0.01472	0.00930	0.01085	0.00775	0.00620	0.00542	0.00155	0.01085	0.00387	0.00310	0.00697
29	0.00712	0.00606	0.00613	0.00619	0.00815	0.00507	0.00461	0.00862	0.01362	0.01621	0.05973	0.08948	0.71781	0.01539	0.00713	0.00205	0.00307	0.01289	0.00559	0.00507
30	0.01207	0.03112	0.75741	0.01715	0.02604	0.01397	0.02223	0.01905	0.01270	0.01905	0.01080	0.01270	0.00762	0.00572	0.00572	0.00191	0.00889	0.00445	0.00254	0.00889
31	0.01489	0.01429	0.02442	0.03692	0.75106	0.01429	0.01846	0.01846	0.01370	0.01965	0.01132	0.01489	0.00953	0.00536	0.00596	0.00179	0.00715	0.00536	0.00298	0.00953
32	0.83108	0.01163	0.00884	0.00791	0.01163	0.01350	0.00651	0.01768	0.01024	0.02699	0.00838	0.00977	0.00651	0.00558	0.00372	0.00186	0.00465	0.00326	0.00372	0.00651
33	0.01152	0.01079	0.01785	0.74101	0.04031	0.01343	0.01639	0.01609	0.04368	0.01580	0.01129	0.01632	0.00847	0.00611	0.00602	0.00201	0.00788	0.00541	0.00282	0.00681
34	0.00733	0.00524	0.00698	0.00838	0.00873	0.00489	0.00558	0.00838	0.01152	0.01536	0.03316	0.78466	0.03979	0.01885	0.00768	0.00244	0.00349	0.01710	0.00558	0.00489
35	0.00851	0.00615	0.00804	0.00757	0.00899	0.00568	0.00568	0.01135	0.01703	0.02412	0.74788	0.04494	0.05676	0.01230	0.00710	0.00189	0.00284	0.01088	0.00662	0.00568
36	0.01420	0.01623	0.03550	0.02535	0.03144	0.01521	0.72921	0.01927	0.01420	0.01927	0.01217	0.01623	0.00913	0.00507	0.00710	0.00203	0.01014	0.00710	0.00304	0.00811
37	0.01481	0.01711	0.03352	0.02428	0.02994	0.07404	0.65058	0.01949	0.01427	0.01876	0.01181	0.01571	0.00898	0.00533	0.00736	0.00201	0.03418	0.00679	0.00303	0.00798
38	0.01482	0.01627	0.03424	0.02453	0.03052	0.01546	0.67753	0.07051	0.01521	0.02061	0.01233	0.01610	0.00921	0.00523	0.00702	0.00201	0.00989	0.00698	0.00326	0.00827
39	0.01136	0.01069	0.01804	0.77412	0.04143	0.01337	0.01671	0.01537	0.01203	0.01537	0.01069	0.01604	0.00802	0.00601	0.00601	0.00200	0.00802	0.00535	0.00267	0.00668
40	0.00732	0.00528	0.00693	0.00825	0.00869	0.00490	0.00553	0.00839	0.01164	0.01540	0.03465	0.74569	0.07779	0.01865	0.00765	0.00242	0.00347	0.01687	0.00558	0.00490
41	0.01489	0.01429	0.02442	0.03692	0.75106	0.01429	0.01846	0.01846	0.01370	0.01965	0.01132	0.01489	0.00953	0.00536	0.00596	0.00179	0.00715	0.00536	0.00298	0.00953
42	0.00711	0.00609	0.00609	0.00609	0.00813	0.00508	0.00457	0.00863	0.01371	0.01625	0.06094	0.05789	0.74862	0.01524	0.00711	0.00203	0.00305	0.01270	0.00559	0.00508
43	0.00969	0.00692	0.00969	0.01108	0.01246	0.00692	0.00969	0.01246	0.01385	0.01800	0.03185	0.06786	0.03462	0.01662	0.00831	0.00277	0.00554	0.71057	0.00554	0.00554
44	0.01207	0.03112	0.75741	0.01715	0.02604	0.01397	0.02223	0.01905	0.01270	0.01905	0.01080	0.01270	0.00762	0.00572	0.00572	0.00191	0.00889	0.00445	0.00254	0.00889
45	0.00860	0.00643	0.00957	0.00957	0.01060	0.00746	0.00739	0.01068	0.00964	0.01389	0.01621	0.02415	0.01527	0.06975	0.74042	0.00954	0.01577	0.00652	0.00324	0.00531
46	0.00861	0.00637	0.00928	0.00928	0.01022	0.00731	0.00704	0.01049	0.00955	0.01368	0.01647	0.02560	0.01589	0.13790	0.67313	0.00919	0.01483	0.00673	0.00328	0.00516
47	0.01207	0.03112	0.75741	0.01715	0.02604	0.01397	0.02223	0.01905	0.01270	0.01905	0.01080	0.01270	0.00762	0.00572	0.00572	0.00191	0.00889	0.00445	0.00254	0.00889
48	0.01398	0.01336	0.02277	0.22729	0.56782	0.01405	0.01801	0.01766	0.01327	0.01855	0.01115	0.01519	0.00914	0.00553	0.00597	0.00184	0.00737	0.00536	0.00290	0.00879
49	0.01489	0.01429	0.02442	0.03692	0.75106	0.01429	0.01846	0.01846	0.01370	0.01965	0.01132	0.01489	0.00953	0.00536	0.00596	0.00179	0.00715	0.00536	0.00298	0.00953
50	0.01207	0.03112	0.75741	0.01715	0.02604	0.01397	0.02223	0.01905	0.01270	0.01905	0.01080	0.01270	0.00762	0.00572	0.00572	0.00191	0.00889	0.00445	0.00254	0.00889
51	0.01489	0.01429	0.02442	0.03692	0.75106	0.01429	0.01846	0.01846	0.01370	0.01965	0.01132	0.01489	0.00953	0.00536	0.00596	0.00179	0.00715	0.00536	0.00298	0.00953
52	0.01420	0.01623	0.03550	0.02535	0.03144	0.01521	0.72921	0.01927	0.01420	0.01927	0.01217	0.01623	0.00913	0.00507	0.00710	0.00203	0.01014	0.00710	0.00304	0.00811
53	0.00843	0.00608	0.00796	0.00763	0.00897	0.00562	0.00567	0.01114	0.01663	0.02349	0.69643	0.09819	0.05554	0.01277	0.00714	0.00193	0.00289	0.01133	0.00655	0.00562
54	0.01171	0.02932	0.70332	0.01635	0.02475	0.01333	0.02096	0.01830	0.01277	0.01885	0.01441	0.01595	0.06097	0.00640	0.00582	0.00191	0.00847	0.00504	0.00276	0.00862
55	0.00733	0.00524	0.00698	0.00838	0.00873	0.00489	0.00558	0.00838	0.01152	0.01536	0.03316	0.78466	0.03979	0.01885	0.00768	0.00244	0.00349	0.01710	0.00558	0.00489
56	0.01378	0.01514	0.03251	0.02344	0.02902	0.01422	0.65580	0.01857	0.01401	0.01938	0.01332	0.03920	0.01048	0.00561	0.00691	0.00200	0.00942	0.00729	0.06208	0.00784

[dist]
# distance from previous block
# <min> <max>
0	1

[block]
# block no. 2 follows, 38 sequences, length 40
# corresponding to MSA columns:
# 84-123
name=unknown_C
#
# <colnr> <probs for GDERKNQSTAVLIFYWHMCP>
#	G	D	E	R	K	N	Q	S	T	A	V	L	I	F	Y	W	H	M	C	P
0	0.01466	0.01374	0.02322	0.03494	0.70382	0.01374	0.01756	0.01818	0.01363	0.01983	0.01184	0.01537	0.00990	0.00546	0.00584	0.00176	0.00687	0.00538	0.05498	0.00928
1	0.00811	0.00678	0.00685	0.00659	0.00879	0.00594	0.00501	0.05450	0.01464	0.01763	0.05799	0.05514	0.70174	0.01473	0.00704	0.00202	0.00327	0.01223	0.00561	0.00541
2	0.01449	0.01666	0.03486	0.02501	0.03099	0.04121	0.70431	0.01943	0.01430	0.01911	0.01207	0.01604	0.00908	0.00511	0.00704	0.00201	0.01017	0.00699	0.00304	0.00807
3	0.02287	0.01685	0.01805	0.01384	0.01866	0.01866	0.01143	0.73100	0.02828	0.03791	0.01444	0.01444	0.01023	0.00722	0.00602	0.00181	0.00662	0.00542	0.00602	0.01023
4	0.02287	0.01685	0.01805	0.01384	0.01866	0.01866	0.01143	0.73100	0.02828	0.03791	0.01444	0.01444	0.01023	0.00722	0.00602	0.00181	0.00662	0.00542	0.00602	0.01023
5	0.02247	0.02867	0.01705	0.01550	0.01860	0.76443	0.01162	0.02402	0.01705	0.01472	0.00930	0.01085	0.00775	0.00620	0.00542	0.00155	0.01085	0.00387	0.00310	0.00697
6	0.00969	0.00692	0.00969	0.01108	0.01246	0.00692	0.00969	0.01246	0.01385	0.01800	0.03185	0.06786	0.03462	0.01662	0.00831	0.00277	0.00554	0.71057	0.00554	0.00554
7	0.00733	0.00524	0.00698	0.00838	0.00873	0.00489	0.00558	0.00838	0.01152	0.01536	0.03316	0.78466	0.03979	0.01885	0.00768	0.00244	0.00349	0.01710	0.00558	0.00489
8	0.02247	0.02867	0.01705	0.01550	0.01860	0.76443	0.01162	0.02402	0.01705	0.01472	0.00930	0.01085	0.00775	0.00620	0.00542	0.00155	0.01085	0.00387	0.00310	0.00697
9	0.01420	0.01623	0.03550	0.02535	0.03144	0.01521	0.72921	0.01927	0.01420	0.01927	0.01217	0.01623	0.00913	0.00507	0.00710	0.00203	0.01014	0.00710	0.00304	0.00811
10	0.02699	0.01024	0.01396	0.01070	0.01536	0.00884	0.00884	0.02932	0.01722	0.75522	0.02373	0.02048	0.01489	0.00745	0.00605	0.00186	0.00512	0.00605	0.00745	0.01024
11	0.01136	0.01069	0.01804	0.77412	0.04143	0.01337	0.01671	0.01537	0.01203	0.01537	0.01069	0.01604	0.00802	0.00601	0.00601	0.00200	0.00802	0.00535	0.00267	0.00668
12	0.00733	0.00524	0.00698	0.00838	0.00873	0.00489	0.00558	0.00838	0.01152	0.01536	0.03316	0.78466	0.03979	0.01885	0.00768	0.00244	0.00349	0.01710	0.00558	0.00489
13	0.01452	0.01458	0.04496	0.08997	0.64902	0.01425	0.04772	0.01829	0.01357	0.01931	0.01129	0.01497	0.00935	0.00541	0.00600	0.00182	0.00738	0.00541	0.00295	0.00924
14	0.01140	0.00679	0.00896	0.00806	0.00998	0.00617	0.00617	0.01415	0.01706	0.13816	0.63493	0.04112	0.05023	0.01154	0.00693	0.00189	0.00319	0.01013	0.00675	0.00639
15	0.00733	0.00524	0.00698	0.00838	0.00873	0.00489	0.00558	0.00838	0.01152	0.01536	0.03316	0.78466	0.03979	0.01885	0.00768	0.00244	0.00349	0.01710	0.00558	0.00489
16	0.01489	0.01429	0.02442	0.03692	0.75106	0.01429	0.01846	0.01846	0.01370	0.01965	0.01132	0.01489	0.00953	0.00536	0.00596	0.00179	0.00715	0.00536	0.00298	0.00953
17	0.00874	0.00650	0.00868	0.00878	0.04083	0.00603	0.00619	0.01157	0.01678	0.02369	0.69479	0.04405	0.07634	0.01209	0.00705	0.00189	0.00303	0.01070	0.00643	0.00582
18	0.01136	0.01069	0.01804	0.77412	0.04143	0.01337	0.01671	0.01537	0.01203	0.01537	0.01069	0.01604	0.00802	0.00601	0.00601	0.00200	0.00802	0.00535	0.00267	0.00668
19	0.01220	0.05696	0.73277	0.01691	0.02568	0.01430	0.02182	0.01902	0.01268	0.01888	0.01071	0.01260	0.00762	0.00570	0.00565	0.00188	0.00881	0.00440	0.00254	0.00885
20	0.01608	0.79220	0.03152	0.01029	0.01544	0.02380	0.01029	0.01801	0.01222	0.01415	0.00836	0.00965	0.00772	0.00515	0.00386	0.00129	0.00643	0.00322	0.00257	0.00772
21	0.01316	0.01316	0.01843	0.01579	0.01579	0.01843	0.01316	0.01448	0.00921	0.01448	0.00790	0.01316	0.00790	0.01053	0.01974	0.00263	0.77757	0.00526	0.00263	0.00658
22	0.00842	0.00615	0.00790	0.00746	0.00893	0.00563	0.00560	0.01116	0.01680	0.02357	0.69955	0.04585	0.10544	0.01251	0.00710	0.00190	0.00285	0.01101	0.00655	0.00563
23	0.08338	0.01110	0.01669	0.51975	0.03248	0.01347	0.01433	0.04792	0.01276	0.08587	0.01177	0.01580	0.00880	0.00757	0.02669	0.00222	0.07367	0.00526	0.00336	0.00711
24	0.04472	0.07699	0.01822	0.04570	0.01915	0.41522	0.02993	0.16473	0.06263	0.04986	0.01187	0.01289	0.00918	0.00644	0.00552	0.00166	0.00878	0.00453	0.00400	0.00797
25	0.00868	0.00612	0.00790	0.00745	0.00887	0.00567	0.00559	0.01151	0.01676	0.02402	0.70415	0.04358	0.05428	0.01198	0.00692	0.00186	0.00284	0.01056	0.05559	0.00567
26	0.00733	0.00524	0.00698	0.00838	0.00873	0.00489	0.00558	0.00838	0.01152	0.01536	0.03316	0.78466	0.03979	0.01885	0.00768	0.00244	0.00349	0.01710	0.00558	0.00489
27	0.01542	0.66721	0.15074	0.01142	0.01718	0.02219	0.01225	0.01818	0.01230	0.01496	0.00876	0.01015	0.00770	0.00524	0.00416	0.00139	0.00684	0.00342	0.00257	0.00791
28	0.01330	0.26438	0.53494	0.01505	0.02279	0.01698	0.01857	0.01873	0.01255	0.01755	0.01005	0.01177	0.00765	0.00554	0.00515	0.00172	0.00814	0.00407	0.00255	0.00853
29	0.05878	0.01040	0.01344	0.01044	0.01484	0.00944	0.00859	0.07234	0.01732	0.62953	0.02223	0.01979	0.01429	0.00732	0.00583	0.00183	0.00504	0.00586	0.06295	0.00977
30	0.01136	0.01069	0.01804	0.77412	0.04143	0.01337	0.01671	0.01537	0.01203	0.01537	0.01069	0.01604	0.00802	0.00601	0.00601	0.00200	0.00802	0.00535	0.00267	0.00668
31	0.01374	0.01328	0.02312	0.26807	0.48216	0.01406	0.06304	0.01754	0.01320	0.01828	0.01117	0.01534	0.00903	0.00555	0.00605	0.00187	0.00761	0.00547	0.00289	0.00854
32	0.01193	0.01156	0.02026	0.62985	0.08521	0.01375	0.09004	0.01595	0.01228	0.01602	0.01081	0.01591	0.00823	0.00599	0.00648	0.00201	0.02846	0.00553	0.00273	0.00701
33	0.00733	0.00524	0.00698	0.00838	0.00873	0.00489	0.00558	0.00838	0.01152	0.01536	0.03316	0.78466	0.03979	0.01885	0.00768	0.00244	0.00349	0.01710	0.00558	0.00489
34	0.64713	0.01120	0.00965	0.00839	0.01206	0.01251	0.00687	0.04237	0.01218	0.10783	0.07118	0.01401	0.01171	0.00640	0.00434	0.00186	0.00462	0.00427	0.00445	0.00698
35	0.01243	0.05560	0.65270	0.01792	0.05655	0.01453	0.03993	0.01882	0.01263	0.01873	0.01066	0.01280	0.00776	0.00585	0.00625	0.00191	0.03905	0.00454	0.00258	0.00877
36	0.00952	0.00701	0.00856	0.00786	0.00959	0.00667	0.00594	0.07017	0.01724	0.02380	0.57211	0.04395	0.14335	0.03829	0.00780	0.00204	0.00328	0.01060	0.00634	0.00590
37	0.01450	0.01117	0.01221	0.01079	0.01402	0.01212	0.00846	0.04948	0.45471	0.06580	0.08334	0.02546	0.03880	0.00849	0.00599	0.00189	0.00447	0.02882	0.07861	0.07091
38	0.01447	0.01476	0.02205	0.32025	0.21549	0.09630	0.11692	0.04834	0.01384	0.01786	0.01090	0.01497	0.00862	0.00606	0.00691	0.00193	0.05414	0.00544	0.00299	0.00779
39	0.01899	0.44443	0.02493	0.01266	0.01688	0.36114	0.01090	0.02075	0.01442	0.01441	0.00879	0.01020	0.00773	0.00563	0.00457	0.00141	0.00844	0.00352	0.00281	0.00738

[dist]
# distance from previous block
# <min> <max>
0	1

[block]
# block no. 3 follows, 38 sequences, length 17
# corresponding to MSA columns:
# 125-141
name=unknown_D
#
# <colnr> <probs for GDERKNQSTAVLIFYWHMCP>
#	G	D	E	R	K	N	Q	S	T	A	V	L	I	F	Y	W	H	M	C	P
0	0.08143	0.06204	0.01835	0.01545	0.09976	0.07314	0.04199	0.26473	0.01953	0.22384	0.01520	0.01524	0.01071	0.00659	0.00569	0.00176	0.00655	0.00520	0.00527	0.02752
1	0.01302	0.01585	0.12565	0.18332	0.21190	0.05841	0.13662	0.01690	0.01308	0.01758	0.01398	0.11835	0.01279	0.00750	0.00670	0.00199	0.02841	0.00701	0.00321	0.00774
2	0.00859	0.00645	0.00967	0.00967	0.01074	0.00752	0.00752	0.01074	0.00967	0.01396	0.01611	0.02363	0.01504	0.04512	0.76474	0.00967	0.01611	0.00645	0.00322	0.00537
3	0.09437	0.01444	0.03968	0.13329	0.17624	0.01520	0.01321	0.26799	0.07906	0.08670	0.01413	0.01545	0.01038	0.00654	0.00579	0.00186	0.00655	0.00533	0.00467	0.00910
4	0.01417	0.21702	0.25001	0.05403	0.04474	0.04896	0.17642	0.01955	0.06373	0.01807	0.03109	0.01441	0.01013	0.00580	0.00563	0.00177	0.00809	0.00511	0.00306	0.00821
5	0.00756	0.00583	0.00690	0.00722	0.00855	0.00518	0.00519	0.00928	0.01390	0.01808	0.23681	0.28737	0.33531	0.01560	0.00729	0.00213	0.00313	0.01362	0.00586	0.00518
6	0.00745	0.00532	0.00711	0.00851	0.00891	0.00499	0.00579	0.00858	0.01163	0.01549	0.03309	0.74953	0.03953	0.01874	0.00771	0.00246	0.00359	0.05108	0.00558	0.00492
7	0.01341	0.01696	0.17627	0.03918	0.22415	0.03507	0.10056	0.04980	0.06718	0.02026	0.07875	0.03966	0.05908	0.00751	0.00692	0.00194	0.04462	0.00665	0.00377	0.00825
8	0.01606	0.01239	0.01687	0.01837	0.19992	0.01287	0.04233	0.21611	0.09475	0.07710	0.01997	0.20842	0.01859	0.00968	0.00648	0.00200	0.00582	0.00859	0.00513	0.00855
9	0.00733	0.00524	0.00698	0.00838	0.00873	0.00489	0.00558	0.00838	0.01152	0.01536	0.03316	0.78466	0.03979	0.01885	0.00768	0.00244	0.00349	0.01710	0.00558	0.00489
10	0.00751	0.00627	0.00659	0.00666	0.00858	0.00545	0.00502	0.00957	0.03491	0.01691	0.09086	0.10053	0.62473	0.01515	0.00716	0.00208	0.00320	0.03792	0.00565	0.00524
11	0.00889	0.00686	0.00825	0.00843	0.00983	0.00676	0.00610	0.01310	0.12894	0.01985	0.26538	0.33093	0.13456	0.01458	0.00717	0.00215	0.00342	0.01289	0.00600	0.00590
12	0.01420	0.01623	0.03550	0.02535	0.03144	0.01521	0.72921	0.01927	0.01420	0.01927	0.01217	0.01623	0.00913	0.00507	0.00710	0.00203	0.01014	0.00710	0.00304	0.00811
13	0.51760	0.01143	0.01105	0.00916	0.01326	0.01219	0.00756	0.05856	0.01353	0.27355	0.01388	0.01363	0.00954	0.00630	0.00463	0.00186	0.00491	0.00431	0.00510	0.00796
14	0.00733	0.00524	0.00698	0.00838	0.00873	0.00489	0.00558	0.00838	0.01152	0.01536	0.03316	0.78466	0.03979	0.01885	0.00768	0.00244	0.00349	0.01710	0.00558	0.00489
15	0.00863	0.00603	0.00817	0.00856	0.00932	0.00644	0.00623	0.01023	0.01039	0.01477	0.02156	0.19298	0.02287	0.17436	0.35547	0.00629	0.00973	0.05168	0.07131	0.00497
16	0.01405	0.01593	0.03457	0.06515	0.03197	0.01511	0.69134	0.01906	0.01408	0.01906	0.01209	0.01622	0.00907	0.00512	0.00704	0.00203	0.01003	0.00701	0.00302	0.00804

[dist]
# distance from previous block
# <min> <max>
0	2

[block]
# block no. 4 follows, 38 sequences, length 32
# corresponding to MSA columns:
# 144-175
name=unknown_E
#
# <colnr> <probs for GDERKNQSTAVLIFYWHMCP>
#	G	D	E	R	K	N	Q	S	T	A	V	L	I	F	Y	W	H	M	C	P
0	0.00844	0.00592	0.00772	0.00874	0.00952	0.00566	0.00616	0.01048	0.04528	0.03587	0.06875	0.61883	0.05426	0.01747	0.00757	0.00240	0.00371	0.07218	0.00571	0.00533
1	0.00909	0.00669	0.00846	0.00923	0.01029	0.00669	0.00701	0.01214	0.07803	0.01713	0.07136	0.28479	0.06670	0.13153	0.01112	0.00297	0.00460	0.25138	0.00539	0.00540
2	0.01207	0.03112	0.75741	0.01715	0.02604	0.01397	0.02223	0.01905	0.01270	0.01905	0.01080	0.01270	0.00762	0.00572	0.00572	0.00191	0.00889	0.00445	0.00254	0.00889
3	0.01731	0.01325	0.01520	0.01291	0.05473	0.05777	0.02682	0.15929	0.09757	0.12585	0.01598	0.05928	0.01276	0.00697	0.00593	0.00158	0.02478	0.00565	0.00489	0.28148
4	0.01871	0.04494	0.09822	0.01699	0.08954	0.32524	0.01327	0.07572	0.08157	0.05445	0.01191	0.01352	0.00943	0.00694	0.00756	0.00183	0.11375	0.00474	0.00365	0.00803
5	0.00839	0.00614	0.00787	0.00744	0.00891	0.00562	0.00558	0.01111	0.01673	0.02342	0.68626	0.04610	0.11882	0.01256	0.00710	0.00190	0.00286	0.01104	0.00653	0.00562
6	0.01216	0.00952	0.01067	0.00987	0.01229	0.01015	0.00754	0.06376	0.30621	0.04072	0.18833	0.12016	0.12158	0.03274	0.00736	0.00216	0.00415	0.02720	0.00605	0.00738
7	0.00766	0.00576	0.00710	0.00752	0.00866	0.00520	0.00535	0.00943	0.01391	0.01849	0.27669	0.35121	0.22961	0.01574	0.00734	0.00215	0.00316	0.01390	0.00593	0.00520
8	0.01185	0.01119	0.01893	0.67197	0.13976	0.01349	0.01695	0.01580	0.01226	0.01596	0.01078	0.01588	0.00823	0.00592	0.00601	0.00197	0.00790	0.00535	0.00272	0.00708
9	0.09881	0.00746	0.00842	0.00769	0.00987	0.00732	0.00594	0.01543	0.05783	0.10132	0.34089	0.03405	0.10185	0.01006	0.00600	0.00181	0.00340	0.00844	0.16701	0.00641
10	0.01157	0.01090	0.01842	0.73061	0.08332	0.01342	0.01681	0.01555	0.01213	0.01562	0.01073	0.01597	0.00811	0.00598	0.00601	0.00199	0.00797	0.00535	0.00269	0.00685
11	0.01380	0.02040	0.26269	0.02102	0.02783	0.01426	0.42162	0.01970	0.03928	0.03895	0.01240	0.01524	0.00911	0.00542	0.00646	0.00193	0.00912	0.00603	0.00314	0.05162
12	0.01792	0.01198	0.01689	0.01328	0.01706	0.06927	0.15242	0.06256	0.01711	0.27209	0.23477	0.02694	0.02581	0.00853	0.00657	0.00190	0.00600	0.02494	0.00585	0.00809
13	0.01608	0.79220	0.03152	0.01029	0.01544	0.02380	0.01029	0.01801	0.01222	0.01415	0.00836	0.00965	0.00772	0.00515	0.00386	0.00129	0.00643	0.00322	0.00257	0.00772
14	0.06104	0.01072	0.03843	0.11870	0.10526	0.01045	0.09275	0.01606	0.01436	0.09842	0.23023	0.04811	0.07427	0.00897	0.00710	0.00197	0.04336	0.00790	0.00474	0.00716
15	0.11376	0.07047	0.05939	0.01284	0.01784	0.03733	0.08648	0.17724	0.01666	0.13380	0.01309	0.01397	0.00962	0.00604	0.00567	0.00162	0.02530	0.00476	0.00449	0.18964
16	0.00801	0.00563	0.00712	0.00796	0.00885	0.00511	0.00550	0.00933	0.01253	0.04023	0.09093	0.56661	0.17540	0.01730	0.00747	0.00230	0.00341	0.01544	0.00572	0.00516
17	0.00871	0.00666	0.00805	0.00761	0.00932	0.00627	0.00573	0.01236	0.07233	0.02250	0.54324	0.04600	0.20346	0.01261	0.00702	0.00193	0.00303	0.01096	0.00636	0.00584
18	0.01465	0.04392	0.32444	0.07532	0.12133	0.07031	0.15948	0.08290	0.01478	0.02014	0.01128	0.01386	0.00844	0.00572	0.00600	0.00187	0.00872	0.00517	0.00306	0.00861
19	0.06946	0.05952	0.07055	0.01341	0.01821	0.13176	0.01156	0.41747	0.02221	0.08258	0.01327	0.01361	0.00961	0.00668	0.00561	0.00172	0.00713	0.00485	0.00503	0.03578
20	0.00789	0.00714	0.04375	0.00767	0.00944	0.00568	0.00605	0.01003	0.01431	0.01892	0.29074	0.21717	0.31015	0.01457	0.00717	0.00207	0.00336	0.01267	0.00580	0.00543
21	0.00765	0.00556	0.00696	0.00789	0.00852	0.00517	0.00537	0.00876	0.01174	0.01538	0.05763	0.51361	0.14301	0.12610	0.01083	0.00286	0.00383	0.04900	0.00534	0.00480
22	0.06560	0.10987	0.06730	0.01038	0.01581	0.01166	0.02649	0.06494	0.01357	0.04257	0.01094	0.01243	0.00880	0.00499	0.00464	0.00119	0.00533	0.00385	0.00365	0.51598
23	0.03708	0.05968	0.06148	0.05583	0.01846	0.03771	0.03013	0.23964	0.07688	0.16687	0.07564	0.01819	0.01480	0.00763	0.00709	0.00190	0.07107	0.00585	0.00525	0.00883
24	0.01324	0.00802	0.00963	0.00845	0.01096	0.00760	0.00658	0.06494	0.06131	0.16060	0.33203	0.03812	0.18196	0.01106	0.00659	0.00189	0.00368	0.00939	0.05698	0.00695
25	0.01362	0.01056	0.01807	0.01410	0.01759	0.01001	0.23962	0.05373	0.03749	0.11506	0.24657	0.09267	0.04544	0.00934	0.00679	0.00196	0.00579	0.00896	0.04532	0.00731
26	0.04250	0.09697	0.17245	0.01703	0.05854	0.08569	0.17645	0.06443	0.05714	0.08240	0.07568	0.01711	0.01364	0.00648	0.00595	0.00183	0.00767	0.00576	0.00396	0.00833
27	0.01491	0.10081	0.19315	0.02126	0.18412	0.06733	0.15986	0.02030	0.07746	0.04702	0.02828	0.03448	0.01140	0.00622	0.00596	0.00184	0.00787	0.00573	0.00344	0.00856
28	0.00859	0.00645	0.00967	0.00967	0.01074	0.00752	0.00752	0.01074	0.00967	0.01396	0.01611	0.02363	0.01504	0.04512	0.76474	0.00967	0.01611	0.00645	0.00322	0.00537
29	0.01530	0.01510	0.02315	0.05986	0.63924	0.06667	0.01749	0.01940	0.04943	0.01943	0.01180	0.01502	0.00978	0.00558	0.00593	0.00179	0.00732	0.00533	0.00313	0.00925
30	0.01735	0.17100	0.22771	0.04719	0.05553	0.07074	0.04642	0.07417	0.04054	0.15297	0.01353	0.01453	0.00990	0.00709	0.02421	0.00194	0.00767	0.00486	0.00393	0.00870
31	0.03853	0.01318	0.04684	0.01532	0.11633	0.07906	0.06039	0.03616	0.08560	0.21330	0.12256	0.02597	0.08628	0.00843	0.00628	0.00189	0.00592	0.02438	0.00534	0.00825

[dist]
# distance from previous block
# <min> <max>
0	1

[block]
# block no. 5 follows, 38 sequences, length 68
# corresponding to MSA columns:
# 177-244
name=unknown_F
#
# <colnr> <probs for GDERKNQSTAVLIFYWHMCP>
#	G	D	E	R	K	N	Q	S	T	A	V	L	I	F	Y	W	H	M	C	P
0	0.01465	0.01161	0.01241	0.01096	0.01420	0.01272	0.00867	0.14854	0.38727	0.04426	0.03067	0.03080	0.17212	0.00988	0.00637	0.00201	0.00473	0.04358	0.02612	0.00843
1	0.38807	0.01400	0.01642	0.02012	0.28963	0.07507	0.03834	0.01862	0.01245	0.04127	0.01070	0.03148	0.00888	0.00591	0.00498	0.00183	0.00628	0.00465	0.00351	0.00779
2	0.01466	0.04403	0.02524	0.05238	0.61949	0.01455	0.08561	0.01831	0.01365	0.01926	0.01175	0.01609	0.00997	0.00560	0.00604	0.00182	0.00739	0.02197	0.00302	0.00916
3	0.03604	0.45219	0.22574	0.01275	0.01858	0.10288	0.01356	0.01947	0.03993	0.01628	0.00973	0.01109	0.00806	0.00554	0.00462	0.00153	0.00748	0.00376	0.00278	0.00799
4	0.00887	0.00629	0.00782	0.00748	0.00904	0.00580	0.00559	0.01167	0.03151	0.03843	0.53113	0.09449	0.16150	0.01279	0.00698	0.00193	0.00301	0.01118	0.03879	0.00571
5	0.01426	0.01545	0.09415	0.01238	0.01540	0.14333	0.02349	0.05240	0.12250	0.04982	0.20854	0.04021	0.05630	0.01013	0.02486	0.00213	0.09522	0.00729	0.00482	0.00732
6	0.00769	0.00564	0.00712	0.00773	0.00860	0.00518	0.00536	0.00925	0.01320	0.01770	0.23193	0.43849	0.14657	0.05599	0.00861	0.00241	0.00337	0.01433	0.00577	0.00507
7	0.01487	0.03274	0.02111	0.06799	0.49093	0.01410	0.01554	0.02047	0.13597	0.04797	0.01414	0.01708	0.01150	0.02560	0.02647	0.00215	0.02299	0.00568	0.00367	0.00905
8	0.00762	0.00591	0.00698	0.00742	0.00879	0.00527	0.00546	0.00933	0.01366	0.01752	0.17224	0.27156	0.36103	0.01589	0.00737	0.00219	0.00333	0.06749	0.00577	0.00516
9	0.01594	0.76432	0.05812	0.01054	0.01583	0.02344	0.01073	0.01805	0.01224	0.01433	0.00845	0.00976	0.00772	0.00517	0.00393	0.00131	0.00652	0.00326	0.00257	0.00776
10	0.01574	0.07952	0.07167	0.04483	0.05296	0.07996	0.11333	0.08066	0.31067	0.02221	0.01654	0.01711	0.01260	0.00667	0.00588	0.00184	0.00684	0.00574	0.00447	0.05076
11	0.04394	0.34505	0.37726	0.01535	0.07205	0.01806	0.01643	0.01853	0.01248	0.01735	0.00973	0.01148	0.00776	0.00545	0.00489	0.00164	0.00759	0.00396	0.00263	0.00836
12	0.07154	0.04064	0.05077	0.01390	0.01748	0.40868	0.01120	0.15025	0.04992	0.03533	0.01301	0.01454	0.03215	0.02851	0.00673	0.00183	0.03720	0.00476	0.00393	0.00765
13	0.01020	0.00802	0.00952	0.00891	0.00950	0.03070	0.00624	0.02536	0.00983	0.01361	0.01625	0.03012	0.01741	0.45598	0.16746	0.00566	0.11627	0.00738	0.02253	0.02905
14	0.00733	0.00524	0.00698	0.00838	0.00873	0.00489	0.00558	0.00838	0.01152	0.01536	0.03316	0.78466	0.03979	0.01885	0.00768	0.00244	0.00349	0.01710	0.00558	0.00489
15	0.01540	0.01218	0.01387	0.01016	0.01536	0.01063	0.00822	0.18955	0.01645	0.04424	0.01196	0.01317	0.00940	0.00521	0.00488	0.00114	0.00500	0.00408	0.00427	0.60484
16	0.02039	0.01183	0.04231	0.01152	0.01612	0.01024	0.04976	0.10055	0.04576	0.37682	0.07593	0.02039	0.01635	0.02692	0.00653	0.00181	0.00542	0.00603	0.00598	0.14935
17	0.04579	0.53095	0.20451	0.01219	0.01805	0.06863	0.01311	0.01864	0.01257	0.01585	0.00901	0.01047	0.00765	0.00537	0.00440	0.00147	0.00724	0.00356	0.00264	0.00791
18	0.03992	0.01332	0.01426	0.01208	0.01574	0.01488	0.00967	0.28952	0.33559	0.04937	0.02059	0.04996	0.01616	0.00837	0.00604	0.00195	0.00532	0.03268	0.05543	0.00916
19	0.01296	0.00824	0.00867	0.00808	0.01027	0.00886	0.00620	0.02049	0.25621	0.05025	0.04566	0.02311	0.01776	0.00759	0.00501	0.00165	0.00354	0.00620	0.49217	0.00709
20	0.83108	0.01163	0.00884	0.00791	0.01163	0.01350	0.00651	0.01768	0.01024	0.02699	0.00838	0.00977	0.00651	0.00558	0.00372	0.00186	0.00465	0.00326	0.00372	0.00651
21	0.83108	0.01163	0.00884	0.00791	0.01163	0.01350	0.00651	0.01768	0.01024	0.02699	0.00838	0.00977	0.00651	0.00558	0.00372	0.00186	0.00465	0.00326	0.00372	0.00651
22	0.00792	0.00613	0.00722	0.00695	0.00862	0.00542	0.00521	0.01021	0.01563	0.02081	0.45904	0.05039	0.34767	0.01353	0.00710	0.00195	0.00293	0.01164	0.00619	0.00542
23	0.01274	0.21059	0.53640	0.01484	0.02238	0.01575	0.01828	0.01820	0.01273	0.01790	0.03037	0.01456	0.03829	0.00612	0.00536	0.00176	0.00792	0.00464	0.00277	0.00838
24	0.00741	0.00533	0.00705	0.00839	0.00884	0.00497	0.00570	0.00854	0.01169	0.01549	0.03417	0.73019	0.06676	0.01863	0.00768	0.00244	0.00355	0.04268	0.00558	0.00492
25	0.00914	0.00747	0.01030	0.00977	0.01143	0.00727	0.06844	0.03048	0.07477	0.01756	0.07542	0.35882	0.18436	0.05383	0.04946	0.00279	0.00492	0.01278	0.00526	0.00575
26	0.04465	0.01070	0.01393	0.01087	0.01539	0.00978	0.00892	0.05045	0.08025	0.65305	0.02316	0.02021	0.01486	0.00746	0.00600	0.00188	0.00512	0.00603	0.00720	0.01009
27	0.07875	0.01201	0.01846	0.01476	0.01818	0.03661	0.20834	0.05209	0.03607	0.16629	0.01946	0.20853	0.01793	0.00973	0.00771	0.00211	0.07184	0.00874	0.00481	0.00758
28	0.06479	0.01617	0.02098	0.21404	0.26950	0.14717	0.07816	0.08245	0.01501	0.01974	0.01098	0.01424	0.00868	0.00583	0.00585	0.00183	0.00809	0.00513	0.00324	0.00812
29	0.74392	0.03094	0.01009	0.00856	0.01231	0.05640	0.00703	0.03779	0.01117	0.02630	0.00860	0.00996	0.00672	0.00565	0.00389	0.00183	0.00510	0.00335	0.00372	0.00667
30	0.01188	0.01123	0.01899	0.66492	0.14656	0.01350	0.01697	0.01583	0.01228	0.01600	0.01078	0.01587	0.00824	0.00592	0.00601	0.00197	0.00789	0.00535	0.00272	0.00710
31	0.00718	0.00604	0.00622	0.00629	0.00819	0.00509	0.00467	0.00872	0.01371	0.01650	0.08559	0.10145	0.67913	0.01534	0.00714	0.00205	0.00307	0.01289	0.00563	0.00509
32	0.01478	0.01419	0.02423	0.05880	0.73000	0.01427	0.01841	0.01837	0.01365	0.01953	0.01130	0.01492	0.00948	0.00538	0.00596	0.00179	0.00717	0.00536	0.00297	0.00944
33	0.00763	0.00611	0.00682	0.00664	0.00845	0.00530	0.00498	0.00965	0.01495	0.01919	0.31699	0.05306	0.49074	0.01414	0.00710	0.00198	0.00297	0.01202	0.00597	0.00530
34	0.01760	0.03230	0.01445	0.01113	0.01505	0.04445	0.00900	0.33929	0.03720	0.06408	0.15284	0.02063	0.01940	0.00768	0.00578	0.00164	0.00537	0.00612	0.06123	0.13476
35	0.02247	0.02867	0.01705	0.01550	0.01860	0.76443	0.01162	0.02402	0.01705	0.01472	0.00930	0.01085	0.00775	0.00620	0.00542	0.00155	0.01085	0.00387	0.00310	0.00697
36	0.01496	0.01292	0.01360	0.01224	0.01564	0.01496	0.00952	0.03197	0.74019	0.02516	0.02448	0.02244	0.01836	0.00816	0.00612	0.00204	0.00476	0.00680	0.00612	0.00952
37	0.00740	0.00529	0.00706	0.00846	0.00884	0.00495	0.00571	0.00850	0.01159	0.01544	0.03312	0.76238	0.03963	0.01878	0.00770	0.00245	0.00355	0.03865	0.00558	0.00491
38	0.01207	0.03112	0.75741	0.01715	0.02604	0.01397	0.02223	0.01905	0.01270	0.01905	0.01080	0.01270	0.00762	0.00572	0.00572	0.00191	0.00889	0.00445	0.00254	0.00889
39	0.02326	0.01491	0.01644	0.01284	0.01743	0.03510	0.01052	0.44681	0.09326	0.23896	0.01790	0.01682	0.01227	0.00735	0.00602	0.00184	0.00613	0.00569	0.00636	0.01008
40	0.01136	0.01069	0.01804	0.77412	0.04143	0.01337	0.01671	0.01537	0.01203	0.01537	0.01069	0.01604	0.00802	0.00601	0.00601	0.00200	0.00802	0.00535	0.00267	0.00668
41	0.00733	0.00524	0.00698	0.00838	0.00873	0.00489	0.00558	0.00838	0.01152	0.01536	0.03316	0.78466	0.03979	0.01885	0.00768	0.00244	0.00349	0.01710	0.00558	0.00489
42	0.03748	0.25241	0.52364	0.01487	0.02252	0.01682	0.01828	0.01871	0.01249	0.01786	0.01002	0.01172	0.00762	0.00555	0.00512	0.00172	0.00805	0.00405	0.00258	0.00848
43	0.00747	0.00533	0.00714	0.00853	0.00894	0.00501	0.00582	0.00862	0.01165	0.01551	0.03308	0.74270	0.03949	0.01872	0.00772	0.00246	0.00361	0.05769	0.00558	0.00492
44	0.00716	0.00606	0.00619	0.00623	0.00818	0.00509	0.00465	0.00871	0.01374	0.01648	0.08280	0.08451	0.69918	0.01527	0.00713	0.00204	0.00306	0.01280	0.00562	0.00509
45	0.02609	0.01168	0.01485	0.01139	0.01608	0.01098	0.00941	0.18237	0.01963	0.59876	0.02171	0.01916	0.01387	0.00740	0.00604	0.00185	0.00545	0.00591	0.00713	0.01024
46	0.01484	0.01536	0.03243	0.02347	0.02905	0.01461	0.62633	0.01949	0.01419	0.06778	0.01350	0.01830	0.01041	0.00587	0.00758	0.00207	0.04013	0.03308	0.00341	0.00810
47	0.01420	0.01623	0.03550	0.02535	0.03144	0.01521	0.72921	0.01927	0.01420	0.01927	0.01217	0.01623	0.00913	0.00507	0.00710	0.00203	0.01014	0.00710	0.00304	0.00811
48	0.00747	0.00532	0.00706	0.00840	0.00878	0.00500	0.00566	0.00854	0.01149	0.01531	0.03254	0.72837	0.03888	0.04934	0.00861	0.00259	0.00366	0.04258	0.00551	0.00486
49	0.00804	0.00604	0.00744	0.00729	0.00874	0.00544	0.00539	0.01036	0.01561	0.02122	0.50004	0.12807	0.22678	0.01374	0.00716	0.00199	0.00296	0.01200	0.00625	0.00544
50	0.01247	0.01069	0.01247	0.00891	0.01426	0.00802	0.00713	0.01515	0.01247	0.01960	0.01069	0.01247	0.00891	0.00446	0.00446	0.00089	0.00446	0.00356	0.00356	0.82536
51	0.01397	0.04492	0.54131	0.01781	0.02571	0.01394	0.14542	0.02005	0.01339	0.08940	0.01222	0.01399	0.00858	0.00575	0.00595	0.00191	0.00869	0.00504	0.00310	0.00885
52	0.00728	0.00610	0.00634	0.00628	0.00823	0.00515	0.00471	0.00897	0.01412	0.01723	0.14598	0.05629	0.66297	0.01487	0.00711	0.00201	0.00302	0.01247	0.00571	0.00515
53	0.01136	0.01069	0.01804	0.77412	0.04143	0.01337	0.01671	0.01537	0.01203	0.01537	0.01069	0.01604	0.00802	0.00601	0.00601	0.00200	0.00802	0.00535	0.00267	0.00668
54	0.07540	0.01766	0.01430	0.01263	0.01599	0.24994	0.00979	0.12126	0.29612	0.02329	0.04266	0.01898	0.04331	0.00763	0.00575	0.00182	0.00674	0.00579	0.02273	0.00822
55	0.02674	0.01065	0.01421	0.01090	0.01556	0.00945	0.00900	0.07281	0.01790	0.71076	0.02316	0.02010	0.01460	0.00743	0.00605	0.00186	0.00521	0.00601	0.00736	0.01024
56	0.00733	0.00524	0.00698	0.00838	0.00873	0.00489	0.00558	0.00838	0.01152	0.01536	0.03316	0.78466	0.03979	0.01885	0.00768	0.00244	0.00349	0.01710	0.00558	0.00489
57	0.00875	0.00583	0.00656	0.00656	0.00656	0.00583	0.00365	0.00875	0.00875	0.01166	0.01895	0.03937	0.02187	0.78858	0.03062	0.00583	0.00583	0.00875	0.00365	0.00365
58	0.83108	0.01163	0.00884	0.00791	0.01163	0.01350	0.00651	0.01768	0.01024	0.02699	0.00838	0.00977	0.00651	0.00558	0.00372	0.00186	0.00465	0.00326	0.00372	0.00651
59	0.03933	0.01154	0.01811	0.61996	0.07761	0.01403	0.01591	0.08016	0.01346	0.01800	0.01092	0.01555	0.00825	0.00619	0.00628	0.00199	0.02724	0.00528	0.00303	0.00715
60	0.02247	0.02867	0.01705	0.01550	0.01860	0.76443	0.01162	0.02402	0.01705	0.01472	0.00930	0.01085	0.00775	0.00620	0.00542	0.00155	0.01085	0.00387	0.00310	0.00697
61	0.01308	0.01053	0.04976	0.00944	0.01322	0.02752	0.00786	0.01657	0.05009	0.11275	0.23186	0.04786	0.05299	0.00852	0.00588	0.00156	0.00442	0.02438	0.00518	0.30653
62	0.02248	0.02829	0.01708	0.01544	0.01860	0.74016	0.01162	0.04703	0.01741	0.01548	0.00947	0.01097	0.00783	0.00623	0.00544	0.00156	0.01071	0.00392	0.00319	0.00708
63	0.01136	0.01069	0.01804	0.77412	0.04143	0.01337	0.01671	0.01537	0.01203	0.01537	0.01069	0.01604	0.00802	0.00601	0.00601	0.00200	0.00802	0.00535	0.00267	0.00668
64	0.01470	0.01410	0.02408	0.07651	0.71296	0.01424	0.01837	0.01830	0.01361	0.01942	0.01128	0.01495	0.00945	0.00540	0.00596	0.00180	0.00719	0.00536	0.00296	0.00938
65	0.00875	0.00583	0.00656	0.00656	0.00656	0.00583	0.00365	0.00875	0.00875	0.01166	0.01895	0.03937	0.02187	0.78858	0.03062	0.00583	0.00583	0.00875	0.00365	0.00365
66	0.01805	0.03297	0.01418	0.01209	0.01556	0.11908	0.00945	0.02846	0.42505	0.17343	0.02235	0.06849	0.01725	0.00834	0.00605	0.00194	0.00565	0.00680	0.00585	0.00897
67	0.01608	0.79220	0.03152	0.01029	0.01544	0.02380	0.01029	0.01801	0.01222	0.01415	0.00836	0.00965	0.00772	0.00515	0.00386	0.00129	0.00643	0.00322	0.00257	0.00772

[dist]
# distance from previous block
# <min> <max>
0	0

# created by:
# /home/cegg/simao/soft/augustus-3.2.1/scripts/msa2prfl.pl ./align_prep/EOG090W0F9J.fa
