[name]
unknown

[dist]
# distance from previous block
# <min> <max>
25	524

[block]
# block no. 0 follows, 35 sequences, length 6
# corresponding to MSA columns:
# 695-700
name=unknown_A
#
# <colnr> <probs for GDERKNQSTAVLIFYWHMCP>
#	G	D	E	R	K	N	Q	S	T	A	V	L	I	F	Y	W	H	M	C	P
0	0.01829	0.01283	0.01421	0.01175	0.01589	0.01338	0.00938	0.17850	0.28432	0.14560	0.02728	0.02564	0.11610	0.00892	0.00639	0.00194	0.00523	0.00725	0.00631	0.09079
1	0.09137	0.01515	0.05479	0.01238	0.01658	0.06644	0.01026	0.09843	0.30868	0.13776	0.02148	0.02113	0.03801	0.03351	0.00694	0.00211	0.00594	0.00631	0.00576	0.04697
2	0.06176	0.01322	0.01360	0.01170	0.01532	0.04507	0.00914	0.11926	0.34146	0.09086	0.05073	0.02511	0.06761	0.05558	0.00786	0.00224	0.00544	0.00710	0.00597	0.05096
3	0.01484	0.01262	0.01577	0.01654	0.13049	0.04343	0.04576	0.02419	0.32256	0.06454	0.10666	0.09840	0.05697	0.00978	0.00677	0.00210	0.00555	0.00861	0.00569	0.00874
4	0.01634	0.01142	0.01317	0.01104	0.01475	0.01158	0.00871	0.08757	0.26898	0.13457	0.20103	0.02697	0.02672	0.00891	0.00643	0.00188	0.00470	0.00749	0.00638	0.13136
5	0.01840	0.01361	0.01507	0.01230	0.01656	0.01439	0.00984	0.23247	0.28506	0.09378	0.08459	0.02156	0.01867	0.00806	0.00625	0.00187	0.00541	0.00655	0.00620	0.12938

[dist]
# distance from previous block
# <min> <max>
3	6

[block]
# block no. 1 follows, 35 sequences, length 14
# corresponding to MSA columns:
# 707-720
name=unknown_B
#
# <colnr> <probs for GDERKNQSTAVLIFYWHMCP>
#	G	D	E	R	K	N	Q	S	T	A	V	L	I	F	Y	W	H	M	C	P
0	0.14770	0.03046	0.01648	0.01481	0.09439	0.05633	0.04988	0.12664	0.03529	0.12478	0.07042	0.04009	0.03140	0.00745	0.00585	0.00180	0.00608	0.00609	0.00502	0.12905
1	0.08988	0.01428	0.01903	0.01459	0.01958	0.06672	0.16294	0.02415	0.12291	0.19601	0.01682	0.01727	0.01217	0.00643	0.00599	0.00177	0.00674	0.00572	0.00501	0.19199
2	0.01890	0.01428	0.01545	0.01266	0.01664	0.08739	0.04194	0.19558	0.12478	0.14552	0.07438	0.06697	0.07622	0.00914	0.00650	0.00192	0.00609	0.00755	0.00594	0.07216
3	0.17926	0.01588	0.02018	0.01577	0.02052	0.06617	0.18120	0.16158	0.15237	0.10038	0.01601	0.01670	0.01167	0.00686	0.00612	0.00201	0.00725	0.00592	0.00507	0.00909
4	0.06355	0.01448	0.02135	0.01608	0.02102	0.01449	0.21219	0.21965	0.04001	0.09806	0.01875	0.03894	0.06198	0.00758	0.00687	0.00193	0.02795	0.00682	0.00502	0.10329
5	0.01095	0.00698	0.00900	0.00940	0.01111	0.00633	0.00720	0.01281	0.01388	0.10197	0.03747	0.36128	0.15620	0.01656	0.00779	0.00244	0.00436	0.17493	0.00601	0.04335
6	0.02066	0.02070	0.01728	0.01566	0.04888	0.28280	0.01173	0.19520	0.27146	0.02556	0.01688	0.01687	0.01285	0.00749	0.00616	0.00189	0.00792	0.00564	0.00514	0.00925
7	0.00890	0.00635	0.00787	0.00794	0.00855	0.00654	0.00529	0.00982	0.01027	0.01379	0.02501	0.07559	0.10498	0.43101	0.24431	0.00672	0.00894	0.00943	0.00405	0.00463
8	0.01820	0.01560	0.06688	0.01249	0.01604	0.14343	0.04236	0.11592	0.03715	0.13366	0.03435	0.02012	0.01428	0.04272	0.05853	0.00257	0.02686	0.00598	0.18485	0.00800
9	0.01640	0.01857	0.08370	0.02306	0.02933	0.04533	0.49884	0.12169	0.01705	0.02300	0.01288	0.01615	0.00961	0.00574	0.00700	0.00202	0.00979	0.00670	0.00366	0.04948
10	0.00797	0.00564	0.00737	0.00857	0.00895	0.00531	0.00566	0.00904	0.01211	0.01622	0.06971	0.64963	0.04069	0.10794	0.01089	0.00296	0.00393	0.01666	0.00571	0.00504
11	0.01272	0.03281	0.74418	0.01808	0.02746	0.01473	0.02344	0.02009	0.01339	0.02009	0.01138	0.01339	0.00804	0.00603	0.00603	0.00201	0.00938	0.00469	0.00268	0.00938
12	0.01380	0.18182	0.54865	0.01626	0.02442	0.01689	0.01994	0.02085	0.06466	0.01952	0.01191	0.01349	0.00887	0.00609	0.00566	0.00189	0.00854	0.00461	0.00296	0.00918
13	0.01738	0.01385	0.01488	0.01288	0.01545	0.07681	0.01019	0.21839	0.08625	0.06966	0.01908	0.10827	0.01745	0.07198	0.01113	0.00251	0.13760	0.04340	0.04478	0.00806

[dist]
# distance from previous block
# <min> <max>
0	1

[block]
# block no. 2 follows, 35 sequences, length 80
# corresponding to MSA columns:
# 722-779,781-802
name=unknown_C
#
# <colnr> <probs for GDERKNQSTAVLIFYWHMCP>
#	G	D	E	R	K	N	Q	S	T	A	V	L	I	F	Y	W	H	M	C	P
0	0.00771	0.00632	0.00680	0.00692	0.00876	0.00541	0.00510	0.00942	0.01459	0.01804	0.14270	0.14998	0.56391	0.01617	0.00757	0.00218	0.00325	0.01375	0.00602	0.00541
1	0.02370	0.03023	0.01798	0.01634	0.01961	0.75158	0.01226	0.02533	0.01798	0.01553	0.00981	0.01144	0.00817	0.00654	0.00572	0.00163	0.01144	0.00409	0.00327	0.00735
2	0.01570	0.01507	0.02575	0.03894	0.73748	0.01507	0.01947	0.01947	0.01444	0.02073	0.01193	0.01570	0.01005	0.00565	0.00628	0.00188	0.00754	0.00565	0.00314	0.01005
3	0.01051	0.00558	0.00826	0.00844	0.00855	0.00560	0.00569	0.00850	0.00885	0.01186	0.01428	0.11203	0.01508	0.02317	0.06243	0.67178	0.00591	0.00712	0.00317	0.00321
4	0.01520	0.01365	0.01357	0.01230	0.01569	0.05465	0.00952	0.03023	0.60010	0.02478	0.02966	0.02759	0.10652	0.00941	0.00654	0.00212	0.00515	0.00777	0.00621	0.00932
5	0.16296	0.00748	0.00817	0.00877	0.01029	0.00764	0.00635	0.01246	0.05523	0.01963	0.05437	0.45396	0.11545	0.01581	0.00714	0.00238	0.00399	0.03649	0.00558	0.00584
6	0.01379	0.14287	0.53389	0.01999	0.12784	0.01634	0.02097	0.01984	0.01347	0.01940	0.01108	0.01324	0.00834	0.00588	0.00577	0.00189	0.00872	0.00463	0.00275	0.00929
7	0.00783	0.00556	0.00733	0.00871	0.00905	0.00522	0.00575	0.00886	0.01195	0.01594	0.03398	0.72467	0.04071	0.06981	0.00969	0.00281	0.00384	0.01745	0.00575	0.00507
8	0.01465	0.02619	0.52171	0.01614	0.02374	0.01378	0.01913	0.02241	0.10113	0.10319	0.01510	0.01637	0.01083	0.00935	0.05633	0.00257	0.00890	0.00533	0.00378	0.00937
9	0.01324	0.12457	0.65698	0.01719	0.02609	0.01600	0.02190	0.01996	0.01333	0.01946	0.01107	0.01300	0.00805	0.00595	0.00579	0.00193	0.00906	0.00453	0.00268	0.00922
10	0.01604	0.01872	0.03505	0.02546	0.03149	0.10626	0.62831	0.02094	0.01534	0.01973	0.01246	0.01642	0.00945	0.00549	0.00727	0.00208	0.01079	0.00707	0.00322	0.00841
11	0.10838	0.03039	0.65730	0.01693	0.02566	0.01467	0.02148	0.01992	0.01309	0.02108	0.01108	0.01303	0.00790	0.00601	0.00578	0.00200	0.00885	0.00454	0.00283	0.00908
12	0.01518	0.01700	0.11290	0.06542	0.57779	0.01503	0.01931	0.02026	0.05691	0.02080	0.01267	0.01595	0.01029	0.00590	0.00626	0.00193	0.00765	0.00562	0.00327	0.00984
13	0.01043	0.01041	0.09907	0.00977	0.01223	0.00805	0.00839	0.02808	0.04494	0.04591	0.25089	0.17877	0.14907	0.08019	0.00990	0.00252	0.02795	0.01133	0.00566	0.00643
14	0.00923	0.00615	0.00692	0.00692	0.00692	0.00615	0.00384	0.00923	0.00923	0.01230	0.01999	0.04151	0.02306	0.77705	0.03229	0.00615	0.00615	0.00923	0.00384	0.00384
15	0.01338	0.00931	0.01215	0.01079	0.01359	0.00924	0.05003	0.01921	0.16894	0.12690	0.15324	0.07893	0.17970	0.01452	0.05734	0.00272	0.00548	0.06087	0.00615	0.00751
16	0.02048	0.06320	0.11074	0.01882	0.10814	0.50932	0.01427	0.02310	0.01653	0.01673	0.01106	0.03761	0.00951	0.00676	0.00583	0.00173	0.01022	0.00479	0.00324	0.00790
17	0.01408	0.01569	0.03374	0.02454	0.03022	0.01471	0.62753	0.01891	0.01463	0.01981	0.01555	0.10981	0.01359	0.00713	0.00756	0.00219	0.00983	0.00878	0.00354	0.00814
18	0.02678	0.01065	0.01433	0.01115	0.01580	0.00938	0.00915	0.02989	0.04658	0.67017	0.06758	0.02322	0.01850	0.00819	0.00645	0.00197	0.00524	0.00672	0.00774	0.01048
19	0.01546	0.01390	0.02917	0.11023	0.16988	0.01530	0.01314	0.02833	0.46692	0.03618	0.02090	0.02098	0.01584	0.00766	0.00640	0.00209	0.00604	0.00661	0.00528	0.00968
20	0.01464	0.01943	0.14196	0.02546	0.03231	0.01585	0.61224	0.02029	0.01474	0.02029	0.01262	0.01656	0.00939	0.00545	0.00727	0.00212	0.01050	0.00707	0.00313	0.00868
21	0.00822	0.00624	0.00757	0.00770	0.00913	0.00559	0.00560	0.01032	0.01547	0.02063	0.35693	0.22561	0.26676	0.01559	0.00763	0.00218	0.00323	0.01365	0.00638	0.00559
22	0.02370	0.03023	0.01798	0.01634	0.01961	0.75158	0.01226	0.02533	0.01798	0.01553	0.00981	0.01144	0.00817	0.00654	0.00572	0.00163	0.01144	0.00409	0.00327	0.00735
23	0.07218	0.10498	0.01590	0.01064	0.01520	0.01134	0.00896	0.04065	0.01706	0.51171	0.05892	0.02329	0.06470	0.00823	0.00608	0.00190	0.00531	0.00654	0.00678	0.00964
24	0.01102	0.00551	0.00826	0.00826	0.00826	0.00551	0.00551	0.00826	0.00826	0.01102	0.01102	0.01928	0.01102	0.02204	0.02479	0.81543	0.00551	0.00551	0.00275	0.00275
25	0.01696	0.78087	0.03324	0.01085	0.01628	0.02510	0.01085	0.01900	0.01289	0.01493	0.00882	0.01018	0.00814	0.00543	0.00407	0.00136	0.00678	0.00339	0.00271	0.00814
26	0.01592	0.01541	0.02177	0.18733	0.39988	0.08310	0.01684	0.05563	0.06034	0.02058	0.01282	0.01624	0.01031	0.00636	0.00657	0.00194	0.02690	0.00561	0.02746	0.00899
27	0.01054	0.00652	0.00846	0.00894	0.01030	0.00593	0.00650	0.01219	0.01392	0.10638	0.10095	0.46266	0.13587	0.01707	0.00780	0.00241	0.00393	0.06738	0.00623	0.00600
28	0.00769	0.00569	0.00718	0.00838	0.00908	0.00519	0.00569	0.00888	0.01259	0.01637	0.04053	0.63768	0.17359	0.01915	0.00798	0.00249	0.00359	0.01715	0.00589	0.00519
29	0.01195	0.01171	0.00989	0.00950	0.01174	0.14831	0.00708	0.05549	0.03957	0.01868	0.07148	0.17155	0.38122	0.01404	0.00716	0.00210	0.00514	0.01169	0.00548	0.00621
30	0.10417	0.01995	0.23743	0.01556	0.05949	0.01510	0.01468	0.20347	0.08701	0.15741	0.01600	0.01614	0.01122	0.00698	0.00601	0.00198	0.00704	0.00542	0.00509	0.00984
31	0.02372	0.02956	0.01803	0.01625	0.01962	0.71218	0.01225	0.06253	0.01862	0.01684	0.01010	0.01164	0.00831	0.00660	0.00575	0.00165	0.01120	0.00417	0.00343	0.00754
32	0.49834	0.01391	0.01156	0.01023	0.01386	0.09685	0.00821	0.06178	0.04190	0.07395	0.01210	0.01382	0.00945	0.01142	0.09628	0.00294	0.00729	0.00441	0.00430	0.00740
33	0.03199	0.12135	0.51660	0.01687	0.02469	0.03178	0.05040	0.06142	0.01431	0.02054	0.01175	0.03070	0.00905	0.00647	0.00622	0.00195	0.02686	0.00500	0.00304	0.00902
34	0.01553	0.01490	0.02561	0.03784	0.69852	0.01488	0.03721	0.01931	0.01446	0.02067	0.01258	0.01734	0.01079	0.00598	0.00638	0.00192	0.00757	0.02541	0.00322	0.00989
35	0.00760	0.00620	0.00672	0.00707	0.00875	0.00532	0.00512	0.00912	0.01399	0.01715	0.07682	0.23857	0.54168	0.01693	0.00765	0.00225	0.00332	0.01449	0.00592	0.00532
36	0.00985	0.00835	0.03366	0.00939	0.01121	0.00775	0.00720	0.01502	0.14400	0.02204	0.32041	0.27319	0.08462	0.01432	0.00744	0.00222	0.00380	0.01266	0.00633	0.00653
37	0.04419	0.05511	0.17505	0.01623	0.06306	0.04885	0.08142	0.11581	0.07571	0.12370	0.01870	0.10977	0.02727	0.00848	0.00641	0.00203	0.00717	0.00725	0.00481	0.00896
38	0.00773	0.00552	0.00736	0.00883	0.00920	0.00515	0.00589	0.00883	0.01215	0.01619	0.03497	0.77291	0.04196	0.01987	0.00810	0.00258	0.00368	0.01803	0.00589	0.00515
39	0.02149	0.02573	0.01775	0.01591	0.01886	0.54560	0.01219	0.04636	0.10414	0.01760	0.01175	0.01337	0.00965	0.00741	0.00775	0.00185	0.10649	0.00470	0.00369	0.00774
40	0.12912	0.16250	0.21615	0.04198	0.06182	0.07024	0.10672	0.10232	0.01545	0.02227	0.01111	0.01318	0.00856	0.00602	0.00560	0.00186	0.00818	0.00480	0.00344	0.00867
41	0.04517	0.01652	0.13795	0.01326	0.01835	0.03531	0.01212	0.06198	0.28138	0.27675	0.02160	0.02003	0.01504	0.00771	0.00625	0.00203	0.00617	0.00620	0.00613	0.01005
42	0.00872	0.00653	0.00812	0.00787	0.00951	0.00593	0.00600	0.01139	0.01692	0.02308	0.53193	0.05218	0.21453	0.01399	0.00757	0.00209	0.00324	0.05791	0.00665	0.00583
43	0.01399	0.08846	0.45784	0.03825	0.12962	0.01572	0.08774	0.04113	0.01417	0.02028	0.01202	0.01530	0.00924	0.00618	0.00612	0.00197	0.00885	0.02093	0.00299	0.00920
44	0.01559	0.01434	0.02068	0.26903	0.30756	0.05446	0.01637	0.04138	0.13202	0.04458	0.01443	0.01737	0.01117	0.00654	0.00630	0.00199	0.00755	0.00584	0.00384	0.00896
45	0.00894	0.00645	0.00846	0.00812	0.00956	0.00597	0.00609	0.01183	0.01756	0.02478	0.67880	0.08706	0.05830	0.01346	0.00755	0.00205	0.00310	0.02908	0.00690	0.00594
46	0.01534	0.01531	0.04115	0.08642	0.63357	0.01506	0.06111	0.01931	0.01434	0.02038	0.01193	0.01582	0.00987	0.00569	0.00635	0.00192	0.00783	0.00574	0.00311	0.00974
47	0.01735	0.01417	0.01841	0.01637	0.06679	0.09688	0.13487	0.12181	0.04784	0.12593	0.02292	0.14129	0.05330	0.02337	0.00746	0.00221	0.00707	0.06846	0.00526	0.00823
48	0.01576	0.15080	0.34016	0.01787	0.02503	0.01583	0.18793	0.02094	0.01424	0.10769	0.01371	0.03816	0.01043	0.00641	0.00616	0.00194	0.00860	0.00577	0.00355	0.00901
49	0.01497	0.01711	0.03743	0.02674	0.03316	0.01604	0.71444	0.02032	0.01497	0.02032	0.01283	0.01711	0.00963	0.00535	0.00749	0.00214	0.01070	0.00749	0.00321	0.00856
50	0.01509	0.03166	0.04773	0.02138	0.09596	0.03099	0.35192	0.04072	0.08128	0.05976	0.03707	0.03922	0.10156	0.00772	0.00703	0.00207	0.00812	0.00794	0.00429	0.00850
51	0.01673	0.01476	0.02729	0.08782	0.11837	0.01452	0.35015	0.07058	0.04980	0.10936	0.06241	0.01963	0.01417	0.00659	0.00697	0.00206	0.00842	0.00708	0.00435	0.00894
52	0.00800	0.00585	0.00759	0.00887	0.00960	0.00544	0.00628	0.00939	0.01274	0.01665	0.03853	0.59743	0.12950	0.01911	0.00810	0.00256	0.00388	0.09934	0.00588	0.00526
53	0.01679	0.24600	0.34575	0.01570	0.03424	0.11212	0.01692	0.10583	0.01587	0.02047	0.01093	0.01248	0.00846	0.00611	0.00547	0.00176	0.00857	0.00438	0.00322	0.00895
54	0.01408	0.06638	0.02574	0.01902	0.02265	0.06997	0.31643	0.01740	0.01305	0.01741	0.01345	0.05774	0.01205	0.01501	0.14561	0.00366	0.15262	0.00704	0.00328	0.00742
55	0.01378	0.21978	0.56649	0.01628	0.02466	0.01732	0.02029	0.01982	0.01327	0.01880	0.01074	0.01259	0.00806	0.00588	0.00554	0.00185	0.00873	0.00436	0.00269	0.00907
56	0.00780	0.00557	0.00742	0.00879	0.00922	0.00520	0.00589	0.00900	0.01246	0.01669	0.07261	0.73385	0.04292	0.01950	0.00806	0.00255	0.00364	0.01768	0.00595	0.00520
57	0.01554	0.53044	0.27124	0.01327	0.02002	0.02163	0.01507	0.01936	0.01306	0.01665	0.00968	0.01125	0.00811	0.00563	0.00473	0.00158	0.00765	0.00383	0.00270	0.00855
58	0.00917	0.00632	0.00775	0.00772	0.00807	0.00654	0.00490	0.00988	0.01003	0.01373	0.06739	0.03821	0.02394	0.56311	0.19093	0.00677	0.00835	0.00884	0.00396	0.00439
59	0.00816	0.00645	0.00735	0.00712	0.00898	0.00564	0.00534	0.01039	0.01603	0.02085	0.36418	0.05493	0.43267	0.01468	0.00749	0.00208	0.00311	0.01253	0.00638	0.00564
60	0.01546	0.00840	0.01070	0.00991	0.01238	0.00799	0.00760	0.01949	0.10156	0.23927	0.14684	0.24893	0.05538	0.01306	0.00717	0.00221	0.00433	0.04799	0.03369	0.00766
61	0.15645	0.01201	0.01446	0.01170	0.01597	0.01214	0.05101	0.08585	0.14493	0.29894	0.02566	0.02408	0.10229	0.00849	0.00618	0.00202	0.00543	0.00689	0.00629	0.00919
62	0.01462	0.01882	0.12291	0.02500	0.03135	0.01611	0.58253	0.01995	0.01443	0.01995	0.01235	0.01644	0.00934	0.00582	0.00821	0.00217	0.06134	0.00701	0.00311	0.00855
63	0.01463	0.04773	0.07027	0.02281	0.02755	0.01729	0.45276	0.01884	0.01333	0.01868	0.01133	0.01573	0.00912	0.00700	0.01101	0.00228	0.22186	0.00663	0.00304	0.00813
64	0.01648	0.01522	0.02275	0.16280	0.47667	0.06616	0.01750	0.03553	0.04690	0.05959	0.01308	0.01629	0.01038	0.00613	0.00627	0.00192	0.00773	0.00565	0.00357	0.00938
65	0.01353	0.17492	0.60913	0.01671	0.02533	0.01670	0.02105	0.01988	0.01330	0.01911	0.01090	0.01278	0.00806	0.00591	0.00566	0.00189	0.00888	0.00444	0.00269	0.00914
66	0.00791	0.00560	0.00731	0.00860	0.00892	0.00528	0.00564	0.00888	0.01179	0.01572	0.03313	0.68320	0.03964	0.11275	0.01106	0.00301	0.00398	0.01695	0.00564	0.00499
67	0.01319	0.05896	0.55443	0.01923	0.02760	0.01513	0.15891	0.01976	0.01365	0.01981	0.01226	0.03625	0.00935	0.00627	0.00630	0.00203	0.00937	0.00558	0.00288	0.00904
68	0.01730	0.22773	0.35209	0.01507	0.02207	0.06207	0.01674	0.12690	0.01636	0.07006	0.01211	0.01325	0.00901	0.00626	0.00556	0.00179	0.00818	0.00458	0.00363	0.00924
69	0.01454	0.00850	0.00953	0.00868	0.01105	0.00846	0.00671	0.13249	0.01662	0.10600	0.02828	0.14826	0.10813	0.01084	0.00606	0.00190	0.00414	0.02850	0.33422	0.00709
70	0.00851	0.00643	0.00772	0.00821	0.00948	0.00592	0.00583	0.03782	0.01444	0.01885	0.15022	0.41840	0.25054	0.01718	0.00775	0.00233	0.00357	0.01514	0.00608	0.00557
71	0.06802	0.01101	0.06295	0.01014	0.01342	0.00961	0.00859	0.10273	0.04414	0.14067	0.29227	0.08244	0.10602	0.01114	0.00683	0.00204	0.00459	0.00940	0.00633	0.00768
72	0.01503	0.01122	0.01335	0.00963	0.01518	0.00856	0.00774	0.01781	0.01377	0.10913	0.01296	0.01419	0.01017	0.00508	0.00490	0.00107	0.00478	0.00408	0.00426	0.71709
73	0.00834	0.00564	0.00730	0.00860	0.00915	0.00534	0.00589	0.00975	0.01239	0.01723	0.03316	0.65132	0.03858	0.01824	0.00768	0.00246	0.00368	0.04519	0.10479	0.00528
74	0.01283	0.03208	0.71092	0.01849	0.02773	0.01479	0.05596	0.02010	0.01347	0.02010	0.01145	0.01357	0.00811	0.00600	0.00610	0.00202	0.00944	0.00482	0.00270	0.00934
75	0.01552	0.03191	0.04209	0.05791	0.64972	0.01530	0.05568	0.01942	0.01437	0.02044	0.01188	0.01564	0.00990	0.00566	0.00629	0.00190	0.00775	0.00568	0.00312	0.00983
76	0.01382	0.02988	0.62639	0.01868	0.02748	0.01459	0.09944	0.02070	0.01383	0.05898	0.01228	0.01425	0.00863	0.00605	0.00621	0.00202	0.00931	0.00509	0.00302	0.00936
77	0.00887	0.05807	0.00948	0.00874	0.00968	0.00697	0.00622	0.01036	0.01283	0.01727	0.15381	0.45135	0.03903	0.10487	0.05507	0.00326	0.00489	0.02836	0.00549	0.00540
78	0.03847	0.01554	0.14307	0.01303	0.01755	0.02906	0.03243	0.15226	0.06105	0.19772	0.05194	0.15870	0.01973	0.01019	0.00711	0.02315	0.00624	0.00827	0.00569	0.00879
79	0.04622	0.09125	0.05160	0.03519	0.12379	0.12316	0.04928	0.25466	0.03092	0.04635	0.01483	0.07690	0.01253	0.00773	0.00614	0.00189	0.00760	0.00627	0.00461	0.00906

[dist]
# distance from previous block
# <min> <max>
2	5

[block]
# block no. 3 follows, 35 sequences, length 8
# corresponding to MSA columns:
# 809-816
name=unknown_D
#
# <colnr> <probs for GDERKNQSTAVLIFYWHMCP>
#	G	D	E	R	K	N	Q	S	T	A	V	L	I	F	Y	W	H	M	C	P
0	0.01147	0.00974	0.01575	0.07961	0.06623	0.00998	0.11731	0.01433	0.01457	0.03837	0.27354	0.05644	0.05658	0.11720	0.01179	0.00271	0.06339	0.02944	0.00494	0.00660
1	0.07099	0.03868	0.01584	0.05695	0.04280	0.01378	0.04140	0.19115	0.14724	0.04358	0.11181	0.02539	0.09527	0.00872	0.00631	0.00192	0.00564	0.00723	0.00549	0.06981
2	0.01668	0.67460	0.03383	0.01306	0.01863	0.02384	0.10875	0.01918	0.01318	0.01568	0.00938	0.01114	0.00835	0.00542	0.00455	0.00147	0.00733	0.00396	0.00278	0.00820
3	0.01260	0.01019	0.01313	0.01029	0.01438	0.00862	0.05462	0.05246	0.01516	0.04360	0.13763	0.05161	0.10715	0.03119	0.00685	0.00168	0.00483	0.02814	0.00490	0.39096
4	0.01667	0.19967	0.34636	0.01641	0.02338	0.10044	0.07013	0.11732	0.01620	0.02119	0.01127	0.01298	0.00858	0.00612	0.00570	0.00181	0.00878	0.00468	0.00330	0.00900
5	0.01198	0.01128	0.01903	0.76180	0.04369	0.01409	0.01762	0.01621	0.01268	0.01621	0.01128	0.01691	0.00846	0.00634	0.00634	0.00211	0.00846	0.00564	0.00282	0.00705
6	0.07274	0.02287	0.28237	0.01846	0.09475	0.09710	0.04042	0.11483	0.01544	0.02196	0.01162	0.01487	0.00930	0.04070	0.00917	0.00223	0.11387	0.00519	0.00346	0.00863
7	0.01451	0.12259	0.05928	0.07535	0.02492	0.06663	0.28273	0.01814	0.01320	0.01739	0.01183	0.01623	0.00987	0.01243	0.11538	0.00323	0.11949	0.00604	0.00306	0.00769

[dist]
# distance from previous block
# <min> <max>
0	12

[block]
# block no. 4 follows, 35 sequences, length 76
# corresponding to MSA columns:
# 829-860,862-905
name=unknown_E
#
# <colnr> <probs for GDERKNQSTAVLIFYWHMCP>
#	G	D	E	R	K	N	Q	S	T	A	V	L	I	F	Y	W	H	M	C	P
0	0.01313	0.01053	0.01218	0.03498	0.01499	0.01157	0.00929	0.02372	0.38416	0.03933	0.12271	0.08551	0.05645	0.01182	0.00718	0.00230	0.00487	0.14088	0.00627	0.00812
1	0.00906	0.00680	0.01020	0.01020	0.01133	0.00793	0.00793	0.01133	0.01020	0.01473	0.01699	0.02492	0.01586	0.04758	0.75191	0.01020	0.01699	0.00680	0.00340	0.00566
2	0.01501	0.01590	0.08499	0.14846	0.02756	0.02935	0.26150	0.14657	0.03521	0.02263	0.01663	0.13500	0.01480	0.00838	0.00699	0.00214	0.00828	0.00818	0.00418	0.00825
3	0.01079	0.00903	0.01079	0.01267	0.06938	0.05555	0.00873	0.01388	0.06953	0.01781	0.02944	0.37009	0.03277	0.06606	0.00943	0.00275	0.00533	0.19439	0.00540	0.00617
4	0.02577	0.01152	0.01481	0.01150	0.01609	0.01071	0.00944	0.14321	0.02008	0.55242	0.09515	0.02314	0.01935	0.00833	0.00649	0.00196	0.00542	0.00678	0.00751	0.01031
5	0.01383	0.02770	0.57728	0.01792	0.07078	0.01355	0.02050	0.02009	0.01395	0.08103	0.01679	0.01803	0.06674	0.00696	0.00619	0.00201	0.00843	0.00559	0.00340	0.00922
6	0.01913	0.05216	0.01710	0.01568	0.06393	0.34579	0.01146	0.06441	0.22531	0.02065	0.01919	0.02058	0.05996	0.00807	0.00615	0.00188	0.00816	0.02744	0.00460	0.00836
7	0.00793	0.00599	0.00737	0.00824	0.00931	0.00543	0.00588	0.00947	0.01348	0.01741	0.09938	0.45218	0.25098	0.01802	0.00791	0.00242	0.00364	0.06364	0.00597	0.00533
8	0.01696	0.78087	0.03324	0.01085	0.01628	0.02510	0.01085	0.01900	0.01289	0.01493	0.00882	0.01018	0.00814	0.00543	0.00407	0.00136	0.00678	0.00339	0.00271	0.00814
9	0.01949	0.01450	0.01564	0.01295	0.01712	0.01601	0.01038	0.30704	0.33243	0.08770	0.02455	0.02308	0.07264	0.00874	0.00649	0.00204	0.00570	0.00702	0.00648	0.01003
10	0.01497	0.01711	0.03743	0.02674	0.03316	0.01604	0.71444	0.02032	0.01497	0.02032	0.01283	0.01711	0.00963	0.00535	0.00749	0.00214	0.01070	0.00749	0.00321	0.00856
11	0.00810	0.00615	0.00752	0.00851	0.00945	0.00576	0.00587	0.01021	0.05032	0.01695	0.04102	0.57455	0.19539	0.01843	0.00788	0.00246	0.00365	0.01642	0.00592	0.00546
12	0.01517	0.01447	0.02409	0.13029	0.58844	0.01511	0.01857	0.01967	0.05161	0.02029	0.01247	0.01622	0.01028	0.00606	0.00673	0.00195	0.03000	0.00573	0.00326	0.00957
13	0.01541	0.01621	0.03240	0.12747	0.08905	0.01601	0.50352	0.07961	0.01590	0.02148	0.01276	0.01681	0.00960	0.00570	0.00714	0.00210	0.00982	0.00694	0.00342	0.00866
14	0.01022	0.00730	0.01022	0.01168	0.01314	0.00730	0.01022	0.01314	0.01460	0.01899	0.03359	0.07156	0.03651	0.01752	0.00876	0.00292	0.00584	0.69478	0.00584	0.00584
15	0.02295	0.01616	0.01752	0.01361	0.01828	0.01771	0.01119	0.60489	0.02736	0.07501	0.01623	0.01650	0.01162	0.00871	0.02668	0.00210	0.00685	0.00579	0.07057	0.01026
16	0.01287	0.05843	0.71984	0.01783	0.02707	0.01509	0.02301	0.02005	0.01338	0.01991	0.01130	0.01328	0.00804	0.00601	0.00596	0.00199	0.00929	0.00464	0.00268	0.00933
17	0.01695	0.63256	0.08913	0.01262	0.01828	0.07064	0.04906	0.01956	0.01337	0.01566	0.00930	0.01088	0.00821	0.00554	0.00451	0.00147	0.00750	0.00376	0.00277	0.00821
18	0.00783	0.00560	0.00745	0.00877	0.00922	0.00522	0.00590	0.00908	0.01260	0.01692	0.09017	0.71562	0.04337	0.01933	0.00805	0.00253	0.00363	0.01752	0.00598	0.00522
19	0.01540	0.01477	0.02521	0.09654	0.68219	0.01500	0.01932	0.01921	0.01430	0.02037	0.01188	0.01580	0.00992	0.00571	0.00629	0.00190	0.00761	0.00565	0.00311	0.00981
20	0.01272	0.03281	0.74418	0.01808	0.02746	0.01473	0.02344	0.02009	0.01339	0.02009	0.01138	0.01339	0.00804	0.00603	0.00603	0.00201	0.00938	0.00469	0.00268	0.00938
21	0.00963	0.00786	0.00868	0.00823	0.01043	0.00762	0.00624	0.01491	0.15526	0.02181	0.28481	0.04906	0.36466	0.01355	0.00729	0.00209	0.00349	0.01152	0.00637	0.00649
22	0.00754	0.00643	0.00649	0.00647	0.00860	0.00537	0.00486	0.00919	0.01457	0.01739	0.08497	0.06063	0.71404	0.01597	0.00750	0.00214	0.00321	0.01333	0.00592	0.00537
23	0.01338	0.14798	0.63473	0.01697	0.02574	0.01633	0.02150	0.01992	0.01332	0.01930	0.01099	0.01290	0.00805	0.00593	0.00573	0.00191	0.00898	0.00449	0.00268	0.00919
24	0.01519	0.01606	0.01924	0.01661	0.01705	0.11691	0.01366	0.01661	0.01082	0.01530	0.00852	0.01355	0.00831	0.01050	0.01881	0.00262	0.66505	0.00536	0.00284	0.00699
25	0.00780	0.00571	0.00733	0.00845	0.00914	0.00524	0.00576	0.00912	0.01291	0.01705	0.09399	0.62300	0.13354	0.01883	0.00797	0.00247	0.00357	0.01691	0.00598	0.00524
26	0.02370	0.03023	0.01798	0.01634	0.01961	0.75158	0.01226	0.02533	0.01798	0.01553	0.00981	0.01144	0.00817	0.00654	0.00572	0.00163	0.01144	0.00409	0.00327	0.00735
27	0.01327	0.11234	0.63905	0.01766	0.02649	0.01590	0.05038	0.01998	0.01340	0.01955	0.01117	0.01320	0.00811	0.00594	0.00588	0.00194	0.00915	0.00466	0.00270	0.00921
28	0.02147	0.01252	0.01547	0.09594	0.01958	0.01312	0.01073	0.14783	0.20392	0.31411	0.02252	0.06014	0.01638	0.00847	0.00648	0.00205	0.00583	0.00700	0.00656	0.00988
29	0.02302	0.02491	0.01684	0.01500	0.01839	0.54173	0.01139	0.08475	0.01856	0.10258	0.01406	0.07364	0.01197	0.00785	0.00604	0.00177	0.00973	0.00561	0.00428	0.00788
30	0.01337	0.01260	0.02091	0.45012	0.28355	0.01399	0.01747	0.01733	0.01334	0.01814	0.01150	0.01619	0.00909	0.00597	0.00619	0.00194	0.00784	0.00549	0.00301	0.07196
31	0.08481	0.03970	0.01426	0.01138	0.01486	0.07557	0.00899	0.20026	0.07436	0.15810	0.01865	0.02170	0.02718	0.11436	0.05915	0.00300	0.00699	0.00625	0.05207	0.00837
32	0.01557	0.01711	0.09938	0.02188	0.02756	0.01509	0.45987	0.04775	0.03465	0.06132	0.01416	0.01742	0.01057	0.00626	0.00783	0.00210	0.05802	0.00683	0.06807	0.00857
33	0.01625	0.56725	0.21271	0.01270	0.01911	0.02198	0.01399	0.01965	0.01318	0.03905	0.00998	0.01135	0.00835	0.00566	0.00464	0.00154	0.00740	0.00381	0.00287	0.00854
34	0.04203	0.01568	0.05435	0.01474	0.07401	0.06020	0.01138	0.25222	0.11207	0.06164	0.04379	0.03847	0.05094	0.00830	0.00625	0.00188	0.00632	0.03243	0.00537	0.10792
35	0.02115	0.08045	0.06588	0.01444	0.01928	0.11842	0.01233	0.39056	0.15990	0.03079	0.01577	0.01582	0.01170	0.00738	0.00608	0.00188	0.00735	0.00552	0.00542	0.00988
36	0.01767	0.61458	0.03000	0.01209	0.01678	0.12698	0.01129	0.01959	0.01336	0.01504	0.00892	0.01065	0.00816	0.00603	0.00563	0.00151	0.06735	0.00366	0.00280	0.00794
37	0.01315	0.01128	0.01315	0.00940	0.01503	0.00846	0.00752	0.01597	0.01315	0.02067	0.01128	0.01315	0.00940	0.00470	0.00470	0.00094	0.00470	0.00376	0.00376	0.81583
38	0.00804	0.00640	0.00724	0.00735	0.00911	0.00560	0.00552	0.01002	0.01512	0.01923	0.22734	0.12841	0.45876	0.01575	0.00762	0.00219	0.00335	0.05127	0.00616	0.00552
39	0.01018	0.00743	0.00895	0.00859	0.01052	0.00705	0.00659	0.03961	0.05697	0.04523	0.36640	0.10664	0.21936	0.01404	0.00750	0.00216	0.00367	0.06630	0.00651	0.00631
40	0.01440	0.01620	0.03506	0.02532	0.03126	0.01518	0.65849	0.01941	0.01475	0.02000	0.01458	0.07679	0.01218	0.00649	0.00753	0.00217	0.01014	0.00832	0.00342	0.00829
41	0.00764	0.00643	0.00662	0.00657	0.00866	0.00542	0.00493	0.00938	0.01479	0.01793	0.12817	0.05975	0.67051	0.01577	0.00750	0.00213	0.00319	0.01321	0.00600	0.00542
42	0.62392	0.01315	0.01128	0.00961	0.01367	0.01500	0.00790	0.16160	0.01500	0.03070	0.04063	0.01288	0.00990	0.00654	0.00457	0.00195	0.00525	0.00424	0.00455	0.00764
43	0.01353	0.01286	0.02184	0.45977	0.33358	0.01450	0.01839	0.01757	0.01342	0.01810	0.01155	0.01641	0.00912	0.00605	0.00632	0.00202	0.00807	0.00564	0.00295	0.00830
44	0.00773	0.00644	0.00675	0.00667	0.00871	0.00546	0.00500	0.00956	0.01501	0.01845	0.17054	0.05888	0.62781	0.01558	0.00750	0.00212	0.00318	0.01308	0.00606	0.00546
45	0.00773	0.00552	0.00736	0.00883	0.00920	0.00515	0.00589	0.00883	0.01215	0.01619	0.03497	0.77291	0.04196	0.01987	0.00810	0.00258	0.00368	0.01803	0.00589	0.00515
46	0.02371	0.02976	0.01802	0.01628	0.01961	0.72386	0.01225	0.05151	0.01843	0.01645	0.01001	0.01158	0.00827	0.00658	0.00574	0.00164	0.01127	0.00415	0.00339	0.00748
47	0.02759	0.01086	0.01462	0.01127	0.01605	0.00953	0.00928	0.05210	0.01852	0.69231	0.05158	0.02237	0.01722	0.00804	0.00642	0.00196	0.00536	0.00655	0.00777	0.01061
48	0.01388	0.01388	0.01943	0.01666	0.01666	0.01943	0.01388	0.01527	0.00972	0.01527	0.00833	0.01388	0.00833	0.01110	0.02082	0.00278	0.76544	0.00555	0.00278	0.00694
49	0.01029	0.00737	0.01013	0.01144	0.01287	0.00742	0.00986	0.01337	0.02968	0.01878	0.03266	0.06885	0.03539	0.05958	0.01002	0.00308	0.00584	0.64178	0.00574	0.00582
50	0.02126	0.08037	0.12369	0.01578	0.02035	0.45212	0.01362	0.12049	0.05799	0.02015	0.01161	0.01284	0.00914	0.00665	0.00578	0.00174	0.00984	0.00452	0.00375	0.00833
51	0.02346	0.01744	0.01867	0.01446	0.01942	0.01937	0.01190	0.66242	0.08480	0.03892	0.01607	0.01590	0.01147	0.00769	0.00635	0.00192	0.00683	0.00583	0.00635	0.01073
52	0.00793	0.00566	0.00759	0.00906	0.00951	0.00532	0.00623	0.00917	0.01234	0.01642	0.03486	0.71740	0.04153	0.01969	0.00815	0.00260	0.00385	0.07160	0.00589	0.00521
53	0.01481	0.01648	0.03478	0.07481	0.08947	0.01594	0.59335	0.01984	0.01463	0.01994	0.01253	0.01689	0.00955	0.00561	0.00771	0.00214	0.03268	0.00716	0.00317	0.00853
54	0.01102	0.00551	0.00826	0.00826	0.00826	0.00551	0.00551	0.00826	0.00826	0.01102	0.01102	0.01928	0.01102	0.02204	0.02479	0.81543	0.00551	0.00551	0.00275	0.00275
55	0.00767	0.00621	0.00682	0.00715	0.00880	0.00536	0.00518	0.00927	0.01417	0.01757	0.11041	0.23587	0.50988	0.01676	0.00764	0.00224	0.00331	0.01438	0.00598	0.00536
56	0.01532	0.51779	0.25130	0.01296	0.01944	0.02110	0.01453	0.01904	0.01326	0.01696	0.04009	0.01273	0.01028	0.00593	0.00482	0.00158	0.00742	0.00413	0.00288	0.00843
57	0.01612	0.06322	0.18718	0.13631	0.02900	0.07481	0.22990	0.12277	0.01641	0.02169	0.01201	0.01503	0.00902	0.00627	0.00691	0.00201	0.03345	0.00575	0.00346	0.00866
58	0.01973	0.02012	0.02147	0.10438	0.06390	0.24207	0.11268	0.20553	0.05669	0.02360	0.01270	0.01492	0.00981	0.00699	0.00725	0.00195	0.05788	0.00552	0.00415	0.00866
59	0.01672	0.01384	0.01475	0.02707	0.01702	0.01570	0.01018	0.16791	0.51684	0.02828	0.02647	0.02481	0.07408	0.00896	0.00651	0.00210	0.00534	0.00734	0.00632	0.00976
60	0.02285	0.01544	0.03182	0.01390	0.01840	0.08381	0.04992	0.15469	0.17778	0.30744	0.02049	0.01927	0.01418	0.00778	0.00684	0.00200	0.03083	0.00622	0.00631	0.01002
61	0.03098	0.01539	0.07812	0.06544	0.03873	0.07151	0.21759	0.03939	0.07501	0.07315	0.01999	0.17845	0.03201	0.00953	0.00727	0.00217	0.02392	0.00891	0.00448	0.00796
62	0.00817	0.00662	0.00734	0.00777	0.00945	0.00598	0.00574	0.01059	0.05137	0.01749	0.05225	0.25432	0.46273	0.01681	0.00769	0.00231	0.00361	0.05827	0.00592	0.00558
63	0.05120	0.01658	0.02076	0.01627	0.02068	0.11426	0.18436	0.22058	0.07655	0.06790	0.01562	0.01743	0.01178	0.01010	0.06573	0.00258	0.00867	0.00610	0.06408	0.00879
64	0.01939	0.13014	0.05027	0.01741	0.06548	0.19659	0.10569	0.13626	0.13242	0.04717	0.01421	0.01534	0.01096	0.00680	0.00634	0.00185	0.02497	0.00543	0.00431	0.00897
65	0.01387	0.01349	0.02285	0.09687	0.31014	0.01509	0.10311	0.01711	0.01262	0.01810	0.01187	0.01690	0.01028	0.01300	0.11734	0.00334	0.18670	0.00602	0.00307	0.00822
66	0.00774	0.00588	0.00700	0.00786	0.00883	0.00529	0.00538	0.00895	0.01277	0.01628	0.04434	0.47446	0.28535	0.06736	0.00945	0.00265	0.00367	0.01583	0.00576	0.00514
67	0.01466	0.25051	0.33741	0.01720	0.02437	0.01815	0.15293	0.02090	0.07034	0.01911	0.01205	0.01398	0.00928	0.00592	0.00576	0.00185	0.00851	0.00504	0.00309	0.00890
68	0.01571	0.11130	0.14176	0.02041	0.02655	0.01681	0.36498	0.11925	0.01623	0.02201	0.01280	0.01605	0.00986	0.00915	0.06601	0.00263	0.00999	0.00625	0.00353	0.00872
69	0.00834	0.00668	0.00754	0.00786	0.00957	0.00607	0.00587	0.01092	0.05181	0.01832	0.11402	0.21765	0.42604	0.01636	0.00768	0.00229	0.00360	0.06773	0.00602	0.00565
70	0.08563	0.16439	0.02010	0.01472	0.07410	0.03855	0.01131	0.30874	0.11891	0.02857	0.01579	0.06380	0.01302	0.00779	0.00581	0.00187	0.00645	0.00602	0.00509	0.00933
71	0.01571	0.01509	0.02713	0.08967	0.41013	0.01520	0.20189	0.05343	0.01527	0.03823	0.03121	0.01707	0.01123	0.00608	0.00695	0.00199	0.02460	0.00630	0.00349	0.00930
72	0.00960	0.00715	0.00937	0.01018	0.01169	0.00711	0.00833	0.01280	0.04946	0.01902	0.10238	0.14783	0.13626	0.01911	0.06695	0.00322	0.00577	0.36208	0.00580	0.00590
73	0.01387	0.01377	0.02181	0.01765	0.01951	0.01681	0.16981	0.05457	0.01246	0.01795	0.01478	0.07710	0.04974	0.01057	0.01532	0.00254	0.45359	0.00739	0.00348	0.00729
74	0.01561	0.35003	0.26131	0.01647	0.02333	0.01971	0.15170	0.05840	0.01440	0.01902	0.01078	0.01284	0.00854	0.00573	0.00549	0.00175	0.00839	0.00473	0.00300	0.00877
75	0.01840	0.06621	0.01900	0.01482	0.01870	0.15745	0.09083	0.17876	0.14466	0.05171	0.03219	0.06350	0.01650	0.01024	0.03478	0.00232	0.00788	0.05840	0.00507	0.00860

[dist]
# distance from previous block
# <min> <max>
0	17

# created by:
# /home/cegg/simao/soft/augustus-3.2.1/scripts/msa2prfl.pl ./align_prep/EOG090W0D2Y.fa
