[name]
unknown

[dist]
# distance from previous block
# <min> <max>
0	25

[block]
# block no. 0 follows, 33 sequences, length 40
# corresponding to MSA columns:
# 26-65
name=unknown_A
#
# <colnr> <probs for GDERKNQSTAVLIFYWHMCP>
#	G	D	E	R	K	N	Q	S	T	A	V	L	I	F	Y	W	H	M	C	P
0	0.01080	0.00794	0.01122	0.03520	0.01475	0.00823	0.01098	0.01381	0.01492	0.01948	0.03323	0.07043	0.03597	0.01760	0.00945	0.00300	0.03220	0.63880	0.00585	0.00614
1	0.10459	0.01559	0.01717	0.04004	0.04511	0.01713	0.01146	0.38365	0.13433	0.05558	0.01661	0.01720	0.01229	0.00901	0.02347	0.02710	0.00678	0.00585	0.00582	0.05123
2	0.00905	0.00611	0.00742	0.00797	0.00825	0.00590	0.00495	0.00934	0.01094	0.01444	0.02859	0.30140	0.07586	0.39177	0.02220	0.06848	0.00521	0.01283	0.00480	0.00449
3	0.01623	0.01542	0.02438	0.08090	0.57333	0.03620	0.01849	0.04559	0.04655	0.02184	0.01416	0.05144	0.01227	0.00684	0.00660	0.00201	0.00767	0.00649	0.00365	0.00994
4	0.01728	0.01741	0.07240	0.15283	0.39414	0.06882	0.05548	0.06123	0.01607	0.06217	0.01310	0.01642	0.01022	0.00631	0.00655	0.00201	0.00842	0.00583	0.00366	0.00966
5	0.01713	0.66316	0.08396	0.01305	0.01905	0.02458	0.06502	0.01990	0.01358	0.01629	0.00966	0.01134	0.00856	0.00567	0.00464	0.00152	0.00754	0.00394	0.00285	0.00857
6	0.00834	0.00598	0.00782	0.00899	0.00958	0.00559	0.00614	0.00972	0.01325	0.01772	0.10780	0.59474	0.06924	0.06277	0.00979	0.00282	0.00397	0.04424	0.00610	0.00540
7	0.01500	0.01264	0.02062	0.27363	0.25821	0.01374	0.03864	0.01862	0.01468	0.08576	0.07036	0.02264	0.05890	0.00795	0.00781	0.00214	0.05912	0.00694	0.00406	0.00854
8	0.01064	0.01035	0.04222	0.08153	0.01946	0.00951	0.16914	0.01392	0.03419	0.01863	0.05433	0.44764	0.03140	0.01473	0.00794	0.00247	0.00618	0.01393	0.00512	0.00668
9	0.00806	0.00581	0.00764	0.00902	0.00953	0.00539	0.00607	0.00930	0.01293	0.01720	0.06301	0.70686	0.07446	0.02019	0.00835	0.00263	0.00377	0.01825	0.00615	0.00539
10	0.01223	0.00800	0.00986	0.00994	0.01173	0.00779	0.00743	0.03976	0.07864	0.09859	0.07127	0.33158	0.12132	0.06359	0.00954	0.00273	0.00461	0.09833	0.00633	0.00674
11	0.01555	0.01602	0.05897	0.12865	0.55059	0.01573	0.04552	0.01964	0.01451	0.02061	0.01214	0.01631	0.01002	0.00621	0.00723	0.00204	0.04138	0.00588	0.00318	0.00980
12	0.01365	0.01170	0.01365	0.00975	0.01560	0.00878	0.00780	0.01658	0.01365	0.02145	0.01170	0.01365	0.00975	0.00488	0.00488	0.00098	0.00488	0.00390	0.00390	0.80888
13	0.01102	0.00819	0.01154	0.01147	0.01273	0.00906	0.00871	0.01281	0.01154	0.01665	0.01913	0.02833	0.01802	0.07630	0.69830	0.01049	0.01743	0.00759	0.00407	0.00662
14	0.01102	0.00821	0.01167	0.01160	0.01291	0.00913	0.00887	0.01289	0.01158	0.01675	0.01901	0.02768	0.01774	0.04932	0.72488	0.01065	0.01785	0.00750	0.00405	0.00670
15	0.01115	0.00719	0.00912	0.00949	0.01018	0.00671	0.00640	0.01040	0.01221	0.01621	0.04983	0.25338	0.12985	0.08383	0.04465	0.31157	0.00573	0.01182	0.00509	0.00519
16	0.01039	0.00786	0.00894	0.00871	0.01047	0.00697	0.00631	0.01203	0.01673	0.02219	0.33044	0.05635	0.32546	0.10755	0.01155	0.00297	0.00428	0.03753	0.00678	0.00648
17	0.02583	0.03193	0.01954	0.01782	0.02129	0.72486	0.01325	0.02706	0.01945	0.01756	0.01174	0.01404	0.00996	0.00779	0.00659	0.00198	0.01223	0.00475	0.00392	0.00841
18	0.00971	0.00803	0.00816	0.00812	0.01040	0.00686	0.00595	0.01143	0.03790	0.01945	0.06417	0.09567	0.65458	0.01738	0.00838	0.00252	0.00399	0.01419	0.00659	0.00653
19	0.01064	0.00743	0.00890	0.00956	0.01065	0.00668	0.00649	0.01148	0.01426	0.04489	0.07704	0.46503	0.17977	0.09904	0.01143	0.00318	0.00458	0.01613	0.00648	0.00634
20	0.01003	0.00726	0.00909	0.01033	0.01115	0.00666	0.00723	0.01099	0.01399	0.01856	0.03908	0.57459	0.10060	0.04524	0.00986	0.00307	0.00471	0.10482	0.00650	0.00624
21	0.02661	0.01874	0.02026	0.01578	0.02106	0.02016	0.01282	0.63601	0.03048	0.09715	0.01804	0.01840	0.01301	0.00890	0.00722	0.00226	0.00759	0.00645	0.00716	0.01188
22	0.00977	0.00736	0.00850	0.00915	0.01037	0.00652	0.00627	0.01069	0.01456	0.01889	0.08933	0.40509	0.28477	0.07209	0.01050	0.00300	0.00434	0.01610	0.00649	0.00621
23	0.07120	0.01870	0.01971	0.01556	0.02068	0.02042	0.01260	0.60461	0.07660	0.04067	0.01759	0.01817	0.01298	0.00885	0.00708	0.00228	0.00745	0.00637	0.00690	0.01159
24	0.01102	0.00821	0.01167	0.01160	0.01291	0.00913	0.00887	0.01289	0.01158	0.01675	0.01901	0.02768	0.01774	0.04932	0.72488	0.01065	0.01785	0.00750	0.00405	0.00670
25	0.00823	0.00650	0.00743	0.00769	0.00935	0.00570	0.00564	0.01013	0.01527	0.01946	0.19936	0.21157	0.41993	0.01688	0.00794	0.00231	0.00346	0.03115	0.00635	0.00566
26	0.01018	0.00712	0.00844	0.00840	0.00993	0.00672	0.00599	0.01305	0.06151	0.05302	0.21311	0.21557	0.20044	0.12313	0.01139	0.00286	0.00405	0.01294	0.02610	0.00605
27	0.02450	0.01176	0.01468	0.01172	0.01604	0.01123	0.00946	0.16063	0.03759	0.44547	0.04750	0.07840	0.03748	0.02997	0.00748	0.00219	0.00559	0.00782	0.03038	0.01011
28	0.01629	0.01564	0.02672	0.04041	0.72757	0.01564	0.02020	0.02020	0.01499	0.02151	0.01238	0.01629	0.01043	0.00587	0.00652	0.00196	0.00782	0.00587	0.00326	0.01043
29	0.01452	0.01383	0.02351	0.36846	0.41342	0.01517	0.01932	0.01865	0.01415	0.01935	0.01207	0.01687	0.00967	0.00620	0.00655	0.00207	0.00826	0.00586	0.00311	0.00899
30	0.01161	0.00862	0.01016	0.01017	0.01216	0.00878	0.00762	0.01791	0.20034	0.05612	0.12417	0.29128	0.13417	0.01528	0.00775	0.00241	0.00428	0.06350	0.00651	0.00717
31	0.01478	0.01226	0.01532	0.01215	0.04409	0.01030	0.03687	0.05783	0.04758	0.04490	0.01512	0.01682	0.03319	0.00737	0.03178	0.00160	0.00583	0.00493	0.00433	0.58297
32	0.11666	0.00808	0.00912	0.00852	0.01046	0.00797	0.00623	0.01350	0.01294	0.06240	0.11803	0.03879	0.11984	0.25369	0.09600	0.00435	0.00644	0.04230	0.00501	0.05966
33	0.00833	0.00641	0.00762	0.00791	0.00938	0.00570	0.00570	0.01029	0.01543	0.02018	0.26238	0.26528	0.31803	0.01684	0.00796	0.00231	0.00341	0.01469	0.00647	0.00570
34	0.01227	0.00614	0.00614	0.00614	0.00767	0.00614	0.00460	0.01534	0.01381	0.02454	0.02148	0.02454	0.01687	0.00767	0.00460	0.00153	0.00307	0.00614	0.80518	0.00614
35	0.02039	0.02254	0.06799	0.04427	0.04292	0.28850	0.03383	0.11812	0.14495	0.04310	0.01457	0.01596	0.01131	0.00780	0.00809	0.00205	0.09471	0.00555	0.00444	0.00893
36	0.00995	0.00926	0.05959	0.11873	0.01636	0.00881	0.00941	0.01224	0.01133	0.01552	0.02110	0.09636	0.05205	0.21180	0.31132	0.00665	0.01114	0.00871	0.00385	0.00582
37	0.00842	0.00624	0.00788	0.00856	0.00964	0.00570	0.00608	0.01027	0.01481	0.01976	0.23387	0.41347	0.17343	0.01782	0.00813	0.00243	0.00361	0.03778	0.00643	0.00565
38	0.01004	0.00688	0.00816	0.00796	0.00796	0.00727	0.00482	0.00992	0.00954	0.01288	0.01925	0.03946	0.02199	0.66319	0.03214	0.06451	0.05705	0.00904	0.00383	0.00412
39	0.05919	0.01390	0.03701	0.03610	0.01846	0.03542	0.06251	0.09580	0.06726	0.10652	0.02011	0.04389	0.07291	0.00808	0.00714	0.00183	0.05442	0.00651	0.00498	0.24794

[dist]
# distance from previous block
# <min> <max>
1	6

[block]
# block no. 1 follows, 33 sequences, length 58
# corresponding to MSA columns:
# 73-130
name=unknown_B
#
# <colnr> <probs for GDERKNQSTAVLIFYWHMCP>
#	G	D	E	R	K	N	Q	S	T	A	V	L	I	F	Y	W	H	M	C	P
0	0.01960	0.14474	0.17451	0.01591	0.05621	0.10387	0.01448	0.14643	0.07819	0.10248	0.01536	0.01695	0.01170	0.00717	0.00604	0.00188	0.00782	0.02240	0.00464	0.04962
1	0.01533	0.19988	0.25067	0.01721	0.05794	0.01649	0.10409	0.02082	0.05599	0.06220	0.05724	0.03908	0.01580	0.00782	0.00635	0.00202	0.00789	0.05026	0.00399	0.00893
2	0.01227	0.00614	0.00614	0.00614	0.00767	0.00614	0.00460	0.01534	0.01381	0.02454	0.02148	0.02454	0.01687	0.00767	0.00460	0.00153	0.00307	0.00614	0.80518	0.00614
3	0.01350	0.08426	0.68694	0.01825	0.02770	0.01602	0.02344	0.02077	0.01386	0.02048	0.01163	0.01367	0.00835	0.00621	0.00612	0.00204	0.00955	0.00477	0.00278	0.00964
4	0.00851	0.00596	0.00762	0.00875	0.00907	0.00569	0.00572	0.00943	0.01190	0.01586	0.03220	0.55298	0.03825	0.21497	0.01495	0.00365	0.00456	0.03934	0.00556	0.00502
5	0.01793	0.64034	0.08928	0.01243	0.01817	0.09553	0.01246	0.02045	0.01394	0.01598	0.00947	0.01096	0.00844	0.00580	0.00456	0.00149	0.00773	0.00370	0.00287	0.00847
6	0.38548	0.09208	0.01615	0.01161	0.01617	0.01771	0.00982	0.28391	0.01926	0.03219	0.01312	0.01609	0.01050	0.00741	0.00533	0.00200	0.00617	0.04122	0.00502	0.00878
7	0.01255	0.01182	0.01996	0.73135	0.06590	0.01466	0.01834	0.01692	0.01322	0.01696	0.01172	0.01751	0.00883	0.00656	0.00658	0.00219	0.00875	0.00585	0.00294	0.00741
8	0.01320	0.03405	0.73453	0.01876	0.02849	0.01529	0.02432	0.02085	0.01390	0.02085	0.01181	0.01390	0.00834	0.00625	0.00625	0.00208	0.00973	0.00486	0.00278	0.00973
9	0.01851	0.01449	0.01556	0.01321	0.01722	0.01618	0.01049	0.23294	0.40908	0.05346	0.07272	0.02533	0.05257	0.00926	0.00678	0.00214	0.00560	0.00756	0.00672	0.01017
10	0.01343	0.07138	0.69915	0.01838	0.02791	0.01583	0.02366	0.02079	0.01387	0.02058	0.01168	0.01373	0.00834	0.00622	0.00615	0.00205	0.00959	0.00480	0.00278	0.00966
11	0.00840	0.00715	0.00729	0.00726	0.00950	0.00631	0.00543	0.01123	0.06414	0.01843	0.06251	0.09241	0.64447	0.01631	0.00773	0.00224	0.00349	0.01366	0.00615	0.00589
12	0.00802	0.00573	0.00764	0.00917	0.00955	0.00535	0.00611	0.00917	0.01260	0.01681	0.03628	0.76434	0.04354	0.02062	0.00840	0.00267	0.00382	0.01872	0.00611	0.00535
13	0.00957	0.00638	0.00718	0.00718	0.00718	0.00638	0.00399	0.00957	0.00957	0.01276	0.02074	0.04308	0.02393	0.76864	0.03351	0.00638	0.00638	0.00957	0.00399	0.00399
14	0.00957	0.00638	0.00718	0.00718	0.00718	0.00638	0.00399	0.00957	0.00957	0.01276	0.02074	0.04308	0.02393	0.76864	0.03351	0.00638	0.00638	0.00957	0.00399	0.00399
15	0.00802	0.00573	0.00764	0.00917	0.00955	0.00535	0.00611	0.00917	0.01260	0.01681	0.03628	0.76434	0.04354	0.02062	0.00840	0.00267	0.00382	0.01872	0.00611	0.00535
16	0.00868	0.00653	0.00816	0.00905	0.01034	0.00601	0.00685	0.01061	0.01448	0.01869	0.11077	0.33028	0.24215	0.01822	0.00832	0.00257	0.00414	0.17228	0.00621	0.00566
17	0.00778	0.00667	0.00667	0.00667	0.00889	0.00556	0.00500	0.00945	0.01501	0.01778	0.06669	0.06336	0.72490	0.01667	0.00778	0.00222	0.00333	0.01389	0.00611	0.00556
18	0.00926	0.00673	0.00872	0.00823	0.00980	0.00619	0.00617	0.01232	0.01851	0.02610	0.70088	0.04968	0.08552	0.01357	0.00777	0.00208	0.00311	0.01198	0.00721	0.00619
19	0.00862	0.00670	0.00783	0.00755	0.00941	0.00591	0.00566	0.01107	0.01699	0.02248	0.42532	0.05562	0.36334	0.01492	0.00777	0.00214	0.00321	0.01281	0.00673	0.00591
20	0.01257	0.00850	0.01137	0.01205	0.01405	0.00856	0.01036	0.04733	0.04370	0.06469	0.07538	0.06494	0.03614	0.01645	0.00865	0.00283	0.00587	0.54345	0.00631	0.00679
21	0.00800	0.00655	0.00697	0.00725	0.00907	0.00563	0.00531	0.00956	0.01441	0.01748	0.05904	0.16514	0.56950	0.05187	0.00910	0.00251	0.00364	0.03750	0.00601	0.00547
22	0.01243	0.01170	0.01975	0.75282	0.04534	0.01463	0.01828	0.01682	0.01316	0.01682	0.01170	0.01755	0.00878	0.00658	0.00658	0.00219	0.00878	0.00585	0.00293	0.00731
23	0.01927	0.01491	0.01602	0.01368	0.01785	0.01682	0.01084	0.18741	0.51086	0.08023	0.02424	0.02242	0.01780	0.00864	0.00667	0.00216	0.00570	0.00704	0.00677	0.01065
24	0.01256	0.01183	0.01998	0.72907	0.06808	0.01466	0.01835	0.01693	0.01322	0.01698	0.01172	0.01751	0.00883	0.00656	0.00658	0.00219	0.00874	0.00585	0.00294	0.00742
25	0.01629	0.01564	0.02672	0.04041	0.72757	0.01564	0.02020	0.02020	0.01499	0.02151	0.01238	0.01629	0.01043	0.00587	0.00652	0.00196	0.00782	0.00587	0.00326	0.01043
26	0.02142	0.01372	0.01556	0.01307	0.01739	0.01476	0.01043	0.10972	0.42303	0.24694	0.02530	0.02291	0.01792	0.00857	0.00666	0.00214	0.00556	0.00702	0.00713	0.01075
27	0.75894	0.01308	0.01173	0.01000	0.01425	0.01490	0.05608	0.01947	0.01151	0.02894	0.00946	0.01119	0.00733	0.00607	0.00433	0.00205	0.00551	0.00386	0.00402	0.00725
28	0.02451	0.01876	0.01971	0.04406	0.02139	0.05292	0.01275	0.64790	0.02970	0.03937	0.01539	0.01570	0.01098	0.00780	0.00656	0.00197	0.00751	0.00585	0.00630	0.01088
29	0.00932	0.00673	0.00880	0.00828	0.00984	0.00621	0.00621	0.01242	0.01863	0.02640	0.72410	0.04918	0.06212	0.01346	0.00776	0.00207	0.00311	0.01191	0.00725	0.00621
30	0.01808	0.01684	0.01572	0.01401	0.01778	0.11895	0.01088	0.07592	0.57437	0.02681	0.02376	0.02222	0.01790	0.00856	0.00658	0.00214	0.00628	0.00690	0.00623	0.01008
31	0.01061	0.00758	0.01061	0.01212	0.01364	0.00758	0.01061	0.01364	0.01515	0.01970	0.03486	0.07426	0.03789	0.01819	0.00909	0.00303	0.00606	0.68326	0.00606	0.00606
32	0.00798	0.00663	0.00697	0.00699	0.00904	0.00563	0.00520	0.00979	0.01532	0.01877	0.14404	0.09708	0.61093	0.01649	0.00781	0.00223	0.00333	0.01390	0.00625	0.00563
33	0.02468	0.02863	0.01889	0.01657	0.02037	0.58895	0.01268	0.17053	0.02127	0.02150	0.01137	0.01271	0.00906	0.00702	0.00607	0.00176	0.01089	0.00460	0.00407	0.00839
34	0.00940	0.00705	0.01058	0.01058	0.01176	0.00823	0.00823	0.01176	0.01058	0.01528	0.01763	0.02586	0.01646	0.04937	0.74255	0.01058	0.01763	0.00705	0.00353	0.00588
35	0.00812	0.00582	0.00756	0.00891	0.00935	0.00543	0.00591	0.00921	0.01250	0.01657	0.03657	0.68187	0.07306	0.07302	0.01014	0.00291	0.00398	0.01785	0.00596	0.00526
36	0.02266	0.01667	0.01798	0.01439	0.01918	0.01850	0.01169	0.45757	0.24007	0.08078	0.01982	0.01891	0.01425	0.00823	0.00662	0.00206	0.00652	0.00644	0.00672	0.01096
37	0.02546	0.01774	0.01932	0.01481	0.02007	0.01937	0.01224	0.64029	0.02978	0.10848	0.01679	0.01645	0.01169	0.00793	0.00659	0.00198	0.00708	0.00599	0.00674	0.01120
38	0.02503	0.01844	0.01976	0.01515	0.02042	0.02042	0.01251	0.70562	0.03095	0.04149	0.01581	0.01581	0.01120	0.00790	0.00659	0.00198	0.00724	0.00593	0.00659	0.01120
39	0.00957	0.00638	0.00718	0.00718	0.00718	0.00638	0.00399	0.00957	0.00957	0.01276	0.02074	0.04308	0.02393	0.76864	0.03351	0.00638	0.00638	0.00957	0.00399	0.00399
40	0.00918	0.00699	0.00854	0.00869	0.01031	0.00654	0.00656	0.01233	0.05078	0.02184	0.32686	0.18433	0.22059	0.01584	0.00797	0.00233	0.00371	0.08393	0.00660	0.00608
41	0.00940	0.00705	0.01058	0.01058	0.01176	0.00823	0.00823	0.01176	0.01058	0.01528	0.01763	0.02586	0.01646	0.04937	0.74255	0.01058	0.01763	0.00705	0.00353	0.00588
42	0.01704	0.01400	0.01442	0.01292	0.01655	0.03950	0.01005	0.03316	0.60688	0.06359	0.02582	0.02403	0.01928	0.00873	0.00652	0.00216	0.00530	0.00720	0.06278	0.01007
43	0.01629	0.01564	0.02672	0.04041	0.72757	0.01564	0.02020	0.02020	0.01499	0.02151	0.01238	0.01629	0.01043	0.00587	0.00652	0.00196	0.00782	0.00587	0.00326	0.01043
44	0.00942	0.00676	0.00844	0.00810	0.00980	0.00610	0.00604	0.01208	0.01746	0.04185	0.52164	0.10291	0.19594	0.01450	0.00778	0.00214	0.00327	0.01267	0.00695	0.00614
45	0.02887	0.01135	0.01526	0.01180	0.01682	0.01001	0.00971	0.03223	0.05406	0.69652	0.02601	0.02252	0.01649	0.00819	0.00662	0.00205	0.00558	0.00666	0.00807	0.01116
46	0.02361	0.02970	0.01809	0.01662	0.01988	0.69058	0.01257	0.02540	0.01841	0.01636	0.01191	0.01626	0.01055	0.00759	0.00616	0.00179	0.01146	0.05196	0.00358	0.00752
47	0.03796	0.00674	0.00870	0.00973	0.01076	0.00652	0.00708	0.01190	0.03170	0.04261	0.08835	0.53072	0.04132	0.01846	0.00820	0.00263	0.00425	0.12025	0.00620	0.00591
48	0.06766	0.00705	0.00713	0.00713	0.00930	0.00627	0.00533	0.01038	0.01482	0.01923	0.10975	0.11143	0.57020	0.01595	0.00755	0.00223	0.00348	0.01334	0.00605	0.00571
49	0.00802	0.00573	0.00764	0.00917	0.00955	0.00535	0.00611	0.00917	0.01260	0.01681	0.03628	0.76434	0.04354	0.02062	0.00840	0.00267	0.00382	0.01872	0.00611	0.00535
50	0.01144	0.00572	0.00858	0.00858	0.00858	0.00572	0.00572	0.00858	0.00858	0.01144	0.01144	0.02001	0.01144	0.02287	0.02573	0.80846	0.00572	0.00572	0.00286	0.00286
51	0.01212	0.00698	0.00829	0.00793	0.00863	0.00675	0.00490	0.01254	0.01102	0.10892	0.02254	0.09153	0.02431	0.61419	0.02814	0.00554	0.00610	0.00983	0.00469	0.00505
52	0.01144	0.00953	0.01379	0.01255	0.01437	0.03092	0.05778	0.05516	0.01237	0.01733	0.01659	0.02376	0.01510	0.04083	0.59217	0.00886	0.05035	0.00690	0.00367	0.00652
53	0.02845	0.01328	0.01631	0.01258	0.01766	0.03205	0.01036	0.17372	0.02139	0.56707	0.02340	0.02073	0.01501	0.00806	0.00659	0.00201	0.00612	0.00641	0.00769	0.01110
54	0.01760	0.77260	0.03450	0.01126	0.01690	0.02605	0.01126	0.01971	0.01338	0.01549	0.00915	0.01056	0.00845	0.00563	0.00422	0.00141	0.00704	0.00352	0.00282	0.00845
55	0.00910	0.00667	0.00751	0.00744	0.00887	0.00608	0.00518	0.01049	0.01366	0.03464	0.12908	0.08854	0.35904	0.23344	0.04848	0.00379	0.00491	0.01217	0.00557	0.00533
56	0.01219	0.01140	0.01860	0.49223	0.06919	0.01373	0.03636	0.01583	0.01326	0.01749	0.04400	0.08703	0.04653	0.00900	0.00841	0.00229	0.08408	0.00765	0.00355	0.00720
57	0.04660	0.00718	0.00971	0.01080	0.01204	0.00740	0.00867	0.01223	0.01331	0.01842	0.03058	0.26000	0.03374	0.02468	0.15801	0.00442	0.00773	0.32315	0.00547	0.00587

[dist]
# distance from previous block
# <min> <max>
0	27

[block]
# block no. 2 follows, 33 sequences, length 22
# corresponding to MSA columns:
# 158-179
name=unknown_C
#
# <colnr> <probs for GDERKNQSTAVLIFYWHMCP>
#	G	D	E	R	K	N	Q	S	T	A	V	L	I	F	Y	W	H	M	C	P
0	0.00826	0.00588	0.00776	0.00896	0.00946	0.00551	0.00601	0.00958	0.01317	0.01775	0.11860	0.63994	0.04475	0.05913	0.00965	0.00280	0.00387	0.01741	0.00614	0.00538
1	0.08936	0.00780	0.00859	0.00824	0.01001	0.00796	0.00610	0.03802	0.05225	0.02452	0.26596	0.11578	0.03521	0.07708	0.00876	0.00237	0.00390	0.00966	0.22205	0.00638
2	0.45078	0.01261	0.01264	0.01035	0.01491	0.01328	0.00854	0.07998	0.01573	0.29895	0.01613	0.01558	0.01096	0.00703	0.00525	0.00203	0.00546	0.00492	0.00583	0.00902
3	0.00873	0.00640	0.00832	0.00963	0.01040	0.00616	0.00685	0.01095	0.04530	0.01772	0.03706	0.60761	0.07311	0.01959	0.00839	0.00268	0.00416	0.10514	0.00613	0.00568
4	0.00848	0.00624	0.00762	0.00828	0.00938	0.00569	0.00584	0.01018	0.01425	0.01892	0.16525	0.38450	0.21375	0.05231	0.00918	0.00260	0.00373	0.03489	0.03337	0.00554
5	0.00831	0.00587	0.00761	0.00883	0.00919	0.00554	0.00579	0.00935	0.01236	0.01654	0.05914	0.62706	0.04120	0.13551	0.01224	0.00322	0.00419	0.01706	0.00583	0.00517
6	0.01420	0.01203	0.01395	0.01001	0.01583	0.00934	0.00803	0.04974	0.01448	0.02242	0.01190	0.01375	0.00982	0.00502	0.00496	0.00102	0.00499	0.00400	0.00403	0.77049
7	0.01320	0.03405	0.73453	0.01876	0.02849	0.01529	0.02432	0.02085	0.01390	0.02085	0.01181	0.01390	0.00834	0.00625	0.00625	0.00208	0.00973	0.00486	0.00278	0.00973
8	0.01365	0.01170	0.01365	0.00975	0.01560	0.00878	0.00780	0.01658	0.01365	0.02145	0.01170	0.01365	0.00975	0.00488	0.00488	0.00098	0.00488	0.00390	0.00390	0.80888
9	0.01786	0.01447	0.01542	0.01351	0.01746	0.01651	0.01061	0.10620	0.61266	0.05953	0.02559	0.02354	0.01898	0.00879	0.00668	0.00220	0.00544	0.00725	0.00675	0.01054
10	0.00940	0.00704	0.01050	0.01047	0.01167	0.00814	0.00814	0.01179	0.01095	0.01579	0.05013	0.02693	0.01856	0.04772	0.70875	0.01019	0.01697	0.00728	0.00370	0.00589
11	0.01994	0.01676	0.02383	0.09798	0.07621	0.01798	0.16532	0.36410	0.07525	0.03132	0.01592	0.01870	0.01201	0.00746	0.00692	0.00210	0.00811	0.02484	0.00524	0.01002
12	0.78076	0.04549	0.01075	0.00877	0.01291	0.01525	0.00731	0.01937	0.01130	0.02893	0.00917	0.01069	0.00719	0.00609	0.00408	0.00201	0.00518	0.00356	0.00402	0.00719
13	0.01365	0.01170	0.01365	0.00975	0.01560	0.00878	0.00780	0.01658	0.01365	0.02145	0.01170	0.01365	0.00975	0.00488	0.00488	0.00098	0.00488	0.00390	0.00390	0.80888
14	0.01520	0.18536	0.49715	0.01742	0.02568	0.05600	0.05192	0.04286	0.01466	0.02016	0.01137	0.01334	0.00854	0.00617	0.00590	0.00193	0.00927	0.00472	0.00297	0.00936
15	0.02050	0.02386	0.02020	0.08601	0.12183	0.41793	0.01457	0.04673	0.01653	0.01779	0.01054	0.01360	0.00891	0.00754	0.00895	0.00200	0.14617	0.00495	0.00335	0.00805
16	0.00878	0.00671	0.00806	0.00772	0.00951	0.00598	0.00579	0.01139	0.01737	0.02340	0.49522	0.05411	0.29287	0.01458	0.00777	0.00212	0.00319	0.01260	0.00685	0.00598
17	0.01161	0.00979	0.01044	0.00979	0.01250	0.01019	0.00748	0.02058	0.30997	0.02302	0.13784	0.06714	0.31763	0.01311	0.00734	0.00222	0.00411	0.01106	0.00651	0.00768
18	0.00940	0.00705	0.01058	0.01058	0.01176	0.00823	0.00823	0.01176	0.01058	0.01528	0.01763	0.02586	0.01646	0.04937	0.74255	0.01058	0.01763	0.00705	0.00353	0.00588
19	0.00920	0.00622	0.00729	0.00766	0.00776	0.00613	0.00450	0.00947	0.01031	0.01375	0.02452	0.21834	0.02870	0.58688	0.02741	0.00548	0.00576	0.01179	0.00450	0.00432
20	0.01252	0.01183	0.01977	0.71834	0.04403	0.01489	0.01810	0.01677	0.01302	0.01677	0.01156	0.01740	0.00877	0.00681	0.00729	0.00223	0.04383	0.00585	0.00292	0.00731
21	0.29885	0.10535	0.01703	0.01240	0.01668	0.09346	0.04512	0.04577	0.17553	0.08836	0.01587	0.03301	0.01234	0.00732	0.00549	0.00199	0.00646	0.00543	0.00490	0.00863

[dist]
# distance from previous block
# <min> <max>
0	1

[block]
# block no. 3 follows, 33 sequences, length 7
# corresponding to MSA columns:
# 181-187
name=unknown_D
#
# <colnr> <probs for GDERKNQSTAVLIFYWHMCP>
#	G	D	E	R	K	N	Q	S	T	A	V	L	I	F	Y	W	H	M	C	P
0	0.04688	0.04424	0.02638	0.02105	0.06759	0.19729	0.27746	0.07304	0.06312	0.07160	0.03710	0.01737	0.01236	0.00673	0.00676	0.00201	0.00945	0.00639	0.00427	0.00893
1	0.54639	0.01308	0.01170	0.01001	0.01411	0.01470	0.00817	0.12085	0.05291	0.07287	0.06833	0.01591	0.01329	0.00722	0.00502	0.00204	0.00529	0.00496	0.00508	0.00807
2	0.00841	0.00592	0.00763	0.00873	0.00911	0.00560	0.00571	0.00947	0.01243	0.01668	0.08012	0.57720	0.04104	0.16373	0.01318	0.00334	0.00426	0.01650	0.00578	0.00515
3	0.01461	0.15373	0.41853	0.02006	0.02823	0.01749	0.21564	0.02073	0.01428	0.02001	0.01179	0.01444	0.00883	0.00595	0.00634	0.00201	0.00967	0.00547	0.00294	0.00927
4	0.01466	0.27888	0.50247	0.01628	0.02465	0.01886	0.01999	0.02047	0.01373	0.01907	0.01093	0.01279	0.00838	0.00605	0.00558	0.00186	0.00884	0.00442	0.00279	0.00930
5	0.01320	0.03405	0.73453	0.01876	0.02849	0.01529	0.02432	0.02085	0.01390	0.02085	0.01181	0.01390	0.00834	0.00625	0.00625	0.00208	0.00973	0.00486	0.00278	0.00973
6	0.00818	0.00592	0.00778	0.00921	0.00979	0.00551	0.00635	0.00949	0.01293	0.01707	0.03815	0.67167	0.08710	0.02020	0.00841	0.00267	0.00394	0.06411	0.00611	0.00541

[dist]
# distance from previous block
# <min> <max>
1	2

[block]
# block no. 4 follows, 33 sequences, length 108
# corresponding to MSA columns:
# 190-297
name=unknown_E
#
# <colnr> <probs for GDERKNQSTAVLIFYWHMCP>
#	G	D	E	R	K	N	Q	S	T	A	V	L	I	F	Y	W	H	M	C	P
0	0.01838	0.62552	0.03156	0.01228	0.01739	0.07573	0.01164	0.06422	0.01468	0.01723	0.00962	0.01123	0.00864	0.00622	0.00556	0.00155	0.05308	0.00386	0.00310	0.00849
1	0.01598	0.01512	0.02290	0.13852	0.45786	0.03589	0.01758	0.03739	0.13153	0.02203	0.01590	0.01876	0.02762	0.00679	0.00657	0.00204	0.00753	0.00626	0.00392	0.00980
2	0.01526	0.04217	0.02251	0.38645	0.21981	0.09071	0.04651	0.02008	0.05714	0.01877	0.01262	0.01682	0.00991	0.00648	0.00647	0.00205	0.00866	0.00578	0.00330	0.00846
3	0.03880	0.00849	0.00984	0.00991	0.04061	0.00833	0.00709	0.01563	0.12958	0.02357	0.33345	0.04728	0.27614	0.01324	0.00742	0.00214	0.00379	0.01131	0.00650	0.00688
4	0.01652	0.01399	0.01348	0.01195	0.01507	0.11433	0.00926	0.09436	0.23696	0.06959	0.20443	0.03066	0.07426	0.01155	0.03297	0.00236	0.00611	0.00831	0.02537	0.00849
5	0.01144	0.00572	0.00858	0.00858	0.00858	0.00572	0.00572	0.00858	0.00858	0.01144	0.01144	0.02001	0.01144	0.02287	0.02573	0.80846	0.00572	0.00572	0.00286	0.00286
6	0.00803	0.00585	0.00752	0.00884	0.00942	0.00540	0.00594	0.00921	0.01280	0.01682	0.03927	0.66945	0.11833	0.03830	0.00894	0.00271	0.00383	0.01796	0.00606	0.00534
7	0.00890	0.00671	0.00822	0.00784	0.00958	0.00603	0.00588	0.01161	0.01764	0.02405	0.54477	0.05304	0.24291	0.01434	0.00777	0.00211	0.00317	0.01245	0.00694	0.00603
8	0.01914	0.01201	0.04605	0.01132	0.01517	0.01143	0.00938	0.02790	0.27105	0.25327	0.07823	0.02526	0.02093	0.00866	0.00633	0.00202	0.00497	0.00715	0.16023	0.00950
9	0.00947	0.00636	0.00730	0.00740	0.00745	0.00637	0.00424	0.00961	0.00979	0.01308	0.02160	0.08656	0.02492	0.70300	0.05173	0.00627	0.00654	0.01006	0.00411	0.00412
10	0.00940	0.00705	0.01058	0.01058	0.01176	0.00823	0.00823	0.01176	0.01058	0.01528	0.01763	0.02586	0.01646	0.04937	0.74255	0.01058	0.01763	0.00705	0.00353	0.00588
11	0.01718	0.01396	0.01491	0.01329	0.01710	0.01597	0.01037	0.03481	0.67320	0.07049	0.02674	0.02443	0.01986	0.00888	0.00669	0.00222	0.00523	0.00739	0.00679	0.01047
12	0.01924	0.00934	0.01234	0.01052	0.01385	0.00858	0.00845	0.02307	0.06293	0.35258	0.29862	0.03732	0.03619	0.01111	0.00728	0.00215	0.00464	0.06550	0.00753	0.00878
13	0.01144	0.00572	0.00858	0.00858	0.00858	0.00572	0.00572	0.00858	0.00858	0.01144	0.01144	0.02001	0.01144	0.02287	0.02573	0.80846	0.00572	0.00572	0.00286	0.00286
14	0.02402	0.02882	0.01888	0.01677	0.02017	0.61335	0.01280	0.10551	0.01958	0.01908	0.01074	0.01249	0.00881	0.00720	0.00697	0.00180	0.05672	0.00453	0.00374	0.00802
15	0.01365	0.01170	0.01365	0.00975	0.01560	0.00878	0.00780	0.01658	0.01365	0.02145	0.01170	0.01365	0.00975	0.00488	0.00488	0.00098	0.00488	0.00390	0.00390	0.80888
16	0.02784	0.01392	0.01652	0.01283	0.01786	0.04296	0.01053	0.19928	0.04126	0.51115	0.02281	0.02039	0.01481	0.00805	0.00659	0.00201	0.00626	0.00637	0.00752	0.01103
17	0.01227	0.00614	0.00614	0.00614	0.00767	0.00614	0.00460	0.01534	0.01381	0.02454	0.02148	0.02454	0.01687	0.00767	0.00460	0.00153	0.00307	0.00614	0.80518	0.00614
18	0.01023	0.00812	0.00941	0.00882	0.01058	0.03783	0.00663	0.01394	0.05158	0.02562	0.63043	0.04708	0.08841	0.01311	0.00764	0.00207	0.00359	0.01146	0.00701	0.00644
19	0.02280	0.06189	0.01875	0.01598	0.01961	0.54758	0.01223	0.05578	0.14532	0.01921	0.01338	0.01428	0.01070	0.00717	0.00602	0.00179	0.01025	0.00486	0.00410	0.00832
20	0.00952	0.00636	0.00720	0.00725	0.00726	0.00635	0.00406	0.00956	0.00968	0.01291	0.02129	0.06862	0.02463	0.74215	0.03262	0.00625	0.00629	0.00990	0.00406	0.00404
21	0.02954	0.01120	0.01528	0.01171	0.01681	0.00968	0.00968	0.03208	0.01884	0.73213	0.02597	0.02241	0.01630	0.00815	0.00662	0.00204	0.00560	0.00662	0.00815	0.01120
22	0.01393	0.01186	0.01380	0.00988	0.01572	0.00906	0.00791	0.03326	0.01407	0.02194	0.01180	0.01370	0.00979	0.00495	0.00492	0.00100	0.00493	0.00395	0.00397	0.78957
23	0.00923	0.00745	0.00830	0.00796	0.01008	0.00690	0.00601	0.01315	0.08718	0.02202	0.31061	0.05409	0.40370	0.01468	0.00767	0.00217	0.00344	0.01249	0.00660	0.00630
24	0.00956	0.00645	0.00753	0.00753	0.00765	0.00657	0.00443	0.00980	0.00968	0.01303	0.02042	0.04130	0.02316	0.69428	0.10681	0.00682	0.00755	0.00931	0.00394	0.00418
25	0.02753	0.01443	0.01727	0.01324	0.01842	0.01446	0.01094	0.33240	0.02424	0.42419	0.02144	0.01946	0.01402	0.00804	0.00660	0.00201	0.00633	0.00631	0.00745	0.01120
26	0.01452	0.02448	0.34304	0.04657	0.12407	0.01586	0.29389	0.02074	0.01467	0.02091	0.01248	0.01586	0.00929	0.00593	0.00690	0.00212	0.00999	0.00618	0.00307	0.00941
27	0.00801	0.00579	0.00758	0.00902	0.00951	0.00536	0.00604	0.00918	0.01275	0.01686	0.03811	0.72218	0.08452	0.02039	0.00837	0.00265	0.00379	0.01843	0.00611	0.00536
28	0.02503	0.01844	0.01976	0.01515	0.02042	0.02042	0.01251	0.70562	0.03095	0.04149	0.01581	0.01581	0.01120	0.00790	0.00659	0.00198	0.00724	0.00593	0.00659	0.01120
29	0.07722	0.01555	0.01541	0.01283	0.01692	0.15323	0.01024	0.06011	0.08169	0.36476	0.04895	0.02046	0.01591	0.01003	0.04078	0.00241	0.03136	0.00621	0.00633	0.00959
30	0.01515	0.09874	0.52227	0.01995	0.09943	0.01685	0.02147	0.09142	0.01573	0.02255	0.01204	0.01404	0.00886	0.00633	0.00613	0.00200	0.00903	0.00495	0.00323	0.00984
31	0.00943	0.00696	0.01011	0.01011	0.01112	0.00797	0.00764	0.01145	0.01044	0.01493	0.01806	0.02824	0.01749	0.14864	0.64470	0.01000	0.01608	0.00740	0.00359	0.00562
32	0.06377	0.08516	0.01771	0.01329	0.01654	0.14179	0.01090	0.05461	0.01614	0.23007	0.04928	0.01817	0.01399	0.00854	0.00942	0.00207	0.17495	0.00575	0.05922	0.00863
33	0.00919	0.00672	0.00854	0.00965	0.01041	0.00657	0.00661	0.04004	0.05092	0.01842	0.03491	0.69315	0.04092	0.01946	0.00823	0.00262	0.00404	0.01757	0.00616	0.00587
34	0.03252	0.38162	0.33639	0.01448	0.02186	0.02018	0.01671	0.03646	0.01399	0.01902	0.01059	0.01229	0.00850	0.00593	0.00519	0.00171	0.00807	0.00418	0.00297	0.04735
35	0.02293	0.02858	0.01790	0.01635	0.01949	0.64645	0.01230	0.02523	0.04261	0.01649	0.01179	0.03440	0.01023	0.00918	0.03762	0.00215	0.03021	0.00492	0.00358	0.00758
36	0.00828	0.00584	0.00756	0.00883	0.00915	0.00552	0.00575	0.00924	0.01209	0.01612	0.03365	0.64221	0.04022	0.14729	0.01265	0.00330	0.00425	0.01717	0.00575	0.00512
37	0.04896	0.01508	0.02550	0.13062	0.58760	0.01551	0.04133	0.01976	0.01461	0.02122	0.01219	0.01627	0.01006	0.00596	0.00646	0.00200	0.00794	0.00583	0.00325	0.00984
38	0.00957	0.00638	0.00718	0.00718	0.00718	0.00638	0.00399	0.00957	0.00957	0.01276	0.02074	0.04308	0.02393	0.76864	0.03351	0.00638	0.00638	0.00957	0.00399	0.00399
39	0.81514	0.01273	0.00968	0.00866	0.01273	0.01477	0.00713	0.01935	0.01120	0.02954	0.00917	0.01069	0.00713	0.00611	0.00407	0.00204	0.00509	0.00356	0.00407	0.00713
40	0.01629	0.01564	0.02672	0.04041	0.72757	0.01564	0.02020	0.02020	0.01499	0.02151	0.01238	0.01629	0.01043	0.00587	0.00652	0.00196	0.00782	0.00587	0.00326	0.01043
41	0.00855	0.00662	0.00782	0.00790	0.00959	0.00589	0.00591	0.01077	0.01608	0.02103	0.31030	0.15039	0.34727	0.01605	0.00793	0.00227	0.00346	0.04986	0.00654	0.00581
42	0.01760	0.77260	0.03450	0.01126	0.01690	0.02605	0.01126	0.01971	0.01338	0.01549	0.00915	0.01056	0.00845	0.00563	0.00422	0.00141	0.00704	0.00352	0.00282	0.00845
43	0.00847	0.00670	0.00763	0.00739	0.00932	0.00585	0.00555	0.01079	0.01664	0.02166	0.36229	0.05698	0.42688	0.01523	0.00777	0.00215	0.00323	0.01300	0.00662	0.00585
44	0.81514	0.01273	0.00968	0.00866	0.01273	0.01477	0.00713	0.01935	0.01120	0.02954	0.00917	0.01069	0.00713	0.00611	0.00407	0.00204	0.00509	0.00356	0.00407	0.00713
45	0.01243	0.01170	0.01975	0.75282	0.04534	0.01463	0.01828	0.01682	0.01316	0.01682	0.01170	0.01755	0.00878	0.00658	0.00658	0.00219	0.00878	0.00585	0.00293	0.00731
46	0.00949	0.00699	0.00980	0.00982	0.01062	0.00790	0.00720	0.01115	0.01045	0.01477	0.01936	0.07698	0.01984	0.22551	0.50048	0.00883	0.03323	0.00839	0.00379	0.00541
47	0.01434	0.01211	0.01402	0.01008	0.01589	0.00949	0.00809	0.05858	0.01471	0.02267	0.01195	0.01378	0.00984	0.00506	0.00498	0.00104	0.00502	0.00402	0.00406	0.76026
48	0.01676	0.52454	0.21762	0.01416	0.03711	0.03925	0.01498	0.03727	0.01411	0.01770	0.01012	0.01174	0.00854	0.00588	0.00491	0.00162	0.00788	0.00401	0.00292	0.00888
49	0.02276	0.04042	0.01403	0.01065	0.01472	0.00942	0.00868	0.02573	0.03300	0.48069	0.19985	0.03052	0.06059	0.00978	0.00686	0.00203	0.00493	0.00816	0.00759	0.00958
50	0.32197	0.01177	0.01319	0.01058	0.01529	0.01157	0.00873	0.02734	0.01600	0.47059	0.01972	0.01805	0.01288	0.00739	0.00567	0.00204	0.00541	0.00548	0.00663	0.00969
51	0.01781	0.01517	0.08311	0.10334	0.25716	0.01340	0.10802	0.02225	0.03155	0.18089	0.08476	0.02117	0.01656	0.00725	0.00682	0.00206	0.00751	0.00682	0.00475	0.00959
52	0.01577	0.01509	0.02550	0.03835	0.68377	0.01503	0.01928	0.01955	0.01499	0.02128	0.01569	0.01916	0.05398	0.00652	0.00659	0.00197	0.00755	0.00636	0.00343	0.01013
53	0.01016	0.00813	0.01192	0.01149	0.01245	0.00996	0.00903	0.01231	0.01048	0.01529	0.01638	0.02464	0.01550	0.06419	0.61447	0.00931	0.12789	0.00693	0.00344	0.00602
54	0.01465	0.01499	0.01972	0.29680	0.05754	0.09666	0.01568	0.01737	0.01242	0.01646	0.01049	0.01587	0.00907	0.01044	0.04300	0.00277	0.33003	0.00569	0.00300	0.00737
55	0.00843	0.00669	0.00757	0.00735	0.00929	0.00583	0.00551	0.01071	0.01654	0.02143	0.34453	0.05736	0.44479	0.01531	0.00777	0.00216	0.00324	0.01305	0.00659	0.00583
56	0.02430	0.02287	0.02054	0.01654	0.02125	0.26948	0.05471	0.42927	0.02577	0.03148	0.01371	0.01457	0.01018	0.00737	0.00643	0.00189	0.00908	0.00546	0.00528	0.00982
57	0.01760	0.77260	0.03450	0.01126	0.01690	0.02605	0.01126	0.01971	0.01338	0.01549	0.00915	0.01056	0.00845	0.00563	0.00422	0.00141	0.00704	0.00352	0.00282	0.00845
58	0.15912	0.01617	0.01725	0.01343	0.01847	0.01753	0.01109	0.46839	0.02544	0.16402	0.01652	0.01613	0.01143	0.00764	0.00617	0.00200	0.00659	0.00565	0.00644	0.01051
59	0.02445	0.01678	0.01853	0.01413	0.01944	0.01778	0.01165	0.54449	0.02755	0.13165	0.01674	0.01646	0.01173	0.00762	0.00641	0.00188	0.00678	0.00581	0.00652	0.09360
60	0.01157	0.00898	0.01117	0.01212	0.05350	0.00935	0.00841	0.03871	0.16395	0.02100	0.10237	0.25671	0.03383	0.12602	0.01161	0.00305	0.00509	0.10978	0.00589	0.00691
61	0.02503	0.01844	0.01976	0.01515	0.02042	0.02042	0.01251	0.70562	0.03095	0.04149	0.01581	0.01581	0.01120	0.00790	0.00659	0.00198	0.00724	0.00593	0.00659	0.01120
62	0.01397	0.01350	0.02370	0.40039	0.28849	0.01487	0.08538	0.01819	0.01403	0.01892	0.01295	0.04267	0.01068	0.00670	0.00674	0.00213	0.00849	0.00648	0.00319	0.00852
63	0.01554	0.01776	0.03885	0.02775	0.03441	0.01665	0.70366	0.02109	0.01554	0.02109	0.01332	0.01776	0.00999	0.00555	0.00777	0.00222	0.01110	0.00777	0.00333	0.00888
64	0.00802	0.00573	0.00764	0.00917	0.00955	0.00535	0.00611	0.00917	0.01260	0.01681	0.03628	0.76434	0.04354	0.02062	0.00840	0.00267	0.00382	0.01872	0.00611	0.00535
65	0.01365	0.01170	0.01365	0.00975	0.01560	0.00878	0.00780	0.01658	0.01365	0.02145	0.01170	0.01365	0.00975	0.00488	0.00488	0.00098	0.00488	0.00390	0.00390	0.80888
66	0.01745	0.01467	0.01549	0.01361	0.01753	0.01687	0.01068	0.11800	0.63091	0.02927	0.02543	0.02348	0.01899	0.00880	0.00668	0.00220	0.00546	0.00726	0.00668	0.01052
67	0.00901	0.00665	0.00847	0.00880	0.01006	0.00625	0.00639	0.01181	0.04067	0.02186	0.35900	0.31386	0.11232	0.01642	0.00802	0.00235	0.00358	0.04184	0.00666	0.00598
68	0.00786	0.00659	0.00684	0.00695	0.00899	0.00557	0.00515	0.00954	0.01494	0.01804	0.09038	0.12325	0.63961	0.01688	0.00783	0.00226	0.00337	0.01423	0.00616	0.00557
69	0.00812	0.00580	0.00776	0.00928	0.00971	0.00544	0.00629	0.00935	0.01271	0.01692	0.03623	0.73672	0.04332	0.02053	0.00843	0.00269	0.00391	0.04532	0.00611	0.00538
70	0.00957	0.00638	0.00718	0.00718	0.00718	0.00638	0.00399	0.00957	0.00957	0.01276	0.02074	0.04308	0.02393	0.76864	0.03351	0.00638	0.00638	0.00957	0.00399	0.00399
71	0.01588	0.01582	0.04738	0.11907	0.45458	0.01555	0.11664	0.06141	0.01595	0.02230	0.04220	0.01792	0.01230	0.00636	0.00675	0.00203	0.00823	0.00636	0.00358	0.00969
72	0.01730	0.22503	0.32422	0.01706	0.02395	0.19457	0.07062	0.02189	0.01504	0.01832	0.01084	0.01283	0.00853	0.00617	0.00576	0.00182	0.00965	0.00459	0.00298	0.00882
73	0.78369	0.01267	0.00990	0.00878	0.01289	0.01456	0.00723	0.01986	0.01151	0.05766	0.00984	0.01116	0.00750	0.00619	0.00418	0.00204	0.00511	0.00369	0.00424	0.00729
74	0.01604	0.01638	0.05916	0.05941	0.67619	0.01560	0.02034	0.02014	0.01489	0.02135	0.01234	0.01622	0.01029	0.00590	0.00651	0.00197	0.00794	0.00582	0.00323	0.01031
75	0.01320	0.03405	0.73453	0.01876	0.02849	0.01529	0.02432	0.02085	0.01390	0.02085	0.01181	0.01390	0.00834	0.00625	0.00625	0.00208	0.00973	0.00486	0.00278	0.00973
76	0.01186	0.00979	0.02879	0.01150	0.05568	0.00943	0.00840	0.06522	0.11646	0.02566	0.38208	0.04062	0.12944	0.01322	0.03245	0.00237	0.00467	0.01020	0.03476	0.00740
77	0.01261	0.05700	0.23071	0.01303	0.01771	0.01125	0.03232	0.04414	0.03586	0.05436	0.10362	0.14319	0.12525	0.01205	0.00722	0.00225	0.00632	0.07823	0.00510	0.00779
78	0.01243	0.01170	0.01975	0.75282	0.04534	0.01463	0.01828	0.01682	0.01316	0.01682	0.01170	0.01755	0.00878	0.00658	0.00658	0.00219	0.00878	0.00585	0.00293	0.00731
79	0.01254	0.01192	0.02042	0.72714	0.04495	0.01470	0.04255	0.01697	0.01325	0.01697	0.01176	0.01756	0.00882	0.00655	0.00662	0.00219	0.00886	0.00592	0.00294	0.00737
80	0.01365	0.01170	0.01365	0.00975	0.01560	0.00878	0.00780	0.01658	0.01365	0.02145	0.01170	0.01365	0.00975	0.00488	0.00488	0.00098	0.00488	0.00390	0.00390	0.80888
81	0.03797	0.03541	0.01471	0.01244	0.01500	0.02904	0.05139	0.03882	0.11607	0.09751	0.05020	0.08134	0.02055	0.05002	0.18250	0.00438	0.06466	0.04594	0.04440	0.00763
82	0.06243	0.00978	0.01227	0.01013	0.01379	0.00897	0.00808	0.03848	0.03855	0.38367	0.20040	0.03353	0.10799	0.03246	0.00768	0.00220	0.00475	0.00868	0.00728	0.00889
83	0.01807	0.72246	0.03343	0.01165	0.01713	0.07449	0.01136	0.02016	0.01373	0.01553	0.00922	0.01065	0.00845	0.00571	0.00434	0.00143	0.00737	0.00357	0.00286	0.00839
84	0.04845	0.01503	0.01818	0.04079	0.01905	0.01747	0.01230	0.28318	0.06342	0.15299	0.03269	0.01778	0.01289	0.00907	0.01086	0.00227	0.22222	0.00615	0.00560	0.00961
85	0.01765	0.01659	0.02413	0.10447	0.45366	0.06140	0.03569	0.11862	0.06003	0.02390	0.01357	0.01662	0.01083	0.00646	0.00654	0.00199	0.00801	0.00592	0.00392	0.01001
86	0.69393	0.01492	0.01139	0.01092	0.04385	0.09521	0.00830	0.02015	0.01219	0.02771	0.00941	0.01106	0.00742	0.00618	0.00438	0.00200	0.00596	0.00374	0.00396	0.00732
87	0.01659	0.01614	0.02593	0.03843	0.67240	0.04144	0.01952	0.02105	0.04479	0.02157	0.01292	0.01649	0.01077	0.00603	0.00650	0.00196	0.00785	0.00587	0.00341	0.01033
88	0.00816	0.00588	0.00774	0.00897	0.00956	0.00546	0.00608	0.00956	0.01339	0.01796	0.11767	0.65598	0.06988	0.01965	0.00831	0.00259	0.00372	0.01775	0.00624	0.00546
89	0.01122	0.01040	0.01801	0.03942	0.06289	0.00976	0.19682	0.01474	0.01649	0.02238	0.31545	0.06555	0.16629	0.01146	0.00767	0.00216	0.00583	0.01082	0.00554	0.00709
90	0.01665	0.01596	0.02570	0.06102	0.64336	0.03473	0.01940	0.04099	0.03817	0.02200	0.01287	0.01647	0.01066	0.00607	0.00651	0.00197	0.00786	0.00588	0.00346	0.01028
91	0.00957	0.00638	0.00718	0.00718	0.00718	0.00638	0.00399	0.00957	0.00957	0.01276	0.02074	0.04308	0.02393	0.76864	0.03351	0.00638	0.00638	0.00957	0.00399	0.00399
92	0.00981	0.00762	0.00871	0.00887	0.00944	0.04024	0.02198	0.01055	0.01140	0.01475	0.02704	0.28032	0.05827	0.41292	0.04517	0.00480	0.00614	0.01241	0.00472	0.00485
93	0.00951	0.00636	0.00720	0.00726	0.00728	0.00634	0.00408	0.00956	0.00970	0.01293	0.02139	0.07305	0.02475	0.73756	0.03246	0.00623	0.00628	0.00995	0.00408	0.00405
94	0.02392	0.01794	0.01952	0.01580	0.04298	0.01988	0.01256	0.61951	0.09572	0.03951	0.01674	0.01666	0.01202	0.00793	0.00659	0.00200	0.00707	0.00607	0.00649	0.01110
95	0.01656	0.06702	0.25392	0.01793	0.09296	0.01459	0.05587	0.11485	0.03264	0.09162	0.03195	0.06823	0.03078	0.00841	0.00661	0.00206	0.00758	0.03924	0.00457	0.04261
96	0.05461	0.61430	0.11846	0.01194	0.01784	0.02338	0.01247	0.01954	0.01355	0.01726	0.03867	0.01255	0.01056	0.00605	0.00461	0.00155	0.00712	0.00403	0.00305	0.00845
97	0.02343	0.02888	0.01796	0.01623	0.01966	0.64428	0.01224	0.05363	0.05112	0.01775	0.01386	0.01506	0.04316	0.00740	0.00609	0.00176	0.01097	0.00492	0.00380	0.00781
98	0.00921	0.00725	0.00835	0.00820	0.01010	0.00673	0.00618	0.01270	0.06872	0.02170	0.30815	0.08844	0.33596	0.03388	0.00843	0.00233	0.00363	0.04736	0.00653	0.00615
99	0.01513	0.04512	0.02382	0.18580	0.46781	0.01517	0.01795	0.01949	0.03860	0.02067	0.04106	0.01780	0.01237	0.00637	0.00642	0.00195	0.00757	0.00597	0.00348	0.04745
100	0.08907	0.02964	0.03906	0.01196	0.03661	0.01027	0.00965	0.02657	0.01715	0.49655	0.08147	0.04770	0.01996	0.04476	0.00777	0.00225	0.00557	0.00718	0.00702	0.00979
101	0.02730	0.01339	0.04954	0.01242	0.01754	0.04049	0.01057	0.03159	0.08531	0.60165	0.02473	0.02178	0.01596	0.00808	0.00658	0.00204	0.00602	0.00652	0.00756	0.01091
102	0.00939	0.00636	0.00718	0.00728	0.00741	0.00628	0.00417	0.00954	0.01002	0.01325	0.02387	0.08801	0.05843	0.68733	0.03076	0.00596	0.00608	0.01034	0.00422	0.00415
103	0.14024	0.56264	0.02800	0.01080	0.01598	0.04716	0.01026	0.01931	0.01330	0.01805	0.01166	0.01293	0.03756	0.00616	0.00444	0.00153	0.00665	0.00399	0.00322	0.04612
104	0.00880	0.00644	0.00811	0.00918	0.00999	0.00609	0.00629	0.04228	0.01374	0.01808	0.03863	0.65228	0.11637	0.01959	0.00825	0.00259	0.00393	0.01758	0.00613	0.00565
105	0.02303	0.07354	0.02039	0.04841	0.07798	0.55737	0.01344	0.07500	0.01872	0.01840	0.01077	0.01267	0.00885	0.00671	0.00595	0.00174	0.01079	0.00452	0.00356	0.00816
106	0.13307	0.02415	0.01849	0.04617	0.02068	0.44814	0.06547	0.04674	0.03352	0.01958	0.01211	0.04868	0.01046	0.00752	0.00663	0.00192	0.03984	0.00537	0.00376	0.00771
107	0.00835	0.00610	0.00786	0.00872	0.00953	0.00570	0.00602	0.00991	0.01371	0.01836	0.15869	0.49638	0.12063	0.05084	0.04412	0.00304	0.00440	0.01606	0.00610	0.00549

[dist]
# distance from previous block
# <min> <max>
0	2

[block]
# block no. 5 follows, 33 sequences, length 16
# corresponding to MSA columns:
# 300-315
name=unknown_F
#
# <colnr> <probs for GDERKNQSTAVLIFYWHMCP>
#	G	D	E	R	K	N	Q	S	T	A	V	L	I	F	Y	W	H	M	C	P
0	0.01582	0.06911	0.21817	0.04283	0.28370	0.01535	0.05561	0.05302	0.01526	0.04163	0.01250	0.01516	0.00977	0.00598	0.00614	0.00184	0.00799	0.00529	0.00348	0.12132
