[name]
unknown

[dist]
# distance from previous block
# <min> <max>
0	124

[block]
# block no. 0 follows, 32 sequences, length 18
# corresponding to MSA columns:
# 154-161,163-172
name=unknown_A
#
# <colnr> <probs for GDERKNQSTAVLIFYWHMCP>
#	G	D	E	R	K	N	Q	S	T	A	V	L	I	F	Y	W	H	M	C	P
0	0.04074	0.05666	0.02182	0.07608	0.02334	0.01827	0.09499	0.34001	0.12729	0.10564	0.01770	0.01813	0.01272	0.00767	0.00669	0.00208	0.00744	0.00638	0.00592	0.01044
1	0.01229	0.06277	0.01144	0.00942	0.01145	0.03539	0.00715	0.05212	0.01448	0.01976	0.06700	0.10375	0.08046	0.20370	0.02993	0.00338	0.00579	0.09418	0.10775	0.06777
2	0.02547	0.01981	0.02005	0.01558	0.02080	0.07612	0.01277	0.64799	0.03058	0.04029	0.01567	0.01580	0.01120	0.00797	0.00666	0.00199	0.00775	0.00591	0.00646	0.01113
3	0.01347	0.01146	0.01344	0.00989	0.01543	0.00867	0.00782	0.01631	0.01383	0.02150	0.01386	0.07150	0.01260	0.00621	0.00525	0.00113	0.00489	0.00514	0.00415	0.74346
4	0.01440	0.10307	0.01647	0.01012	0.01606	0.01107	0.00838	0.01728	0.01388	0.02113	0.01161	0.01353	0.00978	0.00506	0.00489	0.00105	0.00524	0.00393	0.00384	0.70920
5	0.01000	0.00695	0.00936	0.00936	0.01076	0.00761	0.00722	0.01246	0.01202	0.01786	0.02482	0.03068	0.10157	0.03741	0.49630	0.00783	0.01311	0.00783	0.17086	0.00601
6	0.01671	0.01731	0.02633	0.18430	0.40913	0.10279	0.10544	0.02073	0.01541	0.02021	0.01233	0.01652	0.00998	0.00620	0.00675	0.00205	0.00910	0.00602	0.00328	0.00942
7	0.01377	0.01304	0.02210	0.55140	0.23432	0.01520	0.01918	0.01810	0.01393	0.01847	0.01212	0.01753	0.00941	0.00651	0.00669	0.00217	0.00867	0.00597	0.00308	0.00834
8	0.00918	0.00685	0.00853	0.00811	0.00983	0.00620	0.00608	0.01205	0.01824	0.02513	0.58697	0.05305	0.19625	0.01438	0.00792	0.00214	0.00321	0.01255	0.00715	0.00620
9	0.01397	0.01332	0.02241	0.50341	0.17261	0.01539	0.06460	0.01962	0.07110	0.01925	0.01343	0.01824	0.01030	0.00669	0.00679	0.00219	0.00862	0.00623	0.00339	0.00843
10	0.02978	0.01194	0.01590	0.01219	0.01739	0.01064	0.01007	0.08010	0.02008	0.67834	0.02574	0.02236	0.01624	0.00829	0.00675	0.00207	0.00583	0.00670	0.00819	0.01142
11	0.00818	0.00584	0.00779	0.00934	0.00973	0.00545	0.00623	0.00934	0.01285	0.01713	0.03698	0.75981	0.04438	0.02102	0.00856	0.00273	0.00389	0.01908	0.00623	0.00545
12	0.01285	0.01210	0.02044	0.71685	0.07607	0.01495	0.01872	0.01730	0.01350	0.01735	0.01196	0.01783	0.00902	0.00668	0.00671	0.00223	0.00890	0.00596	0.00300	0.00759
13	0.00818	0.00584	0.00779	0.00934	0.00973	0.00545	0.00623	0.00934	0.01285	0.01713	0.03698	0.75981	0.04438	0.02102	0.00856	0.00273	0.00389	0.01908	0.00623	0.00545
14	0.00983	0.00662	0.00770	0.00781	0.00796	0.00666	0.00471	0.01014	0.01020	0.01361	0.02204	0.04551	0.02512	0.68443	0.05879	0.00642	0.00691	0.05707	0.00420	0.00429
15	0.01950	0.61211	0.03196	0.01241	0.01797	0.06366	0.01176	0.12636	0.01671	0.01995	0.01044	0.01167	0.00905	0.00616	0.00477	0.00154	0.00747	0.00401	0.00350	0.00900
16	0.02288	0.01795	0.01863	0.01497	0.01981	0.04417	0.01213	0.48000	0.23223	0.03719	0.01923	0.01862	0.01400	0.00833	0.00672	0.00208	0.00693	0.00644	0.00663	0.01105
17	0.01414	0.01213	0.01402	0.01024	0.01603	0.00958	0.00817	0.01843	0.07104	0.02237	0.01319	0.01483	0.01080	0.00531	0.00512	0.00110	0.00500	0.00427	0.00421	0.74002

[dist]
# distance from previous block
# <min> <max>
0	1

[block]
# block no. 1 follows, 32 sequences, length 12
# corresponding to MSA columns:
# 174-185
name=unknown_B
#
# <colnr> <probs for GDERKNQSTAVLIFYWHMCP>
#	G	D	E	R	K	N	Q	S	T	A	V	L	I	F	Y	W	H	M	C	P
0	0.02159	0.01214	0.01786	0.10987	0.13902	0.01239	0.01294	0.02495	0.03933	0.35792	0.02157	0.09002	0.01661	0.00928	0.00842	0.00224	0.08042	0.00762	0.00602	0.00979
1	0.01818	0.01515	0.01601	0.01396	0.01801	0.01738	0.01098	0.14763	0.59581	0.03047	0.02542	0.02353	0.01895	0.00893	0.00681	0.00223	0.00566	0.00733	0.00681	0.01075
2	0.01391	0.01193	0.01391	0.00994	0.01590	0.00894	0.00795	0.01690	0.01391	0.02186	0.01193	0.01391	0.00994	0.00497	0.00497	0.00099	0.00497	0.00398	0.00398	0.80521
3	0.01803	0.01865	0.02585	0.03716	0.60407	0.13753	0.01931	0.02164	0.01591	0.02099	0.01224	0.01585	0.01029	0.00614	0.00654	0.00195	0.00867	0.00570	0.00334	0.01015
4	0.01871	0.01495	0.01596	0.01385	0.01796	0.01700	0.01092	0.13883	0.57135	0.06397	0.02553	0.02354	0.01888	0.00890	0.00681	0.00223	0.00565	0.00731	0.00688	0.01078
5	0.00805	0.00634	0.00727	0.00802	0.00939	0.00556	0.00564	0.00949	0.01411	0.01765	0.05304	0.39967	0.39416	0.01893	0.00824	0.00249	0.00364	0.01653	0.00623	0.00556
6	0.00878	0.00665	0.00824	0.00928	0.01059	0.00611	0.00704	0.01062	0.01434	0.01823	0.04691	0.35102	0.26743	0.01904	0.00854	0.00267	0.00432	0.18827	0.00622	0.00571
7	0.01542	0.02494	0.36392	0.14287	0.03138	0.01643	0.13983	0.10672	0.05109	0.02359	0.01356	0.01627	0.00983	0.00665	0.00677	0.00216	0.00945	0.00591	0.00364	0.00957
8	0.01791	0.01850	0.02462	0.03191	0.44706	0.13790	0.05141	0.02336	0.10314	0.02147	0.01395	0.01689	0.01142	0.00679	0.00738	0.00204	0.04458	0.00599	0.00377	0.00991
9	0.01838	0.01313	0.01529	0.01494	0.10346	0.01403	0.01019	0.32148	0.02132	0.03033	0.01801	0.02316	0.01499	0.13519	0.01081	0.00265	0.00621	0.00671	0.21099	0.00874
10	0.05745	0.01381	0.01545	0.03320	0.03749	0.01512	0.01038	0.23282	0.22802	0.08600	0.07864	0.02545	0.02019	0.10382	0.01018	0.00268	0.00612	0.00741	0.00627	0.00950
11	0.01620	0.01474	0.01819	0.13855	0.02332	0.10736	0.09792	0.06253	0.11388	0.05873	0.03841	0.04708	0.04931	0.04683	0.02494	0.00260	0.00796	0.07972	0.00494	0.04680

[dist]
# distance from previous block
# <min> <max>
11	42

[block]
# block no. 2 follows, 32 sequences, length 6
# corresponding to MSA columns:
# 237-242
name=unknown_C
#
# <colnr> <probs for GDERKNQSTAVLIFYWHMCP>
#	G	D	E	R	K	N	Q	S	T	A	V	L	I	F	Y	W	H	M	C	P
0	0.01604	0.07396	0.10645	0.18301	0.40608	0.06052	0.01952	0.02029	0.01487	0.02005	0.01203	0.01589	0.00976	0.00622	0.00642	0.00200	0.00859	0.00558	0.00317	0.00956
1	0.01507	0.15543	0.01971	0.01178	0.01754	0.01354	0.05362	0.01962	0.08171	0.02130	0.01304	0.01467	0.01073	0.00556	0.00522	0.00128	0.00583	0.00451	0.00401	0.52583
2	0.01555	0.01366	0.02048	0.37371	0.19454	0.01536	0.01666	0.14619	0.01746	0.02310	0.01833	0.02180	0.07892	0.00779	0.00681	0.00214	0.00788	0.00678	0.00408	0.00876
3	0.15182	0.01244	0.01390	0.01093	0.01582	0.01182	0.00886	0.09955	0.06359	0.23376	0.02038	0.01990	0.04731	0.00747	0.00581	0.00177	0.00538	0.00579	0.03381	0.22989
4	0.00965	0.00697	0.00822	0.00838	0.00989	0.00642	0.00593	0.01206	0.03742	0.02004	0.14223	0.29955	0.16317	0.08245	0.00988	0.00262	0.00395	0.01339	0.09863	0.05915
5	0.16740	0.01301	0.01353	0.01092	0.01559	0.04032	0.00866	0.07282	0.07400	0.10350	0.01703	0.08736	0.01445	0.00779	0.00569	0.00170	0.00549	0.00615	0.00514	0.32945

[dist]
# distance from previous block
# <min> <max>
4	15

[block]
# block no. 3 follows, 32 sequences, length 15
# corresponding to MSA columns:
# 258-272
name=unknown_D
#
# <colnr> <probs for GDERKNQSTAVLIFYWHMCP>
#	G	D	E	R	K	N	Q	S	T	A	V	L	I	F	Y	W	H	M	C	P
0	0.01536	0.01560	0.02410	0.19391	0.30100	0.07990	0.11735	0.01917	0.01504	0.01979	0.01594	0.07409	0.03468	0.00762	0.00692	0.00209	0.00850	0.00728	0.00360	0.03807
1	0.01381	0.07711	0.01748	0.01170	0.01701	0.01087	0.07551	0.01670	0.01379	0.02051	0.01421	0.07216	0.01317	0.04328	0.00689	0.00156	0.00577	0.00576	0.00400	0.55872
2	0.02100	0.01275	0.01486	0.01215	0.01647	0.01281	0.00973	0.16283	0.17648	0.24931	0.07386	0.05329	0.07534	0.00969	0.00686	0.00207	0.00548	0.00798	0.00702	0.07001
3	0.02849	0.01106	0.01505	0.01166	0.01657	0.00958	0.00958	0.03113	0.01919	0.67196	0.08088	0.02498	0.02028	0.00873	0.00684	0.00208	0.00551	0.00717	0.00823	0.01102
4	0.02506	0.03198	0.01901	0.01729	0.02074	0.73725	0.01296	0.02679	0.01901	0.01642	0.01037	0.01210	0.00864	0.00691	0.00605	0.00173	0.01210	0.00432	0.00346	0.00778
5	0.00899	0.00674	0.00824	0.00805	0.00965	0.00609	0.00592	0.01148	0.01716	0.02327	0.46490	0.11455	0.23114	0.04307	0.00895	0.00237	0.00341	0.01317	0.00686	0.00600
6	0.02506	0.03198	0.01901	0.01729	0.02074	0.73725	0.01296	0.02679	0.01901	0.01642	0.01037	0.01210	0.00864	0.00691	0.00605	0.00173	0.01210	0.00432	0.00346	0.00778
7	0.01391	0.01193	0.01391	0.00994	0.01590	0.00894	0.00795	0.01690	0.01391	0.02186	0.01193	0.01391	0.00994	0.00497	0.00497	0.00099	0.00497	0.00398	0.00398	0.80521
8	0.00976	0.00651	0.00732	0.00732	0.00732	0.00651	0.00407	0.00976	0.00976	0.01301	0.02114	0.04391	0.02439	0.76419	0.03415	0.00651	0.00651	0.00976	0.00407	0.00407
9	0.01669	0.01441	0.01517	0.01365	0.01745	0.01669	0.01062	0.03565	0.71021	0.02807	0.02731	0.02503	0.02048	0.00910	0.00683	0.00228	0.00531	0.00759	0.00683	0.01062
10	0.01391	0.01193	0.01391	0.00994	0.01590	0.00894	0.00795	0.01690	0.01391	0.02186	0.01193	0.01391	0.00994	0.00497	0.00497	0.00099	0.00497	0.00398	0.00398	0.80521
11	0.01915	0.23963	0.07823	0.01388	0.01912	0.23133	0.01225	0.05536	0.07919	0.01998	0.01231	0.01359	0.01008	0.00640	0.00546	0.00159	0.00825	0.00447	0.00380	0.16592
12	0.60139	0.01375	0.01190	0.01011	0.01446	0.01553	0.00832	0.14530	0.01563	0.06372	0.01354	0.01439	0.03475	0.00706	0.00488	0.00207	0.00555	0.00461	0.00489	0.00816
13	0.01088	0.00899	0.01442	0.01430	0.04196	0.00864	0.11007	0.01364	0.01455	0.01908	0.03371	0.20595	0.09539	0.06715	0.01039	0.00301	0.00629	0.30962	0.00553	0.00642
14	0.01409	0.00867	0.01144	0.01091	0.01284	0.00851	0.02830	0.07688	0.01543	0.12371	0.02870	0.27918	0.03000	0.14313	0.03851	0.00349	0.00597	0.11733	0.03602	0.00690

[dist]
# distance from previous block
# <min> <max>
0	3

[block]
# block no. 4 follows, 32 sequences, length 10
# corresponding to MSA columns:
# 276-285
name=unknown_E
#
# <colnr> <probs for GDERKNQSTAVLIFYWHMCP>
#	G	D	E	R	K	N	Q	S	T	A	V	L	I	F	Y	W	H	M	C	P
0	0.02097	0.01866	0.02319	0.02419	0.22541	0.14800	0.10337	0.10569	0.11681	0.12090	0.01672	0.01796	0.01251	0.00711	0.00675	0.00203	0.00841	0.00627	0.00494	0.01010
1	0.01723	0.01754	0.02531	0.12380	0.54922	0.10950	0.01936	0.02098	0.01554	0.02063	0.01224	0.01618	0.01017	0.00619	0.00657	0.00199	0.00863	0.00576	0.00330	0.00987
2	0.01692	0.01723	0.02475	0.17874	0.49667	0.10942	0.01921	0.02071	0.01539	0.02026	0.01219	0.01628	0.01004	0.00625	0.00658	0.00201	0.00870	0.00576	0.00327	0.00963
3	0.01614	0.01183	0.01922	0.60159	0.04043	0.01390	0.01689	0.02024	0.01457	0.15839	0.01482	0.01887	0.01047	0.00703	0.00672	0.00220	0.00830	0.00612	0.00404	0.00824
4	0.11970	0.01229	0.01470	0.18088	0.02221	0.01395	0.01137	0.11201	0.17103	0.06846	0.01976	0.05330	0.01597	0.01010	0.03038	0.00245	0.00658	0.03477	0.09151	0.00858
5	0.01209	0.01122	0.01940	0.46266	0.03504	0.01283	0.10342	0.01573	0.01325	0.01726	0.01693	0.13325	0.01615	0.09042	0.01011	0.00277	0.00822	0.00861	0.00364	0.00699
6	0.02177	0.08766	0.09783	0.01561	0.02129	0.01931	0.04642	0.38326	0.14337	0.06967	0.01739	0.01739	0.01261	0.00774	0.00654	0.00203	0.00738	0.00609	0.00589	0.01075
7	0.23291	0.01576	0.05517	0.02414	0.28353	0.01525	0.08826	0.05571	0.04421	0.02524	0.01463	0.01705	0.03653	0.00662	0.00604	0.00201	0.00716	0.00575	0.00401	0.06003
8	0.07906	0.16210	0.01898	0.16427	0.02171	0.01573	0.03289	0.04859	0.14646	0.02084	0.01930	0.07342	0.03532	0.07067	0.00918	0.02730	0.00670	0.03516	0.00448	0.00784
9	0.10409	0.07008	0.01601	0.01164	0.01584	0.06731	0.00921	0.22691	0.01859	0.02643	0.01446	0.01987	0.01279	0.15732	0.01125	0.00261	0.00673	0.00572	0.00474	0.19840

[dist]
# distance from previous block
# <min> <max>
12	83

[block]
# block no. 5 follows, 32 sequences, length 104
# corresponding to MSA columns:
# 375-446,451-482
name=unknown_F
#
# <colnr> <probs for GDERKNQSTAVLIFYWHMCP>
#	G	D	E	R	K	N	Q	S	T	A	V	L	I	F	Y	W	H	M	C	P
0	0.00832	0.00594	0.00795	0.00951	0.00996	0.00557	0.00648	0.00959	0.01299	0.01729	0.03690	0.72238	0.04406	0.02089	0.00860	0.00274	0.00402	0.05508	0.00623	0.00549
1	0.03883	0.01634	0.02969	0.12914	0.03088	0.03687	0.37726	0.05671	0.01515	0.02094	0.01275	0.01749	0.01008	0.00936	0.04904	0.00279	0.12782	0.00694	0.00348	0.00842
2	0.01582	0.42070	0.36409	0.01510	0.02282	0.02135	0.01779	0.02064	0.01389	0.01837	0.01061	0.01238	0.00856	0.00604	0.00529	0.00176	0.00847	0.00424	0.00285	0.00923
3	0.02375	0.01813	0.01871	0.01495	0.01985	0.05861	0.01213	0.47669	0.18324	0.07511	0.01889	0.01827	0.01359	0.00824	0.00670	0.00206	0.00708	0.00633	0.00665	0.01103
4	0.02506	0.03198	0.01901	0.01729	0.02074	0.73725	0.01296	0.02679	0.01901	0.01642	0.01037	0.01210	0.00864	0.00691	0.00605	0.00173	0.01210	0.00432	0.00346	0.00778
5	0.00793	0.00680	0.00680	0.00680	0.00906	0.00566	0.00510	0.00963	0.01529	0.01813	0.06797	0.06457	0.71961	0.01699	0.00793	0.00227	0.00340	0.01416	0.00623	0.00566
6	0.02092	0.01615	0.01766	0.01347	0.01890	0.01653	0.01098	0.41753	0.08325	0.03432	0.01567	0.01614	0.01169	0.00712	0.00615	0.00170	0.00641	0.00549	0.00582	0.27412
7	0.01267	0.01193	0.02013	0.74806	0.04621	0.01491	0.01863	0.01714	0.01342	0.01714	0.01193	0.01789	0.00894	0.00671	0.00671	0.00224	0.00894	0.00596	0.00298	0.00745
8	0.00960	0.00712	0.01044	0.01044	0.01152	0.00820	0.00796	0.01176	0.01068	0.01532	0.01828	0.02808	0.01752	0.12043	0.66852	0.01036	0.01685	0.00744	0.00364	0.00580
9	0.01649	0.01979	0.12009	0.04197	0.14706	0.12227	0.03432	0.05636	0.01441	0.01941	0.01168	0.01638	0.01017	0.03295	0.05556	0.00295	0.26052	0.00579	0.00336	0.00845
10	0.01398	0.01371	0.02531	0.11928	0.25815	0.01364	0.21556	0.01812	0.01550	0.02143	0.11837	0.09777	0.02141	0.00864	0.00741	0.00219	0.00796	0.00878	0.00419	0.00861
11	0.01346	0.03471	0.72942	0.01912	0.02904	0.01558	0.02479	0.02125	0.01417	0.02125	0.01204	0.01417	0.00850	0.00637	0.00637	0.00212	0.00992	0.00496	0.00283	0.00992
12	0.00976	0.00651	0.00732	0.00732	0.00732	0.00651	0.00407	0.00976	0.00976	0.01301	0.02114	0.04391	0.02439	0.76419	0.03415	0.00651	0.00651	0.00976	0.00407	0.00407
13	0.01028	0.00858	0.01126	0.01109	0.01213	0.00956	0.00870	0.01224	0.01414	0.01917	0.15058	0.22352	0.17383	0.01642	0.01163	0.00263	0.18161	0.11079	0.00563	0.00620
14	0.01376	0.03262	0.64257	0.02028	0.02980	0.01576	0.10955	0.02128	0.01438	0.02128	0.01223	0.01466	0.00871	0.00628	0.00657	0.00214	0.01009	0.00533	0.00290	0.00981
15	0.00946	0.04856	0.01128	0.01020	0.01166	0.00750	0.04443	0.01143	0.01457	0.01945	0.17472	0.45754	0.09846	0.01747	0.00814	0.00248	0.00436	0.03614	0.00612	0.00604
16	0.18051	0.05670	0.23321	0.05872	0.08396	0.04095	0.01577	0.13724	0.03508	0.04527	0.01324	0.01500	0.00986	0.00679	0.00586	0.00202	0.00771	0.00510	0.03768	0.00932
17	0.00903	0.00660	0.00854	0.00931	0.01023	0.00632	0.00650	0.01175	0.05224	0.02063	0.23957	0.50882	0.04873	0.01820	0.00828	0.00252	0.00375	0.01639	0.00661	0.00599
18	0.00799	0.00658	0.00702	0.00737	0.00921	0.00562	0.00535	0.00957	0.01475	0.01790	0.06103	0.22036	0.56830	0.01790	0.00807	0.00237	0.00351	0.01526	0.00623	0.00562
19	0.81159	0.01298	0.00986	0.00882	0.01298	0.01505	0.00727	0.01972	0.01142	0.03010	0.00934	0.01090	0.00727	0.00623	0.00415	0.00208	0.00519	0.00363	0.00415	0.00727
20	0.01531	0.01284	0.04775	0.10100	0.01924	0.01293	0.01090	0.10977	0.22757	0.06608	0.20799	0.03229	0.08716	0.01038	0.00715	0.00217	0.00553	0.00877	0.00634	0.00881
21	0.81159	0.01298	0.00986	0.00882	0.01298	0.01505	0.00727	0.01972	0.01142	0.03010	0.00934	0.01090	0.00727	0.00623	0.00415	0.00208	0.00519	0.00363	0.00415	0.00727
22	0.01459	0.03056	0.55460	0.02073	0.02978	0.01614	0.15686	0.05843	0.01545	0.02245	0.01257	0.01505	0.00899	0.00633	0.00670	0.00215	0.01005	0.00560	0.00316	0.00983
23	0.00976	0.00651	0.00732	0.00732	0.00732	0.00651	0.00407	0.00976	0.00976	0.01301	0.02114	0.04391	0.02439	0.76419	0.03415	0.00651	0.00651	0.00976	0.00407	0.00407
24	0.81159	0.01298	0.00986	0.00882	0.01298	0.01505	0.00727	0.01972	0.01142	0.03010	0.00934	0.01090	0.00727	0.00623	0.00415	0.00208	0.00519	0.00363	0.00415	0.00727
25	0.01845	0.01631	0.07890	0.08216	0.04037	0.01591	0.03202	0.34638	0.06022	0.03118	0.06623	0.12354	0.02014	0.01018	0.00713	0.00220	0.00696	0.02640	0.00583	0.00949
26	0.00950	0.00686	0.00897	0.00844	0.01002	0.00633	0.00633	0.01266	0.01899	0.02691	0.71879	0.05012	0.06331	0.01372	0.00791	0.00211	0.00317	0.01213	0.00739	0.00633
27	0.01178	0.00827	0.01138	0.01088	0.01249	0.00930	0.00837	0.05142	0.04165	0.05231	0.01899	0.02729	0.01738	0.11431	0.56184	0.00910	0.01513	0.00737	0.00418	0.00656
28	0.01577	0.01728	0.07060	0.10926	0.39378	0.01614	0.23613	0.02056	0.01520	0.02125	0.01282	0.01708	0.01019	0.00597	0.00704	0.00211	0.00925	0.00654	0.00328	0.00976
29	0.01337	0.00651	0.00671	0.00653	0.00828	0.00643	0.00494	0.01647	0.01432	0.05955	0.02211	0.02491	0.01717	0.00784	0.00479	0.00159	0.00325	0.00628	0.76242	0.00651
30	0.00885	0.00700	0.00803	0.00819	0.00992	0.00638	0.00598	0.01173	0.05362	0.02058	0.21764	0.22782	0.35651	0.01674	0.00802	0.00234	0.00357	0.01450	0.00655	0.00605
31	0.02429	0.03059	0.01951	0.01860	0.05903	0.67655	0.01343	0.02614	0.01855	0.01671	0.01045	0.01242	0.00876	0.00701	0.00656	0.00178	0.03381	0.00446	0.00343	0.00792
32	0.01305	0.01231	0.02081	0.67966	0.11164	0.01501	0.01882	0.01748	0.01360	0.01761	0.01199	0.01777	0.00911	0.00664	0.00670	0.00221	0.00885	0.00596	0.00301	0.00776
33	0.00830	0.00593	0.00793	0.00948	0.00993	0.00556	0.00644	0.00956	0.01297	0.01727	0.03691	0.72758	0.04411	0.02090	0.00860	0.00274	0.00400	0.05008	0.00623	0.00548
34	0.01794	0.76823	0.03516	0.01148	0.01722	0.02655	0.01148	0.02009	0.01363	0.01579	0.00933	0.01076	0.00861	0.00574	0.00431	0.00144	0.00718	0.00359	0.00287	0.00861
35	0.81159	0.01298	0.00986	0.00882	0.01298	0.01505	0.00727	0.01972	0.01142	0.03010	0.00934	0.01090	0.00727	0.00623	0.00415	0.00208	0.00519	0.00363	0.00415	0.00727
36	0.01226	0.00628	0.00628	0.00628	0.00789	0.00622	0.00471	0.01531	0.01414	0.02464	0.02441	0.02718	0.05562	0.00832	0.00487	0.00160	0.00314	0.00669	0.75794	0.00622
37	0.01119	0.01186	0.08305	0.01022	0.01336	0.03069	0.00880	0.01729	0.14903	0.02320	0.26886	0.04555	0.27496	0.01302	0.00750	0.00219	0.00461	0.01101	0.00630	0.00733
38	0.00959	0.00719	0.01078	0.01078	0.01198	0.00839	0.00839	0.01198	0.01078	0.01558	0.01797	0.02636	0.01677	0.05032	0.73760	0.01078	0.01797	0.00719	0.00359	0.00599
39	0.03010	0.01142	0.01557	0.01194	0.01713	0.00986	0.00986	0.03270	0.01920	0.72698	0.02647	0.02284	0.01661	0.00830	0.00675	0.00208	0.00571	0.00675	0.00830	0.01142
40	0.00836	0.00665	0.00751	0.00765	0.00942	0.00579	0.00560	0.01034	0.01579	0.02014	0.22475	0.18259	0.43792	0.01688	0.00804	0.00231	0.00343	0.01452	0.00652	0.00579
41	0.01661	0.01594	0.02724	0.04119	0.72233	0.01594	0.02059	0.02059	0.01528	0.02192	0.01262	0.01661	0.01063	0.00598	0.00664	0.00199	0.00797	0.00598	0.00332	0.01063
42	0.01567	0.01499	0.02555	0.20911	0.56172	0.01570	0.02013	0.01977	0.01484	0.02079	0.01246	0.01691	0.01023	0.00615	0.00666	0.00205	0.00820	0.00597	0.00324	0.00987
43	0.02551	0.01879	0.02014	0.01544	0.02081	0.02081	0.01275	0.69996	0.03155	0.04229	0.01611	0.01611	0.01141	0.00805	0.00671	0.00201	0.00738	0.00604	0.00671	0.01141
44	0.01082	0.00911	0.01072	0.01194	0.08089	0.00882	0.00791	0.04665	0.10809	0.02079	0.04930	0.17305	0.40635	0.01514	0.00771	0.00231	0.00438	0.01295	0.00605	0.00704
45	0.01559	0.01474	0.02500	0.20159	0.54707	0.01542	0.01968	0.01966	0.01482	0.02092	0.01273	0.01715	0.01044	0.00620	0.00660	0.00204	0.00805	0.00598	0.02654	0.00978
46	0.01391	0.01193	0.01391	0.00994	0.01590	0.00894	0.00795	0.01690	0.01391	0.02186	0.01193	0.01391	0.00994	0.00497	0.00497	0.00099	0.00497	0.00398	0.00398	0.80521
47	0.00940	0.00686	0.00884	0.00834	0.00997	0.00629	0.00626	0.01248	0.01877	0.02638	0.68001	0.05098	0.10242	0.01391	0.00791	0.00212	0.00318	0.01226	0.00732	0.00629
48	0.02896	0.01167	0.01554	0.01208	0.01716	0.01044	0.00993	0.03295	0.07816	0.66735	0.02654	0.02303	0.01694	0.00837	0.00675	0.00209	0.00568	0.00682	0.00818	0.01135
49	0.81159	0.01298	0.00986	0.00882	0.01298	0.01505	0.00727	0.01972	0.01142	0.03010	0.00934	0.01090	0.00727	0.00623	0.00415	0.00208	0.00519	0.00363	0.00415	0.00727
50	0.02551	0.01879	0.02014	0.01544	0.02081	0.02081	0.01275	0.69996	0.03155	0.04229	0.01611	0.01611	0.01141	0.00805	0.00671	0.00201	0.00738	0.00604	0.00671	0.01141
51	0.01970	0.01315	0.01425	0.01176	0.01540	0.05188	0.00928	0.23804	0.03947	0.17137	0.17787	0.03200	0.09831	0.06588	0.00910	0.00240	0.00585	0.00858	0.00676	0.00894
52	0.01756	0.01615	0.01355	0.01334	0.05251	0.24538	0.00898	0.03883	0.01532	0.09056	0.04813	0.08395	0.02049	0.28718	0.01679	0.00364	0.00801	0.00817	0.00465	0.00682
53	0.01346	0.03471	0.72942	0.01912	0.02904	0.01558	0.02479	0.02125	0.01417	0.02125	0.01204	0.01417	0.00850	0.00637	0.00637	0.00212	0.00992	0.00496	0.00283	0.00992
54	0.01603	0.01536	0.02620	0.14436	0.62365	0.01579	0.02031	0.02009	0.01501	0.02122	0.01252	0.01679	0.01038	0.00609	0.00665	0.00203	0.00811	0.00598	0.00327	0.01017
55	0.01860	0.01795	0.01672	0.12542	0.02216	0.23035	0.03046	0.02569	0.20309	0.08548	0.06011	0.02583	0.05989	0.00909	0.00684	0.00212	0.00790	0.03849	0.00524	0.00858
56	0.02983	0.01186	0.01585	0.01215	0.01735	0.01052	0.01004	0.07292	0.01995	0.68571	0.02585	0.02243	0.01630	0.00829	0.00675	0.00207	0.00581	0.00671	0.00821	0.01142
57	0.00818	0.00584	0.00779	0.00934	0.00973	0.00545	0.00623	0.00934	0.01285	0.01713	0.03698	0.75981	0.04438	0.02102	0.00856	0.00273	0.00389	0.01908	0.00623	0.00545
58	0.02379	0.02960	0.01831	0.01665	0.02011	0.64785	0.01253	0.02719	0.08580	0.01759	0.01356	0.01476	0.02891	0.00740	0.00618	0.00180	0.01121	0.00490	0.00386	0.00800
59	0.01346	0.03471	0.72942	0.01912	0.02904	0.01558	0.02479	0.02125	0.01417	0.02125	0.01204	0.01417	0.00850	0.00637	0.00637	0.00212	0.00992	0.00496	0.00283	0.00992
60	0.00950	0.00686	0.00897	0.00844	0.01002	0.00633	0.00633	0.01266	0.01899	0.02691	0.71879	0.05012	0.06331	0.01372	0.00791	0.00211	0.00317	0.01213	0.00739	0.00633
61	0.00995	0.00695	0.01042	0.01042	0.01140	0.00793	0.00793	0.01140	0.01042	0.01488	0.01685	0.02530	0.01586	0.04550	0.61068	0.15244	0.01581	0.00695	0.00347	0.00544
62	0.03010	0.01142	0.01557	0.01194	0.01713	0.00986	0.00986	0.03270	0.01920	0.72698	0.02647	0.02284	0.01661	0.00830	0.00675	0.00208	0.00571	0.00675	0.00830	0.01142
63	0.01468	0.01468	0.02055	0.01762	0.01762	0.02055	0.01468	0.01615	0.01028	0.01615	0.00881	0.01468	0.00881	0.01174	0.02202	0.00294	0.75191	0.00587	0.00294	0.00734
64	0.03010	0.01142	0.01557	0.01194	0.01713	0.00986	0.00986	0.03270	0.01920	0.72698	0.02647	0.02284	0.01661	0.00830	0.00675	0.00208	0.00571	0.00675	0.00830	0.01142
65	0.01138	0.00727	0.00957	0.00876	0.01067	0.00665	0.00665	0.01449	0.01901	0.09079	0.65562	0.04763	0.05905	0.01322	0.00781	0.00211	0.00340	0.01164	0.00747	0.00680
66	0.00818	0.00584	0.00779	0.00934	0.00973	0.00545	0.00623	0.00934	0.01285	0.01713	0.03698	0.75981	0.04438	0.02102	0.00856	0.00273	0.00389	0.01908	0.00623	0.00545
67	0.81159	0.01298	0.00986	0.00882	0.01298	0.01505	0.00727	0.01972	0.01142	0.03010	0.00934	0.01090	0.00727	0.00623	0.00415	0.00208	0.00519	0.00363	0.00415	0.00727
68	0.01625	0.01562	0.02704	0.03887	0.64426	0.01555	0.05881	0.02028	0.01532	0.02180	0.01393	0.01992	0.01213	0.00665	0.00686	0.00207	0.00806	0.04281	0.00348	0.01029
69	0.01468	0.01468	0.02055	0.01762	0.01762	0.02055	0.01468	0.01615	0.01028	0.01615	0.00881	0.01468	0.00881	0.01174	0.02202	0.00294	0.75191	0.00587	0.00294	0.00734
70	0.01598	0.25626	0.06669	0.01861	0.02505	0.01825	0.30069	0.02006	0.01465	0.01974	0.01180	0.01469	0.00955	0.00557	0.00607	0.00172	0.00859	0.00556	0.00332	0.17713
71	0.01903	0.02193	0.01991	0.01748	0.01893	0.32094	0.01396	0.02061	0.01394	0.01626	0.00946	0.01360	0.00874	0.00972	0.01533	0.00243	0.44184	0.00522	0.00315	0.00752
72	0.00943	0.00681	0.00891	0.00849	0.01001	0.00629	0.00633	0.01250	0.01869	0.02643	0.68525	0.08503	0.06238	0.01408	0.00795	0.00214	0.00320	0.01248	0.00733	0.00629
73	0.00950	0.00686	0.00897	0.00844	0.01002	0.00633	0.00633	0.01266	0.01899	0.02691	0.71879	0.05012	0.06331	0.01372	0.00791	0.00211	0.00317	0.01213	0.00739	0.00633
74	0.01289	0.01215	0.02051	0.70939	0.08320	0.01496	0.01874	0.01733	0.01352	0.01741	0.01196	0.01782	0.00904	0.00667	0.00670	0.00222	0.00889	0.00596	0.00300	0.00763
75	0.00959	0.00719	0.01078	0.01078	0.01198	0.00839	0.00839	0.01198	0.01078	0.01558	0.01797	0.02636	0.01677	0.05032	0.73760	0.01078	0.01797	0.00719	0.00359	0.00599
76	0.00960	0.00712	0.01043	0.01043	0.01151	0.00820	0.00795	0.01176	0.01068	0.01532	0.01830	0.02815	0.01755	0.12301	0.66597	0.01035	0.01681	0.00745	0.00364	0.00579
77	0.02551	0.01879	0.02014	0.01544	0.02081	0.02081	0.01275	0.69996	0.03155	0.04229	0.01611	0.01611	0.01141	0.00805	0.00671	0.00201	0.00738	0.00604	0.00671	0.01141
78	0.03010	0.01142	0.01557	0.01194	0.01713	0.00986	0.00986	0.03270	0.01920	0.72698	0.02647	0.02284	0.01661	0.00830	0.00675	0.00208	0.00571	0.00675	0.00830	0.01142
79	0.01166	0.00583	0.00874	0.00874	0.00874	0.00583	0.00583	0.00874	0.00874	0.01166	0.01166	0.02040	0.01166	0.02331	0.02622	0.80478	0.00583	0.00583	0.00291	0.00291
80	0.02975	0.01198	0.01592	0.01220	0.01741	0.01069	0.01008	0.08347	0.02014	0.67488	0.02568	0.02233	0.01621	0.00829	0.00674	0.00207	0.00584	0.00669	0.00818	0.01142
81	0.01346	0.03471	0.72942	0.01912	0.02904	0.01558	0.02479	0.02125	0.01417	0.02125	0.01204	0.01417	0.00850	0.00637	0.00637	0.00212	0.00992	0.00496	0.00283	0.00992
82	0.01893	0.66535	0.03290	0.01229	0.01771	0.12586	0.01169	0.02103	0.01439	0.01588	0.00947	0.01095	0.00862	0.00590	0.00455	0.00148	0.00786	0.00369	0.00295	0.00849
83	0.06653	0.19297	0.02207	0.01555	0.01954	0.54133	0.01233	0.02493	0.01741	0.01703	0.01009	0.01174	0.00856	0.00662	0.00556	0.00168	0.01064	0.00412	0.00337	0.00793
84	0.01468	0.01468	0.02055	0.01762	0.01762	0.02055	0.01468	0.01615	0.01028	0.01615	0.00881	0.01468	0.00881	0.01174	0.02202	0.00294	0.75191	0.00587	0.00294	0.00734
85	0.01081	0.00772	0.01081	0.01236	0.01390	0.00772	0.01081	0.01390	0.01545	0.02008	0.03553	0.07569	0.03862	0.01854	0.00927	0.00309	0.00618	0.67717	0.00618	0.00618
86	0.00814	0.00650	0.00729	0.00774	0.00936	0.00565	0.00556	0.00979	0.01483	0.01854	0.11267	0.28455	0.44978	0.01800	0.00813	0.00240	0.00354	0.01555	0.00633	0.00565
87	0.00793	0.00680	0.00680	0.00680	0.00906	0.00566	0.00510	0.00963	0.01529	0.01813	0.06797	0.06457	0.71961	0.01699	0.00793	0.00227	0.00340	0.01416	0.00623	0.00566
88	0.01584	0.01810	0.03959	0.02828	0.03507	0.01697	0.69796	0.02149	0.01584	0.02149	0.01357	0.01810	0.01018	0.00566	0.00792	0.00226	0.01131	0.00792	0.00339	0.00905
89	0.02506	0.03198	0.01901	0.01729	0.02074	0.73725	0.01296	0.02679	0.01901	0.01642	0.01037	0.01210	0.00864	0.00691	0.00605	0.00173	0.01210	0.00432	0.00346	0.00778
90	0.01346	0.03471	0.72942	0.01912	0.02904	0.01558	0.02479	0.02125	0.01417	0.02125	0.01204	0.01417	0.00850	0.00637	0.00637	0.00212	0.00992	0.00496	0.00283	0.00992
91	0.00963	0.00702	0.00992	0.00992	0.01081	0.00792	0.00730	0.01142	0.01053	0.01493	0.01877	0.03076	0.01868	0.22926	0.56128	0.00971	0.01510	0.00783	0.00371	0.00551
92	0.01251	0.00625	0.00625	0.00625	0.00782	0.00625	0.00469	0.01563	0.01407	0.02502	0.02189	0.02502	0.01720	0.00782	0.00469	0.00156	0.00313	0.00625	0.80144	0.00625
93	0.02332	0.21175	0.02296	0.01587	0.01988	0.56372	0.01260	0.02516	0.01770	0.01627	0.01012	0.01177	0.00864	0.00663	0.00562	0.00166	0.01090	0.00414	0.00331	0.00798
94	0.77413	0.01304	0.01011	0.00905	0.01319	0.01513	0.00742	0.02047	0.04434	0.03001	0.01019	0.01157	0.00789	0.00636	0.00428	0.00209	0.00520	0.00382	0.00428	0.00742
95	0.81159	0.01298	0.00986	0.00882	0.01298	0.01505	0.00727	0.01972	0.01142	0.03010	0.00934	0.01090	0.00727	0.00623	0.00415	0.00208	0.00519	0.00363	0.00415	0.00727
96	0.02551	0.01879	0.02014	0.01544	0.02081	0.02081	0.01275	0.69996	0.03155	0.04229	0.01611	0.01611	0.01141	0.00805	0.00671	0.00201	0.00738	0.00604	0.00671	0.01141
97	0.00818	0.00584	0.00779	0.00934	0.00973	0.00545	0.00623	0.00934	0.01285	0.01713	0.03698	0.75981	0.04438	0.02102	0.00856	0.00273	0.00389	0.01908	0.00623	0.00545
98	0.02341	0.01429	0.02545	0.01881	0.02429	0.01340	0.28351	0.02714	0.01727	0.39920	0.02017	0.02041	0.01353	0.00748	0.00823	0.00221	0.05785	0.00715	0.00599	0.01021
99	0.01932	0.34388	0.06328	0.01610	0.02199	0.02122	0.14990	0.13931	0.07290	0.07029	0.01405	0.01526	0.01088	0.00659	0.00591	0.00184	0.00792	0.00547	0.00431	0.00959
100	0.03657	0.03143	0.01569	0.10657	0.12031	0.01085	0.01160	0.04026	0.01632	0.19670	0.09746	0.17042	0.02669	0.01170	0.00732	0.00230	0.00595	0.07756	0.00591	0.00841
101	0.00844	0.00672	0.00766	0.00821	0.00994	0.00593	0.00621	0.01027	0.01487	0.01842	0.07297	0.21820	0.45556	0.01802	0.00826	0.00248	0.00391	0.11196	0.00625	0.00571
102	0.01726	0.02025	0.20827	0.01995	0.02650	0.01492	0.27062	0.09617	0.03612	0.11075	0.03762	0.06157	0.03197	0.00790	0.00725	0.00220	0.00883	0.00770	0.00465	0.00950
103	0.01882	0.06683	0.19076	0.08061	0.16732	0.09223	0.10749	0.04033	0.01628	0.13408	0.01443	0.01649	0.01058	0.00660	0.00657	0.00203	0.00896	0.00580	0.00406	0.00972

[dist]
# distance from previous block
# <min> <max>
0	5

[block]
# block no. 6 follows, 32 sequences, length 44
# corresponding to MSA columns:
# 488,492-534
name=unknown_G
#
# <colnr> <probs for GDERKNQSTAVLIFYWHMCP>
#	G	D	E	R	K	N	Q	S	T	A	V	L	I	F	Y	W	H	M	C	P
0	0.19156	0.01544	0.08057	0.28389	0.10385	0.03189	0.01552	0.02036	0.05687	0.04998	0.01266	0.01609	0.00972	0.00718	0.00753	0.00221	0.07716	0.00545	0.00373	0.00832
1	0.01530	0.03693	0.01512	0.01275	0.04479	0.05849	0.00968	0.05550	0.01480	0.04445	0.01613	0.06601	0.01469	0.02889	0.02719	0.00209	0.10391	0.03301	0.09567	0.30460
2	0.00964	0.00655	0.00841	0.00916	0.00991	0.00618	0.00618	0.01078	0.01241	0.03921	0.03121	0.48595	0.03622	0.19245	0.04114	0.00382	0.00521	0.04192	0.00560	0.03806
3	0.09498	0.01678	0.01737	0.01561	0.07349	0.08123	0.01156	0.29212	0.11339	0.06506	0.07093	0.01925	0.01606	0.00795	0.00637	0.00195	0.00677	0.00619	0.00583	0.07711
4	0.01399	0.03099	0.60437	0.01898	0.02811	0.01499	0.07914	0.02109	0.01448	0.04224	0.01443	0.01640	0.03226	0.00668	0.00652	0.00210	0.00954	0.00553	0.00319	0.03497
5	0.02338	0.01461	0.01958	0.01498	0.02004	0.01457	0.09972	0.27462	0.04082	0.26315	0.06817	0.04546	0.01778	0.00853	0.00695	0.00206	0.00678	0.00731	0.00672	0.04476
6	0.01363	0.03350	0.67909	0.01979	0.02948	0.01568	0.07391	0.02127	0.01429	0.02127	0.01215	0.01445	0.00862	0.00632	0.00649	0.00213	0.01002	0.00517	0.00287	0.00985
7	0.00846	0.00605	0.00811	0.00961	0.01014	0.00569	0.00667	0.00986	0.01325	0.01766	0.05393	0.67627	0.04430	0.02060	0.00862	0.00274	0.00409	0.08215	0.00625	0.00554
8	0.01296	0.01204	0.02002	0.48358	0.18438	0.01401	0.01732	0.01682	0.01366	0.01813	0.01531	0.11550	0.01398	0.00856	0.00729	0.00227	0.02514	0.00770	0.00348	0.00786
9	0.01191	0.01150	0.01994	0.11501	0.02324	0.01139	0.22628	0.01656	0.07114	0.01971	0.03269	0.18322	0.18591	0.01225	0.00784	0.00238	0.00698	0.02976	0.00494	0.00735
10	0.00839	0.00613	0.00793	0.00924	0.00997	0.00567	0.00644	0.00983	0.01354	0.01781	0.06442	0.60291	0.12382	0.02011	0.00852	0.00268	0.00398	0.06680	0.00627	0.00556
11	0.00818	0.00584	0.00779	0.00934	0.00973	0.00545	0.00623	0.00934	0.01285	0.01713	0.03698	0.75981	0.04438	0.02102	0.00856	0.00273	0.00389	0.01908	0.00623	0.00545
12	0.01200	0.00736	0.01018	0.04159	0.01342	0.00707	0.00852	0.01404	0.01444	0.11169	0.03413	0.43895	0.03760	0.01804	0.00844	0.00272	0.00499	0.20194	0.00635	0.00653
13	0.01486	0.01522	0.02359	0.01931	0.02040	0.01998	0.12353	0.01700	0.01116	0.01700	0.00957	0.01522	0.00903	0.01077	0.01977	0.00283	0.63393	0.00620	0.00301	0.00761
14	0.00890	0.00678	0.00818	0.00794	0.00969	0.00606	0.00591	0.01146	0.01740	0.02341	0.46209	0.09595	0.28136	0.01523	0.00796	0.00220	0.00329	0.01321	0.00693	0.00606
15	0.06010	0.01140	0.01463	0.01146	0.01625	0.01028	0.00940	0.07089	0.01927	0.57185	0.04599	0.02649	0.08266	0.00915	0.00678	0.00209	0.00551	0.00740	0.00782	0.01058
16	0.01396	0.10158	0.64015	0.01876	0.02818	0.01664	0.04836	0.02115	0.01418	0.02076	0.01185	0.01400	0.00857	0.00629	0.00624	0.00207	0.00972	0.00494	0.00286	0.00976
17	0.81159	0.01298	0.00986	0.00882	0.01298	0.01505	0.00727	0.01972	0.01142	0.03010	0.00934	0.01090	0.00727	0.00623	0.00415	0.00208	0.00519	0.00363	0.00415	0.00727
18	0.00818	0.00584	0.00779	0.00934	0.00973	0.00545	0.00623	0.00934	0.01285	0.01713	0.03698	0.75981	0.04438	0.02102	0.00856	0.00273	0.00389	0.01908	0.00623	0.00545
19	0.01570	0.01260	0.02083	0.52102	0.16657	0.01443	0.01784	0.01983	0.01452	0.11175	0.01397	0.01831	0.01027	0.00679	0.00670	0.00217	0.00834	0.00607	0.00375	0.00856
20	0.00959	0.00719	0.01078	0.01078	0.01198	0.00839	0.00839	0.01198	0.01078	0.01558	0.01797	0.02636	0.01677	0.05032	0.73760	0.01078	0.01797	0.00719	0.00359	0.00599
21	0.00794	0.00676	0.00684	0.00690	0.00909	0.00566	0.00514	0.00962	0.01520	0.01809	0.06673	0.09251	0.69248	0.01716	0.00796	0.00228	0.00342	0.01436	0.00623	0.00566
22	0.01468	0.01468	0.02055	0.01762	0.01762	0.02055	0.01468	0.01615	0.01028	0.01615	0.00881	0.01468	0.00881	0.01174	0.02202	0.00294	0.75191	0.00587	0.00294	0.00734
23	0.02451	0.01805	0.01942	0.01509	0.02017	0.01992	0.01238	0.66006	0.03047	0.04083	0.01732	0.05908	0.01332	0.00880	0.00682	0.00205	0.00718	0.00679	0.00668	0.01107
24	0.01617	0.01877	0.08568	0.10434	0.02349	0.19390	0.08398	0.04666	0.01642	0.01988	0.03719	0.03418	0.01945	0.01077	0.00843	0.00239	0.05708	0.20919	0.00436	0.00767
25	0.13795	0.20530	0.03050	0.02005	0.05374	0.06593	0.29081	0.02073	0.01433	0.02062	0.01122	0.01443	0.00915	0.00637	0.00746	0.00204	0.07183	0.00570	0.00334	0.00851
26	0.00818	0.00584	0.00779	0.00934	0.00973	0.00545	0.00623	0.00934	0.01285	0.01713	0.03698	0.75981	0.04438	0.02102	0.00856	0.00273	0.00389	0.01908	0.00623	0.00545
27	0.00950	0.00686	0.00897	0.00844	0.01002	0.00633	0.00633	0.01266	0.01899	0.02691	0.71879	0.05012	0.06331	0.01372	0.00791	0.00211	0.00317	0.01213	0.00739	0.00633
28	0.01468	0.01468	0.02055	0.01762	0.01762	0.02055	0.01468	0.01615	0.01028	0.01615	0.00881	0.01468	0.00881	0.01174	0.02202	0.00294	0.75191	0.00587	0.00294	0.00734
29	0.01056	0.00755	0.01053	0.01207	0.01351	0.00751	0.01038	0.01347	0.01520	0.01980	0.03566	0.14024	0.03916	0.01877	0.00920	0.00305	0.00596	0.61507	0.00618	0.00611
30	0.01794	0.76823	0.03516	0.01148	0.01722	0.02655	0.01148	0.02009	0.01363	0.01579	0.00933	0.01076	0.00861	0.00574	0.00431	0.00144	0.00718	0.00359	0.00287	0.00861
31	0.00819	0.00659	0.00730	0.00758	0.00934	0.00571	0.00551	0.00997	0.01524	0.01907	0.14706	0.21625	0.48379	0.01745	0.00807	0.00235	0.00348	0.01498	0.00638	0.00571
32	0.01661	0.01594	0.02724	0.04119	0.72233	0.01594	0.02059	0.02059	0.01528	0.02192	0.01262	0.01661	0.01063	0.00598	0.00664	0.00199	0.00797	0.00598	0.00332	0.01063
33	0.01714	0.01239	0.01464	0.01065	0.01646	0.01000	0.00860	0.07227	0.01604	0.12464	0.01434	0.01537	0.01101	0.00569	0.00536	0.00123	0.00526	0.00453	0.00481	0.62958
34	0.69193	0.01491	0.07736	0.00997	0.01472	0.01480	0.00905	0.02062	0.01213	0.06954	0.01058	0.01189	0.00792	0.00636	0.00451	0.00208	0.00566	0.00394	0.00427	0.00775
35	0.02506	0.03198	0.01901	0.01729	0.02074	0.73725	0.01296	0.02679	0.01901	0.01642	0.01037	0.01210	0.00864	0.00691	0.00605	0.00173	0.01210	0.00432	0.00346	0.00778
36	0.00799	0.00680	0.00689	0.00686	0.00910	0.00569	0.00515	0.00975	0.01545	0.01849	0.09458	0.06398	0.69278	0.01686	0.00793	0.00226	0.00339	0.01408	0.00628	0.00569
37	0.00976	0.00651	0.00732	0.00732	0.00732	0.00651	0.00407	0.00976	0.00976	0.01301	0.02114	0.04391	0.02439	0.76419	0.03415	0.00651	0.00651	0.00976	0.00407	0.00407
38	0.00981	0.00772	0.00845	0.00827	0.01033	0.00712	0.00612	0.07428	0.01649	0.02081	0.11268	0.19707	0.44112	0.03810	0.00869	0.00244	0.00394	0.01408	0.00631	0.00617
39	0.02114	0.01583	0.01615	0.01330	0.01752	0.05791	0.01066	0.33373	0.19538	0.07827	0.02217	0.02174	0.04438	0.00861	0.00649	0.00202	0.00630	0.00674	0.11157	0.01008
40	0.01509	0.01381	0.02230	0.28756	0.35095	0.01507	0.01817	0.05179	0.04622	0.02129	0.01533	0.02293	0.01312	0.00765	0.00692	0.00220	0.00800	0.06870	0.00378	0.00912
41	0.05338	0.05937	0.39503	0.01588	0.02290	0.09752	0.01779	0.02129	0.03413	0.04971	0.06683	0.02029	0.01495	0.00767	0.00635	0.00203	0.00850	0.04195	0.00389	0.06055
42	0.01532	0.05149	0.05098	0.09430	0.30346	0.04604	0.05957	0.01904	0.01484	0.02064	0.01536	0.01835	0.05096	0.00646	0.00624	0.00177	0.00749	0.00585	0.00359	0.20825
43	0.04517	0.01307	0.01869	0.30798	0.11289	0.03898	0.04185	0.07213	0.03639	0.08641	0.04339	0.04464	0.07319	0.00871	0.00691	0.00219	0.00750	0.02692	0.00459	0.00839

[dist]
# distance from previous block
# <min> <max>
5	20

[block]
# block no. 7 follows, 32 sequences, length 8
# corresponding to MSA columns:
# 555-562
name=unknown_H
#
# <colnr> <probs for GDERKNQSTAVLIFYWHMCP>
#	G	D	E	R	K	N	Q	S	T	A	V	L	I	F	Y	W	H	M	C	P
0	0.07366	0.57822	0.16226	0.01271	0.01911	0.02369	0.01365	0.02028	0.01357	0.01782	0.00983	0.01141	0.00849	0.00589	0.00468	0.00161	0.00754	0.00385	0.00295	0.00876
1	0.01776	0.66026	0.03230	0.01179	0.01725	0.02514	0.01136	0.02232	0.11340	0.01755	0.01190	0.01281	0.01031	0.00622	0.00467	0.00156	0.00691	0.00416	0.00344	0.00890
2	0.69171	0.01346	0.01097	0.00967	0.01386	0.01555	0.00791	0.06294	0.07560	0.03067	0.01138	0.01249	0.00871	0.00660	0.00455	0.00209	0.00534	0.00414	0.00455	0.00782
3	0.01070	0.00766	0.00942	0.00978	0.01071	0.00796	0.00716	0.01359	0.07475	0.01683	0.02603	0.05093	0.02796	0.40038	0.08077	0.00538	0.00722	0.22232	0.00495	0.00549
4	0.01615	0.47479	0.31290	0.01454	0.02195	0.02216	0.01681	0.02055	0.01385	0.01797	0.01041	0.01212	0.00857	0.00599	0.00513	0.00171	0.00827	0.00414	0.00286	0.00913
5	0.16458	0.24682	0.29460	0.01445	0.02144	0.01945	0.01597	0.11118	0.01582	0.02408	0.01128	0.01281	0.00869	0.00638	0.00539	0.00190	0.00789	0.00445	0.00361	0.00924
6	0.01286	0.21826	0.16658	0.01158	0.01619	0.04861	0.01158	0.01615	0.01519	0.01937	0.13712	0.08544	0.19408	0.01105	0.00658	0.00200	0.00619	0.00897	0.00466	0.00754
7	0.01339	0.21672	0.16774	0.01247	0.01680	0.01462	0.01237	0.01675	0.01280	0.04322	0.04067	0.02142	0.01501	0.06880	0.29264	0.00557	0.01172	0.00608	0.00358	0.00761

[dist]
# distance from previous block
# <min> <max>
1	6

[block]
# block no. 8 follows, 32 sequences, length 8
# corresponding to MSA columns:
# 582-589
name=unknown_I
#
# <colnr> <probs for GDERKNQSTAVLIFYWHMCP>
#	G	D	E	R	K	N	Q	S	T	A	V	L	I	F	Y	W	H	M	C	P
0	0.01432	0.05396	0.42658	0.01641	0.02331	0.01489	0.01873	0.01977	0.01380	0.05842	0.03676	0.01667	0.01159	0.01050	0.06188	0.00273	0.10711	0.00544	0.00346	0.08368
1	0.06321	0.04061	0.23472	0.01461	0.02031	0.09582	0.06387	0.02036	0.01446	0.08634	0.01432	0.01791	0.01140	0.06191	0.00919	0.05025	0.00796	0.00550	0.05413	0.11312
2	0.05751	0.06316	0.23737	0.01583	0.02149	0.01355	0.12165	0.02040	0.07982	0.07311	0.04406	0.14082	0.06276	0.00988	0.00694	0.00222	0.00738	0.00873	0.00467	0.00863
3	0.01070	0.00937	0.01170	0.01088	0.01225	0.01062	0.00850	0.01363	0.05810	0.01974	0.16851	0.13130	0.26902	0.01491	0.01187	0.00248	0.21265	0.01165	0.00557	0.00655
4	0.01541	0.01330	0.01493	0.01501	0.08202	0.01471	0.01060	0.05913	0.48235	0.02624	0.03317	0.03137	0.15225	0.01027	0.00701	0.00224	0.00529	0.00862	0.00638	0.00971
5	0.00959	0.00719	0.01078	0.01078	0.01198	0.00839	0.00839	0.01198	0.01078	0.01558	0.01797	0.02636	0.01677	0.05032	0.73760	0.01078	0.01797	0.00719	0.00359	0.00599
6	0.01661	0.01594	0.02724	0.04119	0.72233	0.01594	0.02059	0.02059	0.01528	0.02192	0.01262	0.01661	0.01063	0.00598	0.00664	0.00199	0.00797	0.00598	0.00332	0.01063
7	0.00796	0.00667	0.00693	0.00713	0.00915	0.00564	0.00525	0.00959	0.01497	0.01799	0.06390	0.15605	0.63077	0.01752	0.00801	0.00233	0.00346	0.01481	0.00623	0.00564

[dist]
# distance from previous block
# <min> <max>
6	14

[block]
# block no. 9 follows, 32 sequences, length 61
# corresponding to MSA columns:
# 606-666
name=unknown_J
#
# <colnr> <probs for GDERKNQSTAVLIFYWHMCP>
#	G	D	E	R	K	N	Q	S	T	A	V	L	I	F	Y	W	H	M	C	P
0	0.01346	0.03471	0.72942	0.01912	0.02904	0.01558	0.02479	0.02125	0.01417	0.02125	0.01204	0.01417	0.00850	0.00637	0.00637	0.00212	0.00992	0.00496	0.00283	0.00992
1	0.01346	0.03471	0.72942	0.01912	0.02904	0.01558	0.02479	0.02125	0.01417	0.02125	0.01204	0.01417	0.00850	0.00637	0.00637	0.00212	0.00992	0.00496	0.00283	0.00992
2	0.81159	0.01298	0.00986	0.00882	0.01298	0.01505	0.00727	0.01972	0.01142	0.03010	0.00934	0.01090	0.00727	0.00623	0.00415	0.00208	0.00519	0.00363	0.00415	0.00727
3	0.01794	0.76823	0.03516	0.01148	0.01722	0.02655	0.01148	0.02009	0.01363	0.01579	0.00933	0.01076	0.00861	0.00574	0.00431	0.00144	0.00718	0.00359	0.00287	0.00861
