[name]
unknown

[dist]
# distance from previous block
# <min> <max>
0	110

[block]
# block no. 0 follows, 23 sequences, length 7
# corresponding to MSA columns:
# 404-410
name=unknown_A
#
# <colnr> <probs for GDERKNQSTAVLIFYWHMCP>
#	G	D	E	R	K	N	Q	S	T	A	V	L	I	F	Y	W	H	M	C	P
0	0.01293	0.01110	0.01642	0.01503	0.01735	0.01138	0.08638	0.01787	0.08793	0.02390	0.09889	0.32383	0.10885	0.02201	0.06003	0.00376	0.05102	0.01633	0.00684	0.00815
1	0.01148	0.00829	0.01085	0.01021	0.01212	0.00766	0.00766	0.01531	0.02297	0.03254	0.65994	0.06061	0.07656	0.01659	0.00957	0.00255	0.00383	0.01467	0.00893	0.00766
2	0.01627	0.04197	0.67279	0.02313	0.03512	0.01884	0.02998	0.02570	0.01713	0.02570	0.01456	0.01713	0.01028	0.00771	0.00771	0.00257	0.01199	0.00600	0.00343	0.01199
3	0.01742	0.01685	0.02654	0.09052	0.02692	0.02129	0.12068	0.02066	0.01451	0.02207	0.01396	0.02039	0.01220	0.01175	0.01928	0.00312	0.42801	0.00759	0.09717	0.00908
4	0.01755	0.01780	0.02484	0.56158	0.09953	0.10026	0.02187	0.02250	0.01724	0.02107	0.01426	0.02065	0.01093	0.00807	0.00801	0.00261	0.01120	0.00697	0.00371	0.00936
5	0.01607	0.01789	0.09165	0.53883	0.13665	0.01828	0.02362	0.02181	0.01662	0.02203	0.01455	0.02096	0.01104	0.00795	0.00806	0.00265	0.01078	0.00709	0.00364	0.00984
6	0.01486	0.01060	0.01318	0.01370	0.01598	0.01098	0.01092	0.02206	0.15302	0.05256	0.07401	0.19431	0.04222	0.04771	0.01120	0.00341	0.00633	0.25562	0.03871	0.00861

[dist]
# distance from previous block
# <min> <max>
0	5

[block]
# block no. 1 follows, 23 sequences, length 40
# corresponding to MSA columns:
# 416-441,443-456
name=unknown_B
#
# <colnr> <probs for GDERKNQSTAVLIFYWHMCP>
#	G	D	E	R	K	N	Q	S	T	A	V	L	I	F	Y	W	H	M	C	P
0	0.77215	0.01569	0.01193	0.01067	0.01569	0.01820	0.00879	0.02385	0.01381	0.03641	0.01130	0.01318	0.00879	0.00753	0.00502	0.00251	0.00628	0.00439	0.00502	0.00879
1	0.02939	0.02186	0.02357	0.01798	0.02455	0.02367	0.01482	0.57301	0.03593	0.04857	0.01896	0.01921	0.01361	0.00935	0.00790	0.00231	0.00863	0.00705	0.00777	0.09188
2	0.09642	0.01513	0.01824	0.01348	0.02034	0.01271	0.04528	0.02308	0.05312	0.05080	0.01590	0.01789	0.01272	0.00664	0.00631	0.00156	0.00653	0.00540	0.00517	0.57327
3	0.01787	0.07068	0.02421	0.01927	0.02028	0.05905	0.01603	0.01997	0.01443	0.02084	0.07874	0.02219	0.01782	0.01524	0.04555	0.00357	0.51364	0.00763	0.00417	0.00884
4	0.01409	0.00705	0.01057	0.01057	0.01057	0.00705	0.00705	0.01057	0.01057	0.01409	0.01409	0.02467	0.01409	0.02819	0.03171	0.76392	0.00705	0.00705	0.00352	0.00352
5	0.01167	0.01033	0.05083	0.01088	0.01345	0.00829	0.00892	0.01573	0.02236	0.03152	0.58771	0.05898	0.10602	0.01628	0.00946	0.00256	0.00434	0.01429	0.00852	0.00787
6	0.01679	0.01546	0.02528	0.58356	0.12069	0.01860	0.02236	0.05857	0.01780	0.02321	0.01482	0.02133	0.01122	0.00811	0.00810	0.00266	0.01057	0.00722	0.00392	0.00972
7	0.03348	0.01681	0.02048	0.01589	0.02210	0.01660	0.01307	0.22263	0.07516	0.43248	0.02826	0.02533	0.01852	0.01002	0.00815	0.00251	0.00749	0.00798	0.00932	0.01373
8	0.02538	0.01955	0.01875	0.01635	0.02116	0.12281	0.01278	0.03958	0.37725	0.18048	0.02927	0.02717	0.02124	0.01030	0.00798	0.00255	0.00773	0.00824	0.03913	0.01231
9	0.01951	0.01507	0.01901	0.01373	0.02087	0.01199	0.04426	0.04545	0.01840	0.09426	0.01655	0.01832	0.01294	0.00661	0.00651	0.00147	0.00663	0.00551	0.00544	0.61748
10	0.14115	0.01293	0.01537	0.01378	0.01733	0.01337	0.04382	0.06864	0.11482	0.03061	0.14117	0.21204	0.03721	0.01490	0.00850	0.00271	0.00608	0.03221	0.00712	0.06623
11	0.01235	0.00900	0.01133	0.01124	0.01358	0.00777	0.00804	0.01458	0.01707	0.04506	0.10965	0.43408	0.08345	0.01966	0.00926	0.00272	0.00491	0.01754	0.00722	0.16149
12	0.01445	0.00869	0.01035	0.00961	0.01216	0.00790	0.00732	0.01779	0.02066	0.09591	0.32250	0.05444	0.19160	0.01523	0.00856	0.00244	0.00420	0.01298	0.17512	0.00809
13	0.02120	0.04223	0.02512	0.18598	0.03235	0.01912	0.09404	0.16763	0.11982	0.05437	0.01924	0.02221	0.01455	0.01013	0.00981	0.06005	0.00912	0.00754	0.00577	0.07971
14	0.09303	0.01520	0.05693	0.13634	0.02457	0.04790	0.05876	0.02058	0.01655	0.08964	0.04880	0.05711	0.07770	0.20326	0.01717	0.00405	0.00860	0.00991	0.00549	0.00840
15	0.01762	0.01351	0.01529	0.01209	0.01720	0.01240	0.00960	0.06134	0.07882	0.02945	0.01966	0.02201	0.01570	0.00806	0.00724	0.00173	0.03830	0.00625	0.21247	0.40129
16	0.01694	0.09672	0.49609	0.09234	0.03563	0.02005	0.04933	0.02589	0.04683	0.02500	0.01520	0.01803	0.01110	0.00781	0.00763	0.00253	0.01138	0.00626	0.00370	0.01154
17	0.01030	0.00746	0.00974	0.01084	0.01182	0.00689	0.00749	0.01241	0.01772	0.02400	0.21408	0.49920	0.09241	0.02276	0.01010	0.00306	0.00444	0.02047	0.00791	0.00689
18	0.02237	0.01556	0.01875	0.01605	0.02061	0.01665	0.04525	0.11380	0.28883	0.13325	0.03103	0.08307	0.02505	0.01210	0.00838	0.00269	0.00689	0.04609	0.08188	0.01170
19	0.00997	0.00750	0.00924	0.01036	0.01159	0.00677	0.00718	0.01181	0.01710	0.02227	0.11878	0.47262	0.21897	0.02320	0.01007	0.00307	0.00446	0.02060	0.00768	0.00677
20	0.03084	0.02151	0.02345	0.01811	0.02448	0.02351	0.01492	0.54250	0.07004	0.11456	0.02153	0.02092	0.01505	0.00984	0.00813	0.00246	0.00858	0.00750	0.00833	0.01375
21	0.69504	0.01642	0.01322	0.01150	0.01668	0.01893	0.00948	0.08765	0.01634	0.03794	0.01215	0.01384	0.00931	0.00776	0.00534	0.00250	0.00655	0.00470	0.00534	0.00931
22	0.01005	0.00718	0.00961	0.01149	0.01203	0.00673	0.00782	0.01159	0.01570	0.02090	0.04463	0.67722	0.05330	0.02526	0.01040	0.00332	0.00485	0.05374	0.00753	0.00664
23	0.01659	0.08080	0.63669	0.02260	0.03430	0.01960	0.02906	0.02562	0.01709	0.02532	0.01437	0.01690	0.01029	0.00767	0.00757	0.00252	0.01180	0.00590	0.00343	0.01190
24	0.01683	0.01442	0.01683	0.01202	0.01923	0.01082	0.00961	0.02043	0.01683	0.02644	0.01442	0.01683	0.01202	0.00601	0.00601	0.00120	0.00601	0.00481	0.00481	0.76444
25	0.71502	0.01560	0.01230	0.01077	0.01596	0.01764	0.00885	0.02359	0.01404	0.03565	0.01153	0.01346	0.00903	0.00742	0.00510	0.00241	0.00626	0.00443	0.00501	0.06594
26	0.01445	0.00873	0.01320	0.08282	0.01639	0.00964	0.00975	0.01260	0.01168	0.01568	0.01523	0.02698	0.01503	0.02477	0.02791	0.59144	0.05987	0.03544	0.00372	0.00469
27	0.01532	0.01442	0.02434	0.69533	0.05589	0.01803	0.02253	0.02073	0.01622	0.02073	0.01442	0.02163	0.01082	0.00811	0.00811	0.00270	0.01082	0.00721	0.00361	0.00901
28	0.01159	0.00869	0.01304	0.01304	0.01449	0.01014	0.01014	0.01449	0.01304	0.01884	0.02173	0.03188	0.02029	0.06086	0.68268	0.01304	0.02173	0.00869	0.00435	0.00724
29	0.01900	0.02296	0.08134	0.03361	0.04202	0.02043	0.60236	0.02598	0.01904	0.02598	0.01632	0.02163	0.01220	0.00689	0.00948	0.00273	0.01359	0.00938	0.00407	0.01100
30	0.01180	0.00787	0.00885	0.00885	0.00885	0.00787	0.00492	0.01180	0.01180	0.01573	0.02557	0.05310	0.02950	0.71483	0.04130	0.00787	0.00787	0.01180	0.00492	0.00492
31	0.01532	0.01442	0.02434	0.69533	0.05589	0.01803	0.02253	0.02073	0.01622	0.02073	0.01442	0.02163	0.01082	0.00811	0.00811	0.00270	0.01082	0.00721	0.00361	0.00901
32	0.01167	0.00820	0.01010	0.00962	0.01165	0.00754	0.00722	0.01526	0.02165	0.03084	0.50633	0.05929	0.14798	0.01626	0.00910	0.00250	0.00386	0.01414	0.09926	0.00754
33	0.01647	0.01318	0.01752	0.25204	0.02937	0.01506	0.01387	0.09643	0.09553	0.02519	0.02362	0.07186	0.02218	0.20416	0.01741	0.00414	0.00853	0.03453	0.03019	0.00871
34	0.03641	0.01381	0.01883	0.01444	0.02071	0.01193	0.01193	0.03954	0.02322	0.66984	0.03201	0.02762	0.02009	0.01004	0.00816	0.00251	0.00690	0.00816	0.01004	0.01381
35	0.01651	0.03426	0.46195	0.02485	0.03516	0.01837	0.18358	0.02471	0.01775	0.02549	0.02015	0.02296	0.06001	0.00846	0.00833	0.00263	0.01183	0.00776	0.00391	0.01133
36	0.03031	0.03867	0.02299	0.02090	0.02508	0.68226	0.01568	0.03240	0.02299	0.01986	0.01254	0.01463	0.01045	0.00836	0.00732	0.00209	0.01463	0.00523	0.00418	0.00941
37	0.05289	0.01177	0.01469	0.01226	0.01674	0.01058	0.00968	0.02849	0.04290	0.37362	0.07570	0.07399	0.17010	0.05617	0.01056	0.00294	0.00603	0.01135	0.00874	0.01081
38	0.01685	0.00937	0.01245	0.01129	0.01400	0.00847	0.00859	0.02021	0.02207	0.17340	0.44016	0.13707	0.06099	0.01627	0.00936	0.00264	0.00463	0.01430	0.00900	0.00889
39	0.77215	0.01569	0.01193	0.01067	0.01569	0.01820	0.00879	0.02385	0.01381	0.03641	0.01130	0.01318	0.00879	0.00753	0.00502	0.00251	0.00628	0.00439	0.00502	0.00879

[dist]
# distance from previous block
# <min> <max>
0	1

[block]
# block no. 2 follows, 23 sequences, length 19
# corresponding to MSA columns:
# 458-475,481
name=unknown_C
#
# <colnr> <probs for GDERKNQSTAVLIFYWHMCP>
#	G	D	E	R	K	N	Q	S	T	A	V	L	I	F	Y	W	H	M	C	P
0	0.01381	0.01162	0.01776	0.25036	0.09987	0.01280	0.01520	0.01825	0.04600	0.02264	0.02966	0.29106	0.03126	0.01593	0.00911	0.00295	0.00760	0.05959	0.03603	0.00851
1	0.03085	0.02273	0.02435	0.01867	0.02516	0.02516	0.01542	0.63716	0.03815	0.05114	0.01948	0.01948	0.01380	0.00974	0.00812	0.00244	0.00893	0.00731	0.00812	0.01380
2	0.01937	0.35791	0.24794	0.05227	0.02805	0.02432	0.04602	0.02465	0.01707	0.03947	0.01452	0.01845	0.01205	0.00783	0.00669	0.00217	0.00990	0.02631	0.00386	0.04115
3	0.01822	0.01411	0.01686	0.01251	0.01908	0.01130	0.01002	0.04150	0.01764	0.07357	0.01657	0.01913	0.01345	0.01162	0.07025	0.00246	0.00766	0.00550	0.00526	0.61330
4	0.14623	0.02163	0.02242	0.01742	0.02369	0.02408	0.01439	0.54170	0.03436	0.04885	0.01821	0.01850	0.01302	0.00940	0.00764	0.00245	0.00852	0.00685	0.00764	0.01302
5	0.01770	0.12522	0.39970	0.01879	0.02793	0.01796	0.02192	0.02427	0.01724	0.06713	0.01860	0.09391	0.01594	0.00954	0.00751	0.00239	0.00975	0.00768	0.00448	0.09236
6	0.01105	0.00843	0.01052	0.01090	0.01281	0.00736	0.00768	0.01313	0.01691	0.02300	0.11216	0.45773	0.12544	0.02098	0.00953	0.00284	0.00473	0.01871	0.00728	0.11880
7	0.03085	0.02273	0.02435	0.01867	0.02516	0.02516	0.01542	0.63716	0.03815	0.05114	0.01948	0.01948	0.01380	0.00974	0.00812	0.00244	0.00893	0.00731	0.00812	0.01380
8	0.01929	0.41913	0.32205	0.01798	0.02717	0.02622	0.02102	0.02492	0.01677	0.02202	0.01274	0.01484	0.01035	0.00728	0.00632	0.00211	0.01015	0.00507	0.00345	0.01111
9	0.01820	0.01312	0.01555	0.01178	0.01792	0.01022	0.00935	0.02142	0.01789	0.11486	0.02787	0.05815	0.10732	0.00951	0.00701	0.00170	0.00580	0.00785	0.00604	0.51842
10	0.01009	0.00720	0.00930	0.01090	0.01141	0.00674	0.00719	0.01137	0.01525	0.02021	0.04418	0.61026	0.07656	0.10156	0.01375	0.00378	0.00503	0.02157	0.00724	0.00642
11	0.02368	0.01646	0.01827	0.01581	0.02076	0.01804	0.01247	0.06080	0.46842	0.17297	0.03423	0.03116	0.04765	0.01112	0.00828	0.00269	0.00652	0.00919	0.00861	0.01286
12	0.01128	0.00829	0.01056	0.00999	0.01200	0.00757	0.00750	0.01492	0.02249	0.03140	0.59770	0.06249	0.13951	0.01702	0.00957	0.00257	0.00386	0.01494	0.00878	0.00757
13	0.10333	0.01984	0.01876	0.01654	0.02134	0.08316	0.01296	0.10581	0.45409	0.03478	0.02725	0.02576	0.02048	0.01024	0.00780	0.00263	0.00746	0.00808	0.00751	0.01219
14	0.01277	0.00806	0.01110	0.01198	0.01321	0.00787	0.00852	0.01467	0.01572	0.08171	0.03850	0.49698	0.04320	0.03171	0.15702	0.00535	0.00864	0.01852	0.00707	0.00742
15	0.02135	0.02294	0.04359	0.03163	0.03933	0.08255	0.53479	0.02750	0.01979	0.06820	0.01709	0.02158	0.01265	0.00720	0.00927	0.00266	0.01332	0.00907	0.00451	0.01099
16	0.09805	0.01620	0.02384	0.52199	0.11429	0.04920	0.02098	0.02205	0.01652	0.02299	0.01409	0.02023	0.01080	0.00797	0.00773	0.00262	0.01038	0.00682	0.00383	0.00941
17	0.15529	0.02113	0.01971	0.01681	0.02124	0.12235	0.01337	0.17208	0.17833	0.06116	0.02014	0.02178	0.01566	0.03748	0.01084	0.00281	0.08512	0.00713	0.00646	0.01112
18	0.02740	0.01339	0.01704	0.01381	0.01872	0.01266	0.01112	0.08948	0.07770	0.37578	0.20982	0.03647	0.03598	0.01196	0.00857	0.00254	0.00618	0.01002	0.00939	0.01197

[dist]
# distance from previous block
# <min> <max>
1	3

[block]
# block no. 3 follows, 23 sequences, length 56
# corresponding to MSA columns:
# 486-541
name=unknown_D
#
# <colnr> <probs for GDERKNQSTAVLIFYWHMCP>
#	G	D	E	R	K	N	Q	S	T	A	V	L	I	F	Y	W	H	M	C	P
0	0.02105	0.01841	0.06377	0.01572	0.02077	0.01834	0.01324	0.22538	0.24831	0.03635	0.03363	0.07417	0.09908	0.01232	0.00829	0.00261	0.00705	0.01007	0.05984	0.01161
1	0.02456	0.01237	0.01601	0.01275	0.01783	0.01068	0.01022	0.02863	0.04195	0.33247	0.21935	0.03565	0.03584	0.01129	0.00818	0.00228	0.00578	0.00953	0.00864	0.15599
2	0.01683	0.01442	0.01683	0.01202	0.01923	0.01082	0.00961	0.02043	0.01683	0.02644	0.01442	0.01683	0.01202	0.00601	0.00601	0.00120	0.00601	0.00481	0.00481	0.76444
3	0.01809	0.01634	0.02533	0.30455	0.15610	0.01906	0.04007	0.09786	0.01881	0.02556	0.01717	0.06932	0.01496	0.01206	0.03533	0.00315	0.10307	0.00846	0.00456	0.01014
4	0.01180	0.00787	0.00885	0.00885	0.00885	0.00787	0.00492	0.01180	0.01180	0.01573	0.02557	0.05310	0.02950	0.71483	0.04130	0.00787	0.00787	0.01180	0.00492	0.00492
5	0.01672	0.11445	0.04168	0.01355	0.01718	0.09545	0.01104	0.05178	0.09211	0.02593	0.15033	0.17481	0.13303	0.01532	0.00856	0.00258	0.00689	0.01283	0.00677	0.00897
6	0.01797	0.08213	0.10703	0.02641	0.13262	0.03874	0.17278	0.02523	0.10058	0.02511	0.02239	0.14238	0.02081	0.01118	0.00927	0.00269	0.03649	0.01041	0.00508	0.01069
7	0.01809	0.06949	0.49986	0.02307	0.03303	0.08088	0.06489	0.02583	0.01744	0.02445	0.01407	0.01706	0.01045	0.00814	0.00901	0.00257	0.06058	0.00615	0.00355	0.01140
8	0.01005	0.00719	0.00956	0.01119	0.01181	0.00670	0.00754	0.01171	0.01630	0.02192	0.10773	0.64307	0.05601	0.02452	0.01028	0.00322	0.00462	0.02221	0.00768	0.00670
9	0.01883	0.02158	0.13491	0.19287	0.13426	0.03992	0.08869	0.06368	0.07724	0.04625	0.05677	0.02485	0.01765	0.03613	0.00956	0.00279	0.01010	0.00805	0.00499	0.01089
10	0.02275	0.63600	0.04012	0.01475	0.02135	0.11202	0.01410	0.02529	0.01729	0.01919	0.01144	0.01322	0.01042	0.00712	0.00547	0.00178	0.00941	0.00445	0.00356	0.01029
11	0.02042	0.01572	0.01949	0.04257	0.11678	0.01701	0.01406	0.10471	0.26279	0.07365	0.07252	0.05602	0.02680	0.03943	0.00972	0.00287	0.00715	0.04529	0.04155	0.01145
12	0.01599	0.03657	0.01618	0.01401	0.01673	0.07923	0.03060	0.02313	0.16348	0.02608	0.18413	0.10414	0.09759	0.09979	0.01384	0.00332	0.04729	0.01219	0.00691	0.00878
13	0.08132	0.01276	0.01665	0.01328	0.01854	0.01144	0.01080	0.03330	0.02253	0.49047	0.16471	0.03368	0.03138	0.01127	0.00825	0.00252	0.00620	0.00929	0.00946	0.01215
14	0.01055	0.00772	0.00991	0.01051	0.01184	0.00708	0.00745	0.01308	0.01907	0.02597	0.31572	0.36328	0.12559	0.02109	0.00994	0.00292	0.00426	0.01882	0.00814	0.00708
15	0.01550	0.03773	0.59216	0.02169	0.03228	0.01736	0.02725	0.02395	0.01694	0.02509	0.01823	0.10129	0.01555	0.00986	0.00803	0.00266	0.01111	0.00807	0.00393	0.01134
16	0.05887	0.15832	0.08449	0.01841	0.02352	0.39109	0.01568	0.02774	0.01964	0.02088	0.01356	0.01660	0.01155	0.01439	0.08895	0.00342	0.01379	0.00552	0.00404	0.00954
17	0.10922	0.12607	0.44911	0.01978	0.02958	0.02064	0.02370	0.02689	0.07470	0.02688	0.01543	0.01731	0.01145	0.00789	0.00710	0.00247	0.01035	0.00587	0.00407	0.01147
18	0.01752	0.01729	0.03174	0.21844	0.26993	0.01812	0.16827	0.02275	0.01736	0.02387	0.01609	0.02237	0.01307	0.01390	0.09043	0.00386	0.01240	0.00796	0.00397	0.01066
19	0.01735	0.01018	0.01257	0.01114	0.01444	0.00932	0.00864	0.02193	0.06602	0.17610	0.33200	0.05515	0.20154	0.01566	0.00916	0.00260	0.00478	0.01339	0.00880	0.00924
20	0.01677	0.10419	0.61493	0.02228	0.03381	0.02006	0.02850	0.02557	0.01707	0.02509	0.01426	0.01675	0.01029	0.00764	0.00748	0.00249	0.01169	0.00584	0.00343	0.01185
21	0.01134	0.00783	0.00883	0.00902	0.00941	0.00761	0.00534	0.01173	0.01300	0.01700	0.03441	0.12332	0.10872	0.55989	0.03428	0.00678	0.00709	0.01360	0.00550	0.00532
22	0.01602	0.01429	0.04791	0.21377	0.05421	0.01449	0.01550	0.09089	0.05297	0.02976	0.23722	0.04320	0.03845	0.01299	0.00897	0.00273	0.00762	0.08300	0.00663	0.00940
23	0.01444	0.00896	0.01172	0.01065	0.01312	0.00815	0.00812	0.01812	0.02284	0.10961	0.56260	0.05724	0.09095	0.01594	0.00940	0.00255	0.00421	0.01397	0.00902	0.00837
24	0.01963	0.08178	0.02753	0.20808	0.09141	0.02102	0.07298	0.13935	0.02060	0.02750	0.01964	0.02665	0.04341	0.01052	0.01107	0.00274	0.11548	0.04528	0.00495	0.01037
25	0.01136	0.00811	0.01030	0.01028	0.01135	0.00807	0.00710	0.01335	0.01622	0.02233	0.22504	0.11300	0.08181	0.26765	0.15234	0.00652	0.00883	0.01343	0.00644	0.00648
26	0.01940	0.01604	0.05765	0.05089	0.02138	0.01564	0.01304	0.12398	0.21487	0.08512	0.05536	0.17334	0.07249	0.01450	0.00884	0.00280	0.00687	0.02934	0.00764	0.01080
27	0.77215	0.01569	0.01193	0.01067	0.01569	0.01820	0.00879	0.02385	0.01381	0.03641	0.01130	0.01318	0.00879	0.00753	0.00502	0.00251	0.00628	0.00439	0.00502	0.00879
28	0.01956	0.01952	0.08307	0.02019	0.02586	0.01852	0.14191	0.07079	0.32693	0.05193	0.02848	0.10916	0.02357	0.01149	0.00872	0.00277	0.00838	0.01051	0.00693	0.01171
29	0.01683	0.01442	0.01683	0.01202	0.01923	0.01082	0.00961	0.02043	0.01683	0.02644	0.01442	0.01683	0.01202	0.00601	0.00601	0.00120	0.00601	0.00481	0.00481	0.76444
30	0.02007	0.01194	0.01473	0.01263	0.01699	0.01063	0.00992	0.04784	0.05317	0.19833	0.08107	0.15803	0.10785	0.01446	0.00856	0.00249	0.00586	0.04927	0.00779	0.16837
31	0.01683	0.01442	0.01683	0.01202	0.01923	0.01082	0.00961	0.02043	0.01683	0.02644	0.01442	0.01683	0.01202	0.00601	0.00601	0.00120	0.00601	0.00481	0.00481	0.76444
32	0.01927	0.02237	0.14538	0.03196	0.28396	0.01854	0.06914	0.08241	0.09821	0.03023	0.09615	0.02581	0.02164	0.00912	0.00832	0.00253	0.00922	0.00834	0.00541	0.01200
33	0.00996	0.00823	0.00874	0.00861	0.01119	0.00701	0.00646	0.01237	0.01938	0.02401	0.19599	0.07465	0.54583	0.01977	0.00959	0.00270	0.00405	0.01664	0.00781	0.00701
34	0.02745	0.02058	0.02084	0.09899	0.02591	0.12073	0.01437	0.28666	0.02777	0.13549	0.02076	0.02183	0.01491	0.00934	0.00764	0.00235	0.00897	0.00714	0.11664	0.01164
35	0.01409	0.00705	0.01057	0.01057	0.01057	0.00705	0.00705	0.01057	0.01057	0.01409	0.01409	0.02467	0.01409	0.02819	0.03171	0.76392	0.00705	0.00705	0.00352	0.00352
36	0.01177	0.00799	0.00950	0.00950	0.00972	0.00822	0.00572	0.01222	0.01199	0.01621	0.02498	0.04982	0.02808	0.61390	0.14029	0.00867	0.01001	0.01132	0.00483	0.00528
37	0.02008	0.01928	0.03294	0.04981	0.66422	0.01928	0.02490	0.02490	0.01848	0.02651	0.01526	0.02008	0.01285	0.00723	0.00803	0.00241	0.00964	0.00723	0.00402	0.01285
38	0.09164	0.57230	0.03734	0.01444	0.02087	0.10985	0.01363	0.02524	0.01703	0.02077	0.01144	0.01323	0.01027	0.00717	0.00545	0.00185	0.00918	0.00445	0.00370	0.01014
39	0.56005	0.15289	0.01881	0.01223	0.01754	0.08183	0.01040	0.02472	0.01517	0.03156	0.01141	0.01328	0.00925	0.00750	0.00527	0.00232	0.00750	0.00446	0.00465	0.00916
40	0.01619	0.01326	0.01388	0.01311	0.01503	0.07313	0.00956	0.09232	0.05049	0.02294	0.02510	0.07399	0.02555	0.28455	0.19091	0.00723	0.01186	0.04767	0.00556	0.00766
41	0.01627	0.04197	0.67279	0.02313	0.03512	0.01884	0.02998	0.02570	0.01713	0.02570	0.01456	0.01713	0.01028	0.00771	0.00771	0.00257	0.01199	0.00600	0.00343	0.01199
42	0.00984	0.00809	0.00866	0.00882	0.01119	0.00691	0.00650	0.01201	0.01864	0.02297	0.14252	0.15288	0.52149	0.02070	0.00968	0.00279	0.00415	0.01757	0.00769	0.00691
43	0.01195	0.00808	0.00953	0.00975	0.01004	0.00813	0.00611	0.01251	0.01268	0.01689	0.02753	0.05695	0.03123	0.60530	0.06252	0.00757	0.00836	0.08434	0.00521	0.00532
44	0.03085	0.02273	0.02435	0.01867	0.02516	0.02516	0.01542	0.63716	0.03815	0.05114	0.01948	0.01948	0.01380	0.00974	0.00812	0.00244	0.00893	0.00731	0.00812	0.01380
45	0.06609	0.02156	0.02281	0.01794	0.02406	0.02405	0.01469	0.51496	0.13130	0.04775	0.02116	0.02083	0.01524	0.00983	0.00798	0.00249	0.00841	0.00745	0.00798	0.01340
46	0.10731	0.01458	0.02283	0.61211	0.05100	0.01805	0.02086	0.02111	0.01593	0.02264	0.01404	0.02061	0.01057	0.00804	0.00774	0.00268	0.01026	0.00687	0.00378	0.00899
47	0.01614	0.01486	0.02434	0.65975	0.05427	0.01840	0.02216	0.05314	0.01738	0.02233	0.01469	0.02152	0.01097	0.00820	0.00811	0.00269	0.01072	0.00722	0.00384	0.00927
48	0.01955	0.01556	0.01842	0.01588	0.02042	0.01686	0.05044	0.06412	0.38278	0.08113	0.03955	0.03776	0.13817	0.01496	0.04403	0.00326	0.00742	0.01044	0.00779	0.01147
49	0.01787	0.01857	0.10416	0.39175	0.18396	0.01758	0.02279	0.02341	0.01744	0.06843	0.01716	0.02434	0.01348	0.00865	0.00819	0.00266	0.01027	0.03449	0.00430	0.01049
50	0.00986	0.00823	0.00859	0.00850	0.01112	0.00696	0.00638	0.01216	0.01913	0.02342	0.16399	0.07562	0.57820	0.01999	0.00959	0.00271	0.00407	0.01678	0.00773	0.00696
51	0.01591	0.01133	0.01477	0.01609	0.09320	0.01091	0.01061	0.06225	0.04974	0.08743	0.22421	0.16885	0.16937	0.01650	0.00924	0.00270	0.00551	0.01441	0.00782	0.00917
52	0.02148	0.02073	0.01872	0.01692	0.02126	0.13998	0.01304	0.03943	0.49626	0.03129	0.06850	0.02932	0.02540	0.01088	0.00817	0.00262	0.00776	0.00880	0.00756	0.01189
53	0.08874	0.38811	0.24035	0.01674	0.02496	0.02573	0.01851	0.02603	0.06098	0.02385	0.01387	0.01557	0.01123	0.00753	0.00621	0.00215	0.00936	0.00522	0.00394	0.01094
54	0.10928	0.07267	0.02089	0.01648	0.02100	0.24156	0.03207	0.14662	0.02297	0.05458	0.01921	0.08174	0.01658	0.01016	0.00725	0.00230	0.00959	0.00765	0.09739	0.01001
55	0.22357	0.24710	0.17190	0.01628	0.02347	0.10394	0.01645	0.06858	0.01823	0.02757	0.01275	0.01463	0.01019	0.00764	0.00618	0.00222	0.00952	0.00504	0.00429	0.01045

[dist]
# distance from previous block
# <min> <max>
0	4

[block]
# block no. 4 follows, 23 sequences, length 48
# corresponding to MSA columns:
# 546-593
name=unknown_E
#
# <colnr> <probs for GDERKNQSTAVLIFYWHMCP>
#	G	D	E	R	K	N	Q	S	T	A	V	L	I	F	Y	W	H	M	C	P
0	0.01964	0.01558	0.02348	0.22478	0.21523	0.01684	0.01845	0.02761	0.13364	0.10358	0.09577	0.02804	0.02275	0.00961	0.00829	0.00259	0.00839	0.00856	0.00596	0.01123
1	0.03043	0.02252	0.02412	0.01859	0.02501	0.02497	0.01532	0.61408	0.06191	0.05047	0.02001	0.01990	0.01423	0.00979	0.00812	0.00245	0.00883	0.00738	0.00812	0.01376
2	0.01454	0.01130	0.01317	0.01199	0.01489	0.01155	0.00919	0.06256	0.16401	0.03307	0.42145	0.05275	0.11676	0.01526	0.00918	0.00261	0.00478	0.01319	0.00859	0.00915
3	0.01001	0.00712	0.00938	0.01114	0.01157	0.00668	0.00736	0.01133	0.01529	0.02038	0.04345	0.66587	0.05206	0.07128	0.01242	0.00360	0.00492	0.02232	0.00736	0.00648
4	0.01221	0.01018	0.01091	0.01068	0.01348	0.00993	0.00799	0.01910	0.16269	0.02540	0.11425	0.14719	0.38852	0.01867	0.00938	0.00280	0.00469	0.01587	0.00782	0.00825
5	0.01005	0.00816	0.00843	0.00841	0.01063	0.00706	0.00600	0.01181	0.01748	0.02123	0.09452	0.07299	0.52644	0.14340	0.01521	0.00364	0.00476	0.01609	0.00713	0.00654
6	0.01778	0.01772	0.02646	0.02449	0.08558	0.02336	0.05461	0.02020	0.01345	0.02057	0.01197	0.01889	0.01142	0.01526	0.05450	0.00383	0.55959	0.00733	0.00367	0.00931
7	0.09312	0.02084	0.04294	0.07101	0.04057	0.02014	0.53684	0.02547	0.01845	0.02671	0.01579	0.02101	0.01188	0.00698	0.00904	0.00271	0.01278	0.00893	0.00416	0.01062
8	0.02359	0.01385	0.01647	0.01394	0.01837	0.01411	0.01104	0.07987	0.21204	0.23346	0.19089	0.03633	0.03542	0.01194	0.00841	0.00255	0.00596	0.01002	0.05013	0.01161
9	0.08149	0.01539	0.02063	0.08258	0.02506	0.01503	0.04701	0.12062	0.02353	0.39764	0.02928	0.02766	0.05655	0.01011	0.00810	0.00255	0.00774	0.00831	0.00831	0.01240
10	0.01242	0.00901	0.01371	0.01357	0.01529	0.00831	0.06952	0.01451	0.01654	0.06131	0.04337	0.56239	0.08346	0.02235	0.01010	0.00316	0.00569	0.02047	0.00735	0.00748
11	0.02380	0.06124	0.02246	0.01774	0.02274	0.10457	0.05472	0.13400	0.22579	0.09869	0.06093	0.03230	0.02392	0.01127	0.00837	0.00261	0.00853	0.06745	0.00729	0.01158
12	0.02169	0.71972	0.04252	0.01388	0.02083	0.03211	0.01388	0.02430	0.01649	0.01909	0.01128	0.01302	0.01041	0.00694	0.00521	0.00174	0.00868	0.00434	0.00347	0.01041
13	0.01738	0.04043	0.63698	0.02265	0.03433	0.01847	0.02899	0.02646	0.01746	0.06097	0.01552	0.01771	0.01082	0.00784	0.00773	0.00257	0.01171	0.00611	0.00379	0.01209
14	0.77215	0.01569	0.01193	0.01067	0.01569	0.01820	0.00879	0.02385	0.01381	0.03641	0.01130	0.01318	0.00879	0.00753	0.00502	0.00251	0.00628	0.00439	0.00502	0.00879
15	0.01627	0.04197	0.67279	0.02313	0.03512	0.01884	0.02998	0.02570	0.01713	0.02570	0.01456	0.01713	0.01028	0.00771	0.00771	0.00257	0.01199	0.00600	0.00343	0.01199
16	0.00959	0.00822	0.00822	0.00822	0.01096	0.00685	0.00617	0.01165	0.01850	0.02192	0.08220	0.07809	0.66092	0.02055	0.00959	0.00274	0.00411	0.01713	0.00754	0.00685
17	0.01976	0.01895	0.03234	0.09417	0.62241	0.01919	0.02474	0.02462	0.01832	0.02611	0.01521	0.02019	0.01271	0.00729	0.00804	0.00243	0.00972	0.00723	0.00399	0.01259
18	0.01513	0.00756	0.00756	0.00756	0.00945	0.00756	0.00567	0.01891	0.01702	0.03025	0.02647	0.03025	0.02080	0.00945	0.00567	0.00189	0.00378	0.00756	0.75988	0.00756
19	0.02192	0.01690	0.01818	0.01580	0.02060	0.01881	0.01244	0.11728	0.45378	0.08959	0.03602	0.03335	0.08562	0.01170	0.00836	0.00269	0.00656	0.00963	0.00832	0.01246
20	0.03641	0.01381	0.01883	0.01444	0.02071	0.01193	0.01193	0.03954	0.02322	0.66984	0.03201	0.02762	0.02009	0.01004	0.00816	0.00251	0.00690	0.00816	0.01004	0.01381
21	0.02018	0.01743	0.01835	0.01651	0.02110	0.02018	0.01284	0.04312	0.64956	0.03394	0.03303	0.03027	0.02477	0.01101	0.00826	0.00275	0.00642	0.00917	0.00826	0.01284
22	0.03031	0.03867	0.02299	0.02090	0.02508	0.68226	0.01568	0.03240	0.02299	0.01986	0.01254	0.01463	0.01045	0.00836	0.00732	0.00209	0.01463	0.00523	0.00418	0.00941
23	0.01568	0.01476	0.02459	0.54985	0.14692	0.01748	0.02181	0.02077	0.01672	0.02170	0.01906	0.02515	0.05438	0.00880	0.00820	0.00266	0.01019	0.00787	0.00393	0.00946
24	0.03458	0.01422	0.01881	0.01458	0.02064	0.01278	0.01199	0.07147	0.04612	0.58927	0.05527	0.02852	0.02206	0.01031	0.00821	0.00252	0.00688	0.00840	0.00983	0.01354
25	0.77215	0.01569	0.01193	0.01067	0.01569	0.01820	0.00879	0.02385	0.01381	0.03641	0.01130	0.01318	0.00879	0.00753	0.00502	0.00251	0.00628	0.00439	0.00502	0.00879
26	0.01699	0.01666	0.02380	0.08702	0.02413	0.02293	0.01758	0.01922	0.01285	0.01959	0.01196	0.01933	0.01149	0.01756	0.08050	0.00427	0.57449	0.00725	0.00362	0.00875
27	0.02208	0.01130	0.01454	0.01234	0.01628	0.01043	0.00973	0.02724	0.07883	0.28594	0.31953	0.04579	0.08401	0.01372	0.00889	0.00256	0.00530	0.01173	0.00923	0.01052
28	0.02080	0.01424	0.01642	0.01377	0.01775	0.01478	0.01084	0.21529	0.08883	0.09944	0.28740	0.04172	0.06319	0.04607	0.01033	0.00279	0.00618	0.01113	0.00848	0.01054
29	0.02172	0.01819	0.01921	0.01682	0.02168	0.02090	0.01321	0.12850	0.56168	0.03641	0.03108	0.02872	0.02319	0.01083	0.00824	0.00271	0.00678	0.00891	0.00824	0.01298
30	0.01865	0.01781	0.03034	0.24471	0.48054	0.01890	0.02419	0.02364	0.01780	0.02476	0.01501	0.02055	0.01224	0.00750	0.00806	0.00250	0.01000	0.00722	0.00389	0.01169
31	0.08030	0.01420	0.01820	0.01414	0.02013	0.01297	0.01165	0.07733	0.02332	0.55726	0.02962	0.02632	0.01901	0.00984	0.00784	0.00247	0.00684	0.00784	0.04751	0.01318
32	0.01784	0.01566	0.02471	0.27165	0.20031	0.01743	0.03975	0.06216	0.01849	0.04956	0.02361	0.07338	0.07340	0.01082	0.00990	0.00271	0.06420	0.00931	0.00490	0.01021
33	0.00989	0.00706	0.00942	0.01130	0.01177	0.00659	0.00753	0.01130	0.01554	0.02071	0.04472	0.70954	0.05367	0.02542	0.01036	0.00330	0.00471	0.02307	0.00753	0.00659
34	0.01639	0.01308	0.01682	0.04111	0.08544	0.01324	0.03266	0.07820	0.11056	0.05199	0.04652	0.05453	0.24193	0.05676	0.01111	0.00312	0.00686	0.10324	0.00701	0.00944
35	0.01047	0.00773	0.00979	0.01039	0.01178	0.00705	0.00737	0.01293	0.01891	0.02554	0.29163	0.35643	0.15771	0.02120	0.00993	0.00292	0.00427	0.01885	0.00808	0.00705
36	0.01708	0.07250	0.52479	0.02472	0.03575	0.01983	0.14156	0.02568	0.01747	0.02542	0.01474	0.01781	0.01066	0.00751	0.00793	0.00256	0.01214	0.00658	0.00355	0.01172
37	0.03395	0.01327	0.01804	0.01402	0.01987	0.01151	0.01151	0.03716	0.02320	0.60704	0.09388	0.03087	0.02565	0.01069	0.00830	0.00251	0.00660	0.00880	0.00993	0.01320
38	0.06921	0.01397	0.01646	0.01233	0.01881	0.01140	0.00990	0.02268	0.01716	0.11036	0.01709	0.01919	0.01351	0.01101	0.06021	0.00240	0.00740	0.00553	0.00547	0.55591
39	0.02006	0.01432	0.01716	0.01242	0.01947	0.01100	0.01000	0.02359	0.01788	0.13264	0.01733	0.01861	0.01335	0.00668	0.00636	0.00142	0.00616	0.00536	0.00567	0.64054
40	0.07135	0.01836	0.02584	0.05432	0.30448	0.02013	0.01866	0.16546	0.02124	0.03076	0.01638	0.02249	0.01409	0.07848	0.01351	0.00312	0.09741	0.00749	0.00505	0.01138
41	0.00995	0.00800	0.00887	0.00914	0.01130	0.00693	0.00667	0.01216	0.01862	0.02336	0.16594	0.19965	0.44921	0.02088	0.00974	0.00282	0.00418	0.01791	0.00775	0.00693
42	0.01532	0.01442	0.02434	0.69533	0.05589	0.01803	0.02253	0.02073	0.01622	0.02073	0.01442	0.02163	0.01082	0.00811	0.00811	0.00270	0.01082	0.00721	0.00361	0.00901
43	0.00999	0.00716	0.00964	0.01141	0.01194	0.00681	0.00769	0.01150	0.01538	0.02060	0.04331	0.66778	0.05161	0.02760	0.05179	0.00390	0.00576	0.02218	0.00734	0.00663
44	0.01683	0.01442	0.01683	0.01202	0.01923	0.01082	0.00961	0.02043	0.01683	0.02644	0.01442	0.01683	0.01202	0.00601	0.00601	0.00120	0.00601	0.00481	0.00481	0.76444
45	0.01579	0.01490	0.02518	0.63172	0.11583	0.01815	0.02277	0.02114	0.01645	0.02130	0.01451	0.02148	0.01102	0.00803	0.00810	0.00268	0.01070	0.00721	0.00365	0.00939
46	0.09434	0.02051	0.03723	0.02753	0.03463	0.02055	0.41493	0.07097	0.13709	0.03022	0.01921	0.02242	0.01438	0.00788	0.00878	0.00270	0.01128	0.00883	0.00524	0.01128
47	0.01147	0.00858	0.01279	0.01292	0.01430	0.00990	0.00996	0.01427	0.01321	0.01897	0.02331	0.07845	0.02258	0.05842	0.63647	0.01237	0.02056	0.00968	0.00457	0.00720

[dist]
# distance from previous block
# <min> <max>
0	13

[block]
# block no. 5 follows, 23 sequences, length 46
# corresponding to MSA columns:
# 607-644,647-654
name=unknown_F
#
# <colnr> <probs for GDERKNQSTAVLIFYWHMCP>
#	G	D	E	R	K	N	Q	S	T	A	V	L	I	F	Y	W	H	M	C	P
0	0.01709	0.14444	0.57750	0.02173	0.03296	0.02085	0.02755	0.02549	0.01703	0.02470	0.01407	0.01651	0.01030	0.00759	0.00733	0.00244	0.01149	0.00575	0.00343	0.01175
1	0.01999	0.50682	0.24051	0.01679	0.02532	0.02794	0.01894	0.02474	0.01669	0.02117	0.01231	0.01431	0.01037	0.00718	0.00599	0.00200	0.00972	0.00486	0.00346	0.01091
2	0.71423	0.01771	0.06257	0.01163	0.01718	0.01825	0.01041	0.02399	0.01406	0.03559	0.01155	0.01348	0.00890	0.00755	0.00523	0.00252	0.00671	0.00452	0.00490	0.00903
3	0.00989	0.00706	0.00942	0.01130	0.01177	0.00659	0.00753	0.01130	0.01554	0.02071	0.04472	0.70954	0.05367	0.02542	0.01036	0.00330	0.00471	0.02307	0.00753	0.00659
4	0.00980	0.00738	0.00909	0.01046	0.01155	0.00666	0.00716	0.01139	0.01635	0.02104	0.05499	0.53657	0.22001	0.02409	0.01015	0.00314	0.00454	0.02144	0.00753	0.00666
5	0.01155	0.00804	0.00950	0.00938	0.01008	0.00792	0.00594	0.01267	0.01460	0.01973	0.15336	0.05495	0.08791	0.47486	0.08069	0.00681	0.00782	0.01255	0.00586	0.00578
6	0.01789	0.03802	0.57438	0.02234	0.03299	0.01879	0.02770	0.02626	0.01723	0.07325	0.01556	0.01796	0.01104	0.00838	0.00919	0.00264	0.06433	0.00624	0.00393	0.01189
7	0.01996	0.01408	0.02357	0.01981	0.05540	0.01294	0.18020	0.04185	0.01985	0.18182	0.03959	0.16708	0.15930	0.01419	0.00926	0.00276	0.00794	0.01323	0.00705	0.01012
8	0.27032	0.33171	0.10162	0.01519	0.02190	0.07429	0.03891	0.02498	0.01627	0.02590	0.01195	0.01401	0.00994	0.00733	0.00576	0.00215	0.00890	0.00482	0.00406	0.01000
9	0.01627	0.04197	0.67279	0.02313	0.03512	0.01884	0.02998	0.02570	0.01713	0.02570	0.01456	0.01713	0.01028	0.00771	0.00771	0.00257	0.01199	0.00600	0.00343	0.01199
10	0.01569	0.01359	0.06269	0.01319	0.01680	0.01213	0.01099	0.02502	0.19314	0.07107	0.38127	0.06936	0.05325	0.01431	0.00901	0.00263	0.00536	0.01242	0.00836	0.00973
11	0.01039	0.00810	0.00946	0.00965	0.01172	0.00717	0.00716	0.01298	0.01943	0.02519	0.25703	0.17620	0.34992	0.02017	0.00978	0.00282	0.00427	0.04349	0.00797	0.00709
12	0.01541	0.01429	0.02382	0.59574	0.09772	0.01736	0.02139	0.02037	0.01606	0.02079	0.01532	0.02388	0.01237	0.06102	0.01059	0.00307	0.01051	0.00756	0.00373	0.00899
13	0.01011	0.00723	0.00965	0.01140	0.01201	0.00677	0.00778	0.01176	0.01608	0.02151	0.07796	0.64710	0.05460	0.02481	0.01035	0.00327	0.00478	0.04852	0.00761	0.00669
14	0.01907	0.01825	0.03111	0.18697	0.53496	0.01901	0.02440	0.02402	0.01800	0.02528	0.01508	0.02041	0.01242	0.00742	0.00805	0.00247	0.00989	0.00723	0.00393	0.01204
15	0.01337	0.00925	0.01180	0.01089	0.01322	0.00881	0.00826	0.01859	0.06995	0.06409	0.58195	0.05671	0.06989	0.01585	0.00940	0.00257	0.00417	0.01394	0.00894	0.00835
16	0.33524	0.01851	0.01808	0.01479	0.02043	0.02069	0.01211	0.26617	0.10277	0.08932	0.01873	0.01883	0.01357	0.00901	0.00686	0.00251	0.00737	0.00640	0.00700	0.01162
17	0.01222	0.01033	0.01169	0.01141	0.01327	0.04192	0.00861	0.01498	0.01975	0.02613	0.31602	0.16145	0.21043	0.01859	0.01092	0.00281	0.05661	0.03772	0.00767	0.00746
18	0.12237	0.01388	0.01696	0.01375	0.01912	0.01333	0.01116	0.03521	0.10841	0.42772	0.10439	0.03013	0.02606	0.01064	0.00795	0.00255	0.00639	0.00861	0.00904	0.01232
19	0.77215	0.01569	0.01193	0.01067	0.01569	0.01820	0.00879	0.02385	0.01381	0.03641	0.01130	0.01318	0.00879	0.00753	0.00502	0.00251	0.00628	0.00439	0.00502	0.00879
20	0.01683	0.01658	0.03008	0.40021	0.17956	0.01827	0.14166	0.02222	0.01724	0.02297	0.01633	0.05175	0.01343	0.00844	0.00848	0.00267	0.01086	0.00838	0.00396	0.01009
21	0.01683	0.01442	0.01683	0.01202	0.01923	0.01082	0.00961	0.02043	0.01683	0.02644	0.01442	0.01683	0.01202	0.00601	0.00601	0.00120	0.00601	0.00481	0.00481	0.76444
22	0.01866	0.01675	0.05907	0.01580	0.02155	0.01475	0.05967	0.07224	0.17446	0.06430	0.04946	0.09512	0.05475	0.01094	0.00795	0.00228	0.00703	0.00947	0.00660	0.23916
23	0.01764	0.01440	0.01691	0.01212	0.01929	0.01086	0.00971	0.02123	0.01709	0.05324	0.01515	0.01728	0.01235	0.00618	0.00610	0.00126	0.00605	0.00495	0.00503	0.73318
24	0.02100	0.01806	0.10155	0.05295	0.02331	0.01553	0.03661	0.18494	0.04645	0.11905	0.11562	0.14707	0.05567	0.01344	0.00877	0.00267	0.00761	0.01150	0.00739	0.01082
25	0.01092	0.00821	0.01011	0.00977	0.01181	0.00740	0.00728	0.01418	0.02144	0.02924	0.48178	0.10013	0.22182	0.01806	0.00962	0.00264	0.00395	0.01574	0.00851	0.00740
26	0.01896	0.01983	0.11794	0.01633	0.02148	0.01791	0.01443	0.10245	0.34480	0.03131	0.03002	0.03439	0.04923	0.10717	0.01283	0.00342	0.00771	0.03152	0.00698	0.01129
27	0.01409	0.00705	0.01057	0.01057	0.01057	0.00705	0.00705	0.01057	0.01057	0.01409	0.01409	0.02467	0.01409	0.02819	0.03171	0.76392	0.00705	0.00705	0.00352	0.00352
28	0.01595	0.01135	0.01496	0.06458	0.01875	0.01239	0.01118	0.12189	0.01870	0.05365	0.02744	0.18397	0.02756	0.08580	0.26410	0.00708	0.01271	0.03341	0.00606	0.00848
29	0.01736	0.01721	0.02408	0.02080	0.02082	0.02393	0.01724	0.01911	0.01258	0.01959	0.01237	0.05261	0.01282	0.01477	0.02581	0.00354	0.66495	0.00791	0.00375	0.00876
30	0.02541	0.21069	0.15452	0.01957	0.02597	0.38940	0.01801	0.02906	0.02021	0.02080	0.01262	0.01471	0.01041	0.00788	0.00686	0.00209	0.01262	0.00515	0.00386	0.01016
31	0.71423	0.01771	0.06257	0.01163	0.01718	0.01825	0.01041	0.02399	0.01406	0.03559	0.01155	0.01348	0.00890	0.00755	0.00523	0.00252	0.00671	0.00452	0.00490	0.00903
32	0.01673	0.03896	0.58584	0.02355	0.03481	0.01905	0.07426	0.02679	0.05604	0.02622	0.01583	0.01829	0.01132	0.00785	0.00788	0.00259	0.01178	0.00646	0.00377	0.01197
33	0.01566	0.01423	0.05532	0.06503	0.02036	0.01215	0.01165	0.10161	0.02127	0.02943	0.16768	0.08885	0.13320	0.01334	0.00839	0.00234	0.00633	0.03256	0.00669	0.19388
34	0.01035	0.00809	0.00942	0.00970	0.01174	0.00716	0.00720	0.01286	0.01918	0.02472	0.23069	0.19129	0.35553	0.02048	0.00981	0.00285	0.00433	0.04964	0.00791	0.00706
35	0.04623	0.01609	0.02300	0.07547	0.04769	0.01629	0.11823	0.15947	0.05091	0.06862	0.09585	0.08174	0.08133	0.01160	0.00855	0.00253	0.00807	0.01036	0.00665	0.07134
36	0.06106	0.04814	0.02083	0.01723	0.04334	0.20641	0.03453	0.07365	0.05989	0.07505	0.05348	0.02475	0.06473	0.00937	0.00740	0.00211	0.00905	0.00726	0.00580	0.17590
37	0.34745	0.26270	0.02508	0.04087	0.02078	0.11470	0.01234	0.05215	0.01717	0.02816	0.01195	0.01394	0.00988	0.00756	0.00566	0.00219	0.00856	0.00473	0.00445	0.00967
38	0.31287	0.09387	0.14452	0.01604	0.02234	0.04070	0.04535	0.02500	0.05967	0.02905	0.01648	0.01853	0.03518	0.00864	0.00791	0.00247	0.05988	0.00601	0.00468	0.05083
39	0.01532	0.01442	0.02434	0.69533	0.05589	0.01803	0.02253	0.02073	0.01622	0.02073	0.01442	0.02163	0.01082	0.00811	0.00811	0.00270	0.01082	0.00721	0.00361	0.00901
40	0.01361	0.01181	0.01605	0.06488	0.01802	0.01443	0.01177	0.01569	0.01427	0.01991	0.06661	0.03942	0.11880	0.16034	0.15053	0.00597	0.23527	0.01031	0.00491	0.00742
41	0.01747	0.03390	0.44720	0.02161	0.03109	0.05052	0.07028	0.06986	0.01950	0.02721	0.04334	0.02646	0.06558	0.00966	0.00820	0.00260	0.01096	0.02882	0.00452	0.01121
42	0.01176	0.00828	0.00931	0.00925	0.01108	0.00743	0.00641	0.01340	0.01699	0.05375	0.11452	0.13999	0.33139	0.20924	0.01824	0.00417	0.00532	0.01568	0.00708	0.00672
43	0.01818	0.02624	0.28478	0.01807	0.02539	0.01755	0.01898	0.13165	0.14548	0.03125	0.05670	0.08127	0.08584	0.01176	0.00836	0.00265	0.00865	0.00967	0.00616	0.01135
44	0.02383	0.07695	0.02272	0.05932	0.02436	0.19893	0.01468	0.14882	0.18187	0.02983	0.04166	0.02263	0.01762	0.01304	0.05096	0.00311	0.04538	0.00731	0.00602	0.01096
45	0.04204	0.01651	0.01823	0.01770	0.05918	0.04052	0.01325	0.13177	0.27603	0.03316	0.07100	0.04021	0.05893	0.01509	0.03847	0.00324	0.00788	0.09826	0.00745	0.01110

[dist]
# distance from previous block
# <min> <max>
4	5

[block]
# block no. 6 follows, 23 sequences, length 35
# corresponding to MSA columns:
# 660-694
name=unknown_G
#
# <colnr> <probs for GDERKNQSTAVLIFYWHMCP>
#	G	D	E	R	K	N	Q	S	T	A	V	L	I	F	Y	W	H	M	C	P
0	0.01511	0.01182	0.01326	0.01279	0.01579	0.01238	0.00999	0.05720	0.21087	0.02914	0.11355	0.11950	0.17250	0.01662	0.00915	0.00285	0.00558	0.10248	0.06016	0.00925
1	0.00996	0.00712	0.00948	0.01125	0.01179	0.00664	0.00754	0.01148	0.01587	0.02125	0.07249	0.68025	0.05470	0.02502	0.01032	0.00326	0.00467	0.02269	0.00760	0.00664
2	0.01821	0.01734	0.02908	0.18615	0.47984	0.01801	0.02288	0.02293	0.01799	0.02489	0.02048	0.02510	0.06472	0.00850	0.00818	0.00250	0.00945	0.00802	0.00421	0.01154
3	0.00986	0.00823	0.00859	0.00850	0.01112	0.00696	0.00638	0.01216	0.01913	0.02342	0.16380	0.07562	0.57839	0.01999	0.00959	0.00271	0.00407	0.01678	0.00773	0.00696
4	0.05857	0.13606	0.04532	0.01584	0.02167	0.10122	0.03364	0.13874	0.02233	0.10030	0.04892	0.07847	0.01910	0.00989	0.00733	0.00217	0.00842	0.00780	0.00606	0.13814
5	0.02501	0.12252	0.24414	0.01998	0.02760	0.24015	0.01995	0.10858	0.02219	0.07450	0.01543	0.01687	0.01155	0.00827	0.00735	0.00228	0.01166	0.00586	0.00479	0.01131
6	0.02916	0.01307	0.01695	0.01357	0.01878	0.01187	0.01100	0.06347	0.05258	0.45305	0.14488	0.03660	0.07415	0.01194	0.00851	0.00254	0.00625	0.00992	0.00950	0.01221
7	0.01870	0.01666	0.02288	0.12470	0.13065	0.04805	0.05694	0.09621	0.07142	0.02875	0.10043	0.07154	0.02452	0.01127	0.01030	0.00265	0.08244	0.00944	0.06223	0.01021
8	0.01532	0.01442	0.02434	0.69533	0.05589	0.01803	0.02253	0.02073	0.01622	0.02073	0.01442	0.02163	0.01082	0.00811	0.00811	0.00270	0.01082	0.00721	0.00361	0.00901
9	0.05492	0.12704	0.11993	0.06449	0.02645	0.04740	0.03696	0.22781	0.02458	0.09450	0.02165	0.02339	0.05211	0.03331	0.00873	0.00258	0.00923	0.00736	0.00605	0.01151
10	0.02169	0.71972	0.04252	0.01388	0.02083	0.03211	0.01388	0.02430	0.01649	0.01909	0.01128	0.01302	0.01041	0.00694	0.00521	0.00174	0.00868	0.00434	0.00347	0.01041
11	0.01532	0.01442	0.02434	0.69533	0.05589	0.01803	0.02253	0.02073	0.01622	0.02073	0.01442	0.02163	0.01082	0.00811	0.00811	0.00270	0.01082	0.00721	0.00361	0.00901
12	0.77215	0.01569	0.01193	0.01067	0.01569	0.01820	0.00879	0.02385	0.01381	0.03641	0.01130	0.01318	0.00879	0.00753	0.00502	0.00251	0.00628	0.00439	0.00502	0.00879
13	0.01627	0.04197	0.67279	0.02313	0.03512	0.01884	0.02998	0.02570	0.01713	0.02570	0.01456	0.01713	0.01028	0.00771	0.00771	0.00257	0.01199	0.00600	0.00343	0.01199
14	0.01159	0.00869	0.01304	0.01304	0.01449	0.01014	0.01014	0.01449	0.01304	0.01884	0.02173	0.03188	0.02029	0.06086	0.68268	0.01304	0.02173	0.00869	0.00435	0.00724
15	0.01932	0.04227	0.03048	0.07194	0.07816	0.02017	0.21180	0.06996	0.17317	0.02857	0.04255	0.02862	0.01946	0.01020	0.01054	0.00279	0.07632	0.04696	0.00565	0.01106
16	0.01283	0.00863	0.01076	0.01011	0.01248	0.00773	0.00762	0.01607	0.02157	0.07720	0.44678	0.09473	0.20804	0.01747	0.00951	0.00263	0.00417	0.01518	0.00862	0.00788
17	0.01786	0.01691	0.02770	0.33353	0.31704	0.01906	0.02266	0.02405	0.06099	0.02411	0.01589	0.02137	0.01267	0.00823	0.00900	0.00262	0.04393	0.00735	0.00410	0.01095
