[name]
unknown

[dist]
# distance from previous block
# <min> <max>
2	43

[block]
# block no. 0 follows, 35 sequences, length 16
# corresponding to MSA columns:
# 43-58
name=unknown_A
#
# <colnr> <probs for GDERKNQSTAVLIFYWHMCP>
#	G	D	E	R	K	N	Q	S	T	A	V	L	I	F	Y	W	H	M	C	P
0	0.01086	0.00812	0.00983	0.00888	0.01114	0.00786	0.03753	0.01549	0.12367	0.04988	0.20655	0.04319	0.27202	0.07690	0.00908	0.00237	0.00408	0.01035	0.08569	0.00651
1	0.00886	0.00696	0.00807	0.00779	0.00964	0.00645	0.00583	0.01237	0.07029	0.02186	0.38657	0.08322	0.32047	0.01416	0.00744	0.00209	0.00326	0.01219	0.00647	0.00601
2	0.02412	0.01777	0.01904	0.01460	0.01967	0.01967	0.01206	0.71633	0.02983	0.03998	0.01523	0.01523	0.01079	0.00762	0.00635	0.00190	0.00698	0.00571	0.00635	0.01079
3	0.00765	0.00648	0.00664	0.00672	0.00883	0.00547	0.00512	0.00933	0.01447	0.01724	0.06254	0.06164	0.69552	0.01615	0.00757	0.00219	0.00336	0.05181	0.00589	0.00538
4	0.01313	0.00854	0.01028	0.01007	0.01202	0.00868	0.00741	0.05182	0.16282	0.11231	0.05807	0.41085	0.03159	0.01438	0.00721	0.00229	0.00427	0.01271	0.05432	0.00724
5	0.01595	0.01358	0.01440	0.01294	0.01651	0.01563	0.01014	0.06458	0.66631	0.02687	0.02563	0.02512	0.01963	0.00890	0.00654	0.00217	0.00514	0.03360	0.00643	0.00991
6	0.00898	0.00648	0.00848	0.00798	0.00948	0.00599	0.00599	0.01197	0.01796	0.02544	0.73413	0.04739	0.05986	0.01297	0.00748	0.00200	0.00299	0.01147	0.00698	0.00599
7	0.00923	0.00615	0.00692	0.00692	0.00692	0.00615	0.00384	0.00923	0.00923	0.01230	0.01999	0.04151	0.02306	0.77705	0.03229	0.00615	0.00615	0.00923	0.00384	0.00384
8	0.00894	0.00653	0.00842	0.00808	0.00963	0.00602	0.00615	0.01182	0.01749	0.02441	0.64068	0.04988	0.11062	0.01348	0.00756	0.00206	0.00318	0.05229	0.00683	0.00593
9	0.02370	0.03023	0.01798	0.01634	0.01961	0.75158	0.01226	0.02533	0.01798	0.01553	0.00981	0.01144	0.00817	0.00654	0.00572	0.00163	0.01144	0.00409	0.00327	0.00735
10	0.01570	0.01507	0.02575	0.03894	0.73748	0.01507	0.01947	0.01947	0.01444	0.02073	0.01193	0.01570	0.01005	0.00565	0.00628	0.00188	0.00754	0.00565	0.00314	0.01005
11	0.01975	0.01452	0.08955	0.01323	0.01736	0.01360	0.01154	0.08387	0.22928	0.26732	0.02169	0.06467	0.01631	0.00897	0.00817	0.00215	0.09535	0.00699	0.00607	0.00963
12	0.00773	0.00552	0.00736	0.00883	0.00920	0.00515	0.00589	0.00883	0.01215	0.01619	0.03497	0.77291	0.04196	0.01987	0.00810	0.00258	0.00368	0.01803	0.00589	0.00515
13	0.00794	0.00561	0.00730	0.00856	0.00888	0.00529	0.00560	0.00889	0.01173	0.01564	0.03283	0.66886	0.03927	0.12759	0.01154	0.00308	0.00403	0.01678	0.00560	0.00497
14	0.02339	0.09567	0.02049	0.01421	0.01933	0.02023	0.01193	0.64514	0.02810	0.03742	0.01458	0.01471	0.01052	0.00739	0.00611	0.00185	0.00696	0.00547	0.00598	0.01052
15	0.17207	0.09141	0.01879	0.01416	0.04662	0.07078	0.01128	0.44176	0.02318	0.03290	0.01290	0.01357	0.00959	0.00693	0.00563	0.00184	0.00691	0.00494	0.00520	0.00953

[dist]
# distance from previous block
# <min> <max>
2	4

[block]
# block no. 1 follows, 35 sequences, length 27
# corresponding to MSA columns:
# 63-89
name=unknown_B
#
# <colnr> <probs for GDERKNQSTAVLIFYWHMCP>
#	G	D	E	R	K	N	Q	S	T	A	V	L	I	F	Y	W	H	M	C	P
0	0.00787	0.00569	0.00745	0.00859	0.00920	0.00527	0.00584	0.00924	0.01300	0.01741	0.12438	0.64201	0.08296	0.01879	0.00799	0.00248	0.00357	0.01695	0.00603	0.00527
1	0.07954	0.49110	0.13333	0.01260	0.01815	0.13947	0.01262	0.02015	0.01362	0.01683	0.00936	0.01086	0.00803	0.00573	0.00461	0.00154	0.00777	0.00370	0.00289	0.00810
2	0.02689	0.01047	0.01410	0.01092	0.01562	0.00903	0.00899	0.02928	0.01788	0.68736	0.02798	0.02456	0.06980	0.00847	0.00646	0.00198	0.00523	0.00691	0.00770	0.01039
3	0.01332	0.01142	0.01323	0.00962	0.01513	0.00892	0.00768	0.01709	0.05818	0.02104	0.01219	0.01382	0.01003	0.00495	0.00481	0.00102	0.00472	0.00397	0.00393	0.76494
4	0.00834	0.00592	0.00785	0.00905	0.00956	0.00573	0.00633	0.00962	0.01199	0.01598	0.03179	0.53841	0.03726	0.12104	0.05298	0.00352	0.00505	0.10901	0.00547	0.00510
5	0.00923	0.00615	0.00692	0.00692	0.00692	0.00615	0.00384	0.00923	0.00923	0.01230	0.01999	0.04151	0.02306	0.77705	0.03229	0.00615	0.00615	0.00923	0.00384	0.00384
6	0.00856	0.00653	0.00790	0.00773	0.00945	0.00587	0.00591	0.01107	0.01649	0.02207	0.44837	0.05398	0.29154	0.01439	0.00759	0.00212	0.00329	0.06487	0.00652	0.00576
7	0.01667	0.01189	0.01329	0.01169	0.01504	0.01295	0.00913	0.08107	0.41637	0.12480	0.11871	0.06776	0.02470	0.00959	0.00659	0.00209	0.00481	0.00808	0.03552	0.00925
8	0.01064	0.00554	0.00812	0.00825	0.00828	0.00551	0.00546	0.00836	0.00865	0.01153	0.01355	0.08578	0.01431	0.05985	0.02372	0.70419	0.00538	0.00678	0.00308	0.00302
9	0.01012	0.00684	0.00822	0.00801	0.00865	0.00721	0.00529	0.04401	0.01080	0.01519	0.01908	0.03465	0.02012	0.49486	0.20567	0.00654	0.00858	0.00818	0.07316	0.00480
10	0.01497	0.01711	0.03743	0.02674	0.03316	0.01604	0.71444	0.02032	0.01497	0.02032	0.01283	0.01711	0.00963	0.00535	0.00749	0.00214	0.01070	0.00749	0.00321	0.00856
11	0.01218	0.00701	0.00724	0.00701	0.00878	0.00727	0.00531	0.01719	0.11131	0.02416	0.06837	0.02522	0.01956	0.00792	0.00491	0.00160	0.00324	0.00645	0.64879	0.00648
12	0.00847	0.00625	0.00755	0.00758	0.00879	0.00573	0.00534	0.01032	0.01469	0.01974	0.34100	0.17039	0.20703	0.14481	0.01181	0.00283	0.00370	0.01263	0.00601	0.00534
13	0.00934	0.00736	0.00853	0.00808	0.01006	0.00701	0.00611	0.01375	0.10572	0.02282	0.42246	0.04895	0.27921	0.01345	0.00736	0.00206	0.00332	0.01157	0.00655	0.00629
14	0.08220	0.01620	0.01701	0.01352	0.01812	0.01809	0.01104	0.51676	0.15338	0.03613	0.01685	0.01667	0.01223	0.00766	0.00612	0.00194	0.00633	0.00581	0.03374	0.01019
15	0.01839	0.01041	0.01256	0.01056	0.01390	0.01027	0.00830	0.11920	0.11549	0.26583	0.17602	0.06913	0.08063	0.04990	0.00813	0.00225	0.00485	0.00874	0.00681	0.00862
16	0.05680	0.00827	0.00964	0.00901	0.01121	0.00822	0.00682	0.04743	0.09095	0.10324	0.23617	0.18661	0.08694	0.01235	0.00680	0.00208	0.00391	0.01064	0.09593	0.00698
17	0.00766	0.00642	0.00668	0.00675	0.00878	0.00544	0.00508	0.00937	0.01456	0.01759	0.09749	0.08613	0.65384	0.01608	0.00756	0.00217	0.00330	0.03375	0.00595	0.00540
18	0.01183	0.00591	0.00591	0.00591	0.00739	0.00591	0.00443	0.01478	0.01330	0.02365	0.02069	0.02365	0.01626	0.00739	0.00443	0.00148	0.00296	0.00591	0.81227	0.00591
19	0.01176	0.00697	0.00878	0.00838	0.00969	0.00681	0.00589	0.01360	0.02639	0.11300	0.15453	0.11959	0.04599	0.27997	0.11175	0.00452	0.00632	0.00982	0.05043	0.00581
20	0.01256	0.00936	0.01065	0.00990	0.01209	0.00980	0.00736	0.07283	0.21796	0.05156	0.17892	0.16025	0.09685	0.10849	0.01028	0.00266	0.00451	0.01060	0.00614	0.00724
21	0.01139	0.00819	0.01073	0.01213	0.07426	0.00805	0.00832	0.01530	0.09885	0.07153	0.08696	0.28110	0.12585	0.03684	0.00830	0.00248	0.00461	0.12253	0.00588	0.00673
22	0.01930	0.01610	0.02105	0.04071	0.31115	0.03326	0.01487	0.32277	0.06597	0.02921	0.01437	0.01614	0.01104	0.00690	0.00656	0.00192	0.02322	0.00574	0.02969	0.01005
23	0.07381	0.01197	0.01482	0.10595	0.15033	0.06682	0.01136	0.04808	0.05052	0.08079	0.05362	0.12976	0.02070	0.05843	0.00823	0.00238	0.00630	0.07180	0.02676	0.00758
24	0.00989	0.00646	0.00821	0.00890	0.00984	0.00615	0.00610	0.01190	0.04933	0.07115	0.04972	0.55168	0.06640	0.09995	0.01046	0.00286	0.00411	0.01530	0.00587	0.00572
25	0.10903	0.01623	0.01736	0.01348	0.01838	0.01773	0.01112	0.54157	0.04285	0.12509	0.01601	0.01569	0.01118	0.00749	0.00610	0.00192	0.00652	0.00559	0.00628	0.01036
26	0.05603	0.01485	0.06140	0.23475	0.18055	0.03969	0.09646	0.05500	0.06625	0.02091	0.04800	0.03308	0.01334	0.00721	0.00691	0.00207	0.03245	0.01902	0.00375	0.00829

[dist]
# distance from previous block
# <min> <max>
5	8

[block]
# block no. 2 follows, 35 sequences, length 15
# corresponding to MSA columns:
# 98-112
name=unknown_C
#
# <colnr> <probs for GDERKNQSTAVLIFYWHMCP>
#	G	D	E	R	K	N	Q	S	T	A	V	L	I	F	Y	W	H	M	C	P
0	0.01956	0.04543	0.05059	0.03859	0.15200	0.16511	0.01369	0.25307	0.09373	0.02590	0.01405	0.01566	0.01093	0.00901	0.04303	0.00229	0.02809	0.00545	0.00454	0.00928
1	0.00905	0.00621	0.00713	0.00723	0.00756	0.00608	0.00440	0.00952	0.01048	0.01387	0.06436	0.07688	0.08198	0.60929	0.02690	0.00531	0.00562	0.03954	0.00435	0.00422
2	0.01435	0.01124	0.01328	0.00954	0.01512	0.00852	0.00766	0.01714	0.01354	0.07687	0.01235	0.01381	0.00989	0.00494	0.00483	0.00102	0.00475	0.00396	0.00408	0.75311
3	0.01666	0.17109	0.22254	0.05766	0.11910	0.10608	0.04594	0.04208	0.03273	0.06432	0.01328	0.01502	0.02489	0.00630	0.00575	0.00179	0.00815	0.00501	0.00349	0.03811
4	0.62227	0.01175	0.01006	0.00882	0.01272	0.01310	0.00720	0.02032	0.05284	0.11377	0.01568	0.01602	0.06016	0.00700	0.00462	0.00199	0.00485	0.00471	0.00468	0.00742
5	0.02107	0.08602	0.01952	0.01475	0.01860	0.19320	0.01200	0.31981	0.10518	0.02719	0.01374	0.01471	0.01063	0.00774	0.00790	0.00194	0.10672	0.00528	0.00485	0.00915
6	0.01230	0.01038	0.01207	0.00897	0.01381	0.00797	0.00704	0.01489	0.01330	0.02023	0.05684	0.02007	0.06436	0.04865	0.00658	0.00137	0.00458	0.00518	0.00410	0.66732
7	0.00912	0.00602	0.00772	0.00818	0.00855	0.00598	0.00542	0.00936	0.01043	0.01388	0.02476	0.22311	0.05928	0.31008	0.08841	0.14612	0.00626	0.04865	0.00434	0.00433
8	0.01682	0.24060	0.03468	0.11640	0.10128	0.06791	0.01233	0.10418	0.07454	0.04695	0.01472	0.05715	0.01240	0.00722	0.00558	0.00178	0.00683	0.00572	0.06449	0.00842
9	0.07076	0.01038	0.01506	0.12628	0.18325	0.01081	0.01151	0.01645	0.02978	0.09095	0.03585	0.11416	0.08192	0.01236	0.04347	0.06941	0.03018	0.00792	0.00436	0.03515
10	0.01548	0.26934	0.25850	0.01616	0.04559	0.01829	0.07753	0.02031	0.04676	0.05653	0.01199	0.01396	0.00944	0.00655	0.00711	0.00188	0.08892	0.00487	0.02209	0.00869
11	0.01567	0.01269	0.01345	0.01185	0.01516	0.03328	0.00925	0.10811	0.42484	0.05269	0.16492	0.02883	0.06233	0.00964	0.00667	0.00207	0.00495	0.00805	0.00648	0.00905
12	0.00992	0.00666	0.00800	0.00803	0.00944	0.00613	0.00584	0.01152	0.01377	0.06627	0.15463	0.13469	0.24029	0.19999	0.01364	0.00322	0.00440	0.09237	0.00570	0.00549
13	0.03822	0.01225	0.01980	0.24330	0.37284	0.01305	0.01580	0.01728	0.01350	0.03600	0.01538	0.04251	0.03751	0.04942	0.00768	0.00220	0.00711	0.00646	0.04144	0.00824
14	0.05253	0.04152	0.02228	0.05226	0.45968	0.07314	0.01609	0.06990	0.05628	0.04665	0.01382	0.04305	0.01158	0.00665	0.00614	0.00190	0.00733	0.00592	0.00384	0.00944

[dist]
# distance from previous block
# <min> <max>
0	7

[block]
# block no. 3 follows, 35 sequences, length 39
# corresponding to MSA columns:
# 120-158
name=unknown_D
#
# <colnr> <probs for GDERKNQSTAVLIFYWHMCP>
#	G	D	E	R	K	N	Q	S	T	A	V	L	I	F	Y	W	H	M	C	P
0	0.00865	0.00647	0.00806	0.00791	0.00949	0.00588	0.00598	0.01121	0.01662	0.02262	0.49862	0.09526	0.20862	0.01436	0.00760	0.00212	0.00326	0.05488	0.00660	0.00579
1	0.00813	0.00585	0.00741	0.00850	0.00908	0.00549	0.00579	0.00925	0.01211	0.01589	0.03548	0.53212	0.10898	0.13877	0.01190	0.00312	0.00419	0.06738	0.00556	0.00502
2	0.01315	0.01128	0.01315	0.00940	0.01503	0.00846	0.00752	0.01597	0.01315	0.02067	0.01128	0.01315	0.00940	0.00470	0.00470	0.00094	0.00470	0.00376	0.00376	0.81583
3	0.00797	0.00571	0.00758	0.00867	0.00926	0.00532	0.00591	0.00945	0.01329	0.01801	0.17246	0.63023	0.04548	0.01852	0.00798	0.00246	0.00355	0.01674	0.00610	0.00532
4	0.02297	0.01689	0.01816	0.01422	0.01906	0.01872	0.01165	0.58708	0.13772	0.06152	0.01721	0.01676	0.01229	0.00778	0.00636	0.00194	0.00662	0.00596	0.00641	0.01067
5	0.00825	0.00632	0.00749	0.00757	0.00908	0.00565	0.00555	0.01029	0.01526	0.02010	0.31913	0.16847	0.31543	0.04483	0.00857	0.00233	0.00338	0.03053	0.00624	0.00552
6	0.00817	0.00588	0.00768	0.00886	0.00950	0.00552	0.00621	0.00955	0.01272	0.01686	0.07504	0.56268	0.08297	0.06495	0.00957	0.00277	0.00402	0.09601	0.00582	0.00521
7	0.00913	0.00619	0.00730	0.00737	0.00751	0.00629	0.00439	0.00943	0.00948	0.01276	0.02042	0.07655	0.02323	0.65990	0.10902	0.00641	0.00720	0.00941	0.00390	0.00411
8	0.01573	0.05890	0.01450	0.01186	0.01536	0.01433	0.00936	0.02912	0.52177	0.08162	0.06727	0.04828	0.06559	0.00939	0.00647	0.00209	0.00489	0.00782	0.00632	0.00932
9	0.22279	0.01047	0.01106	0.00998	0.01288	0.01111	0.00775	0.12851	0.05660	0.12023	0.02159	0.20914	0.02045	0.04623	0.00732	0.00231	0.00495	0.02873	0.06036	0.00753
10	0.01072	0.00787	0.01059	0.01179	0.01345	0.00807	0.01021	0.01500	0.07879	0.01967	0.03289	0.06724	0.03496	0.01672	0.00855	0.00285	0.00577	0.63274	0.00590	0.00622
11	0.00771	0.00643	0.00672	0.00665	0.00870	0.00544	0.00498	0.00951	0.01495	0.01831	0.15865	0.05913	0.63979	0.01563	0.00750	0.00212	0.00318	0.01312	0.00604	0.00544
12	0.16006	0.01020	0.01227	0.01001	0.01398	0.00964	0.00812	0.02453	0.04392	0.43186	0.13916	0.02629	0.06512	0.00887	0.00621	0.00199	0.00478	0.00715	0.00686	0.00898
13	0.01656	0.01075	0.01226	0.01077	0.01346	0.01138	0.00812	0.09933	0.24282	0.15453	0.02305	0.03100	0.01996	0.26024	0.01501	0.00344	0.00572	0.04780	0.00581	0.00799
14	0.02370	0.03023	0.01798	0.01634	0.01961	0.75158	0.01226	0.02533	0.01798	0.01553	0.00981	0.01144	0.00817	0.00654	0.00572	0.00163	0.01144	0.00409	0.00327	0.00735
15	0.02271	0.02667	0.01725	0.01555	0.01896	0.59972	0.01176	0.02692	0.12815	0.05382	0.01306	0.01385	0.01029	0.00693	0.00587	0.00173	0.01014	0.00468	0.00400	0.00795
16	0.00781	0.00558	0.00745	0.00892	0.00933	0.00522	0.00603	0.00897	0.01222	0.01628	0.03492	0.75034	0.04178	0.01980	0.00812	0.00259	0.00375	0.03981	0.00589	0.00517
17	0.01375	0.00777	0.00797	0.00727	0.00931	0.00807	0.00563	0.12461	0.01589	0.02621	0.01984	0.02233	0.01540	0.00743	0.00473	0.00154	0.00359	0.00588	0.68610	0.00668
18	0.00773	0.00552	0.00736	0.00883	0.00920	0.00515	0.00589	0.00883	0.01215	0.01619	0.03497	0.77291	0.04196	0.01987	0.00810	0.00258	0.00368	0.01803	0.00589	0.00515
19	0.01617	0.01479	0.02479	0.07768	0.60060	0.01513	0.03708	0.04289	0.01484	0.04866	0.01240	0.01595	0.01013	0.00603	0.00685	0.00194	0.03516	0.00573	0.00340	0.00978
20	0.01085	0.00951	0.01188	0.01137	0.01243	0.06517	0.00884	0.01280	0.01065	0.01472	0.01542	0.02337	0.01466	0.08366	0.54945	0.00826	0.12121	0.00657	0.00333	0.00586
21	0.05349	0.00757	0.00967	0.00860	0.01085	0.00701	0.00664	0.01578	0.01763	0.15684	0.56769	0.04079	0.04910	0.01168	0.00710	0.00199	0.00353	0.01013	0.00699	0.00691
22	0.38738	0.20369	0.03448	0.01070	0.01527	0.01798	0.00943	0.13360	0.09193	0.02658	0.01177	0.01259	0.00920	0.00635	0.00468	0.00183	0.00582	0.00423	0.00426	0.00822
23	0.00890	0.00648	0.00836	0.00789	0.00943	0.00595	0.00592	0.01181	0.01776	0.02497	0.69640	0.04816	0.09788	0.01314	0.00748	0.00200	0.00301	0.01158	0.00692	0.00595
24	0.02654	0.01219	0.01541	0.01191	0.01678	0.01149	0.00979	0.14937	0.06302	0.55799	0.02302	0.02040	0.01491	0.00777	0.00633	0.00194	0.00563	0.00624	0.00740	0.03188
25	0.00921	0.00621	0.00721	0.00721	0.00731	0.00631	0.00420	0.00941	0.00931	0.01251	0.01972	0.04005	0.02243	0.71262	0.09585	0.00651	0.00711	0.00901	0.00380	0.00400
26	0.00906	0.00680	0.01020	0.01020	0.01133	0.00793	0.00793	0.01133	0.01020	0.01473	0.01699	0.02492	0.01586	0.04758	0.75191	0.01020	0.01699	0.00680	0.00340	0.00566
27	0.00906	0.00680	0.01020	0.01020	0.01133	0.00793	0.00793	0.01133	0.01020	0.01473	0.01699	0.02492	0.01586	0.04758	0.75191	0.01020	0.01699	0.00680	0.00340	0.00566
28	0.00815	0.00664	0.00724	0.00705	0.00905	0.00583	0.00530	0.01061	0.03532	0.01978	0.25541	0.05609	0.52123	0.01497	0.00746	0.00210	0.00320	0.01267	0.00622	0.00567
29	0.82186	0.01227	0.00932	0.00834	0.01227	0.01423	0.00687	0.01865	0.01080	0.02846	0.00883	0.01031	0.00687	0.00589	0.00393	0.00196	0.00491	0.00344	0.00393	0.00687
30	0.01198	0.01128	0.01903	0.76180	0.04369	0.01409	0.01762	0.01621	0.01268	0.01621	0.01128	0.01691	0.00846	0.00634	0.00634	0.00211	0.00846	0.00564	0.00282	0.00705
31	0.02412	0.01777	0.01904	0.01460	0.01967	0.01967	0.01206	0.71633	0.02983	0.03998	0.01523	0.01523	0.01079	0.00762	0.00635	0.00190	0.00698	0.00571	0.00635	0.01079
32	0.00773	0.00552	0.00736	0.00883	0.00920	0.00515	0.00589	0.00883	0.01215	0.01619	0.03497	0.77291	0.04196	0.01987	0.00810	0.00258	0.00368	0.01803	0.00589	0.00515
33	0.01578	0.01363	0.01434	0.01291	0.01650	0.01578	0.01004	0.03371	0.72602	0.02654	0.02582	0.02367	0.01937	0.00861	0.00646	0.00215	0.00502	0.00717	0.00646	0.01004
34	0.01578	0.01363	0.01434	0.01291	0.01650	0.01578	0.01004	0.03371	0.72602	0.02654	0.02582	0.02367	0.01937	0.00861	0.00646	0.00215	0.00502	0.00717	0.00646	0.01004
35	0.00866	0.00647	0.00804	0.00765	0.00928	0.00585	0.00574	0.01136	0.01721	0.02366	0.59038	0.05032	0.20473	0.01363	0.00749	0.00203	0.00304	0.01188	0.00675	0.00585
36	0.00923	0.00615	0.00692	0.00692	0.00692	0.00615	0.00384	0.00923	0.00923	0.01230	0.01999	0.04151	0.02306	0.77705	0.03229	0.00615	0.00615	0.00923	0.00384	0.00384
37	0.02374	0.02888	0.01809	0.01615	0.01962	0.67231	0.01224	0.10018	0.01926	0.01817	0.01039	0.01185	0.00846	0.00665	0.00579	0.00166	0.01096	0.00426	0.00360	0.00773
38	0.00954	0.00690	0.00891	0.00836	0.00997	0.00650	0.00637	0.03569	0.01822	0.02566	0.68056	0.04732	0.05723	0.01298	0.00750	0.00203	0.00325	0.03997	0.00691	0.00614

[dist]
# distance from previous block
# <min> <max>
0	3

[block]
# block no. 4 follows, 35 sequences, length 107
# corresponding to MSA columns:
# 162-268
name=unknown_E
#
# <colnr> <probs for GDERKNQSTAVLIFYWHMCP>
#	G	D	E	R	K	N	Q	S	T	A	V	L	I	F	Y	W	H	M	C	P
0	0.01166	0.00691	0.00877	0.00850	0.01037	0.00617	0.00629	0.01366	0.01537	0.14574	0.24228	0.28046	0.18938	0.01497	0.00749	0.00221	0.00368	0.01311	0.00655	0.00642
1	0.00856	0.00580	0.00710	0.00790	0.00817	0.00560	0.00498	0.00931	0.01101	0.01500	0.02809	0.43419	0.03287	0.32845	0.01778	0.00398	0.00465	0.01379	0.04811	0.00466
2	0.01698	0.01409	0.01501	0.01310	0.01685	0.01616	0.01031	0.15214	0.57686	0.02843	0.02363	0.02224	0.01773	0.00993	0.03506	0.00242	0.00582	0.00690	0.00632	0.01000
3	0.00928	0.00687	0.01019	0.04991	0.01246	0.00788	0.00791	0.01117	0.01023	0.01448	0.01733	0.05431	0.01682	0.10340	0.58782	0.04919	0.01456	0.00730	0.00347	0.00542
4	0.03250	0.00688	0.00836	0.00858	0.01000	0.00662	0.00618	0.02637	0.03058	0.05499	0.11157	0.34305	0.18449	0.05976	0.07685	0.00324	0.00508	0.01333	0.00574	0.00583
5	0.00812	0.00627	0.00741	0.00792	0.00934	0.00562	0.00585	0.00988	0.01419	0.01814	0.14790	0.26166	0.34730	0.03597	0.00843	0.00243	0.00367	0.08851	0.00599	0.00540
6	0.00772	0.00556	0.00732	0.00873	0.00917	0.00516	0.00584	0.00884	0.01224	0.01623	0.03619	0.74305	0.07102	0.01972	0.00807	0.00256	0.00366	0.01784	0.00589	0.00516
7	0.44781	0.01231	0.01469	0.26195	0.11782	0.01430	0.01208	0.01795	0.01190	0.02339	0.01005	0.01320	0.00781	0.00601	0.00504	0.00200	0.00643	0.00446	0.00346	0.00735
8	0.01399	0.02395	0.34533	0.02297	0.03067	0.01547	0.41341	0.02022	0.01429	0.02022	0.01220	0.01549	0.00893	0.00564	0.00685	0.00208	0.01012	0.00627	0.00298	0.00891
9	0.01502	0.01557	0.06088	0.16338	0.44454	0.03679	0.01791	0.02027	0.08406	0.02001	0.01290	0.01636	0.01043	0.00640	0.00706	0.00200	0.04814	0.00570	0.00337	0.00923
10	0.01435	0.01235	0.01437	0.01264	0.01595	0.01379	0.04671	0.02855	0.54342	0.02598	0.16993	0.02817	0.02712	0.00933	0.00672	0.00212	0.00491	0.00807	0.00639	0.00913
11	0.02381	0.01748	0.01871	0.01438	0.01937	0.01933	0.01187	0.69903	0.02942	0.03958	0.01537	0.01544	0.01092	0.00761	0.00630	0.00189	0.00688	0.00572	0.02622	0.01067
12	0.12975	0.00931	0.01128	0.02926	0.07855	0.00961	0.00797	0.04457	0.05054	0.05812	0.05870	0.10097	0.05282	0.18356	0.05255	0.04906	0.00602	0.02384	0.00464	0.03887
13	0.07924	0.01661	0.04615	0.08385	0.30851	0.08615	0.11740	0.06172	0.01544	0.05866	0.01238	0.01522	0.00967	0.00595	0.00613	0.00187	0.00799	0.00549	0.00365	0.05791
14	0.01704	0.01005	0.01123	0.00955	0.01256	0.01035	0.00757	0.16661	0.09083	0.14132	0.09999	0.02508	0.03783	0.00846	0.00576	0.00179	0.00441	0.00687	0.32460	0.00813
15	0.00856	0.00654	0.00764	0.00772	0.00925	0.00599	0.00564	0.01106	0.03949	0.01991	0.26959	0.17622	0.30251	0.05560	0.00884	0.00239	0.00350	0.03050	0.02345	0.00563
16	0.10353	0.00771	0.00885	0.00887	0.01068	0.00761	0.00655	0.01432	0.06367	0.08401	0.11160	0.29711	0.13249	0.06665	0.00888	0.00256	0.00421	0.04859	0.00586	0.00626
17	0.01160	0.00591	0.00611	0.00611	0.00741	0.00591	0.00445	0.01404	0.01274	0.02217	0.02010	0.02462	0.01643	0.06073	0.00748	0.04750	0.00332	0.00612	0.71165	0.00559
18	0.01183	0.00591	0.00591	0.00591	0.00739	0.00591	0.00443	0.01478	0.01330	0.02365	0.02069	0.02365	0.01626	0.00739	0.00443	0.00148	0.00296	0.00591	0.81227	0.00591
19	0.17842	0.00946	0.01084	0.00958	0.01263	0.00928	0.00749	0.05798	0.01551	0.25188	0.09597	0.17959	0.08009	0.03021	0.00712	0.00222	0.00466	0.02319	0.00620	0.00769
20	0.02854	0.00724	0.00870	0.00837	0.01011	0.00687	0.00619	0.01369	0.05647	0.07687	0.30038	0.12486	0.17206	0.10853	0.01046	0.00265	0.00397	0.04171	0.00619	0.00613
21	0.00763	0.00643	0.00661	0.00656	0.00865	0.00541	0.00492	0.00936	0.01477	0.01787	0.12319	0.05985	0.67552	0.01579	0.00750	0.00213	0.00319	0.01322	0.00599	0.00541
22	0.01020	0.00736	0.00868	0.00809	0.01019	0.00686	0.00615	0.01406	0.08180	0.06297	0.40297	0.04838	0.28172	0.01333	0.00733	0.00206	0.00339	0.01144	0.00661	0.00642
23	0.13501	0.01023	0.01123	0.00971	0.01239	0.01057	0.00731	0.16376	0.01640	0.14006	0.07330	0.10214	0.05112	0.21386	0.01319	0.00313	0.00542	0.00838	0.00555	0.00723
24	0.82186	0.01227	0.00932	0.00834	0.01227	0.01423	0.00687	0.01865	0.01080	0.02846	0.00883	0.01031	0.00687	0.00589	0.00393	0.00196	0.00491	0.00344	0.00393	0.00687
25	0.00923	0.00615	0.00692	0.00692	0.00692	0.00615	0.00384	0.00923	0.00923	0.01230	0.01999	0.04151	0.02306	0.77705	0.03229	0.00615	0.00615	0.00923	0.00384	0.00384
26	0.01006	0.00596	0.00838	0.00866	0.00910	0.00599	0.00612	0.00932	0.00993	0.01320	0.02003	0.09608	0.05877	0.09557	0.10399	0.44424	0.00662	0.08039	0.00371	0.00387
27	0.00798	0.00577	0.00761	0.00899	0.00958	0.00539	0.00628	0.00931	0.01255	0.01655	0.03662	0.65461	0.08394	0.01939	0.00813	0.00259	0.00388	0.08971	0.00588	0.00524
28	0.82186	0.01227	0.00932	0.00834	0.01227	0.01423	0.00687	0.01865	0.01080	0.02846	0.00883	0.01031	0.00687	0.00589	0.00393	0.00196	0.00491	0.00344	0.00393	0.00687
29	0.00868	0.00647	0.00807	0.00767	0.00929	0.00586	0.00575	0.01140	0.01725	0.02377	0.59956	0.05013	0.19547	0.01359	0.00749	0.00202	0.00304	0.01186	0.00676	0.00586
30	0.01716	0.75822	0.03278	0.01102	0.01638	0.04702	0.01090	0.01919	0.01304	0.01494	0.00885	0.01021	0.00814	0.00546	0.00412	0.00137	0.00692	0.00341	0.00273	0.00812
31	0.01489	0.01772	0.06459	0.02641	0.03294	0.01599	0.68789	0.02031	0.01491	0.02031	0.01278	0.01697	0.00956	0.00537	0.00743	0.00213	0.01064	0.00738	0.00319	0.00859
32	0.01272	0.03281	0.74418	0.01808	0.02746	0.01473	0.02344	0.02009	0.01339	0.02009	0.01138	0.01339	0.00804	0.00603	0.00603	0.00201	0.00938	0.00469	0.00268	0.00938
33	0.02247	0.02037	0.01945	0.01569	0.01975	0.20118	0.03628	0.43676	0.02396	0.03027	0.01297	0.01419	0.00980	0.00769	0.00797	0.00195	0.09944	0.00535	0.00505	0.00940
34	0.00859	0.00661	0.00871	0.00880	0.01014	0.00614	0.02725	0.01108	0.03742	0.01993	0.27482	0.35917	0.16535	0.01609	0.00772	0.00228	0.00362	0.01436	0.00620	0.00573
35	0.02167	0.05481	0.01520	0.01171	0.01579	0.01238	0.00945	0.08559	0.21216	0.36593	0.02462	0.10451	0.01879	0.00924	0.00646	0.00204	0.00531	0.00767	0.00684	0.00981
36	0.60011	0.03137	0.15692	0.01047	0.01540	0.01431	0.01031	0.01901	0.02859	0.02610	0.01054	0.03425	0.00849	0.00639	0.00454	0.00198	0.00580	0.00422	0.00377	0.00742
37	0.02056	0.01574	0.01759	0.01409	0.01857	0.01742	0.03535	0.42830	0.24602	0.05127	0.05356	0.01965	0.01593	0.00811	0.00648	0.00200	0.00627	0.00652	0.00634	0.01025
38	0.00827	0.00575	0.00720	0.00814	0.00838	0.00551	0.00515	0.00898	0.01109	0.01478	0.02954	0.50812	0.03512	0.29400	0.01686	0.00387	0.00457	0.01485	0.00515	0.00468
39	0.02412	0.01777	0.01904	0.01460	0.01967	0.01967	0.01206	0.71633	0.02983	0.03998	0.01523	0.01523	0.01079	0.00762	0.00635	0.00190	0.00698	0.00571	0.00635	0.01079
40	0.00898	0.00637	0.00773	0.00796	0.00925	0.00586	0.00565	0.01072	0.03459	0.03442	0.17618	0.26918	0.25664	0.04871	0.01030	0.07940	0.00376	0.01318	0.00578	0.00537
41	0.01483	0.01095	0.01472	0.11072	0.08651	0.01137	0.03175	0.12655	0.07691	0.09792	0.04581	0.13145	0.13839	0.02933	0.00758	0.00225	0.00576	0.04385	0.00545	0.00791
42	0.74403	0.01212	0.00985	0.00863	0.01265	0.01375	0.00711	0.01985	0.01152	0.09845	0.01042	0.01141	0.00774	0.00608	0.00417	0.00196	0.00496	0.00372	0.00431	0.00726
43	0.01623	0.01323	0.01412	0.01263	0.01617	0.01512	0.00980	0.03276	0.66498	0.06393	0.02559	0.02415	0.01929	0.03384	0.00730	0.00227	0.00508	0.00720	0.00644	0.00988
44	0.00864	0.00637	0.00722	0.00728	0.00890	0.00562	0.00526	0.01035	0.01440	0.03869	0.17834	0.17480	0.40109	0.07419	0.00940	0.00248	0.00353	0.01312	0.02483	0.00549
45	0.01160	0.00763	0.00921	0.00864	0.00964	0.00797	0.00585	0.07792	0.01194	0.05450	0.01950	0.05105	0.02037	0.48665	0.18477	0.00632	0.00850	0.00841	0.00424	0.00530
46	0.82186	0.01227	0.00932	0.00834	0.01227	0.01423	0.00687	0.01865	0.01080	0.02846	0.00883	0.01031	0.00687	0.00589	0.00393	0.00196	0.00491	0.00344	0.00393	0.00687
47	0.00862	0.00638	0.00804	0.00781	0.00930	0.00580	0.00578	0.01120	0.01683	0.02320	0.55764	0.11824	0.16940	0.01413	0.00754	0.00207	0.00309	0.01241	0.00670	0.00580
48	0.00853	0.00585	0.00767	0.00883	0.00954	0.00540	0.00608	0.00983	0.01273	0.04132	0.05262	0.65628	0.09013	0.01896	0.00801	0.00252	0.00377	0.04056	0.00598	0.00540
49	0.62269	0.01241	0.01099	0.00932	0.01350	0.01375	0.00768	0.07145	0.01349	0.15635	0.01218	0.01267	0.00873	0.00636	0.00454	0.00196	0.00515	0.00412	0.00480	0.00785
50	0.02412	0.01777	0.01904	0.01460	0.01967	0.01967	0.01206	0.71633	0.02983	0.03998	0.01523	0.01523	0.01079	0.00762	0.00635	0.00190	0.00698	0.00571	0.00635	0.01079
51	0.00805	0.00569	0.00723	0.00832	0.00867	0.00538	0.00540	0.00893	0.01159	0.01537	0.03278	0.58388	0.06439	0.18712	0.01342	0.00335	0.00421	0.01591	0.00544	0.00487
52	0.02265	0.01438	0.01634	0.01313	0.01759	0.01529	0.01072	0.36831	0.14260	0.21739	0.02105	0.04669	0.01573	0.00871	0.00654	0.00203	0.00608	0.03782	0.00672	0.01025
53	0.00805	0.00568	0.00748	0.00861	0.00919	0.00530	0.00586	0.00950	0.01306	0.01783	0.14043	0.63903	0.04385	0.01843	0.00789	0.00245	0.00355	0.01665	0.03185	0.00530
54	0.02519	0.01511	0.01732	0.01325	0.01829	0.01567	0.01094	0.45296	0.02516	0.28140	0.01846	0.01735	0.01243	0.00758	0.00629	0.00189	0.00635	0.00587	0.00677	0.04171
55	0.00835	0.00590	0.00804	0.00933	0.00994	0.00569	0.00670	0.00973	0.01243	0.01660	0.04879	0.57433	0.03894	0.02097	0.05054	0.03115	0.00483	0.12687	0.00566	0.00523
56	0.00907	0.00675	0.00995	0.00995	0.01099	0.00779	0.00762	0.01117	0.01012	0.01454	0.01722	0.02618	0.01641	0.10303	0.69720	0.00989	0.01617	0.00698	0.00343	0.00553
57	0.02421	0.01701	0.01850	0.01425	0.01926	0.01863	0.01175	0.63264	0.05254	0.10138	0.01646	0.01608	0.01151	0.00767	0.00635	0.00192	0.00677	0.00582	0.00648	0.01076
58	0.00791	0.00666	0.00688	0.00679	0.00891	0.00575	0.00510	0.01017	0.03756	0.01825	0.12875	0.05852	0.64580	0.01552	0.00746	0.00213	0.00325	0.01300	0.00602	0.00557
59	0.01184	0.01083	0.01817	0.03058	0.03451	0.01230	0.16316	0.01441	0.01132	0.01642	0.01443	0.02231	0.01341	0.11731	0.25903	0.00540	0.18474	0.00687	0.04644	0.00651
60	0.01527	0.01345	0.01385	0.01289	0.01610	0.05332	0.01019	0.02985	0.57022	0.02470	0.02626	0.03099	0.02162	0.00998	0.00680	0.00225	0.00550	0.12137	0.00618	0.00920
61	0.06097	0.01492	0.02483	0.03722	0.69676	0.01503	0.01876	0.01942	0.01424	0.02116	0.01176	0.01540	0.00987	0.00567	0.00615	0.00189	0.00739	0.00553	0.00318	0.00987
62	0.01531	0.01531	0.04137	0.16745	0.43355	0.04320	0.07966	0.04548	0.01455	0.01993	0.01181	0.01589	0.00962	0.00655	0.00734	0.02971	0.02541	0.00572	0.00318	0.00895
63	0.01271	0.00907	0.01082	0.00966	0.01206	0.00920	0.00745	0.08891	0.13865	0.06726	0.46378	0.05656	0.06485	0.01165	0.00714	0.00203	0.00390	0.01008	0.00682	0.00740
64	0.00780	0.00557	0.00745	0.00892	0.00932	0.00522	0.00602	0.00896	0.01222	0.01628	0.03492	0.75233	0.04180	0.01981	0.00812	0.00259	0.00374	0.03789	0.00589	0.00517
65	0.05142	0.01199	0.01536	0.01129	0.01657	0.01009	0.07252	0.03489	0.03498	0.02172	0.03676	0.01495	0.01135	0.00543	0.00546	0.00124	0.02209	0.00454	0.00395	0.61340
66	0.01505	0.03700	0.01574	0.03623	0.10427	0.01245	0.01090	0.08542	0.01423	0.11714	0.04446	0.07893	0.01692	0.05339	0.19997	0.00440	0.13411	0.00729	0.00447	0.00764
67	0.00873	0.00635	0.00821	0.00802	0.00939	0.00584	0.00591	0.01138	0.01696	0.02371	0.60115	0.14900	0.09342	0.01409	0.00757	0.00208	0.00310	0.01249	0.00677	0.00584
68	0.10732	0.14532	0.01963	0.01518	0.03567	0.54178	0.01164	0.02349	0.01633	0.01693	0.00960	0.01123	0.00807	0.00627	0.00528	0.00163	0.00992	0.00395	0.00325	0.00749
69	0.08634	0.01922	0.02987	0.02415	0.09516	0.16837	0.44212	0.02114	0.01519	0.02007	0.01178	0.01522	0.00913	0.00567	0.00670	0.00200	0.01005	0.00626	0.00328	0.00830
70	0.01477	0.08436	0.42588	0.01782	0.02452	0.07478	0.08294	0.04890	0.01398	0.01945	0.01089	0.01349	0.00836	0.00681	0.00828	0.00206	0.12604	0.00497	0.00295	0.00873
71	0.00809	0.00645	0.00724	0.00704	0.00893	0.00561	0.00528	0.01024	0.01585	0.02044	0.33058	0.05562	0.46653	0.01484	0.00749	0.00208	0.00313	0.01263	0.00633	0.00561
72	0.01062	0.00557	0.00808	0.00818	0.00821	0.00554	0.00539	0.00839	0.00863	0.01151	0.01358	0.07630	0.01436	0.09003	0.02425	0.68305	0.00543	0.00676	0.00308	0.00303
73	0.00990	0.00607	0.00813	0.00909	0.00993	0.00559	0.00625	0.01114	0.01277	0.09213	0.03393	0.69429	0.03921	0.01862	0.00792	0.00251	0.00386	0.01682	0.00609	0.00574
74	0.00773	0.00552	0.00736	0.00883	0.00920	0.00515	0.00589	0.00883	0.01215	0.01619	0.03497	0.77291	0.04196	0.01987	0.00810	0.00258	0.00368	0.01803	0.00589	0.00515
75	0.02435	0.01740	0.01881	0.01442	0.01949	0.01913	0.01191	0.68004	0.02921	0.07713	0.01575	0.01557	0.01105	0.00763	0.00635	0.00191	0.00690	0.00575	0.00643	0.01079
76	0.00907	0.00676	0.01002	0.01002	0.01109	0.00784	0.00771	0.01122	0.01014	0.01460	0.01715	0.02580	0.01624	0.08619	0.71382	0.00998	0.01642	0.00693	0.00342	0.00557
77	0.00986	0.00685	0.00993	0.00982	0.01104	0.00777	0.00757	0.01205	0.01058	0.03900	0.01762	0.02562	0.01626	0.08265	0.64778	0.00923	0.01526	0.00686	0.04850	0.00575
78	0.02370	0.03023	0.01798	0.01634	0.01961	0.75158	0.01226	0.02533	0.01798	0.01553	0.00981	0.01144	0.00817	0.00654	0.00572	0.00163	0.01144	0.00409	0.00327	0.00735
79	0.02370	0.03023	0.01798	0.01634	0.01961	0.75158	0.01226	0.02533	0.01798	0.01553	0.00981	0.01144	0.00817	0.00654	0.00572	0.00163	0.01144	0.00409	0.00327	0.00735
80	0.01284	0.00732	0.00943	0.00866	0.01082	0.00657	0.00662	0.01525	0.01659	0.17530	0.37660	0.11902	0.14126	0.03166	0.00796	0.00220	0.00378	0.03458	0.00679	0.00678
81	0.00906	0.00680	0.01020	0.01020	0.01133	0.00793	0.00793	0.01133	0.01020	0.01473	0.01699	0.02492	0.01586	0.04758	0.75191	0.01020	0.01699	0.00680	0.00340	0.00566
82	0.02407	0.01717	0.01859	0.01432	0.01933	0.01887	0.01181	0.64714	0.05583	0.08347	0.01625	0.01595	0.01143	0.00767	0.00635	0.00192	0.00681	0.00581	0.00644	0.01076
83	0.01481	0.01018	0.01108	0.00955	0.01253	0.01044	0.00753	0.19131	0.09162	0.07070	0.12855	0.03437	0.20775	0.01061	0.00645	0.00193	0.00440	0.00872	0.15978	0.00772
84	0.00811	0.00626	0.00709	0.00728	0.00868	0.00560	0.00517	0.00965	0.01385	0.01766	0.16344	0.17397	0.38139	0.13372	0.01145	0.00283	0.00377	0.02912	0.00576	0.00520
85	0.00818	0.00622	0.00751	0.00841	0.00938	0.00583	0.00579	0.01031	0.05269	0.01687	0.04107	0.53229	0.20869	0.04449	0.00870	0.00257	0.00373	0.01599	0.00585	0.00543
86	0.00877	0.00596	0.00705	0.00750	0.00761	0.00585	0.00447	0.00911	0.01011	0.01348	0.02454	0.26374	0.02880	0.54699	0.02494	0.00506	0.00540	0.01190	0.00447	0.00424
87	0.00937	0.00634	0.00763	0.00807	0.00953	0.00560	0.00576	0.01084	0.01373	0.07603	0.06857	0.41034	0.31049	0.01718	0.00770	0.00234	0.00362	0.01506	0.00609	0.00572
88	0.01315	0.01128	0.01315	0.00940	0.01503	0.00846	0.00752	0.01597	0.01315	0.02067	0.01128	0.01315	0.00940	0.00470	0.00470	0.00094	0.00470	0.00376	0.00376	0.81583
89	0.00817	0.00602	0.00772	0.00885	0.00961	0.00568	0.00616	0.01008	0.03629	0.01729	0.07654	0.60504	0.10556	0.01864	0.00799	0.00251	0.00376	0.05271	0.00597	0.00542
90	0.00875	0.00681	0.00817	0.00877	0.01058	0.00623	0.00720	0.01099	0.01471	0.01837	0.08686	0.06484	0.39881	0.01653	0.00804	0.00247	0.00433	0.30603	0.00593	0.00560
91	0.00960	0.00633	0.00789	0.00830	0.00967	0.00567	0.00591	0.01120	0.01404	0.07921	0.13628	0.42569	0.22266	0.01693	0.00771	0.00233	0.00361	0.01495	0.00620	0.00580
92	0.00952	0.00678	0.00775	0.00777	0.00928	0.00621	0.00549	0.03739	0.01396	0.04953	0.09203	0.23788	0.32702	0.14622	0.01180	0.00291	0.00406	0.01314	0.00572	0.00554
93	0.02317	0.02674	0.01779	0.01570	0.01922	0.57348	0.01197	0.16577	0.02017	0.02054	0.01188	0.04147	0.01000	0.00727	0.00594	0.00173	0.01023	0.00495	0.00400	0.00797
94	0.62343	0.03892	0.04282	0.03569	0.04514	0.05845	0.00916	0.01894	0.01157	0.02568	0.00919	0.01108	0.00728	0.00612	0.00495	0.00196	0.03498	0.00377	0.00368	0.00719
95	0.01272	0.03281	0.74418	0.01808	0.02746	0.01473	0.02344	0.02009	0.01339	0.02009	0.01138	0.01339	0.00804	0.00603	0.00603	0.00201	0.00938	0.00469	0.00268	0.00938
96	0.00952	0.00724	0.00945	0.00957	0.01036	0.00776	0.00702	0.01120	0.03681	0.01678	0.10610	0.28306	0.10762	0.08644	0.05474	0.08012	0.09734	0.04846	0.00503	0.00537
97	0.05546	0.05745	0.08976	0.04910	0.01863	0.09986	0.02639	0.18335	0.04945	0.02394	0.04666	0.01890	0.03746	0.05309	0.00818	0.02061	0.02505	0.00572	0.00440	0.12655
98	0.01436	0.01337	0.10359	0.05294	0.06256	0.01157	0.01123	0.07560	0.17327	0.08734	0.26547	0.03002	0.05257	0.00957	0.00676	0.00203	0.00533	0.00818	0.00586	0.00839
99	0.00816	0.00623	0.00749	0.00764	0.00909	0.00556	0.00555	0.01021	0.01533	0.02030	0.33099	0.22762	0.29139	0.01572	0.00764	0.00219	0.00324	0.01373	0.00634	0.00556
100	0.00998	0.00662	0.00891	0.02709	0.01104	0.00656	0.00708	0.01132	0.01224	0.05291	0.03085	0.23911	0.12006	0.09068	0.13235	0.08403	0.00676	0.13203	0.00501	0.00536
101	0.02149	0.08002	0.05935	0.01595	0.05124	0.41018	0.01247	0.02594	0.11559	0.10909	0.01403	0.01469	0.01076	0.00695	0.00618	0.00179	0.02676	0.00489	0.00420	0.00845
102	0.01060	0.00847	0.01109	0.01063	0.01225	0.03715	0.00830	0.04971	0.01167	0.01636	0.01638	0.02339	0.01502	0.04207	0.65209	0.00904	0.01573	0.00651	0.00357	0.03998
103	0.01544	0.20720	0.27690	0.01677	0.08453	0.03266	0.03273	0.07932	0.02997	0.02054	0.01132	0.01323	0.00894	0.00606	0.00604	0.00172	0.03680	0.00457	0.00329	0.11197
104	0.14264	0.04481	0.02006	0.06235	0.29158	0.08740	0.01439	0.03946	0.01357	0.02030	0.01265	0.01581	0.03929	0.00740	0.00876	0.00206	0.16046	0.00537	0.00338	0.00825
105	0.00813	0.00620	0.00815	0.00875	0.00970	0.00570	0.02822	0.00941	0.01251	0.01621	0.03915	0.49887	0.19157	0.09609	0.01044	0.00284	0.00411	0.03318	0.00559	0.00519
106	0.22201	0.02980	0.01171	0.02812	0.01306	0.06958	0.00778	0.07439	0.01300	0.07585	0.01473	0.05167	0.01364	0.14342	0.07727	0.11401	0.02330	0.00617	0.00416	0.00633

[dist]
# distance from previous block
# <min> <max>
0	1

[block]
# block no. 5 follows, 35 sequences, length 26
# corresponding to MSA columns:
# 270-295
name=unknown_F
#
# <colnr> <probs for GDERKNQSTAVLIFYWHMCP>
#	G	D	E	R	K	N	Q	S	T	A	V	L	I	F	Y	W	H	M	C	P
0	0.03219	0.01042	0.01196	0.00999	0.01350	0.00983	0.00779	0.13434	0.04833	0.08913	0.04611	0.10304	0.11748	0.06924	0.03328	0.00240	0.00537	0.02822	0.00536	0.22204
1	0.01212	0.07071	0.02701	0.01112	0.05059	0.00976	0.00797	0.03449	0.04513	0.03606	0.01862	0.04573	0.06482	0.13121	0.13058	0.25343	0.03427	0.00707	0.00376	0.00554
2	0.00923	0.00615	0.00692	0.00692	0.00692	0.00615	0.00384	0.00923	0.00923	0.01230	0.01999	0.04151	0.02306	0.77705	0.03229	0.00615	0.00615	0.00923	0.00384	0.00384
3	0.01071	0.00561	0.00816	0.00814	0.00833	0.00552	0.00549	0.00847	0.00907	0.01202	0.04488	0.02313	0.05922	0.02128	0.02296	0.72931	0.00526	0.00626	0.00313	0.00306
4	0.10202	0.00883	0.00996	0.00927	0.01145	0.00895	0.00692	0.09828	0.03460	0.10601	0.06404	0.22125	0.08604	0.10783	0.01040	0.02593	0.00474	0.02634	0.05045	0.00670
5	0.01683	0.00902	0.01223	0.01061	0.01355	0.00837	0.04046	0.02043	0.08161	0.29343	0.10689	0.22005	0.09138	0.03493	0.00786	0.00229	0.00474	0.01073	0.00662	0.00797
6	0.00998	0.00722	0.00988	0.01121	0.01273	0.00713	0.00974	0.01278	0.01459	0.01882	0.03633	0.07062	0.09896	0.01739	0.00865	0.00285	0.00561	0.63385	0.00585	0.00580
7	0.01269	0.01052	0.01165	0.01104	0.01363	0.01157	0.00845	0.02397	0.42854	0.02372	0.13094	0.14885	0.08165	0.01195	0.00704	0.00223	0.00443	0.04258	0.00637	0.00816
8	0.06058	0.00676	0.00776	0.00772	0.00947	0.00624	0.00570	0.01149	0.01502	0.04489	0.27805	0.19747	0.27663	0.01467	0.00728	0.00215	0.00341	0.01265	0.02624	0.00582
9	0.72164	0.01254	0.01008	0.00882	0.01276	0.01443	0.00725	0.08117	0.01259	0.02933	0.00983	0.01122	0.00755	0.00610	0.00416	0.00194	0.00502	0.00373	0.03266	0.00719
10	0.82186	0.01227	0.00932	0.00834	0.01227	0.01423	0.00687	0.01865	0.01080	0.02846	0.00883	0.01031	0.00687	0.00589	0.00393	0.00196	0.00491	0.00344	0.00393	0.00687
11	0.00819	0.00613	0.00751	0.00798	0.00916	0.00558	0.00571	0.00996	0.01429	0.01887	0.23167	0.31898	0.23005	0.05624	0.00906	0.00250	0.00359	0.04307	0.00608	0.00539
12	0.01155	0.00594	0.00602	0.00602	0.00734	0.00594	0.00437	0.01418	0.01286	0.02243	0.02062	0.02558	0.01699	0.09038	0.00744	0.00198	0.00330	0.00627	0.72510	0.00569
13	0.82186	0.01227	0.00932	0.00834	0.01227	0.01423	0.00687	0.01865	0.01080	0.02846	0.00883	0.01031	0.00687	0.00589	0.00393	0.00196	0.00491	0.00344	0.00393	0.00687
14	0.00923	0.00615	0.00692	0.00692	0.00692	0.00615	0.00384	0.00923	0.00923	0.01230	0.01999	0.04151	0.02306	0.77705	0.03229	0.00615	0.00615	0.00923	0.00384	0.00384
15	0.02615	0.01118	0.01465	0.01154	0.01609	0.01022	0.00947	0.10868	0.01905	0.59404	0.02475	0.06604	0.01735	0.00885	0.00656	0.00202	0.00550	0.03008	0.00750	0.01030
16	0.00832	0.00756	0.00705	0.00695	0.00913	0.04081	0.00521	0.00998	0.01475	0.01736	0.08558	0.05821	0.67630	0.01550	0.00741	0.00211	0.00360	0.01288	0.00581	0.00547
17	0.82186	0.01227	0.00932	0.00834	0.01227	0.01423	0.00687	0.01865	0.01080	0.02846	0.00883	0.01031	0.00687	0.00589	0.00393	0.00196	0.00491	0.00344	0.00393	0.00687
18	0.00914	0.00650	0.00871	0.00871	0.00933	0.00712	0.00607	0.01037	0.00976	0.01363	0.01835	0.03245	0.01913	0.37874	0.42523	0.00836	0.01207	0.00790	0.00360	0.00484
19	0.01140	0.00697	0.00902	0.00831	0.00997	0.00646	0.00616	0.01383	0.01642	0.10931	0.50773	0.04404	0.04767	0.14037	0.01154	0.00272	0.00390	0.03145	0.00653	0.00620
20	0.01679	0.01387	0.01472	0.01299	0.01673	0.01589	0.01018	0.08644	0.65148	0.04847	0.02498	0.02296	0.01859	0.00851	0.00644	0.00213	0.00518	0.00704	0.00649	0.01012
21	0.04625	0.01314	0.01533	0.01242	0.01680	0.01359	0.01015	0.23113	0.16254	0.31168	0.04375	0.02325	0.01717	0.00855	0.00647	0.00204	0.00572	0.04303	0.00688	0.01012
22	0.00773	0.00552	0.00736	0.00883	0.00920	0.00515	0.00589	0.00883	0.01215	0.01619	0.03497	0.77291	0.04196	0.01987	0.00810	0.00258	0.00368	0.01803	0.00589	0.00515
23	0.01477	0.01852	0.10091	0.02596	0.03264	0.01593	0.65238	0.02030	0.01483	0.02030	0.01270	0.01678	0.00948	0.00541	0.00736	0.00213	0.01058	0.00724	0.00316	0.00863
24	0.00758	0.00643	0.00654	0.00651	0.00862	0.00539	0.00488	0.00926	0.01465	0.01760	0.10145	0.06029	0.69743	0.01589	0.00750	0.00213	0.00320	0.01328	0.00595	0.00539
25	0.01559	0.01540	0.02760	0.03701	0.62614	0.01523	0.12933	0.01960	0.01453	0.02066	0.01208	0.01592	0.00998	0.00560	0.00647	0.00192	0.00804	0.00594	0.00315	0.00981

[dist]
# distance from previous block
# <min> <max>
0	7

[block]
# block no. 6 follows, 35 sequences, length 29
# corresponding to MSA columns:
# 303-331
name=unknown_G
#
# <colnr> <probs for GDERKNQSTAVLIFYWHMCP>
#	G	D	E	R	K	N	Q	S	T	A	V	L	I	F	Y	W	H	M	C	P
0	0.00999	0.00710	0.00909	0.00848	0.01022	0.00681	0.00643	0.01385	0.06307	0.04715	0.60640	0.04419	0.07307	0.01456	0.04920	0.00247	0.00399	0.01083	0.00674	0.00636
1	0.01578	0.01363	0.01434	0.01291	0.01650	0.01578	0.01004	0.03371	0.72602	0.02654	0.02582	0.02367	0.01937	0.00861	0.00646	0.00215	0.00502	0.00717	0.00646	0.01004
2	0.02412	0.01777	0.01904	0.01460	0.01967	0.01967	0.01206	0.71633	0.02983	0.03998	0.01523	0.01523	0.01079	0.00762	0.00635	0.00190	0.00698	0.00571	0.00635	0.01079
3	0.01587	0.01119	0.01343	0.00973	0.01524	0.00861	0.00784	0.01863	0.01404	0.14866	0.01372	0.01465	0.01052	0.00526	0.00500	0.00112	0.00482	0.00422	0.00448	0.67297
