[name]
unknown

[dist]
# distance from previous block
# <min> <max>
2	513

[block]
# block no. 0 follows, 31 sequences, length 7
# corresponding to MSA columns:
# 536-542
name=unknown_A
#
# <colnr> <probs for GDERKNQSTAVLIFYWHMCP>
#	G	D	E	R	K	N	Q	S	T	A	V	L	I	F	Y	W	H	M	C	P
0	0.01599	0.01570	0.02135	0.40470	0.18388	0.09399	0.01751	0.04974	0.04518	0.02034	0.01300	0.01730	0.01013	0.00676	0.00665	0.00208	0.00878	0.00585	0.00356	0.05751
1	0.01491	0.01349	0.02152	0.56655	0.13678	0.01601	0.01862	0.09214	0.01597	0.02096	0.01273	0.01786	0.00963	0.00689	0.00683	0.00222	0.00881	0.00609	0.00350	0.00849
2	0.01102	0.00841	0.01101	0.01272	0.08805	0.00811	0.00808	0.01448	0.07115	0.04170	0.18554	0.26731	0.15505	0.07339	0.01009	0.00272	0.00456	0.01353	0.00622	0.00687
3	0.00858	0.00632	0.00784	0.00874	0.00961	0.00579	0.00594	0.01000	0.01401	0.01841	0.11796	0.47994	0.17604	0.08431	0.01081	0.00295	0.00402	0.01685	0.00629	0.00558
4	0.06663	0.01488	0.02322	0.18582	0.41056	0.01580	0.01802	0.04578	0.06437	0.06761	0.01459	0.01784	0.01138	0.00672	0.00665	0.00212	0.00780	0.00611	0.00406	0.01001
5	0.06666	0.00856	0.01097	0.01079	0.01244	0.00970	0.00833	0.01452	0.07327	0.01857	0.02637	0.11216	0.10253	0.03513	0.41506	0.00726	0.04726	0.00926	0.00459	0.00658
6	0.23332	0.01384	0.01418	0.01181	0.01603	0.01501	0.00949	0.20856	0.12699	0.12654	0.04747	0.02388	0.07226	0.04236	0.00756	0.00235	0.00584	0.00691	0.00625	0.00937

[dist]
# distance from previous block
# <min> <max>
0	18

[block]
# block no. 1 follows, 31 sequences, length 8
# corresponding to MSA columns:
# 561-568
name=unknown_B
#
# <colnr> <probs for GDERKNQSTAVLIFYWHMCP>
#	G	D	E	R	K	N	Q	S	T	A	V	L	I	F	Y	W	H	M	C	P
0	0.30362	0.01279	0.01319	0.01097	0.01536	0.01348	0.00893	0.10220	0.08936	0.24185	0.02155	0.02077	0.04994	0.00820	0.00586	0.00211	0.00549	0.00612	0.05882	0.00939
1	0.23060	0.01131	0.01170	0.01028	0.01370	0.01192	0.00813	0.08926	0.10142	0.09956	0.19502	0.05540	0.11384	0.01084	0.00667	0.00219	0.00481	0.00875	0.00641	0.00819
2	0.18692	0.01015	0.01159	0.01037	0.01350	0.01015	0.00805	0.04820	0.04393	0.21383	0.16249	0.19829	0.03101	0.01219	0.00699	0.00228	0.00481	0.01026	0.00675	0.00823
3	0.01122	0.00742	0.00905	0.00900	0.01050	0.00700	0.00635	0.01388	0.05329	0.07789	0.19279	0.25855	0.14668	0.14945	0.01290	0.00317	0.00443	0.01366	0.00643	0.00634
4	0.62049	0.01422	0.01207	0.01043	0.01481	0.01634	0.00853	0.11765	0.08120	0.03226	0.01227	0.01326	0.00931	0.00690	0.00487	0.00213	0.00562	0.00444	0.00487	0.00834
5	0.09659	0.01343	0.01423	0.01252	0.01634	0.01493	0.00984	0.07440	0.43097	0.08633	0.09335	0.02794	0.06034	0.00974	0.00684	0.00225	0.00526	0.00797	0.00683	0.00991
6	0.18727	0.01070	0.01176	0.01044	0.01367	0.01087	0.00806	0.08501	0.04413	0.20176	0.02716	0.19150	0.07016	0.05842	0.00849	0.00255	0.00522	0.00973	0.03484	0.00825
7	0.01578	0.00863	0.01122	0.03389	0.01345	0.00813	0.00783	0.05353	0.01653	0.20129	0.14004	0.22437	0.09867	0.05651	0.01086	0.06850	0.00495	0.01181	0.00660	0.00739

[dist]
# distance from previous block
# <min> <max>
0	2

[block]
# block no. 2 follows, 31 sequences, length 22
# corresponding to MSA columns:
# 571-592
name=unknown_C
#
# <colnr> <probs for GDERKNQSTAVLIFYWHMCP>
#	G	D	E	R	K	N	Q	S	T	A	V	L	I	F	Y	W	H	M	C	P
0	0.02575	0.01724	0.01906	0.01487	0.02011	0.01867	0.01220	0.49283	0.11272	0.16477	0.01975	0.01879	0.01374	0.00839	0.00686	0.00210	0.00696	0.00648	0.00715	0.01154
1	0.00924	0.00674	0.00863	0.00988	0.01057	0.00659	0.00681	0.01174	0.06128	0.01813	0.03571	0.60553	0.04163	0.07574	0.01061	0.00306	0.00443	0.06157	0.00622	0.00587
2	0.01398	0.01324	0.02063	0.26112	0.17511	0.01622	0.01640	0.01693	0.01277	0.01795	0.01353	0.06970	0.01280	0.04964	0.01367	0.00273	0.25506	0.00719	0.00339	0.00792
3	0.09860	0.01343	0.01416	0.01214	0.01587	0.07412	0.00951	0.06220	0.14463	0.26382	0.05896	0.06127	0.02019	0.06043	0.05714	0.00304	0.00701	0.00763	0.00650	0.00932
4	0.02273	0.02600	0.01869	0.06528	0.02151	0.50260	0.01312	0.02482	0.01799	0.06545	0.06064	0.01648	0.01329	0.00818	0.00827	0.00199	0.09548	0.00542	0.00405	0.00801
5	0.01802	0.30659	0.22654	0.01768	0.02446	0.15342	0.12257	0.02231	0.01543	0.01869	0.01116	0.01337	0.00901	0.00624	0.00589	0.00185	0.00970	0.00488	0.00311	0.00907
6	0.06355	0.06414	0.04942	0.01182	0.01428	0.06227	0.00979	0.01634	0.05842	0.01792	0.01710	0.02396	0.01555	0.07489	0.46084	0.00785	0.01439	0.00669	0.00385	0.00692
7	0.01845	0.62908	0.05174	0.01486	0.06801	0.06738	0.03131	0.02099	0.01442	0.01687	0.01000	0.01177	0.00897	0.00595	0.00482	0.00156	0.00786	0.00403	0.00301	0.00892
8	0.00925	0.00690	0.00848	0.00852	0.00997	0.00653	0.00615	0.01079	0.01393	0.01831	0.14144	0.14047	0.26980	0.09933	0.14387	0.05866	0.00673	0.01223	0.00553	0.02312
9	0.12854	0.07034	0.06893	0.01577	0.02033	0.39496	0.01306	0.13358	0.05266	0.02374	0.01227	0.01354	0.00965	0.00714	0.00598	0.00189	0.00983	0.00476	0.00424	0.00880
10	0.07815	0.07037	0.02013	0.01435	0.01980	0.01959	0.01198	0.50645	0.02733	0.08711	0.01592	0.01601	0.01142	0.00772	0.00637	0.00195	0.00707	0.00572	0.00631	0.06625
11	0.00907	0.00724	0.00820	0.00846	0.01023	0.00666	0.00614	0.01220	0.06709	0.02033	0.15609	0.25819	0.37056	0.01739	0.00818	0.00242	0.00372	0.01506	0.00658	0.00620
12	0.66650	0.01294	0.01111	0.00957	0.01400	0.01438	0.00789	0.02252	0.01309	0.15639	0.01270	0.01333	0.00914	0.00674	0.00472	0.00212	0.00539	0.00428	0.00500	0.00818
13	0.00978	0.00718	0.00779	0.00755	0.00974	0.00617	0.00559	0.01160	0.01581	0.06161	0.13820	0.07771	0.52984	0.06898	0.00992	0.00260	0.00382	0.01355	0.00646	0.00609
14	0.00962	0.00705	0.00906	0.00873	0.01042	0.00649	0.00667	0.01269	0.01871	0.02599	0.59632	0.05457	0.12946	0.01470	0.00817	0.00224	0.00348	0.06194	0.00732	0.00637
15	0.01292	0.01216	0.02052	0.74312	0.04712	0.01520	0.01900	0.01748	0.01368	0.01748	0.01216	0.01824	0.00912	0.00684	0.00684	0.00228	0.00912	0.00608	0.00304	0.00760
16	0.00862	0.00614	0.00778	0.00897	0.00942	0.00577	0.00586	0.00962	0.01267	0.01675	0.03672	0.57808	0.08450	0.15902	0.01356	0.00347	0.00443	0.01735	0.00594	0.00531
17	0.29693	0.01371	0.01365	0.01214	0.01599	0.01560	0.00984	0.13912	0.22437	0.03007	0.01953	0.02410	0.01609	0.01217	0.06060	0.00294	0.00679	0.07175	0.00566	0.00896
18	0.01353	0.01314	0.02047	0.70827	0.04587	0.04964	0.01872	0.01795	0.01395	0.01744	0.01208	0.01796	0.00911	0.00685	0.00681	0.00226	0.00927	0.00600	0.00306	0.00762
19	0.02704	0.01329	0.01642	0.01291	0.01788	0.01295	0.01056	0.16801	0.10086	0.46583	0.06160	0.02362	0.01885	0.00880	0.00695	0.00213	0.00599	0.00712	0.00791	0.01127
20	0.07533	0.01230	0.01589	0.01226	0.01750	0.01120	0.01012	0.08210	0.02007	0.63078	0.02519	0.02207	0.01599	0.00833	0.00672	0.00211	0.00592	0.00664	0.00810	0.01140
21	0.01316	0.00836	0.01064	0.06047	0.01380	0.00836	0.00786	0.04667	0.01591	0.09791	0.15790	0.06538	0.12785	0.10987	0.09600	0.00378	0.00654	0.04559	0.09710	0.00687

[dist]
# distance from previous block
# <min> <max>
1	37

[block]
# block no. 3 follows, 31 sequences, length 15
# corresponding to MSA columns:
# 630-644
name=unknown_D
#
# <colnr> <probs for GDERKNQSTAVLIFYWHMCP>
#	G	D	E	R	K	N	Q	S	T	A	V	L	I	F	Y	W	H	M	C	P
0	0.01256	0.00760	0.00994	0.00910	0.01120	0.00689	0.00691	0.01551	0.01883	0.12683	0.54137	0.09059	0.08832	0.01380	0.00794	0.00219	0.00366	0.01211	0.00754	0.00712
1	0.04158	0.00711	0.00823	0.00804	0.00884	0.00696	0.00515	0.01177	0.01276	0.04247	0.17167	0.08888	0.05724	0.47312	0.02439	0.00495	0.00555	0.01086	0.00524	0.00517
2	0.01549	0.28536	0.13985	0.04459	0.06446	0.06685	0.08120	0.01917	0.01532	0.01924	0.07135	0.02356	0.11022	0.00827	0.00625	0.00192	0.00782	0.00675	0.00386	0.00848
3	0.00831	0.00689	0.00728	0.00729	0.00941	0.00586	0.00543	0.01022	0.01598	0.01964	0.15462	0.09823	0.59311	0.01708	0.00812	0.00231	0.00346	0.01441	0.00651	0.00586
4	0.44401	0.01295	0.01307	0.01070	0.01544	0.01356	0.00883	0.06733	0.01614	0.31179	0.01704	0.01638	0.01154	0.00733	0.00547	0.00211	0.00565	0.00515	0.00611	0.00939
5	0.01641	0.01280	0.01535	0.17877	0.02244	0.05721	0.01164	0.15051	0.05727	0.07421	0.08091	0.12575	0.02312	0.06343	0.05419	0.00311	0.00766	0.03160	0.00549	0.00814
6	0.01375	0.01254	0.01560	0.01429	0.01598	0.04043	0.02802	0.02013	0.18998	0.02013	0.02331	0.13556	0.04356	0.01818	0.10773	0.00377	0.23098	0.05330	0.00496	0.00780
7	0.00977	0.00733	0.01100	0.01100	0.01222	0.00855	0.00855	0.01222	0.01100	0.01588	0.01833	0.02688	0.01710	0.05131	0.73245	0.01100	0.01833	0.00733	0.00367	0.00611
8	0.01714	0.01756	0.02900	0.08395	0.49822	0.06775	0.14315	0.02139	0.01583	0.02155	0.01284	0.01697	0.01050	0.00615	0.00697	0.00208	0.00912	0.00634	0.00339	0.01012
9	0.01842	0.01605	0.02158	0.21002	0.15009	0.05728	0.05568	0.18415	0.09671	0.04507	0.01590	0.01878	0.01216	0.01028	0.05534	0.00274	0.00900	0.00642	0.00470	0.00963
10	0.01644	0.09818	0.27592	0.01832	0.07547	0.09058	0.01732	0.04050	0.16393	0.02225	0.01689	0.03886	0.01389	0.00831	0.00735	0.00218	0.04462	0.03517	0.00421	0.00959
11	0.00843	0.00603	0.00802	0.00946	0.00994	0.00562	0.00636	0.00977	0.01355	0.01818	0.08619	0.70458	0.04663	0.02090	0.00868	0.00273	0.00392	0.01894	0.00644	0.00562
12	0.00979	0.00726	0.01065	0.01065	0.01175	0.00836	0.00812	0.01200	0.01089	0.01563	0.01864	0.02862	0.01786	0.12041	0.66439	0.01057	0.01718	0.00759	0.00371	0.00592
13	0.12228	0.01590	0.01764	0.04028	0.08812	0.04806	0.01207	0.33709	0.02215	0.05055	0.01564	0.01899	0.01249	0.05915	0.10608	0.00354	0.00892	0.00617	0.00534	0.00952
14	0.01999	0.01647	0.02094	0.15153	0.15835	0.05202	0.03475	0.26482	0.07108	0.06375	0.01949	0.02100	0.05870	0.00813	0.00693	0.00212	0.00778	0.00681	0.00529	0.01005

[dist]
# distance from previous block
# <min> <max>
0	5

[block]
# block no. 4 follows, 31 sequences, length 10
# corresponding to MSA columns:
# 650-659
name=unknown_E
#
# <colnr> <probs for GDERKNQSTAVLIFYWHMCP>
#	G	D	E	R	K	N	Q	S	T	A	V	L	I	F	Y	W	H	M	C	P
0	0.01777	0.61149	0.03221	0.01322	0.05258	0.02426	0.01179	0.02116	0.05554	0.01774	0.01103	0.01245	0.00974	0.00600	0.00473	0.00150	0.00703	0.00406	0.00330	0.08241
1	0.01682	0.01730	0.06550	0.08886	0.39594	0.05083	0.01775	0.05480	0.04410	0.02275	0.01323	0.01651	0.01075	0.00648	0.00694	0.00193	0.02923	0.00570	0.00374	0.13082
2	0.02073	0.15211	0.04650	0.02014	0.15400	0.16672	0.01428	0.17984	0.10945	0.02585	0.03612	0.01690	0.01313	0.00741	0.00630	0.00193	0.00828	0.00570	0.00471	0.00990
3	0.02349	0.12087	0.02182	0.01489	0.02016	0.02134	0.01247	0.49488	0.13855	0.03705	0.01732	0.01715	0.01274	0.00806	0.00653	0.00202	0.00716	0.00607	0.00632	0.01111
4	0.01624	0.03617	0.06805	0.01681	0.10505	0.04285	0.06541	0.04061	0.04864	0.05933	0.01733	0.01890	0.05317	0.00666	0.00606	0.00159	0.00671	0.00571	0.00438	0.38032
5	0.01494	0.03368	0.67327	0.01897	0.02874	0.01547	0.02418	0.02250	0.01481	0.07192	0.01333	0.01508	0.00926	0.00664	0.00653	0.00216	0.00980	0.00519	0.00329	0.01022
6	0.00979	0.00725	0.01061	0.01061	0.01170	0.00834	0.00807	0.01197	0.01088	0.01560	0.01868	0.02883	0.01795	0.12877	0.65616	0.01052	0.01705	0.00762	0.00372	0.00589
7	0.01258	0.01078	0.01446	0.05204	0.19023	0.05253	0.01099	0.01489	0.01489	0.04018	0.08953	0.33519	0.07276	0.04604	0.00895	0.00257	0.00583	0.01287	0.00536	0.00733
8	0.01687	0.08435	0.21293	0.02210	0.17915	0.01479	0.09052	0.02152	0.01565	0.12464	0.04456	0.02185	0.05843	0.01022	0.05030	0.00262	0.00875	0.00678	0.00433	0.00964
9	0.01045	0.01114	0.08794	0.01456	0.07279	0.00866	0.06672	0.01308	0.01410	0.01920	0.07984	0.42171	0.07411	0.06077	0.00976	0.00277	0.00567	0.01451	0.00545	0.00678

[dist]
# distance from previous block
# <min> <max>
0	1

[block]
# block no. 5 follows, 31 sequences, length 96
# corresponding to MSA columns:
# 661-730,756-781
name=unknown_F
#
# <colnr> <probs for GDERKNQSTAVLIFYWHMCP>
#	G	D	E	R	K	N	Q	S	T	A	V	L	I	F	Y	W	H	M	C	P
0	0.02569	0.01906	0.02079	0.01666	0.04568	0.02104	0.01328	0.67041	0.03158	0.04239	0.01630	0.01644	0.01161	0.00814	0.00684	0.00205	0.00755	0.00616	0.00672	0.01161
1	0.01654	0.08413	0.15112	0.14430	0.15259	0.03546	0.06178	0.09724	0.01686	0.04352	0.01758	0.02154	0.05779	0.00803	0.00744	0.00216	0.03925	0.02934	0.00404	0.00928
2	0.01708	0.00903	0.01155	0.00998	0.01293	0.00843	0.00781	0.02144	0.07476	0.24434	0.38953	0.03835	0.04248	0.01141	0.00735	0.00211	0.00421	0.00981	0.06897	0.00843
3	0.01497	0.01497	0.02095	0.01796	0.01796	0.02095	0.01497	0.01646	0.01048	0.01646	0.00898	0.01497	0.00898	0.01197	0.02245	0.00299	0.74704	0.00599	0.00299	0.00748
4	0.01664	0.01554	0.02639	0.12063	0.26758	0.01629	0.17367	0.04973	0.10196	0.04652	0.01625	0.04717	0.01323	0.00760	0.00806	0.00225	0.04927	0.00730	0.00421	0.00972
5	0.01202	0.04349	0.05366	0.06439	0.14010	0.01053	0.01117	0.01466	0.01376	0.03806	0.03047	0.08012	0.18011	0.11483	0.13833	0.00434	0.00841	0.02980	0.00457	0.00719
6	0.36767	0.01260	0.01352	0.01092	0.01576	0.01275	0.00901	0.05120	0.01659	0.39767	0.01904	0.01776	0.01261	0.00754	0.00573	0.00211	0.00565	0.00548	0.00657	0.00981
7	0.03070	0.01164	0.01588	0.01217	0.01746	0.01006	0.01006	0.03334	0.01958	0.72163	0.02699	0.02329	0.01694	0.00847	0.00688	0.00212	0.00582	0.00688	0.00847	0.01164
8	0.01583	0.02959	0.46900	0.02242	0.07346	0.05949	0.15954	0.02249	0.01537	0.04988	0.01313	0.01565	0.00950	0.00644	0.00683	0.00216	0.01024	0.00577	0.00330	0.00991
9	0.01566	0.01527	0.02453	0.18763	0.44857	0.04459	0.04620	0.01964	0.01536	0.02077	0.01676	0.02230	0.05042	0.00744	0.00700	0.00215	0.00832	0.03431	0.00361	0.00949
10	0.00834	0.00595	0.00794	0.00953	0.00992	0.00556	0.00635	0.00953	0.01310	0.01746	0.03771	0.75510	0.04525	0.02143	0.00873	0.00278	0.00397	0.01945	0.00635	0.00556
11	0.00834	0.00595	0.00794	0.00953	0.00992	0.00556	0.00635	0.00953	0.01310	0.01746	0.03771	0.75510	0.04525	0.02143	0.00873	0.00278	0.00397	0.01945	0.00635	0.00556
12	0.01506	0.14756	0.51518	0.01934	0.02822	0.03763	0.10224	0.02167	0.01470	0.02069	0.01198	0.01432	0.00889	0.00633	0.00635	0.00206	0.00990	0.00518	0.00298	0.00974
13	0.00834	0.00595	0.00794	0.00953	0.00992	0.00556	0.00635	0.00953	0.01310	0.01746	0.03771	0.75510	0.04525	0.02143	0.00873	0.00278	0.00397	0.01945	0.00635	0.00556
14	0.01193	0.00647	0.00647	0.00647	0.00819	0.00627	0.00486	0.01486	0.01457	0.02427	0.03059	0.03260	0.14010	0.00962	0.00536	0.00172	0.00324	0.00780	0.65833	0.00627
15	0.01292	0.00754	0.00913	0.11168	0.03843	0.00797	0.00736	0.01634	0.01430	0.02426	0.02055	0.02418	0.01611	0.00775	0.00514	0.00171	0.00420	0.00632	0.65741	0.00671
16	0.02257	0.01210	0.03310	0.01220	0.01646	0.01125	0.00994	0.02959	0.19771	0.39093	0.07245	0.09639	0.04329	0.01047	0.00718	0.00224	0.00542	0.00882	0.00760	0.01031
17	0.02556	0.03261	0.01939	0.01763	0.02115	0.73210	0.01322	0.02732	0.01939	0.01674	0.01058	0.01234	0.00881	0.00705	0.00617	0.00176	0.01234	0.00441	0.00353	0.00793
18	0.01573	0.01503	0.02559	0.25233	0.51596	0.01594	0.02040	0.01994	0.01501	0.02089	0.01266	0.01732	0.01032	0.00632	0.00679	0.00211	0.00843	0.00609	0.00328	0.00987
19	0.80789	0.01323	0.01006	0.00900	0.01323	0.01535	0.00741	0.02011	0.01164	0.03070	0.00953	0.01111	0.00741	0.00635	0.00423	0.00212	0.00529	0.00370	0.00423	0.00741
20	0.00989	0.00727	0.00930	0.00874	0.01046	0.00681	0.00657	0.01364	0.04371	0.02717	0.66689	0.05069	0.08509	0.01393	0.00803	0.00216	0.00331	0.01228	0.00747	0.00659
21	0.00979	0.00727	0.01070	0.01070	0.01181	0.00839	0.00818	0.01203	0.01091	0.01566	0.01860	0.02839	0.01776	0.11119	0.67347	0.01063	0.01734	0.00755	0.00371	0.00594
22	0.00825	0.00694	0.00716	0.00710	0.00934	0.00584	0.00533	0.01013	0.01598	0.01939	0.13494	0.06434	0.64791	0.01699	0.00808	0.00229	0.00344	0.01423	0.00647	0.00584
23	0.01693	0.01626	0.02777	0.04199	0.71689	0.01626	0.02100	0.02100	0.01558	0.02235	0.01287	0.01693	0.01084	0.00610	0.00677	0.00203	0.00813	0.00610	0.00339	0.01084
24	0.00992	0.00724	0.00935	0.00878	0.01047	0.00680	0.00660	0.01367	0.04169	0.02747	0.69095	0.05027	0.06313	0.01383	0.00803	0.00216	0.00330	0.01222	0.00751	0.00660
25	0.80789	0.01323	0.01006	0.00900	0.01323	0.01535	0.00741	0.02011	0.01164	0.03070	0.00953	0.01111	0.00741	0.00635	0.00423	0.00212	0.00529	0.00370	0.00423	0.00741
26	0.01615	0.01845	0.04037	0.02884	0.03576	0.01730	0.69204	0.02191	0.01615	0.02191	0.01384	0.01845	0.01038	0.00577	0.00807	0.00231	0.01153	0.00807	0.00346	0.00923
27	0.01497	0.01497	0.02095	0.01796	0.01796	0.02095	0.01497	0.01646	0.01048	0.01646	0.00898	0.01497	0.00898	0.01197	0.02245	0.00299	0.74704	0.00599	0.00299	0.00748
28	0.00835	0.00685	0.00735	0.00742	0.00945	0.00586	0.00549	0.01025	0.01593	0.01973	0.16263	0.12635	0.55623	0.01720	0.00814	0.00233	0.00348	0.01459	0.00653	0.00586
29	0.70475	0.01302	0.01083	0.00942	0.01379	0.01465	0.00776	0.02187	0.01270	0.12239	0.01184	0.01273	0.00867	0.00663	0.00458	0.00212	0.00536	0.00413	0.00480	0.00797
30	0.02994	0.01181	0.01585	0.01227	0.01748	0.01044	0.01010	0.03351	0.05743	0.68333	0.02704	0.02341	0.01715	0.00851	0.00688	0.00213	0.00580	0.00693	0.00838	0.01160
31	0.00834	0.00595	0.00794	0.00953	0.00992	0.00556	0.00635	0.00953	0.01310	0.01746	0.03771	0.75510	0.04525	0.02143	0.00873	0.00278	0.00397	0.01945	0.00635	0.00556
32	0.01676	0.51887	0.26721	0.01433	0.02161	0.02331	0.01627	0.02088	0.01408	0.01797	0.01044	0.01214	0.00874	0.00607	0.00510	0.00170	0.00826	0.00413	0.00291	0.00923
33	0.00978	0.00730	0.01086	0.01086	0.01203	0.00848	0.00838	0.01213	0.01095	0.01578	0.01845	0.02757	0.01740	0.07871	0.70547	0.01083	0.01787	0.00743	0.00368	0.00603
34	0.00833	0.00599	0.00790	0.00942	0.00989	0.00557	0.00630	0.00954	0.01320	0.01751	0.03901	0.72674	0.07277	0.02126	0.00871	0.00276	0.00395	0.01924	0.00635	0.00557
35	0.00845	0.00604	0.00804	0.00945	0.00995	0.00563	0.00636	0.00982	0.01364	0.01832	0.09591	0.69445	0.04691	0.02079	0.00868	0.00272	0.00391	0.01884	0.00645	0.00563
36	0.01419	0.01216	0.01419	0.01013	0.01621	0.00912	0.00811	0.01723	0.01419	0.02229	0.01216	0.01419	0.01013	0.00507	0.00507	0.00101	0.00507	0.00405	0.00405	0.80139
37	0.01776	0.01479	0.02066	0.02228	0.21575	0.03675	0.06090	0.08294	0.11215	0.08919	0.02014	0.02206	0.05585	0.01166	0.06758	0.00282	0.05692	0.00691	0.00491	0.07797
38	0.01372	0.03539	0.72412	0.01950	0.02961	0.01589	0.02528	0.02167	0.01444	0.02167	0.01228	0.01444	0.00867	0.00650	0.00650	0.00217	0.01011	0.00506	0.00289	0.01011
39	0.00980	0.00721	0.01037	0.01037	0.01138	0.00821	0.00778	0.01182	0.01081	0.01542	0.01889	0.03003	0.01847	0.17593	0.60970	0.01023	0.01627	0.00779	0.00375	0.00576
40	0.00953	0.00699	0.00893	0.00844	0.01012	0.00639	0.00633	0.01261	0.01899	0.02655	0.64975	0.05256	0.12864	0.01432	0.00807	0.00217	0.00325	0.01258	0.00741	0.00639
41	0.01830	0.02135	0.11008	0.04300	0.11794	0.09875	0.27752	0.11682	0.03928	0.02410	0.01362	0.01682	0.01045	0.00689	0.00814	0.00220	0.05459	0.00660	0.00394	0.00963
42	0.01717	0.01415	0.01514	0.01356	0.01736	0.01615	0.01056	0.03494	0.63886	0.05669	0.06568	0.02685	0.02314	0.00951	0.00702	0.00230	0.00531	0.00796	0.00705	0.01062
43	0.01078	0.00770	0.01074	0.01232	0.01378	0.00766	0.01059	0.01375	0.01551	0.02020	0.03636	0.13952	0.03991	0.01913	0.00938	0.00312	0.00609	0.61093	0.00630	0.00623
44	0.01528	0.01467	0.02524	0.32536	0.42410	0.01586	0.04155	0.01960	0.01483	0.02037	0.01261	0.01751	0.01013	0.00639	0.00684	0.00214	0.00864	0.00615	0.00325	0.00948
45	0.00928	0.00698	0.00859	0.00819	0.00997	0.00628	0.00614	0.01213	0.01842	0.02519	0.55173	0.05480	0.22751	0.01482	0.00807	0.00219	0.00329	0.01289	0.00724	0.00628
46	0.00834	0.00595	0.00794	0.00953	0.00992	0.00556	0.00635	0.00953	0.01310	0.01746	0.03771	0.75510	0.04525	0.02143	0.00873	0.00278	0.00397	0.01945	0.00635	0.00556
47	0.01497	0.01497	0.02095	0.01796	0.01796	0.02095	0.01497	0.01646	0.01048	0.01646	0.00898	0.01497	0.00898	0.01197	0.02245	0.00299	0.74704	0.00599	0.00299	0.00748
48	0.02482	0.01922	0.02143	0.01919	0.11102	0.04321	0.01404	0.58596	0.02962	0.03960	0.01578	0.01636	0.01144	0.00790	0.00681	0.00204	0.00776	0.00610	0.00629	0.01141
49	0.02148	0.12934	0.02694	0.01965	0.05173	0.20839	0.15649	0.19982	0.02044	0.02490	0.01262	0.01490	0.00998	0.00726	0.00778	0.00202	0.06691	0.00572	0.00425	0.00939
50	0.03070	0.01164	0.01588	0.01217	0.01746	0.01006	0.01006	0.03334	0.01958	0.72163	0.02699	0.02329	0.01694	0.00847	0.00688	0.00212	0.00582	0.00688	0.00847	0.01164
51	0.01419	0.01216	0.01419	0.01013	0.01621	0.00912	0.00811	0.01723	0.01419	0.02229	0.01216	0.01419	0.01013	0.00507	0.00507	0.00101	0.00507	0.00405	0.00405	0.80139
52	0.01805	0.01819	0.05592	0.04848	0.11022	0.01741	0.39627	0.12380	0.07136	0.04700	0.01549	0.01852	0.01153	0.00658	0.00753	0.00223	0.00977	0.00733	0.00435	0.00995
53	0.02579	0.02576	0.01997	0.01667	0.02118	0.36996	0.01311	0.36698	0.02590	0.03018	0.01356	0.01442	0.01025	0.00764	0.00651	0.00191	0.00989	0.00530	0.00522	0.00982
54	0.02037	0.01593	0.01779	0.01465	0.04788	0.01640	0.01134	0.34412	0.13368	0.03335	0.01702	0.01749	0.01280	0.00737	0.00628	0.00178	0.00638	0.00580	0.02685	0.24272
55	0.00904	0.00661	0.00771	0.00799	0.00894	0.00613	0.00531	0.01029	0.01366	0.01787	0.14838	0.21870	0.21454	0.27405	0.01747	0.00389	0.00464	0.01374	0.00578	0.00527
56	0.04753	0.02906	0.41725	0.02290	0.16030	0.09938	0.02126	0.08216	0.01671	0.02349	0.01246	0.01473	0.00932	0.00663	0.00646	0.00208	0.00957	0.00523	0.00346	0.01003
57	0.01752	0.53139	0.21565	0.01397	0.02092	0.02381	0.01534	0.05802	0.01505	0.01905	0.01062	0.01219	0.00891	0.00615	0.00508	0.00168	0.00806	0.00416	0.00313	0.00929
58	0.00894	0.00662	0.00834	0.00865	0.00995	0.00602	0.00620	0.01119	0.01652	0.02240	0.36561	0.30166	0.16834	0.01718	0.00831	0.00240	0.00353	0.01522	0.00691	0.00602
59	0.00962	0.00730	0.01091	0.01092	0.01200	0.00780	0.03555	0.01157	0.01174	0.01634	0.02437	0.24985	0.02618	0.11275	0.41121	0.00769	0.01248	0.01131	0.00452	0.00587
60	0.01773	0.01525	0.02186	0.09756	0.35735	0.04060	0.01630	0.06676	0.10914	0.07399	0.01855	0.02162	0.04155	0.04027	0.00853	0.00233	0.02930	0.00682	0.00458	0.00994
61	0.00968	0.00699	0.00914	0.00861	0.01022	0.00646	0.00646	0.01291	0.01937	0.02743	0.71328	0.05110	0.06455	0.01399	0.00807	0.00215	0.00323	0.01237	0.00753	0.00646
62	0.00816	0.00664	0.00723	0.00770	0.00944	0.00571	0.00554	0.00973	0.01485	0.01818	0.05990	0.27107	0.51496	0.01855	0.00828	0.00245	0.00362	0.01593	0.00635	0.00571
63	0.01491	0.01393	0.02313	0.46049	0.28703	0.01583	0.01947	0.04698	0.01513	0.02030	0.01259	0.01769	0.00984	0.00663	0.00682	0.00218	0.00870	0.00609	0.00332	0.00893
64	0.01481	0.02778	0.41710	0.02369	0.03237	0.01652	0.32467	0.02178	0.01521	0.02178	0.01298	0.01624	0.00944	0.00617	0.00721	0.00223	0.01075	0.00641	0.00315	0.00971
65	0.01809	0.73207	0.06572	0.01204	0.01808	0.02659	0.01230	0.02054	0.01392	0.01634	0.00963	0.01113	0.00877	0.00588	0.00448	0.00149	0.00744	0.00372	0.00292	0.00884
66	0.00877	0.00614	0.00781	0.00897	0.00926	0.00585	0.00575	0.00964	0.01224	0.01633	0.03333	0.56241	0.03972	0.22167	0.01581	0.00382	0.00469	0.01687	0.00575	0.00517
67	0.04426	0.01674	0.02611	0.11960	0.52398	0.06075	0.04688	0.02086	0.01534	0.02154	0.01246	0.01660	0.01032	0.00640	0.00715	0.00209	0.02956	0.00598	0.00338	0.01000
68	0.01589	0.01405	0.02425	0.16034	0.35817	0.01430	0.10435	0.02001	0.01565	0.06042	0.05374	0.02176	0.03735	0.00724	0.00693	0.00210	0.00786	0.00702	0.05919	0.00937
69	0.01945	0.46961	0.11294	0.01532	0.04904	0.19573	0.01406	0.02230	0.01536	0.01717	0.01024	0.01196	0.00886	0.00623	0.00517	0.00164	0.00889	0.00411	0.00309	0.00882
70	0.01508	0.01238	0.01445	0.01038	0.01642	0.00955	0.00833	0.04005	0.01495	0.04442	0.01276	0.01454	0.01039	0.00527	0.00518	0.00108	0.00517	0.00421	0.00428	0.75112
71	0.01490	0.01889	0.20232	0.01768	0.10139	0.05631	0.01496	0.11490	0.01603	0.02205	0.01641	0.05285	0.01459	0.07118	0.22934	0.00512	0.01164	0.00694	0.00403	0.00847
72	0.01480	0.20796	0.56103	0.01765	0.02675	0.01854	0.02206	0.02139	0.01432	0.02035	0.01162	0.01362	0.00869	0.00635	0.00600	0.00200	0.00945	0.00472	0.00290	0.00980
73	0.00821	0.00668	0.00727	0.00767	0.00945	0.00574	0.00554	0.00985	0.01507	0.01853	0.08333	0.24502	0.51728	0.01828	0.00825	0.00243	0.00359	0.01567	0.00639	0.00574
74	0.00995	0.00663	0.00746	0.00746	0.00746	0.00663	0.00415	0.00995	0.00995	0.01327	0.02156	0.04477	0.02487	0.75957	0.03482	0.00663	0.00663	0.00995	0.00415	0.00415
75	0.01677	0.19697	0.23857	0.01624	0.04226	0.01742	0.05753	0.07813	0.07415	0.06925	0.01865	0.09306	0.03500	0.00865	0.00648	0.00207	0.00776	0.00713	0.00445	0.00946
76	0.01936	0.09119	0.12146	0.01502	0.02025	0.01877	0.01371	0.27605	0.20690	0.03069	0.03689	0.01953	0.01507	0.01069	0.04723	0.00261	0.03218	0.00641	0.00564	0.01034
77	0.00918	0.00677	0.00732	0.00729	0.00830	0.00628	0.00467	0.01002	0.01263	0.01597	0.06978	0.05358	0.30591	0.42759	0.02287	0.00469	0.00521	0.01187	0.00518	0.00490
78	0.01722	0.36503	0.32969	0.01552	0.02316	0.02159	0.01768	0.09867	0.01624	0.02160	0.01150	0.01309	0.00906	0.00640	0.00558	0.00183	0.00854	0.00455	0.00336	0.00968
79	0.01466	0.01479	0.07760	0.09518	0.09019	0.01147	0.01222	0.04006	0.01488	0.02239	0.01238	0.01500	0.01001	0.00559	0.00561	0.00139	0.00633	0.00463	0.00387	0.54173
80	0.01401	0.02878	0.51810	0.01835	0.04968	0.01528	0.02102	0.02333	0.13294	0.02311	0.05538	0.01997	0.03469	0.00769	0.00672	0.00219	0.00866	0.00623	0.00396	0.00993
81	0.01419	0.01216	0.01419	0.01013	0.01621	0.00912	0.00811	0.01723	0.01419	0.02229	0.01216	0.01419	0.01013	0.00507	0.00507	0.00101	0.00507	0.00405	0.00405	0.80139
82	0.00838	0.00604	0.00795	0.00938	0.00991	0.00560	0.00631	0.00968	0.01347	0.01794	0.06831	0.69656	0.07324	0.02094	0.00868	0.00273	0.00392	0.01894	0.00640	0.00560
83	0.80789	0.01323	0.01006	0.00900	0.01323	0.01535	0.00741	0.02011	0.01164	0.03070	0.00953	0.01111	0.00741	0.00635	0.00423	0.00212	0.00529	0.00370	0.00423	0.00741
84	0.02079	0.01385	0.01558	0.01344	0.01770	0.01510	0.01062	0.03552	0.51579	0.21957	0.02761	0.02491	0.01980	0.00906	0.00694	0.00226	0.00553	0.00750	0.00738	0.01105
85	0.03070	0.01164	0.01588	0.01217	0.01746	0.01006	0.01006	0.03334	0.01958	0.72163	0.02699	0.02329	0.01694	0.00847	0.00688	0.00212	0.00582	0.00688	0.00847	0.01164
86	0.02601	0.01916	0.02053	0.01574	0.02122	0.02122	0.01300	0.69408	0.03217	0.04312	0.01643	0.01643	0.01163	0.00821	0.00684	0.00205	0.00753	0.00616	0.00684	0.01163
87	0.00834	0.00595	0.00794	0.00953	0.00992	0.00556	0.00635	0.00953	0.01310	0.01746	0.03771	0.75510	0.04525	0.02143	0.00873	0.00278	0.00397	0.01945	0.00635	0.00556
88	0.03070	0.01164	0.01588	0.01217	0.01746	0.01006	0.01006	0.03334	0.01958	0.72163	0.02699	0.02329	0.01694	0.00847	0.00688	0.00212	0.00582	0.00688	0.00847	0.01164
89	0.01615	0.01845	0.04037	0.02884	0.03576	0.01730	0.69204	0.02191	0.01615	0.02191	0.01384	0.01845	0.01038	0.00577	0.00807	0.00231	0.01153	0.00807	0.00346	0.00923
90	0.00968	0.00699	0.00914	0.00861	0.01022	0.00646	0.00646	0.01291	0.01937	0.02743	0.71328	0.05110	0.06455	0.01399	0.00807	0.00215	0.00323	0.01237	0.00753	0.00646
91	0.01497	0.01497	0.02095	0.01796	0.01796	0.02095	0.01497	0.01646	0.01048	0.01646	0.00898	0.01497	0.00898	0.01197	0.02245	0.00299	0.74704	0.00599	0.00299	0.00748
92	0.01549	0.01478	0.02516	0.29478	0.47540	0.01587	0.02028	0.01973	0.01489	0.02059	0.01261	0.01740	0.01022	0.00636	0.00680	0.00212	0.00849	0.00609	0.00326	0.00967
93	0.06076	0.01170	0.01565	0.01205	0.01730	0.01026	0.00995	0.03283	0.01927	0.69490	0.02632	0.02282	0.01657	0.00839	0.00678	0.00212	0.00580	0.00676	0.00830	0.01148
94	0.01386	0.01198	0.01641	0.11631	0.16598	0.01292	0.01242	0.02220	0.22706	0.02457	0.21662	0.03176	0.04694	0.04112	0.00841	0.00239	0.00587	0.00873	0.00571	0.00876
95	0.00834	0.00595	0.00794	0.00953	0.00992	0.00556	0.00635	0.00953	0.01310	0.01746	0.03771	0.75510	0.04525	0.02143	0.00873	0.00278	0.00397	0.01945	0.00635	0.00556

[dist]
# distance from previous block
# <min> <max>
1	2

[block]
# block no. 6 follows, 31 sequences, length 22
# corresponding to MSA columns:
# 789-810
name=unknown_G
#
# <colnr> <probs for GDERKNQSTAVLIFYWHMCP>
#	G	D	E	R	K	N	Q	S	T	A	V	L	I	F	Y	W	H	M	C	P
0	0.05190	0.50362	0.02916	0.01294	0.01805	0.15029	0.01168	0.02379	0.10654	0.01848	0.01214	0.01316	0.01034	0.00654	0.00504	0.00166	0.00787	0.00433	0.00362	0.00885
1	0.80789	0.01323	0.01006	0.00900	0.01323	0.01535	0.00741	0.02011	0.01164	0.03070	0.00953	0.01111	0.00741	0.00635	0.00423	0.00212	0.00529	0.00370	0.00423	0.00741
2	0.01953	0.08057	0.11427	0.10763	0.02464	0.04428	0.04239	0.17466	0.21161	0.08325	0.01848	0.01896	0.01354	0.00779	0.00666	0.00213	0.00767	0.00631	0.00542	0.01023
3	0.01177	0.01519	0.17557	0.01383	0.03690	0.01037	0.05767	0.01715	0.06482	0.02420	0.32037	0.09537	0.07005	0.01155	0.00752	0.00218	0.00581	0.01022	0.00573	0.04373
4	0.00968	0.00699	0.00914	0.00861	0.01022	0.00646	0.00646	0.01291	0.01937	0.02743	0.71328	0.05110	0.06455	0.01399	0.00807	0.00215	0.00323	0.01237	0.00753	0.00646
5	0.03070	0.01164	0.01588	0.01217	0.01746	0.01006	0.01006	0.03334	0.01958	0.72163	0.02699	0.02329	0.01694	0.00847	0.00688	0.00212	0.00582	0.00688	0.00847	0.01164
6	0.00951	0.00699	0.00891	0.00843	0.01012	0.00638	0.00632	0.01259	0.01897	0.02649	0.64557	0.05265	0.13285	0.01434	0.00807	0.00217	0.00325	0.01259	0.00741	0.00638
7	0.01693	0.01626	0.02777	0.04199	0.71689	0.01626	0.02100	0.02100	0.01558	0.02235	0.01287	0.01693	0.01084	0.00610	0.00677	0.00203	0.00813	0.00610	0.00339	0.01084
8	0.00958	0.00699	0.00900	0.00850	0.01016	0.00641	0.00637	0.01270	0.01911	0.02684	0.67036	0.05209	0.10784	0.01421	0.00807	0.00216	0.00324	0.01251	0.00745	0.00641
9	0.01615	0.01845	0.04037	0.02884	0.03576	0.01730	0.69204	0.02191	0.01615	0.02191	0.01384	0.01845	0.01038	0.00577	0.00807	0.00231	0.01153	0.00807	0.00346	0.00923
10	0.01497	0.01497	0.02095	0.01796	0.01796	0.02095	0.01497	0.01646	0.01048	0.01646	0.00898	0.01497	0.00898	0.01197	0.02245	0.00299	0.74704	0.00599	0.00299	0.00748
11	0.01517	0.01302	0.01773	0.24271	0.02658	0.01373	0.01302	0.05827	0.01467	0.04402	0.01238	0.01602	0.00994	0.00706	0.00864	0.00184	0.12803	0.00523	0.00387	0.34809
12	0.01705	0.01046	0.01331	0.01174	0.01446	0.01110	0.00915	0.14199	0.04221	0.15923	0.02153	0.06974	0.01872	0.10677	0.31319	0.00634	0.01132	0.00805	0.00552	0.00814
13	0.00955	0.00699	0.00897	0.00847	0.01014	0.00640	0.00635	0.01266	0.01906	0.02671	0.66147	0.05229	0.11682	0.01426	0.00807	0.00216	0.00325	0.01254	0.00744	0.00640
14	0.01523	0.01440	0.02466	0.22159	0.43837	0.01514	0.04859	0.01940	0.01512	0.02086	0.01518	0.02367	0.01337	0.00762	0.00713	0.00223	0.00834	0.07605	0.00361	0.00944
15	0.38228	0.06039	0.01624	0.01480	0.09031	0.05966	0.01069	0.08720	0.13080	0.06640	0.01460	0.01536	0.01110	0.00711	0.00547	0.00208	0.00640	0.00507	0.00495	0.00908
16	0.02492	0.03155	0.01948	0.01765	0.02096	0.68946	0.01332	0.02667	0.01885	0.01673	0.01048	0.01250	0.00882	0.00735	0.00714	0.00184	0.05639	0.00450	0.00349	0.00790
17	0.02571	0.01617	0.01818	0.01413	0.01928	0.01705	0.01161	0.44652	0.05401	0.22169	0.02322	0.02191	0.06040	0.00893	0.00694	0.00210	0.00672	0.00697	0.00725	0.01121
18	0.01243	0.01070	0.01661	0.13111	0.21703	0.01145	0.01322	0.01599	0.03902	0.01881	0.02184	0.10159	0.04991	0.07879	0.18131	0.00473	0.00973	0.05386	0.00422	0.00764
19	0.01094	0.00920	0.05801	0.00927	0.01181	0.00720	0.00774	0.01420	0.01839	0.06708	0.51258	0.04949	0.17054	0.01372	0.00789	0.00218	0.00389	0.01190	0.00707	0.00690
20	0.01761	0.71191	0.03394	0.01156	0.01704	0.02560	0.01134	0.01974	0.01385	0.01619	0.01144	0.06181	0.01127	0.00692	0.00469	0.00155	0.00709	0.00474	0.00316	0.00856
21	0.00977	0.00759	0.00926	0.00995	0.01174	0.00731	0.00793	0.01297	0.05475	0.01942	0.04730	0.16778	0.29384	0.02034	0.05808	0.00326	0.00565	0.24063	0.00619	0.00624

[dist]
# distance from previous block
# <min> <max>
0	3

[block]
# block no. 7 follows, 31 sequences, length 48
# corresponding to MSA columns:
# 814-861
name=unknown_H
#
# <colnr> <probs for GDERKNQSTAVLIFYWHMCP>
#	G	D	E	R	K	N	Q	S	T	A	V	L	I	F	Y	W	H	M	C	P
0	0.01884	0.01572	0.02492	0.07607	0.51327	0.01604	0.01859	0.07987	0.05299	0.09365	0.01531	0.01804	0.01193	0.00672	0.00680	0.00207	0.00776	0.00626	0.00435	0.01080
1	0.01867	0.01338	0.01493	0.01315	0.01682	0.01487	0.01022	0.05445	0.50320	0.12613	0.02548	0.02435	0.01896	0.01082	0.00926	0.09560	0.00560	0.00735	0.00671	0.01005
2	0.01091	0.00780	0.01087	0.01226	0.01384	0.00775	0.01064	0.01407	0.01606	0.02106	0.09361	0.07496	0.04151	0.01848	0.00933	0.00307	0.00604	0.61503	0.00640	0.00631
3	0.01754	0.02898	0.48315	0.02015	0.08540	0.01641	0.02151	0.14278	0.01812	0.08104	0.01424	0.01571	0.01004	0.00693	0.00661	0.00213	0.00914	0.00549	0.00408	0.01057
4	0.01663	0.00843	0.01122	0.01009	0.01257	0.00779	0.00767	0.01887	0.01642	0.25756	0.19944	0.13688	0.05725	0.10421	0.08284	0.00366	0.00619	0.02768	0.00683	0.00775
5	0.01157	0.00695	0.00876	0.00927	0.01076	0.00631	0.00666	0.01326	0.01455	0.10824	0.04064	0.46285	0.15632	0.01795	0.00810	0.00253	0.00413	0.03749	0.06722	0.00646
6	0.00937	0.00698	0.00872	0.00828	0.01003	0.00632	0.00621	0.01231	0.01864	0.02570	0.58871	0.05395	0.19020	0.01463	0.00807	0.00218	0.00327	0.01277	0.00730	0.00632
7	0.01782	0.01721	0.02451	0.03420	0.51422	0.08445	0.01842	0.06289	0.05044	0.02323	0.01557	0.02198	0.01360	0.00756	0.00696	0.00212	0.00821	0.06236	0.00403	0.01022
8	0.00946	0.00768	0.00852	0.00861	0.01062	0.00719	0.00639	0.01338	0.09612	0.02071	0.14280	0.19060	0.40274	0.01677	0.00811	0.00240	0.00383	0.03106	0.00658	0.00643
9	0.01347	0.00928	0.01150	0.01138	0.01366	0.00950	0.00907	0.02007	0.17517	0.08314	0.18959	0.13979	0.03917	0.01469	0.00812	0.00255	0.00496	0.20827	0.02888	0.00774
10	0.08580	0.01807	0.05522	0.01473	0.02026	0.01838	0.01262	0.46932	0.04904	0.16089	0.01792	0.01742	0.01239	0.00806	0.00664	0.00208	0.00712	0.00609	0.00673	0.01121
11	0.01292	0.00947	0.01424	0.05595	0.17274	0.00964	0.01058	0.05216	0.01329	0.01797	0.02086	0.17375	0.05492	0.01784	0.03337	0.30409	0.00648	0.00926	0.00419	0.00627
12	0.01042	0.00751	0.00875	0.00855	0.01061	0.00683	0.00636	0.01356	0.05596	0.06264	0.24598	0.17036	0.33504	0.01606	0.00805	0.00233	0.00373	0.01384	0.00685	0.00657
13	0.00995	0.00663	0.00746	0.00746	0.00746	0.00663	0.00415	0.00995	0.00995	0.01327	0.02156	0.04477	0.02487	0.75957	0.03482	0.00663	0.00663	0.00995	0.00415	0.00415
14	0.01416	0.01351	0.05542	0.01068	0.01699	0.00951	0.00910	0.01748	0.01420	0.02226	0.01217	0.01420	0.01005	0.00515	0.00515	0.00108	0.00536	0.00411	0.00399	0.75543
15	0.01704	0.56429	0.22428	0.01384	0.02086	0.02401	0.01542	0.02081	0.01405	0.01762	0.01027	0.01192	0.00875	0.00603	0.00497	0.00166	0.00808	0.00404	0.00292	0.00914
16	0.01016	0.00661	0.00738	0.00738	0.00750	0.00661	0.00419	0.01041	0.01029	0.01420	0.02161	0.04330	0.02431	0.70200	0.03252	0.00625	0.00637	0.00968	0.06491	0.00432
17	0.01609	0.01575	0.02789	0.17122	0.51238	0.01618	0.09903	0.02045	0.01529	0.02139	0.01285	0.01735	0.01046	0.00620	0.00694	0.00211	0.00871	0.00632	0.00333	0.01005
18	0.00968	0.00685	0.00781	0.00798	0.00869	0.00659	0.00523	0.01049	0.01206	0.01558	0.05144	0.05316	0.17286	0.49709	0.02552	0.00520	0.00584	0.08818	0.00495	0.00480
19	0.01693	0.20958	0.05901	0.02459	0.08773	0.01988	0.40168	0.04032	0.01577	0.02090	0.01254	0.01613	0.00995	0.00608	0.00733	0.00207	0.03025	0.00657	0.00338	0.00930
20	0.01188	0.00594	0.00891	0.00891	0.00891	0.00594	0.00594	0.00891	0.00891	0.01188	0.01188	0.02080	0.01188	0.02377	0.02674	0.80095	0.00594	0.00594	0.00297	0.00297
21	0.00834	0.00595	0.00794	0.00953	0.00992	0.00556	0.00635	0.00953	0.01310	0.01746	0.03771	0.75510	0.04525	0.02143	0.00873	0.00278	0.00397	0.01945	0.00635	0.00556
22	0.00955	0.00699	0.00896	0.00847	0.01014	0.00640	0.00635	0.01266	0.01905	0.02670	0.66009	0.05232	0.11820	0.01426	0.00807	0.00216	0.00325	0.01254	0.00743	0.00640
23	0.01812	0.50633	0.11075	0.01613	0.08293	0.02332	0.03587	0.04276	0.05072	0.03939	0.01194	0.01342	0.00996	0.00627	0.00524	0.00170	0.00770	0.00456	0.00347	0.00941
24	0.01372	0.03539	0.72412	0.01950	0.02961	0.01589	0.02528	0.02167	0.01444	0.02167	0.01228	0.01444	0.00867	0.00650	0.00650	0.00217	0.01011	0.00506	0.00289	0.01011
25	0.02018	0.01607	0.01720	0.01456	0.01893	0.01817	0.01168	0.28962	0.40874	0.03380	0.02386	0.02468	0.01826	0.00937	0.00704	0.00226	0.00628	0.04150	0.00688	0.01091
26	0.01693	0.01626	0.02777	0.04199	0.71689	0.01626	0.02100	0.02100	0.01558	0.02235	0.01287	0.01693	0.01084	0.00610	0.00677	0.00203	0.00813	0.00610	0.00339	0.01084
27	0.01564	0.01485	0.02518	0.17877	0.54337	0.01543	0.01975	0.01963	0.01506	0.02110	0.01417	0.06006	0.01250	0.00713	0.00690	0.00212	0.00808	0.00687	0.00349	0.00989
28	0.02556	0.03261	0.01939	0.01763	0.02115	0.73210	0.01322	0.02732	0.01939	0.01674	0.01058	0.01234	0.00881	0.00705	0.00617	0.00176	0.01234	0.00441	0.00353	0.00793
29	0.00828	0.00651	0.00749	0.00815	0.00959	0.00572	0.00577	0.00986	0.01471	0.01852	0.09021	0.36515	0.38793	0.01893	0.00837	0.00251	0.00367	0.01651	0.00642	0.00572
30	0.01612	0.01210	0.01438	0.01037	0.01636	0.00923	0.00833	0.01911	0.01482	0.10401	0.01389	0.01525	0.01093	0.00546	0.00528	0.00114	0.00515	0.00438	0.00457	0.70911
31	0.01249	0.01258	0.04233	0.15022	0.16555	0.01193	0.12089	0.01620	0.01542	0.02016	0.05388	0.03861	0.23875	0.01100	0.00765	0.00230	0.00713	0.06041	0.00462	0.00788
32	0.01372	0.03539	0.72412	0.01950	0.02961	0.01589	0.02528	0.02167	0.01444	0.02167	0.01228	0.01444	0.00867	0.00650	0.00650	0.00217	0.01011	0.00506	0.00289	0.01011
33	0.00850	0.00607	0.00813	0.00972	0.01019	0.00570	0.00664	0.00982	0.01326	0.01765	0.03761	0.71282	0.04488	0.02128	0.00878	0.00280	0.00411	0.06007	0.00635	0.00560
34	0.01946	0.64640	0.03321	0.01266	0.01814	0.14018	0.01195	0.02158	0.01478	0.01620	0.00968	0.01119	0.00878	0.00605	0.00468	0.00151	0.00812	0.00378	0.00302	0.00864
35	0.00995	0.00663	0.00746	0.00746	0.00746	0.00663	0.00415	0.00995	0.00995	0.01327	0.02156	0.04477	0.02487	0.75957	0.03482	0.00663	0.00663	0.00995	0.00415	0.00415
36	0.01241	0.01112	0.07147	0.01166	0.01407	0.00979	0.00952	0.03337	0.13613	0.05991	0.03262	0.36377	0.07346	0.04154	0.02944	0.00294	0.02789	0.04542	0.00604	0.00744
37	0.01810	0.02263	0.08433	0.05941	0.04587	0.25305	0.19449	0.02158	0.01579	0.01875	0.01363	0.07377	0.01220	0.00854	0.00953	0.00225	0.12724	0.00701	0.00356	0.00827
38	0.01372	0.03539	0.72412	0.01950	0.02961	0.01589	0.02528	0.02167	0.01444	0.02167	0.01228	0.01444	0.00867	0.00650	0.00650	0.00217	0.01011	0.00506	0.00289	0.01011
39	0.65659	0.01292	0.01119	0.00962	0.01405	0.01432	0.00792	0.02269	0.01319	0.16521	0.01293	0.01348	0.00926	0.00676	0.00475	0.00212	0.00540	0.00432	0.00506	0.00823
40	0.01661	0.01719	0.10365	0.16057	0.29399	0.01637	0.06071	0.02075	0.01459	0.07960	0.01326	0.01718	0.01044	0.00748	0.00956	0.00228	0.13643	0.00615	0.00363	0.00955
41	0.02556	0.03261	0.01939	0.01763	0.02115	0.73210	0.01322	0.02732	0.01939	0.01674	0.01058	0.01234	0.00881	0.00705	0.00617	0.00176	0.01234	0.00441	0.00353	0.00793
42	0.02793	0.01155	0.01533	0.01205	0.01694	0.01037	0.00985	0.03203	0.07762	0.60972	0.07963	0.02561	0.02092	0.00896	0.00698	0.00214	0.00559	0.00737	0.00827	0.01118
43	0.01399	0.03377	0.66510	0.02141	0.08786	0.01592	0.02491	0.02161	0.01454	0.02172	0.01233	0.01466	0.00885	0.00647	0.00652	0.00216	0.00994	0.00514	0.00293	0.01017
44	0.01674	0.01606	0.02742	0.07606	0.68435	0.01620	0.02090	0.02083	0.01549	0.02211	0.01283	0.01700	0.01075	0.00613	0.00678	0.00204	0.00818	0.00609	0.00337	0.01068
45	0.01238	0.00762	0.00983	0.00892	0.01111	0.00687	0.00681	0.01537	0.01899	0.12131	0.55108	0.04887	0.12709	0.01359	0.00791	0.00216	0.00361	0.01184	0.00753	0.00709
46	0.02173	0.03704	0.04691	0.09565	0.12145	0.01538	0.19322	0.10830	0.01878	0.24489	0.01784	0.01917	0.01244	0.00710	0.00709	0.00215	0.00836	0.00677	0.00538	0.01036
47	0.01926	0.08457	0.15219	0.04781	0.22902	0.08968	0.10527	0.07088	0.01725	0.09849	0.01414	0.01641	0.01068	0.00663	0.00665	0.00203	0.00902	0.00588	0.00407	0.01007

[dist]
# distance from previous block
# <min> <max>
7	20

[block]
# block no. 8 follows, 31 sequences, length 61
# corresponding to MSA columns:
# 882-891,893-907,922-957
name=unknown_I
#
# <colnr> <probs for GDERKNQSTAVLIFYWHMCP>
#	G	D	E	R	K	N	Q	S	T	A	V	L	I	F	Y	W	H	M	C	P
0	0.01292	0.01216	0.02052	0.74312	0.04712	0.01520	0.01900	0.01748	0.01368	0.01748	0.01216	0.01824	0.00912	0.00684	0.00684	0.00228	0.00912	0.00608	0.00304	0.00760
1	0.00958	0.00699	0.00901	0.00850	0.01016	0.00641	0.00638	0.01272	0.01913	0.02688	0.67359	0.05201	0.10458	0.01419	0.00807	0.00216	0.00324	0.01250	0.00746	0.00641
2	0.00834	0.00595	0.00794	0.00953	0.00992	0.00556	0.00635	0.00953	0.01310	0.01746	0.03771	0.75510	0.04525	0.02143	0.00873	0.00278	0.00397	0.01945	0.00635	0.00556
