[name]
unknown

[dist]
# distance from previous block
# <min> <max>
0	97

[block]
# block no. 0 follows, 40 sequences, length 78
# corresponding to MSA columns:
# 106-183
name=unknown_A
#
# <colnr> <probs for GDERKNQSTAVLIFYWHMCP>
#	G	D	E	R	K	N	Q	S	T	A	V	L	I	F	Y	W	H	M	C	P
0	0.01337	0.01223	0.01922	0.04913	0.51776	0.03088	0.01458	0.01670	0.02754	0.03693	0.06785	0.05370	0.05329	0.00731	0.00603	0.00181	0.00617	0.03907	0.00364	0.02278
1	0.01221	0.01026	0.01223	0.00977	0.04737	0.00814	0.00724	0.03514	0.01235	0.01910	0.01117	0.01397	0.00957	0.04951	0.00585	0.00121	0.00452	0.00392	0.02699	0.69950
2	0.01417	0.03782	0.23095	0.02553	0.35514	0.05169	0.10683	0.05555	0.01389	0.01927	0.01194	0.01454	0.02495	0.00558	0.00578	0.00177	0.00778	0.00518	0.00297	0.00865
3	0.00799	0.00593	0.00744	0.00706	0.00854	0.00538	0.00530	0.01051	0.01589	0.02197	0.63286	0.04566	0.17914	0.01239	0.00686	0.00185	0.00278	0.01083	0.00622	0.00538
4	0.00791	0.00579	0.00733	0.00722	0.00843	0.00531	0.00525	0.01010	0.01486	0.02052	0.52680	0.15967	0.13104	0.05378	0.00812	0.00212	0.00301	0.01154	0.00598	0.00520
5	0.00846	0.00564	0.00634	0.00634	0.00634	0.00564	0.00352	0.00846	0.00846	0.01128	0.01832	0.03805	0.02114	0.79563	0.02960	0.00564	0.00564	0.00846	0.00352	0.00352
6	0.00806	0.00594	0.00753	0.00713	0.00858	0.00541	0.00535	0.01064	0.01605	0.02235	0.66712	0.04504	0.14464	0.01225	0.00686	0.00185	0.00277	0.01074	0.00627	0.00541
7	0.00709	0.00506	0.00675	0.00810	0.00843	0.00472	0.00540	0.00810	0.01113	0.01484	0.03205	0.79184	0.03846	0.01822	0.00742	0.00236	0.00337	0.01653	0.00540	0.00472
8	0.83671	0.01125	0.00855	0.00765	0.01125	0.01305	0.00630	0.01709	0.00990	0.02609	0.00810	0.00945	0.00630	0.00540	0.00360	0.00180	0.00450	0.00315	0.00360	0.00630
9	0.51801	0.01091	0.01057	0.00875	0.01273	0.01153	0.00721	0.04154	0.01275	0.27784	0.01338	0.01317	0.00922	0.00603	0.00445	0.00178	0.00470	0.00414	0.00489	0.02641
10	0.01206	0.01034	0.01206	0.00861	0.01378	0.00775	0.00689	0.01464	0.01206	0.01895	0.01034	0.01206	0.00861	0.00431	0.00431	0.00086	0.00431	0.00345	0.00345	0.83118
11	0.83671	0.01125	0.00855	0.00765	0.01125	0.01305	0.00630	0.01709	0.00990	0.02609	0.00810	0.00945	0.00630	0.00540	0.00360	0.00180	0.00450	0.00315	0.00360	0.00630
12	0.02505	0.01156	0.01453	0.01114	0.01568	0.01102	0.00920	0.21392	0.01943	0.57386	0.02060	0.01827	0.01322	0.00714	0.00584	0.00179	0.00533	0.00569	0.00684	0.00989
13	0.83671	0.01125	0.00855	0.00765	0.01125	0.01305	0.00630	0.01709	0.00990	0.02609	0.00810	0.00945	0.00630	0.00540	0.00360	0.00180	0.00450	0.00315	0.00360	0.00630
14	0.01439	0.01382	0.02360	0.03569	0.75936	0.01382	0.01785	0.01785	0.01324	0.01900	0.01094	0.01439	0.00921	0.00518	0.00576	0.00173	0.00691	0.00518	0.00288	0.00921
15	0.83671	0.01125	0.00855	0.00765	0.01125	0.01305	0.00630	0.01709	0.00990	0.02609	0.00810	0.00945	0.00630	0.00540	0.00360	0.00180	0.00450	0.00315	0.00360	0.00630
16	0.01446	0.01249	0.01315	0.01183	0.01512	0.01446	0.00920	0.03090	0.74885	0.02433	0.02367	0.02170	0.01775	0.00789	0.00592	0.00197	0.00460	0.00657	0.00592	0.00920
17	0.01229	0.01316	0.02728	0.02017	0.02477	0.01241	0.54365	0.01677	0.03411	0.01878	0.09337	0.12149	0.01785	0.00748	0.00691	0.00200	0.00806	0.00852	0.00371	0.00722
18	0.01084	0.00542	0.00542	0.00542	0.00678	0.00542	0.00407	0.01355	0.01220	0.02168	0.01897	0.02168	0.01491	0.00678	0.00407	0.00136	0.00271	0.00542	0.82791	0.00542
19	0.05521	0.01608	0.14215	0.07096	0.07147	0.01395	0.10620	0.21106	0.03436	0.15103	0.01398	0.01523	0.00999	0.00740	0.02808	0.00206	0.03233	0.00535	0.00442	0.00869
20	0.01554	0.01682	0.01810	0.03988	0.35057	0.26495	0.01339	0.01798	0.01369	0.01635	0.01247	0.05716	0.01152	0.03100	0.07725	0.00252	0.00866	0.02152	0.00314	0.00748
21	0.00787	0.00607	0.00631	0.00619	0.00823	0.00509	0.00466	0.00936	0.01336	0.05402	0.05620	0.07785	0.69573	0.01445	0.00684	0.00197	0.00306	0.01208	0.00549	0.00516
22	0.01053	0.00750	0.00920	0.00828	0.01021	0.00734	0.00640	0.10169	0.03559	0.04401	0.57053	0.03992	0.08310	0.01133	0.00671	0.00185	0.00338	0.02996	0.00626	0.00620
23	0.01367	0.13445	0.26725	0.05643	0.32512	0.03570	0.03379	0.01792	0.01265	0.01760	0.01022	0.01289	0.00820	0.00542	0.00571	0.00172	0.02555	0.00458	0.00267	0.00847
24	0.01435	0.03612	0.21722	0.14917	0.25329	0.12601	0.03275	0.03634	0.02930	0.01777	0.01065	0.01347	0.00835	0.00571	0.00593	0.00178	0.02609	0.00476	0.00286	0.00811
25	0.00863	0.00610	0.00789	0.00786	0.00847	0.00663	0.00543	0.01013	0.02957	0.01299	0.01722	0.03006	0.01780	0.40157	0.37192	0.00712	0.01012	0.00728	0.02871	0.00451
26	0.56672	0.08440	0.01426	0.01113	0.04181	0.05339	0.07864	0.01833	0.04918	0.02327	0.00941	0.01091	0.00741	0.00546	0.00421	0.00176	0.00557	0.00379	0.00350	0.00684
27	0.00839	0.00590	0.00765	0.00765	0.00810	0.00635	0.00515	0.00930	0.00884	0.01224	0.01713	0.03143	0.01827	0.46817	0.35313	0.00725	0.00997	0.00749	0.00335	0.00425
28	0.00989	0.00882	0.06348	0.00939	0.02947	0.00750	0.00757	0.01462	0.10814	0.04231	0.53591	0.03802	0.06060	0.01082	0.00662	0.00187	0.00364	0.02902	0.00594	0.00637
29	0.01272	0.01272	0.01781	0.01527	0.01527	0.01781	0.01272	0.01399	0.00891	0.01399	0.00763	0.01272	0.00763	0.01018	0.01908	0.00254	0.78499	0.00509	0.00254	0.00636
30	0.00707	0.00511	0.00670	0.00798	0.00840	0.00473	0.00534	0.00811	0.01125	0.01489	0.03352	0.75151	0.07784	0.01803	0.00739	0.00234	0.00335	0.01630	0.00540	0.00473
31	0.02211	0.01629	0.01745	0.01338	0.01803	0.01803	0.01105	0.73997	0.02734	0.03665	0.01396	0.01396	0.00989	0.00698	0.00582	0.00175	0.00640	0.00524	0.00582	0.00989
32	0.02609	0.00990	0.01350	0.01035	0.01484	0.00855	0.00855	0.02834	0.01664	0.76338	0.02294	0.01979	0.01439	0.00720	0.00585	0.00180	0.00495	0.00585	0.00720	0.00990
33	0.83671	0.01125	0.00855	0.00765	0.01125	0.01305	0.00630	0.01709	0.00990	0.02609	0.00810	0.00945	0.00630	0.00540	0.00360	0.00180	0.00450	0.00315	0.00360	0.00630
34	0.01515	0.71986	0.10624	0.01063	0.01598	0.02203	0.01114	0.01752	0.01186	0.01417	0.00833	0.00963	0.00745	0.00503	0.00392	0.00131	0.00646	0.00323	0.00248	0.00758
35	0.00709	0.00506	0.00675	0.00810	0.00843	0.00472	0.00540	0.00810	0.01113	0.01484	0.03205	0.79184	0.03846	0.01822	0.00742	0.00236	0.00337	0.01653	0.00540	0.00472
36	0.00709	0.00506	0.00675	0.00810	0.00843	0.00472	0.00540	0.00810	0.01113	0.01484	0.03205	0.79184	0.03846	0.01822	0.00742	0.00236	0.00337	0.01653	0.00540	0.00472
37	0.01098	0.01034	0.01744	0.78165	0.04005	0.01292	0.01615	0.01486	0.01163	0.01486	0.01034	0.01550	0.00775	0.00581	0.00581	0.00194	0.00775	0.00517	0.00258	0.00646
38	0.01367	0.04830	0.59500	0.01604	0.04685	0.01327	0.01891	0.02016	0.05095	0.10438	0.01251	0.01361	0.00878	0.00581	0.00554	0.00182	0.00785	0.00459	0.00320	0.00876
39	0.01166	0.03008	0.76550	0.01657	0.02517	0.01351	0.02149	0.01842	0.01228	0.01842	0.01044	0.01228	0.00737	0.00552	0.00552	0.00184	0.00859	0.00430	0.00246	0.00859
40	0.01122	0.01081	0.01893	0.71467	0.03920	0.01308	0.08003	0.01519	0.01181	0.01519	0.01046	0.01552	0.00785	0.00573	0.00591	0.00194	0.00793	0.00532	0.00262	0.00658
41	0.02036	0.01566	0.01784	0.01560	0.07230	0.18022	0.09661	0.11189	0.04039	0.26328	0.01620	0.01826	0.01205	0.00713	0.00662	0.00183	0.04708	0.04331	0.00490	0.00846
42	0.01484	0.01403	0.01978	0.25581	0.35866	0.08188	0.01551	0.07174	0.06000	0.03444	0.01185	0.01491	0.00931	0.00579	0.00574	0.00179	0.00726	0.00515	0.00330	0.00822
43	0.01211	0.01649	0.23782	0.01158	0.01769	0.01000	0.03084	0.01671	0.04995	0.01906	0.01109	0.01271	0.00871	0.00487	0.00482	0.00124	0.00575	0.00395	0.00326	0.52133
44	0.63247	0.05456	0.02953	0.00926	0.01295	0.14624	0.00772	0.01821	0.01120	0.02320	0.00831	0.00969	0.00659	0.00548	0.00394	0.00172	0.00573	0.00328	0.00341	0.00649
45	0.02138	0.01593	0.01704	0.01323	0.01776	0.01769	0.01088	0.67216	0.09633	0.03547	0.01489	0.01470	0.01064	0.00707	0.00583	0.00177	0.00623	0.00536	0.00583	0.00982
46	0.01269	0.02062	0.33723	0.06224	0.20435	0.01347	0.18643	0.01785	0.01291	0.01856	0.02960	0.01453	0.00940	0.00544	0.00591	0.00182	0.00816	0.00529	0.00280	0.03068
47	0.00865	0.00656	0.00916	0.00900	0.00968	0.00758	0.00668	0.01011	0.00934	0.01329	0.03266	0.06556	0.01767	0.22015	0.47495	0.00736	0.07607	0.00729	0.00336	0.00487
48	0.83671	0.01125	0.00855	0.00765	0.01125	0.01305	0.00630	0.01709	0.00990	0.02609	0.00810	0.00945	0.00630	0.00540	0.00360	0.00180	0.00450	0.00315	0.00360	0.00630
49	0.01502	0.08728	0.48871	0.01521	0.02234	0.03061	0.04996	0.07118	0.02791	0.11943	0.01245	0.01346	0.00876	0.00584	0.00551	0.00178	0.00778	0.00462	0.00343	0.00871
50	0.00741	0.00529	0.00712	0.00847	0.00895	0.00500	0.00596	0.00866	0.01145	0.01521	0.03187	0.68849	0.03775	0.01791	0.00751	0.00241	0.00366	0.11667	0.00539	0.00481
51	0.00687	0.00589	0.00589	0.00589	0.00785	0.00491	0.00442	0.00835	0.01325	0.01571	0.05891	0.05596	0.75700	0.01473	0.00687	0.00196	0.00295	0.01227	0.00540	0.00491
52	0.01206	0.08815	0.68183	0.01678	0.05169	0.01424	0.02047	0.01832	0.01228	0.01808	0.01028	0.01213	0.00744	0.00547	0.00540	0.00179	0.00835	0.00424	0.00247	0.00853
53	0.01600	0.20987	0.21150	0.01470	0.05688	0.12194	0.03281	0.08862	0.13779	0.03761	0.01258	0.01343	0.00969	0.00600	0.00520	0.00166	0.00727	0.00455	0.00358	0.00833
54	0.01233	0.01158	0.01480	0.01466	0.08132	0.08195	0.01082	0.01416	0.01037	0.03411	0.01156	0.01681	0.01064	0.02230	0.31018	0.00501	0.32272	0.00544	0.00296	0.00629
55	0.00714	0.00595	0.00628	0.00646	0.00830	0.00509	0.00496	0.00872	0.01320	0.01586	0.05519	0.07955	0.66035	0.01497	0.00701	0.00205	0.00321	0.08538	0.00540	0.00495
56	0.01230	0.01157	0.01933	0.42179	0.32820	0.01294	0.01612	0.01626	0.03074	0.01720	0.04916	0.01664	0.01100	0.00592	0.00585	0.00185	0.00708	0.00548	0.00298	0.00759
57	0.06109	0.11427	0.12123	0.01395	0.01786	0.47526	0.01207	0.03984	0.01493	0.01598	0.01000	0.03975	0.00863	0.00636	0.00545	0.00160	0.02738	0.00426	0.00305	0.00706
58	0.83671	0.01125	0.00855	0.00765	0.01125	0.01305	0.00630	0.01709	0.00990	0.02609	0.00810	0.00945	0.00630	0.00540	0.00360	0.00180	0.00450	0.00315	0.00360	0.00630
59	0.01390	0.01439	0.08631	0.09234	0.32820	0.01382	0.01448	0.04512	0.26447	0.02086	0.01661	0.01793	0.03256	0.00652	0.00583	0.00185	0.00623	0.00577	0.00401	0.00880
60	0.00687	0.00589	0.00589	0.00589	0.00785	0.00491	0.00442	0.00835	0.01325	0.01571	0.05891	0.05596	0.75700	0.01473	0.00687	0.00196	0.00295	0.01227	0.00540	0.00491
61	0.00823	0.00594	0.00777	0.00732	0.00869	0.00549	0.00549	0.01097	0.01646	0.02332	0.75629	0.04344	0.05487	0.01189	0.00686	0.00183	0.00274	0.01052	0.00640	0.00549
62	0.01206	0.01034	0.01206	0.00861	0.01378	0.00775	0.00689	0.01464	0.01206	0.01895	0.01034	0.01206	0.00861	0.00431	0.00431	0.00086	0.00431	0.00345	0.00345	0.83118
63	0.00916	0.00615	0.00807	0.00747	0.00901	0.00565	0.00565	0.01187	0.01647	0.06165	0.71830	0.04221	0.05277	0.01165	0.00681	0.00183	0.00286	0.01027	0.00644	0.00572
64	0.01320	0.06222	0.61839	0.01713	0.07619	0.01356	0.01966	0.01913	0.01268	0.07853	0.01138	0.01290	0.00807	0.00561	0.00549	0.00180	0.00807	0.00443	0.00287	0.00869
65	0.00723	0.00590	0.00638	0.00626	0.00807	0.00506	0.00470	0.00903	0.01409	0.01770	0.24125	0.05269	0.57341	0.01399	0.00687	0.00193	0.00289	0.01181	0.00566	0.00506
66	0.01446	0.01249	0.01315	0.01183	0.01512	0.01446	0.00920	0.03090	0.74885	0.02433	0.02367	0.02170	0.01775	0.00789	0.00592	0.00197	0.00460	0.00657	0.00592	0.00920
67	0.01084	0.00542	0.00542	0.00542	0.00678	0.00542	0.00407	0.01355	0.01220	0.02168	0.01897	0.02168	0.01491	0.00678	0.00407	0.00136	0.00271	0.00542	0.82791	0.00542
68	0.05162	0.01586	0.01767	0.01582	0.10862	0.04007	0.01160	0.57089	0.02415	0.06564	0.01362	0.01400	0.00980	0.00668	0.00571	0.00174	0.00645	0.00513	0.00535	0.00958
69	0.00709	0.00506	0.00675	0.00810	0.00843	0.00472	0.00540	0.00810	0.01113	0.01484	0.03205	0.79184	0.03846	0.01822	0.00742	0.00236	0.00337	0.01653	0.00540	0.00472
70	0.00703	0.00527	0.00653	0.00755	0.00829	0.00477	0.00515	0.00816	0.01166	0.01506	0.03872	0.60904	0.21695	0.01735	0.00729	0.00226	0.00327	0.01547	0.00540	0.00477
71	0.01341	0.14770	0.45316	0.01690	0.08308	0.01524	0.03984	0.01829	0.01222	0.05549	0.01051	0.01252	0.00797	0.00593	0.00664	0.00181	0.08380	0.00442	0.00276	0.00829
72	0.01586	0.05269	0.01896	0.26761	0.11037	0.26410	0.07056	0.01867	0.01387	0.05161	0.01251	0.03582	0.02981	0.00634	0.00568	0.00174	0.00826	0.00528	0.00316	0.00710
73	0.06797	0.01014	0.01334	0.01029	0.01474	0.00903	0.00850	0.04667	0.01658	0.70588	0.02193	0.01910	0.01386	0.00710	0.00573	0.00180	0.00496	0.00569	0.00697	0.00971
74	0.00915	0.00662	0.00906	0.01028	0.01167	0.00653	0.00893	0.01172	0.01338	0.01725	0.03329	0.06474	0.09787	0.01595	0.00793	0.00261	0.00514	0.65720	0.00536	0.00532
75	0.01343	0.05684	0.12001	0.06286	0.14525	0.08692	0.22194	0.01740	0.03100	0.01722	0.01566	0.03875	0.07602	0.00688	0.00700	0.00188	0.06396	0.00627	0.00316	0.00755
76	0.01675	0.01834	0.08526	0.04277	0.31223	0.20513	0.01440	0.06372	0.09677	0.05280	0.01350	0.01513	0.02503	0.00613	0.00566	0.00172	0.00753	0.00507	0.00362	0.00844
77	0.02048	0.01528	0.01636	0.01283	0.01708	0.01697	0.01044	0.61680	0.11353	0.03386	0.01536	0.01613	0.01142	0.04753	0.00705	0.00197	0.00614	0.00556	0.00571	0.00948

[dist]
# distance from previous block
# <min> <max>
0	4

[block]
# block no. 1 follows, 40 sequences, length 52
# corresponding to MSA columns:
# 188-239
name=unknown_B
#
# <colnr> <probs for GDERKNQSTAVLIFYWHMCP>
#	G	D	E	R	K	N	Q	S	T	A	V	L	I	F	Y	W	H	M	C	P
0	0.41515	0.02947	0.05499	0.01090	0.03325	0.07360	0.03317	0.08976	0.01321	0.06165	0.01017	0.01139	0.00775	0.00551	0.00445	0.00162	0.00566	0.00383	0.00381	0.13067
1	0.04094	0.01415	0.01864	0.06837	0.33546	0.09108	0.01392	0.09395	0.03878	0.01946	0.01220	0.01681	0.01050	0.00954	0.06454	0.00244	0.10095	0.03691	0.00340	0.00796
2	0.01758	0.13199	0.12954	0.01595	0.08996	0.23321	0.03859	0.13103	0.08253	0.03621	0.01201	0.01319	0.00932	0.00603	0.00531	0.00163	0.00775	0.00456	0.02548	0.00813
3	0.01274	0.01219	0.01917	0.30839	0.32268	0.03362	0.01556	0.01642	0.03547	0.01674	0.01158	0.01675	0.00974	0.00804	0.04120	0.00225	0.07950	0.02749	0.00293	0.00756
4	0.00845	0.00568	0.00655	0.00655	0.00662	0.00575	0.00378	0.00859	0.00852	0.01143	0.01814	0.03703	0.02069	0.74477	0.07985	0.00589	0.00631	0.00831	0.00350	0.00364
5	0.00709	0.00506	0.00675	0.00810	0.00843	0.00472	0.00540	0.00810	0.01113	0.01484	0.03205	0.79184	0.03846	0.01822	0.00742	0.00236	0.00337	0.01653	0.00540	0.00472
6	0.00712	0.00590	0.00624	0.00615	0.00801	0.00502	0.00462	0.00883	0.01385	0.01711	0.18758	0.05365	0.62745	0.01420	0.00687	0.00194	0.00291	0.01195	0.00558	0.00502
7	0.01555	0.79913	0.03047	0.00995	0.01493	0.02301	0.00995	0.01741	0.01182	0.01368	0.00808	0.00933	0.00746	0.00498	0.00373	0.00124	0.00622	0.00311	0.00249	0.00746
8	0.83671	0.01125	0.00855	0.00765	0.01125	0.01305	0.00630	0.01709	0.00990	0.02609	0.00810	0.00945	0.00630	0.00540	0.00360	0.00180	0.00450	0.00315	0.00360	0.00630
9	0.00846	0.00564	0.00634	0.00634	0.00634	0.00564	0.00352	0.00846	0.00846	0.01128	0.01832	0.03805	0.02114	0.79563	0.02960	0.00564	0.00564	0.00846	0.00352	0.00352
10	0.01206	0.01034	0.01206	0.00861	0.01378	0.00775	0.00689	0.01464	0.01206	0.01895	0.01034	0.01206	0.00861	0.00431	0.00431	0.00086	0.00431	0.00345	0.00345	0.83118
11	0.01098	0.01034	0.01744	0.78165	0.04005	0.01292	0.01615	0.01486	0.01163	0.01486	0.01034	0.01550	0.00775	0.00581	0.00581	0.00194	0.00775	0.00517	0.00258	0.00646
12	0.02175	0.02693	0.01655	0.01487	0.01798	0.72075	0.01122	0.07219	0.01722	0.01576	0.00933	0.01072	0.00765	0.00606	0.00528	0.00152	0.01021	0.00385	0.00319	0.00696
13	0.01398	0.04290	0.14355	0.02454	0.19308	0.01441	0.39725	0.01904	0.03671	0.03935	0.01194	0.01496	0.00908	0.00522	0.00625	0.00186	0.00854	0.00593	0.00305	0.00836
14	0.01635	0.64289	0.06097	0.01104	0.01586	0.14110	0.01067	0.01838	0.01257	0.01398	0.00833	0.00964	0.00746	0.00516	0.00405	0.00131	0.00700	0.00326	0.00257	0.00740
15	0.02172	0.02772	0.01648	0.01498	0.01798	0.77228	0.01124	0.02322	0.01648	0.01423	0.00899	0.01049	0.00749	0.00599	0.00524	0.00150	0.01049	0.00375	0.00300	0.00674
16	0.00725	0.00519	0.00691	0.00808	0.00854	0.00485	0.00550	0.00848	0.01172	0.01576	0.10482	0.69967	0.03999	0.01753	0.00738	0.00232	0.00336	0.03234	0.00550	0.00481
17	0.01465	0.49048	0.14697	0.06008	0.04728	0.04631	0.07255	0.01802	0.02728	0.01536	0.00936	0.01118	0.00785	0.00521	0.00458	0.00148	0.00713	0.00390	0.00263	0.00769
18	0.79999	0.01208	0.04224	0.00804	0.01187	0.01307	0.00697	0.01715	0.01000	0.02575	0.00820	0.00957	0.00635	0.00540	0.00368	0.00180	0.00468	0.00320	0.00355	0.00640
19	0.01010	0.00505	0.00758	0.00758	0.00758	0.00505	0.00505	0.00758	0.00758	0.01010	0.01010	0.01768	0.01010	0.02020	0.02273	0.83081	0.00505	0.00505	0.00253	0.00253
20	0.01895	0.04121	0.06594	0.01580	0.04365	0.50507	0.06106	0.02356	0.13645	0.01661	0.01173	0.01291	0.00932	0.00615	0.00547	0.00163	0.00913	0.00449	0.00342	0.00744
21	0.01249	0.01268	0.04232	0.46973	0.24386	0.03403	0.04340	0.01673	0.03709	0.01659	0.01098	0.01517	0.00853	0.00566	0.00582	0.00186	0.00758	0.00522	0.00280	0.00746
22	0.01331	0.04399	0.15369	0.05814	0.04954	0.03725	0.16087	0.01774	0.05067	0.10206	0.16258	0.04904	0.05972	0.00787	0.00620	0.00186	0.00647	0.00719	0.00433	0.00748
23	0.00928	0.00656	0.00907	0.01023	0.01155	0.00652	0.00882	0.01193	0.01353	0.01792	0.08502	0.07888	0.03461	0.01551	0.00781	0.00257	0.00503	0.62876	0.03105	0.00535
24	0.05804	0.03594	0.07738	0.01225	0.01711	0.01434	0.01079	0.37696	0.03725	0.27590	0.01646	0.01561	0.01113	0.00683	0.00565	0.00177	0.00597	0.00524	0.00582	0.00955
25	0.03207	0.43395	0.16354	0.01350	0.06652	0.09401	0.01263	0.05626	0.01335	0.03262	0.00948	0.01087	0.00785	0.00534	0.00452	0.00145	0.00703	0.00371	0.00288	0.02844
26	0.01431	0.01521	0.07323	0.05259	0.62030	0.04697	0.01730	0.01784	0.01314	0.01858	0.01091	0.01424	0.00907	0.00542	0.00601	0.00174	0.02653	0.00506	0.02272	0.00882
27	0.01026	0.00709	0.00875	0.00801	0.00983	0.00695	0.00611	0.03045	0.10170	0.05876	0.57845	0.03791	0.04539	0.01081	0.00652	0.00182	0.00314	0.00943	0.05238	0.00622
28	0.01376	0.21461	0.10913	0.03313	0.09694	0.13228	0.08181	0.01655	0.01305	0.01597	0.03588	0.07558	0.09462	0.00767	0.00600	0.00172	0.03465	0.00626	0.00329	0.00711
29	0.00754	0.00552	0.00749	0.00821	0.00882	0.00517	0.02195	0.00879	0.01166	0.01565	0.11523	0.58124	0.05642	0.09116	0.00946	0.00260	0.00369	0.02933	0.00528	0.00479
30	0.01078	0.01026	0.01751	0.04449	0.17358	0.03060	0.18221	0.01339	0.01253	0.01687	0.04435	0.37174	0.02387	0.01135	0.00680	0.00208	0.00597	0.01091	0.00415	0.00655
31	0.22443	0.00740	0.00746	0.00705	0.00832	0.00778	0.00472	0.01210	0.00949	0.06488	0.01629	0.03012	0.01716	0.51908	0.02075	0.00431	0.00529	0.02482	0.00383	0.00471
32	0.00816	0.00594	0.00768	0.00724	0.00864	0.00546	0.00543	0.01084	0.01629	0.02293	0.72016	0.04409	0.09124	0.01204	0.00686	0.00184	0.00275	0.01061	0.00635	0.00546
33	0.00707	0.00513	0.00668	0.00792	0.00839	0.00474	0.00532	0.00812	0.01131	0.01491	0.03422	0.73234	0.09656	0.01794	0.00738	0.00233	0.00334	0.01619	0.00540	0.00474
34	0.00858	0.00590	0.00690	0.00683	0.00690	0.00613	0.00407	0.00876	0.00853	0.01151	0.01780	0.03623	0.02027	0.71979	0.08004	0.00579	0.03059	0.00820	0.00347	0.00373
35	0.00856	0.00553	0.00628	0.00647	0.00668	0.00548	0.00385	0.00903	0.00929	0.01305	0.02029	0.13991	0.02276	0.59149	0.02340	0.00466	0.00497	0.00920	0.10517	0.00392
36	0.01438	0.42981	0.31656	0.01354	0.03900	0.06560	0.01475	0.01818	0.01232	0.01571	0.00914	0.01069	0.00747	0.00526	0.00458	0.00151	0.00743	0.00367	0.00252	0.00791
37	0.01074	0.00544	0.00551	0.00549	0.00685	0.00542	0.00412	0.01345	0.01235	0.02174	0.04651	0.02249	0.01640	0.00697	0.00417	0.00137	0.00271	0.00561	0.79723	0.00542
38	0.04965	0.01562	0.03421	0.01210	0.01674	0.07384	0.01002	0.41865	0.05576	0.04361	0.01304	0.01351	0.00966	0.00622	0.00533	0.00153	0.00609	0.00467	0.00490	0.20486
39	0.01226	0.02087	0.39306	0.08374	0.12088	0.01257	0.12213	0.01732	0.01264	0.04339	0.01409	0.07797	0.02948	0.00673	0.00597	0.00190	0.00779	0.00610	0.00307	0.00802
40	0.01359	0.27068	0.42252	0.01594	0.06688	0.05034	0.04905	0.01829	0.01244	0.01678	0.00972	0.01155	0.00758	0.00532	0.00502	0.00164	0.00788	0.00407	0.00254	0.00816
41	0.00909	0.00739	0.01021	0.00984	0.04058	0.00706	0.05267	0.01283	0.07704	0.02092	0.42955	0.08740	0.16523	0.01185	0.00681	0.00193	0.00368	0.03425	0.00573	0.00595
42	0.01084	0.00542	0.00542	0.00542	0.00678	0.00542	0.00407	0.01355	0.01220	0.02168	0.01897	0.02168	0.01491	0.00678	0.00407	0.00136	0.00271	0.00542	0.82791	0.00542
43	0.01106	0.00873	0.00981	0.00906	0.01136	0.00914	0.00692	0.03761	0.29355	0.03906	0.27604	0.08307	0.15906	0.01102	0.00649	0.00194	0.00367	0.00946	0.00598	0.00697
44	0.06158	0.11135	0.28328	0.03935	0.10727	0.01509	0.19632	0.06593	0.01363	0.03683	0.01093	0.01323	0.00823	0.00540	0.00560	0.00178	0.00794	0.00495	0.00303	0.00827
45	0.01098	0.01034	0.01744	0.78165	0.04005	0.01292	0.01615	0.01486	0.01163	0.01486	0.01034	0.01550	0.00775	0.00581	0.00581	0.00194	0.00775	0.00517	0.00258	0.00646
46	0.01084	0.00542	0.00542	0.00542	0.00678	0.00542	0.00407	0.01355	0.01220	0.02168	0.01897	0.02168	0.01491	0.00678	0.00407	0.00136	0.00271	0.00542	0.82791	0.00542
47	0.00709	0.00506	0.00675	0.00810	0.00843	0.00472	0.00540	0.00810	0.01113	0.01484	0.03205	0.79184	0.03846	0.01822	0.00742	0.00236	0.00337	0.01653	0.00540	0.00472
48	0.18422	0.03792	0.03321	0.06117	0.22486	0.28166	0.01244	0.03635	0.02818	0.03445	0.01012	0.01214	0.00814	0.00568	0.00509	0.00167	0.00765	0.00423	0.00325	0.00757
49	0.01098	0.01034	0.01744	0.78165	0.04005	0.01292	0.01615	0.01486	0.01163	0.01486	0.01034	0.01550	0.00775	0.00581	0.00581	0.00194	0.00775	0.00517	0.00258	0.00646
50	0.83671	0.01125	0.00855	0.00765	0.01125	0.01305	0.00630	0.01709	0.00990	0.02609	0.00810	0.00945	0.00630	0.00540	0.00360	0.00180	0.00450	0.00315	0.00360	0.00630
51	0.02182	0.01294	0.08791	0.01389	0.05205	0.01050	0.09518	0.07371	0.01627	0.49619	0.01960	0.04441	0.01336	0.00704	0.00598	0.00183	0.00600	0.00611	0.00590	0.00932

[dist]
# distance from previous block
# <min> <max>
0	1

[block]
# block no. 2 follows, 40 sequences, length 54
# corresponding to MSA columns:
# 241-294
name=unknown_C
#
# <colnr> <probs for GDERKNQSTAVLIFYWHMCP>
#	G	D	E	R	K	N	Q	S	T	A	V	L	I	F	Y	W	H	M	C	P
0	0.75564	0.01165	0.00932	0.00818	0.01184	0.01345	0.00672	0.06990	0.03091	0.02681	0.00894	0.01010	0.00686	0.00558	0.00382	0.00180	0.00464	0.00339	0.00382	0.00664
1	0.02211	0.01629	0.01745	0.01338	0.01803	0.01803	0.01105	0.73997	0.02734	0.03665	0.01396	0.01396	0.00989	0.00698	0.00582	0.00175	0.00640	0.00524	0.00582	0.00989
2	0.80428	0.01119	0.00874	0.00776	0.01139	0.01287	0.00639	0.01754	0.01017	0.05558	0.00869	0.00986	0.00662	0.00547	0.00369	0.00180	0.00452	0.00326	0.00374	0.00644
3	0.01098	0.01034	0.01744	0.78165	0.04005	0.01292	0.01615	0.01486	0.01163	0.01486	0.01034	0.01550	0.00775	0.00581	0.00581	0.00194	0.00775	0.00517	0.00258	0.00646
4	0.01952	0.01469	0.01576	0.01253	0.01666	0.01624	0.01019	0.56140	0.13687	0.03293	0.03706	0.04038	0.04299	0.00789	0.00595	0.00181	0.00580	0.00619	0.00582	0.00932
5	0.01555	0.79913	0.03047	0.00995	0.01493	0.02301	0.00995	0.01741	0.01182	0.01368	0.00808	0.00933	0.00746	0.00498	0.00373	0.00124	0.00622	0.00311	0.00249	0.00746
6	0.01555	0.79913	0.03047	0.00995	0.01493	0.02301	0.00995	0.01741	0.01182	0.01368	0.00808	0.00933	0.00746	0.00498	0.00373	0.00124	0.00622	0.00311	0.00249	0.00746
7	0.02172	0.02772	0.01648	0.01498	0.01798	0.77228	0.01124	0.02322	0.01648	0.01423	0.00899	0.01049	0.00749	0.00599	0.00524	0.00150	0.01049	0.00375	0.00300	0.00674
8	0.01017	0.01283	0.20604	0.01081	0.01422	0.00820	0.01060	0.01325	0.01253	0.05620	0.05782	0.24300	0.10702	0.01213	0.00701	0.00208	0.03011	0.11901	0.00454	0.06245
9	0.01303	0.16165	0.53306	0.01610	0.04052	0.01512	0.06556	0.01882	0.02898	0.03985	0.01079	0.01247	0.00796	0.00548	0.00532	0.00174	0.00802	0.00438	0.00272	0.00842
10	0.02046	0.01510	0.01623	0.01267	0.01694	0.01667	0.01039	0.63023	0.07048	0.03463	0.05850	0.01642	0.01319	0.00732	0.00583	0.00175	0.00596	0.00564	0.03215	0.00944
11	0.00709	0.00506	0.00675	0.00810	0.00843	0.00472	0.00540	0.00810	0.01113	0.01484	0.03205	0.79184	0.03846	0.01822	0.00742	0.00236	0.00337	0.01653	0.00540	0.00472
12	0.01272	0.01276	0.05639	0.05200	0.51592	0.01191	0.02836	0.01617	0.01369	0.01940	0.13726	0.02203	0.04109	0.00696	0.00605	0.00180	0.00621	0.02750	0.00359	0.00820
13	0.01388	0.01317	0.02229	0.03351	0.70157	0.01315	0.01682	0.01711	0.01298	0.01855	0.01205	0.04626	0.01082	0.03493	0.00671	0.00190	0.00672	0.00575	0.00300	0.00882
14	0.01098	0.01034	0.01744	0.78165	0.04005	0.01292	0.01615	0.01486	0.01163	0.01486	0.01034	0.01550	0.00775	0.00581	0.00581	0.00194	0.00775	0.00517	0.00258	0.00646
15	0.00908	0.00739	0.00911	0.00852	0.00905	0.00838	0.00613	0.00989	0.01002	0.01352	0.05447	0.05140	0.18185	0.36749	0.04277	0.00398	0.18975	0.00869	0.00385	0.00465
16	0.01604	0.05879	0.18290	0.03435	0.03673	0.25486	0.19637	0.05386	0.01463	0.01765	0.03235	0.01357	0.00936	0.00599	0.00644	0.00177	0.04869	0.00502	0.00304	0.00759
17	0.01446	0.01249	0.01315	0.01183	0.01512	0.01446	0.00920	0.03090	0.74885	0.02433	0.02367	0.02170	0.01775	0.00789	0.00592	0.00197	0.00460	0.00657	0.00592	0.00920
18	0.00834	0.00610	0.00870	0.00870	0.00952	0.00692	0.00646	0.00997	0.00915	0.01302	0.01617	0.02612	0.01596	0.20532	0.61282	0.00855	0.01344	0.00671	0.00320	0.00483
19	0.01075	0.01004	0.01048	0.01033	0.03354	0.10146	0.02536	0.03628	0.07190	0.01785	0.13642	0.20326	0.21773	0.01321	0.02481	0.00217	0.03841	0.02505	0.00499	0.00595
20	0.01910	0.02344	0.04620	0.01679	0.05875	0.51191	0.09812	0.05772	0.03630	0.01689	0.02937	0.01442	0.01014	0.00637	0.00565	0.00165	0.00942	0.02719	0.00334	0.00722
21	0.01624	0.51665	0.15173	0.01192	0.01716	0.14648	0.01207	0.01888	0.01282	0.03682	0.00907	0.01033	0.00766	0.00530	0.00435	0.00140	0.00730	0.00350	0.00271	0.00761
22	0.01622	0.01337	0.01414	0.01219	0.01579	0.01529	0.00963	0.19403	0.58286	0.02716	0.02144	0.01992	0.01594	0.00768	0.00589	0.00192	0.00502	0.00627	0.00589	0.00936
23	0.00904	0.00699	0.01030	0.04773	0.06085	0.00693	0.02721	0.01133	0.01278	0.01689	0.06702	0.27554	0.06151	0.01497	0.00746	0.00240	0.00485	0.34561	0.00507	0.00552
24	0.01249	0.01032	0.01210	0.00867	0.01381	0.00778	0.00694	0.01507	0.01220	0.04204	0.01073	0.01230	0.00879	0.00440	0.00435	0.00089	0.00433	0.00352	0.00356	0.80570
25	0.00708	0.00592	0.00618	0.00617	0.00806	0.00502	0.00467	0.00871	0.01356	0.01648	0.12358	0.05508	0.66868	0.01450	0.00691	0.00197	0.00300	0.03396	0.00549	0.00498
26	0.00720	0.00590	0.00635	0.00624	0.00806	0.00505	0.00468	0.00898	0.01403	0.01756	0.22819	0.05292	0.58656	0.01404	0.00687	0.00193	0.00290	0.01185	0.00564	0.00505
27	0.01496	0.20080	0.23482	0.02046	0.21752	0.08432	0.08119	0.01888	0.01311	0.04681	0.01051	0.01261	0.00830	0.00536	0.00528	0.00165	0.00773	0.00450	0.00286	0.00831
28	0.01064	0.00963	0.01366	0.01241	0.01286	0.01269	0.01007	0.01222	0.00931	0.01391	0.01265	0.05008	0.01269	0.04203	0.29673	0.00513	0.42203	0.03250	0.00300	0.00576
29	0.00834	0.00608	0.00860	0.00860	0.00938	0.00686	0.00634	0.00991	0.00913	0.01295	0.01626	0.02661	0.01617	0.22990	0.58854	0.00843	0.01311	0.00678	0.00322	0.00478
30	0.01285	0.12713	0.39210	0.08674	0.17811	0.01489	0.07312	0.01787	0.01247	0.01761	0.01032	0.01286	0.00791	0.00536	0.00546	0.00175	0.00794	0.00459	0.00260	0.00833
31	0.06157	0.01684	0.15704	0.06782	0.24082	0.04342	0.10621	0.06457	0.05876	0.10724	0.01304	0.01485	0.00967	0.00580	0.00574	0.00181	0.00724	0.00523	0.00371	0.00862
32	0.01140	0.02585	0.05683	0.05193	0.08130	0.01053	0.21816	0.03298	0.01291	0.03541	0.03452	0.28017	0.02157	0.01074	0.00721	0.00212	0.03129	0.06426	0.00413	0.00670
33	0.39885	0.09592	0.01499	0.01193	0.03692	0.27536	0.03156	0.04213	0.01312	0.02067	0.00879	0.01028	0.00710	0.00559	0.00441	0.00164	0.00703	0.00359	0.00331	0.00681
34	0.00823	0.00648	0.00973	0.01165	0.08561	0.00617	0.03877	0.00968	0.01146	0.01541	0.02861	0.63552	0.03357	0.03751	0.00785	0.00238	0.00414	0.03696	0.00498	0.00530
35	0.00809	0.00587	0.00763	0.00732	0.00864	0.00541	0.00544	0.01066	0.01594	0.02239	0.67526	0.10098	0.07959	0.01248	0.00690	0.00187	0.00280	0.01104	0.00629	0.00541
36	0.01174	0.01126	0.03948	0.21554	0.27678	0.01200	0.03095	0.01459	0.01130	0.01578	0.01178	0.01769	0.01040	0.06903	0.13492	0.02898	0.07239	0.00559	0.00284	0.00696
37	0.01421	0.01427	0.05008	0.20289	0.29518	0.05052	0.07143	0.07363	0.09939	0.01979	0.02774	0.01584	0.01065	0.00593	0.00584	0.00180	0.00713	0.00544	0.00346	0.02477
38	0.00741	0.00581	0.00651	0.00650	0.00797	0.00512	0.00469	0.00903	0.01343	0.01719	0.23647	0.11425	0.43557	0.09312	0.00921	0.00233	0.00320	0.01179	0.00547	0.00491
39	0.01692	0.59100	0.02642	0.01105	0.01545	0.20442	0.01011	0.01872	0.01296	0.01403	0.00859	0.00993	0.00767	0.00527	0.00411	0.00131	0.00716	0.00332	0.02432	0.00723
40	0.09594	0.01183	0.01408	0.01098	0.01538	0.01175	0.00904	0.21413	0.05840	0.46781	0.01932	0.01745	0.01268	0.00702	0.00565	0.00179	0.00527	0.00549	0.00645	0.00954
41	0.03281	0.10032	0.13296	0.01326	0.03859	0.08669	0.01190	0.19960	0.09836	0.03789	0.04833	0.02369	0.01577	0.00820	0.00587	0.00187	0.00653	0.12483	0.00452	0.00801
42	0.04996	0.01215	0.05761	0.18751	0.22812	0.01141	0.04794	0.02916	0.01286	0.05752	0.04379	0.05963	0.01255	0.00748	0.02810	0.00193	0.00658	0.00578	0.00349	0.13646
43	0.09411	0.09951	0.05920	0.01147	0.01566	0.08337	0.00983	0.16132	0.17706	0.05714	0.02748	0.01502	0.01156	0.00646	0.00540	0.00163	0.02217	0.00481	0.02292	0.11387
44	0.01579	0.01181	0.05741	0.01203	0.06837	0.00938	0.02590	0.06866	0.01446	0.18842	0.04661	0.04019	0.01294	0.00606	0.00520	0.00137	0.00506	0.00509	0.00454	0.40070
45	0.06903	0.36034	0.22324	0.03589	0.03481	0.07338	0.04347	0.01769	0.01225	0.01638	0.00989	0.03565	0.00848	0.00565	0.00469	0.00154	0.00712	0.00418	0.00274	0.03359
46	0.01457	0.18069	0.31245	0.01825	0.13667	0.01491	0.10269	0.01900	0.01308	0.09632	0.03088	0.01401	0.00982	0.00563	0.00542	0.00171	0.00745	0.00482	0.00319	0.00843
47	0.00810	0.00594	0.00760	0.00718	0.00861	0.00543	0.00539	0.01073	0.01616	0.02262	0.69174	0.04460	0.11986	0.01215	0.00686	0.00184	0.00276	0.01068	0.00631	0.00543
48	0.00844	0.00568	0.00655	0.00653	0.00663	0.00572	0.00378	0.00864	0.00876	0.01177	0.04156	0.03743	0.02186	0.73123	0.06798	0.00571	0.00607	0.00840	0.00359	0.00367
49	0.05592	0.09218	0.22799	0.01905	0.15156	0.05052	0.13357	0.05792	0.03543	0.07878	0.01255	0.03678	0.00981	0.00598	0.00562	0.00178	0.00748	0.00528	0.00344	0.00835
50	0.03019	0.44507	0.09060	0.03351	0.09420	0.05373	0.02980	0.01804	0.01255	0.06583	0.02710	0.03110	0.00995	0.00591	0.00508	0.00152	0.03072	0.00434	0.00306	0.00769
51	0.04174	0.00644	0.00787	0.00739	0.00905	0.00606	0.00558	0.01192	0.03883	0.04253	0.57736	0.06054	0.13912	0.01189	0.00669	0.00186	0.00297	0.01034	0.00615	0.00567
52	0.01366	0.03483	0.21611	0.07260	0.40937	0.01333	0.01720	0.01839	0.04216	0.04610	0.01198	0.01470	0.00942	0.00671	0.02930	0.00200	0.00740	0.00502	0.02106	0.00866
53	0.01491	0.03734	0.19952	0.06856	0.29106	0.03168	0.03497	0.03814	0.03732	0.10465	0.03955	0.01574	0.01122	0.00593	0.00565	0.00175	0.00690	0.00520	0.02127	0.02863

[dist]
# distance from previous block
# <min> <max>
5	51

# created by:
# /home/cegg/simao/soft/augustus-3.2.1/scripts/msa2prfl.pl ./align_prep/EOG090W0BOZ.fa
