[name]
unknown

[dist]
# distance from previous block
# <min> <max>
9	65

[block]
# block no. 0 follows, 28 sequences, length 19
# corresponding to MSA columns:
# 93-111
name=unknown_A
#
# <colnr> <probs for GDERKNQSTAVLIFYWHMCP>
#	G	D	E	R	K	N	Q	S	T	A	V	L	I	F	Y	W	H	M	C	P
0	0.12792	0.08971	0.02098	0.01857	0.11308	0.16367	0.01314	0.14225	0.04004	0.02710	0.04542	0.01746	0.01362	0.00951	0.03322	0.00237	0.03423	0.00574	0.00476	0.07720
1	0.02931	0.08753	0.02073	0.01629	0.07939	0.04045	0.01233	0.09724	0.02117	0.48380	0.02372	0.02168	0.01567	0.00841	0.00701	0.00215	0.00700	0.00672	0.00757	0.01185
2	0.21067	0.06672	0.01911	0.01414	0.01931	0.06124	0.01170	0.37473	0.02528	0.06422	0.01564	0.01629	0.01148	0.00801	0.00627	0.00211	0.00739	0.00568	0.04948	0.01054
3	0.02140	0.04714	0.01857	0.01583	0.04418	0.22203	0.01195	0.15752	0.08919	0.04335	0.07278	0.04008	0.01832	0.01049	0.03316	0.00233	0.00872	0.00680	0.03649	0.09967
4	0.79588	0.01406	0.01068	0.00956	0.01406	0.01631	0.00787	0.02137	0.01237	0.03261	0.01012	0.01181	0.00787	0.00675	0.00450	0.00225	0.00562	0.00394	0.00450	0.00787
5	0.08027	0.00771	0.00963	0.01029	0.01136	0.00798	0.00735	0.01207	0.01374	0.02006	0.08454	0.41631	0.06850	0.04901	0.10957	0.03292	0.03143	0.01518	0.00591	0.00617
6	0.01243	0.00644	0.00966	0.00966	0.00977	0.00655	0.00655	0.00977	0.00966	0.01299	0.01322	0.02266	0.01311	0.02779	0.08801	0.72115	0.00745	0.00644	0.00322	0.00345
7	0.00967	0.00652	0.00842	0.00979	0.01049	0.00617	0.00676	0.01140	0.01450	0.02027	0.06478	0.58704	0.04474	0.02043	0.00873	0.00278	0.00419	0.04761	0.10961	0.00609
8	0.20943	0.01339	0.01375	0.01162	0.01566	0.01436	0.00939	0.21871	0.02053	0.07488	0.02078	0.05223	0.03543	0.01122	0.03587	0.00253	0.00642	0.02848	0.16222	0.04310
9	0.01466	0.01051	0.01227	0.01091	0.01398	0.00997	0.00826	0.10394	0.05056	0.06134	0.10326	0.19152	0.10710	0.07772	0.01032	0.00267	0.00528	0.03455	0.02649	0.14469
10	0.00886	0.00633	0.00843	0.01012	0.01054	0.00590	0.00675	0.01012	0.01392	0.01856	0.04006	0.73979	0.04808	0.02277	0.00928	0.00295	0.00422	0.02066	0.00675	0.00590
11	0.01109	0.00760	0.00965	0.00984	0.01159	0.00674	0.00703	0.01311	0.01603	0.06313	0.16662	0.42283	0.12329	0.01839	0.00860	0.00256	0.00422	0.01636	0.00691	0.07441
12	0.17890	0.01199	0.01300	0.01019	0.01505	0.01060	0.00796	0.01873	0.01483	0.06661	0.07360	0.02203	0.01737	0.08963	0.00914	0.00217	0.00550	0.00588	0.00497	0.42187
13	0.01482	0.00889	0.01123	0.01119	0.01321	0.00853	0.00825	0.06121	0.04162	0.13970	0.03750	0.43214	0.07797	0.04442	0.00973	0.00290	0.00510	0.05679	0.00711	0.00768
14	0.02513	0.01430	0.01651	0.01308	0.01784	0.01450	0.01066	0.29228	0.02523	0.26071	0.05850	0.02728	0.07599	0.00990	0.00719	0.00217	0.00624	0.00789	0.10372	0.01089
15	0.01509	0.00969	0.01341	0.01249	0.01462	0.00995	0.03241	0.01838	0.05650	0.14520	0.07264	0.27611	0.06330	0.04046	0.09094	0.00385	0.06984	0.04078	0.00647	0.00787
16	0.01695	0.00979	0.01202	0.01101	0.01397	0.00919	0.00852	0.07565	0.03827	0.19434	0.10637	0.21753	0.18638	0.01580	0.00838	0.00254	0.00503	0.05233	0.00749	0.00844
17	0.01505	0.01148	0.01435	0.01261	0.01556	0.03964	0.05949	0.07423	0.07537	0.08445	0.22346	0.18803	0.12734	0.01457	0.00832	0.00245	0.00553	0.01283	0.00704	0.00819
18	0.04699	0.01870	0.01762	0.05271	0.02088	0.14635	0.01232	0.15025	0.27016	0.02839	0.02046	0.02156	0.01590	0.01471	0.10063	0.00346	0.00954	0.00682	0.00581	0.03673

[dist]
# distance from previous block
# <min> <max>
4	13

[block]
# block no. 1 follows, 28 sequences, length 24
# corresponding to MSA columns:
# 125-148
name=unknown_B
#
# <colnr> <probs for GDERKNQSTAVLIFYWHMCP>
#	G	D	E	R	K	N	Q	S	T	A	V	L	I	F	Y	W	H	M	C	P
0	0.05328	0.10253	0.06299	0.01688	0.05068	0.08296	0.04016	0.20184	0.11201	0.02940	0.03988	0.02050	0.04202	0.00858	0.00753	0.00211	0.04045	0.00657	0.00539	0.07424
1	0.01384	0.01068	0.01465	0.01291	0.01574	0.01087	0.06726	0.08313	0.08172	0.05236	0.14811	0.14955	0.12727	0.02249	0.15057	0.00432	0.00839	0.01180	0.00633	0.00801
2	0.02195	0.13648	0.02390	0.01566	0.02135	0.01968	0.06818	0.28280	0.11315	0.06390	0.04618	0.01956	0.01549	0.00807	0.00678	0.00200	0.00740	0.00652	0.00602	0.11493
3	0.01613	0.01833	0.18067	0.08159	0.02440	0.01401	0.07359	0.07379	0.01684	0.08790	0.02244	0.19898	0.02152	0.01214	0.00929	0.00255	0.07082	0.03608	0.00516	0.03376
4	0.01425	0.04650	0.04705	0.01483	0.05700	0.05843	0.04833	0.01980	0.11470	0.04458	0.14504	0.16258	0.14049	0.01390	0.00809	0.00245	0.00617	0.04134	0.00622	0.00826
5	0.01210	0.00933	0.01437	0.01301	0.01481	0.01059	0.06754	0.01508	0.01283	0.01955	0.01904	0.02637	0.01688	0.03735	0.45027	0.00812	0.07740	0.00753	0.16084	0.00697
6	0.01570	0.01544	0.05304	0.06146	0.25486	0.03570	0.08390	0.04835	0.04303	0.02307	0.02064	0.16522	0.02007	0.04758	0.00908	0.00255	0.00781	0.00964	0.04066	0.04218
7	0.01162	0.00831	0.01106	0.08463	0.01575	0.00842	0.00875	0.01512	0.06829	0.05536	0.10313	0.42002	0.06671	0.05234	0.01005	0.00294	0.00513	0.03884	0.00657	0.00697
8	0.01622	0.01127	0.01304	0.01175	0.01476	0.01152	0.00901	0.13856	0.12535	0.09235	0.17483	0.19843	0.12364	0.01467	0.00820	0.00247	0.00510	0.01262	0.00742	0.00880
9	0.17757	0.01413	0.01500	0.01283	0.01729	0.01528	0.01025	0.07800	0.29073	0.18202	0.05682	0.02620	0.05391	0.00962	0.00690	0.00234	0.00578	0.00762	0.00716	0.01055
10	0.01277	0.00839	0.00996	0.00964	0.01179	0.00797	0.00717	0.01643	0.07106	0.09133	0.15370	0.15383	0.22231	0.07984	0.04182	0.00326	0.00520	0.03289	0.05342	0.00722
11	0.01534	0.00945	0.01145	0.01065	0.01329	0.00909	0.00800	0.02051	0.12458	0.15748	0.18374	0.19307	0.15276	0.04497	0.00945	0.00267	0.00470	0.01309	0.00747	0.00826
12	0.18030	0.01403	0.01525	0.01243	0.01711	0.01459	0.01010	0.20119	0.05171	0.24149	0.02400	0.05098	0.04658	0.00944	0.00667	0.00223	0.00609	0.00731	0.07812	0.01038
13	0.08196	0.00946	0.00979	0.00965	0.01160	0.03639	0.00694	0.01571	0.05555	0.05299	0.13110	0.20439	0.16311	0.12531	0.01227	0.00315	0.00505	0.01287	0.04593	0.00681
14	0.68153	0.01472	0.01202	0.01051	0.01511	0.01698	0.00862	0.08176	0.05292	0.03369	0.01190	0.01320	0.00910	0.00711	0.00492	0.00226	0.00585	0.00442	0.00492	0.00849
15	0.00965	0.00709	0.00922	0.01063	0.01174	0.00666	0.00800	0.01161	0.01516	0.01966	0.04501	0.44029	0.15061	0.02129	0.00939	0.00299	0.00485	0.20326	0.00673	0.00617
16	0.01153	0.00729	0.00881	0.00919	0.01058	0.00688	0.00668	0.01362	0.01538	0.05279	0.10929	0.22883	0.12767	0.12687	0.01251	0.00321	0.00471	0.08621	0.15159	0.00636
17	0.03637	0.00715	0.00847	0.00913	0.01042	0.00664	0.00641	0.01130	0.01533	0.02058	0.14251	0.35607	0.21940	0.08384	0.01131	0.00307	0.00433	0.03496	0.00665	0.00606
18	0.01725	0.01955	0.13254	0.05648	0.02787	0.01705	0.22786	0.10997	0.12375	0.02667	0.01795	0.02101	0.01370	0.01167	0.06790	0.00314	0.02971	0.00740	0.05858	0.00993
19	0.02268	0.01753	0.01768	0.01455	0.01908	0.05823	0.01167	0.36067	0.19165	0.03699	0.02124	0.02135	0.01577	0.00889	0.00686	0.00215	0.00690	0.00689	0.14830	0.01091
20	0.01113	0.00774	0.00926	0.00939	0.01091	0.00723	0.00661	0.04163	0.01630	0.05048	0.14534	0.30525	0.20347	0.12577	0.01292	0.00327	0.00464	0.01551	0.00672	0.00645
21	0.01326	0.00959	0.04086	0.00950	0.01186	0.00854	0.00755	0.05375	0.04437	0.04688	0.13271	0.14724	0.10544	0.05009	0.00864	0.00244	0.00452	0.01105	0.28437	0.00733
22	0.01031	0.05135	0.00990	0.00871	0.00977	0.00802	0.00584	0.01124	0.01287	0.01653	0.03658	0.18856	0.17682	0.36036	0.05772	0.00512	0.00641	0.01311	0.00529	0.00549
23	0.01100	0.00800	0.01028	0.04214	0.01269	0.00833	0.00763	0.01375	0.04393	0.01954	0.13269	0.08186	0.06243	0.26979	0.15238	0.00583	0.00846	0.07510	0.02807	0.00612

[dist]
# distance from previous block
# <min> <max>
7	44

[block]
# block no. 2 follows, 28 sequences, length 7
# corresponding to MSA columns:
# 193-199
name=unknown_C
#
# <colnr> <probs for GDERKNQSTAVLIFYWHMCP>
#	G	D	E	R	K	N	Q	S	T	A	V	L	I	F	Y	W	H	M	C	P
0	0.01832	0.13239	0.01815	0.01303	0.01674	0.15416	0.01047	0.02262	0.09653	0.07989	0.06547	0.08317	0.07407	0.01304	0.02964	0.03677	0.00764	0.05109	0.00547	0.07132
1	0.01548	0.04446	0.07249	0.02306	0.25848	0.01281	0.01420	0.01884	0.01582	0.06700	0.10712	0.03022	0.05242	0.12862	0.05936	0.00353	0.00799	0.00821	0.00479	0.05510
2	0.01232	0.01192	0.07608	0.06849	0.01803	0.01081	0.06159	0.01427	0.01305	0.01815	0.02405	0.13804	0.07650	0.08826	0.07556	0.14653	0.08077	0.00994	0.04917	0.00649
3	0.15923	0.01053	0.01108	0.01054	0.01311	0.03802	0.00790	0.01877	0.04596	0.12403	0.07572	0.21803	0.07909	0.06505	0.05675	0.00337	0.00628	0.01138	0.03751	0.00764
4	0.11162	0.01025	0.01196	0.05804	0.01579	0.01061	0.00907	0.06763	0.04789	0.06571	0.15021	0.12105	0.16782	0.01679	0.05237	0.00307	0.00614	0.05979	0.00647	0.00774
5	0.01635	0.01251	0.01487	0.01647	0.11511	0.06547	0.01073	0.05743	0.06756	0.08083	0.08444	0.15870	0.02682	0.04063	0.09843	0.00363	0.00791	0.01009	0.10354	0.00848
6	0.01444	0.00971	0.01128	0.01065	0.01275	0.00973	0.00766	0.08930	0.08333	0.08470	0.06831	0.24109	0.12241	0.18327	0.01492	0.00359	0.00551	0.01325	0.00660	0.00750

[dist]
# distance from previous block
# <min> <max>
0	3

[block]
# block no. 3 follows, 28 sequences, length 7
# corresponding to MSA columns:
# 203-209
name=unknown_D
#
# <colnr> <probs for GDERKNQSTAVLIFYWHMCP>
#	G	D	E	R	K	N	Q	S	T	A	V	L	I	F	Y	W	H	M	C	P
0	0.06938	0.00944	0.01059	0.00997	0.01263	0.00903	0.00751	0.03447	0.06959	0.05231	0.13397	0.16434	0.20403	0.06748	0.01004	0.00273	0.00481	0.04321	0.00653	0.07792
1	0.05673	0.00990	0.01165	0.01181	0.04729	0.00964	0.00837	0.06020	0.05781	0.08587	0.12125	0.15927	0.24170	0.05350	0.00966	0.00272	0.00500	0.03307	0.00677	0.00778
2	0.06234	0.01490	0.01601	0.01389	0.01803	0.01652	0.01093	0.16273	0.36509	0.07970	0.05436	0.08264	0.04910	0.01094	0.00745	0.00241	0.00594	0.00902	0.00727	0.01071
3	0.06644	0.01576	0.01744	0.01443	0.01903	0.01726	0.01157	0.25662	0.24343	0.14108	0.02267	0.02231	0.01657	0.01232	0.04538	0.04513	0.00735	0.00713	0.00703	0.01103
4	0.05473	0.00935	0.01089	0.01080	0.01280	0.00971	0.00828	0.03960	0.07993	0.04284	0.08562	0.21809	0.14174	0.04340	0.01004	0.00279	0.04147	0.09285	0.07779	0.00729
5	0.01188	0.00792	0.01003	0.01039	0.01180	0.00763	0.00754	0.03591	0.01553	0.06803	0.06628	0.38821	0.15288	0.05038	0.01166	0.04682	0.02708	0.05690	0.00656	0.00656
6	0.01014	0.00709	0.00869	0.00920	0.00991	0.00703	0.00621	0.01133	0.01275	0.01714	0.03300	0.20942	0.10287	0.32992	0.11222	0.00573	0.00747	0.05794	0.03647	0.00546

[dist]
# distance from previous block
# <min> <max>
0	5

[block]
# block no. 4 follows, 28 sequences, length 12
# corresponding to MSA columns:
# 236,237,242-251
name=unknown_E
#
# <colnr> <probs for GDERKNQSTAVLIFYWHMCP>
#	G	D	E	R	K	N	Q	S	T	A	V	L	I	F	Y	W	H	M	C	P
0	0.01701	0.09018	0.06435	0.06428	0.17023	0.01774	0.18335	0.05704	0.11639	0.02437	0.02155	0.02624	0.06075	0.00864	0.00758	0.00233	0.00873	0.04455	0.00466	0.01003
1	0.34381	0.08600	0.05701	0.01381	0.01879	0.16509	0.01178	0.10526	0.08872	0.02896	0.01349	0.01459	0.01046	0.00744	0.00573	0.00213	0.00798	0.00495	0.00478	0.00922
2	0.01177	0.00745	0.01010	0.03761	0.01254	0.00709	0.00751	0.01263	0.01429	0.05377	0.11954	0.28154	0.07382	0.05711	0.01485	0.18950	0.00521	0.04708	0.00584	0.03074
3	0.01437	0.00974	0.01169	0.01078	0.01355	0.00916	0.00803	0.04749	0.09234	0.09145	0.06950	0.25119	0.13524	0.01606	0.00982	0.07295	0.00498	0.01255	0.00649	0.11261
4	0.01122	0.00832	0.01004	0.01012	0.01140	0.00856	0.00712	0.03637	0.07539	0.01995	0.07953	0.20699	0.09934	0.23559	0.12472	0.00532	0.00760	0.03024	0.00579	0.00640
5	0.14181	0.01722	0.01881	0.01462	0.02019	0.01834	0.01208	0.40192	0.02727	0.22618	0.01948	0.01864	0.01326	0.00851	0.00688	0.00221	0.00715	0.00637	0.00734	0.01171
6	0.05218	0.00790	0.00947	0.00967	0.01111	0.00767	0.00688	0.04563	0.01638	0.02284	0.20489	0.31670	0.12600	0.06031	0.01160	0.05843	0.00453	0.01489	0.00659	0.00633
7	0.01485	0.00917	0.01090	0.01004	0.01249	0.00880	0.00749	0.04927	0.06925	0.12722	0.19411	0.13953	0.15504	0.09084	0.01105	0.00287	0.00477	0.01226	0.06224	0.00779
8	0.08251	0.01143	0.01308	0.01158	0.01425	0.01208	0.00873	0.15024	0.09140	0.07584	0.04933	0.07778	0.06211	0.06541	0.01548	0.23064	0.00615	0.00858	0.00575	0.00762
9	0.36326	0.01477	0.01491	0.01229	0.01727	0.01592	0.01006	0.13176	0.09941	0.22477	0.01889	0.01822	0.01318	0.00808	0.00609	0.00226	0.00618	0.00582	0.00656	0.01030
10	0.01269	0.00884	0.01038	0.01034	0.01199	0.00882	0.00726	0.05049	0.09523	0.06017	0.05976	0.32049	0.11756	0.17431	0.01469	0.00361	0.00523	0.01458	0.00652	0.00702
11	0.03283	0.01011	0.01192	0.01124	0.01384	0.01007	0.00852	0.06444	0.11490	0.09107	0.12671	0.22268	0.10435	0.05732	0.00990	0.00280	0.00515	0.05888	0.00699	0.03629

[dist]
# distance from previous block
# <min> <max>
0	1

[block]
# block no. 5 follows, 28 sequences, length 44
# corresponding to MSA columns:
# 253-296
name=unknown_F
#
# <colnr> <probs for GDERKNQSTAVLIFYWHMCP>
#	G	D	E	R	K	N	Q	S	T	A	V	L	I	F	Y	W	H	M	C	P
0	0.17648	0.04042	0.01319	0.01127	0.01479	0.01358	0.00892	0.05529	0.20908	0.04396	0.08739	0.08381	0.16873	0.01243	0.00724	0.00241	0.00523	0.03058	0.00651	0.00868
1	0.01601	0.01144	0.01344	0.03371	0.01529	0.01213	0.00906	0.18184	0.06221	0.05246	0.14854	0.08169	0.05643	0.18446	0.08485	0.00435	0.00751	0.01019	0.00631	0.00809
2	0.05192	0.00944	0.01101	0.01083	0.01291	0.00941	0.00805	0.11163	0.01805	0.05200	0.08877	0.34599	0.13218	0.05136	0.00984	0.00287	0.00508	0.05455	0.00679	0.00731
3	0.14095	0.00945	0.01104	0.01052	0.01248	0.01054	0.00796	0.05808	0.01351	0.02153	0.02132	0.03053	0.05120	0.16638	0.35631	0.00769	0.01256	0.00791	0.04331	0.00672
4	0.01898	0.09129	0.02474	0.01809	0.02254	0.07124	0.15085	0.09838	0.17292	0.05195	0.02191	0.05793	0.04764	0.01114	0.03202	0.00268	0.08246	0.00811	0.00535	0.00977
5	0.01631	0.01298	0.05222	0.07968	0.13448	0.01256	0.04003	0.04161	0.03846	0.08376	0.01915	0.09083	0.01768	0.01483	0.01447	0.21515	0.05527	0.04796	0.00465	0.00791
6	0.21316	0.01075	0.01127	0.01064	0.01355	0.01128	0.00811	0.05620	0.08498	0.08457	0.09303	0.23717	0.08061	0.01378	0.00731	0.00247	0.00497	0.01156	0.03656	0.00803
7	0.00973	0.00728	0.00987	0.01019	0.01150	0.00742	0.00756	0.01206	0.01473	0.02020	0.17103	0.22356	0.12504	0.03340	0.29457	0.00628	0.01015	0.01322	0.00585	0.00637
8	0.01075	0.00883	0.01160	0.08381	0.04534	0.00869	0.00903	0.01320	0.01589	0.02092	0.14544	0.16825	0.24432	0.06255	0.01082	0.00281	0.03209	0.05424	0.00604	0.04540
9	0.01494	0.01336	0.02231	0.08494	0.04797	0.01373	0.18941	0.06235	0.07360	0.02204	0.01866	0.06001	0.01666	0.08478	0.14645	0.05344	0.01079	0.00839	0.00446	0.05172
10	0.01285	0.00947	0.01113	0.01070	0.01285	0.00948	0.00795	0.08254	0.09392	0.04161	0.21594	0.24070	0.13955	0.05018	0.00983	0.00275	0.00472	0.02909	0.00715	0.00758
11	0.00966	0.00695	0.00933	0.01094	0.01180	0.00662	0.00812	0.01154	0.01483	0.01951	0.04095	0.52521	0.07213	0.02183	0.00947	0.00304	0.00490	0.20028	0.00673	0.00614
12	0.01803	0.05207	0.02291	0.21433	0.14393	0.01787	0.04644	0.17224	0.07927	0.02702	0.02184	0.02425	0.08457	0.00897	0.00792	0.00231	0.03359	0.00755	0.00498	0.00989
13	0.15071	0.04382	0.04427	0.03668	0.07977	0.07712	0.03544	0.04335	0.09646	0.05860	0.05470	0.11703	0.02194	0.01369	0.05286	0.00299	0.00799	0.04836	0.00540	0.00883
14	0.01200	0.00779	0.00927	0.00948	0.01043	0.00771	0.00646	0.01405	0.04649	0.05170	0.03018	0.15951	0.05567	0.39607	0.02336	0.00499	0.00612	0.09382	0.04904	0.00588
15	0.01533	0.01351	0.01715	0.01348	0.04998	0.01089	0.03639	0.01866	0.01507	0.02343	0.01289	0.01543	0.01076	0.00575	0.00632	0.00127	0.03432	0.00466	0.00420	0.69050
16	0.14357	0.01672	0.02297	0.09767	0.34029	0.06735	0.03720	0.04528	0.01651	0.05835	0.01435	0.01800	0.01150	0.00983	0.04969	0.00276	0.00908	0.00613	0.02278	0.00997
17	0.01756	0.01257	0.01221	0.01093	0.01396	0.05145	0.00849	0.12268	0.18392	0.03023	0.02352	0.02486	0.01804	0.00880	0.00607	0.00197	0.00521	0.00698	0.43169	0.00888
18	0.01047	0.00706	0.00819	0.00827	0.00837	0.00712	0.00481	0.01070	0.01081	0.01449	0.02354	0.08083	0.02699	0.66570	0.07784	0.00713	0.00768	0.01090	0.00449	0.00461
19	0.01953	0.01633	0.01725	0.01509	0.01945	0.01876	0.01186	0.13517	0.58716	0.03274	0.02774	0.02565	0.02070	0.00969	0.00738	0.00242	0.00609	0.00796	0.00738	0.01164
20	0.00966	0.00708	0.00896	0.00953	0.01046	0.00700	0.00663	0.01113	0.01333	0.01766	0.05317	0.26882	0.15003	0.19865	0.17224	0.00576	0.00821	0.03031	0.00559	0.00576
21	0.79588	0.01406	0.01068	0.00956	0.01406	0.01631	0.00787	0.02137	0.01237	0.03261	0.01012	0.01181	0.00787	0.00675	0.00450	0.00225	0.00562	0.00394	0.00450	0.00787
22	0.01458	0.03760	0.70688	0.02072	0.03146	0.01688	0.02686	0.02302	0.01535	0.02302	0.01304	0.01535	0.00921	0.00691	0.00691	0.00230	0.01074	0.00537	0.00307	0.01074
23	0.03155	0.01206	0.01631	0.01259	0.01799	0.01047	0.01037	0.03439	0.02050	0.66649	0.02840	0.02487	0.01803	0.00897	0.00719	0.00222	0.00603	0.00728	0.05224	0.01206
24	0.05633	0.01395	0.01549	0.01353	0.01753	0.01510	0.01096	0.17485	0.23667	0.10797	0.06074	0.03432	0.04031	0.01120	0.00753	0.00243	0.00610	0.10115	0.06362	0.01022
25	0.01374	0.00884	0.01039	0.00944	0.01228	0.00806	0.00727	0.01777	0.07238	0.13246	0.27038	0.05410	0.32490	0.01504	0.00829	0.00237	0.00416	0.01276	0.00758	0.00780
26	0.01064	0.00727	0.00929	0.00921	0.01071	0.00672	0.00668	0.01335	0.01825	0.04360	0.44202	0.20328	0.09249	0.04584	0.00968	0.00261	0.00383	0.01436	0.04352	0.00665
27	0.04414	0.01080	0.01248	0.01124	0.01435	0.01108	0.00885	0.05385	0.17321	0.11985	0.23748	0.04016	0.06939	0.01209	0.00760	0.00232	0.00486	0.05377	0.10357	0.00891
28	0.01685	0.01872	0.03792	0.02785	0.03344	0.01932	0.51456	0.02189	0.01571	0.02189	0.01346	0.01872	0.01067	0.00772	0.01226	0.00263	0.18544	0.00804	0.00356	0.00936
29	0.46763	0.01656	0.01522	0.01254	0.01753	0.01879	0.01032	0.27494	0.04766	0.03763	0.01373	0.01460	0.01018	0.00764	0.00569	0.00223	0.00655	0.00512	0.00569	0.00975
30	0.01097	0.00738	0.00892	0.00924	0.01047	0.00706	0.00639	0.01318	0.03604	0.04714	0.10511	0.29001	0.13740	0.16959	0.04709	0.00392	0.00541	0.01447	0.06394	0.00625
31	0.01119	0.00850	0.00965	0.00906	0.01160	0.00775	0.00688	0.01511	0.07238	0.04759	0.25337	0.05715	0.34949	0.04374	0.00944	0.00254	0.00416	0.03206	0.00707	0.04128
32	0.01055	0.00699	0.00893	0.00980	0.01100	0.00634	0.00683	0.01217	0.01528	0.06683	0.08952	0.53375	0.15368	0.02057	0.00898	0.00278	0.00421	0.01836	0.00699	0.00645
33	0.01041	0.00698	0.00798	0.00813	0.00817	0.00694	0.00462	0.01053	0.01088	0.01451	0.02450	0.11195	0.02844	0.67741	0.03442	0.00667	0.00678	0.01151	0.00462	0.00454
34	0.01189	0.00734	0.00951	0.00990	0.01129	0.00671	0.00697	0.01369	0.01592	0.09780	0.16063	0.43700	0.09849	0.06432	0.01060	0.00297	0.00443	0.01673	0.00709	0.00674
35	0.01132	0.00842	0.01089	0.01127	0.01270	0.00888	0.00850	0.04273	0.05617	0.02005	0.03211	0.23088	0.07258	0.10659	0.22951	0.00604	0.00981	0.10917	0.00568	0.00669
36	0.02307	0.01960	0.01777	0.01516	0.01922	0.17524	0.01207	0.29215	0.05769	0.06104	0.02012	0.02641	0.01679	0.04535	0.03369	0.00277	0.00881	0.07181	0.07145	0.00981
37	0.02288	0.01275	0.01499	0.01251	0.01668	0.01294	0.00990	0.09816	0.19932	0.28349	0.06425	0.02945	0.04574	0.05555	0.00907	0.00255	0.00580	0.00822	0.08518	0.01057
38	0.01807	0.01049	0.01271	0.01122	0.01410	0.01028	0.00855	0.10080	0.04790	0.18941	0.09877	0.09435	0.09965	0.17105	0.03686	0.00372	0.00634	0.05041	0.00692	0.00839
39	0.01345	0.00996	0.01162	0.01095	0.01335	0.01023	0.00827	0.04988	0.13937	0.06624	0.13571	0.18091	0.21023	0.03964	0.03478	0.00300	0.03457	0.01307	0.00689	0.00789
40	0.02046	0.02327	0.02410	0.13982	0.16893	0.31196	0.08565	0.02392	0.01802	0.02014	0.01513	0.02277	0.01331	0.00837	0.00737	0.00223	0.01089	0.07079	0.00392	0.00898
41	0.03989	0.00876	0.04758	0.01011	0.01164	0.00732	0.00765	0.01193	0.01461	0.02024	0.11978	0.40987	0.11393	0.09650	0.04266	0.00356	0.00544	0.01604	0.00624	0.00626
42	0.07198	0.01001	0.01165	0.00998	0.01352	0.00886	0.00770	0.01568	0.01476	0.02300	0.09225	0.06390	0.05272	0.06463	0.06189	0.03930	0.00618	0.04763	0.06778	0.31659
43	0.04729	0.04025	0.01854	0.06054	0.01982	0.10145	0.10109	0.03829	0.01547	0.04228	0.02168	0.19807	0.02210	0.09164	0.03505	0.00325	0.07190	0.01033	0.05334	0.00760

[dist]
# distance from previous block
# <min> <max>
6	16

[block]
# block no. 6 follows, 28 sequences, length 26
# corresponding to MSA columns:
# 316-341
name=unknown_G
#
# <colnr> <probs for GDERKNQSTAVLIFYWHMCP>
#	G	D	E	R	K	N	Q	S	T	A	V	L	I	F	Y	W	H	M	C	P
0	0.05366	0.32477	0.13358	0.01762	0.02428	0.10575	0.12576	0.05706	0.01718	0.05929	0.01286	0.01475	0.01017	0.00676	0.00616	0.00196	0.00944	0.00532	0.00387	0.00977
1	0.01343	0.03853	0.04784	0.01519	0.04318	0.01159	0.11771	0.01847	0.08628	0.04374	0.11747	0.07216	0.18471	0.08735	0.01119	0.00294	0.00662	0.06776	0.00589	0.00796
2	0.01845	0.01017	0.01271	0.01156	0.01462	0.00960	0.00896	0.09902	0.01931	0.22715	0.06866	0.26800	0.12590	0.01580	0.00837	0.00258	0.00532	0.05755	0.00754	0.00875
3	0.02245	0.02322	0.01839	0.01643	0.02025	0.30723	0.01266	0.05839	0.29970	0.05454	0.02028	0.02048	0.01566	0.01094	0.04006	0.00265	0.03454	0.00656	0.00564	0.00995
4	0.01452	0.01068	0.01182	0.01126	0.01373	0.04205	0.00852	0.02098	0.16296	0.08548	0.22616	0.18081	0.09217	0.01467	0.00815	0.00246	0.00492	0.03751	0.04297	0.00817
5	0.00940	0.00770	0.00836	0.00842	0.01066	0.00684	0.00636	0.01228	0.04554	0.02137	0.14853	0.11547	0.50514	0.01798	0.00866	0.00251	0.00393	0.04745	0.00694	0.00647
6	0.00982	0.00719	0.00936	0.01036	0.01162	0.00674	0.00783	0.01211	0.01632	0.02165	0.17785	0.34882	0.13687	0.01992	0.00923	0.00285	0.00460	0.17355	0.00699	0.00632
7	0.01497	0.01554	0.03181	0.02393	0.02914	0.01475	0.44893	0.01973	0.01623	0.02197	0.04619	0.06274	0.02019	0.08041	0.04399	0.00343	0.01077	0.08237	0.00440	0.00850
8	0.01349	0.01156	0.01181	0.01125	0.01353	0.06828	0.00841	0.04666	0.13699	0.02510	0.24829	0.13526	0.12725	0.07037	0.01046	0.00279	0.00539	0.03863	0.00686	0.00764
9	0.32086	0.01195	0.01266	0.03863	0.01608	0.01234	0.00893	0.02380	0.04176	0.22626	0.11895	0.02848	0.09188	0.00990	0.00654	0.00229	0.00544	0.00766	0.00660	0.00901
10	0.03944	0.00849	0.00944	0.01050	0.01174	0.04276	0.00759	0.01230	0.01520	0.02004	0.07098	0.47274	0.13529	0.02012	0.00893	0.00282	0.00491	0.09388	0.00656	0.00628
11	0.01102	0.00795	0.00999	0.01054	0.01178	0.00776	0.00757	0.06744	0.01689	0.02272	0.15288	0.44089	0.06722	0.06585	0.01079	0.00305	0.00476	0.06744	0.00686	0.00659
12	0.16280	0.04120	0.01301	0.01098	0.01376	0.01247	0.00850	0.04830	0.10797	0.07651	0.01925	0.02467	0.01634	0.09156	0.15366	0.10045	0.00867	0.00687	0.07532	0.00769
13	0.01157	0.00790	0.00978	0.00967	0.01156	0.00734	0.00710	0.01497	0.05476	0.07215	0.30396	0.25279	0.17455	0.01713	0.00863	0.00252	0.00403	0.01506	0.00744	0.00709
14	0.20491	0.01002	0.01076	0.01064	0.01306	0.01048	0.00823	0.06835	0.01635	0.04587	0.08416	0.23678	0.05948	0.04852	0.00900	0.00281	0.00530	0.10728	0.04072	0.00727
15	0.01257	0.00893	0.01073	0.01049	0.01242	0.00885	0.00777	0.07329	0.06654	0.04301	0.22961	0.26658	0.09980	0.04664	0.00964	0.00272	0.00461	0.03794	0.04050	0.00735
16	0.01059	0.00750	0.00878	0.00885	0.01075	0.00674	0.00659	0.01274	0.01670	0.05069	0.18360	0.14596	0.32676	0.07803	0.01099	0.00291	0.00434	0.06958	0.03145	0.00644
17	0.03864	0.00844	0.00948	0.00870	0.01132	0.00797	0.00669	0.03578	0.01722	0.14172	0.09107	0.08301	0.14866	0.01182	0.00672	0.00209	0.00417	0.00980	0.34895	0.00774
18	0.01596	0.01052	0.01230	0.01137	0.01411	0.01076	0.00860	0.04815	0.19435	0.11764	0.11790	0.15414	0.09859	0.05986	0.01051	0.03076	0.00516	0.02800	0.04279	0.00853
19	0.01559	0.00943	0.01180	0.01128	0.01365	0.00910	0.00846	0.08030	0.04600	0.14632	0.12652	0.35649	0.07798	0.01699	0.00855	0.00263	0.00495	0.03849	0.00740	0.00809
20	0.01541	0.00962	0.01118	0.01065	0.01316	0.00961	0.00806	0.06738	0.10032	0.09763	0.03268	0.25262	0.06602	0.01414	0.00750	0.00237	0.00480	0.04000	0.20411	0.03274
21	0.08618	0.01167	0.01519	0.07088	0.01811	0.01343	0.01107	0.08079	0.01583	0.10766	0.06618	0.05451	0.01987	0.06402	0.21538	0.00541	0.12249	0.00799	0.00518	0.00815
22	0.01429	0.01110	0.01396	0.01466	0.07285	0.04741	0.01005	0.03661	0.01507	0.06760	0.08523	0.11616	0.05157	0.13811	0.19037	0.00552	0.07105	0.02579	0.00522	0.00738
23	0.01116	0.00781	0.00929	0.00931	0.01024	0.00794	0.00638	0.03514	0.01452	0.02032	0.10755	0.22288	0.09176	0.25974	0.01855	0.00403	0.04205	0.01304	0.10232	0.00597
24	0.01813	0.04265	0.02060	0.04848	0.10655	0.08909	0.03939	0.07101	0.07382	0.02458	0.01442	0.01671	0.01166	0.00680	0.00696	0.00171	0.03589	0.00545	0.00448	0.36163
25	0.01335	0.07293	0.01586	0.01523	0.09634	0.02866	0.02915	0.01695	0.07848	0.02069	0.10625	0.12884	0.09151	0.12624	0.01411	0.06863	0.00630	0.05771	0.00544	0.00731

[dist]
# distance from previous block
# <min> <max>
0	1

[block]
# block no. 7 follows, 28 sequences, length 16
# corresponding to MSA columns:
# 343-358
name=unknown_H
#
# <colnr> <probs for GDERKNQSTAVLIFYWHMCP>
#	G	D	E	R	K	N	Q	S	T	A	V	L	I	F	Y	W	H	M	C	P
0	0.01392	0.01394	0.04766	0.51239	0.04156	0.01592	0.05350	0.01911	0.03849	0.01938	0.01503	0.02281	0.01224	0.01138	0.05582	0.00313	0.05547	0.03645	0.00360	0.00821
1	0.08207	0.01716	0.07933	0.15132	0.22805	0.01693	0.04243	0.09338	0.03659	0.02546	0.01670	0.04464	0.03105	0.00848	0.00840	0.00235	0.06628	0.00705	0.03258	0.00976
2	0.01848	0.01536	0.01673	0.01442	0.04605	0.05131	0.01080	0.09137	0.22728	0.05077	0.01907	0.01994	0.01485	0.00882	0.00805	0.05782	0.00640	0.00611	0.00560	0.31077
3	0.06996	0.01101	0.01284	0.03834	0.06775	0.03910	0.00937	0.03568	0.05645	0.03942	0.11391	0.14440	0.06800	0.12798	0.03697	0.00344	0.00647	0.04746	0.03122	0.04022
4	0.01682	0.01435	0.01979	0.06608	0.10722	0.05498	0.09138	0.09970	0.01789	0.04878	0.04751	0.07652	0.04625	0.04457	0.08057	0.02614	0.00893	0.00841	0.03641	0.08769
5	0.01167	0.00799	0.00911	0.00869	0.00931	0.00806	0.00538	0.05539	0.01355	0.01832	0.11659	0.04650	0.03138	0.59333	0.03104	0.00606	0.00660	0.01066	0.00510	0.00528
6	0.01052	0.00735	0.01066	0.01087	0.01177	0.00815	0.00802	0.01195	0.01155	0.01626	0.02132	0.11477	0.02174	0.10764	0.47826	0.11505	0.01477	0.00938	0.00418	0.00579
7	0.04607	0.01042	0.01210	0.01096	0.01377	0.01011	0.00821	0.12868	0.01890	0.06110	0.13318	0.26760	0.09025	0.05617	0.00960	0.00263	0.00516	0.01286	0.00665	0.09559
8	0.01202	0.00832	0.01078	0.01118	0.01275	0.00847	0.00831	0.01612	0.09463	0.05930	0.08494	0.33484	0.06492	0.02480	0.12706	0.02993	0.00725	0.07083	0.00645	0.00710
9	0.01320	0.01016	0.01142	0.01112	0.01371	0.01038	0.00851	0.03882	0.20452	0.04923	0.06669	0.16838	0.23882	0.04093	0.00941	0.00277	0.00500	0.08189	0.00698	0.00804
10	0.07088	0.00965	0.01105	0.01033	0.01291	0.00948	0.00783	0.07085	0.04458	0.10600	0.13664	0.17954	0.16655	0.07008	0.01022	0.00283	0.00499	0.03885	0.02903	0.00771
11	0.11889	0.01149	0.01280	0.01168	0.01467	0.01210	0.00888	0.07189	0.15920	0.12298	0.09158	0.16376	0.02944	0.10379	0.01123	0.00306	0.00565	0.03146	0.00678	0.00869
12	0.01419	0.00929	0.01139	0.01109	0.01331	0.00908	0.00841	0.07484	0.05577	0.09797	0.12656	0.28089	0.12068	0.04718	0.00983	0.00284	0.00508	0.08676	0.00714	0.00768
13	0.06675	0.00893	0.01083	0.01048	0.01279	0.00858	0.00787	0.01800	0.05422	0.14512	0.13821	0.24833	0.10790	0.06995	0.01042	0.00293	0.00496	0.05904	0.00705	0.00763
14	0.06759	0.00909	0.01100	0.01018	0.01287	0.00855	0.00769	0.01934	0.04406	0.19058	0.17331	0.20568	0.12122	0.03543	0.00875	0.00257	0.00466	0.01257	0.04680	0.00807
15	0.15733	0.01070	0.01179	0.01058	0.01364	0.01075	0.00800	0.07052	0.04023	0.17013	0.05286	0.16244	0.11175	0.12317	0.01184	0.00313	0.00557	0.01082	0.00658	0.00817

[dist]
# distance from previous block
# <min> <max>
7	10

[block]
# block no. 8 follows, 28 sequences, length 42
# corresponding to MSA columns:
# 369-410
name=unknown_I
#
# <colnr> <probs for GDERKNQSTAVLIFYWHMCP>
#	G	D	E	R	K	N	Q	S	T	A	V	L	I	F	Y	W	H	M	C	P
0	0.28130	0.21860	0.02412	0.06458	0.07517	0.09676	0.05285	0.04424	0.01574	0.05048	0.01194	0.01407	0.00957	0.00681	0.00562	0.00203	0.00806	0.00488	0.00409	0.00907
1	0.05545	0.04825	0.11225	0.08869	0.02824	0.01524	0.22363	0.04547	0.01657	0.04628	0.01905	0.05921	0.04243	0.00846	0.00739	0.00222	0.00884	0.03794	0.00441	0.12998
2	0.02134	0.02126	0.01797	0.01644	0.04734	0.26242	0.01220	0.18402	0.02191	0.02639	0.03939	0.13100	0.01961	0.01065	0.00725	0.00211	0.00873	0.03753	0.00541	0.10703
3	0.01856	0.01211	0.01441	0.01084	0.01642	0.00983	0.00868	0.02238	0.04161	0.16285	0.01816	0.01906	0.01369	0.00669	0.00581	0.00145	0.00530	0.00539	0.10696	0.49980
4	0.01008	0.00721	0.00869	0.00901	0.01069	0.00641	0.00649	0.01212	0.01671	0.04996	0.20345	0.30880	0.28624	0.01879	0.00878	0.00259	0.00392	0.01644	0.00713	0.00648
5	0.01158	0.00948	0.03969	0.01093	0.01328	0.00812	0.03310	0.01512	0.05058	0.05388	0.18774	0.24443	0.18007	0.03724	0.00936	0.00270	0.00487	0.05025	0.03046	0.00712
6	0.01553	0.01031	0.01341	0.04978	0.07487	0.03855	0.00948	0.03736	0.03980	0.07540	0.07163	0.02885	0.07752	0.03975	0.01834	0.37394	0.00657	0.00786	0.00472	0.00633
7	0.01031	0.00758	0.00905	0.00934	0.01116	0.00691	0.00690	0.01308	0.04012	0.04376	0.18774	0.26083	0.29190	0.01845	0.00879	0.00261	0.00412	0.05361	0.00710	0.00664
8	0.00992	0.00678	0.00868	0.00927	0.00996	0.00647	0.00622	0.01080	0.01381	0.01849	0.13129	0.32223	0.09906	0.16828	0.04453	0.10265	0.00548	0.01475	0.00590	0.00544
9	0.04209	0.02215	0.07062	0.02118	0.10502	0.19823	0.09671	0.13372	0.05932	0.02592	0.05082	0.05668	0.01683	0.03327	0.03295	0.00269	0.00988	0.00747	0.00489	0.00957
10	0.01112	0.00847	0.00935	0.00951	0.01001	0.04301	0.00612	0.01189	0.01178	0.01547	0.02420	0.14448	0.02720	0.46999	0.15997	0.00706	0.00929	0.01124	0.00462	0.00522
11	0.01262	0.00802	0.00976	0.00943	0.01174	0.00714	0.00721	0.01499	0.01759	0.11367	0.20877	0.13450	0.29441	0.04512	0.00973	0.00270	0.00443	0.07380	0.00726	0.00711
12	0.01112	0.00769	0.00895	0.00903	0.00967	0.00779	0.00574	0.01344	0.07239	0.01795	0.08253	0.15909	0.03233	0.44260	0.02591	0.03778	0.00600	0.01194	0.03254	0.00552
13	0.09196	0.06889	0.04792	0.07241	0.06742	0.09464	0.05273	0.13377	0.04199	0.10562	0.01810	0.05464	0.01498	0.01100	0.03705	0.00268	0.03569	0.03351	0.00527	0.00973
14	0.02090	0.43950	0.07560	0.01574	0.04423	0.09671	0.01420	0.12091	0.04071	0.02255	0.01227	0.01383	0.01029	0.00717	0.00637	0.00185	0.03853	0.00480	0.00396	0.00987
15	0.08619	0.01301	0.01893	0.08007	0.05380	0.01361	0.12032	0.04202	0.11255	0.02395	0.02952	0.10824	0.12364	0.01361	0.03758	0.00287	0.02789	0.04935	0.00537	0.03747
16	0.07932	0.07159	0.09109	0.05846	0.06485	0.10264	0.10214	0.06553	0.07129	0.04496	0.03907	0.02534	0.03489	0.03921	0.00835	0.00244	0.00870	0.04992	0.00478	0.03542
17	0.01636	0.01378	0.02164	0.48853	0.12421	0.01611	0.01852	0.02310	0.10596	0.07587	0.01653	0.02068	0.01227	0.00766	0.00728	0.00238	0.00875	0.00677	0.00430	0.00931
18	0.01295	0.00973	0.01080	0.01054	0.01272	0.03755	0.00803	0.06879	0.01836	0.05565	0.16969	0.19024	0.21526	0.05374	0.01008	0.00281	0.00515	0.09390	0.00689	0.00712
19	0.01489	0.01204	0.01767	0.04602	0.06987	0.04596	0.11318	0.01758	0.01580	0.08815	0.03276	0.13081	0.14752	0.07790	0.05886	0.02986	0.00810	0.05987	0.00545	0.00773
20	0.00971	0.00753	0.00904	0.00963	0.01125	0.00707	0.00711	0.01264	0.04978	0.02093	0.12372	0.29953	0.27680	0.02091	0.04136	0.00311	0.00493	0.07168	0.00679	0.00647
21	0.01044	0.00797	0.00922	0.00902	0.01071	0.00761	0.00643	0.01412	0.07602	0.02288	0.28133	0.11665	0.22536	0.15374	0.01390	0.00331	0.00446	0.01350	0.00682	0.00653
22	0.13853	0.00991	0.01097	0.01046	0.01315	0.01001	0.00798	0.04241	0.07639	0.09062	0.15338	0.21678	0.14098	0.01506	0.00788	0.00252	0.00476	0.03352	0.00690	0.00780
23	0.04504	0.00852	0.01080	0.01053	0.01188	0.00909	0.00764	0.04389	0.01323	0.05293	0.02317	0.08987	0.02382	0.28768	0.28947	0.00766	0.01152	0.04203	0.00487	0.00634
24	0.01174	0.00690	0.01035	0.01035	0.01086	0.00741	0.00741	0.01086	0.01035	0.01431	0.01535	0.02466	0.01483	0.03688	0.30150	0.47985	0.01154	0.00690	0.00345	0.00448
25	0.01840	0.01005	0.01288	0.01173	0.01463	0.00961	0.00908	0.07306	0.04699	0.22756	0.15710	0.22709	0.03777	0.03889	0.00930	0.00271	0.00534	0.07140	0.00764	0.00878
26	0.03937	0.00910	0.01060	0.01016	0.01221	0.00901	0.00736	0.04388	0.08701	0.07754	0.16774	0.21289	0.13104	0.13353	0.01292	0.00325	0.00497	0.01329	0.00681	0.00732
27	0.01088	0.00668	0.00783	0.00866	0.00967	0.00643	0.00605	0.01295	0.01437	0.02161	0.03390	0.35580	0.06460	0.07703	0.00998	0.00281	0.00420	0.03769	0.30272	0.00615
28	0.01263	0.00914	0.01100	0.01092	0.01263	0.00924	0.00791	0.11031	0.05219	0.02563	0.17640	0.39993	0.04411	0.04096	0.00946	0.00275	0.00474	0.01548	0.03726	0.00733
29	0.11170	0.00950	0.02902	0.00968	0.01214	0.00865	0.00747	0.03902	0.01653	0.05476	0.14193	0.23875	0.23624	0.04078	0.00905	0.00267	0.00463	0.01388	0.00659	0.00700
30	0.01218	0.00766	0.00995	0.01062	0.01210	0.00716	0.00771	0.01464	0.03838	0.09747	0.08399	0.48116	0.09318	0.01969	0.00896	0.00281	0.00462	0.07365	0.00710	0.00697
31	0.15126	0.01400	0.01605	0.01312	0.01817	0.01431	0.01064	0.07252	0.20101	0.37338	0.02526	0.02287	0.01717	0.00885	0.00688	0.00230	0.00609	0.00697	0.00773	0.01141
32	0.01520	0.00949	0.01126	0.01003	0.01292	0.00897	0.00788	0.08793	0.02040	0.12234	0.27774	0.04918	0.21280	0.01399	0.00803	0.00231	0.00453	0.04171	0.07528	0.00802
33	0.06115	0.00922	0.01084	0.01010	0.01253	0.00909	0.00762	0.06823	0.01729	0.11762	0.11419	0.17664	0.11822	0.06170	0.07139	0.00346	0.00610	0.01163	0.10535	0.00763
34	0.02030	0.01069	0.01322	0.01142	0.01478	0.01029	0.00872	0.02576	0.13760	0.29100	0.12420	0.08750	0.07010	0.12624	0.01235	0.00310	0.00557	0.01025	0.00756	0.00936
35	0.03367	0.00749	0.00917	0.00895	0.01073	0.00690	0.00664	0.01293	0.01881	0.02627	0.48381	0.13803	0.17752	0.01620	0.00854	0.00240	0.00364	0.01416	0.00752	0.00664
36	0.01767	0.01306	0.01398	0.01266	0.01573	0.06447	0.00999	0.12977	0.10108	0.08937	0.10272	0.07227	0.09854	0.01613	0.04518	0.05933	0.00696	0.09335	0.02919	0.00854
37	0.01143	0.00796	0.01017	0.01032	0.01120	0.03118	0.00742	0.01196	0.01305	0.01747	0.10865	0.12765	0.05629	0.08349	0.18727	0.24857	0.00903	0.03673	0.00483	0.00533
38	0.01661	0.01855	0.03955	0.14087	0.03990	0.01803	0.56950	0.02254	0.01674	0.02254	0.01442	0.01957	0.01082	0.00631	0.00837	0.00245	0.01185	0.00824	0.00361	0.00953
39	0.01090	0.00877	0.00952	0.00924	0.01157	0.00837	0.00685	0.04535	0.09309	0.02280	0.13302	0.14507	0.39641	0.05389	0.00992	0.00272	0.00433	0.01430	0.00688	0.00701
40	0.10759	0.01583	0.01974	0.11883	0.13942	0.10328	0.06596	0.05221	0.01671	0.02337	0.06084	0.17441	0.02189	0.01110	0.00809	0.00241	0.03547	0.00958	0.00480	0.00849
41	0.04405	0.01607	0.01983	0.09922	0.17728	0.07661	0.01472	0.13442	0.07213	0.02548	0.01871	0.10826	0.01702	0.01424	0.06869	0.02527	0.04546	0.00824	0.00493	0.00936

[dist]
# distance from previous block
# <min> <max>
0	1

[block]
# block no. 9 follows, 28 sequences, length 72
# corresponding to MSA columns:
# 412-454,526-554
name=unknown_J
#
# <colnr> <probs for GDERKNQSTAVLIFYWHMCP>
#	G	D	E	R	K	N	Q	S	T	A	V	L	I	F	Y	W	H	M	C	P
0	0.01865	0.01727	0.07518	0.04660	0.07274	0.01585	0.18354	0.15860	0.06383	0.07926	0.05508	0.04729	0.09099	0.03107	0.00872	0.00249	0.00832	0.00890	0.00564	0.00997
1	0.01810	0.01782	0.02917	0.08539	0.30434	0.04466	0.16157	0.07547	0.01741	0.02392	0.01448	0.02047	0.01219	0.00808	0.00987	0.00242	0.10813	0.03239	0.00396	0.01016
2	0.09380	0.01276	0.01633	0.01280	0.01822	0.01172	0.01052	0.03453	0.07165	0.59720	0.02723	0.02387	0.01749	0.00888	0.00709	0.00227	0.00611	0.00710	0.00851	0.01194
3	0.02443	0.08319	0.02127	0.01606	0.02103	0.15725	0.01298	0.29110	0.20830	0.06158	0.01942	0.01907	0.01445	0.00859	0.00695	0.00215	0.00829	0.00645	0.00634	0.01110
4	0.01911	0.01613	0.01702	0.01500	0.01929	0.01856	0.01175	0.10718	0.61583	0.03207	0.02828	0.02608	0.02113	0.00974	0.00738	0.00243	0.00599	0.00804	0.00738	0.01160
5	0.04495	0.01410	0.01717	0.10296	0.02210	0.01476	0.01209	0.21007	0.07793	0.19265	0.09998	0.02940	0.04884	0.01015	0.00747	0.00229	0.00667	0.03958	0.00703	0.03980
6	0.01469	0.01208	0.01456	0.01305	0.01618	0.01302	0.03686	0.02554	0.31517	0.04457	0.20827	0.04217	0.12143	0.01281	0.00871	0.00249	0.03391	0.04820	0.00715	0.00913
7	0.01373	0.01292	0.02180	0.72707	0.05006	0.01615	0.02019	0.01857	0.01453	0.01857	0.01292	0.01938	0.00969	0.00727	0.00727	0.00242	0.00969	0.00646	0.00323	0.00807
8	0.01799	0.01727	0.02950	0.04462	0.69919	0.01727	0.02231	0.02231	0.01655	0.02375	0.01367	0.01799	0.01151	0.00648	0.00720	0.00216	0.00864	0.00648	0.00360	0.01151
9	0.04359	0.01068	0.01098	0.01046	0.01325	0.03626	0.00820	0.07773	0.07440	0.02434	0.10142	0.08025	0.35350	0.01695	0.02718	0.00276	0.00548	0.08845	0.00667	0.00745
10	0.01057	0.00705	0.00793	0.00793	0.00793	0.00705	0.00440	0.01057	0.01057	0.01409	0.02290	0.04757	0.02643	0.74454	0.03700	0.00705	0.00705	0.01057	0.00440	0.00440
11	0.01590	0.01590	0.02226	0.01908	0.01908	0.02226	0.01590	0.01749	0.01113	0.01749	0.00954	0.01590	0.00954	0.01272	0.02385	0.00318	0.73123	0.00636	0.00318	0.00795
12	0.04869	0.00765	0.00862	0.00899	0.01070	0.00716	0.00644	0.01244	0.04111	0.02156	0.15030	0.29100	0.29261	0.04717	0.00970	0.00277	0.00413	0.01580	0.00676	0.00639
13	0.00891	0.00640	0.00837	0.00993	0.01042	0.00596	0.00661	0.01015	0.01391	0.01844	0.04086	0.68660	0.07457	0.04866	0.01025	0.00308	0.00430	0.02008	0.00666	0.00586
14	0.02137	0.01073	0.01331	0.01144	0.01545	0.00983	0.00920	0.02590	0.09461	0.34723	0.04312	0.07105	0.21950	0.01326	0.00799	0.00245	0.00537	0.06057	0.00789	0.00975
15	0.01278	0.00949	0.01139	0.01022	0.01265	0.00934	0.00785	0.10404	0.04718	0.03058	0.52086	0.04972	0.11717	0.01417	0.00835	0.00229	0.00416	0.01227	0.00776	0.00771
16	0.01182	0.00722	0.00964	0.01054	0.01167	0.00670	0.00746	0.01345	0.01502	0.09468	0.06489	0.55404	0.04421	0.05134	0.01026	0.00305	0.00471	0.06568	0.00694	0.00665
17	0.01022	0.00743	0.00962	0.00907	0.01082	0.00683	0.00680	0.01358	0.02041	0.02875	0.66899	0.05496	0.09521	0.01501	0.00857	0.00229	0.00344	0.01324	0.00795	0.00683
18	0.01047	0.00744	0.00993	0.00993	0.01062	0.00814	0.00690	0.01186	0.01116	0.01558	0.02107	0.03742	0.02202	0.37624	0.39928	0.00952	0.01368	0.00909	0.00413	0.00552
19	0.07089	0.00800	0.00886	0.00911	0.01110	0.00756	0.00675	0.01310	0.04283	0.02258	0.16775	0.23474	0.30915	0.01773	0.00846	0.00257	0.00413	0.04128	0.00682	0.00658
20	0.01729	0.01423	0.01626	0.01182	0.01817	0.01196	0.00953	0.13435	0.01845	0.02760	0.01372	0.01549	0.01105	0.00597	0.00572	0.00127	0.00585	0.00470	0.00483	0.65173
21	0.75778	0.01397	0.01099	0.00973	0.01428	0.01603	0.00801	0.02207	0.01279	0.06615	0.01105	0.01245	0.00838	0.00686	0.00464	0.00225	0.00565	0.00410	0.00472	0.00810
22	0.00919	0.00679	0.00852	0.00968	0.01065	0.00625	0.00679	0.01078	0.01484	0.01934	0.07848	0.48546	0.17640	0.05694	0.01054	0.00305	0.00441	0.06921	0.00669	0.00599
23	0.00929	0.00692	0.00815	0.00880	0.01023	0.00616	0.00628	0.01039	0.01482	0.01851	0.05346	0.29445	0.36666	0.02079	0.01125	0.09664	0.00430	0.04086	0.00632	0.00572
24	0.01250	0.00892	0.01222	0.05831	0.01516	0.00996	0.00925	0.05767	0.04669	0.01936	0.02092	0.08825	0.02022	0.08074	0.33485	0.12901	0.01238	0.02503	0.03200	0.00655
25	0.01756	0.14960	0.21751	0.04454	0.06436	0.07102	0.25802	0.02382	0.04389	0.02193	0.01372	0.01684	0.01057	0.00666	0.00715	0.00220	0.01062	0.00644	0.00356	0.00998
26	0.01376	0.00949	0.01126	0.02902	0.01364	0.00864	0.02650	0.01790	0.04425	0.02583	0.08592	0.02766	0.04873	0.00858	0.00590	0.00168	0.00449	0.00715	0.38516	0.22443
27	0.01956	0.04438	0.01723	0.03989	0.01895	0.01586	0.01126	0.16450	0.20498	0.09169	0.02408	0.05179	0.03672	0.01159	0.03536	0.00258	0.03657	0.02309	0.06608	0.08384
28	0.00954	0.00679	0.00852	0.00963	0.01022	0.00645	0.00650	0.01072	0.01353	0.01778	0.03821	0.44504	0.09480	0.20915	0.01647	0.00401	0.00514	0.07576	0.00614	0.00561
29	0.00909	0.00661	0.00863	0.01016	0.01088	0.00615	0.00708	0.01060	0.01442	0.01895	0.04311	0.61659	0.10911	0.02211	0.00928	0.00294	0.00439	0.07716	0.00674	0.00600
30	0.01112	0.00850	0.01197	0.01182	0.01333	0.00985	0.00912	0.01530	0.07536	0.01804	0.02057	0.02922	0.01890	0.07934	0.62024	0.01062	0.01765	0.00795	0.00425	0.00688
31	0.00922	0.00670	0.00865	0.00975	0.01062	0.00621	0.00677	0.01093	0.01526	0.02037	0.14882	0.51837	0.11368	0.04211	0.00994	0.00293	0.00421	0.04250	0.00688	0.00607
32	0.12227	0.01257	0.01614	0.01254	0.01803	0.01134	0.01035	0.03377	0.01981	0.62533	0.02650	0.02322	0.01680	0.00873	0.00698	0.00225	0.00612	0.00691	0.00847	0.01184
