[name]
unknown

[dist]
# distance from previous block
# <min> <max>
0	47

[block]
# block no. 0 follows, 32 sequences, length 28
# corresponding to MSA columns:
# 47-74
name=unknown_A
#
# <colnr> <probs for GDERKNQSTAVLIFYWHMCP>
#	G	D	E	R	K	N	Q	S	T	A	V	L	I	F	Y	W	H	M	C	P
0	0.00998	0.00745	0.00888	0.00894	0.01069	0.00707	0.00665	0.01307	0.06108	0.04584	0.19199	0.23870	0.28660	0.01646	0.00837	0.00240	0.02187	0.04112	0.00651	0.00634
1	0.01091	0.00998	0.00952	0.00935	0.01129	0.09850	0.00704	0.01322	0.01697	0.02130	0.30371	0.11429	0.27474	0.01493	0.00783	0.00223	0.00464	0.05704	0.00632	0.00620
2	0.01462	0.22420	0.55007	0.01715	0.02599	0.01842	0.02135	0.02095	0.01403	0.01984	0.01134	0.01329	0.00853	0.00621	0.00584	0.00195	0.00921	0.00460	0.00284	0.00958
3	0.00831	0.00591	0.00779	0.00919	0.00959	0.00554	0.00609	0.00946	0.01282	0.01714	0.05497	0.69436	0.04363	0.06823	0.01018	0.00295	0.00404	0.01829	0.00612	0.00539
4	0.01341	0.01228	0.02003	0.59358	0.11432	0.01472	0.01773	0.03403	0.03334	0.01904	0.03161	0.01898	0.01119	0.00695	0.00668	0.00218	0.00838	0.00618	0.02746	0.00790
5	0.01314	0.01125	0.01420	0.01058	0.01573	0.00882	0.04119	0.01621	0.01473	0.02243	0.11865	0.04628	0.01917	0.00689	0.00568	0.00128	0.00497	0.00593	0.00454	0.61833
6	0.02035	0.41509	0.06194	0.04114	0.02025	0.27564	0.01296	0.05009	0.01628	0.01740	0.01020	0.01188	0.00874	0.00631	0.00521	0.00162	0.00912	0.00410	0.00324	0.00845
7	0.03334	0.01368	0.02219	0.44973	0.23376	0.01562	0.03473	0.05449	0.03949	0.02060	0.01286	0.01753	0.00995	0.00662	0.00666	0.00215	0.00843	0.00602	0.00344	0.00870
8	0.04952	0.08406	0.04872	0.06192	0.14990	0.18478	0.05802	0.15918	0.01930	0.08246	0.01413	0.03296	0.01113	0.00719	0.00636	0.00195	0.00870	0.00578	0.00448	0.00947
9	0.00828	0.00588	0.00776	0.00921	0.00958	0.00552	0.00609	0.00937	0.01265	0.01687	0.03597	0.71414	0.04310	0.06843	0.01020	0.00297	0.00406	0.01848	0.00609	0.00536
10	0.00865	0.00662	0.00799	0.00888	0.01001	0.00618	0.00619	0.01105	0.05329	0.01842	0.07329	0.50576	0.22105	0.01898	0.00827	0.00255	0.00381	0.01684	0.00631	0.00584
11	0.01894	0.24567	0.04316	0.05430	0.10089	0.27773	0.01286	0.02150	0.01589	0.01794	0.01441	0.01642	0.04510	0.00702	0.00560	0.00172	0.00864	0.00507	0.07898	0.00815
12	0.05363	0.05337	0.01831	0.01444	0.04324	0.07992	0.03505	0.19656	0.03991	0.04110	0.03177	0.05939	0.01374	0.00791	0.00716	0.00180	0.05794	0.00610	0.00487	0.23380
13	0.02020	0.18243	0.11755	0.03766	0.10053	0.28906	0.01521	0.07859	0.03517	0.01997	0.01152	0.01351	0.00939	0.00681	0.00647	0.00184	0.03687	0.00476	0.00356	0.00890
14	0.00976	0.00651	0.00732	0.00732	0.00732	0.00651	0.00407	0.00976	0.00976	0.01301	0.02114	0.04391	0.02439	0.76419	0.03415	0.00651	0.00651	0.00976	0.00407	0.00407
15	0.04863	0.27985	0.34797	0.01500	0.02224	0.01891	0.01716	0.04933	0.01481	0.05613	0.01430	0.01564	0.04050	0.00693	0.00608	0.00191	0.02687	0.00500	0.00349	0.00925
16	0.52565	0.01397	0.01551	0.01909	0.23301	0.01541	0.01156	0.02079	0.04742	0.02747	0.01125	0.01337	0.00897	0.00629	0.00506	0.00206	0.00606	0.00456	0.00403	0.00848
17	0.00959	0.00716	0.01063	0.01063	0.01178	0.00830	0.00820	0.01188	0.01074	0.01546	0.01811	0.02714	0.01711	0.08191	0.70647	0.01059	0.01747	0.00730	0.00362	0.00591
18	0.01637	0.01661	0.03106	0.03719	0.50937	0.01626	0.23049	0.02087	0.01545	0.02179	0.01292	0.01707	0.01049	0.00588	0.00704	0.00208	0.00901	0.00658	0.00334	0.01014
19	0.00866	0.00608	0.00760	0.00861	0.00896	0.00579	0.00551	0.00948	0.01199	0.01589	0.03333	0.50981	0.06554	0.25114	0.01647	0.00388	0.00468	0.01599	0.00556	0.00503
20	0.02313	0.01745	0.01735	0.01384	0.01831	0.08717	0.01121	0.47898	0.02673	0.06548	0.04206	0.01856	0.01409	0.00812	0.00639	0.00192	0.00698	0.00615	0.12597	0.01010
21	0.01295	0.03689	0.01158	0.01072	0.01250	0.04708	0.00777	0.10206	0.03725	0.04554	0.02947	0.47960	0.03295	0.06853	0.00961	0.00272	0.00521	0.01423	0.00591	0.02741
22	0.01677	0.32615	0.21295	0.01776	0.04490	0.02053	0.13758	0.04584	0.04326	0.03608	0.01224	0.01429	0.00969	0.00634	0.00630	0.00189	0.02955	0.00517	0.00339	0.00930
23	0.01690	0.01684	0.14941	0.01413	0.05368	0.01238	0.01250	0.12318	0.04681	0.10045	0.06611	0.02140	0.05809	0.00761	0.00623	0.00173	0.00629	0.00620	0.00509	0.27497
24	0.00965	0.00691	0.00822	0.00799	0.00979	0.00615	0.00589	0.01188	0.01654	0.05119	0.34104	0.12305	0.30755	0.05283	0.00924	0.00245	0.00360	0.01324	0.00671	0.00609
25	0.01495	0.01166	0.01360	0.01018	0.01555	0.00937	0.00810	0.03921	0.04400	0.07222	0.01820	0.04506	0.05741	0.00682	0.00554	0.00130	0.00497	0.00558	0.00471	0.61158
26	0.01040	0.00873	0.01092	0.00986	0.01217	0.00853	0.03492	0.01467	0.09255	0.02237	0.27792	0.08320	0.28460	0.01394	0.00851	0.00222	0.04626	0.01184	0.00630	0.04009
27	0.01287	0.05398	0.04015	0.01535	0.10973	0.01182	0.01070	0.09216	0.04076	0.02085	0.02667	0.22739	0.09432	0.02086	0.15672	0.00404	0.03858	0.01055	0.00493	0.00757

[dist]
# distance from previous block
# <min> <max>
6	9

[block]
# block no. 1 follows, 32 sequences, length 33
# corresponding to MSA columns:
# 85-117
name=unknown_B
#
# <colnr> <probs for GDERKNQSTAVLIFYWHMCP>
#	G	D	E	R	K	N	Q	S	T	A	V	L	I	F	Y	W	H	M	C	P
0	0.06049	0.10963	0.09617	0.04891	0.12582	0.01550	0.03884	0.04797	0.07104	0.04154	0.09449	0.03739	0.01745	0.00802	0.00749	0.00198	0.06686	0.00644	0.00438	0.09960
1	0.01314	0.00999	0.01325	0.01087	0.01404	0.00935	0.04196	0.05394	0.01769	0.06515	0.37149	0.03530	0.06880	0.01075	0.00803	0.00192	0.05281	0.00913	0.00610	0.18629
2	0.01393	0.26056	0.02132	0.10612	0.05333	0.04318	0.01140	0.01609	0.01293	0.01639	0.01769	0.13004	0.04136	0.06733	0.07970	0.00321	0.08673	0.00775	0.00371	0.00725
3	0.01356	0.01283	0.01898	0.36033	0.13888	0.03745	0.01559	0.01767	0.03733	0.01938	0.08363	0.02261	0.05006	0.00833	0.00844	0.00218	0.08934	0.00685	0.00382	0.05273
4	0.01241	0.00861	0.01232	0.03785	0.03728	0.00838	0.04216	0.01484	0.01580	0.10809	0.22641	0.24254	0.13516	0.01455	0.00866	0.00236	0.04661	0.01272	0.00627	0.00699
5	0.01436	0.04315	0.25091	0.13116	0.02439	0.01276	0.03820	0.01981	0.05347	0.10086	0.06815	0.09039	0.05299	0.01204	0.05540	0.00276	0.00818	0.00791	0.00456	0.00854
6	0.01396	0.01292	0.01342	0.03552	0.01611	0.09158	0.00850	0.01659	0.01471	0.02077	0.06952	0.12734	0.01895	0.00830	0.00591	0.00146	0.00562	0.00695	0.00448	0.50739
7	0.05697	0.09574	0.02079	0.01658	0.05909	0.23347	0.01272	0.27166	0.05775	0.06244	0.01405	0.01493	0.01071	0.00750	0.00676	0.00192	0.03699	0.00529	0.00500	0.00964
8	0.01928	0.09296	0.18387	0.01532	0.02126	0.01698	0.04346	0.22164	0.07483	0.09927	0.03933	0.03880	0.01411	0.00797	0.00704	0.00202	0.03588	0.00628	0.00519	0.05451
9	0.04860	0.19154	0.09073	0.01443	0.01924	0.22538	0.01276	0.18301	0.01974	0.02413	0.05997	0.05244	0.01463	0.00799	0.00603	0.00186	0.00841	0.00585	0.00446	0.00881
10	0.01567	0.09803	0.08234	0.07850	0.03361	0.01774	0.53220	0.02101	0.01532	0.02056	0.01291	0.01705	0.00982	0.00579	0.00735	0.00216	0.01061	0.00713	0.00327	0.00894
11	0.01135	0.12500	0.07373	0.01121	0.01380	0.01156	0.00987	0.01411	0.01165	0.01653	0.01649	0.02348	0.01512	0.06102	0.50116	0.00799	0.01445	0.00649	0.04832	0.00667
12	0.11527	0.01813	0.01896	0.01468	0.01991	0.02015	0.01213	0.62228	0.02925	0.04090	0.01534	0.01551	0.01094	0.00785	0.00642	0.00202	0.00713	0.00577	0.00642	0.01094
13	0.00983	0.00656	0.00848	0.00886	0.00917	0.00679	0.00588	0.01020	0.01088	0.01499	0.02391	0.25930	0.02704	0.28806	0.09770	0.12340	0.03426	0.01151	0.03844	0.00474
14	0.00860	0.00640	0.00911	0.01000	0.01073	0.00606	0.02973	0.01012	0.01324	0.01784	0.08038	0.64637	0.04293	0.02167	0.04951	0.00312	0.00489	0.01757	0.00606	0.00566
15	0.01453	0.05148	0.18766	0.01771	0.02028	0.01964	0.01692	0.01751	0.01133	0.01733	0.00959	0.01439	0.00873	0.01023	0.01759	0.00268	0.54592	0.00556	0.00291	0.00800
16	0.02249	0.01292	0.01651	0.01330	0.01752	0.01322	0.03853	0.12328	0.16148	0.32442	0.11677	0.02535	0.02225	0.00925	0.00782	0.00217	0.04777	0.00754	0.00715	0.01024
17	0.01409	0.01661	0.12603	0.24860	0.25937	0.01489	0.07310	0.01869	0.01417	0.01966	0.01377	0.02026	0.01150	0.00989	0.05459	0.00276	0.03063	0.03926	0.00330	0.00882
18	0.00933	0.00913	0.07862	0.01052	0.01208	0.00699	0.00839	0.02951	0.01393	0.01888	0.07283	0.60125	0.04086	0.01874	0.00829	0.00263	0.00462	0.04132	0.00597	0.00612
19	0.00975	0.00653	0.00745	0.00745	0.00750	0.00658	0.00423	0.00984	0.00980	0.01311	0.02102	0.04323	0.02410	0.73639	0.06155	0.00667	0.00695	0.00966	0.00405	0.00414
20	0.23043	0.01422	0.01784	0.01377	0.01891	0.01444	0.08839	0.17558	0.01953	0.31405	0.01826	0.01771	0.01230	0.00741	0.00620	0.00208	0.00658	0.00592	0.00631	0.01007
21	0.00988	0.00735	0.00984	0.03530	0.03893	0.00741	0.00788	0.01230	0.04730	0.01757	0.03100	0.39342	0.03521	0.15914	0.03296	0.00365	0.00557	0.13389	0.00555	0.00586
22	0.01471	0.01509	0.02415	0.01957	0.02105	0.01930	0.15794	0.01710	0.01146	0.01725	0.01019	0.01588	0.00942	0.01205	0.04850	0.00312	0.56616	0.00636	0.00306	0.00764
23	0.02506	0.03198	0.01901	0.01729	0.02074	0.73725	0.01296	0.02679	0.01901	0.01642	0.01037	0.01210	0.00864	0.00691	0.00605	0.00173	0.01210	0.00432	0.00346	0.00778
24	0.04450	0.01367	0.01894	0.01712	0.03933	0.01851	0.01365	0.01567	0.01077	0.01698	0.01208	0.09744	0.01276	0.01238	0.01934	0.00285	0.61615	0.00726	0.00336	0.00723
25	0.00828	0.00588	0.00776	0.00921	0.00958	0.00552	0.00609	0.00937	0.01265	0.01686	0.03596	0.71349	0.04309	0.06911	0.01022	0.00297	0.00406	0.01847	0.00609	0.00536
26	0.01001	0.00800	0.01090	0.00997	0.01133	0.00828	0.04162	0.01191	0.01353	0.01839	0.19200	0.04268	0.16545	0.21962	0.14373	0.00490	0.06654	0.01032	0.00506	0.00576
27	0.19881	0.01330	0.01689	0.11642	0.13149	0.02892	0.03644	0.10366	0.03045	0.09244	0.05098	0.05058	0.01527	0.02747	0.03158	0.00249	0.00706	0.00659	0.03057	0.00859
28	0.01922	0.53352	0.05329	0.04948	0.01987	0.16699	0.01261	0.04556	0.01535	0.01710	0.00999	0.01168	0.00873	0.00613	0.00493	0.00158	0.00834	0.00398	0.00313	0.00853
29	0.01485	0.01265	0.01464	0.01192	0.03931	0.03403	0.00907	0.04611	0.04935	0.03778	0.04550	0.03420	0.01408	0.00842	0.03719	0.00176	0.03497	0.00530	0.00443	0.54443
30	0.01094	0.03104	0.00962	0.00891	0.00942	0.00700	0.00618	0.00985	0.00986	0.01316	0.01767	0.05520	0.05041	0.12576	0.14307	0.46923	0.00778	0.00743	0.00347	0.00400
31	0.01901	0.27154	0.02245	0.01301	0.01718	0.11673	0.03875	0.07824	0.03940	0.11630	0.04843	0.13179	0.01916	0.00964	0.00628	0.00195	0.00708	0.02954	0.00498	0.00854
32	0.01554	0.13179	0.06589	0.13456	0.05690	0.01536	0.01283	0.07909	0.08584	0.04245	0.04648	0.04616	0.01610	0.00926	0.02294	0.00217	0.04003	0.03442	0.05604	0.08615

[dist]
# distance from previous block
# <min> <max>
0	2

[block]
# block no. 2 follows, 32 sequences, length 17
# corresponding to MSA columns:
# 120-136
name=unknown_C
#
# <colnr> <probs for GDERKNQSTAVLIFYWHMCP>
#	G	D	E	R	K	N	Q	S	T	A	V	L	I	F	Y	W	H	M	C	P
0	0.06785	0.07809	0.01957	0.01552	0.04954	0.14451	0.05605	0.24179	0.08843	0.02776	0.01907	0.02040	0.06241	0.02963	0.00710	0.00208	0.00762	0.00636	0.04709	0.00914
1	0.01391	0.00876	0.00973	0.00873	0.01106	0.00889	0.00674	0.12939	0.01786	0.04888	0.15283	0.03337	0.10652	0.03956	0.04851	0.00253	0.00492	0.00840	0.33227	0.00714
2	0.01015	0.00686	0.01016	0.01016	0.01111	0.00775	0.00769	0.01143	0.01048	0.01512	0.01677	0.02502	0.01569	0.04277	0.55459	0.18121	0.01475	0.00686	0.03609	0.00534
3	0.00962	0.00664	0.00823	0.00833	0.00865	0.00692	0.00530	0.01030	0.01021	0.01391	0.02129	0.08250	0.02365	0.53712	0.21230	0.00737	0.00928	0.00966	0.00408	0.00464
4	0.00847	0.00674	0.00748	0.00743	0.00928	0.00588	0.00545	0.01044	0.01585	0.02018	0.24047	0.10379	0.46159	0.05574	0.00935	0.00248	0.00353	0.01369	0.00643	0.00575
5	0.01958	0.51093	0.02918	0.01314	0.01812	0.20196	0.01176	0.02329	0.08388	0.01716	0.01137	0.01251	0.00979	0.00636	0.00499	0.00159	0.00821	0.00417	0.00341	0.00860
6	0.04033	0.05999	0.11347	0.07394	0.19138	0.15176	0.01596	0.15066	0.04471	0.02478	0.05838	0.01745	0.01356	0.00726	0.00641	0.00197	0.00843	0.00581	0.00429	0.00945
7	0.06839	0.15352	0.14162	0.05686	0.10540	0.10961	0.05846	0.02105	0.06904	0.02005	0.01619	0.06874	0.03830	0.00808	0.00682	0.00204	0.03695	0.00648	0.00379	0.00862
8	0.22231	0.03450	0.01476	0.04044	0.01553	0.01253	0.07210	0.03471	0.01182	0.02015	0.01336	0.05699	0.01248	0.03667	0.06369	0.20601	0.08979	0.00631	0.02966	0.00620
9	0.07810	0.01881	0.14261	0.05776	0.08493	0.08078	0.11347	0.06228	0.09516	0.03842	0.03746	0.06736	0.05701	0.00880	0.00686	0.00218	0.00793	0.02673	0.00455	0.00880
10	0.00885	0.00667	0.00817	0.00814	0.00971	0.00600	0.00597	0.01128	0.01696	0.02287	0.42659	0.17092	0.24171	0.01583	0.00803	0.00225	0.00335	0.01384	0.00688	0.00600
11	0.01309	0.01060	0.01615	0.10015	0.07369	0.02848	0.08848	0.03726	0.04073	0.01895	0.10135	0.06195	0.04486	0.01515	0.03665	0.24320	0.02791	0.00791	0.02700	0.00640
12	0.01402	0.01306	0.02064	0.31254	0.21077	0.03984	0.05216	0.01761	0.01390	0.01886	0.01449	0.04287	0.01257	0.01015	0.04029	0.02884	0.04662	0.03240	0.05041	0.00797
13	0.04385	0.00891	0.00983	0.00918	0.01115	0.02906	0.00670	0.05636	0.03596	0.08500	0.20220	0.14071	0.10854	0.14884	0.01210	0.00295	0.00477	0.01092	0.06629	0.00668
14	0.03742	0.06522	0.03599	0.01452	0.03513	0.12106	0.05483	0.11304	0.08208	0.07997	0.09708	0.06799	0.02092	0.01118	0.02878	0.02848	0.03114	0.03234	0.03440	0.00843
15	0.04695	0.01132	0.04618	0.03424	0.06747	0.03988	0.02757	0.03305	0.01305	0.01828	0.02243	0.05716	0.08632	0.11616	0.27607	0.00583	0.03235	0.02980	0.00411	0.03178
16	0.01943	0.41853	0.08171	0.01388	0.01902	0.21241	0.01283	0.05202	0.04178	0.01806	0.01231	0.01365	0.02789	0.00676	0.00563	0.00168	0.02592	0.00448	0.00343	0.00858

[dist]
# distance from previous block
# <min> <max>
3	9

[block]
# block no. 3 follows, 32 sequences, length 9
# corresponding to MSA columns:
# 147-155
name=unknown_D
#
# <colnr> <probs for GDERKNQSTAVLIFYWHMCP>
#	G	D	E	R	K	N	Q	S	T	A	V	L	I	F	Y	W	H	M	C	P
0	0.03802	0.11746	0.11458	0.06455	0.09182	0.05698	0.12067	0.05992	0.06371	0.05291	0.05205	0.02054	0.03760	0.03674	0.00830	0.00224	0.04229	0.00655	0.00419	0.00886
1	0.01511	0.05293	0.05803	0.01626	0.07356	0.03703	0.11174	0.07176	0.03668	0.06396	0.15435	0.07300	0.07427	0.04807	0.00916	0.00233	0.04091	0.00877	0.00516	0.04693
2	0.00928	0.00685	0.00870	0.00847	0.01009	0.00627	0.00640	0.01213	0.01795	0.02477	0.55234	0.08866	0.15571	0.01482	0.00803	0.00222	0.00341	0.05062	0.00709	0.00618
3	0.05063	0.00900	0.01195	0.01120	0.01210	0.01067	0.00848	0.04615	0.01131	0.01668	0.01592	0.05330	0.01597	0.14455	0.27243	0.14787	0.14505	0.00735	0.00371	0.00570
4	0.01648	0.06217	0.12554	0.07176	0.18211	0.01608	0.10291	0.05511	0.17010	0.05880	0.01969	0.02108	0.05290	0.00756	0.00676	0.00211	0.00771	0.00680	0.00456	0.00978
5	0.01062	0.00744	0.00882	0.00888	0.01054	0.00694	0.00644	0.05319	0.01561	0.05503	0.12477	0.29716	0.24854	0.07990	0.01026	0.00277	0.00425	0.03635	0.00632	0.00619
6	0.04362	0.11869	0.01962	0.04030	0.10300	0.03702	0.01165	0.01979	0.08279	0.02096	0.03912	0.01635	0.01255	0.00710	0.00794	0.00173	0.11579	0.00517	0.00396	0.29284
7	0.01754	0.01579	0.04356	0.07466	0.07889	0.10555	0.02885	0.10154	0.13528	0.08406	0.08864	0.04529	0.05333	0.01159	0.05263	0.00261	0.00772	0.00749	0.00537	0.03963
8	0.03460	0.04639	0.06291	0.07291	0.06619	0.05171	0.10220	0.05224	0.10577	0.05794	0.06882	0.03928	0.07450	0.00884	0.00800	0.00211	0.06737	0.00741	0.00475	0.06606

[dist]
# distance from previous block
# <min> <max>
0	15

[block]
# block no. 4 follows, 32 sequences, length 34
# corresponding to MSA columns:
# 171-204
name=unknown_E
#
# <colnr> <probs for GDERKNQSTAVLIFYWHMCP>
#	G	D	E	R	K	N	Q	S	T	A	V	L	I	F	Y	W	H	M	C	P
0	0.01748	0.01700	0.09345	0.10040	0.15768	0.04111	0.03661	0.19642	0.01968	0.05041	0.09578	0.02280	0.05671	0.00843	0.00742	0.00208	0.03550	0.00702	0.00492	0.02912
1	0.09766	0.03899	0.05979	0.04337	0.12223	0.09007	0.03545	0.08842	0.04055	0.06888	0.03665	0.01875	0.03022	0.02935	0.00684	0.00195	0.00710	0.00577	0.02850	0.14947
2	0.42648	0.01178	0.03030	0.04297	0.01430	0.01222	0.00802	0.04353	0.01373	0.05257	0.06116	0.04103	0.06230	0.03214	0.00618	0.00216	0.00514	0.00612	0.08408	0.04381
3	0.01477	0.19581	0.06280	0.04107	0.03843	0.04249	0.01214	0.06702	0.03203	0.01963	0.04986	0.16805	0.02026	0.01236	0.02924	0.00248	0.14587	0.03358	0.00433	0.00779
4	0.00962	0.00704	0.01002	0.01002	0.01096	0.00797	0.00744	0.01149	0.01056	0.01501	0.01867	0.03022	0.01845	0.20744	0.58278	0.00984	0.01545	0.00775	0.00370	0.00557
5	0.02506	0.03198	0.01901	0.01729	0.02074	0.73725	0.01296	0.02679	0.01901	0.01642	0.01037	0.01210	0.00864	0.00691	0.00605	0.00173	0.01210	0.00432	0.00346	0.00778
6	0.01360	0.01010	0.01206	0.01017	0.01375	0.00928	0.00798	0.06621	0.05510	0.04845	0.09446	0.08143	0.04255	0.01492	0.10626	0.00292	0.00652	0.02751	0.07958	0.29715
7	0.02282	0.01777	0.03800	0.01553	0.04076	0.01908	0.01254	0.51930	0.13671	0.03793	0.01798	0.01796	0.01305	0.00810	0.00661	0.00203	0.00691	0.00627	0.04972	0.01094
8	0.00908	0.00654	0.00787	0.00854	0.00983	0.00589	0.00608	0.01060	0.01410	0.04029	0.07109	0.37995	0.28295	0.06424	0.00986	0.00277	0.00404	0.05436	0.00620	0.00571
9	0.14152	0.01305	0.01679	0.09656	0.15618	0.01414	0.01239	0.11792	0.07732	0.08925	0.08274	0.07380	0.01888	0.00890	0.00696	0.00215	0.02859	0.00735	0.02657	0.00895
10	0.00976	0.00651	0.00732	0.00732	0.00732	0.00651	0.00407	0.00976	0.00976	0.01301	0.02114	0.04391	0.02439	0.76419	0.03415	0.00651	0.00651	0.00976	0.00407	0.00407
11	0.04738	0.01065	0.01260	0.01041	0.01443	0.00977	0.00823	0.04222	0.10331	0.21415	0.11774	0.07142	0.11823	0.01019	0.00669	0.00193	0.00479	0.00851	0.00646	0.18088
12	0.04951	0.01835	0.01858	0.01468	0.01960	0.06986	0.01197	0.52189	0.07687	0.07308	0.01704	0.01700	0.01223	0.00799	0.00651	0.00200	0.00724	0.00600	0.03884	0.01076
13	0.01729	0.05344	0.30591	0.04643	0.06978	0.15347	0.04914	0.09856	0.03212	0.02260	0.03221	0.03921	0.01200	0.00728	0.00645	0.00200	0.00923	0.00582	0.00381	0.03326
14	0.01853	0.12550	0.07792	0.06465	0.21198	0.21035	0.03618	0.04523	0.03386	0.01952	0.01188	0.01486	0.00987	0.00810	0.02819	0.00220	0.06352	0.00525	0.00343	0.00896
15	0.00873	0.00688	0.00839	0.00869	0.00996	0.00676	0.00630	0.01026	0.01307	0.01682	0.04354	0.23771	0.31366	0.09314	0.15304	0.00446	0.03419	0.01340	0.00540	0.00559
16	0.01858	0.00898	0.01106	0.00936	0.01255	0.00819	0.00737	0.04851	0.01771	0.29895	0.15446	0.03497	0.13282	0.03607	0.00764	0.00215	0.00447	0.00881	0.16899	0.00833
17	0.00934	0.00697	0.00871	0.00859	0.01014	0.00650	0.00632	0.01258	0.04551	0.02398	0.47825	0.18027	0.14713	0.01530	0.00799	0.00225	0.00342	0.01349	0.00700	0.00625
18	0.00940	0.00679	0.00798	0.00806	0.00984	0.00597	0.00590	0.01138	0.01580	0.05256	0.22125	0.22763	0.35960	0.01675	0.00803	0.00233	0.00357	0.01451	0.00661	0.00604
19	0.07417	0.01550	0.01665	0.01309	0.01773	0.01678	0.01073	0.46700	0.02595	0.11598	0.01781	0.01802	0.01270	0.00793	0.00622	0.00195	0.00634	0.00600	0.13917	0.01029
20	0.01953	0.60539	0.03165	0.01268	0.01800	0.15030	0.01180	0.05243	0.01539	0.01711	0.00982	0.01124	0.00874	0.00605	0.00472	0.00151	0.00804	0.00383	0.00315	0.00859
21	0.81159	0.01298	0.00986	0.00882	0.01298	0.01505	0.00727	0.01972	0.01142	0.03010	0.00934	0.01090	0.00727	0.00623	0.00415	0.00208	0.00519	0.00363	0.00415	0.00727
22	0.23092	0.01059	0.01183	0.03093	0.01440	0.01134	0.02815	0.01930	0.08596	0.10082	0.02757	0.07135	0.12511	0.03737	0.00811	0.00242	0.03940	0.07212	0.06481	0.00750
23	0.44463	0.08810	0.04560	0.01347	0.05872	0.03829	0.04719	0.09386	0.03430	0.02802	0.01172	0.01339	0.00912	0.00651	0.00504	0.00199	0.00642	0.00457	0.04075	0.00831
24	0.08767	0.01551	0.01577	0.01487	0.06626	0.09320	0.01090	0.21133	0.14080	0.05180	0.01887	0.04775	0.01552	0.03396	0.07384	0.00298	0.00782	0.02150	0.06059	0.00907
25	0.00838	0.00610	0.00790	0.00913	0.00981	0.00570	0.00627	0.00974	0.01326	0.01753	0.06420	0.59650	0.11310	0.04339	0.02967	0.00301	0.00437	0.04032	0.00613	0.00550
26	0.01405	0.05145	0.12740	0.06500	0.02206	0.04320	0.09813	0.01834	0.05183	0.01810	0.01331	0.01861	0.01155	0.03858	0.15106	0.00413	0.23569	0.00629	0.00337	0.00785
27	0.00840	0.00657	0.00747	0.00773	0.00929	0.00580	0.00553	0.01015	0.01508	0.01924	0.18171	0.22151	0.39402	0.06489	0.00974	0.00261	0.00367	0.01463	0.00631	0.00564
28	0.00873	0.00642	0.00806	0.00848	0.00961	0.00588	0.00597	0.01069	0.01544	0.02084	0.30428	0.33646	0.15817	0.05766	0.00959	0.00262	0.00367	0.01511	0.00656	0.00575
29	0.01461	0.26852	0.14932	0.01511	0.08370	0.04155	0.01321	0.04298	0.01501	0.01924	0.04524	0.09119	0.13267	0.00972	0.00669	0.00197	0.02928	0.00770	0.00408	0.00822
30	0.06855	0.01509	0.06228	0.03776	0.09539	0.01512	0.01221	0.04980	0.39355	0.05107	0.04939	0.02377	0.04353	0.00853	0.00659	0.00214	0.00591	0.00710	0.00581	0.04641
31	0.40067	0.09204	0.04424	0.01489	0.08242	0.10299	0.04231	0.06314	0.01455	0.02566	0.01079	0.01283	0.00865	0.00739	0.02335	0.00215	0.00738	0.00443	0.00392	0.03621
32	0.11385	0.34619	0.02321	0.01170	0.01633	0.07744	0.01033	0.03999	0.06292	0.08448	0.01497	0.01600	0.03211	0.00862	0.03301	0.00207	0.02744	0.00490	0.02769	0.04674
33	0.09403	0.04286	0.07419	0.46214	0.06273	0.04319	0.03869	0.06835	0.01497	0.02082	0.01191	0.01626	0.00900	0.00665	0.00635	0.00214	0.00862	0.00558	0.00340	0.00813

[dist]
# distance from previous block
# <min> <max>
10	26

[block]
# block no. 5 follows, 32 sequences, length 11
# corresponding to MSA columns:
# 238-248
name=unknown_F
#
# <colnr> <probs for GDERKNQSTAVLIFYWHMCP>
#	G	D	E	R	K	N	Q	S	T	A	V	L	I	F	Y	W	H	M	C	P
0	0.20056	0.01435	0.01504	0.01352	0.06407	0.05243	0.01003	0.13908	0.03791	0.02669	0.01320	0.01540	0.01062	0.00995	0.06244	0.00242	0.03466	0.00492	0.03160	0.24112
1	0.17982	0.00821	0.00869	0.00827	0.00965	0.00871	0.00563	0.01363	0.01094	0.05572	0.01857	0.03275	0.01908	0.43932	0.11415	0.00565	0.00749	0.00782	0.04042	0.00548
2	0.01194	0.00919	0.01105	0.01057	0.03273	0.00923	0.00790	0.06724	0.07529	0.04416	0.31442	0.04721	0.24439	0.01358	0.00841	0.00224	0.04080	0.03590	0.00659	0.00719
3	0.00852	0.00653	0.00784	0.00832	0.00975	0.00585	0.00605	0.01045	0.01533	0.01994	0.20831	0.30023	0.30144	0.01768	0.00821	0.00243	0.00365	0.04723	0.00650	0.00577
4	0.01089	0.00944	0.04410	0.01138	0.01341	0.00848	0.05094	0.04630	0.03909	0.02172	0.21780	0.24500	0.03957	0.08611	0.04714	0.00324	0.00585	0.08705	0.00592	0.00656
5	0.01817	0.59046	0.08571	0.01304	0.01853	0.10151	0.01284	0.02067	0.01406	0.01629	0.00962	0.01139	0.00862	0.00626	0.00566	0.00160	0.05020	0.00390	0.00293	0.00855
6	0.08744	0.07007	0.01594	0.01153	0.01592	0.01329	0.00953	0.16588	0.04186	0.30209	0.11464	0.02436	0.03735	0.00881	0.00641	0.00200	0.00558	0.00700	0.05055	0.00974
7	0.01439	0.01369	0.02365	0.37623	0.11221	0.01508	0.15693	0.05769	0.04985	0.02143	0.07838	0.02101	0.01509	0.00725	0.00707	0.00219	0.00853	0.00702	0.00391	0.00841
8	0.01110	0.00826	0.01093	0.01193	0.06495	0.00873	0.00799	0.03501	0.01340	0.01897	0.08500	0.13984	0.06289	0.18984	0.12737	0.00459	0.05526	0.05019	0.08759	0.00615
9	0.01555	0.12393	0.10679	0.01780	0.11857	0.06128	0.06589	0.10346	0.01775	0.02353	0.15792	0.04789	0.06666	0.01050	0.03164	0.00230	0.00751	0.00775	0.00473	0.00856
10	0.01508	0.13832	0.10098	0.01677	0.09997	0.05371	0.08667	0.05202	0.03914	0.04240	0.08744	0.02913	0.16531	0.00935	0.00667	0.00200	0.00691	0.00796	0.03180	0.00838

[dist]
# distance from previous block
# <min> <max>
0	12

[block]
# block no. 6 follows, 32 sequences, length 13
# corresponding to MSA columns:
# 262-274
name=unknown_G
#
# <colnr> <probs for GDERKNQSTAVLIFYWHMCP>
#	G	D	E	R	K	N	Q	S	T	A	V	L	I	F	Y	W	H	M	C	P
0	0.03788	0.04027	0.06502	0.19149	0.18457	0.07616	0.03701	0.21002	0.01945	0.02602	0.01304	0.01588	0.00998	0.00678	0.00646	0.00200	0.00838	0.00565	0.00421	0.03974
1	0.01497	0.01494	0.07550	0.08726	0.14974	0.01379	0.16971	0.04525	0.05923	0.05720	0.05743	0.08251	0.03861	0.06408	0.00980	0.00255	0.03600	0.00839	0.00446	0.00860
2	0.00870	0.00677	0.00794	0.00836	0.00986	0.00618	0.00599	0.01121	0.04463	0.01987	0.18024	0.32020	0.31064	0.01753	0.00812	0.00241	0.00362	0.01533	0.00648	0.00592
3	0.01470	0.01339	0.01630	0.01419	0.01577	0.04291	0.01162	0.11631	0.01535	0.02094	0.04493	0.02984	0.16069	0.01421	0.04660	0.00294	0.36546	0.04188	0.00453	0.00746
4	0.01172	0.00693	0.00826	0.00812	0.00980	0.00647	0.00603	0.01412	0.01543	0.07990	0.19898	0.14148	0.12914	0.06825	0.00899	0.00243	0.00389	0.04324	0.23049	0.00634
5	0.01425	0.00823	0.01043	0.01005	0.01221	0.00777	0.00744	0.01792	0.08759	0.18212	0.13653	0.35564	0.09171	0.01548	0.00782	0.00240	0.00431	0.01365	0.00694	0.00750
6	0.04704	0.00750	0.00930	0.01010	0.01152	0.00741	0.00754	0.01409	0.06483	0.05752	0.03513	0.44371	0.07002	0.01765	0.00810	0.00263	0.00453	0.13950	0.03545	0.00641
7	0.16112	0.00991	0.01216	0.01097	0.01347	0.01056	0.05538	0.05898	0.04064	0.05552	0.02215	0.21119	0.02132	0.01495	0.07471	0.00299	0.03106	0.00934	0.17645	0.00716
8	0.01771	0.05306	0.02037	0.05203	0.05432	0.04769	0.08080	0.19189	0.03817	0.04666	0.01544	0.04336	0.01313	0.04111	0.07260	0.02738	0.13424	0.00674	0.03477	0.00855
9	0.00865	0.00675	0.00785	0.00772	0.00954	0.00595	0.00574	0.01097	0.01678	0.02200	0.35854	0.10897	0.37487	0.01581	0.00797	0.00223	0.00333	0.01361	0.00675	0.00595
10	0.01576	0.15825	0.11897	0.10724	0.06498	0.01485	0.05935	0.04908	0.01630	0.09686	0.12046	0.02738	0.07295	0.00895	0.00668	0.00205	0.00704	0.03955	0.00476	0.00855
11	0.07516	0.07028	0.16588	0.13474	0.04603	0.06551	0.14595	0.05684	0.06940	0.05989	0.01399	0.01636	0.01043	0.00662	0.00643	0.00205	0.00872	0.00580	0.00395	0.03597
12	0.04983	0.08792	0.11218	0.08270	0.04564	0.08582	0.09433	0.03523	0.09962	0.02151	0.07731	0.02705	0.13512	0.00902	0.00672	0.00208	0.00744	0.00764	0.00455	0.00828

[dist]
# distance from previous block
# <min> <max>
2	23

[block]
# block no. 7 follows, 32 sequences, length 13
# corresponding to MSA columns:
# 298-310
name=unknown_H
#
# <colnr> <probs for GDERKNQSTAVLIFYWHMCP>
#	G	D	E	R	K	N	Q	S	T	A	V	L	I	F	Y	W	H	M	C	P
0	0.06184	0.01486	0.01947	0.09673	0.15967	0.01638	0.03236	0.17955	0.17539	0.06760	0.05999	0.02056	0.01611	0.00810	0.00737	0.00215	0.03989	0.00669	0.00541	0.00988
1	0.01304	0.01285	0.05600	0.11089	0.07433	0.05379	0.05067	0.04098	0.01283	0.01713	0.01616	0.02757	0.01592	0.28492	0.12887	0.00505	0.06118	0.00747	0.00367	0.00666
2	0.01213	0.04953	0.07761	0.01304	0.06062	0.01010	0.02766	0.05897	0.01481	0.04267	0.07039	0.23498	0.10838	0.09046	0.09433	0.00368	0.00713	0.01133	0.00514	0.00704
3	0.01478	0.01271	0.01284	0.01205	0.01482	0.07877	0.00947	0.07969	0.24432	0.02521	0.14185	0.08408	0.07885	0.01235	0.00742	0.00231	0.00560	0.11801	0.03669	0.00817
4	0.01002	0.05337	0.01117	0.01033	0.03207	0.00836	0.00732	0.01204	0.01452	0.01995	0.26194	0.26261	0.06150	0.09240	0.07730	0.00352	0.03706	0.01269	0.00574	0.00610
5	0.00831	0.00606	0.00794	0.00914	0.00982	0.00569	0.00626	0.00972	0.01331	0.01771	0.07931	0.61402	0.10403	0.02189	0.04983	0.00310	0.00460	0.01755	0.00615	0.00555
6	0.01823	0.04608	0.06208	0.01647	0.04071	0.11920	0.03233	0.14040	0.17956	0.02394	0.01594	0.01867	0.01300	0.04427	0.03487	0.00272	0.17163	0.00622	0.00466	0.00903
7	0.01077	0.00631	0.00942	0.00949	0.00993	0.00671	0.00675	0.00991	0.00964	0.01328	0.01498	0.05464	0.01488	0.03274	0.27640	0.48983	0.01003	0.00688	0.00330	0.00411
8	0.04843	0.04034	0.01265	0.01038	0.01333	0.03302	0.00821	0.11509	0.04999	0.09069	0.20700	0.07552	0.21523	0.01252	0.00780	0.00217	0.03326	0.01027	0.00638	0.00772
9	0.01534	0.01268	0.01597	0.07146	0.09539	0.01421	0.01166	0.12746	0.22838	0.02490	0.04446	0.12041	0.04383	0.01390	0.05972	0.02995	0.04731	0.00874	0.00548	0.00876
10	0.01227	0.03444	0.05675	0.03723	0.03520	0.03779	0.06090	0.01481	0.05235	0.03419	0.02497	0.21988	0.06687	0.13679	0.01431	0.11186	0.00629	0.01058	0.02622	0.00630
11	0.01662	0.09727	0.15183	0.01753	0.09548	0.06366	0.04524	0.07033	0.08117	0.07245	0.04813	0.04573	0.05202	0.01127	0.04928	0.00261	0.03056	0.03518	0.00465	0.00900
12	0.04401	0.01914	0.17004	0.01938	0.09553	0.07939	0.14060	0.05712	0.01584	0.02182	0.08517	0.06659	0.03783	0.04884	0.04199	0.00277	0.03371	0.00775	0.00416	0.00833

[dist]
# distance from previous block
# <min> <max>
0	5

[block]
# block no. 8 follows, 32 sequences, length 46
# corresponding to MSA columns:
# 329-374
name=unknown_I
#
# <colnr> <probs for GDERKNQSTAVLIFYWHMCP>
#	G	D	E	R	K	N	Q	S	T	A	V	L	I	F	Y	W	H	M	C	P
0	0.15026	0.11045	0.12065	0.04111	0.11403	0.06831	0.13569	0.06656	0.03931	0.02328	0.01220	0.01469	0.00958	0.00642	0.00641	0.00198	0.02653	0.00535	0.00372	0.04348
1	0.01882	0.08252	0.08582	0.01783	0.10080	0.07700	0.05210	0.17078	0.04122	0.08256	0.06572	0.02052	0.03697	0.01059	0.05183	0.00253	0.03709	0.00647	0.00491	0.03392
2	0.01099	0.00624	0.00874	0.00860	0.00912	0.00602	0.00586	0.00974	0.01103	0.01499	0.13285	0.05622	0.04553	0.06388	0.02175	0.54485	0.00525	0.00783	0.00399	0.02651
3	0.06751	0.07401	0.10643	0.02089	0.17042	0.03524	0.05827	0.13769	0.09219	0.04845	0.01713	0.03965	0.03705	0.00800	0.00750	0.00211	0.05678	0.00648	0.00457	0.00963
4	0.01168	0.01007	0.01543	0.01506	0.06969	0.03409	0.12151	0.01413	0.01346	0.01835	0.05201	0.19597	0.02644	0.15819	0.10369	0.00421	0.00809	0.07148	0.04996	0.00648
5	0.04834	0.01403	0.05711	0.01754	0.13580	0.03615	0.04830	0.10211	0.05797	0.06287	0.06273	0.05950	0.12327	0.02894	0.00818	0.00231	0.02940	0.05728	0.03972	0.00848
6	0.04477	0.08344	0.01742	0.13773	0.02112	0.03756	0.01138	0.15299	0.03942	0.15733	0.06393	0.05526	0.07777	0.00940	0.00720	0.00209	0.03617	0.00747	0.02872	0.00883
7	0.01434	0.01185	0.01624	0.06252	0.23356	0.03471	0.01210	0.06752	0.04284	0.04365	0.10087	0.14723	0.07566	0.04355	0.00825	0.00233	0.00602	0.00962	0.05894	0.00817
8	0.01475	0.07625	0.10326	0.25591	0.16418	0.01627	0.19953	0.01956	0.01454	0.01987	0.01273	0.01705	0.00987	0.00623	0.00671	0.00209	0.00911	0.00620	0.03713	0.00878
9	0.01513	0.04094	0.12813	0.04099	0.07437	0.04125	0.10962	0.02256	0.16873	0.06255	0.10339	0.02781	0.08602	0.03905	0.00810	0.00232	0.00715	0.00798	0.00506	0.00884
10	0.00838	0.00601	0.00788	0.00922	0.00975	0.00561	0.00624	0.00967	0.01317	0.01753	0.06899	0.65085	0.06788	0.05211	0.00962	0.00285	0.00402	0.03857	0.00619	0.00546
11	0.01546	0.01678	0.12609	0.19469	0.29512	0.01463	0.04773	0.03988	0.03305	0.05235	0.05507	0.01938	0.01378	0.00696	0.00668	0.00208	0.00796	0.00636	0.03659	0.00935
12	0.38775	0.01143	0.01080	0.00964	0.01297	0.01259	0.00766	0.06991	0.08973	0.02934	0.23365	0.02707	0.05475	0.00942	0.00594	0.00211	0.00467	0.00729	0.00571	0.00758
13	0.06732	0.01740	0.02282	0.11706	0.30157	0.11543	0.06209	0.07139	0.06341	0.02286	0.03366	0.01731	0.01208	0.00703	0.00721	0.00207	0.04003	0.00602	0.00394	0.00932
14	0.74903	0.01314	0.01049	0.00921	0.01345	0.01506	0.00759	0.04662	0.01252	0.05920	0.01031	0.01159	0.00781	0.00638	0.00436	0.00207	0.00530	0.00385	0.00442	0.00760
15	0.04231	0.04245	0.01582	0.01302	0.03876	0.01443	0.01009	0.25021	0.10836	0.12669	0.05059	0.02788	0.11413	0.04988	0.06226	0.00294	0.00688	0.00778	0.00621	0.00932
16	0.01023	0.00752	0.00928	0.00871	0.01090	0.00652	0.00645	0.01264	0.01618	0.04397	0.32232	0.21121	0.16025	0.01448	0.00759	0.00211	0.00372	0.01269	0.00644	0.12680
17	0.01423	0.24692	0.18669	0.04664	0.02099	0.01790	0.05829	0.01790	0.01296	0.01765	0.02923	0.01755	0.01196	0.04095	0.13081	0.00363	0.10883	0.00561	0.00318	0.00807
18	0.00994	0.00741	0.01073	0.01067	0.01176	0.00861	0.00825	0.01217	0.01096	0.01590	0.01854	0.02868	0.01772	0.09854	0.60887	0.00959	0.04424	0.02805	0.03344	0.00592
19	0.01874	0.00886	0.01115	0.00957	0.01271	0.00810	0.00752	0.02209	0.04580	0.31465	0.16916	0.07401	0.08217	0.01072	0.00675	0.00204	0.00436	0.00904	0.17406	0.00849
20	0.02192	0.01294	0.03803	0.04168	0.01757	0.04715	0.01051	0.08425	0.07292	0.34057	0.02182	0.02285	0.01580	0.04040	0.14922	0.00389	0.00872	0.00671	0.03355	0.00950
21	0.00873	0.00648	0.00761	0.00821	0.00921	0.00598	0.00565	0.00997	0.01322	0.01694	0.06594	0.28727	0.25137	0.20831	0.01490	0.00355	0.00454	0.06116	0.00572	0.00525
22	0.01405	0.13202	0.63732	0.01811	0.02747	0.01704	0.02303	0.02110	0.01410	0.02052	0.01168	0.01371	0.00851	0.00629	0.00610	0.00203	0.00955	0.00478	0.00284	0.00974
23	0.01648	0.04736	0.10767	0.06343	0.12644	0.05307	0.01387	0.12913	0.04953	0.02431	0.03517	0.03485	0.01312	0.00884	0.03776	0.00214	0.00765	0.00577	0.00431	0.21909
24	0.08566	0.09898	0.02083	0.09900	0.08498	0.21193	0.03006	0.11006	0.03464	0.02209	0.01282	0.03885	0.01084	0.00777	0.00763	0.00202	0.08302	0.00560	0.02477	0.00846
25	0.33394	0.01078	0.01035	0.00897	0.01243	0.01151	0.00720	0.07446	0.01516	0.14404	0.01718	0.01874	0.01285	0.02352	0.00561	0.00199	0.00478	0.00535	0.27324	0.00787
26	0.01928	0.11297	0.12652	0.06509	0.06455	0.22919	0.06100	0.05859	0.06602	0.05073	0.01365	0.01656	0.01092	0.00739	0.00725	0.00201	0.05393	0.02154	0.00390	0.00891
27	0.16056	0.01290	0.01479	0.01217	0.01609	0.01383	0.00988	0.21594	0.01909	0.22039	0.01808	0.02005	0.01356	0.04502	0.15010	0.00395	0.03233	0.00617	0.00587	0.00922
28	0.00923	0.00676	0.00820	0.00870	0.00991	0.00631	0.00613	0.03660	0.01511	0.02017	0.16654	0.40485	0.18591	0.04759	0.00914	0.00260	0.00387	0.01551	0.03101	0.00585
29	0.01091	0.00934	0.01336	0.01212	0.01333	0.01093	0.03472	0.01318	0.01326	0.01886	0.18793	0.06436	0.08978	0.04711	0.23365	0.00513	0.20164	0.00927	0.00468	0.00642
30	0.01141	0.00867	0.00999	0.00932	0.01154	0.00847	0.00707	0.12457	0.01838	0.02428	0.23466	0.16023	0.27144	0.01713	0.04931	0.00274	0.00490	0.01263	0.00649	0.00679
31	0.01784	0.00971	0.01150	0.00980	0.01320	0.00902	0.00780	0.10258	0.01865	0.25085	0.09195	0.06055	0.25791	0.01218	0.00716	0.00213	0.00467	0.02607	0.07809	0.00833
32	0.07400	0.01635	0.01718	0.01350	0.01816	0.01803	0.01107	0.54312	0.02736	0.03865	0.01663	0.01724	0.01210	0.00790	0.00621	0.00194	0.00654	0.00592	0.13779	0.01029
33	0.06418	0.24885	0.08248	0.01872	0.02454	0.16630	0.23770	0.04579	0.01599	0.01994	0.01137	0.01389	0.00915	0.00611	0.00607	0.00187	0.00963	0.00535	0.00337	0.00870
34	0.01834	0.22886	0.05217	0.13129	0.10583	0.11464	0.04443	0.07091	0.01577	0.04953	0.01170	0.01454	0.00954	0.00709	0.00782	0.00197	0.09804	0.00516	0.00356	0.00880
35	0.06774	0.04348	0.14905	0.01451	0.04148	0.11027	0.01300	0.05887	0.03044	0.06707	0.01529	0.01831	0.02693	0.01136	0.07749	0.00268	0.03700	0.02169	0.00417	0.18919
36	0.01129	0.00710	0.00855	0.00820	0.00959	0.00680	0.00573	0.01282	0.01344	0.08123	0.12428	0.06508	0.16729	0.28837	0.10646	0.00477	0.00648	0.01043	0.05635	0.00577
37	0.01620	0.01639	0.07268	0.07780	0.26113	0.03104	0.13477	0.06684	0.07927	0.04934	0.04262	0.02340	0.08234	0.00785	0.00703	0.00212	0.00789	0.00738	0.00442	0.00947
38	0.01086	0.00749	0.00865	0.00836	0.00894	0.00776	0.00525	0.03588	0.05825	0.01571	0.05037	0.03960	0.02418	0.57223	0.06977	0.05127	0.00693	0.00921	0.00439	0.00491
39	0.01478	0.14035	0.11119	0.07193	0.04477	0.01489	0.03974	0.02195	0.17009	0.05205	0.10761	0.02625	0.08814	0.00879	0.00649	0.00199	0.00638	0.00734	0.00498	0.06031
40	0.01570	0.01597	0.11054	0.01526	0.06446	0.06819	0.03156	0.12972	0.03846	0.04793	0.04177	0.10041	0.04578	0.05532	0.09106	0.00337	0.03607	0.02279	0.05745	0.00818
41	0.04361	0.44936	0.05257	0.01512	0.06104	0.04947	0.07324	0.04161	0.04419	0.01899	0.01156	0.01398	0.01001	0.03041	0.00608	0.00179	0.00757	0.00466	0.00341	0.06134
42	0.02192	0.07087	0.07080	0.06856	0.12415	0.10690	0.01476	0.30286	0.05096	0.08087	0.01509	0.01617	0.01115	0.00731	0.00644	0.00197	0.00811	0.00569	0.00516	0.01026
43	0.01416	0.07241	0.23193	0.03978	0.07242	0.01419	0.01501	0.09238	0.05947	0.02399	0.15154	0.05528	0.06691	0.00979	0.00738	0.00215	0.03086	0.02682	0.00484	0.00870
44	0.04711	0.01987	0.04183	0.05158	0.14271	0.22182	0.06332	0.10501	0.05571	0.07063	0.01869	0.02007	0.06608	0.00778	0.00652	0.00198	0.00850	0.00632	0.03546	0.00901
45	0.04376	0.03736	0.19730	0.01441	0.04317	0.03027	0.03511	0.06675	0.01588	0.06655	0.03904	0.01753	0.03443	0.00659	0.00588	0.00164	0.00686	0.00532	0.00426	0.32787

[dist]
# distance from previous block
# <min> <max>
0	30

[block]
# block no. 9 follows, 32 sequences, length 20
# corresponding to MSA columns:
# 406-425
name=unknown_J
#
# <colnr> <probs for GDERKNQSTAVLIFYWHMCP>
#	G	D	E	R	K	N	Q	S	T	A	V	L	I	F	Y	W	H	M	C	P
0	0.01108	0.00938	0.01047	0.01023	0.01126	0.07252	0.00740	0.01257	0.01141	0.01497	0.02078	0.03254	0.05681	0.27614	0.38083	0.00787	0.03621	0.00811	0.00386	0.00555
1	0.01598	0.07974	0.03923	0.06429	0.07013	0.01466	0.03099	0.12760	0.11639	0.04395	0.01841	0.05038	0.01546	0.04429	0.10972	0.00343	0.03605	0.00692	0.10385	0.00853
2	0.01146	0.00592	0.00876	0.00871	0.00885	0.00587	0.00587	0.00909	0.00965	0.01300	0.07424	0.02303	0.01623	0.02246	0.02460	0.73374	0.00559	0.00639	0.00331	0.00322
3	0.01980	0.01678	0.01955	0.01578	0.01997	0.08016	0.10170	0.34421	0.08801	0.03051	0.02008	0.14530	0.01799	0.03829	0.00817	0.00234	0.00749	0.00865	0.00581	0.00941
4	0.01584	0.01810	0.03959	0.02828	0.03507	0.01697	0.69796	0.02149	0.01584	0.02149	0.01357	0.01810	0.01018	0.00566	0.00792	0.00226	0.01131	0.00792	0.00339	0.00905
5	0.01865	0.24739	0.02258	0.01458	0.04586	0.08910	0.01169	0.08824	0.34311	0.02421	0.01861	0.01830	0.01452	0.00765	0.00596	0.00193	0.00682	0.00585	0.00514	0.00980
6	0.09902	0.10738	0.23470	0.01426	0.04510	0.01462	0.01390	0.04711	0.07731	0.05508	0.01797	0.04475	0.03535	0.10502	0.00969	0.00261	0.00719	0.02615	0.00427	0.03852
7	0.01612	0.35715	0.38158	0.01565	0.02335	0.06358	0.01823	0.02107	0.01422	0.01856	0.01075	0.01255	0.00856	0.00613	0.00545	0.00180	0.00884	0.00432	0.00289	0.00921
8	0.01998	0.31916	0.14059	0.01473	0.02053	0.15962	0.01412	0.15482	0.05775	0.02265	0.01231	0.01342	0.00982	0.00671	0.00559	0.00176	0.00850	0.00466	0.00395	0.00932
9	0.00841	0.00664	0.00759	0.00773	0.00946	0.00581	0.00565	0.01042	0.01587	0.02039	0.24381	0.18982	0.41092	0.01683	0.00804	0.00231	0.00343	0.01451	0.00655	0.00581
10	0.01556	0.01385	0.01580	0.05632	0.10036	0.04182	0.01151	0.04821	0.42170	0.02519	0.04826	0.07193	0.08035	0.01003	0.00700	0.00223	0.00583	0.00854	0.00600	0.00950
11	0.00877	0.00661	0.00802	0.00810	0.00957	0.00596	0.00586	0.01096	0.01625	0.02172	0.35664	0.20285	0.25087	0.04613	0.00910	0.00246	0.00352	0.01409	0.00667	0.00586
12	0.01463	0.01288	0.01620	0.06211	0.13131	0.08802	0.03851	0.01907	0.14202	0.01833	0.01637	0.04354	0.01434	0.01822	0.11696	0.22080	0.00883	0.00672	0.00399	0.00715
13	0.00957	0.00677	0.00795	0.00797	0.00869	0.00657	0.00514	0.01116	0.03353	0.01766	0.19257	0.13052	0.09293	0.41519	0.02196	0.00455	0.00512	0.01171	0.00537	0.00509
14	0.01693	0.16067	0.02357	0.02200	0.24987	0.08290	0.03310	0.03950	0.05907	0.02101	0.01474	0.01680	0.03709	0.00644	0.00585	0.00167	0.00725	0.00537	0.00382	0.19232
15	0.08172	0.01000	0.03283	0.06118	0.08314	0.00966	0.00931	0.01572	0.08629	0.02221	0.18422	0.17766	0.15394	0.03267	0.00803	0.00238	0.00488	0.01134	0.00571	0.00711
16	0.03190	0.05250	0.06572	0.01246	0.05319	0.01130	0.00996	0.03784	0.05324	0.05006	0.10295	0.04414	0.08613	0.03863	0.00785	0.00191	0.03352	0.00711	0.00485	0.29475
17	0.04934	0.08486	0.24749	0.01849	0.11224	0.03908	0.01647	0.14371	0.05575	0.05320	0.01385	0.01526	0.01042	0.00664	0.00607	0.00188	0.00784	0.00519	0.00424	0.10798
18	0.18273	0.16345	0.06232	0.03983	0.08483	0.12462	0.04523	0.08279	0.06760	0.04996	0.01279	0.01438	0.01004	0.00680	0.00605	0.00194	0.02661	0.00497	0.00413	0.00893
19	0.01634	0.01302	0.05406	0.02857	0.05405	0.03367	0.02940	0.06867	0.09716	0.13226	0.09323	0.04983	0.04779	0.11324	0.07929	0.00358	0.06399	0.00817	0.00543	0.00825

[dist]
# distance from previous block
# <min> <max>
0	7

[block]
# block no. 10 follows, 32 sequences, length 7
# corresponding to MSA columns:
# 433-439
name=unknown_K
#
# <colnr> <probs for GDERKNQSTAVLIFYWHMCP>
#	G	D	E	R	K	N	Q	S	T	A	V	L	I	F	Y	W	H	M	C	P
0	0.05313	0.22236	0.05457	0.04403	0.06458	0.01716	0.08668	0.06666	0.06470	0.02180	0.07461	0.09706	0.01968	0.00939	0.00711	0.00209	0.03770	0.04384	0.00447	0.00838
1	0.01084	0.00750	0.00958	0.00925	0.01094	0.00724	0.00676	0.01338	0.03713	0.05988	0.18476	0.17998	0.09907	0.12055	0.15804	0.00450	0.00708	0.01140	0.00567	0.05645
2	0.01659	0.05147	0.02115	0.08440	0.24386	0.14405	0.03419	0.05141	0.01618	0.02075	0.09917	0.05399	0.01827	0.03317	0.00911	0.00224	0.08039	0.00708	0.00407	0.00846
3	0.01047	0.00783	0.00941	0.00866	0.01070	0.00738	0.00659	0.06859	0.01922	0.02626	0.51885	0.05048	0.20231	0.01397	0.00782	0.00214	0.00356	0.01208	0.00708	0.00660
