[name]
unknown

[dist]
# distance from previous block
# <min> <max>
0	179

[block]
# block no. 0 follows, 31 sequences, length 16
# corresponding to MSA columns:
# 225-240
name=unknown_A
#
# <colnr> <probs for GDERKNQSTAVLIFYWHMCP>
#	G	D	E	R	K	N	Q	S	T	A	V	L	I	F	Y	W	H	M	C	P
0	0.01049	0.00756	0.01018	0.01150	0.01294	0.00743	0.00967	0.01315	0.01513	0.01956	0.03827	0.12158	0.09999	0.07232	0.01110	0.00330	0.00590	0.51772	0.00615	0.00604
1	0.01103	0.00858	0.01235	0.03992	0.10783	0.00836	0.00962	0.01429	0.01766	0.02463	0.44648	0.04981	0.04935	0.03978	0.00904	0.00248	0.00478	0.13056	0.00647	0.00698
2	0.01394	0.03385	0.66205	0.02035	0.03017	0.01602	0.08580	0.02169	0.01460	0.02169	0.01242	0.01481	0.00882	0.00643	0.00664	0.00218	0.01024	0.00533	0.00294	0.01003
3	0.02697	0.01268	0.02011	0.01510	0.02052	0.01123	0.13680	0.03022	0.01893	0.55762	0.05794	0.02374	0.01803	0.00823	0.00716	0.00215	0.00676	0.00737	0.00749	0.01094
4	0.02213	0.02714	0.02309	0.01951	0.02296	0.48826	0.12411	0.02449	0.01726	0.01754	0.01082	0.01381	0.00910	0.00772	0.00940	0.00207	0.14383	0.00529	0.00342	0.00806
5	0.01665	0.01597	0.02726	0.09140	0.66969	0.01618	0.02086	0.02075	0.01544	0.02201	0.01282	0.01702	0.01072	0.00615	0.00678	0.00205	0.00820	0.00609	0.00336	0.01061
6	0.02411	0.06305	0.01989	0.01426	0.01920	0.01225	0.10874	0.04797	0.03987	0.43075	0.08646	0.06213	0.02119	0.00909	0.00709	0.00214	0.00646	0.00799	0.00708	0.01029
7	0.01734	0.01601	0.02879	0.10103	0.47462	0.01595	0.15230	0.02169	0.01579	0.06907	0.01395	0.01778	0.01100	0.00626	0.00704	0.00211	0.00873	0.00654	0.00371	0.01028
8	0.01475	0.00961	0.01197	0.01233	0.01457	0.03490	0.01020	0.01872	0.06933	0.13312	0.03339	0.16823	0.03415	0.01645	0.00861	0.00281	0.00601	0.38679	0.00661	0.00745
9	0.05680	0.01124	0.01611	0.01292	0.01727	0.01026	0.07205	0.02650	0.04295	0.43344	0.08831	0.10167	0.04255	0.01046	0.00727	0.00224	0.00584	0.02491	0.00736	0.00984
10	0.04910	0.01444	0.01892	0.01918	0.15531	0.05873	0.05804	0.08562	0.06298	0.22830	0.02068	0.07459	0.01681	0.07672	0.00943	0.00253	0.00711	0.00765	0.00577	0.02812
11	0.06797	0.01456	0.02021	0.01548	0.02075	0.04237	0.13779	0.07654	0.08355	0.33291	0.04592	0.02131	0.01606	0.00780	0.00684	0.00207	0.00706	0.00685	0.00648	0.06746
12	0.02110	0.01283	0.01781	0.01411	0.01860	0.03659	0.10462	0.05278	0.08026	0.30516	0.09288	0.09458	0.04055	0.00985	0.00722	0.00214	0.00634	0.00873	0.00673	0.06711
13	0.04741	0.01262	0.01874	0.11819	0.02311	0.01221	0.10921	0.06780	0.03891	0.20906	0.04855	0.10236	0.01832	0.00891	0.00692	0.00207	0.00677	0.00798	0.00568	0.13518
14	0.11532	0.01409	0.02104	0.11705	0.02499	0.01427	0.15845	0.06922	0.09051	0.19805	0.04003	0.02008	0.01437	0.00740	0.00673	0.00212	0.00738	0.00666	0.00550	0.06672
15	0.02104	0.01284	0.02085	0.06048	0.02254	0.01190	0.17229	0.02556	0.05788	0.31783	0.09027	0.05222	0.02039	0.00854	0.00721	0.00212	0.00697	0.00796	0.00632	0.07480

[dist]
# distance from previous block
# <min> <max>
0	40

[block]
# block no. 1 follows, 31 sequences, length 21
# corresponding to MSA columns:
# 281-301
name=unknown_B
#
# <colnr> <probs for GDERKNQSTAVLIFYWHMCP>
#	G	D	E	R	K	N	Q	S	T	A	V	L	I	F	Y	W	H	M	C	P
0	0.08094	0.01221	0.01548	0.01284	0.01649	0.04292	0.09360	0.06542	0.06813	0.09181	0.16536	0.07576	0.08207	0.01070	0.00709	0.00213	0.00585	0.03593	0.05140	0.06386
1	0.12656	0.01387	0.01507	0.01235	0.01612	0.07570	0.06150	0.12279	0.03867	0.07410	0.10574	0.02627	0.04943	0.09641	0.00971	0.00250	0.00646	0.00728	0.05065	0.08884
2	0.10480	0.01592	0.02132	0.01653	0.02139	0.09747	0.19143	0.05539	0.03382	0.18956	0.03582	0.05812	0.01557	0.04162	0.00807	0.00228	0.00794	0.00727	0.00532	0.07038
3	0.14770	0.01650	0.01749	0.01380	0.01881	0.09321	0.06616	0.16624	0.07506	0.07842	0.01540	0.01639	0.01158	0.00694	0.00595	0.00181	0.00696	0.00542	0.03961	0.19654
4	0.29867	0.02100	0.02020	0.01651	0.02113	0.25278	0.14988	0.05568	0.04447	0.04226	0.01227	0.01416	0.00947	0.00672	0.00596	0.00204	0.00902	0.00519	0.00418	0.00840
5	0.05299	0.01539	0.02653	0.02012	0.02510	0.03601	0.35311	0.10104	0.01729	0.02375	0.02144	0.15867	0.05723	0.00971	0.00766	0.00227	0.00856	0.00982	0.00465	0.04865
6	0.05317	0.01418	0.01412	0.01239	0.01633	0.09200	0.00981	0.06009	0.16655	0.02389	0.02174	0.09711	0.02023	0.01018	0.00670	0.00200	0.00619	0.11105	0.00537	0.25688
7	0.34781	0.05732	0.01620	0.05474	0.01886	0.21985	0.01080	0.09216	0.05247	0.05450	0.01234	0.01365	0.00949	0.00698	0.00546	0.00200	0.00787	0.00463	0.00448	0.00842
8	0.00811	0.00683	0.00703	0.00720	0.00931	0.00575	0.00532	0.00979	0.01534	0.01838	0.06608	0.13612	0.64591	0.01775	0.00815	0.00236	0.00352	0.01495	0.00635	0.00575
9	0.00960	0.00760	0.01177	0.04877	0.01459	0.00736	0.06644	0.01162	0.01375	0.01825	0.03417	0.56350	0.03964	0.01901	0.00868	0.00276	0.00519	0.10530	0.00593	0.00608
10	0.21293	0.02299	0.01678	0.05624	0.02014	0.35067	0.01170	0.14649	0.01934	0.02508	0.01446	0.01584	0.04475	0.00760	0.00596	0.00196	0.00912	0.00516	0.00442	0.00836
11	0.00973	0.00707	0.00956	0.00956	0.01043	0.00774	0.00686	0.01131	0.01092	0.01515	0.02246	0.03527	0.06134	0.28927	0.45282	0.00900	0.01348	0.00864	0.00399	0.00542
12	0.00881	0.00625	0.00823	0.00953	0.01006	0.00592	0.00654	0.01017	0.01339	0.01790	0.07631	0.58458	0.04388	0.09387	0.01134	0.00315	0.00439	0.07396	0.00620	0.00553
13	0.02017	0.06310	0.02061	0.01713	0.04932	0.23388	0.07929	0.08298	0.21900	0.05055	0.05010	0.02160	0.04538	0.00835	0.00676	0.00205	0.00836	0.00678	0.00524	0.00937
14	0.04890	0.01604	0.04898	0.30884	0.27793	0.05653	0.01813	0.04270	0.04247	0.02138	0.01297	0.01704	0.01022	0.00662	0.00658	0.00209	0.00845	0.00583	0.00356	0.04474
15	0.04960	0.04544	0.02318	0.18189	0.20535	0.09444	0.09948	0.01947	0.01533	0.02048	0.05544	0.02108	0.05488	0.00770	0.00755	0.00210	0.04528	0.00672	0.00377	0.04081
16	0.01671	0.01763	0.04792	0.10411	0.05045	0.14067	0.05892	0.03746	0.10121	0.02178	0.01492	0.04076	0.01229	0.00692	0.00621	0.00172	0.00769	0.00578	0.00422	0.30264
17	0.14879	0.01556	0.01667	0.05812	0.11622	0.10349	0.01176	0.08187	0.06676	0.11980	0.05308	0.06246	0.01631	0.00825	0.00632	0.00200	0.00686	0.00663	0.00524	0.09382
18	0.11693	0.15798	0.03354	0.03995	0.07923	0.15311	0.04181	0.04946	0.03388	0.03876	0.08124	0.05456	0.01682	0.00796	0.00605	0.00189	0.00758	0.00627	0.00437	0.06860
19	0.03734	0.01672	0.01879	0.01577	0.04623	0.08728	0.05691	0.20117	0.13938	0.14521	0.01950	0.05059	0.01490	0.00821	0.00668	0.00199	0.00713	0.00676	0.00601	0.11344
20	0.03818	0.01838	0.02060	0.01850	0.08955	0.17400	0.10748	0.07531	0.10608	0.07969	0.07944	0.02028	0.01687	0.00760	0.00668	0.00193	0.00803	0.00650	0.00504	0.11987

[dist]
# distance from previous block
# <min> <max>
5	35

[block]
# block no. 2 follows, 31 sequences, length 21
# corresponding to MSA columns:
# 348-368
name=unknown_C
#
# <colnr> <probs for GDERKNQSTAVLIFYWHMCP>
#	G	D	E	R	K	N	Q	S	T	A	V	L	I	F	Y	W	H	M	C	P
0	0.06548	0.22953	0.04814	0.01708	0.10611	0.05394	0.04733	0.09289	0.04654	0.10687	0.03437	0.03399	0.01335	0.00723	0.00595	0.00185	0.00726	0.00575	0.00466	0.07167
1	0.06089	0.13597	0.16468	0.01719	0.07375	0.05096	0.01525	0.25075	0.05053	0.09364	0.01512	0.01580	0.01109	0.00727	0.00624	0.00199	0.00792	0.00548	0.00506	0.01042
2	0.16520	0.02220	0.26135	0.06765	0.18183	0.04005	0.01791	0.05573	0.04479	0.02434	0.01543	0.01758	0.04333	0.00714	0.00626	0.00213	0.00811	0.00570	0.00383	0.00943
3	0.09693	0.01607	0.06248	0.06281	0.37925	0.01572	0.01678	0.02417	0.16059	0.04814	0.03914	0.01941	0.01437	0.00719	0.00659	0.00213	0.00719	0.00637	0.00449	0.01017
4	0.08944	0.01223	0.01572	0.04580	0.14700	0.01157	0.01090	0.01985	0.08607	0.05539	0.09948	0.05506	0.03926	0.00816	0.00626	0.00179	0.00558	0.00695	0.00498	0.27852
5	0.01778	0.01358	0.01467	0.01142	0.01664	0.07065	0.00912	0.02172	0.06048	0.13910	0.04054	0.02055	0.01510	0.00704	0.00590	0.00149	0.00583	0.03693	0.00516	0.48631
6	0.04999	0.00788	0.00882	0.00837	0.01079	0.00711	0.00622	0.01454	0.01438	0.06257	0.03289	0.22771	0.14637	0.01278	0.00658	0.00201	0.00399	0.01089	0.23830	0.12783
7	0.01829	0.76368	0.03585	0.01171	0.01756	0.02707	0.01171	0.02049	0.01390	0.01610	0.00951	0.01097	0.00878	0.00585	0.00439	0.00146	0.00732	0.00366	0.00293	0.00878
8	0.01594	0.26130	0.43017	0.01607	0.02413	0.01858	0.01917	0.02153	0.01482	0.06090	0.04815	0.01575	0.01204	0.00679	0.00594	0.00194	0.00863	0.00510	0.00346	0.00959
9	0.01670	0.18873	0.45588	0.01639	0.02455	0.01718	0.01954	0.02240	0.01479	0.10857	0.01392	0.01607	0.01041	0.03798	0.00727	0.00219	0.00882	0.00519	0.00365	0.00977
10	0.02601	0.01916	0.02053	0.01574	0.02122	0.02122	0.01300	0.69408	0.03217	0.04312	0.01643	0.01643	0.01163	0.00821	0.00684	0.00205	0.00753	0.00616	0.00684	0.01163
11	0.01489	0.01273	0.02382	0.01831	0.02252	0.01201	0.31183	0.01833	0.01585	0.09486	0.09789	0.07450	0.11482	0.01152	0.00992	0.06240	0.03208	0.03883	0.00505	0.00786
12	0.01495	0.01439	0.02491	0.38036	0.35804	0.01580	0.05448	0.01934	0.01469	0.01997	0.01258	0.01764	0.00998	0.00644	0.00687	0.00217	0.00878	0.00619	0.00322	0.00919
13	0.76157	0.01292	0.01011	0.00921	0.01329	0.01491	0.00762	0.01977	0.01188	0.03010	0.01108	0.01495	0.00927	0.00708	0.00454	0.00218	0.00535	0.04249	0.00435	0.00734
14	0.01403	0.01355	0.02135	0.41724	0.09883	0.01737	0.01774	0.01744	0.01270	0.01757	0.01108	0.01694	0.00923	0.00862	0.01245	0.00251	0.27440	0.00605	0.00306	0.00786
15	0.00995	0.00663	0.00746	0.00746	0.00746	0.00663	0.00415	0.00995	0.00995	0.01327	0.02156	0.04477	0.02487	0.75957	0.03482	0.00663	0.00663	0.00995	0.00415	0.00415
16	0.80789	0.01323	0.01006	0.00900	0.01323	0.01535	0.00741	0.02011	0.01164	0.03070	0.00953	0.01111	0.00741	0.00635	0.00423	0.00212	0.00529	0.00370	0.00423	0.00741
17	0.01188	0.00594	0.00891	0.00891	0.00891	0.00594	0.00594	0.00891	0.00891	0.01188	0.01188	0.02080	0.01188	0.02377	0.02674	0.80095	0.00594	0.00594	0.00297	0.00297
18	0.01565	0.07194	0.13326	0.01290	0.01748	0.01385	0.01190	0.02551	0.27581	0.09091	0.18476	0.03056	0.06659	0.01002	0.00700	0.00217	0.00576	0.00835	0.00622	0.00934
19	0.01770	0.01453	0.01774	0.01501	0.01892	0.01593	0.07483	0.19936	0.32063	0.02942	0.02484	0.09409	0.02131	0.04350	0.00861	0.00254	0.00652	0.05838	0.00637	0.00977
20	0.00940	0.00647	0.00795	0.00872	0.00901	0.00631	0.00561	0.01014	0.01170	0.01555	0.02924	0.33118	0.03423	0.40228	0.02226	0.00480	0.00554	0.06952	0.00521	0.00489

[dist]
# distance from previous block
# <min> <max>
0	2

[block]
# block no. 3 follows, 31 sequences, length 11
# corresponding to MSA columns:
# 371-381
name=unknown_D
#
# <colnr> <probs for GDERKNQSTAVLIFYWHMCP>
#	G	D	E	R	K	N	Q	S	T	A	V	L	I	F	Y	W	H	M	C	P
0	0.66952	0.14474	0.01458	0.00947	0.01399	0.01740	0.00816	0.02018	0.01204	0.02814	0.00952	0.01109	0.00765	0.00626	0.00426	0.00200	0.00565	0.00370	0.00400	0.00765
1	0.06787	0.10692	0.09302	0.03121	0.43909	0.10620	0.01850	0.02173	0.01550	0.02139	0.01193	0.01506	0.00992	0.00624	0.00623	0.00195	0.00857	0.00535	0.00336	0.00995
2	0.01438	0.01222	0.05574	0.01050	0.01354	0.05432	0.00877	0.04224	0.14398	0.05146	0.11886	0.03510	0.12040	0.01071	0.00664	0.00206	0.00504	0.04145	0.24477	0.00783
3	0.01468	0.01371	0.01869	0.01616	0.01661	0.01842	0.01320	0.05773	0.01183	0.01777	0.01154	0.01904	0.01144	0.08700	0.09008	0.00404	0.56085	0.00650	0.00341	0.00729
4	0.00822	0.00681	0.00719	0.00736	0.00939	0.00579	0.00542	0.00997	0.01552	0.01891	0.10551	0.15041	0.59069	0.01763	0.00816	0.00236	0.00351	0.01493	0.00643	0.00579
5	0.01419	0.01216	0.01419	0.01013	0.01621	0.00912	0.00811	0.01723	0.01419	0.02229	0.01216	0.01419	0.01013	0.00507	0.00507	0.00101	0.00507	0.00405	0.00405	0.80139
6	0.01014	0.00721	0.01042	0.01042	0.01169	0.00828	0.00808	0.01268	0.01141	0.01708	0.01882	0.02671	0.01716	0.04594	0.64221	0.00983	0.01645	0.00721	0.10212	0.00614
7	0.00809	0.00693	0.00693	0.00693	0.00924	0.00578	0.00520	0.00982	0.01559	0.01848	0.06931	0.06584	0.71411	0.01733	0.00809	0.00231	0.00347	0.01444	0.00635	0.00578
8	0.01005	0.00769	0.01064	0.01019	0.01130	0.00778	0.04938	0.01200	0.03515	0.01621	0.02793	0.18699	0.08447	0.31607	0.17768	0.00601	0.00865	0.01152	0.00473	0.00555
9	0.01292	0.01216	0.02052	0.74312	0.04712	0.01520	0.01900	0.01748	0.01368	0.01748	0.01216	0.01824	0.00912	0.00684	0.00684	0.00228	0.00912	0.00608	0.00304	0.00760
10	0.08724	0.01520	0.02229	0.08384	0.02413	0.01659	0.15727	0.19858	0.01917	0.10561	0.03874	0.01911	0.01323	0.01132	0.06319	0.00293	0.10052	0.00671	0.00504	0.00929

[dist]
# distance from previous block
# <min> <max>
2	3

[block]
# block no. 4 follows, 31 sequences, length 25
# corresponding to MSA columns:
# 385-409
name=unknown_E
#
# <colnr> <probs for GDERKNQSTAVLIFYWHMCP>
#	G	D	E	R	K	N	Q	S	T	A	V	L	I	F	Y	W	H	M	C	P
0	0.01742	0.01637	0.02736	0.07710	0.59331	0.01665	0.05049	0.07574	0.01685	0.02376	0.01316	0.01703	0.01079	0.00629	0.00684	0.00206	0.00829	0.00619	0.00365	0.01065
1	0.00977	0.00733	0.01100	0.01100	0.01222	0.00855	0.00855	0.01222	0.01100	0.01588	0.01833	0.02688	0.01710	0.05131	0.73245	0.01100	0.01833	0.00733	0.00367	0.00611
2	0.01247	0.00685	0.00722	0.00707	0.00877	0.00687	0.00532	0.01639	0.04625	0.02595	0.13064	0.02951	0.02504	0.00897	0.00539	0.00171	0.00329	0.00738	0.63834	0.00659
3	0.03003	0.01271	0.01654	0.01268	0.01800	0.01164	0.01047	0.12689	0.02136	0.62556	0.02549	0.02231	0.01618	0.00843	0.00687	0.00211	0.00606	0.00678	0.00824	0.01164
4	0.00968	0.00699	0.00914	0.00861	0.01022	0.00646	0.00646	0.01291	0.01937	0.02743	0.71328	0.05110	0.06455	0.01399	0.00807	0.00215	0.00323	0.01237	0.00753	0.00646
5	0.01292	0.01216	0.02052	0.74312	0.04712	0.01520	0.01900	0.01748	0.01368	0.01748	0.01216	0.01824	0.00912	0.00684	0.00684	0.00228	0.00912	0.00608	0.00304	0.00760
6	0.01003	0.00756	0.00964	0.01068	0.01250	0.00716	0.00905	0.01270	0.01570	0.01980	0.04742	0.07334	0.26770	0.01837	0.00899	0.00287	0.00534	0.44872	0.00632	0.00612
7	0.00914	0.00670	0.00857	0.00868	0.01003	0.00613	0.00629	0.01164	0.01722	0.02370	0.45653	0.24868	0.12843	0.01642	0.00826	0.00234	0.00346	0.01456	0.00708	0.00613
8	0.01372	0.03539	0.72412	0.01950	0.02961	0.01589	0.02528	0.02167	0.01444	0.02167	0.01228	0.01444	0.00867	0.00650	0.00650	0.00217	0.01011	0.00506	0.00289	0.01011
9	0.01675	0.01390	0.01564	0.01425	0.01734	0.09212	0.05175	0.18352	0.02004	0.04505	0.02890	0.12157	0.06530	0.01404	0.00813	0.00256	0.00717	0.26794	0.00602	0.00801
10	0.01693	0.01626	0.02777	0.04199	0.71689	0.01626	0.02100	0.02100	0.01558	0.02235	0.01287	0.01693	0.01084	0.00610	0.00677	0.00203	0.00813	0.00610	0.00339	0.01084
11	0.00849	0.00607	0.00807	0.00942	0.00996	0.00566	0.00636	0.00990	0.01380	0.01858	0.11332	0.67631	0.04741	0.02060	0.00866	0.00271	0.00389	0.01866	0.00648	0.00566
12	0.00834	0.00595	0.00794	0.00953	0.00992	0.00556	0.00635	0.00953	0.01310	0.01746	0.03771	0.75510	0.04525	0.02143	0.00873	0.00278	0.00397	0.01945	0.00635	0.00556
13	0.10812	0.02841	0.01788	0.01619	0.01974	0.57756	0.01224	0.06437	0.01899	0.01980	0.01218	0.05011	0.01067	0.00777	0.00613	0.00187	0.01088	0.00520	0.00394	0.00797
14	0.01693	0.01626	0.02777	0.04199	0.71689	0.01626	0.02100	0.02100	0.01558	0.02235	0.01287	0.01693	0.01084	0.00610	0.00677	0.00203	0.00813	0.00610	0.00339	0.01084
15	0.00967	0.00715	0.01039	0.01052	0.01155	0.00812	0.00793	0.01177	0.01106	0.01575	0.02023	0.08806	0.02018	0.11985	0.60352	0.00989	0.01598	0.00858	0.00393	0.00587
16	0.00834	0.00595	0.00794	0.00953	0.00992	0.00556	0.00635	0.00953	0.01310	0.01746	0.03771	0.75510	0.04525	0.02143	0.00873	0.00278	0.00397	0.01945	0.00635	0.00556
17	0.04876	0.02504	0.01900	0.01626	0.02036	0.38747	0.01269	0.21921	0.07655	0.06216	0.01438	0.01517	0.01096	0.00778	0.00697	0.00196	0.03555	0.00533	0.00501	0.00938
18	0.01068	0.00773	0.01084	0.04566	0.01303	0.00889	0.00831	0.01314	0.01205	0.01800	0.06011	0.02852	0.01984	0.09512	0.44523	0.00778	0.05135	0.00756	0.12999	0.00616
19	0.00861	0.00616	0.00822	0.00959	0.01017	0.00577	0.00660	0.01011	0.01386	0.01862	0.10533	0.64935	0.04688	0.02056	0.00870	0.00273	0.00402	0.05256	0.00647	0.00569
20	0.01550	0.01586	0.02088	0.01794	0.01812	0.05701	0.01488	0.01701	0.01093	0.01648	0.00906	0.01483	0.00897	0.01172	0.02163	0.00293	0.70979	0.00591	0.00302	0.00751
21	0.02087	0.01579	0.02241	0.01648	0.02244	0.01504	0.16445	0.24097	0.02126	0.13022	0.01608	0.01720	0.01166	0.00674	0.00659	0.00180	0.00744	0.00606	0.00547	0.25105
22	0.01829	0.76368	0.03585	0.01171	0.01756	0.02707	0.01171	0.02049	0.01390	0.01610	0.00951	0.01097	0.00878	0.00585	0.00439	0.00146	0.00732	0.00366	0.00293	0.00878
23	0.00823	0.00670	0.00729	0.00765	0.00946	0.00576	0.00554	0.00991	0.01519	0.01870	0.09511	0.23169	0.51870	0.01815	0.00824	0.00242	0.00357	0.01554	0.00641	0.00576
24	0.00977	0.00733	0.01100	0.01100	0.01222	0.00855	0.00855	0.01222	0.01100	0.01588	0.01833	0.02688	0.01710	0.05131	0.73245	0.01100	0.01833	0.00733	0.00367	0.00611

[dist]
# distance from previous block
# <min> <max>
0	1

[block]
# block no. 5 follows, 31 sequences, length 64
# corresponding to MSA columns:
# 411-474
name=unknown_F
#
# <colnr> <probs for GDERKNQSTAVLIFYWHMCP>
#	G	D	E	R	K	N	Q	S	T	A	V	L	I	F	Y	W	H	M	C	P
0	0.02545	0.02189	0.02002	0.01606	0.02103	0.17727	0.01294	0.51389	0.06372	0.03658	0.01572	0.01599	0.01149	0.00801	0.00670	0.00200	0.00848	0.00585	0.00612	0.01078
1	0.01275	0.00638	0.00638	0.00638	0.00797	0.00638	0.00478	0.01594	0.01435	0.02551	0.02232	0.02551	0.01754	0.00797	0.00478	0.00159	0.00319	0.00638	0.79755	0.00638
2	0.01702	0.01470	0.01547	0.01392	0.01779	0.01702	0.01083	0.03635	0.70453	0.02862	0.02785	0.02553	0.02088	0.00928	0.00696	0.00232	0.00541	0.00773	0.00696	0.01083
3	0.01473	0.00927	0.00844	0.00793	0.00997	0.05886	0.00604	0.07165	0.01615	0.02631	0.02101	0.02384	0.01644	0.00793	0.00505	0.00164	0.00419	0.00622	0.67742	0.00691
4	0.00839	0.00694	0.00736	0.00725	0.00943	0.00591	0.00544	0.01041	0.01632	0.02021	0.19334	0.06300	0.58901	0.01668	0.00808	0.00228	0.00342	0.01404	0.00658	0.00591
5	0.01314	0.01241	0.02076	0.68827	0.06618	0.01550	0.01887	0.01754	0.01359	0.01758	0.01203	0.01805	0.00917	0.00705	0.00756	0.00231	0.04317	0.00608	0.00305	0.00769
6	0.02601	0.01916	0.02053	0.01574	0.02122	0.02122	0.01300	0.69408	0.03217	0.04312	0.01643	0.01643	0.01163	0.00821	0.00684	0.00205	0.00753	0.00616	0.00684	0.01163
7	0.00978	0.00730	0.01083	0.01083	0.01200	0.00846	0.00835	0.01211	0.01095	0.01576	0.01847	0.02770	0.01746	0.08402	0.70023	0.01079	0.01779	0.00745	0.00369	0.00602
8	0.00980	0.00722	0.01043	0.01043	0.01145	0.00824	0.00784	0.01185	0.01083	0.01546	0.01885	0.02976	0.01835	0.16533	0.62014	0.01029	0.01644	0.00775	0.00374	0.00579
9	0.00809	0.00693	0.00693	0.00693	0.00924	0.00578	0.00520	0.00982	0.01559	0.01848	0.06931	0.06584	0.71411	0.01733	0.00809	0.00231	0.00347	0.01444	0.00635	0.00578
10	0.01702	0.01470	0.01547	0.01392	0.01779	0.01702	0.01083	0.03635	0.70453	0.02862	0.02785	0.02553	0.02088	0.00928	0.00696	0.00232	0.00541	0.00773	0.00696	0.01083
11	0.01532	0.26969	0.46732	0.01745	0.02603	0.01957	0.05460	0.02130	0.01435	0.01988	0.01146	0.01353	0.00879	0.00625	0.00590	0.00195	0.00928	0.00476	0.00293	0.00964
12	0.02597	0.01132	0.01499	0.01190	0.01637	0.01041	0.00971	0.04669	0.04253	0.53827	0.10561	0.02810	0.05666	0.00969	0.00771	0.00217	0.03555	0.00785	0.00794	0.01057
13	0.01372	0.03539	0.72412	0.01950	0.02961	0.01589	0.02528	0.02167	0.01444	0.02167	0.01228	0.01444	0.00867	0.00650	0.00650	0.00217	0.01011	0.00506	0.00289	0.01011
14	0.02759	0.01354	0.01655	0.01288	0.01792	0.01326	0.01057	0.21653	0.05506	0.45512	0.02379	0.02162	0.01568	0.00840	0.00674	0.00208	0.00611	0.00669	0.05861	0.01126
15	0.01512	0.01347	0.02264	0.47812	0.26347	0.01528	0.01920	0.01943	0.01460	0.05466	0.01314	0.01807	0.01007	0.00668	0.00682	0.00219	0.00863	0.00613	0.00343	0.00886
16	0.00838	0.00599	0.00798	0.00949	0.00993	0.00559	0.00635	0.00965	0.01333	0.01783	0.06219	0.72959	0.04595	0.02116	0.00871	0.00276	0.00394	0.01919	0.00639	0.00559
17	0.00889	0.00619	0.00777	0.00881	0.00907	0.00593	0.00559	0.00967	0.01201	0.01601	0.03212	0.50917	0.03819	0.27699	0.01776	0.00411	0.00489	0.01616	0.00559	0.00507
18	0.02178	0.08647	0.01939	0.01589	0.01923	0.48847	0.01231	0.02507	0.07734	0.01785	0.01713	0.01839	0.07318	0.00848	0.00762	0.00194	0.07177	0.00567	0.00398	0.00802
19	0.01433	0.13311	0.63176	0.01845	0.02799	0.01739	0.02346	0.02151	0.01437	0.02092	0.01191	0.01398	0.00868	0.00641	0.00622	0.00207	0.00974	0.00487	0.00289	0.00993
20	0.00814	0.00693	0.00701	0.00699	0.00927	0.00580	0.00524	0.00992	0.01572	0.01878	0.09112	0.06534	0.69210	0.01721	0.00809	0.00230	0.00346	0.01437	0.00639	0.00580
21	0.02556	0.03261	0.01939	0.01763	0.02115	0.73210	0.01322	0.02732	0.01939	0.01674	0.01058	0.01234	0.00881	0.00705	0.00617	0.00176	0.01234	0.00441	0.00353	0.00793
22	0.01424	0.01229	0.01246	0.01147	0.01341	0.10119	0.00869	0.06569	0.05301	0.04189	0.21835	0.08430	0.08693	0.12617	0.01312	0.00297	0.07241	0.04857	0.00581	0.00702
23	0.01540	0.01469	0.02500	0.30958	0.46127	0.01585	0.02023	0.01965	0.01485	0.02049	0.01260	0.01743	0.01018	0.00638	0.00680	0.00213	0.00851	0.00609	0.00325	0.00960
24	0.01497	0.01497	0.02095	0.01796	0.01796	0.02095	0.01497	0.01646	0.01048	0.01646	0.00898	0.01497	0.00898	0.01197	0.02245	0.00299	0.74704	0.00599	0.00299	0.00748
25	0.01406	0.00763	0.00777	0.00730	0.00927	0.00783	0.00559	0.08259	0.01610	0.02724	0.02174	0.02461	0.01696	0.00799	0.00498	0.00164	0.00361	0.00636	0.71984	0.00689
26	0.01623	0.43460	0.34685	0.01523	0.02300	0.02202	0.01784	0.02102	0.01415	0.01861	0.01076	0.01254	0.00873	0.00615	0.00534	0.00178	0.00858	0.00429	0.00291	0.00938
27	0.21402	0.01590	0.01531	0.01329	0.01668	0.15655	0.06457	0.08228	0.01619	0.04929	0.03714	0.04568	0.01577	0.05330	0.10207	0.00349	0.00903	0.03706	0.04471	0.00768
28	0.01516	0.01967	0.13312	0.05510	0.03345	0.01631	0.51581	0.02091	0.01539	0.02121	0.01392	0.01856	0.01063	0.00960	0.06645	0.00299	0.01179	0.00751	0.00338	0.00903
29	0.00994	0.00666	0.00758	0.00758	0.00762	0.00670	0.00429	0.01002	0.00998	0.01335	0.02145	0.04418	0.02462	0.73633	0.05771	0.00678	0.00702	0.00986	0.00413	0.00421
30	0.76791	0.01330	0.01033	0.00925	0.01346	0.01543	0.00758	0.02093	0.04667	0.03059	0.01045	0.01184	0.00809	0.00650	0.00437	0.00213	0.00530	0.00391	0.00437	0.00758
31	0.01376	0.01302	0.02204	0.59649	0.18719	0.01542	0.01942	0.01822	0.01408	0.01850	0.01231	0.01797	0.00948	0.00668	0.00683	0.00223	0.00891	0.00608	0.00311	0.00828
32	0.01575	0.35841	0.41884	0.01604	0.02427	0.02085	0.01926	0.02114	0.01420	0.01920	0.01105	0.01291	0.00872	0.00621	0.00556	0.00185	0.00887	0.00444	0.00291	0.00952
33	0.01498	0.01383	0.02175	0.01863	0.07732	0.01357	0.18512	0.08454	0.04838	0.02323	0.02342	0.07089	0.09465	0.00982	0.00848	0.00216	0.06411	0.06104	0.00475	0.15934
34	0.00995	0.00663	0.00746	0.00746	0.00746	0.00663	0.00415	0.00995	0.00995	0.01327	0.02156	0.04477	0.02487	0.75957	0.03482	0.00663	0.00663	0.00995	0.00415	0.00415
35	0.01826	0.01575	0.01614	0.01424	0.01827	0.04045	0.01114	0.10664	0.61036	0.02979	0.02606	0.02412	0.01950	0.00910	0.00692	0.00227	0.00586	0.00746	0.00684	0.01082
36	0.01647	0.01334	0.01782	0.01469	0.01833	0.03916	0.13877	0.14760	0.11931	0.02720	0.02240	0.08763	0.01934	0.00978	0.00688	0.00215	0.00657	0.06168	0.22235	0.00854
37	0.01652	0.01583	0.02703	0.11395	0.64815	0.01615	0.02079	0.02064	0.01538	0.02185	0.01280	0.01707	0.01066	0.00617	0.00678	0.00206	0.00823	0.00609	0.00335	0.01050
38	0.01829	0.76368	0.03585	0.01171	0.01756	0.02707	0.01171	0.02049	0.01390	0.01610	0.00951	0.01097	0.00878	0.00585	0.00439	0.00146	0.00732	0.00366	0.00293	0.00878
39	0.01007	0.00725	0.00918	0.01014	0.01103	0.00710	0.00700	0.07680	0.01497	0.01999	0.03562	0.68251	0.04195	0.02013	0.00855	0.00271	0.00432	0.01814	0.00640	0.00615
40	0.00931	0.00698	0.00863	0.00821	0.00999	0.00630	0.00616	0.01219	0.01848	0.02534	0.56250	0.05455	0.21664	0.01477	0.00807	0.00219	0.00328	0.01286	0.00726	0.00630
41	0.00968	0.00699	0.00914	0.00861	0.01022	0.00646	0.00646	0.01291	0.01937	0.02743	0.71328	0.05110	0.06455	0.01399	0.00807	0.00215	0.00323	0.01237	0.00753	0.00646
42	0.01258	0.01157	0.01923	0.60897	0.07306	0.01400	0.01752	0.01673	0.01379	0.01782	0.01568	0.09299	0.01398	0.00873	0.00713	0.00235	0.00845	0.03440	0.00351	0.00750
43	0.00834	0.00595	0.00794	0.00953	0.00992	0.00556	0.00635	0.00953	0.01310	0.01746	0.03771	0.75510	0.04525	0.02143	0.00873	0.00278	0.00397	0.01945	0.00635	0.00556
44	0.02194	0.01812	0.05890	0.01865	0.05517	0.01799	0.13372	0.37343	0.07318	0.08715	0.01917	0.04289	0.03023	0.00833	0.00714	0.00216	0.00791	0.00723	0.00599	0.01070
45	0.01829	0.76368	0.03585	0.01171	0.01756	0.02707	0.01171	0.02049	0.01390	0.01610	0.00951	0.01097	0.00878	0.00585	0.00439	0.00146	0.00732	0.00366	0.00293	0.00878
46	0.03070	0.01164	0.01588	0.01217	0.01746	0.01006	0.01006	0.03334	0.01958	0.72163	0.02699	0.02329	0.01694	0.00847	0.00688	0.00212	0.00582	0.00688	0.00847	0.01164
47	0.06974	0.03557	0.02034	0.04026	0.18084	0.06560	0.06804	0.08995	0.07074	0.04941	0.07318	0.02319	0.05216	0.01280	0.08156	0.00304	0.04270	0.00712	0.00475	0.00900
48	0.01460	0.03015	0.53362	0.02565	0.21763	0.01599	0.02411	0.02148	0.01475	0.02185	0.01244	0.01512	0.00926	0.00639	0.00657	0.00213	0.00957	0.00534	0.00302	0.01031
49	0.00995	0.00663	0.00746	0.00746	0.00746	0.00663	0.00415	0.00995	0.00995	0.01327	0.02156	0.04477	0.02487	0.75957	0.03482	0.00663	0.00663	0.00995	0.00415	0.00415
50	0.01029	0.00823	0.01337	0.01244	0.01412	0.00926	0.06389	0.01300	0.01141	0.01637	0.01796	0.02619	0.01656	0.04762	0.67381	0.01029	0.01778	0.00739	0.00365	0.00636
51	0.01865	0.02076	0.05440	0.02197	0.07746	0.18219	0.24703	0.02660	0.18756	0.04191	0.01858	0.02018	0.03547	0.00744	0.00716	0.00215	0.00947	0.00704	0.00455	0.00944
52	0.00995	0.00663	0.00746	0.00746	0.00746	0.00663	0.00415	0.00995	0.00995	0.01327	0.02156	0.04477	0.02487	0.75957	0.03482	0.00663	0.00663	0.00995	0.00415	0.00415
53	0.00834	0.00595	0.00794	0.00953	0.00992	0.00556	0.00635	0.00953	0.01310	0.01746	0.03771	0.75510	0.04525	0.02143	0.00873	0.00278	0.00397	0.01945	0.00635	0.00556
54	0.07364	0.63908	0.10167	0.01228	0.01844	0.02514	0.01274	0.02058	0.01379	0.01768	0.00978	0.01133	0.00867	0.00595	0.00459	0.00158	0.00745	0.00380	0.00302	0.00881
55	0.01048	0.00768	0.00989	0.00929	0.01096	0.00750	0.00711	0.01328	0.01786	0.04700	0.50565	0.07903	0.14879	0.01457	0.00911	0.00228	0.05602	0.02995	0.00699	0.00656
56	0.01387	0.00704	0.00729	0.00703	0.00892	0.00707	0.00534	0.01779	0.04717	0.06123	0.02282	0.02539	0.01766	0.00806	0.00499	0.00166	0.00343	0.00647	0.71993	0.00686
57	0.00977	0.00733	0.01100	0.01100	0.01222	0.00855	0.00855	0.01222	0.01100	0.01588	0.01833	0.02688	0.01710	0.05131	0.73245	0.01100	0.01833	0.00733	0.00367	0.00611
58	0.02012	0.01770	0.01923	0.12067	0.11602	0.12710	0.01397	0.14547	0.22521	0.07559	0.01866	0.01959	0.01402	0.00900	0.02536	0.00235	0.00810	0.00642	0.00541	0.01001
59	0.01693	0.01626	0.02777	0.04199	0.71689	0.01626	0.02100	0.02100	0.01558	0.02235	0.01287	0.01693	0.01084	0.00610	0.00677	0.00203	0.00813	0.00610	0.00339	0.01084
60	0.00834	0.00595	0.00794	0.00953	0.00992	0.00556	0.00635	0.00953	0.01310	0.01746	0.03771	0.75510	0.04525	0.02143	0.00873	0.00278	0.00397	0.01945	0.00635	0.00556
61	0.01174	0.00972	0.01071	0.01068	0.01267	0.02969	0.00783	0.01902	0.23013	0.02282	0.15867	0.30588	0.11246	0.01546	0.00792	0.00244	0.00447	0.01356	0.00667	0.00745
62	0.04457	0.01654	0.01586	0.04997	0.01859	0.17375	0.01112	0.13802	0.01911	0.16038	0.02162	0.16845	0.01984	0.01118	0.00781	0.00223	0.04159	0.04319	0.00577	0.03041
63	0.41511	0.01542	0.01515	0.01280	0.01666	0.07395	0.04904	0.08963	0.03940	0.02732	0.01199	0.01448	0.00966	0.01081	0.06576	0.00286	0.08040	0.00494	0.00432	0.04027

[dist]
# distance from previous block
# <min> <max>
1	11

[block]
# block no. 6 follows, 31 sequences, length 111
# corresponding to MSA columns:
# 486-596
name=unknown_G
#
# <colnr> <probs for GDERKNQSTAVLIFYWHMCP>
#	G	D	E	R	K	N	Q	S	T	A	V	L	I	F	Y	W	H	M	C	P
0	0.01884	0.10395	0.07792	0.05147	0.02264	0.19291	0.07895	0.06588	0.19547	0.02225	0.01646	0.03807	0.01330	0.00816	0.00775	0.00212	0.06385	0.00632	0.00451	0.00918
1	0.04539	0.01741	0.01864	0.01980	0.19018	0.14669	0.01256	0.04014	0.07061	0.02264	0.01331	0.01537	0.01086	0.00615	0.00586	0.00157	0.00728	0.00496	0.00410	0.34647
2	0.04231	0.01680	0.01982	0.04537	0.20014	0.09578	0.01387	0.20954	0.02083	0.14292	0.01826	0.09011	0.01508	0.00870	0.00683	0.00208	0.00752	0.00726	0.00553	0.03125
3	0.01716	0.41544	0.30187	0.01526	0.02256	0.08560	0.01712	0.02155	0.01460	0.01832	0.01068	0.01244	0.00874	0.00621	0.00537	0.00176	0.00885	0.00427	0.00297	0.00922
4	0.01622	0.01553	0.02648	0.16686	0.59761	0.01607	0.02064	0.02037	0.01524	0.02148	0.01274	0.01717	0.01053	0.00623	0.00678	0.00208	0.00830	0.00609	0.00332	0.01026
5	0.01275	0.00638	0.00638	0.00638	0.00797	0.00638	0.00478	0.01594	0.01435	0.02551	0.02232	0.02551	0.01754	0.00797	0.00478	0.00159	0.00319	0.00638	0.79755	0.00638
6	0.80789	0.01323	0.01006	0.00900	0.01323	0.01535	0.00741	0.02011	0.01164	0.03070	0.00953	0.01111	0.00741	0.00635	0.00423	0.00212	0.00529	0.00370	0.00423	0.00741
7	0.00995	0.00663	0.00746	0.00746	0.00746	0.00663	0.00415	0.00995	0.00995	0.01327	0.02156	0.04477	0.02487	0.75957	0.03482	0.00663	0.00663	0.00995	0.00415	0.00415
8	0.00821	0.00694	0.00711	0.00706	0.00932	0.00583	0.00530	0.01006	0.01589	0.01919	0.12034	0.06467	0.66264	0.01706	0.00808	0.00230	0.00345	0.01428	0.00645	0.00583
9	0.01292	0.01216	0.02052	0.74312	0.04712	0.01520	0.01900	0.01748	0.01368	0.01748	0.01216	0.01824	0.00912	0.00684	0.00684	0.00228	0.00912	0.00608	0.00304	0.00760
10	0.00809	0.00693	0.00693	0.00693	0.00924	0.00578	0.00520	0.00982	0.01559	0.01848	0.06931	0.06584	0.71411	0.01733	0.00809	0.00231	0.00347	0.01444	0.00635	0.00578
11	0.02491	0.09780	0.02086	0.01710	0.02083	0.66923	0.01308	0.02671	0.01890	0.01669	0.01048	0.01222	0.00881	0.00694	0.00601	0.00174	0.01189	0.00434	0.00347	0.00801
12	0.22023	0.01672	0.02193	0.08066	0.42414	0.08299	0.01664	0.02111	0.01479	0.02362	0.01175	0.01510	0.00965	0.00630	0.00607	0.00205	0.00786	0.00532	0.00359	0.00946
13	0.01422	0.11477	0.64910	0.01865	0.02830	0.01711	0.02380	0.02154	0.01438	0.02106	0.01198	0.01407	0.00868	0.00643	0.00627	0.00209	0.00981	0.00490	0.00289	0.00997
14	0.02640	0.01853	0.02014	0.01544	0.02090	0.02027	0.01275	0.63834	0.03110	0.10035	0.01732	0.01700	0.01208	0.00823	0.00685	0.00206	0.00738	0.00622	0.00698	0.01164
15	0.00968	0.00699	0.00914	0.00861	0.01022	0.00646	0.00646	0.01291	0.01937	0.02743	0.71328	0.05110	0.06455	0.01399	0.00807	0.00215	0.00323	0.01237	0.00753	0.00646
16	0.00968	0.00699	0.00914	0.00861	0.01022	0.00646	0.00646	0.01291	0.01937	0.02743	0.71328	0.05110	0.06455	0.01399	0.00807	0.00215	0.00323	0.01237	0.00753	0.00646
17	0.01419	0.01216	0.01419	0.01013	0.01621	0.00912	0.00811	0.01723	0.01419	0.02229	0.01216	0.01419	0.01013	0.00507	0.00507	0.00101	0.00507	0.00405	0.00405	0.80139
18	0.00979	0.00727	0.01070	0.01070	0.01182	0.00839	0.00818	0.01203	0.01091	0.01566	0.01860	0.02839	0.01776	0.11106	0.67360	0.01063	0.01734	0.00755	0.00371	0.00594
19	0.01622	0.01400	0.01471	0.01330	0.01703	0.01601	0.01033	0.03399	0.64309	0.02771	0.03154	0.02912	0.08271	0.01000	0.00706	0.00232	0.00524	0.00833	0.00691	0.01038
20	0.00930	0.00689	0.00867	0.00841	0.01003	0.00626	0.00624	0.01209	0.01818	0.02505	0.54516	0.11635	0.17164	0.01521	0.00813	0.00223	0.00333	0.01335	0.00723	0.00626
21	0.01406	0.01316	0.02220	0.41758	0.28552	0.01492	0.01869	0.01823	0.01410	0.01908	0.01303	0.01862	0.01053	0.01097	0.07854	0.00305	0.00967	0.00621	0.00323	0.00862
22	0.04365	0.44919	0.02844	0.01385	0.01878	0.28976	0.01211	0.02337	0.01604	0.03558	0.01038	0.01182	0.00897	0.00638	0.00512	0.00161	0.00910	0.00403	0.00334	0.00850
23	0.48809	0.01969	0.06365	0.03012	0.01769	0.17972	0.01075	0.07841	0.01538	0.02759	0.01060	0.01225	0.00822	0.00669	0.00512	0.00204	0.00752	0.00422	0.00417	0.00808
24	0.01409	0.01919	0.17968	0.01883	0.02401	0.06235	0.23279	0.01987	0.07632	0.02058	0.02079	0.20084	0.02015	0.04760	0.00898	0.00257	0.00862	0.01002	0.00440	0.00832
25	0.01675	0.01677	0.03074	0.03889	0.55604	0.01650	0.17947	0.02121	0.01571	0.02225	0.01310	0.01729	0.01073	0.00602	0.00708	0.00210	0.00893	0.00656	0.00340	0.01046
26	0.00992	0.00729	0.01047	0.01058	0.01178	0.00806	0.00819	0.01232	0.01242	0.01752	0.10220	0.03697	0.02587	0.10631	0.50405	0.00869	0.01416	0.08275	0.00446	0.00600
27	0.00968	0.00699	0.00914	0.00861	0.01022	0.00646	0.00646	0.01291	0.01937	0.02743	0.71328	0.05110	0.06455	0.01399	0.00807	0.00215	0.00323	0.01237	0.00753	0.00646
28	0.01419	0.01216	0.01419	0.01013	0.01621	0.00912	0.00811	0.01723	0.01419	0.02229	0.01216	0.01419	0.01013	0.00507	0.00507	0.00101	0.00507	0.00405	0.00405	0.80139
29	0.00846	0.00605	0.00805	0.00944	0.00995	0.00564	0.00636	0.00983	0.01366	0.01835	0.09795	0.69232	0.04697	0.02077	0.00867	0.00272	0.00390	0.01882	0.00646	0.00564
30	0.00995	0.00663	0.00746	0.00746	0.00746	0.00663	0.00415	0.00995	0.00995	0.01327	0.02156	0.04477	0.02487	0.75957	0.03482	0.00663	0.00663	0.00995	0.00415	0.00415
31	0.00977	0.00733	0.01100	0.01100	0.01222	0.00855	0.00855	0.01222	0.01100	0.01588	0.01833	0.02688	0.01710	0.05131	0.73245	0.01100	0.01833	0.00733	0.00367	0.00611
32	0.00995	0.00663	0.00746	0.00746	0.00746	0.00663	0.00415	0.00995	0.00995	0.01327	0.02156	0.04477	0.02487	0.75957	0.03482	0.00663	0.00663	0.00995	0.00415	0.00415
33	0.01372	0.03539	0.72412	0.01950	0.02961	0.01589	0.02528	0.02167	0.01444	0.02167	0.01228	0.01444	0.00867	0.00650	0.00650	0.00217	0.01011	0.00506	0.00289	0.01011
34	0.80789	0.01323	0.01006	0.00900	0.01323	0.01535	0.00741	0.02011	0.01164	0.03070	0.00953	0.01111	0.00741	0.00635	0.00423	0.00212	0.00529	0.00370	0.00423	0.00741
35	0.01413	0.10034	0.66274	0.01880	0.02854	0.01689	0.02407	0.02156	0.01440	0.02117	0.01203	0.01413	0.00868	0.00644	0.00631	0.00210	0.00986	0.00493	0.00289	0.00999
36	0.01702	0.01470	0.01547	0.01392	0.01779	0.01702	0.01083	0.03635	0.70453	0.02862	0.02785	0.02553	0.02088	0.00928	0.00696	0.00232	0.00541	0.00773	0.00696	0.01083
37	0.01571	0.36312	0.34795	0.01479	0.02221	0.02011	0.01729	0.02062	0.01419	0.01948	0.01192	0.01386	0.00951	0.00634	0.00539	0.00180	0.00823	0.00454	0.07377	0.00917
38	0.02602	0.02930	0.01925	0.01696	0.02087	0.58788	0.01294	0.10939	0.02097	0.07583	0.01259	0.01371	0.00980	0.00730	0.00631	0.00183	0.01123	0.00482	0.00432	0.00868
39	0.00834	0.00595	0.00794	0.00953	0.00992	0.00556	0.00635	0.00953	0.01310	0.01746	0.03771	0.75510	0.04525	0.02143	0.00873	0.00278	0.00397	0.01945	0.00635	0.00556
40	0.01534	0.01449	0.02412	0.05720	0.57778	0.01444	0.01837	0.01899	0.01533	0.02147	0.01985	0.07983	0.07623	0.00833	0.00705	0.00212	0.00741	0.00790	0.00388	0.00987
41	0.01123	0.01002	0.01706	0.01659	0.07207	0.00964	0.15810	0.01470	0.05394	0.01947	0.02994	0.49293	0.03347	0.01608	0.00833	0.00259	0.00604	0.01522	0.00552	0.00708
42	0.01665	0.01597	0.02726	0.09141	0.66969	0.01618	0.02086	0.02075	0.01544	0.02201	0.01282	0.01702	0.01072	0.00615	0.00678	0.00205	0.00820	0.00609	0.00336	0.01061
43	0.03028	0.01231	0.01629	0.01249	0.01780	0.01105	0.01032	0.09227	0.02070	0.66112	0.02605	0.02267	0.01646	0.00844	0.00688	0.00211	0.00597	0.00682	0.00832	0.01164
44	0.01682	0.26840	0.38574	0.01829	0.08271	0.01909	0.01930	0.02215	0.01477	0.07539	0.01260	0.01423	0.00954	0.00641	0.00587	0.00192	0.00870	0.00483	0.00339	0.00986
45	0.01597	0.01478	0.02378	0.02843	0.34329	0.01515	0.10919	0.06131	0.13213	0.02364	0.01894	0.10575	0.01689	0.01095	0.04631	0.00269	0.00817	0.00828	0.00456	0.00979
46	0.00834	0.00595	0.00794	0.00953	0.00992	0.00556	0.00635	0.00953	0.01310	0.01746	0.03771	0.75510	0.04525	0.02143	0.00873	0.00278	0.00397	0.01945	0.00635	0.00556
47	0.07885	0.02890	0.46741	0.01858	0.06264	0.05732	0.02034	0.09778	0.01657	0.02479	0.01305	0.01507	0.00955	0.00678	0.00625	0.00209	0.00905	0.00517	0.05004	0.00976
48	0.71728	0.03949	0.01129	0.00918	0.01362	0.01527	0.00762	0.01990	0.01192	0.02952	0.00973	0.01135	0.00767	0.00623	0.00431	0.00201	0.00535	0.00373	0.00417	0.07038
49	0.01188	0.00594	0.00891	0.00891	0.00891	0.00594	0.00594	0.00891	0.00891	0.01188	0.01188	0.02080	0.01188	0.02377	0.02674	0.80095	0.00594	0.00594	0.00297	0.00297
50	0.01803	0.70435	0.03467	0.01220	0.01759	0.02659	0.01196	0.02017	0.01363	0.01613	0.00947	0.01129	0.00880	0.00634	0.00582	0.00158	0.06594	0.00384	0.00293	0.00868
51	0.00834	0.00595	0.00794	0.00953	0.00992	0.00556	0.00635	0.00953	0.01310	0.01746	0.03771	0.75510	0.04525	0.02143	0.00873	0.00278	0.00397	0.01945	0.00635	0.00556
52	0.02810	0.01580	0.01845	0.01415	0.01954	0.01623	0.01169	0.39874	0.02654	0.34640	0.02115	0.01949	0.01400	0.00833	0.00686	0.00208	0.00677	0.00648	0.00757	0.01164
53	0.00977	0.00733	0.01100	0.01100	0.01222	0.00855	0.00855	0.01222	0.01100	0.01588	0.01833	0.02688	0.01710	0.05131	0.73245	0.01100	0.01833	0.00733	0.00367	0.00611
54	0.00834	0.00595	0.00794	0.00953	0.00992	0.00556	0.00635	0.00953	0.01310	0.01746	0.03771	0.75510	0.04525	0.02143	0.00873	0.00278	0.00397	0.01945	0.00635	0.00556
55	0.01693	0.01626	0.02777	0.04199	0.71689	0.01626	0.02100	0.02100	0.01558	0.02235	0.01287	0.01693	0.01084	0.00610	0.00677	0.00203	0.00813	0.00610	0.00339	0.01084
56	0.00995	0.00663	0.00746	0.00746	0.00746	0.00663	0.00415	0.00995	0.00995	0.01327	0.02156	0.04477	0.02487	0.75957	0.03482	0.00663	0.00663	0.00995	0.00415	0.00415
57	0.01275	0.00638	0.00638	0.00638	0.00797	0.00638	0.00478	0.01594	0.01435	0.02551	0.02232	0.02551	0.01754	0.00797	0.00478	0.00159	0.00319	0.00638	0.79755	0.00638
58	0.01275	0.00638	0.00638	0.00638	0.00797	0.00638	0.00478	0.01594	0.01435	0.02551	0.02232	0.02551	0.01754	0.00797	0.00478	0.00159	0.00319	0.00638	0.79755	0.00638
59	0.01693	0.01626	0.02777	0.04199	0.71689	0.01626	0.02100	0.02100	0.01558	0.02235	0.01287	0.01693	0.01084	0.00610	0.00677	0.00203	0.00813	0.00610	0.00339	0.01084
60	0.00956	0.00699	0.00897	0.00847	0.01014	0.00640	0.00636	0.01267	0.01907	0.02673	0.66225	0.05227	0.11603	0.01425	0.00807	0.00216	0.00325	0.01254	0.00744	0.00640
61	0.01615	0.01845	0.04037	0.02884	0.03576	0.01730	0.69204	0.02191	0.01615	0.02191	0.01384	0.01845	0.01038	0.00577	0.00807	0.00231	0.01153	0.00807	0.00346	0.00923
62	0.80789	0.01323	0.01006	0.00900	0.01323	0.01535	0.00741	0.02011	0.01164	0.03070	0.00953	0.01111	0.00741	0.00635	0.00423	0.00212	0.00529	0.00370	0.00423	0.00741
63	0.00809	0.00693	0.00693	0.00693	0.00924	0.00578	0.00520	0.00982	0.01559	0.01848	0.06931	0.06584	0.71411	0.01733	0.00809	0.00231	0.00347	0.01444	0.00635	0.00578
64	0.01341	0.01266	0.02141	0.65732	0.12909	0.01533	0.01924	0.01791	0.01391	0.01808	0.01225	0.01808	0.00933	0.00675	0.00683	0.00225	0.00900	0.00608	0.00308	0.00800
65	0.02601	0.03074	0.01907	0.01714	0.02082	0.66771	0.01294	0.02786	0.01940	0.07960	0.01204	0.01331	0.00954	0.00718	0.00623	0.00179	0.01176	0.00463	0.00397	0.00826
66	0.01372	0.03539	0.72412	0.01950	0.02961	0.01589	0.02528	0.02167	0.01444	0.02167	0.01228	0.01444	0.00867	0.00650	0.00650	0.00217	0.01011	0.00506	0.00289	0.01011
67	0.00834	0.00595	0.00794	0.00953	0.00992	0.00556	0.00635	0.00953	0.01310	0.01746	0.03771	0.75510	0.04525	0.02143	0.00873	0.00278	0.00397	0.01945	0.00635	0.00556
68	0.00995	0.00663	0.00746	0.00746	0.00746	0.00663	0.00415	0.00995	0.00995	0.01327	0.02156	0.04477	0.02487	0.75957	0.03482	0.00663	0.00663	0.00995	0.00415	0.00415
69	0.02810	0.01549	0.08011	0.01365	0.01941	0.01314	0.01209	0.18416	0.02202	0.50326	0.02325	0.02092	0.01498	0.00823	0.00684	0.00211	0.00660	0.00655	0.00760	0.01150
70	0.02407	0.01955	0.02113	0.01845	0.08293	0.07708	0.01393	0.51424	0.02753	0.03654	0.01491	0.01600	0.01108	0.00830	0.00833	0.00212	0.08106	0.00600	0.00589	0.01086
71	0.01573	0.35489	0.42218	0.01608	0.02432	0.02079	0.01932	0.02115	0.01421	0.01922	0.01106	0.01292	0.00872	0.00622	0.00557	0.00186	0.00888	0.00444	0.00291	0.00953
72	0.02087	0.01943	0.01745	0.01511	0.01928	0.16570	0.01183	0.18705	0.40704	0.02953	0.02163	0.02069	0.01624	0.00857	0.00677	0.00214	0.00733	0.00668	0.00622	0.01042
73	0.01205	0.00652	0.00701	0.00689	0.00849	0.00639	0.00517	0.01524	0.01550	0.02595	0.18111	0.03139	0.02834	0.00935	0.00554	0.00172	0.00320	0.00775	0.61598	0.00639
74	0.02634	0.01689	0.01936	0.01500	0.01999	0.01831	0.01240	0.46978	0.02720	0.21619	0.01856	0.01808	0.01279	0.00858	0.00809	0.00214	0.06569	0.00633	0.00696	0.01131
75	0.00968	0.00699	0.00914	0.00861	0.01022	0.00646	0.00646	0.01291	0.01937	0.02743	0.71328	0.05110	0.06455	0.01399	0.00807	0.00215	0.00323	0.01237	0.00753	0.00646
