[name]
unknown

[dist]
# distance from previous block
# <min> <max>
0	25

[block]
# block no. 0 follows, 35 sequences, length 128
# corresponding to MSA columns:
# 28-79,86-99,103-105,114-117,119-173
name=unknown_A
#
# <colnr> <probs for GDERKNQSTAVLIFYWHMCP>
#	G	D	E	R	K	N	Q	S	T	A	V	L	I	F	Y	W	H	M	C	P
0	0.03360	0.01380	0.02307	0.17769	0.54342	0.01437	0.01815	0.01835	0.01402	0.01988	0.01375	0.01873	0.02893	0.00643	0.00635	0.00197	0.00749	0.02762	0.00325	0.00914
1	0.00923	0.00615	0.00692	0.00692	0.00692	0.00615	0.00384	0.00923	0.00923	0.01230	0.01999	0.04151	0.02306	0.77705	0.03229	0.00615	0.00615	0.00923	0.00384	0.00384
2	0.01684	0.58016	0.15678	0.01263	0.01855	0.09029	0.01320	0.01977	0.01345	0.01589	0.00936	0.01086	0.00813	0.00564	0.00457	0.00150	0.00767	0.00368	0.00276	0.00829
3	0.01297	0.07579	0.70334	0.01767	0.02681	0.01533	0.02272	0.02003	0.01336	0.01979	0.01124	0.01321	0.00804	0.00599	0.00591	0.00197	0.00923	0.00461	0.00268	0.00930
4	0.01570	0.01507	0.02575	0.03894	0.73748	0.01507	0.01947	0.01947	0.01444	0.02073	0.01193	0.01570	0.01005	0.00565	0.00628	0.00188	0.00754	0.00565	0.00314	0.01005
5	0.01377	0.21757	0.56859	0.01630	0.02470	0.01729	0.02033	0.01982	0.01327	0.01881	0.01075	0.01260	0.00806	0.00588	0.00554	0.00185	0.00874	0.00437	0.00269	0.00907
6	0.04748	0.01832	0.01869	0.01451	0.01945	0.06156	0.01192	0.65618	0.02859	0.03824	0.01473	0.01487	0.01052	0.00750	0.00624	0.00189	0.00718	0.00555	0.00610	0.01048
7	0.00829	0.00643	0.00755	0.00733	0.00907	0.00568	0.00547	0.01061	0.01624	0.02150	0.41823	0.07775	0.35390	0.01455	0.00751	0.00208	0.00311	0.01253	0.00647	0.00568
8	0.02412	0.01777	0.01904	0.01460	0.01967	0.01967	0.01206	0.71633	0.02983	0.03998	0.01523	0.01523	0.01079	0.00762	0.00635	0.00190	0.00698	0.00571	0.00635	0.01079
9	0.59824	0.01310	0.01126	0.00957	0.01361	0.01493	0.00787	0.17184	0.01513	0.03071	0.01095	0.01218	0.00829	0.00636	0.00449	0.00192	0.00525	0.00408	0.05255	0.00767
10	0.00966	0.00755	0.00889	0.00843	0.01036	0.00734	0.00635	0.01461	0.12750	0.02341	0.44785	0.07154	0.20595	0.01323	0.00735	0.00207	0.00338	0.01146	0.00662	0.00645
11	0.01410	0.01567	0.03365	0.02442	0.03011	0.01469	0.62415	0.01898	0.01485	0.02017	0.04377	0.08425	0.01447	0.00692	0.00754	0.00217	0.00977	0.00857	0.00359	0.00816
12	0.01497	0.01711	0.03743	0.02674	0.03316	0.01604	0.71444	0.02032	0.01497	0.02032	0.01283	0.01711	0.00963	0.00535	0.00749	0.00214	0.01070	0.00749	0.00321	0.00856
13	0.00773	0.00552	0.00736	0.00883	0.00920	0.00515	0.00589	0.00883	0.01215	0.01619	0.03497	0.77291	0.04196	0.01987	0.00810	0.00258	0.00368	0.01803	0.00589	0.00515
14	0.01570	0.01507	0.02575	0.03894	0.73748	0.01507	0.01947	0.01947	0.01444	0.02073	0.01193	0.01570	0.01005	0.00565	0.00628	0.00188	0.00754	0.00565	0.00314	0.01005
15	0.02412	0.01777	0.01904	0.01460	0.01967	0.01967	0.01206	0.71633	0.02983	0.03998	0.01523	0.01523	0.01079	0.00762	0.00635	0.00190	0.00698	0.00571	0.00635	0.01079
16	0.02412	0.01777	0.01904	0.01460	0.01967	0.01967	0.01206	0.71633	0.02983	0.03998	0.01523	0.01523	0.01079	0.00762	0.00635	0.00190	0.00698	0.00571	0.00635	0.01079
17	0.00890	0.00648	0.00837	0.00790	0.00943	0.00595	0.00592	0.01182	0.01777	0.02499	0.69763	0.04813	0.09665	0.01314	0.00748	0.00200	0.00300	0.01158	0.00692	0.00595
18	0.01497	0.01711	0.03743	0.02674	0.03316	0.01604	0.71444	0.02032	0.01497	0.02032	0.01283	0.01711	0.00963	0.00535	0.00749	0.00214	0.01070	0.00749	0.00321	0.00856
19	0.01570	0.01507	0.02575	0.03894	0.73748	0.01507	0.01947	0.01947	0.01444	0.02073	0.01193	0.01570	0.01005	0.00565	0.00628	0.00188	0.00754	0.00565	0.00314	0.01005
20	0.74408	0.01280	0.01027	0.00895	0.01299	0.01476	0.00738	0.08667	0.01265	0.02959	0.00946	0.01079	0.00725	0.00606	0.00416	0.00196	0.00511	0.00366	0.00416	0.00725
21	0.00750	0.00643	0.00643	0.00643	0.00857	0.00536	0.00482	0.00910	0.01446	0.01714	0.06427	0.06105	0.73490	0.01607	0.00750	0.00214	0.00321	0.01339	0.00589	0.00536
22	0.01211	0.01141	0.01926	0.73665	0.06783	0.01413	0.01768	0.01632	0.01275	0.01637	0.01130	0.01687	0.00851	0.00632	0.00634	0.00211	0.00842	0.00564	0.00283	0.00715
23	0.04729	0.01569	0.01610	0.01307	0.01754	0.10010	0.01053	0.22706	0.16824	0.28666	0.02014	0.01869	0.01392	0.00773	0.00624	0.00195	0.00646	0.00600	0.00648	0.01012
24	0.01531	0.01467	0.02504	0.11578	0.66373	0.01497	0.01927	0.01912	0.01426	0.02025	0.01186	0.01583	0.00988	0.00573	0.00629	0.00191	0.00763	0.00565	0.00311	0.00973
25	0.00773	0.00552	0.00736	0.00883	0.00920	0.00515	0.00589	0.00883	0.01215	0.01619	0.03497	0.77291	0.04196	0.01987	0.00810	0.00258	0.00368	0.01803	0.00589	0.00515
26	0.00834	0.00657	0.00963	0.00988	0.01098	0.00606	0.05996	0.00996	0.01301	0.01724	0.08413	0.58713	0.11719	0.01787	0.00794	0.00246	0.00412	0.01627	0.00576	0.00549
27	0.01342	0.15550	0.62759	0.01690	0.02562	0.01643	0.02138	0.01991	0.01331	0.01924	0.01096	0.01287	0.00805	0.00593	0.00571	0.00190	0.00895	0.00448	0.00268	0.00917
28	0.01395	0.01223	0.02119	0.01682	0.02058	0.01202	0.28492	0.05752	0.11749	0.06261	0.02290	0.26237	0.02207	0.01083	0.00732	0.00224	0.00689	0.01064	0.02755	0.00785
29	0.00911	0.00661	0.00924	0.00924	0.01004	0.00741	0.00674	0.01071	0.00991	0.01402	0.01787	0.02976	0.01796	0.26043	0.54193	0.00902	0.01383	0.00751	0.00353	0.00513
30	0.01315	0.01128	0.01315	0.00940	0.01503	0.00846	0.00752	0.01597	0.01315	0.02067	0.01128	0.01315	0.00940	0.00470	0.00470	0.00094	0.00470	0.00376	0.00376	0.81583
31	0.01298	0.03958	0.04665	0.01634	0.08074	0.01557	0.01252	0.01578	0.04910	0.01655	0.01326	0.07044	0.01307	0.05702	0.09435	0.00349	0.40180	0.00670	0.00337	0.03068
32	0.00776	0.00570	0.00729	0.00854	0.00920	0.00524	0.00583	0.00898	0.01256	0.01641	0.03943	0.64586	0.14832	0.01923	0.00802	0.00252	0.00366	0.03435	0.00589	0.00520
33	0.01439	0.16662	0.57390	0.01639	0.02479	0.01629	0.02036	0.02051	0.01358	0.06062	0.01171	0.01328	0.00850	0.00602	0.00569	0.00189	0.00868	0.00455	0.00298	0.00923
34	0.19001	0.11088	0.03921	0.01363	0.03569	0.14784	0.01110	0.23389	0.11323	0.02734	0.01336	0.01399	0.01022	0.00683	0.00545	0.00184	0.00713	0.00483	0.00468	0.00887
35	0.01105	0.00963	0.01364	0.01251	0.01306	0.01245	0.00995	0.01273	0.00990	0.01470	0.01375	0.02208	0.01351	0.10648	0.37998	0.00675	0.32209	0.00653	0.00319	0.00600
36	0.00771	0.00633	0.00678	0.00688	0.00875	0.00541	0.00508	0.00943	0.01464	0.01807	0.14428	0.13735	0.57512	0.01610	0.00756	0.00217	0.00324	0.01366	0.00603	0.00541
37	0.01655	0.70781	0.10268	0.01156	0.01737	0.02409	0.01208	0.01910	0.01294	0.01543	0.00907	0.01049	0.00813	0.00549	0.00426	0.00142	0.00704	0.00352	0.00271	0.00826
38	0.04189	0.01354	0.01815	0.01487	0.01835	0.08459	0.17418	0.09101	0.09544	0.06123	0.13635	0.15817	0.02554	0.01036	0.00705	0.00213	0.00666	0.02738	0.00533	0.00780
39	0.00773	0.00644	0.00675	0.00667	0.00871	0.00546	0.00500	0.00956	0.01501	0.01846	0.17057	0.05888	0.62778	0.01557	0.00750	0.00212	0.00318	0.01308	0.00606	0.00546
40	0.00778	0.00574	0.00729	0.00846	0.00919	0.00526	0.00580	0.00905	0.01274	0.01664	0.05664	0.61712	0.16166	0.01900	0.00799	0.00250	0.00363	0.03237	0.00591	0.00522
41	0.01315	0.01128	0.01315	0.00940	0.01503	0.00846	0.00752	0.01597	0.01315	0.02067	0.01128	0.01315	0.00940	0.00470	0.00470	0.00094	0.00470	0.00376	0.00376	0.81583
42	0.01570	0.01507	0.02575	0.03894	0.73748	0.01507	0.01947	0.01947	0.01444	0.02073	0.01193	0.01570	0.01005	0.00565	0.00628	0.00188	0.00754	0.00565	0.00314	0.01005
43	0.01570	0.01507	0.02575	0.03894	0.73748	0.01507	0.01947	0.01947	0.01444	0.02073	0.01193	0.01570	0.01005	0.00565	0.00628	0.00188	0.00754	0.00565	0.00314	0.01005
44	0.01672	0.73789	0.07409	0.01127	0.01692	0.02451	0.01158	0.01906	0.01292	0.01522	0.00897	0.01036	0.00814	0.00546	0.00418	0.00139	0.00693	0.00347	0.00271	0.00821
45	0.02168	0.01460	0.01620	0.01319	0.01748	0.05832	0.02883	0.21350	0.23658	0.23285	0.06215	0.02128	0.01743	0.00817	0.00645	0.00199	0.00607	0.00663	0.00658	0.01002
46	0.00906	0.00623	0.00765	0.00778	0.00805	0.00644	0.00489	0.00964	0.00969	0.01315	0.02066	0.10179	0.02318	0.55645	0.18266	0.00670	0.00823	0.00948	0.00393	0.00434
47	0.01230	0.01160	0.01960	0.70056	0.10248	0.01418	0.01777	0.01648	0.01283	0.01659	0.01133	0.01681	0.00859	0.00628	0.00634	0.00209	0.00838	0.00564	0.00285	0.00730
48	0.00762	0.00630	0.00670	0.00699	0.00881	0.00538	0.00517	0.00918	0.01407	0.01703	0.05837	0.18206	0.59623	0.01676	0.00764	0.00224	0.00337	0.03485	0.00589	0.00534
49	0.01193	0.00709	0.00927	0.00851	0.01049	0.00641	0.00645	0.01459	0.01726	0.13982	0.51884	0.11114	0.08740	0.01295	0.00736	0.00205	0.00346	0.01136	0.00696	0.00665
50	0.01570	0.01507	0.02575	0.03894	0.73748	0.01507	0.01947	0.01947	0.01444	0.02073	0.01193	0.01570	0.01005	0.00565	0.00628	0.00188	0.00754	0.00565	0.00314	0.01005
51	0.01183	0.00591	0.00591	0.00591	0.00739	0.00591	0.00443	0.01478	0.01330	0.02365	0.02069	0.02365	0.01626	0.00739	0.00443	0.00148	0.00296	0.00591	0.81227	0.00591
52	0.01392	0.01400	0.02008	0.01702	0.01725	0.01931	0.03920	0.01545	0.00991	0.01545	0.00849	0.01400	0.00837	0.01090	0.02034	0.00275	0.73816	0.00562	0.00279	0.00700
53	0.01672	0.73869	0.07333	0.01126	0.01691	0.02452	0.01156	0.01906	0.01292	0.01522	0.00896	0.01036	0.00814	0.00546	0.00418	0.00139	0.00693	0.00347	0.00271	0.00821
54	0.01388	0.01388	0.01943	0.01666	0.01666	0.01943	0.01388	0.01527	0.00972	0.01527	0.00833	0.01388	0.00833	0.01110	0.02082	0.00278	0.76544	0.00555	0.00278	0.00694
55	0.00760	0.00640	0.00658	0.00660	0.00865	0.00539	0.00493	0.00928	0.01461	0.01763	0.10533	0.08274	0.67064	0.01599	0.00752	0.00215	0.00321	0.01342	0.00596	0.00539
56	0.01272	0.03281	0.74418	0.01808	0.02746	0.01473	0.02344	0.02009	0.01339	0.02009	0.01138	0.01339	0.00804	0.00603	0.00603	0.00201	0.00938	0.00469	0.00268	0.00938
57	0.00755	0.00623	0.00663	0.00696	0.00871	0.00531	0.00506	0.00904	0.01395	0.01693	0.05777	0.21885	0.58130	0.01691	0.00763	0.00224	0.00332	0.01442	0.00589	0.00531
58	0.00814	0.00625	0.00757	0.00844	0.00975	0.00567	0.00634	0.00982	0.01359	0.01715	0.04655	0.34123	0.32156	0.01785	0.00799	0.00247	0.00393	0.15444	0.00588	0.00538
59	0.00983	0.00661	0.00855	0.00817	0.00976	0.00603	0.00608	0.01246	0.01698	0.06483	0.55710	0.13926	0.10266	0.01377	0.00750	0.00208	0.00323	0.01215	0.00682	0.00611
60	0.02346	0.02863	0.01794	0.01608	0.01951	0.66565	0.01217	0.08305	0.04312	0.01793	0.01080	0.01217	0.00877	0.00670	0.00580	0.00167	0.01085	0.00433	0.00363	0.00773
61	0.27067	0.01438	0.01475	0.01190	0.01642	0.01575	0.00975	0.30381	0.10102	0.15691	0.01616	0.01577	0.01141	0.00724	0.00562	0.00196	0.00584	0.00529	0.00587	0.00949
62	0.07311	0.01171	0.01468	0.01140	0.01614	0.01097	0.00937	0.11718	0.03771	0.54308	0.04805	0.02084	0.01605	0.00782	0.00622	0.00193	0.00545	0.00625	0.00723	0.03480
63	0.82186	0.01227	0.00932	0.00834	0.01227	0.01423	0.00687	0.01865	0.01080	0.02846	0.00883	0.01031	0.00687	0.00589	0.00393	0.00196	0.00491	0.00344	0.00393	0.00687
64	0.01407	0.27124	0.51758	0.01578	0.02390	0.01804	0.01943	0.01974	0.01323	0.01844	0.01057	0.01237	0.00807	0.00584	0.00540	0.00180	0.00855	0.00427	0.00269	0.00898
65	0.00952	0.00843	0.01479	0.01319	0.01512	0.00786	0.18153	0.01169	0.01293	0.01725	0.03048	0.56123	0.05758	0.01614	0.00793	0.00245	0.00540	0.01526	0.00522	0.00600
66	0.00792	0.00570	0.00751	0.00862	0.00922	0.00529	0.00587	0.00934	0.01314	0.01769	0.14653	0.63422	0.06810	0.01865	0.00798	0.00247	0.00356	0.01684	0.00606	0.00529
67	0.00923	0.00615	0.00692	0.00692	0.00692	0.00615	0.00384	0.00923	0.00923	0.01230	0.01999	0.04151	0.02306	0.77705	0.03229	0.00615	0.00615	0.00923	0.00384	0.00384
68	0.00922	0.00617	0.00703	0.00703	0.00707	0.00621	0.00399	0.00930	0.00926	0.01239	0.01988	0.04094	0.02281	0.75167	0.05733	0.00629	0.00653	0.00914	0.00383	0.00391
69	0.01203	0.01134	0.01904	0.74272	0.04300	0.01423	0.01752	0.01618	0.01261	0.01618	0.01120	0.01684	0.00845	0.00646	0.00671	0.00213	0.02784	0.00564	0.00282	0.00704
70	0.01467	0.01515	0.02561	0.02004	0.02245	0.01828	0.25480	0.04520	0.01233	0.01800	0.01016	0.01505	0.00887	0.00898	0.01565	0.00252	0.47530	0.00622	0.00307	0.00765
71	0.01198	0.01128	0.01903	0.76180	0.04369	0.01409	0.01762	0.01621	0.01268	0.01621	0.01128	0.01691	0.00846	0.00634	0.00634	0.00211	0.00846	0.00564	0.00282	0.00705
72	0.01350	0.16976	0.61403	0.01676	0.02541	0.01663	0.02114	0.01989	0.01330	0.01914	0.01091	0.01280	0.00806	0.00592	0.00567	0.00189	0.00890	0.00445	0.00269	0.00915
73	0.64712	0.03934	0.01118	0.00908	0.01306	0.01482	0.00752	0.10607	0.01340	0.02916	0.01032	0.01169	0.00795	0.00618	0.00426	0.00191	0.00512	0.00386	0.05063	0.00735
74	0.01526	0.01322	0.01704	0.01296	0.01786	0.05971	0.11426	0.07018	0.01546	0.06301	0.04081	0.06258	0.01451	0.00696	0.00585	0.00150	0.00618	0.02981	0.00439	0.42845
75	0.01102	0.00551	0.00826	0.00826	0.00826	0.00551	0.00551	0.00826	0.00826	0.01102	0.01102	0.01928	0.01102	0.02204	0.02479	0.81543	0.00551	0.00551	0.00275	0.00275
76	0.00972	0.00710	0.00964	0.01083	0.01232	0.00702	0.00925	0.01238	0.01425	0.01841	0.03663	0.09074	0.12543	0.01914	0.05127	0.00323	0.00607	0.54512	0.00571	0.00575
77	0.01315	0.01128	0.01315	0.00940	0.01503	0.00846	0.00752	0.01597	0.01315	0.02067	0.01128	0.01315	0.00940	0.00470	0.00470	0.00094	0.00470	0.00376	0.00376	0.81583
78	0.01578	0.01363	0.01434	0.01291	0.01650	0.01578	0.01004	0.03371	0.72602	0.02654	0.02582	0.02367	0.01937	0.00861	0.00646	0.00215	0.00502	0.00717	0.00646	0.01004
79	0.00773	0.00552	0.00736	0.00883	0.00920	0.00515	0.00589	0.00883	0.01215	0.01619	0.03497	0.77291	0.04196	0.01987	0.00810	0.00258	0.00368	0.01803	0.00589	0.00515
80	0.01302	0.01234	0.02091	0.55923	0.23812	0.01437	0.01814	0.01712	0.01318	0.01747	0.01146	0.01657	0.00890	0.00615	0.00633	0.00205	0.00820	0.00564	0.00291	0.00789
81	0.00773	0.00552	0.00736	0.00883	0.00920	0.00515	0.00589	0.00883	0.01215	0.01619	0.03497	0.77291	0.04196	0.01987	0.00810	0.00258	0.00368	0.01803	0.00589	0.00515
82	0.00790	0.00563	0.00747	0.00877	0.00915	0.00536	0.00585	0.00899	0.01184	0.01585	0.03301	0.68388	0.03932	0.07468	0.04703	0.00321	0.00452	0.01685	0.00562	0.00509
83	0.01388	0.01388	0.01943	0.01666	0.01666	0.01943	0.01388	0.01527	0.00972	0.01527	0.00833	0.01388	0.00833	0.01110	0.02082	0.00278	0.76544	0.00555	0.00278	0.00694
84	0.01559	0.01496	0.02555	0.06086	0.71644	0.01504	0.01941	0.01937	0.01439	0.02059	0.01191	0.01574	0.01000	0.00567	0.00628	0.00189	0.00756	0.00565	0.00313	0.00996
85	0.00911	0.00661	0.00927	0.00927	0.01008	0.00743	0.00678	0.01074	0.00992	0.01404	0.01784	0.02960	0.01789	0.25333	0.54894	0.00905	0.01393	0.00748	0.00352	0.00515
86	0.01315	0.01128	0.01315	0.00940	0.01503	0.00846	0.00752	0.01597	0.01315	0.02067	0.01128	0.01315	0.00940	0.00470	0.00470	0.00094	0.00470	0.00376	0.00376	0.81583
87	0.00919	0.00627	0.00751	0.00749	0.00773	0.00643	0.00459	0.00968	0.00973	0.01322	0.04823	0.03907	0.02338	0.62854	0.14749	0.00664	0.00777	0.00892	0.00390	0.00422
88	0.00913	0.00621	0.00709	0.00723	0.00745	0.00614	0.00434	0.00943	0.00994	0.01310	0.02390	0.06861	0.06682	0.66308	0.02866	0.00561	0.00588	0.04915	0.00415	0.00409
89	0.00797	0.00571	0.00758	0.00867	0.00925	0.00531	0.00591	0.00944	0.01327	0.01798	0.17000	0.63278	0.04542	0.01854	0.00798	0.00246	0.00355	0.01677	0.00610	0.00531
90	0.01375	0.01213	0.01343	0.00995	0.01532	0.03412	0.00791	0.01791	0.07868	0.02104	0.01256	0.01406	0.01027	0.00512	0.00489	0.00107	0.00495	0.00408	0.00399	0.71476
91	0.01069	0.00779	0.01129	0.05570	0.06792	0.00781	0.00986	0.01265	0.01323	0.01752	0.04404	0.08655	0.04639	0.04141	0.01150	0.12958	0.00580	0.38518	0.00489	0.03021
92	0.01351	0.02372	0.36341	0.02169	0.02913	0.01480	0.35300	0.01955	0.01408	0.01998	0.01344	0.05915	0.01076	0.00650	0.00685	0.00210	0.00968	0.00680	0.00312	0.00874
93	0.01480	0.01678	0.03638	0.06897	0.03376	0.01593	0.67441	0.02008	0.01484	0.02008	0.01274	0.01710	0.00956	0.00540	0.00742	0.00214	0.01057	0.00738	0.00319	0.00847
94	0.00898	0.00648	0.00848	0.00798	0.00948	0.00599	0.00599	0.01197	0.01796	0.02544	0.73413	0.04739	0.05986	0.01297	0.00748	0.00200	0.00299	0.01147	0.00698	0.00599
95	0.01696	0.78087	0.03324	0.01085	0.01628	0.02510	0.01085	0.01900	0.01289	0.01493	0.00882	0.01018	0.00814	0.00543	0.00407	0.00136	0.00678	0.00339	0.00271	0.00814
96	0.01560	0.01497	0.02557	0.05806	0.71912	0.01505	0.01942	0.01938	0.01440	0.02061	0.01192	0.01573	0.01001	0.00567	0.00628	0.00189	0.00756	0.00565	0.00313	0.00997
97	0.82186	0.01227	0.00932	0.00834	0.01227	0.01423	0.00687	0.01865	0.01080	0.02846	0.00883	0.01031	0.00687	0.00589	0.00393	0.00196	0.00491	0.00344	0.00393	0.00687
98	0.02846	0.01080	0.01472	0.01129	0.01619	0.00932	0.00932	0.03092	0.01816	0.74187	0.02503	0.02159	0.01570	0.00785	0.00638	0.00196	0.00540	0.00638	0.00785	0.01080
99	0.00750	0.00643	0.00643	0.00643	0.00857	0.00536	0.00482	0.00910	0.01446	0.01714	0.06427	0.06105	0.73490	0.01607	0.00750	0.00214	0.00321	0.01339	0.00589	0.00536
100	0.01251	0.01182	0.01998	0.65895	0.14241	0.01423	0.01788	0.01667	0.01294	0.01685	0.01137	0.01674	0.00868	0.00624	0.00633	0.00208	0.00833	0.00564	0.00286	0.00747
101	0.00922	0.00617	0.00700	0.00700	0.00703	0.00620	0.00395	0.00928	0.00925	0.01236	0.01991	0.04110	0.02288	0.75862	0.05047	0.00625	0.00642	0.00916	0.00383	0.00389
102	0.00898	0.00648	0.00848	0.00798	0.00948	0.00599	0.00599	0.01197	0.01796	0.02544	0.73413	0.04739	0.05986	0.01297	0.00748	0.00200	0.00299	0.01147	0.00698	0.00599
103	0.00773	0.00552	0.00736	0.00883	0.00920	0.00515	0.00589	0.00883	0.01215	0.01619	0.03497	0.77291	0.04196	0.01987	0.00810	0.00258	0.00368	0.01803	0.00589	0.00515
104	0.02412	0.01777	0.01904	0.01460	0.01967	0.01967	0.01206	0.71633	0.02983	0.03998	0.01523	0.01523	0.01079	0.00762	0.00635	0.00190	0.00698	0.00571	0.00635	0.01079
105	0.82186	0.01227	0.00932	0.00834	0.01227	0.01423	0.00687	0.01865	0.01080	0.02846	0.00883	0.01031	0.00687	0.00589	0.00393	0.00196	0.00491	0.00344	0.00393	0.00687
106	0.02846	0.01080	0.01472	0.01129	0.01619	0.00932	0.00932	0.03092	0.01816	0.74187	0.02503	0.02159	0.01570	0.00785	0.00638	0.00196	0.00540	0.00638	0.00785	0.01080
107	0.02370	0.03023	0.01798	0.01634	0.01961	0.75158	0.01226	0.02533	0.01798	0.01553	0.00981	0.01144	0.00817	0.00654	0.00572	0.00163	0.01144	0.00409	0.00327	0.00735
108	0.00758	0.00643	0.00654	0.00652	0.00862	0.00539	0.00489	0.00927	0.01466	0.01762	0.10283	0.06027	0.69604	0.01589	0.00750	0.00213	0.00320	0.01328	0.00595	0.00539
109	0.01022	0.00730	0.01022	0.01168	0.01314	0.00730	0.01022	0.01314	0.01460	0.01899	0.03359	0.07156	0.03651	0.01752	0.00876	0.00292	0.00584	0.69478	0.00584	0.00584
110	0.01183	0.00591	0.00591	0.00591	0.00739	0.00591	0.00443	0.01478	0.01330	0.02365	0.02069	0.02365	0.01626	0.00739	0.00443	0.00148	0.00296	0.00591	0.81227	0.00591
111	0.01315	0.01128	0.01315	0.00940	0.01503	0.00846	0.00752	0.01597	0.01315	0.02067	0.01128	0.01315	0.00940	0.00470	0.00470	0.00094	0.00470	0.00376	0.00376	0.81583
112	0.82186	0.01227	0.00932	0.00834	0.01227	0.01423	0.00687	0.01865	0.01080	0.02846	0.00883	0.01031	0.00687	0.00589	0.00393	0.00196	0.00491	0.00344	0.00393	0.00687
113	0.00773	0.00552	0.00736	0.00883	0.00920	0.00515	0.00589	0.00883	0.01215	0.01619	0.03497	0.77291	0.04196	0.01987	0.00810	0.00258	0.00368	0.01803	0.00589	0.00515
114	0.01578	0.01363	0.01434	0.01291	0.01650	0.01578	0.01004	0.03371	0.72602	0.02654	0.02582	0.02367	0.01937	0.00861	0.00646	0.00215	0.00502	0.00717	0.00646	0.01004
115	0.02412	0.01777	0.01904	0.01460	0.01967	0.01967	0.01206	0.71633	0.02983	0.03998	0.01523	0.01523	0.01079	0.00762	0.00635	0.00190	0.00698	0.00571	0.00635	0.01079
116	0.01507	0.01201	0.01587	0.01560	0.16254	0.00989	0.01012	0.01805	0.01388	0.08660	0.01267	0.01445	0.01011	0.00518	0.00517	0.00123	0.00534	0.00438	0.00401	0.57785
117	0.77614	0.01330	0.00982	0.00880	0.01269	0.05647	0.00718	0.01903	0.01121	0.02772	0.00889	0.01037	0.00694	0.00593	0.00403	0.00194	0.00528	0.00347	0.00389	0.00690
118	0.02846	0.01080	0.01472	0.01129	0.01619	0.00932	0.00932	0.03092	0.01816	0.74187	0.02503	0.02159	0.01570	0.00785	0.00638	0.00196	0.00540	0.00638	0.00785	0.01080
119	0.01399	0.01268	0.02141	0.10217	0.42412	0.01283	0.07810	0.01757	0.01395	0.02011	0.01610	0.02160	0.03832	0.03773	0.00731	0.00209	0.00701	0.02945	0.11495	0.00848
120	0.01022	0.00730	0.01022	0.01168	0.01314	0.00730	0.01022	0.01314	0.01460	0.01899	0.03359	0.07156	0.03651	0.01752	0.00876	0.00292	0.00584	0.69478	0.00584	0.00584
121	0.01650	0.01400	0.01432	0.01277	0.01628	0.04483	0.01003	0.10391	0.55023	0.02701	0.02411	0.02446	0.01860	0.00875	0.00640	0.00210	0.00541	0.03810	0.05258	0.00958
122	0.01513	0.07712	0.03857	0.01471	0.11946	0.01239	0.01054	0.06069	0.08511	0.04039	0.01320	0.01466	0.01058	0.00558	0.00523	0.00134	0.00560	0.00455	0.00408	0.46108
123	0.01434	0.00792	0.01038	0.00902	0.01148	0.00726	0.00701	0.03903	0.01838	0.20537	0.53372	0.03991	0.04724	0.01152	0.00717	0.00198	0.00372	0.01001	0.00718	0.00734
124	0.01466	0.25122	0.23477	0.01274	0.01919	0.03283	0.01346	0.03627	0.03126	0.01939	0.02937	0.01346	0.01015	0.00573	0.00508	0.00148	0.00688	0.00426	0.00333	0.25447
125	0.01601	0.01517	0.02551	0.03806	0.71154	0.01524	0.01920	0.04466	0.01500	0.02142	0.01205	0.01568	0.01008	0.00572	0.00628	0.00188	0.00752	0.00565	0.00326	0.01008
126	0.63155	0.08078	0.05487	0.01118	0.05626	0.04005	0.00909	0.01903	0.01158	0.02592	0.00919	0.01083	0.00728	0.00586	0.00426	0.00190	0.00570	0.00366	0.00368	0.00733
127	0.01652	0.01404	0.01647	0.01407	0.01800	0.01582	0.06709	0.06853	0.61118	0.04760	0.02419	0.02263	0.01802	0.00827	0.00653	0.00213	0.00559	0.00710	0.00623	0.00998

[dist]
# distance from previous block
# <min> <max>
0	26

[block]
# block no. 1 follows, 35 sequences, length 49
# corresponding to MSA columns:
# 212-225,236-270
name=unknown_B
#
# <colnr> <probs for GDERKNQSTAVLIFYWHMCP>
#	G	D	E	R	K	N	Q	S	T	A	V	L	I	F	Y	W	H	M	C	P
0	0.02846	0.01080	0.01472	0.01129	0.01619	0.00932	0.00932	0.03092	0.01816	0.74187	0.02503	0.02159	0.01570	0.00785	0.00638	0.00196	0.00540	0.00638	0.00785	0.01080
1	0.00822	0.00645	0.00743	0.00718	0.00901	0.00566	0.00539	0.01050	0.01617	0.02119	0.39103	0.05439	0.40561	0.01456	0.00749	0.00207	0.00311	0.01245	0.00642	0.00566
2	0.01009	0.00726	0.01003	0.01142	0.01291	0.00720	0.00995	0.01294	0.01460	0.01889	0.03514	0.07103	0.07177	0.01745	0.00870	0.00288	0.00571	0.66037	0.00584	0.00582
3	0.02846	0.01080	0.01472	0.01129	0.01619	0.00932	0.00932	0.03092	0.01816	0.74187	0.02503	0.02159	0.01570	0.00785	0.00638	0.00196	0.00540	0.00638	0.00785	0.01080
4	0.01272	0.03281	0.74418	0.01808	0.02746	0.01473	0.02344	0.02009	0.01339	0.02009	0.01138	0.01339	0.00804	0.00603	0.00603	0.00201	0.00938	0.00469	0.00268	0.00938
5	0.82186	0.01227	0.00932	0.00834	0.01227	0.01423	0.00687	0.01865	0.01080	0.02846	0.00883	0.01031	0.00687	0.00589	0.00393	0.00196	0.00491	0.00344	0.00393	0.00687
6	0.01570	0.01507	0.02575	0.03894	0.73748	0.01507	0.01947	0.01947	0.01444	0.02073	0.01193	0.01570	0.01005	0.00565	0.00628	0.00188	0.00754	0.00565	0.00314	0.01005
7	0.01459	0.02200	0.25104	0.02277	0.02979	0.03573	0.43115	0.02140	0.06811	0.02059	0.01329	0.01632	0.00983	0.00583	0.00691	0.00209	0.00989	0.00652	0.00329	0.00889
8	0.01434	0.01465	0.01936	0.01664	0.01679	0.05391	0.01380	0.01574	0.01010	0.01528	0.00840	0.01376	0.00832	0.01089	0.02011	0.00272	0.72993	0.00548	0.00280	0.00696
9	0.02768	0.01057	0.01431	0.01103	0.01578	0.00916	0.00909	0.03016	0.01793	0.70805	0.02482	0.02169	0.01573	0.00783	0.00629	0.00194	0.00528	0.00636	0.04574	0.01057
10	0.00772	0.00555	0.00733	0.00876	0.00918	0.00516	0.00585	0.00884	0.01222	0.01622	0.03590	0.75015	0.06411	0.01975	0.00808	0.00256	0.00367	0.01789	0.00589	0.00516
11	0.02846	0.01080	0.01472	0.01129	0.01619	0.00932	0.00932	0.03092	0.01816	0.74187	0.02503	0.02159	0.01570	0.00785	0.00638	0.00196	0.00540	0.00638	0.00785	0.01080
12	0.00824	0.00646	0.00745	0.00720	0.00902	0.00567	0.00540	0.01054	0.01621	0.02128	0.39882	0.05423	0.39776	0.01452	0.00749	0.00207	0.00310	0.01243	0.00644	0.00567
13	0.82186	0.01227	0.00932	0.00834	0.01227	0.01423	0.00687	0.01865	0.01080	0.02846	0.00883	0.01031	0.00687	0.00589	0.00393	0.00196	0.00491	0.00344	0.00393	0.00687
14	0.00950	0.00781	0.01053	0.01078	0.04585	0.00739	0.04380	0.01292	0.06605	0.02019	0.21744	0.19736	0.24600	0.01458	0.00758	0.00224	0.00418	0.06363	0.00593	0.00624
15	0.01495	0.01279	0.01362	0.01249	0.01574	0.01468	0.00961	0.03114	0.65218	0.02547	0.02677	0.10117	0.02170	0.00977	0.00662	0.00220	0.00488	0.00830	0.00640	0.00954
16	0.01990	0.01365	0.01570	0.01405	0.05323	0.01478	0.01062	0.15635	0.38907	0.18550	0.04181	0.02190	0.01760	0.00823	0.00644	0.00205	0.00553	0.00677	0.00659	0.01024
17	0.00807	0.00576	0.00775	0.00922	0.00974	0.00544	0.00648	0.00942	0.01248	0.01657	0.03478	0.67791	0.04122	0.01956	0.00819	0.00262	0.00397	0.10971	0.00588	0.00525
18	0.02412	0.01777	0.01904	0.01460	0.01967	0.01967	0.01206	0.71633	0.02983	0.03998	0.01523	0.01523	0.01079	0.00762	0.00635	0.00190	0.00698	0.00571	0.00635	0.01079
19	0.01619	0.01383	0.01458	0.01299	0.01665	0.01597	0.01014	0.06754	0.69152	0.02720	0.02530	0.02325	0.01894	0.00856	0.00645	0.00214	0.00512	0.00710	0.00645	0.01008
20	0.01520	0.38425	0.30415	0.01481	0.02158	0.04164	0.05766	0.01990	0.03184	0.01766	0.01122	0.01397	0.00929	0.00612	0.00527	0.00173	0.00808	0.02410	0.00293	0.00860
21	0.01602	0.61508	0.19080	0.01246	0.01876	0.02280	0.01364	0.01924	0.01300	0.01607	0.00939	0.01089	0.00812	0.00556	0.00450	0.00150	0.00736	0.00368	0.00271	0.00841
22	0.00750	0.00643	0.00643	0.00643	0.00857	0.00536	0.00482	0.00910	0.01446	0.01714	0.06427	0.06105	0.73490	0.01607	0.00750	0.00214	0.00321	0.01339	0.00589	0.00536
23	0.04397	0.01052	0.01333	0.01088	0.01480	0.00981	0.00872	0.11328	0.01836	0.45461	0.06097	0.13844	0.05322	0.01022	0.00668	0.00206	0.00511	0.00856	0.00712	0.00935
24	0.01756	0.01550	0.02418	0.03413	0.60007	0.03467	0.01789	0.09351	0.01638	0.06564	0.01300	0.01589	0.01041	0.00601	0.00628	0.00188	0.00745	0.00566	0.00376	0.01010
25	0.00912	0.00699	0.00916	0.00956	0.05276	0.00642	0.00659	0.01192	0.01714	0.02373	0.57556	0.04785	0.17326	0.01307	0.00741	0.00201	0.00330	0.01146	0.00657	0.00612
26	0.02370	0.03023	0.01798	0.01634	0.01961	0.75158	0.01226	0.02533	0.01798	0.01553	0.00981	0.01144	0.00817	0.00654	0.00572	0.00163	0.01144	0.00409	0.00327	0.00735
27	0.01552	0.01488	0.02542	0.07476	0.70310	0.01502	0.01938	0.01931	0.01436	0.02050	0.01190	0.01576	0.00997	0.00569	0.00628	0.00190	0.00758	0.00565	0.00312	0.00990
28	0.82186	0.01227	0.00932	0.00834	0.01227	0.01423	0.00687	0.01865	0.01080	0.02846	0.00883	0.01031	0.00687	0.00589	0.00393	0.00196	0.00491	0.00344	0.00393	0.00687
29	0.00839	0.00646	0.00766	0.00736	0.00911	0.00573	0.00552	0.01082	0.01656	0.02212	0.46622	0.05285	0.32984	0.01421	0.00749	0.00205	0.00308	0.01224	0.00655	0.00573
30	0.82186	0.01227	0.00932	0.00834	0.01227	0.01423	0.00687	0.01865	0.01080	0.02846	0.00883	0.01031	0.00687	0.00589	0.00393	0.00196	0.00491	0.00344	0.00393	0.00687
31	0.00810	0.00645	0.00726	0.00706	0.00894	0.00561	0.00529	0.01027	0.01588	0.02052	0.33686	0.05549	0.46020	0.01481	0.00749	0.00208	0.00312	0.01261	0.00634	0.00561
32	0.01272	0.03281	0.74418	0.01808	0.02746	0.01473	0.02344	0.02009	0.01339	0.02009	0.01138	0.01339	0.00804	0.00603	0.00603	0.00201	0.00938	0.00469	0.00268	0.00938
33	0.02261	0.02796	0.01748	0.01587	0.01919	0.65083	0.01195	0.02648	0.11493	0.01703	0.01200	0.01311	0.00970	0.00682	0.00582	0.00171	0.01056	0.00451	0.00370	0.00772
34	0.01124	0.00604	0.00641	0.00641	0.00784	0.00610	0.00480	0.01397	0.01292	0.02206	0.02249	0.02621	0.05271	0.03508	0.08274	0.00255	0.00452	0.00648	0.66363	0.00580
35	0.01388	0.01388	0.01943	0.01666	0.01666	0.01943	0.01388	0.01527	0.00972	0.01527	0.00833	0.01388	0.00833	0.01110	0.02082	0.00278	0.76544	0.00555	0.00278	0.00694
36	0.00908	0.00673	0.00986	0.00986	0.01087	0.00775	0.00751	0.01111	0.01010	0.01448	0.01730	0.02664	0.01660	0.12303	0.67748	0.00978	0.01587	0.00705	0.00344	0.00548
37	0.00773	0.00552	0.00736	0.00883	0.00920	0.00515	0.00589	0.00883	0.01215	0.01619	0.03497	0.77291	0.04196	0.01987	0.00810	0.00258	0.00368	0.01803	0.00589	0.00515
38	0.02370	0.03023	0.01798	0.01634	0.01961	0.75158	0.01226	0.02533	0.01798	0.01553	0.00981	0.01144	0.00817	0.00654	0.00572	0.00163	0.01144	0.00409	0.00327	0.00735
39	0.01696	0.78087	0.03324	0.01085	0.01628	0.02510	0.01085	0.01900	0.01289	0.01493	0.00882	0.01018	0.00814	0.00543	0.00407	0.00136	0.00678	0.00339	0.00271	0.00814
40	0.82186	0.01227	0.00932	0.00834	0.01227	0.01423	0.00687	0.01865	0.01080	0.02846	0.00883	0.01031	0.00687	0.00589	0.00393	0.00196	0.00491	0.00344	0.00393	0.00687
41	0.00773	0.00552	0.00736	0.00883	0.00920	0.00515	0.00589	0.00883	0.01215	0.01619	0.03497	0.77291	0.04196	0.01987	0.00810	0.00258	0.00368	0.01803	0.00589	0.00515
42	0.01102	0.00551	0.00826	0.00826	0.00826	0.00551	0.00551	0.00826	0.00826	0.01102	0.01102	0.01928	0.01102	0.02204	0.02479	0.81543	0.00551	0.00551	0.00275	0.00275
43	0.01546	0.01719	0.03344	0.02801	0.16253	0.05068	0.51689	0.02014	0.01475	0.01991	0.01230	0.01642	0.00957	0.00575	0.00785	0.00210	0.04825	0.00689	0.00318	0.00870
44	0.01166	0.00838	0.01113	0.01198	0.01382	0.00858	0.01041	0.08588	0.01618	0.02116	0.03169	0.06573	0.03385	0.01650	0.00851	0.00282	0.00596	0.62350	0.00589	0.00635
45	0.01570	0.01507	0.02575	0.03894	0.73748	0.01507	0.01947	0.01947	0.01444	0.02073	0.01193	0.01570	0.01005	0.00565	0.00628	0.00188	0.00754	0.00565	0.00314	0.01005
46	0.01601	0.01082	0.01310	0.00987	0.01467	0.00893	0.00794	0.03657	0.01486	0.17096	0.05624	0.02037	0.06754	0.00693	0.00599	0.00138	0.03018	0.00554	0.00497	0.49712
47	0.00877	0.00644	0.00799	0.00762	0.00907	0.00590	0.00558	0.01123	0.01650	0.02276	0.55320	0.04899	0.16491	0.09153	0.01002	0.00244	0.00335	0.01155	0.00649	0.00567
48	0.01570	0.01507	0.02575	0.03894	0.73748	0.01507	0.01947	0.01947	0.01444	0.02073	0.01193	0.01570	0.01005	0.00565	0.00628	0.00188	0.00754	0.00565	0.00314	0.01005

[dist]
# distance from previous block
# <min> <max>
0	0

# created by:
# /home/cegg/simao/soft/augustus-3.2.1/scripts/msa2prfl.pl ./align_prep/EOG090W0FE7.fa
