[name]
unknown

[dist]
# distance from previous block
# <min> <max>
0	110

[block]
# block no. 0 follows, 31 sequences, length 28
# corresponding to MSA columns:
# 146-173
name=unknown_A
#
# <colnr> <probs for GDERKNQSTAVLIFYWHMCP>
#	G	D	E	R	K	N	Q	S	T	A	V	L	I	F	Y	W	H	M	C	P
0	0.01419	0.01149	0.01827	0.06004	0.10597	0.01152	0.11336	0.08130	0.01702	0.04690	0.06497	0.17909	0.02829	0.01317	0.00807	0.00252	0.00685	0.18080	0.02823	0.00794
1	0.04281	0.04877	0.16338	0.06373	0.09005	0.03390	0.07202	0.04166	0.12560	0.02292	0.01515	0.03231	0.01212	0.00726	0.00729	0.00200	0.05016	0.00598	0.00412	0.15877
2	0.01829	0.76368	0.03585	0.01171	0.01756	0.02707	0.01171	0.02049	0.01390	0.01610	0.00951	0.01097	0.00878	0.00585	0.00439	0.00146	0.00732	0.00366	0.00293	0.00878
3	0.01802	0.13036	0.19486	0.04288	0.07548	0.09608	0.01547	0.06909	0.08262	0.06676	0.01531	0.04150	0.01223	0.00730	0.00618	0.00190	0.00804	0.00572	0.00429	0.10592
4	0.03419	0.01443	0.04617	0.04398	0.09574	0.04477	0.01375	0.01667	0.01284	0.01894	0.07741	0.02220	0.04157	0.03228	0.07060	0.00332	0.37010	0.00695	0.02649	0.00761
5	0.01615	0.01845	0.04037	0.02884	0.03576	0.01730	0.69204	0.02191	0.01615	0.02191	0.01384	0.01845	0.01038	0.00577	0.00807	0.00231	0.01153	0.00807	0.00346	0.00923
6	0.01343	0.01409	0.08515	0.10876	0.15528	0.02880	0.04003	0.03781	0.05636	0.02127	0.05696	0.19183	0.02518	0.01223	0.00812	0.00245	0.02826	0.10096	0.00487	0.00815
7	0.01715	0.01718	0.06700	0.08579	0.35505	0.06425	0.10961	0.02124	0.01594	0.07477	0.01767	0.04343	0.04105	0.00774	0.00711	0.00216	0.00852	0.03062	0.00405	0.00966
8	0.01057	0.00840	0.00967	0.00910	0.01134	0.00821	0.00690	0.01634	0.14488	0.02505	0.39970	0.05065	0.24502	0.01409	0.00787	0.00223	0.00370	0.01212	0.00708	0.00707
9	0.04584	0.01053	0.01242	0.01122	0.01437	0.01075	0.00897	0.04277	0.19369	0.16028	0.19706	0.04028	0.07767	0.01193	0.00744	0.00231	0.00492	0.10036	0.03849	0.00869
10	0.04379	0.08263	0.24009	0.05037	0.12044	0.04581	0.17651	0.02122	0.03239	0.02138	0.04032	0.01715	0.01190	0.00699	0.00782	0.00217	0.06006	0.00618	0.00347	0.00931
11	0.01860	0.04772	0.13641	0.02107	0.10629	0.05646	0.11864	0.12059	0.07695	0.07475	0.01659	0.01857	0.03198	0.00808	0.00914	0.00224	0.11512	0.00648	0.00452	0.00978
12	0.00841	0.00599	0.00792	0.00943	0.00980	0.00561	0.00624	0.00955	0.01295	0.01726	0.03693	0.72076	0.04426	0.05712	0.00999	0.00296	0.00410	0.01899	0.00624	0.00549
13	0.01587	0.10253	0.18326	0.02503	0.03250	0.01806	0.47871	0.02171	0.01555	0.02123	0.01305	0.01681	0.00985	0.00593	0.00735	0.00219	0.01078	0.00696	0.00328	0.00936
14	0.06108	0.01768	0.08393	0.20421	0.12757	0.08557	0.08789	0.04177	0.05670	0.12528	0.03230	0.01869	0.01259	0.00718	0.00677	0.00215	0.00854	0.00628	0.00448	0.00935
15	0.00898	0.00660	0.00842	0.00874	0.00999	0.00604	0.00626	0.01127	0.01657	0.02262	0.38239	0.31505	0.13739	0.01717	0.00832	0.00240	0.00353	0.01526	0.00695	0.00604
16	0.01014	0.00773	0.01113	0.01093	0.01189	0.00909	0.00832	0.01216	0.01081	0.01553	0.01818	0.02874	0.01772	0.15387	0.58174	0.00982	0.06495	0.00763	0.00369	0.00591
17	0.01641	0.13613	0.26477	0.02068	0.06655	0.10365	0.14520	0.02118	0.01486	0.01961	0.01251	0.04038	0.01046	0.00743	0.00830	0.00214	0.09142	0.00600	0.00324	0.00908
18	0.05653	0.14167	0.24044	0.09227	0.05127	0.10453	0.06819	0.09970	0.01715	0.04865	0.01265	0.01482	0.00954	0.00669	0.00623	0.00201	0.00918	0.00526	0.00378	0.00944
19	0.00888	0.00698	0.00806	0.00828	0.00998	0.00630	0.00602	0.01150	0.04141	0.02083	0.22042	0.23958	0.35256	0.01726	0.00821	0.00239	0.00361	0.01497	0.00667	0.00608
20	0.01759	0.01866	0.08103	0.04745	0.26842	0.05384	0.20961	0.05782	0.01636	0.05175	0.01362	0.01725	0.01069	0.00691	0.00851	0.00220	0.07822	0.00652	0.02381	0.00974
21	0.27413	0.12221	0.01824	0.01358	0.03770	0.11116	0.01083	0.12696	0.09505	0.02710	0.01341	0.01475	0.01060	0.00743	0.00654	0.00203	0.05669	0.00496	0.03785	0.00878
22	0.00978	0.00729	0.01080	0.01080	0.01196	0.00845	0.00831	0.01209	0.01094	0.01574	0.01850	0.02784	0.01752	0.08952	0.69482	0.01076	0.01769	0.00747	0.00369	0.00600
23	0.01713	0.02098	0.20299	0.05032	0.22502	0.01664	0.09063	0.10580	0.08465	0.04512	0.03508	0.01837	0.01290	0.00728	0.00751	0.00218	0.03647	0.00641	0.00428	0.01024
24	0.01407	0.01216	0.01479	0.08043	0.01918	0.00970	0.00915	0.01725	0.01414	0.02183	0.01216	0.01458	0.01004	0.00524	0.00524	0.00113	0.00546	0.00425	0.00396	0.72526
25	0.04922	0.01768	0.13134	0.01420	0.02039	0.01395	0.05549	0.14787	0.08582	0.06677	0.01764	0.01848	0.03947	0.00708	0.00620	0.00176	0.00678	0.00579	0.00499	0.28910
26	0.01462	0.01883	0.18740	0.04937	0.24737	0.01469	0.03717	0.02155	0.11914	0.02228	0.03856	0.05653	0.04302	0.00988	0.03334	0.00249	0.03337	0.00728	0.00420	0.03892
27	0.01533	0.01378	0.03649	0.06187	0.12381	0.03237	0.06136	0.08097	0.01642	0.04755	0.07392	0.10859	0.04742	0.03027	0.00915	0.00221	0.07488	0.00833	0.00477	0.15052

[dist]
# distance from previous block
# <min> <max>
2	31

[block]
# block no. 1 follows, 31 sequences, length 29
# corresponding to MSA columns:
# 208-236
name=unknown_B
#
# <colnr> <probs for GDERKNQSTAVLIFYWHMCP>
#	G	D	E	R	K	N	Q	S	T	A	V	L	I	F	Y	W	H	M	C	P
0	0.01580	0.05933	0.06401	0.05789	0.19529	0.01461	0.06468	0.13829	0.01861	0.02537	0.10988	0.06623	0.08756	0.00940	0.00706	0.00208	0.00696	0.00831	0.00495	0.04370
1	0.05013	0.05168	0.09845	0.06122	0.18567	0.03430	0.05217	0.04238	0.06261	0.04433	0.08914	0.02472	0.08193	0.00897	0.00841	0.00220	0.08085	0.00736	0.00450	0.00897
2	0.02134	0.01147	0.01418	0.01124	0.01579	0.01037	0.00905	0.08245	0.06196	0.32799	0.13450	0.02894	0.07862	0.00945	0.00684	0.00194	0.00521	0.00782	0.00712	0.15371
3	0.01389	0.01191	0.01384	0.00998	0.01588	0.00896	0.00797	0.01687	0.01425	0.02211	0.01491	0.01667	0.04403	0.00566	0.00521	0.00108	0.00499	0.00455	0.00416	0.76308
4	0.01713	0.01709	0.02869	0.03771	0.55469	0.04224	0.11939	0.02216	0.05171	0.02241	0.01371	0.01744	0.01122	0.00625	0.00695	0.00208	0.00864	0.00641	0.00359	0.01049
5	0.80789	0.01323	0.01006	0.00900	0.01323	0.01535	0.00741	0.02011	0.01164	0.03070	0.00953	0.01111	0.00741	0.00635	0.00423	0.00212	0.00529	0.00370	0.00423	0.00741
6	0.00843	0.00620	0.00790	0.00904	0.00985	0.00568	0.00619	0.00990	0.01410	0.01860	0.10925	0.58101	0.14860	0.02007	0.00857	0.00265	0.00382	0.01799	0.00647	0.00568
7	0.00977	0.00733	0.01100	0.01100	0.01222	0.00855	0.00855	0.01222	0.01100	0.01588	0.01833	0.02688	0.01710	0.05131	0.73245	0.01100	0.01833	0.00733	0.00367	0.00611
8	0.00818	0.00658	0.00729	0.00786	0.00949	0.00570	0.00561	0.00971	0.01470	0.01812	0.05794	0.31375	0.47354	0.01880	0.00832	0.00248	0.00365	0.01624	0.00635	0.00570
9	0.01088	0.00891	0.01292	0.01228	0.01318	0.01108	0.00968	0.01300	0.01083	0.01587	0.01652	0.02531	0.01580	0.08096	0.54443	0.00906	0.17227	0.00719	0.00355	0.00629
10	0.80789	0.01323	0.01006	0.00900	0.01323	0.01535	0.00741	0.02011	0.01164	0.03070	0.00953	0.01111	0.00741	0.00635	0.00423	0.00212	0.00529	0.00370	0.00423	0.00741
11	0.02863	0.01496	0.01793	0.01375	0.01912	0.01497	0.01135	0.32457	0.02513	0.42257	0.02233	0.02026	0.01460	0.00836	0.00686	0.00209	0.00657	0.00656	0.00775	0.01164
12	0.00968	0.00699	0.00914	0.00861	0.01022	0.00646	0.00646	0.01291	0.01937	0.02743	0.71328	0.05110	0.06455	0.01399	0.00807	0.00215	0.00323	0.01237	0.00753	0.00646
13	0.80789	0.01323	0.01006	0.00900	0.01323	0.01535	0.00741	0.02011	0.01164	0.03070	0.00953	0.01111	0.00741	0.00635	0.00423	0.00212	0.00529	0.00370	0.00423	0.00741
14	0.68562	0.01252	0.01029	0.00913	0.01316	0.01417	0.00746	0.02012	0.01285	0.06847	0.08050	0.01576	0.01362	0.00723	0.00476	0.00212	0.00512	0.00474	0.00480	0.00755
15	0.80789	0.01323	0.01006	0.00900	0.01323	0.01535	0.00741	0.02011	0.01164	0.03070	0.00953	0.01111	0.00741	0.00635	0.00423	0.00212	0.00529	0.00370	0.00423	0.00741
16	0.01693	0.01626	0.02777	0.04199	0.71689	0.01626	0.02100	0.02100	0.01558	0.02235	0.01287	0.01693	0.01084	0.00610	0.00677	0.00203	0.00813	0.00610	0.00339	0.01084
17	0.01702	0.01470	0.01547	0.01392	0.01779	0.01702	0.01083	0.03635	0.70453	0.02862	0.02785	0.02553	0.02088	0.00928	0.00696	0.00232	0.00541	0.00773	0.00696	0.01083
18	0.01214	0.00915	0.01185	0.01285	0.01485	0.00958	0.01099	0.01831	0.14424	0.02199	0.03466	0.06754	0.03592	0.01711	0.00899	0.00300	0.00613	0.54714	0.00642	0.00714
19	0.00834	0.00595	0.00794	0.00953	0.00992	0.00556	0.00635	0.00953	0.01310	0.01746	0.03771	0.75510	0.04525	0.02143	0.00873	0.00278	0.00397	0.01945	0.00635	0.00556
20	0.01102	0.00787	0.01102	0.01260	0.01417	0.00787	0.01102	0.01417	0.01575	0.02047	0.03622	0.07717	0.03937	0.01890	0.00945	0.00315	0.00630	0.67084	0.00630	0.00630
21	0.01829	0.76368	0.03585	0.01171	0.01756	0.02707	0.01171	0.02049	0.01390	0.01610	0.00951	0.01097	0.00878	0.00585	0.00439	0.00146	0.00732	0.00366	0.00293	0.00878
22	0.00873	0.00642	0.00827	0.00954	0.01044	0.00596	0.00685	0.01036	0.01409	0.01840	0.06575	0.52560	0.14902	0.02017	0.00871	0.00274	0.00420	0.11264	0.00638	0.00573
23	0.00995	0.00663	0.00746	0.00746	0.00746	0.00663	0.00415	0.00995	0.00995	0.01327	0.02156	0.04477	0.02487	0.75957	0.03482	0.00663	0.00663	0.00995	0.00415	0.00415
24	0.00981	0.00719	0.01028	0.01028	0.01125	0.00816	0.00765	0.01175	0.01078	0.01535	0.01898	0.03052	0.01869	0.19562	0.59031	0.01011	0.01594	0.00786	0.00376	0.00571
25	0.07559	0.24801	0.12930	0.01617	0.04222	0.29534	0.01439	0.06881	0.01722	0.02021	0.01091	0.01258	0.00894	0.00661	0.00562	0.00179	0.00957	0.00440	0.00352	0.00881
26	0.01612	0.00937	0.00987	0.00880	0.01140	0.00981	0.00687	0.12198	0.08057	0.06581	0.02218	0.02401	0.01691	0.00815	0.00541	0.00176	0.00419	0.00649	0.56241	0.00787
27	0.01294	0.00715	0.00757	0.00723	0.00903	0.00716	0.00549	0.05079	0.01611	0.02674	0.13629	0.02927	0.02500	0.00898	0.00543	0.00171	0.00342	0.00736	0.62566	0.00666
28	0.01747	0.01942	0.08158	0.02328	0.14058	0.10882	0.21448	0.02420	0.12175	0.04431	0.03887	0.01894	0.01371	0.00687	0.00694	0.00203	0.00885	0.00664	0.00430	0.09696

[dist]
# distance from previous block
# <min> <max>
0	8

[block]
# block no. 2 follows, 31 sequences, length 28
# corresponding to MSA columns:
# 245-272
name=unknown_C
#
# <colnr> <probs for GDERKNQSTAVLIFYWHMCP>
#	G	D	E	R	K	N	Q	S	T	A	V	L	I	F	Y	W	H	M	C	P
0	0.04702	0.00839	0.01011	0.00927	0.01173	0.00786	0.04582	0.01238	0.03232	0.02023	0.11951	0.05629	0.48360	0.03912	0.00926	0.00249	0.02891	0.04341	0.00603	0.00627
1	0.04014	0.18858	0.21959	0.01799	0.09005	0.06443	0.05506	0.03571	0.01482	0.02030	0.01389	0.01708	0.03334	0.04225	0.00796	0.00211	0.03850	0.00544	0.00345	0.08932
2	0.07865	0.01823	0.07533	0.22774	0.17276	0.11982	0.08778	0.02022	0.01475	0.02005	0.01237	0.01677	0.00995	0.00986	0.05824	0.00277	0.03692	0.00587	0.00335	0.00855
3	0.01693	0.01626	0.02777	0.04199	0.71689	0.01626	0.02100	0.02100	0.01558	0.02235	0.01287	0.01693	0.01084	0.00610	0.00677	0.00203	0.00813	0.00610	0.00339	0.01084
4	0.01621	0.01502	0.02490	0.24715	0.15597	0.01614	0.16524	0.11923	0.06551	0.02387	0.01630	0.07368	0.01361	0.00794	0.00725	0.00225	0.00859	0.00765	0.00428	0.00920
5	0.01292	0.01216	0.02052	0.74312	0.04712	0.01520	0.01900	0.01748	0.01368	0.01748	0.01216	0.01824	0.00912	0.00684	0.00684	0.00228	0.00912	0.00608	0.00304	0.00760
6	0.00961	0.00699	0.00905	0.00853	0.01018	0.00642	0.00640	0.01277	0.01920	0.02704	0.68457	0.05176	0.09351	0.01414	0.00807	0.00216	0.00324	0.01246	0.00748	0.00642
7	0.01497	0.01497	0.02095	0.01796	0.01796	0.02095	0.01497	0.01646	0.01048	0.01646	0.00898	0.01497	0.00898	0.01197	0.02245	0.00299	0.74704	0.00599	0.00299	0.00748
8	0.00995	0.00663	0.00746	0.00746	0.00746	0.00663	0.00415	0.00995	0.00995	0.01327	0.02156	0.04477	0.02487	0.75957	0.03482	0.00663	0.00663	0.00995	0.00415	0.00415
9	0.02115	0.02485	0.01945	0.01731	0.01973	0.42026	0.01351	0.02484	0.09478	0.01801	0.01203	0.01470	0.01025	0.00890	0.01153	0.00222	0.24931	0.00530	0.00375	0.00812
10	0.02509	0.05384	0.08402	0.01579	0.02174	0.01814	0.05258	0.40642	0.02581	0.20007	0.01809	0.01774	0.01242	0.00787	0.00678	0.00207	0.00757	0.00623	0.00650	0.01123
11	0.00995	0.00663	0.00746	0.00746	0.00746	0.00663	0.00415	0.00995	0.00995	0.01327	0.02156	0.04477	0.02487	0.75957	0.03482	0.00663	0.00663	0.00995	0.00415	0.00415
12	0.01102	0.00787	0.01102	0.01260	0.01417	0.00787	0.01102	0.01417	0.01575	0.02047	0.03622	0.07717	0.03937	0.01890	0.00945	0.00315	0.00630	0.67084	0.00630	0.00630
13	0.01265	0.01006	0.01172	0.01138	0.01342	0.03877	0.02689	0.03878	0.16333	0.04780	0.12804	0.37020	0.06800	0.01571	0.00798	0.00247	0.00488	0.01394	0.00654	0.00743
14	0.01926	0.46298	0.07906	0.01639	0.08666	0.14158	0.01381	0.04575	0.04383	0.01864	0.01119	0.01280	0.00957	0.00634	0.00525	0.00167	0.00835	0.00437	0.00337	0.00911
15	0.00956	0.00699	0.00898	0.00848	0.01015	0.00640	0.00636	0.01268	0.01908	0.02676	0.66488	0.05221	0.11337	0.01424	0.00807	0.00216	0.00325	0.01253	0.00744	0.00640
16	0.01497	0.01497	0.02095	0.01796	0.01796	0.02095	0.01497	0.01646	0.01048	0.01646	0.00898	0.01497	0.00898	0.01197	0.02245	0.00299	0.74704	0.00599	0.00299	0.00748
17	0.04515	0.01579	0.02001	0.06074	0.10433	0.04996	0.05212	0.21237	0.06746	0.24409	0.04452	0.02035	0.01525	0.00799	0.00687	0.00211	0.00727	0.00666	0.00632	0.01063
18	0.01506	0.05720	0.02379	0.37115	0.30884	0.01612	0.01869	0.04025	0.01501	0.02015	0.01341	0.04581	0.01126	0.00710	0.00675	0.00215	0.00837	0.00647	0.00342	0.00900
19	0.00846	0.00700	0.00746	0.00751	0.00969	0.00600	0.00574	0.01046	0.01601	0.01959	0.13658	0.06504	0.59678	0.01708	0.00818	0.00235	0.00364	0.06008	0.00648	0.00589
20	0.01497	0.01497	0.02095	0.01796	0.01796	0.02095	0.01497	0.01646	0.01048	0.01646	0.00898	0.01497	0.00898	0.01197	0.02245	0.00299	0.74704	0.00599	0.00299	0.00748
21	0.01530	0.13720	0.52843	0.01903	0.02801	0.01740	0.08974	0.02199	0.01474	0.04881	0.01262	0.01470	0.00918	0.00641	0.00637	0.00208	0.00968	0.00523	0.00317	0.00989
22	0.01283	0.00840	0.01035	0.00984	0.01197	0.00807	0.00735	0.04321	0.07880	0.10367	0.28395	0.24409	0.12014	0.01518	0.00797	0.00235	0.00413	0.01331	0.00710	0.00732
23	0.01693	0.01626	0.02777	0.04199	0.71689	0.01626	0.02100	0.02100	0.01558	0.02235	0.01287	0.01693	0.01084	0.00610	0.00677	0.00203	0.00813	0.00610	0.00339	0.01084
24	0.01667	0.01727	0.07734	0.07771	0.36096	0.01611	0.11664	0.09589	0.04801	0.02422	0.01823	0.02106	0.06389	0.00735	0.00706	0.00213	0.00830	0.00701	0.00411	0.01004
25	0.05518	0.06249	0.15053	0.10302	0.14610	0.05625	0.01623	0.04660	0.19239	0.02332	0.01716	0.05077	0.01393	0.00804	0.00701	0.00218	0.02823	0.00656	0.00443	0.00958
26	0.01207	0.01145	0.04862	0.06441	0.01816	0.01047	0.10478	0.06530	0.01723	0.02299	0.21482	0.04368	0.20598	0.06010	0.01000	0.00258	0.02669	0.04782	0.00566	0.00719
27	0.21983	0.01123	0.01193	0.01180	0.05408	0.05213	0.00851	0.01717	0.01673	0.05778	0.38448	0.03350	0.03855	0.01079	0.00751	0.00215	0.03973	0.00874	0.00603	0.00733

[dist]
# distance from previous block
# <min> <max>
4	10

[block]
# block no. 3 follows, 31 sequences, length 30
# corresponding to MSA columns:
# 283-312
name=unknown_D
#
# <colnr> <probs for GDERKNQSTAVLIFYWHMCP>
#	G	D	E	R	K	N	Q	S	T	A	V	L	I	F	Y	W	H	M	C	P
0	0.04313	0.06717	0.02661	0.08269	0.49084	0.01726	0.03959	0.08928	0.01702	0.04262	0.01325	0.01660	0.01070	0.00641	0.00658	0.00203	0.00803	0.00594	0.00385	0.01042
1	0.01745	0.01309	0.01428	0.01150	0.01605	0.05921	0.00897	0.10455	0.01732	0.11648	0.01985	0.16880	0.01840	0.00944	0.00637	0.00171	0.00575	0.00791	0.00543	0.37745
2	0.01729	0.01615	0.03013	0.05460	0.32897	0.01576	0.27251	0.02240	0.04322	0.07772	0.01585	0.04571	0.01277	0.00688	0.00735	0.00219	0.00900	0.00746	0.00406	0.00999
3	0.01457	0.01228	0.01412	0.01030	0.01608	0.00971	0.00824	0.06275	0.01551	0.02345	0.01635	0.01787	0.05831	0.00612	0.00539	0.00117	0.00512	0.00491	0.00440	0.69335
4	0.00981	0.00675	0.00792	0.00792	0.00823	0.00685	0.00482	0.01026	0.01044	0.01395	0.02406	0.04359	0.06638	0.61525	0.13014	0.00697	0.00806	0.00986	0.00422	0.00452
5	0.01874	0.71851	0.03483	0.01207	0.01778	0.07063	0.01180	0.02091	0.01424	0.01614	0.00958	0.01106	0.00878	0.00593	0.00450	0.00148	0.00763	0.00370	0.00296	0.00873
6	0.01358	0.01147	0.01351	0.00993	0.01541	0.00876	0.00788	0.01665	0.01488	0.02298	0.10643	0.01915	0.01745	0.00627	0.00547	0.00117	0.00482	0.00517	0.00452	0.69451
7	0.00948	0.00814	0.00826	0.00802	0.01058	0.00753	0.00608	0.01396	0.12315	0.02006	0.06283	0.05955	0.60589	0.01607	0.00791	0.00231	0.00377	0.01339	0.00645	0.00656
8	0.01406	0.01254	0.01758	0.19913	0.12854	0.01158	0.01271	0.01757	0.01423	0.02091	0.01321	0.04303	0.01128	0.00627	0.00590	0.00155	0.00650	0.00544	0.00378	0.45416
9	0.01386	0.01196	0.01434	0.06007	0.01805	0.00941	0.00874	0.01696	0.01421	0.02182	0.01437	0.01646	0.03731	0.00566	0.00530	0.00115	0.00528	0.00459	0.00407	0.71638
10	0.00936	0.00698	0.00870	0.00827	0.01002	0.00632	0.00620	0.01228	0.01860	0.02562	0.58272	0.05409	0.19625	0.01466	0.00807	0.00218	0.00328	0.01279	0.00729	0.00632
11	0.03070	0.01164	0.01588	0.01217	0.01746	0.01006	0.01006	0.03334	0.01958	0.72163	0.02699	0.02329	0.01694	0.00847	0.00688	0.00212	0.00582	0.00688	0.00847	0.01164
12	0.01777	0.18170	0.23589	0.10649	0.08846	0.03546	0.04605	0.06952	0.01629	0.09474	0.01438	0.03863	0.01123	0.00714	0.00631	0.00202	0.00850	0.00580	0.00397	0.00962
13	0.03797	0.17558	0.02199	0.01461	0.03579	0.01642	0.08384	0.18424	0.01957	0.08454	0.06927	0.11019	0.05665	0.01041	0.00691	0.00213	0.00674	0.04865	0.00555	0.00895
14	0.00810	0.00686	0.00700	0.00711	0.00929	0.00576	0.00528	0.00980	0.01542	0.01841	0.06716	0.11271	0.66863	0.01761	0.00813	0.00234	0.00350	0.01478	0.00635	0.00576
15	0.02121	0.01507	0.01616	0.01348	0.01772	0.04316	0.01074	0.24297	0.24065	0.14608	0.07243	0.05434	0.05525	0.00992	0.00708	0.00219	0.00613	0.00807	0.00702	0.01035
16	0.01942	0.14914	0.18607	0.06243	0.11268	0.05133	0.09437	0.11225	0.01786	0.10948	0.01434	0.01610	0.01060	0.00677	0.00645	0.00201	0.00872	0.00569	0.00428	0.01002
17	0.01579	0.06530	0.28083	0.06487	0.16827	0.06690	0.06488	0.02068	0.01433	0.01999	0.01162	0.01519	0.00932	0.00739	0.00947	0.00224	0.14489	0.00558	0.00310	0.00935
18	0.02580	0.01630	0.01828	0.01427	0.01939	0.01737	0.01171	0.43684	0.09057	0.21312	0.02041	0.01939	0.01409	0.00837	0.00678	0.00207	0.00672	0.00650	0.04069	0.01134
19	0.01188	0.00594	0.00891	0.00891	0.00891	0.00594	0.00594	0.00891	0.00891	0.01188	0.01188	0.02080	0.01188	0.02377	0.02674	0.80095	0.00594	0.00594	0.00297	0.00297
20	0.00851	0.00608	0.00814	0.00972	0.01019	0.00570	0.00665	0.00982	0.01327	0.01766	0.03761	0.71180	0.04487	0.02127	0.00878	0.00280	0.00412	0.06106	0.00635	0.00560
21	0.00836	0.00673	0.00749	0.00803	0.00977	0.00586	0.00591	0.01004	0.01492	0.01834	0.05836	0.25605	0.48420	0.01856	0.00836	0.00250	0.00380	0.06064	0.00635	0.00575
22	0.01275	0.00638	0.00638	0.00638	0.00797	0.00638	0.00478	0.01594	0.01435	0.02551	0.02232	0.02551	0.01754	0.00797	0.00478	0.00159	0.00319	0.00638	0.79755	0.00638
23	0.00995	0.00663	0.00746	0.00746	0.00746	0.00663	0.00415	0.00995	0.00995	0.01327	0.02156	0.04477	0.02487	0.75957	0.03482	0.00663	0.00663	0.00995	0.00415	0.00415
24	0.01829	0.76368	0.03585	0.01171	0.01756	0.02707	0.01171	0.02049	0.01390	0.01610	0.00951	0.01097	0.00878	0.00585	0.00439	0.00146	0.00732	0.00366	0.00293	0.00878
25	0.01372	0.03539	0.72412	0.01950	0.02961	0.01589	0.02528	0.02167	0.01444	0.02167	0.01228	0.01444	0.00867	0.00650	0.00650	0.00217	0.01011	0.00506	0.00289	0.01011
26	0.00995	0.00663	0.00746	0.00746	0.00746	0.00663	0.00415	0.00995	0.00995	0.01327	0.02156	0.04477	0.02487	0.75957	0.03482	0.00663	0.00663	0.00995	0.00415	0.00415
27	0.01615	0.01845	0.04037	0.02884	0.03576	0.01730	0.69204	0.02191	0.01615	0.02191	0.01384	0.01845	0.01038	0.00577	0.00807	0.00231	0.01153	0.00807	0.00346	0.00923
28	0.01081	0.00724	0.00951	0.00880	0.01061	0.00665	0.00665	0.01401	0.01938	0.06465	0.67649	0.04961	0.06200	0.01369	0.00801	0.00215	0.00337	0.01208	0.00758	0.00673
29	0.01750	0.01494	0.01574	0.01402	0.01797	0.01724	0.01095	0.07161	0.66849	0.02940	0.02723	0.02504	0.02039	0.00922	0.00696	0.00231	0.00553	0.00765	0.00696	0.01087

[dist]
# distance from previous block
# <min> <max>
0	1

[block]
# block no. 4 follows, 31 sequences, length 58
# corresponding to MSA columns:
# 314-371
name=unknown_E
#
# <colnr> <probs for GDERKNQSTAVLIFYWHMCP>
#	G	D	E	R	K	N	Q	S	T	A	V	L	I	F	Y	W	H	M	C	P
0	0.00834	0.00694	0.00728	0.00719	0.00940	0.00588	0.00540	0.01031	0.01619	0.01989	0.17074	0.06352	0.61179	0.01680	0.00808	0.00229	0.00343	0.01411	0.00654	0.00588
1	0.13767	0.01241	0.01647	0.01527	0.09988	0.01153	0.01098	0.03003	0.01800	0.54209	0.02287	0.02083	0.01488	0.00789	0.00650	0.00211	0.00602	0.00634	0.00727	0.01096
2	0.01915	0.67692	0.03390	0.01241	0.01799	0.11074	0.01189	0.02130	0.01455	0.01617	0.00964	0.01114	0.00878	0.00600	0.00460	0.00150	0.00791	0.00375	0.00300	0.00868
3	0.03009	0.01413	0.01629	0.01282	0.01790	0.09574	0.01043	0.03263	0.01956	0.63797	0.02504	0.02199	0.01597	0.00830	0.00680	0.00207	0.00659	0.00659	0.00788	0.01120
4	0.01173	0.00887	0.01301	0.01609	0.09757	0.00887	0.01221	0.01498	0.01573	0.02070	0.03345	0.07002	0.03599	0.01738	0.00913	0.00302	0.00652	0.59195	0.00595	0.00684
5	0.00828	0.00682	0.00728	0.00742	0.00943	0.00582	0.00547	0.01011	0.01570	0.01931	0.13381	0.14608	0.56589	0.01746	0.00816	0.00235	0.00350	0.01481	0.00648	0.00582
6	0.10322	0.00682	0.00819	0.00946	0.01032	0.00672	0.00648	0.01078	0.01293	0.01903	0.03436	0.66681	0.04076	0.01964	0.00820	0.00270	0.00413	0.01758	0.00610	0.00578
7	0.01646	0.01577	0.02691	0.12520	0.63740	0.01613	0.02076	0.02058	0.01535	0.02177	0.01278	0.01709	0.01063	0.00618	0.00678	0.00206	0.00825	0.00609	0.00335	0.01045
8	0.01352	0.01248	0.02052	0.70993	0.04594	0.01547	0.01873	0.04836	0.01452	0.01865	0.01235	0.01816	0.00923	0.00690	0.00684	0.00227	0.00905	0.00608	0.00321	0.00778
9	0.00896	0.00949	0.09288	0.01059	0.01223	0.00679	0.00854	0.01098	0.01337	0.01801	0.03617	0.63497	0.07218	0.01947	0.00844	0.00268	0.00467	0.01751	0.00594	0.00611
10	0.00992	0.00668	0.00766	0.00760	0.00779	0.00661	0.00442	0.01030	0.01107	0.01495	0.10365	0.04552	0.02958	0.67108	0.03165	0.00610	0.00623	0.01024	0.00455	0.00442
11	0.01668	0.01440	0.01532	0.01347	0.01760	0.01608	0.01051	0.03408	0.62260	0.02787	0.02598	0.02418	0.01961	0.00878	0.00674	0.00217	0.00537	0.00730	0.00662	0.10465
12	0.01337	0.02189	0.31741	0.01729	0.02249	0.01487	0.08793	0.01805	0.01314	0.01951	0.03374	0.02092	0.01338	0.10028	0.06257	0.00346	0.16882	0.00657	0.03609	0.00821
13	0.00899	0.00609	0.00790	0.00930	0.00989	0.00576	0.00638	0.01050	0.01337	0.01856	0.03581	0.63681	0.04169	0.01972	0.00830	0.00266	0.00399	0.04836	0.10024	0.00569
14	0.01030	0.00729	0.00901	0.09477	0.01217	0.00765	0.00591	0.01084	0.01039	0.01377	0.02044	0.04162	0.02300	0.67024	0.03150	0.00612	0.00693	0.00949	0.00401	0.00456
15	0.01919	0.33115	0.08893	0.14253	0.02526	0.18770	0.03401	0.04086	0.01595	0.04038	0.01134	0.01363	0.00922	0.00651	0.00567	0.00180	0.00913	0.00468	0.00338	0.00868
16	0.01995	0.05049	0.05095	0.06452	0.02146	0.34784	0.03649	0.05575	0.09905	0.02029	0.01503	0.03547	0.01247	0.01088	0.05706	0.00260	0.03405	0.00588	0.05147	0.00831
17	0.80789	0.01323	0.01006	0.00900	0.01323	0.01535	0.00741	0.02011	0.01164	0.03070	0.00953	0.01111	0.00741	0.00635	0.00423	0.00212	0.00529	0.00370	0.00423	0.00741
18	0.01044	0.00733	0.00902	0.00876	0.01065	0.00678	0.00672	0.01365	0.03530	0.04658	0.41394	0.07953	0.19518	0.01478	0.00797	0.00227	0.00371	0.07040	0.05044	0.00654
19	0.00948	0.00729	0.00870	0.00829	0.01022	0.00667	0.00623	0.01289	0.04642	0.02463	0.47947	0.05475	0.27007	0.01486	0.00803	0.00221	0.00339	0.01284	0.00713	0.00642
20	0.00990	0.00709	0.00912	0.00895	0.01061	0.00660	0.00693	0.01300	0.01835	0.02571	0.53871	0.05471	0.10645	0.01465	0.00812	0.00228	0.00368	0.10546	0.04332	0.00638
21	0.00939	0.00698	0.00874	0.00830	0.01004	0.00633	0.00622	0.01234	0.01867	0.02578	0.59443	0.05382	0.18444	0.01460	0.00807	0.00218	0.00327	0.01275	0.00731	0.00633
22	0.02997	0.01148	0.01565	0.01205	0.01722	0.00993	0.00993	0.03264	0.01957	0.69775	0.05060	0.02424	0.01857	0.00866	0.00692	0.00212	0.00573	0.00707	0.00844	0.01146
23	0.01702	0.01470	0.01547	0.01392	0.01779	0.01702	0.01083	0.03635	0.70453	0.02862	0.02785	0.02553	0.02088	0.00928	0.00696	0.00232	0.00541	0.00773	0.00696	0.01083
24	0.02601	0.01916	0.02053	0.01574	0.02122	0.02122	0.01300	0.69408	0.03217	0.04312	0.01643	0.01643	0.01163	0.00821	0.00684	0.00205	0.00753	0.00616	0.00684	0.01163
25	0.02556	0.03261	0.01939	0.01763	0.02115	0.73210	0.01322	0.02732	0.01939	0.01674	0.01058	0.01234	0.00881	0.00705	0.00617	0.00176	0.01234	0.00441	0.00353	0.00793
26	0.01292	0.01216	0.02052	0.74312	0.04712	0.01520	0.01900	0.01748	0.01368	0.01748	0.01216	0.01824	0.00912	0.00684	0.00684	0.00228	0.00912	0.00608	0.00304	0.00760
27	0.02384	0.01430	0.01879	0.01654	0.07839	0.01510	0.01249	0.15933	0.01935	0.31695	0.01857	0.01884	0.01308	0.00870	0.01009	0.00220	0.16665	0.00625	0.00617	0.07439
28	0.01492	0.01214	0.01426	0.01022	0.01627	0.00916	0.00819	0.01794	0.01443	0.05343	0.01282	0.01459	0.01044	0.00522	0.00515	0.00106	0.00510	0.00418	0.00425	0.76623
29	0.01755	0.54446	0.18497	0.01430	0.02101	0.05645	0.03979	0.02111	0.01435	0.01755	0.01032	0.01207	0.00882	0.00605	0.00507	0.00166	0.00831	0.00416	0.00297	0.00905
30	0.01903	0.61053	0.07900	0.01307	0.01887	0.12759	0.01282	0.02155	0.01472	0.01656	0.00985	0.01140	0.00878	0.00607	0.00478	0.00155	0.00822	0.00386	0.00301	0.00875
31	0.00834	0.00595	0.00794	0.00953	0.00992	0.00556	0.00635	0.00953	0.01310	0.01746	0.03771	0.75510	0.04525	0.02143	0.00873	0.00278	0.00397	0.01945	0.00635	0.00556
32	0.00977	0.00733	0.01100	0.01100	0.01222	0.00855	0.00855	0.01222	0.01100	0.01588	0.01833	0.02688	0.01710	0.05131	0.73245	0.01100	0.01833	0.00733	0.00367	0.00611
33	0.01693	0.01626	0.02777	0.04199	0.71689	0.01626	0.02100	0.02100	0.01558	0.02235	0.01287	0.01693	0.01084	0.00610	0.00677	0.00203	0.00813	0.00610	0.00339	0.01084
34	0.02557	0.03219	0.01942	0.01757	0.02115	0.70991	0.01321	0.04813	0.01979	0.01757	0.01076	0.01247	0.00890	0.00709	0.00619	0.00177	0.01219	0.00446	0.00363	0.00805
35	0.80789	0.01323	0.01006	0.00900	0.01323	0.01535	0.00741	0.02011	0.01164	0.03070	0.00953	0.01111	0.00741	0.00635	0.00423	0.00212	0.00529	0.00370	0.00423	0.00741
36	0.00834	0.00595	0.00794	0.00953	0.00992	0.00556	0.00635	0.00953	0.01310	0.01746	0.03771	0.75510	0.04525	0.02143	0.00873	0.00278	0.00397	0.01945	0.00635	0.00556
37	0.01615	0.01845	0.04037	0.02884	0.03576	0.01730	0.69204	0.02191	0.01615	0.02191	0.01384	0.01845	0.01038	0.00577	0.00807	0.00231	0.01153	0.00807	0.00346	0.00923
38	0.01292	0.01216	0.02052	0.74312	0.04712	0.01520	0.01900	0.01748	0.01368	0.01748	0.01216	0.01824	0.00912	0.00684	0.00684	0.00228	0.00912	0.00608	0.00304	0.00760
39	0.19545	0.01576	0.01637	0.01310	0.01776	0.01731	0.01072	0.40230	0.04698	0.07581	0.10374	0.02031	0.01797	0.00858	0.00643	0.00209	0.00633	0.00650	0.00645	0.01003
40	0.02556	0.03261	0.01939	0.01763	0.02115	0.73210	0.01322	0.02732	0.01939	0.01674	0.01058	0.01234	0.00881	0.00705	0.00617	0.00176	0.01234	0.00441	0.00353	0.00793
41	0.00995	0.00663	0.00746	0.00746	0.00746	0.00663	0.00415	0.00995	0.00995	0.01327	0.02156	0.04477	0.02487	0.75957	0.03482	0.00663	0.00663	0.00995	0.00415	0.00415
42	0.00889	0.00654	0.00826	0.00871	0.00987	0.00598	0.00615	0.01094	0.01589	0.02149	0.31359	0.34813	0.15086	0.04101	0.00919	0.00258	0.00368	0.01557	0.00676	0.00591
43	0.01419	0.01216	0.01419	0.01013	0.01621	0.00912	0.00811	0.01723	0.01419	0.02229	0.01216	0.01419	0.01013	0.00507	0.00507	0.00101	0.00507	0.00405	0.00405	0.80139
44	0.00995	0.00663	0.00746	0.00746	0.00746	0.00663	0.00415	0.00995	0.00995	0.01327	0.02156	0.04477	0.02487	0.75957	0.03482	0.00663	0.00663	0.00995	0.00415	0.00415
45	0.00809	0.00693	0.00693	0.00693	0.00924	0.00578	0.00520	0.00982	0.01559	0.01848	0.06931	0.06584	0.71411	0.01733	0.00809	0.00231	0.00347	0.01444	0.00635	0.00578
46	0.14687	0.04170	0.02330	0.01802	0.05730	0.01410	0.23549	0.02047	0.01445	0.10003	0.01488	0.01979	0.01222	0.09575	0.01032	0.00255	0.03328	0.00650	0.00428	0.12869
47	0.00911	0.00686	0.00843	0.00827	0.00993	0.00618	0.00611	0.01172	0.01767	0.02396	0.46794	0.13349	0.23388	0.01570	0.00815	0.00226	0.00337	0.01371	0.00709	0.00618
48	0.00834	0.00595	0.00794	0.00953	0.00992	0.00556	0.00635	0.00953	0.01310	0.01746	0.03771	0.75510	0.04525	0.02143	0.00873	0.00278	0.00397	0.01945	0.00635	0.00556
49	0.01630	0.01598	0.02850	0.06090	0.56225	0.01589	0.11980	0.02050	0.01549	0.02191	0.01412	0.05089	0.01228	0.00677	0.00706	0.00211	0.00847	0.00700	0.00352	0.01025
50	0.01933	0.25175	0.15373	0.09960	0.05738	0.15429	0.03941	0.07125	0.01680	0.05888	0.01229	0.01430	0.00961	0.00663	0.00594	0.00188	0.00909	0.00496	0.00368	0.00921
51	0.01449	0.01438	0.02028	0.21220	0.02559	0.04111	0.01567	0.01686	0.01164	0.01672	0.01036	0.01637	0.00943	0.01244	0.05389	0.00317	0.48885	0.00603	0.00306	0.00746
52	0.01330	0.00690	0.00696	0.00676	0.00852	0.00699	0.00512	0.04391	0.01508	0.02623	0.02207	0.02513	0.01729	0.00798	0.00487	0.00161	0.00337	0.00637	0.76493	0.00659
53	0.01633	0.07854	0.25437	0.04321	0.10689	0.13869	0.07094	0.03803	0.03609	0.02110	0.05262	0.03755	0.06022	0.00803	0.00672	0.00207	0.00900	0.00668	0.00387	0.00905
54	0.00964	0.00721	0.00899	0.00859	0.01033	0.00668	0.00642	0.01312	0.04239	0.02572	0.56515	0.08371	0.15718	0.01464	0.00806	0.00221	0.00337	0.01283	0.00729	0.00647
55	0.01818	0.01396	0.06111	0.01256	0.01662	0.04805	0.03820	0.14485	0.03747	0.16454	0.12940	0.06840	0.15185	0.01143	0.00735	0.00219	0.00602	0.02780	0.03125	0.00881
56	0.04305	0.01825	0.07784	0.04863	0.04565	0.08467	0.07180	0.21889	0.11404	0.06102	0.01771	0.01893	0.01314	0.00768	0.00648	0.00204	0.00755	0.00627	0.12666	0.00970
57	0.00832	0.00600	0.00789	0.00940	0.00989	0.00557	0.00630	0.00954	0.01322	0.01751	0.03919	0.72287	0.07653	0.02124	0.00870	0.00276	0.00395	0.01921	0.00635	0.00557

[dist]
# distance from previous block
# <min> <max>
2	3

[block]
# block no. 5 follows, 31 sequences, length 8
# corresponding to MSA columns:
# 375-382
name=unknown_F
#
# <colnr> <probs for GDERKNQSTAVLIFYWHMCP>
#	G	D	E	R	K	N	Q	S	T	A	V	L	I	F	Y	W	H	M	C	P
0	0.00980	0.00833	0.01058	0.01255	0.11443	0.00750	0.00786	0.01225	0.01654	0.02130	0.22237	0.05489	0.44698	0.01482	0.00789	0.00223	0.00410	0.01268	0.00621	0.00670
1	0.01829	0.76368	0.03585	0.01171	0.01756	0.02707	0.01171	0.02049	0.01390	0.01610	0.00951	0.01097	0.00878	0.00585	0.00439	0.00146	0.00732	0.00366	0.00293	0.00878
2	0.00980	0.00723	0.01047	0.01047	0.01151	0.00827	0.00790	0.01188	0.01084	0.01549	0.01880	0.02953	0.01826	0.15635	0.62899	0.01035	0.01659	0.00772	0.00374	0.00582
3	0.01292	0.01216	0.02052	0.74312	0.04712	0.01520	0.01900	0.01748	0.01368	0.01748	0.01216	0.01824	0.00912	0.00684	0.00684	0.00228	0.00912	0.00608	0.00304	0.00760
4	0.01254	0.00918	0.01333	0.10377	0.01797	0.00932	0.05655	0.01668	0.09193	0.08590	0.03235	0.42350	0.06778	0.01569	0.00804	0.00254	0.00546	0.01420	0.00600	0.00725
5	0.01739	0.01470	0.02364	0.16119	0.24136	0.01513	0.11659	0.11987	0.01809	0.07981	0.02164	0.02399	0.09953	0.00810	0.00716	0.00216	0.00796	0.00751	0.00462	0.00953
6	0.12375	0.01315	0.01432	0.01177	0.01614	0.01358	0.00951	0.19537	0.11161	0.21504	0.03129	0.02946	0.16567	0.01015	0.00680	0.00217	0.00562	0.00803	0.00685	0.00971
7	0.13994	0.03610	0.01821	0.01416	0.01849	0.03552	0.12657	0.06063	0.07943	0.15078	0.04759	0.11799	0.06464	0.00989	0.00685	0.00218	0.00651	0.00863	0.00572	0.05019

[dist]
# distance from previous block
# <min> <max>
4	5

[block]
# block no. 6 follows, 31 sequences, length 6
# corresponding to MSA columns:
# 388-393
name=unknown_G
#
# <colnr> <probs for GDERKNQSTAVLIFYWHMCP>
#	G	D	E	R	K	N	Q	S	T	A	V	L	I	F	Y	W	H	M	C	P
0	0.01796	0.01940	0.01931	0.12409	0.13394	0.24392	0.01435	0.05014	0.03892	0.01979	0.04142	0.02227	0.09154	0.00915	0.00922	0.00218	0.12337	0.00675	0.00406	0.00824
1	0.00980	0.00722	0.01042	0.01042	0.01144	0.00824	0.00784	0.01185	0.01082	0.01546	0.01885	0.02979	0.01837	0.16648	0.61901	0.01029	0.01642	0.00776	0.00374	0.00579
2	0.00972	0.00654	0.00753	0.00776	0.00782	0.00648	0.00446	0.00989	0.01040	0.01387	0.02388	0.14681	0.02780	0.65353	0.03107	0.00608	0.00625	0.01131	0.00446	0.00435
3	0.00959	0.04407	0.05730	0.00890	0.01144	0.00769	0.00745	0.01230	0.01668	0.02200	0.31256	0.12063	0.31423	0.01515	0.00786	0.00224	0.00405	0.01298	0.00642	0.00645
4	0.01925	0.02060	0.02410	0.05820	0.38788	0.22177	0.04327	0.04826	0.04216	0.02141	0.01494	0.01778	0.03599	0.00699	0.00671	0.00200	0.00922	0.00605	0.00378	0.00966
5	0.24425	0.01697	0.01783	0.01722	0.11835	0.05126	0.01213	0.29019	0.06505	0.03312	0.01414	0.01524	0.01069	0.00719	0.00596	0.00200	0.00692	0.00534	0.00528	0.06087

[dist]
# distance from previous block
# <min> <max>
0	6

[block]
# block no. 7 follows, 31 sequences, length 51
# corresponding to MSA columns:
# 400-450
name=unknown_H
#
# <colnr> <probs for GDERKNQSTAVLIFYWHMCP>
#	G	D	E	R	K	N	Q	S	T	A	V	L	I	F	Y	W	H	M	C	P
0	0.01732	0.26092	0.14502	0.01627	0.03926	0.12585	0.09067	0.02126	0.03285	0.04767	0.03687	0.08037	0.04125	0.00833	0.00628	0.00195	0.00839	0.00682	0.00397	0.00869
1	0.07985	0.22114	0.11615	0.01638	0.07563	0.09196	0.02997	0.07675	0.01692	0.08523	0.03436	0.02238	0.01479	0.00824	0.00622	0.00202	0.00787	0.08059	0.00446	0.00909
2	0.06555	0.10938	0.15199	0.01430	0.04142	0.03222	0.03062	0.08037	0.04317	0.13469	0.02154	0.02174	0.09096	0.00797	0.00622	0.00190	0.00692	0.00630	0.00497	0.12776
3	0.00999	0.00735	0.00960	0.01014	0.01181	0.00695	0.00828	0.01290	0.01701	0.02269	0.29467	0.08349	0.15455	0.01688	0.00870	0.00264	0.00465	0.30468	0.00677	0.00626
4	0.02044	0.40417	0.10548	0.01548	0.04835	0.20486	0.01394	0.04865	0.01638	0.04969	0.01127	0.01270	0.00933	0.00645	0.00538	0.00169	0.00888	0.00434	0.00349	0.00903
5	0.01736	0.01921	0.05635	0.12589	0.34186	0.14485	0.07376	0.02176	0.03774	0.02070	0.01459	0.01795	0.03202	0.00676	0.00675	0.00202	0.00904	0.00613	0.00358	0.04167
6	0.01138	0.00747	0.00907	0.00907	0.01120	0.00666	0.00703	0.01357	0.01621	0.09962	0.14569	0.16969	0.33001	0.01675	0.00827	0.00247	0.00423	0.11826	0.00675	0.00659
7	0.00995	0.00663	0.00746	0.00746	0.00746	0.00663	0.00415	0.00995	0.00995	0.01327	0.02156	0.04477	0.02487	0.75957	0.03482	0.00663	0.00663	0.00995	0.00415	0.00415
8	0.01693	0.01626	0.02777	0.04199	0.71689	0.01626	0.02100	0.02100	0.01558	0.02235	0.01287	0.01693	0.01084	0.00610	0.00677	0.00203	0.00813	0.00610	0.00339	0.01084
9	0.01006	0.01124	0.11419	0.01090	0.01356	0.00856	0.00976	0.01313	0.01383	0.01917	0.15039	0.06189	0.13824	0.08149	0.29111	0.00598	0.01047	0.02464	0.00485	0.00655
10	0.00834	0.00595	0.00794	0.00953	0.00992	0.00556	0.00635	0.00953	0.01310	0.01746	0.03771	0.75510	0.04525	0.02143	0.00873	0.00278	0.00397	0.01945	0.00635	0.00556
11	0.01233	0.00682	0.00686	0.00679	0.00858	0.00677	0.00511	0.01605	0.04535	0.02472	0.02875	0.03082	0.10939	0.00926	0.00531	0.00172	0.00332	0.00750	0.65805	0.00650
12	0.02499	0.01836	0.02227	0.01689	0.02247	0.01978	0.08969	0.54692	0.04932	0.09311	0.01729	0.01746	0.01218	0.00799	0.00699	0.00209	0.00779	0.00648	0.00659	0.01134
13	0.01391	0.01435	0.07622	0.05842	0.26840	0.01282	0.09674	0.01799	0.01531	0.02099	0.02202	0.06353	0.02189	0.02895	0.00857	0.00261	0.00792	0.23635	0.00447	0.00854
14	0.01400	0.03347	0.64660	0.02056	0.03031	0.01605	0.10087	0.02169	0.01464	0.02169	0.01245	0.01490	0.00886	0.00642	0.00668	0.00218	0.01027	0.00540	0.00295	0.01001
15	0.02462	0.03063	0.01896	0.01722	0.02078	0.65336	0.01296	0.02831	0.09483	0.01805	0.01248	0.01379	0.01014	0.00730	0.00626	0.00182	0.01158	0.00477	0.00390	0.00825
16	0.01814	0.67895	0.03493	0.01514	0.09684	0.02584	0.01276	0.02054	0.01409	0.01681	0.00989	0.01165	0.00901	0.00588	0.00466	0.00153	0.00741	0.00393	0.00298	0.00901
17	0.10034	0.00836	0.00875	0.00847	0.01080	0.00819	0.00645	0.01460	0.08016	0.02303	0.19876	0.06884	0.32497	0.03896	0.00835	0.00241	0.00401	0.03571	0.04226	0.00657
18	0.00925	0.00713	0.00851	0.00805	0.01006	0.00630	0.00606	0.01194	0.01785	0.02407	0.46059	0.05522	0.29540	0.01490	0.00798	0.00217	0.00337	0.01285	0.00700	0.03129
19	0.01301	0.01479	0.10029	0.66108	0.04513	0.01528	0.01971	0.01795	0.01377	0.01795	0.01217	0.01781	0.00907	0.00680	0.00680	0.00227	0.00923	0.00596	0.00302	0.00788
20	0.01742	0.01433	0.01567	0.01158	0.01742	0.04085	0.00932	0.14860	0.01802	0.04685	0.01336	0.01481	0.01057	0.00585	0.00551	0.00128	0.00586	0.00456	0.00470	0.59345
21	0.01429	0.01356	0.02300	0.50288	0.27662	0.01556	0.01968	0.01868	0.01433	0.01915	0.01240	0.01779	0.00971	0.00658	0.00682	0.00219	0.00878	0.00609	0.00316	0.00871
22	0.01477	0.01525	0.09410	0.01314	0.01727	0.01436	0.01132	0.02891	0.46668	0.02660	0.11633	0.03179	0.09926	0.01042	0.00717	0.00228	0.00546	0.00873	0.00651	0.00966
23	0.00870	0.00661	0.00733	0.00771	0.00888	0.00598	0.00516	0.00979	0.01333	0.01670	0.04759	0.22564	0.34941	0.23756	0.01614	0.00370	0.00452	0.01432	0.00570	0.00524
24	0.02057	0.01891	0.01732	0.03681	0.01986	0.15610	0.01188	0.19017	0.37099	0.02935	0.02115	0.02058	0.01589	0.00848	0.00671	0.00213	0.00731	0.00663	0.02894	0.01023
25	0.00962	0.00852	0.00994	0.00929	0.01107	0.00884	0.00726	0.01148	0.01501	0.01910	0.13044	0.05416	0.50167	0.01589	0.01091	0.00243	0.14981	0.01254	0.00583	0.00619
26	0.01194	0.01020	0.01646	0.08770	0.16730	0.01028	0.06981	0.01447	0.01366	0.01845	0.02454	0.23895	0.02670	0.16039	0.01330	0.00334	0.00682	0.09397	0.00471	0.00701
27	0.77185	0.01424	0.04246	0.00947	0.01397	0.01537	0.00822	0.02018	0.01177	0.03029	0.00965	0.01126	0.00747	0.00636	0.00434	0.00212	0.00551	0.00377	0.00417	0.00753
28	0.01315	0.01248	0.02057	0.66091	0.04381	0.01585	0.01854	0.01736	0.01332	0.01736	0.01180	0.01787	0.00910	0.00742	0.00861	0.00236	0.09278	0.00607	0.00303	0.00759
29	0.02363	0.23048	0.02401	0.01580	0.02018	0.45921	0.01278	0.10105	0.01934	0.01956	0.01095	0.01243	0.00912	0.00686	0.00576	0.00171	0.01042	0.00440	0.00374	0.00858
30	0.00940	0.00685	0.00884	0.00862	0.01012	0.00629	0.00636	0.01226	0.01829	0.02554	0.58229	0.14608	0.10306	0.01519	0.00816	0.00225	0.00334	0.01345	0.00730	0.00629
31	0.01807	0.03432	0.01806	0.03832	0.08323	0.01631	0.03003	0.16760	0.32507	0.04977	0.10166	0.02607	0.04249	0.00926	0.00703	0.00219	0.00614	0.00781	0.00638	0.01018
32	0.00995	0.00663	0.00746	0.00746	0.00746	0.00663	0.00415	0.00995	0.00995	0.01327	0.02156	0.04477	0.02487	0.75957	0.03482	0.00663	0.00663	0.00995	0.00415	0.00415
33	0.05019	0.04406	0.06112	0.06491	0.07020	0.17849	0.09884	0.06729	0.03838	0.10752	0.03847	0.01763	0.01287	0.00706	0.00645	0.00191	0.00854	0.00586	0.02117	0.09905
34	0.01714	0.01732	0.02543	0.17375	0.50951	0.09721	0.01973	0.02104	0.01565	0.02078	0.01247	0.01666	0.01028	0.00635	0.00672	0.00205	0.00880	0.00590	0.00334	0.00989
35	0.01755	0.01422	0.01529	0.01353	0.01737	0.01613	0.01058	0.07687	0.57643	0.05761	0.08384	0.02696	0.02374	0.00957	0.00704	0.00228	0.00539	0.00798	0.00706	0.01055
36	0.01275	0.00638	0.00638	0.00638	0.00797	0.00638	0.00478	0.01594	0.01435	0.02551	0.02232	0.02551	0.01754	0.00797	0.00478	0.00159	0.00319	0.00638	0.79755	0.00638
37	0.80789	0.01323	0.01006	0.00900	0.01323	0.01535	0.00741	0.02011	0.01164	0.03070	0.00953	0.01111	0.00741	0.00635	0.00423	0.00212	0.00529	0.00370	0.00423	0.00741
38	0.16379	0.01851	0.10941	0.12448	0.03244	0.01648	0.39353	0.02092	0.01476	0.02291	0.01262	0.01659	0.00945	0.00611	0.00700	0.00225	0.00986	0.00663	0.00348	0.00876
39	0.00945	0.00694	0.00886	0.00847	0.01010	0.00634	0.00632	0.01243	0.01869	0.02604	0.61506	0.08412	0.13231	0.01467	0.00810	0.00220	0.00329	0.01291	0.00735	0.00634
40	0.00914	0.00639	0.00831	0.00957	0.01042	0.00591	0.00672	0.01061	0.01379	0.03688	0.04091	0.59728	0.12073	0.02039	0.00867	0.00274	0.00416	0.07516	0.00640	0.00581
41	0.01649	0.56323	0.11707	0.01245	0.01811	0.02292	0.01278	0.01935	0.01351	0.01667	0.01125	0.01431	0.01024	0.03578	0.08819	0.00280	0.00889	0.00445	0.00305	0.00849
42	0.02484	0.01637	0.01812	0.01429	0.01928	0.01766	0.01167	0.43312	0.12971	0.16916	0.02047	0.01959	0.01435	0.00841	0.00676	0.00208	0.00665	0.00654	0.04970	0.01123
43	0.02010	0.01668	0.01718	0.01461	0.01897	0.04207	0.01159	0.24084	0.47243	0.03274	0.02372	0.02225	0.01760	0.00887	0.00690	0.00222	0.00630	0.00713	0.00681	0.01098
44	0.00995	0.00663	0.00746	0.00746	0.00746	0.00663	0.00415	0.00995	0.00995	0.01327	0.02156	0.04477	0.02487	0.75957	0.03482	0.00663	0.00663	0.00995	0.00415	0.00415
45	0.03650	0.22955	0.38159	0.01717	0.04603	0.04204	0.01888	0.07314	0.05491	0.02226	0.01262	0.01421	0.00966	0.00661	0.00592	0.00196	0.00878	0.00489	0.00350	0.00979
