[name]
unknown

[dist]
# distance from previous block
# <min> <max>
2	69

[block]
# block no. 0 follows, 33 sequences, length 19
# corresponding to MSA columns:
# 69-87
name=unknown_A
#
# <colnr> <probs for GDERKNQSTAVLIFYWHMCP>
#	G	D	E	R	K	N	Q	S	T	A	V	L	I	F	Y	W	H	M	C	P
0	0.01716	0.32597	0.29768	0.01490	0.02172	0.08430	0.01633	0.07042	0.01538	0.03920	0.01146	0.01313	0.00907	0.00755	0.02808	0.00203	0.00880	0.00446	0.00329	0.00906
1	0.09903	0.13141	0.04392	0.01499	0.08115	0.11920	0.02866	0.05112	0.01473	0.03136	0.03763	0.03348	0.06166	0.04417	0.06136	0.00270	0.06144	0.00611	0.00396	0.07191
2	0.01516	0.10382	0.07894	0.01469	0.08512	0.16724	0.01079	0.01836	0.06596	0.01662	0.01583	0.02510	0.01544	0.27689	0.06006	0.00395	0.00865	0.00666	0.00373	0.00701
3	0.01793	0.05918	0.01483	0.01060	0.01508	0.01079	0.00862	0.10079	0.01804	0.19489	0.17906	0.04170	0.02419	0.00840	0.00620	0.00167	0.00504	0.00695	0.00599	0.27005
4	0.01645	0.00823	0.01099	0.01035	0.01266	0.00757	0.00805	0.01848	0.01534	0.26789	0.07977	0.19197	0.03116	0.12701	0.01164	0.00304	0.00527	0.16014	0.00658	0.00742
5	0.02209	0.01035	0.01268	0.01028	0.01398	0.00985	0.00823	0.11856	0.01869	0.36988	0.06619	0.02483	0.01899	0.04998	0.00764	0.00214	0.00506	0.00689	0.21452	0.00918
6	0.01331	0.08112	0.59721	0.01806	0.02685	0.01549	0.06528	0.02007	0.01404	0.02031	0.01520	0.01704	0.05373	0.00683	0.00631	0.00206	0.00923	0.00553	0.00303	0.00933
7	0.01538	0.01471	0.02507	0.20953	0.56562	0.01540	0.01975	0.01940	0.01456	0.02039	0.01222	0.01659	0.01004	0.00604	0.00653	0.00201	0.00805	0.00586	0.00318	0.00969
8	0.00802	0.00668	0.00700	0.00692	0.00904	0.00566	0.00519	0.00991	0.01557	0.01913	0.16965	0.06114	0.62110	0.01617	0.00778	0.00220	0.00330	0.01358	0.00629	0.00566
9	0.00793	0.00609	0.00727	0.00820	0.00930	0.00543	0.00568	0.00927	0.01353	0.01718	0.04800	0.49419	0.30613	0.01910	0.00816	0.00250	0.00363	0.01686	0.00611	0.00543
10	0.06161	0.01597	0.01802	0.16312	0.12604	0.12506	0.01339	0.12939	0.05040	0.06069	0.01619	0.03899	0.03194	0.06295	0.00933	0.00239	0.05526	0.00644	0.00440	0.00844
11	0.01710	0.50467	0.16555	0.01317	0.01936	0.02263	0.01376	0.06486	0.08763	0.01941	0.01192	0.01299	0.00981	0.00624	0.00502	0.00166	0.00738	0.00434	0.00345	0.00907
12	0.00799	0.00635	0.00720	0.00785	0.00934	0.00556	0.00566	0.00951	0.01409	0.01749	0.05373	0.33270	0.43559	0.01825	0.00807	0.00243	0.00363	0.04296	0.00611	0.00550
13	0.01537	0.09818	0.39614	0.01724	0.02340	0.12065	0.01889	0.02020	0.01363	0.01846	0.01085	0.01377	0.00868	0.00869	0.03181	0.00239	0.16516	0.00490	0.00291	0.00867
14	0.07174	0.01842	0.01787	0.01755	0.10657	0.23339	0.03249	0.04362	0.08962	0.17878	0.01768	0.07084	0.01425	0.00841	0.00723	0.00204	0.04892	0.00654	0.00507	0.00898
15	0.01056	0.00730	0.00883	0.00822	0.01031	0.00662	0.00624	0.01373	0.04210	0.07483	0.44786	0.05071	0.26016	0.01390	0.00765	0.00212	0.00343	0.01197	0.00695	0.00652
16	0.00877	0.00639	0.00735	0.00768	0.00853	0.00597	0.00507	0.00978	0.01251	0.01613	0.08375	0.19662	0.22910	0.32946	0.01863	0.00406	0.00477	0.03520	0.00530	0.00492
17	0.01499	0.01531	0.05671	0.09421	0.22071	0.10350	0.01393	0.02017	0.10996	0.04025	0.02249	0.15858	0.05772	0.01028	0.00697	0.00218	0.00707	0.03199	0.00460	0.00840
18	0.01636	0.08027	0.02457	0.22477	0.40253	0.10211	0.01805	0.01998	0.01480	0.01912	0.01167	0.01562	0.00959	0.00615	0.00627	0.00194	0.00849	0.00547	0.00315	0.00910

[dist]
# distance from previous block
# <min> <max>
1	3

[block]
# block no. 1 follows, 33 sequences, length 14
# corresponding to MSA columns:
# 92-105
name=unknown_B
#
# <colnr> <probs for GDERKNQSTAVLIFYWHMCP>
#	G	D	E	R	K	N	Q	S	T	A	V	L	I	F	Y	W	H	M	C	P
0	0.01626	0.03958	0.01636	0.01303	0.05049	0.01249	0.02732	0.11428	0.12350	0.05485	0.03927	0.04417	0.01471	0.00698	0.00581	0.00154	0.00556	0.00580	0.00498	0.40302
1	0.01887	0.15548	0.12719	0.05287	0.09773	0.12010	0.04737	0.11858	0.07541	0.07239	0.01496	0.04408	0.01198	0.00729	0.00615	0.00192	0.00813	0.00584	0.00432	0.00932
2	0.00840	0.00619	0.00795	0.00886	0.00978	0.00562	0.00610	0.00990	0.01359	0.01825	0.12110	0.58320	0.10520	0.01873	0.00812	0.00249	0.00373	0.01683	0.00615	0.03980
3	0.01757	0.01733	0.08322	0.02241	0.18703	0.06885	0.14589	0.12390	0.03587	0.07266	0.04526	0.02094	0.04833	0.00941	0.04177	0.00243	0.00850	0.00682	0.03255	0.00926
4	0.08073	0.08438	0.14258	0.01450	0.02032	0.01832	0.01360	0.35708	0.09040	0.09050	0.01596	0.01604	0.01145	0.00741	0.00615	0.00198	0.00716	0.00557	0.00556	0.01033
5	0.00957	0.00638	0.00718	0.00718	0.00718	0.00638	0.00399	0.00957	0.00957	0.01276	0.02074	0.04308	0.02393	0.76864	0.03351	0.00638	0.00638	0.00957	0.00399	0.00399
6	0.04773	0.13452	0.43148	0.01527	0.02249	0.01569	0.01789	0.06448	0.01512	0.02189	0.07367	0.01883	0.04080	0.00935	0.04158	0.00239	0.00856	0.00573	0.00363	0.00889
7	0.00793	0.00667	0.00687	0.00682	0.00898	0.00562	0.00512	0.00973	0.01535	0.01860	0.12910	0.06201	0.66198	0.01637	0.00778	0.00221	0.00331	0.01371	0.00622	0.00562
8	0.00834	0.00660	0.00741	0.00738	0.00916	0.00577	0.00541	0.01033	0.01568	0.02010	0.26091	0.11494	0.43995	0.04774	0.00891	0.00239	0.00343	0.01350	0.00637	0.00567
9	0.01469	0.01232	0.01421	0.01025	0.01604	0.00984	0.00823	0.07977	0.01524	0.02329	0.01208	0.01385	0.00988	0.00515	0.00503	0.00107	0.00509	0.00409	0.00415	0.73572
10	0.03713	0.01002	0.01259	0.01242	0.06156	0.01010	0.00903	0.04340	0.14598	0.14259	0.29010	0.03672	0.03552	0.01095	0.00710	0.00214	0.00467	0.06840	0.05131	0.00826
11	0.01378	0.08724	0.22522	0.01453	0.03493	0.04391	0.03846	0.02003	0.11353	0.02072	0.03407	0.11852	0.03360	0.00898	0.00638	0.00195	0.00693	0.02703	0.00430	0.14589
12	0.01582	0.23656	0.11934	0.03242	0.01816	0.04218	0.03925	0.08657	0.04538	0.05342	0.08359	0.09157	0.01949	0.07841	0.00864	0.00232	0.00693	0.00731	0.00448	0.00815
13	0.06029	0.02701	0.05313	0.01825	0.08473	0.51153	0.01333	0.08577	0.01848	0.01963	0.01134	0.01392	0.00945	0.03708	0.00707	0.00197	0.01044	0.00475	0.00369	0.00814

[dist]
# distance from previous block
# <min> <max>
0	2

[block]
# block no. 2 follows, 33 sequences, length 9
# corresponding to MSA columns:
# 108-116
name=unknown_C
#
# <colnr> <probs for GDERKNQSTAVLIFYWHMCP>
#	G	D	E	R	K	N	Q	S	T	A	V	L	I	F	Y	W	H	M	C	P
0	0.01407	0.02067	0.25744	0.14779	0.10542	0.01505	0.18753	0.02012	0.04189	0.02067	0.01345	0.01698	0.01017	0.00648	0.00711	0.00211	0.03347	0.00608	0.06462	0.00885
1	0.02459	0.03138	0.01866	0.01696	0.02035	0.74221	0.01272	0.02629	0.01866	0.01611	0.01018	0.01187	0.00848	0.00678	0.00594	0.00170	0.01187	0.00424	0.00339	0.00763
2	0.01673	0.01549	0.02528	0.11584	0.58366	0.01600	0.01924	0.08701	0.01635	0.02295	0.01264	0.01638	0.01032	0.00614	0.00653	0.00198	0.00787	0.00587	0.00355	0.01016
3	0.02503	0.01844	0.01976	0.01515	0.02042	0.02042	0.01251	0.70562	0.03095	0.04149	0.01581	0.01581	0.01120	0.00790	0.00659	0.00198	0.00724	0.00593	0.00659	0.01120
4	0.01365	0.01170	0.01365	0.00975	0.01560	0.00878	0.00780	0.01658	0.01365	0.02145	0.01170	0.01365	0.00975	0.00488	0.00488	0.00098	0.00488	0.00390	0.00390	0.80888
5	0.00892	0.00671	0.00825	0.00786	0.00959	0.00604	0.00590	0.01165	0.01769	0.02417	0.55374	0.05285	0.23387	0.01429	0.00777	0.00211	0.00317	0.01242	0.00695	0.00604
6	0.00936	0.00739	0.00982	0.06253	0.01259	0.00790	0.00747	0.01091	0.01259	0.01688	0.08725	0.32185	0.12462	0.13455	0.06973	0.00373	0.07704	0.01308	0.00514	0.00559
7	0.01325	0.01250	0.01793	0.01740	0.08502	0.01628	0.01294	0.01510	0.01122	0.01690	0.06212	0.02029	0.01459	0.05893	0.12054	0.00400	0.48391	0.00661	0.00338	0.00708
8	0.09171	0.06540	0.19534	0.01313	0.01795	0.01176	0.07852	0.01754	0.01526	0.07228	0.19304	0.07728	0.08086	0.00985	0.00666	0.00208	0.00623	0.00845	0.02886	0.00782

[dist]
# distance from previous block
# <min> <max>
0	5

[block]
# block no. 3 follows, 33 sequences, length 30
# corresponding to MSA columns:
# 122-151
name=unknown_D
#
# <colnr> <probs for GDERKNQSTAVLIFYWHMCP>
#	G	D	E	R	K	N	Q	S	T	A	V	L	I	F	Y	W	H	M	C	P
0	0.01450	0.08966	0.51447	0.01914	0.04418	0.01634	0.09692	0.06493	0.01513	0.02167	0.01280	0.03771	0.00987	0.00667	0.00635	0.00205	0.00927	0.00560	0.00321	0.00951
1	0.01737	0.08332	0.02056	0.04741	0.01912	0.23020	0.01358	0.01910	0.01301	0.01591	0.00960	0.01391	0.00888	0.01087	0.04235	0.00267	0.41653	0.00518	0.00305	0.00739
2	0.01956	0.01820	0.01587	0.01377	0.01670	0.22731	0.01084	0.16278	0.09055	0.04203	0.01571	0.01759	0.01238	0.00946	0.03118	0.00223	0.11507	0.00566	0.16479	0.00833
3	0.00807	0.00580	0.00765	0.00904	0.00954	0.00539	0.00608	0.00931	0.01294	0.01724	0.06619	0.70995	0.06803	0.02019	0.00835	0.00263	0.00377	0.01826	0.00616	0.00539
4	0.81514	0.01273	0.00968	0.00866	0.01273	0.01477	0.00713	0.01935	0.01120	0.02954	0.00917	0.01069	0.00713	0.00611	0.00407	0.00204	0.00509	0.00356	0.00407	0.00713
5	0.00800	0.00580	0.00756	0.00897	0.00950	0.00536	0.00602	0.00919	0.01279	0.01688	0.03865	0.70985	0.09651	0.02032	0.00835	0.00264	0.00378	0.01834	0.00611	0.00536
6	0.01685	0.02776	0.51995	0.01809	0.02657	0.01423	0.08290	0.02324	0.01509	0.17063	0.01493	0.01604	0.01016	0.00659	0.00647	0.00209	0.00898	0.00550	0.00396	0.00996
7	0.02409	0.01915	0.05705	0.01626	0.04688	0.01997	0.01341	0.64490	0.02948	0.03968	0.01547	0.01572	0.01102	0.00774	0.00657	0.00198	0.00739	0.00587	0.00627	0.01109
8	0.01144	0.00572	0.00858	0.00858	0.00858	0.00572	0.00572	0.00858	0.00858	0.01144	0.01144	0.02001	0.01144	0.02287	0.02573	0.80846	0.00572	0.00572	0.00286	0.00286
9	0.01268	0.00678	0.00685	0.00662	0.00837	0.00682	0.00502	0.04967	0.01473	0.02505	0.02351	0.02609	0.05285	0.00814	0.00486	0.00159	0.00329	0.00652	0.72420	0.00636
10	0.01126	0.00715	0.00926	0.00871	0.01060	0.00650	0.00662	0.01402	0.01772	0.09920	0.51066	0.10418	0.11628	0.01393	0.00774	0.00216	0.00355	0.03673	0.00711	0.00661
11	0.01500	0.01614	0.07604	0.13050	0.34647	0.01529	0.15380	0.01934	0.01436	0.02053	0.01265	0.01682	0.01017	0.00635	0.00756	0.00206	0.05549	0.00612	0.04426	0.03108
12	0.01334	0.01228	0.01650	0.01397	0.01559	0.01497	0.01142	0.01529	0.01125	0.01752	0.01200	0.04743	0.01153	0.01417	0.09301	0.00318	0.43516	0.00601	0.03458	0.20081
13	0.00867	0.00643	0.00810	0.00827	0.00959	0.00585	0.00598	0.01096	0.01624	0.02211	0.40998	0.26159	0.16973	0.01611	0.00795	0.00227	0.00335	0.01424	0.00672	0.00585
14	0.00949	0.00700	0.01031	0.01031	0.01144	0.00809	0.00794	0.01176	0.01063	0.01543	0.01788	0.02658	0.01680	0.07990	0.69070	0.01014	0.01673	0.00714	0.02593	0.00580
15	0.01481	0.11979	0.01673	0.05537	0.03656	0.07310	0.06290	0.01822	0.03321	0.04876	0.08808	0.02609	0.01963	0.02838	0.00662	0.00193	0.00602	0.05354	0.24190	0.04836
16	0.01069	0.00891	0.01288	0.01215	0.01297	0.01120	0.00962	0.01271	0.01041	0.01532	0.01547	0.02369	0.01479	0.07138	0.52668	0.00842	0.20637	0.00683	0.00338	0.00613
17	0.02276	0.01075	0.01352	0.01094	0.01502	0.01008	0.00883	0.07665	0.07989	0.43052	0.12015	0.02847	0.06844	0.00942	0.00671	0.00203	0.00503	0.00778	0.06325	0.00975
18	0.01243	0.01046	0.01449	0.01313	0.01418	0.01329	0.01060	0.06246	0.01198	0.01773	0.01443	0.02098	0.01329	0.03108	0.40037	0.00682	0.28192	0.00647	0.03714	0.00674
19	0.01626	0.01624	0.02064	0.30068	0.05617	0.13141	0.08607	0.09617	0.05447	0.02059	0.01460	0.07402	0.01247	0.00820	0.00784	0.00217	0.06314	0.00687	0.00391	0.00808
20	0.01293	0.01410	0.11283	0.25813	0.08299	0.01272	0.05009	0.01772	0.05567	0.04515	0.04953	0.07484	0.06261	0.04058	0.03680	0.00272	0.03541	0.02328	0.00411	0.00778
21	0.00802	0.00606	0.00741	0.00837	0.00937	0.00546	0.00578	0.00942	0.01364	0.01760	0.08106	0.51667	0.24923	0.01907	0.00818	0.00251	0.00364	0.01691	0.00617	0.00546
22	0.00910	0.00665	0.00840	0.00939	0.01047	0.00631	0.00712	0.01082	0.01350	0.01739	0.03949	0.27936	0.17398	0.13154	0.01229	0.00326	0.00488	0.24485	0.00578	0.00543
23	0.06599	0.24099	0.14664	0.05887	0.05016	0.14340	0.07682	0.10596	0.01666	0.02138	0.01125	0.01328	0.00893	0.00630	0.00569	0.00182	0.00873	0.00478	0.00352	0.00884
24	0.01232	0.01032	0.01489	0.01565	0.09999	0.01144	0.03755	0.04359	0.03811	0.03412	0.06283	0.21990	0.06678	0.04141	0.09774	0.00355	0.14893	0.02896	0.00482	0.00710
25	0.01365	0.01318	0.02039	0.51593	0.18265	0.05159	0.01756	0.01758	0.01361	0.01757	0.01228	0.01813	0.00988	0.03225	0.03537	0.00257	0.00900	0.00594	0.00307	0.00781
26	0.03168	0.01733	0.10246	0.24201	0.16023	0.07992	0.13400	0.01962	0.01462	0.03988	0.01358	0.04495	0.01100	0.00681	0.00659	0.00206	0.00874	0.00635	0.02885	0.02932
27	0.01690	0.01814	0.06851	0.01768	0.05190	0.17211	0.15674	0.07929	0.04967	0.05118	0.04242	0.11255	0.04574	0.01164	0.04477	0.00257	0.00887	0.03649	0.00464	0.00819
28	0.01455	0.01362	0.01838	0.19470	0.16386	0.08930	0.04937	0.01872	0.07193	0.03526	0.01787	0.14619	0.01674	0.01097	0.02653	0.03380	0.03523	0.00817	0.02700	0.00781
29	0.03742	0.01338	0.01840	0.19810	0.05953	0.03205	0.05447	0.10880	0.06440	0.04700	0.03339	0.07064	0.03325	0.00923	0.00912	0.00223	0.12761	0.02124	0.02111	0.03863

[dist]
# distance from previous block
# <min> <max>
1	44

[block]
# block no. 4 follows, 33 sequences, length 72
# corresponding to MSA columns:
# 198-269
name=unknown_E
#
# <colnr> <probs for GDERKNQSTAVLIFYWHMCP>
#	G	D	E	R	K	N	Q	S	T	A	V	L	I	F	Y	W	H	M	C	P
0	0.01536	0.01322	0.01470	0.01172	0.01621	0.06205	0.03054	0.12658	0.01700	0.02377	0.04889	0.06414	0.01732	0.03473	0.00704	0.00175	0.00597	0.06950	0.00476	0.41474
1	0.04756	0.17365	0.15236	0.04319	0.01982	0.09025	0.01317	0.15242	0.01793	0.08562	0.03238	0.05325	0.03132	0.00788	0.00592	0.00189	0.00738	0.00601	0.04913	0.00887
2	0.01509	0.03528	0.01655	0.07610	0.11450	0.03583	0.02748	0.05355	0.22738	0.05280	0.16182	0.04930	0.04893	0.00966	0.00691	0.00211	0.00586	0.02818	0.00567	0.02700
3	0.00851	0.00623	0.00766	0.00822	0.00939	0.00566	0.00582	0.01039	0.01483	0.01997	0.22796	0.37874	0.20164	0.01720	0.00792	0.00236	0.00348	0.01521	0.04313	0.00566
4	0.01976	0.01348	0.01300	0.01118	0.01463	0.13437	0.00873	0.09161	0.01845	0.25163	0.06613	0.08755	0.18279	0.01105	0.00687	0.00204	0.00594	0.00898	0.04345	0.00836
5	0.01424	0.01317	0.02106	0.45221	0.21524	0.01504	0.01758	0.04981	0.03465	0.01969	0.01241	0.01704	0.00969	0.00658	0.00692	0.00208	0.03046	0.00579	0.00334	0.05300
6	0.00959	0.00609	0.00857	0.00919	0.00973	0.00623	0.00646	0.01000	0.01100	0.01532	0.02360	0.32210	0.02598	0.02789	0.20075	0.23450	0.00785	0.01133	0.04901	0.00482
7	0.00802	0.00573	0.00764	0.00917	0.00955	0.00535	0.00611	0.00917	0.01260	0.01681	0.03628	0.76434	0.04354	0.02062	0.00840	0.00267	0.00382	0.01872	0.00611	0.00535
8	0.01484	0.01511	0.01292	0.06124	0.01637	0.22115	0.00965	0.06022	0.05541	0.01943	0.05347	0.23878	0.12052	0.01327	0.00730	0.00223	0.00684	0.05913	0.00521	0.00690
9	0.58204	0.01094	0.00917	0.00834	0.01169	0.01228	0.00671	0.01762	0.01290	0.02845	0.14925	0.01949	0.01874	0.00769	0.00484	0.00200	0.00451	0.00543	0.08105	0.00686
10	0.06907	0.01069	0.01378	0.01104	0.01535	0.00980	0.00896	0.02805	0.06659	0.51755	0.15014	0.02669	0.02425	0.00904	0.00669	0.00206	0.00510	0.00745	0.00766	0.01003
11	0.00853	0.00637	0.00799	0.00904	0.00990	0.00604	0.00622	0.01082	0.05238	0.01806	0.07811	0.59599	0.12788	0.01908	0.00819	0.00256	0.00380	0.01711	0.00621	0.00570
12	0.00801	0.00577	0.00759	0.00905	0.00952	0.00536	0.00606	0.00918	0.01272	0.01685	0.03769	0.73185	0.07512	0.02044	0.00837	0.00265	0.00380	0.01849	0.00611	0.00536
13	0.00796	0.00621	0.00715	0.00787	0.00914	0.00549	0.00549	0.00932	0.01366	0.01712	0.05049	0.39453	0.37476	0.04801	0.00908	0.00260	0.00368	0.01601	0.00603	0.00540
14	0.02459	0.03138	0.01866	0.01696	0.02035	0.74221	0.01272	0.02629	0.01866	0.01611	0.01018	0.01187	0.00848	0.00678	0.00594	0.00170	0.01187	0.00424	0.00339	0.00763
15	0.01373	0.01177	0.01369	0.00986	0.01565	0.00900	0.00788	0.01712	0.03439	0.02163	0.01215	0.01397	0.01006	0.00500	0.00493	0.00101	0.00489	0.00400	0.00398	0.78530
16	0.01721	0.55217	0.18593	0.01328	0.01970	0.05230	0.01422	0.04710	0.01439	0.01770	0.01003	0.01155	0.00853	0.00590	0.00483	0.00159	0.00783	0.00394	0.00298	0.00880
17	0.00962	0.00695	0.00874	0.00844	0.01008	0.00654	0.00640	0.01305	0.04069	0.02493	0.54655	0.07401	0.10983	0.01375	0.00765	0.00213	0.00338	0.04921	0.05179	0.00626
18	0.04401	0.01490	0.01584	0.01316	0.01753	0.04086	0.01052	0.20596	0.31649	0.16265	0.02392	0.02233	0.04440	0.00857	0.00655	0.00207	0.00596	0.00684	0.00666	0.03079
19	0.01768	0.01428	0.01538	0.01355	0.01739	0.01620	0.01077	0.14644	0.52823	0.04566	0.02556	0.02698	0.01992	0.00947	0.00687	0.00225	0.00563	0.06085	0.00666	0.01022
20	0.01036	0.00651	0.00773	0.00785	0.00822	0.00635	0.00475	0.01074	0.01073	0.05367	0.02432	0.19446	0.02766	0.56811	0.02670	0.00536	0.00580	0.01134	0.00467	0.00468
21	0.01144	0.00572	0.00858	0.00858	0.00858	0.00572	0.00572	0.00858	0.00858	0.01144	0.01144	0.02001	0.01144	0.02287	0.02573	0.80846	0.00572	0.00572	0.00286	0.00286
22	0.02294	0.02863	0.01890	0.01701	0.01986	0.62528	0.01299	0.02460	0.01727	0.01607	0.00993	0.01228	0.00851	0.00755	0.00847	0.00189	0.13247	0.00449	0.00331	0.00756
23	0.01058	0.00829	0.01163	0.01430	0.10153	0.00803	0.01034	0.01336	0.01507	0.01956	0.05519	0.09625	0.17687	0.01634	0.00844	0.00269	0.00554	0.41376	0.00575	0.00647
24	0.01280	0.01208	0.02042	0.68433	0.11092	0.01472	0.01847	0.01715	0.01334	0.01727	0.01177	0.01743	0.00893	0.00651	0.00658	0.00217	0.00868	0.00585	0.00296	0.00761
25	0.01318	0.01246	0.02110	0.61474	0.17757	0.01482	0.01866	0.01748	0.01352	0.01773	0.01183	0.01731	0.00910	0.00644	0.00657	0.00215	0.00859	0.00585	0.00299	0.00792
26	0.04163	0.14495	0.42494	0.01836	0.02612	0.03457	0.13737	0.02034	0.01406	0.02002	0.01303	0.01532	0.02928	0.00647	0.00653	0.00201	0.02750	0.00538	0.00304	0.00906
27	0.00844	0.00590	0.00782	0.00917	0.00958	0.00559	0.00621	0.00947	0.01237	0.01646	0.03402	0.63388	0.04042	0.08322	0.01116	0.03117	0.00424	0.05988	0.00582	0.00519
28	0.00990	0.00685	0.00868	0.00834	0.00998	0.00626	0.00623	0.01251	0.01721	0.05213	0.50413	0.09615	0.14733	0.04963	0.00901	0.00237	0.00354	0.03671	0.00686	0.00616
29	0.01294	0.01528	0.14390	0.11996	0.10002	0.01193	0.14857	0.01704	0.01461	0.05294	0.06281	0.15905	0.09183	0.01028	0.00727	0.00223	0.00737	0.00959	0.00440	0.00796
30	0.02058	0.01595	0.02083	0.05723	0.19971	0.07317	0.06210	0.20281	0.04059	0.14702	0.01791	0.08080	0.01446	0.00822	0.00676	0.00205	0.00747	0.00715	0.00531	0.00985
31	0.23148	0.11148	0.01746	0.01383	0.05565	0.14822	0.01059	0.12037	0.05858	0.02503	0.04700	0.01589	0.01254	0.00897	0.03576	0.00226	0.03975	0.00511	0.03178	0.00823
32	0.01366	0.01280	0.02114	0.31911	0.21196	0.01424	0.07009	0.04105	0.01457	0.01966	0.05857	0.02272	0.05962	0.03385	0.00872	0.00231	0.05717	0.00702	0.00367	0.00807
33	0.00814	0.00594	0.00767	0.00888	0.00949	0.00558	0.00601	0.00936	0.01262	0.01664	0.03791	0.61168	0.11703	0.05617	0.05067	0.00324	0.00466	0.01710	0.00587	0.00534
34	0.04344	0.39515	0.08900	0.01587	0.07340	0.08462	0.03764	0.09030	0.01578	0.04115	0.01101	0.01276	0.00913	0.00645	0.00612	0.00174	0.04954	0.00449	0.00350	0.00890
35	0.01281	0.00986	0.01236	0.01167	0.06255	0.00859	0.00839	0.03047	0.04035	0.05882	0.17728	0.06971	0.11502	0.01044	0.00666	0.00180	0.00464	0.06010	0.00550	0.29298
36	0.07190	0.11474	0.03890	0.04163	0.01754	0.13056	0.04975	0.07615	0.08162	0.04357	0.03650	0.07597	0.08437	0.05165	0.00773	0.00220	0.00695	0.00740	0.03690	0.02399
37	0.05747	0.08444	0.14474	0.07478	0.13805	0.10388	0.04823	0.06493	0.05474	0.04700	0.01413	0.01810	0.01158	0.07692	0.00860	0.00235	0.00813	0.00574	0.02751	0.00867
38	0.01350	0.08308	0.68806	0.01827	0.02772	0.01600	0.02346	0.02077	0.01386	0.02049	0.01164	0.01368	0.00835	0.00621	0.00612	0.00204	0.00955	0.00478	0.00278	0.00964
39	0.00835	0.00587	0.00754	0.00874	0.00904	0.00557	0.00566	0.00925	0.01195	0.01594	0.03295	0.60977	0.03934	0.18093	0.01378	0.00347	0.00437	0.01676	0.00566	0.00506
40	0.01523	0.01411	0.02165	0.14029	0.07829	0.04896	0.13549	0.04472	0.01391	0.05847	0.01504	0.09685	0.01382	0.02604	0.03373	0.00272	0.22135	0.00762	0.00385	0.00786
41	0.00920	0.00628	0.00723	0.00751	0.00770	0.00615	0.00442	0.00949	0.01042	0.01377	0.02610	0.17306	0.06676	0.59283	0.02758	0.00549	0.00575	0.01145	0.00449	0.00432
42	0.01953	0.01566	0.01602	0.01346	0.01753	0.05702	0.01070	0.29171	0.29509	0.05330	0.05406	0.04438	0.06313	0.00940	0.00677	0.00210	0.00614	0.00756	0.00648	0.00996
43	0.02063	0.03870	0.01905	0.26472	0.09352	0.01421	0.01400	0.13032	0.03447	0.25894	0.03428	0.01945	0.01332	0.00743	0.00654	0.00206	0.00712	0.00622	0.00545	0.00959
44	0.00867	0.00647	0.00817	0.00873	0.00998	0.00585	0.00627	0.01056	0.01467	0.01969	0.21057	0.40457	0.15811	0.01745	0.00804	0.00240	0.00373	0.05266	0.00630	0.03712
45	0.01112	0.00750	0.00920	0.00853	0.01064	0.00691	0.00648	0.01466	0.05675	0.08682	0.45337	0.06987	0.20564	0.01368	0.00763	0.00213	0.00352	0.01184	0.00700	0.00672
46	0.00802	0.00573	0.00764	0.00917	0.00955	0.00535	0.00611	0.00917	0.01260	0.01681	0.03628	0.76434	0.04354	0.02062	0.00840	0.00267	0.00382	0.01872	0.00611	0.00535
47	0.01918	0.01450	0.01636	0.01356	0.01742	0.01629	0.01096	0.40017	0.13492	0.03178	0.01809	0.02008	0.01412	0.01990	0.21655	0.00447	0.00988	0.00649	0.00573	0.00955
48	0.01280	0.03277	0.01865	0.24677	0.14617	0.01441	0.01451	0.01575	0.01255	0.01736	0.03845	0.02181	0.04727	0.04051	0.12107	0.00368	0.17799	0.00667	0.00339	0.00741
49	0.01608	0.01536	0.02587	0.07931	0.66147	0.01561	0.01971	0.02059	0.04234	0.02148	0.01291	0.01669	0.01071	0.00603	0.00653	0.00198	0.00777	0.00593	0.00337	0.01025
50	0.01793	0.01262	0.01483	0.01087	0.01651	0.01066	0.00881	0.12173	0.01707	0.14010	0.01464	0.01540	0.01103	0.00586	0.00541	0.00130	0.00535	0.00464	0.00499	0.56025
51	0.01650	0.01614	0.02617	0.06299	0.67658	0.04485	0.01984	0.02034	0.01508	0.02114	0.01227	0.01616	0.01029	0.00593	0.00650	0.00195	0.00802	0.00580	0.00325	0.01021
52	0.01877	0.01241	0.01308	0.01073	0.01417	0.01341	0.00863	0.36718	0.02255	0.03318	0.01859	0.02009	0.01398	0.00779	0.00561	0.00176	0.00520	0.00603	0.39813	0.00871
53	0.02010	0.05422	0.01619	0.01325	0.01634	0.28200	0.01005	0.16733	0.03920	0.06117	0.01560	0.02183	0.01395	0.19550	0.04246	0.00328	0.00899	0.00622	0.00457	0.00775
54	0.01416	0.19476	0.58220	0.01713	0.02597	0.01763	0.02148	0.02060	0.01379	0.01968	0.01123	0.01317	0.00836	0.00612	0.00581	0.00194	0.00914	0.00457	0.00279	0.00945
55	0.02654	0.01077	0.01433	0.01124	0.01591	0.00945	0.00920	0.02961	0.04303	0.62206	0.06136	0.02674	0.07073	0.00905	0.00676	0.00206	0.00531	0.00743	0.00791	0.01053
56	0.00943	0.00635	0.00734	0.00747	0.00755	0.00635	0.00432	0.00961	0.00988	0.01321	0.02201	0.10646	0.02542	0.67767	0.05556	0.00620	0.00654	0.01030	0.00416	0.00417
57	0.07580	0.01516	0.01601	0.01282	0.01727	0.07344	0.01033	0.26863	0.05023	0.27938	0.05891	0.02103	0.01634	0.04507	0.00776	0.00221	0.00655	0.00645	0.00663	0.00998
58	0.01058	0.00874	0.01266	0.01199	0.01283	0.01093	0.00947	0.01261	0.01042	0.01530	0.01568	0.02398	0.01498	0.07359	0.54183	0.00859	0.18946	0.00687	0.00340	0.00610
59	0.01243	0.01170	0.01975	0.75282	0.04534	0.01463	0.01828	0.01682	0.01316	0.01682	0.01170	0.01755	0.00878	0.00658	0.00658	0.00219	0.00878	0.00585	0.00293	0.00731
60	0.01347	0.01258	0.02103	0.62039	0.12734	0.01502	0.03400	0.04432	0.01414	0.01846	0.01198	0.01733	0.00910	0.00652	0.00660	0.00216	0.00865	0.00590	0.00312	0.00788
61	0.01190	0.00615	0.00896	0.00880	0.00898	0.00622	0.00595	0.03221	0.00934	0.01245	0.01158	0.01987	0.01143	0.02236	0.02508	0.78112	0.00577	0.00572	0.00299	0.00314
62	0.00820	0.00602	0.00770	0.00867	0.00950	0.00552	0.00597	0.00974	0.01393	0.01853	0.15414	0.54888	0.14119	0.01889	0.00821	0.00251	0.00363	0.01692	0.00630	0.00552
63	0.00863	0.00638	0.00844	0.00930	0.01026	0.00624	0.00678	0.01036	0.01306	0.01737	0.07431	0.39585	0.13250	0.04281	0.15338	0.00426	0.00672	0.08219	0.00561	0.00557
64	0.04190	0.01530	0.04554	0.06030	0.23676	0.01494	0.07002	0.19690	0.01863	0.02623	0.01603	0.07115	0.01409	0.00803	0.00664	0.00200	0.00726	0.04432	0.00455	0.09940
65	0.01166	0.01108	0.05504	0.23640	0.02335	0.01124	0.05991	0.03799	0.01239	0.01669	0.01698	0.07263	0.01684	0.25826	0.10084	0.00455	0.03608	0.00807	0.00368	0.00633
66	0.01111	0.00965	0.01533	0.01302	0.01591	0.00906	0.16039	0.01487	0.05500	0.03551	0.13175	0.12305	0.23543	0.04113	0.00886	0.00250	0.00569	0.09934	0.00565	0.00676
67	0.01227	0.00907	0.01066	0.01055	0.01227	0.00933	0.00765	0.16416	0.05611	0.02277	0.03217	0.50399	0.06581	0.03943	0.00863	0.00259	0.00471	0.01477	0.00619	0.00689
68	0.05736	0.09861	0.03516	0.01719	0.11138	0.11998	0.05963	0.06107	0.03662	0.13437	0.03778	0.07061	0.05465	0.00986	0.02455	0.00223	0.02967	0.02577	0.00486	0.00865
69	0.08886	0.32244	0.09379	0.01471	0.08136	0.06866	0.01248	0.05719	0.01545	0.08573	0.04226	0.01612	0.03308	0.00681	0.00535	0.00172	0.00707	0.00499	0.00401	0.03791
70	0.06282	0.08319	0.13003	0.01486	0.07631	0.01292	0.02982	0.06802	0.04062	0.16185	0.06046	0.11520	0.04030	0.04489	0.00786	0.00231	0.00640	0.02817	0.00528	0.00868
71	0.04078	0.04552	0.03821	0.08604	0.06581	0.01289	0.15605	0.07472	0.01583	0.06345	0.02761	0.10311	0.17113	0.01024	0.00756	0.00216	0.03303	0.00913	0.00474	0.03197

[dist]
# distance from previous block
# <min> <max>
0	34

[block]
# block no. 5 follows, 33 sequences, length 32
# corresponding to MSA columns:
# 304-335
name=unknown_F
#
# <colnr> <probs for GDERKNQSTAVLIFYWHMCP>
#	G	D	E	R	K	N	Q	S	T	A	V	L	I	F	Y	W	H	M	C	P
0	0.01253	0.18476	0.01543	0.00992	0.01276	0.01172	0.00795	0.03423	0.04582	0.04088	0.05062	0.29328	0.09072	0.04290	0.00781	0.00224	0.00500	0.03509	0.00517	0.09116
1	0.00962	0.00607	0.00815	0.00893	0.00958	0.00569	0.00608	0.01023	0.01260	0.04408	0.08843	0.49421	0.06250	0.04179	0.01216	0.14998	0.00423	0.01487	0.00563	0.00516
2	0.01709	0.04342	0.14403	0.11681	0.02343	0.12306	0.05841	0.02195	0.06119	0.09727	0.01495	0.01698	0.01124	0.00691	0.00668	0.00188	0.04016	0.00547	0.08828	0.10076
3	0.04246	0.07717	0.13318	0.05710	0.03434	0.20121	0.01313	0.03748	0.09338	0.01998	0.07268	0.03743	0.04436	0.05413	0.00880	0.00227	0.05226	0.00651	0.00417	0.00796
4	0.01320	0.03405	0.73453	0.01876	0.02849	0.01529	0.02432	0.02085	0.01390	0.02085	0.01181	0.01390	0.00834	0.00625	0.00625	0.00208	0.00973	0.00486	0.00278	0.00973
5	0.00847	0.00630	0.00767	0.00850	0.00950	0.00580	0.00600	0.00989	0.01338	0.01724	0.06991	0.37905	0.22835	0.11520	0.01151	0.00304	0.00422	0.08475	0.00588	0.00534
6	0.12725	0.06692	0.06607	0.03491	0.06394	0.04034	0.07817	0.09892	0.05707	0.10969	0.02044	0.02388	0.07133	0.05351	0.03448	0.00261	0.00736	0.02969	0.00487	0.00856
7	0.00846	0.00644	0.00778	0.00799	0.00945	0.00576	0.00579	0.01056	0.01581	0.02096	0.32135	0.24780	0.27505	0.01646	0.00794	0.00228	0.00337	0.01441	0.00657	0.00576
8	0.01646	0.01072	0.01114	0.00977	0.01257	0.04326	0.00763	0.11953	0.11267	0.09579	0.12561	0.02616	0.02277	0.00874	0.00590	0.00183	0.00461	0.00710	0.34973	0.00802
9	0.09075	0.04234	0.33641	0.03395	0.02335	0.06484	0.04352	0.07023	0.13991	0.02347	0.01493	0.03573	0.01155	0.00740	0.00673	0.00211	0.03378	0.00574	0.00402	0.00924
10	0.01240	0.00988	0.01314	0.13935	0.06120	0.01061	0.01057	0.04472	0.13595	0.04044	0.03041	0.19337	0.11042	0.04104	0.02607	0.00274	0.00599	0.09892	0.00543	0.00735
11	0.05106	0.01004	0.01184	0.00972	0.01336	0.00963	0.00783	0.10280	0.01794	0.33292	0.02449	0.02396	0.04987	0.00828	0.00584	0.00186	0.00474	0.00660	0.29828	0.00893
12	0.02908	0.01194	0.01573	0.01206	0.01717	0.01076	0.00996	0.10036	0.02007	0.66213	0.02494	0.02174	0.01578	0.00812	0.00662	0.00203	0.00577	0.00655	0.00799	0.01120
13	0.01771	0.39544	0.22366	0.01500	0.02142	0.14111	0.04104	0.04260	0.01502	0.01808	0.01042	0.01213	0.00857	0.00606	0.00527	0.00169	0.00874	0.00424	0.00304	0.00877
14	0.01344	0.01273	0.02157	0.56641	0.22385	0.01489	0.01879	0.01771	0.01364	0.01805	0.01188	0.01722	0.00921	0.00639	0.00656	0.00213	0.00853	0.00585	0.00301	0.00813
15	0.01541	0.01203	0.01437	0.01359	0.04915	0.05541	0.01023	0.17642	0.01649	0.04789	0.01659	0.02147	0.01410	0.02943	0.38903	0.00644	0.04892	0.00644	0.04890	0.00771
16	0.02306	0.01471	0.04221	0.01452	0.06657	0.06769	0.01123	0.07273	0.03998	0.35800	0.01899	0.01837	0.01312	0.00734	0.00693	0.00184	0.04269	0.00572	0.00601	0.16830
17	0.06207	0.02586	0.01806	0.01579	0.01966	0.47433	0.01216	0.17387	0.09441	0.02346	0.01310	0.01400	0.01023	0.00722	0.00607	0.00183	0.00984	0.00491	0.00446	0.00867
18	0.02459	0.03138	0.01866	0.01696	0.02035	0.74221	0.01272	0.02629	0.01866	0.01611	0.01018	0.01187	0.00848	0.00678	0.00594	0.00170	0.01187	0.00424	0.00339	0.00763
19	0.01059	0.00780	0.01104	0.01072	0.01219	0.00899	0.00838	0.05976	0.01211	0.01745	0.01766	0.02512	0.01611	0.04488	0.66282	0.00963	0.01635	0.00694	0.03520	0.00625
20	0.01453	0.01466	0.01965	0.01695	0.01713	0.04552	0.01404	0.01602	0.01041	0.01583	0.00913	0.01487	0.00901	0.01318	0.05594	0.00321	0.69407	0.00577	0.00293	0.00715
21	0.02896	0.01213	0.01585	0.01215	0.01727	0.01106	0.01004	0.11859	0.02040	0.64343	0.02467	0.02156	0.01564	0.00812	0.00662	0.00203	0.00581	0.00653	0.00795	0.01120
22	0.01144	0.00572	0.00858	0.00858	0.00858	0.00572	0.00572	0.00858	0.00858	0.01144	0.01144	0.02001	0.01144	0.02287	0.02573	0.80846	0.00572	0.00572	0.00286	0.00286
23	0.02336	0.02133	0.01817	0.01501	0.01934	0.24285	0.01192	0.39472	0.08627	0.03138	0.01537	0.01588	0.01148	0.00763	0.00628	0.00189	0.00825	0.00555	0.05361	0.00972
24	0.01401	0.01383	0.01941	0.01676	0.01685	0.01923	0.01392	0.01552	0.01012	0.01580	0.00935	0.01530	0.00925	0.01449	0.07812	0.00348	0.69866	0.00586	0.00293	0.00710
25	0.01243	0.01170	0.01975	0.75282	0.04534	0.01463	0.01828	0.01682	0.01316	0.01682	0.01170	0.01755	0.00878	0.00658	0.00658	0.00219	0.00878	0.00585	0.00293	0.00731
26	0.01215	0.01403	0.09495	0.12371	0.05693	0.01191	0.21595	0.01633	0.01494	0.01971	0.05487	0.03718	0.17943	0.01049	0.00758	0.00230	0.00766	0.10794	0.00440	0.00754
27	0.01175	0.00759	0.01187	0.01087	0.01152	0.00829	0.05086	0.01088	0.00969	0.01365	0.01260	0.02032	0.01202	0.02369	0.12549	0.52312	0.08613	0.00606	0.03931	0.00427
28	0.01147	0.00795	0.00921	0.00880	0.01070	0.00791	0.00666	0.07327	0.06179	0.02490	0.27621	0.14310	0.11059	0.01290	0.00703	0.00208	0.00380	0.03120	0.18375	0.00670
29	0.00872	0.00642	0.00829	0.00929	0.01038	0.00599	0.00693	0.01063	0.01436	0.01888	0.13239	0.40397	0.15511	0.01850	0.00837	0.00260	0.00414	0.16314	0.00625	0.00565
30	0.01674	0.01839	0.12057	0.04452	0.02394	0.07607	0.19424	0.08117	0.13939	0.06545	0.02048	0.04794	0.04696	0.00862	0.00740	0.00220	0.02425	0.04792	0.00477	0.00897
31	0.01556	0.01594	0.01624	0.01666	0.09341	0.19212	0.04491	0.04189	0.10152	0.01962	0.02399	0.16553	0.07366	0.01341	0.04359	0.00264	0.05132	0.05557	0.00477	0.00765

[dist]
# distance from previous block
# <min> <max>
1	48

[block]
# block no. 6 follows, 33 sequences, length 39
# corresponding to MSA columns:
# 384-422
name=unknown_G
#
# <colnr> <probs for GDERKNQSTAVLIFYWHMCP>
#	G	D	E	R	K	N	Q	S	T	A	V	L	I	F	Y	W	H	M	C	P
0	0.07452	0.03443	0.01583	0.04959	0.01778	0.11936	0.03149	0.09325	0.05144	0.02209	0.03249	0.01771	0.01259	0.04622	0.06292	0.03035	0.03247	0.00538	0.00418	0.24592
1	0.01899	0.08061	0.03780	0.04078	0.06037	0.24231	0.03504	0.08053	0.01721	0.06988	0.01666	0.06679	0.03158	0.00806	0.00612	0.00180	0.00798	0.02497	0.04799	0.10451
2	0.01071	0.00832	0.00948	0.00961	0.01119	0.02713	0.00703	0.08067	0.03302	0.02127	0.14954	0.36327	0.15515	0.03696	0.00862	0.00251	0.00440	0.04860	0.00622	0.00629
3	0.00843	0.00623	0.00812	0.00890	0.00977	0.00606	0.00624	0.00994	0.01276	0.01701	0.07845	0.42624	0.14166	0.06869	0.15484	0.00435	0.00658	0.01473	0.00555	0.00546
4	0.01256	0.03736	0.12013	0.05486	0.09831	0.01189	0.07829	0.03560	0.03193	0.01939	0.03470	0.08735	0.07386	0.09223	0.07809	0.00335	0.02367	0.03990	0.00415	0.06236
5	0.01813	0.05326	0.09806	0.06399	0.11761	0.07420	0.03382	0.21016	0.03592	0.05881	0.01751	0.02015	0.04816	0.03754	0.08079	0.00299	0.00885	0.00631	0.00461	0.00912
6	0.01333	0.03319	0.69777	0.01924	0.02881	0.01536	0.06022	0.02086	0.01399	0.02086	0.01189	0.01410	0.00843	0.00622	0.00633	0.00209	0.00980	0.00502	0.00281	0.00968
7	0.00963	0.00601	0.00817	0.00860	0.00920	0.00580	0.00593	0.00926	0.01124	0.01478	0.05024	0.24478	0.13593	0.02305	0.07429	0.35747	0.00565	0.01110	0.00451	0.00436
8	0.03729	0.05335	0.07997	0.06086	0.08072	0.05728	0.04894	0.04301	0.09143	0.03565	0.04794	0.06341	0.08705	0.01297	0.05563	0.00278	0.04107	0.08801	0.00468	0.00796
9	0.01592	0.04245	0.05232	0.12062	0.09277	0.11095	0.03587	0.07875	0.01532	0.06148	0.03676	0.02378	0.03186	0.14815	0.07754	0.02827	0.00881	0.00676	0.00411	0.00753
10	0.02192	0.01757	0.01796	0.01462	0.01924	0.05589	0.01178	0.43159	0.27464	0.03521	0.01944	0.01873	0.01423	0.00821	0.00659	0.00205	0.00676	0.00638	0.00646	0.01074
11	0.11480	0.02137	0.35756	0.01487	0.02071	0.01262	0.05772	0.01809	0.04752	0.02083	0.01797	0.16815	0.01725	0.07154	0.00875	0.00256	0.00753	0.00818	0.00394	0.00802
12	0.05938	0.03682	0.08566	0.09173	0.38029	0.01442	0.04082	0.02117	0.01517	0.12164	0.03644	0.01947	0.01312	0.00690	0.00648	0.00203	0.00751	0.02717	0.00412	0.00966
13	0.01094	0.00590	0.00820	0.00820	0.00820	0.00590	0.00525	0.00884	0.00884	0.01179	0.01393	0.02621	0.01479	0.22314	0.02782	0.59307	0.00590	0.00675	0.00316	0.00316
14	0.01028	0.00722	0.00804	0.00793	0.00987	0.00691	0.00611	0.01413	0.07130	0.02260	0.20755	0.04750	0.26036	0.01302	0.00696	0.00207	0.00360	0.06963	0.21862	0.00630
15	0.01982	0.01846	0.02236	0.21230	0.05419	0.14972	0.11721	0.23144	0.03985	0.05003	0.01386	0.01633	0.01028	0.00696	0.00664	0.00203	0.00898	0.00594	0.00449	0.00913
16	0.05441	0.01573	0.02014	0.10023	0.28940	0.09726	0.03575	0.08621	0.08032	0.02316	0.01578	0.06441	0.01341	0.00759	0.00638	0.00200	0.00745	0.00661	0.06474	0.00901
17	0.01547	0.01618	0.02001	0.01725	0.01760	0.09578	0.01423	0.01694	0.01098	0.01587	0.00880	0.01414	0.00862	0.01103	0.01996	0.00276	0.67860	0.00560	0.00293	0.00725
18	0.00885	0.00671	0.00815	0.00779	0.00955	0.00601	0.00584	0.01152	0.01753	0.02379	0.52465	0.05348	0.26320	0.01443	0.00777	0.00212	0.00318	0.01251	0.00690	0.00601
19	0.02464	0.01768	0.01948	0.01505	0.01996	0.01966	0.01244	0.61453	0.02876	0.08706	0.01603	0.01617	0.01138	0.00816	0.00757	0.00204	0.05603	0.00596	0.00645	0.01094
20	0.01688	0.62959	0.13248	0.01318	0.01944	0.02405	0.04968	0.01994	0.01356	0.01653	0.00974	0.01141	0.00851	0.00571	0.00469	0.00155	0.00763	0.00393	0.00284	0.00865
21	0.01155	0.01019	0.01369	0.01270	0.01347	0.03621	0.01005	0.01339	0.01060	0.01529	0.01471	0.02304	0.01425	0.09286	0.42737	0.00745	0.25687	0.00674	0.00335	0.00622
22	0.02478	0.01798	0.01937	0.01494	0.02013	0.01985	0.01231	0.65042	0.06274	0.06508	0.01668	0.01645	0.01179	0.00796	0.00659	0.00199	0.00709	0.00602	0.00665	0.01116
23	0.51410	0.01195	0.01059	0.00915	0.01298	0.01326	0.00746	0.08784	0.01439	0.09938	0.01371	0.01486	0.01020	0.00677	0.00467	0.00194	0.00499	0.00457	0.14944	0.00776
24	0.00970	0.00732	0.01053	0.01042	0.01134	0.00790	0.03241	0.01137	0.01121	0.01548	0.02264	0.16070	0.02437	0.22760	0.31883	0.00693	0.03552	0.06601	0.00427	0.00546
25	0.01788	0.01600	0.02128	0.01732	0.01955	0.06565	0.09228	0.12644	0.01531	0.07268	0.01212	0.01579	0.01004	0.00958	0.01494	0.00248	0.42331	0.00599	0.03306	0.00830
26	0.01008	0.00800	0.01169	0.01130	0.01226	0.00973	0.00884	0.01219	0.01046	0.01523	0.01659	0.02521	0.01580	0.08110	0.60992	0.00934	0.11583	0.00701	0.00346	0.00596
27	0.01252	0.01182	0.01976	0.71998	0.04409	0.01487	0.01811	0.01678	0.01303	0.01678	0.01156	0.01741	0.00877	0.00680	0.00725	0.00222	0.04216	0.00585	0.00292	0.00731
28	0.01562	0.01860	0.08860	0.02523	0.03147	0.01689	0.54825	0.04242	0.05132	0.02167	0.01365	0.01752	0.01033	0.00626	0.00851	0.00225	0.06158	0.00734	0.00353	0.00898
29	0.00983	0.00711	0.00888	0.02991	0.00999	0.00759	0.00592	0.01116	0.02764	0.01483	0.05970	0.05900	0.04364	0.47975	0.16890	0.00643	0.03132	0.00931	0.00420	0.00491
30	0.00857	0.00592	0.00771	0.00878	0.00945	0.00555	0.00601	0.01019	0.01368	0.01898	0.14658	0.58960	0.04443	0.01843	0.00800	0.00249	0.00364	0.01661	0.06985	0.00555
31	0.00802	0.00603	0.00734	0.00835	0.00925	0.00546	0.00569	0.00927	0.01316	0.01690	0.04436	0.52731	0.24003	0.05467	0.00940	0.00272	0.00380	0.01689	0.00601	0.00534
32	0.03191	0.08196	0.06442	0.11750	0.17761	0.10526	0.05237	0.04599	0.07109	0.06699	0.01763	0.04285	0.03418	0.00810	0.00655	0.00206	0.00789	0.05257	0.00425	0.00881
33	0.01480	0.01518	0.05684	0.19792	0.23387	0.07159	0.05633	0.03997	0.04767	0.02007	0.01533	0.06414	0.01332	0.03107	0.04945	0.00267	0.00855	0.00684	0.04602	0.00838
34	0.01167	0.00714	0.00917	0.00915	0.01090	0.00664	0.00690	0.01375	0.01495	0.11540	0.15767	0.23415	0.16091	0.04582	0.06861	0.00318	0.00527	0.07962	0.03269	0.00642
35	0.01048	0.03195	0.01192	0.09167	0.05243	0.00893	0.00901	0.03563	0.01352	0.01802	0.06478	0.23128	0.09027	0.09624	0.14217	0.00427	0.00763	0.06867	0.00491	0.00621
36	0.01634	0.13051	0.15387	0.03829	0.07628	0.05419	0.09453	0.11140	0.04102	0.04656	0.03302	0.10278	0.01586	0.04706	0.00788	0.00225	0.00780	0.00735	0.00430	0.00871
37	0.01359	0.05153	0.05055	0.03107	0.01533	0.03199	0.02611	0.06916	0.03867	0.06748	0.02687	0.24212	0.07983	0.01632	0.06742	0.00301	0.07613	0.05279	0.03279	0.00725
38	0.01682	0.04026	0.03113	0.06927	0.07537	0.03362	0.05844	0.19115	0.07987	0.04440	0.04110	0.07706	0.03708	0.02896	0.00716	0.00208	0.00646	0.00743	0.10135	0.05100

[dist]
# distance from previous block
# <min> <max>
22	110

[block]
# block no. 7 follows, 33 sequences, length 21
# corresponding to MSA columns:
# 533-553
name=unknown_H
#
# <colnr> <probs for GDERKNQSTAVLIFYWHMCP>
#	G	D	E	R	K	N	Q	S	T	A	V	L	I	F	Y	W	H	M	C	P
0	0.03496	0.03774	0.01508	0.09948	0.09394	0.13377	0.01067	0.05250	0.03904	0.03550	0.09895	0.08866	0.08786	0.04369	0.00773	0.00216	0.00656	0.00813	0.05389	0.04969
1	0.13128	0.03743	0.01321	0.01182	0.04553	0.06798	0.00873	0.09779	0.05042	0.02362	0.05003	0.09673	0.07959	0.03726	0.04574	0.00253	0.02656	0.00765	0.07907	0.08701
2	0.16573	0.08733	0.19367	0.01478	0.05408	0.05278	0.02949	0.05288	0.03978	0.12605	0.03957	0.08562	0.01501	0.00818	0.00603	0.00204	0.00704	0.00650	0.00464	0.00882
3	0.01480	0.04139	0.08266	0.03822	0.04563	0.03983	0.07372	0.07450	0.07008	0.07202	0.09960	0.08231	0.08963	0.07351	0.00905	0.00241	0.00637	0.00862	0.04735	0.02830
4	0.01590	0.06800	0.15875	0.12904	0.17828	0.10286	0.01670	0.05647	0.05745	0.02072	0.04254	0.05124	0.01356	0.00775	0.00731	0.00206	0.05255	0.00625	0.00376	0.00882
5	0.12514	0.01070	0.01317	0.01200	0.01436	0.03853	0.07074	0.03796	0.07966	0.02120	0.04063	0.19855	0.05761	0.03653	0.10619	0.00353	0.03629	0.04853	0.04181	0.00688
6	0.01625	0.06570	0.07215	0.10084	0.08025	0.11902	0.08558	0.08436	0.08799	0.02194	0.05665	0.04717	0.05737	0.00844	0.00723	0.00205	0.04022	0.00704	0.03133	0.00843
7	0.01856	0.04215	0.05080	0.07751	0.05881	0.08690	0.04774	0.18179	0.03547	0.10807	0.05203	0.05385	0.05421	0.03805	0.00775	0.00222	0.00719	0.03649	0.03167	0.00875
8	0.04620	0.00770	0.00909	0.00888	0.01031	0.00792	0.00630	0.01354	0.07576	0.01849	0.09700	0.13020	0.07017	0.23718	0.15675	0.00498	0.00732	0.00991	0.03958	0.04271
9	0.01090	0.03998	0.07368	0.00984	0.01221	0.00854	0.00810	0.06572	0.01486	0.02047	0.07876	0.34859	0.11379	0.05218	0.00856	0.00244	0.00472	0.01274	0.07971	0.03421
10	0.01329	0.01260	0.01409	0.16672	0.04903	0.13257	0.01126	0.01582	0.01414	0.03659	0.05044	0.13779	0.08473	0.01868	0.14388	0.00379	0.03536	0.04806	0.00438	0.00676
11	0.08880	0.01161	0.01406	0.01355	0.08008	0.04842	0.04542	0.06326	0.03334	0.11382	0.07129	0.02523	0.04839	0.07185	0.07460	0.00302	0.00689	0.00696	0.13472	0.04466
12	0.00873	0.00608	0.00744	0.00823	0.00917	0.00563	0.00570	0.01041	0.01381	0.01903	0.12854	0.44737	0.14644	0.04305	0.00861	0.00251	0.00365	0.01522	0.10486	0.00554
13	0.05305	0.01965	0.08387	0.04817	0.07695	0.16125	0.01303	0.26133	0.02086	0.06491	0.01488	0.01704	0.01139	0.03730	0.00719	0.00207	0.00789	0.00559	0.08442	0.00916
14	0.00860	0.00642	0.00830	0.00880	0.00982	0.00636	0.00628	0.01021	0.01263	0.01683	0.08189	0.29564	0.17423	0.10035	0.21688	0.00512	0.00780	0.01311	0.00525	0.00546
15	0.01355	0.00706	0.00937	0.00903	0.01051	0.00649	0.00643	0.01392	0.01306	0.16238	0.06035	0.22961	0.10901	0.07821	0.01482	0.22908	0.00484	0.01097	0.00550	0.00580
16	0.01578	0.00864	0.01095	0.00982	0.01245	0.00815	0.00749	0.01961	0.08502	0.23573	0.21478	0.14510	0.10116	0.05534	0.03688	0.00274	0.00493	0.01077	0.00687	0.00780
17	0.04923	0.01836	0.21706	0.01471	0.01874	0.03286	0.01440	0.08889	0.01404	0.04854	0.01385	0.01880	0.01177	0.05831	0.19015	0.00452	0.16810	0.00594	0.00373	0.00800
