[name]
unknown

[dist]
# distance from previous block
# <min> <max>
1	52

[block]
# block no. 0 follows, 32 sequences, length 21
# corresponding to MSA columns:
# 60-80
name=unknown_A
#
# <colnr> <probs for GDERKNQSTAVLIFYWHMCP>
#	G	D	E	R	K	N	Q	S	T	A	V	L	I	F	Y	W	H	M	C	P
0	0.01449	0.04812	0.13420	0.11498	0.04870	0.01132	0.01261	0.01804	0.01430	0.09459	0.03951	0.12940	0.01769	0.04238	0.00760	0.00207	0.00649	0.00754	0.00448	0.23152
1	0.01621	0.01262	0.01585	0.18137	0.02300	0.01307	0.01152	0.18702	0.04779	0.04400	0.08614	0.04906	0.01858	0.00846	0.00650	0.00189	0.00627	0.03226	0.03705	0.20134
2	0.01319	0.01055	0.01454	0.01486	0.10929	0.00972	0.03560	0.01640	0.04481	0.05287	0.06350	0.14414	0.05053	0.09450	0.01031	0.00247	0.02616	0.04931	0.00495	0.23229
3	0.03231	0.01095	0.01395	0.12345	0.01953	0.01095	0.02424	0.03765	0.13177	0.06141	0.09756	0.06102	0.10028	0.01030	0.00688	0.00205	0.00558	0.06704	0.00549	0.17759
4	0.01702	0.01121	0.01354	0.01009	0.01522	0.00888	0.00794	0.01958	0.01462	0.17624	0.01616	0.01922	0.01302	0.09022	0.00861	0.00185	0.00530	0.00523	0.00494	0.54113
5	0.01662	0.01081	0.01384	0.08409	0.01806	0.00959	0.00930	0.05585	0.01573	0.17381	0.02097	0.18521	0.01916	0.00967	0.00644	0.00180	0.00541	0.00830	0.00547	0.32987
6	0.81159	0.01298	0.00986	0.00882	0.01298	0.01505	0.00727	0.01972	0.01142	0.03010	0.00934	0.01090	0.00727	0.00623	0.00415	0.00208	0.00519	0.00363	0.00415	0.00727
7	0.00847	0.00605	0.00812	0.00968	0.01020	0.00570	0.00674	0.00985	0.01314	0.01746	0.03682	0.68366	0.04374	0.02074	0.00864	0.00277	0.00415	0.09233	0.00622	0.00553
8	0.01580	0.18786	0.16250	0.10653	0.25786	0.01827	0.08620	0.02097	0.04489	0.02011	0.01243	0.01549	0.00997	0.00619	0.00621	0.00196	0.00849	0.00551	0.00325	0.00953
9	0.02749	0.01279	0.01722	0.01519	0.08780	0.01176	0.01120	0.11176	0.02008	0.54286	0.02320	0.02101	0.01509	0.00790	0.00666	0.00201	0.00611	0.00646	0.00743	0.04600
10	0.00812	0.00604	0.00758	0.00881	0.00959	0.00550	0.00599	0.00940	0.01336	0.01734	0.04350	0.61359	0.18639	0.02017	0.00843	0.00263	0.00379	0.01804	0.00623	0.00550
11	0.01054	0.00861	0.01116	0.01051	0.01182	0.00996	0.00831	0.01260	0.01247	0.01761	0.03204	0.03557	0.23467	0.02639	0.26534	0.00530	0.17337	0.00897	0.09856	0.00622
12	0.05330	0.26886	0.12785	0.03582	0.02228	0.06892	0.08998	0.15813	0.03339	0.04149	0.01327	0.03419	0.01071	0.00697	0.00590	0.00188	0.00820	0.00546	0.00411	0.00929
13	0.01732	0.01148	0.01680	0.01494	0.04489	0.01193	0.07854	0.09446	0.01653	0.18732	0.04020	0.25550	0.02403	0.01416	0.03737	0.00274	0.10688	0.01070	0.00585	0.00838
14	0.01114	0.00618	0.00689	0.00733	0.00854	0.00612	0.00529	0.01368	0.01358	0.02236	0.02604	0.23522	0.02495	0.01341	0.03707	0.00229	0.00398	0.00996	0.53996	0.00601
15	0.04958	0.01187	0.01703	0.19562	0.14292	0.01289	0.03871	0.09725	0.04592	0.02215	0.02023	0.12603	0.04248	0.09353	0.00988	0.00267	0.00687	0.00858	0.04792	0.00787
16	0.01712	0.02104	0.18274	0.15343	0.17070	0.05005	0.13296	0.14632	0.01798	0.02437	0.01307	0.01624	0.00983	0.00657	0.00679	0.00210	0.00922	0.00601	0.00380	0.00966
17	0.00879	0.00706	0.00825	0.00826	0.01000	0.00652	0.00625	0.01087	0.01576	0.02030	0.22804	0.14281	0.40378	0.01651	0.00864	0.00235	0.03349	0.05003	0.00639	0.00591
18	0.00959	0.00719	0.01078	0.01078	0.01198	0.00839	0.00839	0.01198	0.01078	0.01558	0.01797	0.02636	0.01677	0.05032	0.73760	0.01078	0.01797	0.00719	0.00359	0.00599
19	0.01358	0.01170	0.01439	0.09204	0.01901	0.00949	0.00907	0.01673	0.01408	0.02156	0.04334	0.01597	0.01220	0.00555	0.00529	0.00118	0.00533	0.00456	0.00402	0.68090
20	0.01735	0.53437	0.20500	0.01378	0.02039	0.07518	0.01487	0.02086	0.01415	0.01718	0.01007	0.01170	0.00859	0.00598	0.00494	0.00163	0.00821	0.00398	0.00290	0.00887

[dist]
# distance from previous block
# <min> <max>
0	1

[block]
# block no. 1 follows, 32 sequences, length 13
# corresponding to MSA columns:
# 82-94
name=unknown_B
#
# <colnr> <probs for GDERKNQSTAVLIFYWHMCP>
#	G	D	E	R	K	N	Q	S	T	A	V	L	I	F	Y	W	H	M	C	P
0	0.06388	0.01386	0.03740	0.01179	0.01660	0.01293	0.00972	0.20892	0.07068	0.05152	0.06179	0.07243	0.01728	0.00818	0.00609	0.00172	0.00561	0.00661	0.03018	0.29281
1	0.02506	0.03198	0.01901	0.01729	0.02074	0.73725	0.01296	0.02679	0.01901	0.01642	0.01037	0.01210	0.00864	0.00691	0.00605	0.00173	0.01210	0.00432	0.00346	0.00778
2	0.01391	0.01193	0.01391	0.00994	0.01590	0.00894	0.00795	0.01690	0.01391	0.02186	0.01193	0.01391	0.00994	0.00497	0.00497	0.00099	0.00497	0.00398	0.00398	0.80521
3	0.00818	0.00584	0.00779	0.00934	0.00973	0.00545	0.00623	0.00934	0.01285	0.01713	0.03698	0.75981	0.04438	0.02102	0.00856	0.00273	0.00389	0.01908	0.00623	0.00545
4	0.01512	0.01532	0.02786	0.02103	0.02616	0.01527	0.39379	0.02425	0.21719	0.02422	0.12495	0.02498	0.02125	0.00788	0.00760	0.00224	0.00834	0.00846	0.00500	0.00909
5	0.00926	0.00685	0.00864	0.00819	0.00988	0.00623	0.00614	0.01220	0.01843	0.02557	0.61967	0.05232	0.16327	0.01422	0.00792	0.00213	0.00320	0.01244	0.00721	0.00623
6	0.01866	0.01494	0.01595	0.01385	0.01794	0.01700	0.01091	0.13669	0.57470	0.06275	0.02557	0.02357	0.01892	0.00891	0.00681	0.00223	0.00564	0.00731	0.00688	0.01078
7	0.02414	0.01275	0.01539	0.01270	0.01727	0.01290	0.01020	0.03401	0.32627	0.41640	0.02684	0.02381	0.01833	0.00866	0.00678	0.00216	0.00553	0.00712	0.00765	0.01106
8	0.00934	0.00712	0.00962	0.08535	0.01362	0.00693	0.00747	0.01199	0.01648	0.02254	0.40820	0.23064	0.11515	0.01518	0.00796	0.00230	0.00398	0.01347	0.00652	0.00616
9	0.01117	0.01032	0.00976	0.00986	0.01141	0.11724	0.00712	0.01319	0.01628	0.02056	0.27371	0.29628	0.14635	0.01574	0.00786	0.00229	0.00482	0.01369	0.00621	0.00614
10	0.01661	0.01594	0.02724	0.04119	0.72233	0.01594	0.02059	0.02059	0.01528	0.02192	0.01262	0.01661	0.01063	0.00598	0.00664	0.00199	0.00797	0.00598	0.00332	0.01063
11	0.00935	0.00708	0.00991	0.00991	0.01118	0.00783	0.00756	0.01145	0.01139	0.01577	0.02583	0.03352	0.12440	0.09981	0.57270	0.00916	0.01488	0.00845	0.00403	0.00579
12	0.01166	0.00583	0.00874	0.00874	0.00874	0.00583	0.00583	0.00874	0.00874	0.01166	0.01166	0.02040	0.01166	0.02331	0.02622	0.80478	0.00583	0.00583	0.00291	0.00291

[dist]
# distance from previous block
# <min> <max>
0	4

[block]
# block no. 2 follows, 32 sequences, length 20
# corresponding to MSA columns:
# 99-118
name=unknown_C
#
# <colnr> <probs for GDERKNQSTAVLIFYWHMCP>
#	G	D	E	R	K	N	Q	S	T	A	V	L	I	F	Y	W	H	M	C	P
0	0.00818	0.00584	0.00779	0.00934	0.00973	0.00545	0.00623	0.00934	0.01285	0.01713	0.03698	0.75981	0.04438	0.02102	0.00856	0.00273	0.00389	0.01908	0.00623	0.00545
1	0.67721	0.01622	0.01143	0.01027	0.01430	0.13844	0.00824	0.02093	0.01272	0.02777	0.00952	0.01111	0.00750	0.00635	0.00448	0.00202	0.00637	0.00375	0.00403	0.00735
2	0.67577	0.01322	0.01077	0.00965	0.01374	0.01533	0.00784	0.02245	0.13081	0.02976	0.01241	0.01331	0.00952	0.00672	0.00461	0.00211	0.00521	0.00431	0.00461	0.00784
3	0.01693	0.01756	0.02282	0.01706	0.02264	0.13662	0.21214	0.05093	0.01604	0.02158	0.01224	0.01496	0.00982	0.00584	0.00661	0.00160	0.03028	0.00534	0.00381	0.37517
4	0.01717	0.64290	0.15378	0.01279	0.01924	0.02468	0.01376	0.02029	0.01372	0.01672	0.00979	0.01134	0.00859	0.00585	0.00466	0.00155	0.00764	0.00382	0.00286	0.00883
5	0.01289	0.01105	0.01270	0.00940	0.01473	0.00838	0.00746	0.01565	0.01415	0.02123	0.02150	0.02257	0.13119	0.00702	0.00548	0.00121	0.00470	0.00572	0.00436	0.66860
6	0.00818	0.00584	0.00779	0.00934	0.00973	0.00545	0.00623	0.00934	0.01285	0.01713	0.03698	0.75981	0.04438	0.02102	0.00856	0.00273	0.00389	0.01908	0.00623	0.00545
7	0.01794	0.76823	0.03516	0.01148	0.01722	0.02655	0.01148	0.02009	0.01363	0.01579	0.00933	0.01076	0.00861	0.00574	0.00431	0.00144	0.00718	0.00359	0.00287	0.00861
8	0.00959	0.00719	0.01078	0.01078	0.01198	0.00839	0.00839	0.01198	0.01078	0.01558	0.01797	0.02636	0.01677	0.05032	0.73760	0.01078	0.01797	0.00719	0.00359	0.00599
9	0.00793	0.00680	0.00680	0.00680	0.00906	0.00566	0.00510	0.00963	0.01529	0.01813	0.06797	0.06457	0.71961	0.01699	0.00793	0.00227	0.00340	0.01416	0.00623	0.00566
10	0.02280	0.01715	0.01791	0.01411	0.01850	0.04284	0.01128	0.55904	0.02740	0.03640	0.01677	0.02072	0.01353	0.13720	0.01138	0.00277	0.00739	0.00662	0.00615	0.01003
11	0.01032	0.00757	0.01013	0.01141	0.01308	0.00737	0.00984	0.01317	0.01542	0.01975	0.04107	0.07379	0.15497	0.01827	0.00904	0.00295	0.00570	0.56389	0.00619	0.00609
12	0.00960	0.00715	0.01058	0.01058	0.01171	0.00828	0.00813	0.01185	0.01072	0.01542	0.01816	0.02740	0.01723	0.09257	0.69597	0.01053	0.01729	0.00734	0.00362	0.00588
13	0.01849	0.03953	0.13188	0.03138	0.01868	0.07547	0.01257	0.14438	0.03474	0.14002	0.02011	0.16500	0.01810	0.01157	0.00914	0.06310	0.04357	0.00837	0.00529	0.00863
14	0.02400	0.02982	0.01881	0.01700	0.02027	0.65411	0.01287	0.04606	0.01867	0.01716	0.01076	0.01288	0.00904	0.00882	0.03460	0.00214	0.04709	0.00456	0.00354	0.00780
15	0.01584	0.01332	0.01682	0.08959	0.04150	0.03024	0.04256	0.06552	0.01561	0.05717	0.01299	0.01515	0.01026	0.00564	0.00558	0.00136	0.00616	0.00472	0.00421	0.54577
16	0.81159	0.01298	0.00986	0.00882	0.01298	0.01505	0.00727	0.01972	0.01142	0.03010	0.00934	0.01090	0.00727	0.00623	0.00415	0.00208	0.00519	0.00363	0.00415	0.00727
17	0.01780	0.22168	0.02181	0.03346	0.06965	0.10372	0.04214	0.13536	0.01796	0.02353	0.06145	0.01958	0.03232	0.00858	0.02374	0.00199	0.00730	0.00591	0.14359	0.00843
18	0.05052	0.01165	0.01413	0.01041	0.01585	0.00926	0.02930	0.01750	0.01460	0.05599	0.08121	0.01785	0.01532	0.00605	0.00539	0.00124	0.00504	0.00501	0.00450	0.62917
19	0.01550	0.11219	0.51806	0.01841	0.02695	0.01685	0.07359	0.04086	0.01492	0.06288	0.01274	0.01467	0.00921	0.00656	0.00672	0.00208	0.02953	0.00520	0.00332	0.00977

[dist]
# distance from previous block
# <min> <max>
0	3

[block]
# block no. 3 follows, 32 sequences, length 11
# corresponding to MSA columns:
# 122-132
name=unknown_D
#
# <colnr> <probs for GDERKNQSTAVLIFYWHMCP>
#	G	D	E	R	K	N	Q	S	T	A	V	L	I	F	Y	W	H	M	C	P
0	0.01382	0.01978	0.25395	0.04137	0.13891	0.03381	0.06327	0.01964	0.07342	0.04100	0.02133	0.19074	0.03935	0.01028	0.00713	0.00226	0.00762	0.00916	0.00436	0.00878
1	0.24413	0.05901	0.02164	0.04459	0.13141	0.21610	0.11141	0.02182	0.01489	0.02187	0.01081	0.01359	0.00880	0.00658	0.00664	0.00201	0.04786	0.00500	0.00355	0.00827
2	0.00947	0.00747	0.00862	0.00822	0.01026	0.00694	0.00620	0.01339	0.07605	0.02346	0.39735	0.05383	0.32476	0.01465	0.00783	0.00219	0.00344	0.01257	0.00687	0.00643
3	0.01625	0.01185	0.01415	0.01023	0.01608	0.00908	0.00823	0.01917	0.01468	0.12342	0.01402	0.01520	0.01090	0.00545	0.00523	0.00115	0.00508	0.00437	0.00460	0.69088
4	0.01573	0.01547	0.11738	0.01167	0.01811	0.01050	0.01075	0.04894	0.01517	0.08241	0.01336	0.01480	0.01036	0.00559	0.00540	0.00129	0.00585	0.00444	0.00430	0.58846
5	0.01468	0.01468	0.02055	0.01762	0.01762	0.02055	0.01468	0.01615	0.01028	0.01615	0.00881	0.01468	0.00881	0.01174	0.02202	0.00294	0.75191	0.00587	0.00294	0.00734
6	0.01166	0.00583	0.00874	0.00874	0.00874	0.00583	0.00583	0.00874	0.00874	0.01166	0.01166	0.02040	0.01166	0.02331	0.02622	0.80478	0.00583	0.00583	0.00291	0.00291
7	0.01432	0.01409	0.01959	0.01687	0.01687	0.01953	0.01391	0.01568	0.01024	0.01592	0.00970	0.01680	0.00994	0.06630	0.02290	0.00319	0.69786	0.00615	0.00302	0.00710
8	0.00959	0.00719	0.01078	0.01078	0.01198	0.00839	0.00839	0.01198	0.01078	0.01558	0.01797	0.02636	0.01677	0.05032	0.73760	0.01078	0.01797	0.00719	0.00359	0.00599
9	0.00864	0.00683	0.00779	0.00755	0.00950	0.00597	0.00566	0.01101	0.01698	0.02213	0.36462	0.05799	0.42046	0.01550	0.00792	0.00219	0.00329	0.01324	0.00676	0.00597
10	0.02424	0.01816	0.01942	0.01518	0.02032	0.02021	0.01245	0.60428	0.12930	0.04024	0.01772	0.01739	0.01272	0.00821	0.00673	0.00205	0.00708	0.00626	0.00673	0.01130

[dist]
# distance from previous block
# <min> <max>
0	36

[block]
# block no. 4 follows, 32 sequences, length 17
# corresponding to MSA columns:
# 174-190
name=unknown_E
#
# <colnr> <probs for GDERKNQSTAVLIFYWHMCP>
#	G	D	E	R	K	N	Q	S	T	A	V	L	I	F	Y	W	H	M	C	P
0	0.00934	0.00633	0.00744	0.00785	0.00796	0.00623	0.00464	0.00965	0.01057	0.01410	0.02533	0.23313	0.02968	0.56776	0.02739	0.00551	0.00581	0.01222	0.00464	0.00443
1	0.81159	0.01298	0.00986	0.00882	0.01298	0.01505	0.00727	0.01972	0.01142	0.03010	0.00934	0.01090	0.00727	0.00623	0.00415	0.00208	0.00519	0.00363	0.00415	0.00727
2	0.00818	0.00584	0.00779	0.00934	0.00973	0.00545	0.00623	0.00934	0.01285	0.01713	0.03698	0.75981	0.04438	0.02102	0.00856	0.00273	0.00389	0.01908	0.00623	0.00545
3	0.02551	0.01879	0.02014	0.01544	0.02081	0.02081	0.01275	0.69996	0.03155	0.04229	0.01611	0.01611	0.01141	0.00805	0.00671	0.00201	0.00738	0.00604	0.00671	0.01141
4	0.01794	0.76823	0.03516	0.01148	0.01722	0.02655	0.01148	0.02009	0.01363	0.01579	0.00933	0.01076	0.00861	0.00574	0.00431	0.00144	0.00718	0.00359	0.00287	0.00861
5	0.00818	0.00584	0.00779	0.00934	0.00973	0.00545	0.00623	0.00934	0.01285	0.01713	0.03698	0.75981	0.04438	0.02102	0.00856	0.00273	0.00389	0.01908	0.00623	0.00545
6	0.01432	0.01415	0.01986	0.01713	0.01722	0.01969	0.01424	0.01585	0.01031	0.01611	0.00945	0.01550	0.00937	0.01447	0.07254	0.00349	0.70010	0.00596	0.00298	0.00724
7	0.81159	0.01298	0.00986	0.00882	0.01298	0.01505	0.00727	0.01972	0.01142	0.03010	0.00934	0.01090	0.00727	0.00623	0.00415	0.00208	0.00519	0.00363	0.00415	0.00727
8	0.01794	0.76823	0.03516	0.01148	0.01722	0.02655	0.01148	0.02009	0.01363	0.01579	0.00933	0.01076	0.00861	0.00574	0.00431	0.00144	0.00718	0.00359	0.00287	0.00861
9	0.63674	0.01540	0.06514	0.01111	0.01593	0.01577	0.03891	0.09072	0.01391	0.03035	0.01043	0.01199	0.00791	0.00640	0.00474	0.00208	0.00603	0.00417	0.00429	0.00797
10	0.01267	0.01193	0.02013	0.74806	0.04621	0.01491	0.01863	0.01714	0.01342	0.01714	0.01193	0.01789	0.00894	0.00671	0.00671	0.00224	0.00894	0.00596	0.00298	0.00745
11	0.00899	0.00662	0.00842	0.00843	0.00983	0.00604	0.00615	0.01151	0.01711	0.02354	0.47883	0.21417	0.14384	0.01581	0.00806	0.00227	0.00336	0.01398	0.00697	0.00604
12	0.01468	0.01468	0.02055	0.01762	0.01762	0.02055	0.01468	0.01615	0.01028	0.01615	0.00881	0.01468	0.00881	0.01174	0.02202	0.00294	0.75191	0.00587	0.00294	0.00734
13	0.01318	0.09128	0.09004	0.01139	0.01621	0.01141	0.01016	0.01687	0.04099	0.02059	0.04562	0.14020	0.01889	0.00907	0.00654	0.00168	0.02961	0.03220	0.00441	0.38967
14	0.01323	0.01283	0.06491	0.16634	0.21158	0.01155	0.01404	0.01692	0.01538	0.04374	0.14704	0.05752	0.09405	0.00925	0.00690	0.00203	0.00640	0.00820	0.00460	0.09348
15	0.04657	0.16631	0.10539	0.01414	0.01995	0.04222	0.01300	0.30408	0.08351	0.02975	0.01441	0.01508	0.01093	0.00704	0.00590	0.00181	0.00725	0.00520	0.00501	0.10245
16	0.37360	0.07563	0.07095	0.01150	0.01595	0.01631	0.01019	0.06883	0.16698	0.02754	0.01662	0.01726	0.03875	0.00761	0.00587	0.00209	0.03102	0.00533	0.02946	0.00851

[dist]
# distance from previous block
# <min> <max>
0	9

[block]
# block no. 5 follows, 32 sequences, length 17
# corresponding to MSA columns:
# 200-216
name=unknown_F
#
# <colnr> <probs for GDERKNQSTAVLIFYWHMCP>
#	G	D	E	R	K	N	Q	S	T	A	V	L	I	F	Y	W	H	M	C	P
0	0.14803	0.03592	0.04208	0.20522	0.02478	0.01468	0.03150	0.11544	0.08530	0.02492	0.01651	0.05788	0.01416	0.00834	0.00631	0.00209	0.00687	0.05327	0.00459	0.10210
1	0.01266	0.01214	0.06397	0.17106	0.02173	0.01018	0.01101	0.03494	0.01467	0.02132	0.07679	0.10531	0.03847	0.00860	0.00622	0.00173	0.00583	0.00736	0.04737	0.32862
2	0.02551	0.01879	0.02014	0.01544	0.02081	0.02081	0.01275	0.69996	0.03155	0.04229	0.01611	0.01611	0.01141	0.00805	0.00671	0.00201	0.00738	0.00604	0.00671	0.01141
3	0.81159	0.01298	0.00986	0.00882	0.01298	0.01505	0.00727	0.01972	0.01142	0.03010	0.00934	0.01090	0.00727	0.00623	0.00415	0.00208	0.00519	0.00363	0.00415	0.00727
4	0.01009	0.00691	0.00880	0.00913	0.00981	0.00718	0.00653	0.01145	0.01144	0.01573	0.02361	0.04598	0.02544	0.40506	0.18344	0.00646	0.00881	0.15441	0.04466	0.00506
5	0.81159	0.01298	0.00986	0.00882	0.01298	0.01505	0.00727	0.01972	0.01142	0.03010	0.00934	0.01090	0.00727	0.00623	0.00415	0.00208	0.00519	0.00363	0.00415	0.00727
6	0.00931	0.00646	0.00730	0.00750	0.00786	0.00626	0.00448	0.00969	0.01090	0.01423	0.02955	0.13564	0.12250	0.56914	0.02737	0.00545	0.00575	0.01152	0.00463	0.00446
7	0.01346	0.03471	0.72942	0.01912	0.02904	0.01558	0.02479	0.02125	0.01417	0.02125	0.01204	0.01417	0.00850	0.00637	0.00637	0.00212	0.00992	0.00496	0.00283	0.00992
8	0.00825	0.00587	0.00776	0.00925	0.00962	0.00550	0.00613	0.00936	0.01270	0.01694	0.03625	0.72656	0.04345	0.05554	0.00975	0.00290	0.00401	0.01864	0.00613	0.00539
9	0.01724	0.01469	0.01548	0.01377	0.01766	0.01695	0.01075	0.07709	0.66788	0.02896	0.02661	0.02448	0.01992	0.00904	0.00682	0.00226	0.00544	0.00749	0.00682	0.01067
10	0.00957	0.00642	0.00738	0.00756	0.00761	0.00638	0.00433	0.00971	0.01013	0.01351	0.02307	0.13089	0.02682	0.67390	0.03104	0.00605	0.00619	0.01089	0.00433	0.00423
11	0.01267	0.01193	0.02013	0.74806	0.04621	0.01491	0.01863	0.01714	0.01342	0.01714	0.01193	0.01789	0.00894	0.00671	0.00671	0.00224	0.00894	0.00596	0.00298	0.00745
12	0.00899	0.00609	0.00804	0.00934	0.00999	0.00562	0.00632	0.01023	0.01318	0.04388	0.03775	0.70591	0.06875	0.02039	0.00847	0.00268	0.00394	0.01843	0.00631	0.00568
13	0.01726	0.01283	0.06739	0.07120	0.15884	0.01103	0.05530	0.02081	0.01664	0.21053	0.14647	0.06747	0.06745	0.00959	0.00708	0.00212	0.00625	0.00855	0.03425	0.00896
14	0.01715	0.01330	0.02133	0.40310	0.22225	0.01471	0.01747	0.05733	0.01580	0.13090	0.01462	0.01822	0.01073	0.00683	0.00670	0.00213	0.00809	0.00609	0.00411	0.00914
15	0.01672	0.10374	0.35262	0.01661	0.02341	0.01694	0.03575	0.05627	0.08931	0.09126	0.01467	0.01607	0.01086	0.00742	0.00803	0.00212	0.09279	0.00547	0.00405	0.03590
16	0.14124	0.07383	0.03726	0.16846	0.04253	0.05120	0.01192	0.07498	0.01565	0.06624	0.03758	0.01604	0.01154	0.00653	0.00565	0.00175	0.00679	0.00504	0.00424	0.22154

[dist]
# distance from previous block
# <min> <max>
0	14

[block]
# block no. 6 follows, 32 sequences, length 38
# corresponding to MSA columns:
# 231-268
name=unknown_G
#
# <colnr> <probs for GDERKNQSTAVLIFYWHMCP>
#	G	D	E	R	K	N	Q	S	T	A	V	L	I	F	Y	W	H	M	C	P
0	0.01887	0.01415	0.02152	0.16596	0.04584	0.01491	0.14071	0.06406	0.18510	0.17294	0.01922	0.02031	0.01382	0.00756	0.00733	0.00216	0.02884	0.00680	0.00538	0.04451
1	0.01462	0.01190	0.01399	0.01003	0.01596	0.00898	0.00803	0.01759	0.01414	0.05266	0.01256	0.01430	0.01023	0.00511	0.00505	0.00104	0.00500	0.00410	0.00416	0.77054
2	0.01391	0.01193	0.01391	0.00994	0.01590	0.00894	0.00795	0.01690	0.01391	0.02186	0.01193	0.01391	0.00994	0.00497	0.00497	0.00099	0.00497	0.00398	0.00398	0.80521
3	0.01612	0.01350	0.01448	0.01317	0.01658	0.01537	0.01015	0.08218	0.55773	0.02756	0.02786	0.13083	0.02326	0.01075	0.00707	0.00232	0.00526	0.00913	0.00673	0.00993
4	0.01166	0.00583	0.00874	0.00874	0.00874	0.00583	0.00583	0.00874	0.00874	0.01166	0.01166	0.02040	0.01166	0.02331	0.02622	0.80478	0.00583	0.00583	0.00291	0.00291
5	0.01391	0.01193	0.01391	0.00994	0.01590	0.00894	0.00795	0.01690	0.01391	0.02186	0.01193	0.01391	0.00994	0.00497	0.00497	0.00099	0.00497	0.00398	0.00398	0.80521
6	0.03010	0.01142	0.01557	0.01194	0.01713	0.00986	0.00986	0.03270	0.01920	0.72698	0.02647	0.02284	0.01661	0.00830	0.00675	0.00208	0.00571	0.00675	0.00830	0.01142
7	0.02535	0.02320	0.01921	0.01618	0.02045	0.40198	0.06372	0.02889	0.06867	0.24109	0.01690	0.01686	0.01212	0.00741	0.00647	0.00192	0.00954	0.00559	0.00522	0.00922
8	0.00867	0.00621	0.00826	0.00922	0.01000	0.00580	0.00646	0.01049	0.01472	0.02006	0.23207	0.52672	0.04955	0.01882	0.00841	0.00257	0.00378	0.04590	0.00656	0.00573
9	0.00944	0.00674	0.00923	0.01078	0.01173	0.00654	0.00842	0.01152	0.01409	0.01854	0.03629	0.43272	0.04162	0.01983	0.00890	0.00290	0.00499	0.33372	0.00620	0.00580
10	0.01584	0.01810	0.03959	0.02828	0.03507	0.01697	0.69796	0.02149	0.01584	0.02149	0.01357	0.01810	0.01018	0.00566	0.00792	0.00226	0.01131	0.00792	0.00339	0.00905
11	0.02359	0.01573	0.02365	0.01777	0.02319	0.04489	0.21767	0.17966	0.02071	0.29803	0.02002	0.05170	0.01437	0.00795	0.00714	0.00213	0.00797	0.00738	0.00617	0.01029
12	0.00814	0.00598	0.00764	0.00897	0.00963	0.00548	0.00606	0.00938	0.01320	0.01727	0.04149	0.65870	0.14258	0.02044	0.00847	0.00266	0.00382	0.01836	0.00623	0.00548
13	0.08787	0.01153	0.01515	0.01171	0.01682	0.01025	0.00967	0.03174	0.01863	0.67547	0.02521	0.02196	0.01592	0.00815	0.00656	0.00208	0.00567	0.00652	0.00800	0.01111
14	0.01530	0.01461	0.02487	0.27615	0.49759	0.01560	0.01994	0.01945	0.01466	0.02033	0.01239	0.01703	0.01007	0.00622	0.00666	0.00207	0.00829	0.00597	0.00321	0.00957
15	0.00959	0.00719	0.01078	0.01078	0.01198	0.00839	0.00839	0.01198	0.01078	0.01558	0.01797	0.02636	0.01677	0.05032	0.73760	0.01078	0.01797	0.00719	0.00359	0.00599
16	0.00999	0.00674	0.00837	0.00796	0.00957	0.00629	0.00597	0.01309	0.01791	0.02617	0.55969	0.04605	0.08335	0.01275	0.00731	0.00201	0.00317	0.01112	0.15621	0.00629
17	0.00976	0.00651	0.00732	0.00732	0.00732	0.00651	0.00407	0.00976	0.00976	0.01301	0.02114	0.04391	0.02439	0.76419	0.03415	0.00651	0.00651	0.00976	0.00407	0.00407
18	0.01803	0.01912	0.02504	0.05043	0.02538	0.16924	0.25855	0.07420	0.16086	0.02336	0.06913	0.02042	0.01600	0.00765	0.00759	0.00214	0.03214	0.00712	0.00463	0.00895
19	0.02191	0.01701	0.01811	0.01471	0.01944	0.01913	0.01188	0.42881	0.30856	0.03648	0.02068	0.01975	0.01511	0.00848	0.00676	0.00212	0.00654	0.00667	0.00676	0.01109
20	0.66057	0.01456	0.04585	0.06573	0.01667	0.04005	0.00925	0.02026	0.01221	0.05015	0.01024	0.01200	0.00780	0.00636	0.00460	0.00208	0.00596	0.00400	0.00411	0.00756
21	0.02506	0.03198	0.01901	0.01729	0.02074	0.73725	0.01296	0.02679	0.01901	0.01642	0.01037	0.01210	0.00864	0.00691	0.00605	0.00173	0.01210	0.00432	0.00346	0.00778
22	0.09970	0.01245	0.01657	0.10912	0.17496	0.01363	0.01333	0.02231	0.20732	0.02336	0.02344	0.03422	0.04048	0.01033	0.00711	0.00238	0.00649	0.16904	0.00512	0.00865
23	0.00846	0.00599	0.00782	0.00904	0.00947	0.00564	0.00598	0.00964	0.01295	0.01738	0.08608	0.62358	0.04347	0.10686	0.01149	0.00312	0.00414	0.01747	0.00606	0.00535
24	0.01106	0.00643	0.00746	0.00792	0.00914	0.00638	0.00589	0.01358	0.01381	0.02185	0.05665	0.17211	0.02740	0.06376	0.03610	0.00267	0.00444	0.09060	0.43681	0.00594
25	0.01579	0.01048	0.01240	0.00981	0.01374	0.00911	0.00748	0.05578	0.03461	0.12917	0.07356	0.02552	0.01900	0.16961	0.01188	0.00255	0.00533	0.00660	0.04001	0.34758
26	0.72883	0.01498	0.01082	0.00971	0.01379	0.09104	0.00787	0.02047	0.01222	0.02867	0.00945	0.01103	0.00741	0.00630	0.00435	0.00204	0.00592	0.00371	0.00408	0.00732
27	0.01794	0.76823	0.03516	0.01148	0.01722	0.02655	0.01148	0.02009	0.01363	0.01579	0.00933	0.01076	0.00861	0.00574	0.00431	0.00144	0.00718	0.00359	0.00287	0.00861
28	0.01724	0.01902	0.01889	0.01664	0.01777	0.23417	0.01332	0.01880	0.01292	0.01608	0.01040	0.01581	0.00990	0.03942	0.07187	0.00329	0.44838	0.00564	0.00318	0.00726
29	0.00882	0.00676	0.00808	0.00790	0.00965	0.00602	0.00587	0.01129	0.01716	0.02292	0.42648	0.10924	0.30455	0.01548	0.00797	0.00221	0.00331	0.01341	0.00687	0.00602
30	0.02151	0.01643	0.01799	0.01354	0.01912	0.01672	0.01110	0.46476	0.02548	0.03526	0.01467	0.01535	0.01090	0.00699	0.00611	0.00166	0.00655	0.00533	0.00577	0.28474
31	0.01166	0.00583	0.00874	0.00874	0.00874	0.00583	0.00583	0.00874	0.00874	0.01166	0.01166	0.02040	0.01166	0.02331	0.02622	0.80478	0.00583	0.00583	0.00291	0.00291
32	0.01493	0.01525	0.02032	0.21376	0.02553	0.07334	0.01561	0.01722	0.01178	0.01644	0.00976	0.01535	0.00883	0.01003	0.01670	0.00266	0.49633	0.00578	0.00299	0.00740
33	0.02089	0.01378	0.01872	0.13920	0.20681	0.05689	0.01384	0.06835	0.01738	0.24933	0.01822	0.01957	0.01303	0.00727	0.00641	0.00199	0.00701	0.00616	0.10546	0.00969
34	0.07972	0.01343	0.01531	0.01146	0.01701	0.01222	0.00934	0.17185	0.01867	0.16341	0.01547	0.01590	0.01135	0.00639	0.00564	0.00151	0.00567	0.00494	0.00543	0.41527
35	0.00818	0.00584	0.00779	0.00934	0.00973	0.00545	0.00623	0.00934	0.01285	0.01713	0.03698	0.75981	0.04438	0.02102	0.00856	0.00273	0.00389	0.01908	0.00623	0.00545
36	0.04630	0.68141	0.03295	0.01186	0.01736	0.08443	0.01146	0.02063	0.01400	0.01634	0.00941	0.01088	0.00857	0.00585	0.00444	0.00148	0.00751	0.00365	0.00296	0.00850
37	0.48921	0.04978	0.01389	0.01156	0.01553	0.20109	0.00920	0.05466	0.03884	0.02605	0.01087	0.01282	0.00879	0.02670	0.00566	0.00208	0.00719	0.00423	0.00413	0.00769

[dist]
# distance from previous block
# <min> <max>
1	18

[block]
# block no. 7 follows, 32 sequences, length 17
# corresponding to MSA columns:
# 287-303
name=unknown_H
#
# <colnr> <probs for GDERKNQSTAVLIFYWHMCP>
#	G	D	E	R	K	N	Q	S	T	A	V	L	I	F	Y	W	H	M	C	P
0	0.07118	0.09683	0.24499	0.01536	0.02158	0.09907	0.01549	0.12262	0.11513	0.05216	0.01463	0.01553	0.01096	0.00713	0.00643	0.00197	0.02657	0.00523	0.00440	0.05273
1	0.20166	0.01633	0.01653	0.01322	0.01795	0.01825	0.01083	0.44553	0.08607	0.03722	0.01592	0.01627	0.01163	0.00772	0.00602	0.00202	0.00644	0.00565	0.05464	0.01009
2	0.01439	0.01207	0.01855	0.43442	0.11498	0.01363	0.01557	0.06720	0.01518	0.04208	0.01510	0.06517	0.01250	0.00764	0.00654	0.00208	0.00758	0.00671	0.06369	0.06493
3	0.00836	0.00679	0.00746	0.00773	0.00968	0.00590	0.00587	0.01026	0.01535	0.01892	0.11364	0.13549	0.53186	0.01729	0.00812	0.00238	0.00370	0.07912	0.00632	0.00575
4	0.01561	0.01762	0.07250	0.19979	0.07094	0.05526	0.29185	0.02322	0.14101	0.02136	0.01534	0.01865	0.01158	0.00667	0.00716	0.00221	0.00942	0.00690	0.00388	0.00902
5	0.01693	0.01787	0.02482	0.01994	0.02231	0.10722	0.17505	0.06357	0.01405	0.01915	0.01060	0.01526	0.00928	0.00948	0.01575	0.00257	0.43856	0.00618	0.00336	0.00806
6	0.00923	0.00696	0.00877	0.00981	0.01131	0.00650	0.00783	0.01140	0.01477	0.01873	0.04647	0.23813	0.26236	0.01864	0.00866	0.00273	0.00472	0.30095	0.00621	0.00583
7	0.00818	0.00584	0.00779	0.00934	0.00973	0.00545	0.00623	0.00934	0.01285	0.01713	0.03698	0.75981	0.04438	0.02102	0.00856	0.00273	0.00389	0.01908	0.00623	0.00545
8	0.00968	0.00716	0.00928	0.00989	0.01152	0.00675	0.00805	0.01240	0.01633	0.02159	0.24949	0.10924	0.17908	0.01693	0.00855	0.00261	0.00458	0.30423	0.00656	0.00608
9	0.20907	0.06047	0.01520	0.01156	0.01605	0.01377	0.00949	0.02881	0.18694	0.31952	0.02125	0.01993	0.01486	0.00940	0.03289	0.00241	0.00603	0.00604	0.00645	0.00987
10	0.01403	0.01919	0.19839	0.11801	0.04675	0.01485	0.21550	0.02183	0.13732	0.02154	0.02026	0.06650	0.05861	0.00825	0.00719	0.00225	0.00855	0.00789	0.00416	0.00893
11	0.01764	0.71947	0.08131	0.01199	0.01801	0.02582	0.01237	0.02017	0.01367	0.01615	0.00951	0.01099	0.00860	0.00578	0.00444	0.00148	0.00736	0.00368	0.00287	0.00870
12	0.01429	0.01109	0.01308	0.00973	0.01497	0.00858	0.00772	0.01720	0.01441	0.06062	0.04772	0.04424	0.01454	0.00633	0.00532	0.00120	0.00477	0.00521	0.05312	0.64586
13	0.01557	0.01756	0.03765	0.02710	0.03339	0.01678	0.64208	0.02094	0.01568	0.02142	0.03734	0.01903	0.01192	0.00622	0.00859	0.00229	0.04611	0.00797	0.00351	0.00888
14	0.00845	0.00601	0.00798	0.00945	0.00991	0.00567	0.00645	0.00970	0.01287	0.01712	0.03602	0.67115	0.04288	0.06107	0.01000	0.00296	0.00420	0.06658	0.00611	0.00543
15	0.21175	0.01488	0.03638	0.08957	0.12158	0.05293	0.01180	0.06881	0.02942	0.02459	0.01267	0.03630	0.01051	0.00653	0.00556	0.00175	0.00654	0.00510	0.00409	0.24924
16	0.01952	0.01687	0.05628	0.09176	0.06426	0.07426	0.01322	0.21199	0.13395	0.08290	0.05140	0.02002	0.01535	0.00830	0.00760	0.00210	0.05664	0.00644	0.05755	0.00960

[dist]
# distance from previous block
# <min> <max>
0	1

[block]
# block no. 8 follows, 32 sequences, length 40
# corresponding to MSA columns:
# 305-344
name=unknown_I
#
# <colnr> <probs for GDERKNQSTAVLIFYWHMCP>
#	G	D	E	R	K	N	Q	S	T	A	V	L	I	F	Y	W	H	M	C	P
0	0.01380	0.00946	0.01164	0.01043	0.01342	0.00907	0.03709	0.01927	0.15102	0.13593	0.09062	0.11010	0.31007	0.01376	0.00763	0.00230	0.00461	0.03539	0.00664	0.00775
1	0.01743	0.09444	0.16733	0.05709	0.10273	0.09013	0.10425	0.13095	0.01736	0.02287	0.01445	0.01713	0.03515	0.00868	0.03022	0.00234	0.06851	0.00595	0.00382	0.00918
2	0.01669	0.01441	0.01517	0.01365	0.01745	0.01669	0.01062	0.03565	0.71021	0.02807	0.02731	0.02503	0.02048	0.00910	0.00683	0.00228	0.00531	0.00759	0.00683	0.01062
3	0.01481	0.01200	0.01390	0.01018	0.01583	0.00955	0.00814	0.03845	0.04424	0.04432	0.01354	0.01516	0.01092	0.00545	0.00514	0.00113	0.00501	0.00436	0.03577	0.69209
4	0.01195	0.01005	0.01304	0.01194	0.01216	0.01251	0.00891	0.01340	0.03264	0.01567	0.01792	0.10517	0.01964	0.32280	0.02447	0.00431	0.31403	0.00892	0.03459	0.00585
5	0.81159	0.01298	0.00986	0.00882	0.01298	0.01505	0.00727	0.01972	0.01142	0.03010	0.00934	0.01090	0.00727	0.00623	0.00415	0.00208	0.00519	0.00363	0.00415	0.00727
6	0.01707	0.12253	0.08778	0.01383	0.01810	0.04576	0.03456	0.11884	0.17957	0.04272	0.01973	0.04087	0.04935	0.00984	0.00897	0.06376	0.05972	0.00665	0.02859	0.03176
7	0.00943	0.00686	0.00887	0.00837	0.00998	0.00630	0.00628	0.01253	0.01883	0.02651	0.68950	0.05077	0.09285	0.01386	0.00791	0.00212	0.00318	0.01223	0.00733	0.00630
8	0.01897	0.24276	0.07462	0.01747	0.10865	0.07187	0.01369	0.14368	0.19638	0.02479	0.01582	0.01645	0.01240	0.00717	0.00594	0.00189	0.00738	0.00550	0.00466	0.00991
9	0.00976	0.00651	0.00732	0.00732	0.00732	0.00651	0.00407	0.00976	0.00976	0.01301	0.02114	0.04391	0.02439	0.76419	0.03415	0.00651	0.00651	0.00976	0.00407	0.00407
10	0.01024	0.00662	0.00808	0.00808	0.00957	0.00615	0.00592	0.01282	0.01628	0.04109	0.34299	0.19413	0.11276	0.01415	0.00732	0.00213	0.00340	0.01238	0.17971	0.00619
11	0.01584	0.01810	0.03959	0.02828	0.03507	0.01697	0.69796	0.02149	0.01584	0.02149	0.01357	0.01810	0.01018	0.00566	0.00792	0.00226	0.01131	0.00792	0.00339	0.00905
12	0.00844	0.00696	0.00750	0.00777	0.00991	0.00603	0.00610	0.01038	0.01532	0.01847	0.06229	0.06652	0.60026	0.01726	0.00816	0.00241	0.00389	0.13036	0.00622	0.00575
13	0.00996	0.00699	0.00893	0.00837	0.01014	0.00637	0.00630	0.01294	0.01859	0.04747	0.62466	0.05090	0.13531	0.01392	0.00788	0.00213	0.00327	0.01220	0.00729	0.00641
14	0.81159	0.01298	0.00986	0.00882	0.01298	0.01505	0.00727	0.01972	0.01142	0.03010	0.00934	0.01090	0.00727	0.00623	0.00415	0.00208	0.00519	0.00363	0.00415	0.00727
15	0.00993	0.00675	0.00837	0.00796	0.00958	0.00628	0.00597	0.01301	0.01791	0.02606	0.55870	0.04656	0.09350	0.01287	0.00735	0.00202	0.00317	0.01122	0.14649	0.00628
16	0.01524	0.01178	0.01257	0.01159	0.01456	0.01323	0.00900	0.05357	0.43440	0.02646	0.02593	0.02961	0.02099	0.05286	0.00810	0.00241	0.00503	0.05807	0.18563	0.00895
17	0.08959	0.11712	0.05474	0.01462	0.03925	0.05566	0.03465	0.24875	0.02057	0.14365	0.01559	0.01649	0.01152	0.01035	0.06031	0.00255	0.00809	0.00553	0.00532	0.04565
18	0.01365	0.10194	0.51695	0.14584	0.03036	0.01628	0.02189	0.02018	0.01412	0.02015	0.03139	0.01548	0.01011	0.00658	0.00627	0.00208	0.00929	0.00520	0.00299	0.00926
19	0.01346	0.03471	0.72942	0.01912	0.02904	0.01558	0.02479	0.02125	0.01417	0.02125	0.01204	0.01417	0.00850	0.00637	0.00637	0.00212	0.00992	0.00496	0.00283	0.00992
20	0.00838	0.00599	0.00803	0.00958	0.01006	0.00563	0.00659	0.00970	0.01305	0.01736	0.03687	0.70563	0.04392	0.02082	0.00862	0.00275	0.00407	0.07119	0.00622	0.00551
21	0.01522	0.02094	0.18547	0.20584	0.10501	0.06736	0.24227	0.02050	0.01488	0.01989	0.01237	0.01650	0.00940	0.00637	0.00739	0.00218	0.03015	0.00626	0.00315	0.00887
22	0.02567	0.01254	0.02027	0.01518	0.02047	0.01119	0.16307	0.02899	0.01809	0.51961	0.02327	0.02194	0.01522	0.00768	0.00686	0.00208	0.00678	0.00697	0.06361	0.01052
23	0.02917	0.01208	0.01588	0.01226	0.01740	0.01095	0.01010	0.08028	0.05119	0.64683	0.02577	0.02246	0.01641	0.00832	0.00675	0.00208	0.00581	0.00674	0.00813	0.01138
24	0.01816	0.01799	0.03509	0.02529	0.03175	0.01743	0.54493	0.14910	0.01890	0.05058	0.01451	0.01790	0.01064	0.00620	0.00765	0.00221	0.01038	0.00752	0.00419	0.00958
25	0.01452	0.01389	0.02235	0.40349	0.03479	0.01721	0.09010	0.06587	0.01404	0.01911	0.01148	0.01684	0.00921	0.00817	0.01135	0.00243	0.22785	0.00615	0.00328	0.00787
26	0.11218	0.00742	0.00935	0.00899	0.00978	0.00778	0.00623	0.04495	0.01030	0.01560	0.01226	0.02067	0.01200	0.07309	0.02305	0.60733	0.00587	0.00584	0.00334	0.00397
27	0.02483	0.02901	0.01907	0.01683	0.02063	0.58481	0.01284	0.14511	0.04699	0.02139	0.01201	0.01329	0.00957	0.00720	0.00620	0.00180	0.01102	0.00474	0.00415	0.00852
28	0.71421	0.01223	0.00975	0.00878	0.01262	0.01399	0.00715	0.01887	0.01234	0.02972	0.09547	0.01566	0.01407	0.00714	0.00461	0.00208	0.00494	0.00467	0.00455	0.00715
29	0.01385	0.01012	0.01466	0.12338	0.14546	0.01015	0.01114	0.01700	0.03987	0.08910	0.02259	0.20040	0.02244	0.10525	0.01043	0.00272	0.00607	0.03537	0.04499	0.07500
30	0.61616	0.08087	0.07725	0.01058	0.01533	0.06744	0.00961	0.02039	0.01240	0.02711	0.00966	0.01127	0.00759	0.00625	0.00450	0.00200	0.00628	0.00380	0.00387	0.00766
31	0.00932	0.00682	0.00878	0.00858	0.01013	0.00628	0.00646	0.01219	0.01796	0.02493	0.56535	0.10861	0.12228	0.01487	0.00804	0.00223	0.00341	0.05045	0.00712	0.00619
32	0.00836	0.00616	0.00783	0.00878	0.00967	0.00563	0.00606	0.00995	0.01427	0.01893	0.15639	0.52945	0.15559	0.01915	0.00835	0.00255	0.00369	0.01712	0.00642	0.00563
33	0.02047	0.15559	0.16001	0.01984	0.11703	0.35669	0.01602	0.04443	0.01704	0.01879	0.01100	0.01301	0.00896	0.00652	0.00592	0.00180	0.01013	0.00460	0.00332	0.00883
34	0.00884	0.00647	0.00833	0.00928	0.01022	0.00616	0.00671	0.01050	0.01364	0.01797	0.08726	0.40099	0.14040	0.08108	0.05880	0.00350	0.00525	0.11306	0.00596	0.00558
35	0.00811	0.00607	0.00754	0.00872	0.00957	0.00550	0.00595	0.00941	0.01345	0.01737	0.04459	0.58912	0.21015	0.02003	0.00841	0.00261	0.00377	0.01787	0.00623	0.00550
36	0.08478	0.01523	0.02364	0.10562	0.36104	0.01580	0.07384	0.08974	0.05352	0.08989	0.01476	0.01737	0.01129	0.00664	0.00657	0.00207	0.00771	0.00611	0.00435	0.01003
37	0.01591	0.01769	0.11381	0.20148	0.12949	0.01619	0.18935	0.06469	0.12330	0.03791	0.01540	0.01840	0.01154	0.00679	0.00698	0.00218	0.00880	0.00661	0.00405	0.00943
38	0.01695	0.36664	0.02314	0.01128	0.01556	0.01857	0.00990	0.10160	0.08014	0.06192	0.02275	0.10543	0.09245	0.03772	0.00696	0.00205	0.00614	0.00757	0.00481	0.00845
39	0.01461	0.03707	0.01637	0.11885	0.05181	0.01229	0.01109	0.04325	0.04307	0.05162	0.05077	0.04372	0.04032	0.00818	0.00772	0.00179	0.08182	0.02741	0.00445	0.33380

[dist]
# distance from previous block
# <min> <max>
1	4

[block]
# block no. 9 follows, 32 sequences, length 18
# corresponding to MSA columns:
# 349-366
name=unknown_J
#
# <colnr> <probs for GDERKNQSTAVLIFYWHMCP>
#	G	D	E	R	K	N	Q	S	T	A	V	L	I	F	Y	W	H	M	C	P
0	0.57652	0.01121	0.00932	0.00845	0.01195	0.01264	0.00683	0.01888	0.01242	0.05124	0.03396	0.01578	0.01154	0.00814	0.02606	0.00223	0.00510	0.00463	0.16598	0.00713
1	0.81159	0.01298	0.00986	0.00882	0.01298	0.01505	0.00727	0.01972	0.01142	0.03010	0.00934	0.01090	0.00727	0.00623	0.00415	0.00208	0.00519	0.00363	0.00415	0.00727
2	0.01545	0.06592	0.07636	0.01267	0.04050	0.01187	0.03310	0.08729	0.01592	0.05500	0.01824	0.04494	0.06258	0.00799	0.00668	0.03547	0.00594	0.00600	0.03975	0.35833
3	0.01265	0.00676	0.00956	0.00922	0.00960	0.00690	0.00632	0.05820	0.01037	0.01385	0.01197	0.02009	0.01164	0.02222	0.02483	0.74734	0.00594	0.00584	0.00319	0.00352
4	0.00871	0.00615	0.00827	0.00951	0.00985	0.00601	0.00642	0.00954	0.01236	0.01656	0.03364	0.65753	0.04010	0.04211	0.01110	0.06468	0.02903	0.01735	0.00580	0.00528
5	0.00893	0.00678	0.00823	0.00799	0.00971	0.00607	0.00595	0.01152	0.01748	0.02360	0.47645	0.09852	0.26394	0.01518	0.00796	0.00220	0.00328	0.01319	0.00696	0.00607
6	0.01669	0.01441	0.01517	0.01365	0.01745	0.01669	0.01062	0.03565	0.71021	0.02807	0.02731	0.02503	0.02048	0.00910	0.00683	0.00228	0.00531	0.00759	0.00683	0.01062
7	0.01812	0.43351	0.05180	0.16912	0.02448	0.16843	0.01374	0.02087	0.01470	0.01639	0.01018	0.01266	0.00868	0.00621	0.00524	0.00169	0.00864	0.00429	0.00301	0.00824
8	0.01267	0.00852	0.01128	0.01192	0.01399	0.00852	0.01015	0.01710	0.07910	0.07762	0.08436	0.06455	0.06676	0.01645	0.00869	0.00283	0.00573	0.48627	0.00650	0.00699
9	0.01618	0.06956	0.08366	0.38093	0.05898	0.05729	0.07644	0.02156	0.06450	0.08571	0.01430	0.01768	0.01058	0.00683	0.00659	0.00212	0.00869	0.00597	0.00381	0.00862
10	0.01267	0.01193	0.02013	0.74806	0.04621	0.01491	0.01863	0.01714	0.01342	0.01714	0.01193	0.01789	0.00894	0.00671	0.00671	0.00224	0.00894	0.00596	0.00298	0.00745
11	0.21053	0.01280	0.01556	0.11137	0.07043	0.01394	0.03010	0.08873	0.11334	0.10307	0.02188	0.02702	0.06140	0.00915	0.00650	0.00224	0.00634	0.08156	0.00536	0.00869
12	0.01385	0.01760	0.19109	0.12884	0.05469	0.01427	0.05481	0.08630	0.01566	0.02195	0.07921	0.07980	0.01877	0.01234	0.05483	0.00287	0.10069	0.03997	0.00420	0.00826
13	0.02494	0.01754	0.01903	0.01476	0.01990	0.01922	0.01214	0.58626	0.06879	0.09555	0.01777	0.01745	0.01253	0.00813	0.00666	0.00202	0.00699	0.00619	0.03295	0.01120
14	0.01169	0.00779	0.01019	0.06786	0.01382	0.00734	0.00783	0.01447	0.01713	0.09897	0.34246	0.07521	0.20736	0.01407	0.00785	0.00227	0.00427	0.07593	0.00670	0.00677
15	0.01088	0.00826	0.01154	0.10943	0.07139	0.00863	0.00920	0.01266	0.01235	0.01635	0.02391	0.08706	0.02611	0.36607	0.02036	0.00447	0.00671	0.18442	0.00454	0.00567
16	0.04824	0.16289	0.42583	0.01588	0.02345	0.01617	0.04202	0.02027	0.01467	0.05219	0.07108	0.01910	0.04579	0.00738	0.00617	0.00200	0.00824	0.00583	0.00368	0.00912
17	0.04669	0.06807	0.13338	0.07128	0.01849	0.02788	0.05753	0.01468	0.01408	0.01937	0.07871	0.32081	0.07578	0.01349	0.00735	0.00233	0.00620	0.01192	0.00490	0.00704

[dist]
# distance from previous block
# <min> <max>
0	9

[block]
# block no. 10 follows, 32 sequences, length 16
# corresponding to MSA columns:
# 376-391
name=unknown_K
#
# <colnr> <probs for GDERKNQSTAVLIFYWHMCP>
#	G	D	E	R	K	N	Q	S	T	A	V	L	I	F	Y	W	H	M	C	P
0	0.08878	0.09656	0.07726	0.12447	0.04951	0.05818	0.03312	0.05152	0.10038	0.02197	0.01694	0.06193	0.03001	0.00851	0.00759	0.00211	0.07735	0.00656	0.07898	0.00824
1	0.51314	0.14404	0.04223	0.06670	0.01882	0.01722	0.07464	0.01981	0.01246	0.02556	0.01002	0.01219	0.00794	0.00613	0.00480	0.00200	0.00655	0.00425	0.00373	0.00777
2	0.01434	0.01034	0.01042	0.00981	0.01224	0.07633	0.00727	0.01728	0.06740	0.14315	0.05829	0.19054	0.26625	0.07357	0.00966	0.00261	0.00511	0.01205	0.00624	0.00709
3	0.14668	0.02587	0.46114	0.07738	0.02566	0.01440	0.01918	0.02017	0.01425	0.04334	0.07872	0.01758	0.01374	0.00713	0.00619	0.00212	0.00829	0.00555	0.00365	0.00897
4	0.09166	0.01353	0.02033	0.17330	0.16548	0.01422	0.07857	0.04373	0.09778	0.16912	0.03512	0.03777	0.01448	0.00760	0.00667	0.00215	0.00722	0.00677	0.00505	0.00946
5	0.08470	0.17141	0.26515	0.01868	0.08950	0.01696	0.09601	0.02277	0.01497	0.13876	0.01392	0.01535	0.01017	0.00644	0.00604	0.00198	0.00825	0.00531	0.00398	0.00965
6	0.60264	0.01214	0.01036	0.00906	0.01317	0.01313	0.00729	0.01829	0.01197	0.02752	0.01233	0.08043	0.01114	0.00738	0.00470	0.00195	0.00503	0.00511	0.00431	0.14205
7	0.02709	0.01625	0.01856	0.01423	0.01954	0.01703	0.01176	0.46961	0.02729	0.27866	0.01969	0.01843	0.01321	0.00814	0.00672	0.00204	0.00681	0.00628	0.00726	0.01141
8	0.01967	0.19072	0.02351	0.01613	0.01988	0.32870	0.07522	0.02324	0.07425	0.01775	0.01370	0.06955	0.01246	0.00823	0.00759	0.00195	0.07958	0.00601	0.00376	0.00811
9	0.00857	0.00624	0.00813	0.00954	0.01009	0.00598	0.00643	0.01057	0.04547	0.01764	0.03653	0.72544	0.04326	0.02046	0.00848	0.00270	0.00396	0.01854	0.00626	0.00569
10	0.05917	0.01450	0.01721	0.01325	0.01847	0.01455	0.01094	0.30522	0.02395	0.41922	0.02155	0.01961	0.01411	0.00812	0.00663	0.00205	0.00637	0.00634	0.00749	0.01125
11	0.81159	0.01298	0.00986	0.00882	0.01298	0.01505	0.00727	0.01972	0.01142	0.03010	0.00934	0.01090	0.00727	0.00623	0.00415	0.00208	0.00519	0.00363	0.00415	0.00727
12	0.00950	0.00686	0.00897	0.00844	0.01002	0.00633	0.00633	0.01266	0.01899	0.02691	0.71879	0.05012	0.06331	0.01372	0.00791	0.00211	0.00317	0.01213	0.00739	0.00633
13	0.02499	0.02130	0.01966	0.01573	0.02063	0.16819	0.01269	0.52898	0.06197	0.03627	0.01547	0.01572	0.01128	0.00787	0.00658	0.00197	0.00825	0.00576	0.00605	0.01062
14	0.02701	0.01051	0.01393	0.01094	0.01549	0.00923	0.00895	0.02969	0.01830	0.60336	0.02566	0.02322	0.01671	0.00822	0.00639	0.00199	0.00525	0.00666	0.14798	0.01051
15	0.01682	0.16675	0.09460	0.26002	0.19943	0.05225	0.01728	0.02075	0.01474	0.07799	0.01273	0.01592	0.00987	0.00645	0.00615	0.00197	0.00833	0.00538	0.00350	0.00905

[dist]
# distance from previous block
# <min> <max>
49	120

[block]
