[name]
unknown

[dist]
# distance from previous block
# <min> <max>
0	65

[block]
# block no. 0 follows, 36 sequences, length 29
# corresponding to MSA columns:
# 73-101
name=unknown_A
#
# <colnr> <probs for GDERKNQSTAVLIFYWHMCP>
#	G	D	E	R	K	N	Q	S	T	A	V	L	I	F	Y	W	H	M	C	P
0	0.08996	0.09998	0.17602	0.01616	0.06937	0.01403	0.11831	0.04259	0.06887	0.02166	0.09223	0.02346	0.01747	0.00779	0.00616	0.00196	0.00694	0.07688	0.00408	0.04608
1	0.01224	0.00931	0.01213	0.01209	0.04325	0.03008	0.05051	0.10505	0.03533	0.05098	0.05708	0.44500	0.03103	0.01455	0.00731	0.00228	0.00495	0.03632	0.03381	0.00669
2	0.01698	0.11220	0.03907	0.01562	0.09719	0.07276	0.03377	0.14580	0.19499	0.05396	0.02039	0.06769	0.05487	0.00842	0.00614	0.00191	0.00639	0.02189	0.00498	0.02497
3	0.01767	0.26037	0.25982	0.01405	0.02038	0.06294	0.03248	0.07078	0.04002	0.12565	0.01305	0.01379	0.00968	0.00618	0.00539	0.00172	0.00757	0.00462	0.00384	0.03002
4	0.01264	0.07976	0.01431	0.01131	0.03375	0.00987	0.06279	0.05579	0.03398	0.07969	0.17709	0.17109	0.11963	0.02860	0.00738	0.00210	0.00489	0.03907	0.00548	0.05078
5	0.01379	0.05607	0.35877	0.02176	0.02933	0.01555	0.37456	0.01980	0.01392	0.01963	0.01180	0.01487	0.00869	0.00556	0.00656	0.00201	0.00976	0.00594	0.00290	0.00875
6	0.01513	0.01460	0.02402	0.10730	0.53485	0.03584	0.06670	0.04313	0.01461	0.02021	0.01302	0.04254	0.01131	0.00643	0.00636	0.00193	0.00763	0.02191	0.00332	0.00916
7	0.04183	0.08189	0.17251	0.01767	0.08593	0.01469	0.13188	0.06430	0.13159	0.10394	0.01713	0.05660	0.01375	0.00750	0.00627	0.00200	0.00723	0.02986	0.00446	0.00898
8	0.00748	0.00618	0.00657	0.00675	0.00856	0.00527	0.00496	0.00906	0.01406	0.01716	0.09794	0.16646	0.59573	0.01616	0.00745	0.00216	0.00321	0.01372	0.00585	0.00527
9	0.00888	0.00602	0.00692	0.00704	0.00718	0.00600	0.00410	0.00910	0.00950	0.01263	0.02218	0.09962	0.04817	0.66943	0.05359	0.00576	0.00611	0.00981	0.00399	0.00399
10	0.01491	0.17036	0.36614	0.01639	0.07319	0.03434	0.01683	0.04581	0.11140	0.04480	0.01501	0.01599	0.03530	0.00659	0.00569	0.00185	0.00764	0.00513	0.00359	0.00902
11	0.01781	0.01212	0.01873	0.12336	0.30495	0.01227	0.01400	0.04981	0.01528	0.22373	0.01896	0.08106	0.03989	0.00801	0.00684	0.00200	0.03032	0.00702	0.00478	0.00905
12	0.00744	0.00620	0.00650	0.00667	0.00853	0.00526	0.00491	0.00901	0.01403	0.01700	0.08291	0.15207	0.62578	0.01616	0.00744	0.00215	0.00321	0.01367	0.00582	0.00526
13	0.04530	0.04980	0.10080	0.01335	0.01836	0.08849	0.01188	0.24150	0.07494	0.24508	0.01730	0.01681	0.01205	0.00825	0.02600	0.00209	0.00714	0.00551	0.00568	0.00969
14	0.01782	0.01853	0.06873	0.02555	0.31901	0.17590	0.09778	0.04498	0.01565	0.08614	0.01402	0.06198	0.01176	0.00686	0.00629	0.00188	0.00827	0.00618	0.00379	0.00887
15	0.11622	0.04743	0.04246	0.01499	0.01860	0.59789	0.01176	0.04871	0.01696	0.01773	0.00974	0.01127	0.00796	0.00634	0.00540	0.00166	0.01014	0.00400	0.00336	0.00738
16	0.01663	0.52948	0.15518	0.01410	0.06626	0.07116	0.01342	0.01963	0.01333	0.03710	0.00983	0.01131	0.00832	0.00559	0.00465	0.00151	0.00742	0.00383	0.00287	0.00835
17	0.01300	0.00936	0.01062	0.01051	0.04480	0.05272	0.00747	0.01682	0.09129	0.12287	0.26492	0.12917	0.15440	0.03424	0.00771	0.00216	0.00439	0.01047	0.00613	0.00696
18	0.05281	0.12505	0.04778	0.01211	0.01635	0.11062	0.01028	0.14756	0.11779	0.12452	0.06652	0.01822	0.01512	0.00866	0.03196	0.00204	0.00676	0.00558	0.03001	0.05028
19	0.31537	0.04466	0.32258	0.04446	0.01980	0.01394	0.01431	0.04730	0.01272	0.02295	0.01241	0.08088	0.01060	0.00715	0.00530	0.00199	0.00685	0.00537	0.00353	0.00784
20	0.00803	0.00565	0.00714	0.00808	0.00844	0.00536	0.00523	0.00891	0.01146	0.01529	0.06064	0.53354	0.05364	0.22162	0.01423	0.00343	0.00422	0.01503	0.00529	0.00476
21	0.01517	0.01454	0.02497	0.12495	0.59612	0.01487	0.05914	0.03866	0.01444	0.02033	0.01178	0.01563	0.00968	0.00567	0.00625	0.00189	0.00767	0.00566	0.00314	0.00945
22	0.01803	0.01722	0.01791	0.01487	0.01862	0.20586	0.11558	0.10518	0.19244	0.07302	0.07943	0.05823	0.03876	0.00840	0.00648	0.00195	0.00736	0.00714	0.00514	0.00839
23	0.00962	0.00720	0.00961	0.01089	0.05936	0.00714	0.00727	0.01112	0.01281	0.05330	0.05390	0.45281	0.18560	0.01631	0.00863	0.00236	0.06654	0.01417	0.00548	0.00587
24	0.00769	0.00556	0.00730	0.00866	0.00918	0.00517	0.00592	0.00889	0.01219	0.01609	0.03610	0.69856	0.08510	0.01918	0.00795	0.00252	0.00369	0.04938	0.00578	0.00510
25	0.12467	0.01323	0.04828	0.01171	0.01594	0.01286	0.00983	0.20868	0.09517	0.25684	0.03614	0.10459	0.01694	0.00885	0.00615	0.00200	0.00555	0.00714	0.00620	0.00923
26	0.04228	0.01473	0.09268	0.01669	0.02140	0.01285	0.24022	0.06886	0.03250	0.18490	0.02003	0.10499	0.04856	0.00861	0.00772	0.00212	0.05962	0.00790	0.00483	0.00848
27	0.01576	0.01683	0.01624	0.01559	0.07140	0.25716	0.04608	0.04949	0.01485	0.01785	0.07240	0.11111	0.01762	0.03198	0.07784	0.00281	0.11302	0.00719	0.00392	0.04086
28	0.01563	0.08486	0.07931	0.08344	0.45986	0.04576	0.01694	0.01924	0.01412	0.05315	0.01338	0.01618	0.03132	0.00602	0.00592	0.00180	0.00738	0.00541	0.00331	0.03697

[dist]
# distance from previous block
# <min> <max>
0	2

[block]
# block no. 1 follows, 36 sequences, length 31
# corresponding to MSA columns:
# 104-134
name=unknown_B
#
# <colnr> <probs for GDERKNQSTAVLIFYWHMCP>
#	G	D	E	R	K	N	Q	S	T	A	V	L	I	F	Y	W	H	M	C	P
0	0.11285	0.13194	0.02205	0.02270	0.30012	0.14513	0.01395	0.14035	0.01673	0.02275	0.01110	0.01319	0.00903	0.00603	0.00549	0.00174	0.00756	0.00471	0.00367	0.00889
1	0.00975	0.00703	0.00881	0.00826	0.01020	0.00644	0.00638	0.01295	0.03976	0.04565	0.50559	0.04704	0.14417	0.01280	0.00725	0.00200	0.00343	0.06782	0.00647	0.04821
2	0.01895	0.45856	0.06481	0.01308	0.01781	0.30156	0.01184	0.02107	0.01458	0.01515	0.00916	0.01063	0.00800	0.00578	0.00471	0.00147	0.00853	0.00366	0.00287	0.00777
3	0.00887	0.00610	0.00684	0.00684	0.00747	0.00588	0.00429	0.00967	0.01102	0.01486	0.08271	0.06189	0.15488	0.49372	0.03900	0.00469	0.00524	0.00991	0.06171	0.00442
4	0.00894	0.00664	0.00813	0.00789	0.00926	0.00634	0.00571	0.01197	0.05557	0.02130	0.44261	0.10612	0.13558	0.11778	0.02637	0.00275	0.00384	0.01141	0.00611	0.00567
5	0.01666	0.78478	0.03265	0.01066	0.01599	0.02465	0.01066	0.01866	0.01266	0.01466	0.00866	0.00999	0.00800	0.00533	0.00400	0.00133	0.00666	0.00333	0.00267	0.00800
6	0.01344	0.20237	0.58685	0.01615	0.02449	0.01677	0.02023	0.01949	0.01304	0.01858	0.01061	0.01244	0.00792	0.00579	0.00549	0.00183	0.00863	0.00432	0.00264	0.00893
7	0.02180	0.04815	0.01816	0.01564	0.01874	0.56945	0.01205	0.07936	0.04939	0.01759	0.01058	0.01227	0.00873	0.00701	0.00714	0.00175	0.08665	0.00440	0.00353	0.00759
8	0.68231	0.01327	0.05258	0.00920	0.01336	0.01388	0.00803	0.05763	0.01208	0.05228	0.01047	0.03344	0.00833	0.00635	0.00431	0.00194	0.00517	0.00409	0.00411	0.00719
9	0.00974	0.00696	0.00969	0.01107	0.01239	0.00691	0.00946	0.01241	0.01417	0.01852	0.05229	0.14713	0.03707	0.01734	0.00850	0.00281	0.00543	0.60669	0.00577	0.00567
10	0.01865	0.01495	0.01586	0.01332	0.01740	0.01697	0.01062	0.29797	0.46092	0.03114	0.02136	0.02006	0.01578	0.00808	0.00630	0.00202	0.00567	0.00649	0.00630	0.01014
11	0.01377	0.01038	0.01225	0.00911	0.01406	0.00802	0.00724	0.01640	0.01337	0.08476	0.01559	0.04849	0.03822	0.00605	0.00499	0.00115	0.00450	0.00496	0.04038	0.64631
12	0.00759	0.00542	0.00723	0.00868	0.00904	0.00506	0.00578	0.00868	0.01193	0.01591	0.03434	0.77697	0.04121	0.01952	0.00795	0.00253	0.00361	0.01771	0.00578	0.00506
13	0.01685	0.01591	0.03196	0.02310	0.02902	0.01511	0.56033	0.05825	0.05066	0.11129	0.01483	0.01757	0.01072	0.00583	0.00711	0.00207	0.00940	0.00711	0.00403	0.00886
14	0.01363	0.01363	0.01908	0.01636	0.01636	0.01908	0.01363	0.01499	0.00954	0.01499	0.00818	0.01363	0.00818	0.01091	0.02045	0.00273	0.76963	0.00545	0.00273	0.00682
15	0.02640	0.01064	0.01423	0.01101	0.01561	0.00942	0.00906	0.06266	0.01838	0.66116	0.07452	0.02269	0.01825	0.00806	0.00634	0.00193	0.00521	0.00659	0.00758	0.01027
16	0.01873	0.00910	0.01054	0.00879	0.01187	0.00890	0.00703	0.12455	0.01703	0.26142	0.02092	0.02134	0.01499	0.00744	0.00526	0.00167	0.00427	0.00593	0.43213	0.00808
17	0.00915	0.00650	0.00912	0.00912	0.01007	0.00733	0.00682	0.01104	0.01009	0.01475	0.01749	0.02719	0.01683	0.17026	0.57114	0.00864	0.01375	0.00702	0.06842	0.00527
18	0.01521	0.01459	0.02491	0.08033	0.70174	0.01475	0.01902	0.01894	0.01409	0.02010	0.01168	0.01549	0.00978	0.00559	0.00617	0.00186	0.00745	0.00555	0.00307	0.00970
19	0.82504	0.01205	0.00916	0.00819	0.01205	0.01398	0.00675	0.01832	0.01060	0.02795	0.00868	0.01012	0.00675	0.00578	0.00386	0.00193	0.00482	0.00337	0.00386	0.00675
20	0.02327	0.02970	0.01766	0.01605	0.01926	0.75602	0.01204	0.02488	0.01766	0.01525	0.00963	0.01124	0.00803	0.00642	0.00562	0.00161	0.01124	0.00401	0.00321	0.00722
21	0.01534	0.01380	0.02277	0.06599	0.58642	0.01402	0.01724	0.01972	0.05558	0.05133	0.02920	0.01730	0.01192	0.00800	0.04267	0.00228	0.00756	0.00585	0.00355	0.00947
22	0.01343	0.20157	0.58761	0.01616	0.02450	0.01676	0.02024	0.01949	0.01304	0.01859	0.01061	0.01244	0.00792	0.00579	0.00549	0.00183	0.00864	0.00432	0.00264	0.00894
23	0.01341	0.00771	0.00919	0.00844	0.01103	0.00686	0.00664	0.01573	0.03457	0.20622	0.06514	0.04844	0.37502	0.06758	0.00892	0.00243	0.00428	0.09546	0.00618	0.00674
24	0.01282	0.00773	0.00989	0.00874	0.01096	0.00727	0.00675	0.04977	0.03430	0.14119	0.55712	0.03990	0.04765	0.01146	0.00703	0.00194	0.00355	0.00997	0.02499	0.00695
25	0.01471	0.01681	0.03676	0.02626	0.03256	0.01576	0.71954	0.01996	0.01471	0.01996	0.01261	0.01681	0.00945	0.00525	0.00735	0.00210	0.01050	0.00735	0.00315	0.00840
26	0.00942	0.00727	0.00916	0.01023	0.01145	0.02984	0.00822	0.01158	0.01334	0.01721	0.03382	0.25479	0.10051	0.02033	0.08332	0.00338	0.00619	0.35896	0.00543	0.00554
27	0.00765	0.00545	0.00721	0.00860	0.00894	0.00510	0.00570	0.00869	0.01181	0.01574	0.03372	0.74582	0.04042	0.05174	0.00896	0.00268	0.00372	0.01735	0.00570	0.00501
28	0.00757	0.00552	0.00713	0.00842	0.00897	0.00508	0.00567	0.00870	0.01218	0.01601	0.03750	0.69834	0.11780	0.01911	0.00789	0.00248	0.00356	0.01721	0.00578	0.00508
29	0.01666	0.78478	0.03265	0.01066	0.01599	0.02465	0.01066	0.01866	0.01266	0.01466	0.00866	0.00999	0.00800	0.00533	0.00400	0.00133	0.00666	0.00333	0.00267	0.00800
30	0.01289	0.01313	0.02570	0.17621	0.02912	0.01351	0.36705	0.01712	0.01373	0.01840	0.01635	0.02777	0.01474	0.00961	0.03363	0.00256	0.04936	0.14817	0.00358	0.00737

[dist]
# distance from previous block
# <min> <max>
0	4

[block]
# block no. 2 follows, 36 sequences, length 80
# corresponding to MSA columns:
# 139-218
name=unknown_C
#
# <colnr> <probs for GDERKNQSTAVLIFYWHMCP>
#	G	D	E	R	K	N	Q	S	T	A	V	L	I	F	Y	W	H	M	C	P
0	0.82504	0.01205	0.00916	0.00819	0.01205	0.01398	0.00675	0.01832	0.01060	0.02795	0.00868	0.01012	0.00675	0.00578	0.00386	0.00193	0.00482	0.00337	0.00386	0.00675
1	0.02766	0.01067	0.01445	0.01112	0.01591	0.00931	0.00917	0.03043	0.03487	0.72926	0.02460	0.02126	0.01551	0.00773	0.00627	0.00193	0.00529	0.00628	0.00768	0.01059
2	0.01693	0.75353	0.03203	0.01088	0.01613	0.05493	0.01072	0.01891	0.01287	0.01468	0.00870	0.01005	0.00800	0.00538	0.00406	0.00134	0.00685	0.00336	0.00269	0.00796
3	0.00907	0.00688	0.00855	0.00778	0.00978	0.00606	0.00588	0.01180	0.01664	0.02333	0.56479	0.04472	0.14827	0.01227	0.00705	0.00187	0.00315	0.01070	0.00636	0.09505
4	0.02309	0.05174	0.01813	0.01584	0.01917	0.71356	0.01199	0.04433	0.01784	0.01591	0.00975	0.01130	0.00810	0.00642	0.00559	0.00160	0.01098	0.00404	0.00328	0.00734
5	0.04751	0.01163	0.01391	0.01216	0.03221	0.01216	0.02463	0.26386	0.04242	0.13686	0.02223	0.14207	0.04048	0.05648	0.05336	0.00276	0.00632	0.03763	0.03303	0.00827
6	0.29232	0.01428	0.01134	0.00996	0.01316	0.14658	0.00786	0.14100	0.01589	0.02619	0.01350	0.01516	0.01046	0.00664	0.00474	0.00171	0.00575	0.00462	0.25161	0.00722
7	0.01458	0.01886	0.16710	0.02872	0.33728	0.03956	0.22791	0.01924	0.01416	0.01976	0.01277	0.04762	0.01063	0.00616	0.00653	0.00197	0.00864	0.00637	0.00314	0.00901
8	0.01367	0.01375	0.01974	0.01672	0.01696	0.01896	0.03968	0.01518	0.00973	0.01518	0.00834	0.01375	0.00823	0.01070	0.01996	0.00270	0.74161	0.00552	0.00274	0.00687
9	0.15024	0.05507	0.52735	0.01671	0.02459	0.01489	0.08823	0.01947	0.01286	0.02096	0.01080	0.01288	0.00786	0.00581	0.00564	0.00195	0.00850	0.00462	0.00289	0.00867
10	0.01611	0.01275	0.01566	0.01353	0.01506	0.07213	0.01093	0.05207	0.01262	0.13960	0.01375	0.01854	0.01183	0.06346	0.15990	0.00408	0.35084	0.00594	0.00396	0.00725
11	0.13446	0.10667	0.01832	0.03851	0.03566	0.29355	0.02641	0.09783	0.01706	0.15642	0.01291	0.01360	0.00958	0.00651	0.00545	0.00174	0.00804	0.00460	0.00438	0.00831
12	0.00890	0.00668	0.01001	0.01001	0.01113	0.00779	0.00779	0.01113	0.01001	0.01446	0.01669	0.02448	0.01558	0.04673	0.75634	0.01001	0.01669	0.00668	0.00334	0.00556
13	0.01599	0.01363	0.01436	0.01278	0.01639	0.01573	0.00998	0.07430	0.68892	0.02685	0.02474	0.02275	0.01852	0.00839	0.00633	0.00210	0.00505	0.00696	0.00633	0.00991
14	0.02541	0.01068	0.01420	0.01077	0.01571	0.00901	0.00886	0.02788	0.01700	0.62371	0.02230	0.01981	0.01438	0.00719	0.00599	0.00176	0.00519	0.00583	0.00703	0.14730
15	0.00759	0.00542	0.00723	0.00868	0.00904	0.00506	0.00578	0.00868	0.01193	0.01591	0.03434	0.77697	0.04121	0.01952	0.00795	0.00253	0.00361	0.01771	0.00578	0.00506
16	0.01363	0.01363	0.01908	0.01636	0.01636	0.01908	0.01363	0.01499	0.00954	0.01499	0.00818	0.01363	0.00818	0.01091	0.02045	0.00273	0.76963	0.00545	0.00273	0.00682
17	0.00896	0.00600	0.00683	0.00693	0.00695	0.00597	0.00392	0.00903	0.00926	0.01235	0.02067	0.09272	0.02396	0.72730	0.03004	0.00579	0.00587	0.00967	0.00392	0.00387
18	0.20772	0.01077	0.01297	0.01025	0.01474	0.01014	0.00845	0.02711	0.01604	0.55959	0.02084	0.01877	0.01348	0.00726	0.00566	0.00191	0.00511	0.00560	0.03404	0.00957
19	0.12965	0.01065	0.01357	0.01060	0.01519	0.00967	0.00874	0.02819	0.01690	0.62994	0.04658	0.02064	0.01577	0.00763	0.00599	0.00193	0.00516	0.00606	0.00719	0.00995
20	0.00759	0.00542	0.00723	0.00868	0.00904	0.00506	0.00578	0.00868	0.01193	0.01591	0.03434	0.77697	0.04121	0.01952	0.00795	0.00253	0.00361	0.01771	0.00578	0.00506
21	0.02368	0.01745	0.01870	0.01434	0.01932	0.01932	0.01184	0.72139	0.02929	0.03927	0.01496	0.01496	0.01060	0.00748	0.00623	0.00187	0.00686	0.00561	0.00623	0.01060
22	0.82504	0.01205	0.00916	0.00819	0.01205	0.01398	0.00675	0.01832	0.01060	0.02795	0.00868	0.01012	0.00675	0.00578	0.00386	0.00193	0.00482	0.00337	0.00386	0.00675
23	0.02277	0.02685	0.01836	0.01741	0.07150	0.59611	0.01252	0.12502	0.01909	0.01909	0.01055	0.01208	0.00853	0.00651	0.00575	0.00166	0.01033	0.00435	0.00364	0.00790
24	0.02206	0.01167	0.01420	0.01148	0.01559	0.01161	0.00927	0.13862	0.16485	0.38615	0.12295	0.02416	0.02144	0.00853	0.00643	0.00196	0.00514	0.00702	0.00708	0.00979
25	0.01486	0.42406	0.29019	0.01460	0.04373	0.02019	0.01565	0.01876	0.01263	0.01671	0.00963	0.01161	0.00803	0.00601	0.00612	0.00170	0.07041	0.00404	0.00267	0.00840
26	0.00818	0.00594	0.00772	0.00813	0.00914	0.00547	0.00577	0.01020	0.01486	0.02042	0.38198	0.37824	0.08879	0.01598	0.00762	0.00223	0.00326	0.01429	0.00631	0.00547
27	0.01161	0.00581	0.00581	0.00581	0.00726	0.00581	0.00436	0.01452	0.01307	0.02323	0.02033	0.02323	0.01597	0.00726	0.00436	0.00145	0.00290	0.00581	0.81562	0.00581
28	0.01297	0.01253	0.01944	0.12313	0.11626	0.03623	0.11166	0.03623	0.01276	0.01763	0.03918	0.13595	0.01614	0.03195	0.03450	0.00263	0.22208	0.00795	0.00362	0.00715
29	0.01097	0.00769	0.01189	0.01270	0.06347	0.00723	0.06508	0.01289	0.01314	0.08859	0.02990	0.51372	0.03335	0.01599	0.00768	0.00242	0.00483	0.08660	0.00557	0.00628
30	0.00758	0.00545	0.00720	0.00860	0.00902	0.00507	0.00575	0.00868	0.01200	0.01593	0.03523	0.75475	0.06285	0.01940	0.00793	0.00252	0.00360	0.01757	0.00578	0.00507
31	0.00811	0.00579	0.00782	0.00927	0.00986	0.00551	0.00668	0.00957	0.01244	0.01648	0.03405	0.62749	0.04008	0.01903	0.00809	0.00260	0.00406	0.16208	0.00577	0.00520
32	0.01716	0.22751	0.03879	0.01147	0.01529	0.03165	0.00990	0.19427	0.01766	0.10574	0.04371	0.18359	0.01995	0.01017	0.00613	0.00192	0.00589	0.04593	0.00514	0.00813
33	0.02319	0.01153	0.01470	0.01189	0.01547	0.04163	0.00973	0.04686	0.01607	0.49307	0.02035	0.01983	0.01392	0.01158	0.07486	0.00273	0.12112	0.00605	0.03616	0.00927
34	0.79097	0.01280	0.00952	0.00853	0.01236	0.04551	0.00697	0.01859	0.01090	0.02741	0.00872	0.01017	0.00680	0.00581	0.00393	0.00191	0.00509	0.00340	0.00383	0.00677
35	0.02447	0.00988	0.01308	0.01028	0.01464	0.00850	0.00841	0.02674	0.01722	0.62312	0.03110	0.02776	0.13786	0.00908	0.00645	0.00196	0.00494	0.00743	0.00739	0.00970
36	0.01653	0.04549	0.02221	0.12437	0.42061	0.18355	0.01633	0.01957	0.01443	0.01802	0.01124	0.01524	0.00957	0.03211	0.00714	0.00197	0.02476	0.00523	0.00307	0.00855
37	0.01477	0.01130	0.01290	0.01049	0.01452	0.01061	0.00833	0.17663	0.06886	0.05075	0.03901	0.11591	0.07491	0.00920	0.00606	0.00167	0.00495	0.04148	0.00521	0.32245
38	0.03956	0.04315	0.04358	0.01637	0.04529	0.24619	0.07463	0.03930	0.21002	0.01975	0.01435	0.01596	0.01146	0.00858	0.02875	0.00221	0.12314	0.00550	0.00403	0.00819
39	0.04341	0.01191	0.03396	0.01141	0.01553	0.01128	0.00950	0.14351	0.10117	0.36450	0.08354	0.02525	0.04328	0.00920	0.00701	0.02869	0.00537	0.03547	0.00668	0.00934
40	0.01187	0.00996	0.01185	0.01088	0.01343	0.01063	0.03722	0.02135	0.34970	0.02293	0.18290	0.13660	0.11613	0.01181	0.00699	0.00215	0.00436	0.02543	0.00616	0.00766
41	0.02327	0.02970	0.01766	0.01605	0.01926	0.75602	0.01204	0.02488	0.01766	0.01525	0.00963	0.01124	0.00803	0.00642	0.00562	0.00161	0.01124	0.00401	0.00321	0.00722
42	0.02301	0.04957	0.01885	0.01396	0.01887	0.01896	0.01158	0.62430	0.07296	0.06124	0.01568	0.01549	0.01119	0.00746	0.00615	0.00186	0.00667	0.00563	0.00614	0.01044
43	0.00882	0.00637	0.00833	0.00784	0.00931	0.00588	0.00588	0.01176	0.01764	0.02499	0.73888	0.04654	0.05879	0.01274	0.00735	0.00196	0.00294	0.01127	0.00686	0.00588
44	0.61129	0.01468	0.01142	0.00991	0.01386	0.10183	0.00803	0.09838	0.01380	0.05424	0.01008	0.01120	0.00765	0.00612	0.00442	0.00188	0.00582	0.00381	0.00419	0.00738
45	0.01177	0.01107	0.01869	0.76606	0.04291	0.01384	0.01730	0.01592	0.01246	0.01592	0.01107	0.01661	0.00831	0.00623	0.00623	0.00208	0.00831	0.00554	0.00277	0.00692
46	0.01574	0.01350	0.01422	0.01273	0.01629	0.01561	0.00992	0.05339	0.71023	0.02645	0.02505	0.02300	0.01877	0.00842	0.00634	0.00211	0.00499	0.00700	0.00634	0.00988
47	0.02554	0.01083	0.01432	0.01088	0.01581	0.00926	0.00895	0.04414	0.01734	0.61847	0.02228	0.01979	0.01436	0.00723	0.00601	0.00177	0.00523	0.00585	0.00706	0.13486
48	0.04807	0.01365	0.01611	0.01236	0.01725	0.01370	0.01020	0.33127	0.02247	0.39369	0.01949	0.01790	0.01287	0.00745	0.00613	0.00187	0.00594	0.00581	0.00683	0.03692
49	0.01471	0.01681	0.03676	0.02626	0.03256	0.01576	0.71954	0.01996	0.01471	0.01996	0.01261	0.01681	0.00945	0.00525	0.00735	0.00210	0.01050	0.00735	0.00315	0.00840
50	0.00994	0.00710	0.00992	0.01136	0.01274	0.00708	0.00986	0.01273	0.01424	0.01853	0.03305	0.10031	0.03609	0.01731	0.00858	0.00285	0.00565	0.67123	0.00574	0.00571
51	0.13158	0.01079	0.01377	0.01071	0.01540	0.00978	0.00884	0.02880	0.01689	0.65307	0.02251	0.01977	0.01430	0.00746	0.00595	0.00193	0.00524	0.00589	0.00721	0.01010
52	0.07881	0.01070	0.01412	0.01090	0.01566	0.00947	0.00900	0.02960	0.01737	0.70064	0.02357	0.02050	0.01487	0.00759	0.00611	0.00193	0.00527	0.00608	0.00747	0.01036
53	0.00906	0.00604	0.00680	0.00680	0.00680	0.00604	0.00378	0.00906	0.00906	0.01208	0.01963	0.04077	0.02265	0.78103	0.03171	0.00604	0.00604	0.00906	0.00378	0.00378
54	0.00882	0.00637	0.00833	0.00784	0.00931	0.00588	0.00588	0.01176	0.01764	0.02499	0.73888	0.04654	0.05879	0.01274	0.00735	0.00196	0.00294	0.01127	0.00686	0.00588
55	0.72755	0.01187	0.00981	0.00855	0.01252	0.01339	0.00704	0.01979	0.01149	0.11584	0.01062	0.01148	0.00781	0.00602	0.00415	0.00193	0.00488	0.00373	0.00433	0.00722
56	0.02233	0.02812	0.01780	0.01608	0.01898	0.68363	0.01219	0.02391	0.01686	0.01522	0.00949	0.01147	0.00804	0.00686	0.00707	0.00172	0.08573	0.00415	0.00316	0.00718
57	0.01343	0.01334	0.01870	0.01609	0.01614	0.01860	0.01338	0.01483	0.00956	0.01497	0.00854	0.01409	0.00849	0.01243	0.05172	0.00304	0.73763	0.00550	0.00275	0.00676
58	0.02107	0.05804	0.04736	0.01760	0.08186	0.22998	0.08873	0.10050	0.01715	0.17992	0.01387	0.01505	0.01026	0.00699	0.00746	0.00189	0.08378	0.00531	0.00442	0.00877
59	0.01294	0.00688	0.00726	0.00689	0.00876	0.00698	0.00526	0.01727	0.08456	0.06942	0.04530	0.02389	0.01768	0.00759	0.00477	0.00156	0.00326	0.00614	0.65706	0.00651
60	0.00882	0.00637	0.00833	0.00784	0.00931	0.00588	0.00588	0.01176	0.01764	0.02499	0.73888	0.04654	0.05879	0.01274	0.00735	0.00196	0.00294	0.01127	0.00686	0.00588
61	0.05272	0.01435	0.13811	0.01199	0.01729	0.01050	0.01127	0.06266	0.01726	0.50600	0.05459	0.02143	0.03738	0.00780	0.00620	0.00194	0.00585	0.00628	0.00654	0.00985
62	0.01330	0.01079	0.01184	0.01075	0.01364	0.01182	0.00830	0.02511	0.45581	0.04444	0.21444	0.03285	0.10004	0.01027	0.00670	0.00207	0.00425	0.00872	0.00646	0.00840
63	0.00744	0.00634	0.00641	0.00645	0.00854	0.00531	0.00488	0.00905	0.01421	0.01688	0.06229	0.06025	0.72033	0.01582	0.00740	0.00212	0.00323	0.03200	0.00578	0.00527
64	0.02327	0.02970	0.01766	0.01605	0.01926	0.75602	0.01204	0.02488	0.01766	0.01525	0.00963	0.01124	0.00803	0.00642	0.00562	0.00161	0.01124	0.00401	0.00321	0.00722
65	0.02327	0.02970	0.01766	0.01605	0.01926	0.75602	0.01204	0.02488	0.01766	0.01525	0.00963	0.01124	0.00803	0.00642	0.00562	0.00161	0.01124	0.00401	0.00321	0.00722
66	0.00924	0.00672	0.00882	0.00867	0.00913	0.00749	0.00600	0.01025	0.00949	0.01324	0.01777	0.03246	0.01889	0.43129	0.33452	0.00752	0.05241	0.00786	0.00353	0.00469
67	0.00812	0.00630	0.00739	0.00719	0.00890	0.00557	0.00537	0.01038	0.01587	0.02099	0.40943	0.08274	0.36061	0.01437	0.00738	0.00205	0.00306	0.01237	0.00634	0.00557
68	0.01382	0.01159	0.01335	0.00988	0.01515	0.00952	0.00794	0.07176	0.05284	0.02205	0.01277	0.01527	0.01062	0.00540	0.00495	0.00112	0.00484	0.02391	0.00409	0.68913
69	0.01423	0.01309	0.02229	0.14613	0.48149	0.01335	0.05449	0.01780	0.01404	0.04082	0.03960	0.06310	0.03780	0.00711	0.00643	0.00195	0.00713	0.00683	0.00355	0.00878
70	0.02268	0.01402	0.01724	0.01586	0.11225	0.01445	0.01140	0.35786	0.02251	0.24919	0.03633	0.03422	0.01405	0.00768	0.00622	0.00188	0.00613	0.00621	0.03977	0.01007
71	0.01587	0.41454	0.22046	0.01287	0.01883	0.01948	0.01371	0.07732	0.05168	0.03934	0.01261	0.05503	0.01082	0.00669	0.00510	0.00167	0.00706	0.00494	0.00346	0.00854
72	0.00782	0.00618	0.00704	0.00715	0.00877	0.00540	0.00524	0.00970	0.01479	0.01899	0.25052	0.17737	0.42784	0.01555	0.00746	0.00213	0.00317	0.01339	0.00609	0.00540
73	0.01559	0.41852	0.32454	0.01377	0.02065	0.01984	0.01574	0.05569	0.01385	0.03563	0.01040	0.01181	0.00827	0.00574	0.00495	0.00164	0.00768	0.00404	0.00296	0.00869
74	0.00932	0.00710	0.01040	0.01022	0.01124	0.00844	0.00797	0.01146	0.01007	0.01477	0.01631	0.02406	0.01525	0.05907	0.66338	0.00912	0.06664	0.00661	0.03295	0.00562
75	0.00891	0.00662	0.00974	0.00974	0.01076	0.00764	0.00745	0.01095	0.00993	0.01426	0.01694	0.02586	0.01618	0.10895	0.69494	0.00968	0.01579	0.00688	0.00337	0.00541
76	0.01489	0.01229	0.01302	0.01145	0.01483	0.01361	0.00897	0.13936	0.43879	0.02638	0.07082	0.03027	0.15860	0.00994	0.00658	0.00206	0.00479	0.00822	0.00624	0.00887
77	0.01251	0.01187	0.02010	0.07109	0.27705	0.01172	0.13932	0.01670	0.05084	0.02045	0.14769	0.04662	0.12937	0.00882	0.00682	0.00200	0.00638	0.00838	0.00437	0.00791
78	0.01436	0.01031	0.01222	0.00956	0.01383	0.00877	0.00755	0.06962	0.03952	0.10680	0.11658	0.06923	0.06079	0.00799	0.00572	0.00146	0.00450	0.00669	0.00512	0.42939
79	0.01394	0.01509	0.02999	0.10470	0.02954	0.01555	0.47290	0.01824	0.01360	0.01883	0.03536	0.01708	0.01071	0.00656	0.00940	0.00216	0.14114	0.00683	0.00318	0.03520

[dist]
# distance from previous block
# <min> <max>
0	2

[block]
# block no. 3 follows, 36 sequences, length 33
# corresponding to MSA columns:
# 221-253
name=unknown_D
#
# <colnr> <probs for GDERKNQSTAVLIFYWHMCP>
#	G	D	E	R	K	N	Q	S	T	A	V	L	I	F	Y	W	H	M	C	P
0	0.01491	0.01993	0.17885	0.02237	0.02857	0.05660	0.45746	0.01996	0.01436	0.04545	0.01317	0.04285	0.01035	0.00628	0.00748	0.00208	0.04079	0.00686	0.00329	0.00840
1	0.01585	0.01412	0.01908	0.02065	0.21090	0.01533	0.06868	0.08045	0.40400	0.02481	0.02019	0.02169	0.01578	0.00766	0.00645	0.00205	0.00621	0.03125	0.00519	0.00966
2	0.05940	0.05570	0.56593	0.01779	0.05158	0.01527	0.04960	0.07661	0.01441	0.02163	0.01134	0.01325	0.00819	0.00598	0.00583	0.00194	0.00867	0.00472	0.00303	0.00913
3	0.01422	0.01129	0.01323	0.00953	0.01501	0.00877	0.00766	0.04336	0.01383	0.06405	0.01202	0.01349	0.00965	0.00491	0.00477	0.00102	0.00474	0.00392	0.00403	0.74051
4	0.01175	0.00947	0.01393	0.04484	0.13455	0.01054	0.01088	0.03107	0.01243	0.03751	0.02018	0.12183	0.02082	0.08345	0.15924	0.00423	0.11832	0.14417	0.00418	0.00660
5	0.00756	0.00553	0.00712	0.00838	0.00896	0.00509	0.00565	0.00871	0.01221	0.01602	0.03792	0.68790	0.12796	0.01906	0.00788	0.00248	0.00356	0.01715	0.00578	0.00509
6	0.01382	0.01295	0.04646	0.01196	0.01733	0.01046	0.08172	0.07507	0.01435	0.02152	0.01230	0.04056	0.01041	0.00569	0.00568	0.00128	0.02853	0.00482	0.00385	0.58126
7	0.01321	0.01121	0.01317	0.00992	0.01459	0.00963	0.00795	0.05807	0.03358	0.02138	0.05852	0.01735	0.04214	0.00628	0.00613	0.00125	0.05723	0.00487	0.00413	0.60938
8	0.04530	0.01151	0.03303	0.01088	0.01261	0.05062	0.00853	0.05801	0.09429	0.01899	0.09891	0.03103	0.11802	0.20075	0.01572	0.00314	0.16971	0.00802	0.00453	0.00641
9	0.00924	0.00621	0.00827	0.00906	0.00988	0.00598	0.00641	0.01066	0.01286	0.06119	0.09271	0.58843	0.06443	0.01770	0.00825	0.00245	0.03130	0.04352	0.00588	0.00556
10	0.01790	0.00881	0.01143	0.01007	0.01291	0.00819	0.00784	0.07865	0.01669	0.32632	0.11150	0.25233	0.02873	0.01220	0.00692	0.00213	0.00458	0.03833	0.03646	0.00801
11	0.01713	0.34668	0.16128	0.01502	0.07909	0.01901	0.01368	0.09369	0.05535	0.08060	0.02463	0.01401	0.01051	0.00641	0.00582	0.00171	0.03804	0.00467	0.00377	0.00889
12	0.07694	0.03903	0.01521	0.01144	0.01600	0.01360	0.00932	0.27535	0.05925	0.08794	0.01544	0.04627	0.01224	0.00934	0.05005	0.00211	0.00627	0.00550	0.00514	0.24354
13	0.00873	0.00599	0.00723	0.00748	0.00775	0.00595	0.00463	0.00934	0.01038	0.01404	0.07934	0.18815	0.02875	0.51589	0.07549	0.00529	0.00605	0.01081	0.00439	0.00432
14	0.01363	0.01363	0.01908	0.01636	0.01636	0.01908	0.01363	0.01499	0.00954	0.01499	0.00818	0.01363	0.00818	0.01091	0.02045	0.00273	0.76963	0.00545	0.00273	0.00682
15	0.01587	0.01453	0.02399	0.03361	0.59814	0.01464	0.04597	0.05151	0.05553	0.04102	0.01370	0.03892	0.01149	0.00627	0.00629	0.00190	0.00719	0.00610	0.00362	0.00972
16	0.00877	0.00592	0.00688	0.00716	0.00723	0.00585	0.00417	0.00899	0.00962	0.01283	0.02252	0.18511	0.02629	0.63173	0.02705	0.00535	0.00556	0.01076	0.00417	0.00403
17	0.00795	0.00633	0.00712	0.00692	0.00877	0.00551	0.00519	0.01007	0.01558	0.02010	0.33441	0.05457	0.46631	0.01456	0.00736	0.00205	0.00307	0.01239	0.00622	0.00551
18	0.01074	0.00813	0.01019	0.01080	0.01265	0.00832	0.00899	0.04081	0.11259	0.02015	0.05446	0.11502	0.11941	0.01554	0.00797	0.00258	0.00511	0.42429	0.00588	0.00637
19	0.07742	0.01892	0.16432	0.02202	0.02809	0.01562	0.45507	0.01989	0.03998	0.02038	0.01217	0.01560	0.00921	0.00597	0.00778	0.00211	0.06751	0.00638	0.00319	0.00836
20	0.02387	0.00694	0.00833	0.00774	0.00968	0.00634	0.00586	0.01218	0.04043	0.02303	0.51449	0.04628	0.20382	0.01271	0.00711	0.00194	0.00318	0.01100	0.00638	0.04868
21	0.02327	0.02970	0.01766	0.01605	0.01926	0.75602	0.01204	0.02488	0.01766	0.01525	0.00963	0.01124	0.00803	0.00642	0.00562	0.00161	0.01124	0.00401	0.00321	0.00722
22	0.00798	0.00612	0.00733	0.00763	0.00904	0.00547	0.00558	0.00990	0.01467	0.01920	0.26511	0.24984	0.31126	0.01590	0.00757	0.00220	0.00331	0.04036	0.00612	0.00542
23	0.01493	0.01530	0.01893	0.01625	0.01675	0.08885	0.01341	0.04324	0.01107	0.01596	0.00858	0.01346	0.00826	0.01035	0.01849	0.00259	0.66835	0.00532	0.00291	0.00700
24	0.01292	0.01107	0.01292	0.00923	0.01477	0.00831	0.00738	0.01569	0.01292	0.02030	0.01107	0.01292	0.00923	0.00461	0.00461	0.00092	0.00461	0.00369	0.00369	0.81912
25	0.00947	0.00654	0.00840	0.00784	0.00950	0.00596	0.00591	0.01227	0.01735	0.05350	0.65170	0.04667	0.11572	0.01280	0.00731	0.00197	0.00305	0.01123	0.00680	0.00602
26	0.01217	0.01148	0.01941	0.68604	0.11979	0.01395	0.01750	0.01627	0.01265	0.01641	0.01115	0.01648	0.00848	0.00615	0.00622	0.00205	0.00821	0.00554	0.00280	0.00725
27	0.00800	0.00620	0.00729	0.00731	0.00888	0.00549	0.00537	0.01007	0.01527	0.02007	0.33869	0.16644	0.34832	0.01510	0.00745	0.00211	0.00314	0.01308	0.00623	0.00549
28	0.02076	0.00972	0.01247	0.01029	0.01394	0.00901	0.00822	0.04510	0.08748	0.43666	0.14167	0.07814	0.06004	0.00977	0.00657	0.00199	0.00466	0.00823	0.02628	0.00902
29	0.00800	0.00577	0.00766	0.00902	0.00966	0.00543	0.00645	0.00941	0.01247	0.01642	0.03572	0.61647	0.07932	0.01892	0.00803	0.00256	0.00395	0.13378	0.00578	0.00519
30	0.02159	0.02647	0.01684	0.01533	0.01850	0.62189	0.01156	0.02545	0.11653	0.01672	0.01211	0.01346	0.00987	0.00838	0.03697	0.00203	0.01059	0.00455	0.00365	0.00752
31	0.00913	0.00598	0.00758	0.00821	0.00924	0.00548	0.00574	0.01067	0.01330	0.05894	0.12808	0.49344	0.12802	0.03045	0.00793	0.00237	0.00357	0.01483	0.05149	0.00553
32	0.01443	0.01619	0.03288	0.02402	0.02935	0.03663	0.59388	0.01902	0.01411	0.01909	0.01296	0.03851	0.01047	0.00783	0.03888	0.00247	0.07068	0.00738	0.00320	0.00803

[dist]
# distance from previous block
# <min> <max>
3	6

[block]
# block no. 4 follows, 36 sequences, length 19
# corresponding to MSA columns:
# 260-278
name=unknown_E
#
# <colnr> <probs for GDERKNQSTAVLIFYWHMCP>
#	G	D	E	R	K	N	Q	S	T	A	V	L	I	F	Y	W	H	M	C	P
0	0.01482	0.28140	0.31917	0.06464	0.10441	0.01819	0.04120	0.05456	0.01393	0.01885	0.01063	0.01278	0.00837	0.00576	0.00538	0.00175	0.00802	0.00448	0.00290	0.00877
1	0.01721	0.08417	0.04679	0.01425	0.01683	0.32372	0.01169	0.03983	0.01473	0.01660	0.04868	0.01843	0.07694	0.00992	0.03299	0.00222	0.20877	0.00566	0.00351	0.00707
2	0.01328	0.00764	0.00993	0.00978	0.01164	0.00730	0.00736	0.06465	0.01462	0.17061	0.03129	0.41785	0.06968	0.01745	0.05333	0.00282	0.00516	0.07285	0.00607	0.00672
3	0.04434	0.16271	0.08232	0.01576	0.12192	0.07953	0.01210	0.05872	0.04064	0.09669	0.01259	0.01388	0.00984	0.00597	0.00561	0.00156	0.02565	0.00453	0.00392	0.20172
4	0.08519	0.01777	0.07053	0.06982	0.30733	0.13004	0.03754	0.08974	0.05965	0.02202	0.01314	0.01703	0.01080	0.00662	0.00603	0.00191	0.00778	0.03449	0.00374	0.00882
5	0.01146	0.00684	0.00862	0.00825	0.01017	0.00609	0.00615	0.01351	0.01537	0.14554	0.27092	0.23400	0.21037	0.01435	0.00732	0.00214	0.00357	0.01252	0.00647	0.00634
6	0.01480	0.01397	0.02437	0.23750	0.27203	0.01469	0.17824	0.08504	0.01519	0.02097	0.01252	0.01646	0.00973	0.00595	0.00637	0.00195	0.00807	0.00598	0.04762	0.00855
7	0.01668	0.01520	0.02188	0.05365	0.50962	0.08134	0.01620	0.06220	0.01507	0.05687	0.01269	0.01667	0.01062	0.04292	0.00805	0.03464	0.00750	0.00561	0.00353	0.00905
8	0.01149	0.00764	0.00951	0.00862	0.01066	0.00737	0.00660	0.03721	0.07832	0.08512	0.55598	0.04104	0.06575	0.01169	0.00704	0.00195	0.00343	0.01018	0.03366	0.00674
9	0.00759	0.00542	0.00723	0.00868	0.00904	0.00506	0.00578	0.00868	0.01193	0.01591	0.03434	0.77697	0.04121	0.01952	0.00795	0.00253	0.00361	0.01771	0.00578	0.00506
10	0.01350	0.09448	0.58222	0.01594	0.02392	0.01434	0.01972	0.01964	0.01376	0.06363	0.07044	0.01606	0.01246	0.00653	0.00589	0.00191	0.00824	0.00513	0.00328	0.00892
11	0.01183	0.00995	0.07152	0.01086	0.01307	0.00852	0.00901	0.09046	0.04406	0.06711	0.02850	0.41342	0.03081	0.01639	0.03235	0.00266	0.00537	0.12180	0.00563	0.00669
12	0.00956	0.00683	0.00949	0.01093	0.01215	0.00676	0.00921	0.01208	0.01387	0.01811	0.03325	0.20798	0.03690	0.01766	0.00848	0.00280	0.00532	0.56724	0.00575	0.00561
13	0.01498	0.01093	0.01350	0.18044	0.01991	0.01235	0.01044	0.20738	0.06121	0.02524	0.01775	0.02324	0.01444	0.00942	0.03172	0.00218	0.02340	0.06362	0.25022	0.00761
14	0.01346	0.09112	0.37148	0.02030	0.11865	0.01575	0.10782	0.01854	0.01284	0.01853	0.01116	0.01433	0.00883	0.00863	0.05006	0.00246	0.09944	0.00518	0.00281	0.00860
15	0.01397	0.01332	0.02266	0.32786	0.46391	0.01442	0.01840	0.01785	0.01350	0.01859	0.01146	0.01589	0.00925	0.00582	0.00619	0.00194	0.00776	0.00555	0.00296	0.00870
16	0.01224	0.02967	0.66679	0.01736	0.02582	0.01383	0.04702	0.01899	0.01328	0.01971	0.03324	0.05010	0.01098	0.00673	0.00611	0.00200	0.00881	0.00551	0.00292	0.00889
17	0.01102	0.00736	0.01028	0.01145	0.01307	0.00728	0.00999	0.01386	0.01453	0.05846	0.03253	0.06760	0.03474	0.01669	0.00848	0.00282	0.00571	0.66227	0.00585	0.00600
18	0.01561	0.01501	0.02216	0.07522	0.30308	0.04503	0.10269	0.04703	0.22251	0.02181	0.01558	0.01766	0.01223	0.00679	0.00713	0.00201	0.04896	0.00614	0.00411	0.00924

[dist]
# distance from previous block
# <min> <max>
1	2

[block]
# block no. 5 follows, 36 sequences, length 27
# corresponding to MSA columns:
# 281-307
name=unknown_F
#
# <colnr> <probs for GDERKNQSTAVLIFYWHMCP>
#	G	D	E	R	K	N	Q	S	T	A	V	L	I	F	Y	W	H	M	C	P
0	0.04508	0.01326	0.01681	0.06196	0.01889	0.03050	0.06065	0.21305	0.04076	0.23631	0.03475	0.02060	0.05855	0.00809	0.00737	0.00197	0.06695	0.00640	0.02970	0.02836
1	0.06396	0.19743	0.54435	0.01559	0.02361	0.01669	0.01927	0.01941	0.01289	0.01912	0.01047	0.01227	0.00784	0.00578	0.00537	0.00183	0.00837	0.00425	0.00271	0.00879
2	0.01551	0.01294	0.01330	0.01172	0.01487	0.05923	0.00912	0.13385	0.35846	0.04033	0.18929	0.05121	0.04383	0.00968	0.00659	0.00202	0.00509	0.00808	0.00624	0.00864
3	0.02327	0.02970	0.01766	0.01605	0.01926	0.75602	0.01204	0.02488	0.01766	0.01525	0.00963	0.01124	0.00803	0.00642	0.00562	0.00161	0.01124	0.00401	0.00321	0.00722
4	0.01250	0.03223	0.74875	0.01776	0.02697	0.01447	0.02302	0.01973	0.01315	0.01973	0.01118	0.01315	0.00789	0.00592	0.00592	0.00197	0.00921	0.00460	0.00263	0.00921
5	0.00840	0.00617	0.00787	0.00783	0.00915	0.00564	0.00573	0.01081	0.01609	0.02221	0.51873	0.19573	0.13355	0.01446	0.00747	0.00209	0.00310	0.01279	0.00652	0.00564
6	0.01056	0.00726	0.00979	0.01084	0.01229	0.00724	0.00895	0.01385	0.05628	0.05085	0.03249	0.23800	0.03526	0.01683	0.00821	0.00270	0.00515	0.46153	0.00587	0.00603
7	0.02655	0.01208	0.01528	0.01180	0.01660	0.01145	0.00972	0.16734	0.05188	0.57432	0.02271	0.02006	0.01463	0.00770	0.00626	0.00192	0.00559	0.00617	0.00736	0.01057
8	0.00912	0.00611	0.00701	0.00710	0.00719	0.00611	0.00418	0.00931	0.00940	0.01251	0.02050	0.04269	0.02351	0.73147	0.03021	0.00583	0.00602	0.05391	0.00390	0.00390
9	0.01542	0.01480	0.02529	0.03824	0.74217	0.01480	0.01912	0.01912	0.01419	0.02036	0.01172	0.01542	0.00987	0.00555	0.00617	0.00185	0.00740	0.00555	0.00308	0.00987
10	0.00876	0.00624	0.00816	0.00833	0.00891	0.00662	0.00570	0.00986	0.00997	0.01368	0.02161	0.12400	0.04515	0.36120	0.32677	0.00713	0.01004	0.00926	0.00390	0.00472
11	0.01334	0.01320	0.01852	0.01596	0.01603	0.01838	0.01327	0.01475	0.00957	0.01496	0.00871	0.01431	0.00864	0.01313	0.06622	0.00318	0.72280	0.00553	0.00276	0.00674
12	0.00898	0.00662	0.00993	0.00993	0.01100	0.00768	0.00768	0.01100	0.00993	0.01431	0.01643	0.02424	0.01537	0.04564	0.72451	0.04519	0.01620	0.00662	0.00331	0.00544
13	0.00809	0.00612	0.00893	0.00959	0.01028	0.00574	0.04738	0.00936	0.01192	0.01592	0.03220	0.68900	0.03826	0.06371	0.00932	0.00271	0.00416	0.01660	0.00551	0.00518
14	0.22598	0.01464	0.01558	0.03455	0.01753	0.01608	0.01031	0.38733	0.02161	0.15479	0.01471	0.01481	0.01031	0.00714	0.00602	0.00192	0.02641	0.00515	0.00569	0.00942
15	0.01028	0.00642	0.00812	0.00796	0.00851	0.00694	0.00555	0.01092	0.01004	0.01514	0.01682	0.02757	0.01652	0.26254	0.15210	0.16971	0.05220	0.00689	0.20121	0.00455
16	0.00800	0.00638	0.00714	0.00709	0.00891	0.00558	0.00537	0.01000	0.01503	0.01911	0.25106	0.05625	0.47945	0.03835	0.00818	0.00223	0.00335	0.05707	0.00602	0.00542
17	0.00908	0.00650	0.00821	0.00820	0.00970	0.00601	0.00616	0.01176	0.03072	0.03991	0.41884	0.18208	0.15935	0.01457	0.00751	0.00216	0.00341	0.06361	0.00642	0.00583
18	0.23526	0.06369	0.01556	0.05796	0.04860	0.07113	0.01003	0.10539	0.03321	0.26041	0.03131	0.01611	0.01186	0.00686	0.00545	0.00187	0.00612	0.00511	0.00529	0.00877
19	0.01384	0.02984	0.64927	0.01712	0.02570	0.01465	0.02134	0.06612	0.04182	0.04499	0.01241	0.01392	0.00874	0.00618	0.00597	0.00197	0.00876	0.00482	0.00317	0.00937
20	0.00795	0.00609	0.00729	0.00750	0.00891	0.00543	0.00543	0.00989	0.01484	0.01955	0.30101	0.24658	0.30568	0.01567	0.00752	0.00217	0.00320	0.01368	0.00618	0.00543
21	0.01330	0.01095	0.06350	0.01071	0.01365	0.02537	0.02744	0.09115	0.01587	0.10134	0.05607	0.09651	0.22796	0.02863	0.00811	0.00227	0.03489	0.12364	0.04165	0.00697
22	0.01484	0.01486	0.02272	0.19582	0.38686	0.07469	0.07865	0.01936	0.05861	0.01907	0.01331	0.04904	0.01126	0.00654	0.00633	0.00195	0.00787	0.00620	0.00335	0.00865
23	0.01186	0.00909	0.00816	0.00778	0.00959	0.08355	0.00583	0.04058	0.01413	0.02013	0.03134	0.05266	0.22473	0.05208	0.00750	0.00199	0.02768	0.00821	0.37723	0.00588
24	0.01347	0.01764	0.17239	0.26536	0.19009	0.01467	0.19930	0.01843	0.01356	0.01870	0.01163	0.01570	0.00886	0.00577	0.00644	0.00201	0.00886	0.00582	0.00291	0.00841
25	0.01513	0.19478	0.13952	0.03713	0.21401	0.07978	0.07141	0.03632	0.01423	0.01848	0.01478	0.04527	0.05325	0.00678	0.00577	0.00177	0.00762	0.00576	0.00329	0.03493
26	0.01374	0.01375	0.02180	0.24860	0.21354	0.06188	0.12693	0.01720	0.01308	0.01743	0.01205	0.01759	0.01019	0.05445	0.05459	0.00272	0.05757	0.00594	0.00306	0.03390

[dist]
# distance from previous block
# <min> <max>
1	26

[block]
# block no. 6 follows, 36 sequences, length 17
# corresponding to MSA columns:
# 334-350
name=unknown_G
#
# <colnr> <probs for GDERKNQSTAVLIFYWHMCP>
#	G	D	E	R	K	N	Q	S	T	A	V	L	I	F	Y	W	H	M	C	P
0	0.03282	0.01567	0.02245	0.04179	0.28765	0.05183	0.11436	0.21228	0.03475	0.05468	0.02814	0.01657	0.01148	0.00647	0.00624	0.00188	0.00744	0.00589	0.03825	0.00939
1	0.01556	0.01661	0.09058	0.07903	0.37626	0.04436	0.04586	0.06787	0.10575	0.02175	0.01348	0.01597	0.01064	0.00609	0.00609	0.00185	0.00738	0.00554	0.00369	0.06564
2	0.01698	0.06768	0.01815	0.01733	0.14359	0.05746	0.01198	0.19970	0.09666	0.03988	0.01657	0.05764	0.01474	0.04012	0.00954	0.03233	0.08985	0.05676	0.00464	0.00842
3	0.06130	0.56174	0.02728	0.01114	0.01603	0.07534	0.01037	0.02127	0.08107	0.06728	0.01141	0.01212	0.00949	0.00589	0.00449	0.00150	0.00664	0.00394	0.00347	0.00823
4	0.01135	0.00932	0.01152	0.01122	0.06505	0.00873	0.00770	0.01569	0.11570	0.01939	0.09388	0.09851	0.06576	0.11147	0.07781	0.00298	0.00579	0.00795	0.00465	0.25552
5	0.00970	0.00741	0.00870	0.00827	0.01016	0.00707	0.00626	0.06328	0.04958	0.02268	0.37263	0.11800	0.24756	0.01380	0.00732	0.00208	0.00351	0.02947	0.00635	0.00614
6	0.01281	0.03004	0.64754	0.01897	0.02776	0.01465	0.12203	0.01976	0.01337	0.01976	0.01138	0.01367	0.00811	0.00582	0.00612	0.00199	0.00939	0.00499	0.00270	0.00909
7	0.03090	0.00846	0.01002	0.00979	0.01182	0.00853	0.00745	0.08155	0.10365	0.07409	0.10333	0.30289	0.12121	0.01446	0.00731	0.00228	0.00433	0.08504	0.00609	0.00679
8	0.00908	0.00593	0.00677	0.00698	0.00717	0.00587	0.00413	0.00952	0.00986	0.01370	0.02188	0.14838	0.02478	0.59496	0.02560	0.00509	0.00538	0.01004	0.08071	0.00416
9	0.01248	0.00825	0.00946	0.00865	0.01109	0.00795	0.00663	0.05826	0.10100	0.11187	0.18511	0.11045	0.26338	0.01254	0.00688	0.00203	0.00384	0.01065	0.06254	0.00694
10	0.01459	0.01395	0.02379	0.20409	0.58283	0.01458	0.01871	0.01839	0.01379	0.01934	0.01157	0.01569	0.00951	0.00571	0.00618	0.00190	0.00761	0.00555	0.00301	0.00920
11	0.01382	0.01307	0.02213	0.41138	0.32604	0.01452	0.04718	0.04341	0.01388	0.01875	0.01154	0.01607	0.00907	0.00596	0.00625	0.00198	0.00798	0.00562	0.00304	0.00832
12	0.00849	0.00605	0.00739	0.00786	0.00891	0.00563	0.00563	0.01022	0.01353	0.01833	0.19173	0.27839	0.16972	0.11220	0.01051	0.00272	0.00382	0.07218	0.06145	0.00523
13	0.00781	0.00558	0.00745	0.00871	0.00922	0.00523	0.00597	0.00914	0.01257	0.01688	0.10079	0.67844	0.04264	0.01878	0.00792	0.00249	0.00364	0.04567	0.00588	0.00517
14	0.01482	0.01441	0.02525	0.14512	0.58073	0.01474	0.07591	0.01872	0.01397	0.01967	0.01170	0.01571	0.00960	0.00563	0.00627	0.00190	0.00779	0.00570	0.00304	0.00931
