[name]
unknown

[dist]
# distance from previous block
# <min> <max>
0	65

[block]
# block no. 0 follows, 31 sequences, length 92
# corresponding to MSA columns:
# 65-156
name=unknown_A
#
# <colnr> <probs for GDERKNQSTAVLIFYWHMCP>
#	G	D	E	R	K	N	Q	S	T	A	V	L	I	F	Y	W	H	M	C	P
0	0.02158	0.01184	0.01516	0.01380	0.03858	0.01170	0.01103	0.14523	0.05478	0.29316	0.02805	0.08164	0.02431	0.01225	0.00774	0.00246	0.00621	0.20366	0.00717	0.00963
1	0.02288	0.28413	0.04794	0.01443	0.02018	0.02313	0.01293	0.43382	0.02513	0.03285	0.01384	0.01443	0.01053	0.00732	0.00596	0.00185	0.00753	0.00524	0.00533	0.01057
2	0.00909	0.00664	0.00855	0.00876	0.01003	0.00610	0.00631	0.01151	0.01695	0.02332	0.43136	0.28554	0.11689	0.01675	0.00829	0.00237	0.00349	0.01490	0.00703	0.00610
3	0.00834	0.00595	0.00794	0.00953	0.00992	0.00556	0.00635	0.00953	0.01310	0.01746	0.03771	0.75510	0.04525	0.02143	0.00873	0.00278	0.00397	0.01945	0.00635	0.00556
4	0.02421	0.01816	0.01993	0.01658	0.05532	0.02007	0.01293	0.57134	0.10036	0.04003	0.01761	0.01767	0.01273	0.00821	0.00679	0.00207	0.00721	0.00633	0.03110	0.01135
5	0.01313	0.01237	0.02089	0.70705	0.08158	0.01525	0.01910	0.01766	0.01378	0.01773	0.01220	0.01817	0.00921	0.00680	0.00684	0.00227	0.00907	0.00608	0.00306	0.00777
6	0.01419	0.01216	0.01419	0.01013	0.01621	0.00912	0.00811	0.01723	0.01419	0.02229	0.01216	0.01419	0.01013	0.00507	0.00507	0.00101	0.00507	0.00405	0.00405	0.80139
7	0.03070	0.01164	0.01588	0.01217	0.01746	0.01006	0.01006	0.03334	0.01958	0.72163	0.02699	0.02329	0.01694	0.00847	0.00688	0.00212	0.00582	0.00688	0.00847	0.01164
8	0.01424	0.11755	0.64647	0.01862	0.02825	0.01715	0.02375	0.02153	0.01438	0.02104	0.01197	0.01405	0.00868	0.00643	0.00626	0.00209	0.00980	0.00490	0.00289	0.00996
9	0.01372	0.03539	0.72412	0.01950	0.02961	0.01589	0.02528	0.02167	0.01444	0.02167	0.01228	0.01444	0.00867	0.00650	0.00650	0.00217	0.01011	0.00506	0.00289	0.01011
10	0.00995	0.00663	0.00746	0.00746	0.00746	0.00663	0.00415	0.00995	0.00995	0.01327	0.02156	0.04477	0.02487	0.75957	0.03482	0.00663	0.00663	0.00995	0.00415	0.00415
11	0.38153	0.07778	0.23869	0.01282	0.01874	0.04262	0.01352	0.02014	0.01381	0.02584	0.08493	0.01644	0.01401	0.00719	0.00544	0.00207	0.00702	0.00507	0.00403	0.00829
12	0.02556	0.03261	0.01939	0.01763	0.02115	0.73210	0.01322	0.02732	0.01939	0.01674	0.01058	0.01234	0.00881	0.00705	0.00617	0.00176	0.01234	0.00441	0.00353	0.00793
13	0.01829	0.76368	0.03585	0.01171	0.01756	0.02707	0.01171	0.02049	0.01390	0.01610	0.00951	0.01097	0.00878	0.00585	0.00439	0.00146	0.00732	0.00366	0.00293	0.00878
14	0.12676	0.01768	0.12759	0.01589	0.02223	0.01407	0.14634	0.06343	0.07023	0.07770	0.01476	0.01636	0.01103	0.00638	0.00616	0.00185	0.00738	0.00558	0.00452	0.24407
15	0.01817	0.01378	0.01592	0.01380	0.01741	0.01499	0.03134	0.24482	0.23993	0.05831	0.02634	0.19983	0.02397	0.01211	0.00748	0.00237	0.00600	0.03711	0.00670	0.00962
16	0.00917	0.00672	0.00860	0.00866	0.01004	0.00615	0.00629	0.01171	0.01736	0.02393	0.47145	0.23088	0.13115	0.01624	0.00824	0.00233	0.00344	0.01439	0.00710	0.00615
17	0.01372	0.03539	0.72412	0.01950	0.02961	0.01589	0.02528	0.02167	0.01444	0.02167	0.01228	0.01444	0.00867	0.00650	0.00650	0.00217	0.01011	0.00506	0.00289	0.01011
18	0.02051	0.01908	0.24030	0.03603	0.02148	0.01288	0.01519	0.02573	0.05819	0.31124	0.04239	0.07326	0.01721	0.00921	0.00812	0.00227	0.06366	0.00733	0.00585	0.01008
19	0.01024	0.00738	0.01009	0.01159	0.01292	0.00722	0.00963	0.01286	0.01512	0.01967	0.03827	0.23553	0.07546	0.01941	0.00921	0.00302	0.00561	0.48436	0.00631	0.00610
20	0.01188	0.00594	0.00891	0.00891	0.00891	0.00594	0.00594	0.00891	0.00891	0.01188	0.01188	0.02080	0.01188	0.02377	0.02674	0.80095	0.00594	0.00594	0.00297	0.00297
21	0.02999	0.01180	0.01586	0.01226	0.01748	0.01041	0.01010	0.03350	0.05482	0.68598	0.02703	0.02340	0.01714	0.00851	0.00688	0.00213	0.00580	0.00692	0.00839	0.01160
22	0.01385	0.00932	0.01284	0.01464	0.09900	0.00890	0.01043	0.01728	0.04034	0.11591	0.10416	0.07995	0.15823	0.01492	0.00828	0.00258	0.00553	0.26983	0.00639	0.00763
23	0.01647	0.01694	0.06306	0.09213	0.63253	0.01616	0.02107	0.02077	0.01538	0.02196	0.01279	0.01690	0.01060	0.00617	0.00676	0.00206	0.00830	0.00604	0.00334	0.01056
24	0.02961	0.01140	0.01553	0.01199	0.01709	0.00987	0.00987	0.03229	0.01957	0.68591	0.06230	0.02472	0.01938	0.00875	0.00694	0.00212	0.00569	0.00716	0.00842	0.01138
25	0.01008	0.00707	0.00917	0.00989	0.01083	0.00700	0.00746	0.01177	0.01347	0.01785	0.08383	0.13940	0.07018	0.24412	0.06226	0.02691	0.00648	0.25128	0.00550	0.00544
26	0.01446	0.13142	0.60415	0.01938	0.05611	0.01739	0.02330	0.02148	0.01442	0.02095	0.01193	0.01408	0.00877	0.00640	0.00623	0.00207	0.00966	0.00491	0.00291	0.00996
27	0.01497	0.01497	0.02095	0.01796	0.01796	0.02095	0.01497	0.01646	0.01048	0.01646	0.00898	0.01497	0.00898	0.01197	0.02245	0.00299	0.74704	0.00599	0.00299	0.00748
28	0.02963	0.01237	0.01621	0.01253	0.01777	0.01127	0.01032	0.08397	0.05578	0.63415	0.02623	0.02288	0.01673	0.00849	0.00688	0.00212	0.00593	0.00687	0.00827	0.01160
29	0.01407	0.09102	0.67155	0.01890	0.02869	0.01674	0.02424	0.02158	0.01440	0.02124	0.01207	0.01418	0.00868	0.00645	0.00634	0.00211	0.00990	0.00495	0.00289	0.01001
30	0.00930	0.00735	0.00842	0.00808	0.01014	0.00666	0.00608	0.01262	0.05192	0.02326	0.37455	0.05679	0.36939	0.01533	0.00802	0.00224	0.00345	0.01312	0.00695	0.00635
31	0.01082	0.00887	0.01300	0.01240	0.01337	0.01105	0.00984	0.01307	0.01089	0.01600	0.01645	0.02448	0.01547	0.04340	0.58964	0.00939	0.16490	0.00706	0.00353	0.00639
32	0.01073	0.00793	0.00806	0.00797	0.00815	0.04299	0.00460	0.01082	0.01042	0.01344	0.02101	0.04315	0.02407	0.72185	0.03339	0.00639	0.00692	0.00967	0.00411	0.00434
33	0.02556	0.03261	0.01939	0.01763	0.02115	0.73210	0.01322	0.02732	0.01939	0.01674	0.01058	0.01234	0.00881	0.00705	0.00617	0.00176	0.01234	0.00441	0.00353	0.00793
34	0.00832	0.00650	0.00754	0.00820	0.00962	0.00573	0.00580	0.00993	0.01478	0.01872	0.10457	0.36855	0.36965	0.01888	0.00837	0.00250	0.00367	0.01649	0.00644	0.00573
35	0.00830	0.00610	0.00779	0.00915	0.00982	0.00559	0.00618	0.00957	0.01346	0.01761	0.04228	0.65543	0.14197	0.02084	0.00864	0.00271	0.00390	0.01872	0.00635	0.00559
36	0.01389	0.00846	0.00877	0.00835	0.01048	0.00897	0.00635	0.04723	0.14644	0.02642	0.02390	0.06170	0.01932	0.00890	0.00548	0.00181	0.00383	0.00728	0.57502	0.00740
37	0.02601	0.01916	0.02053	0.01574	0.02122	0.02122	0.01300	0.69408	0.03217	0.04312	0.01643	0.01643	0.01163	0.00821	0.00684	0.00205	0.00753	0.00616	0.00684	0.01163
38	0.01034	0.00711	0.00933	0.00875	0.01045	0.00655	0.00657	0.01348	0.01918	0.05015	0.66933	0.07226	0.06237	0.01404	0.00805	0.00217	0.00334	0.01241	0.00753	0.00660
39	0.01761	0.62093	0.03258	0.01239	0.01752	0.02514	0.01188	0.01977	0.01349	0.01654	0.00962	0.01168	0.00889	0.00657	0.00671	0.00163	0.10027	0.00398	0.00301	0.05980
40	0.01502	0.01277	0.01461	0.01084	0.01662	0.01061	0.00865	0.04713	0.10224	0.02394	0.01432	0.01571	0.01155	0.00573	0.00538	0.00122	0.00521	0.00460	0.00453	0.66931
41	0.01823	0.01574	0.02426	0.19981	0.39939	0.01682	0.01859	0.15591	0.01859	0.04631	0.01384	0.01733	0.01078	0.00677	0.00681	0.00210	0.00817	0.00613	0.00415	0.01026
42	0.01291	0.01070	0.01483	0.01317	0.01499	0.04607	0.09963	0.03503	0.01396	0.04051	0.02643	0.28932	0.06468	0.07573	0.01313	0.06382	0.08920	0.01191	0.05746	0.00652
43	0.00834	0.00595	0.00794	0.00953	0.00992	0.00556	0.00635	0.00953	0.01310	0.01746	0.03771	0.75510	0.04525	0.02143	0.00873	0.00278	0.00397	0.01945	0.00635	0.00556
44	0.01485	0.01418	0.02376	0.37832	0.34075	0.01610	0.01958	0.01896	0.01427	0.01955	0.01223	0.01741	0.00987	0.00690	0.00800	0.00222	0.06476	0.00608	0.00319	0.00902
45	0.00834	0.00595	0.00794	0.00953	0.00992	0.00556	0.00635	0.00953	0.01310	0.01746	0.03771	0.75510	0.04525	0.02143	0.00873	0.00278	0.00397	0.01945	0.00635	0.00556
46	0.01727	0.01482	0.01561	0.01397	0.01789	0.01713	0.01089	0.05481	0.68566	0.02903	0.02752	0.02527	0.02062	0.00925	0.00696	0.00231	0.00547	0.00769	0.00696	0.01085
47	0.01449	0.01234	0.01435	0.01028	0.01634	0.00943	0.00823	0.03440	0.01464	0.02282	0.01227	0.01424	0.01017	0.00515	0.00511	0.00104	0.00513	0.00411	0.00412	0.78135
48	0.01329	0.01260	0.01739	0.03765	0.01714	0.04431	0.03989	0.01530	0.01153	0.01654	0.01440	0.04633	0.01424	0.06080	0.22750	0.00541	0.36993	0.02536	0.00349	0.00691
49	0.01829	0.76368	0.03585	0.01171	0.01756	0.02707	0.01171	0.02049	0.01390	0.01610	0.00951	0.01097	0.00878	0.00585	0.00439	0.00146	0.00732	0.00366	0.00293	0.00878
50	0.01820	0.60530	0.11705	0.01347	0.01976	0.05411	0.03245	0.03968	0.01476	0.01770	0.01020	0.01181	0.00889	0.00604	0.00489	0.00160	0.00798	0.00405	0.00307	0.00900
51	0.03649	0.01647	0.10673	0.02052	0.06446	0.03050	0.26665	0.01896	0.03409	0.04304	0.04937	0.18128	0.04083	0.01051	0.00848	0.00238	0.04628	0.01009	0.00452	0.00836
52	0.00809	0.00693	0.00693	0.00693	0.00924	0.00578	0.00520	0.00982	0.01559	0.01848	0.06931	0.06584	0.71411	0.01733	0.00809	0.00231	0.00347	0.01444	0.00635	0.00578
53	0.00977	0.00733	0.01100	0.01100	0.01222	0.00855	0.00855	0.01222	0.01100	0.01588	0.01833	0.02688	0.01710	0.05131	0.73245	0.01100	0.01833	0.00733	0.00367	0.00611
54	0.01927	0.01910	0.07970	0.05103	0.29633	0.07925	0.12784	0.08206	0.06572	0.08909	0.01543	0.01778	0.01170	0.00681	0.00694	0.00210	0.00878	0.00638	0.00438	0.01030
55	0.01441	0.01444	0.07279	0.01393	0.01740	0.01439	0.03556	0.02650	0.39670	0.02449	0.05276	0.14068	0.06602	0.01168	0.00853	0.00242	0.06225	0.00979	0.00609	0.00917
56	0.00995	0.00663	0.00746	0.00746	0.00746	0.00663	0.00415	0.00995	0.00995	0.01327	0.02156	0.04477	0.02487	0.75957	0.03482	0.00663	0.00663	0.00995	0.00415	0.00415
57	0.01304	0.01228	0.02074	0.72226	0.06705	0.01523	0.01906	0.01758	0.01374	0.01762	0.01218	0.01820	0.00917	0.00682	0.00684	0.00227	0.00909	0.00608	0.00305	0.00770
58	0.01538	0.08488	0.34522	0.07754	0.03182	0.01744	0.25864	0.04883	0.01567	0.02187	0.01277	0.01596	0.00944	0.00629	0.00693	0.00216	0.01021	0.00613	0.00327	0.00956
59	0.01706	0.25510	0.12669	0.03562	0.04874	0.04790	0.03254	0.05825	0.14796	0.03999	0.06420	0.02158	0.01692	0.02732	0.00694	0.00210	0.00741	0.02986	0.00457	0.00925
60	0.00995	0.00663	0.00746	0.00746	0.00746	0.00663	0.00415	0.00995	0.00995	0.01327	0.02156	0.04477	0.02487	0.75957	0.03482	0.00663	0.00663	0.00995	0.00415	0.00415
61	0.01456	0.01244	0.01470	0.01110	0.03439	0.00961	0.00856	0.03453	0.01468	0.02282	0.01229	0.01431	0.01019	0.00517	0.00516	0.00107	0.00521	0.00416	0.00411	0.76095
62	0.01924	0.55694	0.03201	0.01431	0.04078	0.13621	0.03576	0.02253	0.05446	0.01731	0.01098	0.01247	0.00960	0.00624	0.00502	0.00161	0.00817	0.00424	0.00328	0.00884
63	0.00902	0.00637	0.00837	0.00972	0.01025	0.00610	0.00679	0.01035	0.01306	0.01733	0.03506	0.53848	0.04126	0.13070	0.01273	0.00341	0.00475	0.12476	0.00601	0.00547
64	0.01783	0.22198	0.04786	0.06235	0.30351	0.06008	0.06002	0.03702	0.01555	0.04010	0.01258	0.01559	0.01039	0.00647	0.00654	0.00191	0.02946	0.00546	0.03571	0.00958
65	0.00953	0.00695	0.00896	0.00853	0.01015	0.00638	0.00637	0.01259	0.01890	0.02651	0.64830	0.07678	0.10548	0.01446	0.00809	0.00218	0.00327	0.01275	0.00741	0.00638
66	0.04218	0.33201	0.08776	0.06493	0.08869	0.04368	0.01432	0.12156	0.04010	0.06769	0.01303	0.01456	0.01031	0.00683	0.00607	0.00186	0.02574	0.00497	0.00410	0.00959
67	0.01194	0.01035	0.01479	0.06101	0.20133	0.02975	0.01122	0.01485	0.01588	0.02168	0.23944	0.13548	0.09631	0.03892	0.06386	0.00303	0.00652	0.01081	0.00538	0.00745
68	0.00832	0.00668	0.00743	0.00778	0.00952	0.00579	0.00563	0.01007	0.01535	0.01917	0.12967	0.24327	0.47125	0.01804	0.00825	0.00241	0.00357	0.01552	0.00648	0.00579
69	0.01873	0.14150	0.02202	0.02050	0.18924	0.18233	0.01343	0.08337	0.10238	0.02240	0.04358	0.02258	0.09283	0.00839	0.00646	0.00195	0.00789	0.00667	0.00457	0.00918
70	0.01447	0.17318	0.57063	0.01767	0.02671	0.01772	0.02210	0.02117	0.01450	0.02079	0.03374	0.01493	0.01044	0.00661	0.00615	0.00203	0.00936	0.00502	0.00304	0.00974
71	0.02065	0.43135	0.09721	0.01428	0.01987	0.22149	0.01343	0.04719	0.01637	0.04662	0.01104	0.01239	0.00921	0.00644	0.00528	0.00166	0.00894	0.00422	0.00346	0.00889
72	0.01415	0.11510	0.45401	0.01787	0.05788	0.01557	0.04306	0.02009	0.01495	0.04044	0.04395	0.02203	0.09615	0.00800	0.00657	0.00210	0.00857	0.00648	0.00367	0.00935
73	0.00858	0.00624	0.00802	0.00935	0.01003	0.00580	0.00645	0.00991	0.01340	0.01758	0.04027	0.59352	0.11777	0.05877	0.01005	0.00295	0.00422	0.06529	0.00623	0.00556
74	0.01693	0.01626	0.02777	0.04199	0.71689	0.01626	0.02100	0.02100	0.01558	0.02235	0.01287	0.01693	0.01084	0.00610	0.00677	0.00203	0.00813	0.00610	0.00339	0.01084
75	0.05059	0.02000	0.02011	0.01567	0.02096	0.07533	0.01284	0.62193	0.03054	0.04071	0.01576	0.01595	0.01129	0.00807	0.00671	0.00203	0.00783	0.00595	0.00651	0.01122
76	0.05163	0.04642	0.18591	0.01449	0.02047	0.06249	0.01399	0.09535	0.10858	0.14024	0.03865	0.01830	0.01390	0.00755	0.00676	0.00196	0.02882	0.00578	0.00519	0.13352
77	0.01623	0.18094	0.31292	0.01854	0.08693	0.01735	0.05164	0.02285	0.07965	0.06812	0.06780	0.01856	0.01493	0.00725	0.00635	0.00202	0.00816	0.00594	0.00408	0.00974
78	0.36801	0.01849	0.14026	0.01355	0.01910	0.06897	0.05928	0.02363	0.01492	0.17168	0.03362	0.01596	0.01153	0.00704	0.00571	0.00211	0.00717	0.00521	0.00486	0.00891
79	0.01693	0.01626	0.02777	0.04199	0.71689	0.01626	0.02100	0.02100	0.01558	0.02235	0.01287	0.01693	0.01084	0.00610	0.00677	0.00203	0.00813	0.00610	0.00339	0.01084
80	0.01730	0.01563	0.13464	0.01578	0.05940	0.03399	0.06344	0.02171	0.05964	0.19457	0.02645	0.16235	0.06596	0.04880	0.00921	0.00255	0.02764	0.02643	0.00565	0.00885
81	0.01675	0.01520	0.02532	0.15237	0.53669	0.01570	0.01968	0.04132	0.01591	0.04385	0.01426	0.01979	0.01194	0.00688	0.00690	0.00212	0.00812	0.03330	0.00371	0.01018
82	0.01188	0.00594	0.00891	0.00891	0.00891	0.00594	0.00594	0.00891	0.00891	0.01188	0.01188	0.02080	0.01188	0.02377	0.02674	0.80095	0.00594	0.00594	0.00297	0.00297
83	0.01292	0.01216	0.02052	0.74312	0.04712	0.01520	0.01900	0.01748	0.01368	0.01748	0.01216	0.01824	0.00912	0.00684	0.00684	0.00228	0.00912	0.00608	0.00304	0.00760
84	0.01643	0.03845	0.06875	0.01399	0.01949	0.03431	0.09498	0.07403	0.01633	0.07650	0.01680	0.07331	0.01475	0.03004	0.00716	0.00184	0.00680	0.03157	0.00467	0.35979
85	0.00992	0.00675	0.00808	0.00808	0.00829	0.00697	0.00492	0.01035	0.01013	0.01372	0.02099	0.04164	0.02351	0.63572	0.15681	0.00740	0.00868	0.00949	0.00406	0.00449
86	0.01575	0.00749	0.00849	0.00782	0.01016	0.00710	0.00610	0.01876	0.01566	0.15761	0.05430	0.03000	0.05503	0.00917	0.00565	0.00181	0.00382	0.03095	0.54698	0.00735
87	0.01357	0.03370	0.67512	0.01937	0.02899	0.01551	0.04393	0.02118	0.01444	0.02150	0.01336	0.04464	0.01020	0.00708	0.00664	0.00220	0.00990	0.00573	0.00305	0.00990
88	0.01583	0.01730	0.06938	0.09953	0.35807	0.01610	0.24688	0.02057	0.01530	0.02135	0.01345	0.01856	0.01097	0.03668	0.00834	0.00234	0.00942	0.00686	0.00338	0.00968
89	0.00994	0.00666	0.00761	0.00761	0.00766	0.00671	0.00433	0.01004	0.00999	0.01337	0.02142	0.04404	0.02455	0.73061	0.06334	0.00681	0.00711	0.00984	0.00413	0.00423
90	0.01930	0.05808	0.02594	0.03397	0.49598	0.20804	0.01845	0.02266	0.01651	0.02054	0.01209	0.01541	0.01019	0.00634	0.00649	0.00193	0.00921	0.00552	0.00340	0.00996
91	0.17115	0.21675	0.04542	0.07572	0.18804	0.10935	0.01422	0.02225	0.06018	0.02161	0.01196	0.01423	0.00984	0.00648	0.00558	0.00191	0.00785	0.00485	0.00364	0.00899

[dist]
# distance from previous block
# <min> <max>
0	1

[block]
# block no. 1 follows, 31 sequences, length 55
# corresponding to MSA columns:
# 158-212
name=unknown_B
#
# <colnr> <probs for GDERKNQSTAVLIFYWHMCP>
#	G	D	E	R	K	N	Q	S	T	A	V	L	I	F	Y	W	H	M	C	P
0	0.00931	0.00684	0.00877	0.00891	0.01035	0.00629	0.00664	0.01192	0.01730	0.02369	0.43853	0.20347	0.13829	0.01635	0.00832	0.00238	0.00365	0.06579	0.00704	0.00617
1	0.01412	0.09845	0.66452	0.01882	0.02857	0.01686	0.02410	0.02156	0.01440	0.02118	0.01204	0.01414	0.00868	0.00644	0.00632	0.00211	0.00987	0.00493	0.00289	0.01000
2	0.01829	0.76368	0.03585	0.01171	0.01756	0.02707	0.01171	0.02049	0.01390	0.01610	0.00951	0.01097	0.00878	0.00585	0.00439	0.00146	0.00732	0.00366	0.00293	0.00878
3	0.00979	0.00724	0.01056	0.01056	0.01163	0.00832	0.00801	0.01194	0.01087	0.01556	0.01872	0.02908	0.01806	0.13842	0.64665	0.01046	0.01689	0.00765	0.00372	0.00587
4	0.02614	0.01978	0.02030	0.01574	0.02108	0.06702	0.01292	0.62802	0.03090	0.06475	0.01641	0.01640	0.01163	0.00815	0.00680	0.00204	0.00778	0.00607	0.00668	0.01139
5	0.00994	0.00689	0.00863	0.00870	0.00911	0.00724	0.00570	0.01078	0.01049	0.01432	0.02122	0.04092	0.02322	0.52415	0.23570	0.00775	0.01000	0.03633	0.00409	0.00480
6	0.80789	0.01323	0.01006	0.00900	0.01323	0.01535	0.00741	0.02011	0.01164	0.03070	0.00953	0.01111	0.00741	0.00635	0.00423	0.00212	0.00529	0.00370	0.00423	0.00741
7	0.01743	0.01490	0.01570	0.01401	0.01795	0.01721	0.01093	0.06669	0.67352	0.02929	0.02732	0.02511	0.02046	0.00923	0.00696	0.00231	0.00551	0.00766	0.00696	0.01087
8	0.00834	0.00595	0.00794	0.00953	0.00992	0.00556	0.00635	0.00953	0.01310	0.01746	0.03771	0.75510	0.04525	0.02143	0.00873	0.00278	0.00397	0.01945	0.00635	0.00556
9	0.00897	0.00654	0.00857	0.00983	0.01077	0.00614	0.00722	0.01078	0.01438	0.01891	0.08824	0.48592	0.11915	0.01992	0.00877	0.00276	0.00436	0.15654	0.00642	0.00580
10	0.01292	0.01216	0.02052	0.74312	0.04712	0.01520	0.01900	0.01748	0.01368	0.01748	0.01216	0.01824	0.00912	0.00684	0.00684	0.00228	0.00912	0.00608	0.00304	0.00760
11	0.05568	0.01148	0.01487	0.01277	0.04153	0.01066	0.00982	0.07491	0.03917	0.46505	0.05625	0.10474	0.05137	0.01033	0.00707	0.00220	0.00558	0.00862	0.00760	0.01029
12	0.01902	0.65500	0.03347	0.01259	0.01799	0.10803	0.01199	0.02114	0.01442	0.01618	0.00962	0.01126	0.00879	0.00619	0.00519	0.00155	0.03213	0.00382	0.00300	0.00864
13	0.02122	0.01011	0.01183	0.00998	0.01344	0.02947	0.00793	0.02529	0.06666	0.33641	0.07179	0.02589	0.02048	0.00867	0.00614	0.00192	0.00479	0.00705	0.31183	0.00910
14	0.04163	0.04532	0.16173	0.04236	0.06527	0.10463	0.01542	0.24891	0.12283	0.02948	0.04441	0.01807	0.01389	0.00782	0.00661	0.00207	0.00817	0.00606	0.00515	0.01016
15	0.27961	0.09570	0.17930	0.05008	0.20802	0.03957	0.01617	0.02086	0.01389	0.02397	0.01118	0.01374	0.00887	0.00631	0.00561	0.00203	0.00772	0.00476	0.00350	0.00910
16	0.01552	0.32254	0.45275	0.01643	0.02486	0.02030	0.01993	0.02120	0.01423	0.01947	0.01119	0.01308	0.00871	0.00624	0.00567	0.00189	0.00901	0.00450	0.00290	0.00959
17	0.00984	0.00708	0.00971	0.00971	0.01049	0.00785	0.00695	0.01139	0.01061	0.01493	0.01950	0.03338	0.01993	0.30887	0.47876	0.00941	0.01407	0.00828	0.00384	0.00539
18	0.02330	0.05040	0.02185	0.04536	0.06871	0.02011	0.03929	0.52272	0.05279	0.03743	0.01671	0.04007	0.01271	0.00828	0.00684	0.00208	0.00758	0.00659	0.00616	0.01099
19	0.01505	0.02650	0.43144	0.01640	0.02475	0.03394	0.03531	0.02098	0.01478	0.05401	0.01291	0.01481	0.00956	0.00614	0.00610	0.00179	0.00843	0.00488	0.00354	0.25869
20	0.01588	0.14339	0.36615	0.02290	0.14316	0.04898	0.09973	0.02211	0.03680	0.02095	0.01255	0.01505	0.00964	0.00636	0.00640	0.00204	0.00946	0.00542	0.00320	0.00985
21	0.02556	0.03261	0.01939	0.01763	0.02115	0.73210	0.01322	0.02732	0.01939	0.01674	0.01058	0.01234	0.00881	0.00705	0.00617	0.00176	0.01234	0.00441	0.00353	0.00793
22	0.02488	0.01785	0.01934	0.01517	0.02036	0.01967	0.01242	0.53506	0.14222	0.09251	0.01912	0.01845	0.01357	0.00841	0.00687	0.00210	0.00705	0.00647	0.00699	0.01150
23	0.00872	0.00737	0.00761	0.00766	0.00989	0.00653	0.00569	0.01161	0.06263	0.01908	0.06347	0.12836	0.60319	0.01716	0.00807	0.00236	0.00365	0.01445	0.00639	0.00610
24	0.00853	0.00603	0.00788	0.00928	0.00963	0.00568	0.00609	0.00958	0.01273	0.01697	0.03580	0.67100	0.04284	0.10883	0.01182	0.00323	0.00428	0.01832	0.00609	0.00539
25	0.01135	0.00874	0.01058	0.00981	0.01194	0.00885	0.00745	0.01824	0.17499	0.02770	0.55759	0.04529	0.05463	0.01292	0.00782	0.00219	0.00372	0.01132	0.00740	0.00745
26	0.01560	0.01215	0.01348	0.01184	0.01508	0.01307	0.00906	0.07926	0.35117	0.05180	0.17438	0.03184	0.02930	0.09875	0.01037	0.00268	0.00524	0.00862	0.00661	0.05969
27	0.01307	0.01231	0.02078	0.71763	0.07148	0.01524	0.01907	0.01761	0.01375	0.01766	0.01219	0.01819	0.00918	0.00681	0.00684	0.00227	0.00908	0.00608	0.00305	0.00772
28	0.00839	0.00694	0.00735	0.00725	0.00943	0.00590	0.00544	0.01041	0.01631	0.02018	0.19172	0.06304	0.59064	0.01669	0.00808	0.00228	0.00342	0.01405	0.00658	0.00590
29	0.01615	0.01845	0.04037	0.02884	0.03576	0.01730	0.69204	0.02191	0.01615	0.02191	0.01384	0.01845	0.01038	0.00577	0.00807	0.00231	0.01153	0.00807	0.00346	0.00923
30	0.00995	0.00663	0.00746	0.00746	0.00746	0.00663	0.00415	0.00995	0.00995	0.01327	0.02156	0.04477	0.02487	0.75957	0.03482	0.00663	0.00663	0.00995	0.00415	0.00415
31	0.00952	0.00678	0.00974	0.01021	0.01103	0.00736	0.00747	0.01105	0.01140	0.01591	0.02375	0.24303	0.02546	0.07820	0.42699	0.06862	0.01250	0.01095	0.00443	0.00560
32	0.03070	0.01164	0.01588	0.01217	0.01746	0.01006	0.01006	0.03334	0.01958	0.72163	0.02699	0.02329	0.01694	0.00847	0.00688	0.00212	0.00582	0.00688	0.00847	0.01164
33	0.00819	0.00690	0.00710	0.00712	0.00932	0.00581	0.00531	0.00999	0.01573	0.01898	0.10648	0.08855	0.65264	0.01727	0.00811	0.00232	0.00347	0.01449	0.00642	0.00581
34	0.01372	0.03539	0.72412	0.01950	0.02961	0.01589	0.02528	0.02167	0.01444	0.02167	0.01228	0.01444	0.00867	0.00650	0.00650	0.00217	0.01011	0.00506	0.00289	0.01011
35	0.00831	0.00652	0.00753	0.00817	0.00961	0.00573	0.00579	0.00993	0.01481	0.01873	0.10489	0.36054	0.37747	0.01883	0.00836	0.00250	0.00366	0.01643	0.00644	0.00573
36	0.03016	0.01176	0.01586	0.01224	0.01748	0.01033	0.01009	0.03346	0.04645	0.69444	0.02702	0.02337	0.01709	0.00850	0.00688	0.00212	0.00581	0.00691	0.00841	0.01161
37	0.01292	0.01216	0.02052	0.74312	0.04712	0.01520	0.01900	0.01748	0.01368	0.01748	0.01216	0.01824	0.00912	0.00684	0.00684	0.00228	0.00912	0.00608	0.00304	0.00760
38	0.02556	0.03261	0.01939	0.01763	0.02115	0.73210	0.01322	0.02732	0.01939	0.01674	0.01058	0.01234	0.00881	0.00705	0.00617	0.00176	0.01234	0.00441	0.00353	0.00793
39	0.01333	0.01256	0.02109	0.62085	0.13980	0.01504	0.01883	0.01772	0.01401	0.01820	0.01412	0.01961	0.03231	0.00708	0.00687	0.00225	0.00880	0.00635	0.00320	0.00799
40	0.01372	0.03539	0.72412	0.01950	0.02961	0.01589	0.02528	0.02167	0.01444	0.02167	0.01228	0.01444	0.00867	0.00650	0.00650	0.00217	0.01011	0.00506	0.00289	0.01011
41	0.77339	0.01318	0.01051	0.04085	0.01470	0.01534	0.00791	0.02000	0.01173	0.03012	0.00964	0.01142	0.00748	0.00637	0.00435	0.00212	0.00546	0.00381	0.00418	0.00742
42	0.01120	0.00854	0.01113	0.01140	0.02922	0.00961	0.00818	0.01350	0.03556	0.01914	0.07855	0.26242	0.03020	0.12508	0.03796	0.00341	0.14386	0.03567	0.11911	0.00625
43	0.02556	0.03261	0.01939	0.01763	0.02115	0.73210	0.01322	0.02732	0.01939	0.01674	0.01058	0.01234	0.00881	0.00705	0.00617	0.00176	0.01234	0.00441	0.00353	0.00793
44	0.01917	0.67652	0.03395	0.01232	0.01799	0.07735	0.01188	0.05241	0.01515	0.01740	0.00991	0.01133	0.00892	0.00605	0.00463	0.00151	0.00769	0.00383	0.00315	0.00885
45	0.12439	0.01702	0.18321	0.01384	0.03980	0.01232	0.04568	0.07565	0.01682	0.11609	0.06958	0.02786	0.13667	0.00932	0.00657	0.00212	0.00644	0.00760	0.08033	0.00871
46	0.00965	0.00700	0.00831	0.00819	0.01006	0.00618	0.00606	0.01193	0.01685	0.04991	0.31551	0.16295	0.32991	0.01629	0.00813	0.00231	0.00354	0.01409	0.00690	0.00624
47	0.01281	0.01176	0.01928	0.50729	0.08673	0.01439	0.01702	0.01676	0.01329	0.01765	0.01389	0.02161	0.01164	0.01413	0.11417	0.00362	0.05955	0.03356	0.00329	0.00755
48	0.04154	0.03842	0.11202	0.12682	0.22741	0.09975	0.07626	0.07484	0.03698	0.02261	0.01599	0.02036	0.03691	0.00750	0.00681	0.00213	0.00883	0.03156	0.00391	0.00936
49	0.01695	0.01689	0.02621	0.08475	0.53032	0.06687	0.05042	0.02118	0.03258	0.02142	0.01356	0.03547	0.01160	0.00688	0.00742	0.00210	0.03533	0.00644	0.00353	0.01008
50	0.01051	0.00764	0.00990	0.00968	0.01021	0.00862	0.00681	0.01173	0.01080	0.01549	0.02006	0.06778	0.02120	0.36759	0.25741	0.00716	0.08385	0.00890	0.05933	0.00534
51	0.01756	0.01631	0.02427	0.20808	0.40677	0.04776	0.01877	0.11226	0.03880	0.02393	0.01354	0.01725	0.01075	0.00671	0.00678	0.00209	0.00839	0.00608	0.00389	0.01003
52	0.07581	0.01223	0.01506	0.01425	0.10950	0.01060	0.00969	0.01927	0.04179	0.06051	0.04460	0.01766	0.01369	0.00624	0.00551	0.00144	0.00533	0.00512	0.06137	0.47032
53	0.01991	0.01488	0.02066	0.16770	0.23497	0.04955	0.01534	0.06567	0.06037	0.17846	0.01685	0.01861	0.01236	0.00705	0.00662	0.00200	0.00750	0.00608	0.00496	0.09044
54	0.01739	0.01619	0.03793	0.14698	0.21638	0.08743	0.02960	0.09393	0.01727	0.05512	0.03866	0.04714	0.01403	0.00952	0.04053	0.00238	0.00843	0.00652	0.00430	0.11026

[dist]
# distance from previous block
# <min> <max>
0	18

# created by:
# /home/cegg/simao/soft/augustus-3.2.1/scripts/msa2prfl.pl ./align_prep/EOG090W0H8N.fa
