[name]
unknown

[dist]
# distance from previous block
# <min> <max>
15	344

[block]
# block no. 0 follows, 33 sequences, length 217
# corresponding to MSA columns:
# 354-507,778-840
name=unknown_A
#
# <colnr> <probs for GDERKNQSTAVLIFYWHMCP>
#	G	D	E	R	K	N	Q	S	T	A	V	L	I	F	Y	W	H	M	C	P
0	0.01855	0.05880	0.07561	0.01906	0.14455	0.24105	0.01363	0.02490	0.16391	0.05531	0.07747	0.02140	0.01732	0.00802	0.00644	0.00197	0.00807	0.03040	0.00464	0.00892
1	0.01886	0.01743	0.10640	0.01760	0.12148	0.07746	0.01326	0.15041	0.10503	0.12287	0.03748	0.05519	0.01629	0.07915	0.00953	0.00247	0.02754	0.00701	0.00523	0.00931
2	0.10518	0.14357	0.15224	0.01305	0.03886	0.03155	0.01208	0.09907	0.01662	0.07672	0.11556	0.09246	0.05831	0.00938	0.00623	0.00200	0.00634	0.00753	0.00492	0.00836
3	0.01305	0.03299	0.70623	0.01835	0.02777	0.01493	0.02362	0.02052	0.01408	0.02107	0.03959	0.01527	0.01044	0.00654	0.00631	0.00208	0.00947	0.00514	0.00295	0.00959
4	0.01592	0.01388	0.01584	0.03314	0.06770	0.04677	0.00986	0.11331	0.01639	0.02386	0.01225	0.01416	0.00991	0.00551	0.00533	0.00125	0.00586	0.00439	0.00418	0.58049
5	0.03656	0.08162	0.33162	0.01678	0.04615	0.01616	0.03821	0.13911	0.03760	0.09042	0.01449	0.03206	0.01088	0.00714	0.00669	0.00200	0.03294	0.00557	0.00425	0.04976
6	0.01712	0.11502	0.42777	0.01641	0.02371	0.05636	0.01873	0.02282	0.03336	0.13297	0.01384	0.01507	0.00996	0.00696	0.00717	0.00204	0.06228	0.00508	0.00378	0.00953
7	0.00828	0.00715	0.03585	0.00885	0.01015	0.00586	0.00656	0.00998	0.01378	0.01806	0.10418	0.50013	0.21011	0.01846	0.00811	0.00249	0.00387	0.01639	0.00608	0.00565
8	0.01374	0.01041	0.01547	0.01933	0.24718	0.01007	0.01127	0.01768	0.04873	0.09002	0.36045	0.03545	0.07205	0.01042	0.00720	0.00204	0.00500	0.00932	0.00594	0.00822
9	0.01726	0.02316	0.15254	0.14865	0.13982	0.24393	0.10909	0.02134	0.01561	0.01864	0.01252	0.04405	0.01038	0.00688	0.00654	0.00200	0.00989	0.00592	0.00328	0.00848
10	0.02954	0.01120	0.01528	0.01171	0.01681	0.00968	0.00968	0.03208	0.01884	0.73213	0.02597	0.02241	0.01630	0.00815	0.00662	0.00204	0.00560	0.00662	0.00815	0.01120
11	0.01365	0.01170	0.01365	0.00975	0.01560	0.00878	0.00780	0.01658	0.01365	0.02145	0.01170	0.01365	0.00975	0.00488	0.00488	0.00098	0.00488	0.00390	0.00390	0.80888
12	0.01440	0.01440	0.02016	0.01728	0.01728	0.02016	0.01440	0.01584	0.01008	0.01584	0.00864	0.01440	0.00864	0.01152	0.02160	0.00288	0.75659	0.00576	0.00288	0.00720
13	0.02391	0.01789	0.01913	0.01492	0.01999	0.01989	0.01224	0.61905	0.11934	0.03969	0.01722	0.01694	0.01234	0.00804	0.00660	0.00201	0.00698	0.00612	0.00660	0.01110
14	0.00957	0.00638	0.00718	0.00718	0.00718	0.00638	0.00399	0.00957	0.00957	0.01276	0.02074	0.04308	0.02393	0.76864	0.03351	0.00638	0.00638	0.00957	0.00399	0.00399
15	0.00903	0.00672	0.00840	0.00798	0.00966	0.00609	0.00599	0.01187	0.01796	0.02480	0.60193	0.05181	0.18528	0.01406	0.00777	0.00210	0.00315	0.01228	0.00704	0.00609
16	0.00810	0.00656	0.00681	0.00691	0.00865	0.00568	0.00490	0.00945	0.01395	0.01688	0.05712	0.10352	0.56539	0.14262	0.01212	0.00295	0.00387	0.01347	0.00576	0.00528
17	0.01437	0.01440	0.02058	0.03963	0.01852	0.01992	0.03024	0.01599	0.01030	0.01599	0.00884	0.01457	0.00868	0.01124	0.02084	0.00284	0.71711	0.00581	0.00289	0.00724
18	0.01274	0.01202	0.02031	0.69534	0.10038	0.01471	0.01844	0.01709	0.01331	0.01720	0.01176	0.01745	0.00891	0.00652	0.00658	0.00217	0.00870	0.00585	0.00295	0.00756
19	0.81514	0.01273	0.00968	0.00866	0.01273	0.01477	0.00713	0.01935	0.01120	0.02954	0.00917	0.01069	0.00713	0.00611	0.00407	0.00204	0.00509	0.00356	0.00407	0.00713
20	0.01102	0.01029	0.07859	0.01081	0.01297	0.00857	0.00879	0.03529	0.08876	0.05039	0.03411	0.46669	0.10284	0.01642	0.00821	0.00248	0.02666	0.01442	0.00587	0.00681
21	0.01439	0.01099	0.01331	0.08081	0.01704	0.01044	0.00897	0.12251	0.03922	0.04565	0.21091	0.02668	0.04512	0.00856	0.00627	0.00168	0.00501	0.00719	0.05009	0.27516
22	0.46621	0.01086	0.00923	0.00834	0.01161	0.01220	0.00670	0.05686	0.04066	0.02842	0.01442	0.01624	0.01118	0.00685	0.00450	0.00187	0.00453	0.00472	0.27744	0.00715
23	0.16656	0.03551	0.15648	0.04370	0.15299	0.01414	0.01415	0.08090	0.01520	0.04990	0.01219	0.01421	0.00941	0.00603	0.00556	0.00176	0.00684	0.00473	0.00393	0.20581
24	0.01597	0.07862	0.01891	0.01480	0.01697	0.11647	0.03861	0.10213	0.01446	0.01900	0.01271	0.01790	0.01149	0.04081	0.20890	0.00461	0.25060	0.00591	0.00363	0.00748
25	0.00872	0.00699	0.00788	0.00805	0.00990	0.00635	0.00603	0.01155	0.05278	0.01975	0.17056	0.16956	0.42257	0.01642	0.00790	0.00232	0.00365	0.05675	0.00634	0.00593
26	0.01280	0.01031	0.01280	0.03783	0.03838	0.01073	0.02894	0.09935	0.16360	0.02532	0.24393	0.14065	0.12341	0.01256	0.00741	0.00220	0.00476	0.01095	0.00635	0.00773
27	0.01600	0.20254	0.32813	0.10543	0.02550	0.01789	0.01772	0.05243	0.05949	0.06659	0.01310	0.01489	0.00983	0.00672	0.00648	0.00197	0.03743	0.00503	0.00358	0.00924
28	0.00801	0.00575	0.00761	0.00910	0.00953	0.00535	0.00608	0.00917	0.01267	0.01683	0.03711	0.74536	0.06199	0.02052	0.00839	0.00266	0.00381	0.01858	0.00611	0.00535
29	0.01737	0.01390	0.01507	0.01330	0.01704	0.01569	0.01056	0.13896	0.50093	0.04969	0.05712	0.02804	0.02184	0.00966	0.00691	0.00224	0.00552	0.05943	0.00670	0.01004
30	0.01354	0.01236	0.02047	0.16147	0.40753	0.01282	0.01636	0.01693	0.01421	0.01960	0.01868	0.16595	0.01874	0.00984	0.00710	0.00222	0.00708	0.06260	0.00397	0.00853
31	0.01760	0.77260	0.03450	0.01126	0.01690	0.02605	0.01126	0.01971	0.01338	0.01549	0.00915	0.01056	0.00845	0.00563	0.00422	0.00141	0.00704	0.00352	0.00282	0.00845
32	0.00961	0.00642	0.00729	0.00735	0.00740	0.00642	0.00421	0.00971	0.00976	0.01300	0.02121	0.04412	0.02440	0.74358	0.03269	0.00627	0.00637	0.03207	0.00406	0.00406
33	0.01243	0.01170	0.01975	0.75282	0.04534	0.01463	0.01828	0.01682	0.01316	0.01682	0.01170	0.01755	0.00878	0.00658	0.00658	0.00219	0.00878	0.00585	0.00293	0.00731
34	0.01489	0.01426	0.02392	0.26856	0.44749	0.01569	0.01910	0.01874	0.01399	0.01952	0.01185	0.01654	0.00974	0.00657	0.00781	0.00211	0.07110	0.00585	0.00312	0.00915
35	0.00877	0.00678	0.00804	0.00795	0.00979	0.00606	0.00610	0.01124	0.01672	0.02201	0.37244	0.05773	0.34818	0.01531	0.00790	0.00223	0.00349	0.07669	0.00664	0.00591
36	0.01055	0.00754	0.01053	0.01195	0.01347	0.00752	0.01041	0.01358	0.01531	0.02000	0.06596	0.07313	0.03898	0.01797	0.00903	0.00299	0.00593	0.65296	0.00612	0.00607
37	0.01325	0.03336	0.70948	0.01871	0.02810	0.01546	0.02398	0.02067	0.01377	0.02067	0.01170	0.01392	0.00835	0.00644	0.00679	0.00211	0.03592	0.00490	0.00278	0.00964
38	0.01365	0.01170	0.01365	0.00975	0.01560	0.00878	0.00780	0.01658	0.01365	0.02145	0.01170	0.01365	0.00975	0.00488	0.00488	0.00098	0.00488	0.00390	0.00390	0.80888
39	0.00956	0.00644	0.00749	0.00749	0.00760	0.00655	0.00438	0.00977	0.00967	0.01300	0.02046	0.04150	0.02325	0.70259	0.09862	0.00677	0.00742	0.00934	0.00395	0.00416
40	0.01637	0.01414	0.01489	0.01340	0.01712	0.01637	0.01042	0.03498	0.71568	0.02754	0.02679	0.02456	0.02010	0.00893	0.00670	0.00223	0.00521	0.00744	0.00670	0.01042
41	0.02954	0.01120	0.01528	0.01171	0.01681	0.00968	0.00968	0.03208	0.01884	0.73213	0.02597	0.02241	0.01630	0.00815	0.00662	0.00204	0.00560	0.00662	0.00815	0.01120
42	0.02175	0.01589	0.01751	0.03823	0.01939	0.01744	0.01158	0.48800	0.10450	0.06756	0.03753	0.04476	0.04960	0.00920	0.00681	0.00208	0.00657	0.02482	0.00651	0.01028
43	0.02351	0.02182	0.06367	0.01641	0.02144	0.21867	0.07260	0.32356	0.02351	0.10934	0.03165	0.01630	0.01194	0.00745	0.00652	0.00193	0.00873	0.00577	0.00538	0.00980
44	0.00802	0.00573	0.00764	0.00917	0.00955	0.00535	0.00611	0.00917	0.01260	0.01681	0.03628	0.76434	0.04354	0.02062	0.00840	0.00267	0.00382	0.01872	0.00611	0.00535
45	0.01539	0.01472	0.02509	0.20697	0.56806	0.01540	0.01975	0.01941	0.01456	0.02041	0.01222	0.01659	0.01004	0.00603	0.00653	0.00201	0.00804	0.00586	0.00318	0.00970
46	0.01790	0.02398	0.42578	0.01547	0.02284	0.01281	0.01775	0.04235	0.01633	0.23050	0.09261	0.02024	0.01653	0.00763	0.00653	0.00207	0.00774	0.00617	0.00494	0.00982
47	0.01305	0.01224	0.02061	0.59095	0.16799	0.01450	0.01830	0.01730	0.01358	0.01780	0.01284	0.01980	0.01035	0.00696	0.00668	0.00219	0.00848	0.03544	0.00312	0.00782
48	0.01521	0.01454	0.02477	0.23999	0.53644	0.01536	0.01967	0.01926	0.01448	0.02019	0.01219	0.01665	0.00997	0.00607	0.00654	0.00202	0.00809	0.00586	0.00317	0.00956
49	0.01553	0.01324	0.01916	0.12860	0.30158	0.03349	0.01478	0.09482	0.01704	0.05367	0.06817	0.02967	0.10241	0.00924	0.00699	0.00213	0.00690	0.06914	0.00466	0.00876
50	0.02459	0.03138	0.01866	0.01696	0.02035	0.74221	0.01272	0.02629	0.01866	0.01611	0.01018	0.01187	0.00848	0.00678	0.00594	0.00170	0.01187	0.00424	0.00339	0.00763
51	0.01793	0.01453	0.01903	0.15343	0.16680	0.01611	0.01411	0.16656	0.24812	0.06433	0.03828	0.02037	0.01521	0.00775	0.00664	0.00210	0.00677	0.00660	0.00538	0.00994
52	0.00811	0.00667	0.00715	0.00722	0.00925	0.00572	0.00545	0.00999	0.01536	0.01890	0.14636	0.09369	0.58104	0.01651	0.00786	0.00226	0.00345	0.04310	0.00625	0.00565
53	0.01629	0.01564	0.02672	0.04041	0.72757	0.01564	0.02020	0.02020	0.01499	0.02151	0.01238	0.01629	0.01043	0.00587	0.00652	0.00196	0.00782	0.00587	0.00326	0.01043
54	0.01760	0.77260	0.03450	0.01126	0.01690	0.02605	0.01126	0.01971	0.01338	0.01549	0.00915	0.01056	0.00845	0.00563	0.00422	0.00141	0.00704	0.00352	0.00282	0.00845
55	0.00957	0.00638	0.00718	0.00718	0.00718	0.00638	0.00399	0.00957	0.00957	0.01276	0.02074	0.04308	0.02393	0.76864	0.03351	0.00638	0.00638	0.00957	0.00399	0.00399
56	0.00937	0.00699	0.00971	0.00908	0.01066	0.00647	0.03065	0.01232	0.01777	0.02500	0.61246	0.13824	0.05795	0.01408	0.00785	0.00215	0.00348	0.01262	0.00697	0.00620
57	0.02544	0.01697	0.01869	0.01453	0.01938	0.04382	0.01197	0.48205	0.02643	0.20135	0.01757	0.01713	0.01215	0.00813	0.00746	0.00203	0.05144	0.00602	0.00662	0.01083
58	0.00979	0.00671	0.00857	0.00856	0.01008	0.00611	0.00632	0.01217	0.01651	0.05655	0.40358	0.22917	0.14935	0.01560	0.00791	0.00227	0.00353	0.03427	0.00681	0.00614
59	0.02702	0.01523	0.01777	0.01363	0.01882	0.01566	0.01126	0.40730	0.02559	0.34739	0.02031	0.01873	0.01345	0.00801	0.00660	0.00200	0.00652	0.00623	0.00728	0.01120
60	0.61922	0.01415	0.01218	0.01027	0.01464	0.01617	0.00846	0.18952	0.01610	0.03250	0.01081	0.01196	0.00814	0.00656	0.00470	0.00202	0.00563	0.00415	0.00470	0.00814
61	0.00942	0.00695	0.00865	0.00861	0.00995	0.00648	0.00608	0.01109	0.01330	0.01822	0.16445	0.21474	0.09783	0.20238	0.07913	0.00397	0.00570	0.04425	0.00537	0.08341
62	0.00863	0.00598	0.00746	0.00839	0.00862	0.00575	0.00528	0.00933	0.01142	0.01523	0.03021	0.48237	0.03588	0.31306	0.01822	0.00412	0.00482	0.01514	0.00528	0.00482
63	0.01440	0.01440	0.02016	0.01728	0.01728	0.02016	0.01440	0.01584	0.01008	0.01584	0.00864	0.01440	0.00864	0.01152	0.02160	0.00288	0.75659	0.00576	0.00288	0.00720
64	0.00932	0.00673	0.00880	0.00828	0.00984	0.00621	0.00621	0.01242	0.01863	0.02640	0.72410	0.04918	0.06212	0.01346	0.00776	0.00207	0.00311	0.01191	0.00725	0.00621
65	0.02325	0.01756	0.01876	0.01479	0.01974	0.01959	0.01208	0.56796	0.17150	0.03863	0.01806	0.01760	0.01302	0.00811	0.00661	0.00203	0.00683	0.00624	0.00661	0.01104
66	0.01440	0.01440	0.02016	0.01728	0.01728	0.02016	0.01440	0.01584	0.01008	0.01584	0.00864	0.01440	0.00864	0.01152	0.02160	0.00288	0.75659	0.00576	0.00288	0.00720
67	0.01015	0.00745	0.01022	0.01150	0.01281	0.00753	0.00967	0.01273	0.01454	0.01897	0.03593	0.18852	0.07552	0.01828	0.00934	0.00292	0.03185	0.51014	0.00596	0.00595
68	0.13506	0.00897	0.00941	0.00893	0.01131	0.00946	0.00708	0.08611	0.03892	0.04748	0.04691	0.08905	0.02137	0.01012	0.00585	0.00200	0.00439	0.09370	0.35685	0.00702
69	0.00925	0.00678	0.00799	0.00822	0.01001	0.00602	0.00622	0.01126	0.01535	0.04717	0.17066	0.19238	0.37743	0.01669	0.00799	0.00236	0.00378	0.08812	0.00638	0.00591
70	0.00957	0.00638	0.00718	0.00718	0.00718	0.00638	0.00399	0.00957	0.00957	0.01276	0.02074	0.04308	0.02393	0.76864	0.03351	0.00638	0.00638	0.00957	0.00399	0.00399
71	0.01962	0.01815	0.01656	0.01440	0.01837	0.14915	0.01126	0.16927	0.45023	0.02829	0.02155	0.02048	0.01618	0.00833	0.00654	0.00208	0.00683	0.00655	0.00607	0.01007
72	0.01437	0.01380	0.05984	0.30345	0.19259	0.01399	0.04917	0.08729	0.01555	0.02149	0.01552	0.08858	0.01343	0.00791	0.00661	0.00210	0.00761	0.00715	0.07118	0.00835
73	0.02053	0.01449	0.01595	0.01345	0.01774	0.01598	0.01071	0.17145	0.44912	0.15848	0.02440	0.02238	0.01759	0.00858	0.00666	0.00214	0.00570	0.00698	0.00694	0.01072
74	0.01605	0.07726	0.37133	0.01632	0.02373	0.01529	0.06448	0.10354	0.03810	0.06663	0.04781	0.01667	0.01239	0.00675	0.00621	0.00191	0.00809	0.00552	0.00406	0.09784
75	0.01188	0.01139	0.04809	0.04387	0.06272	0.01063	0.10948	0.03792	0.12054	0.02089	0.06771	0.32193	0.07839	0.01348	0.00763	0.00236	0.00582	0.01238	0.00542	0.00746
76	0.36268	0.01525	0.01830	0.01438	0.01924	0.01662	0.13557	0.20314	0.08451	0.05059	0.01383	0.01498	0.01022	0.00681	0.00573	0.00207	0.00678	0.00541	0.00497	0.00895
77	0.01180	0.00921	0.01202	0.01181	0.01410	0.00922	0.03597	0.03679	0.13144	0.02121	0.02995	0.24608	0.03136	0.01497	0.00785	0.00250	0.00533	0.25663	0.03002	0.08174
78	0.01473	0.01094	0.01371	0.01214	0.01471	0.01238	0.00969	0.24832	0.01753	0.02422	0.01701	0.02243	0.01466	0.03523	0.49163	0.00765	0.01409	0.00667	0.00457	0.00769
79	0.00873	0.00613	0.00794	0.00911	0.00956	0.00589	0.00624	0.00987	0.01226	0.01627	0.03251	0.50339	0.03825	0.19272	0.01428	0.00358	0.00472	0.10779	0.00562	0.00513
80	0.01545	0.01478	0.02520	0.19536	0.57919	0.01542	0.01979	0.01947	0.01459	0.02049	0.01223	0.01657	0.01007	0.00602	0.00653	0.00201	0.00803	0.00586	0.00319	0.00975
81	0.00810	0.00633	0.00735	0.00783	0.00928	0.00558	0.00559	0.00979	0.01467	0.01873	0.15481	0.31916	0.37406	0.01764	0.00801	0.00237	0.00348	0.01537	0.00628	0.00558
82	0.03701	0.00868	0.01023	0.00919	0.01187	0.00839	0.00722	0.05870	0.04743	0.17707	0.14823	0.08219	0.10291	0.01116	0.00660	0.00203	0.00425	0.04511	0.21411	0.00763
83	0.01281	0.01209	0.02044	0.68230	0.11287	0.01473	0.01847	0.01716	0.01334	0.01728	0.01177	0.01743	0.00894	0.00651	0.00658	0.00217	0.00868	0.00585	0.00296	0.00762
84	0.00958	0.00643	0.00849	0.00957	0.01046	0.00606	0.00693	0.01113	0.01341	0.04859	0.05202	0.50225	0.07199	0.07047	0.01013	0.00293	0.00446	0.14336	0.00607	0.00568
85	0.01365	0.01170	0.01365	0.00975	0.01560	0.00878	0.00780	0.01658	0.01365	0.02145	0.01170	0.01365	0.00975	0.00488	0.00488	0.00098	0.00488	0.00390	0.00390	0.80888
86	0.01314	0.01271	0.02218	0.59618	0.10845	0.01508	0.08129	0.01750	0.01346	0.01763	0.01182	0.01736	0.00904	0.00657	0.00714	0.00219	0.03148	0.00603	0.00299	0.00775
87	0.81514	0.01273	0.00968	0.00866	0.01273	0.01477	0.00713	0.01935	0.01120	0.02954	0.00917	0.01069	0.00713	0.00611	0.00407	0.00204	0.00509	0.00356	0.00407	0.00713
88	0.01365	0.01170	0.01365	0.00975	0.01560	0.00878	0.00780	0.01658	0.01365	0.02145	0.01170	0.01365	0.00975	0.00488	0.00488	0.00098	0.00488	0.00390	0.00390	0.80888
89	0.01736	0.01463	0.01544	0.01360	0.01750	0.01684	0.01066	0.11157	0.63748	0.02913	0.02554	0.02356	0.01908	0.00881	0.00669	0.00220	0.00544	0.00727	0.00669	0.01051
90	0.00809	0.00578	0.00772	0.00925	0.00966	0.00541	0.00623	0.00929	0.01267	0.01688	0.03625	0.74562	0.04339	0.02056	0.00842	0.00268	0.00388	0.03674	0.00611	0.00537
91	0.01666	0.01413	0.01503	0.01339	0.01711	0.01630	0.01047	0.08004	0.63784	0.02796	0.02564	0.02402	0.01933	0.01063	0.03883	0.00258	0.00589	0.00732	0.00655	0.01028
92	0.00957	0.00638	0.00718	0.00718	0.00718	0.00638	0.00399	0.00957	0.00957	0.01276	0.02074	0.04308	0.02393	0.76864	0.03351	0.00638	0.00638	0.00957	0.00399	0.00399
93	0.01501	0.01404	0.02386	0.22307	0.50909	0.01480	0.01886	0.01865	0.01414	0.01971	0.01215	0.01684	0.01006	0.00704	0.00765	0.04889	0.00795	0.00585	0.00315	0.00918
94	0.00867	0.00670	0.00790	0.00760	0.00944	0.00594	0.00570	0.01117	0.01710	0.02276	0.44625	0.05517	0.34224	0.01482	0.00777	0.00213	0.00320	0.01275	0.00677	0.00594
95	0.01435	0.01403	0.02016	0.01801	0.05159	0.01831	0.05441	0.01808	0.08936	0.01775	0.01260	0.04892	0.01184	0.01215	0.03950	0.00295	0.53812	0.00668	0.00351	0.00769
96	0.02188	0.05769	0.02525	0.01922	0.02411	0.32077	0.20400	0.20161	0.02076	0.02408	0.01247	0.01447	0.00960	0.00668	0.00654	0.00190	0.01023	0.00562	0.00418	0.00894
97	0.00950	0.00668	0.00870	0.00870	0.00923	0.00721	0.00589	0.01055	0.01002	0.01389	0.01935	0.03537	0.02058	0.44642	0.35114	0.00826	0.01142	0.00844	0.00378	0.00484
98	0.01956	0.01532	0.01640	0.01360	0.01782	0.01711	0.01089	0.34266	0.32279	0.03358	0.07587	0.02367	0.04263	0.00906	0.00676	0.00210	0.00593	0.00729	0.00667	0.01030
99	0.00833	0.00615	0.00824	0.00956	0.00992	0.00606	0.00651	0.00949	0.01248	0.01676	0.03495	0.72823	0.04186	0.02019	0.00904	0.00268	0.04007	0.01809	0.00596	0.00544
100	0.05268	0.01219	0.01569	0.01207	0.01715	0.01123	0.00997	0.11924	0.02019	0.62114	0.02414	0.02120	0.01536	0.00805	0.00654	0.00203	0.00580	0.00644	0.00782	0.01108
101	0.04519	0.01358	0.02088	0.52695	0.19744	0.04990	0.01802	0.01814	0.01377	0.01834	0.01168	0.01673	0.00907	0.00641	0.00644	0.00211	0.00856	0.00569	0.00307	0.00803
102	0.01760	0.77260	0.03450	0.01126	0.01690	0.02605	0.01126	0.01971	0.01338	0.01549	0.00915	0.01056	0.00845	0.00563	0.00422	0.00141	0.00704	0.00352	0.00282	0.00845
103	0.00932	0.00673	0.00880	0.00828	0.00984	0.00621	0.00621	0.01242	0.01863	0.02640	0.72410	0.04918	0.06212	0.01346	0.00776	0.00207	0.00311	0.01191	0.00725	0.00621
104	0.00925	0.00676	0.00782	0.00773	0.00962	0.00591	0.00573	0.01130	0.01590	0.05241	0.25313	0.15746	0.40141	0.01591	0.00781	0.00223	0.00344	0.01367	0.00654	0.00597
105	0.02471	0.01834	0.02001	0.01606	0.04583	0.02024	0.01279	0.68098	0.03038	0.04077	0.01568	0.01582	0.01117	0.00783	0.00658	0.00197	0.00726	0.00592	0.00647	0.01117
106	0.01875	0.01381	0.01586	0.03934	0.01805	0.03615	0.02989	0.29091	0.11551	0.08237	0.02324	0.14549	0.02091	0.01109	0.00712	0.00223	0.00633	0.08206	0.03177	0.00912
107	0.01448	0.01184	0.01372	0.01309	0.03460	0.05343	0.03616	0.18506	0.07196	0.02440	0.05035	0.38112	0.02992	0.01446	0.00761	0.00237	0.00569	0.03614	0.00596	0.00765
108	0.01524	0.01457	0.02482	0.23458	0.54163	0.01537	0.01968	0.01928	0.01449	0.02023	0.01220	0.01664	0.00998	0.00606	0.00653	0.00202	0.00808	0.00586	0.00317	0.00958
109	0.01617	0.01552	0.02651	0.06231	0.70660	0.01561	0.02014	0.02010	0.01493	0.02136	0.01236	0.01633	0.01038	0.00589	0.00652	0.00196	0.00785	0.00587	0.00325	0.01033
110	0.01554	0.01776	0.03885	0.02775	0.03441	0.01665	0.70366	0.02109	0.01554	0.02109	0.01332	0.01776	0.00999	0.00555	0.00777	0.00222	0.01110	0.00777	0.00333	0.00888
111	0.01004	0.00703	0.00967	0.03127	0.01180	0.00740	0.00767	0.01186	0.01196	0.03537	0.02582	0.15746	0.04374	0.19221	0.27244	0.00629	0.00985	0.13782	0.00469	0.00559
112	0.01084	0.00746	0.00931	0.00854	0.01046	0.00695	0.00646	0.04423	0.01850	0.05966	0.56211	0.04778	0.13094	0.03743	0.00848	0.00222	0.00354	0.01153	0.00703	0.00653
113	0.01324	0.22168	0.06307	0.01044	0.01327	0.01406	0.00897	0.06055	0.01345	0.01767	0.07430	0.03011	0.03879	0.28216	0.05564	0.00394	0.04094	0.02703	0.00407	0.00660
114	0.01479	0.16883	0.39760	0.04492	0.02453	0.07172	0.04119	0.02010	0.01436	0.01951	0.03464	0.01626	0.01113	0.00664	0.00594	0.00188	0.00871	0.02467	0.00318	0.06940
115	0.03824	0.11306	0.27582	0.10217	0.17100	0.01619	0.06506	0.02148	0.03179	0.08508	0.01328	0.01560	0.00992	0.00632	0.00618	0.00200	0.00838	0.00540	0.00356	0.00947
116	0.01780	0.01097	0.01519	0.01284	0.01599	0.01103	0.06661	0.10772	0.01727	0.22195	0.02904	0.16845	0.09788	0.01237	0.00869	0.00234	0.07358	0.07173	0.03024	0.00832
117	0.00956	0.00645	0.00753	0.00753	0.00765	0.00657	0.00443	0.00980	0.00968	0.01302	0.02042	0.04130	0.02316	0.69437	0.10672	0.00682	0.00754	0.00931	0.00394	0.00418
118	0.01608	0.01546	0.02620	0.03291	0.47321	0.04028	0.13561	0.01983	0.01498	0.04438	0.01501	0.08523	0.01347	0.00744	0.00733	0.00209	0.02996	0.00734	0.00369	0.00953
119	0.01741	0.04386	0.01992	0.01660	0.01851	0.19784	0.03789	0.03728	0.10578	0.01821	0.01206	0.01552	0.01047	0.01076	0.03806	0.00266	0.38001	0.00565	0.00363	0.00788
120	0.02487	0.01483	0.01723	0.01310	0.01839	0.01481	0.01078	0.36026	0.02398	0.28345	0.01878	0.01782	0.01278	0.00752	0.00633	0.00184	0.00630	0.00586	0.00673	0.13434
121	0.01365	0.01170	0.01365	0.00975	0.01560	0.00878	0.00780	0.01658	0.01365	0.02145	0.01170	0.01365	0.00975	0.00488	0.00488	0.00098	0.00488	0.00390	0.00390	0.80888
122	0.00802	0.00573	0.00764	0.00917	0.00955	0.00535	0.00611	0.00917	0.01260	0.01681	0.03628	0.76434	0.04354	0.02062	0.00840	0.00267	0.00382	0.01872	0.00611	0.00535
123	0.00872	0.00660	0.00805	0.00792	0.00953	0.00592	0.00585	0.01119	0.01689	0.02281	0.45497	0.13614	0.25094	0.01522	0.00784	0.00218	0.00325	0.01327	0.00679	0.00592
124	0.00861	0.00670	0.00782	0.00754	0.00940	0.00591	0.00565	0.01105	0.01696	0.02243	0.42137	0.05571	0.36732	0.01494	0.00777	0.00214	0.00321	0.01282	0.00672	0.00591
125	0.00868	0.00620	0.00840	0.00992	0.01059	0.00592	0.00726	0.01031	0.01325	0.01754	0.03592	0.58847	0.04210	0.02000	0.00858	0.00276	0.00439	0.18807	0.00610	0.00553
126	0.02459	0.03138	0.01866	0.01696	0.02035	0.74221	0.01272	0.02629	0.01866	0.01611	0.01018	0.01187	0.00848	0.00678	0.00594	0.00170	0.01187	0.00424	0.00339	0.00763
127	0.18333	0.02185	0.01734	0.01555	0.05228	0.30562	0.01170	0.22182	0.02056	0.07219	0.01272	0.01366	0.00959	0.00702	0.00582	0.00188	0.00858	0.00482	0.00475	0.00893
128	0.00951	0.00636	0.00720	0.00726	0.00727	0.00634	0.00407	0.00956	0.00969	0.01292	0.02135	0.07121	0.02470	0.73947	0.03253	0.00624	0.00628	0.00993	0.00407	0.00404
129	0.02321	0.01754	0.01873	0.01478	0.01972	0.01957	0.01207	0.56458	0.17496	0.03856	0.01812	0.01765	0.01307	0.00812	0.00661	0.00203	0.00682	0.00625	0.00661	0.01103
130	0.75920	0.01314	0.01039	0.00912	0.01328	0.01517	0.00751	0.06794	0.01260	0.03038	0.00964	0.01106	0.00742	0.00624	0.00425	0.00203	0.00524	0.00373	0.00425	0.00742
131	0.01412	0.18826	0.58836	0.01720	0.02607	0.01754	0.02160	0.02061	0.01379	0.01973	0.01126	0.01320	0.00836	0.00612	0.00583	0.00194	0.00917	0.00458	0.00279	0.00946
132	0.70605	0.05051	0.04298	0.00952	0.01397	0.01559	0.00832	0.05041	0.01232	0.02902	0.00958	0.01106	0.00743	0.00618	0.00429	0.00201	0.00549	0.00373	0.00407	0.00749
133	0.01400	0.01296	0.01908	0.06836	0.17008	0.05832	0.10430	0.04796	0.01575	0.02067	0.02366	0.08090	0.05238	0.01139	0.00759	0.00235	0.00740	0.23181	0.00466	0.04637
134	0.01479	0.01555	0.02655	0.02086	0.02314	0.01896	0.25018	0.01764	0.01195	0.01764	0.01024	0.01555	0.00910	0.00948	0.01687	0.00265	0.50158	0.00645	0.00303	0.00778
135	0.00878	0.00633	0.00848	0.00993	0.01074	0.00602	0.00740	0.01052	0.01348	0.01772	0.03732	0.52424	0.07466	0.01971	0.00858	0.00276	0.00447	0.21719	0.00610	0.00557
136	0.01629	0.01564	0.02672	0.04041	0.72757	0.01564	0.02020	0.02020	0.01499	0.02151	0.01238	0.01629	0.01043	0.00587	0.00652	0.00196	0.00782	0.00587	0.00326	0.01043
137	0.00802	0.00573	0.00764	0.00917	0.00955	0.00535	0.00611	0.00917	0.01260	0.01681	0.03628	0.76434	0.04354	0.02062	0.00840	0.00267	0.00382	0.01872	0.00611	0.00535
138	0.01033	0.00749	0.01022	0.01158	0.01317	0.00738	0.01005	0.01322	0.01514	0.01951	0.03803	0.07317	0.10628	0.01804	0.00896	0.00295	0.00579	0.61662	0.00607	0.00601
139	0.02388	0.01143	0.01438	0.01157	0.01593	0.01085	0.00937	0.07581	0.12557	0.46250	0.10666	0.02729	0.05585	0.00926	0.00682	0.00208	0.00526	0.00765	0.00762	0.01024
140	0.02238	0.01698	0.01954	0.01545	0.02009	0.04031	0.05611	0.39690	0.16976	0.09938	0.01828	0.01816	0.01321	0.00817	0.00758	0.00210	0.05248	0.00636	0.00622	0.01054
141	0.01450	0.01203	0.01334	0.01304	0.01584	0.03811	0.01068	0.05548	0.34963	0.02429	0.02929	0.04576	0.02718	0.01291	0.00773	0.00256	0.00591	0.30701	0.00630	0.00842
142	0.00957	0.00638	0.00718	0.00718	0.00718	0.00638	0.00399	0.00957	0.00957	0.01276	0.02074	0.04308	0.02393	0.76864	0.03351	0.00638	0.00638	0.00957	0.00399	0.00399
143	0.01554	0.01776	0.03885	0.02775	0.03441	0.01665	0.70366	0.02109	0.01554	0.02109	0.01332	0.01776	0.00999	0.00555	0.00777	0.00222	0.01110	0.00777	0.00333	0.00888
144	0.06234	0.02933	0.01832	0.01649	0.01989	0.65049	0.01250	0.05627	0.01857	0.01789	0.01033	0.01208	0.00854	0.00696	0.00640	0.00176	0.03621	0.00433	0.00355	0.00775
145	0.01051	0.00751	0.01049	0.01201	0.01348	0.00749	0.01043	0.01347	0.01506	0.01959	0.03491	0.10117	0.03811	0.01828	0.00907	0.00302	0.00597	0.65735	0.00606	0.00603
146	0.00957	0.00638	0.00718	0.00718	0.00718	0.00638	0.00399	0.00957	0.00957	0.01276	0.02074	0.04308	0.02393	0.76864	0.03351	0.00638	0.00638	0.00957	0.00399	0.00399
147	0.01365	0.01170	0.01365	0.00975	0.01560	0.00878	0.00780	0.01658	0.01365	0.02145	0.01170	0.01365	0.00975	0.00488	0.00488	0.00098	0.00488	0.00390	0.00390	0.80888
148	0.01872	0.01353	0.01510	0.01256	0.01692	0.01422	0.00997	0.11673	0.37955	0.13449	0.05433	0.02249	0.01863	0.00824	0.00643	0.00196	0.00538	0.00676	0.00648	0.13751
149	0.00782	0.00650	0.00685	0.00712	0.00901	0.00552	0.00520	0.00940	0.01457	0.01761	0.06117	0.19066	0.60116	0.01739	0.00789	0.00230	0.00342	0.01477	0.00611	0.00552
150	0.02459	0.03138	0.01866	0.01696	0.02035	0.74221	0.01272	0.02629	0.01866	0.01611	0.01018	0.01187	0.00848	0.00678	0.00594	0.00170	0.01187	0.00424	0.00339	0.00763
151	0.00818	0.00619	0.00762	0.00850	0.00957	0.00554	0.00588	0.00961	0.01354	0.01765	0.07647	0.52890	0.21777	0.01881	0.00811	0.00248	0.00369	0.01673	0.00610	0.02864
152	0.02120	0.01448	0.01654	0.05548	0.01940	0.01581	0.01121	0.24759	0.28861	0.16981	0.05270	0.02200	0.01768	0.00851	0.00669	0.00210	0.00605	0.00690	0.00676	0.01046
153	0.01715	0.01724	0.04110	0.02206	0.18634	0.08494	0.10074	0.04511	0.36112	0.02439	0.01946	0.02006	0.01491	0.00748	0.00670	0.00211	0.00737	0.00670	0.00504	0.00996
154	0.00933	0.00692	0.00873	0.00832	0.00996	0.00644	0.00622	0.01271	0.04093	0.02512	0.60270	0.08108	0.12889	0.01396	0.00776	0.00212	0.00323	0.01226	0.00706	0.00624
155	0.02159	0.12943	0.02323	0.02142	0.16668	0.46747	0.03890	0.02394	0.01706	0.01732	0.01060	0.01282	0.00893	0.00639	0.00589	0.00173	0.01034	0.00460	0.00328	0.00837
156	0.00826	0.00615	0.00773	0.00893	0.00970	0.00574	0.00609	0.01006	0.03609	0.01730	0.04050	0.63563	0.14422	0.01965	0.00825	0.00259	0.00379	0.01763	0.00613	0.00555
157	0.07073	0.04371	0.01939	0.01714	0.09274	0.18377	0.01255	0.30880	0.02282	0.14237	0.01518	0.01554	0.01098	0.00730	0.00621	0.00190	0.00797	0.00543	0.00549	0.00997
158	0.02027	0.06986	0.01803	0.01465	0.01859	0.25608	0.01150	0.11738	0.35270	0.02479	0.01877	0.01835	0.01437	0.00788	0.00627	0.00197	0.00778	0.00594	0.00534	0.00947
159	0.00867	0.00667	0.00737	0.00741	0.00935	0.00574	0.00547	0.01050	0.01530	0.03953	0.15724	0.16021	0.51028	0.01652	0.00783	0.00226	0.00344	0.01408	0.00634	0.00579
160	0.01397	0.01301	0.02129	0.52846	0.19193	0.01538	0.01825	0.05068	0.01428	0.01899	0.01191	0.01705	0.00925	0.00671	0.00725	0.00216	0.04225	0.00585	0.00317	0.00818
161	0.01243	0.01170	0.01975	0.75282	0.04534	0.01463	0.01828	0.01682	0.01316	0.01682	0.01170	0.01755	0.00878	0.00658	0.00658	0.00219	0.00878	0.00585	0.00293	0.00731
162	0.01289	0.00632	0.00646	0.00634	0.00800	0.00626	0.00478	0.01594	0.01399	0.04998	0.02164	0.02447	0.01685	0.00769	0.00467	0.00155	0.00316	0.00615	0.77654	0.00632
163	0.00906	0.00656	0.00855	0.00839	0.00976	0.00605	0.00616	0.01180	0.01754	0.02458	0.59230	0.16810	0.07698	0.01473	0.00787	0.00217	0.00323	0.01309	0.00703	0.00605
164	0.00929	0.00614	0.00767	0.00874	0.00947	0.00590	0.00599	0.02864	0.01332	0.01895	0.03288	0.60129	0.03752	0.01778	0.00762	0.00243	0.00376	0.01594	0.16102	0.00565
165	0.00876	0.00611	0.00774	0.00875	0.00910	0.00589	0.00578	0.00968	0.01180	0.01569	0.03092	0.46248	0.03644	0.27291	0.01694	0.00396	0.00487	0.07187	0.00539	0.00495
166	0.02474	0.02697	0.01903	0.01634	0.02037	0.49612	0.01265	0.25790	0.02285	0.02476	0.01210	0.01321	0.00941	0.00717	0.00616	0.00179	0.01029	0.00482	0.00448	0.00885
167	0.00940	0.00705	0.01058	0.01058	0.01176	0.00823	0.00823	0.01176	0.01058	0.01528	0.01763	0.02586	0.01646	0.04937	0.74255	0.01058	0.01763	0.00705	0.00353	0.00588
168	0.02357	0.11293	0.02029	0.01622	0.01987	0.64059	0.01249	0.02583	0.03950	0.01639	0.01057	0.01212	0.00883	0.00672	0.00577	0.00168	0.01113	0.00426	0.00343	0.00781
169	0.01554	0.01323	0.03842	0.01096	0.01651	0.01088	0.00910	0.11285	0.05213	0.04374	0.04999	0.01657	0.01329	0.00607	0.00544	0.00130	0.00531	0.00488	0.00466	0.56912
170	0.01577	0.08116	0.19852	0.01447	0.01966	0.04768	0.03645	0.06311	0.21819	0.05505	0.11380	0.02580	0.02141	0.00888	0.00667	0.00211	0.00690	0.05001	0.00522	0.00914
171	0.01996	0.01605	0.01665	0.01405	0.01832	0.04139	0.01117	0.25892	0.44147	0.05433	0.02255	0.02115	0.01662	0.00849	0.00663	0.00212	0.00612	0.00680	0.00660	0.01061
172	0.01786	0.05170	0.02517	0.06222	0.52819	0.16167	0.01824	0.02127	0.01558	0.01998	0.01177	0.01521	0.00989	0.00607	0.00630	0.00189	0.00864	0.00544	0.00325	0.00966
173	0.01061	0.00935	0.04168	0.01049	0.01249	0.00866	0.02440	0.03363	0.14259	0.01991	0.03523	0.38748	0.13221	0.04196	0.03073	0.00280	0.00501	0.01370	0.03034	0.00674
174	0.00813	0.00668	0.00716	0.00704	0.00911	0.00571	0.00528	0.01013	0.01584	0.01977	0.21805	0.06009	0.57231	0.01593	0.00778	0.00219	0.00328	0.01344	0.00637	0.00571
175	0.01673	0.62707	0.17244	0.01274	0.01918	0.02393	0.01384	0.01994	0.01348	0.01654	0.00968	0.01122	0.00843	0.00575	0.00462	0.00154	0.00757	0.00379	0.00281	0.00870
176	0.00950	0.00657	0.00823	0.00885	0.00942	0.00645	0.00618	0.01070	0.01223	0.01630	0.08211	0.19332	0.03416	0.38057	0.02064	0.00450	0.00554	0.17462	0.00516	0.00493
177	0.01243	0.01170	0.01975	0.75282	0.04534	0.01463	0.01828	0.01682	0.01316	0.01682	0.01170	0.01755	0.00878	0.00658	0.00658	0.00219	0.00878	0.00585	0.00293	0.00731
178	0.01440	0.01440	0.02016	0.01728	0.01728	0.02016	0.01440	0.01584	0.01008	0.01584	0.00864	0.01440	0.00864	0.01152	0.02160	0.00288	0.75659	0.00576	0.00288	0.00720
179	0.00941	0.00703	0.01046	0.01046	0.01160	0.00816	0.00808	0.01168	0.01054	0.01519	0.01774	0.02647	0.01672	0.07459	0.71769	0.01043	0.01724	0.00714	0.00354	0.00581
180	0.02467	0.01305	0.01555	0.01244	0.01693	0.03331	0.01017	0.19156	0.05767	0.40298	0.09605	0.02575	0.02077	0.00910	0.00683	0.00207	0.00592	0.03752	0.00737	0.01031
181	0.00834	0.00669	0.00744	0.00725	0.00923	0.00579	0.00544	0.01052	0.01632	0.02090	0.30458	0.05822	0.48507	0.01551	0.00777	0.00217	0.00325	0.01317	0.00652	0.00579
182	0.01551	0.01511	0.02585	0.15600	0.37148	0.01577	0.14257	0.02214	0.12628	0.02159	0.01473	0.01809	0.01160	0.00642	0.00678	0.00209	0.00817	0.00646	0.00376	0.00961
183	0.01301	0.00753	0.00988	0.00899	0.01117	0.00681	0.00690	0.01580	0.01802	0.15863	0.49763	0.09115	0.08676	0.01319	0.00762	0.00213	0.00370	0.02676	0.00726	0.00706
184	0.01093	0.00799	0.00979	0.00917	0.01122	0.00780	0.00704	0.01613	0.11892	0.04896	0.50722	0.04722	0.11348	0.01315	0.00764	0.00215	0.00366	0.04359	0.00704	0.00692
185	0.01365	0.01170	0.01365	0.00975	0.01560	0.00878	0.00780	0.01658	0.01365	0.02145	0.01170	0.01365	0.00975	0.00488	0.00488	0.00098	0.00488	0.00390	0.00390	0.80888
186	0.01147	0.00807	0.01079	0.01105	0.05986	0.00770	0.00765	0.01554	0.06279	0.06993	0.56885	0.06278	0.05254	0.01251	0.00756	0.00209	0.00374	0.01106	0.00696	0.00706
187	0.68441	0.03526	0.01157	0.00988	0.01390	0.11610	0.00801	0.02032	0.01230	0.02730	0.00931	0.01085	0.00735	0.00619	0.00434	0.00197	0.00609	0.00366	0.00395	0.00723
188	0.00832	0.00616	0.00779	0.00863	0.00962	0.00563	0.00608	0.01002	0.01433	0.01899	0.17866	0.47079	0.17166	0.01839	0.00819	0.00248	0.00366	0.03867	0.00634	0.00558
189	0.02359	0.02062	0.01985	0.01770	0.08415	0.17081	0.01312	0.45876	0.07051	0.03348	0.01502	0.01558	0.01112	0.00755	0.00645	0.00193	0.00814	0.00566	0.00562	0.01033
190	0.01499	0.01431	0.02436	0.28151	0.49668	0.01530	0.01955	0.01906	0.01437	0.01992	0.01215	0.01672	0.00987	0.00611	0.00654	0.00204	0.00814	0.00586	0.00315	0.00937
191	0.55998	0.01411	0.01243	0.01043	0.01483	0.03276	0.00857	0.15226	0.01599	0.10747	0.01228	0.01297	0.00893	0.00669	0.00487	0.00202	0.00572	0.00436	0.00498	0.00836
192	0.00953	0.00714	0.00889	0.00838	0.01013	0.00670	0.00630	0.01333	0.05708	0.02545	0.60814	0.04947	0.13748	0.01358	0.00771	0.00210	0.00325	0.01189	0.00708	0.00637
193	0.01623	0.01580	0.02754	0.03862	0.64800	0.01575	0.08178	0.02064	0.03169	0.02161	0.01281	0.01662	0.01062	0.00591	0.00663	0.00199	0.00806	0.00608	0.00335	0.01029
194	0.01629	0.01564	0.02672	0.04041	0.72757	0.01564	0.02020	0.02020	0.01499	0.02151	0.01238	0.01629	0.01043	0.00587	0.00652	0.00196	0.00782	0.00587	0.00326	0.01043
195	0.00840	0.00631	0.00785	0.00868	0.00983	0.00575	0.00628	0.01016	0.01437	0.01875	0.14442	0.40772	0.22425	0.01830	0.00822	0.00250	0.00381	0.08254	0.00627	0.00560
196	0.04843	0.00704	0.00863	0.00830	0.01005	0.00655	0.00619	0.01263	0.01710	0.04778	0.49806	0.13032	0.14610	0.01419	0.00762	0.00216	0.00340	0.01238	0.00684	0.00623
197	0.01540	0.01533	0.02863	0.07586	0.06980	0.01530	0.38750	0.07365	0.08313	0.02278	0.01797	0.02693	0.01531	0.00811	0.00762	0.00231	0.00910	0.11224	0.00429	0.00874
198	0.27565	0.01590	0.01586	0.08441	0.06474	0.10982	0.01124	0.14071	0.01768	0.18275	0.01458	0.01531	0.01039	0.00698	0.00570	0.00199	0.00699	0.00510	0.00515	0.00902
199	0.01733	0.01720	0.02543	0.03537	0.57328	0.08504	0.04116	0.04258	0.05787	0.02195	0.01317	0.01640	0.01083	0.00619	0.00652	0.00196	0.00814	0.00587	0.00358	0.01013
200	0.00854	0.00670	0.00773	0.00747	0.00936	0.00588	0.00560	0.01092	0.01681	0.02206	0.39303	0.05632	0.39589	0.01508	0.00777	0.00215	0.00322	0.01291	0.00668	0.00588
201	0.01365	0.01170	0.01365	0.00975	0.01560	0.00878	0.00780	0.01658	0.01365	0.02145	0.01170	0.01365	0.00975	0.00488	0.00488	0.00098	0.00488	0.00390	0.00390	0.80888
202	0.02334	0.16461	0.02150	0.01594	0.01973	0.61348	0.01246	0.02511	0.01771	0.01600	0.00999	0.01164	0.00847	0.00658	0.00563	0.00164	0.01100	0.00411	0.00329	0.00778
203	0.00835	0.00597	0.00802	0.00955	0.01008	0.00564	0.00669	0.00974	0.01293	0.01718	0.03610	0.67527	0.04281	0.02031	0.00849	0.00272	0.00411	0.10449	0.00610	0.00544
204	0.11774	0.01779	0.01752	0.01389	0.01876	0.10280	0.01132	0.40494	0.02468	0.18134	0.01649	0.01613	0.01147	0.00761	0.00622	0.00196	0.00720	0.00560	0.00624	0.01030
205	0.01537	0.01464	0.02472	0.23615	0.47644	0.01567	0.03835	0.03745	0.01476	0.02054	0.01219	0.01661	0.00992	0.00630	0.00708	0.00206	0.03317	0.00591	0.00324	0.00943
206	0.01092	0.00624	0.00680	0.00689	0.00779	0.00626	0.00464	0.01275	0.01209	0.01947	0.02199	0.07822	0.02105	0.28000	0.04732	0.00372	0.00493	0.00819	0.43541	0.00531
207	0.03909	0.10902	0.25233	0.01872	0.06329	0.08112	0.10728	0.12715	0.09571	0.02403	0.01382	0.01538	0.01042	0.00666	0.00625	0.00198	0.00868	0.00551	0.00399	0.00956
208	0.01770	0.65363	0.09669	0.01234	0.01819	0.07548	0.01255	0.02028	0.01380	0.01602	0.00947	0.01095	0.00844	0.00577	0.00453	0.00149	0.00762	0.00369	0.00285	0.00851
209	0.00881	0.00695	0.00780	0.00770	0.00958	0.00616	0.00574	0.01063	0.01457	0.01853	0.14460	0.05630	0.41990	0.12463	0.03109	0.00304	0.00444	0.07317	0.00580	0.04056
210	0.04293	0.01555	0.03625	0.01347	0.01840	0.01579	0.01129	0.40360	0.04535	0.22908	0.08272	0.02072	0.01729	0.00842	0.00664	0.00201	0.00637	0.00662	0.00692	0.01059
211	0.01534	0.39359	0.39374	0.01511	0.02285	0.02053	0.01797	0.02030	0.01364	0.01824	0.01052	0.01227	0.00839	0.00595	0.00527	0.00176	0.00842	0.00421	0.00280	0.00911
212	0.00956	0.00645	0.00750	0.00750	0.00761	0.00656	0.00439	0.00978	0.00967	0.01300	0.02045	0.04146	0.02323	0.70094	0.10025	0.00678	0.00744	0.00934	0.00395	0.00417
213	0.00898	0.00657	0.00811	0.00847	0.00964	0.00613	0.00616	0.01086	0.01465	0.01949	0.24191	0.19697	0.17637	0.15040	0.01265	0.00312	0.00427	0.10370	0.00606	0.00550
214	0.01450	0.05740	0.11556	0.01320	0.01721	0.01423	0.01176	0.06731	0.34459	0.02417	0.02622	0.14246	0.03991	0.01117	0.00700	0.00229	0.00589	0.07043	0.00576	0.00895
215	0.01598	0.01559	0.02739	0.08370	0.62168	0.01567	0.08252	0.02007	0.01493	0.02118	0.01243	0.01651	0.01028	0.00588	0.00664	0.00199	0.00818	0.00604	0.00324	0.01009
216	0.13625	0.12859	0.05910	0.01260	0.01794	0.01685	0.01113	0.24163	0.05582	0.15806	0.01565	0.01563	0.01129	0.00702	0.00570	0.00183	0.00641	0.00518	0.00548	0.08784

[dist]
# distance from previous block
# <min> <max>
0	1

[block]
# block no. 1 follows, 33 sequences, length 9
# corresponding to MSA columns:
# 842-850
name=unknown_B
#
# <colnr> <probs for GDERKNQSTAVLIFYWHMCP>
#	G	D	E	R	K	N	Q	S	T	A	V	L	I	F	Y	W	H	M	C	P
0	0.05708	0.01470	0.01419	0.01305	0.01588	0.16439	0.03938	0.04370	0.14407	0.05512	0.02314	0.19962	0.02250	0.01444	0.05994	0.00282	0.00757	0.06651	0.00527	0.03664
1	0.01254	0.00713	0.00950	0.00958	0.01114	0.00656	0.00703	0.01445	0.01505	0.15023	0.17797	0.38156	0.04089	0.05845	0.00940	0.00267	0.00432	0.06835	0.00660	0.00659
2	0.02503	0.01844	0.01976	0.01515	0.02042	0.02042	0.01251	0.70562	0.03095	0.04149	0.01581	0.01581	0.01120	0.00790	0.00659	0.00198	0.00724	0.00593	0.00659	0.01120
3	0.01415	0.19254	0.58431	0.01715	0.02600	0.01760	0.02152	0.02060	0.01379	0.01970	0.01124	0.01318	0.00836	0.00612	0.00582	0.00194	0.00915	0.00458	0.00279	0.00945
4	0.02553	0.01763	0.01926	0.01476	0.02001	0.01922	0.01220	0.63055	0.02960	0.11847	0.01694	0.01654	0.01176	0.00793	0.00659	0.00198	0.00706	0.00600	0.00676	0.01120
5	0.01320	0.03405	0.73453	0.01876	0.02849	0.01529	0.02432	0.02085	0.01390	0.02085	0.01181	0.01390	0.00834	0.00625	0.00625	0.00208	0.00973	0.00486	0.00278	0.00973
6	0.05933	0.00943	0.01216	0.01016	0.01347	0.00861	0.00796	0.02300	0.01653	0.40793	0.14343	0.03291	0.02618	0.15060	0.01181	0.00290	0.00532	0.04279	0.00692	0.00855
7	0.01415	0.19275	0.58411	0.01715	0.02600	0.01760	0.02152	0.02060	0.01379	0.01970	0.01124	0.01318	0.00836	0.00612	0.00582	0.00194	0.00915	0.00458	0.00279	0.00945
8	0.01756	0.60495	0.15055	0.01255	0.01883	0.02330	0.01336	0.02062	0.01378	0.05784	0.01057	0.01180	0.00888	0.00588	0.00470	0.00156	0.00741	0.00392	0.00312	0.00882

[dist]
# distance from previous block
# <min> <max>
0	1

[block]
# block no. 2 follows, 33 sequences, length 12
# corresponding to MSA columns:
# 852-863
name=unknown_C
#
# <colnr> <probs for GDERKNQSTAVLIFYWHMCP>
#	G	D	E	R	K	N	Q	S	T	A	V	L	I	F	Y	W	H	M	C	P
0	0.05036	0.01965	0.26846	0.01289	0.02003	0.01136	0.01361	0.01822	0.01363	0.02161	0.01162	0.01360	0.00913	0.00542	0.00533	0.00142	0.00660	0.00423	0.00351	0.48932
1	0.04997	0.04599	0.14891	0.01808	0.04012	0.22597	0.11588	0.11849	0.10249	0.04998	0.01428	0.01559	0.01074	0.00689	0.00636	0.00197	0.00921	0.00557	0.00429	0.00922
2	0.02447	0.02196	0.01872	0.01540	0.01990	0.26061	0.01224	0.38254	0.08112	0.07514	0.01544	0.01561	0.01132	0.00763	0.00638	0.00191	0.00852	0.00553	0.00563	0.00994
3	0.01544	0.01538	0.02411	0.02072	0.07019	0.01920	0.14421	0.06187	0.01280	0.01889	0.01025	0.01526	0.00919	0.00977	0.01698	0.00263	0.51573	0.00616	0.00323	0.00800
4	0.00932	0.00673	0.00880	0.00828	0.00984	0.00621	0.00621	0.01242	0.01863	0.02640	0.72410	0.04918	0.06212	0.01346	0.00776	0.00207	0.00311	0.01191	0.00725	0.00621
5	0.06870	0.01187	0.04982	0.01104	0.01420	0.01175	0.00903	0.02317	0.32624	0.02635	0.29120	0.03452	0.07386	0.01074	0.00696	0.00215	0.00454	0.00909	0.00648	0.00829
6	0.00802	0.00573	0.00764	0.00917	0.00955	0.00535	0.00611	0.00917	0.01260	0.01681	0.03628	0.76434	0.04354	0.02062	0.00840	0.00267	0.00382	0.01872	0.00611	0.00535
7	0.01710	0.01253	0.01462	0.01079	0.01638	0.01058	0.00870	0.09949	0.04709	0.11387	0.01464	0.01549	0.01120	0.00582	0.00537	0.00128	0.00526	0.00464	0.00487	0.58029
8	0.01525	0.01901	0.10021	0.02626	0.03276	0.01675	0.59786	0.02073	0.01504	0.02073	0.01288	0.01719	0.00975	0.00600	0.00853	0.00225	0.05932	0.00738	0.00325	0.00885
9	0.01820	0.05848	0.05052	0.02587	0.32660	0.11776	0.01577	0.08632	0.18822	0.02369	0.01572	0.01726	0.01240	0.00693	0.00636	0.00197	0.00773	0.00587	0.00438	0.00997
10	0.00840	0.00615	0.00794	0.00899	0.00986	0.00569	0.00638	0.01005	0.01397	0.01852	0.13553	0.51612	0.13161	0.01892	0.00830	0.00256	0.00386	0.07536	0.00626	0.00556
11	0.07573	0.01450	0.01923	0.09976	0.20478	0.01502	0.01368	0.21960	0.01968	0.14293	0.01702	0.01823	0.03457	0.00720	0.00630	0.00194	0.00683	0.00596	0.00518	0.07186

[dist]
# distance from previous block
# <min> <max>
5	6

[block]
# block no. 3 follows, 33 sequences, length 18
# corresponding to MSA columns:
# 870-887
name=unknown_D
#
# <colnr> <probs for GDERKNQSTAVLIFYWHMCP>
#	G	D	E	R	K	N	Q	S	T	A	V	L	I	F	Y	W	H	M	C	P
