[name]
unknown

[dist]
# distance from previous block
# <min> <max>
2	88

[block]
# block no. 0 follows, 31 sequences, length 10
# corresponding to MSA columns:
# 89-98
name=unknown_A
#
# <colnr> <probs for GDERKNQSTAVLIFYWHMCP>
#	G	D	E	R	K	N	Q	S	T	A	V	L	I	F	Y	W	H	M	C	P
0	0.07992	0.01673	0.01843	0.01476	0.01954	0.05218	0.05791	0.30145	0.18094	0.05213	0.04780	0.02128	0.04076	0.00847	0.00671	0.00207	0.00687	0.00682	0.00616	0.05906
1	0.14182	0.01250	0.01780	0.05960	0.30194	0.01297	0.01332	0.01906	0.05143	0.05245	0.06968	0.09888	0.02008	0.08836	0.00965	0.00265	0.00652	0.00810	0.00461	0.00858
2	0.06461	0.16997	0.01851	0.01113	0.01623	0.01487	0.00934	0.05693	0.12164	0.02411	0.08314	0.01882	0.01678	0.00701	0.00556	0.00154	0.00556	0.00545	0.00477	0.34404
3	0.01938	0.13231	0.01699	0.01111	0.01533	0.01435	0.00926	0.17436	0.05636	0.14117	0.02395	0.04353	0.07786	0.00885	0.00607	0.00186	0.00556	0.00697	0.17194	0.06277
4	0.13657	0.18906	0.02146	0.16975	0.02401	0.04668	0.03288	0.04738	0.15559	0.02290	0.01449	0.01630	0.01139	0.00690	0.00575	0.00193	0.00714	0.00531	0.00426	0.08023
5	0.49671	0.05463	0.03965	0.01085	0.01573	0.01547	0.00940	0.08934	0.01555	0.17559	0.01396	0.01430	0.00994	0.00696	0.00514	0.00208	0.00591	0.00466	0.00526	0.00888
6	0.01343	0.00867	0.00935	0.00918	0.00990	0.07756	0.00639	0.01236	0.01121	0.01553	0.01418	0.02106	0.01290	0.01844	0.01960	0.53614	0.00593	0.00589	0.18801	0.00425
7	0.01200	0.16554	0.01400	0.00919	0.01183	0.01049	0.00731	0.01372	0.01470	0.07032	0.04301	0.28237	0.28970	0.01564	0.00744	0.00228	0.00462	0.01329	0.00579	0.00677
8	0.01347	0.09378	0.09217	0.01515	0.01722	0.01697	0.01357	0.01602	0.01142	0.01677	0.01247	0.01844	0.01162	0.02379	0.25411	0.00540	0.35089	0.00609	0.00320	0.00744
9	0.01694	0.05436	0.09297	0.01429	0.02075	0.01403	0.08343	0.15492	0.01803	0.02608	0.01308	0.01496	0.01024	0.00596	0.00586	0.00150	0.00688	0.00499	0.00438	0.43634

[dist]
# distance from previous block
# <min> <max>
0	5

[block]
# block no. 1 follows, 31 sequences, length 52
# corresponding to MSA columns:
# 104-117,129-166
name=unknown_B
#
# <colnr> <probs for GDERKNQSTAVLIFYWHMCP>
#	G	D	E	R	K	N	Q	S	T	A	V	L	I	F	Y	W	H	M	C	P
0	0.01783	0.69032	0.10518	0.01249	0.01877	0.02594	0.01307	0.02060	0.01396	0.01666	0.00979	0.01132	0.00877	0.00592	0.00460	0.00153	0.00760	0.00380	0.00292	0.00891
1	0.01871	0.04582	0.12381	0.02330	0.17011	0.12670	0.05545	0.12615	0.01729	0.02296	0.01197	0.01521	0.00979	0.00806	0.01055	0.00225	0.19295	0.00571	0.00377	0.00943
2	0.01185	0.00884	0.03799	0.01096	0.01314	0.00751	0.04980	0.01460	0.01668	0.09311	0.32423	0.30604	0.04717	0.01541	0.00814	0.00239	0.00453	0.01391	0.00676	0.00695
3	0.00863	0.00695	0.00773	0.00783	0.00983	0.00605	0.00594	0.01072	0.01619	0.02033	0.19182	0.10708	0.49527	0.01704	0.00822	0.00237	0.00366	0.06182	0.00658	0.00593
4	0.01881	0.01255	0.01557	0.09137	0.02009	0.01339	0.01188	0.22971	0.05538	0.12503	0.02548	0.08183	0.02319	0.01219	0.00770	0.00246	0.00664	0.20848	0.02921	0.00903
5	0.09317	0.07485	0.08793	0.02744	0.33775	0.14208	0.01718	0.09860	0.01754	0.02400	0.01227	0.01487	0.00991	0.00655	0.00624	0.00197	0.00865	0.00531	0.00380	0.00989
6	0.05407	0.12632	0.26835	0.02071	0.08794	0.03873	0.15647	0.02267	0.05043	0.06112	0.03987	0.01722	0.01235	0.00676	0.00654	0.00208	0.00894	0.00600	0.00383	0.00960
7	0.80789	0.01323	0.01006	0.00900	0.01323	0.01535	0.00741	0.02011	0.01164	0.03070	0.00953	0.01111	0.00741	0.00635	0.00423	0.00212	0.00529	0.00370	0.00423	0.00741
8	0.01271	0.00777	0.00947	0.00859	0.01110	0.00682	0.00660	0.01527	0.01798	0.14404	0.35110	0.05187	0.30199	0.01430	0.00787	0.00221	0.00377	0.01220	0.00725	0.00709
9	0.01861	0.01544	0.01519	0.01341	0.01723	0.08718	0.01045	0.06778	0.44346	0.09413	0.06692	0.02790	0.07251	0.00978	0.00701	0.00222	0.00600	0.00799	0.00674	0.01004
10	0.00983	0.00710	0.00981	0.00981	0.01062	0.00791	0.00707	0.01146	0.01064	0.01500	0.01941	0.03287	0.01971	0.28868	0.49864	0.00953	0.01441	0.00821	0.00383	0.00545
11	0.02225	0.14546	0.01888	0.01318	0.03282	0.12950	0.01050	0.04125	0.06086	0.26925	0.10100	0.02519	0.02084	0.05085	0.00811	0.00224	0.00695	0.02551	0.00604	0.00930
12	0.00958	0.00699	0.00900	0.00850	0.01016	0.00641	0.00637	0.01271	0.01912	0.02684	0.67074	0.05208	0.10746	0.01421	0.00807	0.00216	0.00324	0.01251	0.00745	0.00641
13	0.01387	0.01313	0.02224	0.57632	0.20646	0.01545	0.01947	0.01832	0.01413	0.01864	0.01233	0.01793	0.00953	0.00666	0.00682	0.00222	0.00888	0.00608	0.00312	0.00837
14	0.00977	0.00733	0.01100	0.01100	0.01222	0.00855	0.00855	0.01222	0.01100	0.01588	0.01833	0.02688	0.01710	0.05131	0.73245	0.01100	0.01833	0.00733	0.00367	0.00611
15	0.00983	0.00819	0.00873	0.00838	0.01081	0.00772	0.00635	0.01469	0.12730	0.02183	0.18604	0.05652	0.47796	0.01539	0.00790	0.00228	0.00373	0.01296	0.00668	0.00672
16	0.80789	0.01323	0.01006	0.00900	0.01323	0.01535	0.00741	0.02011	0.01164	0.03070	0.00953	0.01111	0.00741	0.00635	0.00423	0.00212	0.00529	0.00370	0.00423	0.00741
17	0.01263	0.00641	0.00656	0.00656	0.00814	0.00646	0.00493	0.01579	0.01421	0.02512	0.02216	0.02556	0.01752	0.00969	0.03362	0.00197	0.00379	0.00641	0.76608	0.00637
18	0.00876	0.00652	0.00823	0.00920	0.01030	0.00599	0.00665	0.01056	0.01476	0.01933	0.13278	0.43711	0.19144	0.01928	0.00859	0.00264	0.00403	0.09153	0.00650	0.00581
19	0.01452	0.05474	0.67687	0.01899	0.02879	0.01597	0.02430	0.02210	0.01463	0.04925	0.01278	0.01470	0.00900	0.00656	0.00646	0.00215	0.00986	0.00509	0.00311	0.01013
20	0.00932	0.00698	0.00865	0.00823	0.01000	0.00630	0.00617	0.01221	0.01852	0.02542	0.56842	0.05442	0.21067	0.01474	0.00807	0.00219	0.00328	0.01284	0.00727	0.00630
21	0.01480	0.01442	0.01753	0.02247	0.25860	0.12332	0.01302	0.01821	0.05132	0.01916	0.02011	0.18018	0.02035	0.05689	0.13459	0.00396	0.00943	0.00924	0.00433	0.00807
22	0.01899	0.01314	0.01603	0.01352	0.01753	0.01395	0.04638	0.06204	0.37432	0.17363	0.14485	0.02867	0.02661	0.00969	0.00719	0.00224	0.00555	0.00830	0.00718	0.01020
23	0.02601	0.01916	0.02053	0.01574	0.02122	0.02122	0.01300	0.69408	0.03217	0.04312	0.01643	0.01643	0.01163	0.00821	0.00684	0.00205	0.00753	0.00616	0.00684	0.01163
24	0.01102	0.00787	0.01102	0.01260	0.01417	0.00787	0.01102	0.01417	0.01575	0.02047	0.03622	0.07717	0.03937	0.01890	0.00945	0.00315	0.00630	0.67084	0.00630	0.00630
25	0.01693	0.01626	0.02777	0.04199	0.71689	0.01626	0.02100	0.02100	0.01558	0.02235	0.01287	0.01693	0.01084	0.00610	0.00677	0.00203	0.00813	0.00610	0.00339	0.01084
26	0.02084	0.01480	0.01882	0.01692	0.08038	0.01541	0.05673	0.29854	0.07843	0.12872	0.02516	0.08701	0.06947	0.01037	0.00733	0.00224	0.00677	0.04552	0.00645	0.01010
27	0.00834	0.00595	0.00794	0.00953	0.00992	0.00556	0.00635	0.00953	0.01310	0.01746	0.03771	0.75510	0.04525	0.02143	0.00873	0.00278	0.00397	0.01945	0.00635	0.00556
28	0.01866	0.64834	0.07980	0.01277	0.01869	0.09116	0.01274	0.02119	0.01444	0.01652	0.00979	0.01133	0.00878	0.00601	0.00469	0.00154	0.00796	0.00382	0.00298	0.00879
29	0.00994	0.00667	0.00764	0.00764	0.00770	0.00673	0.00437	0.01006	0.01000	0.01340	0.02139	0.04386	0.02448	0.72353	0.07032	0.00685	0.00723	0.00982	0.00412	0.00425
30	0.01634	0.16454	0.28876	0.02092	0.14359	0.01761	0.05031	0.02257	0.06838	0.05838	0.03498	0.01685	0.01226	0.00694	0.00675	0.00202	0.02958	0.00564	0.00379	0.02980
31	0.01758	0.01588	0.01573	0.01417	0.01801	0.06426	0.01099	0.03576	0.65927	0.02783	0.02670	0.02465	0.02009	0.00913	0.00691	0.00228	0.00587	0.00751	0.00673	0.01064
32	0.01292	0.01216	0.02052	0.74312	0.04712	0.01520	0.01900	0.01748	0.01368	0.01748	0.01216	0.01824	0.00912	0.00684	0.00684	0.00228	0.00912	0.00608	0.00304	0.00760
33	0.02284	0.01710	0.01832	0.01456	0.01919	0.01898	0.01171	0.51493	0.13810	0.03759	0.01881	0.02092	0.01454	0.08877	0.00986	0.00259	0.00709	0.00682	0.00657	0.01070
34	0.01469	0.01421	0.01960	0.01676	0.04199	0.11328	0.20758	0.01850	0.03667	0.02115	0.02402	0.15964	0.05908	0.01058	0.00716	0.00218	0.00743	0.03428	0.18368	0.00752
35	0.00950	0.00692	0.00894	0.00858	0.01015	0.00635	0.00638	0.01250	0.01872	0.02624	0.63015	0.10092	0.09965	0.01469	0.00812	0.00220	0.00329	0.01298	0.00738	0.00635
36	0.03070	0.01164	0.01588	0.01217	0.01746	0.01006	0.01006	0.03334	0.01958	0.72163	0.02699	0.02329	0.01694	0.00847	0.00688	0.00212	0.00582	0.00688	0.00847	0.01164
37	0.01629	0.01560	0.02660	0.15494	0.60899	0.01609	0.02067	0.02043	0.01527	0.02157	0.01275	0.01714	0.01056	0.00622	0.00678	0.00207	0.00829	0.00609	0.00333	0.01032
38	0.01337	0.03344	0.67681	0.01884	0.02831	0.01521	0.02403	0.02086	0.01436	0.02139	0.01396	0.06337	0.01108	0.00749	0.00665	0.00221	0.00971	0.00601	0.00312	0.00981
39	0.01275	0.00638	0.00638	0.00638	0.00797	0.00638	0.00478	0.01594	0.01435	0.02551	0.02232	0.02551	0.01754	0.00797	0.00478	0.00159	0.00319	0.00638	0.79755	0.00638
40	0.00809	0.00693	0.00693	0.00693	0.00924	0.00578	0.00520	0.00982	0.01559	0.01848	0.06931	0.06584	0.71411	0.01733	0.00809	0.00231	0.00347	0.01444	0.00635	0.00578
41	0.02440	0.02797	0.01888	0.05752	0.02192	0.56272	0.01309	0.07042	0.01950	0.06279	0.01248	0.01437	0.00995	0.00946	0.04325	0.00230	0.01173	0.00492	0.00403	0.00830
42	0.01342	0.01267	0.02143	0.65508	0.13122	0.01533	0.01925	0.01792	0.01392	0.01809	0.01225	0.01808	0.00934	0.00675	0.00683	0.00225	0.00900	0.00608	0.00308	0.00801
43	0.00968	0.00699	0.00914	0.00861	0.01022	0.00646	0.00646	0.01291	0.01937	0.02743	0.71328	0.05110	0.06455	0.01399	0.00807	0.00215	0.00323	0.01237	0.00753	0.00646
44	0.01275	0.00638	0.00638	0.00638	0.00797	0.00638	0.00478	0.01594	0.01435	0.02551	0.02232	0.02551	0.01754	0.00797	0.00478	0.00159	0.00319	0.00638	0.79755	0.00638
45	0.01525	0.10726	0.61027	0.01825	0.02763	0.01665	0.02295	0.02228	0.01471	0.06510	0.01292	0.01465	0.00920	0.00656	0.00631	0.00209	0.00956	0.00503	0.00324	0.01007
46	0.02661	0.01167	0.01530	0.01210	0.01649	0.01093	0.00976	0.06682	0.04122	0.53888	0.04490	0.02558	0.01859	0.08445	0.01041	0.00261	0.03821	0.00730	0.00763	0.01053
47	0.02974	0.01208	0.01604	0.01234	0.01755	0.01080	0.01018	0.08307	0.02053	0.65036	0.04557	0.02355	0.01788	0.00860	0.00691	0.00211	0.00588	0.00698	0.00832	0.01150
48	0.58024	0.01577	0.01298	0.06652	0.01751	0.08820	0.00951	0.09677	0.01490	0.02969	0.01061	0.01238	0.00816	0.00667	0.00492	0.00209	0.00655	0.00423	0.00437	0.00795
49	0.00848	0.00607	0.00784	0.00918	0.00964	0.00568	0.00607	0.00958	0.01292	0.01710	0.03778	0.64751	0.07892	0.09478	0.01130	0.00314	0.00421	0.01823	0.00613	0.00543
50	0.01588	0.01518	0.02586	0.22657	0.54057	0.01598	0.02047	0.02007	0.01508	0.02107	0.01268	0.01728	0.01038	0.00629	0.00679	0.00210	0.00839	0.00609	0.00330	0.00998
51	0.02320	0.01786	0.01854	0.01503	0.01987	0.05021	0.01213	0.41004	0.25726	0.07162	0.02055	0.01966	0.01489	0.00853	0.00686	0.00213	0.00694	0.00665	0.00682	0.01120

[dist]
# distance from previous block
# <min> <max>
0	2

[block]
# block no. 2 follows, 31 sequences, length 10
# corresponding to MSA columns:
# 169-178
name=unknown_C
#
# <colnr> <probs for GDERKNQSTAVLIFYWHMCP>
#	G	D	E	R	K	N	Q	S	T	A	V	L	I	F	Y	W	H	M	C	P
0	0.11334	0.01590	0.02427	0.08887	0.50372	0.01661	0.01832	0.09479	0.01678	0.02528	0.01280	0.01627	0.01038	0.00642	0.00648	0.00206	0.00779	0.00581	0.00384	0.01026
1	0.01655	0.01615	0.02839	0.09453	0.60200	0.01627	0.08343	0.02081	0.01549	0.02194	0.01291	0.01717	0.01066	0.00612	0.00690	0.00208	0.00852	0.00628	0.00337	0.01044
2	0.01282	0.01183	0.01962	0.64342	0.07312	0.01445	0.01770	0.01693	0.01342	0.01730	0.01307	0.02066	0.01067	0.07701	0.00945	0.00267	0.00884	0.00644	0.00316	0.00742
3	0.01459	0.01363	0.02283	0.38135	0.31191	0.01545	0.01887	0.01837	0.01400	0.01907	0.01225	0.01767	0.00995	0.00774	0.00877	0.04517	0.05049	0.00607	0.00317	0.00864
4	0.01043	0.00715	0.00936	0.00917	0.01082	0.00661	0.00698	0.01333	0.01815	0.05278	0.51394	0.13086	0.08863	0.01523	0.00823	0.00233	0.00373	0.07850	0.00726	0.00651
5	0.01747	0.50783	0.17922	0.01328	0.01972	0.02291	0.01421	0.06571	0.01527	0.01973	0.01143	0.01306	0.00954	0.00629	0.00503	0.00166	0.00765	0.00431	0.05660	0.00909
6	0.01633	0.01623	0.02723	0.13291	0.46729	0.04585	0.11008	0.02054	0.01557	0.02129	0.01406	0.02036	0.01199	0.00688	0.00708	0.00215	0.00880	0.04204	0.00351	0.00981
7	0.01818	0.01414	0.02334	0.25577	0.38051	0.01480	0.01839	0.02214	0.01571	0.14779	0.01521	0.01849	0.01141	0.00676	0.00681	0.00212	0.00802	0.00623	0.00420	0.00997
8	0.01194	0.00749	0.00933	0.00875	0.01090	0.00666	0.00660	0.01447	0.01771	0.11731	0.37691	0.12882	0.22715	0.01494	0.00799	0.00226	0.00372	0.01296	0.00722	0.00687
9	0.05206	0.01167	0.01720	0.01507	0.04666	0.01158	0.10226	0.08310	0.01700	0.21031	0.02493	0.24628	0.02320	0.01205	0.00823	0.00236	0.04695	0.01060	0.04976	0.00871

[dist]
# distance from previous block
# <min> <max>
0	1

[block]
# block no. 3 follows, 31 sequences, length 33
# corresponding to MSA columns:
# 180-212
name=unknown_D
#
# <colnr> <probs for GDERKNQSTAVLIFYWHMCP>
#	G	D	E	R	K	N	Q	S	T	A	V	L	I	F	Y	W	H	M	C	P
0	0.01566	0.01619	0.02713	0.30332	0.18889	0.06121	0.19514	0.02057	0.03587	0.01997	0.01300	0.01772	0.01016	0.00669	0.00775	0.00223	0.03973	0.00655	0.00337	0.00886
1	0.02216	0.01055	0.01338	0.01099	0.01468	0.01009	0.00877	0.10052	0.01878	0.36210	0.08934	0.02710	0.02144	0.05683	0.08297	0.00321	0.00671	0.00747	0.12352	0.00937
2	0.00823	0.00674	0.00726	0.00754	0.00943	0.00577	0.00550	0.00994	0.01533	0.01881	0.10074	0.19981	0.54533	0.01793	0.00821	0.00239	0.00355	0.01530	0.00642	0.00577
3	0.20332	0.01394	0.01568	0.01239	0.01744	0.01423	0.01021	0.19039	0.04874	0.37424	0.02055	0.01899	0.01368	0.00796	0.00628	0.00211	0.00610	0.00603	0.00706	0.01066
4	0.01952	0.47538	0.09870	0.01343	0.01920	0.10745	0.01302	0.02392	0.08169	0.07134	0.01300	0.01382	0.01056	0.00659	0.00525	0.00170	0.00789	0.00452	0.00380	0.00923
5	0.01461	0.01317	0.02023	0.25884	0.20973	0.01450	0.04063	0.02102	0.12928	0.03921	0.04795	0.02582	0.09465	0.00868	0.00757	0.00224	0.03086	0.00764	0.00448	0.00889
6	0.01451	0.01151	0.01355	0.00997	0.01551	0.00881	0.00795	0.01746	0.01490	0.06322	0.05823	0.02004	0.05627	0.00654	0.00553	0.00122	0.00490	0.00534	0.00466	0.65988
7	0.01598	0.05034	0.01706	0.15747	0.12090	0.12310	0.01242	0.05761	0.01615	0.02162	0.02060	0.02341	0.08519	0.00839	0.00685	0.00197	0.03727	0.00666	0.20911	0.00789
8	0.01244	0.00896	0.01173	0.01254	0.01442	0.00915	0.01060	0.09506	0.01734	0.02277	0.03406	0.16541	0.03687	0.01797	0.00904	0.00297	0.00612	0.49934	0.00637	0.00683
9	0.01632	0.19889	0.29060	0.04493	0.10386	0.01886	0.08742	0.07240	0.04177	0.02236	0.03249	0.01604	0.01138	0.00668	0.00629	0.00200	0.00878	0.00558	0.00360	0.00974
10	0.01566	0.03865	0.01934	0.01638	0.01717	0.11600	0.01333	0.01724	0.01183	0.01625	0.01094	0.01744	0.01072	0.05610	0.09981	0.00387	0.50276	0.00607	0.00320	0.00725
11	0.02669	0.01324	0.01625	0.01275	0.01763	0.01294	0.01043	0.19517	0.06934	0.43927	0.06514	0.02348	0.01875	0.00877	0.00687	0.00210	0.00596	0.00707	0.03707	0.01108
12	0.72115	0.01272	0.01023	0.00919	0.01326	0.01450	0.00748	0.02017	0.01214	0.06551	0.01207	0.05520	0.01011	0.00734	0.00463	0.00216	0.00524	0.00479	0.00458	0.00752
13	0.02066	0.01335	0.01520	0.01292	0.01695	0.01429	0.01016	0.09444	0.37505	0.21465	0.06755	0.02676	0.02183	0.05393	0.00865	0.00249	0.00566	0.00777	0.00722	0.01046
14	0.02464	0.03030	0.01936	0.01740	0.02084	0.63185	0.01320	0.05648	0.04853	0.01839	0.01148	0.01322	0.00946	0.00746	0.00712	0.00187	0.05171	0.00471	0.00379	0.00819
15	0.01028	0.00722	0.00876	0.00823	0.01028	0.00642	0.00623	0.01298	0.01810	0.06209	0.45859	0.05457	0.28130	0.01481	0.00801	0.00220	0.00345	0.01277	0.00718	0.00651
16	0.01899	0.03656	0.01591	0.01486	0.05876	0.28555	0.01074	0.04780	0.09194	0.07408	0.09395	0.03046	0.17173	0.01028	0.00693	0.00203	0.00773	0.00807	0.00537	0.00824
17	0.00830	0.00611	0.00778	0.00911	0.00981	0.00559	0.00617	0.00957	0.01350	0.01763	0.04279	0.64422	0.15285	0.02077	0.00863	0.00270	0.00389	0.01864	0.00635	0.00559
18	0.02102	0.02333	0.01721	0.01559	0.01922	0.37129	0.01187	0.03113	0.34295	0.02269	0.04111	0.01980	0.01629	0.00832	0.00660	0.00204	0.00878	0.00623	0.00528	0.00925
19	0.00880	0.00696	0.00792	0.00768	0.00968	0.00608	0.00576	0.01119	0.01727	0.02247	0.35595	0.05928	0.42498	0.01584	0.00808	0.00224	0.00336	0.01352	0.00688	0.00608
20	0.02545	0.01862	0.01993	0.01534	0.02065	0.02059	0.01265	0.66533	0.03141	0.04237	0.01668	0.01681	0.01188	0.00820	0.00676	0.00203	0.00734	0.00617	0.04036	0.01141
21	0.02601	0.01916	0.02053	0.01574	0.02122	0.02122	0.01300	0.69408	0.03217	0.04312	0.01643	0.01643	0.01163	0.00821	0.00684	0.00205	0.00753	0.00616	0.00684	0.01163
22	0.01636	0.01385	0.01789	0.22992	0.15157	0.05728	0.01398	0.13443	0.03181	0.02483	0.03808	0.02239	0.05153	0.00799	0.00650	0.00203	0.00717	0.00672	0.15708	0.00860
23	0.04870	0.01776	0.01707	0.01403	0.01820	0.14409	0.01126	0.29722	0.02295	0.15166	0.01749	0.01839	0.01285	0.01159	0.06598	0.00273	0.03079	0.00600	0.08148	0.00976
24	0.00829	0.00614	0.00774	0.00902	0.00979	0.00560	0.00613	0.00958	0.01359	0.01766	0.04389	0.62027	0.17609	0.02063	0.00861	0.00269	0.00387	0.01847	0.00635	0.00560
25	0.02140	0.04681	0.01963	0.01489	0.01964	0.06081	0.07585	0.28638	0.10475	0.12059	0.04734	0.02568	0.10660	0.00935	0.00704	0.00211	0.00706	0.00769	0.00634	0.01003
26	0.00834	0.00595	0.00794	0.00953	0.00992	0.00556	0.00635	0.00953	0.01310	0.01746	0.03771	0.75510	0.04525	0.02143	0.00873	0.00278	0.00397	0.01945	0.00635	0.00556
27	0.01708	0.01316	0.01545	0.05826	0.05972	0.01430	0.01097	0.11673	0.31545	0.08066	0.11298	0.03100	0.10406	0.01025	0.00719	0.00223	0.00562	0.00861	0.00661	0.00968
28	0.02295	0.02017	0.01710	0.01463	0.01867	0.25023	0.01150	0.18704	0.12898	0.12413	0.06119	0.02269	0.03119	0.00890	0.00677	0.00204	0.00805	0.02764	0.02655	0.00956
29	0.00992	0.00707	0.00903	0.00926	0.01055	0.00672	0.00671	0.01193	0.01569	0.04952	0.25850	0.35158	0.16136	0.01742	0.00892	0.00248	0.03522	0.01525	0.00667	0.00621
30	0.01526	0.28117	0.49184	0.01687	0.02554	0.01966	0.02070	0.02127	0.01426	0.01979	0.01134	0.01327	0.00870	0.00628	0.00579	0.00193	0.00917	0.00458	0.00290	0.00966
31	0.17302	0.04338	0.01584	0.01320	0.01737	0.04179	0.01050	0.10202	0.44871	0.02969	0.02178	0.02075	0.01641	0.00839	0.00629	0.00220	0.00592	0.00651	0.00615	0.01007
32	0.51974	0.01967	0.01338	0.01199	0.01603	0.25530	0.00944	0.02297	0.01450	0.04918	0.01046	0.01193	0.00820	0.00666	0.00497	0.00200	0.00767	0.00405	0.00414	0.00773

[dist]
# distance from previous block
# <min> <max>
0	2

[block]
# block no. 4 follows, 31 sequences, length 32
# corresponding to MSA columns:
# 215-232,236-249
name=unknown_E
#
# <colnr> <probs for GDERKNQSTAVLIFYWHMCP>
#	G	D	E	R	K	N	Q	S	T	A	V	L	I	F	Y	W	H	M	C	P
0	0.01555	0.08058	0.22821	0.06846	0.07457	0.05115	0.13617	0.02064	0.03276	0.01999	0.01231	0.01596	0.00984	0.00766	0.01007	0.00228	0.17037	0.00590	0.02855	0.00896
1	0.01117	0.00978	0.01149	0.03466	0.01386	0.04274	0.03936	0.01580	0.09886	0.02276	0.27165	0.09076	0.26000	0.01416	0.00790	0.00229	0.00473	0.03466	0.00644	0.00694
2	0.00843	0.00690	0.00744	0.00739	0.00947	0.00591	0.00551	0.01045	0.01628	0.02031	0.20284	0.09153	0.55016	0.01680	0.00811	0.00230	0.00344	0.01422	0.00660	0.00591
3	0.02964	0.01175	0.01566	0.01207	0.01720	0.01041	0.00995	0.06390	0.01994	0.65702	0.02627	0.02306	0.01671	0.00843	0.00678	0.00209	0.00578	0.00682	0.04511	0.01140
4	0.04074	0.01553	0.02149	0.11129	0.28315	0.06326	0.05302	0.09883	0.06618	0.02517	0.08059	0.02108	0.01671	0.00759	0.00673	0.00206	0.00755	0.00675	0.06287	0.00942
5	0.01497	0.01497	0.02095	0.01796	0.01796	0.02095	0.01497	0.01646	0.01048	0.01646	0.00898	0.01497	0.00898	0.01197	0.02245	0.00299	0.74704	0.00599	0.00299	0.00748
6	0.01819	0.46848	0.13651	0.01475	0.02087	0.09447	0.05636	0.04928	0.01552	0.01869	0.01181	0.01534	0.01038	0.00676	0.00545	0.00175	0.00847	0.03466	0.00333	0.00893
7	0.01090	0.00779	0.01088	0.01246	0.01398	0.00777	0.01081	0.01396	0.01563	0.02034	0.03629	0.10800	0.03964	0.01901	0.00942	0.00313	0.00619	0.64122	0.00630	0.00627
8	0.01419	0.01216	0.01419	0.01013	0.01621	0.00912	0.00811	0.01723	0.01419	0.02229	0.01216	0.01419	0.01013	0.00507	0.00507	0.00101	0.00507	0.00405	0.00405	0.80139
9	0.01526	0.01559	0.02129	0.48352	0.12022	0.10806	0.01803	0.01905	0.01427	0.01785	0.01168	0.01695	0.00927	0.00737	0.00853	0.00227	0.09379	0.00586	0.00314	0.00801
10	0.00824	0.00694	0.00714	0.00709	0.00933	0.00584	0.00532	0.01011	0.01595	0.01933	0.13066	0.06444	0.65223	0.01701	0.00808	0.00230	0.00344	0.01424	0.00647	0.00584
11	0.02601	0.01916	0.02053	0.01574	0.02122	0.02122	0.01300	0.69408	0.03217	0.04312	0.01643	0.01643	0.01163	0.00821	0.00684	0.00205	0.00753	0.00616	0.00684	0.01163
12	0.00995	0.00663	0.00746	0.00746	0.00746	0.00663	0.00415	0.00995	0.00995	0.01327	0.02156	0.04477	0.02487	0.75957	0.03482	0.00663	0.00663	0.00995	0.00415	0.00415
13	0.03070	0.01164	0.01588	0.01217	0.01746	0.01006	0.01006	0.03334	0.01958	0.72163	0.02699	0.02329	0.01694	0.00847	0.00688	0.00212	0.00582	0.00688	0.00847	0.01164
14	0.02601	0.01916	0.02053	0.01574	0.02122	0.02122	0.01300	0.69408	0.03217	0.04312	0.01643	0.01643	0.01163	0.00821	0.00684	0.00205	0.00753	0.00616	0.00684	0.01163
15	0.80789	0.01323	0.01006	0.00900	0.01323	0.01535	0.00741	0.02011	0.01164	0.03070	0.00953	0.01111	0.00741	0.00635	0.00423	0.00212	0.00529	0.00370	0.00423	0.00741
16	0.80789	0.01323	0.01006	0.00900	0.01323	0.01535	0.00741	0.02011	0.01164	0.03070	0.00953	0.01111	0.00741	0.00635	0.00423	0.00212	0.00529	0.00370	0.00423	0.00741
17	0.01829	0.76368	0.03585	0.01171	0.01756	0.02707	0.01171	0.02049	0.01390	0.01610	0.00951	0.01097	0.00878	0.00585	0.00439	0.00146	0.00732	0.00366	0.00293	0.00878
18	0.02100	0.01664	0.01781	0.01481	0.01930	0.06508	0.03902	0.21036	0.35361	0.10108	0.02459	0.02327	0.04405	0.00894	0.00696	0.00219	0.00666	0.00728	0.00668	0.01067
19	0.01764	0.47288	0.24167	0.01454	0.02154	0.05752	0.01593	0.05376	0.01521	0.01911	0.01073	0.01235	0.00889	0.00622	0.00523	0.00172	0.00841	0.00424	0.00313	0.00928
20	0.01735	0.01418	0.01494	0.01293	0.01687	0.01573	0.01020	0.18846	0.40290	0.03002	0.03357	0.03157	0.16015	0.01067	0.00716	0.00225	0.00552	0.00873	0.00681	0.00999
21	0.01012	0.00758	0.00975	0.01066	0.01153	0.00776	0.00763	0.04460	0.04753	0.01941	0.03473	0.60076	0.04030	0.01958	0.00926	0.00276	0.03966	0.06389	0.00624	0.00625
22	0.01899	0.69295	0.03426	0.01228	0.01791	0.09528	0.01185	0.02115	0.01443	0.01616	0.00961	0.01111	0.00878	0.00597	0.00456	0.00149	0.00780	0.00373	0.00298	0.00870
23	0.00994	0.00667	0.00765	0.00765	0.00772	0.00674	0.00439	0.01007	0.01001	0.01341	0.02138	0.04379	0.02445	0.72094	0.07287	0.00687	0.00727	0.00981	0.00412	0.00425
24	0.00946	0.00682	0.00895	0.00876	0.01017	0.00631	0.00644	0.01236	0.01835	0.02581	0.60329	0.16573	0.06141	0.01520	0.00818	0.00225	0.00335	0.01352	0.00734	0.00631
25	0.13142	0.01185	0.01512	0.01176	0.01692	0.01074	0.00971	0.03163	0.01855	0.63208	0.02473	0.02171	0.01570	0.00819	0.00654	0.00212	0.00575	0.00647	0.00792	0.01109
26	0.00977	0.00733	0.01100	0.01100	0.01222	0.00855	0.00855	0.01222	0.01100	0.01588	0.01833	0.02688	0.01710	0.05131	0.73245	0.01100	0.01833	0.00733	0.00367	0.00611
27	0.00918	0.00697	0.00845	0.00808	0.00991	0.00624	0.00606	0.01195	0.01819	0.02464	0.51226	0.05570	0.26731	0.01503	0.00807	0.00220	0.00330	0.01302	0.00716	0.00624
28	0.03070	0.01164	0.01588	0.01217	0.01746	0.01006	0.01006	0.03334	0.01958	0.72163	0.02699	0.02329	0.01694	0.00847	0.00688	0.00212	0.00582	0.00688	0.00847	0.01164
29	0.01693	0.01626	0.02777	0.04199	0.71689	0.01626	0.02100	0.02100	0.01558	0.02235	0.01287	0.01693	0.01084	0.00610	0.00677	0.00203	0.00813	0.00610	0.00339	0.01084
30	0.02144	0.40165	0.02789	0.04144	0.02030	0.27983	0.01265	0.08701	0.01761	0.01895	0.01065	0.01225	0.00908	0.00655	0.00536	0.00166	0.00921	0.00426	0.00352	0.00870
31	0.01512	0.11579	0.13085	0.01254	0.01673	0.01240	0.01196	0.04933	0.03866	0.10868	0.11563	0.11212	0.07291	0.01255	0.00743	0.00234	0.00621	0.14475	0.00577	0.00822

[dist]
# distance from previous block
# <min> <max>
0	2

[block]
# block no. 5 follows, 31 sequences, length 37
# corresponding to MSA columns:
# 252-288
name=unknown_F
#
# <colnr> <probs for GDERKNQSTAVLIFYWHMCP>
#	G	D	E	R	K	N	Q	S	T	A	V	L	I	F	Y	W	H	M	C	P
0	0.01828	0.15739	0.07502	0.07704	0.03902	0.15083	0.10709	0.06305	0.05974	0.03833	0.01552	0.02188	0.01338	0.00837	0.00772	0.00215	0.05802	0.07431	0.00411	0.00876
1	0.01510	0.25500	0.51657	0.01715	0.02598	0.01926	0.02118	0.02131	0.01428	0.01999	0.01144	0.01340	0.00870	0.00630	0.00586	0.00195	0.00927	0.00463	0.00290	0.00971
2	0.04729	0.00638	0.00886	0.00895	0.00929	0.00646	0.00607	0.00966	0.00971	0.01361	0.01624	0.08409	0.03639	0.04651	0.05258	0.61719	0.00620	0.00741	0.00348	0.00364
3	0.01292	0.01216	0.02052	0.74312	0.04712	0.01520	0.01900	0.01748	0.01368	0.01748	0.01216	0.01824	0.00912	0.00684	0.00684	0.00228	0.00912	0.00608	0.00304	0.00760
4	0.03070	0.01164	0.01588	0.01217	0.01746	0.01006	0.01006	0.03334	0.01958	0.72163	0.02699	0.02329	0.01694	0.00847	0.00688	0.00212	0.00582	0.00688	0.00847	0.01164
5	0.01275	0.00638	0.00638	0.00638	0.00797	0.00638	0.00478	0.01594	0.01435	0.02551	0.02232	0.02551	0.01754	0.00797	0.00478	0.00159	0.00319	0.00638	0.79755	0.00638
6	0.00977	0.00733	0.01100	0.01100	0.01222	0.00855	0.00855	0.01222	0.01100	0.01588	0.01833	0.02688	0.01710	0.05131	0.73245	0.01100	0.01833	0.00733	0.00367	0.00611
7	0.00968	0.00699	0.00914	0.00861	0.01022	0.00646	0.00646	0.01291	0.01937	0.02743	0.71328	0.05110	0.06455	0.01399	0.00807	0.00215	0.00323	0.01237	0.00753	0.00646
8	0.00834	0.00595	0.00794	0.00953	0.00992	0.00556	0.00635	0.00953	0.01310	0.01746	0.03771	0.75510	0.04525	0.02143	0.00873	0.00278	0.00397	0.01945	0.00635	0.00556
9	0.01419	0.11061	0.65303	0.01869	0.02837	0.01704	0.02388	0.02154	0.01439	0.02109	0.01199	0.01409	0.00868	0.00643	0.00628	0.00209	0.00982	0.00491	0.00289	0.00997
10	0.01275	0.00638	0.00638	0.00638	0.00797	0.00638	0.00478	0.01594	0.01435	0.02551	0.02232	0.02551	0.01754	0.00797	0.00478	0.00159	0.00319	0.00638	0.79755	0.00638
11	0.52469	0.03950	0.01189	0.01014	0.02905	0.01418	0.00803	0.05027	0.02924	0.07888	0.02115	0.02143	0.12174	0.00839	0.00528	0.00212	0.00528	0.00590	0.00499	0.00785
12	0.65769	0.01303	0.01138	0.07212	0.01645	0.01469	0.00848	0.01959	0.01208	0.02869	0.01002	0.01204	0.00784	0.00626	0.00454	0.00202	0.00560	0.00394	0.00411	0.08943
13	0.63282	0.09170	0.03951	0.04451	0.01615	0.01678	0.00924	0.04351	0.01279	0.02867	0.00999	0.01174	0.00782	0.00639	0.00455	0.00206	0.00593	0.00395	0.00408	0.00780
14	0.01112	0.00955	0.01585	0.08909	0.01905	0.00947	0.13434	0.04373	0.01490	0.01995	0.06411	0.47401	0.03456	0.01606	0.00830	0.00258	0.00602	0.01501	0.00556	0.00676
15	0.02886	0.01325	0.01671	0.01295	0.01818	0.01261	0.01065	0.15533	0.07059	0.54731	0.02510	0.02218	0.01624	0.00848	0.00688	0.00212	0.00611	0.00681	0.00806	0.01158
16	0.01582	0.02124	0.16449	0.02910	0.13740	0.01688	0.46790	0.02173	0.01575	0.02193	0.01341	0.01749	0.01013	0.00595	0.00759	0.00224	0.01076	0.00722	0.00334	0.00963
17	0.01776	0.62390	0.09345	0.01405	0.05472	0.02503	0.01331	0.02143	0.04970	0.01754	0.01087	0.01233	0.00950	0.00610	0.00483	0.00160	0.00750	0.00411	0.00316	0.00911
18	0.00932	0.00671	0.00882	0.00886	0.01014	0.00621	0.00643	0.01200	0.01767	0.02474	0.53088	0.24118	0.05934	0.01600	0.00825	0.00232	0.00343	0.01428	0.00721	0.00621
19	0.00809	0.00693	0.00693	0.00693	0.00924	0.00578	0.00520	0.00982	0.01559	0.01848	0.06931	0.06584	0.71411	0.01733	0.00809	0.00231	0.00347	0.01444	0.00635	0.00578
20	0.02227	0.01430	0.01655	0.01344	0.01767	0.01522	0.01085	0.29108	0.12854	0.19380	0.12026	0.05547	0.02312	0.00995	0.00767	0.00219	0.03207	0.00800	0.00718	0.01037
21	0.01735	0.01486	0.01565	0.01399	0.01792	0.01717	0.01091	0.06039	0.67996	0.02915	0.02743	0.02519	0.02055	0.00924	0.00696	0.00231	0.00549	0.00768	0.00696	0.01086
22	0.00860	0.00702	0.00757	0.00769	0.00978	0.00608	0.00588	0.01055	0.01575	0.01931	0.12235	0.06494	0.56152	0.04330	0.00917	0.00253	0.00385	0.08189	0.00638	0.00583
23	0.77201	0.01316	0.01032	0.00914	0.01343	0.01510	0.00753	0.02072	0.01201	0.06259	0.01033	0.01168	0.00785	0.00645	0.00436	0.00212	0.00532	0.00385	0.00443	0.00760
24	0.01629	0.01805	0.03805	0.03126	0.16129	0.01711	0.56837	0.02175	0.01604	0.02200	0.01366	0.01817	0.01046	0.00583	0.00783	0.00226	0.01091	0.00771	0.00345	0.00952
25	0.03070	0.01164	0.01588	0.01217	0.01746	0.01006	0.01006	0.03334	0.01958	0.72163	0.02699	0.02329	0.01694	0.00847	0.00688	0.00212	0.00582	0.00688	0.00847	0.01164
26	0.00995	0.00663	0.00746	0.00746	0.00746	0.00663	0.00415	0.00995	0.00995	0.01327	0.02156	0.04477	0.02487	0.75957	0.03482	0.00663	0.00663	0.00995	0.00415	0.00415
27	0.01398	0.08939	0.50792	0.01723	0.02515	0.04432	0.02072	0.02033	0.01510	0.02130	0.06572	0.02374	0.01618	0.00840	0.00676	0.00220	0.00905	0.07966	0.00364	0.00922
28	0.00833	0.00599	0.00790	0.00943	0.00990	0.00556	0.00631	0.00954	0.01319	0.01750	0.03885	0.73028	0.06934	0.02129	0.00871	0.00276	0.00395	0.01927	0.00635	0.00556
29	0.01292	0.01216	0.02052	0.74312	0.04712	0.01520	0.01900	0.01748	0.01368	0.01748	0.01216	0.01824	0.00912	0.00684	0.00684	0.00228	0.00912	0.00608	0.00304	0.00760
30	0.00974	0.00679	0.00865	0.00880	0.00924	0.00715	0.00579	0.01065	0.01059	0.01451	0.02203	0.10618	0.02428	0.45963	0.25898	0.00769	0.01018	0.01000	0.00420	0.00492
31	0.05683	0.01920	0.02581	0.03544	0.53064	0.14818	0.04247	0.02215	0.01611	0.02171	0.01232	0.01586	0.01028	0.00627	0.00658	0.00200	0.00889	0.00574	0.00346	0.01008
32	0.01898	0.08971	0.32578	0.01840	0.02580	0.09001	0.11844	0.02505	0.04955	0.15006	0.01556	0.01669	0.01106	0.00689	0.00661	0.00208	0.00929	0.00578	0.00427	0.00996
33	0.01059	0.00700	0.00879	0.00878	0.00957	0.00711	0.00588	0.01161	0.01146	0.04912	0.02640	0.11695	0.07778	0.40520	0.20750	0.00679	0.00906	0.01049	0.00464	0.00529
34	0.01229	0.00880	0.01084	0.01164	0.04153	0.00897	0.00804	0.10922	0.04023	0.02238	0.03022	0.41151	0.03316	0.08017	0.01019	0.00286	0.00501	0.05827	0.08784	0.00684
35	0.05485	0.01621	0.04205	0.09524	0.09208	0.07748	0.01313	0.05677	0.28762	0.02430	0.02402	0.02458	0.08673	0.00925	0.00801	0.00226	0.06358	0.00730	0.00523	0.00930
36	0.08361	0.09170	0.02378	0.04813	0.32086	0.01597	0.06344	0.01991	0.04633	0.02179	0.01555	0.07634	0.01432	0.00813	0.00731	0.00210	0.04316	0.03106	0.00394	0.06259

[dist]
# distance from previous block
# <min> <max>
1	23

[block]
# block no. 6 follows, 31 sequences, length 19
# corresponding to MSA columns:
# 340-358
name=unknown_G
#
# <colnr> <probs for GDERKNQSTAVLIFYWHMCP>
#	G	D	E	R	K	N	Q	S	T	A	V	L	I	F	Y	W	H	M	C	P
0	0.14414	0.01321	0.01746	0.22396	0.11328	0.04510	0.03195	0.01999	0.07391	0.05325	0.05846	0.10527	0.01796	0.00930	0.00747	0.00228	0.04251	0.00779	0.00454	0.00818
1	0.09478	0.14933	0.25023	0.04881	0.12513	0.01639	0.01663	0.02099	0.04765	0.05377	0.04899	0.06856	0.01515	0.00796	0.00624	0.00207	0.00763	0.00645	0.00403	0.00922
2	0.02284	0.07253	0.10194	0.01414	0.01955	0.12121	0.01258	0.08742	0.11843	0.25228	0.03903	0.01957	0.01511	0.00784	0.00646	0.00197	0.00737	0.00607	0.00596	0.06769
3	0.01728	0.62362	0.08111	0.01212	0.01787	0.02432	0.01223	0.02072	0.04514	0.01788	0.06235	0.01482	0.01342	0.00665	0.00492	0.00160	0.00713	0.00458	0.00344	0.00879
4	0.05101	0.01437	0.02464	0.37211	0.30651	0.01581	0.07894	0.01937	0.01455	0.02038	0.01247	0.01742	0.00983	0.00643	0.00680	0.00218	0.00877	0.00615	0.00327	0.00900
5	0.01520	0.31524	0.40691	0.01571	0.02357	0.01955	0.01869	0.02059	0.01458	0.01992	0.06105	0.01571	0.01268	0.00678	0.00579	0.00189	0.00854	0.00503	0.00323	0.00934
6	0.00977	0.00733	0.01100	0.01100	0.01222	0.00855	0.00855	0.01222	0.01100	0.01588	0.01833	0.02688	0.01710	0.05131	0.73245	0.01100	0.01833	0.00733	0.00367	0.00611
7	0.00977	0.00733	0.01100	0.01100	0.01222	0.00855	0.00855	0.01222	0.01100	0.01588	0.01833	0.02688	0.01710	0.05131	0.73245	0.01100	0.01833	0.00733	0.00367	0.00611
8	0.02556	0.03261	0.01939	0.01763	0.02115	0.73210	0.01322	0.02732	0.01939	0.01674	0.01058	0.01234	0.00881	0.00705	0.00617	0.00176	0.01234	0.00441	0.00353	0.00793
9	0.01829	0.76368	0.03585	0.01171	0.01756	0.02707	0.01171	0.02049	0.01390	0.01610	0.00951	0.01097	0.00878	0.00585	0.00439	0.00146	0.00732	0.00366	0.00293	0.00878
10	0.00865	0.00618	0.00830	0.00989	0.01043	0.00583	0.00691	0.01008	0.01341	0.01782	0.03753	0.67463	0.04455	0.02113	0.00882	0.00282	0.00425	0.09677	0.00634	0.00565
11	0.01419	0.01216	0.01419	0.01013	0.01621	0.00912	0.00811	0.01723	0.01419	0.02229	0.01216	0.01419	0.01013	0.00507	0.00507	0.00101	0.00507	0.00405	0.00405	0.80139
12	0.41022	0.24877	0.01986	0.01153	0.01612	0.15992	0.00988	0.02164	0.01386	0.02344	0.00973	0.01131	0.00811	0.00633	0.00466	0.00185	0.00730	0.00383	0.00369	0.00794
13	0.01693	0.01626	0.02777	0.04199	0.71689	0.01626	0.02100	0.02100	0.01558	0.02235	0.01287	0.01693	0.01084	0.00610	0.00677	0.00203	0.00813	0.00610	0.00339	0.01084
14	0.00957	0.00700	0.00900	0.00933	0.01077	0.00655	0.00715	0.01213	0.01670	0.02258	0.34775	0.16312	0.14080	0.05232	0.00975	0.00270	0.00420	0.15574	0.00677	0.00609
15	0.01419	0.01216	0.01419	0.01013	0.01621	0.00912	0.00811	0.01723	0.01419	0.02229	0.01216	0.01419	0.01013	0.00507	0.00507	0.00101	0.00507	0.00405	0.00405	0.80139
16	0.01419	0.01216	0.01419	0.01013	0.01621	0.00912	0.00811	0.01723	0.01419	0.02229	0.01216	0.01419	0.01013	0.00507	0.00507	0.00101	0.00507	0.00405	0.00405	0.80139
17	0.01697	0.55300	0.23496	0.01396	0.02105	0.02384	0.01563	0.02083	0.01406	0.01771	0.01031	0.01198	0.00875	0.00604	0.00500	0.00167	0.00812	0.00406	0.00292	0.00916
18	0.01010	0.00719	0.00869	0.00861	0.01036	0.00636	0.00616	0.01198	0.01526	0.05054	0.19642	0.26768	0.21905	0.08241	0.01039	0.00270	0.00406	0.01406	0.00636	0.06161

[dist]
# distance from previous block
# <min> <max>
18	84

[block]
# block no. 7 follows, 31 sequences, length 10
# corresponding to MSA columns:
# 462-471
name=unknown_H
#
# <colnr> <probs for GDERKNQSTAVLIFYWHMCP>
#	G	D	E	R	K	N	Q	S	T	A	V	L	I	F	Y	W	H	M	C	P
0	0.01889	0.07911	0.19588	0.01648	0.02177	0.20907	0.04321	0.12863	0.01892	0.02379	0.09183	0.01863	0.01588	0.00809	0.00754	0.00203	0.05690	0.00601	0.02841	0.00894
1	0.01261	0.01123	0.01536	0.07499	0.01623	0.01447	0.01096	0.01382	0.01073	0.01549	0.01548	0.07223	0.01686	0.27500	0.02462	0.00420	0.37768	0.00823	0.00361	0.00620
2	0.01817	0.40036	0.17304	0.01506	0.02069	0.14253	0.01515	0.02139	0.01452	0.01740	0.01020	0.01240	0.00879	0.00693	0.00731	0.00184	0.09810	0.00435	0.00303	0.00875
3	0.08576	0.00913	0.01173	0.01059	0.01334	0.00934	0.00833	0.01425	0.01188	0.01892	0.01591	0.02213	0.01440	0.03517	0.47661	0.00759	0.01368	0.00615	0.00382	0.21128
4	0.01121	0.00940	0.01024	0.01018	0.01181	0.07462	0.00778	0.01404	0.01804	0.02414	0.46047	0.13837	0.05309	0.01501	0.00818	0.00235	0.00464	0.11316	0.00682	0.00646
5	0.02338	0.02681	0.02307	0.02251	0.13344	0.48010	0.09805	0.02606	0.01839	0.06690	0.01248	0.01458	0.00989	0.00684	0.00655	0.00190	0.01112	0.00530	0.00384	0.00881
6	0.04169	0.37885	0.15567	0.01533	0.02173	0.02027	0.11093	0.02173	0.01518	0.09141	0.05665	0.01646	0.01329	0.00675	0.00578	0.00184	0.00795	0.00542	0.00389	0.00919
7	0.02057	0.04596	0.04025	0.01487	0.06629	0.11732	0.01132	0.11607	0.10894	0.15973	0.04796	0.02448	0.06035	0.00880	0.00655	0.00200	0.00677	0.01904	0.09042	0.03231
8	0.06681	0.01224	0.06164	0.01123	0.01506	0.01055	0.00963	0.06122	0.01696	0.10993	0.18121	0.06022	0.10679	0.01098	0.00802	0.00207	0.05731	0.03592	0.00586	0.15633
9	0.12023	0.03860	0.01238	0.01088	0.04073	0.01060	0.00810	0.04456	0.07108	0.06941	0.21765	0.03766	0.16211	0.03846	0.00790	0.00224	0.00475	0.02194	0.00607	0.07466

[dist]
# distance from previous block
# <min> <max>
1	27

[block]
# block no. 8 follows, 31 sequences, length 9
# corresponding to MSA columns:
# 504-512
name=unknown_I
#
# <colnr> <probs for GDERKNQSTAVLIFYWHMCP>
#	G	D	E	R	K	N	Q	S	T	A	V	L	I	F	Y	W	H	M	C	P
0	0.01255	0.03360	0.04125	0.06239	0.01605	0.01073	0.02863	0.06938	0.01505	0.02066	0.09539	0.13369	0.08471	0.17196	0.01402	0.00309	0.05290	0.00982	0.00495	0.11918
1	0.01648	0.01464	0.01731	0.26776	0.08684	0.11898	0.01336	0.02039	0.05835	0.07837	0.01598	0.02267	0.01362	0.14525	0.01173	0.00286	0.00819	0.00654	0.00415	0.07653
2	0.01961	0.63631	0.03323	0.01240	0.01818	0.02607	0.01193	0.13572	0.01703	0.02072	0.01069	0.01191	0.00927	0.00626	0.00481	0.00156	0.00735	0.00409	0.00360	0.00927
3	0.01243	0.00840	0.01160	0.13448	0.01724	0.00828	0.00886	0.01564	0.01798	0.10316	0.44133	0.04404	0.12477	0.01253	0.00773	0.00219	0.00456	0.01091	0.00673	0.00716
4	0.00995	0.00663	0.00746	0.00746	0.00746	0.00663	0.00415	0.00995	0.00995	0.01327	0.02156	0.04477	0.02487	0.75957	0.03482	0.00663	0.00663	0.00995	0.00415	0.00415
5	0.01829	0.76368	0.03585	0.01171	0.01756	0.02707	0.01171	0.02049	0.01390	0.01610	0.00951	0.01097	0.00878	0.00585	0.00439	0.00146	0.00732	0.00366	0.00293	0.00878
6	0.07942	0.00800	0.01018	0.01139	0.01310	0.00803	0.00959	0.01369	0.01503	0.02079	0.03697	0.16040	0.09577	0.01801	0.00878	0.00294	0.00566	0.46986	0.00613	0.00625
7	0.01661	0.01658	0.05137	0.09806	0.02910	0.01552	0.31466	0.13498	0.01845	0.02551	0.06284	0.01950	0.01416	0.00678	0.00716	0.00202	0.00884	0.00704	0.00436	0.14644
8	0.08427	0.06682	0.01949	0.01442	0.04972	0.01428	0.06918	0.10786	0.01633	0.02494	0.01229	0.01454	0.00998	0.00619	0.00661	0.00156	0.05263	0.00483	0.00421	0.41985

[dist]
# distance from previous block
# <min> <max>
1	33

[block]
# block no. 9 follows, 31 sequences, length 35
# corresponding to MSA columns:
# 560-594
name=unknown_J
#
# <colnr> <probs for GDERKNQSTAVLIFYWHMCP>
#	G	D	E	R	K	N	Q	S	T	A	V	L	I	F	Y	W	H	M	C	P
0	0.05364	0.01769	0.09557	0.02310	0.02930	0.01495	0.45696	0.01988	0.01523	0.02179	0.01634	0.10974	0.01443	0.00777	0.00758	0.00224	0.00964	0.00869	0.00386	0.07159
1	0.00834	0.00595	0.00794	0.00953	0.00992	0.00556	0.00635	0.00953	0.01310	0.01746	0.03771	0.75510	0.04525	0.02143	0.00873	0.00278	0.00397	0.01945	0.00635	0.00556
2	0.01658	0.01591	0.08829	0.04186	0.18664	0.04297	0.11882	0.02166	0.07038	0.10903	0.02171	0.15445	0.01993	0.01024	0.00747	0.00232	0.00768	0.04991	0.00498	0.00919
3	0.01762	0.01631	0.02314	0.13974	0.08652	0.08763	0.16617	0.04338	0.15084	0.07794	0.04009	0.02325	0.03656	0.00823	0.00775	0.00225	0.03370	0.02484	0.00484	0.00921
4	0.01372	0.03539	0.72412	0.01950	0.02961	0.01589	0.02528	0.02167	0.01444	0.02167	0.01228	0.01444	0.00867	0.00650	0.00650	0.00217	0.01011	0.00506	0.00289	0.01011
5	0.01386	0.07177	0.04532	0.01138	0.03352	0.03360	0.00917	0.11897	0.03763	0.02392	0.10836	0.06819	0.27511	0.01198	0.00705	0.00201	0.00534	0.00987	0.00569	0.10726
6	0.01188	0.00594	0.00891	0.00891	0.00891	0.00594	0.00594	0.00891	0.00891	0.01188	0.01188	0.02080	0.01188	0.02377	0.02674	0.80095	0.00594	0.00594	0.00297	0.00297
7	0.00990	0.00682	0.00840	0.00840	0.00873	0.00714	0.00532	0.01055	0.01023	0.01396	0.02070	0.04000	0.02280	0.57088	0.22068	0.00779	0.00975	0.00925	0.00402	0.00467
8	0.01497	0.01497	0.02095	0.01796	0.01796	0.02095	0.01497	0.01646	0.01048	0.01646	0.00898	0.01497	0.00898	0.01197	0.02245	0.00299	0.74704	0.00599	0.00299	0.00748
9	0.71305	0.01285	0.01048	0.00923	0.01344	0.01456	0.00758	0.02086	0.01259	0.08536	0.04018	0.01374	0.01054	0.00684	0.00460	0.00212	0.00525	0.00432	0.00471	0.00771
10	0.05286	0.01632	0.01901	0.03623	0.02034	0.06005	0.07270	0.28127	0.04326	0.05531	0.04624	0.01963	0.01441	0.05606	0.00881	0.00222	0.02949	0.00633	0.00541	0.15407
11	0.00851	0.00695	0.00752	0.00738	0.00950	0.00596	0.00553	0.01065	0.01660	0.02088	0.24165	0.06190	0.54027	0.01643	0.00808	0.00227	0.00340	0.01389	0.00667	0.00596
12	0.02527	0.08905	0.02192	0.01544	0.02087	0.04822	0.01289	0.60649	0.02999	0.03962	0.01556	0.01577	0.01126	0.00795	0.00659	0.00199	0.00769	0.00586	0.00636	0.01123
13	0.01292	0.01216	0.02052	0.74312	0.04712	0.01520	0.01900	0.01748	0.01368	0.01748	0.01216	0.01824	0.00912	0.00684	0.00684	0.00228	0.00912	0.00608	0.00304	0.00760
14	0.02325	0.01349	0.01894	0.01448	0.01975	0.01264	0.10030	0.09196	0.10543	0.34464	0.05593	0.02235	0.01743	0.00798	0.00685	0.00201	0.00646	0.00695	0.00679	0.12238
15	0.01555	0.04782	0.31180	0.01765	0.02461	0.01411	0.14950	0.02182	0.05550	0.10335	0.04575	0.02571	0.11913	0.00860	0.00710	0.00219	0.00830	0.00762	0.00456	0.00934
16	0.03027	0.01233	0.01630	0.01250	0.01781	0.01108	0.01033	0.09388	0.02073	0.65945	0.02602	0.02266	0.01645	0.00844	0.00688	0.00211	0.00598	0.00681	0.00832	0.01164
17	0.01372	0.03539	0.72412	0.01950	0.02961	0.01589	0.02528	0.02167	0.01444	0.02167	0.01228	0.01444	0.00867	0.00650	0.00650	0.00217	0.01011	0.00506	0.00289	0.01011
