[name]
unknown

[dist]
# distance from previous block
# <min> <max>
0	83

[block]
# block no. 0 follows, 30 sequences, length 16
# corresponding to MSA columns:
# 84-99
name=unknown_A
#
# <colnr> <probs for GDERKNQSTAVLIFYWHMCP>
#	G	D	E	R	K	N	Q	S	T	A	V	L	I	F	Y	W	H	M	C	P
0	0.00867	0.00626	0.00825	0.00978	0.01037	0.00584	0.00673	0.01005	0.01368	0.01808	0.04011	0.66818	0.08162	0.02146	0.00892	0.00283	0.00418	0.06277	0.00647	0.00573
1	0.04471	0.01014	0.01255	0.09303	0.01708	0.01018	0.00902	0.07174	0.01758	0.25581	0.02231	0.02328	0.01594	0.00813	0.00597	0.00193	0.00523	0.00654	0.35998	0.00886
2	0.01053	0.00819	0.00945	0.00897	0.01114	0.00777	0.00676	0.04599	0.06704	0.02484	0.34995	0.10342	0.28913	0.01540	0.00814	0.00231	0.00380	0.01324	0.00709	0.00684
3	0.00882	0.00630	0.00846	0.01008	0.01063	0.00594	0.00703	0.01027	0.01368	0.01817	0.03829	0.67200	0.04546	0.02156	0.00899	0.00288	0.00433	0.09489	0.00647	0.00576
4	0.00916	0.00742	0.00810	0.00831	0.01020	0.00676	0.00602	0.01214	0.06542	0.01973	0.09897	0.21283	0.44151	0.04965	0.00949	0.00264	0.00392	0.01502	0.00650	0.00619
5	0.01694	0.01691	0.03083	0.06596	0.54007	0.01677	0.16543	0.02149	0.01594	0.02252	0.01331	0.01766	0.01089	0.00617	0.00720	0.00214	0.00908	0.00665	0.00346	0.01057
6	0.01222	0.00849	0.01157	0.01090	0.01193	0.00963	0.00810	0.01386	0.01186	0.06732	0.05162	0.03262	0.02122	0.26461	0.33728	0.00774	0.10009	0.00836	0.00436	0.00620
7	0.27846	0.18789	0.02197	0.11266	0.02238	0.12612	0.04969	0.05743	0.01522	0.02347	0.01084	0.01337	0.00880	0.00685	0.00618	0.00202	0.03982	0.00469	0.00378	0.00833
8	0.00909	0.00651	0.00825	0.00940	0.01004	0.00616	0.00645	0.01034	0.01327	0.01742	0.03813	0.47816	0.10331	0.16259	0.01406	0.00359	0.00478	0.08693	0.00604	0.00549
9	0.01363	0.00796	0.01053	0.00942	0.01172	0.00723	0.00723	0.01682	0.01979	0.14850	0.58844	0.04716	0.05734	0.01328	0.00802	0.00219	0.00376	0.01164	0.00785	0.00751
10	0.04456	0.03525	0.03669	0.07291	0.05251	0.02963	0.01222	0.17068	0.23529	0.02865	0.06752	0.02973	0.04923	0.04538	0.00852	0.00250	0.00665	0.05652	0.00601	0.00954
11	0.01132	0.00861	0.01062	0.00996	0.01057	0.00959	0.00681	0.01289	0.04173	0.01543	0.01970	0.03686	0.02128	0.49251	0.12748	0.00645	0.10712	0.00888	0.00413	0.03805
12	0.01806	0.02215	0.23153	0.08060	0.05837	0.03803	0.11251	0.10127	0.07954	0.09230	0.01858	0.02022	0.04316	0.00798	0.00787	0.00226	0.04417	0.00675	0.00465	0.01001
13	0.01791	0.01455	0.05239	0.04979	0.02206	0.01233	0.11518	0.07399	0.03454	0.13164	0.01831	0.04688	0.01496	0.00785	0.00670	0.00185	0.00700	0.05030	0.00517	0.31660
14	0.11316	0.05691	0.01916	0.04129	0.07449	0.24690	0.01269	0.15474	0.10319	0.04750	0.01575	0.03687	0.01258	0.00796	0.00634	0.00203	0.00856	0.00589	0.02460	0.00940
15	0.01603	0.11400	0.19875	0.10060	0.22087	0.04812	0.07300	0.02075	0.01503	0.02058	0.01310	0.04037	0.01100	0.00714	0.00735	0.00210	0.04223	0.00610	0.00335	0.03952

[dist]
# distance from previous block
# <min> <max>
0	3

[block]
# block no. 1 follows, 30 sequences, length 48
# corresponding to MSA columns:
# 103-150
name=unknown_B
#
# <colnr> <probs for GDERKNQSTAVLIFYWHMCP>
#	G	D	E	R	K	N	Q	S	T	A	V	L	I	F	Y	W	H	M	C	P
0	0.04268	0.07208	0.01969	0.11441	0.10973	0.19661	0.04048	0.03992	0.05429	0.02003	0.05321	0.04840	0.01714	0.12913	0.01135	0.00282	0.00867	0.00716	0.00421	0.00800
1	0.16414	0.01080	0.01229	0.06424	0.03298	0.01137	0.00912	0.08611	0.05646	0.06169	0.15972	0.13235	0.13006	0.01255	0.00724	0.00233	0.00519	0.02738	0.00617	0.00780
2	0.02051	0.01035	0.01341	0.01140	0.01536	0.00926	0.00922	0.02405	0.05244	0.33864	0.07944	0.08129	0.08340	0.01309	0.03169	0.00254	0.00581	0.09111	0.00721	0.09976
3	0.01484	0.08712	0.44289	0.04106	0.05574	0.07828	0.02043	0.02076	0.01535	0.02072	0.01910	0.02315	0.07727	0.00839	0.00678	0.00219	0.00930	0.04374	0.00357	0.00932
4	0.00997	0.00748	0.01121	0.01121	0.01246	0.00872	0.00872	0.01246	0.01121	0.01620	0.01869	0.02741	0.01745	0.05234	0.72710	0.01121	0.01869	0.00748	0.00374	0.00623
5	0.01855	0.01460	0.01643	0.08779	0.03958	0.03629	0.01167	0.20442	0.22350	0.06849	0.05252	0.06547	0.10914	0.01059	0.00730	0.00227	0.00638	0.00876	0.00645	0.00979
6	0.00856	0.00619	0.00798	0.00938	0.00994	0.00574	0.00626	0.00976	0.01343	0.01770	0.04051	0.65556	0.10370	0.05712	0.01014	0.00298	0.00414	0.01892	0.00637	0.00562
7	0.01519	0.05895	0.06045	0.08750	0.09008	0.07002	0.12004	0.07480	0.01677	0.02180	0.05250	0.16073	0.07310	0.01216	0.02776	0.00255	0.03290	0.00974	0.00467	0.00830
8	0.01656	0.01326	0.01851	0.16867	0.02487	0.01399	0.05758	0.09132	0.08265	0.07638	0.03378	0.02029	0.01407	0.01304	0.09522	0.00312	0.05605	0.00641	0.00478	0.18945
9	0.01653	0.32215	0.40850	0.01663	0.02484	0.06144	0.01960	0.02195	0.01480	0.01956	0.01131	0.01321	0.00889	0.00640	0.00576	0.00190	0.00931	0.00455	0.00300	0.00965
10	0.01739	0.09121	0.10764	0.19492	0.30705	0.12400	0.01936	0.02158	0.01572	0.02009	0.01221	0.01600	0.00988	0.00657	0.00657	0.00205	0.00933	0.00559	0.00329	0.00955
11	0.00903	0.00704	0.00813	0.00796	0.00984	0.00621	0.00589	0.01139	0.01728	0.02263	0.34637	0.09310	0.37299	0.04002	0.00915	0.00245	0.00356	0.01391	0.00693	0.00613
12	0.00869	0.00645	0.00794	0.00886	0.00980	0.00589	0.00605	0.01013	0.01429	0.01867	0.10607	0.47588	0.19931	0.07488	0.01068	0.00296	0.00406	0.01727	0.00642	0.00570
13	0.01077	0.00775	0.00998	0.01083	0.01205	0.00793	0.00815	0.03620	0.05748	0.02019	0.03289	0.37577	0.03630	0.05293	0.09459	0.00395	0.00659	0.16030	0.04891	0.00644
14	0.00977	0.00702	0.00863	0.00920	0.01071	0.00639	0.00683	0.01175	0.01557	0.04140	0.14474	0.29076	0.25650	0.04381	0.00956	0.00276	0.00426	0.10758	0.00664	0.00612
15	0.00855	0.00622	0.00807	0.00943	0.01008	0.00573	0.00638	0.00992	0.01391	0.01843	0.07568	0.65372	0.10595	0.02110	0.00881	0.00276	0.00396	0.01901	0.00654	0.00573
16	0.01318	0.01240	0.02093	0.73798	0.04806	0.01550	0.01938	0.01783	0.01395	0.01783	0.01240	0.01860	0.00930	0.00698	0.00698	0.00233	0.00930	0.00620	0.00310	0.00775
17	0.01019	0.00776	0.01147	0.01135	0.01249	0.00916	0.00880	0.01254	0.01115	0.01611	0.01844	0.02771	0.01745	0.08121	0.66820	0.01069	0.04781	0.00754	0.00373	0.00620
18	0.01728	0.01321	0.01538	0.01119	0.01725	0.01085	0.00903	0.09894	0.01711	0.08188	0.01416	0.01550	0.01109	0.00583	0.00554	0.00125	0.00553	0.00463	0.00484	0.63951
19	0.04624	0.01334	0.02208	0.55946	0.18867	0.01574	0.01933	0.01871	0.01428	0.01944	0.01245	0.01802	0.00961	0.00679	0.00685	0.00226	0.00893	0.00611	0.00323	0.00845
20	0.00999	0.00740	0.01084	0.01084	0.01196	0.00852	0.00826	0.01222	0.01110	0.01592	0.01903	0.02931	0.01827	0.12516	0.65540	0.01075	0.01746	0.00775	0.00379	0.00602
21	0.00968	0.00711	0.00924	0.00999	0.01140	0.00667	0.00776	0.01218	0.01640	0.02183	0.23647	0.24565	0.14850	0.01827	0.00883	0.00269	0.00446	0.20985	0.00681	0.00619
22	0.01408	0.01256	0.01644	0.01628	0.07643	0.05403	0.03845	0.06641	0.01393	0.01907	0.01808	0.10469	0.01837	0.14424	0.19217	0.00539	0.16934	0.00864	0.00418	0.00723
23	0.01067	0.00856	0.01257	0.04922	0.01497	0.00881	0.06164	0.01353	0.05249	0.01835	0.03027	0.39282	0.03404	0.13516	0.03598	0.00367	0.03091	0.07449	0.00555	0.00631
24	0.01027	0.00743	0.00892	0.00905	0.01110	0.00667	0.00711	0.01270	0.01688	0.05166	0.21041	0.10325	0.35084	0.01705	0.00851	0.00251	0.00421	0.14816	0.00685	0.00641
25	0.01753	0.01903	0.05144	0.03534	0.41338	0.07134	0.21460	0.02201	0.01611	0.02197	0.01306	0.01721	0.01062	0.00645	0.00789	0.00218	0.03955	0.00664	0.00346	0.01019
26	0.01983	0.04827	0.01986	0.02012	0.15198	0.11195	0.01362	0.14120	0.23067	0.05141	0.02134	0.04891	0.01779	0.00940	0.00709	0.00223	0.00749	0.06095	0.00572	0.01018
27	0.01480	0.01445	0.05752	0.03010	0.42652	0.01330	0.03307	0.01860	0.01567	0.02237	0.06690	0.06578	0.04314	0.04159	0.00849	0.00241	0.00724	0.05643	0.05232	0.00930
28	0.01082	0.00749	0.00980	0.03493	0.01162	0.00826	0.00721	0.01279	0.01191	0.01766	0.02210	0.05235	0.04303	0.22238	0.30957	0.00703	0.03609	0.00847	0.16066	0.00584
29	0.77500	0.01433	0.03630	0.00957	0.01411	0.01567	0.00823	0.02057	0.01198	0.03097	0.00982	0.01146	0.00760	0.00648	0.00440	0.00216	0.00558	0.00383	0.00427	0.00766
30	0.02055	0.23907	0.07690	0.01482	0.01957	0.23487	0.01307	0.07681	0.03871	0.04939	0.07581	0.01735	0.01514	0.00788	0.00697	0.00188	0.04981	0.00549	0.00431	0.03160
31	0.01292	0.02643	0.46390	0.01659	0.02435	0.01326	0.04382	0.01923	0.01570	0.02281	0.13064	0.02578	0.08306	0.00876	0.00700	0.00214	0.00824	0.00730	0.00415	0.06392
32	0.21628	0.01490	0.06605	0.01219	0.01728	0.01376	0.01069	0.15304	0.01945	0.28933	0.01945	0.01897	0.01331	0.00785	0.00607	0.00209	0.00615	0.00589	0.09715	0.01008
33	0.06472	0.02533	0.39137	0.07185	0.02669	0.01473	0.01924	0.05922	0.01691	0.21855	0.01679	0.01747	0.01133	0.00730	0.00665	0.00220	0.00859	0.00574	0.00484	0.01048
34	0.01465	0.00961	0.01215	0.03494	0.01511	0.00967	0.00964	0.08099	0.06013	0.10528	0.05758	0.18480	0.09118	0.05391	0.00985	0.00290	0.00574	0.22762	0.00662	0.00763
35	0.00904	0.00693	0.00840	0.00924	0.01074	0.00629	0.00698	0.01099	0.01529	0.01943	0.08937	0.30114	0.31070	0.01923	0.00875	0.00268	0.00428	0.14801	0.00654	0.00596
36	0.01270	0.00841	0.01028	0.01022	0.01227	0.00815	0.00778	0.03588	0.07947	0.08644	0.15353	0.25527	0.14099	0.01617	0.00818	0.00251	0.00451	0.09263	0.04736	0.00724
37	0.01419	0.06595	0.69044	0.01956	0.02969	0.01668	0.02521	0.02205	0.01471	0.02186	0.01241	0.01459	0.00884	0.00660	0.00654	0.00218	0.01020	0.00510	0.00295	0.01026
38	0.01422	0.07124	0.68544	0.01950	0.02960	0.01676	0.02511	0.02204	0.01471	0.02182	0.01239	0.01456	0.00885	0.00660	0.00653	0.00218	0.01017	0.00509	0.00295	0.01025
39	0.00888	0.00661	0.00819	0.00880	0.00997	0.00601	0.00617	0.01075	0.01559	0.02072	0.23036	0.38104	0.19823	0.04368	0.00948	0.00268	0.00382	0.01637	0.00674	0.00592
40	0.00848	0.00614	0.00802	0.00953	0.01007	0.00568	0.00640	0.00974	0.01354	0.01789	0.04073	0.70220	0.09269	0.02157	0.00886	0.00280	0.00401	0.01948	0.00648	0.00568
41	0.01615	0.01674	0.02823	0.15067	0.21984	0.05569	0.20758	0.02025	0.01497	0.02031	0.01325	0.01917	0.01110	0.00882	0.02872	0.00261	0.13009	0.02331	0.00344	0.00906
42	0.05219	0.01696	0.02217	0.08285	0.08178	0.09147	0.11727	0.15388	0.01924	0.10394	0.03903	0.01937	0.01361	0.01019	0.04342	0.00265	0.07643	0.00663	0.03751	0.00942
43	0.69316	0.01385	0.01175	0.01078	0.03568	0.01573	0.00846	0.05956	0.01364	0.06906	0.01120	0.01251	0.00844	0.00670	0.00470	0.00215	0.00565	0.00417	0.00468	0.00815
44	0.01583	0.01202	0.01588	0.01392	0.03335	0.01287	0.05928	0.19247	0.04118	0.02598	0.01911	0.02595	0.01651	0.07240	0.25783	0.00552	0.01100	0.02966	0.09891	0.04033
45	0.01488	0.12661	0.11380	0.01788	0.07143	0.01530	0.14921	0.05871	0.01610	0.02188	0.06188	0.04938	0.11158	0.01024	0.00881	0.04774	0.03765	0.00811	0.05046	0.00835
46	0.01839	0.01535	0.01686	0.01571	0.05796	0.01727	0.01165	0.12611	0.51960	0.03057	0.02515	0.02383	0.01890	0.00894	0.00693	0.00224	0.00590	0.00739	0.03325	0.03800
47	0.10299	0.01236	0.01614	0.01269	0.01745	0.01186	0.01049	0.03104	0.01829	0.58242	0.02404	0.02174	0.01556	0.00878	0.00832	0.00225	0.07822	0.00662	0.00768	0.01105

[dist]
# distance from previous block
# <min> <max>
0	1

[block]
# block no. 2 follows, 30 sequences, length 13
# corresponding to MSA columns:
# 152-164
name=unknown_C
#
# <colnr> <probs for GDERKNQSTAVLIFYWHMCP>
#	G	D	E	R	K	N	Q	S	T	A	V	L	I	F	Y	W	H	M	C	P
0	0.02242	0.01810	0.01903	0.05650	0.02186	0.05346	0.01274	0.38956	0.23685	0.03577	0.01966	0.01945	0.01445	0.00845	0.00691	0.00214	0.00724	0.00661	0.00652	0.04229
1	0.15803	0.06854	0.12859	0.05733	0.10210	0.06301	0.06969	0.05797	0.01574	0.02409	0.06399	0.01890	0.01445	0.01112	0.06564	0.00286	0.03117	0.00608	0.03199	0.00872
2	0.01271	0.00815	0.00997	0.00966	0.01181	0.00761	0.00717	0.01641	0.07723	0.11766	0.20979	0.25935	0.19314	0.01611	0.00817	0.00243	0.00414	0.01407	0.00713	0.00728
3	0.00851	0.00683	0.00764	0.00822	0.00995	0.00596	0.00602	0.01020	0.01516	0.01867	0.05897	0.27185	0.46919	0.01902	0.00853	0.00255	0.00387	0.05654	0.00648	0.00586
4	0.01030	0.04438	0.00996	0.00918	0.01066	0.00725	0.00670	0.01243	0.01594	0.04142	0.25223	0.36671	0.11290	0.01716	0.00815	0.00244	0.00394	0.01519	0.04669	0.00637
5	0.01997	0.01940	0.05286	0.05586	0.39356	0.09451	0.07587	0.12109	0.01896	0.05977	0.01416	0.01709	0.01108	0.00678	0.00696	0.00209	0.00896	0.00621	0.00422	0.01061
6	0.04451	0.01005	0.01174	0.01038	0.01337	0.01023	0.00812	0.05275	0.13792	0.14815	0.21778	0.03384	0.06057	0.01328	0.05160	0.00268	0.00538	0.00886	0.15029	0.00851
7	0.01437	0.02792	0.01300	0.01172	0.01398	0.00923	0.03428	0.01755	0.06284	0.13750	0.02934	0.22345	0.06134	0.02456	0.17689	0.05885	0.00856	0.06145	0.00581	0.00736
8	0.02107	0.01702	0.06265	0.05599	0.11444	0.07685	0.07376	0.10303	0.08300	0.19419	0.04991	0.07965	0.01834	0.00908	0.00723	0.00221	0.00769	0.00791	0.00587	0.01011
9	0.01654	0.12347	0.04858	0.20974	0.25100	0.09727	0.01730	0.02009	0.01525	0.01932	0.01603	0.01956	0.05941	0.00766	0.00751	0.00210	0.05047	0.00623	0.00349	0.00898
10	0.04049	0.01249	0.04592	0.01166	0.01440	0.06188	0.00926	0.12004	0.01778	0.06630	0.06391	0.29935	0.12181	0.01795	0.06069	0.00307	0.00667	0.01264	0.00609	0.00760
11	0.01857	0.18813	0.17729	0.02101	0.11305	0.11573	0.10218	0.09766	0.01784	0.02283	0.03416	0.03464	0.01242	0.00723	0.00649	0.00200	0.00924	0.00601	0.00388	0.00963
12	0.05257	0.14473	0.12176	0.01880	0.08115	0.06421	0.13719	0.02117	0.05013	0.04646	0.09496	0.05921	0.04511	0.00876	0.00719	0.00213	0.02346	0.00763	0.00447	0.00892

[dist]
# distance from previous block
# <min> <max>
1	9

[block]
# block no. 3 follows, 30 sequences, length 25
# corresponding to MSA columns:
# 174-198
name=unknown_D
#
# <colnr> <probs for GDERKNQSTAVLIFYWHMCP>
#	G	D	E	R	K	N	Q	S	T	A	V	L	I	F	Y	W	H	M	C	P
0	0.01598	0.06983	0.12991	0.01564	0.07828	0.05800	0.02952	0.05097	0.01729	0.08363	0.11630	0.05506	0.11741	0.01021	0.00703	0.00206	0.00679	0.03331	0.00525	0.09754
1	0.05589	0.01685	0.01886	0.01746	0.08086	0.06824	0.03627	0.21640	0.19444	0.02991	0.01888	0.04078	0.01498	0.00979	0.02417	0.00240	0.06565	0.00688	0.05166	0.02963
2	0.01144	0.00819	0.01062	0.01169	0.06653	0.00741	0.00785	0.01371	0.01614	0.07011	0.17945	0.21372	0.23495	0.04123	0.00909	0.00254	0.00447	0.04703	0.00647	0.03737
3	0.04084	0.01946	0.17223	0.01410	0.01960	0.06996	0.01334	0.09809	0.11258	0.07644	0.12738	0.04855	0.02207	0.00893	0.00678	0.00202	0.00696	0.00725	0.00553	0.12788
4	0.05384	0.01528	0.04309	0.01774	0.10360	0.03562	0.05600	0.15080	0.16456	0.05328	0.15090	0.07842	0.02620	0.01010	0.00730	0.00224	0.00654	0.00874	0.00614	0.00962
5	0.00907	0.00670	0.00894	0.00994	0.01054	0.00669	0.00689	0.01051	0.01337	0.01808	0.07843	0.54814	0.06244	0.06140	0.08268	0.00383	0.03357	0.01696	0.00604	0.00579
6	0.01536	0.01610	0.07868	0.34591	0.30354	0.01596	0.01987	0.05368	0.01581	0.02149	0.01499	0.01940	0.03487	0.00710	0.00697	0.00221	0.00870	0.00643	0.00355	0.00939
7	0.01784	0.40494	0.28571	0.01560	0.02288	0.10801	0.01722	0.02218	0.01506	0.01859	0.01087	0.01267	0.00892	0.00636	0.00549	0.00179	0.00913	0.00435	0.00304	0.00935
8	0.01771	0.01613	0.02205	0.02940	0.39979	0.06726	0.01620	0.02452	0.15907	0.05860	0.02122	0.02380	0.06155	0.04234	0.00832	0.00235	0.00751	0.00724	0.00474	0.01021
9	0.00985	0.00676	0.00757	0.00766	0.00795	0.00661	0.00447	0.01011	0.01097	0.01436	0.02840	0.08428	0.10454	0.63287	0.03103	0.00606	0.00626	0.01117	0.00460	0.00449
10	0.01403	0.08349	0.10408	0.01469	0.07086	0.01310	0.01191	0.06996	0.01655	0.04866	0.12785	0.14953	0.12285	0.03866	0.00992	0.00248	0.07761	0.01038	0.00536	0.00803
11	0.01779	0.10811	0.04904	0.07501	0.04485	0.01688	0.08969	0.23408	0.04012	0.02744	0.04214	0.16068	0.01974	0.01084	0.00779	0.02489	0.00741	0.00902	0.00532	0.00915
12	0.00911	0.00651	0.00878	0.01030	0.01100	0.00618	0.00743	0.01081	0.01418	0.01888	0.06790	0.58572	0.04584	0.02101	0.00902	0.00288	0.00449	0.14759	0.00652	0.00586
13	0.01167	0.00977	0.06539	0.00954	0.01237	0.00738	0.00803	0.01454	0.01738	0.09284	0.29489	0.12607	0.27351	0.01507	0.00806	0.00232	0.00428	0.01295	0.00686	0.00708
14	0.01865	0.01544	0.02134	0.12414	0.13684	0.05448	0.09236	0.09252	0.13752	0.10732	0.05430	0.02520	0.07109	0.00870	0.00726	0.00222	0.00765	0.00772	0.00547	0.00979
15	0.02406	0.14673	0.04883	0.01795	0.09335	0.26029	0.01360	0.02672	0.01790	0.21378	0.01650	0.01849	0.01263	0.00783	0.00684	0.00198	0.02913	0.02881	0.00495	0.00963
16	0.07549	0.02122	0.02853	0.04319	0.11521	0.20073	0.26862	0.02264	0.01605	0.02081	0.01208	0.01598	0.00979	0.00721	0.00928	0.00226	0.11220	0.00634	0.00352	0.00886
17	0.01003	0.00724	0.01004	0.01004	0.01088	0.00808	0.00725	0.01171	0.01087	0.01533	0.01977	0.03338	0.02003	0.28180	0.50117	0.00976	0.01480	0.00835	0.00390	0.00558
18	0.00866	0.00646	0.00780	0.00873	0.00966	0.00588	0.00591	0.00996	0.01391	0.01796	0.06752	0.46140	0.22593	0.10227	0.01167	0.00312	0.00419	0.01712	0.00627	0.00560
19	0.01053	0.00931	0.01356	0.01211	0.01497	0.00856	0.11001	0.01392	0.04197	0.02042	0.07091	0.09293	0.38652	0.01601	0.00852	0.00255	0.00548	0.14891	0.00608	0.00674
20	0.01513	0.01496	0.02289	0.47804	0.15598	0.07185	0.06657	0.01949	0.01496	0.01932	0.01300	0.01826	0.01006	0.00684	0.00690	0.00221	0.00929	0.00623	0.03963	0.00840
21	0.01700	0.04312	0.01308	0.03872	0.01482	0.01078	0.00888	0.11806	0.01783	0.13648	0.02635	0.14328	0.04471	0.01486	0.06397	0.00289	0.00634	0.05341	0.21727	0.00815
22	0.01447	0.01266	0.01571	0.01385	0.07146	0.03044	0.03251	0.04260	0.01552	0.02281	0.04132	0.13007	0.01793	0.00836	0.00620	0.00154	0.00571	0.00726	0.00464	0.50495
23	0.05876	0.06125	0.13832	0.01489	0.03955	0.01447	0.05602	0.13950	0.04952	0.02637	0.07088	0.02691	0.07248	0.01432	0.09189	0.00321	0.00839	0.02751	0.07697	0.00879
24	0.07859	0.01173	0.01337	0.01141	0.01522	0.01144	0.00893	0.12306	0.08109	0.07684	0.10795	0.16951	0.02695	0.01137	0.00698	0.00207	0.00525	0.03267	0.00618	0.19939

[dist]
# distance from previous block
# <min> <max>
6	44

[block]
# block no. 4 follows, 30 sequences, length 57
# corresponding to MSA columns:
# 246-269,272-304
name=unknown_E
#
# <colnr> <probs for GDERKNQSTAVLIFYWHMCP>
#	G	D	E	R	K	N	Q	S	T	A	V	L	I	F	Y	W	H	M	C	P
0	0.01935	0.24814	0.12595	0.04187	0.15421	0.11216	0.03776	0.07170	0.01688	0.04927	0.01241	0.01463	0.01000	0.00677	0.00659	0.00191	0.03295	0.00513	0.00372	0.02861
1	0.01972	0.01247	0.04255	0.01310	0.05484	0.03592	0.00996	0.04641	0.01738	0.27071	0.06177	0.09290	0.09087	0.05403	0.02728	0.00257	0.00623	0.00880	0.02588	0.10659
2	0.21944	0.01411	0.03783	0.06331	0.18653	0.01369	0.01264	0.04690	0.03285	0.04913	0.04015	0.06761	0.01477	0.00776	0.00608	0.00197	0.00638	0.00639	0.00455	0.16788
3	0.01826	0.59313	0.09631	0.01286	0.01888	0.02486	0.01300	0.07169	0.01562	0.01914	0.01213	0.05380	0.01128	0.00712	0.00512	0.00168	0.00755	0.00497	0.00349	0.00912
4	0.05177	0.10076	0.17568	0.01952	0.10319	0.06842	0.03493	0.16906	0.08057	0.07262	0.01529	0.01656	0.01147	0.00755	0.00726	0.00212	0.04236	0.00577	0.00476	0.01035
5	0.24566	0.11352	0.02113	0.01887	0.14128	0.13313	0.04962	0.02351	0.05392	0.07357	0.01390	0.03628	0.01141	0.00739	0.00637	0.00207	0.02946	0.00557	0.00433	0.00901
6	0.01001	0.00820	0.00976	0.01042	0.05036	0.00758	0.00734	0.01360	0.06123	0.02248	0.24363	0.05816	0.39750	0.01563	0.00818	0.00235	0.00405	0.05607	0.00669	0.00675
7	0.01140	0.00945	0.01200	0.01172	0.01287	0.04417	0.00907	0.01365	0.01315	0.01828	0.10738	0.09040	0.02657	0.08146	0.35200	0.00696	0.09772	0.05466	0.02073	0.00637
8	0.01188	0.00618	0.00912	0.00912	0.00919	0.00625	0.00610	0.00935	0.00928	0.01244	0.01310	0.02307	0.01324	0.07086	0.06742	0.70376	0.00682	0.00639	0.00314	0.00329
9	0.04044	0.01398	0.02091	0.22610	0.16325	0.01575	0.05899	0.04889	0.15346	0.02331	0.05211	0.06994	0.01747	0.00899	0.00819	0.00235	0.05425	0.00783	0.00465	0.00913
10	0.00978	0.00690	0.00874	0.00864	0.01012	0.00637	0.00634	0.01260	0.01798	0.02545	0.49415	0.17134	0.10279	0.01532	0.00808	0.00227	0.00344	0.01352	0.06980	0.00637
11	0.02607	0.03326	0.01978	0.01798	0.02157	0.72674	0.01348	0.02787	0.01978	0.01708	0.01079	0.01258	0.00899	0.00719	0.00629	0.00180	0.01258	0.00449	0.00360	0.00809
12	0.01000	0.00710	0.00867	0.00869	0.00914	0.00734	0.00562	0.01080	0.01143	0.01545	0.05958	0.10510	0.06843	0.47991	0.13605	0.00650	0.02970	0.01086	0.00462	0.00498
13	0.01860	0.60134	0.11483	0.01413	0.04180	0.02553	0.01395	0.06572	0.01555	0.01913	0.01061	0.01217	0.00920	0.00622	0.00497	0.00164	0.00784	0.00415	0.00326	0.00938
14	0.01404	0.01343	0.02320	0.58420	0.16054	0.01579	0.05290	0.01867	0.01441	0.01890	0.01261	0.01839	0.00966	0.00679	0.00703	0.00228	0.00925	0.00631	0.00318	0.00840
15	0.01002	0.00671	0.00765	0.00778	0.00781	0.00668	0.00440	0.01011	0.01040	0.01387	0.02327	0.10070	0.02699	0.69751	0.03344	0.00646	0.00655	0.01090	0.00440	0.00434
16	0.01561	0.01548	0.01984	0.01719	0.01798	0.04541	0.01413	0.01971	0.10794	0.01865	0.01490	0.01919	0.04466	0.01191	0.01938	0.00288	0.57658	0.00672	0.00381	0.00805
17	0.01515	0.01754	0.06041	0.02592	0.03218	0.01577	0.55806	0.02042	0.01606	0.02170	0.01939	0.09668	0.04893	0.00815	0.00825	0.00240	0.01051	0.00965	0.00396	0.00888
18	0.01790	0.64910	0.09933	0.01239	0.01853	0.02537	0.01286	0.02075	0.01426	0.01748	0.01069	0.01235	0.00944	0.00615	0.00470	0.00157	0.00750	0.00402	0.04666	0.00895
19	0.01000	0.00694	0.00857	0.00929	0.00986	0.00681	0.00643	0.01110	0.01247	0.01640	0.03094	0.19788	0.06083	0.39739	0.02272	0.00493	0.00600	0.17100	0.00531	0.00512
20	0.01318	0.01240	0.02093	0.73798	0.04806	0.01550	0.01938	0.01783	0.01395	0.01783	0.01240	0.01860	0.00930	0.00698	0.00698	0.00233	0.00930	0.00620	0.00310	0.00775
21	0.01903	0.72283	0.03573	0.01224	0.01809	0.06241	0.01202	0.02124	0.01446	0.01645	0.00976	0.01126	0.00896	0.00603	0.00457	0.00151	0.00772	0.00377	0.00302	0.00891
22	0.01797	0.05094	0.17687	0.02541	0.15755	0.01724	0.22425	0.06718	0.09570	0.07323	0.01617	0.01840	0.01202	0.00687	0.00719	0.00221	0.00924	0.00677	0.00436	0.01041
23	0.00896	0.00703	0.00788	0.00796	0.00993	0.00616	0.00598	0.01116	0.01658	0.02128	0.21755	0.12040	0.44402	0.01698	0.00826	0.00238	0.00365	0.04579	0.03197	0.00608
24	0.01007	0.00743	0.00960	0.01067	0.01219	0.00709	0.00868	0.01253	0.01555	0.02002	0.07911	0.17002	0.18754	0.05459	0.01041	0.00309	0.00530	0.36361	0.00640	0.00610
25	0.00988	0.00754	0.00898	0.03744	0.01165	0.00698	0.00663	0.02629	0.01798	0.02418	0.37509	0.05456	0.31439	0.01486	0.00798	0.00223	0.00372	0.01273	0.05043	0.00646
26	0.07279	0.11132	0.13424	0.01886	0.09161	0.08591	0.05314	0.19578	0.07164	0.04501	0.01569	0.04552	0.01254	0.00784	0.00653	0.00208	0.00833	0.00625	0.00483	0.01009
27	0.06509	0.01284	0.01613	0.01252	0.01773	0.01198	0.01031	0.13048	0.02131	0.54468	0.02747	0.02452	0.05420	0.00900	0.00696	0.00216	0.00604	0.00718	0.00807	0.01134
28	0.00972	0.00727	0.00822	0.00810	0.01008	0.00647	0.00605	0.01171	0.01597	0.04168	0.17853	0.06010	0.42887	0.09918	0.03421	0.00314	0.00458	0.05360	0.00643	0.00607
29	0.01704	0.02289	0.29628	0.11208	0.05210	0.01593	0.01836	0.08736	0.16106	0.07999	0.01966	0.02161	0.03269	0.00819	0.00697	0.00227	0.00822	0.02223	0.00487	0.01021
30	0.01517	0.01517	0.02165	0.54964	0.13326	0.08852	0.01880	0.01991	0.03519	0.01876	0.01281	0.01803	0.00986	0.00697	0.00690	0.00224	0.00939	0.00608	0.00332	0.00833
31	0.01412	0.01334	0.02267	0.31647	0.29113	0.01442	0.05479	0.01811	0.01485	0.02000	0.01863	0.10581	0.04813	0.00888	0.00731	0.00229	0.00817	0.00832	0.00382	0.00876
32	0.00897	0.00675	0.00774	0.00822	0.00938	0.00615	0.00562	0.01026	0.01394	0.01773	0.07912	0.25231	0.29866	0.20391	0.01533	0.00362	0.00457	0.03628	0.00597	0.00546
33	0.17980	0.60601	0.03117	0.01137	0.01700	0.02516	0.01104	0.02082	0.01371	0.01947	0.00970	0.01122	0.00867	0.00607	0.00444	0.00163	0.00704	0.00374	0.00326	0.00867
34	0.02059	0.21484	0.24052	0.01572	0.02281	0.04339	0.01636	0.20532	0.02017	0.08846	0.01423	0.01510	0.01051	0.00708	0.00614	0.00193	0.00836	0.00521	0.00463	0.03863
35	0.02337	0.07670	0.04366	0.01738	0.04542	0.41431	0.01343	0.15179	0.04517	0.02281	0.01334	0.01575	0.01096	0.03328	0.04067	0.00247	0.01092	0.00531	0.00432	0.00895
36	0.03061	0.01234	0.01640	0.01264	0.01800	0.01103	0.01042	0.06439	0.04368	0.66155	0.02706	0.02351	0.01716	0.00865	0.00702	0.00216	0.00600	0.00701	0.00851	0.01185
37	0.43863	0.01337	0.01346	0.01101	0.01585	0.01405	0.00908	0.08139	0.01677	0.29874	0.01723	0.01662	0.01170	0.00748	0.00559	0.00215	0.00580	0.00525	0.00622	0.00960
38	0.01416	0.03370	0.64525	0.01916	0.02876	0.01606	0.02414	0.02307	0.06917	0.02281	0.03097	0.01656	0.01124	0.00704	0.00671	0.00222	0.00976	0.00556	0.00339	0.01028
39	0.01037	0.00633	0.00742	0.00821	0.00908	0.00611	0.00560	0.01224	0.01356	0.02047	0.03158	0.38459	0.04981	0.09508	0.01022	0.00279	0.00403	0.01364	0.30301	0.00583
40	0.01018	0.00719	0.00919	0.01001	0.01096	0.00702	0.00752	0.01198	0.01405	0.01854	0.09156	0.16840	0.07637	0.25539	0.01764	0.00416	0.00574	0.26265	0.00584	0.00559
41	0.03928	0.06036	0.08004	0.25907	0.29201	0.01727	0.05799	0.07141	0.01629	0.02262	0.01288	0.01703	0.01013	0.00663	0.00677	0.00215	0.00880	0.00604	0.00357	0.00968
42	0.01181	0.01066	0.01858	0.01552	0.01782	0.01090	0.19090	0.01441	0.01329	0.01832	0.05393	0.19985	0.02552	0.16298	0.14257	0.00494	0.06550	0.01125	0.00455	0.00670
43	0.00999	0.00693	0.00864	0.00949	0.01079	0.00635	0.00692	0.01164	0.01454	0.05062	0.04520	0.40072	0.21523	0.06129	0.01026	0.00296	0.00450	0.11148	0.00644	0.00604
44	0.00849	0.00613	0.00804	0.00957	0.01008	0.00568	0.00641	0.00973	0.01350	0.01787	0.04029	0.71152	0.08366	0.02163	0.00887	0.00281	0.00402	0.01955	0.00648	0.00568
45	0.01699	0.01759	0.05212	0.02500	0.16474	0.09087	0.25412	0.02159	0.04080	0.05920	0.01811	0.05684	0.03149	0.04974	0.06614	0.00318	0.01026	0.00799	0.00418	0.00904
46	0.01142	0.01073	0.01943	0.03499	0.01978	0.01039	0.22341	0.01426	0.01442	0.01929	0.03096	0.42396	0.07574	0.01572	0.00917	0.00265	0.03647	0.01490	0.00531	0.00701
47	0.01102	0.00796	0.01092	0.01241	0.01407	0.00787	0.01079	0.01412	0.01605	0.02073	0.03953	0.07783	0.09138	0.01915	0.00953	0.00315	0.00620	0.61447	0.00643	0.00638
48	0.01099	0.00849	0.01234	0.04771	0.01458	0.01003	0.00948	0.03709	0.01204	0.01716	0.01803	0.02701	0.01688	0.08537	0.59312	0.00980	0.05213	0.00745	0.00382	0.00647
49	0.01349	0.01803	0.17609	0.01609	0.07373	0.08689	0.03280	0.03811	0.04052	0.02120	0.06838	0.23411	0.12583	0.01317	0.00767	0.00236	0.00701	0.01139	0.00514	0.00801
50	0.01536	0.01457	0.02078	0.50312	0.10098	0.05539	0.01779	0.04597	0.11555	0.02086	0.01488	0.01917	0.01130	0.00734	0.00695	0.00227	0.00878	0.00636	0.00389	0.00870
51	0.01806	0.01534	0.01618	0.01434	0.01841	0.01769	0.01122	0.08716	0.64739	0.03033	0.02751	0.02532	0.02058	0.00938	0.00709	0.00235	0.00569	0.00777	0.00709	0.01111
52	0.02095	0.27930	0.15121	0.01685	0.06772	0.05424	0.05073	0.04871	0.01679	0.17676	0.01510	0.01587	0.01120	0.00682	0.00601	0.00187	0.00808	0.00528	0.00453	0.04199
53	0.01881	0.01395	0.01604	0.01193	0.01780	0.01237	0.00965	0.15746	0.05658	0.09792	0.01571	0.01652	0.01196	0.00641	0.00583	0.00144	0.00578	0.00507	0.00534	0.51341
54	0.01212	0.00606	0.00909	0.00909	0.00909	0.00606	0.00606	0.00909	0.00909	0.01212	0.01212	0.02121	0.01212	0.02424	0.02727	0.79697	0.00606	0.00606	0.00303	0.00303
55	0.02413	0.01797	0.15518	0.01688	0.02335	0.01319	0.13191	0.06647	0.01908	0.39116	0.05257	0.02204	0.01638	0.00801	0.00721	0.00220	0.00778	0.00709	0.00651	0.01090
56	0.04395	0.18701	0.08186	0.15762	0.07331	0.01788	0.01470	0.08423	0.07113	0.11408	0.01618	0.01899	0.01250	0.00748	0.00628	0.00202	0.00756	0.02607	0.00469	0.05247

[dist]
# distance from previous block
# <min> <max>
0	1

[block]
# block no. 5 follows, 30 sequences, length 16
# corresponding to MSA columns:
# 306-321
name=unknown_F
#
# <colnr> <probs for GDERKNQSTAVLIFYWHMCP>
#	G	D	E	R	K	N	Q	S	T	A	V	L	I	F	Y	W	H	M	C	P
0	0.01553	0.06192	0.06999	0.01297	0.01698	0.01371	0.03909	0.05551	0.24959	0.06493	0.14517	0.05717	0.08759	0.01210	0.03059	0.00251	0.00612	0.00907	0.04034	0.00910
1	0.02653	0.01955	0.02094	0.01606	0.02164	0.02164	0.01326	0.68796	0.03281	0.04398	0.01675	0.01675	0.01187	0.00838	0.00698	0.00209	0.00768	0.00628	0.00698	0.01187
2	0.02415	0.02908	0.01863	0.01678	0.02044	0.57474	0.01269	0.06996	0.07272	0.01988	0.01683	0.01781	0.06028	0.00819	0.00654	0.00190	0.01107	0.00561	0.00429	0.00840
3	0.01422	0.01258	0.01674	0.01226	0.01811	0.00989	0.07827	0.01746	0.01459	0.02232	0.01459	0.07169	0.01313	0.00653	0.00577	0.00131	0.00576	0.00577	0.00425	0.65476
4	0.00902	0.00706	0.00791	0.00772	0.00957	0.00623	0.00562	0.01111	0.01659	0.02140	0.28423	0.05961	0.41202	0.09798	0.01126	0.00279	0.00381	0.01350	0.00664	0.00595
5	0.01736	0.01381	0.01563	0.01196	0.01757	0.01259	0.00957	0.10483	0.16342	0.05932	0.01707	0.01766	0.01320	0.00665	0.00589	0.00150	0.00559	0.00534	0.00533	0.49572
6	0.01144	0.00742	0.00941	0.00965	0.01096	0.00722	0.00690	0.01382	0.04031	0.07286	0.11038	0.29223	0.08425	0.14824	0.08178	0.00412	0.00610	0.04757	0.02899	0.00634
7	0.04835	0.01212	0.01272	0.01164	0.01450	0.06666	0.00903	0.05906	0.15408	0.09262	0.26250	0.10058	0.06031	0.01267	0.00766	0.00231	0.00533	0.05263	0.00693	0.00832
8	0.01500	0.16567	0.56235	0.01819	0.02742	0.01832	0.02259	0.02259	0.04679	0.02141	0.01276	0.01463	0.00945	0.00664	0.00626	0.00209	0.00957	0.00503	0.00315	0.01010
9	0.00845	0.00678	0.00755	0.00798	0.00971	0.00588	0.00575	0.01018	0.01548	0.01929	0.11312	0.26438	0.46374	0.01861	0.00844	0.00248	0.00366	0.01604	0.00658	0.00588
10	0.01549	0.01476	0.02511	0.34544	0.42254	0.01611	0.02053	0.01985	0.01505	0.02064	0.01281	0.01785	0.01029	0.00655	0.00694	0.00218	0.00873	0.00621	0.00330	0.00962
11	0.01655	0.28943	0.23364	0.02041	0.02801	0.02081	0.25482	0.02176	0.01515	0.02015	0.01208	0.01491	0.00950	0.00613	0.00643	0.00200	0.00980	0.00574	0.00317	0.00951
12	0.07020	0.01212	0.04369	0.07001	0.01835	0.01128	0.01061	0.07795	0.06091	0.25010	0.07783	0.14873	0.06798	0.01191	0.00741	0.00235	0.00584	0.03682	0.00679	0.00914
13	0.01102	0.00702	0.00836	0.00834	0.01008	0.00648	0.00622	0.01364	0.01660	0.05224	0.25671	0.16234	0.17398	0.01464	0.00754	0.00223	0.00367	0.03582	0.19658	0.00649
14	0.01416	0.05318	0.27866	0.18789	0.15799	0.01551	0.06342	0.01957	0.01470	0.02055	0.01550	0.09858	0.01365	0.00826	0.00703	0.00226	0.00898	0.00738	0.00351	0.00923
15	0.01607	0.01536	0.02616	0.24603	0.51738	0.01627	0.02082	0.02037	0.01532	0.02135	0.01291	0.01766	0.01054	0.00644	0.00693	0.00215	0.00859	0.00621	0.00335	0.01009

[dist]
# distance from previous block
# <min> <max>
1	4

[block]
# block no. 6 follows, 30 sequences, length 15
# corresponding to MSA columns:
# 326-340
name=unknown_G
#
# <colnr> <probs for GDERKNQSTAVLIFYWHMCP>
#	G	D	E	R	K	N	Q	S	T	A	V	L	I	F	Y	W	H	M	C	P
0	0.07588	0.01798	0.01673	0.01509	0.03563	0.23833	0.06187	0.03784	0.01553	0.01954	0.04370	0.02365	0.03553	0.11869	0.10417	0.02574	0.05376	0.00679	0.02081	0.03273
1	0.01464	0.01316	0.06669	0.01213	0.01668	0.01045	0.03260	0.06452	0.01577	0.05872	0.04711	0.16548	0.02091	0.05283	0.00881	0.00210	0.03025	0.00854	0.00504	0.35357
2	0.03846	0.12269	0.14330	0.03173	0.01983	0.09162	0.03521	0.04507	0.03259	0.02058	0.04084	0.17820	0.01958	0.01099	0.00891	0.00227	0.10270	0.00865	0.00435	0.04244
3	0.00887	0.00643	0.00846	0.00994	0.01068	0.00602	0.00705	0.01041	0.01395	0.01833	0.04091	0.59895	0.10008	0.02115	0.00896	0.00285	0.00434	0.11036	0.00647	0.00579
4	0.01300	0.01012	0.01168	0.01283	0.06433	0.05063	0.00876	0.03394	0.04764	0.06636	0.07326	0.26454	0.17030	0.06223	0.00991	0.00278	0.00543	0.07896	0.00619	0.00712
5	0.01877	0.01671	0.02615	0.10627	0.14476	0.06795	0.21159	0.02439	0.07789	0.11546	0.01638	0.01885	0.01223	0.00677	0.00708	0.00207	0.00880	0.00668	0.00455	0.10665
6	0.01364	0.01193	0.01453	0.01319	0.01420	0.05426	0.01018	0.06025	0.01277	0.01769	0.01606	0.02655	0.01600	0.20113	0.26374	0.00657	0.22931	0.00745	0.00386	0.00667
7	0.00912	0.00643	0.00831	0.00937	0.00990	0.00611	0.00630	0.01044	0.01360	0.01829	0.11057	0.50035	0.04404	0.16267	0.01402	0.00354	0.00461	0.05064	0.00618	0.00553
8	0.01804	0.66351	0.12662	0.01299	0.01953	0.02611	0.01377	0.02105	0.01425	0.01717	0.01007	0.01166	0.00894	0.00606	0.00476	0.00159	0.00784	0.00392	0.00298	0.00913
9	0.01639	0.01858	0.03982	0.02865	0.03523	0.01790	0.64005	0.02197	0.01608	0.02197	0.01378	0.01858	0.01049	0.00632	0.00924	0.00240	0.06167	0.00809	0.00350	0.00929
10	0.00997	0.00748	0.01121	0.01121	0.01246	0.00872	0.00872	0.01246	0.01121	0.01620	0.01869	0.02741	0.01745	0.05234	0.72710	0.01121	0.01869	0.00748	0.00374	0.00623
11	0.00883	0.00676	0.00813	0.00866	0.01011	0.00605	0.00626	0.01081	0.01586	0.02065	0.20356	0.31420	0.29186	0.01849	0.00854	0.00253	0.00378	0.04216	0.00675	0.00599
12	0.01984	0.01672	0.02040	0.17138	0.16139	0.08641	0.01523	0.13894	0.13465	0.08489	0.01748	0.01935	0.01313	0.00784	0.00726	0.00217	0.02782	0.00642	0.03867	0.00999
13	0.00915	0.00678	0.00854	0.00879	0.01015	0.00617	0.00633	0.01151	0.01702	0.02312	0.38109	0.28044	0.17058	0.01731	0.00845	0.00243	0.00358	0.01532	0.00708	0.00617
14	0.00888	0.00714	0.00801	0.00855	0.01034	0.00640	0.00632	0.01124	0.03957	0.01908	0.05709	0.26687	0.43730	0.01873	0.00851	0.00256	0.00398	0.06688	0.00650	0.00605

[dist]
# distance from previous block
# <min> <max>
1	3

[block]
# block no. 7 follows, 30 sequences, length 6
# corresponding to MSA columns:
# 344-349
name=unknown_H
#
# <colnr> <probs for GDERKNQSTAVLIFYWHMCP>
#	G	D	E	R	K	N	Q	S	T	A	V	L	I	F	Y	W	H	M	C	P
0	0.08388	0.01805	0.04504	0.01646	0.04593	0.01874	0.04448	0.41961	0.09658	0.03649	0.01771	0.04944	0.01373	0.00849	0.00681	0.00211	0.00728	0.00677	0.00616	0.05624
1	0.01833	0.01377	0.01421	0.03962	0.01653	0.06079	0.00979	0.27554	0.04474	0.03085	0.05390	0.14506	0.02177	0.01077	0.00677	0.00210	0.00602	0.00886	0.21185	0.00874
2	0.29914	0.09663	0.02302	0.01911	0.10341	0.12485	0.12861	0.04656	0.01529	0.02466	0.01127	0.01394	0.00912	0.00680	0.00680	0.00211	0.05095	0.00517	0.00385	0.00869
3	0.01052	0.00741	0.00869	0.00874	0.00922	0.00769	0.00548	0.01246	0.06467	0.01550	0.02388	0.11680	0.02641	0.54373	0.10419	0.00648	0.00765	0.01071	0.00464	0.00513
4	0.00889	0.00682	0.00809	0.00859	0.01006	0.00612	0.00622	0.01078	0.01558	0.02011	0.17407	0.27679	0.31275	0.05074	0.00973	0.00272	0.00397	0.05548	0.00660	0.00591
5	0.01767	0.07725	0.02545	0.29952	0.16083	0.01828	0.08474	0.16013	0.04392	0.02498	0.01399	0.01765	0.01071	0.00703	0.00689	0.00217	0.00873	0.00628	0.00416	0.00961

[dist]
# distance from previous block
# <min> <max>
0	2

[block]
# block no. 8 follows, 30 sequences, length 40
# corresponding to MSA columns:
# 352-391
name=unknown_I
#
# <colnr> <probs for GDERKNQSTAVLIFYWHMCP>
#	G	D	E	R	K	N	Q	S	T	A	V	L	I	F	Y	W	H	M	C	P
0	0.65808	0.04686	0.01248	0.01012	0.01455	0.06126	0.00834	0.02209	0.01313	0.08488	0.01122	0.01241	0.00849	0.00668	0.00467	0.00211	0.00599	0.00408	0.00456	0.00800
1	0.01718	0.50615	0.24385	0.01446	0.02167	0.02369	0.01613	0.02196	0.04394	0.01870	0.01137	0.01292	0.00945	0.00632	0.00525	0.00175	0.00825	0.00435	0.00315	0.00946
2	0.13150	0.01302	0.01540	0.01394	0.04673	0.01338	0.01088	0.17471	0.03819	0.23283	0.02357	0.03284	0.01972	0.05813	0.00899	0.00266	0.00650	0.14076	0.00666	0.00961
3	0.60241	0.01486	0.01291	0.01087	0.01551	0.01691	0.00896	0.17660	0.01697	0.05219	0.01182	0.01293	0.00882	0.00698	0.00501	0.00214	0.00594	0.00445	0.00505	0.00868
4	0.63839	0.01429	0.01172	0.01032	0.01467	0.03450	0.00840	0.04494	0.08481	0.06448	0.01279	0.01368	0.00964	0.00698	0.00488	0.00217	0.00570	0.00447	0.00489	0.00829
5	0.65950	0.01366	0.01199	0.06839	0.01694	0.01570	0.00895	0.05741	0.01359	0.06497	0.01120	0.01283	0.00842	0.00673	0.00481	0.00217	0.00586	0.00427	0.00458	0.00802
6	0.08166	0.01748	0.03052	0.02242	0.02843	0.01741	0.40001	0.18717	0.02024	0.02841	0.03838	0.02178	0.05696	0.00755	0.00761	0.00227	0.00946	0.00793	0.00476	0.00957
7	0.01001	0.00725	0.01003	0.00997	0.01092	0.00796	0.00727	0.01190	0.01181	0.01670	0.09146	0.03501	0.02467	0.24128	0.46216	0.00905	0.01381	0.00875	0.00428	0.00572
8	0.01874	0.01567	0.01926	0.01551	0.01955	0.06085	0.10834	0.26326	0.08589	0.03046	0.11121	0.05927	0.02251	0.05238	0.04466	0.00287	0.00791	0.00837	0.04405	0.00924
9	0.00941	0.00705	0.00872	0.00843	0.01017	0.00636	0.00627	0.01221	0.01846	0.02521	0.51631	0.09787	0.21680	0.01553	0.00828	0.00227	0.00340	0.01356	0.00732	0.00636
10	0.02034	0.20420	0.02236	0.11076	0.02236	0.35677	0.01273	0.02258	0.01645	0.01710	0.01227	0.01641	0.01082	0.06044	0.03359	0.00247	0.01033	0.00511	0.03504	0.00786
11	0.07384	0.00772	0.00967	0.01080	0.01233	0.00762	0.00864	0.01295	0.01502	0.02086	0.06769	0.28175	0.10909	0.01868	0.00878	0.00288	0.00516	0.31397	0.00633	0.00623
12	0.01940	0.01774	0.07763	0.04775	0.38602	0.04999	0.05316	0.04500	0.01721	0.13273	0.04981	0.01964	0.01439	0.00734	0.00751	0.00214	0.03086	0.00660	0.00455	0.01052
13	0.11157	0.02040	0.18675	0.10486	0.09742	0.04125	0.06161	0.02404	0.12579	0.05787	0.01533	0.01757	0.01160	0.00756	0.00791	0.00226	0.06824	0.00600	0.00424	0.02775
14	0.02758	0.01159	0.01511	0.01188	0.01683	0.01028	0.00972	0.05110	0.04461	0.57727	0.03298	0.02941	0.10941	0.00986	0.00718	0.00219	0.00566	0.00805	0.00824	0.01105
15	0.01153	0.00704	0.00840	0.00841	0.00893	0.00683	0.00516	0.01198	0.01157	0.07093	0.02569	0.18309	0.02882	0.54990	0.02797	0.00562	0.00616	0.01181	0.00503	0.00513
16	0.01687	0.02221	0.24220	0.07526	0.03678	0.05248	0.05322	0.11634	0.12804	0.04312	0.02073	0.02276	0.06340	0.03562	0.02561	0.00261	0.02138	0.00698	0.00474	0.00965
17	0.08186	0.02070	0.08757	0.02314	0.02947	0.09107	0.39261	0.08877	0.01816	0.04628	0.04171	0.01852	0.01258	0.00680	0.00742	0.00223	0.01030	0.00718	0.00422	0.00940
18	0.00907	0.00633	0.00778	0.00884	0.00951	0.00592	0.00588	0.01034	0.01330	0.01798	0.03863	0.50865	0.11941	0.12661	0.01237	0.00325	0.00432	0.01675	0.06951	0.00555
19	0.02327	0.01229	0.01503	0.01266	0.01693	0.01228	0.01005	0.03208	0.26647	0.37377	0.06435	0.08455	0.02361	0.01030	0.00726	0.00229	0.00550	0.00866	0.00785	0.01080
20	0.01337	0.00828	0.04671	0.01005	0.01124	0.00699	0.00752	0.01256	0.01146	0.08733	0.01971	0.17228	0.02022	0.06187	0.02076	0.46526	0.00590	0.00917	0.00439	0.00494
21	0.02421	0.01665	0.11789	0.01381	0.01932	0.02978	0.01258	0.11178	0.09746	0.36063	0.07708	0.02387	0.01948	0.00880	0.00697	0.00216	0.00660	0.00712	0.03293	0.01087
22	0.01401	0.00952	0.01067	0.01014	0.01251	0.00998	0.00763	0.02176	0.23246	0.06249	0.10047	0.13612	0.07990	0.01270	0.00797	0.04092	0.00440	0.01013	0.20830	0.00791
23	0.01014	0.00722	0.00814	0.00825	0.01007	0.00655	0.00598	0.01263	0.03801	0.04523	0.12538	0.21049	0.34367	0.05266	0.00933	0.00259	0.00390	0.01415	0.07933	0.00628
24	0.05302	0.11914	0.60470	0.01844	0.02796	0.01751	0.02328	0.02188	0.01453	0.02189	0.01206	0.01416	0.00879	0.00655	0.00627	0.00212	0.00974	0.00492	0.00302	0.01002
25	0.08554	0.02420	0.02209	0.05338	0.02374	0.34371	0.11071	0.13078	0.01962	0.02359	0.01245	0.01495	0.00986	0.00754	0.00779	0.00207	0.06642	0.00553	0.02729	0.00875
26	0.01078	0.00819	0.00920	0.00876	0.01096	0.00775	0.00660	0.05628	0.05373	0.02442	0.26941	0.10898	0.31500	0.01521	0.00792	0.00228	0.00385	0.01298	0.06090	0.00680
27	0.00938	0.00711	0.00864	0.00826	0.01012	0.00637	0.00619	0.01221	0.01858	0.02520	0.51343	0.05671	0.26170	0.01530	0.00824	0.00224	0.00337	0.01326	0.00732	0.00637
28	0.01402	0.01373	0.08644	0.01312	0.01652	0.01249	0.01126	0.06550	0.26515	0.02588	0.12104	0.17536	0.03286	0.01352	0.00790	0.00252	0.00570	0.10174	0.00652	0.00873
29	0.01429	0.03282	0.60249	0.02034	0.02936	0.01684	0.06694	0.02156	0.01442	0.02156	0.01227	0.01505	0.00899	0.00716	0.00843	0.00231	0.08674	0.00545	0.00300	0.00998
30	0.01442	0.01367	0.02317	0.52774	0.24863	0.01583	0.02000	0.01891	0.01454	0.01933	0.01262	0.01820	0.00983	0.00675	0.00696	0.00225	0.00900	0.00621	0.00321	0.00875
31	0.00985	0.00675	0.00820	0.00848	0.00872	0.00686	0.00524	0.01040	0.01084	0.01463	0.02429	0.16139	0.02773	0.53191	0.12927	0.00674	0.00800	0.01140	0.00454	0.00475
32	0.69008	0.12167	0.01407	0.00958	0.01414	0.01739	0.00819	0.02057	0.01221	0.02915	0.00971	0.01132	0.00776	0.00640	0.00434	0.00206	0.00570	0.00377	0.00412	0.00776
33	0.06449	0.01624	0.01760	0.01401	0.01869	0.01782	0.01145	0.46290	0.05157	0.08169	0.01828	0.01908	0.01341	0.01185	0.06460	0.00280	0.00779	0.00638	0.08875	0.01060
34	0.01716	0.04165	0.02816	0.04100	0.66937	0.01673	0.02083	0.02122	0.01584	0.02253	0.01363	0.01867	0.01174	0.00655	0.00690	0.00208	0.00821	0.02335	0.00352	0.01086
