[name]
unknown

[dist]
# distance from previous block
# <min> <max>
0	53

[block]
# block no. 0 follows, 35 sequences, length 8
# corresponding to MSA columns:
# 53-60
name=unknown_A
#
# <colnr> <probs for GDERKNQSTAVLIFYWHMCP>
#	G	D	E	R	K	N	Q	S	T	A	V	L	I	F	Y	W	H	M	C	P
0	0.01177	0.10311	0.10104	0.00995	0.01314	0.04833	0.00901	0.03927	0.01440	0.01917	0.06026	0.12634	0.19178	0.03585	0.00725	0.00211	0.00529	0.06133	0.11716	0.02346
1	0.01779	0.01718	0.01657	0.11245	0.02116	0.22780	0.03816	0.09134	0.03460	0.06131	0.01556	0.02238	0.01345	0.00784	0.00619	0.00181	0.00783	0.10084	0.00432	0.18142
2	0.01594	0.01431	0.01618	0.01329	0.01708	0.11451	0.10202	0.13959	0.07575	0.05711	0.06456	0.03207	0.19015	0.00999	0.00679	0.00198	0.00651	0.05173	0.00529	0.06515
3	0.01434	0.00846	0.01053	0.13014	0.01572	0.00889	0.00808	0.08683	0.01524	0.10166	0.02108	0.12575	0.01796	0.00903	0.00566	0.00183	0.00462	0.00759	0.39957	0.00702
4	0.01052	0.04209	0.09747	0.04913	0.01422	0.04614	0.00933	0.01314	0.01352	0.01794	0.16240	0.10978	0.09761	0.12342	0.10891	0.00376	0.00721	0.06261	0.00469	0.00610
5	0.01101	0.00617	0.00908	0.00896	0.00899	0.00658	0.00619	0.00885	0.00865	0.01172	0.01251	0.07250	0.01301	0.02103	0.02329	0.69381	0.06501	0.00640	0.00298	0.00325
6	0.01121	0.00954	0.00862	0.00834	0.00894	0.10987	0.00523	0.01174	0.01133	0.01408	0.09072	0.03792	0.02471	0.59263	0.02609	0.00510	0.00657	0.00874	0.00408	0.00455
7	0.06324	0.08092	0.30850	0.01391	0.01981	0.01466	0.01482	0.05843	0.18608	0.04310	0.11565	0.02047	0.01826	0.00769	0.00608	0.00198	0.00673	0.00615	0.00459	0.00893

[dist]
# distance from previous block
# <min> <max>
0	2

[block]
# block no. 1 follows, 35 sequences, length 16
# corresponding to MSA columns:
# 63-78
name=unknown_B
#
# <colnr> <probs for GDERKNQSTAVLIFYWHMCP>
#	G	D	E	R	K	N	Q	S	T	A	V	L	I	F	Y	W	H	M	C	P
0	0.30523	0.01363	0.01274	0.01077	0.01446	0.06164	0.00864	0.22612	0.01861	0.06467	0.12861	0.04921	0.04395	0.00855	0.00573	0.00196	0.00557	0.00648	0.00542	0.00801
1	0.35517	0.08645	0.11899	0.05885	0.01634	0.01338	0.01019	0.03740	0.01307	0.02341	0.07744	0.07372	0.07641	0.00842	0.00538	0.00198	0.00563	0.00640	0.00420	0.00716
2	0.01652	0.16437	0.19605	0.01354	0.01936	0.04179	0.02776	0.08172	0.14287	0.07345	0.04240	0.01664	0.01307	0.00673	0.00568	0.00174	0.00683	0.00526	0.00439	0.11985
3	0.01598	0.01382	0.02221	0.27921	0.39249	0.01488	0.01755	0.08798	0.01558	0.06066	0.01276	0.01639	0.00989	0.00620	0.00631	0.00197	0.00768	0.00569	0.00361	0.00915
4	0.01184	0.01104	0.01851	0.68700	0.06643	0.01355	0.01692	0.01585	0.01271	0.01637	0.01283	0.06586	0.01068	0.00719	0.00645	0.00214	0.00811	0.00644	0.00303	0.00703
5	0.02313	0.02904	0.01772	0.01610	0.01939	0.69857	0.01210	0.02594	0.06899	0.01632	0.01096	0.01232	0.00898	0.00669	0.00577	0.00167	0.01098	0.00431	0.00350	0.00755
6	0.03632	0.00988	0.01304	0.04265	0.09662	0.00935	0.00920	0.06289	0.01642	0.27646	0.05631	0.09387	0.17733	0.01047	0.00661	0.00202	0.00498	0.00885	0.05842	0.00830
7	0.01065	0.00990	0.00939	0.00982	0.01116	0.12061	0.00705	0.01271	0.03633	0.01744	0.10244	0.40986	0.13331	0.01757	0.04409	0.00268	0.00548	0.02820	0.00549	0.00579
8	0.02199	0.01125	0.01396	0.01123	0.01525	0.01087	0.00913	0.16792	0.04845	0.38194	0.16833	0.02809	0.04639	0.00937	0.00670	0.00199	0.00517	0.02528	0.00720	0.00949
9	0.02270	0.01615	0.01756	0.01389	0.01862	0.01776	0.01133	0.49549	0.18343	0.10773	0.01857	0.01775	0.01319	0.00786	0.00637	0.00196	0.00639	0.00610	0.00652	0.01062
10	0.00862	0.00649	0.00806	0.00873	0.01013	0.00600	0.00677	0.01067	0.01442	0.01865	0.15325	0.21462	0.25869	0.03655	0.00863	0.00254	0.00412	0.21156	0.00599	0.00551
11	0.00986	0.00652	0.00813	0.00813	0.00967	0.00586	0.00591	0.01183	0.01515	0.07955	0.28542	0.27191	0.20805	0.03419	0.00819	0.00231	0.00353	0.01347	0.00638	0.00593
12	0.02714	0.01293	0.01604	0.01230	0.01726	0.01248	0.01016	0.24026	0.02172	0.52750	0.02204	0.01965	0.01420	0.00778	0.00637	0.00194	0.00588	0.00618	0.00739	0.01079
13	0.62952	0.01278	0.01117	0.00947	0.01365	0.01434	0.00781	0.10727	0.01403	0.11320	0.01152	0.01224	0.00839	0.00633	0.00451	0.00196	0.00522	0.00406	0.00469	0.00782
14	0.01099	0.00812	0.00947	0.00941	0.01099	0.00832	0.00673	0.04221	0.16344	0.04139	0.10805	0.32107	0.09311	0.12352	0.01096	0.00285	0.00438	0.01257	0.00591	0.00648
15	0.00779	0.00555	0.00734	0.00875	0.00910	0.00520	0.00580	0.00885	0.01202	0.01603	0.03432	0.74160	0.04115	0.05229	0.00913	0.00273	0.00379	0.01766	0.00580	0.00510

[dist]
# distance from previous block
# <min> <max>
0	19

[block]
# block no. 2 follows, 35 sequences, length 16
# corresponding to MSA columns:
# 98-113
name=unknown_C
#
# <colnr> <probs for GDERKNQSTAVLIFYWHMCP>
#	G	D	E	R	K	N	Q	S	T	A	V	L	I	F	Y	W	H	M	C	P
0	0.00910	0.00610	0.00696	0.00708	0.00712	0.00606	0.00402	0.00919	0.00948	0.01264	0.02128	0.10482	0.02470	0.71151	0.03020	0.00584	0.00594	0.00999	0.00402	0.00396
1	0.00910	0.00610	0.00696	0.00708	0.00712	0.00606	0.00402	0.00919	0.00948	0.01264	0.02128	0.10482	0.02470	0.71151	0.03020	0.00584	0.00594	0.00999	0.00402	0.00396
2	0.01525	0.00992	0.01194	0.01103	0.01371	0.01023	0.00864	0.07904	0.20091	0.14713	0.13259	0.18906	0.03095	0.01254	0.00723	0.00226	0.00477	0.09816	0.00657	0.00807
3	0.70459	0.01205	0.01012	0.00878	0.01285	0.01351	0.00723	0.02046	0.01188	0.13391	0.01123	0.01197	0.00818	0.00618	0.00429	0.00196	0.00498	0.00387	0.00451	0.00745
4	0.01102	0.00551	0.00826	0.00826	0.00826	0.00551	0.00551	0.00826	0.00826	0.01102	0.01102	0.01928	0.01102	0.02204	0.02479	0.81543	0.00551	0.00551	0.00275	0.00275
5	0.01102	0.00551	0.00826	0.00826	0.00826	0.00551	0.00551	0.00826	0.00826	0.01102	0.01102	0.01928	0.01102	0.02204	0.02479	0.81543	0.00551	0.00551	0.00275	0.00275
6	0.00937	0.00659	0.00782	0.00812	0.00915	0.00630	0.00554	0.01138	0.05041	0.03943	0.09325	0.28689	0.16494	0.23752	0.01484	0.00345	0.00443	0.02976	0.00548	0.00533
7	0.00919	0.00658	0.00762	0.00764	0.00950	0.00576	0.00572	0.01106	0.01492	0.06220	0.17559	0.17873	0.42101	0.01573	0.00759	0.00221	0.00350	0.04346	0.00620	0.00578
8	0.00750	0.00643	0.00643	0.00643	0.00857	0.00536	0.00482	0.00910	0.01446	0.01714	0.06427	0.06105	0.73490	0.01607	0.00750	0.00214	0.00321	0.01339	0.00589	0.00536
9	0.13593	0.66726	0.02971	0.01048	0.01569	0.02350	0.01027	0.01894	0.01258	0.01693	0.00882	0.01020	0.00795	0.00550	0.00405	0.00145	0.00651	0.00340	0.00289	0.00795
10	0.02166	0.00980	0.01262	0.01025	0.01418	0.00882	0.00826	0.02535	0.07656	0.47785	0.12720	0.03110	0.12831	0.00982	0.00670	0.00201	0.00472	0.00817	0.00733	0.00928
11	0.02109	0.01400	0.01622	0.01363	0.01695	0.12295	0.04644	0.02379	0.03316	0.33331	0.02204	0.02675	0.04438	0.00969	0.00910	0.00220	0.13300	0.09697	0.00570	0.00863
12	0.02357	0.01246	0.01512	0.01190	0.01628	0.01236	0.00971	0.24433	0.05301	0.37986	0.12997	0.02361	0.02104	0.00859	0.00654	0.00196	0.00551	0.00698	0.00718	0.01003
13	0.07897	0.01128	0.01402	0.01630	0.17666	0.03100	0.01018	0.01977	0.17606	0.04586	0.24030	0.03150	0.10284	0.00974	0.00661	0.00201	0.00496	0.00837	0.00556	0.00801
14	0.01355	0.11222	0.01688	0.01257	0.01457	0.01485	0.01043	0.11754	0.01333	0.01862	0.01346	0.01874	0.01218	0.02686	0.35767	0.00592	0.20406	0.00587	0.00359	0.00707
15	0.08518	0.07096	0.07191	0.01275	0.03381	0.03476	0.03833	0.14745	0.01621	0.02418	0.01160	0.01328	0.00921	0.00574	0.00554	0.00145	0.02372	0.00438	0.00402	0.38551

[dist]
# distance from previous block
# <min> <max>
1	4

[block]
# block no. 3 follows, 35 sequences, length 7
# corresponding to MSA columns:
# 118-124
name=unknown_D
#
# <colnr> <probs for GDERKNQSTAVLIFYWHMCP>
#	G	D	E	R	K	N	Q	S	T	A	V	L	I	F	Y	W	H	M	C	P
0	0.01084	0.01058	0.07612	0.01184	0.01450	0.00872	0.08182	0.01435	0.05986	0.01874	0.11167	0.11908	0.05637	0.12860	0.01224	0.05195	0.00587	0.14692	0.00487	0.05504
1	0.01557	0.10592	0.01734	0.01362	0.05863	0.07903	0.02780	0.10088	0.01576	0.06252	0.04941	0.10367	0.11004	0.00989	0.00822	0.00194	0.10947	0.00769	0.00459	0.09801
2	0.10163	0.01594	0.01497	0.07867	0.04761	0.18498	0.01053	0.04996	0.11991	0.09127	0.01545	0.01952	0.01286	0.11878	0.01058	0.00254	0.05539	0.00579	0.00441	0.03918
3	0.19798	0.01216	0.01335	0.01104	0.01510	0.01275	0.00892	0.12585	0.15342	0.26198	0.10362	0.02161	0.01894	0.00813	0.00598	0.00199	0.00516	0.00638	0.00640	0.00922
4	0.11704	0.00784	0.01045	0.01004	0.01185	0.00887	0.00790	0.01388	0.01092	0.07557	0.01658	0.02274	0.01467	0.03890	0.59345	0.00845	0.01447	0.00632	0.00383	0.00624
5	0.01224	0.01150	0.01614	0.01430	0.01465	0.01539	0.01167	0.01390	0.01067	0.01612	0.07473	0.06824	0.01628	0.01797	0.14174	0.00394	0.52345	0.00709	0.00345	0.00653
6	0.00854	0.00652	0.00791	0.00798	0.00964	0.00589	0.00614	0.01091	0.01588	0.02099	0.35320	0.09928	0.29984	0.01513	0.00770	0.00221	0.00351	0.10668	0.00637	0.00569

[dist]
# distance from previous block
# <min> <max>
0	1

[block]
# block no. 4 follows, 35 sequences, length 22
# corresponding to MSA columns:
# 126-128,139-157
name=unknown_E
#
# <colnr> <probs for GDERKNQSTAVLIFYWHMCP>
#	G	D	E	R	K	N	Q	S	T	A	V	L	I	F	Y	W	H	M	C	P
0	0.01121	0.00665	0.00694	0.00651	0.00858	0.00612	0.00492	0.01389	0.01343	0.02207	0.02661	0.04992	0.12621	0.00875	0.00504	0.00154	0.00323	0.00714	0.56464	0.10661
1	0.82186	0.01227	0.00932	0.00834	0.01227	0.01423	0.00687	0.01865	0.01080	0.02846	0.00883	0.01031	0.00687	0.00589	0.00393	0.00196	0.00491	0.00344	0.00393	0.00687
2	0.00844	0.00646	0.00773	0.00741	0.00914	0.00575	0.00556	0.01092	0.01668	0.02240	0.48853	0.05240	0.30735	0.01410	0.00749	0.00205	0.00307	0.01218	0.00658	0.00575
3	0.00970	0.00646	0.00766	0.00772	0.00883	0.00602	0.00533	0.01101	0.01291	0.05454	0.13143	0.16001	0.19028	0.28305	0.01623	0.00361	0.00454	0.04944	0.02603	0.00520
4	0.72804	0.01209	0.00996	0.00869	0.01273	0.01365	0.00716	0.02010	0.01167	0.11282	0.01075	0.01164	0.00791	0.00612	0.00422	0.00196	0.00497	0.00378	0.00439	0.00733
5	0.01631	0.01351	0.01436	0.01284	0.01648	0.01551	0.01001	0.03359	0.69648	0.05638	0.02579	0.02358	0.01921	0.00858	0.00645	0.00214	0.00504	0.00714	0.00651	0.01007
6	0.00799	0.00623	0.00719	0.00748	0.00896	0.00552	0.00542	0.00973	0.01442	0.01846	0.19148	0.22868	0.38473	0.04623	0.00864	0.00239	0.00346	0.03156	0.00603	0.00539
7	0.02466	0.01690	0.01850	0.01418	0.01924	0.01839	0.01172	0.63102	0.02837	0.12734	0.01645	0.01602	0.01140	0.00764	0.00635	0.00191	0.00678	0.00579	0.00653	0.01079
8	0.00861	0.00601	0.00766	0.00864	0.00905	0.00582	0.00588	0.00963	0.01155	0.01533	0.02976	0.42019	0.03481	0.27211	0.01627	0.00382	0.00484	0.12001	0.00520	0.00482
9	0.00882	0.00617	0.00682	0.00693	0.00784	0.00579	0.00453	0.00989	0.01203	0.01609	0.08173	0.11578	0.23637	0.35348	0.01826	0.00389	0.00452	0.01111	0.08519	0.00476
10	0.01007	0.00720	0.01001	0.01122	0.01269	0.00714	0.00970	0.01300	0.01502	0.01979	0.12078	0.06855	0.03942	0.01696	0.00860	0.00281	0.00549	0.60973	0.00598	0.00586
11	0.00855	0.00647	0.00788	0.00753	0.00921	0.00580	0.00565	0.01114	0.01694	0.02302	0.53905	0.05137	0.25645	0.01387	0.00749	0.00204	0.00306	0.01203	0.00667	0.00580
12	0.02370	0.03023	0.01798	0.01634	0.01961	0.75158	0.01226	0.02533	0.01798	0.01553	0.00981	0.01144	0.00817	0.00654	0.00572	0.00163	0.01144	0.00409	0.00327	0.00735
13	0.02249	0.01572	0.01724	0.01360	0.01823	0.01715	0.01110	0.49175	0.13912	0.11768	0.05558	0.01899	0.01529	0.00808	0.00643	0.00196	0.00628	0.00632	0.00657	0.01042
14	0.00867	0.00647	0.00805	0.00766	0.00929	0.00585	0.00574	0.01137	0.01722	0.02370	0.59386	0.05025	0.20121	0.01362	0.00749	0.00203	0.00304	0.01187	0.00675	0.00585
15	0.01951	0.01558	0.01824	0.01728	0.12828	0.01666	0.01216	0.36272	0.18829	0.03148	0.01671	0.01702	0.01251	0.00718	0.00616	0.00184	0.00632	0.00580	0.00556	0.11070
16	0.10273	0.02735	0.01747	0.01636	0.04703	0.61960	0.01200	0.05259	0.01761	0.01801	0.01001	0.01165	0.00822	0.00648	0.00559	0.00169	0.01046	0.00415	0.00345	0.00755
17	0.02124	0.01681	0.18947	0.10665	0.02248	0.01240	0.01394	0.11576	0.01763	0.35755	0.01918	0.04883	0.01340	0.00769	0.00636	0.00201	0.00687	0.00627	0.00571	0.00976
18	0.01340	0.01393	0.02729	0.02077	0.02490	0.01409	0.42104	0.01751	0.01449	0.02000	0.10481	0.02796	0.01942	0.00887	0.00971	0.00233	0.12464	0.10327	0.00398	0.00761
19	0.00887	0.00684	0.00823	0.00846	0.01013	0.00639	0.00652	0.01189	0.05234	0.02025	0.24953	0.15591	0.28251	0.01555	0.00774	0.00229	0.00376	0.13072	0.00623	0.00584
20	0.04061	0.01460	0.02119	0.33023	0.03066	0.05427	0.10746	0.12431	0.01520	0.02054	0.01131	0.01555	0.00888	0.00741	0.00946	0.00220	0.16914	0.00573	0.00346	0.00781
21	0.53124	0.06865	0.07545	0.01376	0.10470	0.05380	0.01055	0.04110	0.01258	0.02555	0.00968	0.01144	0.00764	0.00593	0.00457	0.00190	0.00615	0.00392	0.00368	0.00771

[dist]
# distance from previous block
# <min> <max>
5	11

[block]
# block no. 5 follows, 35 sequences, length 33
# corresponding to MSA columns:
# 170-202
name=unknown_F
#
# <colnr> <probs for GDERKNQSTAVLIFYWHMCP>
#	G	D	E	R	K	N	Q	S	T	A	V	L	I	F	Y	W	H	M	C	P
0	0.05604	0.01457	0.05734	0.01174	0.01699	0.04801	0.01003	0.16154	0.01815	0.22553	0.03187	0.01649	0.01231	0.00657	0.00565	0.00158	0.00593	0.00511	0.00541	0.28915
1	0.01323	0.01254	0.01802	0.59996	0.03760	0.06458	0.01589	0.05727	0.01452	0.01837	0.07552	0.01914	0.01313	0.00702	0.00640	0.00206	0.00809	0.00605	0.00342	0.00719
2	0.59158	0.01125	0.00930	0.00845	0.01197	0.01267	0.00681	0.01826	0.07512	0.02649	0.05405	0.02072	0.11685	0.00796	0.00485	0.00201	0.00458	0.00561	0.00459	0.00689
3	0.02449	0.01013	0.01329	0.01050	0.01489	0.00883	0.00857	0.02725	0.03813	0.59653	0.03179	0.02843	0.13938	0.00929	0.00657	0.00200	0.00501	0.00761	0.00747	0.00984
4	0.01308	0.01224	0.02056	0.42958	0.29534	0.01373	0.01727	0.01703	0.01380	0.01869	0.07563	0.01917	0.01360	0.00668	0.00642	0.00202	0.00763	0.00616	0.00331	0.00805
5	0.11346	0.00772	0.00851	0.00839	0.01029	0.00756	0.00622	0.04944	0.01455	0.04951	0.14406	0.24301	0.21737	0.06051	0.00863	0.00246	0.00407	0.03243	0.00579	0.00602
6	0.01037	0.00573	0.00796	0.00796	0.00819	0.00567	0.00527	0.00858	0.00902	0.01188	0.01730	0.02655	0.07721	0.13704	0.04788	0.59434	0.00577	0.00681	0.00322	0.00324
7	0.00781	0.00558	0.00745	0.00893	0.00933	0.00522	0.00603	0.00897	0.01223	0.01628	0.03492	0.75020	0.04178	0.01980	0.00812	0.00259	0.00375	0.03995	0.00589	0.00518
8	0.00901	0.00606	0.00698	0.00720	0.00725	0.00600	0.00414	0.00917	0.00965	0.01287	0.02217	0.14828	0.02582	0.66653	0.02876	0.00563	0.00579	0.01051	0.00414	0.00403
9	0.03180	0.00727	0.00829	0.00816	0.00994	0.00700	0.00602	0.01313	0.09585	0.02115	0.28794	0.16448	0.26327	0.03709	0.00811	0.00228	0.00355	0.01235	0.00622	0.00607
10	0.82186	0.01227	0.00932	0.00834	0.01227	0.01423	0.00687	0.01865	0.01080	0.02846	0.00883	0.01031	0.00687	0.00589	0.00393	0.00196	0.00491	0.00344	0.00393	0.00687
11	0.00906	0.00608	0.00697	0.00713	0.00717	0.00604	0.00407	0.00918	0.00955	0.01273	0.02164	0.12202	0.02514	0.69371	0.02963	0.00576	0.00588	0.01020	0.00407	0.00399
12	0.00893	0.00645	0.00844	0.00801	0.00947	0.00595	0.00598	0.01185	0.01774	0.02509	0.70742	0.07510	0.05917	0.01323	0.00751	0.00202	0.00302	0.01172	0.00694	0.00595
13	0.00918	0.00659	0.00872	0.00989	0.01110	0.00634	0.00794	0.01142	0.01397	0.01843	0.07074	0.27785	0.11305	0.01750	0.00821	0.00264	0.00467	0.36206	0.03411	0.00559
14	0.72750	0.01209	0.00997	0.00869	0.01274	0.01365	0.00716	0.02011	0.01167	0.11331	0.01076	0.01165	0.00792	0.00612	0.00422	0.00196	0.00497	0.00379	0.00439	0.00734
15	0.00923	0.00615	0.00692	0.00692	0.00692	0.00615	0.00384	0.00923	0.00923	0.01230	0.01999	0.04151	0.02306	0.77705	0.03229	0.00615	0.00615	0.00923	0.00384	0.00384
16	0.13495	0.01120	0.01391	0.01096	0.01557	0.01049	0.00900	0.04919	0.04903	0.57056	0.04402	0.02074	0.01586	0.00777	0.00608	0.00197	0.00529	0.00615	0.00719	0.01008
17	0.02563	0.01448	0.01690	0.01305	0.01798	0.01490	0.01075	0.37906	0.05884	0.35037	0.02009	0.01846	0.01339	0.00777	0.00637	0.00194	0.00618	0.00608	0.00702	0.01076
18	0.00852	0.00642	0.00788	0.00761	0.00922	0.00578	0.00567	0.01106	0.01674	0.02278	0.52179	0.08616	0.23886	0.01413	0.00752	0.00206	0.00308	0.01230	0.00664	0.00578
19	0.00750	0.00643	0.00643	0.00643	0.00857	0.00536	0.00482	0.00910	0.01446	0.01714	0.06427	0.06105	0.73490	0.01607	0.00750	0.00214	0.00321	0.01339	0.00589	0.00536
20	0.11845	0.01131	0.01432	0.01111	0.01592	0.01039	0.00918	0.06318	0.01789	0.62630	0.02271	0.02000	0.01446	0.00762	0.00610	0.00196	0.00542	0.00601	0.00733	0.01035
21	0.02665	0.01292	0.01594	0.01231	0.01720	0.01258	0.01014	0.22751	0.05303	0.50881	0.02225	0.01986	0.01446	0.00782	0.00637	0.00195	0.00583	0.00622	0.00736	0.01076
22	0.01259	0.00800	0.00841	0.00764	0.00985	0.00803	0.00591	0.12685	0.01670	0.02507	0.10151	0.03279	0.17538	0.00987	0.00572	0.00174	0.00367	0.00806	0.42564	0.00659
23	0.04957	0.00595	0.00849	0.00844	0.00873	0.00614	0.00579	0.00903	0.00856	0.01218	0.01144	0.01936	0.01125	0.02353	0.08829	0.70515	0.00650	0.00552	0.00287	0.00321
24	0.00773	0.00637	0.00679	0.00682	0.00875	0.00543	0.00506	0.00950	0.01481	0.01828	0.16002	0.10817	0.58856	0.01588	0.00754	0.00215	0.00321	0.01343	0.00605	0.00543
25	0.00846	0.00603	0.00813	0.00955	0.01020	0.00578	0.00700	0.01003	0.01272	0.01682	0.03406	0.55532	0.03981	0.04570	0.00913	0.00280	0.00436	0.20301	0.00580	0.00530
26	0.00869	0.00628	0.00701	0.00693	0.00778	0.00589	0.00445	0.00960	0.01205	0.01567	0.13922	0.04808	0.23589	0.44162	0.02137	0.00436	0.00482	0.01077	0.00491	0.00460
27	0.04327	0.14674	0.02066	0.01319	0.01830	0.01494	0.07262	0.16130	0.03413	0.38218	0.01884	0.01774	0.01276	0.00713	0.00601	0.00187	0.00640	0.00577	0.00613	0.01002
28	0.01707	0.49695	0.17040	0.01362	0.01954	0.13080	0.03724	0.02020	0.01382	0.01621	0.00960	0.01123	0.00818	0.00571	0.00481	0.00155	0.00812	0.00389	0.00281	0.00828
29	0.00920	0.00625	0.00740	0.00740	0.00757	0.00641	0.00445	0.00954	0.00937	0.01266	0.01954	0.03906	0.02200	0.66901	0.13887	0.00675	0.00776	0.00887	0.00378	0.00411
30	0.01153	0.00802	0.00995	0.00975	0.03544	0.00765	0.00719	0.01588	0.09728	0.08999	0.37397	0.04564	0.19888	0.01270	0.00730	0.00209	0.00381	0.04947	0.00657	0.00688
31	0.07456	0.04354	0.06078	0.01307	0.03606	0.18437	0.01052	0.06225	0.05034	0.17961	0.09121	0.08621	0.01900	0.00966	0.02480	0.00210	0.00708	0.00690	0.00522	0.03270
32	0.02051	0.07932	0.05981	0.01707	0.10543	0.29862	0.01262	0.03650	0.04607	0.14797	0.03870	0.03305	0.01297	0.00848	0.02733	0.00206	0.03511	0.00552	0.00436	0.00849

[dist]
# distance from previous block
# <min> <max>
0	23

[block]
# block no. 6 follows, 35 sequences, length 29
# corresponding to MSA columns:
# 226-254
name=unknown_G
#
# <colnr> <probs for GDERKNQSTAVLIFYWHMCP>
#	G	D	E	R	K	N	Q	S	T	A	V	L	I	F	Y	W	H	M	C	P
0	0.01884	0.17424	0.04914	0.01485	0.03363	0.18723	0.01242	0.07071	0.01495	0.09278	0.01155	0.01381	0.00949	0.00897	0.03319	0.00221	0.21360	0.00483	0.00371	0.02986
1	0.03654	0.01266	0.01742	0.06056	0.14341	0.03360	0.03031	0.07875	0.05274	0.04798	0.01655	0.13834	0.01580	0.01349	0.07533	0.00299	0.20379	0.00778	0.00417	0.00780
2	0.09762	0.00719	0.00920	0.00885	0.00974	0.00770	0.00630	0.04948	0.01015	0.01524	0.01279	0.02092	0.01240	0.08652	0.14740	0.47761	0.00756	0.00583	0.00328	0.00423
3	0.01269	0.01045	0.01383	0.01064	0.01496	0.00865	0.06578	0.03727	0.01452	0.04028	0.12313	0.08976	0.03999	0.02886	0.00657	0.00158	0.00494	0.00705	0.00463	0.46442
4	0.82186	0.01227	0.00932	0.00834	0.01227	0.01423	0.00687	0.01865	0.01080	0.02846	0.00883	0.01031	0.00687	0.00589	0.00393	0.00196	0.00491	0.00344	0.00393	0.00687
5	0.00911	0.00678	0.00876	0.00856	0.01007	0.00661	0.00655	0.01211	0.03491	0.02173	0.43484	0.04652	0.12894	0.04641	0.12947	0.00357	0.00570	0.06741	0.00605	0.00588
6	0.36724	0.01164	0.01255	0.01013	0.01462	0.01173	0.00836	0.04637	0.01537	0.41594	0.01781	0.01658	0.01178	0.00701	0.00533	0.00196	0.00524	0.00510	0.00613	0.00912
7	0.00768	0.00570	0.00717	0.00835	0.00907	0.00519	0.00567	0.00889	0.01261	0.01638	0.04084	0.63022	0.18086	0.01911	0.00798	0.00249	0.00359	0.01710	0.00589	0.00519
8	0.00876	0.00599	0.00718	0.00757	0.00781	0.00584	0.00463	0.00934	0.01081	0.01454	0.08364	0.25826	0.03170	0.48981	0.02308	0.00475	0.00516	0.01202	0.00471	0.00441
9	0.00883	0.00630	0.00852	0.00973	0.01061	0.00607	0.00743	0.01077	0.01355	0.01804	0.10599	0.41267	0.04112	0.04523	0.00914	0.00277	0.00450	0.26738	0.00591	0.00545
10	0.01473	0.01640	0.03347	0.02452	0.02952	0.01679	0.56018	0.01921	0.01382	0.01921	0.01184	0.01640	0.00934	0.00661	0.01042	0.00228	0.17689	0.00706	0.00311	0.00820
11	0.02370	0.03023	0.01798	0.01634	0.01961	0.75158	0.01226	0.02533	0.01798	0.01553	0.00981	0.01144	0.00817	0.00654	0.00572	0.00163	0.01144	0.00409	0.00327	0.00735
12	0.01268	0.00767	0.00934	0.00858	0.01076	0.00707	0.00643	0.03171	0.04481	0.15256	0.24697	0.13509	0.20933	0.07672	0.00935	0.00245	0.00401	0.01134	0.00644	0.00671
13	0.00891	0.00602	0.00701	0.00733	0.00740	0.00594	0.00428	0.00914	0.00985	0.01313	0.02318	0.19719	0.02709	0.61589	0.02714	0.00539	0.00562	0.01110	0.00428	0.00412
14	0.00750	0.00643	0.00643	0.00643	0.00857	0.00536	0.00482	0.00910	0.01446	0.01714	0.06427	0.06105	0.73490	0.01607	0.00750	0.00214	0.00321	0.01339	0.00589	0.00536
15	0.00874	0.00598	0.00702	0.00744	0.00762	0.00584	0.00445	0.00911	0.01024	0.01357	0.02586	0.24658	0.05544	0.53656	0.02459	0.00500	0.00535	0.01184	0.00449	0.00427
16	0.03134	0.00668	0.00818	0.00831	0.00960	0.00623	0.00585	0.01201	0.01334	0.09015	0.13147	0.29923	0.13606	0.17288	0.01266	0.00311	0.00431	0.03717	0.00576	0.00566
17	0.40317	0.01303	0.01312	0.01062	0.01510	0.01393	0.00877	0.17641	0.01725	0.24914	0.01520	0.01484	0.01044	0.00687	0.00521	0.00195	0.00552	0.00484	0.00566	0.00894
18	0.02296	0.09139	0.02008	0.01426	0.01918	0.06844	0.01185	0.56780	0.06420	0.03525	0.01482	0.01494	0.01082	0.00739	0.00609	0.00185	0.00715	0.00546	0.00580	0.01027
19	0.00805	0.00586	0.00766	0.00891	0.00962	0.00546	0.00631	0.00949	0.01288	0.01697	0.06422	0.59350	0.10825	0.01897	0.00810	0.00255	0.00387	0.09813	0.00593	0.00529
20	0.01185	0.00855	0.00963	0.00883	0.01140	0.00835	0.00679	0.01773	0.18243	0.09094	0.23364	0.04481	0.31495	0.01269	0.00714	0.00209	0.00379	0.01074	0.00651	0.00714
21	0.00895	0.00661	0.00906	0.00906	0.01002	0.00726	0.00667	0.01062	0.01037	0.01438	0.02222	0.03230	0.08636	0.21675	0.51082	0.00847	0.01311	0.00800	0.00374	0.00520
22	0.01570	0.01507	0.02575	0.03894	0.73748	0.01507	0.01947	0.01947	0.01444	0.02073	0.01193	0.01570	0.01005	0.00565	0.00628	0.00188	0.00754	0.00565	0.00314	0.01005
23	0.00923	0.00615	0.00692	0.00692	0.00692	0.00615	0.00384	0.00923	0.00923	0.01230	0.01999	0.04151	0.02306	0.77705	0.03229	0.00615	0.00615	0.00923	0.00384	0.00384
24	0.82186	0.01227	0.00932	0.00834	0.01227	0.01423	0.00687	0.01865	0.01080	0.02846	0.00883	0.01031	0.00687	0.00589	0.00393	0.00196	0.00491	0.00344	0.00393	0.00687
25	0.01229	0.01137	0.01794	0.63057	0.03865	0.01373	0.01602	0.01768	0.08101	0.01746	0.01406	0.01852	0.02862	0.00673	0.00630	0.00206	0.00779	0.00589	0.00330	0.05001
26	0.01782	0.04321	0.01667	0.08481	0.01932	0.15682	0.01119	0.21215	0.10322	0.02487	0.08198	0.02133	0.06515	0.00849	0.00729	0.00192	0.06137	0.00642	0.00494	0.05103
27	0.01510	0.09251	0.52520	0.01679	0.02464	0.08651	0.01980	0.07113	0.05261	0.02099	0.01206	0.01361	0.00885	0.00628	0.00588	0.00192	0.00896	0.00473	0.00320	0.00922
28	0.01469	0.46493	0.26052	0.01277	0.01916	0.01986	0.01435	0.01840	0.01320	0.01681	0.01495	0.01608	0.07765	0.00664	0.00503	0.00164	0.00728	0.00477	0.00301	0.00827

[dist]
# distance from previous block
# <min> <max>
1	8

# created by:
# /home/cegg/simao/soft/augustus-3.2.1/scripts/msa2prfl.pl ./align_prep/EOG090W0GP5.fa
