[name]
unknown

[dist]
# distance from previous block
# <min> <max>
10	89

[block]
# block no. 0 follows, 31 sequences, length 28
# corresponding to MSA columns:
# 100-127
name=unknown_A
#
# <colnr> <probs for GDERKNQSTAVLIFYWHMCP>
#	G	D	E	R	K	N	Q	S	T	A	V	L	I	F	Y	W	H	M	C	P
0	0.04998	0.18777	0.04169	0.10418	0.06474	0.03883	0.02721	0.08427	0.04621	0.05788	0.02137	0.04754	0.09651	0.00849	0.00617	0.00192	0.00682	0.00682	0.02836	0.07325
1	0.03249	0.03509	0.01904	0.01670	0.07441	0.05131	0.15242	0.05230	0.01644	0.02248	0.10371	0.08995	0.12863	0.01218	0.02780	0.00246	0.03474	0.03729	0.08289	0.00768
2	0.01703	0.08663	0.12300	0.09709	0.05836	0.01593	0.01425	0.18374	0.07485	0.04315	0.08274	0.02689	0.05311	0.00925	0.00688	0.00213	0.00712	0.05743	0.00524	0.03518
3	0.01804	0.04527	0.14147	0.01870	0.10470	0.07902	0.08030	0.07683	0.08747	0.08123	0.04574	0.01940	0.01458	0.00732	0.00647	0.00195	0.00770	0.00622	0.07993	0.07765
4	0.01882	0.06805	0.08430	0.01785	0.14669	0.01367	0.01306	0.10209	0.01852	0.17832	0.11577	0.02679	0.08762	0.00917	0.00730	0.00205	0.02844	0.00756	0.00571	0.04821
5	0.01626	0.01382	0.01906	0.01905	0.12616	0.01511	0.06128	0.11294	0.15371	0.04308	0.02136	0.17313	0.01997	0.01111	0.00963	0.00237	0.11896	0.00927	0.00530	0.04843
6	0.01112	0.04364	0.21899	0.01184	0.01612	0.00996	0.01210	0.01562	0.01756	0.02495	0.45502	0.03951	0.07340	0.01163	0.00747	0.00214	0.00540	0.00999	0.00595	0.00758
7	0.01777	0.03565	0.01675	0.01266	0.04362	0.01250	0.00983	0.16018	0.01829	0.06390	0.01380	0.01515	0.01080	0.00597	0.00558	0.00134	0.00580	0.00471	0.00482	0.54089
8	0.01033	0.00849	0.01296	0.16718	0.10264	0.00886	0.01076	0.01257	0.01352	0.01805	0.02937	0.51200	0.03354	0.01653	0.00810	0.00258	0.00555	0.01504	0.00530	0.00662
9	0.01340	0.00852	0.01121	0.01420	0.15688	0.00861	0.00847	0.01671	0.01435	0.02411	0.02003	0.02381	0.01610	0.01091	0.06108	0.00241	0.00539	0.00639	0.57013	0.00729
10	0.02266	0.01790	0.01808	0.01442	0.01899	0.07978	0.01167	0.50072	0.02837	0.03738	0.13047	0.02352	0.04624	0.00939	0.00703	0.00205	0.00710	0.00732	0.00665	0.01026
11	0.01276	0.01037	0.01078	0.01084	0.01249	0.07838	0.00782	0.08909	0.01692	0.04086	0.11641	0.45784	0.07456	0.01707	0.00811	0.00248	0.00512	0.01502	0.00633	0.00676
12	0.20934	0.01732	0.01502	0.01531	0.07968	0.19862	0.01068	0.05879	0.07191	0.06886	0.01900	0.17013	0.01795	0.01014	0.00644	0.00217	0.00726	0.00807	0.00505	0.00825
13	0.01874	0.41727	0.09838	0.01977	0.16589	0.13844	0.01522	0.02182	0.01520	0.01805	0.01066	0.01278	0.00921	0.00616	0.00538	0.00170	0.00858	0.00443	0.00312	0.00920
14	0.00918	0.00661	0.00870	0.00895	0.01011	0.00612	0.00642	0.01165	0.01703	0.02372	0.46176	0.31321	0.05737	0.01676	0.00832	0.00239	0.00350	0.01501	0.00709	0.00612
15	0.01615	0.10365	0.10651	0.02600	0.03312	0.01826	0.55077	0.02173	0.01573	0.02124	0.01320	0.01722	0.01003	0.00585	0.00751	0.00220	0.01092	0.00728	0.00334	0.00926
16	0.00828	0.00616	0.00773	0.00898	0.00978	0.00560	0.00611	0.00959	0.01362	0.01768	0.04433	0.61064	0.18543	0.02057	0.00860	0.00268	0.00386	0.01840	0.00635	0.00560
17	0.01292	0.01216	0.02052	0.74312	0.04712	0.01520	0.01900	0.01748	0.01368	0.01748	0.01216	0.01824	0.00912	0.00684	0.00684	0.00228	0.00912	0.00608	0.00304	0.00760
18	0.00977	0.00656	0.00752	0.00769	0.00774	0.00651	0.00439	0.00990	0.01030	0.01374	0.02337	0.12440	0.02716	0.67682	0.03190	0.00620	0.00633	0.01101	0.00439	0.00430
19	0.00834	0.00595	0.00794	0.00953	0.00992	0.00556	0.00635	0.00953	0.01310	0.01746	0.03771	0.75510	0.04525	0.02143	0.00873	0.00278	0.00397	0.01945	0.00635	0.00556
20	0.01497	0.01197	0.00952	0.00907	0.01107	0.15849	0.00680	0.01787	0.01617	0.02396	0.12486	0.02664	0.02285	0.00869	0.00557	0.00171	0.00511	0.00687	0.51107	0.00671
21	0.01476	0.01302	0.01703	0.01681	0.16307	0.01062	0.01081	0.01802	0.01448	0.02231	0.01231	0.01476	0.01028	0.00528	0.00542	0.00123	0.00571	0.00448	0.00391	0.63570
22	0.02033	0.54323	0.05399	0.01302	0.01878	0.07082	0.01240	0.13106	0.01746	0.04713	0.01145	0.01252	0.00955	0.00643	0.00507	0.00163	0.00771	0.00428	0.00381	0.00934
23	0.01829	0.76368	0.03585	0.01171	0.01756	0.02707	0.01171	0.02049	0.01390	0.01610	0.00951	0.01097	0.00878	0.00585	0.00439	0.00146	0.00732	0.00366	0.00293	0.00878
24	0.00828	0.00616	0.00773	0.00898	0.00978	0.00560	0.00611	0.00959	0.01362	0.01768	0.04433	0.61064	0.18543	0.02057	0.00860	0.00268	0.00386	0.01840	0.00635	0.00560
25	0.06588	0.26582	0.32643	0.01516	0.02236	0.01926	0.01701	0.04205	0.08180	0.03958	0.01402	0.03780	0.01126	0.00712	0.00581	0.00197	0.00807	0.00531	0.00375	0.00952
26	0.01372	0.03539	0.72412	0.01950	0.02961	0.01589	0.02528	0.02167	0.01444	0.02167	0.01228	0.01444	0.00867	0.00650	0.00650	0.00217	0.01011	0.00506	0.00289	0.01011
27	0.00968	0.00699	0.00914	0.00861	0.01022	0.00646	0.00646	0.01291	0.01937	0.02743	0.71328	0.05110	0.06455	0.01399	0.00807	0.00215	0.00323	0.01237	0.00753	0.00646

[dist]
# distance from previous block
# <min> <max>
0	29

[block]
# block no. 1 follows, 31 sequences, length 10
# corresponding to MSA columns:
# 157-166
name=unknown_B
#
# <colnr> <probs for GDERKNQSTAVLIFYWHMCP>
#	G	D	E	R	K	N	Q	S	T	A	V	L	I	F	Y	W	H	M	C	P
0	0.01384	0.01326	0.02296	0.57459	0.16935	0.01551	0.05697	0.01837	0.01417	0.01862	0.01238	0.01801	0.00951	0.00664	0.00690	0.00224	0.00907	0.00619	0.00313	0.00828
1	0.02174	0.01289	0.01657	0.01359	0.01775	0.01300	0.05527	0.16404	0.13178	0.26663	0.02586	0.15625	0.02127	0.01073	0.00722	0.00225	0.00604	0.00924	0.03785	0.01003
2	0.00834	0.00595	0.00794	0.00953	0.00992	0.00556	0.00635	0.00953	0.01310	0.01746	0.03771	0.75510	0.04525	0.02143	0.00873	0.00278	0.00397	0.01945	0.00635	0.00556
3	0.01224	0.00642	0.00658	0.00658	0.00788	0.00642	0.00467	0.01484	0.01354	0.02326	0.02218	0.02904	0.01888	0.14585	0.01029	0.00252	0.00382	0.00703	0.65200	0.00597
4	0.01478	0.02043	0.18156	0.21443	0.03742	0.01645	0.37251	0.02070	0.01513	0.02070	0.01306	0.01754	0.00968	0.00621	0.00741	0.00227	0.01060	0.00690	0.00323	0.00899
5	0.01771	0.56661	0.13837	0.01317	0.01931	0.07404	0.01364	0.02080	0.01462	0.01751	0.04221	0.01344	0.01132	0.00641	0.00500	0.00162	0.00791	0.00432	0.00317	0.00882
6	0.01427	0.00837	0.01099	0.01020	0.01123	0.00872	0.00726	0.13464	0.01342	0.01794	0.01423	0.06301	0.01379	0.02078	0.02203	0.60764	0.00612	0.00677	0.00388	0.00471
7	0.00995	0.00663	0.00746	0.00746	0.00746	0.00663	0.00415	0.00995	0.00995	0.01327	0.02156	0.04477	0.02487	0.75957	0.03482	0.00663	0.00663	0.00995	0.00415	0.00415
8	0.01419	0.01216	0.01419	0.01013	0.01621	0.00912	0.00811	0.01723	0.01419	0.02229	0.01216	0.01419	0.01013	0.00507	0.00507	0.00101	0.00507	0.00405	0.00405	0.80139
9	0.00809	0.00693	0.00693	0.00693	0.00924	0.00578	0.00520	0.00982	0.01559	0.01848	0.06931	0.06584	0.71411	0.01733	0.00809	0.00231	0.00347	0.01444	0.00635	0.00578

[dist]
# distance from previous block
# <min> <max>
0	28

[block]
# block no. 2 follows, 31 sequences, length 13
# corresponding to MSA columns:
# 195-207
name=unknown_C
#
# <colnr> <probs for GDERKNQSTAVLIFYWHMCP>
#	G	D	E	R	K	N	Q	S	T	A	V	L	I	F	Y	W	H	M	C	P
0	0.01889	0.48419	0.17507	0.01406	0.02048	0.10973	0.01461	0.02224	0.01498	0.05476	0.01114	0.01251	0.00919	0.00627	0.00517	0.00168	0.00843	0.00421	0.00329	0.00910
1	0.00977	0.00733	0.01100	0.01100	0.01222	0.00855	0.00855	0.01222	0.01100	0.01588	0.01833	0.02688	0.01710	0.05131	0.73245	0.01100	0.01833	0.00733	0.00367	0.00611
2	0.01419	0.01216	0.01419	0.01013	0.01621	0.00912	0.00811	0.01723	0.01419	0.02229	0.01216	0.01419	0.01013	0.00507	0.00507	0.00101	0.00507	0.00405	0.00405	0.80139
3	0.01197	0.07154	0.01673	0.01349	0.01537	0.03505	0.07956	0.01422	0.01237	0.01684	0.02000	0.17742	0.02077	0.06207	0.30448	0.00612	0.10173	0.00953	0.00409	0.00667
4	0.02348	0.01792	0.01921	0.01601	0.04383	0.04993	0.01258	0.48746	0.10856	0.06066	0.01792	0.01841	0.01320	0.01164	0.06440	0.00278	0.00830	0.00639	0.00640	0.01091
5	0.01188	0.00594	0.00891	0.00891	0.00891	0.00594	0.00594	0.00891	0.00891	0.01188	0.01188	0.02080	0.01188	0.02377	0.02674	0.80095	0.00594	0.00594	0.00297	0.00297
6	0.00977	0.00733	0.01100	0.01100	0.01222	0.00855	0.00855	0.01222	0.01100	0.01588	0.01833	0.02688	0.01710	0.05131	0.73245	0.01100	0.01833	0.00733	0.00367	0.00611
7	0.01265	0.02876	0.55713	0.01682	0.02501	0.01363	0.02078	0.01937	0.01528	0.02228	0.12335	0.02420	0.07464	0.00852	0.00687	0.00218	0.00852	0.00693	0.00388	0.00920
8	0.01719	0.58812	0.20176	0.01358	0.02046	0.02438	0.01498	0.02077	0.01403	0.01744	0.01018	0.01181	0.00875	0.00601	0.00490	0.00163	0.00799	0.00399	0.00292	0.00910
9	0.00809	0.00693	0.00693	0.00693	0.00924	0.00578	0.00520	0.00982	0.01559	0.01848	0.06931	0.06584	0.71411	0.01733	0.00809	0.00231	0.00347	0.01444	0.00635	0.00578
10	0.01702	0.01470	0.01547	0.01392	0.01779	0.01702	0.01083	0.03635	0.70453	0.02862	0.02785	0.02553	0.02088	0.00928	0.00696	0.00232	0.00541	0.00773	0.00696	0.01083
11	0.02491	0.01862	0.01992	0.01552	0.02080	0.02070	0.01274	0.61397	0.11406	0.04135	0.01782	0.01753	0.01276	0.00834	0.00686	0.00209	0.00727	0.00635	0.00686	0.01154
12	0.02530	0.08230	0.02157	0.01576	0.02091	0.15205	0.01294	0.51692	0.02833	0.03608	0.01479	0.01523	0.01088	0.00781	0.00652	0.00195	0.00839	0.00563	0.00592	0.01072

[dist]
# distance from previous block
# <min> <max>
0	1

[block]
# block no. 3 follows, 31 sequences, length 31
# corresponding to MSA columns:
# 209-239
name=unknown_D
#
# <colnr> <probs for GDERKNQSTAVLIFYWHMCP>
#	G	D	E	R	K	N	Q	S	T	A	V	L	I	F	Y	W	H	M	C	P
0	0.01902	0.04288	0.07935	0.01714	0.02315	0.01713	0.14896	0.24457	0.12972	0.02982	0.01631	0.01749	0.01222	0.00705	0.00665	0.00193	0.00771	0.00620	0.00518	0.16753
1	0.01292	0.01216	0.02052	0.74312	0.04712	0.01520	0.01900	0.01748	0.01368	0.01748	0.01216	0.01824	0.00912	0.00684	0.00684	0.00228	0.00912	0.00608	0.00304	0.00760
2	0.00995	0.00663	0.00746	0.00746	0.00746	0.00663	0.00415	0.00995	0.00995	0.01327	0.02156	0.04477	0.02487	0.75957	0.03482	0.00663	0.00663	0.00995	0.00415	0.00415
3	0.00956	0.00701	0.00902	0.00902	0.00997	0.00739	0.00637	0.01098	0.01136	0.01534	0.02786	0.03989	0.13393	0.30862	0.35511	0.00796	0.01156	0.00946	0.00428	0.00533
4	0.02841	0.01531	0.01815	0.01391	0.01930	0.01550	0.01149	0.35595	0.02573	0.39034	0.02183	0.01994	0.01435	0.00834	0.00686	0.00209	0.00665	0.00653	0.00767	0.01164
5	0.00829	0.00611	0.00777	0.00910	0.00981	0.00559	0.00616	0.00957	0.01351	0.01763	0.04287	0.64242	0.15460	0.02076	0.00863	0.00270	0.00389	0.01863	0.00635	0.00559
6	0.03070	0.01164	0.01588	0.01217	0.01746	0.01006	0.01006	0.03334	0.01958	0.72163	0.02699	0.02329	0.01694	0.00847	0.00688	0.00212	0.00582	0.00688	0.00847	0.01164
7	0.03070	0.01164	0.01588	0.01217	0.01746	0.01006	0.01006	0.03334	0.01958	0.72163	0.02699	0.02329	0.01694	0.00847	0.00688	0.00212	0.00582	0.00688	0.00847	0.01164
8	0.00945	0.00698	0.00882	0.00836	0.01008	0.00636	0.00627	0.01246	0.01882	0.02614	0.62019	0.05323	0.15845	0.01447	0.00807	0.00217	0.00326	0.01267	0.00736	0.00636
9	0.01006	0.00774	0.01154	0.01137	0.01253	0.00922	0.00890	0.01245	0.01097	0.01591	0.01782	0.02623	0.01666	0.04918	0.69396	0.01056	0.05784	0.00726	0.00363	0.00618
10	0.17931	0.06895	0.22180	0.01916	0.10099	0.23904	0.03635	0.02297	0.01556	0.02174	0.01115	0.01332	0.00876	0.00654	0.00589	0.00198	0.00948	0.00471	0.00343	0.00887
11	0.33151	0.01167	0.01247	0.05071	0.01564	0.03586	0.05163	0.01779	0.06800	0.02345	0.01993	0.20436	0.02036	0.09730	0.00957	0.00283	0.00596	0.00914	0.00484	0.00698
12	0.01597	0.01122	0.01580	0.05241	0.01805	0.01119	0.08632	0.04414	0.14820	0.14559	0.26106	0.03635	0.10234	0.01098	0.00755	0.00221	0.00551	0.00973	0.00674	0.00865
13	0.00809	0.00693	0.00693	0.00693	0.00924	0.00578	0.00520	0.00982	0.01559	0.01848	0.06931	0.06584	0.71411	0.01733	0.00809	0.00231	0.00347	0.01444	0.00635	0.00578
14	0.00816	0.00689	0.00707	0.00711	0.00931	0.00580	0.00530	0.00994	0.01566	0.01883	0.09580	0.09307	0.65906	0.01735	0.00811	0.00232	0.00348	0.01455	0.00640	0.00580
15	0.80789	0.01323	0.01006	0.00900	0.01323	0.01535	0.00741	0.02011	0.01164	0.03070	0.00953	0.01111	0.00741	0.00635	0.00423	0.00212	0.00529	0.00370	0.00423	0.00741
16	0.00829	0.00611	0.00777	0.00910	0.00981	0.00559	0.00616	0.00957	0.01351	0.01763	0.04287	0.64242	0.15460	0.02076	0.00863	0.00270	0.00389	0.01863	0.00635	0.00559
17	0.00813	0.00677	0.00710	0.00735	0.00935	0.00574	0.00539	0.00977	0.01519	0.01832	0.06414	0.17852	0.60477	0.01800	0.00819	0.00239	0.00355	0.01526	0.00635	0.00574
18	0.00968	0.00699	0.00914	0.00861	0.01022	0.00646	0.00646	0.01291	0.01937	0.02743	0.71328	0.05110	0.06455	0.01399	0.00807	0.00215	0.00323	0.01237	0.00753	0.00646
19	0.03070	0.01164	0.01588	0.01217	0.01746	0.01006	0.01006	0.03334	0.01958	0.72163	0.02699	0.02329	0.01694	0.00847	0.00688	0.00212	0.00582	0.00688	0.00847	0.01164
20	0.01372	0.03539	0.72412	0.01950	0.02961	0.01589	0.02528	0.02167	0.01444	0.02167	0.01228	0.01444	0.00867	0.00650	0.00650	0.00217	0.01011	0.00506	0.00289	0.01011
21	0.00813	0.00677	0.00710	0.00735	0.00935	0.00574	0.00539	0.00977	0.01519	0.01832	0.06414	0.17852	0.60477	0.01800	0.00819	0.00239	0.00355	0.01526	0.00635	0.00574
22	0.01693	0.01626	0.02777	0.04199	0.71689	0.01626	0.02100	0.02100	0.01558	0.02235	0.01287	0.01693	0.01084	0.00610	0.00677	0.00203	0.00813	0.00610	0.00339	0.01084
23	0.01645	0.01364	0.01536	0.01160	0.01723	0.01225	0.00930	0.12318	0.12978	0.02649	0.01537	0.01638	0.01212	0.00623	0.00565	0.00138	0.00550	0.00498	0.00495	0.55216
24	0.01013	0.00705	0.01041	0.01041	0.01134	0.00799	0.00782	0.01152	0.01058	0.01505	0.01750	0.02713	0.01679	0.09623	0.56841	0.13983	0.01548	0.00729	0.00359	0.00546
25	0.03850	0.05299	0.01630	0.11838	0.02018	0.01385	0.01092	0.19792	0.05138	0.12827	0.08859	0.13361	0.02300	0.04330	0.00880	0.02399	0.00631	0.00889	0.00603	0.00877
26	0.01853	0.01870	0.05170	0.04621	0.34500	0.10419	0.04601	0.09398	0.13028	0.02480	0.01576	0.01804	0.01241	0.00704	0.00671	0.00206	0.00820	0.00622	0.03394	0.01022
27	0.00848	0.00606	0.00806	0.00943	0.00995	0.00565	0.00636	0.00988	0.01375	0.01851	0.10838	0.68146	0.04727	0.02065	0.00866	0.00271	0.00389	0.01871	0.00647	0.00565
28	0.02565	0.02987	0.01962	0.01724	0.02116	0.58715	0.01317	0.16328	0.02199	0.02212	0.01177	0.01317	0.00939	0.00729	0.00631	0.00182	0.01136	0.00476	0.00420	0.00869
29	0.01780	0.01628	0.05979	0.09494	0.46480	0.01545	0.01859	0.04746	0.05083	0.08314	0.01484	0.01773	0.01160	0.00657	0.00669	0.00203	0.00779	0.00608	0.00411	0.05348
30	0.04319	0.15365	0.58577	0.01785	0.02705	0.01770	0.02241	0.02142	0.01425	0.02108	0.01173	0.01376	0.00864	0.00639	0.00607	0.00205	0.00948	0.00478	0.00294	0.00980

[dist]
# distance from previous block
# <min> <max>
0	21

[block]
# block no. 4 follows, 31 sequences, length 9
# corresponding to MSA columns:
# 261-269
name=unknown_E
#
# <colnr> <probs for GDERKNQSTAVLIFYWHMCP>
#	G	D	E	R	K	N	Q	S	T	A	V	L	I	F	Y	W	H	M	C	P
0	0.01829	0.76368	0.03585	0.01171	0.01756	0.02707	0.01171	0.02049	0.01390	0.01610	0.00951	0.01097	0.00878	0.00585	0.00439	0.00146	0.00732	0.00366	0.00293	0.00878
1	0.01401	0.01302	0.02110	0.50435	0.17750	0.01525	0.01831	0.01975	0.07657	0.01960	0.01478	0.02123	0.01186	0.00744	0.00695	0.00227	0.00846	0.03545	0.00361	0.00848
2	0.58356	0.04483	0.01277	0.01056	0.01473	0.04886	0.00878	0.09379	0.01470	0.02992	0.01269	0.01759	0.01082	0.00768	0.00508	0.00216	0.00603	0.06298	0.00462	0.00785
3	0.00811	0.00684	0.00702	0.00717	0.00930	0.00576	0.00531	0.00979	0.01536	0.01839	0.06636	0.13005	0.65180	0.01771	0.00815	0.00235	0.00351	0.01491	0.00635	0.00576
4	0.00832	0.00603	0.00786	0.00933	0.00987	0.00557	0.00626	0.00955	0.01329	0.01754	0.04010	0.70283	0.09597	0.02112	0.00868	0.00274	0.00393	0.01907	0.00635	0.00557
5	0.02207	0.01467	0.01637	0.01261	0.01761	0.01480	0.01029	0.35268	0.02381	0.12963	0.01784	0.01825	0.01292	0.00752	0.00615	0.00177	0.00610	0.00583	0.12521	0.18387
6	0.08745	0.12425	0.09016	0.07566	0.11594	0.01751	0.05497	0.15258	0.04851	0.02565	0.01370	0.01619	0.01082	0.00955	0.05309	0.00251	0.00837	0.00553	0.00424	0.08332
7	0.04848	0.01769	0.01822	0.06278	0.05677	0.09881	0.01234	0.40092	0.02451	0.03289	0.01524	0.01710	0.01152	0.00902	0.00806	0.06496	0.00762	0.00587	0.07759	0.00961
8	0.01219	0.00761	0.01016	0.01005	0.01135	0.00745	0.02804	0.01390	0.01316	0.07961	0.02723	0.15811	0.02874	0.28476	0.06452	0.00459	0.00666	0.14671	0.07918	0.00597

[dist]
# distance from previous block
# <min> <max>
1	41

[block]
# block no. 5 follows, 31 sequences, length 38
# corresponding to MSA columns:
# 311-348
name=unknown_F
#
# <colnr> <probs for GDERKNQSTAVLIFYWHMCP>
#	G	D	E	R	K	N	Q	S	T	A	V	L	I	F	Y	W	H	M	C	P
0	0.04893	0.03833	0.08637	0.15127	0.44200	0.03457	0.01935	0.02013	0.01506	0.02136	0.01445	0.01919	0.02885	0.00690	0.00667	0.00210	0.00827	0.02302	0.00346	0.00971
1	0.01887	0.29661	0.07581	0.04604	0.02152	0.05743	0.04999	0.13956	0.13170	0.02366	0.01430	0.01564	0.01139	0.00742	0.00710	0.00196	0.06172	0.00541	0.00434	0.00954
2	0.02265	0.01345	0.01546	0.01272	0.01706	0.01407	0.01022	0.17348	0.23449	0.25745	0.05317	0.02391	0.01908	0.00884	0.00672	0.00211	0.00567	0.00717	0.09167	0.01061
3	0.01576	0.20834	0.07904	0.01252	0.01609	0.01529	0.01109	0.06443	0.03689	0.09212	0.02281	0.28436	0.02347	0.01265	0.00824	0.00227	0.07098	0.01036	0.00514	0.00816
4	0.00940	0.00698	0.00875	0.00831	0.01005	0.00633	0.00623	0.01236	0.01870	0.02585	0.59934	0.05371	0.17948	0.01458	0.00807	0.00218	0.00327	0.01274	0.00732	0.00633
5	0.52183	0.01265	0.01220	0.01017	0.01479	0.01340	0.00838	0.02498	0.01456	0.28501	0.01595	0.01559	0.01092	0.00713	0.00521	0.00212	0.00549	0.00487	0.00579	0.00897
6	0.00977	0.00733	0.01100	0.01100	0.01222	0.00855	0.00855	0.01222	0.01100	0.01588	0.01833	0.02688	0.01710	0.05131	0.73245	0.01100	0.01833	0.00733	0.00367	0.00611
7	0.00838	0.00703	0.00734	0.00750	0.00974	0.00599	0.00578	0.01025	0.01561	0.01868	0.06599	0.06698	0.64649	0.01748	0.00822	0.00239	0.00375	0.08022	0.00635	0.00583
8	0.00834	0.00595	0.00794	0.00953	0.00992	0.00556	0.00635	0.00953	0.01310	0.01746	0.03771	0.75510	0.04525	0.02143	0.00873	0.00278	0.00397	0.01945	0.00635	0.00556
9	0.02601	0.01916	0.02053	0.01574	0.02122	0.02122	0.01300	0.69408	0.03217	0.04312	0.01643	0.01643	0.01163	0.00821	0.00684	0.00205	0.00753	0.00616	0.00684	0.01163
10	0.00834	0.00595	0.00794	0.00953	0.00992	0.00556	0.00635	0.00953	0.01310	0.01746	0.03771	0.75510	0.04525	0.02143	0.00873	0.00278	0.00397	0.01945	0.00635	0.00556
11	0.80789	0.01323	0.01006	0.00900	0.01323	0.01535	0.00741	0.02011	0.01164	0.03070	0.00953	0.01111	0.00741	0.00635	0.00423	0.00212	0.00529	0.00370	0.00423	0.00741
12	0.00968	0.00699	0.00914	0.00861	0.01022	0.00646	0.00646	0.01291	0.01937	0.02743	0.71328	0.05110	0.06455	0.01399	0.00807	0.00215	0.00323	0.01237	0.00753	0.00646
13	0.01545	0.01264	0.01728	0.16714	0.02243	0.01527	0.01295	0.12073	0.01708	0.05571	0.17597	0.05605	0.02419	0.01102	0.01214	0.00245	0.24030	0.00812	0.00504	0.00802
14	0.01360	0.01604	0.12147	0.54069	0.13984	0.01545	0.02018	0.01857	0.01406	0.01877	0.01228	0.01751	0.00930	0.00669	0.00678	0.00223	0.00912	0.00594	0.00307	0.00842
15	0.02143	0.13976	0.02498	0.02231	0.21476	0.01730	0.06741	0.13737	0.05518	0.18027	0.04048	0.01898	0.01428	0.00734	0.00657	0.00200	0.00734	0.00633	0.00535	0.01053
16	0.01180	0.01021	0.01448	0.01332	0.01394	0.01314	0.01057	0.01362	0.01069	0.01584	0.01505	0.02413	0.01477	0.10918	0.38640	0.00746	0.29844	0.00708	0.00346	0.00644
17	0.01292	0.01216	0.02052	0.74312	0.04712	0.01520	0.01900	0.01748	0.01368	0.01748	0.01216	0.01824	0.00912	0.00684	0.00684	0.00228	0.00912	0.00608	0.00304	0.00760
18	0.01312	0.01255	0.02173	0.69941	0.04642	0.01533	0.06018	0.01775	0.01383	0.01775	0.01226	0.01825	0.00920	0.00677	0.00692	0.00228	0.00927	0.00620	0.00307	0.00770
19	0.02563	0.03054	0.01956	0.01734	0.02116	0.62287	0.01319	0.12977	0.02135	0.02080	0.01147	0.01297	0.00925	0.00723	0.00627	0.00181	0.01160	0.00468	0.00403	0.00850
20	0.80789	0.01323	0.01006	0.00900	0.01323	0.01535	0.00741	0.02011	0.01164	0.03070	0.00953	0.01111	0.00741	0.00635	0.00423	0.00212	0.00529	0.00370	0.00423	0.00741
21	0.00833	0.00694	0.00727	0.00719	0.00939	0.00588	0.00539	0.01029	0.01617	0.01986	0.16826	0.06358	0.61430	0.01681	0.00808	0.00229	0.00343	0.01412	0.00653	0.00588
22	0.17786	0.01194	0.01477	0.01157	0.01666	0.01106	0.00955	0.03084	0.01808	0.59080	0.02368	0.02098	0.01513	0.00807	0.00638	0.00212	0.00572	0.00628	0.00767	0.01084
23	0.02398	0.01816	0.01939	0.01533	0.02045	0.02027	0.01251	0.54611	0.18343	0.03986	0.01899	0.01847	0.01372	0.00845	0.00687	0.00211	0.00705	0.00651	0.00687	0.01145
24	0.00865	0.00618	0.00830	0.00989	0.01043	0.00583	0.00691	0.01008	0.01341	0.01782	0.03753	0.67467	0.04455	0.02113	0.00882	0.00282	0.00425	0.09673	0.00634	0.00565
25	0.00834	0.00595	0.00794	0.00953	0.00992	0.00556	0.00635	0.00953	0.01310	0.01746	0.03771	0.75510	0.04525	0.02143	0.00873	0.00278	0.00397	0.01945	0.00635	0.00556
26	0.00834	0.00595	0.00794	0.00953	0.00992	0.00556	0.00635	0.00953	0.01310	0.01746	0.03771	0.75510	0.04525	0.02143	0.00873	0.00278	0.00397	0.01945	0.00635	0.00556
27	0.01686	0.53559	0.25141	0.01415	0.02133	0.02357	0.01596	0.02086	0.01407	0.01784	0.01038	0.01206	0.00874	0.00606	0.00505	0.00168	0.00819	0.00410	0.00291	0.00920
28	0.02132	0.01819	0.02201	0.01722	0.02199	0.12627	0.15423	0.24065	0.06201	0.10044	0.12379	0.02277	0.02014	0.00849	0.00720	0.00210	0.00816	0.00741	0.00590	0.00972
29	0.00858	0.00605	0.00787	0.00922	0.00956	0.00572	0.00602	0.00959	0.01263	0.01684	0.03530	0.64925	0.04221	0.13142	0.01262	0.00335	0.00437	0.01803	0.00602	0.00535
30	0.00853	0.00663	0.00781	0.00850	0.00997	0.00591	0.00619	0.01029	0.01494	0.01894	0.10411	0.33074	0.35398	0.01877	0.00844	0.00254	0.00386	0.06762	0.00644	0.00578
31	0.02493	0.02359	0.04238	0.05028	0.04700	0.32739	0.01345	0.18184	0.05089	0.14863	0.01578	0.01629	0.01150	0.00760	0.00655	0.00196	0.00941	0.00555	0.00526	0.00973
32	0.01471	0.09132	0.02135	0.01652	0.01726	0.02016	0.01389	0.01639	0.01089	0.01636	0.01011	0.01592	0.00989	0.01586	0.10216	0.00375	0.58702	0.00590	0.00306	0.00746
33	0.00890	0.00637	0.00851	0.00965	0.01042	0.00598	0.00685	0.01072	0.01469	0.01987	0.17945	0.53731	0.04870	0.01961	0.00867	0.00269	0.00405	0.08515	0.00659	0.00582
34	0.01817	0.01510	0.01833	0.01535	0.01967	0.01674	0.08110	0.10714	0.49826	0.05856	0.05653	0.02486	0.02060	0.00898	0.00711	0.00227	0.00620	0.00777	0.00668	0.01059
35	0.14255	0.01255	0.01380	0.01172	0.01585	0.01325	0.00937	0.05381	0.26141	0.25031	0.04630	0.02311	0.01831	0.00855	0.00632	0.00213	0.00530	0.00680	0.08858	0.00999
36	0.01900	0.01316	0.01472	0.01143	0.01649	0.05153	0.00912	0.05146	0.07380	0.18954	0.09183	0.02120	0.01842	0.00742	0.00611	0.00159	0.00560	0.00602	0.00580	0.38576
37	0.01325	0.07167	0.54507	0.01685	0.02530	0.01474	0.02079	0.01982	0.01486	0.02154	0.06826	0.02105	0.06934	0.00782	0.00656	0.00209	0.00870	0.00622	0.00356	0.04249

[dist]
# distance from previous block
# <min> <max>
1	18

[block]
# block no. 6 follows, 31 sequences, length 31
# corresponding to MSA columns:
# 367-397
name=unknown_G
#
# <colnr> <probs for GDERKNQSTAVLIFYWHMCP>
#	G	D	E	R	K	N	Q	S	T	A	V	L	I	F	Y	W	H	M	C	P
0	0.01760	0.01478	0.02083	0.13436	0.10656	0.01702	0.04725	0.15755	0.05348	0.05842	0.05212	0.01938	0.01411	0.00996	0.03019	0.00255	0.19077	0.00659	0.00463	0.04185
1	0.02022	0.08156	0.04250	0.09602	0.16564	0.09033	0.01536	0.21119	0.08803	0.04721	0.01488	0.01679	0.01148	0.00765	0.00767	0.00209	0.06072	0.00588	0.00475	0.01003
2	0.01025	0.00688	0.00864	0.00820	0.00981	0.00644	0.00615	0.01347	0.01844	0.02708	0.58620	0.04640	0.05591	0.01288	0.00746	0.00205	0.00322	0.01127	0.15283	0.00644
3	0.01693	0.01626	0.02777	0.04199	0.71689	0.01626	0.02100	0.02100	0.01558	0.02235	0.01287	0.01693	0.01084	0.00610	0.00677	0.00203	0.00813	0.00610	0.00339	0.01084
4	0.02843	0.01117	0.01498	0.01165	0.01664	0.00963	0.00957	0.03099	0.01918	0.65123	0.03123	0.02755	0.08673	0.00935	0.00700	0.00214	0.00559	0.00764	0.00826	0.01106
5	0.00917	0.00668	0.00788	0.00805	0.00961	0.00603	0.00586	0.01145	0.01624	0.02211	0.28433	0.21180	0.26497	0.01614	0.00789	0.00229	0.00347	0.01403	0.08598	0.00603
6	0.00992	0.00673	0.00796	0.00796	0.00813	0.00690	0.00477	0.01027	0.01010	0.01364	0.02110	0.04224	0.02377	0.65946	0.13343	0.00725	0.00829	0.00958	0.00408	0.00442
7	0.00834	0.00595	0.00794	0.00953	0.00992	0.00556	0.00635	0.00953	0.01310	0.01746	0.03771	0.75510	0.04525	0.02143	0.00873	0.00278	0.00397	0.01945	0.00635	0.00556
8	0.01497	0.01497	0.02095	0.01796	0.01796	0.02095	0.01497	0.01646	0.01048	0.01646	0.00898	0.01497	0.00898	0.01197	0.02245	0.00299	0.74704	0.00599	0.00299	0.00748
9	0.01032	0.00767	0.00970	0.00907	0.01088	0.00738	0.00684	0.01496	0.07922	0.02754	0.65340	0.04887	0.06074	0.01358	0.00797	0.00217	0.00342	0.01197	0.00748	0.00684
10	0.00834	0.00595	0.00794	0.00953	0.00992	0.00556	0.00635	0.00953	0.01310	0.01746	0.03771	0.75510	0.04525	0.02143	0.00873	0.00278	0.00397	0.01945	0.00635	0.00556
11	0.02032	0.01593	0.01703	0.01440	0.01882	0.01801	0.01146	0.23656	0.47150	0.06161	0.02433	0.02266	0.01790	0.00892	0.00692	0.00223	0.00608	0.00722	0.00699	0.01111
12	0.01922	0.01579	0.01671	0.01437	0.01863	0.01805	0.01136	0.19760	0.53970	0.03217	0.02505	0.02329	0.01862	0.00902	0.00693	0.00225	0.00593	0.00735	0.00693	0.01103
13	0.02556	0.03261	0.01939	0.01763	0.02115	0.73210	0.01322	0.02732	0.01939	0.01674	0.01058	0.01234	0.00881	0.00705	0.00617	0.00176	0.01234	0.00441	0.00353	0.00793
14	0.04089	0.01818	0.04243	0.04462	0.13853	0.07398	0.19409	0.17544	0.06409	0.07726	0.04978	0.01935	0.01424	0.00736	0.00710	0.00213	0.00866	0.00688	0.00499	0.01000
15	0.01742	0.01460	0.08785	0.01170	0.01792	0.01045	0.01040	0.02182	0.05462	0.15478	0.01587	0.01658	0.01188	0.00610	0.00567	0.00142	0.00575	0.00490	0.00493	0.52534
16	0.03070	0.01164	0.01588	0.01217	0.01746	0.01006	0.01006	0.03334	0.01958	0.72163	0.02699	0.02329	0.01694	0.00847	0.00688	0.00212	0.00582	0.00688	0.00847	0.01164
17	0.00809	0.00693	0.00693	0.00693	0.00924	0.00578	0.00520	0.00982	0.01559	0.01848	0.06931	0.06584	0.71411	0.01733	0.00809	0.00231	0.00347	0.01444	0.00635	0.00578
18	0.01102	0.00947	0.01396	0.14636	0.03912	0.01081	0.02874	0.01309	0.01286	0.01736	0.02687	0.32556	0.06319	0.08043	0.01297	0.00302	0.13455	0.03939	0.00481	0.00643
19	0.00995	0.00663	0.00746	0.00746	0.00746	0.00663	0.00415	0.00995	0.00995	0.01327	0.02156	0.04477	0.02487	0.75957	0.03482	0.00663	0.00663	0.00995	0.00415	0.00415
20	0.00977	0.00733	0.01100	0.01100	0.01222	0.00855	0.00855	0.01222	0.01100	0.01588	0.01833	0.02688	0.01710	0.05131	0.73245	0.01100	0.01833	0.00733	0.00367	0.00611
21	0.01418	0.03181	0.58366	0.02104	0.03027	0.01630	0.13875	0.02153	0.01460	0.02153	0.01243	0.01515	0.00897	0.00656	0.00731	0.00222	0.03524	0.00560	0.00299	0.00987
22	0.01610	0.01582	0.02296	0.28491	0.26346	0.06794	0.01823	0.04669	0.01485	0.01991	0.01184	0.01667	0.00975	0.00766	0.00982	0.00229	0.15297	0.00595	0.00334	0.00885
23	0.01332	0.01158	0.01853	0.47567	0.05616	0.01407	0.03736	0.01731	0.01363	0.01931	0.01399	0.01937	0.01092	0.00753	0.00802	0.00220	0.08183	0.00620	0.16551	0.00749
24	0.06407	0.02136	0.02002	0.24635	0.07675	0.31216	0.01550	0.02179	0.01558	0.01812	0.01094	0.01482	0.00899	0.00760	0.00870	0.00214	0.11859	0.00524	0.00333	0.00793
25	0.01117	0.00867	0.00840	0.00826	0.00853	0.06340	0.00486	0.01131	0.01069	0.01354	0.02070	0.04223	0.02362	0.70068	0.03258	0.00625	0.00708	0.00952	0.00410	0.00444
26	0.01332	0.01186	0.01823	0.33202	0.09754	0.01350	0.04189	0.03465	0.09166	0.02069	0.09064	0.08502	0.02075	0.06802	0.00979	0.00264	0.02704	0.00841	0.00445	0.00788
27	0.01041	0.00703	0.00884	0.00965	0.01054	0.00689	0.00669	0.06369	0.01442	0.01988	0.03266	0.57199	0.03747	0.01922	0.00947	0.05941	0.00431	0.01614	0.08536	0.00593
28	0.01449	0.01600	0.07514	0.01742	0.01832	0.01953	0.01517	0.01662	0.01142	0.01765	0.05936	0.01750	0.01291	0.01169	0.02018	0.00287	0.63644	0.00637	0.00331	0.00762
29	0.02345	0.01771	0.01870	0.01481	0.01955	0.04251	0.01202	0.56992	0.02934	0.03912	0.06749	0.07656	0.01794	0.00962	0.00706	0.00211	0.00710	0.00758	0.00674	0.01067
30	0.01058	0.06590	0.00980	0.00788	0.00845	0.00822	0.00490	0.01098	0.01093	0.01450	0.06984	0.04258	0.02644	0.64752	0.03054	0.00591	0.00644	0.00963	0.00429	0.00467

[dist]
# distance from previous block
# <min> <max>
0	13

[block]
# block no. 7 follows, 31 sequences, length 6
# corresponding to MSA columns:
# 411-416
name=unknown_H
#
# <colnr> <probs for GDERKNQSTAVLIFYWHMCP>
#	G	D	E	R	K	N	Q	S	T	A	V	L	I	F	Y	W	H	M	C	P
0	0.02110	0.48547	0.02978	0.01369	0.01893	0.19653	0.01225	0.11411	0.01772	0.01994	0.01071	0.01205	0.00918	0.00646	0.00515	0.00162	0.00856	0.00418	0.00361	0.00896
1	0.38461	0.19398	0.01803	0.01060	0.01554	0.01659	0.00924	0.02416	0.01456	0.23395	0.01475	0.01472	0.01059	0.00686	0.00506	0.00196	0.00594	0.00464	0.00519	0.00901
2	0.00995	0.00663	0.00746	0.00746	0.00746	0.00663	0.00415	0.00995	0.00995	0.01327	0.02156	0.04477	0.02487	0.75957	0.03482	0.00663	0.00663	0.00995	0.00415	0.00415
3	0.01351	0.01141	0.01456	0.18835	0.02241	0.01292	0.01150	0.02358	0.29538	0.02513	0.22965	0.03422	0.03211	0.01062	0.00740	0.00231	0.00570	0.04460	0.00615	0.00850
4	0.01024	0.00715	0.01027	0.01040	0.01160	0.00758	0.00809	0.01225	0.01351	0.01887	0.18818	0.04008	0.03147	0.03326	0.34350	0.11545	0.01103	0.11633	0.00493	0.00579
5	0.00910	0.00675	0.00859	0.00869	0.01010	0.00624	0.00634	0.01155	0.01679	0.02294	0.40770	0.22220	0.16303	0.01835	0.04747	0.00281	0.00426	0.01414	0.00684	0.00611

[dist]
# distance from previous block
# <min> <max>
0	4

[block]
# block no. 8 follows, 31 sequences, length 9
# corresponding to MSA columns:
# 421-429
name=unknown_I
#
# <colnr> <probs for GDERKNQSTAVLIFYWHMCP>
#	G	D	E	R	K	N	Q	S	T	A	V	L	I	F	Y	W	H	M	C	P
0	0.01362	0.01162	0.01511	0.01772	0.16403	0.02896	0.01105	0.04017	0.17972	0.02461	0.21704	0.15117	0.03425	0.01392	0.04338	0.00269	0.00601	0.01048	0.00600	0.00845
1	0.01122	0.13775	0.01477	0.01045	0.01258	0.01116	0.00851	0.01384	0.01384	0.01915	0.21147	0.03092	0.02896	0.03301	0.40392	0.00687	0.01220	0.00811	0.00462	0.00667
2	0.00977	0.00785	0.00844	0.00825	0.01019	0.00745	0.00595	0.01364	0.10387	0.01997	0.13489	0.08510	0.39544	0.14412	0.01258	0.00306	0.00426	0.01276	0.00620	0.00622
3	0.02238	0.13594	0.01965	0.01447	0.01825	0.40721	0.01142	0.02458	0.01858	0.10944	0.13379	0.02023	0.01947	0.00825	0.00632	0.00183	0.00917	0.00599	0.00476	0.00828
4	0.38278	0.09615	0.01454	0.01099	0.01495	0.13901	0.00890	0.02158	0.08803	0.02466	0.02070	0.02112	0.11601	0.00839	0.00546	0.00204	0.00646	0.00587	0.00458	0.00777
5	0.38184	0.01605	0.13514	0.12184	0.02120	0.01383	0.01229	0.02030	0.01371	0.09983	0.01867	0.01993	0.08460	0.00785	0.00571	0.00217	0.00656	0.00579	0.00450	0.00818
6	0.01423	0.01391	0.01751	0.01893	0.13617	0.09090	0.01283	0.01649	0.01368	0.01873	0.09037	0.11619	0.02114	0.01781	0.12196	0.00379	0.25521	0.00846	0.00414	0.00754
7	0.01662	0.01202	0.01686	0.09403	0.12464	0.01135	0.03989	0.05577	0.01564	0.10982	0.01674	0.02121	0.01361	0.08722	0.00912	0.00223	0.00639	0.00615	0.10691	0.23379
8	0.01629	0.01855	0.12476	0.01481	0.02047	0.08955	0.08485	0.10607	0.01821	0.02514	0.13372	0.02114	0.01938	0.00752	0.00647	0.00174	0.00730	0.00638	0.00472	0.27295

[dist]
# distance from previous block
# <min> <max>
3	82

# created by:
# /home/cegg/simao/soft/augustus-3.2.1/scripts/msa2prfl.pl ./align_prep/EOG090W0BO9.fa
