[name]
unknown

[dist]
# distance from previous block
# <min> <max>
10	42

[block]
# block no. 0 follows, 30 sequences, length 14
# corresponding to MSA columns:
# 48-61
name=unknown_A
#
# <colnr> <probs for GDERKNQSTAVLIFYWHMCP>
#	G	D	E	R	K	N	Q	S	T	A	V	L	I	F	Y	W	H	M	C	P
0	0.00889	0.00753	0.00863	0.07488	0.01313	0.00684	0.00678	0.01106	0.01604	0.01969	0.13160	0.08620	0.55136	0.01648	0.00815	0.00235	0.00406	0.01390	0.00630	0.00613
1	0.01764	0.14893	0.23229	0.05454	0.08231	0.01697	0.01650	0.12277	0.01817	0.08223	0.05752	0.05789	0.04563	0.00863	0.00666	0.00210	0.00781	0.00698	0.00470	0.00974
2	0.01923	0.03766	0.18441	0.07037	0.04813	0.01351	0.03952	0.10117	0.01859	0.20761	0.05005	0.04818	0.11178	0.00958	0.00716	0.00221	0.00730	0.00800	0.00574	0.00979
3	0.02710	0.01134	0.01511	0.01197	0.01669	0.01014	0.00974	0.03099	0.06348	0.56570	0.13263	0.02828	0.02504	0.00956	0.00721	0.00218	0.00550	0.00794	0.00839	0.01101
4	0.01715	0.01154	0.01556	0.01298	0.01623	0.01187	0.07139	0.17576	0.01944	0.10456	0.10404	0.09340	0.02426	0.04382	0.13542	0.00392	0.00832	0.00893	0.11297	0.00845
5	0.04825	0.01795	0.10062	0.03549	0.03692	0.07750	0.08547	0.09608	0.09736	0.19986	0.02189	0.11401	0.01778	0.00959	0.00719	0.00226	0.00768	0.00824	0.00593	0.00991
6	0.01633	0.01575	0.02440	0.23361	0.32082	0.05675	0.07069	0.06210	0.01645	0.02190	0.01543	0.08519	0.01369	0.00805	0.00719	0.00222	0.00867	0.00753	0.00387	0.00937
7	0.08677	0.01291	0.01994	0.58135	0.07682	0.01571	0.01778	0.01968	0.06445	0.02017	0.01337	0.01841	0.01012	0.00708	0.00674	0.00230	0.00861	0.00610	0.00353	0.00815
8	0.01907	0.01310	0.01523	0.01256	0.03384	0.03605	0.00958	0.11319	0.04249	0.15075	0.01847	0.07946	0.01536	0.00967	0.00827	0.07518	0.00599	0.00666	0.00552	0.32957
9	0.01806	0.01620	0.06431	0.02493	0.26471	0.01419	0.07959	0.07164	0.03758	0.09432	0.01624	0.04775	0.01315	0.00710	0.00670	0.00190	0.00744	0.00654	0.00462	0.20302
10	0.06188	0.13474	0.35760	0.01663	0.02355	0.01743	0.04077	0.02240	0.10133	0.02229	0.03399	0.06379	0.01436	0.00837	0.00743	0.00221	0.05133	0.00651	0.00394	0.00946
11	0.01170	0.00974	0.01068	0.01051	0.01196	0.05140	0.00771	0.05561	0.01504	0.01962	0.05775	0.25646	0.17637	0.09389	0.09185	0.00390	0.06241	0.01285	0.03417	0.00639
12	0.06486	0.01815	0.05638	0.11476	0.17386	0.08247	0.18144	0.02381	0.07919	0.06761	0.01514	0.01798	0.01153	0.00675	0.00694	0.00213	0.00900	0.00644	0.00419	0.05739
13	0.07608	0.01316	0.01750	0.01609	0.07658	0.03345	0.05195	0.07251	0.05158	0.23344	0.06065	0.02312	0.01762	0.01590	0.12738	0.00370	0.05775	0.00704	0.03503	0.00947

[dist]
# distance from previous block
# <min> <max>
0	1

[block]
# block no. 1 follows, 30 sequences, length 42
# corresponding to MSA columns:
# 63-102,104,105
name=unknown_B
#
# <colnr> <probs for GDERKNQSTAVLIFYWHMCP>
#	G	D	E	R	K	N	Q	S	T	A	V	L	I	F	Y	W	H	M	C	P
0	0.01585	0.02426	0.30933	0.04582	0.20725	0.01611	0.09261	0.06167	0.04759	0.02376	0.01559	0.01816	0.03172	0.00694	0.00689	0.00213	0.00903	0.00622	0.00375	0.05531
1	0.01420	0.01209	0.01417	0.01024	0.01618	0.00914	0.00817	0.01731	0.01478	0.02305	0.05320	0.01668	0.01359	0.00570	0.00535	0.00110	0.00506	0.00463	0.00434	0.75100
2	0.05352	0.01237	0.02124	0.39063	0.06610	0.01379	0.12713	0.01712	0.01420	0.01941	0.01865	0.14304	0.03332	0.02976	0.00818	0.00252	0.00837	0.00902	0.00393	0.00768
3	0.00850	0.00607	0.00810	0.00972	0.01012	0.00567	0.00648	0.00972	0.01336	0.01781	0.03846	0.75020	0.04615	0.02186	0.00891	0.00283	0.00405	0.01984	0.00648	0.00567
4	0.00982	0.00713	0.00925	0.00872	0.01039	0.00656	0.00654	0.01305	0.01961	0.02765	0.68428	0.05268	0.08932	0.01439	0.00823	0.00220	0.00330	0.01270	0.00764	0.00656
5	0.03037	0.01160	0.01570	0.01211	0.01732	0.01006	0.00998	0.03310	0.01970	0.68064	0.02729	0.02387	0.01731	0.00861	0.00691	0.00213	0.00580	0.00699	0.04892	0.01160
6	0.01192	0.00759	0.00998	0.00913	0.01113	0.00693	0.00693	0.01516	0.01977	0.09366	0.64264	0.04942	0.06121	0.01373	0.00811	0.00219	0.00354	0.01209	0.00777	0.00709
7	0.05359	0.01889	0.02006	0.01563	0.02101	0.02101	0.01284	0.60112	0.09634	0.04210	0.01763	0.01746	0.01262	0.00841	0.00690	0.00212	0.00739	0.00635	0.00690	0.01163
8	0.01727	0.01658	0.02832	0.04283	0.71123	0.01658	0.02142	0.02142	0.01589	0.02280	0.01313	0.01727	0.01105	0.00622	0.00691	0.00207	0.00829	0.00622	0.00345	0.01105
9	0.01439	0.01204	0.01298	0.01223	0.01509	0.01341	0.00917	0.02764	0.46058	0.02499	0.03351	0.15844	0.08872	0.07245	0.00981	0.00280	0.00518	0.01079	0.00670	0.00908
10	0.01688	0.01656	0.02832	0.03773	0.54151	0.01744	0.07794	0.02075	0.01510	0.02179	0.01257	0.01708	0.01071	0.00715	0.00959	0.00225	0.12646	0.00637	0.00340	0.01036
11	0.01633	0.01350	0.01547	0.01122	0.01732	0.01120	0.00904	0.12083	0.01730	0.02601	0.01307	0.01482	0.01057	0.00566	0.00545	0.00120	0.00555	0.00447	0.00457	0.67642
12	0.01522	0.01066	0.01352	0.01269	0.05671	0.01035	0.00919	0.05008	0.09408	0.11187	0.33001	0.03690	0.07537	0.01128	0.00797	0.00210	0.03117	0.00957	0.00678	0.10447
13	0.01765	0.19031	0.35913	0.01790	0.05235	0.03799	0.03668	0.06285	0.03706	0.07127	0.01371	0.01519	0.01023	0.00673	0.00620	0.00198	0.00886	0.00518	0.00383	0.04491
14	0.01496	0.00870	0.01114	0.01105	0.01316	0.00831	0.00840	0.07398	0.01686	0.15497	0.03527	0.39840	0.06522	0.01722	0.00835	0.00264	0.00503	0.11107	0.02772	0.00754
15	0.00859	0.00708	0.00754	0.00743	0.00963	0.00604	0.00557	0.01067	0.01671	0.02076	0.20379	0.06402	0.57411	0.01696	0.00824	0.00232	0.00348	0.01429	0.00673	0.00604
16	0.00866	0.00685	0.00780	0.00806	0.00981	0.00599	0.00586	0.01064	0.01616	0.02062	0.20333	0.22185	0.41387	0.01789	0.00840	0.00243	0.00360	0.01545	0.00674	0.00599
17	0.02058	0.11955	0.21095	0.01886	0.05589	0.04350	0.10960	0.10657	0.06616	0.15563	0.01680	0.01762	0.01204	0.00723	0.00672	0.00210	0.00865	0.00610	0.00494	0.01050
18	0.07216	0.01184	0.01554	0.01213	0.01724	0.01060	0.00996	0.03240	0.04078	0.62508	0.05819	0.02446	0.01913	0.00881	0.00693	0.00217	0.00577	0.00713	0.00831	0.01137
19	0.00990	0.00741	0.01107	0.01115	0.01235	0.00858	0.00862	0.01234	0.01131	0.01627	0.01960	0.06049	0.01876	0.05094	0.69424	0.01083	0.01802	0.00804	0.00386	0.00620
20	0.01677	0.06228	0.42587	0.05064	0.09773	0.01775	0.06895	0.13298	0.01793	0.02541	0.01327	0.01561	0.00971	0.00681	0.00675	0.00216	0.00960	0.00565	0.00372	0.01042
21	0.06777	0.01422	0.07088	0.01383	0.01895	0.01212	0.05874	0.05831	0.04006	0.40144	0.08393	0.02627	0.05718	0.00928	0.00765	0.00223	0.03202	0.00764	0.00708	0.01039
22	0.80405	0.01350	0.01026	0.00918	0.01350	0.01565	0.00756	0.02051	0.01188	0.03131	0.00972	0.01134	0.00756	0.00648	0.00432	0.00216	0.00540	0.00378	0.00432	0.00756
23	0.01585	0.01776	0.03794	0.02752	0.03379	0.01697	0.60743	0.02121	0.01599	0.02178	0.01561	0.07028	0.01303	0.00730	0.00895	0.00242	0.04443	0.00896	0.00372	0.00907
24	0.01370	0.01286	0.02129	0.64814	0.10029	0.01568	0.01916	0.01901	0.04594	0.01876	0.01321	0.01884	0.01000	0.00703	0.00698	0.00231	0.00904	0.00628	0.00332	0.00817
25	0.01664	0.16187	0.02391	0.01684	0.01833	0.07908	0.01428	0.01836	0.01212	0.01673	0.00968	0.01461	0.00935	0.01178	0.03879	0.00289	0.51821	0.00555	0.00310	0.00789
26	0.01015	0.00677	0.00761	0.00761	0.00761	0.00677	0.00423	0.01015	0.01015	0.01353	0.02199	0.04567	0.02537	0.75476	0.03552	0.00677	0.00677	0.01015	0.00423	0.00423
27	0.74951	0.01338	0.01068	0.00941	0.01380	0.01527	0.00775	0.02147	0.01245	0.07964	0.01097	0.01221	0.00824	0.00663	0.00451	0.00216	0.00544	0.00401	0.00462	0.00786
28	0.01400	0.03610	0.71860	0.01989	0.03020	0.01621	0.02578	0.02210	0.01473	0.02210	0.01252	0.01473	0.00884	0.00663	0.00663	0.00221	0.01031	0.00516	0.00295	0.01031
29	0.02607	0.03326	0.01978	0.01798	0.02157	0.72674	0.01348	0.02787	0.01978	0.01708	0.01079	0.01258	0.00899	0.00719	0.00629	0.00180	0.01258	0.00449	0.00360	0.00809
30	0.00997	0.00748	0.01121	0.01121	0.01246	0.00872	0.00872	0.01246	0.01121	0.01620	0.01869	0.02741	0.01745	0.05234	0.72710	0.01121	0.01869	0.00748	0.00374	0.00623
31	0.00976	0.00713	0.00917	0.00866	0.01035	0.00654	0.00649	0.01295	0.01948	0.02734	0.66260	0.05319	0.11119	0.01451	0.00823	0.00221	0.00331	0.01277	0.00760	0.00654
32	0.04315	0.06166	0.03109	0.02299	0.02857	0.27845	0.35502	0.02477	0.01759	0.05097	0.01313	0.01614	0.01013	0.00651	0.00716	0.00209	0.01141	0.00645	0.00377	0.00896
33	0.01400	0.03610	0.71860	0.01989	0.03020	0.01621	0.02578	0.02210	0.01473	0.02210	0.01252	0.01473	0.00884	0.00663	0.00663	0.00221	0.01031	0.00516	0.00295	0.01031
34	0.00850	0.00607	0.00810	0.00972	0.01012	0.00567	0.00648	0.00972	0.01336	0.01781	0.03846	0.75020	0.04615	0.02186	0.00891	0.00283	0.00405	0.01984	0.00648	0.00567
35	0.01445	0.03208	0.08937	0.01219	0.01586	0.00998	0.04956	0.04806	0.01886	0.11756	0.36079	0.07238	0.07933	0.01244	0.00783	0.00226	0.00538	0.03684	0.00673	0.00807
36	0.01528	0.16967	0.50447	0.01770	0.02642	0.01849	0.02138	0.02370	0.09800	0.02189	0.01393	0.01544	0.01038	0.00685	0.00628	0.00209	0.00919	0.00522	0.00346	0.01015
37	0.01727	0.01658	0.02832	0.04283	0.71123	0.01658	0.02142	0.02142	0.01589	0.02280	0.01313	0.01727	0.01105	0.00622	0.00691	0.00207	0.00829	0.00622	0.00345	0.01105
38	0.17584	0.01357	0.01594	0.01247	0.01769	0.01333	0.01029	0.14981	0.02077	0.46560	0.02223	0.02015	0.01447	0.00818	0.00650	0.00215	0.00615	0.00628	0.00752	0.01106
39	0.02135	0.02378	0.02219	0.06090	0.02365	0.33976	0.09394	0.09438	0.03715	0.02125	0.01256	0.01556	0.01023	0.00823	0.00984	0.00218	0.15324	0.00572	0.03556	0.00856
40	0.01967	0.23098	0.02536	0.01614	0.01923	0.14893	0.01373	0.10977	0.01626	0.02038	0.01062	0.01383	0.00943	0.00903	0.01256	0.00226	0.30435	0.00517	0.00366	0.00866
41	0.01893	0.01510	0.08293	0.01220	0.01850	0.01122	0.01079	0.06419	0.04068	0.17440	0.01652	0.01705	0.01217	0.00641	0.00589	0.00150	0.00600	0.00512	0.00528	0.47511

[dist]
# distance from previous block
# <min> <max>
1	8

[block]
# block no. 2 follows, 30 sequences, length 53
# corresponding to MSA columns:
# 114-166
name=unknown_C
#
# <colnr> <probs for GDERKNQSTAVLIFYWHMCP>
#	G	D	E	R	K	N	Q	S	T	A	V	L	I	F	Y	W	H	M	C	P
0	0.01785	0.05805	0.41148	0.01847	0.02656	0.01562	0.09096	0.04299	0.05142	0.14586	0.01711	0.04398	0.01261	0.00763	0.00689	0.00221	0.00902	0.00646	0.00447	0.01035
1	0.01659	0.01625	0.02782	0.03434	0.44267	0.01697	0.12396	0.02185	0.06808	0.02226	0.01429	0.01844	0.01186	0.00921	0.04213	0.00267	0.08999	0.00671	0.00372	0.01019
2	0.04998	0.00780	0.00716	0.00704	0.00887	0.03310	0.00531	0.01688	0.01469	0.02594	0.02173	0.02485	0.01709	0.00802	0.00490	0.00166	0.00369	0.00631	0.72838	0.00661
3	0.01703	0.01593	0.02288	0.05420	0.36205	0.04121	0.03490	0.05000	0.06907	0.02377	0.01417	0.01705	0.01152	0.00632	0.00645	0.00181	0.00746	0.00575	0.00407	0.23436
4	0.01699	0.48396	0.26701	0.01535	0.02284	0.02334	0.04480	0.02136	0.01446	0.01858	0.01084	0.01271	0.00898	0.00619	0.00536	0.00177	0.00860	0.00440	0.00299	0.00943
5	0.00825	0.00707	0.00707	0.00707	0.00943	0.00589	0.00530	0.01001	0.01591	0.01885	0.07069	0.06716	0.70839	0.01767	0.00825	0.00236	0.00353	0.01473	0.00648	0.00589
6	0.01523	0.01475	0.02387	0.36970	0.24636	0.04048	0.06321	0.01944	0.01473	0.01994	0.01294	0.01812	0.01030	0.00709	0.00800	0.00225	0.05862	0.00629	0.03986	0.00882
7	0.01212	0.00606	0.00909	0.00909	0.00909	0.00606	0.00606	0.00909	0.00909	0.01212	0.01212	0.02121	0.01212	0.02424	0.02727	0.79697	0.00606	0.00606	0.00303	0.00303
8	0.01527	0.01527	0.02137	0.01832	0.01832	0.02137	0.01527	0.01679	0.01069	0.01679	0.00916	0.01527	0.00916	0.01221	0.02290	0.00305	0.74198	0.00611	0.00305	0.00763
9	0.01001	0.00671	0.00765	0.00778	0.00782	0.00668	0.00441	0.01011	0.01041	0.01388	0.02334	0.10344	0.02707	0.69466	0.03334	0.00644	0.00654	0.01094	0.00441	0.00435
10	0.00825	0.00707	0.00707	0.00707	0.00943	0.00589	0.00530	0.01001	0.01591	0.01885	0.07069	0.06716	0.70839	0.01767	0.00825	0.00236	0.00353	0.01473	0.00648	0.00589
11	0.80405	0.01350	0.01026	0.00918	0.01350	0.01565	0.00756	0.02051	0.01188	0.03131	0.00972	0.01134	0.00756	0.00648	0.00432	0.00216	0.00540	0.00378	0.00432	0.00756
12	0.01657	0.01686	0.02123	0.01820	0.01871	0.07723	0.01505	0.04462	0.01229	0.01791	0.00959	0.01511	0.00926	0.01166	0.02095	0.00292	0.65475	0.00599	0.00325	0.00784
13	0.00859	0.00614	0.00820	0.00982	0.01026	0.00574	0.00663	0.00987	0.01345	0.01791	0.03841	0.72837	0.04596	0.02178	0.00893	0.00285	0.00413	0.04079	0.00648	0.00569
14	0.01647	0.01882	0.04118	0.02941	0.03647	0.01765	0.68588	0.02235	0.01647	0.02235	0.01412	0.01882	0.01059	0.00588	0.00824	0.00235	0.01176	0.00824	0.00353	0.00941
15	0.10294	0.01645	0.01947	0.25337	0.11152	0.07964	0.01517	0.12058	0.16326	0.02603	0.01610	0.01845	0.01223	0.00758	0.00665	0.00221	0.00801	0.00616	0.00473	0.00946
16	0.05774	0.03192	0.01943	0.01754	0.02125	0.67034	0.01323	0.05328	0.01996	0.01871	0.01098	0.01270	0.00904	0.00721	0.00624	0.00182	0.01210	0.00453	0.00376	0.00822
17	0.01797	0.01791	0.02764	0.04085	0.65630	0.07314	0.02078	0.02193	0.01620	0.02234	0.01294	0.01690	0.01089	0.00630	0.00686	0.00205	0.00863	0.00608	0.00347	0.01082
18	0.00919	0.00711	0.00838	0.00806	0.01000	0.00629	0.00605	0.01184	0.01814	0.02414	0.43977	0.05845	0.33602	0.01570	0.00824	0.00226	0.00339	0.01351	0.00718	0.00629
19	0.02564	0.03174	0.01962	0.01770	0.02140	0.66031	0.01335	0.05640	0.05522	0.01884	0.01195	0.01345	0.00974	0.00736	0.00636	0.00184	0.01201	0.00474	0.00392	0.00840
20	0.01676	0.01608	0.02728	0.11671	0.61518	0.01664	0.02098	0.02087	0.01550	0.02205	0.01291	0.01734	0.01080	0.00651	0.00749	0.00213	0.03458	0.00621	0.00340	0.01058
21	0.00912	0.00682	0.00847	0.00866	0.01011	0.00617	0.00626	0.01147	0.01706	0.02301	0.37241	0.25471	0.20574	0.01721	0.00843	0.00241	0.00356	0.01516	0.00707	0.00617
22	0.00918	0.00676	0.00865	0.00957	0.01052	0.00641	0.00664	0.01172	0.04658	0.02052	0.17894	0.53167	0.08778	0.01946	0.00864	0.00265	0.00393	0.01749	0.00676	0.00612
23	0.13516	0.01890	0.02150	0.02269	0.20504	0.10778	0.04544	0.24432	0.04279	0.04805	0.01468	0.01639	0.01119	0.00729	0.00650	0.00207	0.00810	0.00584	0.02601	0.01027
24	0.01096	0.00823	0.00996	0.00988	0.01161	0.00809	0.00731	0.05234	0.07551	0.02422	0.29131	0.25184	0.12273	0.04185	0.00927	0.00261	0.00424	0.04427	0.00693	0.00684
25	0.01511	0.01335	0.04319	0.01081	0.01714	0.00962	0.00906	0.01840	0.01470	0.04972	0.01300	0.01484	0.01055	0.00536	0.00530	0.00113	0.00541	0.00429	0.00426	0.73479
26	0.10277	0.03001	0.01890	0.06142	0.02240	0.61213	0.01326	0.02652	0.01863	0.01854	0.01078	0.01283	0.00887	0.00711	0.00614	0.00187	0.01167	0.00453	0.00364	0.00802
27	0.00856	0.00621	0.00811	0.00959	0.01019	0.00576	0.00652	0.00988	0.01365	0.01799	0.04110	0.67307	0.10108	0.02144	0.00887	0.00281	0.00408	0.03888	0.00648	0.00571
28	0.01178	0.01007	0.01440	0.01336	0.01410	0.01287	0.01062	0.01376	0.01096	0.01621	0.01570	0.02462	0.01521	0.08993	0.43769	0.00812	0.26329	0.00721	0.00354	0.00656
29	0.00982	0.00720	0.00947	0.01066	0.01201	0.00685	0.00847	0.01219	0.01549	0.02017	0.09511	0.28305	0.14854	0.01944	0.00908	0.00288	0.00499	0.31192	0.00655	0.00612
30	0.00882	0.00704	0.00790	0.00779	0.00980	0.00612	0.00580	0.01108	0.01709	0.02193	0.28718	0.09711	0.45427	0.01672	0.00828	0.00233	0.00348	0.01427	0.00689	0.00612
31	0.01459	0.03194	0.55550	0.02218	0.03171	0.01655	0.18471	0.02216	0.01515	0.02216	0.01291	0.01572	0.00926	0.00645	0.00702	0.00224	0.01066	0.00590	0.00309	0.01010
32	0.01736	0.01499	0.01578	0.01420	0.01815	0.01736	0.01105	0.03708	0.69862	0.02919	0.02840	0.02604	0.02130	0.00947	0.00710	0.00237	0.00552	0.00789	0.00710	0.01105
33	0.00966	0.00712	0.00902	0.00855	0.01029	0.00649	0.00641	0.01274	0.01924	0.02675	0.62187	0.05415	0.15229	0.01472	0.00823	0.00222	0.00332	0.01290	0.00752	0.00649
34	0.04965	0.61132	0.03311	0.01284	0.01780	0.02614	0.01229	0.02023	0.01353	0.01708	0.00962	0.01184	0.00893	0.00698	0.00739	0.00177	0.12363	0.00411	0.00305	0.00869
35	0.02549	0.04673	0.02082	0.01622	0.02125	0.18043	0.01311	0.46948	0.07803	0.03592	0.01603	0.01631	0.01181	0.00811	0.00675	0.00203	0.00862	0.00591	0.00609	0.01086
36	0.01481	0.08724	0.41454	0.01868	0.05820	0.01526	0.07451	0.02083	0.01572	0.05832	0.08202	0.02300	0.07049	0.00818	0.00689	0.00216	0.00868	0.00689	0.00404	0.00955
37	0.01696	0.01626	0.02776	0.09552	0.66096	0.01650	0.02126	0.02114	0.01574	0.02242	0.01307	0.01737	0.01092	0.00628	0.00691	0.00209	0.00837	0.00622	0.00343	0.01080
38	0.00847	0.00619	0.00798	0.00941	0.01004	0.00569	0.00634	0.00975	0.01366	0.01794	0.04223	0.67037	0.12355	0.02137	0.00883	0.00278	0.00399	0.01924	0.00648	0.00569
39	0.03113	0.01216	0.01637	0.01255	0.01796	0.01068	0.01037	0.05835	0.02045	0.69104	0.02713	0.02349	0.01707	0.00863	0.00702	0.00216	0.00600	0.00699	0.00858	0.01188
40	0.02129	0.08702	0.13729	0.01566	0.02126	0.11866	0.01428	0.15381	0.23294	0.09813	0.01932	0.01895	0.01419	0.00807	0.00665	0.00211	0.00795	0.00619	0.00568	0.01056
41	0.09086	0.01658	0.01756	0.03657	0.08907	0.13408	0.01216	0.07888	0.05497	0.31594	0.02087	0.02219	0.01507	0.00842	0.00673	0.00214	0.00743	0.03652	0.02370	0.01026
42	0.00861	0.00632	0.00809	0.00927	0.01006	0.00579	0.00633	0.01011	0.01436	0.01900	0.11195	0.58660	0.13684	0.02052	0.00875	0.00270	0.00390	0.01841	0.00660	0.00579
43	0.02343	0.26038	0.02509	0.01609	0.02033	0.48712	0.01305	0.02536	0.01776	0.01686	0.01040	0.01223	0.00898	0.00695	0.00620	0.00174	0.03199	0.00430	0.00339	0.00835
44	0.04519	0.02131	0.05609	0.02073	0.15077	0.19300	0.01453	0.18374	0.09439	0.09405	0.04582	0.01873	0.01454	0.00792	0.00677	0.00206	0.00850	0.00621	0.00539	0.01026
45	0.08056	0.01461	0.01839	0.04455	0.02051	0.03262	0.04979	0.18553	0.02146	0.37099	0.02192	0.05373	0.01550	0.00887	0.00738	0.00221	0.02643	0.00716	0.00704	0.01076
46	0.01184	0.00613	0.00914	0.00922	0.00930	0.00616	0.00621	0.00928	0.00941	0.01260	0.01378	0.05897	0.01412	0.02542	0.05874	0.71976	0.00654	0.00683	0.00324	0.00331
47	0.01734	0.01844	0.14821	0.03908	0.05831	0.01396	0.08181	0.11363	0.04699	0.06988	0.04695	0.01836	0.01377	0.00689	0.00648	0.00180	0.00739	0.00594	0.00476	0.27999
48	0.01707	0.01651	0.02857	0.07018	0.65638	0.01658	0.04913	0.02131	0.01584	0.02258	0.01314	0.01739	0.01096	0.00623	0.00697	0.00209	0.00848	0.00630	0.00344	0.01085
49	0.01138	0.04703	0.01279	0.03419	0.01290	0.01009	0.03612	0.01334	0.03000	0.01704	0.05998	0.10321	0.04612	0.32803	0.11852	0.00542	0.06411	0.00993	0.03387	0.00592
50	0.07645	0.01549	0.08407	0.36072	0.13803	0.01515	0.08336	0.02007	0.01479	0.05669	0.01435	0.01986	0.01115	0.00719	0.00687	0.00226	0.00872	0.02625	0.02977	0.00875
51	0.05067	0.01460	0.01996	0.04801	0.29157	0.04999	0.01438	0.04000	0.01630	0.08076	0.05686	0.06542	0.03781	0.00841	0.00739	0.00200	0.03766	0.00719	0.00465	0.14636
52	0.01866	0.04018	0.14890	0.05665	0.04549	0.04977	0.16201	0.13158	0.10110	0.06748	0.01678	0.03645	0.01285	0.00771	0.00756	0.00218	0.03165	0.00681	0.00478	0.05140

[dist]
# distance from previous block
# <min> <max>
0	4

[block]
# block no. 3 follows, 30 sequences, length 55
# corresponding to MSA columns:
# 171-225
name=unknown_D
#
# <colnr> <probs for GDERKNQSTAVLIFYWHMCP>
#	G	D	E	R	K	N	Q	S	T	A	V	L	I	F	Y	W	H	M	C	P
0	0.07730	0.32713	0.11962	0.01917	0.14568	0.04826	0.01530	0.08885	0.05797	0.02298	0.01257	0.01428	0.01026	0.00664	0.00567	0.00187	0.00793	0.00491	0.00384	0.00980
1	0.12069	0.03844	0.13743	0.03788	0.02251	0.03941	0.09635	0.13361	0.06217	0.11346	0.01773	0.06472	0.01400	0.00849	0.00729	0.00223	0.03443	0.00695	0.03256	0.00963
2	0.01596	0.01509	0.02458	0.12740	0.40414	0.01465	0.05810	0.02001	0.01530	0.02209	0.01290	0.01683	0.01061	0.00603	0.00656	0.00186	0.00784	0.00581	0.00358	0.21066
3	0.00855	0.00611	0.00814	0.00969	0.01013	0.00570	0.00648	0.00983	0.01356	0.01814	0.05988	0.72786	0.04678	0.02162	0.00889	0.00281	0.00402	0.01961	0.00652	0.00570
4	0.01894	0.02012	0.02368	0.12405	0.32403	0.21131	0.03957	0.04223	0.01719	0.02107	0.01395	0.01982	0.01200	0.00740	0.00690	0.00207	0.00948	0.04565	0.00376	0.03681
5	0.00943	0.00712	0.00871	0.00831	0.01015	0.00639	0.00623	0.01230	0.01870	0.02548	0.53261	0.05626	0.24234	0.01520	0.00824	0.00224	0.00336	0.01320	0.00735	0.00639
6	0.01021	0.00727	0.00992	0.01143	0.01252	0.00712	0.00914	0.01253	0.01475	0.01936	0.03657	0.31289	0.04137	0.06479	0.01095	0.00330	0.00561	0.39793	0.00631	0.00603
7	0.00991	0.00728	0.00855	0.00813	0.01024	0.00640	0.00613	0.01249	0.01800	0.04892	0.39177	0.05796	0.35763	0.01562	0.00819	0.00227	0.00350	0.01338	0.00717	0.00646
8	0.01647	0.01882	0.04118	0.02941	0.03647	0.01765	0.68588	0.02235	0.01647	0.02235	0.01412	0.01882	0.01059	0.00588	0.00824	0.00235	0.01176	0.00824	0.00353	0.00941
9	0.00903	0.00710	0.00816	0.00790	0.00991	0.00623	0.00592	0.01154	0.01777	0.02327	0.37850	0.05989	0.39783	0.01603	0.00824	0.00228	0.00342	0.01371	0.00706	0.00623
10	0.02607	0.03326	0.01978	0.01798	0.02157	0.72674	0.01348	0.02787	0.01978	0.01708	0.01079	0.01258	0.00899	0.00719	0.00629	0.00180	0.01258	0.00449	0.00360	0.00809
11	0.01736	0.01499	0.01578	0.01420	0.01815	0.01736	0.01105	0.03708	0.69862	0.02919	0.02840	0.02604	0.02130	0.00947	0.00710	0.00237	0.00552	0.00789	0.00710	0.01105
12	0.02653	0.01955	0.02094	0.01606	0.02164	0.02164	0.01326	0.68796	0.03281	0.04398	0.01675	0.01675	0.01187	0.00838	0.00698	0.00209	0.00768	0.00628	0.00698	0.01187
13	0.53457	0.01621	0.05849	0.05697	0.05888	0.04248	0.07829	0.02136	0.01339	0.04795	0.01124	0.01346	0.00858	0.00653	0.00531	0.00217	0.00701	0.00471	0.00413	0.00827
14	0.01400	0.03610	0.71860	0.01989	0.03020	0.01621	0.02578	0.02210	0.01473	0.02210	0.01252	0.01473	0.00884	0.00663	0.00663	0.00221	0.01031	0.00516	0.00295	0.01031
15	0.04338	0.29038	0.35305	0.01834	0.07007	0.02038	0.04416	0.02215	0.04059	0.02072	0.01212	0.01410	0.00952	0.00644	0.00588	0.00195	0.00887	0.00489	0.00322	0.00978
16	0.03897	0.04598	0.34020	0.01541	0.02219	0.06177	0.01689	0.02311	0.01710	0.16885	0.15624	0.02386	0.02214	0.00861	0.00689	0.00215	0.00791	0.00694	0.00518	0.00962
17	0.01727	0.01658	0.02832	0.04283	0.71123	0.01658	0.02142	0.02142	0.01589	0.02280	0.01313	0.01727	0.01105	0.00622	0.00691	0.00207	0.00829	0.00622	0.00345	0.01105
18	0.07263	0.02519	0.04407	0.01664	0.02129	0.30889	0.01352	0.32938	0.02475	0.03044	0.01346	0.01460	0.01022	0.00786	0.00713	0.00202	0.03756	0.00536	0.00515	0.00985
19	0.80405	0.01350	0.01026	0.00918	0.01350	0.01565	0.00756	0.02051	0.01188	0.03131	0.00972	0.01134	0.00756	0.00648	0.00432	0.00216	0.00540	0.00378	0.00432	0.00756
20	0.01131	0.00758	0.00800	0.00776	0.00985	0.00731	0.00586	0.01559	0.07901	0.02420	0.14718	0.04402	0.25892	0.01244	0.00675	0.00203	0.00356	0.01037	0.33154	0.00673
21	0.01680	0.14575	0.27034	0.04186	0.05052	0.06074	0.11657	0.02185	0.01570	0.06719	0.04031	0.04352	0.01338	0.00732	0.00659	0.00203	0.00898	0.00628	0.00387	0.06041
22	0.01403	0.01068	0.01268	0.00992	0.01468	0.00843	0.00785	0.01688	0.01568	0.07368	0.10297	0.05534	0.11336	0.00918	0.00634	0.00156	0.00479	0.02704	0.00534	0.48957
23	0.04173	0.06984	0.20119	0.01896	0.11141	0.05655	0.01627	0.13127	0.04483	0.16558	0.03730	0.01829	0.01352	0.00753	0.00659	0.00206	0.00799	0.00597	0.00522	0.03788
24	0.01712	0.17370	0.38969	0.01972	0.04912	0.08351	0.09967	0.02289	0.01554	0.04883	0.01263	0.01478	0.00950	0.00653	0.00639	0.00204	0.00989	0.00529	0.00333	0.00982
25	0.02222	0.00998	0.01332	0.01117	0.01488	0.00894	0.00883	0.02547	0.04258	0.42036	0.20878	0.12492	0.03398	0.01186	0.00758	0.00226	0.00498	0.01018	0.00805	0.00965
26	0.01669	0.03947	0.01494	0.01223	0.03753	0.01296	0.00938	0.18187	0.09047	0.03005	0.16861	0.02639	0.02522	0.00895	0.00646	0.00183	0.00526	0.00735	0.14103	0.16330
27	0.04598	0.06426	0.06949	0.03943	0.11577	0.06031	0.03901	0.23576	0.12143	0.11242	0.01775	0.01825	0.01298	0.00775	0.00674	0.00211	0.00782	0.00625	0.00568	0.01079
28	0.00880	0.00629	0.00840	0.00981	0.01041	0.00590	0.00677	0.01033	0.01415	0.01899	0.10415	0.64216	0.04774	0.02096	0.00888	0.00279	0.00411	0.05696	0.00659	0.00580
29	0.01198	0.00859	0.01108	0.01038	0.01228	0.00899	0.00789	0.03812	0.08555	0.04777	0.32533	0.03904	0.03965	0.07806	0.23784	0.00539	0.00888	0.00993	0.00614	0.00711
30	0.01680	0.01906	0.09848	0.09901	0.43815	0.04336	0.11318	0.02210	0.04060	0.02224	0.01360	0.01749	0.01090	0.00644	0.00705	0.00215	0.00913	0.00638	0.00352	0.01034
31	0.01220	0.01060	0.01487	0.01360	0.01413	0.01368	0.01074	0.01390	0.01083	0.01603	0.01525	0.02524	0.01525	0.14640	0.32519	0.00712	0.31762	0.00733	0.00353	0.00650
32	0.00918	0.00714	0.00836	0.00814	0.01011	0.00632	0.00616	0.01176	0.01785	0.02352	0.38994	0.06001	0.36097	0.01602	0.00829	0.00231	0.00352	0.03709	0.00708	0.00626
33	0.01204	0.01014	0.01413	0.01664	0.14202	0.01000	0.03431	0.04275	0.08074	0.02148	0.06015	0.30911	0.16525	0.03726	0.00890	0.00260	0.00536	0.01366	0.00587	0.00760
34	0.01888	0.19594	0.28396	0.01944	0.07071	0.13078	0.06694	0.06655	0.01699	0.04975	0.01265	0.01455	0.00970	0.00668	0.00626	0.00197	0.00964	0.00517	0.00363	0.00980
35	0.02082	0.02845	0.16226	0.02637	0.24556	0.35580	0.01850	0.02463	0.01751	0.01993	0.01189	0.01452	0.00962	0.00677	0.00656	0.00197	0.01075	0.00518	0.00342	0.00949
36	0.01213	0.00642	0.00681	0.00713	0.00852	0.00634	0.00519	0.01499	0.01439	0.02443	0.02581	0.16642	0.02337	0.01079	0.00566	0.00186	0.00341	0.00909	0.64091	0.00634
37	0.04317	0.01648	0.08861	0.04761	0.19397	0.01395	0.01431	0.04179	0.12709	0.02447	0.01525	0.01720	0.01207	0.00649	0.00616	0.00175	0.00676	0.00550	0.00438	0.31298
38	0.02479	0.02794	0.04066	0.01724	0.02114	0.48361	0.01359	0.10068	0.06158	0.06856	0.01359	0.01488	0.01063	0.00791	0.00770	0.00199	0.06485	0.00521	0.00447	0.00898
39	0.00867	0.00619	0.00829	0.00991	0.01038	0.00581	0.00677	0.01000	0.01352	0.01800	0.03837	0.70948	0.04579	0.02171	0.00895	0.00286	0.00419	0.05892	0.00647	0.00571
40	0.01667	0.04864	0.25441	0.02302	0.11575	0.12215	0.15236	0.02179	0.01600	0.02144	0.05484	0.01812	0.01328	0.00737	0.00799	0.00217	0.05875	0.00633	0.02958	0.00932
41	0.01005	0.00681	0.00816	0.00840	0.00914	0.00649	0.00543	0.01127	0.01295	0.01821	0.11722	0.25338	0.03563	0.34105	0.02000	0.00430	0.00512	0.01279	0.07613	0.03746
42	0.01474	0.13784	0.10828	0.01695	0.10782	0.05930	0.01346	0.01972	0.07971	0.02162	0.12341	0.03340	0.11094	0.01077	0.00802	0.00222	0.05046	0.06791	0.00491	0.00850
43	0.80405	0.01350	0.01026	0.00918	0.01350	0.01565	0.00756	0.02051	0.01188	0.03131	0.00972	0.01134	0.00756	0.00648	0.00432	0.00216	0.00540	0.00378	0.00432	0.00756
44	0.00870	0.00643	0.00813	0.00910	0.01005	0.00587	0.00629	0.01037	0.01491	0.01976	0.16033	0.51114	0.16371	0.01982	0.00868	0.00264	0.00383	0.01770	0.00669	0.00587
45	0.01124	0.00803	0.01124	0.01285	0.01446	0.00803	0.01124	0.01446	0.01606	0.02088	0.03695	0.07871	0.04016	0.01928	0.00964	0.00321	0.00643	0.66426	0.00643	0.00643
46	0.01736	0.01499	0.01578	0.01420	0.01815	0.01736	0.01105	0.03708	0.69862	0.02919	0.02840	0.02604	0.02130	0.00947	0.00710	0.00237	0.00552	0.00789	0.00710	0.01105
47	0.00825	0.00707	0.00707	0.00707	0.00943	0.00589	0.00530	0.01001	0.01591	0.01885	0.07069	0.06716	0.70839	0.01767	0.00825	0.00236	0.00353	0.01473	0.00648	0.00589
48	0.80405	0.01350	0.01026	0.00918	0.01350	0.01565	0.00756	0.02051	0.01188	0.03131	0.00972	0.01134	0.00756	0.00648	0.00432	0.00216	0.00540	0.00378	0.00432	0.00756
49	0.01813	0.01625	0.11110	0.11012	0.09775	0.01361	0.14748	0.02327	0.04219	0.17454	0.02146	0.03094	0.01779	0.00945	0.00770	0.00242	0.00838	0.13268	0.00521	0.00952
50	0.01003	0.00697	0.00878	0.00884	0.00926	0.00735	0.00575	0.01087	0.01061	0.01455	0.02156	0.06663	0.02363	0.50239	0.25554	0.00804	0.01047	0.00966	0.00416	0.00492
51	0.75175	0.06314	0.01201	0.00936	0.01379	0.01645	0.00785	0.02054	0.01203	0.03032	0.00972	0.01133	0.00765	0.00644	0.00433	0.00211	0.00554	0.00378	0.00423	0.00765
52	0.01117	0.00911	0.01298	0.01230	0.01310	0.01126	0.00956	0.01311	0.01095	0.01597	0.01703	0.02720	0.01669	0.13889	0.47700	0.00880	0.17744	0.00754	0.00365	0.00627
53	0.01964	0.66255	0.03434	0.01274	0.01840	0.12049	0.01215	0.02182	0.01492	0.01651	0.00985	0.01138	0.00896	0.00613	0.00472	0.00153	0.00814	0.00383	0.00307	0.00884
54	0.01063	0.00837	0.01104	0.01024	0.01246	0.00820	0.00786	0.01317	0.01417	0.02020	0.16163	0.11054	0.09140	0.02835	0.28599	0.00557	0.03181	0.00982	0.00512	0.15343

[dist]
# distance from previous block
# <min> <max>
0	1

[block]
# block no. 4 follows, 30 sequences, length 15
# corresponding to MSA columns:
# 228-242
name=unknown_E
#
# <colnr> <probs for GDERKNQSTAVLIFYWHMCP>
#	G	D	E	R	K	N	Q	S	T	A	V	L	I	F	Y	W	H	M	C	P
0	0.02334	0.01882	0.08808	0.01647	0.04804	0.01814	0.01381	0.38079	0.13639	0.12274	0.02031	0.04763	0.01510	0.00886	0.00704	0.00219	0.00725	0.00705	0.00665	0.01131
1	0.01991	0.12080	0.02667	0.02528	0.22947	0.16897	0.09709	0.07403	0.12563	0.02323	0.01497	0.01699	0.01195	0.00702	0.00665	0.00202	0.00903	0.00603	0.00426	0.01000
2	0.75815	0.05706	0.01179	0.00934	0.01375	0.01635	0.00781	0.02054	0.01201	0.03044	0.00972	0.01133	0.00764	0.00645	0.00433	0.00212	0.00552	0.00378	0.00424	0.00764
3	0.01447	0.01240	0.01447	0.01034	0.01654	0.00930	0.00827	0.01757	0.01447	0.02274	0.01240	0.01447	0.01034	0.00517	0.00517	0.00103	0.00517	0.00413	0.00413	0.79742
4	0.02607	0.03326	0.01978	0.01798	0.02157	0.72674	0.01348	0.02787	0.01978	0.01708	0.01079	0.01258	0.00899	0.00719	0.00629	0.00180	0.01258	0.00449	0.00360	0.00809
5	0.01447	0.01240	0.01447	0.01034	0.01654	0.00930	0.00827	0.01757	0.01447	0.02274	0.01240	0.01447	0.01034	0.00517	0.00517	0.00103	0.00517	0.00413	0.00413	0.79742
6	0.01866	0.75896	0.03657	0.01194	0.01791	0.02761	0.01194	0.02090	0.01418	0.01642	0.00970	0.01119	0.00896	0.00597	0.00448	0.00149	0.00746	0.00373	0.00299	0.00896
7	0.01015	0.00677	0.00761	0.00761	0.00761	0.00677	0.00423	0.01015	0.01015	0.01353	0.02199	0.04567	0.02537	0.75476	0.03552	0.00677	0.00677	0.01015	0.00423	0.00423
8	0.04371	0.00702	0.00846	0.00877	0.01024	0.00651	0.00632	0.01161	0.01634	0.02261	0.30654	0.30055	0.19129	0.01733	0.00830	0.00245	0.00370	0.01523	0.00686	0.00616
9	0.01936	0.01470	0.05433	0.03861	0.04239	0.04030	0.03582	0.13877	0.14626	0.12485	0.02202	0.04912	0.01683	0.00870	0.00652	0.00207	0.00627	0.00719	0.21635	0.00957
10	0.00850	0.00607	0.00810	0.00972	0.01012	0.00567	0.00648	0.00972	0.01336	0.01781	0.03846	0.75020	0.04615	0.02186	0.00891	0.00283	0.00405	0.01984	0.00648	0.00567
11	0.01421	0.01098	0.01594	0.06635	0.18205	0.01108	0.01276	0.04253	0.04349	0.06217	0.09548	0.07295	0.09122	0.04229	0.00919	0.00270	0.00640	0.20433	0.00572	0.00816
12	0.01745	0.04660	0.13736	0.07101	0.25555	0.08103	0.14885	0.06116	0.04015	0.02322	0.04079	0.01825	0.01279	0.00689	0.00705	0.00214	0.00938	0.00651	0.00386	0.00995
13	0.01320	0.00689	0.00756	0.00727	0.00908	0.00670	0.00549	0.01644	0.01598	0.05895	0.16882	0.03147	0.02807	0.00946	0.00569	0.00177	0.00339	0.00783	0.58917	0.00677
14	0.01601	0.01449	0.02429	0.32102	0.16739	0.01687	0.08897	0.01988	0.01429	0.06654	0.01305	0.01799	0.01029	0.00797	0.01058	0.00243	0.16908	0.00646	0.00358	0.00883

[dist]
# distance from previous block
# <min> <max>
0	5

[block]
# block no. 5 follows, 30 sequences, length 22
# corresponding to MSA columns:
# 248-269
name=unknown_F
#
# <colnr> <probs for GDERKNQSTAVLIFYWHMCP>
#	G	D	E	R	K	N	Q	S	T	A	V	L	I	F	Y	W	H	M	C	P
0	0.02110	0.07478	0.23328	0.01959	0.11925	0.06039	0.01705	0.04811	0.09565	0.21443	0.01839	0.01855	0.01302	0.00749	0.00667	0.00211	0.00813	0.00602	0.00523	0.01074
1	0.01146	0.01023	0.01134	0.07762	0.01512	0.08678	0.00874	0.01304	0.01346	0.01707	0.02824	0.42979	0.03233	0.10505	0.07106	0.00382	0.03936	0.01418	0.00522	0.00609
2	0.28600	0.07726	0.11749	0.03498	0.03795	0.14044	0.03331	0.05019	0.01514	0.02416	0.01352	0.08073	0.01213	0.00833	0.00664	0.00216	0.04111	0.00605	0.00407	0.00832
3	0.00989	0.00785	0.01046	0.06625	0.04065	0.00736	0.00822	0.01193	0.01446	0.01924	0.06886	0.41685	0.15493	0.01740	0.00823	0.00251	0.00470	0.04556	0.00594	0.07870
4	0.04380	0.40915	0.05158	0.01494	0.05029	0.19310	0.01277	0.02354	0.01604	0.07434	0.01178	0.01309	0.00975	0.00649	0.00533	0.00167	0.00854	0.00436	0.00370	0.04572
5	0.01427	0.01308	0.05772	0.01337	0.05762	0.01067	0.02862	0.05663	0.06176	0.02210	0.02125	0.04411	0.08986	0.03126	0.01002	0.11133	0.00598	0.00687	0.00455	0.33892
6	0.01840	0.14626	0.18090	0.04611	0.27286	0.05627	0.01873	0.04152	0.03680	0.07461	0.01381	0.01615	0.01080	0.00687	0.00692	0.00204	0.03126	0.00558	0.00385	0.01026
7	0.02144	0.12716	0.10409	0.04430	0.14688	0.10172	0.03719	0.14449	0.06819	0.11433	0.01589	0.01701	0.01186	0.00729	0.00654	0.00203	0.00844	0.00583	0.00490	0.01041
8	0.00921	0.00683	0.00859	0.00874	0.01017	0.00621	0.00633	0.01167	0.01732	0.02359	0.41190	0.24698	0.17282	0.01695	0.00842	0.00240	0.00354	0.01498	0.00714	0.00621
9	0.04184	0.05035	0.36791	0.02076	0.02839	0.03695	0.20268	0.02150	0.01517	0.04335	0.01508	0.07236	0.01242	0.00783	0.00762	0.00229	0.03332	0.00710	0.00362	0.00947
10	0.00898	0.00644	0.00853	0.00939	0.01023	0.00599	0.00652	0.01093	0.01560	0.02138	0.27294	0.50556	0.05305	0.01920	0.00867	0.00261	0.00378	0.01731	0.00690	0.00599
11	0.02653	0.01955	0.02094	0.01606	0.02164	0.02164	0.01326	0.68796	0.03281	0.04398	0.01675	0.01675	0.01187	0.00838	0.00698	0.00209	0.00768	0.00628	0.00698	0.01187
12	0.01114	0.00792	0.01091	0.01237	0.01383	0.00792	0.01060	0.01406	0.01552	0.02021	0.03558	0.07569	0.03881	0.08667	0.01201	0.00354	0.00646	0.60432	0.00622	0.00622
13	0.80405	0.01350	0.01026	0.00918	0.01350	0.01565	0.00756	0.02051	0.01188	0.03131	0.00972	0.01134	0.00756	0.00648	0.00432	0.00216	0.00540	0.00378	0.00432	0.00756
14	0.01124	0.00803	0.01124	0.01285	0.01446	0.00803	0.01124	0.01446	0.01606	0.02088	0.03695	0.07871	0.04016	0.01928	0.00964	0.00321	0.00643	0.66426	0.00643	0.00643
15	0.02653	0.01955	0.02094	0.01606	0.02164	0.02164	0.01326	0.68796	0.03281	0.04398	0.01675	0.01675	0.01187	0.00838	0.00698	0.00209	0.00768	0.00628	0.00698	0.01187
16	0.02129	0.40146	0.02800	0.01429	0.01930	0.22882	0.01239	0.07882	0.09738	0.02034	0.01278	0.01378	0.01065	0.00693	0.00551	0.00173	0.00874	0.00465	0.00397	0.00918
17	0.05289	0.72646	0.03542	0.01182	0.01772	0.02709	0.01175	0.02088	0.01408	0.01707	0.00970	0.01120	0.00889	0.00599	0.00447	0.00152	0.00737	0.00373	0.00304	0.00889
18	0.01008	0.00703	0.00894	0.00894	0.00940	0.00749	0.00589	0.01100	0.01054	0.01451	0.02077	0.03894	0.02245	0.49579	0.29049	0.00841	0.01116	0.00916	0.00405	0.00497
19	0.01410	0.12189	0.55314	0.01763	0.02642	0.01651	0.02187	0.02093	0.01524	0.02207	0.09192	0.01859	0.01539	0.00742	0.00655	0.00212	0.00916	0.00584	0.00349	0.00972
20	0.01622	0.01662	0.02584	0.06108	0.18982	0.04546	0.11414	0.01918	0.01328	0.01911	0.01106	0.01633	0.00983	0.00941	0.01552	0.00263	0.39612	0.00639	0.00324	0.00874
21	0.03131	0.01188	0.01619	0.01242	0.01781	0.01026	0.01026	0.03401	0.01997	0.71606	0.02753	0.02375	0.01727	0.00864	0.00702	0.00216	0.00594	0.00702	0.00864	0.01188

[dist]
# distance from previous block
# <min> <max>
0	19

[block]
# block no. 6 follows, 30 sequences, length 11
# corresponding to MSA columns:
# 289-299
name=unknown_G
#
# <colnr> <probs for GDERKNQSTAVLIFYWHMCP>
#	G	D	E	R	K	N	Q	S	T	A	V	L	I	F	Y	W	H	M	C	P
0	0.00890	0.00709	0.00798	0.00776	0.00983	0.00617	0.00582	0.01129	0.01746	0.02254	0.32769	0.06109	0.44909	0.01630	0.00824	0.00229	0.00344	0.01388	0.00697	0.00617
1	0.24217	0.02827	0.48225	0.01630	0.02449	0.01562	0.01966	0.02124	0.01413	0.02502	0.04268	0.01542	0.01101	0.00693	0.00603	0.00219	0.00858	0.00509	0.00355	0.00935
2	0.01073	0.00715	0.00961	0.01022	0.01156	0.00673	0.00774	0.01316	0.01643	0.05792	0.26156	0.33317	0.04995	0.01808	0.00874	0.00267	0.00441	0.15673	0.00698	0.00646
3	0.57540	0.01147	0.00917	0.00840	0.01194	0.01301	0.00678	0.01928	0.01267	0.02978	0.01349	0.01558	0.01054	0.00696	0.00448	0.00201	0.00478	0.00457	0.23243	0.00725
4	0.02464	0.23264	0.02507	0.01457	0.02025	0.02244	0.01264	0.44185	0.02638	0.09079	0.01559	0.01572	0.01147	0.00770	0.00626	0.00193	0.00747	0.00561	0.00596	0.01103
5	0.02121	0.01691	0.01795	0.01498	0.01962	0.01916	0.01198	0.31076	0.41867	0.03541	0.02350	0.02213	0.01733	0.00901	0.00705	0.00225	0.00643	0.00721	0.00705	0.01139
6	0.02068	0.02371	0.01626	0.01481	0.01812	0.42455	0.01118	0.07209	0.07499	0.02072	0.04614	0.06561	0.14167	0.01040	0.00697	0.00204	0.00925	0.00786	0.00494	0.00803
7	0.01460	0.01072	0.01256	0.01079	0.01361	0.01090	0.00845	0.20804	0.02332	0.03211	0.47337	0.04272	0.08505	0.01275	0.00787	0.00217	0.00457	0.01090	0.00741	0.00807
8	0.01175	0.01086	0.01692	0.52672	0.03689	0.01273	0.01531	0.01557	0.01452	0.01812	0.02925	0.03264	0.21137	0.01007	0.00734	0.00233	0.00764	0.00867	0.00408	0.00721
9	0.01017	0.00739	0.00974	0.00985	0.01153	0.00696	0.00785	0.01335	0.01845	0.02537	0.47489	0.06073	0.09759	0.01592	0.00864	0.00250	0.00421	0.20110	0.00725	0.00650
10	0.58069	0.01303	0.01197	0.01011	0.01474	0.01409	0.00834	0.02441	0.01422	0.22923	0.01487	0.01492	0.01037	0.00710	0.00510	0.00216	0.00555	0.00471	0.00557	0.00881

[dist]
# distance from previous block
# <min> <max>
0	2

[block]
# block no. 7 follows, 30 sequences, length 10
# corresponding to MSA columns:
# 302-311
name=unknown_H
#
# <colnr> <probs for GDERKNQSTAVLIFYWHMCP>
#	G	D	E	R	K	N	Q	S	T	A	V	L	I	F	Y	W	H	M	C	P
0	0.02004	0.01597	0.01716	0.04745	0.01965	0.04209	0.01161	0.31918	0.21310	0.03454	0.15721	0.02631	0.02501	0.00975	0.00724	0.00219	0.00646	0.00792	0.00686	0.01026
1	0.02318	0.01583	0.01692	0.01409	0.01849	0.05954	0.01120	0.24490	0.19847	0.19538	0.02447	0.10570	0.01939	0.01021	0.00720	0.00225	0.00659	0.00834	0.00714	0.01070
2	0.00968	0.00859	0.01004	0.00962	0.01128	0.00895	0.00742	0.01133	0.01457	0.01832	0.05469	0.13611	0.49219	0.01707	0.01124	0.00255	0.15074	0.01360	0.00580	0.00621
3	0.01015	0.00677	0.00761	0.00761	0.00761	0.00677	0.00423	0.01015	0.01015	0.01353	0.02199	0.04567	0.02537	0.75476	0.03552	0.00677	0.00677	0.01015	0.00423	0.00423
4	0.64643	0.01210	0.00951	0.00864	0.01243	0.01383	0.00702	0.01967	0.01243	0.03025	0.01232	0.01426	0.00962	0.00681	0.00443	0.00205	0.00497	0.00432	0.16157	0.00735
5	0.01543	0.03366	0.12881	0.01738	0.09801	0.01305	0.01420	0.01884	0.01486	0.10787	0.05391	0.03552	0.04567	0.06928	0.05291	0.00336	0.12582	0.13815	0.00492	0.00834
6	0.01334	0.01712	0.15995	0.59490	0.04450	0.01564	0.02066	0.01868	0.01411	0.01868	0.01243	0.01783	0.00921	0.00691	0.00691	0.00230	0.00950	0.00599	0.00307	0.00826
7	0.01806	0.03299	0.03595	0.01791	0.15523	0.01239	0.01202	0.02360	0.10994	0.14790	0.04748	0.05633	0.01724	0.00786	0.00644	0.00181	0.00604	0.00673	0.00542	0.27868
8	0.01436	0.01217	0.01881	0.08484	0.27414	0.01168	0.03743	0.01757	0.01567	0.06127	0.05099	0.11369	0.15599	0.01066	0.00733	0.00215	0.00644	0.00961	0.00489	0.09031
9	0.01708	0.01671	0.02631	0.03729	0.56143	0.05951	0.04564	0.02104	0.01617	0.02220	0.01579	0.02417	0.01429	0.00778	0.00724	0.00220	0.00847	0.08258	0.00381	0.01027

[dist]
# distance from previous block
# <min> <max>
0	19

# created by:
# /home/cegg/simao/soft/augustus-3.2.1/scripts/msa2prfl.pl ./align_prep/EOG090W0CN5.fa
