[name]
unknown

[dist]
# distance from previous block
# <min> <max>
0	229

[block]
# block no. 0 follows, 34 sequences, length 8
# corresponding to MSA columns:
# 235-242
name=unknown_A
#
# <colnr> <probs for GDERKNQSTAVLIFYWHMCP>
#	G	D	E	R	K	N	Q	S	T	A	V	L	I	F	Y	W	H	M	C	P
0	0.01057	0.00783	0.01032	0.01121	0.01293	0.00789	0.00952	0.01479	0.07605	0.02070	0.12157	0.06498	0.08115	0.01640	0.00848	0.00274	0.00535	0.50505	0.00615	0.00631
1	0.01644	0.63256	0.17078	0.01248	0.01879	0.02352	0.01354	0.01956	0.01323	0.01622	0.00949	0.01100	0.00827	0.00565	0.00453	0.00151	0.00742	0.00371	0.00276	0.00854
2	0.56427	0.09145	0.01390	0.04505	0.01568	0.14210	0.00886	0.02009	0.01256	0.02476	0.00928	0.01100	0.00743	0.00609	0.00444	0.00189	0.00651	0.00371	0.00371	0.00722
3	0.00870	0.00651	0.00807	0.00785	0.00942	0.00588	0.00582	0.01127	0.01698	0.02321	0.52131	0.11348	0.20867	0.01452	0.00768	0.00212	0.00316	0.01270	0.00677	0.00588
4	0.01469	0.01454	0.01961	0.12451	0.08044	0.07661	0.10080	0.01791	0.01370	0.01927	0.01127	0.01461	0.00928	0.00609	0.00747	0.00164	0.09252	0.00498	0.00341	0.36664
5	0.00914	0.00660	0.00864	0.00813	0.00965	0.00610	0.00610	0.01219	0.01829	0.02591	0.72921	0.04827	0.06097	0.01321	0.00762	0.00203	0.00305	0.01169	0.00711	0.00610
6	0.01574	0.01685	0.08538	0.03790	0.67418	0.01532	0.02017	0.01988	0.01462	0.02106	0.01211	0.01580	0.01006	0.00579	0.00638	0.00193	0.00783	0.00568	0.00316	0.01018
7	0.00764	0.00655	0.00655	0.00655	0.00873	0.00545	0.00491	0.00927	0.01473	0.01745	0.06546	0.06218	0.73000	0.01636	0.00764	0.00218	0.00327	0.01364	0.00600	0.00545

[dist]
# distance from previous block
# <min> <max>
0	2

[block]
# block no. 1 follows, 34 sequences, length 7
# corresponding to MSA columns:
# 245-251
name=unknown_B
#
# <colnr> <probs for GDERKNQSTAVLIFYWHMCP>
#	G	D	E	R	K	N	Q	S	T	A	V	L	I	F	Y	W	H	M	C	P
0	0.01955	0.01389	0.02130	0.21014	0.18805	0.04082	0.07881	0.05636	0.01617	0.23767	0.01606	0.01801	0.01143	0.00692	0.00709	0.00205	0.03549	0.00609	0.00473	0.00936
1	0.00927	0.00678	0.00968	0.00968	0.01059	0.00769	0.00719	0.01108	0.01017	0.01448	0.01795	0.02897	0.01771	0.20215	0.59575	0.00951	0.01496	0.00745	0.00356	0.00538
2	0.01560	0.01536	0.02739	0.09145	0.58301	0.01542	0.11663	0.01970	0.01465	0.02071	0.01223	0.01629	0.01005	0.00577	0.00657	0.00197	0.00820	0.00602	0.00318	0.00979
3	0.01366	0.01232	0.01688	0.01205	0.01791	0.00970	0.10631	0.01689	0.01366	0.02100	0.01171	0.01397	0.00960	0.00488	0.00518	0.00113	0.00564	0.00436	0.00375	0.69940
4	0.01340	0.01148	0.01340	0.00957	0.01531	0.00861	0.00766	0.01627	0.01340	0.02105	0.01148	0.01340	0.00957	0.00479	0.00479	0.00096	0.00479	0.00383	0.00383	0.81242
5	0.01366	0.01232	0.01766	0.20145	0.17805	0.01150	0.01285	0.01710	0.01356	0.01994	0.01163	0.01491	0.00948	0.00541	0.00555	0.00146	0.00636	0.00472	0.00345	0.43893
6	0.01544	0.04193	0.05979	0.16289	0.45804	0.01452	0.01780	0.01929	0.01435	0.05703	0.01375	0.04365	0.01147	0.00660	0.00632	0.00196	0.00749	0.00612	0.03228	0.00929

[dist]
# distance from previous block
# <min> <max>
0	2

[block]
# block no. 2 follows, 34 sequences, length 12
# corresponding to MSA columns:
# 254-265
name=unknown_C
#
# <colnr> <probs for GDERKNQSTAVLIFYWHMCP>
#	G	D	E	R	K	N	Q	S	T	A	V	L	I	F	Y	W	H	M	C	P
0	0.00855	0.00699	0.00826	0.00805	0.00975	0.00679	0.00612	0.01045	0.01396	0.01792	0.14706	0.04993	0.43384	0.04898	0.15346	0.00394	0.04337	0.01150	0.00543	0.00563
1	0.08506	0.01609	0.01692	0.01475	0.03484	0.17669	0.09092	0.02138	0.10210	0.08157	0.03926	0.04586	0.10921	0.00926	0.00819	0.00209	0.09715	0.00725	0.03359	0.00782
2	0.00867	0.00651	0.00830	0.00891	0.01016	0.00575	0.00617	0.01014	0.01290	0.01759	0.06546	0.59803	0.07354	0.01763	0.00772	0.00235	0.00383	0.01586	0.00575	0.11471
3	0.01564	0.01157	0.01365	0.01014	0.01543	0.00946	0.00812	0.04745	0.05317	0.10794	0.05158	0.01691	0.01363	0.00595	0.00530	0.00124	0.00489	0.00483	0.00475	0.59834
4	0.01519	0.01091	0.01625	0.01323	0.01703	0.01028	0.12662	0.02062	0.11710	0.14660	0.17899	0.03482	0.06339	0.01013	0.00711	0.00208	0.00568	0.09544	0.00595	0.10259
5	0.11726	0.01395	0.01634	0.01482	0.08186	0.01464	0.01094	0.22917	0.13305	0.23974	0.04853	0.01959	0.01538	0.00782	0.00624	0.00201	0.00595	0.00622	0.00637	0.01013
6	0.00926	0.00671	0.00857	0.00865	0.00975	0.00696	0.00624	0.01144	0.03219	0.01689	0.09245	0.12133	0.11834	0.18080	0.28637	0.00604	0.00914	0.01002	0.05338	0.00547
7	0.01644	0.01355	0.01667	0.03486	0.01799	0.11431	0.11167	0.06922	0.05383	0.12349	0.13963	0.08739	0.05288	0.01345	0.06881	0.00280	0.00771	0.04201	0.00545	0.00784
8	0.02002	0.02364	0.02440	0.01970	0.02356	0.38221	0.21691	0.05925	0.01676	0.01853	0.01095	0.01393	0.00892	0.00708	0.00875	0.00201	0.12650	0.00549	0.00340	0.00797
9	0.01474	0.01397	0.02381	0.36019	0.31617	0.01528	0.08112	0.06028	0.01490	0.02019	0.01214	0.01665	0.00951	0.00617	0.00654	0.00205	0.00836	0.00592	0.00326	0.00877
10	0.00843	0.00595	0.00750	0.00861	0.00931	0.00558	0.00596	0.00978	0.01265	0.01695	0.03664	0.52753	0.11540	0.08280	0.01010	0.00284	0.00404	0.07021	0.05444	0.00526
11	0.03610	0.01480	0.03667	0.01204	0.01643	0.10551	0.02829	0.08474	0.10308	0.06752	0.01979	0.10283	0.05097	0.00841	0.00604	0.00170	0.00609	0.00691	0.00492	0.28715

[dist]
# distance from previous block
# <min> <max>
3	12

[block]
# block no. 3 follows, 34 sequences, length 36
# corresponding to MSA columns:
# 278-313
name=unknown_D
#
# <colnr> <probs for GDERKNQSTAVLIFYWHMCP>
#	G	D	E	R	K	N	Q	S	T	A	V	L	I	F	Y	W	H	M	C	P
0	0.01318	0.07059	0.01659	0.03487	0.15044	0.01143	0.04959	0.01655	0.06115	0.05986	0.06509	0.10587	0.09714	0.13735	0.01157	0.00278	0.02790	0.03084	0.00469	0.03252
1	0.01309	0.01524	0.19254	0.01202	0.01660	0.01037	0.01167	0.04667	0.04581	0.05999	0.05123	0.07638	0.01722	0.04401	0.15188	0.00363	0.00836	0.00684	0.05034	0.16611
2	0.01610	0.12095	0.10976	0.06312	0.09242	0.03987	0.05935	0.07605	0.14449	0.04831	0.04336	0.02027	0.03646	0.00787	0.00732	0.00202	0.06176	0.01745	0.02419	0.00889
3	0.00923	0.00692	0.01038	0.01038	0.01154	0.00808	0.00808	0.01154	0.01038	0.01500	0.01731	0.02538	0.01615	0.04846	0.74732	0.01038	0.01731	0.00692	0.00346	0.00577
4	0.01741	0.54393	0.15876	0.01312	0.01908	0.11951	0.01355	0.02041	0.01391	0.01623	0.00959	0.01113	0.00828	0.00579	0.00473	0.00154	0.00801	0.00379	0.00283	0.00841
5	0.04593	0.00654	0.00727	0.00727	0.00756	0.00666	0.00430	0.01009	0.00974	0.01388	0.02024	0.06284	0.02285	0.66057	0.05741	0.00595	0.00644	0.00921	0.03100	0.00424
6	0.04857	0.09119	0.12116	0.02007	0.10082	0.03048	0.19787	0.12078	0.10737	0.02445	0.06153	0.01832	0.01417	0.00690	0.00648	0.00200	0.00796	0.00638	0.00431	0.00921
7	0.00869	0.00650	0.00853	0.03927	0.01136	0.00646	0.00681	0.01128	0.06784	0.01732	0.03392	0.68036	0.03957	0.01879	0.00804	0.00257	0.00405	0.01700	0.00592	0.00572
8	0.01296	0.03342	0.73944	0.01842	0.02797	0.01501	0.02387	0.02046	0.01364	0.02046	0.01160	0.01364	0.00818	0.00614	0.00614	0.00205	0.00955	0.00477	0.00273	0.00955
9	0.01499	0.04909	0.04416	0.29050	0.22934	0.03946	0.05204	0.01931	0.04379	0.04092	0.01229	0.01635	0.00978	0.00692	0.00823	0.00212	0.10318	0.00574	0.00330	0.00848
10	0.01972	0.03695	0.01786	0.07338	0.10594	0.09604	0.01211	0.21403	0.14060	0.10131	0.03385	0.01987	0.01442	0.05256	0.00787	0.00220	0.00701	0.00623	0.02870	0.00934
11	0.01026	0.00686	0.00875	0.00818	0.00999	0.00621	0.00617	0.01300	0.01759	0.07324	0.56461	0.07715	0.14637	0.01355	0.00757	0.00207	0.00327	0.01186	0.00698	0.00631
12	0.00852	0.00655	0.00882	0.01085	0.06290	0.00608	0.00687	0.01005	0.01328	0.01758	0.08288	0.56106	0.14421	0.01814	0.00798	0.00247	0.00392	0.01630	0.00586	0.00570
13	0.06451	0.13621	0.29432	0.01823	0.09807	0.06319	0.03580	0.13772	0.03451	0.04118	0.01243	0.01398	0.00936	0.00640	0.00584	0.00190	0.00824	0.00493	0.00377	0.00943
14	0.01561	0.01497	0.02582	0.16506	0.51607	0.01546	0.08289	0.04808	0.01510	0.02107	0.01226	0.01632	0.00994	0.00594	0.00652	0.00199	0.00812	0.00593	0.00328	0.00958
15	0.01166	0.00764	0.00955	0.00975	0.01175	0.00728	0.00783	0.01503	0.06082	0.09355	0.10751	0.15143	0.19148	0.01539	0.00785	0.00245	0.00456	0.24061	0.03731	0.00656
16	0.10321	0.01424	0.01983	0.06684	0.13314	0.03859	0.12733	0.05074	0.19720	0.06938	0.06530	0.02030	0.01603	0.00732	0.00639	0.00203	0.00682	0.00658	0.01995	0.02879
17	0.01448	0.02771	0.50196	0.06684	0.09716	0.04548	0.05656	0.02064	0.01403	0.04859	0.01209	0.01456	0.00882	0.00638	0.00684	0.00206	0.03830	0.00515	0.00305	0.00930
18	0.01073	0.00563	0.00816	0.00840	0.00853	0.00557	0.00562	0.00881	0.00928	0.01264	0.01555	0.13912	0.01648	0.02142	0.02161	0.64657	0.00520	0.00766	0.03967	0.00334
19	0.01320	0.01322	0.04867	0.41093	0.26044	0.01409	0.01752	0.01720	0.01357	0.01835	0.01533	0.01967	0.05595	0.00703	0.00689	0.00208	0.02974	0.00622	0.02181	0.00811
20	0.01794	0.01724	0.08584	0.12086	0.25219	0.07608	0.03615	0.10927	0.04087	0.09850	0.01634	0.01839	0.04139	0.00719	0.00695	0.00201	0.03312	0.00606	0.00427	0.00936
21	0.01616	0.00886	0.01256	0.01091	0.01376	0.00817	0.04894	0.03760	0.01638	0.25732	0.16917	0.18662	0.08368	0.01503	0.05524	0.00274	0.00563	0.03693	0.00657	0.00775
22	0.01276	0.01222	0.02117	0.64234	0.11299	0.01457	0.05880	0.01709	0.01324	0.01722	0.01164	0.01711	0.00885	0.00633	0.00652	0.00213	0.00865	0.00585	0.00293	0.00758
23	0.01514	0.03959	0.11472	0.07838	0.13686	0.03290	0.20617	0.05854	0.03142	0.05035	0.01607	0.10827	0.01419	0.00923	0.02801	0.00237	0.03762	0.00767	0.00392	0.00859
24	0.01710	0.04738	0.05992	0.10654	0.19781	0.01525	0.13187	0.11025	0.07760	0.08843	0.06934	0.01964	0.01507	0.00708	0.00663	0.00202	0.00755	0.00658	0.00457	0.00937
25	0.03785	0.01884	0.20291	0.01575	0.02114	0.07649	0.13207	0.03374	0.04989	0.12127	0.02347	0.02753	0.10438	0.00957	0.01955	0.00227	0.00791	0.06723	0.01971	0.00845
26	0.01399	0.01221	0.01556	0.18937	0.11627	0.05663	0.01193	0.09330	0.04389	0.03375	0.06639	0.07899	0.10691	0.09198	0.01018	0.00256	0.03574	0.00835	0.00457	0.00745
27	0.01488	0.06853	0.25128	0.02059	0.11838	0.10435	0.13337	0.01999	0.03765	0.01919	0.01399	0.03721	0.01179	0.01132	0.08525	0.00290	0.01004	0.02737	0.00335	0.00857
28	0.01939	0.04508	0.29001	0.01574	0.04901	0.06403	0.03893	0.03680	0.01593	0.25917	0.01761	0.04473	0.01275	0.00737	0.00622	0.00197	0.00759	0.00599	0.05217	0.00951
29	0.01254	0.01187	0.02026	0.63623	0.11286	0.01421	0.03943	0.01672	0.01316	0.01711	0.01242	0.04257	0.00997	0.00682	0.00655	0.00215	0.00842	0.00623	0.00302	0.00747
30	0.03877	0.05943	0.04605	0.17646	0.17240	0.03960	0.15675	0.01871	0.02687	0.04315	0.01610	0.06601	0.03554	0.00788	0.00747	0.00213	0.04929	0.02549	0.00367	0.00823
31	0.07429	0.01935	0.24730	0.01689	0.07860	0.01381	0.05992	0.05865	0.14004	0.09526	0.05655	0.02280	0.04606	0.00805	0.00648	0.00210	0.00709	0.03277	0.00479	0.00921
32	0.01253	0.01306	0.06225	0.66095	0.09431	0.01447	0.01843	0.01699	0.01309	0.01708	0.01154	0.01692	0.00871	0.00639	0.00644	0.00213	0.00860	0.00569	0.00289	0.00754
33	0.00923	0.00788	0.01163	0.01183	0.05282	0.00727	0.07784	0.01136	0.01401	0.01816	0.08572	0.29792	0.27971	0.01723	0.03943	0.00269	0.00514	0.03857	0.00552	0.00606
34	0.01415	0.05417	0.46672	0.06464	0.08926	0.01473	0.05138	0.02000	0.01390	0.06258	0.01438	0.04074	0.02678	0.00705	0.00678	0.00207	0.03245	0.00579	0.00331	0.00915
35	0.01700	0.01841	0.18307	0.10514	0.14870	0.04478	0.12735	0.02182	0.03424	0.15521	0.01656	0.07005	0.01308	0.00744	0.00667	0.00208	0.00813	0.00684	0.00427	0.00917

[dist]
# distance from previous block
# <min> <max>
11	94

[block]
# block no. 4 follows, 34 sequences, length 10
# corresponding to MSA columns:
# 429-438
name=unknown_E
#
# <colnr> <probs for GDERKNQSTAVLIFYWHMCP>
#	G	D	E	R	K	N	Q	S	T	A	V	L	I	F	Y	W	H	M	C	P
0	0.02002	0.10789	0.01870	0.01388	0.01748	0.16500	0.01126	0.15893	0.14202	0.10000	0.01659	0.04146	0.01328	0.01066	0.05135	0.00248	0.08910	0.00599	0.00499	0.00891
1	0.02052	0.01894	0.01763	0.04613	0.01978	0.17967	0.01188	0.27746	0.19193	0.02802	0.01603	0.01659	0.01217	0.00773	0.00714	0.00194	0.05365	0.00567	0.00525	0.06188
2	0.00785	0.00655	0.00684	0.00677	0.00886	0.00554	0.00508	0.00968	0.01523	0.01864	0.15875	0.06023	0.63596	0.01592	0.00763	0.00216	0.00324	0.01336	0.00616	0.00554
3	0.00798	0.00567	0.00746	0.00886	0.00920	0.00532	0.00585	0.00903	0.01216	0.01621	0.03451	0.71616	0.04134	0.07469	0.01003	0.00289	0.00393	0.01772	0.00585	0.00515
4	0.01424	0.01267	0.01673	0.06276	0.01957	0.01393	0.10087	0.02656	0.43390	0.02393	0.05249	0.06724	0.04770	0.01000	0.00707	0.00227	0.00595	0.06742	0.00582	0.00888
5	0.01340	0.01148	0.01340	0.00957	0.01531	0.00861	0.00766	0.01627	0.01340	0.02105	0.01148	0.01340	0.00957	0.00479	0.00479	0.00096	0.00479	0.00383	0.00383	0.81242
6	0.01346	0.01230	0.01766	0.01447	0.01815	0.01281	0.16443	0.02376	0.33493	0.02426	0.17366	0.03211	0.10973	0.00984	0.00715	0.00215	0.00576	0.00903	0.00588	0.00847
7	0.01300	0.01097	0.01432	0.01083	0.01546	0.00918	0.07206	0.05408	0.01534	0.02266	0.11944	0.02374	0.08076	0.00738	0.00578	0.00142	0.00500	0.00639	0.04931	0.46287
8	0.01230	0.00806	0.00983	0.00953	0.01133	0.00787	0.00698	0.10149	0.01575	0.09000	0.08772	0.35744	0.13009	0.06703	0.05054	0.00304	0.00515	0.01322	0.00606	0.00658
9	0.12157	0.01401	0.01744	0.06190	0.13895	0.01487	0.03410	0.23205	0.06957	0.05092	0.01815	0.02169	0.04911	0.04025	0.00736	0.00216	0.00652	0.03441	0.00501	0.05996

[dist]
# distance from previous block
# <min> <max>
3	52

[block]
# block no. 5 follows, 34 sequences, length 13
# corresponding to MSA columns:
# 492-504
name=unknown_F
#
# <colnr> <probs for GDERKNQSTAVLIFYWHMCP>
#	G	D	E	R	K	N	Q	S	T	A	V	L	I	F	Y	W	H	M	C	P
0	0.01412	0.11393	0.06970	0.08958	0.13147	0.04190	0.05989	0.06685	0.05012	0.02085	0.08280	0.13340	0.05671	0.00948	0.00657	0.00200	0.00669	0.00830	0.00442	0.03122
1	0.04512	0.01729	0.03649	0.01816	0.13872	0.15176	0.02909	0.19448	0.05402	0.06402	0.05492	0.01981	0.03488	0.01264	0.09686	0.00295	0.00887	0.00623	0.00481	0.00888
2	0.13367	0.04768	0.01688	0.01376	0.01776	0.30198	0.01089	0.23132	0.04228	0.04961	0.01327	0.01420	0.01012	0.00703	0.00566	0.00180	0.00818	0.00485	0.06045	0.00860
3	0.16379	0.01388	0.01757	0.06460	0.11089	0.03955	0.05971	0.10741	0.03903	0.10749	0.01520	0.06434	0.01245	0.00760	0.00680	0.00196	0.04858	0.00614	0.00465	0.10838
4	0.00907	0.05613	0.00882	0.00780	0.00873	0.00704	0.00523	0.00989	0.01166	0.01495	0.03368	0.26787	0.17522	0.33434	0.01819	0.00398	0.00491	0.01265	0.00491	0.00493
5	0.02236	0.22343	0.02233	0.01520	0.01910	0.56070	0.01212	0.02413	0.01697	0.01566	0.00973	0.01132	0.00831	0.00637	0.00539	0.00159	0.01043	0.00398	0.00318	0.00770
6	0.00883	0.00652	0.00887	0.00916	0.01008	0.00696	0.00665	0.01046	0.01107	0.01514	0.02646	0.17448	0.09877	0.15925	0.40871	0.00734	0.01139	0.01024	0.00429	0.00533
7	0.02356	0.01683	0.06607	0.01824	0.13485	0.01625	0.01354	0.38041	0.02372	0.21465	0.01727	0.01713	0.01197	0.00739	0.00644	0.00196	0.00695	0.00591	0.00609	0.01078
8	0.01589	0.62033	0.07934	0.01124	0.01637	0.02232	0.01124	0.01821	0.01272	0.01536	0.01052	0.01384	0.00988	0.06311	0.05456	0.00236	0.00772	0.00420	0.00289	0.00790
9	0.00940	0.00626	0.00705	0.00705	0.00705	0.00626	0.00392	0.00940	0.00940	0.01253	0.02036	0.04228	0.02349	0.77292	0.03289	0.00626	0.00626	0.00940	0.00392	0.00392
10	0.01410	0.27061	0.46541	0.01553	0.02324	0.01795	0.01873	0.01953	0.01327	0.01842	0.01113	0.01335	0.00874	0.00869	0.05357	0.00237	0.00920	0.00449	0.00279	0.00890
11	0.02191	0.04221	0.03878	0.01383	0.01769	0.32728	0.01110	0.08882	0.01828	0.17891	0.06459	0.01826	0.01472	0.01148	0.07832	0.00262	0.00942	0.00562	0.00491	0.03124
12	0.01794	0.70414	0.03234	0.01160	0.01691	0.09584	0.01119	0.01998	0.01363	0.01526	0.00908	0.01049	0.00829	0.00564	0.00431	0.00141	0.00737	0.00352	0.00282	0.00821

[dist]
# distance from previous block
# <min> <max>
0	2

[block]
# block no. 6 follows, 34 sequences, length 24
# corresponding to MSA columns:
# 507-530
name=unknown_G
#
# <colnr> <probs for GDERKNQSTAVLIFYWHMCP>
#	G	D	E	R	K	N	Q	S	T	A	V	L	I	F	Y	W	H	M	C	P
0	0.02444	0.01719	0.01869	0.01445	0.01951	0.01882	0.01190	0.60678	0.07202	0.10383	0.01710	0.01664	0.01199	0.00784	0.00647	0.00196	0.00684	0.00597	0.00661	0.01094
1	0.02373	0.01769	0.01892	0.01470	0.01972	0.01965	0.01208	0.64502	0.09778	0.03938	0.01657	0.01635	0.01184	0.00785	0.00647	0.00196	0.00692	0.00596	0.00647	0.01091
2	0.01340	0.01148	0.01340	0.00957	0.01531	0.00861	0.00766	0.01627	0.01340	0.02105	0.01148	0.01340	0.00957	0.00479	0.00479	0.00096	0.00479	0.00383	0.00383	0.81242
3	0.00940	0.00626	0.00705	0.00705	0.00705	0.00626	0.00392	0.00940	0.00940	0.01253	0.02036	0.04228	0.02349	0.77292	0.03289	0.00626	0.00626	0.00940	0.00392	0.00392
4	0.01727	0.77681	0.03386	0.01106	0.01658	0.02557	0.01106	0.01935	0.01313	0.01520	0.00898	0.01036	0.00829	0.00553	0.00415	0.00138	0.00691	0.00345	0.00276	0.00829
5	0.02262	0.02759	0.01859	0.01660	0.01952	0.59833	0.01273	0.05898	0.01763	0.01704	0.01004	0.01223	0.00848	0.00743	0.00822	0.00186	0.12663	0.00447	0.00341	0.00760
6	0.00953	0.00689	0.00905	0.01007	0.01150	0.00662	0.00828	0.01202	0.01474	0.01939	0.10319	0.17420	0.14648	0.01720	0.00835	0.00266	0.00483	0.39500	0.03423	0.00578
7	0.01390	0.03210	0.69684	0.01801	0.02729	0.01468	0.02303	0.02111	0.01393	0.06261	0.01241	0.01413	0.00864	0.00625	0.00616	0.00204	0.00931	0.00488	0.00304	0.00963
8	0.00835	0.00596	0.00805	0.00954	0.01013	0.00566	0.00683	0.00982	0.01284	0.01703	0.03535	0.63781	0.04169	0.01979	0.00837	0.00269	0.00416	0.14455	0.00599	0.00538
9	0.01583	0.01519	0.02594	0.06954	0.70397	0.01531	0.01975	0.01969	0.01464	0.02092	0.01213	0.01604	0.01017	0.00579	0.00640	0.00193	0.00772	0.00576	0.00318	0.01011
10	0.01820	0.01494	0.01581	0.01358	0.01761	0.01706	0.01074	0.20386	0.54795	0.03046	0.02360	0.02195	0.01754	0.00851	0.00655	0.00213	0.00561	0.00693	0.00655	0.01042
11	0.00815	0.00666	0.00729	0.00764	0.00960	0.00580	0.00596	0.01000	0.01463	0.01775	0.05828	0.09995	0.56955	0.01683	0.00790	0.00235	0.00378	0.13633	0.00599	0.00553
12	0.02414	0.03079	0.01831	0.01665	0.01998	0.74698	0.01248	0.02580	0.01831	0.01581	0.00999	0.01165	0.00832	0.00666	0.00583	0.00166	0.01165	0.00416	0.00333	0.00749
13	0.01633	0.61488	0.18756	0.01266	0.01906	0.02327	0.01385	0.01959	0.01324	0.01635	0.00955	0.01108	0.00827	0.00566	0.00458	0.00153	0.00748	0.00374	0.00276	0.00857
14	0.00954	0.00681	0.00941	0.01090	0.01200	0.00668	0.00889	0.01187	0.01401	0.01836	0.03469	0.31295	0.03910	0.01868	0.00869	0.00285	0.00519	0.45771	0.00597	0.00571
15	0.01511	0.23980	0.49970	0.01595	0.02411	0.01763	0.01945	0.02080	0.01378	0.06114	0.01168	0.01322	0.00867	0.00608	0.00560	0.00186	0.00857	0.00451	0.00305	0.00928
16	0.01177	0.02401	0.47983	0.01446	0.02142	0.01178	0.01736	0.01732	0.01439	0.03976	0.07841	0.02874	0.19547	0.00930	0.00664	0.00208	0.00737	0.00758	0.00403	0.00830
17	0.00787	0.00562	0.00750	0.00900	0.00937	0.00525	0.00600	0.00900	0.01237	0.01649	0.03561	0.76871	0.04274	0.02024	0.00825	0.00262	0.00375	0.01837	0.00600	0.00525
18	0.02858	0.01165	0.01540	0.01181	0.01682	0.01046	0.00975	0.09391	0.01959	0.67313	0.02457	0.02140	0.01553	0.00798	0.00649	0.00199	0.00565	0.00644	0.00786	0.01100
19	0.01521	0.01596	0.03087	0.02595	0.13660	0.01623	0.42495	0.05220	0.01493	0.02071	0.01369	0.06081	0.01167	0.00735	0.00944	0.00225	0.12150	0.00759	0.00351	0.00861
20	0.00893	0.00660	0.00834	0.00791	0.00952	0.00601	0.00593	0.01179	0.01779	0.02473	0.63643	0.05021	0.15448	0.01365	0.00762	0.00205	0.00308	0.01196	0.00696	0.00601
21	0.00793	0.00568	0.00762	0.00906	0.00947	0.00537	0.00609	0.00911	0.01228	0.01643	0.03481	0.73630	0.04158	0.02147	0.04047	0.00296	0.00434	0.01787	0.00589	0.00527
22	0.07554	0.01761	0.02878	0.02395	0.10762	0.08771	0.36162	0.05320	0.01501	0.02098	0.01172	0.01555	0.00934	0.00673	0.00925	0.00218	0.13498	0.00636	0.00340	0.00848
23	0.03976	0.01732	0.01976	0.03470	0.03911	0.16041	0.12702	0.15628	0.01828	0.07387	0.01489	0.06857	0.01238	0.00728	0.00623	0.00177	0.00779	0.00623	0.00456	0.18380

[dist]
# distance from previous block
# <min> <max>
0	1

[block]
# block no. 7 follows, 34 sequences, length 7
# corresponding to MSA columns:
# 532-538
name=unknown_H
#
# <colnr> <probs for GDERKNQSTAVLIFYWHMCP>
#	G	D	E	R	K	N	Q	S	T	A	V	L	I	F	Y	W	H	M	C	P
0	0.01885	0.01950	0.12235	0.04533	0.06100	0.10430	0.15882	0.14153	0.10356	0.10310	0.01786	0.01888	0.04013	0.00726	0.00664	0.00202	0.00830	0.00641	0.00476	0.00940
1	0.04209	0.01340	0.01402	0.01412	0.08314	0.08959	0.00983	0.17711	0.07181	0.02437	0.05790	0.17536	0.10774	0.03175	0.00758	0.00221	0.00597	0.03029	0.00545	0.03626
2	0.01687	0.01829	0.14036	0.05705	0.08288	0.04963	0.10985	0.16328	0.06977	0.05547	0.01889	0.04020	0.06637	0.00797	0.00719	0.00204	0.03769	0.00679	0.00455	0.04488
3	0.01594	0.01432	0.06647	0.01525	0.04554	0.03680	0.10919	0.15585	0.04742	0.05182	0.05040	0.02105	0.04497	0.01354	0.07334	0.12845	0.03073	0.00656	0.00448	0.06788
4	0.07767	0.06675	0.05632	0.09300	0.08185	0.15220	0.04532	0.09635	0.04604	0.05177	0.07711	0.01923	0.03635	0.00785	0.00664	0.02461	0.00754	0.00595	0.00434	0.04314
5	0.01623	0.04426	0.01657	0.03729	0.01769	0.07871	0.06253	0.05931	0.10323	0.09132	0.01966	0.06926	0.04271	0.01035	0.02982	0.03021	0.03459	0.04244	0.00482	0.18901
6	0.01806	0.07342	0.10666	0.01689	0.08964	0.16760	0.06060	0.09146	0.01705	0.07834	0.04236	0.04128	0.04478	0.00740	0.00612	0.00178	0.00779	0.00603	0.00430	0.11844

[dist]
# distance from previous block
# <min> <max>
26	263

[block]
# block no. 8 follows, 34 sequences, length 24
# corresponding to MSA columns:
# 852-875
name=unknown_I
#
# <colnr> <probs for GDERKNQSTAVLIFYWHMCP>
#	G	D	E	R	K	N	Q	S	T	A	V	L	I	F	Y	W	H	M	C	P
0	0.01717	0.03215	0.04845	0.08906	0.07176	0.07994	0.03452	0.16864	0.08613	0.07246	0.03290	0.13340	0.01746	0.01091	0.03775	0.00238	0.00736	0.00781	0.00505	0.04469
1	0.01614	0.23411	0.03821	0.01361	0.05710	0.10449	0.02448	0.04655	0.06308	0.05092	0.07629	0.07252	0.04346	0.02520	0.03346	0.00219	0.02896	0.00671	0.00433	0.05819
2	0.06472	0.03514	0.06740	0.02007	0.18065	0.08136	0.06966	0.11103	0.08641	0.05088	0.03405	0.09337	0.04663	0.00865	0.00678	0.00205	0.02023	0.00742	0.00464	0.00885
3	0.05187	0.10466	0.05088	0.01533	0.07409	0.05238	0.04601	0.08172	0.04427	0.02139	0.01634	0.03655	0.03219	0.00942	0.02429	0.00215	0.10285	0.07337	0.03299	0.12724
4	0.03823	0.07111	0.04680	0.01381	0.04978	0.07095	0.06978	0.08069	0.07932	0.03558	0.16625	0.06030	0.05203	0.00915	0.00645	0.00190	0.00610	0.02254	0.03151	0.08773
5	0.04948	0.14004	0.06150	0.06819	0.05411	0.08635	0.01173	0.09667	0.01612	0.03889	0.09876	0.05319	0.07690	0.00904	0.00760	0.00196	0.08143	0.00688	0.00440	0.03676
6	0.01893	0.01629	0.08534	0.09035	0.06670	0.03673	0.06389	0.20740	0.03653	0.13468	0.07250	0.02014	0.02924	0.00817	0.00808	0.00209	0.08200	0.00653	0.00515	0.00926
7	0.03368	0.04635	0.08160	0.08255	0.22317	0.17740	0.01492	0.10318	0.01718	0.03741	0.05839	0.06602	0.01488	0.00775	0.00633	0.00193	0.00805	0.00641	0.00409	0.00870
8	0.01855	0.06474	0.09058	0.01472	0.01886	0.04382	0.04551	0.31457	0.02012	0.02766	0.01381	0.01619	0.01081	0.01058	0.05125	0.02634	0.12151	0.00564	0.07587	0.00887
9	0.01563	0.01514	0.02100	0.24400	0.31783	0.09338	0.01674	0.05953	0.01547	0.02016	0.01409	0.02142	0.01225	0.00735	0.00656	0.00204	0.00809	0.07329	0.00360	0.03244
10	0.07194	0.01816	0.06523	0.01411	0.01906	0.04863	0.01214	0.50976	0.05134	0.03558	0.01580	0.01716	0.01174	0.00777	0.00621	0.00195	0.00698	0.02255	0.05384	0.01005
11	0.01012	0.00830	0.04073	0.00870	0.01072	0.00714	0.00688	0.01385	0.06069	0.04202	0.49395	0.04546	0.12318	0.08816	0.00997	0.00248	0.00387	0.01096	0.00647	0.00635
12	0.01756	0.01367	0.01573	0.01191	0.01689	0.01316	0.00969	0.25220	0.01898	0.05066	0.01339	0.01497	0.01049	0.00820	0.03884	0.00185	0.05131	0.00483	0.00478	0.43089
13	0.01776	0.42426	0.02381	0.01076	0.01517	0.01776	0.00975	0.02040	0.03516	0.16629	0.04106	0.05401	0.04472	0.01180	0.07885	0.00254	0.00716	0.00595	0.00447	0.00833
14	0.00942	0.00764	0.00800	0.00761	0.00994	0.00693	0.00578	0.07903	0.01637	0.02023	0.10023	0.09729	0.57744	0.01554	0.00755	0.00217	0.00367	0.01301	0.00612	0.00603
15	0.00960	0.00881	0.05153	0.01023	0.01190	0.00793	0.00849	0.01212	0.01483	0.02025	0.25629	0.20681	0.13283	0.01538	0.00925	0.00243	0.07927	0.13012	0.00584	0.00610
16	0.01516	0.01721	0.09778	0.17980	0.23106	0.01574	0.26469	0.06080	0.01537	0.02112	0.01249	0.01650	0.00959	0.00595	0.00683	0.00207	0.00916	0.00633	0.00331	0.00904
17	0.01611	0.02800	0.47219	0.01769	0.02535	0.08896	0.06647	0.04158	0.08460	0.07687	0.01416	0.01543	0.01012	0.00659	0.00629	0.00202	0.00904	0.00532	0.00371	0.00950
18	0.00850	0.00626	0.00815	0.00900	0.00998	0.00563	0.00617	0.00991	0.01283	0.01751	0.07464	0.65079	0.04054	0.01829	0.00787	0.00242	0.00381	0.01653	0.00585	0.08533
19	0.01608	0.07217	0.15839	0.04536	0.07311	0.05021	0.39050	0.07552	0.01606	0.02155	0.01248	0.01577	0.00943	0.00586	0.00684	0.00204	0.00985	0.00637	0.00338	0.00901
20	0.06161	0.13881	0.05509	0.11588	0.19912	0.04265	0.08347	0.03580	0.09786	0.02090	0.03347	0.02001	0.01342	0.00716	0.00620	0.00199	0.00752	0.04649	0.00386	0.00871
21	0.01240	0.07432	0.47139	0.01549	0.02228	0.01410	0.01817	0.01840	0.04309	0.01939	0.01968	0.09368	0.08514	0.00897	0.00733	0.00213	0.05490	0.00709	0.00355	0.00850
22	0.00879	0.00805	0.05009	0.00910	0.01094	0.00625	0.00701	0.01071	0.01348	0.01819	0.09935	0.46410	0.15732	0.01660	0.00762	0.00230	0.00404	0.01473	0.00570	0.08564
23	0.01557	0.09266	0.20227	0.07439	0.11934	0.06508	0.18888	0.03519	0.03806	0.04117	0.01403	0.05873	0.01156	0.00690	0.00651	0.00202	0.00881	0.00645	0.00353	0.00885

[dist]
# distance from previous block
# <min> <max>
16	101

[block]
# block no. 9 follows, 34 sequences, length 42
# corresponding to MSA columns:
# 1014-1047,1050-1057
name=unknown_J
#
# <colnr> <probs for GDERKNQSTAVLIFYWHMCP>
#	G	D	E	R	K	N	Q	S	T	A	V	L	I	F	Y	W	H	M	C	P
0	0.01598	0.04113	0.13893	0.03956	0.05693	0.10341	0.04687	0.10280	0.06179	0.05155	0.05694	0.04874	0.08857	0.00889	0.00654	0.00196	0.00719	0.04071	0.00468	0.07684
1	0.05640	0.04213	0.09151	0.06177	0.12573	0.14702	0.02979	0.10195	0.05310	0.06814	0.01470	0.06017	0.01228	0.00893	0.02775	0.00223	0.05940	0.00610	0.00421	0.02670
2	0.01674	0.03778	0.05916	0.05641	0.06863	0.01453	0.07506	0.13448	0.16408	0.07846	0.03658	0.08675	0.01656	0.00854	0.00713	0.00202	0.03742	0.00729	0.00514	0.08723
3	0.04528	0.08649	0.08332	0.05366	0.08712	0.08594	0.03842	0.18380	0.03640	0.06580	0.06246	0.01979	0.04321	0.02869	0.00688	0.00198	0.00723	0.00610	0.00470	0.05273
4	0.03152	0.11345	0.12130	0.01625	0.10076	0.03057	0.05506	0.08914	0.10184	0.03648	0.10430	0.02328	0.04097	0.06814	0.00834	0.00225	0.00674	0.00676	0.00458	0.03827
5	0.03756	0.09761	0.11295	0.01373	0.07071	0.06348	0.01106	0.03727	0.01390	0.01876	0.03621	0.27851	0.05798	0.01375	0.04292	0.00250	0.02302	0.01001	0.00445	0.05360
6	0.05501	0.18401	0.07211	0.03087	0.01746	0.03806	0.02757	0.05200	0.06926	0.10328	0.01614	0.04806	0.01369	0.02895	0.05018	0.00236	0.00708	0.03174	0.00443	0.14774
7	0.01802	0.16457	0.10566	0.05716	0.02174	0.26673	0.06933	0.02316	0.10875	0.01869	0.04139	0.01563	0.01209	0.00687	0.00619	0.00182	0.02441	0.00521	0.00371	0.02887
8	0.01236	0.01207	0.06157	0.01297	0.03821	0.01008	0.07178	0.04735	0.04145	0.02068	0.04856	0.15536	0.07787	0.01195	0.04249	0.00227	0.02955	0.03033	0.00462	0.26849
9	0.00989	0.00702	0.00863	0.00879	0.00947	0.00729	0.00587	0.04454	0.03472	0.01595	0.02413	0.24495	0.02694	0.36481	0.15275	0.00562	0.00754	0.01127	0.00464	0.00518
10	0.01971	0.06712	0.01937	0.04805	0.04704	0.12847	0.07164	0.16037	0.07007	0.13574	0.01840	0.11459	0.01562	0.00888	0.00693	0.00201	0.02822	0.00736	0.00520	0.02521
11	0.07279	0.15300	0.13286	0.03831	0.14267	0.06123	0.08896	0.11866	0.03962	0.04462	0.01343	0.04163	0.01092	0.00680	0.00598	0.00191	0.00787	0.00568	0.00393	0.00911
12	0.00813	0.00581	0.00779	0.00929	0.00978	0.00547	0.00644	0.00944	0.01262	0.01678	0.03547	0.69846	0.04217	0.02000	0.00832	0.00266	0.00397	0.08609	0.00599	0.00532
13	0.02006	0.03531	0.01703	0.01359	0.03315	0.08827	0.01071	0.25788	0.12380	0.08527	0.01613	0.01650	0.01207	0.00715	0.00639	0.00173	0.03041	0.00541	0.02764	0.19151
14	0.10970	0.06868	0.15785	0.01399	0.05730	0.01316	0.03575	0.09183	0.01566	0.06783	0.05574	0.06435	0.04032	0.00767	0.00586	0.00179	0.00633	0.00625	0.00444	0.17551
15	0.03860	0.06507	0.14165	0.01849	0.11993	0.12506	0.04811	0.13767	0.07438	0.05889	0.01379	0.01512	0.01048	0.00651	0.00598	0.00181	0.00789	0.00520	0.00426	0.10110
16	0.06537	0.24802	0.07538	0.01330	0.01835	0.05203	0.05763	0.12193	0.01703	0.16873	0.01646	0.07298	0.01359	0.00789	0.00584	0.00187	0.00696	0.02284	0.00483	0.00896
17	0.01478	0.01601	0.03297	0.10621	0.15338	0.01555	0.49201	0.01967	0.01480	0.02017	0.01358	0.04495	0.01097	0.00615	0.00731	0.00215	0.00984	0.00750	0.00331	0.00868
18	0.01774	0.05881	0.06569	0.08529	0.28233	0.11212	0.04855	0.02168	0.04393	0.11413	0.01538	0.05363	0.01274	0.03137	0.00720	0.00209	0.00788	0.00633	0.00407	0.00905
19	0.00846	0.00617	0.00786	0.00901	0.00969	0.00589	0.00623	0.01026	0.03651	0.01681	0.03617	0.57244	0.09260	0.08376	0.01030	0.00291	0.00415	0.06957	0.00584	0.00537
20	0.02094	0.00963	0.01254	0.01021	0.01383	0.00878	0.00820	0.06582	0.01883	0.40854	0.26040	0.03054	0.03079	0.00970	0.00674	0.00197	0.00461	0.00816	0.06075	0.00902
21	0.01458	0.01638	0.09764	0.17627	0.38139	0.01516	0.11189	0.01898	0.01415	0.01981	0.01267	0.01799	0.01047	0.00649	0.00718	0.00208	0.03631	0.02827	0.00317	0.00910
22	0.01553	0.01682	0.05059	0.20768	0.08468	0.10164	0.13995	0.05658	0.01427	0.01874	0.01133	0.01579	0.00925	0.00887	0.03443	0.00250	0.19428	0.00588	0.00322	0.00796
23	0.00784	0.00633	0.00700	0.00749	0.00913	0.00549	0.00548	0.00940	0.01408	0.01728	0.05563	0.25935	0.50508	0.01752	0.00787	0.00234	0.00354	0.04774	0.00600	0.00542
24	0.09366	0.01679	0.01769	0.01433	0.03709	0.04563	0.01143	0.50458	0.02587	0.11631	0.01597	0.01598	0.01128	0.00753	0.00616	0.00192	0.00679	0.00563	0.03507	0.01031
25	0.01825	0.20789	0.19547	0.01550	0.02158	0.05386	0.07087	0.23064	0.03690	0.02535	0.01352	0.01604	0.01063	0.00693	0.00591	0.00186	0.00798	0.02699	0.02449	0.00933
26	0.01028	0.00739	0.01023	0.01164	0.01316	0.00734	0.01015	0.01319	0.01487	0.01925	0.03571	0.07237	0.07038	0.01778	0.00886	0.00294	0.00582	0.65677	0.00595	0.00593
27	0.81856	0.01250	0.00950	0.00850	0.01250	0.01449	0.00700	0.01899	0.01100	0.02899	0.00900	0.01050	0.00700	0.00600	0.00400	0.00200	0.00500	0.00350	0.00400	0.00700
28	0.00940	0.00626	0.00705	0.00705	0.00705	0.00626	0.00392	0.00940	0.00940	0.01253	0.02036	0.04228	0.02349	0.77292	0.03289	0.00626	0.00626	0.00940	0.00392	0.00392
29	0.01575	0.01371	0.01444	0.01072	0.01620	0.06957	0.00856	0.08783	0.01563	0.03865	0.01209	0.01366	0.00976	0.00531	0.00508	0.00114	0.00559	0.00412	0.00415	0.64805
30	0.00963	0.00765	0.01129	0.06604	0.05835	0.00763	0.03628	0.03389	0.01339	0.01796	0.04989	0.53940	0.05173	0.01842	0.04376	0.00286	0.00537	0.01497	0.00541	0.00608
31	0.04338	0.07946	0.22257	0.01364	0.02002	0.01506	0.01381	0.20987	0.01845	0.08397	0.01383	0.01481	0.01016	0.00644	0.00568	0.00171	0.00694	0.00490	0.03427	0.18101
32	0.01196	0.01108	0.01854	0.69692	0.04182	0.01371	0.01716	0.01608	0.01298	0.01662	0.01338	0.04971	0.01115	0.00748	0.00663	0.00221	0.00831	0.03411	0.00312	0.00705
33	0.01344	0.00777	0.01016	0.00897	0.01127	0.00713	0.00693	0.03418	0.01864	0.16589	0.57249	0.04226	0.05084	0.01204	0.00737	0.00202	0.00363	0.01051	0.00727	0.00719
34	0.02485	0.01088	0.01408	0.01114	0.01559	0.00989	0.00908	0.06714	0.05820	0.54804	0.08028	0.02687	0.07575	0.00907	0.00667	0.00202	0.00521	0.00745	0.00761	0.01015
35	0.01357	0.01183	0.01980	0.58817	0.14382	0.01396	0.01738	0.01748	0.01331	0.05323	0.01228	0.01737	0.00931	0.00698	0.00709	0.02956	0.00822	0.00578	0.00318	0.00767
36	0.01976	0.00969	0.01248	0.01034	0.01385	0.00898	0.00824	0.04455	0.07757	0.37054	0.28725	0.03295	0.05495	0.01024	0.00695	0.00203	0.00454	0.00869	0.00744	0.00894
37	0.01002	0.00689	0.00790	0.00783	0.00948	0.00662	0.00581	0.03407	0.03840	0.02205	0.21313	0.16176	0.19680	0.01463	0.03348	0.00234	0.00391	0.01132	0.20750	0.00606
38	0.01541	0.01660	0.06883	0.09971	0.19850	0.09675	0.13043	0.05286	0.05517	0.02100	0.04182	0.08163	0.01514	0.00791	0.00702	0.00205	0.02725	0.00721	0.04624	0.00846
39	0.01227	0.10250	0.07417	0.13508	0.04177	0.04440	0.01142	0.01510	0.01385	0.04392	0.02792	0.16321	0.13448	0.01396	0.04293	0.00262	0.00683	0.10210	0.00457	0.00691
40	0.00863	0.00605	0.00720	0.00779	0.00859	0.00566	0.00521	0.00990	0.01270	0.01715	0.09512	0.35259	0.16037	0.19320	0.01352	0.00325	0.00413	0.01388	0.06996	0.00511
41	0.74726	0.01327	0.02930	0.01032	0.03581	0.01459	0.03079	0.01911	0.01132	0.02826	0.00929	0.01097	0.00722	0.00598	0.00425	0.00200	0.00539	0.00374	0.00392	0.00722

[dist]
# distance from previous block
# <min> <max>
0	1

[block]
# block no. 10 follows, 34 sequences, length 16
# corresponding to MSA columns:
# 1059-1074
name=unknown_K
#
# <colnr> <probs for GDERKNQSTAVLIFYWHMCP>
#	G	D	E	R	K	N	Q	S	T	A	V	L	I	F	Y	W	H	M	C	P
0	0.01857	0.07815	0.17151	0.01533	0.02059	0.14447	0.08589	0.05508	0.05016	0.15061	0.07507	0.02075	0.05061	0.00786	0.00676	0.00196	0.02671	0.00636	0.00473	0.00882
1	0.01780	0.57242	0.11692	0.01280	0.01848	0.13489	0.01283	0.02047	0.01399	0.01593	0.00945	0.01096	0.00828	0.00578	0.00464	0.00151	0.00796	0.00372	0.00285	0.00832
2	0.01721	0.35417	0.15481	0.01700	0.06229	0.14318	0.08948	0.02060	0.01424	0.01718	0.01021	0.01244	0.00856	0.00614	0.00619	0.00174	0.04864	0.00451	0.00294	0.00847
3	0.11390	0.01479	0.02304	0.07375	0.54188	0.01525	0.01739	0.05846	0.01517	0.04815	0.01239	0.01558	0.01000	0.00602	0.00612	0.00195	0.00730	0.00551	0.00363	0.00974
4	0.01599	0.01535	0.02623	0.03966	0.73262	0.01535	0.01983	0.01983	0.01471	0.02111	0.01215	0.01599	0.01023	0.00576	0.00640	0.00192	0.00768	0.00576	0.00320	0.01023
5	0.00835	0.00662	0.00754	0.00743	0.00933	0.00580	0.00565	0.01059	0.01607	0.02071	0.31147	0.05758	0.44233	0.01527	0.00770	0.00217	0.00334	0.04993	0.00641	0.00572
6	0.00855	0.00658	0.00781	0.00750	0.00929	0.00584	0.00563	0.01104	0.01688	0.02256	0.46619	0.05378	0.32608	0.01446	0.00763	0.00209	0.00314	0.01246	0.00667	0.00584
7	0.01313	0.03238	0.69834	0.01964	0.06857	0.01503	0.02364	0.02043	0.01370	0.02050	0.01163	0.01378	0.00830	0.00612	0.00615	0.00204	0.00944	0.00483	0.00276	0.00959
8	0.01168	0.00986	0.01375	0.01250	0.01280	0.01267	0.00975	0.01257	0.00976	0.01436	0.01317	0.02260	0.01341	0.15336	0.21449	0.10339	0.34441	0.00663	0.00318	0.00567
9	0.00818	0.00584	0.00785	0.00935	0.00986	0.00551	0.00653	0.00953	0.01267	0.01684	0.03544	0.68444	0.04206	0.01995	0.00833	0.00267	0.00402	0.09959	0.00599	0.00533
10	0.00788	0.00594	0.00729	0.00825	0.00920	0.00535	0.00569	0.00925	0.01337	0.01729	0.08295	0.52809	0.23853	0.01875	0.00804	0.00247	0.00357	0.01665	0.00606	0.00535
11	0.02052	0.01509	0.10613	0.01468	0.02037	0.01169	0.12518	0.07595	0.01703	0.31321	0.01910	0.05981	0.01401	0.00745	0.00643	0.00188	0.00677	0.00661	0.00562	0.15248
12	0.00855	0.00627	0.00794	0.00836	0.00947	0.00578	0.00600	0.01053	0.01497	0.02022	0.30854	0.31147	0.14556	0.05876	0.00933	0.00255	0.00367	0.05015	0.00631	0.00557
13	0.07797	0.01668	0.02658	0.01993	0.02489	0.01777	0.31491	0.23808	0.05773	0.02734	0.01371	0.01628	0.01035	0.00711	0.00858	0.00217	0.09979	0.00649	0.00446	0.00919
14	0.01861	0.10669	0.35023	0.01597	0.02318	0.01799	0.01736	0.29860	0.02048	0.05117	0.01334	0.01431	0.00958	0.00678	0.00607	0.00193	0.00815	0.00511	0.00441	0.01004
15	0.00787	0.00562	0.00750	0.00900	0.00937	0.00525	0.00600	0.00900	0.01237	0.01649	0.03561	0.76871	0.04274	0.02024	0.00825	0.00262	0.00375	0.01837	0.00600	0.00525

[dist]
# distance from previous block
# <min> <max>
0	35

[block]
# block no. 11 follows, 34 sequences, length 16
# corresponding to MSA columns:
# 1110-1125
name=unknown_L
#
# <colnr> <probs for GDERKNQSTAVLIFYWHMCP>
#	G	D	E	R	K	N	Q	S	T	A	V	L	I	F	Y	W	H	M	C	P
0	0.01232	0.00915	0.01422	0.08917	0.15403	0.00911	0.02979	0.01481	0.01389	0.08115	0.02702	0.35304	0.02902	0.01425	0.00765	0.00243	0.00568	0.12093	0.00525	0.00711
1	0.08701	0.57856	0.03082	0.03710	0.01885	0.06152	0.07276	0.01968	0.01340	0.01696	0.00948	0.01129	0.00833	0.00565	0.00461	0.00155	0.00740	0.00394	0.00295	0.00814
2	0.00910	0.00733	0.00842	0.00972	0.01038	0.05101	0.00679	0.01042	0.01296	0.01670	0.03391	0.66064	0.04013	0.01920	0.00816	0.00260	0.00443	0.07684	0.00583	0.00545
3	0.81856	0.01250	0.00950	0.00850	0.01250	0.01449	0.00700	0.01899	0.01100	0.02899	0.00900	0.01050	0.00700	0.00600	0.00400	0.00200	0.00500	0.00350	0.00400	0.00700
4	0.00940	0.00626	0.00705	0.00705	0.00705	0.00626	0.00392	0.00940	0.00940	0.01253	0.02036	0.04228	0.02349	0.77292	0.03289	0.00626	0.00626	0.00940	0.00392	0.00392
5	0.01504	0.15622	0.16209	0.01372	0.05633	0.01447	0.01257	0.06565	0.05019	0.02150	0.01210	0.01371	0.00970	0.00564	0.00523	0.00143	0.00644	0.00436	0.00370	0.36990
6	0.04426	0.03160	0.68352	0.01764	0.02667	0.01465	0.02255	0.02009	0.01371	0.02100	0.03844	0.01482	0.01012	0.00640	0.00611	0.00204	0.00913	0.00498	0.00294	0.00932
7	0.01834	0.29465	0.11627	0.01631	0.08259	0.08281	0.03347	0.12371	0.11330	0.04007	0.01354	0.01451	0.01065	0.00655	0.00557	0.00177	0.00758	0.00495	0.00405	0.00929
8	0.01537	0.09694	0.11908	0.09630	0.29046	0.01576	0.09918	0.04739	0.01475	0.04275	0.01403	0.07259	0.01219	0.00721	0.00682	0.00201	0.02796	0.00659	0.00356	0.00906
9	0.01408	0.00776	0.00982	0.00864	0.01125	0.00685	0.00671	0.01663	0.01746	0.21395	0.37679	0.04469	0.21453	0.01260	0.00732	0.00206	0.00376	0.01078	0.00707	0.00725
10	0.01907	0.01503	0.04149	0.01265	0.01687	0.01540	0.01052	0.46959	0.02490	0.03314	0.06889	0.06202	0.13948	0.03156	0.00755	0.00214	0.00610	0.00818	0.00620	0.00921
11	0.01695	0.11113	0.31750	0.01748	0.08390	0.01466	0.05162	0.03861	0.03216	0.15838	0.03312	0.02021	0.03022	0.00740	0.00629	0.00200	0.00774	0.03691	0.00432	0.00941
12	0.02899	0.01100	0.01499	0.01150	0.01649	0.00950	0.00950	0.03149	0.01849	0.73709	0.02549	0.02199	0.01599	0.00800	0.00650	0.00200	0.00550	0.00650	0.00800	0.01100
13	0.00787	0.00562	0.00750	0.00900	0.00937	0.00525	0.00600	0.00900	0.01237	0.01649	0.03561	0.76871	0.04274	0.02024	0.00825	0.00262	0.00375	0.01837	0.00600	0.00525
14	0.00999	0.00714	0.00968	0.01131	0.07224	0.00661	0.00736	0.01195	0.01454	0.05711	0.17962	0.38837	0.14706	0.01624	0.00779	0.00235	0.00403	0.03431	0.00609	0.00621
15	0.01541	0.01503	0.05985	0.09573	0.47046	0.01423	0.05616	0.03869	0.01512	0.04664	0.01675	0.02215	0.04807	0.00725	0.00668	0.00204	0.00761	0.04902	0.00373	0.00939

[dist]
# distance from previous block
# <min> <max>
0	1

[block]
# block no. 12 follows, 34 sequences, length 13
# corresponding to MSA columns:
# 1127-1139
name=unknown_M
#
# <colnr> <probs for GDERKNQSTAVLIFYWHMCP>
#	G	D	E	R	K	N	Q	S	T	A	V	L	I	F	Y	W	H	M	C	P
0	0.16348	0.25511	0.10131	0.01356	0.01823	0.25567	0.01232	0.02180	0.03689	0.01886	0.01013	0.01178	0.00843	0.00642	0.00575	0.00175	0.04322	0.00406	0.00329	0.00794
1	0.01785	0.02029	0.01375	0.01269	0.01544	0.40903	0.00949	0.05965	0.01722	0.01801	0.02701	0.08059	0.19472	0.03218	0.00722	0.00201	0.00816	0.00792	0.03994	0.00685
2	0.02005	0.47487	0.02757	0.01332	0.01796	0.31755	0.01163	0.02196	0.01523	0.01545	0.00939	0.01089	0.00830	0.00599	0.00483	0.00150	0.00883	0.00374	0.00299	0.00797
3	0.07051	0.01316	0.02196	0.42680	0.27066	0.01480	0.05464	0.01801	0.01350	0.01914	0.01162	0.01635	0.00910	0.00614	0.00633	0.00207	0.00817	0.00569	0.00308	0.00826
4	0.01794	0.58210	0.08335	0.01225	0.01758	0.05216	0.01215	0.02039	0.01358	0.07201	0.01047	0.01181	0.00890	0.00619	0.00565	0.00158	0.05622	0.00396	0.00320	0.00848
5	0.01623	0.01538	0.02608	0.10562	0.54945	0.01571	0.07971	0.07347	0.01581	0.02216	0.01243	0.01620	0.01010	0.00595	0.00652	0.00197	0.00801	0.00592	0.00343	0.00987
6	0.02899	0.01100	0.01499	0.01150	0.01649	0.00950	0.00950	0.03149	0.01849	0.73709	0.02549	0.02199	0.01599	0.00800	0.00650	0.00200	0.00550	0.00650	0.00800	0.01100
7	0.00796	0.00569	0.00758	0.00893	0.00939	0.00531	0.00601	0.00923	0.01280	0.01717	0.08552	0.71687	0.04405	0.01974	0.00820	0.00258	0.00370	0.01789	0.00608	0.00531
8	0.01747	0.65930	0.08889	0.01208	0.01776	0.08106	0.01219	0.01994	0.01357	0.01567	0.00927	0.01073	0.00829	0.00566	0.00444	0.00146	0.00749	0.00362	0.00281	0.00833
9	0.01174	0.08783	0.04322	0.03460	0.04829	0.01091	0.02374	0.06305	0.01297	0.01754	0.03383	0.10408	0.03414	0.19125	0.23066	0.00545	0.00962	0.02655	0.00409	0.00641
