[name]
unknown

[dist]
# distance from previous block
# <min> <max>
16	801

[block]
# block no. 0 follows, 33 sequences, length 135
# corresponding to MSA columns:
# 828-962
name=unknown_A
#
# <colnr> <probs for GDERKNQSTAVLIFYWHMCP>
#	G	D	E	R	K	N	Q	S	T	A	V	L	I	F	Y	W	H	M	C	P
0	0.02605	0.01647	0.01894	0.01448	0.01973	0.01744	0.02589	0.50953	0.02736	0.22778	0.01850	0.01763	0.01255	0.00792	0.00662	0.00200	0.00688	0.00615	0.00694	0.01115
1	0.01115	0.00996	0.01622	0.53656	0.03493	0.01193	0.01474	0.01459	0.01300	0.01682	0.01885	0.23472	0.01889	0.01067	0.00711	0.00233	0.00733	0.00959	0.00385	0.00674
2	0.00939	0.00732	0.00974	0.00957	0.01098	0.00795	0.00733	0.02256	0.01203	0.01623	0.03080	0.03667	0.20817	0.08860	0.46008	0.00765	0.03584	0.00902	0.00429	0.00579
3	0.01063	0.00780	0.00894	0.00794	0.00953	0.00700	0.00508	0.01145	0.01077	0.01524	0.01877	0.05704	0.02070	0.53943	0.02500	0.00481	0.00590	0.00832	0.00403	0.22163
4	0.01250	0.01136	0.01573	0.01381	0.01407	0.01479	0.02589	0.01367	0.01009	0.01497	0.01326	0.02429	0.01406	0.24664	0.09018	0.00463	0.44354	0.00709	0.00329	0.00614
5	0.01089	0.00608	0.00912	0.00912	0.00944	0.00640	0.00640	0.00944	0.00912	0.01248	0.01311	0.02159	0.01279	0.03004	0.21952	0.59276	0.00894	0.00608	0.00304	0.00367
6	0.01528	0.01621	0.01479	0.21963	0.03483	0.23538	0.01159	0.04217	0.01611	0.01831	0.02851	0.02991	0.22464	0.00978	0.00663	0.00200	0.00768	0.00779	0.05176	0.00700
7	0.01572	0.00777	0.01047	0.01003	0.01219	0.00698	0.00745	0.01757	0.01539	0.26820	0.09668	0.42612	0.03563	0.01555	0.00773	0.00240	0.00442	0.02528	0.00693	0.00749
8	0.42253	0.01075	0.01045	0.00969	0.01273	0.01216	0.00784	0.06378	0.01306	0.02507	0.03336	0.02331	0.06108	0.01952	0.20452	0.00441	0.00853	0.04588	0.00443	0.00688
9	0.00844	0.00591	0.00751	0.00863	0.00891	0.00563	0.00554	0.00928	0.01178	0.01571	0.03208	0.56935	0.03824	0.22285	0.01519	0.00368	0.00451	0.01624	0.00554	0.00498
10	0.01158	0.00827	0.01008	0.00975	0.01161	0.00921	0.00752	0.01755	0.16040	0.02082	0.04498	0.02738	0.04536	0.02721	0.33704	0.00579	0.01008	0.00730	0.22114	0.00690
11	0.01116	0.00838	0.00973	0.00969	0.01158	0.00823	0.00733	0.12450	0.01669	0.02160	0.05672	0.30255	0.24087	0.04369	0.00889	0.00259	0.00460	0.09865	0.00613	0.00643
12	0.01272	0.00940	0.01093	0.01057	0.01260	0.00957	0.00791	0.19772	0.01804	0.02377	0.03509	0.42488	0.13355	0.01649	0.00786	0.00244	0.00479	0.04846	0.00624	0.00700
13	0.01250	0.01266	0.01062	0.01127	0.01247	0.20455	0.00790	0.01380	0.01424	0.01662	0.02923	0.56092	0.03406	0.01688	0.00774	0.00241	0.00600	0.01480	0.00538	0.00596
14	0.00892	0.00644	0.00718	0.00725	0.00803	0.00606	0.00459	0.00971	0.01200	0.01546	0.08406	0.10146	0.23208	0.44331	0.02242	0.00460	0.00508	0.01165	0.00499	0.00470
15	0.01094	0.00859	0.01285	0.21188	0.02173	0.00931	0.01213	0.01435	0.01506	0.01977	0.11567	0.05576	0.03308	0.01445	0.00825	0.00268	0.00642	0.41532	0.00536	0.00642
16	0.00946	0.00678	0.00840	0.00812	0.00927	0.00646	0.00568	0.01200	0.03416	0.02202	0.46229	0.08316	0.06867	0.21795	0.01473	0.00328	0.00409	0.01156	0.00626	0.00566
17	0.00897	0.00724	0.00805	0.00775	0.00984	0.00659	0.00584	0.01241	0.06756	0.02167	0.30590	0.05530	0.42928	0.01492	0.00770	0.00217	0.00339	0.01269	0.00657	0.00615
18	0.01763	0.01015	0.01250	0.01075	0.01401	0.01006	0.00845	0.02475	0.20714	0.25019	0.31451	0.03404	0.03625	0.01055	0.00711	0.00210	0.00447	0.00903	0.00738	0.00893
19	0.01121	0.00883	0.01328	0.01742	0.20394	0.00847	0.01003	0.01362	0.01492	0.04209	0.19218	0.35473	0.05412	0.01448	0.00767	0.00231	0.00478	0.01316	0.00567	0.00711
20	0.01445	0.01647	0.01142	0.01075	0.01344	0.29777	0.00806	0.01613	0.01645	0.01712	0.04427	0.04293	0.44072	0.01275	0.00705	0.00201	0.00672	0.01006	0.00503	0.00638
21	0.01795	0.01157	0.01409	0.01028	0.01593	0.00902	0.00831	0.02077	0.01505	0.21358	0.01556	0.01602	0.01152	0.00576	0.00535	0.00126	0.00507	0.00464	0.00505	0.59323
22	0.00881	0.00648	0.00759	0.00777	0.00868	0.00625	0.00519	0.00984	0.01193	0.01545	0.05267	0.14143	0.23438	0.33265	0.11755	0.00513	0.00658	0.01177	0.00491	0.00494
23	0.01066	0.00901	0.01336	0.21146	0.02107	0.02733	0.01110	0.01352	0.01168	0.01601	0.03194	0.03891	0.01561	0.03456	0.47859	0.00758	0.03081	0.00699	0.00348	0.00633
24	0.00937	0.00803	0.00856	0.00750	0.01071	0.00643	0.00576	0.01138	0.01464	0.01878	0.05182	0.04992	0.53156	0.01348	0.00700	0.00189	0.00375	0.01119	0.00552	0.22273
25	0.14344	0.00894	0.01066	0.00966	0.01245	0.00857	0.00735	0.01977	0.01472	0.28304	0.04166	0.25827	0.02505	0.05803	0.00830	0.00247	0.00476	0.01024	0.06484	0.00778
26	0.01130	0.00894	0.01162	0.01121	0.01303	0.01036	0.00866	0.01795	0.20116	0.01850	0.02023	0.02616	0.01772	0.06542	0.51702	0.00817	0.01385	0.00725	0.00440	0.00704
27	0.01480	0.01057	0.01235	0.01131	0.01353	0.01130	0.00887	0.23093	0.01806	0.02431	0.02274	0.04077	0.02279	0.23721	0.08111	0.00431	0.00747	0.19022	0.03029	0.00706
28	0.01021	0.00734	0.00835	0.00840	0.01009	0.00697	0.00614	0.07283	0.01589	0.02155	0.12470	0.29017	0.25142	0.01559	0.00744	0.00224	0.00378	0.01350	0.11722	0.00615
29	0.00836	0.00664	0.00751	0.00740	0.00928	0.00579	0.00551	0.01053	0.01622	0.02092	0.30845	0.09456	0.44414	0.01569	0.00781	0.00219	0.00328	0.01341	0.00653	0.00579
30	0.01934	0.01437	0.01627	0.01341	0.01630	0.03782	0.01067	0.37160	0.02088	0.02826	0.01362	0.01693	0.01101	0.01243	0.01385	0.22011	0.11568	0.00580	0.03357	0.00807
31	0.02063	0.02156	0.01581	0.01389	0.01681	0.37282	0.01031	0.18221	0.01910	0.02120	0.01436	0.02124	0.01330	0.21301	0.01354	0.00303	0.00929	0.00608	0.00431	0.00749
32	0.00795	0.00668	0.00692	0.00697	0.00909	0.00565	0.00525	0.00972	0.01516	0.01829	0.10119	0.07843	0.65380	0.01663	0.00783	0.00225	0.00341	0.03300	0.00617	0.00560
33	0.05267	0.01205	0.01679	0.31294	0.02782	0.02831	0.03281	0.11064	0.03247	0.02107	0.01413	0.01904	0.01148	0.01823	0.20534	0.00434	0.01057	0.00601	0.00382	0.05946
34	0.00882	0.00628	0.00743	0.00787	0.00841	0.00606	0.00502	0.00957	0.01139	0.01489	0.03253	0.25251	0.14361	0.38832	0.06416	0.00489	0.00582	0.01276	0.00492	0.00475
35	0.00930	0.00679	0.00908	0.00876	0.01012	0.00674	0.00655	0.01191	0.01565	0.02205	0.45521	0.04300	0.07369	0.07850	0.20829	0.00469	0.00728	0.01050	0.00596	0.00593
36	0.01573	0.01275	0.01715	0.16896	0.15259	0.01371	0.01247	0.19052	0.03098	0.02336	0.01561	0.02366	0.01408	0.21274	0.01374	0.00315	0.00724	0.00678	0.00434	0.06044
37	0.01506	0.08634	0.05240	0.01418	0.07012	0.08695	0.04077	0.08534	0.04008	0.03427	0.01868	0.13079	0.01886	0.21459	0.01377	0.00315	0.00706	0.00833	0.00441	0.05484
38	0.01557	0.08751	0.04350	0.12200	0.16439	0.12013	0.08009	0.01745	0.01330	0.01660	0.01140	0.01631	0.00985	0.01077	0.01184	0.21998	0.02360	0.00551	0.00307	0.00712
39	0.01140	0.00875	0.01365	0.01773	0.20392	0.00887	0.01029	0.01270	0.01211	0.01677	0.03441	0.19634	0.03344	0.03560	0.15592	0.18501	0.00810	0.02460	0.00409	0.00628
40	0.00983	0.00792	0.00911	0.00931	0.04438	0.00727	0.00654	0.05906	0.01689	0.02169	0.22905	0.05355	0.44986	0.03618	0.00837	0.00227	0.00385	0.01232	0.00624	0.00631
41	0.23053	0.01323	0.01921	0.28722	0.15386	0.01487	0.07487	0.01952	0.06199	0.02224	0.01400	0.01737	0.03127	0.00671	0.00604	0.00211	0.00740	0.00576	0.00369	0.00812
42	0.01388	0.21707	0.02018	0.01135	0.01616	0.01408	0.05529	0.01644	0.01366	0.01882	0.01963	0.04178	0.11420	0.00768	0.00641	0.00152	0.05022	0.00604	0.00389	0.35169
43	0.00965	0.00748	0.00936	0.00935	0.01135	0.00639	0.00673	0.01139	0.01312	0.01824	0.03100	0.49584	0.06611	0.01607	0.00745	0.00221	0.00419	0.04594	0.00551	0.22262
44	0.01499	0.01227	0.01306	0.01181	0.01461	0.01389	0.00879	0.06358	0.48858	0.02428	0.02458	0.02911	0.02066	0.21426	0.01394	0.00334	0.00563	0.00794	0.00596	0.00872
45	0.01166	0.00933	0.01067	0.00933	0.01254	0.00858	0.00729	0.01705	0.13376	0.02308	0.20076	0.03808	0.16289	0.01090	0.00668	0.00186	0.00416	0.05026	0.05734	0.22378
46	0.00957	0.00688	0.00805	0.00824	0.00981	0.00629	0.00600	0.02816	0.01489	0.04081	0.13689	0.23543	0.30385	0.08305	0.01014	0.00270	0.00402	0.05317	0.02625	0.00581
47	0.00891	0.00627	0.00748	0.00791	0.00919	0.00573	0.00565	0.01096	0.01488	0.02060	0.21590	0.30806	0.20706	0.01598	0.00754	0.00225	0.00341	0.01401	0.12248	0.00573
48	0.01478	0.00937	0.01192	0.01067	0.01228	0.01009	0.00796	0.19753	0.01495	0.02017	0.01361	0.01981	0.01217	0.02306	0.13503	0.46302	0.00803	0.00599	0.00397	0.00559
49	0.01022	0.00764	0.00895	0.00834	0.01033	0.00664	0.00577	0.01168	0.01232	0.01746	0.02721	0.24476	0.09207	0.22860	0.01432	0.00316	0.00475	0.01089	0.05261	0.22226
50	0.06904	0.01001	0.01365	0.01698	0.20425	0.00983	0.00996	0.02998	0.01482	0.07622	0.10265	0.06979	0.13454	0.11165	0.01030	0.00265	0.00539	0.02942	0.07144	0.00745
51	0.01112	0.00972	0.01706	0.01406	0.01632	0.00988	0.19479	0.01353	0.01158	0.01599	0.01753	0.02954	0.01726	0.28280	0.30212	0.00689	0.01203	0.00811	0.00363	0.00605
52	0.22640	0.00797	0.00817	0.00862	0.01045	0.00813	0.00637	0.01229	0.01279	0.02050	0.03474	0.33824	0.17748	0.04375	0.00809	0.00257	0.00431	0.05777	0.00548	0.00587
53	0.00885	0.00690	0.00916	0.00913	0.01068	0.00721	0.00702	0.01102	0.01255	0.01679	0.07656	0.03988	0.25769	0.03621	0.45109	0.00726	0.01195	0.00965	0.00462	0.00579
54	0.12303	0.00745	0.00790	0.00799	0.00925	0.00753	0.00544	0.02887	0.01248	0.01891	0.06005	0.21803	0.11587	0.27530	0.01606	0.00369	0.00483	0.01131	0.06062	0.00540
55	0.01353	0.00955	0.01065	0.00962	0.01110	0.01003	0.00660	0.19769	0.01579	0.02112	0.02167	0.14048	0.02334	0.45432	0.02258	0.00465	0.00624	0.00992	0.00500	0.00613
56	0.01045	0.00597	0.00806	0.00806	0.00866	0.00567	0.00552	0.00881	0.01031	0.01315	0.02637	0.03173	0.20432	0.02119	0.02088	0.59050	0.00507	0.00793	0.00374	0.00359
57	0.01446	0.01960	0.21627	0.21827	0.36264	0.01528	0.02082	0.01951	0.01422	0.02012	0.01205	0.01597	0.00944	0.00616	0.00646	0.00205	0.00858	0.00559	0.00304	0.00944
58	0.01017	0.00956	0.01579	0.01289	0.01595	0.00865	0.19415	0.01298	0.01521	0.01961	0.13807	0.12975	0.34100	0.03540	0.00859	0.00237	0.00555	0.01240	0.00546	0.00648
59	0.81514	0.01273	0.00968	0.00866	0.01273	0.01477	0.00713	0.01935	0.01120	0.02954	0.00917	0.01069	0.00713	0.00611	0.00407	0.00204	0.00509	0.00356	0.00407	0.00713
60	0.01502	0.47799	0.09944	0.01132	0.01624	0.03064	0.01127	0.01796	0.01493	0.01900	0.20272	0.02136	0.02295	0.00783	0.00542	0.00166	0.00633	0.00594	0.00402	0.00796
61	0.01732	0.01404	0.01643	0.01353	0.06650	0.01282	0.01010	0.22781	0.01904	0.02759	0.01301	0.01449	0.01024	0.00587	0.00551	0.00135	0.00581	0.00466	0.00468	0.50922
62	0.01035	0.00782	0.01058	0.20876	0.01750	0.00861	0.00785	0.01153	0.01054	0.01386	0.01830	0.03618	0.01984	0.56262	0.02623	0.00525	0.00703	0.00857	0.00370	0.00489
63	0.01206	0.01034	0.01176	0.00892	0.01379	0.00791	0.00704	0.01465	0.01402	0.02046	0.02657	0.02709	0.20309	0.00806	0.00566	0.00131	0.00446	0.00660	0.00450	0.59171
64	0.22613	0.00800	0.00780	0.00804	0.01015	0.00798	0.00595	0.01203	0.01318	0.02064	0.04103	0.28223	0.30427	0.01513	0.00699	0.00232	0.00397	0.01270	0.00556	0.00591
65	0.00906	0.00651	0.00848	0.00923	0.01014	0.00619	0.00650	0.03515	0.01497	0.02037	0.22145	0.52316	0.04723	0.01816	0.00819	0.00250	0.00382	0.03665	0.00643	0.00581
66	0.02032	0.01652	0.01611	0.01303	0.01729	0.08674	0.01050	0.45121	0.02544	0.03261	0.02901	0.02828	0.20388	0.01016	0.00685	0.00202	0.00664	0.00792	0.00615	0.00932
67	0.23070	0.01122	0.01190	0.00953	0.01390	0.01050	0.00761	0.04236	0.03106	0.06111	0.15966	0.02097	0.02050	0.00735	0.00545	0.00161	0.00470	0.00576	0.00501	0.33910
68	0.01682	0.01491	0.01985	0.02477	0.33549	0.06453	0.01428	0.16290	0.01959	0.02666	0.20536	0.02477	0.02443	0.00841	0.00683	0.00197	0.00671	0.00740	0.00505	0.00926
69	0.01621	0.01560	0.02503	0.03852	0.15623	0.03440	0.22518	0.02413	0.20420	0.04863	0.01829	0.02040	0.03563	0.00775	0.00879	0.00223	0.09795	0.00711	0.00444	0.00930
70	0.53898	0.01150	0.01089	0.00950	0.01304	0.01273	0.03320	0.04214	0.01408	0.02880	0.20284	0.02155	0.02225	0.00814	0.00530	0.00205	0.00486	0.00606	0.00499	0.00709
71	0.00887	0.00683	0.00829	0.00902	0.01067	0.00625	0.00716	0.01100	0.01489	0.01879	0.09002	0.17816	0.34335	0.01763	0.00832	0.00256	0.00433	0.24197	0.00616	0.00573
72	0.01444	0.00746	0.00952	0.00908	0.01058	0.00692	0.00625	0.01552	0.01311	0.20861	0.02742	0.28191	0.02851	0.30956	0.01773	0.00395	0.00530	0.01187	0.00583	0.00640
73	0.01835	0.01350	0.01489	0.01278	0.01628	0.01472	0.01001	0.33411	0.16932	0.05233	0.02414	0.22049	0.02215	0.01156	0.00704	0.00221	0.00571	0.00973	0.03141	0.00929
74	0.00801	0.00647	0.00716	0.00767	0.00935	0.00562	0.00563	0.00962	0.01437	0.01763	0.05658	0.25351	0.49994	0.01783	0.00803	0.00239	0.00363	0.05491	0.00611	0.00553
75	0.01640	0.02983	0.54129	0.01779	0.02631	0.01667	0.02113	0.20597	0.01851	0.02643	0.01289	0.01441	0.00911	0.00670	0.00634	0.00206	0.00906	0.00515	0.00381	0.01013
76	0.23171	0.01640	0.03096	0.02259	0.02855	0.01614	0.51536	0.02062	0.01437	0.02337	0.01220	0.01585	0.00922	0.00570	0.00677	0.00217	0.00948	0.00663	0.00353	0.00841
77	0.40280	0.00995	0.00940	0.00868	0.01131	0.01071	0.00645	0.01692	0.01184	0.10621	0.01770	0.11604	0.01735	0.21433	0.01288	0.00329	0.00534	0.00746	0.00479	0.00654
78	0.22692	0.00834	0.00870	0.00813	0.01047	0.00842	0.00627	0.01382	0.01605	0.02588	0.42638	0.04103	0.15254	0.01198	0.00677	0.00209	0.00368	0.00997	0.00621	0.00636
79	0.02625	0.01648	0.01855	0.01422	0.01944	0.01751	0.01175	0.52353	0.02768	0.22820	0.01855	0.01759	0.01257	0.00797	0.00660	0.00199	0.00680	0.00611	0.00701	0.01120
80	0.01159	0.01036	0.01679	0.55153	0.03574	0.01235	0.01502	0.01563	0.01464	0.01941	0.20429	0.02610	0.02320	0.00844	0.00690	0.00216	0.00724	0.00749	0.00409	0.00702
81	0.01241	0.01335	0.01002	0.00954	0.01204	0.20474	0.00715	0.01416	0.01618	0.01778	0.08592	0.04869	0.49643	0.01383	0.00728	0.00207	0.00563	0.01118	0.00544	0.00615
82	0.53956	0.01161	0.01066	0.00965	0.01303	0.01341	0.00782	0.06746	0.01248	0.02656	0.01194	0.01517	0.00995	0.01794	0.20390	0.00434	0.00864	0.00468	0.00411	0.00709
83	0.01049	0.00807	0.01011	0.00868	0.01139	0.00690	0.00664	0.01355	0.01729	0.02506	0.53151	0.03957	0.04796	0.01114	0.00698	0.00177	0.00358	0.00974	0.00634	0.22321
84	0.00837	0.00678	0.00793	0.00788	0.00976	0.00634	0.00599	0.01036	0.01416	0.01795	0.11738	0.05184	0.46890	0.02520	0.20642	0.00447	0.00718	0.01185	0.00552	0.00571
85	0.59920	0.01311	0.01108	0.00994	0.01392	0.01520	0.00802	0.02358	0.20166	0.02900	0.01393	0.01444	0.01063	0.00687	0.00478	0.00209	0.00512	0.00461	0.00478	0.00802
86	0.01356	0.00990	0.01176	0.01014	0.01270	0.01005	0.00792	0.19983	0.02196	0.03048	0.53261	0.04015	0.04835	0.01196	0.00745	0.00204	0.00422	0.01029	0.00707	0.00756
87	0.01482	0.01237	0.01373	0.01305	0.01618	0.01400	0.01047	0.02921	0.52630	0.02542	0.02897	0.03800	0.02491	0.01143	0.00735	0.00245	0.00544	0.19015	0.00653	0.00924
88	0.01478	0.00794	0.01055	0.00921	0.01172	0.00715	0.00715	0.01774	0.01869	0.21719	0.53536	0.04194	0.04973	0.01202	0.00746	0.00206	0.00378	0.01048	0.00749	0.00756
89	0.00984	0.00733	0.00954	0.01065	0.01236	0.00703	0.00909	0.01251	0.01511	0.01918	0.04346	0.07131	0.22362	0.01778	0.00874	0.00281	0.00532	0.50230	0.00608	0.00593
90	0.02414	0.00990	0.01309	0.01049	0.01420	0.00879	0.00814	0.02600	0.01634	0.53765	0.02456	0.02800	0.01836	0.21374	0.01389	0.00321	0.00581	0.00742	0.00702	0.00925
91	0.00803	0.00632	0.00726	0.00779	0.00924	0.00554	0.00555	0.00965	0.01446	0.01829	0.12251	0.33010	0.39621	0.01786	0.00802	0.00238	0.00350	0.01553	0.00623	0.00554
92	0.00921	0.00734	0.01091	0.21021	0.01923	0.00786	0.00940	0.01124	0.01276	0.01681	0.02964	0.56245	0.03414	0.01683	0.00791	0.00254	0.00516	0.01524	0.00525	0.00588
93	0.02195	0.01662	0.01811	0.01369	0.01911	0.01727	0.01124	0.51934	0.02628	0.03607	0.01470	0.01522	0.01081	0.00708	0.00612	0.00171	0.00660	0.00538	0.00586	0.22685
94	0.59729	0.01111	0.00944	0.00856	0.01195	0.01246	0.00688	0.01748	0.01321	0.02869	0.20245	0.02110	0.02200	0.00810	0.00507	0.00205	0.00456	0.00582	0.00493	0.00688
95	0.01141	0.00848	0.00926	0.00886	0.00987	0.00908	0.00573	0.01644	0.20047	0.01676	0.02238	0.03807	0.02290	0.56326	0.02626	0.00526	0.00607	0.00900	0.00472	0.00573
96	0.59897	0.01409	0.01756	0.01382	0.01859	0.01528	0.19543	0.01982	0.01238	0.02725	0.01029	0.01260	0.00790	0.00596	0.00507	0.00209	0.00672	0.00470	0.00387	0.00760
97	0.02954	0.01120	0.01528	0.01171	0.01681	0.00968	0.00968	0.03208	0.01884	0.73213	0.02597	0.02241	0.01630	0.00815	0.00662	0.00204	0.00560	0.00662	0.00815	0.01120
98	0.01156	0.21378	0.01575	0.00909	0.01174	0.01157	0.00758	0.01439	0.01721	0.02345	0.53082	0.03874	0.04761	0.01134	0.00681	0.00189	0.00417	0.00964	0.00605	0.00682
99	0.02047	0.02442	0.01602	0.01457	0.01751	0.52702	0.01096	0.03781	0.01893	0.01946	0.20331	0.02205	0.02304	0.00861	0.00644	0.00180	0.00940	0.00635	0.00451	0.00733
100	0.00925	0.00658	0.00923	0.00964	0.01055	0.00717	0.00710	0.01116	0.01129	0.01619	0.02317	0.22661	0.02433	0.08852	0.44160	0.00750	0.01207	0.01031	0.06212	0.00562
101	0.01673	0.01352	0.01530	0.01121	0.01690	0.01192	0.00907	0.20286	0.01833	0.02687	0.01281	0.01423	0.01014	0.00569	0.00534	0.00125	0.00552	0.00445	0.00463	0.59323
102	0.00898	0.00689	0.00920	0.00920	0.01055	0.00733	0.00696	0.01093	0.01168	0.01572	0.03119	0.03763	0.20869	0.10856	0.47685	0.00792	0.01270	0.00914	0.00427	0.00561
103	0.01634	0.02023	0.21167	0.01606	0.02178	0.01651	0.06443	0.09886	0.40528	0.02669	0.02065	0.02029	0.01528	0.00786	0.00664	0.00217	0.00707	0.00661	0.00538	0.01020
104	0.02263	0.01858	0.02156	0.02210	0.21159	0.06923	0.01461	0.47317	0.02578	0.03433	0.01449	0.01566	0.01080	0.00727	0.00652	0.00195	0.00772	0.00579	0.00546	0.01074
105	0.01215	0.00976	0.01496	0.01977	0.20665	0.00976	0.01320	0.01541	0.01511	0.02019	0.02878	0.05859	0.03046	0.01486	0.00840	0.00274	0.00654	0.50013	0.00530	0.00724
106	0.02113	0.01220	0.01380	0.01194	0.01546	0.06127	0.00929	0.08768	0.11537	0.32749	0.02685	0.22195	0.02318	0.01151	0.00706	0.00221	0.00565	0.00978	0.00692	0.00926
107	0.00897	0.00668	0.00964	0.01005	0.01105	0.00735	0.00754	0.01097	0.01129	0.01579	0.02447	0.22688	0.04972	0.04040	0.51717	0.00814	0.01338	0.01046	0.00432	0.00572
108	0.01119	0.00946	0.01574	0.01274	0.01454	0.00916	0.19314	0.01269	0.01119	0.01501	0.01874	0.03624	0.02016	0.56234	0.02655	0.00526	0.00766	0.00909	0.00381	0.00531
109	0.01101	0.00898	0.01015	0.01023	0.01263	0.00913	0.00826	0.01769	0.20448	0.02103	0.04573	0.05635	0.31471	0.01506	0.00791	0.00248	0.00471	0.22616	0.00626	0.00703
110	0.01244	0.01115	0.01797	0.43365	0.09982	0.01320	0.01612	0.01621	0.01366	0.01798	0.01781	0.03254	0.01679	0.00999	0.00830	0.00245	0.05986	0.18898	0.00380	0.00726
111	0.01492	0.24703	0.08662	0.01200	0.01818	0.01508	0.04782	0.01817	0.01369	0.01955	0.01102	0.01295	0.00924	0.00527	0.00496	0.00128	0.00631	0.00408	0.00344	0.44842
112	0.00967	0.00696	0.00929	0.00932	0.01086	0.00658	0.00740	0.01275	0.01769	0.02459	0.53777	0.05596	0.05557	0.01474	0.00812	0.00233	0.00391	0.19340	0.00693	0.00617
113	0.01804	0.01392	0.01483	0.01233	0.01629	0.01502	0.00990	0.36021	0.15480	0.03142	0.03251	0.04815	0.20713	0.01098	0.00703	0.00213	0.00570	0.02387	0.00646	0.00928
114	0.01194	0.01139	0.04070	0.06933	0.02086	0.01043	0.20307	0.01522	0.01360	0.03447	0.04111	0.24287	0.02252	0.01737	0.12483	0.00354	0.00873	0.01038	0.00443	0.09320
115	0.03860	0.01435	0.01459	0.01226	0.01593	0.09956	0.00976	0.20299	0.07348	0.16422	0.21109	0.02916	0.04474	0.00989	0.00689	0.00204	0.00603	0.02883	0.00660	0.00897
116	0.01751	0.55113	0.03197	0.01915	0.20902	0.02287	0.01365	0.02012	0.01393	0.03296	0.01040	0.01237	0.00916	0.00575	0.00490	0.00157	0.00722	0.00422	0.00305	0.00904
117	0.01090	0.00913	0.01323	0.01676	0.20378	0.00865	0.00987	0.01388	0.01669	0.02292	0.36298	0.05627	0.18546	0.01233	0.00748	0.00211	0.00452	0.02997	0.00588	0.00720
118	0.01353	0.01203	0.02057	0.02166	0.21002	0.01144	0.16911	0.01731	0.03129	0.05868	0.09697	0.08348	0.16432	0.01063	0.00747	0.00220	0.00665	0.04959	0.00494	0.00812
119	0.02063	0.01795	0.01717	0.21367	0.02521	0.23805	0.01285	0.08732	0.05634	0.15055	0.01587	0.01757	0.01163	0.00801	0.01914	0.00209	0.00855	0.00563	0.06322	0.00854
120	0.00976	0.00804	0.00849	0.00829	0.01050	0.00768	0.00615	0.03501	0.12057	0.01978	0.06478	0.13607	0.47075	0.05329	0.00894	0.00247	0.00394	0.01298	0.00613	0.00637
121	0.01762	0.02788	0.54008	0.01686	0.02533	0.01377	0.02036	0.02389	0.01524	0.21314	0.01564	0.01620	0.01049	0.00677	0.00635	0.00207	0.00861	0.00534	0.00423	0.01013
122	0.01252	0.01139	0.01879	0.31540	0.26203	0.01245	0.01563	0.01587	0.01362	0.01837	0.01857	0.21903	0.01872	0.01014	0.00705	0.00224	0.00712	0.00933	0.00390	0.00782
123	0.01755	0.01207	0.01943	0.46117	0.12505	0.01342	0.01620	0.02138	0.01493	0.21080	0.01565	0.01870	0.01102	0.00691	0.00658	0.00212	0.00780	0.00606	0.00438	0.00876
124	0.00942	0.01339	0.20415	0.01176	0.01467	0.00803	0.01103	0.01232	0.01295	0.01790	0.02967	0.56146	0.03402	0.01674	0.00782	0.00251	0.00542	0.01497	0.00521	0.00653
125	0.01605	0.00807	0.01100	0.01077	0.01305	0.00738	0.00845	0.01814	0.01538	0.26319	0.03239	0.33914	0.03279	0.01574	0.00796	0.00254	0.00499	0.17865	0.00680	0.00754
126	0.01689	0.01969	0.02885	0.02213	0.02700	0.21116	0.41554	0.02076	0.01595	0.01912	0.01581	0.12462	0.01445	0.00807	0.00737	0.00214	0.01025	0.00841	0.00375	0.00803
127	0.01909	0.01522	0.01621	0.01382	0.01800	0.01727	0.01096	0.21620	0.51044	0.05166	0.02380	0.02213	0.01758	0.00863	0.00667	0.00216	0.00577	0.00701	0.00671	0.01065
128	0.01010	0.00731	0.00993	0.01103	0.01256	0.00714	0.00936	0.01297	0.01555	0.02042	0.13752	0.09565	0.09518	0.01747	0.00877	0.00282	0.00534	0.50863	0.00624	0.00602
129	0.23294	0.52123	0.07133	0.01103	0.01649	0.02233	0.01096	0.01969	0.01282	0.01962	0.00932	0.01080	0.00809	0.00580	0.00431	0.00162	0.00668	0.00362	0.00315	0.00817
130	0.22805	0.00893	0.01029	0.01112	0.01330	0.00947	0.00956	0.01508	0.01403	0.02229	0.02794	0.07326	0.02970	0.01498	0.00772	0.00275	0.00575	0.48392	0.00553	0.00633
131	0.00918	0.00792	0.01048	0.20881	0.01890	0.00803	0.00882	0.01162	0.01447	0.01803	0.09563	0.13623	0.39949	0.01420	0.00753	0.00226	0.00485	0.01217	0.00533	0.00605
132	0.01162	0.01049	0.01729	0.01425	0.01729	0.01011	0.19518	0.03412	0.08372	0.02225	0.21068	0.20774	0.11168	0.01278	0.00778	0.00228	0.00577	0.01203	0.00572	0.00719
133	0.03963	0.01225	0.01966	0.01520	0.01965	0.02889	0.19639	0.02288	0.01715	0.30555	0.13230	0.05535	0.06491	0.00944	0.00724	0.00215	0.00666	0.02955	0.00623	0.00891
134	0.01431	0.01320	0.02215	0.05404	0.51328	0.01361	0.01691	0.01782	0.01374	0.01968	0.01378	0.01892	0.01201	0.01765	0.20550	0.00429	0.01050	0.00619	0.00332	0.00910

[dist]
# distance from previous block
# <min> <max>
21	33

[block]
# block no. 1 follows, 33 sequences, length 6
# corresponding to MSA columns:
# 1007-1012
name=unknown_B
#
# <colnr> <probs for GDERKNQSTAVLIFYWHMCP>
#	G	D	E	R	K	N	Q	S	T	A	V	L	I	F	Y	W	H	M	C	P
0	0.09384	0.01077	0.01151	0.01157	0.01391	0.05994	0.00960	0.09560	0.01691	0.02309	0.07495	0.09352	0.09212	0.01468	0.00784	0.00256	0.00595	0.34902	0.00582	0.00680
1	0.00905	0.00707	0.00901	0.00965	0.01047	0.00723	0.00706	0.01046	0.01288	0.01690	0.03824	0.40132	0.17769	0.08334	0.01186	0.00296	0.08004	0.09363	0.00560	0.00554
2	0.15295	0.01443	0.01491	0.07121	0.05498	0.08753	0.01070	0.18721	0.06266	0.05360	0.03903	0.15618	0.01845	0.01141	0.03371	0.00244	0.00693	0.00806	0.00526	0.00832
3	0.02015	0.01577	0.01751	0.10011	0.02165	0.04810	0.01168	0.32742	0.08177	0.06765	0.01551	0.01639	0.01145	0.00703	0.00614	0.00176	0.00677	0.00550	0.00543	0.21221
4	0.01454	0.01197	0.08427	0.01122	0.01451	0.01006	0.00956	0.09100	0.09977	0.11998	0.21140	0.19086	0.07825	0.01265	0.00735	0.00222	0.00496	0.01092	0.00647	0.00803
5	0.13466	0.01399	0.01337	0.01162	0.01506	0.10539	0.00911	0.08727	0.16145	0.12638	0.22153	0.02688	0.02744	0.00934	0.00650	0.00204	0.00568	0.00749	0.00624	0.00856

[dist]
# distance from previous block
# <min> <max>
2	13

[block]
# block no. 2 follows, 33 sequences, length 65
# corresponding to MSA columns:
# 1026-1090
name=unknown_C
#
# <colnr> <probs for GDERKNQSTAVLIFYWHMCP>
#	G	D	E	R	K	N	Q	S	T	A	V	L	I	F	Y	W	H	M	C	P
0	0.17282	0.01285	0.01342	0.07081	0.03099	0.06580	0.00980	0.11053	0.07849	0.03613	0.04265	0.22385	0.02129	0.01119	0.00723	0.00221	0.04083	0.00914	0.00516	0.03481
1	0.15752	0.04537	0.01814	0.01425	0.01875	0.16641	0.02944	0.31456	0.04239	0.04742	0.01395	0.01573	0.01075	0.00748	0.00629	0.00193	0.02343	0.02156	0.00514	0.03952
2	0.20706	0.01389	0.02029	0.23479	0.02798	0.01543	0.14789	0.09754	0.04809	0.06026	0.01394	0.03816	0.01082	0.00716	0.00671	0.00216	0.02914	0.00618	0.00423	0.00830
3	0.01465	0.07104	0.46124	0.02086	0.02928	0.01616	0.22994	0.02119	0.01451	0.04149	0.01253	0.01513	0.00908	0.00606	0.00661	0.00209	0.00987	0.00572	0.00311	0.00944
4	0.01884	0.11679	0.01752	0.01387	0.01681	0.38726	0.01061	0.05318	0.04192	0.01784	0.01814	0.22081	0.01874	0.01060	0.00646	0.00196	0.00857	0.00835	0.00434	0.00737
5	0.00849	0.00661	0.00710	0.00708	0.00861	0.00589	0.00496	0.00986	0.01385	0.01726	0.11643	0.05661	0.45243	0.22472	0.01493	0.00338	0.00421	0.02674	0.00563	0.00520
6	0.11880	0.01327	0.01491	0.04409	0.13276	0.08076	0.01086	0.09556	0.07075	0.05866	0.02051	0.22356	0.02013	0.01164	0.00778	0.04762	0.00628	0.00914	0.00502	0.00791
7	0.01489	0.02227	0.23158	0.02526	0.03277	0.01627	0.51546	0.02102	0.01508	0.02102	0.01290	0.01669	0.00953	0.00574	0.00735	0.00218	0.01072	0.00696	0.00318	0.00911
8	0.01398	0.00725	0.00976	0.00987	0.01156	0.00655	0.00710	0.01552	0.01433	0.21498	0.03343	0.55880	0.03599	0.01717	0.00791	0.00250	0.00431	0.01536	0.00668	0.00697
9	0.01495	0.01523	0.02488	0.21629	0.20660	0.04425	0.13610	0.01850	0.01339	0.01844	0.01125	0.01618	0.00935	0.00760	0.01091	0.00231	0.21623	0.00610	0.00308	0.00835
10	0.01433	0.22230	0.02401	0.01486	0.01879	0.01524	0.18235	0.03180	0.03692	0.04540	0.02208	0.17795	0.05577	0.04536	0.00837	0.00233	0.02294	0.04714	0.00444	0.00762
11	0.01786	0.04940	0.51472	0.01659	0.02491	0.01405	0.01988	0.02393	0.01525	0.21774	0.01566	0.01616	0.01055	0.00676	0.00630	0.00205	0.00851	0.00531	0.00427	0.01010
12	0.01065	0.00851	0.01153	0.21428	0.01985	0.00879	0.00940	0.01411	0.04003	0.04739	0.24349	0.04357	0.27873	0.01233	0.00736	0.00216	0.00492	0.01058	0.00566	0.00662
13	0.04440	0.04048	0.05263	0.01429	0.03063	0.01714	0.01193	0.41981	0.07504	0.07589	0.01810	0.03025	0.02687	0.01316	0.09590	0.00305	0.00819	0.00637	0.00586	0.01000
14	0.36125	0.01085	0.01158	0.01052	0.01418	0.01128	0.00884	0.02151	0.01454	0.23340	0.02123	0.03175	0.01835	0.01006	0.00621	0.00231	0.00551	0.19277	0.00582	0.00803
15	0.00924	0.00738	0.01099	0.21519	0.01946	0.00792	0.00948	0.01129	0.01276	0.01681	0.02947	0.55745	0.03391	0.01673	0.00790	0.00254	0.00519	0.01515	0.00523	0.00589
16	0.01320	0.03405	0.73453	0.01876	0.02849	0.01529	0.02432	0.02085	0.01390	0.02085	0.01181	0.01390	0.00834	0.00625	0.00625	0.00208	0.00973	0.00486	0.00278	0.00973
17	0.01406	0.02895	0.53844	0.02476	0.22216	0.01539	0.02318	0.02067	0.01420	0.02103	0.01197	0.01456	0.00892	0.00615	0.00633	0.00205	0.00920	0.00514	0.00291	0.00992
18	0.00795	0.00599	0.00737	0.00847	0.00937	0.00541	0.00580	0.00924	0.01327	0.01708	0.04471	0.57014	0.23230	0.01953	0.00823	0.00255	0.00369	0.01738	0.00611	0.00541
19	0.01936	0.02053	0.21622	0.01539	0.02123	0.01618	0.03048	0.36196	0.02260	0.06673	0.01790	0.09476	0.01482	0.00900	0.00674	0.00211	0.00747	0.02558	0.02105	0.00989
20	0.01216	0.01004	0.01665	0.54663	0.03516	0.01216	0.01480	0.01454	0.01189	0.01533	0.01163	0.01823	0.00951	0.01109	0.01189	0.22556	0.00793	0.00581	0.00291	0.00608
21	0.01877	0.01766	0.03024	0.02224	0.02787	0.01819	0.39608	0.25851	0.04057	0.02798	0.01424	0.01704	0.01060	0.00688	0.00829	0.00218	0.06154	0.00698	0.00452	0.00961
22	0.01278	0.01296	0.01087	0.01136	0.01269	0.20962	0.00809	0.01428	0.01478	0.01737	0.07698	0.48398	0.03494	0.01621	0.00770	0.00237	0.00607	0.03543	0.00544	0.00606
23	0.01146	0.00853	0.00931	0.00890	0.00993	0.00915	0.00577	0.01661	0.20519	0.01686	0.02242	0.03795	0.02287	0.55817	0.02608	0.00523	0.00606	0.00898	0.00474	0.00577
24	0.00852	0.00596	0.00759	0.00870	0.00900	0.00570	0.00565	0.00940	0.01183	0.01577	0.03194	0.54563	0.03795	0.22779	0.01538	0.00371	0.00459	0.03437	0.00552	0.00499
25	0.01385	0.02954	0.54180	0.02125	0.03013	0.01567	0.21253	0.02091	0.01435	0.02091	0.01223	0.01497	0.00880	0.00606	0.00667	0.00212	0.01011	0.00567	0.00293	0.00949
26	0.24148	0.01063	0.01195	0.01019	0.01399	0.01053	0.00813	0.02361	0.05620	0.33084	0.06700	0.11227	0.05670	0.00989	0.00626	0.00214	0.00496	0.00797	0.00653	0.00873
27	0.01660	0.01703	0.02151	0.02340	0.21452	0.11215	0.01555	0.03594	0.04871	0.01865	0.01097	0.01515	0.00976	0.00912	0.01428	0.00242	0.39683	0.00568	0.00333	0.00841
28	0.01553	0.33260	0.09382	0.01235	0.01685	0.01821	0.01173	0.11861	0.01510	0.01980	0.01323	0.01677	0.01151	0.02061	0.25087	0.00462	0.01087	0.00519	0.00361	0.00812
29	0.01183	0.00954	0.00958	0.00971	0.01120	0.07981	0.00712	0.01384	0.03801	0.05006	0.03436	0.16035	0.16704	0.22425	0.01498	0.00354	0.00579	0.13782	0.00536	0.00582
30	0.01753	0.01947	0.02430	0.15606	0.20675	0.21750	0.12511	0.02085	0.01512	0.01836	0.01131	0.01528	0.00929	0.00694	0.00855	0.00209	0.10816	0.00570	0.00320	0.00843
31	0.02040	0.04887	0.01542	0.01342	0.01640	0.46377	0.01020	0.03921	0.03304	0.01933	0.01500	0.01683	0.02664	0.00728	0.00558	0.00167	0.00882	0.00506	0.22571	0.00735
32	0.01317	0.00769	0.01059	0.01123	0.01305	0.00732	0.00920	0.01559	0.01509	0.14220	0.03371	0.25646	0.03572	0.01712	0.00847	0.00276	0.00536	0.38205	0.00644	0.00675
33	0.23534	0.01472	0.07126	0.17877	0.02728	0.01427	0.22548	0.01824	0.01321	0.02181	0.01375	0.07340	0.01187	0.02561	0.02603	0.00250	0.00833	0.00684	0.00364	0.00765
34	0.01288	0.05368	0.48257	0.01597	0.02301	0.01354	0.01886	0.01868	0.01313	0.04378	0.01382	0.01738	0.01087	0.01824	0.21017	0.00441	0.01167	0.00548	0.00317	0.00867
35	0.01192	0.01051	0.01677	0.49462	0.08421	0.01242	0.01446	0.01506	0.01230	0.01604	0.01426	0.02453	0.01309	0.21765	0.01404	0.00334	0.00804	0.00688	0.00324	0.00662
36	0.01125	0.01043	0.05115	0.01274	0.01531	0.00899	0.14880	0.03101	0.01344	0.03749	0.02988	0.22711	0.13190	0.22277	0.01493	0.00347	0.00638	0.01184	0.00486	0.00626
37	0.01690	0.02267	0.29423	0.12833	0.10263	0.01647	0.03344	0.22730	0.01929	0.02679	0.04001	0.01669	0.01156	0.00702	0.00652	0.00206	0.00841	0.00577	0.00419	0.00974
38	0.01049	0.00572	0.00832	0.00874	0.00885	0.00561	0.00583	0.00874	0.00969	0.01292	0.01832	0.22622	0.02033	0.02225	0.02093	0.58523	0.00519	0.00932	0.00376	0.00355
39	0.02238	0.01258	0.01554	0.01260	0.01667	0.01303	0.01027	0.26204	0.02079	0.29197	0.02011	0.02106	0.01456	0.01948	0.21049	0.00438	0.00951	0.00650	0.00632	0.00973
40	0.04508	0.01220	0.01819	0.06368	0.15459	0.01229	0.09530	0.07122	0.05272	0.15901	0.01844	0.02020	0.01362	0.00712	0.00609	0.00192	0.00627	0.00632	0.22679	0.00895
41	0.01423	0.01219	0.01275	0.01158	0.01493	0.01349	0.00898	0.04660	0.50248	0.02523	0.03754	0.03507	0.21511	0.01105	0.00700	0.00222	0.00475	0.00919	0.00653	0.00909
42	0.01061	0.00577	0.00829	0.00860	0.00868	0.00569	0.00568	0.00876	0.00947	0.01262	0.01714	0.17355	0.01884	0.07331	0.02272	0.58922	0.00538	0.00863	0.00360	0.00344
43	0.01580	0.01647	0.03193	0.05833	0.35337	0.01611	0.34595	0.02092	0.03472	0.02131	0.01321	0.01727	0.01043	0.00583	0.00712	0.00210	0.00935	0.00682	0.00338	0.00958
44	0.59147	0.01105	0.00884	0.00811	0.01167	0.01222	0.00654	0.01661	0.01226	0.02628	0.02510	0.02528	0.20598	0.00904	0.00510	0.00209	0.00461	0.00643	0.00464	0.00669
45	0.01363	0.01225	0.01962	0.09626	0.42710	0.01246	0.01475	0.01639	0.01332	0.01845	0.01743	0.02625	0.05074	0.21781	0.01407	0.00322	0.00728	0.00730	0.00358	0.00810
46	0.00895	0.00695	0.00950	0.00950	0.01096	0.00749	0.00733	0.01112	0.01181	0.01598	0.03122	0.03625	0.21272	0.04031	0.53899	0.00826	0.01367	0.00895	0.00424	0.00579
47	0.01385	0.00972	0.01066	0.00939	0.01085	0.01027	0.00635	0.20241	0.01550	0.02072	0.01937	0.03552	0.02040	0.55789	0.02605	0.00516	0.00662	0.00856	0.00471	0.00599
48	0.02232	0.02660	0.01761	0.01597	0.01946	0.54112	0.01208	0.02870	0.21176	0.01928	0.01478	0.01539	0.01170	0.00738	0.00615	0.00184	0.01003	0.00513	0.00431	0.00840
49	0.00912	0.00651	0.00742	0.00734	0.00847	0.00605	0.00497	0.01062	0.01383	0.01860	0.21858	0.07641	0.22845	0.28759	0.01692	0.00366	0.00438	0.01152	0.05436	0.00519
50	0.01260	0.01289	0.01064	0.01119	0.01250	0.20950	0.00788	0.01393	0.01442	0.01667	0.03076	0.51643	0.07217	0.01657	0.00768	0.00238	0.00602	0.01443	0.00536	0.00599
51	0.59147	0.01105	0.00884	0.00811	0.01167	0.01222	0.00654	0.01661	0.01226	0.02628	0.02510	0.02528	0.20598	0.00904	0.00510	0.00209	0.00461	0.00643	0.00464	0.00669
52	0.01040	0.00845	0.01197	0.01132	0.01235	0.01002	0.00894	0.01276	0.01288	0.01863	0.21242	0.04917	0.02873	0.03018	0.35472	0.00626	0.16383	0.02618	0.00455	0.00623
53	0.00944	0.00640	0.00714	0.00714	0.00731	0.00632	0.00407	0.00956	0.00999	0.01315	0.02429	0.04465	0.07810	0.71053	0.03152	0.00606	0.00615	0.00991	0.00415	0.00411
54	0.01180	0.21865	0.01475	0.00831	0.00987	0.01183	0.00600	0.01238	0.01063	0.01352	0.01753	0.03407	0.01964	0.55726	0.02539	0.00500	0.00656	0.00790	0.00366	0.00522
55	0.02154	0.01657	0.01975	0.21951	0.02732	0.01881	0.01411	0.51480	0.02602	0.03466	0.01467	0.01629	0.01053	0.00754	0.00658	0.00204	0.00767	0.00591	0.00557	0.01012
56	0.04532	0.00672	0.00821	0.00842	0.00972	0.00634	0.00608	0.01130	0.01534	0.02153	0.34095	0.25242	0.12704	0.07341	0.00980	0.00262	0.00379	0.03887	0.00636	0.00576
57	0.23262	0.00863	0.01033	0.01005	0.01203	0.01004	0.00792	0.01386	0.01075	0.01923	0.01529	0.02166	0.01387	0.03739	0.53796	0.00821	0.01416	0.00609	0.00368	0.00622
58	0.01339	0.00877	0.01184	0.01563	0.20711	0.00877	0.00892	0.01669	0.01413	0.02370	0.01896	0.02226	0.01509	0.00717	0.00513	0.00165	0.00438	0.00606	0.58302	0.00732
59	0.01240	0.01043	0.01472	0.01858	0.21028	0.01055	0.01124	0.03190	0.11729	0.02230	0.15188	0.17732	0.08024	0.01274	0.00752	0.00230	0.00530	0.08951	0.00561	0.00787
60	0.01284	0.21837	0.01605	0.00962	0.01135	0.01172	0.00763	0.01213	0.01020	0.01313	0.01172	0.01826	0.01135	0.02201	0.12570	0.46697	0.00784	0.00531	0.00295	0.00485
61	0.01556	0.01455	0.02310	0.03191	0.53033	0.01374	0.01677	0.01920	0.01462	0.02149	0.01219	0.01556	0.01024	0.00559	0.00606	0.00168	0.00700	0.00532	0.00344	0.23163
62	0.00821	0.00669	0.00726	0.00712	0.00915	0.00574	0.00534	0.01027	0.01601	0.02017	0.24882	0.05943	0.54128	0.01578	0.00778	0.00218	0.00327	0.01334	0.00643	0.00574
63	0.01132	0.00849	0.00939	0.00909	0.01018	0.00906	0.00599	0.01664	0.20563	0.01748	0.03846	0.09754	0.02529	0.48066	0.02347	0.00484	0.00578	0.00979	0.00498	0.00593
64	0.00963	0.00824	0.01107	0.21446	0.01993	0.00847	0.00979	0.01232	0.01452	0.01790	0.04514	0.05283	0.39019	0.01418	0.00771	0.00238	0.00538	0.14448	0.00522	0.00614

[dist]
# distance from previous block
# <min> <max>
0	4

[block]
# block no. 3 follows, 33 sequences, length 8
# corresponding to MSA columns:
# 1095-1102
name=unknown_D
#
# <colnr> <probs for GDERKNQSTAVLIFYWHMCP>
#	G	D	E	R	K	N	Q	S	T	A	V	L	I	F	Y	W	H	M	C	P
0	0.00845	0.00670	0.00760	0.00737	0.00930	0.00584	0.00553	0.01075	0.01659	0.02154	0.35343	0.05717	0.43582	0.01527	0.00777	0.00216	0.00323	0.01303	0.00661	0.00584
1	0.00888	0.00671	0.00819	0.00782	0.00957	0.00602	0.00587	0.01157	0.01760	0.02394	0.53635	0.05323	0.25140	0.01438	0.00777	0.00211	0.00317	0.01247	0.00692	0.00602
2	0.01145	0.00950	0.01222	0.01110	0.01110	0.01174	0.00803	0.01201	0.00977	0.01396	0.01604	0.03194	0.01799	0.47458	0.02888	0.00502	0.29776	0.00809	0.00356	0.00524
3	0.01521	0.47475	0.02443	0.01022	0.01367	0.01815	0.00911	0.01539	0.01151	0.01391	0.01004	0.01423	0.00961	0.01233	0.01258	0.31486	0.00653	0.00437	0.00283	0.00628
4	0.01072	0.00938	0.01504	0.46399	0.03144	0.01102	0.01356	0.01385	0.01295	0.01681	0.02125	0.30760	0.02228	0.01204	0.00729	0.00238	0.00685	0.01085	0.00416	0.00655
5	0.32229	0.00906	0.00914	0.00843	0.01096	0.00954	0.00657	0.01511	0.01575	0.02762	0.44642	0.03423	0.04076	0.01060	0.00633	0.00206	0.00388	0.00867	0.00601	0.00657
6	0.50166	0.01001	0.00888	0.00886	0.01150	0.01111	0.00673	0.01540	0.01175	0.02459	0.01970	0.30341	0.02127	0.01175	0.00576	0.00228	0.00460	0.00945	0.00487	0.00644
7	0.01903	0.02125	0.02271	0.12150	0.36651	0.29771	0.01705	0.02214	0.01618	0.01882	0.01144	0.01474	0.00946	0.00631	0.00630	0.00188	0.00952	0.00523	0.00327	0.00895

[dist]
# distance from previous block
# <min> <max>
0	1

[block]
# block no. 4 follows, 33 sequences, length 17
# corresponding to MSA columns:
# 1104-1120
name=unknown_E
#
# <colnr> <probs for GDERKNQSTAVLIFYWHMCP>
#	G	D	E	R	K	N	Q	S	T	A	V	L	I	F	Y	W	H	M	C	P
0	0.01468	0.54505	0.02623	0.00990	0.01452	0.01996	0.00940	0.01666	0.01386	0.01617	0.02625	0.02625	0.22130	0.00891	0.00528	0.00165	0.00594	0.00660	0.00380	0.00759
1	0.01518	0.23755	0.01971	0.01021	0.01580	0.01384	0.00883	0.01786	0.01393	0.04329	0.03906	0.01440	0.01161	0.00554	0.00485	0.00118	0.00547	0.00419	0.00385	0.51365
2	0.00932	0.00673	0.00880	0.00828	0.00984	0.00621	0.00621	0.01242	0.01863	0.02640	0.72410	0.04918	0.06212	0.01346	0.00776	0.00207	0.00311	0.01191	0.00725	0.00621
3	0.02028	0.01327	0.01500	0.01290	0.01703	0.01438	0.01020	0.03412	0.50866	0.23687	0.02655	0.02392	0.01897	0.00870	0.00668	0.00217	0.00533	0.00720	0.00713	0.01065
4	0.01192	0.01047	0.01662	0.46906	0.09360	0.01227	0.01420	0.01496	0.01226	0.01602	0.01445	0.02503	0.01342	0.23292	0.01458	0.00342	0.00798	0.00696	0.00327	0.00660
5	0.53927	0.01058	0.00961	0.00878	0.01169	0.01184	0.00683	0.01675	0.01078	0.05734	0.01063	0.01402	0.00884	0.01119	0.01063	0.24162	0.00530	0.00435	0.00391	0.00605
6	0.01339	0.01011	0.01131	0.01043	0.01306	0.01024	0.00820	0.21681	0.01918	0.02479	0.04025	0.18110	0.27123	0.03420	0.00838	0.00245	0.00505	0.10640	0.00619	0.00722
7	0.01390	0.02921	0.52785	0.02143	0.03025	0.01569	0.22615	0.02092	0.01439	0.02092	0.01226	0.01505	0.00883	0.00605	0.00670	0.00212	0.01014	0.00573	0.00294	0.00948
8	0.00976	0.00893	0.01072	0.00993	0.01141	0.00989	0.00784	0.01134	0.01344	0.01717	0.04818	0.07797	0.48376	0.01531	0.01191	0.00244	0.22714	0.01168	0.00515	0.00604
9	0.02147	0.00942	0.01269	0.01034	0.01402	0.00829	0.00829	0.02424	0.01876	0.45053	0.30454	0.03309	0.03458	0.01027	0.00708	0.00205	0.00461	0.00873	0.00779	0.00921
10	0.01386	0.01020	0.01189	0.01019	0.01290	0.01038	0.00799	0.21813	0.02201	0.03020	0.46125	0.04039	0.09984	0.01206	0.00742	0.00205	0.00435	0.01029	0.00696	0.00764
11	0.01317	0.01242	0.01587	0.01403	0.01417	0.04381	0.01099	0.01419	0.01034	0.01497	0.01313	0.04531	0.01423	0.23654	0.02413	0.00387	0.48207	0.00722	0.00333	0.00621
12	0.01035	0.00600	0.00801	0.00801	0.00867	0.00567	0.00550	0.00884	0.01049	0.01332	0.02785	0.03289	0.22340	0.02103	0.02040	0.56894	0.00501	0.00815	0.00383	0.00366
13	0.00906	0.00627	0.00773	0.00870	0.00979	0.00587	0.00638	0.01094	0.01378	0.01889	0.06028	0.40141	0.15897	0.01738	0.00781	0.00246	0.00394	0.11784	0.12686	0.00564
14	0.57574	0.01095	0.00942	0.00855	0.01187	0.01223	0.00686	0.01729	0.01341	0.02860	0.22157	0.02213	0.02347	0.00829	0.00517	0.00205	0.00450	0.00604	0.00502	0.00686
15	0.24863	0.00821	0.00813	0.00813	0.00958	0.00869	0.00561	0.01254	0.01104	0.01891	0.02272	0.15106	0.06211	0.33321	0.01817	0.02326	0.00539	0.03481	0.00453	0.00528
16	0.01828	0.14792	0.07197	0.01362	0.01761	0.26852	0.06049	0.04767	0.01623	0.02021	0.01393	0.01614	0.01117	0.00677	0.00543	0.00168	0.00805	0.00505	0.24157	0.00771

[dist]
# distance from previous block
# <min> <max>
0	1

[block]
# block no. 5 follows, 33 sequences, length 14
# corresponding to MSA columns:
# 1122-1135
name=unknown_F
#
# <colnr> <probs for GDERKNQSTAVLIFYWHMCP>
#	G	D	E	R	K	N	Q	S	T	A	V	L	I	F	Y	W	H	M	C	P
0	0.00881	0.00674	0.00788	0.00783	0.00950	0.00608	0.00586	0.01096	0.01579	0.02064	0.30477	0.05687	0.33798	0.09672	0.01067	0.00269	0.00383	0.07438	0.00630	0.00568
1	0.01424	0.50322	0.02506	0.01053	0.01432	0.01878	0.00945	0.01601	0.01311	0.01595	0.01868	0.27535	0.02078	0.01090	0.00569	0.00185	0.00591	0.00886	0.00397	0.00736
2	0.01224	0.00936	0.01091	0.01019	0.01247	0.00979	0.00768	0.02045	0.26254	0.04633	0.35189	0.10924	0.06273	0.03426	0.00816	0.00231	0.00409	0.01083	0.00684	0.00767
3	0.05803	0.01653	0.01704	0.01372	0.01844	0.08521	0.01110	0.29416	0.14451	0.24225	0.01994	0.01871	0.01384	0.00797	0.00645	0.00201	0.00675	0.00614	0.00666	0.01055
