[name]
unknown

[dist]
# distance from previous block
# <min> <max>
0	480

[block]
# block no. 0 follows, 30 sequences, length 20
# corresponding to MSA columns:
# 493-512
name=unknown_A
#
# <colnr> <probs for GDERKNQSTAVLIFYWHMCP>
#	G	D	E	R	K	N	Q	S	T	A	V	L	I	F	Y	W	H	M	C	P
0	0.01623	0.01522	0.02568	0.08857	0.57742	0.01544	0.02001	0.02030	0.01577	0.02221	0.01604	0.02500	0.01455	0.00790	0.00725	0.00223	0.00813	0.08802	0.00380	0.01024
1	0.01523	0.01380	0.02270	0.16685	0.42280	0.01440	0.01777	0.04128	0.01541	0.02134	0.01698	0.13087	0.01622	0.00965	0.00813	0.03731	0.00771	0.00831	0.00396	0.00927
2	0.01000	0.01247	0.15444	0.01144	0.01399	0.00808	0.01020	0.01275	0.01405	0.01945	0.11433	0.42781	0.03844	0.10540	0.01154	0.00310	0.00557	0.01476	0.00563	0.00657
3	0.01260	0.01162	0.01933	0.64745	0.04335	0.01428	0.01778	0.01682	0.01388	0.01783	0.01564	0.10955	0.01388	0.00883	0.00722	0.00239	0.00865	0.00790	0.00352	0.00749
4	0.10767	0.10671	0.02180	0.23863	0.16643	0.03774	0.01537	0.02254	0.05873	0.10373	0.01575	0.02014	0.01247	0.00755	0.00646	0.00216	0.00776	0.03481	0.00437	0.00920
5	0.04094	0.05086	0.13471	0.01952	0.08259	0.01299	0.18262	0.01810	0.01496	0.05413	0.02303	0.27135	0.02349	0.01204	0.00776	0.00244	0.00773	0.02760	0.00477	0.00837
6	0.01717	0.01686	0.02992	0.04116	0.62734	0.01671	0.10402	0.02153	0.01596	0.02274	0.01325	0.01746	0.01100	0.00618	0.00707	0.00211	0.00872	0.00647	0.00346	0.01085
7	0.00994	0.00704	0.00871	0.00853	0.00956	0.00679	0.00591	0.01181	0.01514	0.02083	0.33411	0.05026	0.08726	0.30361	0.06029	0.00454	0.00567	0.03843	0.00599	0.00560
8	0.01020	0.00718	0.00849	0.00860	0.01050	0.00633	0.00636	0.01224	0.01632	0.06461	0.18653	0.22893	0.35092	0.01750	0.00838	0.00246	0.00386	0.03738	0.00685	0.00637
9	0.01706	0.01782	0.07200	0.04138	0.66814	0.01656	0.02169	0.02146	0.01582	0.02275	0.01309	0.01711	0.01091	0.00624	0.00689	0.00208	0.00842	0.00615	0.00342	0.01101
10	0.00947	0.00718	0.00881	0.00893	0.01071	0.00652	0.00689	0.01211	0.01749	0.02322	0.35101	0.11038	0.26687	0.01668	0.00850	0.00245	0.00391	0.11556	0.00701	0.00627
11	0.01733	0.38970	0.16611	0.02302	0.23440	0.02200	0.01755	0.02129	0.01481	0.01949	0.01131	0.01376	0.00958	0.00617	0.00565	0.00181	0.00827	0.00478	0.00312	0.00987
12	0.00856	0.00624	0.00807	0.00938	0.01007	0.00575	0.00636	0.00997	0.01403	0.01857	0.08441	0.63525	0.11575	0.02095	0.00880	0.00274	0.00395	0.01885	0.00655	0.00575
13	0.01391	0.01195	0.01445	0.09018	0.01927	0.00993	0.00927	0.03649	0.01513	0.02234	0.01978	0.02154	0.09705	0.00702	0.00580	0.00137	0.00549	0.00574	0.00440	0.58887
14	0.02149	0.43222	0.02966	0.01637	0.07603	0.22589	0.01313	0.04633	0.01681	0.04871	0.01132	0.01283	0.00960	0.00654	0.00539	0.00168	0.00894	0.00439	0.00358	0.00911
15	0.01016	0.00697	0.00863	0.00878	0.00940	0.00680	0.00571	0.01086	0.01181	0.01610	0.06810	0.18207	0.03041	0.40232	0.07888	0.05565	0.00679	0.03378	0.00485	0.04193
16	0.01907	0.14447	0.18322	0.08272	0.02726	0.25284	0.11378	0.02319	0.01628	0.01892	0.01154	0.01442	0.00922	0.00693	0.00730	0.00204	0.04938	0.00530	0.00327	0.00887
17	0.01626	0.09114	0.35490	0.05715	0.18670	0.05857	0.02080	0.02178	0.01536	0.04970	0.01437	0.05642	0.01182	0.00746	0.00664	0.00213	0.00915	0.00618	0.00355	0.00992
18	0.01713	0.21653	0.06626	0.04288	0.25519	0.06283	0.01534	0.02104	0.04546	0.04870	0.01718	0.12897	0.01630	0.00892	0.00652	0.00205	0.00761	0.00758	0.00414	0.00937
19	0.01668	0.07507	0.12217	0.04001	0.08141	0.01498	0.11077	0.02255	0.09092	0.08946	0.05080	0.04160	0.01613	0.03034	0.00839	0.00219	0.04298	0.00692	0.00466	0.13196

[dist]
# distance from previous block
# <min> <max>
2	6

[block]
# block no. 1 follows, 30 sequences, length 50
# corresponding to MSA columns:
# 519-568
name=unknown_B
#
# <colnr> <probs for GDERKNQSTAVLIFYWHMCP>
#	G	D	E	R	K	N	Q	S	T	A	V	L	I	F	Y	W	H	M	C	P
0	0.02309	0.01815	0.01865	0.01502	0.02005	0.06184	0.01210	0.37714	0.22183	0.06599	0.01987	0.01930	0.01453	0.00837	0.00683	0.00207	0.00708	0.00650	0.00665	0.07496
1	0.01742	0.01793	0.08648	0.10212	0.24706	0.05794	0.12327	0.02179	0.01602	0.07596	0.01488	0.01941	0.01189	0.00683	0.00690	0.00203	0.00866	0.02949	0.00401	0.12991
2	0.01544	0.13466	0.56083	0.01851	0.02762	0.01827	0.02279	0.06232	0.01564	0.02249	0.01229	0.01438	0.00905	0.00681	0.00684	0.00213	0.03153	0.00506	0.00320	0.01014
3	0.01488	0.02768	0.42575	0.09596	0.16570	0.01640	0.11181	0.02158	0.01511	0.02185	0.01284	0.01615	0.00955	0.00648	0.00693	0.00221	0.01001	0.00587	0.00314	0.01009
4	0.01049	0.00847	0.01109	0.03410	0.06834	0.00822	0.00904	0.01381	0.04601	0.02085	0.12259	0.13378	0.26840	0.01837	0.04715	0.00303	0.00566	0.15767	0.00614	0.00678
5	0.01405	0.01329	0.02250	0.59064	0.18863	0.01573	0.01981	0.01859	0.01436	0.01888	0.01256	0.01832	0.00967	0.00682	0.00696	0.00227	0.00909	0.00620	0.00318	0.00845
6	0.02314	0.01763	0.02235	0.01841	0.05770	0.01895	0.09884	0.36829	0.17674	0.09430	0.01974	0.01971	0.01422	0.00821	0.00717	0.00219	0.00760	0.00695	0.00653	0.01133
7	0.01488	0.01399	0.02327	0.30124	0.34766	0.01553	0.01905	0.01887	0.01472	0.02021	0.01500	0.05339	0.01339	0.00828	0.00819	0.00233	0.05505	0.04225	0.00359	0.00910
8	0.01038	0.00739	0.01013	0.01166	0.01283	0.00727	0.00948	0.01284	0.01496	0.01960	0.03664	0.27591	0.04119	0.05728	0.01073	0.00328	0.00574	0.44029	0.00633	0.00609
9	0.01727	0.01658	0.02832	0.04283	0.71123	0.01658	0.02142	0.02142	0.01589	0.02280	0.01313	0.01727	0.01105	0.00622	0.00691	0.00207	0.00829	0.00622	0.00345	0.01105
10	0.01455	0.03265	0.59300	0.02336	0.11846	0.01633	0.06077	0.02202	0.01498	0.02220	0.01269	0.01528	0.00922	0.00654	0.00675	0.00220	0.01013	0.00546	0.00304	0.01036
11	0.01530	0.01363	0.02271	0.38156	0.12435	0.01599	0.07210	0.01926	0.01437	0.06139	0.01459	0.02204	0.01206	0.00853	0.00986	0.00246	0.12937	0.04826	0.00372	0.00846
12	0.80405	0.01350	0.01026	0.00918	0.01350	0.01565	0.00756	0.02051	0.01188	0.03131	0.00972	0.01134	0.00756	0.00648	0.00432	0.00216	0.00540	0.00378	0.00432	0.00756
13	0.00898	0.00677	0.00808	0.00860	0.00989	0.00614	0.00610	0.01073	0.01517	0.01973	0.17064	0.28804	0.26672	0.09661	0.01142	0.00299	0.00414	0.04699	0.00646	0.00579
14	0.01136	0.00842	0.01353	0.01272	0.01454	0.00790	0.10071	0.01359	0.01469	0.06495	0.08227	0.49561	0.03932	0.01949	0.04033	0.00306	0.00591	0.03873	0.00618	0.00671
15	0.01459	0.01259	0.01508	0.01177	0.04728	0.00962	0.00885	0.01774	0.01453	0.02274	0.01244	0.01459	0.01037	0.00521	0.00524	0.00108	0.00531	0.00423	0.00410	0.76261
16	0.01621	0.05343	0.02249	0.01575	0.02178	0.01345	0.17170	0.08785	0.01693	0.02439	0.01468	0.01966	0.01238	0.00661	0.00634	0.00162	0.00721	0.04730	0.00437	0.43583
17	0.01501	0.01322	0.02258	0.56899	0.12852	0.01541	0.05280	0.01954	0.01471	0.06309	0.01354	0.01878	0.01009	0.00693	0.00703	0.00228	0.00909	0.00636	0.00352	0.00851
18	0.01592	0.01517	0.01649	0.01231	0.01807	0.09236	0.03979	0.01895	0.01506	0.02190	0.01220	0.01447	0.01016	0.00564	0.00595	0.00124	0.02781	0.00442	0.00401	0.64808
19	0.01290	0.00701	0.00998	0.00967	0.01011	0.00723	0.00669	0.05249	0.01074	0.01441	0.01285	0.02133	0.01245	0.02507	0.07182	0.69495	0.00699	0.00617	0.00333	0.00380
20	0.01528	0.01281	0.01613	0.01424	0.01743	0.04384	0.08000	0.14382	0.09875	0.02645	0.10977	0.13435	0.08167	0.01380	0.00819	0.00252	0.00649	0.15987	0.00634	0.00825
21	0.01424	0.07407	0.68277	0.01947	0.02956	0.01681	0.02506	0.02204	0.01470	0.02180	0.01237	0.01455	0.00885	0.00660	0.00652	0.00217	0.01016	0.00508	0.00295	0.01024
22	0.01402	0.01326	0.02245	0.59540	0.18409	0.01572	0.01980	0.01857	0.01435	0.01885	0.01255	0.01833	0.00966	0.00682	0.00696	0.00227	0.00909	0.00620	0.00317	0.00843
23	0.01472	0.01276	0.01537	0.01117	0.01725	0.01007	0.02924	0.01896	0.05804	0.02314	0.01347	0.01534	0.01104	0.00546	0.00539	0.00116	0.00539	0.00450	0.00430	0.72322
24	0.01122	0.00724	0.00843	0.00831	0.00953	0.00673	0.00557	0.01231	0.01350	0.07335	0.07869	0.12652	0.20245	0.36308	0.02105	0.00448	0.00537	0.03085	0.00567	0.00563
25	0.01151	0.00967	0.01263	0.01201	0.01290	0.03119	0.00923	0.01334	0.01165	0.01647	0.02078	0.06791	0.05438	0.13669	0.36035	0.00737	0.17139	0.00849	0.02575	0.00626
26	0.00861	0.00702	0.00748	0.00765	0.00964	0.00606	0.00566	0.01036	0.01555	0.01899	0.09590	0.11663	0.55261	0.06477	0.01009	0.00270	0.00390	0.04416	0.00640	0.00583
27	0.06115	0.01839	0.01985	0.01534	0.02080	0.02013	0.01265	0.57509	0.04950	0.10965	0.01784	0.01747	0.01248	0.00835	0.00687	0.00211	0.00734	0.00629	0.00703	0.01165
28	0.02044	0.01315	0.01359	0.01125	0.01485	0.03861	0.00900	0.28805	0.02257	0.09063	0.02032	0.02163	0.01510	0.00824	0.00595	0.00186	0.00559	0.00639	0.38363	0.00916
29	0.01736	0.01499	0.01578	0.01420	0.01815	0.01736	0.01105	0.03708	0.69862	0.02919	0.02840	0.02604	0.02130	0.00947	0.00710	0.00237	0.00552	0.00789	0.00710	0.01105
30	0.52545	0.01444	0.01441	0.01168	0.01660	0.01562	0.05168	0.11034	0.01567	0.06749	0.01216	0.01352	0.00913	0.00667	0.00516	0.00204	0.00611	0.00461	0.00483	0.09239
31	0.41152	0.01442	0.01376	0.01153	0.01612	0.01594	0.00940	0.16117	0.10013	0.12322	0.01852	0.01839	0.04315	0.00802	0.00573	0.00218	0.00587	0.00571	0.00587	0.00936
32	0.00878	0.00709	0.00781	0.00763	0.00975	0.00612	0.00572	0.01105	0.01716	0.02184	0.27905	0.06224	0.49818	0.01656	0.00824	0.00230	0.00346	0.01404	0.00687	0.00612
33	0.01013	0.00678	0.00770	0.00767	0.00776	0.00676	0.00435	0.01031	0.01065	0.01429	0.05800	0.04601	0.02750	0.71586	0.03408	0.00653	0.00658	0.01028	0.00441	0.00435
34	0.01428	0.08011	0.67707	0.01941	0.02945	0.01690	0.02494	0.02203	0.01470	0.02175	0.01235	0.01452	0.00885	0.00659	0.00650	0.00217	0.01014	0.00507	0.00295	0.01023
35	0.01945	0.01451	0.05137	0.01204	0.01820	0.01159	0.01025	0.11616	0.01816	0.16122	0.01598	0.01662	0.01183	0.00638	0.00586	0.00146	0.00594	0.00505	0.00536	0.49256
36	0.00997	0.00748	0.01121	0.01121	0.01246	0.00872	0.00872	0.01246	0.01121	0.01620	0.01869	0.02741	0.01745	0.05234	0.72710	0.01121	0.01869	0.00748	0.00374	0.00623
37	0.00941	0.00711	0.00868	0.00829	0.01014	0.00639	0.00622	0.01227	0.01865	0.02537	0.52524	0.05643	0.24978	0.01524	0.00824	0.00224	0.00336	0.01322	0.00734	0.00639
38	0.01661	0.01204	0.01444	0.01055	0.01639	0.00929	0.00846	0.01967	0.01554	0.12142	0.05199	0.01782	0.01431	0.00615	0.00560	0.00126	0.00518	0.00500	0.00496	0.64333
39	0.01447	0.01240	0.01447	0.01034	0.01654	0.00930	0.00827	0.01757	0.01447	0.02274	0.01240	0.01447	0.01034	0.00517	0.00517	0.00103	0.00517	0.00413	0.00413	0.79742
40	0.01400	0.03610	0.71860	0.01989	0.03020	0.01621	0.02578	0.02210	0.01473	0.02210	0.01252	0.01473	0.00884	0.00663	0.00663	0.00221	0.01031	0.00516	0.00295	0.01031
41	0.80405	0.01350	0.01026	0.00918	0.01350	0.01565	0.00756	0.02051	0.01188	0.03131	0.00972	0.01134	0.00756	0.00648	0.00432	0.00216	0.00540	0.00378	0.00432	0.00756
42	0.01866	0.75896	0.03657	0.01194	0.01791	0.02761	0.01194	0.02090	0.01418	0.01642	0.00970	0.01119	0.00896	0.00597	0.00448	0.00149	0.00746	0.00373	0.00299	0.00896
43	0.80405	0.01350	0.01026	0.00918	0.01350	0.01565	0.00756	0.02051	0.01188	0.03131	0.00972	0.01134	0.00756	0.00648	0.00432	0.00216	0.00540	0.00378	0.00432	0.00756
44	0.01713	0.01644	0.02807	0.06700	0.68817	0.01654	0.02135	0.02129	0.01582	0.02263	0.01310	0.01732	0.01099	0.00624	0.00691	0.00208	0.00833	0.00622	0.00344	0.01094
45	0.01285	0.00890	0.01202	0.03195	0.08327	0.00885	0.00868	0.01561	0.03906	0.07802	0.16160	0.04329	0.08363	0.23858	0.08751	0.00454	0.00709	0.06210	0.00557	0.00687
46	0.02653	0.01955	0.02094	0.01606	0.02164	0.02164	0.01326	0.68796	0.03281	0.04398	0.01675	0.01675	0.01187	0.00838	0.00698	0.00209	0.00768	0.00628	0.00698	0.01187
47	0.01982	0.01106	0.01345	0.01101	0.01508	0.01012	0.00869	0.08507	0.05559	0.27144	0.11192	0.06798	0.12432	0.04427	0.00846	0.00228	0.00525	0.00915	0.00705	0.11798
48	0.00877	0.00713	0.00779	0.00773	0.00988	0.00615	0.00587	0.01096	0.01682	0.02110	0.22006	0.06411	0.52673	0.01694	0.00830	0.00236	0.00360	0.04286	0.00676	0.00608
49	0.02214	0.01836	0.01944	0.01730	0.06540	0.06264	0.01304	0.34151	0.27868	0.03464	0.02028	0.01995	0.01508	0.00868	0.00745	0.00220	0.02882	0.00676	0.00647	0.01115

[dist]
# distance from previous block
# <min> <max>
0	1

[block]
# block no. 2 follows, 30 sequences, length 55
# corresponding to MSA columns:
# 570-624
name=unknown_C
#
# <colnr> <probs for GDERKNQSTAVLIFYWHMCP>
#	G	D	E	R	K	N	Q	S	T	A	V	L	I	F	Y	W	H	M	C	P
0	0.07720	0.02012	0.18207	0.01715	0.02326	0.01608	0.11662	0.13358	0.12567	0.09174	0.07128	0.02096	0.01673	0.00810	0.00733	0.00221	0.02489	0.00688	0.00538	0.03274
1	0.67708	0.01293	0.01110	0.07156	0.01623	0.01497	0.00850	0.01974	0.01264	0.02991	0.06200	0.01500	0.01205	0.00710	0.00484	0.00218	0.00558	0.00465	0.00447	0.00750
2	0.02834	0.01138	0.01526	0.01202	0.01692	0.00997	0.00980	0.03145	0.03866	0.61689	0.05707	0.05329	0.04658	0.00972	0.00718	0.00220	0.00566	0.00803	0.00839	0.01118
3	0.01723	0.01670	0.02902	0.04211	0.67474	0.01664	0.05735	0.02147	0.01592	0.02277	0.01318	0.01736	0.01103	0.00620	0.00698	0.00209	0.00848	0.00633	0.00346	0.01096
4	0.01629	0.02011	0.09171	0.02870	0.03600	0.01754	0.63664	0.02233	0.01634	0.02233	0.01400	0.01852	0.01046	0.00594	0.00812	0.00234	0.01166	0.00801	0.00349	0.00948
5	0.01892	0.01780	0.02617	0.03684	0.55824	0.07102	0.01941	0.06270	0.05509	0.04497	0.01444	0.01756	0.01170	0.00667	0.00688	0.00207	0.00836	0.00621	0.00403	0.01090
6	0.03947	0.00732	0.00902	0.00916	0.01053	0.00707	0.00661	0.01251	0.01484	0.04663	0.19942	0.20486	0.12904	0.15329	0.07645	0.00403	0.00584	0.05172	0.00612	0.00606
7	0.01522	0.03101	0.52182	0.02138	0.03056	0.01680	0.15633	0.05443	0.04357	0.02348	0.01368	0.01610	0.00984	0.00668	0.00699	0.00224	0.01028	0.00593	0.00342	0.01024
8	0.01020	0.00734	0.00970	0.00933	0.00985	0.00726	0.04257	0.01085	0.01110	0.01488	0.02428	0.16598	0.02784	0.55654	0.05817	0.00602	0.00707	0.01162	0.00456	0.00485
9	0.00880	0.00655	0.00824	0.00929	0.01034	0.00599	0.00661	0.01050	0.01476	0.01928	0.11048	0.47839	0.19338	0.02000	0.00875	0.00270	0.00405	0.06943	0.00659	0.00587
10	0.01505	0.03159	0.55533	0.02088	0.06154	0.01661	0.06292	0.04691	0.07945	0.02358	0.01428	0.01622	0.01032	0.00689	0.00679	0.00222	0.00976	0.00568	0.00354	0.01042
11	0.01723	0.01670	0.02902	0.04211	0.67474	0.01664	0.05735	0.02147	0.01592	0.02277	0.01318	0.01736	0.01103	0.00620	0.00698	0.00209	0.00848	0.00633	0.00346	0.01096
12	0.01727	0.01658	0.02832	0.04283	0.71123	0.01658	0.02142	0.02142	0.01589	0.02280	0.01313	0.01727	0.01105	0.00622	0.00691	0.00207	0.00829	0.00622	0.00345	0.01105
13	0.24748	0.01683	0.01677	0.01368	0.01855	0.01900	0.01115	0.35628	0.17034	0.03716	0.01725	0.01720	0.01267	0.00807	0.00624	0.00217	0.00656	0.00591	0.00624	0.01045
14	0.01701	0.01621	0.02710	0.08666	0.62668	0.01656	0.02067	0.02211	0.05626	0.02285	0.01398	0.01788	0.01155	0.00646	0.00692	0.00211	0.00819	0.00632	0.00365	0.01084
15	0.02615	0.01936	0.02073	0.01598	0.02150	0.02146	0.01317	0.66101	0.06038	0.04337	0.01724	0.01714	0.01226	0.00842	0.00699	0.00211	0.00759	0.00635	0.00699	0.01183
16	0.01061	0.00741	0.01035	0.01151	0.01268	0.00749	0.00932	0.01279	0.01430	0.01896	0.04841	0.17616	0.03611	0.05819	0.10295	0.06351	0.00750	0.38005	0.00577	0.00593
17	0.01101	0.00814	0.01133	0.05526	0.01568	0.00833	0.01072	0.01452	0.04122	0.02037	0.03549	0.21441	0.03888	0.01872	0.00923	0.00305	0.00606	0.46480	0.00626	0.00652
18	0.03131	0.01188	0.01619	0.01242	0.01781	0.01026	0.01026	0.03401	0.01997	0.71606	0.02753	0.02375	0.01727	0.00864	0.00702	0.00216	0.00594	0.00702	0.00864	0.01188
19	0.00909	0.00695	0.00834	0.00832	0.01003	0.00620	0.00611	0.01153	0.01743	0.02322	0.38127	0.16281	0.29017	0.01662	0.00834	0.00235	0.00349	0.01446	0.00707	0.00620
20	0.01358	0.01282	0.02166	0.66937	0.11352	0.01561	0.01958	0.01818	0.01414	0.01832	0.01247	0.01847	0.00948	0.00690	0.00697	0.00230	0.00920	0.00620	0.00314	0.00808
21	0.01727	0.01658	0.02832	0.04283	0.71123	0.01658	0.02142	0.02142	0.01589	0.02280	0.01313	0.01727	0.01105	0.00622	0.00691	0.00207	0.00829	0.00622	0.00345	0.01105
22	0.00849	0.00708	0.00743	0.00756	0.00977	0.00603	0.00573	0.01037	0.01597	0.01929	0.09379	0.09560	0.61818	0.01779	0.00835	0.00242	0.00370	0.04998	0.00653	0.00594
23	0.04722	0.01390	0.02305	0.46693	0.27654	0.01588	0.01960	0.01918	0.01454	0.02011	0.01254	0.01784	0.00984	0.00669	0.00684	0.00223	0.00879	0.00611	0.00327	0.00889
24	0.05291	0.02041	0.02019	0.01848	0.09029	0.14347	0.01359	0.38761	0.07446	0.05355	0.01705	0.01930	0.01312	0.00842	0.00687	0.00211	0.00826	0.03325	0.00596	0.01068
25	0.01006	0.00712	0.00939	0.00939	0.01001	0.00773	0.00645	0.01129	0.01068	0.01485	0.02036	0.03665	0.02146	0.40774	0.37718	0.00896	0.01266	0.00883	0.00399	0.00522
26	0.01605	0.38685	0.35856	0.01562	0.02343	0.02134	0.01828	0.02103	0.01441	0.01916	0.01217	0.04198	0.01037	0.00691	0.00567	0.00189	0.00868	0.00504	0.00310	0.00947
27	0.01506	0.20152	0.56252	0.01807	0.02739	0.01882	0.02261	0.02182	0.01461	0.02080	0.01188	0.01392	0.00887	0.00648	0.00614	0.00205	0.00966	0.00483	0.00296	0.01000
28	0.01885	0.49619	0.11279	0.01389	0.01977	0.11218	0.01374	0.04084	0.04321	0.01867	0.01242	0.01575	0.01101	0.00704	0.00538	0.00175	0.00832	0.03566	0.00350	0.00905
29	0.01005	0.00678	0.00791	0.00799	0.00811	0.00685	0.00468	0.01030	0.01040	0.01396	0.02263	0.08241	0.02590	0.66291	0.08549	0.00688	0.00750	0.01047	0.00431	0.00446
30	0.02025	0.18126	0.21863	0.01886	0.08380	0.12987	0.01716	0.18407	0.03853	0.02567	0.01317	0.01468	0.01015	0.00704	0.00625	0.00196	0.00912	0.00519	0.00419	0.01014
31	0.01666	0.01290	0.01464	0.04234	0.01743	0.01370	0.01007	0.13139	0.26655	0.05514	0.09771	0.06912	0.05334	0.05351	0.00884	0.00245	0.00570	0.02710	0.00647	0.09493
32	0.01919	0.19569	0.02454	0.01998	0.16782	0.05479	0.01378	0.16024	0.07101	0.02539	0.04114	0.01729	0.01342	0.00804	0.00780	0.02591	0.05098	0.00575	0.00455	0.07271
33	0.04007	0.18679	0.18463	0.01459	0.03840	0.05409	0.01394	0.04098	0.06641	0.05019	0.08389	0.02422	0.05751	0.06984	0.00952	0.00245	0.04242	0.00682	0.00448	0.00876
34	0.01015	0.00677	0.00761	0.00761	0.00761	0.00677	0.00423	0.01015	0.01015	0.01353	0.02199	0.04567	0.02537	0.75476	0.03552	0.00677	0.00677	0.01015	0.00423	0.00423
35	0.07641	0.01057	0.03925	0.04384	0.01515	0.00945	0.00879	0.02017	0.05670	0.17826	0.10576	0.13192	0.10599	0.01164	0.00696	0.00217	0.00496	0.00981	0.11215	0.05006
36	0.03996	0.08974	0.31411	0.01942	0.07741	0.04693	0.05856	0.07727	0.10968	0.05573	0.03498	0.01783	0.01301	0.00734	0.00663	0.00214	0.00870	0.00599	0.00436	0.01021
37	0.01517	0.02214	0.24185	0.02036	0.02614	0.04861	0.21121	0.02016	0.01508	0.04009	0.05343	0.06073	0.03254	0.01024	0.03054	0.00266	0.12854	0.00775	0.00388	0.00887
38	0.02898	0.01133	0.01541	0.01207	0.01702	0.00983	0.00986	0.03165	0.01965	0.64292	0.06838	0.05906	0.02149	0.00958	0.00718	0.00219	0.00569	0.00794	0.00848	0.01127
39	0.01608	0.01893	0.08749	0.07805	0.03060	0.08226	0.38690	0.02090	0.01634	0.04101	0.03819	0.08466	0.04822	0.00841	0.00785	0.00232	0.01007	0.00887	0.00411	0.00873
40	0.01825	0.44298	0.18063	0.01527	0.04168	0.12547	0.01518	0.02173	0.01524	0.01804	0.01311	0.01468	0.03812	0.00679	0.00544	0.00175	0.00869	0.00468	0.00323	0.00906
41	0.00841	0.00708	0.00730	0.00724	0.00953	0.00596	0.00543	0.01034	0.01630	0.01978	0.13564	0.06562	0.64286	0.01733	0.00825	0.00234	0.00351	0.01451	0.00660	0.00596
42	0.00997	0.00748	0.01121	0.01121	0.01246	0.00872	0.00872	0.01246	0.01121	0.01620	0.01869	0.02741	0.01745	0.05234	0.72710	0.01121	0.01869	0.00748	0.00374	0.00623
43	0.01076	0.00958	0.01351	0.07845	0.12860	0.00907	0.03688	0.01359	0.01640	0.02107	0.16042	0.05027	0.39737	0.01382	0.00791	0.00228	0.00511	0.01197	0.00577	0.00716
44	0.04166	0.06253	0.04496	0.03223	0.43413	0.11519	0.04814	0.02364	0.01664	0.09458	0.01405	0.01678	0.01112	0.00660	0.00667	0.00203	0.00872	0.00591	0.00400	0.01041
45	0.02841	0.01261	0.01627	0.01284	0.01790	0.01176	0.01057	0.10186	0.06852	0.54944	0.04559	0.02623	0.01927	0.00926	0.00716	0.00221	0.00604	0.03437	0.00824	0.01145
46	0.01502	0.01490	0.02089	0.01798	0.01804	0.02077	0.01496	0.01659	0.01071	0.01677	0.00961	0.01585	0.00955	0.01412	0.05640	0.00344	0.70758	0.00617	0.00309	0.00757
47	0.01612	0.03034	0.44960	0.02194	0.08284	0.09109	0.09162	0.02417	0.08371	0.02236	0.01414	0.01626	0.01046	0.00686	0.00683	0.00219	0.01006	0.00577	0.00353	0.01012
48	0.02411	0.01230	0.01656	0.01402	0.03641	0.01219	0.02677	0.08393	0.05629	0.40245	0.02480	0.08813	0.01900	0.04310	0.04830	0.00297	0.06308	0.00824	0.00708	0.01025
49	0.00943	0.00683	0.00910	0.01059	0.01156	0.00650	0.00803	0.01138	0.01450	0.01896	0.04054	0.46293	0.09748	0.02063	0.00911	0.00293	0.00483	0.24226	0.00646	0.00595
50	0.02406	0.01017	0.01347	0.01105	0.01513	0.00900	0.00899	0.02692	0.01897	0.46991	0.13210	0.03291	0.04694	0.01034	0.00715	0.00217	0.00518	0.04722	0.09837	0.00995
51	0.02237	0.03924	0.08052	0.04948	0.04943	0.21627	0.01330	0.11585	0.02014	0.17414	0.08071	0.07061	0.01899	0.00919	0.00694	0.00209	0.00838	0.00727	0.00562	0.00945
52	0.06820	0.01769	0.02623	0.05791	0.58910	0.07730	0.01979	0.02181	0.01591	0.02271	0.01269	0.01653	0.01060	0.00634	0.00669	0.00206	0.00850	0.00591	0.00351	0.01048
53	0.01985	0.44987	0.14322	0.01483	0.02088	0.21010	0.01460	0.02293	0.01574	0.01752	0.01045	0.01214	0.00895	0.00640	0.00531	0.00169	0.00928	0.00416	0.00314	0.00895
54	0.05413	0.01607	0.04184	0.10138	0.49217	0.01588	0.05002	0.03880	0.01564	0.02284	0.01296	0.01716	0.01069	0.00706	0.00762	0.03499	0.00822	0.00608	0.00356	0.04291

[dist]
# distance from previous block
# <min> <max>
0	1

[block]
# block no. 3 follows, 30 sequences, length 129
# corresponding to MSA columns:
# 626-688,696-761
name=unknown_D
#
# <colnr> <probs for GDERKNQSTAVLIFYWHMCP>
#	G	D	E	R	K	N	Q	S	T	A	V	L	I	F	Y	W	H	M	C	P
0	0.01563	0.27038	0.06864	0.08074	0.02146	0.01893	0.05952	0.01915	0.03395	0.04277	0.01436	0.04697	0.01285	0.01636	0.14094	0.00379	0.11532	0.00628	0.00365	0.00830
1	0.01909	0.01953	0.11489	0.03041	0.34743	0.05773	0.11764	0.04424	0.01713	0.11402	0.01700	0.01941	0.03487	0.00705	0.00709	0.00214	0.00883	0.00667	0.00430	0.01050
2	0.00845	0.00629	0.00788	0.00915	0.00997	0.00572	0.00622	0.00978	0.01391	0.01804	0.04539	0.60338	0.18850	0.02096	0.00877	0.00273	0.00394	0.01874	0.00648	0.00572
3	0.01251	0.01138	0.01786	0.47240	0.03566	0.01337	0.03531	0.01782	0.07799	0.01911	0.02290	0.14093	0.07351	0.01044	0.00744	0.00241	0.00771	0.00931	0.00431	0.00762
4	0.01422	0.09365	0.34831	0.02060	0.05499	0.01585	0.17573	0.01993	0.01490	0.02094	0.01703	0.13936	0.01564	0.00894	0.00720	0.00228	0.00925	0.00826	0.00370	0.00922
5	0.01002	0.00744	0.00992	0.00998	0.01109	0.00804	0.00727	0.01249	0.03844	0.01695	0.05355	0.10108	0.07838	0.19687	0.39747	0.00808	0.01243	0.00998	0.00460	0.00592
6	0.00983	0.00713	0.00927	0.00873	0.01040	0.00657	0.00655	0.01308	0.01965	0.02773	0.68999	0.05254	0.08355	0.01436	0.00823	0.00220	0.00330	0.01268	0.00765	0.00657
7	0.01800	0.01531	0.01614	0.01433	0.01839	0.01766	0.01120	0.08276	0.65189	0.03023	0.02758	0.02538	0.02064	0.00939	0.00709	0.00235	0.00567	0.00778	0.00709	0.01110
8	0.01400	0.03610	0.71860	0.01989	0.03020	0.01621	0.02578	0.02210	0.01473	0.02210	0.01252	0.01473	0.00884	0.00663	0.00663	0.00221	0.01031	0.00516	0.00295	0.01031
9	0.01377	0.01271	0.02051	0.51906	0.13981	0.01502	0.01785	0.01915	0.06599	0.01923	0.01521	0.05008	0.01268	0.04062	0.00831	0.00251	0.00854	0.00706	0.00364	0.00825
10	0.02640	0.01055	0.01401	0.01124	0.01563	0.00928	0.00909	0.02912	0.01879	0.54535	0.05527	0.06752	0.02103	0.00956	0.00686	0.00212	0.00532	0.00792	0.12442	0.01050
11	0.00997	0.00748	0.01121	0.01121	0.01246	0.00872	0.00872	0.01246	0.01121	0.01620	0.01869	0.02741	0.01745	0.05234	0.72710	0.01121	0.01869	0.00748	0.00374	0.00623
12	0.01529	0.01260	0.01471	0.01056	0.01672	0.00969	0.00847	0.03755	0.01516	0.04281	0.01295	0.01480	0.01058	0.00536	0.00527	0.00110	0.00526	0.00428	0.00434	0.75251
13	0.01430	0.05912	0.58154	0.02180	0.10777	0.01620	0.02390	0.02142	0.01478	0.02178	0.01365	0.04795	0.01078	0.00724	0.00669	0.00220	0.00969	0.00589	0.00317	0.01014
14	0.01017	0.00744	0.00960	0.01028	0.01183	0.00709	0.00827	0.01277	0.01623	0.02137	0.19677	0.10209	0.16064	0.08313	0.01133	0.00312	0.00511	0.31009	0.00653	0.00614
15	0.01089	0.00878	0.01227	0.17604	0.02033	0.00926	0.01087	0.01461	0.04356	0.02065	0.11946	0.14552	0.15117	0.01552	0.00842	0.00265	0.00585	0.21154	0.00587	0.00674
16	0.01605	0.01554	0.02026	0.01742	0.01812	0.04830	0.01439	0.06921	0.01283	0.01887	0.01077	0.01649	0.01019	0.01572	0.09140	0.00374	0.58321	0.00619	0.00345	0.00784
17	0.02544	0.03221	0.01987	0.01800	0.02138	0.68569	0.01359	0.02722	0.01925	0.01706	0.01069	0.01274	0.00900	0.00748	0.00726	0.00187	0.05503	0.00459	0.00356	0.00806
18	0.01180	0.00907	0.01047	0.01000	0.01229	0.00909	0.00768	0.05490	0.13088	0.02554	0.27662	0.11488	0.19206	0.01471	0.00800	0.00236	0.00426	0.05916	0.03886	0.00737
19	0.08095	0.01591	0.11313	0.11150	0.12695	0.04201	0.01484	0.03627	0.03398	0.07088	0.02035	0.08080	0.03772	0.01347	0.05750	0.02795	0.02972	0.07298	0.00458	0.00849
20	0.01874	0.43281	0.02796	0.01364	0.01816	0.19364	0.03266	0.02086	0.01539	0.01694	0.01421	0.10936	0.01421	0.01006	0.03225	0.00213	0.00881	0.00631	0.00364	0.00823
21	0.01727	0.01658	0.02832	0.04283	0.71123	0.01658	0.02142	0.02142	0.01589	0.02280	0.01313	0.01727	0.01105	0.00622	0.00691	0.00207	0.00829	0.00622	0.00345	0.01105
22	0.01683	0.01453	0.01527	0.01379	0.01764	0.01669	0.01071	0.03551	0.65889	0.02859	0.03086	0.02843	0.06129	0.00994	0.00717	0.00237	0.00541	0.00829	0.00706	0.01075
23	0.00854	0.00697	0.00758	0.00784	0.00982	0.00600	0.00583	0.01041	0.01585	0.01952	0.11603	0.16652	0.53150	0.01808	0.00840	0.00245	0.00371	0.04244	0.00657	0.00594
24	0.01414	0.03842	0.02079	0.26053	0.08938	0.01733	0.01597	0.01713	0.01336	0.01873	0.07493	0.02152	0.03875	0.01008	0.01369	0.00257	0.31424	0.00695	0.00363	0.00787
25	0.01212	0.00606	0.00909	0.00909	0.00909	0.00606	0.00606	0.00909	0.00909	0.01212	0.01212	0.02121	0.01212	0.02424	0.02727	0.79697	0.00606	0.00606	0.00303	0.00303
26	0.01682	0.01705	0.05656	0.12883	0.51660	0.01666	0.06512	0.04011	0.03257	0.02285	0.01354	0.01764	0.01098	0.00645	0.00700	0.00214	0.00865	0.00635	0.00358	0.01051
27	0.01002	0.00671	0.00765	0.00777	0.00780	0.00668	0.00440	0.01012	0.01039	0.01385	0.02323	0.09891	0.02694	0.69937	0.03351	0.00647	0.00656	0.01088	0.00440	0.00434
28	0.00857	0.00644	0.00795	0.00892	0.00997	0.00582	0.00618	0.01014	0.01468	0.01911	0.11407	0.49940	0.22343	0.01999	0.00866	0.00264	0.00384	0.01776	0.00660	0.00582
29	0.06179	0.07746	0.28869	0.02773	0.24885	0.01736	0.13658	0.02174	0.01520	0.02250	0.01263	0.01581	0.00979	0.00631	0.00671	0.00214	0.00942	0.00585	0.00329	0.01014
30	0.02549	0.02052	0.04384	0.01604	0.02142	0.07013	0.01341	0.59196	0.03033	0.04007	0.01601	0.01657	0.01157	0.00888	0.00774	0.03423	0.00804	0.00611	0.00645	0.01119
31	0.00844	0.00630	0.00786	0.00912	0.00996	0.00572	0.00621	0.00978	0.01394	0.01805	0.04578	0.59514	0.19649	0.02091	0.00876	0.00273	0.00393	0.01868	0.00648	0.00572
32	0.01384	0.03498	0.69121	0.01946	0.02944	0.01583	0.02504	0.02175	0.01493	0.02233	0.03937	0.01618	0.01104	0.00692	0.00669	0.00221	0.01004	0.00544	0.00313	0.01017
33	0.01433	0.01235	0.01502	0.03693	0.04515	0.00968	0.00912	0.01746	0.01447	0.02240	0.01335	0.04057	0.01159	0.00586	0.00543	0.00118	0.00540	0.00484	0.00415	0.71073
34	0.01909	0.01268	0.01519	0.01126	0.01712	0.01044	0.00908	0.04659	0.05626	0.18952	0.01710	0.01744	0.01269	0.00636	0.00579	0.00142	0.00546	0.00512	0.00548	0.53590
35	0.01399	0.01319	0.02229	0.56389	0.19371	0.01555	0.01953	0.01847	0.01430	0.01888	0.01274	0.01856	0.00992	0.00808	0.02715	0.00252	0.00934	0.00624	0.00320	0.00844
36	0.01024	0.00716	0.00901	0.00895	0.01059	0.00654	0.00665	0.01275	0.01740	0.04900	0.38965	0.17100	0.17317	0.04618	0.00949	0.00257	0.00388	0.05228	0.00709	0.00640
37	0.01009	0.00745	0.00946	0.00890	0.01068	0.00698	0.00669	0.01395	0.04699	0.02751	0.64331	0.05194	0.10113	0.01427	0.00819	0.00221	0.00340	0.01255	0.00759	0.00672
38	0.01531	0.01539	0.02208	0.01872	0.01897	0.02124	0.03924	0.01699	0.01089	0.01699	0.00934	0.01539	0.00921	0.01199	0.02238	0.00303	0.71588	0.00618	0.00307	0.00770
39	0.02625	0.01079	0.01455	0.01162	0.01616	0.00941	0.00949	0.02902	0.01965	0.55390	0.14020	0.03186	0.05438	0.01025	0.00735	0.00221	0.00542	0.02857	0.00832	0.01060
40	0.01318	0.01240	0.02093	0.73798	0.04806	0.01550	0.01938	0.01783	0.01395	0.01783	0.01240	0.01860	0.00930	0.00698	0.00698	0.00233	0.00930	0.00620	0.00310	0.00775
41	0.01272	0.00723	0.00771	0.00750	0.00929	0.00730	0.00565	0.01716	0.06474	0.02662	0.15510	0.03105	0.02737	0.00941	0.00568	0.00179	0.00342	0.00778	0.58563	0.00685
42	0.01797	0.01485	0.01580	0.01412	0.01813	0.01704	0.01101	0.03695	0.66871	0.05947	0.02836	0.02593	0.02112	0.00943	0.00710	0.00236	0.00554	0.00785	0.00717	0.01108
43	0.01862	0.47552	0.20195	0.01460	0.02147	0.06498	0.01555	0.07885	0.01624	0.02022	0.01106	0.01262	0.00918	0.00641	0.00533	0.00174	0.00848	0.00435	0.00335	0.00949
44	0.00956	0.00706	0.00898	0.00903	0.01061	0.00648	0.00681	0.01231	0.01790	0.02445	0.45047	0.15593	0.16031	0.01635	0.00846	0.00241	0.00373	0.07560	0.00721	0.00633
45	0.00843	0.00700	0.00738	0.00745	0.00958	0.00594	0.00553	0.01031	0.01608	0.01968	0.13176	0.12086	0.59063	0.01767	0.00830	0.00238	0.00355	0.01493	0.00660	0.00594
46	0.02071	0.01760	0.04673	0.01514	0.01998	0.01894	0.01250	0.28460	0.41658	0.03454	0.02331	0.02203	0.01719	0.00893	0.00704	0.00226	0.00654	0.00716	0.00688	0.01133
47	0.01760	0.01736	0.02749	0.07263	0.64129	0.05786	0.02086	0.02163	0.01603	0.02224	0.01296	0.01706	0.01085	0.00631	0.00688	0.00207	0.00859	0.00612	0.00345	0.01073
48	0.01574	0.19820	0.50227	0.01776	0.02651	0.05076	0.02146	0.02275	0.04498	0.02090	0.01251	0.01434	0.00942	0.00663	0.00615	0.00204	0.00956	0.00493	0.00317	0.00994
49	0.02607	0.03326	0.01978	0.01798	0.02157	0.72674	0.01348	0.02787	0.01978	0.01708	0.01079	0.01258	0.00899	0.00719	0.00629	0.00180	0.01258	0.00449	0.00360	0.00809
50	0.00955	0.00796	0.01033	0.00986	0.01175	0.00753	0.03831	0.01177	0.01596	0.02070	0.19042	0.18754	0.34864	0.01695	0.00928	0.00249	0.04706	0.04123	0.00639	0.00628
51	0.01014	0.00678	0.00770	0.00770	0.00773	0.00682	0.00434	0.01021	0.01018	0.01360	0.02190	0.04520	0.02517	0.73692	0.05308	0.00688	0.00707	0.01008	0.00422	0.00428
52	0.27385	0.01247	0.01411	0.01130	0.01621	0.01226	0.00930	0.05514	0.01771	0.44500	0.02129	0.01965	0.01402	0.00793	0.00608	0.00213	0.00573	0.00595	0.03958	0.01029
53	0.01647	0.01882	0.04118	0.02941	0.03647	0.01765	0.68588	0.02235	0.01647	0.02235	0.01412	0.01882	0.01059	0.00588	0.00824	0.00235	0.01176	0.00824	0.00353	0.00941
54	0.00949	0.00737	0.00868	0.00848	0.01043	0.00670	0.00640	0.01267	0.04169	0.02375	0.38113	0.08663	0.31604	0.01593	0.00828	0.00233	0.00361	0.03687	0.00709	0.00642
55	0.01736	0.01499	0.01578	0.01420	0.01815	0.01736	0.01105	0.03708	0.69862	0.02919	0.02840	0.02604	0.02130	0.00947	0.00710	0.00237	0.00552	0.00789	0.00710	0.01105
56	0.01195	0.00760	0.00991	0.00907	0.01112	0.00692	0.00689	0.01511	0.01960	0.09637	0.61094	0.04996	0.08986	0.01386	0.00811	0.00220	0.00357	0.01215	0.00772	0.00708
57	0.01318	0.01240	0.02093	0.73798	0.04806	0.01550	0.01938	0.01783	0.01395	0.01783	0.01240	0.01860	0.00930	0.00698	0.00698	0.00233	0.00930	0.00620	0.00310	0.00775
58	0.00997	0.00674	0.00762	0.00771	0.00784	0.00666	0.00441	0.01012	0.01059	0.01401	0.02509	0.08762	0.05669	0.67961	0.03277	0.00634	0.00646	0.01091	0.00446	0.00439
59	0.01527	0.01527	0.02137	0.01832	0.01832	0.02137	0.01527	0.01679	0.01069	0.01679	0.00916	0.01527	0.00916	0.01221	0.02290	0.00305	0.74198	0.00611	0.00305	0.00763
60	0.01972	0.01572	0.01678	0.01448	0.01880	0.01786	0.01143	0.16080	0.54201	0.06228	0.02615	0.02417	0.01933	0.00922	0.00707	0.00231	0.00595	0.00755	0.00715	0.01124
61	0.01604	0.01799	0.03855	0.12141	0.03798	0.01737	0.59935	0.02177	0.01614	0.02177	0.01390	0.01880	0.01042	0.00602	0.00807	0.00235	0.01145	0.00797	0.00347	0.00920
62	0.01647	0.01882	0.04118	0.02941	0.03647	0.01765	0.68588	0.02235	0.01647	0.02235	0.01412	0.01882	0.01059	0.00588	0.00824	0.00235	0.01176	0.00824	0.00353	0.00941
63	0.01214	0.01034	0.01385	0.01338	0.04395	0.01027	0.06860	0.03999	0.13976	0.02271	0.08354	0.15488	0.24458	0.01498	0.00822	0.00251	0.00540	0.09698	0.00629	0.00763
64	0.00850	0.00607	0.00810	0.00972	0.01012	0.00567	0.00648	0.00972	0.01336	0.01781	0.03846	0.75020	0.04615	0.02186	0.00891	0.00283	0.00405	0.01984	0.00648	0.00567
65	0.02910	0.01153	0.01531	0.01196	0.01697	0.01022	0.00981	0.03256	0.04785	0.62594	0.02714	0.02405	0.01750	0.00863	0.00683	0.00212	0.00568	0.00701	0.07844	0.01136
66	0.00873	0.00709	0.00774	0.00757	0.00972	0.00610	0.00568	0.01094	0.01704	0.02154	0.25843	0.06273	0.51898	0.01667	0.00824	0.00231	0.00346	0.01411	0.00683	0.00610
67	0.00997	0.00748	0.01121	0.01121	0.01246	0.00872	0.00872	0.01246	0.01121	0.01620	0.01869	0.02741	0.01745	0.05234	0.72710	0.01121	0.01869	0.00748	0.00374	0.00623
68	0.01866	0.75896	0.03657	0.01194	0.01791	0.02761	0.01194	0.02090	0.01418	0.01642	0.00970	0.01119	0.00896	0.00597	0.00448	0.00149	0.00746	0.00373	0.00299	0.00896
69	0.01318	0.01240	0.02093	0.73798	0.04806	0.01550	0.01938	0.01783	0.01395	0.01783	0.01240	0.01860	0.00930	0.00698	0.00698	0.00233	0.00930	0.00620	0.00310	0.00775
70	0.01015	0.00677	0.00761	0.00761	0.00761	0.00677	0.00423	0.01015	0.01015	0.01353	0.02199	0.04567	0.02537	0.75476	0.03552	0.00677	0.00677	0.01015	0.00423	0.00423
71	0.80405	0.01350	0.01026	0.00918	0.01350	0.01565	0.00756	0.02051	0.01188	0.03131	0.00972	0.01134	0.00756	0.00648	0.00432	0.00216	0.00540	0.00378	0.00432	0.00756
72	0.01318	0.01240	0.02093	0.73798	0.04806	0.01550	0.01938	0.01783	0.01395	0.01783	0.01240	0.01860	0.00930	0.00698	0.00698	0.00233	0.00930	0.00620	0.00310	0.00775
73	0.00856	0.00612	0.00815	0.00967	0.01014	0.00571	0.00648	0.00987	0.01365	0.01827	0.06853	0.71883	0.04704	0.02152	0.00888	0.00281	0.00401	0.01951	0.00653	0.00571
74	0.01027	0.00746	0.01004	0.01140	0.01281	0.00723	0.00939	0.01289	0.01558	0.02026	0.06659	0.22830	0.10994	0.01951	0.00928	0.00300	0.00548	0.42788	0.00649	0.00621
75	0.01536	0.01478	0.02165	0.01909	0.04951	0.01916	0.06265	0.05578	0.01278	0.01904	0.01223	0.04972	0.01185	0.01500	0.07750	0.00357	0.52183	0.00700	0.00354	0.00795
76	0.80405	0.01350	0.01026	0.00918	0.01350	0.01565	0.00756	0.02051	0.01188	0.03131	0.00972	0.01134	0.00756	0.00648	0.00432	0.00216	0.00540	0.00378	0.00432	0.00756
77	0.02550	0.01942	0.02033	0.01585	0.02096	0.05048	0.01302	0.60588	0.03063	0.04102	0.01643	0.01689	0.01188	0.00848	0.00752	0.00210	0.03799	0.00621	0.03808	0.01132
78	0.01427	0.06059	0.67166	0.02038	0.05267	0.01662	0.02515	0.02203	0.01475	0.02193	0.01245	0.01470	0.00892	0.00659	0.00656	0.00218	0.01015	0.00514	0.00297	0.01029
79	0.01091	0.01075	0.03850	0.00933	0.01226	0.03849	0.00746	0.01604	0.13638	0.02053	0.05644	0.05462	0.50258	0.04380	0.00895	0.00250	0.00467	0.01252	0.00624	0.00701
80	0.00921	0.00692	0.00858	0.00914	0.01040	0.00644	0.00648	0.01188	0.04306	0.02144	0.24044	0.39220	0.17121	0.01838	0.00852	0.00254	0.00379	0.01631	0.00686	0.00619
81	0.02131	0.01398	0.03764	0.10143	0.12979	0.01312	0.01330	0.02770	0.13832	0.27229	0.02080	0.02078	0.01473	0.00759	0.00670	0.00202	0.00662	0.00643	0.00602	0.13944
82	0.01727	0.01658	0.02832	0.04283	0.71123	0.01658	0.02142	0.02142	0.01589	0.02280	0.01313	0.01727	0.01105	0.00622	0.00691	0.00207	0.00829	0.00622	0.00345	0.01105
83	0.01866	0.75896	0.03657	0.01194	0.01791	0.02761	0.01194	0.02090	0.01418	0.01642	0.00970	0.01119	0.00896	0.00597	0.00448	0.00149	0.00746	0.00373	0.00299	0.00896
84	0.01012	0.00708	0.00911	0.00860	0.01024	0.00658	0.00645	0.01341	0.01935	0.02783	0.65354	0.05007	0.06206	0.01378	0.00797	0.00215	0.00329	0.01214	0.06966	0.00658
85	0.00849	0.00613	0.00803	0.00955	0.01008	0.00568	0.00640	0.00974	0.01352	0.01788	0.04046	0.70792	0.08714	0.02160	0.00887	0.00280	0.00402	0.01952	0.00648	0.00568
86	0.01460	0.12968	0.63030	0.01886	0.02861	0.01768	0.02399	0.02194	0.01466	0.02136	0.01216	0.01427	0.00885	0.00654	0.00635	0.00212	0.00994	0.00497	0.00295	0.01014
87	0.00997	0.00748	0.01121	0.01121	0.01246	0.00872	0.00872	0.01246	0.01121	0.01620	0.01869	0.02741	0.01745	0.05234	0.72710	0.01121	0.01869	0.00748	0.00374	0.00623
88	0.00987	0.00727	0.00868	0.00833	0.01037	0.00646	0.00633	0.01253	0.01808	0.04334	0.40830	0.05832	0.32273	0.01566	0.00825	0.00229	0.00357	0.03599	0.00718	0.00645
89	0.00980	0.00713	0.00923	0.00870	0.01038	0.00655	0.00653	0.01303	0.01958	0.02758	0.67947	0.05279	0.09417	0.01442	0.00823	0.00220	0.00330	0.01271	0.00763	0.00655
90	0.01005	0.00673	0.00764	0.00773	0.00776	0.00670	0.00436	0.01012	0.01033	0.01378	0.02295	0.08667	0.02658	0.71210	0.03397	0.00654	0.00661	0.01071	0.00436	0.00431
91	0.01400	0.03610	0.71860	0.01989	0.03020	0.01621	0.02578	0.02210	0.01473	0.02210	0.01252	0.01473	0.00884	0.00663	0.00663	0.00221	0.01031	0.00516	0.00295	0.01031
92	0.01761	0.01722	0.02799	0.04187	0.68459	0.04401	0.02111	0.02167	0.01604	0.02258	0.01304	0.01709	0.01097	0.00626	0.00688	0.00206	0.00846	0.00615	0.00346	0.01094
93	0.01527	0.01527	0.02137	0.01832	0.01832	0.02137	0.01527	0.01679	0.01069	0.01679	0.00916	0.01527	0.00916	0.01221	0.02290	0.00305	0.74198	0.00611	0.00305	0.00763
94	0.00852	0.00641	0.00789	0.00893	0.00995	0.00579	0.00616	0.01001	0.01446	0.01873	0.08883	0.51862	0.22994	0.02024	0.00868	0.00266	0.00386	0.01798	0.00655	0.00579
95	0.02847	0.01643	0.01901	0.01458	0.02009	0.01702	0.01204	0.42242	0.02760	0.31688	0.02113	0.01960	0.01406	0.00848	0.00700	0.00212	0.00697	0.00658	0.00765	0.01187
96	0.02579	0.06000	0.02039	0.01776	0.02144	0.70098	0.01343	0.02761	0.01957	0.01705	0.01075	0.01253	0.00899	0.00715	0.00623	0.00179	0.01240	0.00447	0.00357	0.00812
97	0.01381	0.02397	0.35538	0.02260	0.13669	0.01422	0.10958	0.01965	0.01544	0.02219	0.07223	0.10520	0.01927	0.00922	0.00737	0.00231	0.00878	0.02874	0.00400	0.00936
98	0.00997	0.00748	0.01121	0.01121	0.01246	0.00872	0.00872	0.01246	0.01121	0.01620	0.01869	0.02741	0.01745	0.05234	0.72710	0.01121	0.01869	0.00748	0.00374	0.00623
99	0.80405	0.01350	0.01026	0.00918	0.01350	0.01565	0.00756	0.02051	0.01188	0.03131	0.00972	0.01134	0.00756	0.00648	0.00432	0.00216	0.00540	0.00378	0.00432	0.00756
100	0.01576	0.01519	0.04711	0.10986	0.18767	0.04226	0.01442	0.04693	0.23897	0.02516	0.11541	0.04821	0.04413	0.00942	0.00723	0.00224	0.00679	0.00820	0.00546	0.00959
101	0.01212	0.00606	0.00909	0.00909	0.00909	0.00606	0.00606	0.00909	0.00909	0.01212	0.01212	0.02121	0.01212	0.02424	0.02727	0.79697	0.00606	0.00606	0.00303	0.00303
102	0.01356	0.01279	0.02161	0.67367	0.10942	0.01560	0.01957	0.01816	0.01413	0.01829	0.01247	0.01848	0.00946	0.00691	0.00697	0.00230	0.00921	0.00620	0.00313	0.00806
103	0.00856	0.00659	0.00783	0.00857	0.00988	0.00586	0.00603	0.01022	0.01508	0.01936	0.12622	0.40200	0.31006	0.01936	0.00857	0.00257	0.00376	0.01701	0.00661	0.00586
104	0.01531	0.01539	0.02207	0.01871	0.01896	0.02124	0.03882	0.01699	0.01089	0.01699	0.00933	0.01539	0.00921	0.01199	0.02239	0.00303	0.71634	0.00618	0.00307	0.00770
105	0.16710	0.36386	0.12144	0.01262	0.01876	0.02018	0.01268	0.02374	0.01504	0.16647	0.01383	0.01434	0.01042	0.00671	0.00528	0.00186	0.00715	0.00462	0.00441	0.00949
106	0.01727	0.01658	0.02832	0.04283	0.71123	0.01658	0.02142	0.02142	0.01589	0.02280	0.01313	0.01727	0.01105	0.00622	0.00691	0.00207	0.00829	0.00622	0.00345	0.01105
107	0.00825	0.00707	0.00707	0.00707	0.00943	0.00589	0.00530	0.01001	0.01591	0.01885	0.07069	0.06716	0.70839	0.01767	0.00825	0.00236	0.00353	0.01473	0.00648	0.00589
108	0.00830	0.00707	0.00714	0.00712	0.00946	0.00591	0.00534	0.01011	0.01602	0.01912	0.08974	0.06671	0.68918	0.01757	0.00825	0.00235	0.00353	0.01466	0.00652	0.00591
109	0.01447	0.01240	0.01447	0.01034	0.01654	0.00930	0.00827	0.01757	0.01447	0.02274	0.01240	0.01447	0.01034	0.00517	0.00517	0.00103	0.00517	0.00413	0.00413	0.79742
110	0.02128	0.37963	0.07974	0.01445	0.02028	0.13498	0.01340	0.18769	0.01974	0.02402	0.01193	0.01318	0.00973	0.00678	0.00557	0.00173	0.00845	0.00461	0.00411	0.03870
111	0.01212	0.00606	0.00909	0.00909	0.00909	0.00606	0.00606	0.00909	0.00909	0.01212	0.01212	0.02121	0.01212	0.02424	0.02727	0.79697	0.00606	0.00606	0.00303	0.00303
112	0.01324	0.00792	0.01088	0.01170	0.01345	0.00754	0.00945	0.01568	0.01570	0.12186	0.03609	0.30373	0.03888	0.01861	0.00900	0.00293	0.00553	0.34410	0.00677	0.00696
113	0.01619	0.01363	0.03546	0.01139	0.01738	0.01095	0.00940	0.04561	0.09534	0.06355	0.01529	0.01644	0.01202	0.00603	0.00561	0.00133	0.00550	0.00485	0.00481	0.60923
