[name]
unknown

[dist]
# distance from previous block
# <min> <max>
0	50

[block]
# block no. 0 follows, 36 sequences, length 23
# corresponding to MSA columns:
# 50-72
name=unknown_A
#
# <colnr> <probs for GDERKNQSTAVLIFYWHMCP>
#	G	D	E	R	K	N	Q	S	T	A	V	L	I	F	Y	W	H	M	C	P
0	0.01128	0.00941	0.04903	0.01182	0.01385	0.03526	0.01060	0.01432	0.01466	0.04614	0.05792	0.06235	0.03349	0.01569	0.00822	0.00270	0.00600	0.58549	0.00560	0.00616
1	0.01457	0.01689	0.05640	0.02558	0.05886	0.01529	0.63441	0.01970	0.01455	0.01998	0.01245	0.01644	0.00941	0.00525	0.00712	0.00203	0.01004	0.00701	0.00316	0.05085
2	0.01863	0.55940	0.02817	0.01227	0.01697	0.24296	0.01107	0.02051	0.01415	0.01483	0.00895	0.01037	0.00800	0.00566	0.00448	0.00141	0.00803	0.00353	0.00283	0.00777
3	0.01307	0.01106	0.01296	0.00944	0.01473	0.00865	0.00755	0.03924	0.01332	0.02064	0.01150	0.01359	0.00961	0.00691	0.04395	0.00143	0.00532	0.00391	0.00376	0.74935
4	0.02219	0.02846	0.03971	0.01576	0.01908	0.68422	0.01211	0.02453	0.04287	0.01579	0.01098	0.03466	0.00941	0.00687	0.00572	0.00166	0.01072	0.00455	0.00338	0.00731
5	0.01365	0.03061	0.69383	0.01726	0.02614	0.01407	0.02198	0.02053	0.01350	0.07409	0.01218	0.01376	0.00846	0.00605	0.00595	0.00197	0.00892	0.00473	0.00301	0.00931
6	0.01646	0.73331	0.03174	0.01104	0.01602	0.02428	0.01086	0.01841	0.01245	0.01468	0.00863	0.01024	0.00801	0.00570	0.00510	0.00143	0.05759	0.00347	0.00267	0.00792
7	0.01550	0.01338	0.01409	0.01268	0.01620	0.01550	0.00986	0.03311	0.73091	0.02606	0.02536	0.02325	0.01902	0.00845	0.00634	0.00211	0.00493	0.00704	0.00634	0.00986
8	0.01273	0.03062	0.67450	0.01865	0.02755	0.01460	0.09565	0.01976	0.01332	0.01976	0.01133	0.01354	0.00806	0.00585	0.00607	0.00199	0.00934	0.00489	0.00269	0.00912
9	0.01082	0.00541	0.00812	0.00812	0.00812	0.00541	0.00541	0.00812	0.00812	0.01082	0.01082	0.01894	0.01082	0.02165	0.02435	0.81872	0.00541	0.00541	0.00271	0.00271
10	0.02327	0.02970	0.01766	0.01605	0.01926	0.75602	0.01204	0.02488	0.01766	0.01525	0.00963	0.01124	0.00803	0.00642	0.00562	0.00161	0.01124	0.00401	0.00321	0.00722
11	0.01666	0.78478	0.03265	0.01066	0.01599	0.02465	0.01066	0.01866	0.01266	0.01466	0.00866	0.00999	0.00800	0.00533	0.00400	0.00133	0.00666	0.00333	0.00267	0.00800
12	0.00888	0.00654	0.00743	0.00709	0.00910	0.00567	0.00536	0.01099	0.01562	0.05491	0.30501	0.05326	0.45919	0.01429	0.00731	0.00204	0.00318	0.01214	0.00627	0.00574
13	0.00759	0.00542	0.00723	0.00868	0.00904	0.00506	0.00578	0.00868	0.01193	0.01591	0.03434	0.77697	0.04121	0.01952	0.00795	0.00253	0.00361	0.01771	0.00578	0.00506
14	0.01177	0.01107	0.01869	0.76606	0.04291	0.01384	0.01730	0.01592	0.01246	0.01592	0.01107	0.01661	0.00831	0.00623	0.00623	0.00208	0.00831	0.00554	0.00277	0.00692
15	0.02314	0.01401	0.01833	0.11110	0.02198	0.01455	0.05948	0.32250	0.02181	0.30121	0.01792	0.01765	0.01204	0.00725	0.00632	0.00193	0.00671	0.00597	0.00613	0.00998
16	0.01527	0.01482	0.02543	0.03621	0.65956	0.01514	0.05248	0.01889	0.01390	0.01998	0.01153	0.01537	0.00974	0.00589	0.00718	0.00192	0.05842	0.00563	0.00306	0.00959
17	0.82504	0.01205	0.00916	0.00819	0.01205	0.01398	0.00675	0.01832	0.01060	0.02795	0.00868	0.01012	0.00675	0.00578	0.00386	0.00193	0.00482	0.00337	0.00386	0.00675
18	0.00736	0.00631	0.00631	0.00631	0.00842	0.00526	0.00473	0.00894	0.01420	0.01683	0.06312	0.05996	0.73964	0.01578	0.00736	0.00210	0.00316	0.01315	0.00579	0.00526
19	0.00743	0.00604	0.00660	0.00705	0.00861	0.00520	0.00506	0.00886	0.01350	0.01654	0.05419	0.28250	0.52287	0.01694	0.00755	0.00224	0.00330	0.01457	0.00579	0.00520
20	0.10013	0.01118	0.01252	0.00912	0.01447	0.00891	0.00731	0.01597	0.01267	0.02112	0.01082	0.01262	0.00896	0.00474	0.00453	0.00103	0.00464	0.00366	0.00371	0.73189
21	0.01406	0.01718	0.17859	0.01644	0.04935	0.01175	0.18612	0.01843	0.01369	0.05403	0.01213	0.01441	0.00931	0.00523	0.00571	0.00152	0.00719	0.00498	0.00349	0.37638
22	0.01525	0.01463	0.02498	0.07198	0.70975	0.01476	0.01904	0.01897	0.01411	0.02015	0.01169	0.01548	0.00980	0.00558	0.00617	0.00186	0.00744	0.00555	0.00307	0.00973

[dist]
# distance from previous block
# <min> <max>
1	4

[block]
# block no. 1 follows, 36 sequences, length 21
# corresponding to MSA columns:
# 77-97
name=unknown_B
#
# <colnr> <probs for GDERKNQSTAVLIFYWHMCP>
#	G	D	E	R	K	N	Q	S	T	A	V	L	I	F	Y	W	H	M	C	P
0	0.01947	0.01346	0.02178	0.02841	0.46760	0.01302	0.03447	0.02317	0.03504	0.25603	0.01629	0.01755	0.01191	0.00632	0.00624	0.00189	0.00674	0.00587	0.00468	0.01007
1	0.04858	0.03133	0.71590	0.01733	0.02630	0.01445	0.02230	0.01967	0.01304	0.02010	0.01107	0.01302	0.00784	0.00591	0.00583	0.00197	0.00901	0.00455	0.00269	0.00910
2	0.00792	0.00632	0.00699	0.00683	0.00862	0.00550	0.00506	0.00986	0.01506	0.01924	0.28082	0.05462	0.48167	0.05364	0.00859	0.00226	0.00323	0.01233	0.00603	0.00539
3	0.01676	0.01401	0.01480	0.01294	0.01668	0.01609	0.01017	0.13959	0.62237	0.02811	0.02375	0.02196	0.01772	0.00830	0.00632	0.00208	0.00523	0.00682	0.00632	0.00998
4	0.01250	0.03223	0.74875	0.01776	0.02697	0.01447	0.02302	0.01973	0.01315	0.01973	0.01118	0.01315	0.00789	0.00592	0.00592	0.00197	0.00921	0.00460	0.00263	0.00921
5	0.01586	0.61241	0.15847	0.01202	0.01794	0.02239	0.01281	0.01958	0.04921	0.01614	0.00996	0.01123	0.00854	0.00559	0.00446	0.00149	0.00703	0.00375	0.00285	0.00831
6	0.01466	0.21148	0.20542	0.02035	0.02711	0.01766	0.37724	0.01958	0.01383	0.01859	0.01129	0.01424	0.00872	0.00543	0.00618	0.00188	0.00924	0.00570	0.00291	0.00849
7	0.00751	0.00626	0.00655	0.00659	0.00853	0.00530	0.00490	0.00917	0.01436	0.01749	0.12097	0.10352	0.63596	0.01574	0.00740	0.00212	0.00317	0.01327	0.00588	0.00530
8	0.00977	0.00865	0.01421	0.01167	0.01431	0.00792	0.16531	0.01285	0.01599	0.02171	0.40005	0.07637	0.19192	0.01202	0.00738	0.00205	0.00471	0.01109	0.00575	0.00627
9	0.07864	0.14663	0.04507	0.01521	0.04453	0.21974	0.07904	0.12405	0.03274	0.10164	0.01368	0.04754	0.01103	0.00696	0.00570	0.00178	0.00797	0.00540	0.00426	0.00842
10	0.00886	0.00655	0.00855	0.00969	0.01100	0.00624	0.00786	0.01102	0.01371	0.01758	0.03966	0.24512	0.18501	0.01749	0.00818	0.00262	0.00466	0.38497	0.00576	0.00547
11	0.00812	0.00600	0.00764	0.00830	0.00936	0.00552	0.00602	0.00997	0.01414	0.01885	0.23607	0.38487	0.16511	0.01677	0.00774	0.00233	0.00354	0.07818	0.00608	0.00539
12	0.01380	0.15769	0.58768	0.01648	0.02470	0.05831	0.02033	0.01984	0.01333	0.01863	0.01067	0.01252	0.00792	0.00585	0.00558	0.00185	0.00890	0.00436	0.00267	0.00889
13	0.01820	0.22606	0.12717	0.01798	0.08570	0.18467	0.11061	0.12148	0.01666	0.02027	0.01095	0.01284	0.00873	0.00598	0.00560	0.00171	0.00866	0.00474	0.00340	0.00859
14	0.01720	0.01252	0.01382	0.01214	0.01576	0.01389	0.00952	0.03144	0.57135	0.14625	0.06578	0.02423	0.02068	0.00857	0.00638	0.00207	0.00488	0.00715	0.00660	0.00976
15	0.00753	0.00632	0.00654	0.00648	0.00852	0.00533	0.00486	0.00926	0.01458	0.01774	0.13846	0.05847	0.66373	0.01544	0.00736	0.00209	0.00313	0.01294	0.00591	0.00533
16	0.01589	0.11888	0.17516	0.02154	0.10385	0.10741	0.28284	0.02036	0.01447	0.03786	0.01191	0.01468	0.00919	0.00570	0.00617	0.00186	0.00912	0.00560	0.02901	0.00850
17	0.01441	0.04577	0.28814	0.16798	0.11858	0.06648	0.14413	0.04616	0.01434	0.01938	0.01144	0.01460	0.00861	0.00589	0.00620	0.00195	0.00901	0.00535	0.00299	0.00858
18	0.01453	0.01390	0.02368	0.21551	0.57186	0.01457	0.01868	0.01834	0.01377	0.01927	0.01156	0.01571	0.00949	0.00572	0.00618	0.00191	0.00762	0.00555	0.00301	0.00915
19	0.01477	0.01362	0.02061	0.01705	0.04293	0.01432	0.22591	0.02610	0.39737	0.04259	0.02323	0.06658	0.04895	0.00834	0.00678	0.00212	0.00656	0.00796	0.00525	0.00895
20	0.24294	0.20326	0.03573	0.03510	0.01740	0.12341	0.04130	0.10223	0.03630	0.07398	0.02835	0.01338	0.01005	0.00633	0.00502	0.00175	0.00687	0.00448	0.00407	0.00804

[dist]
# distance from previous block
# <min> <max>
0	8

[block]
# block no. 2 follows, 36 sequences, length 63
# corresponding to MSA columns:
# 106-168
name=unknown_C
#
# <colnr> <probs for GDERKNQSTAVLIFYWHMCP>
#	G	D	E	R	K	N	Q	S	T	A	V	L	I	F	Y	W	H	M	C	P
0	0.24413	0.09335	0.17678	0.06713	0.05863	0.01537	0.07837	0.06371	0.05286	0.04128	0.01172	0.01354	0.00888	0.00598	0.00530	0.00186	0.00699	0.00469	0.00367	0.04574
1	0.01657	0.05193	0.02290	0.08092	0.48032	0.15952	0.01661	0.02018	0.03416	0.01908	0.03193	0.01553	0.01094	0.00604	0.00600	0.00180	0.00799	0.00535	0.00326	0.00895
2	0.01893	0.21252	0.02575	0.03860	0.12907	0.21425	0.12913	0.10046	0.01659	0.04211	0.01129	0.01333	0.00906	0.00598	0.00568	0.00171	0.00864	0.00491	0.00352	0.00849
3	0.00785	0.00573	0.00717	0.00812	0.00890	0.00525	0.00559	0.00897	0.01242	0.01614	0.06304	0.51497	0.19017	0.05169	0.00948	0.03328	0.00373	0.03689	0.00562	0.00501
4	0.03543	0.19079	0.32440	0.01515	0.02198	0.01791	0.04227	0.21384	0.01766	0.04692	0.01209	0.01328	0.00893	0.00625	0.00560	0.00181	0.00783	0.00473	0.00384	0.00929
5	0.01578	0.28506	0.26732	0.05488	0.12311	0.06083	0.01646	0.07413	0.01461	0.01916	0.01059	0.01259	0.00844	0.00583	0.00532	0.00171	0.00797	0.00439	0.00303	0.00877
6	0.01038	0.00832	0.01260	0.03995	0.18669	0.00825	0.01041	0.01272	0.01316	0.01794	0.02736	0.35927	0.03041	0.01473	0.00752	0.00241	0.00520	0.19346	0.03275	0.00647
7	0.06992	0.20375	0.01977	0.01295	0.01707	0.19174	0.01066	0.12871	0.24113	0.02285	0.01505	0.01518	0.01176	0.00691	0.00543	0.00176	0.00710	0.00499	0.00455	0.00871
8	0.00758	0.00547	0.00718	0.00856	0.00901	0.00507	0.00573	0.00869	0.01204	0.01595	0.03577	0.74147	0.07579	0.01933	0.00792	0.00251	0.00359	0.01749	0.00578	0.00507
9	0.01696	0.71239	0.05357	0.01123	0.01654	0.07217	0.01113	0.01910	0.01300	0.01485	0.00880	0.01017	0.00799	0.00542	0.00416	0.00137	0.00704	0.00342	0.00270	0.00798
10	0.06135	0.03102	0.70428	0.01718	0.02607	0.01444	0.02204	0.01965	0.01300	0.02023	0.01103	0.01297	0.00782	0.00591	0.00580	0.00197	0.00894	0.00453	0.00270	0.00906
11	0.00759	0.00542	0.00723	0.00868	0.00904	0.00506	0.00578	0.00868	0.01193	0.01591	0.03434	0.77697	0.04121	0.01952	0.00795	0.00253	0.00361	0.01771	0.00578	0.00506
12	0.01666	0.78478	0.03265	0.01066	0.01599	0.02465	0.01066	0.01866	0.01266	0.01466	0.00866	0.00999	0.00800	0.00533	0.00400	0.00133	0.00666	0.00333	0.00267	0.00800
13	0.01299	0.03154	0.72522	0.01754	0.02661	0.01430	0.02258	0.02007	0.01330	0.04302	0.01161	0.01341	0.00813	0.00598	0.00593	0.00197	0.00908	0.00466	0.00279	0.00925
14	0.00759	0.00542	0.00723	0.00868	0.00904	0.00506	0.00578	0.00868	0.01193	0.01591	0.03434	0.77697	0.04121	0.01952	0.00795	0.00253	0.00361	0.01771	0.00578	0.00506
15	0.01250	0.03223	0.74875	0.01776	0.02697	0.01447	0.02302	0.01973	0.01315	0.01973	0.01118	0.01315	0.00789	0.00592	0.00592	0.00197	0.00921	0.00460	0.00263	0.00921
16	0.01666	0.78478	0.03265	0.01066	0.01599	0.02465	0.01066	0.01866	0.01266	0.01466	0.00866	0.00999	0.00800	0.00533	0.00400	0.00133	0.00666	0.00333	0.00267	0.00800
17	0.01776	0.05265	0.35251	0.01557	0.02234	0.01682	0.01670	0.34986	0.02070	0.02861	0.01366	0.04003	0.01031	0.00710	0.00606	0.00192	0.00781	0.00548	0.00444	0.00967
18	0.01250	0.03223	0.74875	0.01776	0.02697	0.01447	0.02302	0.01973	0.01315	0.01973	0.01118	0.01315	0.00789	0.00592	0.00592	0.00197	0.00921	0.00460	0.00263	0.00921
19	0.01666	0.78478	0.03265	0.01066	0.01599	0.02465	0.01066	0.01866	0.01266	0.01466	0.00866	0.00999	0.00800	0.00533	0.00400	0.00133	0.00666	0.00333	0.00267	0.00800
20	0.01278	0.08393	0.69955	0.01727	0.02621	0.01517	0.02217	0.01966	0.01312	0.01938	0.01101	0.01294	0.00790	0.00588	0.00579	0.00193	0.00903	0.00452	0.00263	0.00912
21	0.02004	0.01405	0.09136	0.17854	0.18271	0.01231	0.01457	0.04974	0.01585	0.33189	0.01717	0.01791	0.01175	0.00673	0.00620	0.00194	0.00685	0.00576	0.00508	0.00952
22	0.00845	0.00634	0.00775	0.00741	0.00899	0.00572	0.00551	0.01093	0.01645	0.02242	0.53842	0.04984	0.23500	0.03954	0.00818	0.00214	0.00310	0.01168	0.00647	0.00565
23	0.00756	0.00555	0.00710	0.00834	0.00895	0.00509	0.00563	0.00871	0.01225	0.01604	0.03843	0.67502	0.14051	0.01899	0.00787	0.00247	0.00355	0.01706	0.00578	0.00509
24	0.00977	0.01535	0.26122	0.01302	0.01682	0.00902	0.06290	0.01324	0.01254	0.01750	0.02491	0.46292	0.02761	0.01388	0.00722	0.00231	0.00601	0.01252	0.00452	0.00671
25	0.01315	0.02846	0.59423	0.04498	0.02757	0.01463	0.10623	0.01972	0.01331	0.03717	0.01157	0.01393	0.00829	0.00606	0.00661	0.00202	0.03521	0.00504	0.00283	0.00898
26	0.00891	0.00663	0.00980	0.00980	0.01084	0.00767	0.00752	0.01099	0.00995	0.01430	0.01689	0.02556	0.01605	0.09569	0.70803	0.00975	0.01598	0.00683	0.00337	0.00544
27	0.01177	0.01107	0.01869	0.76606	0.04291	0.01384	0.01730	0.01592	0.01246	0.01592	0.01107	0.01661	0.00831	0.00623	0.00623	0.00208	0.00831	0.00554	0.00277	0.00692
28	0.01627	0.01757	0.02305	0.26504	0.10569	0.20864	0.18748	0.01982	0.01471	0.04001	0.01227	0.03853	0.00991	0.00642	0.00639	0.00194	0.00928	0.00598	0.00326	0.00773
29	0.01489	0.01445	0.02521	0.13357	0.60049	0.01474	0.06753	0.01876	0.01399	0.01974	0.01170	0.01567	0.00963	0.00562	0.00626	0.00190	0.00774	0.00567	0.00305	0.00938
30	0.01177	0.01107	0.01869	0.76606	0.04291	0.01384	0.01730	0.01592	0.01246	0.01592	0.01107	0.01661	0.00831	0.00623	0.00623	0.00208	0.00831	0.00554	0.00277	0.00692
31	0.00755	0.00630	0.00661	0.00680	0.00874	0.00536	0.00514	0.00917	0.01405	0.01688	0.05917	0.11211	0.64559	0.01614	0.00748	0.00218	0.00335	0.05632	0.00578	0.00528
32	0.02795	0.01060	0.01446	0.01109	0.01591	0.00916	0.00916	0.03036	0.01783	0.74648	0.02458	0.02121	0.01542	0.00771	0.00627	0.00193	0.00530	0.00627	0.00771	0.01060
33	0.01261	0.03146	0.71350	0.01818	0.02724	0.01453	0.05751	0.01974	0.01323	0.01974	0.01125	0.01334	0.00797	0.00589	0.00599	0.00198	0.00927	0.00474	0.00266	0.00917
34	0.00914	0.00673	0.00881	0.00992	0.01131	0.00647	0.00821	0.01143	0.01385	0.01773	0.03896	0.16254	0.17984	0.03790	0.00889	0.00275	0.00493	0.44942	0.00570	0.00550
35	0.01416	0.01396	0.02511	0.22067	0.38017	0.01451	0.15762	0.01859	0.03062	0.01922	0.01277	0.01804	0.01048	0.00613	0.00651	0.00200	0.00814	0.02946	0.00318	0.00868
36	0.02247	0.01557	0.16931	0.07720	0.02162	0.01111	0.06117	0.02622	0.01619	0.48391	0.01983	0.01884	0.01285	0.00705	0.00626	0.00196	0.00672	0.00593	0.00593	0.00985
37	0.00973	0.00768	0.04486	0.00937	0.01066	0.00662	0.00708	0.01202	0.04701	0.05630	0.03040	0.47349	0.05142	0.12042	0.03193	0.00314	0.00488	0.06187	0.00542	0.00570
38	0.02598	0.01063	0.01419	0.01109	0.01561	0.00948	0.00915	0.06810	0.01836	0.63914	0.06599	0.02401	0.01838	0.00832	0.00641	0.00196	0.00527	0.03027	0.00751	0.01016
39	0.03635	0.05659	0.35044	0.04061	0.07035	0.05833	0.03975	0.14329	0.01680	0.10961	0.01326	0.01448	0.00944	0.00637	0.00594	0.00190	0.00813	0.00504	0.00398	0.00934
40	0.01483	0.01496	0.05126	0.13410	0.62280	0.01466	0.01902	0.01872	0.01392	0.01974	0.01161	0.01549	0.00959	0.00566	0.00617	0.00189	0.00759	0.00551	0.00303	0.00945
41	0.02483	0.01305	0.01583	0.02834	0.03618	0.03597	0.01018	0.19661	0.02000	0.45526	0.02000	0.01842	0.01319	0.00726	0.00609	0.00182	0.00593	0.00578	0.00664	0.07860
42	0.01413	0.01348	0.02295	0.29566	0.49485	0.01446	0.01848	0.01799	0.01358	0.01879	0.01149	0.01584	0.00932	0.00579	0.00619	0.00193	0.00772	0.00555	0.00297	0.00883
43	0.00900	0.00628	0.00799	0.00799	0.00841	0.00669	0.00527	0.00983	0.00942	0.01297	0.01854	0.03471	0.02002	0.50781	0.30133	0.00752	0.01000	0.00817	0.00361	0.00444
44	0.82504	0.01205	0.00916	0.00819	0.01205	0.01398	0.00675	0.01832	0.01060	0.02795	0.00868	0.01012	0.00675	0.00578	0.00386	0.00193	0.00482	0.00337	0.00386	0.00675
45	0.01697	0.14316	0.25367	0.01418	0.02016	0.01704	0.01455	0.19796	0.16201	0.05009	0.03968	0.01654	0.01281	0.00702	0.00584	0.00187	0.00701	0.00543	0.00460	0.00943
46	0.00874	0.00634	0.00824	0.00782	0.00928	0.00584	0.00584	0.01158	0.01737	0.02448	0.69845	0.06961	0.07691	0.01303	0.00737	0.00198	0.00297	0.01152	0.00680	0.00584
47	0.07480	0.01252	0.04256	0.38555	0.11115	0.03180	0.04465	0.03287	0.04876	0.01876	0.01577	0.08811	0.02900	0.00799	0.00633	0.00209	0.00731	0.02900	0.00360	0.00737
48	0.01250	0.03223	0.74875	0.01776	0.02697	0.01447	0.02302	0.01973	0.01315	0.01973	0.01118	0.01315	0.00789	0.00592	0.00592	0.00197	0.00921	0.00460	0.00263	0.00921
49	0.00749	0.00632	0.00648	0.00644	0.00849	0.00531	0.00483	0.00918	0.01449	0.01752	0.12012	0.05883	0.68221	0.01552	0.00736	0.00209	0.00314	0.01299	0.00588	0.00531
50	0.02295	0.01677	0.01805	0.01404	0.01886	0.01855	0.01153	0.62281	0.10452	0.06280	0.01642	0.01607	0.01167	0.00759	0.00625	0.00190	0.00659	0.00579	0.00630	0.01052
51	0.41108	0.01130	0.01191	0.00970	0.01405	0.01147	0.00800	0.02457	0.01436	0.40112	0.01694	0.01588	0.01125	0.00678	0.00511	0.00193	0.00507	0.00488	0.00586	0.00875
52	0.01478	0.01905	0.17215	0.02278	0.04686	0.01502	0.46337	0.03569	0.05752	0.04436	0.03608	0.01747	0.01148	0.00594	0.00692	0.00206	0.00936	0.00680	0.00357	0.00872
53	0.01619	0.70093	0.11244	0.01145	0.01721	0.02352	0.01204	0.01878	0.01272	0.01522	0.00894	0.01035	0.00798	0.00540	0.00421	0.00140	0.00695	0.00347	0.00266	0.00813
54	0.00890	0.00668	0.01001	0.01001	0.01113	0.00779	0.00779	0.01113	0.01001	0.01446	0.01669	0.02448	0.01558	0.04673	0.75634	0.01001	0.01669	0.00668	0.00334	0.00556
55	0.00871	0.00636	0.00817	0.00772	0.00924	0.00583	0.00579	0.01154	0.01737	0.02435	0.68645	0.04758	0.11162	0.01297	0.00735	0.00197	0.00296	0.01141	0.00678	0.00583
56	0.05949	0.04779	0.06547	0.01974	0.04000	0.23929	0.30776	0.04263	0.03413	0.01941	0.01223	0.03565	0.00992	0.00621	0.00629	0.00187	0.00952	0.00592	0.00343	0.03324
57	0.01269	0.03033	0.66735	0.01823	0.02680	0.01478	0.06685	0.01951	0.01307	0.01951	0.01112	0.01341	0.00801	0.00612	0.00673	0.00202	0.04694	0.00482	0.00267	0.00904
58	0.00864	0.00636	0.00808	0.00765	0.00920	0.00580	0.00574	0.01141	0.01722	0.02399	0.65607	0.04819	0.14222	0.01311	0.00735	0.00198	0.00297	0.01150	0.00673	0.00580
59	0.02152	0.02601	0.01685	0.01529	0.01857	0.58888	0.01155	0.02674	0.17864	0.01769	0.01318	0.01395	0.01051	0.00688	0.00578	0.00172	0.00981	0.00470	0.00392	0.00782
60	0.01670	0.01823	0.04717	0.06883	0.51952	0.16339	0.03742	0.02016	0.01478	0.01908	0.01128	0.01461	0.00935	0.00576	0.00609	0.00182	0.00836	0.00526	0.00308	0.00913
61	0.02795	0.01060	0.01446	0.01109	0.01591	0.00916	0.00916	0.03036	0.01783	0.74648	0.02458	0.02121	0.01542	0.00771	0.00627	0.00193	0.00530	0.00627	0.00771	0.01060
62	0.79491	0.01201	0.00930	0.00823	0.01215	0.01377	0.00677	0.01822	0.01069	0.02767	0.00876	0.01023	0.00684	0.00574	0.00388	0.00189	0.00481	0.00339	0.00385	0.03689

[dist]
# distance from previous block
# <min> <max>
0	1

[block]
# block no. 3 follows, 36 sequences, length 70
# corresponding to MSA columns:
# 170-181,193-250
name=unknown_D
#
# <colnr> <probs for GDERKNQSTAVLIFYWHMCP>
#	G	D	E	R	K	N	Q	S	T	A	V	L	I	F	Y	W	H	M	C	P
0	0.54917	0.25041	0.04116	0.00927	0.01376	0.01728	0.00850	0.01847	0.01132	0.02359	0.00876	0.01018	0.00717	0.00565	0.00397	0.00175	0.00553	0.00340	0.00345	0.00721
1	0.00789	0.00631	0.00706	0.00692	0.00875	0.00547	0.00517	0.00994	0.01536	0.01971	0.30314	0.07486	0.47784	0.01480	0.00737	0.00206	0.00309	0.01260	0.00617	0.00547
2	0.01055	0.00559	0.00838	0.00838	0.00854	0.00575	0.00575	0.00854	0.00838	0.01134	0.01165	0.01972	0.01149	0.02519	0.12778	0.70445	0.00700	0.00559	0.00279	0.00311
3	0.00882	0.00637	0.00833	0.00784	0.00931	0.00588	0.00588	0.01176	0.01764	0.02499	0.73888	0.04654	0.05879	0.01274	0.00735	0.00196	0.00294	0.01127	0.00686	0.00588
4	0.00858	0.00636	0.00799	0.00758	0.00916	0.00578	0.00569	0.01129	0.01706	0.02362	0.62593	0.04878	0.17259	0.01325	0.00735	0.00198	0.00298	0.01158	0.00668	0.00578
5	0.00756	0.00553	0.00712	0.00839	0.00896	0.00508	0.00566	0.00871	0.01221	0.01602	0.03785	0.68959	0.12632	0.01906	0.00788	0.00248	0.00356	0.01716	0.00578	0.00508
6	0.01363	0.01363	0.01908	0.01636	0.01636	0.01908	0.01363	0.01499	0.00954	0.01499	0.00818	0.01363	0.00818	0.01091	0.02045	0.00273	0.76963	0.00545	0.00273	0.00682
7	0.00759	0.00542	0.00723	0.00868	0.00904	0.00506	0.00578	0.00868	0.01193	0.01591	0.03434	0.77697	0.04121	0.01952	0.00795	0.00253	0.00361	0.01771	0.00578	0.00506
8	0.00891	0.00666	0.00992	0.00992	0.01100	0.00774	0.00767	0.01107	0.00999	0.01440	0.01677	0.02494	0.01578	0.06758	0.73576	0.00990	0.01639	0.00674	0.00335	0.00551
9	0.01880	0.01412	0.02216	0.05010	0.49490	0.01410	0.01623	0.09750	0.01653	0.17187	0.01470	0.01660	0.01105	0.00622	0.00620	0.00187	0.00693	0.00570	0.00437	0.01002
10	0.01750	0.01712	0.02410	0.14785	0.02732	0.12084	0.25088	0.16800	0.03331	0.03968	0.01274	0.01550	0.00959	0.00633	0.00690	0.00192	0.03389	0.00589	0.00394	0.05671
11	0.82504	0.01205	0.00916	0.00819	0.01205	0.01398	0.00675	0.01832	0.01060	0.02795	0.00868	0.01012	0.00675	0.00578	0.00386	0.00193	0.00482	0.00337	0.00386	0.00675
12	0.00782	0.00633	0.00695	0.00679	0.00870	0.00545	0.00509	0.00983	0.01528	0.01940	0.27561	0.05574	0.52554	0.01482	0.00736	0.00206	0.00309	0.01256	0.00612	0.00545
13	0.01309	0.01163	0.01524	0.01089	0.01650	0.00903	0.07675	0.01610	0.01309	0.02027	0.01122	0.01330	0.00925	0.00468	0.00488	0.00104	0.00519	0.00405	0.00364	0.74015
14	0.00867	0.00747	0.03445	0.01028	0.01142	0.00653	0.07216	0.01015	0.01173	0.01575	0.02902	0.55430	0.03396	0.14903	0.01193	0.00308	0.00486	0.01483	0.00509	0.00529
15	0.01161	0.00581	0.00581	0.00581	0.00726	0.00581	0.00436	0.01452	0.01307	0.02323	0.02033	0.02323	0.01597	0.00726	0.00436	0.00145	0.00290	0.00581	0.81562	0.00581
16	0.02456	0.01299	0.01528	0.01216	0.01671	0.03328	0.00989	0.16256	0.16003	0.44963	0.02248	0.02014	0.01500	0.00778	0.00626	0.00194	0.00569	0.00623	0.00703	0.01036
17	0.00777	0.00566	0.00772	0.04096	0.01048	0.00544	0.00627	0.00898	0.01195	0.01591	0.03335	0.74456	0.03981	0.01895	0.00788	0.00251	0.00381	0.01719	0.00566	0.00514
18	0.00778	0.00617	0.00701	0.00725	0.00886	0.00540	0.00534	0.00956	0.01441	0.01828	0.18654	0.20291	0.44382	0.01600	0.00752	0.00219	0.00329	0.03632	0.00599	0.00535
19	0.02169	0.05161	0.01834	0.01592	0.01874	0.62790	0.01222	0.02328	0.01634	0.01519	0.00939	0.01154	0.00805	0.00702	0.00767	0.00176	0.11882	0.00420	0.00312	0.00719
20	0.01409	0.01688	0.08554	0.02327	0.02858	0.01558	0.52161	0.01878	0.01383	0.01915	0.01319	0.01954	0.01086	0.00688	0.00919	0.00223	0.11793	0.05160	0.00322	0.00807
21	0.01234	0.01173	0.01660	0.01462	0.01492	0.01599	0.01203	0.01393	0.00967	0.01485	0.01051	0.01660	0.01021	0.02072	0.22208	0.00472	0.56332	0.00579	0.00289	0.00647
22	0.00845	0.00606	0.00812	0.00947	0.01024	0.00580	0.00711	0.01011	0.01272	0.01673	0.03438	0.49441	0.06182	0.04228	0.00889	0.00274	0.00438	0.24532	0.00571	0.00525
23	0.01916	0.01480	0.02058	0.06336	0.10232	0.03546	0.13205	0.17047	0.19960	0.14877	0.01809	0.01848	0.01307	0.00707	0.00643	0.00198	0.00699	0.00633	0.00535	0.00964
24	0.01731	0.01967	0.12869	0.01997	0.06067	0.11856	0.27058	0.11090	0.06699	0.06129	0.01409	0.01626	0.01052	0.00726	0.02524	0.00214	0.00908	0.00604	0.02596	0.00879
25	0.00758	0.00546	0.00719	0.00857	0.00901	0.00507	0.00574	0.00869	0.01203	0.01594	0.03557	0.74640	0.07098	0.01936	0.00793	0.00251	0.00360	0.01752	0.00578	0.00507
26	0.02760	0.01117	0.01481	0.01136	0.01619	0.01000	0.00938	0.08793	0.01879	0.68757	0.02378	0.02069	0.01502	0.00769	0.00626	0.00192	0.00543	0.00621	0.00759	0.01060
27	0.01704	0.01084	0.01598	0.19724	0.08536	0.01105	0.03263	0.07623	0.01661	0.22426	0.14825	0.02652	0.02163	0.00851	0.00658	0.00199	0.00607	0.05295	0.00543	0.03482
28	0.01424	0.01353	0.02294	0.21660	0.53860	0.01419	0.01811	0.01802	0.01391	0.01946	0.04229	0.01703	0.01155	0.00602	0.00623	0.00191	0.00744	0.00579	0.00317	0.00897
29	0.00903	0.00617	0.00744	0.00744	0.00766	0.00639	0.00457	0.00947	0.00925	0.01256	0.01905	0.03753	0.02124	0.63478	0.17604	0.00683	0.00816	0.00859	0.00369	0.00413
30	0.01289	0.01107	0.01308	0.03005	0.01554	0.00846	0.00766	0.01569	0.01291	0.02018	0.01107	0.01302	0.00920	0.00466	0.00466	0.00095	0.00472	0.00374	0.00367	0.79677
31	0.01964	0.01181	0.01694	0.01368	0.01779	0.01179	0.11026	0.04911	0.20084	0.31311	0.02257	0.02458	0.01676	0.01200	0.07966	0.00285	0.00713	0.05411	0.00610	0.00928
32	0.01425	0.01208	0.01302	0.01178	0.01492	0.01371	0.00912	0.02913	0.59814	0.02586	0.15817	0.02758	0.02642	0.00925	0.00653	0.00208	0.00456	0.00783	0.00644	0.00912
33	0.01542	0.01480	0.02529	0.03824	0.74217	0.01480	0.01912	0.01912	0.01419	0.02036	0.01172	0.01542	0.00987	0.00555	0.00617	0.00185	0.00740	0.00555	0.00308	0.00987
34	0.00905	0.00605	0.00686	0.00684	0.00690	0.00603	0.00386	0.00918	0.00943	0.01263	0.05029	0.04102	0.02419	0.74828	0.03067	0.00587	0.00591	0.00915	0.00391	0.00386
35	0.00775	0.00564	0.00731	0.00833	0.00902	0.00520	0.00570	0.00915	0.01298	0.01733	0.14094	0.60282	0.10847	0.01817	0.00781	0.00241	0.00347	0.01634	0.00594	0.00520
36	0.01429	0.01365	0.02325	0.26339	0.52585	0.01451	0.01856	0.01813	0.01365	0.01898	0.01152	0.01579	0.00939	0.00576	0.00619	0.00192	0.00768	0.00555	0.00299	0.00896
37	0.02456	0.01604	0.01783	0.01367	0.01862	0.01723	0.01129	0.57915	0.02694	0.18484	0.01694	0.01624	0.01159	0.00753	0.00624	0.00188	0.00654	0.00574	0.00654	0.01060
38	0.00784	0.00634	0.00691	0.00685	0.00872	0.00549	0.00514	0.00972	0.01483	0.01861	0.21553	0.05663	0.53794	0.03910	0.00816	0.00222	0.00328	0.03535	0.00597	0.00537
39	0.02544	0.01463	0.01695	0.01300	0.01791	0.01514	0.01074	0.43679	0.02457	0.33054	0.01892	0.01753	0.01258	0.00758	0.00625	0.00189	0.00622	0.00588	0.00684	0.01060
40	0.01609	0.01546	0.01808	0.01519	0.01913	0.08457	0.12458	0.03022	0.54885	0.02407	0.02184	0.02109	0.01645	0.00775	0.00644	0.00206	0.00642	0.00681	0.00553	0.00938
41	0.01550	0.01338	0.01409	0.01268	0.01620	0.01550	0.00986	0.03311	0.73091	0.02606	0.02536	0.02325	0.01902	0.00845	0.00634	0.00211	0.00493	0.00704	0.00634	0.00986
42	0.01161	0.00581	0.00581	0.00581	0.00726	0.00581	0.00436	0.01452	0.01307	0.02323	0.02033	0.02323	0.01597	0.00726	0.00436	0.00145	0.00290	0.00581	0.81562	0.00581
43	0.00736	0.00631	0.00631	0.00631	0.00842	0.00526	0.00473	0.00894	0.01420	0.01683	0.06312	0.05996	0.73964	0.01578	0.00736	0.00210	0.00316	0.01315	0.00579	0.00526
44	0.01340	0.01089	0.01287	0.00934	0.01468	0.00832	0.00747	0.01614	0.01302	0.05077	0.01186	0.01371	0.00973	0.00634	0.03319	0.00131	0.00510	0.00391	0.00385	0.75409
45	0.02327	0.02970	0.01766	0.01605	0.01926	0.75602	0.01204	0.02488	0.01766	0.01525	0.00963	0.01124	0.00803	0.00642	0.00562	0.00161	0.01124	0.00401	0.00321	0.00722
46	0.00938	0.00620	0.00858	0.00858	0.00909	0.00671	0.00599	0.00981	0.00929	0.01291	0.01633	0.02842	0.01677	0.27394	0.36520	0.18714	0.01083	0.00715	0.00334	0.00437
47	0.01272	0.01086	0.01270	0.00921	0.01455	0.00818	0.00732	0.01542	0.01288	0.02014	0.01196	0.04190	0.01044	0.00518	0.00474	0.00098	0.00458	0.00422	0.00377	0.78825
48	0.01521	0.52297	0.28178	0.01313	0.01981	0.02111	0.01496	0.01903	0.01283	0.01642	0.00954	0.01109	0.00796	0.00554	0.00467	0.00156	0.00755	0.00377	0.00265	0.00842
49	0.01639	0.01402	0.02194	0.22671	0.40520	0.01498	0.01698	0.12986	0.01630	0.05883	0.01271	0.01596	0.00985	0.00615	0.00620	0.00192	0.00745	0.00559	0.00373	0.00924
50	0.02327	0.02970	0.01766	0.01605	0.01926	0.75602	0.01204	0.02488	0.01766	0.01525	0.00963	0.01124	0.00803	0.00642	0.00562	0.00161	0.01124	0.00401	0.00321	0.00722
51	0.00776	0.00547	0.00723	0.00856	0.00900	0.00512	0.00575	0.00898	0.01220	0.01651	0.06370	0.72382	0.04121	0.01887	0.00782	0.00247	0.00357	0.01709	0.02976	0.00512
52	0.01292	0.01107	0.01292	0.00923	0.01477	0.00831	0.00738	0.01569	0.01292	0.02030	0.01107	0.01292	0.00923	0.00461	0.00461	0.00092	0.00461	0.00369	0.00369	0.81912
53	0.01695	0.01367	0.01454	0.01268	0.01640	0.01558	0.00998	0.12981	0.59015	0.05094	0.02373	0.02201	0.01763	0.00826	0.00627	0.00206	0.00516	0.00678	0.02751	0.00988
54	0.00763	0.00626	0.00673	0.00683	0.00869	0.00537	0.00509	0.00936	0.01444	0.01780	0.14350	0.11999	0.57864	0.01576	0.00744	0.00214	0.00323	0.02986	0.00592	0.00533
55	0.00906	0.00604	0.00680	0.00680	0.00680	0.00604	0.00378	0.00906	0.00906	0.01208	0.01963	0.04077	0.02265	0.78103	0.03171	0.00604	0.00604	0.00906	0.00378	0.00378
56	0.00812	0.00634	0.00737	0.00711	0.00888	0.00558	0.00533	0.01041	0.01600	0.02110	0.41663	0.05294	0.38347	0.01419	0.00736	0.00203	0.00304	0.01217	0.00635	0.00558
57	0.00890	0.00668	0.01001	0.01001	0.01113	0.00779	0.00779	0.01113	0.01001	0.01446	0.01669	0.02448	0.01558	0.04673	0.75634	0.01001	0.01669	0.00668	0.00334	0.00556
58	0.01182	0.01082	0.01428	0.01333	0.04987	0.06421	0.07094	0.01327	0.01071	0.01446	0.01498	0.02664	0.01549	0.32295	0.15802	0.00521	0.16676	0.00718	0.00335	0.00570
59	0.01536	0.08451	0.50553	0.01709	0.02459	0.16717	0.04249	0.03905	0.01451	0.01897	0.01083	0.01270	0.00805	0.00600	0.00578	0.00185	0.00942	0.00451	0.00286	0.00873
60	0.82504	0.01205	0.00916	0.00819	0.01205	0.01398	0.00675	0.01832	0.01060	0.02795	0.00868	0.01012	0.00675	0.00578	0.00386	0.00193	0.00482	0.00337	0.00386	0.00675
61	0.01747	0.13447	0.16929	0.01866	0.04444	0.12775	0.21924	0.09816	0.03980	0.05369	0.01249	0.01442	0.00944	0.00604	0.00608	0.00185	0.00889	0.00542	0.00363	0.00875
62	0.00915	0.00658	0.00900	0.01038	0.01150	0.00642	0.00848	0.01140	0.01357	0.01770	0.03456	0.29604	0.06426	0.01790	0.00835	0.00273	0.00496	0.45576	0.00575	0.00550
63	0.01327	0.01336	0.05713	0.12413	0.45448	0.01269	0.01621	0.01694	0.01430	0.01994	0.09735	0.02412	0.07206	0.00762	0.00647	0.00195	0.00673	0.02898	0.00373	0.00852
64	0.01679	0.01532	0.02446	0.03285	0.56239	0.01564	0.05413	0.13885	0.03652	0.02370	0.01269	0.01563	0.01022	0.00594	0.00625	0.00187	0.00740	0.00570	0.00371	0.00992
65	0.01473	0.01674	0.03639	0.02665	0.05588	0.01573	0.69652	0.01993	0.01469	0.01997	0.01258	0.01676	0.00947	0.00526	0.00731	0.00209	0.01040	0.00729	0.00315	0.00845
66	0.00857	0.00621	0.00733	0.00763	0.00831	0.00611	0.00499	0.00981	0.03032	0.01446	0.03089	0.21199	0.15819	0.36862	0.09493	0.00480	0.00601	0.01151	0.00463	0.00469
67	0.00860	0.00644	0.00754	0.00733	0.00915	0.00568	0.00554	0.01081	0.01571	0.03866	0.35295	0.07709	0.38178	0.01443	0.00739	0.00207	0.00321	0.03365	0.00630	0.00567
68	0.82504	0.01205	0.00916	0.00819	0.01205	0.01398	0.00675	0.01832	0.01060	0.02795	0.00868	0.01012	0.00675	0.00578	0.00386	0.00193	0.00482	0.00337	0.00386	0.00675
69	0.01382	0.01114	0.01308	0.00955	0.01491	0.00867	0.00769	0.03986	0.01372	0.05158	0.01249	0.01521	0.01041	0.00525	0.00487	0.00106	0.00476	0.02662	0.00401	0.73129

[dist]
# distance from previous block
# <min> <max>
0	1

[block]
# block no. 4 follows, 36 sequences, length 30
# corresponding to MSA columns:
# 252-281
name=unknown_E
#
# <colnr> <probs for GDERKNQSTAVLIFYWHMCP>
#	G	D	E	R	K	N	Q	S	T	A	V	L	I	F	Y	W	H	M	C	P
0	0.01468	0.02921	0.63470	0.01689	0.02542	0.01416	0.02100	0.05682	0.01447	0.09657	0.01277	0.01409	0.00882	0.00619	0.00597	0.00196	0.00868	0.00483	0.00335	0.00942
1	0.00801	0.00561	0.00716	0.00817	0.00848	0.00534	0.00528	0.00889	0.01142	0.01528	0.05702	0.56464	0.03720	0.21061	0.01390	0.00339	0.00420	0.01530	0.00532	0.00477
2	0.11655	0.01120	0.01746	0.66841	0.03894	0.01386	0.01594	0.01623	0.01222	0.01747	0.01077	0.01578	0.00810	0.00617	0.00592	0.00206	0.00786	0.00526	0.00291	0.00690
3	0.68699	0.01235	0.01080	0.05946	0.01471	0.01451	0.00807	0.05505	0.01166	0.02708	0.00914	0.01099	0.00713	0.00617	0.00499	0.00198	0.04437	0.00374	0.00385	0.00697
4	0.01355	0.07776	0.07332	0.01207	0.01624	0.01134	0.03829	0.01916	0.13156	0.05742	0.02094	0.03320	0.01942	0.00960	0.00641	0.00195	0.00583	0.22596	0.00479	0.22119
5	0.04508	0.10981	0.02262	0.02501	0.34890	0.22536	0.01484	0.07729	0.01619	0.04195	0.01132	0.01357	0.00925	0.00600	0.00569	0.00173	0.00821	0.00481	0.00349	0.00888
6	0.00795	0.00571	0.00720	0.00821	0.00901	0.00527	0.00571	0.00942	0.01286	0.01723	0.09240	0.54734	0.14606	0.01770	0.00765	0.00238	0.00353	0.04058	0.04855	0.00522
7	0.01750	0.01484	0.01558	0.01403	0.04223	0.04089	0.01068	0.17922	0.53256	0.02832	0.02214	0.02081	0.01654	0.00808	0.00629	0.00204	0.00564	0.00659	0.00610	0.00993
8	0.01189	0.01522	0.22915	0.01267	0.01692	0.00978	0.09013	0.03449	0.01412	0.03696	0.09839	0.15271	0.02181	0.00939	0.00620	0.00194	0.00589	0.00830	0.21682	0.00721
9	0.01610	0.30946	0.28806	0.01370	0.02031	0.01735	0.03493	0.04800	0.01425	0.09401	0.03116	0.01385	0.01030	0.00603	0.00524	0.00166	0.00733	0.00454	0.00351	0.06020
10	0.01250	0.03223	0.74875	0.01776	0.02697	0.01447	0.02302	0.01973	0.01315	0.01973	0.01118	0.01315	0.00789	0.00592	0.00592	0.00197	0.00921	0.00460	0.00263	0.00921
11	0.00795	0.00559	0.00718	0.00825	0.00858	0.00530	0.00537	0.00888	0.01155	0.01546	0.05940	0.59308	0.03801	0.17928	0.01292	0.00325	0.00410	0.01564	0.00540	0.00482
12	0.01250	0.03223	0.74875	0.01776	0.02697	0.01447	0.02302	0.01973	0.01315	0.01973	0.01118	0.01315	0.00789	0.00592	0.00592	0.00197	0.00921	0.00460	0.00263	0.00921
13	0.00982	0.00600	0.00871	0.00871	0.00916	0.00645	0.00616	0.00945	0.00900	0.01245	0.01431	0.02396	0.01425	0.12905	0.31977	0.38924	0.01003	0.00639	0.00310	0.00399
14	0.00917	0.00668	0.00895	0.01015	0.01145	0.00646	0.00838	0.01152	0.01393	0.01805	0.05837	0.21198	0.12574	0.01737	0.00828	0.00268	0.00490	0.45460	0.00579	0.00554
15	0.00757	0.00552	0.00713	0.00843	0.00897	0.00508	0.00567	0.00870	0.01217	0.01600	0.03737	0.70137	0.11485	0.01913	0.00789	0.00249	0.00357	0.01723	0.00578	0.00508
16	0.82504	0.01205	0.00916	0.00819	0.01205	0.01398	0.00675	0.01832	0.01060	0.02795	0.00868	0.01012	0.00675	0.00578	0.00386	0.00193	0.00482	0.00337	0.00386	0.00675
17	0.01495	0.01762	0.09901	0.02788	0.21972	0.01547	0.42603	0.03871	0.03860	0.02076	0.01272	0.01626	0.00977	0.00556	0.00684	0.00202	0.00928	0.00656	0.00327	0.00897
18	0.01680	0.01014	0.01211	0.01042	0.01365	0.01025	0.00820	0.04066	0.25039	0.23423	0.24110	0.03167	0.07347	0.00994	0.00668	0.00201	0.00438	0.00842	0.00686	0.00862
19	0.58790	0.01466	0.08876	0.01486	0.15161	0.01418	0.01077	0.01861	0.01154	0.02567	0.00951	0.01144	0.00746	0.00575	0.00451	0.00192	0.00576	0.00391	0.00358	0.00759
20	0.02795	0.01060	0.01446	0.01109	0.01591	0.00916	0.00916	0.03036	0.01783	0.74648	0.02458	0.02121	0.01542	0.00771	0.00627	0.00193	0.00530	0.00627	0.00771	0.01060
21	0.00814	0.00634	0.00739	0.00713	0.00889	0.00559	0.00535	0.01045	0.01604	0.02119	0.42449	0.05279	0.37554	0.01415	0.00736	0.00203	0.00304	0.01214	0.00636	0.00559
22	0.01568	0.08616	0.18905	0.01409	0.02005	0.09930	0.06830	0.06209	0.07184	0.03779	0.01253	0.01397	0.00970	0.00579	0.00547	0.00155	0.00726	0.00464	0.00371	0.27104
23	0.01732	0.01429	0.01512	0.01305	0.01690	0.01635	0.01030	0.18663	0.57442	0.02901	0.02304	0.02140	0.01714	0.00824	0.00632	0.00206	0.00536	0.00672	0.00632	0.01003
24	0.03752	0.15942	0.21104	0.02028	0.21086	0.06005	0.01581	0.04611	0.08794	0.02033	0.01229	0.01407	0.00975	0.00597	0.00553	0.00174	0.00742	0.00478	0.00341	0.06568
25	0.00739	0.00621	0.00642	0.00659	0.00849	0.00524	0.00486	0.00891	0.01393	0.01672	0.05969	0.14531	0.65650	0.01622	0.00743	0.00215	0.00321	0.01369	0.00579	0.00524
26	0.01482	0.01521	0.08094	0.02434	0.33757	0.01446	0.03496	0.02406	0.28643	0.02248	0.01856	0.01971	0.03227	0.00701	0.00620	0.00196	0.00641	0.00630	0.03682	0.00949
27	0.01397	0.08910	0.61923	0.01730	0.04244	0.03282	0.02097	0.02032	0.01350	0.05782	0.01167	0.01334	0.00835	0.00597	0.00579	0.00191	0.00881	0.00460	0.00293	0.00916
28	0.01701	0.74470	0.03185	0.01095	0.01617	0.06348	0.01073	0.01899	0.01293	0.01469	0.00871	0.01006	0.00800	0.00539	0.00408	0.00135	0.00691	0.00337	0.00269	0.00795
29	0.01292	0.01107	0.01292	0.00923	0.01477	0.00831	0.00738	0.01569	0.01292	0.02030	0.01107	0.01292	0.00923	0.00461	0.00461	0.00092	0.00461	0.00369	0.00369	0.81912

[dist]
# distance from previous block
# <min> <max>
4	7

[block]
# block no. 5 follows, 36 sequences, length 10
# corresponding to MSA columns:
# 291-300
name=unknown_F
#
# <colnr> <probs for GDERKNQSTAVLIFYWHMCP>
#	G	D	E	R	K	N	Q	S	T	A	V	L	I	F	Y	W	H	M	C	P
0	0.01345	0.01312	0.02160	0.43702	0.26235	0.03933	0.06187	0.01739	0.01339	0.01765	0.01207	0.01789	0.00980	0.00633	0.00634	0.00202	0.00817	0.02928	0.00301	0.00792
1	0.18671	0.62223	0.02771	0.01014	0.01516	0.02241	0.00984	0.01858	0.01223	0.01746	0.00866	0.01002	0.00773	0.00543	0.00397	0.00146	0.00628	0.00334	0.00292	0.00773
2	0.01055	0.00896	0.01313	0.01689	0.23504	0.00850	0.00972	0.01344	0.01585	0.02184	0.37256	0.03977	0.18693	0.01116	0.00699	0.00196	0.00436	0.00990	0.00547	0.00698
3	0.00857	0.00603	0.00791	0.00905	0.00963	0.00585	0.00653	0.00992	0.01199	0.01585	0.03088	0.42792	0.03583	0.17908	0.01313	0.00336	0.00471	0.20343	0.00535	0.00498
4	0.00889	0.00614	0.00762	0.00774	0.00805	0.00638	0.00493	0.00953	0.00954	0.01300	0.02019	0.10087	0.02254	0.53553	0.20651	0.00670	0.00843	0.00923	0.00384	0.00432
5	0.02257	0.01492	0.01781	0.06136	0.02013	0.01599	0.03807	0.40275	0.11262	0.20074	0.01817	0.01763	0.01259	0.00749	0.00630	0.00194	0.00648	0.00600	0.00626	0.01019
6	0.01986	0.27312	0.06168	0.01403	0.06944	0.03987	0.01165	0.15246	0.07373	0.17512	0.04022	0.01618	0.01280	0.00681	0.00550	0.00172	0.00648	0.00519	0.00487	0.00928
7	0.00862	0.01106	0.16322	0.01059	0.01281	0.00704	0.00941	0.01100	0.01219	0.01671	0.02947	0.61629	0.03420	0.01666	0.00752	0.00241	0.00479	0.01496	0.00512	0.00593
8	0.08836	0.17887	0.10886	0.12767	0.09780	0.07006	0.05370	0.06797	0.01496	0.11743	0.01249	0.01424	0.00937	0.00614	0.00553	0.00180	0.00750	0.00487	0.00381	0.00856
9	0.05044	0.35227	0.02293	0.01219	0.01635	0.16812	0.01059	0.12898	0.01638	0.03953	0.03183	0.03384	0.01175	0.00709	0.00562	0.00165	0.03368	0.02303	0.02574	0.00797

[dist]
# distance from previous block
# <min> <max>
3	591

# created by:
# /home/cegg/simao/soft/augustus-3.2.1/scripts/msa2prfl.pl ./align_prep/EOG090W0EIQ.fa
