[name]
unknown

[dist]
# distance from previous block
# <min> <max>
12	101

[block]
# block no. 0 follows, 36 sequences, length 48
# corresponding to MSA columns:
# 133-180
name=unknown_A
#
# <colnr> <probs for GDERKNQSTAVLIFYWHMCP>
#	G	D	E	R	K	N	Q	S	T	A	V	L	I	F	Y	W	H	M	C	P
0	0.01545	0.07303	0.10508	0.01692	0.12188	0.06652	0.06796	0.11386	0.11009	0.02304	0.06852	0.03355	0.02864	0.02504	0.00657	0.00193	0.00668	0.00635	0.08632	0.02257
1	0.01525	0.10247	0.13323	0.10824	0.10674	0.04250	0.01393	0.11079	0.06882	0.03489	0.03162	0.04083	0.04187	0.00745	0.00671	0.00186	0.04992	0.00589	0.00398	0.07299
2	0.01644	0.09508	0.11109	0.01726	0.12000	0.10481	0.05906	0.08284	0.14518	0.03645	0.03772	0.01707	0.01296	0.00669	0.00579	0.00177	0.00706	0.00552	0.06288	0.05433
3	0.02992	0.14309	0.19440	0.03116	0.01905	0.06867	0.02972	0.06457	0.10583	0.08065	0.04398	0.09628	0.01564	0.00818	0.00622	0.00190	0.02230	0.00656	0.00435	0.02751
4	0.04866	0.07751	0.11094	0.05156	0.06401	0.14488	0.02528	0.19968	0.04452	0.02404	0.05601	0.03555	0.05385	0.00764	0.00596	0.00183	0.00737	0.00598	0.00440	0.03033
5	0.15112	0.07629	0.11361	0.01512	0.07769	0.13802	0.04102	0.03366	0.06725	0.03405	0.05085	0.04596	0.03962	0.00756	0.00642	0.00188	0.04774	0.00578	0.00393	0.04243
6	0.05910	0.07205	0.07662	0.13133	0.06643	0.07066	0.02732	0.03837	0.06227	0.01902	0.03429	0.18900	0.05915	0.01007	0.00634	0.00202	0.00636	0.02477	0.00425	0.04056
7	0.01222	0.05472	0.17465	0.01766	0.15747	0.01218	0.06621	0.01764	0.09525	0.01987	0.09480	0.02831	0.15298	0.03951	0.02769	0.00234	0.00667	0.00770	0.00425	0.00791
8	0.01340	0.01612	0.15482	0.19078	0.14037	0.03747	0.04904	0.06822	0.03978	0.02041	0.06706	0.04702	0.04367	0.00836	0.00684	0.00207	0.02259	0.06007	0.00392	0.00798
9	0.00930	0.00715	0.00825	0.00768	0.00967	0.00660	0.00584	0.06193	0.01707	0.02268	0.40967	0.04976	0.33424	0.01360	0.00727	0.00201	0.00331	0.01163	0.00637	0.00597
10	0.00924	0.00718	0.01067	0.01047	0.01150	0.00861	0.00821	0.01141	0.00998	0.01450	0.01607	0.02369	0.01504	0.04414	0.70312	0.00949	0.07114	0.00659	0.00329	0.00565
11	0.01352	0.03494	0.04169	0.04472	0.01762	0.13538	0.08352	0.01824	0.10949	0.01739	0.04150	0.02035	0.01451	0.02294	0.30329	0.00515	0.05876	0.00624	0.00373	0.00705
12	0.82504	0.01205	0.00916	0.00819	0.01205	0.01398	0.00675	0.01832	0.01060	0.02795	0.00868	0.01012	0.00675	0.00578	0.00386	0.00193	0.00482	0.00337	0.00386	0.00675
13	0.01381	0.01128	0.01245	0.09079	0.01662	0.05779	0.00869	0.05955	0.09590	0.07490	0.06004	0.08091	0.16604	0.00949	0.00620	0.00176	0.00521	0.00790	0.00504	0.21562
14	0.00765	0.00547	0.00728	0.00863	0.00905	0.00510	0.00579	0.00883	0.01221	0.01636	0.06963	0.74038	0.04209	0.01918	0.00792	0.00250	0.00358	0.01739	0.00584	0.00510
15	0.07721	0.01362	0.01446	0.01297	0.03980	0.04468	0.00990	0.09278	0.41035	0.15596	0.02181	0.02043	0.01587	0.00782	0.00604	0.00199	0.00544	0.00629	0.03298	0.00959
16	0.01508	0.01337	0.01589	0.10639	0.09059	0.04912	0.01077	0.10182	0.08926	0.02235	0.01300	0.01484	0.01029	0.00573	0.00539	0.00142	0.00597	0.00469	0.00407	0.41995
17	0.01441	0.01567	0.02990	0.16714	0.06781	0.04011	0.44628	0.01944	0.04133	0.01891	0.01232	0.01652	0.00948	0.00604	0.00796	0.00211	0.06666	0.00665	0.00317	0.00809
18	0.00790	0.00640	0.00705	0.00710	0.00902	0.00556	0.00546	0.00986	0.01487	0.01856	0.18877	0.05840	0.54273	0.01534	0.00748	0.00215	0.00336	0.07860	0.00599	0.00542
19	0.01330	0.01196	0.01992	0.47915	0.23293	0.01376	0.01688	0.01712	0.01327	0.04422	0.04374	0.01767	0.01122	0.00654	0.00673	0.00202	0.03271	0.00582	0.00322	0.00782
20	0.01846	0.01299	0.01500	0.18113	0.02160	0.09934	0.01128	0.11231	0.03966	0.21631	0.04685	0.07451	0.03071	0.01036	0.03254	0.00231	0.00705	0.05406	0.00535	0.00820
21	0.00896	0.00679	0.00831	0.00799	0.00963	0.00641	0.00596	0.01258	0.06819	0.02296	0.51647	0.10233	0.17309	0.01347	0.00732	0.00204	0.00317	0.01178	0.00655	0.00600
22	0.01542	0.01480	0.02529	0.03824	0.74217	0.01480	0.01912	0.01912	0.01419	0.02036	0.01172	0.01542	0.00987	0.00555	0.00617	0.00185	0.00740	0.00555	0.00308	0.00987
23	0.04436	0.00648	0.00769	0.00814	0.00938	0.00621	0.00586	0.01067	0.03640	0.01793	0.13322	0.31654	0.21087	0.06232	0.03256	0.02856	0.00422	0.04768	0.00557	0.00535
24	0.00906	0.00604	0.00680	0.00680	0.00680	0.00604	0.00378	0.00906	0.00906	0.01208	0.01963	0.04077	0.02265	0.78103	0.03171	0.00604	0.00604	0.00906	0.00378	0.00378
25	0.02280	0.01701	0.01820	0.01416	0.01898	0.01891	0.01163	0.64702	0.10511	0.03784	0.01608	0.01585	0.01151	0.00758	0.00624	0.00190	0.00665	0.00576	0.00624	0.01052
26	0.00769	0.00549	0.00717	0.00847	0.00886	0.00514	0.00561	0.00871	0.01179	0.01566	0.03417	0.70158	0.06144	0.07448	0.00965	0.00277	0.00378	0.01695	0.00564	0.00497
27	0.04950	0.01104	0.01228	0.01078	0.01380	0.01169	0.00850	0.23151	0.10982	0.09130	0.04192	0.16919	0.06146	0.01096	0.00649	0.00206	0.00496	0.04736	0.09732	0.00807
28	0.01817	0.01471	0.01559	0.01322	0.01722	0.01675	0.01051	0.25782	0.50184	0.03037	0.02196	0.02054	0.01627	0.00814	0.00630	0.00203	0.00556	0.00658	0.00630	0.01010
29	0.02309	0.01716	0.01837	0.01422	0.01910	0.01905	0.01170	0.67161	0.08004	0.03831	0.01571	0.01556	0.01121	0.00755	0.00624	0.00189	0.00672	0.00571	0.00624	0.01054
30	0.01133	0.00772	0.00910	0.00878	0.01089	0.00735	0.00667	0.04067	0.08524	0.09554	0.14605	0.20967	0.26839	0.01438	0.00731	0.00220	0.00391	0.05204	0.00621	0.00654
31	0.08767	0.00933	0.01076	0.00968	0.01245	0.00933	0.00758	0.09145	0.07046	0.17519	0.09045	0.14712	0.11566	0.04108	0.00761	0.00226	0.00462	0.06046	0.03940	0.00745
32	0.68650	0.01227	0.01015	0.00880	0.01271	0.01398	0.00724	0.08489	0.01275	0.05837	0.01036	0.01152	0.00781	0.00608	0.00420	0.00190	0.00496	0.00379	0.03449	0.00723
33	0.00782	0.00574	0.00727	0.00811	0.00891	0.00527	0.00557	0.00927	0.01317	0.01750	0.16111	0.51577	0.14903	0.04419	0.00858	0.00249	0.00351	0.01560	0.00590	0.00519
34	0.09992	0.00872	0.01062	0.00916	0.01230	0.00802	0.00721	0.02002	0.01528	0.34749	0.08868	0.11530	0.13988	0.03902	0.00740	0.00218	0.00448	0.02366	0.03285	0.00782
35	0.06364	0.01018	0.01247	0.01031	0.01394	0.00983	0.00834	0.09034	0.06962	0.35506	0.17382	0.02837	0.04173	0.00922	0.00638	0.00196	0.00475	0.03382	0.04743	0.00880
36	0.01471	0.01681	0.03676	0.02626	0.03256	0.01576	0.71954	0.01996	0.01471	0.01996	0.01261	0.01681	0.00945	0.00525	0.00735	0.00210	0.01050	0.00735	0.00315	0.00840
37	0.01292	0.01107	0.01292	0.00923	0.01477	0.00831	0.00738	0.01569	0.01292	0.02030	0.01107	0.01292	0.00923	0.00461	0.00461	0.00092	0.00461	0.00369	0.00369	0.81912
38	0.00828	0.00623	0.00736	0.00755	0.00875	0.00582	0.00538	0.00978	0.01296	0.01681	0.14733	0.14239	0.28643	0.19161	0.06979	0.00367	0.00502	0.05448	0.00531	0.00505
39	0.00764	0.00570	0.00702	0.00798	0.00879	0.00518	0.00544	0.00886	0.01255	0.01627	0.06415	0.54319	0.21350	0.05195	0.00883	0.00256	0.00359	0.01599	0.00573	0.00508
40	0.00838	0.00628	0.00850	0.00888	0.00990	0.00658	0.00656	0.01007	0.01118	0.01511	0.02904	0.21123	0.14045	0.09103	0.38345	0.00648	0.01031	0.02690	0.00441	0.00526
41	0.01512	0.05433	0.21920	0.05408	0.15285	0.09646	0.09276	0.07054	0.01508	0.02010	0.01374	0.04637	0.01191	0.00732	0.00662	0.00196	0.02721	0.05427	0.00348	0.03661
42	0.01530	0.01668	0.10594	0.11392	0.26854	0.01500	0.23106	0.04166	0.01447	0.05862	0.01246	0.01594	0.00958	0.00603	0.00724	0.00202	0.04727	0.00603	0.00335	0.00891
43	0.09528	0.00928	0.01088	0.00924	0.01270	0.00862	0.00740	0.04579	0.03811	0.32525	0.05917	0.05864	0.25511	0.01096	0.00654	0.00203	0.00448	0.02602	0.00648	0.00801
44	0.05201	0.01139	0.01402	0.01211	0.01534	0.03114	0.05790	0.14010	0.09538	0.14135	0.02554	0.16023	0.05989	0.02948	0.00746	0.00226	0.00568	0.10483	0.00579	0.02812
45	0.01782	0.07314	0.21932	0.01915	0.16473	0.07667	0.01553	0.14696	0.01710	0.11121	0.01496	0.06905	0.01209	0.00732	0.00606	0.00189	0.00754	0.00598	0.00427	0.00922
46	0.01143	0.04324	0.04742	0.00995	0.01227	0.00875	0.00809	0.03147	0.11306	0.07099	0.06895	0.30869	0.14118	0.01441	0.00724	0.00227	0.00452	0.08356	0.00576	0.00672
47	0.45430	0.13929	0.03933	0.01018	0.01466	0.03262	0.03441	0.05725	0.01292	0.04670	0.01233	0.01348	0.04010	0.00622	0.00453	0.00176	0.00566	0.00423	0.00390	0.06612

[dist]
# distance from previous block
# <min> <max>
2	6

[block]
# block no. 1 follows, 36 sequences, length 62
# corresponding to MSA columns:
# 187-248
name=unknown_B
#
# <colnr> <probs for GDERKNQSTAVLIFYWHMCP>
#	G	D	E	R	K	N	Q	S	T	A	V	L	I	F	Y	W	H	M	C	P
0	0.04841	0.00671	0.00756	0.00755	0.00913	0.00629	0.00548	0.01115	0.04107	0.01973	0.26213	0.16936	0.28919	0.07729	0.00924	0.00244	0.00355	0.01228	0.00588	0.00554
1	0.22986	0.01057	0.01169	0.00967	0.01336	0.01052	0.00763	0.03812	0.07322	0.30015	0.05115	0.02166	0.01591	0.11501	0.00913	0.00245	0.00513	0.00600	0.00570	0.06307
2	0.05287	0.00779	0.00923	0.00885	0.01087	0.00750	0.00662	0.04795	0.04747	0.11738	0.15095	0.25546	0.16635	0.04929	0.00827	0.00237	0.00410	0.03409	0.00607	0.00650
3	0.09700	0.00784	0.00845	0.00784	0.00968	0.00822	0.00586	0.07598	0.01362	0.05486	0.05184	0.05018	0.01841	0.14335	0.08826	0.00329	0.00556	0.00685	0.33678	0.00615
4	0.19917	0.01313	0.01363	0.01115	0.01525	0.01418	0.00906	0.27121	0.11297	0.14411	0.02091	0.02028	0.07575	0.00798	0.00574	0.00193	0.00540	0.00607	0.04312	0.00896
5	0.00964	0.00685	0.00784	0.00762	0.00860	0.00676	0.00509	0.03750	0.04577	0.01772	0.17660	0.09919	0.11369	0.37784	0.01876	0.00394	0.00473	0.01032	0.03643	0.00510
6	0.05434	0.00762	0.00916	0.00841	0.01054	0.00716	0.00636	0.04630	0.01590	0.12670	0.30212	0.12810	0.17451	0.03787	0.00838	0.02928	0.00386	0.01074	0.00622	0.00643
7	0.64907	0.01338	0.01172	0.01000	0.01402	0.05058	0.04152	0.05206	0.03918	0.05520	0.01044	0.01164	0.00791	0.00604	0.00440	0.00192	0.00552	0.00395	0.00414	0.00729
8	0.00882	0.00601	0.00687	0.00700	0.00720	0.00590	0.00410	0.00912	0.00993	0.01319	0.05105	0.11512	0.06106	0.63808	0.02721	0.00534	0.00554	0.01021	0.00419	0.00406
9	0.00911	0.00629	0.00724	0.00744	0.00769	0.00633	0.00446	0.01020	0.04590	0.01350	0.02266	0.17704	0.02593	0.60031	0.02601	0.00519	0.00553	0.01057	0.00428	0.00432
10	0.01797	0.01285	0.01420	0.01231	0.01608	0.01421	0.00970	0.06652	0.54131	0.15868	0.04837	0.02323	0.01926	0.00841	0.00635	0.00206	0.00503	0.00697	0.00660	0.00990
11	0.00863	0.00605	0.00710	0.00724	0.00775	0.00585	0.00456	0.00940	0.01116	0.01486	0.11751	0.14383	0.11160	0.46780	0.04657	0.00473	0.00534	0.01091	0.00466	0.00445
12	0.06785	0.00822	0.00959	0.00858	0.01081	0.00808	0.00657	0.07595	0.04037	0.07276	0.44300	0.04003	0.12093	0.05031	0.00813	0.00217	0.00381	0.00986	0.00636	0.00662
13	0.01617	0.01372	0.01447	0.01282	0.01646	0.01581	0.01002	0.08971	0.67322	0.02715	0.02450	0.02256	0.01833	0.00837	0.00633	0.00209	0.00509	0.00693	0.00633	0.00992
14	0.01305	0.01119	0.01298	0.00940	0.01484	0.00867	0.00751	0.01656	0.04903	0.02059	0.01179	0.01344	0.00972	0.00481	0.00470	0.00098	0.00463	0.00386	0.00382	0.77842
15	0.00823	0.00606	0.00730	0.00774	0.00868	0.00556	0.00526	0.00947	0.01247	0.01644	0.11660	0.33843	0.18137	0.19282	0.01315	0.00315	0.00408	0.02930	0.00538	0.02849
16	0.00765	0.00547	0.00728	0.00864	0.00905	0.00510	0.00579	0.00882	0.01220	0.01634	0.06802	0.74205	0.04205	0.01920	0.00792	0.00250	0.00358	0.01740	0.00584	0.00510
17	0.00770	0.00560	0.00716	0.00827	0.00887	0.00517	0.00557	0.00888	0.01232	0.01626	0.07146	0.62198	0.12114	0.05706	0.00905	0.00263	0.00365	0.01644	0.00574	0.00506
18	0.01363	0.01363	0.01908	0.01636	0.01636	0.01908	0.01363	0.01499	0.00954	0.01499	0.00818	0.01363	0.00818	0.01091	0.02045	0.00273	0.76963	0.00545	0.00273	0.00682
19	0.01025	0.00773	0.01012	0.00976	0.01118	0.00777	0.03883	0.07513	0.03729	0.01819	0.05665	0.29224	0.10079	0.15975	0.07503	0.02242	0.00589	0.05015	0.00512	0.00571
20	0.00798	0.00621	0.00716	0.00725	0.00880	0.00550	0.00530	0.00985	0.01468	0.01899	0.26110	0.15540	0.38528	0.05199	0.00863	0.00233	0.00335	0.02881	0.00601	0.00536
21	0.01581	0.01293	0.01385	0.01238	0.01587	0.01474	0.00965	0.03200	0.66295	0.06192	0.05775	0.02420	0.02065	0.00861	0.00638	0.00210	0.00486	0.00720	0.00643	0.00972
22	0.01575	0.01517	0.02382	0.12363	0.58928	0.04899	0.01822	0.05350	0.01488	0.02052	0.01171	0.01535	0.00963	0.00577	0.00615	0.00187	0.00766	0.00548	0.00321	0.00943
23	0.01472	0.01443	0.02292	0.25628	0.49526	0.05180	0.01822	0.01845	0.01384	0.01876	0.01142	0.01557	0.00931	0.00580	0.00616	0.00191	0.00787	0.00547	0.00300	0.00885
24	0.00890	0.00668	0.01001	0.01001	0.01113	0.00779	0.00779	0.01113	0.01001	0.01446	0.01669	0.02448	0.01558	0.04673	0.75634	0.01001	0.01669	0.00668	0.00334	0.00556
25	0.00857	0.00636	0.00798	0.00758	0.00916	0.00577	0.00568	0.01127	0.01705	0.02359	0.62292	0.04884	0.17562	0.01326	0.00735	0.00198	0.00298	0.01159	0.00667	0.00577
26	0.01469	0.01282	0.01345	0.01301	0.04968	0.04714	0.00953	0.02767	0.51964	0.04013	0.02919	0.06700	0.10963	0.00971	0.00651	0.00209	0.00505	0.00815	0.00597	0.00893
27	0.01388	0.09741	0.23191	0.05583	0.05414	0.06110	0.05539	0.06483	0.01434	0.01955	0.08351	0.04492	0.01512	0.01086	0.06656	0.00262	0.09045	0.00613	0.00357	0.00790
28	0.00808	0.00608	0.00754	0.00818	0.00939	0.00554	0.00603	0.00991	0.01405	0.01838	0.18854	0.33760	0.24073	0.01678	0.00774	0.00233	0.00360	0.09813	0.00600	0.00537
29	0.01359	0.07621	0.10752	0.03119	0.01738	0.06381	0.02893	0.04938	0.08304	0.01778	0.01369	0.03238	0.01199	0.01882	0.21344	0.00430	0.19984	0.00587	0.00349	0.00737
30	0.00936	0.00731	0.01071	0.01045	0.01140	0.00878	0.00813	0.01139	0.00992	0.01439	0.01603	0.02431	0.01525	0.08292	0.64638	0.00910	0.08860	0.00669	0.00330	0.00559
31	0.01924	0.37040	0.02444	0.01422	0.04844	0.33759	0.01150	0.03803	0.01515	0.01574	0.00976	0.01159	0.00852	0.00789	0.04175	0.00191	0.00916	0.00394	0.00304	0.00769
32	0.01801	0.01431	0.05496	0.01200	0.03132	0.04041	0.00994	0.19054	0.01806	0.13145	0.04483	0.01606	0.01247	0.00627	0.00551	0.00145	0.00575	0.00496	0.00495	0.37675
33	0.03039	0.03710	0.23584	0.02236	0.24359	0.11153	0.03110	0.04874	0.05240	0.02043	0.03994	0.02944	0.01248	0.00829	0.03484	0.00221	0.00838	0.01863	0.00352	0.00876
34	0.01620	0.04507	0.05945	0.09065	0.15677	0.08561	0.01342	0.06610	0.35174	0.02296	0.01791	0.01846	0.01370	0.00718	0.00611	0.00196	0.00673	0.00597	0.00473	0.00927
35	0.10131	0.31896	0.14342	0.01500	0.06894	0.14096	0.02979	0.06564	0.01463	0.01918	0.01045	0.01282	0.00875	0.00605	0.00503	0.00166	0.00778	0.01822	0.00321	0.00820
36	0.01470	0.01619	0.14680	0.01997	0.20958	0.02821	0.03080	0.06518	0.16199	0.05065	0.10672	0.05063	0.02006	0.00839	0.00651	0.00202	0.00648	0.04150	0.00474	0.00887
37	0.00891	0.00665	0.00990	0.00990	0.01097	0.00773	0.00764	0.01105	0.00998	0.01438	0.01679	0.02506	0.01583	0.07305	0.73037	0.00987	0.01631	0.00676	0.00335	0.00550
38	0.01321	0.01086	0.01243	0.02981	0.05737	0.01176	0.00887	0.09232	0.30407	0.02318	0.05951	0.06910	0.17183	0.04200	0.04167	0.00258	0.00536	0.00879	0.02732	0.00796
39	0.02795	0.01060	0.01446	0.01109	0.01591	0.00916	0.00916	0.03036	0.01783	0.74648	0.02458	0.02121	0.01542	0.00771	0.00627	0.00193	0.00530	0.00627	0.00771	0.01060
40	0.01534	0.03855	0.05117	0.01392	0.05863	0.01466	0.01083	0.09836	0.39687	0.04159	0.08045	0.02397	0.04928	0.00997	0.03187	0.00231	0.04046	0.00706	0.00562	0.00907
41	0.01338	0.01099	0.01183	0.01103	0.01378	0.01231	0.00842	0.02604	0.50408	0.02401	0.07076	0.12553	0.05722	0.01041	0.00650	0.00211	0.00440	0.00889	0.06984	0.00846
42	0.00880	0.00699	0.00884	0.00878	0.01012	0.00732	0.00660	0.01128	0.04483	0.01663	0.09211	0.12949	0.24264	0.07083	0.26410	0.00509	0.04468	0.01047	0.00480	0.00559
43	0.01942	0.01977	0.01601	0.01412	0.01773	0.28016	0.01092	0.12696	0.37785	0.02406	0.01829	0.01780	0.01391	0.00759	0.00607	0.00190	0.00745	0.00576	0.00521	0.00902
44	0.00839	0.00595	0.00680	0.00714	0.00763	0.00566	0.00442	0.00895	0.01071	0.01388	0.03139	0.21462	0.16483	0.45786	0.02154	0.00447	0.00493	0.01185	0.00463	0.00436
45	0.00881	0.00589	0.00694	0.00724	0.00735	0.00579	0.00429	0.00893	0.00971	0.01291	0.02313	0.19175	0.04051	0.57230	0.02597	0.04408	0.00545	0.01075	0.00418	0.00402
46	0.01100	0.00655	0.00822	0.00846	0.00979	0.00618	0.00613	0.02889	0.01388	0.09281	0.11754	0.38054	0.05809	0.04963	0.00819	0.00237	0.00386	0.04656	0.13535	0.00595
47	0.03143	0.01166	0.01890	0.29413	0.11108	0.01267	0.11453	0.01814	0.09835	0.03601	0.03476	0.03822	0.08089	0.02303	0.00713	0.00218	0.00711	0.04818	0.00403	0.00757
48	0.01389	0.05383	0.16314	0.13230	0.29029	0.03101	0.01657	0.01903	0.06449	0.01970	0.04564	0.03403	0.01265	0.00651	0.00600	0.00184	0.00726	0.00572	0.00344	0.07266
49	0.01472	0.01503	0.03836	0.14126	0.41028	0.07956	0.04167	0.04057	0.01478	0.01950	0.03095	0.02074	0.09136	0.00706	0.00632	0.00191	0.00746	0.00641	0.00351	0.00855
50	0.01400	0.01672	0.13476	0.02782	0.39673	0.03149	0.10009	0.01858	0.03792	0.02011	0.04980	0.06622	0.03014	0.00734	0.00650	0.00197	0.00749	0.01984	0.00359	0.00886
51	0.01020	0.00860	0.00979	0.00937	0.01129	0.00908	0.00711	0.01597	0.19735	0.02000	0.13639	0.16019	0.28919	0.01369	0.00828	0.00221	0.06742	0.01142	0.00582	0.00662
52	0.01458	0.02180	0.34083	0.01775	0.10910	0.01431	0.01665	0.05492	0.21069	0.03953	0.01561	0.01644	0.01160	0.00656	0.00597	0.00189	0.00719	0.00539	0.00408	0.08509
53	0.00906	0.00604	0.00680	0.00680	0.00680	0.00604	0.00378	0.00906	0.00906	0.01208	0.01963	0.04077	0.02265	0.78103	0.03171	0.00604	0.00604	0.00906	0.00378	0.00378
54	0.05213	0.01338	0.01869	0.09638	0.27758	0.01454	0.03031	0.02473	0.31133	0.04853	0.01822	0.03768	0.01434	0.00725	0.00622	0.00201	0.00625	0.00644	0.00467	0.00930
55	0.01371	0.01050	0.01299	0.01140	0.06487	0.00869	0.00818	0.01708	0.05192	0.08662	0.03342	0.09910	0.04650	0.00742	0.00550	0.00139	0.00468	0.00631	0.00454	0.50516
56	0.11348	0.28931	0.23718	0.01465	0.05970	0.06671	0.01442	0.07526	0.01448	0.04737	0.01073	0.01213	0.00841	0.00590	0.00503	0.00170	0.00750	0.00417	0.00333	0.00856
57	0.01610	0.62728	0.14860	0.01207	0.01787	0.04243	0.01277	0.01893	0.01281	0.01551	0.00909	0.01061	0.00798	0.00556	0.00467	0.00147	0.02182	0.00360	0.00268	0.00815
58	0.04606	0.00682	0.00853	0.00799	0.00974	0.00636	0.00609	0.01215	0.01691	0.02444	0.63018	0.04504	0.07630	0.01240	0.00714	0.00196	0.00320	0.03711	0.00653	0.03504
59	0.01219	0.02588	0.04233	0.05156	0.18598	0.01145	0.01137	0.01801	0.15066	0.02145	0.21057	0.03213	0.10170	0.02636	0.00789	0.00213	0.04085	0.03475	0.00503	0.00772
60	0.00999	0.00868	0.04589	0.01019	0.04454	0.00752	0.00776	0.04036	0.04077	0.02389	0.51283	0.07139	0.10159	0.01239	0.00722	0.00202	0.00382	0.03644	0.00627	0.00646
61	0.01272	0.01086	0.01270	0.00921	0.01455	0.00818	0.00732	0.01542	0.01288	0.02013	0.01197	0.04221	0.01045	0.00519	0.00474	0.00098	0.00458	0.00423	0.00377	0.78792

[dist]
# distance from previous block
# <min> <max>
0	3

[block]
# block no. 2 follows, 36 sequences, length 10
# corresponding to MSA columns:
# 252-261
name=unknown_C
#
# <colnr> <probs for GDERKNQSTAVLIFYWHMCP>
#	G	D	E	R	K	N	Q	S	T	A	V	L	I	F	Y	W	H	M	C	P
0	0.01113	0.00871	0.00986	0.00934	0.01139	0.03333	0.00736	0.10513	0.01766	0.02342	0.33194	0.08274	0.17951	0.01351	0.00739	0.00215	0.00429	0.12858	0.00620	0.00636
1	0.03566	0.01216	0.04314	0.08255	0.01909	0.01037	0.06383	0.01924	0.08223	0.10647	0.01553	0.06243	0.01268	0.00655	0.00557	0.00152	0.00564	0.00566	0.00439	0.40529
2	0.58239	0.01459	0.08071	0.06646	0.01671	0.01472	0.00974	0.11084	0.01344	0.02777	0.00992	0.01153	0.00748	0.00605	0.00454	0.00194	0.00576	0.00395	0.00397	0.00750
3	0.01084	0.00726	0.00970	0.01045	0.01218	0.00694	0.00880	0.01330	0.01417	0.06761	0.03479	0.11024	0.11253	0.04443	0.00901	0.00276	0.00526	0.48563	0.00575	0.02837
4	0.00880	0.00602	0.00678	0.00688	0.00710	0.00590	0.00400	0.00902	0.00974	0.01279	0.02472	0.09270	0.09137	0.65719	0.02780	0.00543	0.00560	0.01003	0.00410	0.00400
5	0.12271	0.01352	0.01379	0.01222	0.01589	0.01559	0.00960	0.08391	0.58230	0.02732	0.02237	0.02088	0.01676	0.00803	0.00600	0.00207	0.00506	0.00645	0.00600	0.00951
6	0.01931	0.01833	0.01604	0.01389	0.01768	0.19784	0.01086	0.19155	0.39257	0.02649	0.01908	0.01837	0.01436	0.00773	0.00614	0.00193	0.00692	0.00597	0.00555	0.00939
7	0.01087	0.00634	0.00739	0.00740	0.00861	0.00616	0.00539	0.01288	0.01301	0.05404	0.11857	0.06504	0.05312	0.21152	0.01272	0.00297	0.00422	0.09259	0.30170	0.00546
8	0.01307	0.00978	0.04773	0.01097	0.02901	0.00890	0.02377	0.05110	0.05452	0.13200	0.03146	0.19903	0.16814	0.05973	0.07952	0.00316	0.03701	0.02872	0.00540	0.00696
9	0.01269	0.00718	0.00922	0.00842	0.01060	0.00640	0.00641	0.01504	0.01636	0.18359	0.37470	0.13927	0.15950	0.01301	0.00719	0.00205	0.00359	0.01131	0.00673	0.00672

[dist]
# distance from previous block
# <min> <max>
2	8

[block]
# block no. 3 follows, 36 sequences, length 11
# corresponding to MSA columns:
# 270-280
name=unknown_D
#
# <colnr> <probs for GDERKNQSTAVLIFYWHMCP>
#	G	D	E	R	K	N	Q	S	T	A	V	L	I	F	Y	W	H	M	C	P
0	0.01360	0.01239	0.01789	0.10673	0.28994	0.04310	0.02786	0.05200	0.05728	0.02075	0.12295	0.02700	0.07297	0.00965	0.02058	0.02350	0.02299	0.04660	0.00429	0.00795
1	0.01593	0.01161	0.01367	0.00996	0.01535	0.00946	0.00804	0.08407	0.01511	0.11857	0.01323	0.01421	0.01018	0.00530	0.00499	0.00115	0.00492	0.00421	0.00446	0.63559
2	0.00906	0.00607	0.00794	0.00870	0.00954	0.00570	0.00617	0.01057	0.01304	0.04854	0.13556	0.46156	0.06100	0.09798	0.01035	0.00282	0.00406	0.09019	0.00581	0.00536
3	0.00887	0.00602	0.00714	0.00752	0.00771	0.00595	0.00466	0.00930	0.01002	0.01332	0.02345	0.18035	0.02718	0.57740	0.02542	0.00513	0.00556	0.06652	0.00431	0.00417
4	0.00845	0.00620	0.00749	0.00765	0.00876	0.00575	0.00543	0.01015	0.01386	0.01846	0.27112	0.15867	0.19779	0.18778	0.01302	0.00306	0.00399	0.06154	0.00569	0.00514
5	0.01653	0.61747	0.13783	0.01211	0.01786	0.07701	0.01260	0.01927	0.01310	0.01546	0.00911	0.01056	0.00798	0.00550	0.00440	0.00145	0.00738	0.00357	0.00270	0.00812
6	0.01619	0.06853	0.05550	0.01174	0.05620	0.01014	0.00927	0.03504	0.01432	0.19029	0.01903	0.09359	0.04468	0.03917	0.00671	0.00174	0.00529	0.00647	0.00483	0.31127
7	0.01632	0.07610	0.02199	0.31326	0.14306	0.04595	0.08569	0.07645	0.04597	0.09541	0.01341	0.01632	0.01002	0.00631	0.00614	0.00193	0.00780	0.00563	0.00381	0.00844
8	0.01025	0.03941	0.01101	0.00983	0.01080	0.00911	0.02357	0.03312	0.01180	0.01615	0.02565	0.25326	0.08274	0.20870	0.03301	0.00346	0.11881	0.04414	0.04972	0.00547
9	0.00906	0.00604	0.00680	0.00680	0.00680	0.00604	0.00378	0.00906	0.00906	0.01208	0.01963	0.04077	0.02265	0.78103	0.03171	0.00604	0.00604	0.00906	0.00378	0.00378
10	0.06057	0.22192	0.15166	0.01303	0.01788	0.15047	0.01242	0.02095	0.11074	0.01851	0.01474	0.01580	0.05028	0.00693	0.00612	0.00173	0.05074	0.00488	0.00357	0.06708

[dist]
# distance from previous block
# <min> <max>
0	1

[block]
# block no. 4 follows, 36 sequences, length 22
# corresponding to MSA columns:
# 282-303
name=unknown_E
#
# <colnr> <probs for GDERKNQSTAVLIFYWHMCP>
#	G	D	E	R	K	N	Q	S	T	A	V	L	I	F	Y	W	H	M	C	P
0	0.01331	0.01155	0.01509	0.01360	0.09068	0.03322	0.05695	0.04400	0.01448	0.03661	0.09159	0.06143	0.04506	0.00852	0.03089	0.00173	0.00574	0.00631	0.00428	0.41495
1	0.05904	0.13255	0.19697	0.01612	0.08277	0.07299	0.01429	0.14528	0.10622	0.02301	0.01412	0.05320	0.01162	0.00732	0.00632	0.00190	0.03782	0.00558	0.00405	0.00883
2	0.01330	0.01314	0.01844	0.01591	0.01599	0.01828	0.01322	0.01472	0.00958	0.01496	0.00878	0.01440	0.00870	0.01344	0.07255	0.00324	0.71632	0.00554	0.00277	0.00673
3	0.00876	0.00655	0.00972	0.00987	0.01091	0.00750	0.00758	0.01087	0.01021	0.01461	0.01852	0.10269	0.01824	0.04390	0.67855	0.00924	0.01533	0.00782	0.00359	0.00551
4	0.08399	0.01078	0.01445	0.01664	0.20097	0.01056	0.01032	0.07575	0.01605	0.16556	0.10189	0.03006	0.18626	0.01094	0.03645	0.00227	0.00564	0.00792	0.00536	0.00815
5	0.01329	0.01260	0.02104	0.31960	0.40469	0.01359	0.01715	0.01698	0.01351	0.01831	0.01598	0.01980	0.07337	0.00671	0.00630	0.00196	0.00738	0.00621	0.00320	0.00831
6	0.00753	0.00618	0.00664	0.00692	0.00868	0.00530	0.00511	0.00910	0.01392	0.01698	0.07879	0.18455	0.57596	0.01637	0.00750	0.00220	0.00330	0.03388	0.00582	0.00526
7	0.00969	0.00692	0.00964	0.01107	0.01236	0.00687	0.00943	0.01230	0.01400	0.01825	0.03318	0.17123	0.03662	0.01754	0.00851	0.00282	0.00543	0.60273	0.00574	0.00564
8	0.73264	0.01408	0.01014	0.00910	0.01288	0.09950	0.00736	0.01907	0.01142	0.02649	0.00879	0.01025	0.00689	0.00586	0.00406	0.00189	0.00556	0.00345	0.00378	0.00680
9	0.00892	0.00661	0.00966	0.00966	0.01065	0.00760	0.00735	0.01090	0.00991	0.01420	0.01701	0.02628	0.01636	0.12782	0.67632	0.00957	0.01551	0.00694	0.00339	0.00537
10	0.01724	0.71845	0.03133	0.01113	0.01628	0.08890	0.01078	0.01920	0.01310	0.01471	0.00875	0.01010	0.00800	0.00543	0.00414	0.00136	0.00706	0.00339	0.00271	0.00793
11	0.01542	0.01480	0.02529	0.03824	0.74217	0.01480	0.01912	0.01912	0.01419	0.02036	0.01172	0.01542	0.00987	0.00555	0.00617	0.00185	0.00740	0.00555	0.00308	0.00987
12	0.01292	0.01107	0.01292	0.00923	0.01477	0.00831	0.00738	0.01569	0.01292	0.02030	0.01107	0.01292	0.00923	0.00461	0.00461	0.00092	0.00461	0.00369	0.00369	0.81912
13	0.00867	0.00688	0.00795	0.00832	0.01001	0.00647	0.00634	0.01187	0.07699	0.01843	0.10742	0.21318	0.35578	0.01591	0.00759	0.00230	0.00379	0.12043	0.00592	0.00575
14	0.01735	0.70629	0.03109	0.01122	0.01633	0.10067	0.01080	0.01930	0.01318	0.01472	0.00876	0.01012	0.00800	0.00544	0.00417	0.00136	0.00714	0.00340	0.00272	0.00792
15	0.00874	0.00606	0.00703	0.00716	0.00749	0.00600	0.00436	0.00917	0.00992	0.01310	0.02525	0.10759	0.09831	0.57779	0.08170	0.00562	0.00633	0.01008	0.00413	0.00418
16	0.01431	0.01750	0.16303	0.03000	0.46378	0.01403	0.07045	0.03802	0.01424	0.02032	0.01388	0.08596	0.01240	0.00695	0.00638	0.00196	0.00761	0.00664	0.00334	0.00921
17	0.00844	0.00650	0.00849	0.00914	0.00969	0.00670	0.00647	0.00968	0.01212	0.01631	0.08092	0.51969	0.09894	0.06963	0.01079	0.00272	0.08336	0.02976	0.00540	0.00524
18	0.07365	0.11148	0.29414	0.01602	0.06416	0.12201	0.01559	0.08242	0.01485	0.04520	0.01171	0.01413	0.00922	0.02673	0.04552	0.00236	0.03427	0.00473	0.00340	0.00842
19	0.01564	0.09140	0.12087	0.09598	0.10914	0.10277	0.09263	0.10915	0.02928	0.02080	0.03809	0.07470	0.01356	0.02331	0.00666	0.00196	0.00779	0.00640	0.00381	0.03606
20	0.01498	0.11801	0.04270	0.01307	0.07198	0.03924	0.00992	0.06152	0.18006	0.08102	0.05986	0.11959	0.09431	0.00966	0.00621	0.00191	0.00542	0.00807	0.00518	0.05728
21	0.03113	0.08720	0.14279	0.11584	0.02189	0.05682	0.04468	0.12864	0.03067	0.04129	0.03848	0.06761	0.03060	0.00755	0.00620	0.00182	0.02241	0.00614	0.00408	0.11416

[dist]
# distance from previous block
# <min> <max>
0	34

# created by:
# /home/cegg/simao/soft/augustus-3.2.1/scripts/msa2prfl.pl ./align_prep/EOG090W0CMM.fa
