[name]
unknown

[dist]
# distance from previous block
# <min> <max>
118	744

[block]
# block no. 0 follows, 25 sequences, length 25
# corresponding to MSA columns:
# 1277-1301
name=unknown_A
#
# <colnr> <probs for GDERKNQSTAVLIFYWHMCP>
#	G	D	E	R	K	N	Q	S	T	A	V	L	I	F	Y	W	H	M	C	P
0	0.08955	0.01957	0.12219	0.04980	0.06961	0.01673	0.04418	0.15073	0.09018	0.03085	0.05100	0.05716	0.01843	0.04390	0.00893	0.00255	0.00796	0.00779	0.00560	0.11328
1	0.06529	0.10195	0.05019	0.02028	0.11751	0.04411	0.07490	0.05232	0.11039	0.02680	0.08834	0.08245	0.04535	0.01022	0.00752	0.00230	0.00764	0.00886	0.00552	0.07807
2	0.02141	0.04931	0.16226	0.02334	0.14570	0.04731	0.01843	0.19768	0.14524	0.03239	0.01890	0.02024	0.01430	0.00863	0.00786	0.00237	0.02524	0.00687	0.04070	0.01182
3	0.04866	0.02108	0.08075	0.02215	0.13899	0.07326	0.01613	0.18566	0.14635	0.03217	0.05070	0.02359	0.04138	0.00951	0.00848	0.00239	0.04318	0.00750	0.00595	0.04213
4	0.06251	0.05517	0.07609	0.01967	0.08149	0.15372	0.04405	0.11094	0.04483	0.15002	0.01771	0.01856	0.01301	0.00794	0.00710	0.00212	0.00917	0.00620	0.00569	0.11400
5	0.01484	0.01017	0.01330	0.04664	0.11089	0.01031	0.00984	0.04653	0.01675	0.02608	0.04771	0.09101	0.02320	0.08000	0.05004	0.00321	0.00650	0.00906	0.34504	0.03890
6	0.07581	0.01135	0.03561	0.01042	0.01218	0.03695	0.00748	0.03780	0.01483	0.02123	0.11024	0.04498	0.03077	0.43803	0.02659	0.00544	0.00724	0.03503	0.00535	0.03266
7	0.01252	0.00922	0.01011	0.00949	0.01242	0.00842	0.00725	0.01700	0.08824	0.07462	0.17429	0.06311	0.45028	0.01723	0.00892	0.00257	0.00432	0.01448	0.00769	0.00780
8	0.02071	0.47992	0.10941	0.01531	0.02176	0.09978	0.01522	0.05248	0.01764	0.02089	0.01432	0.02001	0.01317	0.00830	0.00611	0.00199	0.00919	0.05995	0.00393	0.00992
9	0.02828	0.01518	0.02276	0.02504	0.22782	0.01471	0.01580	0.03167	0.01984	0.41736	0.02373	0.02328	0.01621	0.00910	0.00933	0.00246	0.07029	0.00743	0.00723	0.01249
10	0.02463	0.02790	0.29103	0.01897	0.02727	0.01974	0.01987	0.30846	0.02623	0.13257	0.01848	0.01885	0.01271	0.00857	0.00760	0.00239	0.00943	0.00659	0.00621	0.01249
11	0.02887	0.02181	0.02249	0.01761	0.02354	0.06233	0.01440	0.53985	0.08533	0.07480	0.01981	0.01953	0.01411	0.00934	0.00772	0.00234	0.00857	0.00705	0.00763	0.01287
12	0.00945	0.00675	0.00900	0.01080	0.01125	0.00630	0.00720	0.01080	0.01484	0.01979	0.04274	0.72245	0.05128	0.02429	0.00990	0.00315	0.00450	0.02204	0.00720	0.00630
13	0.01764	0.01095	0.01437	0.11351	0.02016	0.01127	0.01059	0.02351	0.11383	0.15933	0.19612	0.10258	0.03651	0.07903	0.01116	0.00298	0.00603	0.01107	0.05029	0.00908
14	0.01793	0.37305	0.09259	0.01343	0.01898	0.02148	0.01302	0.07669	0.01961	0.02564	0.22131	0.02772	0.03016	0.00985	0.00677	0.00204	0.00716	0.00767	0.00535	0.00955
15	0.01599	0.09879	0.63250	0.02135	0.03240	0.01908	0.02734	0.02444	0.01632	0.02402	0.01365	0.01604	0.00983	0.00730	0.00716	0.00239	0.01119	0.00560	0.00328	0.01133
16	0.01675	0.23630	0.11354	0.01331	0.01865	0.04680	0.01291	0.02103	0.04943	0.06003	0.03752	0.04097	0.22433	0.01258	0.00753	0.00235	0.00729	0.06410	0.00550	0.00910
17	0.01823	0.05615	0.29925	0.03206	0.29330	0.01912	0.05550	0.05590	0.04933	0.02620	0.01523	0.01830	0.01175	0.00736	0.00753	0.00237	0.01010	0.00652	0.00398	0.01181
18	0.05952	0.05717	0.26002	0.01597	0.02180	0.01535	0.01688	0.05098	0.01799	0.02637	0.16883	0.03364	0.07657	0.01373	0.04071	0.00300	0.07118	0.03567	0.00529	0.00933
19	0.02222	0.08603	0.01751	0.01283	0.01686	0.01259	0.01035	0.02527	0.03682	0.29514	0.05661	0.17925	0.05923	0.01537	0.03897	0.00293	0.04161	0.01101	0.00739	0.05202
20	0.01775	0.24049	0.05700	0.01589	0.07649	0.01776	0.01255	0.05921	0.01731	0.05539	0.05089	0.09495	0.05154	0.03451	0.05299	0.03392	0.00810	0.00832	0.00500	0.08994
21	0.01986	0.01551	0.01750	0.01412	0.01874	0.04717	0.04202	0.21844	0.02290	0.06052	0.02903	0.07852	0.11470	0.06177	0.03059	0.00285	0.00756	0.00936	0.03709	0.15175
22	0.26112	0.01723	0.01680	0.01516	0.05136	0.05669	0.01138	0.12806	0.13818	0.03280	0.01823	0.05195	0.01490	0.00875	0.00654	0.00221	0.00694	0.00661	0.00583	0.14929
23	0.01956	0.02484	0.22999	0.01941	0.07613	0.05660	0.01769	0.19307	0.02209	0.03024	0.05140	0.02482	0.04503	0.07549	0.01047	0.00274	0.00904	0.00741	0.00526	0.07872
24	0.02277	0.01657	0.01953	0.04682	0.03889	0.03742	0.03773	0.28233	0.08318	0.09928	0.05953	0.13616	0.02406	0.01191	0.00811	0.00249	0.00742	0.01005	0.04482	0.01093

[dist]
# distance from previous block
# <min> <max>
57	169

[block]
# block no. 1 follows, 25 sequences, length 7
# corresponding to MSA columns:
# 1516-1522
name=unknown_B
#
# <colnr> <probs for GDERKNQSTAVLIFYWHMCP>
#	G	D	E	R	K	N	Q	S	T	A	V	L	I	F	Y	W	H	M	C	P
0	0.02388	0.10142	0.02519	0.01813	0.02329	0.10953	0.08135	0.20869	0.15337	0.06395	0.01962	0.02048	0.01485	0.00903	0.00842	0.00234	0.04984	0.00703	0.04839	0.01120
1	0.01309	0.00939	0.01121	0.01008	0.01338	0.00816	0.00787	0.01584	0.01797	0.07730	0.15870	0.05394	0.30648	0.02003	0.08182	0.00342	0.00635	0.04234	0.00686	0.13577
2	0.02078	0.01631	0.02308	0.01791	0.02327	0.01654	0.12472	0.12936	0.11351	0.10418	0.01993	0.02207	0.01525	0.01409	0.08676	0.00340	0.06052	0.00734	0.00591	0.17507
3	0.10008	0.09777	0.02584	0.01781	0.02287	0.01788	0.16559	0.07599	0.01769	0.06195	0.02143	0.02541	0.07573	0.06113	0.01170	0.00272	0.08960	0.00784	0.00497	0.09597
4	0.01635	0.01387	0.01571	0.01637	0.08993	0.07110	0.01066	0.09943	0.01733	0.02309	0.02182	0.10948	0.02223	0.22005	0.13259	0.00543	0.01010	0.00970	0.00512	0.08966
5	0.16052	0.02302	0.08340	0.01711	0.02256	0.09858	0.01487	0.28554	0.09767	0.03615	0.01674	0.01782	0.01257	0.00910	0.00865	0.00244	0.06976	0.00632	0.00601	0.01117
6	0.15184	0.09585	0.01982	0.03472	0.09377	0.07397	0.04725	0.03528	0.01734	0.02513	0.07791	0.15507	0.05860	0.01292	0.00777	0.00254	0.00743	0.06866	0.00552	0.00863

[dist]
# distance from previous block
# <min> <max>
77	171

[block]
# block no. 2 follows, 25 sequences, length 8
# corresponding to MSA columns:
# 1788-1795
name=unknown_C
#
# <colnr> <probs for GDERKNQSTAVLIFYWHMCP>
#	G	D	E	R	K	N	Q	S	T	A	V	L	I	F	Y	W	H	M	C	P
0	0.01977	0.14705	0.02634	0.01750	0.02231	0.01996	0.11989	0.16517	0.09739	0.02840	0.02025	0.06279	0.01799	0.08174	0.01182	0.00290	0.05129	0.02516	0.02623	0.03604
1	0.01866	0.01858	0.02637	0.11515	0.29179	0.08539	0.08225	0.02613	0.13575	0.02476	0.01998	0.08450	0.01737	0.00932	0.00801	0.00247	0.00923	0.00865	0.00486	0.01078
2	0.01453	0.01321	0.01583	0.12376	0.08621	0.08064	0.01216	0.01700	0.01538	0.02014	0.02749	0.15834	0.08228	0.12665	0.05579	0.00396	0.06439	0.01110	0.06355	0.00759
3	0.01994	0.30405	0.02523	0.01395	0.01793	0.21869	0.01143	0.02174	0.01685	0.01822	0.01975	0.09317	0.04856	0.12597	0.01183	0.00290	0.00925	0.00792	0.00431	0.00829
4	0.01520	0.03041	0.44056	0.02155	0.03034	0.01627	0.13786	0.02240	0.01682	0.02440	0.08183	0.02450	0.01822	0.07330	0.01078	0.00294	0.01061	0.00769	0.00405	0.01025
5	0.02634	0.02005	0.01907	0.01585	0.02064	0.14127	0.01262	0.24677	0.11144	0.14989	0.02205	0.02227	0.01611	0.01223	0.04936	0.00288	0.00912	0.00711	0.08363	0.01132
6	0.02103	0.01831	0.07750	0.01501	0.02007	0.07818	0.01290	0.08772	0.16714	0.13260	0.14288	0.03227	0.02841	0.01084	0.00790	0.00236	0.00722	0.04276	0.00710	0.08781
7	0.01520	0.01264	0.01469	0.01093	0.01657	0.00982	0.00837	0.01802	0.01520	0.02340	0.01572	0.02240	0.01453	0.13741	0.01189	0.00231	0.00607	0.00581	0.00461	0.63440

[dist]
# distance from previous block
# <min> <max>
0	8

[block]
# block no. 3 follows, 25 sequences, length 8
# corresponding to MSA columns:
# 1804-1811
name=unknown_D
#
# <colnr> <probs for GDERKNQSTAVLIFYWHMCP>
#	G	D	E	R	K	N	Q	S	T	A	V	L	I	F	Y	W	H	M	C	P
0	0.01139	0.00986	0.01278	0.01571	0.13696	0.00893	0.00954	0.01417	0.01846	0.02366	0.17705	0.06106	0.43889	0.01653	0.00888	0.00253	0.00488	0.01414	0.00681	0.00777
1	0.01272	0.00971	0.01318	0.01607	0.13693	0.00919	0.00977	0.01609	0.01888	0.02697	0.27672	0.07609	0.17941	0.01405	0.00821	0.00236	0.00479	0.01225	0.14857	0.00803
2	0.02947	0.02172	0.02327	0.01784	0.02404	0.02404	0.01474	0.65329	0.03646	0.04887	0.01862	0.01862	0.01319	0.00931	0.00776	0.00233	0.00853	0.00698	0.00776	0.01319
3	0.63818	0.01531	0.01255	0.01125	0.01597	0.01775	0.00913	0.02627	0.13632	0.03434	0.01472	0.01568	0.01128	0.00782	0.00538	0.00244	0.00602	0.00506	0.00538	0.00913
4	0.64272	0.01624	0.01360	0.01161	0.01667	0.01863	0.00957	0.13967	0.01751	0.03740	0.01225	0.01371	0.00928	0.00759	0.00535	0.00239	0.00647	0.00471	0.00535	0.00928
5	0.02515	0.14686	0.02123	0.01379	0.01890	0.01667	0.01151	0.07521	0.14303	0.29227	0.09343	0.06201	0.02509	0.01059	0.00753	0.00234	0.00655	0.00861	0.00775	0.01146
6	0.16313	0.01527	0.01628	0.01385	0.01790	0.01673	0.01101	0.28169	0.02391	0.07296	0.02353	0.17838	0.02170	0.01247	0.00817	0.00253	0.03302	0.00994	0.06746	0.01009
7	0.01863	0.01413	0.01545	0.01270	0.01746	0.01396	0.01010	0.17640	0.12975	0.06847	0.06321	0.03894	0.22070	0.01227	0.00788	0.00225	0.00590	0.01001	0.00714	0.15463

[dist]
# distance from previous block
# <min> <max>
11	16

[block]
# block no. 4 follows, 25 sequences, length 25
# corresponding to MSA columns:
# 1837-1861
name=unknown_E
#
# <colnr> <probs for GDERKNQSTAVLIFYWHMCP>
#	G	D	E	R	K	N	Q	S	T	A	V	L	I	F	Y	W	H	M	C	P
0	0.01220	0.00965	0.01120	0.01065	0.01310	0.00957	0.00802	0.01913	0.15466	0.02833	0.36438	0.10017	0.19687	0.01616	0.00894	0.00257	0.00429	0.01399	0.00801	0.00811
1	0.01630	0.01551	0.02605	0.45013	0.26275	0.01797	0.02206	0.02110	0.01604	0.02161	0.01387	0.01998	0.01098	0.00777	0.00864	0.00253	0.04640	0.00689	0.00358	0.00984
2	0.01464	0.01378	0.02326	0.70887	0.05340	0.01723	0.02153	0.01981	0.01550	0.01981	0.01378	0.02067	0.01034	0.00775	0.00775	0.00258	0.01034	0.00689	0.00345	0.00861
3	0.01763	0.01683	0.02865	0.27502	0.46394	0.01801	0.02302	0.02243	0.01692	0.02343	0.01431	0.01970	0.01161	0.00720	0.00770	0.00240	0.00960	0.00690	0.00370	0.01102
4	0.01625	0.01395	0.01467	0.01354	0.01728	0.01543	0.01042	0.03212	0.46985	0.02891	0.04386	0.07628	0.18789	0.01351	0.00831	0.00265	0.00550	0.01135	0.00768	0.01053
5	0.01724	0.26558	0.47664	0.01922	0.02911	0.02214	0.02364	0.02412	0.01617	0.02250	0.01289	0.01509	0.00986	0.00713	0.00659	0.00220	0.01043	0.00521	0.00329	0.01097
6	0.02579	0.06896	0.05680	0.01718	0.02259	0.16784	0.01431	0.27087	0.13724	0.07425	0.01968	0.02089	0.01500	0.04316	0.00893	0.00252	0.00927	0.00687	0.00642	0.01142
7	0.01897	0.01175	0.01286	0.01152	0.01506	0.01228	0.00898	0.02905	0.25671	0.13639	0.03440	0.03360	0.09425	0.01085	0.00714	0.00230	0.00507	0.00891	0.27995	0.00999
8	0.01608	0.01378	0.01608	0.01148	0.01837	0.01034	0.00919	0.01952	0.01608	0.02527	0.01378	0.01608	0.01148	0.00574	0.00574	0.00115	0.00574	0.00459	0.00459	0.77491
9	0.00916	0.00785	0.00785	0.00785	0.01047	0.00655	0.00589	0.01113	0.01767	0.02095	0.07855	0.07462	0.67599	0.01964	0.00916	0.00262	0.00393	0.01636	0.00720	0.00655
10	0.01065	0.00767	0.01007	0.00998	0.01151	0.00710	0.00729	0.01381	0.02043	0.02868	0.54016	0.19968	0.06849	0.01765	0.00931	0.00259	0.00384	0.01573	0.00825	0.00710
11	0.02871	0.02134	0.02284	0.01769	0.02375	0.02369	0.01455	0.60753	0.08345	0.04764	0.01958	0.01939	0.01397	0.00940	0.00777	0.00235	0.00835	0.00711	0.00777	0.01312
12	0.78228	0.01499	0.01140	0.01020	0.01499	0.01739	0.00840	0.02279	0.01320	0.03479	0.01080	0.01260	0.00840	0.00720	0.00480	0.00240	0.00600	0.00420	0.00480	0.00840
13	0.59218	0.01454	0.01307	0.01111	0.01622	0.01587	0.00916	0.02661	0.01548	0.20002	0.01583	0.01610	0.01114	0.00781	0.00556	0.00240	0.00615	0.00511	0.00602	0.00962
14	0.02106	0.01399	0.01525	0.01304	0.01638	0.04745	0.01003	0.19785	0.02161	0.12944	0.02578	0.03470	0.04901	0.19288	0.09230	0.00475	0.00900	0.03260	0.06367	0.00922
15	0.01487	0.04501	0.01423	0.03496	0.01592	0.01149	0.00934	0.07047	0.07380	0.06131	0.22209	0.10469	0.15826	0.01781	0.05987	0.00318	0.00640	0.01209	0.00711	0.05709
16	0.01750	0.07719	0.05242	0.01394	0.01873	0.01501	0.05143	0.16634	0.02034	0.02744	0.02786	0.07721	0.11338	0.13157	0.01289	0.00305	0.00733	0.00944	0.00568	0.15126
17	0.01351	0.06062	0.10107	0.01377	0.01681	0.06215	0.01199	0.01741	0.05015	0.02137	0.03451	0.33758	0.06105	0.04369	0.01011	0.00306	0.00698	0.12023	0.00614	0.00781
18	0.01835	0.20748	0.09639	0.04742	0.02160	0.09746	0.01365	0.06216	0.05115	0.02433	0.09466	0.05805	0.06272	0.00990	0.00700	0.00208	0.00801	0.00777	0.00509	0.10473
19	0.01779	0.14891	0.24312	0.01780	0.05855	0.04788	0.01713	0.07606	0.04810	0.02385	0.01665	0.02335	0.01470	0.15091	0.01330	0.00321	0.00924	0.00677	0.00431	0.05838
20	0.06722	0.07370	0.14917	0.01506	0.02093	0.05892	0.01421	0.04526	0.06769	0.08457	0.05261	0.04878	0.01814	0.03892	0.03901	0.00281	0.03509	0.00714	0.00527	0.15549
21	0.01905	0.02301	0.19919	0.02391	0.15606	0.01664	0.05908	0.10865	0.04441	0.05198	0.01713	0.04497	0.01370	0.00796	0.00736	0.00215	0.00879	0.00690	0.00488	0.18417
22	0.01778	0.07433	0.04579	0.02085	0.13621	0.05975	0.03891	0.02670	0.19635	0.02698	0.11878	0.03078	0.02604	0.01009	0.00771	0.00231	0.00746	0.04802	0.00590	0.09925
23	0.01907	0.07541	0.10743	0.19055	0.18591	0.09491	0.06455	0.05476	0.01789	0.02340	0.01371	0.01795	0.01094	0.00774	0.00854	0.00235	0.05496	0.00641	0.00386	0.03967
24	0.03812	0.06679	0.11959	0.04582	0.08028	0.08973	0.06315	0.05453	0.04194	0.02597	0.07694	0.02274	0.01810	0.00826	0.00717	0.00206	0.00866	0.02282	0.00481	0.20254

[dist]
# distance from previous block
# <min> <max>
0	39

[block]
# block no. 5 follows, 25 sequences, length 25
# corresponding to MSA columns:
# 1901-1925
name=unknown_F
#
# <colnr> <probs for GDERKNQSTAVLIFYWHMCP>
#	G	D	E	R	K	N	Q	S	T	A	V	L	I	F	Y	W	H	M	C	P
0	0.06199	0.01718	0.02397	0.06519	0.19150	0.04509	0.08733	0.09628	0.05542	0.02810	0.03888	0.07460	0.01735	0.00887	0.00753	0.00222	0.00828	0.00800	0.00512	0.15711
1	0.01709	0.01424	0.01975	0.18243	0.13915	0.01490	0.01503	0.07531	0.10269	0.04841	0.04747	0.10101	0.06505	0.01075	0.00786	0.00238	0.00740	0.00938	0.00565	0.11407
2	0.01767	0.01458	0.02083	0.10044	0.22048	0.01438	0.01518	0.07932	0.04146	0.05538	0.10646	0.06645	0.04996	0.00991	0.00771	0.00221	0.00719	0.00875	0.00562	0.15602
3	0.01583	0.01370	0.02020	0.06393	0.19747	0.01393	0.03051	0.04679	0.05426	0.02507	0.05132	0.13955	0.02677	0.01302	0.00932	0.00261	0.04316	0.11951	0.00557	0.10748
4	0.02317	0.01718	0.01831	0.01635	0.05772	0.07383	0.01211	0.26415	0.02527	0.11414	0.04338	0.09598	0.08191	0.03562	0.00893	0.00250	0.00747	0.00945	0.03329	0.05925
5	0.06130	0.01744	0.01926	0.01526	0.02054	0.01860	0.01244	0.34132	0.08256	0.10173	0.06489	0.02541	0.05684	0.01018	0.00835	0.00231	0.03709	0.00782	0.00731	0.08934
6	0.13957	0.06062	0.02008	0.01559	0.02010	0.06631	0.01278	0.32038	0.02525	0.03567	0.01921	0.05338	0.01695	0.05129	0.01035	0.00278	0.05296	0.06011	0.00626	0.01040
7	0.05921	0.01450	0.01646	0.01418	0.01865	0.01509	0.01162	0.19068	0.12817	0.16255	0.03582	0.04230	0.12245	0.01319	0.00838	0.00266	0.00669	0.11888	0.00780	0.01072
8	0.02392	0.01641	0.01992	0.01925	0.10638	0.01724	0.01343	0.15695	0.24488	0.17250	0.02529	0.02598	0.01891	0.05830	0.00987	0.00275	0.00719	0.00795	0.00733	0.04554
9	0.03136	0.01772	0.02068	0.01596	0.02199	0.01824	0.01315	0.35339	0.05873	0.32910	0.02450	0.02252	0.01632	0.00949	0.00778	0.00237	0.00757	0.00742	0.00858	0.01315
10	0.01347	0.00673	0.01010	0.01010	0.01010	0.00673	0.00673	0.01010	0.01010	0.01347	0.01347	0.02357	0.01347	0.02694	0.03030	0.77441	0.00673	0.00673	0.00337	0.00337
11	0.01148	0.00866	0.01069	0.01005	0.01219	0.00825	0.00758	0.01651	0.07645	0.03005	0.55223	0.05734	0.13745	0.01583	0.00904	0.00248	0.00390	0.01384	0.00833	0.00765
12	0.01082	0.00792	0.01015	0.00959	0.01149	0.00725	0.00719	0.01433	0.02158	0.03023	0.62405	0.05935	0.12470	0.01617	0.00915	0.00245	0.00368	0.01422	0.00842	0.00725
13	0.02047	0.69704	0.07346	0.01372	0.02059	0.03004	0.01405	0.02329	0.01579	0.01856	0.01094	0.01264	0.00994	0.00667	0.00510	0.00170	0.00845	0.00423	0.00331	0.01003
14	0.01170	0.00843	0.01153	0.01322	0.01479	0.00827	0.01107	0.01473	0.01724	0.02240	0.04351	0.21330	0.08167	0.02189	0.01046	0.00343	0.00643	0.47184	0.00715	0.00694
15	0.02775	0.02099	0.02453	0.02358	0.15435	0.04288	0.01634	0.46948	0.03135	0.08365	0.01837	0.01908	0.01329	0.00881	0.00772	0.00232	0.00871	0.00696	0.00698	0.01288
16	0.05753	0.46081	0.03283	0.01510	0.02091	0.18475	0.01350	0.06584	0.04685	0.02173	0.01247	0.01392	0.01070	0.00732	0.00574	0.00186	0.00944	0.00473	0.00402	0.00996
17	0.08490	0.10571	0.01465	0.00998	0.01368	0.01340	0.00817	0.07416	0.04422	0.02909	0.02372	0.02580	0.05346	0.00893	0.00585	0.00190	0.00518	0.00687	0.39048	0.07983
18	0.05415	0.06604	0.02170	0.10992	0.02531	0.08604	0.07208	0.07389	0.12384	0.05554	0.02178	0.04818	0.04300	0.05475	0.00939	0.00258	0.00839	0.00784	0.00545	0.11012
19	0.01976	0.11435	0.06381	0.06278	0.20177	0.12914	0.01657	0.07590	0.01975	0.02518	0.07468	0.02416	0.06183	0.00887	0.00728	0.00214	0.00890	0.00724	0.00476	0.07113
20	0.04379	0.11559	0.12803	0.01997	0.09728	0.05824	0.01639	0.18889	0.07848	0.07289	0.05729	0.05255	0.01834	0.00943	0.00739	0.00231	0.00848	0.00751	0.00588	0.01128
21	0.10615	0.10105	0.13408	0.08757	0.06347	0.07688	0.01583	0.04592	0.05895	0.05791	0.06023	0.02005	0.01589	0.00805	0.00679	0.00214	0.00844	0.00624	0.00487	0.11949
22	0.02086	0.07002	0.12202	0.13691	0.11438	0.07219	0.01794	0.11738	0.04789	0.08320	0.01958	0.02308	0.03606	0.00877	0.00747	0.00231	0.00913	0.02759	0.00518	0.05802
23	0.06961	0.02414	0.13609	0.09028	0.11226	0.11793	0.01794	0.17374	0.05304	0.02990	0.01578	0.01834	0.01213	0.01025	0.03859	0.00273	0.01022	0.00629	0.00497	0.05578
24	0.02379	0.02014	0.08182	0.11464	0.02656	0.07555	0.01538	0.24459	0.05417	0.13265	0.06571	0.06940	0.02020	0.01034	0.00790	0.00243	0.00852	0.00837	0.00671	0.01112

[dist]
# distance from previous block
# <min> <max>
24	74

[block]
# block no. 6 follows, 25 sequences, length 23
# corresponding to MSA columns:
# 2027-2049
name=unknown_G
#
# <colnr> <probs for GDERKNQSTAVLIFYWHMCP>
#	G	D	E	R	K	N	Q	S	T	A	V	L	I	F	Y	W	H	M	C	P
0	0.15851	0.06658	0.04886	0.07864	0.14607	0.05171	0.06731	0.08466	0.01834	0.06057	0.01768	0.02032	0.04567	0.00850	0.00832	0.00236	0.05860	0.00670	0.00479	0.04582
1	0.02439	0.09057	0.02386	0.02076	0.11197	0.15752	0.03654	0.14360	0.06403	0.11400	0.02142	0.02233	0.04814	0.00914	0.00796	0.00225	0.03440	0.00708	0.04916	0.01088
2	0.16214	0.04215	0.04291	0.05143	0.02215	0.04218	0.04261	0.20887	0.02156	0.08845	0.01764	0.02065	0.01369	0.01974	0.16527	0.00467	0.01130	0.00673	0.00569	0.01018
3	0.02154	0.05306	0.05032	0.05671	0.05685	0.09573	0.01413	0.21250	0.12163	0.03156	0.02113	0.09404	0.01804	0.01016	0.00749	0.00228	0.00818	0.00821	0.03504	0.08139
4	0.13361	0.05068	0.13123	0.05993	0.11795	0.01635	0.04856	0.04898	0.04949	0.12730	0.02129	0.05921	0.01794	0.01007	0.00761	0.00255	0.00831	0.07284	0.00558	0.01051
5	0.05727	0.01854	0.06260	0.07979	0.31589	0.05104	0.04656	0.02314	0.01724	0.05539	0.01618	0.05269	0.01374	0.00781	0.00731	0.00217	0.00868	0.00706	0.00441	0.15249
6	0.02389	0.02299	0.06318	0.02754	0.22425	0.12510	0.04544	0.19837	0.07838	0.06194	0.01744	0.01919	0.01327	0.00813	0.00759	0.00227	0.00956	0.00678	0.00554	0.03917
7	0.05047	0.01590	0.01865	0.01509	0.01994	0.01694	0.01229	0.31417	0.02562	0.16486	0.02111	0.02303	0.01581	0.02225	0.19229	0.00501	0.01124	0.00731	0.00693	0.04110
8	0.01799	0.01229	0.01397	0.01264	0.01551	0.01381	0.00989	0.04966	0.23079	0.07942	0.02675	0.06321	0.02149	0.01299	0.03933	0.00284	0.07495	0.00854	0.28430	0.00963
9	0.32866	0.02455	0.22836	0.05460	0.11117	0.04811	0.05408	0.02381	0.01556	0.02835	0.01274	0.01556	0.00971	0.00724	0.00647	0.00241	0.00909	0.00548	0.00404	0.01001
10	0.01128	0.00752	0.00846	0.00846	0.00846	0.00752	0.00470	0.01128	0.01128	0.01503	0.02443	0.05074	0.02819	0.72751	0.03946	0.00752	0.00752	0.01128	0.00470	0.00470
11	0.01117	0.00793	0.01053	0.01053	0.01124	0.00864	0.00728	0.01260	0.01189	0.01657	0.02254	0.04026	0.02364	0.38158	0.37917	0.01007	0.01437	0.00974	0.00442	0.00585
12	0.01028	0.00790	0.00941	0.00903	0.01116	0.00702	0.00677	0.01330	0.02032	0.02723	0.44778	0.06428	0.30284	0.01729	0.00915	0.00251	0.00376	0.01491	0.00803	0.00702
13	0.02236	0.59463	0.03694	0.01459	0.02071	0.16239	0.01361	0.02475	0.01698	0.01839	0.01102	0.01274	0.00996	0.00690	0.00537	0.00173	0.00942	0.00431	0.00345	0.00976
14	0.00962	0.00705	0.00894	0.01038	0.01120	0.00651	0.00711	0.01110	0.01525	0.01990	0.04744	0.56162	0.14814	0.05625	0.01120	0.00329	0.00466	0.04697	0.00708	0.00630
15	0.02800	0.02072	0.02381	0.05518	0.08363	0.02274	0.01576	0.54313	0.03321	0.06827	0.01845	0.01905	0.01318	0.00903	0.00775	0.00234	0.00861	0.00700	0.00726	0.01288
16	0.05179	0.27066	0.05654	0.02078	0.08705	0.08985	0.08739	0.17461	0.04299	0.02835	0.01448	0.01636	0.01154	0.00759	0.00674	0.00211	0.00949	0.00595	0.00476	0.01098
17	0.07539	0.07879	0.02134	0.01899	0.10246	0.06401	0.01355	0.21267	0.09733	0.03255	0.05810	0.09202	0.02167	0.01081	0.00757	0.00237	0.00766	0.03164	0.00626	0.04482
18	0.04673	0.08398	0.21189	0.01934	0.06820	0.07903	0.04117	0.10658	0.04816	0.05109	0.01651	0.01953	0.01296	0.04399	0.00860	0.00243	0.00924	0.00629	0.03891	0.08535
19	0.07241	0.16281	0.08629	0.01990	0.12709	0.06896	0.01507	0.08954	0.05198	0.02595	0.01879	0.02146	0.04398	0.01428	0.08995	0.00338	0.00993	0.00657	0.03878	0.03290
20	0.04846	0.06840	0.10074	0.05452	0.11713	0.01775	0.04433	0.13126	0.07464	0.10237	0.01920	0.05212	0.01516	0.00863	0.00731	0.00223	0.00817	0.00724	0.00565	0.11469
21	0.07813	0.01704	0.09421	0.06687	0.08585	0.01429	0.03796	0.07929	0.04340	0.05673	0.02042	0.12302	0.01832	0.00991	0.00727	0.00221	0.00737	0.00848	0.04105	0.18819
22	0.02223	0.07885	0.05011	0.08428	0.22340	0.08607	0.04106	0.07021	0.01947	0.11809	0.01638	0.01872	0.01251	0.00745	0.00718	0.00211	0.00902	0.00632	0.00496	0.12159

[dist]
# distance from previous block
# <min> <max>
0	32

[block]
# block no. 7 follows, 25 sequences, length 26
# corresponding to MSA columns:
# 2082-2107
name=unknown_H
#
# <colnr> <probs for GDERKNQSTAVLIFYWHMCP>
#	G	D	E	R	K	N	Q	S	T	A	V	L	I	F	Y	W	H	M	C	P
0	0.11062	0.07135	0.07168	0.01968	0.07562	0.05989	0.08504	0.10394	0.07168	0.14339	0.07098	0.02258	0.01829	0.00896	0.00800	0.00239	0.03162	0.00732	0.00605	0.01095
1	0.04278	0.09795	0.13811	0.04846	0.14244	0.02043	0.09185	0.18607	0.04602	0.03086	0.03584	0.02266	0.01533	0.00866	0.00764	0.00239	0.00933	0.03672	0.00517	0.01129
2	0.02090	0.06664	0.06843	0.01540	0.02027	0.14074	0.01303	0.13879	0.13807	0.05232	0.02930	0.05191	0.11068	0.03498	0.00877	0.00252	0.00825	0.03017	0.00619	0.04264
3	0.02009	0.07515	0.29664	0.04305	0.02781	0.04112	0.05014	0.13298	0.06998	0.07680	0.07452	0.02206	0.01775	0.00878	0.00758	0.00238	0.00944	0.00712	0.00536	0.01125
4	0.02200	0.04350	0.16668	0.05203	0.04994	0.04162	0.04030	0.21529	0.06536	0.08087	0.04189	0.02125	0.01568	0.00864	0.00741	0.00228	0.00867	0.00696	0.06148	0.04816
5	0.02238	0.01967	0.06469	0.01946	0.08193	0.11260	0.06069	0.11777	0.06831	0.13445	0.02526	0.10915	0.04711	0.01084	0.00788	0.00239	0.00841	0.00920	0.03883	0.03898
6	0.09557	0.17227	0.06660	0.01715	0.04976	0.09586	0.03750	0.16304	0.02163	0.07507	0.03779	0.04240	0.01497	0.00854	0.00678	0.00212	0.00857	0.00651	0.00540	0.07246
7	0.02241	0.22735	0.17312	0.01916	0.06583	0.02230	0.03987	0.17339	0.04528	0.08442	0.01627	0.01740	0.01224	0.00779	0.00684	0.00214	0.00893	0.00600	0.00516	0.04411
8	0.01797	0.02052	0.10710	0.12251	0.41128	0.01809	0.11391	0.02338	0.01728	0.02449	0.01454	0.01918	0.01166	0.00697	0.00779	0.00236	0.01003	0.00701	0.00377	0.04018
9	0.01897	0.01820	0.03107	0.07962	0.64884	0.01836	0.02369	0.02360	0.01755	0.02506	0.01455	0.01926	0.01219	0.00695	0.00768	0.00232	0.00927	0.00691	0.00382	0.01210
10	0.02623	0.03149	0.02181	0.02204	0.09784	0.52629	0.01520	0.03008	0.06786	0.02130	0.01454	0.01660	0.01186	0.00812	0.00704	0.00207	0.01222	0.00563	0.05230	0.00949
11	0.01126	0.00872	0.00987	0.01011	0.01222	0.00812	0.00760	0.05836	0.01801	0.02263	0.05783	0.21891	0.36386	0.06454	0.01132	0.00315	0.00503	0.09445	0.00708	0.00693
12	0.01126	0.00757	0.00875	0.00875	0.00885	0.00768	0.00506	0.01146	0.01136	0.01525	0.02416	0.04927	0.02755	0.67886	0.08723	0.00788	0.00848	0.01106	0.00466	0.00486
13	0.02861	0.02252	0.02270	0.01784	0.02372	0.07733	0.01456	0.55382	0.08643	0.04514	0.01914	0.01908	0.01378	0.00930	0.00771	0.00233	0.00877	0.00697	0.00747	0.01278
14	0.01249	0.00892	0.01249	0.01428	0.01606	0.00892	0.01249	0.01606	0.01785	0.02320	0.04105	0.08746	0.04462	0.02142	0.01071	0.00357	0.00714	0.62695	0.00714	0.00714
15	0.01125	0.00763	0.00903	0.00903	0.00923	0.00783	0.00542	0.01165	0.01145	0.01546	0.02390	0.04782	0.02692	0.63112	0.13412	0.00823	0.00943	0.01085	0.00462	0.00502
16	0.00942	0.00786	0.00821	0.00813	0.01063	0.00666	0.00609	0.01163	0.01828	0.02239	0.16355	0.07224	0.59009	0.01910	0.00916	0.00259	0.00389	0.01603	0.00739	0.00666
17	0.02007	0.64363	0.12337	0.01440	0.02165	0.02906	0.01523	0.02339	0.01583	0.01905	0.01118	0.01294	0.00993	0.00673	0.00528	0.00176	0.00870	0.00435	0.00331	0.01014
18	0.00959	0.00732	0.00845	0.00924	0.01052	0.00658	0.00629	0.01100	0.01550	0.01958	0.05493	0.35672	0.30691	0.12410	0.01387	0.00356	0.00470	0.01813	0.00684	0.00617
19	0.54270	0.07579	0.01638	0.01253	0.01753	0.10563	0.01032	0.09327	0.01708	0.03300	0.01181	0.01342	0.00925	0.00749	0.00542	0.00228	0.00748	0.00460	0.00490	0.00912
20	0.02090	0.26522	0.23109	0.02122	0.07863	0.18489	0.04984	0.02560	0.01771	0.02121	0.01256	0.01494	0.01019	0.00720	0.00660	0.00208	0.01092	0.00529	0.00354	0.01039
21	0.10466	0.05403	0.05811	0.01899	0.06930	0.16665	0.03829	0.16800	0.07454	0.03047	0.01561	0.01713	0.01211	0.00782	0.00686	0.00208	0.00917	0.00589	0.00526	0.13504
22	0.04925	0.14774	0.13041	0.04563	0.16353	0.04834	0.03816	0.08483	0.01916	0.04455	0.05891	0.02010	0.01576	0.00792	0.00694	0.00213	0.00866	0.00648	0.03722	0.06430
23	0.05481	0.01732	0.02141	0.04980	0.22156	0.07302	0.01542	0.07757	0.11684	0.13327	0.06608	0.02793	0.07153	0.00978	0.00777	0.00239	0.00781	0.00826	0.00628	0.01115
24	0.10151	0.04190	0.07485	0.02280	0.17952	0.03877	0.03873	0.05511	0.09343	0.05209	0.04654	0.06784	0.01821	0.00900	0.00723	0.00223	0.00773	0.00766	0.00531	0.12954
25	0.12220	0.01591	0.02264	0.07847	0.27024	0.01659	0.03965	0.10118	0.04069	0.02933	0.07271	0.07438	0.03791	0.00972	0.00762	0.00240	0.00776	0.00855	0.00531	0.03674

[dist]
# distance from previous block
# <min> <max>
27	133

[block]
# block no. 8 follows, 25 sequences, length 13
# corresponding to MSA columns:
# 2327-2339
name=unknown_I
#
# <colnr> <probs for GDERKNQSTAVLIFYWHMCP>
#	G	D	E	R	K	N	Q	S	T	A	V	L	I	F	Y	W	H	M	C	P
0	0.12338	0.01668	0.01972	0.10599	0.17094	0.07107	0.01455	0.07485	0.06043	0.05068	0.03591	0.02092	0.01500	0.00807	0.00683	0.00218	0.00774	0.00655	0.10264	0.08588
1	0.04530	0.07460	0.02571	0.15644	0.23316	0.05871	0.06384	0.04447	0.03744	0.02535	0.09782	0.02548	0.03962	0.00883	0.00761	0.00233	0.00869	0.00786	0.02671	0.01003
2	0.02102	0.13361	0.17029	0.02188	0.14026	0.10376	0.01764	0.02546	0.01874	0.12773	0.08844	0.04211	0.02062	0.00934	0.00742	0.00228	0.00898	0.02453	0.00525	0.01063
3	0.01548	0.01427	0.02275	0.02180	0.10083	0.01702	0.09547	0.01864	0.01397	0.02101	0.01585	0.02271	0.01417	0.02427	0.21249	0.00562	0.27368	0.00758	0.07376	0.00864
4	0.01852	0.01777	0.03001	0.03926	0.47516	0.01790	0.09654	0.02542	0.09745	0.02654	0.06278	0.02329	0.01785	0.00793	0.00798	0.00239	0.00891	0.00790	0.00467	0.01172
5	0.01553	0.01415	0.02107	0.47858	0.04204	0.01609	0.01784	0.02248	0.09842	0.02253	0.01605	0.02079	0.01227	0.00770	0.00736	0.00230	0.00887	0.00666	0.00425	0.16505
6	0.02680	0.01508	0.01801	0.01452	0.01949	0.01523	0.01171	0.23661	0.07361	0.28910	0.10982	0.08432	0.02701	0.01155	0.00813	0.00246	0.00666	0.00954	0.00853	0.01182
7	0.02049	0.01966	0.01974	0.03495	0.02140	0.15097	0.04864	0.16762	0.09968	0.02818	0.03050	0.08113	0.13894	0.01249	0.01010	0.00256	0.08744	0.00975	0.00607	0.00971
8	0.02830	0.11204	0.02513	0.01772	0.02352	0.16493	0.01461	0.44635	0.03090	0.03888	0.01627	0.01689	0.01212	0.00871	0.00726	0.00218	0.00964	0.00622	0.00643	0.01191
9	0.00995	0.00715	0.00912	0.01010	0.01092	0.00666	0.00682	0.01163	0.01600	0.02151	0.16715	0.46445	0.09624	0.10857	0.01332	0.00351	0.00466	0.01875	0.00715	0.00632
10	0.02571	0.02177	0.02282	0.02138	0.10662	0.09584	0.01534	0.36066	0.18062	0.03872	0.02043	0.02061	0.01519	0.00914	0.00769	0.00236	0.00865	0.00717	0.00688	0.01240
11	0.02049	0.01767	0.06565	0.01467	0.01920	0.07823	0.01238	0.12462	0.15714	0.11319	0.16676	0.03599	0.08267	0.01310	0.02581	0.00271	0.00739	0.02458	0.00735	0.01039
12	0.11222	0.26066	0.02385	0.01544	0.06577	0.12196	0.01169	0.02160	0.03812	0.02151	0.02184	0.11167	0.06352	0.06852	0.00926	0.00261	0.00802	0.00835	0.00467	0.00874

[dist]
# distance from previous block
# <min> <max>
0	55

[block]
# block no. 9 follows, 25 sequences, length 8
# corresponding to MSA columns:
# 2404-2411
name=unknown_J
#
# <colnr> <probs for GDERKNQSTAVLIFYWHMCP>
#	G	D	E	R	K	N	Q	S	T	A	V	L	I	F	Y	W	H	M	C	P
0	0.01282	0.01437	0.12389	0.07774	0.01966	0.01139	0.01278	0.01727	0.04276	0.02232	0.10056	0.08977	0.05993	0.12859	0.10928	0.00476	0.03162	0.05541	0.05728	0.00778
1	0.02016	0.12735	0.09018	0.05836	0.07738	0.01807	0.01443	0.18526	0.02100	0.07240	0.02082	0.10458	0.01926	0.12236	0.01249	0.00316	0.00820	0.00888	0.00561	0.01004
2	0.02061	0.18826	0.18982	0.01646	0.02311	0.02043	0.01646	0.15952	0.08091	0.07304	0.01981	0.07841	0.01657	0.01249	0.04792	0.00290	0.00923	0.00759	0.00549	0.01097
3	0.01400	0.01510	0.10893	0.01312	0.01577	0.07377	0.01128	0.01625	0.01360	0.01857	0.01887	0.02947	0.01790	0.15988	0.26970	0.11994	0.01318	0.00786	0.05594	0.00686
4	0.02139	0.19715	0.12042	0.01759	0.02308	0.02416	0.01650	0.19632	0.10316	0.02936	0.01587	0.01774	0.01261	0.00944	0.01082	0.00245	0.15949	0.00629	0.00512	0.01102
5	0.24374	0.01117	0.01066	0.01041	0.01318	0.03351	0.00785	0.01849	0.04343	0.04996	0.10600	0.21117	0.10636	0.01448	0.00749	0.00256	0.00515	0.01199	0.08466	0.00774
6	0.07643	0.01723	0.08092	0.17295	0.07186	0.01642	0.01541	0.17721	0.02137	0.03149	0.06487	0.02263	0.01703	0.00863	0.00711	0.00225	0.00780	0.00701	0.11536	0.06602
7	0.01933	0.22742	0.02489	0.01897	0.12284	0.13020	0.01326	0.04539	0.01855	0.04716	0.07133	0.13657	0.07081	0.01158	0.00735	0.00224	0.00805	0.00946	0.00521	0.00938

[dist]
# distance from previous block
# <min> <max>
45	196

[block]
# block no. 10 follows, 25 sequences, length 15
# corresponding to MSA columns:
# 2648-2662
name=unknown_K
#
# <colnr> <probs for GDERKNQSTAVLIFYWHMCP>
#	G	D	E	R	K	N	Q	S	T	A	V	L	I	F	Y	W	H	M	C	P
0	0.08508	0.08552	0.02184	0.06436	0.07387	0.06266	0.01369	0.20924	0.09945	0.03254	0.05145	0.04183	0.01729	0.00901	0.00710	0.00219	0.00783	0.00709	0.00592	0.10203
1	0.06090	0.15632	0.02529	0.01882	0.08911	0.05086	0.01422	0.27570	0.04622	0.12750	0.01922	0.04899	0.01496	0.00912	0.00715	0.00224	0.00815	0.00704	0.00644	0.01174
2	0.14096	0.01956	0.02110	0.01939	0.08187	0.09491	0.05636	0.21522	0.10648	0.03353	0.01991	0.08766	0.01692	0.00990	0.00744	0.00239	0.00829	0.00807	0.00608	0.04396
3	0.01126	0.00759	0.00883	0.00883	0.00896	0.00772	0.00517	0.01152	0.01139	0.01531	0.02409	0.04883	0.02736	0.66449	0.10135	0.00798	0.00876	0.01100	0.00465	0.00491
4	0.01097	0.00793	0.01036	0.00975	0.01158	0.00732	0.00732	0.01463	0.02195	0.03109	0.67505	0.05792	0.07316	0.01585	0.00914	0.00244	0.00366	0.01402	0.00854	0.00732
5	0.01721	0.01640	0.02789	0.33608	0.40616	0.01790	0.02281	0.02206	0.01672	0.02292	0.01423	0.01984	0.01143	0.00728	0.00771	0.00243	0.00970	0.00690	0.00367	0.01068
6	0.00945	0.00675	0.00900	0.01080	0.01125	0.00630	0.00720	0.01080	0.01484	0.01979	0.04274	0.72245	0.05128	0.02429	0.00990	0.00315	0.00450	0.02204	0.00720	0.00630
7	0.02947	0.02172	0.02327	0.01784	0.02404	0.02404	0.01474	0.65329	0.03646	0.04887	0.01862	0.01862	0.01319	0.00931	0.00776	0.00233	0.00853	0.00698	0.00776	0.01319
8	0.02073	0.73217	0.04063	0.01327	0.01990	0.03068	0.01327	0.02322	0.01575	0.01824	0.01078	0.01244	0.00995	0.00663	0.00498	0.00166	0.00829	0.00415	0.00332	0.00995
9	0.01073	0.00767	0.01047	0.01227	0.01328	0.00741	0.00943	0.01302	0.01611	0.02123	0.04202	0.45435	0.04847	0.02308	0.01024	0.00333	0.00561	0.27744	0.00717	0.00665
10	0.02060	0.66650	0.03851	0.01350	0.01992	0.02963	0.01318	0.02487	0.07536	0.01954	0.01269	0.01395	0.01121	0.00699	0.00524	0.00175	0.00809	0.00457	0.00374	0.01016
11	0.07056	0.02069	0.08905	0.10357	0.48250	0.05290	0.02253	0.02379	0.01725	0.02505	0.01406	0.01836	0.01149	0.00710	0.00743	0.00233	0.00955	0.00652	0.00382	0.01143
12	0.01658	0.01560	0.06263	0.11967	0.02446	0.01346	0.01283	0.02435	0.15127	0.05173	0.02425	0.02539	0.07660	0.00862	0.00701	0.00195	0.00678	0.00713	0.00546	0.34424
13	0.06766	0.01281	0.01474	0.01229	0.01705	0.01159	0.00980	0.07707	0.04824	0.02809	0.08258	0.10674	0.02616	0.01129	0.00735	0.00205	0.00588	0.08478	0.00601	0.36783
14	0.08960	0.01497	0.01796	0.01720	0.08842	0.04350	0.03343	0.07706	0.07412	0.11298	0.10404	0.06048	0.09094	0.01103	0.00826	0.00233	0.03091	0.00911	0.00648	0.10718

[dist]
# distance from previous block
# <min> <max>
6	27

[block]
# block no. 11 follows, 25 sequences, length 6
# corresponding to MSA columns:
# 2690-2695
name=unknown_L
#
# <colnr> <probs for GDERKNQSTAVLIFYWHMCP>
#	G	D	E	R	K	N	Q	S	T	A	V	L	I	F	Y	W	H	M	C	P
0	0.14703	0.04414	0.04266	0.14041	0.05743	0.03895	0.05926	0.15420	0.05525	0.12348	0.01814	0.01988	0.01316	0.00828	0.00713	0.00237	0.00840	0.00668	0.04242	0.01073
1	0.02159	0.09420	0.02294	0.05090	0.06213	0.01726	0.06611	0.20303	0.02262	0.11208	0.05836	0.09557	0.03944	0.04605	0.01061	0.04346	0.00783	0.00930	0.00632	0.01020
2	0.24678	0.05352	0.08402	0.01401	0.01923	0.05920	0.01239	0.12812	0.11800	0.03245	0.08268	0.02591	0.07382	0.00993	0.00692	0.00239	0.00719	0.00748	0.00603	0.00994
3	0.06879	0.01665	0.02118	0.09341	0.02482	0.05739	0.08130	0.14981	0.07604	0.07307	0.01902	0.02388	0.01539	0.06389	0.13034	0.00456	0.05753	0.00761	0.00549	0.00981
4	0.01749	0.01459	0.02143	0.50376	0.04323	0.05149	0.01847	0.02198	0.01643	0.09329	0.01598	0.02126	0.01195	0.01104	0.05140	0.00306	0.01046	0.00682	0.00428	0.06159
5	0.01199	0.00889	0.01260	0.08947	0.01843	0.00915	0.01159	0.01506	0.01680	0.02209	0.07802	0.19051	0.04262	0.07474	0.01236	0.00362	0.00682	0.36164	0.00664	0.00697

[dist]
# distance from previous block
# <min> <max>
7	58

[block]
# block no. 12 follows, 25 sequences, length 9
# corresponding to MSA columns:
# 2757-2765
name=unknown_M
#
# <colnr> <probs for GDERKNQSTAVLIFYWHMCP>
#	G	D	E	R	K	N	Q	S	T	A	V	L	I	F	Y	W	H	M	C	P
0	0.02511	0.02091	0.02158	0.01966	0.08548	0.10775	0.01435	0.40019	0.02984	0.03900	0.09732	0.06080	0.02193	0.01050	0.00793	0.00234	0.00850	0.00837	0.00695	0.01148
1	0.01337	0.00763	0.01110	0.01212	0.05180	0.00763	0.00739	0.01120	0.01082	0.01454	0.01580	0.02891	0.01644	0.17053	0.03078	0.56733	0.00705	0.00768	0.00367	0.00420
2	0.08613	0.01905	0.09543	0.01419	0.01912	0.08847	0.01245	0.08651	0.15440	0.07304	0.06712	0.03659	0.19189	0.01205	0.00783	0.00246	0.00718	0.00960	0.00659	0.00989
3	0.01797	0.09045	0.26611	0.01989	0.02663	0.14354	0.08093	0.02342	0.01794	0.02263	0.02060	0.03474	0.01922	0.01104	0.00814	0.00261	0.01067	0.16934	0.00449	0.00963
4	0.02324	0.02141	0.02618	0.02423	0.12395	0.11520	0.11957	0.24988	0.08946	0.03296	0.02001	0.08150	0.01677	0.00975	0.00807	0.00243	0.00955	0.00855	0.00597	0.01131
5	0.01767	0.01728	0.02336	0.20928	0.26844	0.07659	0.01839	0.02471	0.12366	0.02396	0.02459	0.02736	0.09296	0.00934	0.00785	0.00244	0.00879	0.00817	0.00482	0.01034
6	0.01531	0.01125	0.01310	0.01261	0.01494	0.01154	0.00930	0.19982	0.02145	0.02845	0.03875	0.45908	0.09439	0.01948	0.00920	0.00286	0.00564	0.01712	0.00736	0.00835
7	0.09404	0.01395	0.01618	0.01417	0.01825	0.01486	0.03106	0.07159	0.26315	0.13366	0.09179	0.11349	0.04761	0.01255	0.00808	0.00262	0.00612	0.02859	0.00766	0.01056
8	0.35920	0.01363	0.01453	0.01586	0.09477	0.01498	0.01102	0.02310	0.10740	0.03088	0.11013	0.06357	0.02578	0.01114	0.00704	0.00259	0.00613	0.07323	0.00599	0.00903

[dist]
# distance from previous block
# <min> <max>
3	17

[block]
# block no. 13 follows, 25 sequences, length 6
# corresponding to MSA columns:
# 2783-2788
name=unknown_N
#
# <colnr> <probs for GDERKNQSTAVLIFYWHMCP>
#	G	D	E	R	K	N	Q	S	T	A	V	L	I	F	Y	W	H	M	C	P
0	0.02118	0.01530	0.01629	0.01400	0.01812	0.07910	0.01098	0.12430	0.08148	0.14835	0.07531	0.11641	0.04287	0.01677	0.07659	0.00336	0.00835	0.02590	0.00697	0.09839
1	0.01437	0.01565	0.08608	0.42897	0.12498	0.01546	0.01990	0.01914	0.01575	0.02098	0.01919	0.14826	0.01802	0.01063	0.00810	0.00264	0.00923	0.00955	0.00417	0.00894
2	0.09837	0.01867	0.02155	0.10023	0.12471	0.06856	0.01512	0.20700	0.04720	0.09786	0.01721	0.01882	0.01277	0.00805	0.00714	0.00220	0.00834	0.00637	0.00586	0.11397
3	0.01021	0.00773	0.01032	0.07865	0.01506	0.00759	0.00823	0.01205	0.01543	0.02033	0.08943	0.46671	0.11888	0.08701	0.01230	0.00339	0.00522	0.01830	0.00670	0.00648
4	0.02378	0.02009	0.02358	0.01863	0.02395	0.07716	0.08715	0.24157	0.14882	0.07216	0.01956	0.02049	0.01464	0.00914	0.00937	0.00237	0.07694	0.00717	0.00635	0.09707
5	0.01951	0.01682	0.02488	0.39337	0.16927	0.01929	0.02016	0.18997	0.02153	0.02867	0.01523	0.01983	0.01148	0.00800	0.00774	0.00246	0.00963	0.00692	0.00468	0.01056

[dist]
# distance from previous block
# <min> <max>
0	1

[block]
# block no. 14 follows, 25 sequences, length 8
# corresponding to MSA columns:
# 2790-2797
name=unknown_O
#
# <colnr> <probs for GDERKNQSTAVLIFYWHMCP>
#	G	D	E	R	K	N	Q	S	T	A	V	L	I	F	Y	W	H	M	C	P
0	0.01352	0.00941	0.01100	0.01082	0.01192	0.00965	0.00749	0.09054	0.01582	0.02102	0.02837	0.12137	0.03146	0.44978	0.02776	0.00578	0.00727	0.11499	0.00574	0.00631
1	0.01972	0.01616	0.01798	0.01384	0.02001	0.01534	0.01109	0.16277	0.16637	0.03203	0.01883	0.01952	0.01459	0.00759	0.00666	0.00174	0.00644	0.00605	0.00602	0.43723
2	0.11455	0.01978	0.02085	0.02010	0.08738	0.11164	0.01463	0.13492	0.12786	0.02897	0.01779	0.05750	0.01520	0.01070	0.01175	0.00265	0.18062	0.00745	0.00541	0.01026
3	0.01937	0.01461	0.01669	0.01677	0.08386	0.05136	0.01139	0.20157	0.02232	0.07432	0.06195	0.20031	0.06370	0.11059	0.01266	0.00323	0.00715	0.01205	0.00674	0.00937
4	0.01596	0.01198	0.01504	0.01552	0.05789	0.01246	0.01126	0.16756	0.04265	0.02939	0.11088	0.26473	0.03891	0.01915	0.03995	0.00328	0.00690	0.12052	0.00716	0.00882
5	0.02432	0.01959	0.02206	0.02224	0.15402	0.09781	0.01499	0.20193	0.06811	0.11213	0.01952	0.02236	0.01514	0.00871	0.00745	0.00217	0.00839	0.03307	0.00620	0.13979
6	0.01983	0.01982	0.15097	0.01750	0.05136	0.01579	0.03227	0.13735	0.13353	0.09597	0.07200	0.09570	0.02337	0.01076	0.00784	0.00242	0.00750	0.00910	0.03923	0.05768
7	0.02298	0.01600	0.01964	0.01956	0.12883	0.01668	0.01298	0.28512	0.02455	0.11310	0.02400	0.03032	0.05281	0.18074	0.01538	0.00358	0.00792	0.00859	0.00657	0.01066

[dist]
# distance from previous block
# <min> <max>
1	30

[block]
# block no. 15 follows, 25 sequences, length 10
# corresponding to MSA columns:
# 2838-2847
name=unknown_P
#
# <colnr> <probs for GDERKNQSTAVLIFYWHMCP>
#	G	D	E	R	K	N	Q	S	T	A	V	L	I	F	Y	W	H	M	C	P
0	0.01882	0.03743	0.02294	0.01729	0.02264	0.01554	0.14641	0.13653	0.08955	0.06165	0.09149	0.05677	0.08561	0.01079	0.00811	0.00232	0.00758	0.02986	0.00639	0.13228
1	0.02007	0.01973	0.12480	0.07478	0.02432	0.01739	0.01513	0.22740	0.13736	0.05864	0.07279	0.03172	0.11993	0.01110	0.00803	0.00248	0.00763	0.00902	0.00673	0.01096
2	0.02208	0.48106	0.09215	0.01602	0.02303	0.02758	0.04754	0.16157	0.02048	0.02583	0.01302	0.01456	0.01074	0.00728	0.00600	0.00192	0.00886	0.00516	0.00432	0.01081
3	0.01278	0.01670	0.17969	0.01384	0.01767	0.01131	0.01296	0.01868	0.09896	0.02244	0.06023	0.24679	0.05778	0.14805	0.01447	0.00369	0.00708	0.04284	0.00590	0.00816
4	0.02734	0.02045	0.02212	0.01683	0.02314	0.02186	0.01385	0.55217	0.03320	0.04510	0.01784	0.01821	0.01291	0.00874	0.00744	0.00214	0.00809	0.00660	0.00725	0.13472
5	0.07920	0.19016	0.15571	0.01477	0.02085	0.04127	0.01456	0.12356	0.01965	0.07622	0.01883	0.07797	0.01585	0.00934	0.00664	0.00219	0.00790	0.00715	0.10801	0.01018
6	0.01702	0.14748	0.02138	0.01513	0.01892	0.12408	0.06539	0.02229	0.10478	0.02248	0.06056	0.14818	0.11547	0.01381	0.00814	0.00251	0.00780	0.07001	0.00584	0.00871
7	0.02939	0.02415	0.02306	0.01818	0.02403	0.13132	0.01478	0.55399	0.03414	0.04410	0.01756	0.01788	0.01268	0.00910	0.00763	0.00227	0.00940	0.00666	0.00716	0.01252
