[name]
unknown

[dist]
# distance from previous block
# <min> <max>
3	141

[block]
# block no. 0 follows, 28 sequences, length 8
# corresponding to MSA columns:
# 184-191
name=unknown_A
#
# <colnr> <probs for GDERKNQSTAVLIFYWHMCP>
#	G	D	E	R	K	N	Q	S	T	A	V	L	I	F	Y	W	H	M	C	P
0	0.01200	0.00821	0.01009	0.01088	0.02995	0.00783	0.00746	0.03338	0.05257	0.06696	0.04245	0.41062	0.16977	0.05866	0.01015	0.00291	0.00468	0.01610	0.03834	0.00699
1	0.01799	0.01563	0.01979	0.01649	0.05327	0.01634	0.03394	0.14015	0.06180	0.02666	0.01411	0.01680	0.01155	0.00817	0.01058	0.00198	0.18405	0.00572	0.00472	0.34027
2	0.03389	0.01559	0.06914	0.06214	0.09961	0.07487	0.01254	0.07006	0.01706	0.06734	0.01961	0.08746	0.01703	0.03701	0.00861	0.00230	0.04418	0.00765	0.20401	0.04989
3	0.01351	0.06393	0.06194	0.01190	0.01455	0.07427	0.00960	0.01686	0.05803	0.05539	0.06173	0.38531	0.11140	0.01676	0.00821	0.00256	0.00585	0.01457	0.00617	0.00747
4	0.01143	0.04823	0.04458	0.01297	0.01527	0.00985	0.11088	0.01348	0.01377	0.01817	0.03143	0.28780	0.09332	0.23561	0.01711	0.00396	0.00673	0.01373	0.00522	0.00646
5	0.01556	0.01299	0.01708	0.10208	0.07536	0.01246	0.01184	0.09434	0.01660	0.02413	0.01498	0.01914	0.01254	0.01711	0.16530	0.00384	0.00964	0.00579	0.00437	0.36487
6	0.38621	0.05920	0.06252	0.02055	0.18898	0.08123	0.01392	0.06675	0.01597	0.02847	0.01180	0.01408	0.00939	0.00686	0.00571	0.00215	0.00766	0.00491	0.00422	0.00940
7	0.05286	0.04681	0.01135	0.01002	0.01226	0.00936	0.00769	0.06396	0.01779	0.02416	0.18826	0.23884	0.21294	0.01693	0.00835	0.00253	0.00462	0.05749	0.00676	0.00701

[dist]
# distance from previous block
# <min> <max>
7	24

[block]
# block no. 1 follows, 28 sequences, length 27
# corresponding to MSA columns:
# 216-239,269-271
name=unknown_B
#
# <colnr> <probs for GDERKNQSTAVLIFYWHMCP>
#	G	D	E	R	K	N	Q	S	T	A	V	L	I	F	Y	W	H	M	C	P
0	0.07499	0.03877	0.04638	0.01303	0.03612	0.01184	0.01003	0.05618	0.05491	0.02360	0.09944	0.32774	0.05822	0.01556	0.00936	0.00258	0.06845	0.01317	0.00597	0.03367
1	0.05217	0.11522	0.11983	0.05926	0.07806	0.04578	0.04039	0.13542	0.14926	0.02778	0.03430	0.01888	0.01419	0.00776	0.00668	0.00210	0.00800	0.00623	0.00502	0.07368
2	0.01416	0.16471	0.06389	0.01464	0.07795	0.04408	0.04014	0.01724	0.01625	0.02136	0.08617	0.08820	0.19369	0.01158	0.00704	0.00210	0.00629	0.00970	0.07870	0.04211
3	0.01526	0.09137	0.04772	0.01569	0.07437	0.07031	0.03407	0.03978	0.04202	0.04078	0.04859	0.16014	0.07014	0.13270	0.01320	0.00319	0.03807	0.04954	0.00520	0.00786
4	0.01512	0.02216	0.28256	0.01798	0.02481	0.01367	0.14084	0.02130	0.04568	0.05150	0.05181	0.06124	0.04297	0.00922	0.00793	0.02711	0.00842	0.00781	0.06750	0.08035
5	0.05332	0.12215	0.02550	0.11262	0.28413	0.15986	0.01713	0.04715	0.01728	0.02196	0.01437	0.04237	0.01276	0.00788	0.00678	0.00212	0.00918	0.02985	0.00391	0.00967
6	0.01081	0.00827	0.01167	0.03502	0.01374	0.00919	0.00888	0.01310	0.01255	0.01768	0.04620	0.07526	0.04305	0.13228	0.43518	0.00859	0.04079	0.03711	0.00444	0.03618
7	0.01749	0.04787	0.24448	0.09788	0.12624	0.09016	0.01892	0.07474	0.05619	0.02414	0.01504	0.01791	0.01162	0.00933	0.03752	0.00254	0.00969	0.00593	0.04908	0.04323
8	0.01311	0.01098	0.01752	0.34891	0.05604	0.01248	0.03434	0.01648	0.01486	0.04896	0.04537	0.25085	0.04221	0.01298	0.00876	0.00260	0.03951	0.01152	0.00487	0.00766
9	0.00939	0.00701	0.00970	0.01074	0.01167	0.00653	0.02644	0.01112	0.01479	0.01963	0.07926	0.58318	0.09026	0.02133	0.00923	0.00290	0.00457	0.06936	0.00673	0.00615
10	0.01736	0.01674	0.08786	0.06911	0.12380	0.04495	0.01409	0.14983	0.08736	0.02717	0.04836	0.08401	0.05088	0.01119	0.00880	0.05845	0.00726	0.00836	0.07513	0.00929
11	0.03294	0.00951	0.03682	0.01075	0.01240	0.00912	0.00821	0.01513	0.03952	0.06415	0.03014	0.23765	0.07982	0.14094	0.09117	0.03506	0.05559	0.01211	0.07226	0.00672
12	0.01794	0.01298	0.01432	0.01256	0.01601	0.01417	0.00983	0.16328	0.24867	0.05647	0.11318	0.06977	0.02671	0.01272	0.03866	0.00267	0.00604	0.00892	0.14535	0.00972
13	0.01304	0.00994	0.01162	0.01105	0.01349	0.01019	0.00838	0.04095	0.19317	0.04331	0.28175	0.16070	0.12194	0.01510	0.00836	0.00249	0.00452	0.03440	0.00745	0.00814
14	0.01586	0.04884	0.17265	0.11657	0.07499	0.06258	0.11221	0.02024	0.01518	0.04383	0.01758	0.06249	0.03288	0.06622	0.04465	0.00319	0.06953	0.00776	0.00393	0.00883
15	0.19406	0.01349	0.04675	0.01217	0.01620	0.01287	0.03251	0.10949	0.03960	0.14365	0.05515	0.09715	0.08853	0.09464	0.01045	0.00289	0.00626	0.00913	0.00622	0.00877
16	0.00969	0.00683	0.00830	0.00906	0.00959	0.00652	0.00587	0.01065	0.01316	0.01737	0.06138	0.34753	0.09827	0.31512	0.02048	0.00456	0.00538	0.03901	0.00584	0.00538
17	0.01434	0.01116	0.04252	0.11258	0.01920	0.01078	0.01070	0.04444	0.09019	0.08424	0.08840	0.15381	0.10267	0.04831	0.06246	0.00337	0.00695	0.03464	0.05121	0.00804
18	0.04819	0.15638	0.11355	0.12372	0.09582	0.04830	0.09082	0.08091	0.01712	0.04073	0.01594	0.01884	0.04290	0.00796	0.00817	0.00223	0.06846	0.00635	0.00403	0.00960
19	0.01133	0.02793	0.00974	0.00951	0.01084	0.00779	0.00686	0.03863	0.01566	0.02236	0.11444	0.32446	0.06345	0.08314	0.03317	0.00318	0.00501	0.03866	0.16735	0.00647
20	0.01037	0.00724	0.00923	0.00989	0.01064	0.00731	0.00699	0.01183	0.01293	0.01749	0.03091	0.20350	0.06071	0.29326	0.13764	0.00593	0.00817	0.11881	0.03154	0.00562
21	0.04791	0.11524	0.16789	0.02112	0.12961	0.09116	0.04797	0.07158	0.01677	0.02326	0.01358	0.01745	0.01128	0.04028	0.00956	0.00236	0.08272	0.00585	0.04891	0.03552
22	0.01524	0.08149	0.10636	0.03607	0.01856	0.06314	0.02899	0.09215	0.06656	0.02360	0.07963	0.06595	0.17240	0.06768	0.04785	0.00313	0.00778	0.00963	0.00541	0.00836
23	0.01671	0.04289	0.04993	0.13097	0.15876	0.03444	0.01475	0.08510	0.09754	0.02515	0.04125	0.04076	0.06652	0.00860	0.00697	0.00205	0.00732	0.00730	0.00490	0.15809
24	0.01808	0.01528	0.01769	0.01484	0.01879	0.09501	0.08472	0.10189	0.09439	0.07564	0.05314	0.08983	0.07831	0.03612	0.03214	0.00274	0.00770	0.05139	0.03549	0.07681
25	0.00949	0.00676	0.00852	0.00948	0.01009	0.00646	0.00632	0.01069	0.01357	0.01801	0.06603	0.43289	0.09219	0.20531	0.04537	0.00429	0.00556	0.03722	0.00609	0.00564
26	0.01731	0.01488	0.02160	0.35357	0.09259	0.04704	0.01741	0.02091	0.01489	0.09320	0.01383	0.01851	0.01076	0.00856	0.01099	0.00246	0.17728	0.00633	0.00396	0.05394

[dist]
# distance from previous block
# <min> <max>
4	6

[block]
# block no. 2 follows, 28 sequences, length 19
# corresponding to MSA columns:
# 278-296
name=unknown_C
#
# <colnr> <probs for GDERKNQSTAVLIFYWHMCP>
#	G	D	E	R	K	N	Q	S	T	A	V	L	I	F	Y	W	H	M	C	P
0	0.05070	0.09037	0.11451	0.01644	0.03976	0.14020	0.04421	0.03598	0.06035	0.04879	0.01969	0.12509	0.01864	0.02895	0.05082	0.00297	0.04106	0.03639	0.00472	0.03038
1	0.01413	0.01262	0.03306	0.01488	0.01775	0.01319	0.10425	0.04191	0.05626	0.02421	0.14481	0.06141	0.06177	0.01424	0.05749	0.00300	0.14934	0.00917	0.11841	0.04809
2	0.01071	0.00897	0.01324	0.01225	0.01437	0.00844	0.09070	0.01406	0.05170	0.02140	0.13421	0.32053	0.18020	0.05067	0.01013	0.00286	0.00530	0.03695	0.00646	0.00684
3	0.23482	0.03272	0.01646	0.15430	0.07554	0.01405	0.04085	0.04516	0.01496	0.02455	0.02213	0.17606	0.05911	0.01123	0.00730	0.00243	0.02350	0.00939	0.02748	0.00795
4	0.05269	0.30731	0.14154	0.01427	0.02061	0.01974	0.04743	0.06161	0.01634	0.06147	0.01415	0.01615	0.01131	0.00896	0.03797	0.00226	0.00828	0.00519	0.06740	0.08532
5	0.00949	0.00712	0.00924	0.00991	0.01110	0.00703	0.00719	0.01133	0.01404	0.01857	0.06264	0.30492	0.18274	0.07321	0.20265	0.00545	0.00849	0.04291	0.00587	0.00609
6	0.00917	0.00692	0.00855	0.00963	0.01086	0.00630	0.00696	0.01094	0.01533	0.01973	0.08025	0.43494	0.23983	0.02081	0.00913	0.00282	0.00431	0.09061	0.00680	0.00611
7	0.05397	0.01310	0.01662	0.01298	0.01815	0.01227	0.01064	0.13175	0.02258	0.50350	0.10222	0.02656	0.02255	0.00955	0.00736	0.00224	0.00613	0.00775	0.00847	0.01160
8	0.20761	0.01289	0.01532	0.01214	0.01733	0.01235	0.00999	0.06084	0.01947	0.48553	0.05642	0.02286	0.01786	0.00875	0.00672	0.00225	0.00601	0.00678	0.00783	0.01106
9	0.01104	0.00843	0.00994	0.01021	0.01189	0.00826	0.00734	0.05317	0.08054	0.02290	0.13425	0.38148	0.17940	0.03440	0.00934	0.00275	0.00443	0.01629	0.00696	0.00697
10	0.01102	0.00734	0.00948	0.00968	0.01076	0.00732	0.00677	0.01268	0.01375	0.05028	0.09829	0.22414	0.08080	0.21097	0.18499	0.00591	0.00853	0.01287	0.02831	0.00610
11	0.06708	0.01931	0.03275	0.02404	0.03056	0.01958	0.38508	0.23428	0.05813	0.03149	0.01611	0.01885	0.01187	0.00720	0.00785	0.00235	0.01014	0.00763	0.00508	0.01061
12	0.00904	0.00660	0.00861	0.00985	0.01063	0.00618	0.00676	0.01062	0.01464	0.01950	0.09986	0.57723	0.11147	0.02331	0.04595	0.00330	0.00489	0.01881	0.00671	0.00604
13	0.03827	0.04679	0.01773	0.09584	0.02117	0.04502	0.01196	0.20604	0.02111	0.13488	0.02507	0.09378	0.07735	0.01355	0.05046	0.00288	0.04551	0.00862	0.03448	0.00950
14	0.01157	0.01026	0.04312	0.01381	0.05407	0.01029	0.01011	0.01373	0.01337	0.01874	0.07896	0.16488	0.02951	0.17949	0.16999	0.00565	0.09843	0.06244	0.00494	0.00665
15	0.02192	0.04357	0.01617	0.04731	0.01797	0.01156	0.03203	0.02603	0.05805	0.31781	0.07689	0.06685	0.02385	0.01062	0.00783	0.00230	0.03165	0.04662	0.13123	0.00975
16	0.04986	0.01742	0.09715	0.01763	0.07665	0.01395	0.09582	0.07818	0.05717	0.02645	0.01505	0.01732	0.01179	0.00651	0.00633	0.00174	0.00727	0.00568	0.04456	0.35349
17	0.09949	0.07464	0.04950	0.01345	0.06708	0.01094	0.00980	0.01513	0.01488	0.02220	0.09515	0.36451	0.03401	0.01504	0.00763	0.00242	0.00539	0.01316	0.00565	0.07992
18	0.06417	0.08405	0.02114	0.02203	0.20771	0.01576	0.02809	0.10018	0.07347	0.05876	0.03935	0.09882	0.04729	0.01119	0.00753	0.00240	0.00702	0.09580	0.00557	0.00969

[dist]
# distance from previous block
# <min> <max>
0	96

[block]
# block no. 3 follows, 28 sequences, length 21
# corresponding to MSA columns:
# 397-417
name=unknown_D
#
# <colnr> <probs for GDERKNQSTAVLIFYWHMCP>
#	G	D	E	R	K	N	Q	S	T	A	V	L	I	F	Y	W	H	M	C	P
0	0.04826	0.07210	0.05997	0.10887	0.13590	0.07313	0.01516	0.10023	0.01690	0.02300	0.01565	0.04961	0.01377	0.01922	0.17372	0.00446	0.05003	0.00688	0.00417	0.00898
1	0.06559	0.00849	0.00972	0.01013	0.01173	0.00847	0.00722	0.06830	0.03212	0.02289	0.06032	0.44465	0.12123	0.04335	0.00936	0.00282	0.00463	0.01605	0.04616	0.00677
2	0.01142	0.00853	0.01128	0.07816	0.04921	0.00843	0.00853	0.03935	0.01534	0.01991	0.10189	0.16598	0.22802	0.05784	0.01379	0.15264	0.00543	0.01244	0.00559	0.00621
3	0.05007	0.13482	0.14796	0.01758	0.04838	0.14847	0.04401	0.04537	0.01702	0.08675	0.01635	0.06892	0.01424	0.00907	0.00808	0.00219	0.06594	0.02785	0.00446	0.04246
4	0.02089	0.04556	0.06863	0.01952	0.10556	0.25162	0.01432	0.09126	0.08201	0.05240	0.04135	0.07412	0.01725	0.01312	0.06744	0.00296	0.01023	0.00734	0.00497	0.00945
5	0.01243	0.01052	0.06571	0.00991	0.01251	0.00874	0.00818	0.01731	0.09022	0.03916	0.12206	0.13954	0.14016	0.06974	0.00962	0.00263	0.00476	0.01133	0.21811	0.00735
6	0.01658	0.01361	0.01676	0.05767	0.01924	0.01406	0.01109	0.14781	0.01748	0.02521	0.01509	0.02043	0.01315	0.07287	0.11182	0.00365	0.10632	0.00616	0.00463	0.30637
7	0.01643	0.01608	0.02879	0.08164	0.26022	0.01552	0.22041	0.03785	0.01691	0.02372	0.03952	0.04715	0.01565	0.00776	0.00763	0.00220	0.00897	0.03420	0.00418	0.11518
8	0.06209	0.01770	0.09370	0.01415	0.01970	0.03685	0.01248	0.18645	0.08243	0.11361	0.04533	0.05003	0.01693	0.01113	0.04505	0.00255	0.00766	0.00692	0.00599	0.16926
9	0.01422	0.10270	0.04556	0.01434	0.06527	0.01302	0.03339	0.01886	0.09254	0.06120	0.05920	0.12889	0.21634	0.04202	0.00960	0.00260	0.03663	0.02956	0.00581	0.00824
10	0.01093	0.00777	0.00932	0.00925	0.01057	0.00767	0.00656	0.03942	0.01535	0.02093	0.15481	0.12130	0.14344	0.23304	0.09985	0.00488	0.00682	0.03925	0.05274	0.00610
11	0.01001	0.00736	0.00868	0.00910	0.01035	0.00690	0.00656	0.01162	0.01477	0.01902	0.10565	0.12523	0.23638	0.25581	0.01820	0.00415	0.00537	0.13305	0.00609	0.00572
12	0.01596	0.01508	0.02568	0.36487	0.28768	0.01660	0.06765	0.04764	0.01628	0.02199	0.01458	0.04696	0.01208	0.00756	0.00742	0.00234	0.00920	0.00718	0.00371	0.00957
13	0.04473	0.05931	0.36948	0.01813	0.02553	0.09584	0.01975	0.12132	0.04609	0.02566	0.01518	0.04661	0.01214	0.00975	0.03024	0.00257	0.03708	0.00624	0.00419	0.01016
14	0.01047	0.00796	0.00973	0.01063	0.01187	0.00792	0.00753	0.01474	0.11236	0.02077	0.06514	0.48628	0.09899	0.04994	0.01011	0.00301	0.00463	0.05437	0.00679	0.00676
15	0.01058	0.00760	0.01039	0.01200	0.01326	0.00741	0.00972	0.01313	0.01572	0.02054	0.04032	0.31646	0.06766	0.02098	0.00972	0.00317	0.00570	0.40255	0.00671	0.00639
16	0.01077	0.00747	0.00930	0.00950	0.01128	0.00675	0.00711	0.01316	0.01740	0.05927	0.25959	0.23986	0.22839	0.01806	0.00883	0.00260	0.00415	0.07254	0.00727	0.00669
17	0.00892	0.00690	0.00806	0.00892	0.01028	0.00615	0.00629	0.01047	0.01507	0.01897	0.05427	0.38447	0.33674	0.05227	0.01021	0.00292	0.00420	0.04227	0.00664	0.00597
18	0.01352	0.01211	0.01991	0.04579	0.22562	0.01247	0.07969	0.01630	0.01443	0.01999	0.02328	0.22951	0.02496	0.11352	0.04074	0.00356	0.05849	0.03336	0.00469	0.00807
19	0.49044	0.01523	0.01512	0.04228	0.05254	0.05599	0.03752	0.04151	0.01496	0.11271	0.01366	0.01547	0.01027	0.00966	0.04355	0.00274	0.00752	0.00510	0.00492	0.00878
20	0.01723	0.01563	0.04388	0.01531	0.05229	0.07508	0.03376	0.11761	0.13804	0.05484	0.09078	0.07473	0.13969	0.01369	0.03546	0.00271	0.00723	0.03460	0.00628	0.03117

[dist]
# distance from previous block
# <min> <max>
0	11

[block]
# block no. 4 follows, 28 sequences, length 33
# corresponding to MSA columns:
# 429-461
name=unknown_E
#
# <colnr> <probs for GDERKNQSTAVLIFYWHMCP>
#	G	D	E	R	K	N	Q	S	T	A	V	L	I	F	Y	W	H	M	C	P
0	0.01952	0.01178	0.01399	0.01196	0.01578	0.03156	0.00939	0.08701	0.03749	0.22012	0.12504	0.16262	0.05911	0.01275	0.00775	0.00227	0.00561	0.04146	0.00721	0.11758
1	0.01647	0.01511	0.07537	0.01183	0.01822	0.01104	0.01038	0.06570	0.01668	0.05159	0.01469	0.01656	0.01162	0.00613	0.00570	0.00135	0.00591	0.00486	0.06453	0.57625
2	0.01707	0.01519	0.01905	0.06772	0.14812	0.08147	0.04125	0.06588	0.05950	0.04925	0.04599	0.14409	0.02226	0.01085	0.00752	0.00223	0.00739	0.05308	0.00530	0.13680
3	0.04233	0.01284	0.10766	0.01217	0.01465	0.01042	0.01039	0.04160	0.04101	0.07162	0.01533	0.02250	0.01361	0.06838	0.02161	0.43511	0.04201	0.00656	0.00408	0.00612
4	0.04219	0.00794	0.01054	0.04593	0.03971	0.00774	0.00805	0.01339	0.01449	0.06651	0.06295	0.47969	0.05920	0.09252	0.01154	0.00319	0.00508	0.01635	0.00634	0.00665
5	0.02003	0.05223	0.02756	0.14164	0.23777	0.04695	0.13829	0.07186	0.01807	0.11703	0.01619	0.02012	0.01251	0.03776	0.00857	0.00243	0.00918	0.00695	0.00458	0.01029
6	0.01715	0.01634	0.02539	0.19342	0.37700	0.04346	0.04686	0.04759	0.05951	0.02399	0.06460	0.02141	0.01589	0.00760	0.00736	0.00225	0.00861	0.00709	0.00423	0.01023
7	0.05095	0.01655	0.11902	0.01473	0.01960	0.04215	0.08259	0.06360	0.01810	0.16301	0.07458	0.06045	0.12524	0.01140	0.00876	0.03499	0.02486	0.00898	0.05140	0.00905
8	0.01190	0.00860	0.01006	0.00986	0.01195	0.00841	0.00731	0.01721	0.12377	0.04902	0.24192	0.20369	0.18000	0.01589	0.00825	0.00245	0.00412	0.01382	0.06435	0.00743
9	0.05181	0.01577	0.02178	0.16090	0.02677	0.01865	0.06414	0.17704	0.01895	0.08020	0.01799	0.02111	0.05316	0.00997	0.01232	0.00258	0.22539	0.00712	0.00495	0.00941
10	0.01878	0.01909	0.02321	0.14086	0.13725	0.15647	0.07840	0.09344	0.01825	0.02309	0.03665	0.07661	0.01533	0.00932	0.00937	0.00233	0.09585	0.00760	0.00435	0.03376
11	0.01499	0.06799	0.14118	0.01747	0.04717	0.04515	0.09041	0.04088	0.09532	0.02223	0.04052	0.09617	0.06503	0.01789	0.12503	0.00392	0.04617	0.00888	0.00472	0.00887
12	0.00905	0.00647	0.00866	0.01035	0.01085	0.00607	0.00709	0.01046	0.01411	0.01878	0.03996	0.69454	0.04765	0.02259	0.00933	0.00298	0.00439	0.06398	0.00674	0.00596
13	0.01444	0.01244	0.01249	0.01186	0.01443	0.07045	0.00887	0.09123	0.14999	0.02546	0.12844	0.24392	0.15596	0.01553	0.00824	0.00250	0.00549	0.01332	0.00685	0.00810
14	0.05069	0.04971	0.09750	0.10606	0.12236	0.05699	0.12343	0.12011	0.01853	0.02520	0.01947	0.04947	0.06750	0.00893	0.00833	0.00233	0.05170	0.00766	0.00445	0.00959
15	0.01469	0.01259	0.02131	0.16808	0.16767	0.01287	0.11679	0.01856	0.01581	0.05090	0.02542	0.10724	0.08684	0.01224	0.03501	0.00274	0.00815	0.03240	0.08211	0.00858
16	0.00981	0.00765	0.00905	0.00989	0.01135	0.00729	0.00706	0.01325	0.08143	0.02019	0.04909	0.43866	0.24092	0.02006	0.00892	0.00277	0.00431	0.04492	0.00681	0.00656
17	0.15205	0.01233	0.01422	0.08500	0.01868	0.04641	0.03032	0.01970	0.10695	0.02373	0.09077	0.06294	0.04667	0.04386	0.01113	0.06424	0.03726	0.12077	0.00543	0.00753
18	0.02073	0.01873	0.07281	0.05228	0.09526	0.01781	0.19115	0.22187	0.06809	0.08189	0.01921	0.07252	0.01533	0.00875	0.00775	0.00235	0.00889	0.00821	0.00559	0.01077
19	0.01806	0.01387	0.01759	0.01456	0.06461	0.01193	0.03288	0.10043	0.01765	0.07741	0.01477	0.01694	0.01170	0.00754	0.00758	0.05560	0.00629	0.00524	0.00488	0.50049
20	0.33912	0.10331	0.02038	0.01734	0.09030	0.15929	0.04010	0.02355	0.04355	0.02517	0.01169	0.01403	0.00961	0.00741	0.00712	0.00218	0.06808	0.00493	0.00407	0.00878
21	0.79588	0.01406	0.01068	0.00956	0.01406	0.01631	0.00787	0.02137	0.01237	0.03261	0.01012	0.01181	0.00787	0.00675	0.00450	0.00225	0.00562	0.00394	0.00450	0.00787
22	0.01005	0.00714	0.00886	0.00884	0.00990	0.00672	0.00605	0.01204	0.01637	0.02253	0.35954	0.16202	0.08936	0.22887	0.01697	0.00379	0.00462	0.01372	0.00668	0.00595
23	0.04017	0.01584	0.12189	0.03893	0.01863	0.03908	0.01203	0.06401	0.04214	0.11148	0.07895	0.11871	0.05886	0.07210	0.03999	0.00305	0.00736	0.02507	0.00576	0.08597
24	0.02574	0.01660	0.01856	0.01479	0.01961	0.04218	0.01201	0.34410	0.05147	0.21568	0.08843	0.05104	0.02097	0.01008	0.00803	0.00227	0.03173	0.00793	0.00752	0.01124
25	0.00969	0.00733	0.00903	0.01003	0.01115	0.00702	0.00697	0.01280	0.07079	0.02047	0.09185	0.53068	0.14408	0.02047	0.00897	0.00279	0.00421	0.01829	0.00689	0.00647
26	0.01248	0.00799	0.00959	0.00934	0.01155	0.00732	0.00710	0.01557	0.03783	0.09257	0.21816	0.15468	0.23957	0.01603	0.00826	0.00244	0.00417	0.05372	0.08442	0.00718
27	0.01772	0.01573	0.08131	0.18787	0.05311	0.03492	0.05898	0.07397	0.06748	0.11796	0.07829	0.06309	0.03872	0.06707	0.00989	0.00272	0.00793	0.00855	0.00547	0.00921
28	0.02608	0.01261	0.01559	0.01260	0.01736	0.01210	0.01019	0.07997	0.13283	0.42505	0.05879	0.02876	0.06168	0.00991	0.00730	0.00226	0.00579	0.00811	0.06180	0.01123
29	0.01010	0.00768	0.00931	0.01015	0.01158	0.00735	0.00751	0.01320	0.06117	0.02025	0.06708	0.33215	0.20903	0.06970	0.01100	0.00312	0.00481	0.13174	0.00666	0.00642
30	0.01269	0.00923	0.01270	0.04590	0.01488	0.00973	0.05671	0.04064	0.01523	0.02273	0.02908	0.23160	0.07187	0.03411	0.03470	0.00283	0.06331	0.01153	0.27353	0.00701
31	0.06396	0.24520	0.18102	0.01856	0.05075	0.04592	0.10372	0.06757	0.08613	0.05006	0.01476	0.01632	0.01139	0.00709	0.00640	0.00208	0.00888	0.00573	0.00424	0.01022
32	0.09836	0.15357	0.04287	0.01470	0.01950	0.15536	0.04366	0.13537	0.04105	0.05190	0.07319	0.04903	0.01757	0.00867	0.00648	0.00202	0.00806	0.00665	0.03575	0.03622

[dist]
# distance from previous block
# <min> <max>
5	20

[block]
# block no. 5 follows, 28 sequences, length 12
# corresponding to MSA columns:
# 487-498
name=unknown_F
#
# <colnr> <probs for GDERKNQSTAVLIFYWHMCP>
#	G	D	E	R	K	N	Q	S	T	A	V	L	I	F	Y	W	H	M	C	P
0	0.03631	0.01135	0.05010	0.01302	0.04254	0.01038	0.00988	0.04498	0.03849	0.11109	0.08232	0.27247	0.11695	0.05927	0.01113	0.00287	0.05941	0.01314	0.00638	0.00792
1	0.05073	0.29419	0.32434	0.01601	0.02376	0.02093	0.01821	0.07419	0.01691	0.02355	0.06298	0.01691	0.01387	0.00739	0.00613	0.00201	0.00867	0.00544	0.00385	0.00994
2	0.01107	0.00889	0.01011	0.00990	0.01220	0.00870	0.00751	0.01693	0.14395	0.02440	0.23723	0.12640	0.28638	0.01632	0.00851	0.00251	0.00423	0.05016	0.00723	0.00737
3	0.01039	0.00761	0.00881	0.00879	0.01071	0.00686	0.00639	0.01301	0.03742	0.04839	0.20925	0.18929	0.33662	0.06068	0.01031	0.00277	0.00408	0.01502	0.00702	0.00657
4	0.08407	0.01439	0.01672	0.01327	0.01822	0.01460	0.01083	0.23128	0.05665	0.31670	0.08300	0.02439	0.02024	0.00928	0.00708	0.00221	0.00628	0.00735	0.05225	0.01118
5	0.01827	0.01817	0.02618	0.18987	0.42216	0.09009	0.02030	0.04772	0.01693	0.02252	0.01318	0.01765	0.01082	0.00718	0.00805	0.00224	0.04845	0.00628	0.00365	0.01028
6	0.00947	0.00733	0.00871	0.00954	0.01090	0.00685	0.00670	0.01232	0.06058	0.02020	0.08100	0.45209	0.24732	0.02017	0.00890	0.00273	0.00412	0.01782	0.00685	0.00640
7	0.00928	0.00734	0.00835	0.00820	0.01027	0.00641	0.00611	0.01172	0.01803	0.02336	0.31853	0.09578	0.41639	0.01721	0.00862	0.00241	0.00361	0.01473	0.00725	0.00641
8	0.02378	0.01309	0.01572	0.01305	0.01746	0.01305	0.01040	0.13739	0.14743	0.31448	0.06391	0.10489	0.06948	0.01151	0.00768	0.00237	0.00589	0.00961	0.00797	0.01082
9	0.01887	0.05041	0.02051	0.09203	0.02337	0.01606	0.09070	0.14863	0.15829	0.08062	0.02488	0.03147	0.04523	0.03676	0.00866	0.00257	0.00745	0.08318	0.05057	0.00976
10	0.01938	0.01495	0.01814	0.09946	0.09609	0.04418	0.01258	0.17158	0.02078	0.07942	0.08074	0.02184	0.01773	0.00802	0.00671	0.00190	0.00688	0.00660	0.07346	0.19955
11	0.17238	0.01381	0.01789	0.09170	0.06196	0.01662	0.02822	0.04621	0.01447	0.06037	0.01849	0.04496	0.06295	0.01051	0.01237	0.00258	0.25166	0.00717	0.05731	0.00835

[dist]
# distance from previous block
# <min> <max>
0	9

[block]
# block no. 6 follows, 28 sequences, length 7
# corresponding to MSA columns:
# 508-514
name=unknown_G
#
# <colnr> <probs for GDERKNQSTAVLIFYWHMCP>
#	G	D	E	R	K	N	Q	S	T	A	V	L	I	F	Y	W	H	M	C	P
0	0.01373	0.01444	0.05998	0.04596	0.02448	0.01419	0.24387	0.01783	0.01406	0.02000	0.01714	0.05122	0.01518	0.02605	0.27888	0.00602	0.08956	0.00822	0.03113	0.00807
1	0.03863	0.06042	0.11758	0.13291	0.16965	0.08283	0.05676	0.08727	0.07076	0.04826	0.05296	0.01989	0.01478	0.00776	0.00709	0.00222	0.00894	0.00662	0.00457	0.01013
2	0.02190	0.02001	0.02220	0.06208	0.07072	0.18029	0.09680	0.14259	0.08662	0.08881	0.02036	0.04658	0.01711	0.00969	0.00765	0.00234	0.00924	0.07954	0.00559	0.00989
3	0.01086	0.00883	0.01144	0.01333	0.08876	0.00834	0.00873	0.01440	0.05421	0.02297	0.20814	0.18255	0.26309	0.01664	0.00859	0.00253	0.00460	0.05805	0.00673	0.00721
4	0.04185	0.00749	0.00831	0.00826	0.01022	0.00714	0.00617	0.01466	0.01608	0.04919	0.13329	0.13069	0.19718	0.01587	0.04211	0.00266	0.00455	0.01152	0.28600	0.00675
5	0.06502	0.01632	0.01959	0.04841	0.14830	0.08414	0.04554	0.12038	0.01837	0.04959	0.01706	0.06983	0.01540	0.09113	0.01021	0.00257	0.00784	0.00731	0.00485	0.15814
6	0.01715	0.11341	0.11711	0.02723	0.03482	0.01952	0.51691	0.02306	0.01665	0.02248	0.01394	0.01813	0.01061	0.00623	0.00790	0.00232	0.01152	0.00763	0.00354	0.00985

[dist]
# distance from previous block
# <min> <max>
0	17

[block]
# block no. 7 follows, 28 sequences, length 8
# corresponding to MSA columns:
# 532-539
name=unknown_H
#
# <colnr> <probs for GDERKNQSTAVLIFYWHMCP>
#	G	D	E	R	K	N	Q	S	T	A	V	L	I	F	Y	W	H	M	C	P
0	0.01063	0.00725	0.00862	0.00882	0.01057	0.00650	0.00640	0.01284	0.01676	0.05432	0.19870	0.26403	0.26455	0.01761	0.00843	0.00249	0.00388	0.01533	0.07571	0.00658
1	0.01020	0.00769	0.00983	0.05818	0.01321	0.00772	0.00743	0.01284	0.04932	0.01960	0.11401	0.34079	0.10758	0.16127	0.04324	0.00392	0.00570	0.01513	0.00612	0.00621
2	0.01919	0.19038	0.19974	0.01877	0.04926	0.11960	0.06422	0.07605	0.07865	0.02321	0.01422	0.01624	0.01122	0.00762	0.00765	0.00212	0.05835	0.00567	0.02789	0.00994
3	0.00977	0.00700	0.00858	0.00932	0.01005	0.00676	0.00631	0.01093	0.01322	0.01730	0.03748	0.29501	0.13302	0.27967	0.06346	0.00491	0.00631	0.06964	0.00573	0.00551
4	0.01072	0.00738	0.00941	0.01015	0.01126	0.00744	0.00732	0.03811	0.01463	0.02059	0.03390	0.39448	0.06540	0.04897	0.14146	0.00450	0.00728	0.04348	0.11714	0.00639
5	0.04506	0.09751	0.08850	0.07117	0.10630	0.08668	0.04512	0.14651	0.07962	0.05732	0.01785	0.02004	0.03666	0.02542	0.00842	0.00233	0.04392	0.00655	0.00490	0.01013
6	0.04059	0.01410	0.04158	0.01841	0.13195	0.01388	0.01268	0.14434	0.09440	0.09602	0.04818	0.09592	0.02304	0.05810	0.01055	0.04113	0.00680	0.07387	0.02499	0.00948
7	0.01947	0.08266	0.01944	0.04032	0.09069	0.06244	0.03340	0.11099	0.08321	0.10309	0.08511	0.02517	0.02037	0.03849	0.05249	0.00287	0.00782	0.00737	0.10509	0.00951

[dist]
# distance from previous block
# <min> <max>
2	9

[block]
# block no. 8 follows, 28 sequences, length 23
# corresponding to MSA columns:
# 549-571
name=unknown_I
#
# <colnr> <probs for GDERKNQSTAVLIFYWHMCP>
#	G	D	E	R	K	N	Q	S	T	A	V	L	I	F	Y	W	H	M	C	P
0	0.01665	0.14958	0.08000	0.01595	0.02005	0.06467	0.06090	0.04685	0.06396	0.02220	0.09198	0.05243	0.01943	0.01177	0.04059	0.00267	0.15914	0.00732	0.00452	0.06934
1	0.07788	0.04177	0.01408	0.01262	0.03548	0.01266	0.00948	0.11371	0.04620	0.02381	0.01992	0.02946	0.01835	0.13659	0.28653	0.00660	0.01164	0.03483	0.06068	0.00769
2	0.01637	0.01535	0.12447	0.01476	0.04438	0.01205	0.01283	0.09790	0.01836	0.09928	0.10262	0.11433	0.05617	0.04389	0.01050	0.02724	0.03755	0.09111	0.00598	0.05485
3	0.14306	0.01436	0.06945	0.12568	0.02278	0.01361	0.06773	0.02123	0.13317	0.02462	0.05530	0.04835	0.11982	0.04327	0.00842	0.00254	0.00681	0.00855	0.02959	0.04170
4	0.01390	0.00932	0.01103	0.01029	0.01301	0.00893	0.00792	0.01935	0.12487	0.11337	0.24190	0.10495	0.23352	0.01518	0.00835	0.00246	0.00444	0.04167	0.00752	0.00803
5	0.20656	0.01164	0.01280	0.01097	0.01480	0.01198	0.00873	0.05281	0.07111	0.22860	0.07132	0.02712	0.04861	0.04644	0.06295	0.00317	0.00658	0.00743	0.08720	0.00917
6	0.01810	0.01638	0.01547	0.03976	0.04652	0.16179	0.01087	0.13021	0.04514	0.05463	0.17403	0.13160	0.10021	0.01267	0.00782	0.00229	0.00705	0.01056	0.00633	0.00855
7	0.01485	0.01361	0.08427	0.01273	0.01559	0.03348	0.01078	0.07422	0.06951	0.05238	0.02719	0.22750	0.05160	0.01721	0.06188	0.03100	0.06324	0.01099	0.11997	0.00800
8	0.01631	0.00981	0.01030	0.00925	0.01182	0.01039	0.00721	0.14429	0.04689	0.03038	0.02256	0.02531	0.01755	0.01066	0.03778	0.00227	0.00510	0.00684	0.56723	0.00804
9	0.01055	0.00838	0.00963	0.01007	0.01192	0.00818	0.00741	0.01531	0.12222	0.02141	0.07820	0.30135	0.26529	0.03576	0.00943	0.00280	0.00450	0.06380	0.00685	0.00694
10	0.01663	0.01494	0.02272	0.24553	0.31447	0.04013	0.01813	0.02197	0.06650	0.04623	0.03816	0.05685	0.01584	0.00826	0.00727	0.00228	0.00820	0.00750	0.03867	0.00974
11	0.02070	0.01448	0.02140	0.15213	0.05386	0.04364	0.11714	0.07182	0.04224	0.20867	0.05123	0.05497	0.03995	0.00961	0.00768	0.00236	0.00797	0.03649	0.03388	0.00979
12	0.00911	0.00663	0.00835	0.00961	0.01033	0.00615	0.00650	0.01040	0.01405	0.01836	0.04307	0.54331	0.14017	0.09920	0.01217	0.00333	0.00453	0.04242	0.00650	0.00581
13	0.01201	0.00900	0.01242	0.01200	0.01329	0.01059	0.00938	0.03970	0.01311	0.01931	0.02042	0.05952	0.01947	0.07086	0.44861	0.00840	0.09530	0.03003	0.08976	0.00681
14	0.01816	0.20936	0.19854	0.01882	0.05228	0.03461	0.09176	0.10298	0.05114	0.02432	0.01496	0.03946	0.01228	0.00798	0.00773	0.00216	0.05743	0.00630	0.03978	0.00997
15	0.01659	0.01492	0.07021	0.04720	0.07709	0.06232	0.04038	0.04491	0.01648	0.10582	0.04865	0.17962	0.05389	0.01669	0.07838	0.00338	0.07203	0.01030	0.03258	0.00856
16	0.02167	0.17037	0.05507	0.04507	0.05157	0.28421	0.01414	0.09053	0.01882	0.02161	0.01243	0.01490	0.01036	0.00961	0.04233	0.00235	0.03607	0.00507	0.00397	0.08987
17	0.01912	0.03977	0.09259	0.04702	0.04494	0.04798	0.01267	0.04583	0.04107	0.14820	0.04741	0.02134	0.04206	0.00786	0.00699	0.00183	0.02647	0.00624	0.00532	0.29528
18	0.02013	0.17746	0.14705	0.01588	0.05420	0.03871	0.01440	0.04746	0.06192	0.17075	0.04004	0.05246	0.03751	0.01073	0.03545	0.00250	0.02431	0.00702	0.00535	0.03668
19	0.01539	0.04294	0.01436	0.01360	0.04580	0.14754	0.00985	0.04990	0.01748	0.03657	0.11211	0.12559	0.12474	0.07408	0.08340	0.00369	0.00835	0.06158	0.00563	0.00741
20	0.04412	0.01195	0.04154	0.10902	0.08876	0.01157	0.05942	0.02069	0.04902	0.08162	0.02037	0.02503	0.01617	0.06609	0.00871	0.00244	0.00640	0.00710	0.32161	0.00836
21	0.01661	0.04461	0.11121	0.07981	0.18818	0.04633	0.04559	0.08041	0.03537	0.02385	0.06177	0.04332	0.04062	0.01268	0.06347	0.00306	0.08161	0.00756	0.00441	0.00953
22	0.01682	0.01831	0.12774	0.05442	0.21747	0.06789	0.03523	0.02160	0.04720	0.07676	0.05591	0.12045	0.04766	0.03010	0.00832	0.00245	0.00790	0.00909	0.02519	0.00950

[dist]
# distance from previous block
# <min> <max>
1	4

[block]
# block no. 9 follows, 28 sequences, length 10
# corresponding to MSA columns:
# 577-586
name=unknown_J
#
# <colnr> <probs for GDERKNQSTAVLIFYWHMCP>
#	G	D	E	R	K	N	Q	S	T	A	V	L	I	F	Y	W	H	M	C	P
0	0.01317	0.08930	0.12820	0.04399	0.08088	0.01263	0.01278	0.04955	0.01693	0.02264	0.12741	0.14712	0.15216	0.04239	0.00894	0.00256	0.00644	0.02932	0.00546	0.00812
1	0.06214	0.20285	0.20065	0.13624	0.07120	0.13432	0.05368	0.02284	0.01594	0.02059	0.01198	0.01494	0.00951	0.00682	0.00633	0.00207	0.00989	0.00524	0.00336	0.00941
2	0.01250	0.01107	0.04042	0.08856	0.06463	0.01011	0.01070	0.01604	0.05050	0.02111	0.10576	0.07168	0.12008	0.01902	0.11033	0.08779	0.00785	0.00918	0.00500	0.13767
3	0.00941	0.00699	0.00846	0.00911	0.01028	0.00641	0.00638	0.01109	0.01532	0.02001	0.14662	0.32213	0.21998	0.12281	0.01297	0.00332	0.00449	0.05168	0.00660	0.00594
4	0.05711	0.00909	0.01175	0.01080	0.01306	0.00883	0.04470	0.01712	0.03874	0.09515	0.11491	0.12224	0.08715	0.15632	0.01348	0.00334	0.00555	0.07312	0.11039	0.00716
5	0.10657	0.04023	0.11699	0.10678	0.12256	0.07200	0.05237	0.05829	0.07821	0.09900	0.03841	0.04573	0.01514	0.00827	0.00697	0.00227	0.00837	0.00692	0.00496	0.00996
6	0.01667	0.01545	0.02103	0.08344	0.02373	0.05019	0.11914	0.07656	0.05453	0.02356	0.01611	0.02283	0.01403	0.07783	0.01132	0.00249	0.07497	0.03215	0.00450	0.25945
7	0.01010	0.00670	0.00841	0.00902	0.00940	0.00645	0.00576	0.01039	0.01252	0.01664	0.06487	0.30691	0.07260	0.28715	0.02220	0.12081	0.00550	0.01415	0.00542	0.00501
8	0.01470	0.11305	0.08586	0.05006	0.02198	0.01571	0.12204	0.04408	0.10546	0.02219	0.02733	0.19444	0.08673	0.01236	0.00866	0.00247	0.04822	0.01082	0.00515	0.00868
9	0.01370	0.01283	0.04840	0.03037	0.05202	0.01213	0.04656	0.05493	0.07706	0.02390	0.10198	0.05668	0.16239	0.01622	0.07809	0.00322	0.06188	0.02634	0.03025	0.09103

[dist]
# distance from previous block
# <min> <max>
0	37

[block]
# block no. 10 follows, 28 sequences, length 19
# corresponding to MSA columns:
# 636-654
name=unknown_K
#
# <colnr> <probs for GDERKNQSTAVLIFYWHMCP>
#	G	D	E	R	K	N	Q	S	T	A	V	L	I	F	Y	W	H	M	C	P
0	0.13082	0.01509	0.11761	0.01416	0.06423	0.01184	0.01171	0.06740	0.01753	0.04394	0.15747	0.12061	0.11108	0.01188	0.00731	0.00227	0.00594	0.00995	0.00577	0.07339
1	0.01528	0.10325	0.06014	0.05642	0.06524	0.01431	0.04898	0.08587	0.05116	0.02426	0.09122	0.08997	0.03985	0.04467	0.00974	0.03294	0.00701	0.10477	0.04654	0.00837
2	0.01684	0.09115	0.09701	0.01397	0.03666	0.01521	0.01208	0.18044	0.07065	0.02905	0.13182	0.09456	0.09091	0.01132	0.00731	0.00220	0.00634	0.00936	0.04180	0.04130
3	0.01562	0.02341	0.28590	0.01717	0.02289	0.04751	0.04254	0.05135	0.11828	0.02392	0.08454	0.05806	0.01956	0.01109	0.01075	0.06647	0.07934	0.00766	0.00466	0.00927
4	0.01962	0.10744	0.07822	0.05346	0.10449	0.06202	0.10032	0.11270	0.03715	0.09028	0.05054	0.05733	0.03205	0.00877	0.00711	0.00217	0.00823	0.00760	0.05059	0.00990
5	0.01586	0.07594	0.46647	0.05562	0.08282	0.01764	0.07749	0.04825	0.01625	0.02345	0.01321	0.01594	0.00976	0.00678	0.00689	0.00220	0.01012	0.00568	0.00339	0.04624
6	0.01113	0.00870	0.01124	0.11667	0.01676	0.00889	0.00866	0.03948	0.03686	0.02204	0.19057	0.20377	0.16145	0.11651	0.01238	0.00315	0.00534	0.01348	0.00623	0.00671
7	0.08389	0.01900	0.09194	0.07263	0.07519	0.04593	0.06375	0.24405	0.05547	0.03164	0.01774	0.05654	0.01419	0.00862	0.00696	0.00223	0.00801	0.00712	0.08498	0.01013
8	0.05843	0.04854	0.12915	0.10494	0.09567	0.04191	0.14785	0.07690	0.04413	0.02397	0.01455	0.04238	0.01199	0.00844	0.00977	0.00244	0.11830	0.00698	0.00404	0.00962
9	0.03787	0.01098	0.01124	0.03469	0.01388	0.07365	0.00847	0.03155	0.03725	0.06186	0.02683	0.22528	0.02609	0.01313	0.00776	0.00232	0.03738	0.04319	0.28919	0.00739
10	0.00986	0.00771	0.00874	0.00886	0.01080	0.00697	0.00648	0.04230	0.01738	0.02223	0.16980	0.24599	0.37965	0.01852	0.00871	0.00255	0.00399	0.01599	0.00699	0.00649
11	0.01715	0.02124	0.18554	0.17591	0.04746	0.05439	0.07392	0.07778	0.10237	0.04761	0.01805	0.07604	0.01485	0.00910	0.00828	0.00242	0.04588	0.00767	0.00461	0.00973
12	0.05319	0.01601	0.01350	0.01297	0.01560	0.19103	0.00970	0.05275	0.07576	0.05301	0.03228	0.25153	0.11534	0.01624	0.03585	0.00282	0.00759	0.03106	0.00594	0.00783
13	0.00968	0.00678	0.00877	0.00992	0.01056	0.00647	0.00668	0.01120	0.03696	0.01855	0.05981	0.54574	0.07983	0.05884	0.01252	0.08330	0.00457	0.01770	0.00633	0.00579
14	0.01520	0.01240	0.01851	0.03477	0.01891	0.01427	0.08823	0.05126	0.05443	0.05900	0.02011	0.06583	0.01877	0.08171	0.18331	0.00524	0.17773	0.04784	0.02448	0.00800
15	0.08708	0.01615	0.05833	0.03741	0.18702	0.03446	0.09648	0.02258	0.04339	0.11519	0.02105	0.05797	0.04962	0.04317	0.01030	0.00264	0.07598	0.02668	0.00494	0.00957
16	0.01414	0.00978	0.00915	0.00906	0.01102	0.07526	0.00669	0.01675	0.01621	0.05817	0.06215	0.16742	0.11617	0.01272	0.00676	0.00211	0.00467	0.01066	0.38417	0.00697
17	0.01193	0.00894	0.00927	0.00910	0.00970	0.04511	0.00572	0.01338	0.04140	0.01602	0.02230	0.04185	0.02410	0.56469	0.09791	0.00672	0.00830	0.00967	0.04862	0.00527
18	0.05924	0.00916	0.01066	0.01009	0.01268	0.00902	0.00799	0.04442	0.04529	0.10912	0.15794	0.08311	0.10018	0.01324	0.00749	0.00235	0.00471	0.10576	0.19971	0.00782

[dist]
# distance from previous block
# <min> <max>
1	9

[block]
# block no. 11 follows, 28 sequences, length 7
# corresponding to MSA columns:
# 665-671
name=unknown_L
#
# <colnr> <probs for GDERKNQSTAVLIFYWHMCP>
#	G	D	E	R	K	N	Q	S	T	A	V	L	I	F	Y	W	H	M	C	P
0	0.04593	0.01915	0.09304	0.04091	0.02200	0.05883	0.04923	0.25042	0.05759	0.07277	0.01779	0.01925	0.01317	0.00826	0.00750	0.00214	0.04057	0.00639	0.12787	0.04720
1	0.01203	0.00719	0.00962	0.01041	0.01160	0.00659	0.00726	0.01366	0.01531	0.10782	0.08856	0.59528	0.04576	0.02039	0.00897	0.00281	0.00441	0.01837	0.00713	0.00681
2	0.01722	0.01466	0.01580	0.01173	0.01774	0.04671	0.00938	0.10348	0.01782	0.02642	0.01396	0.01589	0.01130	0.00608	0.00567	0.00129	0.00601	0.00474	0.04394	0.61015
3	0.01797	0.01276	0.01423	0.01186	0.01593	0.01267	0.00950	0.20953	0.05640	0.07124	0.06628	0.03642	0.14358	0.03714	0.00835	0.00230	0.00577	0.05753	0.08117	0.12938
4	0.02038	0.06590	0.10202	0.02723	0.25048	0.07794	0.07301	0.17129	0.06949	0.02833	0.03382	0.01857	0.01342	0.00755	0.00714	0.00217	0.00900	0.00655	0.00475	0.01096
5	0.00962	0.00749	0.00914	0.00963	0.01098	0.00715	0.00706	0.01149	0.01562	0.02029	0.13488	0.29249	0.26953	0.05941	0.01124	0.00296	0.03875	0.06948	0.00661	0.00619
6	0.01076	0.00787	0.00950	0.01013	0.01134	0.00761	0.00711	0.06631	0.01575	0.02061	0.04119	0.44908	0.14469	0.11387	0.01262	0.00336	0.00495	0.05045	0.00649	0.00633

[dist]
# distance from previous block
# <min> <max>
0	1

[block]
# block no. 12 follows, 28 sequences, length 15
# corresponding to MSA columns:
# 673-687
name=unknown_M
#
# <colnr> <probs for GDERKNQSTAVLIFYWHMCP>
#	G	D	E	R	K	N	Q	S	T	A	V	L	I	F	Y	W	H	M	C	P
0	0.01770	0.01534	0.03860	0.06724	0.08408	0.03135	0.01232	0.11515	0.01846	0.05637	0.03696	0.02054	0.05032	0.00763	0.00709	0.00174	0.03408	0.00610	0.00495	0.37399
1	0.01364	0.01048	0.01236	0.01149	0.01349	0.05247	0.00885	0.01699	0.04592	0.07471	0.22059	0.03887	0.09959	0.06019	0.23475	0.00554	0.05692	0.00992	0.00589	0.00736
2	0.01606	0.00927	0.01175	0.01104	0.01338	0.00897	0.00830	0.01917	0.05983	0.19314	0.07722	0.26574	0.13434	0.06998	0.01131	0.00295	0.04144	0.03103	0.00708	0.00801
3	0.07389	0.01494	0.01582	0.01433	0.04716	0.10548	0.02958	0.04005	0.04157	0.04491	0.08742	0.04714	0.05695	0.08037	0.05408	0.00309	0.06359	0.00777	0.00503	0.16682
4	0.01340	0.01026	0.01132	0.01011	0.01315	0.04308	0.00752	0.01571	0.01652	0.07220	0.15522	0.18077	0.15313	0.06136	0.00958	0.00244	0.00504	0.01184	0.00623	0.20114
5	0.00946	0.00668	0.00830	0.00943	0.01012	0.00628	0.00635	0.01077	0.01383	0.01845	0.04014	0.48258	0.11673	0.14533	0.01380	0.00356	0.00472	0.04612	0.04161	0.00575
6	0.00989	0.00703	0.00880	0.00923	0.00988	0.00700	0.00612	0.01108	0.01288	0.01734	0.08051	0.23878	0.08475	0.31732	0.14117	0.00600	0.00787	0.01345	0.00541	0.00549
7	0.01698	0.01514	0.02218	0.13990	0.16881	0.04565	0.09285	0.10307	0.04878	0.02499	0.01854	0.08681	0.01615	0.01176	0.04927	0.00285	0.02883	0.00815	0.08999	0.00929
8	0.00952	0.00903	0.06000	0.01057	0.01224	0.00700	0.00834	0.01156	0.01467	0.01923	0.04396	0.47973	0.17037	0.04246	0.00988	0.00296	0.00489	0.07087	0.00640	0.00633
9	0.01114	0.00884	0.01290	0.05559	0.01525	0.01058	0.00989	0.01342	0.01178	0.01682	0.01930	0.06092	0.01897	0.12043	0.49176	0.00930	0.09424	0.00844	0.00396	0.00649
10	0.01872	0.06304	0.01947	0.06924	0.06925	0.10262	0.04292	0.05934	0.06811	0.09950	0.06188	0.09127	0.02136	0.01255	0.03916	0.00274	0.05643	0.03726	0.05613	0.00901
11	0.03511	0.08897	0.02310	0.05460	0.19848	0.05853	0.06558	0.03334	0.03324	0.02190	0.06046	0.08856	0.02081	0.03566	0.04245	0.00297	0.06822	0.05464	0.00452	0.00887
12	0.01347	0.00996	0.01223	0.01296	0.06351	0.00995	0.00898	0.01984	0.15646	0.06404	0.18057	0.14793	0.17019	0.01456	0.00811	0.00245	0.00475	0.03740	0.05445	0.00819
13	0.01710	0.04883	0.01926	0.12078	0.05714	0.06018	0.04099	0.09159	0.10760	0.02472	0.03595	0.04361	0.01576	0.01145	0.04748	0.03752	0.00810	0.00683	0.02941	0.17571
14	0.06713	0.01742	0.08807	0.06343	0.16440	0.03728	0.09350	0.08987	0.01743	0.02489	0.01979	0.12924	0.03553	0.01010	0.00809	0.00234	0.03642	0.02432	0.00467	0.06609

[dist]
# distance from previous block
# <min> <max>
6	13

[block]
# block no. 13 follows, 28 sequences, length 10
# corresponding to MSA columns:
# 702-711
name=unknown_N
#
# <colnr> <probs for GDERKNQSTAVLIFYWHMCP>
#	G	D	E	R	K	N	Q	S	T	A	V	L	I	F	Y	W	H	M	C	P
0	0.01022	0.00769	0.00931	0.00987	0.01130	0.00730	0.00701	0.04250	0.04057	0.02207	0.14486	0.43794	0.18312	0.01956	0.00887	0.00269	0.00422	0.01732	0.00699	0.00660
1	0.05031	0.01915	0.07684	0.14809	0.17595	0.07291	0.09249	0.09530	0.01866	0.12493	0.01573	0.01844	0.01162	0.00758	0.00793	0.00229	0.04021	0.00651	0.00473	0.01034
2	0.02051	0.22308	0.13427	0.04012	0.04733	0.05006	0.12840	0.06096	0.06453	0.11835	0.01595	0.01744	0.01198	0.00737	0.00717	0.00212	0.02930	0.00611	0.00460	0.01033
3	0.00890	0.00670	0.00825	0.00929	0.01037	0.00605	0.00642	0.01050	0.01518	0.01971	0.10249	0.50100	0.22691	0.02094	0.00903	0.00276	0.00401	0.01860	0.00685	0.00605
4	0.01030	0.00714	0.00874	0.00929	0.01081	0.00637	0.00660	0.01212	0.01600	0.05908	0.13517	0.40130	0.25109	0.01960	0.00886	0.00267	0.00406	0.01727	0.00704	0.00647
5	0.01031	0.00775	0.00965	0.01025	0.01159	0.00761	0.00732	0.03649	0.05214	0.02139	0.11580	0.43281	0.13950	0.02301	0.07517	0.00357	0.00570	0.01664	0.00668	0.00664
6	0.04481	0.01626	0.05847	0.16732	0.20931	0.04804	0.01638	0.08096	0.01647	0.02272	0.01771	0.06454	0.03609	0.09234	0.01209	0.00291	0.07259	0.00780	0.00422	0.00896
7	0.01055	0.00696	0.00770	0.00795	0.00924	0.00653	0.00547	0.01243	0.01474	0.02100	0.09148	0.16881	0.20305	0.17609	0.01401	0.00333	0.00442	0.01272	0.21758	0.00594
8	0.00909	0.00649	0.00870	0.01038	0.01091	0.00610	0.00715	0.01052	0.01414	0.01881	0.03994	0.68707	0.04758	0.02256	0.00934	0.00298	0.00442	0.07113	0.00674	0.00597
9	0.01920	0.11167	0.12921	0.04284	0.02291	0.12896	0.05727	0.08715	0.06816	0.05098	0.01674	0.05855	0.01406	0.01062	0.03347	0.00258	0.08517	0.00686	0.04419	0.00941

[dist]
# distance from previous block
# <min> <max>
3	7

[block]
# block no. 14 follows, 28 sequences, length 10
# corresponding to MSA columns:
# 720-729
name=unknown_O
#
# <colnr> <probs for GDERKNQSTAVLIFYWHMCP>
#	G	D	E	R	K	N	Q	S	T	A	V	L	I	F	Y	W	H	M	C	P
0	0.01153	0.01009	0.03329	0.12074	0.04715	0.00977	0.02911	0.04285	0.03482	0.02078	0.03486	0.42857	0.09034	0.01739	0.00863	0.00273	0.00589	0.03832	0.00594	0.00720
1	0.01633	0.03788	0.17964	0.01760	0.06713	0.10828	0.01534	0.03768	0.07324	0.02173	0.01823	0.07502	0.01684	0.06480	0.04812	0.00310	0.06511	0.03746	0.00439	0.09207
2	0.09372	0.07005	0.11771	0.01879	0.08420	0.08772	0.08922	0.09277	0.03805	0.09282	0.02442	0.02513	0.11646	0.00903	0.00706	0.00222	0.00830	0.00746	0.00512	0.00975
