[name]
unknown

[dist]
# distance from previous block
# <min> <max>
0	6

[block]
# block no. 0 follows, 37 sequences, length 90
# corresponding to MSA columns:
# 6-95
name=unknown_A
#
# <colnr> <probs for GDERKNQSTAVLIFYWHMCP>
#	G	D	E	R	K	N	Q	S	T	A	V	L	I	F	Y	W	H	M	C	P
0	0.10370	0.00973	0.01131	0.04313	0.05674	0.03082	0.00818	0.04524	0.09041	0.03922	0.28206	0.09136	0.03177	0.04262	0.00742	0.00210	0.00462	0.03536	0.00540	0.05881
1	0.04082	0.03699	0.05102	0.35563	0.26883	0.09114	0.01655	0.01779	0.01325	0.01749	0.01093	0.01503	0.00872	0.00676	0.02284	0.00206	0.00823	0.00515	0.00291	0.00787
2	0.00795	0.00620	0.00720	0.00701	0.00872	0.00546	0.00524	0.01014	0.01555	0.02046	0.39731	0.07302	0.38554	0.01413	0.00724	0.00201	0.00301	0.01214	0.00620	0.00546
3	0.01320	0.00830	0.01009	0.00945	0.01171	0.00819	0.00712	0.01854	0.17425	0.15907	0.18427	0.24629	0.09883	0.01282	0.00697	0.00213	0.00397	0.01119	0.00639	0.00724
4	0.00890	0.00593	0.00668	0.00668	0.00668	0.00593	0.00371	0.00890	0.00890	0.01187	0.01929	0.04006	0.02225	0.78487	0.03116	0.00593	0.00593	0.00890	0.00371	0.00371
5	0.00763	0.00561	0.00709	0.00813	0.00885	0.00516	0.00560	0.00889	0.01233	0.01615	0.07196	0.56837	0.15633	0.04985	0.00868	0.00255	0.00362	0.04253	0.00565	0.00502
6	0.01339	0.01339	0.01875	0.01607	0.01607	0.01875	0.01339	0.01473	0.00937	0.01473	0.00804	0.01339	0.00804	0.01071	0.02009	0.00268	0.77367	0.00536	0.00268	0.00670
7	0.01269	0.01088	0.01269	0.00907	0.01451	0.00816	0.00725	0.01541	0.01269	0.01995	0.01088	0.01269	0.00907	0.00453	0.00453	0.00091	0.00453	0.00363	0.00363	0.82229
8	0.01637	0.78856	0.03208	0.01047	0.01571	0.02422	0.01047	0.01833	0.01244	0.01440	0.00851	0.00982	0.00786	0.00524	0.00393	0.00131	0.00655	0.00327	0.00262	0.00786
9	0.00746	0.00533	0.00710	0.00852	0.00888	0.00497	0.00568	0.00852	0.01172	0.01563	0.03374	0.78088	0.04049	0.01918	0.00781	0.00249	0.00355	0.01740	0.00568	0.00497
10	0.82811	0.01184	0.00900	0.00805	0.01184	0.01373	0.00663	0.01799	0.01042	0.02746	0.00852	0.00994	0.00663	0.00568	0.00379	0.00189	0.00474	0.00331	0.00379	0.00663
11	0.00745	0.00621	0.00650	0.00642	0.00840	0.00526	0.00482	0.00920	0.01446	0.01773	0.16356	0.05695	0.64191	0.01506	0.00723	0.00205	0.00307	0.01264	0.00584	0.00526
12	0.82811	0.01184	0.00900	0.00805	0.01184	0.01373	0.00663	0.01799	0.01042	0.02746	0.00852	0.00994	0.00663	0.00568	0.00379	0.00189	0.00474	0.00331	0.00379	0.00663
13	0.82811	0.01184	0.00900	0.00805	0.01184	0.01373	0.00663	0.01799	0.01042	0.02746	0.00852	0.00994	0.00663	0.00568	0.00379	0.00189	0.00474	0.00331	0.00379	0.00663
14	0.02746	0.01042	0.01421	0.01089	0.01563	0.00900	0.00900	0.02983	0.01752	0.75093	0.02415	0.02083	0.01515	0.00758	0.00616	0.00189	0.00521	0.00616	0.00758	0.01042
15	0.01228	0.03166	0.75316	0.01745	0.02649	0.01422	0.02262	0.01939	0.01292	0.01939	0.01099	0.01292	0.00775	0.00582	0.00582	0.00194	0.00905	0.00452	0.00258	0.00905
16	0.01156	0.01088	0.01836	0.77016	0.04216	0.01360	0.01700	0.01564	0.01224	0.01564	0.01088	0.01632	0.00816	0.00612	0.00612	0.00204	0.00816	0.00544	0.00272	0.00680
17	0.00746	0.00533	0.00710	0.00852	0.00888	0.00497	0.00568	0.00852	0.01172	0.01563	0.03374	0.78088	0.04049	0.01918	0.00781	0.00249	0.00355	0.01740	0.00568	0.00497
18	0.00861	0.00625	0.00810	0.00764	0.00911	0.00575	0.00573	0.01144	0.01719	0.02423	0.71661	0.04624	0.08480	0.01263	0.00722	0.00193	0.00290	0.01114	0.00670	0.00575
19	0.00832	0.00602	0.00785	0.00786	0.00905	0.00555	0.00572	0.01070	0.01581	0.02205	0.54367	0.22993	0.07598	0.01428	0.00737	0.00207	0.00306	0.01271	0.00644	0.00555
20	0.01637	0.78856	0.03208	0.01047	0.01571	0.02422	0.01047	0.01833	0.01244	0.01440	0.00851	0.00982	0.00786	0.00524	0.00393	0.00131	0.00655	0.00327	0.00262	0.00786
21	0.02338	0.00968	0.01294	0.01029	0.01433	0.00852	0.00835	0.04301	0.01739	0.58290	0.11601	0.05676	0.05015	0.00898	0.00640	0.00193	0.00480	0.00749	0.00728	0.00940
22	0.04978	0.01046	0.01406	0.01081	0.01552	0.00913	0.00893	0.02950	0.01732	0.73077	0.02371	0.02053	0.01492	0.00752	0.00609	0.00189	0.00520	0.00608	0.00747	0.01031
23	0.00968	0.00673	0.00832	0.00880	0.01004	0.00642	0.00631	0.06838	0.01395	0.04876	0.05758	0.52924	0.14340	0.01689	0.00752	0.00234	0.00387	0.04021	0.00583	0.00572
24	0.02644	0.01065	0.01421	0.01095	0.01556	0.00946	0.00902	0.07098	0.01819	0.67813	0.05323	0.02149	0.01662	0.00777	0.00620	0.00189	0.00520	0.00632	0.00745	0.01023
25	0.00760	0.00539	0.00706	0.00835	0.00867	0.00506	0.00549	0.00856	0.01145	0.01527	0.03236	0.71002	0.03874	0.09241	0.01005	0.00282	0.00378	0.01659	0.00549	0.00485
26	0.01664	0.01479	0.02426	0.04626	0.46917	0.01493	0.11054	0.13577	0.01657	0.05296	0.01383	0.01653	0.02695	0.00606	0.00626	0.00187	0.00743	0.00590	0.00379	0.00948
27	0.04770	0.10025	0.07132	0.01937	0.15920	0.22091	0.08253	0.08299	0.01585	0.05903	0.01282	0.06009	0.01092	0.00690	0.00612	0.00180	0.02466	0.00561	0.00370	0.00824
28	0.01530	0.04808	0.11121	0.13747	0.27129	0.08103	0.11867	0.07100	0.01478	0.01967	0.01146	0.01483	0.00910	0.00687	0.02500	0.00208	0.02503	0.00541	0.00316	0.00856
29	0.77817	0.03608	0.03273	0.00841	0.01241	0.01407	0.00724	0.01805	0.01056	0.02682	0.00860	0.01003	0.00670	0.00567	0.00386	0.00188	0.00492	0.00335	0.00372	0.00674
30	0.01233	0.01164	0.01531	0.01367	0.01418	0.04613	0.01115	0.01396	0.01014	0.01501	0.01191	0.01932	0.01162	0.04288	0.19307	0.00437	0.47572	0.03468	0.03663	0.00625
31	0.01506	0.28167	0.22783	0.04658	0.03904	0.04487	0.07496	0.07024	0.06348	0.01950	0.05244	0.01494	0.01172	0.00624	0.00543	0.00173	0.00750	0.00497	0.00341	0.00838
32	0.00854	0.00625	0.00802	0.00757	0.00907	0.00572	0.00568	0.01132	0.01704	0.02387	0.68609	0.04683	0.11555	0.01277	0.00722	0.00194	0.00291	0.01123	0.00665	0.00572
33	0.03953	0.03884	0.01883	0.07738	0.07393	0.12946	0.04156	0.29132	0.01969	0.07488	0.01488	0.01628	0.04074	0.00747	0.00745	0.00191	0.08700	0.00556	0.00461	0.00870
34	0.00884	0.00591	0.00669	0.00675	0.00677	0.00589	0.00379	0.00889	0.00902	0.01203	0.01990	0.07144	0.02303	0.75244	0.03017	0.00579	0.00583	0.00926	0.00379	0.00376
35	0.00798	0.00599	0.00752	0.00775	0.00899	0.00552	0.00562	0.00997	0.01437	0.01935	0.32641	0.26739	0.20611	0.01745	0.05846	0.00266	0.00405	0.01308	0.00595	0.00538
36	0.01523	0.01315	0.01384	0.01246	0.01592	0.01523	0.00969	0.03253	0.73563	0.02561	0.02491	0.02284	0.01869	0.00830	0.00623	0.00208	0.00484	0.00692	0.00623	0.00969
37	0.02140	0.02283	0.01689	0.01466	0.01832	0.41916	0.01134	0.20420	0.16778	0.02315	0.01396	0.01439	0.01074	0.00698	0.00582	0.00175	0.00867	0.00495	0.00454	0.00847
38	0.01322	0.01314	0.01842	0.01584	0.01588	0.01834	0.01318	0.01459	0.00939	0.01471	0.00834	0.01378	0.00830	0.01200	0.04712	0.00294	0.74602	0.00540	0.00270	0.00665
39	0.01247	0.01185	0.01626	0.01413	0.01413	0.01611	0.01140	0.01353	0.00928	0.01414	0.01036	0.01889	0.01097	0.17034	0.02237	0.00335	0.61537	0.00609	0.00289	0.00608
40	0.01737	0.67250	0.02986	0.01123	0.01620	0.11342	0.01067	0.04098	0.01354	0.01522	0.00882	0.01012	0.00794	0.00543	0.00419	0.00136	0.00710	0.00342	0.00279	0.00784
41	0.01445	0.01300	0.03362	0.04576	0.21739	0.01189	0.01185	0.10650	0.01490	0.02176	0.01247	0.04880	0.01074	0.00614	0.00599	0.00148	0.03544	0.00515	0.00378	0.37888
42	0.01841	0.10238	0.19177	0.01546	0.03559	0.16039	0.03608	0.22540	0.11222	0.02437	0.01337	0.01419	0.01006	0.00659	0.00575	0.00179	0.00796	0.00498	0.00421	0.00901
43	0.01339	0.01339	0.01875	0.01607	0.01607	0.01875	0.01339	0.01473	0.00937	0.01473	0.00804	0.01339	0.00804	0.01071	0.02009	0.00268	0.77367	0.00536	0.00268	0.00670
44	0.01455	0.00696	0.00763	0.00691	0.00902	0.00680	0.00536	0.04660	0.01427	0.14315	0.02044	0.02215	0.01538	0.00721	0.00466	0.00152	0.00340	0.00577	0.65152	0.00668
45	0.00890	0.00593	0.00668	0.00668	0.00668	0.00593	0.00371	0.00890	0.00890	0.01187	0.01929	0.04006	0.02225	0.78487	0.03116	0.00593	0.00593	0.00890	0.00371	0.00371
46	0.01581	0.11608	0.23515	0.01856	0.17150	0.01500	0.01530	0.11710	0.05215	0.07165	0.05250	0.03105	0.01296	0.00669	0.00577	0.00179	0.00694	0.00549	0.00402	0.04447
47	0.01244	0.06087	0.72533	0.01718	0.02608	0.01460	0.02215	0.01934	0.01290	0.01919	0.01089	0.01280	0.00776	0.00579	0.00574	0.00191	0.00895	0.00448	0.00259	0.00900
48	0.01343	0.01137	0.01227	0.01149	0.01428	0.01287	0.00874	0.02700	0.56876	0.02333	0.02764	0.18002	0.04089	0.01072	0.00658	0.00216	0.00454	0.00923	0.00610	0.00861
49	0.01582	0.01354	0.02247	0.16980	0.46719	0.01398	0.04602	0.05704	0.01482	0.08369	0.02841	0.01655	0.01094	0.00600	0.00616	0.00188	0.00726	0.00571	0.00362	0.00911
50	0.03768	0.48959	0.02598	0.01217	0.01667	0.26456	0.01077	0.02080	0.01421	0.04538	0.00947	0.01068	0.00814	0.00570	0.00454	0.00143	0.00792	0.00361	0.00303	0.00768
51	0.70856	0.06305	0.07226	0.00898	0.01330	0.01444	0.00820	0.01813	0.01075	0.02596	0.00873	0.01018	0.00680	0.00566	0.00397	0.00186	0.00521	0.00341	0.00361	0.00691
52	0.01584	0.04431	0.07841	0.04976	0.08144	0.06331	0.01218	0.07231	0.46247	0.02388	0.01971	0.01930	0.01490	0.00745	0.00604	0.00197	0.00614	0.00611	0.00515	0.00932
53	0.00819	0.00577	0.00691	0.00743	0.00782	0.00557	0.00469	0.00884	0.01050	0.01383	0.02898	0.31008	0.10588	0.39421	0.05032	0.00443	0.00520	0.01232	0.00462	0.00440
54	0.01422	0.01314	0.05431	0.03256	0.11083	0.01059	0.04052	0.07144	0.01429	0.03969	0.01166	0.01363	0.00932	0.00508	0.00511	0.00125	0.00564	0.00431	0.00374	0.53867
55	0.00866	0.00626	0.00818	0.00770	0.00914	0.00578	0.00578	0.01155	0.01733	0.02455	0.74346	0.04572	0.05776	0.01251	0.00722	0.00193	0.00289	0.01107	0.00674	0.00578
56	0.01437	0.01581	0.11073	0.06378	0.12157	0.01483	0.10521	0.02548	0.37771	0.02229	0.01869	0.02020	0.01439	0.00731	0.00662	0.00205	0.02286	0.02238	0.00463	0.00910
57	0.00895	0.00659	0.00841	0.00790	0.00945	0.00622	0.00594	0.01250	0.05187	0.02442	0.69360	0.04492	0.07121	0.01238	0.00717	0.00194	0.00299	0.01091	0.00669	0.00595
58	0.00855	0.00629	0.00822	0.00784	0.00929	0.00596	0.00591	0.01124	0.01612	0.02259	0.59576	0.04417	0.11078	0.01689	0.10033	0.00292	0.00458	0.01067	0.00622	0.00569
59	0.82811	0.01184	0.00900	0.00805	0.01184	0.01373	0.00663	0.01799	0.01042	0.02746	0.00852	0.00994	0.00663	0.00568	0.00379	0.00189	0.00474	0.00331	0.00379	0.00663
60	0.05220	0.62391	0.05122	0.01209	0.04289	0.08400	0.01112	0.03414	0.01318	0.01590	0.00891	0.01032	0.00792	0.00542	0.00424	0.00141	0.00695	0.00350	0.00280	0.00790
61	0.01057	0.00534	0.00792	0.00792	0.00792	0.00534	0.00525	0.00801	0.00801	0.01068	0.01097	0.01943	0.01108	0.05073	0.02420	0.79041	0.00534	0.00545	0.00270	0.00270
62	0.00745	0.00571	0.00686	0.00775	0.00878	0.00511	0.00544	0.00876	0.01263	0.01605	0.04420	0.48936	0.30168	0.01774	0.00762	0.00234	0.00345	0.03833	0.00568	0.00507
63	0.01269	0.01088	0.01269	0.00907	0.01451	0.00816	0.00725	0.01541	0.01269	0.01995	0.01088	0.01269	0.00907	0.00453	0.00453	0.00091	0.00453	0.00363	0.00363	0.82229
64	0.01156	0.01088	0.01836	0.77016	0.04216	0.01360	0.01700	0.01564	0.01224	0.01564	0.01088	0.01632	0.00816	0.00612	0.00612	0.00204	0.00816	0.00544	0.00272	0.00680
65	0.03620	0.07859	0.01967	0.01644	0.08016	0.16299	0.02816	0.26282	0.01850	0.02407	0.01145	0.01356	0.00920	0.00746	0.00881	0.00192	0.17579	0.00499	0.03082	0.00840
66	0.00752	0.00606	0.00663	0.00679	0.00843	0.00524	0.00494	0.00912	0.01388	0.01732	0.14788	0.17208	0.51538	0.04095	0.00811	0.00224	0.00324	0.01326	0.00576	0.00517
67	0.00941	0.00628	0.00717	0.00723	0.00757	0.00630	0.00440	0.03873	0.01043	0.01426	0.02152	0.16015	0.02437	0.57878	0.02462	0.00492	0.00539	0.00997	0.05418	0.00432
68	0.82811	0.01184	0.00900	0.00805	0.01184	0.01373	0.00663	0.01799	0.01042	0.02746	0.00852	0.00994	0.00663	0.00568	0.00379	0.00189	0.00474	0.00331	0.00379	0.00663
69	0.01298	0.01214	0.02005	0.41026	0.27810	0.01397	0.01668	0.03275	0.01288	0.01751	0.01137	0.01621	0.00918	0.00873	0.05510	0.00250	0.05338	0.00551	0.00294	0.00778
70	0.00942	0.00599	0.00680	0.00679	0.00700	0.00595	0.00395	0.00972	0.00948	0.02937	0.02007	0.07070	0.02245	0.68194	0.02778	0.00539	0.00561	0.00900	0.05855	0.00405
71	0.01067	0.00882	0.01394	0.01327	0.06283	0.00947	0.09604	0.04206	0.01123	0.01572	0.01596	0.02578	0.01548	0.21954	0.38050	0.00681	0.03545	0.00707	0.00345	0.00590
72	0.02746	0.01042	0.01421	0.01089	0.01563	0.00900	0.00900	0.02983	0.01752	0.75093	0.02415	0.02083	0.01515	0.00758	0.00616	0.00189	0.00521	0.00616	0.00758	0.01042
73	0.00914	0.00587	0.00751	0.00819	0.00889	0.00548	0.00548	0.01019	0.01191	0.06517	0.06376	0.52036	0.06599	0.16757	0.01221	0.00308	0.00408	0.01450	0.00547	0.00514
74	0.01080	0.00573	0.00593	0.00600	0.00713	0.00571	0.00424	0.01308	0.01210	0.02061	0.02045	0.05879	0.01791	0.14281	0.00910	0.00226	0.00342	0.00677	0.64183	0.00533
75	0.02634	0.01076	0.01427	0.01111	0.01572	0.00966	0.00916	0.05986	0.04975	0.67137	0.02396	0.02174	0.01555	0.00781	0.00621	0.00192	0.00527	0.02185	0.00741	0.01028
76	0.00886	0.00652	0.00966	0.00966	0.01077	0.00757	0.00750	0.01108	0.00997	0.01458	0.01655	0.02399	0.01532	0.04422	0.72771	0.00947	0.01581	0.00652	0.03876	0.00548
77	0.00839	0.00613	0.00715	0.00742	0.00878	0.00551	0.00534	0.00988	0.01328	0.03723	0.12592	0.22626	0.34286	0.11366	0.01045	0.00268	0.00375	0.05452	0.00560	0.00518
78	0.01204	0.01137	0.01923	0.67230	0.13627	0.01373	0.01724	0.01606	0.01247	0.01622	0.01096	0.01616	0.00837	0.00603	0.00611	0.00201	0.00804	0.00544	0.00276	0.00719
79	0.00986	0.00705	0.00986	0.01127	0.01268	0.00705	0.00986	0.01268	0.01409	0.01832	0.03241	0.06905	0.03523	0.01691	0.00845	0.00282	0.00564	0.70549	0.00564	0.00564
80	0.00779	0.00615	0.00709	0.00746	0.00904	0.00544	0.00564	0.00959	0.01401	0.01767	0.14491	0.19291	0.43337	0.01596	0.00749	0.00222	0.00347	0.09871	0.00582	0.00527
81	0.00880	0.00651	0.00972	0.00970	0.01078	0.00751	0.00751	0.01087	0.01007	0.01451	0.04429	0.02473	0.01681	0.04392	0.71050	0.03272	0.01556	0.00670	0.00339	0.00540
82	0.02095	0.00867	0.01147	0.00963	0.01297	0.00768	0.00761	0.02312	0.01563	0.49082	0.02550	0.17784	0.02046	0.00990	0.00622	0.00195	0.00452	0.00841	0.12808	0.00859
83	0.02678	0.01080	0.01435	0.01108	0.01577	0.00965	0.00913	0.05739	0.04838	0.69214	0.02381	0.02068	0.01512	0.00760	0.00616	0.00190	0.00525	0.00616	0.00746	0.01039
84	0.00996	0.00704	0.00810	0.00797	0.00920	0.00689	0.00549	0.05970	0.04305	0.03523	0.10274	0.21982	0.16286	0.26214	0.01486	0.00337	0.00447	0.01148	0.02026	0.00539
85	0.00862	0.00646	0.00920	0.00916	0.01030	0.00718	0.00700	0.01068	0.01073	0.01510	0.07982	0.02972	0.07987	0.08697	0.59060	0.00830	0.01353	0.00760	0.00379	0.00536
86	0.01057	0.00678	0.00860	0.00833	0.01018	0.00640	0.00638	0.01251	0.01354	0.11172	0.12771	0.11979	0.26984	0.04093	0.18046	0.00399	0.00663	0.04424	0.00546	0.00596
87	0.01226	0.00834	0.00951	0.00856	0.01102	0.00798	0.00657	0.10426	0.05263	0.10213	0.18638	0.10672	0.31463	0.03171	0.00755	0.00212	0.00395	0.01084	0.00614	0.00671
88	0.00865	0.00585	0.00705	0.00741	0.00779	0.00573	0.00474	0.00910	0.01020	0.01359	0.02582	0.20110	0.08595	0.42433	0.05216	0.06010	0.00549	0.03755	0.02316	0.00423
89	0.01007	0.00699	0.00859	0.00931	0.05601	0.00711	0.00566	0.04212	0.01115	0.01571	0.03567	0.08372	0.04160	0.45495	0.08767	0.00489	0.00633	0.00867	0.09881	0.00495

[dist]
# distance from previous block
# <min> <max>
1	5

[block]
# block no. 1 follows, 37 sequences, length 18
# corresponding to MSA columns:
# 101-118
name=unknown_B
#
# <colnr> <probs for GDERKNQSTAVLIFYWHMCP>
#	G	D	E	R	K	N	Q	S	T	A	V	L	I	F	Y	W	H	M	C	P
0	0.01400	0.01707	0.14667	0.14831	0.24365	0.04700	0.11407	0.04375	0.01413	0.01952	0.02742	0.04033	0.01095	0.00620	0.00611	0.00184	0.00783	0.00581	0.00325	0.08208
1	0.01395	0.01072	0.01241	0.00951	0.01389	0.00931	0.00757	0.12524	0.01584	0.05671	0.09328	0.02168	0.07702	0.02660	0.02600	0.00166	0.00496	0.00580	0.00469	0.46316
2	0.01557	0.64822	0.08890	0.01107	0.01630	0.02204	0.01121	0.01878	0.05314	0.01549	0.01076	0.04508	0.00991	0.00608	0.00438	0.00146	0.00652	0.00421	0.00296	0.00793
3	0.00943	0.00621	0.00775	0.00780	0.00924	0.00562	0.00568	0.01142	0.01465	0.07047	0.29627	0.28308	0.18245	0.01466	0.00720	0.00211	0.00330	0.01289	0.04404	0.00572
4	0.00826	0.00622	0.00773	0.00758	0.00895	0.00590	0.00557	0.01032	0.01415	0.01911	0.34195	0.07840	0.23019	0.09342	0.13134	0.00365	0.00545	0.01091	0.00556	0.00533
5	0.00877	0.00597	0.00673	0.00670	0.00693	0.00587	0.00389	0.00905	0.00974	0.01293	0.06411	0.04170	0.07446	0.68679	0.02811	0.00543	0.00556	0.00931	0.00402	0.00393
6	0.01117	0.00625	0.00662	0.00645	0.00800	0.00629	0.00486	0.01490	0.05698	0.02328	0.14406	0.02674	0.02307	0.00812	0.00490	0.00155	0.00298	0.00670	0.63113	0.00596
7	0.01637	0.78856	0.03208	0.01047	0.01571	0.02422	0.01047	0.01833	0.01244	0.01440	0.00851	0.00982	0.00786	0.00524	0.00393	0.00131	0.00655	0.00327	0.00262	0.00786
8	0.01003	0.00891	0.01537	0.01331	0.01552	0.00843	0.19938	0.04343	0.01332	0.01776	0.02853	0.50558	0.06533	0.01470	0.00755	0.00232	0.00549	0.01391	0.00501	0.00611
9	0.00776	0.00622	0.00693	0.00675	0.00859	0.00539	0.00506	0.00980	0.01519	0.01948	0.31206	0.05407	0.49232	0.01441	0.00723	0.00202	0.00302	0.01224	0.00607	0.00539
10	0.02083	0.01570	0.01706	0.01292	0.01795	0.01648	0.01062	0.56199	0.02506	0.03427	0.01381	0.01423	0.01010	0.00670	0.00576	0.00162	0.00623	0.00508	0.00555	0.19805
11	0.01110	0.00680	0.00863	0.00841	0.01031	0.00617	0.00646	0.01316	0.01472	0.13234	0.20931	0.18679	0.22683	0.01577	0.04132	0.00251	0.00432	0.08278	0.00612	0.00615
12	0.13313	0.00848	0.01011	0.00851	0.01147	0.00828	0.03953	0.01965	0.01395	0.23868	0.01921	0.02010	0.01394	0.00696	0.00490	0.00166	0.00417	0.00557	0.42435	0.00735
13	0.00849	0.00759	0.00731	0.00711	0.00910	0.05062	0.00533	0.01033	0.01490	0.01821	0.20910	0.05313	0.54867	0.01429	0.00713	0.00201	0.00353	0.01197	0.00576	0.00542
14	0.01269	0.01088	0.01269	0.00907	0.01451	0.00816	0.00725	0.01541	0.01269	0.01995	0.01088	0.01269	0.00907	0.00453	0.00453	0.00091	0.00453	0.00363	0.00363	0.82229
15	0.00823	0.00613	0.00699	0.00684	0.00805	0.00561	0.00472	0.00972	0.01345	0.01766	0.26971	0.04867	0.29294	0.25795	0.01480	0.00324	0.00393	0.01105	0.00540	0.00490
16	0.00755	0.00544	0.00700	0.00821	0.00866	0.00506	0.00545	0.00857	0.01166	0.01540	0.03468	0.67117	0.09031	0.07798	0.00957	0.00272	0.00370	0.01642	0.00553	0.00489
17	0.01322	0.01240	0.02057	0.30550	0.36641	0.01383	0.01661	0.01646	0.01263	0.01738	0.01236	0.01684	0.02969	0.00720	0.00818	0.04228	0.07196	0.00564	0.00294	0.00789

[dist]
# distance from previous block
# <min> <max>
3	5

[block]
# block no. 2 follows, 37 sequences, length 62
# corresponding to MSA columns:
# 125-186
name=unknown_C
#
# <colnr> <probs for GDERKNQSTAVLIFYWHMCP>
#	G	D	E	R	K	N	Q	S	T	A	V	L	I	F	Y	W	H	M	C	P
0	0.03981	0.01299	0.08175	0.01409	0.12387	0.01020	0.01025	0.05918	0.01378	0.05608	0.03274	0.01735	0.01212	0.08323	0.00775	0.00181	0.00559	0.00498	0.02131	0.39111
1	0.01373	0.01331	0.01984	0.20813	0.35989	0.06261	0.01563	0.01743	0.03430	0.01794	0.03299	0.01727	0.01145	0.01117	0.09932	0.00289	0.04519	0.00569	0.00318	0.00805
2	0.00822	0.00624	0.00756	0.00723	0.00887	0.00558	0.00542	0.01068	0.01627	0.02203	0.52953	0.04986	0.27325	0.01345	0.00722	0.00197	0.00295	0.01165	0.00641	0.00558
3	0.00777	0.00597	0.00712	0.00736	0.00873	0.00531	0.00532	0.00963	0.01444	0.01894	0.28017	0.25979	0.31628	0.01556	0.00739	0.00214	0.00316	0.01358	0.00603	0.00531
4	0.00886	0.00611	0.00757	0.00757	0.00789	0.00642	0.00483	0.00948	0.00917	0.01253	0.01847	0.03551	0.02028	0.57493	0.23840	0.00704	0.00891	0.00824	0.00359	0.00421
5	0.00874	0.00656	0.00984	0.00984	0.01093	0.00765	0.00765	0.01093	0.00984	0.01421	0.01640	0.02405	0.01530	0.04591	0.76062	0.00984	0.01640	0.00656	0.00328	0.00547
6	0.01141	0.00571	0.00571	0.00571	0.00713	0.00571	0.00428	0.01426	0.01284	0.02282	0.01997	0.02282	0.01569	0.00713	0.00428	0.00143	0.00285	0.00571	0.81886	0.00571
7	0.01339	0.01339	0.01875	0.01607	0.01607	0.01875	0.01339	0.01473	0.00937	0.01473	0.00804	0.01339	0.00804	0.01071	0.02009	0.00268	0.77367	0.00536	0.00268	0.00670
8	0.01079	0.00919	0.01224	0.01110	0.01125	0.01162	0.00837	0.01166	0.00923	0.01340	0.01411	0.02654	0.01526	0.35527	0.12519	0.00508	0.33419	0.00708	0.00321	0.00522
9	0.01269	0.01088	0.01269	0.00907	0.01451	0.00816	0.00725	0.01541	0.01269	0.01995	0.01088	0.01269	0.00907	0.00453	0.00453	0.00091	0.00453	0.00363	0.00363	0.82229
10	0.01637	0.78856	0.03208	0.01047	0.01571	0.02422	0.01047	0.01833	0.01244	0.01440	0.00851	0.00982	0.00786	0.00524	0.00393	0.00131	0.00655	0.00327	0.00262	0.00786
11	0.01329	0.01443	0.03026	0.02368	0.08113	0.01359	0.54755	0.01763	0.01394	0.01895	0.01602	0.14874	0.01472	0.00761	0.00724	0.00212	0.00892	0.00885	0.00354	0.00779
12	0.00753	0.00538	0.00717	0.00848	0.00889	0.00502	0.00569	0.00870	0.01204	0.01614	0.07486	0.73828	0.04149	0.01879	0.00778	0.00245	0.00351	0.01703	0.00574	0.00502
13	0.05072	0.00628	0.00807	0.00879	0.00986	0.00590	0.00614	0.01162	0.01237	0.10696	0.03130	0.64876	0.03568	0.01707	0.00741	0.00238	0.00381	0.01531	0.00582	0.00573
14	0.02134	0.01619	0.01728	0.01369	0.01825	0.01808	0.01117	0.55960	0.19861	0.03546	0.01715	0.01665	0.01240	0.00758	0.00615	0.00189	0.00628	0.00585	0.00615	0.01024
15	0.01787	0.01385	0.02044	0.03789	0.23296	0.01412	0.09980	0.16360	0.11088	0.12706	0.01801	0.02030	0.03403	0.00718	0.00634	0.00192	0.00670	0.03266	0.00490	0.02949
16	0.01275	0.01369	0.09314	0.07251	0.06821	0.01077	0.07710	0.01664	0.03233	0.01920	0.01170	0.01447	0.00952	0.00758	0.04942	0.00187	0.02798	0.00462	0.00338	0.45312
17	0.54186	0.03910	0.20882	0.01090	0.01619	0.01423	0.01123	0.04321	0.01194	0.04127	0.00974	0.01114	0.00728	0.00580	0.00447	0.00189	0.00602	0.00378	0.00360	0.00752
18	0.63910	0.01351	0.01099	0.00949	0.01340	0.04999	0.00774	0.12671	0.03871	0.02850	0.01008	0.01117	0.00768	0.00606	0.00431	0.00188	0.00534	0.00380	0.00420	0.00733
19	0.03464	0.00815	0.01167	0.03292	0.08776	0.00825	0.04578	0.01337	0.04461	0.04230	0.07682	0.17484	0.06186	0.14714	0.11240	0.02764	0.00664	0.00945	0.04772	0.00603
20	0.00878	0.00620	0.00793	0.00880	0.00950	0.00601	0.00606	0.05632	0.01268	0.01685	0.03149	0.62445	0.05588	0.04653	0.00940	0.04548	0.00398	0.03299	0.00548	0.00519
21	0.01515	0.01454	0.02485	0.03757	0.74669	0.01454	0.01879	0.01879	0.01394	0.02000	0.01151	0.01515	0.00970	0.00545	0.00606	0.00182	0.00727	0.00545	0.00303	0.00970
22	0.01673	0.01495	0.02307	0.14851	0.20096	0.04072	0.16255	0.17077	0.04002	0.05388	0.01358	0.01720	0.01056	0.00660	0.00687	0.00197	0.03445	0.02381	0.00401	0.00880
23	0.00767	0.00559	0.00703	0.00799	0.00872	0.00516	0.00546	0.00896	0.01231	0.01632	0.07956	0.55667	0.15580	0.04462	0.02579	0.00265	0.00380	0.01546	0.02539	0.00504
24	0.00874	0.00656	0.00984	0.00984	0.01093	0.00765	0.00765	0.01093	0.00984	0.01421	0.01640	0.02405	0.01530	0.04591	0.76062	0.00984	0.01640	0.00656	0.00328	0.00547
25	0.01156	0.01088	0.01836	0.77016	0.04216	0.01360	0.01700	0.01564	0.01224	0.01564	0.01088	0.01632	0.00816	0.00612	0.00612	0.00204	0.00816	0.00544	0.00272	0.00680
26	0.01660	0.00933	0.01334	0.01465	0.13966	0.00879	0.00975	0.01924	0.03248	0.27641	0.06060	0.10078	0.07481	0.03343	0.03654	0.02699	0.00565	0.10733	0.00571	0.00789
27	0.01269	0.01088	0.01269	0.00907	0.01451	0.00816	0.00725	0.01541	0.01269	0.01995	0.01088	0.01269	0.00907	0.00453	0.00453	0.00091	0.00453	0.00363	0.00363	0.82229
28	0.00736	0.00569	0.00673	0.00755	0.00862	0.00505	0.00525	0.00863	0.01265	0.01601	0.04554	0.47960	0.33415	0.01764	0.00757	0.00231	0.00336	0.01553	0.00568	0.00505
29	0.02167	0.16898	0.02006	0.01479	0.01833	0.62478	0.01158	0.02332	0.01644	0.01487	0.00929	0.01081	0.00788	0.00611	0.00523	0.00153	0.01021	0.00382	0.00306	0.00724
30	0.01027	0.00590	0.00842	0.00833	0.00881	0.00612	0.00581	0.00951	0.00904	0.03241	0.01522	0.02415	0.03545	0.12791	0.22002	0.45099	0.00828	0.00637	0.00319	0.00383
31	0.00759	0.00546	0.00716	0.00842	0.00892	0.00509	0.00571	0.00876	0.01200	0.01593	0.05597	0.68457	0.07540	0.03668	0.00833	0.00254	0.00363	0.03718	0.00567	0.00500
32	0.01228	0.03166	0.75316	0.01745	0.02649	0.01422	0.02262	0.01939	0.01292	0.01939	0.01099	0.01292	0.00775	0.00582	0.00582	0.00194	0.00905	0.00452	0.00258	0.00905
33	0.01178	0.02699	0.60376	0.05409	0.02537	0.01314	0.04081	0.01799	0.01286	0.01882	0.01379	0.08663	0.01170	0.00739	0.00614	0.00202	0.00842	0.02687	0.00299	0.00843
34	0.01123	0.01004	0.01473	0.03650	0.28923	0.01009	0.01105	0.01443	0.05275	0.01843	0.07769	0.11085	0.22055	0.05313	0.00862	0.00224	0.03739	0.00941	0.00448	0.00717
35	0.08248	0.01302	0.01362	0.01206	0.01567	0.01487	0.00947	0.05486	0.61111	0.06789	0.02319	0.02139	0.01722	0.00802	0.00602	0.00204	0.00492	0.00653	0.00610	0.00951
36	0.01374	0.01186	0.01242	0.01129	0.01450	0.01336	0.00875	0.02811	0.60145	0.02392	0.03181	0.02955	0.15358	0.00964	0.00642	0.00207	0.00452	0.00804	0.00613	0.00885
37	0.53134	0.01282	0.04733	0.00936	0.01342	0.03477	0.00805	0.04257	0.01297	0.15818	0.03997	0.01408	0.01066	0.00642	0.00459	0.00187	0.00515	0.00436	0.03459	0.00751
38	0.01287	0.01088	0.01874	0.10057	0.06463	0.01095	0.19036	0.05705	0.01481	0.05294	0.04466	0.09022	0.02242	0.01183	0.02594	0.00250	0.00726	0.24965	0.00462	0.00711
39	0.02713	0.01095	0.01454	0.01114	0.01589	0.00979	0.00921	0.08508	0.01841	0.69442	0.02340	0.02035	0.01478	0.00756	0.00615	0.00189	0.00533	0.00610	0.00746	0.01042
40	0.01578	0.63491	0.02943	0.01158	0.01578	0.02314	0.01105	0.01762	0.01183	0.01447	0.00842	0.01053	0.00789	0.00632	0.00713	0.00158	0.15860	0.00369	0.00263	0.00763
41	0.08875	0.01203	0.01873	0.02600	0.45482	0.01196	0.03177	0.01632	0.01408	0.02079	0.11627	0.02512	0.12217	0.00787	0.00620	0.00188	0.00592	0.00713	0.00398	0.00820
42	0.00819	0.00657	0.00736	0.00717	0.00902	0.00593	0.00537	0.01106	0.05452	0.01985	0.30184	0.07959	0.43318	0.01418	0.00720	0.00203	0.00314	0.01210	0.00609	0.00562
43	0.00804	0.00565	0.00728	0.00809	0.00845	0.00554	0.00530	0.00895	0.01085	0.01462	0.04600	0.47046	0.03310	0.24533	0.08938	0.00421	0.00551	0.01368	0.00489	0.00467
44	0.00866	0.00626	0.00818	0.00770	0.00914	0.00578	0.00578	0.01155	0.01733	0.02455	0.74346	0.04572	0.05776	0.01251	0.00722	0.00193	0.00289	0.01107	0.00674	0.00578
45	0.02287	0.02917	0.01735	0.01577	0.01892	0.76030	0.01183	0.02444	0.01735	0.01498	0.00946	0.01104	0.00788	0.00631	0.00552	0.00158	0.01104	0.00394	0.00315	0.00710
46	0.02327	0.01715	0.01837	0.01408	0.01898	0.01898	0.01163	0.72628	0.02878	0.03858	0.01470	0.01470	0.01041	0.00735	0.00612	0.00184	0.00674	0.00551	0.00612	0.01041
47	0.01403	0.01627	0.12653	0.02599	0.38581	0.05008	0.05777	0.03729	0.03927	0.01999	0.03654	0.09893	0.03025	0.00761	0.00628	0.00192	0.00708	0.00701	0.02275	0.00860
48	0.00883	0.00623	0.00818	0.00818	0.00870	0.00675	0.00558	0.00987	0.00935	0.01298	0.01791	0.03244	0.01895	0.43330	0.37821	0.00779	0.01091	0.00779	0.00350	0.00454
49	0.01523	0.01315	0.01384	0.01246	0.01592	0.01523	0.00969	0.03253	0.73563	0.02561	0.02491	0.02284	0.01869	0.00830	0.00623	0.00208	0.00484	0.00692	0.00623	0.00969
50	0.05569	0.01223	0.01699	0.10621	0.11050	0.01266	0.05918	0.19357	0.01769	0.18351	0.01846	0.13067	0.01547	0.00855	0.00629	0.00197	0.00620	0.00743	0.02810	0.00863
51	0.07518	0.04586	0.08288	0.23257	0.06810	0.06503	0.05482	0.22138	0.05389	0.02427	0.01246	0.01478	0.00931	0.00641	0.00587	0.00189	0.00762	0.00522	0.00400	0.00847
52	0.00852	0.00625	0.00798	0.00755	0.00906	0.00571	0.00566	0.01127	0.01698	0.02373	0.67381	0.04707	0.12792	0.01282	0.00722	0.00194	0.00291	0.01126	0.00663	0.00571
53	0.00887	0.00606	0.00729	0.00729	0.00750	0.00627	0.00447	0.00929	0.00908	0.01232	0.01873	0.03696	0.02091	0.64172	0.17247	0.00669	0.00796	0.00845	0.00363	0.00405
54	0.03390	0.01409	0.06396	0.21003	0.24637	0.01389	0.15646	0.03384	0.01353	0.01921	0.01369	0.01743	0.03638	0.00636	0.00687	0.00196	0.04580	0.00598	0.05221	0.00804
55	0.01617	0.26772	0.15988	0.09282	0.10508	0.10425	0.01433	0.05417	0.04181	0.04523	0.03667	0.01420	0.01062	0.00614	0.00532	0.00169	0.00755	0.00468	0.00337	0.00831
56	0.01614	0.01295	0.01387	0.01234	0.01590	0.01476	0.00964	0.03233	0.68224	0.07954	0.02486	0.02269	0.01842	0.00825	0.00622	0.00206	0.00487	0.00686	0.00633	0.00974
57	0.00890	0.00593	0.00668	0.00668	0.00668	0.00593	0.00371	0.00890	0.00890	0.01187	0.01929	0.04006	0.02225	0.78487	0.03116	0.00593	0.00593	0.00890	0.00371	0.00371
58	0.01478	0.01352	0.02064	0.16232	0.27002	0.01422	0.06732	0.09053	0.07761	0.02122	0.01265	0.01561	0.01004	0.00617	0.00677	0.00181	0.05231	0.00543	0.00364	0.13337
59	0.07794	0.03693	0.01872	0.37176	0.08032	0.05330	0.03846	0.13631	0.07126	0.02149	0.01231	0.01546	0.00935	0.00647	0.00620	0.00195	0.02486	0.00532	0.00369	0.00791
60	0.00860	0.00705	0.00761	0.00807	0.00941	0.03422	0.00574	0.03580	0.01370	0.01724	0.07825	0.40973	0.30923	0.01651	0.00741	0.00224	0.00375	0.01442	0.00566	0.00537
61	0.01638	0.03735	0.02162	0.06704	0.22864	0.11445	0.10294	0.08521	0.07560	0.03811	0.01462	0.01837	0.02909	0.00727	0.00771	0.00198	0.08910	0.03225	0.00381	0.00845

[dist]
# distance from previous block
# <min> <max>
1	3

[block]
# block no. 3 follows, 37 sequences, length 20
# corresponding to MSA columns:
# 190-209
name=unknown_D
#
# <colnr> <probs for GDERKNQSTAVLIFYWHMCP>
#	G	D	E	R	K	N	Q	S	T	A	V	L	I	F	Y	W	H	M	C	P
0	0.01506	0.10067	0.09333	0.01631	0.12416	0.03998	0.04958	0.08354	0.14161	0.05385	0.10743	0.02304	0.05247	0.00801	0.00639	0.00188	0.02320	0.02222	0.02889	0.00838
1	0.01162	0.00971	0.01134	0.00906	0.01309	0.00809	0.00703	0.01558	0.08632	0.02035	0.09862	0.11242	0.05253	0.00807	0.00552	0.00138	0.00420	0.00687	0.00458	0.51360
2	0.01571	0.32195	0.20626	0.01590	0.07875	0.01869	0.05295	0.06808	0.07463	0.04028	0.01180	0.01329	0.00936	0.00611	0.00588	0.00173	0.04200	0.00461	0.00336	0.00867
3	0.00800	0.00623	0.00726	0.00700	0.00874	0.00549	0.00525	0.01026	0.01575	0.02081	0.42564	0.05187	0.37790	0.01391	0.00723	0.00199	0.00299	0.01193	0.00625	0.00549
4	0.00794	0.00549	0.00715	0.00819	0.00878	0.00514	0.00559	0.00940	0.01261	0.01746	0.13481	0.61678	0.04106	0.01729	0.00746	0.00232	0.00340	0.01559	0.06838	0.00514
5	0.00886	0.00652	0.00965	0.00965	0.01076	0.00757	0.00750	0.01108	0.00997	0.01459	0.01655	0.02399	0.01532	0.04419	0.72714	0.00947	0.01580	0.00652	0.03937	0.00548
6	0.01269	0.01088	0.01269	0.00907	0.01451	0.00816	0.00725	0.01541	0.01269	0.01995	0.01088	0.01269	0.00907	0.00453	0.00453	0.00091	0.00453	0.00363	0.00363	0.82229
7	0.02123	0.01554	0.01678	0.01340	0.01787	0.01722	0.01089	0.47899	0.23184	0.08316	0.01828	0.01746	0.01312	0.00764	0.00616	0.00191	0.00609	0.00596	0.00625	0.01020
8	0.00762	0.00607	0.00682	0.00711	0.00868	0.00531	0.00523	0.00927	0.01381	0.01732	0.13707	0.20214	0.46792	0.03301	0.00794	0.00226	0.00335	0.04810	0.00577	0.00519
9	0.02201	0.07494	0.01768	0.01420	0.01767	0.45492	0.01113	0.09599	0.01780	0.12297	0.04388	0.01436	0.01136	0.00702	0.00640	0.00170	0.04914	0.00476	0.00419	0.00789
10	0.01566	0.01422	0.01511	0.01310	0.01652	0.08257	0.05013	0.08473	0.47473	0.02476	0.08674	0.02286	0.01989	0.00988	0.03908	0.00233	0.00620	0.00691	0.00568	0.00889
11	0.01822	0.18693	0.06467	0.03158	0.09090	0.07335	0.06710	0.22396	0.01841	0.07218	0.04795	0.05077	0.01323	0.00714	0.00579	0.00176	0.00708	0.00582	0.00442	0.00874
12	0.01179	0.00868	0.01059	0.01088	0.06023	0.03427	0.00716	0.06271	0.01204	0.05386	0.01853	0.09497	0.01899	0.32367	0.20266	0.00544	0.00853	0.00805	0.00408	0.04286
13	0.00919	0.00686	0.00950	0.00872	0.00944	0.00676	0.06812	0.00993	0.00989	0.01321	0.02132	0.11208	0.04554	0.57236	0.06729	0.00534	0.00659	0.00960	0.00389	0.00439
14	0.01656	0.42869	0.06884	0.03900	0.12241	0.12144	0.05137	0.03507	0.01375	0.01642	0.00984	0.01196	0.00846	0.00659	0.02484	0.00175	0.00792	0.00416	0.00287	0.00807
15	0.01671	0.02961	0.07808	0.09265	0.16329	0.08883	0.08171	0.07875	0.09687	0.09241	0.01558	0.01714	0.02715	0.00650	0.00597	0.00181	0.00722	0.00565	0.03012	0.06395
16	0.01256	0.03262	0.01172	0.01040	0.01274	0.03651	0.00813	0.06656	0.22164	0.03416	0.19725	0.11000	0.08799	0.03216	0.00782	0.00221	0.02336	0.07910	0.00584	0.00721
17	0.01466	0.01512	0.10804	0.10312	0.10476	0.03720	0.05357	0.13694	0.07498	0.03756	0.07761	0.04840	0.05259	0.00842	0.00727	0.00201	0.05761	0.02403	0.02800	0.00812
18	0.03768	0.01658	0.05392	0.01531	0.08666	0.17286	0.07074	0.09358	0.03232	0.02081	0.05858	0.02166	0.11628	0.00766	0.00621	0.00170	0.02204	0.00625	0.00414	0.15502
19	0.01197	0.01287	0.11528	0.01626	0.16338	0.01060	0.01156	0.07131	0.09424	0.02077	0.08657	0.19274	0.10238	0.03225	0.00742	0.00219	0.00548	0.03036	0.00484	0.00752

[dist]
# distance from previous block
# <min> <max>
5	17

[block]
# block no. 4 follows, 37 sequences, length 30
# corresponding to MSA columns:
# 227-256
name=unknown_E
#
# <colnr> <probs for GDERKNQSTAVLIFYWHMCP>
#	G	D	E	R	K	N	Q	S	T	A	V	L	I	F	Y	W	H	M	C	P
0	0.06035	0.02982	0.03318	0.01273	0.07067	0.01083	0.03926	0.08596	0.05710	0.03764	0.04951	0.07132	0.01563	0.03937	0.00661	0.00173	0.00536	0.02910	0.00436	0.33948
1	0.06378	0.23338	0.12753	0.07308	0.04995	0.06110	0.04244	0.06837	0.02784	0.01934	0.01199	0.04383	0.01036	0.00639	0.00522	0.00164	0.00695	0.01987	0.00341	0.12353
2	0.01952	0.39631	0.02478	0.01406	0.05421	0.31532	0.01140	0.03813	0.01507	0.04664	0.00985	0.01116	0.00833	0.00582	0.00481	0.00148	0.00832	0.00383	0.00315	0.00782
3	0.02060	0.04912	0.04766	0.03511	0.13734	0.03618	0.01173	0.17657	0.05787	0.26557	0.01903	0.01880	0.03655	0.00720	0.00593	0.00183	0.00613	0.00586	0.05146	0.00945
4	0.00999	0.00700	0.00779	0.00748	0.00850	0.00712	0.00500	0.03665	0.07343	0.01688	0.08926	0.03789	0.10475	0.42528	0.04810	0.00434	0.00535	0.00883	0.09128	0.00508
5	0.00799	0.00610	0.00720	0.00717	0.00862	0.00546	0.00520	0.00996	0.01482	0.01961	0.35192	0.13995	0.31385	0.06404	0.00883	0.00230	0.00324	0.01240	0.00602	0.00531
6	0.00836	0.00584	0.00710	0.00751	0.00786	0.00579	0.00475	0.00900	0.01013	0.01349	0.02588	0.25157	0.07334	0.43846	0.09960	0.00511	0.00617	0.01135	0.00436	0.00435
7	0.00749	0.00539	0.00710	0.00840	0.00886	0.00501	0.00564	0.00864	0.01200	0.01597	0.05947	0.72652	0.06923	0.01880	0.00777	0.00245	0.00351	0.01700	0.00572	0.00501
8	0.02216	0.14137	0.02058	0.01350	0.01846	0.01983	0.01145	0.61228	0.02615	0.03469	0.01370	0.01391	0.01000	0.00701	0.00577	0.00175	0.00671	0.00515	0.00556	0.01000
9	0.00731	0.00617	0.00633	0.00637	0.00833	0.00519	0.00475	0.00890	0.01401	0.01686	0.09178	0.08874	0.68336	0.01552	0.00726	0.00208	0.00311	0.01302	0.00573	0.00519
10	0.02287	0.02917	0.01735	0.01577	0.01892	0.76030	0.01183	0.02444	0.01735	0.01498	0.00946	0.01104	0.00788	0.00631	0.00552	0.00158	0.01104	0.00394	0.00315	0.00710
11	0.01156	0.01088	0.01836	0.77016	0.04216	0.01360	0.01700	0.01564	0.01224	0.01564	0.01088	0.01632	0.00816	0.00612	0.00612	0.00204	0.00816	0.00544	0.00272	0.00680
12	0.00878	0.00641	0.00908	0.00908	0.00991	0.00724	0.00670	0.01044	0.00961	0.01365	0.01709	0.02790	0.01697	0.22356	0.58525	0.00890	0.01388	0.00712	0.00338	0.00504
13	0.01250	0.02796	0.60442	0.01717	0.02438	0.01513	0.02075	0.01844	0.01220	0.01844	0.01039	0.01302	0.00781	0.00681	0.00871	0.00209	0.16391	0.00469	0.00260	0.00857
14	0.01257	0.01098	0.01725	0.56040	0.05875	0.01234	0.01475	0.01628	0.01261	0.04706	0.01145	0.01573	0.00868	0.00584	0.00580	0.00180	0.00727	0.00510	0.00311	0.17221
15	0.01764	0.01371	0.02269	0.03217	0.59863	0.01342	0.01680	0.02102	0.01466	0.16804	0.01407	0.01630	0.01080	0.00588	0.00608	0.00183	0.00685	0.00560	0.00395	0.00984
16	0.01515	0.01454	0.02485	0.03757	0.74669	0.01454	0.01879	0.01879	0.01394	0.02000	0.01151	0.01515	0.00970	0.00545	0.00606	0.00182	0.00727	0.00545	0.00303	0.00970
17	0.01992	0.05063	0.06675	0.02045	0.17715	0.49655	0.01405	0.02230	0.01584	0.01632	0.00992	0.01211	0.00827	0.00623	0.00619	0.00169	0.04045	0.00434	0.00305	0.00779
18	0.00842	0.00678	0.00889	0.00939	0.00996	0.00724	0.00679	0.00966	0.01184	0.01591	0.05728	0.53361	0.13236	0.01709	0.00969	0.00244	0.12748	0.01464	0.00523	0.00530
19	0.08547	0.10551	0.19208	0.01511	0.05421	0.03224	0.08074	0.12025	0.01567	0.10924	0.01407	0.05983	0.01123	0.00680	0.00567	0.00179	0.00701	0.00560	0.00414	0.07333
20	0.00794	0.00588	0.00748	0.00863	0.00929	0.00564	0.00588	0.01008	0.05832	0.01632	0.03489	0.68835	0.08185	0.01826	0.00768	0.00243	0.00361	0.01646	0.00572	0.00529
21	0.02663	0.01082	0.01428	0.01099	0.01564	0.00970	0.00907	0.08558	0.01829	0.67108	0.02326	0.02040	0.01479	0.00754	0.00610	0.00188	0.00526	0.00609	0.03234	0.01027
22	0.00733	0.00582	0.00659	0.00720	0.00853	0.00508	0.00510	0.00867	0.01299	0.01614	0.04979	0.37101	0.43999	0.01709	0.00748	0.00225	0.00330	0.01486	0.00568	0.00508
23	0.01383	0.06090	0.24497	0.06623	0.14673	0.07512	0.02791	0.01803	0.03122	0.04197	0.01469	0.12708	0.01353	0.00834	0.00747	0.00202	0.08173	0.00677	0.00345	0.00801
24	0.06451	0.01126	0.01439	0.01113	0.01581	0.01043	0.00918	0.10253	0.03628	0.62382	0.02244	0.01973	0.01434	0.00748	0.00604	0.00189	0.00534	0.00597	0.00721	0.01022
25	0.00820	0.00576	0.00750	0.00861	0.00908	0.00555	0.00600	0.00934	0.01153	0.01529	0.03038	0.49469	0.03562	0.18408	0.01297	0.00329	0.00444	0.13761	0.00525	0.00482
26	0.04446	0.03042	0.07338	0.18470	0.08205	0.04660	0.01284	0.07222	0.04545	0.21012	0.01619	0.04274	0.01219	0.00909	0.04211	0.00231	0.03624	0.00590	0.02258	0.00841
27	0.01348	0.06644	0.17914	0.04790	0.09193	0.04825	0.14000	0.01720	0.01326	0.05631	0.01770	0.13226	0.04547	0.00973	0.02617	0.00225	0.05854	0.02258	0.00370	0.00769
28	0.00757	0.00541	0.00722	0.00857	0.00899	0.00506	0.00580	0.00874	0.01198	0.01600	0.05773	0.73587	0.04092	0.01889	0.00781	0.00248	0.00359	0.03663	0.00572	0.00502
29	0.08716	0.01491	0.06669	0.11014	0.45232	0.01427	0.07275	0.04494	0.01398	0.02071	0.01305	0.01625	0.03401	0.00596	0.00598	0.00188	0.00733	0.00560	0.00325	0.00883

[dist]
# distance from previous block
# <min> <max>
4	8

[block]
# block no. 5 follows, 37 sequences, length 33
# corresponding to MSA columns:
# 265-297
name=unknown_F
#
# <colnr> <probs for GDERKNQSTAVLIFYWHMCP>
#	G	D	E	R	K	N	Q	S	T	A	V	L	I	F	Y	W	H	M	C	P
0	0.01752	0.20892	0.03583	0.03615	0.29420	0.11940	0.01410	0.10013	0.01555	0.04428	0.01139	0.01405	0.00951	0.02795	0.00651	0.00181	0.02576	0.00481	0.00345	0.00868
1	0.04539	0.01304	0.02083	0.36828	0.29071	0.03429	0.05314	0.04012	0.01355	0.01860	0.01195	0.04128	0.00987	0.00630	0.00611	0.00195	0.00770	0.00582	0.00311	0.00797
2	0.01003	0.00678	0.00805	0.00752	0.00939	0.00620	0.00562	0.01284	0.03953	0.06244	0.35568	0.07029	0.20143	0.05211	0.00798	0.00210	0.00337	0.01035	0.09159	0.03668
3	0.01088	0.00966	0.01415	0.16453	0.06643	0.01180	0.01104	0.01306	0.01091	0.01529	0.01805	0.04086	0.08652	0.08440	0.18575	0.00432	0.21641	0.00700	0.02277	0.00616
4	0.00753	0.00538	0.00716	0.00848	0.00889	0.00502	0.00569	0.00870	0.01204	0.01613	0.07418	0.73898	0.04147	0.01880	0.00778	0.00245	0.00351	0.01704	0.00574	0.00502
5	0.00766	0.00618	0.00681	0.00674	0.00855	0.00533	0.00502	0.00957	0.01482	0.01880	0.25686	0.08876	0.51381	0.01481	0.00726	0.00205	0.00306	0.01260	0.00599	0.00533
6	0.00849	0.00649	0.00798	0.00853	0.01016	0.00598	0.00691	0.01071	0.01440	0.01840	0.15194	0.09898	0.32624	0.01579	0.00774	0.00236	0.00408	0.28354	0.00582	0.00543
7	0.02615	0.01033	0.01392	0.01081	0.01534	0.00909	0.00888	0.02911	0.04459	0.69077	0.05666	0.02203	0.01721	0.00783	0.00621	0.00190	0.00509	0.00641	0.00749	0.01018
8	0.82811	0.01184	0.00900	0.00805	0.01184	0.01373	0.00663	0.01799	0.01042	0.02746	0.00852	0.00994	0.00663	0.00568	0.00379	0.00189	0.00474	0.00331	0.00379	0.00663
9	0.82811	0.01184	0.00900	0.00805	0.01184	0.01373	0.00663	0.01799	0.01042	0.02746	0.00852	0.00994	0.00663	0.00568	0.00379	0.00189	0.00474	0.00331	0.00379	0.00663
10	0.00896	0.00678	0.00986	0.00975	0.01068	0.00793	0.00746	0.01087	0.00972	0.01397	0.01636	0.02536	0.01576	0.12580	0.64930	0.00911	0.04695	0.00677	0.00330	0.00532
11	0.01637	0.78856	0.03208	0.01047	0.01571	0.02422	0.01047	0.01833	0.01244	0.01440	0.00851	0.00982	0.00786	0.00524	0.00393	0.00131	0.00655	0.00327	0.00262	0.00786
12	0.01543	0.05396	0.05007	0.05933	0.15180	0.05892	0.01170	0.07678	0.09260	0.04893	0.03687	0.01574	0.01189	0.00600	0.00545	0.00152	0.00613	0.00495	0.00407	0.28785
13	0.01281	0.01310	0.01986	0.53703	0.05938	0.08321	0.10163	0.01661	0.01315	0.01626	0.01420	0.01852	0.05506	0.00660	0.00627	0.00199	0.00834	0.00599	0.00300	0.00699
14	0.01298	0.01076	0.01074	0.00954	0.01174	0.09578	0.00729	0.13673	0.01859	0.02501	0.43893	0.03506	0.05875	0.04299	0.00766	0.00201	0.00463	0.00891	0.05528	0.00662
15	0.04007	0.01516	0.12850	0.07161	0.06254	0.06537	0.03497	0.07534	0.10696	0.04117	0.03747	0.16066	0.05889	0.01009	0.00695	0.00209	0.03119	0.03875	0.00458	0.00765
