[name]
unknown

[dist]
# distance from previous block
# <min> <max>
17	81

[block]
# block no. 0 follows, 35 sequences, length 18
# corresponding to MSA columns:
# 125-142
name=unknown_A
#
# <colnr> <probs for GDERKNQSTAVLIFYWHMCP>
#	G	D	E	R	K	N	Q	S	T	A	V	L	I	F	Y	W	H	M	C	P
0	0.01557	0.12835	0.21033	0.03491	0.17294	0.04376	0.07164	0.06234	0.01523	0.04691	0.07001	0.01687	0.01329	0.00671	0.00660	0.00187	0.03768	0.00560	0.00365	0.03572
1	0.03476	0.04237	0.19056	0.03909	0.06323	0.07630	0.12329	0.01780	0.01413	0.03890	0.05886	0.06925	0.05714	0.01064	0.05808	0.00248	0.00830	0.00697	0.00382	0.08402
2	0.01627	0.09257	0.06204	0.05448	0.33252	0.07651	0.06387	0.04152	0.01506	0.06668	0.01655	0.07352	0.04588	0.00748	0.00628	0.00191	0.00750	0.00670	0.00382	0.00886
3	0.01379	0.04299	0.23316	0.01431	0.01952	0.01235	0.08800	0.06010	0.09677	0.06931	0.04821	0.14248	0.08299	0.00976	0.00668	0.00207	0.00666	0.00853	0.00472	0.03758
4	0.01699	0.01403	0.01446	0.04064	0.03643	0.11491	0.03125	0.13911	0.13220	0.06592	0.02166	0.02328	0.07203	0.00962	0.02914	0.00216	0.03534	0.01884	0.17386	0.00812
5	0.07005	0.03820	0.11080	0.08322	0.22328	0.05089	0.11359	0.06247	0.09088	0.03519	0.03091	0.03636	0.01239	0.00678	0.00628	0.00198	0.00773	0.00614	0.00391	0.00895
6	0.04163	0.25653	0.21102	0.01453	0.03713	0.06222	0.01436	0.17325	0.04503	0.02281	0.01218	0.01374	0.00960	0.00875	0.04931	0.00225	0.00827	0.00469	0.00377	0.00894
7	0.00950	0.00745	0.00879	0.00812	0.01026	0.00688	0.00615	0.01347	0.08139	0.02300	0.44120	0.04648	0.23209	0.01282	0.00720	0.00198	0.00336	0.01105	0.00642	0.06238
8	0.01015	0.00830	0.00823	0.00802	0.00992	0.04313	0.00589	0.02813	0.07601	0.01945	0.11690	0.11309	0.34991	0.07761	0.00910	0.00240	0.00409	0.01131	0.09242	0.00596
9	0.01866	0.10886	0.14197	0.01869	0.10970	0.19188	0.08478	0.09459	0.03572	0.07649	0.01535	0.01664	0.04512	0.00683	0.00605	0.00184	0.00850	0.00552	0.00397	0.00883
10	0.01661	0.05710	0.17076	0.09636	0.20056	0.10919	0.01621	0.02362	0.15960	0.06590	0.01498	0.01653	0.01139	0.00664	0.00610	0.00194	0.00783	0.00550	0.00398	0.00921
11	0.00875	0.00640	0.00744	0.00718	0.00891	0.00575	0.00538	0.01123	0.01615	0.02218	0.40807	0.04978	0.30368	0.01349	0.00715	0.00199	0.00307	0.01156	0.09609	0.00575
12	0.02281	0.04935	0.01914	0.01816	0.08410	0.63934	0.01286	0.04894	0.01793	0.01684	0.01016	0.01192	0.00843	0.00646	0.00575	0.00166	0.01080	0.00426	0.00335	0.00774
13	0.01679	0.01818	0.08658	0.18440	0.23376	0.13431	0.11144	0.02066	0.01476	0.07578	0.01244	0.01567	0.00956	0.00628	0.00681	0.00197	0.03289	0.00561	0.00342	0.00866
14	0.01265	0.01390	0.05395	0.02033	0.02474	0.01273	0.42813	0.01671	0.01387	0.01888	0.01910	0.18667	0.01874	0.01163	0.04438	0.00270	0.03330	0.05620	0.00395	0.00746
15	0.00836	0.00661	0.00758	0.00781	0.00940	0.00604	0.00567	0.01107	0.05639	0.01914	0.19213	0.25700	0.35771	0.01606	0.00760	0.00223	0.00341	0.01394	0.00615	0.00570
16	0.02148	0.01812	0.16673	0.04070	0.09106	0.05664	0.04685	0.10770	0.04972	0.30930	0.01794	0.01773	0.01221	0.00703	0.00631	0.00196	0.00729	0.00581	0.00545	0.00997
17	0.01693	0.10718	0.20236	0.04849	0.10488	0.13057	0.08107	0.08850	0.11851	0.02156	0.01349	0.01514	0.01036	0.00647	0.00603	0.00189	0.00843	0.00531	0.00377	0.00906

[dist]
# distance from previous block
# <min> <max>
0	1

[block]
# block no. 1 follows, 35 sequences, length 113
# corresponding to MSA columns:
# 144-238,248-265
name=unknown_B
#
# <colnr> <probs for GDERKNQSTAVLIFYWHMCP>
#	G	D	E	R	K	N	Q	S	T	A	V	L	I	F	Y	W	H	M	C	P
0	0.01628	0.03783	0.14719	0.06138	0.15490	0.07741	0.06563	0.15996	0.04293	0.02410	0.06736	0.02006	0.05099	0.00743	0.00632	0.00192	0.00753	0.00632	0.03565	0.00883
1	0.01455	0.01640	0.15642	0.01624	0.02132	0.01302	0.19231	0.02178	0.15899	0.08699	0.11077	0.02487	0.06992	0.00829	0.00733	0.00207	0.03551	0.00755	0.00485	0.03082
2	0.66650	0.01423	0.01114	0.00968	0.01371	0.06755	0.00789	0.10515	0.01366	0.02896	0.00969	0.01099	0.00745	0.00615	0.00435	0.00193	0.00563	0.00376	0.00418	0.00739
3	0.01198	0.01128	0.01903	0.76180	0.04369	0.01409	0.01762	0.01621	0.01268	0.01621	0.01128	0.01691	0.00846	0.00634	0.00634	0.00211	0.00846	0.00564	0.00282	0.00705
4	0.00950	0.00812	0.00862	0.00975	0.01055	0.07854	0.00686	0.01083	0.01299	0.01639	0.03316	0.61871	0.05668	0.01826	0.00791	0.00250	0.00462	0.07494	0.00563	0.00543
5	0.00922	0.00617	0.00701	0.00701	0.00704	0.00620	0.00395	0.00928	0.00925	0.01237	0.01991	0.04107	0.02287	0.75757	0.05151	0.00626	0.00644	0.00916	0.00383	0.00389
6	0.02846	0.01080	0.01472	0.01129	0.01619	0.00932	0.00932	0.03092	0.01816	0.74187	0.02503	0.02159	0.01570	0.00785	0.00638	0.00196	0.00540	0.00638	0.00785	0.01080
7	0.00867	0.00647	0.00805	0.00766	0.00929	0.00586	0.00574	0.01138	0.01723	0.02372	0.59541	0.05022	0.19965	0.01361	0.00749	0.00203	0.00304	0.01187	0.00676	0.00586
8	0.00856	0.00647	0.00790	0.00755	0.00922	0.00581	0.00566	0.01117	0.01698	0.02311	0.54627	0.05122	0.24917	0.01384	0.00749	0.00204	0.00305	0.01201	0.00668	0.00581
9	0.01473	0.01477	0.02387	0.01896	0.02108	0.01814	0.20007	0.06653	0.01257	0.01836	0.01033	0.01523	0.00912	0.01061	0.04208	0.00281	0.48387	0.00612	0.00317	0.00760
10	0.00798	0.00605	0.00736	0.00786	0.00908	0.00543	0.00558	0.00973	0.01438	0.01890	0.22613	0.36182	0.26292	0.01689	0.00775	0.00229	0.00336	0.01488	0.00617	0.00543
11	0.04466	0.00914	0.00927	0.00846	0.01081	0.06040	0.00644	0.01900	0.03237	0.18416	0.02198	0.09599	0.01808	0.03756	0.00640	0.00192	0.00443	0.00715	0.41468	0.00710
12	0.79187	0.01294	0.00965	0.00864	0.01254	0.04194	0.00707	0.01890	0.01107	0.02798	0.00887	0.01035	0.00692	0.00591	0.00399	0.00195	0.00515	0.00346	0.00390	0.00689
13	0.01613	0.01506	0.02582	0.06368	0.61771	0.01512	0.06851	0.04433	0.01505	0.03923	0.01242	0.01598	0.01013	0.00578	0.00637	0.00191	0.00772	0.00580	0.00336	0.00987
14	0.01497	0.01711	0.03743	0.02674	0.03316	0.01604	0.71444	0.02032	0.01497	0.02032	0.01283	0.01711	0.00963	0.00535	0.00749	0.00214	0.01070	0.00749	0.00321	0.00856
15	0.00944	0.00618	0.00767	0.00766	0.00789	0.00635	0.00479	0.00951	0.00950	0.01289	0.03862	0.03599	0.02131	0.53515	0.14671	0.11646	0.00772	0.00839	0.00371	0.00405
16	0.01534	0.01470	0.02509	0.10983	0.66944	0.01498	0.01929	0.01915	0.01427	0.02028	0.01187	0.01582	0.00989	0.00572	0.00629	0.00191	0.00763	0.00565	0.00311	0.00975
17	0.00832	0.00646	0.00757	0.00729	0.00908	0.00571	0.00547	0.01070	0.01641	0.02176	0.43760	0.05344	0.35868	0.01434	0.00749	0.00206	0.00309	0.01232	0.00650	0.00571
18	0.01601	0.01374	0.01447	0.01296	0.01658	0.01589	0.01010	0.05250	0.70686	0.02691	0.02553	0.02344	0.01913	0.00858	0.00645	0.00214	0.00507	0.00713	0.00645	0.01006
19	0.01708	0.13890	0.27208	0.01432	0.02054	0.11622	0.01482	0.06308	0.07436	0.08136	0.03008	0.01505	0.01117	0.00648	0.00565	0.00174	0.00775	0.00487	0.00395	0.10050
20	0.40813	0.01990	0.16697	0.01259	0.01765	0.11698	0.01201	0.11985	0.01504	0.02626	0.01041	0.01190	0.00789	0.00638	0.00535	0.00194	0.02467	0.00416	0.00389	0.00803
21	0.01696	0.78087	0.03324	0.01085	0.01628	0.02510	0.01085	0.01900	0.01289	0.01493	0.00882	0.01018	0.00814	0.00543	0.00407	0.00136	0.00678	0.00339	0.00271	0.00814
22	0.00791	0.00620	0.00716	0.00744	0.00895	0.00545	0.00538	0.00970	0.01465	0.01882	0.21256	0.24975	0.39072	0.01637	0.00766	0.00222	0.00329	0.01419	0.00615	0.00545
23	0.00764	0.00623	0.00669	0.00698	0.00868	0.00535	0.00505	0.00913	0.01393	0.01704	0.07609	0.20749	0.55187	0.03844	0.00833	0.00234	0.00339	0.01418	0.00586	0.00529
24	0.00875	0.00642	0.00774	0.00766	0.00928	0.00572	0.00565	0.01094	0.01581	0.03897	0.37123	0.16757	0.29102	0.01502	0.00756	0.00214	0.00324	0.01306	0.00645	0.00575
25	0.00835	0.00646	0.00761	0.00732	0.00909	0.00572	0.00549	0.01076	0.01647	0.02192	0.45015	0.05318	0.34603	0.01428	0.00749	0.00206	0.00309	0.01228	0.00652	0.00572
26	0.01304	0.02721	0.52806	0.11519	0.02995	0.01487	0.11667	0.02010	0.03871	0.01985	0.01208	0.01472	0.00871	0.00607	0.00628	0.00205	0.00928	0.00528	0.00290	0.00899
27	0.76383	0.01188	0.00939	0.00847	0.01220	0.01378	0.00695	0.01813	0.01075	0.02748	0.00942	0.01135	0.00751	0.00887	0.05733	0.00255	0.00577	0.00368	0.00389	0.00678
28	0.01083	0.00880	0.01225	0.01131	0.01265	0.01042	0.00892	0.03964	0.01103	0.01610	0.01510	0.02261	0.01423	0.07667	0.49635	0.00763	0.15173	0.00644	0.00345	0.06384
29	0.01102	0.00551	0.00826	0.00826	0.00826	0.00551	0.00551	0.00826	0.00826	0.01102	0.01102	0.01928	0.01102	0.02204	0.02479	0.81543	0.00551	0.00551	0.00275	0.00275
30	0.07147	0.04169	0.02997	0.00963	0.01519	0.00968	0.00801	0.01680	0.01312	0.04163	0.01140	0.01308	0.00932	0.00493	0.00470	0.00108	0.00492	0.00382	0.00382	0.68573
31	0.01315	0.01128	0.01315	0.00940	0.01503	0.00846	0.00752	0.01597	0.01315	0.02067	0.01128	0.01315	0.00940	0.00470	0.00470	0.00094	0.00470	0.00376	0.00376	0.81583
32	0.01880	0.13527	0.05777	0.01691	0.02170	0.23185	0.16368	0.07293	0.16201	0.03643	0.01437	0.01555	0.01111	0.00662	0.00608	0.00185	0.00873	0.00554	0.00411	0.00869
33	0.02977	0.01075	0.01025	0.00890	0.01213	0.09391	0.00689	0.01556	0.01534	0.11887	0.08952	0.03983	0.36743	0.01150	0.00660	0.00184	0.00474	0.00939	0.00554	0.14124
34	0.79468	0.01222	0.00951	0.00844	0.01240	0.01406	0.00695	0.01907	0.01105	0.05290	0.00939	0.01069	0.00717	0.00596	0.00401	0.00196	0.00492	0.00354	0.00406	0.00700
35	0.01694	0.70121	0.08065	0.01156	0.01717	0.05261	0.01176	0.01932	0.01312	0.01530	0.00903	0.01044	0.00814	0.00551	0.00427	0.00141	0.00714	0.00351	0.00273	0.00819
36	0.01446	0.01885	0.18862	0.12201	0.36021	0.01504	0.12116	0.01986	0.04080	0.02018	0.01238	0.01584	0.00968	0.00589	0.00641	0.00199	0.00843	0.00576	0.00313	0.00930
37	0.00771	0.00613	0.00695	0.00751	0.00897	0.00536	0.00541	0.00922	0.01373	0.01710	0.07229	0.31784	0.44267	0.01740	0.00775	0.00232	0.00346	0.03693	0.00592	0.00532
38	0.01626	0.01539	0.02026	0.24170	0.25898	0.08370	0.01574	0.09601	0.14585	0.02203	0.01443	0.01707	0.01119	0.00669	0.00629	0.00198	0.00765	0.00579	0.00401	0.00900
39	0.00788	0.00561	0.00746	0.00887	0.00927	0.00527	0.00598	0.00902	0.01213	0.01615	0.03433	0.71745	0.04102	0.04901	0.00906	0.00273	0.00386	0.04397	0.00581	0.00513
40	0.01441	0.22621	0.52094	0.01612	0.02414	0.05730	0.01958	0.02009	0.01351	0.01851	0.01064	0.01246	0.00807	0.00590	0.00550	0.00182	0.00882	0.00432	0.00272	0.00895
41	0.01570	0.01507	0.02575	0.03894	0.73748	0.01507	0.01947	0.01947	0.01444	0.02073	0.01193	0.01570	0.01005	0.00565	0.00628	0.00188	0.00754	0.00565	0.00314	0.01005
42	0.00892	0.00648	0.00840	0.00792	0.00944	0.00596	0.00594	0.01186	0.01782	0.02512	0.70827	0.04791	0.08592	0.01309	0.00748	0.00200	0.00300	0.01155	0.00694	0.00596
43	0.00806	0.00576	0.00774	0.00921	0.00973	0.00544	0.00647	0.00941	0.01247	0.01657	0.03478	0.67933	0.04123	0.01956	0.00819	0.00262	0.00397	0.10833	0.00588	0.00524
44	0.00782	0.00563	0.00741	0.00867	0.00920	0.00523	0.00586	0.00909	0.01269	0.01696	0.09119	0.68826	0.07012	0.01918	0.00803	0.00251	0.00361	0.01734	0.00598	0.00523
45	0.01650	0.00802	0.01066	0.00926	0.01195	0.00718	0.00720	0.01907	0.01718	0.30150	0.35021	0.11759	0.03886	0.01152	0.00699	0.00203	0.00400	0.00999	0.04254	0.00775
46	0.69770	0.01204	0.01017	0.00880	0.01288	0.01346	0.00725	0.02057	0.01195	0.14011	0.01137	0.01207	0.00825	0.00620	0.00431	0.00196	0.00498	0.00390	0.00454	0.00748
47	0.20921	0.01485	0.01556	0.01239	0.01703	0.01620	0.01017	0.36618	0.09162	0.16019	0.01652	0.01604	0.01159	0.00735	0.00580	0.00195	0.00603	0.00544	0.00606	0.00981
48	0.01784	0.01532	0.02179	0.06473	0.29318	0.01630	0.06424	0.24052	0.12376	0.02721	0.01583	0.04283	0.01263	0.00721	0.00648	0.00198	0.00713	0.00645	0.00472	0.00984
49	0.01754	0.71648	0.03193	0.01133	0.01657	0.08742	0.01098	0.01954	0.01333	0.01498	0.00890	0.01028	0.00814	0.00552	0.00421	0.00138	0.00718	0.00345	0.00276	0.00807
50	0.00923	0.00615	0.00692	0.00692	0.00692	0.00615	0.00384	0.00923	0.00923	0.01230	0.01999	0.04151	0.02306	0.77705	0.03229	0.00615	0.00615	0.00923	0.00384	0.00384
51	0.01817	0.01482	0.01569	0.01339	0.01741	0.01690	0.01062	0.22986	0.52597	0.03040	0.02278	0.02124	0.01690	0.00832	0.00642	0.00208	0.00558	0.00675	0.00642	0.01026
52	0.00773	0.00552	0.00736	0.00883	0.00920	0.00515	0.00589	0.00883	0.01215	0.01619	0.03497	0.77291	0.04196	0.01987	0.00810	0.00258	0.00368	0.01803	0.00589	0.00515
53	0.00794	0.00642	0.00705	0.00695	0.00885	0.00553	0.00519	0.00994	0.01542	0.01954	0.25937	0.07787	0.51717	0.01527	0.00751	0.00211	0.00316	0.01296	0.00621	0.00553
54	0.82186	0.01227	0.00932	0.00834	0.01227	0.01423	0.00687	0.01865	0.01080	0.02846	0.00883	0.01031	0.00687	0.00589	0.00393	0.00196	0.00491	0.00344	0.00393	0.00687
55	0.01251	0.01125	0.01847	0.64665	0.06476	0.01369	0.01677	0.01713	0.04051	0.03258	0.01348	0.02047	0.01075	0.00710	0.00649	0.00215	0.00807	0.04660	0.00326	0.00728
56	0.01315	0.01128	0.01315	0.00940	0.01503	0.00846	0.00752	0.01597	0.01315	0.02067	0.01128	0.01315	0.00940	0.00470	0.00470	0.00094	0.00470	0.00376	0.00376	0.81583
57	0.00765	0.00601	0.00692	0.00758	0.00889	0.00528	0.00535	0.00906	0.01349	0.01694	0.06989	0.38983	0.39517	0.01774	0.00777	0.00234	0.00342	0.01548	0.00592	0.00528
58	0.00812	0.00589	0.00766	0.00840	0.00925	0.00544	0.00585	0.00987	0.01418	0.01924	0.26283	0.49067	0.09430	0.01739	0.00786	0.00236	0.00343	0.01560	0.00624	0.00544
59	0.01674	0.02139	0.12071	0.04585	0.02385	0.23814	0.20321	0.04046	0.02992	0.01911	0.01336	0.06840	0.01143	0.00692	0.00633	0.00183	0.00915	0.00621	0.00356	0.11342
60	0.01398	0.01193	0.01762	0.31532	0.11044	0.01240	0.02778	0.05064	0.04190	0.04599	0.01422	0.02002	0.01172	0.00680	0.00609	0.00181	0.00688	0.05446	0.00382	0.22617
61	0.36670	0.18562	0.18332	0.01220	0.01787	0.01727	0.03226	0.08213	0.01368	0.02441	0.01010	0.01162	0.00785	0.00596	0.00476	0.00184	0.00669	0.00403	0.00358	0.00812
62	0.00845	0.00668	0.01037	0.01062	0.01160	0.00624	0.07679	0.00998	0.01243	0.01661	0.03275	0.69728	0.03872	0.01842	0.00804	0.00253	0.00438	0.01698	0.00562	0.00549
63	0.01041	0.00684	0.00887	0.00826	0.01007	0.00625	0.00632	0.01326	0.01758	0.07957	0.60280	0.04736	0.10581	0.01298	0.00745	0.00204	0.00330	0.03760	0.00692	0.00630
64	0.01867	0.11203	0.01925	0.03639	0.06022	0.15309	0.03020	0.20122	0.13355	0.02458	0.01584	0.05206	0.01300	0.00780	0.00650	0.00187	0.03665	0.00600	0.06235	0.00873
65	0.00876	0.00648	0.00817	0.00775	0.00934	0.00589	0.00581	0.01154	0.01743	0.02420	0.63385	0.04943	0.16091	0.01343	0.00748	0.00202	0.00303	0.01176	0.00682	0.00589
66	0.01570	0.18994	0.08670	0.03307	0.10348	0.09518	0.09761	0.02140	0.13547	0.01889	0.01477	0.06927	0.01289	0.00768	0.00721	0.00195	0.07035	0.00625	0.00375	0.00843
67	0.08827	0.01055	0.01378	0.01078	0.01533	0.00942	0.00885	0.02838	0.01757	0.62668	0.08311	0.02288	0.01871	0.00813	0.00628	0.00197	0.00516	0.00658	0.00748	0.01009
68	0.01541	0.01324	0.01403	0.01264	0.01612	0.01525	0.00982	0.03253	0.68769	0.02648	0.06416	0.02495	0.02156	0.00884	0.00651	0.00214	0.00491	0.00741	0.00648	0.00982
69	0.00859	0.00647	0.00794	0.00757	0.00924	0.00582	0.00568	0.01122	0.01704	0.02326	0.55859	0.05097	0.23676	0.01378	0.00749	0.00203	0.00305	0.01197	0.00670	0.00582
70	0.00762	0.00643	0.00660	0.00656	0.00864	0.00541	0.00492	0.00934	0.01475	0.01783	0.11992	0.05992	0.67882	0.01581	0.00750	0.00213	0.00319	0.01323	0.00598	0.00541
71	0.01422	0.07365	0.58931	0.01784	0.02639	0.01590	0.06329	0.08832	0.01507	0.02176	0.01170	0.01361	0.00841	0.00611	0.00603	0.00197	0.00907	0.00488	0.00307	0.00939
72	0.01627	0.01616	0.02519	0.03733	0.68622	0.06766	0.01895	0.01989	0.01470	0.02035	0.01178	0.01540	0.00991	0.00572	0.00624	0.00187	0.00782	0.00554	0.00315	0.00986
73	0.09656	0.04070	0.01549	0.04084	0.01765	0.03724	0.01039	0.13327	0.45967	0.04812	0.02096	0.01997	0.01563	0.00792	0.00608	0.00205	0.00569	0.00629	0.00588	0.00961
74	0.00820	0.00579	0.00755	0.00874	0.00917	0.00550	0.00592	0.00933	0.01206	0.01608	0.05245	0.58304	0.03911	0.13645	0.01187	0.00314	0.00422	0.07075	0.00560	0.00503
75	0.02289	0.01716	0.01835	0.01435	0.01921	0.01910	0.01176	0.61619	0.13195	0.03801	0.01678	0.01647	0.01205	0.00776	0.00636	0.00194	0.00669	0.00593	0.00636	0.01068
76	0.01445	0.01452	0.01980	0.01683	0.01720	0.04029	0.03002	0.03364	0.01059	0.01603	0.00865	0.01392	0.00842	0.01075	0.01971	0.00271	0.70696	0.00556	0.00289	0.00709
77	0.01593	0.01273	0.01367	0.01222	0.01574	0.01433	0.00952	0.03123	0.60719	0.07695	0.04866	0.02672	0.06853	0.00918	0.00655	0.00213	0.00487	0.00766	0.00653	0.00966
78	0.01345	0.01258	0.02073	0.14644	0.46629	0.01297	0.01618	0.01690	0.01397	0.01929	0.03964	0.02297	0.09945	0.01023	0.05971	0.00255	0.00770	0.00684	0.00355	0.00857
79	0.01542	0.01328	0.01415	0.01259	0.01626	0.01506	0.00981	0.03187	0.65677	0.02582	0.02456	0.02295	0.01856	0.00933	0.02544	0.00227	0.00530	0.00692	0.00618	0.06746
80	0.01298	0.01269	0.01712	0.12100	0.01912	0.04369	0.01276	0.01473	0.01093	0.01563	0.03339	0.07204	0.02889	0.05662	0.01730	0.00279	0.49149	0.00696	0.00327	0.00660
81	0.00923	0.00615	0.00692	0.00692	0.00692	0.00615	0.00384	0.00923	0.00923	0.01230	0.01999	0.04151	0.02306	0.77705	0.03229	0.00615	0.00615	0.00923	0.00384	0.00384
82	0.01301	0.01218	0.02049	0.40341	0.30778	0.01362	0.01716	0.01677	0.01324	0.01790	0.01342	0.07070	0.01172	0.00846	0.03198	0.00234	0.00805	0.00657	0.00318	0.00802
83	0.01333	0.01177	0.01892	0.02719	0.45271	0.01177	0.01439	0.01610	0.01328	0.01852	0.01730	0.03069	0.01733	0.18381	0.01263	0.00303	0.00694	0.11862	0.00374	0.00795
84	0.01371	0.01283	0.02144	0.18729	0.47398	0.01335	0.01700	0.01722	0.01387	0.01917	0.01654	0.08787	0.04069	0.00786	0.00658	0.00204	0.00717	0.02922	0.00351	0.00866
85	0.01313	0.01241	0.02092	0.44784	0.21963	0.01374	0.05291	0.01713	0.01337	0.01805	0.01236	0.01836	0.01006	0.00640	0.00634	0.00199	0.00793	0.03148	0.00311	0.07283
86	0.01198	0.01128	0.01903	0.76180	0.04369	0.01409	0.01762	0.01621	0.01268	0.01621	0.01128	0.01691	0.00846	0.00634	0.00634	0.00211	0.00846	0.00564	0.00282	0.00705
87	0.01570	0.01507	0.02575	0.03894	0.73748	0.01507	0.01947	0.01947	0.01444	0.02073	0.01193	0.01570	0.01005	0.00565	0.00628	0.00188	0.00754	0.00565	0.00314	0.01005
88	0.01562	0.01798	0.03567	0.02639	0.05484	0.06853	0.64195	0.02065	0.01517	0.01999	0.01259	0.01666	0.00954	0.00544	0.00732	0.00209	0.01065	0.00718	0.00321	0.00852
89	0.00930	0.00699	0.01018	0.06321	0.01277	0.00802	0.00781	0.01126	0.01018	0.01435	0.01718	0.02763	0.01676	0.18887	0.55639	0.00882	0.01424	0.00719	0.00345	0.00540
90	0.01205	0.01053	0.01709	0.21698	0.08888	0.01133	0.08690	0.01672	0.06692	0.01904	0.02292	0.05771	0.02262	0.01156	0.00757	0.00246	0.00710	0.30993	0.00456	0.00713
91	0.01297	0.01266	0.01961	0.65246	0.10861	0.05411	0.01750	0.01701	0.01314	0.01660	0.01126	0.01650	0.00859	0.00629	0.00630	0.00207	0.00853	0.00556	0.00287	0.00735
92	0.00809	0.00678	0.00711	0.00723	0.00925	0.00600	0.00543	0.01061	0.05409	0.01764	0.05808	0.12844	0.60047	0.01607	0.00755	0.00222	0.00346	0.03995	0.00592	0.00562
93	0.02169	0.02689	0.01827	0.01641	0.01901	0.60180	0.01259	0.02327	0.01629	0.01547	0.00950	0.01194	0.00820	0.00747	0.00881	0.00187	0.16570	0.00439	0.00317	0.00727
94	0.00937	0.00614	0.00686	0.00686	0.00694	0.00614	0.00388	0.00953	0.00945	0.01291	0.02003	0.04055	0.02270	0.73539	0.03078	0.00590	0.00598	0.00905	0.04760	0.00396
95	0.01295	0.03503	0.02117	0.05901	0.11064	0.05030	0.21225	0.01662	0.03801	0.01740	0.01610	0.02280	0.03127	0.10932	0.21379	0.00474	0.01090	0.00702	0.00348	0.00721
96	0.01283	0.01176	0.01925	0.60776	0.11256	0.01415	0.01700	0.05235	0.01362	0.01782	0.01186	0.01713	0.00914	0.00857	0.04669	0.00252	0.00875	0.00571	0.00307	0.00748
97	0.01707	0.09126	0.04220	0.01235	0.01612	0.09147	0.04062	0.15184	0.10532	0.08990	0.07416	0.04529	0.10657	0.06065	0.00817	0.00223	0.00638	0.02487	0.00534	0.00819
98	0.01371	0.01441	0.04532	0.09684	0.02618	0.01284	0.31535	0.01783	0.01381	0.01976	0.01300	0.01633	0.02502	0.00566	0.00675	0.00170	0.03469	0.00587	0.00340	0.31153
99	0.01404	0.01453	0.02258	0.12470	0.02466	0.07037	0.22915	0.01857	0.08096	0.01804	0.01519	0.09733	0.01391	0.03873	0.01122	0.00245	0.18474	0.00767	0.00367	0.00747
100	0.01536	0.01329	0.01460	0.01411	0.05515	0.01519	0.01034	0.03166	0.65072	0.02569	0.02554	0.06184	0.02002	0.00903	0.00653	0.00216	0.00509	0.00765	0.00625	0.00979
101	0.00960	0.00693	0.00940	0.01034	0.01162	0.00694	0.00851	0.01199	0.01364	0.01796	0.07226	0.09919	0.08458	0.08946	0.09833	0.00394	0.00672	0.42758	0.00544	0.00558
102	0.00791	0.00594	0.00723	0.00795	0.00895	0.00537	0.00550	0.00936	0.01343	0.01752	0.13808	0.43914	0.23490	0.05688	0.00909	0.00256	0.00358	0.01540	0.00593	0.00526
103	0.01216	0.01118	0.01866	0.68365	0.07747	0.01370	0.01700	0.01630	0.01281	0.01684	0.01182	0.01722	0.00896	0.00636	0.00624	0.00207	0.00811	0.00565	0.04665	0.00714
104	0.04959	0.00671	0.00666	0.00660	0.00870	0.00587	0.00491	0.00968	0.01409	0.01770	0.07809	0.05699	0.63964	0.05664	0.00866	0.00235	0.00345	0.01260	0.00571	0.00537
105	0.02248	0.02663	0.01848	0.01788	0.08097	0.57038	0.01270	0.08726	0.06929	0.01895	0.01162	0.01302	0.00937	0.00671	0.00588	0.00172	0.01025	0.00459	0.00376	0.00808
106	0.01968	0.12100	0.04516	0.07429	0.03489	0.01882	0.01270	0.39336	0.09367	0.03008	0.01525	0.01758	0.01186	0.00779	0.00691	0.00196	0.04798	0.03225	0.00518	0.00959
107	0.00818	0.00669	0.00731	0.00699	0.00914	0.00568	0.00526	0.01021	0.01531	0.01949	0.23696	0.05501	0.52075	0.01467	0.00735	0.00204	0.00323	0.01239	0.00607	0.04727
108	0.01582	0.07357	0.28059	0.01785	0.08937	0.12589	0.04995	0.08245	0.08164	0.02117	0.01723	0.03951	0.06249	0.00749	0.00618	0.00193	0.00819	0.00606	0.00383	0.00879
109	0.00799	0.00623	0.00699	0.00725	0.00887	0.00554	0.00530	0.00973	0.01401	0.01791	0.11525	0.20568	0.45074	0.01784	0.04776	0.00262	0.00402	0.01345	0.04740	0.00542
110	0.03871	0.01884	0.06467	0.04694	0.14007	0.21499	0.01295	0.06051	0.12204	0.10080	0.06330	0.01810	0.01461	0.00718	0.00609	0.00184	0.00761	0.00571	0.00462	0.05043
111	0.34685	0.01582	0.03017	0.07581	0.05664	0.11871	0.10109	0.05971	0.01431	0.04290	0.01377	0.01564	0.04767	0.00661	0.00542	0.00193	0.00713	0.00513	0.00393	0.03078
112	0.03138	0.08288	0.12462	0.10856	0.24887	0.05251	0.03102	0.01995	0.06556	0.03761	0.01310	0.03229	0.01078	0.00753	0.02286	0.00209	0.04683	0.00556	0.00347	0.05254

[dist]
# distance from previous block
# <min> <max>
0	17

# created by:
# /home/cegg/simao/soft/augustus-3.2.1/scripts/msa2prfl.pl ./align_prep/EOG090W0DJI.fa
