[name]
unknown

[dist]
# distance from previous block
# <min> <max>
0	41

[block]
# block no. 0 follows, 37 sequences, length 28
# corresponding to MSA columns:
# 43-70
name=unknown_A
#
# <colnr> <probs for GDERKNQSTAVLIFYWHMCP>
#	G	D	E	R	K	N	Q	S	T	A	V	L	I	F	Y	W	H	M	C	P
0	0.08600	0.03915	0.09848	0.01672	0.12356	0.01293	0.08270	0.11644	0.05146	0.02295	0.05510	0.05065	0.01652	0.02597	0.00671	0.00200	0.00644	0.08606	0.00431	0.09584
1	0.05475	0.11742	0.12964	0.01923	0.13215	0.11954	0.14101	0.06210	0.03876	0.08743	0.03250	0.01516	0.01086	0.00615	0.00583	0.00180	0.00797	0.00532	0.00378	0.00861
2	0.03314	0.11863	0.18101	0.01683	0.13180	0.04698	0.04694	0.05241	0.03164	0.07159	0.06853	0.06015	0.01531	0.04077	0.00689	0.00196	0.00683	0.00614	0.00394	0.05851
3	0.10315	0.18413	0.16884	0.01404	0.06173	0.07784	0.01266	0.08016	0.10465	0.03794	0.04448	0.01593	0.01230	0.02802	0.02772	0.00210	0.00716	0.00501	0.00389	0.00825
4	0.01678	0.23139	0.14344	0.01517	0.06086	0.12048	0.06872	0.07852	0.03860	0.05919	0.01407	0.01569	0.04077	0.02414	0.00602	0.00176	0.00755	0.00503	0.00363	0.04818
5	0.01350	0.02249	0.37257	0.02050	0.17313	0.04661	0.05980	0.04680	0.01412	0.02002	0.03184	0.06113	0.01238	0.00697	0.00610	0.00190	0.00792	0.02485	0.00331	0.05405
6	0.01195	0.00914	0.01098	0.01024	0.05258	0.03172	0.00728	0.01436	0.01446	0.07665	0.22472	0.08785	0.10723	0.03120	0.03091	0.00201	0.00467	0.00833	0.00513	0.25861
7	0.00974	0.00690	0.00893	0.00920	0.05031	0.00629	0.00636	0.01220	0.01597	0.06270	0.46780	0.06656	0.20303	0.03735	0.00788	0.00209	0.00343	0.01100	0.00622	0.00603
8	0.01452	0.01421	0.02499	0.05548	0.59838	0.01411	0.10375	0.01824	0.01395	0.01963	0.01441	0.01779	0.05051	0.00600	0.00627	0.00187	0.00744	0.00608	0.00318	0.00919
9	0.00763	0.00622	0.00675	0.00662	0.00851	0.00534	0.00496	0.00955	0.01489	0.01876	0.25109	0.05525	0.55374	0.01467	0.00723	0.00203	0.00304	0.01241	0.00598	0.00534
10	0.02211	0.06238	0.01776	0.01534	0.01852	0.70268	0.01163	0.02373	0.01688	0.01493	0.00965	0.01141	0.00813	0.00756	0.03025	0.00184	0.01101	0.00400	0.00313	0.00708
11	0.01515	0.01454	0.02485	0.03757	0.74669	0.01454	0.01879	0.01879	0.01394	0.02000	0.01151	0.01515	0.00970	0.00545	0.00606	0.00182	0.00727	0.00545	0.00303	0.00970
12	0.01063	0.00532	0.00797	0.00797	0.00797	0.00532	0.00532	0.00797	0.00797	0.01063	0.01063	0.01861	0.01063	0.02127	0.02392	0.82190	0.00532	0.00532	0.00266	0.00266
13	0.01637	0.78856	0.03208	0.01047	0.01571	0.02422	0.01047	0.01833	0.01244	0.01440	0.00851	0.00982	0.00786	0.00524	0.00393	0.00131	0.00655	0.00327	0.00262	0.00786
14	0.79351	0.01178	0.00922	0.00817	0.01200	0.01353	0.00673	0.01851	0.01072	0.05873	0.00920	0.01041	0.00700	0.00576	0.00389	0.00189	0.00476	0.00344	0.00395	0.00679
15	0.02315	0.01507	0.01681	0.01314	0.01780	0.01620	0.01077	0.47391	0.12111	0.19970	0.01823	0.01719	0.01261	0.00753	0.00614	0.00188	0.00613	0.00585	0.00647	0.01031
16	0.02644	0.01090	0.01593	0.01206	0.01691	0.00951	0.06526	0.02903	0.01728	0.69341	0.02322	0.02049	0.01469	0.00739	0.00624	0.00191	0.00561	0.00624	0.00722	0.01025
17	0.01093	0.00671	0.00863	0.00787	0.00974	0.00611	0.00600	0.01367	0.01690	0.10874	0.57876	0.04233	0.09120	0.01182	0.00693	0.00190	0.00317	0.01031	0.05200	0.00628
18	0.01515	0.01454	0.02485	0.03757	0.74669	0.01454	0.01879	0.01879	0.01394	0.02000	0.01151	0.01515	0.00970	0.00545	0.00606	0.00182	0.00727	0.00545	0.00303	0.00970
19	0.01994	0.02431	0.01778	0.01586	0.01804	0.53157	0.01231	0.02145	0.01489	0.01490	0.00902	0.01176	0.00793	0.00767	0.01001	0.00192	0.24627	0.00438	0.00301	0.00697
20	0.02746	0.01042	0.01421	0.01089	0.01563	0.00900	0.00900	0.02983	0.01752	0.75093	0.02415	0.02083	0.01515	0.00758	0.00616	0.00189	0.00521	0.00616	0.00758	0.01042
21	0.00748	0.00558	0.00697	0.00795	0.00876	0.00507	0.00546	0.00877	0.01257	0.01639	0.08487	0.57318	0.19878	0.01794	0.00765	0.00236	0.00341	0.01600	0.00575	0.00507
22	0.01637	0.78856	0.03208	0.01047	0.01571	0.02422	0.01047	0.01833	0.01244	0.01440	0.00851	0.00982	0.00786	0.00524	0.00393	0.00131	0.00655	0.00327	0.00262	0.00786
23	0.01637	0.78856	0.03208	0.01047	0.01571	0.02422	0.01047	0.01833	0.01244	0.01440	0.00851	0.00982	0.00786	0.00524	0.00393	0.00131	0.00655	0.00327	0.00262	0.00786
24	0.05463	0.01103	0.01410	0.01102	0.01551	0.01026	0.00904	0.09049	0.05825	0.58863	0.05494	0.02112	0.01652	0.00775	0.00612	0.00190	0.00520	0.00626	0.00720	0.01003
25	0.00844	0.00622	0.00772	0.00736	0.00880	0.00568	0.00542	0.01087	0.01608	0.02217	0.56877	0.04756	0.17356	0.07377	0.00910	0.00227	0.00316	0.01122	0.00632	0.00551
26	0.01496	0.01387	0.02315	0.13725	0.59571	0.01431	0.01786	0.01928	0.04836	0.03797	0.01238	0.01582	0.01005	0.00574	0.00608	0.00186	0.00723	0.00554	0.00325	0.00931
27	0.01585	0.14186	0.32344	0.01491	0.02088	0.16520	0.01568	0.05153	0.12700	0.01948	0.01341	0.01573	0.01061	0.00668	0.00564	0.00182	0.00819	0.03007	0.00353	0.00851

[dist]
# distance from previous block
# <min> <max>
3	26

[block]
# block no. 1 follows, 37 sequences, length 79
# corresponding to MSA columns:
# 98-138,152-189
name=unknown_B
#
# <colnr> <probs for GDERKNQSTAVLIFYWHMCP>
#	G	D	E	R	K	N	Q	S	T	A	V	L	I	F	Y	W	H	M	C	P
0	0.06706	0.10915	0.10459	0.08919	0.34153	0.06151	0.03448	0.01965	0.06351	0.01952	0.02662	0.01497	0.01041	0.00593	0.00567	0.00181	0.00735	0.00512	0.00326	0.00868
1	0.01400	0.05965	0.04150	0.25851	0.44760	0.01495	0.01768	0.01769	0.01316	0.01816	0.01102	0.01508	0.00902	0.00582	0.00638	0.00189	0.03114	0.00529	0.00289	0.00859
2	0.01047	0.00815	0.01035	0.00937	0.01156	0.00812	0.00706	0.03488	0.05599	0.01684	0.01741	0.08718	0.01698	0.13800	0.33648	0.00575	0.00988	0.00709	0.00390	0.20454
3	0.04586	0.02305	0.02040	0.01897	0.09529	0.44157	0.10079	0.05678	0.01603	0.01762	0.01010	0.01257	0.00835	0.00663	0.00750	0.00182	0.10109	0.00473	0.00325	0.00761
4	0.00935	0.00685	0.00895	0.00930	0.01039	0.02656	0.00712	0.01146	0.01120	0.01608	0.02147	0.17051	0.02176	0.03174	0.42374	0.00641	0.01095	0.07312	0.11759	0.00546
5	0.01257	0.01123	0.01719	0.04355	0.34186	0.01119	0.03351	0.04538	0.05505	0.02152	0.19929	0.02980	0.13420	0.00896	0.00657	0.00191	0.00552	0.00810	0.00464	0.00795
6	0.01228	0.03166	0.75316	0.01745	0.02649	0.01422	0.02262	0.01939	0.01292	0.01939	0.01099	0.01292	0.00775	0.00582	0.00582	0.00194	0.00905	0.00452	0.00258	0.00905
7	0.01905	0.02126	0.02022	0.01677	0.02003	0.35187	0.12372	0.10997	0.06128	0.01952	0.03053	0.01442	0.01042	0.00733	0.00856	0.00192	0.14637	0.00528	0.00372	0.00775
8	0.00918	0.00640	0.00742	0.00726	0.00726	0.00673	0.00431	0.00926	0.00893	0.01205	0.01859	0.03841	0.02138	0.73704	0.03047	0.00573	0.05338	0.00868	0.00365	0.00389
9	0.25842	0.01247	0.03471	0.01152	0.03772	0.01217	0.00933	0.10155	0.06093	0.37455	0.01786	0.01672	0.01200	0.00693	0.00546	0.00190	0.00539	0.00524	0.00595	0.00921
10	0.00742	0.00546	0.00697	0.00818	0.00879	0.00500	0.00553	0.00856	0.01205	0.01576	0.03791	0.67442	0.14425	0.01864	0.00773	0.00242	0.00348	0.01674	0.00568	0.00500
11	0.00799	0.00614	0.00733	0.00791	0.00928	0.00557	0.00597	0.00973	0.01354	0.01722	0.11137	0.23713	0.34181	0.04690	0.00856	0.00245	0.00379	0.14640	0.00569	0.00521
12	0.01759	0.64527	0.02930	0.01147	0.01632	0.16312	0.01073	0.01948	0.01336	0.01451	0.00869	0.01005	0.00786	0.00544	0.00423	0.00136	0.00739	0.00340	0.00272	0.00771
13	0.57167	0.01163	0.01001	0.00906	0.01258	0.01330	0.00735	0.03389	0.14811	0.02650	0.03817	0.01768	0.03616	0.00722	0.00471	0.00197	0.00472	0.03359	0.00453	0.00716
14	0.01156	0.01088	0.01836	0.77016	0.04216	0.01360	0.01700	0.01564	0.01224	0.01564	0.01088	0.01632	0.00816	0.00612	0.00612	0.00204	0.00816	0.00544	0.00272	0.00680
15	0.00746	0.00533	0.00710	0.00852	0.00888	0.00497	0.00568	0.00852	0.01172	0.01563	0.03374	0.78088	0.04049	0.01918	0.00781	0.00249	0.00355	0.01740	0.00568	0.00497
16	0.04896	0.00786	0.00979	0.00861	0.01091	0.00732	0.00642	0.01756	0.02773	0.26653	0.19359	0.09249	0.05274	0.18148	0.01194	0.00283	0.00452	0.00892	0.03291	0.00691
17	0.00771	0.00579	0.00713	0.00809	0.00904	0.00529	0.00577	0.00907	0.01253	0.01605	0.04126	0.46661	0.24295	0.04540	0.00856	0.00253	0.00374	0.09182	0.00561	0.00506
18	0.01192	0.00620	0.00625	0.00607	0.00764	0.00628	0.00460	0.04506	0.01353	0.02350	0.01974	0.02247	0.01546	0.00714	0.00436	0.00144	0.00302	0.00570	0.78371	0.00591
19	0.38853	0.01134	0.01149	0.00953	0.01345	0.01192	0.00773	0.08321	0.03855	0.26936	0.01735	0.01785	0.03759	0.04966	0.00649	0.00212	0.00508	0.00523	0.00540	0.00812
20	0.00830	0.00600	0.00724	0.00770	0.00899	0.00537	0.00552	0.00987	0.01351	0.04091	0.14429	0.35794	0.29120	0.03266	0.00798	0.00232	0.00346	0.03555	0.00585	0.00533
21	0.02698	0.01053	0.01419	0.01095	0.01564	0.00924	0.00902	0.02994	0.04599	0.72217	0.02418	0.02091	0.01529	0.00761	0.00616	0.00190	0.00519	0.00619	0.00752	0.01039
22	0.00862	0.00626	0.00812	0.00766	0.00912	0.00576	0.00574	0.01147	0.01722	0.02430	0.72259	0.04613	0.07879	0.01261	0.00722	0.00193	0.00289	0.01113	0.00671	0.00576
23	0.43920	0.01137	0.01072	0.00945	0.01298	0.01252	0.00762	0.08808	0.09211	0.10561	0.01838	0.07586	0.05594	0.00827	0.00519	0.00199	0.00484	0.02737	0.00500	0.00750
24	0.00882	0.00670	0.00819	0.00783	0.00952	0.00629	0.00595	0.01233	0.06090	0.02273	0.53160	0.04793	0.19474	0.01304	0.00721	0.00200	0.00316	0.03872	0.00645	0.00589
25	0.02729	0.01070	0.01438	0.01102	0.01576	0.00941	0.00911	0.05858	0.01798	0.72153	0.02376	0.02058	0.01496	0.00757	0.00615	0.00189	0.00527	0.00613	0.00752	0.01042
26	0.06677	0.00735	0.00871	0.00888	0.01058	0.00719	0.00681	0.06134	0.01463	0.04366	0.13803	0.29228	0.16347	0.01503	0.00728	0.00228	0.00409	0.12992	0.00579	0.00591
27	0.00862	0.00620	0.00761	0.00778	0.00867	0.00601	0.00551	0.01005	0.01228	0.01640	0.17543	0.09225	0.13945	0.30557	0.08000	0.00426	0.00559	0.09855	0.00495	0.00482
28	0.02746	0.01042	0.01421	0.01089	0.01563	0.00900	0.00900	0.02983	0.01752	0.75093	0.02415	0.02083	0.01515	0.00758	0.00616	0.00189	0.00521	0.00616	0.00758	0.01042
29	0.00868	0.00693	0.00941	0.00998	0.01034	0.00765	0.00724	0.00991	0.01156	0.01587	0.05700	0.59012	0.03492	0.01726	0.01012	0.00251	0.14889	0.03111	0.00516	0.00534
30	0.20470	0.00773	0.00859	0.00855	0.01054	0.00772	0.00632	0.01436	0.01258	0.13344	0.04215	0.40272	0.06190	0.01343	0.00644	0.00218	0.00403	0.01155	0.03479	0.00626
31	0.01030	0.00561	0.00799	0.00799	0.00834	0.00580	0.00554	0.00924	0.00889	0.01268	0.01311	0.02106	0.01258	0.06032	0.15254	0.54785	0.00703	0.00575	0.09383	0.00355
32	0.01637	0.78856	0.03208	0.01047	0.01571	0.02422	0.01047	0.01833	0.01244	0.01440	0.00851	0.00982	0.00786	0.00524	0.00393	0.00131	0.00655	0.00327	0.00262	0.00786
33	0.00905	0.00671	0.01002	0.00968	0.01068	0.00747	0.03046	0.01069	0.00972	0.01377	0.01653	0.02656	0.01619	0.18281	0.56229	0.04832	0.01368	0.00696	0.00332	0.00509
34	0.00975	0.00801	0.01113	0.01068	0.01233	0.00803	0.07295	0.01439	0.14895	0.01834	0.07064	0.43544	0.07214	0.04831	0.00842	0.00247	0.00452	0.03179	0.00552	0.00618
35	0.01009	0.00858	0.01189	0.01129	0.01221	0.02994	0.00895	0.01208	0.00994	0.01434	0.01448	0.02149	0.01360	0.03755	0.58674	0.00813	0.17356	0.00624	0.00315	0.00576
36	0.01381	0.01158	0.01328	0.00972	0.01500	0.00955	0.00779	0.08216	0.05386	0.02198	0.01200	0.01344	0.00972	0.00500	0.00477	0.00106	0.00475	0.00398	0.00400	0.70254
37	0.00890	0.00593	0.00668	0.00668	0.00668	0.00593	0.00371	0.00890	0.00890	0.01187	0.01929	0.04006	0.02225	0.78487	0.03116	0.00593	0.00593	0.00890	0.00371	0.00371
38	0.01269	0.01088	0.01269	0.00907	0.01451	0.00816	0.00725	0.01541	0.01269	0.01995	0.01088	0.01269	0.00907	0.00453	0.00453	0.00091	0.00453	0.00363	0.00363	0.82229
39	0.01724	0.01540	0.11879	0.01763	0.04378	0.01262	0.25467	0.02328	0.11801	0.21771	0.03397	0.06744	0.01504	0.00741	0.00661	0.00202	0.00731	0.00721	0.00493	0.00893
40	0.02327	0.01715	0.01837	0.01408	0.01898	0.01898	0.01163	0.72628	0.02878	0.03858	0.01470	0.01470	0.01041	0.00735	0.00612	0.00184	0.00674	0.00551	0.00612	0.01041
41	0.01334	0.01269	0.02157	0.40762	0.39082	0.01407	0.01788	0.01720	0.01308	0.01780	0.01119	0.01574	0.00892	0.00579	0.00609	0.00193	0.00772	0.00545	0.00287	0.00823
42	0.01272	0.01085	0.01285	0.00976	0.01433	0.00917	0.00775	0.03875	0.03372	0.02001	0.01315	0.07798	0.01197	0.00639	0.00597	0.00122	0.05670	0.00506	0.00389	0.64775
43	0.00914	0.00641	0.00805	0.00755	0.00924	0.00579	0.00569	0.01176	0.01671	0.05186	0.58821	0.04719	0.18373	0.01287	0.00718	0.00195	0.00302	0.01122	0.00658	0.00585
44	0.00746	0.00533	0.00710	0.00852	0.00888	0.00497	0.00568	0.00852	0.01172	0.01563	0.03374	0.78088	0.04049	0.01918	0.00781	0.00249	0.00355	0.01740	0.00568	0.00497
45	0.00906	0.00640	0.00739	0.00748	0.00930	0.00559	0.00563	0.01078	0.01409	0.07056	0.11239	0.19528	0.44500	0.01547	0.00735	0.00217	0.00350	0.06106	0.00591	0.00560
46	0.03043	0.00660	0.00736	0.00718	0.00857	0.00624	0.00503	0.01122	0.04288	0.03253	0.19580	0.08524	0.26234	0.23282	0.01383	0.00313	0.00403	0.01076	0.02877	0.00522
47	0.01306	0.00729	0.00746	0.00687	0.00878	0.00755	0.00530	0.11314	0.01505	0.02501	0.01924	0.02169	0.01496	0.00716	0.00454	0.00148	0.00339	0.00568	0.70599	0.00636
48	0.00927	0.00639	0.00838	0.00780	0.00935	0.00588	0.00588	0.01214	0.01733	0.04795	0.72029	0.04492	0.05639	0.01236	0.00719	0.00192	0.00296	0.01091	0.00677	0.00593
49	0.04294	0.01331	0.01429	0.01180	0.01543	0.01454	0.00944	0.42405	0.10433	0.03110	0.04553	0.11496	0.06234	0.00954	0.00626	0.00194	0.00547	0.00774	0.05622	0.00877
50	0.04256	0.01005	0.01129	0.01001	0.01280	0.01045	0.00765	0.09914	0.20767	0.15512	0.02727	0.13209	0.09511	0.09578	0.00909	0.00246	0.00477	0.00873	0.05016	0.00780
51	0.00874	0.00656	0.00984	0.00984	0.01093	0.00765	0.00765	0.01093	0.00984	0.01421	0.01640	0.02405	0.01530	0.04591	0.76062	0.00984	0.01640	0.00656	0.00328	0.00547
52	0.00890	0.00593	0.00668	0.00668	0.00668	0.00593	0.00371	0.00890	0.00890	0.01187	0.01929	0.04006	0.02225	0.78487	0.03116	0.00593	0.00593	0.00890	0.00371	0.00371
53	0.01253	0.00723	0.00880	0.00804	0.01010	0.00657	0.00594	0.01476	0.03670	0.17819	0.20345	0.10143	0.22261	0.14297	0.01105	0.00268	0.00408	0.01051	0.00603	0.00633
54	0.00862	0.00615	0.00797	0.00889	0.00963	0.00594	0.00632	0.03781	0.01297	0.01736	0.09257	0.53621	0.03866	0.07776	0.00961	0.00273	0.00408	0.10586	0.00563	0.00524
55	0.01053	0.00762	0.01026	0.01133	0.01292	0.00776	0.00978	0.04405	0.03846	0.01934	0.03145	0.09125	0.03380	0.01630	0.00826	0.00274	0.00558	0.62695	0.00568	0.00595
56	0.69954	0.01160	0.00967	0.00845	0.01225	0.01309	0.00693	0.03668	0.01183	0.09341	0.04188	0.01260	0.00971	0.00619	0.00421	0.00189	0.00475	0.00396	0.00432	0.00703
57	0.00767	0.00603	0.00693	0.00711	0.00864	0.00529	0.00518	0.00947	0.01437	0.01849	0.23894	0.21323	0.40588	0.01550	0.00736	0.00212	0.00314	0.01340	0.00597	0.00529
58	0.00745	0.00536	0.00706	0.00842	0.00885	0.00498	0.00564	0.00853	0.01182	0.01567	0.03496	0.74966	0.07092	0.01902	0.00779	0.00247	0.00353	0.01721	0.00568	0.00498
59	0.01554	0.01381	0.01399	0.01259	0.01604	0.04598	0.00978	0.03219	0.70598	0.02517	0.02428	0.02235	0.01824	0.00822	0.00620	0.00206	0.00510	0.00680	0.00610	0.00958
60	0.00766	0.00551	0.00712	0.00818	0.00870	0.00513	0.00549	0.00884	0.01214	0.01620	0.09802	0.61851	0.08128	0.07494	0.00945	0.00267	0.00364	0.01595	0.00563	0.00496
61	0.00962	0.00785	0.01152	0.01101	0.01190	0.00975	0.00873	0.01165	0.00975	0.01431	0.01482	0.02204	0.01393	0.03927	0.62088	0.00849	0.15929	0.00633	0.00317	0.00570
62	0.01552	0.01330	0.01401	0.01252	0.01603	0.01536	0.00976	0.05794	0.70973	0.02608	0.02454	0.02254	0.01838	0.00827	0.00622	0.00207	0.00491	0.00687	0.00622	0.00972
63	0.01681	0.01356	0.01450	0.01265	0.01633	0.01542	0.01001	0.15030	0.57072	0.04982	0.02338	0.02281	0.01767	0.00838	0.00628	0.00205	0.00520	0.02815	0.00623	0.00971
64	0.00879	0.00639	0.00897	0.00897	0.00977	0.00718	0.00657	0.01038	0.00958	0.01357	0.01719	0.02842	0.01720	0.24776	0.56136	0.00877	0.01354	0.00720	0.00340	0.00499
65	0.01280	0.01177	0.01935	0.16828	0.42616	0.01216	0.01525	0.01625	0.01416	0.01962	0.12952	0.02488	0.05833	0.00773	0.00642	0.00193	0.00645	0.03701	0.00381	0.00811
66	0.01228	0.03166	0.75316	0.01745	0.02649	0.01422	0.02262	0.01939	0.01292	0.01939	0.01099	0.01292	0.00775	0.00582	0.00582	0.00194	0.00905	0.00452	0.00258	0.00905
67	0.01515	0.01454	0.02485	0.03757	0.74669	0.01454	0.01879	0.01879	0.01394	0.02000	0.01151	0.01515	0.00970	0.00545	0.00606	0.00182	0.00727	0.00545	0.00303	0.00970
68	0.82811	0.01184	0.00900	0.00805	0.01184	0.01373	0.00663	0.01799	0.01042	0.02746	0.00852	0.00994	0.00663	0.00568	0.00379	0.00189	0.00474	0.00331	0.00379	0.00663
69	0.00874	0.00751	0.00764	0.00738	0.00971	0.00707	0.00560	0.01326	0.15013	0.01825	0.05501	0.05210	0.60730	0.01414	0.00704	0.00207	0.00343	0.01179	0.00579	0.00602
70	0.00890	0.00593	0.00668	0.00668	0.00668	0.00593	0.00371	0.00890	0.00890	0.01187	0.01929	0.04006	0.02225	0.78487	0.03116	0.00593	0.00593	0.00890	0.00371	0.00371
71	0.01575	0.00778	0.01040	0.00898	0.01160	0.00695	0.00700	0.01831	0.01699	0.30114	0.41675	0.09025	0.04023	0.01112	0.00686	0.00195	0.00382	0.00966	0.00698	0.00749
72	0.00886	0.00646	0.00835	0.00784	0.00935	0.00606	0.00589	0.01217	0.03862	0.02458	0.72216	0.04505	0.05660	0.01239	0.00719	0.00193	0.00295	0.01095	0.00672	0.00589
73	0.09930	0.01061	0.01319	0.01048	0.01479	0.00997	0.00857	0.04172	0.08158	0.55448	0.02230	0.02002	0.01463	0.00743	0.00581	0.00188	0.00500	0.00592	0.06266	0.00968
74	0.01094	0.00962	0.01027	0.01100	0.07276	0.07688	0.00751	0.01417	0.06515	0.03910	0.24069	0.08354	0.28864	0.01249	0.00694	0.00200	0.00441	0.03190	0.00561	0.00636
75	0.01401	0.01921	0.16772	0.02395	0.03047	0.01535	0.57261	0.01941	0.01401	0.01941	0.01199	0.01575	0.00897	0.00546	0.00737	0.00206	0.03424	0.00667	0.00299	0.00835
76	0.01464	0.01378	0.02307	0.22672	0.50649	0.01456	0.03458	0.05681	0.01432	0.01987	0.01154	0.01546	0.00933	0.00572	0.00611	0.00188	0.00755	0.00550	0.00312	0.00895
77	0.01571	0.57613	0.05069	0.03907	0.03920	0.06478	0.01111	0.01841	0.03139	0.01582	0.05354	0.01481	0.01206	0.00625	0.00463	0.00149	0.00668	0.02740	0.00310	0.00772
78	0.19494	0.08370	0.01497	0.01147	0.06436	0.01221	0.00867	0.07694	0.01394	0.07782	0.01199	0.02903	0.00970	0.00569	0.00474	0.00141	0.00517	0.00429	0.00408	0.36489

[dist]
# distance from previous block
# <min> <max>
0	5

[block]
# block no. 2 follows, 37 sequences, length 26
# corresponding to MSA columns:
# 195-220
name=unknown_C
#
# <colnr> <probs for GDERKNQSTAVLIFYWHMCP>
#	G	D	E	R	K	N	Q	S	T	A	V	L	I	F	Y	W	H	M	C	P
0	0.03585	0.34641	0.12874	0.04485	0.01839	0.04134	0.05049	0.05175	0.03504	0.01864	0.08213	0.01770	0.05229	0.00679	0.00521	0.00162	0.00661	0.00526	0.00356	0.04732
1	0.01437	0.01464	0.01592	0.21988	0.13339	0.18595	0.01258	0.03416	0.06165	0.01763	0.01776	0.15560	0.03382	0.00907	0.00630	0.00197	0.00727	0.02191	0.02895	0.00716
2	0.01010	0.00847	0.01056	0.08320	0.05498	0.00867	0.00802	0.01550	0.15897	0.02061	0.23285	0.09034	0.24995	0.01202	0.00689	0.00204	0.00414	0.01037	0.00565	0.00664
3	0.01063	0.00532	0.00797	0.00797	0.00797	0.00532	0.00532	0.00797	0.00797	0.01063	0.01063	0.01861	0.01063	0.02127	0.02392	0.82190	0.00532	0.00532	0.00266	0.00266
4	0.01265	0.02916	0.64256	0.01797	0.02643	0.01439	0.08933	0.02015	0.05383	0.01976	0.01191	0.01383	0.00852	0.00589	0.00597	0.00196	0.00893	0.00492	0.00284	0.00901
5	0.02630	0.01016	0.01383	0.01069	0.01522	0.00880	0.00880	0.02870	0.01751	0.70592	0.06872	0.02238	0.01779	0.00788	0.00622	0.00190	0.00506	0.00646	0.00752	0.01013
6	0.02327	0.01715	0.01837	0.01408	0.01898	0.01898	0.01163	0.72628	0.02878	0.03858	0.01470	0.01470	0.01041	0.00735	0.00612	0.00184	0.00674	0.00551	0.00612	0.01041
7	0.02327	0.01715	0.01837	0.01408	0.01898	0.01898	0.01163	0.72628	0.02878	0.03858	0.01470	0.01470	0.01041	0.00735	0.00612	0.00184	0.00674	0.00551	0.00612	0.01041
8	0.01192	0.21438	0.05792	0.01051	0.01332	0.01275	0.00928	0.03811	0.01150	0.03385	0.01424	0.01978	0.01297	0.05411	0.45092	0.00655	0.01244	0.00561	0.00328	0.00653
9	0.00859	0.00614	0.00837	0.00959	0.01050	0.00592	0.00745	0.01058	0.01329	0.01766	0.10541	0.40744	0.04004	0.01755	0.00802	0.00257	0.00436	0.30541	0.00577	0.00533
10	0.01613	0.01506	0.02369	0.07424	0.60329	0.06041	0.03508	0.01963	0.01428	0.06179	0.01211	0.01532	0.00981	0.00566	0.00606	0.00183	0.00751	0.00544	0.00329	0.00938
11	0.01502	0.01441	0.02460	0.06504	0.72028	0.01451	0.01872	0.01867	0.01387	0.01983	0.01149	0.01519	0.00964	0.00548	0.00606	0.00183	0.00731	0.00545	0.00302	0.00959
12	0.00941	0.00743	0.01069	0.01032	0.01112	0.00899	0.00797	0.01121	0.00966	0.01400	0.01559	0.02453	0.01514	0.13179	0.56787	0.00836	0.12057	0.00668	0.00325	0.00542
13	0.01665	0.75581	0.03144	0.01070	0.01585	0.05596	0.01053	0.01859	0.01265	0.01443	0.00855	0.00987	0.00786	0.00528	0.00400	0.00132	0.00674	0.00330	0.00264	0.00782
14	0.01637	0.78856	0.03208	0.01047	0.01571	0.02422	0.01047	0.01833	0.01244	0.01440	0.00851	0.00982	0.00786	0.00524	0.00393	0.00131	0.00655	0.00327	0.00262	0.00786
15	0.01469	0.01456	0.04387	0.08080	0.66157	0.01425	0.01851	0.01842	0.01381	0.01966	0.01210	0.01682	0.01033	0.00586	0.00613	0.00187	0.00732	0.02696	0.00308	0.00938
16	0.00874	0.00656	0.00984	0.00984	0.01093	0.00765	0.00765	0.01093	0.00984	0.01421	0.01640	0.02405	0.01530	0.04591	0.76062	0.00984	0.01640	0.00656	0.00328	0.00547
17	0.01818	0.02149	0.08768	0.01549	0.03552	0.31319	0.03123	0.08573	0.18509	0.02021	0.01473	0.04786	0.01212	0.00772	0.00722	0.00191	0.07667	0.00566	0.00414	0.00815
18	0.00746	0.00533	0.00710	0.00852	0.00888	0.00497	0.00568	0.00852	0.01172	0.01563	0.03374	0.78088	0.04049	0.01918	0.00781	0.00249	0.00355	0.01740	0.00568	0.00497
19	0.01159	0.05743	0.01246	0.01005	0.01259	0.01041	0.03180	0.03431	0.23877	0.02375	0.38224	0.05514	0.07332	0.01072	0.00670	0.00196	0.00409	0.00931	0.00611	0.00725
20	0.00753	0.00543	0.00707	0.00830	0.00878	0.00504	0.00556	0.00866	0.01197	0.01588	0.05989	0.68937	0.08289	0.04176	0.00846	0.00254	0.00357	0.01665	0.00566	0.00497
21	0.01854	0.01358	0.01682	0.01319	0.01728	0.01430	0.07828	0.37988	0.06989	0.08905	0.16239	0.02424	0.05726	0.00865	0.00651	0.00191	0.00589	0.00729	0.00606	0.00898
22	0.00871	0.00608	0.00773	0.00799	0.00917	0.00572	0.00595	0.01097	0.01467	0.02054	0.35488	0.20646	0.09260	0.05078	0.00837	0.00231	0.00353	0.09838	0.07972	0.00544
23	0.01381	0.01279	0.01991	0.28778	0.35021	0.03316	0.01587	0.05826	0.01419	0.01919	0.05431	0.01874	0.01272	0.05453	0.00769	0.00215	0.00731	0.00595	0.00336	0.00806
24	0.01808	0.56499	0.02785	0.01162	0.01656	0.08866	0.01077	0.13936	0.03904	0.01891	0.01017	0.01118	0.00864	0.00579	0.00452	0.00145	0.00692	0.00383	0.00338	0.00828
25	0.25040	0.01521	0.09330	0.01174	0.01645	0.01439	0.01046	0.20280	0.13568	0.12838	0.03076	0.01593	0.01202	0.00692	0.00542	0.00189	0.00575	0.00516	0.00523	0.03211

[dist]
# distance from previous block
# <min> <max>
2	4

[block]
# block no. 3 follows, 37 sequences, length 43
# corresponding to MSA columns:
# 225-267
name=unknown_D
#
# <colnr> <probs for GDERKNQSTAVLIFYWHMCP>
#	G	D	E	R	K	N	Q	S	T	A	V	L	I	F	Y	W	H	M	C	P
0	0.01103	0.00915	0.01180	0.06126	0.04092	0.00947	0.04104	0.07352	0.08962	0.02033	0.13362	0.09371	0.24434	0.06933	0.00921	0.00235	0.03705	0.00992	0.02581	0.00654
1	0.01466	0.01537	0.01818	0.48039	0.09163	0.18625	0.01530	0.04013	0.01406	0.01657	0.01169	0.04713	0.00965	0.00670	0.00605	0.00193	0.00852	0.00560	0.00308	0.00714
2	0.01299	0.02984	0.66455	0.01788	0.02651	0.01455	0.07258	0.05499	0.01383	0.02037	0.01127	0.01327	0.00800	0.00585	0.00593	0.00194	0.00902	0.00477	0.00280	0.00906
3	0.05022	0.01164	0.01500	0.01275	0.03813	0.01167	0.04901	0.07516	0.21140	0.33846	0.03956	0.06784	0.03406	0.00849	0.00629	0.00199	0.00534	0.00720	0.00641	0.00938
4	0.01883	0.01476	0.01635	0.01330	0.01742	0.01643	0.03036	0.38751	0.29592	0.03203	0.07516	0.02025	0.01720	0.00805	0.00628	0.00194	0.00582	0.00653	0.00613	0.00972
5	0.01327	0.00956	0.01096	0.00960	0.01200	0.00983	0.00737	0.21953	0.04180	0.03796	0.29211	0.11736	0.09293	0.06171	0.00838	0.00222	0.00439	0.00979	0.03219	0.00705
6	0.01414	0.01289	0.01356	0.01376	0.08223	0.09058	0.00969	0.04000	0.32969	0.02265	0.14071	0.02742	0.06692	0.01033	0.03058	0.00222	0.02582	0.02257	0.03618	0.00807
7	0.01494	0.01467	0.02388	0.07206	0.63265	0.04282	0.04023	0.01849	0.01400	0.01944	0.01334	0.01675	0.03737	0.00589	0.00612	0.00184	0.00740	0.00573	0.00312	0.00923
8	0.02287	0.01691	0.01816	0.01389	0.01881	0.01857	0.01147	0.69934	0.02817	0.03787	0.01455	0.01462	0.01036	0.00724	0.00606	0.00180	0.00665	0.00544	0.00603	0.04118
9	0.00919	0.00609	0.00730	0.00702	0.00832	0.00574	0.00510	0.01160	0.01500	0.02193	0.44197	0.04095	0.09336	0.11283	0.00972	0.00235	0.00329	0.00975	0.18304	0.00545
10	0.02731	0.01067	0.01436	0.01101	0.01575	0.00937	0.00910	0.05616	0.01795	0.72400	0.02379	0.02060	0.01497	0.00757	0.00615	0.00189	0.00527	0.00613	0.00752	0.01042
11	0.02021	0.02192	0.01743	0.03849	0.07551	0.45143	0.03858	0.04312	0.01613	0.07407	0.01200	0.01437	0.00968	0.02789	0.00722	0.00184	0.05638	0.00480	0.06147	0.00748
12	0.00887	0.00606	0.00731	0.00731	0.00753	0.00628	0.00450	0.00931	0.00909	0.01234	0.01871	0.03686	0.02086	0.63709	0.17704	0.00672	0.00803	0.00843	0.00362	0.00406
13	0.00756	0.00616	0.00637	0.00635	0.00808	0.00531	0.00457	0.00895	0.01338	0.01626	0.09089	0.05543	0.60155	0.12956	0.01078	0.00263	0.00351	0.01223	0.00545	0.00498
14	0.01637	0.78856	0.03208	0.01047	0.01571	0.02422	0.01047	0.01833	0.01244	0.01440	0.00851	0.00982	0.00786	0.00524	0.00393	0.00131	0.00655	0.00327	0.00262	0.00786
15	0.01445	0.01491	0.17328	0.01201	0.01628	0.02994	0.03353	0.08247	0.08809	0.12240	0.28148	0.02890	0.05760	0.00924	0.00653	0.00193	0.00553	0.00784	0.00559	0.00800
16	0.02187	0.09954	0.04587	0.01534	0.01891	0.66464	0.01210	0.02369	0.01673	0.01509	0.00943	0.01100	0.00788	0.00619	0.00538	0.00157	0.01055	0.00390	0.00308	0.00724
17	0.82811	0.01184	0.00900	0.00805	0.01184	0.01373	0.00663	0.01799	0.01042	0.02746	0.00852	0.00994	0.00663	0.00568	0.00379	0.00189	0.00474	0.00331	0.00379	0.00663
18	0.01078	0.00980	0.04767	0.00944	0.01203	0.00919	0.00766	0.04191	0.21319	0.02191	0.23344	0.05320	0.21910	0.03454	0.04643	0.00253	0.00472	0.00972	0.00581	0.00693
19	0.00849	0.00619	0.00801	0.00788	0.00924	0.00571	0.00590	0.01107	0.01628	0.02265	0.57844	0.13339	0.10100	0.01372	0.00735	0.00205	0.00312	0.04742	0.00649	0.00563
20	0.00853	0.00658	0.00729	0.00759	0.00891	0.02819	0.00546	0.01038	0.01407	0.01880	0.21960	0.29004	0.24724	0.01491	0.00710	0.00210	0.00341	0.01299	0.08146	0.00537
21	0.01396	0.16678	0.03871	0.01371	0.01778	0.07116	0.12881	0.03069	0.01281	0.01723	0.01187	0.03407	0.01051	0.01283	0.13230	0.00296	0.07985	0.00524	0.00323	0.19551
22	0.04888	0.28745	0.23632	0.04360	0.04042	0.14519	0.01470	0.06758	0.01441	0.01832	0.00997	0.01174	0.00802	0.00591	0.00539	0.00167	0.02515	0.00409	0.00300	0.00818
23	0.00896	0.00645	0.00907	0.00941	0.01045	0.00610	0.03966	0.01035	0.01233	0.05347	0.03475	0.60002	0.11799	0.01725	0.00800	0.00239	0.02682	0.01547	0.00557	0.00548
24	0.00816	0.00611	0.00757	0.00748	0.00891	0.00552	0.00551	0.01048	0.01573	0.02141	0.48387	0.15784	0.21056	0.01418	0.00731	0.00204	0.00303	0.01243	0.00634	0.00552
25	0.01645	0.02293	0.44717	0.01464	0.02160	0.01241	0.01683	0.07024	0.01536	0.20433	0.04726	0.03703	0.03175	0.00723	0.00607	0.00194	0.00737	0.00582	0.00442	0.00914
26	0.02221	0.01758	0.01525	0.01256	0.01671	0.27027	0.00988	0.09569	0.03795	0.26815	0.04336	0.01661	0.01296	0.00687	0.00573	0.00164	0.00719	0.00516	0.00524	0.12898
27	0.01252	0.08523	0.50074	0.01478	0.02171	0.01336	0.01766	0.01876	0.04706	0.04046	0.12289	0.02045	0.01706	0.00737	0.00601	0.00193	0.00749	0.03249	0.00364	0.00840
28	0.00822	0.00615	0.00763	0.00745	0.00892	0.00555	0.00552	0.01061	0.01598	0.02182	0.51629	0.12674	0.20883	0.01389	0.00729	0.00202	0.00301	0.01215	0.00639	0.00555
29	0.01893	0.04641	0.01627	0.01437	0.06097	0.17994	0.01073	0.16622	0.22736	0.08164	0.01841	0.01927	0.02801	0.00871	0.02795	0.00208	0.00709	0.02166	0.03518	0.00879
30	0.03361	0.04571	0.02097	0.32430	0.29594	0.09809	0.01627	0.05940	0.01437	0.01873	0.01103	0.01480	0.00878	0.00592	0.00589	0.00186	0.00793	0.00515	0.00310	0.00815
31	0.00796	0.00575	0.00762	0.00885	0.00957	0.00542	0.00641	0.00948	0.01260	0.01665	0.07159	0.56259	0.08600	0.01817	0.00787	0.00249	0.00388	0.14624	0.00573	0.00515
32	0.01107	0.00995	0.01394	0.01263	0.01304	0.01300	0.01010	0.01260	0.00993	0.01478	0.04149	0.06960	0.01538	0.08428	0.24173	0.00505	0.40520	0.00700	0.00329	0.00594
33	0.02012	0.20173	0.02129	0.01476	0.01832	0.50274	0.04140	0.02195	0.01551	0.01500	0.00958	0.01158	0.00823	0.00770	0.03478	0.00190	0.03909	0.00408	0.00302	0.00724
34	0.05617	0.01640	0.01773	0.01379	0.01834	0.01833	0.01138	0.61784	0.04771	0.05895	0.01470	0.01487	0.01053	0.00749	0.00674	0.00189	0.04574	0.00547	0.00590	0.01004
35	0.00756	0.00543	0.00714	0.00847	0.00891	0.00507	0.00572	0.00867	0.01181	0.01565	0.03445	0.71105	0.06795	0.03905	0.00842	0.00257	0.00366	0.03785	0.00563	0.00497
36	0.01623	0.01357	0.01413	0.01246	0.01541	0.10613	0.03916	0.18732	0.17358	0.06421	0.02284	0.26417	0.02183	0.01117	0.00666	0.00208	0.00590	0.00957	0.00558	0.00799
37	0.04774	0.03552	0.01632	0.04348	0.04454	0.06719	0.01060	0.29592	0.04791	0.23768	0.01915	0.05528	0.03492	0.00797	0.00607	0.00188	0.00627	0.00631	0.00588	0.00936
38	0.03297	0.18168	0.36640	0.01678	0.02375	0.06843	0.14219	0.02017	0.01363	0.06282	0.01137	0.01321	0.00848	0.00572	0.00563	0.00180	0.00857	0.00478	0.00305	0.00856
39	0.01314	0.01374	0.06572	0.39235	0.32207	0.01428	0.01787	0.01708	0.01282	0.01757	0.01099	0.01549	0.00874	0.00607	0.00679	0.00198	0.04698	0.00539	0.00283	0.00809
40	0.01515	0.01454	0.02485	0.03757	0.74669	0.01454	0.01879	0.01879	0.01394	0.02000	0.01151	0.01515	0.00970	0.00545	0.00606	0.00182	0.00727	0.00545	0.00303	0.00970
41	0.01543	0.38420	0.26428	0.01496	0.06401	0.08062	0.01500	0.02008	0.05771	0.01711	0.01059	0.01206	0.00861	0.00572	0.00495	0.00161	0.00767	0.00409	0.00290	0.00841
42	0.01568	0.06226	0.04043	0.05535	0.62083	0.03752	0.01779	0.01920	0.01399	0.04239	0.01164	0.01487	0.00961	0.00556	0.00591	0.00179	0.00734	0.00528	0.00313	0.00943

[dist]
# distance from previous block
# <min> <max>
0	6

# created by:
# /home/cegg/simao/soft/augustus-3.2.1/scripts/msa2prfl.pl ./align_prep/EOG090W0FRZ.fa
