[name]
unknown

[dist]
# distance from previous block
# <min> <max>
12	144

[block]
# block no. 0 follows, 28 sequences, length 9
# corresponding to MSA columns:
# 202-210
name=unknown_A
#
# <colnr> <probs for GDERKNQSTAVLIFYWHMCP>
#	G	D	E	R	K	N	Q	S	T	A	V	L	I	F	Y	W	H	M	C	P
0	0.01331	0.01263	0.01880	0.30585	0.07298	0.01540	0.01545	0.01647	0.01423	0.01887	0.02728	0.03103	0.18223	0.01153	0.01220	0.00262	0.20854	0.00866	0.00412	0.00777
1	0.01775	0.01075	0.01607	0.01957	0.18576	0.01009	0.01175	0.02021	0.01649	0.21032	0.03027	0.35985	0.03054	0.01485	0.00821	0.00256	0.00587	0.01339	0.00658	0.00911
2	0.01621	0.19833	0.02616	0.02668	0.33703	0.01727	0.01554	0.01979	0.01722	0.02358	0.20213	0.02649	0.02682	0.00874	0.00694	0.00204	0.00697	0.00768	0.00470	0.00967
3	0.01129	0.01003	0.01369	0.01801	0.20141	0.00924	0.01034	0.01383	0.01649	0.02105	0.07771	0.11083	0.42819	0.01532	0.00826	0.00241	0.00509	0.01324	0.00592	0.00764
4	0.38707	0.01662	0.01850	0.02036	0.18853	0.01828	0.01315	0.20316	0.01948	0.03405	0.01305	0.01493	0.01003	0.00723	0.00595	0.00221	0.00704	0.00530	0.00504	0.01003
5	0.02485	0.01690	0.01601	0.01348	0.01755	0.18709	0.01058	0.05206	0.02120	0.31928	0.20906	0.02975	0.02967	0.01024	0.00747	0.00216	0.00723	0.00824	0.00734	0.00985
6	0.01802	0.01884	0.02202	0.05486	0.31395	0.19032	0.01648	0.02126	0.01614	0.02015	0.01464	0.01975	0.01275	0.02011	0.20385	0.00474	0.01281	0.00639	0.00370	0.00921
7	0.01910	0.01524	0.01953	0.02172	0.18885	0.01618	0.01377	0.26695	0.08495	0.03126	0.02392	0.21914	0.02299	0.01217	0.00782	0.00242	0.00690	0.01061	0.00621	0.01028
8	0.01334	0.01140	0.01777	0.06635	0.29570	0.01148	0.01336	0.01575	0.01420	0.01957	0.02328	0.22600	0.02531	0.19646	0.01527	0.00362	0.00707	0.01145	0.00465	0.00797

[dist]
# distance from previous block
# <min> <max>
0	6

[block]
# block no. 1 follows, 28 sequences, length 11
# corresponding to MSA columns:
# 217-227
name=unknown_B
#
# <colnr> <probs for GDERKNQSTAVLIFYWHMCP>
#	G	D	E	R	K	N	Q	S	T	A	V	L	I	F	Y	W	H	M	C	P
0	0.01821	0.01751	0.06048	0.04008	0.59905	0.01642	0.02107	0.02244	0.01642	0.05786	0.01485	0.01963	0.01245	0.04221	0.00862	0.00241	0.00854	0.00666	0.00389	0.01118
1	0.01943	0.74891	0.03809	0.01244	0.01866	0.02876	0.01244	0.02177	0.01477	0.01710	0.01011	0.01166	0.00933	0.00622	0.00466	0.00155	0.00777	0.00389	0.00311	0.00933
2	0.01507	0.01292	0.01507	0.01077	0.01723	0.00969	0.00861	0.01830	0.01507	0.02369	0.01292	0.01507	0.01077	0.00538	0.00538	0.00108	0.00538	0.00431	0.00431	0.78898
3	0.01590	0.01590	0.02226	0.01908	0.01908	0.02226	0.01590	0.01749	0.01113	0.01749	0.00954	0.01590	0.00954	0.01272	0.02385	0.00318	0.73123	0.00636	0.00318	0.00795
4	0.00945	0.00740	0.00855	0.00826	0.01034	0.00650	0.00620	0.01209	0.01859	0.02445	0.38793	0.06204	0.37895	0.01662	0.00858	0.00237	0.00355	0.01423	0.00738	0.00650
5	0.01515	0.01438	0.02438	0.49881	0.26718	0.01652	0.02090	0.01982	0.01521	0.02030	0.01317	0.01892	0.01030	0.00700	0.00724	0.00233	0.00934	0.00647	0.00335	0.00923
6	0.00946	0.00740	0.00857	0.00827	0.01035	0.00651	0.00621	0.01211	0.01862	0.02450	0.39123	0.06196	0.37562	0.01660	0.00858	0.00237	0.00355	0.01422	0.00739	0.00651
7	0.02327	0.01082	0.01397	0.01147	0.01560	0.00971	0.00918	0.06219	0.02065	0.40010	0.18006	0.06850	0.11842	0.01210	0.00784	0.00231	0.00527	0.01018	0.00829	0.01007
8	0.79588	0.01406	0.01068	0.00956	0.01406	0.01631	0.00787	0.02137	0.01237	0.03261	0.01012	0.01181	0.00787	0.00675	0.00450	0.00225	0.00562	0.00394	0.00450	0.00787
9	0.01435	0.01354	0.02317	0.46609	0.19155	0.01545	0.05051	0.01877	0.01505	0.01996	0.01598	0.09345	0.01413	0.00864	0.00752	0.00242	0.00901	0.00803	0.00370	0.00871
10	0.01705	0.01323	0.04188	0.03949	0.06402	0.01124	0.04229	0.06106	0.01791	0.11550	0.10348	0.09269	0.02438	0.01003	0.00721	0.00200	0.00628	0.05074	0.00579	0.27371

[dist]
# distance from previous block
# <min> <max>
0	1

[block]
# block no. 2 follows, 28 sequences, length 17
# corresponding to MSA columns:
# 229-245
name=unknown_C
#
# <colnr> <probs for GDERKNQSTAVLIFYWHMCP>
#	G	D	E	R	K	N	Q	S	T	A	V	L	I	F	Y	W	H	M	C	P
0	0.01727	0.22800	0.37231	0.01850	0.02701	0.01977	0.08642	0.02375	0.03895	0.05810	0.01381	0.01567	0.01040	0.00680	0.00645	0.00207	0.00949	0.00546	0.00365	0.03612
1	0.01947	0.55369	0.08471	0.01645	0.05689	0.08089	0.05865	0.02256	0.01553	0.01835	0.01090	0.01291	0.00955	0.00638	0.00537	0.00173	0.00876	0.00451	0.00322	0.00951
2	0.01012	0.00742	0.00948	0.00896	0.01075	0.00679	0.00672	0.01338	0.02017	0.02818	0.63230	0.05589	0.13225	0.01522	0.00858	0.00230	0.00345	0.01337	0.00787	0.00679
3	0.03674	0.01492	0.02631	0.16658	0.21245	0.01523	0.17918	0.04452	0.01662	0.05848	0.01906	0.14054	0.01747	0.00952	0.00784	0.00243	0.00877	0.00937	0.00452	0.00945
4	0.01773	0.01408	0.05778	0.22302	0.09222	0.01386	0.01522	0.05062	0.09948	0.13826	0.08924	0.06316	0.02309	0.01034	0.00771	0.00244	0.00739	0.05900	0.00582	0.00954
5	0.03078	0.01197	0.01628	0.01262	0.01792	0.01037	0.01037	0.03364	0.02079	0.64881	0.08341	0.02717	0.02215	0.00948	0.00741	0.00225	0.00596	0.00779	0.00892	0.01192
6	0.01733	0.01659	0.02830	0.15104	0.59797	0.01710	0.02198	0.02173	0.01624	0.02294	0.01356	0.01821	0.01123	0.00660	0.00721	0.00220	0.00880	0.00647	0.00354	0.01098
7	0.01798	0.38249	0.34160	0.01624	0.02449	0.02231	0.01891	0.02312	0.01538	0.05927	0.01251	0.01409	0.00977	0.00669	0.00584	0.00194	0.00904	0.00476	0.00343	0.01015
8	0.01625	0.01551	0.02582	0.21751	0.34447	0.01674	0.07102	0.02223	0.08363	0.02251	0.01640	0.05720	0.01392	0.00810	0.00810	0.00236	0.03659	0.00756	0.00404	0.01004
9	0.00922	0.00739	0.00824	0.00803	0.01021	0.00641	0.00602	0.01166	0.01806	0.02319	0.30568	0.06411	0.46199	0.01708	0.00858	0.00239	0.00359	0.01452	0.00722	0.00641
10	0.01187	0.00882	0.01195	0.01377	0.04605	0.00884	0.01042	0.04076	0.04302	0.02236	0.06319	0.29496	0.04165	0.01928	0.00938	0.00303	0.00583	0.33106	0.00667	0.00708
11	0.08291	0.05097	0.10673	0.01785	0.02434	0.01672	0.14251	0.15006	0.05119	0.25378	0.01977	0.01979	0.01356	0.00788	0.00718	0.00226	0.00827	0.00682	0.00625	0.01116
12	0.01830	0.01209	0.01430	0.07352	0.01814	0.03595	0.01008	0.12291	0.04445	0.16314	0.22935	0.07178	0.13065	0.01253	0.00793	0.00232	0.00573	0.01057	0.00726	0.00899
13	0.00886	0.00633	0.00843	0.01012	0.01054	0.00590	0.00675	0.01012	0.01392	0.01856	0.04006	0.73979	0.04808	0.02277	0.00928	0.00295	0.00422	0.02066	0.00675	0.00590
14	0.09778	0.64078	0.03411	0.01211	0.01793	0.02661	0.01182	0.02133	0.01439	0.01867	0.01053	0.01244	0.00958	0.00846	0.03688	0.00208	0.00809	0.00407	0.00329	0.00905
15	0.02116	0.01522	0.01668	0.01402	0.01849	0.01653	0.01117	0.21107	0.31462	0.11845	0.06881	0.03004	0.08996	0.01059	0.00754	0.00235	0.00609	0.00864	0.00753	0.01104
16	0.01466	0.01387	0.02349	0.57769	0.19215	0.01640	0.02065	0.01939	0.01498	0.01971	0.01308	0.01908	0.01009	0.00709	0.00725	0.00236	0.00946	0.00646	0.00331	0.00883

[dist]
# distance from previous block
# <min> <max>
1	25

[block]
# block no. 3 follows, 28 sequences, length 86
# corresponding to MSA columns:
# 271-356
name=unknown_D
#
# <colnr> <probs for GDERKNQSTAVLIFYWHMCP>
#	G	D	E	R	K	N	Q	S	T	A	V	L	I	F	Y	W	H	M	C	P
0	0.02412	0.06634	0.02157	0.01959	0.08014	0.39487	0.01417	0.11434	0.12831	0.02409	0.01590	0.01818	0.01290	0.00822	0.00683	0.00206	0.01040	0.02344	0.00483	0.00971
1	0.01384	0.01330	0.02311	0.64067	0.04756	0.01598	0.07621	0.01869	0.01484	0.01902	0.01527	0.02123	0.03465	0.00757	0.00743	0.00243	0.00969	0.00696	0.00340	0.00815
2	0.01029	0.00743	0.00972	0.00914	0.01086	0.00686	0.00686	0.01372	0.02058	0.02915	0.69536	0.05430	0.06859	0.01486	0.00857	0.00229	0.00343	0.01315	0.00800	0.00686
3	0.01620	0.01539	0.01407	0.01292	0.01646	0.10229	0.00992	0.02843	0.38881	0.02538	0.04130	0.03900	0.23528	0.01229	0.00767	0.00239	0.00602	0.01004	0.00673	0.00941
4	0.01171	0.00837	0.01171	0.01339	0.01506	0.00837	0.01171	0.01506	0.01673	0.02175	0.03849	0.08199	0.04183	0.02008	0.01004	0.00335	0.00669	0.65027	0.00669	0.00669
5	0.01799	0.01727	0.02950	0.04462	0.69919	0.01727	0.02231	0.02231	0.01655	0.02375	0.01367	0.01799	0.01151	0.00648	0.00720	0.00216	0.00864	0.00648	0.00360	0.01151
6	0.01000	0.00732	0.00963	0.01106	0.01230	0.00695	0.00861	0.01220	0.01547	0.02004	0.04441	0.36874	0.14203	0.02101	0.00949	0.00304	0.00516	0.27954	0.00673	0.00626
7	0.02036	0.66308	0.03599	0.01319	0.01912	0.11127	0.01263	0.02264	0.01547	0.01718	0.01024	0.01183	0.00933	0.00637	0.00489	0.00159	0.00841	0.00398	0.00319	0.00922
8	0.01019	0.00743	0.00958	0.00904	0.01080	0.00682	0.00678	0.01353	0.02034	0.02860	0.65948	0.05520	0.10481	0.01507	0.00857	0.00230	0.00344	0.01327	0.00793	0.00682
9	0.02763	0.02036	0.02182	0.01672	0.02254	0.02254	0.01382	0.67496	0.03418	0.04581	0.01745	0.01745	0.01236	0.00873	0.00727	0.00218	0.00800	0.00654	0.00727	0.01236
10	0.01038	0.00779	0.01168	0.01168	0.01298	0.00909	0.00909	0.01298	0.01168	0.01687	0.01947	0.02856	0.01817	0.05452	0.71573	0.01168	0.01947	0.00779	0.00389	0.00649
11	0.01808	0.01561	0.01644	0.01479	0.01890	0.01808	0.01151	0.03863	0.68606	0.03041	0.02959	0.02712	0.02219	0.00986	0.00740	0.00247	0.00575	0.00822	0.00740	0.01151
12	0.01913	0.68539	0.03672	0.01301	0.01869	0.02820	0.01274	0.02140	0.01445	0.01714	0.01006	0.01203	0.00935	0.00678	0.00633	0.00170	0.07046	0.00410	0.00312	0.00921
13	0.01590	0.01590	0.02226	0.01908	0.01908	0.02226	0.01590	0.01749	0.01113	0.01749	0.00954	0.01590	0.00954	0.01272	0.02385	0.00318	0.73123	0.00636	0.00318	0.00795
14	0.02763	0.02036	0.02182	0.01672	0.02254	0.02254	0.01382	0.67496	0.03418	0.04581	0.01745	0.01745	0.01236	0.00873	0.00727	0.00218	0.00800	0.00654	0.00727	0.01236
15	0.01416	0.01325	0.01854	0.01637	0.01666	0.01787	0.01329	0.01583	0.01120	0.01703	0.01303	0.02173	0.01307	0.09137	0.17997	0.00545	0.50334	0.00708	0.00346	0.00729
16	0.00859	0.00736	0.00736	0.00736	0.00982	0.00614	0.00552	0.01043	0.01657	0.01964	0.07364	0.06996	0.69624	0.01841	0.00859	0.00245	0.00368	0.01534	0.00675	0.00614
17	0.00859	0.00736	0.00736	0.00736	0.00982	0.00614	0.00552	0.01043	0.01657	0.01964	0.07364	0.06996	0.69624	0.01841	0.00859	0.00245	0.00368	0.01534	0.00675	0.00614
18	0.79588	0.01406	0.01068	0.00956	0.01406	0.01631	0.00787	0.02137	0.01237	0.03261	0.01012	0.01181	0.00787	0.00675	0.00450	0.00225	0.00562	0.00394	0.00450	0.00787
19	0.01595	0.01725	0.08505	0.32218	0.37535	0.01678	0.02183	0.02084	0.01562	0.02156	0.01331	0.01833	0.01057	0.00684	0.00720	0.00228	0.00925	0.00637	0.00340	0.01004
20	0.79588	0.01406	0.01068	0.00956	0.01406	0.01631	0.00787	0.02137	0.01237	0.03261	0.01012	0.01181	0.00787	0.00675	0.00450	0.00225	0.00562	0.00394	0.00450	0.00787
21	0.79588	0.01406	0.01068	0.00956	0.01406	0.01631	0.00787	0.02137	0.01237	0.03261	0.01012	0.01181	0.00787	0.00675	0.00450	0.00225	0.00562	0.00394	0.00450	0.00787
22	0.01640	0.01804	0.01596	0.01511	0.01737	0.27156	0.06719	0.01831	0.01669	0.01868	0.02712	0.40638	0.03043	0.01563	0.00820	0.00251	0.00823	0.01366	0.00536	0.00718
23	0.02152	0.02195	0.01807	0.01616	0.02025	0.24044	0.01245	0.07229	0.43647	0.02728	0.02304	0.02210	0.01754	0.00904	0.00712	0.00226	0.00823	0.00700	0.00623	0.01057
24	0.00859	0.00736	0.00736	0.00736	0.00982	0.00614	0.00552	0.01043	0.01657	0.01964	0.07364	0.06996	0.69624	0.01841	0.00859	0.00245	0.00368	0.01534	0.00675	0.00614
25	0.01784	0.01697	0.02809	0.06737	0.61615	0.01730	0.02129	0.02358	0.07449	0.02413	0.01502	0.01883	0.01237	0.00680	0.00722	0.00220	0.00842	0.00663	0.00391	0.01139
26	0.01572	0.01578	0.02382	0.52640	0.15228	0.07701	0.04697	0.02028	0.01550	0.01954	0.01297	0.01862	0.01001	0.00711	0.00725	0.00233	0.00992	0.00640	0.00335	0.00873
27	0.00975	0.00741	0.00897	0.00858	0.01053	0.00663	0.00643	0.01267	0.01930	0.02612	0.49732	0.05929	0.26851	0.01599	0.00858	0.00234	0.00351	0.01385	0.00760	0.00663
28	0.01189	0.00876	0.01259	0.07523	0.01809	0.00904	0.01245	0.01536	0.01654	0.02148	0.03627	0.07657	0.03905	0.01897	0.00980	0.00327	0.00695	0.59448	0.00639	0.00681
29	0.01564	0.14840	0.54235	0.02148	0.08730	0.01880	0.02418	0.02276	0.01536	0.02215	0.01263	0.01499	0.00943	0.00676	0.00658	0.00217	0.01009	0.00523	0.00312	0.01059
30	0.01659	0.26861	0.39198	0.01853	0.02714	0.02098	0.07726	0.02348	0.05181	0.02150	0.01312	0.01515	0.01011	0.00677	0.00634	0.00208	0.00963	0.00532	0.00337	0.01024
31	0.01808	0.01561	0.01644	0.01479	0.01890	0.01808	0.01151	0.03863	0.68606	0.03041	0.02959	0.02712	0.02219	0.00986	0.00740	0.00247	0.00575	0.00822	0.00740	0.01151
32	0.40678	0.01563	0.01810	0.04392	0.02041	0.03740	0.09075	0.06629	0.01587	0.13141	0.01406	0.01582	0.01036	0.00775	0.00761	0.00235	0.07579	0.00554	0.00506	0.00911
33	0.01499	0.00959	0.00985	0.00933	0.01179	0.01038	0.00713	0.02385	0.22892	0.02815	0.02558	0.02711	0.01976	0.00891	0.00582	0.00194	0.00414	0.00723	0.53724	0.00828
34	0.01590	0.01590	0.02226	0.01908	0.01908	0.02226	0.01590	0.01749	0.01113	0.01749	0.00954	0.01590	0.00954	0.01272	0.02385	0.00318	0.73123	0.00636	0.00318	0.00795
35	0.00869	0.00737	0.00750	0.00747	0.00988	0.00618	0.00560	0.01062	0.01680	0.02019	0.10952	0.06905	0.66002	0.01820	0.00859	0.00244	0.00367	0.01521	0.00682	0.00618
36	0.01590	0.01590	0.02226	0.01908	0.01908	0.02226	0.01590	0.01749	0.01113	0.01749	0.00954	0.01590	0.00954	0.01272	0.02385	0.00318	0.73123	0.00636	0.00318	0.00795
37	0.01057	0.00705	0.00793	0.00793	0.00793	0.00705	0.00440	0.01057	0.01057	0.01409	0.02290	0.04757	0.02643	0.74454	0.03700	0.00705	0.00705	0.01057	0.00440	0.00440
38	0.01507	0.01292	0.01507	0.01077	0.01723	0.00969	0.00861	0.01830	0.01507	0.02369	0.01292	0.01507	0.01077	0.00538	0.00538	0.00108	0.00538	0.00431	0.00431	0.78898
39	0.01943	0.74891	0.03809	0.01244	0.01866	0.02876	0.01244	0.02177	0.01477	0.01710	0.01011	0.01166	0.00933	0.00622	0.00466	0.00155	0.00777	0.00389	0.00311	0.00933
40	0.02763	0.02036	0.02182	0.01672	0.02254	0.02254	0.01382	0.67496	0.03418	0.04581	0.01745	0.01745	0.01236	0.00873	0.00727	0.00218	0.00800	0.00654	0.00727	0.01236
41	0.02715	0.03464	0.02060	0.01873	0.02247	0.71536	0.01404	0.02903	0.02060	0.01779	0.01124	0.01311	0.00936	0.00749	0.00655	0.00187	0.01311	0.00468	0.00375	0.00843
42	0.01373	0.01292	0.02180	0.72707	0.05006	0.01615	0.02019	0.01857	0.01453	0.01857	0.01292	0.01938	0.00969	0.00727	0.00727	0.00242	0.00969	0.00646	0.00323	0.00807
43	0.02685	0.02127	0.02129	0.01675	0.02226	0.08393	0.01366	0.56834	0.08324	0.04213	0.01783	0.01781	0.01285	0.00870	0.00722	0.00218	0.00828	0.00651	0.00697	0.01195
44	0.09385	0.03046	0.01994	0.01760	0.02175	0.53819	0.01347	0.13706	0.02217	0.02379	0.01219	0.01373	0.00974	0.00763	0.00650	0.00196	0.01160	0.00493	0.00440	0.00904
45	0.01740	0.01497	0.01736	0.01406	0.01809	0.05244	0.01130	0.02223	0.10058	0.07177	0.01614	0.04229	0.01363	0.00888	0.01089	0.00201	0.19891	0.00615	0.00480	0.35609
46	0.01690	0.01813	0.08213	0.01895	0.02395	0.04074	0.16921	0.02951	0.33847	0.02643	0.05174	0.02964	0.02132	0.00986	0.00838	0.00252	0.02941	0.06666	0.00585	0.01020
47	0.01518	0.07962	0.60574	0.01969	0.02958	0.01772	0.02464	0.02430	0.07343	0.02329	0.01430	0.01614	0.01034	0.00712	0.00681	0.00227	0.01013	0.00553	0.00345	0.01072
48	0.01799	0.01727	0.02950	0.04462	0.69919	0.01727	0.02231	0.02231	0.01655	0.02375	0.01367	0.01799	0.01151	0.00648	0.00720	0.00216	0.00864	0.00648	0.00360	0.01151
49	0.02763	0.02036	0.02182	0.01672	0.02254	0.02254	0.01382	0.67496	0.03418	0.04581	0.01745	0.01745	0.01236	0.00873	0.00727	0.00218	0.00800	0.00654	0.00727	0.01236
50	0.02715	0.03464	0.02060	0.01873	0.02247	0.71536	0.01404	0.02903	0.02060	0.01779	0.01124	0.01311	0.00936	0.00749	0.00655	0.00187	0.01311	0.00468	0.00375	0.00843
51	0.01716	0.01961	0.04289	0.03064	0.03799	0.01838	0.67279	0.02328	0.01716	0.02328	0.01471	0.01961	0.01103	0.00613	0.00858	0.00245	0.01225	0.00858	0.00368	0.00980
52	0.01029	0.00743	0.00972	0.00914	0.01086	0.00686	0.00686	0.01372	0.02058	0.02915	0.69536	0.05430	0.06859	0.01486	0.00857	0.00229	0.00343	0.01315	0.00800	0.00686
53	0.02763	0.02036	0.02182	0.01672	0.02254	0.02254	0.01382	0.67496	0.03418	0.04581	0.01745	0.01745	0.01236	0.00873	0.00727	0.00218	0.00800	0.00654	0.00727	0.01236
54	0.00877	0.00710	0.00782	0.00835	0.01021	0.00615	0.00608	0.01050	0.01582	0.01940	0.06289	0.26061	0.48957	0.01971	0.00884	0.00263	0.00394	0.03877	0.00675	0.00609
55	0.02499	0.01133	0.01390	0.01135	0.01560	0.01076	0.00915	0.06672	0.07745	0.39216	0.02653	0.02528	0.01824	0.00889	0.00661	0.00209	0.00536	0.00717	0.25590	0.01051
56	0.79588	0.01406	0.01068	0.00956	0.01406	0.01631	0.00787	0.02137	0.01237	0.03261	0.01012	0.01181	0.00787	0.00675	0.00450	0.00225	0.00562	0.00394	0.00450	0.00787
57	0.01979	0.18849	0.21479	0.01564	0.02233	0.02022	0.01602	0.23040	0.05788	0.02990	0.03910	0.01818	0.01381	0.00790	0.00644	0.00205	0.00803	0.00595	0.07257	0.01050
58	0.00977	0.00722	0.00931	0.01051	0.01179	0.00676	0.00802	0.01193	0.01576	0.02049	0.09309	0.36311	0.17198	0.02055	0.00933	0.00293	0.00481	0.20955	0.00682	0.00626
59	0.01477	0.05963	0.63567	0.02042	0.03051	0.01697	0.04964	0.02252	0.01519	0.02247	0.01299	0.01562	0.00940	0.00749	0.00764	0.02956	0.01055	0.00547	0.00310	0.01040
60	0.70911	0.01393	0.01130	0.03536	0.01541	0.01612	0.00840	0.04359	0.01332	0.03234	0.01104	0.01291	0.00854	0.00691	0.00472	0.00223	0.00576	0.00423	0.03680	0.00799
61	0.01023	0.00743	0.00963	0.00908	0.01082	0.00683	0.00681	0.01360	0.02043	0.02881	0.67286	0.05486	0.09130	0.01499	0.00857	0.00229	0.00344	0.01323	0.00796	0.00683
62	0.01458	0.03760	0.70688	0.02072	0.03146	0.01688	0.02686	0.02302	0.01535	0.02302	0.01304	0.01535	0.00921	0.00691	0.00691	0.00230	0.01074	0.00537	0.00307	0.01074
63	0.01674	0.01660	0.02503	0.33960	0.30918	0.07744	0.04238	0.02111	0.01600	0.02106	0.01351	0.01854	0.01076	0.00697	0.00715	0.00224	0.00943	0.00639	0.03035	0.00952
64	0.03261	0.01237	0.01687	0.01293	0.01856	0.01068	0.01068	0.03543	0.02081	0.70423	0.02868	0.02474	0.01799	0.00900	0.00731	0.00225	0.00619	0.00731	0.00900	0.01237
65	0.01373	0.01292	0.02180	0.72707	0.05006	0.01615	0.02019	0.01857	0.01453	0.01857	0.01292	0.01938	0.00969	0.00727	0.00727	0.00242	0.00969	0.00646	0.00323	0.00807
66	0.02964	0.01490	0.01713	0.01354	0.01861	0.07297	0.01093	0.11561	0.02195	0.50207	0.04510	0.02491	0.01847	0.04902	0.00889	0.00247	0.00699	0.00733	0.00804	0.01143
67	0.01293	0.01122	0.01754	0.46005	0.03598	0.01323	0.01556	0.05159	0.01541	0.02005	0.02181	0.24875	0.02206	0.01229	0.00791	0.00258	0.00785	0.01099	0.00457	0.00762
68	0.01020	0.00743	0.00959	0.00905	0.01080	0.00682	0.00679	0.01354	0.02036	0.02863	0.66153	0.05515	0.10274	0.01505	0.00857	0.00230	0.00344	0.01327	0.00793	0.00682
69	0.01373	0.01292	0.02180	0.72707	0.05006	0.01615	0.02019	0.01857	0.01453	0.01857	0.01292	0.01938	0.00969	0.00727	0.00727	0.00242	0.00969	0.00646	0.00323	0.00807
70	0.01796	0.02390	0.23270	0.08162	0.04781	0.15760	0.01678	0.02278	0.03611	0.09359	0.02280	0.13612	0.05824	0.01059	0.00742	0.00233	0.00896	0.00871	0.00481	0.00919
71	0.01484	0.01080	0.01270	0.01222	0.01437	0.01120	0.00900	0.22189	0.02037	0.02724	0.03286	0.50971	0.03670	0.01830	0.00864	0.00271	0.00542	0.01617	0.00691	0.00796
72	0.01651	0.01403	0.01507	0.01380	0.01747	0.01589	0.01077	0.03356	0.55334	0.02921	0.09030	0.03493	0.06618	0.01134	0.00771	0.00250	0.00548	0.04399	0.00737	0.01053
73	0.01507	0.01292	0.01507	0.01077	0.01723	0.00969	0.00861	0.01830	0.01507	0.02369	0.01292	0.01507	0.01077	0.00538	0.00538	0.00108	0.00538	0.00431	0.00431	0.78898
74	0.00886	0.00633	0.00843	0.01012	0.01054	0.00590	0.00675	0.01012	0.01392	0.01856	0.04006	0.73979	0.04808	0.02277	0.00928	0.00295	0.00422	0.02066	0.00675	0.00590
75	0.00891	0.00707	0.00803	0.00858	0.01031	0.00619	0.00622	0.01074	0.01604	0.02010	0.10971	0.28251	0.41945	0.01958	0.00886	0.00263	0.00393	0.03815	0.00684	0.00614
76	0.01007	0.00712	0.00798	0.00814	0.00877	0.00682	0.00507	0.01068	0.01232	0.01587	0.03564	0.09769	0.17455	0.51358	0.02805	0.00565	0.00612	0.03577	0.00515	0.00496
77	0.06974	0.01784	0.01879	0.01473	0.01982	0.01968	0.01209	0.53296	0.02992	0.04208	0.01802	0.01866	0.01310	0.00857	0.00676	0.00211	0.00713	0.00643	0.13034	0.01122
78	0.01057	0.00705	0.00793	0.00793	0.00793	0.00705	0.00440	0.01057	0.01057	0.01409	0.02290	0.04757	0.02643	0.74454	0.03700	0.00705	0.00705	0.01057	0.00440	0.00440
79	0.01458	0.03760	0.70688	0.02072	0.03146	0.01688	0.02686	0.02302	0.01535	0.02302	0.01304	0.01535	0.00921	0.00691	0.00691	0.00230	0.01074	0.00537	0.00307	0.01074
80	0.00949	0.00690	0.00913	0.01047	0.01136	0.00636	0.00733	0.01106	0.01425	0.01915	0.03835	0.63566	0.04533	0.02151	0.00913	0.00288	0.00452	0.07936	0.00660	0.05117
81	0.01507	0.01292	0.01507	0.01077	0.01723	0.00969	0.00861	0.01830	0.01507	0.02369	0.01292	0.01507	0.01077	0.00538	0.00538	0.00108	0.00538	0.00431	0.00431	0.78898
82	0.00920	0.00739	0.00821	0.00801	0.01019	0.00640	0.00600	0.01162	0.01801	0.02307	0.29777	0.06431	0.46997	0.01713	0.00858	0.00239	0.00359	0.01455	0.00720	0.00640
83	0.01196	0.00838	0.01112	0.01198	0.01373	0.00816	0.00963	0.01564	0.05287	0.04661	0.10896	0.25724	0.04358	0.01884	0.00927	0.00296	0.00553	0.32415	0.00689	0.03251
84	0.52679	0.01374	0.01279	0.01084	0.01550	0.01501	0.00889	0.06765	0.01544	0.15390	0.01468	0.01572	0.01077	0.01027	0.05040	0.00280	0.00676	0.00498	0.00546	0.03762
85	0.02267	0.01646	0.01849	0.01441	0.01989	0.09209	0.04899	0.12217	0.04286	0.19890	0.04402	0.02206	0.01626	0.00808	0.00681	0.00188	0.00723	0.02830	0.00616	0.26227

[dist]
# distance from previous block
# <min> <max>
0	10

[block]
# block no. 4 follows, 28 sequences, length 60
# corresponding to MSA columns:
# 367-426
name=unknown_E
#
# <colnr> <probs for GDERKNQSTAVLIFYWHMCP>
#	G	D	E	R	K	N	Q	S	T	A	V	L	I	F	Y	W	H	M	C	P
0	0.01536	0.01442	0.05628	0.01495	0.01872	0.04868	0.08933	0.04490	0.10404	0.05387	0.07059	0.13840	0.05482	0.05502	0.03009	0.00296	0.02497	0.07612	0.00577	0.08070
1	0.01491	0.01254	0.01470	0.01093	0.01673	0.01003	0.00872	0.04691	0.01573	0.02391	0.01683	0.01915	0.04721	0.01025	0.06393	0.00207	0.00657	0.00527	0.00453	0.64908
2	0.01946	0.67362	0.03569	0.01259	0.01837	0.06688	0.01215	0.02166	0.01491	0.01700	0.01077	0.01342	0.01013	0.04071	0.00628	0.00183	0.00804	0.00424	0.00321	0.00905
3	0.01987	0.01864	0.01693	0.05517	0.01974	0.21009	0.01197	0.06686	0.06619	0.06979	0.05425	0.02586	0.04687	0.00992	0.00895	0.00219	0.09407	0.04299	0.08076	0.07890
4	0.04620	0.07230	0.14043	0.01665	0.02207	0.23191	0.01497	0.08592	0.17432	0.06360	0.01761	0.01836	0.01341	0.01014	0.03854	0.00257	0.00985	0.00600	0.00507	0.01007
5	0.02319	0.01781	0.01894	0.01546	0.02040	0.01999	0.01246	0.39376	0.28608	0.03886	0.02249	0.02171	0.01650	0.00915	0.00721	0.00227	0.00689	0.00721	0.04790	0.01174
6	0.01595	0.01303	0.01561	0.01193	0.03880	0.00997	0.00914	0.01920	0.01538	0.05422	0.01365	0.01560	0.01111	0.00558	0.00553	0.00116	0.00552	0.00451	0.00449	0.72961
7	0.06654	0.00813	0.01109	0.01101	0.01236	0.00932	0.00835	0.01325	0.01158	0.01761	0.01928	0.03000	0.01858	0.14682	0.57075	0.01037	0.01676	0.00790	0.00401	0.00630
8	0.00956	0.00732	0.00877	0.00859	0.01046	0.00652	0.00637	0.01225	0.01860	0.02488	0.41911	0.11584	0.29182	0.01678	0.00864	0.00240	0.00358	0.01455	0.00745	0.00652
9	0.01581	0.01408	0.02438	0.09587	0.27851	0.01385	0.13283	0.01994	0.01730	0.06229	0.13460	0.05036	0.08882	0.00965	0.00788	0.00231	0.00777	0.00927	0.00501	0.00947
10	0.01768	0.04322	0.14615	0.04125	0.15273	0.01706	0.16337	0.14251	0.01953	0.02676	0.01882	0.06636	0.01674	0.00945	0.00784	0.00243	0.00920	0.08404	0.00473	0.01012
11	0.00930	0.00730	0.00846	0.00872	0.01062	0.00646	0.00655	0.01156	0.01715	0.02196	0.21699	0.17157	0.38857	0.01836	0.00881	0.00256	0.00395	0.06774	0.00705	0.00632
12	0.01645	0.02515	0.27226	0.02514	0.03319	0.01737	0.36195	0.05934	0.01745	0.02435	0.01598	0.02245	0.01267	0.00754	0.00802	0.00245	0.01109	0.05320	0.00388	0.01005
13	0.01753	0.09159	0.36476	0.02537	0.20312	0.01822	0.02214	0.06357	0.05607	0.04870	0.01474	0.01686	0.01108	0.00709	0.00685	0.00220	0.00931	0.00584	0.00393	0.01102
14	0.01705	0.02004	0.11445	0.08678	0.39635	0.01744	0.19554	0.02239	0.01642	0.02317	0.01382	0.01820	0.01098	0.00649	0.00753	0.00227	0.00993	0.00690	0.00353	0.01072
15	0.01041	0.00768	0.01113	0.01113	0.01224	0.00879	0.00840	0.01263	0.01152	0.01647	0.01997	0.03134	0.01938	0.15545	0.61645	0.01100	0.01765	0.00820	0.00397	0.00619
16	0.11617	0.03153	0.06894	0.01914	0.05744	0.54681	0.01467	0.02735	0.01905	0.02022	0.01136	0.01337	0.00929	0.00731	0.00637	0.00196	0.01183	0.00474	0.00378	0.00869
17	0.01022	0.00743	0.00963	0.00908	0.01082	0.00683	0.00681	0.01359	0.02043	0.02879	0.67213	0.05488	0.09204	0.01499	0.00857	0.00229	0.00344	0.01323	0.00796	0.00683
18	0.01684	0.02049	0.08808	0.02866	0.03545	0.01870	0.55463	0.02263	0.01637	0.02263	0.01402	0.01890	0.01074	0.00691	0.01013	0.00252	0.09096	0.00811	0.00358	0.00967
19	0.01029	0.00743	0.00972	0.00914	0.01086	0.00686	0.00686	0.01372	0.02058	0.02915	0.69536	0.05430	0.06859	0.01486	0.00857	0.00229	0.00343	0.01315	0.00800	0.00686
20	0.01152	0.00869	0.01076	0.01146	0.01364	0.00838	0.00966	0.05063	0.01766	0.02237	0.04962	0.07414	0.26960	0.01885	0.00938	0.00297	0.00571	0.39139	0.00675	0.00682
21	0.01061	0.00700	0.00799	0.00807	0.00828	0.00695	0.00472	0.01106	0.01156	0.01589	0.05809	0.09292	0.02956	0.61803	0.03191	0.00623	0.00647	0.01116	0.04874	0.00476
22	0.01882	0.01576	0.02221	0.44242	0.07429	0.01845	0.01806	0.24889	0.02153	0.02839	0.01455	0.01863	0.01072	0.00774	0.00727	0.00232	0.00904	0.00649	0.00467	0.00976
23	0.02168	0.01900	0.01961	0.01658	0.02120	0.12076	0.05934	0.11138	0.40824	0.08516	0.02430	0.02318	0.01799	0.00904	0.00733	0.00233	0.00760	0.00745	0.00671	0.01110
24	0.01373	0.01292	0.02180	0.72707	0.05006	0.01615	0.02019	0.01857	0.01453	0.01857	0.01292	0.01938	0.00969	0.00727	0.00727	0.00242	0.00969	0.00646	0.00323	0.00807
25	0.01692	0.01423	0.01792	0.01315	0.01911	0.01226	0.06375	0.12263	0.01796	0.02649	0.01450	0.01815	0.01216	0.05880	0.00821	0.00179	0.00648	0.00546	0.00473	0.54529
26	0.01775	0.01703	0.02907	0.08309	0.66260	0.01721	0.02219	0.02210	0.01644	0.02346	0.01363	0.01807	0.01141	0.00652	0.00720	0.00217	0.00870	0.00648	0.00358	0.01132
27	0.00886	0.00633	0.00843	0.01012	0.01054	0.00590	0.00675	0.01012	0.01392	0.01856	0.04006	0.73979	0.04808	0.02277	0.00928	0.00295	0.00422	0.02066	0.00675	0.00590
28	0.01653	0.01701	0.02156	0.01866	0.01904	0.07855	0.01539	0.01820	0.01194	0.01749	0.01021	0.01635	0.00999	0.01452	0.05927	0.00353	0.63429	0.00630	0.00327	0.00791
29	0.06989	0.01607	0.01855	0.01449	0.02000	0.01657	0.01191	0.30043	0.08523	0.33508	0.02311	0.02124	0.01549	0.00884	0.00715	0.00224	0.00687	0.00689	0.00790	0.01205
30	0.02228	0.01907	0.01871	0.01584	0.02051	0.08525	0.01255	0.26081	0.39491	0.03462	0.02361	0.02241	0.01754	0.00924	0.00727	0.00231	0.00723	0.00730	0.00701	0.01152
31	0.00937	0.00676	0.00899	0.01058	0.01134	0.00637	0.00761	0.01106	0.01458	0.01921	0.04152	0.58258	0.08074	0.02205	0.00938	0.00300	0.00465	0.13741	0.00674	0.00606
32	0.01020	0.00743	0.00963	0.00930	0.01100	0.00685	0.00702	0.01344	0.01986	0.02777	0.59819	0.08644	0.10211	0.01567	0.00868	0.00238	0.00364	0.04580	0.00781	0.00677
33	0.00958	0.00688	0.00908	0.00963	0.01070	0.00638	0.00680	0.01193	0.01726	0.02388	0.36943	0.39525	0.05839	0.01880	0.00892	0.00262	0.00382	0.01689	0.00738	0.00638
34	0.01020	0.00743	0.00959	0.00905	0.01080	0.00682	0.00679	0.01354	0.02036	0.02864	0.66225	0.05513	0.10201	0.01505	0.00857	0.00230	0.00344	0.01326	0.00794	0.00682
35	0.01799	0.01727	0.02950	0.04462	0.69919	0.01727	0.02231	0.02231	0.01655	0.02375	0.01367	0.01799	0.01151	0.00648	0.00720	0.00216	0.00864	0.00648	0.00360	0.01151
36	0.79588	0.01406	0.01068	0.00956	0.01406	0.01631	0.00787	0.02137	0.01237	0.03261	0.01012	0.01181	0.00787	0.00675	0.00450	0.00225	0.00562	0.00394	0.00450	0.00787
37	0.01749	0.01113	0.01192	0.01024	0.01323	0.01173	0.00808	0.22268	0.02196	0.03326	0.11999	0.02805	0.02397	0.00948	0.00628	0.00193	0.00484	0.00763	0.42757	0.00854
38	0.01517	0.08674	0.59661	0.02106	0.03116	0.01787	0.08660	0.02296	0.01548	0.02262	0.01299	0.01548	0.00939	0.00678	0.00690	0.00226	0.01067	0.00557	0.00313	0.01055
39	0.01451	0.01015	0.01649	0.02179	0.25128	0.01015	0.01192	0.01397	0.01195	0.01653	0.01299	0.02066	0.01224	0.01867	0.02097	0.51283	0.00713	0.00637	0.00331	0.00609
40	0.01486	0.07814	0.66876	0.02025	0.03073	0.01756	0.02604	0.02295	0.01531	0.02268	0.01288	0.01514	0.00921	0.00687	0.00678	0.00226	0.01057	0.00529	0.00307	0.01066
41	0.01622	0.01285	0.07753	0.01231	0.01570	0.01105	0.01068	0.07729	0.02057	0.13590	0.40997	0.03958	0.04522	0.01247	0.00936	0.00235	0.06468	0.01036	0.00724	0.00867
42	0.02208	0.05910	0.10706	0.04501	0.10816	0.01599	0.06428	0.11811	0.07777	0.21371	0.02164	0.07879	0.01681	0.00915	0.00735	0.00229	0.00778	0.00790	0.00609	0.01094
43	0.01893	0.01756	0.02884	0.13410	0.12145	0.07342	0.25831	0.05975	0.01815	0.08727	0.01817	0.04114	0.01506	0.00850	0.00798	0.00242	0.00996	0.06466	0.00464	0.00967
44	0.01102	0.00820	0.01035	0.00968	0.01162	0.00791	0.00730	0.01606	0.08319	0.02927	0.63272	0.05174	0.06422	0.01439	0.00846	0.00230	0.00365	0.01268	0.00794	0.00730
45	0.01573	0.01480	0.02522	0.09603	0.41413	0.01488	0.07540	0.01989	0.01646	0.02258	0.02272	0.03312	0.07252	0.00975	0.00791	0.00243	0.00832	0.11397	0.00434	0.00982
46	0.01624	0.20922	0.42294	0.02047	0.02949	0.02007	0.13959	0.02276	0.01553	0.02161	0.01262	0.01521	0.00957	0.00660	0.00666	0.00215	0.01029	0.00558	0.00319	0.01023
47	0.03261	0.01237	0.01687	0.01293	0.01856	0.01068	0.01068	0.03543	0.02081	0.70423	0.02868	0.02474	0.01799	0.00900	0.00731	0.00225	0.00619	0.00731	0.00900	0.01237
48	0.01808	0.01561	0.01644	0.01479	0.01890	0.01808	0.01151	0.03863	0.68606	0.03041	0.02959	0.02712	0.02219	0.00986	0.00740	0.00247	0.00575	0.00822	0.00740	0.01151
49	0.08686	0.01253	0.02086	0.08593	0.12625	0.01253	0.15740	0.01733	0.01603	0.02330	0.12927	0.17025	0.06331	0.03496	0.00890	0.00260	0.00725	0.01115	0.00517	0.00813
50	0.01068	0.01026	0.06113	0.13633	0.01935	0.00920	0.01075	0.01415	0.05235	0.01944	0.03238	0.50476	0.03659	0.03571	0.00932	0.00288	0.00580	0.01614	0.00585	0.00691
51	0.00893	0.00638	0.00850	0.01007	0.01056	0.00596	0.00675	0.01031	0.01427	0.01912	0.07496	0.70329	0.04917	0.02235	0.00924	0.00292	0.00418	0.02026	0.00681	0.00596
52	0.00945	0.00764	0.00857	0.00903	0.01127	0.00675	0.00723	0.01171	0.01661	0.02022	0.06393	0.07328	0.51546	0.01887	0.00899	0.00270	0.00451	0.19074	0.00673	0.00629
53	0.07688	0.09513	0.11448	0.05495	0.02394	0.34018	0.03050	0.02440	0.01679	0.01960	0.01118	0.01412	0.00932	0.00807	0.00926	0.00219	0.13168	0.00511	0.00353	0.00871
54	0.01224	0.01022	0.01437	0.01300	0.01364	0.01222	0.03875	0.01361	0.01140	0.01625	0.01864	0.05770	0.01990	0.32229	0.18868	0.00670	0.21122	0.00902	0.00400	0.00617
55	0.01496	0.00976	0.01305	0.01364	0.01602	0.00980	0.01180	0.07410	0.01861	0.08470	0.03579	0.07129	0.03715	0.01811	0.00956	0.00315	0.00676	0.53711	0.00695	0.00769
56	0.01321	0.00681	0.00691	0.00691	0.00841	0.00681	0.00500	0.01621	0.01471	0.02562	0.02362	0.02943	0.01952	0.09241	0.00872	0.00230	0.00380	0.00721	0.69588	0.00650
57	0.23327	0.06411	0.36753	0.01916	0.07663	0.01748	0.04732	0.02315	0.04474	0.02579	0.01294	0.01508	0.00968	0.00689	0.00624	0.00225	0.00884	0.00524	0.00373	0.00992
58	0.02363	0.09558	0.05266	0.01899	0.06099	0.27113	0.06120	0.16123	0.03778	0.05616	0.01427	0.01575	0.01105	0.00737	0.00666	0.00194	0.00990	0.00557	0.00475	0.08340
59	0.01016	0.01006	0.06124	0.01215	0.01445	0.00797	0.06292	0.01271	0.01538	0.02029	0.07974	0.41119	0.17537	0.01876	0.00892	0.00275	0.00535	0.05756	0.00630	0.00672

[dist]
# distance from previous block
# <min> <max>
0	1

[block]
# block no. 5 follows, 28 sequences, length 74
# corresponding to MSA columns:
# 428,450-522
name=unknown_F
#
# <colnr> <probs for GDERKNQSTAVLIFYWHMCP>
#	G	D	E	R	K	N	Q	S	T	A	V	L	I	F	Y	W	H	M	C	P
0	0.02966	0.01231	0.01629	0.01294	0.01808	0.01111	0.01051	0.03413	0.08627	0.59385	0.02949	0.07047	0.02032	0.00996	0.00744	0.00232	0.00602	0.00825	0.00870	0.01187
1	0.02530	0.05117	0.02091	0.01626	0.02137	0.20213	0.01308	0.39231	0.05007	0.03443	0.01825	0.01867	0.04275	0.00860	0.00694	0.00204	0.00891	0.00629	0.00600	0.05454
2	0.01772	0.02036	0.04031	0.02923	0.03594	0.06295	0.59397	0.02332	0.01704	0.02261	0.01419	0.01899	0.01084	0.00658	0.00931	0.00246	0.05271	0.00821	0.00365	0.00961
3	0.01053	0.00881	0.01037	0.08170	0.01512	0.00858	0.00797	0.01503	0.08727	0.02305	0.21923	0.05641	0.39826	0.01549	0.00833	0.00241	0.00444	0.01314	0.00677	0.00708
4	0.01481	0.06113	0.02672	0.01951	0.02420	0.01476	0.27148	0.01855	0.01528	0.02132	0.01975	0.17465	0.01966	0.01068	0.00946	0.00234	0.08178	0.03025	0.00447	0.15922
5	0.01029	0.00743	0.00972	0.00914	0.01086	0.00686	0.00686	0.01372	0.02058	0.02915	0.69536	0.05430	0.06859	0.01486	0.00857	0.00229	0.00343	0.01315	0.00800	0.00686
6	0.01696	0.02008	0.07461	0.02387	0.02874	0.08586	0.34114	0.02145	0.01627	0.02193	0.08216	0.02133	0.01624	0.00879	0.01197	0.00254	0.18517	0.00792	0.00396	0.00898
7	0.01157	0.00828	0.01152	0.01297	0.01465	0.00822	0.01124	0.01493	0.01711	0.02247	0.10239	0.07930	0.04444	0.01957	0.00990	0.00324	0.00638	0.58829	0.00682	0.00671
8	0.02092	0.01798	0.02564	0.01999	0.02500	0.01957	0.18402	0.28483	0.12941	0.03270	0.01958	0.02464	0.01569	0.00956	0.00954	0.00249	0.08211	0.05976	0.00590	0.01065
9	0.01008	0.00728	0.00976	0.01116	0.01230	0.00696	0.00864	0.01238	0.01573	0.02074	0.09486	0.38488	0.08637	0.02081	0.00948	0.00302	0.00509	0.26733	0.00683	0.00631
10	0.01473	0.03652	0.66684	0.02132	0.03185	0.01697	0.06580	0.02304	0.01546	0.02304	0.01314	0.01560	0.00932	0.00686	0.00701	0.00231	0.01083	0.00556	0.00311	0.01069
11	0.00865	0.00737	0.00745	0.00743	0.00985	0.00616	0.00557	0.01055	0.01671	0.01997	0.09518	0.06941	0.67450	0.01829	0.00859	0.00245	0.00367	0.01527	0.00679	0.00616
12	0.02666	0.01988	0.02127	0.01653	0.02217	0.02209	0.01358	0.61031	0.10040	0.04425	0.01868	0.01843	0.01336	0.00884	0.00728	0.00221	0.00777	0.00671	0.00728	0.01227
13	0.01566	0.01345	0.01534	0.01155	0.01755	0.01133	0.00918	0.02227	0.14596	0.02500	0.01617	0.01742	0.01299	0.00626	0.00578	0.00135	0.00546	0.00507	0.00491	0.63732
14	0.01885	0.01850	0.03637	0.02659	0.03292	0.01817	0.49077	0.08947	0.01867	0.06681	0.01651	0.02214	0.01282	0.00763	0.00950	0.00250	0.06155	0.03584	0.00446	0.00996
15	0.01590	0.01590	0.02226	0.01908	0.01908	0.02226	0.01590	0.01749	0.01113	0.01749	0.00954	0.01590	0.00954	0.01272	0.02385	0.00318	0.73123	0.00636	0.00318	0.00795
16	0.01590	0.01590	0.02226	0.01908	0.01908	0.02226	0.01590	0.01749	0.01113	0.01749	0.00954	0.01590	0.00954	0.01272	0.02385	0.00318	0.73123	0.00636	0.00318	0.00795
17	0.06896	0.02107	0.13183	0.01504	0.02151	0.06740	0.01384	0.24896	0.02238	0.07230	0.01669	0.01756	0.02835	0.00758	0.00652	0.00190	0.00776	0.00572	0.00545	0.21920
18	0.01072	0.00799	0.00873	0.00842	0.01100	0.00699	0.00646	0.01351	0.03950	0.06326	0.14993	0.06418	0.52391	0.01715	0.00853	0.00246	0.00399	0.03939	0.00707	0.00681
19	0.01029	0.00743	0.00972	0.00914	0.01086	0.00686	0.00686	0.01372	0.02058	0.02915	0.69536	0.05430	0.06859	0.01486	0.00857	0.00229	0.00343	0.01315	0.00800	0.00686
20	0.01056	0.00829	0.01209	0.01569	0.12443	0.00791	0.00934	0.01263	0.01527	0.02087	0.12578	0.52624	0.04485	0.01899	0.00884	0.00273	0.00484	0.01729	0.00640	0.00696
21	0.77254	0.01425	0.01102	0.00978	0.01432	0.01650	0.00805	0.04123	0.01303	0.03301	0.01034	0.01198	0.00801	0.00681	0.00458	0.00225	0.00570	0.00402	0.00458	0.00801
22	0.01661	0.01580	0.02664	0.24646	0.47901	0.01664	0.02114	0.02104	0.01589	0.02220	0.01342	0.01829	0.01094	0.00667	0.00715	0.00219	0.00882	0.00639	0.00352	0.04119
23	0.10484	0.02576	0.02599	0.02080	0.02594	0.34938	0.20816	0.06538	0.01954	0.06690	0.01364	0.01591	0.01044	0.00718	0.00703	0.00213	0.01132	0.00604	0.00435	0.00927
24	0.02731	0.02325	0.02099	0.01703	0.02190	0.21517	0.01368	0.38778	0.02759	0.10501	0.01641	0.01690	0.01194	0.00865	0.00807	0.00216	0.05284	0.00609	0.00622	0.01100
25	0.04420	0.02249	0.14935	0.01794	0.02394	0.09694	0.10771	0.23915	0.02306	0.05583	0.08207	0.02116	0.01718	0.00841	0.00721	0.00219	0.00882	0.00701	0.05511	0.01023
26	0.02482	0.03096	0.02267	0.01971	0.02353	0.57575	0.08273	0.02715	0.01936	0.01831	0.01183	0.01455	0.00990	0.00950	0.03574	0.00239	0.05362	0.00531	0.00371	0.00847
27	0.00886	0.00633	0.00843	0.01012	0.01054	0.00590	0.00675	0.01012	0.01392	0.01856	0.04006	0.73979	0.04808	0.02277	0.00928	0.00295	0.00422	0.02066	0.00675	0.00590
28	0.01565	0.01461	0.02452	0.17203	0.45873	0.01517	0.01932	0.01957	0.01572	0.02188	0.01789	0.13759	0.01720	0.00932	0.00755	0.00234	0.00811	0.00882	0.00405	0.00992
29	0.05136	0.01877	0.17288	0.01561	0.02101	0.01452	0.03692	0.14238	0.08838	0.09601	0.05447	0.07732	0.04366	0.01170	0.00784	0.00252	0.00746	0.12123	0.00614	0.00981
30	0.00859	0.00736	0.00736	0.00736	0.00982	0.00614	0.00552	0.01043	0.01657	0.01964	0.07364	0.06996	0.69624	0.01841	0.00859	0.00245	0.00368	0.01534	0.00675	0.00614
31	0.01198	0.00875	0.01247	0.01472	0.04428	0.00875	0.01217	0.01537	0.01673	0.02184	0.03743	0.07926	0.04054	0.01950	0.00992	0.00330	0.00678	0.62277	0.00656	0.00690
32	0.06698	0.04734	0.14700	0.06756	0.06017	0.03912	0.28669	0.06421	0.01673	0.02392	0.01325	0.01724	0.01025	0.00741	0.00951	0.00242	0.09992	0.00684	0.00375	0.00969
33	0.09675	0.01524	0.02187	0.44644	0.03901	0.07091	0.08102	0.02027	0.03150	0.02060	0.01338	0.01876	0.01042	0.01020	0.05027	0.00295	0.03220	0.00638	0.00359	0.00824
34	0.01808	0.01561	0.01644	0.01479	0.01890	0.01808	0.01151	0.03863	0.68606	0.03041	0.02959	0.02712	0.02219	0.00986	0.00740	0.00247	0.00575	0.00822	0.00740	0.01151
35	0.28603	0.01743	0.02173	0.01889	0.08417	0.04734	0.12619	0.17365	0.01998	0.11581	0.01527	0.01668	0.01110	0.00738	0.00652	0.00224	0.00798	0.00602	0.00543	0.01015
36	0.01781	0.01508	0.01585	0.01431	0.01827	0.01740	0.01112	0.03732	0.64562	0.03021	0.02923	0.02712	0.02197	0.00978	0.00726	0.00242	0.00561	0.00813	0.05427	0.01122
37	0.01641	0.01747	0.03544	0.07563	0.17141	0.01684	0.43040	0.02181	0.01721	0.02368	0.08353	0.02279	0.01689	0.00716	0.00821	0.00237	0.01045	0.00848	0.00407	0.00974
38	0.00859	0.00736	0.00736	0.00736	0.00982	0.00614	0.00552	0.01043	0.01657	0.01964	0.07364	0.06996	0.69624	0.01841	0.00859	0.00245	0.00368	0.01534	0.00675	0.00614
39	0.01044	0.00787	0.00998	0.01101	0.01286	0.00741	0.00915	0.01316	0.01666	0.02117	0.07824	0.11869	0.25941	0.01948	0.00945	0.00298	0.00540	0.37340	0.00677	0.00647
40	0.01057	0.00705	0.00793	0.00793	0.00793	0.00705	0.00440	0.01057	0.01057	0.01409	0.02290	0.04757	0.02643	0.74454	0.03700	0.00705	0.00705	0.01057	0.00440	0.00440
41	0.01513	0.01363	0.01883	0.01361	0.01996	0.01080	0.10438	0.01870	0.01533	0.02343	0.01423	0.04383	0.01225	0.00616	0.00600	0.00135	0.00633	0.00556	0.00431	0.64618
42	0.01943	0.74891	0.03809	0.01244	0.01866	0.02876	0.01244	0.02177	0.01477	0.01710	0.01011	0.01166	0.00933	0.00622	0.00466	0.00155	0.00777	0.00389	0.00311	0.00933
43	0.02773	0.01184	0.01568	0.01260	0.01740	0.01052	0.01013	0.06651	0.02020	0.52750	0.02932	0.14216	0.02237	0.01112	0.00756	0.00232	0.00593	0.00936	0.00835	0.04141
44	0.19898	0.05421	0.06436	0.01648	0.02170	0.20903	0.07849	0.13191	0.04314	0.06937	0.01453	0.01592	0.01095	0.00750	0.00638	0.00212	0.00911	0.00557	0.03069	0.00956
45	0.01943	0.74891	0.03809	0.01244	0.01866	0.02876	0.01244	0.02177	0.01477	0.01710	0.01011	0.01166	0.00933	0.00622	0.00466	0.00155	0.00777	0.00389	0.00311	0.00933
46	0.01345	0.01143	0.01481	0.01180	0.01663	0.00929	0.04853	0.01668	0.01605	0.02334	0.08726	0.05658	0.09116	0.01015	0.00695	0.00178	0.00558	0.09326	0.00526	0.46002
47	0.02715	0.03464	0.02060	0.01873	0.02247	0.71536	0.01404	0.02903	0.02060	0.01779	0.01124	0.01311	0.00936	0.00749	0.00655	0.00187	0.01311	0.00468	0.00375	0.00843
48	0.00898	0.00738	0.00791	0.00777	0.01006	0.00630	0.00583	0.01119	0.01749	0.02183	0.21707	0.06634	0.55145	0.01759	0.00859	0.00242	0.00362	0.01483	0.00704	0.00630
49	0.01612	0.01449	0.02027	0.02297	0.26299	0.01242	0.01355	0.01975	0.01561	0.02371	0.01319	0.01612	0.01104	0.00578	0.00604	0.00147	0.00656	0.00509	0.00405	0.50880
50	0.02134	0.01674	0.01766	0.01372	0.01918	0.06011	0.01104	0.26251	0.06595	0.07401	0.07291	0.02042	0.01721	0.00804	0.00666	0.00179	0.00675	0.00632	0.00615	0.29147
51	0.00877	0.00667	0.00808	0.00920	0.01030	0.00598	0.00634	0.01023	0.01481	0.01892	0.05131	0.51546	0.26516	0.02131	0.00905	0.00279	0.00404	0.01888	0.00675	0.00598
52	0.01773	0.01700	0.02903	0.08642	0.65944	0.01720	0.02218	0.02208	0.01643	0.02343	0.01363	0.01808	0.01140	0.00653	0.00720	0.00218	0.00870	0.00648	0.00358	0.01130
