[name]
unknown

[dist]
# distance from previous block
# <min> <max>
0	25

[block]
# block no. 0 follows, 37 sequences, length 12
# corresponding to MSA columns:
# 25-36
name=unknown_A
#
# <colnr> <probs for GDERKNQSTAVLIFYWHMCP>
#	G	D	E	R	K	N	Q	S	T	A	V	L	I	F	Y	W	H	M	C	P
0	0.01318	0.20675	0.38492	0.01435	0.02054	0.04742	0.01643	0.01787	0.01326	0.01777	0.01506	0.02450	0.01385	0.00815	0.00594	0.00197	0.00778	0.15905	0.00329	0.00792
1	0.02005	0.01921	0.28441	0.03032	0.03600	0.02942	0.04569	0.06157	0.01612	0.35180	0.03317	0.01755	0.01246	0.00682	0.00608	0.00191	0.00710	0.00560	0.00517	0.00956
2	0.00886	0.09509	0.09190	0.00855	0.01127	0.00822	0.00756	0.01094	0.01306	0.01637	0.04273	0.24597	0.38896	0.01430	0.00687	0.00208	0.00426	0.01215	0.00500	0.00584
3	0.01117	0.00999	0.01614	0.56051	0.07374	0.01196	0.01416	0.01433	0.01160	0.01505	0.01277	0.02150	0.01136	0.17812	0.01165	0.00289	0.00762	0.00621	0.00296	0.00628
4	0.02144	0.01648	0.02141	0.04442	0.10446	0.17729	0.17936	0.02449	0.01617	0.30784	0.01624	0.01685	0.01131	0.00644	0.00625	0.00186	0.00804	0.00581	0.00486	0.00897
5	0.19407	0.01514	0.05001	0.07827	0.18371	0.01471	0.33769	0.01878	0.01324	0.02113	0.01119	0.01463	0.00866	0.00543	0.00608	0.00197	0.00822	0.00576	0.00319	0.00813
6	0.10290	0.01301	0.01721	0.60265	0.03624	0.09619	0.01528	0.01687	0.01260	0.01687	0.01046	0.01503	0.00796	0.00609	0.00580	0.00197	0.00810	0.00504	0.00289	0.00681
7	0.00847	0.00605	0.00826	0.00968	0.01048	0.00584	0.00744	0.01027	0.01272	0.01676	0.03318	0.48187	0.03828	0.01822	0.00808	0.00263	0.00443	0.30644	0.00566	0.00525
8	0.02304	0.01139	0.01562	0.01170	0.01670	0.00993	0.05662	0.07391	0.01702	0.49152	0.01978	0.01832	0.01309	0.00673	0.00587	0.00168	0.00551	0.00562	0.00630	0.18963
9	0.01423	0.01807	0.10972	0.02494	0.03143	0.01535	0.65242	0.01959	0.01429	0.01959	0.01224	0.01614	0.00913	0.00523	0.00708	0.00205	0.01019	0.00695	0.00304	0.00834
10	0.00861	0.00613	0.00830	0.00963	0.01043	0.00595	0.00741	0.01039	0.01260	0.01659	0.03225	0.41934	0.03702	0.06579	0.00955	0.00285	0.00462	0.32182	0.00554	0.00519
11	0.06544	0.01593	0.03217	0.05344	0.07042	0.01543	0.57516	0.05688	0.01485	0.02097	0.01216	0.01592	0.00916	0.00536	0.00684	0.00203	0.00953	0.00672	0.00328	0.00829

[dist]
# distance from previous block
# <min> <max>
6	16

[block]
# block no. 1 follows, 37 sequences, length 78
# corresponding to MSA columns:
# 53-130
name=unknown_B
#
# <colnr> <probs for GDERKNQSTAVLIFYWHMCP>
#	G	D	E	R	K	N	Q	S	T	A	V	L	I	F	Y	W	H	M	C	P
0	0.05097	0.01486	0.02901	0.02317	0.10598	0.01407	0.46254	0.02173	0.03436	0.15833	0.01469	0.01708	0.01058	0.00576	0.00672	0.00200	0.00864	0.00666	0.00405	0.00879
1	0.01579	0.01606	0.08759	0.03020	0.43290	0.01435	0.18803	0.01992	0.01419	0.08429	0.01272	0.01575	0.00988	0.00572	0.00665	0.00191	0.02551	0.00586	0.00340	0.00929
2	0.02319	0.01091	0.01510	0.03204	0.08797	0.01005	0.01004	0.06011	0.01719	0.51942	0.07896	0.02134	0.01721	0.00764	0.00645	0.00186	0.02127	0.00630	0.00659	0.04635
3	0.01527	0.01198	0.01984	0.01713	0.07095	0.04416	0.23556	0.01847	0.01484	0.16225	0.04187	0.10725	0.07182	0.01009	0.00713	0.00216	0.00693	0.12967	0.00495	0.00766
4	0.01275	0.02838	0.59796	0.01925	0.02768	0.01449	0.17452	0.01943	0.01325	0.01943	0.01129	0.01370	0.00809	0.00567	0.00612	0.00197	0.00932	0.00511	0.00270	0.00888
5	0.01269	0.08675	0.66440	0.01735	0.02597	0.01502	0.05653	0.01932	0.01296	0.01903	0.01087	0.01287	0.00784	0.00574	0.00575	0.00190	0.00893	0.00456	0.00261	0.00892
6	0.01387	0.01415	0.02678	0.24655	0.29990	0.01459	0.25719	0.01815	0.01362	0.01860	0.01162	0.01595	0.00911	0.00555	0.00647	0.00197	0.00856	0.00605	0.00296	0.00837
7	0.01320	0.01159	0.04130	0.09147	0.21899	0.01102	0.10408	0.01667	0.01407	0.07037	0.02223	0.05236	0.05215	0.01025	0.00711	0.00224	0.00683	0.24210	0.00437	0.00760
8	0.01343	0.01466	0.09828	0.40708	0.08586	0.01406	0.18810	0.01791	0.01317	0.05469	0.01191	0.01610	0.00885	0.00598	0.00665	0.00203	0.02460	0.00581	0.00307	0.00777
9	0.01884	0.01725	0.18035	0.04149	0.02491	0.01269	0.28051	0.02333	0.01522	0.29756	0.01651	0.01738	0.01116	0.00625	0.00648	0.00197	0.00804	0.00619	0.00468	0.00920
10	0.01465	0.01272	0.07287	0.01639	0.02070	0.01076	0.26519	0.01845	0.01483	0.15172	0.04251	0.03626	0.06893	0.01002	0.00730	0.00224	0.00723	0.21467	0.00489	0.00765
11	0.01412	0.10286	0.55571	0.01643	0.02430	0.03789	0.05343	0.02002	0.01351	0.07119	0.02817	0.01404	0.00949	0.00602	0.00575	0.00187	0.00851	0.00478	0.00308	0.00886
12	0.01398	0.27593	0.39499	0.01661	0.02392	0.01770	0.13904	0.01908	0.01303	0.01780	0.01042	0.01253	0.00805	0.00551	0.00544	0.00175	0.00845	0.00458	0.00268	0.00852
13	0.01243	0.00788	0.01096	0.05939	0.01484	0.00788	0.00994	0.01564	0.03485	0.11912	0.04590	0.05694	0.05280	0.01456	0.00786	0.00258	0.00558	0.50860	0.00576	0.00647
14	0.01440	0.01378	0.02350	0.19002	0.60008	0.01435	0.01841	0.01813	0.01358	0.01909	0.01138	0.01539	0.00938	0.00559	0.00607	0.00186	0.00746	0.00545	0.00297	0.00909
15	0.01917	0.02301	0.01789	0.01589	0.01781	0.47074	0.01244	0.02065	0.01423	0.01488	0.00890	0.01196	0.00794	0.00803	0.01121	0.00201	0.30883	0.00449	0.00297	0.00694
16	0.07345	0.06490	0.01692	0.01290	0.01706	0.06309	0.01067	0.41278	0.10244	0.04877	0.03180	0.02078	0.01425	0.00818	0.00605	0.00192	0.00643	0.07286	0.00557	0.00916
17	0.00792	0.00640	0.00716	0.00745	0.00932	0.00563	0.00590	0.00984	0.01420	0.01745	0.09874	0.06037	0.53991	0.01563	0.00751	0.00223	0.00366	0.16963	0.00574	0.00531
18	0.00746	0.00533	0.00710	0.00852	0.00888	0.00497	0.00568	0.00852	0.01172	0.01563	0.03374	0.78088	0.04049	0.01918	0.00781	0.00249	0.00355	0.01740	0.00568	0.00497
19	0.02213	0.01464	0.01627	0.01287	0.01738	0.01576	0.01050	0.42254	0.16578	0.18593	0.01999	0.01880	0.03288	0.00781	0.00618	0.00190	0.00594	0.00613	0.00644	0.01013
20	0.01513	0.01634	0.03343	0.02411	0.03004	0.01571	0.62794	0.07095	0.06144	0.02135	0.01335	0.01679	0.00997	0.00552	0.00708	0.00205	0.00971	0.00708	0.00351	0.00850
21	0.00989	0.00657	0.00809	0.00759	0.00946	0.00585	0.00573	0.01224	0.01606	0.08801	0.43898	0.08478	0.25719	0.01329	0.00716	0.00199	0.00320	0.01149	0.00645	0.00598
22	0.00746	0.00533	0.00710	0.00852	0.00888	0.00497	0.00568	0.00852	0.01172	0.01563	0.03374	0.78088	0.04049	0.01918	0.00781	0.00249	0.00355	0.01740	0.00568	0.00497
23	0.01784	0.55514	0.02759	0.01144	0.01647	0.02235	0.01068	0.17937	0.07126	0.02072	0.01116	0.01191	0.00926	0.00595	0.00460	0.00149	0.00646	0.00406	0.00369	0.00857
24	0.01445	0.01651	0.03612	0.02580	0.03199	0.01548	0.72446	0.01961	0.01445	0.01961	0.01238	0.01651	0.00929	0.00516	0.00722	0.00206	0.01032	0.00722	0.00310	0.00826
25	0.01891	0.13916	0.07333	0.01410	0.01899	0.07306	0.08574	0.27856	0.05171	0.07340	0.01400	0.01600	0.01088	0.05607	0.00735	0.00199	0.00722	0.00538	0.00460	0.04953
26	0.02746	0.01042	0.01421	0.01089	0.01563	0.00900	0.00900	0.02983	0.01752	0.75093	0.02415	0.02083	0.01515	0.00758	0.00616	0.00189	0.00521	0.00616	0.00758	0.01042
27	0.01174	0.01124	0.01949	0.72272	0.04151	0.01372	0.06209	0.01589	0.01238	0.01589	0.01098	0.01633	0.00823	0.00606	0.00619	0.00204	0.00830	0.00555	0.00274	0.00689
28	0.08049	0.01094	0.01412	0.01091	0.01559	0.00995	0.00901	0.07343	0.01777	0.65737	0.02251	0.01972	0.01428	0.00744	0.00600	0.00189	0.00527	0.00593	0.00723	0.01016
29	0.01156	0.01088	0.01836	0.77016	0.04216	0.01360	0.01700	0.01564	0.01224	0.01564	0.01088	0.01632	0.00816	0.00612	0.00612	0.00204	0.00816	0.00544	0.00272	0.00680
30	0.00746	0.00533	0.00710	0.00852	0.00888	0.00497	0.00568	0.00852	0.01172	0.01563	0.03374	0.78088	0.04049	0.01918	0.00781	0.00249	0.00355	0.01740	0.00568	0.00497
31	0.02287	0.02917	0.01735	0.01577	0.01892	0.76030	0.01183	0.02444	0.01735	0.01498	0.00946	0.01104	0.00788	0.00631	0.00552	0.00158	0.01104	0.00394	0.00315	0.00710
32	0.01577	0.01429	0.01409	0.01269	0.01613	0.06849	0.00984	0.03195	0.68428	0.02485	0.02381	0.02199	0.01791	0.00816	0.00618	0.00204	0.00529	0.00671	0.00601	0.00950
33	0.00742	0.00547	0.00696	0.00816	0.00878	0.00500	0.00552	0.00856	0.01207	0.01577	0.03820	0.66690	0.15159	0.01860	0.00772	0.00242	0.00348	0.01669	0.00568	0.00500
34	0.01383	0.01156	0.01756	0.02381	0.37475	0.01172	0.01359	0.09194	0.01527	0.02148	0.01921	0.09571	0.01870	0.00957	0.00660	0.00207	0.00613	0.16188	0.07653	0.00810
35	0.00903	0.00607	0.00772	0.00821	0.00942	0.00551	0.00591	0.01069	0.01366	0.06446	0.17175	0.42871	0.17196	0.01640	0.00752	0.00228	0.00354	0.04564	0.00600	0.00554
36	0.47837	0.01331	0.01256	0.01028	0.01453	0.01478	0.00848	0.23973	0.01701	0.12078	0.01238	0.01277	0.00886	0.00644	0.00481	0.00188	0.00542	0.00435	0.00498	0.00828
37	0.01492	0.01431	0.02444	0.08379	0.70224	0.01448	0.01867	0.01859	0.01383	0.01972	0.01147	0.01522	0.00960	0.00550	0.00606	0.00183	0.00733	0.00545	0.00301	0.00951
38	0.01269	0.01088	0.01269	0.00907	0.01451	0.00816	0.00725	0.01541	0.01269	0.01995	0.01088	0.01269	0.00907	0.00453	0.00453	0.00091	0.00453	0.00363	0.00363	0.82229
39	0.01288	0.14282	0.64726	0.01642	0.02491	0.01569	0.02083	0.01923	0.01285	0.01865	0.01062	0.01247	0.00777	0.00573	0.00554	0.00185	0.00868	0.00434	0.00259	0.00887
40	0.01485	0.01424	0.02431	0.09799	0.68859	0.01447	0.01864	0.01853	0.01380	0.01964	0.01146	0.01525	0.00957	0.00551	0.00606	0.00184	0.00735	0.00545	0.00300	0.00946
41	0.56852	0.01138	0.01069	0.00897	0.01307	0.01220	0.00740	0.02183	0.01272	0.26203	0.01359	0.01348	0.00939	0.00630	0.00456	0.00189	0.00489	0.00424	0.00502	0.00786
42	0.01645	0.01467	0.02577	0.15061	0.24398	0.04748	0.26018	0.02040	0.01450	0.12502	0.01345	0.01645	0.01001	0.00581	0.00646	0.00194	0.00834	0.00610	0.00367	0.00870
43	0.01054	0.00731	0.00982	0.01079	0.01230	0.00733	0.00900	0.01408	0.06550	0.04912	0.04935	0.18406	0.03466	0.01618	0.00806	0.00265	0.00514	0.49230	0.00579	0.00602
44	0.00856	0.00619	0.00787	0.00754	0.00883	0.00573	0.00549	0.01100	0.01604	0.02243	0.60221	0.07342	0.09270	0.09363	0.00974	0.00237	0.00324	0.01119	0.00632	0.00549
45	0.01228	0.03166	0.75316	0.01745	0.02649	0.01422	0.02262	0.01939	0.01292	0.01939	0.01099	0.01292	0.00775	0.00582	0.00582	0.00194	0.00905	0.00452	0.00258	0.00905
46	0.11042	0.10838	0.11455	0.01515	0.01960	0.43428	0.05791	0.03998	0.01557	0.01778	0.00977	0.01147	0.00788	0.00601	0.00532	0.00167	0.00943	0.00412	0.00317	0.00754
47	0.00931	0.00673	0.00919	0.01050	0.01179	0.00660	0.00886	0.01178	0.01372	0.01779	0.03473	0.17569	0.08671	0.01715	0.00827	0.00271	0.00514	0.55219	0.00565	0.00550
48	0.00749	0.00580	0.00683	0.00745	0.00865	0.00514	0.00525	0.00895	0.01326	0.01695	0.11996	0.39593	0.34264	0.01691	0.00750	0.00225	0.00329	0.01483	0.00579	0.00514
49	0.00807	0.00583	0.00682	0.00726	0.00851	0.00527	0.00518	0.00984	0.01360	0.01838	0.16772	0.31575	0.27764	0.01530	0.00709	0.00212	0.00320	0.01336	0.10380	0.00527
50	0.01652	0.01613	0.02209	0.30992	0.03080	0.12849	0.17864	0.14449	0.03614	0.03907	0.01240	0.01556	0.00924	0.00624	0.00629	0.00194	0.00868	0.00570	0.00369	0.00799
51	0.00986	0.00705	0.00986	0.01127	0.01268	0.00705	0.00986	0.01268	0.01409	0.01832	0.03241	0.06905	0.03523	0.01691	0.00845	0.00282	0.00564	0.70549	0.00564	0.00564
52	0.02628	0.01013	0.01373	0.01062	0.01506	0.00880	0.00866	0.02850	0.01697	0.70382	0.02384	0.02206	0.01561	0.05712	0.00775	0.00215	0.00525	0.00633	0.00733	0.00999
53	0.01456	0.01731	0.07912	0.07899	0.06390	0.03383	0.56143	0.03698	0.01460	0.01968	0.01213	0.01603	0.00912	0.00537	0.00693	0.00203	0.00987	0.00672	0.00311	0.00829
54	0.01306	0.01106	0.01565	0.32038	0.02643	0.01272	0.03222	0.08943	0.15487	0.02071	0.01990	0.03180	0.01784	0.00958	0.00681	0.00224	0.00674	0.19658	0.00455	0.00744
55	0.82811	0.01184	0.00900	0.00805	0.01184	0.01373	0.00663	0.01799	0.01042	0.02746	0.00852	0.00994	0.00663	0.00568	0.00379	0.00189	0.00474	0.00331	0.00379	0.00663
56	0.01445	0.01651	0.03612	0.02580	0.03199	0.01548	0.72446	0.01961	0.01445	0.01961	0.01238	0.01651	0.00929	0.00516	0.00722	0.00206	0.01032	0.00722	0.00310	0.00826
57	0.00754	0.00593	0.00681	0.00719	0.00861	0.00520	0.00516	0.00915	0.01379	0.01756	0.16463	0.28763	0.40667	0.01619	0.00742	0.00218	0.00321	0.01405	0.00586	0.00520
58	0.15452	0.01131	0.01412	0.12929	0.01908	0.03225	0.06526	0.08189	0.01437	0.03613	0.01736	0.02508	0.04107	0.00803	0.00578	0.00187	0.00596	0.11777	0.07772	0.14113
59	0.48776	0.01393	0.01200	0.01038	0.01393	0.06981	0.00841	0.12773	0.08188	0.02709	0.01146	0.01265	0.00885	0.00660	0.00556	0.00191	0.05446	0.00425	0.03384	0.00750
60	0.01481	0.01419	0.02423	0.10768	0.67927	0.01445	0.01862	0.01849	0.01378	0.01958	0.01145	0.01526	0.00955	0.00552	0.00607	0.00184	0.00736	0.00545	0.00300	0.00942
61	0.00766	0.00577	0.00714	0.00815	0.00912	0.00525	0.00584	0.00905	0.01262	0.01618	0.04176	0.49489	0.24308	0.01787	0.00772	0.00240	0.00365	0.09107	0.00568	0.00510
62	0.43963	0.23830	0.01719	0.00979	0.01412	0.01754	0.00857	0.10816	0.05907	0.02495	0.01033	0.01132	0.00822	0.00593	0.00428	0.00173	0.00552	0.00381	0.00390	0.00765
63	0.01365	0.28568	0.51116	0.01511	0.02287	0.01757	0.01854	0.01903	0.01276	0.01771	0.01015	0.01188	0.00779	0.00562	0.00518	0.00173	0.00821	0.00410	0.00260	0.00865
64	0.04346	0.01761	0.10425	0.04202	0.22387	0.08501	0.08928	0.13360	0.03449	0.11735	0.01369	0.01528	0.01014	0.00618	0.00601	0.00183	0.00758	0.00539	0.00419	0.03875
65	0.01356	0.07440	0.51613	0.01865	0.02663	0.01535	0.17312	0.05534	0.01403	0.02010	0.01132	0.01360	0.00823	0.00572	0.00602	0.00192	0.00905	0.00508	0.00288	0.00887
66	0.00780	0.00547	0.00700	0.00808	0.00835	0.00520	0.00521	0.00861	0.01104	0.01473	0.03027	0.60330	0.03612	0.20272	0.01341	0.00331	0.00412	0.01536	0.00521	0.00467
67	0.00846	0.00706	0.00868	0.00982	0.08325	0.00630	0.00642	0.01062	0.01495	0.01927	0.25953	0.05056	0.46577	0.01360	0.00711	0.00200	0.00346	0.01161	0.00573	0.00581
68	0.25052	0.03274	0.04011	0.01842	0.16763	0.09899	0.07701	0.18294	0.03439	0.02583	0.01149	0.01323	0.00887	0.00610	0.00542	0.00184	0.00710	0.00481	0.00404	0.00850
69	0.00746	0.00583	0.00679	0.00752	0.00875	0.00516	0.00537	0.00884	0.01291	0.01619	0.04741	0.39829	0.38193	0.01729	0.00756	0.00230	0.00343	0.04620	0.00568	0.00510
70	0.00746	0.00533	0.00710	0.00852	0.00888	0.00497	0.00568	0.00852	0.01172	0.01563	0.03374	0.78088	0.04049	0.01918	0.00781	0.00249	0.00355	0.01740	0.00568	0.00497
71	0.01234	0.03122	0.73226	0.01769	0.02665	0.01425	0.04307	0.01939	0.01297	0.01939	0.01103	0.01303	0.00780	0.00580	0.00586	0.00194	0.00908	0.00460	0.00260	0.00902
72	0.02132	0.01818	0.01959	0.06484	0.09163	0.12341	0.04245	0.48349	0.02407	0.03118	0.01331	0.01440	0.00979	0.00685	0.00608	0.00182	0.00764	0.00535	0.00506	0.00955
73	0.00828	0.00612	0.00765	0.00750	0.00887	0.00558	0.00549	0.01060	0.01575	0.02160	0.51127	0.13779	0.17428	0.04189	0.00816	0.00216	0.00312	0.01209	0.00632	0.00550
74	0.07730	0.02433	0.01710	0.01473	0.01846	0.48325	0.01142	0.23863	0.02038	0.02304	0.01100	0.01208	0.00857	0.00658	0.00559	0.00168	0.00930	0.00438	0.00410	0.00808
75	0.04759	0.01652	0.09612	0.04322	0.05721	0.04733	0.32510	0.07169	0.01572	0.14569	0.01534	0.01956	0.01169	0.00666	0.00661	0.00201	0.00839	0.05073	0.00420	0.00860
76	0.01482	0.01654	0.03538	0.02531	0.03145	0.01563	0.69470	0.04911	0.01505	0.02040	0.01248	0.01644	0.00933	0.00525	0.00718	0.00205	0.01017	0.00715	0.00322	0.00835
77	0.01295	0.01002	0.01198	0.01219	0.03280	0.01085	0.00960	0.02220	0.34080	0.05204	0.02885	0.08930	0.04182	0.01244	0.00722	0.00238	0.00512	0.28380	0.00592	0.00772

[dist]
# distance from previous block
# <min> <max>
6	11

[block]
# block no. 2 follows, 37 sequences, length 13
# corresponding to MSA columns:
# 142-147,154-159,161
name=unknown_C
#
# <colnr> <probs for GDERKNQSTAVLIFYWHMCP>
#	G	D	E	R	K	N	Q	S	T	A	V	L	I	F	Y	W	H	M	C	P
0	0.01700	0.71456	0.03064	0.01099	0.01602	0.09595	0.01061	0.01893	0.01292	0.01446	0.00860	0.00994	0.00786	0.00534	0.00408	0.00134	0.00698	0.00334	0.00267	0.00778
1	0.01114	0.01042	0.01718	0.69572	0.03886	0.01278	0.01580	0.01497	0.01241	0.01573	0.01586	0.02047	0.07988	0.00703	0.00623	0.00204	0.00767	0.00617	0.00301	0.00664
2	0.01156	0.01088	0.01836	0.77016	0.04216	0.01360	0.01700	0.01564	0.01224	0.01564	0.01088	0.01632	0.00816	0.00612	0.00612	0.00204	0.00816	0.00544	0.00272	0.00680
3	0.01156	0.01088	0.01836	0.77016	0.04216	0.01360	0.01700	0.01564	0.01224	0.01564	0.01088	0.01632	0.00816	0.00612	0.00612	0.00204	0.00816	0.00544	0.00272	0.00680
4	0.02576	0.01210	0.01460	0.01156	0.01591	0.06535	0.00943	0.02900	0.06374	0.61984	0.02246	0.01994	0.01456	0.00766	0.00667	0.00191	0.03654	0.00601	0.00696	0.00997
5	0.02590	0.01153	0.01405	0.01104	0.01545	0.06435	0.00900	0.02825	0.01749	0.64941	0.06971	0.02172	0.01738	0.00780	0.00618	0.00187	0.00549	0.00631	0.00719	0.00987
6	0.00788	0.00574	0.00751	0.00877	0.00951	0.00538	0.00634	0.00932	0.01241	0.01623	0.03670	0.56725	0.11937	0.01834	0.00787	0.00250	0.00389	0.14420	0.00567	0.00512
7	0.01637	0.78856	0.03208	0.01047	0.01571	0.02422	0.01047	0.01833	0.01244	0.01440	0.00851	0.00982	0.00786	0.00524	0.00393	0.00131	0.00655	0.00327	0.00262	0.00786
8	0.02151	0.13280	0.01985	0.01317	0.01787	0.01912	0.01106	0.58370	0.02532	0.03360	0.01399	0.01523	0.01062	0.04597	0.00705	0.00196	0.00667	0.00534	0.00547	0.00969
9	0.01669	0.67179	0.02943	0.01065	0.01559	0.02279	0.01026	0.08948	0.01392	0.01672	0.00967	0.01181	0.00883	0.04403	0.00550	0.00159	0.00654	0.00378	0.00303	0.00791
10	0.01605	0.63776	0.14190	0.01171	0.01751	0.02245	0.01239	0.05050	0.01325	0.01626	0.00917	0.01052	0.00796	0.00542	0.00432	0.00143	0.00694	0.00357	0.00277	0.00815
11	0.01561	0.64782	0.16615	0.01177	0.01772	0.02236	0.01273	0.01853	0.01253	0.01533	0.00897	0.01040	0.00784	0.00534	0.00428	0.00143	0.00701	0.00351	0.00261	0.00808
12	0.03787	0.38651	0.15603	0.01125	0.01573	0.01643	0.01140	0.01588	0.01226	0.01611	0.01559	0.14933	0.01606	0.03560	0.02921	0.00216	0.00665	0.05530	0.00344	0.00717

[dist]
# distance from previous block
# <min> <max>
0	4

# created by:
# /home/cegg/simao/soft/augustus-3.2.1/scripts/msa2prfl.pl ./align_prep/EOG090W0NFV.fa
