[name]
unknown

[dist]
# distance from previous block
# <min> <max>
1	758

[block]
# block no. 0 follows, 29 sequences, length 19
# corresponding to MSA columns:
# 924-940,946,947
name=unknown_A
#
# <colnr> <probs for GDERKNQSTAVLIFYWHMCP>
#	G	D	E	R	K	N	Q	S	T	A	V	L	I	F	Y	W	H	M	C	P
0	0.02255	0.04038	0.02768	0.02013	0.02607	0.02033	0.21304	0.39785	0.02586	0.03498	0.01548	0.01737	0.01142	0.00771	0.00808	0.00218	0.04235	0.00680	0.00561	0.05413
1	0.01168	0.00863	0.00987	0.00860	0.01050	0.00768	0.00555	0.01263	0.01168	0.01662	0.01950	0.03705	0.02129	0.52647	0.02695	0.00515	0.00641	0.00851	0.00429	0.24094
2	0.01142	0.00889	0.01100	0.00937	0.01247	0.00752	0.00718	0.01466	0.01839	0.02659	0.47034	0.04227	0.07504	0.01191	0.00746	0.00189	0.00394	0.01036	0.00670	0.24260
3	0.25172	0.01758	0.03255	0.02382	0.03018	0.01740	0.47800	0.02225	0.01540	0.02555	0.01306	0.01692	0.00988	0.00618	0.00720	0.00234	0.01006	0.00704	0.00384	0.00904
4	0.01403	0.02958	0.50546	0.23394	0.03628	0.01632	0.02435	0.02124	0.01480	0.02124	0.01274	0.01622	0.00916	0.00687	0.00687	0.00229	0.01021	0.00558	0.00305	0.00974
5	0.01036	0.00690	0.00777	0.00777	0.00777	0.00690	0.00431	0.01036	0.01036	0.01381	0.02244	0.04660	0.02589	0.74975	0.03624	0.00690	0.00690	0.01036	0.00431	0.00431
6	0.01565	0.00905	0.01169	0.01018	0.01290	0.00843	0.00791	0.05844	0.02101	0.17118	0.52008	0.04498	0.05355	0.01300	0.00806	0.00223	0.00419	0.01130	0.00800	0.00817
7	0.10361	0.01293	0.01404	0.01144	0.01556	0.01349	0.00927	0.23735	0.02189	0.18627	0.02094	0.02140	0.01502	0.00832	0.00611	0.00199	0.00563	0.00639	0.27858	0.00976
8	0.01855	0.11135	0.07054	0.01396	0.01945	0.01751	0.01214	0.10347	0.31763	0.05032	0.02057	0.02017	0.01563	0.00792	0.00644	0.00197	0.00644	0.00629	0.00580	0.17388
9	0.07845	0.01493	0.01642	0.01221	0.01820	0.01376	0.00991	0.21721	0.02018	0.03037	0.01378	0.01522	0.01080	0.00636	0.00576	0.00147	0.00606	0.00485	0.00510	0.49897
10	0.01881	0.01247	0.01792	0.02139	0.22190	0.01224	0.01288	0.10005	0.01837	0.17310	0.04394	0.21397	0.02517	0.04600	0.00907	0.00259	0.00646	0.02797	0.00615	0.00955
11	0.01776	0.53168	0.03055	0.01169	0.01786	0.02257	0.01106	0.02030	0.01456	0.01869	0.01073	0.01243	0.00956	0.00585	0.00478	0.00138	0.00691	0.00393	0.00340	0.24432
12	0.56581	0.23579	0.01852	0.01021	0.01512	0.01963	0.00905	0.02105	0.01282	0.02739	0.00991	0.01152	0.00814	0.00645	0.00446	0.00200	0.00614	0.00384	0.00400	0.00814
13	0.01077	0.00886	0.01010	0.00868	0.01207	0.00725	0.00667	0.01340	0.01685	0.02293	0.22370	0.04828	0.32396	0.01327	0.00747	0.00196	0.00404	0.01121	0.00622	0.24232
14	0.05773	0.01777	0.01873	0.01530	0.02025	0.02002	0.01235	0.38896	0.30192	0.03813	0.02163	0.02072	0.01585	0.00892	0.00705	0.00225	0.00683	0.00697	0.00705	0.01157
15	0.01530	0.01183	0.01437	0.01327	0.01520	0.01325	0.01013	0.21253	0.01915	0.02602	0.02779	0.40944	0.03053	0.01660	0.01080	0.00270	0.12306	0.01384	0.00620	0.00800
16	0.01139	0.00893	0.01061	0.01129	0.01278	0.00936	0.00801	0.01829	0.21723	0.02166	0.03617	0.52960	0.03949	0.01852	0.00854	0.00275	0.00458	0.01659	0.00680	0.00743
17	0.01566	0.00797	0.01074	0.01074	0.01268	0.00719	0.00777	0.01735	0.01566	0.22575	0.03590	0.52890	0.03826	0.01826	0.00851	0.00269	0.00471	0.01632	0.00727	0.00768
18	0.01565	0.08596	0.45583	0.02669	0.23216	0.01755	0.02389	0.02225	0.01534	0.02232	0.01274	0.01553	0.00971	0.00659	0.00668	0.00216	0.00968	0.00547	0.00317	0.01064

[dist]
# distance from previous block
# <min> <max>
0	8

[block]
# block no. 1 follows, 29 sequences, length 11
# corresponding to MSA columns:
# 956-966
name=unknown_B
#
# <colnr> <probs for GDERKNQSTAVLIFYWHMCP>
#	G	D	E	R	K	N	Q	S	T	A	V	L	I	F	Y	W	H	M	C	P
0	0.01557	0.00955	0.01180	0.01102	0.01361	0.00938	0.00830	0.02149	0.15257	0.16380	0.21488	0.24032	0.06887	0.01477	0.00811	0.00246	0.00459	0.01295	0.00752	0.00843
1	0.01241	0.00899	0.01092	0.01123	0.01271	0.00909	0.00802	0.14623	0.01766	0.02360	0.03475	0.59736	0.04000	0.01952	0.00869	0.00274	0.00488	0.01744	0.00671	0.00707
2	0.01500	0.01424	0.02417	0.47593	0.29358	0.01623	0.02055	0.01956	0.01497	0.02008	0.01293	0.01848	0.01016	0.00683	0.00709	0.00228	0.00911	0.00633	0.00330	0.00917
3	0.18353	0.02063	0.01726	0.01453	0.01918	0.22402	0.01153	0.15248	0.07685	0.18671	0.01738	0.01716	0.01243	0.00795	0.00639	0.00210	0.00825	0.00567	0.00596	0.01002
4	0.01298	0.01267	0.01106	0.01039	0.01267	0.15152	0.00779	0.01561	0.01910	0.02378	0.39179	0.04914	0.22662	0.01403	0.00800	0.00220	0.00535	0.01177	0.00666	0.00684
5	0.01639	0.01788	0.03649	0.02606	0.03309	0.01628	0.54329	0.02182	0.01639	0.02289	0.01405	0.01831	0.01075	0.00585	0.00777	0.00213	0.01064	0.00755	0.00373	0.16865
6	0.01365	0.00935	0.01165	0.01108	0.01367	0.00853	0.00828	0.07224	0.01636	0.07915	0.03088	0.42229	0.03372	0.01633	0.00804	0.00243	0.00503	0.06423	0.00635	0.16674
7	0.02441	0.01764	0.01943	0.01577	0.01982	0.07651	0.01286	0.26998	0.08159	0.18364	0.04141	0.02006	0.01522	0.00960	0.01042	0.00235	0.15544	0.00675	0.00644	0.01066
8	0.01681	0.01921	0.04202	0.03001	0.03721	0.01801	0.67947	0.02281	0.01681	0.02281	0.01441	0.01921	0.01080	0.00600	0.00840	0.00240	0.01200	0.00840	0.00360	0.00960
9	0.09308	0.02132	0.01843	0.01543	0.02012	0.21464	0.01223	0.23009	0.14192	0.13433	0.01853	0.01818	0.01344	0.00828	0.00672	0.00212	0.00838	0.00608	0.00620	0.01050
10	0.25176	0.01720	0.01569	0.01346	0.01774	0.09489	0.01079	0.22800	0.10530	0.05164	0.04037	0.05902	0.01681	0.00943	0.00653	0.00226	0.00698	0.03666	0.00597	0.00951

[dist]
# distance from previous block
# <min> <max>
1	21

[block]
# block no. 2 follows, 29 sequences, length 20
# corresponding to MSA columns:
# 1043-1062
name=unknown_C
#
# <colnr> <probs for GDERKNQSTAVLIFYWHMCP>
#	G	D	E	R	K	N	Q	S	T	A	V	L	I	F	Y	W	H	M	C	P
0	0.16752	0.00985	0.01217	0.03927	0.04048	0.01024	0.00901	0.01796	0.01515	0.13033	0.12874	0.09892	0.07600	0.02225	0.18605	0.00461	0.00866	0.00928	0.00576	0.00774
1	0.01726	0.01509	0.02589	0.19336	0.03165	0.01583	0.24696	0.02547	0.17310	0.09211	0.01934	0.02339	0.01483	0.06213	0.00975	0.00271	0.00894	0.00784	0.00492	0.00945
2	0.01345	0.01266	0.02136	0.73264	0.04904	0.01582	0.01978	0.01819	0.01424	0.01819	0.01266	0.01898	0.00949	0.00712	0.00712	0.00237	0.00949	0.00633	0.00316	0.00791
3	0.01397	0.01368	0.02458	0.62297	0.04720	0.01616	0.12275	0.01891	0.01464	0.01891	0.01293	0.01902	0.00970	0.00694	0.00732	0.00238	0.00988	0.00665	0.00323	0.00817
4	0.02911	0.01569	0.01693	0.01344	0.01868	0.12158	0.01083	0.03239	0.04433	0.51802	0.02412	0.02172	0.01585	0.00831	0.00689	0.00205	0.00703	0.00654	0.00756	0.07894
5	0.01525	0.00800	0.01082	0.01098	0.01289	0.00729	0.00813	0.01710	0.01573	0.20588	0.03607	0.48457	0.03852	0.01840	0.00864	0.00274	0.00489	0.07933	0.00720	0.00757
6	0.00881	0.00630	0.00839	0.00982	0.01036	0.00588	0.00662	0.01026	0.01427	0.01920	0.10434	0.67710	0.04907	0.02155	0.00902	0.00283	0.00406	0.01952	0.00673	0.00588
7	0.01830	0.64209	0.14276	0.01345	0.02023	0.02636	0.01439	0.02151	0.01456	0.01766	0.01035	0.01199	0.00912	0.00620	0.00491	0.00164	0.00807	0.00403	0.00304	0.00935
8	0.01428	0.03683	0.71286	0.02030	0.03082	0.01654	0.02631	0.02255	0.01503	0.02255	0.01278	0.01503	0.00902	0.00677	0.00677	0.00226	0.01052	0.00526	0.00301	0.01052
9	0.00962	0.00748	0.01011	0.01111	0.01147	0.00797	0.00783	0.01090	0.01326	0.01804	0.03517	0.64570	0.04195	0.02097	0.01103	0.00292	0.10395	0.01833	0.00613	0.00606
10	0.23690	0.01660	0.06000	0.01344	0.01898	0.01611	0.01168	0.22817	0.04205	0.25948	0.01887	0.01812	0.01284	0.00803	0.00638	0.00219	0.00672	0.00594	0.00669	0.01080
11	0.01327	0.00664	0.00664	0.00664	0.00830	0.00664	0.00498	0.01659	0.01493	0.02655	0.02323	0.02655	0.01825	0.00830	0.00498	0.00166	0.00332	0.00664	0.78928	0.00664
12	0.00906	0.00649	0.00860	0.00966	0.01041	0.00604	0.00664	0.01087	0.01540	0.02099	0.21859	0.55775	0.05254	0.02021	0.00890	0.00272	0.00392	0.01825	0.00694	0.00604
13	0.01563	0.02310	0.22127	0.02583	0.03353	0.01678	0.45311	0.02205	0.01657	0.02316	0.06453	0.02058	0.01447	0.00684	0.00796	0.00235	0.01097	0.00788	0.00375	0.00964
14	0.01327	0.00664	0.00664	0.00664	0.00830	0.00664	0.00498	0.01659	0.01493	0.02655	0.02323	0.02655	0.01825	0.00830	0.00498	0.00166	0.00332	0.00664	0.78928	0.00664
15	0.00866	0.00624	0.00822	0.00979	0.01030	0.00579	0.00656	0.00993	0.01375	0.01823	0.04073	0.71458	0.07667	0.02212	0.00906	0.00287	0.00411	0.02001	0.00661	0.00579
16	0.02359	0.01441	0.01878	0.01653	0.06930	0.03264	0.05329	0.20959	0.02189	0.25559	0.04772	0.09407	0.01931	0.01128	0.00922	0.07053	0.00701	0.00834	0.00673	0.01018
17	0.02005	0.01277	0.01573	0.01310	0.01631	0.01384	0.01065	0.14312	0.01920	0.21081	0.03300	0.05587	0.18726	0.01234	0.01119	0.00246	0.17344	0.00919	0.03045	0.00922
18	0.01327	0.00664	0.00664	0.00664	0.00830	0.00664	0.00498	0.01659	0.01493	0.02655	0.02323	0.02655	0.01825	0.00830	0.00498	0.00166	0.00332	0.00664	0.78928	0.00664
19	0.12723	0.00851	0.00896	0.00881	0.01097	0.00877	0.00660	0.01798	0.06068	0.06575	0.06817	0.19095	0.02662	0.01179	0.00633	0.00214	0.00414	0.00988	0.34847	0.00724

[dist]
# distance from previous block
# <min> <max>
0	1

[block]
# block no. 3 follows, 29 sequences, length 36
# corresponding to MSA columns:
# 1064-1099
name=unknown_D
#
# <colnr> <probs for GDERKNQSTAVLIFYWHMCP>
#	G	D	E	R	K	N	Q	S	T	A	V	L	I	F	Y	W	H	M	C	P
0	0.01345	0.01266	0.02136	0.73264	0.04904	0.01582	0.01978	0.01819	0.01424	0.01819	0.01266	0.01898	0.00949	0.00712	0.00712	0.00237	0.00949	0.00633	0.00316	0.00791
1	0.01808	0.01226	0.01377	0.01176	0.01495	0.01343	0.00940	0.28425	0.02157	0.03149	0.01973	0.02308	0.01566	0.01950	0.18216	0.00426	0.00902	0.00679	0.28008	0.00878
2	0.01928	0.01440	0.01731	0.01396	0.01844	0.04152	0.04971	0.14772	0.07854	0.12379	0.02311	0.13209	0.04187	0.01033	0.00790	0.00209	0.04320	0.00859	0.00602	0.20014
3	0.01719	0.47532	0.29984	0.01534	0.02315	0.02365	0.01767	0.02180	0.01469	0.01901	0.01102	0.01283	0.00909	0.00635	0.00542	0.00181	0.00875	0.00437	0.00303	0.00968
4	0.07400	0.01179	0.01496	0.01189	0.01676	0.01086	0.00971	0.03196	0.06768	0.53973	0.02650	0.02393	0.01741	0.00868	0.00674	0.00215	0.00567	0.00697	0.10145	0.01114
5	0.09262	0.01100	0.01263	0.01048	0.01457	0.01016	0.00826	0.02121	0.09745	0.13162	0.21496	0.03289	0.09061	0.01021	0.00687	0.00196	0.00477	0.00848	0.00653	0.21270
6	0.01821	0.01250	0.01940	0.44843	0.03668	0.01440	0.01644	0.02276	0.03995	0.19174	0.01842	0.02403	0.01382	0.00865	0.00811	0.00242	0.04494	0.04517	0.00492	0.00900
7	0.01338	0.01194	0.01897	0.48220	0.08923	0.01398	0.01663	0.05004	0.01532	0.01996	0.02005	0.15707	0.04144	0.01038	0.00753	0.00244	0.00811	0.00926	0.00416	0.00791
8	0.00868	0.00620	0.00826	0.00991	0.01033	0.00578	0.00661	0.00991	0.01363	0.01818	0.03925	0.74510	0.04710	0.02231	0.00909	0.00289	0.00413	0.02024	0.00661	0.00578
9	0.28885	0.01142	0.01203	0.01037	0.01425	0.01170	0.00831	0.02330	0.06859	0.21075	0.18259	0.03028	0.07989	0.01018	0.00660	0.00224	0.00501	0.00804	0.00677	0.00879
10	0.02293	0.01852	0.04189	0.01782	0.02306	0.10218	0.14247	0.13020	0.17072	0.18902	0.02188	0.05164	0.01634	0.00875	0.00740	0.00226	0.00827	0.00767	0.00630	0.01065
11	0.05592	0.01570	0.01739	0.01427	0.01909	0.01699	0.01150	0.23889	0.28068	0.18817	0.04812	0.02338	0.01880	0.00917	0.00711	0.00226	0.00634	0.00733	0.00746	0.01142
12	0.01887	0.01633	0.02280	0.01676	0.02299	0.01539	0.16003	0.20885	0.05467	0.02961	0.01513	0.01702	0.01161	0.00659	0.00660	0.00173	0.00753	0.00597	0.00506	0.35646
13	0.01976	0.01316	0.01392	0.01142	0.01564	0.09358	0.00898	0.02256	0.01864	0.23805	0.19340	0.03225	0.09422	0.01017	0.00708	0.00193	0.00578	0.00838	0.00672	0.18434
14	0.80005	0.01377	0.01047	0.00936	0.01377	0.01597	0.00771	0.02093	0.01212	0.03195	0.00991	0.01157	0.00771	0.00661	0.00441	0.00220	0.00551	0.00386	0.00441	0.00771
15	0.00884	0.00633	0.00841	0.00980	0.01036	0.00590	0.00662	0.01033	0.01441	0.01941	0.11818	0.66265	0.04949	0.02138	0.00901	0.00281	0.00404	0.01937	0.00676	0.00590
16	0.00990	0.00700	0.00928	0.01021	0.01089	0.00706	0.00731	0.01141	0.01292	0.01734	0.03113	0.31557	0.03542	0.21767	0.13712	0.00547	0.00785	0.13527	0.00552	0.00564
17	0.02104	0.01342	0.01577	0.01257	0.01785	0.01267	0.01005	0.03001	0.25368	0.23510	0.02308	0.02179	0.01662	0.00789	0.00654	0.00188	0.00564	0.00646	0.00668	0.28128
18	0.00876	0.00626	0.00834	0.00986	0.01035	0.00584	0.00662	0.01012	0.01402	0.01879	0.07831	0.70429	0.04828	0.02185	0.00905	0.00285	0.00409	0.01981	0.00668	0.00584
19	0.03063	0.01270	0.01670	0.01297	0.01837	0.01152	0.01066	0.06242	0.07328	0.62901	0.02769	0.02411	0.01771	0.00887	0.00717	0.00222	0.00610	0.00720	0.00862	0.01205
20	0.01721	0.01018	0.01243	0.01059	0.01373	0.00981	0.00833	0.12152	0.02166	0.16819	0.37056	0.04132	0.09432	0.01236	0.00775	0.00219	0.00462	0.01051	0.05413	0.00859
21	0.06571	0.01112	0.01189	0.01005	0.01341	0.01154	0.00802	0.18378	0.02012	0.12726	0.02161	0.02300	0.01602	0.00833	0.00578	0.00189	0.00495	0.00649	0.44020	0.00882
22	0.01659	0.00868	0.01066	0.00970	0.01273	0.00750	0.00742	0.01860	0.01708	0.25736	0.04959	0.20449	0.31973	0.01581	0.00813	0.00244	0.00457	0.01348	0.00737	0.00807
23	0.01502	0.01223	0.01410	0.01390	0.01689	0.01361	0.01136	0.02788	0.40073	0.02613	0.03274	0.04976	0.03004	0.01398	0.00836	0.00279	0.00603	0.28826	0.00695	0.00924
24	0.24787	0.01901	0.01818	0.01449	0.01970	0.06176	0.01188	0.45415	0.02659	0.03956	0.01468	0.01526	0.01068	0.00792	0.00631	0.00214	0.00747	0.00557	0.00614	0.01062
25	0.02243	0.02219	0.02348	0.01894	0.02392	0.20327	0.13814	0.20887	0.20885	0.02937	0.01828	0.01899	0.01375	0.00806	0.00721	0.00218	0.00932	0.00676	0.00559	0.01040
26	0.28216	0.00920	0.00947	0.00938	0.01163	0.00963	0.00703	0.01498	0.01546	0.02666	0.26721	0.24336	0.04073	0.01411	0.00723	0.00242	0.00433	0.01194	0.00629	0.00678
27	0.01897	0.02186	0.01508	0.01391	0.01720	0.36670	0.01050	0.02359	0.12182	0.01994	0.03485	0.03415	0.25023	0.01138	0.00724	0.00212	0.00855	0.00872	0.00523	0.00794
28	0.01521	0.01462	0.02533	0.43460	0.29589	0.01635	0.05645	0.01982	0.01512	0.02036	0.01303	0.01848	0.01024	0.00677	0.00716	0.00228	0.00924	0.00645	0.00332	0.00927
29	0.05311	0.01752	0.01935	0.01513	0.02055	0.01888	0.01242	0.44587	0.10708	0.18470	0.02059	0.01954	0.01427	0.00867	0.00705	0.00219	0.00712	0.00668	0.00741	0.01186
30	0.01345	0.01266	0.02136	0.73264	0.04904	0.01582	0.01978	0.01819	0.01424	0.01819	0.01266	0.01898	0.00949	0.00712	0.00712	0.00237	0.00949	0.00633	0.00316	0.00791
31	0.00901	0.00724	0.00803	0.00783	0.00998	0.00626	0.00587	0.01136	0.01762	0.02254	0.29559	0.06308	0.47693	0.01680	0.00841	0.00235	0.00352	0.01426	0.00705	0.00626
32	0.00878	0.00645	0.00824	0.00944	0.01026	0.00591	0.00645	0.01030	0.01464	0.01934	0.10863	0.58176	0.14178	0.02095	0.00893	0.00276	0.00398	0.01879	0.00673	0.00591
33	0.03166	0.01258	0.01681	0.01289	0.01841	0.01115	0.01065	0.07303	0.02116	0.67084	0.02744	0.02381	0.01730	0.00880	0.00716	0.00220	0.00616	0.00712	0.00871	0.01212
34	0.00895	0.00639	0.00858	0.01023	0.01076	0.00602	0.00709	0.01039	0.01390	0.01849	0.03909	0.67979	0.04649	0.02205	0.00916	0.00293	0.00437	0.08285	0.00660	0.00586
35	0.01667	0.02017	0.07852	0.02948	0.03687	0.01793	0.64393	0.02280	0.01671	0.02280	0.01432	0.01898	0.01071	0.00604	0.00831	0.00239	0.01192	0.00823	0.00357	0.00965

[dist]
# distance from previous block
# <min> <max>
7	24

[block]
# block no. 4 follows, 29 sequences, length 33
# corresponding to MSA columns:
# 1135-1167
name=unknown_E
#
# <colnr> <probs for GDERKNQSTAVLIFYWHMCP>
#	G	D	E	R	K	N	Q	S	T	A	V	L	I	F	Y	W	H	M	C	P
0	0.15697	0.01847	0.01875	0.01718	0.07396	0.15782	0.04866	0.12671	0.01907	0.12097	0.02003	0.02120	0.07184	0.01037	0.03289	0.00253	0.06140	0.00659	0.00526	0.00932
1	0.80005	0.01377	0.01047	0.00936	0.01377	0.01597	0.00771	0.02093	0.01212	0.03195	0.00991	0.01157	0.00771	0.00661	0.00441	0.00220	0.00551	0.00386	0.00441	0.00771
2	0.01475	0.01417	0.01962	0.01708	0.01736	0.01935	0.01400	0.01696	0.03479	0.01730	0.01190	0.01926	0.01174	0.06415	0.09709	0.00421	0.58863	0.00671	0.00341	0.00754
3	0.02268	0.01457	0.01811	0.01554	0.04456	0.01516	0.04150	0.17155	0.22002	0.22421	0.06885	0.06830	0.02207	0.00997	0.00743	0.00230	0.00639	0.00844	0.00736	0.01099
4	0.02787	0.01173	0.01573	0.01234	0.01753	0.01007	0.01018	0.03072	0.01948	0.56299	0.05079	0.02815	0.02023	0.00939	0.00719	0.00215	0.00591	0.05257	0.00812	0.09685
5	0.00995	0.00727	0.00935	0.00883	0.01056	0.00667	0.00662	0.01320	0.01987	0.02786	0.65489	0.05433	0.11431	0.01482	0.00840	0.00225	0.00338	0.01304	0.00775	0.00667
6	0.02707	0.01995	0.02137	0.01638	0.02208	0.02208	0.01353	0.68159	0.03348	0.04488	0.01710	0.01710	0.01211	0.00855	0.00712	0.00214	0.00784	0.00641	0.00712	0.01211
7	0.01512	0.16396	0.59311	0.01886	0.02860	0.01860	0.02381	0.02233	0.01493	0.02152	0.01227	0.01439	0.00904	0.00665	0.00638	0.00213	0.01001	0.00500	0.00301	0.01028
8	0.03155	0.01276	0.01692	0.01297	0.01850	0.01142	0.01072	0.08793	0.02146	0.65551	0.02719	0.02365	0.01717	0.00879	0.00716	0.00220	0.00621	0.00710	0.00867	0.01212
9	0.01020	0.00738	0.00988	0.01087	0.01224	0.00705	0.00863	0.01287	0.01660	0.02218	0.20722	0.24860	0.08913	0.01898	0.00919	0.00286	0.00493	0.28795	0.00690	0.00636
10	0.02651	0.01926	0.02075	0.01608	0.02164	0.02127	0.01323	0.60406	0.08591	0.07020	0.01849	0.01814	0.01310	0.00865	0.00713	0.00216	0.00759	0.00657	0.00720	0.01204
11	0.01818	0.01553	0.01637	0.01459	0.01870	0.01793	0.01138	0.07029	0.65925	0.03055	0.02838	0.02609	0.02125	0.00960	0.00724	0.00240	0.00575	0.00797	0.00724	0.01131
12	0.00907	0.00648	0.00869	0.01021	0.01083	0.00610	0.00715	0.01066	0.01433	0.01915	0.07907	0.63072	0.04764	0.02155	0.00913	0.00289	0.00435	0.08939	0.00668	0.00592
13	0.01345	0.01266	0.02136	0.73264	0.04904	0.01582	0.01978	0.01819	0.01424	0.01819	0.01266	0.01898	0.00949	0.00712	0.00712	0.00237	0.00949	0.00633	0.00316	0.00791
14	0.00868	0.00620	0.00826	0.00991	0.01033	0.00578	0.00661	0.00991	0.01363	0.01818	0.03925	0.74510	0.04710	0.02231	0.00909	0.00289	0.00413	0.02024	0.00661	0.00578
15	0.01424	0.01344	0.02248	0.50831	0.21863	0.01552	0.01945	0.01867	0.01488	0.01958	0.01644	0.02162	0.05180	0.00758	0.00718	0.00231	0.00887	0.00686	0.00347	0.00868
16	0.01115	0.00720	0.00932	0.00932	0.01048	0.00785	0.00689	0.01347	0.01231	0.01909	0.02094	0.03088	0.01939	0.16457	0.38079	0.00765	0.01210	0.00782	0.24271	0.00608
17	0.56566	0.01465	0.01316	0.01102	0.01580	0.01635	0.00909	0.13932	0.01694	0.12071	0.01350	0.01416	0.00975	0.00723	0.00524	0.00219	0.00599	0.00473	0.00545	0.00905
18	0.01428	0.03683	0.71286	0.02030	0.03082	0.01654	0.02631	0.02255	0.01503	0.02255	0.01278	0.01503	0.00902	0.00677	0.00677	0.00226	0.01052	0.00526	0.00301	0.01052
19	0.25975	0.01300	0.01342	0.01018	0.01591	0.01151	0.00821	0.01887	0.01394	0.02593	0.01180	0.01377	0.00966	0.00569	0.00500	0.00141	0.00535	0.00411	0.00428	0.54820
20	0.25653	0.00930	0.00981	0.00908	0.01162	0.00961	0.00703	0.01578	0.01765	0.02961	0.48579	0.04020	0.04863	0.01208	0.00715	0.00223	0.00403	0.01006	0.00677	0.00703
21	0.01345	0.01266	0.02136	0.73264	0.04904	0.01582	0.01978	0.01819	0.01424	0.01819	0.01266	0.01898	0.00949	0.00712	0.00712	0.00237	0.00949	0.00633	0.00316	0.00791
22	0.01036	0.00690	0.00777	0.00777	0.00777	0.00690	0.00431	0.01036	0.01036	0.01381	0.02244	0.04660	0.02589	0.74975	0.03624	0.00690	0.00690	0.01036	0.00431	0.00431
23	0.01372	0.01293	0.02184	0.68828	0.09130	0.01589	0.01991	0.01843	0.01437	0.01852	0.01270	0.01890	0.00961	0.00707	0.00711	0.00236	0.00943	0.00633	0.00319	0.00813
24	0.00984	0.00669	0.00792	0.00842	0.00855	0.00656	0.00501	0.01022	0.01135	0.01514	0.02755	0.25896	0.03234	0.52859	0.02799	0.00568	0.00606	0.01336	0.00501	0.00476
25	0.00868	0.00620	0.00826	0.00991	0.01033	0.00578	0.00661	0.00991	0.01363	0.01818	0.03925	0.74510	0.04710	0.02231	0.00909	0.00289	0.00413	0.02024	0.00661	0.00578
26	0.01712	0.00877	0.01121	0.00990	0.01287	0.00788	0.00783	0.02007	0.01887	0.23927	0.28813	0.04512	0.13088	0.01289	0.00774	0.00226	0.00444	0.05324	0.09324	0.00829
27	0.80005	0.01377	0.01047	0.00936	0.01377	0.01597	0.00771	0.02093	0.01212	0.03195	0.00991	0.01157	0.00771	0.00661	0.00441	0.00220	0.00551	0.00386	0.00441	0.00771
28	0.01793	0.00982	0.01292	0.01238	0.01547	0.00928	0.01049	0.05369	0.01842	0.22656	0.03830	0.05896	0.11883	0.01568	0.00872	0.00279	0.00609	0.34800	0.00726	0.00842
29	0.00868	0.00620	0.00826	0.00991	0.01033	0.00578	0.00661	0.00991	0.01363	0.01818	0.03925	0.74510	0.04710	0.02231	0.00909	0.00289	0.00413	0.02024	0.00661	0.00578
30	0.01911	0.02062	0.01839	0.01640	0.01956	0.29940	0.08125	0.08865	0.04268	0.02162	0.02249	0.24557	0.02319	0.01257	0.00770	0.00233	0.00902	0.03622	0.00517	0.00806
31	0.02859	0.01750	0.01986	0.01522	0.02086	0.01846	0.01258	0.47978	0.02939	0.25246	0.02053	0.01932	0.01383	0.00863	0.00713	0.00216	0.00728	0.00664	0.00765	0.01211
32	0.30648	0.01326	0.01391	0.01098	0.01631	0.01280	0.00896	0.04655	0.03709	0.20426	0.01629	0.01649	0.01174	0.00692	0.00557	0.00185	0.00566	0.00504	0.00566	0.25419

[dist]
# distance from previous block
# <min> <max>
1	5

[block]
# block no. 5 follows, 29 sequences, length 19
# corresponding to MSA columns:
# 1173-1191
name=unknown_F
#
# <colnr> <probs for GDERKNQSTAVLIFYWHMCP>
#	G	D	E	R	K	N	Q	S	T	A	V	L	I	F	Y	W	H	M	C	P
0	0.40355	0.01188	0.01102	0.04447	0.01506	0.01238	0.00793	0.01806	0.03522	0.02648	0.02730	0.02776	0.18969	0.00949	0.00581	0.00208	0.00517	0.00708	0.00498	0.13457
1	0.01977	0.13166	0.39495	0.01658	0.02474	0.01614	0.01912	0.02545	0.01664	0.21497	0.04173	0.01849	0.01357	0.00753	0.00662	0.00213	0.00859	0.00586	0.00482	0.01063
2	0.00868	0.00620	0.00826	0.00991	0.01033	0.00578	0.00661	0.00991	0.01363	0.01818	0.03925	0.74510	0.04710	0.02231	0.00909	0.00289	0.00413	0.02024	0.00661	0.00578
3	0.01392	0.01428	0.02830	0.20644	0.03359	0.01441	0.34202	0.01841	0.01536	0.02047	0.02012	0.19944	0.01948	0.01034	0.00824	0.00252	0.00940	0.01081	0.00424	0.00822
4	0.02046	0.01028	0.01301	0.01104	0.01446	0.00970	0.00863	0.06216	0.05928	0.30161	0.21920	0.08590	0.03420	0.04348	0.00874	0.00243	0.00504	0.00984	0.07125	0.00929
5	0.02415	0.01046	0.01380	0.01126	0.01555	0.00911	0.00914	0.02687	0.01954	0.47212	0.13751	0.03771	0.13417	0.01154	0.00765	0.00228	0.00528	0.03348	0.00823	0.01013
6	0.74580	0.01365	0.01089	0.00960	0.01408	0.01558	0.00791	0.02190	0.01270	0.07985	0.01120	0.01246	0.00841	0.00677	0.00460	0.00220	0.00555	0.00409	0.00472	0.00802
7	0.00971	0.00729	0.00915	0.00975	0.01137	0.00673	0.00758	0.01221	0.01683	0.02210	0.22782	0.19896	0.23048	0.01835	0.00891	0.00268	0.00441	0.18244	0.00693	0.00630
8	0.02222	0.01595	0.02308	0.15489	0.27064	0.01674	0.01702	0.19414	0.02116	0.16753	0.01720	0.01908	0.01246	0.00756	0.00710	0.00219	0.00800	0.00652	0.00546	0.01105
9	0.01036	0.00690	0.00777	0.00777	0.00777	0.00690	0.00431	0.01036	0.01036	0.01381	0.02244	0.04660	0.02589	0.74975	0.03624	0.00690	0.00690	0.01036	0.00431	0.00431
10	0.00870	0.00669	0.00797	0.00878	0.01008	0.00596	0.00615	0.01035	0.01522	0.01952	0.11116	0.42054	0.30343	0.01996	0.00877	0.00264	0.00386	0.01756	0.00672	0.00596
11	0.02660	0.03394	0.02018	0.01834	0.02201	0.72116	0.01376	0.02843	0.02018	0.01743	0.01101	0.01284	0.00917	0.00734	0.00642	0.00183	0.01284	0.00459	0.00367	0.00825
12	0.02450	0.01395	0.01688	0.04867	0.01985	0.01440	0.01137	0.13219	0.22284	0.32336	0.07349	0.02563	0.02111	0.00935	0.00727	0.00227	0.00618	0.00768	0.00774	0.01128
13	0.01013	0.00681	0.00783	0.00806	0.00812	0.00675	0.00463	0.01030	0.01080	0.01440	0.02473	0.14174	0.02878	0.65067	0.03254	0.00636	0.00653	0.01170	0.00463	0.00451
14	0.00889	0.00655	0.00833	0.00933	0.01027	0.00599	0.00644	0.01060	0.01521	0.02022	0.16412	0.51565	0.15175	0.02025	0.00886	0.00270	0.00391	0.01811	0.00683	0.00599
15	0.04691	0.15702	0.28770	0.02201	0.17470	0.01744	0.01902	0.02328	0.01587	0.11669	0.01687	0.01832	0.03952	0.00730	0.00647	0.00209	0.00845	0.00585	0.00413	0.01037
16	0.02545	0.01832	0.01977	0.01554	0.02083	0.02020	0.01271	0.52312	0.13192	0.08067	0.01975	0.01928	0.01410	0.00872	0.00707	0.00217	0.00724	0.00671	0.03462	0.01179
17	0.02983	0.01379	0.01783	0.05584	0.02081	0.01322	0.01166	0.16955	0.02277	0.52982	0.02487	0.02243	0.01599	0.00866	0.00715	0.00220	0.00663	0.00695	0.00813	0.01187
18	0.10183	0.04887	0.13699	0.01224	0.01868	0.01241	0.01166	0.03893	0.01551	0.02487	0.06823	0.01750	0.01454	0.00657	0.00572	0.00154	0.00624	0.00511	0.00436	0.44822

[dist]
# distance from previous block
# <min> <max>
0	1

[block]
# block no. 6 follows, 29 sequences, length 27
# corresponding to MSA columns:
# 1193-1219
name=unknown_G
#
# <colnr> <probs for GDERKNQSTAVLIFYWHMCP>
#	G	D	E	R	K	N	Q	S	T	A	V	L	I	F	Y	W	H	M	C	P
0	0.01407	0.01079	0.01253	0.01101	0.01467	0.01007	0.00850	0.02063	0.17042	0.06394	0.09890	0.14401	0.11499	0.01234	0.00735	0.00211	0.00488	0.04066	0.00632	0.23179
1	0.01662	0.01884	0.04087	0.06896	0.03787	0.01789	0.64291	0.02255	0.01666	0.02255	0.01431	0.01920	0.01073	0.00606	0.00833	0.00240	0.01187	0.00829	0.00358	0.00951
2	0.01864	0.01397	0.02221	0.09419	0.08292	0.01415	0.15410	0.02639	0.16818	0.16427	0.13838	0.02755	0.02422	0.00900	0.00764	0.00231	0.00733	0.00845	0.00615	0.00995
3	0.01470	0.01414	0.02459	0.51669	0.20938	0.01624	0.06424	0.01940	0.01489	0.01975	0.01295	0.01867	0.01002	0.00685	0.00719	0.00231	0.00941	0.00647	0.00328	0.00885
4	0.00873	0.00630	0.00828	0.00974	0.01031	0.00584	0.00656	0.01011	0.01409	0.01876	0.07455	0.67806	0.07891	0.02171	0.00902	0.00284	0.00407	0.01962	0.00667	0.00584
5	0.01017	0.00763	0.01144	0.01144	0.01272	0.00890	0.00890	0.01272	0.01144	0.01653	0.01907	0.02797	0.01780	0.05340	0.72153	0.01144	0.01907	0.00763	0.00381	0.00636
6	0.00861	0.00701	0.00762	0.00792	0.00985	0.00602	0.00577	0.01042	0.01601	0.01978	0.11705	0.20858	0.51330	0.01864	0.00855	0.00249	0.00370	0.01594	0.00671	0.00602
7	0.01681	0.01921	0.04202	0.03001	0.03721	0.01801	0.67947	0.02281	0.01681	0.02281	0.01441	0.01921	0.01080	0.00600	0.00840	0.00240	0.01200	0.00840	0.00360	0.00960
8	0.03195	0.01212	0.01652	0.01267	0.01818	0.01047	0.01047	0.03470	0.02038	0.71026	0.02809	0.02424	0.01763	0.00881	0.00716	0.00220	0.00606	0.00716	0.00881	0.01212
9	0.01428	0.03683	0.71286	0.02030	0.03082	0.01654	0.02631	0.02255	0.01503	0.02255	0.01278	0.01503	0.00902	0.00677	0.00677	0.00226	0.01052	0.00526	0.00301	0.01052
10	0.01397	0.00782	0.01033	0.01068	0.01232	0.00726	0.00762	0.01630	0.04283	0.16501	0.03647	0.56327	0.03983	0.01894	0.00861	0.00273	0.00460	0.01698	0.00710	0.00735
11	0.01346	0.06857	0.28413	0.01315	0.01818	0.01259	0.01417	0.01793	0.01381	0.02125	0.01747	0.02440	0.01512	0.14483	0.04400	0.00332	0.03310	0.00662	0.22597	0.00792
12	0.01617	0.02366	0.21133	0.02756	0.03560	0.01764	0.51462	0.02274	0.01636	0.02274	0.01400	0.01815	0.01035	0.00619	0.00799	0.00236	0.01163	0.00761	0.00345	0.00984
13	0.03195	0.01212	0.01652	0.01267	0.01818	0.01047	0.01047	0.03470	0.02038	0.71026	0.02809	0.02424	0.01763	0.00881	0.00716	0.00220	0.00606	0.00716	0.00881	0.01212
14	0.80005	0.01377	0.01047	0.00936	0.01377	0.01597	0.00771	0.02093	0.01212	0.03195	0.00991	0.01157	0.00771	0.00661	0.00441	0.00220	0.00551	0.00386	0.00441	0.00771
15	0.00955	0.00666	0.00842	0.00919	0.00953	0.00661	0.00591	0.01042	0.01201	0.01616	0.02989	0.37038	0.03486	0.33047	0.10216	0.00555	0.00701	0.01466	0.00533	0.00523
16	0.01717	0.36536	0.29107	0.01770	0.06883	0.05543	0.01823	0.02188	0.01516	0.01962	0.01250	0.01631	0.01064	0.00702	0.00589	0.00193	0.00898	0.03338	0.00325	0.00965
17	0.01422	0.01152	0.01311	0.01014	0.01517	0.00944	0.00802	0.05077	0.03738	0.04385	0.05882	0.03042	0.18359	0.00922	0.00639	0.00157	0.00494	0.00757	0.00534	0.47851
18	0.04404	0.07333	0.04972	0.06650	0.09767	0.07293	0.09906	0.10238	0.01825	0.12170	0.04372	0.02245	0.03712	0.05770	0.01010	0.00253	0.05930	0.00707	0.00497	0.00947
19	0.01719	0.06328	0.01902	0.01453	0.01856	0.04951	0.09726	0.07892	0.18449	0.08152	0.15767	0.06692	0.09839	0.01108	0.00759	0.00227	0.00646	0.00967	0.00644	0.00922
20	0.00925	0.00674	0.00866	0.00978	0.01071	0.00629	0.00698	0.01098	0.01482	0.01957	0.11181	0.46200	0.12933	0.06093	0.01053	0.00304	0.00446	0.10159	0.00661	0.00593
21	0.01928	0.01474	0.02544	0.06198	0.22218	0.01435	0.18236	0.05262	0.01792	0.15123	0.06343	0.02265	0.01678	0.00762	0.00728	0.00218	0.00802	0.00748	0.09241	0.01006
22	0.01722	0.04294	0.18002	0.09365	0.44925	0.01679	0.02187	0.02226	0.01592	0.05319	0.01375	0.01727	0.01085	0.00661	0.00692	0.00215	0.00887	0.00606	0.00360	0.01080
23	0.01652	0.01311	0.01462	0.01309	0.01589	0.07308	0.04074	0.05177	0.22134	0.06050	0.05004	0.06224	0.08432	0.01489	0.01274	0.20187	0.00652	0.03312	0.00570	0.00788
24	0.00865	0.00682	0.00780	0.00841	0.00998	0.00598	0.00598	0.01034	0.01550	0.01953	0.10714	0.33494	0.39479	0.01946	0.00868	0.00258	0.00380	0.01693	0.00670	0.00598
25	0.02169	0.01598	0.01924	0.10142	0.05736	0.01673	0.01307	0.30377	0.07955	0.09625	0.01759	0.01870	0.01295	0.00921	0.03012	0.00229	0.00758	0.00621	0.00596	0.16434
26	0.01947	0.02165	0.16634	0.01954	0.10801	0.08979	0.04285	0.19572	0.02092	0.05808	0.02117	0.05626	0.06923	0.00900	0.00706	0.00214	0.00828	0.00740	0.04508	0.03202

[dist]
# distance from previous block
# <min> <max>
1	19

[block]
# block no. 7 follows, 29 sequences, length 28
# corresponding to MSA columns:
# 1239-1266
name=unknown_H
#
# <colnr> <probs for GDERKNQSTAVLIFYWHMCP>
#	G	D	E	R	K	N	Q	S	T	A	V	L	I	F	Y	W	H	M	C	P
0	0.04428	0.01632	0.01484	0.01372	0.01675	0.15676	0.01046	0.13238	0.13290	0.05720	0.04396	0.24536	0.02685	0.01337	0.00768	0.00242	0.00701	0.04281	0.00626	0.00868
1	0.01646	0.34638	0.38983	0.01723	0.02568	0.02164	0.05009	0.02203	0.01487	0.02005	0.01161	0.01366	0.00915	0.00644	0.00589	0.00194	0.00933	0.00478	0.00305	0.00988
2	0.01723	0.01552	0.07545	0.06799	0.05284	0.05916	0.07559	0.04976	0.01676	0.12314	0.04650	0.19384	0.02220	0.01125	0.00831	0.00228	0.04503	0.00977	0.00537	0.10203
3	0.00897	0.00650	0.00848	0.00953	0.01035	0.00601	0.00656	0.01072	0.01526	0.02057	0.18962	0.54695	0.09349	0.02030	0.00889	0.00271	0.00392	0.01826	0.00689	0.00601
4	0.01332	0.01203	0.01830	0.29674	0.10837	0.01427	0.01504	0.01705	0.04068	0.01877	0.02017	0.10541	0.04579	0.08858	0.01316	0.00303	0.12519	0.03229	0.00413	0.00768
5	0.01898	0.05334	0.12529	0.04889	0.22620	0.08986	0.01648	0.07347	0.01819	0.10616	0.04026	0.04145	0.09282	0.00893	0.00709	0.00216	0.00810	0.00748	0.00489	0.00994
6	0.01441	0.03596	0.67974	0.02078	0.03113	0.01661	0.05855	0.02256	0.01512	0.02256	0.01286	0.01524	0.00911	0.00673	0.00685	0.00226	0.01060	0.00542	0.00304	0.01048
7	0.00915	0.00690	0.00834	0.00866	0.01008	0.00622	0.00616	0.01121	0.01644	0.02175	0.27029	0.27180	0.25160	0.05605	0.01006	0.00273	0.00386	0.01568	0.00690	0.00609
8	0.04318	0.09616	0.13064	0.02421	0.21246	0.01714	0.08269	0.05277	0.09333	0.05591	0.05083	0.05946	0.01674	0.00836	0.00737	0.00222	0.02440	0.00735	0.00463	0.01012
9	0.01554	0.01598	0.04777	0.37224	0.20878	0.04520	0.01935	0.02035	0.04256	0.01994	0.01299	0.01808	0.01040	0.00778	0.00937	0.00239	0.11256	0.00628	0.00343	0.00900
10	0.01179	0.00647	0.00929	0.00929	0.00944	0.00662	0.00620	0.00985	0.00970	0.01309	0.01477	0.02639	0.01518	0.14443	0.11067	0.57494	0.00781	0.00702	0.00337	0.00367
11	0.01878	0.11286	0.28612	0.01882	0.02589	0.10622	0.08744	0.09155	0.09597	0.04035	0.01494	0.01655	0.01124	0.00745	0.00734	0.00217	0.03609	0.00585	0.00420	0.01017
12	0.01811	0.06531	0.12712	0.06757	0.26080	0.05657	0.09132	0.02236	0.01557	0.07060	0.01345	0.01701	0.01071	0.00759	0.00956	0.00229	0.12412	0.00620	0.00373	0.01001
13	0.05342	0.01876	0.01818	0.01682	0.05515	0.24056	0.08922	0.04912	0.01776	0.02122	0.05882	0.13894	0.14465	0.01191	0.00805	0.00227	0.03237	0.00993	0.00501	0.00785
14	0.01308	0.00975	0.01316	0.06452	0.04677	0.01120	0.00995	0.05732	0.01424	0.02130	0.02056	0.10950	0.01947	0.06258	0.21240	0.00513	0.10045	0.00861	0.19286	0.00713
15	0.00925	0.00717	0.00831	0.00815	0.01002	0.00635	0.00600	0.01163	0.01756	0.02305	0.34576	0.09685	0.35701	0.04953	0.00969	0.00256	0.00367	0.01415	0.00705	0.00624
16	0.01952	0.70800	0.03622	0.01258	0.01851	0.07248	0.01228	0.02178	0.01483	0.01680	0.00997	0.01151	0.00914	0.00617	0.00469	0.00154	0.00795	0.00386	0.00309	0.00908
17	0.00947	0.00725	0.00867	0.00832	0.01026	0.00646	0.00624	0.01226	0.01872	0.02514	0.47077	0.05881	0.30013	0.01583	0.00840	0.00230	0.00345	0.01367	0.00739	0.00646
18	0.01733	0.35047	0.31288	0.01822	0.05845	0.06042	0.04927	0.02231	0.01521	0.01977	0.01152	0.01364	0.00927	0.00644	0.00587	0.00191	0.00934	0.00478	0.00311	0.00978
19	0.02133	0.05359	0.02395	0.02463	0.23034	0.08009	0.07798	0.06245	0.13287	0.15593	0.05044	0.02142	0.01654	0.00792	0.00712	0.00216	0.00795	0.00700	0.00555	0.01073
20	0.00926	0.00667	0.00889	0.01046	0.01123	0.00631	0.00758	0.01096	0.01435	0.01889	0.04054	0.57061	0.07819	0.02154	0.00921	0.00295	0.00462	0.15518	0.00660	0.00596
21	0.01824	0.01695	0.02805	0.02448	0.12863	0.04159	0.28156	0.11116	0.06231	0.06112	0.02371	0.04439	0.09013	0.00890	0.00787	0.00233	0.00897	0.02474	0.00505	0.00981
22	0.01636	0.01561	0.09753	0.11989	0.07129	0.05955	0.01359	0.04457	0.07426	0.10476	0.02645	0.11337	0.09011	0.01535	0.08188	0.00327	0.00853	0.00908	0.02578	0.00878
23	0.01491	0.01499	0.02754	0.43319	0.12145	0.01684	0.18817	0.01974	0.01494	0.01991	0.01301	0.01869	0.01003	0.00704	0.00833	0.00239	0.04993	0.00685	0.00332	0.00873
24	0.02069	0.01277	0.08620	0.01229	0.01649	0.00979	0.01068	0.04750	0.01878	0.33359	0.15659	0.18592	0.03239	0.01263	0.00777	0.00236	0.00566	0.01088	0.00748	0.00954
25	0.06017	0.02012	0.15555	0.23964	0.03105	0.09786	0.05926	0.05433	0.03016	0.07178	0.04254	0.03886	0.03867	0.00849	0.00710	0.00228	0.00901	0.01978	0.00441	0.00895
26	0.01846	0.12409	0.23160	0.14063	0.02957	0.05492	0.07817	0.13485	0.01869	0.05616	0.01582	0.01802	0.03310	0.00747	0.00679	0.00215	0.00931	0.00610	0.00422	0.00988
27	0.02675	0.01169	0.01533	0.01237	0.01697	0.01066	0.00996	0.06404	0.05616	0.51247	0.08297	0.10152	0.02463	0.01071	0.00746	0.00229	0.00571	0.00899	0.00833	0.01098

[dist]
# distance from previous block
# <min> <max>
1	5

[block]
# block no. 8 follows, 29 sequences, length 11
# corresponding to MSA columns:
# 1272-1282
name=unknown_I
#
# <colnr> <probs for GDERKNQSTAVLIFYWHMCP>
#	G	D	E	R	K	N	Q	S	T	A	V	L	I	F	Y	W	H	M	C	P
0	0.01670	0.07456	0.01979	0.10897	0.02258	0.03051	0.09946	0.03882	0.05721	0.12352	0.07655	0.03747	0.10867	0.01343	0.04430	0.00285	0.00785	0.10249	0.00570	0.00858
1	0.00919	0.00645	0.00846	0.00955	0.01030	0.00603	0.00656	0.01099	0.01511	0.02082	0.18195	0.56161	0.05010	0.01997	0.00875	0.00269	0.00393	0.01801	0.04351	0.00603
2	0.06686	0.01494	0.02114	0.38658	0.12606	0.01735	0.01724	0.14598	0.08725	0.02596	0.01509	0.01875	0.01136	0.00751	0.00695	0.00229	0.00840	0.00637	0.00445	0.00948
3	0.01997	0.19648	0.06824	0.02461	0.25147	0.02091	0.01659	0.19505	0.01989	0.02708	0.01359	0.01603	0.01098	0.00734	0.00739	0.00203	0.05336	0.00569	0.03275	0.01055
4	0.01713	0.01695	0.03054	0.09996	0.53322	0.01701	0.13610	0.02171	0.01615	0.02275	0.01351	0.01802	0.01104	0.00635	0.00729	0.00219	0.00916	0.00670	0.00351	0.01070
5	0.01076	0.00900	0.00979	0.01013	0.01181	0.05563	0.00768	0.01318	0.01720	0.02222	0.25790	0.21757	0.18995	0.01743	0.00866	0.00257	0.00477	0.12053	0.00680	0.00643
6	0.01764	0.01498	0.08562	0.05230	0.05326	0.01318	0.05190	0.17195	0.02133	0.10544	0.21682	0.11002	0.03195	0.01134	0.00775	0.00230	0.00656	0.00991	0.00647	0.00929
7	0.01362	0.01015	0.01125	0.01088	0.01298	0.04333	0.00810	0.05749	0.04553	0.08594	0.07050	0.32010	0.21074	0.01695	0.00910	0.00256	0.04238	0.01446	0.00661	0.00733
8	0.00868	0.00620	0.00826	0.00991	0.01033	0.00578	0.00661	0.00991	0.01363	0.01818	0.03925	0.74510	0.04710	0.02231	0.00909	0.00289	0.00413	0.02024	0.00661	0.00578
9	0.01546	0.08011	0.44018	0.02302	0.03212	0.01783	0.24568	0.02255	0.01559	0.02224	0.01313	0.01619	0.00963	0.00646	0.00717	0.00225	0.01082	0.00622	0.00321	0.01012
10	0.01687	0.01529	0.02189	0.34383	0.20895	0.05684	0.01788	0.06339	0.06543	0.04638	0.01754	0.02255	0.03523	0.00804	0.00720	0.00229	0.00863	0.02816	0.00425	0.00935

[dist]
# distance from previous block
# <min> <max>
0	5

[block]
# block no. 9 follows, 29 sequences, length 15
# corresponding to MSA columns:
# 1288-1302
name=unknown_J
#
# <colnr> <probs for GDERKNQSTAVLIFYWHMCP>
#	G	D	E	R	K	N	Q	S	T	A	V	L	I	F	Y	W	H	M	C	P
0	0.01600	0.01744	0.03466	0.07746	0.03283	0.01831	0.45402	0.02071	0.01514	0.02100	0.01396	0.04332	0.01162	0.00815	0.01182	0.00258	0.18035	0.00815	0.00356	0.00893
1	0.01174	0.08974	0.23652	0.01328	0.01771	0.01159	0.01347	0.01570	0.01533	0.02129	0.14632	0.31591	0.03479	0.01436	0.00778	0.00244	0.00638	0.01252	0.00533	0.00780
2	0.01488	0.12725	0.62769	0.01927	0.02924	0.01800	0.02453	0.02240	0.01496	0.02182	0.01242	0.01458	0.00904	0.00668	0.00649	0.00216	0.01016	0.00508	0.00301	0.01035
3	0.01879	0.01841	0.02678	0.10487	0.52607	0.08660	0.02026	0.06983	0.01766	0.02377	0.01336	0.01724	0.01096	0.00668	0.00700	0.00211	0.00894	0.00617	0.00376	0.01072
4	0.13587	0.01241	0.01572	0.21651	0.02530	0.01397	0.01294	0.10622	0.06919	0.06528	0.02261	0.10660	0.02102	0.01155	0.00745	0.00254	0.00704	0.13381	0.00553	0.00844
5	0.01953	0.02102	0.01559	0.01419	0.01732	0.33436	0.01084	0.10396	0.02080	0.02338	0.14780	0.06711	0.11969	0.01162	0.00744	0.00215	0.00848	0.04124	0.00555	0.00795
6	0.19268	0.07801	0.08065	0.01207	0.01583	0.08674	0.01035	0.01968	0.01522	0.10527	0.05599	0.22749	0.02419	0.03584	0.00776	0.00246	0.00654	0.00983	0.00541	0.00798
7	0.01383	0.01144	0.01526	0.07444	0.01847	0.01330	0.02633	0.08347	0.12799	0.02214	0.02330	0.08203	0.05447	0.02852	0.29605	0.00612	0.08116	0.00872	0.00495	0.00802
8	0.02447	0.02494	0.02113	0.02042	0.10773	0.31962	0.01439	0.23601	0.11086	0.02847	0.01556	0.01657	0.01199	0.00790	0.00683	0.00204	0.00977	0.00583	0.00521	0.01025
9	0.01520	0.01221	0.01274	0.01230	0.01470	0.07998	0.00942	0.08396	0.10362	0.06071	0.13363	0.25657	0.05857	0.01551	0.00827	0.00255	0.00584	0.09956	0.00675	0.00793
10	0.08967	0.02924	0.48882	0.01722	0.02566	0.01570	0.02064	0.08580	0.01672	0.02523	0.02041	0.02165	0.09662	0.00835	0.00678	0.00226	0.00891	0.00647	0.00400	0.00984
11	0.01805	0.18089	0.08490	0.14815	0.07174	0.05745	0.06494	0.08799	0.10206	0.02286	0.01432	0.01703	0.01136	0.00773	0.00820	0.00219	0.08049	0.00596	0.00411	0.00959
12	0.01638	0.08833	0.02123	0.30115	0.03061	0.10530	0.05201	0.02160	0.07964	0.02052	0.01521	0.01911	0.01198	0.00779	0.00771	0.00217	0.06112	0.00618	0.12368	0.00829
13	0.01271	0.05238	0.07151	0.12440	0.02033	0.06320	0.01219	0.01540	0.01463	0.01926	0.08873	0.32413	0.03061	0.01478	0.00990	0.00258	0.09858	0.01241	0.00506	0.00719
14	0.01971	0.06192	0.03139	0.03126	0.29197	0.12261	0.22229	0.08812	0.01859	0.02402	0.01352	0.01700	0.01078	0.00659	0.00724	0.00213	0.01009	0.00658	0.00390	0.01028

[dist]
# distance from previous block
# <min> <max>
6	53

[block]
# block no. 10 follows, 29 sequences, length 16
# corresponding to MSA columns:
# 1367-1382
name=unknown_K
#
# <colnr> <probs for GDERKNQSTAVLIFYWHMCP>
#	G	D	E	R	K	N	Q	S	T	A	V	L	I	F	Y	W	H	M	C	P
0	0.11723	0.04663	0.14742	0.04119	0.01997	0.12310	0.01345	0.09903	0.01828	0.02530	0.09656	0.08135	0.06833	0.01086	0.00710	0.00229	0.00772	0.06063	0.00512	0.00846
1	0.09330	0.04224	0.04243	0.01479	0.02009	0.01962	0.01248	0.43137	0.11371	0.06530	0.01841	0.01841	0.01334	0.00837	0.00668	0.00214	0.00709	0.00631	0.05279	0.01114
2	0.02512	0.01898	0.02027	0.01599	0.02134	0.02117	0.01306	0.54730	0.17094	0.04173	0.01958	0.01907	0.01412	0.00878	0.00715	0.00220	0.00738	0.00675	0.00715	0.01193
3	0.01816	0.02564	0.24177	0.01631	0.02298	0.15947	0.01613	0.06854	0.07738	0.02367	0.01400	0.01569	0.01083	0.00703	0.00689	0.00186	0.03309	0.00519	0.00415	0.23121
4	0.05112	0.01568	0.01742	0.01416	0.01813	0.10458	0.01147	0.02588	0.01699	0.30191	0.04414	0.01992	0.01504	0.00901	0.01037	0.00218	0.17191	0.00624	0.00592	0.13792
5	0.01518	0.17298	0.58462	0.01876	0.02844	0.01875	0.02363	0.02232	0.01493	0.02145	0.01223	0.01435	0.00904	0.00664	0.00635	0.00212	0.00997	0.00499	0.00301	0.01026
6	0.01904	0.75404	0.03731	0.01218	0.01828	0.02818	0.01218	0.02132	0.01447	0.01675	0.00990	0.01142	0.00914	0.00609	0.00457	0.00152	0.00761	0.00381	0.00305	0.00914
7	0.01428	0.03683	0.71286	0.02030	0.03082	0.01654	0.02631	0.02255	0.01503	0.02255	0.01278	0.01503	0.00902	0.00677	0.00677	0.00226	0.01052	0.00526	0.00301	0.01052
8	0.80005	0.01377	0.01047	0.00936	0.01377	0.01597	0.00771	0.02093	0.01212	0.03195	0.00991	0.01157	0.00771	0.00661	0.00441	0.00220	0.00551	0.00386	0.00441	0.00771
