[name]
unknown

[dist]
# distance from previous block
# <min> <max>
0	48

[block]
# block no. 0 follows, 32 sequences, length 15
# corresponding to MSA columns:
# 89-103
name=unknown_A
#
# <colnr> <probs for GDERKNQSTAVLIFYWHMCP>
#	G	D	E	R	K	N	Q	S	T	A	V	L	I	F	Y	W	H	M	C	P
0	0.01050	0.00786	0.00966	0.00979	0.01148	0.00769	0.00744	0.05433	0.05841	0.02293	0.25246	0.25396	0.13694	0.01633	0.00816	0.00245	0.00423	0.11218	0.00665	0.00653
1	0.01237	0.01153	0.01842	0.51395	0.03596	0.01453	0.01615	0.01584	0.01279	0.01697	0.01499	0.12431	0.01403	0.00965	0.00965	0.00243	0.13800	0.00784	0.00344	0.00714
2	0.67125	0.01173	0.00950	0.00891	0.01241	0.01338	0.00709	0.01791	0.01167	0.02784	0.01417	0.14172	0.01375	0.00881	0.00492	0.00219	0.00496	0.00633	0.00452	0.00695
3	0.01657	0.01495	0.02461	0.06351	0.47933	0.01595	0.03640	0.02006	0.01474	0.06264	0.04359	0.01820	0.01288	0.00748	0.00943	0.00219	0.13771	0.00633	0.00371	0.00974
4	0.01912	0.01432	0.01630	0.07006	0.01981	0.04317	0.01038	0.17991	0.01892	0.11796	0.01474	0.01583	0.01102	0.00635	0.00579	0.00150	0.00625	0.00499	0.00508	0.41846
5	0.01371	0.01169	0.01368	0.00987	0.01562	0.00882	0.00787	0.01670	0.01415	0.02210	0.04532	0.01562	0.01246	0.00538	0.00511	0.00105	0.00488	0.00436	0.00414	0.76747
6	0.29649	0.01294	0.05386	0.01074	0.01426	0.01314	0.00910	0.04389	0.14141	0.02664	0.14472	0.02809	0.11473	0.00990	0.00710	0.00220	0.05002	0.00754	0.00542	0.00781
7	0.00950	0.00829	0.03475	0.01047	0.05256	0.00713	0.00750	0.01205	0.01585	0.02135	0.30872	0.10556	0.24832	0.05592	0.06917	0.00314	0.00520	0.01215	0.00606	0.00630
8	0.02605	0.01144	0.01460	0.01169	0.01628	0.01070	0.00949	0.03156	0.13941	0.53677	0.02617	0.02343	0.01734	0.00840	0.00656	0.00206	0.00539	0.00685	0.08502	0.01078
9	0.01628	0.01412	0.02099	0.41595	0.15291	0.01635	0.01712	0.17794	0.01789	0.02383	0.01366	0.03846	0.01082	0.00744	0.00715	0.00217	0.02766	0.00636	0.00401	0.00886
10	0.02178	0.02066	0.01780	0.01522	0.01942	0.21784	0.01194	0.24176	0.30543	0.02930	0.01910	0.01864	0.01435	0.00817	0.00658	0.00204	0.00784	0.00620	0.00586	0.01008
11	0.00964	0.00743	0.00898	0.00985	0.01102	0.00743	0.00689	0.01397	0.13490	0.01914	0.03830	0.56399	0.10574	0.01855	0.00820	0.00260	0.00409	0.01659	0.00633	0.00637
12	0.01665	0.04408	0.20365	0.04717	0.38575	0.01553	0.06986	0.02154	0.01535	0.07898	0.02928	0.01720	0.01162	0.00643	0.00663	0.00204	0.00841	0.00599	0.00368	0.01016
13	0.01410	0.04633	0.15889	0.02226	0.02878	0.01509	0.42989	0.01933	0.01536	0.02065	0.02264	0.02524	0.13374	0.00777	0.00751	0.00221	0.00953	0.00831	0.00377	0.00860
14	0.01376	0.01304	0.02210	0.55191	0.23383	0.01519	0.01918	0.01810	0.01393	0.01847	0.01212	0.01753	0.00941	0.00651	0.00669	0.00217	0.00867	0.00597	0.00308	0.00833

[dist]
# distance from previous block
# <min> <max>
9	14

[block]
# block no. 1 follows, 32 sequences, length 11
# corresponding to MSA columns:
# 118-128
name=unknown_B
#
# <colnr> <probs for GDERKNQSTAVLIFYWHMCP>
#	G	D	E	R	K	N	Q	S	T	A	V	L	I	F	Y	W	H	M	C	P
0	0.01647	0.01250	0.01548	0.11116	0.05439	0.04834	0.02932	0.11476	0.09632	0.09340	0.01888	0.02624	0.01640	0.20172	0.11132	0.00436	0.00875	0.00732	0.00490	0.00796
1	0.01455	0.01399	0.02314	0.24366	0.30701	0.01567	0.05137	0.01816	0.01374	0.01927	0.01301	0.05385	0.01146	0.00786	0.00934	0.00224	0.13320	0.00663	0.00333	0.03849
2	0.00927	0.00723	0.00887	0.00839	0.01010	0.00683	0.00636	0.01189	0.01741	0.02365	0.48169	0.05285	0.26428	0.01464	0.00862	0.00220	0.04030	0.01245	0.00681	0.00617
3	0.02122	0.30575	0.02453	0.01460	0.01896	0.36967	0.01208	0.02552	0.11382	0.01781	0.01235	0.01341	0.01029	0.00678	0.00550	0.00170	0.00930	0.00450	0.00371	0.00849
4	0.00815	0.00681	0.00710	0.00703	0.00920	0.00576	0.00527	0.01005	0.01581	0.01936	0.15914	0.06255	0.62767	0.01653	0.00793	0.00224	0.00337	0.01388	0.00639	0.00576
5	0.81159	0.01298	0.00986	0.00882	0.01298	0.01505	0.00727	0.01972	0.01142	0.03010	0.00934	0.01090	0.00727	0.00623	0.00415	0.00208	0.00519	0.00363	0.00415	0.00727
6	0.00936	0.00649	0.00807	0.00833	0.00879	0.00648	0.00538	0.01034	0.01185	0.01616	0.12192	0.19772	0.03325	0.41142	0.11034	0.00559	0.00686	0.01180	0.00494	0.00492
7	0.01877	0.01253	0.01482	0.01108	0.01648	0.01079	0.00889	0.10533	0.04230	0.17632	0.01652	0.01775	0.01254	0.03764	0.00684	0.00163	0.00550	0.00520	0.00536	0.47370
8	0.01519	0.01227	0.01940	0.03994	0.15246	0.01262	0.10587	0.05355	0.01578	0.08592	0.13612	0.08732	0.02396	0.08455	0.01165	0.00265	0.09272	0.00875	0.00494	0.03432
9	0.03808	0.04187	0.10373	0.03827	0.03962	0.01180	0.02882	0.04741	0.07555	0.06754	0.02003	0.12637	0.04258	0.00881	0.00626	0.00181	0.00602	0.00746	0.00478	0.28318
10	0.01514	0.01348	0.02043	0.12250	0.30414	0.03276	0.03761	0.04317	0.08437	0.04046	0.04336	0.06973	0.01659	0.01404	0.10927	0.00334	0.00892	0.00745	0.00427	0.00897

[dist]
# distance from previous block
# <min> <max>
2	20

[block]
# block no. 2 follows, 32 sequences, length 41
# corresponding to MSA columns:
# 150-190
name=unknown_C
#
# <colnr> <probs for GDERKNQSTAVLIFYWHMCP>
#	G	D	E	R	K	N	Q	S	T	A	V	L	I	F	Y	W	H	M	C	P
0	0.01495	0.01437	0.10425	0.01861	0.10897	0.01197	0.12487	0.01888	0.03148	0.11659	0.07388	0.17132	0.06203	0.01133	0.00855	0.00234	0.05943	0.03263	0.00513	0.00840
1	0.01275	0.01030	0.01499	0.19780	0.05645	0.01096	0.04548	0.01782	0.11135	0.05103	0.05325	0.20985	0.05417	0.05940	0.00897	0.00255	0.00615	0.01039	0.02771	0.03863
2	0.01772	0.03421	0.07252	0.07679	0.34227	0.04239	0.08432	0.08356	0.01706	0.07224	0.03432	0.01899	0.01282	0.00688	0.00673	0.00202	0.00813	0.02186	0.00413	0.04104
3	0.04904	0.10482	0.25370	0.01895	0.11841	0.05030	0.03519	0.02386	0.07752	0.13564	0.01729	0.01818	0.03633	0.00731	0.00663	0.00204	0.02486	0.00582	0.00437	0.00974
4	0.01243	0.01031	0.01668	0.47559	0.03293	0.01260	0.01445	0.01459	0.01184	0.01548	0.01200	0.01934	0.01025	0.04101	0.01393	0.21189	0.05946	0.00607	0.00300	0.00613
5	0.03469	0.00946	0.01046	0.01055	0.01243	0.04009	0.00805	0.04499	0.07734	0.04508	0.03766	0.27850	0.17979	0.01647	0.00900	0.03110	0.02580	0.11590	0.00598	0.00666
6	0.02139	0.05636	0.20535	0.02010	0.12495	0.03982	0.09059	0.04509	0.01704	0.28620	0.01763	0.01802	0.01213	0.00700	0.00662	0.00205	0.00808	0.00604	0.00515	0.01039
7	0.01315	0.01876	0.22631	0.01707	0.04350	0.01532	0.04252	0.01687	0.01286	0.01893	0.07335	0.02384	0.03392	0.06197	0.04182	0.00309	0.29115	0.03413	0.00363	0.00783
8	0.00901	0.00721	0.00959	0.07360	0.04263	0.00696	0.00766	0.01095	0.01414	0.01835	0.09723	0.36961	0.24191	0.01858	0.03822	0.00280	0.00488	0.01488	0.00581	0.00600
9	0.01709	0.01489	0.02472	0.08203	0.52754	0.01496	0.04119	0.04597	0.01619	0.07373	0.03973	0.02001	0.03781	0.00692	0.00679	0.00204	0.00764	0.00660	0.00403	0.01013
10	0.02287	0.01368	0.04801	0.02000	0.19307	0.01211	0.03991	0.06389	0.01825	0.37639	0.04432	0.02509	0.05080	0.00848	0.00693	0.00211	0.00658	0.03070	0.00636	0.01045
11	0.01542	0.01579	0.02220	0.16504	0.08971	0.12982	0.18110	0.01894	0.01573	0.04320	0.06918	0.07603	0.08958	0.00916	0.00765	0.00218	0.02872	0.00840	0.00424	0.00791
12	0.01469	0.01465	0.05245	0.42640	0.29395	0.01556	0.01937	0.04681	0.01488	0.02012	0.01236	0.01719	0.00965	0.00648	0.00667	0.00213	0.00856	0.00593	0.00325	0.00889
13	0.02187	0.04680	0.02256	0.05080	0.14052	0.15631	0.09319	0.19547	0.02051	0.11960	0.01539	0.01691	0.01140	0.00708	0.00652	0.00195	0.00845	0.00593	0.04900	0.00975
14	0.02108	0.44525	0.02814	0.01394	0.01877	0.30405	0.01212	0.05466	0.01658	0.01728	0.01005	0.01154	0.00875	0.00631	0.00510	0.00158	0.00911	0.00399	0.00328	0.00842
15	0.01681	0.01492	0.08041	0.03796	0.11605	0.01251	0.03448	0.05169	0.11331	0.10664	0.01756	0.02113	0.01403	0.02824	0.00704	0.00192	0.00648	0.03854	0.00488	0.27540
16	0.01638	0.09592	0.40120	0.01831	0.02556	0.11974	0.07763	0.06555	0.01585	0.02107	0.01265	0.03943	0.01010	0.00720	0.00714	0.00207	0.04603	0.00559	0.00335	0.00924
17	0.00895	0.00646	0.00821	0.00925	0.00989	0.00623	0.00628	0.01092	0.04215	0.01775	0.07677	0.53508	0.05848	0.12653	0.01214	0.00322	0.00437	0.04575	0.00601	0.00556
18	0.01375	0.03283	0.65473	0.02064	0.05774	0.01569	0.06954	0.02124	0.01432	0.02129	0.01217	0.01453	0.00870	0.00631	0.00649	0.00213	0.00993	0.00520	0.00289	0.00989
19	0.01578	0.01658	0.05564	0.17910	0.43691	0.03537	0.10506	0.02010	0.01491	0.02060	0.01243	0.01679	0.01005	0.00626	0.00715	0.00210	0.02620	0.00613	0.00324	0.00961
20	0.01241	0.01068	0.04958	0.01538	0.08102	0.00943	0.08382	0.05921	0.01505	0.05938	0.02900	0.48380	0.03206	0.01568	0.00798	0.00249	0.00570	0.01441	0.00563	0.00727
21	0.02673	0.01420	0.01692	0.01312	0.01819	0.01420	0.01079	0.29403	0.04848	0.39820	0.02446	0.02231	0.04909	0.00866	0.00679	0.00207	0.00624	0.00686	0.00752	0.01111
22	0.01273	0.01191	0.01990	0.65588	0.08921	0.01447	0.01811	0.01704	0.01366	0.01758	0.01445	0.02097	0.03273	0.00733	0.00682	0.00225	0.00862	0.02558	0.00320	0.00757
23	0.02088	0.05181	0.06559	0.06387	0.07049	0.20276	0.04226	0.20280	0.08444	0.05356	0.01548	0.04376	0.01233	0.00794	0.00704	0.00203	0.03256	0.00615	0.00480	0.00944
24	0.05599	0.01844	0.02139	0.16964	0.19531	0.21093	0.06973	0.02024	0.01525	0.01903	0.01400	0.08952	0.01281	0.00819	0.00754	0.00212	0.05118	0.00687	0.00360	0.00822
25	0.01777	0.01841	0.06780	0.03101	0.36383	0.06430	0.17988	0.05128	0.06482	0.05323	0.01443	0.01736	0.01125	0.00639	0.00691	0.00207	0.00884	0.00642	0.00392	0.01009
26	0.00840	0.00588	0.00781	0.00919	0.00964	0.00548	0.00615	0.00932	0.01268	0.01681	0.03663	0.68035	0.07144	0.02100	0.00972	0.05623	0.00400	0.01798	0.00601	0.00529
27	0.01361	0.01555	0.10968	0.01425	0.05863	0.09845	0.02837	0.06446	0.04338	0.02059	0.04915	0.24799	0.09334	0.06207	0.00905	0.00250	0.00659	0.01087	0.00503	0.04645
28	0.00852	0.00671	0.00769	0.00769	0.00949	0.00588	0.00567	0.01068	0.01633	0.02115	0.29698	0.14153	0.40522	0.01630	0.00800	0.00226	0.00337	0.01402	0.00664	0.00588
29	0.01960	0.41333	0.02763	0.01477	0.06519	0.13779	0.01212	0.11413	0.01710	0.02060	0.01093	0.01245	0.00928	0.00618	0.00515	0.00155	0.00781	0.00424	0.00364	0.09650
30	0.00866	0.00627	0.00831	0.00956	0.01031	0.00580	0.00665	0.01013	0.01334	0.01794	0.06406	0.64907	0.04335	0.01989	0.00845	0.00266	0.00408	0.06792	0.00618	0.03739
31	0.01596	0.32730	0.31250	0.03942	0.09151	0.03950	0.04768	0.02076	0.01424	0.01887	0.01102	0.01325	0.00884	0.00607	0.00563	0.00183	0.00872	0.00464	0.00294	0.00929
32	0.01488	0.14926	0.30315	0.02149	0.14796	0.01693	0.09174	0.02118	0.06529	0.02104	0.04355	0.04644	0.01367	0.00721	0.00642	0.00203	0.00840	0.00628	0.00360	0.00945
33	0.01451	0.00843	0.01082	0.00946	0.01202	0.00780	0.00734	0.05353	0.01955	0.17067	0.51061	0.04335	0.07993	0.01245	0.00761	0.00211	0.00392	0.01079	0.00749	0.00762
34	0.01504	0.04379	0.10484	0.32781	0.24569	0.03031	0.07713	0.03965	0.01493	0.02011	0.01229	0.01668	0.00956	0.00637	0.00666	0.00211	0.00891	0.00591	0.00322	0.00900
35	0.01755	0.02216	0.19754	0.12939	0.21885	0.09404	0.07330	0.11086	0.01741	0.03668	0.01294	0.01588	0.00983	0.00657	0.00664	0.00206	0.00918	0.00573	0.00372	0.00968
36	0.04964	0.22480	0.25528	0.01337	0.01923	0.04434	0.01434	0.01936	0.04171	0.03398	0.10899	0.02328	0.08106	0.00983	0.03190	0.00224	0.00761	0.00648	0.00411	0.00843
37	0.06473	0.00651	0.00912	0.00905	0.00951	0.00683	0.00631	0.00996	0.00923	0.01348	0.01245	0.02066	0.01213	0.02623	0.13174	0.63179	0.00761	0.00589	0.00310	0.00367
38	0.04214	0.01259	0.06936	0.03294	0.04621	0.06660	0.01024	0.05488	0.02852	0.06744	0.06527	0.29560	0.02855	0.03658	0.03393	0.03754	0.00647	0.05260	0.00540	0.00714
39	0.01686	0.02028	0.14343	0.06972	0.25716	0.09362	0.15605	0.03966	0.01601	0.04747	0.01469	0.04479	0.01227	0.00723	0.00696	0.00212	0.00917	0.02936	0.00373	0.00941
40	0.07008	0.01497	0.03776	0.01325	0.01734	0.01628	0.01073	0.11150	0.51249	0.02900	0.02709	0.02540	0.06629	0.00924	0.00670	0.00223	0.00557	0.00751	0.00647	0.01013

[dist]
# distance from previous block
# <min> <max>
0	1

[block]
# block no. 3 follows, 32 sequences, length 22
# corresponding to MSA columns:
# 192-213
name=unknown_D
#
# <colnr> <probs for GDERKNQSTAVLIFYWHMCP>
#	G	D	E	R	K	N	Q	S	T	A	V	L	I	F	Y	W	H	M	C	P
0	0.06764	0.09056	0.01732	0.01316	0.01710	0.12266	0.01059	0.17540	0.18525	0.06405	0.07013	0.05963	0.04132	0.00942	0.00654	0.00206	0.00671	0.02547	0.00580	0.00918
1	0.48622	0.01239	0.01221	0.06336	0.01631	0.01370	0.00882	0.07085	0.01427	0.14892	0.01398	0.03754	0.01073	0.00828	0.00649	0.05215	0.00571	0.00513	0.00496	0.00798
2	0.04046	0.01296	0.01775	0.01289	0.01873	0.01067	0.11394	0.04062	0.01469	0.02263	0.01297	0.03640	0.01095	0.00569	0.00556	0.00131	0.00600	0.00508	0.00405	0.60663
3	0.01387	0.01297	0.04519	0.01305	0.01530	0.05750	0.05322	0.08381	0.07650	0.01976	0.03921	0.04750	0.01867	0.22226	0.16820	0.00520	0.08846	0.00791	0.00438	0.00703
4	0.01590	0.24830	0.02857	0.01768	0.02070	0.02175	0.13926	0.01835	0.01234	0.01702	0.00984	0.01410	0.00900	0.00877	0.01395	0.00235	0.38554	0.00554	0.00300	0.00805
5	0.01029	0.00813	0.01036	0.01225	0.09395	0.00754	0.00788	0.01302	0.04476	0.04191	0.08599	0.23608	0.34659	0.01600	0.00791	0.00237	0.00431	0.03797	0.00604	0.00664
6	0.01455	0.01410	0.02362	0.27469	0.28181	0.01622	0.06193	0.01825	0.01352	0.01888	0.01194	0.01718	0.00994	0.00922	0.04102	0.00265	0.15257	0.00613	0.00315	0.00861
7	0.01520	0.01386	0.05769	0.20790	0.14478	0.01349	0.09500	0.04086	0.08060	0.08233	0.06019	0.08048	0.06026	0.00897	0.00712	0.00221	0.00739	0.00822	0.00471	0.00874
8	0.00818	0.00668	0.00724	0.00737	0.00929	0.00573	0.00542	0.01002	0.01549	0.01923	0.15553	0.15527	0.53709	0.01707	0.00801	0.00231	0.00343	0.01453	0.00639	0.00573
9	0.06299	0.01148	0.01533	0.01181	0.01695	0.01008	0.00975	0.03215	0.01888	0.69765	0.02575	0.02234	0.01622	0.00822	0.00664	0.00208	0.00569	0.00662	0.00813	0.01124
10	0.01694	0.35783	0.23294	0.03788	0.06656	0.08697	0.03592	0.02185	0.05110	0.01866	0.01156	0.01341	0.00939	0.00625	0.00552	0.00179	0.00854	0.00461	0.00317	0.00912
11	0.01436	0.01421	0.01994	0.01719	0.01726	0.01979	0.01429	0.01589	0.01031	0.01611	0.00938	0.01541	0.00930	0.01415	0.06663	0.00343	0.70615	0.00595	0.00298	0.00726
12	0.00961	0.00711	0.01039	0.01039	0.01145	0.00817	0.00790	0.01173	0.01067	0.01528	0.01833	0.02836	0.01764	0.13162	0.65749	0.01030	0.01667	0.00748	0.00365	0.00577
13	0.62548	0.01452	0.01171	0.01014	0.01442	0.06829	0.00826	0.05748	0.01390	0.10684	0.01167	0.01258	0.00862	0.00661	0.00471	0.00205	0.00588	0.00416	0.00470	0.00798
14	0.00844	0.00682	0.00751	0.00734	0.00938	0.00588	0.00550	0.01062	0.01651	0.02101	0.28134	0.05984	0.50444	0.01592	0.00792	0.00221	0.00332	0.01350	0.00661	0.00588
15	0.00968	0.00680	0.00882	0.00882	0.00934	0.00732	0.00594	0.01072	0.01020	0.01412	0.01977	0.03632	0.02110	0.45537	0.33846	0.00836	0.01147	0.00865	0.00386	0.00490
16	0.03947	0.19448	0.32747	0.06592	0.10241	0.04128	0.09842	0.02082	0.01439	0.01997	0.01153	0.01419	0.00895	0.00614	0.00606	0.00196	0.00912	0.00511	0.00303	0.00930
17	0.01613	0.35105	0.02707	0.01488	0.01744	0.02323	0.01325	0.01791	0.01177	0.01599	0.00904	0.01293	0.00872	0.00906	0.01411	0.00227	0.41947	0.00485	0.00291	0.00791
18	0.00818	0.00584	0.00779	0.00934	0.00973	0.00545	0.00623	0.00934	0.01285	0.01713	0.03698	0.75981	0.04438	0.02102	0.00856	0.00273	0.00389	0.01908	0.00623	0.00545
19	0.00969	0.00678	0.00872	0.00872	0.00920	0.00726	0.00581	0.01066	0.01017	0.01405	0.01986	0.03683	0.02132	0.47608	0.31805	0.00823	0.01113	0.00872	0.00388	0.00484
20	0.68760	0.04319	0.01262	0.03875	0.07057	0.01557	0.00891	0.01971	0.01189	0.02841	0.00970	0.01160	0.00765	0.00621	0.00445	0.00205	0.00563	0.00390	0.00399	0.00759
21	0.01840	0.42377	0.11076	0.01340	0.01901	0.04758	0.03461	0.08727	0.01601	0.07490	0.01387	0.06093	0.01209	0.00876	0.03028	0.00206	0.00788	0.00551	0.00394	0.00895

[dist]
# distance from previous block
# <min> <max>
0	1

[block]
# block no. 4 follows, 32 sequences, length 15
# corresponding to MSA columns:
# 215-229
name=unknown_E
#
# <colnr> <probs for GDERKNQSTAVLIFYWHMCP>
#	G	D	E	R	K	N	Q	S	T	A	V	L	I	F	Y	W	H	M	C	P
0	0.19552	0.01175	0.01436	0.01128	0.01625	0.01096	0.00931	0.02995	0.01756	0.57947	0.02285	0.02031	0.01463	0.00787	0.00620	0.00208	0.00560	0.00609	0.00743	0.01054
1	0.00962	0.00707	0.01018	0.01018	0.01117	0.00806	0.00763	0.01159	0.01060	0.01513	0.01853	0.02942	0.01810	0.17489	0.61485	0.01004	0.01597	0.00764	0.00368	0.00565
2	0.00976	0.00651	0.00732	0.00732	0.00732	0.00651	0.00407	0.00976	0.00976	0.01301	0.02114	0.04391	0.02439	0.76419	0.03415	0.00651	0.00651	0.00976	0.00407	0.00407
3	0.01027	0.00819	0.00979	0.01005	0.03028	0.02875	0.00722	0.01297	0.03458	0.02049	0.22889	0.12312	0.17748	0.06831	0.11312	0.00374	0.02980	0.02960	0.04714	0.00621
4	0.01391	0.01193	0.01391	0.00994	0.01590	0.00894	0.00795	0.01690	0.01391	0.02186	0.01193	0.01391	0.00994	0.00497	0.00497	0.00099	0.00497	0.00398	0.00398	0.80521
5	0.01135	0.00976	0.01424	0.26396	0.02366	0.01129	0.01167	0.01542	0.04938	0.02109	0.27486	0.03343	0.07650	0.01398	0.06614	0.00293	0.07942	0.00892	0.00504	0.00696
6	0.00924	0.00672	0.00870	0.00848	0.00993	0.00618	0.00625	0.01205	0.01797	0.02513	0.59254	0.14729	0.09464	0.01488	0.00800	0.00220	0.00328	0.01318	0.00717	0.00618
7	0.01845	0.05750	0.01930	0.01440	0.01945	0.19602	0.08222	0.06519	0.01688	0.05356	0.01399	0.01817	0.01177	0.00678	0.00598	0.00158	0.00782	0.04709	0.00424	0.33958
8	0.00829	0.00603	0.00784	0.00925	0.00988	0.00559	0.00635	0.00961	0.01323	0.01738	0.03999	0.65497	0.11136	0.02049	0.00854	0.00270	0.00396	0.05280	0.00623	0.00551
9	0.01858	0.25089	0.13965	0.01917	0.09232	0.16627	0.09655	0.05585	0.06295	0.02018	0.01234	0.01425	0.00992	0.00643	0.00594	0.00184	0.00907	0.00510	0.00354	0.00917
10	0.00870	0.00676	0.00790	0.00775	0.00957	0.00597	0.00576	0.01106	0.01690	0.02226	0.37719	0.10306	0.36166	0.01569	0.00796	0.00222	0.00332	0.01351	0.00678	0.00597
11	0.06046	0.12616	0.02132	0.04919	0.06374	0.10838	0.08731	0.08400	0.03388	0.04479	0.01555	0.07185	0.01426	0.07971	0.05766	0.00304	0.05954	0.00693	0.00416	0.00807
12	0.00963	0.00699	0.00979	0.00979	0.01065	0.00785	0.00715	0.01135	0.01049	0.01484	0.01888	0.03137	0.01895	0.25416	0.53673	0.00956	0.01470	0.00792	0.00373	0.00544
13	0.01777	0.22514	0.10738	0.01649	0.06442	0.17184	0.06117	0.05397	0.01621	0.01981	0.03865	0.01718	0.04799	0.00711	0.00623	0.00176	0.02557	0.00542	0.00369	0.09222
14	0.01327	0.01149	0.01373	0.01362	0.06006	0.08535	0.06161	0.03859	0.03891	0.05084	0.07629	0.24328	0.10872	0.11338	0.03714	0.00316	0.00658	0.01174	0.00536	0.00688

[dist]
# distance from previous block
# <min> <max>
2	4

[block]
# block no. 5 follows, 32 sequences, length 26
# corresponding to MSA columns:
# 234-259
name=unknown_F
#
# <colnr> <probs for GDERKNQSTAVLIFYWHMCP>
#	G	D	E	R	K	N	Q	S	T	A	V	L	I	F	Y	W	H	M	C	P
0	0.04771	0.01480	0.04155	0.01610	0.10545	0.07115	0.01140	0.16433	0.10203	0.06820	0.12000	0.14081	0.04626	0.01082	0.00705	0.00216	0.00623	0.00915	0.00589	0.00889
1	0.01221	0.00892	0.01113	0.01056	0.01210	0.03056	0.03080	0.05204	0.01429	0.05686	0.06843	0.22896	0.07383	0.15840	0.10171	0.00418	0.03549	0.03553	0.04767	0.00632
2	0.01641	0.00987	0.01214	0.01059	0.01321	0.00985	0.00817	0.10752	0.01780	0.18855	0.14999	0.13874	0.14017	0.08154	0.01095	0.00266	0.05675	0.01071	0.00655	0.00783
3	0.01471	0.01270	0.01652	0.07823	0.12324	0.01098	0.01089	0.04951	0.01491	0.02251	0.01248	0.01504	0.01021	0.00549	0.00544	0.00131	0.00582	0.00460	0.02413	0.56128
4	0.01161	0.00765	0.00988	0.00896	0.01096	0.00715	0.00683	0.04062	0.01949	0.07829	0.64147	0.04683	0.05792	0.01311	0.00778	0.00210	0.00351	0.01151	0.00743	0.00690
5	0.01065	0.00822	0.01173	0.01188	0.03679	0.00968	0.00871	0.01272	0.01096	0.01615	0.01741	0.02697	0.01670	0.13957	0.48132	0.00834	0.10129	0.00728	0.05756	0.00607
6	0.01676	0.01589	0.01630	0.19346	0.02384	0.17398	0.01251	0.05767	0.14213	0.04638	0.01650	0.01999	0.01325	0.01771	0.17136	0.03308	0.01069	0.00620	0.00432	0.00797
7	0.81159	0.01298	0.00986	0.00882	0.01298	0.01505	0.00727	0.01972	0.01142	0.03010	0.00934	0.01090	0.00727	0.00623	0.00415	0.00208	0.00519	0.00363	0.00415	0.00727
8	0.02506	0.03198	0.01901	0.01729	0.02074	0.73725	0.01296	0.02679	0.01901	0.01642	0.01037	0.01210	0.00864	0.00691	0.00605	0.00173	0.01210	0.00432	0.00346	0.00778
9	0.00992	0.00807	0.00951	0.05481	0.01242	0.03469	0.00703	0.01264	0.01736	0.02328	0.46537	0.07928	0.19018	0.03565	0.00855	0.00229	0.00404	0.01209	0.00658	0.00622
10	0.00813	0.00658	0.00722	0.00753	0.00930	0.00568	0.00547	0.00984	0.01507	0.01870	0.12063	0.22243	0.50475	0.01761	0.00807	0.00236	0.00349	0.01510	0.00634	0.00568
11	0.01641	0.01712	0.07125	0.03980	0.67887	0.01592	0.02086	0.02063	0.01521	0.02188	0.01258	0.01645	0.01049	0.00600	0.00663	0.00200	0.00809	0.00591	0.00329	0.01058
12	0.01495	0.01254	0.01447	0.01043	0.01634	0.01000	0.00838	0.07771	0.01548	0.02368	0.01230	0.01411	0.01007	0.00524	0.00512	0.00108	0.00518	0.00416	0.00422	0.73453
13	0.01937	0.01477	0.04151	0.01485	0.07706	0.05627	0.01107	0.22020	0.06750	0.13022	0.06905	0.02697	0.08908	0.05324	0.03906	0.00266	0.00694	0.00759	0.04337	0.00923
14	0.01388	0.05801	0.63684	0.02024	0.05434	0.01606	0.06638	0.02120	0.01429	0.02110	0.01207	0.01439	0.00869	0.00629	0.00641	0.00211	0.00984	0.00513	0.00289	0.00984
15	0.02748	0.01170	0.01529	0.01207	0.01694	0.01073	0.00985	0.03246	0.11891	0.60269	0.04978	0.02407	0.01873	0.00860	0.00680	0.00211	0.00557	0.00705	0.00806	0.01113
16	0.01863	0.01374	0.01903	0.05510	0.12341	0.01447	0.06145	0.18550	0.07336	0.12492	0.05478	0.09365	0.04603	0.01004	0.00802	0.00224	0.04773	0.03271	0.00576	0.00943
17	0.01939	0.04209	0.09123	0.03979	0.18911	0.21784	0.11928	0.06766	0.06269	0.04672	0.03127	0.01679	0.01193	0.00685	0.00664	0.00199	0.00940	0.00594	0.00403	0.00937
18	0.01904	0.01318	0.05579	0.01599	0.08482	0.01132	0.08437	0.05981	0.03904	0.24309	0.15633	0.04639	0.02401	0.00878	0.00689	0.00200	0.00614	0.00780	0.02648	0.08873
19	0.01391	0.01193	0.01391	0.00994	0.01590	0.00894	0.00795	0.01690	0.01391	0.02186	0.01193	0.01391	0.00994	0.00497	0.00497	0.00099	0.00497	0.00398	0.00398	0.80521
20	0.01575	0.07122	0.21231	0.01597	0.02139	0.08091	0.09268	0.10133	0.07056	0.02298	0.03512	0.08894	0.07486	0.00929	0.00718	0.00212	0.02763	0.00777	0.03327	0.00873
21	0.00939	0.00685	0.00882	0.00833	0.00996	0.00629	0.00625	0.01246	0.01874	0.02631	0.67477	0.05110	0.10771	0.01394	0.00792	0.00212	0.00318	0.01227	0.00731	0.00629
22	0.01900	0.04087	0.04061	0.04491	0.03944	0.11674	0.09405	0.19831	0.17879	0.02699	0.02054	0.02129	0.06206	0.00837	0.00725	0.00209	0.03317	0.00684	0.02923	0.00945
23	0.00967	0.00686	0.00913	0.00913	0.00976	0.00749	0.00633	0.01092	0.01029	0.01435	0.01948	0.03472	0.02040	0.39037	0.40251	0.00875	0.01251	0.00841	0.00382	0.00507
24	0.01672	0.36532	0.25049	0.01712	0.07155	0.06259	0.04851	0.03889	0.01496	0.01926	0.03107	0.01393	0.01043	0.00631	0.00556	0.00178	0.00846	0.00474	0.00318	0.00914
25	0.17870	0.01469	0.01634	0.01294	0.01764	0.01568	0.01067	0.26746	0.04635	0.25643	0.01794	0.01742	0.01239	0.00796	0.00714	0.00208	0.05295	0.00578	0.00641	0.03302

[dist]
# distance from previous block
# <min> <max>
0	12

[block]
# block no. 6 follows, 32 sequences, length 18
# corresponding to MSA columns:
# 272-289
name=unknown_G
#
# <colnr> <probs for GDERKNQSTAVLIFYWHMCP>
#	G	D	E	R	K	N	Q	S	T	A	V	L	I	F	Y	W	H	M	C	P
0	0.06896	0.19791	0.17724	0.01946	0.11921	0.16958	0.06554	0.02219	0.01549	0.04725	0.03105	0.01468	0.01072	0.00650	0.00589	0.00187	0.00892	0.00505	0.00350	0.00899
1	0.08392	0.23800	0.08756	0.01691	0.08570	0.08080	0.06345	0.13375	0.01729	0.02363	0.01172	0.01354	0.00942	0.00625	0.00559	0.00173	0.00783	0.00477	0.00388	0.10427
2	0.12090	0.39771	0.07422	0.01520	0.03817	0.14448	0.08605	0.02143	0.01458	0.01886	0.01022	0.01217	0.00866	0.00604	0.00517	0.00172	0.00840	0.00433	0.00320	0.00848
3	0.02232	0.06188	0.01857	0.01406	0.01874	0.04546	0.01147	0.35361	0.22534	0.09416	0.01988	0.01919	0.01447	0.00819	0.00649	0.00203	0.00662	0.00635	0.04050	0.01066
4	0.00874	0.00604	0.00825	0.00940	0.00984	0.00591	0.00639	0.00965	0.01208	0.01627	0.03158	0.56868	0.03701	0.05399	0.10686	0.07661	0.00602	0.01595	0.00550	0.00524
5	0.01156	0.00589	0.00883	0.00883	0.00889	0.00594	0.00594	0.00889	0.00883	0.01183	0.01194	0.02066	0.01189	0.02453	0.05824	0.76904	0.00637	0.00589	0.00294	0.00305
6	0.01722	0.01424	0.01500	0.01330	0.01708	0.01633	0.01040	0.09657	0.59707	0.02919	0.02587	0.02420	0.01940	0.00891	0.00666	0.00220	0.00535	0.00735	0.06327	0.01038
7	0.00825	0.00590	0.00785	0.00929	0.00975	0.00550	0.00623	0.00953	0.01320	0.01769	0.07614	0.71905	0.04547	0.02060	0.00853	0.00269	0.00385	0.01868	0.00630	0.00550
8	0.01106	0.00717	0.00911	0.00909	0.01074	0.00661	0.00663	0.01377	0.03953	0.09052	0.29214	0.31357	0.13199	0.01617	0.00801	0.00236	0.00379	0.01430	0.00688	0.00656
9	0.01333	0.00744	0.01004	0.01045	0.01206	0.00693	0.00790	0.01517	0.01457	0.16199	0.03364	0.41316	0.03631	0.05862	0.00976	0.00288	0.00493	0.16753	0.00652	0.00676
10	0.01740	0.01450	0.01529	0.01352	0.01737	0.01666	0.01058	0.10164	0.61201	0.02937	0.02595	0.02414	0.01943	0.00894	0.00672	0.00222	0.00543	0.00737	0.04095	0.01051
11	0.02142	0.02318	0.01669	0.01494	0.01846	0.39499	0.01142	0.08644	0.21476	0.02285	0.01686	0.01746	0.01312	0.00773	0.00618	0.00189	0.00883	0.00560	0.08844	0.00874
12	0.01303	0.01098	0.01296	0.00985	0.01495	0.00840	0.00768	0.01573	0.01375	0.02113	0.01581	0.12941	0.01527	0.00745	0.00553	0.00126	0.00480	0.00631	0.00432	0.68137
13	0.01794	0.76823	0.03516	0.01148	0.01722	0.02655	0.01148	0.02009	0.01363	0.01579	0.00933	0.01076	0.00861	0.00574	0.00431	0.00144	0.00718	0.00359	0.00287	0.00861
14	0.59574	0.05855	0.01293	0.00990	0.01438	0.01541	0.00828	0.06994	0.01410	0.13025	0.01228	0.01298	0.00898	0.00663	0.00472	0.00203	0.00554	0.00425	0.00485	0.00824
15	0.01756	0.01954	0.01949	0.01710	0.01824	0.23979	0.01378	0.01916	0.01299	0.01620	0.00984	0.01459	0.00924	0.01258	0.06012	0.00304	0.48074	0.00548	0.00314	0.00739
16	0.01052	0.00664	0.00847	0.00886	0.00952	0.00650	0.00584	0.01145	0.01184	0.06574	0.02787	0.34272	0.03148	0.32202	0.09512	0.00504	0.00655	0.01321	0.00523	0.00537
17	0.01809	0.01646	0.07378	0.01593	0.05257	0.03516	0.03306	0.11828	0.35790	0.07705	0.03915	0.02214	0.01734	0.01087	0.04753	0.00268	0.03902	0.00698	0.00591	0.01010

[dist]
# distance from previous block
# <min> <max>
0	1

[block]
# block no. 7 follows, 32 sequences, length 60
# corresponding to MSA columns:
# 291-350
name=unknown_H
#
# <colnr> <probs for GDERKNQSTAVLIFYWHMCP>
#	G	D	E	R	K	N	Q	S	T	A	V	L	I	F	Y	W	H	M	C	P
0	0.12371	0.02046	0.13828	0.01717	0.05975	0.10737	0.09413	0.14704	0.01787	0.04729	0.01285	0.01483	0.00977	0.00694	0.00665	0.02439	0.00814	0.00523	0.00425	0.13386
1	0.04764	0.25953	0.10732	0.01521	0.02050	0.25465	0.03654	0.07598	0.06298	0.04321	0.01239	0.01359	0.00987	0.00669	0.00566	0.00178	0.00902	0.00469	0.00385	0.00890
2	0.02003	0.01506	0.01919	0.02229	0.24724	0.07880	0.01375	0.14243	0.01879	0.16187	0.01977	0.09882	0.01707	0.01147	0.04575	0.00259	0.00781	0.04223	0.00538	0.00965
3	0.01346	0.03471	0.72942	0.01912	0.02904	0.01558	0.02479	0.02125	0.01417	0.02125	0.01204	0.01417	0.00850	0.00637	0.00637	0.00212	0.00992	0.00496	0.00283	0.00992
4	0.00993	0.00705	0.01004	0.01004	0.01132	0.00801	0.00778	0.01240	0.01138	0.01694	0.02011	0.02740	0.03939	0.04348	0.61455	0.00926	0.01549	0.00729	0.11214	0.00602
5	0.01055	0.00654	0.00774	0.00759	0.00910	0.00622	0.00564	0.01350	0.01648	0.02518	0.37307	0.09228	0.06387	0.01201	0.00668	0.00194	0.00321	0.01037	0.32181	0.00622
6	0.01468	0.01468	0.02055	0.01762	0.01762	0.02055	0.01468	0.01615	0.01028	0.01615	0.00881	0.01468	0.00881	0.01174	0.02202	0.00294	0.75191	0.00587	0.00294	0.00734
7	0.01166	0.00583	0.00874	0.00874	0.00874	0.00583	0.00583	0.00874	0.00874	0.01166	0.01166	0.02040	0.01166	0.02331	0.02622	0.80478	0.00583	0.00583	0.00291	0.00291
8	0.00969	0.00653	0.00761	0.00786	0.00800	0.00649	0.00474	0.01001	0.01044	0.01388	0.02360	0.11157	0.02722	0.64409	0.03007	0.00592	0.00624	0.05731	0.00441	0.00434
9	0.00888	0.00682	0.00814	0.00796	0.00976	0.00608	0.00598	0.01141	0.01723	0.02296	0.42292	0.08384	0.31373	0.01540	0.00798	0.00222	0.00337	0.03241	0.00686	0.00604
10	0.51664	0.01314	0.01240	0.01036	0.01487	0.01429	0.00852	0.08360	0.03868	0.20841	0.01490	0.01487	0.01045	0.00701	0.00513	0.00208	0.00552	0.00477	0.00552	0.00880
11	0.02506	0.03198	0.01901	0.01729	0.02074	0.73725	0.01296	0.02679	0.01901	0.01642	0.01037	0.01210	0.00864	0.00691	0.00605	0.00173	0.01210	0.00432	0.00346	0.00778
12	0.00793	0.00680	0.00680	0.00680	0.00906	0.00566	0.00510	0.00963	0.01529	0.01813	0.06797	0.06457	0.71961	0.01699	0.00793	0.00227	0.00340	0.01416	0.00623	0.00566
13	0.01385	0.01193	0.01424	0.04822	0.01747	0.00925	0.00850	0.01691	0.01389	0.02162	0.01193	0.01412	0.00989	0.00506	0.00506	0.00106	0.00518	0.00408	0.00392	0.76384
14	0.50213	0.05745	0.01447	0.01249	0.03933	0.21527	0.00959	0.02213	0.01400	0.04672	0.01026	0.01178	0.00812	0.00645	0.00485	0.00194	0.00731	0.00400	0.00399	0.00772
15	0.30989	0.02381	0.01581	0.01404	0.01794	0.40570	0.01088	0.09006	0.01749	0.02391	0.01056	0.01206	0.00842	0.00678	0.00543	0.00188	0.00914	0.00424	0.00403	0.00795
16	0.01850	0.34773	0.05023	0.07222	0.10934	0.03943	0.03358	0.09997	0.01625	0.05939	0.01233	0.01444	0.01002	0.00676	0.00655	0.00182	0.05463	0.00496	0.03274	0.00913
17	0.00862	0.00671	0.00783	0.00779	0.00955	0.00592	0.00575	0.01087	0.01655	0.02169	0.33713	0.14118	0.36418	0.01610	0.00800	0.00226	0.00336	0.01390	0.00671	0.00592
18	0.08727	0.02309	0.25001	0.01859	0.07867	0.06191	0.05834	0.17774	0.07777	0.08000	0.01514	0.01620	0.01096	0.00708	0.00642	0.00208	0.00830	0.00567	0.00469	0.01007
19	0.01620	0.04245	0.15355	0.05421	0.47654	0.01639	0.04223	0.04127	0.05150	0.02237	0.01329	0.01649	0.01065	0.00628	0.00658	0.00203	0.00828	0.00587	0.00349	0.01032
20	0.81159	0.01298	0.00986	0.00882	0.01298	0.01505	0.00727	0.01972	0.01142	0.03010	0.00934	0.01090	0.00727	0.00623	0.00415	0.00208	0.00519	0.00363	0.00415	0.00727
21	0.01425	0.14859	0.59436	0.01829	0.02743	0.01735	0.04874	0.02108	0.01415	0.02041	0.01168	0.01379	0.00858	0.00625	0.00611	0.00202	0.00954	0.00486	0.00286	0.00968
22	0.01203	0.01357	0.10952	0.03629	0.03928	0.01093	0.12814	0.01782	0.09353	0.02381	0.30832	0.09597	0.06001	0.01117	0.00758	0.00221	0.00605	0.01027	0.00566	0.00780
23	0.00830	0.00640	0.00758	0.00815	0.00951	0.00569	0.00578	0.01002	0.01489	0.01920	0.16535	0.35463	0.32417	0.01813	0.00819	0.00243	0.00357	0.01588	0.00643	0.00569
24	0.01117	0.00754	0.00973	0.00919	0.01074	0.00744	0.00691	0.01330	0.01560	0.07242	0.32883	0.06579	0.13752	0.10677	0.07458	0.02952	0.04391	0.03670	0.00612	0.00622
25	0.01801	0.39254	0.16170	0.01379	0.02000	0.12418	0.01387	0.05597	0.01547	0.01902	0.01066	0.01226	0.00890	0.00606	0.00515	0.00159	0.00815	0.00413	0.00328	0.10527
26	0.00959	0.00719	0.01078	0.01078	0.01198	0.00839	0.00839	0.01198	0.01078	0.01558	0.01797	0.02636	0.01677	0.05032	0.73760	0.01078	0.01797	0.00719	0.00359	0.00599
27	0.00829	0.00602	0.00787	0.00930	0.00990	0.00559	0.00638	0.00961	0.01318	0.01736	0.03939	0.66801	0.09814	0.02057	0.00855	0.00271	0.00397	0.05344	0.00623	0.00551
28	0.01475	0.01530	0.02933	0.21914	0.09182	0.01507	0.35173	0.01953	0.01484	0.02042	0.01280	0.01726	0.00985	0.00586	0.00703	0.00203	0.00941	0.00662	0.00337	0.13385
29	0.01475	0.01190	0.01400	0.01004	0.01596	0.00899	0.00805	0.01771	0.01419	0.05825	0.01268	0.01437	0.01028	0.00514	0.00506	0.00105	0.00501	0.00412	0.00420	0.76424
30	0.00890	0.00652	0.00720	0.00741	0.00826	0.00607	0.00472	0.00966	0.01211	0.01536	0.03967	0.14842	0.27020	0.40193	0.02151	0.00451	0.00506	0.01256	0.00512	0.00481
31	0.01451	0.01191	0.01397	0.01001	0.01595	0.00898	0.00802	0.01747	0.01411	0.04766	0.01246	0.01424	0.01018	0.00509	0.00503	0.00103	0.00500	0.00408	0.00413	0.77617
32	0.01550	0.01103	0.01315	0.01045	0.01480	0.00946	0.00814	0.09003	0.01645	0.10059	0.07147	0.14323	0.02106	0.03453	0.00715	0.00178	0.00505	0.00782	0.00538	0.41293
33	0.01552	0.01492	0.02411	0.19382	0.40603	0.03873	0.05351	0.03879	0.01492	0.02049	0.01291	0.01764	0.01069	0.01043	0.07381	0.00288	0.03205	0.00613	0.00336	0.00924
34	0.81159	0.01298	0.00986	0.00882	0.01298	0.01505	0.00727	0.01972	0.01142	0.03010	0.00934	0.01090	0.00727	0.00623	0.00415	0.00208	0.00519	0.00363	0.00415	0.00727
35	0.01194	0.00986	0.01087	0.01028	0.01282	0.01035	0.00778	0.02106	0.30288	0.02418	0.20011	0.11680	0.20762	0.01339	0.00754	0.00228	0.00418	0.01148	0.00675	0.00784
36	0.81159	0.01298	0.00986	0.00882	0.01298	0.01505	0.00727	0.01972	0.01142	0.03010	0.00934	0.01090	0.00727	0.00623	0.00415	0.00208	0.00519	0.00363	0.00415	0.00727
37	0.00963	0.00701	0.00989	0.00989	0.01078	0.00790	0.00727	0.01141	0.01052	0.01491	0.01879	0.03089	0.01874	0.23468	0.55593	0.00968	0.01501	0.00785	0.00372	0.00549
38	0.01363	0.01282	0.02152	0.01740	0.01967	0.01480	0.20281	0.01658	0.01276	0.01918	0.01584	0.09523	0.01480	0.01292	0.06154	0.00302	0.29381	0.00796	0.13635	0.00735
39	0.01267	0.01193	0.02013	0.74806	0.04621	0.01491	0.01863	0.01714	0.01342	0.01714	0.01193	0.01789	0.00894	0.00671	0.00671	0.00224	0.00894	0.00596	0.00298	0.00745
40	0.01024	0.00792	0.01127	0.01124	0.01216	0.00923	0.00875	0.01227	0.01135	0.01602	0.02081	0.07746	0.02135	0.12549	0.43490	0.00791	0.09478	0.09686	0.00408	0.00590
41	0.00884	0.00683	0.00806	0.00775	0.00962	0.00605	0.00581	0.01139	0.01744	0.02322	0.44531	0.05619	0.33910	0.01509	0.00792	0.00218	0.00326	0.01299	0.00690	0.00605
42	0.00976	0.00651	0.00732	0.00732	0.00732	0.00651	0.00407	0.00976	0.00976	0.01301	0.02114	0.04391	0.02439	0.76419	0.03415	0.00651	0.00651	0.00976	0.00407	0.00407
43	0.00896	0.00679	0.00826	0.00799	0.00972	0.00609	0.00596	0.01158	0.01757	0.02377	0.48822	0.09109	0.25937	0.01508	0.00795	0.00219	0.00327	0.01310	0.00698	0.00609
44	0.00818	0.00584	0.00779	0.00934	0.00973	0.00545	0.00623	0.00934	0.01285	0.01713	0.03698	0.75981	0.04438	0.02102	0.00856	0.00273	0.00389	0.01908	0.00623	0.00545
45	0.00959	0.00719	0.01078	0.01078	0.01198	0.00839	0.00839	0.01198	0.01078	0.01558	0.01797	0.02636	0.01677	0.05032	0.73760	0.01078	0.01797	0.00719	0.00359	0.00599
46	0.01661	0.01594	0.02724	0.04119	0.72233	0.01594	0.02059	0.02059	0.01528	0.02192	0.01262	0.01661	0.01063	0.00598	0.00664	0.00199	0.00797	0.00598	0.00332	0.01063
47	0.01584	0.01810	0.03959	0.02828	0.03507	0.01697	0.69796	0.02149	0.01584	0.02149	0.01357	0.01810	0.01018	0.00566	0.00792	0.00226	0.01131	0.00792	0.00339	0.00905
48	0.01718	0.21384	0.30950	0.01744	0.02450	0.12397	0.08925	0.04890	0.05750	0.02043	0.01236	0.01416	0.00956	0.00645	0.00601	0.00191	0.00932	0.00503	0.00338	0.00929
49	0.08606	0.04248	0.09862	0.05453	0.36946	0.01577	0.04352	0.08557	0.01653	0.05165	0.03900	0.01743	0.01239	0.00668	0.00637	0.00201	0.00761	0.00593	0.02858	0.00983
50	0.01388	0.01307	0.02187	0.31128	0.31356	0.01421	0.04215	0.01818	0.03282	0.01953	0.01725	0.06421	0.04917	0.00916	0.02943	0.00243	0.00823	0.00732	0.00362	0.00862
51	0.00852	0.00650	0.00791	0.00878	0.01007	0.00588	0.00644	0.01026	0.01445	0.01848	0.08956	0.37547	0.28702	0.01880	0.00839	0.00257	0.00398	0.10496	0.00629	0.00568
52	0.01838	0.63106	0.03215	0.01309	0.04300	0.08403	0.01180	0.04136	0.01467	0.01693	0.01068	0.03653	0.00998	0.00643	0.00475	0.00154	0.00751	0.00433	0.00317	0.00860
53	0.00952	0.00677	0.00902	0.00918	0.00979	0.00730	0.00635	0.01078	0.01056	0.01465	0.02121	0.10720	0.02276	0.34884	0.36756	0.00817	0.01172	0.00946	0.00406	0.00512
54	0.07707	0.14076	0.02135	0.01490	0.03744	0.10452	0.01209	0.36599	0.06257	0.07752	0.01509	0.01537	0.01118	0.00744	0.00608	0.00191	0.00755	0.00541	0.00556	0.01018
55	0.05823	0.07496	0.19306	0.04112	0.09642	0.03831	0.03493	0.13999	0.01780	0.07138	0.04099	0.08578	0.06070	0.00893	0.00661	0.00209	0.00745	0.00738	0.00471	0.00917
56	0.01006	0.00782	0.01075	0.01100	0.03345	0.00817	0.00786	0.01198	0.01173	0.01655	0.02354	0.17100	0.05814	0.11571	0.36151	0.00681	0.03668	0.00975	0.00430	0.08318
57	0.01732	0.01686	0.02683	0.07522	0.56865	0.06564	0.06779	0.02125	0.01559	0.04177	0.01290	0.01665	0.01054	0.00613	0.00670	0.00201	0.00848	0.00602	0.00346	0.01017
58	0.01200	0.01119	0.03879	0.07521	0.24157	0.01059	0.01247	0.01583	0.05096	0.02102	0.13668	0.20844	0.11329	0.01241	0.00747	0.00226	0.00567	0.01116	0.00516	0.00783
59	0.04319	0.08200	0.10826	0.01554	0.07632	0.03684	0.01279	0.08954	0.13368	0.20564	0.06496	0.04928	0.01797	0.00842	0.00650	0.00204	0.00658	0.00685	0.00582	0.02779

[dist]
# distance from previous block
# <min> <max>
0	3

[block]
# block no. 8 follows, 32 sequences, length 42
# corresponding to MSA columns:
# 354-395
name=unknown_I
#
# <colnr> <probs for GDERKNQSTAVLIFYWHMCP>
#	G	D	E	R	K	N	Q	S	T	A	V	L	I	F	Y	W	H	M	C	P
0	0.03403	0.01270	0.04170	0.03771	0.05261	0.05557	0.00971	0.13683	0.05316	0.04639	0.01860	0.02134	0.01456	0.01286	0.09530	0.00291	0.00720	0.00616	0.33263	0.00803
1	0.07028	0.01313	0.01322	0.03115	0.04372	0.10363	0.00941	0.09228	0.08680	0.09164	0.02761	0.26705	0.07446	0.03467	0.00796	0.00240	0.00606	0.01088	0.00579	0.00786
2	0.01975	0.24122	0.02370	0.01526	0.04421	0.19332	0.05872	0.07967	0.03301	0.07615	0.04111	0.03861	0.03342	0.00813	0.00613	0.00186	0.00811	0.04166	0.00445	0.03151
3	0.00857	0.00653	0.00945	0.01025	0.01106	0.00607	0.04314	0.01000	0.01310	0.01740	0.03695	0.69294	0.06902	0.02004	0.00850	0.00268	0.00427	0.01829	0.00608	0.00565
4	0.01621	0.07095	0.35872	0.04416	0.04184	0.01523	0.05891	0.04699	0.08844	0.09785	0.04549	0.03368	0.01400	0.00742	0.00653	0.00208	0.00817	0.00619	0.00432	0.03283
5	0.01592	0.16993	0.31884	0.02303	0.21309	0.01713	0.03566	0.02098	0.01462	0.05832	0.01352	0.04560	0.01106	0.00684	0.00619	0.00198	0.00841	0.00572	0.00342	0.00973
6	0.01267	0.01193	0.02013	0.74806	0.04621	0.01491	0.01863	0.01714	0.01342	0.01714	0.01193	0.01789	0.00894	0.00671	0.00671	0.00224	0.00894	0.00596	0.00298	0.00745
7	0.01844	0.06339	0.01677	0.01398	0.01762	0.20597	0.01087	0.05578	0.38961	0.02377	0.02397	0.05769	0.05479	0.00928	0.00661	0.00209	0.00712	0.00733	0.00564	0.00927
8	0.01028	0.00632	0.00771	0.00771	0.00771	0.00632	0.00455	0.00948	0.00948	0.01264	0.01853	0.03743	0.02088	0.56001	0.03197	0.22650	0.00632	0.00867	0.00375	0.00375
9	0.01881	0.01660	0.02341	0.09241	0.18311	0.04940	0.12131	0.25486	0.03776	0.02887	0.09020	0.02039	0.01648	0.00766	0.00699	0.00207	0.00799	0.00693	0.00500	0.00976
10	0.01669	0.01441	0.01517	0.01365	0.01745	0.01669	0.01062	0.03565	0.71021	0.02807	0.02731	0.02503	0.02048	0.00910	0.00683	0.00228	0.00531	0.00759	0.00683	0.01062
11	0.00994	0.00885	0.03750	0.13535	0.03560	0.00875	0.02868	0.01247	0.01282	0.01746	0.04938	0.35866	0.02901	0.02453	0.19398	0.00462	0.00882	0.01247	0.00478	0.00634
12	0.01608	0.45582	0.30406	0.01467	0.02182	0.02207	0.01676	0.02040	0.01372	0.01792	0.01036	0.01223	0.00857	0.00621	0.00576	0.00176	0.03564	0.00420	0.00286	0.00907
13	0.01001	0.00641	0.00751	0.00751	0.00751	0.00641	0.00430	0.00962	0.00962	0.01283	0.01987	0.04075	0.02268	0.66461	0.03309	0.11379	0.00641	0.00923	0.00391	0.00391
14	0.00958	0.00720	0.01064	0.01071	0.01196	0.00826	0.00837	0.01198	0.01114	0.01586	0.02052	0.02981	0.04309	0.04778	0.68062	0.01015	0.01695	0.03560	0.00380	0.00599
15	0.01538	0.01392	0.02337	0.40901	0.27792	0.01548	0.05108	0.05173	0.01524	0.04398	0.01293	0.01754	0.00996	0.00652	0.00674	0.00214	0.00854	0.00609	0.00348	0.00895
16	0.01538	0.04815	0.19985	0.07749	0.33213	0.01607	0.14056	0.02051	0.01487	0.02114	0.01245	0.01603	0.00982	0.00602	0.00665	0.00203	0.00895	0.00590	0.00320	0.04280
17	0.01269	0.01183	0.01657	0.13368	0.02001	0.03409	0.01270	0.01487	0.01125	0.01607	0.01358	0.04708	0.01308	0.04878	0.23480	0.00527	0.33669	0.00686	0.00332	0.00678
18	0.01584	0.01810	0.03959	0.02828	0.03507	0.01697	0.69796	0.02149	0.01584	0.02149	0.01357	0.01810	0.01018	0.00566	0.00792	0.00226	0.01131	0.00792	0.00339	0.00905
19	0.01768	0.67090	0.05373	0.01339	0.05524	0.02520	0.01231	0.02090	0.04706	0.01686	0.01044	0.01186	0.00928	0.00593	0.00461	0.00152	0.00721	0.00395	0.00308	0.00885
20	0.01636	0.12849	0.09500	0.01462	0.01881	0.11063	0.07961	0.10677	0.01661	0.03810	0.05378	0.07690	0.01718	0.04711	0.14649	0.00384	0.01008	0.00723	0.00431	0.00807
21	0.00842	0.00638	0.00783	0.00880	0.00996	0.00579	0.00634	0.01004	0.01415	0.01816	0.07532	0.43993	0.25876	0.01918	0.00841	0.00259	0.00394	0.08412	0.00627	0.00563
22	0.01669	0.01441	0.01517	0.01365	0.01745	0.01669	0.01062	0.03565	0.71021	0.02807	0.02731	0.02503	0.02048	0.00910	0.00683	0.00228	0.00531	0.00759	0.00683	0.01062
