[name]
unknown

[dist]
# distance from previous block
# <min> <max>
0	72

[block]
# block no. 0 follows, 38 sequences, length 46
# corresponding to MSA columns:
# 72-117
name=unknown_A
#
# <colnr> <probs for GDERKNQSTAVLIFYWHMCP>
#	G	D	E	R	K	N	Q	S	T	A	V	L	I	F	Y	W	H	M	C	P
0	0.01123	0.01112	0.04339	0.69542	0.03879	0.01290	0.01628	0.01526	0.01229	0.01590	0.03814	0.01862	0.01062	0.00657	0.00612	0.00202	0.00778	0.02795	0.00290	0.00669
1	0.02106	0.02648	0.01878	0.01631	0.01964	0.65346	0.09261	0.02296	0.01644	0.01513	0.00996	0.01244	0.00839	0.03302	0.00648	0.00175	0.01060	0.00441	0.00311	0.00699
2	0.01233	0.05801	0.69700	0.01754	0.04213	0.01437	0.03888	0.01901	0.01274	0.01889	0.01075	0.01273	0.00770	0.00567	0.00569	0.00188	0.00879	0.00449	0.00256	0.00884
3	0.02699	0.01024	0.01396	0.01070	0.01536	0.00884	0.00884	0.02932	0.01722	0.75522	0.02373	0.02048	0.01489	0.00745	0.00605	0.00186	0.00512	0.00605	0.00745	0.01024
4	0.01136	0.01069	0.01804	0.77412	0.04143	0.01337	0.01671	0.01537	0.01203	0.01537	0.01069	0.01604	0.00802	0.00601	0.00601	0.00200	0.00802	0.00535	0.00267	0.00668
5	0.01617	0.01633	0.02437	0.01939	0.04978	0.11520	0.33570	0.07186	0.16489	0.04528	0.03519	0.01972	0.01347	0.00678	0.00657	0.00196	0.00822	0.03653	0.00423	0.00834
6	0.01261	0.07037	0.05575	0.01601	0.01935	0.01311	0.24235	0.07349	0.01369	0.01858	0.01848	0.23641	0.01899	0.01057	0.00864	0.00219	0.11068	0.04766	0.00403	0.00703
7	0.02247	0.02867	0.01705	0.01550	0.01860	0.76443	0.01162	0.02402	0.01705	0.01472	0.00930	0.01085	0.00775	0.00620	0.00542	0.00155	0.01085	0.00387	0.00310	0.00697
8	0.01348	0.01370	0.01838	0.01578	0.01589	0.04419	0.01311	0.01481	0.00948	0.01449	0.00795	0.01308	0.00789	0.01038	0.01925	0.00259	0.75109	0.00522	0.00265	0.00659
9	0.01496	0.01585	0.02702	0.02686	0.28258	0.08058	0.32135	0.03750	0.01436	0.01914	0.01292	0.04776	0.01108	0.00640	0.00701	0.00195	0.03516	0.02593	0.00326	0.00831
10	0.01207	0.03112	0.75741	0.01715	0.02604	0.01397	0.02223	0.01905	0.01270	0.01905	0.01080	0.01270	0.00762	0.00572	0.00572	0.00191	0.00889	0.00445	0.00254	0.00889
11	0.00851	0.00615	0.00804	0.00757	0.00899	0.00568	0.00568	0.01135	0.01703	0.02412	0.74788	0.04494	0.05676	0.01230	0.00710	0.00189	0.00284	0.01088	0.00662	0.00568
12	0.00860	0.00675	0.00890	0.00990	0.07426	0.00620	0.00653	0.01098	0.01529	0.02081	0.43371	0.13322	0.21603	0.01317	0.00707	0.00198	0.00335	0.01157	0.00593	0.00578
13	0.01827	0.02081	0.37082	0.01669	0.08606	0.01203	0.04534	0.02305	0.01463	0.30882	0.01599	0.01610	0.01071	0.00634	0.00592	0.00188	0.00730	0.00527	0.00453	0.00945
14	0.01207	0.03112	0.75741	0.01715	0.02604	0.01397	0.02223	0.01905	0.01270	0.01905	0.01080	0.01270	0.00762	0.00572	0.00572	0.00191	0.00889	0.00445	0.00254	0.00889
15	0.01521	0.61539	0.08429	0.01092	0.01579	0.04414	0.01094	0.01758	0.01273	0.01544	0.07385	0.01315	0.01205	0.00603	0.00485	0.00144	0.03161	0.00407	0.00295	0.00757
16	0.01801	0.01566	0.14559	0.02457	0.37491	0.01231	0.01583	0.02175	0.01463	0.24857	0.01575	0.01794	0.01167	0.00643	0.00602	0.00186	0.00676	0.02786	0.00438	0.00951
17	0.01136	0.01069	0.01804	0.77412	0.04143	0.01337	0.01671	0.01537	0.01203	0.01537	0.01069	0.01604	0.00802	0.00601	0.00601	0.00200	0.00802	0.00535	0.00267	0.00668
18	0.01929	0.02190	0.02024	0.02292	0.26596	0.40596	0.04506	0.07428	0.01656	0.01838	0.01101	0.01403	0.00922	0.00618	0.00579	0.00170	0.00913	0.02098	0.00333	0.00809
19	0.01599	0.01526	0.02347	0.03378	0.64852	0.05348	0.01749	0.08165	0.01516	0.02101	0.01149	0.01464	0.00950	0.00557	0.00593	0.00178	0.00729	0.00529	0.00325	0.00946
20	0.00743	0.00531	0.00710	0.00849	0.00889	0.00497	0.00576	0.00855	0.01162	0.01547	0.03310	0.75350	0.03956	0.01875	0.00771	0.00246	0.00358	0.04725	0.00558	0.00491
21	0.01247	0.01069	0.01247	0.00891	0.01426	0.00802	0.00713	0.01515	0.01247	0.01960	0.01069	0.01247	0.00891	0.00446	0.00446	0.00089	0.00446	0.00356	0.00356	0.82536
22	0.02116	0.01450	0.01676	0.01523	0.09539	0.06918	0.02566	0.24448	0.12772	0.23703	0.03758	0.01796	0.01372	0.00717	0.00600	0.00182	0.00619	0.00582	0.00579	0.03081
23	0.02247	0.02867	0.01705	0.01550	0.01860	0.76443	0.01162	0.02402	0.01705	0.01472	0.00930	0.01085	0.00775	0.00620	0.00542	0.00155	0.01085	0.00387	0.00310	0.00697
24	0.01019	0.00536	0.00789	0.00789	0.00797	0.00544	0.00529	0.00812	0.00804	0.01080	0.01146	0.02011	0.01157	0.07433	0.08088	0.70736	0.00610	0.00556	0.00273	0.00289
25	0.01207	0.03112	0.75741	0.01715	0.02604	0.01397	0.02223	0.01905	0.01270	0.01905	0.01080	0.01270	0.00762	0.00572	0.00572	0.00191	0.00889	0.00445	0.00254	0.00889
26	0.02391	0.01249	0.01452	0.01136	0.01576	0.04469	0.00929	0.21805	0.01991	0.46210	0.02385	0.02171	0.07808	0.00802	0.00611	0.00185	0.00560	0.00637	0.00670	0.00964
27	0.01180	0.01115	0.01877	0.67419	0.12023	0.01359	0.01682	0.01570	0.01215	0.01583	0.01070	0.01584	0.00819	0.00605	0.00632	0.00199	0.02564	0.00535	0.00271	0.00700
28	0.01448	0.01429	0.02561	0.09723	0.57898	0.01436	0.12923	0.01833	0.01364	0.01923	0.01140	0.01519	0.00934	0.00537	0.00614	0.00184	0.00769	0.00563	0.00296	0.00907
29	0.01173	0.01202	0.04958	0.62043	0.06784	0.01336	0.07966	0.01589	0.01238	0.01613	0.01160	0.01769	0.00910	0.00626	0.00618	0.00202	0.00812	0.03024	0.00281	0.00697
30	0.01332	0.01399	0.02771	0.22939	0.16871	0.01418	0.37796	0.01769	0.01343	0.01815	0.01233	0.04239	0.00996	0.00585	0.00661	0.00199	0.00878	0.00664	0.00302	0.00788
31	0.02648	0.01025	0.01410	0.03584	0.01622	0.00899	0.00910	0.02886	0.01705	0.73086	0.02330	0.02033	0.01467	0.00740	0.00605	0.00187	0.00521	0.00603	0.00729	0.01012
32	0.01281	0.15599	0.60842	0.01635	0.02451	0.01564	0.04897	0.01889	0.01268	0.01825	0.01045	0.01234	0.00770	0.00560	0.00547	0.00181	0.00854	0.00435	0.00257	0.00867
33	0.01045	0.00522	0.00784	0.00784	0.00784	0.00522	0.00522	0.00784	0.00784	0.01045	0.01045	0.01829	0.01045	0.02090	0.02351	0.82497	0.00522	0.00522	0.00261	0.00261
34	0.00761	0.00590	0.00697	0.00757	0.00880	0.00534	0.00542	0.00945	0.03022	0.01683	0.10833	0.38269	0.32617	0.01647	0.00738	0.00223	0.00335	0.03841	0.00569	0.00517
35	0.00773	0.00574	0.00729	0.00825	0.00919	0.00530	0.00600	0.00928	0.01276	0.01663	0.09499	0.46729	0.18736	0.01725	0.00761	0.00236	0.00366	0.12055	0.00566	0.00509
36	0.04487	0.12756	0.12607	0.01896	0.14935	0.22155	0.08550	0.03778	0.01495	0.10137	0.01175	0.01334	0.00901	0.00587	0.00554	0.00170	0.00829	0.00471	0.00350	0.00834
37	0.01634	0.70702	0.06209	0.01095	0.01612	0.07391	0.01090	0.01847	0.01257	0.01441	0.00853	0.00986	0.00772	0.00524	0.00405	0.00133	0.00684	0.00331	0.00261	0.00772
38	0.01360	0.11741	0.40055	0.01924	0.08890	0.01537	0.15948	0.05379	0.01376	0.01937	0.01173	0.03851	0.00928	0.00599	0.00586	0.00186	0.00840	0.00536	0.00295	0.00859
39	0.01718	0.01676	0.14509	0.02592	0.39422	0.03359	0.03841	0.03700	0.04484	0.16642	0.01429	0.01587	0.01060	0.00601	0.00596	0.00183	0.00712	0.00542	0.00400	0.00946
40	0.02056	0.04713	0.05257	0.01999	0.23062	0.02695	0.07650	0.02369	0.01540	0.37320	0.01783	0.01898	0.01267	0.00672	0.00607	0.00185	0.00651	0.02812	0.00518	0.00946
41	0.01183	0.01117	0.01889	0.67600	0.13589	0.01349	0.01694	0.01578	0.01225	0.01594	0.01078	0.01589	0.00822	0.00593	0.00601	0.00198	0.00790	0.00535	0.00271	0.00706
42	0.01510	0.02118	0.34258	0.04633	0.20645	0.01380	0.06032	0.04674	0.06944	0.09977	0.01358	0.01521	0.00990	0.00603	0.00595	0.00189	0.00769	0.00525	0.00361	0.00917
43	0.01522	0.12448	0.48674	0.01660	0.07260	0.01465	0.01822	0.04002	0.01379	0.12460	0.01248	0.01362	0.00888	0.00591	0.00555	0.00181	0.00785	0.00461	0.00337	0.00901
44	0.02491	0.00979	0.01323	0.01029	0.01462	0.00847	0.00845	0.02724	0.01704	0.67529	0.07047	0.02374	0.05175	0.00811	0.00616	0.00187	0.00488	0.00666	0.00731	0.00971
45	0.01471	0.02218	0.39684	0.01774	0.06141	0.01321	0.13626	0.03703	0.05888	0.11681	0.03021	0.01730	0.03666	0.00647	0.00611	0.00192	0.00788	0.00573	0.00378	0.00884

[dist]
# distance from previous block
# <min> <max>
0	15

[block]
# block no. 1 follows, 38 sequences, length 26
# corresponding to MSA columns:
# 133-158
name=unknown_B
#
# <colnr> <probs for GDERKNQSTAVLIFYWHMCP>
#	G	D	E	R	K	N	Q	S	T	A	V	L	I	F	Y	W	H	M	C	P
0	0.04272	0.01962	0.30300	0.01850	0.14923	0.01281	0.05001	0.05872	0.03270	0.21104	0.01496	0.01616	0.01063	0.02544	0.00649	0.00197	0.00724	0.00533	0.00425	0.00920
1	0.01611	0.01655	0.09731	0.07719	0.39721	0.06476	0.08907	0.05179	0.01473	0.08273	0.01279	0.01612	0.01007	0.00595	0.00607	0.00185	0.00771	0.01952	0.00350	0.00897
2	0.78916	0.01263	0.04715	0.00838	0.01237	0.01352	0.00732	0.01775	0.01036	0.02658	0.00850	0.00992	0.00657	0.00559	0.00382	0.00186	0.00487	0.00332	0.00366	0.00664
3	0.01146	0.04812	0.36952	0.01766	0.11788	0.01198	0.07172	0.01608	0.01281	0.01819	0.03548	0.18684	0.03861	0.00896	0.00630	0.00200	0.00714	0.00795	0.00351	0.00779
4	0.01621	0.69564	0.07844	0.01106	0.01633	0.06821	0.01116	0.01845	0.01255	0.01451	0.00858	0.00992	0.00772	0.00525	0.00408	0.00134	0.00686	0.00334	0.00260	0.00775
5	0.00859	0.00645	0.00967	0.00967	0.01074	0.00752	0.00752	0.01074	0.00967	0.01396	0.01611	0.02363	0.01504	0.04512	0.76474	0.00967	0.01611	0.00645	0.00322	0.00537
6	0.01567	0.47121	0.24600	0.01298	0.01899	0.11229	0.01401	0.01906	0.01296	0.01568	0.00920	0.01071	0.00769	0.00545	0.00461	0.00150	0.00771	0.00366	0.00263	0.00798
7	0.01136	0.01069	0.01804	0.77412	0.04143	0.01337	0.01671	0.01537	0.01203	0.01537	0.01069	0.01604	0.00802	0.00601	0.00601	0.00200	0.00802	0.00535	0.00267	0.00668
8	0.01004	0.00897	0.02975	0.01225	0.08671	0.02868	0.04165	0.01355	0.05416	0.02104	0.37699	0.13078	0.10190	0.01198	0.00698	0.00201	0.00433	0.04630	0.00559	0.00635
9	0.01449	0.01397	0.02409	0.11536	0.65246	0.01422	0.04073	0.01816	0.01354	0.01918	0.01128	0.01505	0.00935	0.00542	0.00600	0.00182	0.00733	0.00541	0.00295	0.00918
10	0.00747	0.00534	0.00715	0.00854	0.00895	0.00501	0.00583	0.00863	0.01166	0.01552	0.03308	0.74104	0.03947	0.01871	0.00772	0.00246	0.00361	0.05930	0.00558	0.00493
11	0.00749	0.00535	0.00717	0.00856	0.00898	0.00503	0.00586	0.00866	0.01168	0.01554	0.03307	0.73571	0.03944	0.01869	0.00772	0.00247	0.00363	0.06445	0.00558	0.00493
12	0.01838	0.04442	0.10764	0.01866	0.09368	0.33996	0.09416	0.09029	0.01597	0.01846	0.01032	0.01265	0.00832	0.00649	0.00732	0.00181	0.09561	0.00474	0.00323	0.00788
13	0.00772	0.00612	0.00694	0.00674	0.00850	0.00534	0.00505	0.00982	0.01516	0.01969	0.36094	0.05224	0.44647	0.01395	0.00710	0.00197	0.00296	0.01190	0.00604	0.00534
14	0.10073	0.17056	0.06251	0.03638	0.01822	0.01813	0.01127	0.41434	0.02099	0.02928	0.01209	0.01286	0.00907	0.00637	0.00526	0.00167	0.00644	0.00460	0.00466	0.05458
15	0.02699	0.01024	0.01396	0.01070	0.01536	0.00884	0.00884	0.02932	0.01722	0.75522	0.02373	0.02048	0.01489	0.00745	0.00605	0.00186	0.00512	0.00605	0.00745	0.01024
16	0.01381	0.11269	0.01330	0.02450	0.01298	0.05262	0.00779	0.06611	0.10100	0.10647	0.13959	0.11235	0.19137	0.01086	0.00631	0.00189	0.00473	0.00903	0.00546	0.00712
17	0.01276	0.20323	0.53158	0.01517	0.02275	0.01575	0.03628	0.01824	0.01269	0.01778	0.01307	0.01461	0.04896	0.00610	0.00540	0.00177	0.00804	0.00469	0.00273	0.00839
18	0.02534	0.01034	0.01480	0.01131	0.01587	0.00905	0.05227	0.02786	0.01678	0.66977	0.02280	0.02033	0.01457	0.00728	0.00601	0.00185	0.00529	0.00609	0.05256	0.00985
19	0.01296	0.11878	0.65187	0.01617	0.02450	0.01496	0.02046	0.01923	0.01278	0.03964	0.01089	0.01257	0.00784	0.00570	0.00551	0.00183	0.00850	0.00435	0.00268	0.00879
20	0.01288	0.01176	0.01909	0.54345	0.18421	0.01374	0.01646	0.06842	0.01362	0.01798	0.01176	0.01731	0.00932	0.00630	0.00607	0.00197	0.00766	0.02743	0.00307	0.00749
21	0.00757	0.00571	0.00653	0.00705	0.00798	0.00518	0.00473	0.00856	0.01174	0.01485	0.04080	0.32415	0.31506	0.19711	0.01281	0.00307	0.00386	0.01341	0.00513	0.00467
22	0.01572	0.19624	0.44719	0.01456	0.02172	0.03912	0.01704	0.03769	0.01377	0.12549	0.01218	0.01314	0.00877	0.00589	0.00535	0.00175	0.00780	0.00441	0.00336	0.00880
23	0.01274	0.01189	0.02014	0.44372	0.32463	0.01337	0.01689	0.01627	0.01251	0.01687	0.01093	0.01568	0.00873	0.00642	0.00678	0.03911	0.00754	0.00535	0.00279	0.00764
24	0.01378	0.01239	0.02069	0.07164	0.55538	0.01245	0.01589	0.01695	0.01340	0.04125	0.01556	0.12840	0.01489	0.00782	0.00630	0.00193	0.00655	0.03258	0.00357	0.00858
25	0.01450	0.01398	0.02411	0.11354	0.65342	0.01423	0.04151	0.01817	0.01354	0.01919	0.01128	0.01505	0.00936	0.00542	0.00600	0.00182	0.00734	0.00542	0.00295	0.00919

[dist]
# distance from previous block
# <min> <max>
0	1

[block]
# block no. 2 follows, 38 sequences, length 20
# corresponding to MSA columns:
# 160-179
name=unknown_C
#
# <colnr> <probs for GDERKNQSTAVLIFYWHMCP>
#	G	D	E	R	K	N	Q	S	T	A	V	L	I	F	Y	W	H	M	C	P
0	0.01539	0.01503	0.02228	0.16360	0.51946	0.07762	0.01715	0.06199	0.01458	0.01960	0.01123	0.01472	0.00916	0.00566	0.00592	0.00181	0.00758	0.00524	0.00312	0.00886
1	0.01444	0.01384	0.02361	0.13060	0.66088	0.01418	0.01824	0.01807	0.01349	0.01911	0.01124	0.01504	0.00934	0.00544	0.00596	0.00181	0.00726	0.00536	0.00294	0.00917
2	0.01486	0.06327	0.02497	0.05216	0.54637	0.01471	0.09151	0.03725	0.01393	0.01963	0.01125	0.01458	0.00931	0.00533	0.00586	0.00173	0.00727	0.00530	0.00307	0.05764
3	0.02208	0.02372	0.01579	0.01404	0.01726	0.57492	0.01066	0.02386	0.01707	0.13974	0.07279	0.01528	0.01300	0.00691	0.00567	0.00163	0.00922	0.00482	0.00412	0.00741
4	0.08113	0.01074	0.01227	0.00895	0.01411	0.00853	0.00719	0.01631	0.01261	0.06949	0.01137	0.01279	0.00911	0.00475	0.00450	0.00104	0.00452	0.00371	0.00384	0.70306
5	0.01646	0.74687	0.03066	0.01060	0.01563	0.06777	0.01037	0.01837	0.01251	0.01419	0.00842	0.00972	0.00772	0.00521	0.00395	0.00130	0.00670	0.00326	0.00260	0.00768
6	0.01372	0.01419	0.04284	0.01643	0.03886	0.05690	0.24266	0.05607	0.03879	0.01942	0.01511	0.09754	0.02963	0.00740	0.00729	0.00178	0.07250	0.00681	0.00373	0.21835
7	0.83108	0.01163	0.00884	0.00791	0.01163	0.01350	0.00651	0.01768	0.01024	0.02699	0.00838	0.00977	0.00651	0.00558	0.00372	0.00186	0.00465	0.00326	0.00372	0.00651
8	0.00875	0.00583	0.00656	0.00656	0.00656	0.00583	0.00365	0.00875	0.00875	0.01166	0.01895	0.03937	0.02187	0.78858	0.03062	0.00583	0.00583	0.00875	0.00365	0.00365
9	0.02480	0.01375	0.01613	0.01237	0.01711	0.01405	0.01022	0.40156	0.02309	0.37469	0.01880	0.01728	0.01242	0.00733	0.00603	0.00183	0.00592	0.00571	0.00669	0.01023
10	0.01631	0.63190	0.02809	0.01079	0.01565	0.02219	0.01024	0.06101	0.12132	0.01715	0.01111	0.01183	0.00945	0.00571	0.00432	0.00143	0.00620	0.00388	0.00330	0.00813
11	0.00863	0.00631	0.00900	0.00900	0.00984	0.00716	0.00669	0.01031	0.00947	0.01347	0.01672	0.02702	0.01651	0.20496	0.60691	0.00884	0.01390	0.00694	0.00331	0.00500
12	0.01247	0.05530	0.64095	0.01795	0.02636	0.01447	0.11152	0.01904	0.01287	0.01891	0.01089	0.01304	0.00782	0.00561	0.00583	0.00190	0.00897	0.00474	0.00261	0.00875
13	0.01797	0.01412	0.02694	0.01974	0.02502	0.01342	0.44025	0.02313	0.07497	0.23450	0.01645	0.01790	0.01154	0.00617	0.00705	0.00200	0.02873	0.00672	0.00457	0.00881
14	0.02358	0.01198	0.01961	0.01456	0.01958	0.01078	0.19353	0.04865	0.01679	0.54423	0.02048	0.01920	0.01327	0.00683	0.00632	0.00190	0.00645	0.00630	0.00627	0.00969
15	0.01710	0.01217	0.01349	0.01178	0.01536	0.01345	0.00926	0.03076	0.57430	0.16823	0.04852	0.02281	0.01897	0.00816	0.00614	0.00200	0.00477	0.00679	0.00640	0.00953
16	0.01417	0.00858	0.02911	0.00925	0.02700	0.00724	0.02128	0.03265	0.01524	0.24230	0.12246	0.06680	0.32925	0.03794	0.00752	0.00209	0.00422	0.00985	0.00603	0.00703
17	0.01234	0.01122	0.01804	0.70958	0.03950	0.01381	0.01626	0.07612	0.01341	0.01728	0.01101	0.01590	0.00821	0.00612	0.00601	0.00199	0.00790	0.00535	0.00296	0.00698
18	0.01506	0.01681	0.03153	0.02356	0.05010	0.07872	0.57706	0.04109	0.01463	0.01939	0.01204	0.01575	0.00920	0.00550	0.00726	0.00198	0.03753	0.00661	0.02818	0.00799
19	0.00981	0.00733	0.01038	0.01002	0.01141	0.00846	0.00785	0.07189	0.01125	0.01600	0.01597	0.02285	0.01463	0.04190	0.70033	0.00900	0.01531	0.00636	0.00346	0.00578

[dist]
# distance from previous block
# <min> <max>
0	2

[block]
# block no. 3 follows, 38 sequences, length 7
# corresponding to MSA columns:
# 182-188
name=unknown_D
#
# <colnr> <probs for GDERKNQSTAVLIFYWHMCP>
#	G	D	E	R	K	N	Q	S	T	A	V	L	I	F	Y	W	H	M	C	P
0	0.00753	0.00543	0.00741	0.00858	0.00905	0.00531	0.00589	0.00875	0.01122	0.01513	0.03043	0.66297	0.03583	0.02305	0.12873	0.00360	0.00551	0.01540	0.00521	0.00496
1	0.00919	0.00744	0.01018	0.01190	0.12743	0.00691	0.00745	0.01182	0.01568	0.02146	0.46033	0.04333	0.22020	0.01191	0.00692	0.00191	0.00358	0.01045	0.00578	0.00614
2	0.01359	0.01305	0.02055	0.11893	0.51598	0.04560	0.01589	0.01673	0.01330	0.01824	0.01465	0.13793	0.01411	0.00763	0.00621	0.00191	0.00683	0.00717	0.00336	0.00834
3	0.08445	0.02453	0.04644	0.01439	0.01804	0.52674	0.01138	0.08910	0.05145	0.06263	0.01134	0.01229	0.00880	0.00639	0.00543	0.00165	0.00927	0.00426	0.00379	0.00763
4	0.00873	0.00679	0.00861	0.00923	0.01067	0.00667	0.00758	0.01083	0.01345	0.01718	0.06675	0.12671	0.28165	0.01586	0.00841	0.00244	0.04607	0.34154	0.00544	0.00538
5	0.05552	0.01439	0.06820	0.02321	0.36941	0.03622	0.01382	0.01834	0.01342	0.06774	0.01169	0.01399	0.00935	0.00528	0.00536	0.00152	0.00631	0.00464	0.00346	0.25813
6	0.01369	0.01070	0.01254	0.00930	0.01419	0.00870	0.00743	0.05113	0.04441	0.06725	0.06928	0.01600	0.01345	0.00554	0.00490	0.00112	0.00449	0.00451	0.00427	0.63709

[dist]
# distance from previous block
# <min> <max>
0	1

[block]
# block no. 4 follows, 38 sequences, length 14
# corresponding to MSA columns:
# 190-203
name=unknown_E
#
# <colnr> <probs for GDERKNQSTAVLIFYWHMCP>
#	G	D	E	R	K	N	Q	S	T	A	V	L	I	F	Y	W	H	M	C	P
0	0.01802	0.56028	0.02713	0.01187	0.01640	0.24877	0.01070	0.01984	0.01369	0.01433	0.00865	0.01001	0.00773	0.00547	0.00434	0.00137	0.00777	0.00342	0.00273	0.00749
1	0.00978	0.00752	0.00948	0.01075	0.01200	0.03861	0.00898	0.01217	0.01353	0.01735	0.03115	0.20354	0.03448	0.01661	0.00807	0.00266	0.00537	0.54704	0.00544	0.00547
2	0.01364	0.10756	0.43013	0.05616	0.02312	0.05578	0.05535	0.03376	0.01385	0.05179	0.07317	0.01677	0.03008	0.00654	0.00576	0.00183	0.00790	0.00529	0.00331	0.00823
3	0.01535	0.10729	0.05267	0.07493	0.20286	0.03531	0.09616	0.05700	0.05839	0.08255	0.02993	0.06010	0.01402	0.00756	0.00664	0.00192	0.03797	0.04709	0.00398	0.00826
4	0.00859	0.00645	0.00967	0.00967	0.01074	0.00752	0.00752	0.01074	0.00967	0.01396	0.01611	0.02363	0.01504	0.04512	0.76474	0.00967	0.01611	0.00645	0.00322	0.00537
5	0.01434	0.07600	0.45896	0.01516	0.02180	0.11660	0.03481	0.01942	0.01358	0.05921	0.03730	0.01476	0.01044	0.00769	0.03609	0.00211	0.00863	0.00480	0.04011	0.00821
6	0.01378	0.04704	0.30895	0.17126	0.16634	0.01401	0.03570	0.01851	0.01288	0.07091	0.01177	0.01457	0.00882	0.00612	0.00666	0.00191	0.05587	0.00502	0.02146	0.00839
7	0.01651	0.01523	0.06209	0.02114	0.05516	0.01372	0.44913	0.05437	0.04078	0.14830	0.01559	0.03752	0.01179	0.00634	0.00676	0.00200	0.00846	0.02235	0.00415	0.00859
8	0.01409	0.01348	0.02298	0.20319	0.59101	0.01408	0.01807	0.01776	0.01332	0.01869	0.01118	0.01515	0.00919	0.00551	0.00597	0.00184	0.00734	0.00536	0.00291	0.00889
9	0.01483	0.08847	0.45152	0.01700	0.02409	0.07307	0.11773	0.02013	0.01349	0.08225	0.01171	0.01349	0.00849	0.00592	0.00621	0.00186	0.03323	0.00484	0.00309	0.00858
10	0.01434	0.01611	0.13487	0.15392	0.44303	0.01392	0.03995	0.01901	0.04071	0.04869	0.01215	0.01530	0.00952	0.00570	0.00597	0.00186	0.00748	0.00535	0.00316	0.00894
11	0.00796	0.00583	0.00801	0.00873	0.00954	0.00588	0.00636	0.00964	0.01177	0.01605	0.10470	0.40458	0.06588	0.02578	0.23567	0.00456	0.00732	0.05160	0.00498	0.00516
12	0.83108	0.01163	0.00884	0.00791	0.01163	0.01350	0.00651	0.01768	0.01024	0.02699	0.00838	0.00977	0.00651	0.00558	0.00372	0.00186	0.00465	0.00326	0.00372	0.00651
13	0.03872	0.19936	0.36456	0.01313	0.02000	0.01462	0.01496	0.01838	0.01268	0.05317	0.01075	0.01223	0.00825	0.00538	0.00496	0.00153	0.00702	0.00400	0.00305	0.19327

[dist]
# distance from previous block
# <min> <max>
4	6

[block]
# block no. 5 follows, 38 sequences, length 80
# corresponding to MSA columns:
# 210-289
name=unknown_F
#
# <colnr> <probs for GDERKNQSTAVLIFYWHMCP>
#	G	D	E	R	K	N	Q	S	T	A	V	L	I	F	Y	W	H	M	C	P
0	0.01479	0.01274	0.05588	0.11036	0.08895	0.01090	0.04528	0.08255	0.01450	0.09064	0.01313	0.03888	0.01047	0.00583	0.00539	0.00145	0.00590	0.00501	0.00397	0.38337
1	0.02163	0.02659	0.01723	0.01544	0.01834	0.65490	0.01176	0.06109	0.01692	0.01595	0.00944	0.01126	0.00790	0.00666	0.00679	0.00166	0.08205	0.00409	0.00321	0.00711
2	0.01384	0.01140	0.01319	0.01131	0.01462	0.01221	0.02759	0.04666	0.41647	0.04461	0.16861	0.02499	0.02405	0.00845	0.00649	0.00186	0.02561	0.00711	0.00575	0.11518
3	0.00795	0.00677	0.00693	0.00677	0.00891	0.00608	0.00511	0.01107	0.08576	0.01750	0.08965	0.05378	0.64381	0.01440	0.00701	0.00203	0.00321	0.01203	0.00569	0.00555
4	0.00737	0.00543	0.00691	0.00796	0.00865	0.00497	0.00543	0.00862	0.01224	0.01610	0.08615	0.61791	0.15457	0.01782	0.00755	0.00234	0.00337	0.01597	0.00566	0.00497
5	0.01307	0.01528	0.09412	0.01757	0.01965	0.01692	0.15479	0.01567	0.01061	0.01590	0.00984	0.03854	0.00914	0.00925	0.01548	0.00244	0.52594	0.00593	0.00280	0.00706
6	0.75063	0.01180	0.00942	0.00833	0.01203	0.01359	0.00683	0.06658	0.01152	0.02739	0.00954	0.03336	0.00777	0.00610	0.00400	0.00188	0.00475	0.00382	0.00394	0.00672
7	0.00892	0.00724	0.01117	0.04183	0.08483	0.00702	0.05260	0.01079	0.01226	0.01636	0.02959	0.52604	0.05591	0.01580	0.00746	0.00236	0.00466	0.09443	0.00505	0.00569
8	0.01437	0.01228	0.01684	0.01431	0.01547	0.01578	0.03155	0.01800	0.10645	0.08938	0.05633	0.01791	0.01335	0.03432	0.01584	0.00252	0.50820	0.00604	0.00385	0.00722
9	0.01388	0.01886	0.22805	0.02981	0.47924	0.01402	0.06832	0.01848	0.01355	0.01959	0.03199	0.01522	0.01030	0.00563	0.00600	0.00184	0.00772	0.00538	0.00296	0.00915
10	0.01608	0.79220	0.03152	0.01029	0.01544	0.02380	0.01029	0.01801	0.01222	0.01415	0.00836	0.00965	0.00772	0.00515	0.00386	0.00129	0.00643	0.00322	0.00257	0.00772
11	0.01606	0.01376	0.01822	0.15565	0.20419	0.01543	0.01356	0.18440	0.24925	0.02469	0.01605	0.01737	0.01221	0.00692	0.00636	0.00193	0.02440	0.00583	0.00461	0.00911
12	0.01387	0.01403	0.06245	0.06250	0.44863	0.01246	0.01516	0.01772	0.03023	0.01953	0.01139	0.01431	0.00938	0.00522	0.00552	0.00155	0.00647	0.00483	0.00318	0.24158
13	0.09039	0.07781	0.40501	0.01526	0.02206	0.01439	0.08112	0.08813	0.01465	0.07921	0.04767	0.01487	0.01087	0.00621	0.00565	0.00185	0.00763	0.00502	0.00362	0.00860
14	0.19082	0.03279	0.01355	0.01023	0.01471	0.01055	0.00850	0.05081	0.01603	0.56083	0.01984	0.01778	0.01282	0.00699	0.00551	0.00184	0.00511	0.00538	0.00650	0.00941
15	0.00748	0.00611	0.00661	0.00649	0.00835	0.00524	0.00486	0.00936	0.01459	0.01834	0.24332	0.05445	0.56493	0.01446	0.00711	0.00199	0.00299	0.01221	0.00586	0.00524
16	0.01705	0.57802	0.02930	0.01271	0.01758	0.15667	0.08126	0.01922	0.01329	0.01476	0.00891	0.01051	0.00786	0.00533	0.00446	0.00141	0.00760	0.00372	0.00271	0.00762
17	0.01629	0.01801	0.01944	0.24972	0.25731	0.27701	0.01518	0.01924	0.01424	0.01646	0.01058	0.01410	0.00863	0.00713	0.03020	0.00202	0.00900	0.00487	0.00294	0.00764
18	0.00948	0.00677	0.00945	0.01084	0.01213	0.00674	0.00932	0.01210	0.01364	0.01776	0.03197	0.13239	0.03509	0.01682	0.00825	0.00274	0.00535	0.64813	0.00554	0.00548
19	0.00975	0.00642	0.00844	0.00778	0.00941	0.00589	0.00589	0.01255	0.01704	0.07285	0.69962	0.04331	0.05397	0.01197	0.00703	0.00189	0.00299	0.01056	0.00668	0.00598
20	0.01502	0.11856	0.19729	0.02307	0.27708	0.05194	0.07991	0.02081	0.10139	0.03925	0.01272	0.01469	0.00994	0.00583	0.00573	0.00179	0.00757	0.00515	0.00334	0.00891
21	0.01710	0.67265	0.02934	0.01099	0.01594	0.08835	0.01049	0.06696	0.01374	0.01582	0.00886	0.01008	0.00789	0.00538	0.00414	0.00134	0.00683	0.00342	0.00285	0.00783
22	0.00742	0.00537	0.00703	0.00817	0.00872	0.00497	0.00554	0.00866	0.01214	0.01620	0.09908	0.67697	0.08139	0.01805	0.00759	0.00237	0.00341	0.01629	0.00568	0.00497
23	0.01229	0.07444	0.71609	0.01676	0.02543	0.01453	0.02155	0.01899	0.01267	0.01877	0.01066	0.01253	0.00763	0.00568	0.00561	0.00187	0.00875	0.00438	0.00254	0.00882
24	0.08763	0.06704	0.09052	0.02754	0.39301	0.04778	0.16316	0.01883	0.01345	0.01960	0.01090	0.01400	0.00881	0.00537	0.00581	0.00181	0.00781	0.00525	0.00300	0.00868
25	0.01420	0.01623	0.03550	0.02535	0.03144	0.01521	0.72921	0.01927	0.01420	0.01927	0.01217	0.01623	0.00913	0.00507	0.00710	0.00203	0.01014	0.00710	0.00304	0.00811
26	0.00918	0.00651	0.00702	0.00666	0.00891	0.00550	0.00508	0.01088	0.01432	0.08958	0.11175	0.05319	0.62157	0.01424	0.00700	0.00200	0.00323	0.01190	0.00585	0.00563
27	0.02115	0.15183	0.14074	0.01225	0.01754	0.05408	0.01168	0.10713	0.03348	0.34616	0.01792	0.01699	0.02858	0.00686	0.00560	0.00175	0.00640	0.00527	0.00531	0.00926
28	0.01433	0.01372	0.02341	0.15394	0.63842	0.01415	0.01818	0.01797	0.01343	0.01897	0.01122	0.01507	0.00929	0.00546	0.00596	0.00182	0.00729	0.00536	0.00293	0.00908
29	0.01149	0.01082	0.01827	0.74754	0.06702	0.01340	0.01677	0.01548	0.01209	0.01552	0.01071	0.01600	0.00807	0.00599	0.00601	0.00200	0.00799	0.00535	0.00268	0.00679
30	0.01493	0.08326	0.34328	0.02244	0.25977	0.03334	0.01823	0.08236	0.03156	0.03831	0.01169	0.01370	0.00891	0.00580	0.00568	0.00180	0.00779	0.00481	0.00321	0.00913
31	0.01547	0.01554	0.02339	0.06979	0.64533	0.08805	0.01771	0.01886	0.01395	0.01897	0.01109	0.01455	0.00928	0.00547	0.00591	0.00177	0.00755	0.00521	0.00298	0.00914
32	0.00863	0.00632	0.00904	0.00904	0.00989	0.00718	0.00673	0.01034	0.00948	0.01350	0.01669	0.02682	0.01642	0.19582	0.61594	0.00889	0.01403	0.00691	0.00331	0.00502
33	0.02287	0.01685	0.01805	0.01384	0.01866	0.01866	0.01143	0.73100	0.02828	0.03791	0.01444	0.01444	0.01023	0.00722	0.00602	0.00181	0.00662	0.00542	0.00602	0.01023
34	0.01136	0.01069	0.01804	0.77412	0.04143	0.01337	0.01671	0.01537	0.01203	0.01537	0.01069	0.01604	0.00802	0.00601	0.00601	0.00200	0.00802	0.00535	0.00267	0.00668
35	0.01136	0.01069	0.01804	0.77412	0.04143	0.01337	0.01671	0.01537	0.01203	0.01537	0.01069	0.01604	0.00802	0.00601	0.00601	0.00200	0.00802	0.00535	0.00267	0.00668
36	0.01136	0.01069	0.01804	0.77412	0.04143	0.01337	0.01671	0.01537	0.01203	0.01537	0.01069	0.01604	0.00802	0.00601	0.00601	0.00200	0.00802	0.00535	0.00267	0.00668
37	0.01065	0.00853	0.00999	0.01021	0.01236	0.00890	0.00839	0.01740	0.23270	0.01973	0.03675	0.05174	0.20434	0.01373	0.00736	0.00237	0.00470	0.32781	0.00573	0.00663
38	0.01244	0.01210	0.01704	0.01482	0.01499	0.01669	0.01227	0.01388	0.00929	0.01440	0.00920	0.01482	0.00903	0.01602	0.13800	0.00375	0.65670	0.00545	0.00273	0.00639
39	0.02247	0.02867	0.01705	0.01550	0.01860	0.76443	0.01162	0.02402	0.01705	0.01472	0.00930	0.01085	0.00775	0.00620	0.00542	0.00155	0.01085	0.00387	0.00310	0.00697
40	0.01608	0.79220	0.03152	0.01029	0.01544	0.02380	0.01029	0.01801	0.01222	0.01415	0.00836	0.00965	0.00772	0.00515	0.00386	0.00129	0.00643	0.00322	0.00257	0.00772
41	0.01569	0.71733	0.10294	0.01097	0.01648	0.02284	0.01147	0.01812	0.01227	0.01464	0.00860	0.00995	0.00771	0.00520	0.00404	0.00135	0.00668	0.00334	0.00257	0.00784
42	0.02699	0.01024	0.01396	0.01070	0.01536	0.00884	0.00884	0.02932	0.01722	0.75522	0.02373	0.02048	0.01489	0.00745	0.00605	0.00186	0.00512	0.00605	0.00745	0.01024
43	0.01608	0.79220	0.03152	0.01029	0.01544	0.02380	0.01029	0.01801	0.01222	0.01415	0.00836	0.00965	0.00772	0.00515	0.00386	0.00129	0.00643	0.00322	0.00257	0.00772
44	0.00733	0.00610	0.00640	0.00633	0.00826	0.00517	0.00475	0.00906	0.01424	0.01750	0.16998	0.05584	0.63880	0.01477	0.00711	0.00201	0.00301	0.01241	0.00575	0.00517
45	0.01608	0.79220	0.03152	0.01029	0.01544	0.02380	0.01029	0.01801	0.01222	0.01415	0.00836	0.00965	0.00772	0.00515	0.00386	0.00129	0.00643	0.00322	0.00257	0.00772
46	0.00862	0.00635	0.00917	0.00917	0.01008	0.00725	0.00690	0.01043	0.00952	0.01360	0.01656	0.02613	0.01612	0.16313	0.64821	0.00906	0.01448	0.00681	0.00329	0.00510
47	0.00711	0.00609	0.00609	0.00609	0.00813	0.00508	0.00457	0.00863	0.01371	0.01625	0.06094	0.05789	0.74862	0.01524	0.00711	0.00203	0.00305	0.01270	0.00559	0.00508
48	0.02247	0.02867	0.01705	0.01550	0.01860	0.76443	0.01162	0.02402	0.01705	0.01472	0.00930	0.01085	0.00775	0.00620	0.00542	0.00155	0.01085	0.00387	0.00310	0.00697
49	0.01236	0.08776	0.70339	0.01664	0.02525	0.01470	0.02134	0.01897	0.01267	0.01869	0.01061	0.01247	0.00763	0.00567	0.00558	0.00186	0.00871	0.00435	0.00254	0.00880
50	0.01195	0.01129	0.01911	0.65128	0.15968	0.01352	0.01700	0.01589	0.01231	0.01608	0.01080	0.01585	0.00827	0.00591	0.00600	0.00197	0.00787	0.00535	0.00272	0.00716
51	0.02247	0.02867	0.01705	0.01550	0.01860	0.76443	0.01162	0.02402	0.01705	0.01472	0.00930	0.01085	0.00775	0.00620	0.00542	0.00155	0.01085	0.00387	0.00310	0.00697
52	0.02140	0.01034	0.01339	0.01131	0.01506	0.00985	0.00950	0.13589	0.01801	0.43108	0.02457	0.03303	0.01978	0.01003	0.00669	0.00211	0.00548	0.20690	0.00668	0.00890
53	0.01446	0.01406	0.02298	0.17610	0.59342	0.03769	0.01791	0.01805	0.01349	0.01869	0.01113	0.01498	0.00919	0.00551	0.00595	0.00182	0.00743	0.00531	0.00292	0.00891
54	0.00861	0.00577	0.00660	0.00674	0.00677	0.00574	0.00384	0.00871	0.00902	0.01203	0.02035	0.11269	0.02363	0.71286	0.02836	0.00550	0.00560	0.00957	0.00384	0.00377
55	0.02247	0.02867	0.01705	0.01550	0.01860	0.76443	0.01162	0.02402	0.01705	0.01472	0.00930	0.01085	0.00775	0.00620	0.00542	0.00155	0.01085	0.00387	0.00310	0.00697
56	0.01573	0.01512	0.04256	0.03238	0.55857	0.03001	0.11839	0.03718	0.01437	0.05943	0.01213	0.01523	0.00969	0.00550	0.00611	0.00182	0.00757	0.00559	0.00330	0.00932
57	0.01489	0.01429	0.02442	0.03692	0.75106	0.01429	0.01846	0.01846	0.01370	0.01965	0.01132	0.01489	0.00953	0.00536	0.00596	0.00179	0.00715	0.00536	0.00298	0.00953
58	0.00749	0.00535	0.00716	0.00856	0.00898	0.00502	0.00586	0.00865	0.01168	0.01554	0.03307	0.73598	0.03944	0.01870	0.00772	0.00247	0.00363	0.06419	0.00558	0.00493
59	0.01322	0.24118	0.53100	0.01520	0.02275	0.01685	0.01861	0.01861	0.01245	0.01754	0.01002	0.01187	0.00766	0.00572	0.00569	0.00176	0.03471	0.00413	0.00255	0.00849
60	0.01136	0.01069	0.01804	0.77412	0.04143	0.01337	0.01671	0.01537	0.01203	0.01537	0.01069	0.01604	0.00802	0.00601	0.00601	0.00200	0.00802	0.00535	0.00267	0.00668
61	0.00873	0.00591	0.00694	0.00694	0.00707	0.00604	0.00412	0.00899	0.00886	0.01195	0.01861	0.03744	0.02104	0.69774	0.12032	0.00630	0.00709	0.00847	0.00359	0.00386
62	0.00859	0.00645	0.00967	0.00967	0.01074	0.00752	0.00752	0.01074	0.00967	0.01396	0.01611	0.02363	0.01504	0.04512	0.76474	0.00967	0.01611	0.00645	0.00322	0.00537
63	0.80009	0.01183	0.00919	0.00814	0.01190	0.01369	0.00670	0.04503	0.01093	0.02741	0.00861	0.00995	0.00666	0.00565	0.00381	0.00186	0.00473	0.00334	0.00381	0.00666
64	0.01270	0.02899	0.66200	0.01781	0.02630	0.01396	0.09491	0.01936	0.01298	0.03968	0.01130	0.01328	0.00798	0.00570	0.00587	0.00192	0.00891	0.00476	0.00273	0.00885
65	0.01137	0.01052	0.01499	0.01339	0.01381	0.01414	0.01095	0.01301	0.00939	0.01428	0.01112	0.01727	0.01070	0.02411	0.31225	0.00539	0.47861	0.00573	0.00286	0.00611
66	0.01496	0.01292	0.01360	0.01224	0.01564	0.01496	0.00952	0.03197	0.74019	0.02516	0.02448	0.02244	0.01836	0.00816	0.00612	0.00204	0.00476	0.00680	0.00612	0.00952
67	0.01973	0.01156	0.01576	0.15612	0.09275	0.01201	0.01149	0.04323	0.19967	0.34230	0.02005	0.01945	0.01385	0.00715	0.00605	0.00192	0.00580	0.00603	0.00575	0.00932
68	0.01207	0.03112	0.75741	0.01715	0.02604	0.01397	0.02223	0.01905	0.01270	0.01905	0.01080	0.01270	0.00762	0.00572	0.00572	0.00191	0.00889	0.00445	0.00254	0.00889
69	0.00857	0.00737	0.00749	0.00724	0.00953	0.00692	0.00549	0.01298	0.14919	0.01791	0.05414	0.05128	0.61243	0.01392	0.00693	0.00203	0.00337	0.01160	0.00569	0.00591
70	0.01469	0.01409	0.02405	0.07889	0.71066	0.01424	0.01836	0.01829	0.01360	0.01941	0.01128	0.01495	0.00944	0.00540	0.00596	0.00180	0.00720	0.00536	0.00296	0.00937
71	0.01280	0.01502	0.07127	0.02172	0.02690	0.01322	0.55402	0.01723	0.01361	0.01853	0.01601	0.15933	0.01476	0.00768	0.00713	0.00210	0.00883	0.00881	0.00349	0.00756
72	0.02247	0.02867	0.01705	0.01550	0.01860	0.76443	0.01162	0.02402	0.01705	0.01472	0.00930	0.01085	0.00775	0.00620	0.00542	0.00155	0.01085	0.00387	0.00310	0.00697
73	0.00733	0.00524	0.00698	0.00838	0.00873	0.00489	0.00558	0.00838	0.01152	0.01536	0.03316	0.78466	0.03979	0.01885	0.00768	0.00244	0.00349	0.01710	0.00558	0.00489
74	0.01207	0.03112	0.75741	0.01715	0.02604	0.01397	0.02223	0.01905	0.01270	0.01905	0.01080	0.01270	0.00762	0.00572	0.00572	0.00191	0.00889	0.00445	0.00254	0.00889
75	0.01136	0.01069	0.01804	0.77412	0.04143	0.01337	0.01671	0.01537	0.01203	0.01537	0.01069	0.01604	0.00802	0.00601	0.00601	0.00200	0.00802	0.00535	0.00267	0.00668
76	0.83108	0.01163	0.00884	0.00791	0.01163	0.01350	0.00651	0.01768	0.01024	0.02699	0.00838	0.00977	0.00651	0.00558	0.00372	0.00186	0.00465	0.00326	0.00372	0.00651
77	0.01496	0.01292	0.01360	0.01224	0.01564	0.01496	0.00952	0.03197	0.74019	0.02516	0.02448	0.02244	0.01836	0.00816	0.00612	0.00204	0.00476	0.00680	0.00612	0.00952
78	0.02968	0.01271	0.01626	0.01304	0.01778	0.01087	0.01028	0.03091	0.01913	0.71646	0.02654	0.02494	0.01791	0.00972	0.00753	0.00251	0.00632	0.00712	0.00842	0.01186
79	0.01152	0.00883	0.00966	0.00931	0.01133	0.00758	0.00671	0.01255	0.01721	0.02286	0.35032	0.05478	0.41912	0.01583	0.00853	0.00261	0.00428	0.01263	0.00711	0.00725

[dist]
# distance from previous block
# <min> <max>
0	28

# created by:
# /home/cegg/simao/soft/augustus-3.2.1/scripts/msa2prfl.pl ./align_prep/EOG090W0EDI.fa
