[name]
unknown

[dist]
# distance from previous block
# <min> <max>
29	125

[block]
# block no. 0 follows, 28 sequences, length 42
# corresponding to MSA columns:
# 157-198
name=unknown_A
#
# <colnr> <probs for GDERKNQSTAVLIFYWHMCP>
#	G	D	E	R	K	N	Q	S	T	A	V	L	I	F	Y	W	H	M	C	P
0	0.01840	0.01424	0.01709	0.01481	0.04158	0.03341	0.01144	0.08568	0.11291	0.10349	0.02060	0.02255	0.04475	0.01504	0.10270	0.00336	0.11899	0.00678	0.00542	0.20677
1	0.07216	0.00951	0.01260	0.01127	0.01403	0.00901	0.06013	0.01589	0.04473	0.05519	0.21937	0.17865	0.17847	0.01630	0.03294	0.00274	0.00538	0.01293	0.00660	0.04210
2	0.02046	0.07921	0.04739	0.04857	0.04696	0.06881	0.08244	0.13204	0.01927	0.10588	0.01580	0.01796	0.01212	0.01059	0.05858	0.00261	0.02514	0.00599	0.00498	0.19520
3	0.14900	0.01277	0.01329	0.01129	0.01520	0.04463	0.00866	0.06438	0.03842	0.09788	0.04218	0.12202	0.02051	0.09220	0.03384	0.00288	0.00650	0.00823	0.00558	0.21056
4	0.17171	0.05117	0.04584	0.13622	0.05274	0.06448	0.03955	0.24372	0.02165	0.05613	0.01436	0.01635	0.01066	0.00753	0.00654	0.00216	0.00827	0.00576	0.00515	0.04001
5	0.04658	0.02079	0.02343	0.14679	0.18000	0.21811	0.07475	0.07049	0.01849	0.04593	0.01577	0.07641	0.01371	0.00848	0.00724	0.00222	0.00984	0.00726	0.00433	0.00938
6	0.00906	0.00667	0.00849	0.00953	0.01048	0.00610	0.00658	0.01078	0.01545	0.02051	0.15605	0.52020	0.15189	0.02076	0.00905	0.00276	0.00400	0.01857	0.00696	0.00610
7	0.01292	0.00754	0.00992	0.00964	0.01061	0.00738	0.00676	0.04264	0.01320	0.03917	0.06702	0.05972	0.11117	0.09931	0.02240	0.43070	0.00588	0.03444	0.00472	0.00488
8	0.01770	0.01697	0.02897	0.09188	0.65424	0.01719	0.02216	0.02205	0.01641	0.02339	0.01362	0.01809	0.01139	0.00653	0.00720	0.00218	0.00871	0.00648	0.00357	0.01128
9	0.05260	0.01308	0.01547	0.01180	0.01727	0.01160	0.00954	0.06108	0.04914	0.18870	0.01825	0.01882	0.01351	0.00719	0.00666	0.00165	0.03206	0.00557	0.05916	0.40686
10	0.04722	0.00745	0.00868	0.00925	0.01009	0.00734	0.00609	0.01216	0.03918	0.01890	0.07710	0.34436	0.08748	0.27004	0.01846	0.00423	0.00523	0.01502	0.00594	0.00577
11	0.15589	0.00979	0.01086	0.01027	0.01305	0.00979	0.00779	0.01944	0.07376	0.13345	0.12916	0.22688	0.11504	0.01438	0.00760	0.00247	0.00471	0.01221	0.03550	0.00797
12	0.01057	0.00705	0.00793	0.00793	0.00793	0.00705	0.00440	0.01057	0.01057	0.01409	0.02290	0.04757	0.02643	0.74454	0.03700	0.00705	0.00705	0.01057	0.00440	0.00440
13	0.02033	0.01540	0.01672	0.01464	0.01901	0.01732	0.01150	0.06471	0.57403	0.11703	0.02896	0.02641	0.02124	0.00970	0.00738	0.00243	0.00590	0.00803	0.00760	0.01165
14	0.16980	0.00972	0.01000	0.00923	0.01218	0.00966	0.00711	0.01740	0.07042	0.07215	0.20188	0.04714	0.28175	0.04054	0.00862	0.00253	0.00447	0.01122	0.00672	0.00745
15	0.23002	0.01124	0.01269	0.01088	0.01493	0.01093	0.00871	0.02435	0.01697	0.31681	0.05419	0.09183	0.09441	0.03740	0.00807	0.00254	0.00554	0.03218	0.00707	0.00924
16	0.01039	0.00711	0.00807	0.00801	0.00837	0.00696	0.00474	0.01089	0.01206	0.01607	0.09618	0.04997	0.08191	0.61379	0.03190	0.00621	0.00642	0.01120	0.00495	0.00479
17	0.05987	0.01877	0.01985	0.01567	0.02099	0.02089	0.01282	0.52325	0.12703	0.04213	0.01917	0.01905	0.01388	0.00879	0.00707	0.00220	0.00736	0.00668	0.04276	0.01178
18	0.25420	0.01429	0.01459	0.01223	0.01658	0.01543	0.00981	0.19737	0.08759	0.12232	0.06848	0.04792	0.06558	0.03353	0.00766	0.00245	0.00606	0.00767	0.00658	0.00966
19	0.30456	0.01304	0.01370	0.01138	0.01594	0.01350	0.00919	0.06817	0.06658	0.28289	0.02236	0.02252	0.03801	0.04343	0.00765	0.00247	0.00589	0.00651	0.04236	0.00983
20	0.02232	0.01571	0.01689	0.01375	0.01818	0.01721	0.01109	0.36874	0.14192	0.06222	0.05156	0.02314	0.01814	0.00915	0.00688	0.00213	0.00634	0.00721	0.17667	0.01075
21	0.01035	0.00747	0.00918	0.00941	0.00989	0.00772	0.00624	0.01122	0.01205	0.01611	0.02975	0.17540	0.08351	0.41470	0.10585	0.00615	0.03997	0.03475	0.00500	0.00530
22	0.05152	0.00932	0.01144	0.01023	0.01322	0.00865	0.00795	0.02031	0.04492	0.21176	0.24533	0.09052	0.14409	0.03724	0.00889	0.00252	0.00470	0.03375	0.03530	0.00834
23	0.61854	0.01354	0.01155	0.01002	0.01450	0.01514	0.00822	0.04562	0.01438	0.11498	0.01364	0.01470	0.01005	0.00722	0.00498	0.00221	0.00561	0.00465	0.06195	0.00850
24	0.02678	0.01143	0.01490	0.01196	0.01658	0.01037	0.00969	0.03109	0.07112	0.49916	0.10770	0.02870	0.02442	0.00971	0.00723	0.00221	0.00552	0.00802	0.09238	0.01104
25	0.02118	0.01386	0.01590	0.01352	0.01774	0.01474	0.01071	0.10535	0.32984	0.19263	0.15173	0.03051	0.02870	0.01046	0.00758	0.00235	0.00568	0.00873	0.00788	0.01095
26	0.00879	0.00732	0.00767	0.00769	0.00997	0.00621	0.00573	0.01078	0.01689	0.02064	0.14071	0.09889	0.59731	0.01822	0.00862	0.00246	0.00368	0.01534	0.00689	0.00621
27	0.01190	0.00649	0.00941	0.00976	0.01001	0.00639	0.00672	0.00998	0.01083	0.01432	0.02029	0.12922	0.04226	0.02432	0.02379	0.59782	0.00596	0.05263	0.00402	0.00389
28	0.01537	0.03211	0.50430	0.02374	0.03345	0.01734	0.22393	0.02310	0.01590	0.02310	0.01355	0.01665	0.00976	0.00667	0.00742	0.00235	0.01120	0.00635	0.00325	0.01046
29	0.01038	0.00779	0.01168	0.01168	0.01298	0.00909	0.00909	0.01298	0.01168	0.01687	0.01947	0.02856	0.01817	0.05452	0.71573	0.01168	0.01947	0.00779	0.00389	0.00649
30	0.01458	0.03760	0.70688	0.02072	0.03146	0.01688	0.02686	0.02302	0.01535	0.02302	0.01304	0.01535	0.00921	0.00691	0.00691	0.00230	0.01074	0.00537	0.00307	0.01074
31	0.02329	0.02708	0.02038	0.13327	0.05819	0.45611	0.01486	0.05296	0.07584	0.02073	0.01389	0.01624	0.01107	0.00769	0.00674	0.00203	0.01115	0.00551	0.03409	0.00887
32	0.01132	0.00902	0.01044	0.01044	0.01267	0.00896	0.00801	0.01740	0.15173	0.02405	0.19403	0.15579	0.24180	0.01675	0.00864	0.00261	0.00451	0.09728	0.00715	0.00742
33	0.01373	0.01292	0.02180	0.72707	0.05006	0.01615	0.02019	0.01857	0.01453	0.01857	0.01292	0.01938	0.00969	0.00727	0.00727	0.00242	0.00969	0.00646	0.00323	0.00807
34	0.02752	0.02138	0.04886	0.01718	0.04534	0.14886	0.01379	0.31037	0.05580	0.20813	0.01941	0.01888	0.01353	0.00846	0.00713	0.00216	0.00853	0.00642	0.00676	0.01149
35	0.01539	0.01501	0.02332	0.19638	0.14034	0.04552	0.08917	0.01902	0.01495	0.02019	0.01756	0.05205	0.01676	0.01098	0.01184	0.00271	0.18062	0.11561	0.00405	0.00852
36	0.05274	0.01218	0.01510	0.01269	0.01725	0.01168	0.01035	0.03101	0.15239	0.40812	0.03359	0.03509	0.08714	0.01115	0.00763	0.00243	0.00589	0.07468	0.00806	0.01084
37	0.01133	0.00836	0.01051	0.01130	0.03649	0.00821	0.00794	0.01466	0.06465	0.04338	0.08825	0.21442	0.18910	0.10572	0.09432	0.00422	0.00669	0.06740	0.00624	0.00682
38	0.04889	0.06060	0.09417	0.05341	0.12325	0.04928	0.06079	0.23820	0.03996	0.05181	0.01821	0.09513	0.01552	0.00925	0.00725	0.00227	0.00835	0.00781	0.00537	0.01047
39	0.10751	0.01183	0.01670	0.02076	0.21076	0.01168	0.01271	0.02016	0.01640	0.13693	0.05677	0.13846	0.05189	0.03775	0.00882	0.00268	0.00643	0.11687	0.00592	0.00895
40	0.01466	0.00873	0.01207	0.01317	0.06706	0.00817	0.00877	0.01676	0.01597	0.15753	0.09310	0.34234	0.08612	0.05229	0.06476	0.00351	0.00617	0.01434	0.00673	0.00773
41	0.01621	0.01622	0.02402	0.35873	0.20642	0.07500	0.04215	0.02028	0.01533	0.01999	0.01370	0.02072	0.01149	0.00822	0.00929	0.00244	0.09412	0.03319	0.00352	0.00896

[dist]
# distance from previous block
# <min> <max>
6	24

[block]
# block no. 1 follows, 28 sequences, length 57
# corresponding to MSA columns:
# 225-262,271-288,290
name=unknown_B
#
# <colnr> <probs for GDERKNQSTAVLIFYWHMCP>
#	G	D	E	R	K	N	Q	S	T	A	V	L	I	F	Y	W	H	M	C	P
0	0.01811	0.01900	0.11227	0.07377	0.17628	0.05906	0.01679	0.04963	0.12187	0.07063	0.03743	0.02144	0.01529	0.03420	0.03609	0.00284	0.09362	0.00686	0.00476	0.03006
1	0.01453	0.01115	0.01529	0.11800	0.05009	0.03627	0.03262	0.05955	0.01661	0.05121	0.13709	0.10153	0.05736	0.01725	0.04957	0.13628	0.02825	0.05473	0.00536	0.00725
2	0.15531	0.03556	0.07898	0.06436	0.04526	0.03878	0.05311	0.04874	0.16669	0.02544	0.02143	0.05562	0.04632	0.01233	0.04005	0.03321	0.03220	0.03256	0.00506	0.00899
3	0.20045	0.04672	0.04595	0.05333	0.12004	0.04327	0.18274	0.10505	0.05946	0.02784	0.01460	0.01800	0.01149	0.03133	0.00780	0.00242	0.00878	0.00647	0.00451	0.00973
4	0.01168	0.03495	0.05752	0.01009	0.01145	0.00777	0.00780	0.01113	0.01186	0.01556	0.02615	0.15620	0.11087	0.06010	0.02051	0.42105	0.00598	0.01014	0.00433	0.00485
5	0.01470	0.01366	0.02203	0.46828	0.17461	0.01542	0.01868	0.01967	0.03710	0.02053	0.01453	0.04310	0.01187	0.00752	0.00713	0.00225	0.00872	0.00678	0.00367	0.08976
6	0.12114	0.02086	0.02612	0.11226	0.14077	0.19238	0.17718	0.02474	0.01728	0.07910	0.01401	0.01710	0.01069	0.00699	0.00705	0.00221	0.01019	0.00628	0.00417	0.00949
7	0.01685	0.27008	0.21595	0.01744	0.02418	0.02080	0.09138	0.02288	0.07239	0.02122	0.01434	0.01818	0.01196	0.00772	0.00778	0.00211	0.06790	0.03033	0.00375	0.06276
8	0.01223	0.00824	0.01022	0.01034	0.01235	0.00776	0.00803	0.01543	0.04665	0.07777	0.16602	0.14809	0.20182	0.07315	0.01104	0.00304	0.00499	0.16883	0.00700	0.00699
9	0.01906	0.02392	0.14340	0.13518	0.13910	0.18322	0.03877	0.06959	0.06503	0.02278	0.01443	0.01772	0.01138	0.01009	0.04526	0.00273	0.03852	0.00611	0.00401	0.00970
10	0.08883	0.05043	0.04484	0.26807	0.10749	0.11294	0.03599	0.02481	0.07654	0.09844	0.01572	0.01851	0.01175	0.00750	0.00684	0.00224	0.00896	0.00616	0.00448	0.00948
11	0.01279	0.00816	0.01251	0.01242	0.03474	0.00869	0.03356	0.01134	0.01072	0.01462	0.01597	0.10426	0.01681	0.05017	0.02463	0.53498	0.07723	0.00822	0.00365	0.00453
12	0.01255	0.00636	0.00954	0.00954	0.00958	0.00640	0.00640	0.00958	0.00954	0.01276	0.01284	0.02230	0.01280	0.02618	0.05030	0.76377	0.00673	0.00636	0.00318	0.00326
13	0.02221	0.15164	0.04281	0.06360	0.10139	0.25034	0.01563	0.13015	0.01959	0.02308	0.01226	0.01493	0.01013	0.00801	0.00873	0.00212	0.10437	0.00540	0.00407	0.00956
14	0.15792	0.01900	0.02156	0.13365	0.08927	0.10452	0.06384	0.24265	0.02191	0.03098	0.01487	0.04071	0.01179	0.00806	0.00685	0.00224	0.00874	0.00646	0.00507	0.00991
15	0.00886	0.00633	0.00843	0.01012	0.01054	0.00590	0.00675	0.01012	0.01392	0.01856	0.04006	0.73979	0.04808	0.02277	0.00928	0.00295	0.00422	0.02066	0.00675	0.00590
16	0.02246	0.04604	0.02070	0.06529	0.04689	0.02049	0.01364	0.34412	0.27503	0.03631	0.02126	0.02099	0.01570	0.00887	0.00721	0.00228	0.00729	0.00706	0.00675	0.01160
17	0.01541	0.07405	0.27415	0.01501	0.02261	0.01370	0.03469	0.02053	0.01580	0.04969	0.05227	0.01993	0.04353	0.00725	0.00638	0.00178	0.00760	0.00587	0.00423	0.31555
18	0.64595	0.01529	0.01286	0.01096	0.01571	0.01752	0.00903	0.14892	0.01663	0.03519	0.01155	0.01291	0.00875	0.00713	0.00504	0.00224	0.00609	0.00445	0.00504	0.00875
19	0.01613	0.17797	0.43302	0.02164	0.05569	0.01956	0.13289	0.02278	0.01558	0.02189	0.01275	0.01542	0.00963	0.00662	0.00675	0.00217	0.01032	0.00565	0.00320	0.01033
20	0.01602	0.01526	0.02594	0.36019	0.39903	0.01675	0.02133	0.02058	0.01562	0.02135	0.01332	0.01863	0.01067	0.00684	0.00723	0.00228	0.00912	0.00647	0.00343	0.00992
21	0.01096	0.00846	0.01020	0.01018	0.01217	0.00826	0.00776	0.01605	0.10803	0.02505	0.31248	0.15836	0.17889	0.01665	0.00869	0.00256	0.00428	0.08644	0.00734	0.00718
22	0.01075	0.00698	0.00806	0.00806	0.00806	0.00698	0.00457	0.01047	0.01047	0.01396	0.02200	0.04532	0.02521	0.68099	0.03624	0.07609	0.00698	0.01019	0.00429	0.00429
23	0.01693	0.00898	0.01209	0.01074	0.01346	0.00856	0.00833	0.01959	0.01729	0.22763	0.22044	0.03931	0.08618	0.07346	0.19807	0.00511	0.00879	0.00996	0.00687	0.00820
24	0.01468	0.01241	0.01445	0.01052	0.01641	0.00946	0.00824	0.01763	0.01468	0.02285	0.01379	0.01792	0.01214	0.07008	0.00815	0.00160	0.00553	0.00485	0.00432	0.72031
25	0.00872	0.00733	0.00759	0.00777	0.01006	0.00620	0.00583	0.01058	0.01639	0.01964	0.07007	0.11631	0.62821	0.01877	0.00869	0.00252	0.00383	0.03860	0.00675	0.00614
26	0.01293	0.00684	0.00748	0.00775	0.00921	0.00670	0.00560	0.01570	0.01494	0.04425	0.02752	0.18879	0.02554	0.03797	0.00723	0.00219	0.00379	0.01006	0.55885	0.00666
27	0.01926	0.00916	0.01198	0.01063	0.01320	0.00840	0.00779	0.02102	0.01619	0.29883	0.08022	0.16235	0.02977	0.22739	0.04690	0.00418	0.00644	0.01113	0.00696	0.00822
28	0.01548	0.00828	0.01039	0.00982	0.01223	0.00740	0.00731	0.01764	0.01702	0.19609	0.12388	0.25513	0.17103	0.04423	0.00930	0.00265	0.00456	0.01379	0.06601	0.00773
29	0.02715	0.03464	0.02060	0.01873	0.02247	0.71536	0.01404	0.02903	0.02060	0.01779	0.01124	0.01311	0.00936	0.00749	0.00655	0.00187	0.01311	0.00468	0.00375	0.00843
30	0.01184	0.00804	0.01013	0.00947	0.01142	0.00758	0.00713	0.04381	0.02021	0.05061	0.52996	0.10208	0.08032	0.01469	0.00830	0.00230	0.00379	0.01289	0.05826	0.00718
31	0.01020	0.00693	0.00904	0.00996	0.01103	0.00638	0.00700	0.01203	0.01568	0.05014	0.15693	0.51474	0.10126	0.02036	0.00904	0.00278	0.00420	0.03883	0.00706	0.00639
32	0.01283	0.00799	0.01053	0.00958	0.01174	0.00729	0.00729	0.01619	0.02060	0.10614	0.61933	0.05093	0.06282	0.01419	0.00843	0.00228	0.00374	0.01248	0.00812	0.00749
33	0.01056	0.00707	0.00806	0.00806	0.00810	0.00712	0.00457	0.01065	0.01061	0.01419	0.02278	0.04690	0.02614	0.72044	0.06070	0.00721	0.00748	0.01047	0.00439	0.00448
34	0.29955	0.01005	0.01043	0.01020	0.01293	0.01044	0.00767	0.01822	0.01442	0.12511	0.02684	0.34142	0.02785	0.01435	0.00708	0.00254	0.00499	0.01206	0.03624	0.00761
35	0.04704	0.01103	0.01449	0.01228	0.01635	0.01004	0.00974	0.05721	0.01920	0.44704	0.03102	0.21643	0.02632	0.01299	0.00785	0.00247	0.00575	0.03432	0.00811	0.01031
36	0.01263	0.00631	0.00947	0.00947	0.00947	0.00631	0.00631	0.00947	0.00947	0.01263	0.01263	0.02210	0.01263	0.02525	0.02841	0.78851	0.00631	0.00631	0.00316	0.00316
37	0.01410	0.01320	0.02197	0.59650	0.10375	0.01612	0.01973	0.01866	0.01467	0.01915	0.01418	0.02242	0.01155	0.00813	0.00818	0.00248	0.04291	0.04058	0.00344	0.00830
38	0.00950	0.00733	0.00867	0.00848	0.01041	0.00650	0.00630	0.01214	0.01850	0.02456	0.39787	0.10506	0.32480	0.01683	0.00863	0.00240	0.00358	0.01453	0.00741	0.00650
39	0.01506	0.01311	0.01642	0.08654	0.05111	0.01070	0.01043	0.01851	0.01508	0.02316	0.01295	0.01565	0.01069	0.00563	0.00566	0.00126	0.00598	0.00463	0.00416	0.67327
40	0.02396	0.01557	0.02260	0.17766	0.08053	0.01624	0.07902	0.17794	0.05139	0.24985	0.02008	0.02094	0.01384	0.00811	0.00741	0.00229	0.00815	0.00704	0.00630	0.01105
41	0.01001	0.00667	0.00869	0.00972	0.01008	0.00644	0.00647	0.01054	0.01270	0.01688	0.03196	0.41713	0.03742	0.21002	0.01898	0.10507	0.00541	0.06490	0.00567	0.00522
42	0.01680	0.01727	0.03443	0.20673	0.08225	0.01773	0.39945	0.02208	0.01619	0.04553	0.01434	0.01938	0.01087	0.00696	0.00910	0.00246	0.05755	0.00772	0.00371	0.00945
43	0.07102	0.01697	0.03764	0.03595	0.01943	0.10723	0.01070	0.07318	0.01746	0.06685	0.01510	0.04914	0.01260	0.00717	0.00604	0.00159	0.00696	0.00556	0.00481	0.43460
44	0.01457	0.01122	0.01232	0.01139	0.01417	0.01188	0.00859	0.04686	0.27556	0.05151	0.09947	0.04486	0.16856	0.14627	0.01328	0.00331	0.00549	0.04544	0.00679	0.00846
45	0.01160	0.00829	0.01159	0.01326	0.01488	0.00827	0.01152	0.01487	0.01662	0.02163	0.03855	0.10772	0.04208	0.02019	0.01001	0.00333	0.00660	0.62564	0.00670	0.00666
46	0.01040	0.00776	0.00995	0.01051	0.01205	0.00752	0.00804	0.01389	0.05229	0.02301	0.23447	0.25216	0.12576	0.02017	0.04182	0.00316	0.00523	0.14811	0.00701	0.00670
47	0.01711	0.01725	0.04816	0.20542	0.38025	0.03888	0.03886	0.02400	0.11250	0.02322	0.01571	0.01945	0.01245	0.00719	0.00725	0.00227	0.00879	0.00669	0.00404	0.01050
48	0.01058	0.00810	0.01205	0.01196	0.01318	0.00957	0.00932	0.01310	0.01172	0.01695	0.01962	0.04819	0.01864	0.05178	0.66531	0.01106	0.05029	0.00809	0.00394	0.00654
49	0.01057	0.00705	0.00793	0.00793	0.00793	0.00705	0.00440	0.01057	0.01057	0.01409	0.02290	0.04757	0.02643	0.74454	0.03700	0.00705	0.00705	0.01057	0.00440	0.00440
50	0.01832	0.01061	0.01152	0.01018	0.01328	0.01110	0.00797	0.08373	0.15866	0.11972	0.02504	0.02591	0.01872	0.00886	0.00606	0.00197	0.00468	0.00713	0.44751	0.00902
51	0.02637	0.01825	0.01981	0.01542	0.02078	0.01992	0.01266	0.53310	0.06031	0.09977	0.01951	0.01937	0.01384	0.00878	0.00708	0.00216	0.00733	0.00670	0.07699	0.01182
52	0.06752	0.03142	0.01999	0.01788	0.02187	0.58515	0.01358	0.08576	0.05222	0.02162	0.01257	0.01407	0.01014	0.00767	0.00655	0.00195	0.01192	0.00497	0.00426	0.00889
53	0.01474	0.01257	0.01472	0.01073	0.01687	0.00949	0.00851	0.01787	0.01501	0.02341	0.01436	0.05349	0.01274	0.00631	0.00559	0.00118	0.00532	0.00517	0.00444	0.74747
54	0.10416	0.01318	0.01597	0.01269	0.01771	0.01274	0.01031	0.09842	0.07322	0.46203	0.02533	0.02401	0.01715	0.04168	0.00828	0.00245	0.00622	0.00710	0.03603	0.01130
55	0.12720	0.01773	0.01872	0.01495	0.02005	0.04957	0.01222	0.32888	0.08498	0.19104	0.01953	0.01899	0.01369	0.00875	0.00763	0.00226	0.03905	0.00644	0.00698	0.01133
56	0.09419	0.01835	0.05325	0.20889	0.17603	0.07694	0.04593	0.13947	0.01941	0.05111	0.03832	0.01873	0.01278	0.00759	0.00701	0.00224	0.00887	0.00640	0.00459	0.00991

[dist]
# distance from previous block
# <min> <max>
0	3

[block]
# block no. 2 follows, 28 sequences, length 30
# corresponding to MSA columns:
# 294-323
name=unknown_C
#
# <colnr> <probs for GDERKNQSTAVLIFYWHMCP>
#	G	D	E	R	K	N	Q	S	T	A	V	L	I	F	Y	W	H	M	C	P
0	0.01218	0.00958	0.01303	0.08140	0.06247	0.00982	0.01000	0.03978	0.07469	0.02597	0.34062	0.18846	0.04781	0.01478	0.00842	0.00248	0.00504	0.03896	0.00686	0.00767
1	0.01335	0.00684	0.00709	0.00709	0.00876	0.00692	0.00534	0.01668	0.01502	0.02645	0.02344	0.02719	0.01860	0.01141	0.05054	0.00233	0.00442	0.00684	0.73494	0.00676
2	0.01281	0.00725	0.01001	0.00996	0.01050	0.00728	0.00683	0.05218	0.01206	0.01600	0.01983	0.14155	0.04522	0.02352	0.02314	0.57839	0.00597	0.00904	0.00415	0.00431
3	0.01632	0.01366	0.01575	0.01136	0.01776	0.01097	0.00913	0.08375	0.01698	0.02589	0.01337	0.01531	0.01093	0.00572	0.00557	0.00119	0.00564	0.00453	0.00460	0.71157
4	0.01171	0.00837	0.01171	0.01339	0.01506	0.00837	0.01171	0.01506	0.01673	0.02175	0.03849	0.08199	0.04183	0.02008	0.01004	0.00335	0.00669	0.65027	0.00669	0.00669
5	0.00977	0.00701	0.00857	0.00885	0.00982	0.00656	0.00597	0.01145	0.01545	0.02086	0.25137	0.23992	0.12839	0.22365	0.01680	0.00383	0.00470	0.01472	0.00649	0.00582
6	0.00902	0.00639	0.00839	0.00991	0.01029	0.00601	0.00652	0.01016	0.01360	0.01813	0.03842	0.67353	0.04600	0.09187	0.01193	0.00334	0.00449	0.01970	0.00652	0.00576
7	0.02535	0.01852	0.01999	0.01556	0.02080	0.02034	0.01276	0.58244	0.03203	0.04339	0.08263	0.02141	0.01802	0.00930	0.00730	0.00217	0.00736	0.00719	0.04187	0.01159
8	0.01720	0.01466	0.01571	0.01431	0.01812	0.01678	0.01117	0.03566	0.60481	0.02990	0.07948	0.03175	0.02657	0.01072	0.00761	0.00249	0.00562	0.03908	0.00741	0.01093
9	0.01050	0.00702	0.00795	0.00802	0.00803	0.00700	0.00450	0.01055	0.01071	0.01427	0.02360	0.07549	0.02730	0.71543	0.03588	0.00688	0.00693	0.01098	0.00450	0.00446
10	0.02763	0.02036	0.02182	0.01672	0.02254	0.02254	0.01382	0.67496	0.03418	0.04581	0.01745	0.01745	0.01236	0.00873	0.00727	0.00218	0.00800	0.00654	0.00727	0.01236
11	0.01590	0.01590	0.02226	0.01908	0.01908	0.02226	0.01590	0.01749	0.01113	0.01749	0.00954	0.01590	0.00954	0.01272	0.02385	0.00318	0.73123	0.00636	0.00318	0.00795
12	0.01148	0.00827	0.01168	0.01145	0.01299	0.00949	0.00892	0.04397	0.01306	0.01919	0.01978	0.02790	0.01795	0.04799	0.61494	0.01029	0.01740	0.00763	0.07882	0.00679
13	0.02759	0.02156	0.02171	0.01689	0.02254	0.08086	0.01384	0.62058	0.03303	0.04345	0.01693	0.01709	0.01211	0.00862	0.00721	0.00216	0.00843	0.00639	0.00697	0.01203
14	0.10109	0.00925	0.01124	0.01054	0.01329	0.00860	0.00788	0.01888	0.01615	0.21026	0.06899	0.32894	0.08337	0.03606	0.00875	0.00265	0.00496	0.01344	0.00703	0.03862
15	0.01017	0.00687	0.00858	0.00935	0.00976	0.00667	0.00615	0.01075	0.01250	0.01652	0.03164	0.29639	0.06050	0.32805	0.02267	0.07083	0.00581	0.07621	0.00545	0.00512
16	0.01590	0.01590	0.02226	0.01908	0.01908	0.02226	0.01590	0.01749	0.01113	0.01749	0.00954	0.01590	0.00954	0.01272	0.02385	0.00318	0.73123	0.00636	0.00318	0.00795
17	0.00881	0.00651	0.00824	0.00962	0.01041	0.00595	0.00653	0.01018	0.01440	0.01875	0.04616	0.61823	0.16571	0.02198	0.00915	0.00286	0.00412	0.01970	0.00675	0.00595
18	0.11656	0.00950	0.01107	0.00998	0.01259	0.00908	0.00727	0.01954	0.01507	0.23116	0.03066	0.14851	0.08904	0.23878	0.01655	0.00386	0.00583	0.01079	0.00644	0.00771
19	0.02880	0.01181	0.01583	0.01248	0.01748	0.01047	0.01018	0.03249	0.05031	0.57847	0.12337	0.02904	0.02536	0.00987	0.00749	0.00226	0.00577	0.00818	0.00878	0.01155
20	0.02715	0.03464	0.02060	0.01873	0.02247	0.71536	0.01404	0.02903	0.02060	0.01779	0.01124	0.01311	0.00936	0.00749	0.00655	0.00187	0.01311	0.00468	0.00375	0.00843
21	0.01171	0.00837	0.01171	0.01339	0.01506	0.00837	0.01171	0.01506	0.01673	0.02175	0.03849	0.08199	0.04183	0.02008	0.01004	0.00335	0.00669	0.65027	0.00669	0.00669
22	0.01041	0.00770	0.01123	0.01123	0.01238	0.00884	0.00853	0.01269	0.01155	0.01654	0.01988	0.03083	0.01916	0.13695	0.63464	0.01113	0.01799	0.00812	0.00396	0.00624
23	0.01029	0.00743	0.00972	0.00914	0.01086	0.00686	0.00686	0.01372	0.02058	0.02915	0.69536	0.05430	0.06859	0.01486	0.00857	0.00229	0.00343	0.01315	0.00800	0.00686
24	0.00898	0.00641	0.00857	0.01026	0.01073	0.00601	0.00696	0.01033	0.01404	0.01869	0.04000	0.71216	0.04781	0.02266	0.00931	0.00297	0.00432	0.04711	0.00675	0.00594
25	0.01476	0.01433	0.01937	0.06240	0.01959	0.04667	0.01430	0.01684	0.01188	0.01741	0.01245	0.01936	0.01183	0.02321	0.20497	0.00533	0.46765	0.00668	0.00340	0.00759
26	0.10118	0.01976	0.02075	0.01604	0.02173	0.02195	0.01325	0.61239	0.03209	0.04455	0.01675	0.01691	0.01193	0.00854	0.00701	0.00219	0.00777	0.00629	0.00701	0.01193
27	0.01057	0.00705	0.00793	0.00793	0.00793	0.00705	0.00440	0.01057	0.01057	0.01409	0.02290	0.04757	0.02643	0.74454	0.03700	0.00705	0.00705	0.01057	0.00440	0.00440
28	0.06055	0.01713	0.01870	0.01504	0.01997	0.01862	0.01240	0.47782	0.02882	0.08698	0.02108	0.05234	0.01704	0.01026	0.00737	0.00230	0.00725	0.06773	0.04750	0.01108
29	0.10712	0.04835	0.01999	0.04248	0.08555	0.13399	0.01337	0.12324	0.16428	0.02747	0.01628	0.01773	0.01280	0.00823	0.00810	0.00217	0.07431	0.00597	0.00509	0.08349

[dist]
# distance from previous block
# <min> <max>
0	1

[block]
# block no. 3 follows, 28 sequences, length 115
# corresponding to MSA columns:
# 325-355,357-430,432-434,437-443
name=unknown_D
#
# <colnr> <probs for GDERKNQSTAVLIFYWHMCP>
#	G	D	E	R	K	N	Q	S	T	A	V	L	I	F	Y	W	H	M	C	P
0	0.09794	0.01271	0.01616	0.01268	0.01798	0.01173	0.01041	0.05300	0.05155	0.56523	0.05471	0.02473	0.01925	0.00908	0.00712	0.00226	0.00606	0.00728	0.00843	0.01170
1	0.01161	0.00778	0.00982	0.00910	0.01123	0.00701	0.00690	0.01471	0.01988	0.07653	0.53635	0.05493	0.17651	0.01507	0.00848	0.00231	0.00367	0.01311	0.00785	0.00713
2	0.02392	0.01564	0.05633	0.01404	0.01875	0.04650	0.01183	0.13978	0.05217	0.29733	0.04625	0.10785	0.03827	0.01088	0.00837	0.00232	0.04653	0.00875	0.00714	0.04735
3	0.02432	0.06105	0.02156	0.01627	0.02137	0.08266	0.04441	0.33440	0.13052	0.10154	0.01951	0.01990	0.01439	0.01196	0.05989	0.00289	0.00897	0.00675	0.00648	0.01114
4	0.00928	0.00663	0.00892	0.01061	0.01122	0.00627	0.00749	0.01086	0.01434	0.01903	0.03983	0.64185	0.04715	0.02237	0.00939	0.00301	0.00459	0.11441	0.00674	0.00602
5	0.79588	0.01406	0.01068	0.00956	0.01406	0.01631	0.00787	0.02137	0.01237	0.03261	0.01012	0.01181	0.00787	0.00675	0.00450	0.00225	0.00562	0.00394	0.00450	0.00787
6	0.01605	0.01535	0.02624	0.24812	0.42269	0.01622	0.04919	0.02047	0.01597	0.02191	0.01698	0.02264	0.04407	0.00763	0.00742	0.00230	0.00883	0.02418	0.00372	0.01001
7	0.01458	0.03760	0.70688	0.02072	0.03146	0.01688	0.02686	0.02302	0.01535	0.02302	0.01304	0.01535	0.00921	0.00691	0.00691	0.00230	0.01074	0.00537	0.00307	0.01074
8	0.01706	0.01933	0.04136	0.02978	0.03658	0.01867	0.62389	0.02285	0.01671	0.02285	0.01432	0.01933	0.01092	0.00662	0.00972	0.00251	0.06578	0.00841	0.00364	0.00967
9	0.01057	0.00705	0.00793	0.00793	0.00793	0.00705	0.00440	0.01057	0.01057	0.01409	0.02290	0.04757	0.02643	0.74454	0.03700	0.00705	0.00705	0.01057	0.00440	0.00440
10	0.00981	0.00711	0.00932	0.01007	0.01115	0.00674	0.00721	0.01254	0.03502	0.02303	0.28473	0.42561	0.05467	0.01930	0.00901	0.00271	0.00411	0.05415	0.00723	0.00646
11	0.36767	0.01311	0.01415	0.01145	0.01658	0.01315	0.00945	0.02925	0.01710	0.40941	0.02053	0.01906	0.01355	0.00801	0.00608	0.00225	0.00594	0.00583	0.00702	0.01040
12	0.00956	0.00680	0.00894	0.00999	0.01075	0.00642	0.00698	0.01134	0.01527	0.02067	0.17779	0.47584	0.04995	0.08633	0.01171	0.00322	0.00451	0.07110	0.00680	0.00604
13	0.01039	0.00776	0.01152	0.01152	0.01276	0.00900	0.00888	0.01287	0.01163	0.01675	0.01962	0.02939	0.01854	0.08486	0.68589	0.01148	0.01892	0.00791	0.00392	0.00640
14	0.00939	0.00669	0.00895	0.01057	0.01118	0.00635	0.00747	0.01095	0.01425	0.01891	0.03914	0.60545	0.04622	0.05026	0.01048	0.00318	0.00473	0.12323	0.00665	0.00598
15	0.04729	0.01792	0.01936	0.01535	0.02065	0.01959	0.01253	0.44853	0.14514	0.10832	0.02320	0.02224	0.04740	0.00936	0.00728	0.00225	0.00715	0.00726	0.00737	0.01179
16	0.10483	0.01450	0.01749	0.01354	0.01910	0.01414	0.01118	0.19152	0.02329	0.47751	0.02413	0.02170	0.01563	0.00871	0.00703	0.00223	0.00658	0.00680	0.00814	0.01194
17	0.75197	0.01396	0.01104	0.00975	0.01432	0.01598	0.00803	0.02218	0.01286	0.07125	0.01119	0.01255	0.00845	0.00688	0.00466	0.00225	0.00566	0.00413	0.00476	0.00813
18	0.01037	0.00748	0.00983	0.00939	0.01110	0.00695	0.00714	0.01379	0.02035	0.02872	0.65748	0.05590	0.06704	0.01516	0.00866	0.00235	0.00362	0.04988	0.00793	0.00685
19	0.01020	0.00756	0.00847	0.00827	0.01034	0.00666	0.00612	0.01226	0.01686	0.04567	0.19961	0.06267	0.42514	0.10703	0.01211	0.00302	0.00426	0.04062	0.00681	0.00633
20	0.02844	0.01907	0.02102	0.01611	0.02190	0.02063	0.01331	0.57188	0.03202	0.15194	0.01926	0.01863	0.01327	0.00877	0.00728	0.00219	0.00771	0.00667	0.00755	0.01236
21	0.02759	0.02163	0.02171	0.01690	0.02254	0.08429	0.01384	0.61739	0.03297	0.04331	0.01690	0.01706	0.01209	0.00862	0.00721	0.00215	0.00845	0.00638	0.00696	0.01201
22	0.01031	0.00704	0.00850	0.00909	0.00938	0.00694	0.00582	0.01100	0.01208	0.01604	0.02873	0.21196	0.03328	0.49108	0.02737	0.00566	0.00635	0.08914	0.00522	0.00502
23	0.02381	0.01307	0.01570	0.01310	0.01746	0.01313	0.01048	0.10493	0.18418	0.31949	0.05025	0.03254	0.05364	0.06520	0.00979	0.00273	0.00618	0.04574	0.00779	0.01077
24	0.02763	0.02036	0.02182	0.01672	0.02254	0.02254	0.01382	0.67496	0.03418	0.04581	0.01745	0.01745	0.01236	0.00873	0.00727	0.00218	0.00800	0.00654	0.00727	0.01236
25	0.01250	0.01052	0.01305	0.01218	0.01364	0.03822	0.00943	0.04479	0.01451	0.01986	0.10327	0.03526	0.10419	0.10163	0.31356	0.00687	0.12566	0.00919	0.00481	0.00687
26	0.01144	0.00740	0.00957	0.01024	0.01146	0.00695	0.00715	0.01385	0.04129	0.07731	0.12978	0.51235	0.06632	0.04633	0.00994	0.00292	0.00442	0.01750	0.00705	0.00674
27	0.01124	0.00895	0.01276	0.01232	0.01319	0.01082	0.00947	0.01326	0.01155	0.01668	0.01928	0.06259	0.01927	0.13809	0.47885	0.00926	0.13349	0.00853	0.00398	0.00642
28	0.01799	0.01727	0.02950	0.04462	0.69919	0.01727	0.02231	0.02231	0.01655	0.02375	0.01367	0.01799	0.01151	0.00648	0.00720	0.00216	0.00864	0.00648	0.00360	0.01151
29	0.01781	0.01121	0.01313	0.01140	0.01495	0.01113	0.00894	0.06507	0.17346	0.17965	0.22276	0.04235	0.17229	0.01275	0.00794	0.00235	0.00492	0.01075	0.00778	0.00936
30	0.05859	0.00835	0.01029	0.00995	0.01222	0.00787	0.00776	0.01626	0.01812	0.10302	0.30819	0.12414	0.12354	0.01532	0.00827	0.00248	0.00444	0.10170	0.05214	0.00734
31	0.01348	0.01097	0.01290	0.07833	0.01730	0.01190	0.00966	0.04152	0.24460	0.02420	0.09763	0.13886	0.11817	0.10199	0.01161	0.00310	0.00569	0.04343	0.00649	0.00819
32	0.12258	0.01890	0.02102	0.15038	0.17894	0.14463	0.01563	0.11920	0.01952	0.09717	0.03465	0.01823	0.01278	0.00768	0.00680	0.00218	0.00875	0.00611	0.00490	0.00993
33	0.01751	0.01663	0.03111	0.11959	0.10715	0.01648	0.33802	0.08279	0.01847	0.05679	0.04269	0.05327	0.04784	0.00829	0.00810	0.00240	0.00977	0.00880	0.00462	0.00968
34	0.01758	0.01430	0.01673	0.04681	0.01953	0.03756	0.01052	0.04428	0.03658	0.08216	0.01456	0.01657	0.01157	0.00682	0.00759	0.00156	0.07580	0.00508	0.00473	0.52968
35	0.64115	0.04979	0.01307	0.01056	0.01514	0.01734	0.00873	0.04703	0.09088	0.03209	0.01263	0.01377	0.00975	0.00715	0.00494	0.00224	0.00583	0.00452	0.00487	0.00852
36	0.01099	0.00802	0.01013	0.01064	0.01198	0.00767	0.00756	0.04976	0.01493	0.02023	0.03338	0.46425	0.03843	0.10993	0.04193	0.00365	0.00574	0.07269	0.00616	0.07193
37	0.02763	0.02036	0.02182	0.01672	0.02254	0.02254	0.01382	0.67496	0.03418	0.04581	0.01745	0.01745	0.01236	0.00873	0.00727	0.00218	0.00800	0.00654	0.00727	0.01236
38	0.00883	0.00645	0.00831	0.00980	0.01046	0.00593	0.00660	0.01016	0.01423	0.01868	0.04400	0.66135	0.12398	0.02226	0.00920	0.00289	0.00415	0.02004	0.00675	0.00593
39	0.79588	0.01406	0.01068	0.00956	0.01406	0.01631	0.00787	0.02137	0.01237	0.03261	0.01012	0.01181	0.00787	0.00675	0.00450	0.00225	0.00562	0.00394	0.00450	0.00787
40	0.03261	0.01237	0.01687	0.01293	0.01856	0.01068	0.01068	0.03543	0.02081	0.70423	0.02868	0.02474	0.01799	0.00900	0.00731	0.00225	0.00619	0.00731	0.00900	0.01237
41	0.02763	0.02036	0.02182	0.01672	0.02254	0.02254	0.01382	0.67496	0.03418	0.04581	0.01745	0.01745	0.01236	0.00873	0.00727	0.00218	0.00800	0.00654	0.00727	0.01236
42	0.79588	0.01406	0.01068	0.00956	0.01406	0.01631	0.00787	0.02137	0.01237	0.03261	0.01012	0.01181	0.00787	0.00675	0.00450	0.00225	0.00562	0.00394	0.00450	0.00787
43	0.03261	0.01237	0.01687	0.01293	0.01856	0.01068	0.01068	0.03543	0.02081	0.70423	0.02868	0.02474	0.01799	0.00900	0.00731	0.00225	0.00619	0.00731	0.00900	0.01237
44	0.00869	0.00737	0.00750	0.00747	0.00988	0.00618	0.00560	0.01062	0.01680	0.02019	0.10949	0.06905	0.66005	0.01820	0.00859	0.00244	0.00367	0.01521	0.00682	0.00618
45	0.01171	0.00837	0.01171	0.01339	0.01506	0.00837	0.01171	0.01506	0.01673	0.02175	0.03849	0.08199	0.04183	0.02008	0.01004	0.00335	0.00669	0.65027	0.00669	0.00669
46	0.25591	0.01333	0.01445	0.01185	0.01664	0.01370	0.00966	0.08359	0.08344	0.31998	0.02184	0.02074	0.01498	0.00834	0.00627	0.00221	0.00586	0.00628	0.08051	0.01042
47	0.00988	0.00777	0.00901	0.00893	0.01099	0.00709	0.00675	0.01326	0.04951	0.02383	0.30471	0.10776	0.34344	0.01704	0.00866	0.00248	0.00389	0.05105	0.00726	0.00668
48	0.00909	0.00648	0.00854	0.00991	0.01045	0.00606	0.00665	0.01052	0.01445	0.01945	0.10785	0.63474	0.04918	0.05664	0.01054	0.00308	0.00427	0.01939	0.00677	0.00593
49	0.33536	0.01409	0.01506	0.01209	0.01729	0.01448	0.00998	0.11379	0.01921	0.35083	0.01983	0.01864	0.01323	0.00807	0.00619	0.00224	0.00620	0.00587	0.00698	0.01058
50	0.01043	0.00762	0.01084	0.01084	0.01184	0.00863	0.00803	0.01244	0.01143	0.01625	0.02024	0.03284	0.02003	0.20997	0.56282	0.01064	0.01667	0.00842	0.00401	0.00602
51	0.01138	0.00801	0.00993	0.00940	0.01140	0.00748	0.00710	0.01509	0.04846	0.05481	0.47052	0.05524	0.15980	0.05727	0.01018	0.00264	0.00405	0.04266	0.00755	0.00703
52	0.01355	0.00678	0.00678	0.00678	0.00847	0.00678	0.00508	0.01694	0.01524	0.02710	0.02371	0.02710	0.01863	0.00847	0.00508	0.00169	0.00339	0.00678	0.78489	0.00678
53	0.02006	0.01341	0.01527	0.01332	0.01725	0.01437	0.01055	0.09253	0.33232	0.15954	0.10542	0.05019	0.02721	0.01091	0.00754	0.00239	0.00565	0.03899	0.05254	0.01057
54	0.01653	0.01892	0.06263	0.10343	0.09615	0.01758	0.49973	0.02235	0.01689	0.02304	0.03901	0.02054	0.01295	0.00662	0.00826	0.00241	0.01129	0.00822	0.00376	0.00970
55	0.01118	0.00895	0.01205	0.01187	0.01309	0.03379	0.00910	0.01349	0.01187	0.01669	0.01912	0.02921	0.01827	0.11117	0.60737	0.01063	0.04394	0.00787	0.00391	0.00643
56	0.01507	0.01292	0.01507	0.01077	0.01723	0.00969	0.00861	0.01830	0.01507	0.02369	0.01292	0.01507	0.01077	0.00538	0.00538	0.00108	0.00538	0.00431	0.00431	0.78898
57	0.01878	0.56431	0.17853	0.01449	0.02155	0.05926	0.01556	0.02238	0.01517	0.01839	0.01078	0.01251	0.00930	0.00643	0.00523	0.00173	0.00866	0.00424	0.00313	0.00958
58	0.02023	0.01500	0.01757	0.01505	0.01937	0.01642	0.04210	0.10159	0.43194	0.12505	0.02845	0.09038	0.02241	0.01062	0.00760	0.00245	0.00621	0.00907	0.00737	0.01113
59	0.01634	0.04964	0.06283	0.18878	0.26925	0.01744	0.20883	0.02132	0.01591	0.02180	0.01390	0.01887	0.01108	0.00887	0.04155	0.00274	0.01050	0.00698	0.00351	0.00988
60	0.00892	0.00638	0.00850	0.01008	0.01056	0.00595	0.00675	0.01029	0.01423	0.01906	0.07098	0.70745	0.04904	0.02240	0.00924	0.00292	0.00418	0.02031	0.00681	0.00595
61	0.12715	0.01944	0.01958	0.01556	0.02076	0.07189	0.01272	0.42891	0.05201	0.10949	0.01738	0.01746	0.01241	0.00859	0.00744	0.00222	0.03279	0.00620	0.00669	0.01130
62	0.00859	0.00736	0.00736	0.00736	0.00982	0.00614	0.00552	0.01043	0.01657	0.01964	0.07364	0.06996	0.69624	0.01841	0.00859	0.00245	0.00368	0.01534	0.00675	0.00614
63	0.00896	0.00721	0.00801	0.00837	0.01031	0.00627	0.00619	0.01091	0.01643	0.02044	0.12559	0.20314	0.47466	0.01902	0.00880	0.00258	0.00391	0.04616	0.00687	0.00619
64	0.01023	0.00690	0.00803	0.00836	0.00845	0.00682	0.00487	0.01048	0.01124	0.01498	0.02632	0.18529	0.03073	0.60094	0.03148	0.00623	0.00648	0.01258	0.00487	0.00470
65	0.00884	0.00637	0.00838	0.00999	0.01051	0.00592	0.00669	0.01014	0.01404	0.01861	0.04165	0.70818	0.07867	0.02257	0.00925	0.00293	0.00419	0.02041	0.00675	0.00592
66	0.01507	0.01292	0.01507	0.01077	0.01723	0.00969	0.00861	0.01830	0.01507	0.02369	0.01292	0.01507	0.01077	0.00538	0.00538	0.00108	0.00538	0.00431	0.00431	0.78898
67	0.01390	0.01139	0.01554	0.01453	0.01702	0.05048	0.09054	0.01765	0.05514	0.04202	0.05771	0.08127	0.06852	0.08254	0.01276	0.04847	0.00730	0.30017	0.00591	0.00716
68	0.01028	0.00702	0.00876	0.00907	0.00969	0.00705	0.00600	0.01128	0.01250	0.01712	0.06646	0.18452	0.06937	0.33234	0.14203	0.04313	0.00800	0.01221	0.03782	0.00534
69	0.05593	0.01699	0.01760	0.01532	0.01955	0.07866	0.04256	0.05773	0.47926	0.05283	0.06418	0.02594	0.02203	0.00955	0.00730	0.00237	0.00666	0.00791	0.00685	0.01078
70	0.01057	0.00705	0.00793	0.00793	0.00793	0.00705	0.00440	0.01057	0.01057	0.01409	0.02290	0.04757	0.02643	0.74454	0.03700	0.00705	0.00705	0.01057	0.00440	0.00440
71	0.02432	0.01931	0.06043	0.01862	0.08328	0.01950	0.01449	0.39105	0.14163	0.09441	0.01972	0.01957	0.01421	0.00851	0.00720	0.00220	0.00758	0.00674	0.00675	0.04048
72	0.03261	0.01237	0.01687	0.01293	0.01856	0.01068	0.01068	0.03543	0.02081	0.70423	0.02868	0.02474	0.01799	0.00900	0.00731	0.00225	0.00619	0.00731	0.00900	0.01237
73	0.54702	0.01463	0.01339	0.01119	0.01608	0.01614	0.00923	0.11565	0.01699	0.15861	0.01458	0.01499	0.01037	0.00744	0.00541	0.00224	0.00606	0.00493	0.00572	0.00933
74	0.02502	0.01418	0.01672	0.01382	0.01839	0.03493	0.01125	0.16318	0.10903	0.31856	0.07843	0.03041	0.02305	0.01253	0.04104	0.00279	0.00717	0.06079	0.00776	0.01096
75	0.14399	0.01262	0.01597	0.01244	0.01790	0.01150	0.01027	0.03337	0.01957	0.60623	0.02597	0.02285	0.01652	0.00867	0.00690	0.00225	0.00610	0.00682	0.00834	0.01171
76	0.00878	0.00726	0.00773	0.00806	0.01018	0.00621	0.00600	0.01061	0.01618	0.01958	0.06695	0.17021	0.56833	0.01914	0.00876	0.00257	0.00391	0.04666	0.00675	0.00613
77	0.01795	0.01738	0.03014	0.04396	0.66799	0.01732	0.05301	0.02235	0.01658	0.02373	0.01372	0.01807	0.01149	0.00646	0.00726	0.00217	0.00881	0.00658	0.00360	0.01143
78	0.08059	0.00994	0.01190	0.01030	0.01338	0.00957	0.00805	0.06806	0.02022	0.17317	0.36170	0.04124	0.08131	0.03189	0.00847	0.00238	0.00464	0.01042	0.04437	0.00841
79	0.00877	0.00723	0.00773	0.00809	0.01016	0.00619	0.00599	0.01057	0.01612	0.01954	0.06641	0.18530	0.55767	0.01923	0.00877	0.00258	0.00390	0.04289	0.00675	0.00612
80	0.01100	0.00795	0.01080	0.01204	0.01363	0.00774	0.01008	0.01405	0.01699	0.02235	0.13628	0.14615	0.08909	0.01950	0.00965	0.00309	0.00576	0.45035	0.00689	0.00660
81	0.40058	0.01405	0.01382	0.01153	0.01628	0.01516	0.00942	0.10157	0.07230	0.20786	0.01816	0.01795	0.01281	0.00791	0.00582	0.00223	0.00592	0.00563	0.05122	0.00979
82	0.00953	0.00722	0.00872	0.00942	0.01090	0.00659	0.00700	0.01152	0.01589	0.02043	0.12871	0.26212	0.27783	0.06959	0.01099	0.00304	0.00454	0.12306	0.00673	0.00613
83	0.01943	0.74891	0.03809	0.01244	0.01866	0.02876	0.01244	0.02177	0.01477	0.01710	0.01011	0.01166	0.00933	0.00622	0.00466	0.00155	0.00777	0.00389	0.00311	0.00933
84	0.01587	0.01045	0.01234	0.01170	0.01414	0.01082	0.00857	0.02357	0.23287	0.12897	0.07010	0.25743	0.03304	0.12091	0.01235	0.00324	0.00539	0.01265	0.00704	0.00856
85	0.02333	0.01039	0.01374	0.01164	0.01543	0.00930	0.00909	0.02638	0.04290	0.42180	0.09997	0.16970	0.05297	0.04701	0.00926	0.00263	0.00546	0.01097	0.00811	0.00993
86	0.79588	0.01406	0.01068	0.00956	0.01406	0.01631	0.00787	0.02137	0.01237	0.03261	0.01012	0.01181	0.00787	0.00675	0.00450	0.00225	0.00562	0.00394	0.00450	0.00787
87	0.01149	0.00713	0.00804	0.00781	0.00963	0.00671	0.00586	0.01466	0.01758	0.02679	0.30050	0.04449	0.14129	0.01254	0.00701	0.00205	0.00345	0.01063	0.35562	0.00671
88	0.01024	0.00707	0.00907	0.00954	0.01087	0.00645	0.00678	0.01238	0.01683	0.04889	0.27065	0.38947	0.13671	0.01895	0.00887	0.00263	0.00395	0.01687	0.00727	0.00651
89	0.01038	0.00754	0.01035	0.05232	0.01418	0.00753	0.00908	0.01248	0.01461	0.01923	0.03598	0.37770	0.04111	0.10278	0.01259	0.00353	0.00576	0.25044	0.00626	0.00615
90	0.67627	0.01388	0.01238	0.11929	0.01956	0.01628	0.00976	0.02094	0.01270	0.03047	0.01055	0.01297	0.00815	0.00683	0.00492	0.00228	0.00624	0.00432	0.00430	0.00790
91	0.01263	0.00631	0.00947	0.00947	0.00947	0.00631	0.00631	0.00947	0.00947	0.01263	0.01263	0.02210	0.01263	0.02525	0.02841	0.78851	0.00631	0.00631	0.00316	0.00316
92	0.01867	0.01671	0.02833	0.14281	0.46592	0.01712	0.07719	0.06022	0.01756	0.06335	0.01473	0.01870	0.01162	0.00684	0.00734	0.00223	0.00893	0.00671	0.00407	0.01095
93	0.01039	0.00739	0.00901	0.04301	0.01091	0.00750	0.00597	0.01127	0.01208	0.01604	0.05743	0.09702	0.08776	0.49658	0.09228	0.00634	0.00765	0.01139	0.00484	0.00514
94	0.01056	0.00707	0.00801	0.00798	0.00807	0.00704	0.00452	0.01072	0.01104	0.01480	0.05433	0.04788	0.02840	0.71044	0.03567	0.00682	0.00688	0.01069	0.00457	0.00452
95	0.01943	0.74891	0.03809	0.01244	0.01866	0.02876	0.01244	0.02177	0.01477	0.01710	0.01011	0.01166	0.00933	0.00622	0.00466	0.00155	0.00777	0.00389	0.00311	0.00933
96	0.01590	0.01590	0.02226	0.01908	0.01908	0.02226	0.01590	0.01749	0.01113	0.01749	0.00954	0.01590	0.00954	0.01272	0.02385	0.00318	0.73123	0.00636	0.00318	0.00795
97	0.03261	0.01237	0.01687	0.01293	0.01856	0.01068	0.01068	0.03543	0.02081	0.70423	0.02868	0.02474	0.01799	0.00900	0.00731	0.00225	0.00619	0.00731	0.00900	0.01237
98	0.03261	0.01237	0.01687	0.01293	0.01856	0.01068	0.01068	0.03543	0.02081	0.70423	0.02868	0.02474	0.01799	0.00900	0.00731	0.00225	0.00619	0.00731	0.00900	0.01237
99	0.01590	0.01590	0.02226	0.01908	0.01908	0.02226	0.01590	0.01749	0.01113	0.01749	0.00954	0.01590	0.00954	0.01272	0.02385	0.00318	0.73123	0.00636	0.00318	0.00795
100	0.00886	0.00633	0.00843	0.01012	0.01054	0.00590	0.00675	0.01012	0.01392	0.01856	0.04006	0.73979	0.04808	0.02277	0.00928	0.00295	0.00422	0.02066	0.00675	0.00590
101	0.79588	0.01406	0.01068	0.00956	0.01406	0.01631	0.00787	0.02137	0.01237	0.03261	0.01012	0.01181	0.00787	0.00675	0.00450	0.00225	0.00562	0.00394	0.00450	0.00787
102	0.79588	0.01406	0.01068	0.00956	0.01406	0.01631	0.00787	0.02137	0.01237	0.03261	0.01012	0.01181	0.00787	0.00675	0.00450	0.00225	0.00562	0.00394	0.00450	0.00787
103	0.03204	0.01329	0.01744	0.01337	0.01902	0.01205	0.01104	0.10909	0.02235	0.62839	0.02738	0.02390	0.01734	0.00897	0.00731	0.00224	0.00639	0.00722	0.00880	0.01237
104	0.01388	0.00806	0.01047	0.01080	0.01244	0.00758	0.00778	0.01637	0.04658	0.14295	0.03712	0.46579	0.05836	0.07312	0.01092	0.00312	0.00499	0.05538	0.00701	0.00728
105	0.01130	0.00690	0.00785	0.00791	0.00828	0.00688	0.00481	0.01177	0.01157	0.01683	0.02282	0.06785	0.02442	0.50028	0.02856	0.07543	0.00612	0.00980	0.16579	0.00484
106	0.79588	0.01406	0.01068	0.00956	0.01406	0.01631	0.00787	0.02137	0.01237	0.03261	0.01012	0.01181	0.00787	0.00675	0.00450	0.00225	0.00562	0.00394	0.00450	0.00787
107	0.00889	0.00722	0.00792	0.00831	0.01030	0.00625	0.00616	0.01077	0.01624	0.01996	0.09253	0.19941	0.50684	0.01919	0.00880	0.00259	0.00394	0.05171	0.00680	0.00615
108	0.06058	0.00922	0.01064	0.00973	0.01143	0.00919	0.00663	0.04086	0.03841	0.14182	0.02436	0.06723	0.02444	0.46750	0.02578	0.00530	0.00668	0.02786	0.00561	0.00671
