[name]
unknown

[dist]
# distance from previous block
# <min> <max>
0	1054

[block]
# block no. 0 follows, 30 sequences, length 18
# corresponding to MSA columns:
# 1233-1250
name=unknown_A
#
# <colnr> <probs for GDERKNQSTAVLIFYWHMCP>
#	G	D	E	R	K	N	Q	S	T	A	V	L	I	F	Y	W	H	M	C	P
0	0.01110	0.00857	0.00955	0.01017	0.01145	0.04400	0.00718	0.03546	0.03156	0.04017	0.06540	0.48408	0.12173	0.05505	0.00983	0.00284	0.00481	0.03436	0.00636	0.00633
1	0.01013	0.00784	0.00972	0.06011	0.01372	0.00762	0.00809	0.01342	0.04660	0.02117	0.13982	0.15593	0.27224	0.01651	0.00831	0.00254	0.00465	0.14784	0.04731	0.00646
2	0.01126	0.00886	0.01213	0.01148	0.01366	0.00854	0.05519	0.04729	0.03631	0.02296	0.20211	0.13834	0.16925	0.05452	0.00999	0.00280	0.00527	0.17680	0.00648	0.00677
3	0.01273	0.01048	0.01497	0.09414	0.07444	0.01185	0.02923	0.01742	0.11048	0.01918	0.03397	0.07863	0.02015	0.12091	0.17641	0.04600	0.06780	0.02685	0.02714	0.00723
4	0.01006	0.00723	0.00906	0.00932	0.01087	0.00673	0.00687	0.01296	0.03994	0.04071	0.30009	0.27672	0.16739	0.01728	0.00847	0.00250	0.00392	0.05642	0.00701	0.00645
5	0.01135	0.00881	0.00996	0.01098	0.01209	0.05689	0.00798	0.01349	0.03369	0.04335	0.03486	0.50110	0.03984	0.05186	0.00991	0.00297	0.00530	0.13302	0.00626	0.00628
6	0.10231	0.01677	0.06431	0.01631	0.06238	0.05132	0.04232	0.15499	0.05969	0.28877	0.02091	0.02238	0.01504	0.00850	0.00687	0.00220	0.00725	0.04050	0.00651	0.01066
7	0.01628	0.05840	0.23173	0.07924	0.25861	0.01693	0.02004	0.02200	0.05135	0.05269	0.01454	0.01887	0.01174	0.00774	0.00854	0.00227	0.08781	0.02749	0.00373	0.01000
8	0.01187	0.00794	0.00944	0.00875	0.01112	0.00713	0.00666	0.03599	0.01836	0.09364	0.33051	0.08836	0.31355	0.01523	0.00811	0.00228	0.00384	0.01304	0.00722	0.00697
9	0.01354	0.01284	0.01871	0.01632	0.01714	0.01655	0.05397	0.01548	0.01185	0.01735	0.01768	0.06151	0.05099	0.05510	0.09536	0.00403	0.45705	0.05358	0.00380	0.00715
10	0.08366	0.07810	0.13185	0.19575	0.16294	0.07255	0.03561	0.02248	0.08723	0.02208	0.03426	0.01783	0.01234	0.00712	0.00651	0.00214	0.00853	0.00593	0.00385	0.00926
11	0.01105	0.00909	0.00993	0.01094	0.01196	0.06420	0.00775	0.04676	0.01509	0.01934	0.03501	0.60288	0.04096	0.01980	0.00865	0.00274	0.00510	0.06625	0.00627	0.00624
12	0.01022	0.00791	0.01050	0.01077	0.01208	0.00771	0.03402	0.05773	0.01515	0.01995	0.04006	0.54774	0.14106	0.01940	0.00902	0.00270	0.02405	0.01730	0.00631	0.00633
13	0.01389	0.01205	0.05624	0.04916	0.01678	0.01094	0.02999	0.10320	0.08982	0.05882	0.13607	0.13683	0.21124	0.01371	0.00787	0.00237	0.00547	0.03107	0.00641	0.00805
14	0.01888	0.01547	0.03355	0.10017	0.06107	0.08062	0.01256	0.09514	0.16593	0.11575	0.02286	0.04607	0.03486	0.04612	0.00851	0.00244	0.00721	0.06264	0.00575	0.06438
15	0.27980	0.04719	0.03905	0.05630	0.09195	0.31699	0.01304	0.02353	0.01587	0.02252	0.01074	0.01308	0.00875	0.00693	0.00615	0.00201	0.02952	0.00457	0.00374	0.00829
16	0.11125	0.07205	0.04188	0.01306	0.01704	0.01510	0.04628	0.14661	0.14716	0.04738	0.10431	0.10516	0.04306	0.04891	0.00841	0.00247	0.00616	0.00885	0.00596	0.00891
17	0.01899	0.04181	0.01826	0.01682	0.09630	0.01706	0.01200	0.24927	0.24741	0.03153	0.07152	0.02713	0.07426	0.03617	0.00813	0.00235	0.00637	0.00796	0.00639	0.01029

[dist]
# distance from previous block
# <min> <max>
0	7

[block]
# block no. 1 follows, 30 sequences, length 11
# corresponding to MSA columns:
# 1258-1268
name=unknown_B
#
# <colnr> <probs for GDERKNQSTAVLIFYWHMCP>
#	G	D	E	R	K	N	Q	S	T	A	V	L	I	F	Y	W	H	M	C	P
0	0.01379	0.01034	0.01457	0.03569	0.10976	0.01064	0.05393	0.06203	0.01647	0.02461	0.10639	0.07017	0.06718	0.03704	0.00856	0.00227	0.04243	0.02869	0.27783	0.00762
1	0.01802	0.01537	0.01581	0.01409	0.01782	0.04592	0.01091	0.08635	0.56106	0.02847	0.02541	0.02435	0.01929	0.01050	0.00871	0.06747	0.00603	0.00747	0.00661	0.01033
2	0.01427	0.07413	0.02310	0.29996	0.23853	0.01524	0.04689	0.01818	0.01502	0.02009	0.06293	0.05848	0.04232	0.00972	0.03024	0.00249	0.00837	0.00757	0.00384	0.00862
3	0.01318	0.01240	0.02093	0.73798	0.04806	0.01550	0.01938	0.01783	0.01395	0.01783	0.01240	0.01860	0.00930	0.00698	0.00698	0.00233	0.00930	0.00620	0.00310	0.00775
4	0.10152	0.02667	0.37733	0.01808	0.02605	0.01697	0.07395	0.16898	0.01897	0.08537	0.01453	0.01590	0.01021	0.00710	0.00663	0.00219	0.00897	0.00567	0.00449	0.01042
5	0.00913	0.00648	0.00834	0.00959	0.01014	0.00617	0.00658	0.01038	0.01318	0.01742	0.03647	0.50789	0.06852	0.16017	0.01401	0.00360	0.00483	0.09554	0.00605	0.00550
6	0.01001	0.00731	0.01039	0.01039	0.01135	0.00828	0.00770	0.01193	0.01097	0.01559	0.01944	0.03158	0.01925	0.21270	0.56921	0.01020	0.01597	0.00809	0.00385	0.00577
7	0.00997	0.00748	0.01121	0.01121	0.01246	0.00872	0.00872	0.01246	0.01121	0.01620	0.01869	0.02741	0.01745	0.05234	0.72710	0.01121	0.01869	0.00748	0.00374	0.00623
8	0.01591	0.13073	0.15383	0.17249	0.08563	0.01800	0.18252	0.05456	0.04277	0.02166	0.01453	0.05002	0.01189	0.00728	0.00694	0.00218	0.00927	0.00683	0.00369	0.00931
9	0.01617	0.22530	0.01976	0.01289	0.01569	0.18697	0.01039	0.01794	0.01511	0.01728	0.02168	0.25615	0.02387	0.03807	0.00862	0.00238	0.04070	0.05918	0.00456	0.00728
10	0.01456	0.01286	0.01909	0.02209	0.24322	0.01230	0.05276	0.04866	0.06441	0.02455	0.15266	0.08150	0.06519	0.00971	0.00718	0.00203	0.00618	0.00883	0.00520	0.14703

[dist]
# distance from previous block
# <min> <max>
0	7

[block]
# block no. 2 follows, 30 sequences, length 6
# corresponding to MSA columns:
# 1276-1281
name=unknown_C
#
# <colnr> <probs for GDERKNQSTAVLIFYWHMCP>
#	G	D	E	R	K	N	Q	S	T	A	V	L	I	F	Y	W	H	M	C	P
0	0.01165	0.06663	0.01216	0.06351	0.01401	0.07668	0.00793	0.01312	0.01387	0.01721	0.05528	0.33569	0.09444	0.17010	0.01364	0.00335	0.00599	0.01341	0.00527	0.00605
1	0.01483	0.01082	0.01258	0.01106	0.01391	0.05720	0.03630	0.01850	0.06436	0.12013	0.17808	0.08349	0.14402	0.06955	0.06427	0.00319	0.00643	0.01034	0.02866	0.05229
2	0.05639	0.03734	0.01910	0.13299	0.15666	0.09056	0.05149	0.01926	0.01543	0.02204	0.04808	0.02126	0.04211	0.00764	0.00676	0.00194	0.02891	0.00638	0.13530	0.10038
3	0.02154	0.14502	0.05539	0.06401	0.14705	0.15409	0.01522	0.18921	0.07296	0.04877	0.01458	0.01609	0.01130	0.00729	0.00641	0.00198	0.00868	0.00560	0.00468	0.01014
4	0.01502	0.01705	0.07292	0.02320	0.02910	0.01503	0.43676	0.02117	0.06233	0.02272	0.05720	0.07939	0.01855	0.00851	0.00801	0.00234	0.00954	0.04267	0.00438	0.05411
5	0.04360	0.06760	0.02021	0.21266	0.04908	0.04471	0.06657	0.09571	0.03536	0.11421	0.02173	0.02395	0.09059	0.00986	0.00859	0.06728	0.00769	0.00715	0.00486	0.00859

[dist]
# distance from previous block
# <min> <max>
0	2

[block]
# block no. 3 follows, 30 sequences, length 22
# corresponding to MSA columns:
# 1284-1305
name=unknown_D
#
# <colnr> <probs for GDERKNQSTAVLIFYWHMCP>
#	G	D	E	R	K	N	Q	S	T	A	V	L	I	F	Y	W	H	M	C	P
0	0.01493	0.03547	0.07446	0.09009	0.04477	0.04829	0.12539	0.04488	0.10563	0.02184	0.06006	0.02351	0.01712	0.04414	0.14166	0.00408	0.05657	0.00733	0.03136	0.00843
1	0.01052	0.00824	0.00951	0.00926	0.01136	0.00792	0.00696	0.03702	0.09019	0.02388	0.27975	0.15245	0.27639	0.01594	0.00821	0.00238	0.00396	0.03219	0.00698	0.00687
2	0.04049	0.48498	0.06066	0.01241	0.01752	0.08066	0.01175	0.02067	0.01506	0.04961	0.06269	0.03993	0.01513	0.01022	0.04994	0.00230	0.00818	0.00541	0.00383	0.00859
3	0.05293	0.04648	0.07414	0.16028	0.07816	0.07619	0.02870	0.07116	0.03827	0.13825	0.02130	0.06283	0.06565	0.00972	0.00785	0.03903	0.00772	0.00740	0.00500	0.00894
4	0.05076	0.01166	0.01499	0.01198	0.01662	0.01085	0.00977	0.07165	0.04271	0.50176	0.04779	0.02609	0.04838	0.01236	0.06028	0.00282	0.00669	0.00742	0.03473	0.01069
5	0.01066	0.00790	0.01067	0.04439	0.06293	0.00745	0.00823	0.01302	0.01611	0.04954	0.21436	0.28852	0.18581	0.01659	0.00831	0.00247	0.00444	0.03538	0.00650	0.00671
6	0.01899	0.06676	0.07757	0.10012	0.06165	0.27298	0.05977	0.07081	0.01762	0.02030	0.01617	0.13109	0.01533	0.00947	0.00742	0.00215	0.03162	0.00765	0.00413	0.00842
7	0.01864	0.35050	0.06273	0.03122	0.02007	0.06915	0.06444	0.07236	0.01682	0.06431	0.08503	0.01917	0.01636	0.03481	0.00787	0.00207	0.04533	0.00594	0.00427	0.00889
8	0.01079	0.00741	0.00917	0.00856	0.01063	0.00663	0.00648	0.01365	0.01877	0.06844	0.50000	0.05426	0.22952	0.01480	0.00816	0.00223	0.00352	0.01282	0.00743	0.00673
9	0.02222	0.01194	0.01363	0.01114	0.01504	0.01212	0.00898	0.19962	0.05272	0.23628	0.02286	0.02290	0.01628	0.00841	0.00617	0.00194	0.00532	0.00666	0.31606	0.00973
10	0.01837	0.01521	0.05347	0.18337	0.04571	0.07735	0.01328	0.13831	0.01850	0.09937	0.01884	0.02580	0.01549	0.05862	0.02790	0.00271	0.00800	0.05824	0.11281	0.00865
11	0.00892	0.00661	0.00840	0.00951	0.01056	0.00609	0.00686	0.01068	0.01476	0.01929	0.10303	0.47034	0.17694	0.02005	0.00881	0.00273	0.00418	0.09976	0.00658	0.00589
12	0.00860	0.00615	0.00819	0.00965	0.01014	0.00574	0.00649	0.00997	0.01383	0.01857	0.08801	0.69850	0.04761	0.02130	0.00886	0.00279	0.00399	0.01930	0.00657	0.00574
13	0.05499	0.21929	0.13627	0.09991	0.06148	0.18710	0.07196	0.02203	0.01571	0.01922	0.01252	0.04610	0.01079	0.00720	0.00616	0.00197	0.00950	0.00563	0.00342	0.00877
14	0.01654	0.01007	0.01303	0.03235	0.01515	0.01026	0.03990	0.02294	0.15018	0.15430	0.13306	0.05877	0.02658	0.01315	0.06011	0.00277	0.00595	0.00853	0.21782	0.00853
15	0.19054	0.06634	0.01754	0.01282	0.01799	0.06807	0.03462	0.08870	0.08935	0.16190	0.01664	0.01684	0.01221	0.00712	0.00587	0.00187	0.00660	0.00537	0.00550	0.17412
16	0.01458	0.01208	0.01412	0.01092	0.01615	0.01000	0.00871	0.05911	0.04565	0.02409	0.04196	0.06863	0.01714	0.00786	0.00600	0.00145	0.00528	0.04712	0.00487	0.58428
17	0.01181	0.00613	0.00900	0.00905	0.00913	0.00609	0.00603	0.00930	0.00970	0.01299	0.03807	0.05611	0.01604	0.05100	0.02608	0.70381	0.00590	0.00706	0.00339	0.00332
18	0.01888	0.20068	0.29460	0.01714	0.02404	0.09151	0.03929	0.09197	0.01706	0.06559	0.01285	0.01463	0.00981	0.00725	0.00747	0.00205	0.06641	0.00516	0.00382	0.00979
19	0.00878	0.00637	0.00838	0.00969	0.01035	0.00606	0.00669	0.01018	0.01341	0.01776	0.03887	0.58601	0.09513	0.05027	0.06304	0.00358	0.00530	0.04823	0.00619	0.00571
20	0.54249	0.01722	0.01366	0.04431	0.01702	0.14503	0.00999	0.02132	0.01327	0.02656	0.00997	0.01231	0.00807	0.00725	0.00681	0.00220	0.08658	0.00427	0.00400	0.00767
21	0.00930	0.00714	0.00865	0.00920	0.03010	0.00648	0.00626	0.01129	0.01592	0.02095	0.25451	0.18586	0.28173	0.10722	0.01166	0.00293	0.00409	0.01422	0.00649	0.00601

[dist]
# distance from previous block
# <min> <max>
1	26

[block]
# block no. 4 follows, 30 sequences, length 15
# corresponding to MSA columns:
# 1332-1346
name=unknown_E
#
# <colnr> <probs for GDERKNQSTAVLIFYWHMCP>
#	G	D	E	R	K	N	Q	S	T	A	V	L	I	F	Y	W	H	M	C	P
0	0.02258	0.01540	0.01710	0.01425	0.01891	0.01683	0.01140	0.19134	0.39238	0.18225	0.02544	0.02333	0.01818	0.00903	0.00705	0.00226	0.00613	0.00732	0.00741	0.01142
1	0.11237	0.01680	0.01982	0.01530	0.02072	0.01782	0.05966	0.37962	0.06236	0.19647	0.01892	0.01843	0.01307	0.00811	0.00679	0.00215	0.00720	0.00640	0.00683	0.01117
2	0.01727	0.01658	0.02832	0.04283	0.71123	0.01658	0.02142	0.02142	0.01589	0.02280	0.01313	0.01727	0.01105	0.00622	0.00691	0.00207	0.00829	0.00622	0.00345	0.01105
3	0.80405	0.01350	0.01026	0.00918	0.01350	0.01565	0.00756	0.02051	0.01188	0.03131	0.00972	0.01134	0.00756	0.00648	0.00432	0.00216	0.00540	0.00378	0.00432	0.00756
4	0.00870	0.00628	0.00828	0.00980	0.01041	0.00586	0.00677	0.01010	0.01372	0.01811	0.04028	0.65762	0.08554	0.02141	0.00892	0.00283	0.00420	0.06894	0.00647	0.00574
5	0.01192	0.00764	0.00942	0.00874	0.01101	0.00678	0.00664	0.01458	0.01832	0.10840	0.40046	0.08529	0.25447	0.01497	0.00812	0.00227	0.00372	0.01291	0.00738	0.00697
6	0.02800	0.01231	0.01596	0.01250	0.01732	0.01147	0.01015	0.11985	0.02054	0.53706	0.02520	0.02456	0.01713	0.06404	0.04799	0.00297	0.00692	0.00717	0.00783	0.01103
7	0.80405	0.01350	0.01026	0.00918	0.01350	0.01565	0.00756	0.02051	0.01188	0.03131	0.00972	0.01134	0.00756	0.00648	0.00432	0.00216	0.00540	0.00378	0.00432	0.00756
8	0.01853	0.25979	0.06490	0.01338	0.01903	0.10830	0.01200	0.08277	0.04438	0.02192	0.01225	0.01389	0.01017	0.00652	0.00611	0.00158	0.03622	0.00454	0.00396	0.25973
9	0.00950	0.00668	0.00841	0.00937	0.01053	0.00607	0.00665	0.01112	0.01463	0.04398	0.07535	0.49555	0.19579	0.01993	0.00870	0.00270	0.00412	0.05829	0.00661	0.00603
10	0.01648	0.01611	0.04818	0.09464	0.18877	0.05808	0.04083	0.06065	0.22327	0.02449	0.05290	0.07454	0.01949	0.04049	0.00839	0.00245	0.00740	0.00809	0.00515	0.00961
11	0.00882	0.00668	0.00794	0.00880	0.00998	0.00607	0.00623	0.01028	0.01419	0.01801	0.04840	0.36751	0.28591	0.09729	0.01153	0.00311	0.00435	0.07300	0.00624	0.00566
12	0.01512	0.01385	0.05502	0.04023	0.01917	0.01441	0.06823	0.02346	0.23742	0.06376	0.02440	0.13304	0.03875	0.04140	0.06194	0.00331	0.12291	0.00940	0.00544	0.00874
13	0.01223	0.00965	0.01099	0.01144	0.01300	0.03834	0.00850	0.06850	0.09052	0.02175	0.05585	0.40606	0.03770	0.05758	0.00998	0.00294	0.00538	0.12628	0.00638	0.00693
14	0.03721	0.03977	0.03756	0.07765	0.14265	0.06219	0.04129	0.19931	0.09608	0.06988	0.02154	0.02246	0.07623	0.00843	0.00690	0.00211	0.00759	0.00699	0.00538	0.03879

[dist]
# distance from previous block
# <min> <max>
2	4

[block]
# block no. 5 follows, 30 sequences, length 6
# corresponding to MSA columns:
# 1351-1356
name=unknown_F
#
# <colnr> <probs for GDERKNQSTAVLIFYWHMCP>
#	G	D	E	R	K	N	Q	S	T	A	V	L	I	F	Y	W	H	M	C	P
0	0.01250	0.00986	0.01145	0.08024	0.01560	0.03215	0.00879	0.06472	0.05788	0.02457	0.24145	0.04665	0.16764	0.04541	0.00893	0.00249	0.00515	0.08061	0.07679	0.00713
1	0.00914	0.00730	0.00824	0.00839	0.01026	0.00662	0.00614	0.01210	0.05354	0.02113	0.19616	0.20730	0.39380	0.01740	0.00832	0.00242	0.00370	0.01500	0.00677	0.00627
2	0.01970	0.42600	0.06066	0.01506	0.02040	0.19612	0.05636	0.02329	0.05185	0.01810	0.01268	0.01623	0.01122	0.00712	0.00565	0.00178	0.00897	0.03644	0.00355	0.00882
3	0.01337	0.00755	0.00817	0.00782	0.00956	0.00785	0.00588	0.06223	0.01515	0.02514	0.02179	0.02703	0.01798	0.07012	0.09462	0.00321	0.00569	0.00688	0.58328	0.00667
4	0.02021	0.14671	0.07796	0.04659	0.02086	0.24114	0.01334	0.13155	0.05369	0.02222	0.01556	0.01870	0.03335	0.05628	0.04143	0.00268	0.03889	0.00583	0.00427	0.00876
5	0.10975	0.01456	0.01860	0.01704	0.08258	0.07513	0.11186	0.07163	0.04905	0.10450	0.14087	0.07842	0.07598	0.01021	0.00725	0.00222	0.00690	0.00895	0.00577	0.00876

[dist]
# distance from previous block
# <min> <max>
2	5

[block]
# block no. 6 follows, 30 sequences, length 31
# corresponding to MSA columns:
# 1371-1379,1384-1405
name=unknown_G
#
# <colnr> <probs for GDERKNQSTAVLIFYWHMCP>
#	G	D	E	R	K	N	Q	S	T	A	V	L	I	F	Y	W	H	M	C	P
0	0.01310	0.00928	0.01246	0.01187	0.01398	0.00910	0.04660	0.07510	0.06097	0.06703	0.06403	0.44381	0.03635	0.01671	0.00822	0.00256	0.00510	0.04216	0.03274	0.02883
1	0.00867	0.00695	0.00774	0.00783	0.00976	0.00603	0.00576	0.01073	0.01648	0.02089	0.21797	0.15436	0.46746	0.01742	0.00833	0.00238	0.00355	0.01491	0.00677	0.00603
2	0.01447	0.01240	0.01447	0.01034	0.01654	0.00930	0.00827	0.01757	0.01447	0.02274	0.01240	0.01447	0.01034	0.00517	0.00517	0.00103	0.00517	0.00413	0.00413	0.79742
3	0.05312	0.05957	0.02705	0.02077	0.05705	0.06360	0.27819	0.03786	0.08253	0.04659	0.02078	0.04695	0.07493	0.00850	0.00833	0.00224	0.05743	0.00796	0.00450	0.04206
4	0.01678	0.39854	0.04902	0.01274	0.01739	0.11224	0.03927	0.01924	0.01547	0.01799	0.06017	0.02615	0.10599	0.04406	0.00735	0.00207	0.00757	0.03591	0.00403	0.00803
5	0.01229	0.00852	0.01038	0.00940	0.01161	0.00802	0.00704	0.04417	0.01750	0.07417	0.31806	0.09346	0.17033	0.09529	0.01141	0.00271	0.02853	0.01177	0.00665	0.05870
6	0.04633	0.07831	0.13175	0.01492	0.02011	0.10311	0.01368	0.21129	0.04909	0.04681	0.04863	0.04329	0.01499	0.00850	0.00739	0.00204	0.04999	0.00632	0.04130	0.06216
7	0.10854	0.08045	0.05352	0.03354	0.10734	0.15873	0.01318	0.06494	0.03902	0.07654	0.01518	0.04411	0.01310	0.05966	0.03761	0.00279	0.07233	0.00625	0.00440	0.00877
8	0.06209	0.00737	0.00819	0.00813	0.01009	0.00678	0.00604	0.01204	0.01663	0.02306	0.28621	0.14217	0.32434	0.01588	0.00793	0.00232	0.00363	0.01357	0.03731	0.00624
9	0.01586	0.09619	0.10476	0.01623	0.07959	0.01415	0.04372	0.02297	0.16139	0.09007	0.04921	0.05769	0.11995	0.01108	0.00734	0.00231	0.00661	0.08611	0.00563	0.00914
10	0.05422	0.02006	0.12386	0.15837	0.11932	0.05684	0.01713	0.21164	0.06531	0.02781	0.01437	0.01691	0.01089	0.00778	0.00799	0.00223	0.06475	0.00598	0.00457	0.00996
11	0.00882	0.00679	0.00785	0.00817	0.00965	0.00605	0.00578	0.01060	0.01552	0.01999	0.18918	0.24190	0.34117	0.08336	0.01083	0.00284	0.00391	0.01523	0.00653	0.00583
12	0.01553	0.04551	0.20317	0.23735	0.08436	0.01678	0.01860	0.04522	0.09796	0.04310	0.03758	0.01899	0.01295	0.00798	0.00850	0.00231	0.08448	0.00628	0.00402	0.00934
13	0.02006	0.01518	0.01644	0.01387	0.01801	0.01685	0.01101	0.28216	0.30470	0.05500	0.06506	0.07149	0.02171	0.01006	0.00713	0.00224	0.00602	0.00825	0.04418	0.01055
14	0.01976	0.06923	0.07082	0.14210	0.06386	0.13752	0.01475	0.15069	0.13648	0.04883	0.01692	0.04134	0.01333	0.00804	0.00669	0.00209	0.00836	0.00637	0.00494	0.03788
15	0.03061	0.01172	0.01597	0.01230	0.01757	0.01014	0.01014	0.03333	0.01997	0.69355	0.04978	0.02468	0.01886	0.00882	0.00706	0.00216	0.00585	0.00720	0.00861	0.01170
16	0.01766	0.07925	0.16887	0.06006	0.29262	0.05727	0.01905	0.10418	0.01727	0.02363	0.01317	0.01649	0.01062	0.00949	0.04792	0.00261	0.04019	0.00578	0.00374	0.01011
17	0.01086	0.00742	0.00913	0.00932	0.00994	0.00758	0.00630	0.04111	0.01233	0.01652	0.02490	0.14510	0.02785	0.42348	0.09749	0.04912	0.00756	0.08404	0.00480	0.00516
18	0.01099	0.00748	0.00935	0.00883	0.01090	0.00674	0.00677	0.01387	0.01864	0.07126	0.47222	0.05531	0.21603	0.01498	0.00823	0.00229	0.00370	0.04827	0.00739	0.00676
19	0.00848	0.00616	0.00801	0.00950	0.01006	0.00569	0.00638	0.00974	0.01357	0.01790	0.04116	0.69309	0.10153	0.02151	0.00885	0.00279	0.00401	0.01941	0.00648	0.00569
20	0.00922	0.00698	0.00850	0.00838	0.01009	0.00627	0.00619	0.01181	0.01782	0.02402	0.43588	0.14196	0.25499	0.01621	0.00832	0.00232	0.00346	0.01413	0.00718	0.00627
21	0.00937	0.00703	0.00868	0.00844	0.01016	0.00634	0.00626	0.01212	0.01829	0.02493	0.49791	0.11278	0.22064	0.01572	0.00829	0.00229	0.00341	0.01372	0.00729	0.00634
22	0.01400	0.03610	0.71860	0.01989	0.03020	0.01621	0.02578	0.02210	0.01473	0.02210	0.01252	0.01473	0.00884	0.00663	0.00663	0.00221	0.01031	0.00516	0.00295	0.01031
23	0.01727	0.01658	0.02832	0.04283	0.71123	0.01658	0.02142	0.02142	0.01589	0.02280	0.01313	0.01727	0.01105	0.00622	0.00691	0.00207	0.00829	0.00622	0.00345	0.01105
24	0.01735	0.59575	0.14160	0.01314	0.01947	0.02457	0.01389	0.02052	0.01407	0.01729	0.01074	0.01283	0.00950	0.00916	0.05298	0.00225	0.00866	0.00420	0.00303	0.00899
25	0.02552	0.01488	0.01729	0.01394	0.01891	0.01552	0.01129	0.20437	0.24449	0.31813	0.02502	0.02268	0.01719	0.00884	0.00704	0.00221	0.00625	0.00711	0.00771	0.01160
26	0.01269	0.00852	0.01015	0.00917	0.01171	0.00789	0.00705	0.05181	0.04013	0.09643	0.37743	0.05126	0.26035	0.01430	0.00801	0.00224	0.00395	0.01222	0.00734	0.00733
27	0.01015	0.00677	0.00761	0.00761	0.00761	0.00677	0.00423	0.01015	0.01015	0.01353	0.02199	0.04567	0.02537	0.75476	0.03552	0.00677	0.00677	0.01015	0.00423	0.00423
28	0.01666	0.01980	0.10420	0.07521	0.08566	0.01775	0.44281	0.06566	0.01684	0.02318	0.01366	0.01794	0.01037	0.00658	0.00863	0.00234	0.05210	0.00739	0.00364	0.00958
29	0.01691	0.01655	0.05740	0.22991	0.38878	0.01681	0.01968	0.08802	0.05420	0.02386	0.01409	0.01795	0.01110	0.00684	0.00693	0.00217	0.00845	0.00626	0.00388	0.01019
30	0.00854	0.00623	0.00804	0.00937	0.01006	0.00574	0.00635	0.00991	0.01394	0.01840	0.07286	0.64040	0.12243	0.02104	0.00880	0.00275	0.00396	0.01892	0.00653	0.00574

[dist]
# distance from previous block
# <min> <max>
0	1

[block]
# block no. 7 follows, 30 sequences, length 6
# corresponding to MSA columns:
# 1407-1411,1414
name=unknown_H
#
# <colnr> <probs for GDERKNQSTAVLIFYWHMCP>
#	G	D	E	R	K	N	Q	S	T	A	V	L	I	F	Y	W	H	M	C	P
0	0.00861	0.00643	0.00802	0.00901	0.01000	0.00583	0.00623	0.01020	0.01471	0.01929	0.12729	0.51102	0.19795	0.01999	0.00868	0.00265	0.00384	0.01781	0.00663	0.00583
1	0.02126	0.17974	0.15329	0.05827	0.05008	0.13197	0.03742	0.09259	0.01799	0.13553	0.01444	0.01580	0.01076	0.00734	0.00710	0.00202	0.04472	0.00542	0.00446	0.00981
2	0.01650	0.17365	0.31177	0.10990	0.02815	0.05129	0.07016	0.07336	0.01630	0.02214	0.01291	0.01555	0.00983	0.00673	0.00628	0.00203	0.00921	0.00538	0.04942	0.00944
3	0.10838	0.12892	0.08193	0.06778	0.02254	0.32300	0.01423	0.07558	0.01752	0.02113	0.01111	0.01342	0.00907	0.00739	0.00735	0.00200	0.07159	0.00476	0.00372	0.00858
4	0.01373	0.00767	0.00904	0.00848	0.01062	0.00696	0.00624	0.01583	0.01580	0.14415	0.12196	0.12021	0.21112	0.11494	0.01118	0.00282	0.00437	0.01146	0.15651	0.00690
5	0.01402	0.01001	0.01182	0.01050	0.01308	0.00978	0.00774	0.06466	0.07881	0.06183	0.07736	0.18172	0.02717	0.16016	0.01330	0.00302	0.03238	0.01020	0.05161	0.16082

[dist]
# distance from previous block
# <min> <max>
0	2

[block]
# block no. 8 follows, 30 sequences, length 57
# corresponding to MSA columns:
# 1417-1473
name=unknown_I
#
# <colnr> <probs for GDERKNQSTAVLIFYWHMCP>
#	G	D	E	R	K	N	Q	S	T	A	V	L	I	F	Y	W	H	M	C	P
0	0.04046	0.01144	0.01664	0.19931	0.04705	0.01290	0.04797	0.05112	0.03421	0.04358	0.02416	0.13684	0.07014	0.08885	0.01226	0.00298	0.08890	0.05896	0.00478	0.00747
1	0.12868	0.01325	0.03905	0.01406	0.03920	0.01347	0.03942	0.11658	0.07055	0.07826	0.02228	0.19365	0.02160	0.06007	0.01024	0.00268	0.06567	0.02519	0.00559	0.04049
2	0.24996	0.06783	0.01566	0.11923	0.08659	0.03796	0.01115	0.03981	0.01428	0.02311	0.01997	0.16009	0.03856	0.04138	0.00770	0.00249	0.00653	0.04553	0.00461	0.00759
3	0.01812	0.04917	0.02053	0.11561	0.15879	0.11124	0.01389	0.09855	0.04531	0.02379	0.01337	0.01591	0.01072	0.00647	0.00616	0.00171	0.00774	0.00525	0.00419	0.27346
4	0.01101	0.00654	0.00716	0.00748	0.00870	0.00630	0.00523	0.01321	0.01406	0.02179	0.05667	0.18642	0.10361	0.11845	0.01058	0.00271	0.00395	0.01096	0.39921	0.00594
5	0.00834	0.00696	0.00728	0.00744	0.00955	0.00589	0.00549	0.01011	0.01577	0.01910	0.09292	0.14394	0.60725	0.01801	0.00832	0.00240	0.00358	0.01522	0.00653	0.00589
6	0.00889	0.00644	0.00844	0.00965	0.01046	0.00600	0.00679	0.01059	0.01463	0.01953	0.13271	0.55432	0.09366	0.02033	0.00883	0.00274	0.00410	0.06938	0.00664	0.00587
7	0.00884	0.00692	0.00801	0.00810	0.00988	0.00608	0.00594	0.01102	0.01675	0.02174	0.27887	0.18098	0.37745	0.01726	0.00836	0.00239	0.00354	0.01491	0.00688	0.00608
8	0.01736	0.01499	0.01578	0.01420	0.01815	0.01736	0.01105	0.03708	0.69862	0.02919	0.02840	0.02604	0.02130	0.00947	0.00710	0.00237	0.00552	0.00789	0.00710	0.01105
9	0.58066	0.01348	0.01225	0.01033	0.01497	0.01477	0.00852	0.06330	0.01498	0.18904	0.01422	0.01450	0.01004	0.00709	0.00510	0.00216	0.00566	0.00467	0.00547	0.00880
10	0.01709	0.01640	0.02801	0.07276	0.68267	0.01653	0.02133	0.02126	0.01581	0.02258	0.01309	0.01733	0.01098	0.00625	0.00691	0.00208	0.00833	0.00622	0.00344	0.01091
11	0.80405	0.01350	0.01026	0.00918	0.01350	0.01565	0.00756	0.02051	0.01188	0.03131	0.00972	0.01134	0.00756	0.00648	0.00432	0.00216	0.00540	0.00378	0.00432	0.00756
12	0.01069	0.00844	0.01086	0.01075	0.01190	0.03919	0.00803	0.01275	0.01180	0.01632	0.05136	0.03117	0.02076	0.17300	0.53975	0.00960	0.01559	0.00806	0.00400	0.00597
13	0.01447	0.01240	0.01447	0.01034	0.01654	0.00930	0.00827	0.01757	0.01447	0.02274	0.01240	0.01447	0.01034	0.00517	0.00517	0.00103	0.00517	0.00413	0.00413	0.79742
14	0.01866	0.75896	0.03657	0.01194	0.01791	0.02761	0.01194	0.02090	0.01418	0.01642	0.00970	0.01119	0.00896	0.00597	0.00448	0.00149	0.00746	0.00373	0.00299	0.00896
15	0.01069	0.00733	0.00907	0.00914	0.01083	0.00686	0.00688	0.01381	0.03751	0.04640	0.31309	0.19150	0.14957	0.01584	0.00811	0.00239	0.00391	0.07101	0.07948	0.00658
16	0.09129	0.01867	0.01554	0.01319	0.01728	0.22224	0.01035	0.12587	0.05618	0.13990	0.01759	0.01824	0.01304	0.00770	0.00605	0.00188	0.00754	0.00564	0.14939	0.06241
17	0.01736	0.01499	0.01578	0.01420	0.01815	0.01736	0.01105	0.03708	0.69862	0.02919	0.02840	0.02604	0.02130	0.00947	0.00710	0.00237	0.00552	0.00789	0.00710	0.01105
18	0.01344	0.01291	0.02253	0.68203	0.04715	0.01567	0.07201	0.01819	0.01415	0.01819	0.01254	0.01862	0.00940	0.00689	0.00708	0.00233	0.00950	0.00636	0.00313	0.00788
19	0.01275	0.00948	0.01485	0.07999	0.01841	0.00960	0.07903	0.01551	0.01546	0.07010	0.10356	0.20256	0.05681	0.01589	0.01003	0.03691	0.03794	0.19829	0.00584	0.00698
20	0.00873	0.00628	0.00791	0.00911	0.00966	0.00586	0.00601	0.00981	0.01314	0.01727	0.03937	0.56979	0.11338	0.13356	0.01291	0.00338	0.00441	0.01781	0.00613	0.00547
21	0.00919	0.00664	0.00869	0.00917	0.01026	0.00614	0.00650	0.01147	0.01667	0.02299	0.37818	0.37727	0.07498	0.01790	0.00855	0.00250	0.00365	0.01604	0.00709	0.00614
22	0.01715	0.01585	0.02411	0.13087	0.30288	0.04057	0.06772	0.09524	0.01678	0.02347	0.01379	0.01808	0.01126	0.00917	0.03558	0.00256	0.10122	0.00637	0.05779	0.00953
23	0.01359	0.01159	0.01888	0.22838	0.22112	0.01225	0.03760	0.01700	0.01477	0.04121	0.02265	0.21286	0.03819	0.01138	0.00752	0.00238	0.00710	0.03169	0.04166	0.00818
24	0.00854	0.00637	0.00788	0.00898	0.00988	0.00579	0.00612	0.00992	0.01408	0.01826	0.06823	0.53953	0.20434	0.04543	0.00963	0.00283	0.00399	0.01804	0.00644	0.00570
25	0.04221	0.01341	0.04194	0.01263	0.01577	0.01370	0.01025	0.24654	0.06288	0.04460	0.11565	0.02511	0.04282	0.01406	0.01350	0.22305	0.04089	0.00739	0.00559	0.00802
26	0.01653	0.14016	0.18998	0.03937	0.02132	0.09297	0.03717	0.04667	0.08245	0.04990	0.14286	0.02632	0.04850	0.00915	0.00682	0.00210	0.00775	0.02609	0.00491	0.00897
27	0.01527	0.02072	0.23895	0.07071	0.19932	0.01497	0.07276	0.02053	0.03706	0.04962	0.04294	0.02162	0.04204	0.03382	0.00986	0.03470	0.05503	0.00685	0.00388	0.00935
28	0.01211	0.00941	0.01151	0.01176	0.01300	0.03359	0.00893	0.01545	0.07028	0.04346	0.07274	0.34417	0.03561	0.03965	0.03416	0.00313	0.08897	0.11618	0.02909	0.00680
29	0.04415	0.06062	0.06261	0.18972	0.05825	0.15163	0.06113	0.15606	0.01912	0.05597	0.01335	0.01620	0.01018	0.00757	0.00788	0.00216	0.06402	0.00580	0.00429	0.00928
30	0.00857	0.00652	0.00789	0.00873	0.00992	0.00584	0.00610	0.01019	0.01491	0.01926	0.12174	0.44558	0.27032	0.01964	0.00861	0.00260	0.00379	0.01734	0.00661	0.00584
31	0.01506	0.01261	0.01569	0.03804	0.01844	0.00985	0.03217	0.01830	0.01471	0.04605	0.01298	0.01509	0.01054	0.00538	0.00540	0.00117	0.00558	0.00445	0.00423	0.71428
32	0.01452	0.00833	0.01034	0.00943	0.01222	0.00735	0.00746	0.01712	0.01806	0.18756	0.25145	0.05339	0.28229	0.01464	0.00809	0.00234	0.00432	0.07616	0.00735	0.00758
33	0.00970	0.00702	0.00972	0.01006	0.01084	0.00763	0.00721	0.01135	0.01141	0.01591	0.02359	0.18255	0.02529	0.20993	0.41576	0.00843	0.01285	0.01068	0.00442	0.00565
34	0.05227	0.01008	0.01237	0.01052	0.01440	0.00907	0.00855	0.04503	0.01834	0.34551	0.06300	0.04354	0.25421	0.01273	0.00760	0.00232	0.00512	0.06888	0.00745	0.00902
35	0.00866	0.00625	0.00819	0.00947	0.01012	0.00579	0.00643	0.01015	0.01427	0.01911	0.12166	0.62981	0.08281	0.02072	0.00879	0.00273	0.00393	0.01869	0.00662	0.00579
36	0.01202	0.00788	0.01012	0.00950	0.01145	0.00748	0.00727	0.01589	0.05084	0.07709	0.51981	0.04978	0.05479	0.04575	0.00926	0.00246	0.00399	0.06351	0.03405	0.00706
37	0.01866	0.75896	0.03657	0.01194	0.01791	0.02761	0.01194	0.02090	0.01418	0.01642	0.00970	0.01119	0.00896	0.00597	0.00448	0.00149	0.00746	0.00373	0.00299	0.00896
38	0.03055	0.01165	0.01579	0.01217	0.01741	0.01010	0.01003	0.03328	0.01975	0.68762	0.02733	0.02385	0.01730	0.00862	0.00693	0.00214	0.00583	0.00700	0.04098	0.01165
39	0.01916	0.70995	0.03543	0.01235	0.01816	0.07482	0.01204	0.02137	0.01456	0.01646	0.00977	0.01129	0.00896	0.00605	0.00460	0.00151	0.00781	0.00378	0.00303	0.00890
40	0.01504	0.01274	0.01477	0.01061	0.01678	0.00988	0.00850	0.04912	0.01533	0.02374	0.01261	0.01458	0.01041	0.00532	0.00525	0.00108	0.00529	0.00424	0.00427	0.76044
41	0.01209	0.04036	0.01414	0.01216	0.01272	0.01281	0.00925	0.01332	0.01076	0.01539	0.01652	0.02977	0.01745	0.30361	0.21001	0.00652	0.24552	0.00790	0.00367	0.00603
42	0.80405	0.01350	0.01026	0.00918	0.01350	0.01565	0.00756	0.02051	0.01188	0.03131	0.00972	0.01134	0.00756	0.00648	0.00432	0.00216	0.00540	0.00378	0.00432	0.00756
43	0.00887	0.00699	0.00798	0.00802	0.00980	0.00628	0.00586	0.01083	0.01574	0.02012	0.19457	0.12685	0.41249	0.06955	0.06164	0.00330	0.00484	0.01396	0.00638	0.00593
44	0.01594	0.17747	0.50144	0.01803	0.02663	0.04601	0.02166	0.04904	0.01540	0.02147	0.01194	0.01405	0.00900	0.00681	0.00684	0.00208	0.03820	0.00493	0.00315	0.00992
45	0.00825	0.00707	0.00707	0.00707	0.00943	0.00589	0.00530	0.01001	0.01591	0.01885	0.07069	0.06716	0.70839	0.01767	0.00825	0.00236	0.00353	0.01473	0.00648	0.00589
46	0.01088	0.00777	0.01078	0.01204	0.01344	0.00786	0.01013	0.01370	0.01515	0.01996	0.05428	0.09943	0.03789	0.07773	0.08078	0.00421	0.00744	0.50430	0.00604	0.00621
47	0.01219	0.00738	0.00835	0.00864	0.01007	0.00737	0.00624	0.06780	0.01556	0.02399	0.02894	0.33267	0.02940	0.01398	0.00676	0.00218	0.00395	0.01215	0.39582	0.00658
48	0.01253	0.01092	0.01159	0.04038	0.01422	0.06582	0.00835	0.01874	0.15032	0.02576	0.41061	0.04451	0.13305	0.01292	0.00781	0.00222	0.00474	0.01107	0.00690	0.00752
49	0.00997	0.00748	0.01121	0.01121	0.01246	0.00872	0.00872	0.01246	0.01121	0.01620	0.01869	0.02741	0.01745	0.05234	0.72710	0.01121	0.01869	0.00748	0.00374	0.00623
50	0.01427	0.01365	0.02352	0.54616	0.20142	0.01585	0.04859	0.01886	0.01451	0.01918	0.01264	0.01830	0.00976	0.00675	0.00702	0.00227	0.00917	0.00629	0.00320	0.00859
51	0.01060	0.00762	0.00925	0.00897	0.00910	0.00831	0.00571	0.01100	0.01031	0.01411	0.02046	0.04096	0.02305	0.61305	0.10660	0.00689	0.07567	0.00950	0.00407	0.00475
52	0.80405	0.01350	0.01026	0.00918	0.01350	0.01565	0.00756	0.02051	0.01188	0.03131	0.00972	0.01134	0.00756	0.00648	0.00432	0.00216	0.00540	0.00378	0.00432	0.00756
53	0.02555	0.01906	0.02039	0.01586	0.02127	0.02118	0.01303	0.61868	0.10368	0.04241	0.01799	0.01774	0.01287	0.00849	0.00699	0.00212	0.00745	0.00645	0.00699	0.01178
54	0.01336	0.01025	0.01521	0.07506	0.09424	0.01030	0.04987	0.07255	0.01688	0.05594	0.10574	0.31334	0.04909	0.01500	0.00821	0.00254	0.00592	0.07286	0.00597	0.00766
55	0.02482	0.01853	0.03941	0.02039	0.15748	0.11735	0.01408	0.20238	0.04878	0.23358	0.04015	0.01974	0.01486	0.00803	0.00691	0.00208	0.00784	0.00646	0.00620	0.01093
56	0.01365	0.01315	0.01567	0.03760	0.03863	0.12993	0.08631	0.01629	0.01535	0.01921	0.02701	0.27047	0.02907	0.01790	0.06347	0.00324	0.00825	0.15195	0.03586	0.00697

[dist]
# distance from previous block
# <min> <max>
0	6

[block]
# block no. 9 follows, 30 sequences, length 6
# corresponding to MSA columns:
# 1480-1485
name=unknown_J
#
# <colnr> <probs for GDERKNQSTAVLIFYWHMCP>
#	G	D	E	R	K	N	Q	S	T	A	V	L	I	F	Y	W	H	M	C	P
0	0.04989	0.14426	0.02389	0.01605	0.02034	0.05106	0.11971	0.14932	0.03608	0.04419	0.01656	0.04178	0.03082	0.01161	0.05959	0.00277	0.10047	0.00669	0.03803	0.03690
1	0.00890	0.00636	0.00855	0.01017	0.01075	0.00601	0.00717	0.01040	0.01375	0.01826	0.03824	0.65288	0.04529	0.02149	0.00901	0.00289	0.00439	0.11324	0.00647	0.00578
2	0.02329	0.01078	0.01395	0.01158	0.01565	0.00992	0.00922	0.02791	0.09942	0.43565	0.12936	0.09754	0.06195	0.01123	0.00744	0.00226	0.00521	0.00950	0.00801	0.01014
3	0.01250	0.00774	0.00850	0.00834	0.01016	0.00791	0.00623	0.01779	0.10855	0.02597	0.16122	0.10791	0.03087	0.01099	0.00627	0.00197	0.00365	0.00932	0.44708	0.00705
4	0.01653	0.01368	0.01556	0.01148	0.01744	0.01175	0.00923	0.12282	0.06304	0.02646	0.01415	0.01560	0.01131	0.00595	0.00558	0.00129	0.00558	0.00472	0.00477	0.62305
5	0.13580	0.01868	0.06673	0.01732	0.06487	0.07854	0.05327	0.20093	0.08927	0.12064	0.01751	0.01962	0.01321	0.00830	0.00740	0.00222	0.04050	0.02943	0.00563	0.01015

[dist]
# distance from previous block
# <min> <max>
0	1

[block]
# block no. 10 follows, 30 sequences, length 17
# corresponding to MSA columns:
# 1487-1503
name=unknown_K
#
# <colnr> <probs for GDERKNQSTAVLIFYWHMCP>
#	G	D	E	R	K	N	Q	S	T	A	V	L	I	F	Y	W	H	M	C	P
0	0.01198	0.00749	0.00943	0.00965	0.01156	0.00675	0.00729	0.01402	0.01595	0.11307	0.11101	0.30311	0.23054	0.01783	0.00850	0.00260	0.00440	0.10119	0.00688	0.00675
1	0.01415	0.01462	0.05045	0.36590	0.17895	0.01511	0.13687	0.01869	0.01477	0.01982	0.01557	0.09435	0.01371	0.00816	0.00737	0.00233	0.00902	0.00795	0.00360	0.00861
2	0.01159	0.00606	0.00895	0.00918	0.00924	0.00600	0.00612	0.00918	0.00971	0.01295	0.01597	0.12773	0.01709	0.02389	0.02459	0.68093	0.00577	0.00807	0.00353	0.00342
3	0.00850	0.00634	0.00792	0.00909	0.00998	0.00576	0.00622	0.00993	0.01420	0.01848	0.07455	0.56760	0.19481	0.02060	0.00873	0.00270	0.00390	0.01839	0.00653	0.00576
4	0.80405	0.01350	0.01026	0.00918	0.01350	0.01565	0.00756	0.02051	0.01188	0.03131	0.00972	0.01134	0.00756	0.00648	0.00432	0.00216	0.00540	0.00378	0.00432	0.00756
5	0.01210	0.00761	0.00919	0.00878	0.01104	0.00668	0.00658	0.01432	0.01709	0.12300	0.23006	0.17666	0.31831	0.01617	0.00818	0.00237	0.00391	0.01393	0.00712	0.00691
6	0.01367	0.01289	0.01866	0.17275	0.02296	0.01714	0.01423	0.01578	0.01146	0.01665	0.01280	0.04167	0.01263	0.09412	0.07235	0.00389	0.42880	0.00706	0.00334	0.00713
7	0.01435	0.01276	0.01692	0.01254	0.01800	0.01079	0.06508	0.01752	0.01412	0.02179	0.01280	0.01588	0.01082	0.00934	0.06215	0.00207	0.05777	0.00487	0.00398	0.61644
8	0.07779	0.02013	0.05577	0.01668	0.02220	0.06128	0.06494	0.43756	0.11164	0.03693	0.01696	0.01735	0.01233	0.00803	0.00685	0.00214	0.00798	0.00630	0.00615	0.01098
9	0.01624	0.36921	0.35329	0.01610	0.02367	0.02185	0.01863	0.02116	0.01419	0.01909	0.01098	0.01313	0.00892	0.00672	0.00679	0.00194	0.06105	0.00456	0.00297	0.00949
10	0.00898	0.00707	0.00810	0.00868	0.01025	0.00643	0.00625	0.01136	0.04347	0.01921	0.08140	0.31774	0.35745	0.04138	0.00934	0.00270	0.00402	0.04365	0.00649	0.00603
11	0.01785	0.05851	0.06107	0.07335	0.03772	0.04427	0.03052	0.12705	0.08503	0.09233	0.06405	0.04423	0.04836	0.02780	0.00777	0.00230	0.00693	0.07813	0.03972	0.05301
12	0.01802	0.03890	0.05130	0.05488	0.04884	0.07736	0.01206	0.09682	0.11757	0.10604	0.03640	0.13154	0.02165	0.01274	0.03803	0.00263	0.00743	0.06048	0.00576	0.06154
13	0.00954	0.00744	0.00865	0.00976	0.01037	0.03681	0.00654	0.01070	0.01320	0.01717	0.03536	0.56217	0.06618	0.12026	0.04806	0.00371	0.00548	0.01708	0.00592	0.00562
14	0.24802	0.09870	0.01630	0.04299	0.01712	0.12163	0.00993	0.06876	0.01667	0.11796	0.06952	0.08488	0.01815	0.03276	0.00701	0.00224	0.00687	0.00693	0.00523	0.00834
15	0.01332	0.01000	0.01269	0.01206	0.04081	0.03116	0.03704	0.01626	0.03414	0.08562	0.15477	0.18314	0.14028	0.04521	0.00893	0.00243	0.00521	0.04622	0.00616	0.11457
16	0.07301	0.01720	0.02152	0.07176	0.19793	0.10246	0.07603	0.07237	0.11777	0.04616	0.03692	0.02085	0.04341	0.00772	0.00678	0.00208	0.00791	0.00668	0.00476	0.06668

[dist]
# distance from previous block
# <min> <max>
0	3

[block]
# block no. 11 follows, 30 sequences, length 23
# corresponding to MSA columns:
# 1507-1529
name=unknown_L
#
# <colnr> <probs for GDERKNQSTAVLIFYWHMCP>
#	G	D	E	R	K	N	Q	S	T	A	V	L	I	F	Y	W	H	M	C	P
0	0.05759	0.01549	0.01767	0.12176	0.04451	0.08264	0.03634	0.11876	0.13859	0.12545	0.02313	0.06510	0.06064	0.00925	0.00695	0.00217	0.00719	0.00766	0.00576	0.05335
1	0.01455	0.01464	0.10658	0.01641	0.04372	0.01169	0.14676	0.03873	0.06123	0.08445	0.18667	0.10455	0.09738	0.01160	0.00788	0.00234	0.00674	0.02970	0.00586	0.00851
2	0.01691	0.01316	0.01755	0.03703	0.08562	0.01143	0.04963	0.05180	0.04399	0.10116	0.01954	0.02073	0.06467	0.00703	0.00617	0.00158	0.00607	0.00602	0.00494	0.43495
3	0.00868	0.00628	0.00825	0.00977	0.01038	0.00585	0.00674	0.01007	0.01372	0.01810	0.04045	0.65831	0.08877	0.02141	0.00892	0.00283	0.00418	0.06509	0.00647	0.00574
4	0.02070	0.01824	0.01866	0.05186	0.06584	0.10197	0.01293	0.23056	0.31599	0.03124	0.04413	0.02159	0.01726	0.00870	0.00699	0.00219	0.00730	0.00697	0.00624	0.01063
5	0.04071	0.11513	0.19997	0.05174	0.06085	0.01544	0.05426	0.02421	0.06614	0.15932	0.04819	0.01904	0.01442	0.00729	0.00644	0.00199	0.00763	0.00602	0.00483	0.09636
6	0.10583	0.01320	0.03947	0.15005	0.05978	0.04118	0.03916	0.05076	0.01616	0.13717	0.02314	0.06137	0.06185	0.03214	0.03833	0.00280	0.00760	0.06933	0.04229	0.00839
7	0.01778	0.62314	0.16471	0.01343	0.02022	0.02547	0.01454	0.02112	0.01428	0.01749	0.01023	0.01186	0.00893	0.00609	0.00488	0.00163	0.00800	0.00400	0.00298	0.00921
8	0.06481	0.01336	0.03047	0.05289	0.05319	0.10915	0.03112	0.04640	0.01619	0.02128	0.09889	0.19356	0.14242	0.03630	0.05600	0.00303	0.00727	0.01118	0.00532	0.00717
9	0.01903	0.01576	0.02272	0.18382	0.31729	0.04837	0.01730	0.10612	0.03852	0.09744	0.05280	0.02010	0.01460	0.00748	0.00699	0.00214	0.00803	0.00662	0.00471	0.01015
10	0.01551	0.01458	0.02458	0.14653	0.51808	0.01501	0.01918	0.01935	0.01526	0.02139	0.01627	0.11173	0.01530	0.00835	0.00718	0.00221	0.00790	0.00797	0.00379	0.00985
11	0.01195	0.00783	0.00921	0.00907	0.01128	0.00707	0.00671	0.01476	0.05285	0.11091	0.10004	0.26295	0.33501	0.01705	0.00822	0.00246	0.00409	0.01473	0.00688	0.00694
12	0.04186	0.06422	0.10157	0.18117	0.10044	0.16137	0.04783	0.02344	0.08009	0.05183	0.01541	0.03646	0.01258	0.00791	0.00715	0.00218	0.02726	0.02415	0.00407	0.00901
13	0.04306	0.13347	0.10288	0.04938	0.08270	0.04677	0.07024	0.12866	0.05541	0.11161	0.01578	0.01764	0.01198	0.01037	0.05409	0.00269	0.04260	0.00602	0.00475	0.00991
14	0.01004	0.00694	0.00900	0.01006	0.01129	0.00645	0.00750	0.01192	0.01487	0.04730	0.06696	0.43672	0.15154	0.01980	0.00886	0.00279	0.00454	0.16067	0.00660	0.00616
15	0.01187	0.01244	0.11730	0.01482	0.07740	0.00926	0.01158	0.01557	0.04757	0.05183	0.03200	0.41629	0.05160	0.01658	0.00827	0.00265	0.00577	0.08390	0.00580	0.00748
16	0.07791	0.08126	0.05178	0.12551	0.11213	0.13403	0.03787	0.06031	0.06587	0.12929	0.01542	0.01720	0.01156	0.00750	0.00724	0.00212	0.04298	0.00581	0.00466	0.00957
17	0.01340	0.01232	0.01991	0.54103	0.10034	0.01478	0.01760	0.01880	0.06501	0.01904	0.01565	0.06700	0.01313	0.01020	0.04096	0.00276	0.00903	0.00728	0.00368	0.00808
18	0.04184	0.01661	0.01779	0.01549	0.07882	0.08792	0.01130	0.16484	0.01904	0.04226	0.01339	0.01516	0.01062	0.00652	0.00645	0.00156	0.03185	0.00494	0.00471	0.40890
19	0.01137	0.06829	0.01313	0.01110	0.01277	0.03392	0.00875	0.01376	0.01188	0.01667	0.01806	0.02628	0.01683	0.07280	0.57874	0.00943	0.01628	0.00713	0.04636	0.00644
20	0.00989	0.00761	0.00906	0.00945	0.01135	0.00705	0.00729	0.01296	0.04875	0.02092	0.12437	0.20612	0.28246	0.01742	0.00842	0.00255	0.00436	0.14908	0.02810	0.03278
21	0.06071	0.15737	0.10944	0.01607	0.05271	0.10226	0.04064	0.11847	0.06924	0.07838	0.03944	0.04399	0.03754	0.00822	0.00639	0.00200	0.00784	0.00645	0.00491	0.03793
22	0.05469	0.10482	0.19967	0.04075	0.09321	0.04918	0.05502	0.08486	0.06411	0.02364	0.01554	0.05936	0.01328	0.03973	0.00771	0.00224	0.00819	0.00649	0.00417	0.07333

[dist]
# distance from previous block
# <min> <max>
6	12

[block]
# block no. 12 follows, 30 sequences, length 14
# corresponding to MSA columns:
# 1542-1555
name=unknown_M
#
# <colnr> <probs for GDERKNQSTAVLIFYWHMCP>
#	G	D	E	R	K	N	Q	S	T	A	V	L	I	F	Y	W	H	M	C	P
0	0.01175	0.08259	0.03155	0.02987	0.03172	0.02839	0.00943	0.03174	0.01459	0.01888	0.03092	0.33154	0.04916	0.09911	0.01131	0.00312	0.00595	0.16628	0.00556	0.00656
1	0.01230	0.01123	0.03627	0.05791	0.04264	0.01021	0.15015	0.03685	0.01570	0.04410	0.05460	0.24716	0.19329	0.04340	0.00926	0.00263	0.00643	0.01304	0.00550	0.00732
2	0.01381	0.03498	0.15247	0.05613	0.07527	0.01345	0.11004	0.04050	0.09357	0.02255	0.04866	0.13477	0.06288	0.01165	0.00779	0.00245	0.00757	0.09782	0.00501	0.00864
3	0.03810	0.01273	0.04101	0.14505	0.14150	0.02956	0.03077	0.04574	0.01548	0.02137	0.09183	0.17237	0.06025	0.01250	0.00951	0.03366	0.06134	0.02468	0.00478	0.00778
4	0.21398	0.04078	0.02189	0.09433	0.16265	0.08707	0.11690	0.02200	0.04962	0.04786	0.01459	0.04596	0.01226	0.03281	0.00740	0.00232	0.00817	0.00645	0.00416	0.00881
5	0.25096	0.01171	0.01538	0.10329	0.09088	0.01269	0.06226	0.01751	0.03764	0.02317	0.05526	0.10337	0.04247	0.09390	0.04869	0.00327	0.00722	0.00831	0.00456	0.00746
6	0.01727	0.01658	0.02832	0.04283	0.71123	0.01658	0.02142	0.02142	0.01589	0.02280	0.01313	0.01727	0.01105	0.00622	0.00691	0.00207	0.00829	0.00622	0.00345	0.01105
