[name]
unknown

[dist]
# distance from previous block
# <min> <max>
0	68

[block]
# block no. 0 follows, 36 sequences, length 36
# corresponding to MSA columns:
# 72-107
name=unknown_A
#
# <colnr> <probs for GDERKNQSTAVLIFYWHMCP>
#	G	D	E	R	K	N	Q	S	T	A	V	L	I	F	Y	W	H	M	C	P
0	0.10331	0.04365	0.12918	0.01570	0.12520	0.07411	0.01210	0.04645	0.06656	0.03583	0.06196	0.05149	0.03339	0.05281	0.00738	0.00210	0.00647	0.03734	0.00418	0.09079
1	0.03354	0.06222	0.16024	0.01646	0.07017	0.04280	0.12818	0.04558	0.07663	0.07430	0.04486	0.01950	0.02728	0.04647	0.06254	0.00265	0.00807	0.00610	0.00405	0.06835
2	0.03447	0.14714	0.14684	0.01620	0.07171	0.22696	0.05606	0.02036	0.03320	0.03443	0.04225	0.01629	0.04361	0.00682	0.00616	0.00174	0.03525	0.00517	0.00347	0.05187
3	0.05254	0.06568	0.01833	0.01451	0.04714	0.11931	0.06044	0.17354	0.11351	0.05832	0.04686	0.01678	0.01315	0.00795	0.02427	0.00196	0.03744	0.00550	0.00469	0.11809
4	0.05509	0.22563	0.20588	0.01513	0.02094	0.10656	0.10700	0.07827	0.01518	0.04660	0.01380	0.03224	0.03848	0.00663	0.00561	0.00178	0.00803	0.00528	0.00352	0.00834
5	0.04054	0.01073	0.08461	0.00936	0.01226	0.03797	0.00812	0.01518	0.03331	0.09337	0.40471	0.03971	0.16294	0.01147	0.00688	0.00197	0.00430	0.00975	0.00606	0.00675
6	0.02295	0.02728	0.01786	0.01582	0.01915	0.61999	0.01207	0.12537	0.01902	0.01872	0.01034	0.01187	0.00840	0.00675	0.00630	0.00169	0.04079	0.00430	0.00363	0.00770
7	0.01422	0.01580	0.03321	0.13416	0.03325	0.01565	0.58037	0.01911	0.01411	0.01911	0.01215	0.01661	0.00922	0.00569	0.00786	0.00213	0.04918	0.00699	0.00307	0.00810
8	0.01666	0.78478	0.03265	0.01066	0.01599	0.02465	0.01066	0.01866	0.01266	0.01466	0.00866	0.00999	0.00800	0.00533	0.00400	0.00133	0.00666	0.00333	0.00267	0.00800
9	0.01248	0.05889	0.68752	0.01703	0.02573	0.01444	0.02176	0.01932	0.01335	0.01979	0.04520	0.01460	0.01028	0.00622	0.00592	0.00195	0.00882	0.00487	0.00283	0.00901
10	0.00759	0.00542	0.00723	0.00868	0.00904	0.00506	0.00578	0.00868	0.01193	0.01591	0.03434	0.77697	0.04121	0.01952	0.00795	0.00253	0.00361	0.01771	0.00578	0.00506
11	0.00812	0.00697	0.00704	0.00691	0.00914	0.00622	0.00521	0.01120	0.08119	0.01769	0.05959	0.05653	0.67228	0.01509	0.00727	0.00210	0.00332	0.01258	0.00584	0.00569
12	0.00831	0.00632	0.00781	0.00873	0.01007	0.00582	0.00679	0.01016	0.01355	0.01714	0.04443	0.28382	0.29493	0.01740	0.00795	0.00248	0.00414	0.23903	0.00577	0.00535
13	0.01536	0.01672	0.06604	0.02851	0.22652	0.01515	0.46425	0.02016	0.01462	0.05098	0.01280	0.01644	0.00975	0.00547	0.00691	0.00202	0.00937	0.00668	0.00330	0.00894
14	0.01471	0.01681	0.03676	0.02626	0.03256	0.01576	0.71954	0.01996	0.01471	0.01996	0.01261	0.01681	0.00945	0.00525	0.00735	0.00210	0.01050	0.00735	0.00315	0.00840
15	0.01463	0.01643	0.03465	0.02573	0.05620	0.01604	0.62668	0.01945	0.01419	0.01949	0.01215	0.01645	0.00935	0.00581	0.00857	0.00215	0.08350	0.00711	0.00311	0.00830
16	0.01207	0.01139	0.01925	0.70462	0.10194	0.01392	0.01746	0.01619	0.01260	0.01629	0.01113	0.01651	0.00844	0.00617	0.00622	0.00206	0.00823	0.00554	0.00280	0.00717
17	0.01345	0.08389	0.32169	0.15854	0.05872	0.01533	0.18255	0.03473	0.01372	0.01903	0.01206	0.03644	0.00944	0.00618	0.00623	0.00198	0.00885	0.00575	0.00297	0.00844
18	0.00736	0.00631	0.00631	0.00631	0.00842	0.00526	0.00473	0.00894	0.01420	0.01683	0.06312	0.05996	0.73964	0.01578	0.00736	0.00210	0.00316	0.01315	0.00579	0.00526
19	0.01259	0.03157	0.71845	0.01812	0.02720	0.01452	0.05266	0.01974	0.01322	0.01974	0.01124	0.01331	0.00796	0.00589	0.00598	0.00198	0.00926	0.00472	0.00265	0.00917
20	0.01464	0.01542	0.06029	0.11472	0.48529	0.01470	0.14860	0.01883	0.01405	0.01973	0.01222	0.01682	0.01006	0.00583	0.00643	0.00195	0.00813	0.02005	0.00309	0.00916
21	0.01250	0.03223	0.74875	0.01776	0.02697	0.01447	0.02302	0.01973	0.01315	0.01973	0.01118	0.01315	0.00789	0.00592	0.00592	0.00197	0.00921	0.00460	0.00263	0.00921
22	0.00736	0.00631	0.00631	0.00631	0.00842	0.00526	0.00473	0.00894	0.01420	0.01683	0.06312	0.05996	0.73964	0.01578	0.00736	0.00210	0.00316	0.01315	0.00579	0.00526
23	0.02280	0.01655	0.01828	0.01421	0.01891	0.05298	0.04386	0.53574	0.02580	0.10807	0.01631	0.01742	0.01185	0.00762	0.00625	0.00189	0.00689	0.02562	0.03897	0.01000
24	0.01415	0.35038	0.36853	0.01399	0.02070	0.01841	0.01626	0.01864	0.01272	0.01737	0.01053	0.01257	0.00850	0.00724	0.03057	0.00197	0.03235	0.00420	0.03252	0.00837
25	0.02098	0.01530	0.01865	0.05318	0.02052	0.01661	0.07108	0.38419	0.18507	0.12093	0.01811	0.01785	0.01289	0.00748	0.00636	0.00196	0.00661	0.00616	0.00600	0.01006
26	0.01054	0.00990	0.00886	0.00845	0.01074	0.08364	0.00629	0.01477	0.13860	0.01787	0.04744	0.04700	0.47937	0.07815	0.00906	0.00239	0.00453	0.01081	0.00545	0.00613
27	0.01875	0.01196	0.01569	0.01244	0.04912	0.01022	0.04544	0.08320	0.01605	0.24770	0.01572	0.01599	0.01132	0.00591	0.00548	0.00142	0.00545	0.00493	0.00511	0.41809
28	0.00762	0.00547	0.00718	0.00854	0.00896	0.00509	0.00569	0.00870	0.01195	0.01585	0.03516	0.73056	0.06916	0.03724	0.00849	0.00260	0.00365	0.01732	0.00574	0.00504
29	0.00863	0.00636	0.00807	0.00764	0.00919	0.00580	0.00573	0.01139	0.01719	0.02393	0.65147	0.04828	0.14685	0.01313	0.00735	0.00198	0.00297	0.01151	0.00672	0.00580
30	0.54629	0.01393	0.01248	0.01033	0.01458	0.01584	0.00852	0.26288	0.01711	0.03189	0.01086	0.01180	0.00809	0.00637	0.00468	0.00191	0.00553	0.00415	0.00468	0.00809
31	0.01433	0.21620	0.48070	0.01547	0.02325	0.01646	0.03649	0.01976	0.01328	0.05258	0.01122	0.01283	0.00838	0.00577	0.00543	0.00176	0.00819	0.00439	0.00295	0.05056
32	0.01328	0.01190	0.01952	0.05240	0.27377	0.01192	0.11284	0.08711	0.01507	0.02058	0.02098	0.24393	0.03716	0.01062	0.00701	0.00215	0.00653	0.04096	0.00438	0.00791
33	0.01169	0.05540	0.44627	0.01542	0.02160	0.01266	0.06291	0.01678	0.01282	0.01860	0.01674	0.19005	0.01600	0.00922	0.00688	0.00209	0.03558	0.00783	0.03351	0.00793
34	0.05519	0.10770	0.08731	0.01172	0.01720	0.01373	0.02456	0.15512	0.04694	0.07470	0.01409	0.01492	0.02495	0.00606	0.00524	0.00147	0.00590	0.00468	0.00439	0.32413
35	0.00775	0.00586	0.00705	0.00771	0.00875	0.00528	0.00535	0.00917	0.01323	0.01714	0.13107	0.41437	0.26844	0.05794	0.00895	0.00251	0.00351	0.01497	0.00581	0.00516

[dist]
# distance from previous block
# <min> <max>
0	1

[block]
# block no. 1 follows, 36 sequences, length 98
# corresponding to MSA columns:
# 109-206
name=unknown_B
#
# <colnr> <probs for GDERKNQSTAVLIFYWHMCP>
#	G	D	E	R	K	N	Q	S	T	A	V	L	I	F	Y	W	H	M	C	P
0	0.08102	0.04911	0.03309	0.01703	0.13541	0.05500	0.04950	0.16803	0.10043	0.13977	0.01810	0.04446	0.03764	0.00749	0.00602	0.00188	0.00647	0.00620	0.00510	0.03825
1	0.02030	0.01488	0.01537	0.01247	0.01650	0.04785	0.01006	0.40700	0.15480	0.06960	0.01806	0.01807	0.01321	0.00759	0.00591	0.00183	0.00593	0.00587	0.14520	0.00949
2	0.00759	0.00542	0.00723	0.00868	0.00904	0.00506	0.00578	0.00868	0.01193	0.01591	0.03434	0.77697	0.04121	0.01952	0.00795	0.00253	0.00361	0.01771	0.00578	0.00506
3	0.01682	0.05410	0.36774	0.01745	0.04829	0.25672	0.03944	0.02135	0.01466	0.04387	0.01119	0.01323	0.00855	0.00739	0.02721	0.00208	0.03383	0.00463	0.00306	0.00839
4	0.03889	0.05090	0.06512	0.09233	0.17052	0.07378	0.07622	0.12693	0.07315	0.12598	0.01485	0.01643	0.01103	0.00766	0.02712	0.00212	0.00776	0.00563	0.00444	0.00913
5	0.01250	0.03223	0.74875	0.01776	0.02697	0.01447	0.02302	0.01973	0.01315	0.01973	0.01118	0.01315	0.00789	0.00592	0.00592	0.00197	0.00921	0.00460	0.00263	0.00921
6	0.00890	0.00668	0.01001	0.01001	0.01113	0.00779	0.00779	0.01113	0.01001	0.01446	0.01669	0.02448	0.01558	0.04673	0.75634	0.01001	0.01669	0.00668	0.00334	0.00556
7	0.01628	0.03310	0.05150	0.03946	0.05593	0.09433	0.01031	0.07746	0.11063	0.14046	0.07282	0.13233	0.08817	0.01048	0.00663	0.00204	0.00592	0.03864	0.00550	0.00802
8	0.23924	0.15691	0.19899	0.01321	0.03418	0.09627	0.01287	0.06778	0.03914	0.04512	0.01106	0.01232	0.00851	0.00603	0.00498	0.00176	0.00714	0.00417	0.00362	0.03670
9	0.01666	0.78478	0.03265	0.01066	0.01599	0.02465	0.01066	0.01866	0.01266	0.01466	0.00866	0.00999	0.00800	0.00533	0.00400	0.00133	0.00666	0.00333	0.00267	0.00800
10	0.03167	0.19495	0.27314	0.01362	0.04452	0.01452	0.01407	0.01940	0.01354	0.10205	0.01379	0.01486	0.03316	0.00601	0.00524	0.00159	0.00681	0.00459	0.00360	0.18887
11	0.00821	0.00634	0.00749	0.00720	0.00894	0.00562	0.00540	0.01058	0.01620	0.02158	0.45659	0.05215	0.34320	0.01401	0.00735	0.00202	0.00303	0.01205	0.00641	0.00562
12	0.00893	0.00657	0.00946	0.00946	0.01038	0.00749	0.00710	0.01077	0.00985	0.01405	0.01719	0.02728	0.01679	0.17284	0.63190	0.00933	0.01486	0.00709	0.00341	0.00526
13	0.01191	0.00934	0.01252	0.04287	0.14006	0.00958	0.00949	0.03874	0.13688	0.04528	0.02895	0.32147	0.09039	0.01295	0.00699	0.00220	0.00481	0.02653	0.04181	0.00723
14	0.01746	0.04055	0.12107	0.04589	0.10270	0.01479	0.09468	0.22478	0.05606	0.09141	0.01734	0.09197	0.01451	0.00823	0.00649	0.00201	0.00712	0.02896	0.00486	0.00912
15	0.01542	0.01480	0.02529	0.03824	0.74217	0.01480	0.01912	0.01912	0.01419	0.02036	0.01172	0.01542	0.00987	0.00555	0.00617	0.00185	0.00740	0.00555	0.00308	0.00987
16	0.01322	0.00741	0.00919	0.00818	0.01070	0.00649	0.00633	0.01550	0.01634	0.20806	0.30255	0.06674	0.27948	0.01269	0.00709	0.00202	0.00364	0.01082	0.00668	0.00686
17	0.01413	0.01629	0.10855	0.08546	0.41623	0.01435	0.14433	0.01835	0.01386	0.01950	0.01412	0.03946	0.03542	0.00648	0.00679	0.00198	0.02620	0.00638	0.00318	0.00894
18	0.01815	0.55492	0.05014	0.01121	0.01625	0.06715	0.01071	0.03574	0.01429	0.11111	0.04976	0.01368	0.01171	0.00617	0.00468	0.00149	0.00666	0.00427	0.00366	0.00827
19	0.00757	0.00550	0.00715	0.00847	0.00898	0.00508	0.00569	0.00870	0.01213	0.01599	0.03687	0.71382	0.10272	0.01919	0.00790	0.00249	0.00357	0.01731	0.00578	0.00508
20	0.11702	0.01424	0.01642	0.01396	0.06138	0.01499	0.01075	0.36620	0.02209	0.24456	0.01693	0.01663	0.01172	0.00870	0.03406	0.00220	0.00656	0.00558	0.00609	0.00992
21	0.08549	0.01693	0.06008	0.02068	0.16472	0.04217	0.14029	0.25199	0.07306	0.06205	0.01423	0.01568	0.01056	0.00652	0.00620	0.00193	0.00751	0.00576	0.00464	0.00949
22	0.01540	0.01490	0.02432	0.08200	0.65659	0.03357	0.01852	0.01953	0.03771	0.02014	0.01207	0.01565	0.01003	0.00571	0.00616	0.00187	0.00747	0.00556	0.00317	0.00962
23	0.00890	0.00668	0.01001	0.01001	0.01113	0.00779	0.00779	0.01113	0.01001	0.01446	0.01669	0.02448	0.01558	0.04673	0.75634	0.01001	0.01669	0.00668	0.00334	0.00556
24	0.01690	0.01649	0.07399	0.17327	0.34109	0.03930	0.01692	0.20226	0.01783	0.02422	0.01233	0.01524	0.00955	0.00624	0.00616	0.00190	0.00769	0.00545	0.00382	0.00935
25	0.03879	0.01034	0.01191	0.01056	0.01252	0.03673	0.00807	0.15889	0.01460	0.06349	0.01665	0.02461	0.01527	0.20633	0.25432	0.00552	0.05765	0.00670	0.04040	0.00665
26	0.00790	0.00632	0.00697	0.00723	0.00893	0.00555	0.00543	0.00955	0.01388	0.01712	0.09437	0.11795	0.51103	0.06896	0.00924	0.00249	0.00368	0.09247	0.00570	0.00523
27	0.01177	0.01107	0.01869	0.76606	0.04291	0.01384	0.01730	0.01592	0.01246	0.01592	0.01107	0.01661	0.00831	0.00623	0.00623	0.00208	0.00831	0.00554	0.00277	0.00692
28	0.01234	0.01166	0.01972	0.65197	0.15252	0.01399	0.01759	0.01642	0.01273	0.01661	0.01118	0.01642	0.00855	0.00612	0.00622	0.00204	0.00816	0.00554	0.00282	0.00738
29	0.01517	0.01289	0.01373	0.01231	0.01569	0.01477	0.00957	0.05298	0.64592	0.02639	0.08787	0.02504	0.02226	0.00880	0.00643	0.00209	0.00482	0.00737	0.00638	0.00953
30	0.01177	0.01107	0.01869	0.76606	0.04291	0.01384	0.01730	0.01592	0.01246	0.01592	0.01107	0.01661	0.00831	0.00623	0.00623	0.00208	0.00831	0.00554	0.00277	0.00692
31	0.01292	0.01107	0.01292	0.00923	0.01477	0.00831	0.00738	0.01569	0.01292	0.02030	0.01107	0.01292	0.00923	0.00461	0.00461	0.00092	0.00461	0.00369	0.00369	0.81912
32	0.01666	0.78478	0.03265	0.01066	0.01599	0.02465	0.01066	0.01866	0.01266	0.01466	0.00866	0.00999	0.00800	0.00533	0.00400	0.00133	0.00666	0.00333	0.00267	0.00800
33	0.82504	0.01205	0.00916	0.00819	0.01205	0.01398	0.00675	0.01832	0.01060	0.02795	0.00868	0.01012	0.00675	0.00578	0.00386	0.00193	0.00482	0.00337	0.00386	0.00675
34	0.02327	0.02970	0.01766	0.01605	0.01926	0.75602	0.01204	0.02488	0.01766	0.01525	0.00963	0.01124	0.00803	0.00642	0.00562	0.00161	0.01124	0.00401	0.00321	0.00722
35	0.01161	0.00581	0.00581	0.00581	0.00726	0.00581	0.00436	0.01452	0.01307	0.02323	0.02033	0.02323	0.01597	0.00726	0.00436	0.00145	0.00290	0.00581	0.81562	0.00581
36	0.00906	0.00604	0.00680	0.00680	0.00680	0.00604	0.00378	0.00906	0.00906	0.01208	0.01963	0.04077	0.02265	0.78103	0.03171	0.00604	0.00604	0.00906	0.00378	0.00378
37	0.00905	0.00610	0.00708	0.00708	0.00718	0.00619	0.00413	0.00924	0.00914	0.01229	0.01937	0.03934	0.02203	0.71637	0.09553	0.00639	0.00698	0.00885	0.00374	0.00393
38	0.01177	0.01107	0.01869	0.76606	0.04291	0.01384	0.01730	0.01592	0.01246	0.01592	0.01107	0.01661	0.00831	0.00623	0.00623	0.00208	0.00831	0.00554	0.00277	0.00692
39	0.09800	0.01098	0.01414	0.01095	0.01569	0.00995	0.00904	0.05407	0.01761	0.65786	0.02284	0.02001	0.01449	0.00753	0.00605	0.00193	0.00531	0.00599	0.00732	0.01026
40	0.00905	0.00606	0.00691	0.00691	0.00695	0.00610	0.00392	0.00914	0.00910	0.01217	0.01952	0.04018	0.02240	0.75443	0.05797	0.00618	0.00643	0.00897	0.00376	0.00384
41	0.15322	0.01434	0.01578	0.01229	0.01704	0.01513	0.01015	0.38195	0.02254	0.26980	0.01712	0.01624	0.01157	0.00728	0.00586	0.00190	0.00602	0.00547	0.00634	0.00998
42	0.00893	0.00657	0.00950	0.00950	0.01043	0.00751	0.00715	0.01080	0.00986	0.01408	0.01716	0.02708	0.01671	0.16414	0.64048	0.00938	0.01499	0.00706	0.00341	0.00528
43	0.09689	0.01162	0.01436	0.01128	0.01591	0.01110	0.00926	0.09479	0.08107	0.55276	0.02234	0.01982	0.01452	0.00758	0.00606	0.00194	0.00537	0.00602	0.00711	0.01020
44	0.03935	0.00847	0.01020	0.01005	0.01150	0.06071	0.00778	0.01217	0.01094	0.01522	0.01999	0.02615	0.07849	0.03967	0.61002	0.00843	0.01468	0.00694	0.00356	0.00570
45	0.00767	0.00552	0.00714	0.00839	0.00885	0.00514	0.00558	0.00872	0.01189	0.01571	0.03527	0.68011	0.08638	0.07017	0.00950	0.00274	0.00375	0.01683	0.00565	0.00499
46	0.01250	0.03223	0.74875	0.01776	0.02697	0.01447	0.02302	0.01973	0.01315	0.01973	0.01118	0.01315	0.00789	0.00592	0.00592	0.00197	0.00921	0.00460	0.00263	0.00921
47	0.01232	0.01158	0.01971	0.18388	0.19614	0.01308	0.09406	0.01556	0.01202	0.01688	0.01277	0.01840	0.01103	0.01896	0.23824	0.00454	0.10434	0.00609	0.00306	0.00737
48	0.00759	0.00542	0.00723	0.00868	0.00904	0.00506	0.00578	0.00868	0.01193	0.01591	0.03434	0.77697	0.04121	0.01952	0.00795	0.00253	0.00361	0.01771	0.00578	0.00506
49	0.00786	0.00626	0.00709	0.00750	0.00899	0.00561	0.00538	0.00995	0.03899	0.01757	0.11256	0.30691	0.41000	0.01655	0.00753	0.00224	0.00336	0.01435	0.00590	0.00541
50	0.10777	0.11309	0.05659	0.05989	0.08223	0.14060	0.02473	0.09528	0.13639	0.02204	0.01440	0.03839	0.01176	0.00840	0.03247	0.00212	0.00746	0.00543	0.03272	0.00823
51	0.02029	0.18789	0.02105	0.01676	0.09606	0.47953	0.01211	0.02225	0.01599	0.01596	0.01117	0.01288	0.02461	0.00633	0.00533	0.00158	0.00940	0.00429	0.02893	0.00759
52	0.01554	0.01488	0.02348	0.09670	0.57951	0.03800	0.01780	0.04400	0.03454	0.02053	0.01200	0.01549	0.00991	0.00587	0.00642	0.00186	0.02351	0.00549	0.00327	0.03118
53	0.01620	0.36641	0.24561	0.01496	0.03655	0.03404	0.05629	0.08225	0.01457	0.03739	0.01069	0.01234	0.00852	0.00598	0.00569	0.00170	0.03464	0.00436	0.00315	0.00867
54	0.01460	0.14711	0.56815	0.01603	0.02422	0.01555	0.01979	0.02057	0.01352	0.08757	0.01206	0.01342	0.00862	0.00600	0.00565	0.00187	0.00844	0.00456	0.00312	0.00915
55	0.00896	0.00646	0.00891	0.00891	0.00965	0.00719	0.00642	0.01042	0.00969	0.01365	0.01770	0.03005	0.01800	0.29780	0.50858	0.00865	0.01305	0.00749	0.00349	0.00495
56	0.01608	0.15885	0.16876	0.01829	0.08770	0.13914	0.14285	0.06106	0.04717	0.01937	0.01575	0.01741	0.06714	0.00673	0.00596	0.00182	0.00835	0.00571	0.00350	0.00837
57	0.04142	0.01682	0.11564	0.16234	0.37262	0.04127	0.01747	0.07009	0.03759	0.04738	0.01249	0.01545	0.00971	0.00607	0.00607	0.00191	0.00766	0.00538	0.00349	0.00913
58	0.00906	0.00604	0.00680	0.00680	0.00680	0.00604	0.00378	0.00906	0.00906	0.01208	0.01963	0.04077	0.02265	0.78103	0.03171	0.00604	0.00604	0.00906	0.00378	0.00378
59	0.01100	0.00977	0.01584	0.30903	0.07638	0.01164	0.03484	0.01400	0.01142	0.01564	0.01406	0.04671	0.01268	0.04608	0.27924	0.00512	0.07037	0.00654	0.00314	0.00651
60	0.01438	0.23290	0.28654	0.04659	0.17398	0.01720	0.05691	0.01941	0.03691	0.01852	0.01183	0.01522	0.00969	0.00609	0.00563	0.00181	0.00792	0.02668	0.00299	0.00880
61	0.00800	0.00622	0.00847	0.00891	0.01002	0.00586	0.03166	0.00956	0.01251	0.01641	0.06313	0.46905	0.19514	0.02126	0.09968	0.00332	0.00534	0.01472	0.00543	0.00532
62	0.04694	0.01013	0.01358	0.01062	0.01501	0.00889	0.00870	0.02781	0.01762	0.64085	0.10974	0.02395	0.02039	0.00826	0.00633	0.00193	0.00501	0.00679	0.00751	0.00993
63	0.01531	0.01989	0.30956	0.03102	0.09867	0.01294	0.01578	0.12312	0.03317	0.09837	0.03145	0.11604	0.01590	0.02370	0.00691	0.00212	0.00714	0.02565	0.00443	0.00881
64	0.04579	0.11204	0.06961	0.02620	0.39400	0.11125	0.01574	0.02144	0.05920	0.06831	0.01265	0.01476	0.01011	0.00599	0.00575	0.00179	0.00754	0.00508	0.00356	0.00919
65	0.02326	0.01704	0.01825	0.01404	0.01890	0.01885	0.01158	0.69659	0.02872	0.03870	0.01515	0.01525	0.01078	0.00747	0.00617	0.00186	0.00672	0.00562	0.03464	0.01043
66	0.01509	0.01447	0.02470	0.10371	0.67927	0.01472	0.01896	0.01883	0.01403	0.01996	0.01166	0.01553	0.00973	0.00561	0.00617	0.00187	0.00748	0.00555	0.00306	0.00960
67	0.01702	0.53972	0.17621	0.01231	0.01832	0.04431	0.01309	0.02010	0.01337	0.08016	0.01061	0.01166	0.00863	0.00569	0.00464	0.00152	0.00721	0.00387	0.00312	0.00845
68	0.04644	0.04161	0.01949	0.08983	0.28323	0.19657	0.01399	0.06922	0.03415	0.04663	0.03985	0.01778	0.04456	0.00686	0.00596	0.00181	0.00769	0.00564	0.02025	0.00843
69	0.00759	0.00542	0.00723	0.00868	0.00904	0.00506	0.00578	0.00868	0.01193	0.01591	0.03434	0.77697	0.04121	0.01952	0.00795	0.00253	0.00361	0.01771	0.00578	0.00506
70	0.00907	0.00688	0.00843	0.00816	0.00977	0.00656	0.00607	0.01291	0.08063	0.02285	0.49569	0.13463	0.14761	0.01359	0.00733	0.00206	0.00323	0.01193	0.00653	0.00605
71	0.02036	0.01820	0.18976	0.01743	0.03725	0.03878	0.19944	0.04853	0.01625	0.32414	0.01724	0.01752	0.01159	0.00656	0.00645	0.00197	0.00787	0.00605	0.00504	0.00957
72	0.00942	0.00589	0.00788	0.00889	0.00965	0.00543	0.00609	0.01063	0.01246	0.08162	0.03346	0.70898	0.03889	0.01846	0.00780	0.00248	0.00377	0.01668	0.00596	0.00556
73	0.72442	0.01381	0.01026	0.00912	0.01296	0.07953	0.00740	0.04522	0.01192	0.02726	0.00899	0.01040	0.00700	0.00590	0.00410	0.00190	0.00546	0.00351	0.00389	0.00693
74	0.00906	0.00604	0.00680	0.00680	0.00680	0.00604	0.00378	0.00906	0.00906	0.01208	0.01963	0.04077	0.02265	0.78103	0.03171	0.00604	0.00604	0.00906	0.00378	0.00378
75	0.01335	0.01179	0.01539	0.01102	0.01662	0.00929	0.07722	0.03269	0.01348	0.02071	0.01132	0.01335	0.00928	0.00474	0.00492	0.00106	0.00524	0.00409	0.00370	0.72074
76	0.01574	0.01601	0.03068	0.09025	0.10363	0.01576	0.46302	0.11914	0.01647	0.02240	0.01267	0.01626	0.00955	0.00567	0.00689	0.00200	0.00929	0.00665	0.00357	0.03436
77	0.00902	0.00602	0.00681	0.00685	0.00686	0.00601	0.00383	0.00905	0.00915	0.01219	0.02007	0.06250	0.02320	0.75856	0.03101	0.00594	0.00597	0.00932	0.00383	0.00381
78	0.01550	0.01338	0.01409	0.01268	0.01620	0.01550	0.00986	0.03311	0.73091	0.02606	0.02536	0.02325	0.01902	0.00845	0.00634	0.00211	0.00493	0.00704	0.00634	0.00986
79	0.00826	0.00613	0.00770	0.00777	0.00908	0.00557	0.00565	0.01051	0.01565	0.02135	0.44883	0.22492	0.17576	0.01491	0.00750	0.00212	0.00314	0.01316	0.00641	0.00557
80	0.01282	0.09045	0.69335	0.01721	0.02612	0.01526	0.02206	0.01965	0.01312	0.01934	0.01099	0.01291	0.00790	0.00587	0.00577	0.00192	0.00901	0.00451	0.00263	0.00911
81	0.01666	0.78478	0.03265	0.01066	0.01599	0.02465	0.01066	0.01866	0.01266	0.01466	0.00866	0.00999	0.00800	0.00533	0.00400	0.00133	0.00666	0.00333	0.00267	0.00800
82	0.00906	0.00604	0.00680	0.00680	0.00680	0.00604	0.00378	0.00906	0.00906	0.01208	0.01963	0.04077	0.02265	0.78103	0.03171	0.00604	0.00604	0.00906	0.00378	0.00378
83	0.01165	0.01072	0.01528	0.01370	0.01417	0.01435	0.01118	0.01337	0.00974	0.01477	0.01174	0.01818	0.01128	0.02592	0.32882	0.00578	0.45412	0.00597	0.00298	0.00629
84	0.01508	0.50018	0.30346	0.01335	0.02014	0.02080	0.01533	0.01906	0.01285	0.01658	0.00961	0.01119	0.00796	0.00555	0.00472	0.00157	0.00763	0.00381	0.00265	0.00845
85	0.01467	0.01262	0.01332	0.01205	0.01539	0.01441	0.00935	0.03060	0.65359	0.02537	0.05475	0.02671	0.07139	0.00913	0.00645	0.00211	0.00473	0.00763	0.00632	0.00939
86	0.00890	0.00611	0.00698	0.00698	0.00725	0.00610	0.00415	0.00920	0.00958	0.01267	0.02325	0.04130	0.08529	0.66142	0.08110	0.00598	0.00654	0.00925	0.00392	0.00403
87	0.00997	0.00715	0.00995	0.01134	0.01279	0.00712	0.00991	0.01281	0.01434	0.01860	0.03375	0.07002	0.05369	0.01718	0.00857	0.00285	0.00567	0.68282	0.00574	0.00573
88	0.01285	0.09576	0.68830	0.01716	0.02604	0.01533	0.02198	0.01964	0.01311	0.01930	0.01097	0.01289	0.00790	0.00587	0.00576	0.00192	0.00899	0.00450	0.00263	0.00911
89	0.00882	0.00637	0.00833	0.00784	0.00931	0.00588	0.00588	0.01176	0.01764	0.02499	0.73888	0.04654	0.05879	0.01274	0.00735	0.00196	0.00294	0.01127	0.00686	0.00588
90	0.00788	0.00618	0.00713	0.00721	0.00881	0.00543	0.00529	0.00983	0.01497	0.01938	0.28264	0.17405	0.39821	0.01539	0.00746	0.00213	0.00316	0.01328	0.00614	0.00543
91	0.06356	0.17536	0.12584	0.09112	0.15698	0.15182	0.08451	0.02042	0.04089	0.01838	0.01100	0.01348	0.00885	0.00587	0.00559	0.00178	0.00835	0.00479	0.00310	0.00831
92	0.01350	0.01313	0.02108	0.40641	0.25253	0.04016	0.05353	0.01784	0.03811	0.01813	0.03898	0.01735	0.01109	0.00641	0.00663	0.00200	0.02613	0.00585	0.00318	0.00797
93	0.00853	0.00633	0.00795	0.00761	0.00915	0.00575	0.00568	0.01118	0.01686	0.02329	0.60035	0.07429	0.17299	0.01349	0.00737	0.00200	0.00300	0.01181	0.00664	0.00575
94	0.51332	0.07352	0.07793	0.03838	0.08030	0.01452	0.00995	0.03781	0.01206	0.02510	0.01020	0.01209	0.00800	0.00590	0.00444	0.00185	0.00563	0.00397	0.05762	0.00739
95	0.12420	0.11143	0.10707	0.04208	0.06269	0.01396	0.06219	0.06502	0.03746	0.02183	0.01134	0.01325	0.00901	0.00550	0.00511	0.00152	0.00634	0.00440	0.00360	0.29200
96	0.17218	0.12242	0.09828	0.01763	0.15494	0.03715	0.06259	0.06270	0.03684	0.06088	0.01453	0.04299	0.03658	0.00692	0.00591	0.00186	0.02607	0.00555	0.00388	0.03011
97	0.14836	0.11294	0.12449	0.01409	0.06624	0.03605	0.01209	0.08113	0.14382	0.11058	0.01485	0.01530	0.01108	0.00666	0.00578	0.00183	0.02568	0.00498	0.00453	0.05952

[dist]
# distance from previous block
# <min> <max>
1	9

[block]
# block no. 2 follows, 36 sequences, length 46
# corresponding to MSA columns:
# 216-261
name=unknown_C
#
# <colnr> <probs for GDERKNQSTAVLIFYWHMCP>
#	G	D	E	R	K	N	Q	S	T	A	V	L	I	F	Y	W	H	M	C	P
0	0.03929	0.01133	0.01381	0.06577	0.01676	0.01166	0.00954	0.19641	0.07320	0.22814	0.17271	0.04627	0.04509	0.00947	0.00658	0.00200	0.00528	0.03153	0.00643	0.00873
1	0.03857	0.01276	0.01977	0.13668	0.13340	0.03808	0.14212	0.09216	0.01486	0.04618	0.01637	0.13297	0.01503	0.01192	0.07329	0.00278	0.03620	0.00775	0.02137	0.00774
2	0.01693	0.13208	0.12291	0.03279	0.06706	0.04319	0.03111	0.06346	0.11167	0.15241	0.03997	0.06585	0.05180	0.00846	0.00615	0.00194	0.00644	0.03218	0.00491	0.00868
3	0.01352	0.16131	0.53489	0.01716	0.02525	0.01640	0.08559	0.01998	0.03523	0.01906	0.01131	0.01326	0.00840	0.00583	0.00573	0.00188	0.00875	0.00471	0.00280	0.00894
4	0.00759	0.00542	0.00723	0.00868	0.00904	0.00506	0.00578	0.00868	0.01193	0.01591	0.03434	0.77697	0.04121	0.01952	0.00795	0.00253	0.00361	0.01771	0.00578	0.00506
5	0.01280	0.01238	0.01737	0.01513	0.01529	0.01702	0.01247	0.01424	0.00960	0.01482	0.00978	0.01607	0.00972	0.04047	0.12827	0.00390	0.63555	0.00575	0.00285	0.00654
6	0.01486	0.08661	0.05937	0.10278	0.46134	0.04063	0.01671	0.01906	0.04735	0.01936	0.03906	0.01707	0.01201	0.02983	0.00678	0.00197	0.00732	0.00563	0.00331	0.00894
7	0.00876	0.00666	0.00929	0.01145	0.07743	0.00633	0.00739	0.01052	0.01318	0.01775	0.12497	0.48484	0.07342	0.03390	0.00828	0.00249	0.00414	0.08791	0.00562	0.00567
8	0.00900	0.00602	0.00681	0.00687	0.00688	0.00600	0.00385	0.00905	0.00917	0.01223	0.02021	0.06950	0.02338	0.75132	0.03079	0.00590	0.00595	0.00940	0.00385	0.00383
9	0.02327	0.02970	0.01766	0.01605	0.01926	0.75602	0.01204	0.02488	0.01766	0.01525	0.00963	0.01124	0.00803	0.00642	0.00562	0.00161	0.01124	0.00401	0.00321	0.00722
10	0.01393	0.16636	0.49658	0.01800	0.09048	0.05306	0.01941	0.01946	0.01341	0.01857	0.01201	0.01388	0.02654	0.00605	0.00562	0.00183	0.00853	0.00465	0.00279	0.00885
11	0.01463	0.01656	0.03574	0.02553	0.03180	0.01544	0.68907	0.01978	0.01463	0.01997	0.01254	0.01664	0.00944	0.00522	0.00724	0.00205	0.01025	0.00720	0.00317	0.04308
12	0.77955	0.01197	0.00946	0.00836	0.01227	0.01370	0.00689	0.01900	0.01102	0.06896	0.00958	0.01075	0.00724	0.00589	0.00399	0.00193	0.00485	0.00354	0.00408	0.00697
13	0.01002	0.00822	0.01170	0.01096	0.01222	0.03101	0.04324	0.01213	0.01045	0.01484	0.01614	0.02458	0.01529	0.11279	0.55355	0.00823	0.06308	0.00676	0.02913	0.00566
14	0.02368	0.01745	0.01870	0.01434	0.01932	0.01932	0.01184	0.72139	0.02929	0.03927	0.01496	0.01496	0.01060	0.00748	0.00623	0.00187	0.00686	0.00561	0.00623	0.01060
15	0.01699	0.74717	0.03190	0.01093	0.01615	0.06109	0.01073	0.01897	0.01291	0.01469	0.00871	0.01006	0.00800	0.00538	0.00408	0.00135	0.00689	0.00337	0.00269	0.00796
16	0.00890	0.00668	0.01001	0.01001	0.01113	0.00779	0.00779	0.01113	0.01001	0.01446	0.01669	0.02448	0.01558	0.04673	0.75634	0.01001	0.01669	0.00668	0.00334	0.00556
17	0.00860	0.00642	0.00796	0.00778	0.00934	0.00586	0.00592	0.01110	0.01621	0.02202	0.48899	0.05166	0.21494	0.04217	0.00837	0.00223	0.00336	0.07506	0.00639	0.00564
18	0.00882	0.00637	0.00833	0.00784	0.00931	0.00588	0.00588	0.01176	0.01764	0.02499	0.73888	0.04654	0.05879	0.01274	0.00735	0.00196	0.00294	0.01127	0.00686	0.00588
19	0.00882	0.00637	0.00833	0.00784	0.00931	0.00588	0.00588	0.01176	0.01764	0.02499	0.73888	0.04654	0.05879	0.01274	0.00735	0.00196	0.00294	0.01127	0.00686	0.00588
20	0.00891	0.00665	0.00988	0.00988	0.01094	0.00771	0.00762	0.01104	0.00997	0.01436	0.01681	0.02517	0.01588	0.07814	0.72534	0.00984	0.01623	0.00678	0.00336	0.00549
21	0.00759	0.00542	0.00723	0.00868	0.00904	0.00506	0.00578	0.00868	0.01193	0.01591	0.03434	0.77697	0.04121	0.01952	0.00795	0.00253	0.00361	0.01771	0.00578	0.00506
22	0.01177	0.01107	0.01869	0.76606	0.04291	0.01384	0.01730	0.01592	0.01246	0.01592	0.01107	0.01661	0.00831	0.00623	0.00623	0.00208	0.00831	0.00554	0.00277	0.00692
23	0.00759	0.00542	0.00723	0.00868	0.00904	0.00506	0.00578	0.00868	0.01193	0.01591	0.03434	0.77697	0.04121	0.01952	0.00795	0.00253	0.00361	0.01771	0.00578	0.00506
24	0.00747	0.00614	0.00657	0.00684	0.00857	0.00524	0.00499	0.00900	0.01388	0.01697	0.08397	0.20266	0.57333	0.01641	0.00748	0.00218	0.00324	0.01399	0.00583	0.00524
25	0.01620	0.01323	0.01411	0.01259	0.01618	0.01514	0.00982	0.03295	0.69058	0.06681	0.02532	0.02313	0.01882	0.00841	0.00634	0.00210	0.00495	0.00700	0.00642	0.00990
26	0.02368	0.01745	0.01870	0.01434	0.01932	0.01932	0.01184	0.72139	0.02929	0.03927	0.01496	0.01496	0.01060	0.00748	0.00623	0.00187	0.00686	0.00561	0.00623	0.01060
27	0.69160	0.01244	0.01115	0.00945	0.01353	0.01401	0.03502	0.05909	0.01233	0.07912	0.01031	0.01144	0.00769	0.00600	0.00430	0.00193	0.00519	0.00386	0.00424	0.00730
28	0.01453	0.01547	0.03019	0.02688	0.19482	0.01578	0.41327	0.01869	0.01371	0.01918	0.01239	0.01786	0.01028	0.00669	0.00930	0.00217	0.13597	0.03128	0.00316	0.00839
29	0.00759	0.00542	0.00723	0.00868	0.00904	0.00506	0.00578	0.00868	0.01193	0.01591	0.03434	0.77697	0.04121	0.01952	0.00795	0.00253	0.00361	0.01771	0.00578	0.00506
30	0.01454	0.01716	0.06077	0.04946	0.03270	0.01565	0.67319	0.01982	0.01458	0.01982	0.01251	0.01667	0.00936	0.00531	0.00727	0.00210	0.01039	0.00720	0.00312	0.00838
31	0.01255	0.01927	0.29053	0.29107	0.13160	0.01376	0.01864	0.01836	0.05140	0.01861	0.01357	0.04177	0.01107	0.00699	0.00626	0.00205	0.00808	0.03300	0.00317	0.00824
32	0.01484	0.32943	0.29280	0.06636	0.06900	0.04593	0.06453	0.01922	0.01325	0.01734	0.01024	0.01244	0.00820	0.00565	0.00527	0.00171	0.00818	0.00438	0.00274	0.00849
33	0.04054	0.01293	0.01944	0.01519	0.03771	0.01257	0.13597	0.11651	0.01795	0.44255	0.01943	0.01872	0.01292	0.00737	0.00737	0.00200	0.05857	0.00624	0.00617	0.00985
34	0.01694	0.58200	0.13168	0.01223	0.01796	0.06796	0.01256	0.06519	0.01413	0.01702	0.00949	0.01084	0.00815	0.00562	0.00451	0.00147	0.00732	0.00370	0.00293	0.00829
35	0.00906	0.00604	0.00680	0.00680	0.00680	0.00604	0.00378	0.00906	0.00906	0.01208	0.01963	0.04077	0.02265	0.78103	0.03171	0.00604	0.00604	0.00906	0.00378	0.00378
36	0.00891	0.00665	0.00989	0.00989	0.01097	0.00772	0.00764	0.01105	0.00998	0.01438	0.01680	0.02508	0.01584	0.07390	0.72953	0.00987	0.01629	0.00676	0.00335	0.00550
37	0.01616	0.01692	0.05685	0.02258	0.02841	0.01593	0.51074	0.16652	0.01757	0.02380	0.01413	0.05415	0.01122	0.00645	0.00710	0.00207	0.00935	0.00741	0.00391	0.00873
38	0.01840	0.02104	0.01677	0.01495	0.01678	0.40003	0.01170	0.02007	0.01417	0.01610	0.01038	0.01353	0.00902	0.00814	0.01084	0.00199	0.28489	0.00475	0.09953	0.00691
39	0.00906	0.00604	0.00680	0.00680	0.00680	0.00604	0.00378	0.00906	0.00906	0.01208	0.01963	0.04077	0.02265	0.78103	0.03171	0.00604	0.00604	0.00906	0.00378	0.00378
40	0.00736	0.00631	0.00631	0.00631	0.00842	0.00526	0.00473	0.00894	0.01420	0.01683	0.06312	0.05996	0.73964	0.01578	0.00736	0.00210	0.00316	0.01315	0.00579	0.00526
41	0.01294	0.11238	0.67249	0.01700	0.02580	0.01555	0.02170	0.01962	0.01310	0.01919	0.01091	0.01282	0.00790	0.00586	0.00571	0.00190	0.00894	0.00447	0.00263	0.00908
42	0.82504	0.01205	0.00916	0.00819	0.01205	0.01398	0.00675	0.01832	0.01060	0.02795	0.00868	0.01012	0.00675	0.00578	0.00386	0.00193	0.00482	0.00337	0.00386	0.00675
43	0.07984	0.19264	0.11692	0.01371	0.01857	0.30649	0.01235	0.06514	0.01591	0.06627	0.01094	0.01211	0.00861	0.00612	0.00520	0.00162	0.00847	0.00412	0.00357	0.05143
44	0.01084	0.00965	0.01560	0.53757	0.03280	0.01172	0.01393	0.01416	0.01180	0.01537	0.01481	0.03906	0.03302	0.08373	0.12708	0.00370	0.00916	0.00655	0.00311	0.00633
45	0.01698	0.01412	0.01492	0.01298	0.01677	0.01619	0.01022	0.15754	0.60407	0.02845	0.02348	0.02175	0.01750	0.00828	0.00632	0.00207	0.00528	0.00678	0.00632	0.00999

[dist]
# distance from previous block
# <min> <max>
0	1

[block]
# block no. 3 follows, 36 sequences, length 13
# corresponding to MSA columns:
# 263-275
name=unknown_D
#
# <colnr> <probs for GDERKNQSTAVLIFYWHMCP>
#	G	D	E	R	K	N	Q	S	T	A	V	L	I	F	Y	W	H	M	C	P
0	0.00831	0.00630	0.00768	0.00763	0.00919	0.00567	0.00573	0.01064	0.01584	0.02123	0.42330	0.12337	0.26807	0.01458	0.00748	0.00211	0.00322	0.04771	0.00636	0.00560
1	0.01577	0.01628	0.17554	0.01352	0.03913	0.01265	0.03177	0.15197	0.13418	0.10729	0.07794	0.02736	0.15122	0.00913	0.00651	0.00199	0.00603	0.00756	0.00541	0.00876
2	0.01617	0.39024	0.32606	0.01363	0.02051	0.01877	0.01560	0.02037	0.01343	0.09626	0.01143	0.01252	0.00876	0.00583	0.00504	0.00166	0.00757	0.00418	0.00320	0.00878
3	0.00906	0.00604	0.00680	0.00680	0.00680	0.00604	0.00378	0.00906	0.00906	0.01208	0.01963	0.04077	0.02265	0.78103	0.03171	0.00604	0.00604	0.00906	0.00378	0.00378
4	0.01164	0.00667	0.00791	0.12979	0.01307	0.00712	0.00647	0.01475	0.01297	0.02204	0.01882	0.02215	0.01472	0.00709	0.00466	0.00155	0.00378	0.00576	0.68307	0.00599
5	0.01357	0.01342	0.01964	0.11269	0.09067	0.01801	0.01463	0.01551	0.01036	0.01563	0.00889	0.01418	0.00836	0.00979	0.01726	0.00256	0.59944	0.00547	0.00277	0.00713
6	0.01437	0.01596	0.03394	0.02642	0.10060	0.01505	0.60999	0.01923	0.01450	0.01976	0.01377	0.06039	0.01132	0.00610	0.00727	0.00210	0.00980	0.00777	0.00330	0.00835
7	0.01181	0.02741	0.61075	0.01591	0.02368	0.01287	0.01983	0.01825	0.01399	0.02071	0.14681	0.01938	0.01738	0.00719	0.00619	0.00197	0.00804	0.00585	0.00342	0.00859
8	0.00882	0.00664	0.00819	0.00775	0.00942	0.00615	0.00583	0.01210	0.04589	0.02351	0.58403	0.04810	0.18407	0.01313	0.00731	0.00199	0.00306	0.01145	0.00664	0.00592
9	0.01154	0.02740	0.61038	0.01563	0.02351	0.01275	0.01961	0.01772	0.01335	0.01919	0.02086	0.02188	0.14427	0.00776	0.00619	0.00200	0.00808	0.00620	0.00322	0.00847
10	0.01292	0.01107	0.01292	0.00923	0.01477	0.00831	0.00738	0.01569	0.01292	0.02030	0.01107	0.01292	0.00923	0.00461	0.00461	0.00092	0.00461	0.00369	0.00369	0.81912
11	0.00954	0.00701	0.00935	0.01051	0.01207	0.00682	0.00905	0.01217	0.01432	0.01831	0.03860	0.06836	0.16702	0.01694	0.00837	0.00273	0.00526	0.57218	0.00575	0.00565
12	0.01015	0.00785	0.01037	0.01011	0.01153	0.00901	0.00768	0.01497	0.14425	0.01633	0.01867	0.02628	0.01710	0.13096	0.52640	0.00805	0.01317	0.00704	0.00395	0.00614

[dist]
# distance from previous block
# <min> <max>
0	6

[block]
# block no. 4 follows, 36 sequences, length 23
# corresponding to MSA columns:
# 282-304
name=unknown_E
#
# <colnr> <probs for GDERKNQSTAVLIFYWHMCP>
#	G	D	E	R	K	N	Q	S	T	A	V	L	I	F	Y	W	H	M	C	P
0	0.01305	0.01285	0.01795	0.01562	0.01566	0.01774	0.01288	0.01439	0.00977	0.01508	0.01068	0.08656	0.01133	0.01173	0.01925	0.00271	0.69645	0.00662	0.00302	0.00665
1	0.00753	0.00629	0.00636	0.00636	0.00826	0.00533	0.00464	0.00895	0.01371	0.01638	0.05896	0.05813	0.67114	0.08889	0.00969	0.00248	0.00343	0.01276	0.00559	0.00512
2	0.00808	0.00636	0.00670	0.00686	0.00883	0.00553	0.00531	0.00993	0.01411	0.01765	0.05554	0.05765	0.58888	0.01513	0.00722	0.00213	0.00343	0.09213	0.08315	0.00537
3	0.02755	0.01126	0.01486	0.01140	0.01623	0.01013	0.00941	0.09638	0.01893	0.67892	0.02366	0.02061	0.01496	0.00769	0.00626	0.00192	0.00545	0.00620	0.00757	0.01060
4	0.01193	0.00693	0.00908	0.00940	0.01111	0.00634	0.00722	0.01375	0.01393	0.15371	0.03663	0.36445	0.14266	0.01621	0.00769	0.00243	0.00434	0.16977	0.00614	0.00628
5	0.01797	0.01194	0.01259	0.01030	0.01361	0.01292	0.00830	0.38653	0.02161	0.03167	0.01750	0.01888	0.01314	0.00738	0.00534	0.00167	0.00498	0.00570	0.38966	0.00833
6	0.02256	0.01520	0.01614	0.01307	0.01748	0.06470	0.01054	0.28721	0.22206	0.23303	0.02023	0.01879	0.01415	0.00775	0.00623	0.00194	0.00617	0.00609	0.00648	0.01017
7	0.02795	0.01060	0.01446	0.01109	0.01591	0.00916	0.00916	0.03036	0.01783	0.74648	0.02458	0.02121	0.01542	0.00771	0.00627	0.00193	0.00530	0.00627	0.00771	0.01060
8	0.00779	0.00557	0.00744	0.00875	0.00924	0.00522	0.00599	0.00909	0.01244	0.01666	0.08326	0.69336	0.04218	0.01894	0.00794	0.00251	0.00367	0.04896	0.00586	0.00515
9	0.35516	0.04017	0.04788	0.04127	0.03629	0.30899	0.01067	0.05834	0.01473	0.02215	0.00967	0.01134	0.00768	0.00613	0.00493	0.00179	0.00792	0.00394	0.00358	0.00737
10	0.01434	0.00945	0.01122	0.01005	0.01275	0.00974	0.00784	0.02222	0.26195	0.14040	0.32183	0.03421	0.03541	0.01036	0.00673	0.00201	0.00409	0.03232	0.04508	0.00799
11	0.71651	0.01228	0.00954	0.00849	0.01224	0.03973	0.00693	0.01892	0.01132	0.06129	0.01007	0.01137	0.00768	0.00597	0.00406	0.00189	0.00497	0.00366	0.04617	0.00690
12	0.00894	0.00633	0.00805	0.00762	0.00912	0.00584	0.00571	0.01180	0.01714	0.02444	0.65382	0.04562	0.09117	0.01251	0.00714	0.00193	0.00295	0.01099	0.06303	0.00584
13	0.01188	0.01130	0.01939	0.73731	0.04251	0.01392	0.04459	0.01608	0.01255	0.01608	0.01113	0.01662	0.00835	0.00619	0.00627	0.00208	0.00839	0.00561	0.00278	0.00698
14	0.00882	0.00637	0.00833	0.00784	0.00931	0.00588	0.00588	0.01176	0.01764	0.02499	0.73888	0.04654	0.05879	0.01274	0.00735	0.00196	0.00294	0.01127	0.00686	0.00588
15	0.01204	0.01693	0.22678	0.27646	0.15998	0.01268	0.01709	0.01671	0.01382	0.01922	0.12246	0.02152	0.04341	0.00735	0.00634	0.00199	0.00740	0.00642	0.00351	0.00790
16	0.00890	0.00668	0.01001	0.01001	0.01113	0.00779	0.00779	0.01113	0.01001	0.01446	0.01669	0.02448	0.01558	0.04673	0.75634	0.01001	0.01669	0.00668	0.00334	0.00556
17	0.00986	0.00704	0.00983	0.01126	0.01262	0.00701	0.00972	0.01259	0.01416	0.01844	0.03309	0.12325	0.03626	0.01738	0.00856	0.00284	0.00558	0.64907	0.00574	0.00569
18	0.01666	0.78478	0.03265	0.01066	0.01599	0.02465	0.01066	0.01866	0.01266	0.01466	0.00866	0.00999	0.00800	0.00533	0.00400	0.00133	0.00666	0.00333	0.00267	0.00800
19	0.01177	0.01107	0.01869	0.76606	0.04291	0.01384	0.01730	0.01592	0.01246	0.01592	0.01107	0.01661	0.00831	0.00623	0.00623	0.00208	0.00831	0.00554	0.00277	0.00692
20	0.72671	0.01221	0.00976	0.00874	0.01255	0.01416	0.00713	0.02011	0.09809	0.02772	0.01070	0.01172	0.00824	0.00611	0.00416	0.00195	0.00483	0.00382	0.00416	0.00713
21	0.01959	0.19483	0.20322	0.01381	0.01947	0.14658	0.01366	0.05702	0.06806	0.18413	0.01459	0.01475	0.01059	0.00654	0.00556	0.00176	0.00768	0.00482	0.00434	0.00901
22	0.50876	0.01486	0.03164	0.01084	0.01465	0.07484	0.00905	0.11822	0.03081	0.05574	0.01068	0.01201	0.00817	0.00664	0.00592	0.00197	0.06920	0.00414	0.00422	0.00762

[dist]
# distance from previous block
# <min> <max>
0	1

[block]
# block no. 5 follows, 36 sequences, length 11
# corresponding to MSA columns:
# 306-316
name=unknown_F
#
# <colnr> <probs for GDERKNQSTAVLIFYWHMCP>
#	G	D	E	R	K	N	Q	S	T	A	V	L	I	F	Y	W	H	M	C	P
0	0.01490	0.02260	0.33173	0.01866	0.02532	0.01544	0.20443	0.12629	0.08220	0.02304	0.01419	0.04328	0.01097	0.00686	0.00691	0.00205	0.03208	0.00622	0.00377	0.00904
1	0.00991	0.00653	0.00844	0.00785	0.00947	0.00603	0.00592	0.01282	0.01732	0.05859	0.65467	0.04371	0.05373	0.01212	0.00709	0.00192	0.00305	0.01065	0.06410	0.00609
2	0.01198	0.01044	0.01293	0.01492	0.14705	0.01081	0.00967	0.01975	0.26683	0.02114	0.05926	0.03922	0.27168	0.01133	0.00688	0.00212	0.00477	0.06590	0.00551	0.00779
3	0.02452	0.01463	0.14633	0.01237	0.01791	0.01044	0.01168	0.02860	0.05446	0.57809	0.02221	0.01987	0.01426	0.00743	0.00621	0.00195	0.00598	0.00601	0.00673	0.01031
4	0.01363	0.01363	0.01908	0.01636	0.01636	0.01908	0.01363	0.01499	0.00954	0.01499	0.00818	0.01363	0.00818	0.01091	0.02045	0.00273	0.76963	0.00545	0.00273	0.00682
5	0.01634	0.72804	0.08664	0.01120	0.01682	0.02389	0.01159	0.01874	0.01270	0.01504	0.00885	0.01023	0.00799	0.00537	0.00414	0.00138	0.00686	0.00343	0.00266	0.00809
6	0.00884	0.00595	0.00686	0.00708	0.00714	0.00589	0.00408	0.00900	0.00950	0.01266	0.02187	0.15274	0.02547	0.66522	0.02810	0.00551	0.00567	0.01038	0.00408	0.00397
7	0.01292	0.01107	0.01292	0.00923	0.01477	0.00831	0.00738	0.01569	0.01292	0.02030	0.01107	0.01292	0.00923	0.00461	0.00461	0.00092	0.00461	0.00369	0.00369	0.81912
8	0.01311	0.14382	0.64257	0.01671	0.02534	0.01598	0.02119	0.01957	0.01308	0.01898	0.01081	0.01269	0.00791	0.00583	0.00563	0.00188	0.00883	0.00442	0.00264	0.00903
9	0.72995	0.05693	0.01109	0.00871	0.01272	0.01492	0.00728	0.06087	0.01185	0.02787	0.00905	0.01041	0.00705	0.00586	0.00401	0.00189	0.00505	0.00351	0.00393	0.00705
10	0.01742	0.01185	0.01422	0.01159	0.01504	0.01250	0.05323	0.24267	0.12532	0.09933	0.09319	0.02314	0.01894	0.04020	0.00707	0.00201	0.00531	0.00677	0.19174	0.00848

[dist]
# distance from previous block
# <min> <max>
0	5

[block]
# block no. 6 follows, 36 sequences, length 18
# corresponding to MSA columns:
# 322-339
name=unknown_G
#
# <colnr> <probs for GDERKNQSTAVLIFYWHMCP>
#	G	D	E	R	K	N	Q	S	T	A	V	L	I	F	Y	W	H	M	C	P
0	0.01574	0.05860	0.08138	0.03634	0.07272	0.10924	0.01185	0.08895	0.20290	0.02186	0.01932	0.04156	0.06667	0.00796	0.00665	0.00185	0.04309	0.00624	0.00451	0.10255
1	0.01335	0.01084	0.01270	0.00918	0.01454	0.00821	0.00735	0.01605	0.01320	0.05283	0.01396	0.01535	0.04147	0.00524	0.00481	0.00102	0.00458	0.00422	0.00396	0.74712
2	0.01832	0.04724	0.01775	0.08335	0.13137	0.06908	0.03228	0.10915	0.05497	0.17874	0.01766	0.09285	0.01452	0.00894	0.02614	0.00208	0.00681	0.00672	0.00495	0.07711
3	0.00847	0.00636	0.00784	0.00747	0.00909	0.00573	0.00560	0.01108	0.01681	0.02303	0.57670	0.04976	0.22219	0.01347	0.00735	0.00199	0.00299	0.01172	0.00660	0.00573
4	0.01201	0.01103	0.01508	0.01331	0.01341	0.01467	0.01055	0.01311	0.00946	0.01420	0.01192	0.02162	0.01259	0.21193	0.09252	0.00426	0.50287	0.00649	0.00305	0.00592
5	0.00759	0.00542	0.00723	0.00868	0.00904	0.00506	0.00578	0.00868	0.01193	0.01591	0.03434	0.77697	0.04121	0.01952	0.00795	0.00253	0.00361	0.01771	0.00578	0.00506
6	0.00755	0.00559	0.00705	0.00823	0.00892	0.00510	0.00558	0.00873	0.01236	0.01608	0.03982	0.64033	0.17430	0.01881	0.00784	0.00245	0.00353	0.01684	0.00578	0.00510
