[name]
unknown

[dist]
# distance from previous block
# <min> <max>
0	435

[block]
# block no. 0 follows, 27 sequences, length 34
# corresponding to MSA columns:
# 474-507
name=unknown_A
#
# <colnr> <probs for GDERKNQSTAVLIFYWHMCP>
#	G	D	E	R	K	N	Q	S	T	A	V	L	I	F	Y	W	H	M	C	P
0	0.01162	0.00832	0.01148	0.01265	0.01437	0.00818	0.01079	0.01506	0.01801	0.02400	0.19237	0.07707	0.04916	0.01925	0.00990	0.00316	0.00605	0.49451	0.00715	0.00688
1	0.01488	0.01407	0.02382	0.58795	0.17773	0.01672	0.02104	0.01972	0.01525	0.02001	0.01335	0.01951	0.01026	0.00726	0.00741	0.00242	0.00968	0.00660	0.00337	0.00894
2	0.01489	0.03840	0.70064	0.02116	0.03213	0.01724	0.02743	0.02351	0.01567	0.02351	0.01332	0.01567	0.00940	0.00705	0.00705	0.00235	0.01097	0.00549	0.00313	0.01097
3	0.01196	0.00854	0.01196	0.01367	0.01538	0.00854	0.01196	0.01538	0.01709	0.02222	0.03931	0.08374	0.04272	0.02051	0.01025	0.00342	0.00684	0.64283	0.00684	0.00684
4	0.01489	0.03840	0.70064	0.02116	0.03213	0.01724	0.02743	0.02351	0.01567	0.02351	0.01332	0.01567	0.00940	0.00705	0.00705	0.00235	0.01097	0.00549	0.00313	0.01097
5	0.01402	0.01319	0.02227	0.72126	0.05113	0.01649	0.02062	0.01897	0.01484	0.01897	0.01319	0.01979	0.00990	0.00742	0.00742	0.00247	0.00990	0.00660	0.00330	0.00825
6	0.01402	0.01319	0.02227	0.72126	0.05113	0.01649	0.02062	0.01897	0.01484	0.01897	0.01319	0.01979	0.00990	0.00742	0.00742	0.00247	0.00990	0.00660	0.00330	0.00825
7	0.01804	0.01730	0.02953	0.09713	0.64383	0.01755	0.02262	0.02249	0.01675	0.02385	0.01391	0.01848	0.01162	0.00668	0.00735	0.00223	0.00890	0.00661	0.00365	0.01149
8	0.01402	0.01319	0.02227	0.72126	0.05113	0.01649	0.02062	0.01897	0.01484	0.01897	0.01319	0.01979	0.00990	0.00742	0.00742	0.00247	0.00990	0.00660	0.00330	0.00825
9	0.01051	0.00759	0.00992	0.00934	0.01109	0.00700	0.00700	0.01401	0.02101	0.02977	0.68888	0.05545	0.07005	0.01518	0.00876	0.00233	0.00350	0.01343	0.00817	0.00700
10	0.01630	0.03643	0.64849	0.02055	0.03112	0.01676	0.02617	0.02448	0.01610	0.07498	0.01454	0.01641	0.01009	0.00722	0.00708	0.00235	0.01062	0.00564	0.00360	0.01110
11	0.01917	0.01051	0.01380	0.01308	0.01636	0.01002	0.01106	0.06706	0.01973	0.22654	0.06299	0.05943	0.09011	0.01595	0.00903	0.00288	0.00638	0.32935	0.00764	0.00894
12	0.01012	0.00793	0.00939	0.01005	0.01220	0.00721	0.00822	0.01268	0.01716	0.02133	0.08729	0.07565	0.40558	0.01932	0.00936	0.00286	0.00497	0.26522	0.00693	0.00653
13	0.01182	0.00850	0.01176	0.01339	0.01514	0.00844	0.01168	0.01517	0.01708	0.02212	0.04093	0.08318	0.07192	0.02043	0.01019	0.00338	0.00670	0.61453	0.00684	0.00681
14	0.22305	0.08165	0.02000	0.01611	0.02020	0.38276	0.01271	0.07106	0.01872	0.02400	0.01142	0.01344	0.00940	0.00782	0.00730	0.00210	0.06054	0.00478	0.00419	0.00878
15	0.02822	0.02079	0.02228	0.01708	0.02302	0.02302	0.01411	0.66804	0.03490	0.04679	0.01782	0.01782	0.01262	0.00891	0.00743	0.00223	0.00817	0.00668	0.00743	0.01262
16	0.01586	0.01507	0.02559	0.43547	0.32253	0.01698	0.02153	0.02058	0.01572	0.02120	0.01352	0.01919	0.01068	0.00708	0.00739	0.00236	0.00944	0.00660	0.00346	0.00973
17	0.00922	0.00667	0.00875	0.01026	0.01094	0.00620	0.00704	0.01074	0.01480	0.01962	0.06991	0.63415	0.09115	0.02251	0.00943	0.00297	0.00435	0.04823	0.00694	0.00612
18	0.01080	0.00720	0.00810	0.00810	0.00810	0.00720	0.00450	0.01080	0.01080	0.01439	0.02339	0.04858	0.02699	0.73910	0.03779	0.00720	0.00720	0.01080	0.00450	0.00450
19	0.01402	0.01319	0.02227	0.72126	0.05113	0.01649	0.02062	0.01897	0.01484	0.01897	0.01319	0.01979	0.00990	0.00742	0.00742	0.00247	0.00990	0.00660	0.00330	0.00825
20	0.01489	0.03840	0.70064	0.02116	0.03213	0.01724	0.02743	0.02351	0.01567	0.02351	0.01332	0.01567	0.00940	0.00705	0.00705	0.00235	0.01097	0.00549	0.00313	0.01097
21	0.01489	0.03840	0.70064	0.02116	0.03213	0.01724	0.02743	0.02351	0.01567	0.02351	0.01332	0.01567	0.00940	0.00705	0.00705	0.00235	0.01097	0.00549	0.00313	0.01097
22	0.00904	0.00646	0.00861	0.01034	0.01077	0.00603	0.00689	0.01034	0.01421	0.01895	0.04092	0.73426	0.04910	0.02326	0.00948	0.00301	0.00431	0.02110	0.00689	0.00603
23	0.01489	0.03840	0.70064	0.02116	0.03213	0.01724	0.02743	0.02351	0.01567	0.02351	0.01332	0.01567	0.00940	0.00705	0.00705	0.00235	0.01097	0.00549	0.00313	0.01097
24	0.01402	0.01319	0.02227	0.72126	0.05113	0.01649	0.02062	0.01897	0.01484	0.01897	0.01319	0.01979	0.00990	0.00742	0.00742	0.00247	0.00990	0.00660	0.00330	0.00825
25	0.00877	0.00752	0.00752	0.00752	0.01003	0.00627	0.00564	0.01065	0.01692	0.02005	0.07520	0.07144	0.68978	0.01880	0.00877	0.00251	0.00376	0.01567	0.00689	0.00627
26	0.00942	0.00755	0.00842	0.00820	0.01042	0.00654	0.00615	0.01190	0.01845	0.02367	0.30377	0.06549	0.45896	0.01745	0.00877	0.00244	0.00366	0.01483	0.00737	0.00654
27	0.01674	0.30104	0.45417	0.01801	0.02726	0.02176	0.02194	0.02303	0.01545	0.02126	0.01220	0.01427	0.00945	0.00679	0.00620	0.00207	0.00984	0.00492	0.00315	0.01043
28	0.13119	0.01627	0.01686	0.01440	0.01885	0.01832	0.01144	0.23925	0.29766	0.03560	0.05239	0.07378	0.02121	0.01040	0.00728	0.00242	0.00639	0.00833	0.00707	0.01089
29	0.02053	0.01861	0.03873	0.02784	0.03501	0.01727	0.54086	0.02615	0.01823	0.15242	0.01774	0.02103	0.01262	0.00682	0.00851	0.00246	0.01133	0.00851	0.00479	0.01051
30	0.01146	0.00884	0.01287	0.14757	0.02078	0.00931	0.01203	0.01455	0.01590	0.02065	0.03614	0.24258	0.06323	0.01867	0.00945	0.00310	0.00663	0.33318	0.00618	0.00687
31	0.01806	0.10225	0.07933	0.18857	0.37089	0.01912	0.02082	0.07116	0.01751	0.02395	0.01362	0.01770	0.01097	0.00697	0.00705	0.00221	0.00907	0.00623	0.00378	0.01072
32	0.13485	0.37508	0.19742	0.01504	0.02207	0.07608	0.01586	0.04980	0.01614	0.02261	0.01147	0.01323	0.00941	0.00681	0.00557	0.00194	0.00879	0.00453	0.00360	0.00972
33	0.79154	0.01436	0.01091	0.00976	0.01436	0.01665	0.00804	0.02182	0.01263	0.03331	0.01034	0.01206	0.00804	0.00689	0.00459	0.00230	0.00574	0.00402	0.00459	0.00804

[dist]
# distance from previous block
# <min> <max>
0	5

[block]
# block no. 1 follows, 27 sequences, length 13
# corresponding to MSA columns:
# 513-525
name=unknown_B
#
# <colnr> <probs for GDERKNQSTAVLIFYWHMCP>
#	G	D	E	R	K	N	Q	S	T	A	V	L	I	F	Y	W	H	M	C	P
0	0.59114	0.01692	0.01350	0.01173	0.01642	0.07137	0.00952	0.10791	0.05175	0.03378	0.01246	0.01375	0.00954	0.00738	0.00529	0.00227	0.00666	0.00466	0.00506	0.00888
1	0.00893	0.00691	0.00815	0.00914	0.01045	0.00613	0.00636	0.01047	0.01536	0.01942	0.05547	0.45289	0.32107	0.02137	0.00918	0.00280	0.00407	0.01880	0.00689	0.00613
2	0.00930	0.00661	0.00876	0.01038	0.01085	0.00623	0.00701	0.01063	0.01416	0.01885	0.03981	0.66037	0.04747	0.06504	0.01117	0.00328	0.00461	0.05273	0.00675	0.00598
3	0.01752	0.02003	0.04380	0.03129	0.03880	0.01877	0.66583	0.02378	0.01752	0.02378	0.01502	0.02003	0.01126	0.00626	0.00876	0.00250	0.01252	0.00876	0.00375	0.01001
4	0.01752	0.02003	0.04380	0.03129	0.03880	0.01877	0.66583	0.02378	0.01752	0.02378	0.01502	0.02003	0.01126	0.00626	0.00876	0.00250	0.01252	0.00876	0.00375	0.01001
5	0.00886	0.00717	0.00788	0.00846	0.01027	0.00619	0.00606	0.01055	0.01602	0.01969	0.06382	0.29148	0.47710	0.02028	0.00901	0.00268	0.00394	0.01747	0.00689	0.00619
6	0.02705	0.02071	0.02464	0.01864	0.02475	0.02256	0.08568	0.59729	0.03300	0.04426	0.01752	0.01807	0.01248	0.00862	0.00757	0.00226	0.00865	0.00691	0.00702	0.01234
7	0.01904	0.62936	0.14607	0.01407	0.02117	0.02741	0.01509	0.02244	0.01518	0.01844	0.01081	0.01252	0.00951	0.00646	0.00513	0.00171	0.00843	0.00422	0.00317	0.00976
8	0.01103	0.00821	0.01066	0.01176	0.01368	0.00784	0.00996	0.01405	0.01733	0.02220	0.09556	0.07850	0.21275	0.01968	0.00976	0.00310	0.00580	0.43447	0.00695	0.00670
9	0.01152	0.00826	0.01135	0.01236	0.01408	0.00808	0.01046	0.01497	0.01828	0.02450	0.23562	0.07519	0.05098	0.01890	0.00980	0.00309	0.00583	0.45261	0.00724	0.00689
10	0.79154	0.01436	0.01091	0.00976	0.01436	0.01665	0.00804	0.02182	0.01263	0.03331	0.01034	0.01206	0.00804	0.00689	0.00459	0.00230	0.00574	0.00402	0.00459	0.00804
11	0.10045	0.00955	0.01172	0.01059	0.01355	0.00908	0.00840	0.01882	0.01896	0.14155	0.35857	0.04588	0.06771	0.01527	0.03952	0.00281	0.00538	0.07187	0.00742	0.04289
12	0.01990	0.01806	0.02547	0.01880	0.02525	0.09153	0.21770	0.04778	0.01807	0.09823	0.01552	0.01781	0.01179	0.00651	0.00695	0.00181	0.00879	0.00624	0.00477	0.33900

[dist]
# distance from previous block
# <min> <max>
1	4

[block]
# block no. 2 follows, 27 sequences, length 50
# corresponding to MSA columns:
# 530-579
name=unknown_C
#
# <colnr> <probs for GDERKNQSTAVLIFYWHMCP>
#	G	D	E	R	K	N	Q	S	T	A	V	L	I	F	Y	W	H	M	C	P
0	0.01456	0.01370	0.02305	0.21877	0.10052	0.01543	0.12933	0.01778	0.01386	0.01894	0.01587	0.02709	0.01504	0.21061	0.01875	0.00388	0.12306	0.00813	0.00374	0.00787
1	0.02093	0.01880	0.01625	0.01409	0.01776	0.20557	0.01093	0.15358	0.05936	0.08139	0.22906	0.03360	0.08469	0.01137	0.00775	0.00222	0.00755	0.00911	0.00676	0.00922
2	0.56589	0.01518	0.01333	0.01144	0.01624	0.01722	0.00936	0.10252	0.08609	0.08056	0.01464	0.01531	0.01084	0.00763	0.00544	0.00231	0.00609	0.00504	0.00556	0.00930
3	0.02709	0.02768	0.02150	0.01822	0.02253	0.37890	0.01431	0.25715	0.02515	0.05233	0.01422	0.01564	0.01098	0.00863	0.00854	0.00216	0.07387	0.00571	0.00525	0.01014
4	0.01163	0.00801	0.01082	0.01066	0.01250	0.00771	0.00842	0.01500	0.01923	0.05052	0.45800	0.05750	0.05700	0.02040	0.08385	0.00358	0.00605	0.14451	0.00748	0.00713
5	0.01080	0.00720	0.00810	0.00810	0.00810	0.00720	0.00450	0.01080	0.01080	0.01439	0.02339	0.04858	0.02699	0.73910	0.03779	0.00720	0.00720	0.01080	0.00450	0.00450
6	0.01715	0.01639	0.02791	0.23618	0.51178	0.01732	0.02217	0.02171	0.01632	0.02276	0.01375	0.01877	0.01123	0.00684	0.00737	0.00228	0.00912	0.00661	0.00357	0.01077
7	0.15108	0.02464	0.01944	0.01636	0.02119	0.28455	0.01292	0.25448	0.04670	0.07757	0.01538	0.01603	0.01144	0.00816	0.00670	0.00213	0.00958	0.00563	0.00571	0.01031
8	0.02812	0.01961	0.02138	0.01654	0.02234	0.02143	0.01361	0.55945	0.07562	0.11526	0.01986	0.01926	0.01390	0.00902	0.00744	0.00225	0.00782	0.00688	0.00762	0.01257
9	0.02678	0.03214	0.02068	0.01853	0.02257	0.58071	0.01405	0.08171	0.09242	0.02183	0.01398	0.01527	0.01121	0.00801	0.00684	0.00200	0.01217	0.00532	0.00451	0.00926
10	0.01384	0.00692	0.00692	0.00692	0.00865	0.00692	0.00519	0.01730	0.01557	0.02768	0.02422	0.02768	0.01903	0.00865	0.00519	0.00173	0.00346	0.00692	0.78031	0.00692
11	0.01067	0.00769	0.01019	0.01009	0.01177	0.00720	0.00780	0.01404	0.02003	0.02800	0.55107	0.09452	0.06457	0.01645	0.00903	0.00254	0.00408	0.11544	0.00789	0.00693
12	0.01065	0.00831	0.01085	0.01035	0.01237	0.00778	0.02997	0.01453	0.05471	0.02576	0.38509	0.16531	0.18298	0.01676	0.00886	0.00253	0.00423	0.03440	0.00749	0.00706
13	0.01539	0.01319	0.01539	0.01100	0.01759	0.00990	0.00880	0.01869	0.01539	0.02419	0.01319	0.01539	0.01100	0.00550	0.00550	0.00110	0.00550	0.00440	0.00440	0.78449
14	0.00877	0.00752	0.00752	0.00752	0.01003	0.00627	0.00564	0.01065	0.01692	0.02005	0.07520	0.07144	0.68978	0.01880	0.00877	0.00251	0.00376	0.01567	0.00689	0.00627
15	0.02773	0.03538	0.02104	0.01913	0.02295	0.70930	0.01434	0.02964	0.02104	0.01817	0.01148	0.01339	0.00956	0.00765	0.00669	0.00191	0.01339	0.00478	0.00383	0.00861
16	0.01985	0.74357	0.03890	0.01270	0.01905	0.02937	0.01270	0.02223	0.01508	0.01747	0.01032	0.01191	0.00953	0.00635	0.00476	0.00159	0.00794	0.00397	0.00318	0.00953
17	0.00877	0.00752	0.00752	0.00752	0.01003	0.00627	0.00564	0.01065	0.01692	0.02005	0.07520	0.07144	0.68978	0.01880	0.00877	0.00251	0.00376	0.01567	0.00689	0.00627
18	0.01402	0.01319	0.02227	0.72126	0.05113	0.01649	0.02062	0.01897	0.01484	0.01897	0.01319	0.01979	0.00990	0.00742	0.00742	0.00247	0.00990	0.00660	0.00330	0.00825
19	0.79154	0.01436	0.01091	0.00976	0.01436	0.01665	0.00804	0.02182	0.01263	0.03331	0.01034	0.01206	0.00804	0.00689	0.00459	0.00230	0.00574	0.00402	0.00459	0.00804
20	0.01040	0.00765	0.00978	0.00944	0.01128	0.00703	0.00721	0.01369	0.02020	0.02798	0.56284	0.05960	0.14563	0.01603	0.00887	0.00244	0.00379	0.06132	0.00791	0.00690
21	0.01489	0.03840	0.70064	0.02116	0.03213	0.01724	0.02743	0.02351	0.01567	0.02351	0.01332	0.01567	0.00940	0.00705	0.00705	0.00235	0.01097	0.00549	0.00313	0.01097
22	0.02924	0.01915	0.02126	0.01630	0.02220	0.02059	0.01347	0.54106	0.03216	0.17764	0.02013	0.01932	0.01378	0.00897	0.00743	0.00224	0.00780	0.00684	0.00778	0.01263
23	0.01196	0.00854	0.01196	0.01367	0.01538	0.00854	0.01196	0.01538	0.01709	0.02222	0.03931	0.08374	0.04272	0.02051	0.01025	0.00342	0.00684	0.64283	0.00684	0.00684
24	0.75300	0.01427	0.01123	0.00994	0.01459	0.01636	0.00819	0.02255	0.01307	0.06709	0.01130	0.01273	0.00857	0.00701	0.00474	0.00230	0.00577	0.00420	0.00483	0.00827
25	0.01061	0.00795	0.01193	0.01193	0.01326	0.00928	0.00928	0.01326	0.01193	0.01723	0.01988	0.02916	0.01856	0.05568	0.70968	0.01193	0.01988	0.00795	0.00398	0.00663
26	0.02692	0.02034	0.20958	0.01561	0.02270	0.01350	0.01567	0.08109	0.02074	0.43372	0.04735	0.02306	0.01724	0.00878	0.00739	0.00231	0.00767	0.00706	0.00731	0.01197
27	0.01837	0.01764	0.03013	0.04557	0.69279	0.01764	0.02278	0.02278	0.01690	0.02425	0.01396	0.01837	0.01176	0.00661	0.00735	0.00220	0.00882	0.00661	0.00367	0.01176
28	0.79154	0.01436	0.01091	0.00976	0.01436	0.01665	0.00804	0.02182	0.01263	0.03331	0.01034	0.01206	0.00804	0.00689	0.00459	0.00230	0.00574	0.00402	0.00459	0.00804
29	0.01489	0.03840	0.70064	0.02116	0.03213	0.01724	0.02743	0.02351	0.01567	0.02351	0.01332	0.01567	0.00940	0.00705	0.00705	0.00235	0.01097	0.00549	0.00313	0.01097
30	0.01837	0.01764	0.03013	0.04557	0.69279	0.01764	0.02278	0.02278	0.01690	0.02425	0.01396	0.01837	0.01176	0.00661	0.00735	0.00220	0.00882	0.00661	0.00367	0.01176
31	0.00991	0.00864	0.00867	0.00921	0.01101	0.04444	0.00658	0.01157	0.01613	0.01954	0.05888	0.31687	0.41247	0.01987	0.00892	0.00267	0.00449	0.01711	0.00673	0.00631
32	0.00904	0.00646	0.00861	0.01034	0.01077	0.00603	0.00689	0.01034	0.01421	0.01895	0.04092	0.73426	0.04910	0.02326	0.00948	0.00301	0.00431	0.02110	0.00689	0.00603
33	0.01402	0.01319	0.02227	0.72126	0.05113	0.01649	0.02062	0.01897	0.01484	0.01897	0.01319	0.01979	0.00990	0.00742	0.00742	0.00247	0.00990	0.00660	0.00330	0.00825
34	0.01384	0.00692	0.00692	0.00692	0.00865	0.00692	0.00519	0.01730	0.01557	0.02768	0.02422	0.02768	0.01903	0.00865	0.00519	0.00173	0.00346	0.00692	0.78031	0.00692
35	0.01837	0.01764	0.03013	0.04557	0.69279	0.01764	0.02278	0.02278	0.01690	0.02425	0.01396	0.01837	0.01176	0.00661	0.00735	0.00220	0.00882	0.00661	0.00367	0.01176
36	0.00915	0.00654	0.00874	0.01046	0.01094	0.00612	0.00708	0.01053	0.01432	0.01907	0.04086	0.70998	0.04886	0.02316	0.00950	0.00303	0.00440	0.04431	0.00689	0.00606
37	0.03331	0.01263	0.01723	0.01321	0.01895	0.01091	0.01091	0.03618	0.02125	0.69794	0.02929	0.02527	0.01838	0.00919	0.00747	0.00230	0.00632	0.00747	0.00919	0.01263
38	0.03153	0.01373	0.01759	0.01356	0.01915	0.01275	0.01118	0.14119	0.02327	0.55707	0.02713	0.02413	0.01744	0.00912	0.00735	0.00226	0.00649	0.00731	0.04539	0.01236
39	0.01487	0.01042	0.01251	0.01149	0.01422	0.01065	0.00876	0.02325	0.21396	0.09220	0.37490	0.10535	0.04936	0.01384	0.00835	0.00245	0.00454	0.01207	0.00797	0.00884
40	0.01076	0.00733	0.00876	0.00876	0.00899	0.00756	0.00533	0.01122	0.01099	0.01489	0.02278	0.04520	0.02552	0.62017	0.15471	0.00802	0.00941	0.01030	0.00441	0.00487
41	0.01402	0.01319	0.02227	0.72126	0.05113	0.01649	0.02062	0.01897	0.01484	0.01897	0.01319	0.01979	0.00990	0.00742	0.00742	0.00247	0.00990	0.00660	0.00330	0.00825
42	0.00904	0.00646	0.00861	0.01034	0.01077	0.00603	0.00689	0.01034	0.01421	0.01895	0.04092	0.73426	0.04910	0.02326	0.00948	0.00301	0.00431	0.02110	0.00689	0.00603
43	0.00980	0.00721	0.00934	0.01069	0.01183	0.00675	0.00798	0.01182	0.01565	0.02039	0.07195	0.43522	0.15143	0.02152	0.00953	0.00301	0.00483	0.17781	0.00693	0.00631
44	0.01985	0.74357	0.03890	0.01270	0.01905	0.02937	0.01270	0.02223	0.01508	0.01747	0.01032	0.01191	0.00953	0.00635	0.00476	0.00159	0.00794	0.00397	0.00318	0.00953
45	0.00902	0.00657	0.00850	0.01004	0.01069	0.00606	0.00676	0.01037	0.01450	0.01907	0.04458	0.66350	0.11749	0.02278	0.00940	0.00296	0.00425	0.02052	0.00689	0.00606
46	0.01061	0.00792	0.01176	0.01176	0.01303	0.00919	0.00907	0.01315	0.01188	0.01711	0.02004	0.03003	0.01893	0.08604	0.67983	0.01172	0.01932	0.00808	0.00400	0.00653
47	0.79154	0.01436	0.01091	0.00976	0.01436	0.01665	0.00804	0.02182	0.01263	0.03331	0.01034	0.01206	0.00804	0.00689	0.00459	0.00230	0.00574	0.00402	0.00459	0.00804
48	0.01258	0.00649	0.00953	0.00962	0.00964	0.00647	0.00636	0.00977	0.00997	0.01329	0.01493	0.06130	0.01556	0.06440	0.02847	0.70087	0.00638	0.00745	0.00349	0.00344
49	0.02275	0.01498	0.01699	0.01463	0.01924	0.01622	0.01166	0.07170	0.43578	0.21299	0.02969	0.02899	0.02184	0.01023	0.00764	0.00248	0.00616	0.03624	0.00796	0.01182

[dist]
# distance from previous block
# <min> <max>
1	2

[block]
# block no. 3 follows, 27 sequences, length 113
# corresponding to MSA columns:
# 582-666,671-698
name=unknown_D
#
# <colnr> <probs for GDERKNQSTAVLIFYWHMCP>
#	G	D	E	R	K	N	Q	S	T	A	V	L	I	F	Y	W	H	M	C	P
0	0.76357	0.01513	0.01128	0.01011	0.01467	0.04201	0.00827	0.02211	0.01294	0.03275	0.01038	0.01211	0.00810	0.00692	0.00467	0.00228	0.00602	0.00405	0.00457	0.00806
1	0.01118	0.00869	0.00990	0.00958	0.01182	0.00820	0.00715	0.06203	0.04623	0.02514	0.24117	0.17884	0.31767	0.01744	0.00874	0.00253	0.00420	0.01501	0.00733	0.00714
2	0.41263	0.01983	0.01502	0.01328	0.01759	0.19613	0.01051	0.07410	0.04328	0.06162	0.01359	0.01531	0.01061	0.01090	0.05503	0.00288	0.00894	0.00504	0.00491	0.00881
3	0.24882	0.02055	0.01633	0.01415	0.01863	0.22078	0.01114	0.07438	0.09579	0.14743	0.01756	0.01779	0.01289	0.00812	0.00630	0.00218	0.00818	0.00570	0.04357	0.00973
4	0.01524	0.01568	0.02826	0.02240	0.02644	0.04094	0.32022	0.01929	0.01607	0.02156	0.02284	0.16299	0.02307	0.01273	0.01132	0.00283	0.11338	0.11154	0.00476	0.00844
5	0.00911	0.00757	0.00798	0.00797	0.01036	0.00644	0.00604	0.01125	0.01744	0.02135	0.15073	0.06989	0.58849	0.01841	0.00883	0.00252	0.00384	0.03835	0.00705	0.00638
6	0.01881	0.01612	0.01698	0.01518	0.01944	0.01863	0.01183	0.06159	0.65668	0.03161	0.02978	0.02735	0.02231	0.01003	0.00755	0.00251	0.00596	0.00833	0.00755	0.01178
7	0.03315	0.01289	0.01739	0.01333	0.01908	0.01130	0.01101	0.05634	0.02168	0.67716	0.02892	0.02503	0.01819	0.00918	0.00746	0.00229	0.00638	0.00744	0.00913	0.01263
8	0.01402	0.01319	0.02227	0.72126	0.05113	0.01649	0.02062	0.01897	0.01484	0.01897	0.01319	0.01979	0.00990	0.00742	0.00742	0.00247	0.00990	0.00660	0.00330	0.00825
9	0.00904	0.00646	0.00861	0.01034	0.01077	0.00603	0.00689	0.01034	0.01421	0.01895	0.04092	0.73426	0.04910	0.02326	0.00948	0.00301	0.00431	0.02110	0.00689	0.00603
10	0.02607	0.03223	0.02265	0.02383	0.14206	0.58631	0.01584	0.02842	0.02030	0.01925	0.01192	0.01427	0.00995	0.00747	0.00681	0.00196	0.01258	0.00511	0.00380	0.00917
11	0.01949	0.01631	0.03236	0.02370	0.02983	0.01508	0.41518	0.02457	0.01890	0.16226	0.13775	0.02739	0.02317	0.00844	0.00850	0.00243	0.00965	0.00933	0.00565	0.01001
12	0.02054	0.62023	0.09515	0.01349	0.02019	0.02676	0.01384	0.02351	0.01565	0.07521	0.01218	0.01336	0.01026	0.00665	0.00519	0.00171	0.00807	0.00440	0.00368	0.00991
13	0.01699	0.07916	0.21878	0.02719	0.03554	0.01916	0.44645	0.02359	0.01685	0.02323	0.01421	0.01825	0.01064	0.00648	0.00801	0.00239	0.01176	0.00753	0.00355	0.01023
14	0.01499	0.03769	0.67513	0.02155	0.03239	0.01730	0.05222	0.02352	0.01575	0.02352	0.01339	0.01584	0.00948	0.00702	0.00712	0.00236	0.01103	0.00561	0.00316	0.01093
15	0.01461	0.01425	0.01991	0.01748	0.01847	0.04695	0.06201	0.01666	0.01290	0.01846	0.01793	0.16450	0.01906	0.02009	0.11159	0.00426	0.39930	0.00977	0.00415	0.00766
16	0.01079	0.00723	0.00825	0.00825	0.00830	0.00728	0.00468	0.01089	0.01084	0.01450	0.02325	0.04783	0.02666	0.71256	0.06388	0.00738	0.00769	0.01069	0.00448	0.00458
17	0.00902	0.00655	0.00852	0.01009	0.01070	0.00605	0.00678	0.01036	0.01445	0.01905	0.04393	0.67609	0.10533	0.02287	0.00941	0.00297	0.00426	0.02063	0.00689	0.00605
18	0.01042	0.00758	0.00980	0.00925	0.01104	0.00697	0.00694	0.01384	0.02081	0.02928	0.65778	0.05626	0.10146	0.01536	0.00876	0.00234	0.00352	0.01354	0.00811	0.00697
19	0.02773	0.03538	0.02104	0.01913	0.02295	0.70930	0.01434	0.02964	0.02104	0.01817	0.01148	0.01339	0.00956	0.00765	0.00669	0.00191	0.01339	0.00478	0.00383	0.00861
20	0.01539	0.01319	0.01539	0.01100	0.01759	0.00990	0.00880	0.01869	0.01539	0.02419	0.01319	0.01539	0.01100	0.00550	0.00550	0.00110	0.00550	0.00440	0.00440	0.78449
21	0.01096	0.00819	0.01146	0.01128	0.01217	0.00943	0.00834	0.01283	0.01159	0.01649	0.02030	0.03381	0.02040	0.24139	0.48785	0.01016	0.05448	0.00866	0.00408	0.00612
22	0.79154	0.01436	0.01091	0.00976	0.01436	0.01665	0.00804	0.02182	0.01263	0.03331	0.01034	0.01206	0.00804	0.00689	0.00459	0.00230	0.00574	0.00402	0.00459	0.00804
23	0.01021	0.00735	0.00989	0.01130	0.01239	0.00702	0.00863	0.01250	0.01603	0.02128	0.11014	0.41143	0.07166	0.02128	0.00965	0.00307	0.00509	0.23765	0.00701	0.00642
24	0.00955	0.00682	0.00919	0.01091	0.01156	0.00646	0.00776	0.01121	0.01471	0.01951	0.04064	0.62224	0.04800	0.02278	0.00961	0.00308	0.00474	0.12817	0.00688	0.00617
25	0.01188	0.00967	0.01140	0.01127	0.01236	0.05833	0.00817	0.01367	0.01223	0.01643	0.02036	0.03400	0.02051	0.26182	0.45377	0.00977	0.01553	0.00860	0.00413	0.00612
26	0.01686	0.01727	0.02265	0.01947	0.01968	0.05979	0.01614	0.01850	0.01189	0.01788	0.00984	0.01609	0.00974	0.01270	0.02341	0.00318	0.68708	0.00640	0.00328	0.00815
27	0.01489	0.03840	0.70064	0.02116	0.03213	0.01724	0.02743	0.02351	0.01567	0.02351	0.01332	0.01567	0.00940	0.00705	0.00705	0.00235	0.01097	0.00549	0.00313	0.01097
28	0.01006	0.00795	0.00914	0.00891	0.01113	0.00719	0.00679	0.01349	0.04589	0.02470	0.32943	0.06355	0.36912	0.01701	0.00879	0.00248	0.00389	0.04621	0.00746	0.00683
29	0.01846	0.01595	0.01679	0.01511	0.01930	0.01846	0.01175	0.03945	0.67938	0.03105	0.03022	0.02770	0.02266	0.01007	0.00755	0.00252	0.00588	0.00839	0.00755	0.01175
30	0.03331	0.01263	0.01723	0.01321	0.01895	0.01091	0.01091	0.03618	0.02125	0.69794	0.02929	0.02527	0.01838	0.00919	0.00747	0.00230	0.00632	0.00747	0.00919	0.01263
31	0.02822	0.02079	0.02228	0.01708	0.02302	0.02302	0.01411	0.66804	0.03490	0.04679	0.01782	0.01782	0.01262	0.00891	0.00743	0.00223	0.00817	0.00668	0.00743	0.01262
32	0.05074	0.02032	0.02177	0.01673	0.02262	0.02241	0.01382	0.62688	0.03377	0.06932	0.01801	0.01792	0.01269	0.00886	0.00734	0.00223	0.00803	0.00663	0.00741	0.01249
33	0.00904	0.00646	0.00861	0.01034	0.01077	0.00603	0.00689	0.01034	0.01421	0.01895	0.04092	0.73426	0.04910	0.02326	0.00948	0.00301	0.00431	0.02110	0.00689	0.00603
34	0.01667	0.01818	0.01360	0.01265	0.01537	0.27487	0.00948	0.01918	0.02006	0.02305	0.28558	0.04317	0.19316	0.01316	0.00797	0.00221	0.00734	0.01066	0.00621	0.00744
35	0.01819	0.01745	0.02979	0.07482	0.66501	0.01759	0.02269	0.02262	0.01681	0.02402	0.01393	0.01843	0.01168	0.00665	0.00735	0.00222	0.00887	0.00661	0.00366	0.01161
36	0.01126	0.00779	0.00996	0.00930	0.01130	0.00709	0.00702	0.01456	0.02058	0.05619	0.59552	0.05594	0.13482	0.01532	0.00870	0.00235	0.00365	0.01342	0.00808	0.00716
37	0.02135	0.62868	0.03587	0.01349	0.01952	0.11004	0.01283	0.02369	0.01605	0.04555	0.01124	0.01264	0.00990	0.00662	0.00511	0.00166	0.00852	0.00421	0.00350	0.00954
38	0.01196	0.00854	0.01196	0.01367	0.01538	0.00854	0.01196	0.01538	0.01709	0.02222	0.03931	0.08374	0.04272	0.02051	0.01025	0.00342	0.00684	0.64283	0.00684	0.00684
39	0.01752	0.02003	0.04380	0.03129	0.03880	0.01877	0.66583	0.02378	0.01752	0.02378	0.01502	0.02003	0.01126	0.00626	0.00876	0.00250	0.01252	0.00876	0.00375	0.01001
40	0.79154	0.01436	0.01091	0.00976	0.01436	0.01665	0.00804	0.02182	0.01263	0.03331	0.01034	0.01206	0.00804	0.00689	0.00459	0.00230	0.00574	0.00402	0.00459	0.00804
41	0.11339	0.02179	0.02678	0.02079	0.02645	0.18986	0.23344	0.07426	0.05660	0.13892	0.01704	0.01859	0.01239	0.00757	0.00738	0.00228	0.01022	0.00683	0.00526	0.01016
42	0.01025	0.00772	0.00872	0.00837	0.01072	0.00669	0.00631	0.01275	0.01854	0.04718	0.29420	0.06409	0.44360	0.01716	0.00872	0.00244	0.00376	0.01458	0.00743	0.00675
43	0.01023	0.00758	0.00954	0.00905	0.01092	0.00689	0.00679	0.01347	0.02036	0.02822	0.59106	0.05800	0.16883	0.01575	0.00876	0.00236	0.00354	0.01378	0.00797	0.00689
44	0.01489	0.03840	0.70064	0.02116	0.03213	0.01724	0.02743	0.02351	0.01567	0.02351	0.01332	0.01567	0.00940	0.00705	0.00705	0.00235	0.01097	0.00549	0.00313	0.01097
45	0.01763	0.01915	0.03901	0.02806	0.03505	0.01820	0.54121	0.04685	0.01764	0.02439	0.01467	0.01927	0.01121	0.00661	0.00913	0.00238	0.04640	0.00812	0.00393	0.09107
46	0.79154	0.01436	0.01091	0.00976	0.01436	0.01665	0.00804	0.02182	0.01263	0.03331	0.01034	0.01206	0.00804	0.00689	0.00459	0.00230	0.00574	0.00402	0.00459	0.00804
47	0.01846	0.01595	0.01679	0.01511	0.01930	0.01846	0.01175	0.03945	0.67938	0.03105	0.03022	0.02770	0.02266	0.01007	0.00755	0.00252	0.00588	0.00839	0.00755	0.01175
48	0.01846	0.01595	0.01679	0.01511	0.01930	0.01846	0.01175	0.03945	0.67938	0.03105	0.03022	0.02770	0.02266	0.01007	0.00755	0.00252	0.00588	0.00839	0.00755	0.01175
49	0.02773	0.03538	0.02104	0.01913	0.02295	0.70930	0.01434	0.02964	0.02104	0.01817	0.01148	0.01339	0.00956	0.00765	0.00669	0.00191	0.01339	0.00478	0.00383	0.00861
50	0.01078	0.00726	0.00842	0.00842	0.00853	0.00737	0.00490	0.01100	0.01089	0.01463	0.02310	0.04695	0.02628	0.68164	0.09428	0.00760	0.00826	0.01056	0.00445	0.00468
51	0.63474	0.01629	0.01298	0.01130	0.01600	0.05484	0.00921	0.09788	0.03892	0.03398	0.01196	0.01335	0.00916	0.00728	0.00514	0.00228	0.00644	0.00452	0.00498	0.00873
52	0.03766	0.00781	0.00947	0.00898	0.01099	0.00719	0.00676	0.01360	0.01988	0.02791	0.53936	0.05720	0.19473	0.01563	0.00861	0.00237	0.00363	0.01355	0.00778	0.00689
53	0.02439	0.02982	0.02153	0.01923	0.02195	0.50991	0.01489	0.02622	0.01823	0.01808	0.01097	0.01422	0.00962	0.00920	0.01182	0.00230	0.22020	0.00528	0.00366	0.00847
54	0.01545	0.01503	0.01731	0.01891	0.13652	0.10451	0.04481	0.02143	0.12550	0.02435	0.15663	0.06633	0.17616	0.01265	0.00812	0.00239	0.00680	0.03220	0.00610	0.00878
55	0.05590	0.01842	0.02016	0.01628	0.02150	0.08133	0.04773	0.24323	0.15907	0.19726	0.02291	0.02355	0.01664	0.00930	0.00746	0.00234	0.00782	0.03035	0.00722	0.01155
56	0.31105	0.04089	0.02285	0.01850	0.05569	0.01825	0.14507	0.04982	0.01562	0.10534	0.01388	0.01651	0.01063	0.00816	0.00955	0.00248	0.13551	0.00607	0.00474	0.00942
57	0.01078	0.00725	0.00838	0.00838	0.00848	0.00735	0.00486	0.01098	0.01088	0.01461	0.02313	0.04712	0.02636	0.68776	0.08827	0.00755	0.00815	0.01058	0.00446	0.00466
58	0.04358	0.01663	0.02662	0.02047	0.02580	0.01691	0.25868	0.15362	0.12351	0.05930	0.09001	0.06519	0.02271	0.00986	0.00821	0.00248	0.00857	0.03157	0.00607	0.01022
59	0.00901	0.00658	0.00849	0.01001	0.01068	0.00606	0.00675	0.01037	0.01453	0.01908	0.04488	0.65758	0.12321	0.02274	0.00939	0.00296	0.00424	0.02048	0.00689	0.00606
60	0.01624	0.01624	0.02274	0.01949	0.01949	0.02274	0.01624	0.01787	0.01137	0.01787	0.00975	0.01624	0.00975	0.01299	0.02436	0.00325	0.72552	0.00650	0.00325	0.00812
61	0.02969	0.01844	0.02082	0.01597	0.02185	0.01953	0.01319	0.48610	0.03097	0.23428	0.02112	0.01997	0.01428	0.00899	0.00744	0.00225	0.00764	0.00691	0.00793	0.01263
62	0.02155	0.01307	0.01545	0.01301	0.01717	0.01336	0.01033	0.10581	0.21380	0.22742	0.20440	0.03459	0.05459	0.01131	0.00787	0.00237	0.00558	0.00949	0.00816	0.01068
63	0.00954	0.00758	0.00858	0.00841	0.01060	0.00662	0.00636	0.01209	0.01849	0.02383	0.30829	0.06573	0.43259	0.01747	0.00881	0.00247	0.00376	0.03482	0.00738	0.00657
64	0.01624	0.01624	0.02274	0.01949	0.01949	0.02274	0.01624	0.01787	0.01137	0.01787	0.00975	0.01624	0.00975	0.01299	0.02436	0.00325	0.72552	0.00650	0.00325	0.00812
65	0.03274	0.01355	0.01779	0.01364	0.01941	0.01227	0.01127	0.10697	0.02278	0.62498	0.02800	0.02443	0.01773	0.00916	0.00746	0.00229	0.00652	0.00738	0.00899	0.01263
66	0.03283	0.01340	0.01770	0.01357	0.01933	0.01204	0.01121	0.09529	0.02253	0.63702	0.02822	0.02457	0.01784	0.00916	0.00746	0.00229	0.00649	0.00739	0.00902	0.01263
67	0.01402	0.01319	0.02227	0.72126	0.05113	0.01649	0.02062	0.01897	0.01484	0.01897	0.01319	0.01979	0.00990	0.00742	0.00742	0.00247	0.00990	0.00660	0.00330	0.00825
68	0.01539	0.01319	0.01539	0.01100	0.01759	0.00990	0.00880	0.01869	0.01539	0.02419	0.01319	0.01539	0.01100	0.00550	0.00550	0.00110	0.00550	0.00440	0.00440	0.78449
69	0.01985	0.74357	0.03890	0.01270	0.01905	0.02937	0.01270	0.02223	0.01508	0.01747	0.01032	0.01191	0.00953	0.00635	0.00476	0.00159	0.00794	0.00397	0.00318	0.00953
70	0.00887	0.00752	0.00765	0.00762	0.01008	0.00631	0.00571	0.01084	0.01714	0.02058	0.10833	0.07058	0.65633	0.01861	0.00877	0.00250	0.00375	0.01555	0.00696	0.00631
71	0.01640	0.01563	0.02657	0.35116	0.40259	0.01712	0.02180	0.02106	0.01597	0.02186	0.01362	0.01902	0.01092	0.00698	0.00738	0.00233	0.00931	0.00661	0.00350	0.01017
72	0.01384	0.00692	0.00692	0.00692	0.00865	0.00692	0.00519	0.01730	0.01557	0.02768	0.02422	0.02768	0.01903	0.00865	0.00519	0.00173	0.00346	0.00692	0.78031	0.00692
73	0.01537	0.00888	0.01022	0.00913	0.01245	0.00754	0.00711	0.01760	0.01829	0.20013	0.09616	0.05835	0.47850	0.01606	0.00843	0.00244	0.00442	0.01337	0.00757	0.00799
74	0.00894	0.00753	0.00775	0.00770	0.01013	0.00634	0.00577	0.01098	0.01732	0.02100	0.13464	0.06990	0.62976	0.01845	0.00877	0.00249	0.00374	0.01545	0.00702	0.00634
75	0.08022	0.01440	0.01846	0.01641	0.01735	0.04647	0.01340	0.01731	0.01204	0.01899	0.01288	0.01962	0.01222	0.02496	0.22592	0.00570	0.42571	0.00665	0.00360	0.00769
76	0.00941	0.00755	0.00840	0.00819	0.01042	0.00654	0.00614	0.01188	0.01842	0.02361	0.29975	0.06559	0.46302	0.01747	0.00877	0.00244	0.00367	0.01485	0.00736	0.00654
77	0.21160	0.01469	0.01724	0.01606	0.05385	0.01733	0.01223	0.04841	0.13366	0.10983	0.01912	0.07891	0.01622	0.01085	0.01156	0.00265	0.20316	0.00758	0.00557	0.00949
78	0.01674	0.01334	0.01459	0.01328	0.01637	0.01550	0.01038	0.03084	0.42550	0.02843	0.02650	0.02680	0.02047	0.01219	0.04263	0.00284	0.06646	0.00785	0.19928	0.00999
79	0.01981	0.01755	0.01764	0.01347	0.01950	0.09288	0.01075	0.16659	0.04916	0.02887	0.01477	0.01624	0.01170	0.00671	0.00616	0.00151	0.00701	0.00513	0.00515	0.48940
80	0.02679	0.01808	0.02021	0.01535	0.02138	0.01867	0.01263	0.44736	0.02916	0.15119	0.01891	0.01863	0.01329	0.00835	0.00709	0.00204	0.00739	0.00641	0.00718	0.14988
81	0.01051	0.00759	0.00992	0.00934	0.01109	0.00700	0.00700	0.01401	0.02101	0.02977	0.68888	0.05545	0.07005	0.01518	0.00876	0.00233	0.00350	0.01343	0.00817	0.00700
82	0.01256	0.00995	0.01162	0.01123	0.01351	0.01032	0.00837	0.02094	0.22459	0.02723	0.30515	0.19166	0.09233	0.01554	0.00853	0.00255	0.00443	0.01363	0.00762	0.00823
83	0.03331	0.01263	0.01723	0.01321	0.01895	0.01091	0.01091	0.03618	0.02125	0.69794	0.02929	0.02527	0.01838	0.00919	0.00747	0.00230	0.00632	0.00747	0.00919	0.01263
84	0.00959	0.00755	0.00866	0.00838	0.01053	0.00662	0.00629	0.01224	0.01886	0.02465	0.36553	0.06388	0.39659	0.01709	0.00877	0.00243	0.00364	0.01461	0.00750	0.00662
85	0.02822	0.02079	0.02228	0.01708	0.02302	0.02302	0.01411	0.66804	0.03490	0.04679	0.01782	0.01782	0.01262	0.00891	0.00743	0.00223	0.00817	0.00668	0.00743	0.01262
86	0.02875	0.01890	0.02098	0.01620	0.02201	0.02034	0.01334	0.50853	0.06481	0.17753	0.02077	0.01983	0.01430	0.00903	0.00744	0.00226	0.00768	0.00693	0.00779	0.01258
87	0.00958	0.00691	0.00891	0.01034	0.01089	0.00664	0.00689	0.01157	0.04127	0.01907	0.03900	0.64756	0.04615	0.08290	0.01178	0.00335	0.00461	0.01972	0.00672	0.00614
88	0.01797	0.01713	0.02911	0.04373	0.65824	0.01710	0.02198	0.02234	0.01711	0.02453	0.04817	0.02025	0.01471	0.00705	0.00742	0.00221	0.00855	0.00696	0.00390	0.01152
89	0.04769	0.01441	0.02026	0.01617	0.02000	0.04911	0.16880	0.06907	0.06432	0.04936	0.04859	0.02402	0.01750	0.00870	0.00814	0.00220	0.06212	0.00750	0.29323	0.00884
90	0.76557	0.01458	0.01130	0.01001	0.01465	0.01687	0.00825	0.04381	0.01339	0.03377	0.01059	0.01226	0.00820	0.00696	0.00469	0.00229	0.00583	0.00411	0.00469	0.00820
91	0.00900	0.00663	0.00844	0.00990	0.01065	0.00607	0.00670	0.01039	0.01464	0.01912	0.04628	0.63055	0.14935	0.02256	0.00937	0.00294	0.00422	0.02025	0.00689	0.00607
92	0.00957	0.00720	0.01046	0.01149	0.01232	0.00675	0.03924	0.01119	0.01449	0.01932	0.03959	0.67367	0.04700	0.02232	0.00947	0.00301	0.00481	0.04511	0.00674	0.00626
93	0.01602	0.01318	0.01546	0.01107	0.01764	0.00993	0.00887	0.01930	0.01560	0.04777	0.01376	0.01574	0.01125	0.00563	0.00557	0.00114	0.00553	0.00451	0.00457	0.75748
94	0.00897	0.00674	0.00833	0.00961	0.01058	0.00609	0.00657	0.01042	0.01491	0.01924	0.04980	0.56259	0.21503	0.02210	0.00929	0.00288	0.00417	0.01970	0.00689	0.00609
95	0.21716	0.01435	0.01401	0.01230	0.01634	0.01624	0.00976	0.12460	0.27107	0.03328	0.02199	0.02220	0.01664	0.00878	0.00628	0.00225	0.00567	0.00670	0.17047	0.00991
96	0.01747	0.01873	0.03791	0.09500	0.23307	0.01824	0.42022	0.02307	0.01711	0.02350	0.01455	0.01952	0.01129	0.00646	0.00823	0.00241	0.01120	0.00794	0.00369	0.01038
97	0.01661	0.27205	0.44729	0.01826	0.02716	0.02155	0.02198	0.02281	0.01527	0.02122	0.01215	0.01445	0.00946	0.00711	0.00714	0.00214	0.04482	0.00503	0.00315	0.01035
98	0.02955	0.01766	0.02022	0.01561	0.02140	0.01850	0.01286	0.41327	0.06150	0.27696	0.02249	0.02095	0.01515	0.00907	0.00745	0.00227	0.00740	0.00704	0.00806	0.01259
99	0.01710	0.00886	0.01067	0.00950	0.01258	0.00784	0.00737	0.01977	0.01841	0.22049	0.14354	0.08356	0.24659	0.01389	0.00779	0.00231	0.00444	0.01168	0.14529	0.00834
100	0.01044	0.00753	0.00989	0.00958	0.01122	0.00698	0.00718	0.01376	0.02031	0.02860	0.61122	0.11246	0.06730	0.01604	0.00887	0.00243	0.00369	0.03756	0.00802	0.00692
101	0.00888	0.00712	0.00794	0.00860	0.01031	0.00618	0.00612	0.01053	0.01589	0.01963	0.06212	0.32442	0.44526	0.02050	0.00904	0.00270	0.00397	0.01774	0.00689	0.00618
102	0.79154	0.01436	0.01091	0.00976	0.01436	0.01665	0.00804	0.02182	0.01263	0.03331	0.01034	0.01206	0.00804	0.00689	0.00459	0.00230	0.00574	0.00402	0.00459	0.00804
103	0.01527	0.09200	0.65034	0.02052	0.03114	0.01816	0.02631	0.02341	0.01563	0.02305	0.01309	0.01539	0.00941	0.00700	0.00688	0.00229	0.01074	0.00537	0.00314	0.01086
104	0.01056	0.00766	0.00936	0.00894	0.01098	0.00686	0.00670	0.01348	0.01955	0.04478	0.46438	0.08472	0.25189	0.01639	0.00875	0.00241	0.00369	0.01421	0.00777	0.00690
105	0.02750	0.01902	0.02082	0.01628	0.02195	0.02076	0.01335	0.49431	0.12514	0.13105	0.02112	0.02022	0.01482	0.00911	0.00745	0.00228	0.00760	0.00703	0.00768	0.01250
106	0.01714	0.01474	0.01945	0.07531	0.02273	0.01608	0.09407	0.10674	0.30121	0.02911	0.09683	0.06614	0.04882	0.04631	0.00942	0.00271	0.00699	0.00963	0.00656	0.01001
107	0.01624	0.01624	0.02274	0.01949	0.01949	0.02274	0.01624	0.01787	0.01137	0.01787	0.00975	0.01624	0.00975	0.01299	0.02436	0.00325	0.72552	0.00650	0.00325	0.00812
108	0.02040	0.01865	0.02477	0.01939	0.02453	0.10072	0.18471	0.05582	0.17236	0.09269	0.04260	0.02179	0.01638	0.00846	0.00884	0.00228	0.06449	0.00741	0.00554	0.10817
109	0.01070	0.00782	0.01147	0.01142	0.01266	0.00887	0.00872	0.01305	0.01255	0.01797	0.07605	0.03217	0.02312	0.08800	0.58806	0.04085	0.01730	0.00851	0.00433	0.00641
110	0.01609	0.01231	0.01306	0.01214	0.01503	0.04678	0.00914	0.07641	0.18419	0.08064	0.09871	0.20767	0.14118	0.04029	0.00932	0.00271	0.00558	0.01281	0.00717	0.00876
111	0.71896	0.01497	0.01199	0.01046	0.01518	0.01726	0.00862	0.08327	0.01475	0.03459	0.01105	0.01261	0.00848	0.00708	0.00486	0.00229	0.00597	0.00427	0.00486	0.00848
112	0.37481	0.01446	0.04000	0.01177	0.01650	0.01447	0.00987	0.07888	0.04562	0.16746	0.01948	0.09022	0.01587	0.00935	0.00619	0.00231	0.00604	0.00704	0.03145	0.03819

[dist]
# distance from previous block
# <min> <max>
0	2

[block]
# block no. 4 follows, 27 sequences, length 85
# corresponding to MSA columns:
# 701-719,751-816
name=unknown_E
#
# <colnr> <probs for GDERKNQSTAVLIFYWHMCP>
#	G	D	E	R	K	N	Q	S	T	A	V	L	I	F	Y	W	H	M	C	P
0	0.01425	0.01244	0.01178	0.01150	0.01297	0.11469	0.00810	0.06164	0.01653	0.02082	0.11280	0.19165	0.03423	0.26164	0.04571	0.00448	0.00757	0.04488	0.00571	0.00657
1	0.01699	0.33679	0.42063	0.01758	0.02660	0.02238	0.02120	0.02297	0.01542	0.02095	0.01205	0.01408	0.00946	0.00676	0.00608	0.00203	0.00969	0.00484	0.00315	0.01036
2	0.01717	0.01650	0.08754	0.01328	0.02027	0.01187	0.03482	0.06200	0.01706	0.06055	0.01441	0.01626	0.01133	0.00610	0.00600	0.00141	0.00653	0.00497	0.00469	0.58725
3	0.01550	0.12564	0.61877	0.02011	0.03051	0.01874	0.02561	0.02335	0.01560	0.02276	0.01295	0.01521	0.00942	0.00697	0.00677	0.00226	0.01060	0.00530	0.00314	0.01079
4	0.01489	0.03840	0.70064	0.02116	0.03213	0.01724	0.02743	0.02351	0.01567	0.02351	0.01332	0.01567	0.00940	0.00705	0.00705	0.00235	0.01097	0.00549	0.00313	0.01097
5	0.01583	0.01504	0.02553	0.44065	0.31761	0.01697	0.02152	0.02055	0.01570	0.02116	0.01351	0.01920	0.01067	0.00709	0.00739	0.00236	0.00945	0.00660	0.00345	0.00971
6	0.01792	0.28146	0.40225	0.01803	0.02667	0.09272	0.02100	0.02370	0.01602	0.02087	0.01210	0.01414	0.00946	0.00687	0.00623	0.00204	0.01017	0.00489	0.00322	0.01023
7	0.01770	0.01695	0.02891	0.15026	0.59337	0.01746	0.02245	0.02219	0.01658	0.02343	0.01384	0.01859	0.01147	0.00674	0.00736	0.00225	0.00899	0.00661	0.00362	0.01121
8	0.00893	0.00692	0.00814	0.00913	0.01045	0.00613	0.00635	0.01047	0.01538	0.01943	0.05565	0.44936	0.32449	0.02134	0.00917	0.00280	0.00407	0.01877	0.00689	0.00613
9	0.02194	0.01087	0.01381	0.01170	0.01558	0.01001	0.00923	0.05084	0.06411	0.33841	0.16197	0.11628	0.11685	0.01318	0.00811	0.00242	0.00527	0.01120	0.00827	0.00995
10	0.01402	0.01319	0.02227	0.72126	0.05113	0.01649	0.02062	0.01897	0.01484	0.01897	0.01319	0.01979	0.00990	0.00742	0.00742	0.00247	0.00990	0.00660	0.00330	0.00825
11	0.02766	0.07525	0.02237	0.01778	0.02251	0.42044	0.01399	0.22383	0.02489	0.06214	0.01426	0.01526	0.01095	0.00803	0.00683	0.00201	0.01108	0.00545	0.00516	0.01010
12	0.00909	0.00653	0.00854	0.01013	0.01065	0.00608	0.00676	0.01037	0.01424	0.01886	0.04205	0.68082	0.07972	0.04503	0.01031	0.00312	0.00437	0.02052	0.00682	0.00599
13	0.79154	0.01436	0.01091	0.00976	0.01436	0.01665	0.00804	0.02182	0.01263	0.03331	0.01034	0.01206	0.00804	0.00689	0.00459	0.00230	0.00574	0.00402	0.00459	0.00804
14	0.01507	0.01292	0.01501	0.01083	0.01722	0.00972	0.00864	0.01830	0.01547	0.02399	0.01622	0.01813	0.04415	0.00615	0.00566	0.00117	0.00541	0.00495	0.00452	0.74647
15	0.01753	0.01816	0.01435	0.01345	0.01629	0.24788	0.01028	0.07334	0.02042	0.02367	0.16305	0.10283	0.16358	0.01400	0.00815	0.00238	0.00770	0.06904	0.00614	0.00778
16	0.02795	0.02888	0.02159	0.01821	0.02298	0.40333	0.01424	0.31427	0.02722	0.03093	0.01431	0.01537	0.01093	0.00821	0.00702	0.00205	0.01106	0.00563	0.00543	0.01040
17	0.01837	0.01764	0.03013	0.04557	0.69279	0.01764	0.02278	0.02278	0.01690	0.02425	0.01396	0.01837	0.01176	0.00661	0.00735	0.00220	0.00882	0.00661	0.00367	0.01176
18	0.01032	0.00758	0.00967	0.00915	0.01098	0.00693	0.00686	0.01366	0.02058	0.02875	0.62418	0.05714	0.13538	0.01556	0.00876	0.00235	0.00353	0.01366	0.00804	0.00693
19	0.01044	0.00754	0.01016	0.01176	0.01295	0.00726	0.00926	0.01280	0.01579	0.02061	0.04244	0.37481	0.08909	0.02163	0.00981	0.00318	0.00549	0.32169	0.00686	0.00644
20	0.00939	0.00667	0.00845	0.00973	0.01018	0.00628	0.00634	0.01045	0.01366	0.01808	0.03912	0.55999	0.07787	0.16902	0.01521	0.00384	0.00487	0.01872	0.00640	0.00573
21	0.00904	0.00646	0.00861	0.01034	0.01077	0.00603	0.00689	0.01034	0.01421	0.01895	0.04092	0.73426	0.04910	0.02326	0.00948	0.00301	0.00431	0.02110	0.00689	0.00603
22	0.02264	0.01692	0.01862	0.01565	0.02029	0.01909	0.01252	0.20973	0.39951	0.10728	0.02574	0.02418	0.01883	0.00980	0.00832	0.00245	0.04129	0.00773	0.00749	0.01191
23	0.02773	0.03538	0.02104	0.01913	0.02295	0.70930	0.01434	0.02964	0.02104	0.01817	0.01148	0.01339	0.00956	0.00765	0.00669	0.00191	0.01339	0.00478	0.00383	0.00861
24	0.01540	0.01536	0.02496	0.18756	0.02949	0.01940	0.11918	0.01864	0.01322	0.01900	0.01233	0.01887	0.01083	0.01451	0.08055	0.00374	0.37825	0.00701	0.00341	0.00831
25	0.79154	0.01436	0.01091	0.00976	0.01436	0.01665	0.00804	0.02182	0.01263	0.03331	0.01034	0.01206	0.00804	0.00689	0.00459	0.00230	0.00574	0.00402	0.00459	0.00804
26	0.03184	0.01231	0.01676	0.01296	0.01845	0.01066	0.01066	0.03475	0.02123	0.65501	0.07166	0.02721	0.02170	0.00957	0.00755	0.00230	0.00614	0.00785	0.00912	0.01227
