[name]
unknown

[dist]
# distance from previous block
# <min> <max>
69	792

[block]
# block no. 0 follows, 31 sequences, length 13
# corresponding to MSA columns:
# 982-994
name=unknown_A
#
# <colnr> <probs for GDERKNQSTAVLIFYWHMCP>
#	G	D	E	R	K	N	Q	S	T	A	V	L	I	F	Y	W	H	M	C	P
0	0.01958	0.06562	0.06266	0.01755	0.10372	0.14151	0.01309	0.19479	0.04572	0.04655	0.01641	0.05977	0.01379	0.01216	0.07463	0.00278	0.00894	0.00646	0.03729	0.05696
1	0.08245	0.20257	0.15105	0.01684	0.04864	0.03913	0.08953	0.09884	0.14036	0.02453	0.01624	0.01733	0.02944	0.00722	0.00614	0.00201	0.00787	0.00580	0.00437	0.00962
2	0.06619	0.05786	0.01477	0.01103	0.01564	0.01131	0.00905	0.04573	0.06642	0.11365	0.01987	0.06684	0.01749	0.00881	0.00615	0.00177	0.00545	0.08699	0.03602	0.33895
3	0.01142	0.00818	0.00975	0.00903	0.01131	0.00776	0.00688	0.01616	0.10030	0.06703	0.42720	0.05010	0.22082	0.01394	0.00787	0.00221	0.00370	0.01201	0.00722	0.00712
4	0.01393	0.15422	0.28465	0.01444	0.02032	0.01567	0.01547	0.02123	0.12519	0.02187	0.11997	0.02276	0.02014	0.01398	0.10409	0.00325	0.00893	0.00664	0.00435	0.00890
5	0.00834	0.00595	0.00794	0.00953	0.00992	0.00556	0.00635	0.00953	0.01310	0.01746	0.03771	0.75510	0.04525	0.02143	0.00873	0.00278	0.00397	0.01945	0.00635	0.00556
6	0.01530	0.01612	0.03032	0.02275	0.02788	0.01631	0.42778	0.02262	0.13908	0.02218	0.02100	0.04853	0.06768	0.00843	0.00928	0.00239	0.08034	0.00870	0.00437	0.00895
7	0.00901	0.00697	0.00821	0.00790	0.00981	0.00617	0.00592	0.01161	0.01777	0.02366	0.44150	0.05732	0.33868	0.01540	0.00808	0.00222	0.00333	0.01324	0.00703	0.00617
8	0.06045	0.01612	0.01689	0.01428	0.01871	0.01834	0.01138	0.25615	0.44359	0.03359	0.02308	0.02174	0.01709	0.00877	0.00678	0.00222	0.00612	0.00700	0.00678	0.01092
9	0.08177	0.03121	0.01872	0.01701	0.02058	0.68060	0.01280	0.02680	0.01883	0.01775	0.01050	0.01225	0.00871	0.00700	0.00603	0.00179	0.01183	0.00436	0.00358	0.00789
10	0.00834	0.00595	0.00794	0.00953	0.00992	0.00556	0.00635	0.00953	0.01310	0.01746	0.03771	0.75510	0.04525	0.02143	0.00873	0.00278	0.00397	0.01945	0.00635	0.00556
11	0.01755	0.62872	0.03196	0.01142	0.01732	0.02385	0.01106	0.01990	0.01395	0.01721	0.00999	0.01155	0.00902	0.00571	0.00451	0.00138	0.00691	0.00373	0.00313	0.15112
12	0.01469	0.01399	0.02336	0.01735	0.02268	0.01287	0.24760	0.04655	0.01497	0.02178	0.01379	0.01784	0.01135	0.01313	0.12344	0.00319	0.03911	0.00615	0.00386	0.33231

[dist]
# distance from previous block
# <min> <max>
0	1

[block]
# block no. 1 follows, 31 sequences, length 25
# corresponding to MSA columns:
# 996-1020
name=unknown_B
#
# <colnr> <probs for GDERKNQSTAVLIFYWHMCP>
#	G	D	E	R	K	N	Q	S	T	A	V	L	I	F	Y	W	H	M	C	P
0	0.00892	0.00695	0.00852	0.00911	0.01071	0.00655	0.00698	0.01089	0.01431	0.01815	0.04845	0.20534	0.34246	0.02429	0.13289	0.00404	0.00659	0.12309	0.00588	0.00587
1	0.01742	0.45944	0.26139	0.01479	0.02185	0.08516	0.01631	0.02147	0.01456	0.01799	0.01052	0.01224	0.00875	0.00617	0.00524	0.00172	0.00868	0.00418	0.00297	0.00914
2	0.01371	0.01800	0.23017	0.01303	0.01908	0.01076	0.01328	0.01845	0.03334	0.05646	0.05865	0.09008	0.05116	0.00903	0.00650	0.00185	0.00644	0.03951	0.00461	0.30589
3	0.01800	0.01415	0.02093	0.02617	0.34302	0.01436	0.01510	0.04664	0.08051	0.12435	0.03864	0.02314	0.07116	0.00832	0.00807	0.00210	0.06567	0.00705	0.00495	0.06767
4	0.04177	0.15897	0.24198	0.01813	0.09908	0.01813	0.01658	0.16164	0.01817	0.02530	0.04455	0.04633	0.03763	0.00815	0.00692	0.00205	0.03440	0.00632	0.00428	0.00961
5	0.01061	0.00716	0.00956	0.01071	0.01205	0.00679	0.00841	0.01275	0.01480	0.05522	0.03959	0.36320	0.10624	0.01929	0.00888	0.00286	0.00500	0.29424	0.00644	0.00621
6	0.01504	0.01472	0.02569	0.32657	0.30797	0.01632	0.09665	0.01930	0.01446	0.01983	0.01238	0.01749	0.00993	0.00683	0.00820	0.00224	0.06781	0.00631	0.00322	0.00906
7	0.01659	0.01875	0.10387	0.25738	0.10701	0.08857	0.09774	0.04553	0.05103	0.04329	0.01338	0.01720	0.01031	0.00742	0.00863	0.00226	0.09233	0.00614	0.00367	0.00890
8	0.01007	0.00804	0.00939	0.03174	0.01195	0.02985	0.00748	0.01197	0.01397	0.01770	0.06120	0.09396	0.24045	0.16588	0.10831	0.00447	0.00711	0.15529	0.00541	0.00575
9	0.00833	0.00599	0.00790	0.00942	0.00990	0.00557	0.00631	0.00954	0.01320	0.01750	0.03895	0.72793	0.07162	0.02127	0.00871	0.00276	0.00395	0.01925	0.00635	0.00557
10	0.01494	0.01179	0.01398	0.01283	0.01577	0.01259	0.03127	0.15573	0.20518	0.02666	0.05373	0.20298	0.08237	0.01403	0.00789	0.00250	0.00562	0.11511	0.00655	0.00849
11	0.06734	0.01918	0.01883	0.01620	0.04836	0.18745	0.06127	0.24245	0.03801	0.09285	0.01689	0.04039	0.01304	0.00800	0.00645	0.00199	0.00805	0.00628	0.09749	0.00948
12	0.01286	0.01118	0.01922	0.01563	0.01906	0.01056	0.21696	0.05067	0.01718	0.04423	0.18273	0.15935	0.11697	0.01315	0.00822	0.00242	0.00654	0.07976	0.00581	0.00748
13	0.00923	0.00633	0.00767	0.00838	0.00855	0.00616	0.00512	0.00976	0.01135	0.01513	0.02872	0.35975	0.03391	0.43226	0.02325	0.00492	0.00545	0.01416	0.00512	0.00477
14	0.03987	0.01525	0.04431	0.08801	0.36454	0.04408	0.01709	0.04642	0.04297	0.04129	0.01874	0.03010	0.01719	0.00925	0.00726	0.00230	0.00778	0.14973	0.00441	0.00939
15	0.01488	0.02380	0.33438	0.01891	0.05104	0.01430	0.12729	0.05679	0.01573	0.02300	0.01399	0.01847	0.01114	0.00674	0.00658	0.00194	0.00866	0.03978	0.00368	0.20889
16	0.01174	0.01081	0.01433	0.01290	0.01382	0.01352	0.01037	0.01340	0.01211	0.01683	0.02962	0.03397	0.22685	0.05556	0.13966	0.00432	0.36042	0.00899	0.00419	0.00657
17	0.01296	0.00960	0.01127	0.01029	0.01286	0.00983	0.00789	0.02096	0.22869	0.06575	0.41036	0.04298	0.10394	0.01252	0.00767	0.00221	0.00406	0.01082	0.00731	0.00802
18	0.01524	0.01314	0.05098	0.01249	0.01705	0.01142	0.01078	0.07376	0.08930	0.05107	0.02103	0.03271	0.01932	0.00990	0.00735	0.00198	0.03298	0.18216	0.00526	0.34210
19	0.01024	0.00758	0.00936	0.00870	0.01061	0.00707	0.00658	0.04570	0.01942	0.02684	0.58154	0.05165	0.16053	0.01421	0.00801	0.00217	0.00347	0.01238	0.00732	0.00661
20	0.00894	0.00642	0.00814	0.00898	0.01001	0.00593	0.00637	0.01084	0.01499	0.02033	0.19025	0.44338	0.13381	0.01848	0.00834	0.00254	0.00381	0.04731	0.04524	0.00586
21	0.01966	0.01749	0.02160	0.10070	0.02397	0.07537	0.07438	0.28526	0.02077	0.02768	0.01449	0.05830	0.01223	0.00950	0.01114	0.00237	0.20418	0.00690	0.00480	0.00922
22	0.00874	0.00652	0.00813	0.00864	0.00987	0.00591	0.00613	0.01074	0.01578	0.02108	0.27468	0.36363	0.19911	0.01799	0.00836	0.00246	0.00361	0.01594	0.00675	0.00591
23	0.02183	0.01701	0.01846	0.01589	0.05791	0.03756	0.01215	0.45150	0.11915	0.03653	0.08206	0.02340	0.05688	0.00923	0.00702	0.00210	0.00680	0.00733	0.00661	0.01059
24	0.00911	0.00687	0.00802	0.00785	0.00939	0.00621	0.00561	0.01118	0.01619	0.02146	0.34073	0.08262	0.28839	0.14158	0.01263	0.00299	0.00392	0.01297	0.00649	0.00579

[dist]
# distance from previous block
# <min> <max>
5	9

[block]
# block no. 2 follows, 31 sequences, length 25
# corresponding to MSA columns:
# 1030-1054
name=unknown_C
#
# <colnr> <probs for GDERKNQSTAVLIFYWHMCP>
#	G	D	E	R	K	N	Q	S	T	A	V	L	I	F	Y	W	H	M	C	P
0	0.03070	0.01164	0.01588	0.01217	0.01746	0.01006	0.01006	0.03334	0.01958	0.72163	0.02699	0.02329	0.01694	0.00847	0.00688	0.00212	0.00582	0.00688	0.00847	0.01164
1	0.01944	0.01616	0.02099	0.07665	0.22078	0.01775	0.01503	0.25950	0.17147	0.03049	0.03584	0.01981	0.01470	0.00895	0.02360	0.00235	0.02379	0.00667	0.00546	0.01058
2	0.00947	0.00696	0.00869	0.00828	0.00986	0.00637	0.00609	0.01223	0.01808	0.02503	0.56607	0.05274	0.15529	0.07286	0.01017	0.00253	0.00353	0.01248	0.00710	0.00618
3	0.01467	0.01320	0.02048	0.18975	0.31536	0.01412	0.01607	0.03979	0.09544	0.02289	0.11061	0.07895	0.02147	0.00892	0.00714	0.00219	0.00705	0.00814	0.00460	0.00914
4	0.00947	0.00683	0.00896	0.00875	0.01017	0.00632	0.00644	0.01239	0.01840	0.02590	0.60898	0.15979	0.06157	0.01514	0.00817	0.00225	0.00334	0.01347	0.00735	0.00632
5	0.01672	0.01393	0.01699	0.16588	0.02390	0.06060	0.03030	0.04354	0.01563	0.08728	0.01364	0.01597	0.01053	0.00603	0.00583	0.00151	0.00676	0.00496	0.00430	0.45570
6	0.02448	0.12767	0.02246	0.01521	0.02054	0.07052	0.01274	0.52347	0.05675	0.03680	0.01550	0.01574	0.01141	0.00784	0.00645	0.00196	0.00774	0.00574	0.00605	0.01093
7	0.01216	0.01477	0.16378	0.06834	0.02028	0.01058	0.08287	0.01650	0.04622	0.04883	0.02868	0.28154	0.07837	0.04603	0.00902	0.00267	0.00679	0.04995	0.00509	0.00754
8	0.01494	0.01387	0.02625	0.01986	0.02416	0.01358	0.35058	0.06690	0.01480	0.02031	0.01417	0.02024	0.01194	0.03648	0.09724	0.17152	0.02780	0.00721	0.00367	0.04448
9	0.01650	0.43596	0.08279	0.01112	0.01568	0.01913	0.01057	0.01870	0.01339	0.06452	0.01441	0.02096	0.01362	0.19023	0.01218	0.00283	0.00710	0.00564	0.03681	0.00785
10	0.03070	0.01164	0.01588	0.01217	0.01746	0.01006	0.01006	0.03334	0.01958	0.72163	0.02699	0.02329	0.01694	0.00847	0.00688	0.00212	0.00582	0.00688	0.00847	0.01164
11	0.01569	0.01650	0.03259	0.18298	0.23295	0.01656	0.35843	0.02072	0.01547	0.02111	0.01321	0.01797	0.01025	0.00609	0.00744	0.00222	0.01005	0.00709	0.00335	0.00934
12	0.01071	0.00918	0.01579	0.01378	0.01587	0.00918	0.15107	0.01330	0.01319	0.01819	0.07490	0.23718	0.02808	0.10390	0.24676	0.00571	0.01045	0.01160	0.00473	0.00643
13	0.02154	0.00964	0.01283	0.01052	0.01428	0.00846	0.00842	0.02434	0.01923	0.42219	0.27836	0.03627	0.08187	0.01107	0.00739	0.00214	0.00472	0.00939	0.00798	0.00936
14	0.00866	0.00695	0.00773	0.00753	0.00959	0.00602	0.00565	0.01093	0.01695	0.02171	0.30132	0.06053	0.48008	0.01612	0.00808	0.00225	0.00338	0.01369	0.00678	0.00602
15	0.02776	0.01636	0.01880	0.01441	0.01982	0.01705	0.01190	0.44768	0.02747	0.29614	0.02037	0.01898	0.01361	0.00831	0.00686	0.00208	0.00689	0.00643	0.00745	0.01164
16	0.01758	0.01981	0.02795	0.19181	0.03274	0.18341	0.28977	0.02292	0.06717	0.01988	0.01347	0.01732	0.01043	0.00691	0.00802	0.00221	0.04980	0.00662	0.00361	0.00857
17	0.00862	0.00617	0.00819	0.00933	0.00999	0.00575	0.00637	0.01024	0.01442	0.01956	0.17994	0.60689	0.04931	0.01987	0.00859	0.00265	0.00381	0.01796	0.00660	0.00575
18	0.01511	0.01538	0.02324	0.01924	0.02006	0.02052	0.09464	0.01711	0.01114	0.01711	0.00955	0.01538	0.00915	0.01124	0.02076	0.00291	0.66050	0.00623	0.00305	0.00769
19	0.01376	0.01302	0.02205	0.59551	0.18813	0.01542	0.01942	0.01822	0.01408	0.01851	0.01231	0.01796	0.00948	0.00668	0.00683	0.00223	0.00891	0.00608	0.00311	0.00828
20	0.01475	0.01442	0.02596	0.37645	0.25442	0.01567	0.13910	0.01933	0.01473	0.02001	0.01295	0.01806	0.01010	0.00644	0.00698	0.00219	0.00908	0.00645	0.02402	0.00887
21	0.01538	0.01453	0.02454	0.21753	0.49433	0.01526	0.01941	0.01950	0.01538	0.02149	0.06473	0.01980	0.01439	0.00687	0.00689	0.00210	0.00802	0.00656	0.00361	0.00969
22	0.00880	0.00668	0.00804	0.00849	0.00989	0.00603	0.00614	0.01074	0.01552	0.02029	0.21694	0.27847	0.27534	0.05005	0.00952	0.00265	0.00385	0.05020	0.00655	0.00583
23	0.64165	0.17123	0.01549	0.00957	0.01414	0.01782	0.00831	0.02019	0.01212	0.02762	0.00952	0.01108	0.00770	0.00625	0.00427	0.00198	0.00572	0.00369	0.00396	0.00770
24	0.01726	0.01729	0.01803	0.01579	0.01742	0.16639	0.01262	0.09854	0.01500	0.01944	0.01259	0.01829	0.01158	0.05369	0.15370	0.00433	0.33051	0.00612	0.00375	0.00765

[dist]
# distance from previous block
# <min> <max>
0	4

[block]
# block no. 3 follows, 31 sequences, length 11
# corresponding to MSA columns:
# 1059-1069
name=unknown_D
#
# <colnr> <probs for GDERKNQSTAVLIFYWHMCP>
#	G	D	E	R	K	N	Q	S	T	A	V	L	I	F	Y	W	H	M	C	P
0	0.01550	0.01480	0.02519	0.29172	0.47833	0.01588	0.02029	0.01974	0.01490	0.02062	0.01262	0.01740	0.01023	0.00636	0.00680	0.00212	0.00848	0.00609	0.00326	0.00968
1	0.01320	0.01245	0.02103	0.69412	0.09393	0.01527	0.01914	0.01773	0.01381	0.01782	0.01221	0.01815	0.00924	0.00679	0.00684	0.00226	0.00905	0.00608	0.00306	0.00783
2	0.00869	0.00695	0.00788	0.00845	0.01030	0.00614	0.00651	0.01060	0.01520	0.01869	0.05765	0.18453	0.47220	0.01832	0.00846	0.00255	0.00409	0.14062	0.00634	0.00584
3	0.01155	0.01294	0.11466	0.07982	0.01866	0.01046	0.04517	0.01707	0.11239	0.02066	0.08537	0.23651	0.07791	0.06894	0.00983	0.00278	0.00616	0.05631	0.00542	0.00736
4	0.00861	0.00681	0.00775	0.00782	0.00964	0.00595	0.00575	0.01072	0.01639	0.02108	0.26231	0.16014	0.41897	0.01689	0.00817	0.00233	0.00346	0.01452	0.00671	0.00595
5	0.02552	0.01787	0.01958	0.01526	0.02049	0.01950	0.01264	0.59905	0.03015	0.09826	0.01847	0.02057	0.01371	0.00886	0.00700	0.00212	0.00731	0.04535	0.00695	0.01132
6	0.00959	0.00700	0.00987	0.01006	0.01100	0.00767	0.00740	0.01152	0.01172	0.01651	0.07075	0.13581	0.02571	0.15570	0.46783	0.00851	0.01336	0.00984	0.00440	0.00575
7	0.23849	0.01249	0.01491	0.01214	0.01656	0.01267	0.06547	0.05782	0.09178	0.23422	0.04618	0.02682	0.12389	0.00927	0.00648	0.00218	0.00575	0.00749	0.00628	0.00912
8	0.01683	0.01713	0.02464	0.20618	0.13749	0.09290	0.11861	0.06730	0.01540	0.02037	0.01182	0.01645	0.00969	0.00804	0.01109	0.00236	0.20541	0.00619	0.00346	0.00864
9	0.01864	0.21381	0.02274	0.01359	0.01870	0.05364	0.05876	0.15026	0.11466	0.05184	0.02093	0.02120	0.08398	0.00800	0.00614	0.00182	0.00686	0.00634	0.00503	0.12304
10	0.30150	0.01683	0.01679	0.01491	0.06940	0.04755	0.01122	0.32205	0.02166	0.03437	0.01312	0.01423	0.00984	0.00709	0.00574	0.00198	0.00678	0.00504	0.00530	0.07462

[dist]
# distance from previous block
# <min> <max>
1	14

[block]
# block no. 4 follows, 31 sequences, length 49
# corresponding to MSA columns:
# 1093-1141
name=unknown_E
#
# <colnr> <probs for GDERKNQSTAVLIFYWHMCP>
#	G	D	E	R	K	N	Q	S	T	A	V	L	I	F	Y	W	H	M	C	P
0	0.02342	0.01373	0.01479	0.01214	0.01615	0.06733	0.00969	0.17676	0.07070	0.27813	0.02152	0.02136	0.01522	0.00921	0.00763	0.05179	0.00615	0.00643	0.16817	0.00968
1	0.01485	0.01561	0.03155	0.15571	0.08647	0.01546	0.42567	0.01968	0.01518	0.02043	0.01546	0.02399	0.01311	0.06189	0.00979	0.00265	0.01015	0.05025	0.00361	0.00850
2	0.00906	0.00679	0.00840	0.00837	0.00993	0.00613	0.00614	0.01156	0.01734	0.02350	0.43791	0.18124	0.21628	0.01612	0.00819	0.00230	0.00342	0.01414	0.00704	0.00613
3	0.01650	0.00939	0.01301	0.14181	0.01919	0.00912	0.00993	0.01954	0.01751	0.23542	0.21990	0.04109	0.14760	0.01194	0.00759	0.00226	0.00534	0.05801	0.00672	0.00812
4	0.24311	0.01367	0.01581	0.01313	0.01758	0.01437	0.04530	0.19458	0.01970	0.19022	0.02040	0.02771	0.01667	0.00958	0.00666	0.00230	0.00649	0.12717	0.00621	0.00935
5	0.00827	0.00619	0.00769	0.00889	0.00976	0.00561	0.00607	0.00960	0.01371	0.01771	0.04542	0.58688	0.20849	0.02043	0.00857	0.00266	0.00385	0.01823	0.00635	0.00561
6	0.00834	0.00595	0.00794	0.00953	0.00992	0.00556	0.00635	0.00953	0.01310	0.01746	0.03771	0.75510	0.04525	0.02143	0.00873	0.00278	0.00397	0.01945	0.00635	0.00556
7	0.01526	0.01473	0.02650	0.05489	0.32328	0.01454	0.20233	0.05334	0.01601	0.02211	0.01845	0.17056	0.01783	0.00932	0.00754	0.00227	0.00821	0.00941	0.00419	0.00923
8	0.01611	0.41602	0.36441	0.01543	0.02331	0.02173	0.01818	0.02105	0.01416	0.01876	0.01083	0.01263	0.00873	0.00616	0.00540	0.00180	0.00865	0.00433	0.00291	0.00942
9	0.01211	0.00935	0.01508	0.01239	0.01523	0.00860	0.12993	0.01568	0.01861	0.07055	0.51032	0.04420	0.08514	0.01233	0.00799	0.00219	0.00490	0.01135	0.00680	0.00725
10	0.01463	0.01303	0.01740	0.01505	0.10031	0.01047	0.05173	0.01796	0.01447	0.02228	0.01235	0.01477	0.01023	0.00523	0.00545	0.00121	0.00583	0.00454	0.00394	0.65910
11	0.24337	0.06673	0.08585	0.01383	0.01808	0.14446	0.04636	0.06865	0.03764	0.02361	0.01312	0.01670	0.01097	0.04763	0.09075	0.00328	0.03519	0.00534	0.02042	0.00804
12	0.01619	0.01709	0.01745	0.01561	0.01672	0.19057	0.01237	0.01785	0.01287	0.01652	0.01274	0.03843	0.01239	0.06192	0.12959	0.00412	0.36888	0.00643	0.02517	0.00709
13	0.01850	0.01702	0.05227	0.15263	0.21271	0.06221	0.03813	0.11261	0.15174	0.06590	0.01706	0.01902	0.01289	0.00738	0.00677	0.00213	0.00790	0.00638	0.02673	0.01001
14	0.00915	0.00667	0.00875	0.01017	0.01091	0.00646	0.00722	0.01154	0.04900	0.01845	0.03700	0.62456	0.04319	0.02046	0.00874	0.00281	0.00436	0.10825	0.00638	0.00593
15	0.01419	0.01216	0.01419	0.01013	0.01621	0.00912	0.00811	0.01723	0.01419	0.02229	0.01216	0.01419	0.01013	0.00507	0.00507	0.00101	0.00507	0.00405	0.00405	0.80139
16	0.00888	0.00643	0.00851	0.00998	0.01076	0.00606	0.00725	0.01052	0.01383	0.01817	0.03964	0.56418	0.09157	0.02061	0.00884	0.00282	0.00442	0.15546	0.00634	0.00573
17	0.01197	0.00941	0.00986	0.00966	0.01056	0.05938	0.00645	0.06376	0.01303	0.01690	0.02286	0.16568	0.02535	0.42174	0.11861	0.00582	0.00818	0.01063	0.00464	0.00550
18	0.01617	0.01541	0.02627	0.22177	0.48531	0.01621	0.05361	0.04376	0.01570	0.02180	0.01286	0.01733	0.01040	0.00635	0.00686	0.00211	0.00853	0.00619	0.00342	0.00995
19	0.00958	0.00648	0.00757	0.00794	0.00803	0.00639	0.00465	0.00985	0.01067	0.01423	0.02527	0.20789	0.02955	0.59006	0.02883	0.00575	0.00602	0.01213	0.00465	0.00447
20	0.01253	0.01104	0.01734	0.50261	0.03573	0.01330	0.01554	0.01730	0.04964	0.01934	0.06773	0.07101	0.01838	0.00937	0.00755	0.00235	0.02812	0.05015	0.04354	0.00741
21	0.01551	0.16473	0.53032	0.01808	0.02700	0.01833	0.04010	0.07058	0.01569	0.02224	0.01213	0.01407	0.00895	0.00649	0.00619	0.00204	0.00946	0.00497	0.00320	0.00996
22	0.01300	0.00744	0.01010	0.01074	0.01229	0.00692	0.00813	0.01492	0.01490	0.14483	0.03543	0.46179	0.03876	0.01850	0.00857	0.00275	0.00486	0.17255	0.00672	0.00683
23	0.00966	0.00681	0.00889	0.00911	0.00963	0.00723	0.00615	0.01077	0.01078	0.01485	0.02253	0.13536	0.02467	0.38499	0.30041	0.00779	0.01078	0.01024	0.00426	0.00510
24	0.01762	0.02539	0.36920	0.02196	0.06447	0.01525	0.20931	0.02380	0.01590	0.14766	0.01539	0.01729	0.01075	0.00663	0.00702	0.00219	0.00964	0.00628	0.00408	0.01018
25	0.02500	0.01889	0.02037	0.01688	0.05550	0.04070	0.01318	0.57719	0.07978	0.05699	0.01718	0.01717	0.01232	0.00816	0.00683	0.00206	0.00750	0.00624	0.00663	0.01143
26	0.01292	0.01216	0.02052	0.74312	0.04712	0.01520	0.01900	0.01748	0.01368	0.01748	0.01216	0.01824	0.00912	0.00684	0.00684	0.00228	0.00912	0.00608	0.00304	0.00760
27	0.01082	0.00827	0.01057	0.01003	0.01026	0.00958	0.00694	0.01156	0.01024	0.01434	0.01868	0.03598	0.02053	0.48939	0.16628	0.00681	0.14204	0.00873	0.00385	0.00512
28	0.01275	0.01027	0.01547	0.07259	0.21169	0.01077	0.01233	0.01575	0.01456	0.02111	0.05548	0.18582	0.02570	0.01233	0.00829	0.00236	0.05338	0.10434	0.14741	0.00761
29	0.01709	0.01338	0.01332	0.01164	0.01503	0.05039	0.00912	0.17461	0.24283	0.02917	0.04655	0.02868	0.10793	0.00977	0.00654	0.00205	0.00539	0.00787	0.19964	0.00901
30	0.02498	0.01788	0.01857	0.01486	0.01983	0.07027	0.01204	0.39177	0.16674	0.16025	0.02024	0.01923	0.01428	0.00839	0.00683	0.00210	0.00714	0.00648	0.00692	0.01120
31	0.00857	0.00677	0.00772	0.00786	0.00963	0.00592	0.00575	0.01061	0.01618	0.02075	0.23977	0.18578	0.41614	0.01715	0.00820	0.00235	0.00349	0.01477	0.00667	0.00592
32	0.04509	0.01857	0.01931	0.01529	0.02039	0.03954	0.01247	0.53989	0.15221	0.03947	0.01814	0.01781	0.01311	0.00832	0.00678	0.00210	0.00722	0.00633	0.00671	0.01128
33	0.01166	0.00818	0.01009	0.00952	0.01165	0.00788	0.00729	0.01648	0.09950	0.06839	0.44516	0.08453	0.12926	0.01411	0.00797	0.00227	0.00388	0.04774	0.00726	0.00716
34	0.02111	0.01550	0.01705	0.01396	0.01806	0.01686	0.01114	0.50225	0.02709	0.03636	0.05203	0.19269	0.02191	0.01159	0.00734	0.00223	0.00650	0.00958	0.00676	0.00997
35	0.01654	0.48461	0.29958	0.01469	0.02218	0.02279	0.01691	0.02094	0.01411	0.01823	0.01057	0.01230	0.00874	0.00610	0.00520	0.00173	0.00839	0.00419	0.00291	0.00929
36	0.00860	0.00636	0.00809	0.00926	0.01017	0.00585	0.00654	0.01018	0.01417	0.01854	0.08664	0.52935	0.16630	0.02001	0.00863	0.00268	0.00403	0.07246	0.00642	0.00572
37	0.01639	0.01265	0.01374	0.01264	0.01491	0.12908	0.00990	0.01872	0.01390	0.14298	0.01816	0.02326	0.01532	0.03441	0.44802	0.00749	0.04979	0.00670	0.00447	0.00747
38	0.01589	0.01519	0.02589	0.22411	0.54292	0.01598	0.02048	0.02008	0.01508	0.02109	0.01268	0.01727	0.01039	0.00629	0.00679	0.00210	0.00839	0.00609	0.00330	0.01000
39	0.01017	0.00728	0.00998	0.01118	0.01249	0.00709	0.00914	0.01289	0.01579	0.02104	0.15833	0.22716	0.04524	0.01859	0.00904	0.00289	0.00522	0.40379	0.00653	0.00616
40	0.01560	0.01502	0.02552	0.17335	0.39064	0.01498	0.09502	0.01978	0.01504	0.02133	0.01272	0.01691	0.01033	0.00603	0.00665	0.00194	0.00820	0.00598	0.00344	0.14152
41	0.01796	0.71048	0.08612	0.01228	0.01844	0.02625	0.01270	0.02057	0.01394	0.01650	0.00971	0.01123	0.00877	0.00590	0.00454	0.00151	0.00752	0.00376	0.00292	0.00888
42	0.01040	0.00831	0.00947	0.00904	0.01124	0.00808	0.00681	0.01591	0.14101	0.02413	0.33882	0.08653	0.27518	0.01464	0.00791	0.00227	0.00374	0.01259	0.00697	0.00697
43	0.01175	0.00655	0.00705	0.00692	0.00857	0.00636	0.00519	0.01485	0.01558	0.02550	0.18401	0.03397	0.07305	0.00995	0.00575	0.00177	0.00322	0.00827	0.56533	0.00636
44	0.01306	0.01071	0.01312	0.06603	0.06080	0.01127	0.00966	0.07108	0.18721	0.02557	0.23166	0.09186	0.15536	0.01249	0.00758	0.00226	0.00494	0.01078	0.00645	0.00811
45	0.00823	0.00689	0.00716	0.00719	0.00935	0.00582	0.00536	0.01007	0.01580	0.01920	0.12256	0.09483	0.62966	0.01722	0.00811	0.00232	0.00347	0.01448	0.00645	0.00582
46	0.07968	0.01639	0.01733	0.01549	0.03703	0.07551	0.01211	0.13799	0.27551	0.05921	0.01973	0.02218	0.01567	0.00954	0.00957	0.00236	0.13984	0.03951	0.00568	0.00968
47	0.01585	0.20839	0.35535	0.01565	0.02275	0.01780	0.01763	0.07923	0.04630	0.03731	0.03282	0.07004	0.01465	0.00830	0.00633	0.00206	0.00817	0.02791	0.00401	0.00944
48	0.16011	0.29123	0.19740	0.01414	0.02028	0.12069	0.01443	0.02283	0.06485	0.02110	0.01169	0.01311	0.00939	0.00652	0.00532	0.00186	0.00821	0.00441	0.00353	0.00889

[dist]
# distance from previous block
# <min> <max>
0	2

[block]
# block no. 5 follows, 31 sequences, length 17
# corresponding to MSA columns:
# 1144-1160
name=unknown_F
#
# <colnr> <probs for GDERKNQSTAVLIFYWHMCP>
#	G	D	E	R	K	N	Q	S	T	A	V	L	I	F	Y	W	H	M	C	P
0	0.19309	0.03900	0.30979	0.01471	0.02095	0.06359	0.01564	0.09719	0.03407	0.02477	0.01360	0.01799	0.01119	0.10557	0.00970	0.00269	0.00825	0.00552	0.00396	0.00874
1	0.43209	0.06505	0.23647	0.01314	0.01944	0.01681	0.01384	0.08984	0.01476	0.02828	0.01110	0.01269	0.00832	0.00656	0.00522	0.00209	0.00715	0.00438	0.00400	0.00877
2	0.01472	0.01413	0.02439	0.42230	0.32285	0.01573	0.04965	0.01913	0.01457	0.01969	0.01253	0.01771	0.00988	0.00649	0.00687	0.00218	0.00882	0.00617	0.00320	0.00901
3	0.01039	0.00774	0.01008	0.01066	0.01195	0.00790	0.00857	0.01261	0.01431	0.01878	0.08016	0.06140	0.13905	0.15927	0.06154	0.00411	0.04192	0.32803	0.00565	0.00587
4	0.00870	0.00695	0.00778	0.00757	0.00962	0.00604	0.00568	0.01101	0.01704	0.02192	0.31658	0.06018	0.46469	0.01604	0.00808	0.00225	0.00337	0.01365	0.00681	0.00604
5	0.02206	0.01670	0.02081	0.01626	0.02129	0.01792	0.10098	0.38563	0.14586	0.08003	0.02098	0.02217	0.03329	0.00865	0.00707	0.00216	0.00728	0.02657	0.03361	0.01068
6	0.01000	0.00641	0.00842	0.00949	0.01018	0.00597	0.00637	0.01117	0.01321	0.06427	0.03533	0.63306	0.04126	0.09637	0.01129	0.00313	0.00437	0.01763	0.00627	0.00582
7	0.01707	0.02017	0.06685	0.01761	0.02151	0.22551	0.15770	0.02211	0.08766	0.02137	0.14284	0.07194	0.02297	0.00956	0.00840	0.00219	0.06351	0.00815	0.00470	0.00819
8	0.01615	0.11316	0.05170	0.01359	0.01941	0.01448	0.08028	0.08785	0.08459	0.02395	0.01495	0.04396	0.01248	0.00667	0.00586	0.00156	0.00649	0.00563	0.00445	0.39282
9	0.04158	0.19238	0.19285	0.06531	0.02402	0.07789	0.09559	0.05419	0.01561	0.02078	0.04705	0.07196	0.01450	0.00821	0.00727	0.00208	0.04967	0.00661	0.00376	0.00868
10	0.01563	0.01114	0.01411	0.01293	0.01511	0.01245	0.01030	0.08948	0.10698	0.10444	0.09252	0.18035	0.02885	0.01537	0.03829	0.00291	0.13723	0.09764	0.00614	0.00814
11	0.01299	0.01173	0.01744	0.22130	0.09645	0.01213	0.05802	0.01847	0.09544	0.02190	0.13167	0.03045	0.12168	0.00938	0.00707	0.00208	0.00648	0.00833	0.00487	0.11213
12	0.01827	0.05681	0.01951	0.04357	0.04685	0.34281	0.09018	0.02089	0.01774	0.01925	0.11322	0.02755	0.13614	0.00945	0.00693	0.00199	0.00902	0.00767	0.00447	0.00766
13	0.01908	0.01503	0.01609	0.01361	0.01753	0.01686	0.01067	0.26609	0.35613	0.03213	0.06127	0.02569	0.02044	0.08622	0.00984	0.00266	0.00617	0.00766	0.00666	0.01019
14	0.01416	0.01478	0.09539	0.01199	0.01638	0.05052	0.01028	0.08598	0.04359	0.02257	0.02241	0.21546	0.04654	0.03620	0.00765	0.00206	0.00602	0.00925	0.00499	0.28377
15	0.01905	0.04212	0.16612	0.01681	0.05486	0.01546	0.05847	0.14370	0.12906	0.12462	0.01802	0.01890	0.01325	0.01030	0.05529	0.00262	0.00824	0.00619	0.00526	0.09165
16	0.01711	0.06709	0.10985	0.01301	0.01888	0.09284	0.01176	0.12638	0.01795	0.02465	0.04999	0.01764	0.03452	0.00686	0.00586	0.00154	0.00693	0.00528	0.00446	0.36740

[dist]
# distance from previous block
# <min> <max>
3	66

[block]
# block no. 6 follows, 31 sequences, length 12
# corresponding to MSA columns:
# 1227-1238
name=unknown_G
#
# <colnr> <probs for GDERKNQSTAVLIFYWHMCP>
#	G	D	E	R	K	N	Q	S	T	A	V	L	I	F	Y	W	H	M	C	P
0	0.01816	0.01829	0.18647	0.01541	0.05361	0.01382	0.01397	0.18726	0.05998	0.12654	0.05981	0.11333	0.08235	0.01051	0.00717	0.00222	0.00680	0.00876	0.00589	0.00965
1	0.01296	0.01270	0.11130	0.01153	0.01517	0.00945	0.01011	0.01815	0.09928	0.07510	0.18414	0.23999	0.03448	0.01284	0.00739	0.00219	0.00513	0.01124	0.00604	0.12079
2	0.01308	0.01038	0.01263	0.01010	0.01445	0.00825	0.00787	0.01511	0.01346	0.02023	0.01630	0.08693	0.01582	0.01028	0.00882	0.11521	0.00519	0.05750	0.00428	0.55411
3	0.01127	0.00924	0.01403	0.01578	0.11270	0.01063	0.01058	0.01369	0.01152	0.01667	0.01694	0.02568	0.01604	0.09267	0.51445	0.00868	0.08184	0.00722	0.00360	0.00676
4	0.01275	0.00638	0.00638	0.00638	0.00797	0.00638	0.00478	0.01594	0.01435	0.02551	0.02232	0.02551	0.01754	0.00797	0.00478	0.00159	0.00319	0.00638	0.79755	0.00638
5	0.01544	0.01304	0.01589	0.01370	0.01686	0.01460	0.04993	0.09635	0.26248	0.02550	0.02907	0.03215	0.12326	0.01103	0.00934	0.00235	0.11116	0.05672	0.06734	0.03377
6	0.01072	0.00880	0.01204	0.01414	0.12413	0.00821	0.02667	0.01294	0.01490	0.03551	0.07074	0.11716	0.35052	0.07304	0.05544	0.00321	0.00583	0.04370	0.00556	0.00675
7	0.01497	0.01497	0.02095	0.01796	0.01796	0.02095	0.01497	0.01646	0.01048	0.01646	0.00898	0.01497	0.00898	0.01197	0.02245	0.00299	0.74704	0.00599	0.00299	0.00748
8	0.01682	0.00961	0.01166	0.01034	0.01285	0.00976	0.00785	0.08313	0.06111	0.17709	0.02494	0.03282	0.05125	0.20190	0.13497	0.00471	0.00784	0.03172	0.10193	0.00771
9	0.01733	0.01490	0.02313	0.09252	0.28118	0.01538	0.07940	0.12449	0.01789	0.05533	0.05403	0.05713	0.01563	0.00806	0.00787	0.00211	0.05065	0.00720	0.00453	0.07123
10	0.07490	0.01406	0.01966	0.08911	0.25408	0.06845	0.05650	0.01890	0.01583	0.04757	0.11486	0.09555	0.02261	0.00946	0.00705	0.00216	0.00717	0.03824	0.00465	0.03918
11	0.11358	0.07604	0.16278	0.05328	0.08467	0.05615	0.01472	0.12853	0.05736	0.02586	0.01323	0.01499	0.01021	0.00661	0.00590	0.00185	0.00759	0.00504	0.00423	0.15736

[dist]
# distance from previous block
# <min> <max>
0	6

[block]
# block no. 7 follows, 31 sequences, length 48
# corresponding to MSA columns:
# 1245-1292
name=unknown_H
#
# <colnr> <probs for GDERKNQSTAVLIFYWHMCP>
#	G	D	E	R	K	N	Q	S	T	A	V	L	I	F	Y	W	H	M	C	P
0	0.08419	0.00717	0.00945	0.00925	0.00990	0.00742	0.00640	0.03937	0.01043	0.01529	0.01354	0.06736	0.01363	0.02137	0.02268	0.64271	0.00582	0.00662	0.00347	0.00391
1	0.05708	0.01238	0.01669	0.01305	0.01760	0.01202	0.03715	0.07235	0.01871	0.50518	0.02307	0.02156	0.01526	0.00855	0.00813	0.00216	0.07546	0.00664	0.06635	0.01060
2	0.01402	0.08262	0.67948	0.01899	0.02883	0.01661	0.02440	0.02159	0.01441	0.02130	0.01210	0.01422	0.00867	0.00646	0.00636	0.00212	0.00993	0.00496	0.00289	0.01002
3	0.01658	0.11579	0.03239	0.02285	0.06050	0.01692	0.40421	0.06402	0.01673	0.04906	0.01920	0.07541	0.05782	0.00796	0.00744	0.00219	0.00925	0.00847	0.00420	0.00900
4	0.12100	0.08102	0.47885	0.01768	0.04150	0.07008	0.02027	0.02248	0.04728	0.02247	0.01235	0.01419	0.00915	0.00660	0.00606	0.00209	0.00917	0.00488	0.00332	0.00955
5	0.01202	0.00917	0.01073	0.01050	0.01275	0.00916	0.00824	0.10430	0.06935	0.02409	0.14341	0.17840	0.21512	0.01606	0.00823	0.00251	0.00478	0.14744	0.00663	0.00710
6	0.04125	0.02019	0.21958	0.11226	0.02524	0.06637	0.04769	0.02284	0.01587	0.18256	0.01834	0.03684	0.03908	0.00759	0.00654	0.00201	0.00799	0.00625	0.00469	0.11683
7	0.01550	0.01381	0.04343	0.01271	0.01776	0.01209	0.06037	0.15167	0.05725	0.02606	0.04361	0.07161	0.10868	0.00899	0.00653	0.00176	0.00592	0.00764	0.00524	0.32937
8	0.00965	0.00694	0.00888	0.00999	0.01077	0.00673	0.00685	0.06059	0.01452	0.01938	0.03612	0.69999	0.04274	0.02045	0.00859	0.00272	0.00423	0.01846	0.00639	0.00601
9	0.01405	0.01236	0.01603	0.01164	0.01750	0.00961	0.06439	0.01722	0.01429	0.02202	0.01360	0.05222	0.01194	0.00596	0.00550	0.00121	0.00554	0.00517	0.00412	0.69562
10	0.02330	0.04810	0.01891	0.01610	0.02007	0.54396	0.01231	0.06848	0.01907	0.01914	0.01142	0.01334	0.00947	0.00844	0.03249	0.00201	0.01114	0.00456	0.00380	0.11388
11	0.00947	0.00698	0.00885	0.00838	0.01009	0.00637	0.00629	0.01250	0.01887	0.02625	0.62786	0.05306	0.15072	0.01443	0.00807	0.00217	0.00326	0.01265	0.00737	0.00637
12	0.01359	0.01207	0.01475	0.03890	0.16734	0.09027	0.01140	0.01608	0.01454	0.01921	0.05528	0.06145	0.04740	0.10101	0.10769	0.02811	0.00854	0.12488	0.06039	0.00711
13	0.00989	0.00742	0.00944	0.01012	0.01192	0.00697	0.00838	0.01264	0.01645	0.02132	0.18503	0.06850	0.24189	0.01743	0.00877	0.00270	0.00484	0.34356	0.00657	0.00618
14	0.06518	0.05139	0.08318	0.01588	0.04584	0.04430	0.01337	0.36629	0.12727	0.04836	0.01672	0.01697	0.01229	0.00771	0.00645	0.00201	0.00732	0.00588	0.00582	0.05776
15	0.00831	0.00637	0.00763	0.00852	0.00969	0.00568	0.00593	0.00981	0.01434	0.01835	0.08371	0.46532	0.29269	0.01954	0.00846	0.00257	0.00375	0.01724	0.00641	0.00568
16	0.02089	0.01616	0.04194	0.09969	0.27748	0.03341	0.01594	0.15936	0.01946	0.15968	0.01609	0.01777	0.01182	0.00701	0.00665	0.00199	0.00758	0.00602	0.00507	0.07601
17	0.01508	0.01531	0.14947	0.01584	0.02052	0.01100	0.15508	0.01906	0.01591	0.13785	0.09266	0.16839	0.05942	0.03329	0.00858	0.00251	0.00716	0.05907	0.00550	0.00830
18	0.00882	0.00635	0.00774	0.00852	0.00918	0.00594	0.00559	0.00990	0.01302	0.01712	0.08098	0.41593	0.14091	0.21932	0.01563	0.00371	0.00456	0.01569	0.00583	0.00527
19	0.02181	0.03606	0.10870	0.01847	0.02465	0.01657	0.19125	0.18845	0.10190	0.19244	0.01893	0.01928	0.01322	0.00750	0.00709	0.00217	0.00823	0.00683	0.00579	0.01066
20	0.02021	0.04392	0.06223	0.04371	0.18346	0.03387	0.06173	0.19885	0.07780	0.10461	0.05367	0.01959	0.01505	0.00759	0.00679	0.00204	0.00755	0.00653	0.00535	0.04545
21	0.05338	0.01440	0.01634	0.24766	0.05255	0.13329	0.01322	0.01864	0.01518	0.07113	0.03805	0.11704	0.06977	0.01081	0.00814	0.00233	0.05555	0.05040	0.00457	0.00757
22	0.00902	0.00711	0.00820	0.00842	0.01020	0.00646	0.00623	0.01179	0.04550	0.02082	0.20551	0.20748	0.36488	0.01716	0.00823	0.00241	0.00373	0.04409	0.00664	0.00612
23	0.01307	0.06865	0.04118	0.05322	0.02011	0.01498	0.13070	0.01584	0.01237	0.01739	0.01596	0.09375	0.01564	0.05650	0.19610	0.00487	0.21076	0.00803	0.00363	0.00727
24	0.01705	0.01640	0.07330	0.03923	0.04124	0.01528	0.12869	0.18762	0.09804	0.02796	0.08331	0.04202	0.03806	0.00851	0.00752	0.00206	0.03311	0.00744	0.00526	0.12790
25	0.00834	0.00595	0.00794	0.00953	0.00992	0.00556	0.00635	0.00953	0.01310	0.01746	0.03771	0.75510	0.04525	0.02143	0.00873	0.00278	0.00397	0.01945	0.00635	0.00556
26	0.00834	0.00595	0.00794	0.00953	0.00992	0.00556	0.00635	0.00953	0.01310	0.01746	0.03771	0.75510	0.04525	0.02143	0.00873	0.00278	0.00397	0.01945	0.00635	0.00556
27	0.01826	0.02055	0.16281	0.02487	0.22009	0.05034	0.09740	0.06495	0.16540	0.08017	0.01732	0.01873	0.01295	0.00718	0.00690	0.00215	0.00832	0.00646	0.00468	0.01047
28	0.01968	0.01767	0.01740	0.01596	0.05375	0.13078	0.01194	0.22328	0.21907	0.02904	0.06574	0.07698	0.02022	0.00999	0.00776	0.00221	0.04132	0.02153	0.00599	0.00968
29	0.01497	0.01497	0.02095	0.01796	0.01796	0.02095	0.01497	0.01646	0.01048	0.01646	0.00898	0.01497	0.00898	0.01197	0.02245	0.00299	0.74704	0.00599	0.00299	0.00748
30	0.19660	0.01951	0.04067	0.01734	0.07099	0.18825	0.08752	0.08696	0.05076	0.04191	0.01475	0.01942	0.01225	0.00765	0.00628	0.00204	0.00833	0.05488	0.00450	0.06938
31	0.61277	0.10769	0.03510	0.01046	0.01500	0.08554	0.00902	0.02089	0.01274	0.02730	0.00971	0.01131	0.00775	0.00636	0.00451	0.00200	0.00636	0.00381	0.00397	0.00771
32	0.01768	0.22761	0.02092	0.01343	0.06132	0.01710	0.01059	0.19385	0.03664	0.05896	0.08702	0.02984	0.17802	0.01004	0.00653	0.00196	0.00607	0.00796	0.00552	0.00895
33	0.00851	0.00641	0.00792	0.00898	0.01006	0.00582	0.00637	0.01008	0.01423	0.01834	0.07077	0.48221	0.23683	0.01980	0.00858	0.00265	0.00397	0.06636	0.00639	0.00571
34	0.01391	0.01180	0.01375	0.00996	0.01565	0.00896	0.00785	0.01675	0.01391	0.02171	0.01277	0.01617	0.01109	0.05400	0.00700	0.00138	0.00517	0.00444	0.00406	0.74968
35	0.00858	0.00625	0.00809	0.00912	0.00992	0.00575	0.00627	0.01022	0.01456	0.01953	0.17443	0.55502	0.10779	0.01960	0.00854	0.00261	0.00378	0.01761	0.00658	0.00575
36	0.01815	0.00994	0.01305	0.03329	0.01565	0.00861	0.00877	0.02057	0.01569	0.26997	0.02537	0.22067	0.02323	0.01338	0.04152	0.00246	0.00583	0.02905	0.00627	0.21854
37	0.02533	0.01883	0.02015	0.01560	0.02096	0.02090	0.01284	0.64472	0.08263	0.04203	0.01728	0.01711	0.01233	0.00829	0.00685	0.00207	0.00737	0.00628	0.00685	0.01157
38	0.00895	0.00629	0.00768	0.00853	0.00891	0.00599	0.00540	0.00971	0.01205	0.01589	0.03369	0.42628	0.08618	0.31044	0.01891	0.00425	0.00498	0.01536	0.00549	0.00502
39	0.01362	0.01013	0.01466	0.01200	0.01569	0.00879	0.08513	0.01664	0.01573	0.08577	0.16521	0.15615	0.02981	0.01243	0.03297	0.00226	0.00575	0.03369	0.03333	0.25023
40	0.01550	0.11886	0.11236	0.01412	0.01764	0.10022	0.01276	0.05792	0.05171	0.02046	0.06902	0.05653	0.04420	0.01554	0.10845	0.00339	0.13865	0.00710	0.02754	0.00803
41	0.01275	0.00638	0.00638	0.00638	0.00797	0.00638	0.00478	0.01594	0.01435	0.02551	0.02232	0.02551	0.01754	0.00797	0.00478	0.00159	0.00319	0.00638	0.79755	0.00638
42	0.00940	0.00714	0.00993	0.01000	0.01135	0.00773	0.00763	0.01162	0.01233	0.01698	0.06536	0.08144	0.13951	0.05858	0.50863	0.00843	0.01381	0.00963	0.00451	0.00599
43	0.01592	0.03144	0.54254	0.02003	0.04816	0.06200	0.06617	0.04043	0.03648	0.05389	0.01353	0.01543	0.00967	0.00669	0.00663	0.00215	0.00989	0.00543	0.00346	0.01006
44	0.12430	0.01473	0.03647	0.01313	0.01765	0.04812	0.01101	0.11140	0.04541	0.37401	0.02033	0.01946	0.01383	0.00841	0.00798	0.00217	0.08027	0.00615	0.03492	0.01025
45	0.01376	0.02499	0.39107	0.01975	0.02717	0.01455	0.18165	0.02070	0.04274	0.02248	0.08794	0.02552	0.01822	0.00837	0.00734	0.00230	0.00920	0.06908	0.00399	0.00919
46	0.00980	0.00646	0.00767	0.00816	0.00858	0.00632	0.00518	0.01075	0.01198	0.01674	0.05977	0.25312	0.03240	0.40193	0.02181	0.00463	0.00530	0.03247	0.09196	0.00498
47	0.11921	0.04745	0.06646	0.01910	0.09862	0.17404	0.09653	0.08211	0.01689	0.04036	0.01266	0.01514	0.01003	0.00701	0.00732	0.00198	0.06374	0.00537	0.04175	0.07423

[dist]
# distance from previous block
# <min> <max>
0	1

[block]
# block no. 8 follows, 31 sequences, length 26
# corresponding to MSA columns:
# 1294-1319
name=unknown_I
#
# <colnr> <probs for GDERKNQSTAVLIFYWHMCP>
#	G	D	E	R	K	N	Q	S	T	A	V	L	I	F	Y	W	H	M	C	P
0	0.01573	0.01487	0.04032	0.02135	0.16708	0.03456	0.13095	0.08301	0.01648	0.03791	0.01927	0.15338	0.03463	0.00953	0.00783	0.00208	0.04345	0.00867	0.00455	0.15435
1	0.00838	0.00632	0.00775	0.00871	0.00975	0.00569	0.00603	0.00989	0.01433	0.01858	0.10293	0.50098	0.23656	0.01965	0.00849	0.00259	0.00376	0.01744	0.00645	0.00569
2	0.01577	0.03647	0.13182	0.04610	0.02083	0.07358	0.06085	0.02403	0.19647	0.04071	0.08568	0.02396	0.01937	0.00829	0.00662	0.00201	0.00703	0.02781	0.05572	0.11688
3	0.01504	0.14935	0.04660	0.01044	0.01469	0.01226	0.00907	0.04273	0.03903	0.09821	0.20797	0.03320	0.14038	0.01024	0.00661	0.00186	0.00513	0.00841	0.00576	0.14301
4	0.01974	0.31771	0.02431	0.01341	0.01805	0.22775	0.01137	0.07641	0.06384	0.02036	0.04879	0.01773	0.04865	0.00755	0.00569	0.00170	0.00813	0.00535	0.00416	0.05931
5	0.03894	0.21327	0.34967	0.14954	0.02813	0.01802	0.01894	0.02048	0.01443	0.03819	0.04196	0.01597	0.01136	0.00677	0.00604	0.00201	0.00867	0.00521	0.00331	0.00911
6	0.10121	0.02031	0.04020	0.19826	0.05687	0.21393	0.01446	0.16031	0.05415	0.05642	0.01382	0.01594	0.01038	0.00728	0.00639	0.00206	0.00894	0.00548	0.00452	0.00906
7	0.80789	0.01323	0.01006	0.00900	0.01323	0.01535	0.00741	0.02011	0.01164	0.03070	0.00953	0.01111	0.00741	0.00635	0.00423	0.00212	0.00529	0.00370	0.00423	0.00741
8	0.00968	0.00699	0.00914	0.00861	0.01022	0.00646	0.00646	0.01291	0.01937	0.02743	0.71328	0.05110	0.06455	0.01399	0.00807	0.00215	0.00323	0.01237	0.00753	0.00646
9	0.01980	0.01613	0.01606	0.01230	0.01781	0.12065	0.00981	0.11127	0.01813	0.12223	0.01457	0.01548	0.01109	0.00626	0.00573	0.00142	0.00660	0.00478	0.00496	0.46491
10	0.00845	0.00604	0.00807	0.00966	0.01010	0.00566	0.00655	0.00972	0.01321	0.01759	0.03764	0.72620	0.04500	0.02133	0.00876	0.00279	0.00407	0.04722	0.00635	0.00559
11	0.01372	0.03539	0.72412	0.01950	0.02961	0.01589	0.02528	0.02167	0.01444	0.02167	0.01228	0.01444	0.00867	0.00650	0.00650	0.00217	0.01011	0.00506	0.00289	0.01011
12	0.01379	0.01343	0.01920	0.01677	0.01707	0.01801	0.03558	0.01537	0.01115	0.01683	0.01442	0.15111	0.01569	0.01351	0.01946	0.00293	0.58636	0.00853	0.00363	0.00719
13	0.00834	0.00595	0.00794	0.00953	0.00992	0.00556	0.00635	0.00953	0.01310	0.01746	0.03771	0.75510	0.04525	0.02143	0.00873	0.00278	0.00397	0.01945	0.00635	0.00556
14	0.00908	0.00669	0.00849	0.00862	0.01000	0.00611	0.00625	0.01152	0.01707	0.02336	0.43157	0.25057	0.15226	0.01655	0.00826	0.00235	0.00347	0.01465	0.00703	0.00611
15	0.01863	0.01339	0.01574	0.14653	0.02173	0.01497	0.01145	0.25751	0.12786	0.05590	0.01981	0.03950	0.01513	0.00841	0.00640	0.00204	0.00626	0.00681	0.20262	0.00931
16	0.01495	0.00880	0.00918	0.00837	0.01062	0.00926	0.00645	0.11685	0.06322	0.02772	0.02137	0.02397	0.01665	0.00878	0.00618	0.03630	0.00410	0.00642	0.59351	0.00730
17	0.01143	0.00790	0.00950	0.00902	0.01110	0.00732	0.00676	0.05860	0.01802	0.06852	0.31729	0.18301	0.23445	0.01557	0.00804	0.00230	0.00389	0.01350	0.00700	0.00678
18	0.01708	0.01611	0.02247	0.11916	0.04808	0.06146	0.15120	0.12220	0.01748	0.02410	0.01293	0.01597	0.01016	0.00641	0.00711	0.00178	0.04128	0.00565	0.00411	0.29527
19	0.32311	0.01701	0.01382	0.01225	0.01610	0.16091	0.00973	0.09299	0.08870	0.07409	0.01617	0.02003	0.01316	0.02811	0.00654	0.00222	0.00701	0.04768	0.04198	0.00839
20	0.00927	0.00688	0.00834	0.00811	0.00961	0.00627	0.00585	0.01161	0.01691	0.02293	0.43424	0.09073	0.21241	0.11305	0.01162	0.00281	0.00377	0.01292	0.00675	0.00594
21	0.01467	0.09095	0.37272	0.02084	0.05214	0.01624	0.20518	0.02085	0.01511	0.02177	0.04348	0.01765	0.01223	0.00665	0.00671	0.00210	0.00943	0.00620	0.05571	0.00937
22	0.00869	0.00665	0.00799	0.00848	0.00993	0.00595	0.00615	0.01065	0.01565	0.02038	0.21291	0.30281	0.29480	0.01802	0.00837	0.00247	0.00370	0.04387	0.00664	0.00589
23	0.01784	0.01514	0.02459	0.13446	0.34952	0.01573	0.08361	0.07497	0.06899	0.08465	0.01578	0.01893	0.01221	0.00899	0.04238	0.00256	0.00865	0.00655	0.00434	0.01011
24	0.01822	0.15563	0.02710	0.01815	0.02296	0.15182	0.22909	0.07381	0.01780	0.04407	0.09822	0.05324	0.01838	0.00945	0.03008	0.00230	0.00929	0.00739	0.00442	0.00857
25	0.22637	0.05807	0.01681	0.01354	0.01778	0.24172	0.01078	0.15813	0.06557	0.05821	0.01708	0.01757	0.05528	0.00791	0.00592	0.00199	0.00797	0.00551	0.00498	0.00880

[dist]
# distance from previous block
# <min> <max>
2	6

[block]
# block no. 9 follows, 31 sequences, length 10
# corresponding to MSA columns:
# 1327-1336
name=unknown_J
#
# <colnr> <probs for GDERKNQSTAVLIFYWHMCP>
#	G	D	E	R	K	N	Q	S	T	A	V	L	I	F	Y	W	H	M	C	P
0	0.01642	0.01573	0.02684	0.13169	0.63120	0.01612	0.02074	0.02055	0.01534	0.02173	0.01278	0.01710	0.01062	0.00619	0.00678	0.00206	0.00825	0.00609	0.00334	0.01042
1	0.01257	0.01191	0.01345	0.06214	0.01592	0.09680	0.01017	0.01481	0.01374	0.01776	0.08799	0.03367	0.12717	0.05484	0.23336	0.00522	0.13954	0.03796	0.00439	0.00658
2	0.00848	0.00634	0.00791	0.00898	0.00996	0.00577	0.00629	0.01003	0.01423	0.01852	0.09130	0.51520	0.20428	0.01985	0.00856	0.00264	0.00390	0.04564	0.00643	0.00570
