[name]
unknown

[dist]
# distance from previous block
# <min> <max>
0	212

[block]
# block no. 0 follows, 33 sequences, length 28
# corresponding to MSA columns:
# 225-252
name=unknown_A
#
# <colnr> <probs for GDERKNQSTAVLIFYWHMCP>
#	G	D	E	R	K	N	Q	S	T	A	V	L	I	F	Y	W	H	M	C	P
0	0.09519	0.11210	0.12105	0.01435	0.01949	0.06380	0.05709	0.11503	0.05461	0.15839	0.01652	0.01902	0.01265	0.01045	0.05741	0.00261	0.02316	0.03299	0.00491	0.00918
1	0.01624	0.12690	0.22553	0.12863	0.04111	0.06530	0.01575	0.06955	0.03408	0.06523	0.01616	0.01786	0.05320	0.00717	0.00633	0.00190	0.02217	0.00555	0.00387	0.07746
2	0.01120	0.00779	0.01020	0.01115	0.03470	0.00789	0.00799	0.01492	0.09047	0.05762	0.05641	0.34071	0.03349	0.06525	0.08272	0.00358	0.00604	0.12044	0.03091	0.00653
3	0.01703	0.02105	0.20036	0.02328	0.17420	0.04352	0.14915	0.15812	0.04670	0.02561	0.04809	0.01782	0.01293	0.00687	0.00671	0.00204	0.00852	0.00630	0.02200	0.00971
4	0.04556	0.09362	0.10726	0.01490	0.05772	0.14363	0.01245	0.06680	0.01633	0.14192	0.02966	0.08976	0.01502	0.00864	0.00716	0.00197	0.05801	0.00660	0.05433	0.02866
5	0.00908	0.00644	0.00853	0.00903	0.00958	0.00670	0.00621	0.01028	0.01099	0.01502	0.02488	0.25648	0.02788	0.28651	0.25436	0.00651	0.00923	0.03265	0.00455	0.00508
6	0.01050	0.00806	0.01117	0.04896	0.09081	0.00767	0.00837	0.01347	0.01714	0.04096	0.45269	0.06470	0.15529	0.01297	0.00760	0.00213	0.00411	0.03030	0.00637	0.00672
7	0.01322	0.00994	0.01278	0.01433	0.12627	0.01004	0.00922	0.06963	0.10631	0.04473	0.22165	0.10444	0.10103	0.01132	0.00694	0.00207	0.00460	0.00984	0.11385	0.00778
8	0.01911	0.39747	0.07490	0.01322	0.01839	0.10353	0.01227	0.18195	0.01804	0.02213	0.01261	0.04899	0.01105	0.00852	0.02990	0.00199	0.00802	0.00511	0.00395	0.00886
9	0.12012	0.01458	0.01660	0.01287	0.01792	0.01503	0.01063	0.32854	0.02330	0.34381	0.01949	0.01811	0.01296	0.00780	0.00630	0.00201	0.00627	0.00595	0.00698	0.01072
10	0.01769	0.01970	0.01414	0.01345	0.01577	0.37323	0.00984	0.04470	0.07426	0.01817	0.03647	0.23619	0.02209	0.06395	0.00869	0.00237	0.00822	0.00934	0.00470	0.00704
11	0.01705	0.28036	0.30080	0.04056	0.06157	0.05467	0.01726	0.11670	0.01638	0.02161	0.01142	0.01319	0.00891	0.00629	0.00562	0.00182	0.00844	0.00461	0.00339	0.00936
12	0.01881	0.00917	0.01184	0.00991	0.01314	0.00843	0.00786	0.04764	0.03504	0.32286	0.32752	0.03398	0.03608	0.01042	0.00694	0.00201	0.00436	0.00886	0.07653	0.00859
13	0.00961	0.00739	0.00894	0.00918	0.01070	0.00722	0.00670	0.01389	0.11097	0.02153	0.25607	0.31246	0.14821	0.01611	0.00790	0.00237	0.00378	0.03408	0.00655	0.00637
14	0.01487	0.04476	0.42798	0.04262	0.04819	0.09164	0.04266	0.02204	0.09140	0.02025	0.01361	0.01659	0.01058	0.04485	0.00828	0.00230	0.03943	0.00549	0.00338	0.00908
15	0.00928	0.00636	0.00717	0.00729	0.00754	0.00622	0.00426	0.00953	0.01034	0.01357	0.02640	0.10388	0.09255	0.63570	0.02900	0.00568	0.00588	0.01073	0.00437	0.00425
16	0.01491	0.01413	0.02397	0.20503	0.51839	0.01489	0.01893	0.01883	0.01426	0.01998	0.01259	0.01725	0.01046	0.00905	0.05749	0.00261	0.00872	0.00594	0.00320	0.00938
17	0.00859	0.00632	0.00795	0.00897	0.00971	0.00602	0.00609	0.01066	0.04683	0.01772	0.07992	0.57653	0.09848	0.07108	0.00997	0.00283	0.00398	0.01672	0.00606	0.00557
18	0.00917	0.00682	0.00806	0.00769	0.00961	0.00602	0.00579	0.01166	0.01710	0.04043	0.42830	0.05451	0.34156	0.01469	0.00774	0.00213	0.00327	0.01262	0.00679	0.00606
19	0.01188	0.01086	0.01808	0.61834	0.03926	0.01347	0.01646	0.01590	0.01270	0.01654	0.01278	0.01906	0.01017	0.01433	0.13993	0.00371	0.01038	0.00607	0.00303	0.00705
20	0.05963	0.23571	0.02439	0.07034	0.03715	0.19615	0.05827	0.15022	0.01789	0.02191	0.01225	0.01419	0.02261	0.00694	0.00649	0.00183	0.04662	0.00497	0.00385	0.00857
21	0.01568	0.04129	0.13481	0.07077	0.21771	0.01264	0.01488	0.04695	0.01584	0.11251	0.08763	0.09265	0.03957	0.00897	0.00672	0.00205	0.00672	0.02044	0.00473	0.04743
22	0.04825	0.14624	0.14229	0.03318	0.02080	0.10540	0.06037	0.07545	0.03768	0.17058	0.01663	0.01966	0.01280	0.00756	0.00615	0.00196	0.00781	0.04737	0.03066	0.00914
23	0.01803	0.72663	0.03351	0.01162	0.01711	0.07046	0.01135	0.02012	0.01370	0.01553	0.00922	0.01064	0.00845	0.00570	0.00433	0.00143	0.00734	0.00356	0.00285	0.00840
24	0.00911	0.00640	0.00808	0.00847	0.00967	0.00584	0.00600	0.01100	0.01510	0.04153	0.26980	0.36321	0.16082	0.04269	0.00889	0.00251	0.00364	0.01497	0.00648	0.00580
25	0.01706	0.07913	0.31469	0.01750	0.06058	0.17231	0.01709	0.04822	0.07132	0.04033	0.01394	0.04513	0.01130	0.00790	0.00726	0.02810	0.02996	0.00560	0.00369	0.00891
26	0.01902	0.33143	0.10444	0.01715	0.10471	0.18245	0.01404	0.09402	0.01673	0.01978	0.01250	0.01406	0.03051	0.00656	0.00546	0.00170	0.00842	0.00468	0.00349	0.00885
27	0.04845	0.26611	0.22068	0.01499	0.05522	0.08447	0.01458	0.04207	0.01474	0.01984	0.03405	0.04046	0.01164	0.00671	0.00547	0.00171	0.00770	0.00500	0.00344	0.10266

[dist]
# distance from previous block
# <min> <max>
0	4

[block]
# block no. 1 follows, 33 sequences, length 13
# corresponding to MSA columns:
# 257-269
name=unknown_B
#
# <colnr> <probs for GDERKNQSTAVLIFYWHMCP>
#	G	D	E	R	K	N	Q	S	T	A	V	L	I	F	Y	W	H	M	C	P
0	0.06079	0.06296	0.01528	0.01478	0.11279	0.02713	0.01007	0.03770	0.17398	0.07774	0.03851	0.12222	0.03757	0.00973	0.00633	0.00201	0.00539	0.02923	0.09413	0.06167
1	0.03998	0.01196	0.03882	0.01110	0.01461	0.01167	0.00910	0.13823	0.16568	0.10825	0.24650	0.03464	0.12018	0.01088	0.00705	0.00210	0.00487	0.00909	0.00672	0.00859
2	0.00955	0.00648	0.00765	0.00765	0.00781	0.00664	0.00458	0.00988	0.00971	0.01311	0.02031	0.04069	0.02290	0.66896	0.13177	0.00696	0.00794	0.00922	0.00392	0.00425
3	0.05917	0.01655	0.02321	0.05841	0.44053	0.08401	0.01729	0.03760	0.01474	0.03947	0.01179	0.01546	0.00988	0.00707	0.00891	0.00210	0.13541	0.00560	0.00345	0.00937
4	0.01482	0.01166	0.01377	0.00990	0.01569	0.00884	0.00794	0.01772	0.01403	0.07379	0.01275	0.01430	0.01023	0.00512	0.00500	0.00105	0.00493	0.00410	0.00421	0.75014
5	0.01648	0.07315	0.34423	0.01539	0.04790	0.01286	0.01625	0.02136	0.01552	0.18341	0.08768	0.05497	0.04394	0.00870	0.00659	0.00208	0.00728	0.02817	0.00483	0.00921
6	0.01039	0.00745	0.01044	0.01168	0.01308	0.00761	0.00997	0.01319	0.01426	0.01876	0.03181	0.06609	0.03426	0.05765	0.11188	0.00423	0.00768	0.55800	0.00561	0.00594
7	0.02258	0.01329	0.01508	0.01214	0.01641	0.01390	0.00984	0.27182	0.12981	0.23946	0.02158	0.02077	0.01516	0.00809	0.00623	0.00195	0.00565	0.00641	0.15972	0.01011
8	0.01410	0.01396	0.01959	0.01688	0.01695	0.01945	0.01403	0.01560	0.01011	0.01581	0.00918	0.01509	0.00911	0.01378	0.06468	0.00334	0.71244	0.00584	0.00292	0.00712
9	0.01554	0.01776	0.03885	0.02775	0.03441	0.01665	0.70366	0.02109	0.01554	0.02109	0.01332	0.01776	0.00999	0.00555	0.00777	0.00222	0.01110	0.00777	0.00333	0.00888
10	0.00946	0.00726	0.00847	0.00797	0.00996	0.00663	0.00603	0.04437	0.01778	0.02368	0.42799	0.05324	0.32408	0.01448	0.00771	0.00213	0.00339	0.01241	0.00676	0.00619
11	0.00955	0.00648	0.00765	0.00765	0.00781	0.00664	0.00458	0.00988	0.00971	0.01311	0.02031	0.04069	0.02290	0.66896	0.13177	0.00696	0.00794	0.00922	0.00392	0.00425
12	0.65056	0.01671	0.03992	0.01045	0.01464	0.13697	0.00875	0.02058	0.01256	0.02694	0.00944	0.01102	0.00740	0.00623	0.00447	0.00198	0.00642	0.00373	0.00391	0.00732

[dist]
# distance from previous block
# <min> <max>
0	1

[block]
# block no. 2 follows, 33 sequences, length 35
# corresponding to MSA columns:
# 271-305
name=unknown_C
#
# <colnr> <probs for GDERKNQSTAVLIFYWHMCP>
#	G	D	E	R	K	N	Q	S	T	A	V	L	I	F	Y	W	H	M	C	P
0	0.07610	0.02045	0.09432	0.05287	0.02233	0.13742	0.06410	0.27535	0.10130	0.04650	0.01566	0.01767	0.01186	0.00760	0.00644	0.00204	0.00817	0.02513	0.00510	0.00957
1	0.01320	0.03405	0.73453	0.01876	0.02849	0.01529	0.02432	0.02085	0.01390	0.02085	0.01181	0.01390	0.00834	0.00625	0.00625	0.00208	0.00973	0.00486	0.00278	0.00973
2	0.02057	0.01785	0.01815	0.01499	0.01927	0.12127	0.05065	0.32225	0.19522	0.03078	0.02024	0.02250	0.03398	0.00869	0.00670	0.00207	0.00732	0.04610	0.03164	0.00974
3	0.00778	0.00667	0.00667	0.00667	0.00889	0.00556	0.00500	0.00945	0.01501	0.01778	0.06669	0.06336	0.72490	0.01667	0.00778	0.00222	0.00333	0.01389	0.00611	0.00556
4	0.00956	0.00645	0.00750	0.00750	0.00761	0.00656	0.00439	0.00978	0.00967	0.01300	0.02045	0.04146	0.02323	0.70091	0.10028	0.00678	0.00744	0.00934	0.00395	0.00417
5	0.81514	0.01273	0.00968	0.00866	0.01273	0.01477	0.00713	0.01935	0.01120	0.02954	0.00917	0.01069	0.00713	0.00611	0.00407	0.00204	0.00509	0.00356	0.00407	0.00713
6	0.00940	0.00705	0.01058	0.01058	0.01176	0.00823	0.00823	0.01176	0.01058	0.01528	0.01763	0.02586	0.01646	0.04937	0.74255	0.01058	0.01763	0.00705	0.00353	0.00588
7	0.01401	0.01573	0.09809	0.30287	0.25525	0.01483	0.09042	0.01917	0.04522	0.01965	0.01404	0.05587	0.01169	0.00705	0.00675	0.00214	0.00840	0.00669	0.00339	0.00875
8	0.09322	0.45360	0.02753	0.01409	0.05913	0.14108	0.01178	0.09624	0.01607	0.02010	0.01024	0.01170	0.00875	0.00613	0.00488	0.00161	0.00772	0.00404	0.00347	0.00861
9	0.00841	0.00614	0.00806	0.00921	0.00997	0.00559	0.00623	0.00968	0.01268	0.01713	0.03457	0.71208	0.04119	0.01953	0.00816	0.00256	0.00389	0.01768	0.00596	0.06129
10	0.01732	0.01506	0.02372	0.15267	0.23705	0.05009	0.12527	0.05639	0.01596	0.10387	0.05407	0.01890	0.01346	0.00732	0.00821	0.00213	0.07874	0.00651	0.00415	0.00909
11	0.00865	0.00675	0.00788	0.00773	0.00960	0.00597	0.00588	0.01106	0.01668	0.02186	0.36703	0.05747	0.38056	0.01528	0.00785	0.00220	0.00339	0.05165	0.00663	0.00589
12	0.01823	0.04854	0.05243	0.11663	0.21688	0.24739	0.16484	0.02192	0.01595	0.01888	0.01166	0.01506	0.00936	0.00618	0.00652	0.00194	0.00998	0.00564	0.00324	0.00872
13	0.00819	0.00619	0.00757	0.00826	0.00941	0.00557	0.00580	0.00985	0.01444	0.01888	0.17306	0.42358	0.24910	0.01812	0.00810	0.00243	0.00354	0.01602	0.00632	0.00557
14	0.01030	0.00816	0.00997	0.01012	0.01122	0.04903	0.00756	0.01224	0.01192	0.01630	0.05509	0.11918	0.02378	0.13857	0.40842	0.00736	0.01217	0.04984	0.03307	0.00569
15	0.01016	0.00716	0.01050	0.01037	0.01161	0.00815	0.00797	0.01235	0.01081	0.04168	0.01817	0.02700	0.01700	0.10068	0.66317	0.00995	0.01636	0.00722	0.00373	0.00594
16	0.02070	0.01496	0.01586	0.01334	0.01728	0.05512	0.01054	0.29531	0.18958	0.12974	0.02301	0.14485	0.01935	0.01027	0.00689	0.00215	0.00620	0.00845	0.00658	0.00983
17	0.07022	0.01183	0.01579	0.01248	0.01666	0.01172	0.01033	0.02864	0.01694	0.57267	0.02212	0.02041	0.01450	0.00861	0.00901	0.00218	0.13222	0.00631	0.00704	0.01030
18	0.38600	0.01592	0.01339	0.01137	0.01545	0.13666	0.00906	0.10599	0.01628	0.16675	0.01411	0.01561	0.01059	0.04881	0.00682	0.00221	0.00667	0.00490	0.00507	0.00834
19	0.01759	0.01371	0.01654	0.05119	0.12012	0.02761	0.01123	0.24891	0.01955	0.02794	0.01496	0.01728	0.01171	0.00868	0.03385	0.01990	0.00662	0.00549	0.13511	0.19203
20	0.01184	0.00665	0.00898	0.00956	0.01072	0.00610	0.00669	0.01300	0.01343	0.13714	0.03318	0.59826	0.03718	0.01864	0.00906	0.04691	0.00422	0.01596	0.00628	0.00620
21	0.01575	0.11021	0.15072	0.13919	0.06643	0.10686	0.04639	0.02159	0.10972	0.01911	0.01443	0.01702	0.02949	0.00765	0.00844	0.00211	0.11706	0.00570	0.00358	0.00854
22	0.01254	0.01027	0.01046	0.00968	0.01250	0.03306	0.00736	0.02023	0.25102	0.02242	0.03612	0.09727	0.22058	0.01147	0.00661	0.00202	0.00438	0.00959	0.14078	0.08165
23	0.00942	0.00700	0.01029	0.01029	0.01137	0.00807	0.00787	0.01157	0.01049	0.01507	0.01790	0.02733	0.01710	0.11079	0.68201	0.01022	0.01667	0.00727	0.00357	0.00572
24	0.00862	0.00628	0.00797	0.00868	0.00957	0.00592	0.00610	0.01021	0.01364	0.01817	0.15358	0.38142	0.13607	0.11200	0.04545	0.00336	0.00473	0.05689	0.00592	0.00542
25	0.37337	0.18368	0.09963	0.01200	0.01714	0.08955	0.01121	0.10596	0.01518	0.02565	0.01039	0.01178	0.00820	0.00631	0.00485	0.00186	0.00698	0.00406	0.00390	0.00827
26	0.00913	0.00720	0.00865	0.00929	0.02777	0.00664	0.00689	0.01180	0.03781	0.01980	0.16815	0.13793	0.34735	0.03647	0.00871	0.00250	0.00411	0.13763	0.00619	0.00598
27	0.01721	0.07237	0.11255	0.02225	0.17136	0.03650	0.13146	0.13921	0.13806	0.02487	0.01554	0.01760	0.01204	0.00921	0.04829	0.00251	0.00867	0.00620	0.00436	0.00974
28	0.01126	0.00818	0.01201	0.01253	0.05368	0.00921	0.00912	0.01467	0.05261	0.05381	0.01830	0.02505	0.01631	0.04234	0.61844	0.00915	0.01571	0.00699	0.00394	0.00669
29	0.10291	0.06968	0.05411	0.01745	0.11582	0.01828	0.01309	0.34554	0.10553	0.06990	0.01585	0.01629	0.01168	0.00734	0.00615	0.00198	0.00688	0.00568	0.00553	0.01032
30	0.10344	0.07474	0.36107	0.02217	0.20367	0.01577	0.01931	0.04207	0.01447	0.02222	0.01295	0.01748	0.01055	0.00684	0.00612	0.00205	0.00825	0.04411	0.00336	0.00937
31	0.01484	0.01644	0.10231	0.18053	0.47812	0.01494	0.01959	0.01922	0.01468	0.02072	0.04649	0.01787	0.01236	0.00642	0.00656	0.00202	0.00800	0.00604	0.00333	0.00952
32	0.01027	0.00693	0.00868	0.00841	0.01022	0.00624	0.00633	0.01274	0.01687	0.07298	0.40321	0.14730	0.20987	0.01497	0.00782	0.00222	0.00354	0.03825	0.00685	0.00629
33	0.01836	0.23057	0.14254	0.01938	0.13728	0.16448	0.03065	0.03609	0.05376	0.04587	0.01213	0.01403	0.00980	0.00667	0.00665	0.00185	0.05247	0.00488	0.00350	0.00903
34	0.05781	0.17969	0.20271	0.01935	0.17610	0.01649	0.01567	0.05289	0.01480	0.04066	0.01179	0.01383	0.00938	0.00590	0.00553	0.00169	0.00735	0.00465	0.00350	0.16020

[dist]
# distance from previous block
# <min> <max>
0	7

[block]
# block no. 3 follows, 33 sequences, length 8
# corresponding to MSA columns:
# 313-320
name=unknown_D
#
# <colnr> <probs for GDERKNQSTAVLIFYWHMCP>
#	G	D	E	R	K	N	Q	S	T	A	V	L	I	F	Y	W	H	M	C	P
0	0.01495	0.02067	0.23175	0.02798	0.35059	0.04234	0.04949	0.02044	0.04377	0.02137	0.04062	0.02185	0.01429	0.00743	0.00674	0.00210	0.00825	0.06220	0.00365	0.00953
1	0.02359	0.01139	0.01467	0.01098	0.01635	0.00934	0.00897	0.02628	0.01690	0.46617	0.02063	0.01913	0.01385	0.00692	0.00597	0.00164	0.00533	0.00560	0.00656	0.30973
2	0.01830	0.65974	0.07988	0.01180	0.01767	0.02397	0.01201	0.02082	0.01387	0.07543	0.01073	0.01177	0.00909	0.00588	0.00456	0.00151	0.00710	0.00387	0.00326	0.00876
3	0.01877	0.33397	0.18671	0.01613	0.05625	0.21631	0.01510	0.05288	0.01580	0.01834	0.01049	0.01219	0.00866	0.00620	0.00537	0.00169	0.00900	0.00424	0.00316	0.00874
4	0.00864	0.00670	0.00785	0.00757	0.00942	0.00592	0.00567	0.01110	0.01702	0.02258	0.43238	0.05547	0.35622	0.01488	0.00777	0.00214	0.00321	0.01279	0.00674	0.00592
5	0.01058	0.06852	0.07577	0.01109	0.01341	0.00943	0.00964	0.01318	0.01365	0.01854	0.09509	0.23257	0.05161	0.04398	0.08856	0.00345	0.03341	0.16381	0.00511	0.03860
6	0.05283	0.05988	0.09260	0.05129	0.23158	0.01500	0.03095	0.08580	0.05146	0.11188	0.03775	0.03944	0.01366	0.00737	0.00686	0.00197	0.03491	0.00618	0.00454	0.06404
7	0.01742	0.01427	0.01765	0.02067	0.23045	0.06618	0.01286	0.09173	0.14336	0.09933	0.02682	0.03018	0.12418	0.00963	0.00694	0.00213	0.00652	0.06500	0.00542	0.00927

[dist]
# distance from previous block
# <min> <max>
7	9

[block]
# block no. 4 follows, 33 sequences, length 13
# corresponding to MSA columns:
# 330-342
name=unknown_E
#
# <colnr> <probs for GDERKNQSTAVLIFYWHMCP>
#	G	D	E	R	K	N	Q	S	T	A	V	L	I	F	Y	W	H	M	C	P
0	0.00937	0.00673	0.00881	0.00885	0.00973	0.00698	0.00631	0.01099	0.01211	0.01668	0.14088	0.06753	0.06624	0.28327	0.27839	0.00664	0.00957	0.04099	0.00466	0.00526
1	0.01168	0.01005	0.01258	0.04025	0.01381	0.03849	0.00922	0.01459	0.05946	0.01745	0.06628	0.12055	0.04309	0.11424	0.17898	0.00477	0.18769	0.00889	0.04157	0.00635
2	0.01675	0.06455	0.04256	0.01277	0.01666	0.04862	0.01049	0.08127	0.42322	0.04919	0.04952	0.02476	0.05405	0.01003	0.02700	0.00232	0.00605	0.00721	0.04349	0.00950
3	0.02278	0.09122	0.07320	0.01760	0.06006	0.46108	0.01383	0.14416	0.01981	0.02116	0.01132	0.01285	0.00905	0.00679	0.00596	0.00176	0.01027	0.00461	0.00385	0.00864
4	0.00943	0.00755	0.01058	0.01360	0.11936	0.00711	0.00830	0.01127	0.01378	0.01824	0.06596	0.45697	0.16410	0.01723	0.00801	0.00247	0.00443	0.04966	0.00572	0.00623
5	0.01953	0.47952	0.09852	0.01311	0.01889	0.07703	0.01279	0.13854	0.01709	0.05409	0.01142	0.01244	0.00928	0.00629	0.00507	0.00162	0.00763	0.00426	0.00375	0.00911
6	0.01616	0.16362	0.33218	0.01533	0.02196	0.01743	0.01672	0.10979	0.10339	0.04468	0.03293	0.04636	0.01321	0.00766	0.00658	0.00201	0.03047	0.00589	0.00418	0.00947
7	0.00941	0.00636	0.00743	0.00758	0.00769	0.00639	0.00445	0.00966	0.00994	0.01332	0.02211	0.11416	0.02545	0.65080	0.07344	0.00626	0.00680	0.01034	0.00417	0.00424
8	0.01129	0.00978	0.04148	0.04782	0.14292	0.00886	0.01004	0.01463	0.04742	0.04123	0.12240	0.28121	0.13013	0.01372	0.00741	0.00226	0.00493	0.01220	0.04316	0.00713
9	0.01976	0.03760	0.08888	0.07835	0.26890	0.05378	0.03649	0.14681	0.01856	0.14201	0.03478	0.01766	0.01249	0.00695	0.00651	0.00199	0.00776	0.00598	0.00471	0.01004
10	0.01852	0.04237	0.03476	0.01347	0.01748	0.01336	0.06355	0.15445	0.12487	0.16989	0.10828	0.05977	0.05038	0.01035	0.00743	0.00219	0.02272	0.07066	0.00634	0.00915
11	0.00844	0.00636	0.00816	0.00915	0.00998	0.00608	0.00650	0.00992	0.01345	0.01770	0.08160	0.53270	0.15883	0.01906	0.00875	0.00259	0.02904	0.06009	0.00607	0.00554
12	0.01726	0.18228	0.19276	0.02013	0.18953	0.01638	0.01595	0.03946	0.01512	0.11069	0.03118	0.01576	0.01146	0.00651	0.00627	0.00181	0.02879	0.00517	0.00391	0.08958

[dist]
# distance from previous block
# <min> <max>
0	2

[block]
# block no. 5 follows, 33 sequences, length 17
# corresponding to MSA columns:
# 345-361
name=unknown_F
#
# <colnr> <probs for GDERKNQSTAVLIFYWHMCP>
#	G	D	E	R	K	N	Q	S	T	A	V	L	I	F	Y	W	H	M	C	P
0	0.01807	0.26897	0.27666	0.01461	0.02103	0.01817	0.01583	0.02270	0.03703	0.15913	0.01394	0.01487	0.01035	0.00698	0.00704	0.00193	0.07437	0.00493	0.00399	0.00940
1	0.01554	0.25402	0.14805	0.01900	0.15314	0.01714	0.07581	0.03534	0.01474	0.04007	0.03480	0.04920	0.04255	0.00727	0.00590	0.00183	0.00734	0.00614	0.03521	0.03694
2	0.01813	0.05087	0.02070	0.02081	0.18849	0.13698	0.04058	0.13671	0.08982	0.02382	0.04658	0.01964	0.04999	0.00798	0.00776	0.00198	0.07384	0.00629	0.00450	0.05455
3	0.05746	0.07555	0.01091	0.00839	0.00958	0.00982	0.00563	0.07294	0.01187	0.01647	0.01828	0.03510	0.02002	0.56297	0.02657	0.03455	0.00642	0.00823	0.00408	0.00516
4	0.01479	0.01266	0.01985	0.09368	0.20158	0.01309	0.10079	0.02165	0.16666	0.06480	0.11870	0.10067	0.02332	0.00928	0.00710	0.00217	0.00656	0.00867	0.00512	0.00885
5	0.01246	0.01049	0.01233	0.00956	0.01436	0.00812	0.00756	0.01512	0.01376	0.02061	0.02007	0.08831	0.07760	0.00808	0.00569	0.00135	0.00471	0.04467	0.00442	0.62074
6	0.01089	0.02290	0.04124	0.01000	0.01141	0.00896	0.00765	0.01240	0.01136	0.02901	0.04457	0.09874	0.02273	0.33105	0.14210	0.00535	0.08084	0.03818	0.00420	0.06640
7	0.81514	0.01273	0.00968	0.00866	0.01273	0.01477	0.00713	0.01935	0.01120	0.02954	0.00917	0.01069	0.00713	0.00611	0.00407	0.00204	0.00509	0.00356	0.00407	0.00713
8	0.01523	0.19190	0.38615	0.05197	0.07184	0.01801	0.01878	0.05217	0.09420	0.02119	0.01313	0.01479	0.00998	0.00648	0.00590	0.00194	0.00834	0.00502	0.00344	0.00952
9	0.01039	0.00857	0.01275	0.04845	0.17605	0.00835	0.00998	0.01272	0.01437	0.01949	0.13225	0.36436	0.09753	0.01513	0.00777	0.00238	0.00490	0.04228	0.00548	0.00677
10	0.00960	0.00809	0.01169	0.01335	0.10295	0.00748	0.04642	0.01177	0.01460	0.01923	0.13344	0.32124	0.24349	0.01575	0.00785	0.00234	0.00450	0.01410	0.00574	0.00637
11	0.01876	0.11085	0.04972	0.01839	0.11260	0.08135	0.01392	0.12052	0.01604	0.09542	0.01281	0.01560	0.01043	0.01058	0.05060	0.00263	0.24132	0.00551	0.00409	0.00886
12	0.01878	0.02282	0.27801	0.01872	0.10097	0.01673	0.01713	0.26882	0.07706	0.05942	0.01513	0.01607	0.01095	0.00704	0.00639	0.00199	0.00787	0.00560	0.00480	0.04570
13	0.00985	0.00696	0.00840	0.00819	0.00838	0.00742	0.00515	0.01030	0.01009	0.01379	0.04951	0.03984	0.02386	0.61768	0.10249	0.00640	0.05404	0.00918	0.00401	0.00447
14	0.01865	0.08379	0.03837	0.04217	0.19042	0.04818	0.05335	0.20593	0.12072	0.04608	0.04126	0.05088	0.01507	0.00786	0.00653	0.00200	0.00725	0.00671	0.00500	0.00979
15	0.03336	0.07760	0.01446	0.04806	0.01507	0.01231	0.02711	0.03808	0.15349	0.05651	0.10864	0.07763	0.13523	0.10847	0.01131	0.00272	0.05790	0.00922	0.00540	0.00741
16	0.03540	0.19319	0.16503	0.01466	0.03572	0.12138	0.03176	0.05481	0.08966	0.02052	0.03632	0.01872	0.04882	0.03390	0.00718	0.00200	0.02638	0.00566	0.00394	0.05495

[dist]
# distance from previous block
# <min> <max>
1	22

[block]
# block no. 6 follows, 33 sequences, length 10
# corresponding to MSA columns:
# 384-393
name=unknown_G
#
# <colnr> <probs for GDERKNQSTAVLIFYWHMCP>
#	G	D	E	R	K	N	Q	S	T	A	V	L	I	F	Y	W	H	M	C	P
0	0.01599	0.01384	0.01888	0.42921	0.07069	0.06223	0.01556	0.11597	0.01656	0.05589	0.04848	0.01874	0.01245	0.00744	0.00728	0.00212	0.04527	0.00610	0.02916	0.00814
1	0.01600	0.01540	0.01968	0.04196	0.17608	0.08733	0.07194	0.06377	0.18587	0.02281	0.06549	0.07114	0.04416	0.00921	0.00828	0.00218	0.07721	0.00778	0.00482	0.00888
2	0.00969	0.00652	0.00832	0.00832	0.00867	0.00688	0.00541	0.01014	0.00979	0.01340	0.01900	0.03591	0.02060	0.48839	0.24463	0.07796	0.00969	0.00848	0.00375	0.00445
3	0.01428	0.02630	0.46061	0.02080	0.13976	0.01499	0.02037	0.05541	0.07938	0.02303	0.06949	0.01813	0.01413	0.00708	0.00647	0.00207	0.00836	0.00587	0.00376	0.00970
4	0.00850	0.00670	0.00767	0.00743	0.00933	0.00586	0.00557	0.01084	0.01671	0.02182	0.37497	0.05671	0.41410	0.01517	0.00777	0.00215	0.00323	0.01296	0.00664	0.00586
5	0.01118	0.00886	0.01168	0.01130	0.01312	0.01030	0.00879	0.01767	0.19012	0.01840	0.01997	0.02553	0.01738	0.03908	0.55518	0.00845	0.01447	0.00715	0.00433	0.00703
6	0.01233	0.01115	0.01905	0.02132	0.21333	0.01121	0.12073	0.01545	0.01418	0.01976	0.09950	0.15342	0.02534	0.04178	0.10097	0.00349	0.03565	0.06929	0.00449	0.00756
7	0.07920	0.00854	0.00893	0.00796	0.01056	0.00861	0.00624	0.08522	0.01601	0.11249	0.02461	0.02586	0.08012	0.00845	0.00529	0.00174	0.00398	0.00668	0.49222	0.00728
8	0.01897	0.33917	0.12510	0.01538	0.05507	0.12506	0.01385	0.12891	0.08115	0.02177	0.01248	0.01359	0.01003	0.00655	0.00546	0.00173	0.00801	0.00466	0.00386	0.00922
9	0.01366	0.01080	0.01148	0.01090	0.01333	0.07567	0.00856	0.04382	0.08785	0.07480	0.12278	0.08941	0.13330	0.03745	0.08380	0.00324	0.00673	0.13228	0.00584	0.03430

[dist]
# distance from previous block
# <min> <max>
0	1

[block]
# block no. 7 follows, 33 sequences, length 28
# corresponding to MSA columns:
# 395-422
name=unknown_H
#
# <colnr> <probs for GDERKNQSTAVLIFYWHMCP>
#	G	D	E	R	K	N	Q	S	T	A	V	L	I	F	Y	W	H	M	C	P
0	0.01842	0.01805	0.09511	0.04191	0.17195	0.07590	0.01426	0.19749	0.12564	0.05522	0.01982	0.02158	0.06087	0.04501	0.00789	0.00224	0.00738	0.00663	0.00501	0.00961
1	0.01676	0.16001	0.06720	0.01292	0.01711	0.06182	0.03176	0.12302	0.18745	0.02436	0.03396	0.02073	0.01540	0.01101	0.06274	0.00256	0.00740	0.02209	0.11293	0.00876
2	0.01803	0.01553	0.07096	0.01790	0.14697	0.03236	0.04015	0.08456	0.06214	0.12851	0.01532	0.01646	0.01152	0.00626	0.00595	0.00163	0.00655	0.00531	0.00472	0.30917
3	0.26806	0.06261	0.16804	0.01579	0.08269	0.11950	0.01362	0.08059	0.01562	0.07608	0.01202	0.01341	0.00904	0.00645	0.00545	0.00192	0.00761	0.00457	0.00407	0.03285
4	0.00949	0.00640	0.00745	0.00752	0.00762	0.00646	0.00440	0.00971	0.00979	0.01314	0.02128	0.07701	0.02435	0.68049	0.08323	0.00650	0.00707	0.00984	0.00406	0.00419
5	0.01134	0.01033	0.01766	0.19435	0.10267	0.01065	0.11882	0.01443	0.01380	0.01827	0.02607	0.28917	0.07131	0.01282	0.00766	0.00240	0.00671	0.05991	0.00459	0.00700
6	0.01628	0.01982	0.20215	0.05514	0.29615	0.01519	0.06699	0.05990	0.07600	0.05740	0.01433	0.01666	0.01093	0.00639	0.00646	0.00198	0.00802	0.00580	0.00389	0.06052
7	0.00955	0.00696	0.00938	0.00938	0.01000	0.00773	0.00663	0.01087	0.01030	0.01441	0.01980	0.08218	0.02096	0.32959	0.38788	0.00812	0.03846	0.00879	0.00386	0.00514
8	0.01327	0.01264	0.01746	0.01528	0.01534	0.01716	0.01237	0.01453	0.01013	0.01543	0.01182	0.04948	0.01251	0.11847	0.05219	0.00367	0.59156	0.00687	0.00319	0.00663
9	0.01802	0.08488	0.17865	0.04815	0.05869	0.01700	0.12997	0.17788	0.09741	0.07233	0.01625	0.04332	0.01249	0.00739	0.00658	0.00206	0.00804	0.00646	0.00468	0.00977
10	0.01317	0.01245	0.02108	0.61686	0.17554	0.01482	0.01865	0.01747	0.01351	0.01771	0.01183	0.01731	0.00909	0.00645	0.00657	0.00215	0.00859	0.00585	0.00299	0.00791
11	0.00843	0.00603	0.00764	0.00868	0.00923	0.00567	0.00581	0.00958	0.01264	0.01673	0.06938	0.52220	0.09403	0.15296	0.01281	0.00328	0.00428	0.03964	0.00579	0.00519
12	0.01437	0.02418	0.32804	0.06934	0.03262	0.01595	0.37724	0.02072	0.01471	0.02072	0.01259	0.01613	0.00922	0.00591	0.00706	0.00216	0.01038	0.00644	0.00307	0.00914
13	0.01679	0.01405	0.01552	0.06353	0.01920	0.01614	0.01123	0.11727	0.53101	0.02802	0.02496	0.02655	0.01948	0.00931	0.00685	0.00225	0.00577	0.05570	0.00638	0.01000
14	0.00957	0.00635	0.00736	0.00738	0.00750	0.00631	0.00429	0.00971	0.01026	0.01378	0.06850	0.06916	0.02673	0.65981	0.03053	0.03841	0.00604	0.00991	0.00424	0.00414
15	0.01022	0.00780	0.00898	0.00886	0.01074	0.00741	0.00659	0.09166	0.01677	0.02182	0.16490	0.27142	0.29711	0.01634	0.00787	0.00233	0.00398	0.03256	0.00636	0.00628
16	0.00879	0.00633	0.00792	0.00869	0.00935	0.00606	0.00580	0.01060	0.03683	0.01779	0.13314	0.46436	0.06935	0.16764	0.01322	0.00329	0.00425	0.01534	0.00587	0.00538
17	0.01144	0.00572	0.00858	0.00858	0.00858	0.00572	0.00572	0.00858	0.00858	0.01144	0.01144	0.02001	0.01144	0.02287	0.02573	0.80846	0.00572	0.00572	0.00286	0.00286
18	0.00947	0.00679	0.00923	0.00923	0.00993	0.00749	0.00654	0.01089	0.01018	0.01428	0.01887	0.03272	0.01943	0.33569	0.46030	0.00891	0.01315	0.00806	0.00371	0.00513
19	0.00809	0.00668	0.00710	0.00700	0.00908	0.00569	0.00525	0.01006	0.01575	0.01954	0.20103	0.06046	0.58946	0.01602	0.00778	0.00219	0.00329	0.01349	0.00634	0.00569
20	0.01760	0.77260	0.03450	0.01126	0.01690	0.02605	0.01126	0.01971	0.01338	0.01549	0.00915	0.01056	0.00845	0.00563	0.00422	0.00141	0.00704	0.00352	0.00282	0.00845
21	0.22297	0.01158	0.01390	0.01096	0.01580	0.01093	0.00905	0.02895	0.01696	0.55914	0.02183	0.01952	0.01404	0.00765	0.00599	0.00204	0.00548	0.00587	0.00714	0.01020
22	0.02671	0.01141	0.01481	0.01155	0.01606	0.01044	0.00931	0.10164	0.01905	0.57371	0.02427	0.02412	0.01665	0.09733	0.00977	0.00254	0.00587	0.00689	0.00749	0.01036
23	0.02440	0.02164	0.01909	0.01547	0.02007	0.21946	0.01238	0.49709	0.02701	0.03374	0.01486	0.03705	0.01141	0.00797	0.00646	0.00192	0.00842	0.00584	0.00569	0.01004
24	0.01016	0.00774	0.01066	0.15625	0.01619	0.00842	0.00799	0.01171	0.01086	0.01470	0.01900	0.08208	0.02015	0.38878	0.17097	0.00595	0.00894	0.00871	0.00382	0.03690
25	0.00796	0.00668	0.00692	0.00686	0.00900	0.00563	0.00514	0.00980	0.01543	0.01879	0.14381	0.06169	0.64715	0.01630	0.00778	0.00221	0.00331	0.01366	0.00625	0.00563
26	0.01734	0.60919	0.14425	0.01281	0.01895	0.06935	0.01342	0.02031	0.01379	0.01638	0.00964	0.01117	0.00843	0.00580	0.00465	0.00153	0.00777	0.00378	0.00285	0.00860
27	0.01256	0.01004	0.01187	0.01098	0.01304	0.01098	0.00845	0.07321	0.15804	0.03851	0.15202	0.18769	0.16254	0.01382	0.00932	0.00235	0.09967	0.01140	0.00610	0.00741

[dist]
# distance from previous block
# <min> <max>
0	1

[block]
# block no. 8 follows, 33 sequences, length 14
# corresponding to MSA columns:
# 424-437
name=unknown_I
#
# <colnr> <probs for GDERKNQSTAVLIFYWHMCP>
#	G	D	E	R	K	N	Q	S	T	A	V	L	I	F	Y	W	H	M	C	P
0	0.01760	0.77260	0.03450	0.01126	0.01690	0.02605	0.01126	0.01971	0.01338	0.01549	0.00915	0.01056	0.00845	0.00563	0.00422	0.00141	0.00704	0.00352	0.00282	0.00845
1	0.01617	0.23511	0.18277	0.01476	0.06877	0.01638	0.01372	0.04558	0.03653	0.05637	0.01239	0.01387	0.00981	0.00587	0.00532	0.00155	0.00693	0.00447	0.00369	0.24995
2	0.01504	0.01517	0.02637	0.26423	0.09672	0.04251	0.26052	0.06645	0.01541	0.02040	0.01399	0.06529	0.01175	0.00742	0.00790	0.00222	0.04943	0.00731	0.00358	0.00830
3	0.01144	0.00572	0.00858	0.00858	0.00858	0.00572	0.00572	0.00858	0.00858	0.01144	0.01144	0.02001	0.01144	0.02287	0.02573	0.80846	0.00572	0.00572	0.00286	0.00286
4	0.01413	0.04695	0.01791	0.11891	0.11542	0.01353	0.04744	0.04659	0.08706	0.04031	0.05579	0.07646	0.04201	0.01042	0.00867	0.00228	0.09340	0.09347	0.06129	0.00796
5	0.00922	0.00660	0.00833	0.00843	0.00910	0.00686	0.00570	0.01028	0.01071	0.01445	0.02567	0.08965	0.09766	0.38903	0.27255	0.00712	0.00974	0.00981	0.00421	0.00490
6	0.00955	0.00648	0.00765	0.00765	0.00782	0.00664	0.00458	0.00988	0.00971	0.01312	0.02031	0.04068	0.02289	0.66834	0.13238	0.00697	0.00795	0.00922	0.00392	0.00425
7	0.01288	0.01202	0.01149	0.01103	0.01300	0.13664	0.00833	0.03748	0.07603	0.02024	0.18124	0.11577	0.09189	0.04200	0.17214	0.00415	0.00849	0.03318	0.00532	0.00668
8	0.01127	0.00727	0.00896	0.00889	0.01073	0.00687	0.00696	0.03280	0.01645	0.06349	0.26053	0.11907	0.14307	0.01414	0.00748	0.00224	0.00401	0.13625	0.13312	0.00642
9	0.00946	0.00683	0.00943	0.00943	0.01021	0.00760	0.00679	0.01102	0.01024	0.01443	0.01869	0.03169	0.01899	0.29283	0.50256	0.00916	0.01383	0.00791	0.00368	0.00524
10	0.01320	0.03405	0.73453	0.01876	0.02849	0.01529	0.02432	0.02085	0.01390	0.02085	0.01181	0.01390	0.00834	0.00625	0.00625	0.00208	0.00973	0.00486	0.00278	0.00973
11	0.01585	0.01953	0.15018	0.10586	0.45281	0.06632	0.01995	0.02020	0.01464	0.02028	0.01189	0.01560	0.00967	0.00633	0.00714	0.00203	0.04339	0.00557	0.00313	0.00964
12	0.04971	0.00762	0.01060	0.01115	0.04441	0.00844	0.00803	0.01240	0.01155	0.01717	0.06043	0.02920	0.05735	0.09023	0.51707	0.00824	0.01370	0.00762	0.02905	0.00603
13	0.01644	0.01798	0.09104	0.07849	0.23359	0.11713	0.03259	0.04518	0.09159	0.03651	0.01522	0.04141	0.01291	0.05201	0.02942	0.00249	0.02710	0.00632	0.00397	0.04861

[dist]
# distance from previous block
# <min> <max>
1	15

[block]
# block no. 9 follows, 33 sequences, length 44
# corresponding to MSA columns:
# 453-496
name=unknown_J
#
# <colnr> <probs for GDERKNQSTAVLIFYWHMCP>
#	G	D	E	R	K	N	Q	S	T	A	V	L	I	F	Y	W	H	M	C	P
0	0.01251	0.01141	0.01921	0.30885	0.02928	0.01278	0.12657	0.04274	0.01417	0.01886	0.01995	0.07499	0.05332	0.01350	0.07615	0.00312	0.04604	0.08783	0.02155	0.00719
1	0.00961	0.00737	0.01067	0.04190	0.01272	0.00845	0.00821	0.01183	0.01124	0.01586	0.05702	0.02972	0.05430	0.10322	0.55576	0.00879	0.03590	0.00777	0.00385	0.00582
2	0.08261	0.01272	0.01499	0.01213	0.01665	0.04027	0.00989	0.08981	0.08825	0.46328	0.02313	0.02245	0.01588	0.01046	0.04523	0.00252	0.00657	0.02583	0.00708	0.01026
3	0.01480	0.01163	0.01290	0.01112	0.01463	0.01204	0.00861	0.06633	0.32344	0.05576	0.14215	0.03059	0.08317	0.05255	0.00819	0.00222	0.00487	0.00817	0.00622	0.13062
4	0.01509	0.00835	0.01035	0.00908	0.01184	0.00766	0.00707	0.01877	0.06220	0.21344	0.32424	0.04135	0.16550	0.01194	0.00718	0.00206	0.00395	0.01018	0.06205	0.00769
5	0.75169	0.01261	0.01013	0.00890	0.01306	0.01436	0.00734	0.02038	0.01182	0.08629	0.01052	0.01164	0.00787	0.00628	0.00428	0.00204	0.00513	0.00381	0.00440	0.00746
6	0.00946	0.00683	0.00947	0.00947	0.01026	0.00763	0.00684	0.01104	0.01025	0.01446	0.01865	0.03149	0.01890	0.28448	0.51079	0.00921	0.01396	0.00788	0.00368	0.00526
7	0.02032	0.01081	0.01276	0.01063	0.01421	0.01076	0.00841	0.10534	0.13000	0.28819	0.06512	0.02677	0.04729	0.05483	0.00797	0.00224	0.00505	0.00734	0.16278	0.00915
8	0.01786	0.01488	0.01572	0.01370	0.01769	0.01707	0.01078	0.15040	0.59783	0.02994	0.02490	0.02305	0.01856	0.00875	0.00668	0.00219	0.00556	0.00718	0.00668	0.01055
9	0.00927	0.00673	0.00873	0.00823	0.00980	0.00619	0.00617	0.01232	0.01851	0.02611	0.70169	0.04966	0.08471	0.01357	0.00777	0.00208	0.00311	0.01197	0.00721	0.00619
10	0.00941	0.00702	0.01042	0.01042	0.01154	0.00814	0.00803	0.01165	0.01053	0.01517	0.01778	0.02667	0.01681	0.08289	0.70951	0.01038	0.01711	0.00717	0.00355	0.00579
11	0.01402	0.01898	0.20158	0.12457	0.12908	0.01446	0.21178	0.04562	0.01502	0.02081	0.01605	0.09201	0.01425	0.00813	0.00714	0.00222	0.00885	0.04306	0.00367	0.00869
12	0.00944	0.00690	0.00982	0.00982	0.01074	0.00782	0.00728	0.01127	0.01036	0.01472	0.01833	0.02970	0.01813	0.20978	0.58442	0.00964	0.01512	0.00762	0.00363	0.00546
13	0.00938	0.00681	0.00953	0.00961	0.01043	0.00760	0.00700	0.01105	0.01041	0.01469	0.01939	0.06728	0.01979	0.23825	0.51830	0.00907	0.01397	0.00830	0.00378	0.00535
14	0.02644	0.01129	0.01521	0.01296	0.05352	0.01021	0.00991	0.07018	0.01876	0.57398	0.02488	0.05870	0.01707	0.00860	0.00658	0.00203	0.00557	0.00711	0.05642	0.01056
15	0.00941	0.00703	0.01046	0.01046	0.01159	0.00816	0.00808	0.01168	0.01054	0.01519	0.01774	0.02647	0.01672	0.07470	0.71758	0.01043	0.01724	0.00714	0.00354	0.00581
16	0.01365	0.01170	0.01365	0.00975	0.01560	0.00878	0.00780	0.01658	0.01365	0.02145	0.01170	0.01365	0.00975	0.00488	0.00488	0.00098	0.00488	0.00390	0.00390	0.80888
17	0.01717	0.17755	0.09993	0.05423	0.05903	0.18518	0.15917	0.02072	0.01520	0.01826	0.02730	0.01875	0.01202	0.00739	0.00727	0.00200	0.05525	0.05194	0.00340	0.00824
18	0.01816	0.02034	0.02000	0.02153	0.17448	0.28852	0.01430	0.02018	0.01449	0.01714	0.01181	0.05208	0.01121	0.03358	0.01214	0.00234	0.25049	0.00598	0.00335	0.00788
19	0.01175	0.01041	0.01204	0.01266	0.08436	0.04739	0.03193	0.01620	0.10831	0.04063	0.09812	0.04732	0.40575	0.01322	0.00742	0.00218	0.00488	0.03247	0.00581	0.00714
20	0.01243	0.01170	0.01975	0.75282	0.04534	0.01463	0.01828	0.01682	0.01316	0.01682	0.01170	0.01755	0.00878	0.00658	0.00658	0.00219	0.00878	0.00585	0.00293	0.00731
21	0.01596	0.01163	0.01389	0.01004	0.01578	0.00891	0.00807	0.01883	0.01441	0.12471	0.01377	0.01492	0.01070	0.00535	0.00513	0.00113	0.00498	0.00430	0.00452	0.69298
22	0.01243	0.01170	0.01975	0.75282	0.04534	0.01463	0.01828	0.01682	0.01316	0.01682	0.01170	0.01755	0.00878	0.00658	0.00658	0.00219	0.00878	0.00585	0.00293	0.00731
23	0.00805	0.00668	0.00705	0.00696	0.00906	0.00567	0.00522	0.00998	0.01565	0.01931	0.18333	0.06084	0.60730	0.01610	0.00778	0.00220	0.00329	0.01354	0.00631	0.00567
24	0.02663	0.01587	0.01817	0.01393	0.01913	0.01660	0.01151	0.46641	0.02665	0.28677	0.01942	0.01815	0.01301	0.00799	0.00660	0.00200	0.00666	0.00617	0.00714	0.01120
25	0.01554	0.01776	0.03885	0.02775	0.03441	0.01665	0.70366	0.02109	0.01554	0.02109	0.01332	0.01776	0.00999	0.00555	0.00777	0.00222	0.01110	0.00777	0.00333	0.00888
26	0.01151	0.00722	0.00915	0.00893	0.01038	0.00683	0.00665	0.01351	0.01497	0.08861	0.26531	0.05050	0.08143	0.24600	0.01582	0.00359	0.00495	0.14265	0.00603	0.00594
27	0.00831	0.00591	0.00749	0.00862	0.00905	0.00556	0.00563	0.00926	0.01216	0.01608	0.03514	0.58026	0.08193	0.16625	0.01326	0.00337	0.00429	0.01663	0.00570	0.00510
28	0.00896	0.00729	0.00800	0.00772	0.00985	0.00664	0.00582	0.01245	0.07274	0.02128	0.27018	0.05576	0.45957	0.01504	0.00769	0.00218	0.00341	0.01275	0.00652	0.00616
29	0.00808	0.00575	0.00762	0.00909	0.00946	0.00539	0.00603	0.00918	0.01249	0.01666	0.03571	0.73778	0.04282	0.04818	0.00933	0.00281	0.00391	0.01838	0.00603	0.00530
30	0.01365	0.01170	0.01365	0.00975	0.01560	0.00878	0.00780	0.01658	0.01365	0.02145	0.01170	0.01365	0.00975	0.00488	0.00488	0.00098	0.00488	0.00390	0.00390	0.80888
31	0.01465	0.01219	0.01401	0.01045	0.01584	0.01016	0.00832	0.08775	0.05027	0.02356	0.01420	0.05505	0.01224	0.00624	0.00533	0.00123	0.00508	0.00509	0.00443	0.64388
32	0.01025	0.00759	0.00934	0.00893	0.00904	0.00851	0.00586	0.01067	0.00974	0.01343	0.01873	0.03742	0.02107	0.59477	0.09696	0.00627	0.11422	0.00880	0.00379	0.00462
33	0.01511	0.01692	0.03620	0.12811	0.03592	0.01637	0.60879	0.02050	0.01521	0.02050	0.01309	0.01773	0.00982	0.00569	0.00760	0.00222	0.01078	0.00750	0.00327	0.00866
34	0.09321	0.01732	0.02189	0.23623	0.30800	0.15507	0.03669	0.02035	0.01483	0.01989	0.01148	0.01531	0.00925	0.00626	0.00623	0.00199	0.00871	0.00538	0.00327	0.00864
35	0.01035	0.00849	0.01282	0.08705	0.06975	0.00864	0.04417	0.01277	0.01391	0.01853	0.08340	0.28846	0.08165	0.05602	0.00983	0.00275	0.02705	0.15273	0.00531	0.00631
36	0.81514	0.01273	0.00968	0.00866	0.01273	0.01477	0.00713	0.01935	0.01120	0.02954	0.00917	0.01069	0.00713	0.00611	0.00407	0.00204	0.00509	0.00356	0.00407	0.00713
37	0.00799	0.00622	0.00726	0.00796	0.00926	0.00549	0.00561	0.00949	0.01406	0.01782	0.09038	0.39922	0.35903	0.01838	0.00808	0.00243	0.00355	0.01609	0.00618	0.00549
38	0.58347	0.01143	0.00976	0.00861	0.01237	0.01269	0.00701	0.02023	0.01258	0.11461	0.01330	0.01447	0.00990	0.00662	0.00447	0.00195	0.00481	0.00437	0.13987	0.00746
39	0.02257	0.01433	0.01617	0.01394	0.03803	0.04007	0.01080	0.12524	0.32706	0.28159	0.02399	0.02190	0.01682	0.00835	0.00662	0.00210	0.00594	0.00678	0.00699	0.01071
40	0.01700	0.01876	0.09666	0.09919	0.13681	0.10163	0.15087	0.05457	0.01533	0.06082	0.01404	0.01732	0.03093	0.00763	0.00952	0.00220	0.14810	0.00621	0.00367	0.00874
41	0.00841	0.00598	0.00797	0.00941	0.00991	0.00567	0.00653	0.00972	0.01275	0.01694	0.03529	0.64401	0.04183	0.05996	0.00981	0.00291	0.00422	0.09731	0.00599	0.00536
42	0.00831	0.00612	0.00806	0.00900	0.00982	0.00586	0.00630	0.00988	0.01316	0.01762	0.10285	0.51222	0.11783	0.02359	0.11279	0.00369	0.00566	0.01586	0.00585	0.00553
43	0.01571	0.08142	0.17723	0.09458	0.13187	0.01713	0.16676	0.08670	0.03569	0.02191	0.01331	0.01771	0.01068	0.00710	0.00790	0.00214	0.07109	0.02836	0.00359	0.00914

[dist]
# distance from previous block
# <min> <max>
0	1

[block]
# block no. 10 follows, 33 sequences, length 48
# corresponding to MSA columns:
# 498-505,507-546
name=unknown_K
#
# <colnr> <probs for GDERKNQSTAVLIFYWHMCP>
#	G	D	E	R	K	N	Q	S	T	A	V	L	I	F	Y	W	H	M	C	P
0	0.06182	0.01377	0.01550	0.01274	0.01726	0.03321	0.01025	0.11492	0.27417	0.33757	0.02380	0.02154	0.01641	0.00827	0.00650	0.00209	0.00580	0.00663	0.00711	0.01063
1	0.00873	0.00705	0.00772	0.00750	0.00951	0.00633	0.00559	0.01160	0.05105	0.02058	0.25465	0.05643	0.46724	0.04628	0.00878	0.00235	0.00349	0.01281	0.00639	0.00593
2	0.01016	0.00787	0.01160	0.03784	0.01341	0.00882	0.03100	0.03506	0.01167	0.01630	0.02024	0.02870	0.05584	0.11275	0.55762	0.00884	0.01487	0.00762	0.00379	0.00601
3	0.01748	0.05692	0.05739	0.17958	0.16368	0.17604	0.04848	0.07710	0.03121	0.02041	0.01294	0.01739	0.01065	0.00724	0.00729	0.00203	0.05384	0.02772	0.02405	0.00855
4	0.01321	0.05777	0.12522	0.01506	0.01759	0.04473	0.04192	0.01600	0.01192	0.01703	0.04775	0.02008	0.01392	0.06110	0.18023	0.00450	0.29511	0.00634	0.00333	0.00721
5	0.00920	0.00674	0.00899	0.00908	0.00998	0.00724	0.00651	0.01072	0.01087	0.01489	0.02482	0.07698	0.09541	0.25657	0.41346	0.00800	0.01201	0.00919	0.00408	0.00526
6	0.01488	0.01388	0.05649	0.05713	0.15108	0.01283	0.15951	0.06910	0.03450	0.07193	0.08699	0.03078	0.15684	0.00949	0.00758	0.00216	0.02489	0.02656	0.00488	0.00850
7	0.20560	0.01457	0.01753	0.06867	0.13206	0.05089	0.05106	0.12481	0.05179	0.09867	0.01782	0.03370	0.05360	0.00759	0.00606	0.00200	0.00671	0.00616	0.00487	0.04582
8	0.01397	0.06745	0.05359	0.11152	0.15008	0.03366	0.19644	0.01793	0.01477	0.01945	0.02090	0.03135	0.07190	0.00931	0.00762	0.00227	0.02532	0.14044	0.00396	0.00808
9	0.01754	0.11076	0.10775	0.03360	0.11801	0.08950	0.01332	0.10068	0.01661	0.05822	0.01320	0.03429	0.01076	0.00645	0.00572	0.00162	0.00724	0.00510	0.00406	0.24557
10	0.01902	0.10618	0.17588	0.05635	0.12016	0.27307	0.04428	0.04742	0.01646	0.04288	0.01236	0.03394	0.01009	0.00682	0.00612	0.00188	0.00956	0.00527	0.00350	0.00878
11	0.01000	0.00739	0.00912	0.00845	0.01030	0.00693	0.00640	0.05148	0.01882	0.02604	0.59095	0.04928	0.15279	0.01360	0.00770	0.00209	0.00337	0.01185	0.00705	0.00640
12	0.05984	0.01083	0.01458	0.01753	0.20010	0.01089	0.01051	0.04130	0.08894	0.08144	0.14451	0.08052	0.10128	0.07301	0.00905	0.00245	0.00537	0.00903	0.03077	0.00808
13	0.01760	0.77260	0.03450	0.01126	0.01690	0.02605	0.01126	0.01971	0.01338	0.01549	0.00915	0.01056	0.00845	0.00563	0.00422	0.00141	0.00704	0.00352	0.00282	0.00845
14	0.00809	0.00671	0.00712	0.00725	0.00933	0.00574	0.00553	0.00992	0.01515	0.01838	0.09988	0.08352	0.61616	0.01672	0.00790	0.00229	0.00354	0.06497	0.00617	0.00563
15	0.01637	0.01414	0.01489	0.01340	0.01712	0.01637	0.01042	0.03498	0.71568	0.02754	0.02679	0.02456	0.02010	0.00893	0.00670	0.00223	0.00521	0.00744	0.00670	0.01042
16	0.00933	0.00673	0.00880	0.00833	0.00979	0.00631	0.00619	0.01225	0.01781	0.02520	0.65619	0.04779	0.05809	0.05306	0.04293	0.00268	0.00394	0.01156	0.00691	0.00608
17	0.01320	0.03405	0.73453	0.01876	0.02849	0.01529	0.02432	0.02085	0.01390	0.02085	0.01181	0.01390	0.00834	0.00625	0.00625	0.00208	0.00973	0.00486	0.00278	0.00973
