[name]
unknown

[dist]
# distance from previous block
# <min> <max>
1	30

[block]
# block no. 0 follows, 36 sequences, length 13
# corresponding to MSA columns:
# 34-46
name=unknown_A
#
# <colnr> <probs for GDERKNQSTAVLIFYWHMCP>
#	G	D	E	R	K	N	Q	S	T	A	V	L	I	F	Y	W	H	M	C	P
0	0.01481	0.07685	0.02460	0.17824	0.54629	0.01542	0.01808	0.01846	0.01372	0.01902	0.01134	0.01521	0.00941	0.00567	0.00600	0.00185	0.00752	0.00537	0.00299	0.00914
1	0.01656	0.72189	0.03114	0.01083	0.01601	0.02391	0.01060	0.01983	0.07122	0.01559	0.01002	0.01108	0.00889	0.00559	0.00419	0.00140	0.00652	0.00363	0.00296	0.00815
2	0.02390	0.01493	0.01688	0.01317	0.01793	0.01586	0.01081	0.43225	0.11428	0.24482	0.01909	0.01783	0.01307	0.00767	0.00626	0.00192	0.00616	0.00598	0.00668	0.01051
3	0.01970	0.02194	0.01736	0.01529	0.01796	0.39242	0.01194	0.09714	0.11314	0.01917	0.01222	0.01419	0.01005	0.00905	0.03251	0.00221	0.17706	0.00499	0.00385	0.00779
4	0.00792	0.00668	0.00749	0.00813	0.04354	0.00577	0.00560	0.00973	0.01447	0.01787	0.13568	0.09317	0.59187	0.01514	0.00734	0.00210	0.00336	0.01281	0.00578	0.00554
5	0.00865	0.00624	0.00818	0.00795	0.00927	0.00577	0.00587	0.01134	0.01687	0.02376	0.64378	0.14513	0.05642	0.01365	0.00743	0.00204	0.00303	0.01214	0.00671	0.00577
6	0.01542	0.01480	0.02529	0.03824	0.74217	0.01480	0.01912	0.01912	0.01419	0.02036	0.01172	0.01542	0.00987	0.00555	0.00617	0.00185	0.00740	0.00555	0.00308	0.00987
7	0.00736	0.00631	0.00631	0.00631	0.00842	0.00526	0.00473	0.00894	0.01420	0.01683	0.06312	0.05996	0.73964	0.01578	0.00736	0.00210	0.00316	0.01315	0.00579	0.00526
8	0.02795	0.01060	0.01446	0.01109	0.01591	0.00916	0.00916	0.03036	0.01783	0.74648	0.02458	0.02121	0.01542	0.00771	0.00627	0.00193	0.00530	0.00627	0.00771	0.01060
9	0.00882	0.00637	0.00833	0.00784	0.00931	0.00588	0.00588	0.01176	0.01764	0.02499	0.73888	0.04654	0.05879	0.01274	0.00735	0.00196	0.00294	0.01127	0.00686	0.00588
10	0.01313	0.02812	0.56800	0.02125	0.10829	0.01469	0.11971	0.01969	0.01349	0.01983	0.01144	0.01392	0.00833	0.00578	0.00615	0.00198	0.00919	0.00509	0.00275	0.00917
11	0.01083	0.00781	0.01077	0.09380	0.01535	0.00801	0.00943	0.01378	0.03778	0.04445	0.02685	0.11867	0.02836	0.11053	0.03722	0.00324	0.00615	0.36732	0.00508	0.04457
12	0.01554	0.07180	0.14267	0.01317	0.05210	0.01193	0.01145	0.02181	0.16327	0.15666	0.04618	0.14922	0.01939	0.00917	0.00621	0.00193	0.00567	0.00778	0.00518	0.08886

[dist]
# distance from previous block
# <min> <max>
2	6

[block]
# block no. 1 follows, 36 sequences, length 29
# corresponding to MSA columns:
# 53-81
name=unknown_B
#
# <colnr> <probs for GDERKNQSTAVLIFYWHMCP>
#	G	D	E	R	K	N	Q	S	T	A	V	L	I	F	Y	W	H	M	C	P
0	0.01018	0.03980	0.01091	0.00929	0.01133	0.02104	0.04315	0.01269	0.01561	0.05046	0.36534	0.11868	0.17076	0.01447	0.03450	0.00236	0.00451	0.05285	0.00596	0.00610
1	0.01695	0.01122	0.01352	0.00988	0.01522	0.00896	0.00799	0.04806	0.01476	0.19462	0.01446	0.01498	0.01076	0.00547	0.00508	0.00120	0.00487	0.00439	0.00476	0.59283
2	0.01444	0.01628	0.03523	0.02589	0.05207	0.01529	0.67013	0.01947	0.01458	0.01980	0.01347	0.04786	0.01076	0.00584	0.00734	0.00211	0.01013	0.00772	0.00326	0.00831
3	0.00769	0.00546	0.00720	0.00855	0.00888	0.00513	0.00564	0.00870	0.01173	0.01564	0.03332	0.72607	0.03993	0.07217	0.00960	0.00277	0.00378	0.01711	0.00564	0.00497
4	0.00801	0.00689	0.00754	0.05922	0.01120	0.00623	0.00595	0.01030	0.03582	0.01711	0.05728	0.05623	0.64163	0.01495	0.00730	0.00213	0.00366	0.03741	0.00559	0.00553
5	0.05166	0.08115	0.50274	0.01591	0.02319	0.12103	0.01858	0.03545	0.01397	0.01957	0.01160	0.03091	0.00898	0.00634	0.00565	0.00187	0.00873	0.00475	0.02937	0.00855
6	0.00883	0.00599	0.00711	0.00750	0.00767	0.00592	0.00461	0.00925	0.01001	0.01331	0.02353	0.19155	0.02731	0.57437	0.02531	0.00511	0.00553	0.05860	0.00432	0.00417
7	0.02022	0.37832	0.02458	0.01356	0.01775	0.41834	0.01140	0.02201	0.01535	0.01498	0.00918	0.01066	0.00801	0.00592	0.00487	0.00148	0.00912	0.00370	0.00296	0.00758
8	0.01471	0.01681	0.03676	0.02626	0.03256	0.01576	0.71954	0.01996	0.01471	0.01996	0.01261	0.01681	0.00945	0.00525	0.00735	0.00210	0.01050	0.00735	0.00315	0.00840
9	0.01519	0.01371	0.02293	0.28458	0.37276	0.01467	0.06602	0.07078	0.01489	0.04661	0.01227	0.01610	0.00956	0.00599	0.00628	0.00195	0.00781	0.00570	0.00338	0.00884
10	0.01447	0.01578	0.03081	0.02287	0.02737	0.01661	0.49340	0.01945	0.05602	0.01903	0.01221	0.01636	0.00969	0.00692	0.01070	0.00226	0.20790	0.00684	0.00323	0.00808
11	0.01341	0.01137	0.01318	0.00946	0.01497	0.00881	0.00759	0.04802	0.01367	0.02117	0.01125	0.01301	0.00929	0.00475	0.00469	0.00097	0.00472	0.00378	0.00381	0.78208
12	0.00759	0.00542	0.00723	0.00868	0.00904	0.00506	0.00578	0.00868	0.01193	0.01591	0.03434	0.77697	0.04121	0.01952	0.00795	0.00253	0.00361	0.01771	0.00578	0.00506
13	0.05145	0.01329	0.01515	0.01233	0.01669	0.01404	0.00997	0.19642	0.27582	0.29284	0.02198	0.02004	0.01524	0.00785	0.00620	0.00198	0.00552	0.00628	0.00673	0.01020
14	0.33579	0.01307	0.01350	0.01085	0.01522	0.01396	0.00892	0.23086	0.01819	0.23778	0.01518	0.01498	0.01050	0.00726	0.00579	0.02310	0.00558	0.00493	0.00564	0.00890
15	0.00878	0.00781	0.00965	0.01193	0.13744	0.00694	0.00726	0.01073	0.01420	0.01745	0.05408	0.05213	0.61132	0.01398	0.00715	0.00206	0.00390	0.01181	0.00531	0.00607
16	0.00736	0.00631	0.00631	0.00631	0.00842	0.00526	0.00473	0.00894	0.01420	0.01683	0.06312	0.05996	0.73964	0.01578	0.00736	0.00210	0.00316	0.01315	0.00579	0.00526
17	0.01514	0.01816	0.07798	0.02504	0.03138	0.03940	0.63258	0.04281	0.01518	0.02042	0.01250	0.01635	0.00935	0.00540	0.00718	0.00207	0.01033	0.00703	0.00322	0.00848
18	0.06212	0.19923	0.40383	0.01444	0.02101	0.07215	0.01649	0.01857	0.01310	0.01830	0.01291	0.09675	0.01155	0.00732	0.00556	0.00186	0.00790	0.00565	0.00311	0.00817
19	0.00753	0.00564	0.00700	0.00809	0.00888	0.00511	0.00552	0.00874	0.01250	0.01614	0.04151	0.59823	0.21531	0.01859	0.00781	0.00242	0.00350	0.01658	0.00578	0.00511
20	0.01161	0.00581	0.00581	0.00581	0.00726	0.00581	0.00436	0.01452	0.01307	0.02323	0.02033	0.02323	0.01597	0.00726	0.00436	0.00145	0.00290	0.00581	0.81562	0.00581
21	0.02206	0.02538	0.01848	0.01797	0.09920	0.52848	0.01261	0.13325	0.01891	0.01979	0.01076	0.01235	0.00868	0.00642	0.00574	0.00165	0.00986	0.00442	0.00369	0.04031
22	0.34007	0.01226	0.01120	0.00967	0.01309	0.06522	0.00766	0.08912	0.03300	0.09260	0.03612	0.01846	0.03533	0.05592	0.06084	0.00265	0.00624	0.00528	0.04948	0.05576
23	0.01082	0.00541	0.00812	0.00812	0.00812	0.00541	0.00541	0.00812	0.00812	0.01082	0.01082	0.01894	0.01082	0.02165	0.02435	0.81872	0.00541	0.00541	0.00271	0.00271
24	0.44021	0.07524	0.01467	0.01116	0.01513	0.13888	0.04109	0.08146	0.01448	0.05381	0.05369	0.01364	0.01097	0.00647	0.00483	0.00183	0.00638	0.00444	0.00416	0.00744
25	0.00751	0.00576	0.00688	0.00779	0.00880	0.00514	0.00539	0.00878	0.01278	0.01625	0.04515	0.50754	0.30365	0.01811	0.00773	0.00237	0.00344	0.01600	0.00578	0.00514
26	0.01880	0.01628	0.06368	0.01335	0.01825	0.05873	0.03907	0.29666	0.11612	0.07148	0.05816	0.01764	0.01421	0.00713	0.00599	0.00173	0.00640	0.00571	0.00535	0.16524
27	0.01591	0.64929	0.16158	0.01194	0.01797	0.02282	0.01289	0.01885	0.01275	0.01557	0.00912	0.01056	0.00798	0.00544	0.00434	0.00145	0.00712	0.00356	0.00266	0.00821
28	0.01789	0.01363	0.01605	0.01246	0.01710	0.01257	0.00989	0.11624	0.01640	0.09274	0.01447	0.01683	0.01173	0.00754	0.00807	0.00179	0.11186	0.00512	0.00496	0.49266

[dist]
# distance from previous block
# <min> <max>
0	9

[block]
# block no. 2 follows, 36 sequences, length 8
# corresponding to MSA columns:
# 91-96,101,102
name=unknown_C
#
# <colnr> <probs for GDERKNQSTAVLIFYWHMCP>
#	G	D	E	R	K	N	Q	S	T	A	V	L	I	F	Y	W	H	M	C	P
0	0.01367	0.18424	0.42429	0.01678	0.02389	0.01674	0.10598	0.01947	0.03700	0.01884	0.03527	0.01442	0.01018	0.00628	0.00651	0.00190	0.04790	0.00503	0.00297	0.00864
1	0.01865	0.01969	0.02087	0.08844	0.02325	0.27329	0.16071	0.16397	0.05602	0.02183	0.01452	0.08267	0.01242	0.00765	0.00641	0.00192	0.00890	0.00657	0.00417	0.00808
2	0.00892	0.00662	0.00971	0.00971	0.01071	0.00762	0.00741	0.01093	0.00992	0.01424	0.01697	0.02603	0.01625	0.11666	0.68733	0.00963	0.01567	0.00690	0.00338	0.00539
3	0.11926	0.01242	0.01487	0.01153	0.01628	0.01217	0.00953	0.19555	0.01976	0.49276	0.02042	0.01842	0.01325	0.00743	0.00598	0.00191	0.00562	0.00577	0.00691	0.01015
4	0.00787	0.00562	0.00756	0.00900	0.00949	0.00531	0.00628	0.00917	0.01221	0.01622	0.03418	0.69510	0.04059	0.01925	0.00803	0.00257	0.00386	0.09678	0.00578	0.00514
5	0.01443	0.01698	0.07028	0.08277	0.09250	0.01547	0.57272	0.01957	0.01441	0.01967	0.01234	0.01649	0.00932	0.00538	0.00710	0.00207	0.01001	0.00693	0.00309	0.00845
6	0.00906	0.00604	0.00680	0.00680	0.00680	0.00604	0.00378	0.00906	0.00906	0.01208	0.01963	0.04077	0.02265	0.78103	0.03171	0.00604	0.00604	0.00906	0.00378	0.00378
7	0.02010	0.03897	0.01612	0.01267	0.01671	0.06065	0.01026	0.38451	0.15846	0.06388	0.01758	0.01778	0.01301	0.00887	0.03171	0.00212	0.00653	0.00581	0.10485	0.00941

[dist]
# distance from previous block
# <min> <max>
1	4

[block]
# block no. 3 follows, 36 sequences, length 37
# corresponding to MSA columns:
# 107-143
name=unknown_D
#
# <colnr> <probs for GDERKNQSTAVLIFYWHMCP>
#	G	D	E	R	K	N	Q	S	T	A	V	L	I	F	Y	W	H	M	C	P
0	0.01517	0.10700	0.04158	0.06919	0.11883	0.10632	0.27606	0.01917	0.03067	0.01850	0.01487	0.03547	0.03662	0.00679	0.00662	0.00192	0.02285	0.02377	0.04063	0.00796
1	0.11877	0.02357	0.01760	0.01897	0.15797	0.48749	0.01239	0.02224	0.01573	0.01764	0.01038	0.01327	0.00890	0.04173	0.00671	0.00190	0.00947	0.00446	0.00329	0.00752
2	0.00890	0.00668	0.01001	0.01001	0.01113	0.00779	0.00779	0.01113	0.01001	0.01446	0.01669	0.02448	0.01558	0.04673	0.75634	0.01001	0.01669	0.00668	0.00334	0.00556
3	0.00802	0.00634	0.00723	0.00700	0.00882	0.00554	0.00525	0.01022	0.01576	0.02053	0.36983	0.05387	0.43061	0.01440	0.00736	0.00204	0.00306	0.01230	0.00627	0.00554
4	0.01576	0.01395	0.01421	0.01280	0.01631	0.04098	0.00994	0.03282	0.70637	0.02569	0.02482	0.02283	0.01864	0.00838	0.00631	0.00210	0.00515	0.00694	0.00623	0.00977
5	0.01250	0.03223	0.74875	0.01776	0.02697	0.01447	0.02302	0.01973	0.01315	0.01973	0.01118	0.01315	0.00789	0.00592	0.00592	0.00197	0.00921	0.00460	0.00263	0.00921
6	0.01542	0.01480	0.02529	0.03824	0.74217	0.01480	0.01912	0.01912	0.01419	0.02036	0.01172	0.01542	0.00987	0.00555	0.00617	0.00185	0.00740	0.00555	0.00308	0.00987
7	0.02327	0.02970	0.01766	0.01605	0.01926	0.75602	0.01204	0.02488	0.01766	0.01525	0.00963	0.01124	0.00803	0.00642	0.00562	0.00161	0.01124	0.00401	0.00321	0.00722
8	0.01177	0.01107	0.01869	0.76606	0.04291	0.01384	0.01730	0.01592	0.01246	0.01592	0.01107	0.01661	0.00831	0.00623	0.00623	0.00208	0.00831	0.00554	0.00277	0.00692
9	0.02130	0.02535	0.01694	0.01520	0.01806	0.57482	0.01160	0.06747	0.01715	0.01720	0.01067	0.01278	0.00889	0.00815	0.02926	0.00197	0.08107	0.00443	0.05041	0.00727
10	0.06012	0.13355	0.60840	0.01624	0.02461	0.01583	0.02039	0.01950	0.01294	0.01952	0.01069	0.01255	0.00784	0.00583	0.00554	0.00188	0.00861	0.00436	0.00271	0.00890
11	0.00801	0.00634	0.00721	0.00699	0.00881	0.00554	0.00525	0.01020	0.01574	0.02048	0.36535	0.05396	0.43513	0.01442	0.00736	0.00204	0.00306	0.01231	0.00627	0.00554
12	0.01542	0.01480	0.02529	0.03824	0.74217	0.01480	0.01912	0.01912	0.01419	0.02036	0.01172	0.01542	0.00987	0.00555	0.00617	0.00185	0.00740	0.00555	0.00308	0.00987
13	0.02327	0.02970	0.01766	0.01605	0.01926	0.75602	0.01204	0.02488	0.01766	0.01525	0.00963	0.01124	0.00803	0.00642	0.00562	0.00161	0.01124	0.00401	0.00321	0.00722
14	0.82504	0.01205	0.00916	0.00819	0.01205	0.01398	0.00675	0.01832	0.01060	0.02795	0.00868	0.01012	0.00675	0.00578	0.00386	0.00193	0.00482	0.00337	0.00386	0.00675
15	0.02263	0.01644	0.01775	0.01390	0.01865	0.01817	0.01139	0.57613	0.13884	0.07526	0.01711	0.01660	0.01218	0.00764	0.00625	0.00191	0.00647	0.00587	0.00633	0.01048
16	0.00850	0.00634	0.00783	0.00746	0.00902	0.00575	0.00555	0.01103	0.01656	0.02271	0.56276	0.04931	0.20842	0.04150	0.00824	0.00214	0.00310	0.01160	0.00651	0.00566
17	0.00759	0.00542	0.00723	0.00868	0.00904	0.00506	0.00578	0.00868	0.01193	0.01591	0.03434	0.77697	0.04121	0.01952	0.00795	0.00253	0.00361	0.01771	0.00578	0.00506
18	0.01358	0.01276	0.02126	0.47086	0.22509	0.01468	0.04901	0.05489	0.01381	0.01850	0.01141	0.01610	0.00889	0.00625	0.00681	0.00203	0.03742	0.00562	0.00305	0.00796
19	0.00780	0.00564	0.00743	0.00878	0.00936	0.00527	0.00611	0.00909	0.01230	0.01622	0.03605	0.66551	0.08535	0.01907	0.00798	0.00253	0.00378	0.08081	0.00578	0.00514
20	0.01590	0.02220	0.27314	0.04348	0.02390	0.10483	0.13641	0.06572	0.13810	0.05498	0.04868	0.01744	0.01300	0.00681	0.00631	0.00197	0.00830	0.00590	0.00408	0.00885
21	0.01041	0.00870	0.01239	0.01125	0.01189	0.01040	0.04092	0.01172	0.00987	0.01410	0.01614	0.06353	0.01706	0.29113	0.23699	0.00597	0.21097	0.00776	0.00344	0.00538
22	0.02368	0.01745	0.01870	0.01434	0.01932	0.01932	0.01184	0.72139	0.02929	0.03927	0.01496	0.01496	0.01060	0.00748	0.00623	0.00187	0.00686	0.00561	0.00623	0.01060
23	0.01508	0.01101	0.01314	0.00950	0.01493	0.00843	0.00764	0.01780	0.01363	0.12484	0.01302	0.01411	0.01012	0.00506	0.00485	0.00107	0.00471	0.00406	0.00427	0.70273
24	0.02325	0.01605	0.01758	0.01371	0.01849	0.01752	0.01125	0.54657	0.11326	0.13076	0.01749	0.01679	0.01226	0.00763	0.00625	0.00191	0.00642	0.00587	0.00644	0.01051
25	0.01542	0.01476	0.02494	0.03745	0.71974	0.01483	0.01884	0.01955	0.03632	0.02053	0.01214	0.01566	0.01015	0.00564	0.00617	0.00186	0.00733	0.00560	0.00318	0.00987
26	0.01503	0.01291	0.01370	0.01246	0.01585	0.01485	0.00974	0.03155	0.67920	0.02548	0.02670	0.02637	0.03872	0.00905	0.00647	0.00215	0.00492	0.03902	0.00630	0.00955
27	0.02337	0.00978	0.01312	0.01044	0.01448	0.00867	0.00847	0.02642	0.04288	0.56463	0.17955	0.02677	0.02496	0.00883	0.00650	0.00194	0.00478	0.00738	0.00748	0.00955
28	0.07311	0.01653	0.04149	0.01552	0.01956	0.12669	0.15652	0.13976	0.10600	0.05013	0.01756	0.02118	0.03776	0.00790	0.00702	0.00201	0.04709	0.05040	0.05554	0.00824
29	0.01646	0.74943	0.06629	0.01099	0.01651	0.02418	0.01124	0.01871	0.01268	0.01490	0.00878	0.01014	0.00799	0.00536	0.00409	0.00136	0.00678	0.00339	0.00266	0.00805
30	0.01019	0.00703	0.00758	0.00715	0.00936	0.00619	0.00531	0.01229	0.04160	0.09849	0.05204	0.05186	0.54326	0.10782	0.01017	0.00256	0.00382	0.01164	0.00578	0.00586
31	0.00770	0.00550	0.00736	0.00880	0.00921	0.00516	0.00598	0.00887	0.01204	0.01603	0.03428	0.74511	0.04097	0.01942	0.00798	0.00255	0.00371	0.04848	0.00578	0.00509
32	0.01615	0.03381	0.24802	0.01637	0.02195	0.01429	0.13515	0.06302	0.11758	0.12935	0.01650	0.04528	0.01273	0.03118	0.00828	0.00220	0.06845	0.00639	0.00438	0.00892
33	0.01433	0.01300	0.01999	0.02800	0.48331	0.01316	0.01491	0.04601	0.09556	0.02161	0.05274	0.02340	0.10226	0.00758	0.00632	0.00190	0.00622	0.00691	0.03377	0.00901
34	0.00779	0.00561	0.00712	0.00820	0.00871	0.00522	0.00544	0.00884	0.01197	0.01581	0.05689	0.59670	0.10590	0.11173	0.01077	0.00290	0.00385	0.01603	0.00557	0.00495
35	0.01834	0.02120	0.01942	0.12063	0.09102	0.38789	0.07859	0.04760	0.01599	0.01726	0.01343	0.06518	0.02904	0.00754	0.00676	0.00187	0.04138	0.00594	0.00346	0.00746
36	0.09307	0.03510	0.01520	0.01293	0.01644	0.25690	0.01012	0.12630	0.18022	0.06517	0.09484	0.02001	0.01731	0.00794	0.00596	0.00187	0.00712	0.02008	0.00511	0.00830

[dist]
# distance from previous block
# <min> <max>
0	1

[block]
# block no. 4 follows, 36 sequences, length 6
# corresponding to MSA columns:
# 145-150
name=unknown_E
#
# <colnr> <probs for GDERKNQSTAVLIFYWHMCP>
#	G	D	E	R	K	N	Q	S	T	A	V	L	I	F	Y	W	H	M	C	P
0	0.01924	0.01677	0.01654	0.01548	0.07944	0.14328	0.01124	0.25257	0.21529	0.05544	0.05944	0.05394	0.01676	0.00826	0.00630	0.00193	0.00670	0.00663	0.00554	0.00922
1	0.03622	0.01628	0.14653	0.01235	0.01685	0.06834	0.01137	0.14357	0.06537	0.05979	0.07991	0.09701	0.04679	0.00922	0.00628	0.00189	0.00618	0.04555	0.00496	0.12554
2	0.01482	0.14675	0.31549	0.01414	0.02010	0.04139	0.05486	0.07084	0.01481	0.06199	0.04262	0.04208	0.02915	0.03218	0.00658	0.00196	0.00738	0.00581	0.06878	0.00828
3	0.01489	0.26634	0.44958	0.01550	0.02281	0.01764	0.01802	0.01960	0.01420	0.01978	0.07010	0.01676	0.01335	0.00721	0.00602	0.00202	0.00829	0.00519	0.00347	0.00922
4	0.01633	0.01692	0.06177	0.03187	0.45529	0.04769	0.15889	0.01989	0.01523	0.02108	0.01498	0.02199	0.01314	0.00749	0.00716	0.00224	0.00856	0.06597	0.00379	0.00972
5	0.01557	0.01083	0.01195	0.01088	0.01375	0.03262	0.00839	0.04477	0.18324	0.13979	0.17026	0.06726	0.18921	0.01258	0.00752	0.00235	0.00496	0.05898	0.00678	0.00832

[dist]
# distance from previous block
# <min> <max>
0	6

[block]
# block no. 5 follows, 36 sequences, length 33
# corresponding to MSA columns:
# 157-189
name=unknown_F
#
# <colnr> <probs for GDERKNQSTAVLIFYWHMCP>
#	G	D	E	R	K	N	Q	S	T	A	V	L	I	F	Y	W	H	M	C	P
0	0.00915	0.00655	0.00833	0.00968	0.01018	0.00598	0.00644	0.00981	0.01284	0.01727	0.03524	0.76111	0.04183	0.02017	0.00852	0.00278	0.00414	0.01788	0.00622	0.00585
1	0.02234	0.01602	0.01825	0.03740	0.01984	0.01688	0.03641	0.44544	0.09595	0.09527	0.01801	0.01872	0.01329	0.00821	0.00668	0.00209	0.00679	0.00620	0.05125	0.06496
2	0.07106	0.04458	0.01725	0.07319	0.14117	0.05605	0.01190	0.18750	0.18966	0.02589	0.05940	0.04670	0.03291	0.00797	0.00612	0.00194	0.00626	0.00655	0.00501	0.00888
3	0.00765	0.00547	0.00728	0.00864	0.00905	0.00510	0.00579	0.00882	0.01219	0.01632	0.06672	0.74340	0.04202	0.01921	0.00792	0.00250	0.00358	0.01742	0.00583	0.00510
4	0.02393	0.01705	0.01845	0.01415	0.01912	0.01873	0.01169	0.68096	0.02862	0.08064	0.01552	0.01532	0.01088	0.00749	0.00623	0.00187	0.00677	0.00565	0.00632	0.01060
5	0.01686	0.01225	0.01501	0.06952	0.03947	0.01316	0.03055	0.18661	0.21621	0.11264	0.06273	0.09227	0.06610	0.00973	0.00665	0.00207	0.00560	0.02782	0.00595	0.00881
6	0.01666	0.78478	0.03265	0.01066	0.01599	0.02465	0.01066	0.01866	0.01266	0.01466	0.00866	0.00999	0.00800	0.00533	0.00400	0.00133	0.00666	0.00333	0.00267	0.00800
7	0.00988	0.00842	0.00986	0.00995	0.01141	0.03444	0.00789	0.01251	0.04504	0.01801	0.10201	0.15957	0.25035	0.01518	0.00924	0.00241	0.09723	0.18531	0.00543	0.00587
8	0.01550	0.01338	0.01409	0.01268	0.01620	0.01550	0.00986	0.03311	0.73091	0.02606	0.02536	0.02325	0.01902	0.00845	0.00634	0.00211	0.00493	0.00704	0.00634	0.00986
9	0.00906	0.00604	0.00680	0.00680	0.00680	0.00604	0.00378	0.00906	0.00906	0.01208	0.01963	0.04077	0.02265	0.78103	0.03171	0.00604	0.00604	0.00906	0.00378	0.00378
10	0.07459	0.01069	0.01415	0.01092	0.01568	0.00944	0.00902	0.02966	0.01741	0.70445	0.02365	0.02056	0.01492	0.00760	0.00612	0.00193	0.00527	0.00610	0.00749	0.01038
11	0.00841	0.00652	0.00918	0.00979	0.01050	0.00647	0.03432	0.00976	0.01205	0.01608	0.03278	0.59982	0.07171	0.04551	0.00952	0.00265	0.04889	0.05535	0.00543	0.00530
12	0.01282	0.09145	0.69240	0.01720	0.02610	0.01527	0.02205	0.01965	0.01312	0.01933	0.01098	0.01291	0.00790	0.00587	0.00577	0.00192	0.00901	0.00450	0.00263	0.00911
13	0.00906	0.00604	0.00680	0.00680	0.00680	0.00604	0.00378	0.00906	0.00906	0.01208	0.01963	0.04077	0.02265	0.78103	0.03171	0.00604	0.00604	0.00906	0.00378	0.00378
14	0.00781	0.00670	0.00673	0.00666	0.00884	0.00582	0.00501	0.01025	0.05309	0.01733	0.06107	0.05797	0.70054	0.01538	0.00731	0.00210	0.00325	0.01282	0.00582	0.00551
15	0.02088	0.02515	0.01999	0.02282	0.23986	0.52983	0.01420	0.02312	0.01660	0.01681	0.01027	0.01251	0.00859	0.00616	0.00579	0.00168	0.01007	0.00448	0.00317	0.00803
16	0.01449	0.01966	0.22650	0.04867	0.48911	0.01474	0.05816	0.01926	0.01389	0.02006	0.01160	0.01489	0.00926	0.00565	0.00616	0.00190	0.00809	0.00539	0.00295	0.00954
17	0.01615	0.01749	0.03030	0.02737	0.21395	0.09000	0.40482	0.05484	0.01539	0.02036	0.01202	0.01568	0.00943	0.00577	0.00732	0.00200	0.03872	0.00639	0.00328	0.00871
18	0.82504	0.01205	0.00916	0.00819	0.01205	0.01398	0.00675	0.01832	0.01060	0.02795	0.00868	0.01012	0.00675	0.00578	0.00386	0.00193	0.00482	0.00337	0.00386	0.00675
19	0.00759	0.00542	0.00723	0.00868	0.00904	0.00506	0.00578	0.00868	0.01193	0.01591	0.03434	0.77697	0.04121	0.01952	0.00795	0.00253	0.00361	0.01771	0.00578	0.00506
20	0.08535	0.16425	0.01838	0.03847	0.01726	0.08378	0.01017	0.09318	0.11776	0.28401	0.01755	0.01675	0.01240	0.00701	0.00558	0.00181	0.00628	0.00528	0.00550	0.00924
21	0.00793	0.00586	0.00732	0.00834	0.00906	0.00550	0.00566	0.00960	0.03546	0.01639	0.05543	0.59160	0.13964	0.05977	0.00909	0.00263	0.00371	0.01608	0.00572	0.00520
22	0.00756	0.00619	0.00667	0.00682	0.00860	0.00530	0.00501	0.00922	0.01426	0.01761	0.13449	0.15961	0.56511	0.01597	0.00745	0.00215	0.00320	0.01358	0.00591	0.00530
23	0.00752	0.00632	0.00652	0.00647	0.00851	0.00532	0.00485	0.00924	0.01456	0.01768	0.13371	0.05856	0.66852	0.01546	0.00736	0.00209	0.00313	0.01295	0.00590	0.00532
24	0.02088	0.01746	0.02008	0.04433	0.17697	0.10642	0.03302	0.35503	0.04936	0.07296	0.01423	0.01538	0.01057	0.00697	0.00656	0.00188	0.02766	0.00554	0.00499	0.00972
25	0.01242	0.02989	0.02010	0.01623	0.01944	0.07331	0.25699	0.01551	0.01410	0.01794	0.02570	0.15155	0.09955	0.01178	0.00812	0.00232	0.04238	0.17151	0.00443	0.00674
26	0.00815	0.00659	0.00727	0.00706	0.00900	0.00584	0.00531	0.01076	0.04112	0.01992	0.29035	0.05410	0.48343	0.01449	0.00732	0.00206	0.00315	0.01229	0.00617	0.00563
27	0.04448	0.04881	0.68171	0.01747	0.02629	0.01473	0.04274	0.01966	0.01309	0.01994	0.01107	0.01307	0.00790	0.00588	0.00584	0.00196	0.00901	0.00461	0.00270	0.00906
28	0.22033	0.22803	0.08505	0.01273	0.03692	0.09813	0.01123	0.11873	0.07934	0.03941	0.01180	0.01272	0.00924	0.00625	0.00494	0.00174	0.00679	0.00431	0.00397	0.00835
29	0.48087	0.01504	0.12499	0.01036	0.01504	0.01340	0.00972	0.03802	0.08473	0.02598	0.05432	0.01443	0.01155	0.00643	0.00476	0.00187	0.00544	0.00449	0.00414	0.07443
30	0.07344	0.03792	0.02385	0.03106	0.51895	0.06599	0.06305	0.05776	0.01499	0.02132	0.01254	0.01556	0.02411	0.00591	0.00601	0.00185	0.00755	0.00550	0.00337	0.00926
31	0.03727	0.00928	0.05142	0.01085	0.01293	0.00870	0.09348	0.01339	0.01143	0.01757	0.01740	0.02688	0.01617	0.17548	0.20770	0.02304	0.02830	0.03392	0.19898	0.00581
32	0.03837	0.01587	0.07222	0.03083	0.52144	0.03617	0.04236	0.03519	0.03757	0.02080	0.01461	0.01740	0.04607	0.00621	0.00612	0.00185	0.00727	0.00580	0.00342	0.04044

[dist]
# distance from previous block
# <min> <max>
0	1

[block]
# block no. 6 follows, 36 sequences, length 38
# corresponding to MSA columns:
# 191-228
name=unknown_G
#
# <colnr> <probs for GDERKNQSTAVLIFYWHMCP>
#	G	D	E	R	K	N	Q	S	T	A	V	L	I	F	Y	W	H	M	C	P
0	0.46261	0.09284	0.15149	0.01094	0.01589	0.03100	0.01070	0.05624	0.04858	0.02521	0.03717	0.01295	0.00984	0.00626	0.00467	0.00188	0.00601	0.00421	0.00385	0.00767
1	0.01824	0.10775	0.13725	0.05059	0.07463	0.22609	0.01372	0.08009	0.07938	0.06679	0.02926	0.01705	0.01199	0.00700	0.00584	0.00180	0.00812	0.03178	0.00403	0.02861
2	0.01330	0.00878	0.01075	0.07504	0.01454	0.00849	0.00805	0.06355	0.05335	0.13656	0.08984	0.06358	0.28064	0.01208	0.00692	0.00208	0.00461	0.08150	0.02798	0.03839
3	0.00759	0.00542	0.00723	0.00868	0.00904	0.00506	0.00578	0.00868	0.01193	0.01591	0.03434	0.77697	0.04121	0.01952	0.00795	0.00253	0.00361	0.01771	0.00578	0.00506
4	0.02055	0.01576	0.11560	0.02080	0.24912	0.04981	0.01421	0.02448	0.04112	0.33150	0.01921	0.01911	0.03594	0.00701	0.00619	0.00191	0.00671	0.00595	0.00522	0.00981
5	0.01031	0.00864	0.01163	0.01102	0.01214	0.04169	0.03317	0.01224	0.01067	0.01490	0.01719	0.06070	0.01704	0.12570	0.45009	0.00729	0.09354	0.03272	0.02368	0.00564
6	0.02207	0.01247	0.01443	0.01152	0.01560	0.01281	0.00935	0.30258	0.05750	0.27940	0.02060	0.05648	0.01504	0.00817	0.00604	0.00187	0.00545	0.00654	0.13252	0.00954
7	0.00759	0.00542	0.00723	0.00868	0.00904	0.00506	0.00578	0.00868	0.01193	0.01591	0.03434	0.77697	0.04121	0.01952	0.00795	0.00253	0.00361	0.01771	0.00578	0.00506
8	0.01509	0.01181	0.01978	0.08330	0.11044	0.01161	0.18822	0.07930	0.01579	0.11833	0.06240	0.13557	0.06480	0.00923	0.00682	0.00205	0.00663	0.00875	0.04211	0.00798
9	0.02288	0.01660	0.01791	0.01396	0.01876	0.01833	0.01146	0.60032	0.11625	0.07365	0.01675	0.01631	0.01189	0.00761	0.00625	0.00190	0.00654	0.00582	0.00632	0.01050
10	0.00906	0.00604	0.00680	0.00680	0.00680	0.00604	0.00378	0.00906	0.00906	0.01208	0.01963	0.04077	0.02265	0.78103	0.03171	0.00604	0.00604	0.00906	0.00378	0.00378
11	0.04415	0.00658	0.00832	0.00789	0.00942	0.00620	0.00591	0.01192	0.01711	0.02476	0.68003	0.07316	0.05585	0.01270	0.00722	0.00198	0.00305	0.01117	0.00669	0.00588
12	0.01285	0.02999	0.65257	0.01995	0.08995	0.01456	0.05470	0.01969	0.01332	0.01980	0.01129	0.01352	0.00814	0.00586	0.00601	0.00197	0.00911	0.00481	0.00269	0.00923
13	0.00759	0.00542	0.00723	0.00868	0.00904	0.00506	0.00578	0.00868	0.01193	0.01591	0.03434	0.77697	0.04121	0.01952	0.00795	0.00253	0.00361	0.01771	0.00578	0.00506
14	0.01004	0.00717	0.01004	0.01147	0.01291	0.00717	0.01004	0.01291	0.01434	0.01865	0.03299	0.07028	0.03586	0.01721	0.00861	0.00287	0.00574	0.70023	0.00574	0.00574
15	0.01450	0.42673	0.33449	0.01363	0.02039	0.01949	0.01574	0.01873	0.01273	0.01680	0.01014	0.01207	0.00834	0.00769	0.04314	0.00205	0.00825	0.00404	0.00268	0.00838
16	0.01363	0.01363	0.01908	0.01636	0.01636	0.01908	0.01363	0.01499	0.00954	0.01499	0.00818	0.01363	0.00818	0.01091	0.02045	0.00273	0.76963	0.00545	0.00273	0.00682
17	0.73975	0.04189	0.01059	0.00866	0.01261	0.01465	0.00719	0.04880	0.02931	0.02788	0.00936	0.01065	0.00726	0.00591	0.00402	0.00191	0.00498	0.00356	0.00397	0.00704
18	0.01178	0.01071	0.01032	0.00961	0.01234	0.05721	0.00736	0.02001	0.30917	0.02087	0.07313	0.04120	0.36778	0.01204	0.00683	0.00207	0.00439	0.00998	0.00590	0.00730
19	0.00894	0.00671	0.00817	0.00767	0.00941	0.00616	0.00579	0.03402	0.01717	0.02344	0.54938	0.04882	0.22456	0.01332	0.00732	0.00199	0.00312	0.01155	0.00657	0.00588
20	0.02262	0.01662	0.01784	0.01379	0.01841	0.01836	0.01126	0.66972	0.02783	0.03730	0.01530	0.01683	0.01147	0.06359	0.00808	0.00217	0.00680	0.00586	0.00605	0.01010
21	0.01082	0.00541	0.00812	0.00812	0.00812	0.00541	0.00541	0.00812	0.00812	0.01082	0.01082	0.01894	0.01082	0.02165	0.02435	0.81872	0.00541	0.00541	0.00271	0.00271
22	0.01540	0.55753	0.24889	0.01280	0.01931	0.02158	0.01439	0.01898	0.01281	0.01619	0.00942	0.01095	0.00796	0.00551	0.00458	0.00153	0.00743	0.00372	0.00265	0.00836
23	0.00764	0.00632	0.00669	0.00660	0.00859	0.00538	0.00495	0.00948	0.01485	0.01838	0.19148	0.05741	0.61031	0.01520	0.00736	0.00208	0.00311	0.01279	0.00599	0.00538
24	0.00808	0.00594	0.00775	0.00873	0.00956	0.00536	0.00593	0.00931	0.01202	0.01631	0.03222	0.70730	0.03829	0.01816	0.00765	0.00238	0.00371	0.01643	0.00559	0.07928
25	0.04072	0.02728	0.49119	0.01865	0.02647	0.05269	0.15099	0.08119	0.01500	0.02152	0.01162	0.01380	0.00839	0.00595	0.00613	0.00197	0.00921	0.00514	0.00311	0.00900
26	0.08011	0.08422	0.01640	0.01219	0.01638	0.19450	0.00980	0.16456	0.07731	0.07871	0.03012	0.01671	0.04040	0.00700	0.00550	0.00165	0.00683	0.00515	0.02162	0.13083
27	0.01844	0.05359	0.01892	0.01367	0.01865	0.04043	0.09825	0.24749	0.06145	0.08945	0.01528	0.04487	0.01196	0.00680	0.00586	0.00164	0.00645	0.00573	0.00497	0.23610
28	0.00906	0.00604	0.00680	0.00680	0.00680	0.00604	0.00378	0.00906	0.00906	0.01208	0.01963	0.04077	0.02265	0.78103	0.03171	0.00604	0.00604	0.00906	0.00378	0.00378
29	0.00771	0.00633	0.00679	0.00668	0.00863	0.00541	0.00501	0.00962	0.01502	0.01878	0.22469	0.05675	0.57685	0.01505	0.00736	0.00207	0.00310	0.01270	0.00604	0.00541
30	0.02005	0.02204	0.03965	0.01622	0.02002	0.37288	0.09793	0.07140	0.12387	0.06385	0.01466	0.01744	0.01175	0.00741	0.00681	0.00190	0.04252	0.03720	0.00423	0.00816
31	0.01353	0.01275	0.02090	0.41298	0.31738	0.01437	0.01738	0.01867	0.07513	0.01855	0.01256	0.01671	0.00985	0.00615	0.00621	0.00199	0.00766	0.00567	0.00320	0.00834
32	0.01458	0.01595	0.01191	0.01102	0.01329	0.31414	0.00827	0.01680	0.01721	0.01996	0.35409	0.03372	0.12360	0.01052	0.00664	0.00183	0.00638	0.00852	0.00522	0.00635
33	0.01904	0.00873	0.01104	0.00910	0.01269	0.00749	0.00730	0.02118	0.01649	0.42725	0.09097	0.03721	0.28299	0.01103	0.00675	0.00199	0.00435	0.00915	0.00695	0.00831
34	0.05044	0.01698	0.08354	0.01368	0.01849	0.04448	0.01198	0.40827	0.02268	0.16394	0.01585	0.01622	0.01126	0.01000	0.05643	0.00245	0.03233	0.00556	0.00567	0.00975
35	0.01005	0.00699	0.00880	0.00855	0.00982	0.00721	0.00619	0.04198	0.01184	0.04714	0.02770	0.08148	0.15661	0.24360	0.29745	0.00622	0.00937	0.00919	0.00439	0.00541
36	0.00848	0.00628	0.00791	0.00765	0.00914	0.00571	0.00568	0.01104	0.01661	0.02291	0.57051	0.10766	0.16976	0.01379	0.00740	0.00203	0.00303	0.01210	0.00659	0.00571
37	0.02119	0.02273	0.01763	0.12912	0.02241	0.42089	0.01249	0.20625	0.01975	0.02197	0.01166	0.01349	0.00905	0.00670	0.00582	0.00174	0.00932	0.00473	0.03503	0.00801

[dist]
# distance from previous block
# <min> <max>
5	11

[block]
# block no. 7 follows, 36 sequences, length 18
# corresponding to MSA columns:
# 240-257
name=unknown_H
#
# <colnr> <probs for GDERKNQSTAVLIFYWHMCP>
#	G	D	E	R	K	N	Q	S	T	A	V	L	I	F	Y	W	H	M	C	P
0	0.01729	0.03875	0.13386	0.04134	0.26301	0.20479	0.05356	0.06300	0.04965	0.01983	0.01173	0.01424	0.00939	0.00635	0.00674	0.00187	0.04733	0.00513	0.00336	0.00879
1	0.00892	0.00619	0.00715	0.00701	0.00860	0.00564	0.00522	0.01136	0.01538	0.02178	0.35480	0.08258	0.24732	0.01281	0.00675	0.00192	0.00303	0.01099	0.17689	0.00564
2	0.08925	0.00823	0.00847	0.00801	0.01043	0.00818	0.00613	0.01501	0.15072	0.02129	0.18470	0.04544	0.39586	0.01281	0.00682	0.00206	0.00361	0.01066	0.00592	0.00640
3	0.01457	0.02183	0.29450	0.02286	0.08515	0.01503	0.33944	0.02010	0.01401	0.05651	0.01241	0.01543	0.00916	0.00591	0.00730	0.00206	0.04566	0.00606	0.00317	0.00885
4	0.02505	0.01348	0.01592	0.01228	0.01698	0.01365	0.01012	0.34782	0.02284	0.37913	0.01990	0.01844	0.01323	0.00758	0.00614	0.00187	0.00588	0.00594	0.05342	0.01032
5	0.02434	0.01331	0.01557	0.01207	0.01663	0.01355	0.00993	0.35029	0.02269	0.34537	0.01968	0.01850	0.01323	0.00756	0.00606	0.00185	0.00579	0.00591	0.08753	0.01012
6	0.00759	0.00542	0.00723	0.00868	0.00904	0.00506	0.00578	0.00868	0.01193	0.01591	0.03434	0.77697	0.04121	0.01952	0.00795	0.00253	0.00361	0.01771	0.00578	0.00506
7	0.02328	0.01725	0.01847	0.01425	0.01917	0.01913	0.01174	0.68707	0.06428	0.03861	0.01548	0.01537	0.01102	0.00753	0.00624	0.00188	0.00676	0.00568	0.00624	0.01056
8	0.01072	0.01124	0.00870	0.00836	0.01070	0.16344	0.00627	0.01230	0.01493	0.01650	0.05185	0.04970	0.58550	0.01381	0.00700	0.00200	0.00486	0.01122	0.00524	0.00567
9	0.00759	0.00542	0.00723	0.00868	0.00904	0.00506	0.00578	0.00868	0.01193	0.01591	0.03434	0.77697	0.04121	0.01952	0.00795	0.00253	0.00361	0.01771	0.00578	0.00506
10	0.01250	0.03223	0.74875	0.01776	0.02697	0.01447	0.02302	0.01973	0.01315	0.01973	0.01118	0.01315	0.00789	0.00592	0.00592	0.00197	0.00921	0.00460	0.00263	0.00921
11	0.02330	0.02894	0.01772	0.01595	0.01927	0.71061	0.01203	0.06781	0.01837	0.01673	0.00996	0.01147	0.00818	0.00649	0.00566	0.00162	0.01097	0.00411	0.00340	0.00743
12	0.00765	0.00632	0.00671	0.00662	0.00859	0.00538	0.00496	0.00950	0.01489	0.01846	0.19816	0.05728	0.60358	0.01517	0.00736	0.00208	0.00311	0.01277	0.00600	0.00538
13	0.00870	0.00636	0.00816	0.00771	0.00923	0.00583	0.00578	0.01153	0.01735	0.02431	0.68313	0.04765	0.11496	0.01299	0.00735	0.00197	0.00296	0.01142	0.00677	0.00583
14	0.01013	0.00932	0.01706	0.01445	0.01693	0.00873	0.23846	0.01281	0.01340	0.01797	0.07058	0.41859	0.05412	0.01420	0.00774	0.00236	0.00593	0.05598	0.00499	0.00625
15	0.02276	0.02663	0.01688	0.01511	0.01840	0.62925	0.01144	0.07343	0.01820	0.04543	0.01124	0.01262	0.00898	0.00660	0.00561	0.00163	0.01019	0.00432	0.05380	0.00750
16	0.02368	0.01745	0.01870	0.01434	0.01932	0.01932	0.01184	0.72139	0.02929	0.03927	0.01496	0.01496	0.01060	0.00748	0.00623	0.00187	0.00686	0.00561	0.00623	0.01060
17	0.02185	0.01774	0.01759	0.01414	0.01863	0.08923	0.01143	0.50377	0.18183	0.03407	0.01672	0.01642	0.01219	0.00759	0.00620	0.00190	0.00686	0.00577	0.00597	0.01011

[dist]
# distance from previous block
# <min> <max>
0	1

[block]
# block no. 8 follows, 36 sequences, length 20
# corresponding to MSA columns:
# 259-278
name=unknown_I
#
# <colnr> <probs for GDERKNQSTAVLIFYWHMCP>
#	G	D	E	R	K	N	Q	S	T	A	V	L	I	F	Y	W	H	M	C	P
0	0.08180	0.01529	0.02318	0.10487	0.54255	0.06491	0.03987	0.01916	0.01398	0.02019	0.01129	0.01486	0.00932	0.00569	0.00599	0.00187	0.00764	0.00533	0.00313	0.00910
1	0.01113	0.00964	0.01125	0.01081	0.01193	0.08123	0.00836	0.01311	0.01108	0.01551	0.01634	0.06395	0.01559	0.05940	0.43993	0.00678	0.11346	0.00687	0.08782	0.00582
2	0.23147	0.01143	0.02458	0.00980	0.01362	0.03226	0.00802	0.07110	0.03647	0.23753	0.09448	0.04301	0.10837	0.00881	0.00582	0.00192	0.00494	0.00691	0.00578	0.04369
3	0.01120	0.01146	0.03822	0.01654	0.01931	0.01119	0.27592	0.01404	0.01269	0.01740	0.02210	0.37014	0.02403	0.01266	0.00934	0.00238	0.10855	0.01185	0.00431	0.00666
4	0.00866	0.00631	0.00814	0.00779	0.00924	0.00579	0.00580	0.01141	0.01711	0.02397	0.65749	0.08788	0.10046	0.01330	0.00738	0.00200	0.00299	0.01174	0.00673	0.00579
5	0.01477	0.02905	0.64078	0.01678	0.02534	0.01369	0.02098	0.02130	0.01384	0.12659	0.01315	0.01434	0.00900	0.00618	0.00597	0.00197	0.00863	0.00485	0.00338	0.00941
6	0.01421	0.06399	0.08477	0.22717	0.40883	0.01530	0.03854	0.01820	0.01342	0.01860	0.01123	0.01519	0.00911	0.00590	0.00648	0.00192	0.03006	0.00538	0.00293	0.00878
7	0.01433	0.13962	0.52805	0.01693	0.02497	0.01651	0.06418	0.08801	0.01475	0.02091	0.01127	0.01310	0.00827	0.00594	0.00576	0.00188	0.00869	0.00469	0.00302	0.00912
8	0.00825	0.00630	0.00757	0.00736	0.00898	0.00562	0.00548	0.01061	0.01613	0.02166	0.46605	0.09168	0.29335	0.01417	0.00739	0.00204	0.00305	0.01228	0.00643	0.00562
9	0.01481	0.01295	0.01527	0.01586	0.12243	0.01410	0.01075	0.02795	0.51191	0.02409	0.02226	0.05861	0.01772	0.00816	0.00621	0.00197	0.00519	0.00699	0.00555	0.09723
10	0.00827	0.00589	0.00689	0.00735	0.00788	0.00558	0.00465	0.00897	0.01112	0.01448	0.04858	0.28637	0.15757	0.37660	0.01900	0.00409	0.00466	0.01269	0.00486	0.00451
11	0.05760	0.09047	0.08843	0.01536	0.02059	0.01443	0.18467	0.03818	0.04346	0.02020	0.01148	0.01403	0.00924	0.00598	0.00721	0.00168	0.09334	0.00501	0.00345	0.27519
12	0.01888	0.18916	0.01950	0.01297	0.01694	0.21089	0.01068	0.18616	0.13651	0.02306	0.04340	0.01937	0.04968	0.00780	0.00576	0.00177	0.00728	0.02711	0.00465	0.00843
13	0.00756	0.00555	0.00709	0.00833	0.00895	0.00509	0.00563	0.00871	0.01226	0.01604	0.03857	0.67154	0.14390	0.01897	0.00787	0.00247	0.00355	0.01704	0.00578	0.00509
14	0.00879	0.00762	0.04492	0.00869	0.01029	0.00632	0.00674	0.03326	0.01501	0.02043	0.30548	0.34557	0.13262	0.01540	0.00749	0.00221	0.00368	0.01364	0.00605	0.00578
15	0.05654	0.01288	0.06071	0.11380	0.13081	0.05369	0.01237	0.06594	0.05416	0.02094	0.09473	0.10923	0.02258	0.01059	0.00738	0.01618	0.02429	0.12124	0.00457	0.00737
16	0.01101	0.01005	0.01395	0.01301	0.01320	0.01299	0.01023	0.01228	0.01054	0.01535	0.01918	0.32750	0.02197	0.01550	0.03710	0.00286	0.43269	0.01052	0.00400	0.00606
17	0.00758	0.00546	0.00719	0.00857	0.00901	0.00507	0.00574	0.00869	0.01203	0.01595	0.03561	0.74546	0.07190	0.01936	0.00793	0.00251	0.00359	0.01751	0.00578	0.00507
18	0.01447	0.01713	0.07098	0.06963	0.07733	0.01552	0.59960	0.01966	0.01446	0.01974	0.01239	0.01652	0.00933	0.00536	0.00714	0.00208	0.01012	0.00700	0.00310	0.00845
19	0.01917	0.18271	0.16724	0.01398	0.01929	0.16943	0.01332	0.18805	0.05388	0.06171	0.01305	0.01390	0.00989	0.00655	0.00550	0.00172	0.00784	0.00472	0.03922	0.00884

[dist]
# distance from previous block
# <min> <max>
1	6

[block]
# block no. 9 follows, 36 sequences, length 39
# corresponding to MSA columns:
# 285-304,306-324
name=unknown_J
#
# <colnr> <probs for GDERKNQSTAVLIFYWHMCP>
#	G	D	E	R	K	N	Q	S	T	A	V	L	I	F	Y	W	H	M	C	P
0	0.00915	0.00746	0.00817	0.00783	0.01014	0.00679	0.00610	0.03558	0.05990	0.01955	0.13927	0.05312	0.47772	0.01424	0.00725	0.00209	0.00369	0.07966	0.00586	0.04643
1	0.01497	0.01546	0.03171	0.09728	0.03112	0.01497	0.54992	0.05436	0.01523	0.04489	0.01419	0.03931	0.01127	0.00630	0.00720	0.00212	0.00960	0.02826	0.00357	0.00827
2	0.01406	0.01566	0.03328	0.02417	0.02966	0.01500	0.62065	0.01881	0.01439	0.01966	0.03810	0.05984	0.01282	0.00658	0.00804	0.00215	0.04772	0.00797	0.00340	0.00805
3	0.02327	0.02970	0.01766	0.01605	0.01926	0.75602	0.01204	0.02488	0.01766	0.01525	0.00963	0.01124	0.00803	0.00642	0.00562	0.00161	0.01124	0.00401	0.00321	0.00722
4	0.02459	0.01136	0.01436	0.01152	0.01599	0.01087	0.00935	0.03111	0.21068	0.55165	0.02479	0.02176	0.01640	0.00791	0.00629	0.00198	0.00520	0.00648	0.00734	0.01040
5	0.00758	0.00628	0.00665	0.00664	0.00857	0.00534	0.00495	0.00934	0.01459	0.01797	0.15952	0.09097	0.60908	0.01551	0.00739	0.00210	0.00315	0.01309	0.00594	0.00534
6	0.02772	0.01098	0.01469	0.01127	0.01609	0.00972	0.00931	0.06871	0.01847	0.70723	0.02405	0.02086	0.01516	0.00770	0.00626	0.00192	0.00539	0.00623	0.00763	0.01060
7	0.00759	0.00542	0.00723	0.00868	0.00904	0.00506	0.00578	0.00868	0.01193	0.01591	0.03434	0.77697	0.04121	0.01952	0.00795	0.00253	0.00361	0.01771	0.00578	0.00506
8	0.00739	0.00620	0.00642	0.00660	0.00849	0.00524	0.00486	0.00891	0.01392	0.01672	0.05960	0.14757	0.65430	0.01624	0.00744	0.00216	0.00321	0.01371	0.00579	0.00524
9	0.02327	0.02970	0.01766	0.01605	0.01926	0.75602	0.01204	0.02488	0.01766	0.01525	0.00963	0.01124	0.00803	0.00642	0.00562	0.00161	0.01124	0.00401	0.00321	0.00722
10	0.02795	0.01060	0.01446	0.01109	0.01591	0.00916	0.00916	0.03036	0.01783	0.74648	0.02458	0.02121	0.01542	0.00771	0.00627	0.00193	0.00530	0.00627	0.00771	0.01060
11	0.00774	0.00558	0.00726	0.00854	0.00905	0.00521	0.00580	0.00889	0.01205	0.01591	0.03559	0.66450	0.08827	0.05416	0.00903	0.00268	0.00378	0.04522	0.00569	0.00504
12	0.00884	0.00595	0.00686	0.00708	0.00713	0.00589	0.00408	0.00900	0.00949	0.01265	0.02183	0.15073	0.02542	0.66730	0.02816	0.00552	0.00568	0.01035	0.00408	0.00397
13	0.01203	0.00779	0.00961	0.00959	0.01142	0.00754	0.00733	0.09380	0.01547	0.09380	0.05931	0.34977	0.13286	0.01546	0.00749	0.00234	0.00440	0.12550	0.02806	0.00645
14	0.01498	0.01435	0.02449	0.12672	0.65716	0.01469	0.01890	0.01873	0.01398	0.01982	0.01164	0.01557	0.00968	0.00563	0.00618	0.00188	0.00751	0.00555	0.00305	0.00951
15	0.02782	0.01082	0.01460	0.01119	0.01601	0.00948	0.00924	0.05254	0.01820	0.72378	0.02427	0.02101	0.01527	0.00770	0.00626	0.00193	0.00535	0.00624	0.00766	0.01060
16	0.01668	0.67650	0.09361	0.01158	0.01713	0.06572	0.01181	0.01911	0.01299	0.01513	0.00894	0.01034	0.00799	0.00544	0.00426	0.00140	0.00715	0.00348	0.00269	0.00806
17	0.01524	0.08129	0.17093	0.01307	0.01754	0.06041	0.03884	0.04220	0.02692	0.12492	0.03313	0.14064	0.01799	0.01091	0.03509	0.00228	0.03432	0.05471	0.00453	0.07503
18	0.09045	0.01312	0.01486	0.03048	0.03769	0.03968	0.00981	0.18366	0.08316	0.26401	0.04305	0.01914	0.02772	0.00817	0.02047	0.00198	0.00596	0.00585	0.00593	0.09480
19	0.01460	0.01397	0.02381	0.20161	0.58522	0.01459	0.01871	0.01840	0.01380	0.01936	0.01157	0.01569	0.00952	0.00570	0.00618	0.00190	0.00760	0.00555	0.00301	0.00921
20	0.01264	0.01197	0.02027	0.59197	0.21017	0.01407	0.01774	0.01669	0.01287	0.01698	0.01123	0.01633	0.00868	0.00607	0.00621	0.00202	0.00809	0.00554	0.00284	0.00763
21	0.01351	0.01299	0.02248	0.41055	0.34851	0.01436	0.05311	0.01752	0.01333	0.01806	0.01143	0.01610	0.00905	0.00588	0.00626	0.00198	0.00802	0.00563	0.00293	0.00829
22	0.01991	0.01419	0.05691	0.03809	0.01848	0.07243	0.07041	0.09217	0.07745	0.28674	0.06123	0.02552	0.05757	0.00871	0.00690	0.00203	0.02487	0.05165	0.00585	0.00892
23	0.00799	0.00646	0.00715	0.00727	0.00906	0.00573	0.00542	0.01028	0.03745	0.01837	0.16484	0.15376	0.48687	0.01562	0.00745	0.00217	0.00334	0.03929	0.00597	0.00550
24	0.02719	0.01183	0.01522	0.01167	0.01651	0.01097	0.00964	0.15366	0.01988	0.62029	0.02286	0.02009	0.01456	0.00767	0.00626	0.00192	0.00558	0.00615	0.00745	0.01060
25	0.09728	0.01375	0.07996	0.01265	0.01694	0.02861	0.03559	0.06338	0.02955	0.38317	0.05181	0.03898	0.01520	0.00817	0.00776	0.00204	0.09389	0.00625	0.00587	0.00915
26	0.01446	0.01322	0.03784	0.01330	0.04900	0.01422	0.01014	0.02921	0.58870	0.02470	0.04660	0.02660	0.08657	0.00903	0.00644	0.00209	0.00497	0.00758	0.00603	0.00931
27	0.00781	0.00571	0.00705	0.00795	0.00862	0.00527	0.00531	0.00891	0.01218	0.01592	0.06669	0.51268	0.16723	0.12489	0.01114	0.00292	0.00384	0.01540	0.00555	0.00495
