[name]
unknown

[dist]
# distance from previous block
# <min> <max>
0	193

[block]
# block no. 0 follows, 28 sequences, length 9
# corresponding to MSA columns:
# 401-409
name=unknown_A
#
# <colnr> <probs for GDERKNQSTAVLIFYWHMCP>
#	G	D	E	R	K	N	Q	S	T	A	V	L	I	F	Y	W	H	M	C	P
0	0.01659	0.01252	0.01537	0.01308	0.04010	0.01069	0.01026	0.05169	0.04312	0.07893	0.02048	0.03068	0.01846	0.00915	0.00675	0.00179	0.00597	0.14152	0.00543	0.46740
1	0.01793	0.01312	0.01478	0.01314	0.01659	0.01389	0.01010	0.19819	0.18845	0.07173	0.03120	0.26144	0.06001	0.01401	0.00796	0.00248	0.00576	0.01202	0.00710	0.04011
2	0.01642	0.01944	0.16206	0.01482	0.02105	0.01526	0.01387	0.02911	0.33907	0.02679	0.02099	0.02095	0.01595	0.00787	0.00668	0.00201	0.00670	0.00642	0.00554	0.24901
3	0.01406	0.01176	0.01394	0.01042	0.01588	0.00909	0.00824	0.01733	0.01624	0.02484	0.15727	0.02337	0.02300	0.00739	0.00606	0.00133	0.00497	0.00618	0.00509	0.62354
4	0.01447	0.01437	0.02638	0.57587	0.04744	0.01663	0.16187	0.01960	0.01510	0.01960	0.01331	0.01943	0.00998	0.00702	0.00755	0.00243	0.01025	0.00692	0.00333	0.00845
5	0.01100	0.16813	0.01426	0.00905	0.01189	0.01100	0.00728	0.01283	0.01562	0.01886	0.05274	0.19899	0.41002	0.01669	0.00788	0.00236	0.00468	0.01398	0.00596	0.00678
6	0.01960	0.37587	0.08676	0.16522	0.02721	0.02376	0.01558	0.16300	0.01898	0.02414	0.01254	0.01486	0.01005	0.00704	0.00597	0.00194	0.00847	0.00513	0.00404	0.00984
7	0.01572	0.01096	0.01714	0.01381	0.01778	0.00973	0.14795	0.01871	0.01758	0.16940	0.07841	0.10448	0.32005	0.01396	0.00837	0.00244	0.00607	0.01250	0.00665	0.00828
8	0.02585	0.17853	0.02535	0.01579	0.02170	0.02389	0.01352	0.53315	0.02996	0.03958	0.01586	0.01619	0.01170	0.00818	0.00671	0.00205	0.00795	0.00597	0.00637	0.01170

[dist]
# distance from previous block
# <min> <max>
21	113

[block]
# block no. 1 follows, 28 sequences, length 9
# corresponding to MSA columns:
# 526-534
name=unknown_B
#
# <colnr> <probs for GDERKNQSTAVLIFYWHMCP>
#	G	D	E	R	K	N	Q	S	T	A	V	L	I	F	Y	W	H	M	C	P
0	0.08394	0.01651	0.02198	0.02604	0.28585	0.01742	0.01565	0.17906	0.12376	0.08206	0.06020	0.02153	0.01709	0.00826	0.00712	0.00223	0.00729	0.00703	0.00580	0.01119
1	0.19577	0.00952	0.01133	0.05668	0.06519	0.00996	0.00875	0.01421	0.01353	0.02167	0.02967	0.30917	0.09553	0.04898	0.01066	0.06936	0.00547	0.01256	0.00535	0.00665
2	0.32096	0.01331	0.01262	0.01126	0.01487	0.05655	0.02825	0.02309	0.10001	0.08337	0.06973	0.07533	0.01996	0.00943	0.00610	0.00223	0.00572	0.00733	0.13149	0.00839
3	0.01076	0.00690	0.00904	0.01014	0.01114	0.00631	0.00697	0.01220	0.01468	0.07421	0.04175	0.62988	0.09592	0.02132	0.00907	0.00286	0.00434	0.01917	0.00693	0.00645
4	0.54436	0.01711	0.12315	0.01139	0.01674	0.01516	0.01092	0.02235	0.01375	0.08270	0.01318	0.01468	0.00978	0.00709	0.00515	0.00221	0.00630	0.00467	0.07071	0.00859
5	0.01010	0.00707	0.00906	0.00948	0.00993	0.00731	0.00624	0.01111	0.01169	0.01594	0.02620	0.21277	0.02954	0.38168	0.21243	0.00728	0.00969	0.01231	0.00484	0.00533
6	0.01561	0.01426	0.02338	0.15257	0.31311	0.01488	0.07220	0.04119	0.04573	0.02188	0.01794	0.07766	0.01681	0.12711	0.01230	0.00309	0.00839	0.00846	0.00420	0.00922
7	0.01500	0.03470	0.59975	0.02232	0.03251	0.01712	0.13107	0.02306	0.01564	0.02306	0.01331	0.01603	0.00950	0.00678	0.00718	0.00233	0.01099	0.00589	0.00317	0.01059
8	0.01592	0.23332	0.52285	0.01844	0.02794	0.02015	0.02289	0.02268	0.01519	0.02139	0.01224	0.01433	0.00924	0.00672	0.00629	0.00210	0.00993	0.00496	0.00308	0.01035

[dist]
# distance from previous block
# <min> <max>
0	1

[block]
# block no. 2 follows, 28 sequences, length 25
# corresponding to MSA columns:
# 536-560
name=unknown_C
#
# <colnr> <probs for GDERKNQSTAVLIFYWHMCP>
#	G	D	E	R	K	N	Q	S	T	A	V	L	I	F	Y	W	H	M	C	P
0	0.02505	0.01257	0.01567	0.01291	0.01750	0.01226	0.01035	0.03311	0.21425	0.40724	0.12870	0.02986	0.02678	0.01013	0.00752	0.00232	0.00565	0.00845	0.00838	0.01129
1	0.01551	0.06544	0.05014	0.01449	0.01810	0.01140	0.10985	0.01913	0.04349	0.13094	0.03326	0.30380	0.08621	0.01503	0.00832	0.00259	0.00648	0.05127	0.00623	0.00831
2	0.01811	0.55503	0.22038	0.01469	0.02215	0.02552	0.01637	0.02211	0.01493	0.01872	0.01091	0.01267	0.00930	0.00641	0.00528	0.00176	0.00858	0.00429	0.00310	0.00971
3	0.00886	0.00633	0.00843	0.01012	0.01054	0.00590	0.00675	0.01012	0.01392	0.01856	0.04006	0.73979	0.04808	0.02277	0.00928	0.00295	0.00422	0.02066	0.00675	0.00590
4	0.01373	0.01292	0.02180	0.72707	0.05006	0.01615	0.02019	0.01857	0.01453	0.01857	0.01292	0.01938	0.00969	0.00727	0.00727	0.00242	0.00969	0.00646	0.00323	0.00807
5	0.02761	0.02111	0.02175	0.01683	0.02254	0.05886	0.01383	0.64110	0.03347	0.04434	0.01713	0.01722	0.01220	0.00866	0.00723	0.00217	0.00827	0.00645	0.00709	0.01216
6	0.02763	0.02036	0.02182	0.01672	0.02254	0.02254	0.01382	0.67496	0.03418	0.04581	0.01745	0.01745	0.01236	0.00873	0.00727	0.00218	0.00800	0.00654	0.00727	0.01236
7	0.01808	0.01561	0.01644	0.01479	0.01890	0.01808	0.01151	0.03863	0.68606	0.03041	0.02959	0.02712	0.02219	0.00986	0.00740	0.00247	0.00575	0.00822	0.00740	0.01151
8	0.01458	0.03760	0.70688	0.02072	0.03146	0.01688	0.02686	0.02302	0.01535	0.02302	0.01304	0.01535	0.00921	0.00691	0.00691	0.00230	0.01074	0.00537	0.00307	0.01074
9	0.01458	0.03760	0.70688	0.02072	0.03146	0.01688	0.02686	0.02302	0.01535	0.02302	0.01304	0.01535	0.00921	0.00691	0.00691	0.00230	0.01074	0.00537	0.00307	0.01074
10	0.00886	0.00633	0.00843	0.01012	0.01054	0.00590	0.00675	0.01012	0.01392	0.01856	0.04006	0.73979	0.04808	0.02277	0.00928	0.00295	0.00422	0.02066	0.00675	0.00590
11	0.01759	0.51038	0.03410	0.01482	0.02028	0.02365	0.11622	0.02031	0.01453	0.01777	0.01273	0.01763	0.01189	0.08365	0.05470	0.00291	0.00917	0.00556	0.00338	0.00872
12	0.01016	0.00704	0.00880	0.00917	0.00952	0.00721	0.00586	0.01096	0.01152	0.01563	0.02593	0.19399	0.02945	0.44757	0.16895	0.00710	0.00896	0.01220	0.00481	0.00515
13	0.01459	0.01460	0.02736	0.02176	0.02576	0.01498	0.31576	0.01875	0.01588	0.02150	0.02486	0.07262	0.05833	0.01251	0.01149	0.00284	0.12605	0.18734	0.00474	0.00826
14	0.06428	0.42154	0.26573	0.01609	0.02382	0.02338	0.05301	0.02225	0.01495	0.02040	0.01136	0.01336	0.00929	0.00648	0.00563	0.00190	0.00890	0.00465	0.00321	0.00975
15	0.05077	0.04718	0.11107	0.01504	0.06857	0.01350	0.01255	0.07199	0.05718	0.02581	0.04165	0.02084	0.05735	0.00747	0.00624	0.00170	0.00651	0.00600	0.00475	0.37383
16	0.01542	0.04653	0.27356	0.01733	0.05330	0.01394	0.06591	0.05135	0.01729	0.05242	0.09357	0.02628	0.09228	0.00884	0.00711	0.00208	0.00787	0.00750	0.00473	0.14270
17	0.12236	0.02123	0.17844	0.06745	0.15219	0.01827	0.13594	0.02124	0.01452	0.02304	0.01229	0.01648	0.00988	0.00795	0.01063	0.00249	0.16629	0.00623	0.00350	0.00956
18	0.16121	0.02270	0.23386	0.04658	0.17215	0.04152	0.01817	0.02482	0.10702	0.05037	0.04313	0.01886	0.01399	0.00762	0.00667	0.00227	0.00824	0.00613	0.00448	0.01021
19	0.01684	0.01689	0.05131	0.12098	0.16239	0.05187	0.20636	0.02252	0.05776	0.05637	0.13864	0.02573	0.02220	0.00839	0.00783	0.00232	0.00891	0.00830	0.00484	0.00956
20	0.01733	0.17987	0.18571	0.09097	0.11967	0.01958	0.01762	0.06412	0.15339	0.02454	0.04651	0.01958	0.01508	0.00780	0.00669	0.00216	0.00819	0.00631	0.00452	0.01036
21	0.05008	0.05650	0.27053	0.04721	0.07495	0.03928	0.01720	0.08151	0.03693	0.02411	0.02242	0.17575	0.05121	0.01112	0.00736	0.00239	0.00809	0.00933	0.00471	0.00932
22	0.01704	0.01587	0.02649	0.17508	0.26072	0.01654	0.14017	0.05822	0.08137	0.02467	0.01614	0.01997	0.01260	0.00712	0.00727	0.00222	0.00871	0.00697	0.06103	0.04179
23	0.01582	0.02302	0.30381	0.26134	0.03428	0.01566	0.02056	0.04871	0.04354	0.06974	0.04563	0.02031	0.01371	0.00999	0.04094	0.00279	0.00984	0.00650	0.00414	0.00966
24	0.01616	0.04768	0.21659	0.25123	0.22961	0.01719	0.02188	0.02157	0.01544	0.04542	0.01349	0.01762	0.01036	0.00718	0.00773	0.00231	0.03895	0.00609	0.00349	0.01001

[dist]
# distance from previous block
# <min> <max>
3	40

[block]
# block no. 3 follows, 28 sequences, length 10
# corresponding to MSA columns:
# 605-614
name=unknown_D
#
# <colnr> <probs for GDERKNQSTAVLIFYWHMCP>
#	G	D	E	R	K	N	Q	S	T	A	V	L	I	F	Y	W	H	M	C	P
0	0.04927	0.14178	0.14871	0.01889	0.02475	0.05106	0.16387	0.10590	0.04092	0.02428	0.01562	0.05471	0.01351	0.05442	0.01003	0.00257	0.05876	0.00718	0.00427	0.00948
1	0.01524	0.01500	0.02241	0.17619	0.11512	0.05177	0.06826	0.01853	0.01420	0.01967	0.05569	0.02126	0.01484	0.01587	0.11117	0.00388	0.24171	0.00711	0.00372	0.00834
2	0.01652	0.02811	0.35486	0.05734	0.03095	0.07384	0.18085	0.05792	0.01766	0.02421	0.07402	0.01998	0.01513	0.00759	0.00747	0.00230	0.01046	0.00691	0.00395	0.00993
3	0.01373	0.01292	0.02180	0.72707	0.05006	0.01615	0.02019	0.01857	0.01453	0.01857	0.01292	0.01938	0.00969	0.00727	0.00727	0.00242	0.00969	0.00646	0.00323	0.00807
4	0.01799	0.01727	0.02950	0.04462	0.69919	0.01727	0.02231	0.02231	0.01655	0.02375	0.01367	0.01799	0.01151	0.00648	0.00720	0.00216	0.00864	0.00648	0.00360	0.01151
5	0.01943	0.74891	0.03809	0.01244	0.01866	0.02876	0.01244	0.02177	0.01477	0.01710	0.01011	0.01166	0.00933	0.00622	0.00466	0.00155	0.00777	0.00389	0.00311	0.00933
6	0.02763	0.02036	0.02182	0.01672	0.02254	0.02254	0.01382	0.67496	0.03418	0.04581	0.01745	0.01745	0.01236	0.00873	0.00727	0.00218	0.00800	0.00654	0.00727	0.01236
7	0.10372	0.01957	0.02281	0.01789	0.02330	0.16774	0.15020	0.07032	0.05014	0.27249	0.01942	0.01948	0.01347	0.00786	0.00713	0.00221	0.00901	0.00666	0.00610	0.01048
8	0.01891	0.01195	0.01250	0.01056	0.01383	0.01278	0.00841	0.26737	0.02245	0.03422	0.02133	0.02343	0.01625	0.00857	0.00591	0.00188	0.00514	0.00669	0.48894	0.00890
9	0.02763	0.02036	0.02182	0.01672	0.02254	0.02254	0.01382	0.67496	0.03418	0.04581	0.01745	0.01745	0.01236	0.00873	0.00727	0.00218	0.00800	0.00654	0.00727	0.01236

[dist]
# distance from previous block
# <min> <max>
0	7

[block]
# block no. 4 follows, 28 sequences, length 22
# corresponding to MSA columns:
# 624-645
name=unknown_E
#
# <colnr> <probs for GDERKNQSTAVLIFYWHMCP>
#	G	D	E	R	K	N	Q	S	T	A	V	L	I	F	Y	W	H	M	C	P
0	0.01179	0.00707	0.00947	0.01047	0.01153	0.00649	0.00723	0.01324	0.01477	0.10313	0.03866	0.65159	0.04437	0.02107	0.00904	0.00287	0.00446	0.01902	0.00703	0.00670
1	0.05159	0.02122	0.10058	0.01434	0.01873	0.19739	0.01237	0.15675	0.02032	0.02720	0.01852	0.09420	0.01606	0.00938	0.00658	0.00204	0.00807	0.00725	0.17348	0.04393
2	0.00938	0.00767	0.00841	0.00812	0.01055	0.00650	0.00607	0.01160	0.01715	0.02182	0.19766	0.10331	0.48233	0.01709	0.00842	0.00236	0.00377	0.01449	0.00686	0.05642
3	0.14079	0.01845	0.01957	0.01521	0.02081	0.02017	0.01256	0.50033	0.02933	0.12509	0.01776	0.01752	0.01240	0.00847	0.00687	0.00220	0.00743	0.00626	0.00708	0.01171
4	0.69902	0.01319	0.01034	0.00936	0.01330	0.01516	0.00744	0.02004	0.01215	0.03033	0.01170	0.01622	0.01016	0.09775	0.00851	0.00284	0.00580	0.00475	0.00449	0.00744
5	0.01313	0.01211	0.02015	0.63863	0.04519	0.01489	0.01853	0.01753	0.01446	0.01857	0.01627	0.10824	0.01442	0.00918	0.00752	0.00249	0.00901	0.00821	0.00366	0.00781
6	0.01808	0.01561	0.01644	0.01479	0.01890	0.01808	0.01151	0.03863	0.68606	0.03041	0.02959	0.02712	0.02219	0.00986	0.00740	0.00247	0.00575	0.00822	0.00740	0.01151
7	0.02763	0.02036	0.02182	0.01672	0.02254	0.02254	0.01382	0.67496	0.03418	0.04581	0.01745	0.01745	0.01236	0.00873	0.00727	0.00218	0.00800	0.00654	0.00727	0.01236
8	0.01373	0.01292	0.02180	0.72707	0.05006	0.01615	0.02019	0.01857	0.01453	0.01857	0.01292	0.01938	0.00969	0.00727	0.00727	0.00242	0.00969	0.00646	0.00323	0.00807
9	0.00880	0.00654	0.00821	0.00955	0.01039	0.00595	0.00650	0.01019	0.01446	0.01878	0.04697	0.60211	0.18131	0.02188	0.00914	0.00285	0.00411	0.01957	0.00675	0.00595
10	0.02763	0.02036	0.02182	0.01672	0.02254	0.02254	0.01382	0.67496	0.03418	0.04581	0.01745	0.01745	0.01236	0.00873	0.00727	0.00218	0.00800	0.00654	0.00727	0.01236
11	0.02763	0.02036	0.02182	0.01672	0.02254	0.02254	0.01382	0.67496	0.03418	0.04581	0.01745	0.01745	0.01236	0.00873	0.00727	0.00218	0.00800	0.00654	0.00727	0.01236
12	0.00981	0.00741	0.00906	0.00865	0.01057	0.00666	0.00648	0.01280	0.01945	0.02648	0.52119	0.05868	0.24441	0.01585	0.00858	0.00233	0.00350	0.01376	0.00765	0.00666
13	0.79588	0.01406	0.01068	0.00956	0.01406	0.01631	0.00787	0.02137	0.01237	0.03261	0.01012	0.01181	0.00787	0.00675	0.00450	0.00225	0.00562	0.00394	0.00450	0.00787
14	0.02763	0.02036	0.02182	0.01672	0.02254	0.02254	0.01382	0.67496	0.03418	0.04581	0.01745	0.01745	0.01236	0.00873	0.00727	0.00218	0.00800	0.00654	0.00727	0.01236
15	0.05306	0.01625	0.03141	0.02297	0.02917	0.01512	0.40598	0.02528	0.01825	0.19755	0.09006	0.02426	0.01876	0.00781	0.00808	0.00237	0.00950	0.00854	0.00552	0.01006
16	0.52216	0.01339	0.01249	0.01062	0.01530	0.01449	0.00870	0.02584	0.04541	0.21634	0.01660	0.01662	0.01170	0.00757	0.00542	0.00224	0.00570	0.00516	0.03501	0.00923
17	0.02763	0.02036	0.02182	0.01672	0.02254	0.02254	0.01382	0.67496	0.03418	0.04581	0.01745	0.01745	0.01236	0.00873	0.00727	0.00218	0.00800	0.00654	0.00727	0.01236
18	0.48638	0.01352	0.01317	0.01101	0.01589	0.01435	0.00905	0.02720	0.04465	0.27516	0.01767	0.01715	0.01215	0.00770	0.00564	0.00226	0.00583	0.00534	0.00625	0.00966
19	0.10045	0.01381	0.01743	0.10189	0.02145	0.07429	0.07299	0.02164	0.01776	0.14547	0.21611	0.02935	0.02876	0.01011	0.00853	0.00231	0.05932	0.00836	0.04140	0.00858
20	0.02763	0.02036	0.02182	0.01672	0.02254	0.02254	0.01382	0.67496	0.03418	0.04581	0.01745	0.01745	0.01236	0.00873	0.00727	0.00218	0.00800	0.00654	0.00727	0.01236
21	0.31371	0.01383	0.01719	0.23727	0.08636	0.01590	0.01373	0.05033	0.01545	0.07603	0.05403	0.01863	0.01341	0.00788	0.00699	0.00233	0.03764	0.00596	0.00463	0.00873

[dist]
# distance from previous block
# <min> <max>
6	36

[block]
# block no. 5 follows, 28 sequences, length 24
# corresponding to MSA columns:
# 687-710
name=unknown_F
#
# <colnr> <probs for GDERKNQSTAVLIFYWHMCP>
#	G	D	E	R	K	N	Q	S	T	A	V	L	I	F	Y	W	H	M	C	P
0	0.04889	0.01326	0.01476	0.01238	0.01637	0.01351	0.00977	0.25504	0.04321	0.08620	0.09185	0.14422	0.13279	0.01277	0.00767	0.00229	0.00578	0.01062	0.00697	0.07166
1	0.10085	0.01910	0.02014	0.01583	0.02129	0.02122	0.01307	0.56138	0.05691	0.04300	0.01803	0.01978	0.01345	0.00902	0.00712	0.00224	0.00763	0.03127	0.00699	0.01168
2	0.01373	0.01292	0.02180	0.72707	0.05006	0.01615	0.02019	0.01857	0.01453	0.01857	0.01292	0.01938	0.00969	0.00727	0.00727	0.00242	0.00969	0.00646	0.00323	0.00807
3	0.02650	0.01926	0.02060	0.01592	0.02141	0.02127	0.01311	0.62185	0.03265	0.04430	0.01796	0.01823	0.01287	0.00871	0.00709	0.00214	0.00763	0.00656	0.07003	0.01191
4	0.01722	0.01385	0.01574	0.01157	0.01761	0.01180	0.00931	0.13568	0.01850	0.02787	0.01443	0.01628	0.01156	0.00618	0.00570	0.00131	0.00572	0.00487	0.05553	0.59925
5	0.02763	0.02036	0.02182	0.01672	0.02254	0.02254	0.01382	0.67496	0.03418	0.04581	0.01745	0.01745	0.01236	0.00873	0.00727	0.00218	0.00800	0.00654	0.00727	0.01236
6	0.01507	0.01292	0.01507	0.01077	0.01723	0.00969	0.00861	0.01830	0.01507	0.02369	0.01292	0.01507	0.01077	0.00538	0.00538	0.00108	0.00538	0.00431	0.00431	0.78898
7	0.07818	0.01576	0.02134	0.01832	0.01868	0.02179	0.01526	0.01780	0.01123	0.01870	0.00959	0.01558	0.00941	0.01225	0.02231	0.00311	0.67329	0.00617	0.00329	0.00795
8	0.01688	0.01614	0.02750	0.22194	0.53053	0.01698	0.02176	0.02134	0.01603	0.02240	0.01348	0.01835	0.01104	0.00668	0.00721	0.00223	0.00891	0.00647	0.00350	0.01062
9	0.01174	0.00773	0.01015	0.01145	0.01296	0.00767	0.00954	0.01482	0.01602	0.02253	0.03536	0.15837	0.03743	0.01782	0.00882	0.00292	0.00561	0.41980	0.18264	0.00661
10	0.00993	0.00793	0.00916	0.01055	0.01121	0.04506	0.00715	0.01132	0.01457	0.01897	0.06669	0.67022	0.04683	0.02159	0.00910	0.00286	0.00467	0.01946	0.00664	0.00608
11	0.00896	0.00640	0.00852	0.01005	0.01057	0.00597	0.00676	0.01037	0.01438	0.01930	0.08601	0.69173	0.04951	0.02222	0.00923	0.00291	0.00416	0.02014	0.00684	0.00597
12	0.01458	0.03760	0.70688	0.02072	0.03146	0.01688	0.02686	0.02302	0.01535	0.02302	0.01304	0.01535	0.00921	0.00691	0.00691	0.00230	0.01074	0.00537	0.00307	0.01074
13	0.01808	0.01561	0.01644	0.01479	0.01890	0.01808	0.01151	0.03863	0.68606	0.03041	0.02959	0.02712	0.02219	0.00986	0.00740	0.00247	0.00575	0.00822	0.00740	0.01151
14	0.02763	0.02036	0.02182	0.01672	0.02254	0.02254	0.01382	0.67496	0.03418	0.04581	0.01745	0.01745	0.01236	0.00873	0.00727	0.00218	0.00800	0.00654	0.00727	0.01236
15	0.01057	0.00705	0.00793	0.00793	0.00793	0.00705	0.00440	0.01057	0.01057	0.01409	0.02290	0.04757	0.02643	0.74454	0.03700	0.00705	0.00705	0.01057	0.00440	0.00440
16	0.01355	0.00678	0.00678	0.00678	0.00847	0.00678	0.00508	0.01694	0.01524	0.02710	0.02371	0.02710	0.01863	0.00847	0.00508	0.00169	0.00339	0.00678	0.78489	0.00678
17	0.79588	0.01406	0.01068	0.00956	0.01406	0.01631	0.00787	0.02137	0.01237	0.03261	0.01012	0.01181	0.00787	0.00675	0.00450	0.00225	0.00562	0.00394	0.00450	0.00787
18	0.02189	0.01685	0.01777	0.01394	0.01929	0.06095	0.01121	0.26246	0.09280	0.09119	0.07204	0.02103	0.01768	0.00827	0.00678	0.00187	0.00679	0.00652	0.00637	0.24430
19	0.01724	0.01640	0.02783	0.09721	0.61039	0.01662	0.02131	0.02155	0.01661	0.02362	0.05023	0.02005	0.01443	0.00699	0.00728	0.00219	0.00844	0.00683	0.00381	0.01099
20	0.01588	0.01375	0.01724	0.01238	0.01886	0.01094	0.05202	0.05389	0.01623	0.02485	0.01328	0.01550	0.01087	0.00561	0.00569	0.00123	0.00597	0.00470	0.00442	0.69667
21	0.01639	0.01154	0.01275	0.01096	0.01486	0.03273	0.00851	0.02199	0.13275	0.14123	0.09870	0.08265	0.21267	0.01242	0.00753	0.00215	0.00511	0.01040	0.00680	0.15787
22	0.01524	0.02121	0.24512	0.01693	0.02346	0.01375	0.09271	0.09673	0.01742	0.02489	0.01985	0.17983	0.01891	0.01030	0.00736	0.00220	0.00800	0.00912	0.00473	0.17223
23	0.06654	0.07495	0.02118	0.01695	0.05743	0.05780	0.08744	0.02703	0.16696	0.14205	0.06497	0.04645	0.02011	0.00927	0.00763	0.00224	0.02939	0.02786	0.00593	0.06783

[dist]
# distance from previous block
# <min> <max>
64	196

[block]
# block no. 6 follows, 28 sequences, length 7
# corresponding to MSA columns:
# 988-994
name=unknown_G
#
# <colnr> <probs for GDERKNQSTAVLIFYWHMCP>
#	G	D	E	R	K	N	Q	S	T	A	V	L	I	F	Y	W	H	M	C	P
0	0.01646	0.01247	0.01654	0.04550	0.16561	0.01210	0.01184	0.08181	0.06104	0.09729	0.10006	0.03837	0.22703	0.01155	0.00765	0.00222	0.00591	0.00985	0.00618	0.07052
1	0.01847	0.01785	0.02069	0.09270	0.19116	0.11914	0.01440	0.07269	0.01772	0.02405	0.01321	0.01612	0.01076	0.00642	0.00635	0.00169	0.00799	0.00529	0.00417	0.33913
2	0.01819	0.17316	0.02379	0.05050	0.23687	0.01657	0.01422	0.06195	0.01743	0.08809	0.06183	0.10767	0.02025	0.00949	0.00684	0.00212	0.00694	0.00816	0.06623	0.00969
3	0.01951	0.01735	0.01939	0.07543	0.02216	0.08402	0.01363	0.20016	0.05558	0.02734	0.01631	0.02238	0.01396	0.01119	0.03173	0.00262	0.17626	0.05665	0.00506	0.12927
4	0.08185	0.05406	0.04828	0.06174	0.08633	0.01572	0.01305	0.12645	0.13475	0.05707	0.02166	0.06492	0.01863	0.00994	0.00704	0.00228	0.00682	0.07369	0.05240	0.06332
5	0.01511	0.15616	0.08734	0.01383	0.01806	0.01549	0.04079	0.07013	0.05758	0.02145	0.01839	0.02692	0.01685	0.09195	0.21936	0.00537	0.01131	0.04761	0.00439	0.06193
6	0.05153	0.11788	0.05400	0.07505	0.06323	0.01868	0.14550	0.13717	0.01851	0.02617	0.01339	0.01636	0.01059	0.00707	0.00780	0.00202	0.05813	0.00596	0.00430	0.16666

[dist]
# distance from previous block
# <min> <max>
36	232

[block]
# block no. 7 follows, 28 sequences, length 7
# corresponding to MSA columns:
# 1317-1323
name=unknown_H
#
# <colnr> <probs for GDERKNQSTAVLIFYWHMCP>
#	G	D	E	R	K	N	Q	S	T	A	V	L	I	F	Y	W	H	M	C	P
0	0.01201	0.01018	0.01422	0.01228	0.01541	0.00952	0.08189	0.01709	0.08946	0.02501	0.27030	0.08605	0.18152	0.01400	0.00829	0.00236	0.00517	0.05708	0.00668	0.08149
1	0.01045	0.01322	0.15208	0.01105	0.01396	0.00854	0.00995	0.01298	0.01390	0.01849	0.03759	0.23968	0.18638	0.21997	0.01637	0.00384	0.00623	0.01344	0.00534	0.00654
2	0.02325	0.01673	0.01916	0.01619	0.05672	0.01755	0.01240	0.37302	0.09000	0.09648	0.09450	0.02287	0.01983	0.00903	0.00721	0.00210	0.00685	0.00724	0.00697	0.10190
3	0.08904	0.01005	0.01206	0.04131	0.01517	0.01010	0.00891	0.09160	0.01813	0.11271	0.10802	0.29471	0.09350	0.01581	0.00816	0.00259	0.00527	0.04807	0.00687	0.00792
4	0.01503	0.01000	0.01204	0.01089	0.01212	0.01078	0.00761	0.08784	0.01456	0.08423	0.02291	0.10354	0.02413	0.43927	0.02671	0.00521	0.09099	0.01027	0.00524	0.00661
5	0.01700	0.01489	0.02302	0.07817	0.40934	0.01530	0.01706	0.09537	0.01796	0.02505	0.08041	0.02586	0.01914	0.11672	0.01175	0.00291	0.00790	0.00772	0.00454	0.00989
6	0.04600	0.02143	0.16799	0.02795	0.29994	0.01730	0.01913	0.14036	0.05528	0.02823	0.01487	0.01729	0.01155	0.00704	0.00686	0.00209	0.00834	0.00602	0.00446	0.09785

[dist]
# distance from previous block
# <min> <max>
133	604

[block]
# block no. 8 follows, 28 sequences, length 13
# corresponding to MSA columns:
# 2206-2218
name=unknown_I
#
# <colnr> <probs for GDERKNQSTAVLIFYWHMCP>
#	G	D	E	R	K	N	Q	S	T	A	V	L	I	F	Y	W	H	M	C	P
0	0.04948	0.16792	0.11708	0.09060	0.02562	0.01788	0.10912	0.05260	0.01621	0.02242	0.01731	0.02806	0.01589	0.00946	0.00809	0.00233	0.05041	0.12639	0.00423	0.06888
1	0.05403	0.03379	0.02004	0.17969	0.02590	0.03313	0.04947	0.02183	0.13994	0.02190	0.04040	0.02663	0.06664	0.01080	0.01210	0.00264	0.21287	0.03502	0.00464	0.00857
2	0.07072	0.01929	0.07186	0.06061	0.02200	0.17708	0.08537	0.02105	0.01744	0.05186	0.17581	0.02704	0.04301	0.01198	0.04109	0.00273	0.07989	0.00793	0.00497	0.00830
3	0.02584	0.01947	0.02081	0.01636	0.02186	0.02171	0.01338	0.55578	0.15627	0.04293	0.01972	0.01926	0.01420	0.00894	0.00730	0.00223	0.00758	0.00686	0.00730	0.01220
4	0.02763	0.02036	0.02182	0.01672	0.02254	0.02254	0.01382	0.67496	0.03418	0.04581	0.01745	0.01745	0.01236	0.00873	0.00727	0.00218	0.00800	0.00654	0.00727	0.01236
5	0.14192	0.20340	0.38731	0.01641	0.02471	0.01923	0.01924	0.02330	0.01511	0.06972	0.01294	0.01454	0.00962	0.00686	0.00601	0.00211	0.00890	0.00492	0.00371	0.01005
6	0.17152	0.01918	0.01973	0.01538	0.02095	0.02137	0.01270	0.55255	0.03009	0.04334	0.01608	0.01640	0.01152	0.00836	0.00675	0.00219	0.00755	0.00606	0.00675	0.01152
7	0.01368	0.02923	0.50092	0.09628	0.02965	0.01492	0.02238	0.02079	0.01624	0.02368	0.14082	0.02309	0.02038	0.00844	0.00726	0.00231	0.00926	0.00695	0.00401	0.00972
8	0.01354	0.01218	0.01969	0.40286	0.14710	0.01380	0.01732	0.01776	0.01575	0.02069	0.06392	0.03503	0.06588	0.01047	0.00788	0.00252	0.00822	0.11279	0.00440	0.00821
9	0.01761	0.38489	0.24991	0.02111	0.15020	0.02282	0.01889	0.02227	0.01529	0.02024	0.01171	0.01402	0.00970	0.00649	0.00585	0.00191	0.00888	0.00485	0.00319	0.01019
10	0.01924	0.01408	0.01755	0.05231	0.01999	0.01460	0.05208	0.28679	0.02379	0.07805	0.08120	0.16207	0.09882	0.01258	0.00792	0.00237	0.00661	0.01078	0.00676	0.03238
11	0.01723	0.08169	0.32033	0.02294	0.15192	0.01765	0.03797	0.12816	0.01883	0.02646	0.04941	0.06312	0.01560	0.00844	0.00712	0.00224	0.00894	0.00708	0.00435	0.01052
12	0.01427	0.02537	0.01305	0.04929	0.01597	0.01061	0.00914	0.10551	0.03769	0.05523	0.05555	0.17320	0.18733	0.04701	0.02940	0.00285	0.00596	0.06092	0.00626	0.09539

[dist]
# distance from previous block
# <min> <max>
2	25

[block]
# block no. 9 follows, 28 sequences, length 15
# corresponding to MSA columns:
# 2247-2261
name=unknown_J
#
# <colnr> <probs for GDERKNQSTAVLIFYWHMCP>
#	G	D	E	R	K	N	Q	S	T	A	V	L	I	F	Y	W	H	M	C	P
0	0.01712	0.01912	0.10477	0.02149	0.17738	0.11051	0.01497	0.09075	0.05719	0.02496	0.07972	0.15124	0.04852	0.01114	0.00756	0.00228	0.00774	0.00955	0.00525	0.03873
1	0.10897	0.06025	0.08389	0.05998	0.10081	0.01339	0.01299	0.01849	0.01565	0.04615	0.09816	0.07964	0.05826	0.01107	0.00806	0.00233	0.04815	0.06927	0.05334	0.05115
2	0.01546	0.07282	0.07484	0.01326	0.03780	0.01226	0.01089	0.08837	0.05403	0.06885	0.10268	0.23793	0.03140	0.01357	0.00764	0.00237	0.00583	0.04066	0.07175	0.03759
3	0.06186	0.15132	0.24414	0.01523	0.02149	0.01591	0.03439	0.02255	0.04691	0.10929	0.07655	0.08997	0.02147	0.01008	0.00704	0.00229	0.00769	0.04719	0.00510	0.00952
4	0.01262	0.02240	0.33772	0.01490	0.02141	0.01233	0.01667	0.01882	0.05088	0.02243	0.06296	0.03688	0.19567	0.01373	0.04566	0.00285	0.00822	0.04821	0.00482	0.05082
5	0.01331	0.04603	0.23894	0.01384	0.01889	0.01191	0.01414	0.05825	0.01703	0.02438	0.13413	0.20788	0.03070	0.01271	0.00760	0.00234	0.00668	0.02932	0.05517	0.05674
6	0.01677	0.33874	0.28011	0.01516	0.02309	0.02055	0.01699	0.02153	0.01504	0.02061	0.01175	0.01371	0.00957	0.00630	0.00564	0.00173	0.00839	0.00452	0.00334	0.16647
7	0.01738	0.16424	0.06745	0.01598	0.01947	0.02092	0.01426	0.09353	0.01552	0.02184	0.01463	0.01801	0.04692	0.01004	0.01405	0.00240	0.33347	0.00607	0.00395	0.09989
8	0.01458	0.03760	0.70688	0.02072	0.03146	0.01688	0.02686	0.02302	0.01535	0.02302	0.01304	0.01535	0.00921	0.00691	0.00691	0.00230	0.01074	0.00537	0.00307	0.01074
9	0.01733	0.01486	0.02157	0.52163	0.04195	0.01780	0.01824	0.18038	0.04884	0.02577	0.01476	0.01925	0.01089	0.00774	0.00727	0.00237	0.00910	0.00656	0.00440	0.00928
10	0.01924	0.01631	0.02594	0.07283	0.49840	0.01667	0.01947	0.02579	0.11433	0.09223	0.01744	0.02006	0.01362	0.00726	0.00724	0.00223	0.00803	0.00681	0.00467	0.01142
11	0.61390	0.01520	0.04920	0.01088	0.01583	0.01574	0.00945	0.02420	0.05235	0.11578	0.01371	0.01449	0.01003	0.00722	0.00515	0.00226	0.00598	0.00468	0.00515	0.00880
12	0.00882	0.00646	0.00830	0.00978	0.01045	0.00593	0.00659	0.01016	0.01425	0.01869	0.04425	0.65621	0.12896	0.02223	0.00919	0.00289	0.00415	0.02000	0.00675	0.00593
13	0.01057	0.00729	0.00906	0.00868	0.00994	0.00690	0.00610	0.01309	0.01760	0.02505	0.47577	0.05082	0.05433	0.20717	0.01586	0.00351	0.00438	0.01207	0.05562	0.00621
14	0.01339	0.01136	0.01180	0.01192	0.01344	0.08972	0.00876	0.06939	0.01612	0.02061	0.05344	0.28727	0.03296	0.12751	0.12251	0.00472	0.00858	0.08404	0.00571	0.00674

[dist]
# distance from previous block
# <min> <max>
0	1

[block]
# block no. 10 follows, 28 sequences, length 32
# corresponding to MSA columns:
# 2263-2294
name=unknown_K
#
# <colnr> <probs for GDERKNQSTAVLIFYWHMCP>
#	G	D	E	R	K	N	Q	S	T	A	V	L	I	F	Y	W	H	M	C	P
0	0.05132	0.02352	0.20132	0.02648	0.03436	0.01791	0.45241	0.02392	0.05078	0.02400	0.01486	0.01861	0.01102	0.00654	0.00793	0.00241	0.01126	0.00757	0.00376	0.01003
1	0.01660	0.33338	0.42878	0.01728	0.02614	0.02182	0.02086	0.02250	0.01511	0.02056	0.01182	0.01381	0.00926	0.00662	0.00597	0.00199	0.00951	0.00475	0.00309	0.01015
2	0.02763	0.02036	0.02182	0.01672	0.02254	0.02254	0.01382	0.67496	0.03418	0.04581	0.01745	0.01745	0.01236	0.00873	0.00727	0.00218	0.00800	0.00654	0.00727	0.01236
3	0.01045	0.00714	0.00829	0.00826	0.00856	0.00716	0.00495	0.01092	0.01144	0.01533	0.05935	0.04741	0.05781	0.62018	0.08796	0.00696	0.00769	0.01070	0.00465	0.00477
4	0.01604	0.25174	0.50554	0.01823	0.02761	0.02046	0.02252	0.02264	0.01517	0.02124	0.01216	0.01424	0.00924	0.00670	0.00623	0.00208	0.00985	0.00492	0.00308	0.01032
5	0.01780	0.50895	0.26370	0.01523	0.02298	0.02475	0.01730	0.02219	0.01496	0.01910	0.01110	0.01290	0.00929	0.00645	0.00542	0.00181	0.00878	0.00439	0.00310	0.00981
6	0.01576	0.21031	0.54449	0.01871	0.02835	0.01977	0.02336	0.02272	0.01521	0.02158	0.01233	0.01445	0.00924	0.00674	0.00636	0.00212	0.01002	0.00501	0.00308	0.01040
7	0.00886	0.00633	0.00843	0.01012	0.01054	0.00590	0.00675	0.01012	0.01392	0.01856	0.04006	0.73979	0.04808	0.02277	0.00928	0.00295	0.00422	0.02066	0.00675	0.00590
8	0.01507	0.01292	0.01507	0.01077	0.01723	0.00969	0.00861	0.01830	0.01507	0.02369	0.01292	0.01507	0.01077	0.00538	0.00538	0.00108	0.00538	0.00431	0.00431	0.78898
9	0.01038	0.00779	0.01168	0.01168	0.01298	0.00909	0.00909	0.01298	0.01168	0.01687	0.01947	0.02856	0.01817	0.05452	0.71573	0.01168	0.01947	0.00779	0.00389	0.00649
10	0.00985	0.00775	0.00894	0.00858	0.01073	0.00702	0.00645	0.01330	0.04757	0.02487	0.38350	0.06025	0.35231	0.01626	0.00853	0.00237	0.00364	0.01393	0.00741	0.00673
11	0.01507	0.01292	0.01507	0.01077	0.01723	0.00969	0.00861	0.01830	0.01507	0.02369	0.01292	0.01507	0.01077	0.00538	0.00538	0.00108	0.00538	0.00431	0.00431	0.78898
12	0.01772	0.01523	0.01612	0.01453	0.01853	0.01756	0.01129	0.03746	0.65493	0.03035	0.06073	0.02839	0.02436	0.01010	0.00745	0.00246	0.00564	0.00845	0.00742	0.01129
13	0.01808	0.01561	0.01644	0.01479	0.01890	0.01808	0.01151	0.03863	0.68606	0.03041	0.02959	0.02712	0.02219	0.00986	0.00740	0.00247	0.00575	0.00822	0.00740	0.01151
14	0.00886	0.00633	0.00843	0.01012	0.01054	0.00590	0.00675	0.01012	0.01392	0.01856	0.04006	0.73979	0.04808	0.02277	0.00928	0.00295	0.00422	0.02066	0.00675	0.00590
15	0.01507	0.01292	0.01507	0.01077	0.01723	0.00969	0.00861	0.01830	0.01507	0.02369	0.01292	0.01507	0.01077	0.00538	0.00538	0.00108	0.00538	0.00431	0.00431	0.78898
16	0.01333	0.01991	0.22872	0.01980	0.02553	0.01319	0.21578	0.01839	0.01556	0.02159	0.02412	0.25039	0.02464	0.01273	0.00841	0.00264	0.00882	0.06312	0.00471	0.00861
17	0.01458	0.03760	0.70688	0.02072	0.03146	0.01688	0.02686	0.02302	0.01535	0.02302	0.01304	0.01535	0.00921	0.00691	0.00691	0.00230	0.01074	0.00537	0.00307	0.01074
18	0.01498	0.01419	0.02406	0.52732	0.24006	0.01648	0.02081	0.01967	0.01513	0.02009	0.01314	0.01897	0.01022	0.00704	0.00725	0.00235	0.00938	0.00646	0.00334	0.00908
19	0.02775	0.01879	0.02074	0.01586	0.02168	0.02013	0.01309	0.54655	0.03122	0.14318	0.01890	0.01842	0.01312	0.00860	0.00718	0.00214	0.00760	0.00655	0.00738	0.05110
20	0.01420	0.01042	0.01506	0.01269	0.01568	0.00999	0.08258	0.08382	0.02105	0.07281	0.43464	0.07455	0.07489	0.01350	0.00844	0.00236	0.00521	0.03269	0.00737	0.00804
21	0.29317	0.01295	0.01476	0.01178	0.01702	0.01260	0.00972	0.03063	0.01793	0.47496	0.02234	0.02033	0.01454	0.00823	0.00635	0.00225	0.00599	0.00616	0.00746	0.01084
22	0.01001	0.00733	0.00934	0.00923	0.01082	0.00675	0.00686	0.01288	0.01880	0.02593	0.49114	0.13748	0.13505	0.04131	0.00970	0.00260	0.00384	0.04684	0.00752	0.00657
23	0.01617	0.01407	0.01808	0.01739	0.14561	0.01168	0.01142	0.04800	0.01619	0.02467	0.01326	0.01573	0.01098	0.00574	0.00581	0.00133	0.00611	0.00481	0.00430	0.60866
24	0.00895	0.00722	0.00803	0.00859	0.01049	0.00630	0.00641	0.01081	0.01596	0.01959	0.06239	0.22796	0.48142	0.01959	0.00889	0.00266	0.00410	0.07776	0.00674	0.00614
25	0.00970	0.00751	0.00941	0.01016	0.03655	0.00679	0.00700	0.01213	0.01754	0.02337	0.31418	0.22431	0.25954	0.01758	0.00870	0.00250	0.00390	0.01541	0.00714	0.00658
26	0.01507	0.01292	0.01507	0.01077	0.01723	0.00969	0.00861	0.01830	0.01507	0.02369	0.01292	0.01507	0.01077	0.00538	0.00538	0.00108	0.00538	0.00431	0.00431	0.78898
27	0.01163	0.00839	0.01011	0.00990	0.01221	0.00785	0.00781	0.01566	0.06418	0.05840	0.29053	0.06119	0.26666	0.01635	0.00870	0.00255	0.00440	0.12893	0.00736	0.00718
28	0.01709	0.01636	0.02788	0.18817	0.56265	0.01704	0.02186	0.02152	0.01613	0.02266	0.01351	0.01828	0.01113	0.00664	0.00721	0.00221	0.00886	0.00647	0.00352	0.01079
29	0.01621	0.02569	0.27230	0.02672	0.03494	0.01802	0.42162	0.02295	0.01628	0.02295	0.01392	0.01798	0.01034	0.00667	0.00863	0.00243	0.04147	0.00737	0.00345	0.01005
30	0.01373	0.01292	0.02180	0.72707	0.05006	0.01615	0.02019	0.01857	0.01453	0.01857	0.01292	0.01938	0.00969	0.00727	0.00727	0.00242	0.00969	0.00646	0.00323	0.00807
31	0.07283	0.01113	0.01311	0.01233	0.01534	0.01140	0.00962	0.08629	0.12262	0.14907	0.03289	0.26313	0.05267	0.01521	0.00817	0.00266	0.00561	0.09992	0.00714	0.00885

[dist]
# distance from previous block
# <min> <max>
2	8

[block]
# block no. 11 follows, 28 sequences, length 24
# corresponding to MSA columns:
# 2303-2326
name=unknown_L
#
# <colnr> <probs for GDERKNQSTAVLIFYWHMCP>
#	G	D	E	R	K	N	Q	S	T	A	V	L	I	F	Y	W	H	M	C	P
0	0.06180	0.00768	0.00833	0.00834	0.01046	0.00697	0.00619	0.01195	0.01692	0.02275	0.22089	0.15539	0.40222	0.01734	0.00841	0.00247	0.00382	0.01477	0.00691	0.00640
1	0.01582	0.24517	0.46330	0.01779	0.02659	0.01981	0.02159	0.02212	0.01527	0.02119	0.01388	0.01873	0.01143	0.00759	0.00646	0.00215	0.00960	0.04814	0.00332	0.01005
2	0.01373	0.01292	0.02180	0.72707	0.05006	0.01615	0.02019	0.01857	0.01453	0.01857	0.01292	0.01938	0.00969	0.00727	0.00727	0.00242	0.00969	0.00646	0.00323	0.00807
3	0.01507	0.01292	0.01507	0.01077	0.01723	0.00969	0.00861	0.01830	0.01507	0.02369	0.01292	0.01507	0.01077	0.00538	0.00538	0.00108	0.00538	0.00431	0.00431	0.78898
4	0.01373	0.01292	0.02180	0.72707	0.05006	0.01615	0.02019	0.01857	0.01453	0.01857	0.01292	0.01938	0.00969	0.00727	0.00727	0.00242	0.00969	0.00646	0.00323	0.00807
5	0.02763	0.02036	0.02182	0.01672	0.02254	0.02254	0.01382	0.67496	0.03418	0.04581	0.01745	0.01745	0.01236	0.00873	0.00727	0.00218	0.00800	0.00654	0.00727	0.01236
6	0.01808	0.01561	0.01644	0.01479	0.01890	0.01808	0.01151	0.03863	0.68606	0.03041	0.02959	0.02712	0.02219	0.00986	0.00740	0.00247	0.00575	0.00822	0.00740	0.01151
7	0.01808	0.01561	0.01644	0.01479	0.01890	0.01808	0.01151	0.03863	0.68606	0.03041	0.02959	0.02712	0.02219	0.00986	0.00740	0.00247	0.00575	0.00822	0.00740	0.01151
8	0.01507	0.01292	0.01507	0.01077	0.01723	0.00969	0.00861	0.01830	0.01507	0.02369	0.01292	0.01507	0.01077	0.00538	0.00538	0.00108	0.00538	0.00431	0.00431	0.78898
9	0.00862	0.00724	0.00749	0.00768	0.00990	0.00611	0.00566	0.01040	0.01626	0.01951	0.06977	0.14714	0.62155	0.01891	0.00867	0.00251	0.00374	0.01595	0.00675	0.00611
10	0.02458	0.03053	0.02210	0.01938	0.02294	0.56453	0.06483	0.02679	0.01904	0.01815	0.01169	0.01454	0.00988	0.00988	0.03843	0.00246	0.08288	0.00528	0.00369	0.00841
11	0.01465	0.01247	0.01462	0.01072	0.01677	0.00943	0.00849	0.01775	0.01500	0.02334	0.01476	0.06408	0.01329	0.00656	0.00565	0.00120	0.00530	0.00541	0.00447	0.73603
12	0.06898	0.01805	0.02109	0.01731	0.04228	0.01971	0.05706	0.36494	0.19358	0.08995	0.02064	0.02027	0.01489	0.00868	0.00723	0.00228	0.00746	0.00701	0.00692	0.01169
13	0.01828	0.01465	0.01491	0.01340	0.01598	0.09432	0.01034	0.17095	0.04621	0.05414	0.02425	0.22376	0.02352	0.01303	0.00929	0.00241	0.08989	0.01045	0.14166	0.00856
14	0.00886	0.00633	0.00843	0.01012	0.01054	0.00590	0.00675	0.01012	0.01392	0.01856	0.04006	0.73979	0.04808	0.02277	0.00928	0.00295	0.00422	0.02066	0.00675	0.00590
15	0.01675	0.35517	0.40829	0.01702	0.02574	0.02219	0.02042	0.02246	0.01509	0.02038	0.01173	0.01370	0.00926	0.00660	0.00591	0.00197	0.00942	0.00471	0.00309	0.01011
16	0.01766	0.16324	0.40377	0.01992	0.06558	0.11715	0.02115	0.02465	0.06140	0.02176	0.01341	0.01531	0.01026	0.00704	0.00650	0.00211	0.01008	0.00526	0.00349	0.01026
17	0.01046	0.00747	0.01008	0.01008	0.01082	0.00822	0.00709	0.01195	0.01121	0.01569	0.02094	0.03667	0.02169	0.34897	0.42610	0.00970	0.01417	0.00898	0.00411	0.00560
18	0.01344	0.00786	0.00964	0.05691	0.01302	0.00766	0.00722	0.01671	0.01741	0.07859	0.24794	0.06679	0.08096	0.01177	0.00695	0.00208	0.00410	0.01002	0.33369	0.00724
19	0.08007	0.01912	0.17955	0.01735	0.02277	0.01486	0.10663	0.04888	0.09412	0.07795	0.07158	0.05407	0.02224	0.01078	0.00869	0.00256	0.04973	0.10418	0.00543	0.00944
20	0.07463	0.08038	0.12496	0.05942	0.02517	0.01737	0.13449	0.07452	0.09161	0.08136	0.02106	0.02252	0.06797	0.00863	0.00821	0.00230	0.05670	0.00720	0.00494	0.03655
21	0.10807	0.01424	0.04045	0.05852	0.11476	0.01456	0.01286	0.02567	0.16483	0.14434	0.07787	0.02840	0.08826	0.01010	0.00848	0.00239	0.06219	0.00808	0.00608	0.00984
22	0.04570	0.09714	0.04926	0.01576	0.02088	0.01626	0.10440	0.18223	0.02035	0.06922	0.02195	0.03099	0.04628	0.05948	0.00934	0.00256	0.00777	0.10339	0.00553	0.09150
23	0.14469	0.01717	0.08164	0.04135	0.01956	0.06246	0.01245	0.11551	0.13761	0.06721	0.04512	0.13067	0.02154	0.01124	0.00776	0.00245	0.03028	0.03602	0.00594	0.00936

[dist]
# distance from previous block
# <min> <max>
5	34

[block]
# block no. 12 follows, 28 sequences, length 14
# corresponding to MSA columns:
# 2383-2396
name=unknown_M
#
# <colnr> <probs for GDERKNQSTAVLIFYWHMCP>
#	G	D	E	R	K	N	Q	S	T	A	V	L	I	F	Y	W	H	M	C	P
0	0.01672	0.08334	0.58547	0.01944	0.02931	0.01744	0.02421	0.04805	0.01641	0.07344	0.01416	0.01586	0.00998	0.00708	0.00680	0.00224	0.01011	0.00546	0.00366	0.01083
1	0.01728	0.01654	0.02821	0.15917	0.59024	0.01708	0.02195	0.02168	0.01621	0.02288	0.01355	0.01822	0.01121	0.00661	0.00721	0.00220	0.00881	0.00647	0.00354	0.01094
2	0.00999	0.00721	0.00968	0.01126	0.01231	0.00691	0.00866	0.01212	0.01521	0.01990	0.04148	0.43506	0.08520	0.02143	0.00954	0.00308	0.00518	0.27281	0.00673	0.00623
3	0.01548	0.01500	0.02634	0.43242	0.26859	0.01673	0.08064	0.02027	0.01546	0.02075	0.01334	0.01893	0.01043	0.00690	0.00736	0.00234	0.00957	0.00666	0.00340	0.00940
4	0.00859	0.00736	0.00736	0.00736	0.00982	0.00614	0.00552	0.01043	0.01657	0.01964	0.07364	0.06996	0.69624	0.01841	0.00859	0.00245	0.00368	0.01534	0.00675	0.00614
5	0.02605	0.01924	0.02057	0.01605	0.02150	0.02134	0.01316	0.58356	0.09289	0.04346	0.01888	0.01882	0.01358	0.00882	0.00717	0.00218	0.00756	0.00671	0.04645	0.01200
6	0.00886	0.00633	0.00843	0.01012	0.01054	0.00590	0.00675	0.01012	0.01392	0.01856	0.04006	0.73979	0.04808	0.02277	0.00928	0.00295	0.00422	0.02066	0.00675	0.00590
7	0.01507	0.01292	0.01507	0.01077	0.01723	0.00969	0.00861	0.01830	0.01507	0.02369	0.01292	0.01507	0.01077	0.00538	0.00538	0.00108	0.00538	0.00431	0.00431	0.78898
8	0.01433	0.01339	0.02246	0.53777	0.17714	0.01569	0.01963	0.01896	0.01538	0.02038	0.06314	0.02166	0.01438	0.00767	0.00735	0.00236	0.00902	0.00695	0.00365	0.00867
9	0.01714	0.06103	0.30122	0.02557	0.20200	0.06802	0.02120	0.02450	0.09457	0.02289	0.01455	0.01714	0.01139	0.00772	0.00856	0.00230	0.07993	0.00597	0.00378	0.01053
10	0.01764	0.43994	0.11757	0.01865	0.11931	0.02360	0.01566	0.02090	0.01472	0.01894	0.01278	0.05795	0.01202	0.00795	0.00736	0.00197	0.07443	0.00570	0.00340	0.00949
11	0.02723	0.08581	0.02234	0.01568	0.02143	0.02115	0.01312	0.49237	0.05769	0.14137	0.01897	0.01842	0.01334	0.00858	0.00704	0.00215	0.00761	0.00649	0.00715	0.01205
12	0.05211	0.01159	0.06175	0.03016	0.01465	0.00981	0.00891	0.06485	0.01665	0.12748	0.06405	0.11115	0.18941	0.18810	0.01479	0.00352	0.00600	0.01124	0.00616	0.00762
13	0.21221	0.10950	0.05086	0.02076	0.17655	0.01747	0.06147	0.05516	0.07752	0.02704	0.07515	0.02205	0.04908	0.00822	0.00649	0.00219	0.00714	0.00678	0.00480	0.00955

[dist]
# distance from previous block
# <min> <max>
6	27

[block]
# block no. 13 follows, 28 sequences, length 14
# corresponding to MSA columns:
# 2427-2440
name=unknown_N
#
# <colnr> <probs for GDERKNQSTAVLIFYWHMCP>
#	G	D	E	R	K	N	Q	S	T	A	V	L	I	F	Y	W	H	M	C	P
0	0.20066	0.01695	0.01585	0.01335	0.01794	0.10628	0.01062	0.07600	0.16388	0.12655	0.04509	0.01984	0.01581	0.00832	0.00688	0.00212	0.02909	0.00614	0.00596	0.11267
1	0.02138	0.02099	0.02512	0.08774	0.21922	0.15633	0.07973	0.16214	0.10455	0.02753	0.01600	0.01833	0.01240	0.00761	0.00725	0.00220	0.00946	0.00655	0.00485	0.01062
2	0.02046	0.01917	0.01872	0.11139	0.02418	0.14363	0.01312	0.15125	0.24522	0.02837	0.01908	0.01980	0.01451	0.00816	0.00688	0.00208	0.00798	0.00640	0.00566	0.13396
3	0.01152	0.00671	0.00900	0.00892	0.00939	0.00651	0.00593	0.01035	0.01187	0.01582	0.11267	0.03606	0.08845	0.16523	0.02553	0.45269	0.00582	0.00894	0.00440	0.00419
4	0.01722	0.01251	0.01518	0.01308	0.01566	0.01364	0.03039	0.14512	0.11668	0.07359	0.07285	0.03614	0.02464	0.25837	0.01906	0.00404	0.06961	0.04787	0.00600	0.00834
5	0.01538	0.09661	0.55171	0.02145	0.03131	0.01813	0.12017	0.02295	0.01556	0.02255	0.01303	0.01565	0.00949	0.00673	0.00696	0.00226	0.01071	0.00571	0.00316	0.01048
6	0.01129	0.00824	0.00986	0.00943	0.00943	0.00910	0.00596	0.01151	0.01065	0.01455	0.02110	0.04329	0.02415	0.64574	0.03522	0.00653	0.10481	0.01000	0.00424	0.00488
7	0.02850	0.01345	0.01798	0.10984	0.02322	0.01311	0.01233	0.09470	0.07077	0.49837	0.02554	0.02350	0.01665	0.00880	0.00731	0.00228	0.00680	0.00719	0.00793	0.01173
8	0.17200	0.02740	0.35389	0.01858	0.02667	0.01817	0.08215	0.16723	0.01911	0.02999	0.01360	0.01552	0.00982	0.00720	0.00667	0.00228	0.00927	0.00566	0.00434	0.01044
9	0.01909	0.07492	0.11474	0.08618	0.19216	0.01899	0.20734	0.13026	0.01930	0.04541	0.01461	0.01788	0.01110	0.00692	0.00739	0.00224	0.00978	0.00679	0.00425	0.01064
10	0.21530	0.00976	0.01072	0.01078	0.04012	0.00986	0.00772	0.01723	0.01625	0.08525	0.20981	0.13110	0.09834	0.04161	0.00832	0.00252	0.00472	0.01065	0.06247	0.00749
11	0.11900	0.01183	0.01428	0.01233	0.01588	0.03798	0.07151	0.01742	0.04737	0.04310	0.03060	0.23207	0.11942	0.03491	0.00828	0.00241	0.00590	0.01139	0.00559	0.15873
