[name]
unknown

[dist]
# distance from previous block
# <min> <max>
2	172

[block]
# block no. 0 follows, 35 sequences, length 27
# corresponding to MSA columns:
# 242-260,269-276
name=unknown_A
#
# <colnr> <probs for GDERKNQSTAVLIFYWHMCP>
#	G	D	E	R	K	N	Q	S	T	A	V	L	I	F	Y	W	H	M	C	P
0	0.03170	0.07321	0.01287	0.05754	0.02926	0.05935	0.02448	0.05535	0.01287	0.01738	0.01928	0.05982	0.05411	0.32106	0.01650	0.00352	0.00623	0.00761	0.07361	0.06424
1	0.01299	0.07415	0.09108	0.01045	0.03102	0.02762	0.00903	0.03961	0.03218	0.10513	0.10093	0.06098	0.32007	0.01240	0.02227	0.00215	0.00522	0.00957	0.00541	0.02772
2	0.02202	0.01253	0.01523	0.01244	0.01654	0.01306	0.01007	0.07889	0.25960	0.35969	0.02269	0.02088	0.01575	0.00823	0.00752	0.00205	0.06764	0.00643	0.00669	0.04206
3	0.01519	0.01301	0.01384	0.01249	0.01589	0.01494	0.00969	0.03184	0.66501	0.02644	0.08685	0.02571	0.02285	0.00898	0.00654	0.00214	0.00485	0.00754	0.00650	0.00969
4	0.01272	0.03281	0.74418	0.01808	0.02746	0.01473	0.02344	0.02009	0.01339	0.02009	0.01138	0.01339	0.00804	0.00603	0.00603	0.00201	0.00938	0.00469	0.00268	0.00938
5	0.00784	0.00644	0.00690	0.00678	0.00878	0.00550	0.00509	0.00976	0.01526	0.01905	0.21833	0.05791	0.57965	0.01535	0.00749	0.00211	0.00316	0.01295	0.00614	0.00550
6	0.01198	0.01128	0.01903	0.76180	0.04369	0.01409	0.01762	0.01621	0.01268	0.01621	0.01128	0.01691	0.00846	0.00634	0.00634	0.00211	0.00846	0.00564	0.00282	0.00705
7	0.01326	0.00633	0.00667	0.00638	0.00815	0.00621	0.00486	0.01617	0.01372	0.08554	0.02107	0.02347	0.01621	0.00743	0.00460	0.00152	0.00317	0.00595	0.74296	0.00633
8	0.01507	0.01684	0.03588	0.02836	0.12684	0.01591	0.62199	0.02021	0.01490	0.02037	0.01271	0.01692	0.00968	0.00539	0.00733	0.00211	0.01028	0.00724	0.00320	0.00875
9	0.01272	0.03281	0.74418	0.01808	0.02746	0.01473	0.02344	0.02009	0.01339	0.02009	0.01138	0.01339	0.00804	0.00603	0.00603	0.00201	0.00938	0.00469	0.00268	0.00938
10	0.01640	0.01602	0.08474	0.02992	0.47668	0.01473	0.01735	0.07800	0.07711	0.05634	0.01531	0.01989	0.01264	0.00694	0.00644	0.00199	0.00723	0.04843	0.00404	0.00982
11	0.02231	0.01687	0.01802	0.01423	0.01898	0.01883	0.01162	0.56816	0.18094	0.03706	0.01753	0.01706	0.01265	0.00783	0.00637	0.00196	0.00656	0.00603	0.00637	0.01063
12	0.01466	0.01402	0.02388	0.24028	0.54423	0.01480	0.01895	0.01856	0.01395	0.01947	0.01175	0.01604	0.00961	0.00584	0.00630	0.00195	0.00779	0.00565	0.00305	0.00921
13	0.82186	0.01227	0.00932	0.00834	0.01227	0.01423	0.00687	0.01865	0.01080	0.02846	0.00883	0.01031	0.00687	0.00589	0.00393	0.00196	0.00491	0.00344	0.00393	0.00687
14	0.82186	0.01227	0.00932	0.00834	0.01227	0.01423	0.00687	0.01865	0.01080	0.02846	0.00883	0.01031	0.00687	0.00589	0.00393	0.00196	0.00491	0.00344	0.00393	0.00687
15	0.00804	0.00577	0.00767	0.00893	0.00953	0.00541	0.00622	0.00946	0.01291	0.01724	0.09585	0.63451	0.06097	0.01899	0.00808	0.00254	0.00379	0.07281	0.00598	0.00529
16	0.01666	0.01208	0.01680	0.19083	0.17916	0.01302	0.01280	0.16648	0.01731	0.08264	0.01578	0.01839	0.01188	0.00685	0.00584	0.00184	0.00629	0.00579	0.21105	0.00851
17	0.00910	0.00666	0.00949	0.00949	0.01038	0.00755	0.00705	0.01088	0.00999	0.01421	0.01764	0.02849	0.01741	0.20439	0.59721	0.00933	0.01466	0.00732	0.00349	0.00527
18	0.01339	0.14957	0.63322	0.01695	0.02571	0.01635	0.02147	0.01992	0.01332	0.01928	0.01098	0.01289	0.00805	0.00593	0.00572	0.00191	0.00897	0.00449	0.00268	0.00918
19	0.01056	0.00678	0.00893	0.00834	0.01003	0.00621	0.00627	0.01335	0.01750	0.08641	0.61573	0.10462	0.05459	0.01309	0.00744	0.00204	0.00326	0.01157	0.00697	0.00633
20	0.00787	0.00682	0.00746	0.06833	0.01145	0.00607	0.00587	0.00969	0.01431	0.01706	0.05992	0.05744	0.67537	0.01527	0.00740	0.00214	0.00364	0.01275	0.00564	0.00549
21	0.00769	0.00568	0.00720	0.00841	0.00909	0.00519	0.00570	0.00888	0.01255	0.01636	0.04008	0.64856	0.16301	0.01921	0.00799	0.00250	0.00360	0.01722	0.00589	0.00519
22	0.08839	0.01141	0.01462	0.01130	0.01615	0.01044	0.00933	0.07942	0.01844	0.63709	0.02309	0.02028	0.01468	0.00769	0.00619	0.00196	0.00547	0.00611	0.00745	0.01050
23	0.01370	0.19318	0.57129	0.01677	0.02522	0.01700	0.04035	0.01986	0.01333	0.01899	0.01087	0.01281	0.00810	0.00588	0.00565	0.00187	0.00886	0.00449	0.00270	0.00909
24	0.01315	0.01128	0.01315	0.00940	0.01503	0.00846	0.00752	0.01597	0.01315	0.02067	0.01128	0.01315	0.00940	0.00470	0.00470	0.00094	0.00470	0.00376	0.00376	0.81583
25	0.01933	0.04587	0.09187	0.01190	0.01628	0.04253	0.01050	0.02594	0.18313	0.29805	0.13892	0.02571	0.04436	0.00876	0.00645	0.00198	0.00559	0.00721	0.00637	0.00926
26	0.11237	0.00879	0.01012	0.00872	0.01175	0.00813	0.00682	0.03730	0.01606	0.13591	0.28389	0.06592	0.14326	0.01083	0.00650	0.00189	0.00401	0.00908	0.00609	0.11254

[dist]
# distance from previous block
# <min> <max>
14	23

[block]
# block no. 1 follows, 35 sequences, length 16
# corresponding to MSA columns:
# 302-317
name=unknown_B
#
# <colnr> <probs for GDERKNQSTAVLIFYWHMCP>
#	G	D	E	R	K	N	Q	S	T	A	V	L	I	F	Y	W	H	M	C	P
0	0.01697	0.01137	0.01812	0.01475	0.04692	0.01054	0.16550	0.05426	0.03741	0.22023	0.21908	0.02914	0.06834	0.00896	0.00691	0.00197	0.00590	0.00828	0.00595	0.04939
1	0.01447	0.01940	0.28764	0.01600	0.02208	0.01224	0.15298	0.02029	0.06316	0.11907	0.08846	0.02555	0.11355	0.00832	0.00673	0.00205	0.00737	0.00745	0.00458	0.00859
2	0.01634	0.11679	0.30576	0.01409	0.02047	0.07637	0.01499	0.02173	0.06634	0.11725	0.01502	0.05315	0.01183	0.00695	0.00576	0.00178	0.00745	0.00544	0.00402	0.11848
3	0.00770	0.00643	0.00671	0.00664	0.00870	0.00544	0.00498	0.00951	0.01495	0.01830	0.15789	0.05914	0.64055	0.01563	0.00750	0.00212	0.00318	0.01312	0.00604	0.00544
4	0.01497	0.04991	0.53409	0.01840	0.04831	0.01460	0.08342	0.02167	0.03584	0.09978	0.01340	0.01492	0.00944	0.00622	0.00616	0.00200	0.00879	0.00520	0.00343	0.00946
5	0.04155	0.27427	0.36698	0.01613	0.02331	0.07126	0.08562	0.02009	0.01363	0.01837	0.01049	0.01247	0.00820	0.00580	0.00544	0.00178	0.00866	0.00446	0.00283	0.00867
6	0.01570	0.01507	0.02575	0.03894	0.73748	0.01507	0.01947	0.01947	0.01444	0.02073	0.01193	0.01570	0.01005	0.00565	0.00628	0.00188	0.00754	0.00565	0.00314	0.01005
7	0.00773	0.00552	0.00736	0.00883	0.00920	0.00515	0.00589	0.00883	0.01215	0.01619	0.03497	0.77291	0.04196	0.01987	0.00810	0.00258	0.00368	0.01803	0.00589	0.00515
8	0.01462	0.01397	0.02379	0.24942	0.53546	0.01479	0.01893	0.01852	0.01393	0.01941	0.01174	0.01605	0.00959	0.00585	0.00630	0.00195	0.00780	0.00565	0.00305	0.00917
9	0.02709	0.01271	0.07816	0.01188	0.01717	0.00979	0.01055	0.02997	0.01774	0.67910	0.02384	0.02088	0.01504	0.00769	0.00635	0.00197	0.00574	0.00623	0.00740	0.01067
10	0.02846	0.01080	0.01472	0.01129	0.01619	0.00932	0.00932	0.03092	0.01816	0.74187	0.02503	0.02159	0.01570	0.00785	0.00638	0.00196	0.00540	0.00638	0.00785	0.01080
11	0.01272	0.03281	0.74418	0.01808	0.02746	0.01473	0.02344	0.02009	0.01339	0.02009	0.01138	0.01339	0.00804	0.00603	0.00603	0.00201	0.00938	0.00469	0.00268	0.00938
12	0.01311	0.06530	0.65055	0.01851	0.02745	0.01532	0.08296	0.02006	0.01351	0.01988	0.01139	0.01357	0.00818	0.00594	0.00607	0.00199	0.00937	0.00487	0.00273	0.00925
13	0.01198	0.01128	0.01903	0.76180	0.04369	0.01409	0.01762	0.01621	0.01268	0.01621	0.01128	0.01691	0.00846	0.00634	0.00634	0.00211	0.00846	0.00564	0.00282	0.00705
14	0.01220	0.01150	0.01942	0.71913	0.08465	0.01415	0.01773	0.01640	0.01279	0.01648	0.01131	0.01684	0.00855	0.00630	0.00634	0.00210	0.00840	0.00564	0.00284	0.00722
15	0.01065	0.00931	0.01507	0.06287	0.09130	0.00910	0.12009	0.03452	0.01351	0.01791	0.02914	0.33534	0.11258	0.08018	0.00969	0.00265	0.00581	0.02903	0.00482	0.00643

[dist]
# distance from previous block
# <min> <max>
0	10

[block]
# block no. 2 follows, 35 sequences, length 29
# corresponding to MSA columns:
# 328-356
name=unknown_C
#
# <colnr> <probs for GDERKNQSTAVLIFYWHMCP>
#	G	D	E	R	K	N	Q	S	T	A	V	L	I	F	Y	W	H	M	C	P
0	0.02192	0.01734	0.02054	0.01588	0.02080	0.04208	0.09605	0.54747	0.04846	0.03517	0.01619	0.01895	0.01236	0.00793	0.00661	0.00199	0.00744	0.04689	0.00584	0.01009
1	0.00789	0.00573	0.00768	0.00889	0.00945	0.00552	0.00610	0.00917	0.01201	0.01605	0.03407	0.64143	0.07236	0.02327	0.10431	0.00354	0.00538	0.01635	0.00557	0.00523
2	0.01298	0.03118	0.68207	0.01764	0.02652	0.01482	0.02230	0.02125	0.07404	0.02064	0.01261	0.01427	0.00900	0.00625	0.00606	0.00202	0.00900	0.00490	0.00300	0.00943
3	0.02614	0.01154	0.01674	0.01277	0.01764	0.01040	0.07140	0.06554	0.01813	0.60733	0.02306	0.02101	0.01491	0.00946	0.04109	0.00236	0.00649	0.00646	0.00716	0.01036
4	0.01929	0.02120	0.07130	0.04552	0.18109	0.24160	0.01505	0.16671	0.01787	0.02212	0.01134	0.01389	0.00916	0.00725	0.00841	0.00197	0.12863	0.00510	0.00375	0.00874
5	0.01564	0.01525	0.02674	0.03790	0.67753	0.01516	0.07862	0.01954	0.01449	0.02069	0.01201	0.01582	0.01001	0.00563	0.00638	0.00191	0.00781	0.00581	0.00315	0.00992
6	0.00986	0.00689	0.00915	0.00998	0.01147	0.00657	0.00816	0.01231	0.01478	0.04236	0.13798	0.17880	0.13341	0.01675	0.00823	0.00260	0.00472	0.37408	0.00608	0.00584
7	0.02811	0.01137	0.01507	0.01156	0.01648	0.01017	0.00955	0.08684	0.01911	0.68460	0.02423	0.02107	0.01530	0.00783	0.00638	0.00196	0.00553	0.00633	0.00773	0.01080
8	0.03424	0.16767	0.06163	0.01425	0.04790	0.04036	0.08471	0.06198	0.04893	0.25731	0.02147	0.04190	0.07431	0.00789	0.00609	0.00189	0.00659	0.00656	0.00525	0.00907
9	0.00818	0.00576	0.00730	0.00816	0.00887	0.00531	0.00554	0.00895	0.01224	0.01593	0.06204	0.48074	0.17982	0.05046	0.01097	0.10052	0.00388	0.01498	0.00547	0.00488
10	0.02511	0.01449	0.01646	0.01293	0.01769	0.03942	0.01057	0.29606	0.10688	0.36060	0.02081	0.01903	0.01398	0.00781	0.00635	0.00195	0.00617	0.00614	0.00695	0.01059
11	0.02431	0.01234	0.01642	0.01287	0.01743	0.05429	0.07315	0.02798	0.06496	0.51992	0.02389	0.02220	0.03842	0.01014	0.04915	0.00245	0.00680	0.00665	0.00675	0.00987
12	0.01536	0.01506	0.02670	0.08758	0.60418	0.01512	0.10341	0.01935	0.01439	0.02036	0.01200	0.01596	0.00989	0.00566	0.00643	0.00193	0.00798	0.00587	0.00313	0.00966
13	0.00896	0.00657	0.00864	0.00989	0.01094	0.00637	0.00763	0.01140	0.03840	0.01771	0.03637	0.42005	0.09249	0.01827	0.00825	0.00266	0.00453	0.27936	0.00589	0.00561
14	0.03980	0.01461	0.06834	0.01394	0.01892	0.01323	0.07407	0.23667	0.02044	0.32585	0.02057	0.07038	0.01533	0.00849	0.00658	0.00203	0.00652	0.02800	0.00634	0.00988
15	0.01547	0.01484	0.02534	0.08304	0.69515	0.01501	0.01936	0.01927	0.01434	0.02045	0.01189	0.01578	0.00995	0.00569	0.00628	0.00190	0.00759	0.00565	0.00312	0.00987
16	0.00761	0.00643	0.00659	0.00655	0.00864	0.00541	0.00491	0.00933	0.01473	0.01779	0.11695	0.05998	0.68182	0.01582	0.00750	0.00213	0.00320	0.01324	0.00598	0.00541
17	0.01272	0.03281	0.74418	0.01808	0.02746	0.01473	0.02344	0.02009	0.01339	0.02009	0.01138	0.01339	0.00804	0.00603	0.00603	0.00201	0.00938	0.00469	0.00268	0.00938
18	0.01286	0.11888	0.60904	0.01642	0.02482	0.01530	0.02066	0.01919	0.01341	0.01928	0.01478	0.01635	0.05888	0.00666	0.00590	0.00194	0.00864	0.00514	0.00291	0.00895
19	0.02528	0.01031	0.01372	0.01079	0.01523	0.00906	0.00882	0.02825	0.04292	0.61910	0.07411	0.02611	0.06901	0.00879	0.00653	0.00198	0.00507	0.00723	0.00761	0.01007
20	0.02262	0.01482	0.01717	0.07710	0.02032	0.01604	0.01152	0.37178	0.15028	0.20217	0.01912	0.01840	0.01329	0.00774	0.00637	0.00198	0.00638	0.00613	0.00642	0.01034
21	0.01299	0.01230	0.02085	0.56613	0.23149	0.01436	0.01812	0.01709	0.01316	0.01743	0.01145	0.01659	0.00889	0.00616	0.00633	0.00205	0.00821	0.00564	0.00291	0.00786
22	0.01496	0.01429	0.02400	0.03600	0.67149	0.01419	0.01814	0.01853	0.01445	0.02040	0.01667	0.01981	0.07567	0.00660	0.00639	0.00191	0.00715	0.00635	0.00339	0.00962
23	0.01428	0.01349	0.02287	0.20349	0.51539	0.01424	0.01806	0.01802	0.01368	0.01917	0.01221	0.01677	0.01018	0.00938	0.06975	0.00264	0.00855	0.00575	0.00309	0.00898
24	0.01762	0.62463	0.08096	0.01195	0.01753	0.05762	0.01191	0.08249	0.01469	0.01758	0.00963	0.01092	0.00837	0.00572	0.00449	0.00146	0.00720	0.00372	0.00307	0.00843
25	0.01272	0.03281	0.74418	0.01808	0.02746	0.01473	0.02344	0.02009	0.01339	0.02009	0.01138	0.01339	0.00804	0.00603	0.00603	0.00201	0.00938	0.00469	0.00268	0.00938
26	0.01109	0.01236	0.07119	0.01658	0.02034	0.01038	0.29836	0.01449	0.01377	0.01836	0.02817	0.29496	0.12032	0.01236	0.00764	0.00231	0.00695	0.02892	0.00456	0.00689
27	0.01830	0.06530	0.07865	0.01376	0.01801	0.15633	0.01167	0.13627	0.30737	0.04545	0.06834	0.01991	0.01696	0.00793	0.00619	0.00194	0.00690	0.00619	0.00536	0.00921
28	0.02355	0.02117	0.01875	0.01824	0.12385	0.31818	0.01270	0.19854	0.02046	0.16191	0.01440	0.01496	0.01055	0.00693	0.00609	0.00180	0.00859	0.00516	0.00490	0.00927

[dist]
# distance from previous block
# <min> <max>
0	43

[block]
# block no. 3 follows, 35 sequences, length 32
# corresponding to MSA columns:
# 400-431
name=unknown_D
#
# <colnr> <probs for GDERKNQSTAVLIFYWHMCP>
#	G	D	E	R	K	N	Q	S	T	A	V	L	I	F	Y	W	H	M	C	P
0	0.07295	0.04147	0.27547	0.01599	0.02223	0.07717	0.11716	0.04421	0.03041	0.15688	0.04754	0.01844	0.03771	0.00705	0.00622	0.00197	0.00796	0.00593	0.00436	0.00891
1	0.00950	0.00828	0.06579	0.00781	0.00856	0.00684	0.00541	0.01009	0.00956	0.01292	0.01930	0.03927	0.02186	0.71549	0.03019	0.00582	0.00641	0.00886	0.00375	0.00429
2	0.01039	0.00788	0.00979	0.01112	0.10144	0.00698	0.00718	0.01251	0.01519	0.07650	0.13814	0.05046	0.50157	0.01371	0.00725	0.00208	0.00391	0.01161	0.00584	0.00646
3	0.02037	0.01655	0.01674	0.01394	0.01781	0.16268	0.05755	0.18406	0.15181	0.14680	0.04122	0.08302	0.01692	0.00867	0.00645	0.00197	0.00697	0.00712	0.03031	0.00903
4	0.01892	0.01427	0.02472	0.02020	0.08028	0.01441	0.27673	0.02438	0.10458	0.23038	0.01737	0.01872	0.01249	0.00724	0.00862	0.00215	0.10360	0.00673	0.00491	0.00931
5	0.01721	0.01365	0.01547	0.01491	0.07416	0.01530	0.01081	0.05840	0.58016	0.08969	0.02424	0.02253	0.01797	0.00827	0.00643	0.00210	0.00533	0.00693	0.00631	0.01014
6	0.01458	0.01494	0.07098	0.32086	0.37018	0.01496	0.01853	0.06301	0.01467	0.02014	0.01185	0.01599	0.00933	0.00608	0.00629	0.00198	0.00799	0.00559	0.00319	0.00887
7	0.01321	0.09548	0.59064	0.01891	0.08849	0.01533	0.02132	0.01963	0.01362	0.01990	0.03882	0.01462	0.01020	0.00621	0.00593	0.00194	0.00874	0.00492	0.00289	0.00920
8	0.02190	0.01227	0.01618	0.01314	0.03288	0.02527	0.06340	0.15661	0.04066	0.36091	0.08952	0.05119	0.06869	0.00902	0.00668	0.00200	0.00582	0.00766	0.00669	0.00951
9	0.00773	0.00552	0.00736	0.00883	0.00920	0.00515	0.00589	0.00883	0.01215	0.01619	0.03497	0.77291	0.04196	0.01987	0.00810	0.00258	0.00368	0.01803	0.00589	0.00515
10	0.01429	0.30233	0.35022	0.01612	0.06939	0.01823	0.01694	0.01887	0.01338	0.01833	0.05677	0.01458	0.01156	0.00650	0.00621	0.00180	0.04809	0.00476	0.00300	0.00862
11	0.01912	0.01537	0.02375	0.02094	0.12916	0.06144	0.23660	0.06228	0.12439	0.18767	0.01904	0.01986	0.03563	0.00700	0.00672	0.00202	0.00776	0.00679	0.00502	0.00946
12	0.01570	0.01507	0.02575	0.03894	0.73748	0.01507	0.01947	0.01947	0.01444	0.02073	0.01193	0.01570	0.01005	0.00565	0.00628	0.00188	0.00754	0.00565	0.00314	0.01005
13	0.00950	0.00700	0.00925	0.01042	0.01194	0.00676	0.00882	0.01202	0.01441	0.01842	0.03994	0.11778	0.17921	0.01739	0.00846	0.00274	0.00516	0.50925	0.00585	0.00569
14	0.01602	0.07468	0.47429	0.01646	0.02383	0.13030	0.01880	0.02277	0.07700	0.06817	0.01317	0.01435	0.00957	0.00642	0.00592	0.00192	0.00889	0.00485	0.00345	0.00914
15	0.01941	0.01920	0.02136	0.01708	0.02128	0.19819	0.16168	0.23041	0.10492	0.02524	0.01639	0.04803	0.03112	0.00789	0.00731	0.00200	0.04843	0.00657	0.00471	0.00880
16	0.01500	0.01264	0.01635	0.01411	0.01576	0.01589	0.01152	0.12152	0.10295	0.04551	0.03028	0.01869	0.01310	0.01803	0.17289	0.00411	0.35352	0.00621	0.00417	0.00774
17	0.01182	0.02291	0.44771	0.01447	0.02089	0.01218	0.01676	0.01887	0.08992	0.02166	0.17229	0.04518	0.06109	0.00872	0.00652	0.00204	0.00705	0.00725	0.00427	0.00838
18	0.08062	0.03109	0.68251	0.01726	0.02618	0.01469	0.02205	0.01997	0.01318	0.02079	0.01117	0.01313	0.00794	0.00602	0.00585	0.00201	0.00900	0.00458	0.00278	0.00917
19	0.01624	0.01609	0.02523	0.03742	0.68920	0.06460	0.01898	0.01986	0.01468	0.02038	0.01179	0.01541	0.00992	0.00571	0.00624	0.00187	0.00780	0.00555	0.00315	0.00987
20	0.01198	0.01128	0.01903	0.76180	0.04369	0.01409	0.01762	0.01621	0.01268	0.01621	0.01128	0.01691	0.00846	0.00634	0.00634	0.00211	0.00846	0.00564	0.00282	0.00705
21	0.01252	0.03141	0.70507	0.01754	0.02650	0.01427	0.02251	0.01966	0.01364	0.02037	0.04981	0.01520	0.01079	0.00640	0.00610	0.00201	0.00904	0.00505	0.00291	0.00920
22	0.02670	0.01195	0.01749	0.01319	0.01828	0.01075	0.08640	0.07585	0.01859	0.61599	0.02304	0.02068	0.01471	0.00756	0.00650	0.00198	0.00608	0.00646	0.00724	0.01055
23	0.01137	0.01067	0.01617	0.01376	0.01522	0.01270	0.09858	0.01337	0.01130	0.01586	0.02203	0.02779	0.14353	0.08829	0.17965	0.00453	0.29741	0.00783	0.00363	0.00629
24	0.00764	0.00632	0.00682	0.00703	0.00885	0.00550	0.00519	0.00922	0.01384	0.01684	0.05686	0.15937	0.58720	0.01878	0.05891	0.00276	0.00423	0.01359	0.00572	0.00535
25	0.02345	0.01807	0.01706	0.01394	0.01835	0.16527	0.01115	0.30741	0.15057	0.18163	0.01812	0.01734	0.01285	0.00763	0.00625	0.00191	0.00720	0.00579	0.00606	0.00996
26	0.01602	0.45213	0.28662	0.01374	0.02055	0.02096	0.01546	0.07507	0.01442	0.01878	0.01025	0.01173	0.00831	0.00582	0.00495	0.00163	0.00773	0.00404	0.00299	0.00879
27	0.00854	0.00658	0.00878	0.01062	0.05964	0.00612	0.00698	0.01022	0.01341	0.01765	0.09468	0.46934	0.17296	0.01742	0.00786	0.00243	0.00398	0.07135	0.00578	0.00565
28	0.01526	0.01462	0.02496	0.12431	0.65554	0.01496	0.01925	0.01908	0.01424	0.02019	0.01186	0.01584	0.00986	0.00573	0.00629	0.00191	0.00765	0.00565	0.00310	0.00969
29	0.01929	0.02287	0.29922	0.01688	0.07102	0.10567	0.01615	0.07831	0.08740	0.19637	0.01626	0.01646	0.01139	0.00689	0.00616	0.00195	0.00793	0.00541	0.00469	0.00969
30	0.01529	0.01465	0.02501	0.11866	0.66097	0.01497	0.01927	0.01911	0.01425	0.02023	0.01186	0.01583	0.00987	0.00573	0.00629	0.00191	0.00764	0.00565	0.00310	0.00972
31	0.00789	0.00572	0.00748	0.00869	0.00931	0.00530	0.00596	0.00924	0.01285	0.01709	0.09277	0.64300	0.09099	0.01898	0.00803	0.00251	0.00366	0.03928	0.00597	0.00526

[dist]
# distance from previous block
# <min> <max>
0	12

[block]
# block no. 4 follows, 35 sequences, length 21
# corresponding to MSA columns:
# 444-464
name=unknown_E
#
# <colnr> <probs for GDERKNQSTAVLIFYWHMCP>
#	G	D	E	R	K	N	Q	S	T	A	V	L	I	F	Y	W	H	M	C	P
0	0.01558	0.01578	0.05450	0.03810	0.70907	0.01506	0.01963	0.01949	0.01440	0.02070	0.01191	0.01561	0.00997	0.00567	0.00627	0.00189	0.00761	0.00561	0.00312	0.01002
1	0.01496	0.35705	0.14768	0.01219	0.01716	0.10279	0.01218	0.01837	0.03606	0.01693	0.02051	0.02424	0.12278	0.00840	0.00559	0.00178	0.00709	0.06291	0.00364	0.00770
2	0.01388	0.01388	0.01943	0.01666	0.01666	0.01943	0.01388	0.01527	0.00972	0.01527	0.00833	0.01388	0.00833	0.01110	0.02082	0.00278	0.76544	0.00555	0.00278	0.00694
3	0.01391	0.00861	0.01039	0.00988	0.01202	0.00848	0.00729	0.07686	0.09768	0.15137	0.03273	0.36363	0.10653	0.05882	0.00878	0.00252	0.00453	0.01257	0.00623	0.00718
4	0.01517	0.02608	0.47889	0.02076	0.09929	0.01435	0.12786	0.02130	0.01429	0.10265	0.01322	0.01514	0.00936	0.00609	0.00632	0.00201	0.00894	0.00541	0.00340	0.00948
5	0.15278	0.06471	0.25729	0.01705	0.09370	0.09668	0.01555	0.15754	0.02967	0.04110	0.01202	0.01345	0.00898	0.00639	0.00564	0.00189	0.00788	0.00472	0.00391	0.00906
6	0.09106	0.00705	0.00770	0.00736	0.00938	0.00656	0.00558	0.01144	0.01575	0.02223	0.37652	0.04940	0.34048	0.01356	0.00713	0.00205	0.00328	0.01147	0.00621	0.00581
7	0.01307	0.03076	0.66082	0.02050	0.10984	0.01477	0.02298	0.02002	0.01352	0.02016	0.01145	0.01366	0.00827	0.00598	0.00606	0.00199	0.00916	0.00480	0.00273	0.00945
8	0.01482	0.01629	0.09780	0.14916	0.55741	0.01489	0.01959	0.01903	0.01406	0.01996	0.01177	0.01565	0.00960	0.00580	0.00626	0.00193	0.00787	0.00555	0.00304	0.00951
9	0.01657	0.01380	0.01456	0.01273	0.01646	0.01569	0.01001	0.14398	0.56185	0.02808	0.02678	0.02491	0.06819	0.00897	0.00651	0.00211	0.00522	0.00737	0.00640	0.00983
10	0.01241	0.01172	0.01981	0.67793	0.12419	0.01421	0.01783	0.01659	0.01289	0.01673	0.01135	0.01677	0.00864	0.00626	0.00634	0.00209	0.00835	0.00564	0.00286	0.00740
11	0.01158	0.01670	0.21537	0.01679	0.02119	0.01187	0.19788	0.01558	0.01311	0.01835	0.02051	0.28151	0.02130	0.01150	0.00846	0.00234	0.07055	0.03399	0.00406	0.00736
12	0.01889	0.01652	0.01770	0.01474	0.01864	0.11821	0.07164	0.30345	0.13971	0.02844	0.04250	0.06486	0.01801	0.00942	0.00679	0.00209	0.00716	0.08669	0.00560	0.00896
13	0.00840	0.00623	0.00842	0.01026	0.04150	0.00588	0.00685	0.00983	0.01259	0.01665	0.03526	0.58731	0.08538	0.04324	0.00884	0.00267	0.00415	0.09542	0.00570	0.00542
14	0.01330	0.13462	0.64743	0.01710	0.02594	0.01614	0.02173	0.01994	0.01333	0.01939	0.01104	0.01296	0.00805	0.00595	0.00576	0.00192	0.00902	0.00451	0.00268	0.00921
15	0.01452	0.01582	0.03192	0.02550	0.10103	0.01594	0.49812	0.01887	0.01395	0.01936	0.01312	0.05376	0.01106	0.00700	0.00950	0.00224	0.12923	0.00751	0.00327	0.00828
16	0.01504	0.01682	0.03551	0.02559	0.03177	0.01602	0.65580	0.02144	0.07416	0.02084	0.01392	0.01766	0.01044	0.00562	0.00740	0.00214	0.01022	0.00746	0.00348	0.00868
17	0.01725	0.01436	0.01863	0.02266	0.29336	0.04680	0.01350	0.02693	0.32485	0.09650	0.01952	0.01986	0.01481	0.00726	0.00628	0.00198	0.00624	0.00633	0.03302	0.00986
18	0.01637	0.09146	0.24274	0.01505	0.02075	0.05338	0.08809	0.09685	0.01664	0.11082	0.11991	0.02027	0.01755	0.00980	0.05032	0.00241	0.00814	0.00627	0.00449	0.00868
19	0.01305	0.02876	0.57782	0.01748	0.05267	0.06355	0.02035	0.01928	0.01410	0.01999	0.06132	0.01821	0.05185	0.00706	0.00619	0.00199	0.00868	0.00561	0.00320	0.00882
20	0.01020	0.01659	0.29091	0.01164	0.01625	0.00926	0.01252	0.01467	0.01569	0.02217	0.35883	0.03631	0.13825	0.01075	0.00693	0.00202	0.00548	0.00914	0.00517	0.00720

[dist]
# distance from previous block
# <min> <max>
0	1

[block]
# block no. 5 follows, 35 sequences, length 29
# corresponding to MSA columns:
# 466,467,476-489,493-505
name=unknown_F
#
# <colnr> <probs for GDERKNQSTAVLIFYWHMCP>
#	G	D	E	R	K	N	Q	S	T	A	V	L	I	F	Y	W	H	M	C	P
0	0.01427	0.01349	0.02080	0.44714	0.10718	0.07373	0.09508	0.01812	0.01364	0.05423	0.01255	0.01723	0.00968	0.00947	0.06461	0.00268	0.00937	0.00585	0.00324	0.00763
1	0.01580	0.01394	0.01711	0.01863	0.18578	0.11202	0.06831	0.03461	0.10117	0.08031	0.07021	0.06562	0.10038	0.00893	0.00649	0.00195	0.00642	0.00780	0.07633	0.00820
2	0.02593	0.04615	0.01728	0.01260	0.01744	0.01154	0.05287	0.06463	0.04964	0.57713	0.02263	0.02036	0.01470	0.00770	0.00675	0.00197	0.02694	0.00629	0.00706	0.01040
3	0.00808	0.00623	0.00738	0.00756	0.00904	0.00553	0.00549	0.01005	0.01513	0.01984	0.29340	0.22835	0.32931	0.01590	0.00764	0.00220	0.00325	0.01384	0.00628	0.00553
4	0.01377	0.06761	0.57964	0.01879	0.02728	0.05147	0.11402	0.02032	0.01380	0.01964	0.01137	0.01363	0.00826	0.00593	0.00611	0.00198	0.00952	0.00497	0.00278	0.00911
5	0.01447	0.20378	0.52581	0.01638	0.02455	0.01692	0.04133	0.02033	0.01354	0.05115	0.01145	0.01313	0.00845	0.00595	0.00564	0.00186	0.00864	0.00455	0.00293	0.00913
6	0.01639	0.01529	0.02520	0.03696	0.67904	0.01545	0.01887	0.07620	0.01570	0.02229	0.01220	0.01566	0.01011	0.00581	0.00629	0.00189	0.00749	0.00566	0.00340	0.01011
7	0.00798	0.00570	0.00765	0.00912	0.00960	0.00537	0.00632	0.00927	0.01239	0.01647	0.03483	0.70241	0.04141	0.01964	0.00816	0.00261	0.00390	0.08606	0.00588	0.00522
8	0.01521	0.01475	0.02406	0.09943	0.55564	0.03520	0.04900	0.01962	0.04997	0.02025	0.01358	0.04998	0.01173	0.00651	0.00641	0.00195	0.00757	0.00632	0.00341	0.00942
9	0.01775	0.01500	0.01576	0.01502	0.07534	0.07206	0.01089	0.14091	0.41033	0.06184	0.03885	0.02322	0.05752	0.00852	0.00644	0.00204	0.00591	0.00698	0.00597	0.00964
10	0.02846	0.01080	0.01472	0.01129	0.01619	0.00932	0.00932	0.03092	0.01816	0.74187	0.02503	0.02159	0.01570	0.00785	0.00638	0.00196	0.00540	0.00638	0.00785	0.01080
11	0.02479	0.01378	0.05556	0.01382	0.01906	0.01221	0.08377	0.12730	0.06584	0.48210	0.02171	0.01993	0.01421	0.00751	0.00648	0.00199	0.00636	0.00636	0.00679	0.01044
12	0.06201	0.07491	0.07626	0.01284	0.01778	0.05143	0.03082	0.08491	0.13708	0.33991	0.03460	0.01918	0.01461	0.00749	0.00608	0.00194	0.00628	0.00596	0.00609	0.00981
13	0.01370	0.01463	0.02780	0.02350	0.11658	0.04607	0.42318	0.01766	0.01436	0.01916	0.01794	0.19944	0.01743	0.00895	0.00740	0.00219	0.00863	0.00965	0.00385	0.00787
14	0.01198	0.01128	0.01903	0.76180	0.04369	0.01409	0.01762	0.01621	0.01268	0.01621	0.01128	0.01691	0.00846	0.00634	0.00634	0.00211	0.00846	0.00564	0.00282	0.00705
15	0.05641	0.62187	0.12644	0.01185	0.01767	0.04371	0.01238	0.01930	0.01300	0.01630	0.00919	0.01065	0.00807	0.00556	0.00437	0.00148	0.00717	0.00359	0.00278	0.00822
16	0.04505	0.19609	0.52023	0.01577	0.02365	0.01662	0.01932	0.01943	0.01324	0.01922	0.01187	0.01558	0.00949	0.00649	0.00565	0.00191	0.00844	0.04020	0.00290	0.00882
17	0.02321	0.02931	0.01845	0.01773	0.06357	0.70649	0.01270	0.02497	0.01776	0.01584	0.00994	0.01170	0.00829	0.00648	0.00575	0.00165	0.01120	0.00418	0.00326	0.00752
18	0.00762	0.00629	0.00671	0.00702	0.00882	0.00538	0.00518	0.00918	0.01405	0.01703	0.05808	0.18871	0.58938	0.01679	0.00764	0.00224	0.00338	0.03527	0.00589	0.00533
19	0.01570	0.01507	0.02575	0.03894	0.73748	0.01507	0.01947	0.01947	0.01444	0.02073	0.01193	0.01570	0.01005	0.00565	0.00628	0.00188	0.00754	0.00565	0.00314	0.01005
20	0.01565	0.01502	0.02308	0.14716	0.50207	0.05319	0.01785	0.05333	0.01498	0.02046	0.01274	0.01808	0.01087	0.00660	0.00682	0.00198	0.03119	0.03635	0.00336	0.00919
21	0.00995	0.00749	0.01017	0.01190	0.04963	0.00729	0.00941	0.01254	0.01433	0.01843	0.03761	0.06535	0.16540	0.05048	0.00944	0.00286	0.00545	0.50076	0.00562	0.00588
22	0.00790	0.00572	0.00747	0.00856	0.00920	0.00529	0.00584	0.00931	0.01314	0.01760	0.13889	0.62349	0.08685	0.01863	0.00797	0.00246	0.00355	0.01679	0.00605	0.00529
23	0.01412	0.27620	0.43512	0.01503	0.02232	0.03352	0.01782	0.01913	0.01327	0.01800	0.01313	0.01476	0.04542	0.00651	0.00591	0.00182	0.03169	0.00472	0.00287	0.00865
24	0.01225	0.01155	0.01952	0.70925	0.09413	0.01417	0.01775	0.01645	0.01281	0.01654	0.01132	0.01683	0.00857	0.00629	0.00634	0.00210	0.00839	0.00564	0.00284	0.00727
25	0.00778	0.00554	0.00735	0.00877	0.00913	0.00518	0.00582	0.00885	0.01205	0.01607	0.03449	0.74981	0.04136	0.04379	0.00886	0.00269	0.00376	0.01776	0.00582	0.00511
26	0.01502	0.01484	0.02483	0.21021	0.49014	0.03948	0.07537	0.01895	0.01418	0.01944	0.01178	0.01596	0.00957	0.00582	0.00637	0.00195	0.00814	0.00575	0.00307	0.00912
27	0.01299	0.06136	0.69253	0.01850	0.05070	0.01515	0.02282	0.02003	0.01341	0.01991	0.01130	0.01335	0.00811	0.00599	0.00596	0.00198	0.00921	0.00467	0.00270	0.00935
28	0.01372	0.01367	0.01940	0.07732	0.01886	0.01900	0.01418	0.01534	0.00996	0.01534	0.00857	0.01413	0.00834	0.01072	0.01964	0.00272	0.70381	0.00556	0.00278	0.00695

[dist]
# distance from previous block
# <min> <max>
2	172

# created by:
# /home/cegg/simao/soft/augustus-3.2.1/scripts/msa2prfl.pl ./align_prep/EOG090W08ZR.fa
