[name]
unknown

[dist]
# distance from previous block
# <min> <max>
1	41

[block]
# block no. 0 follows, 38 sequences, length 22
# corresponding to MSA columns:
# 41-62
name=unknown_A
#
# <colnr> <probs for GDERKNQSTAVLIFYWHMCP>
#	G	D	E	R	K	N	Q	S	T	A	V	L	I	F	Y	W	H	M	C	P
0	0.05027	0.01396	0.01467	0.01207	0.01614	0.09935	0.02725	0.10131	0.22756	0.24940	0.01953	0.03938	0.01428	0.00741	0.00584	0.00180	0.00584	0.00596	0.00576	0.08221
1	0.01273	0.15714	0.63722	0.01601	0.02428	0.01560	0.02025	0.01888	0.01262	0.01824	0.01039	0.01220	0.00764	0.00562	0.00541	0.00180	0.00848	0.00424	0.00255	0.00870
2	0.01467	0.52491	0.28646	0.01270	0.01916	0.02035	0.01448	0.01838	0.01239	0.01587	0.00922	0.01072	0.00769	0.00535	0.00451	0.00150	0.00730	0.00365	0.00256	0.00813
3	0.01501	0.58952	0.22484	0.01212	0.01826	0.02118	0.01347	0.01829	0.01235	0.01546	0.00901	0.01046	0.00769	0.00530	0.00435	0.00145	0.00709	0.00354	0.00256	0.00803
4	0.01246	0.10561	0.68636	0.01648	0.02500	0.01493	0.02106	0.01895	0.01265	0.01857	0.01056	0.01240	0.00763	0.00566	0.00553	0.00184	0.00865	0.00433	0.00254	0.00878
5	0.00733	0.00524	0.00698	0.00838	0.00873	0.00489	0.00558	0.00838	0.01152	0.01536	0.03316	0.78466	0.03979	0.01885	0.00768	0.00244	0.00349	0.01710	0.00558	0.00489
6	0.01572	0.01330	0.01403	0.01239	0.01593	0.01531	0.00970	0.09849	0.67244	0.02638	0.02353	0.02168	0.01759	0.00807	0.00611	0.00202	0.00494	0.00667	0.00611	0.00959
7	0.00731	0.00531	0.00691	0.00819	0.00868	0.00490	0.00550	0.00840	0.01170	0.01543	0.03546	0.72437	0.09859	0.01855	0.00763	0.00241	0.00345	0.01674	0.00558	0.00490
8	0.01247	0.01069	0.01247	0.00891	0.01426	0.00802	0.00713	0.01515	0.01247	0.01960	0.01069	0.01247	0.00891	0.00446	0.00446	0.00089	0.00446	0.00356	0.00356	0.82536
9	0.01136	0.01069	0.01804	0.77412	0.04143	0.01337	0.01671	0.01537	0.01203	0.01537	0.01069	0.01604	0.00802	0.00601	0.00601	0.00200	0.00802	0.00535	0.00267	0.00668
10	0.02699	0.01024	0.01396	0.01070	0.01536	0.00884	0.00884	0.02932	0.01722	0.75522	0.02373	0.02048	0.01489	0.00745	0.00605	0.00186	0.00512	0.00605	0.00745	0.01024
11	0.02287	0.01685	0.01805	0.01384	0.01866	0.01866	0.01143	0.73100	0.02828	0.03791	0.01444	0.01444	0.01023	0.00722	0.00602	0.00181	0.00662	0.00542	0.00602	0.01023
12	0.00725	0.00609	0.00631	0.00639	0.00831	0.00515	0.00481	0.00884	0.01376	0.01656	0.08455	0.08499	0.67444	0.01530	0.00717	0.00206	0.00313	0.03415	0.00562	0.00511
13	0.02132	0.02683	0.01644	0.01501	0.01795	0.70165	0.01128	0.02292	0.01644	0.01466	0.00986	0.01191	0.00835	0.00943	0.06841	0.00222	0.01129	0.00409	0.00311	0.00684
14	0.01489	0.01429	0.02442	0.03692	0.75106	0.01429	0.01846	0.01846	0.01370	0.01965	0.01132	0.01489	0.00953	0.00536	0.00596	0.00179	0.00715	0.00536	0.00298	0.00953
15	0.00856	0.00648	0.00817	0.00906	0.01059	0.00609	0.00750	0.01074	0.01361	0.01715	0.04246	0.12372	0.29282	0.01630	0.00782	0.00248	0.00447	0.40109	0.00556	0.00532
16	0.00711	0.00609	0.00609	0.00609	0.00813	0.00508	0.00457	0.00863	0.01371	0.01625	0.06094	0.05789	0.74862	0.01524	0.00711	0.00203	0.00305	0.01270	0.00559	0.00508
17	0.01489	0.01429	0.02442	0.03692	0.75106	0.01429	0.01846	0.01846	0.01370	0.01965	0.01132	0.01489	0.00953	0.00536	0.00596	0.00179	0.00715	0.00536	0.00298	0.00953
18	0.01207	0.03112	0.75741	0.01715	0.02604	0.01397	0.02223	0.01905	0.01270	0.01905	0.01080	0.01270	0.00762	0.00572	0.00572	0.00191	0.00889	0.00445	0.00254	0.00889
19	0.00721	0.00572	0.00648	0.00710	0.00839	0.00499	0.00502	0.00852	0.01275	0.01586	0.04872	0.37744	0.43695	0.01682	0.00736	0.00221	0.00324	0.01463	0.00559	0.00499
20	0.00853	0.00588	0.00767	0.00795	0.00904	0.00540	0.00568	0.01050	0.01443	0.04425	0.37254	0.36984	0.08532	0.01517	0.00732	0.00214	0.00321	0.01355	0.00614	0.00545
21	0.06047	0.01075	0.01226	0.00885	0.01410	0.00834	0.00709	0.01530	0.01234	0.02004	0.01056	0.01232	0.00877	0.00452	0.00441	0.00095	0.00447	0.00355	0.00357	0.77734

[dist]
# distance from previous block
# <min> <max>
0	1

[block]
# block no. 1 follows, 38 sequences, length 45
# corresponding to MSA columns:
# 64-108
name=unknown_B
#
# <colnr> <probs for GDERKNQSTAVLIFYWHMCP>
#	G	D	E	R	K	N	Q	S	T	A	V	L	I	F	Y	W	H	M	C	P
0	0.01882	0.01808	0.01724	0.04625	0.01829	0.21116	0.01183	0.25871	0.06590	0.02338	0.01201	0.01399	0.00955	0.00785	0.00950	0.00197	0.21432	0.00507	0.02801	0.00808
1	0.00874	0.00667	0.00809	0.00770	0.00936	0.00631	0.00578	0.01243	0.07652	0.02236	0.52764	0.07231	0.18797	0.01276	0.00704	0.00195	0.00306	0.01112	0.00634	0.00585
2	0.01136	0.01069	0.01804	0.77412	0.04143	0.01337	0.01671	0.01537	0.01203	0.01537	0.01069	0.01604	0.00802	0.00601	0.00601	0.00200	0.00802	0.00535	0.00267	0.00668
3	0.00834	0.00614	0.00781	0.00739	0.00888	0.00560	0.00554	0.01102	0.01663	0.02317	0.66487	0.04650	0.14037	0.01265	0.00710	0.00191	0.00286	0.01110	0.00650	0.00560
4	0.02640	0.01092	0.01418	0.03164	0.01618	0.03626	0.00916	0.02875	0.01707	0.70835	0.02286	0.02001	0.01445	0.00736	0.00603	0.00185	0.00540	0.00595	0.00716	0.01002
5	0.02028	0.02487	0.01660	0.01487	0.01775	0.60665	0.03675	0.02280	0.06183	0.01527	0.01118	0.01434	0.00972	0.07529	0.00806	0.00200	0.02688	0.00464	0.00333	0.00687
6	0.01221	0.05862	0.73118	0.01690	0.02565	0.01433	0.02180	0.01901	0.01268	0.01887	0.01071	0.01259	0.00762	0.00569	0.00565	0.00188	0.00880	0.00440	0.00254	0.00885
7	0.02264	0.01472	0.01627	0.01259	0.01709	0.01579	0.01036	0.54424	0.02498	0.16639	0.01656	0.01620	0.01151	0.00724	0.00587	0.00178	0.00603	0.00555	0.07436	0.00985
8	0.01136	0.01069	0.01804	0.77412	0.04143	0.01337	0.01671	0.01537	0.01203	0.01537	0.01069	0.01604	0.00802	0.00601	0.00601	0.00200	0.00802	0.00535	0.00267	0.00668
9	0.01240	0.09462	0.69685	0.01657	0.02515	0.01479	0.02123	0.01896	0.01266	0.01864	0.01059	0.01245	0.00763	0.00567	0.00556	0.00185	0.00869	0.00434	0.00254	0.00879
10	0.00733	0.00524	0.00698	0.00838	0.00873	0.00489	0.00558	0.00838	0.01152	0.01536	0.03316	0.78466	0.03979	0.01885	0.00768	0.00244	0.00349	0.01710	0.00558	0.00489
11	0.00726	0.00604	0.00635	0.00641	0.00825	0.00512	0.00475	0.00888	0.01387	0.01696	0.12642	0.11068	0.62786	0.01522	0.00715	0.00205	0.00306	0.01285	0.00569	0.00512
12	0.00743	0.00531	0.00707	0.00831	0.00875	0.00495	0.00559	0.00862	0.01198	0.01609	0.09279	0.72294	0.04120	0.01830	0.00763	0.00240	0.00344	0.01658	0.00567	0.00495
13	0.02248	0.02831	0.01708	0.01545	0.01860	0.74186	0.01162	0.04542	0.01739	0.01542	0.00945	0.01096	0.00782	0.00623	0.00544	0.00156	0.01072	0.00392	0.00319	0.00707
14	0.01111	0.00562	0.00565	0.00565	0.00699	0.00562	0.00418	0.01380	0.01245	0.02198	0.01960	0.02314	0.01569	0.03970	0.00531	0.00159	0.00293	0.00574	0.78775	0.00552
15	0.01121	0.00561	0.00561	0.00561	0.00701	0.00561	0.00421	0.01402	0.01262	0.02243	0.01962	0.02243	0.01542	0.00701	0.00421	0.00140	0.00280	0.00561	0.82198	0.00561
16	0.01590	0.01339	0.01413	0.01243	0.01600	0.01540	0.00975	0.11495	0.65568	0.02668	0.02329	0.02149	0.01740	0.00805	0.00611	0.00201	0.00498	0.00664	0.00611	0.00961
17	0.01207	0.03112	0.75741	0.01715	0.02604	0.01397	0.02223	0.01905	0.01270	0.01905	0.01080	0.01270	0.00762	0.00572	0.00572	0.00191	0.00889	0.00445	0.00254	0.00889
18	0.00875	0.00583	0.00656	0.00656	0.00656	0.00583	0.00365	0.00875	0.00875	0.01166	0.01895	0.03937	0.02187	0.78858	0.03062	0.00583	0.00583	0.00875	0.00365	0.00365
19	0.00711	0.00609	0.00609	0.00609	0.00813	0.00508	0.00457	0.00863	0.01371	0.01625	0.06094	0.05789	0.74862	0.01524	0.00711	0.00203	0.00305	0.01270	0.00559	0.00508
20	0.01316	0.01316	0.01843	0.01579	0.01579	0.01843	0.01316	0.01448	0.00921	0.01448	0.00790	0.01316	0.00790	0.01053	0.01974	0.00263	0.77757	0.00526	0.00263	0.00658
21	0.00782	0.00590	0.00794	0.00900	0.00932	0.00602	0.00622	0.00889	0.01133	0.01528	0.03105	0.72029	0.03713	0.01815	0.00868	0.00246	0.06807	0.01611	0.00534	0.00503
22	0.00725	0.00579	0.00650	0.00698	0.00838	0.00504	0.00498	0.00866	0.01307	0.01627	0.08098	0.31815	0.46401	0.01640	0.00731	0.00217	0.00320	0.01420	0.00563	0.00504
23	0.02341	0.01599	0.01752	0.01343	0.01822	0.01737	0.01110	0.63922	0.02684	0.13173	0.01566	0.01523	0.01084	0.00725	0.00602	0.00181	0.00642	0.00550	0.00620	0.01023
24	0.02287	0.01685	0.01805	0.01384	0.01866	0.01866	0.01143	0.73100	0.02828	0.03791	0.01444	0.01444	0.01023	0.00722	0.00602	0.00181	0.00662	0.00542	0.00602	0.01023
25	0.01207	0.03112	0.75741	0.01715	0.02604	0.01397	0.02223	0.01905	0.01270	0.01905	0.01080	0.01270	0.00762	0.00572	0.00572	0.00191	0.00889	0.00445	0.00254	0.00889
26	0.02699	0.01024	0.01396	0.01070	0.01536	0.00884	0.00884	0.02932	0.01722	0.75522	0.02373	0.02048	0.01489	0.00745	0.00605	0.00186	0.00512	0.00605	0.00745	0.01024
27	0.02247	0.02867	0.01705	0.01550	0.01860	0.76443	0.01162	0.02402	0.01705	0.01472	0.00930	0.01085	0.00775	0.00620	0.00542	0.00155	0.01085	0.00387	0.00310	0.00697
28	0.01390	0.21456	0.52049	0.01536	0.02286	0.07896	0.01846	0.01922	0.01295	0.01751	0.01008	0.01181	0.00766	0.00562	0.00524	0.00173	0.00846	0.00410	0.00259	0.00845
29	0.00760	0.00611	0.00677	0.00660	0.00842	0.00529	0.00495	0.00957	0.01486	0.01898	0.29869	0.05341	0.50917	0.01422	0.00710	0.00198	0.00297	0.01207	0.00594	0.00529
30	0.01121	0.00561	0.00561	0.00561	0.00701	0.00561	0.00421	0.01402	0.01262	0.02243	0.01962	0.02243	0.01542	0.00701	0.00421	0.00140	0.00280	0.00561	0.82198	0.00561
31	0.02247	0.02867	0.01705	0.01550	0.01860	0.76443	0.01162	0.02402	0.01705	0.01472	0.00930	0.01085	0.00775	0.00620	0.00542	0.00155	0.01085	0.00387	0.00310	0.00697
32	0.01405	0.01512	0.03122	0.05785	0.08996	0.01451	0.55982	0.04237	0.01460	0.01984	0.03447	0.01928	0.01172	0.00596	0.00698	0.00203	0.00925	0.03960	0.00334	0.00805
33	0.01395	0.01383	0.02235	0.19550	0.05708	0.05938	0.24551	0.09555	0.01460	0.01920	0.01455	0.12659	0.01326	0.00806	0.00772	0.00207	0.07224	0.00753	0.00362	0.00741
34	0.01746	0.03855	0.02543	0.04055	0.05876	0.27181	0.30274	0.06391	0.01544	0.01820	0.01076	0.01377	0.00856	0.00614	0.00749	0.00188	0.08215	0.00550	0.00318	0.00773
35	0.01489	0.01429	0.02442	0.03692	0.75106	0.01429	0.01846	0.01846	0.01370	0.01965	0.01132	0.01489	0.00953	0.00536	0.00596	0.00179	0.00715	0.00536	0.00298	0.00953
36	0.01478	0.01418	0.02422	0.05938	0.72944	0.01427	0.01841	0.01837	0.01365	0.01952	0.01130	0.01492	0.00948	0.00538	0.00596	0.00179	0.00717	0.00536	0.00297	0.00944
37	0.01477	0.01270	0.01346	0.01220	0.01553	0.01467	0.00953	0.03125	0.71369	0.02490	0.02475	0.02410	0.01896	0.00847	0.00620	0.00207	0.00479	0.03248	0.00610	0.00938
38	0.00711	0.00609	0.00609	0.00609	0.00813	0.00508	0.00457	0.00863	0.01371	0.01625	0.06094	0.05789	0.74862	0.01524	0.00711	0.00203	0.00305	0.01270	0.00559	0.00508
39	0.02206	0.02640	0.01690	0.01513	0.01838	0.64369	0.01153	0.11186	0.01833	0.01774	0.01076	0.01338	0.00904	0.00671	0.00560	0.00163	0.01013	0.02985	0.00355	0.00733
40	0.02685	0.01046	0.01410	0.01081	0.01547	0.00917	0.00893	0.05287	0.01759	0.73115	0.02342	0.02027	0.01473	0.00744	0.00605	0.00186	0.00517	0.00603	0.00740	0.01024
41	0.01267	0.12575	0.63264	0.01667	0.02496	0.01526	0.05388	0.01893	0.01271	0.01845	0.01056	0.01248	0.00770	0.00561	0.00555	0.00183	0.00864	0.00442	0.00257	0.00871
42	0.01316	0.01316	0.01843	0.01579	0.01579	0.01843	0.01316	0.01448	0.00921	0.01448	0.00790	0.01316	0.00790	0.01053	0.01974	0.00263	0.77757	0.00526	0.00263	0.00658
43	0.00821	0.00614	0.00762	0.00725	0.00880	0.00555	0.00543	0.01076	0.01630	0.02241	0.59801	0.04776	0.20770	0.01294	0.00710	0.00192	0.00288	0.01128	0.00640	0.00555
44	0.00740	0.00526	0.00696	0.00829	0.00862	0.00493	0.00549	0.00839	0.01139	0.01518	0.03249	0.74971	0.03895	0.05494	0.00875	0.00260	0.00360	0.01671	0.00549	0.00483

[dist]
# distance from previous block
# <min> <max>
0	2

[block]
# block no. 2 follows, 38 sequences, length 54
# corresponding to MSA columns:
# 111-138,140-165
name=unknown_C
#
# <colnr> <probs for GDERKNQSTAVLIFYWHMCP>
#	G	D	E	R	K	N	Q	S	T	A	V	L	I	F	Y	W	H	M	C	P
0	0.00795	0.00570	0.00742	0.00859	0.00912	0.00544	0.00582	0.03725	0.01219	0.01626	0.03241	0.75389	0.03861	0.01838	0.00761	0.00242	0.00362	0.01663	0.00560	0.00510
1	0.12781	0.32331	0.26412	0.01298	0.01885	0.12795	0.01388	0.01919	0.01282	0.01761	0.00930	0.01084	0.00753	0.00555	0.00468	0.00161	0.00764	0.00372	0.00280	0.00783
2	0.01356	0.01263	0.02072	0.32548	0.39798	0.01373	0.01676	0.05434	0.01381	0.01877	0.01352	0.01730	0.04298	0.00617	0.00604	0.00189	0.00727	0.00570	0.00314	0.00824
3	0.00733	0.00524	0.00698	0.00838	0.00873	0.00489	0.00558	0.00838	0.01152	0.01536	0.03316	0.78466	0.03979	0.01885	0.00768	0.00244	0.00349	0.01710	0.00558	0.00489
4	0.83108	0.01163	0.00884	0.00791	0.01163	0.01350	0.00651	0.01768	0.01024	0.02699	0.00838	0.00977	0.00651	0.00558	0.00372	0.00186	0.00465	0.00326	0.00372	0.00651
5	0.00875	0.00583	0.00656	0.00656	0.00656	0.00583	0.00365	0.00875	0.00875	0.01166	0.01895	0.03937	0.02187	0.78858	0.03062	0.00583	0.00583	0.00875	0.00365	0.00365
6	0.37839	0.01375	0.01368	0.04500	0.07833	0.06209	0.00969	0.17168	0.01544	0.07495	0.01156	0.01294	0.00870	0.00637	0.00548	0.00184	0.03904	0.00440	0.03888	0.00782
7	0.01608	0.79220	0.03152	0.01029	0.01544	0.02380	0.01029	0.01801	0.01222	0.01415	0.00836	0.00965	0.00772	0.00515	0.00386	0.00129	0.00643	0.00322	0.00257	0.00772
8	0.00861	0.00637	0.00928	0.00928	0.01022	0.00731	0.00703	0.01049	0.00955	0.01368	0.01647	0.02561	0.01590	0.13836	0.67267	0.00919	0.01482	0.00673	0.00328	0.00515
9	0.01511	0.01390	0.01869	0.19252	0.16380	0.05273	0.06205	0.11955	0.19631	0.02201	0.01733	0.01904	0.04946	0.00711	0.00642	0.00194	0.02321	0.00614	0.00425	0.00845
10	0.01895	0.04757	0.01937	0.01633	0.10987	0.01132	0.14776	0.03861	0.03175	0.32171	0.08478	0.02166	0.04592	0.00723	0.00619	0.00182	0.00610	0.00661	0.00541	0.05104
11	0.01382	0.28179	0.48825	0.01475	0.02224	0.01740	0.01786	0.04715	0.01317	0.01819	0.01014	0.01176	0.00776	0.00559	0.00511	0.00170	0.00799	0.00408	0.00269	0.00856
12	0.02699	0.01024	0.01396	0.01070	0.01536	0.00884	0.00884	0.02932	0.01722	0.75522	0.02373	0.02048	0.01489	0.00745	0.00605	0.00186	0.00512	0.00605	0.00745	0.01024
13	0.01168	0.06714	0.62585	0.01569	0.02332	0.01334	0.01952	0.01766	0.01253	0.01834	0.01347	0.10936	0.01166	0.00733	0.00587	0.00194	0.00809	0.00597	0.00292	0.00833
14	0.02515	0.01189	0.01421	0.01120	0.01562	0.05643	0.00913	0.07342	0.06854	0.59579	0.02315	0.02049	0.03112	0.00758	0.00604	0.00186	0.00550	0.00608	0.00695	0.00987
15	0.00851	0.00615	0.00804	0.00757	0.00899	0.00568	0.00568	0.01135	0.01703	0.02412	0.74788	0.04494	0.05676	0.01230	0.00710	0.00189	0.00284	0.01088	0.00662	0.00568
16	0.00769	0.00549	0.00739	0.00879	0.00929	0.00520	0.00621	0.00900	0.01187	0.01576	0.03296	0.67545	0.03900	0.01851	0.00777	0.00249	0.00380	0.12275	0.00558	0.00499
17	0.01528	0.01660	0.02069	0.26440	0.18639	0.20357	0.08960	0.01846	0.01378	0.01659	0.01130	0.01638	0.00945	0.00654	0.00694	0.00192	0.05831	0.03333	0.00300	0.00747
18	0.01608	0.79220	0.03152	0.01029	0.01544	0.02380	0.01029	0.01801	0.01222	0.01415	0.00836	0.00965	0.00772	0.00515	0.00386	0.00129	0.00643	0.00322	0.00257	0.00772
19	0.01121	0.00561	0.00561	0.00561	0.00701	0.00561	0.00421	0.01402	0.01262	0.02243	0.01962	0.02243	0.01542	0.00701	0.00421	0.00140	0.00280	0.00561	0.82198	0.00561
20	0.01479	0.01419	0.02423	0.05808	0.73069	0.01427	0.01841	0.01837	0.01365	0.01953	0.01130	0.01492	0.00949	0.00538	0.00596	0.00179	0.00717	0.00536	0.00297	0.00945
21	0.02135	0.01327	0.13093	0.01238	0.01725	0.00956	0.05756	0.02443	0.01560	0.49909	0.02213	0.11482	0.01650	0.00845	0.00627	0.00195	0.00583	0.00725	0.00616	0.00922
22	0.01078	0.00666	0.00872	0.00791	0.00976	0.00605	0.00604	0.01351	0.01694	0.11555	0.63402	0.04230	0.07472	0.01179	0.00696	0.00189	0.00313	0.01033	0.00669	0.00623
23	0.02699	0.01024	0.01396	0.01070	0.01536	0.00884	0.00884	0.02932	0.01722	0.75522	0.02373	0.02048	0.01489	0.00745	0.00605	0.00186	0.00512	0.00605	0.00745	0.01024
24	0.02699	0.01024	0.01396	0.01070	0.01536	0.00884	0.00884	0.02932	0.01722	0.75522	0.02373	0.02048	0.01489	0.00745	0.00605	0.00186	0.00512	0.00605	0.00745	0.01024
25	0.01485	0.01439	0.02499	0.03633	0.71393	0.01434	0.05513	0.01850	0.01372	0.01963	0.01136	0.01496	0.00951	0.00535	0.00601	0.00180	0.00730	0.00545	0.00298	0.00946
26	0.01136	0.01069	0.01804	0.77412	0.04143	0.01337	0.01671	0.01537	0.01203	0.01537	0.01069	0.01604	0.00802	0.00601	0.00601	0.00200	0.00802	0.00535	0.00267	0.00668
27	0.01154	0.01088	0.01837	0.73609	0.07804	0.01341	0.01680	0.01553	0.01211	0.01559	0.01072	0.01598	0.00810	0.00598	0.00601	0.00199	0.00797	0.00535	0.00269	0.00683
28	0.01128	0.01050	0.01762	0.73518	0.03995	0.01304	0.01635	0.01522	0.01212	0.01550	0.01177	0.01868	0.00938	0.00656	0.00613	0.00204	0.00789	0.04134	0.00282	0.00662
29	0.01420	0.01623	0.03550	0.02535	0.03144	0.01521	0.72921	0.01927	0.01420	0.01927	0.01217	0.01623	0.00913	0.00507	0.00710	0.00203	0.01014	0.00710	0.00304	0.00811
30	0.02287	0.01685	0.01805	0.01384	0.01866	0.01866	0.01143	0.73100	0.02828	0.03791	0.01444	0.01444	0.01023	0.00722	0.00602	0.00181	0.00662	0.00542	0.00602	0.01023
31	0.01515	0.01347	0.01364	0.01236	0.01568	0.04920	0.00962	0.03101	0.68500	0.02447	0.02401	0.02328	0.01837	0.00833	0.00616	0.00204	0.00506	0.02791	0.00596	0.00928
32	0.01136	0.01069	0.01804	0.77412	0.04143	0.01337	0.01671	0.01537	0.01203	0.01537	0.01069	0.01604	0.00802	0.00601	0.00601	0.00200	0.00802	0.00535	0.00267	0.00668
33	0.00733	0.00524	0.00698	0.00838	0.00873	0.00489	0.00558	0.00838	0.01152	0.01536	0.03316	0.78466	0.03979	0.01885	0.00768	0.00244	0.00349	0.01710	0.00558	0.00489
34	0.01207	0.03112	0.75741	0.01715	0.02604	0.01397	0.02223	0.01905	0.01270	0.01905	0.01080	0.01270	0.00762	0.00572	0.00572	0.00191	0.00889	0.00445	0.00254	0.00889
35	0.02247	0.02867	0.01705	0.01550	0.01860	0.76443	0.01162	0.02402	0.01705	0.01472	0.00930	0.01085	0.00775	0.00620	0.00542	0.00155	0.01085	0.00387	0.00310	0.00697
36	0.00733	0.00524	0.00698	0.00838	0.00873	0.00489	0.00558	0.00838	0.01152	0.01536	0.03316	0.78466	0.03979	0.01885	0.00768	0.00244	0.00349	0.01710	0.00558	0.00489
37	0.83108	0.01163	0.00884	0.00791	0.01163	0.01350	0.00651	0.01768	0.01024	0.02699	0.00838	0.00977	0.00651	0.00558	0.00372	0.00186	0.00465	0.00326	0.00372	0.00651
38	0.00711	0.00609	0.00609	0.00609	0.00813	0.00508	0.00457	0.00863	0.01371	0.01625	0.06094	0.05789	0.74862	0.01524	0.00711	0.00203	0.00305	0.01270	0.00559	0.00508
39	0.01378	0.01146	0.01317	0.00953	0.01481	0.00935	0.00767	0.10493	0.01446	0.02190	0.01116	0.01272	0.00908	0.00480	0.00465	0.00101	0.00473	0.00380	0.00387	0.72313
40	0.01207	0.03112	0.75741	0.01715	0.02604	0.01397	0.02223	0.01905	0.01270	0.01905	0.01080	0.01270	0.00762	0.00572	0.00572	0.00191	0.00889	0.00445	0.00254	0.00889
41	0.01207	0.03112	0.75741	0.01715	0.02604	0.01397	0.02223	0.01905	0.01270	0.01905	0.01080	0.01270	0.00762	0.00572	0.00572	0.00191	0.00889	0.00445	0.00254	0.00889
42	0.01207	0.03112	0.75741	0.01715	0.02604	0.01397	0.02223	0.01905	0.01270	0.01905	0.01080	0.01270	0.00762	0.00572	0.00572	0.00191	0.00889	0.00445	0.00254	0.00889
43	0.00733	0.00524	0.00698	0.00838	0.00873	0.00489	0.00558	0.00838	0.01152	0.01536	0.03316	0.78466	0.03979	0.01885	0.00768	0.00244	0.00349	0.01710	0.00558	0.00489
44	0.00765	0.00549	0.00741	0.00846	0.00891	0.00541	0.00577	0.00881	0.01099	0.01484	0.02916	0.59785	0.03419	0.08154	0.13919	0.00394	0.00583	0.01464	0.00503	0.00488
45	0.01183	0.01151	0.02045	0.65549	0.06398	0.01363	0.10612	0.01596	0.01236	0.01600	0.01090	0.01602	0.00821	0.00587	0.00615	0.00200	0.00826	0.00557	0.00273	0.00696
46	0.01407	0.01597	0.03469	0.05981	0.03190	0.01513	0.69643	0.01909	0.01410	0.01909	0.01210	0.01622	0.00908	0.00511	0.00705	0.00203	0.01004	0.00702	0.00303	0.00805
47	0.01420	0.01623	0.03550	0.02535	0.03144	0.01521	0.72921	0.01927	0.01420	0.01927	0.01217	0.01623	0.00913	0.00507	0.00710	0.00203	0.01014	0.00710	0.00304	0.00811
48	0.01420	0.01623	0.03550	0.02535	0.03144	0.01521	0.72921	0.01927	0.01420	0.01927	0.01217	0.01623	0.00913	0.00507	0.00710	0.00203	0.01014	0.00710	0.00304	0.00811
49	0.01253	0.03047	0.73444	0.01695	0.02571	0.01381	0.02181	0.01937	0.01284	0.04180	0.01120	0.01294	0.00785	0.00577	0.00573	0.00190	0.00877	0.00449	0.00269	0.00893
50	0.00733	0.00524	0.00698	0.00838	0.00873	0.00489	0.00558	0.00838	0.01152	0.01536	0.03316	0.78466	0.03979	0.01885	0.00768	0.00244	0.00349	0.01710	0.00558	0.00489
51	0.00854	0.00587	0.00650	0.00650	0.00676	0.00574	0.00376	0.00873	0.00937	0.01224	0.02422	0.04169	0.11302	0.69159	0.02767	0.00536	0.00548	0.00924	0.00389	0.00382
52	0.02503	0.01029	0.01447	0.10645	0.01863	0.00941	0.00983	0.02757	0.01657	0.66243	0.02210	0.01992	0.01403	0.00727	0.00605	0.00188	0.00548	0.00596	0.00685	0.00979
53	0.01442	0.01415	0.02512	0.11520	0.58406	0.01431	0.10741	0.01823	0.01358	0.01914	0.01136	0.01518	0.00932	0.00539	0.00611	0.00184	0.00762	0.00558	0.00295	0.00904

[dist]
# distance from previous block
# <min> <max>
0	10

[block]
# block no. 3 follows, 38 sequences, length 9
# corresponding to MSA columns:
# 176-184
name=unknown_D
#
# <colnr> <probs for GDERKNQSTAVLIFYWHMCP>
#	G	D	E	R	K	N	Q	S	T	A	V	L	I	F	Y	W	H	M	C	P
0	0.02699	0.01024	0.01396	0.01070	0.01536	0.00884	0.00884	0.02932	0.01722	0.75522	0.02373	0.02048	0.01489	0.00745	0.00605	0.00186	0.00512	0.00605	0.00745	0.01024
1	0.01136	0.01069	0.01804	0.77412	0.04143	0.01337	0.01671	0.01537	0.01203	0.01537	0.01069	0.01604	0.00802	0.00601	0.00601	0.00200	0.00802	0.00535	0.00267	0.00668
2	0.01243	0.02860	0.63515	0.01854	0.02695	0.01418	0.14196	0.01909	0.01295	0.01909	0.01103	0.01330	0.00788	0.00561	0.00595	0.00193	0.00910	0.00489	0.00263	0.00876
3	0.01191	0.02663	0.59498	0.18345	0.02942	0.01384	0.02101	0.01824	0.01255	0.01824	0.01077	0.01343	0.00771	0.00578	0.00578	0.00193	0.00870	0.00464	0.00257	0.00841
4	0.01284	0.01354	0.02807	0.02108	0.02583	0.01278	0.52468	0.01727	0.01430	0.01930	0.06373	0.02941	0.01779	0.00807	0.00736	0.00218	0.00866	0.16189	0.00382	0.00739
5	0.02600	0.01429	0.01464	0.01176	0.01607	0.17484	0.00945	0.02815	0.01718	0.59254	0.02056	0.01836	0.01332	0.00717	0.00591	0.00179	0.00638	0.00557	0.00649	0.00952
6	0.01392	0.01431	0.17826	0.11161	0.08445	0.01061	0.05841	0.01768	0.01370	0.15086	0.12689	0.02277	0.01846	0.06341	0.08556	0.00296	0.00764	0.00657	0.00428	0.00766
7	0.01827	0.04640	0.26096	0.01371	0.01951	0.01126	0.07602	0.02242	0.01525	0.33043	0.10686	0.02014	0.01687	0.00718	0.00608	0.00187	0.00657	0.00610	0.00516	0.00895
8	0.01211	0.17122	0.45354	0.01351	0.01973	0.01406	0.01586	0.01659	0.01174	0.01649	0.01212	0.01798	0.01077	0.17760	0.01083	0.00265	0.00775	0.00516	0.00279	0.00751

[dist]
# distance from previous block
# <min> <max>
0	2

[block]
# block no. 4 follows, 38 sequences, length 8
# corresponding to MSA columns:
# 187-194
name=unknown_E
#
# <colnr> <probs for GDERKNQSTAVLIFYWHMCP>
#	G	D	E	R	K	N	Q	S	T	A	V	L	I	F	Y	W	H	M	C	P
0	0.01358	0.01494	0.03193	0.02338	0.02882	0.01407	0.62973	0.01833	0.01415	0.01909	0.01489	0.02337	0.01265	0.00667	0.00727	0.00213	0.00951	0.10436	0.00339	0.00776
1	0.01538	0.01456	0.03010	0.02174	0.02730	0.01350	0.56995	0.01978	0.01458	0.12077	0.01778	0.02025	0.07081	0.00624	0.00696	0.00201	0.00886	0.00742	0.00386	0.00816
2	0.01387	0.01741	0.10682	0.02353	0.02926	0.01542	0.58288	0.01875	0.01353	0.01875	0.01159	0.01555	0.00885	0.00571	0.00828	0.00208	0.09012	0.00664	0.00295	0.00803
3	0.19938	0.00670	0.00807	0.00785	0.00871	0.00713	0.00552	0.01010	0.00839	0.01426	0.00997	0.01633	0.00954	0.01737	0.01896	0.63547	0.00509	0.00477	0.00287	0.00351
4	0.01134	0.01245	0.09120	0.01511	0.01909	0.01021	0.25919	0.01526	0.03596	0.04293	0.02889	0.09757	0.19862	0.01241	0.04961	0.00255	0.00723	0.07916	0.00435	0.00687
5	0.01607	0.01802	0.12717	0.02003	0.06016	0.04192	0.31287	0.20676	0.01746	0.02363	0.01359	0.06224	0.01103	0.00681	0.00697	0.00197	0.03421	0.00664	0.00390	0.00856
6	0.00948	0.00788	0.01171	0.01092	0.01279	0.00766	0.09753	0.01327	0.08935	0.01875	0.14897	0.31839	0.10654	0.01427	0.00738	0.00226	0.00459	0.10677	0.00548	0.00601
7	0.01363	0.01506	0.03225	0.02356	0.02905	0.01417	0.63866	0.01841	0.01415	0.01911	0.01465	0.02272	0.01234	0.00652	0.00725	0.00212	0.00956	0.09563	0.00336	0.00779

[dist]
# distance from previous block
# <min> <max>
15	50

# created by:
# /home/cegg/simao/soft/augustus-3.2.1/scripts/msa2prfl.pl ./align_prep/EOG090W0HHV.fa
