[name]
unknown

[dist]
# distance from previous block
# <min> <max>
11	108

[block]
# block no. 0 follows, 33 sequences, length 29
# corresponding to MSA columns:
# 125-153
name=unknown_A
#
# <colnr> <probs for GDERKNQSTAVLIFYWHMCP>
#	G	D	E	R	K	N	Q	S	T	A	V	L	I	F	Y	W	H	M	C	P
0	0.05779	0.01251	0.01670	0.13062	0.18847	0.03221	0.01253	0.07688	0.04734	0.06530	0.04607	0.02609	0.11893	0.03388	0.05611	0.00270	0.00724	0.00728	0.00463	0.05673
1	0.01521	0.01302	0.01817	0.14983	0.11983	0.02749	0.05993	0.11941	0.11197	0.03575	0.05052	0.14320	0.01970	0.03352	0.00807	0.00230	0.02053	0.00863	0.00493	0.03800
2	0.03869	0.01346	0.01655	0.03667	0.05544	0.07107	0.07129	0.10138	0.06296	0.07416	0.07789	0.06342	0.01889	0.05371	0.03167	0.00253	0.06440	0.00738	0.08107	0.05737
3	0.01466	0.01157	0.01495	0.08684	0.09336	0.02498	0.02928	0.10564	0.07850	0.07064	0.05527	0.05840	0.17795	0.03827	0.05617	0.00280	0.00672	0.02676	0.00533	0.04190
4	0.01645	0.01543	0.05094	0.08958	0.02333	0.06309	0.17153	0.10545	0.09768	0.06316	0.02026	0.04393	0.06048	0.01040	0.04643	0.00254	0.02912	0.00733	0.05512	0.02775
5	0.03814	0.01830	0.06854	0.06179	0.05390	0.12580	0.01292	0.15126	0.25002	0.06081	0.01905	0.02117	0.01478	0.00817	0.00651	0.00207	0.00731	0.04003	0.00539	0.03403
6	0.01850	0.05623	0.02139	0.12427	0.13360	0.08509	0.08216	0.15615	0.05387	0.08484	0.01893	0.04732	0.05820	0.00799	0.00663	0.00201	0.00770	0.00688	0.00476	0.02348
7	0.01493	0.01104	0.01361	0.01254	0.06012	0.01050	0.00908	0.08418	0.06778	0.09447	0.07587	0.13674	0.10205	0.01053	0.00737	0.00191	0.04269	0.00880	0.00553	0.23026
8	0.01054	0.00961	0.05860	0.01193	0.05007	0.00861	0.00873	0.01285	0.03989	0.01693	0.03479	0.26969	0.02546	0.13831	0.12527	0.06048	0.04525	0.01083	0.00452	0.05764
9	0.01630	0.50965	0.06732	0.08209	0.04997	0.04140	0.01259	0.02005	0.06024	0.01712	0.01457	0.01600	0.05545	0.00673	0.00509	0.00166	0.00715	0.00486	0.00333	0.00842
10	0.06304	0.00788	0.00879	0.00832	0.01036	0.00768	0.00623	0.01425	0.09086	0.02336	0.36719	0.04770	0.24296	0.06203	0.00907	0.00241	0.00374	0.01130	0.00644	0.00639
11	0.02171	0.02632	0.03930	0.02041	0.14579	0.50533	0.01385	0.06008	0.01828	0.01867	0.01466	0.01634	0.05644	0.00732	0.00621	0.00180	0.01028	0.00528	0.00370	0.00824
12	0.01597	0.01539	0.06325	0.01524	0.06350	0.01573	0.01179	0.03181	0.57508	0.02628	0.02382	0.02256	0.01797	0.00827	0.00653	0.00212	0.00565	0.00692	0.00602	0.06609
13	0.04274	0.02528	0.02065	0.02281	0.20427	0.46445	0.01462	0.04517	0.01734	0.01865	0.01080	0.01328	0.00905	0.00687	0.00707	0.00186	0.05843	0.00480	0.00344	0.00843
14	0.00894	0.00650	0.00842	0.00840	0.00972	0.00598	0.00612	0.01152	0.01706	0.02375	0.53202	0.21319	0.09323	0.01527	0.00791	0.00222	0.00328	0.01357	0.00693	0.00598
15	0.03791	0.01326	0.06364	0.01678	0.11248	0.01128	0.07776	0.03436	0.04779	0.20648	0.12381	0.02750	0.03477	0.00868	0.00678	0.00200	0.00622	0.05425	0.00565	0.10857
16	0.01933	0.02139	0.02377	0.03184	0.46914	0.28114	0.01747	0.02243	0.01633	0.01954	0.01158	0.01468	0.00972	0.00620	0.00630	0.00186	0.00930	0.00527	0.00331	0.00941
17	0.01976	0.54348	0.02960	0.01302	0.01796	0.24742	0.01171	0.02175	0.01501	0.01568	0.00947	0.01097	0.00846	0.00599	0.00475	0.00150	0.00853	0.00374	0.00299	0.00820
18	0.00922	0.00673	0.00867	0.00818	0.00978	0.00617	0.00614	0.01224	0.01842	0.02588	0.68425	0.05004	0.10229	0.01365	0.00777	0.00208	0.00312	0.01203	0.00718	0.00617
19	0.00833	0.00675	0.00747	0.00778	0.00973	0.00590	0.00602	0.01026	0.01508	0.01851	0.09675	0.10940	0.53572	0.01698	0.00803	0.00237	0.00378	0.11931	0.00617	0.00566
20	0.00828	0.00598	0.00788	0.00915	0.00980	0.00557	0.00635	0.00974	0.01339	0.01785	0.09566	0.62515	0.07897	0.01967	0.00836	0.00262	0.00388	0.06002	0.00620	0.00548
21	0.00955	0.00675	0.00924	0.00924	0.00994	0.00745	0.00656	0.01082	0.01013	0.01420	0.01853	0.03199	0.01902	0.31393	0.45207	0.04091	0.01300	0.00793	0.00367	0.00506
22	0.01636	0.01621	0.02523	0.11900	0.58543	0.06379	0.01934	0.02011	0.01490	0.02048	0.01206	0.01610	0.01007	0.00615	0.00687	0.00199	0.02714	0.00575	0.00322	0.00981
23	0.01173	0.01057	0.01289	0.01355	0.06265	0.08531	0.00965	0.01389	0.01176	0.01581	0.01702	0.06309	0.01645	0.06841	0.49701	0.00794	0.06498	0.00732	0.00361	0.00636
24	0.01446	0.16958	0.47387	0.01826	0.07379	0.01733	0.02007	0.02108	0.05118	0.02013	0.01206	0.01401	0.00918	0.00635	0.00628	0.00194	0.02863	0.00481	0.00307	0.03392
25	0.02143	0.06523	0.02001	0.05657	0.13384	0.47821	0.01355	0.04398	0.01754	0.01832	0.01151	0.01380	0.00947	0.00666	0.00590	0.00174	0.01006	0.00473	0.05936	0.00811
26	0.01518	0.07581	0.01551	0.01034	0.01574	0.01133	0.00847	0.07089	0.05267	0.04878	0.01697	0.01793	0.06045	0.00633	0.00532	0.00128	0.00518	0.00501	0.00448	0.55234
27	0.01449	0.01408	0.02022	0.24540	0.30486	0.07691	0.01616	0.03086	0.01452	0.01898	0.01665	0.05728	0.05013	0.01169	0.07716	0.00288	0.00895	0.00691	0.00355	0.00831
28	0.01028	0.04795	0.01017	0.00871	0.00963	0.00831	0.00592	0.01114	0.01056	0.01446	0.02024	0.11402	0.02252	0.45534	0.13294	0.00583	0.03770	0.00932	0.00404	0.06095

[dist]
# distance from previous block
# <min> <max>
0	1

[block]
# block no. 1 follows, 33 sequences, length 24
# corresponding to MSA columns:
# 155-178
name=unknown_B
#
# <colnr> <probs for GDERKNQSTAVLIFYWHMCP>
#	G	D	E	R	K	N	Q	S	T	A	V	L	I	F	Y	W	H	M	C	P
0	0.01385	0.01349	0.02107	0.15334	0.30474	0.04896	0.08307	0.01762	0.03119	0.01962	0.03577	0.12286	0.08751	0.00931	0.00703	0.00214	0.00736	0.00867	0.00405	0.00833
1	0.11251	0.00928	0.01041	0.08493	0.01454	0.04663	0.00815	0.01358	0.01403	0.02016	0.17098	0.09135	0.12557	0.08290	0.11166	0.00375	0.00700	0.06138	0.00508	0.00611
2	0.01207	0.00771	0.00955	0.00943	0.01123	0.00728	0.00703	0.05886	0.01581	0.10048	0.13605	0.29299	0.15462	0.07074	0.00977	0.00270	0.00446	0.07632	0.00638	0.00652
3	0.06089	0.02244	0.01775	0.01786	0.08905	0.40483	0.01255	0.02171	0.03351	0.01769	0.01384	0.10846	0.01338	0.00922	0.00872	0.00207	0.12817	0.00653	0.00376	0.00760
4	0.01048	0.00703	0.00844	0.00869	0.01027	0.00646	0.00631	0.01260	0.03746	0.07932	0.07321	0.29174	0.25931	0.09602	0.01065	0.00285	0.00426	0.06271	0.00613	0.00604
5	0.00934	0.00629	0.00725	0.00748	0.00753	0.00623	0.00431	0.00951	0.01003	0.01337	0.02306	0.15057	0.02686	0.65716	0.02977	0.00583	0.00600	0.01094	0.00431	0.00419
6	0.34343	0.01264	0.01301	0.01064	0.01485	0.01333	0.00859	0.14603	0.01701	0.25220	0.01684	0.01857	0.01245	0.08367	0.00829	0.00246	0.00577	0.00556	0.00581	0.00884
7	0.07266	0.00697	0.00787	0.00809	0.00979	0.00661	0.00596	0.01086	0.01422	0.01955	0.15063	0.22825	0.32445	0.01961	0.08144	0.00314	0.00500	0.01328	0.00586	0.00576
8	0.13581	0.00970	0.01021	0.00906	0.01169	0.01025	0.00710	0.12524	0.05303	0.02879	0.26546	0.02969	0.03052	0.00956	0.00605	0.00190	0.00416	0.00780	0.23664	0.00733
9	0.01768	0.01689	0.03107	0.02286	0.02837	0.07721	0.48594	0.02167	0.01553	0.10991	0.01446	0.01807	0.01080	0.00773	0.00927	0.08313	0.00993	0.00711	0.00390	0.00846
10	0.04963	0.00781	0.00883	0.00868	0.00991	0.00795	0.00604	0.07040	0.01316	0.01798	0.02950	0.13703	0.13180	0.35434	0.07019	0.00474	0.00636	0.05528	0.00492	0.00545
11	0.14814	0.00815	0.00897	0.00853	0.01054	0.00805	0.00625	0.01463	0.02496	0.09808	0.15843	0.13763	0.13609	0.17300	0.01257	0.00310	0.00464	0.02619	0.00576	0.00629
12	0.15540	0.00789	0.00821	0.00782	0.00932	0.00802	0.00531	0.01381	0.01167	0.07957	0.02350	0.08021	0.07166	0.38894	0.01959	0.00421	0.00537	0.00878	0.08512	0.00559
13	0.01229	0.00841	0.00920	0.00932	0.00997	0.07975	0.00650	0.01148	0.01111	0.01470	0.01731	0.13976	0.01781	0.01881	0.01776	0.47027	0.00571	0.03025	0.10534	0.00426
14	0.10481	0.01201	0.01261	0.01191	0.01474	0.03017	0.00927	0.09476	0.28978	0.02529	0.02616	0.18627	0.02480	0.03147	0.00773	0.00247	0.00541	0.09605	0.00604	0.00826
15	0.01190	0.00730	0.01024	0.01000	0.01139	0.00770	0.00745	0.01374	0.01184	0.11062	0.02206	0.14056	0.02170	0.14916	0.42454	0.00760	0.01221	0.00916	0.00461	0.00622
16	0.00877	0.00622	0.00793	0.00906	0.00999	0.00582	0.00658	0.01050	0.01365	0.01835	0.06669	0.48034	0.12980	0.01849	0.00813	0.00257	0.00403	0.12336	0.06415	0.00558
17	0.14985	0.01369	0.01512	0.01199	0.01664	0.01417	0.00984	0.27787	0.03472	0.27559	0.02297	0.02171	0.07411	0.00847	0.00627	0.00202	0.00588	0.00651	0.02263	0.00995
18	0.08175	0.10839	0.04557	0.01244	0.01471	0.02782	0.03045	0.01529	0.01301	0.01923	0.15056	0.03921	0.05418	0.05452	0.10103	0.00347	0.20988	0.00742	0.00417	0.00689
19	0.01269	0.01011	0.01056	0.00989	0.01131	0.05386	0.00688	0.06136	0.13394	0.01784	0.02113	0.03336	0.03695	0.39289	0.12242	0.03795	0.00802	0.00824	0.00454	0.00605
20	0.01984	0.01091	0.01336	0.01122	0.01466	0.01089	0.00884	0.12087	0.12535	0.27091	0.15598	0.06279	0.02575	0.01110	0.00851	0.07159	0.00514	0.00814	0.03520	0.00895
21	0.00972	0.00652	0.00860	0.00874	0.00938	0.00695	0.00607	0.01083	0.01056	0.01508	0.02039	0.10264	0.02132	0.28898	0.31158	0.06550	0.01030	0.00887	0.07299	0.00498
22	0.01700	0.01637	0.01912	0.02227	0.23544	0.11730	0.03010	0.05688	0.26520	0.02340	0.02031	0.06782	0.01744	0.00888	0.00682	0.00214	0.00716	0.05191	0.00501	0.00943
23	0.04893	0.07994	0.03914	0.02811	0.03172	0.02902	0.05581	0.17345	0.19345	0.02665	0.06713	0.02309	0.05970	0.01136	0.05984	0.00261	0.00720	0.00691	0.00533	0.05063

[dist]
# distance from previous block
# <min> <max>
3	17

[block]
# block no. 2 follows, 33 sequences, length 22
# corresponding to MSA columns:
# 196-205,209-220
name=unknown_C
#
# <colnr> <probs for GDERKNQSTAVLIFYWHMCP>
#	G	D	E	R	K	N	Q	S	T	A	V	L	I	F	Y	W	H	M	C	P
0	0.01206	0.00704	0.00913	0.00873	0.00919	0.00721	0.00579	0.07006	0.01084	0.01448	0.01465	0.02667	0.01522	0.24867	0.02642	0.49342	0.00605	0.00691	0.00353	0.00393
1	0.01388	0.01355	0.06440	0.01092	0.01262	0.16284	0.00850	0.01431	0.01192	0.01484	0.01425	0.02267	0.01365	0.14255	0.10369	0.28843	0.00861	0.00616	0.06702	0.00518
2	0.01490	0.01790	0.12304	0.16937	0.11345	0.08342	0.10995	0.02035	0.06720	0.02017	0.01504	0.02133	0.01259	0.00729	0.00662	0.00201	0.00837	0.06513	0.00374	0.11813
3	0.01626	0.24664	0.02454	0.17674	0.16790	0.08156	0.02558	0.03084	0.05597	0.01791	0.01190	0.01529	0.00998	0.00787	0.00765	0.07897	0.00783	0.00512	0.00329	0.00817
4	0.01145	0.00834	0.01027	0.01109	0.06619	0.00777	0.00768	0.01494	0.07127	0.08264	0.13021	0.11918	0.35505	0.01458	0.00765	0.00227	0.00425	0.06202	0.00625	0.00691
5	0.02112	0.02205	0.01807	0.01668	0.07186	0.34289	0.01213	0.18716	0.01989	0.02330	0.01262	0.01473	0.01022	0.01080	0.07644	0.00253	0.01004	0.00499	0.00424	0.11821
6	0.00988	0.00667	0.00843	0.00902	0.00955	0.00670	0.00598	0.01160	0.07833	0.01581	0.02672	0.37913	0.03022	0.18130	0.01735	0.17547	0.00491	0.01289	0.00502	0.00501
7	0.37706	0.01321	0.01665	0.02140	0.29324	0.01398	0.01238	0.01991	0.01340	0.08127	0.01386	0.07193	0.01196	0.00730	0.00557	0.00205	0.00611	0.00588	0.00424	0.00861
8	0.01418	0.08317	0.51887	0.01835	0.02666	0.01635	0.08645	0.02272	0.11008	0.02140	0.01382	0.01549	0.01011	0.00651	0.00631	0.00207	0.00905	0.00540	0.00337	0.00965
9	0.01635	0.01604	0.01572	0.11544	0.03898	0.22690	0.03160	0.03179	0.03457	0.05510	0.01694	0.02583	0.01540	0.08454	0.17729	0.00439	0.01099	0.07091	0.00407	0.00716
10	0.01619	0.01294	0.01922	0.02527	0.36590	0.01297	0.01399	0.11441	0.01679	0.07547	0.02209	0.12482	0.07332	0.06633	0.00891	0.00242	0.00656	0.00861	0.00476	0.00903
11	0.08316	0.01100	0.01403	0.01561	0.12290	0.04972	0.01045	0.06642	0.01325	0.01945	0.01561	0.02188	0.01403	0.04677	0.45738	0.00731	0.01373	0.00638	0.00376	0.00714
12	0.01542	0.06274	0.07634	0.28710	0.21328	0.13325	0.01687	0.01914	0.01475	0.01823	0.01586	0.01924	0.06604	0.00715	0.00639	0.00200	0.00857	0.00602	0.00332	0.00829
13	0.02174	0.09741	0.02080	0.01747	0.05695	0.45149	0.01315	0.07441	0.03716	0.01850	0.01085	0.01301	0.00913	0.00749	0.00825	0.00190	0.12386	0.00470	0.00358	0.00814
14	0.22314	0.01035	0.01100	0.01005	0.01301	0.01117	0.00788	0.04611	0.12946	0.08820	0.09210	0.08275	0.10069	0.01682	0.12555	0.00352	0.00679	0.00823	0.00557	0.00760
15	0.01060	0.00712	0.00882	0.00899	0.01065	0.00637	0.00651	0.01217	0.01356	0.07409	0.03733	0.35385	0.16881	0.10291	0.01077	0.00284	0.00447	0.07802	0.00583	0.07629
16	0.13668	0.01210	0.01371	0.06653	0.01732	0.01253	0.00944	0.09672	0.15576	0.14517	0.02201	0.02223	0.07551	0.00925	0.00753	0.06180	0.00557	0.00640	0.00554	0.11822
17	0.08514	0.00789	0.00900	0.00882	0.01063	0.00790	0.00644	0.01421	0.06863	0.05856	0.13596	0.18107	0.17431	0.11769	0.08109	0.00361	0.00560	0.01145	0.00572	0.00627
18	0.01493	0.01082	0.01118	0.01038	0.01271	0.06412	0.00799	0.12081	0.03735	0.07717	0.04356	0.10289	0.11407	0.12466	0.01098	0.00281	0.00566	0.10826	0.11259	0.00706
19	0.01681	0.00944	0.01156	0.01036	0.01297	0.00942	0.00809	0.12833	0.01730	0.18208	0.06182	0.14018	0.02456	0.07297	0.06740	0.00314	0.00610	0.06816	0.14153	0.00778
20	0.03353	0.00671	0.00754	0.00739	0.00830	0.00648	0.00479	0.01107	0.01198	0.03545	0.09509	0.05612	0.14712	0.41503	0.02203	0.04709	0.00516	0.00999	0.06422	0.00488
21	0.02418	0.00729	0.00889	0.00887	0.01044	0.00681	0.00625	0.01411	0.03813	0.12922	0.05451	0.33626	0.14627	0.15038	0.01230	0.00310	0.00451	0.01339	0.01878	0.00630

[dist]
# distance from previous block
# <min> <max>
0	18

[block]
# block no. 3 follows, 33 sequences, length 39
# corresponding to MSA columns:
# 239-277
name=unknown_D
#
# <colnr> <probs for GDERKNQSTAVLIFYWHMCP>
#	G	D	E	R	K	N	Q	S	T	A	V	L	I	F	Y	W	H	M	C	P
0	0.01398	0.00782	0.00935	0.00840	0.01102	0.00681	0.00638	0.01591	0.01594	0.20979	0.13880	0.08074	0.35398	0.07946	0.00973	0.00253	0.00420	0.01152	0.00663	0.00701
1	0.76292	0.01263	0.01005	0.00886	0.01300	0.01443	0.00730	0.02020	0.01171	0.07624	0.01028	0.01147	0.00774	0.00625	0.00424	0.00204	0.00513	0.00377	0.00434	0.00740
2	0.01146	0.00843	0.01079	0.00959	0.01214	0.00803	0.00734	0.01414	0.04341	0.03458	0.08095	0.02701	0.06569	0.04924	0.26938	0.08317	0.00923	0.00704	0.03352	0.21485
3	0.41182	0.01057	0.01012	0.00931	0.01243	0.01127	0.00724	0.04203	0.01315	0.07862	0.03514	0.17660	0.01923	0.05783	0.00743	0.00241	0.00499	0.03060	0.00503	0.05417
4	0.01148	0.00827	0.00941	0.00908	0.01131	0.00791	0.00701	0.05952	0.06243	0.06232	0.08531	0.09325	0.34125	0.08870	0.01030	0.00274	0.00457	0.11245	0.00615	0.00654
5	0.00998	0.00733	0.00902	0.00945	0.01051	0.00738	0.00659	0.05241	0.06049	0.01919	0.09205	0.43629	0.06340	0.12246	0.05841	0.00355	0.00527	0.01444	0.00582	0.00596
6	0.01319	0.00910	0.01036	0.00974	0.01161	0.00951	0.00715	0.09797	0.11243	0.04841	0.04343	0.12401	0.06599	0.22787	0.04207	0.00371	0.00575	0.05443	0.09648	0.00678
7	0.04751	0.00911	0.01086	0.00972	0.01224	0.00891	0.00746	0.05750	0.06751	0.16836	0.18997	0.04097	0.10635	0.16009	0.01240	0.00302	0.00502	0.06931	0.00636	0.00735
8	0.04773	0.01259	0.01378	0.01175	0.01529	0.01350	0.00929	0.23092	0.19532	0.07197	0.15042	0.07346	0.10427	0.01081	0.00697	0.00213	0.00519	0.00895	0.00665	0.00899
9	0.01083	0.00590	0.00869	0.00882	0.00900	0.00601	0.00600	0.00905	0.00920	0.01241	0.01466	0.08616	0.01526	0.05105	0.11175	0.61429	0.00703	0.00714	0.00326	0.00348
10	0.01002	0.00723	0.00933	0.01011	0.01135	0.00712	0.00791	0.03492	0.01439	0.01892	0.07806	0.21009	0.09896	0.12517	0.03961	0.00354	0.00567	0.29608	0.00578	0.00575
11	0.00919	0.00654	0.00833	0.00853	0.00913	0.00681	0.00575	0.01024	0.01070	0.01449	0.02511	0.13023	0.07627	0.37786	0.26485	0.00700	0.00958	0.01021	0.00426	0.00491
12	0.01741	0.01578	0.01484	0.01325	0.01685	0.10471	0.01028	0.07833	0.51293	0.02656	0.02511	0.02381	0.04353	0.00880	0.00650	0.00210	0.00597	0.00710	0.05644	0.00969
13	0.01191	0.00845	0.01132	0.05506	0.04026	0.00888	0.00857	0.05638	0.01444	0.06503	0.05521	0.43336	0.05534	0.01560	0.00885	0.00244	0.06989	0.01352	0.05885	0.00665
14	0.01327	0.01256	0.02127	0.59740	0.19417	0.01485	0.01870	0.01756	0.01356	0.01784	0.01185	0.01728	0.00914	0.00643	0.00657	0.00214	0.00857	0.00585	0.00300	0.00799
15	0.02165	0.01623	0.01747	0.01402	0.01842	0.01798	0.01127	0.51321	0.13771	0.03600	0.01916	0.06661	0.01543	0.05368	0.00831	0.00232	0.00665	0.00720	0.00642	0.01027
16	0.00900	0.00665	0.00840	0.00810	0.00967	0.00606	0.00602	0.01176	0.01769	0.02446	0.57929	0.09885	0.16078	0.01442	0.00781	0.00213	0.00319	0.01266	0.00700	0.00606
17	0.01502	0.01497	0.02241	0.40665	0.31346	0.07823	0.01856	0.01898	0.01436	0.01862	0.01184	0.01656	0.00940	0.00632	0.00650	0.00206	0.00867	0.00572	0.00310	0.00857
18	0.00963	0.00684	0.00949	0.00949	0.01041	0.00766	0.00699	0.01147	0.01055	0.01528	0.01862	0.02986	0.01826	0.21711	0.52745	0.00901	0.01404	0.00759	0.05483	0.00545
19	0.00809	0.00604	0.00753	0.00851	0.00942	0.00548	0.00586	0.00954	0.01374	0.01795	0.10938	0.53395	0.20248	0.01902	0.00820	0.00251	0.00364	0.01695	0.00622	0.00548
20	0.00903	0.00734	0.00808	0.00778	0.00992	0.00671	0.00587	0.01264	0.07706	0.02145	0.27863	0.05534	0.44651	0.01495	0.00768	0.00217	0.00342	0.01268	0.00654	0.00619
21	0.00802	0.00573	0.00764	0.00917	0.00955	0.00535	0.00611	0.00917	0.01260	0.01681	0.03628	0.76434	0.04354	0.02062	0.00840	0.00267	0.00382	0.01872	0.00611	0.00535
22	0.01627	0.01770	0.01983	0.33499	0.05626	0.20541	0.01585	0.01914	0.01382	0.01654	0.01050	0.01517	0.00872	0.00795	0.01050	0.00224	0.21316	0.00541	0.00305	0.00748
23	0.01627	0.01571	0.02709	0.04002	0.70650	0.01567	0.04098	0.02023	0.01501	0.02149	0.01241	0.01634	0.01041	0.00586	0.00656	0.00196	0.00792	0.00592	0.00326	0.01038
24	0.81514	0.01273	0.00968	0.00866	0.01273	0.01477	0.00713	0.01935	0.01120	0.02954	0.00917	0.01069	0.00713	0.00611	0.00407	0.00204	0.00509	0.00356	0.00407	0.00713
25	0.81514	0.01273	0.00968	0.00866	0.01273	0.01477	0.00713	0.01935	0.01120	0.02954	0.00917	0.01069	0.00713	0.00611	0.00407	0.00204	0.00509	0.00356	0.00407	0.00713
26	0.03393	0.11882	0.08590	0.06707	0.37921	0.01726	0.08396	0.06621	0.03238	0.03528	0.01271	0.01569	0.01018	0.00613	0.00627	0.00194	0.00804	0.00566	0.00356	0.00979
27	0.01721	0.11390	0.10166	0.01878	0.11242	0.06688	0.04981	0.13190	0.11042	0.02304	0.01426	0.01669	0.01150	0.01118	0.07216	0.00281	0.10633	0.00576	0.00413	0.00914
28	0.01072	0.00687	0.00884	0.00860	0.01025	0.00625	0.00635	0.01318	0.01679	0.08569	0.42375	0.21709	0.11369	0.01486	0.00775	0.00221	0.00352	0.01311	0.02410	0.00639
29	0.02092	0.01569	0.01692	0.01399	0.01845	0.01754	0.01123	0.31116	0.38149	0.08585	0.02220	0.02079	0.01614	0.00845	0.00665	0.00211	0.00608	0.00676	0.00676	0.01080
30	0.00859	0.00638	0.00716	0.00743	0.00842	0.00587	0.00489	0.00960	0.01267	0.01615	0.07837	0.18915	0.29236	0.30343	0.01769	0.00388	0.00458	0.01307	0.00536	0.00496
31	0.00977	0.00956	0.07177	0.00917	0.01171	0.00750	0.00779	0.01393	0.06124	0.02413	0.47668	0.04762	0.19768	0.01324	0.00757	0.00211	0.00386	0.01144	0.00658	0.00664
32	0.01622	0.01383	0.01455	0.01312	0.01676	0.01598	0.01020	0.03423	0.68877	0.02742	0.02659	0.02456	0.01997	0.00888	0.00662	0.00221	0.00513	0.00739	0.03731	0.01026
33	0.01145	0.01031	0.01192	0.01161	0.01301	0.09876	0.00901	0.01369	0.01155	0.01540	0.01639	0.02372	0.01519	0.04276	0.62565	0.00921	0.04407	0.00666	0.00349	0.00614
34	0.24879	0.01372	0.01616	0.01551	0.07759	0.01656	0.01156	0.02268	0.16565	0.07834	0.01443	0.01633	0.01145	0.00863	0.01078	0.00235	0.25093	0.00557	0.00450	0.00847
35	0.01239	0.01028	0.01230	0.00970	0.01423	0.00806	0.00763	0.01512	0.01405	0.02120	0.07806	0.11269	0.02022	0.00839	0.00582	0.00141	0.00467	0.04911	0.00460	0.59007
36	0.01052	0.00776	0.00889	0.00867	0.00976	0.00773	0.00564	0.01355	0.10654	0.01638	0.02408	0.19096	0.02634	0.44041	0.02205	0.00456	0.00555	0.01073	0.00480	0.07507
37	0.47834	0.01408	0.01467	0.06319	0.17713	0.05948	0.01114	0.01927	0.01272	0.02514	0.01139	0.01575	0.00970	0.03488	0.00616	0.00220	0.00644	0.02673	0.00384	0.00777
38	0.12793	0.01533	0.04385	0.12732	0.20935	0.08679	0.01394	0.06263	0.04414	0.02212	0.02959	0.10773	0.03813	0.00883	0.00695	0.00212	0.03345	0.00733	0.00417	0.00829

[dist]
# distance from previous block
# <min> <max>
0	1

[block]
# block no. 4 follows, 33 sequences, length 10
# corresponding to MSA columns:
# 280-289
name=unknown_E
#
# <colnr> <probs for GDERKNQSTAVLIFYWHMCP>
#	G	D	E	R	K	N	Q	S	T	A	V	L	I	F	Y	W	H	M	C	P
0	0.02068	0.02568	0.08266	0.06809	0.07785	0.44397	0.01411	0.07607	0.01771	0.01880	0.01188	0.01515	0.00993	0.04102	0.04639	0.00248	0.01086	0.00504	0.00358	0.00805
1	0.01590	0.05524	0.02006	0.39619	0.09122	0.09302	0.01559	0.09782	0.07089	0.02120	0.04958	0.01844	0.01275	0.00718	0.00645	0.00205	0.00819	0.00600	0.00393	0.00829
2	0.01488	0.01261	0.01317	0.01386	0.07159	0.10666	0.01019	0.04456	0.09992	0.07607	0.03565	0.04638	0.20451	0.01303	0.00756	0.00235	0.00617	0.20748	0.00575	0.00760
3	0.01070	0.00821	0.01081	0.04099	0.06807	0.00828	0.00882	0.01400	0.06343	0.01872	0.04814	0.13046	0.12351	0.15791	0.01281	0.00327	0.00552	0.22561	0.03451	0.00623
4	0.01641	0.10634	0.03679	0.01635	0.10419	0.07413	0.01184	0.02830	0.41789	0.02352	0.02432	0.02361	0.07115	0.00852	0.00639	0.00205	0.00625	0.00696	0.00540	0.00957
5	0.00948	0.00706	0.00888	0.00867	0.01022	0.00672	0.00640	0.01322	0.06476	0.02433	0.51990	0.16734	0.09897	0.01455	0.00780	0.00219	0.00338	0.01286	0.00695	0.00631
6	0.05215	0.06034	0.01564	0.01153	0.04531	0.03073	0.00885	0.03483	0.04150	0.02204	0.01210	0.01386	0.00998	0.00530	0.00501	0.00119	0.00540	0.00414	0.00397	0.61612
7	0.00831	0.00606	0.00783	0.00871	0.00956	0.00558	0.00603	0.00998	0.01430	0.01923	0.20602	0.52398	0.11306	0.01851	0.00819	0.00248	0.00360	0.01660	0.00639	0.00558
8	0.08163	0.08347	0.17244	0.06353	0.15805	0.16481	0.03540	0.10767	0.03341	0.02279	0.01205	0.01423	0.00938	0.00650	0.00602	0.00192	0.00878	0.00505	0.00369	0.00916
9	0.01766	0.18791	0.02278	0.01806	0.12248	0.22365	0.06252	0.02030	0.01544	0.01874	0.06828	0.01736	0.01414	0.00822	0.02373	0.00201	0.06097	0.00554	0.08224	0.00799

[dist]
# distance from previous block
# <min> <max>
5	10

[block]
# block no. 5 follows, 33 sequences, length 35
# corresponding to MSA columns:
# 300-320,322-335
name=unknown_F
#
# <colnr> <probs for GDERKNQSTAVLIFYWHMCP>
#	G	D	E	R	K	N	Q	S	T	A	V	L	I	F	Y	W	H	M	C	P
0	0.02351	0.01045	0.01362	0.01114	0.01527	0.00945	0.00905	0.05665	0.04210	0.49304	0.07161	0.07010	0.08719	0.01048	0.00702	0.00215	0.00523	0.04461	0.00757	0.00977
1	0.20074	0.01400	0.01979	0.18169	0.31600	0.01532	0.01544	0.04404	0.07486	0.03858	0.01314	0.01609	0.01030	0.00646	0.00599	0.00205	0.00710	0.00548	0.00389	0.00904
2	0.05155	0.01172	0.01342	0.05081	0.01591	0.02499	0.00926	0.19875	0.08465	0.07163	0.35049	0.03251	0.03594	0.01046	0.00703	0.00206	0.00508	0.00878	0.00664	0.00833
3	0.01269	0.01194	0.02049	0.01651	0.01942	0.01285	0.22400	0.01749	0.09019	0.01882	0.05442	0.02498	0.01719	0.10415	0.23005	0.00523	0.10062	0.00770	0.00399	0.00728
4	0.00971	0.00655	0.00824	0.00895	0.01027	0.00594	0.00650	0.01135	0.01415	0.06592	0.07636	0.44135	0.21166	0.01823	0.00816	0.00252	0.00399	0.07795	0.00630	0.00590
5	0.01658	0.01251	0.01456	0.01105	0.01637	0.01087	0.00897	0.12303	0.04801	0.08236	0.01571	0.01925	0.01285	0.00668	0.00564	0.00141	0.00539	0.05030	0.00492	0.53352
6	0.00820	0.00640	0.00747	0.00802	0.00949	0.00567	0.00583	0.00993	0.01461	0.01858	0.13341	0.30598	0.37142	0.01774	0.00807	0.00240	0.00362	0.05130	0.00625	0.00559
7	0.01588	0.01543	0.02693	0.10517	0.61597	0.01562	0.06808	0.01995	0.01486	0.02105	0.01239	0.01651	0.01024	0.00591	0.00661	0.00200	0.00814	0.00600	0.00323	0.01003
8	0.00866	0.00664	0.00793	0.00774	0.00947	0.00591	0.00575	0.01110	0.01688	0.02255	0.43327	0.10257	0.30741	0.01514	0.00781	0.00217	0.00324	0.01310	0.00675	0.00591
9	0.01539	0.01678	0.09121	0.14317	0.48105	0.01555	0.05644	0.02068	0.05606	0.02108	0.01313	0.01683	0.01053	0.00617	0.00658	0.00203	0.00816	0.00597	0.00337	0.00981
10	0.36276	0.14615	0.06571	0.01239	0.01705	0.19388	0.01083	0.08479	0.01539	0.02445	0.01020	0.01165	0.00814	0.00637	0.00493	0.00185	0.00758	0.00403	0.00384	0.00802
11	0.01386	0.03587	0.01996	0.25945	0.15517	0.01592	0.01546	0.01882	0.09355	0.01847	0.01345	0.01813	0.01122	0.01272	0.09379	0.00325	0.18328	0.00608	0.00348	0.00808
12	0.01519	0.01191	0.01620	0.19680	0.09724	0.02662	0.01252	0.14372	0.04992	0.04121	0.01686	0.05128	0.01493	0.05553	0.09321	0.09509	0.00838	0.04136	0.00437	0.00764
13	0.00882	0.00619	0.00800	0.00897	0.00941	0.00606	0.00608	0.00990	0.01184	0.01581	0.03036	0.43638	0.03544	0.24047	0.06519	0.00432	0.00572	0.08067	0.00531	0.00506
14	0.01118	0.00949	0.01428	0.01345	0.04081	0.01114	0.05574	0.01303	0.01073	0.01541	0.01601	0.02679	0.01599	0.21469	0.33744	0.00702	0.16983	0.00741	0.00348	0.00607
15	0.00944	0.00690	0.00978	0.00978	0.01068	0.00780	0.00723	0.01124	0.01034	0.01469	0.01836	0.02991	0.01821	0.21830	0.57602	0.00959	0.01499	0.00765	0.00364	0.00543
16	0.00888	0.00661	0.00841	0.00923	0.01053	0.00614	0.00707	0.01099	0.01490	0.01950	0.16542	0.29545	0.19978	0.01781	0.00833	0.00256	0.00418	0.19217	0.00630	0.00574
17	0.00833	0.00609	0.00785	0.00879	0.00965	0.00561	0.00613	0.01000	0.01419	0.01898	0.18229	0.51862	0.12338	0.01863	0.00822	0.00251	0.00368	0.03513	0.00635	0.00557
18	0.01760	0.77260	0.03450	0.01126	0.01690	0.02605	0.01126	0.01971	0.01338	0.01549	0.00915	0.01056	0.00845	0.00563	0.00422	0.00141	0.00704	0.00352	0.00282	0.00845
19	0.05654	0.01146	0.01727	0.02331	0.30243	0.01160	0.01420	0.03993	0.01541	0.02164	0.02471	0.04509	0.04505	0.01216	0.00766	0.00248	0.00668	0.32952	0.00484	0.00804
20	0.01581	0.06072	0.06131	0.30677	0.20704	0.04431	0.05422	0.08369	0.06293	0.02133	0.01315	0.01673	0.01018	0.00656	0.00646	0.00205	0.00835	0.00582	0.00363	0.00895
21	0.81514	0.01273	0.00968	0.00866	0.01273	0.01477	0.00713	0.01935	0.01120	0.02954	0.00917	0.01069	0.00713	0.00611	0.00407	0.00204	0.00509	0.00356	0.00407	0.00713
22	0.01491	0.04153	0.45338	0.01895	0.08960	0.06947	0.01962	0.02250	0.09936	0.03947	0.01711	0.01834	0.05252	0.00723	0.00637	0.00206	0.00863	0.00578	0.00368	0.00949
23	0.00956	0.00644	0.00750	0.00750	0.00760	0.00655	0.00438	0.00978	0.00967	0.01300	0.02045	0.04149	0.02324	0.70199	0.09921	0.00677	0.00742	0.00934	0.00395	0.00416
24	0.01289	0.01168	0.01673	0.11679	0.18241	0.04362	0.04571	0.01761	0.08078	0.02229	0.26303	0.08600	0.03184	0.03028	0.00787	0.00223	0.00607	0.00920	0.00516	0.00779
25	0.02415	0.03066	0.01870	0.04389	0.02127	0.71558	0.01292	0.02594	0.01845	0.01614	0.01023	0.01208	0.00849	0.00678	0.00596	0.00171	0.01176	0.00430	0.00337	0.00762
26	0.05957	0.01467	0.05501	0.01620	0.13609	0.03135	0.01143	0.05708	0.07030	0.06425	0.01387	0.01538	0.01088	0.00590	0.00555	0.00149	0.00602	0.00482	0.00434	0.41582
27	0.01597	0.11462	0.11102	0.07275	0.23588	0.01645	0.07121	0.04414	0.07702	0.05264	0.03068	0.05530	0.01365	0.00760	0.00733	0.00206	0.05188	0.00655	0.00397	0.00927
28	0.00801	0.00578	0.00759	0.00904	0.00952	0.00536	0.00605	0.00918	0.01273	0.01686	0.03784	0.72853	0.07835	0.02042	0.00837	0.00265	0.00379	0.01847	0.00611	0.00536
29	0.00954	0.00652	0.00790	0.00790	0.00815	0.00677	0.00489	0.01004	0.00979	0.01330	0.02008	0.03944	0.02235	0.61638	0.18360	0.00727	0.00876	0.00904	0.00389	0.00439
30	0.01760	0.77260	0.03450	0.01126	0.01690	0.02605	0.01126	0.01971	0.01338	0.01549	0.00915	0.01056	0.00845	0.00563	0.00422	0.00141	0.00704	0.00352	0.00282	0.00845
31	0.01326	0.01037	0.01375	0.01209	0.01414	0.04755	0.06735	0.05236	0.01390	0.04597	0.05951	0.04078	0.01814	0.04715	0.28438	0.00536	0.07651	0.00722	0.16338	0.00682
32	0.01686	0.01309	0.01429	0.01271	0.01633	0.01469	0.00991	0.03235	0.57815	0.09271	0.09970	0.02694	0.02414	0.00933	0.00680	0.00220	0.00503	0.00783	0.00689	0.01005
33	0.01804	0.00870	0.01150	0.01001	0.01312	0.00773	0.00799	0.02063	0.01768	0.33285	0.24573	0.07967	0.11188	0.01231	0.00742	0.00219	0.00453	0.07239	0.00735	0.00826
34	0.65290	0.01166	0.00964	0.00876	0.01242	0.01315	0.00706	0.01896	0.01192	0.06963	0.01330	0.08193	0.01154	0.00766	0.00465	0.00207	0.00490	0.00528	0.04544	0.00715

[dist]
# distance from previous block
# <min> <max>
0	17

# created by:
# /home/cegg/simao/soft/augustus-3.2.1/scripts/msa2prfl.pl ./align_prep/EOG090W0JRX.fa
