[name]
unknown

[dist]
# distance from previous block
# <min> <max>
29	807

[block]
# block no. 0 follows, 27 sequences, length 8
# corresponding to MSA columns:
# 1133-1140
name=unknown_A
#
# <colnr> <probs for GDERKNQSTAVLIFYWHMCP>
#	G	D	E	R	K	N	Q	S	T	A	V	L	I	F	Y	W	H	M	C	P
0	0.01093	0.00806	0.00982	0.01058	0.01188	0.00777	0.00742	0.07635	0.01670	0.02191	0.04383	0.56128	0.14319	0.02114	0.00916	0.00286	0.00461	0.01883	0.00695	0.00673
1	0.01671	0.05122	0.16589	0.10454	0.07649	0.11607	0.01617	0.06071	0.01790	0.02278	0.02626	0.02954	0.14317	0.00990	0.00730	0.00220	0.00862	0.03305	0.00457	0.08690
2	0.02066	0.18472	0.19916	0.02012	0.08285	0.13186	0.04276	0.05283	0.08630	0.06870	0.01541	0.01688	0.01185	0.00762	0.00713	0.00214	0.02837	0.00577	0.00437	0.01049
3	0.02194	0.01219	0.01364	0.01139	0.01521	0.01254	0.00910	0.17365	0.07888	0.18321	0.02440	0.02486	0.01772	0.00895	0.00642	0.00204	0.00540	0.00712	0.36139	0.00994
4	0.28199	0.06650	0.06176	0.09011	0.08899	0.04394	0.06195	0.05388	0.01600	0.02689	0.01628	0.01868	0.05220	0.00758	0.00621	0.00215	0.00772	0.00591	0.00436	0.08687
5	0.06864	0.00918	0.01051	0.04188	0.01358	0.03431	0.00824	0.01314	0.01435	0.01975	0.03607	0.37251	0.10203	0.11787	0.01336	0.00347	0.03224	0.07654	0.00598	0.00634
6	0.01971	0.48538	0.19228	0.01553	0.02264	0.11509	0.01638	0.02350	0.01600	0.01898	0.01118	0.01299	0.00950	0.00669	0.00555	0.00181	0.00936	0.00443	0.00325	0.00975
7	0.01725	0.01314	0.01558	0.01122	0.01773	0.01000	0.00902	0.02050	0.01600	0.09389	0.01486	0.01642	0.01176	0.00588	0.00570	0.00122	0.00558	0.00472	0.00489	0.70464

[dist]
# distance from previous block
# <min> <max>
0	13

[block]
# block no. 1 follows, 27 sequences, length 9
# corresponding to MSA columns:
# 1154-1162
name=unknown_B
#
# <colnr> <probs for GDERKNQSTAVLIFYWHMCP>
#	G	D	E	R	K	N	Q	S	T	A	V	L	I	F	Y	W	H	M	C	P
0	0.07459	0.01047	0.01341	0.01183	0.01470	0.01043	0.05062	0.05314	0.08135	0.05162	0.35005	0.11596	0.10440	0.01408	0.00828	0.00244	0.00494	0.01234	0.00730	0.00806
1	0.01825	0.01370	0.01958	0.07294	0.23715	0.01388	0.01436	0.08856	0.04176	0.08355	0.01982	0.06558	0.01653	0.01204	0.05771	0.00282	0.00789	0.00760	0.12584	0.08046
2	0.01057	0.00823	0.00947	0.00929	0.01130	0.00775	0.00690	0.01447	0.07298	0.02377	0.27127	0.08707	0.29247	0.09190	0.01179	0.00301	0.00440	0.04942	0.00713	0.00682
3	0.03181	0.01647	0.01853	0.01452	0.02010	0.08561	0.01184	0.14950	0.02369	0.50987	0.02537	0.02269	0.01642	0.00898	0.00738	0.00224	0.00739	0.00705	0.00831	0.01221
4	0.05095	0.09284	0.02701	0.14566	0.21220	0.21672	0.07642	0.02465	0.01763	0.04901	0.01335	0.01674	0.01068	0.00711	0.00695	0.00214	0.01034	0.00596	0.00388	0.00977
5	0.01622	0.01110	0.01176	0.01069	0.01359	0.01203	0.00827	0.08306	0.22683	0.03072	0.10106	0.02994	0.02539	0.00986	0.00654	0.00209	0.00465	0.00810	0.37912	0.00897
6	0.01080	0.00720	0.00810	0.00810	0.00810	0.00720	0.00450	0.01080	0.01080	0.01439	0.02339	0.04858	0.02699	0.73910	0.03779	0.00720	0.00720	0.01080	0.00450	0.00450
7	0.00929	0.00746	0.00828	0.00824	0.01038	0.00646	0.00612	0.01159	0.01789	0.02274	0.24739	0.11474	0.46714	0.01809	0.00882	0.00249	0.00373	0.01542	0.00726	0.00646
8	0.01876	0.12891	0.09888	0.09226	0.19271	0.10501	0.21289	0.02357	0.01702	0.02181	0.01330	0.01717	0.01061	0.00671	0.00729	0.00221	0.01067	0.00653	0.00356	0.01012

[dist]
# distance from previous block
# <min> <max>
0	1

[block]
# block no. 2 follows, 27 sequences, length 66
# corresponding to MSA columns:
# 1164-1168,1170-1217,1223-1235
name=unknown_C
#
# <colnr> <probs for GDERKNQSTAVLIFYWHMCP>
#	G	D	E	R	K	N	Q	S	T	A	V	L	I	F	Y	W	H	M	C	P
0	0.02137	0.09273	0.02330	0.10764	0.09118	0.31715	0.01563	0.02521	0.06240	0.01969	0.01494	0.01785	0.03314	0.00873	0.00945	0.00224	0.11840	0.00597	0.00395	0.00902
1	0.02346	0.06902	0.15864	0.01677	0.02321	0.04436	0.01579	0.29294	0.11903	0.10600	0.02001	0.04402	0.01499	0.00902	0.00725	0.00228	0.00825	0.00703	0.00635	0.01159
2	0.57625	0.01605	0.04092	0.14733	0.02252	0.04849	0.01151	0.02170	0.01357	0.02947	0.01106	0.01375	0.00852	0.00703	0.00533	0.00232	0.00710	0.00461	0.00425	0.00822
3	0.01080	0.00720	0.00810	0.00810	0.00810	0.00720	0.00450	0.01080	0.01080	0.01439	0.02339	0.04858	0.02699	0.73910	0.03779	0.00720	0.00720	0.01080	0.00450	0.00450
4	0.02278	0.18899	0.05117	0.05172	0.18655	0.06520	0.01594	0.16711	0.02106	0.10640	0.01596	0.01756	0.01219	0.00756	0.00664	0.00205	0.00838	0.00596	0.03582	0.01096
5	0.01034	0.00751	0.00903	0.00865	0.01060	0.00680	0.00649	0.01341	0.01947	0.02704	0.47066	0.05728	0.22857	0.01557	0.00846	0.00233	0.00357	0.01346	0.07397	0.00680
6	0.01061	0.00795	0.01193	0.01193	0.01326	0.00928	0.00928	0.01326	0.01193	0.01723	0.01988	0.02916	0.01856	0.05568	0.70968	0.01193	0.01988	0.00795	0.00398	0.00663
7	0.01893	0.01691	0.01700	0.01531	0.01949	0.05284	0.01188	0.03896	0.64662	0.03041	0.02928	0.02699	0.02201	0.00995	0.00751	0.00249	0.00625	0.00821	0.00737	0.01159
8	0.01766	0.10802	0.32533	0.01820	0.02588	0.01946	0.04029	0.07258	0.24376	0.02700	0.01912	0.01965	0.01423	0.00811	0.00705	0.00232	0.00875	0.00650	0.00496	0.01116
9	0.01061	0.00795	0.01193	0.01193	0.01326	0.00928	0.00928	0.01326	0.01193	0.01723	0.01988	0.02916	0.01856	0.05568	0.70968	0.01193	0.01988	0.00795	0.00398	0.00663
10	0.01384	0.00692	0.00692	0.00692	0.00865	0.00692	0.00519	0.01730	0.01557	0.02768	0.02422	0.02768	0.01903	0.00865	0.00519	0.00173	0.00346	0.00692	0.78031	0.00692
11	0.01846	0.01595	0.01679	0.01511	0.01930	0.01846	0.01175	0.03945	0.67938	0.03105	0.03022	0.02770	0.02266	0.01007	0.00755	0.00252	0.00588	0.00839	0.00755	0.01175
12	0.10907	0.08169	0.02240	0.05112	0.06760	0.29036	0.01440	0.19512	0.02231	0.02775	0.01310	0.01505	0.01037	0.00796	0.00737	0.00212	0.04219	0.00542	0.00475	0.00985
13	0.01061	0.00795	0.01193	0.01193	0.01326	0.00928	0.00928	0.01326	0.01193	0.01723	0.01988	0.02916	0.01856	0.05568	0.70968	0.01193	0.01988	0.00795	0.00398	0.00663
14	0.01539	0.01319	0.01539	0.01100	0.01759	0.00990	0.00880	0.01869	0.01539	0.02419	0.01319	0.01539	0.01100	0.00550	0.00550	0.00110	0.00550	0.00440	0.00440	0.78449
15	0.01560	0.07108	0.20889	0.38197	0.09206	0.01795	0.02159	0.04215	0.03851	0.02182	0.01382	0.01822	0.01040	0.00732	0.00714	0.00235	0.00978	0.00618	0.00355	0.00961
16	0.02454	0.01459	0.01697	0.01433	0.01916	0.01537	0.01141	0.03811	0.40990	0.30412	0.02984	0.02670	0.02091	0.00971	0.00752	0.00243	0.00606	0.00801	0.00822	0.01211
17	0.01002	0.00772	0.00925	0.00928	0.01134	0.00694	0.00724	0.01282	0.01866	0.02446	0.32555	0.06677	0.32595	0.01757	0.00901	0.00258	0.00415	0.11662	0.00742	0.00667
18	0.05800	0.05434	0.10275	0.01728	0.02381	0.02129	0.03852	0.46545	0.02917	0.09064	0.01741	0.01771	0.01230	0.00842	0.00720	0.00223	0.00840	0.00644	0.00661	0.01201
19	0.01013	0.00758	0.01015	0.05788	0.01363	0.00726	0.00780	0.01286	0.01799	0.02467	0.37934	0.28608	0.10149	0.01766	0.00891	0.00259	0.00423	0.01574	0.00732	0.00671
20	0.00904	0.00646	0.00861	0.01034	0.01077	0.00603	0.00689	0.01034	0.01421	0.01895	0.04092	0.73426	0.04910	0.02326	0.00948	0.00301	0.00431	0.02110	0.00689	0.00603
21	0.05460	0.01589	0.01683	0.01484	0.01924	0.01810	0.01164	0.06972	0.57276	0.07721	0.02864	0.02634	0.02122	0.00981	0.00741	0.00248	0.00601	0.00805	0.00753	0.01169
22	0.01926	0.17626	0.25800	0.02318	0.15340	0.02003	0.04670	0.07602	0.06529	0.07056	0.01554	0.01727	0.01177	0.00730	0.00680	0.00217	0.00909	0.00596	0.00434	0.01108
23	0.00904	0.00646	0.00861	0.01034	0.01077	0.00603	0.00689	0.01034	0.01421	0.01895	0.04092	0.73426	0.04910	0.02326	0.00948	0.00301	0.00431	0.02110	0.00689	0.00603
24	0.01303	0.00881	0.01163	0.01264	0.01442	0.00878	0.01014	0.01735	0.07902	0.06781	0.03832	0.29675	0.04135	0.01969	0.00954	0.00312	0.00585	0.32726	0.00708	0.00742
25	0.22031	0.01707	0.02667	0.18495	0.03274	0.01838	0.23674	0.12735	0.01846	0.02889	0.01383	0.01753	0.01033	0.00713	0.00714	0.00240	0.00943	0.00668	0.00447	0.00951
26	0.02387	0.08652	0.02960	0.04765	0.10034	0.07113	0.21705	0.02788	0.01850	0.25281	0.01884	0.02023	0.01336	0.00766	0.00804	0.00229	0.03073	0.00718	0.00552	0.01083
27	0.01732	0.10707	0.34834	0.01857	0.04711	0.01877	0.01969	0.06877	0.17933	0.02627	0.01743	0.01841	0.01306	0.00772	0.00685	0.00221	0.00877	0.00607	0.00460	0.06365
28	0.01644	0.02221	0.20884	0.06691	0.11071	0.04121	0.06338	0.02101	0.01523	0.04361	0.05619	0.04231	0.01533	0.00992	0.01276	0.00263	0.23056	0.00727	0.00395	0.00952
29	0.01924	0.01553	0.01663	0.01467	0.01891	0.01745	0.01160	0.12783	0.48054	0.05169	0.03238	0.03242	0.07467	0.01108	0.00776	0.00251	0.00610	0.04026	0.00750	0.01123
30	0.02766	0.01880	0.01721	0.01445	0.01890	0.22604	0.01137	0.03031	0.02084	0.37233	0.11558	0.02594	0.02287	0.01107	0.03044	0.00250	0.00855	0.00748	0.00722	0.01041
31	0.02464	0.01616	0.02174	0.19010	0.12318	0.03654	0.01595	0.17751	0.02197	0.24461	0.01941	0.02059	0.01351	0.00841	0.00795	0.00233	0.03114	0.00684	0.00623	0.01119
32	0.01630	0.01046	0.05825	0.01199	0.01469	0.00840	0.00959	0.01864	0.01609	0.20776	0.03416	0.43323	0.03548	0.02079	0.06364	0.00347	0.00654	0.01522	0.00705	0.00825
33	0.01032	0.00693	0.00822	0.00881	0.00903	0.00679	0.00534	0.01091	0.01216	0.01650	0.02941	0.28200	0.03421	0.46415	0.02676	0.00554	0.00605	0.01416	0.03756	0.00512
34	0.01665	0.01307	0.02006	0.42594	0.08945	0.01489	0.01698	0.02257	0.08137	0.10595	0.04864	0.02663	0.06843	0.00905	0.00759	0.00243	0.00823	0.00787	0.00496	0.00921
35	0.01889	0.03217	0.46887	0.01988	0.02886	0.01920	0.02298	0.21385	0.02116	0.03013	0.01449	0.01634	0.01037	0.00788	0.00796	0.00236	0.04299	0.00589	0.00441	0.01133
36	0.01567	0.01412	0.02017	0.36026	0.09780	0.01653	0.01673	0.02594	0.24259	0.02444	0.07205	0.02515	0.01915	0.00886	0.00756	0.00245	0.00792	0.00775	0.00517	0.00968
37	0.01752	0.02003	0.04380	0.03129	0.03880	0.01877	0.66583	0.02378	0.01752	0.02378	0.01502	0.02003	0.01126	0.00626	0.00876	0.00250	0.01252	0.00876	0.00375	0.01001
38	0.04523	0.01467	0.04387	0.04584	0.22884	0.01391	0.01580	0.04712	0.06178	0.19457	0.02496	0.03619	0.02137	0.01096	0.00800	0.00256	0.00751	0.16006	0.00620	0.01057
39	0.02210	0.01523	0.11571	0.01568	0.04939	0.01141	0.01367	0.04730	0.01890	0.31580	0.02951	0.12771	0.02572	0.01298	0.00825	0.00263	0.00702	0.14352	0.00720	0.01027
40	0.00978	0.00734	0.01030	0.01310	0.06423	0.00694	0.00814	0.01131	0.01442	0.01937	0.03880	0.67814	0.04617	0.02195	0.00931	0.00295	0.00466	0.01997	0.00664	0.00648
41	0.22466	0.03880	0.02802	0.04219	0.07447	0.05092	0.24751	0.05444	0.01613	0.02603	0.01269	0.01656	0.01011	0.00770	0.00959	0.00247	0.11779	0.00652	0.00405	0.00933
42	0.01624	0.01624	0.02274	0.01949	0.01949	0.02274	0.01624	0.01787	0.01137	0.01787	0.00975	0.01624	0.00975	0.01299	0.02436	0.00325	0.72552	0.00650	0.00325	0.00812
43	0.02352	0.09625	0.02037	0.08123	0.04239	0.04786	0.01259	0.05727	0.17556	0.25303	0.02343	0.04624	0.01731	0.00898	0.00708	0.00221	0.00708	0.00729	0.00669	0.06363
44	0.00904	0.00646	0.00861	0.01034	0.01077	0.00603	0.00689	0.01034	0.01421	0.01895	0.04092	0.73426	0.04910	0.02326	0.00948	0.00301	0.00431	0.02110	0.00689	0.00603
45	0.01539	0.01319	0.01539	0.01100	0.01759	0.00990	0.00880	0.01869	0.01539	0.02419	0.01319	0.01539	0.01100	0.00550	0.00550	0.00110	0.00550	0.00440	0.00440	0.78449
46	0.00904	0.00646	0.00861	0.01034	0.01077	0.00603	0.00689	0.01034	0.01421	0.01895	0.04092	0.73426	0.04910	0.02326	0.00948	0.00301	0.00431	0.02110	0.00689	0.00603
47	0.74007	0.01424	0.01134	0.01000	0.01467	0.01626	0.00823	0.02280	0.01322	0.07843	0.01162	0.01296	0.00874	0.00705	0.00479	0.00230	0.00578	0.00425	0.00491	0.00835
48	0.02822	0.02079	0.02228	0.01708	0.02302	0.02302	0.01411	0.66804	0.03490	0.04679	0.01782	0.01782	0.01262	0.00891	0.00743	0.00223	0.00817	0.00668	0.00743	0.01262
49	0.01067	0.00771	0.01071	0.01071	0.01161	0.00861	0.00775	0.01247	0.01157	0.01633	0.02100	0.03537	0.02125	0.27395	0.49509	0.01042	0.01583	0.00886	0.00414	0.00595
50	0.00904	0.00646	0.00861	0.01034	0.01077	0.00603	0.00689	0.01034	0.01421	0.01895	0.04092	0.73426	0.04910	0.02326	0.00948	0.00301	0.00431	0.02110	0.00689	0.00603
51	0.00904	0.00646	0.00861	0.01034	0.01077	0.00603	0.00689	0.01034	0.01421	0.01895	0.04092	0.73426	0.04910	0.02326	0.00948	0.00301	0.00431	0.02110	0.00689	0.00603
52	0.01837	0.01764	0.03013	0.04557	0.69279	0.01764	0.02278	0.02278	0.01690	0.02425	0.01396	0.01837	0.01176	0.00661	0.00735	0.00220	0.00882	0.00661	0.00367	0.01176
53	0.01539	0.01319	0.01539	0.01100	0.01759	0.00990	0.00880	0.01869	0.01539	0.02419	0.01319	0.01539	0.01100	0.00550	0.00550	0.00110	0.00550	0.00440	0.00440	0.78449
54	0.01051	0.00759	0.00992	0.00934	0.01109	0.00700	0.00700	0.01401	0.02101	0.02977	0.68888	0.05545	0.07005	0.01518	0.00876	0.00233	0.00350	0.01343	0.00817	0.00700
55	0.01752	0.02003	0.04380	0.03129	0.03880	0.01877	0.66583	0.02378	0.01752	0.02378	0.01502	0.02003	0.01126	0.00626	0.00876	0.00250	0.01252	0.00876	0.00375	0.01001
56	0.01402	0.01319	0.02227	0.72126	0.05113	0.01649	0.02062	0.01897	0.01484	0.01897	0.01319	0.01979	0.00990	0.00742	0.00742	0.00247	0.00990	0.00660	0.00330	0.00825
57	0.00877	0.00752	0.00752	0.00752	0.01003	0.00627	0.00564	0.01065	0.01692	0.02005	0.07520	0.07144	0.68978	0.01880	0.00877	0.00251	0.00376	0.01567	0.00689	0.00627
58	0.00904	0.00646	0.00861	0.01034	0.01077	0.00603	0.00689	0.01034	0.01421	0.01895	0.04092	0.73426	0.04910	0.02326	0.00948	0.00301	0.00431	0.02110	0.00689	0.00603
59	0.01803	0.01729	0.02952	0.09853	0.64249	0.01755	0.02261	0.02248	0.01674	0.02384	0.01390	0.01848	0.01161	0.00668	0.00736	0.00223	0.00890	0.00661	0.00365	0.01148
60	0.01061	0.00795	0.01193	0.01193	0.01326	0.00928	0.00928	0.01326	0.01193	0.01723	0.01988	0.02916	0.01856	0.05568	0.70968	0.01193	0.01988	0.00795	0.00398	0.00663
61	0.01607	0.01600	0.02270	0.07450	0.02197	0.02225	0.01658	0.01795	0.01164	0.01795	0.01002	0.01652	0.00976	0.01256	0.02303	0.00319	0.66942	0.00650	0.00325	0.00813
62	0.00927	0.00662	0.00888	0.01060	0.01113	0.00623	0.00729	0.01073	0.01444	0.01921	0.04079	0.68326	0.04860	0.02304	0.00954	0.00305	0.00451	0.06984	0.00689	0.00609
63	0.00904	0.00646	0.00861	0.01034	0.01077	0.00603	0.00689	0.01034	0.01421	0.01895	0.04092	0.73426	0.04910	0.02326	0.00948	0.00301	0.00431	0.02110	0.00689	0.00603
64	0.00904	0.00646	0.00861	0.01034	0.01077	0.00603	0.00689	0.01034	0.01421	0.01895	0.04092	0.73426	0.04910	0.02326	0.00948	0.00301	0.00431	0.02110	0.00689	0.00603
65	0.01765	0.27204	0.21558	0.02273	0.05182	0.02195	0.25246	0.02315	0.01618	0.02157	0.01293	0.01605	0.01019	0.00651	0.00690	0.00214	0.01042	0.00619	0.00339	0.01016

[dist]
# distance from previous block
# <min> <max>
0	32

[block]
# block no. 3 follows, 27 sequences, length 52
# corresponding to MSA columns:
# 1268-1319
name=unknown_D
#
# <colnr> <probs for GDERKNQSTAVLIFYWHMCP>
#	G	D	E	R	K	N	Q	S	T	A	V	L	I	F	Y	W	H	M	C	P
0	0.03331	0.01263	0.01723	0.01321	0.01895	0.01091	0.01091	0.03618	0.02125	0.69794	0.02929	0.02527	0.01838	0.00919	0.00747	0.00230	0.00632	0.00747	0.00919	0.01263
1	0.01114	0.00919	0.01277	0.01293	0.01342	0.01082	0.00968	0.01277	0.01307	0.01835	0.02913	0.42062	0.03345	0.02687	0.14657	0.00477	0.18740	0.01495	0.00543	0.00667
2	0.06132	0.02181	0.23634	0.01719	0.04420	0.01494	0.03479	0.09040	0.06735	0.22540	0.04652	0.04735	0.04058	0.00928	0.00738	0.00236	0.00792	0.00761	0.00620	0.01106
3	0.01952	0.01113	0.01384	0.01306	0.03854	0.01069	0.00987	0.02548	0.14275	0.25115	0.04166	0.13030	0.17654	0.01421	0.00827	0.00257	0.00553	0.06753	0.00768	0.00966
4	0.01219	0.00880	0.01213	0.01372	0.01552	0.00889	0.01196	0.01622	0.04018	0.02252	0.03899	0.08179	0.04202	0.02014	0.01016	0.00339	0.00680	0.62071	0.00686	0.00701
5	0.01744	0.01569	0.02089	0.18105	0.17095	0.01784	0.01612	0.03125	0.38727	0.02687	0.02289	0.02391	0.01744	0.00873	0.00748	0.00244	0.00741	0.00761	0.00576	0.01096
6	0.30540	0.06662	0.02426	0.01935	0.07551	0.05078	0.15936	0.11408	0.01838	0.08014	0.01419	0.01620	0.01064	0.00718	0.00647	0.00226	0.00840	0.00596	0.00494	0.00989
7	0.00977	0.00750	0.00894	0.00870	0.01067	0.00667	0.00648	0.01255	0.01911	0.02552	0.42251	0.09633	0.30441	0.01697	0.00880	0.00244	0.00364	0.01467	0.00762	0.00667
8	0.03331	0.01263	0.01723	0.01321	0.01895	0.01091	0.01091	0.03618	0.02125	0.69794	0.02929	0.02527	0.01838	0.00919	0.00747	0.00230	0.00632	0.00747	0.00919	0.01263
9	0.01747	0.01674	0.04638	0.19831	0.13885	0.01915	0.07359	0.04843	0.04280	0.05265	0.01392	0.01872	0.01128	0.00935	0.01335	0.00268	0.25596	0.00683	0.00399	0.00954
10	0.02131	0.04438	0.02251	0.01906	0.02097	0.28989	0.01532	0.04965	0.01621	0.01918	0.01077	0.01508	0.00979	0.01056	0.01623	0.00264	0.39850	0.00577	0.00364	0.00854
11	0.00877	0.00752	0.00752	0.00752	0.01003	0.00627	0.00564	0.01065	0.01692	0.02005	0.07520	0.07144	0.68978	0.01880	0.00877	0.00251	0.00376	0.01567	0.00689	0.00627
12	0.02399	0.37120	0.02951	0.01608	0.02110	0.38688	0.01357	0.02613	0.01821	0.01784	0.01093	0.01269	0.00955	0.00703	0.00578	0.00176	0.01080	0.00440	0.00352	0.00904
13	0.02203	0.06909	0.08987	0.02241	0.02912	0.06969	0.30111	0.05408	0.04643	0.17396	0.03553	0.02090	0.01448	0.00759	0.00780	0.00232	0.01008	0.00759	0.00530	0.01064
14	0.01132	0.00812	0.01106	0.01176	0.01349	0.00787	0.00978	0.01478	0.01882	0.02554	0.32527	0.07129	0.05475	0.01816	0.00959	0.00294	0.00537	0.36574	0.00742	0.00691
15	0.01837	0.01764	0.03013	0.04557	0.69279	0.01764	0.02278	0.02278	0.01690	0.02425	0.01396	0.01837	0.01176	0.00661	0.00735	0.00220	0.00882	0.00661	0.00367	0.01176
16	0.01496	0.01401	0.02290	0.57393	0.13579	0.01680	0.02021	0.02110	0.06740	0.02064	0.01464	0.02022	0.01115	0.00752	0.00742	0.00244	0.00943	0.00674	0.00368	0.00900
17	0.01697	0.01637	0.02837	0.25631	0.45835	0.01734	0.05516	0.02164	0.01629	0.02257	0.01378	0.01890	0.01115	0.00685	0.00744	0.00230	0.00935	0.00672	0.00356	0.01057
18	0.01409	0.01357	0.02075	0.01798	0.01902	0.01691	0.09134	0.01617	0.01302	0.01892	0.02035	0.24648	0.02252	0.01547	0.01772	0.00308	0.40900	0.01144	0.00447	0.00768
19	0.01528	0.09387	0.64858	0.02049	0.03110	0.01820	0.02627	0.02341	0.01563	0.02303	0.01309	0.01538	0.00941	0.00700	0.00687	0.00229	0.01073	0.00537	0.00314	0.01086
20	0.01646	0.01751	0.03132	0.02414	0.02756	0.02024	0.30173	0.02014	0.01433	0.02057	0.01505	0.02043	0.04146	0.01029	0.01678	0.00289	0.37868	0.00791	0.00364	0.00887
21	0.02750	0.01538	0.02580	0.02115	0.08427	0.01408	0.19080	0.05395	0.02033	0.43120	0.02363	0.02296	0.01565	0.00815	0.00781	0.00234	0.00830	0.00772	0.00715	0.01184
22	0.01566	0.01331	0.01417	0.06772	0.01777	0.07347	0.01011	0.12672	0.07033	0.02973	0.34560	0.04242	0.11736	0.01289	0.00816	0.00232	0.00587	0.01088	0.00709	0.00845
23	0.01363	0.01267	0.02119	0.66534	0.04795	0.01567	0.01954	0.01829	0.01479	0.01897	0.01538	0.07599	0.01298	0.00867	0.00758	0.00252	0.00946	0.00774	0.00358	0.00807
24	0.01043	0.00759	0.00981	0.00926	0.01104	0.00697	0.00694	0.01386	0.02083	0.02933	0.66086	0.05618	0.09834	0.01534	0.00876	0.00234	0.00351	0.01353	0.00811	0.00697
25	0.01784	0.01882	0.03691	0.03708	0.32591	0.01844	0.35568	0.02309	0.01699	0.02374	0.01433	0.01914	0.01142	0.00670	0.00879	0.00240	0.04059	0.00772	0.00370	0.01070
26	0.01489	0.03840	0.70064	0.02116	0.03213	0.01724	0.02743	0.02351	0.01567	0.02351	0.01332	0.01567	0.00940	0.00705	0.00705	0.00235	0.01097	0.00549	0.00313	0.01097
27	0.00889	0.00705	0.00800	0.00876	0.01035	0.00616	0.00619	0.01051	0.01573	0.01957	0.06011	0.36324	0.40773	0.02076	0.00908	0.00273	0.00400	0.01806	0.00689	0.00616
28	0.02311	0.01896	0.03346	0.02437	0.03115	0.01856	0.37837	0.19848	0.02282	0.14615	0.01823	0.02034	0.01285	0.00747	0.00818	0.00239	0.01028	0.00798	0.00567	0.01116
29	0.36426	0.01796	0.01727	0.01386	0.01921	0.02022	0.01144	0.38355	0.02510	0.04085	0.01453	0.01529	0.01061	0.00802	0.00618	0.00226	0.00710	0.00551	0.00618	0.01061
30	0.01009	0.00867	0.01276	0.01187	0.01409	0.00780	0.09113	0.01235	0.01600	0.02047	0.07853	0.34995	0.30018	0.01896	0.00907	0.00272	0.00511	0.01703	0.00654	0.00668
31	0.00911	0.00651	0.00868	0.01029	0.01078	0.00608	0.00690	0.01051	0.01453	0.01946	0.07147	0.70225	0.05009	0.02288	0.00944	0.00298	0.00427	0.02074	0.00695	0.00608
32	0.01454	0.33167	0.02352	0.01214	0.01560	0.01785	0.01059	0.01696	0.01351	0.01748	0.01745	0.08095	0.01715	0.03123	0.34039	0.00663	0.01331	0.00731	0.00387	0.00785
33	0.75197	0.05175	0.01235	0.00991	0.01460	0.01731	0.00828	0.02184	0.01276	0.03250	0.01034	0.01205	0.00812	0.00686	0.00460	0.00226	0.00586	0.00402	0.00452	0.00812
34	0.01289	0.00645	0.00967	0.00967	0.00967	0.00645	0.00645	0.00967	0.00967	0.01289	0.01289	0.02257	0.01289	0.02579	0.02901	0.78401	0.00645	0.00645	0.00322	0.00322
35	0.01429	0.01369	0.06012	0.01432	0.01788	0.03484	0.06560	0.06785	0.07203	0.02402	0.02886	0.31364	0.03036	0.01496	0.00825	0.00253	0.00653	0.06851	0.02669	0.11504
36	0.79154	0.01436	0.01091	0.00976	0.01436	0.01665	0.00804	0.02182	0.01263	0.03331	0.01034	0.01206	0.00804	0.00689	0.00459	0.00230	0.00574	0.00402	0.00459	0.00804
37	0.01679	0.01596	0.08311	0.01236	0.01932	0.01121	0.01096	0.04687	0.01653	0.05960	0.01422	0.01603	0.01128	0.00598	0.00583	0.00133	0.00619	0.00476	0.00464	0.63703
38	0.01898	0.62063	0.15426	0.01418	0.02133	0.02726	0.01527	0.02245	0.01519	0.01852	0.01084	0.01256	0.00951	0.00647	0.00516	0.00172	0.00847	0.00423	0.00317	0.00978
39	0.00904	0.00646	0.00861	0.01034	0.01077	0.00603	0.00689	0.01034	0.01421	0.01895	0.04092	0.73426	0.04910	0.02326	0.00948	0.00301	0.00431	0.02110	0.00689	0.00603
40	0.02015	0.01700	0.01902	0.01621	0.02087	0.01929	0.04263	0.15011	0.53435	0.03350	0.02731	0.02559	0.02035	0.00969	0.00759	0.00247	0.00659	0.00811	0.00735	0.01182
41	0.01557	0.01213	0.01378	0.01249	0.01567	0.01311	0.00963	0.02811	0.36238	0.05802	0.32014	0.03982	0.04335	0.01228	0.00808	0.00243	0.00485	0.01057	0.00789	0.00970
42	0.01400	0.01062	0.01215	0.01203	0.01379	0.03207	0.00869	0.15342	0.01853	0.02453	0.03245	0.46471	0.03648	0.06860	0.05764	0.00368	0.00666	0.01592	0.00656	0.00748
43	0.75157	0.01430	0.01149	0.04634	0.01625	0.01665	0.00869	0.02168	0.01275	0.03257	0.01048	0.01246	0.00814	0.00692	0.00474	0.00231	0.00596	0.00415	0.00453	0.00805
44	0.01528	0.09387	0.64858	0.02049	0.03110	0.01820	0.02627	0.02341	0.01563	0.02303	0.01309	0.01538	0.00941	0.00700	0.00687	0.00229	0.01073	0.00537	0.00314	0.01086
45	0.00904	0.00646	0.00861	0.01034	0.01077	0.00603	0.00689	0.01034	0.01421	0.01895	0.04092	0.73426	0.04910	0.02326	0.00948	0.00301	0.00431	0.02110	0.00689	0.00603
46	0.01191	0.00939	0.01322	0.26600	0.02487	0.01019	0.01130	0.01541	0.01638	0.02257	0.14151	0.09425	0.16869	0.01258	0.00768	0.00236	0.00592	0.01084	0.14773	0.00720
47	0.02557	0.01441	0.02363	0.01811	0.02314	0.01396	0.16676	0.02897	0.01857	0.40003	0.02421	0.07448	0.01780	0.01001	0.01012	0.00252	0.10119	0.00864	0.00696	0.01094
48	0.01489	0.03840	0.70064	0.02116	0.03213	0.01724	0.02743	0.02351	0.01567	0.02351	0.01332	0.01567	0.00940	0.00705	0.00705	0.00235	0.01097	0.00549	0.00313	0.01097
49	0.79154	0.01436	0.01091	0.00976	0.01436	0.01665	0.00804	0.02182	0.01263	0.03331	0.01034	0.01206	0.00804	0.00689	0.00459	0.00230	0.00574	0.00402	0.00459	0.00804
50	0.01508	0.01170	0.01574	0.22380	0.02581	0.01309	0.01266	0.04057	0.18007	0.06787	0.07578	0.23094	0.02938	0.01337	0.00815	0.00261	0.00654	0.01179	0.00624	0.00879
51	0.01002	0.00687	0.00832	0.00908	0.00927	0.00668	0.00555	0.01059	0.01230	0.01640	0.03111	0.35044	0.03672	0.42396	0.02532	0.00536	0.00592	0.01533	0.00555	0.00517

[dist]
# distance from previous block
# <min> <max>
1	3

[block]
# block no. 4 follows, 27 sequences, length 23
# corresponding to MSA columns:
# 1323-1345
name=unknown_E
#
# <colnr> <probs for GDERKNQSTAVLIFYWHMCP>
#	G	D	E	R	K	N	Q	S	T	A	V	L	I	F	Y	W	H	M	C	P
0	0.43746	0.02229	0.22787	0.03537	0.02303	0.01707	0.06630	0.02311	0.04022	0.02903	0.01249	0.01464	0.00934	0.00703	0.00588	0.00234	0.00802	0.00509	0.00416	0.00926
1	0.02604	0.01533	0.01903	0.01552	0.01913	0.05891	0.01273	0.06295	0.01889	0.36938	0.06006	0.02308	0.01785	0.01061	0.01275	0.00257	0.23040	0.00730	0.00685	0.01065
2	0.02221	0.02320	0.02535	0.10077	0.34245	0.25485	0.01880	0.05189	0.01905	0.05194	0.01386	0.01708	0.01114	0.00726	0.00714	0.00214	0.01036	0.00602	0.00408	0.01040
3	0.14552	0.01487	0.02150	0.02638	0.30634	0.01456	0.01541	0.02742	0.01802	0.28196	0.04246	0.02128	0.01570	0.00793	0.00701	0.00226	0.00720	0.00676	0.00607	0.01134
4	0.01418	0.01226	0.01650	0.12364	0.02259	0.01068	0.03795	0.01767	0.01566	0.02303	0.05488	0.09649	0.01948	0.00888	0.00674	0.00174	0.00631	0.03519	0.00478	0.47133
5	0.01402	0.01319	0.02227	0.72126	0.05113	0.01649	0.02062	0.01897	0.01484	0.01897	0.01319	0.01979	0.00990	0.00742	0.00742	0.00247	0.00990	0.00660	0.00330	0.00825
6	0.01470	0.01411	0.02055	0.02021	0.09662	0.01757	0.03844	0.01696	0.01373	0.01984	0.05114	0.08522	0.09565	0.01385	0.01763	0.00296	0.41768	0.03064	0.00437	0.00814
7	0.02112	0.00994	0.01332	0.01114	0.01475	0.00882	0.00882	0.02433	0.02112	0.34085	0.38179	0.04140	0.04599	0.01239	0.00816	0.00232	0.00481	0.01065	0.00865	0.00963
8	0.01024	0.00696	0.00826	0.00881	0.00895	0.00682	0.00526	0.01065	0.01189	0.01585	0.02899	0.26774	0.03406	0.51030	0.02874	0.00586	0.00627	0.01409	0.00526	0.00499
9	0.00904	0.00646	0.00861	0.01034	0.01077	0.00603	0.00689	0.01034	0.01421	0.01895	0.04092	0.73426	0.04910	0.02326	0.00948	0.00301	0.00431	0.02110	0.00689	0.00603
10	0.01080	0.00720	0.00810	0.00810	0.00810	0.00720	0.00450	0.01080	0.01080	0.01439	0.02339	0.04858	0.02699	0.73910	0.03779	0.00720	0.00720	0.01080	0.00450	0.00450
11	0.02128	0.42922	0.13736	0.01589	0.02294	0.02360	0.07014	0.05949	0.01734	0.11845	0.01432	0.01542	0.01110	0.00700	0.00599	0.00192	0.00857	0.00526	0.00431	0.01041
12	0.01761	0.01684	0.04617	0.21442	0.20246	0.01794	0.04732	0.06239	0.24277	0.02631	0.01952	0.02188	0.01491	0.00813	0.00750	0.00240	0.00831	0.00728	0.00508	0.01075
13	0.01150	0.00828	0.01136	0.01277	0.01444	0.00814	0.01089	0.01474	0.01730	0.02267	0.10531	0.11844	0.07517	0.02006	0.00999	0.00325	0.00622	0.51571	0.00697	0.00678
14	0.00915	0.00651	0.00858	0.01020	0.01060	0.00610	0.00674	0.01037	0.01400	0.01866	0.03982	0.69117	0.04771	0.06824	0.01125	0.00328	0.00449	0.02046	0.00674	0.00593
15	0.00893	0.00691	0.00815	0.00913	0.01045	0.00613	0.00636	0.01047	0.01537	0.01942	0.05559	0.45059	0.32329	0.02135	0.00918	0.00280	0.00407	0.01878	0.00689	0.00613
16	0.00927	0.00732	0.00842	0.00908	0.01086	0.00647	0.00674	0.01121	0.01633	0.02039	0.08830	0.26579	0.40643	0.02013	0.00914	0.00274	0.00424	0.08392	0.00694	0.00629
17	0.02292	0.01454	0.01652	0.01418	0.01876	0.01563	0.01122	0.03752	0.44642	0.23941	0.02968	0.02694	0.02117	0.00974	0.00743	0.00242	0.00591	0.00804	0.03974	0.01183
18	0.01837	0.01764	0.03013	0.04557	0.69279	0.01764	0.02278	0.02278	0.01690	0.02425	0.01396	0.01837	0.01176	0.00661	0.00735	0.00220	0.00882	0.00661	0.00367	0.01176
19	0.02010	0.01727	0.02407	0.08559	0.21551	0.07878	0.09218	0.04645	0.05176	0.10325	0.01702	0.01957	0.01300	0.00723	0.00707	0.00206	0.00846	0.00656	0.05018	0.13390
20	0.01847	0.01736	0.02889	0.11339	0.58964	0.01782	0.02208	0.05827	0.01769	0.02496	0.01410	0.01849	0.01162	0.00683	0.00736	0.00223	0.00889	0.00662	0.00384	0.01145
21	0.05838	0.03382	0.55741	0.02109	0.03111	0.01700	0.09336	0.02320	0.01569	0.02412	0.01333	0.01592	0.00961	0.00688	0.00702	0.00230	0.01057	0.00570	0.00335	0.05015
22	0.01933	0.67001	0.10793	0.01358	0.02042	0.02811	0.01424	0.02236	0.01515	0.01810	0.01063	0.01230	0.00951	0.00642	0.00500	0.00167	0.00826	0.00413	0.00317	0.00968

[dist]
# distance from previous block
# <min> <max>
0	1

[block]
# block no. 5 follows, 27 sequences, length 64
# corresponding to MSA columns:
# 1347-1410
name=unknown_F
#
# <colnr> <probs for GDERKNQSTAVLIFYWHMCP>
#	G	D	E	R	K	N	Q	S	T	A	V	L	I	F	Y	W	H	M	C	P
0	0.01451	0.01183	0.01615	0.32153	0.02996	0.05132	0.01376	0.01775	0.01577	0.07802	0.02904	0.19569	0.09820	0.01508	0.03900	0.00300	0.00813	0.02825	0.00522	0.00779
1	0.00914	0.00650	0.00858	0.01021	0.01062	0.00610	0.00675	0.01036	0.01402	0.01869	0.03992	0.69520	0.04784	0.06403	0.01109	0.00325	0.00447	0.02052	0.00675	0.00594
2	0.05977	0.01522	0.02685	0.02031	0.02564	0.01466	0.29620	0.05341	0.05711	0.12497	0.17675	0.03074	0.02749	0.00954	0.00826	0.00244	0.00841	0.02643	0.00609	0.00971
3	0.01084	0.00758	0.01003	0.01003	0.01079	0.00826	0.00700	0.01237	0.01160	0.01647	0.02162	0.03758	0.02226	0.35211	0.38380	0.00939	0.01359	0.00915	0.03983	0.00571
4	0.01783	0.01709	0.02916	0.12934	0.61324	0.01750	0.02251	0.02231	0.01665	0.02360	0.01387	0.01855	0.01153	0.00671	0.00736	0.00224	0.00895	0.00661	0.00363	0.01132
5	0.02744	0.01579	0.01850	0.01488	0.02017	0.01634	0.01216	0.23666	0.17242	0.31244	0.02629	0.02602	0.01858	0.00980	0.00760	0.00237	0.00683	0.03539	0.00816	0.01218
6	0.01372	0.01256	0.01788	0.01612	0.01667	0.01673	0.01310	0.01573	0.01171	0.01766	0.01503	0.05041	0.01483	0.03033	0.29545	0.00668	0.41659	0.00767	0.00368	0.00744
7	0.00877	0.00752	0.00752	0.00752	0.01003	0.00627	0.00564	0.01065	0.01692	0.02005	0.07520	0.07144	0.68978	0.01880	0.00877	0.00251	0.00376	0.01567	0.00689	0.00627
8	0.03193	0.01397	0.07437	0.01438	0.01786	0.01264	0.01277	0.04018	0.04294	0.02350	0.04500	0.09351	0.02680	0.01398	0.01075	0.00265	0.11830	0.23035	0.00550	0.16863
9	0.01469	0.00993	0.01540	0.01253	0.01558	0.00965	0.15717	0.01879	0.01602	0.02678	0.02210	0.02592	0.01724	0.00810	0.00601	0.00191	0.00554	0.00734	0.60167	0.00763
10	0.02566	0.02366	0.02391	0.02464	0.18865	0.19310	0.01631	0.34901	0.02699	0.03407	0.01528	0.01685	0.01165	0.00803	0.00722	0.00214	0.00963	0.00619	0.00560	0.01141
11	0.02696	0.03377	0.02069	0.01879	0.02265	0.65204	0.01413	0.03046	0.07560	0.01924	0.01303	0.01457	0.01065	0.00785	0.00677	0.00196	0.01276	0.00508	0.00413	0.00887
12	0.00922	0.00659	0.00882	0.01054	0.01105	0.00618	0.00720	0.01064	0.01439	0.01915	0.04082	0.69511	0.04872	0.02309	0.00952	0.00304	0.00446	0.05852	0.00689	0.00608
13	0.01226	0.00888	0.01218	0.01374	0.01556	0.00900	0.01195	0.01648	0.04737	0.02262	0.03889	0.08118	0.04181	0.02003	0.01013	0.00338	0.00679	0.61382	0.00687	0.00706
14	0.00904	0.00646	0.00861	0.01034	0.01077	0.00603	0.00689	0.01034	0.01421	0.01895	0.04092	0.73426	0.04910	0.02326	0.00948	0.00301	0.00431	0.02110	0.00689	0.00603
15	0.01410	0.01065	0.01210	0.01074	0.01370	0.01053	0.00844	0.16347	0.02274	0.03028	0.31133	0.05313	0.25098	0.01512	0.00852	0.00241	0.00481	0.04136	0.00754	0.00806
16	0.01489	0.03840	0.70064	0.02116	0.03213	0.01724	0.02743	0.02351	0.01567	0.02351	0.01332	0.01567	0.00940	0.00705	0.00705	0.00235	0.01097	0.00549	0.00313	0.01097
17	0.02147	0.01870	0.02553	0.02015	0.02372	0.02230	0.10753	0.29254	0.02215	0.03089	0.01390	0.01744	0.01117	0.01032	0.01502	0.00271	0.32220	0.00690	0.00508	0.01029
18	0.00928	0.00707	0.00853	0.00916	0.01059	0.00633	0.00649	0.01126	0.01665	0.02173	0.19657	0.35748	0.27217	0.01994	0.00908	0.00269	0.00394	0.01754	0.00718	0.00633
19	0.01828	0.01352	0.01695	0.11248	0.02282	0.01178	0.01108	0.04936	0.03633	0.11668	0.01609	0.01783	0.01226	0.00655	0.00618	0.00155	0.00636	0.00534	0.00512	0.51344
20	0.79154	0.01436	0.01091	0.00976	0.01436	0.01665	0.00804	0.02182	0.01263	0.03331	0.01034	0.01206	0.00804	0.00689	0.00459	0.00230	0.00574	0.00402	0.00459	0.00804
21	0.01641	0.09529	0.60467	0.01998	0.03025	0.01787	0.02521	0.02417	0.01596	0.06360	0.01403	0.01594	0.00995	0.00712	0.00689	0.00228	0.01044	0.00548	0.00350	0.01095
22	0.01635	0.01367	0.01688	0.01211	0.01871	0.01065	0.03805	0.03565	0.01615	0.04506	0.01388	0.01596	0.01127	0.00573	0.00575	0.00123	0.00590	0.00474	0.00459	0.70768
23	0.01306	0.01034	0.01202	0.01216	0.01419	0.01103	0.00884	0.03843	0.25497	0.02487	0.08606	0.40882	0.04022	0.01751	0.00867	0.00276	0.00491	0.01556	0.00724	0.00834
24	0.02712	0.01973	0.02110	0.01630	0.02192	0.02179	0.01343	0.61822	0.03342	0.04532	0.01831	0.01858	0.01312	0.00889	0.00726	0.00219	0.00781	0.00670	0.06659	0.01219
25	0.01080	0.00720	0.00810	0.00810	0.00810	0.00720	0.00450	0.01080	0.01080	0.01439	0.02339	0.04858	0.02699	0.73910	0.03779	0.00720	0.00720	0.01080	0.00450	0.00450
26	0.01537	0.01516	0.02100	0.07194	0.02143	0.05156	0.04149	0.01769	0.01247	0.01806	0.01264	0.01951	0.01184	0.02186	0.17924	0.00509	0.44544	0.00685	0.00347	0.00789
27	0.01043	0.00759	0.00982	0.00926	0.01104	0.00697	0.00694	0.01386	0.02083	0.02934	0.66174	0.05616	0.09746	0.01534	0.00876	0.00234	0.00351	0.01352	0.00812	0.00697
28	0.00883	0.00728	0.00777	0.00815	0.01019	0.00621	0.00592	0.01058	0.01631	0.01981	0.06750	0.22045	0.54575	0.01980	0.00893	0.00262	0.00388	0.01689	0.00689	0.00621
29	0.01539	0.01319	0.01539	0.01100	0.01759	0.00990	0.00880	0.01869	0.01539	0.02419	0.01319	0.01539	0.01100	0.00550	0.00550	0.00110	0.00550	0.00440	0.00440	0.78449
30	0.01089	0.00728	0.00883	0.00883	0.00905	0.00750	0.00541	0.01114	0.01092	0.01478	0.02218	0.04378	0.02474	0.58242	0.14909	0.05473	0.00926	0.01006	0.00433	0.00478
31	0.02076	0.61913	0.03599	0.01366	0.01959	0.06081	0.01305	0.07592	0.01685	0.01995	0.01097	0.01265	0.00979	0.00691	0.00591	0.00173	0.03875	0.00434	0.00356	0.00968
32	0.02348	0.18120	0.18084	0.01791	0.02402	0.36742	0.01681	0.02709	0.01858	0.06016	0.01273	0.01432	0.01005	0.00734	0.00642	0.00197	0.01128	0.00494	0.00385	0.00958
33	0.01598	0.01354	0.01571	0.01127	0.01784	0.01050	0.00904	0.04838	0.01629	0.02522	0.01341	0.01550	0.01107	0.00565	0.00559	0.00115	0.00562	0.00450	0.00454	0.74920
34	0.01472	0.01406	0.02423	0.60595	0.13012	0.01674	0.05038	0.01966	0.01522	0.01984	0.01337	0.01963	0.01019	0.00727	0.00747	0.00244	0.00988	0.00670	0.00337	0.00876
35	0.11382	0.01626	0.01673	0.01496	0.01800	0.14860	0.06896	0.07316	0.01763	0.06409	0.02474	0.29215	0.02576	0.01520	0.02892	0.00282	0.03255	0.01178	0.00570	0.00817
36	0.01873	0.01946	0.04177	0.02990	0.03728	0.01817	0.61570	0.02473	0.01781	0.07539	0.01611	0.02043	0.01181	0.00648	0.00866	0.00249	0.01204	0.00866	0.00417	0.01021
37	0.01000	0.00748	0.00935	0.00955	0.01124	0.00742	0.00716	0.01231	0.01487	0.02009	0.08117	0.14218	0.26758	0.03165	0.26159	0.00590	0.00962	0.01276	0.07162	0.00646
38	0.01836	0.01695	0.02427	0.02871	0.29428	0.01815	0.06630	0.03148	0.35970	0.02774	0.02245	0.02332	0.01736	0.00838	0.00756	0.00239	0.00758	0.00770	0.00569	0.01162
39	0.00913	0.00649	0.00859	0.01023	0.01064	0.00608	0.00678	0.01036	0.01406	0.01874	0.04011	0.70279	0.04809	0.05611	0.01077	0.00321	0.00444	0.02063	0.00678	0.00596
40	0.01744	0.01727	0.02894	0.12214	0.03203	0.01832	0.28849	0.02994	0.30631	0.02628	0.02140	0.02334	0.01605	0.00809	0.00804	0.00251	0.00924	0.00829	0.00535	0.01052
41	0.03331	0.01263	0.01723	0.01321	0.01895	0.01091	0.01091	0.03618	0.02125	0.69794	0.02929	0.02527	0.01838	0.00919	0.00747	0.00230	0.00632	0.00747	0.00919	0.01263
42	0.01515	0.01435	0.02430	0.54634	0.21724	0.01679	0.02118	0.01996	0.01538	0.02034	0.01339	0.01942	0.01038	0.00721	0.00740	0.00240	0.00962	0.00660	0.00340	0.00916
43	0.02789	0.03069	0.02144	0.01847	0.02297	0.48872	0.01427	0.23483	0.02549	0.02737	0.01352	0.01481	0.01055	0.00806	0.00693	0.00201	0.01171	0.00539	0.00498	0.00990
44	0.01293	0.01036	0.01564	0.32113	0.02945	0.01121	0.01326	0.01609	0.01492	0.04937	0.02549	0.31821	0.02677	0.01392	0.00809	0.00255	0.00696	0.01248	0.00517	0.08601
45	0.01662	0.28778	0.32659	0.06076	0.02827	0.02122	0.08332	0.02222	0.01553	0.02088	0.01361	0.04661	0.01141	0.00746	0.00652	0.00213	0.00967	0.00601	0.00339	0.00998
46	0.01725	0.02102	0.08885	0.02756	0.03385	0.04704	0.47311	0.02266	0.01652	0.02251	0.01493	0.04486	0.01221	0.00796	0.01081	0.00259	0.11444	0.00847	0.00375	0.00961
47	0.01837	0.01764	0.03013	0.04557	0.69279	0.01764	0.02278	0.02278	0.01690	0.02425	0.01396	0.01837	0.01176	0.00661	0.00735	0.00220	0.00882	0.00661	0.00367	0.01176
48	0.01402	0.01319	0.02227	0.72126	0.05113	0.01649	0.02062	0.01897	0.01484	0.01897	0.01319	0.01979	0.00990	0.00742	0.00742	0.00247	0.00990	0.00660	0.00330	0.00825
49	0.01269	0.02511	0.39884	0.01640	0.02311	0.01321	0.01871	0.01829	0.01556	0.02203	0.05266	0.17067	0.12251	0.01268	0.00869	0.00255	0.04215	0.01052	0.00465	0.00898
50	0.01289	0.00645	0.00967	0.00967	0.00967	0.00645	0.00645	0.00967	0.00967	0.01289	0.01289	0.02257	0.01289	0.02579	0.02901	0.78401	0.00645	0.00645	0.00322	0.00322
51	0.02148	0.01560	0.01711	0.01487	0.01941	0.01737	0.01171	0.06773	0.53604	0.14705	0.02949	0.02682	0.02146	0.00987	0.00753	0.00247	0.00606	0.00815	0.00783	0.01194
52	0.05780	0.01352	0.02584	0.02052	0.02464	0.01286	0.32524	0.01763	0.01581	0.02220	0.02662	0.32867	0.02830	0.01404	0.00888	0.00274	0.00843	0.03293	0.00524	0.00809
53	0.01672	0.01834	0.03684	0.02731	0.03267	0.01892	0.47674	0.02161	0.01591	0.02213	0.01536	0.06214	0.01319	0.00883	0.01239	0.00271	0.17604	0.00898	0.00383	0.00934
54	0.00885	0.00722	0.00783	0.00833	0.01024	0.00620	0.00600	0.01056	0.01614	0.01974	0.06535	0.26187	0.50571	0.02008	0.00898	0.00265	0.00392	0.01723	0.00689	0.00620
55	0.01837	0.01764	0.03013	0.04557	0.69279	0.01764	0.02278	0.02278	0.01690	0.02425	0.01396	0.01837	0.01176	0.00661	0.00735	0.00220	0.00882	0.00661	0.00367	0.01176
56	0.10753	0.01542	0.02435	0.41678	0.09116	0.01763	0.10265	0.09347	0.01736	0.02482	0.01368	0.01859	0.01031	0.00731	0.00726	0.00241	0.00947	0.00659	0.00400	0.00922
57	0.01623	0.00885	0.01176	0.01031	0.01306	0.00798	0.00798	0.01957	0.02107	0.19739	0.52341	0.04788	0.05708	0.01367	0.00843	0.00233	0.00421	0.01193	0.00843	0.00842
58	0.00987	0.00787	0.00905	0.00964	0.01187	0.00705	0.00782	0.01228	0.01698	0.02080	0.06285	0.07568	0.46706	0.01939	0.00928	0.00282	0.00482	0.23154	0.00687	0.00646
59	0.00903	0.00652	0.00855	0.01018	0.01073	0.00604	0.00682	0.01035	0.01437	0.01901	0.04287	0.69650	0.08559	0.02300	0.00944	0.00299	0.00428	0.02079	0.00689	0.00604
60	0.01509	0.03699	0.65036	0.02193	0.03264	0.01736	0.07630	0.02353	0.01581	0.02353	0.01345	0.01601	0.00955	0.00699	0.00718	0.00236	0.01109	0.00574	0.00318	0.01090
61	0.02306	0.02818	0.05061	0.02430	0.14960	0.40815	0.01687	0.02566	0.01804	0.01948	0.01166	0.01502	0.01001	0.00853	0.01049	0.00226	0.15973	0.00551	0.00365	0.00920
62	0.01048	0.00760	0.01061	0.01080	0.01169	0.00840	0.00782	0.01232	0.01190	0.01672	0.02309	0.11228	0.02405	0.22248	0.46442	0.00976	0.01499	0.01012	0.00443	0.00603
63	0.02476	0.25819	0.05584	0.01684	0.02211	0.35164	0.01434	0.13134	0.02118	0.02285	0.01222	0.01374	0.01004	0.00742	0.00622	0.00188	0.01070	0.00486	0.00418	0.00966

[dist]
# distance from previous block
# <min> <max>
0	2

[block]
# block no. 6 follows, 27 sequences, length 21
# corresponding to MSA columns:
# 1413-1433
name=unknown_G
#
# <colnr> <probs for GDERKNQSTAVLIFYWHMCP>
#	G	D	E	R	K	N	Q	S	T	A	V	L	I	F	Y	W	H	M	C	P
0	0.00877	0.00752	0.00752	0.00752	0.01003	0.00627	0.00564	0.01065	0.01692	0.02005	0.07520	0.07144	0.68978	0.01880	0.00877	0.00251	0.00376	0.01567	0.00689	0.00627
1	0.01539	0.01319	0.01539	0.01100	0.01759	0.00990	0.00880	0.01869	0.01539	0.02419	0.01319	0.01539	0.01100	0.00550	0.00550	0.00110	0.00550	0.00440	0.00440	0.78449
2	0.02258	0.01914	0.01909	0.01679	0.04726	0.10773	0.01290	0.32580	0.11421	0.03462	0.05058	0.05577	0.04536	0.01068	0.00765	0.00231	0.00785	0.05075	0.00665	0.04229
3	0.01537	0.01505	0.02255	0.29449	0.03189	0.02029	0.01796	0.01830	0.01273	0.01830	0.01110	0.01763	0.00980	0.01081	0.01772	0.00294	0.44509	0.00654	0.00327	0.00817
4	0.03331	0.01263	0.01723	0.01321	0.01895	0.01091	0.01091	0.03618	0.02125	0.69794	0.02929	0.02527	0.01838	0.00919	0.00747	0.00230	0.00632	0.00747	0.00919	0.01263
5	0.01562	0.01491	0.02582	0.40897	0.26596	0.01661	0.06374	0.02039	0.01584	0.02125	0.01496	0.02271	0.01235	0.00776	0.00764	0.00243	0.00954	0.04037	0.00364	0.00948
6	0.01649	0.02723	0.30120	0.02732	0.03619	0.01817	0.41566	0.02367	0.01680	0.02367	0.01435	0.01832	0.01054	0.00657	0.00809	0.00244	0.01191	0.00748	0.00351	0.01039
7	0.00904	0.00646	0.00861	0.01034	0.01077	0.00603	0.00689	0.01034	0.01421	0.01895	0.04092	0.73426	0.04910	0.02326	0.00948	0.00301	0.00431	0.02110	0.00689	0.00603
8	0.01042	0.00750	0.00975	0.00935	0.01093	0.00695	0.00688	0.01362	0.02010	0.02835	0.61550	0.10022	0.06669	0.04873	0.01013	0.00260	0.00372	0.01382	0.00792	0.00683
9	0.01061	0.00762	0.01054	0.01175	0.01281	0.00777	0.00911	0.01289	0.01451	0.01943	0.03431	0.28330	0.03828	0.08646	0.16534	0.00545	0.00889	0.24855	0.00604	0.00634
10	0.01732	0.02188	0.11813	0.03175	0.11272	0.01847	0.51864	0.02363	0.01724	0.02380	0.01470	0.01933	0.01111	0.00639	0.00840	0.00245	0.01192	0.00814	0.00367	0.01032
11	0.00903	0.00651	0.00856	0.01020	0.01073	0.00604	0.00683	0.01035	0.01435	0.01901	0.04262	0.70140	0.08086	0.02304	0.00944	0.00299	0.00428	0.02083	0.00689	0.00604
