[name]
unknown

[dist]
# distance from previous block
# <min> <max>
7	47

[block]
# block no. 0 follows, 39 sequences, length 60
# corresponding to MSA columns:
# 55-114
name=unknown_A
#
# <colnr> <probs for GDERKNQSTAVLIFYWHMCP>
#	G	D	E	R	K	N	Q	S	T	A	V	L	I	F	Y	W	H	M	C	P
0	0.01976	0.01619	0.01751	0.03327	0.01859	0.11269	0.06933	0.44818	0.02237	0.06056	0.01591	0.10856	0.01334	0.00817	0.00613	0.00184	0.00692	0.00669	0.00523	0.00875
1	0.00729	0.00526	0.00691	0.00807	0.00857	0.00487	0.00545	0.00848	0.01186	0.01583	0.09227	0.69641	0.07110	0.01785	0.00748	0.00234	0.00336	0.01613	0.00557	0.00487
2	0.01844	0.06388	0.01806	0.01358	0.01748	0.05958	0.07366	0.30387	0.14382	0.08620	0.01746	0.06354	0.02908	0.00797	0.00682	0.00188	0.05435	0.00637	0.00517	0.00876
3	0.01926	0.01242	0.01974	0.01503	0.01934	0.01223	0.21011	0.10071	0.07494	0.30925	0.05838	0.04311	0.01544	0.00749	0.00714	0.00195	0.05241	0.00677	0.00548	0.00881
4	0.02620	0.01059	0.01405	0.01077	0.01536	0.00948	0.00890	0.08628	0.01781	0.70066	0.02259	0.01965	0.01427	0.00730	0.00594	0.00183	0.00515	0.00590	0.00721	0.01006
5	0.00815	0.00627	0.00872	0.01091	0.08428	0.00598	0.00680	0.00957	0.01178	0.01574	0.05374	0.54187	0.09616	0.05078	0.03680	0.00270	0.00436	0.03502	0.00509	0.00529
6	0.01561	0.01756	0.08402	0.04221	0.41114	0.11258	0.13137	0.05602	0.03632	0.01958	0.01149	0.01437	0.00919	0.00555	0.00596	0.00179	0.00803	0.00532	0.00316	0.00875
7	0.03856	0.01611	0.01547	0.01243	0.01639	0.12649	0.01003	0.45757	0.02301	0.08416	0.05925	0.01650	0.01317	0.00722	0.00569	0.00171	0.00643	0.00544	0.07554	0.00884
8	0.01880	0.02276	0.01658	0.13981	0.06051	0.54325	0.01212	0.02093	0.01578	0.01559	0.06988	0.01443	0.01167	0.00651	0.00559	0.00164	0.00938	0.00468	0.00325	0.00684
9	0.00839	0.00683	0.00699	0.00665	0.00869	0.00614	0.00496	0.06761	0.01420	0.01730	0.05247	0.05180	0.62650	0.08445	0.00899	0.00232	0.00353	0.01155	0.00535	0.00528
10	0.00767	0.00671	0.00857	0.00789	0.00998	0.00582	0.06398	0.00948	0.01348	0.01662	0.09794	0.13854	0.56322	0.01439	0.00705	0.00204	0.00360	0.01243	0.00535	0.00525
11	0.01342	0.01047	0.01238	0.00890	0.01410	0.00795	0.00714	0.01602	0.01264	0.07945	0.01155	0.01290	0.00924	0.00462	0.00451	0.00095	0.00443	0.00370	0.00381	0.76179
12	0.02182	0.06112	0.01737	0.01502	0.01815	0.73645	0.01137	0.02336	0.01656	0.01445	0.00910	0.01061	0.00762	0.00605	0.00527	0.00151	0.01048	0.00378	0.00302	0.00689
13	0.01316	0.01468	0.03160	0.02296	0.02828	0.01376	0.64808	0.01768	0.01365	0.01849	0.01439	0.10686	0.01252	0.00658	0.00705	0.00204	0.00920	0.00814	0.00329	0.00760
14	0.01186	0.03059	0.76153	0.01686	0.02560	0.01373	0.02185	0.01873	0.01249	0.01873	0.01061	0.01249	0.00749	0.00562	0.00562	0.00187	0.00874	0.00437	0.00250	0.00874
15	0.00846	0.00628	0.00921	0.00921	0.01017	0.00723	0.00703	0.01037	0.00942	0.01351	0.01611	0.02472	0.01543	0.11607	0.69789	0.00914	0.01487	0.00655	0.00321	0.00512
16	0.00728	0.00518	0.00684	0.00814	0.00846	0.00485	0.00539	0.00825	0.01118	0.01490	0.03185	0.74829	0.03817	0.05983	0.00875	0.00258	0.00355	0.01637	0.00539	0.00474
17	0.00721	0.00515	0.00686	0.00823	0.00858	0.00480	0.00549	0.00823	0.01132	0.01510	0.03259	0.78831	0.03911	0.01853	0.00755	0.00240	0.00343	0.01681	0.00549	0.00480
18	0.01396	0.01595	0.03490	0.02493	0.03091	0.01496	0.73380	0.01894	0.01396	0.01894	0.01196	0.01595	0.00897	0.00499	0.00698	0.00199	0.00997	0.00698	0.00299	0.00798
19	0.83394	0.01144	0.00869	0.00778	0.01144	0.01327	0.00640	0.01738	0.01006	0.02653	0.00823	0.00961	0.00640	0.00549	0.00366	0.00183	0.00457	0.00320	0.00366	0.00640
20	0.02248	0.01656	0.01775	0.01361	0.01834	0.01834	0.01124	0.73556	0.02780	0.03727	0.01420	0.01420	0.01006	0.00710	0.00592	0.00177	0.00651	0.00532	0.00592	0.01006
21	0.00766	0.00602	0.00692	0.00670	0.00840	0.00528	0.00502	0.00979	0.01507	0.01975	0.39733	0.05070	0.41310	0.01357	0.00698	0.00193	0.00290	0.01161	0.00599	0.00528
22	0.00721	0.00528	0.00677	0.00791	0.00850	0.00485	0.00536	0.00834	0.01175	0.01543	0.05444	0.67146	0.13521	0.01789	0.00746	0.00233	0.00336	0.01608	0.00552	0.00485
23	0.01654	0.70487	0.05534	0.01039	0.01554	0.02186	0.01042	0.01865	0.01243	0.07469	0.00953	0.01046	0.00816	0.00526	0.00403	0.00133	0.00630	0.00343	0.00292	0.00783
24	0.02008	0.01581	0.01819	0.01421	0.01867	0.03211	0.07250	0.52757	0.14052	0.03264	0.01599	0.03681	0.01199	0.00736	0.00606	0.00184	0.00651	0.00597	0.00561	0.00956
25	0.02291	0.01057	0.01470	0.01142	0.01562	0.00983	0.05269	0.10146	0.01713	0.53421	0.03677	0.02009	0.01473	0.01041	0.07112	0.00248	0.00629	0.00607	0.03223	0.00929
26	0.00991	0.00639	0.00840	0.00770	0.00937	0.00584	0.00584	0.01266	0.01676	0.08604	0.69041	0.04214	0.05231	0.01169	0.00689	0.00186	0.00298	0.01029	0.00658	0.00596
27	0.01227	0.08515	0.66445	0.01686	0.02516	0.01451	0.06425	0.01867	0.01254	0.01839	0.01052	0.01248	0.00759	0.00554	0.00557	0.00184	0.00864	0.00444	0.00253	0.00861
28	0.01088	0.00976	0.01253	0.05748	0.01372	0.03524	0.00912	0.01399	0.05726	0.01955	0.37055	0.02975	0.04934	0.01076	0.01102	0.00212	0.26788	0.00807	0.00478	0.00619
29	0.00721	0.00515	0.00686	0.00823	0.00858	0.00480	0.00549	0.00823	0.01132	0.01510	0.03259	0.78831	0.03911	0.01853	0.00755	0.00240	0.00343	0.01681	0.00549	0.00480
30	0.00739	0.00540	0.00700	0.00821	0.00884	0.00501	0.00574	0.00863	0.01178	0.01544	0.03572	0.63653	0.12325	0.01791	0.00754	0.00238	0.00356	0.07933	0.00549	0.00488
31	0.01299	0.01309	0.01897	0.01600	0.01631	0.01795	0.04958	0.01447	0.00931	0.01447	0.00798	0.01309	0.00782	0.01008	0.01878	0.00256	0.74213	0.00527	0.00261	0.00655
32	0.01117	0.01051	0.01774	0.77795	0.04073	0.01314	0.01642	0.01511	0.01182	0.01511	0.01051	0.01577	0.00788	0.00591	0.00591	0.00197	0.00788	0.00526	0.00263	0.00657
33	0.00721	0.00515	0.00686	0.00823	0.00858	0.00480	0.00549	0.00823	0.01132	0.01510	0.03259	0.78831	0.03911	0.01853	0.00755	0.00240	0.00343	0.01681	0.00549	0.00480
34	0.03755	0.01107	0.01840	0.64179	0.14768	0.01328	0.01637	0.01564	0.01202	0.01610	0.01053	0.01540	0.00806	0.00580	0.00583	0.00193	0.00765	0.00519	0.00271	0.00699
35	0.83394	0.01144	0.00869	0.00778	0.01144	0.01327	0.00640	0.01738	0.01006	0.02653	0.00823	0.00961	0.00640	0.00549	0.00366	0.00183	0.00457	0.00320	0.00366	0.00640
36	0.00721	0.00515	0.00686	0.00823	0.00858	0.00480	0.00549	0.00823	0.01132	0.01510	0.03259	0.78831	0.03911	0.01853	0.00755	0.00240	0.00343	0.01681	0.00549	0.00480
37	0.01102	0.00551	0.00551	0.00551	0.00689	0.00551	0.00413	0.01378	0.01240	0.02205	0.01929	0.02205	0.01516	0.00689	0.00413	0.00138	0.00276	0.00551	0.82500	0.00551
38	0.01581	0.79572	0.03099	0.01012	0.01518	0.02340	0.01012	0.01771	0.01202	0.01391	0.00822	0.00949	0.00759	0.00506	0.00379	0.00126	0.00632	0.00316	0.00253	0.00759
39	0.02182	0.02761	0.01663	0.01512	0.01817	0.74038	0.01135	0.02391	0.04384	0.01486	0.00970	0.01109	0.00801	0.00617	0.00536	0.00154	0.01044	0.00392	0.00316	0.00695
40	0.00833	0.00604	0.00784	0.00739	0.00881	0.00556	0.00554	0.01107	0.01663	0.02346	0.72981	0.04459	0.07831	0.01218	0.00698	0.00186	0.00280	0.01075	0.00648	0.00556
41	0.01511	0.66006	0.16052	0.01131	0.01703	0.02169	0.01220	0.01789	0.01210	0.01477	0.00865	0.01002	0.00757	0.00516	0.00412	0.00137	0.00675	0.00338	0.00252	0.00779
42	0.01946	0.01456	0.01497	0.01243	0.01629	0.07593	0.00994	0.25506	0.29900	0.14781	0.02038	0.01921	0.03697	0.00772	0.00621	0.00187	0.02096	0.00605	0.00587	0.00930
43	0.51522	0.01208	0.01112	0.00932	0.01311	0.01346	0.00764	0.18449	0.01526	0.08618	0.07129	0.01431	0.01191	0.00654	0.00463	0.00182	0.00491	0.00452	0.00470	0.00747
44	0.01234	0.01064	0.01247	0.00904	0.01409	0.00836	0.00725	0.01524	0.02847	0.01923	0.01073	0.01250	0.00893	0.00465	0.00489	0.00095	0.02880	0.00363	0.00353	0.78426
45	0.01186	0.03059	0.76153	0.01686	0.02560	0.01373	0.02185	0.01873	0.01249	0.01873	0.01061	0.01249	0.00749	0.00562	0.00562	0.00187	0.00874	0.00437	0.00250	0.00874
46	0.05116	0.01324	0.01755	0.01396	0.01825	0.01391	0.14563	0.09719	0.37504	0.06199	0.01839	0.01827	0.01371	0.00676	0.00588	0.00182	0.00584	0.00602	0.00509	0.11030
47	0.00860	0.00573	0.00645	0.00645	0.00645	0.00573	0.00358	0.00860	0.00860	0.01147	0.01863	0.03870	0.02150	0.79217	0.03010	0.00573	0.00573	0.00860	0.00358	0.00358
48	0.01516	0.12553	0.02005	0.01458	0.01654	0.10081	0.05828	0.05906	0.03429	0.03548	0.01004	0.01394	0.00900	0.03294	0.03031	0.00241	0.40635	0.00506	0.00312	0.00705
49	0.01581	0.79572	0.03099	0.01012	0.01518	0.02340	0.01012	0.01771	0.01202	0.01391	0.00822	0.00949	0.00759	0.00506	0.00379	0.00126	0.00632	0.00316	0.00253	0.00759
50	0.01091	0.01029	0.01523	0.01344	0.01415	0.01300	0.06274	0.01251	0.01016	0.01478	0.01671	0.20492	0.04014	0.01596	0.10023	0.00326	0.42357	0.00851	0.00348	0.00599
51	0.01186	0.03059	0.76153	0.01686	0.02560	0.01373	0.02185	0.01873	0.01249	0.01873	0.01061	0.01249	0.00749	0.00562	0.00562	0.00187	0.00874	0.00437	0.00250	0.00874
52	0.00889	0.00638	0.00869	0.00936	0.01065	0.00617	0.00769	0.01150	0.01460	0.01975	0.30361	0.11983	0.04269	0.01492	0.00766	0.00237	0.00427	0.38968	0.00585	0.00544
53	0.01102	0.00551	0.00551	0.00551	0.00689	0.00551	0.00413	0.01378	0.01240	0.02205	0.01929	0.02205	0.01516	0.00689	0.00413	0.00138	0.00276	0.00551	0.82500	0.00551
54	0.00867	0.00590	0.00712	0.00753	0.00784	0.00587	0.00498	0.00932	0.00988	0.01308	0.02251	0.11190	0.02568	0.56217	0.02354	0.00481	0.00547	0.15551	0.00414	0.00408
55	0.02165	0.01615	0.01728	0.01344	0.01802	0.01795	0.01104	0.66042	0.10429	0.03593	0.01525	0.01504	0.01091	0.00720	0.00593	0.00180	0.00631	0.00547	0.00593	0.00998
56	0.00738	0.00570	0.00680	0.00758	0.00875	0.00512	0.00553	0.00881	0.01252	0.01578	0.04420	0.38933	0.34579	0.01674	0.00738	0.00226	0.00348	0.09639	0.00549	0.00496
57	0.01131	0.01056	0.01775	0.67320	0.09961	0.01282	0.01608	0.01510	0.01200	0.01554	0.01173	0.03828	0.00958	0.00649	0.00601	0.00198	0.00762	0.02480	0.00281	0.00673
58	0.12053	0.06984	0.01994	0.11685	0.06270	0.05421	0.18674	0.03460	0.04528	0.09524	0.08098	0.04307	0.03060	0.00696	0.00587	0.00186	0.00679	0.00633	0.00408	0.00751
59	0.16884	0.01141	0.01260	0.01004	0.01429	0.02754	0.03323	0.04719	0.11485	0.06344	0.05409	0.01751	0.01348	0.00630	0.00502	0.00148	0.00487	0.03128	0.00440	0.35815

[dist]
# distance from previous block
# <min> <max>
1	12

[block]
# block no. 1 follows, 39 sequences, length 12
# corresponding to MSA columns:
# 127-138
name=unknown_B
#
# <colnr> <probs for GDERKNQSTAVLIFYWHMCP>
#	G	D	E	R	K	N	Q	S	T	A	V	L	I	F	Y	W	H	M	C	P
0	0.01469	0.01160	0.01865	0.01410	0.01858	0.01051	0.21966	0.06430	0.03390	0.12223	0.09845	0.04071	0.01768	0.00725	0.00612	0.00169	0.00612	0.05470	0.00462	0.23445
1	0.01191	0.00974	0.01148	0.00873	0.01294	0.00796	0.00691	0.06084	0.01445	0.02160	0.20472	0.02074	0.02115	0.00657	0.00516	0.00119	0.00410	0.00550	0.00445	0.55986
2	0.00762	0.00546	0.00717	0.00834	0.00890	0.00515	0.00585	0.00888	0.01170	0.01550	0.05501	0.59312	0.06782	0.06797	0.00905	0.00262	0.00380	0.10580	0.00539	0.00484
3	0.01240	0.00956	0.01166	0.01081	0.01308	0.04060	0.04487	0.08085	0.10833	0.06746	0.04258	0.35045	0.02710	0.01285	0.00681	0.00212	0.00488	0.08558	0.00537	0.06266
4	0.00737	0.00528	0.00701	0.00812	0.00861	0.00491	0.00550	0.00865	0.01210	0.01633	0.13598	0.68139	0.04151	0.01760	0.00747	0.00232	0.00334	0.01593	0.00564	0.00491
5	0.01117	0.01051	0.01774	0.77795	0.04073	0.01314	0.01642	0.01511	0.01182	0.01511	0.01051	0.01577	0.00788	0.00591	0.00591	0.00197	0.00788	0.00526	0.00263	0.00657
6	0.00837	0.00604	0.00790	0.00744	0.00883	0.00558	0.00558	0.01116	0.01674	0.02371	0.75216	0.04417	0.05580	0.01209	0.00697	0.00186	0.00279	0.01069	0.00651	0.00558
7	0.01117	0.01051	0.01774	0.77795	0.04073	0.01314	0.01642	0.01511	0.01182	0.01511	0.01051	0.01577	0.00788	0.00591	0.00591	0.00197	0.00788	0.00526	0.00263	0.00657
8	0.01177	0.01113	0.01883	0.64859	0.16536	0.01330	0.01672	0.01564	0.01211	0.01584	0.01062	0.01557	0.00814	0.00580	0.00590	0.00193	0.00773	0.00526	0.00268	0.00706
9	0.02598	0.01095	0.01427	0.01094	0.01554	0.01000	0.00904	0.12461	0.01840	0.66150	0.02209	0.01932	0.01402	0.00729	0.00594	0.00182	0.00523	0.00586	0.00713	0.01006
10	0.00930	0.00829	0.01136	0.01101	0.01236	0.06032	0.09986	0.01102	0.01234	0.01596	0.05005	0.56935	0.03322	0.01558	0.00734	0.00229	0.00488	0.05503	0.00502	0.00542
11	0.10190	0.71320	0.02864	0.00987	0.01478	0.02233	0.00973	0.01767	0.01181	0.01524	0.00822	0.00950	0.00746	0.00510	0.00378	0.00132	0.00614	0.00317	0.00265	0.00746

[dist]
# distance from previous block
# <min> <max>
0	3

[block]
# block no. 2 follows, 39 sequences, length 16
# corresponding to MSA columns:
# 142-157
name=unknown_C
#
# <colnr> <probs for GDERKNQSTAVLIFYWHMCP>
#	G	D	E	R	K	N	Q	S	T	A	V	L	I	F	Y	W	H	M	C	P
0	0.01369	0.01254	0.01907	0.25798	0.02628	0.03807	0.16277	0.06547	0.09128	0.04372	0.05269	0.01807	0.02689	0.00632	0.00596	0.00176	0.00696	0.00589	0.00385	0.14074
1	0.01516	0.65449	0.11573	0.01126	0.01642	0.02192	0.01168	0.01760	0.01188	0.01450	0.00847	0.01007	0.00759	0.00547	0.00504	0.00142	0.05768	0.00344	0.00253	0.00765
2	0.01568	0.00832	0.01122	0.01081	0.01337	0.00797	0.00918	0.03919	0.03928	0.26560	0.02795	0.06904	0.02649	0.01285	0.00727	0.00236	0.00525	0.41482	0.00610	0.00723
3	0.01309	0.01049	0.01235	0.00886	0.01408	0.00793	0.00711	0.01570	0.01253	0.06217	0.01125	0.01272	0.00910	0.00455	0.00447	0.00093	0.00442	0.00365	0.00372	0.78089
4	0.00939	0.00553	0.00747	0.00758	0.00775	0.00561	0.00500	0.00850	0.00858	0.01151	0.01547	0.05333	0.01675	0.29754	0.08651	0.39921	0.00620	0.04150	0.00322	0.00337
5	0.01396	0.01595	0.03490	0.02493	0.03091	0.01496	0.73380	0.01894	0.01396	0.01894	0.01196	0.01595	0.00897	0.00499	0.00698	0.00199	0.00997	0.00698	0.00299	0.00798
6	0.00751	0.00536	0.00721	0.00858	0.00905	0.00506	0.00601	0.00876	0.01162	0.01543	0.03243	0.69455	0.03845	0.01824	0.00763	0.00244	0.00369	0.10759	0.00548	0.00489
7	0.01129	0.01075	0.01849	0.74488	0.04030	0.01322	0.04793	0.01528	0.01192	0.01528	0.01057	0.01577	0.00793	0.00587	0.00596	0.00197	0.00797	0.00533	0.00264	0.00663
8	0.00845	0.00634	0.00950	0.00950	0.01056	0.00739	0.00739	0.01056	0.00950	0.01373	0.01584	0.02323	0.01478	0.04435	0.76873	0.00950	0.01584	0.00634	0.00317	0.00528
9	0.00720	0.00589	0.00636	0.00648	0.00818	0.00505	0.00477	0.00881	0.01363	0.01689	0.14863	0.15025	0.56722	0.01505	0.00706	0.00203	0.00302	0.01281	0.00563	0.00505
10	0.83394	0.01144	0.00869	0.00778	0.01144	0.01327	0.00640	0.01738	0.01006	0.02653	0.00823	0.00961	0.00640	0.00549	0.00366	0.00183	0.00457	0.00320	0.00366	0.00640
11	0.01481	0.01716	0.03219	0.02346	0.02886	0.09771	0.62364	0.01925	0.01405	0.01825	0.01147	0.01524	0.00877	0.00534	0.00733	0.00197	0.04317	0.00655	0.00298	0.00779
12	0.01250	0.01129	0.01533	0.01106	0.01619	0.00919	0.09810	0.01537	0.01234	0.01902	0.01058	0.01275	0.00874	0.00470	0.00533	0.00109	0.03727	0.00401	0.00340	0.69173
13	0.01221	0.09783	0.69733	0.01626	0.02468	0.01458	0.02082	0.01864	0.01244	0.01831	0.01040	0.01222	0.00750	0.00557	0.00546	0.00182	0.00853	0.00426	0.00250	0.00864
14	0.05836	0.00574	0.00713	0.00800	0.00880	0.00551	0.00555	0.00926	0.01204	0.01694	0.12585	0.57794	0.08307	0.01734	0.02720	0.00246	0.00372	0.01463	0.00545	0.00503
15	0.59471	0.19242	0.01412	0.00858	0.01254	0.01569	0.00744	0.01832	0.05581	0.02351	0.00921	0.01035	0.00740	0.00555	0.00384	0.00171	0.00498	0.00341	0.00354	0.00686

[dist]
# distance from previous block
# <min> <max>
0	4

[block]
# block no. 3 follows, 39 sequences, length 56
# corresponding to MSA columns:
# 162-217
name=unknown_D
#
# <colnr> <probs for GDERKNQSTAVLIFYWHMCP>
#	G	D	E	R	K	N	Q	S	T	A	V	L	I	F	Y	W	H	M	C	P
0	0.01482	0.01249	0.02105	0.16136	0.47085	0.01276	0.04141	0.01822	0.01350	0.09742	0.01387	0.04337	0.01162	0.00647	0.00606	0.00187	0.00688	0.03385	0.00353	0.00859
1	0.01967	0.01743	0.01785	0.09899	0.09922	0.15440	0.01241	0.38882	0.08527	0.02768	0.01341	0.01446	0.01000	0.00667	0.00581	0.00177	0.00731	0.00515	0.00472	0.00896
2	0.01139	0.01094	0.01909	0.71878	0.03996	0.01328	0.07280	0.01541	0.01199	0.01541	0.01063	0.01578	0.00797	0.00584	0.00600	0.00197	0.00805	0.00539	0.00266	0.00668
3	0.01226	0.01051	0.01226	0.00876	0.01401	0.00788	0.00701	0.01489	0.01226	0.01927	0.01051	0.01226	0.00876	0.00438	0.00438	0.00088	0.00438	0.00350	0.00350	0.82832
4	0.01471	0.01270	0.01337	0.01203	0.01538	0.01471	0.00936	0.03142	0.74459	0.02474	0.02407	0.02206	0.01805	0.00802	0.00602	0.00201	0.00468	0.00669	0.00602	0.00936
5	0.00791	0.00582	0.00704	0.00746	0.00876	0.00521	0.00543	0.00956	0.01337	0.03401	0.17623	0.32527	0.30274	0.01566	0.00723	0.00216	0.00330	0.05195	0.00572	0.00517
6	0.00829	0.00602	0.00781	0.00741	0.00880	0.00554	0.00554	0.01098	0.01647	0.02319	0.70688	0.06466	0.08147	0.01237	0.00699	0.00188	0.00281	0.01093	0.00644	0.00554
7	0.01117	0.01051	0.01774	0.77795	0.04073	0.01314	0.01642	0.01511	0.01182	0.01511	0.01051	0.01577	0.00788	0.00591	0.00591	0.00197	0.00788	0.00526	0.00263	0.00657
8	0.02275	0.01639	0.01745	0.01343	0.01811	0.03564	0.01107	0.66949	0.02679	0.08680	0.01471	0.01452	0.01032	0.00709	0.00590	0.00177	0.00650	0.00533	0.00594	0.00998
9	0.02124	0.01537	0.01642	0.01273	0.01710	0.01695	0.01047	0.65737	0.02614	0.03562	0.01475	0.01505	0.01061	0.00708	0.00572	0.00173	0.00610	0.00534	0.09465	0.00956
10	0.00745	0.00576	0.00672	0.00737	0.00856	0.00517	0.00534	0.00881	0.01237	0.01553	0.04406	0.32162	0.36576	0.07031	0.00892	0.00248	0.00361	0.08994	0.00535	0.00488
11	0.01581	0.79572	0.03099	0.01012	0.01518	0.02340	0.01012	0.01771	0.01202	0.01391	0.00822	0.00949	0.00759	0.00506	0.00379	0.00126	0.00632	0.00316	0.00253	0.00759
12	0.00782	0.00600	0.00649	0.00649	0.00828	0.00526	0.00495	0.00976	0.01394	0.01809	0.17492	0.05150	0.50712	0.01368	0.00675	0.00195	0.00308	0.05428	0.09445	0.00518
13	0.30344	0.01099	0.01228	0.00979	0.01406	0.01093	0.00808	0.07391	0.01532	0.45770	0.01751	0.01611	0.01149	0.00668	0.00516	0.00183	0.00498	0.00496	0.00597	0.00881
14	0.01249	0.00837	0.00864	0.00811	0.01027	0.00917	0.00621	0.02080	0.30364	0.02312	0.02119	0.02205	0.01631	0.00734	0.00488	0.00163	0.00352	0.00598	0.49923	0.00704
15	0.02029	0.01547	0.01651	0.01316	0.01750	0.01731	0.01071	0.53664	0.23029	0.03373	0.01699	0.01642	0.01232	0.00736	0.00594	0.00184	0.00599	0.00571	0.00594	0.00986
16	0.10374	0.01899	0.01554	0.01277	0.01688	0.27798	0.01011	0.28402	0.01951	0.05269	0.01164	0.01244	0.00882	0.00620	0.00526	0.00157	0.00740	0.00434	0.00439	0.12571
17	0.10409	0.01244	0.01342	0.01189	0.01503	0.01435	0.00956	0.12077	0.42470	0.04096	0.02055	0.02350	0.01652	0.00863	0.00695	0.00207	0.06232	0.07824	0.00547	0.00854
18	0.00784	0.00594	0.00722	0.00709	0.00855	0.00532	0.00524	0.01006	0.01521	0.02052	0.47124	0.12384	0.26312	0.01361	0.00704	0.00196	0.00292	0.01185	0.00610	0.00532
19	0.00799	0.00599	0.00742	0.00742	0.00875	0.00550	0.00543	0.01046	0.03081	0.02039	0.44739	0.20252	0.19020	0.01393	0.00708	0.00200	0.00301	0.01225	0.00608	0.00538
20	0.01325	0.30008	0.50422	0.01448	0.02193	0.01714	0.01772	0.01837	0.01232	0.01703	0.00977	0.01143	0.00753	0.00542	0.00498	0.00166	0.00789	0.00394	0.00251	0.00833
21	0.00860	0.00573	0.00645	0.00645	0.00645	0.00573	0.00358	0.00860	0.00860	0.01147	0.01863	0.03870	0.02150	0.79217	0.03010	0.00573	0.00573	0.00860	0.00358	0.00358
22	0.00721	0.00515	0.00686	0.00823	0.00858	0.00480	0.00549	0.00823	0.01132	0.01510	0.03259	0.78831	0.03911	0.01853	0.00755	0.00240	0.00343	0.01681	0.00549	0.00480
23	0.01595	0.01481	0.01397	0.01250	0.01586	0.10979	0.00970	0.05827	0.62458	0.02394	0.02180	0.02032	0.01642	0.00774	0.00593	0.00194	0.00551	0.00627	0.00564	0.00907
24	0.05670	0.02954	0.72046	0.01636	0.02482	0.01371	0.02101	0.01866	0.01235	0.01915	0.01048	0.01233	0.00743	0.00561	0.00551	0.00187	0.00851	0.00431	0.00256	0.00861
25	0.00801	0.00572	0.00778	0.00915	0.00985	0.00550	0.00688	0.00962	0.01211	0.01599	0.03215	0.53909	0.03736	0.01777	0.00776	0.00251	0.00413	0.25810	0.00547	0.00503
26	0.83394	0.01144	0.00869	0.00778	0.01144	0.01327	0.00640	0.01738	0.01006	0.02653	0.00823	0.00961	0.00640	0.00549	0.00366	0.00183	0.00457	0.00320	0.00366	0.00640
27	0.01045	0.00556	0.00573	0.00573	0.00679	0.00556	0.00400	0.01255	0.01150	0.01954	0.01914	0.02599	0.01666	0.19275	0.01028	0.00241	0.00346	0.00624	0.63058	0.00506
28	0.01199	0.01173	0.01798	0.67256	0.07083	0.05458	0.01609	0.01568	0.01206	0.01523	0.01036	0.01533	0.00793	0.00607	0.00641	0.00196	0.03867	0.00517	0.00266	0.00671
29	0.00785	0.00572	0.00751	0.00852	0.00939	0.00537	0.00633	0.00953	0.01271	0.01680	0.11975	0.46057	0.11266	0.01691	0.00757	0.00237	0.00377	0.17602	0.00560	0.00506
30	0.01458	0.55665	0.25925	0.01222	0.01843	0.02038	0.01378	0.01803	0.01216	0.01542	0.00897	0.01042	0.00756	0.00523	0.00436	0.00145	0.00708	0.00354	0.00252	0.00795
31	0.00860	0.00575	0.00655	0.00655	0.00659	0.00579	0.00371	0.00866	0.00863	0.01154	0.01854	0.03819	0.02128	0.76760	0.05436	0.00586	0.00607	0.00853	0.00357	0.00364
32	0.01186	0.03059	0.76153	0.01686	0.02560	0.01373	0.02185	0.01873	0.01249	0.01873	0.01061	0.01249	0.00749	0.00562	0.00562	0.00187	0.00874	0.00437	0.00250	0.00874
33	0.00845	0.00634	0.00950	0.00950	0.01056	0.00739	0.00739	0.01056	0.00950	0.01373	0.01584	0.02323	0.01478	0.04435	0.76873	0.00950	0.01584	0.00634	0.00317	0.00528
34	0.00971	0.00777	0.00832	0.00773	0.00999	0.00745	0.00591	0.10465	0.06627	0.02021	0.13223	0.10073	0.47028	0.01339	0.00682	0.00198	0.00357	0.01125	0.00570	0.00601
35	0.01739	0.00970	0.01181	0.00985	0.01310	0.00949	0.00784	0.11305	0.11509	0.28780	0.23066	0.04468	0.08461	0.00956	0.00636	0.00188	0.00435	0.00803	0.00656	0.00820
36	0.01274	0.01228	0.02134	0.43133	0.32887	0.01362	0.06182	0.01658	0.01262	0.01705	0.01085	0.01532	0.00855	0.00559	0.00596	0.00189	0.00767	0.00537	0.00277	0.00779
37	0.83394	0.01144	0.00869	0.00778	0.01144	0.01327	0.00640	0.01738	0.01006	0.02653	0.00823	0.00961	0.00640	0.00549	0.00366	0.00183	0.00457	0.00320	0.00366	0.00640
38	0.00847	0.00627	0.00917	0.00917	0.01010	0.00721	0.00697	0.01034	0.00940	0.01348	0.01615	0.02495	0.01553	0.12727	0.68683	0.00909	0.01472	0.00659	0.00321	0.00509
39	0.00920	0.00661	0.00913	0.01044	0.01172	0.00654	0.00893	0.01171	0.01338	0.01737	0.03256	0.13762	0.06285	0.01650	0.00806	0.00266	0.00515	0.61875	0.00545	0.00536
40	0.00860	0.00573	0.00645	0.00645	0.00645	0.00573	0.00358	0.00860	0.00860	0.01147	0.01863	0.03870	0.02150	0.79217	0.03010	0.00573	0.00573	0.00860	0.00358	0.00358
41	0.01095	0.01022	0.01714	0.73597	0.03898	0.01268	0.01583	0.01473	0.01180	0.01511	0.01172	0.05791	0.00959	0.00660	0.00600	0.00199	0.00764	0.00589	0.00278	0.00647
42	0.01464	0.01405	0.02400	0.03630	0.75528	0.01405	0.01815	0.01815	0.01347	0.01932	0.01112	0.01464	0.00937	0.00527	0.00585	0.00176	0.00703	0.00527	0.00293	0.00937
43	0.83394	0.01144	0.00869	0.00778	0.01144	0.01327	0.00640	0.01738	0.01006	0.02653	0.00823	0.00961	0.00640	0.00549	0.00366	0.00183	0.00457	0.00320	0.00366	0.00640
44	0.01117	0.01051	0.01774	0.77795	0.04073	0.01314	0.01642	0.01511	0.01182	0.01511	0.01051	0.01577	0.00788	0.00591	0.00591	0.00197	0.00788	0.00526	0.00263	0.00657
45	0.00947	0.00676	0.00946	0.01082	0.01215	0.00675	0.00942	0.01215	0.01355	0.01763	0.03135	0.08597	0.03417	0.01640	0.00815	0.00271	0.00539	0.69682	0.00545	0.00543
46	0.01464	0.01405	0.02400	0.03630	0.75528	0.01405	0.01815	0.01815	0.01347	0.01932	0.01112	0.01464	0.00937	0.00527	0.00585	0.00176	0.00703	0.00527	0.00293	0.00937
47	0.00736	0.00601	0.00651	0.00638	0.00822	0.00515	0.00479	0.00921	0.01436	0.01807	0.24709	0.05347	0.56439	0.01420	0.00699	0.00196	0.00294	0.01200	0.00577	0.00515
48	0.01471	0.01270	0.01337	0.01203	0.01538	0.01471	0.00936	0.03142	0.74459	0.02474	0.02407	0.02206	0.01805	0.00802	0.00602	0.00201	0.00468	0.00669	0.00602	0.00936
49	0.00837	0.00604	0.00790	0.00744	0.00883	0.00558	0.00558	0.01116	0.01674	0.02371	0.75216	0.04417	0.05580	0.01209	0.00697	0.00186	0.00279	0.01069	0.00651	0.00558
50	0.02300	0.01532	0.01693	0.01302	0.01769	0.01654	0.01074	0.59276	0.04388	0.16479	0.01606	0.01545	0.01107	0.00716	0.00592	0.00179	0.00620	0.00547	0.00617	0.01004
51	0.01464	0.01405	0.02400	0.03630	0.75528	0.01405	0.01815	0.01815	0.01347	0.01932	0.01112	0.01464	0.00937	0.00527	0.00585	0.00176	0.00703	0.00527	0.00293	0.00937
52	0.00715	0.00590	0.00628	0.00638	0.00814	0.00503	0.00471	0.00873	0.01358	0.01667	0.12751	0.13485	0.60450	0.01507	0.00705	0.00203	0.00302	0.01277	0.00560	0.00503
53	0.00851	0.00606	0.00717	0.00775	0.03641	0.00588	0.00451	0.00903	0.00995	0.01311	0.05227	0.10198	0.11771	0.56845	0.02345	0.00468	0.00513	0.00972	0.00407	0.00417
54	0.01511	0.01389	0.02360	0.03528	0.72612	0.01384	0.01778	0.01857	0.01360	0.04847	0.01160	0.01485	0.00958	0.00535	0.00586	0.00176	0.00695	0.00530	0.00310	0.00939
55	0.01035	0.00749	0.00891	0.00907	0.01095	0.02764	0.00743	0.01321	0.04185	0.06993	0.16796	0.05351	0.23122	0.01398	0.00732	0.00225	0.00439	0.30097	0.00574	0.00585

[dist]
# distance from previous block
# <min> <max>
2	15

[block]
# block no. 4 follows, 39 sequences, length 12
# corresponding to MSA columns:
# 233-244
name=unknown_E
#
# <colnr> <probs for GDERKNQSTAVLIFYWHMCP>
#	G	D	E	R	K	N	Q	S	T	A	V	L	I	F	Y	W	H	M	C	P
0	0.01220	0.02841	0.65912	0.01874	0.07470	0.01384	0.07370	0.01871	0.01266	0.01878	0.01075	0.01288	0.00773	0.00555	0.00573	0.00187	0.00872	0.00462	0.00256	0.00873
1	0.01410	0.01005	0.01206	0.00924	0.01380	0.00812	0.00736	0.01734	0.05314	0.13161	0.01550	0.07256	0.01321	0.00645	0.00506	0.00125	0.00446	0.02829	0.00443	0.57196
2	0.00741	0.00592	0.00668	0.00697	0.00855	0.00518	0.00522	0.00910	0.01353	0.01696	0.14211	0.18398	0.47924	0.01534	0.00718	0.00211	0.00325	0.07057	0.00562	0.00507
3	0.02135	0.01548	0.01654	0.01281	0.01721	0.01708	0.01054	0.66447	0.02629	0.03577	0.01470	0.01497	0.01056	0.00708	0.00574	0.00174	0.00614	0.00534	0.08659	0.00961
4	0.01405	0.01716	0.08480	0.04529	0.02871	0.05675	0.55744	0.01870	0.01368	0.01841	0.01144	0.01510	0.00870	0.00529	0.00708	0.00192	0.03756	0.00632	0.00296	0.04863
5	0.02248	0.01656	0.01775	0.01361	0.01834	0.01834	0.01124	0.73556	0.02780	0.03727	0.01420	0.01420	0.01006	0.00710	0.00592	0.00177	0.00651	0.00532	0.00592	0.01006
6	0.00845	0.00634	0.00950	0.00950	0.01056	0.00739	0.00739	0.01056	0.00950	0.01373	0.01584	0.02323	0.01478	0.04435	0.76873	0.00950	0.01584	0.00634	0.00317	0.00528
7	0.00719	0.00522	0.00679	0.00804	0.00853	0.00482	0.00540	0.00826	0.01151	0.01517	0.03500	0.72394	0.10193	0.01821	0.00750	0.00237	0.00339	0.01643	0.00549	0.00482
8	0.00837	0.00604	0.00790	0.00744	0.00883	0.00558	0.00558	0.01116	0.01674	0.02371	0.75216	0.04417	0.05580	0.01209	0.00697	0.00186	0.00279	0.01069	0.00651	0.00558
9	0.01186	0.03059	0.76153	0.01686	0.02560	0.01373	0.02185	0.01873	0.01249	0.01873	0.01061	0.01249	0.00749	0.00562	0.00562	0.00187	0.00874	0.00437	0.00250	0.00874
10	0.00733	0.00524	0.00697	0.00815	0.00861	0.00489	0.00550	0.00855	0.01191	0.01603	0.11051	0.70773	0.04092	0.01783	0.00749	0.00234	0.00336	0.01615	0.00560	0.00489
11	0.02248	0.01656	0.01775	0.01361	0.01834	0.01834	0.01124	0.73556	0.02780	0.03727	0.01420	0.01420	0.01006	0.00710	0.00592	0.00177	0.00651	0.00532	0.00592	0.01006

[dist]
# distance from previous block
# <min> <max>
0	44

[block]
# block no. 5 follows, 39 sequences, length 35
# corresponding to MSA columns:
# 289-323
name=unknown_F
#
# <colnr> <probs for GDERKNQSTAVLIFYWHMCP>
#	G	D	E	R	K	N	Q	S	T	A	V	L	I	F	Y	W	H	M	C	P
0	0.00837	0.00604	0.00790	0.00744	0.00883	0.00558	0.00558	0.01116	0.01674	0.02371	0.75216	0.04417	0.05580	0.01209	0.00697	0.00186	0.00279	0.01069	0.00651	0.00558
1	0.00743	0.00532	0.00706	0.00808	0.00863	0.00495	0.00551	0.00879	0.01235	0.01673	0.16936	0.64687	0.04228	0.01730	0.00744	0.00230	0.00331	0.01565	0.00568	0.00495
2	0.02653	0.01006	0.01372	0.01052	0.01510	0.00869	0.00869	0.02882	0.01693	0.75937	0.02333	0.02013	0.01464	0.00732	0.00595	0.00183	0.00503	0.00595	0.00732	0.01006
3	0.01232	0.01071	0.01273	0.00930	0.01414	0.00870	0.00748	0.01484	0.01201	0.01887	0.01029	0.01232	0.00868	0.00486	0.00558	0.00101	0.06668	0.00364	0.00343	0.76242
4	0.01967	0.01688	0.01796	0.03596	0.03494	0.13519	0.07219	0.35169	0.15048	0.06240	0.01565	0.03332	0.01181	0.00713	0.00597	0.00182	0.00704	0.00576	0.00513	0.00902
5	0.83394	0.01144	0.00869	0.00778	0.01144	0.01327	0.00640	0.01738	0.01006	0.02653	0.00823	0.00961	0.00640	0.00549	0.00366	0.00183	0.00457	0.00320	0.00366	0.00640
6	0.01405	0.01506	0.03092	0.02249	0.02778	0.01448	0.60245	0.07352	0.01471	0.01994	0.01369	0.07768	0.01145	0.00636	0.00723	0.00202	0.02730	0.00760	0.00341	0.00785
7	0.01604	0.62080	0.08904	0.01126	0.01635	0.09476	0.01118	0.01902	0.04717	0.01488	0.00926	0.01044	0.00808	0.00535	0.00420	0.00138	0.00687	0.00349	0.00274	0.00770
8	0.02545	0.01179	0.01402	0.01099	0.01535	0.07179	0.00896	0.06499	0.01748	0.63952	0.04199	0.01971	0.01497	0.00734	0.00592	0.00180	0.00551	0.00587	0.00687	0.00967
9	0.00727	0.00596	0.00640	0.00638	0.00818	0.00510	0.00475	0.00899	0.01401	0.01743	0.19229	0.08892	0.58465	0.01459	0.00701	0.00199	0.00298	0.01234	0.00569	0.00510
10	0.26760	0.01047	0.01222	0.00970	0.01400	0.01006	0.00801	0.02541	0.01488	0.54057	0.01882	0.01699	0.01218	0.00677	0.00526	0.00183	0.00490	0.00513	0.00623	0.00897
11	0.01238	0.13067	0.66597	0.01597	0.02423	0.01500	0.02032	0.01859	0.01242	0.01810	0.01030	0.01209	0.00750	0.00555	0.00538	0.00179	0.00842	0.00421	0.00250	0.00859
12	0.01498	0.63431	0.18510	0.01154	0.01738	0.02136	0.01259	0.01792	0.01212	0.01493	0.00873	0.01012	0.00757	0.00518	0.00418	0.00139	0.00683	0.00342	0.00252	0.00783
13	0.00919	0.00667	0.00905	0.01014	0.01156	0.00653	0.00872	0.01180	0.01385	0.01801	0.09191	0.06394	0.10593	0.01586	0.00796	0.00258	0.00499	0.59036	0.00554	0.00541
14	0.01173	0.01108	0.01875	0.65826	0.15604	0.01329	0.01670	0.01560	0.01209	0.01579	0.01061	0.01558	0.00812	0.00581	0.00590	0.00194	0.00774	0.00526	0.00268	0.00702
15	0.01424	0.01004	0.01016	0.00900	0.01164	0.08276	0.00696	0.09297	0.01629	0.16231	0.14334	0.10097	0.27258	0.01145	0.00648	0.00189	0.00453	0.00953	0.02610	0.00678
16	0.00860	0.00573	0.00645	0.00645	0.00645	0.00573	0.00358	0.00860	0.00860	0.01147	0.01863	0.03870	0.02150	0.79217	0.03010	0.00573	0.00573	0.00860	0.00358	0.00358
17	0.02653	0.01006	0.01372	0.01052	0.01510	0.00869	0.00869	0.02882	0.01693	0.75937	0.02333	0.02013	0.01464	0.00732	0.00595	0.00183	0.00503	0.00595	0.00732	0.01006
18	0.01262	0.17747	0.62129	0.01556	0.02360	0.01559	0.01960	0.01853	0.01240	0.01780	0.01015	0.01191	0.00751	0.00551	0.00527	0.00176	0.00828	0.00414	0.00250	0.00852
19	0.01401	0.01580	0.03405	0.02581	0.08706	0.01489	0.67832	0.01888	0.01392	0.01897	0.01190	0.01585	0.00900	0.00501	0.00689	0.00198	0.00974	0.00685	0.00299	0.00808
20	0.00721	0.00515	0.00686	0.00823	0.00858	0.00480	0.00549	0.00823	0.01132	0.01510	0.03259	0.78831	0.03911	0.01853	0.00755	0.00240	0.00343	0.01681	0.00549	0.00480
21	0.01298	0.01236	0.02100	0.39128	0.41327	0.01361	0.01732	0.01669	0.01268	0.01730	0.01083	0.01518	0.00866	0.00558	0.00588	0.00186	0.00744	0.00526	0.00278	0.00803
22	0.01226	0.01051	0.01226	0.00876	0.01401	0.00788	0.00701	0.01489	0.01226	0.01927	0.01051	0.01226	0.00876	0.00438	0.00438	0.00088	0.00438	0.00350	0.00350	0.82832
23	0.00721	0.00515	0.00686	0.00823	0.00858	0.00480	0.00549	0.00823	0.01132	0.01510	0.03259	0.78831	0.03911	0.01853	0.00755	0.00240	0.00343	0.01681	0.00549	0.00480
24	0.00837	0.00604	0.00790	0.00744	0.00883	0.00558	0.00558	0.01116	0.01674	0.02371	0.75216	0.04417	0.05580	0.01209	0.00697	0.00186	0.00279	0.01069	0.00651	0.00558
25	0.01274	0.01386	0.02755	0.02048	0.02511	0.03371	0.52539	0.01680	0.01379	0.01838	0.05201	0.08381	0.05749	0.00770	0.00736	0.00206	0.02833	0.04259	0.00361	0.00724
26	0.00721	0.00515	0.00686	0.00823	0.00858	0.00480	0.00549	0.00823	0.01132	0.01510	0.03259	0.78831	0.03911	0.01853	0.00755	0.00240	0.00343	0.01681	0.00549	0.00480
27	0.01273	0.19869	0.60103	0.01538	0.02331	0.01586	0.01927	0.01850	0.01238	0.01767	0.01009	0.01183	0.00751	0.00550	0.00522	0.00174	0.00821	0.00410	0.00250	0.00849
28	0.01464	0.01405	0.02400	0.03630	0.75528	0.01405	0.01815	0.01815	0.01347	0.01932	0.01112	0.01464	0.00937	0.00527	0.00585	0.00176	0.00703	0.00527	0.00293	0.00937
29	0.00722	0.00600	0.00632	0.00624	0.00813	0.00509	0.00468	0.00894	0.01403	0.01729	0.17778	0.05474	0.63418	0.01449	0.00699	0.00197	0.00296	0.01218	0.00567	0.00509
30	0.01642	0.72082	0.02960	0.01062	0.01548	0.09610	0.01025	0.01828	0.01248	0.01397	0.00831	0.00960	0.00759	0.00516	0.00394	0.00129	0.00675	0.00323	0.00258	0.00752
31	0.00845	0.00631	0.00940	0.00940	0.01041	0.00733	0.00726	0.01049	0.00947	0.01365	0.01594	0.02378	0.01502	0.07082	0.74259	0.00937	0.01548	0.00642	0.00318	0.00522
32	0.01467	0.01380	0.02284	0.03372	0.68287	0.01384	0.01716	0.05376	0.01419	0.02006	0.01359	0.01661	0.04457	0.00582	0.00591	0.00177	0.00681	0.00561	0.00320	0.00920
33	0.01134	0.01062	0.01753	0.74069	0.03950	0.01322	0.01608	0.01590	0.04747	0.01558	0.01117	0.01607	0.00838	0.00602	0.00592	0.00197	0.00773	0.00533	0.00279	0.00671
34	0.04820	0.00656	0.00965	0.00969	0.01071	0.00629	0.07644	0.00976	0.01128	0.01572	0.02820	0.61065	0.03307	0.08304	0.00924	0.00262	0.00432	0.01448	0.00499	0.00509

[dist]
# distance from previous block
# <min> <max>
0	8

# created by:
# /home/cegg/simao/soft/augustus-3.2.1/scripts/msa2prfl.pl ./align_prep/EOG090W0CMI.fa
