[name]
unknown

[dist]
# distance from previous block
# <min> <max>
0	209

[block]
# block no. 0 follows, 33 sequences, length 45
# corresponding to MSA columns:
# 225-269
name=unknown_A
#
# <colnr> <probs for GDERKNQSTAVLIFYWHMCP>
#	G	D	E	R	K	N	Q	S	T	A	V	L	I	F	Y	W	H	M	C	P
0	0.00964	0.00710	0.00920	0.00945	0.01100	0.00678	0.00743	0.01293	0.04023	0.02296	0.39185	0.12982	0.10568	0.01557	0.00815	0.00241	0.00406	0.19287	0.00670	0.00617
1	0.01593	0.01560	0.02497	0.15550	0.55640	0.04605	0.01933	0.01972	0.01464	0.02028	0.01202	0.01624	0.01000	0.00626	0.00713	0.00202	0.03927	0.00579	0.00319	0.00967
2	0.00943	0.00696	0.01010	0.01010	0.01111	0.00797	0.00763	0.01145	0.01044	0.01493	0.01807	0.02829	0.01751	0.15088	0.64248	0.00999	0.01605	0.00741	0.00359	0.00561
3	0.00801	0.00577	0.00760	0.00907	0.00952	0.00536	0.00607	0.00918	0.01270	0.01684	0.03746	0.73719	0.06993	0.02047	0.00838	0.00266	0.00380	0.01853	0.00611	0.00536
4	0.21483	0.02332	0.03671	0.01476	0.01899	0.36416	0.03598	0.13022	0.03594	0.02410	0.01144	0.01285	0.00896	0.00673	0.00564	0.00184	0.00901	0.00455	0.00414	0.03583
5	0.01554	0.01776	0.03885	0.02775	0.03441	0.01665	0.70366	0.02109	0.01554	0.02109	0.01332	0.01776	0.00999	0.00555	0.00777	0.00222	0.01110	0.00777	0.00333	0.00888
6	0.01789	0.09312	0.14223	0.02160	0.14626	0.01777	0.13181	0.15940	0.11302	0.04731	0.01508	0.01675	0.01141	0.00691	0.00695	0.00204	0.03006	0.00604	0.00442	0.00994
7	0.01373	0.06370	0.65050	0.01802	0.02703	0.04583	0.02267	0.02074	0.01424	0.02062	0.03616	0.01489	0.01020	0.00650	0.00621	0.00204	0.00948	0.00503	0.00296	0.00947
8	0.02929	0.01160	0.01553	0.01190	0.01701	0.01027	0.00983	0.06935	0.01951	0.69392	0.02541	0.02204	0.01601	0.00813	0.00662	0.00203	0.00569	0.00658	0.00806	0.01120
9	0.01150	0.00850	0.00871	0.00819	0.01082	0.03396	0.00631	0.01417	0.04906	0.10215	0.08030	0.05465	0.53687	0.01487	0.00757	0.00220	0.00408	0.03320	0.00632	0.00657
10	0.02302	0.07963	0.02114	0.02068	0.16991	0.39190	0.01376	0.06302	0.01819	0.11887	0.01309	0.01441	0.01014	0.00676	0.00606	0.00179	0.00952	0.00496	0.00416	0.00898
11	0.00836	0.00655	0.00757	0.00762	0.00932	0.00575	0.00560	0.01045	0.01591	0.02065	0.29255	0.16645	0.38742	0.01615	0.00787	0.00224	0.00333	0.01394	0.00651	0.00575
12	0.01760	0.77260	0.03450	0.01126	0.01690	0.02605	0.01126	0.01971	0.01338	0.01549	0.00915	0.01056	0.00845	0.00563	0.00422	0.00141	0.00704	0.00352	0.00282	0.00845
13	0.01325	0.01617	0.12630	0.02349	0.18443	0.01294	0.24048	0.01767	0.01517	0.02107	0.10375	0.10942	0.06764	0.00914	0.00734	0.00217	0.00785	0.00908	0.00421	0.00841
14	0.01497	0.35806	0.40416	0.01509	0.02279	0.01972	0.01798	0.02000	0.01370	0.01840	0.01234	0.01396	0.03050	0.00630	0.00541	0.00179	0.00835	0.00455	0.00290	0.00904
15	0.00802	0.00573	0.00764	0.00917	0.00955	0.00535	0.00611	0.00917	0.01260	0.01681	0.03628	0.76434	0.04354	0.02062	0.00840	0.00267	0.00382	0.01872	0.00611	0.00535
16	0.00949	0.00640	0.00716	0.00716	0.00726	0.00634	0.00404	0.00957	0.00983	0.01300	0.02293	0.04405	0.05729	0.73286	0.03228	0.00618	0.00624	0.00978	0.00409	0.00406
17	0.01975	0.05487	0.19575	0.01888	0.07652	0.38155	0.03413	0.02509	0.09541	0.01909	0.01267	0.01425	0.00994	0.00675	0.00613	0.00188	0.01009	0.00495	0.00358	0.00874
18	0.01525	0.09025	0.37248	0.05832	0.16454	0.01603	0.06526	0.04771	0.01517	0.04773	0.03787	0.01616	0.01122	0.00649	0.00633	0.00201	0.00868	0.00554	0.00343	0.00957
19	0.00951	0.00702	0.01042	0.01042	0.01160	0.00815	0.00809	0.01189	0.01070	0.01563	0.01778	0.02581	0.01647	0.04782	0.71514	0.01024	0.01709	0.00702	0.03330	0.00589
20	0.01543	0.01456	0.02467	0.17066	0.57489	0.01510	0.01927	0.01940	0.01461	0.02075	0.01259	0.01683	0.01036	0.00606	0.00646	0.00198	0.00782	0.00587	0.03296	0.00969
21	0.00956	0.00643	0.00742	0.00742	0.00750	0.00651	0.00429	0.00973	0.00964	0.01294	0.02052	0.04187	0.02341	0.71823	0.08320	0.00668	0.00717	0.00940	0.00396	0.00412
22	0.02503	0.01844	0.01976	0.01515	0.02042	0.02042	0.01251	0.70562	0.03095	0.04149	0.01581	0.01581	0.01120	0.00790	0.00659	0.00198	0.00724	0.00593	0.00659	0.01120
23	0.00926	0.00668	0.00874	0.00832	0.00982	0.00617	0.00621	0.01227	0.01835	0.02594	0.69137	0.08320	0.06123	0.01380	0.00779	0.00210	0.00314	0.01223	0.00719	0.00617
24	0.01760	0.77260	0.03450	0.01126	0.01690	0.02605	0.01126	0.01971	0.01338	0.01549	0.00915	0.01056	0.00845	0.00563	0.00422	0.00141	0.00704	0.00352	0.00282	0.00845
25	0.01554	0.01776	0.03885	0.02775	0.03441	0.01665	0.70366	0.02109	0.01554	0.02109	0.01332	0.01776	0.00999	0.00555	0.00777	0.00222	0.01110	0.00777	0.00333	0.00888
26	0.00802	0.00573	0.00764	0.00917	0.00955	0.00535	0.00611	0.00917	0.01260	0.01681	0.03628	0.76434	0.04354	0.02062	0.00840	0.00267	0.00382	0.01872	0.00611	0.00535
27	0.01079	0.00779	0.01075	0.01216	0.01375	0.00786	0.01060	0.01432	0.03764	0.01995	0.03460	0.07266	0.03732	0.01789	0.00902	0.00301	0.00603	0.66157	0.00608	0.00620
28	0.01320	0.03405	0.73453	0.01876	0.02849	0.01529	0.02432	0.02085	0.01390	0.02085	0.01181	0.01390	0.00834	0.00625	0.00625	0.00208	0.00973	0.00486	0.00278	0.00973
29	0.00802	0.00573	0.00764	0.00917	0.00955	0.00535	0.00611	0.00917	0.01260	0.01681	0.03628	0.76434	0.04354	0.02062	0.00840	0.00267	0.00382	0.01872	0.00611	0.00535
30	0.02954	0.01120	0.01528	0.01171	0.01681	0.00968	0.00968	0.03208	0.01884	0.73213	0.02597	0.02241	0.01630	0.00815	0.00662	0.00204	0.00560	0.00662	0.00815	0.01120
31	0.81514	0.01273	0.00968	0.00866	0.01273	0.01477	0.00713	0.01935	0.01120	0.02954	0.00917	0.01069	0.00713	0.00611	0.00407	0.00204	0.00509	0.00356	0.00407	0.00713
32	0.01021	0.00918	0.01653	0.01441	0.01657	0.00860	0.20501	0.01258	0.01335	0.01790	0.02926	0.52942	0.03337	0.03911	0.00899	0.00266	0.00597	0.01531	0.00525	0.00631
33	0.02520	0.01815	0.01958	0.01501	0.02027	0.01999	0.01240	0.67891	0.03047	0.06888	0.01621	0.01607	0.01140	0.00791	0.00659	0.00198	0.00718	0.00595	0.00665	0.01120
34	0.01193	0.00621	0.00645	0.00639	0.00792	0.00614	0.00479	0.01500	0.01437	0.02476	0.10370	0.02743	0.02217	0.00835	0.00497	0.00160	0.00307	0.00681	0.71181	0.00614
35	0.02909	0.01191	0.01572	0.01205	0.01716	0.01073	0.00995	0.09826	0.02003	0.66428	0.02497	0.02176	0.01580	0.00812	0.00662	0.00203	0.00576	0.00655	0.00799	0.01120
36	0.01423	0.01237	0.01365	0.01211	0.01425	0.06108	0.00955	0.06242	0.13505	0.05106	0.12240	0.05285	0.18307	0.03329	0.01142	0.00243	0.18664	0.00912	0.00546	0.00756
37	0.02781	0.01131	0.01506	0.01170	0.01655	0.01009	0.00961	0.05606	0.04103	0.64446	0.06524	0.02375	0.01883	0.00846	0.00669	0.00204	0.00551	0.00692	0.00799	0.01090
38	0.00808	0.00668	0.00709	0.00699	0.00908	0.00569	0.00524	0.01003	0.01572	0.01947	0.19560	0.06058	0.59494	0.01604	0.00778	0.00219	0.00329	0.01350	0.00634	0.00569
39	0.02666	0.01244	0.01521	0.01208	0.01666	0.04859	0.00980	0.07284	0.04647	0.55836	0.02387	0.02230	0.01593	0.03102	0.05391	0.00268	0.00680	0.00659	0.00734	0.01046
40	0.01625	0.07538	0.05289	0.07949	0.51770	0.01684	0.03784	0.04631	0.01507	0.02117	0.01202	0.01575	0.01001	0.00629	0.00720	0.00199	0.04895	0.00569	0.00330	0.00986
41	0.01476	0.00918	0.00979	0.00879	0.01125	0.00967	0.00683	0.11372	0.11715	0.04600	0.09599	0.02589	0.02133	0.00851	0.00556	0.00176	0.00402	0.00692	0.47528	0.00759
42	0.00945	0.00688	0.00972	0.00972	0.01060	0.00776	0.00716	0.01120	0.01033	0.01465	0.01842	0.03021	0.01835	0.23114	0.56337	0.00952	0.01479	0.00769	0.00364	0.00540
43	0.05742	0.04108	0.01622	0.01190	0.03579	0.01159	0.03356	0.09885	0.01579	0.04213	0.01240	0.01408	0.00993	0.00546	0.00520	0.00126	0.00557	0.00437	0.00426	0.57315
44	0.01594	0.01218	0.03408	0.01326	0.06345	0.01117	0.00981	0.14652	0.06245	0.09086	0.06888	0.19986	0.02301	0.01050	0.00667	0.00192	0.00537	0.00905	0.00566	0.20935

[dist]
# distance from previous block
# <min> <max>
1	11

[block]
# block no. 1 follows, 33 sequences, length 62
# corresponding to MSA columns:
# 281-342
name=unknown_B
#
# <colnr> <probs for GDERKNQSTAVLIFYWHMCP>
#	G	D	E	R	K	N	Q	S	T	A	V	L	I	F	Y	W	H	M	C	P
0	0.01966	0.04677	0.02172	0.08762	0.19968	0.21140	0.05284	0.12646	0.01817	0.05935	0.01376	0.03758	0.01125	0.00850	0.03191	0.00220	0.00909	0.00586	0.00413	0.03205
1	0.01797	0.01623	0.02024	0.21271	0.19134	0.09838	0.01522	0.17653	0.01836	0.04038	0.01385	0.04541	0.01130	0.00733	0.00683	0.00197	0.02757	0.00607	0.00421	0.06810
2	0.01116	0.00728	0.00909	0.00836	0.01050	0.00647	0.00635	0.01381	0.01750	0.09767	0.46209	0.07577	0.20042	0.01365	0.00760	0.00209	0.00349	0.01184	0.00696	0.02792
3	0.00802	0.00573	0.00764	0.00917	0.00955	0.00535	0.00611	0.00917	0.01260	0.01681	0.03628	0.76434	0.04354	0.02062	0.00840	0.00267	0.00382	0.01872	0.00611	0.00535
4	0.00891	0.00671	0.00824	0.00785	0.00959	0.00604	0.00589	0.01163	0.01767	0.02412	0.54986	0.05293	0.23778	0.01431	0.00777	0.00211	0.00317	0.01243	0.00695	0.00604
5	0.01175	0.00622	0.00636	0.00632	0.00791	0.00610	0.00474	0.01472	0.01423	0.02419	0.07365	0.02902	0.07043	0.00871	0.00505	0.00162	0.00309	0.00709	0.69270	0.00610
6	0.01227	0.00614	0.00614	0.00614	0.00767	0.00614	0.00460	0.01534	0.01381	0.02454	0.02148	0.02454	0.01687	0.00767	0.00460	0.00153	0.00307	0.00614	0.80518	0.00614
7	0.81514	0.01273	0.00968	0.00866	0.01273	0.01477	0.00713	0.01935	0.01120	0.02954	0.00917	0.01069	0.00713	0.00611	0.00407	0.00204	0.00509	0.00356	0.00407	0.00713
8	0.01365	0.01170	0.01365	0.00975	0.01560	0.00878	0.00780	0.01658	0.01365	0.02145	0.01170	0.01365	0.00975	0.00488	0.00488	0.00098	0.00488	0.00390	0.00390	0.80888
9	0.81514	0.01273	0.00968	0.00866	0.01273	0.01477	0.00713	0.01935	0.01120	0.02954	0.00917	0.01069	0.00713	0.00611	0.00407	0.00204	0.00509	0.00356	0.00407	0.00713
10	0.02459	0.03138	0.01866	0.01696	0.02035	0.74221	0.01272	0.02629	0.01866	0.01611	0.01018	0.01187	0.00848	0.00678	0.00594	0.00170	0.01187	0.00424	0.00339	0.00763
11	0.02459	0.03138	0.01866	0.01696	0.02035	0.74221	0.01272	0.02629	0.01866	0.01611	0.01018	0.01187	0.00848	0.00678	0.00594	0.00170	0.01187	0.00424	0.00339	0.00763
12	0.81514	0.01273	0.00968	0.00866	0.01273	0.01477	0.00713	0.01935	0.01120	0.02954	0.00917	0.01069	0.00713	0.00611	0.00407	0.00204	0.00509	0.00356	0.00407	0.00713
13	0.81514	0.01273	0.00968	0.00866	0.01273	0.01477	0.00713	0.01935	0.01120	0.02954	0.00917	0.01069	0.00713	0.00611	0.00407	0.00204	0.00509	0.00356	0.00407	0.00713
14	0.01760	0.77260	0.03450	0.01126	0.01690	0.02605	0.01126	0.01971	0.01338	0.01549	0.00915	0.01056	0.00845	0.00563	0.00422	0.00141	0.00704	0.00352	0.00282	0.00845
15	0.81514	0.01273	0.00968	0.00866	0.01273	0.01477	0.00713	0.01935	0.01120	0.02954	0.00917	0.01069	0.00713	0.00611	0.00407	0.00204	0.00509	0.00356	0.00407	0.00713
16	0.00802	0.00573	0.00764	0.00917	0.00955	0.00535	0.00611	0.00917	0.01260	0.01681	0.03628	0.76434	0.04354	0.02062	0.00840	0.00267	0.00382	0.01872	0.00611	0.00535
17	0.00932	0.00673	0.00880	0.00828	0.00984	0.00621	0.00621	0.01242	0.01863	0.02640	0.72410	0.04918	0.06212	0.01346	0.00776	0.00207	0.00311	0.01191	0.00725	0.00621
18	0.01669	0.00743	0.00847	0.00756	0.01001	0.00704	0.00590	0.01962	0.01509	0.20555	0.02263	0.02400	0.01673	0.00779	0.00512	0.00166	0.00372	0.00626	0.60130	0.00743
19	0.02936	0.01149	0.01545	0.01185	0.01695	0.01010	0.00979	0.05865	0.01932	0.70489	0.02557	0.02215	0.01610	0.00814	0.00662	0.00203	0.00567	0.00659	0.00809	0.01120
20	0.01243	0.01170	0.01975	0.75282	0.04534	0.01463	0.01828	0.01682	0.01316	0.01682	0.01170	0.01755	0.00878	0.00658	0.00658	0.00219	0.00878	0.00585	0.00293	0.00731
21	0.01440	0.01440	0.02016	0.01728	0.01728	0.02016	0.01440	0.01584	0.01008	0.01584	0.00864	0.01440	0.00864	0.01152	0.02160	0.00288	0.75659	0.00576	0.00288	0.00720
22	0.00829	0.00592	0.00795	0.00948	0.00998	0.00558	0.00658	0.00963	0.01287	0.01711	0.03614	0.69232	0.04295	0.02037	0.00847	0.00271	0.00405	0.08807	0.00611	0.00542
23	0.01841	0.01525	0.02351	0.05460	0.43865	0.01562	0.04205	0.12727	0.06524	0.08648	0.03723	0.01843	0.01325	0.00683	0.00664	0.00201	0.00737	0.00630	0.00454	0.01032
24	0.00966	0.00806	0.01178	0.01176	0.01242	0.00882	0.04655	0.01111	0.01228	0.01686	0.02971	0.57903	0.03498	0.01804	0.01090	0.00269	0.14850	0.01562	0.00534	0.00590
25	0.00983	0.00674	0.00829	0.00868	0.00915	0.00681	0.00598	0.01077	0.01109	0.01473	0.02421	0.05007	0.02708	0.52721	0.07298	0.00578	0.00703	0.18442	0.00450	0.00465
26	0.68999	0.01490	0.03564	0.01058	0.03272	0.06083	0.00859	0.04350	0.01254	0.02860	0.00963	0.01120	0.00748	0.00621	0.00442	0.00201	0.00582	0.00379	0.00405	0.00748
27	0.00943	0.00696	0.01009	0.01009	0.01109	0.00796	0.00762	0.01144	0.01043	0.01492	0.01808	0.02835	0.01754	0.15346	0.63994	0.00997	0.01601	0.00742	0.00359	0.00560
28	0.01812	0.08994	0.14712	0.01773	0.10857	0.17518	0.01425	0.11791	0.05772	0.04068	0.04015	0.08373	0.01525	0.00829	0.00630	0.00195	0.00800	0.00661	0.03361	0.00888
29	0.01350	0.01083	0.01277	0.00964	0.01461	0.00853	0.00761	0.01679	0.03349	0.04466	0.08825	0.05087	0.01736	0.00674	0.00543	0.00125	0.00463	0.00562	0.02551	0.62191
30	0.01838	0.06299	0.15550	0.03406	0.05178	0.01576	0.06073	0.14988	0.07655	0.13272	0.01805	0.01986	0.03648	0.03572	0.03413	0.00255	0.07419	0.00636	0.00490	0.00943
31	0.00848	0.00665	0.00768	0.00752	0.00935	0.00584	0.00560	0.01077	0.01652	0.02161	0.36090	0.09298	0.39172	0.01543	0.00781	0.00218	0.00326	0.01325	0.00662	0.00584
32	0.00978	0.00751	0.01090	0.01069	0.01166	0.00888	0.00821	0.01181	0.01044	0.01505	0.01733	0.02690	0.01670	0.12414	0.61469	0.00958	0.06920	0.00723	0.00353	0.00577
33	0.00940	0.00705	0.01058	0.01058	0.01176	0.00823	0.00823	0.01176	0.01058	0.01528	0.01763	0.02586	0.01646	0.04937	0.74255	0.01058	0.01763	0.00705	0.00353	0.00588
34	0.01365	0.01170	0.01365	0.00975	0.01560	0.00878	0.00780	0.01658	0.01365	0.02145	0.01170	0.01365	0.00975	0.00488	0.00488	0.00098	0.00488	0.00390	0.00390	0.80888
35	0.01605	0.01548	0.02676	0.03906	0.67904	0.01542	0.04957	0.01996	0.01495	0.02137	0.01304	0.03551	0.01126	0.00623	0.00662	0.00199	0.00786	0.00628	0.00333	0.01023
36	0.01302	0.01277	0.04302	0.52086	0.09449	0.01356	0.01654	0.01718	0.01344	0.01827	0.01176	0.01654	0.00909	0.00617	0.00622	0.00193	0.00795	0.00543	0.00314	0.16864
37	0.01611	0.01390	0.01477	0.01304	0.01697	0.01563	0.01016	0.03319	0.64719	0.02695	0.02532	0.02350	0.01909	0.00854	0.00652	0.00211	0.00518	0.00710	0.00643	0.08831
38	0.01853	0.18519	0.13248	0.01482	0.04353	0.12056	0.03453	0.07894	0.03758	0.08106	0.01302	0.01422	0.01008	0.00623	0.00559	0.00163	0.00767	0.00471	0.00404	0.18559
39	0.01934	0.02143	0.02376	0.03179	0.46757	0.28275	0.01745	0.02244	0.01634	0.01952	0.01157	0.01467	0.00971	0.00620	0.00630	0.00186	0.00931	0.00527	0.00331	0.00940
40	0.01446	0.04022	0.10917	0.03471	0.07007	0.03067	0.10802	0.03840	0.03387	0.02204	0.07113	0.01768	0.01419	0.00623	0.00595	0.00157	0.00683	0.00556	0.00399	0.36524
41	0.00801	0.00576	0.00760	0.00908	0.00952	0.00535	0.00607	0.00918	0.01269	0.01684	0.03739	0.73876	0.06841	0.02048	0.00838	0.00266	0.00380	0.01854	0.00611	0.00535
42	0.00944	0.00693	0.00993	0.00993	0.01088	0.00788	0.00742	0.01134	0.01039	0.01480	0.01823	0.02915	0.01788	0.18666	0.60721	0.00978	0.01549	0.00753	0.00361	0.00552
43	0.01384	0.02380	0.35947	0.02039	0.06877	0.01598	0.13230	0.01967	0.03713	0.02020	0.03587	0.01782	0.03371	0.00784	0.00979	0.00227	0.16280	0.00618	0.00330	0.00889
44	0.02390	0.02974	0.01876	0.05965	0.02181	0.67246	0.01304	0.05160	0.01880	0.01712	0.01048	0.01235	0.00860	0.00681	0.00600	0.00174	0.01152	0.00440	0.00349	0.00775
45	0.00802	0.00573	0.00764	0.00917	0.00955	0.00535	0.00611	0.00917	0.01260	0.01681	0.03628	0.76434	0.04354	0.02062	0.00840	0.00267	0.00382	0.01872	0.00611	0.00535
46	0.01377	0.01108	0.01473	0.01323	0.01589	0.01177	0.07658	0.08380	0.21696	0.04351	0.05813	0.28731	0.02915	0.01351	0.00804	0.00242	0.02755	0.05852	0.00606	0.00800
47	0.01394	0.01433	0.04497	0.01630	0.01700	0.01840	0.01376	0.01677	0.05517	0.01718	0.03829	0.04136	0.01275	0.01256	0.03860	0.00298	0.60831	0.00653	0.00341	0.00736
48	0.01554	0.01776	0.03885	0.02775	0.03441	0.01665	0.70366	0.02109	0.01554	0.02109	0.01332	0.01776	0.00999	0.00555	0.00777	0.00222	0.01110	0.00777	0.00333	0.00888
49	0.01352	0.00655	0.00694	0.00664	0.00846	0.00641	0.00505	0.01655	0.01436	0.07975	0.04568	0.02521	0.01836	0.00790	0.00487	0.00159	0.00327	0.00637	0.71598	0.00653
50	0.01313	0.01708	0.20159	0.01956	0.16048	0.01199	0.07932	0.01832	0.05420	0.04554	0.11437	0.06813	0.12185	0.00994	0.00712	0.00216	0.00688	0.03520	0.00467	0.00846
51	0.01954	0.02002	0.18609	0.06604	0.06788	0.03543	0.08013	0.21256	0.07062	0.12749	0.01686	0.03916	0.01246	0.00754	0.00666	0.00208	0.00796	0.00638	0.00508	0.01002
52	0.01532	0.01529	0.01286	0.01281	0.01482	0.24056	0.01005	0.04689	0.01620	0.01868	0.05069	0.08972	0.02686	0.11204	0.01108	0.00294	0.00774	0.28396	0.00502	0.00647
53	0.22673	0.31103	0.08906	0.01390	0.05412	0.14559	0.01215	0.04592	0.01450	0.02102	0.00999	0.01162	0.00830	0.00611	0.00487	0.00173	0.00767	0.00399	0.00340	0.00828
54	0.00821	0.00671	0.00727	0.00721	0.00926	0.00577	0.00546	0.01024	0.01580	0.01973	0.20862	0.06065	0.55689	0.01603	0.00782	0.00222	0.00338	0.03666	0.00636	0.00572
55	0.01606	0.03355	0.03372	0.01282	0.01749	0.05853	0.05545	0.06110	0.17304	0.04575	0.04716	0.01878	0.01488	0.00704	0.00640	0.00166	0.03203	0.00573	0.05061	0.30820
56	0.00993	0.02913	0.00914	0.00835	0.00976	0.00739	0.00599	0.03137	0.03536	0.01988	0.24551	0.11646	0.16846	0.22790	0.01500	0.00340	0.00456	0.04093	0.00579	0.00570
57	0.01091	0.00835	0.00985	0.00972	0.01147	0.00837	0.00722	0.10282	0.04016	0.02181	0.11737	0.34617	0.20543	0.01643	0.00830	0.00241	0.02696	0.03351	0.00622	0.00652
58	0.04361	0.20150	0.27266	0.01766	0.08374	0.06780	0.03927	0.06514	0.03545	0.04924	0.03677	0.01519	0.01126	0.00672	0.00625	0.00191	0.02783	0.00512	0.00366	0.00921
59	0.01854	0.15976	0.11131	0.07970	0.14886	0.10451	0.05364	0.09792	0.01704	0.07988	0.03246	0.01620	0.01159	0.00670	0.00605	0.00187	0.00812	0.00546	0.03122	0.00919
60	0.01192	0.07273	0.06794	0.03264	0.01427	0.01012	0.02837	0.03369	0.06676	0.02114	0.06332	0.19147	0.09611	0.01205	0.00668	0.00210	0.00503	0.05596	0.17294	0.03476
61	0.01431	0.01236	0.03161	0.03253	0.01618	0.02959	0.00863	0.04465	0.04859	0.04341	0.03527	0.04026	0.03825	0.03217	0.00643	0.00151	0.00531	0.00557	0.02699	0.52638

[dist]
# distance from previous block
# <min> <max>
1	6

[block]
# block no. 2 follows, 33 sequences, length 57
# corresponding to MSA columns:
# 349-405
name=unknown_C
#
# <colnr> <probs for GDERKNQSTAVLIFYWHMCP>
#	G	D	E	R	K	N	Q	S	T	A	V	L	I	F	Y	W	H	M	C	P
0	0.04536	0.06603	0.19948	0.03653	0.11207	0.03993	0.06168	0.08714	0.06155	0.02266	0.06112	0.04175	0.07331	0.05344	0.00813	0.00230	0.00748	0.00712	0.00428	0.00864
1	0.01704	0.17610	0.16382	0.01822	0.14216	0.03397	0.01465	0.06386	0.12385	0.07378	0.03428	0.01803	0.01334	0.02859	0.00778	0.04408	0.00726	0.00570	0.00427	0.00923
2	0.01306	0.07168	0.03575	0.02901	0.01405	0.00958	0.03088	0.03466	0.03601	0.10602	0.17985	0.17807	0.16951	0.01313	0.00728	0.00216	0.00482	0.02878	0.00602	0.02967
3	0.01873	0.11308	0.08310	0.01486	0.03916	0.18364	0.03606	0.10066	0.05356	0.09663	0.01917	0.17595	0.01784	0.00988	0.00655	0.00203	0.00765	0.00810	0.00489	0.00849
4	0.04096	0.08800	0.02246	0.09145	0.15132	0.23027	0.05283	0.09861	0.03756	0.06127	0.01269	0.01495	0.01000	0.00695	0.00707	0.00194	0.05350	0.00531	0.00397	0.00889
5	0.01762	0.09686	0.25874	0.01966	0.09392	0.15402	0.09295	0.09878	0.01696	0.02210	0.01253	0.01474	0.00962	0.00645	0.00613	0.00190	0.00914	0.00524	0.05352	0.00913
6	0.01004	0.00756	0.00953	0.00948	0.01034	0.03059	0.00681	0.01161	0.01061	0.01479	0.01858	0.03117	0.01874	0.28844	0.45445	0.00856	0.01315	0.00778	0.03246	0.00531
7	0.20773	0.20022	0.03942	0.03673	0.14243	0.01740	0.01211	0.08242	0.03761	0.05015	0.01605	0.01891	0.05312	0.00753	0.00596	0.00195	0.02667	0.03081	0.00419	0.00861
8	0.00838	0.00607	0.00791	0.00877	0.00959	0.00561	0.00607	0.01011	0.01446	0.01959	0.23377	0.51910	0.08945	0.01835	0.00818	0.00248	0.00359	0.01649	0.00643	0.00561
9	0.00818	0.00659	0.00728	0.00730	0.00919	0.00570	0.00540	0.01015	0.01566	0.01980	0.22462	0.12660	0.49791	0.01626	0.00784	0.00223	0.00332	0.01387	0.00639	0.00570
10	0.00910	0.00669	0.00852	0.00813	0.00972	0.00611	0.00607	0.01198	0.01803	0.02511	0.62673	0.07359	0.13759	0.01406	0.00779	0.00211	0.00315	0.01235	0.00708	0.00611
11	0.01760	0.77260	0.03450	0.01126	0.01690	0.02605	0.01126	0.01971	0.01338	0.01549	0.00915	0.01056	0.00845	0.00563	0.00422	0.00141	0.00704	0.00352	0.00282	0.00845
12	0.02954	0.01120	0.01528	0.01171	0.01681	0.00968	0.00968	0.03208	0.01884	0.73213	0.02597	0.02241	0.01630	0.00815	0.00662	0.00204	0.00560	0.00662	0.00815	0.01120
13	0.00808	0.00581	0.00766	0.00904	0.00954	0.00540	0.00608	0.00933	0.01297	0.01730	0.07039	0.70702	0.06668	0.02015	0.00835	0.00263	0.00377	0.01823	0.00617	0.00540
14	0.00956	0.00641	0.00732	0.00743	0.00750	0.00639	0.00431	0.00971	0.00988	0.01316	0.02177	0.06744	0.02509	0.71632	0.03178	0.00614	0.00629	0.03525	0.00414	0.00411
15	0.81514	0.01273	0.00968	0.00866	0.01273	0.01477	0.00713	0.01935	0.01120	0.02954	0.00917	0.01069	0.00713	0.00611	0.00407	0.00204	0.00509	0.00356	0.00407	0.00713
16	0.00957	0.00638	0.00718	0.00718	0.00718	0.00638	0.00399	0.00957	0.00957	0.01276	0.02074	0.04308	0.02393	0.76864	0.03351	0.00638	0.00638	0.00957	0.00399	0.00399
17	0.02503	0.01844	0.01976	0.01515	0.02042	0.02042	0.01251	0.70562	0.03095	0.04149	0.01581	0.01581	0.01120	0.00790	0.00659	0.00198	0.00724	0.00593	0.00659	0.01120
18	0.00957	0.00638	0.00718	0.00718	0.00718	0.00638	0.00399	0.00957	0.00957	0.01276	0.02074	0.04308	0.02393	0.76864	0.03351	0.00638	0.00638	0.00957	0.00399	0.00399
19	0.01556	0.01489	0.02540	0.17569	0.59802	0.01545	0.01984	0.01956	0.01464	0.02062	0.01225	0.01653	0.01011	0.00600	0.00653	0.00200	0.00800	0.00586	0.00320	0.00984
20	0.01365	0.01170	0.01365	0.00975	0.01560	0.00878	0.00780	0.01658	0.01365	0.02145	0.01170	0.01365	0.00975	0.00488	0.00488	0.00098	0.00488	0.00390	0.00390	0.80888
21	0.01365	0.01170	0.01365	0.00975	0.01560	0.00878	0.00780	0.01658	0.01365	0.02145	0.01170	0.01365	0.00975	0.00488	0.00488	0.00098	0.00488	0.00390	0.00390	0.80888
22	0.01064	0.00709	0.00916	0.00864	0.01050	0.00648	0.00665	0.01356	0.01803	0.07317	0.56061	0.05060	0.12293	0.01376	0.00779	0.00215	0.00352	0.06113	0.00711	0.00648
23	0.01243	0.01170	0.01975	0.75282	0.04534	0.01463	0.01828	0.01682	0.01316	0.01682	0.01170	0.01755	0.00878	0.00658	0.00658	0.00219	0.00878	0.00585	0.00293	0.00731
24	0.01578	0.15932	0.29122	0.03473	0.02193	0.01536	0.01540	0.06447	0.01509	0.06049	0.01233	0.01391	0.00941	0.00596	0.00553	0.00163	0.00741	0.00453	0.00366	0.24182
25	0.01703	0.20528	0.21243	0.01493	0.02116	0.01752	0.06145	0.07572	0.11455	0.07929	0.01625	0.01704	0.03079	0.00703	0.00631	0.00188	0.02622	0.00552	0.00428	0.06530
26	0.00943	0.00632	0.00722	0.00737	0.00741	0.00628	0.00419	0.00953	0.00986	0.01315	0.02222	0.11173	0.02580	0.69745	0.03112	0.00603	0.00614	0.01044	0.00419	0.00412
27	0.01370	0.01121	0.06728	0.03427	0.12548	0.00927	0.02996	0.01707	0.01695	0.12696	0.32707	0.05668	0.11479	0.01112	0.00728	0.00209	0.00511	0.00980	0.00605	0.00787
28	0.01627	0.01529	0.06562	0.04277	0.09132	0.03807	0.01166	0.10957	0.01631	0.04617	0.01263	0.01461	0.01001	0.00592	0.00606	0.00145	0.03040	0.00467	0.00416	0.45703
29	0.01017	0.00707	0.00796	0.00759	0.00987	0.00607	0.00574	0.01218	0.01598	0.08745	0.19294	0.09037	0.49199	0.01541	0.00770	0.00220	0.00353	0.01304	0.00653	0.00622
30	0.00901	0.00684	0.00845	0.00908	0.01055	0.00639	0.00695	0.01159	0.03507	0.01980	0.17012	0.25470	0.24094	0.01729	0.00821	0.00250	0.00410	0.16618	0.00632	0.00587
31	0.06204	0.25827	0.23237	0.03363	0.02148	0.20572	0.01537	0.02123	0.01463	0.01808	0.01098	0.03275	0.00932	0.00676	0.00599	0.00182	0.03339	0.00465	0.00312	0.00839
32	0.01298	0.00825	0.01019	0.00975	0.01189	0.00802	0.00728	0.01757	0.12228	0.13254	0.20197	0.25983	0.11863	0.01557	0.02965	0.00255	0.00450	0.01256	0.00672	0.00728
33	0.00840	0.00602	0.00796	0.00937	0.00995	0.00567	0.00656	0.00975	0.01290	0.01705	0.03661	0.62522	0.06655	0.04837	0.00941	0.00284	0.00418	0.10176	0.00602	0.00539
34	0.03611	0.01749	0.08550	0.10187	0.26535	0.06880	0.18185	0.02009	0.04143	0.02055	0.01795	0.02089	0.07811	0.00711	0.00682	0.00207	0.00857	0.00688	0.00363	0.00892
35	0.01793	0.08408	0.04931	0.09391	0.22289	0.11728	0.10848	0.08073	0.04313	0.04848	0.01416	0.01787	0.01136	0.00681	0.00642	0.00197	0.00847	0.02527	0.03229	0.00915
36	0.04546	0.01382	0.01476	0.01276	0.01655	0.01543	0.01006	0.18368	0.40775	0.05096	0.07188	0.05339	0.05509	0.00969	0.00677	0.00217	0.00540	0.00797	0.00661	0.00980
37	0.09876	0.01619	0.03974	0.01957	0.18580	0.03862	0.01310	0.24974	0.14095	0.02972	0.04153	0.02091	0.06049	0.00808	0.00642	0.00204	0.00664	0.00656	0.00534	0.00979
38	0.01121	0.00832	0.01101	0.03292	0.03982	0.00802	0.02651	0.03178	0.06289	0.05920	0.29442	0.18800	0.17207	0.01407	0.00765	0.00223	0.00423	0.01240	0.00641	0.00684
39	0.01420	0.01203	0.01395	0.01001	0.01583	0.00934	0.00803	0.04975	0.01448	0.02242	0.01190	0.01375	0.00982	0.00502	0.00496	0.00102	0.00499	0.00400	0.00403	0.77048
40	0.00812	0.00657	0.00722	0.00730	0.00916	0.00566	0.00538	0.01001	0.01544	0.01940	0.19515	0.14585	0.50871	0.01651	0.00785	0.00225	0.00335	0.01408	0.00634	0.00566
41	0.01654	0.00750	0.00873	0.00776	0.01022	0.00706	0.00605	0.01947	0.01550	0.20914	0.07815	0.02593	0.02030	0.00825	0.00538	0.00171	0.00373	0.00672	0.53438	0.00746
42	0.02503	0.01844	0.01976	0.01515	0.02042	0.02042	0.01251	0.70562	0.03095	0.04149	0.01581	0.01581	0.01120	0.00790	0.00659	0.00198	0.00724	0.00593	0.00659	0.01120
43	0.00834	0.00669	0.00744	0.00726	0.00924	0.00580	0.00544	0.01053	0.01633	0.02092	0.30574	0.05820	0.48390	0.01550	0.00777	0.00217	0.00325	0.01317	0.00653	0.00580
44	0.01760	0.77260	0.03450	0.01126	0.01690	0.02605	0.01126	0.01971	0.01338	0.01549	0.00915	0.01056	0.00845	0.00563	0.00422	0.00141	0.00704	0.00352	0.00282	0.00845
45	0.00784	0.00667	0.00674	0.00673	0.00893	0.00558	0.00504	0.00955	0.01513	0.01809	0.08998	0.06285	0.70142	0.01656	0.00778	0.00222	0.00333	0.01382	0.00615	0.00558
46	0.01365	0.01170	0.01365	0.00975	0.01560	0.00878	0.00780	0.01658	0.01365	0.02145	0.01170	0.01365	0.00975	0.00488	0.00488	0.00098	0.00488	0.00390	0.00390	0.80888
47	0.02503	0.01844	0.01976	0.01515	0.02042	0.02042	0.01251	0.70562	0.03095	0.04149	0.01581	0.01581	0.01120	0.00790	0.00659	0.00198	0.00724	0.00593	0.00659	0.01120
48	0.81514	0.01273	0.00968	0.00866	0.01273	0.01477	0.00713	0.01935	0.01120	0.02954	0.00917	0.01069	0.00713	0.00611	0.00407	0.00204	0.00509	0.00356	0.00407	0.00713
49	0.01144	0.00572	0.00858	0.00858	0.00858	0.00572	0.00572	0.00858	0.00858	0.01144	0.01144	0.02001	0.01144	0.02287	0.02573	0.80846	0.00572	0.00572	0.00286	0.00286
50	0.01844	0.51938	0.02936	0.01324	0.01761	0.16048	0.01201	0.02038	0.01388	0.01566	0.00927	0.01138	0.00848	0.00673	0.00714	0.00168	0.11984	0.00399	0.00293	0.00811
51	0.00932	0.00673	0.00880	0.00828	0.00984	0.00621	0.00621	0.01242	0.01863	0.02640	0.72410	0.04918	0.06212	0.01346	0.00776	0.00207	0.00311	0.01191	0.00725	0.00621
52	0.01306	0.03301	0.70685	0.01836	0.02778	0.01494	0.02363	0.02053	0.01408	0.02106	0.03898	0.01524	0.01039	0.00653	0.00631	0.00208	0.00948	0.00513	0.00295	0.00960
53	0.04861	0.07154	0.06034	0.05097	0.23394	0.18210	0.05109	0.05742	0.07010	0.04238	0.01370	0.03481	0.01128	0.00711	0.00683	0.00197	0.03705	0.00577	0.00390	0.00910
54	0.78490	0.01354	0.03701	0.00904	0.01333	0.01479	0.00778	0.01941	0.01131	0.02921	0.00927	0.01082	0.00718	0.00612	0.00416	0.00204	0.00527	0.00361	0.00403	0.00723
55	0.01432	0.01246	0.03640	0.04390	0.14887	0.01023	0.01088	0.01763	0.01410	0.04195	0.01386	0.01759	0.01157	0.00596	0.00546	0.00138	0.00563	0.02870	0.06935	0.48976
56	0.03886	0.01297	0.01629	0.01334	0.04386	0.04566	0.08397	0.05760	0.03531	0.02202	0.01863	0.10027	0.05920	0.00789	0.00600	0.00158	0.00594	0.00689	0.00442	0.41931

[dist]
# distance from previous block
# <min> <max>
2	4

[block]
# block no. 3 follows, 33 sequences, length 21
# corresponding to MSA columns:
# 410-430
name=unknown_D
#
# <colnr> <probs for GDERKNQSTAVLIFYWHMCP>
#	G	D	E	R	K	N	Q	S	T	A	V	L	I	F	Y	W	H	M	C	P
0	0.40420	0.23716	0.04145	0.01079	0.01565	0.04487	0.00971	0.07464	0.01434	0.07986	0.01110	0.01211	0.00863	0.00630	0.00465	0.00184	0.00627	0.00404	0.00415	0.00825
1	0.00807	0.00637	0.00708	0.00750	0.00896	0.00560	0.00528	0.00949	0.01396	0.01738	0.07873	0.26452	0.43890	0.08524	0.01027	0.00272	0.00374	0.01483	0.00596	0.00538
2	0.01569	0.02103	0.20647	0.04608	0.22699	0.06048	0.17682	0.05669	0.01578	0.02174	0.01413	0.03788	0.01166	0.00694	0.00680	0.00209	0.00901	0.02941	0.02505	0.00927
3	0.01365	0.01170	0.01365	0.00975	0.01560	0.00878	0.00780	0.01658	0.01365	0.02145	0.01170	0.01365	0.00975	0.00488	0.00488	0.00098	0.00488	0.00390	0.00390	0.80888
4	0.01797	0.17209	0.27898	0.07432	0.04673	0.04874	0.03837	0.07140	0.04827	0.12138	0.01424	0.01546	0.01039	0.00665	0.00602	0.00193	0.00823	0.00521	0.00407	0.00953
5	0.00977	0.00679	0.00888	0.01013	0.01119	0.00669	0.00783	0.01247	0.03927	0.01913	0.03382	0.39445	0.03770	0.01789	0.00820	0.00267	0.00465	0.27190	0.09066	0.00589
6	0.00802	0.00573	0.00764	0.00917	0.00955	0.00535	0.00611	0.00917	0.01260	0.01681	0.03628	0.76434	0.04354	0.02062	0.00840	0.00267	0.00382	0.01872	0.00611	0.00535
7	0.00806	0.00668	0.00706	0.00697	0.00907	0.00568	0.00522	0.00999	0.01567	0.01937	0.18742	0.06075	0.60318	0.01608	0.00778	0.00220	0.00329	0.01353	0.00632	0.00568
8	0.02503	0.01844	0.01976	0.01515	0.02042	0.02042	0.01251	0.70562	0.03095	0.04149	0.01581	0.01581	0.01120	0.00790	0.00659	0.00198	0.00724	0.00593	0.00659	0.01120
9	0.00802	0.00573	0.00764	0.00917	0.00955	0.00535	0.00611	0.00917	0.01260	0.01681	0.03628	0.76434	0.04354	0.02062	0.00840	0.00267	0.00382	0.01872	0.00611	0.00535
10	0.01742	0.01466	0.01547	0.01361	0.01752	0.01686	0.01067	0.11602	0.63294	0.02922	0.02547	0.02350	0.01902	0.00881	0.00669	0.00220	0.00546	0.00726	0.00669	0.01051
11	0.02954	0.01120	0.01528	0.01171	0.01681	0.00968	0.00968	0.03208	0.01884	0.73213	0.02597	0.02241	0.01630	0.00815	0.00662	0.00204	0.00560	0.00662	0.00815	0.01120
12	0.01365	0.01170	0.01365	0.00975	0.01560	0.00878	0.00780	0.01658	0.01365	0.02145	0.01170	0.01365	0.00975	0.00488	0.00488	0.00098	0.00488	0.00390	0.00390	0.80888
13	0.01629	0.01564	0.02672	0.04041	0.72757	0.01564	0.02020	0.02020	0.01499	0.02151	0.01238	0.01629	0.01043	0.00587	0.00652	0.00196	0.00782	0.00587	0.00326	0.01043
14	0.01046	0.00884	0.01451	0.01632	0.11812	0.00848	0.09141	0.01277	0.01363	0.01837	0.02988	0.47744	0.03399	0.01636	0.00814	0.00256	0.00556	0.10119	0.00536	0.00660
15	0.07533	0.00665	0.00641	0.00633	0.00807	0.00681	0.00480	0.01565	0.01360	0.02494	0.02051	0.02346	0.01611	0.00755	0.00456	0.00157	0.00323	0.00593	0.74227	0.00621
16	0.02795	0.01085	0.01477	0.01144	0.01626	0.00940	0.00940	0.03054	0.01883	0.67670	0.08080	0.02451	0.01989	0.00857	0.00671	0.00204	0.00541	0.00704	0.00808	0.01081
17	0.01545	0.01632	0.07762	0.10144	0.38794	0.01535	0.10561	0.04250	0.08827	0.02196	0.01522	0.05533	0.01277	0.00706	0.00678	0.00209	0.00798	0.00685	0.00381	0.00964
18	0.01582	0.01431	0.01871	0.10606	0.14965	0.07266	0.03920	0.08227	0.01475	0.04161	0.01418	0.04012	0.01304	0.13331	0.01366	0.00282	0.14455	0.00661	0.00388	0.07279
19	0.00984	0.00968	0.09524	0.00891	0.01017	0.00742	0.00682	0.01097	0.01045	0.01426	0.02120	0.11524	0.02385	0.57142	0.05314	0.00562	0.00692	0.00988	0.00405	0.00489
20	0.01571	0.01513	0.06045	0.08622	0.30285	0.05057	0.07021	0.03845	0.04102	0.06207	0.04187	0.04280	0.04580	0.06637	0.00878	0.00237	0.00753	0.00718	0.02580	0.00882

[dist]
# distance from previous block
# <min> <max>
1	6

[block]
# block no. 4 follows, 33 sequences, length 22
# corresponding to MSA columns:
# 437-458
name=unknown_E
#
# <colnr> <probs for GDERKNQSTAVLIFYWHMCP>
#	G	D	E	R	K	N	Q	S	T	A	V	L	I	F	Y	W	H	M	C	P
0	0.01197	0.01028	0.01506	0.01758	0.17041	0.01164	0.01106	0.01487	0.04501	0.01704	0.01862	0.02674	0.05254	0.14896	0.27883	0.00597	0.12534	0.00739	0.00373	0.00697
1	0.01440	0.01440	0.02016	0.01728	0.01728	0.02016	0.01440	0.01584	0.01008	0.01584	0.00864	0.01440	0.00864	0.01152	0.02160	0.00288	0.75659	0.00576	0.00288	0.00720
2	0.00944	0.00692	0.00989	0.00989	0.01082	0.00785	0.00736	0.01131	0.01037	0.01477	0.01827	0.02937	0.01798	0.19608	0.59793	0.00972	0.01534	0.00757	0.00362	0.00549
3	0.00802	0.00573	0.00764	0.00917	0.00955	0.00535	0.00611	0.00917	0.01260	0.01681	0.03628	0.76434	0.04354	0.02062	0.00840	0.00267	0.00382	0.01872	0.00611	0.00535
4	0.81514	0.01273	0.00968	0.00866	0.01273	0.01477	0.00713	0.01935	0.01120	0.02954	0.00917	0.01069	0.00713	0.00611	0.00407	0.00204	0.00509	0.00356	0.00407	0.00713
5	0.81514	0.01273	0.00968	0.00866	0.01273	0.01477	0.00713	0.01935	0.01120	0.02954	0.00917	0.01069	0.00713	0.00611	0.00407	0.00204	0.00509	0.00356	0.00407	0.00713
6	0.01243	0.01170	0.01975	0.75282	0.04534	0.01463	0.01828	0.01682	0.01316	0.01682	0.01170	0.01755	0.00878	0.00658	0.00658	0.00219	0.00878	0.00585	0.00293	0.00731
7	0.00957	0.00638	0.00718	0.00718	0.00718	0.00638	0.00399	0.00957	0.00957	0.01276	0.02074	0.04308	0.02393	0.76864	0.03351	0.00638	0.00638	0.00957	0.00399	0.00399
8	0.00910	0.00662	0.00858	0.00844	0.00987	0.00610	0.00628	0.01185	0.01748	0.02435	0.56727	0.14590	0.10016	0.01478	0.00790	0.00219	0.00332	0.03678	0.00698	0.00605
9	0.01365	0.01170	0.01365	0.00975	0.01560	0.00878	0.00780	0.01658	0.01365	0.02145	0.01170	0.01365	0.00975	0.00488	0.00488	0.00098	0.00488	0.00390	0.00390	0.80888
10	0.06009	0.01370	0.05073	0.01804	0.19819	0.01148	0.01168	0.01853	0.05202	0.02180	0.01301	0.01623	0.01098	0.04347	0.00684	0.00168	0.00597	0.00491	0.00385	0.43680
11	0.08164	0.10225	0.04685	0.02528	0.31268	0.09931	0.05428	0.06306	0.03260	0.10087	0.01360	0.01556	0.01056	0.00640	0.00609	0.00191	0.00789	0.00544	0.00410	0.00965
12	0.00799	0.00585	0.00751	0.00884	0.00946	0.00538	0.00596	0.00920	0.01292	0.01694	0.04032	0.67127	0.13400	0.02010	0.00832	0.00261	0.00376	0.01808	0.00611	0.00538
13	0.03626	0.04136	0.31775	0.03526	0.04541	0.01364	0.11715	0.04090	0.01542	0.14237	0.02007	0.06083	0.06797	0.00810	0.00669	0.00212	0.00806	0.00707	0.00438	0.00920
14	0.01491	0.07043	0.20425	0.10899	0.13471	0.01418	0.04976	0.05200	0.03588	0.06320	0.05560	0.02491	0.05358	0.00829	0.00664	0.00210	0.00754	0.05696	0.02727	0.00880
15	0.01696	0.01701	0.09613	0.06758	0.48152	0.01512	0.07705	0.02170	0.03552	0.08657	0.01404	0.01704	0.01092	0.00621	0.00661	0.00202	0.00805	0.00604	0.00375	0.01015
16	0.00975	0.00729	0.01072	0.01061	0.01176	0.00859	0.00828	0.01210	0.01073	0.01579	0.01748	0.02534	0.01617	0.04570	0.67556	0.00980	0.04580	0.00695	0.04561	0.00594
17	0.12742	0.10508	0.13711	0.01845	0.08401	0.18321	0.10216	0.08339	0.01669	0.06587	0.01225	0.01403	0.00936	0.00643	0.00593	0.00191	0.00883	0.00506	0.00388	0.00893
18	0.00825	0.00589	0.00790	0.00943	0.00991	0.00554	0.00651	0.00956	0.01283	0.01706	0.03616	0.70320	0.04304	0.02041	0.00846	0.00271	0.00402	0.07759	0.00611	0.00541
19	0.05710	0.15813	0.09896	0.06587	0.09966	0.28909	0.03349	0.03957	0.04306	0.01898	0.01129	0.01347	0.00919	0.00659	0.00623	0.00184	0.03086	0.00473	0.00340	0.00848
20	0.00799	0.00583	0.00753	0.00889	0.00948	0.00537	0.00599	0.00920	0.01287	0.01691	0.03969	0.68591	0.11978	0.02018	0.00833	0.00262	0.00377	0.01818	0.00611	0.00537
21	0.01428	0.01283	0.01394	0.01016	0.01587	0.05076	0.00808	0.01713	0.01394	0.02115	0.01161	0.01355	0.00968	0.00498	0.00494	0.00102	0.00528	0.00392	0.00387	0.76301

[dist]
# distance from previous block
# <min> <max>
0	1

[block]
# block no. 5 follows, 33 sequences, length 11
# corresponding to MSA columns:
# 460-470
name=unknown_F
#
# <colnr> <probs for GDERKNQSTAVLIFYWHMCP>
#	G	D	E	R	K	N	Q	S	T	A	V	L	I	F	Y	W	H	M	C	P
0	0.01818	0.08510	0.13679	0.02008	0.17007	0.03906	0.05052	0.06422	0.13517	0.12306	0.03085	0.01836	0.01353	0.00705	0.00628	0.00195	0.00724	0.00598	0.02818	0.03836
1	0.00942	0.00701	0.01034	0.01034	0.01143	0.00810	0.00793	0.01160	0.01051	0.01511	0.01785	0.02707	0.01698	0.10001	0.69263	0.01028	0.01684	0.00723	0.00356	0.00574
2	0.01587	0.01261	0.03952	0.01271	0.04489	0.01021	0.04630	0.03529	0.01502	0.12176	0.03881	0.03422	0.04486	0.00689	0.00633	0.00149	0.03311	0.00572	0.00468	0.46970
3	0.63390	0.10238	0.09356	0.01009	0.01497	0.01612	0.00953	0.01956	0.01175	0.02695	0.00946	0.01104	0.00742	0.00607	0.00434	0.00197	0.00583	0.00370	0.00378	0.00757
4	0.01835	0.01630	0.01750	0.04391	0.01974	0.13468	0.08394	0.02936	0.37228	0.08960	0.02148	0.02127	0.01602	0.00794	0.00649	0.00206	0.00692	0.00669	0.07610	0.00937
5	0.01660	0.27391	0.24595	0.01400	0.02019	0.07476	0.01467	0.09754	0.01562	0.02034	0.01207	0.01553	0.01026	0.07685	0.00802	0.00214	0.00806	0.00486	0.00346	0.06516
6	0.01156	0.00953	0.01311	0.01206	0.01373	0.03068	0.08118	0.04377	0.03789	0.02043	0.09033	0.37828	0.03189	0.01456	0.00882	0.00237	0.07464	0.01280	0.10580	0.00656
7	0.01104	0.00749	0.00829	0.00791	0.00967	0.00726	0.00581	0.07441	0.01601	0.02274	0.17513	0.10876	0.19827	0.10068	0.00989	0.00252	0.00397	0.01071	0.21329	0.00615
8	0.01021	0.00676	0.00878	0.00863	0.01016	0.00617	0.00633	0.01268	0.01685	0.06981	0.45630	0.23335	0.09858	0.01518	0.00786	0.00223	0.00347	0.01345	0.00694	0.00627
9	0.01500	0.01504	0.09650	0.16188	0.22215	0.01337	0.07781	0.04332	0.01475	0.07044	0.01556	0.07254	0.01325	0.01130	0.07489	0.00283	0.00875	0.00691	0.00389	0.05978
10	0.00934	0.07880	0.05789	0.00967	0.01126	0.00801	0.00756	0.01096	0.01273	0.01674	0.03334	0.54167	0.08761	0.07077	0.00960	0.00275	0.00465	0.01539	0.00544	0.00584

[dist]
# distance from previous block
# <min> <max>
0	93

# created by:
# /home/cegg/simao/soft/augustus-3.2.1/scripts/msa2prfl.pl ./align_prep/EOG090W0B0M.fa
