[name]
unknown

[dist]
# distance from previous block
# <min> <max>
0	288

[block]
# block no. 0 follows, 28 sequences, length 26
# corresponding to MSA columns:
# 310-335
name=unknown_A
#
# <colnr> <probs for GDERKNQSTAVLIFYWHMCP>
#	G	D	E	R	K	N	Q	S	T	A	V	L	I	F	Y	W	H	M	C	P
0	0.01808	0.40709	0.02859	0.03430	0.04722	0.09326	0.01336	0.02066	0.01554	0.01850	0.01640	0.02752	0.01633	0.00987	0.00780	0.00215	0.06963	0.14113	0.00396	0.00862
1	0.01054	0.00710	0.00815	0.00808	0.00830	0.00702	0.00471	0.01097	0.01183	0.01599	0.10760	0.04842	0.03174	0.65264	0.03342	0.00645	0.00659	0.01090	0.00486	0.00471
2	0.01596	0.01154	0.01045	0.00980	0.01204	0.09764	0.00750	0.07171	0.01695	0.02598	0.02102	0.02476	0.01689	0.01502	0.10807	0.00320	0.00731	0.00664	0.51012	0.00740
3	0.01055	0.00836	0.01096	0.01294	0.07016	0.00779	0.00913	0.01314	0.01666	0.02150	0.12096	0.16695	0.27720	0.01816	0.00901	0.00275	0.00506	0.20531	0.00660	0.00680
4	0.01695	0.01203	0.01250	0.01208	0.01443	0.09737	0.00889	0.02046	0.07392	0.16093	0.09823	0.37329	0.03688	0.01615	0.00830	0.00256	0.00579	0.01411	0.00701	0.00812
5	0.02092	0.01035	0.01340	0.01179	0.01529	0.00952	0.00935	0.06925	0.01950	0.32030	0.09873	0.18705	0.09273	0.01437	0.00822	0.00252	0.00546	0.07400	0.00788	0.00937
6	0.00962	0.00724	0.01013	0.10026	0.01538	0.00730	0.00830	0.01134	0.01402	0.01866	0.05816	0.58432	0.04266	0.06347	0.01065	0.00311	0.00505	0.01802	0.00621	0.00612
7	0.01849	0.01693	0.02725	0.15489	0.50574	0.01775	0.02089	0.10389	0.01844	0.02566	0.01402	0.01815	0.01132	0.00689	0.00722	0.00221	0.00873	0.00648	0.00400	0.01105
8	0.00959	0.00725	0.01026	0.10056	0.01572	0.00730	0.00866	0.01140	0.01412	0.01870	0.03658	0.62024	0.04297	0.02070	0.00906	0.00290	0.00502	0.04646	0.00630	0.00621
9	0.10859	0.00879	0.00867	0.00857	0.01120	0.00841	0.00646	0.01417	0.07262	0.02207	0.05823	0.13219	0.48147	0.01669	0.00805	0.00248	0.00416	0.01388	0.00652	0.00679
10	0.01672	0.01877	0.04024	0.11835	0.03951	0.01810	0.59060	0.02269	0.01683	0.02269	0.01448	0.01958	0.01086	0.00627	0.00841	0.00245	0.01193	0.00831	0.00362	0.00959
11	0.11918	0.01837	0.07615	0.01464	0.01962	0.03607	0.01271	0.33109	0.08052	0.03506	0.01777	0.01942	0.01350	0.01410	0.09547	0.00337	0.00895	0.00638	0.06731	0.01031
12	0.01797	0.01390	0.01747	0.01267	0.01904	0.01140	0.04875	0.07604	0.01738	0.09174	0.01494	0.01649	0.01162	0.00606	0.00592	0.00137	0.00609	0.00504	0.00498	0.60113
13	0.01943	0.74891	0.03809	0.01244	0.01866	0.02876	0.01244	0.02177	0.01477	0.01710	0.01011	0.01166	0.00933	0.00622	0.00466	0.00155	0.00777	0.00389	0.00311	0.00933
14	0.01085	0.00820	0.01124	0.01346	0.05374	0.00790	0.01008	0.01347	0.01595	0.02070	0.04280	0.25129	0.14164	0.01973	0.00945	0.00303	0.00569	0.34757	0.00653	0.00669
15	0.01969	0.17455	0.15516	0.01522	0.02162	0.01948	0.01472	0.16419	0.14978	0.05598	0.01746	0.01818	0.01331	0.00950	0.03415	0.00238	0.00813	0.00592	0.00523	0.09532
16	0.01044	0.00808	0.01158	0.01353	0.06611	0.00849	0.00886	0.01224	0.01314	0.01813	0.02970	0.40423	0.03366	0.08237	0.20605	0.00560	0.04130	0.01463	0.00538	0.00649
17	0.02023	0.05405	0.06207	0.06722	0.18699	0.15163	0.07256	0.14145	0.01986	0.02522	0.01538	0.03828	0.01311	0.00997	0.03235	0.00257	0.04214	0.03059	0.00442	0.00993
18	0.05320	0.27628	0.27392	0.01564	0.02311	0.02047	0.01714	0.06568	0.05544	0.09246	0.01631	0.01712	0.02902	0.00746	0.00616	0.00204	0.00838	0.00549	0.00436	0.01032
19	0.00896	0.00643	0.00843	0.00991	0.01044	0.00599	0.00662	0.01029	0.01415	0.01885	0.06625	0.66447	0.07120	0.04804	0.01021	0.00305	0.00427	0.01982	0.00671	0.00590
20	0.01188	0.01131	0.05047	0.19925	0.02355	0.01185	0.01280	0.01555	0.03976	0.01877	0.02464	0.19595	0.04819	0.05457	0.15954	0.00479	0.07172	0.03355	0.00465	0.00721
21	0.08871	0.04804	0.01899	0.01599	0.03570	0.20815	0.03786	0.08169	0.06001	0.14504	0.01916	0.08033	0.01619	0.03829	0.03417	0.00275	0.04670	0.00741	0.00550	0.00932
22	0.01017	0.00689	0.00898	0.01010	0.01096	0.00644	0.00703	0.01170	0.01461	0.04440	0.07615	0.53041	0.07863	0.08270	0.01155	0.00324	0.00466	0.06855	0.00670	0.00614
23	0.00909	0.00661	0.00840	0.00973	0.01044	0.00614	0.00662	0.01042	0.01411	0.01848	0.04295	0.56659	0.13026	0.08112	0.01149	0.00324	0.00449	0.04742	0.00655	0.00585
24	0.01655	0.01454	0.01663	0.12181	0.03999	0.07051	0.01249	0.07924	0.20340	0.02513	0.05685	0.04389	0.01967	0.01711	0.12466	0.00388	0.05182	0.00779	0.06501	0.00902
25	0.02509	0.03955	0.05247	0.01760	0.04731	0.03971	0.01435	0.49592	0.12596	0.04027	0.01851	0.01851	0.01345	0.00863	0.00718	0.00220	0.00795	0.00661	0.00677	0.01195

[dist]
# distance from previous block
# <min> <max>
5	8

[block]
# block no. 1 follows, 28 sequences, length 13
# corresponding to MSA columns:
# 344-356
name=unknown_B
#
# <colnr> <probs for GDERKNQSTAVLIFYWHMCP>
#	G	D	E	R	K	N	Q	S	T	A	V	L	I	F	Y	W	H	M	C	P
0	0.01178	0.00963	0.01280	0.01234	0.01268	0.01146	0.00917	0.01304	0.01238	0.01740	0.05141	0.20550	0.02883	0.24292	0.06172	0.00476	0.22085	0.05030	0.00486	0.00617
1	0.06172	0.01046	0.01260	0.01142	0.01448	0.01020	0.00876	0.10761	0.01859	0.20046	0.03580	0.28086	0.12130	0.01769	0.05022	0.00308	0.00615	0.01285	0.00710	0.00863
2	0.01720	0.07713	0.23548	0.09164	0.06850	0.03974	0.05777	0.10800	0.01746	0.02435	0.01486	0.05093	0.01231	0.00867	0.00916	0.00234	0.10343	0.00669	0.04464	0.00971
3	0.06563	0.02050	0.12042	0.04072	0.02511	0.07991	0.15817	0.12288	0.06253	0.07305	0.01770	0.04517	0.01379	0.00838	0.00787	0.00229	0.04021	0.00718	0.07866	0.00981
4	0.01006	0.00692	0.00852	0.00933	0.00966	0.00677	0.00606	0.01089	0.01247	0.01657	0.03092	0.30648	0.03608	0.40003	0.02386	0.00514	0.00597	0.08354	0.00552	0.00521
5	0.01637	0.12908	0.40859	0.02055	0.09361	0.07401	0.02119	0.02243	0.01589	0.02203	0.01471	0.01960	0.01197	0.00769	0.00668	0.00218	0.00964	0.04372	0.05010	0.00996
6	0.01511	0.05040	0.08916	0.02167	0.19302	0.04621	0.05798	0.01963	0.04085	0.04513	0.20299	0.07281	0.09276	0.01099	0.00773	0.00227	0.00699	0.00978	0.00548	0.00904
7	0.01769	0.09070	0.11048	0.06113	0.05649	0.04490	0.12436	0.04610	0.10799	0.08194	0.07852	0.06873	0.02163	0.00978	0.00757	0.00235	0.00822	0.04643	0.00533	0.00966
8	0.00971	0.00681	0.00878	0.01016	0.01100	0.00645	0.00728	0.01144	0.01451	0.01951	0.04026	0.50316	0.08918	0.05519	0.01040	0.00310	0.00468	0.12523	0.05713	0.00604
9	0.04857	0.13227	0.12877	0.01794	0.06225	0.13295	0.05419	0.10941	0.01972	0.11017	0.06020	0.02104	0.01606	0.00828	0.00680	0.00211	0.00876	0.02616	0.02436	0.00998
10	0.01782	0.12666	0.08028	0.04227	0.05203	0.11885	0.01385	0.04878	0.07700	0.04977	0.04225	0.11157	0.04088	0.01135	0.00920	0.00239	0.09254	0.04866	0.00497	0.00890
11	0.00947	0.00715	0.00872	0.00961	0.01075	0.00671	0.00666	0.01200	0.04993	0.02015	0.10237	0.47585	0.18505	0.04750	0.01001	0.00292	0.00422	0.01786	0.00680	0.00627
12	0.01481	0.03692	0.01488	0.04558	0.07708	0.09707	0.01050	0.01860	0.05842	0.02113	0.06011	0.06688	0.02120	0.08129	0.16262	0.00460	0.03946	0.00816	0.15310	0.00760

[dist]
# distance from previous block
# <min> <max>
1	3

[block]
# block no. 2 follows, 28 sequences, length 11
# corresponding to MSA columns:
# 361-371
name=unknown_C
#
# <colnr> <probs for GDERKNQSTAVLIFYWHMCP>
#	G	D	E	R	K	N	Q	S	T	A	V	L	I	F	Y	W	H	M	C	P
0	0.16866	0.01613	0.03775	0.01844	0.13197	0.11506	0.03288	0.04862	0.01728	0.02540	0.12208	0.14471	0.02712	0.01164	0.00735	0.00238	0.00720	0.05163	0.00534	0.00836
1	0.66836	0.06967	0.01374	0.01042	0.01517	0.01780	0.00875	0.08041	0.01452	0.03264	0.01078	0.01231	0.00839	0.00689	0.00476	0.00219	0.00600	0.00417	0.00464	0.00839
2	0.00978	0.00780	0.00886	0.00879	0.01095	0.00707	0.00668	0.01308	0.04996	0.02316	0.25810	0.09614	0.39775	0.01723	0.00866	0.00249	0.00393	0.05579	0.00716	0.00664
3	0.11424	0.07506	0.33574	0.06316	0.04656	0.04800	0.01853	0.05624	0.03179	0.02487	0.01669	0.01876	0.04199	0.00770	0.00643	0.00218	0.00868	0.00587	0.06791	0.00960
4	0.20609	0.01520	0.06425	0.01328	0.01806	0.03643	0.04041	0.02654	0.11946	0.20982	0.06207	0.02573	0.06405	0.01219	0.05280	0.00291	0.00734	0.00738	0.00631	0.00969
5	0.00929	0.00671	0.00868	0.00995	0.01071	0.00627	0.00691	0.01085	0.01465	0.01941	0.09066	0.53504	0.10085	0.06845	0.01103	0.00316	0.00450	0.07027	0.00669	0.00596
6	0.01053	0.00788	0.01142	0.01131	0.01240	0.00756	0.06110	0.01221	0.01388	0.01882	0.06682	0.36265	0.03835	0.22579	0.01700	0.00403	0.00584	0.07319	0.03327	0.00595
7	0.07679	0.54036	0.05056	0.01407	0.04942	0.02503	0.01268	0.02270	0.06956	0.01981	0.01246	0.01426	0.01086	0.00924	0.04411	0.00229	0.00821	0.00462	0.00363	0.00938
8	0.00960	0.00669	0.00799	0.00889	0.00970	0.00625	0.00592	0.01093	0.01385	0.01870	0.04088	0.41979	0.15234	0.16179	0.01417	0.00354	0.00460	0.01642	0.08220	0.00574
9	0.01455	0.00962	0.01118	0.01018	0.01271	0.00950	0.00772	0.08145	0.05457	0.09394	0.12514	0.04710	0.20996	0.14212	0.06871	0.00390	0.00639	0.03960	0.04408	0.00757
10	0.01854	0.35735	0.14872	0.01747	0.05317	0.07497	0.04605	0.02429	0.09577	0.02040	0.01337	0.01527	0.01105	0.00741	0.00739	0.00202	0.06801	0.00526	0.00372	0.00978

[dist]
# distance from previous block
# <min> <max>
0	2

[block]
# block no. 3 follows, 28 sequences, length 8
# corresponding to MSA columns:
# 374-381
name=unknown_D
#
# <colnr> <probs for GDERKNQSTAVLIFYWHMCP>
#	G	D	E	R	K	N	Q	S	T	A	V	L	I	F	Y	W	H	M	C	P
0	0.02276	0.08204	0.06967	0.01743	0.05582	0.21660	0.01399	0.23944	0.05511	0.02971	0.07505	0.01979	0.01671	0.00851	0.00684	0.00205	0.00893	0.00639	0.04313	0.01005
1	0.01144	0.00771	0.00934	0.00969	0.01131	0.00725	0.00701	0.01421	0.05463	0.06058	0.09806	0.31527	0.19721	0.04631	0.01052	0.03625	0.00450	0.04521	0.04686	0.00665
2	0.10485	0.13911	0.08659	0.09657	0.05765	0.11761	0.03740	0.04990	0.01688	0.02298	0.09364	0.02406	0.01885	0.04274	0.03351	0.00271	0.00885	0.03312	0.00440	0.00858
3	0.01741	0.13820	0.06340	0.22350	0.20075	0.07579	0.01826	0.02265	0.06932	0.02068	0.01357	0.01736	0.01103	0.00757	0.00818	0.00223	0.07088	0.00597	0.00367	0.00959
4	0.01084	0.00864	0.01163	0.01438	0.09186	0.00842	0.00914	0.01424	0.06884	0.02050	0.04066	0.45767	0.13082	0.01903	0.00884	0.00278	0.00496	0.06321	0.00643	0.00710
5	0.01023	0.00776	0.00943	0.01021	0.01179	0.00739	0.00781	0.01317	0.04801	0.02044	0.07705	0.23412	0.23648	0.08050	0.01150	0.00321	0.00503	0.19287	0.00662	0.00638
6	0.01782	0.04779	0.09120	0.01999	0.14181	0.07768	0.01463	0.05136	0.12034	0.07309	0.02351	0.06690	0.02166	0.07003	0.01007	0.00283	0.00788	0.12653	0.00546	0.00943
7	0.01769	0.10501	0.20274	0.04858	0.02275	0.04225	0.01551	0.16537	0.01952	0.02648	0.05749	0.02302	0.05480	0.05564	0.00931	0.00240	0.03396	0.00679	0.00476	0.08595

[dist]
# distance from previous block
# <min> <max>
1	16

[block]
# block no. 4 follows, 28 sequences, length 50
# corresponding to MSA columns:
# 398-447
name=unknown_E
#
# <colnr> <probs for GDERKNQSTAVLIFYWHMCP>
#	G	D	E	R	K	N	Q	S	T	A	V	L	I	F	Y	W	H	M	C	P
0	0.03922	0.01178	0.01343	0.01123	0.01530	0.03463	0.00879	0.03928	0.05546	0.12737	0.06593	0.08673	0.02129	0.01443	0.08621	0.00293	0.00700	0.00776	0.09303	0.25819
1	0.12792	0.01075	0.01301	0.01126	0.01471	0.01038	0.03256	0.06435	0.01816	0.19747	0.11955	0.14778	0.15121	0.03757	0.00865	0.00256	0.00536	0.01125	0.00700	0.00852
2	0.01140	0.00866	0.00999	0.00981	0.01186	0.00826	0.00723	0.09472	0.01864	0.02434	0.17087	0.28721	0.27379	0.01801	0.00865	0.00256	0.00436	0.01563	0.00705	0.00698
3	0.02296	0.04258	0.01868	0.01552	0.01936	0.24052	0.01215	0.18158	0.11184	0.06974	0.01803	0.02055	0.01439	0.05442	0.05747	0.00305	0.03910	0.00647	0.04200	0.00960
4	0.01692	0.01716	0.03217	0.16989	0.37223	0.01740	0.22231	0.02190	0.01636	0.02262	0.01385	0.01875	0.01102	0.00652	0.00764	0.00230	0.00995	0.00712	0.00355	0.01033
5	0.01962	0.01798	0.01635	0.01417	0.01733	0.16100	0.01094	0.19766	0.08181	0.02650	0.02477	0.02900	0.10109	0.11616	0.04390	0.00335	0.06890	0.00804	0.03271	0.00873
6	0.12449	0.01957	0.02041	0.01582	0.02147	0.02176	0.01307	0.59255	0.03143	0.04415	0.01653	0.01674	0.01180	0.00848	0.00692	0.00219	0.00770	0.00622	0.00692	0.01180
7	0.00980	0.00744	0.00906	0.00888	0.01079	0.00670	0.00674	0.01265	0.01886	0.02532	0.43480	0.07980	0.26784	0.01656	0.00869	0.00243	0.00375	0.05582	0.00748	0.00659
8	0.00945	0.00693	0.00888	0.00953	0.01072	0.00637	0.00681	0.01165	0.01679	0.02268	0.28419	0.38200	0.13679	0.01923	0.00896	0.00266	0.00395	0.03891	0.00721	0.00631
9	0.79588	0.01406	0.01068	0.00956	0.01406	0.01631	0.00787	0.02137	0.01237	0.03261	0.01012	0.01181	0.00787	0.00675	0.00450	0.00225	0.00562	0.00394	0.00450	0.00787
10	0.00921	0.00662	0.00893	0.01019	0.01080	0.00643	0.00698	0.01075	0.01394	0.01887	0.07968	0.57602	0.04468	0.05166	0.10425	0.00421	0.00630	0.01811	0.00637	0.00599
11	0.01039	0.00776	0.01152	0.01152	0.01276	0.00900	0.00889	0.01288	0.01163	0.01676	0.01962	0.02937	0.01852	0.08397	0.68677	0.01148	0.01894	0.00791	0.00392	0.00640
12	0.00968	0.00730	0.00880	0.00917	0.01057	0.00677	0.00648	0.01233	0.04088	0.02202	0.23858	0.29765	0.20934	0.07322	0.01092	0.00293	0.00413	0.01595	0.00696	0.00633
13	0.01373	0.01292	0.02180	0.72707	0.05006	0.01615	0.02019	0.01857	0.01453	0.01857	0.01292	0.01938	0.00969	0.00727	0.00727	0.00242	0.00969	0.00646	0.00323	0.00807
14	0.01397	0.01317	0.02225	0.68744	0.08776	0.01621	0.02031	0.01879	0.01465	0.01887	0.01296	0.01930	0.00980	0.00722	0.00726	0.00241	0.00963	0.00646	0.00325	0.00827
15	0.01173	0.00997	0.01028	0.00990	0.01207	0.04812	0.00735	0.01636	0.10461	0.02341	0.25198	0.07665	0.26064	0.08838	0.01123	0.00288	0.00487	0.03573	0.00682	0.00703
16	0.10393	0.01029	0.01018	0.02987	0.01295	0.05816	0.00744	0.01508	0.01555	0.05964	0.08426	0.17835	0.24242	0.08346	0.03498	0.00318	0.00582	0.01252	0.02516	0.00678
17	0.00978	0.00738	0.00897	0.00891	0.01068	0.00668	0.00667	0.01242	0.01818	0.02433	0.38510	0.10974	0.25397	0.04889	0.00998	0.00267	0.00395	0.05798	0.00728	0.00645
18	0.01364	0.01151	0.01312	0.01213	0.01404	0.05961	0.03739	0.04148	0.09972	0.02133	0.08682	0.10600	0.06293	0.20860	0.08959	0.00463	0.03324	0.03862	0.03851	0.00710
19	0.01016	0.00699	0.00861	0.00939	0.00976	0.00685	0.00617	0.01103	0.01251	0.01660	0.03068	0.28134	0.03567	0.40798	0.02419	0.00519	0.00606	0.10014	0.00549	0.00521
20	0.01739	0.34458	0.35801	0.01801	0.05483	0.02229	0.01985	0.05003	0.01595	0.02145	0.01198	0.01395	0.00949	0.00667	0.00596	0.00197	0.00925	0.00483	0.00329	0.01023
21	0.01658	0.01687	0.05876	0.17810	0.50823	0.01653	0.02142	0.02106	0.01598	0.02245	0.01465	0.04982	0.01265	0.00737	0.00729	0.00225	0.00875	0.00704	0.00364	0.01055
22	0.00940	0.00672	0.00906	0.01075	0.01141	0.00638	0.00770	0.01107	0.01446	0.01917	0.03976	0.61401	0.04688	0.02226	0.00942	0.00303	0.00469	0.14106	0.00674	0.00606
23	0.02375	0.01792	0.01899	0.01525	0.02052	0.04196	0.01230	0.33433	0.23153	0.09236	0.02143	0.02064	0.01559	0.00870	0.00709	0.00215	0.00705	0.00682	0.00702	0.09460
24	0.01074	0.00703	0.00786	0.00786	0.00796	0.00703	0.00444	0.01093	0.01083	0.01483	0.02295	0.04641	0.02599	0.70299	0.03520	0.00675	0.00684	0.01036	0.04846	0.00454
25	0.02100	0.09979	0.02119	0.01466	0.01960	0.03713	0.03847	0.24802	0.02229	0.08218	0.06949	0.02061	0.01676	0.01214	0.06485	0.00276	0.05025	0.00655	0.00571	0.14654
26	0.05983	0.02708	0.33732	0.05251	0.03419	0.01751	0.32047	0.02287	0.01597	0.02351	0.01363	0.01725	0.00998	0.00656	0.00755	0.00237	0.01110	0.00680	0.00343	0.01005
27	0.01206	0.00846	0.01066	0.01034	0.01231	0.00817	0.00800	0.03632	0.04833	0.04994	0.39134	0.08420	0.09761	0.06535	0.01066	0.00284	0.00464	0.12424	0.00738	0.00715
28	0.01386	0.00970	0.01272	0.01317	0.05344	0.00959	0.00974	0.01950	0.10796	0.08219	0.34442	0.05291	0.06895	0.01452	0.00857	0.00254	0.00501	0.15564	0.00741	0.00814
29	0.10077	0.08063	0.04847	0.04608	0.05944	0.01545	0.04349	0.08693	0.06231	0.32621	0.02182	0.04340	0.01556	0.00857	0.00690	0.00223	0.00710	0.00699	0.00666	0.01098
30	0.01031	0.00697	0.00920	0.01015	0.01121	0.00646	0.00721	0.01221	0.01577	0.04983	0.16515	0.50787	0.07795	0.02033	0.00908	0.00280	0.00429	0.05972	0.00708	0.00642
31	0.01091	0.00852	0.01283	0.01223	0.01349	0.00973	0.03563	0.01318	0.01180	0.01683	0.02002	0.05641	0.01973	0.14883	0.52760	0.00988	0.05334	0.00862	0.00403	0.00638
32	0.01681	0.07812	0.20472	0.10510	0.21426	0.06206	0.07163	0.04794	0.01666	0.02248	0.01564	0.08260	0.01373	0.00827	0.00720	0.00226	0.00938	0.00734	0.00383	0.00995
33	0.02666	0.17500	0.02345	0.01549	0.02062	0.24297	0.01277	0.15520	0.04413	0.19004	0.01705	0.01694	0.01246	0.00791	0.00651	0.00198	0.00908	0.00563	0.00569	0.01044
34	0.01156	0.00850	0.00968	0.00953	0.01087	0.00853	0.00656	0.05766	0.05364	0.01979	0.05667	0.15033	0.16042	0.32673	0.05079	0.00487	0.00637	0.03561	0.00574	0.00616
35	0.01527	0.03941	0.02130	0.02656	0.33370	0.01318	0.05594	0.01914	0.01686	0.02482	0.12528	0.02853	0.06160	0.00888	0.00702	0.00209	0.00658	0.00813	0.17646	0.00925
36	0.01918	0.01569	0.08041	0.11281	0.11750	0.03576	0.01442	0.08944	0.04610	0.16627	0.06386	0.11198	0.07332	0.01089	0.00763	0.00236	0.00721	0.00933	0.00603	0.00980
37	0.01082	0.04246	0.01275	0.01155	0.01302	0.00992	0.00904	0.01329	0.01178	0.01676	0.01918	0.02860	0.01812	0.08261	0.65258	0.01100	0.01838	0.00773	0.00388	0.00653
38	0.01106	0.00881	0.01147	0.01152	0.01286	0.03957	0.00880	0.01351	0.01325	0.01828	0.08660	0.08701	0.02621	0.07719	0.50356	0.00914	0.01541	0.03464	0.00463	0.00648
39	0.01655	0.13681	0.36429	0.02087	0.07491	0.08211	0.07217	0.02227	0.01570	0.02115	0.01495	0.01767	0.03474	0.00943	0.03763	0.00259	0.03699	0.00592	0.00339	0.00985
40	0.01767	0.07004	0.12788	0.15652	0.31691	0.01722	0.02004	0.05872	0.01702	0.05335	0.01494	0.01987	0.01209	0.00735	0.00703	0.00219	0.00875	0.02932	0.00400	0.03909
41	0.32050	0.07491	0.01722	0.05363	0.09758	0.01582	0.01118	0.05920	0.03985	0.11611	0.01497	0.01782	0.01177	0.03610	0.00911	0.07817	0.00671	0.00559	0.00493	0.00883
42	0.01624	0.04112	0.01855	0.11705	0.07575	0.01270	0.06172	0.06670	0.03758	0.09411	0.12805	0.08190	0.08498	0.01192	0.00855	0.03112	0.00673	0.04668	0.00583	0.05270
43	0.04443	0.06968	0.02148	0.29322	0.13618	0.04813	0.01610	0.01951	0.01500	0.04003	0.01570	0.05254	0.01406	0.04097	0.00926	0.00249	0.05035	0.03688	0.00396	0.07003
44	0.11997	0.04438	0.01751	0.04365	0.01971	0.05925	0.01129	0.12349	0.11054	0.27173	0.02245	0.06095	0.01669	0.00917	0.00686	0.00222	0.00683	0.00721	0.00687	0.03922
45	0.08076	0.06828	0.05326	0.01169	0.01515	0.01229	0.00969	0.08997	0.01708	0.04554	0.07429	0.24513	0.09403	0.03199	0.00880	0.00246	0.03225	0.01156	0.00584	0.08993
46	0.02002	0.09259	0.05988	0.10028	0.08689	0.06197	0.08343	0.05143	0.07437	0.14533	0.02161	0.02613	0.04226	0.00892	0.00727	0.00225	0.00825	0.05751	0.00533	0.04426
47	0.03437	0.06577	0.05318	0.01210	0.01535	0.06533	0.01003	0.08566	0.06156	0.04013	0.08711	0.15899	0.15536	0.06051	0.00974	0.00273	0.00630	0.06174	0.00610	0.00794
48	0.11165	0.04980	0.05862	0.12055	0.02420	0.10961	0.01369	0.17724	0.06580	0.06000	0.01802	0.07056	0.01516	0.00924	0.00689	0.00223	0.00813	0.02935	0.00536	0.04390
49	0.01954	0.12029	0.04142	0.07951	0.05080	0.11481	0.01338	0.13043	0.01922	0.04828	0.04063	0.05158	0.01569	0.00885	0.00763	0.00202	0.04885	0.03177	0.00483	0.15049

[dist]
# distance from previous block
# <min> <max>
5	48

[block]
# block no. 5 follows, 28 sequences, length 50
# corresponding to MSA columns:
# 503-552
name=unknown_F
#
# <colnr> <probs for GDERKNQSTAVLIFYWHMCP>
#	G	D	E	R	K	N	Q	S	T	A	V	L	I	F	Y	W	H	M	C	P
0	0.01402	0.11823	0.09712	0.06188	0.06672	0.03596	0.01236	0.01754	0.01668	0.04025	0.19003	0.11707	0.08129	0.01317	0.03178	0.00250	0.00687	0.00987	0.00536	0.06129
1	0.01738	0.09069	0.08787	0.07794	0.08586	0.01666	0.03291	0.10592	0.04338	0.06659	0.01977	0.07901	0.03912	0.03249	0.07368	0.00330	0.08385	0.00789	0.00482	0.03088
2	0.03903	0.15686	0.12950	0.01784	0.06501	0.04073	0.08197	0.06710	0.03497	0.04860	0.01658	0.07506	0.01477	0.03232	0.05140	0.03556	0.03276	0.00718	0.00433	0.04843
3	0.01788	0.16981	0.06613	0.03098	0.01821	0.15560	0.01202	0.04491	0.03343	0.03645	0.03754	0.06999	0.06920	0.03278	0.01184	0.11072	0.06287	0.00747	0.00436	0.00783
4	0.04513	0.06934	0.08054	0.21525	0.02921	0.12552	0.03371	0.11977	0.04470	0.02503	0.06240	0.01981	0.01493	0.00815	0.00732	0.00218	0.02900	0.00639	0.03074	0.03089
5	0.05170	0.07482	0.06143	0.02099	0.14639	0.24614	0.01465	0.11019	0.03727	0.04721	0.04302	0.01996	0.01463	0.07001	0.00928	0.00247	0.00945	0.00625	0.00464	0.00951
6	0.02026	0.17921	0.07555	0.01460	0.02003	0.09299	0.03885	0.11677	0.03574	0.07958	0.01737	0.01878	0.03453	0.00902	0.02548	0.00215	0.03280	0.00587	0.06011	0.12032
7	0.04387	0.01756	0.07923	0.07208	0.22032	0.03613	0.01665	0.11155	0.06178	0.02617	0.07109	0.07705	0.01900	0.00990	0.00956	0.00241	0.10294	0.00800	0.00486	0.00984
8	0.14361	0.04517	0.06303	0.01379	0.01832	0.11076	0.01167	0.17543	0.09999	0.05345	0.06461	0.05622	0.03465	0.00947	0.00667	0.00218	0.00721	0.00727	0.06694	0.00953
9	0.01589	0.01472	0.02356	0.02574	0.24334	0.01498	0.13040	0.04682	0.10390	0.02535	0.10288	0.03037	0.10450	0.00976	0.00848	0.00233	0.04072	0.00895	0.03763	0.00968
10	0.01263	0.00631	0.00947	0.00947	0.00947	0.00631	0.00631	0.00947	0.00947	0.01263	0.01263	0.02210	0.01263	0.02525	0.02841	0.78851	0.00631	0.00631	0.00316	0.00316
11	0.19429	0.05148	0.01937	0.01453	0.01995	0.02023	0.01205	0.40755	0.07370	0.09195	0.01725	0.01721	0.01238	0.00828	0.00656	0.00219	0.00717	0.00603	0.00662	0.01118
12	0.21280	0.01325	0.01640	0.27833	0.02849	0.01474	0.01305	0.05253	0.05875	0.05303	0.03790	0.01902	0.01307	0.00749	0.00626	0.00213	0.00708	0.00591	0.04045	0.11932
13	0.01579	0.01503	0.02553	0.39690	0.36411	0.01669	0.02121	0.02038	0.01551	0.02108	0.01328	0.01871	0.01057	0.00688	0.00723	0.00229	0.00918	0.00647	0.00341	0.00974
14	0.01700	0.01930	0.04192	0.06262	0.03854	0.01828	0.64282	0.02307	0.01704	0.02307	0.01462	0.01960	0.01097	0.00618	0.00852	0.00245	0.01214	0.00848	0.00366	0.00972
15	0.03140	0.01269	0.01690	0.01303	0.01851	0.01130	0.01073	0.07602	0.02166	0.63459	0.05456	0.02545	0.01965	0.00921	0.00736	0.00225	0.00619	0.00749	0.00885	0.01215
16	0.01508	0.05629	0.61147	0.02268	0.08346	0.01731	0.04831	0.02294	0.01549	0.02291	0.01306	0.01559	0.00945	0.00683	0.00692	0.00227	0.01054	0.00552	0.00313	0.01073
17	0.00898	0.00643	0.00834	0.00982	0.01030	0.00600	0.00651	0.01017	0.01378	0.01826	0.04034	0.65351	0.07756	0.07894	0.01141	0.00325	0.00441	0.01962	0.00656	0.00580
18	0.01006	0.00683	0.00808	0.00858	0.00871	0.00671	0.00510	0.01044	0.01157	0.01542	0.02802	0.25398	0.03288	0.52932	0.02873	0.00583	0.00620	0.01358	0.00510	0.00485
19	0.01020	0.00802	0.00930	0.00902	0.01112	0.00747	0.00674	0.01432	0.07482	0.02491	0.35744	0.10652	0.30067	0.01634	0.00853	0.00241	0.00378	0.01409	0.00739	0.00691
20	0.03110	0.01543	0.01746	0.01384	0.01917	0.09461	0.01123	0.05683	0.05324	0.56815	0.02628	0.02323	0.01698	0.00885	0.00722	0.00221	0.00704	0.00702	0.00824	0.01186
21	0.01766	0.01914	0.03892	0.02907	0.06135	0.01846	0.55626	0.04847	0.08569	0.02484	0.01628	0.02023	0.01223	0.00661	0.00836	0.00243	0.01130	0.00839	0.00418	0.01014
22	0.01716	0.01961	0.04289	0.03064	0.03799	0.01838	0.67279	0.02328	0.01716	0.02328	0.01471	0.01961	0.01103	0.00613	0.00858	0.00245	0.01225	0.00858	0.00368	0.00980
23	0.02763	0.01331	0.01629	0.01279	0.01771	0.01288	0.01046	0.19006	0.02326	0.41247	0.05084	0.02443	0.01865	0.00908	0.00701	0.00215	0.00610	0.00726	0.12631	0.01131
24	0.05526	0.02077	0.07427	0.03778	0.04223	0.15481	0.04478	0.09390	0.04122	0.17168	0.01713	0.03806	0.01317	0.00931	0.01037	0.00239	0.15098	0.00665	0.00531	0.00994
25	0.01593	0.00836	0.01098	0.01094	0.01301	0.00775	0.00807	0.01849	0.03806	0.20163	0.03546	0.44450	0.03686	0.01755	0.00843	0.00268	0.00485	0.04601	0.06252	0.00790
26	0.00882	0.00648	0.00828	0.00972	0.01044	0.00594	0.00657	0.01017	0.01430	0.01871	0.04494	0.64243	0.14229	0.02214	0.00918	0.00288	0.00414	0.01989	0.00675	0.00594
27	0.01702	0.02213	0.21457	0.02400	0.07557	0.01601	0.27751	0.04675	0.04025	0.07051	0.06539	0.06128	0.01760	0.00832	0.00789	0.00238	0.00974	0.00839	0.00460	0.01008
28	0.01970	0.02143	0.04145	0.01838	0.09069	0.24610	0.01317	0.04955	0.22285	0.02407	0.05503	0.02795	0.07121	0.03452	0.00831	0.00240	0.00854	0.02970	0.00549	0.00946
29	0.02293	0.30972	0.02701	0.04006	0.02149	0.39273	0.01340	0.02512	0.01772	0.01751	0.01123	0.01347	0.00977	0.00916	0.03850	0.00222	0.01122	0.00458	0.00349	0.00868
30	0.01458	0.03760	0.70688	0.02072	0.03146	0.01688	0.02686	0.02302	0.01535	0.02302	0.01304	0.01535	0.00921	0.00691	0.00691	0.00230	0.01074	0.00537	0.00307	0.01074
31	0.10439	0.01462	0.04192	0.04547	0.07662	0.01619	0.03183	0.06723	0.01566	0.09494	0.01960	0.09628	0.03720	0.01155	0.01252	0.00264	0.23745	0.02970	0.03536	0.00882
32	0.04121	0.04071	0.02630	0.15989	0.40993	0.01731	0.04480	0.04947	0.06412	0.02404	0.01565	0.04634	0.01318	0.00757	0.00719	0.00225	0.00844	0.00706	0.00409	0.01046
33	0.03261	0.01237	0.01687	0.01293	0.01856	0.01068	0.01068	0.03543	0.02081	0.70423	0.02868	0.02474	0.01799	0.00900	0.00731	0.00225	0.00619	0.00731	0.00900	0.01237
34	0.00935	0.00674	0.00896	0.01051	0.01126	0.00635	0.00751	0.01104	0.01468	0.01941	0.05838	0.58261	0.07734	0.02192	0.00935	0.00298	0.00458	0.12417	0.00677	0.00607
35	0.01931	0.06778	0.01953	0.01535	0.07444	0.04018	0.01142	0.14939	0.04612	0.05378	0.01488	0.01632	0.01172	0.00658	0.00605	0.00154	0.00666	0.00518	0.00503	0.42874
36	0.01473	0.01253	0.01469	0.01065	0.01678	0.00949	0.00849	0.01798	0.01546	0.02407	0.06130	0.01785	0.01487	0.00606	0.00561	0.00116	0.00524	0.00493	0.00457	0.73353
37	0.01873	0.01323	0.02074	0.05438	0.19342	0.01225	0.08214	0.02225	0.01751	0.18609	0.06671	0.05728	0.11532	0.00979	0.00753	0.00218	0.00692	0.00886	0.00579	0.09888
38	0.01501	0.07567	0.44655	0.02213	0.08553	0.01673	0.10307	0.02187	0.01622	0.02343	0.08987	0.02024	0.01632	0.00762	0.00718	0.00226	0.00974	0.00664	0.00375	0.01016
39	0.00925	0.00661	0.00889	0.01057	0.01117	0.00625	0.00744	0.01081	0.01431	0.01900	0.03985	0.64853	0.04721	0.02240	0.00938	0.00301	0.00456	0.10801	0.00674	0.00601
40	0.01675	0.01877	0.03957	0.02874	0.03509	0.01837	0.58155	0.02223	0.01642	0.02252	0.01502	0.04342	0.01212	0.00738	0.01020	0.00254	0.08735	0.00875	0.00373	0.00948
41	0.04073	0.01816	0.07578	0.02373	0.22317	0.08789	0.04087	0.05026	0.08352	0.10139	0.10643	0.02630	0.04423	0.03560	0.00843	0.00240	0.00785	0.00779	0.00542	0.01005
42	0.01484	0.01262	0.02001	0.19573	0.25478	0.01352	0.01597	0.01883	0.04102	0.05231	0.02251	0.23414	0.02261	0.01200	0.00845	0.00251	0.03359	0.01080	0.00483	0.00892
43	0.00935	0.00725	0.00853	0.00870	0.01052	0.00644	0.00645	0.01169	0.01749	0.02279	0.27889	0.18087	0.34245	0.01802	0.00876	0.00252	0.00381	0.04193	0.00718	0.00637
44	0.01988	0.05506	0.02632	0.15043	0.13132	0.15921	0.12167	0.06729	0.01784	0.05331	0.01450	0.01972	0.01188	0.00821	0.00908	0.00233	0.08729	0.03111	0.00412	0.00943
45	0.01749	0.21706	0.38434	0.01998	0.05080	0.06933	0.07624	0.04530	0.01640	0.02196	0.01248	0.01477	0.00959	0.00675	0.00647	0.00208	0.01011	0.00529	0.00334	0.01022
46	0.00872	0.00686	0.00788	0.00869	0.01017	0.00602	0.00611	0.01028	0.01529	0.01912	0.05749	0.39210	0.38452	0.02051	0.00892	0.00269	0.00394	0.01790	0.00675	0.00602
47	0.00903	0.00681	0.00839	0.00941	0.01057	0.00616	0.00664	0.01073	0.01535	0.01988	0.10314	0.46249	0.23425	0.02076	0.00906	0.00277	0.00411	0.04753	0.00685	0.00608
48	0.01877	0.01818	0.02557	0.09827	0.19070	0.10014	0.10635	0.06119	0.01661	0.05316	0.01386	0.01834	0.01139	0.01168	0.06126	0.00310	0.17127	0.00666	0.00399	0.00951
49	0.02274	0.28309	0.02414	0.01283	0.01789	0.05340	0.01122	0.18611	0.02089	0.12994	0.01734	0.01803	0.01313	0.00774	0.00588	0.00186	0.00703	0.00564	0.15109	0.01002

[dist]
# distance from previous block
# <min> <max>
0	1

[block]
# block no. 6 follows, 28 sequences, length 30
# corresponding to MSA columns:
# 554-583
name=unknown_G
#
# <colnr> <probs for GDERKNQSTAVLIFYWHMCP>
#	G	D	E	R	K	N	Q	S	T	A	V	L	I	F	Y	W	H	M	C	P
0	0.02094	0.02116	0.01771	0.04889	0.02028	0.26602	0.01232	0.18927	0.02164	0.02535	0.02396	0.14129	0.08670	0.01181	0.00862	0.00231	0.05848	0.00910	0.00540	0.00874
1	0.01502	0.01292	0.01536	0.04115	0.01862	0.00996	0.00910	0.01831	0.01505	0.02347	0.01292	0.01526	0.01072	0.00546	0.00546	0.00113	0.00557	0.00440	0.00426	0.75586
2	0.01318	0.14614	0.09005	0.01406	0.04323	0.01379	0.01173	0.04321	0.01460	0.01973	0.02412	0.29246	0.02605	0.02287	0.15315	0.00436	0.04312	0.01154	0.00485	0.00775
3	0.01475	0.01141	0.01250	0.01198	0.01407	0.07911	0.00917	0.05021	0.05249	0.05717	0.02277	0.11424	0.02101	0.03227	0.34575	0.00674	0.01264	0.00887	0.11533	0.00753
4	0.02822	0.01564	0.01851	0.01438	0.01996	0.01572	0.01179	0.26605	0.09755	0.35376	0.02381	0.02181	0.01600	0.00878	0.00719	0.00218	0.00675	0.00696	0.00793	0.05702
5	0.06196	0.13589	0.27647	0.02287	0.10608	0.01862	0.15131	0.02315	0.05301	0.02316	0.01510	0.01992	0.01223	0.00745	0.00699	0.00226	0.00956	0.04011	0.00378	0.01009
6	0.02818	0.01190	0.01567	0.01211	0.01749	0.01010	0.00992	0.03094	0.01974	0.55828	0.03170	0.02845	0.08860	0.00960	0.00724	0.00214	0.00583	0.00783	0.00825	0.09604
7	0.01325	0.01200	0.01718	0.01553	0.01615	0.01593	0.01263	0.01532	0.01140	0.01720	0.01432	0.02199	0.01369	0.03282	0.35647	0.00727	0.38906	0.00705	0.00352	0.00725
8	0.01052	0.00726	0.00902	0.00902	0.00939	0.00764	0.00576	0.01127	0.01089	0.01490	0.02191	0.04206	0.02403	0.54448	0.23379	0.00839	0.01065	0.00976	0.00426	0.00501
9	0.00893	0.00639	0.00850	0.01007	0.01056	0.00596	0.00675	0.01032	0.01428	0.01913	0.07572	0.70249	0.04919	0.02234	0.00924	0.00292	0.00417	0.02026	0.00682	0.00596
10	0.16642	0.01722	0.01796	0.01422	0.01929	0.01890	0.01166	0.44248	0.02764	0.07717	0.07010	0.02009	0.01650	0.00885	0.00678	0.00219	0.00692	0.00664	0.03809	0.01089
11	0.01040	0.00771	0.01129	0.01129	0.01245	0.00887	0.00859	0.01273	0.01157	0.01658	0.01983	0.03056	0.01904	0.12714	0.64429	0.01119	0.01816	0.00808	0.00395	0.00627
12	0.00965	0.00690	0.00935	0.01103	0.01180	0.00659	0.00813	0.01150	0.01470	0.01945	0.03962	0.55605	0.04633	0.02202	0.00949	0.00306	0.00491	0.19653	0.00673	0.00612
13	0.02715	0.03464	0.02060	0.01873	0.02247	0.71536	0.01404	0.02903	0.02060	0.01779	0.01124	0.01311	0.00936	0.00749	0.00655	0.00187	0.01311	0.00468	0.00375	0.00843
14	0.01643	0.01434	0.01871	0.01528	0.01868	0.09969	0.16253	0.06417	0.01688	0.02413	0.01896	0.02427	0.01563	0.05460	0.11176	0.00368	0.00953	0.00727	0.29555	0.00790
15	0.00922	0.00673	0.00870	0.00977	0.01071	0.00621	0.00684	0.01105	0.01560	0.02085	0.17060	0.51029	0.11972	0.02067	0.00910	0.00279	0.00411	0.04389	0.00699	0.00615
16	0.01373	0.01292	0.02180	0.72707	0.05006	0.01615	0.02019	0.01857	0.01453	0.01857	0.01292	0.01938	0.00969	0.00727	0.00727	0.00242	0.00969	0.00646	0.00323	0.00807
17	0.01107	0.00758	0.00975	0.00949	0.01131	0.00693	0.00716	0.01402	0.01909	0.05851	0.47505	0.14111	0.13233	0.01626	0.00869	0.00245	0.00387	0.05075	0.00768	0.00691
18	0.01817	0.06215	0.02382	0.38707	0.15664	0.19179	0.01858	0.02203	0.01642	0.01921	0.01247	0.01711	0.00991	0.00712	0.00692	0.00219	0.01024	0.00587	0.00342	0.00885
19	0.01691	0.37973	0.38520	0.01674	0.02530	0.02260	0.01992	0.02242	0.01507	0.02017	0.01163	0.01357	0.00927	0.00658	0.00583	0.00194	0.00931	0.00466	0.00309	0.01006
20	0.01027	0.00726	0.00921	0.00932	0.00995	0.00756	0.00623	0.01142	0.01187	0.01618	0.05137	0.09712	0.06032	0.40406	0.24876	0.00779	0.01048	0.01081	0.00468	0.00537
21	0.01262	0.00742	0.00817	0.00783	0.00943	0.00729	0.00555	0.01505	0.01371	0.02256	0.02227	0.03154	0.01997	0.20109	0.07844	0.00393	0.00596	0.00765	0.45209	0.06744
22	0.57364	0.01953	0.01359	0.01214	0.01649	0.19518	0.00965	0.04524	0.01521	0.02927	0.01065	0.01233	0.00840	0.00700	0.00512	0.00215	0.00762	0.00421	0.00440	0.00816
23	0.03112	0.01193	0.01608	0.01245	0.01777	0.01038	0.01024	0.03398	0.02037	0.65117	0.02829	0.02493	0.01804	0.00896	0.00714	0.00221	0.00597	0.00727	0.06980	0.01193
24	0.01073	0.00895	0.01338	0.01226	0.01451	0.00836	0.09078	0.01412	0.04149	0.02277	0.21542	0.27275	0.17494	0.01711	0.00884	0.00262	0.00512	0.05218	0.00671	0.00694
25	0.01990	0.44162	0.09998	0.01494	0.02042	0.05924	0.01452	0.05864	0.01592	0.05575	0.01176	0.01382	0.00998	0.00771	0.00843	0.00199	0.12736	0.00481	0.00369	0.00953
26	0.02976	0.01695	0.01971	0.01511	0.02084	0.01749	0.01248	0.40230	0.02848	0.32652	0.02224	0.02056	0.01476	0.00884	0.00729	0.00221	0.00723	0.00687	0.00801	0.01237
27	0.00886	0.00633	0.00843	0.01012	0.01054	0.00590	0.00675	0.01012	0.01392	0.01856	0.04006	0.73979	0.04808	0.02277	0.00928	0.00295	0.00422	0.02066	0.00675	0.00590
28	0.01306	0.01183	0.01755	0.01566	0.01658	0.01512	0.04300	0.01523	0.01180	0.01748	0.01614	0.06461	0.01598	0.04957	0.31757	0.00686	0.33301	0.00802	0.00375	0.00720
29	0.01664	0.01726	0.02328	0.23099	0.03016	0.09288	0.06824	0.02053	0.04709	0.01894	0.01213	0.01749	0.01031	0.00989	0.01507	0.00272	0.34803	0.00648	0.00350	0.00836

[dist]
# distance from previous block
# <min> <max>
0	27

[block]
# block no. 7 follows, 28 sequences, length 54
# corresponding to MSA columns:
# 611-664
name=unknown_H
#
# <colnr> <probs for GDERKNQSTAVLIFYWHMCP>
#	G	D	E	R	K	N	Q	S	T	A	V	L	I	F	Y	W	H	M	C	P
0	0.16213	0.04907	0.05360	0.07257	0.02143	0.13975	0.01283	0.09334	0.13537	0.05277	0.04694	0.02247	0.04134	0.00912	0.00746	0.00228	0.04058	0.02230	0.00532	0.00934
1	0.01067	0.00756	0.00945	0.00935	0.00974	0.00807	0.00611	0.01153	0.01137	0.01565	0.05131	0.05916	0.02620	0.50392	0.19524	0.00769	0.03723	0.01011	0.00445	0.00518
2	0.01426	0.01421	0.02656	0.46426	0.04304	0.01585	0.20394	0.01914	0.01522	0.01991	0.01590	0.08517	0.01357	0.00836	0.00782	0.00248	0.00992	0.00836	0.00368	0.00837
3	0.01043	0.00760	0.01074	0.01074	0.01171	0.00857	0.00791	0.01237	0.01140	0.01617	0.02034	0.03335	0.02025	0.22851	0.54458	0.01051	0.01634	0.00849	0.00402	0.00596
4	0.07629	0.01281	0.01587	0.01252	0.01728	0.01215	0.01003	0.11933	0.02064	0.47115	0.02513	0.02624	0.01781	0.11564	0.01144	0.00294	0.00653	0.00747	0.00781	0.01093
5	0.02888	0.01320	0.01664	0.01312	0.01822	0.01249	0.01070	0.13895	0.05037	0.49249	0.02706	0.05611	0.01864	0.00958	0.00725	0.00224	0.00620	0.00779	0.05841	0.01168
6	0.00906	0.00649	0.00862	0.00998	0.01059	0.00604	0.00676	0.01064	0.01488	0.02009	0.13523	0.64025	0.05106	0.02162	0.00918	0.00286	0.00410	0.01957	0.00693	0.00604
7	0.02715	0.03464	0.02060	0.01873	0.02247	0.71536	0.01404	0.02903	0.02060	0.01779	0.01124	0.01311	0.00936	0.00749	0.00655	0.00187	0.01311	0.00468	0.00375	0.00843
8	0.00971	0.00748	0.01078	0.13614	0.01749	0.00771	0.00911	0.01161	0.01403	0.01856	0.03529	0.61317	0.04133	0.02005	0.00892	0.00286	0.00518	0.01817	0.00613	0.00629
9	0.03240	0.01272	0.01709	0.01310	0.01873	0.01120	0.01082	0.06337	0.02139	0.67546	0.02819	0.02442	0.01775	0.00899	0.00731	0.00225	0.00626	0.00728	0.00892	0.01237
10	0.01755	0.00919	0.01149	0.01009	0.01343	0.00803	0.00801	0.02019	0.01898	0.26067	0.19845	0.05135	0.27492	0.01442	0.00823	0.00240	0.00468	0.05160	0.00782	0.00851
11	0.00928	0.00657	0.00866	0.01017	0.01065	0.00623	0.00692	0.01059	0.01380	0.01835	0.03811	0.61080	0.04525	0.09906	0.01228	0.00342	0.00473	0.07282	0.00649	0.00581
12	0.01532	0.01504	0.02114	0.01830	0.01844	0.02087	0.01518	0.01702	0.01119	0.01743	0.01059	0.01724	0.01046	0.01715	0.09720	0.00408	0.65578	0.00651	0.00326	0.00780
13	0.02738	0.01239	0.01641	0.01328	0.01796	0.01193	0.01081	0.03241	0.10562	0.50622	0.02690	0.02514	0.01821	0.01471	0.09278	0.00344	0.03764	0.00745	0.00794	0.01137
14	0.01774	0.01780	0.05805	0.02312	0.02800	0.01807	0.32245	0.04160	0.07565	0.06562	0.01701	0.02251	0.01367	0.00901	0.01190	0.00262	0.18213	0.03670	0.02679	0.00956
15	0.01061	0.00710	0.00807	0.00814	0.00820	0.00710	0.00468	0.01074	0.01081	0.01439	0.02350	0.04888	0.02702	0.71689	0.03597	0.00691	0.00703	0.03498	0.00449	0.00449
16	0.53135	0.05811	0.09129	0.01259	0.01774	0.14230	0.01132	0.02294	0.01430	0.02809	0.01065	0.01243	0.00836	0.00687	0.00514	0.00215	0.00764	0.00423	0.00413	0.00837
17	0.01563	0.01567	0.02334	0.01959	0.02032	0.02102	0.07280	0.01769	0.01170	0.01796	0.01067	0.01709	0.01026	0.01501	0.06988	0.00370	0.61973	0.00665	0.00327	0.00801
18	0.01728	0.01674	0.02515	0.15324	0.43971	0.05288	0.01936	0.02286	0.07580	0.02299	0.01707	0.02063	0.03798	0.00737	0.00717	0.00218	0.00847	0.00678	0.00403	0.04228
19	0.04967	0.09020	0.34872	0.09171	0.14440	0.01842	0.02160	0.07808	0.04619	0.02485	0.01386	0.01641	0.01044	0.00708	0.00675	0.00222	0.00936	0.00570	0.00378	0.01054
20	0.01257	0.02308	0.36502	0.01617	0.02248	0.01230	0.04236	0.01830	0.01658	0.02383	0.19159	0.14188	0.03186	0.01196	0.00790	0.00245	0.00774	0.03804	0.00508	0.00879
21	0.03216	0.01310	0.01732	0.01328	0.01892	0.01177	0.01097	0.09377	0.02203	0.64416	0.02765	0.02408	0.01748	0.00897	0.00731	0.00224	0.00635	0.00724	0.00884	0.01237
22	0.01200	0.01084	0.03254	0.08634	0.03493	0.01082	0.07851	0.01627	0.07572	0.02041	0.03039	0.38055	0.03323	0.04444	0.01049	0.00297	0.03808	0.06838	0.00573	0.00738
23	0.02304	0.02016	0.15563	0.01562	0.02125	0.09646	0.04370	0.06990	0.04798	0.26695	0.02149	0.04025	0.01601	0.05626	0.03730	0.00290	0.00871	0.00719	0.03890	0.01029
24	0.09400	0.01290	0.01586	0.01247	0.01754	0.01224	0.01023	0.11588	0.02136	0.47720	0.05038	0.02401	0.01836	0.00895	0.00692	0.00219	0.00603	0.00710	0.07507	0.01130
25	0.01114	0.00700	0.00928	0.01022	0.01128	0.00643	0.00708	0.01274	0.01518	0.08204	0.09538	0.59763	0.06543	0.02072	0.00902	0.00282	0.00432	0.01866	0.00706	0.00658
26	0.01661	0.01616	0.02701	0.29208	0.42290	0.03227	0.04592	0.02113	0.01593	0.02171	0.01338	0.01845	0.01078	0.00677	0.00726	0.00226	0.00925	0.00651	0.00347	0.01013
27	0.01458	0.03760	0.70688	0.02072	0.03146	0.01688	0.02686	0.02302	0.01535	0.02302	0.01304	0.01535	0.00921	0.00691	0.00691	0.00230	0.01074	0.00537	0.00307	0.01074
28	0.02652	0.01196	0.01475	0.01175	0.01630	0.01131	0.00956	0.12345	0.02119	0.41765	0.02564	0.02434	0.01735	0.00881	0.00668	0.00208	0.00566	0.00705	0.22715	0.01079
29	0.00895	0.00729	0.00792	0.00795	0.01008	0.00626	0.00589	0.01105	0.01713	0.02141	0.19272	0.12351	0.51837	0.01808	0.00865	0.00246	0.00368	0.01536	0.00700	0.00626
30	0.08159	0.01290	0.01766	0.01995	0.14167	0.01353	0.04133	0.08026	0.09747	0.02632	0.02759	0.04937	0.02712	0.01364	0.00843	0.00279	0.00720	0.31633	0.00595	0.00889
31	0.01111	0.00813	0.01071	0.07590	0.01537	0.00819	0.00907	0.04013	0.01604	0.02160	0.06315	0.35021	0.10498	0.01826	0.00872	0.00277	0.00525	0.15146	0.07227	0.00667
32	0.03200	0.01335	0.01748	0.01340	0.01905	0.01214	0.01107	0.11394	0.02245	0.62340	0.02730	0.02385	0.01730	0.00896	0.00731	0.00224	0.00641	0.00722	0.00879	0.01237
33	0.01684	0.01890	0.03993	0.07311	0.03723	0.01855	0.57965	0.02253	0.01651	0.02253	0.01418	0.01930	0.01083	0.00673	0.00972	0.00251	0.06953	0.00827	0.00361	0.00955
34	0.06320	0.03410	0.60579	0.01998	0.02981	0.01650	0.05299	0.02254	0.01546	0.02388	0.04109	0.01692	0.01165	0.00719	0.00690	0.00230	0.01019	0.00574	0.00339	0.01036
35	0.02580	0.01466	0.01645	0.01343	0.01771	0.07782	0.01082	0.09863	0.05011	0.36511	0.09947	0.02594	0.02198	0.00972	0.00826	0.00224	0.05307	0.00758	0.07058	0.01061
36	0.38636	0.01811	0.01456	0.03949	0.01797	0.15750	0.01026	0.09846	0.01760	0.08686	0.01410	0.01549	0.01060	0.00749	0.00563	0.00212	0.00741	0.00503	0.07619	0.00879
37	0.01907	0.70267	0.03614	0.01208	0.01802	0.02739	0.01198	0.02147	0.01480	0.01773	0.01095	0.01262	0.00991	0.00636	0.00469	0.00156	0.00750	0.00407	0.05182	0.00917
38	0.09409	0.05635	0.02212	0.05426	0.15620	0.36586	0.01508	0.08039	0.01945	0.02293	0.01224	0.01462	0.00998	0.00718	0.00646	0.00197	0.01042	0.00516	0.00406	0.04118
39	0.07821	0.07674	0.01408	0.11372	0.01758	0.01141	0.00930	0.01631	0.04462	0.02502	0.34809	0.04169	0.10420	0.05788	0.00941	0.00256	0.00526	0.01040	0.00620	0.00731
40	0.01619	0.00816	0.00866	0.00798	0.01029	0.00814	0.00615	0.06091	0.01697	0.09008	0.02376	0.02626	0.01817	0.00853	0.00543	0.00178	0.00394	0.00681	0.66413	0.00764
41	0.00911	0.00652	0.00866	0.00995	0.01060	0.00607	0.00677	0.01075	0.01509	0.02042	0.15525	0.61930	0.05168	0.02138	0.00915	0.00284	0.00408	0.01934	0.00697	0.00607
42	0.02025	0.07907	0.03695	0.02563	0.03238	0.06374	0.46091	0.08401	0.01905	0.08205	0.01554	0.01878	0.01149	0.00670	0.00791	0.00230	0.01105	0.00766	0.00441	0.01013
43	0.01553	0.01087	0.01562	0.01423	0.01574	0.01225	0.03924	0.01738	0.01442	0.13896	0.02769	0.36301	0.02948	0.01658	0.01333	0.00288	0.22558	0.01345	0.00593	0.00783
44	0.03261	0.01237	0.01687	0.01293	0.01856	0.01068	0.01068	0.03543	0.02081	0.70423	0.02868	0.02474	0.01799	0.00900	0.00731	0.00225	0.00619	0.00731	0.00900	0.01237
