[name]
unknown

[dist]
# distance from previous block
# <min> <max>
11	270

[block]
# block no. 0 follows, 30 sequences, length 40
# corresponding to MSA columns:
# 327-332,335-368
name=unknown_A
#
# <colnr> <probs for GDERKNQSTAVLIFYWHMCP>
#	G	D	E	R	K	N	Q	S	T	A	V	L	I	F	Y	W	H	M	C	P
0	0.01236	0.01052	0.01525	0.01343	0.01623	0.01051	0.11137	0.01845	0.14309	0.02258	0.14290	0.04968	0.13788	0.10456	0.01169	0.00306	0.00616	0.15682	0.00605	0.00741
1	0.08351	0.01747	0.05573	0.08946	0.04854	0.08847	0.01290	0.09854	0.28818	0.05814	0.03749	0.02325	0.05071	0.00881	0.00681	0.00222	0.00709	0.00705	0.00577	0.00985
2	0.00939	0.00711	0.00865	0.00827	0.01013	0.00638	0.00620	0.01222	0.01860	0.02524	0.51639	0.05664	0.25871	0.01529	0.00824	0.00224	0.00336	0.01325	0.00732	0.00638
3	0.00997	0.00726	0.00874	0.00828	0.01030	0.00645	0.00624	0.01270	0.01838	0.04654	0.45822	0.05660	0.29411	0.01531	0.00820	0.00225	0.00346	0.01320	0.00728	0.00650
4	0.02458	0.02075	0.01961	0.01729	0.06016	0.17599	0.01304	0.30876	0.15828	0.10229	0.01860	0.01839	0.01358	0.00823	0.00685	0.00209	0.00820	0.00627	0.00622	0.01082
5	0.02106	0.05111	0.08785	0.01771	0.05538	0.05534	0.04501	0.25865	0.21931	0.05468	0.01885	0.01909	0.01400	0.00832	0.00761	0.00220	0.04062	0.00654	0.00584	0.01082
6	0.40876	0.09447	0.01847	0.09843	0.02119	0.01836	0.04965	0.16862	0.01728	0.03043	0.01185	0.01381	0.00904	0.00687	0.00547	0.00210	0.00695	0.00487	0.00458	0.00879
7	0.00992	0.00779	0.01090	0.01091	0.01239	0.00732	0.05384	0.04195	0.01523	0.02008	0.07925	0.51864	0.14697	0.01904	0.00863	0.00266	0.00463	0.01719	0.00637	0.00630
8	0.01165	0.18840	0.04977	0.01001	0.01317	0.01192	0.00880	0.01410	0.01553	0.01962	0.13162	0.11894	0.25753	0.03825	0.00836	0.00240	0.00524	0.08221	0.00556	0.00692
9	0.01989	0.01602	0.02035	0.02243	0.21795	0.01719	0.01415	0.30019	0.11895	0.03157	0.01983	0.09434	0.01715	0.04742	0.00863	0.00244	0.00713	0.00807	0.00579	0.01050
10	0.01564	0.01237	0.01459	0.01048	0.01663	0.00937	0.00841	0.01871	0.01485	0.07093	0.01345	0.01512	0.01082	0.00541	0.00530	0.00111	0.00522	0.00433	0.00445	0.74281
11	0.01661	0.32246	0.28492	0.01505	0.02209	0.02027	0.01661	0.02357	0.11165	0.04067	0.05261	0.01723	0.01405	0.00725	0.00593	0.00194	0.00797	0.00543	0.00397	0.00971
12	0.80405	0.01350	0.01026	0.00918	0.01350	0.01565	0.00756	0.02051	0.01188	0.03131	0.00972	0.01134	0.00756	0.00648	0.00432	0.00216	0.00540	0.00378	0.00432	0.00756
13	0.00845	0.00627	0.00789	0.00919	0.00998	0.00571	0.00624	0.00978	0.01387	0.01802	0.04487	0.61438	0.17784	0.02103	0.00878	0.00274	0.00395	0.01882	0.00648	0.00571
14	0.03051	0.01200	0.01615	0.01243	0.01773	0.01053	0.01025	0.05563	0.02040	0.67284	0.04729	0.02435	0.01853	0.00879	0.00705	0.00216	0.00592	0.00716	0.00855	0.01172
15	0.01092	0.00673	0.00693	0.00706	0.00889	0.00627	0.00529	0.01350	0.01508	0.02273	0.04199	0.08385	0.27883	0.01278	0.00649	0.00201	0.00349	0.02754	0.43339	0.00622
16	0.01866	0.75896	0.03657	0.01194	0.01791	0.02761	0.01194	0.02090	0.01418	0.01642	0.00970	0.01119	0.00896	0.00597	0.00448	0.00149	0.00746	0.00373	0.00299	0.00896
17	0.01212	0.00606	0.00909	0.00909	0.00909	0.00606	0.00606	0.00909	0.00909	0.01212	0.01212	0.02121	0.01212	0.02424	0.02727	0.79697	0.00606	0.00606	0.00303	0.00303
18	0.00969	0.00705	0.00989	0.01019	0.01109	0.00765	0.00742	0.01156	0.01199	0.01679	0.06291	0.18282	0.02748	0.15482	0.42635	0.00824	0.01286	0.01078	0.00461	0.00582
19	0.01736	0.01499	0.01578	0.01420	0.01815	0.01736	0.01105	0.03708	0.69862	0.02919	0.02840	0.02604	0.02130	0.00947	0.00710	0.00237	0.00552	0.00789	0.00710	0.01105
20	0.19343	0.26064	0.02752	0.06623	0.02324	0.09335	0.14342	0.05849	0.01561	0.02259	0.01124	0.01380	0.00916	0.00657	0.00619	0.00197	0.02909	0.00508	0.00368	0.00869
21	0.01727	0.01658	0.02832	0.04283	0.71123	0.01658	0.02142	0.02142	0.01589	0.02280	0.01313	0.01727	0.01105	0.00622	0.00691	0.00207	0.00829	0.00622	0.00345	0.01105
22	0.00861	0.00638	0.00808	0.00938	0.01023	0.00585	0.00652	0.01004	0.01401	0.01819	0.04466	0.57890	0.17500	0.02090	0.00882	0.00276	0.00408	0.05536	0.00648	0.00575
23	0.00997	0.00748	0.01121	0.01121	0.01246	0.00872	0.00872	0.01246	0.01121	0.01620	0.01869	0.02741	0.01745	0.05234	0.72710	0.01121	0.01869	0.00748	0.00374	0.00623
24	0.01212	0.00606	0.00909	0.00909	0.00909	0.00606	0.00606	0.00909	0.00909	0.01212	0.01212	0.02121	0.01212	0.02424	0.02727	0.79697	0.00606	0.00606	0.00303	0.00303
25	0.01650	0.01411	0.01504	0.01369	0.01732	0.01618	0.01057	0.03439	0.62743	0.02850	0.06214	0.06749	0.02486	0.01039	0.00726	0.00238	0.00533	0.00878	0.00709	0.01053
26	0.01866	0.75896	0.03657	0.01194	0.01791	0.02761	0.01194	0.02090	0.01418	0.01642	0.00970	0.01119	0.00896	0.00597	0.00448	0.00149	0.00746	0.00373	0.00299	0.00896
27	0.66684	0.01366	0.01148	0.00984	0.01440	0.01529	0.00810	0.05833	0.01373	0.07917	0.01148	0.01266	0.00861	0.00667	0.00470	0.00210	0.00555	0.00416	0.00476	0.04846
28	0.01487	0.15996	0.56510	0.01844	0.02747	0.01844	0.02285	0.02162	0.01443	0.02085	0.01186	0.01415	0.00888	0.00680	0.00709	0.00213	0.04721	0.00496	0.00296	0.00994
29	0.01847	0.01498	0.02075	0.04971	0.29020	0.01592	0.01518	0.05616	0.28142	0.09221	0.02179	0.05712	0.01731	0.00859	0.00710	0.00224	0.00679	0.00761	0.00565	0.01079
30	0.02432	0.03012	0.02085	0.02081	0.09922	0.59752	0.01450	0.02637	0.01870	0.01770	0.01094	0.01330	0.00923	0.00743	0.00752	0.00192	0.06280	0.00480	0.00354	0.00839
31	0.01377	0.01301	0.02200	0.63760	0.14382	0.01566	0.01967	0.01835	0.01423	0.01855	0.01251	0.01841	0.00956	0.00687	0.00697	0.00229	0.00916	0.00620	0.00315	0.00823
32	0.00827	0.00697	0.00717	0.00733	0.00949	0.00587	0.00542	0.00999	0.01565	0.01875	0.06749	0.13496	0.64266	0.01809	0.00831	0.00240	0.00359	0.01523	0.00648	0.00587
33	0.01400	0.03610	0.71860	0.01989	0.03020	0.01621	0.02578	0.02210	0.01473	0.02210	0.01252	0.01473	0.00884	0.00663	0.00663	0.00221	0.01031	0.00516	0.00295	0.01031
34	0.00983	0.00710	0.00929	0.00881	0.01042	0.00656	0.00658	0.01306	0.01955	0.02766	0.68654	0.07404	0.06523	0.01450	0.00825	0.00221	0.00332	0.01285	0.00764	0.00656
35	0.01937	0.01103	0.01322	0.01127	0.01502	0.01078	0.00891	0.04265	0.18653	0.26855	0.17396	0.03748	0.14809	0.01155	0.00750	0.00225	0.00492	0.00970	0.00765	0.00955
36	0.02153	0.01599	0.01711	0.01415	0.01864	0.01782	0.01135	0.32060	0.30747	0.06437	0.02267	0.02186	0.01664	0.00882	0.00682	0.00216	0.00625	0.00701	0.08775	0.01098
37	0.00938	0.00780	0.00844	0.00925	0.01070	0.03643	0.00671	0.01102	0.01492	0.01848	0.05044	0.37863	0.31697	0.01929	0.00859	0.00263	0.00441	0.07363	0.00635	0.00593
38	0.01870	0.34273	0.15059	0.01458	0.02028	0.17328	0.01421	0.03905	0.05377	0.02006	0.07884	0.01701	0.01516	0.00740	0.00582	0.00182	0.00857	0.00529	0.00388	0.00897
39	0.53580	0.03883	0.01520	0.01225	0.01681	0.05649	0.06607	0.02377	0.10031	0.05793	0.01327	0.01443	0.01009	0.00692	0.00523	0.00216	0.00645	0.00485	0.00470	0.00841

[dist]
# distance from previous block
# <min> <max>
1	2

[block]
# block no. 1 follows, 30 sequences, length 7
# corresponding to MSA columns:
# 371-377
name=unknown_B
#
# <colnr> <probs for GDERKNQSTAVLIFYWHMCP>
#	G	D	E	R	K	N	Q	S	T	A	V	L	I	F	Y	W	H	M	C	P
0	0.01267	0.01179	0.01535	0.01382	0.01535	0.07286	0.06318	0.01480	0.01247	0.01676	0.01962	0.07056	0.04503	0.11722	0.32967	0.00687	0.14306	0.00839	0.00392	0.00661
1	0.01444	0.01462	0.02753	0.47787	0.08862	0.01622	0.22074	0.01943	0.01484	0.01953	0.01297	0.01858	0.00981	0.00660	0.00735	0.00232	0.00998	0.00682	0.00325	0.00847
2	0.01727	0.01658	0.02832	0.04283	0.71123	0.01658	0.02142	0.02142	0.01589	0.02280	0.01313	0.01727	0.01105	0.00622	0.00691	0.00207	0.00829	0.00622	0.00345	0.01105
3	0.00964	0.00706	0.00905	0.00869	0.01032	0.00646	0.00647	0.01267	0.01899	0.02652	0.60797	0.10019	0.11975	0.01507	0.00828	0.00225	0.00336	0.01328	0.00750	0.00646
4	0.00850	0.00607	0.00810	0.00972	0.01012	0.00567	0.00648	0.00972	0.01336	0.01781	0.03846	0.75020	0.04615	0.02186	0.00891	0.00283	0.00405	0.01984	0.00648	0.00567
5	0.00991	0.00686	0.00787	0.00783	0.00827	0.00677	0.00476	0.01047	0.01149	0.01525	0.07369	0.04746	0.10295	0.58435	0.06899	0.00622	0.00683	0.01067	0.00468	0.00468
6	0.01212	0.00606	0.00909	0.00909	0.00909	0.00606	0.00606	0.00909	0.00909	0.01212	0.01212	0.02121	0.01212	0.02424	0.02727	0.79697	0.00606	0.00606	0.00303	0.00303

[dist]
# distance from previous block
# <min> <max>
0	1

[block]
# block no. 2 follows, 30 sequences, length 88
# corresponding to MSA columns:
# 379-387,396-474
name=unknown_C
#
# <colnr> <probs for GDERKNQSTAVLIFYWHMCP>
#	G	D	E	R	K	N	Q	S	T	A	V	L	I	F	Y	W	H	M	C	P
0	0.01776	0.62027	0.16742	0.01347	0.02027	0.02542	0.01460	0.02113	0.01429	0.01751	0.01024	0.01187	0.00893	0.00610	0.00489	0.00163	0.00801	0.00400	0.00298	0.00922
1	0.00852	0.00672	0.00768	0.00819	0.00978	0.00589	0.00586	0.01026	0.01543	0.01949	0.12951	0.30725	0.40316	0.01878	0.00848	0.00251	0.00369	0.01630	0.00661	0.00589
2	0.01707	0.56517	0.03040	0.01194	0.01687	0.02324	0.01129	0.04547	0.01427	0.01746	0.01195	0.01496	0.01093	0.01622	0.16276	0.00364	0.00993	0.00465	0.00331	0.00847
3	0.01549	0.01810	0.06436	0.02686	0.03332	0.01627	0.58483	0.02095	0.01606	0.02184	0.01674	0.09931	0.01444	0.00767	0.00825	0.00240	0.01086	0.00939	0.00383	0.00903
4	0.01699	0.01232	0.01473	0.01065	0.01673	0.00945	0.00857	0.02003	0.01529	0.12661	0.01467	0.01586	0.01138	0.00569	0.00545	0.00120	0.00528	0.00457	0.00481	0.67973
5	0.01318	0.01240	0.02093	0.73798	0.04806	0.01550	0.01938	0.01783	0.01395	0.01783	0.01240	0.01860	0.00930	0.00698	0.00698	0.00233	0.00930	0.00620	0.00310	0.00775
6	0.03131	0.01188	0.01619	0.01242	0.01781	0.01026	0.01026	0.03401	0.01997	0.71606	0.02753	0.02375	0.01727	0.00864	0.00702	0.00216	0.00594	0.00702	0.00864	0.01188
7	0.00840	0.00708	0.00728	0.00723	0.00952	0.00595	0.00542	0.01030	0.01626	0.01969	0.12929	0.06577	0.64927	0.01736	0.00825	0.00234	0.00351	0.01453	0.00659	0.00595
8	0.02966	0.01218	0.01613	0.01251	0.01771	0.01094	0.01028	0.06789	0.04321	0.62760	0.05660	0.02469	0.01924	0.00890	0.00707	0.00216	0.00590	0.00725	0.00846	0.01162
9	0.00888	0.00637	0.00844	0.00946	0.01021	0.00592	0.00651	0.01067	0.01513	0.02064	0.22418	0.55643	0.05162	0.01975	0.00872	0.00266	0.00384	0.01783	0.00681	0.00592
10	0.01297	0.00783	0.01026	0.00926	0.01148	0.00710	0.00708	0.01612	0.01966	0.12861	0.58662	0.04846	0.08009	0.01355	0.00805	0.00219	0.00369	0.01187	0.00778	0.00734
11	0.01447	0.01240	0.01447	0.01034	0.01654	0.00930	0.00827	0.01757	0.01447	0.02274	0.01240	0.01447	0.01034	0.00517	0.00517	0.00103	0.00517	0.00413	0.00413	0.79742
12	0.01918	0.01391	0.04396	0.01632	0.04520	0.04321	0.07722	0.08038	0.06492	0.18721	0.02727	0.04352	0.02459	0.01239	0.00812	0.00259	0.00736	0.26710	0.00640	0.00917
13	0.01638	0.13883	0.12774	0.20521	0.26079	0.01794	0.07261	0.02100	0.01514	0.04186	0.01283	0.01658	0.01012	0.00647	0.00660	0.00209	0.00890	0.00584	0.00338	0.00968
14	0.16913	0.01666	0.02063	0.14872	0.12906	0.01853	0.03436	0.32183	0.02245	0.03307	0.01402	0.01620	0.01043	0.00737	0.00650	0.00215	0.00775	0.00584	0.00515	0.01012
15	0.00881	0.00657	0.00778	0.00852	0.00947	0.00606	0.00573	0.00999	0.01342	0.01721	0.04438	0.37303	0.24472	0.17071	0.03764	0.00376	0.00492	0.01589	0.00593	0.00546
16	0.01025	0.00729	0.00996	0.01148	0.01258	0.00716	0.00921	0.01260	0.01479	0.01940	0.03656	0.30382	0.04130	0.06431	0.01094	0.00330	0.00564	0.40705	0.00631	0.00604
17	0.00954	0.00686	0.00744	0.00744	0.00819	0.00648	0.00457	0.01011	0.01200	0.01524	0.03764	0.05257	0.24490	0.51785	0.02675	0.00535	0.00573	0.01162	0.00495	0.00476
18	0.01212	0.00606	0.00909	0.00909	0.00909	0.00606	0.00606	0.00909	0.00909	0.01212	0.01212	0.02121	0.01212	0.02424	0.02727	0.79697	0.00606	0.00606	0.00303	0.00303
19	0.01753	0.01474	0.01551	0.01387	0.01777	0.01697	0.01081	0.06432	0.63334	0.02967	0.02760	0.02563	0.02071	0.00935	0.00698	0.00232	0.00550	0.00775	0.04881	0.01084
20	0.01866	0.75896	0.03657	0.01194	0.01791	0.02761	0.01194	0.02090	0.01418	0.01642	0.00970	0.01119	0.00896	0.00597	0.00448	0.00149	0.00746	0.00373	0.00299	0.00896
21	0.01212	0.00606	0.00909	0.00909	0.00909	0.00606	0.00606	0.00909	0.00909	0.01212	0.01212	0.02121	0.01212	0.02424	0.02727	0.79697	0.00606	0.00606	0.00303	0.00303
22	0.80405	0.01350	0.01026	0.00918	0.01350	0.01565	0.00756	0.02051	0.01188	0.03131	0.00972	0.01134	0.00756	0.00648	0.00432	0.00216	0.00540	0.00378	0.00432	0.00756
23	0.01515	0.21524	0.54958	0.01792	0.02716	0.01903	0.02235	0.02180	0.01460	0.02069	0.01182	0.01386	0.00887	0.00647	0.00610	0.00203	0.00961	0.00480	0.00296	0.00998
24	0.01129	0.00856	0.01045	0.00975	0.01188	0.00856	0.00747	0.07331	0.04524	0.02514	0.34302	0.06824	0.18307	0.02132	0.13701	0.00386	0.00661	0.01161	0.00660	0.00700
25	0.01447	0.01240	0.01447	0.01034	0.01654	0.00930	0.00827	0.01757	0.01447	0.02274	0.01240	0.01447	0.01034	0.00517	0.00517	0.00103	0.00517	0.00413	0.00413	0.79742
26	0.01705	0.01636	0.02793	0.07970	0.67605	0.01652	0.02131	0.02123	0.01579	0.02253	0.01309	0.01734	0.01096	0.00626	0.00691	0.00209	0.00834	0.00622	0.00344	0.01088
27	0.00825	0.00707	0.00707	0.00707	0.00943	0.00589	0.00530	0.01001	0.01591	0.01885	0.07069	0.06716	0.70839	0.01767	0.00825	0.00236	0.00353	0.01473	0.00648	0.00589
28	0.01400	0.03610	0.71860	0.01989	0.03020	0.01621	0.02578	0.02210	0.01473	0.02210	0.01252	0.01473	0.00884	0.00663	0.00663	0.00221	0.01031	0.00516	0.00295	0.01031
29	0.01361	0.01264	0.02093	0.71451	0.04720	0.01570	0.01918	0.03962	0.01457	0.01868	0.01254	0.01854	0.00939	0.00702	0.00698	0.00232	0.00925	0.00620	0.00323	0.00789
30	0.03112	0.01218	0.01638	0.01256	0.01797	0.01071	0.01038	0.05991	0.02048	0.68944	0.02710	0.02347	0.01706	0.00863	0.00702	0.00216	0.00601	0.00699	0.00857	0.01188
31	0.27416	0.04483	0.01757	0.01327	0.01845	0.01860	0.01104	0.37174	0.02390	0.11959	0.01554	0.01566	0.01103	0.00771	0.00604	0.00210	0.00674	0.00548	0.00618	0.01039
32	0.01124	0.00803	0.01124	0.01285	0.01446	0.00803	0.01124	0.01446	0.01606	0.02088	0.03695	0.07871	0.04016	0.01928	0.00964	0.00321	0.00643	0.66426	0.00643	0.00643
33	0.02192	0.43904	0.02916	0.01460	0.01953	0.33581	0.01262	0.02397	0.01665	0.01671	0.01018	0.01181	0.00897	0.00651	0.00528	0.00163	0.00972	0.00407	0.00325	0.00857
34	0.76306	0.01341	0.01057	0.00935	0.01372	0.01537	0.00770	0.02123	0.01231	0.06763	0.01066	0.01199	0.00807	0.00659	0.00446	0.00216	0.00543	0.00395	0.00455	0.00779
35	0.01925	0.70209	0.03531	0.01234	0.01820	0.05507	0.01205	0.04654	0.01511	0.01749	0.01001	0.01146	0.00907	0.00611	0.00464	0.00153	0.00767	0.00386	0.00316	0.00903
36	0.01466	0.01307	0.01520	0.01260	0.05318	0.03715	0.00929	0.01757	0.01453	0.02196	0.01414	0.06761	0.01286	0.00676	0.00622	0.00132	0.03232	0.00546	0.00421	0.63991
37	0.07272	0.04362	0.04708	0.03959	0.04766	0.03823	0.07199	0.13730	0.07192	0.15639	0.02060	0.11164	0.01730	0.01204	0.04593	0.00275	0.03983	0.00812	0.00572	0.00957
38	0.02122	0.01691	0.01795	0.01498	0.01962	0.01916	0.01198	0.31131	0.41810	0.03542	0.02349	0.02212	0.01733	0.00901	0.00705	0.00225	0.00643	0.00721	0.00705	0.01139
39	0.01318	0.01240	0.02093	0.73798	0.04806	0.01550	0.01938	0.01783	0.01395	0.01783	0.01240	0.01860	0.00930	0.00698	0.00698	0.00233	0.00930	0.00620	0.00310	0.00775
40	0.01483	0.01621	0.11227	0.08733	0.22301	0.01414	0.03605	0.04182	0.11349	0.02335	0.04191	0.03454	0.05760	0.01037	0.00761	0.00242	0.00756	0.14135	0.00487	0.00929
41	0.01106	0.00854	0.01027	0.00959	0.01171	0.00845	0.00726	0.01715	0.14112	0.02732	0.52424	0.04890	0.11992	0.01373	0.00803	0.00224	0.00372	0.01198	0.00746	0.00732
42	0.00845	0.00676	0.00756	0.00804	0.00972	0.00587	0.00577	0.01015	0.01537	0.01919	0.10683	0.28404	0.45022	0.01876	0.00846	0.00250	0.00368	0.01620	0.00657	0.00587
43	0.00985	0.00717	0.00929	0.00886	0.01054	0.00661	0.00671	0.01306	0.01942	0.02725	0.64947	0.05392	0.09666	0.01463	0.00829	0.00224	0.00343	0.03850	0.00757	0.00654
44	0.02252	0.01897	0.02287	0.05108	0.22116	0.07747	0.01594	0.34171	0.02394	0.05196	0.01474	0.01671	0.01123	0.00793	0.00822	0.00215	0.06918	0.00612	0.00526	0.01082
45	0.01713	0.48735	0.22882	0.01456	0.02143	0.02362	0.01596	0.02187	0.04796	0.01868	0.01140	0.01309	0.00954	0.00658	0.00595	0.00180	0.03723	0.00444	0.00318	0.00939
46	0.02028	0.30811	0.02655	0.11858	0.04607	0.27332	0.01393	0.02361	0.04983	0.01770	0.01149	0.01381	0.00970	0.00695	0.00633	0.00184	0.03513	0.00472	0.00344	0.00860
47	0.00845	0.00708	0.00734	0.00728	0.00955	0.00598	0.00546	0.01040	0.01637	0.01996	0.14812	0.06533	0.63027	0.01726	0.00825	0.00234	0.00351	0.01447	0.00663	0.00598
48	0.01004	0.00685	0.00793	0.00793	0.00817	0.00691	0.00472	0.01036	0.01054	0.01405	0.02407	0.04496	0.05830	0.65055	0.10098	0.00698	0.00776	0.01012	0.00429	0.00450
49	0.01212	0.00606	0.00909	0.00909	0.00909	0.00606	0.00606	0.00909	0.00909	0.01212	0.01212	0.02121	0.01212	0.02424	0.02727	0.79697	0.00606	0.00606	0.00303	0.00303
50	0.01447	0.01240	0.01447	0.01034	0.01654	0.00930	0.00827	0.01757	0.01447	0.02274	0.01240	0.01447	0.01034	0.00517	0.00517	0.00103	0.00517	0.00413	0.00413	0.79742
51	0.02607	0.03326	0.01978	0.01798	0.02157	0.72674	0.01348	0.02787	0.01978	0.01708	0.01079	0.01258	0.00899	0.00719	0.00629	0.00180	0.01258	0.00449	0.00360	0.00809
52	0.80405	0.01350	0.01026	0.00918	0.01350	0.01565	0.00756	0.02051	0.01188	0.03131	0.00972	0.01134	0.00756	0.00648	0.00432	0.00216	0.00540	0.00378	0.00432	0.00756
53	0.00858	0.00631	0.00808	0.00946	0.01021	0.00580	0.00651	0.00997	0.01386	0.01810	0.04318	0.61966	0.14410	0.02113	0.00884	0.00278	0.00408	0.04715	0.00648	0.00573
54	0.02112	0.01469	0.01629	0.01397	0.01836	0.01618	0.01106	0.08970	0.49776	0.17853	0.02726	0.02478	0.01966	0.00920	0.00707	0.00230	0.00579	0.00757	0.00742	0.01129
55	0.00955	0.00712	0.00887	0.00843	0.01022	0.00644	0.00632	0.01253	0.01897	0.02613	0.57847	0.05517	0.19607	0.01496	0.00823	0.00223	0.00334	0.01305	0.00744	0.00644
56	0.01866	0.75896	0.03657	0.01194	0.01791	0.02761	0.01194	0.02090	0.01418	0.01642	0.00970	0.01119	0.00896	0.00597	0.00448	0.00149	0.00746	0.00373	0.00299	0.00896
57	0.00950	0.00701	0.00981	0.01025	0.01121	0.00757	0.00751	0.01137	0.01194	0.01652	0.02707	0.22524	0.06255	0.10942	0.43017	0.00807	0.01282	0.01143	0.00467	0.00587
58	0.01790	0.30025	0.26552	0.01959	0.10694	0.07266	0.03716	0.06618	0.01628	0.02117	0.01175	0.01382	0.00941	0.00647	0.00591	0.00189	0.00904	0.00487	0.00335	0.00981
59	0.02481	0.02661	0.02080	0.01772	0.02190	0.44011	0.05695	0.12992	0.07948	0.07166	0.01456	0.01565	0.01118	0.00773	0.00714	0.00199	0.03223	0.00553	0.00475	0.00926
60	0.01647	0.09234	0.39156	0.12940	0.06029	0.10674	0.03901	0.04701	0.01598	0.02119	0.01227	0.01504	0.00920	0.00672	0.00652	0.00211	0.01005	0.00528	0.00324	0.00959
61	0.01019	0.00795	0.01086	0.04414	0.06302	0.00795	0.00852	0.01350	0.07274	0.01987	0.08234	0.55370	0.04129	0.01848	0.00848	0.00267	0.00466	0.01672	0.00625	0.00667
62	0.00884	0.00702	0.00794	0.00785	0.00983	0.00612	0.00583	0.01111	0.01709	0.02200	0.29280	0.10891	0.43644	0.01676	0.00829	0.00233	0.00348	0.01434	0.00690	0.00612
63	0.00998	0.00742	0.01094	0.01094	0.01209	0.00857	0.00838	0.01228	0.01113	0.01600	0.01894	0.02881	0.01805	0.10602	0.67425	0.01087	0.01778	0.00768	0.00378	0.00608
64	0.01212	0.00606	0.00909	0.00909	0.00909	0.00606	0.00606	0.00909	0.00909	0.01212	0.01212	0.02121	0.01212	0.02424	0.02727	0.79697	0.00606	0.00606	0.00303	0.00303
65	0.01491	0.00894	0.01121	0.01032	0.01290	0.00851	0.00792	0.01963	0.10091	0.16774	0.30226	0.14749	0.10640	0.01413	0.00800	0.00235	0.00436	0.03651	0.00747	0.00802
66	0.01866	0.75896	0.03657	0.01194	0.01791	0.02761	0.01194	0.02090	0.01418	0.01642	0.00970	0.01119	0.00896	0.00597	0.00448	0.00149	0.00746	0.00373	0.00299	0.00896
67	0.68778	0.01336	0.01113	0.00973	0.01415	0.01510	0.00799	0.02264	0.03710	0.10959	0.01242	0.01328	0.00916	0.00683	0.00473	0.00217	0.00546	0.00429	0.00491	0.00817
68	0.01694	0.01668	0.02408	0.27409	0.33024	0.08011	0.01909	0.05325	0.01596	0.02112	0.01251	0.01711	0.01015	0.00718	0.00826	0.00222	0.07205	0.00605	0.00349	0.00941
69	0.00966	0.00775	0.01027	0.01104	0.01182	0.02851	0.02944	0.01116	0.01337	0.01776	0.03406	0.61450	0.04004	0.02326	0.07284	0.00354	0.03162	0.01742	0.00593	0.00598
70	0.01592	0.01595	0.02862	0.14758	0.29447	0.01723	0.18617	0.01993	0.01463	0.02055	0.01254	0.01763	0.01035	0.00778	0.01058	0.02337	0.13736	0.00670	0.00333	0.00929
71	0.01015	0.00677	0.00761	0.00761	0.00761	0.00677	0.00423	0.01015	0.01015	0.01353	0.02199	0.04567	0.02537	0.75476	0.03552	0.00677	0.00677	0.01015	0.00423	0.00423
72	0.00849	0.00685	0.00755	0.00787	0.00970	0.00592	0.00571	0.01029	0.01575	0.01962	0.13352	0.22222	0.48559	0.01826	0.00840	0.00245	0.00363	0.01567	0.00661	0.00592
73	0.02196	0.36726	0.12733	0.01329	0.01951	0.01920	0.01334	0.02525	0.01631	0.25538	0.01737	0.01894	0.01314	0.00756	0.00588	0.00190	0.00731	0.03400	0.00505	0.01003
74	0.01165	0.01061	0.06946	0.01033	0.01304	0.00868	0.00876	0.07173	0.02045	0.02886	0.59041	0.04598	0.05647	0.01312	0.00799	0.00219	0.00425	0.01145	0.00723	0.00735
75	0.01089	0.00790	0.01075	0.01211	0.01379	0.00776	0.01047	0.01396	0.01619	0.02095	0.06587	0.07653	0.10885	0.01892	0.00944	0.00309	0.00601	0.57366	0.00648	0.00638
76	0.04680	0.48326	0.03104	0.04243	0.11934	0.10111	0.01354	0.02241	0.04871	0.01862	0.01133	0.01322	0.00983	0.00637	0.00524	0.00171	0.00804	0.00447	0.00337	0.00918
77	0.00960	0.00687	0.00928	0.00974	0.01039	0.00728	0.00678	0.01100	0.01153	0.01590	0.02534	0.24095	0.02800	0.24597	0.32086	0.00752	0.01104	0.01181	0.00467	0.00549
78	0.01799	0.37319	0.11027	0.03773	0.02032	0.14927	0.01374	0.02158	0.03966	0.01771	0.01218	0.01489	0.01053	0.01270	0.10116	0.00301	0.02730	0.00482	0.00335	0.00861
79	0.80405	0.01350	0.01026	0.00918	0.01350	0.01565	0.00756	0.02051	0.01188	0.03131	0.00972	0.01134	0.00756	0.00648	0.00432	0.00216	0.00540	0.00378	0.00432	0.00756
80	0.06523	0.04526	0.07300	0.20292	0.16905	0.01831	0.01696	0.21350	0.05339	0.02797	0.01423	0.01705	0.01084	0.00745	0.00727	0.00219	0.03485	0.00600	0.00455	0.00999
81	0.06580	0.02896	0.02031	0.05176	0.09902	0.55424	0.01430	0.04937	0.01912	0.01944	0.01127	0.01345	0.00926	0.00708	0.00631	0.00188	0.01141	0.00479	0.00371	0.00851
82	0.01336	0.01259	0.02125	0.70752	0.07712	0.01555	0.01947	0.01799	0.01404	0.01805	0.01243	0.01855	0.00938	0.00694	0.00697	0.00231	0.00926	0.00620	0.00312	0.00790
83	0.01459	0.01376	0.02286	0.49719	0.24224	0.01591	0.01957	0.01984	0.04830	0.01986	0.01341	0.01858	0.01041	0.00688	0.00696	0.00225	0.00882	0.00629	0.00340	0.00889
84	0.01691	0.01483	0.02059	0.12979	0.25403	0.01632	0.01572	0.02820	0.32872	0.04450	0.02120	0.02367	0.01662	0.00831	0.00710	0.00228	0.00704	0.02841	0.00532	0.01044
85	0.00890	0.00696	0.00806	0.00807	0.00990	0.00612	0.00594	0.01117	0.01703	0.02218	0.30823	0.15202	0.37661	0.01693	0.00833	0.00236	0.00351	0.01460	0.00694	0.00612
86	0.04440	0.00746	0.00900	0.00899	0.01065	0.00709	0.00659	0.01314	0.04416	0.02439	0.39585	0.21923	0.15115	0.01606	0.00818	0.00238	0.00369	0.01409	0.00705	0.00648
87	0.04653	0.07430	0.08928	0.04884	0.23552	0.21498	0.04632	0.09823	0.03961	0.02338	0.01297	0.01544	0.01034	0.00687	0.00653	0.00200	0.00955	0.00554	0.00394	0.00981

[dist]
# distance from previous block
# <min> <max>
0	1

[block]
# block no. 3 follows, 30 sequences, length 22
# corresponding to MSA columns:
# 476-497
name=unknown_D
#
# <colnr> <probs for GDERKNQSTAVLIFYWHMCP>
#	G	D	E	R	K	N	Q	S	T	A	V	L	I	F	Y	W	H	M	C	P
0	0.39759	0.14594	0.03767	0.01218	0.01660	0.19903	0.01029	0.02204	0.01487	0.02465	0.05451	0.01433	0.01191	0.00707	0.00517	0.00196	0.00760	0.00456	0.00408	0.00795
1	0.00900	0.00642	0.00848	0.00963	0.01031	0.00603	0.00666	0.01064	0.01451	0.01962	0.15868	0.54861	0.04831	0.05739	0.01017	0.00294	0.00419	0.05602	0.00658	0.00581
2	0.01672	0.20625	0.14337	0.01980	0.14593	0.08672	0.04906	0.02048	0.01574	0.03906	0.05644	0.07516	0.03777	0.00835	0.00644	0.00196	0.00802	0.00694	0.00402	0.05177
3	0.01027	0.00792	0.01179	0.01162	0.01280	0.00945	0.00910	0.01271	0.01118	0.01623	0.01815	0.02672	0.01697	0.05005	0.68690	0.01075	0.05999	0.00740	0.00370	0.00631
4	0.01447	0.01240	0.01447	0.01034	0.01654	0.00930	0.00827	0.01757	0.01447	0.02274	0.01240	0.01447	0.01034	0.00517	0.00517	0.00103	0.00517	0.00413	0.00413	0.79742
5	0.01006	0.00713	0.00945	0.00945	0.01008	0.00776	0.00652	0.01133	0.01069	0.01489	0.02031	0.03637	0.02133	0.39690	0.38785	0.00903	0.01284	0.00879	0.00398	0.00525
6	0.07484	0.01519	0.01784	0.01375	0.01917	0.01536	0.01136	0.30798	0.02489	0.39332	0.02195	0.02008	0.01443	0.00840	0.00684	0.00213	0.00664	0.00652	0.00769	0.01162
7	0.00873	0.00648	0.00815	0.00902	0.01005	0.00589	0.00627	0.01047	0.01513	0.02005	0.17873	0.47835	0.17808	0.01953	0.00864	0.00261	0.00380	0.01740	0.00672	0.00589
8	0.01926	0.01536	0.01643	0.01432	0.01855	0.01747	0.01127	0.11579	0.57918	0.07020	0.02694	0.02478	0.01993	0.00929	0.00708	0.00232	0.00581	0.00765	0.00717	0.01119
9	0.01097	0.00787	0.01001	0.01000	0.01108	0.00832	0.00725	0.05132	0.01301	0.01759	0.02590	0.08599	0.06182	0.30824	0.25959	0.00710	0.01044	0.08298	0.00473	0.00577
10	0.01215	0.00792	0.00934	0.00892	0.00995	0.00802	0.00588	0.03539	0.03775	0.06276	0.02615	0.06533	0.07423	0.48918	0.11236	0.00622	0.00781	0.01006	0.00490	0.00566
11	0.01919	0.22011	0.12410	0.02134	0.13124	0.16232	0.10568	0.02301	0.01619	0.04551	0.01228	0.01462	0.00989	0.00638	0.00616	0.00185	0.00939	0.00522	0.00354	0.06197
12	0.02034	0.09062	0.08724	0.07165	0.02515	0.31894	0.09929	0.04411	0.05164	0.01956	0.01250	0.01531	0.01013	0.00860	0.02611	0.00231	0.07862	0.00553	0.00367	0.00868
13	0.01456	0.01327	0.02156	0.25040	0.32758	0.01436	0.01745	0.01909	0.04412	0.02070	0.04001	0.02609	0.01619	0.06106	0.03416	0.00289	0.00843	0.05524	0.00393	0.00890
14	0.00869	0.00632	0.00813	0.00951	0.01017	0.00587	0.00651	0.01002	0.01365	0.01791	0.04120	0.60889	0.11745	0.05266	0.01001	0.00297	0.00424	0.05374	0.00638	0.00567
15	0.01002	0.00727	0.01017	0.01017	0.01105	0.00815	0.00742	0.01179	0.01091	0.01543	0.01965	0.03271	0.01974	0.25615	0.52643	0.00992	0.01523	0.00825	0.00388	0.00565
16	0.01212	0.00606	0.00909	0.00909	0.00909	0.00606	0.00606	0.00909	0.00909	0.01212	0.01212	0.02121	0.01212	0.02424	0.02727	0.79697	0.00606	0.00606	0.00303	0.00303
17	0.01803	0.01533	0.01616	0.01434	0.01840	0.01767	0.01121	0.08498	0.64963	0.03028	0.02755	0.02535	0.02061	0.00939	0.00709	0.00235	0.00568	0.00777	0.00709	0.01111
18	0.01866	0.75896	0.03657	0.01194	0.01791	0.02761	0.01194	0.02090	0.01418	0.01642	0.00970	0.01119	0.00896	0.00597	0.00448	0.00149	0.00746	0.00373	0.00299	0.00896
19	0.01212	0.00606	0.00909	0.00909	0.00909	0.00606	0.00606	0.00909	0.00909	0.01212	0.01212	0.02121	0.01212	0.02424	0.02727	0.79697	0.00606	0.00606	0.00303	0.00303
20	0.01811	0.02012	0.08663	0.07465	0.36566	0.09504	0.11582	0.07532	0.01748	0.02331	0.01389	0.03647	0.01147	0.00695	0.00707	0.00213	0.00934	0.00660	0.00378	0.01015
21	0.01701	0.09222	0.02034	0.06881	0.07926	0.04068	0.04798	0.06176	0.35354	0.02599	0.07244	0.05039	0.02103	0.00914	0.00698	0.00222	0.00668	0.00781	0.00579	0.00993

[dist]
# distance from previous block
# <min> <max>
0	1

[block]
# block no. 4 follows, 30 sequences, length 10
# corresponding to MSA columns:
# 499-508
name=unknown_E
#
# <colnr> <probs for GDERKNQSTAVLIFYWHMCP>
#	G	D	E	R	K	N	Q	S	T	A	V	L	I	F	Y	W	H	M	C	P
0	0.27763	0.00859	0.00933	0.00909	0.01057	0.00929	0.00650	0.01303	0.01041	0.01907	0.01384	0.07527	0.01387	0.05465	0.01856	0.42941	0.00572	0.00656	0.00379	0.00481
1	0.02015	0.01430	0.01584	0.01434	0.06301	0.01556	0.01065	0.33400	0.10404	0.03460	0.01996	0.02109	0.01501	0.00827	0.00626	0.00196	0.00594	0.00654	0.27861	0.00986
2	0.00850	0.00681	0.00760	0.00797	0.00972	0.00591	0.00576	0.01028	0.01565	0.01959	0.13268	0.24880	0.45940	0.01842	0.00842	0.00247	0.00365	0.01587	0.00661	0.00591
3	0.01692	0.01711	0.01940	0.01684	0.01784	0.12544	0.01360	0.06289	0.01353	0.01838	0.01151	0.01808	0.01109	0.07094	0.06495	0.00360	0.48043	0.00627	0.00353	0.00764
4	0.01893	0.01419	0.04463	0.01356	0.01754	0.01434	0.01133	0.21606	0.16234	0.10899	0.06579	0.05771	0.04542	0.01599	0.09251	0.00339	0.00779	0.07320	0.00660	0.00969
5	0.01030	0.00772	0.01085	0.01110	0.01182	0.00871	0.00828	0.01183	0.01181	0.01647	0.02421	0.22578	0.02632	0.10894	0.30969	0.05280	0.08111	0.05183	0.00459	0.00583
6	0.01846	0.56743	0.15704	0.01388	0.02042	0.08560	0.01455	0.02171	0.01476	0.01749	0.01030	0.01195	0.00894	0.00619	0.00502	0.00165	0.00841	0.00405	0.00303	0.00912
7	0.01126	0.01031	0.01311	0.12525	0.05848	0.05348	0.03471	0.01383	0.01563	0.01965	0.10636	0.21505	0.24784	0.01497	0.00805	0.00242	0.00576	0.03147	0.00561	0.00678
8	0.02033	0.01766	0.02191	0.14698	0.08698	0.13903	0.10606	0.09781	0.06502	0.12730	0.06157	0.02227	0.03915	0.00819	0.00716	0.00216	0.00862	0.00712	0.00520	0.00949
9	0.06643	0.01699	0.02018	0.06081	0.02280	0.04738	0.08314	0.22441	0.26453	0.08855	0.02060	0.02049	0.01502	0.00828	0.00698	0.00223	0.00737	0.00690	0.00626	0.01066

[dist]
# distance from previous block
# <min> <max>
1	7

[block]
# block no. 5 follows, 30 sequences, length 7
# corresponding to MSA columns:
# 516-522
name=unknown_F
#
# <colnr> <probs for GDERKNQSTAVLIFYWHMCP>
#	G	D	E	R	K	N	Q	S	T	A	V	L	I	F	Y	W	H	M	C	P
0	0.06426	0.04988	0.16982	0.05965	0.14118	0.03740	0.04525	0.16269	0.01827	0.02618	0.01359	0.03539	0.01100	0.00785	0.00839	0.00219	0.08924	0.00606	0.00419	0.04752
1	0.01476	0.01276	0.01775	0.01633	0.08681	0.01251	0.05337	0.01829	0.04302	0.04827	0.02001	0.08978	0.05516	0.00974	0.00958	0.00202	0.13794	0.03469	0.00458	0.31263
2	0.01511	0.01899	0.16500	0.29289	0.33074	0.01611	0.02155	0.02024	0.01495	0.02084	0.01274	0.01725	0.00996	0.00658	0.00688	0.00219	0.00907	0.00600	0.00322	0.00969
3	0.01460	0.07315	0.52475	0.01978	0.07073	0.05562	0.02208	0.02107	0.01492	0.02111	0.01490	0.08833	0.01274	0.00812	0.00673	0.00220	0.00952	0.00658	0.00337	0.00969
4	0.00867	0.00656	0.00804	0.00903	0.01018	0.00593	0.00640	0.01030	0.01471	0.01895	0.09033	0.45617	0.25134	0.01994	0.00870	0.00267	0.00398	0.05569	0.00655	0.00584
5	0.01072	0.08238	0.01077	0.00853	0.01044	0.00838	0.00625	0.01209	0.01415	0.04710	0.04528	0.21896	0.31357	0.16448	0.01343	0.00326	0.00480	0.01360	0.00577	0.00607
6	0.01730	0.21797	0.02586	0.08509	0.08028	0.09641	0.01508	0.01956	0.01333	0.01733	0.01011	0.01436	0.00926	0.00900	0.01334	0.00235	0.33656	0.00531	0.00313	0.00834

[dist]
# distance from previous block
# <min> <max>
0	1

[block]
# block no. 6 follows, 30 sequences, length 18
# corresponding to MSA columns:
# 524-541
name=unknown_G
#
# <colnr> <probs for GDERKNQSTAVLIFYWHMCP>
#	G	D	E	R	K	N	Q	S	T	A	V	L	I	F	Y	W	H	M	C	P
0	0.24381	0.10805	0.05230	0.01455	0.04909	0.04945	0.01191	0.17633	0.14861	0.05858	0.01593	0.01634	0.01200	0.00753	0.00589	0.00209	0.00689	0.00546	0.00533	0.00986
1	0.01646	0.13679	0.19497	0.01469	0.02075	0.01694	0.01467	0.10896	0.04673	0.02365	0.01351	0.01595	0.01090	0.01068	0.06514	0.00259	0.07369	0.00522	0.00404	0.20369
2	0.01537	0.01825	0.17254	0.01670	0.07931	0.06213	0.01419	0.04744	0.06990	0.05467	0.05553	0.02354	0.01706	0.07515	0.17126	0.00451	0.03959	0.00686	0.00442	0.05157
3	0.01444	0.00820	0.01026	0.00913	0.01175	0.00727	0.00700	0.01705	0.01837	0.18413	0.35657	0.04905	0.21500	0.04926	0.00926	0.00245	0.00413	0.01174	0.00743	0.00752
4	0.01447	0.01240	0.01447	0.01034	0.01654	0.00930	0.00827	0.01757	0.01447	0.02274	0.01240	0.01447	0.01034	0.00517	0.00517	0.00103	0.00517	0.00413	0.00413	0.79742
5	0.15744	0.01278	0.01112	0.01056	0.01343	0.11419	0.00826	0.01782	0.04512	0.05997	0.08746	0.04447	0.24813	0.04342	0.00843	0.00251	0.00591	0.09608	0.00580	0.00711
6	0.01887	0.45198	0.02838	0.01291	0.01806	0.02331	0.01171	0.12081	0.14422	0.02281	0.01494	0.01607	0.01236	0.01069	0.06320	0.00252	0.00803	0.00518	0.00440	0.00955
7	0.00882	0.00705	0.00790	0.00778	0.00980	0.00612	0.00580	0.01109	0.01712	0.02197	0.28962	0.09206	0.45689	0.01668	0.00827	0.00232	0.00347	0.01422	0.00690	0.00612
8	0.01468	0.01849	0.15033	0.28600	0.13960	0.01726	0.07332	0.01929	0.01388	0.01950	0.01196	0.01698	0.00956	0.00786	0.01050	0.00243	0.17022	0.00616	0.00315	0.00883
9	0.01640	0.00923	0.01175	0.01024	0.01318	0.00866	0.00798	0.02114	0.08937	0.21513	0.42033	0.04247	0.08047	0.01241	0.00778	0.00221	0.00425	0.01071	0.00782	0.00845
10	0.01137	0.00671	0.00983	0.01005	0.01057	0.00703	0.00732	0.01070	0.01060	0.01437	0.01755	0.03160	0.01783	0.06752	0.20117	0.45480	0.00932	0.09359	0.00372	0.00434
11	0.01900	0.57165	0.07739	0.01356	0.01917	0.08218	0.01325	0.04636	0.01511	0.01790	0.01020	0.01204	0.00908	0.00666	0.00621	0.00170	0.06222	0.00416	0.00319	0.00899
12	0.05293	0.01765	0.16454	0.01351	0.01993	0.01222	0.02790	0.07332	0.01692	0.14366	0.04551	0.01842	0.01390	0.00876	0.03631	0.00211	0.00723	0.00560	0.00501	0.31457
13	0.02006	0.01638	0.05001	0.18666	0.07995	0.01710	0.03279	0.28506	0.07521	0.07682	0.01858	0.07712	0.01489	0.00893	0.00716	0.00224	0.00775	0.00752	0.00562	0.01015
14	0.01162	0.01030	0.01666	0.49574	0.03544	0.01223	0.01509	0.01513	0.01376	0.01782	0.02107	0.26196	0.02156	0.01193	0.00762	0.00249	0.00755	0.01074	0.00422	0.00706
15	0.01647	0.01882	0.04118	0.02941	0.03647	0.01765	0.68588	0.02235	0.01647	0.02235	0.01412	0.01882	0.01059	0.00588	0.00824	0.00235	0.01176	0.00824	0.00353	0.00941
16	0.01375	0.01168	0.01364	0.01003	0.01564	0.00889	0.00797	0.01679	0.01499	0.02296	0.07330	0.02047	0.05294	0.00660	0.00559	0.00120	0.00492	0.00542	0.00456	0.68866
17	0.01380	0.01277	0.07615	0.03158	0.07217	0.01060	0.02859	0.04496	0.01478	0.05936	0.02378	0.03016	0.09846	0.09309	0.17644	0.00455	0.00943	0.03014	0.00459	0.16460

[dist]
# distance from previous block
# <min> <max>
8	14

[block]
# block no. 7 follows, 30 sequences, length 12
# corresponding to MSA columns:
# 556-567
name=unknown_H
#
# <colnr> <probs for GDERKNQSTAVLIFYWHMCP>
#	G	D	E	R	K	N	Q	S	T	A	V	L	I	F	Y	W	H	M	C	P
0	0.02607	0.03326	0.01978	0.01798	0.02157	0.72674	0.01348	0.02787	0.01978	0.01708	0.01079	0.01258	0.00899	0.00719	0.00629	0.00180	0.01258	0.00449	0.00360	0.00809
1	0.66757	0.01501	0.06342	0.01030	0.01517	0.01515	0.00918	0.02199	0.01290	0.09961	0.01172	0.01284	0.00863	0.00671	0.00476	0.00216	0.00582	0.00421	0.00465	0.00820
2	0.26564	0.07466	0.01859	0.01669	0.07000	0.40705	0.01213	0.02464	0.01667	0.02186	0.01056	0.01245	0.00870	0.00682	0.00561	0.00191	0.00970	0.00435	0.00377	0.00820
3	0.01301	0.00650	0.00650	0.00650	0.00813	0.00650	0.00488	0.01626	0.01463	0.02602	0.02276	0.02602	0.01789	0.00813	0.00488	0.00163	0.00325	0.00650	0.79350	0.00650
4	0.02653	0.01955	0.02094	0.01606	0.02164	0.02164	0.01326	0.68796	0.03281	0.04398	0.01675	0.01675	0.01187	0.00838	0.00698	0.00209	0.00768	0.00628	0.00698	0.01187
5	0.01549	0.06339	0.02236	0.01791	0.01829	0.02178	0.01505	0.01706	0.01091	0.01677	0.00920	0.01500	0.00915	0.01181	0.02171	0.00295	0.69446	0.00595	0.00305	0.00772
6	0.00869	0.00620	0.00831	0.00993	0.01041	0.00583	0.00680	0.01004	0.01354	0.01802	0.03836	0.70494	0.04575	0.02169	0.00896	0.00286	0.00421	0.06328	0.00647	0.00572
7	0.01301	0.00650	0.00650	0.00650	0.00813	0.00650	0.00488	0.01626	0.01463	0.02602	0.02276	0.02602	0.01789	0.00813	0.00488	0.00163	0.00325	0.00650	0.79350	0.00650
8	0.00850	0.00607	0.00810	0.00972	0.01012	0.00567	0.00648	0.00972	0.01336	0.01781	0.03846	0.75020	0.04615	0.02186	0.00891	0.00283	0.00405	0.01984	0.00648	0.00567
9	0.00850	0.00607	0.00810	0.00972	0.01012	0.00567	0.00648	0.00972	0.01336	0.01781	0.03846	0.75020	0.04615	0.02186	0.00891	0.00283	0.00405	0.01984	0.00648	0.00567
10	0.06751	0.01709	0.01907	0.01468	0.02015	0.01814	0.01213	0.47065	0.02814	0.23169	0.01942	0.01844	0.01316	0.00835	0.00686	0.00212	0.00707	0.00636	0.00731	0.01165
11	0.01698	0.01425	0.01562	0.01304	0.01777	0.01469	0.01035	0.08888	0.38360	0.02805	0.02247	0.02372	0.01768	0.00839	0.00657	0.00194	0.00564	0.03540	0.00609	0.26888

[dist]
# distance from previous block
# <min> <max>
0	1

[block]
# block no. 8 follows, 30 sequences, length 17
# corresponding to MSA columns:
# 569-585
name=unknown_I
#
# <colnr> <probs for GDERKNQSTAVLIFYWHMCP>
#	G	D	E	R	K	N	Q	S	T	A	V	L	I	F	Y	W	H	M	C	P
0	0.02303	0.06521	0.03814	0.04220	0.08674	0.30112	0.01362	0.08186	0.07654	0.12558	0.01608	0.01739	0.01230	0.01066	0.05674	0.00262	0.01014	0.00571	0.00486	0.00947
1	0.01842	0.03707	0.09353	0.01417	0.04141	0.01353	0.01224	0.14851	0.01853	0.09820	0.01622	0.01985	0.01299	0.00856	0.02522	0.00197	0.02772	0.04211	0.00505	0.34469
2	0.01780	0.01371	0.01993	0.08405	0.07812	0.01210	0.09274	0.04693	0.01631	0.12659	0.01510	0.01708	0.01142	0.00615	0.00619	0.00161	0.00682	0.00551	0.00469	0.41716
3	0.80405	0.01350	0.01026	0.00918	0.01350	0.01565	0.00756	0.02051	0.01188	0.03131	0.00972	0.01134	0.00756	0.00648	0.00432	0.00216	0.00540	0.00378	0.00432	0.00756
4	0.00999	0.00737	0.01069	0.01069	0.01176	0.00844	0.00807	0.01213	0.01106	0.01581	0.01917	0.03005	0.01859	0.15369	0.62732	0.01057	0.01697	0.00786	0.00381	0.00594
5	0.02178	0.01733	0.01839	0.01576	0.04614	0.04391	0.01218	0.39169	0.20474	0.03597	0.05896	0.02393	0.05860	0.00940	0.00713	0.00218	0.00684	0.00747	0.00676	0.01085
6	0.01301	0.00650	0.00650	0.00650	0.00813	0.00650	0.00488	0.01626	0.01463	0.02602	0.02276	0.02602	0.01789	0.00813	0.00488	0.00163	0.00325	0.00650	0.79350	0.00650
7	0.07458	0.01237	0.01611	0.01242	0.01777	0.01116	0.01026	0.06760	0.02019	0.64219	0.02596	0.02268	0.01644	0.00850	0.00686	0.00216	0.00600	0.00680	0.00831	0.01163
8	0.01301	0.00650	0.00650	0.00650	0.00813	0.00650	0.00488	0.01626	0.01463	0.02602	0.02276	0.02602	0.01789	0.00813	0.00488	0.00163	0.00325	0.00650	0.79350	0.00650
9	0.01447	0.01240	0.01447	0.01034	0.01654	0.00930	0.00827	0.01757	0.01447	0.02274	0.01240	0.01447	0.01034	0.00517	0.00517	0.00103	0.00517	0.00413	0.00413	0.79742
10	0.01641	0.01411	0.01500	0.01360	0.01731	0.01620	0.01057	0.03412	0.62032	0.02787	0.03049	0.02864	0.06340	0.01223	0.04516	0.00283	0.00610	0.00829	0.00688	0.01047
11	0.80405	0.01350	0.01026	0.00918	0.01350	0.01565	0.00756	0.02051	0.01188	0.03131	0.00972	0.01134	0.00756	0.00648	0.00432	0.00216	0.00540	0.00378	0.00432	0.00756
12	0.01069	0.00787	0.00977	0.00902	0.01098	0.00740	0.00684	0.05307	0.02010	0.02791	0.59436	0.05171	0.13524	0.01430	0.00816	0.00221	0.00358	0.01248	0.00750	0.00682
13	0.01659	0.01613	0.02824	0.14681	0.55678	0.01650	0.07451	0.02095	0.01564	0.02201	0.01310	0.01760	0.01075	0.00631	0.00703	0.00213	0.00872	0.00638	0.00341	0.01042
14	0.00872	0.00623	0.00835	0.00997	0.01047	0.00586	0.00686	0.01010	0.01358	0.01806	0.03834	0.69624	0.04567	0.02165	0.00897	0.00286	0.00424	0.07163	0.00647	0.00573
15	0.00973	0.00790	0.01046	0.07518	0.05536	0.00755	0.00838	0.01208	0.01568	0.02034	0.15688	0.24581	0.27880	0.01672	0.00831	0.00249	0.00459	0.05110	0.00620	0.00645
16	0.02025	0.26417	0.16635	0.01546	0.02156	0.15195	0.01503	0.15659	0.05789	0.02401	0.01490	0.01592	0.03266	0.00738	0.00602	0.00189	0.00879	0.00526	0.00424	0.00967

[dist]
# distance from previous block
# <min> <max>
0	2

[block]
# block no. 9 follows, 30 sequences, length 73
# corresponding to MSA columns:
# 588-660
name=unknown_J
#
# <colnr> <probs for GDERKNQSTAVLIFYWHMCP>
#	G	D	E	R	K	N	Q	S	T	A	V	L	I	F	Y	W	H	M	C	P
0	0.06184	0.04423	0.08039	0.06185	0.07685	0.33115	0.04041	0.09508	0.01930	0.07069	0.02882	0.01578	0.01134	0.00728	0.00648	0.00197	0.00998	0.00541	0.00433	0.02681
1	0.01534	0.01436	0.01462	0.03317	0.01653	0.10696	0.01042	0.02363	0.26619	0.02104	0.02229	0.09211	0.02028	0.10834	0.12272	0.00430	0.08583	0.00852	0.00518	0.00814
2	0.01841	0.01720	0.02105	0.01794	0.04079	0.06420	0.12608	0.07888	0.47328	0.02809	0.02359	0.02304	0.01774	0.00854	0.00723	0.00230	0.00727	0.00757	0.00616	0.01063
3	0.01301	0.00650	0.00650	0.00650	0.00813	0.00650	0.00488	0.01626	0.01463	0.02602	0.02276	0.02602	0.01789	0.00813	0.00488	0.00163	0.00325	0.00650	0.79350	0.00650
4	0.02755	0.01106	0.01513	0.01202	0.01662	0.00989	0.00976	0.03009	0.01837	0.59237	0.02614	0.02532	0.01770	0.05178	0.09927	0.00353	0.00759	0.00723	0.00780	0.01078
5	0.02108	0.29932	0.07800	0.01860	0.10347	0.28999	0.01461	0.04352	0.01711	0.01884	0.01101	0.01296	0.00934	0.00656	0.00571	0.00174	0.00966	0.00451	0.00342	0.03054
6	0.63500	0.05154	0.01335	0.06586	0.01709	0.01678	0.00919	0.07933	0.01400	0.03064	0.01054	0.01237	0.00814	0.00666	0.00477	0.00213	0.00600	0.00418	0.00439	0.00802
7	0.01687	0.01370	0.01562	0.01150	0.01734	0.01186	0.00927	0.16356	0.01874	0.02764	0.04841	0.01687	0.01347	0.00633	0.00572	0.00132	0.00562	0.00503	0.00493	0.58620
8	0.01646	0.02171	0.15265	0.02730	0.03484	0.01757	0.54972	0.04879	0.01683	0.02317	0.01396	0.01806	0.01035	0.00611	0.00792	0.00232	0.01136	0.00765	0.00357	0.00966
