[name]
unknown

[dist]
# distance from previous block
# <min> <max>
0	20

[block]
# block no. 0 follows, 37 sequences, length 55
# corresponding to MSA columns:
# 20-74
name=unknown_A
#
# <colnr> <probs for GDERKNQSTAVLIFYWHMCP>
#	G	D	E	R	K	N	Q	S	T	A	V	L	I	F	Y	W	H	M	C	P
0	0.15332	0.00963	0.01064	0.00941	0.01210	0.00994	0.00746	0.15443	0.01761	0.04312	0.32390	0.07733	0.04997	0.01069	0.00641	0.00196	0.00431	0.05651	0.00586	0.03540
1	0.01379	0.01067	0.01295	0.00972	0.01440	0.00883	0.00779	0.01631	0.01278	0.08682	0.01285	0.03848	0.01079	0.00722	0.03373	0.00150	0.05652	0.00453	0.00398	0.63634
2	0.01798	0.01078	0.01284	0.00976	0.01437	0.03296	0.00780	0.02045	0.01482	0.28698	0.07104	0.01911	0.01540	0.03510	0.00634	0.00155	0.00492	0.00532	0.00529	0.40719
3	0.00901	0.00638	0.00800	0.00752	0.00919	0.00576	0.00567	0.01162	0.01668	0.04691	0.58848	0.04745	0.18862	0.01293	0.00719	0.00195	0.00301	0.01126	0.00656	0.00581
4	0.00889	0.00597	0.00688	0.00688	0.00695	0.00604	0.00396	0.00903	0.00896	0.01202	0.01910	0.03904	0.02181	0.73773	0.07769	0.00618	0.00660	0.00875	0.00368	0.00382
5	0.00905	0.00715	0.00808	0.00823	0.01028	0.00661	0.00666	0.05573	0.01494	0.01848	0.05011	0.05913	0.48457	0.01540	0.00753	0.00228	0.00409	0.22034	0.00570	0.00564
6	0.01591	0.70420	0.11244	0.01125	0.01691	0.02311	0.01183	0.01845	0.01249	0.01496	0.00879	0.01017	0.00784	0.00530	0.00414	0.00138	0.00682	0.00341	0.00261	0.00799
7	0.05349	0.00632	0.00784	0.00848	0.00968	0.00592	0.00607	0.01109	0.01279	0.07457	0.07261	0.51808	0.12430	0.01663	0.00739	0.00234	0.00375	0.04728	0.00578	0.00559
8	0.01835	0.01630	0.07325	0.01283	0.01750	0.06220	0.01093	0.29052	0.17858	0.05450	0.01582	0.01616	0.01181	0.00748	0.00656	0.03674	0.00627	0.00533	0.00514	0.15373
9	0.00894	0.00652	0.00809	0.00864	0.00996	0.00600	0.00616	0.01119	0.05148	0.03861	0.03523	0.52554	0.13599	0.01653	0.00738	0.00228	0.00377	0.04584	0.00561	0.06623
10	0.01374	0.30308	0.49459	0.01495	0.02263	0.01780	0.01826	0.01901	0.01275	0.01760	0.01010	0.01181	0.00779	0.00561	0.00514	0.00171	0.00815	0.00407	0.00260	0.00862
11	0.01503	0.54150	0.26744	0.01275	0.01923	0.02096	0.01444	0.01867	0.01260	0.01603	0.00932	0.01083	0.00782	0.00543	0.00454	0.00151	0.00736	0.00368	0.00261	0.00824
12	0.01445	0.01651	0.03612	0.02580	0.03199	0.01548	0.72446	0.01961	0.01445	0.01961	0.01238	0.01651	0.00929	0.00516	0.00722	0.00206	0.01032	0.00722	0.00310	0.00826
13	0.02374	0.00977	0.01313	0.01038	0.01449	0.00863	0.00845	0.02669	0.04112	0.59869	0.15129	0.02530	0.02280	0.00847	0.00635	0.00191	0.00479	0.00705	0.00738	0.00957
14	0.01274	0.01390	0.02882	0.02112	0.02616	0.01293	0.54521	0.01704	0.01438	0.01921	0.05884	0.06637	0.11754	0.00778	0.00726	0.00208	0.00853	0.00879	0.00380	0.00751
15	0.01239	0.05301	0.73282	0.01725	0.02619	0.01450	0.02227	0.01936	0.01291	0.01924	0.01092	0.01284	0.00776	0.00580	0.00576	0.00192	0.00898	0.00449	0.00259	0.00901
16	0.00753	0.00543	0.00701	0.00825	0.00870	0.00505	0.00549	0.00857	0.01169	0.01545	0.03477	0.68384	0.08784	0.06777	0.00926	0.00268	0.00367	0.01655	0.00556	0.00490
17	0.01156	0.01088	0.01836	0.77016	0.04216	0.01360	0.01700	0.01564	0.01224	0.01564	0.01088	0.01632	0.00816	0.00612	0.00612	0.00204	0.00816	0.00544	0.00272	0.00680
18	0.06745	0.01109	0.01612	0.03853	0.25393	0.01090	0.03120	0.06126	0.01588	0.14386	0.16806	0.02742	0.11115	0.00862	0.00635	0.00190	0.00544	0.00755	0.00510	0.00819
19	0.00889	0.00666	0.00966	0.00959	0.01051	0.00772	0.00728	0.01076	0.00970	0.01391	0.01655	0.02588	0.01603	0.14272	0.64432	0.00913	0.03526	0.00684	0.00332	0.00527
20	0.00839	0.00572	0.00683	0.00733	0.00745	0.00560	0.00440	0.00877	0.00990	0.01319	0.02438	0.30119	0.02868	0.51497	0.02293	0.00472	0.00509	0.01190	0.00440	0.00415
21	0.01499	0.01438	0.02455	0.07106	0.71448	0.01450	0.01870	0.01864	0.01386	0.01980	0.01149	0.01520	0.00963	0.00548	0.00606	0.00183	0.00731	0.00545	0.00302	0.00956
22	0.12969	0.01747	0.01762	0.01620	0.10351	0.10738	0.01177	0.44297	0.04400	0.03167	0.01316	0.01391	0.00976	0.00680	0.00573	0.00182	0.00700	0.00506	0.00509	0.00940
23	0.00767	0.00567	0.00799	0.00905	0.00958	0.00529	0.02760	0.00886	0.01180	0.01575	0.03309	0.75757	0.03953	0.01875	0.00780	0.00247	0.00376	0.01709	0.00560	0.00507
24	0.82811	0.01184	0.00900	0.00805	0.01184	0.01373	0.00663	0.01799	0.01042	0.02746	0.00852	0.00994	0.00663	0.00568	0.00379	0.00189	0.00474	0.00331	0.00379	0.00663
25	0.02746	0.01042	0.01421	0.01089	0.01563	0.00900	0.00900	0.02983	0.01752	0.75093	0.02415	0.02083	0.01515	0.00758	0.00616	0.00189	0.00521	0.00616	0.00758	0.01042
26	0.01228	0.03166	0.75316	0.01745	0.02649	0.01422	0.02262	0.01939	0.01292	0.01939	0.01099	0.01292	0.00775	0.00582	0.00582	0.00194	0.00905	0.00452	0.00258	0.00905
27	0.00723	0.00620	0.00620	0.00620	0.00827	0.00517	0.00465	0.00878	0.01395	0.01654	0.06201	0.05891	0.74421	0.01550	0.00723	0.00207	0.00310	0.01292	0.00568	0.00517
28	0.02345	0.01686	0.01819	0.01395	0.01884	0.01856	0.01152	0.69653	0.02830	0.06900	0.01510	0.01496	0.01061	0.00736	0.00612	0.00184	0.00667	0.00554	0.00619	0.01041
29	0.01396	0.04850	0.60886	0.01663	0.02482	0.01515	0.02036	0.11457	0.04171	0.02206	0.01193	0.01345	0.00852	0.00610	0.00582	0.00191	0.00852	0.00471	0.00319	0.00922
30	0.03882	0.05205	0.67526	0.01679	0.02538	0.01471	0.02126	0.05163	0.01355	0.02038	0.01101	0.01282	0.00784	0.00586	0.00571	0.00191	0.00873	0.00449	0.00279	0.00900
31	0.01568	0.01437	0.02439	0.03643	0.71547	0.01431	0.01837	0.01926	0.01409	0.05122	0.01205	0.01539	0.00993	0.00554	0.00606	0.00182	0.00718	0.00548	0.00322	0.00973
32	0.02327	0.01715	0.01837	0.01408	0.01898	0.01898	0.01163	0.72628	0.02878	0.03858	0.01470	0.01470	0.01041	0.00735	0.00612	0.00184	0.00674	0.00551	0.00612	0.01041
33	0.01567	0.01356	0.01473	0.01113	0.01612	0.09321	0.04102	0.06996	0.03509	0.07140	0.02935	0.01444	0.01086	0.00547	0.00510	0.00123	0.00570	0.00440	0.00415	0.53741
34	0.01489	0.01428	0.02438	0.09037	0.69591	0.01448	0.01866	0.01856	0.01382	0.01968	0.01147	0.01523	0.00959	0.00550	0.00606	0.00183	0.00734	0.00545	0.00301	0.00949
35	0.82811	0.01184	0.00900	0.00805	0.01184	0.01373	0.00663	0.01799	0.01042	0.02746	0.00852	0.00994	0.00663	0.00568	0.00379	0.00189	0.00474	0.00331	0.00379	0.00663
36	0.00793	0.00692	0.00685	0.00678	0.00874	0.02939	0.00506	0.00965	0.01445	0.01753	0.15081	0.07709	0.60773	0.01492	0.00719	0.00204	0.00334	0.01252	0.00574	0.00530
37	0.01228	0.03166	0.75316	0.01745	0.02649	0.01422	0.02262	0.01939	0.01292	0.01939	0.01099	0.01292	0.00775	0.00582	0.00582	0.00194	0.00905	0.00452	0.00258	0.00905
38	0.01637	0.78856	0.03208	0.01047	0.01571	0.02422	0.01047	0.01833	0.01244	0.01440	0.00851	0.00982	0.00786	0.00524	0.00393	0.00131	0.00655	0.00327	0.00262	0.00786
39	0.01637	0.78856	0.03208	0.01047	0.01571	0.02422	0.01047	0.01833	0.01244	0.01440	0.00851	0.00982	0.00786	0.00524	0.00393	0.00131	0.00655	0.00327	0.00262	0.00786
40	0.00746	0.00533	0.00710	0.00852	0.00888	0.00497	0.00568	0.00852	0.01172	0.01563	0.03374	0.78088	0.04049	0.01918	0.00781	0.00249	0.00355	0.01740	0.00568	0.00497
41	0.01339	0.01339	0.01875	0.01607	0.01607	0.01875	0.01339	0.01473	0.00937	0.01473	0.00804	0.01339	0.00804	0.01071	0.02009	0.00268	0.77367	0.00536	0.00268	0.00670
42	0.01515	0.01454	0.02485	0.03757	0.74669	0.01454	0.01879	0.01879	0.01394	0.02000	0.01151	0.01515	0.00970	0.00545	0.00606	0.00182	0.00727	0.00545	0.00303	0.00970
43	0.00723	0.00620	0.00620	0.00620	0.00827	0.00517	0.00465	0.00878	0.01395	0.01654	0.06201	0.05891	0.74421	0.01550	0.00723	0.00207	0.00310	0.01292	0.00568	0.00517
44	0.00762	0.00617	0.00630	0.00627	0.00825	0.00525	0.00470	0.00935	0.01411	0.01752	0.10590	0.05552	0.64685	0.01472	0.00703	0.00201	0.00307	0.01229	0.06182	0.00525
45	0.79132	0.01208	0.00943	0.00833	0.01216	0.01397	0.00686	0.05037	0.01126	0.02797	0.00881	0.01016	0.00680	0.00576	0.00389	0.00189	0.00483	0.00342	0.00389	0.00680
46	0.00866	0.00626	0.00818	0.00770	0.00914	0.00578	0.00578	0.01155	0.01733	0.02455	0.74346	0.04572	0.05776	0.01251	0.00722	0.00193	0.00289	0.01107	0.00674	0.00578
47	0.01141	0.00571	0.00571	0.00571	0.00713	0.00571	0.00428	0.01426	0.01284	0.02282	0.01997	0.02282	0.01569	0.00713	0.00428	0.00143	0.00285	0.00571	0.81886	0.00571
48	0.01559	0.64530	0.16856	0.01179	0.01775	0.02233	0.01277	0.01853	0.01253	0.01534	0.00898	0.01041	0.00784	0.00535	0.00429	0.00143	0.00702	0.00351	0.00261	0.00808
49	0.01935	0.00952	0.01219	0.01012	0.01357	0.00898	0.00807	0.02436	0.13625	0.39561	0.25732	0.02923	0.02954	0.00930	0.00651	0.00193	0.00440	0.00787	0.00708	0.00879
50	0.01141	0.00571	0.00571	0.00571	0.00713	0.00571	0.00428	0.01426	0.01284	0.02282	0.01997	0.02282	0.01569	0.00713	0.00428	0.00143	0.00285	0.00571	0.81886	0.00571
51	0.00880	0.00589	0.00671	0.00680	0.00683	0.00587	0.00385	0.00888	0.00910	0.01213	0.02028	0.09113	0.02351	0.73209	0.02955	0.00570	0.00577	0.00949	0.00385	0.00380
52	0.01484	0.01422	0.02428	0.10146	0.68525	0.01446	0.01863	0.01851	0.01379	0.01962	0.01146	0.01525	0.00956	0.00551	0.00607	0.00184	0.00735	0.00545	0.00300	0.00944
53	0.01410	0.24073	0.47852	0.01668	0.07280	0.01686	0.01854	0.01938	0.01300	0.04129	0.01075	0.01246	0.00815	0.00569	0.00532	0.00175	0.00811	0.00429	0.00278	0.00880
54	0.57037	0.06660	0.03050	0.00905	0.01316	0.05808	0.00769	0.01851	0.01159	0.05144	0.00978	0.01113	0.00764	0.00569	0.00413	0.00173	0.00529	0.00359	0.02775	0.08628

[dist]
# distance from previous block
# <min> <max>
0	4

[block]
# block no. 1 follows, 37 sequences, length 17
# corresponding to MSA columns:
# 79-95
name=unknown_B
#
# <colnr> <probs for GDERKNQSTAVLIFYWHMCP>
#	G	D	E	R	K	N	Q	S	T	A	V	L	I	F	Y	W	H	M	C	P
0	0.01191	0.02522	0.54195	0.01496	0.02251	0.01220	0.01809	0.01770	0.01305	0.01956	0.05019	0.05447	0.01229	0.00663	0.00576	0.00178	0.00763	0.00537	0.00315	0.15558
1	0.01709	0.03620	0.14419	0.01347	0.01826	0.06224	0.05626	0.15102	0.07859	0.13239	0.08706	0.02285	0.03470	0.00902	0.02624	0.00210	0.00688	0.04405	0.00507	0.05233
2	0.01307	0.11355	0.56164	0.01797	0.02615	0.01553	0.13018	0.01930	0.01311	0.01887	0.01093	0.01313	0.00800	0.00565	0.00582	0.00189	0.00897	0.00480	0.00267	0.00879
3	0.00745	0.00621	0.00650	0.00643	0.00840	0.00526	0.00482	0.00921	0.01447	0.01776	0.16591	0.05690	0.63955	0.01505	0.00723	0.00205	0.00307	0.01264	0.00585	0.00526
4	0.01362	0.28065	0.51595	0.01515	0.02295	0.01751	0.01862	0.01904	0.01276	0.01775	0.01017	0.01190	0.00779	0.00563	0.00519	0.00173	0.00822	0.00411	0.00260	0.00865
5	0.12271	0.01265	0.01392	0.01283	0.06053	0.03910	0.00962	0.15097	0.17370	0.18815	0.01966	0.04129	0.01511	0.00802	0.00585	0.00193	0.00547	0.04087	0.06876	0.00886
6	0.00858	0.00667	0.00786	0.00748	0.00927	0.00616	0.00564	0.01191	0.06097	0.02187	0.46565	0.04881	0.29003	0.01327	0.00716	0.00198	0.00308	0.01144	0.00635	0.00581
7	0.00746	0.00533	0.00710	0.00852	0.00888	0.00497	0.00568	0.00852	0.01172	0.01563	0.03374	0.78088	0.04049	0.01918	0.00781	0.00249	0.00355	0.01740	0.00568	0.00497
8	0.02287	0.02917	0.01735	0.01577	0.01892	0.76030	0.01183	0.02444	0.01735	0.01498	0.00946	0.01104	0.00788	0.00631	0.00552	0.00158	0.01104	0.00394	0.00315	0.00710
9	0.08753	0.27529	0.02187	0.01212	0.01703	0.01952	0.01062	0.37529	0.02089	0.08568	0.01286	0.01315	0.00961	0.00652	0.00520	0.00167	0.00639	0.00463	0.00487	0.00924
10	0.00738	0.00621	0.00641	0.00636	0.00836	0.00523	0.00477	0.00907	0.01430	0.01737	0.13280	0.05754	0.67290	0.01519	0.00723	0.00205	0.00308	0.01273	0.00579	0.00523
11	0.00866	0.00626	0.00818	0.00770	0.00914	0.00578	0.00578	0.01155	0.01733	0.02455	0.74346	0.04572	0.05776	0.01251	0.00722	0.00193	0.00289	0.01107	0.00674	0.00578
12	0.02327	0.01715	0.01837	0.01408	0.01898	0.01898	0.01163	0.72628	0.02878	0.03858	0.01470	0.01470	0.01041	0.00735	0.00612	0.00184	0.00674	0.00551	0.00612	0.01041
13	0.00759	0.00627	0.00671	0.00696	0.00887	0.00540	0.00537	0.00928	0.01388	0.01673	0.05700	0.08996	0.62309	0.01584	0.00742	0.00218	0.00345	0.10311	0.00568	0.00522
14	0.00863	0.00632	0.00835	0.00954	0.01069	0.00604	0.00762	0.01065	0.01325	0.01711	0.03742	0.31349	0.14616	0.01748	0.00805	0.00259	0.00453	0.36111	0.00566	0.00533
15	0.00806	0.00623	0.00734	0.00706	0.00877	0.00552	0.00530	0.01037	0.01589	0.02114	0.45332	0.05134	0.35003	0.01379	0.00723	0.00199	0.00298	0.01186	0.00629	0.00552
16	0.01355	0.01075	0.01345	0.01187	0.01438	0.01153	0.05299	0.19112	0.14932	0.02427	0.09985	0.30096	0.02780	0.01239	0.00744	0.00217	0.03205	0.01082	0.00574	0.00753

[dist]
# distance from previous block
# <min> <max>
0	25

[block]
# block no. 2 follows, 37 sequences, length 31
# corresponding to MSA columns:
# 121-151
name=unknown_C
#
# <colnr> <probs for GDERKNQSTAVLIFYWHMCP>
#	G	D	E	R	K	N	Q	S	T	A	V	L	I	F	Y	W	H	M	C	P
0	0.00731	0.00617	0.00632	0.00635	0.00833	0.00519	0.00474	0.00890	0.01403	0.01687	0.09211	0.08281	0.68903	0.01549	0.00725	0.00207	0.00311	0.01299	0.00573	0.00519
1	0.01357	0.04117	0.01383	0.00954	0.01488	0.00968	0.00773	0.06023	0.03750	0.02108	0.01149	0.01304	0.00942	0.00486	0.00466	0.00102	0.00476	0.00384	0.00383	0.71387
2	0.01032	0.00754	0.00923	0.00943	0.01101	0.00749	0.00696	0.03756	0.12176	0.04384	0.11734	0.41353	0.06431	0.01513	0.00731	0.00227	0.00401	0.07102	0.00590	0.03403
3	0.01374	0.30178	0.49582	0.01496	0.02265	0.01779	0.01828	0.01901	0.01275	0.01761	0.01010	0.01182	0.00779	0.00561	0.00514	0.00171	0.00815	0.00408	0.00260	0.00862
4	0.01156	0.01088	0.01836	0.77016	0.04216	0.01360	0.01700	0.01564	0.01224	0.01564	0.01088	0.01632	0.00816	0.00612	0.00612	0.00204	0.00816	0.00544	0.00272	0.00680
5	0.35012	0.01238	0.01284	0.01041	0.01472	0.01309	0.00856	0.15232	0.05756	0.28676	0.01614	0.01542	0.01104	0.00681	0.00520	0.00189	0.00528	0.00493	0.00570	0.00884
6	0.01228	0.03166	0.75316	0.01745	0.02649	0.01422	0.02262	0.01939	0.01292	0.01939	0.01099	0.01292	0.00775	0.00582	0.00582	0.00194	0.00905	0.00452	0.00258	0.00905
7	0.02287	0.02917	0.01735	0.01577	0.01892	0.76030	0.01183	0.02444	0.01735	0.01498	0.00946	0.01104	0.00788	0.00631	0.00552	0.00158	0.01104	0.00394	0.00315	0.00710
8	0.00738	0.00562	0.00680	0.00774	0.00867	0.00504	0.00533	0.00861	0.01247	0.01593	0.04327	0.53741	0.27780	0.01794	0.00762	0.00234	0.00340	0.01589	0.00568	0.00504
9	0.00755	0.00620	0.00657	0.00649	0.00836	0.00531	0.00482	0.00928	0.01436	0.01779	0.18235	0.05583	0.59364	0.04448	0.00815	0.00219	0.00317	0.01243	0.00580	0.00522
10	0.00746	0.00533	0.00710	0.00852	0.00888	0.00497	0.00568	0.00852	0.01172	0.01563	0.03374	0.78088	0.04049	0.01918	0.00781	0.00249	0.00355	0.01740	0.00568	0.00497
11	0.02723	0.01080	0.01444	0.01107	0.01582	0.00956	0.00915	0.06938	0.01816	0.71048	0.02361	0.02049	0.01488	0.00756	0.00615	0.00189	0.00530	0.00612	0.00749	0.01042
12	0.00888	0.00603	0.00718	0.00718	0.00735	0.00621	0.00434	0.00922	0.00905	0.01224	0.01883	0.03751	0.02115	0.66727	0.14724	0.00656	0.00760	0.00853	0.00364	0.00399
13	0.01400	0.00820	0.00847	0.00753	0.00972	0.00860	0.00588	0.16961	0.01632	0.02626	0.01882	0.02105	0.01454	0.00718	0.00468	0.00152	0.00370	0.00566	0.64154	0.00673
14	0.01272	0.07318	0.64330	0.01785	0.02641	0.01491	0.08938	0.01935	0.01304	0.01912	0.01098	0.01309	0.00791	0.00572	0.00584	0.00191	0.00903	0.00471	0.00264	0.00890
15	0.01492	0.01431	0.02444	0.08360	0.70242	0.01448	0.01867	0.01859	0.01383	0.01972	0.01147	0.01522	0.00960	0.00550	0.00606	0.00183	0.00733	0.00545	0.00301	0.00951
16	0.00813	0.00581	0.00787	0.00929	0.00994	0.00555	0.00685	0.00968	0.01238	0.01638	0.03337	0.58262	0.03902	0.01855	0.00799	0.00258	0.00413	0.20905	0.00567	0.00516
17	0.01434	0.01235	0.01328	0.01241	0.03150	0.01406	0.00937	0.02953	0.63610	0.02459	0.04363	0.05055	0.06302	0.00913	0.00636	0.00208	0.00471	0.00769	0.00612	0.00917
18	0.01500	0.01439	0.02458	0.06815	0.71728	0.01450	0.01871	0.01865	0.01387	0.01982	0.01149	0.01520	0.00963	0.00548	0.00606	0.00183	0.00731	0.00545	0.00302	0.00958
19	0.02746	0.01042	0.01421	0.01089	0.01563	0.00900	0.00900	0.02983	0.01752	0.75093	0.02415	0.02083	0.01515	0.00758	0.00616	0.00189	0.00521	0.00616	0.00758	0.01042
20	0.01323	0.01192	0.01643	0.04093	0.10487	0.01012	0.07095	0.01708	0.05052	0.02007	0.01181	0.01397	0.00963	0.00495	0.00509	0.00122	0.00550	0.00439	0.00361	0.58371
21	0.55150	0.06456	0.05448	0.01030	0.01440	0.13345	0.00886	0.04290	0.03453	0.02451	0.00952	0.01083	0.00746	0.00590	0.00434	0.00181	0.00617	0.00366	0.00370	0.00714
22	0.03992	0.01111	0.01779	0.01418	0.01763	0.01114	0.20230	0.05990	0.07893	0.02079	0.11777	0.06689	0.04218	0.01598	0.15856	0.00352	0.02381	0.00773	0.00440	0.08548
23	0.01541	0.01598	0.09177	0.04575	0.42377	0.04476	0.01616	0.05876	0.01460	0.04353	0.01246	0.01641	0.01035	0.00615	0.00634	0.00177	0.03071	0.02893	0.00346	0.11294
24	0.00746	0.00533	0.00710	0.00852	0.00888	0.00497	0.00568	0.00852	0.01172	0.01563	0.03374	0.78088	0.04049	0.01918	0.00781	0.00249	0.00355	0.01740	0.00568	0.00497
25	0.52740	0.01218	0.01162	0.01030	0.03607	0.01337	0.00809	0.08392	0.05453	0.17131	0.01318	0.01341	0.00943	0.00635	0.00467	0.00190	0.00509	0.00434	0.00486	0.00798
26	0.01225	0.01145	0.03484	0.09258	0.18012	0.04792	0.07523	0.01492	0.01313	0.04207	0.02206	0.22877	0.05096	0.04446	0.00844	0.00234	0.03251	0.07472	0.00424	0.00697
27	0.00857	0.00625	0.00805	0.00760	0.00909	0.00574	0.00570	0.01137	0.01711	0.02403	0.69961	0.04657	0.10193	0.01271	0.00722	0.00193	0.00290	0.01119	0.00667	0.00574
28	0.01471	0.00812	0.00881	0.00796	0.01033	0.00838	0.00618	0.04340	0.14964	0.12321	0.02129	0.02228	0.01600	0.00742	0.00496	0.00163	0.00368	0.00599	0.52874	0.00725
29	0.00746	0.00533	0.00710	0.00852	0.00888	0.00497	0.00568	0.00852	0.01172	0.01563	0.03374	0.78088	0.04049	0.01918	0.00781	0.00249	0.00355	0.01740	0.00568	0.00497
30	0.01338	0.01437	0.04932	0.32102	0.17977	0.01451	0.28176	0.01787	0.01343	0.01812	0.01157	0.01605	0.00888	0.00562	0.00651	0.00200	0.00882	0.00608	0.00292	0.00800

[dist]
# distance from previous block
# <min> <max>
0	111

[block]
# block no. 3 follows, 37 sequences, length 70
# corresponding to MSA columns:
# 263-332
name=unknown_D
#
# <colnr> <probs for GDERKNQSTAVLIFYWHMCP>
#	G	D	E	R	K	N	Q	S	T	A	V	L	I	F	Y	W	H	M	C	P
0	0.05847	0.01178	0.01389	0.01110	0.01503	0.01190	0.00901	0.25023	0.04533	0.29251	0.18851	0.02423	0.02330	0.00859	0.00629	0.00189	0.00513	0.00699	0.00669	0.00913
1	0.00756	0.00540	0.00722	0.00864	0.00904	0.00506	0.00586	0.00870	0.01182	0.01574	0.03368	0.74987	0.04026	0.01908	0.00784	0.00250	0.00364	0.04737	0.00568	0.00500
2	0.01052	0.00532	0.00794	0.00799	0.00801	0.00530	0.00533	0.00799	0.00811	0.01082	0.01148	0.04671	0.01173	0.02119	0.02333	0.79170	0.00525	0.00576	0.00277	0.00274
3	0.00878	0.00712	0.01074	0.25472	0.01964	0.00776	0.00934	0.01082	0.01189	0.01563	0.02635	0.53373	0.03004	0.01496	0.00727	0.00234	0.00504	0.01354	0.00472	0.00556
4	0.00746	0.00533	0.00710	0.00852	0.00888	0.00497	0.00568	0.00852	0.01172	0.01563	0.03374	0.78088	0.04049	0.01918	0.00781	0.00249	0.00355	0.01740	0.00568	0.00497
5	0.00889	0.00598	0.00692	0.00692	0.00700	0.00607	0.00401	0.00906	0.00897	0.01205	0.01907	0.03884	0.02173	0.72868	0.08663	0.00623	0.00673	0.00872	0.00368	0.00384
6	0.01720	0.01976	0.03012	0.02244	0.02777	0.20403	0.49408	0.07060	0.01619	0.01977	0.01181	0.01500	0.00901	0.00560	0.00672	0.00192	0.01025	0.00627	0.00332	0.00811
7	0.02314	0.02103	0.01804	0.01463	0.01896	0.25862	0.01170	0.49941	0.02508	0.03095	0.01300	0.01351	0.00959	0.00701	0.00593	0.00175	0.00813	0.00500	0.00516	0.00934
8	0.00749	0.00538	0.00711	0.00844	0.00887	0.00500	0.00566	0.00861	0.01193	0.01590	0.05399	0.74171	0.05944	0.01890	0.00778	0.00246	0.00352	0.01711	0.00571	0.00500
9	0.01542	0.46443	0.22916	0.01236	0.01865	0.01932	0.01351	0.03246	0.01309	0.04307	0.01009	0.01143	0.00825	0.00546	0.00463	0.00148	0.00701	0.00380	0.00295	0.08343
10	0.01448	0.14351	0.37544	0.01488	0.04555	0.01472	0.01600	0.02111	0.10912	0.07961	0.03143	0.03375	0.01195	0.00659	0.00561	0.00180	0.00717	0.00522	0.00373	0.05833
11	0.01692	0.10530	0.04110	0.21929	0.06237	0.07233	0.01304	0.10130	0.17174	0.09342	0.01524	0.01660	0.01139	0.00686	0.00619	0.00189	0.02666	0.00544	0.00437	0.00855
12	0.02153	0.01559	0.01672	0.01306	0.01745	0.01717	0.01070	0.63022	0.02659	0.03619	0.01591	0.04374	0.01203	0.00776	0.00601	0.00182	0.00624	0.00597	0.08555	0.00975
13	0.01435	0.03864	0.01419	0.00984	0.01520	0.01028	0.00800	0.11853	0.01502	0.02245	0.01135	0.01288	0.00922	0.00497	0.00474	0.00106	0.00492	0.00389	0.00395	0.67652
14	0.00894	0.00644	0.00877	0.01011	0.01122	0.00627	0.00823	0.01113	0.01332	0.01735	0.03443	0.29860	0.07504	0.01757	0.00818	0.00267	0.00483	0.44584	0.00565	0.00540
15	0.01156	0.01088	0.01836	0.77016	0.04216	0.01360	0.01700	0.01564	0.01224	0.01564	0.01088	0.01632	0.00816	0.00612	0.00612	0.00204	0.00816	0.00544	0.00272	0.00680
16	0.00875	0.00653	0.00969	0.00969	0.01073	0.00757	0.00747	0.01084	0.00979	0.01410	0.01653	0.02479	0.01563	0.08022	0.72675	0.00966	0.01591	0.00667	0.00330	0.00538
17	0.01333	0.01317	0.01822	0.01546	0.01593	0.01783	0.01286	0.01479	0.00966	0.01519	0.00828	0.01333	0.00813	0.01018	0.01873	0.00252	0.70669	0.00521	0.00276	0.07773
18	0.00866	0.00626	0.00818	0.00770	0.00914	0.00578	0.00578	0.01155	0.01733	0.02455	0.74346	0.04572	0.05776	0.01251	0.00722	0.00193	0.00289	0.01107	0.00674	0.00578
19	0.00874	0.00656	0.00984	0.00984	0.01093	0.00765	0.00765	0.01093	0.00984	0.01421	0.01640	0.02405	0.01530	0.04591	0.76062	0.00984	0.01640	0.00656	0.00328	0.00547
20	0.00888	0.00649	0.00951	0.00951	0.01057	0.00749	0.00732	0.01100	0.00994	0.01451	0.01669	0.02469	0.01562	0.07630	0.69373	0.00928	0.01531	0.00662	0.04116	0.00540
21	0.01370	0.01391	0.01870	0.01606	0.01616	0.04292	0.01334	0.01505	0.00963	0.01474	0.00808	0.01332	0.00803	0.01057	0.01961	0.00264	0.74882	0.00531	0.00269	0.00671
22	0.00764	0.00550	0.00724	0.00832	0.00890	0.00510	0.00567	0.00901	0.01267	0.01705	0.14578	0.64385	0.06450	0.01802	0.00770	0.00239	0.00343	0.01627	0.00585	0.00510
23	0.00823	0.00624	0.00758	0.00725	0.00888	0.00559	0.00544	0.01071	0.01631	0.02212	0.53715	0.04972	0.26558	0.01342	0.00722	0.00197	0.00295	0.01163	0.00642	0.00559
24	0.01384	0.01689	0.08841	0.02380	0.02973	0.01478	0.60917	0.01886	0.01423	0.01952	0.03658	0.04303	0.01177	0.00603	0.00740	0.00208	0.02509	0.00745	0.00325	0.00809
25	0.00779	0.00616	0.00702	0.00695	0.00865	0.00538	0.00516	0.00982	0.01506	0.01951	0.31879	0.10881	0.42986	0.01465	0.00727	0.00205	0.00305	0.01256	0.00608	0.00538
26	0.02746	0.01042	0.01421	0.01089	0.01563	0.00900	0.00900	0.02983	0.01752	0.75093	0.02415	0.02083	0.01515	0.00758	0.00616	0.00189	0.00521	0.00616	0.00758	0.01042
27	0.01501	0.01355	0.04628	0.26180	0.37440	0.01373	0.04129	0.04274	0.01414	0.07491	0.01265	0.01614	0.00976	0.00594	0.00607	0.00189	0.00741	0.00554	0.02807	0.00868
28	0.01615	0.01807	0.02655	0.09600	0.07656	0.18011	0.36091	0.05093	0.03878	0.01909	0.01434	0.01728	0.04337	0.00621	0.00658	0.00193	0.00939	0.00638	0.00342	0.00795
29	0.01105	0.00779	0.00921	0.00849	0.01045	0.00789	0.00647	0.03153	0.15122	0.04123	0.46478	0.03666	0.04194	0.01067	0.00653	0.00187	0.00338	0.00923	0.13291	0.00670
30	0.07784	0.63514	0.10273	0.01112	0.01658	0.03984	0.01144	0.01856	0.01245	0.01591	0.00878	0.01017	0.00775	0.00535	0.00415	0.00142	0.00677	0.00342	0.00272	0.00786
31	0.01423	0.01580	0.05473	0.02267	0.02807	0.01468	0.56420	0.05555	0.01458	0.01983	0.01359	0.01990	0.01118	0.06517	0.00934	0.00239	0.03057	0.03225	0.00337	0.00791
32	0.00864	0.00629	0.00815	0.00777	0.00925	0.00580	0.00589	0.01145	0.01700	0.02384	0.67508	0.04746	0.09446	0.01287	0.00727	0.00197	0.00302	0.04142	0.00663	0.00574
33	0.01327	0.01252	0.02135	0.21978	0.44341	0.01314	0.04275	0.01680	0.01331	0.01839	0.01429	0.09286	0.01319	0.00735	0.00637	0.00198	0.00719	0.03043	0.00330	0.00830
34	0.02006	0.01792	0.25311	0.01326	0.01904	0.01202	0.01354	0.13614	0.01721	0.32738	0.01818	0.03793	0.01270	0.00894	0.03889	0.00225	0.00707	0.00583	0.02905	0.00947
35	0.00849	0.00625	0.00795	0.00752	0.00904	0.00570	0.00564	0.01122	0.01692	0.02359	0.66218	0.04730	0.13963	0.01287	0.00722	0.00194	0.00291	0.01129	0.00661	0.00570
36	0.00885	0.00614	0.00770	0.00770	0.00806	0.00649	0.00499	0.00956	0.00921	0.01263	0.01835	0.03487	0.02000	0.54532	0.26763	0.00720	0.00933	0.00814	0.00357	0.00428
37	0.10371	0.01484	0.01914	0.09698	0.12830	0.04719	0.09841	0.16069	0.22052	0.02529	0.01556	0.01679	0.01176	0.00672	0.00600	0.00195	0.00683	0.00580	0.00460	0.00892
38	0.57829	0.22337	0.01561	0.00893	0.01315	0.01677	0.00786	0.04357	0.01163	0.02431	0.00874	0.01008	0.00710	0.00562	0.00391	0.00173	0.00530	0.00338	0.00355	0.00710
39	0.00822	0.00620	0.00759	0.00732	0.00889	0.00557	0.00546	0.01066	0.01615	0.02195	0.52472	0.08185	0.24573	0.01363	0.00725	0.00199	0.00298	0.01186	0.00640	0.00557
40	0.01399	0.37620	0.36918	0.01402	0.02094	0.01844	0.03753	0.01845	0.01279	0.01699	0.01212	0.01362	0.03993	0.00595	0.00506	0.00166	0.00768	0.00440	0.00275	0.00831
41	0.01421	0.01677	0.08647	0.02102	0.02543	0.03986	0.40276	0.04208	0.01348	0.01864	0.01231	0.05629	0.01052	0.00748	0.01029	0.00221	0.20229	0.00692	0.00319	0.00779
42	0.00759	0.00542	0.00724	0.00860	0.00903	0.00508	0.00584	0.00878	0.01200	0.01603	0.05776	0.72971	0.04088	0.01887	0.00782	0.00248	0.00361	0.04255	0.00572	0.00502
43	0.01471	0.01410	0.02405	0.12730	0.66040	0.01443	0.01857	0.01840	0.01373	0.01946	0.01144	0.01529	0.00951	0.00554	0.00607	0.00185	0.00738	0.00545	0.00299	0.00934
44	0.01795	0.01677	0.05189	0.02199	0.08121	0.03359	0.39301	0.19228	0.01819	0.09009	0.01382	0.01611	0.01004	0.00598	0.00668	0.00196	0.00873	0.00641	0.00422	0.00908
45	0.01428	0.01766	0.09065	0.02516	0.03157	0.01538	0.67108	0.01959	0.01433	0.01959	0.01228	0.01624	0.00917	0.00521	0.00712	0.00205	0.01022	0.00702	0.00306	0.00832
46	0.00885	0.00591	0.00669	0.00674	0.00676	0.00590	0.00378	0.00889	0.00900	0.01200	0.01981	0.06671	0.02291	0.75733	0.03032	0.00581	0.00585	0.00921	0.00378	0.00375
47	0.02504	0.01108	0.01463	0.01205	0.03949	0.01023	0.00954	0.10386	0.03581	0.58115	0.04761	0.02262	0.01672	0.00800	0.00627	0.00192	0.00537	0.03141	0.00714	0.01004
48	0.01998	0.01618	0.01767	0.01424	0.01837	0.17911	0.10722	0.12377	0.07951	0.19706	0.01789	0.08939	0.01432	0.00787	0.00620	0.00184	0.00718	0.00666	0.00517	0.07037
49	0.01134	0.00614	0.00641	0.00628	0.00757	0.00629	0.00460	0.02903	0.01262	0.02156	0.01978	0.03925	0.01666	0.09917	0.00790	0.00201	0.02016	0.00630	0.67134	0.00558
50	0.01269	0.01088	0.01269	0.00907	0.01451	0.00816	0.00725	0.01541	0.01269	0.01995	0.01088	0.01269	0.00907	0.00453	0.00453	0.00091	0.00453	0.00363	0.00363	0.82229
51	0.01254	0.01072	0.01253	0.00905	0.01434	0.00807	0.00721	0.01521	0.01266	0.01982	0.01154	0.03500	0.00998	0.00496	0.00463	0.00095	0.00450	0.00403	0.00369	0.79856
52	0.02160	0.01623	0.01733	0.01366	0.01803	0.04168	0.01116	0.54913	0.07541	0.06476	0.01588	0.04148	0.01199	0.00788	0.00678	0.00188	0.04212	0.00594	0.00586	0.03122
53	0.02191	0.02331	0.01727	0.01575	0.05057	0.45734	0.01169	0.15671	0.10703	0.06049	0.01321	0.01387	0.01015	0.00678	0.00578	0.00171	0.00900	0.00479	0.00432	0.00833
54	0.01262	0.09595	0.69192	0.01685	0.02558	0.01507	0.02159	0.01930	0.01288	0.01896	0.01077	0.01266	0.00776	0.00577	0.00566	0.00189	0.00883	0.00442	0.00259	0.00895
55	0.01445	0.01651	0.03612	0.02580	0.03199	0.01548	0.72446	0.01961	0.01445	0.01961	0.01238	0.01651	0.00929	0.00516	0.00722	0.00206	0.01032	0.00722	0.00310	0.00826
56	0.00953	0.00680	0.00948	0.01089	0.01215	0.00675	0.00928	0.01210	0.01376	0.01794	0.03260	0.16913	0.03597	0.01723	0.00836	0.00277	0.00534	0.60875	0.00564	0.00554
57	0.01445	0.01651	0.03612	0.02580	0.03199	0.01548	0.72446	0.01961	0.01445	0.01961	0.01238	0.01651	0.00929	0.00516	0.00722	0.00206	0.01032	0.00722	0.00310	0.00826
58	0.01488	0.01426	0.02421	0.03651	0.72166	0.01423	0.01831	0.01845	0.01394	0.01988	0.01323	0.01663	0.03459	0.00579	0.00610	0.00183	0.00713	0.00571	0.00312	0.00954
59	0.00746	0.00533	0.00710	0.00852	0.00888	0.00497	0.00568	0.00852	0.01172	0.01563	0.03374	0.78088	0.04049	0.01918	0.00781	0.00249	0.00355	0.01740	0.00568	0.00497
60	0.00805	0.00590	0.00837	0.00913	0.00983	0.00621	0.00660	0.00964	0.01085	0.01497	0.02569	0.42982	0.02880	0.03158	0.35700	0.00590	0.00951	0.01237	0.00457	0.00520
61	0.01142	0.01069	0.01798	0.74433	0.04103	0.01331	0.01662	0.01540	0.01222	0.01564	0.01166	0.04225	0.00926	0.00656	0.00618	0.00206	0.00800	0.00585	0.00282	0.00674
62	0.00746	0.00533	0.00710	0.00852	0.00888	0.00497	0.00568	0.00852	0.01172	0.01563	0.03374	0.78088	0.04049	0.01918	0.00781	0.00249	0.00355	0.01740	0.00568	0.00497
63	0.00746	0.00533	0.00710	0.00852	0.00888	0.00497	0.00568	0.00852	0.01172	0.01563	0.03374	0.78088	0.04049	0.01918	0.00781	0.00249	0.00355	0.01740	0.00568	0.00497
64	0.01339	0.01339	0.01875	0.01607	0.01607	0.01875	0.01339	0.01473	0.00937	0.01473	0.00804	0.01339	0.00804	0.01071	0.02009	0.00268	0.77367	0.00536	0.00268	0.00670
65	0.01360	0.21658	0.47132	0.01693	0.02462	0.01687	0.12101	0.01916	0.01302	0.01819	0.01058	0.01267	0.00800	0.00558	0.00555	0.00180	0.00861	0.00460	0.00267	0.00864
66	0.01028	0.00663	0.00862	0.00791	0.00968	0.00603	0.00600	0.01305	0.01716	0.08948	0.64163	0.04420	0.09129	0.01223	0.00712	0.00193	0.00311	0.01073	0.00676	0.00616
67	0.00849	0.00636	0.00800	0.00904	0.00981	0.00633	0.00621	0.01171	0.10768	0.01695	0.03257	0.68040	0.03760	0.01774	0.00760	0.00243	0.00372	0.01601	0.00575	0.00560
68	0.00994	0.00834	0.01281	0.01783	0.24736	0.00807	0.00988	0.01185	0.01251	0.01707	0.02753	0.50843	0.05483	0.01461	0.00723	0.00226	0.00474	0.01338	0.00482	0.00651
69	0.05728	0.26467	0.02238	0.03821	0.11984	0.01822	0.01166	0.25541	0.01848	0.08128	0.01477	0.01554	0.04367	0.00668	0.00535	0.00169	0.00641	0.00507	0.00443	0.00895

[dist]
# distance from previous block
# <min> <max>
0	1

[block]
# block no. 4 follows, 37 sequences, length 88
# corresponding to MSA columns:
# 334-421
name=unknown_E
#
# <colnr> <probs for GDERKNQSTAVLIFYWHMCP>
#	G	D	E	R	K	N	Q	S	T	A	V	L	I	F	Y	W	H	M	C	P
0	0.04114	0.01682	0.02027	0.04919	0.30513	0.15323	0.05053	0.03836	0.18849	0.02065	0.01421	0.01611	0.01130	0.00659	0.00661	0.00190	0.04119	0.00555	0.00389	0.00883
1	0.01658	0.02174	0.11102	0.02165	0.02708	0.22867	0.41671	0.02080	0.01493	0.01809	0.01124	0.01443	0.00867	0.00575	0.00702	0.00193	0.03677	0.00592	0.00304	0.00796
2	0.17936	0.01375	0.01419	0.01163	0.01546	0.01518	0.00938	0.44287	0.02179	0.03216	0.01657	0.12762	0.01439	0.00876	0.00582	0.00192	0.00567	0.00685	0.04803	0.00861
3	0.03772	0.11546	0.64996	0.01638	0.02484	0.01532	0.02077	0.01923	0.01279	0.01908	0.01063	0.01249	0.00773	0.00575	0.00554	0.00187	0.00864	0.00435	0.00263	0.00884
4	0.01161	0.01106	0.02159	0.03693	0.02105	0.01042	0.35032	0.01490	0.01364	0.04046	0.07666	0.31564	0.02524	0.01126	0.00739	0.00221	0.00691	0.01139	0.00450	0.00682
5	0.02684	0.01141	0.01482	0.01136	0.01612	0.01048	0.00939	0.13294	0.01919	0.64546	0.02275	0.01993	0.01445	0.00754	0.00615	0.00189	0.00543	0.00606	0.00736	0.01042
6	0.02635	0.01220	0.01531	0.01174	0.01651	0.01164	0.00969	0.21411	0.02050	0.56244	0.02165	0.01921	0.01390	0.00752	0.00615	0.00188	0.00561	0.00599	0.00719	0.01042
7	0.01782	0.01284	0.02087	0.05110	0.48998	0.01255	0.01551	0.02104	0.01475	0.20874	0.01612	0.04185	0.01283	0.00681	0.00622	0.00190	0.00660	0.02860	0.00436	0.00952
8	0.00866	0.00626	0.00818	0.00770	0.00914	0.00578	0.00578	0.01155	0.01733	0.02455	0.74346	0.04572	0.05776	0.01251	0.00722	0.00193	0.00289	0.01107	0.00674	0.00578
9	0.00986	0.00705	0.00986	0.01127	0.01268	0.00705	0.00986	0.01268	0.01409	0.01832	0.03241	0.06905	0.03523	0.01691	0.00845	0.00282	0.00564	0.70549	0.00564	0.00564
10	0.00822	0.00655	0.00782	0.00814	0.03274	0.00583	0.00589	0.01044	0.01527	0.01987	0.32269	0.05307	0.40655	0.01411	0.00727	0.00205	0.00332	0.05856	0.00600	0.00558
11	0.01281	0.03092	0.72745	0.01722	0.02612	0.01403	0.02214	0.01975	0.01308	0.04483	0.01144	0.01320	0.00801	0.00588	0.00583	0.00194	0.00891	0.00458	0.00276	0.00909
12	0.00746	0.00533	0.00710	0.00852	0.00888	0.00497	0.00568	0.00852	0.01172	0.01563	0.03374	0.78088	0.04049	0.01918	0.00781	0.00249	0.00355	0.01740	0.00568	0.00497
13	0.00746	0.00533	0.00710	0.00852	0.00888	0.00497	0.00568	0.00852	0.01172	0.01563	0.03374	0.78088	0.04049	0.01918	0.00781	0.00249	0.00355	0.01740	0.00568	0.00497
14	0.74299	0.01240	0.00999	0.00869	0.01259	0.01429	0.00716	0.09290	0.01236	0.02864	0.00918	0.01045	0.00703	0.00586	0.00404	0.00189	0.00495	0.00355	0.00404	0.00703
15	0.01523	0.01315	0.01384	0.01246	0.01592	0.01523	0.00969	0.03253	0.73563	0.02561	0.02491	0.02284	0.01869	0.00830	0.00623	0.00208	0.00484	0.00692	0.00623	0.00969
16	0.00874	0.00656	0.00984	0.00984	0.01093	0.00765	0.00765	0.01093	0.00984	0.01421	0.01640	0.02405	0.01530	0.04591	0.76062	0.00984	0.01640	0.00656	0.00328	0.00547
17	0.01523	0.01315	0.01384	0.01246	0.01592	0.01523	0.00969	0.03253	0.73563	0.02561	0.02491	0.02284	0.01869	0.00830	0.00623	0.00208	0.00484	0.00692	0.00623	0.00969
18	0.02206	0.16798	0.01886	0.01189	0.01651	0.01435	0.03371	0.12127	0.11405	0.36549	0.01969	0.03787	0.01399	0.00740	0.00579	0.00181	0.00576	0.00592	0.00600	0.00959
19	0.01338	0.18157	0.53777	0.01801	0.09453	0.01625	0.01981	0.01912	0.01293	0.01845	0.01054	0.01252	0.00796	0.00566	0.00546	0.00180	0.00837	0.00436	0.00263	0.00887
20	0.02263	0.02824	0.01727	0.01560	0.01883	0.71038	0.01175	0.04912	0.04101	0.01615	0.01014	0.01155	0.00832	0.00641	0.00556	0.00160	0.01069	0.00409	0.00336	0.00730
21	0.02746	0.01042	0.01421	0.01089	0.01563	0.00900	0.00900	0.02983	0.01752	0.75093	0.02415	0.02083	0.01515	0.00758	0.00616	0.00189	0.00521	0.00616	0.00758	0.01042
22	0.02151	0.01545	0.01650	0.01284	0.01723	0.01702	0.01055	0.62086	0.02642	0.03625	0.01548	0.01590	0.01119	0.00732	0.00585	0.00178	0.00616	0.00554	0.12645	0.00971
23	0.01553	0.03843	0.04326	0.01500	0.01823	0.01295	0.16526	0.03686	0.01406	0.16520	0.12232	0.02146	0.01797	0.01272	0.09544	0.00300	0.18328	0.00681	0.00450	0.00772
24	0.02695	0.01043	0.01415	0.01083	0.01559	0.00897	0.00894	0.02933	0.01735	0.72550	0.02369	0.02055	0.01494	0.00747	0.00610	0.00186	0.00519	0.00607	0.00744	0.03866
25	0.01156	0.01088	0.01836	0.77016	0.04216	0.01360	0.01700	0.01564	0.01224	0.01564	0.01088	0.01632	0.00816	0.00612	0.00612	0.00204	0.00816	0.00544	0.00272	0.00680
26	0.01249	0.07118	0.71551	0.01708	0.02593	0.01474	0.02198	0.01933	0.01290	0.01913	0.01086	0.01276	0.00776	0.00579	0.00572	0.00191	0.00892	0.00446	0.00259	0.00898
27	0.01637	0.78856	0.03208	0.01047	0.01571	0.02422	0.01047	0.01833	0.01244	0.01440	0.00851	0.00982	0.00786	0.00524	0.00393	0.00131	0.00655	0.00327	0.00262	0.00786
28	0.02746	0.01042	0.01421	0.01089	0.01563	0.00900	0.00900	0.02983	0.01752	0.75093	0.02415	0.02083	0.01515	0.00758	0.00616	0.00189	0.00521	0.00616	0.00758	0.01042
29	0.01153	0.01144	0.02170	0.04260	0.02182	0.01083	0.34362	0.01523	0.01417	0.01847	0.02831	0.04062	0.16598	0.01076	0.00755	0.00229	0.00740	0.21451	0.00436	0.00681
30	0.01281	0.01211	0.02035	0.46485	0.28588	0.01388	0.01727	0.01661	0.01280	0.01722	0.01173	0.01759	0.00960	0.00640	0.00663	0.00201	0.03256	0.02901	0.00292	0.00777
31	0.01141	0.00571	0.00571	0.00571	0.00713	0.00571	0.00428	0.01426	0.01284	0.02282	0.01997	0.02282	0.01569	0.00713	0.00428	0.00143	0.00285	0.00571	0.81886	0.00571
32	0.00723	0.00620	0.00620	0.00620	0.00827	0.00517	0.00465	0.00878	0.01395	0.01654	0.06201	0.05891	0.74421	0.01550	0.00723	0.00207	0.00310	0.01292	0.00568	0.00517
33	0.00952	0.00673	0.00909	0.00885	0.01038	0.00627	0.02934	0.01218	0.03717	0.05762	0.33896	0.28531	0.11206	0.01451	0.00737	0.00216	0.00364	0.03678	0.00616	0.00589
34	0.02248	0.01258	0.01483	0.01201	0.01633	0.01295	0.00971	0.15667	0.26722	0.37200	0.02270	0.02042	0.01551	0.00779	0.00618	0.00195	0.00536	0.00630	0.00685	0.01016
35	0.02746	0.01042	0.01421	0.01089	0.01563	0.00900	0.00900	0.02983	0.01752	0.75093	0.02415	0.02083	0.01515	0.00758	0.00616	0.00189	0.00521	0.00616	0.00758	0.01042
36	0.00746	0.00533	0.00710	0.00852	0.00888	0.00497	0.00568	0.00852	0.01172	0.01563	0.03374	0.78088	0.04049	0.01918	0.00781	0.00249	0.00355	0.01740	0.00568	0.00497
37	0.05514	0.01047	0.01403	0.01079	0.01550	0.00916	0.00892	0.02942	0.01727	0.72592	0.02361	0.02046	0.01486	0.00751	0.00607	0.00189	0.00519	0.00606	0.00745	0.01029
38	0.01637	0.78856	0.03208	0.01047	0.01571	0.02422	0.01047	0.01833	0.01244	0.01440	0.00851	0.00982	0.00786	0.00524	0.00393	0.00131	0.00655	0.00327	0.00262	0.00786
39	0.01269	0.01088	0.01269	0.00907	0.01451	0.00816	0.00725	0.01541	0.01269	0.01995	0.01088	0.01269	0.00907	0.00453	0.00453	0.00091	0.00453	0.00363	0.00363	0.82229
40	0.04599	0.02703	0.05080	0.01819	0.10515	0.61606	0.01297	0.02335	0.01654	0.01615	0.00974	0.01158	0.00806	0.00617	0.00554	0.00163	0.01031	0.00413	0.00313	0.00748
41	0.01523	0.01315	0.01384	0.01246	0.01592	0.01523	0.00969	0.03253	0.73563	0.02561	0.02491	0.02284	0.01869	0.00830	0.00623	0.00208	0.00484	0.00692	0.00623	0.00969
42	0.00890	0.00593	0.00668	0.00668	0.00668	0.00593	0.00371	0.00890	0.00890	0.01187	0.01929	0.04006	0.02225	0.78487	0.03116	0.00593	0.00593	0.00890	0.00371	0.00371
43	0.00746	0.00533	0.00710	0.00852	0.00888	0.00497	0.00568	0.00852	0.01172	0.01563	0.03374	0.78088	0.04049	0.01918	0.00781	0.00249	0.00355	0.01740	0.00568	0.00497
44	0.00746	0.00533	0.00710	0.00852	0.00888	0.00497	0.00568	0.00852	0.01172	0.01563	0.03374	0.78088	0.04049	0.01918	0.00781	0.00249	0.00355	0.01740	0.00568	0.00497
45	0.01637	0.78856	0.03208	0.01047	0.01571	0.02422	0.01047	0.01833	0.01244	0.01440	0.00851	0.00982	0.00786	0.00524	0.00393	0.00131	0.00655	0.00327	0.00262	0.00786
46	0.01269	0.01088	0.01269	0.00907	0.01451	0.00816	0.00725	0.01541	0.01269	0.01995	0.01088	0.01269	0.00907	0.00453	0.00453	0.00091	0.00453	0.00363	0.00363	0.82229
47	0.00746	0.00533	0.00710	0.00852	0.00888	0.00497	0.00568	0.00852	0.01172	0.01563	0.03374	0.78088	0.04049	0.01918	0.00781	0.00249	0.00355	0.01740	0.00568	0.00497
48	0.00754	0.00539	0.00720	0.00862	0.00901	0.00504	0.00583	0.00867	0.01180	0.01572	0.03369	0.75631	0.04030	0.01910	0.00784	0.00250	0.00362	0.04115	0.00568	0.00499
49	0.02501	0.03845	0.01653	0.01227	0.01705	0.01387	0.01018	0.32355	0.04108	0.40725	0.01967	0.01794	0.01301	0.00742	0.00607	0.00186	0.00589	0.00581	0.00677	0.01031
50	0.00746	0.00533	0.00710	0.00852	0.00888	0.00497	0.00568	0.00852	0.01172	0.01563	0.03374	0.78088	0.04049	0.01918	0.00781	0.00249	0.00355	0.01740	0.00568	0.00497
51	0.01515	0.01454	0.02485	0.03757	0.74669	0.01454	0.01879	0.01879	0.01394	0.02000	0.01151	0.01515	0.00970	0.00545	0.00606	0.00182	0.00727	0.00545	0.00303	0.00970
52	0.01269	0.01088	0.01269	0.00907	0.01451	0.00816	0.00725	0.01541	0.01269	0.01995	0.01088	0.01269	0.00907	0.00453	0.00453	0.00091	0.00453	0.00363	0.00363	0.82229
53	0.00866	0.00626	0.00818	0.00770	0.00914	0.00578	0.00578	0.01155	0.01733	0.02455	0.74346	0.04572	0.05776	0.01251	0.00722	0.00193	0.00289	0.01107	0.00674	0.00578
54	0.01191	0.01116	0.01881	0.66211	0.12055	0.01349	0.01696	0.01589	0.01249	0.01622	0.01168	0.01796	0.00924	0.00641	0.00619	0.00204	0.00798	0.02897	0.00285	0.00709
55	0.00901	0.00592	0.00663	0.00663	0.00670	0.00592	0.00373	0.00914	0.00908	0.01236	0.01932	0.03929	0.02196	0.75018	0.02996	0.00573	0.00580	0.00876	0.04007	0.00380
56	0.00746	0.00533	0.00710	0.00852	0.00888	0.00497	0.00568	0.00852	0.01172	0.01563	0.03374	0.78088	0.04049	0.01918	0.00781	0.00249	0.00355	0.01740	0.00568	0.00497
57	0.01228	0.03166	0.75316	0.01745	0.02649	0.01422	0.02262	0.01939	0.01292	0.01939	0.01099	0.01292	0.00775	0.00582	0.00582	0.00194	0.00905	0.00452	0.00258	0.00905
58	0.82811	0.01184	0.00900	0.00805	0.01184	0.01373	0.00663	0.01799	0.01042	0.02746	0.00852	0.00994	0.00663	0.00568	0.00379	0.00189	0.00474	0.00331	0.00379	0.00663
59	0.01301	0.16711	0.62412	0.01620	0.02456	0.01601	0.02044	0.01920	0.01284	0.01849	0.01054	0.01237	0.00777	0.00571	0.00548	0.00183	0.00860	0.00430	0.00259	0.00883
60	0.00746	0.00533	0.00710	0.00852	0.00888	0.00497	0.00568	0.00852	0.01172	0.01563	0.03374	0.78088	0.04049	0.01918	0.00781	0.00249	0.00355	0.01740	0.00568	0.00497
61	0.00728	0.00620	0.00626	0.00625	0.00829	0.00519	0.00469	0.00887	0.01406	0.01678	0.08276	0.05851	0.72331	0.01541	0.00723	0.00206	0.00309	0.01286	0.00572	0.00519
62	0.01339	0.01339	0.01875	0.01607	0.01607	0.01875	0.01339	0.01473	0.00937	0.01473	0.00804	0.01339	0.00804	0.01071	0.02009	0.00268	0.77367	0.00536	0.00268	0.00670
63	0.01637	0.78856	0.03208	0.01047	0.01571	0.02422	0.01047	0.01833	0.01244	0.01440	0.00851	0.00982	0.00786	0.00524	0.00393	0.00131	0.00655	0.00327	0.00262	0.00786
