[name]
unknown

[dist]
# distance from previous block
# <min> <max>
0	305

[block]
# block no. 0 follows, 36 sequences, length 55
# corresponding to MSA columns:
# 306-360
name=unknown_A
#
# <colnr> <probs for GDERKNQSTAVLIFYWHMCP>
#	G	D	E	R	K	N	Q	S	T	A	V	L	I	F	Y	W	H	M	C	P
0	0.01158	0.00855	0.01048	0.01143	0.01304	0.04992	0.00973	0.01418	0.01437	0.05222	0.03044	0.06280	0.03250	0.06299	0.00974	0.00295	0.00605	0.58555	0.00557	0.00593
1	0.05970	0.00805	0.00891	0.00833	0.01004	0.04917	0.00628	0.01291	0.01721	0.02461	0.65250	0.04229	0.05270	0.01195	0.00704	0.00194	0.00353	0.01037	0.00647	0.00601
2	0.00788	0.00580	0.00750	0.00856	0.00933	0.00526	0.00581	0.00909	0.01212	0.01621	0.03478	0.68941	0.08222	0.01844	0.00773	0.00241	0.00364	0.01663	0.00566	0.05151
3	0.01186	0.02801	0.62640	0.01632	0.02427	0.01318	0.02042	0.01826	0.01310	0.01920	0.01570	0.01935	0.05452	0.00938	0.04894	0.00248	0.00910	0.03790	0.00301	0.00860
4	0.02265	0.05386	0.01929	0.05715	0.02051	0.06444	0.01211	0.60544	0.02684	0.03531	0.01411	0.01459	0.01019	0.00724	0.00609	0.00184	0.00720	0.00540	0.00568	0.01006
5	0.01465	0.01340	0.04762	0.01213	0.01571	0.01427	0.00985	0.02996	0.61231	0.02507	0.02654	0.02487	0.05942	0.00868	0.00626	0.00207	0.00491	0.00720	0.05576	0.00932
6	0.06090	0.00784	0.01060	0.05419	0.01461	0.00802	0.01009	0.01414	0.01417	0.05319	0.03053	0.06100	0.04730	0.01541	0.00804	0.00270	0.00575	0.56991	0.00555	0.00608
7	0.00804	0.00646	0.00693	0.00682	0.00876	0.00552	0.00504	0.00938	0.01351	0.01658	0.07063	0.07327	0.56585	0.05933	0.00971	0.05238	0.00360	0.02954	0.00541	0.04325
8	0.01361	0.00773	0.00794	0.00722	0.00925	0.00804	0.00559	0.13137	0.01575	0.02588	0.01944	0.02186	0.01508	0.00730	0.00467	0.00152	0.00356	0.00577	0.68182	0.00660
9	0.00882	0.00623	0.00787	0.00761	0.00863	0.00588	0.00532	0.01088	0.01508	0.02111	0.51204	0.08460	0.04836	0.21464	0.01377	0.00306	0.00379	0.01104	0.00599	0.00528
10	0.01666	0.78478	0.03265	0.01066	0.01599	0.02465	0.01066	0.01866	0.01266	0.01466	0.00866	0.00999	0.00800	0.00533	0.00400	0.00133	0.00666	0.00333	0.00267	0.00800
11	0.02327	0.02970	0.01766	0.01605	0.01926	0.75602	0.01204	0.02488	0.01766	0.01525	0.00963	0.01124	0.00803	0.00642	0.00562	0.00161	0.01124	0.00401	0.00321	0.00722
12	0.02368	0.01745	0.01870	0.01434	0.01932	0.01932	0.01184	0.72139	0.02929	0.03927	0.01496	0.01496	0.01060	0.00748	0.00623	0.00187	0.00686	0.00561	0.00623	0.01060
13	0.01666	0.78478	0.03265	0.01066	0.01599	0.02465	0.01066	0.01866	0.01266	0.01466	0.00866	0.00999	0.00800	0.00533	0.00400	0.00133	0.00666	0.00333	0.00267	0.00800
14	0.00892	0.00660	0.00961	0.00961	0.01058	0.00757	0.00729	0.01087	0.00989	0.01417	0.01706	0.02652	0.01646	0.13857	0.66571	0.00952	0.01536	0.00697	0.00339	0.00534
15	0.01152	0.01022	0.01850	0.01615	0.01913	0.00989	0.23459	0.01514	0.01446	0.01906	0.02654	0.05336	0.02750	0.01343	0.00821	0.00263	0.00725	0.48094	0.00492	0.00658
16	0.01177	0.01107	0.01869	0.76606	0.04291	0.01384	0.01730	0.01592	0.01246	0.01592	0.01107	0.01661	0.00831	0.00623	0.00623	0.00208	0.00831	0.00554	0.00277	0.00692
17	0.02327	0.02970	0.01766	0.01605	0.01926	0.75602	0.01204	0.02488	0.01766	0.01525	0.00963	0.01124	0.00803	0.00642	0.00562	0.00161	0.01124	0.00401	0.00321	0.00722
18	0.82504	0.01205	0.00916	0.00819	0.01205	0.01398	0.00675	0.01832	0.01060	0.02795	0.00868	0.01012	0.00675	0.00578	0.00386	0.00193	0.00482	0.00337	0.00386	0.00675
19	0.01666	0.78478	0.03265	0.01066	0.01599	0.02465	0.01066	0.01866	0.01266	0.01466	0.00866	0.00999	0.00800	0.00533	0.00400	0.00133	0.00666	0.00333	0.00267	0.00800
20	0.00901	0.00624	0.00781	0.00781	0.00817	0.00659	0.00505	0.00971	0.00936	0.01284	0.01870	0.03562	0.02041	0.54864	0.26105	0.00730	0.00941	0.00831	0.00364	0.00434
21	0.00930	0.00661	0.00805	0.00850	0.00925	0.00648	0.00570	0.06418	0.01297	0.01735	0.07735	0.45480	0.05539	0.21778	0.01399	0.00335	0.00444	0.01394	0.00536	0.00521
22	0.01292	0.01107	0.01292	0.00923	0.01477	0.00831	0.00738	0.01569	0.01292	0.02030	0.01107	0.01292	0.00923	0.00461	0.00461	0.00092	0.00461	0.00369	0.00369	0.81912
23	0.01550	0.01338	0.01409	0.01268	0.01620	0.01550	0.00986	0.03311	0.73091	0.02606	0.02536	0.02325	0.01902	0.00845	0.00634	0.00211	0.00493	0.00704	0.00634	0.00986
24	0.01177	0.01107	0.01869	0.76606	0.04291	0.01384	0.01730	0.01592	0.01246	0.01592	0.01107	0.01661	0.00831	0.00623	0.00623	0.00208	0.00831	0.00554	0.00277	0.00692
25	0.00759	0.00542	0.00723	0.00868	0.00904	0.00506	0.00578	0.00868	0.01193	0.01591	0.03434	0.77697	0.04121	0.01952	0.00795	0.00253	0.00361	0.01771	0.00578	0.00506
26	0.01665	0.01915	0.02896	0.07990	0.02878	0.19508	0.44099	0.04759	0.01579	0.01914	0.01363	0.01688	0.03466	0.00607	0.00680	0.00197	0.01011	0.00654	0.00335	0.00798
27	0.02442	0.00982	0.01333	0.01049	0.01469	0.00855	0.00855	0.02693	0.01780	0.61323	0.15650	0.02589	0.02343	0.00864	0.00647	0.00193	0.00487	0.00719	0.00755	0.00973
28	0.01471	0.01681	0.03676	0.02626	0.03256	0.01576	0.71954	0.01996	0.01471	0.01996	0.01261	0.01681	0.00945	0.00525	0.00735	0.00210	0.01050	0.00735	0.00315	0.00840
29	0.01463	0.01724	0.08803	0.05491	0.23219	0.01532	0.44387	0.01956	0.01436	0.01991	0.01219	0.01613	0.00941	0.00542	0.00687	0.00202	0.00945	0.00657	0.00308	0.00883
30	0.01628	0.71683	0.09731	0.01130	0.01698	0.02373	0.01178	0.01875	0.01270	0.01512	0.00889	0.01028	0.00799	0.00538	0.00417	0.00139	0.00689	0.00345	0.00266	0.00811
31	0.28022	0.01106	0.01278	0.01017	0.01468	0.01068	0.00839	0.02655	0.01554	0.51908	0.01955	0.01770	0.01268	0.00710	0.00550	0.00193	0.00515	0.00535	0.00649	0.00938
32	0.00847	0.00636	0.00785	0.00747	0.00910	0.00573	0.00561	0.01109	0.01682	0.02304	0.57747	0.04975	0.22142	0.01346	0.00735	0.00199	0.00299	0.01172	0.00660	0.00573
33	0.02238	0.02825	0.01774	0.07412	0.02109	0.69855	0.01245	0.02419	0.01725	0.01530	0.00974	0.01165	0.00805	0.00641	0.00567	0.00164	0.01101	0.00413	0.00318	0.00720
34	0.00770	0.00547	0.00720	0.00853	0.00886	0.00514	0.00563	0.00871	0.01171	0.01561	0.03320	0.71996	0.03977	0.07848	0.00979	0.00280	0.00380	0.01704	0.00563	0.00496
35	0.00874	0.00633	0.00824	0.00783	0.00928	0.00583	0.00585	0.01157	0.01733	0.02443	0.69512	0.07512	0.07474	0.01307	0.00737	0.00199	0.00297	0.01156	0.00679	0.00583
36	0.01255	0.00671	0.00681	0.00647	0.00819	0.00685	0.00494	0.06925	0.01432	0.02447	0.01991	0.02259	0.01555	0.00728	0.00450	0.00148	0.00321	0.00579	0.75295	0.00618
37	0.01186	0.01101	0.01495	0.01364	0.01403	0.01437	0.01086	0.01440	0.06615	0.01614	0.01779	0.25596	0.01947	0.01344	0.01540	0.00262	0.46799	0.00946	0.00397	0.00650
38	0.02173	0.01648	0.01760	0.01394	0.01858	0.01841	0.01137	0.55699	0.19688	0.03611	0.01744	0.01694	0.01261	0.00771	0.00626	0.00193	0.00640	0.00595	0.00626	0.01042
39	0.01532	0.01470	0.02511	0.05817	0.72302	0.01478	0.01907	0.01903	0.01414	0.02023	0.01170	0.01545	0.00983	0.00557	0.00617	0.00186	0.00743	0.00555	0.00308	0.00979
40	0.01231	0.01016	0.01130	0.01075	0.01316	0.01118	0.00810	0.02317	0.42457	0.02323	0.14488	0.20245	0.05480	0.01195	0.00691	0.00218	0.00424	0.01040	0.00628	0.00795
41	0.01269	0.01157	0.01869	0.70785	0.04109	0.01427	0.01688	0.07054	0.01376	0.01773	0.01137	0.01648	0.00848	0.00633	0.00623	0.00206	0.00819	0.00554	0.00304	0.00721
42	0.02284	0.01587	0.01741	0.01359	0.01820	0.01726	0.01112	0.60083	0.02687	0.10436	0.01737	0.07455	0.01342	0.00843	0.00637	0.00193	0.00646	0.00661	0.00634	0.01017
43	0.02327	0.02970	0.01766	0.01605	0.01926	0.75602	0.01204	0.02488	0.01766	0.01525	0.00963	0.01124	0.00803	0.00642	0.00562	0.00161	0.01124	0.00401	0.00321	0.00722
44	0.01342	0.01106	0.01297	0.00929	0.01480	0.00833	0.00744	0.01618	0.01308	0.04467	0.01153	0.01320	0.00944	0.00472	0.00467	0.00096	0.00464	0.00378	0.00383	0.79199
45	0.01250	0.03223	0.74875	0.01776	0.02697	0.01447	0.02302	0.01973	0.01315	0.01973	0.01118	0.01315	0.00789	0.00592	0.00592	0.00197	0.00921	0.00460	0.00263	0.00921
46	0.02327	0.02970	0.01766	0.01605	0.01926	0.75602	0.01204	0.02488	0.01766	0.01525	0.00963	0.01124	0.00803	0.00642	0.00562	0.00161	0.01124	0.00401	0.00321	0.00722
47	0.02327	0.02970	0.01766	0.01605	0.01926	0.75602	0.01204	0.02488	0.01766	0.01525	0.00963	0.01124	0.00803	0.00642	0.00562	0.00161	0.01124	0.00401	0.00321	0.00722
48	0.00882	0.00637	0.00833	0.00784	0.00931	0.00588	0.00588	0.01176	0.01764	0.02499	0.73888	0.04654	0.05879	0.01274	0.00735	0.00196	0.00294	0.01127	0.00686	0.00588
49	0.82504	0.01205	0.00916	0.00819	0.01205	0.01398	0.00675	0.01832	0.01060	0.02795	0.00868	0.01012	0.00675	0.00578	0.00386	0.00193	0.00482	0.00337	0.00386	0.00675
50	0.00759	0.00542	0.00723	0.00868	0.00904	0.00506	0.00578	0.00868	0.01193	0.01591	0.03434	0.77697	0.04121	0.01952	0.00795	0.00253	0.00361	0.01771	0.00578	0.00506
51	0.00822	0.00617	0.00776	0.00879	0.00995	0.00571	0.00668	0.00994	0.01325	0.01694	0.04212	0.37491	0.23783	0.01781	0.00797	0.00250	0.00408	0.20828	0.00577	0.00531
52	0.01550	0.01338	0.01409	0.01268	0.01620	0.01550	0.00986	0.03311	0.73091	0.02606	0.02536	0.02325	0.01902	0.00845	0.00634	0.00211	0.00493	0.00704	0.00634	0.00986
53	0.00782	0.00565	0.00749	0.00881	0.00938	0.00532	0.00613	0.00911	0.01219	0.01614	0.03532	0.65762	0.07895	0.01993	0.03003	0.00275	0.00415	0.07239	0.00571	0.00514
54	0.02684	0.01240	0.01557	0.01194	0.01680	0.01182	0.00986	0.21128	0.02083	0.56132	0.02206	0.01957	0.01416	0.00765	0.00626	0.00191	0.00571	0.00609	0.00732	0.01060

[dist]
# distance from previous block
# <min> <max>
0	6

[block]
# block no. 1 follows, 36 sequences, length 91
# corresponding to MSA columns:
# 367-457
name=unknown_B
#
# <colnr> <probs for GDERKNQSTAVLIFYWHMCP>
#	G	D	E	R	K	N	Q	S	T	A	V	L	I	F	Y	W	H	M	C	P
0	0.02059	0.04684	0.01729	0.01533	0.03575	0.45667	0.01151	0.06392	0.23001	0.01984	0.01461	0.01507	0.01147	0.00703	0.00583	0.00177	0.00890	0.00501	0.00428	0.00827
1	0.00935	0.00693	0.00879	0.00823	0.00986	0.00665	0.00620	0.01347	0.07490	0.02507	0.68159	0.04467	0.05560	0.01239	0.00727	0.00197	0.00310	0.01093	0.00682	0.00620
2	0.01290	0.02966	0.64523	0.01745	0.02594	0.01462	0.04277	0.02123	0.09315	0.02044	0.01280	0.01439	0.00918	0.00618	0.00601	0.00199	0.00877	0.00496	0.00306	0.00926
3	0.00882	0.00637	0.00833	0.00784	0.00931	0.00588	0.00588	0.01176	0.01764	0.02499	0.73888	0.04654	0.05879	0.01274	0.00735	0.00196	0.00294	0.01127	0.00686	0.00588
4	0.00759	0.00542	0.00723	0.00868	0.00904	0.00506	0.00578	0.00868	0.01193	0.01591	0.03434	0.77697	0.04121	0.01952	0.00795	0.00253	0.00361	0.01771	0.00578	0.00506
5	0.02674	0.01120	0.01470	0.01132	0.01603	0.01016	0.00933	0.10662	0.01910	0.63991	0.05103	0.02149	0.01656	0.00788	0.00630	0.00192	0.00538	0.00639	0.00751	0.01042
6	0.01550	0.01338	0.01409	0.01268	0.01620	0.01550	0.00986	0.03311	0.73091	0.02606	0.02536	0.02325	0.01902	0.00845	0.00634	0.00211	0.00493	0.00704	0.00634	0.00986
7	0.00775	0.00549	0.00718	0.00847	0.00879	0.00517	0.00556	0.00872	0.01161	0.01548	0.03270	0.69496	0.03914	0.10435	0.01060	0.00292	0.00389	0.01675	0.00556	0.00492
8	0.01459	0.01260	0.01322	0.01197	0.01533	0.01436	0.00929	0.03042	0.65108	0.02504	0.02957	0.02734	0.09929	0.00927	0.00645	0.00211	0.00473	0.00772	0.00628	0.00935
9	0.02224	0.01674	0.01789	0.01404	0.01877	0.01865	0.01149	0.60014	0.15289	0.03694	0.01679	0.01642	0.01208	0.00765	0.00625	0.00191	0.00652	0.00586	0.00625	0.01047
10	0.01666	0.78478	0.03265	0.01066	0.01599	0.02465	0.01066	0.01866	0.01266	0.01466	0.00866	0.00999	0.00800	0.00533	0.00400	0.00133	0.00666	0.00333	0.00267	0.00800
11	0.00939	0.00649	0.00851	0.00793	0.00950	0.00598	0.00598	0.01231	0.01764	0.04638	0.71770	0.04579	0.05750	0.01259	0.00732	0.00196	0.00301	0.01112	0.00688	0.00602
12	0.73453	0.01430	0.09154	0.00926	0.01371	0.01403	0.00856	0.01847	0.01089	0.02704	0.00895	0.01046	0.00688	0.00580	0.00409	0.00193	0.00531	0.00351	0.00372	0.00702
13	0.01217	0.01149	0.01942	0.68499	0.12080	0.01395	0.01751	0.01628	0.01265	0.01641	0.01115	0.01648	0.00848	0.00615	0.00622	0.00205	0.00820	0.00554	0.00280	0.00725
14	0.00739	0.00621	0.00641	0.00658	0.00848	0.00524	0.00485	0.00891	0.01395	0.01673	0.05991	0.13983	0.66184	0.01620	0.00743	0.00215	0.00321	0.01366	0.00579	0.00524
15	0.00829	0.00591	0.00766	0.00881	0.00942	0.00564	0.00625	0.00958	0.01208	0.01590	0.03332	0.48671	0.07419	0.13675	0.01173	0.00312	0.00438	0.14982	0.00546	0.00500
16	0.02276	0.01716	0.01943	0.01700	0.09984	0.01882	0.01265	0.64316	0.02761	0.03716	0.01460	0.01501	0.01051	0.00726	0.00623	0.00187	0.00692	0.00560	0.00588	0.01051
17	0.01542	0.01480	0.02529	0.03824	0.74217	0.01480	0.01912	0.01912	0.01419	0.02036	0.01172	0.01542	0.00987	0.00555	0.00617	0.00185	0.00740	0.00555	0.00308	0.00987
18	0.00806	0.00576	0.00777	0.00921	0.00978	0.00546	0.00660	0.00948	0.01239	0.01643	0.03408	0.64223	0.04019	0.01908	0.00808	0.00259	0.00402	0.14784	0.00577	0.00519
19	0.01342	0.01335	0.01904	0.09987	0.01932	0.01850	0.01404	0.01510	0.00987	0.01510	0.00850	0.01396	0.00819	0.01038	0.01886	0.00265	0.68482	0.00546	0.00273	0.00683
20	0.03648	0.09776	0.02342	0.10491	0.04068	0.01295	0.28674	0.01558	0.01317	0.01782	0.01896	0.26467	0.01948	0.01007	0.00691	0.00214	0.00732	0.00992	0.00393	0.00708
21	0.00853	0.00626	0.00800	0.00778	0.00919	0.00573	0.00575	0.01113	0.01665	0.02315	0.59223	0.12926	0.12551	0.01380	0.00742	0.00204	0.00304	0.01218	0.00663	0.00573
22	0.01549	0.01958	0.11384	0.02403	0.03036	0.07519	0.55788	0.04735	0.01533	0.02030	0.01230	0.01588	0.00921	0.00551	0.00701	0.00204	0.01028	0.00671	0.00322	0.00848
23	0.01292	0.01107	0.01292	0.00923	0.01477	0.00831	0.00738	0.01569	0.01292	0.02030	0.01107	0.01292	0.00923	0.00461	0.00461	0.00092	0.00461	0.00369	0.00369	0.81912
24	0.02039	0.08222	0.02283	0.02045	0.13285	0.43520	0.12063	0.03903	0.01656	0.03742	0.01087	0.01300	0.00879	0.00609	0.00588	0.00171	0.00992	0.00481	0.00333	0.00804
25	0.82504	0.01205	0.00916	0.00819	0.01205	0.01398	0.00675	0.01832	0.01060	0.02795	0.00868	0.01012	0.00675	0.00578	0.00386	0.00193	0.00482	0.00337	0.00386	0.00675
26	0.01913	0.13736	0.13153	0.01620	0.05350	0.39616	0.01365	0.02353	0.09528	0.01728	0.01153	0.01296	0.00932	0.00651	0.00599	0.00172	0.03248	0.00446	0.00337	0.00805
27	0.00754	0.00613	0.00670	0.00707	0.00872	0.00529	0.00518	0.00909	0.01378	0.01693	0.07744	0.22974	0.53122	0.01661	0.00754	0.00222	0.00333	0.03439	0.00582	0.00525
28	0.02238	0.02531	0.01643	0.01465	0.01793	0.57899	0.01113	0.08834	0.01829	0.05261	0.01188	0.01323	0.00939	0.00666	0.00558	0.00163	0.00973	0.00444	0.08384	0.00755
29	0.00776	0.00557	0.00732	0.00847	0.00900	0.00518	0.00572	0.00904	0.01256	0.01685	0.11325	0.65887	0.06163	0.03658	0.00843	0.00254	0.00358	0.01667	0.00586	0.00513
30	0.00852	0.00675	0.00909	0.00918	0.01030	0.00662	0.02783	0.01031	0.01363	0.01827	0.19728	0.38566	0.16978	0.01621	0.00856	0.00233	0.05598	0.03243	0.00574	0.00552
31	0.01550	0.01338	0.01409	0.01268	0.01620	0.01550	0.00986	0.03311	0.73091	0.02606	0.02536	0.02325	0.01902	0.00845	0.00634	0.00211	0.00493	0.00704	0.00634	0.00986
32	0.82504	0.01205	0.00916	0.00819	0.01205	0.01398	0.00675	0.01832	0.01060	0.02795	0.00868	0.01012	0.00675	0.00578	0.00386	0.00193	0.00482	0.00337	0.00386	0.00675
33	0.00758	0.00625	0.00666	0.00671	0.00859	0.00533	0.00498	0.00931	0.01449	0.01788	0.15357	0.11569	0.59010	0.01566	0.00741	0.00212	0.00316	0.01326	0.00593	0.00533
34	0.01177	0.01107	0.01869	0.76606	0.04291	0.01384	0.01730	0.01592	0.01246	0.01592	0.01107	0.01661	0.00831	0.00623	0.00623	0.00208	0.00831	0.00554	0.00277	0.00692
35	0.00753	0.00632	0.00654	0.00648	0.00852	0.00533	0.00486	0.00926	0.01458	0.01774	0.13839	0.05847	0.66380	0.01544	0.00736	0.00209	0.00313	0.01294	0.00591	0.00533
36	0.02795	0.01060	0.01446	0.01109	0.01591	0.00916	0.00916	0.03036	0.01783	0.74648	0.02458	0.02121	0.01542	0.00771	0.00627	0.00193	0.00530	0.00627	0.00771	0.01060
37	0.01375	0.01399	0.02105	0.01746	0.01816	0.01871	0.09226	0.01555	0.01012	0.01555	0.00867	0.01399	0.00832	0.01028	0.01899	0.00266	0.68507	0.00566	0.00277	0.00699
38	0.00759	0.00542	0.00723	0.00868	0.00904	0.00506	0.00578	0.00868	0.01193	0.01591	0.03434	0.77697	0.04121	0.01952	0.00795	0.00253	0.00361	0.01771	0.00578	0.00506
39	0.02227	0.00934	0.01264	0.01012	0.01394	0.00818	0.00818	0.02483	0.01777	0.53206	0.23687	0.02874	0.02831	0.00921	0.00659	0.00194	0.00460	0.00775	0.00746	0.00920
40	0.00759	0.00542	0.00723	0.00868	0.00904	0.00506	0.00578	0.00868	0.01193	0.01591	0.03434	0.77697	0.04121	0.01952	0.00795	0.00253	0.00361	0.01771	0.00578	0.00506
41	0.01542	0.01480	0.02529	0.03824	0.74217	0.01480	0.01912	0.01912	0.01419	0.02036	0.01172	0.01542	0.00987	0.00555	0.00617	0.00185	0.00740	0.00555	0.00308	0.00987
42	0.01363	0.01363	0.01908	0.01636	0.01636	0.01908	0.01363	0.01499	0.00954	0.01499	0.00818	0.01363	0.00818	0.01091	0.02045	0.00273	0.76963	0.00545	0.00273	0.00682
43	0.01177	0.01107	0.01869	0.76606	0.04291	0.01384	0.01730	0.01592	0.01246	0.01592	0.01107	0.01661	0.00831	0.00623	0.00623	0.00208	0.00831	0.00554	0.00277	0.00692
44	0.01471	0.01681	0.03676	0.02626	0.03256	0.01576	0.71954	0.01996	0.01471	0.01996	0.01261	0.01681	0.00945	0.00525	0.00735	0.00210	0.01050	0.00735	0.00315	0.00840
45	0.82504	0.01205	0.00916	0.00819	0.01205	0.01398	0.00675	0.01832	0.01060	0.02795	0.00868	0.01012	0.00675	0.00578	0.00386	0.00193	0.00482	0.00337	0.00386	0.00675
46	0.01501	0.01439	0.02455	0.11932	0.66428	0.01470	0.01892	0.01876	0.01399	0.01986	0.01165	0.01555	0.00970	0.00563	0.00618	0.00188	0.00750	0.00555	0.00305	0.00954
47	0.02327	0.02970	0.01766	0.01605	0.01926	0.75602	0.01204	0.02488	0.01766	0.01525	0.00963	0.01124	0.00803	0.00642	0.00562	0.00161	0.01124	0.00401	0.00321	0.00722
48	0.01363	0.01363	0.01908	0.01636	0.01636	0.01908	0.01363	0.01499	0.00954	0.01499	0.00818	0.01363	0.00818	0.01091	0.02045	0.00273	0.76963	0.00545	0.00273	0.00682
49	0.01501	0.01439	0.02455	0.11932	0.66428	0.01470	0.01892	0.01876	0.01399	0.01986	0.01165	0.01555	0.00970	0.00563	0.00618	0.00188	0.00750	0.00555	0.00305	0.00954
50	0.01004	0.00717	0.01004	0.01147	0.01291	0.00717	0.01004	0.01291	0.01434	0.01865	0.03299	0.07028	0.03586	0.01721	0.00861	0.00287	0.00574	0.70023	0.00574	0.00574
51	0.01177	0.01107	0.01869	0.76606	0.04291	0.01384	0.01730	0.01592	0.01246	0.01592	0.01107	0.01661	0.00831	0.00623	0.00623	0.00208	0.00831	0.00554	0.00277	0.00692
52	0.00736	0.00631	0.00631	0.00631	0.00842	0.00526	0.00473	0.00894	0.01420	0.01683	0.06312	0.05996	0.73964	0.01578	0.00736	0.00210	0.00316	0.01315	0.00579	0.00526
53	0.00882	0.00637	0.00833	0.00784	0.00931	0.00588	0.00588	0.01176	0.01764	0.02499	0.73888	0.04654	0.05879	0.01274	0.00735	0.00196	0.00294	0.01127	0.00686	0.00588
54	0.01594	0.00790	0.01057	0.00911	0.01177	0.00706	0.00711	0.01856	0.01736	0.29579	0.42646	0.08238	0.04139	0.01127	0.00698	0.00198	0.00387	0.00979	0.00711	0.00761
55	0.00906	0.00604	0.00680	0.00680	0.00680	0.00604	0.00378	0.00906	0.00906	0.01208	0.01963	0.04077	0.02265	0.78103	0.03171	0.00604	0.00604	0.00906	0.00378	0.00378
56	0.00864	0.00636	0.00808	0.00765	0.00920	0.00580	0.00574	0.01142	0.01722	0.02400	0.65701	0.04817	0.14128	0.01311	0.00735	0.00198	0.00297	0.01150	0.00673	0.00580
57	0.82504	0.01205	0.00916	0.00819	0.01205	0.01398	0.00675	0.01832	0.01060	0.02795	0.00868	0.01012	0.00675	0.00578	0.00386	0.00193	0.00482	0.00337	0.00386	0.00675
58	0.02368	0.01745	0.01870	0.01434	0.01932	0.01932	0.01184	0.72139	0.02929	0.03927	0.01496	0.01496	0.01060	0.00748	0.00623	0.00187	0.00686	0.00561	0.00623	0.01060
59	0.01292	0.01107	0.01292	0.00923	0.01477	0.00831	0.00738	0.01569	0.01292	0.02030	0.01107	0.01292	0.00923	0.00461	0.00461	0.00092	0.00461	0.00369	0.00369	0.81912
60	0.00793	0.00615	0.00722	0.00733	0.00886	0.00544	0.00536	0.00990	0.01499	0.01959	0.30125	0.19833	0.35442	0.01543	0.00748	0.00214	0.00317	0.01338	0.00617	0.00544
61	0.04903	0.06309	0.19961	0.01915	0.11958	0.16221	0.09832	0.04021	0.03628	0.11011	0.01323	0.01491	0.00990	0.00741	0.02837	0.00210	0.00876	0.00519	0.00378	0.00877
62	0.01503	0.01255	0.01287	0.01145	0.01407	0.08672	0.00893	0.08662	0.19181	0.08100	0.09447	0.09214	0.15951	0.01109	0.00823	0.00211	0.08921	0.00882	0.00562	0.00774
63	0.01481	0.43858	0.34013	0.01418	0.02120	0.02001	0.03738	0.01916	0.01293	0.01700	0.00986	0.01156	0.00800	0.00558	0.00492	0.00163	0.00787	0.00400	0.00267	0.00853
64	0.01316	0.05820	0.59564	0.02104	0.15063	0.01492	0.02187	0.01958	0.01331	0.01964	0.01118	0.01343	0.00824	0.00583	0.00589	0.00193	0.00880	0.00472	0.00271	0.00928
65	0.14220	0.01364	0.02193	0.07187	0.40459	0.01382	0.09359	0.01988	0.01409	0.10057	0.03641	0.01647	0.01144	0.00606	0.00599	0.00192	0.00703	0.00568	0.00382	0.00899
66	0.01317	0.15340	0.63345	0.01662	0.02520	0.01611	0.02103	0.01956	0.01307	0.01891	0.01078	0.01265	0.00791	0.00582	0.00561	0.00187	0.00880	0.00440	0.00264	0.00901
67	0.00876	0.00582	0.00782	0.00904	0.00971	0.00544	0.00633	0.01007	0.01242	0.05004	0.03376	0.67690	0.03952	0.01876	0.00793	0.00253	0.00389	0.07997	0.00587	0.00538
68	0.00932	0.01085	0.13661	0.00942	0.01229	0.00731	0.00875	0.01289	0.01655	0.02334	0.55143	0.04196	0.11161	0.01183	0.00710	0.00198	0.00405	0.01028	0.00603	0.00640
69	0.01542	0.01480	0.02529	0.03824	0.74217	0.01480	0.01912	0.01912	0.01419	0.02036	0.01172	0.01542	0.00987	0.00555	0.00617	0.00185	0.00740	0.00555	0.00308	0.00987
70	0.00834	0.00661	0.01032	0.01052	0.01150	0.00618	0.08047	0.00986	0.01222	0.01633	0.03207	0.69743	0.03789	0.01803	0.00789	0.00249	0.00434	0.01663	0.00551	0.00541
71	0.02795	0.01060	0.01446	0.01109	0.01591	0.00916	0.00916	0.03036	0.01783	0.74648	0.02458	0.02121	0.01542	0.00771	0.00627	0.00193	0.00530	0.00627	0.00771	0.01060
72	0.01542	0.01480	0.02529	0.03824	0.74217	0.01480	0.01912	0.01912	0.01419	0.02036	0.01172	0.01542	0.00987	0.00555	0.00617	0.00185	0.00740	0.00555	0.00308	0.00987
73	0.01265	0.01197	0.02028	0.59070	0.21139	0.01407	0.01774	0.01669	0.01287	0.01699	0.01123	0.01632	0.00868	0.00607	0.00621	0.00202	0.00809	0.00554	0.00284	0.00763
74	0.00759	0.00542	0.00723	0.00868	0.00904	0.00506	0.00578	0.00868	0.01193	0.01591	0.03434	0.77697	0.04121	0.01952	0.00795	0.00253	0.00361	0.01771	0.00578	0.00506
75	0.01542	0.01480	0.02529	0.03824	0.74217	0.01480	0.01912	0.01912	0.01419	0.02036	0.01172	0.01542	0.00987	0.00555	0.00617	0.00185	0.00740	0.00555	0.00308	0.00987
76	0.01542	0.01480	0.02529	0.03824	0.74217	0.01480	0.01912	0.01912	0.01419	0.02036	0.01172	0.01542	0.00987	0.00555	0.00617	0.00185	0.00740	0.00555	0.00308	0.00987
77	0.01250	0.03223	0.74875	0.01776	0.02697	0.01447	0.02302	0.01973	0.01315	0.01973	0.01118	0.01315	0.00789	0.00592	0.00592	0.00197	0.00921	0.00460	0.00263	0.00921
78	0.01542	0.01480	0.02529	0.03824	0.74217	0.01480	0.01912	0.01912	0.01419	0.02036	0.01172	0.01542	0.00987	0.00555	0.00617	0.00185	0.00740	0.00555	0.00308	0.00987
79	0.00882	0.00637	0.00833	0.00784	0.00931	0.00588	0.00588	0.01176	0.01764	0.02499	0.73888	0.04654	0.05879	0.01274	0.00735	0.00196	0.00294	0.01127	0.00686	0.00588
80	0.02273	0.02825	0.01723	0.01561	0.01882	0.69588	0.01175	0.04151	0.03710	0.01636	0.01050	0.01201	0.00862	0.00653	0.00561	0.00162	0.01071	0.00419	0.02764	0.00733
81	0.00908	0.00632	0.00809	0.00765	0.00912	0.00587	0.00574	0.01202	0.01721	0.02482	0.67187	0.04437	0.05480	0.01223	0.00707	0.00191	0.00294	0.01076	0.08228	0.00587
82	0.01666	0.78478	0.03265	0.01066	0.01599	0.02465	0.01066	0.01866	0.01266	0.01466	0.00866	0.00999	0.00800	0.00533	0.00400	0.00133	0.00666	0.00333	0.00267	0.00800
83	0.00780	0.00630	0.00694	0.00683	0.00870	0.00544	0.00510	0.00977	0.01515	0.01922	0.26249	0.07708	0.51736	0.01499	0.00738	0.00207	0.00311	0.01273	0.00610	0.00544
84	0.00830	0.00635	0.00761	0.00729	0.00899	0.00566	0.00547	0.01075	0.01641	0.02207	0.49758	0.05133	0.30190	0.01382	0.00735	0.00201	0.00302	0.01194	0.00648	0.00566
85	0.02363	0.01919	0.01855	0.01458	0.01931	0.12364	0.01187	0.62276	0.02765	0.03587	0.01420	0.01443	0.01023	0.00733	0.00615	0.00183	0.00748	0.00538	0.00580	0.01012
86	0.00900	0.00602	0.00681	0.00687	0.00688	0.00600	0.00385	0.00905	0.00917	0.01223	0.02020	0.06914	0.02337	0.75169	0.03080	0.00591	0.00595	0.00939	0.00385	0.00382
87	0.82504	0.01205	0.00916	0.00819	0.01205	0.01398	0.00675	0.01832	0.01060	0.02795	0.00868	0.01012	0.00675	0.00578	0.00386	0.00193	0.00482	0.00337	0.00386	0.00675
88	0.01373	0.25588	0.53593	0.01565	0.02370	0.01750	0.01935	0.01941	0.01301	0.01822	0.01043	0.01222	0.00792	0.00574	0.00535	0.00178	0.00845	0.00423	0.00264	0.00885
89	0.01363	0.17103	0.39456	0.01598	0.02171	0.01779	0.01786	0.01812	0.01199	0.01735	0.00981	0.01269	0.00800	0.00729	0.00987	0.00207	0.23471	0.00461	0.00267	0.00826
90	0.10010	0.01316	0.03424	0.01321	0.01729	0.01311	0.11030	0.24231	0.03483	0.09718	0.08769	0.04849	0.09836	0.02634	0.00708	0.00211	0.00611	0.03425	0.00553	0.00831

[dist]
# distance from previous block
# <min> <max>
0	4

[block]
# block no. 2 follows, 36 sequences, length 16
# corresponding to MSA columns:
# 462-477
name=unknown_C
#
# <colnr> <probs for GDERKNQSTAVLIFYWHMCP>
#	G	D	E	R	K	N	Q	S	T	A	V	L	I	F	Y	W	H	M	C	P
0	0.01465	0.01584	0.10139	0.01739	0.17383	0.10640	0.01225	0.08920	0.05600	0.04185	0.13359	0.02884	0.16420	0.00927	0.00651	0.00192	0.00632	0.00775	0.00479	0.00802
1	0.02327	0.02970	0.01766	0.01605	0.01926	0.75602	0.01204	0.02488	0.01766	0.01525	0.00963	0.01124	0.00803	0.00642	0.00562	0.00161	0.01124	0.00401	0.00321	0.00722
2	0.02197	0.02687	0.01694	0.01531	0.01857	0.63265	0.01156	0.05058	0.08344	0.01718	0.01329	0.01432	0.03677	0.00700	0.00577	0.00168	0.01019	0.00469	0.00371	0.00751
3	0.01380	0.25578	0.44716	0.01462	0.02224	0.01680	0.01747	0.01893	0.01298	0.01828	0.01041	0.01218	0.00808	0.00559	0.00519	0.00166	0.00790	0.00411	0.00277	0.10406
4	0.00890	0.00682	0.00827	0.00839	0.00987	0.00653	0.00617	0.01252	0.08612	0.02078	0.31775	0.25200	0.17910	0.01494	0.00746	0.00219	0.00346	0.03654	0.00626	0.00592
5	0.00778	0.00550	0.00717	0.00843	0.00874	0.00519	0.00552	0.00873	0.01155	0.01540	0.03240	0.67998	0.03876	0.11984	0.01108	0.00299	0.00393	0.01657	0.00552	0.00489
6	0.01582	0.01410	0.01522	0.01325	0.01686	0.05026	0.04560	0.07174	0.57002	0.02570	0.05098	0.02386	0.04146	0.00852	0.00642	0.00207	0.00550	0.00718	0.00603	0.00942
7	0.04960	0.01288	0.01518	0.01206	0.01655	0.01311	0.00983	0.21830	0.14849	0.37773	0.04502	0.02034	0.01589	0.00788	0.00623	0.00195	0.00557	0.00630	0.00691	0.01019
8	0.00906	0.00604	0.00680	0.00680	0.00680	0.00604	0.00378	0.00906	0.00906	0.01208	0.01963	0.04077	0.02265	0.78103	0.03171	0.00604	0.00604	0.00906	0.00378	0.00378
9	0.00784	0.00633	0.00697	0.00681	0.00871	0.00546	0.00511	0.00986	0.01532	0.01948	0.28271	0.05560	0.51839	0.01479	0.00736	0.00206	0.00309	0.01254	0.00613	0.00546
10	0.02266	0.02893	0.06154	0.01603	0.01973	0.65670	0.01268	0.07647	0.01825	0.01731	0.01012	0.01163	0.00821	0.00647	0.00568	0.00165	0.01079	0.00417	0.00340	0.00759
11	0.01895	0.01149	0.01346	0.01149	0.01519	0.01203	0.00909	0.02934	0.38898	0.27644	0.11908	0.02561	0.02301	0.00876	0.00645	0.00203	0.00480	0.00733	0.00689	0.00960
12	0.00759	0.00542	0.00723	0.00868	0.00904	0.00506	0.00578	0.00868	0.01193	0.01591	0.03434	0.77697	0.04121	0.01952	0.00795	0.00253	0.00361	0.01771	0.00578	0.00506
13	0.02327	0.02970	0.01766	0.01605	0.01926	0.75602	0.01204	0.02488	0.01766	0.01525	0.00963	0.01124	0.00803	0.00642	0.00562	0.00161	0.01124	0.00401	0.00321	0.00722
14	0.82504	0.01205	0.00916	0.00819	0.01205	0.01398	0.00675	0.01832	0.01060	0.02795	0.00868	0.01012	0.00675	0.00578	0.00386	0.00193	0.00482	0.00337	0.00386	0.00675
15	0.01542	0.01480	0.02529	0.03824	0.74217	0.01480	0.01912	0.01912	0.01419	0.02036	0.01172	0.01542	0.00987	0.00555	0.00617	0.00185	0.00740	0.00555	0.00308	0.00987

[dist]
# distance from previous block
# <min> <max>
0	3

[block]
# block no. 3 follows, 36 sequences, length 15
# corresponding to MSA columns:
# 481-495
name=unknown_D
#
# <colnr> <probs for GDERKNQSTAVLIFYWHMCP>
#	G	D	E	R	K	N	Q	S	T	A	V	L	I	F	Y	W	H	M	C	P
0	0.01674	0.59639	0.07127	0.01156	0.01688	0.02259	0.01136	0.06710	0.10090	0.01797	0.01125	0.01212	0.00950	0.00589	0.00454	0.00150	0.00661	0.00401	0.00335	0.00847
1	0.67415	0.01279	0.01064	0.00924	0.01321	0.01473	0.00757	0.10456	0.06066	0.02920	0.01054	0.01158	0.00803	0.00617	0.00431	0.00193	0.00507	0.00389	0.00431	0.00742
2	0.25482	0.01333	0.01333	0.01147	0.01540	0.01506	0.00917	0.12577	0.36069	0.08923	0.01894	0.01806	0.01393	0.00747	0.00559	0.00201	0.00520	0.00570	0.00571	0.00912
3	0.62747	0.01314	0.01124	0.00961	0.01366	0.01507	0.00789	0.15106	0.05616	0.02997	0.01083	0.01179	0.00819	0.00626	0.00445	0.00193	0.00521	0.00401	0.00445	0.00765
4	0.02368	0.01745	0.01870	0.01434	0.01932	0.01932	0.01184	0.72139	0.02929	0.03927	0.01496	0.01496	0.01060	0.00748	0.00623	0.00187	0.00686	0.00561	0.00623	0.01060
5	0.01363	0.01363	0.01908	0.01636	0.01636	0.01908	0.01363	0.01499	0.00954	0.01499	0.00818	0.01363	0.00818	0.01091	0.02045	0.00273	0.76963	0.00545	0.00273	0.00682
6	0.00759	0.00542	0.00723	0.00868	0.00904	0.00506	0.00578	0.00868	0.01193	0.01591	0.03434	0.77697	0.04121	0.01952	0.00795	0.00253	0.00361	0.01771	0.00578	0.00506
7	0.00870	0.00636	0.00816	0.00771	0.00923	0.00583	0.00578	0.01152	0.01735	0.02430	0.68247	0.04766	0.11562	0.01299	0.00735	0.00197	0.00296	0.01142	0.00677	0.00583
8	0.01844	0.01424	0.01509	0.01262	0.01652	0.01603	0.01008	0.31393	0.36549	0.03118	0.02054	0.01984	0.01523	0.00792	0.00608	0.00194	0.00550	0.00632	0.09325	0.00973
9	0.00871	0.00636	0.00818	0.00773	0.00924	0.00583	0.00579	0.01155	0.01738	0.02438	0.68863	0.04754	0.10941	0.01296	0.00735	0.00197	0.00296	0.01141	0.00678	0.00583
10	0.01292	0.01107	0.01292	0.00923	0.01477	0.00831	0.00738	0.01569	0.01292	0.02030	0.01107	0.01292	0.00923	0.00461	0.00461	0.00092	0.00461	0.00369	0.00369	0.81912
11	0.01633	0.01152	0.01523	0.21224	0.02288	0.01086	0.01074	0.07741	0.01509	0.15696	0.01393	0.01563	0.01026	0.00587	0.00549	0.00150	0.00592	0.00483	0.00441	0.38290
12	0.82504	0.01205	0.00916	0.00819	0.01205	0.01398	0.00675	0.01832	0.01060	0.02795	0.00868	0.01012	0.00675	0.00578	0.00386	0.00193	0.00482	0.00337	0.00386	0.00675
13	0.16904	0.01452	0.01415	0.01097	0.01585	0.07473	0.00884	0.20553	0.01726	0.02638	0.01154	0.01280	0.00903	0.00575	0.00499	0.00142	0.00580	0.00417	0.00436	0.38287
14	0.07303	0.01136	0.01547	0.01319	0.01444	0.01431	0.04452	0.01589	0.01172	0.05689	0.07983	0.01880	0.01470	0.00958	0.01362	0.00229	0.42152	0.00604	0.15600	0.00681

[dist]
# distance from previous block
# <min> <max>
0	2

[block]
# block no. 4 follows, 36 sequences, length 12
# corresponding to MSA columns:
# 498-509
name=unknown_E
#
# <colnr> <probs for GDERKNQSTAVLIFYWHMCP>
#	G	D	E	R	K	N	Q	S	T	A	V	L	I	F	Y	W	H	M	C	P
0	0.00768	0.00546	0.00720	0.00856	0.00890	0.00512	0.00566	0.00870	0.01176	0.01568	0.03347	0.73344	0.04011	0.06455	0.00936	0.00274	0.00376	0.01720	0.00566	0.00498
1	0.02200	0.01701	0.02015	0.01542	0.02041	0.01860	0.08517	0.58500	0.09254	0.03604	0.01567	0.01592	0.01125	0.00734	0.00636	0.00192	0.00706	0.00592	0.00592	0.01030
2	0.01498	0.44227	0.29150	0.01466	0.02148	0.02016	0.08055	0.01916	0.01303	0.01698	0.00994	0.01176	0.00809	0.00554	0.00500	0.00163	0.00794	0.00416	0.00270	0.00847
3	0.02762	0.01113	0.01479	0.01134	0.01617	0.00995	0.00937	0.08399	0.01872	0.69160	0.02383	0.02072	0.01505	0.00769	0.00626	0.00192	0.00542	0.00621	0.00760	0.01060
4	0.00759	0.00542	0.00723	0.00868	0.00904	0.00506	0.00578	0.00868	0.01193	0.01591	0.03434	0.77697	0.04121	0.01952	0.00795	0.00253	0.00361	0.01771	0.00578	0.00506
5	0.00740	0.00617	0.00646	0.00668	0.00851	0.00523	0.00490	0.00890	0.01385	0.01669	0.05861	0.17219	0.63032	0.01636	0.00746	0.00217	0.00323	0.01386	0.00579	0.00523
6	0.02292	0.01707	0.01827	0.01418	0.01903	0.01897	0.01166	0.65740	0.09453	0.03804	0.01593	0.01573	0.01138	0.00757	0.00624	0.00189	0.00668	0.00574	0.00624	0.01053
7	0.02368	0.01745	0.01870	0.01434	0.01932	0.01932	0.01184	0.72139	0.02929	0.03927	0.01496	0.01496	0.01060	0.00748	0.00623	0.00187	0.00686	0.00561	0.00623	0.01060
8	0.01401	0.01104	0.01303	0.00936	0.01485	0.00837	0.00751	0.01675	0.01327	0.07271	0.01205	0.01352	0.00968	0.00484	0.00473	0.00100	0.00466	0.00388	0.00398	0.76077
9	0.00777	0.00623	0.00694	0.00698	0.00872	0.00540	0.00515	0.00964	0.01483	0.01884	0.23508	0.13769	0.48399	0.01541	0.00743	0.00211	0.00315	0.01318	0.00606	0.00540
10	0.00736	0.00631	0.00631	0.00631	0.00842	0.00526	0.00473	0.00894	0.01420	0.01683	0.06312	0.05996	0.73964	0.01578	0.00736	0.00210	0.00316	0.01315	0.00579	0.00526
11	0.12553	0.01533	0.02904	0.02133	0.02672	0.01501	0.50159	0.08360	0.01528	0.02252	0.01397	0.07471	0.01165	0.00664	0.00682	0.00209	0.00886	0.00745	0.00374	0.00812

[dist]
# distance from previous block
# <min> <max>
7	26

[block]
# block no. 5 follows, 36 sequences, length 41
# corresponding to MSA columns:
# 536-576
name=unknown_F
#
# <colnr> <probs for GDERKNQSTAVLIFYWHMCP>
#	G	D	E	R	K	N	Q	S	T	A	V	L	I	F	Y	W	H	M	C	P
0	0.73357	0.01267	0.01025	0.00889	0.01288	0.01459	0.00733	0.09857	0.01274	0.02925	0.00939	0.01067	0.00719	0.00598	0.00413	0.00192	0.00505	0.00363	0.00413	0.00719
1	0.56177	0.01168	0.01037	0.00913	0.01270	0.01307	0.00736	0.10368	0.01373	0.06626	0.04592	0.09352	0.01365	0.00785	0.00486	0.00199	0.00488	0.00566	0.00469	0.00721
2	0.02543	0.01330	0.01538	0.01194	0.01664	0.05459	0.00977	0.20290	0.02034	0.47128	0.02056	0.01875	0.01352	0.00743	0.00609	0.00183	0.00593	0.00584	0.03176	0.04673
3	0.39480	0.01049	0.01076	0.00914	0.01285	0.01088	0.00740	0.01928	0.01297	0.18445	0.07466	0.01768	0.01437	0.01168	0.09684	0.00281	0.00620	0.00511	0.00488	0.09274
4	0.00905	0.00607	0.00695	0.00695	0.00701	0.00613	0.00397	0.00916	0.00911	0.01220	0.01949	0.03997	0.02230	0.74473	0.06754	0.00624	0.00657	0.00894	0.00375	0.00386
5	0.11204	0.05124	0.63781	0.01639	0.02483	0.01470	0.02068	0.01953	0.01283	0.02059	0.01080	0.01269	0.00776	0.00589	0.00561	0.00195	0.00860	0.00442	0.00278	0.00887
6	0.00985	0.00694	0.00769	0.00752	0.00795	0.00720	0.00452	0.01200	0.09739	0.01379	0.02033	0.03863	0.02221	0.68650	0.02861	0.00556	0.00590	0.00881	0.00409	0.00452
7	0.82504	0.01205	0.00916	0.00819	0.01205	0.01398	0.00675	0.01832	0.01060	0.02795	0.00868	0.01012	0.00675	0.00578	0.00386	0.00193	0.00482	0.00337	0.00386	0.00675
8	0.00875	0.00637	0.00824	0.00777	0.00927	0.00585	0.00583	0.01163	0.01748	0.02462	0.70840	0.04715	0.08950	0.01287	0.00735	0.00197	0.00295	0.01135	0.00681	0.00585
9	0.01666	0.78478	0.03265	0.01066	0.01599	0.02465	0.01066	0.01866	0.01266	0.01466	0.00866	0.00999	0.00800	0.00533	0.00400	0.00133	0.00666	0.00333	0.00267	0.00800
10	0.01424	0.01185	0.01363	0.00985	0.01532	0.00965	0.00793	0.10204	0.01492	0.02262	0.01155	0.01317	0.00940	0.00496	0.00481	0.00104	0.00489	0.00393	0.00400	0.72019
11	0.02152	0.02688	0.01672	0.01531	0.01827	0.66446	0.01152	0.02320	0.01672	0.01515	0.01049	0.01286	0.00895	0.01135	0.09748	0.00263	0.01190	0.00434	0.00323	0.00702
12	0.01237	0.03131	0.72249	0.01741	0.02634	0.01417	0.02241	0.01945	0.01331	0.01992	0.03699	0.01434	0.00970	0.00616	0.00597	0.00197	0.00899	0.00484	0.00278	0.00909
13	0.01666	0.78478	0.03265	0.01066	0.01599	0.02465	0.01066	0.01866	0.01266	0.01466	0.00866	0.00999	0.00800	0.00533	0.00400	0.00133	0.00666	0.00333	0.00267	0.00800
14	0.01292	0.01107	0.01292	0.00923	0.01477	0.00831	0.00738	0.01569	0.01292	0.02030	0.01107	0.01292	0.00923	0.00461	0.00461	0.00092	0.00461	0.00369	0.00369	0.81912
15	0.01250	0.03223	0.74875	0.01776	0.02697	0.01447	0.02302	0.01973	0.01315	0.01973	0.01118	0.01315	0.00789	0.00592	0.00592	0.00197	0.00921	0.00460	0.00263	0.00921
16	0.00759	0.00542	0.00723	0.00868	0.00904	0.00506	0.00578	0.00868	0.01193	0.01591	0.03434	0.77697	0.04121	0.01952	0.00795	0.00253	0.00361	0.01771	0.00578	0.00506
17	0.02795	0.01060	0.01446	0.01109	0.01591	0.00916	0.00916	0.03036	0.01783	0.74648	0.02458	0.02121	0.01542	0.00771	0.00627	0.00193	0.00530	0.00627	0.00771	0.01060
18	0.00759	0.00542	0.00723	0.00868	0.00904	0.00506	0.00578	0.00868	0.01193	0.01591	0.03434	0.77697	0.04121	0.01952	0.00795	0.00253	0.00361	0.01771	0.00578	0.00506
19	0.02795	0.01060	0.01446	0.01109	0.01591	0.00916	0.00916	0.03036	0.01783	0.74648	0.02458	0.02121	0.01542	0.00771	0.00627	0.00193	0.00530	0.00627	0.00771	0.01060
20	0.00759	0.00542	0.00723	0.00868	0.00904	0.00506	0.00578	0.00868	0.01193	0.01591	0.03434	0.77697	0.04121	0.01952	0.00795	0.00253	0.00361	0.01771	0.00578	0.00506
21	0.01177	0.01107	0.01869	0.76606	0.04291	0.01384	0.01730	0.01592	0.01246	0.01592	0.01107	0.01661	0.00831	0.00623	0.00623	0.00208	0.00831	0.00554	0.00277	0.00692
22	0.00864	0.00636	0.00808	0.00765	0.00920	0.00580	0.00574	0.01141	0.01722	0.02399	0.65619	0.04818	0.14210	0.01311	0.00735	0.00198	0.00297	0.01150	0.00673	0.00580
23	0.02368	0.01745	0.01870	0.01434	0.01932	0.01932	0.01184	0.72139	0.02929	0.03927	0.01496	0.01496	0.01060	0.00748	0.00623	0.00187	0.00686	0.00561	0.00623	0.01060
24	0.00974	0.00696	0.00970	0.01113	0.01244	0.00691	0.00952	0.01239	0.01405	0.01831	0.03315	0.15675	0.03651	0.01749	0.00853	0.00283	0.00548	0.61671	0.00574	0.00565
25	0.01250	0.03223	0.74875	0.01776	0.02697	0.01447	0.02302	0.01973	0.01315	0.01973	0.01118	0.01315	0.00789	0.00592	0.00592	0.00197	0.00921	0.00460	0.00263	0.00921
26	0.01250	0.03223	0.74875	0.01776	0.02697	0.01447	0.02302	0.01973	0.01315	0.01973	0.01118	0.01315	0.00789	0.00592	0.00592	0.00197	0.00921	0.00460	0.00263	0.00921
27	0.01471	0.01681	0.03676	0.02626	0.03256	0.01576	0.71954	0.01996	0.01471	0.01996	0.01261	0.01681	0.00945	0.00525	0.00735	0.00210	0.01050	0.00735	0.00315	0.00840
28	0.01177	0.01107	0.01869	0.76606	0.04291	0.01384	0.01730	0.01592	0.01246	0.01592	0.01107	0.01661	0.00831	0.00623	0.00623	0.00208	0.00831	0.00554	0.00277	0.00692
29	0.01483	0.01626	0.03488	0.02511	0.03102	0.01542	0.66074	0.01978	0.01455	0.03828	0.01333	0.03626	0.01038	0.00586	0.00776	0.00213	0.03425	0.00753	0.00332	0.00832
30	0.01177	0.01107	0.01869	0.76606	0.04291	0.01384	0.01730	0.01592	0.01246	0.01592	0.01107	0.01661	0.00831	0.00623	0.00623	0.00208	0.00831	0.00554	0.00277	0.00692
31	0.01444	0.01869	0.12389	0.02522	0.03188	0.01560	0.63431	0.01993	0.01452	0.01993	0.01243	0.01636	0.00926	0.00533	0.00718	0.00209	0.01035	0.00702	0.00309	0.00850
32	0.01280	0.08676	0.69686	0.01724	0.02617	0.01521	0.02212	0.01965	0.01312	0.01936	0.01100	0.01293	0.00790	0.00588	0.00578	0.00193	0.00902	0.00451	0.00263	0.00912
33	0.01653	0.26977	0.29877	0.01558	0.02241	0.01781	0.10199	0.07927	0.01499	0.08968	0.01215	0.01351	0.00907	0.00595	0.00553	0.00177	0.00797	0.00477	0.00350	0.00897
34	0.01421	0.02777	0.60537	0.01649	0.02459	0.01329	0.02038	0.02054	0.01381	0.10858	0.01440	0.01828	0.01084	0.00696	0.00616	0.00203	0.00848	0.05521	0.00348	0.00913
35	0.02178	0.01455	0.02027	0.01562	0.02044	0.06687	0.17836	0.08516	0.15196	0.32722	0.02000	0.01931	0.01375	0.00715	0.00649	0.00198	0.00703	0.00645	0.00592	0.00970
36	0.01294	0.01104	0.01838	0.71135	0.04096	0.01350	0.01671	0.01697	0.01285	0.06886	0.01205	0.01694	0.00882	0.00634	0.00623	0.00207	0.00809	0.00559	0.00313	0.00719
37	0.01322	0.01132	0.01888	0.65613	0.09401	0.01358	0.01685	0.01721	0.01298	0.06919	0.01210	0.01685	0.00894	0.00629	0.00623	0.00205	0.00802	0.00559	0.00315	0.00741
38	0.02474	0.03365	0.07055	0.01330	0.01854	0.02758	0.08493	0.02814	0.03405	0.56463	0.02162	0.01969	0.01397	0.00725	0.00628	0.00193	0.00629	0.00615	0.00660	0.01011
39	0.04028	0.01744	0.11536	0.07789	0.05815	0.05308	0.35456	0.02060	0.08449	0.03618	0.01506	0.05476	0.01228	0.00685	0.00678	0.00208	0.00879	0.02341	0.00368	0.00830
40	0.05518	0.01387	0.10260	0.01276	0.01782	0.01111	0.06198	0.05550	0.07595	0.39018	0.08073	0.02109	0.01717	0.00756	0.00622	0.00191	0.00592	0.00636	0.00617	0.04991

[dist]
# distance from previous block
# <min> <max>
5	36

[block]
# block no. 6 follows, 36 sequences, length 19
# corresponding to MSA columns:
# 613-624,626-632
name=unknown_G
#
# <colnr> <probs for GDERKNQSTAVLIFYWHMCP>
#	G	D	E	R	K	N	Q	S	T	A	V	L	I	F	Y	W	H	M	C	P
0	0.22617	0.03895	0.02858	0.00827	0.01133	0.00951	0.00675	0.01485	0.05672	0.04186	0.12170	0.07472	0.27073	0.01100	0.00605	0.00196	0.00413	0.00888	0.00518	0.05266
1	0.01565	0.03183	0.05642	0.02503	0.34461	0.08321	0.06139	0.05707	0.10589	0.02156	0.05695	0.01898	0.03734	0.00679	0.00619	0.00184	0.00715	0.00611	0.00398	0.05202
2	0.01625	0.02411	0.40937	0.01661	0.02367	0.04237	0.08357	0.04602	0.12287	0.13061	0.01553	0.01622	0.01094	0.00658	0.00617	0.00198	0.00810	0.00549	0.00414	0.00941
3	0.19200	0.01442	0.11406	0.01109	0.01599	0.01191	0.01014	0.08450	0.08002	0.13371	0.09202	0.01830	0.01574	0.00699	0.00547	0.00174	0.00545	0.00542	0.00499	0.17603
