[name]
unknown

[dist]
# distance from previous block
# <min> <max>
0	498

[block]
# block no. 0 follows, 34 sequences, length 18
# corresponding to MSA columns:
# 686-703
name=unknown_A
#
# <colnr> <probs for GDERKNQSTAVLIFYWHMCP>
#	G	D	E	R	K	N	Q	S	T	A	V	L	I	F	Y	W	H	M	C	P
0	0.00927	0.00710	0.00828	0.00880	0.01035	0.00637	0.00658	0.01085	0.01476	0.01883	0.11150	0.21386	0.35032	0.05576	0.00959	0.00275	0.00429	0.13862	0.00622	0.00590
1	0.00970	0.00723	0.00851	0.00883	0.01010	0.00673	0.00630	0.01166	0.03887	0.01911	0.16755	0.22041	0.21581	0.15609	0.01282	0.00323	0.00451	0.08058	0.00607	0.00588
2	0.01826	0.03766	0.02254	0.15374	0.02628	0.08670	0.20515	0.04512	0.01622	0.16293	0.01932	0.14019	0.01674	0.00927	0.00727	0.00227	0.00826	0.00848	0.00495	0.00865
3	0.80914	0.01302	0.01006	0.00904	0.01307	0.01488	0.00734	0.01948	0.01150	0.02956	0.00981	0.01162	0.00777	0.00652	0.00435	0.00214	0.00527	0.00377	0.00426	0.00740
4	0.01474	0.01639	0.14767	0.01194	0.01825	0.01139	0.01127	0.10140	0.03660	0.02350	0.01243	0.01402	0.00979	0.00551	0.00529	0.00131	0.00595	0.00435	0.00403	0.54417
5	0.00858	0.00601	0.00758	0.00823	0.00871	0.00572	0.00538	0.00973	0.01259	0.01708	0.16365	0.40730	0.04030	0.25051	0.01571	0.00363	0.00439	0.01433	0.00557	0.00500
6	0.02028	0.01296	0.01787	0.08647	0.07747	0.03785	0.07903	0.12425	0.03337	0.26322	0.01893	0.02307	0.01468	0.14802	0.01142	0.00279	0.00708	0.00685	0.00549	0.00890
7	0.01600	0.03970	0.10773	0.03782	0.02343	0.13593	0.22698	0.06355	0.05051	0.03755	0.01733	0.15418	0.01602	0.00905	0.00745	0.00214	0.03406	0.00830	0.00416	0.00814
8	0.01037	0.00873	0.01484	0.01284	0.01476	0.00925	0.13620	0.01281	0.01109	0.01557	0.01712	0.02717	0.01640	0.17995	0.47383	0.00808	0.01400	0.00753	0.00351	0.00595
9	0.00829	0.00590	0.00752	0.00856	0.00906	0.00556	0.00571	0.00940	0.01233	0.01638	0.06869	0.53632	0.07803	0.15801	0.01274	0.00325	0.00423	0.03927	0.00567	0.00508
10	0.01850	0.04388	0.11878	0.02237	0.08293	0.03954	0.34939	0.02344	0.03062	0.18164	0.01564	0.01757	0.01113	0.00625	0.00689	0.00206	0.00903	0.00660	0.00431	0.00943
11	0.00992	0.00728	0.00942	0.00954	0.01061	0.02491	0.04055	0.01126	0.01272	0.04548	0.05051	0.45614	0.08585	0.15624	0.01244	0.00314	0.00476	0.01447	0.02924	0.00552
12	0.02149	0.01580	0.01720	0.01379	0.01808	0.01732	0.01113	0.58197	0.02707	0.03627	0.01921	0.15402	0.01683	0.01005	0.00679	0.00207	0.00649	0.00813	0.00638	0.00993
13	0.01833	0.02158	0.17585	0.05370	0.06755	0.15877	0.15039	0.09132	0.01713	0.09939	0.03251	0.04199	0.01245	0.00791	0.02045	0.00215	0.00917	0.00628	0.00417	0.00891
14	0.01538	0.01522	0.02730	0.03488	0.53561	0.01522	0.14959	0.01929	0.01450	0.02058	0.01334	0.05339	0.01169	0.00664	0.00732	0.00204	0.03840	0.00673	0.00333	0.00957
15	0.00769	0.00633	0.00677	0.00712	0.00888	0.00541	0.00516	0.00921	0.01417	0.01723	0.05845	0.22796	0.56874	0.01727	0.00778	0.00229	0.00338	0.01475	0.00600	0.00541
16	0.67248	0.01586	0.01112	0.01000	0.01387	0.14919	0.00801	0.02025	0.01234	0.02657	0.00918	0.01071	0.00724	0.00612	0.00433	0.00194	0.00622	0.00362	0.00388	0.00709
17	0.62033	0.05824	0.01045	0.00829	0.01205	0.01351	0.00686	0.01723	0.01181	0.02602	0.01938	0.01999	0.14003	0.00788	0.00468	0.00200	0.00480	0.00536	0.00429	0.00679

[dist]
# distance from previous block
# <min> <max>
0	6

[block]
# block no. 1 follows, 34 sequences, length 24
# corresponding to MSA columns:
# 710-733
name=unknown_B
#
# <colnr> <probs for GDERKNQSTAVLIFYWHMCP>
#	G	D	E	R	K	N	Q	S	T	A	V	L	I	F	Y	W	H	M	C	P
0	0.04190	0.16501	0.14105	0.04429	0.25632	0.11272	0.11028	0.02062	0.01462	0.01926	0.01119	0.01404	0.00909	0.00588	0.00595	0.00185	0.00872	0.00514	0.00308	0.00901
1	0.00921	0.00693	0.00891	0.00950	0.01010	0.00721	0.00667	0.02822	0.01231	0.01651	0.03143	0.46683	0.07773	0.14290	0.04429	0.00353	0.06691	0.04013	0.00530	0.00539
2	0.00917	0.00658	0.00851	0.00804	0.00944	0.00611	0.00592	0.01196	0.01756	0.02481	0.67114	0.04778	0.05790	0.07544	0.00969	0.00238	0.00331	0.01150	0.00685	0.00592
3	0.01483	0.03644	0.24374	0.05020	0.23868	0.10136	0.03738	0.01900	0.01394	0.01877	0.01341	0.05695	0.01200	0.06987	0.00920	0.00237	0.04381	0.00624	0.00324	0.00857
4	0.05711	0.07469	0.10633	0.02176	0.22183	0.08793	0.05408	0.09680	0.01690	0.14148	0.01522	0.05090	0.01204	0.00714	0.00621	0.00194	0.00768	0.00603	0.00445	0.00947
5	0.02729	0.01155	0.01511	0.01173	0.01655	0.01055	0.00964	0.08659	0.05263	0.62061	0.05035	0.02252	0.01740	0.00820	0.00654	0.00200	0.00552	0.00667	0.00777	0.01078
6	0.00938	0.00632	0.00732	0.00732	0.00742	0.00641	0.00426	0.00957	0.00948	0.01273	0.02011	0.04090	0.02289	0.71358	0.09141	0.00660	0.00717	0.00919	0.00388	0.00407
7	0.03815	0.20875	0.05050	0.09470	0.05191	0.14199	0.28539	0.02072	0.01483	0.01830	0.01119	0.01433	0.00895	0.00582	0.00615	0.00187	0.00949	0.00555	0.00311	0.00828
8	0.01983	0.01035	0.03023	0.01033	0.01415	0.00905	0.00851	0.06576	0.03821	0.37234	0.12614	0.03525	0.17371	0.02915	0.00758	0.00217	0.00492	0.02646	0.00704	0.00881
9	0.01525	0.01743	0.03813	0.02723	0.03377	0.01634	0.70915	0.02070	0.01525	0.02070	0.01307	0.01743	0.00980	0.00545	0.00763	0.00218	0.01089	0.00763	0.00327	0.00871
10	0.01002	0.00736	0.00951	0.06811	0.01278	0.00750	0.00721	0.07354	0.01393	0.01862	0.06668	0.49721	0.03534	0.12700	0.01149	0.00302	0.00476	0.01458	0.00555	0.00577
11	0.04645	0.02000	0.17956	0.13148	0.03089	0.04615	0.32016	0.06666	0.01571	0.06091	0.01308	0.01622	0.00953	0.00611	0.00678	0.00209	0.00953	0.00626	0.00360	0.00882
12	0.00931	0.00660	0.00875	0.00875	0.00934	0.00719	0.00604	0.01049	0.00990	0.01379	0.01880	0.03365	0.01974	0.40271	0.39798	0.00837	0.01191	0.00813	0.00368	0.00486
13	0.00818	0.00613	0.00759	0.00814	0.00929	0.00554	0.00576	0.00999	0.01466	0.01944	0.24278	0.38736	0.21704	0.01726	0.00792	0.00234	0.00343	0.01528	0.00632	0.00554
14	0.01484	0.01653	0.11080	0.09709	0.16185	0.01489	0.15720	0.07337	0.13099	0.02295	0.06594	0.02174	0.04873	0.00760	0.00716	0.00210	0.02587	0.00705	0.00431	0.00900
15	0.01098	0.00860	0.01021	0.01051	0.01216	0.00909	0.00781	0.01794	0.23912	0.02094	0.09818	0.34641	0.03565	0.04721	0.00877	0.00263	0.00449	0.09614	0.00620	0.00695
16	0.02747	0.01097	0.01471	0.01144	0.01622	0.00971	0.00939	0.03083	0.05596	0.66944	0.05499	0.02320	0.01808	0.00826	0.00655	0.00201	0.00538	0.00676	0.00788	0.01075
17	0.07926	0.01445	0.01677	0.01326	0.01804	0.01519	0.02872	0.28275	0.15660	0.27548	0.02048	0.01908	0.01407	0.00785	0.00636	0.00202	0.00613	0.00622	0.00676	0.01051
18	0.01840	0.03827	0.07147	0.01924	0.05718	0.01653	0.24442	0.24841	0.07628	0.04742	0.01574	0.01755	0.01164	0.00679	0.00659	0.00199	0.00797	0.00644	0.07814	0.00951
19	0.01687	0.01388	0.01852	0.30100	0.04700	0.04557	0.05074	0.20716	0.01842	0.05800	0.01767	0.02028	0.06172	0.00777	0.00697	0.00204	0.03380	0.00641	0.05780	0.00837
20	0.02098	0.01358	0.01685	0.04588	0.08583	0.01325	0.01107	0.22311	0.04654	0.21446	0.01722	0.01738	0.01227	0.00688	0.00600	0.00172	0.00604	0.00556	0.02887	0.20649
21	0.02183	0.04268	0.02409	0.02139	0.16587	0.01333	0.19673	0.02592	0.04120	0.35070	0.01891	0.01921	0.01303	0.00680	0.00669	0.00201	0.00741	0.00656	0.00553	0.01011
22	0.01340	0.01148	0.01340	0.00957	0.01531	0.00861	0.00766	0.01627	0.01340	0.02105	0.01148	0.01340	0.00957	0.00479	0.00479	0.00096	0.00479	0.00383	0.00383	0.81242
23	0.07640	0.05847	0.01751	0.01274	0.01774	0.01586	0.01057	0.33130	0.07530	0.22879	0.01796	0.01716	0.01250	0.00742	0.00605	0.00187	0.00618	0.00567	0.00631	0.07420

[dist]
# distance from previous block
# <min> <max>
0	1

[block]
# block no. 2 follows, 34 sequences, length 114
# corresponding to MSA columns:
# 735-783,795-859
name=unknown_C
#
# <colnr> <probs for GDERKNQSTAVLIFYWHMCP>
#	G	D	E	R	K	N	Q	S	T	A	V	L	I	F	Y	W	H	M	C	P
0	0.01614	0.06975	0.03541	0.02533	0.05402	0.04953	0.56890	0.04462	0.03121	0.02094	0.01300	0.01672	0.00991	0.00567	0.00720	0.00209	0.01029	0.00706	0.00342	0.00879
1	0.02347	0.03686	0.03814	0.01420	0.01907	0.16401	0.01171	0.34158	0.05501	0.14686	0.01595	0.01585	0.01142	0.00729	0.00615	0.00182	0.00756	0.00542	0.00569	0.07193
2	0.01402	0.14747	0.46524	0.02031	0.12143	0.01648	0.05994	0.01982	0.01375	0.01959	0.01216	0.03937	0.00975	0.00643	0.00601	0.00195	0.00875	0.00532	0.00294	0.00925
3	0.01230	0.05491	0.07846	0.01764	0.02192	0.01259	0.30141	0.01600	0.01417	0.01881	0.02634	0.15483	0.13204	0.01098	0.00816	0.00229	0.04228	0.06323	0.00429	0.00736
4	0.01127	0.00887	0.01252	0.01136	0.01389	0.00851	0.07821	0.05083	0.04003	0.03914	0.21150	0.05267	0.20963	0.01401	0.00788	0.00236	0.00508	0.20948	0.00608	0.00667
5	0.02155	0.01820	0.10122	0.01857	0.11498	0.09008	0.08135	0.15828	0.01903	0.22562	0.01631	0.01681	0.01148	0.00681	0.00634	0.00188	0.00766	0.00573	0.00520	0.07291
6	0.00801	0.00571	0.00756	0.00892	0.00929	0.00541	0.00593	0.00911	0.01211	0.01619	0.03403	0.69777	0.04063	0.06945	0.03403	0.00311	0.00435	0.01742	0.00578	0.00518
7	0.00792	0.00564	0.00748	0.00893	0.00930	0.00528	0.00593	0.00901	0.01227	0.01636	0.03511	0.74486	0.04210	0.04495	0.00906	0.00274	0.00383	0.01807	0.00593	0.00520
8	0.10045	0.01588	0.07419	0.02364	0.23437	0.01449	0.15999	0.04917	0.07118	0.16871	0.01593	0.01741	0.01161	0.00651	0.00643	0.00203	0.00754	0.00612	0.00462	0.00972
9	0.01340	0.01148	0.01340	0.00957	0.01531	0.00861	0.00766	0.01627	0.01340	0.02105	0.01148	0.01340	0.00957	0.00479	0.00479	0.00096	0.00479	0.00383	0.00383	0.81242
10	0.01574	0.01351	0.01437	0.01308	0.01660	0.01557	0.01024	0.03312	0.68012	0.02658	0.02676	0.02693	0.02073	0.00929	0.00671	0.00224	0.00516	0.04673	0.00654	0.00998
11	0.02456	0.01810	0.01939	0.01487	0.02004	0.02004	0.01228	0.71107	0.03038	0.04072	0.01551	0.01551	0.01099	0.00776	0.00646	0.00194	0.00711	0.00582	0.00646	0.01099
12	0.01718	0.21170	0.09222	0.01519	0.06707	0.01648	0.05283	0.02467	0.21050	0.12318	0.03870	0.04824	0.01646	0.00801	0.00611	0.00196	0.00650	0.02878	0.00497	0.00924
13	0.04216	0.01597	0.03265	0.02736	0.15468	0.01523	0.50830	0.01957	0.01478	0.02072	0.01454	0.07577	0.01236	0.00668	0.00733	0.00216	0.00956	0.00800	0.00349	0.00865
14	0.00764	0.00655	0.00655	0.00655	0.00873	0.00545	0.00491	0.00927	0.01473	0.01745	0.06546	0.06218	0.73000	0.01636	0.00764	0.00218	0.00327	0.01364	0.00600	0.00545
15	0.04484	0.01526	0.04388	0.01579	0.02045	0.01527	0.15984	0.30182	0.06760	0.02921	0.04440	0.02821	0.10431	0.00936	0.00703	0.00214	0.00709	0.06904	0.00550	0.00898
16	0.02485	0.01406	0.03464	0.04883	0.02107	0.03115	0.10767	0.13445	0.03625	0.44623	0.02091	0.01975	0.01375	0.00748	0.00662	0.00202	0.00687	0.00644	0.00660	0.01037
17	0.00781	0.00655	0.00678	0.00673	0.00883	0.00553	0.00504	0.00961	0.01513	0.01842	0.14131	0.06059	0.65354	0.01600	0.00763	0.00216	0.00325	0.01341	0.00613	0.00553
18	0.01452	0.01616	0.03476	0.02528	0.03117	0.01517	0.62900	0.01956	0.01504	0.02035	0.01558	0.07128	0.01331	0.00703	0.00773	0.00225	0.01018	0.03971	0.00358	0.00835
19	0.01666	0.19825	0.32097	0.01766	0.05025	0.06715	0.08490	0.11315	0.03400	0.02187	0.01195	0.01373	0.00912	0.00623	0.00587	0.00187	0.00871	0.00495	0.00344	0.00928
20	0.00972	0.00708	0.00904	0.00882	0.00916	0.00786	0.00595	0.01051	0.00973	0.01350	0.01852	0.03506	0.02014	0.49804	0.24423	0.00722	0.06866	0.00837	0.00370	0.00471
21	0.01248	0.01144	0.01859	0.67307	0.04097	0.01394	0.01675	0.03676	0.01329	0.01721	0.01201	0.01819	0.00940	0.04169	0.00761	0.00229	0.00832	0.00584	0.00306	0.03707
22	0.01296	0.03342	0.73944	0.01842	0.02797	0.01501	0.02387	0.02046	0.01364	0.02046	0.01160	0.01364	0.00818	0.00614	0.00614	0.00205	0.00955	0.00477	0.00273	0.00955
23	0.01656	0.01554	0.02577	0.03800	0.68502	0.01567	0.01933	0.06601	0.01576	0.02242	0.01238	0.01596	0.01029	0.00589	0.00640	0.00192	0.00764	0.00576	0.00342	0.01029
24	0.01941	0.02277	0.01954	0.01858	0.07455	0.39231	0.01374	0.02114	0.01459	0.01612	0.00954	0.01301	0.00854	0.00849	0.01216	0.00216	0.31782	0.00490	0.00311	0.00753
25	0.01220	0.01148	0.01938	0.75739	0.04450	0.01436	0.01794	0.01651	0.01292	0.01651	0.01148	0.01723	0.00861	0.00646	0.00646	0.00215	0.00861	0.00574	0.00287	0.00718
26	0.33215	0.01380	0.01333	0.01130	0.01546	0.03637	0.00911	0.12200	0.19533	0.14630	0.03312	0.01742	0.01351	0.00746	0.00554	0.00203	0.00556	0.00549	0.00571	0.00903
27	0.02456	0.01810	0.01939	0.01487	0.02004	0.02004	0.01228	0.71107	0.03038	0.04072	0.01551	0.01551	0.01099	0.00776	0.00646	0.00194	0.00711	0.00582	0.00646	0.01099
28	0.01583	0.06594	0.04349	0.01508	0.07171	0.01252	0.10104	0.05214	0.05668	0.07104	0.01360	0.01524	0.01062	0.00563	0.00558	0.00144	0.00627	0.00495	0.00417	0.42700
29	0.01021	0.00787	0.01100	0.00992	0.01060	0.00841	0.06058	0.01109	0.01004	0.01378	0.01838	0.03556	0.02012	0.54380	0.13652	0.00628	0.06871	0.00859	0.00371	0.00482
30	0.00940	0.00626	0.00705	0.00705	0.00705	0.00626	0.00392	0.00940	0.00940	0.01253	0.02036	0.04228	0.02349	0.77292	0.03289	0.00626	0.00626	0.00940	0.00392	0.00392
31	0.02414	0.03079	0.01831	0.01665	0.01998	0.74698	0.01248	0.02580	0.01831	0.01581	0.00999	0.01165	0.00832	0.00666	0.00583	0.00166	0.01165	0.00416	0.00333	0.00749
32	0.01414	0.01414	0.01979	0.01696	0.01696	0.01979	0.01414	0.01555	0.00990	0.01555	0.00848	0.01414	0.00848	0.01131	0.02120	0.00283	0.76110	0.00565	0.00283	0.00707
33	0.00787	0.00562	0.00750	0.00900	0.00937	0.00525	0.00600	0.00900	0.01237	0.01649	0.03561	0.76871	0.04274	0.02024	0.00825	0.00262	0.00375	0.01837	0.00600	0.00525
34	0.02454	0.01868	0.01934	0.01495	0.02003	0.05348	0.01229	0.67955	0.02982	0.03958	0.01526	0.01534	0.01087	0.00771	0.00643	0.00193	0.00732	0.00574	0.00632	0.01083
35	0.02798	0.01122	0.01496	0.01163	0.01652	0.01001	0.00955	0.03171	0.07350	0.68148	0.02555	0.02216	0.01629	0.00806	0.00650	0.00201	0.00547	0.00656	0.00789	0.01094
36	0.00802	0.00656	0.00708	0.00695	0.00896	0.00562	0.00521	0.01001	0.01563	0.01960	0.23372	0.05865	0.56039	0.01556	0.00763	0.00214	0.00322	0.01314	0.00628	0.00562
37	0.07876	0.01819	0.01868	0.01450	0.01952	0.04668	0.01193	0.63835	0.02861	0.03899	0.01486	0.01503	0.01062	0.00760	0.00627	0.00193	0.00713	0.00560	0.00618	0.01059
38	0.03817	0.03094	0.65756	0.01755	0.02655	0.01453	0.02218	0.02134	0.01397	0.08031	0.01267	0.01424	0.00880	0.00629	0.00611	0.00204	0.00908	0.00488	0.00320	0.00959
39	0.05550	0.01788	0.01901	0.01462	0.01974	0.01982	0.01208	0.68410	0.02962	0.04026	0.01526	0.01532	0.01083	0.00769	0.00637	0.00194	0.00703	0.00573	0.00637	0.01083
40	0.00774	0.00655	0.00669	0.00665	0.00879	0.00550	0.00499	0.00947	0.01497	0.01803	0.11078	0.06123	0.68431	0.01615	0.00764	0.00217	0.00326	0.01350	0.00608	0.00550
41	0.01438	0.01189	0.01373	0.01018	0.01548	0.00978	0.00811	0.10063	0.01540	0.02315	0.01362	0.06523	0.01201	0.00620	0.00523	0.00119	0.00500	0.00506	0.00430	0.65943
42	0.02899	0.01100	0.01499	0.01150	0.01649	0.00950	0.00950	0.03149	0.01849	0.73709	0.02549	0.02199	0.01599	0.00800	0.00650	0.00200	0.00550	0.00650	0.00800	0.01100
43	0.00787	0.00562	0.00750	0.00900	0.00937	0.00525	0.00600	0.00900	0.01237	0.01649	0.03561	0.76871	0.04274	0.02024	0.00825	0.00262	0.00375	0.01837	0.00600	0.00525
44	0.78204	0.01275	0.00995	0.00879	0.01284	0.01475	0.00724	0.05083	0.01189	0.02953	0.00930	0.01073	0.00718	0.00608	0.00411	0.00200	0.00510	0.00361	0.00411	0.00718
45	0.01122	0.00561	0.00842	0.00842	0.00842	0.00561	0.00561	0.00842	0.00842	0.01122	0.01122	0.01964	0.01122	0.02245	0.02525	0.81201	0.00561	0.00561	0.00281	0.00281
46	0.00914	0.00660	0.00864	0.00813	0.00965	0.00610	0.00610	0.01219	0.01829	0.02591	0.72921	0.04827	0.06097	0.01321	0.00762	0.00203	0.00305	0.01169	0.00711	0.00610
47	0.02067	0.01033	0.01240	0.01042	0.01406	0.01020	0.00830	0.02740	0.19920	0.34783	0.04790	0.02395	0.01860	0.00825	0.00605	0.00192	0.00468	0.00676	0.21172	0.00937
48	0.00892	0.00659	0.00827	0.00785	0.00943	0.00600	0.00585	0.01166	0.01748	0.02421	0.60568	0.05024	0.16319	0.03622	0.00837	0.00218	0.00318	0.01192	0.00685	0.00593
49	0.02431	0.01667	0.03568	0.01498	0.04598	0.01716	0.01208	0.50438	0.02630	0.17427	0.01705	0.01665	0.01180	0.00755	0.00638	0.00191	0.00677	0.00583	0.00643	0.04779
50	0.01494	0.01172	0.01392	0.01078	0.03254	0.00953	0.00832	0.04979	0.04209	0.07091	0.01412	0.04263	0.01172	0.00589	0.00522	0.00121	0.00498	0.00482	0.00441	0.64046
51	0.02064	0.01245	0.01448	0.01229	0.01636	0.01313	0.00976	0.03224	0.42303	0.29545	0.05833	0.02442	0.02021	0.00868	0.00659	0.00211	0.00516	0.00720	0.00714	0.01033
52	0.01340	0.01148	0.01340	0.00957	0.01531	0.00861	0.00766	0.01627	0.01340	0.02105	0.01148	0.01340	0.00957	0.00479	0.00479	0.00096	0.00479	0.00383	0.00383	0.81242
53	0.28542	0.01204	0.01355	0.01078	0.01547	0.01195	0.00890	0.08065	0.01699	0.45228	0.01935	0.01775	0.01268	0.00733	0.00568	0.00199	0.00546	0.00547	0.00658	0.00970
54	0.01340	0.01148	0.01340	0.00957	0.01531	0.00861	0.00766	0.01627	0.01340	0.02105	0.01148	0.01340	0.00957	0.00479	0.00479	0.00096	0.00479	0.00383	0.00383	0.81242
55	0.01039	0.00853	0.01220	0.01155	0.01230	0.01060	0.00902	0.01223	0.01016	0.01485	0.01559	0.02465	0.01518	0.12055	0.49852	0.00816	0.18936	0.00690	0.00336	0.00587
56	0.00890	0.00660	0.00830	0.00787	0.00950	0.00599	0.00591	0.01173	0.01772	0.02455	0.62278	0.05050	0.16824	0.01372	0.00762	0.00206	0.00308	0.01200	0.00693	0.00599
57	0.01599	0.01535	0.02623	0.03966	0.73262	0.01535	0.01983	0.01983	0.01471	0.02111	0.01215	0.01599	0.01023	0.00576	0.00640	0.00192	0.00768	0.00576	0.00320	0.01023
58	0.01296	0.03342	0.73944	0.01842	0.02797	0.01501	0.02387	0.02046	0.01364	0.02046	0.01160	0.01364	0.00818	0.00614	0.00614	0.00205	0.00955	0.00477	0.00273	0.00955
59	0.01041	0.00744	0.01041	0.01190	0.01339	0.00744	0.01041	0.01339	0.01487	0.01934	0.03421	0.07288	0.03719	0.01785	0.00892	0.00297	0.00595	0.68913	0.00595	0.00595
60	0.02354	0.02824	0.01904	0.01826	0.07579	0.61285	0.01304	0.09776	0.01930	0.01886	0.01074	0.01240	0.00875	0.00670	0.00594	0.00171	0.01086	0.00446	0.00365	0.00808
61	0.01774	0.72587	0.03280	0.01144	0.01682	0.07482	0.01115	0.01979	0.01348	0.01524	0.00905	0.01045	0.00829	0.00561	0.00426	0.00140	0.00723	0.00350	0.00280	0.00824
62	0.02869	0.01148	0.01529	0.01173	0.01674	0.01022	0.00969	0.07789	0.01931	0.68954	0.02481	0.02155	0.01565	0.00798	0.00650	0.00200	0.00561	0.00645	0.00789	0.01100
63	0.73371	0.01261	0.01026	0.00895	0.01306	0.01437	0.00737	0.04681	0.01226	0.07780	0.01038	0.01148	0.00777	0.00620	0.00427	0.00200	0.00511	0.00379	0.00437	0.00743
64	0.01467	0.01650	0.03573	0.02580	0.03186	0.01547	0.65408	0.01978	0.01503	0.02037	0.01484	0.07626	0.01238	0.00661	0.00767	0.00221	0.01033	0.00847	0.00348	0.00844
65	0.00940	0.00626	0.00705	0.00705	0.00705	0.00626	0.00392	0.00940	0.00940	0.01253	0.02036	0.04228	0.02349	0.77292	0.03289	0.00626	0.00626	0.00940	0.00392	0.00392
66	0.00924	0.00690	0.01027	0.01027	0.01139	0.00802	0.00794	0.01147	0.01035	0.01492	0.01741	0.02594	0.01640	0.07247	0.72364	0.01025	0.01694	0.00700	0.00348	0.00571
67	0.07853	0.01336	0.01376	0.01237	0.01598	0.01531	0.00966	0.04636	0.60188	0.02683	0.02738	0.02545	0.06703	0.00905	0.00644	0.00217	0.00502	0.00741	0.00633	0.00967
68	0.02414	0.03079	0.01831	0.01665	0.01998	0.74698	0.01248	0.02580	0.01831	0.01581	0.00999	0.01165	0.00832	0.00666	0.00583	0.00166	0.01165	0.00416	0.00333	0.00749
69	0.01220	0.01148	0.01938	0.75739	0.04450	0.01436	0.01794	0.01651	0.01292	0.01651	0.01148	0.01723	0.00861	0.00646	0.00646	0.00215	0.00861	0.00574	0.00287	0.00718
70	0.00914	0.00660	0.00864	0.00813	0.00965	0.00610	0.00610	0.01219	0.01829	0.02591	0.72921	0.04827	0.06097	0.01321	0.00762	0.00203	0.00305	0.01169	0.00711	0.00610
71	0.00815	0.00610	0.00823	0.05990	0.01172	0.00589	0.00673	0.00953	0.01259	0.01657	0.03630	0.66207	0.09423	0.01900	0.00808	0.00256	0.00404	0.01714	0.00578	0.00540
72	0.01547	0.01467	0.02489	0.06444	0.65793	0.01477	0.01912	0.01927	0.01466	0.02082	0.01363	0.01992	0.01201	0.00661	0.00657	0.00200	0.00759	0.05242	0.00337	0.00983
73	0.01525	0.42843	0.36453	0.01451	0.02192	0.02062	0.01706	0.01987	0.01337	0.01767	0.01021	0.01190	0.00824	0.00581	0.00508	0.00169	0.00815	0.00407	0.00275	0.00888
74	0.01108	0.00566	0.00831	0.00831	0.00831	0.00566	0.00548	0.00849	0.00849	0.01133	0.01194	0.02141	0.01218	0.08122	0.02585	0.74891	0.00566	0.00591	0.00289	0.00289
75	0.01589	0.01524	0.02604	0.05963	0.71347	0.01532	0.01978	0.01974	0.01466	0.02098	0.01214	0.01603	0.01019	0.00578	0.00640	0.00193	0.00770	0.00576	0.00319	0.01015
76	0.01342	0.11232	0.66456	0.01764	0.02676	0.01613	0.02251	0.02034	0.01359	0.01990	0.01132	0.01329	0.00820	0.00607	0.00593	0.00198	0.00927	0.00463	0.00273	0.00942
77	0.01570	0.01499	0.02526	0.09488	0.65213	0.01530	0.01933	0.02011	0.04082	0.02097	0.01263	0.01639	0.01046	0.00592	0.00641	0.00195	0.00765	0.00581	0.00330	0.01000
78	0.01750	0.75232	0.03335	0.01124	0.01670	0.04925	0.01110	0.01956	0.01330	0.01522	0.00902	0.01041	0.00829	0.00557	0.00420	0.00139	0.00707	0.00348	0.00278	0.00827
79	0.01678	0.01382	0.02233	0.08846	0.49564	0.01391	0.01680	0.05161	0.01596	0.10007	0.06694	0.02034	0.03446	0.00698	0.00654	0.00196	0.00703	0.00649	0.00421	0.00968
80	0.01470	0.01308	0.01563	0.06772	0.12539	0.03203	0.01156	0.02664	0.42404	0.02422	0.08569	0.02790	0.06807	0.00921	0.00674	0.00214	0.00562	0.02472	0.00572	0.00918
81	0.01414	0.01414	0.01979	0.01696	0.01696	0.01979	0.01414	0.01555	0.00990	0.01555	0.00848	0.01414	0.00848	0.01131	0.02120	0.00283	0.76110	0.00565	0.00283	0.00707
82	0.01085	0.00700	0.00909	0.00834	0.01022	0.00637	0.00634	0.01377	0.01810	0.08979	0.62714	0.04669	0.09558	0.01292	0.00752	0.00204	0.00328	0.01133	0.00713	0.00650
83	0.01499	0.28191	0.46531	0.01586	0.02374	0.05725	0.01898	0.02037	0.01372	0.01846	0.01064	0.01244	0.00823	0.00596	0.00546	0.00180	0.00878	0.00430	0.00277	0.00902
84	0.01122	0.00561	0.00842	0.00842	0.00842	0.00561	0.00561	0.00842	0.00842	0.01122	0.01122	0.01964	0.01122	0.02245	0.02525	0.81201	0.00561	0.00561	0.00281	0.00281
85	0.01585	0.00797	0.00959	0.00846	0.01101	0.00760	0.00659	0.01977	0.06362	0.20652	0.21311	0.03006	0.02858	0.00926	0.00600	0.00182	0.00380	0.00775	0.33503	0.00759
86	0.01521	0.01656	0.07211	0.26640	0.40819	0.07231	0.01893	0.01928	0.01435	0.01918	0.01173	0.01589	0.00943	0.00608	0.00635	0.00198	0.00842	0.00556	0.00307	0.00899
87	0.02810	0.01242	0.01587	0.01217	0.01720	0.01161	0.01005	0.16752	0.02087	0.59771	0.02349	0.02070	0.01499	0.00795	0.00649	0.00199	0.00582	0.00636	0.00769	0.01099
88	0.01122	0.00561	0.00842	0.00842	0.00842	0.00561	0.00561	0.00842	0.00842	0.01122	0.01122	0.01964	0.01122	0.02245	0.02525	0.81201	0.00561	0.00561	0.00281	0.00281
89	0.00862	0.00657	0.00793	0.00772	0.00942	0.00588	0.00579	0.01112	0.01679	0.02255	0.46329	0.08049	0.28532	0.01464	0.00768	0.00213	0.00322	0.02835	0.00667	0.00585
90	0.01505	0.01876	0.10769	0.02712	0.09528	0.01623	0.55500	0.02043	0.01486	0.02054	0.01269	0.01681	0.00963	0.00574	0.00781	0.00216	0.03503	0.00710	0.00319	0.00888
91	0.01410	0.01205	0.01279	0.01176	0.01492	0.01351	0.00905	0.02835	0.55012	0.02493	0.05557	0.07856	0.12513	0.01075	0.00687	0.00221	0.00469	0.00908	0.00647	0.00908
92	0.00787	0.00562	0.00750	0.00900	0.00937	0.00525	0.00600	0.00900	0.01237	0.01649	0.03561	0.76871	0.04274	0.02024	0.00825	0.00262	0.00375	0.01837	0.00600	0.00525
93	0.01817	0.01508	0.01527	0.01318	0.01696	0.06580	0.01037	0.17129	0.43357	0.05554	0.09311	0.02381	0.02112	0.00883	0.00660	0.00208	0.00578	0.00719	0.00644	0.00981
94	0.01459	0.33312	0.43270	0.01514	0.02283	0.01901	0.01817	0.01977	0.01357	0.01850	0.03168	0.01334	0.00978	0.00610	0.00538	0.00178	0.00829	0.00444	0.00287	0.00894
95	0.00787	0.00562	0.00750	0.00900	0.00937	0.00525	0.00600	0.00900	0.01237	0.01649	0.03561	0.76871	0.04274	0.02024	0.00825	0.00262	0.00375	0.01837	0.00600	0.00525
96	0.01471	0.01640	0.03476	0.02524	0.03092	0.01594	0.60815	0.01965	0.01451	0.01991	0.01308	0.01781	0.01020	0.00913	0.06505	0.00285	0.06261	0.00744	0.00325	0.00838
97	0.01996	0.07536	0.04943	0.02162	0.09569	0.01520	0.32022	0.06789	0.01689	0.22742	0.01634	0.01781	0.01154	0.00639	0.00679	0.00202	0.00843	0.00659	0.00477	0.00966
98	0.00930	0.00664	0.00894	0.00894	0.00960	0.00729	0.00628	0.01061	0.00996	0.01393	0.01862	0.03268	0.01932	0.36104	0.43907	0.00861	0.01254	0.00799	0.00366	0.00497
99	0.00876	0.00659	0.00810	0.00773	0.00942	0.00593	0.00579	0.01145	0.01738	0.02376	0.56002	0.05181	0.23150	0.01401	0.00762	0.00207	0.00311	0.01218	0.00683	0.00593
100	0.01500	0.01434	0.02443	0.22808	0.55197	0.01509	0.01933	0.01896	0.01424	0.01990	0.01198	0.01632	0.00981	0.00594	0.00641	0.00198	0.00792	0.00575	0.00311	0.00943
101	0.01515	0.01839	0.08640	0.02759	0.08809	0.01617	0.60709	0.02061	0.01510	0.02071	0.01290	0.01705	0.00972	0.00552	0.00742	0.00215	0.01055	0.00728	0.00322	0.00889
102	0.01259	0.01179	0.01626	0.01440	0.01513	0.03017	0.02646	0.01497	0.03693	0.01578	0.01275	0.01953	0.01215	0.05725	0.26263	0.00544	0.41955	0.00632	0.00325	0.00666
103	0.01399	0.01392	0.01951	0.01677	0.01680	0.01945	0.01396	0.01543	0.00991	0.01553	0.00874	0.01447	0.00871	0.01240	0.04260	0.00305	0.73918	0.00569	0.00285	0.00703
104	0.01607	0.01388	0.01461	0.01315	0.01680	0.01607	0.01023	0.03433	0.72094	0.02703	0.02630	0.02411	0.01972	0.00877	0.00657	0.00219	0.00511	0.00731	0.00657	0.01023
105	0.01607	0.01388	0.01461	0.01315	0.01680	0.01607	0.01023	0.03433	0.72094	0.02703	0.02630	0.02411	0.01972	0.00877	0.00657	0.00219	0.00511	0.00731	0.00657	0.01023
106	0.81856	0.01250	0.00950	0.00850	0.01250	0.01449	0.00700	0.01899	0.01100	0.02899	0.00900	0.01050	0.00700	0.00600	0.00400	0.00200	0.00500	0.00350	0.00400	0.00700
107	0.00790	0.00567	0.00750	0.00891	0.00936	0.00527	0.00597	0.00908	0.01258	0.01675	0.05348	0.73135	0.06230	0.01996	0.00821	0.00260	0.00372	0.01807	0.00603	0.00527
108	0.00991	0.00909	0.06615	0.00910	0.01140	0.00724	0.00765	0.03653	0.01820	0.02566	0.62284	0.04498	0.08120	0.01259	0.00747	0.00204	0.00370	0.01102	0.00670	0.00651
109	0.01122	0.00561	0.00842	0.00842	0.00842	0.00561	0.00561	0.00842	0.00842	0.01122	0.01122	0.01964	0.01122	0.02245	0.02525	0.81201	0.00561	0.00561	0.00281	0.00281
110	0.16184	0.01353	0.01696	0.01306	0.01805	0.01352	0.06456	0.19793	0.01992	0.38628	0.01921	0.01805	0.01272	0.00740	0.00615	0.00200	0.00624	0.00590	0.00656	0.01013
111	0.47606	0.01325	0.01522	0.01840	0.23710	0.01411	0.01114	0.01951	0.01262	0.05241	0.01079	0.01286	0.00854	0.00590	0.00490	0.00189	0.00583	0.00434	0.00389	0.07123
112	0.06022	0.01470	0.02065	0.05128	0.36384	0.01563	0.01535	0.14756	0.13610	0.02581	0.01668	0.02147	0.01385	0.00761	0.00651	0.00206	0.00689	0.05942	0.00461	0.00976
113	0.51737	0.03140	0.01259	0.09824	0.04362	0.06927	0.00923	0.01871	0.01218	0.04432	0.02815	0.01347	0.00933	0.00744	0.00613	0.05728	0.00608	0.00433	0.00386	0.00701

[dist]
# distance from previous block
# <min> <max>
20	36

[block]
# block no. 3 follows, 34 sequences, length 49
# corresponding to MSA columns:
# 902-950
name=unknown_D
#
# <colnr> <probs for GDERKNQSTAVLIFYWHMCP>
#	G	D	E	R	K	N	Q	S	T	A	V	L	I	F	Y	W	H	M	C	P
0	0.18421	0.18208	0.01720	0.01122	0.01502	0.06850	0.00954	0.08223	0.01575	0.12975	0.03600	0.08858	0.01792	0.00954	0.00594	0.00203	0.00616	0.10533	0.00503	0.00796
1	0.17958	0.03889	0.01408	0.01081	0.01510	0.01291	0.00885	0.19504	0.01887	0.20797	0.06136	0.04278	0.09323	0.00875	0.00602	0.00193	0.00538	0.00681	0.00602	0.06561
2	0.28203	0.06215	0.01444	0.01179	0.03493	0.11963	0.00918	0.06823	0.05654	0.14435	0.01906	0.04190	0.07141	0.00795	0.00553	0.00192	0.00620	0.00586	0.00502	0.03188
3	0.01717	0.50899	0.04827	0.01362	0.04613	0.04632	0.06400	0.02020	0.03137	0.06208	0.07502	0.01568	0.01392	0.00650	0.00512	0.00161	0.00700	0.00493	0.00364	0.00843
4	0.01695	0.72101	0.08682	0.01161	0.01744	0.02477	0.01202	0.01943	0.01317	0.01560	0.00918	0.01061	0.00828	0.00557	0.00430	0.00143	0.00711	0.00355	0.00276	0.00839
5	0.01220	0.01148	0.01938	0.75739	0.04450	0.01436	0.01794	0.01651	0.01292	0.01651	0.01148	0.01723	0.00861	0.00646	0.00646	0.00215	0.00861	0.00574	0.00287	0.00718
6	0.02425	0.01834	0.01919	0.01486	0.01992	0.04192	0.01222	0.66677	0.05403	0.03949	0.01572	0.01569	0.01121	0.00776	0.00645	0.00194	0.00718	0.00582	0.00637	0.01086
7	0.02899	0.01100	0.01499	0.01150	0.01649	0.00950	0.00950	0.03149	0.01849	0.73709	0.02549	0.02199	0.01599	0.00800	0.00650	0.00200	0.00550	0.00650	0.00800	0.01100
8	0.00787	0.00562	0.00750	0.00900	0.00937	0.00525	0.00600	0.00900	0.01237	0.01649	0.03561	0.76871	0.04274	0.02024	0.00825	0.00262	0.00375	0.01837	0.00600	0.00525
9	0.00940	0.00626	0.00705	0.00705	0.00705	0.00626	0.00392	0.00940	0.00940	0.01253	0.02036	0.04228	0.02349	0.77292	0.03289	0.00626	0.00626	0.00940	0.00392	0.00392
10	0.02788	0.01137	0.01595	0.01390	0.07769	0.01000	0.01038	0.03049	0.01817	0.67591	0.02435	0.02148	0.01550	0.00781	0.00649	0.00199	0.00568	0.00643	0.00759	0.01093
11	0.01408	0.07058	0.43351	0.02132	0.02950	0.01612	0.28200	0.02049	0.01422	0.02025	0.01200	0.01488	0.00880	0.00584	0.00658	0.00206	0.00990	0.00577	0.00293	0.00916
12	0.00764	0.00655	0.00655	0.00655	0.00873	0.00545	0.00491	0.00927	0.01473	0.01745	0.06546	0.06218	0.73000	0.01636	0.00764	0.00218	0.00327	0.01364	0.00600	0.00545
13	0.02414	0.03079	0.01831	0.01665	0.01998	0.74698	0.01248	0.02580	0.01831	0.01581	0.00999	0.01165	0.00832	0.00666	0.00583	0.00166	0.01165	0.00416	0.00333	0.00749
14	0.01516	0.01683	0.03557	0.07161	0.12016	0.01610	0.58399	0.02034	0.01505	0.02050	0.01287	0.01724	0.00979	0.00554	0.00741	0.00215	0.01036	0.00729	0.00324	0.00881
15	0.81856	0.01250	0.00950	0.00850	0.01250	0.01449	0.00700	0.01899	0.01100	0.02899	0.00900	0.01050	0.00700	0.00600	0.00400	0.00200	0.00500	0.00350	0.00400	0.00700
16	0.01594	0.02881	0.58383	0.01747	0.02610	0.01406	0.04535	0.02246	0.01458	0.15003	0.01416	0.01528	0.00965	0.00645	0.00626	0.00204	0.00886	0.00519	0.00370	0.00978
17	0.18863	0.23658	0.02020	0.01221	0.01668	0.22486	0.01027	0.02379	0.01534	0.17752	0.01291	0.01332	0.00973	0.00649	0.00511	0.00173	0.00755	0.00434	0.00434	0.00839
18	0.00772	0.00655	0.00667	0.00664	0.00878	0.00549	0.00498	0.00944	0.01493	0.01795	0.10403	0.06137	0.69112	0.01618	0.00764	0.00217	0.00326	0.01352	0.00606	0.00549
19	0.01607	0.01388	0.01461	0.01315	0.01680	0.01607	0.01023	0.03433	0.72094	0.02703	0.02630	0.02411	0.01972	0.00877	0.00657	0.00219	0.00511	0.00731	0.00657	0.01023
20	0.01685	0.01576	0.02294	0.21681	0.40383	0.06169	0.01773	0.12532	0.01688	0.02261	0.01236	0.01596	0.00982	0.00630	0.00639	0.00197	0.00808	0.00566	0.00362	0.00940
21	0.17473	0.02139	0.01651	0.01422	0.01807	0.30508	0.01117	0.20289	0.10464	0.02614	0.01315	0.01402	0.01014	0.00723	0.00626	0.00190	0.03429	0.00490	0.00464	0.00862
22	0.00787	0.00562	0.00750	0.00900	0.00937	0.00525	0.00600	0.00900	0.01237	0.01649	0.03561	0.76871	0.04274	0.02024	0.00825	0.00262	0.00375	0.01837	0.00600	0.00525
23	0.01539	0.01474	0.02515	0.15298	0.62398	0.01519	0.01953	0.01931	0.01443	0.02038	0.01205	0.01619	0.00998	0.00587	0.00641	0.00196	0.00782	0.00575	0.00315	0.00975
24	0.01571	0.01510	0.02554	0.07147	0.65926	0.01556	0.01941	0.01943	0.01435	0.02057	0.01191	0.01594	0.01006	0.00611	0.00726	0.00198	0.05150	0.00575	0.00316	0.00991
25	0.00914	0.00660	0.00864	0.00813	0.00965	0.00610	0.00610	0.01219	0.01829	0.02591	0.72921	0.04827	0.06097	0.01321	0.00762	0.00203	0.00305	0.01169	0.00711	0.00610
26	0.01607	0.01388	0.01461	0.01315	0.01680	0.01607	0.01023	0.03433	0.72094	0.02703	0.02630	0.02411	0.01972	0.00877	0.00657	0.00219	0.00511	0.00731	0.00657	0.01023
27	0.07882	0.01454	0.01632	0.01256	0.01758	0.01478	0.01030	0.36223	0.02282	0.20774	0.01738	0.03614	0.01254	0.00753	0.00607	0.00181	0.00609	0.00582	0.00622	0.14269
28	0.01663	0.58962	0.18279	0.01284	0.01913	0.05199	0.01383	0.01984	0.01344	0.01634	0.00958	0.01111	0.00827	0.00570	0.00464	0.00153	0.00766	0.00376	0.00278	0.00853
29	0.01041	0.00744	0.01041	0.01190	0.01339	0.00744	0.01041	0.01339	0.01487	0.01934	0.03421	0.07288	0.03719	0.01785	0.00892	0.00297	0.00595	0.68913	0.00595	0.00595
30	0.01525	0.01743	0.03813	0.02723	0.03377	0.01634	0.70915	0.02070	0.01525	0.02070	0.01307	0.01743	0.00980	0.00545	0.00763	0.00218	0.01089	0.00763	0.00327	0.00871
31	0.01607	0.01388	0.01461	0.01315	0.01680	0.01607	0.01023	0.03433	0.72094	0.02703	0.02630	0.02411	0.01972	0.00877	0.00657	0.00219	0.00511	0.00731	0.00657	0.01023
32	0.01414	0.01414	0.01979	0.01696	0.01696	0.01979	0.01414	0.01555	0.00990	0.01555	0.00848	0.01414	0.00848	0.01131	0.02120	0.00283	0.76110	0.00565	0.00283	0.00707
33	0.01599	0.01535	0.02623	0.03966	0.73262	0.01535	0.01983	0.01983	0.01471	0.02111	0.01215	0.01599	0.01023	0.00576	0.00640	0.00192	0.00768	0.00576	0.00320	0.01023
34	0.02414	0.03079	0.01831	0.01665	0.01998	0.74698	0.01248	0.02580	0.01831	0.01581	0.00999	0.01165	0.00832	0.00666	0.00583	0.00166	0.01165	0.00416	0.00333	0.00749
35	0.01511	0.01224	0.01467	0.01080	0.01633	0.01020	0.02888	0.06124	0.07343	0.05727	0.01368	0.01495	0.01082	0.00547	0.00520	0.00121	0.00517	0.00448	0.00440	0.63445
36	0.09738	0.01664	0.01710	0.01393	0.01843	0.07737	0.03146	0.30462	0.21967	0.10889	0.01848	0.01789	0.01335	0.00774	0.00625	0.00201	0.00666	0.00601	0.00607	0.01004
37	0.00799	0.00571	0.00763	0.00913	0.00956	0.00535	0.00620	0.00920	0.01249	0.01663	0.03555	0.73659	0.04248	0.02013	0.00828	0.00264	0.00385	0.04933	0.00600	0.00528
38	0.01220	0.01148	0.01938	0.75739	0.04450	0.01436	0.01794	0.01651	0.01292	0.01651	0.01148	0.01723	0.00861	0.00646	0.00646	0.00215	0.00861	0.00574	0.00287	0.00718
39	0.01817	0.01604	0.04102	0.01707	0.02198	0.01664	0.18425	0.17342	0.34861	0.06095	0.02031	0.02026	0.01494	0.00762	0.00680	0.00212	0.00711	0.00696	0.00569	0.01003
40	0.76905	0.01240	0.00984	0.00869	0.01275	0.01418	0.00715	0.01978	0.01147	0.07339	0.01003	0.01122	0.00756	0.00612	0.00416	0.00200	0.00503	0.00369	0.00425	0.00725
41	0.01340	0.01148	0.01340	0.00957	0.01531	0.00861	0.00766	0.01627	0.01340	0.02105	0.01148	0.01340	0.00957	0.00479	0.00479	0.00096	0.00479	0.00383	0.00383	0.81242
42	0.02768	0.01068	0.01455	0.01131	0.01605	0.00925	0.00928	0.03015	0.01828	0.69134	0.04751	0.04750	0.01826	0.00856	0.00659	0.00202	0.00536	0.00705	0.00790	0.01066
43	0.01340	0.01148	0.01340	0.00957	0.01531	0.00861	0.00766	0.01627	0.01340	0.02105	0.01148	0.01340	0.00957	0.00479	0.00479	0.00096	0.00479	0.00383	0.00383	0.81242
44	0.01061	0.00663	0.00791	0.00769	0.00813	0.00666	0.00472	0.01101	0.01007	0.05823	0.02035	0.03917	0.02222	0.64612	0.10898	0.00645	0.00742	0.00895	0.00412	0.00456
45	0.01583	0.01505	0.02496	0.03672	0.65920	0.01496	0.01869	0.02018	0.04269	0.02134	0.01267	0.01615	0.01057	0.00582	0.00630	0.00187	0.00739	0.00570	0.00337	0.06053
46	0.04901	0.01149	0.01419	0.01120	0.01587	0.01061	0.00907	0.04491	0.12949	0.41537	0.06654	0.02196	0.01788	0.00782	0.00620	0.00185	0.00519	0.00638	0.00683	0.14814
47	0.06633	0.01189	0.01376	0.05700	0.01723	0.01051	0.00871	0.01971	0.12026	0.04691	0.01404	0.01536	0.01110	0.00568	0.00517	0.00132	0.00511	0.00454	0.00434	0.56101
48	0.06683	0.01154	0.01353	0.01134	0.01473	0.03145	0.02807	0.07968	0.14140	0.14697	0.26575	0.02893	0.03018	0.00957	0.00714	0.00199	0.03104	0.00794	0.00633	0.06559

[dist]
# distance from previous block
# <min> <max>
5	15

[block]
# block no. 4 follows, 34 sequences, length 27
# corresponding to MSA columns:
# 966-992
name=unknown_E
#
# <colnr> <probs for GDERKNQSTAVLIFYWHMCP>
#	G	D	E	R	K	N	Q	S	T	A	V	L	I	F	Y	W	H	M	C	P
0	0.14539	0.01256	0.01530	0.01361	0.08452	0.01183	0.03328	0.10949	0.01633	0.12624	0.03798	0.01753	0.03114	0.00659	0.00553	0.00162	0.00556	0.00530	0.03011	0.29009
1	0.05612	0.01126	0.01464	0.04250	0.03935	0.01001	0.00950	0.04833	0.01706	0.41817	0.06954	0.02078	0.01664	0.00740	0.00607	0.00177	0.00539	0.00605	0.00640	0.19301
2	0.09345	0.01589	0.01710	0.01452	0.04940	0.12623	0.05357	0.11282	0.08738	0.22835	0.03756	0.01800	0.01366	0.00719	0.00608	0.00185	0.00685	0.00575	0.00559	0.09874
3	0.05756	0.01344	0.01741	0.01555	0.09338	0.04235	0.04519	0.10186	0.04253	0.39886	0.04020	0.01977	0.01482	0.00743	0.00633	0.00192	0.00627	0.00618	0.00638	0.06257
4	0.01684	0.01182	0.03561	0.01187	0.01656	0.00991	0.06034	0.04687	0.05492	0.18887	0.09055	0.06987	0.01989	0.00823	0.00624	0.00171	0.00544	0.03011	0.00552	0.30883
5	0.01207	0.00847	0.01082	0.00940	0.01230	0.00739	0.03043	0.03242	0.01603	0.09526	0.22576	0.12307	0.20300	0.01255	0.00711	0.00199	0.00421	0.03666	0.00605	0.14500
6	0.01931	0.41672	0.11230	0.01233	0.01787	0.05963	0.01212	0.02286	0.04598	0.17322	0.04126	0.01541	0.01247	0.00664	0.00523	0.00167	0.00696	0.00480	0.00426	0.00899
7	0.01599	0.01535	0.02623	0.03966	0.73262	0.01535	0.01983	0.01983	0.01471	0.02111	0.01215	0.01599	0.01023	0.00576	0.00640	0.00192	0.00768	0.00576	0.00320	0.01023
8	0.01386	0.05743	0.06696	0.01046	0.01586	0.01008	0.00906	0.03670	0.01396	0.04489	0.01447	0.09290	0.01314	0.00674	0.00532	0.00130	0.00524	0.00555	0.00413	0.57196
9	0.01485	0.01170	0.01373	0.00989	0.01557	0.00909	0.00795	0.04289	0.01437	0.06968	0.01257	0.01405	0.01005	0.00511	0.00496	0.00106	0.00492	0.00408	0.00420	0.72928
10	0.01300	0.00987	0.01222	0.06058	0.03175	0.01021	0.00865	0.16079	0.05015	0.02801	0.45830	0.03802	0.06957	0.01136	0.00723	0.00203	0.00448	0.00980	0.00653	0.00745
11	0.00927	0.00621	0.00708	0.00720	0.00723	0.00618	0.00408	0.00936	0.00963	0.01284	0.02157	0.10017	0.02502	0.71295	0.03092	0.00597	0.00606	0.01011	0.00408	0.00402
12	0.07079	0.01393	0.03880	0.01285	0.01639	0.03475	0.01052	0.04953	0.38836	0.11035	0.07458	0.02489	0.02029	0.00920	0.00769	0.00220	0.06567	0.03385	0.00607	0.00930
13	0.01241	0.01164	0.01959	0.65256	0.11392	0.01408	0.01765	0.01654	0.01308	0.01698	0.01255	0.04814	0.01019	0.00696	0.00653	0.00215	0.00832	0.00627	0.00303	0.00741
14	0.01699	0.72708	0.08106	0.01155	0.01735	0.02486	0.01191	0.01942	0.01316	0.01555	0.00916	0.01058	0.00828	0.00557	0.00428	0.00143	0.00709	0.00354	0.00276	0.00838
15	0.81856	0.01250	0.00950	0.00850	0.01250	0.01449	0.00700	0.01899	0.01100	0.02899	0.00900	0.01050	0.00700	0.00600	0.00400	0.00200	0.00500	0.00350	0.00400	0.00700
16	0.01599	0.01535	0.02623	0.03966	0.73262	0.01535	0.01983	0.01983	0.01471	0.02111	0.01215	0.01599	0.01023	0.00576	0.00640	0.00192	0.00768	0.00576	0.00320	0.01023
17	0.01599	0.01535	0.02623	0.03966	0.73262	0.01535	0.01983	0.01983	0.01471	0.02111	0.01215	0.01599	0.01023	0.00576	0.00640	0.00192	0.00768	0.00576	0.00320	0.01023
18	0.01122	0.00561	0.00842	0.00842	0.00842	0.00561	0.00561	0.00842	0.00842	0.01122	0.01122	0.01964	0.01122	0.02245	0.02525	0.81201	0.00561	0.00561	0.00281	0.00281
19	0.00803	0.00588	0.00735	0.00837	0.00906	0.00541	0.00563	0.00922	0.01274	0.01669	0.06866	0.55354	0.15608	0.08871	0.01039	0.00286	0.00387	0.01647	0.00585	0.00520
20	0.00816	0.00657	0.00728	0.00710	0.00905	0.00568	0.00532	0.01029	0.01597	0.02041	0.29750	0.05732	0.49611	0.01526	0.00763	0.00213	0.00319	0.01295	0.00639	0.00568
21	0.01296	0.03342	0.73944	0.01842	0.02797	0.01501	0.02387	0.02046	0.01364	0.02046	0.01160	0.01364	0.00818	0.00614	0.00614	0.00205	0.00955	0.00477	0.00273	0.00955
22	0.01065	0.00915	0.01168	0.01134	0.01255	0.06019	0.00886	0.01285	0.01089	0.01510	0.01610	0.02354	0.01500	0.04260	0.63809	0.00918	0.07618	0.00663	0.00340	0.00599
23	0.01496	0.01658	0.03340	0.02459	0.02944	0.01723	0.52994	0.01937	0.01387	0.01937	0.01189	0.01658	0.00946	0.00696	0.01113	0.00235	0.20434	0.00712	0.00315	0.00829
24	0.01521	0.01477	0.02567	0.10402	0.58103	0.01490	0.07393	0.01913	0.01459	0.02049	0.01451	0.01825	0.04172	0.00626	0.00656	0.00197	0.00783	0.00625	0.00330	0.00962
25	0.53512	0.01849	0.01269	0.01133	0.01517	0.24495	0.00895	0.05055	0.01412	0.02535	0.00959	0.01107	0.00758	0.00628	0.00468	0.00189	0.00718	0.00381	0.00389	0.00732
26	0.02339	0.03097	0.06674	0.01676	0.02051	0.69782	0.01325	0.02544	0.01800	0.01613	0.01010	0.01179	0.00831	0.00662	0.00585	0.00169	0.01151	0.00420	0.00329	0.00763

[dist]
# distance from previous block
# <min> <max>
4	6

[block]
# block no. 5 follows, 34 sequences, length 71
# corresponding to MSA columns:
# 999-1069
name=unknown_F
#
# <colnr> <probs for GDERKNQSTAVLIFYWHMCP>
#	G	D	E	R	K	N	Q	S	T	A	V	L	I	F	Y	W	H	M	C	P
0	0.01420	0.24785	0.53592	0.01629	0.02468	0.01805	0.02018	0.02014	0.01349	0.01895	0.01084	0.01270	0.00822	0.00596	0.00556	0.00185	0.00879	0.00439	0.00274	0.00919
1	0.09344	0.06425	0.01827	0.01567	0.01916	0.64888	0.01194	0.02490	0.01743	0.01694	0.00985	0.01149	0.00821	0.00655	0.00559	0.00168	0.01085	0.00407	0.00336	0.00749
2	0.04812	0.01044	0.01359	0.01081	0.01511	0.00939	0.00877	0.02714	0.05956	0.51436	0.15121	0.02613	0.02376	0.00878	0.00655	0.00197	0.00499	0.00727	0.00745	0.04459
3	0.04848	0.15231	0.59418	0.01680	0.02546	0.01669	0.02108	0.02022	0.01344	0.01998	0.01106	0.01298	0.00815	0.00603	0.00573	0.00194	0.00893	0.00451	0.00279	0.00924
