[name]
unknown

[dist]
# distance from previous block
# <min> <max>
8	564

[block]
# block no. 0 follows, 32 sequences, length 80
# corresponding to MSA columns:
# 649-700,715-742
name=unknown_A
#
# <colnr> <probs for GDERKNQSTAVLIFYWHMCP>
#	G	D	E	R	K	N	Q	S	T	A	V	L	I	F	Y	W	H	M	C	P
0	0.10139	0.01021	0.01206	0.01036	0.01393	0.00957	0.00823	0.04248	0.05637	0.15189	0.19032	0.09675	0.02984	0.01071	0.00675	0.00201	0.00479	0.06292	0.00624	0.17317
1	0.13608	0.04850	0.01796	0.01360	0.01822	0.01797	0.01125	0.37059	0.07829	0.12341	0.04253	0.01787	0.01384	0.00823	0.00719	0.00208	0.04996	0.00602	0.00620	0.01021
2	0.08330	0.10112	0.03449	0.01210	0.01740	0.01514	0.01029	0.21004	0.04459	0.07560	0.01555	0.03922	0.01261	0.00729	0.00576	0.00167	0.00610	0.02353	0.00513	0.27908
3	0.05248	0.36398	0.02389	0.01172	0.01656	0.04514	0.01042	0.05226	0.06315	0.16238	0.01815	0.06115	0.03188	0.00810	0.00561	0.00180	0.00647	0.02166	0.00488	0.03832
4	0.01968	0.06133	0.16366	0.01635	0.02114	0.13250	0.01516	0.25077	0.03845	0.02641	0.01392	0.04704	0.01144	0.00867	0.00925	0.00216	0.14217	0.00600	0.00452	0.00938
5	0.26597	0.01169	0.05218	0.00984	0.01346	0.01092	0.00832	0.01865	0.08535	0.07313	0.15019	0.05951	0.14686	0.01065	0.00637	0.00214	0.00480	0.02216	0.00568	0.04212
6	0.01585	0.00921	0.01128	0.00951	0.01304	0.00806	0.00750	0.01899	0.04522	0.22268	0.15442	0.03900	0.23442	0.01383	0.04968	0.00250	0.00517	0.00955	0.00656	0.12352
7	0.02435	0.10512	0.04151	0.01505	0.01961	0.34050	0.01232	0.12288	0.01972	0.16622	0.01446	0.01492	0.01072	0.00724	0.00641	0.00182	0.02521	0.00502	0.00485	0.04206
8	0.01467	0.19093	0.51050	0.01665	0.02491	0.01762	0.02025	0.04598	0.01445	0.02038	0.01214	0.01524	0.00956	0.05051	0.00756	0.00223	0.00903	0.00498	0.00306	0.00935
9	0.00958	0.00678	0.00845	0.00922	0.00987	0.00661	0.00614	0.04984	0.01350	0.01807	0.05810	0.53416	0.03883	0.18136	0.01399	0.00348	0.00464	0.01603	0.00583	0.00553
10	0.02314	0.05883	0.03632	0.01573	0.02083	0.01517	0.12824	0.18629	0.02045	0.29694	0.04186	0.02140	0.04042	0.00830	0.00780	0.00212	0.05278	0.00694	0.00623	0.01020
11	0.42992	0.01600	0.01416	0.01223	0.01572	0.11824	0.00992	0.04682	0.01403	0.11491	0.01183	0.01345	0.00908	0.00764	0.00802	0.00218	0.13875	0.00461	0.00446	0.00803
12	0.00961	0.00627	0.00841	0.00967	0.01040	0.00584	0.00670	0.01097	0.01337	0.05871	0.03629	0.67755	0.04243	0.02014	0.00850	0.00271	0.00413	0.05613	0.00635	0.00584
13	0.02021	0.01744	0.05892	0.01472	0.01954	0.01836	0.01234	0.31389	0.38450	0.03364	0.02171	0.02065	0.01597	0.00850	0.00675	0.00216	0.00645	0.00678	0.00655	0.01091
14	0.01249	0.01016	0.01166	0.00993	0.01347	0.03450	0.00754	0.01491	0.01457	0.03835	0.11343	0.20162	0.02709	0.03653	0.00748	0.00189	0.00485	0.03671	0.00515	0.39766
15	0.01404	0.03315	0.66311	0.01952	0.02909	0.01586	0.06362	0.04622	0.01490	0.02204	0.01228	0.01447	0.00870	0.00639	0.00648	0.00213	0.00990	0.00517	0.00301	0.00992
16	0.01385	0.03196	0.61531	0.02064	0.03004	0.01581	0.13615	0.02129	0.01444	0.02129	0.01230	0.01482	0.00878	0.00626	0.00663	0.00215	0.01015	0.00545	0.00293	0.00977
17	0.01733	0.01617	0.03221	0.07025	0.16840	0.01547	0.42122	0.02214	0.01609	0.10617	0.03613	0.01933	0.01257	0.00634	0.00746	0.00218	0.00960	0.00741	0.00407	0.00947
18	0.01488	0.05009	0.60984	0.01791	0.02680	0.03071	0.02224	0.02171	0.01459	0.07548	0.01414	0.04705	0.01069	0.00716	0.00644	0.00212	0.00931	0.00566	0.00342	0.00976
19	0.01529	0.01676	0.10150	0.21003	0.17132	0.01503	0.24180	0.02011	0.01495	0.05973	0.01489	0.06087	0.01214	0.00711	0.00717	0.00220	0.00916	0.00731	0.00366	0.00897
20	0.01454	0.01594	0.03372	0.08024	0.03241	0.01522	0.55077	0.01948	0.01524	0.02056	0.01669	0.12068	0.01482	0.00786	0.00792	0.00232	0.01011	0.00931	0.00375	0.00843
21	0.01354	0.01462	0.08146	0.42488	0.20686	0.01454	0.04354	0.01802	0.01415	0.01908	0.01569	0.02017	0.05103	0.00709	0.00673	0.00215	0.00841	0.00644	0.02325	0.00836
22	0.02066	0.01972	0.22327	0.04593	0.12052	0.01363	0.12654	0.02547	0.01650	0.29316	0.01792	0.01860	0.01220	0.00696	0.00681	0.00211	0.00822	0.00630	0.00510	0.01037
23	0.01330	0.02967	0.59686	0.01725	0.02572	0.01390	0.02144	0.01996	0.01433	0.04739	0.01834	0.07615	0.06005	0.00831	0.00667	0.00218	0.00884	0.00676	0.00354	0.00933
24	0.01166	0.00583	0.00874	0.00874	0.00874	0.00583	0.00583	0.00874	0.00874	0.01166	0.01166	0.02040	0.01166	0.02331	0.02622	0.80478	0.00583	0.00583	0.00291	0.00291
25	0.02174	0.01637	0.02185	0.13049	0.07597	0.04336	0.09806	0.27513	0.07772	0.14472	0.01730	0.01834	0.01231	0.00749	0.00685	0.00210	0.00788	0.00643	0.00564	0.01026
26	0.01937	0.04485	0.10386	0.09104	0.05263	0.04963	0.19527	0.02422	0.04623	0.21328	0.03148	0.01945	0.01323	0.00865	0.03212	0.00243	0.03131	0.00665	0.00484	0.00948
27	0.01357	0.03390	0.69585	0.01957	0.02933	0.01565	0.05755	0.02126	0.01425	0.02126	0.01212	0.01436	0.00858	0.00634	0.00645	0.00213	0.00998	0.00510	0.00286	0.00987
28	0.00818	0.00584	0.00779	0.00934	0.00973	0.00545	0.00623	0.00934	0.01285	0.01713	0.03698	0.75981	0.04438	0.02102	0.00856	0.00273	0.00389	0.01908	0.00623	0.00545
29	0.02707	0.01299	0.05626	0.01238	0.01760	0.01084	0.01067	0.05397	0.06616	0.58218	0.04362	0.02389	0.03329	0.00857	0.00679	0.00210	0.00586	0.00698	0.00777	0.01102
30	0.01465	0.01545	0.06031	0.28043	0.30529	0.01533	0.13683	0.01925	0.01484	0.02038	0.04315	0.01864	0.01215	0.00653	0.00693	0.00214	0.00877	0.00653	0.00337	0.00904
31	0.00927	0.00701	0.00859	0.00836	0.01005	0.00647	0.00620	0.01248	0.04293	0.02397	0.47672	0.12763	0.20533	0.01505	0.00795	0.00222	0.00337	0.01315	0.00699	0.00625
32	0.01346	0.03471	0.72942	0.01912	0.02904	0.01558	0.02479	0.02125	0.01417	0.02125	0.01204	0.01417	0.00850	0.00637	0.00637	0.00212	0.00992	0.00496	0.00283	0.00992
33	0.03686	0.31483	0.41001	0.01584	0.02369	0.05489	0.01866	0.02104	0.01413	0.01916	0.01085	0.01268	0.00852	0.00615	0.00551	0.00184	0.00885	0.00437	0.00291	0.00924
34	0.01379	0.06557	0.65977	0.01932	0.02887	0.01614	0.06280	0.02121	0.01424	0.02103	0.01201	0.01424	0.00860	0.00631	0.00637	0.00210	0.00988	0.00507	0.00287	0.00981
35	0.00793	0.00680	0.00680	0.00680	0.00906	0.00566	0.00510	0.00963	0.01529	0.01813	0.06797	0.06457	0.71961	0.01699	0.00793	0.00227	0.00340	0.01416	0.00623	0.00566
36	0.02213	0.01955	0.02623	0.02003	0.02538	0.18081	0.28364	0.08042	0.05987	0.18805	0.01689	0.01809	0.01205	0.00696	0.00705	0.00208	0.00951	0.00665	0.00503	0.00960
37	0.01626	0.01404	0.01476	0.01332	0.01704	0.01615	0.01035	0.03439	0.67639	0.02758	0.02929	0.02696	0.05451	0.00949	0.00688	0.00228	0.00522	0.00791	0.00680	0.01038
38	0.00836	0.00595	0.00792	0.00942	0.00985	0.00560	0.00638	0.00958	0.01287	0.01713	0.03637	0.70187	0.04341	0.04648	0.00948	0.00287	0.00409	0.05078	0.00615	0.00544
39	0.01267	0.01193	0.02013	0.74806	0.04621	0.01491	0.01863	0.01714	0.01342	0.01714	0.01193	0.01789	0.00894	0.00671	0.00671	0.00224	0.00894	0.00596	0.00298	0.00745
40	0.01631	0.01555	0.04025	0.01606	0.01906	0.01814	0.05296	0.06034	0.38641	0.02427	0.01945	0.02048	0.01526	0.00963	0.01184	0.00247	0.24994	0.00689	0.00523	0.00947
41	0.00950	0.00686	0.00897	0.00844	0.01002	0.00633	0.00633	0.01266	0.01899	0.02691	0.71879	0.05012	0.06331	0.01372	0.00791	0.00211	0.00317	0.01213	0.00739	0.00633
42	0.00818	0.00584	0.00779	0.00934	0.00973	0.00545	0.00623	0.00934	0.01285	0.01713	0.03698	0.75981	0.04438	0.02102	0.00856	0.00273	0.00389	0.01908	0.00623	0.00545
43	0.02685	0.01388	0.01945	0.01474	0.02011	0.01326	0.09524	0.16831	0.04981	0.47083	0.02279	0.02096	0.01491	0.00796	0.00689	0.00209	0.00673	0.00678	0.00731	0.01109
44	0.02510	0.01880	0.01939	0.01523	0.02029	0.06895	0.01252	0.58560	0.02928	0.07879	0.01715	0.01880	0.01270	0.00845	0.00678	0.00204	0.00756	0.03507	0.00656	0.01093
45	0.01661	0.01594	0.02724	0.04119	0.72233	0.01594	0.02059	0.02059	0.01528	0.02192	0.01262	0.01661	0.01063	0.00598	0.00664	0.00199	0.00797	0.00598	0.00332	0.01063
46	0.01028	0.00807	0.00951	0.00941	0.01140	0.00791	0.00722	0.01541	0.12886	0.02304	0.28975	0.12278	0.22234	0.01511	0.00797	0.00235	0.00400	0.09111	0.00674	0.00675
47	0.01420	0.01506	0.06239	0.46893	0.19646	0.04173	0.01896	0.01845	0.01387	0.01837	0.01182	0.01696	0.00928	0.00687	0.00769	0.00220	0.05951	0.00584	0.00306	0.00832
48	0.01481	0.05556	0.02114	0.13260	0.02335	0.01432	0.13868	0.01816	0.01515	0.08754	0.17924	0.02788	0.02413	0.00997	0.01054	0.00235	0.16880	0.04320	0.00475	0.00784
49	0.02686	0.01537	0.01794	0.01384	0.01900	0.01589	0.01142	0.40238	0.02577	0.32283	0.02043	0.01922	0.01373	0.00959	0.03148	0.00234	0.00705	0.00637	0.00726	0.01123
50	0.02047	0.01661	0.02731	0.02039	0.02568	0.01714	0.30089	0.19370	0.06705	0.13897	0.01672	0.01848	0.01208	0.00753	0.00878	0.00224	0.08378	0.00703	0.00520	0.00995
51	0.01489	0.23782	0.49591	0.01826	0.06549	0.01866	0.02085	0.02089	0.01408	0.01977	0.01132	0.01336	0.00865	0.00618	0.00581	0.00193	0.00904	0.00464	0.00287	0.00959
52	0.00818	0.00584	0.00779	0.00934	0.00973	0.00545	0.00623	0.00934	0.01285	0.01713	0.03698	0.75981	0.04438	0.02102	0.00856	0.00273	0.00389	0.01908	0.00623	0.00545
53	0.01661	0.01594	0.02724	0.04119	0.72233	0.01594	0.02059	0.02059	0.01528	0.02192	0.01262	0.01661	0.01063	0.00598	0.00664	0.00199	0.00797	0.00598	0.00332	0.01063
54	0.01285	0.01228	0.02124	0.70680	0.04557	0.01503	0.05758	0.01739	0.01356	0.01739	0.01202	0.01790	0.00902	0.00665	0.00678	0.00224	0.00908	0.00608	0.00301	0.00755
55	0.01723	0.01801	0.04408	0.03649	0.59184	0.10315	0.01923	0.02094	0.01561	0.02105	0.01325	0.04409	0.01161	0.00667	0.00664	0.00199	0.00837	0.00625	0.00343	0.01007
56	0.00818	0.00584	0.00779	0.00934	0.00973	0.00545	0.00623	0.00934	0.01285	0.01713	0.03698	0.75981	0.04438	0.02102	0.00856	0.00273	0.00389	0.01908	0.00623	0.00545
57	0.81159	0.01298	0.00986	0.00882	0.01298	0.01505	0.00727	0.01972	0.01142	0.03010	0.00934	0.01090	0.00727	0.00623	0.00415	0.00208	0.00519	0.00363	0.00415	0.00727
58	0.00819	0.00673	0.00696	0.00700	0.00893	0.00577	0.00507	0.00974	0.01474	0.01784	0.08386	0.08705	0.59821	0.09733	0.01077	0.00273	0.00374	0.01380	0.00604	0.00551
59	0.06659	0.01608	0.01685	0.01409	0.01853	0.01824	0.01128	0.30071	0.39772	0.03388	0.02178	0.02064	0.01608	0.00852	0.00663	0.00216	0.00613	0.00674	0.00663	0.01074
60	0.01099	0.00742	0.00962	0.00893	0.01080	0.00695	0.00680	0.01469	0.04395	0.06762	0.63638	0.04826	0.05842	0.01335	0.00784	0.00214	0.00347	0.02819	0.00739	0.00678
61	0.01166	0.00583	0.00874	0.00874	0.00874	0.00583	0.00583	0.00874	0.00874	0.01166	0.01166	0.02040	0.01166	0.02331	0.02622	0.80478	0.00583	0.00583	0.00291	0.00291
62	0.01575	0.01507	0.02569	0.19456	0.57563	0.01572	0.02017	0.01984	0.01487	0.02088	0.01247	0.01689	0.01026	0.00614	0.00666	0.00205	0.00818	0.00598	0.00325	0.00994
63	0.05933	0.05334	0.66936	0.01833	0.02780	0.01585	0.02343	0.02113	0.01399	0.02161	0.01181	0.01389	0.00843	0.00635	0.00619	0.00210	0.00957	0.00485	0.00291	0.00973
64	0.00861	0.00646	0.00745	0.00782	0.00903	0.00583	0.00538	0.00985	0.01380	0.01762	0.11561	0.24822	0.32074	0.14855	0.01335	0.03218	0.00414	0.01423	0.00585	0.00529
65	0.01778	0.01591	0.02156	0.01731	0.02203	0.01736	0.17043	0.12948	0.44987	0.02862	0.02249	0.02212	0.01677	0.00815	0.00706	0.00223	0.00701	0.00744	0.00601	0.01037
66	0.01656	0.56184	0.20788	0.01330	0.01996	0.02320	0.01465	0.02016	0.01393	0.01749	0.03150	0.01281	0.01024	0.00614	0.00493	0.00163	0.00774	0.00419	0.00300	0.00887
67	0.01794	0.76823	0.03516	0.01148	0.01722	0.02655	0.01148	0.02009	0.01363	0.01579	0.00933	0.01076	0.00861	0.00574	0.00431	0.00144	0.00718	0.00359	0.00287	0.00861
68	0.00982	0.00714	0.00944	0.00980	0.01138	0.00677	0.00790	0.01277	0.01718	0.02335	0.39069	0.08518	0.10473	0.01601	0.00844	0.00251	0.00433	0.25957	0.00681	0.00619
69	0.05196	0.02750	0.01884	0.01642	0.02038	0.51257	0.01264	0.19168	0.04523	0.02362	0.01231	0.01348	0.00967	0.00724	0.00617	0.00183	0.01048	0.00483	0.00439	0.00875
70	0.01650	0.01815	0.03827	0.02741	0.03410	0.01723	0.65128	0.06771	0.01691	0.02291	0.01375	0.01796	0.01026	0.00582	0.00784	0.00225	0.01104	0.00779	0.00362	0.00921
71	0.75937	0.01336	0.01054	0.00926	0.01350	0.01543	0.00763	0.06490	0.01276	0.03091	0.00979	0.01125	0.00754	0.00635	0.00432	0.00207	0.00534	0.00379	0.00432	0.00754
72	0.00816	0.00620	0.00753	0.00847	0.00953	0.00557	0.00587	0.00961	0.01396	0.01796	0.08245	0.49789	0.26392	0.01934	0.00833	0.00254	0.00370	0.01712	0.00629	0.00557
73	0.01517	0.01447	0.02464	0.29963	0.47513	0.01556	0.01988	0.01933	0.01460	0.02017	0.01237	0.01708	0.01001	0.00625	0.00667	0.00208	0.00833	0.00597	0.00320	0.00947
74	0.02508	0.03163	0.01904	0.01724	0.02075	0.71812	0.01296	0.04477	0.01935	0.01711	0.01052	0.01221	0.00872	0.00694	0.00607	0.00174	0.01197	0.00437	0.00354	0.00788
75	0.00939	0.00681	0.00885	0.00844	0.00998	0.00627	0.00629	0.01242	0.01859	0.02619	0.66794	0.08500	0.08027	0.01416	0.00795	0.00214	0.00321	0.01253	0.00730	0.00627
76	0.01634	0.01567	0.02675	0.08934	0.67627	0.01587	0.02046	0.02036	0.01515	0.02160	0.01257	0.01669	0.01051	0.00603	0.00665	0.00201	0.00804	0.00598	0.00330	0.01041
77	0.01412	0.03455	0.68870	0.01902	0.02857	0.05695	0.02411	0.02157	0.01444	0.02097	0.01195	0.01405	0.00851	0.00641	0.00636	0.00210	0.01004	0.00492	0.00287	0.00979
78	0.02551	0.01879	0.02014	0.01544	0.02081	0.02081	0.01275	0.69996	0.03155	0.04229	0.01611	0.01611	0.01141	0.00805	0.00671	0.00201	0.00738	0.00604	0.00671	0.01141
79	0.02083	0.02451	0.02563	0.02058	0.02494	0.37252	0.23374	0.05938	0.05323	0.01996	0.01244	0.01511	0.00990	0.00708	0.00804	0.00204	0.07200	0.00586	0.00373	0.00848

[dist]
# distance from previous block
# <min> <max>
5	56

[block]
# block no. 1 follows, 32 sequences, length 9
# corresponding to MSA columns:
# 809-817
name=unknown_B
#
# <colnr> <probs for GDERKNQSTAVLIFYWHMCP>
#	G	D	E	R	K	N	Q	S	T	A	V	L	I	F	Y	W	H	M	C	P
0	0.02197	0.01520	0.01678	0.01388	0.01843	0.01667	0.01114	0.24050	0.36905	0.16528	0.02369	0.02186	0.01694	0.00863	0.00678	0.00216	0.00603	0.00695	0.00707	0.01102
1	0.02438	0.01831	0.01988	0.01547	0.02043	0.02056	0.01275	0.62292	0.06812	0.03997	0.01631	0.01652	0.01176	0.00833	0.00761	0.00208	0.05085	0.00612	0.00650	0.01113
2	0.00840	0.00647	0.00768	0.00811	0.00954	0.00575	0.00580	0.01026	0.01531	0.01990	0.21480	0.31072	0.31786	0.01764	0.00815	0.00239	0.00352	0.01543	0.00651	0.00575
3	0.00866	0.00620	0.00749	0.00830	0.00884	0.00583	0.00535	0.00952	0.01219	0.01592	0.03636	0.42121	0.13780	0.26505	0.01689	0.00390	0.00468	0.01528	0.00552	0.00503
4	0.70222	0.01379	0.01129	0.00974	0.01407	0.01585	0.00803	0.11436	0.01422	0.03180	0.01028	0.01162	0.00784	0.00648	0.00451	0.00207	0.00550	0.00397	0.00451	0.00784
5	0.66220	0.01408	0.01181	0.01008	0.01446	0.01615	0.00831	0.14899	0.01524	0.03242	0.01063	0.01189	0.00805	0.00658	0.00464	0.00206	0.00561	0.00409	0.00464	0.00805
6	0.00867	0.00656	0.00713	0.00733	0.00847	0.00596	0.00484	0.00964	0.01283	0.01601	0.04577	0.14693	0.36198	0.30754	0.01819	0.00397	0.00467	0.01309	0.00539	0.00502
7	0.33877	0.01428	0.01353	0.01189	0.01598	0.01645	0.00948	0.09716	0.35845	0.03035	0.01890	0.01841	0.01421	0.00783	0.00573	0.00217	0.00547	0.00583	0.00573	0.00935
8	0.11812	0.01789	0.01878	0.01471	0.01971	0.06883	0.03863	0.45785	0.02605	0.10258	0.04045	0.01712	0.01299	0.00789	0.00646	0.00202	0.00730	0.00599	0.00622	0.01039

[dist]
# distance from previous block
# <min> <max>
0	4

[block]
# block no. 2 follows, 32 sequences, length 26
# corresponding to MSA columns:
# 822-847
name=unknown_C
#
# <colnr> <probs for GDERKNQSTAVLIFYWHMCP>
#	G	D	E	R	K	N	Q	S	T	A	V	L	I	F	Y	W	H	M	C	P
0	0.01661	0.01594	0.02724	0.04119	0.72233	0.01594	0.02059	0.02059	0.01528	0.02192	0.01262	0.01661	0.01063	0.00598	0.00664	0.00199	0.00797	0.00598	0.00332	0.01063
1	0.00829	0.00622	0.00742	0.00830	0.00923	0.00565	0.00561	0.00948	0.01323	0.01694	0.04473	0.45471	0.25303	0.11084	0.01150	0.00304	0.00406	0.01640	0.00596	0.00535
2	0.56886	0.01477	0.01303	0.01087	0.01539	0.01683	0.00896	0.22976	0.01763	0.03387	0.01143	0.01251	0.00855	0.00679	0.00494	0.00206	0.00587	0.00438	0.00494	0.00855
3	0.01654	0.01854	0.07262	0.02688	0.03373	0.01649	0.62458	0.02213	0.01595	0.06228	0.01424	0.01818	0.01047	0.00585	0.00777	0.00224	0.01092	0.00770	0.00365	0.00923
4	0.01013	0.00724	0.01003	0.01158	0.01283	0.00714	0.00963	0.01273	0.01478	0.01932	0.03590	0.25168	0.04010	0.01918	0.00909	0.00300	0.00559	0.50788	0.00619	0.00599
5	0.01490	0.01420	0.02415	0.34795	0.42891	0.01549	0.01974	0.01910	0.01447	0.01985	0.01232	0.01716	0.00990	0.00630	0.00667	0.00210	0.00839	0.00597	0.00317	0.00925
6	0.02320	0.02895	0.02025	0.01788	0.02103	0.60433	0.04737	0.02509	0.01767	0.01664	0.01032	0.01275	0.00874	0.00751	0.00830	0.00192	0.11218	0.00471	0.00338	0.00778
7	0.02551	0.01879	0.02014	0.01544	0.02081	0.02081	0.01275	0.69996	0.03155	0.04229	0.01611	0.01611	0.01141	0.00805	0.00671	0.00201	0.00738	0.00604	0.00671	0.01141
8	0.01529	0.33497	0.44523	0.01600	0.02420	0.02007	0.01934	0.02078	0.01395	0.01901	0.01093	0.01277	0.00855	0.00612	0.00553	0.00184	0.00879	0.00440	0.00285	0.00938
9	0.02551	0.01879	0.02014	0.01544	0.02081	0.02081	0.01275	0.69996	0.03155	0.04229	0.01611	0.01611	0.01141	0.00805	0.00671	0.00201	0.00738	0.00604	0.00671	0.01141
10	0.00993	0.00670	0.00787	0.00812	0.00837	0.00670	0.00514	0.01042	0.01066	0.01413	0.02343	0.04896	0.02666	0.64559	0.03019	0.00596	0.00645	0.11591	0.00440	0.00440
11	0.01329	0.01255	0.02124	0.63741	0.15205	0.01507	0.01894	0.01768	0.01371	0.01789	0.01203	0.01769	0.00921	0.00659	0.00670	0.00220	0.00879	0.00597	0.00303	0.00795
12	0.02551	0.01879	0.02014	0.01544	0.02081	0.02081	0.01275	0.69996	0.03155	0.04229	0.01611	0.01611	0.01141	0.00805	0.00671	0.00201	0.00738	0.00604	0.00671	0.01141
13	0.00867	0.00644	0.00725	0.00766	0.00860	0.00592	0.00502	0.00960	0.01261	0.01599	0.04256	0.24175	0.28523	0.29207	0.01771	0.00394	0.00467	0.01385	0.00544	0.00502
14	0.01346	0.03471	0.72942	0.01912	0.02904	0.01558	0.02479	0.02125	0.01417	0.02125	0.01204	0.01417	0.00850	0.00637	0.00637	0.00212	0.00992	0.00496	0.00283	0.00992
15	0.05734	0.07266	0.54958	0.01712	0.02582	0.01537	0.02097	0.02275	0.01472	0.12274	0.01382	0.01505	0.00961	0.00661	0.00619	0.00208	0.00891	0.00507	0.00369	0.00992
16	0.01669	0.01513	0.02405	0.25290	0.41554	0.01633	0.01887	0.11710	0.01705	0.02339	0.01291	0.01693	0.01023	0.00650	0.00667	0.00207	0.00818	0.00598	0.00370	0.00977
17	0.00949	0.00691	0.00896	0.00860	0.01022	0.00638	0.00655	0.01257	0.01855	0.02596	0.63754	0.05259	0.09969	0.01421	0.00800	0.00218	0.00337	0.05470	0.00724	0.00628
18	0.76734	0.01418	0.04975	0.00939	0.01387	0.01508	0.00824	0.01981	0.01157	0.02961	0.00949	0.01108	0.00734	0.00624	0.00428	0.00208	0.00545	0.00371	0.00408	0.00741
19	0.10346	0.01796	0.01882	0.01467	0.01983	0.01999	0.01208	0.59344	0.06899	0.04024	0.01609	0.01611	0.01152	0.00793	0.00646	0.00204	0.00704	0.00589	0.00646	0.01095
20	0.03010	0.01142	0.01557	0.01194	0.01713	0.00986	0.00986	0.03270	0.01920	0.72698	0.02647	0.02284	0.01661	0.00830	0.00675	0.00208	0.00571	0.00675	0.00830	0.01142
21	0.00973	0.00711	0.01038	0.01038	0.01152	0.00818	0.00797	0.01203	0.01088	0.01588	0.01834	0.02727	0.01722	0.08787	0.66362	0.01011	0.01663	0.00729	0.04170	0.00590
22	0.01346	0.03471	0.72942	0.01912	0.02904	0.01558	0.02479	0.02125	0.01417	0.02125	0.01204	0.01417	0.00850	0.00637	0.00637	0.00212	0.00992	0.00496	0.00283	0.00992
23	0.02511	0.03066	0.01913	0.01710	0.02075	0.66573	0.01294	0.09399	0.02027	0.01900	0.01094	0.01250	0.00892	0.00703	0.00612	0.00176	0.01163	0.00449	0.00378	0.00814
24	0.00950	0.00691	0.00897	0.00859	0.01020	0.00638	0.00653	0.01259	0.01861	0.02609	0.64821	0.05229	0.09321	0.01415	0.00799	0.00217	0.00335	0.05070	0.00726	0.00629
25	0.01661	0.01594	0.02724	0.04119	0.72233	0.01594	0.02059	0.02059	0.01528	0.02192	0.01262	0.01661	0.01063	0.00598	0.00664	0.00199	0.00797	0.00598	0.00332	0.01063

[dist]
# distance from previous block
# <min> <max>
4	45

[block]
# block no. 3 follows, 32 sequences, length 8
# corresponding to MSA columns:
# 893-900
name=unknown_D
#
# <colnr> <probs for GDERKNQSTAVLIFYWHMCP>
#	G	D	E	R	K	N	Q	S	T	A	V	L	I	F	Y	W	H	M	C	P
0	0.02374	0.01775	0.01919	0.01460	0.02006	0.01900	0.01202	0.59580	0.02886	0.03917	0.01547	0.01577	0.01119	0.00758	0.00645	0.00186	0.00702	0.00573	0.00629	0.13246
1	0.01267	0.01193	0.02013	0.74806	0.04621	0.01491	0.01863	0.01714	0.01342	0.01714	0.01193	0.01789	0.00894	0.00671	0.00671	0.00224	0.00894	0.00596	0.00298	0.00745
2	0.02551	0.01879	0.02014	0.01544	0.02081	0.02081	0.01275	0.69996	0.03155	0.04229	0.01611	0.01611	0.01141	0.00805	0.00671	0.00201	0.00738	0.00604	0.00671	0.01141
3	0.23422	0.02035	0.01562	0.01367	0.01771	0.26679	0.01069	0.09482	0.16049	0.08074	0.01542	0.01568	0.01161	0.00740	0.00582	0.00199	0.00788	0.00517	0.00504	0.00888
4	0.02551	0.01879	0.02014	0.01544	0.02081	0.02081	0.01275	0.69996	0.03155	0.04229	0.01611	0.01611	0.01141	0.00805	0.00671	0.00201	0.00738	0.00604	0.00671	0.01141
5	0.01326	0.00985	0.01326	0.01221	0.01484	0.00996	0.05882	0.01994	0.18248	0.07832	0.17450	0.15363	0.07484	0.01383	0.00793	0.00245	0.00518	0.14038	0.00656	0.00775
6	0.01677	0.01750	0.03018	0.02264	0.02743	0.05795	0.39647	0.08900	0.04456	0.02291	0.05576	0.01914	0.01358	0.00770	0.01023	0.00232	0.14564	0.00739	0.00402	0.00880
7	0.14532	0.01973	0.01841	0.01469	0.01960	0.11915	0.01195	0.50300	0.02674	0.03685	0.01428	0.01476	0.01040	0.00762	0.00623	0.00198	0.00770	0.00544	0.00587	0.01028

[dist]
# distance from previous block
# <min> <max>
8	22

[block]
# block no. 4 follows, 32 sequences, length 8
# corresponding to MSA columns:
# 924-931
name=unknown_E
#
# <colnr> <probs for GDERKNQSTAVLIFYWHMCP>
#	G	D	E	R	K	N	Q	S	T	A	V	L	I	F	Y	W	H	M	C	P
0	0.09624	0.01810	0.01789	0.01408	0.01916	0.07821	0.01144	0.44160	0.06789	0.03519	0.01509	0.01553	0.01114	0.00741	0.00618	0.00187	0.00710	0.00547	0.00582	0.12460
1	0.09239	0.01302	0.01423	0.01125	0.01598	0.01268	0.00901	0.15528	0.12003	0.04758	0.09168	0.02017	0.01768	0.00743	0.00587	0.00165	0.00529	0.00591	0.02910	0.32377
2	0.02077	0.01144	0.01378	0.01161	0.01558	0.01139	0.00923	0.02902	0.25820	0.32963	0.11905	0.03096	0.08918	0.01008	0.00703	0.00217	0.00503	0.00841	0.00748	0.00996
3	0.04962	0.13454	0.01818	0.01285	0.01700	0.10011	0.01040	0.06900	0.32788	0.02512	0.08400	0.02157	0.01924	0.00822	0.00617	0.00193	0.00629	0.00644	0.00551	0.07591
4	0.02178	0.01686	0.01806	0.01445	0.01935	0.01859	0.01171	0.43301	0.25187	0.03615	0.01946	0.01886	0.01427	0.00817	0.00662	0.00202	0.00653	0.00639	0.00655	0.06930
5	0.01556	0.01158	0.01340	0.01087	0.01542	0.01044	0.00851	0.02223	0.18833	0.10422	0.02298	0.09974	0.05328	0.00871	0.00617	0.00169	0.00495	0.00733	0.00554	0.38905
6	0.01794	0.10067	0.01724	0.01223	0.01691	0.01526	0.00996	0.07095	0.33275	0.09529	0.02069	0.02002	0.01560	0.00757	0.00602	0.00182	0.00554	0.00606	0.03337	0.19410
7	0.01128	0.01115	0.01143	0.01343	0.12282	0.09185	0.00845	0.01334	0.01572	0.01853	0.05259	0.05095	0.52570	0.01409	0.00751	0.00216	0.00513	0.01173	0.00545	0.00669

[dist]
# distance from previous block
# <min> <max>
0	13

# created by:
# /home/cegg/simao/soft/augustus-3.2.1/scripts/msa2prfl.pl ./align_prep/EOG090W0GDE.fa
