[name]
unknown

[dist]
# distance from previous block
# <min> <max>
0	86

[block]
# block no. 0 follows, 34 sequences, length 16
# corresponding to MSA columns:
# 87-102
name=unknown_A
#
# <colnr> <probs for GDERKNQSTAVLIFYWHMCP>
#	G	D	E	R	K	N	Q	S	T	A	V	L	I	F	Y	W	H	M	C	P
0	0.01287	0.00933	0.01183	0.01213	0.01429	0.00964	0.01036	0.14492	0.01768	0.02318	0.03186	0.09474	0.05730	0.01600	0.00838	0.00273	0.00597	0.50388	0.00605	0.00685
1	0.02192	0.02583	0.01862	0.15649	0.02462	0.53325	0.01350	0.09497	0.01854	0.01852	0.01084	0.01311	0.00865	0.00673	0.00601	0.00179	0.01061	0.00463	0.00357	0.00779
2	0.01117	0.00794	0.04348	0.00929	0.01094	0.00657	0.00708	0.01319	0.01454	0.10541	0.22943	0.36074	0.04104	0.09590	0.01037	0.00274	0.00430	0.01344	0.00618	0.00624
3	0.02583	0.01290	0.01581	0.01240	0.01718	0.01269	0.01015	0.19135	0.10685	0.46702	0.04261	0.02145	0.01651	0.00818	0.00653	0.00201	0.00576	0.00658	0.00744	0.01077
4	0.02478	0.01090	0.01425	0.01121	0.01557	0.00994	0.00914	0.09818	0.01969	0.53058	0.15749	0.02629	0.02398	0.00896	0.00671	0.00200	0.00520	0.00741	0.00767	0.01007
5	0.00826	0.00630	0.00793	0.00838	0.00963	0.00598	0.00608	0.01006	0.01363	0.01797	0.14920	0.30285	0.24785	0.02331	0.14768	0.00387	0.00606	0.01374	0.00569	0.00554
6	0.01594	0.01549	0.02702	0.03883	0.68621	0.01542	0.06560	0.01989	0.01475	0.02108	0.01221	0.01609	0.01021	0.00574	0.00648	0.00194	0.00789	0.00588	0.00320	0.01013
7	0.03830	0.01238	0.02061	0.57304	0.19776	0.01458	0.01802	0.01733	0.01326	0.01793	0.01156	0.01674	0.00893	0.00629	0.00637	0.00210	0.00829	0.00568	0.00298	0.00786
8	0.01180	0.01247	0.14745	0.01054	0.01395	0.00866	0.00982	0.01638	0.06329	0.08062	0.39696	0.05578	0.08601	0.04766	0.00840	0.00227	0.00480	0.00985	0.00607	0.00725
9	0.01865	0.63339	0.03112	0.01178	0.01724	0.02452	0.01129	0.15011	0.01639	0.02003	0.01022	0.01134	0.00880	0.00595	0.00458	0.00149	0.00695	0.00390	0.00346	0.00880
10	0.01325	0.01148	0.01412	0.09930	0.01881	0.00930	0.00889	0.01630	0.01334	0.02051	0.01148	0.01386	0.00946	0.00499	0.00499	0.00110	0.00524	0.00406	0.00371	0.71580
11	0.01023	0.09917	0.01257	0.00983	0.01129	0.00983	0.00765	0.01207	0.01053	0.01456	0.01689	0.02678	0.01660	0.18026	0.52310	0.00853	0.01397	0.00697	0.00346	0.00572
12	0.01763	0.15381	0.01576	0.01025	0.01374	0.01109	0.00869	0.02026	0.01689	0.26775	0.25100	0.03535	0.04918	0.01060	0.00673	0.00201	0.00498	0.08968	0.00643	0.00817
13	0.01471	0.01428	0.02471	0.26403	0.38301	0.01520	0.10130	0.01984	0.06110	0.01999	0.01299	0.01709	0.01030	0.00614	0.00658	0.00204	0.00819	0.00608	0.00333	0.00908
14	0.01644	0.34724	0.16091	0.15378	0.02402	0.01952	0.01460	0.10214	0.01541	0.03828	0.01169	0.01380	0.00922	0.00624	0.00531	0.00174	0.00755	0.00461	0.03888	0.00861
15	0.00793	0.00652	0.00698	0.00695	0.00893	0.00557	0.00518	0.00981	0.01530	0.01901	0.18961	0.09069	0.57323	0.01594	0.00766	0.00217	0.00325	0.01348	0.00621	0.00557

[dist]
# distance from previous block
# <min> <max>
0	15

[block]
# block no. 1 follows, 34 sequences, length 14
# corresponding to MSA columns:
# 118-131
name=unknown_B
#
# <colnr> <probs for GDERKNQSTAVLIFYWHMCP>
#	G	D	E	R	K	N	Q	S	T	A	V	L	I	F	Y	W	H	M	C	P
0	0.01356	0.00730	0.00960	0.00924	0.01121	0.00655	0.00683	0.01551	0.01546	0.20389	0.19028	0.35689	0.09745	0.01520	0.00761	0.00229	0.00400	0.01343	0.00676	0.00693
1	0.03919	0.23370	0.19668	0.01420	0.02035	0.06955	0.01427	0.19941	0.01868	0.11589	0.01348	0.01406	0.00992	0.00665	0.00564	0.00180	0.00770	0.00482	0.00445	0.00955
2	0.01867	0.01607	0.01945	0.02149	0.22700	0.04285	0.01368	0.21585	0.29980	0.02867	0.01862	0.01893	0.01415	0.00753	0.00647	0.00202	0.00664	0.00633	0.00544	0.01034
3	0.23088	0.01306	0.01462	0.01152	0.01631	0.01328	0.00951	0.18934	0.01938	0.39005	0.01889	0.01750	0.01250	0.00743	0.00585	0.00199	0.00575	0.00557	0.00661	0.00997
4	0.22539	0.01412	0.01481	0.01331	0.04855	0.01573	0.01016	0.16419	0.29472	0.10523	0.01898	0.01831	0.01389	0.00764	0.00587	0.00206	0.00564	0.00588	0.00589	0.00963
5	0.01480	0.21002	0.02398	0.01564	0.01747	0.02045	0.05632	0.01657	0.01104	0.01565	0.00943	0.01464	0.00919	0.04376	0.01650	0.00257	0.48637	0.00538	0.00289	0.00734
6	0.00876	0.00659	0.00810	0.00772	0.00942	0.00593	0.00579	0.01144	0.01737	0.02374	0.55860	0.05184	0.23293	0.01402	0.00762	0.00207	0.00311	0.01219	0.00683	0.00593
7	0.02356	0.00962	0.01307	0.01085	0.01466	0.00840	0.00860	0.02571	0.01692	0.55188	0.02809	0.21392	0.02287	0.01114	0.00695	0.00216	0.00505	0.00955	0.00748	0.00952
8	0.00810	0.00572	0.00743	0.00870	0.00902	0.00540	0.00568	0.00906	0.01192	0.01590	0.03331	0.65909	0.03983	0.13382	0.01197	0.00317	0.00413	0.01701	0.00568	0.00505
9	0.00974	0.00659	0.00988	0.00988	0.01074	0.00744	0.00744	0.01074	0.00988	0.01403	0.01574	0.02391	0.01489	0.04177	0.56173	0.21643	0.01430	0.00659	0.00329	0.00501
10	0.01689	0.01709	0.01563	0.04142	0.04599	0.20206	0.02879	0.06158	0.29802	0.02257	0.05266	0.04863	0.10232	0.00932	0.00661	0.00204	0.00693	0.00758	0.00532	0.00853
11	0.00935	0.00643	0.00790	0.00790	0.00820	0.00673	0.00498	0.00995	0.00965	0.01316	0.01957	0.03794	0.02160	0.58671	0.21652	0.00732	0.00910	0.00876	0.00380	0.00439
12	0.04854	0.05521	0.25468	0.01637	0.02186	0.41174	0.01573	0.04265	0.01657	0.01856	0.01235	0.01392	0.03102	0.00676	0.00588	0.00182	0.01017	0.00466	0.00331	0.00821
13	0.06919	0.01682	0.09546	0.01981	0.20179	0.04321	0.01381	0.15629	0.08468	0.08883	0.01826	0.01908	0.05637	0.00730	0.00616	0.00189	0.00677	0.00599	0.00482	0.08346

[dist]
# distance from previous block
# <min> <max>
2	26

[block]
# block no. 2 follows, 34 sequences, length 15
# corresponding to MSA columns:
# 158-172
name=unknown_C
#
# <colnr> <probs for GDERKNQSTAVLIFYWHMCP>
#	G	D	E	R	K	N	Q	S	T	A	V	L	I	F	Y	W	H	M	C	P
0	0.01201	0.02515	0.50512	0.01636	0.05088	0.01251	0.01870	0.01811	0.01499	0.02202	0.21381	0.02349	0.02314	0.00812	0.00657	0.00204	0.00764	0.00676	0.00398	0.00860
1	0.01943	0.01390	0.02266	0.07368	0.49062	0.01364	0.01681	0.02292	0.01567	0.22257	0.01587	0.01775	0.01176	0.00643	0.00643	0.00196	0.00712	0.00596	0.00453	0.01027
2	0.24218	0.01349	0.01317	0.01184	0.01559	0.01563	0.00932	0.03001	0.52091	0.02758	0.02142	0.02027	0.01614	0.00799	0.00585	0.00214	0.00508	0.00623	0.00585	0.00932
3	0.01786	0.51857	0.14521	0.01318	0.01905	0.11701	0.01338	0.05805	0.01482	0.01752	0.00989	0.01134	0.00843	0.00589	0.00481	0.00156	0.00796	0.00389	0.00303	0.00854
4	0.01387	0.01445	0.01153	0.01073	0.01328	0.21607	0.00810	0.01825	0.11812	0.02045	0.20740	0.03905	0.26007	0.01176	0.00697	0.00200	0.00584	0.00958	0.00560	0.00687
5	0.01384	0.02792	0.53522	0.01693	0.02482	0.01531	0.02003	0.02437	0.21293	0.02231	0.01574	0.01659	0.01144	0.00688	0.00626	0.00209	0.00830	0.00549	0.00381	0.00974
6	0.81856	0.01250	0.00950	0.00850	0.01250	0.01449	0.00700	0.01899	0.01100	0.02899	0.00900	0.01050	0.00700	0.00600	0.00400	0.00200	0.00500	0.00350	0.00400	0.00700
7	0.02325	0.01012	0.01387	0.01131	0.01524	0.00951	0.00920	0.05230	0.01667	0.50656	0.02280	0.02270	0.01584	0.01939	0.21522	0.00436	0.00889	0.00659	0.00666	0.00952
8	0.00816	0.00579	0.00761	0.00896	0.00936	0.00547	0.00603	0.00928	0.01221	0.01625	0.03400	0.65766	0.04050	0.09589	0.01076	0.00301	0.00412	0.05401	0.00579	0.00515
9	0.01128	0.00841	0.00918	0.00877	0.00980	0.00903	0.00569	0.01642	0.20988	0.01661	0.02203	0.03716	0.02243	0.55762	0.02547	0.00512	0.00594	0.00881	0.00466	0.00569
10	0.00893	0.00672	0.00841	0.00882	0.01041	0.00620	0.00696	0.01135	0.01569	0.02064	0.26961	0.13333	0.24637	0.01615	0.00806	0.00240	0.00400	0.20381	0.00635	0.00578
11	0.00885	0.00656	0.00957	0.00999	0.01093	0.00728	0.00749	0.01082	0.01094	0.01542	0.02246	0.23482	0.02364	0.04051	0.53908	0.00820	0.01349	0.01015	0.00418	0.00562
12	0.05377	0.01812	0.01915	0.03558	0.03901	0.06202	0.01256	0.56271	0.02673	0.03602	0.01429	0.01507	0.01043	0.00777	0.00728	0.00199	0.05586	0.00562	0.00577	0.01026
13	0.01098	0.00983	0.01603	0.54653	0.03460	0.01179	0.01458	0.01439	0.01277	0.01650	0.01828	0.22896	0.01823	0.01034	0.00696	0.00229	0.00724	0.00930	0.00375	0.00663
14	0.01893	0.02596	0.22039	0.01579	0.02104	0.29604	0.01484	0.11641	0.11352	0.02197	0.01588	0.01720	0.03953	0.02618	0.00684	0.00201	0.00909	0.00549	0.00414	0.00874

[dist]
# distance from previous block
# <min> <max>
4	38

[block]
# block no. 3 follows, 34 sequences, length 11
# corresponding to MSA columns:
# 211-221
name=unknown_D
#
# <colnr> <probs for GDERKNQSTAVLIFYWHMCP>
#	G	D	E	R	K	N	Q	S	T	A	V	L	I	F	Y	W	H	M	C	P
0	0.00902	0.00594	0.00839	0.04926	0.01101	0.00584	0.00654	0.00924	0.01132	0.01505	0.02763	0.52287	0.03226	0.02010	0.01281	0.22437	0.00452	0.01419	0.00495	0.00468
1	0.02232	0.23343	0.02272	0.01487	0.01905	0.44802	0.01206	0.11953	0.01857	0.01912	0.01048	0.01184	0.00869	0.00650	0.00545	0.00163	0.00972	0.00420	0.00361	0.00820
2	0.01351	0.01158	0.01221	0.01128	0.01444	0.01277	0.00878	0.02652	0.49562	0.02406	0.03738	0.03674	0.21512	0.01126	0.00697	0.00222	0.00465	0.03977	0.00639	0.00873
3	0.01756	0.04128	0.07877	0.22212	0.10261	0.27068	0.04839	0.02278	0.09791	0.01846	0.01278	0.01549	0.00999	0.00663	0.00621	0.00193	0.00930	0.00533	0.00350	0.00826
4	0.02146	0.02438	0.01887	0.01647	0.01916	0.44181	0.01291	0.12284	0.01776	0.01937	0.01038	0.01290	0.00875	0.00809	0.01013	0.00202	0.21634	0.00481	0.00365	0.00788
5	0.00855	0.00643	0.00927	0.00976	0.01054	0.00605	0.04559	0.00995	0.01270	0.01707	0.08735	0.59561	0.04035	0.09542	0.01067	0.00292	0.00435	0.01632	0.00572	0.00538
6	0.01074	0.00865	0.00986	0.00939	0.01167	0.00877	0.00726	0.01758	0.20958	0.02341	0.30182	0.04739	0.22687	0.01322	0.00745	0.00219	0.00391	0.06661	0.00657	0.00704
7	0.01379	0.02847	0.54403	0.02424	0.22104	0.01510	0.02277	0.02029	0.01394	0.02064	0.01175	0.01429	0.00875	0.00603	0.00621	0.00201	0.00904	0.00504	0.00286	0.00974
8	0.01451	0.22134	0.01939	0.01043	0.01576	0.01394	0.00898	0.01707	0.01311	0.01912	0.01062	0.01261	0.00915	0.00539	0.00561	0.00119	0.05147	0.00384	0.00348	0.54300
9	0.01406	0.00779	0.00966	0.00850	0.01121	0.00681	0.00662	0.01647	0.01712	0.21785	0.30714	0.04587	0.27971	0.01287	0.00732	0.00207	0.00380	0.01094	0.00697	0.00722
10	0.01387	0.01151	0.01204	0.02948	0.01436	0.06964	0.00870	0.08279	0.20049	0.04555	0.12694	0.23357	0.07511	0.01298	0.00725	0.00224	0.00517	0.03455	0.00612	0.00764

[dist]
# distance from previous block
# <min> <max>
0	2

[block]
# block no. 4 follows, 34 sequences, length 12
# corresponding to MSA columns:
# 224-235
name=unknown_E
#
# <colnr> <probs for GDERKNQSTAVLIFYWHMCP>
#	G	D	E	R	K	N	Q	S	T	A	V	L	I	F	Y	W	H	M	C	P
0	0.10215	0.01551	0.09920	0.03768	0.14477	0.05652	0.10575	0.03060	0.01400	0.04564	0.01768	0.19584	0.01735	0.00969	0.00736	0.00215	0.04479	0.00853	0.00415	0.04066
1	0.27708	0.06257	0.08283	0.03550	0.05400	0.01699	0.04742	0.05973	0.01299	0.05613	0.01067	0.01347	0.00862	0.00769	0.00983	0.00221	0.22569	0.00489	0.00369	0.00800
2	0.00965	0.00793	0.01023	0.01017	0.01064	0.00897	0.00738	0.01069	0.01151	0.01560	0.03020	0.34252	0.12673	0.16905	0.01623	0.00334	0.18605	0.01285	0.00482	0.00545
3	0.01582	0.52706	0.27091	0.01353	0.02041	0.02202	0.01536	0.01972	0.01330	0.01697	0.00986	0.01147	0.00826	0.00573	0.00482	0.00161	0.00780	0.00390	0.00275	0.00871
4	0.00876	0.00654	0.00899	0.00954	0.01026	0.00694	0.00687	0.01034	0.01172	0.01613	0.06050	0.36747	0.05565	0.08252	0.27013	0.00557	0.03898	0.01272	0.00488	0.00546
5	0.20815	0.01624	0.03125	0.02273	0.02866	0.01590	0.54054	0.02029	0.01423	0.02269	0.01209	0.01576	0.00913	0.00558	0.00675	0.00214	0.00948	0.00663	0.00344	0.00830
6	0.01178	0.00802	0.01020	0.03605	0.01269	0.00798	0.00786	0.08886	0.01660	0.05837	0.19877	0.28453	0.06327	0.01500	0.00766	0.00234	0.00449	0.11509	0.04384	0.00659
7	0.01744	0.02016	0.03065	0.02606	0.13538	0.19181	0.40280	0.02153	0.01564	0.01933	0.01196	0.01566	0.00945	0.00608	0.00769	0.00205	0.04809	0.00641	0.00325	0.00857
8	0.01756	0.02234	0.31240	0.01484	0.02151	0.03269	0.01570	0.21378	0.01914	0.08921	0.05452	0.01834	0.03705	0.00735	0.00624	0.00189	0.00748	0.00577	0.00472	0.09747
9	0.01714	0.01137	0.01378	0.01003	0.01560	0.00883	0.00810	0.01992	0.01462	0.19299	0.01485	0.01546	0.01111	0.00556	0.00520	0.00121	0.00496	0.00447	0.00483	0.61998
10	0.00936	0.00642	0.00785	0.00785	0.00813	0.00670	0.00491	0.00991	0.00963	0.01312	0.01963	0.03823	0.02173	0.59896	0.20444	0.00725	0.00892	0.00880	0.00381	0.00436
11	0.00824	0.00578	0.00739	0.00853	0.00881	0.00549	0.00550	0.00909	0.01166	0.01554	0.03195	0.59427	0.03811	0.20098	0.01416	0.00350	0.00435	0.01621	0.00550	0.00493

[dist]
# distance from previous block
# <min> <max>
0	7

[block]
# block no. 5 follows, 34 sequences, length 31
# corresponding to MSA columns:
# 243-273
name=unknown_F
#
# <colnr> <probs for GDERKNQSTAVLIFYWHMCP>
#	G	D	E	R	K	N	Q	S	T	A	V	L	I	F	Y	W	H	M	C	P
0	0.01564	0.04598	0.01963	0.33270	0.15492	0.15519	0.01539	0.04301	0.01499	0.01847	0.01411	0.01920	0.03034	0.00723	0.00656	0.00199	0.02338	0.03115	0.04231	0.00780
1	0.00764	0.00655	0.00655	0.00655	0.00873	0.00545	0.00491	0.00927	0.01473	0.01745	0.06546	0.06218	0.73000	0.01636	0.00764	0.00218	0.00327	0.01364	0.00600	0.00545
2	0.01083	0.00922	0.01275	0.20105	0.01964	0.03916	0.01021	0.01312	0.01113	0.01495	0.01575	0.02563	0.01504	0.17878	0.35434	0.00678	0.04543	0.00695	0.00337	0.00588
3	0.81856	0.01250	0.00950	0.00850	0.01250	0.01449	0.00700	0.01899	0.01100	0.02899	0.00900	0.01050	0.00700	0.00600	0.00400	0.00200	0.00500	0.00350	0.00400	0.00700
4	0.00821	0.00648	0.00685	0.00681	0.00838	0.00571	0.00475	0.00955	0.01366	0.01690	0.10922	0.05594	0.49382	0.20933	0.01408	0.00321	0.00402	0.01239	0.00556	0.00511
5	0.01122	0.00561	0.00842	0.00842	0.00842	0.00561	0.00561	0.00842	0.00842	0.01122	0.01122	0.01964	0.01122	0.02245	0.02525	0.81201	0.00561	0.00561	0.00281	0.00281
6	0.00940	0.00626	0.00705	0.00705	0.00705	0.00626	0.00392	0.00940	0.00940	0.01253	0.02036	0.04228	0.02349	0.77292	0.03289	0.00626	0.00626	0.00940	0.00392	0.00392
7	0.00925	0.00685	0.01002	0.01002	0.01105	0.00788	0.00763	0.01131	0.01028	0.01473	0.01764	0.02721	0.01695	0.12669	0.67017	0.00994	0.01611	0.00719	0.00351	0.00557
8	0.01984	0.38564	0.09246	0.01415	0.01910	0.33631	0.01286	0.02224	0.01542	0.01595	0.00966	0.01122	0.00830	0.00607	0.00506	0.00157	0.00920	0.00388	0.00300	0.00806
9	0.01760	0.01653	0.02340	0.13737	0.45100	0.07561	0.01765	0.14008	0.01747	0.02342	0.01246	0.01573	0.00998	0.00628	0.00637	0.00194	0.00804	0.00564	0.00373	0.00970
10	0.01480	0.23888	0.39478	0.01515	0.02216	0.04482	0.01735	0.04997	0.04113	0.01961	0.01350	0.07527	0.01162	0.00732	0.00577	0.00189	0.00813	0.00564	0.00334	0.00885
11	0.01315	0.06617	0.70836	0.01809	0.02746	0.01547	0.02331	0.02041	0.01362	0.02023	0.01148	0.01350	0.00819	0.00611	0.00605	0.00202	0.00943	0.00472	0.00273	0.00949
12	0.01204	0.00602	0.00602	0.00602	0.00753	0.00602	0.00452	0.01506	0.01355	0.02409	0.02108	0.02409	0.01656	0.00753	0.00452	0.00151	0.00301	0.00602	0.80879	0.00602
13	0.01109	0.17347	0.04369	0.00919	0.01212	0.01107	0.00793	0.01454	0.04998	0.02138	0.35499	0.03941	0.17462	0.01299	0.03444	0.00224	0.00482	0.00963	0.00562	0.00677
14	0.01293	0.01242	0.01942	0.64668	0.06561	0.03670	0.01737	0.01755	0.04040	0.01701	0.01190	0.01714	0.00909	0.00676	0.00713	0.00216	0.04354	0.00575	0.00304	0.00741
15	0.00783	0.00651	0.00685	0.00686	0.00887	0.00552	0.00511	0.00962	0.01505	0.01844	0.14537	0.09464	0.61476	0.01616	0.00766	0.00218	0.00327	0.01363	0.00614	0.00552
16	0.10305	0.01316	0.01541	0.04465	0.01807	0.01365	0.01031	0.16171	0.17021	0.34865	0.02149	0.01984	0.01461	0.00785	0.00626	0.00204	0.00581	0.00621	0.00678	0.01027
17	0.04239	0.01668	0.10376	0.01604	0.09086	0.05627	0.01265	0.17559	0.15011	0.10023	0.01777	0.01945	0.01360	0.03473	0.09242	0.00308	0.00814	0.00611	0.03081	0.00931
18	0.01069	0.00869	0.01097	0.01274	0.07975	0.03529	0.00874	0.03205	0.03241	0.02035	0.16791	0.28538	0.09000	0.01556	0.00787	0.00242	0.00486	0.16203	0.00586	0.00642
19	0.00804	0.00601	0.00747	0.00828	0.00927	0.00544	0.00576	0.00962	0.01395	0.01836	0.16321	0.47906	0.20575	0.01812	0.00800	0.00242	0.00352	0.01611	0.00619	0.00544
20	0.01870	0.12340	0.14959	0.01671	0.02180	0.24192	0.10008	0.05151	0.08979	0.05068	0.01326	0.01494	0.01033	0.00794	0.02695	0.00213	0.04260	0.00524	0.00379	0.00863
21	0.06824	0.04875	0.08621	0.05546	0.35317	0.01656	0.01647	0.16659	0.06501	0.04172	0.01370	0.01583	0.01063	0.00650	0.00616	0.00195	0.00734	0.00556	0.00420	0.00994
22	0.00792	0.00573	0.00749	0.00880	0.00934	0.00530	0.00593	0.00916	0.01280	0.01699	0.06980	0.68976	0.08777	0.01967	0.00818	0.00257	0.00369	0.01775	0.00605	0.00530
23	0.01016	0.00686	0.00914	0.00922	0.01076	0.00643	0.00719	0.01288	0.01665	0.05656	0.43077	0.15076	0.06568	0.01503	0.00795	0.00233	0.00392	0.16485	0.00672	0.00617
24	0.01439	0.01832	0.18115	0.05825	0.40048	0.01462	0.04682	0.01939	0.04101	0.02066	0.03730	0.05905	0.01348	0.00726	0.00716	0.00206	0.03919	0.00657	0.00348	0.00935
25	0.12478	0.07859	0.32841	0.01684	0.05682	0.06149	0.04358	0.12770	0.04581	0.02450	0.02627	0.01452	0.01015	0.00656	0.00585	0.00196	0.00815	0.00503	0.00381	0.00917
26	0.01642	0.01098	0.01347	0.01342	0.07947	0.01123	0.00936	0.21087	0.03815	0.10840	0.05500	0.24917	0.05184	0.01196	0.00690	0.00213	0.00517	0.01031	0.08753	0.00824
27	0.08550	0.08402	0.20789	0.04618	0.11909	0.04600	0.04084	0.04433	0.01486	0.10034	0.01732	0.02030	0.05819	0.02849	0.00679	0.00206	0.00744	0.02565	0.00406	0.04064
28	0.05506	0.16448	0.17357	0.01904	0.13317	0.07924	0.06606	0.06372	0.08415	0.02129	0.01450	0.04663	0.01234	0.00730	0.00603	0.00194	0.00786	0.03091	0.00382	0.00891
29	0.07402	0.07352	0.02093	0.04380	0.17524	0.19364	0.04324	0.12777	0.10376	0.03973	0.01372	0.01524	0.01073	0.00668	0.00598	0.00185	0.00804	0.00529	0.00428	0.03255
30	0.06592	0.07256	0.01943	0.15975	0.10873	0.08239	0.03388	0.11061	0.10748	0.02321	0.06214	0.01805	0.01405	0.00725	0.00661	0.00193	0.03404	0.00583	0.00432	0.06182

[dist]
# distance from previous block
# <min> <max>
3	19

[block]
# block no. 6 follows, 34 sequences, length 26
# corresponding to MSA columns:
# 304-329
name=unknown_G
#
# <colnr> <probs for GDERKNQSTAVLIFYWHMCP>
#	G	D	E	R	K	N	Q	S	T	A	V	L	I	F	Y	W	H	M	C	P
0	0.10550	0.07169	0.06250	0.02001	0.20503	0.05969	0.04318	0.05998	0.06345	0.05237	0.05555	0.01960	0.04589	0.00949	0.04302	0.00237	0.04550	0.00610	0.00421	0.02488
1	0.10700	0.05042	0.08503	0.03846	0.17762	0.07764	0.03111	0.13633	0.04924	0.05976	0.01321	0.01486	0.01014	0.00634	0.00580	0.00180	0.00725	0.00508	0.00425	0.11866
2	0.08967	0.08430	0.05129	0.04871	0.15739	0.13028	0.05648	0.15327	0.05722	0.04127	0.03739	0.01731	0.03358	0.00708	0.00607	0.00190	0.00772	0.00572	0.00436	0.00899
3	0.15893	0.06687	0.08647	0.01367	0.03546	0.15492	0.01160	0.14650	0.06164	0.06530	0.07202	0.01842	0.01485	0.00756	0.00583	0.00189	0.00717	0.02378	0.00478	0.04233
4	0.14309	0.05495	0.01858	0.01486	0.01892	0.30943	0.07271	0.09900	0.04713	0.09399	0.01336	0.01474	0.01027	0.00925	0.05034	0.00236	0.00931	0.00505	0.00436	0.00831
5	0.10827	0.02314	0.01683	0.04386	0.01946	0.41102	0.01141	0.12763	0.04802	0.02213	0.01164	0.01306	0.00922	0.00661	0.00566	0.00170	0.00904	0.00450	0.00405	0.10275
6	0.01169	0.00775	0.00974	0.00890	0.01094	0.00736	0.00677	0.04845	0.04479	0.08612	0.52973	0.08757	0.08900	0.01293	0.00747	0.00207	0.00359	0.01130	0.00701	0.00682
7	0.01903	0.59200	0.03027	0.01208	0.01742	0.06091	0.01137	0.15384	0.01674	0.02018	0.01030	0.01143	0.00882	0.00602	0.00468	0.00150	0.00719	0.00395	0.00351	0.00877
8	0.00764	0.00655	0.00655	0.00655	0.00873	0.00545	0.00491	0.00927	0.01473	0.01745	0.06546	0.06218	0.73000	0.01636	0.00764	0.00218	0.00327	0.01364	0.00600	0.00545
9	0.00951	0.00629	0.00719	0.00719	0.00733	0.00636	0.00418	0.00977	0.00964	0.01319	0.02022	0.04049	0.02276	0.69666	0.07277	0.00629	0.00675	0.00910	0.04019	0.00412
10	0.02254	0.01899	0.01943	0.01764	0.09841	0.11637	0.01290	0.46159	0.11002	0.03357	0.01570	0.01608	0.01160	0.00751	0.00638	0.00193	0.00754	0.00577	0.00570	0.01035
11	0.01031	0.00736	0.01030	0.01178	0.01323	0.00735	0.01024	0.01321	0.01477	0.01922	0.03427	0.10069	0.03741	0.01794	0.00890	0.00296	0.00586	0.66232	0.00595	0.00592
12	0.00787	0.00562	0.00750	0.00900	0.00937	0.00525	0.00600	0.00900	0.01237	0.01649	0.03561	0.76871	0.04274	0.02024	0.00825	0.00262	0.00375	0.01837	0.00600	0.00525
13	0.02277	0.01721	0.01838	0.01450	0.01936	0.01920	0.01185	0.56860	0.17576	0.03784	0.01778	0.01732	0.01283	0.00797	0.00649	0.00199	0.00669	0.00613	0.00649	0.01083
14	0.01632	0.06185	0.02664	0.05984	0.59681	0.05291	0.05254	0.02004	0.01477	0.02032	0.01188	0.01555	0.00995	0.00580	0.00629	0.00189	0.00802	0.00563	0.00317	0.00980
15	0.02899	0.01100	0.01499	0.01150	0.01649	0.00950	0.00950	0.03149	0.01849	0.73709	0.02549	0.02199	0.01599	0.00800	0.00650	0.00200	0.00550	0.00650	0.00800	0.01100
16	0.01525	0.01743	0.03813	0.02723	0.03377	0.01634	0.70915	0.02070	0.01525	0.02070	0.01307	0.01743	0.00980	0.00545	0.00763	0.00218	0.01089	0.00763	0.00327	0.00871
17	0.01406	0.09469	0.49099	0.02197	0.13478	0.01614	0.09788	0.02029	0.01394	0.02012	0.01161	0.01413	0.00869	0.00595	0.00617	0.00198	0.00918	0.00512	0.00286	0.00945
18	0.01605	0.47674	0.17997	0.01266	0.01861	0.03970	0.01336	0.05062	0.03587	0.01825	0.03165	0.01580	0.05340	0.00673	0.00509	0.00164	0.00723	0.00479	0.00336	0.00849
19	0.00935	0.00647	0.00807	0.00807	0.00842	0.00682	0.00519	0.01005	0.00970	0.01328	0.01942	0.03711	0.02124	0.55112	0.25162	0.00753	0.00965	0.00864	0.00378	0.00448
20	0.02227	0.02747	0.01918	0.01834	0.07405	0.60386	0.04195	0.02485	0.04541	0.01674	0.01132	0.01387	0.00955	0.03546	0.00699	0.00190	0.01086	0.00475	0.00347	0.00772
21	0.02022	0.01604	0.01634	0.05110	0.06529	0.12818	0.01122	0.22011	0.10635	0.13765	0.04575	0.02440	0.11104	0.00888	0.00657	0.00198	0.00679	0.00708	0.00579	0.00922
22	0.01976	0.02076	0.02232	0.04300	0.10034	0.25238	0.14142	0.13595	0.15417	0.02348	0.01486	0.01638	0.01143	0.00691	0.00649	0.00195	0.00900	0.00589	0.00442	0.00910
23	0.01617	0.01477	0.02023	0.07233	0.28321	0.07781	0.05571	0.06313	0.06053	0.05183	0.04660	0.08594	0.01588	0.00780	0.00648	0.00191	0.00710	0.00704	0.00431	0.10122
24	0.14882	0.01592	0.01737	0.01406	0.01828	0.13013	0.10836	0.11198	0.09030	0.08705	0.08589	0.02036	0.01663	0.00764	0.00614	0.00192	0.00698	0.02112	0.02519	0.06585
25	0.08193	0.01584	0.01920	0.04374	0.19120	0.13444	0.08259	0.08521	0.01667	0.06565	0.06278	0.07710	0.01621	0.00793	0.00633	0.00194	0.00735	0.00689	0.04373	0.03326

[dist]
# distance from previous block
# <min> <max>
5	39

[block]
# block no. 7 follows, 34 sequences, length 16
# corresponding to MSA columns:
# 371-386
name=unknown_H
#
# <colnr> <probs for GDERKNQSTAVLIFYWHMCP>
#	G	D	E	R	K	N	Q	S	T	A	V	L	I	F	Y	W	H	M	C	P
0	0.09468	0.10531	0.06416	0.01242	0.04769	0.05287	0.02655	0.05902	0.01648	0.06975	0.22686	0.03071	0.05671	0.00967	0.00640	0.00196	0.00570	0.06054	0.02483	0.02770
1	0.01741	0.01249	0.01461	0.07273	0.01862	0.01386	0.01074	0.03016	0.46541	0.14949	0.02581	0.02841	0.02005	0.00942	0.00680	0.00224	0.00555	0.08009	0.00646	0.00966
2	0.01987	0.01477	0.01649	0.01233	0.01774	0.01438	0.01007	0.36471	0.02218	0.07173	0.01430	0.01495	0.01065	0.00645	0.00572	0.00151	0.00599	0.00498	0.00538	0.36580
3	0.16372	0.01580	0.02866	0.05565	0.07150	0.01577	0.42536	0.07541	0.01553	0.02356	0.01421	0.01746	0.03445	0.00618	0.00674	0.00211	0.00893	0.00673	0.00373	0.00849
4	0.10823	0.01929	0.01684	0.01382	0.01809	0.18485	0.01106	0.40001	0.04833	0.03193	0.01437	0.01508	0.01070	0.00733	0.00590	0.00186	0.00752	0.00526	0.07017	0.00933
5	0.00914	0.00660	0.00864	0.00813	0.00965	0.00610	0.00610	0.01219	0.01829	0.02591	0.72921	0.04827	0.06097	0.01321	0.00762	0.00203	0.00305	0.01169	0.00711	0.00610
6	0.00958	0.00685	0.00942	0.01065	0.01185	0.00669	0.00870	0.01208	0.01465	0.01942	0.12269	0.25364	0.04167	0.01789	0.00858	0.00276	0.00500	0.42599	0.00611	0.00578
7	0.01727	0.40763	0.12506	0.01931	0.18272	0.11326	0.01497	0.02043	0.01422	0.01734	0.01019	0.01226	0.00873	0.00581	0.00514	0.00163	0.00804	0.00425	0.00293	0.00880
8	0.00940	0.00626	0.00705	0.00705	0.00705	0.00626	0.00392	0.00940	0.00940	0.01253	0.02036	0.04228	0.02349	0.77292	0.03289	0.00626	0.00626	0.00940	0.00392	0.00392
9	0.00940	0.00626	0.00705	0.00705	0.00705	0.00626	0.00392	0.00940	0.00940	0.01253	0.02036	0.04228	0.02349	0.77292	0.03289	0.00626	0.00626	0.00940	0.00392	0.00392
10	0.02573	0.01561	0.15140	0.01298	0.01885	0.01112	0.01235	0.06713	0.01824	0.56375	0.02233	0.02006	0.01425	0.00763	0.00643	0.00200	0.00635	0.00614	0.00692	0.01072
11	0.01999	0.01481	0.02285	0.03011	0.47814	0.01477	0.01655	0.12058	0.01775	0.17706	0.01548	0.01721	0.01157	0.00652	0.00643	0.00194	0.00713	0.00592	0.00469	0.01050
12	0.02750	0.01067	0.01452	0.01124	0.01598	0.00924	0.00924	0.03005	0.01848	0.68388	0.07815	0.02396	0.01936	0.00839	0.00658	0.00200	0.00531	0.00689	0.00793	0.01063
13	0.12129	0.01558	0.02140	0.02661	0.38494	0.01634	0.01533	0.23033	0.01921	0.06780	0.01351	0.01548	0.01037	0.00652	0.00612	0.00194	0.00704	0.00553	0.00456	0.01009
14	0.07659	0.01502	0.02060	0.01599	0.02056	0.05126	0.19756	0.15232	0.13941	0.02681	0.12811	0.02191	0.01949	0.00772	0.00661	0.00197	0.00701	0.00705	0.00515	0.07884
15	0.18855	0.01582	0.01604	0.01564	0.11129	0.11517	0.01092	0.10240	0.09608	0.14370	0.01529	0.01576	0.01131	0.00675	0.00565	0.00182	0.00658	0.00512	0.00501	0.11108

[dist]
# distance from previous block
# <min> <max>
10	67

[block]
# block no. 8 follows, 34 sequences, length 21
# corresponding to MSA columns:
# 461-481
name=unknown_I
#
# <colnr> <probs for GDERKNQSTAVLIFYWHMCP>
#	G	D	E	R	K	N	Q	S	T	A	V	L	I	F	Y	W	H	M	C	P
0	0.02133	0.01156	0.03713	0.01116	0.01573	0.00997	0.00928	0.02636	0.11706	0.39864	0.12538	0.02451	0.02182	0.00831	0.00639	0.00187	0.00511	0.00690	0.00685	0.13462
1	0.01268	0.01229	0.01608	0.01458	0.01483	0.04511	0.01165	0.01402	0.01097	0.01584	0.01660	0.23817	0.01865	0.01377	0.01673	0.00272	0.50559	0.00937	0.00379	0.00654
2	0.01990	0.01547	0.01658	0.01374	0.01794	0.01734	0.01099	0.38709	0.30573	0.03341	0.02135	0.07562	0.01688	0.00910	0.00664	0.00209	0.00606	0.00736	0.00647	0.01025
3	0.00885	0.00638	0.00838	0.00833	0.00959	0.00590	0.00607	0.01146	0.01693	0.02375	0.56988	0.21376	0.05678	0.01483	0.00776	0.00217	0.00321	0.01322	0.00686	0.00590
4	0.01363	0.14890	0.62984	0.01727	0.02620	0.01665	0.02188	0.02029	0.01356	0.01965	0.01119	0.01313	0.00820	0.00604	0.00583	0.00194	0.00914	0.00457	0.00273	0.00935
5	0.01454	0.01533	0.02646	0.02070	0.02307	0.01854	0.26677	0.01742	0.01184	0.01742	0.01015	0.01533	0.00896	0.00918	0.01627	0.00259	0.48841	0.00637	0.00299	0.00767
6	0.00779	0.00634	0.00690	0.00722	0.00894	0.00545	0.00524	0.00940	0.01442	0.01780	0.10270	0.22416	0.52706	0.01705	0.00778	0.00227	0.00337	0.01460	0.00607	0.00545
7	0.01296	0.03342	0.73944	0.01842	0.02797	0.01501	0.02387	0.02046	0.01364	0.02046	0.01160	0.01364	0.00818	0.00614	0.00614	0.00205	0.00955	0.00477	0.00273	0.00955
8	0.01599	0.01535	0.02623	0.03966	0.73262	0.01535	0.01983	0.01983	0.01471	0.02111	0.01215	0.01599	0.01023	0.00576	0.00640	0.00192	0.00768	0.00576	0.00320	0.01023
9	0.01525	0.01743	0.03813	0.02723	0.03377	0.01634	0.70915	0.02070	0.01525	0.02070	0.01307	0.01743	0.00980	0.00545	0.00763	0.00218	0.01089	0.00763	0.00327	0.00871
10	0.01510	0.01698	0.03560	0.02582	0.03145	0.01682	0.61337	0.01999	0.01451	0.01999	0.01244	0.01698	0.00962	0.00625	0.00950	0.00227	0.11428	0.00735	0.00321	0.00849
11	0.01220	0.01148	0.01938	0.75739	0.04450	0.01436	0.01794	0.01651	0.01292	0.01651	0.01148	0.01723	0.00861	0.00646	0.00646	0.00215	0.00861	0.00574	0.00287	0.00718
12	0.02372	0.12431	0.02052	0.01373	0.01884	0.01902	0.01158	0.47353	0.06465	0.14065	0.01668	0.01623	0.01184	0.00753	0.00615	0.00188	0.00673	0.00567	0.00618	0.01056
13	0.01088	0.00812	0.00927	0.00867	0.01098	0.00784	0.00659	0.01611	0.14552	0.06073	0.29695	0.06967	0.29699	0.01350	0.00739	0.00213	0.00366	0.01153	0.00662	0.00685
14	0.01687	0.01396	0.01640	0.01410	0.01806	0.01565	0.06276	0.03312	0.62116	0.07375	0.02525	0.02346	0.01873	0.00847	0.00665	0.00218	0.00557	0.00728	0.00642	0.01016
15	0.01340	0.01148	0.01340	0.00957	0.01531	0.00861	0.00766	0.01627	0.01340	0.02105	0.01148	0.01340	0.00957	0.00479	0.00479	0.00096	0.00479	0.00383	0.00383	0.81242
16	0.11170	0.04064	0.06375	0.02101	0.02648	0.05670	0.41587	0.02100	0.06760	0.02134	0.01543	0.01830	0.04317	0.00663	0.00742	0.00213	0.04197	0.00684	0.00367	0.00836
17	0.01511	0.05185	0.25292	0.01710	0.06955	0.03601	0.08452	0.07196	0.06314	0.02231	0.01288	0.01476	0.00990	0.00593	0.00587	0.00169	0.00761	0.00502	0.00370	0.24815
18	0.10655	0.07947	0.09742	0.01731	0.07682	0.03001	0.13945	0.05717	0.04696	0.11781	0.03405	0.05244	0.04487	0.00801	0.00740	0.00208	0.06227	0.00673	0.00450	0.00868
19	0.06097	0.03265	0.03647	0.03995	0.05460	0.03238	0.12897	0.07275	0.12354	0.09144	0.04835	0.09077	0.03831	0.00889	0.00761	0.00209	0.05797	0.00767	0.00497	0.05965
20	0.01612	0.01475	0.01768	0.01539	0.05277	0.08755	0.09374	0.12830	0.14263	0.02431	0.07190	0.07790	0.04012	0.00896	0.00747	0.00198	0.05403	0.00754	0.04212	0.09474

[dist]
# distance from previous block
# <min> <max>
2	65

[block]
# block no. 9 follows, 34 sequences, length 7
# corresponding to MSA columns:
# 562-568
name=unknown_J
#
# <colnr> <probs for GDERKNQSTAVLIFYWHMCP>
#	G	D	E	R	K	N	Q	S	T	A	V	L	I	F	Y	W	H	M	C	P
0	0.03664	0.21696	0.07239	0.01615	0.07987	0.08574	0.07608	0.03446	0.05104	0.09624	0.05095	0.05402	0.01450	0.00754	0.00660	0.00185	0.04329	0.00605	0.00419	0.04542
1	0.01585	0.01259	0.03993	0.01234	0.01564	0.03570	0.03819	0.15252	0.14751	0.09192	0.14351	0.16706	0.04984	0.01167	0.00716	0.00219	0.00552	0.03628	0.00625	0.00834
2	0.06308	0.06579	0.23767	0.07808	0.05943	0.12860	0.01586	0.07759	0.03588	0.02106	0.01494	0.05522	0.01319	0.00833	0.00683	0.00208	0.03522	0.06898	0.00382	0.00836
3	0.14424	0.06144	0.05930	0.04653	0.06134	0.34661	0.01236	0.07998	0.05060	0.02113	0.01418	0.01554	0.04639	0.00710	0.00572	0.00183	0.00877	0.00500	0.00390	0.00804
4	0.29629	0.01723	0.06336	0.04281	0.01782	0.12217	0.01068	0.14913	0.05799	0.06080	0.01384	0.04962	0.01110	0.00731	0.00549	0.00193	0.00678	0.00530	0.00465	0.05569
5	0.01475	0.01183	0.01286	0.01261	0.05106	0.05900	0.00922	0.16366	0.08990	0.04964	0.08388	0.18992	0.14297	0.01299	0.00729	0.00223	0.00544	0.06704	0.00599	0.00774
6	0.21104	0.02041	0.01828	0.01589	0.05320	0.23648	0.05707	0.26358	0.02044	0.02822	0.01199	0.01332	0.00913	0.00676	0.00576	0.00189	0.00825	0.00489	0.00457	0.00881

[dist]
# distance from previous block
# <min> <max>
29	97

[block]
# block no. 10 follows, 34 sequences, length 20
# corresponding to MSA columns:
# 683-702
name=unknown_K
#
# <colnr> <probs for GDERKNQSTAVLIFYWHMCP>
#	G	D	E	R	K	N	Q	S	T	A	V	L	I	F	Y	W	H	M	C	P
0	0.01952	0.07102	0.03967	0.06101	0.01969	0.07915	0.01168	0.27263	0.18462	0.06186	0.07561	0.01979	0.01665	0.00798	0.00631	0.00193	0.00672	0.00627	0.00567	0.03223
1	0.13752	0.05321	0.03474	0.01319	0.04303	0.01323	0.06592	0.07344	0.11600	0.08448	0.06599	0.01812	0.01489	0.00679	0.00568	0.00171	0.00580	0.00559	0.00488	0.23581
2	0.06753	0.01489	0.02211	0.01657	0.02181	0.04030	0.23746	0.11498	0.06363	0.08393	0.04462	0.03309	0.01364	0.00674	0.00638	0.00183	0.00735	0.00640	0.00470	0.19206
3	0.06835	0.01381	0.02126	0.02800	0.43842	0.01360	0.01548	0.02401	0.05290	0.23475	0.01667	0.01787	0.01225	0.00660	0.00629	0.00196	0.00673	0.00592	0.00485	0.01027
4	0.01294	0.01100	0.01291	0.00952	0.01482	0.00834	0.00752	0.01567	0.01331	0.02068	0.01348	0.07572	0.01231	0.00606	0.00507	0.00109	0.00470	0.00503	0.00401	0.74582
5	0.02371	0.01147	0.01659	0.01331	0.01753	0.01092	0.06461	0.04349	0.03726	0.48921	0.02432	0.02825	0.01798	0.00946	0.00800	0.00222	0.06085	0.10415	0.00688	0.00979
6	0.00866	0.00646	0.00834	0.00908	0.01022	0.00573	0.00624	0.01004	0.01252	0.01715	0.03216	0.66069	0.03799	0.01803	0.00775	0.00239	0.00390	0.01629	0.00569	0.12068
7	0.00947	0.00714	0.00910	0.01009	0.01181	0.00677	0.00855	0.01199	0.01482	0.01870	0.04480	0.06926	0.27197	0.01735	0.00849	0.00271	0.00504	0.46021	0.00597	0.00578
8	0.01368	0.01174	0.01353	0.00995	0.01547	0.00941	0.00793	0.01819	0.08854	0.02169	0.01306	0.01454	0.01065	0.00521	0.00498	0.00109	0.00482	0.00420	0.00412	0.72723
9	0.01257	0.01078	0.01242	0.00914	0.01437	0.00816	0.00726	0.01527	0.01359	0.02054	0.01920	0.02037	0.11260	0.00644	0.00519	0.00113	0.00457	0.00523	0.00414	0.69702
10	0.05347	0.01033	0.01272	0.11775	0.01804	0.01141	0.01008	0.02139	0.25490	0.04312	0.21137	0.03733	0.03140	0.01104	0.00712	0.00227	0.00522	0.12725	0.00599	0.00780
11	0.01005	0.00718	0.01000	0.01148	0.01281	0.00712	0.00978	0.01276	0.01452	0.01893	0.03441	0.17239	0.03798	0.01819	0.00883	0.00292	0.00563	0.59320	0.00596	0.00585
12	0.00997	0.00701	0.00796	0.00741	0.00823	0.00660	0.00445	0.01038	0.00997	0.01375	0.01909	0.03815	0.02150	0.66307	0.02887	0.00551	0.00605	0.00860	0.00390	0.11954
13	0.02135	0.13189	0.01845	0.01340	0.04637	0.01531	0.01058	0.06146	0.29411	0.28407	0.02223	0.02047	0.01579	0.00781	0.00616	0.00197	0.00573	0.00628	0.00635	0.01024
14	0.02100	0.01277	0.01528	0.01374	0.06359	0.03778	0.01015	0.17299	0.06944	0.27486	0.05781	0.12749	0.02016	0.00960	0.00666	0.00200	0.00576	0.00805	0.00646	0.06440
15	0.01741	0.01355	0.01518	0.01150	0.01674	0.01273	0.00929	0.22626	0.08995	0.05348	0.01619	0.01678	0.03128	0.00651	0.00561	0.00145	0.00550	0.00514	0.00510	0.44036
16	0.01803	0.01376	0.01535	0.05969	0.04432	0.05795	0.01038	0.23932	0.08059	0.08783	0.17487	0.02495	0.02334	0.04253	0.00772	0.00209	0.00606	0.00718	0.00587	0.07817
17	0.09543	0.01259	0.01326	0.03265	0.03431	0.07954	0.00893	0.07047	0.04508	0.11846	0.08320	0.14642	0.02088	0.00936	0.00617	0.00183	0.00559	0.00777	0.00529	0.20277
18	0.08956	0.01443	0.01771	0.01877	0.19333	0.06577	0.02743	0.05085	0.08618	0.13022	0.01637	0.01741	0.02908	0.00672	0.00619	0.00176	0.02306	0.00550	0.00468	0.19499
19	0.01600	0.16933	0.22568	0.01413	0.05042	0.04092	0.01382	0.02069	0.05461	0.12238	0.02244	0.02401	0.11448	0.00827	0.00607	0.00189	0.00690	0.03225	0.00440	0.05130

[dist]
# distance from previous block
# <min> <max>
1	49

[block]
# block no. 11 follows, 34 sequences, length 39
# corresponding to MSA columns:
# 755-793
name=unknown_L
#
# <colnr> <probs for GDERKNQSTAVLIFYWHMCP>
#	G	D	E	R	K	N	Q	S	T	A	V	L	I	F	Y	W	H	M	C	P
0	0.01527	0.03627	0.08336	0.01555	0.01976	0.05192	0.17198	0.03651	0.07281	0.09878	0.11283	0.09654	0.06351	0.00963	0.00793	0.00212	0.05704	0.00854	0.00498	0.03466
1	0.06038	0.01725	0.16078	0.17166	0.07153	0.04927	0.07698	0.01950	0.08475	0.02028	0.03363	0.04302	0.01321	0.04868	0.00767	0.00219	0.00765	0.00622	0.00375	0.10161
2	0.06746	0.05225	0.04163	0.07824	0.09807	0.05770	0.13117	0.05903	0.02816	0.06401	0.01265	0.01511	0.00986	0.00615	0.00662	0.00176	0.04391	0.00527	0.00389	0.21707
3	0.01080	0.00930	0.01404	0.01275	0.04910	0.00831	0.09854	0.01355	0.01446	0.02021	0.16348	0.19835	0.09846	0.01388	0.04419	0.00242	0.00568	0.03847	0.00513	0.17886
4	0.01405	0.16795	0.44201	0.01557	0.02310	0.01600	0.03233	0.05249	0.01443	0.02046	0.03264	0.05195	0.01170	0.00688	0.00585	0.00186	0.00811	0.00543	0.00330	0.07388
5	0.01200	0.01000	0.01191	0.00943	0.01381	0.00776	0.00724	0.01443	0.01314	0.01990	0.01759	0.20439	0.01796	0.00869	0.00566	0.00138	0.00452	0.00750	0.00438	0.60832
6	0.00787	0.00562	0.00750	0.00900	0.00937	0.00525	0.00600	0.00900	0.01237	0.01649	0.03561	0.76871	0.04274	0.02024	0.00825	0.00262	0.00375	0.01837	0.00600	0.00525
7	0.01791	0.01774	0.01546	0.01395	0.01753	0.18299	0.01074	0.03239	0.56048	0.02447	0.02257	0.02126	0.01712	0.00828	0.00640	0.00207	0.00661	0.00659	0.00583	0.00960
8	0.01508	0.01696	0.12978	0.32361	0.21454	0.01557	0.05867	0.10905	0.01591	0.02169	0.01229	0.01616	0.00934	0.00634	0.00646	0.00205	0.00845	0.00572	0.00343	0.00890
9	0.02082	0.02330	0.01861	0.01912	0.12533	0.42658	0.01305	0.04366	0.10922	0.04237	0.01339	0.01517	0.01082	0.00915	0.04323	0.00227	0.04645	0.00514	0.00395	0.00836
10	0.01525	0.01743	0.03813	0.02723	0.03377	0.01634	0.70915	0.02070	0.01525	0.02070	0.01307	0.01743	0.00980	0.00545	0.00763	0.00218	0.01089	0.00763	0.00327	0.00871
11	0.00837	0.00589	0.00741	0.00842	0.00879	0.00561	0.00547	0.00924	0.01167	0.01547	0.03233	0.51433	0.06338	0.23640	0.01532	0.00366	0.00451	0.03343	0.00540	0.00489
12	0.01141	0.00694	0.00907	0.00918	0.01063	0.00647	0.00665	0.01315	0.01453	0.12590	0.16132	0.43098	0.11420	0.01648	0.00817	0.00238	0.02527	0.01453	0.00641	0.00633
13	0.01516	0.01725	0.03755	0.04971	0.03410	0.01628	0.68787	0.02057	0.01518	0.02057	0.01302	0.01742	0.00977	0.00548	0.00759	0.00218	0.01082	0.00757	0.00326	0.00867
14	0.02899	0.01100	0.01499	0.01150	0.01649	0.00950	0.00950	0.03149	0.01849	0.73709	0.02549	0.02199	0.01599	0.00800	0.00650	0.00200	0.00550	0.00650	0.00800	0.01100
15	0.00896	0.00620	0.00736	0.00772	0.00811	0.00602	0.00485	0.00965	0.01124	0.01494	0.07697	0.21105	0.07404	0.47257	0.02303	0.00476	0.00527	0.03790	0.00482	0.00454
16	0.01885	0.01999	0.01536	0.01371	0.01699	0.31618	0.01055	0.09697	0.20970	0.02195	0.02355	0.02343	0.11974	0.00897	0.00684	0.00195	0.03261	0.00671	0.02772	0.00824
17	0.00965	0.00754	0.01119	0.01095	0.01200	0.00908	0.00859	0.01188	0.01034	0.01505	0.01655	0.02442	0.01550	0.04528	0.68521	0.00974	0.08093	0.00681	0.00341	0.00588
18	0.00787	0.00562	0.00750	0.00900	0.00937	0.00525	0.00600	0.00900	0.01237	0.01649	0.03561	0.76871	0.04274	0.02024	0.00825	0.00262	0.00375	0.01837	0.00600	0.00525
19	0.00781	0.00601	0.00716	0.00802	0.00913	0.00535	0.00558	0.00919	0.01345	0.01712	0.06597	0.47418	0.31079	0.01854	0.00799	0.00244	0.00354	0.01635	0.00603	0.00535
20	0.01509	0.01505	0.02736	0.17471	0.42433	0.01540	0.17667	0.01971	0.03021	0.02026	0.01255	0.01674	0.01003	0.00589	0.00669	0.00203	0.00853	0.00622	0.00323	0.00930
21	0.02129	0.02394	0.01838	0.01612	0.01903	0.42556	0.01257	0.11479	0.08988	0.02018	0.01207	0.01395	0.00987	0.00798	0.00918	0.00200	0.16609	0.00501	0.00397	0.00814
22	0.01830	0.66538	0.03154	0.01189	0.01709	0.13332	0.01127	0.02031	0.01390	0.01529	0.00913	0.01056	0.00830	0.00570	0.00440	0.00142	0.00762	0.00356	0.00285	0.00817
23	0.01749	0.05156	0.05315	0.01542	0.11095	0.01340	0.01142	0.16122	0.05205	0.07894	0.01406	0.01521	0.01080	0.00606	0.00559	0.00150	0.00605	0.00489	0.00463	0.36563
24	0.01583	0.41291	0.33630	0.01455	0.02168	0.06385	0.01665	0.02021	0.01366	0.01750	0.01017	0.01185	0.00825	0.00586	0.00510	0.00168	0.00833	0.00406	0.00278	0.00878
25	0.00940	0.00626	0.00705	0.00705	0.00705	0.00626	0.00392	0.00940	0.00940	0.01253	0.02036	0.04228	0.02349	0.77292	0.03289	0.00626	0.00626	0.00940	0.00392	0.00392
26	0.01149	0.00803	0.00964	0.00885	0.01110	0.00774	0.00676	0.01650	0.12258	0.08189	0.44091	0.04519	0.17867	0.01273	0.00738	0.00208	0.00360	0.01098	0.00689	0.00699
27	0.01947	0.05919	0.02002	0.13481	0.05864	0.38334	0.04754	0.02461	0.13310	0.01824	0.01310	0.01510	0.01043	0.00694	0.00650	0.00189	0.03002	0.00519	0.00374	0.00812
28	0.01588	0.01561	0.02762	0.03693	0.60463	0.01552	0.12248	0.02044	0.03808	0.02124	0.01276	0.01647	0.01048	0.00581	0.00659	0.00197	0.00807	0.00609	0.00332	0.01001
29	0.00782	0.00581	0.00731	0.00850	0.00924	0.00529	0.00578	0.00905	0.01284	0.01669	0.04161	0.62684	0.18074	0.01946	0.00812	0.00254	0.00365	0.01742	0.00600	0.00529
30	0.01414	0.01414	0.01979	0.01696	0.01696	0.01979	0.01414	0.01555	0.00990	0.01555	0.00848	0.01414	0.00848	0.01131	0.02120	0.00283	0.76110	0.00565	0.00283	0.00707
31	0.01357	0.06758	0.61148	0.02083	0.11958	0.01557	0.02271	0.02032	0.01376	0.02029	0.01154	0.01379	0.00846	0.00606	0.00607	0.00200	0.00917	0.00484	0.00279	0.00958
32	0.02899	0.01100	0.01499	0.01150	0.01649	0.00950	0.00950	0.03149	0.01849	0.73709	0.02549	0.02199	0.01599	0.00800	0.00650	0.00200	0.00550	0.00650	0.00800	0.01100
33	0.00923	0.00692	0.01038	0.01038	0.01154	0.00808	0.00808	0.01154	0.01038	0.01500	0.01731	0.02538	0.01615	0.04846	0.74732	0.01038	0.01731	0.00692	0.00346	0.00577
34	0.00884	0.00642	0.00834	0.00834	0.00965	0.00592	0.00613	0.01140	0.01677	0.02332	0.53054	0.20174	0.08997	0.01498	0.00779	0.00219	0.00329	0.03172	0.00679	0.00588
35	0.01709	0.05616	0.04254	0.03391	0.54647	0.11840	0.05219	0.02070	0.01514	0.02004	0.01172	0.01512	0.00980	0.00587	0.00626	0.00187	0.00840	0.00549	0.00319	0.00966
36	0.12760	0.01695	0.01763	0.01387	0.01874	0.01893	0.01139	0.55452	0.09522	0.03785	0.01571	0.01570	0.01132	0.00762	0.00615	0.00197	0.00664	0.00566	0.00615	0.01039
37	0.00919	0.00621	0.00714	0.00739	0.00809	0.00601	0.00480	0.01026	0.01165	0.01611	0.05691	0.17157	0.13262	0.36166	0.05465	0.00442	0.00536	0.01115	0.10998	0.00483
