[name]
unknown

[dist]
# distance from previous block
# <min> <max>
17	67

[block]
# block no. 0 follows, 36 sequences, length 103
# corresponding to MSA columns:
# 70-172
name=unknown_A
#
# <colnr> <probs for GDERKNQSTAVLIFYWHMCP>
#	G	D	E	R	K	N	Q	S	T	A	V	L	I	F	Y	W	H	M	C	P
0	0.03690	0.20328	0.46738	0.01532	0.02269	0.06743	0.01808	0.04044	0.01391	0.01924	0.03452	0.01337	0.00965	0.00609	0.00546	0.00180	0.00836	0.00449	0.00296	0.00866
1	0.08118	0.15692	0.43702	0.01506	0.02216	0.07904	0.01739	0.04706	0.03325	0.02001	0.01227	0.01374	0.02689	0.00623	0.00546	0.00183	0.00823	0.00456	0.00311	0.00860
2	0.03587	0.14405	0.44753	0.01533	0.02269	0.05807	0.01774	0.07134	0.03393	0.04336	0.01171	0.01313	0.00868	0.00603	0.00554	0.00180	0.00819	0.00449	0.00327	0.04724
3	0.01840	0.04423	0.16689	0.01417	0.01944	0.03645	0.01323	0.24500	0.28070	0.06907	0.01818	0.01771	0.01324	0.00743	0.00612	0.00196	0.00666	0.00585	0.00542	0.00987
4	0.26944	0.01245	0.01457	0.13287	0.01974	0.01369	0.03741	0.16077	0.05233	0.12665	0.08711	0.01825	0.01493	0.00727	0.00566	0.00196	0.00589	0.00570	0.00509	0.00821
5	0.02648	0.01065	0.01431	0.01090	0.01579	0.00907	0.00898	0.02892	0.01735	0.67525	0.02326	0.02039	0.01482	0.00741	0.00610	0.00183	0.00523	0.00601	0.00732	0.08991
6	0.01204	0.01137	0.01910	0.70231	0.08511	0.01404	0.01732	0.01609	0.01249	0.01617	0.01104	0.01646	0.00840	0.00631	0.00659	0.00208	0.02767	0.00554	0.00279	0.00710
7	0.00759	0.00542	0.00723	0.00868	0.00904	0.00506	0.00578	0.00868	0.01193	0.01591	0.03434	0.77697	0.04121	0.01952	0.00795	0.00253	0.00361	0.01771	0.00578	0.00506
8	0.00759	0.00542	0.00723	0.00868	0.00904	0.00506	0.00578	0.00868	0.01193	0.01591	0.03434	0.77697	0.04121	0.01952	0.00795	0.00253	0.00361	0.01771	0.00578	0.00506
9	0.00855	0.00636	0.00796	0.00756	0.00915	0.00577	0.00567	0.01125	0.01701	0.02351	0.61649	0.04897	0.18210	0.01329	0.00735	0.00199	0.00298	0.01161	0.00666	0.00577
10	0.02369	0.01613	0.01770	0.01363	0.01841	0.01750	0.01119	0.60488	0.02705	0.13027	0.01639	0.01674	0.01167	0.03639	0.00719	0.00203	0.00662	0.00582	0.00633	0.01034
11	0.01542	0.01480	0.02529	0.03824	0.74217	0.01480	0.01912	0.01912	0.01419	0.02036	0.01172	0.01542	0.00987	0.00555	0.00617	0.00185	0.00740	0.00555	0.00308	0.00987
12	0.01435	0.01606	0.03367	0.02449	0.02983	0.01584	0.61014	0.01900	0.01398	0.01922	0.01273	0.03979	0.01027	0.00639	0.00899	0.00219	0.10433	0.00744	0.00318	0.00810
13	0.00754	0.00628	0.00658	0.00659	0.00855	0.00532	0.00491	0.00925	0.01449	0.01771	0.13851	0.09092	0.63073	0.01560	0.00739	0.00211	0.00315	0.01314	0.00591	0.00532
14	0.00807	0.00597	0.00797	0.00913	0.00949	0.00596	0.00628	0.00918	0.01176	0.01579	0.03224	0.68343	0.03845	0.04838	0.00960	0.00269	0.04729	0.03767	0.00553	0.00513
15	0.02327	0.02970	0.01766	0.01605	0.01926	0.75602	0.01204	0.02488	0.01766	0.01525	0.00963	0.01124	0.00803	0.00642	0.00562	0.00161	0.01124	0.00401	0.00321	0.00722
16	0.01561	0.01530	0.02404	0.08028	0.63283	0.05352	0.01827	0.01979	0.04295	0.02005	0.01212	0.01559	0.01004	0.00575	0.00615	0.00186	0.00756	0.00553	0.00320	0.00955
17	0.00891	0.00665	0.00991	0.00991	0.01098	0.00773	0.00766	0.01106	0.00998	0.01439	0.01679	0.02501	0.01581	0.07093	0.73246	0.00988	0.01634	0.00675	0.00335	0.00550
18	0.00756	0.00554	0.00710	0.00835	0.00895	0.00509	0.00564	0.00871	0.01224	0.01603	0.03829	0.67867	0.13696	0.01901	0.00787	0.00247	0.00355	0.01709	0.00578	0.00509
19	0.00877	0.00637	0.00827	0.00779	0.00928	0.00586	0.00584	0.01167	0.01753	0.02473	0.71765	0.04696	0.08018	0.01283	0.00735	0.00196	0.00295	0.01133	0.00683	0.00586
20	0.01250	0.03223	0.74875	0.01776	0.02697	0.01447	0.02302	0.01973	0.01315	0.01973	0.01118	0.01315	0.00789	0.00592	0.00592	0.00197	0.00921	0.00460	0.00263	0.00921
21	0.01993	0.19223	0.02308	0.01786	0.10046	0.38993	0.06962	0.02307	0.05574	0.03645	0.01117	0.01282	0.00916	0.00614	0.00552	0.00165	0.00922	0.00454	0.00337	0.00802
22	0.01244	0.00952	0.01323	0.10852	0.06186	0.01012	0.01175	0.10981	0.01613	0.02120	0.02649	0.05268	0.02738	0.01380	0.00784	0.00257	0.00631	0.47627	0.00527	0.00680
23	0.01666	0.78478	0.03265	0.01066	0.01599	0.02465	0.01066	0.01866	0.01266	0.01466	0.00866	0.00999	0.00800	0.00533	0.00400	0.00133	0.00666	0.00333	0.00267	0.00800
24	0.00772	0.00612	0.00694	0.00716	0.00874	0.00535	0.00521	0.00947	0.01441	0.01834	0.19857	0.21845	0.43951	0.01598	0.00749	0.00217	0.00321	0.01378	0.00601	0.00535
25	0.00902	0.00864	0.05300	0.00875	0.01062	0.03612	0.00701	0.01138	0.01504	0.01994	0.31298	0.23247	0.20207	0.01461	0.00739	0.00215	0.00396	0.03316	0.00591	0.00578
26	0.00852	0.00629	0.00796	0.00768	0.00916	0.00573	0.00571	0.01114	0.01674	0.02317	0.59217	0.10155	0.15371	0.01366	0.00739	0.00202	0.00302	0.01200	0.00663	0.00573
27	0.01492	0.01430	0.02439	0.13701	0.64727	0.01467	0.01887	0.01869	0.01395	0.01975	0.01163	0.01558	0.00966	0.00564	0.00618	0.00188	0.00752	0.00555	0.00304	0.00947
28	0.00890	0.00668	0.01001	0.01001	0.01113	0.00779	0.00779	0.01113	0.01001	0.01446	0.01669	0.02448	0.01558	0.04673	0.75634	0.01001	0.01669	0.00668	0.00334	0.00556
29	0.01639	0.01383	0.01459	0.01286	0.01654	0.01592	0.01008	0.10841	0.65415	0.02751	0.02422	0.02234	0.01810	0.00835	0.00633	0.00209	0.00514	0.00689	0.00633	0.00994
30	0.00780	0.00585	0.00723	0.00789	0.00894	0.00529	0.00554	0.00940	0.01373	0.01808	0.19239	0.43781	0.22313	0.01711	0.00767	0.00230	0.00335	0.01517	0.00601	0.00529
31	0.00940	0.00720	0.01012	0.00985	0.01059	0.00846	0.00739	0.01100	0.00974	0.01394	0.01657	0.02736	0.01657	0.22060	0.50989	0.00835	0.08721	0.00713	0.00338	0.00525
32	0.02327	0.02970	0.01766	0.01605	0.01926	0.75602	0.01204	0.02488	0.01766	0.01525	0.00963	0.01124	0.00803	0.00642	0.00562	0.00161	0.01124	0.00401	0.00321	0.00722
33	0.00882	0.00689	0.00807	0.00768	0.00953	0.00641	0.00578	0.01242	0.07166	0.02220	0.44616	0.04945	0.29497	0.01347	0.00728	0.00202	0.00317	0.01160	0.00644	0.00597
34	0.82504	0.01205	0.00916	0.00819	0.01205	0.01398	0.00675	0.01832	0.01060	0.02795	0.00868	0.01012	0.00675	0.00578	0.00386	0.00193	0.00482	0.00337	0.00386	0.00675
35	0.02167	0.04795	0.01839	0.01617	0.05959	0.37510	0.01204	0.22723	0.11847	0.02396	0.01342	0.01416	0.01038	0.00692	0.00587	0.00176	0.00874	0.00496	0.00449	0.00874
36	0.27122	0.01447	0.01382	0.01134	0.01551	0.07803	0.00920	0.22527	0.04041	0.18277	0.04790	0.01732	0.03223	0.00740	0.00553	0.00189	0.00594	0.00541	0.00557	0.00874
37	0.02556	0.01068	0.01421	0.01079	0.01572	0.00902	0.00887	0.02803	0.01705	0.63084	0.02243	0.01989	0.01444	0.00722	0.00600	0.00177	0.00519	0.00586	0.00707	0.13935
38	0.02795	0.01060	0.01446	0.01109	0.01591	0.00916	0.00916	0.03036	0.01783	0.74648	0.02458	0.02121	0.01542	0.00771	0.00627	0.00193	0.00530	0.00627	0.00771	0.01060
39	0.01054	0.00814	0.00958	0.00934	0.01109	0.00833	0.00688	0.05218	0.16786	0.02226	0.26541	0.26764	0.09013	0.03165	0.00783	0.00227	0.00387	0.01216	0.00623	0.00663
40	0.06248	0.12871	0.19336	0.01569	0.03675	0.35897	0.01435	0.02193	0.01499	0.03951	0.01024	0.01201	0.00820	0.00640	0.00626	0.00175	0.05311	0.00422	0.00314	0.00792
41	0.00870	0.00636	0.00817	0.00772	0.00924	0.00583	0.00579	0.01153	0.01736	0.02434	0.68532	0.04760	0.11275	0.01298	0.00735	0.00197	0.00296	0.01142	0.00677	0.00583
42	0.01362	0.01856	0.24751	0.08495	0.11691	0.01317	0.13233	0.04006	0.06324	0.04907	0.10393	0.05605	0.01744	0.00757	0.00654	0.00202	0.00756	0.00697	0.00401	0.00849
43	0.00754	0.00563	0.00701	0.00811	0.00889	0.00511	0.00553	0.00874	0.01247	0.01613	0.04119	0.60633	0.20743	0.01863	0.00781	0.00243	0.00351	0.01663	0.00578	0.00511
44	0.01466	0.01427	0.05555	0.01281	0.04307	0.09630	0.01001	0.09797	0.24859	0.02502	0.25509	0.05141	0.02959	0.00961	0.00660	0.00197	0.00550	0.00807	0.00579	0.00815
45	0.01650	0.75669	0.05938	0.01093	0.01640	0.02427	0.01112	0.01870	0.01268	0.01485	0.00876	0.01011	0.00799	0.00535	0.00407	0.00136	0.00676	0.00338	0.00266	0.00804
46	0.02083	0.02428	0.01950	0.04748	0.05560	0.48831	0.07705	0.09239	0.04451	0.01882	0.01137	0.01333	0.00912	0.00735	0.02354	0.00191	0.01018	0.00478	0.00361	0.02604
47	0.35739	0.01520	0.01473	0.01178	0.01629	0.01710	0.00972	0.42861	0.02151	0.03456	0.01234	0.01294	0.00899	0.00677	0.00524	0.00189	0.00601	0.00468	0.00524	0.00899
48	0.00906	0.00604	0.00680	0.00680	0.00680	0.00604	0.00378	0.00906	0.00906	0.01208	0.01963	0.04077	0.02265	0.78103	0.03171	0.00604	0.00604	0.00906	0.00378	0.00378
49	0.04777	0.05767	0.01868	0.01531	0.04305	0.03997	0.01230	0.05354	0.01201	0.05258	0.00988	0.01362	0.00877	0.00898	0.01458	0.00225	0.47774	0.00505	0.00333	0.10294
50	0.01486	0.01192	0.01329	0.00973	0.01509	0.04415	0.00778	0.01754	0.01362	0.08985	0.01230	0.01364	0.00977	0.00500	0.00482	0.00105	0.00500	0.00395	0.00405	0.70259
51	0.01441	0.37760	0.42011	0.01450	0.02193	0.01914	0.01735	0.01924	0.01293	0.01740	0.01003	0.01170	0.00794	0.00565	0.00504	0.00168	0.00804	0.00402	0.00265	0.00865
52	0.02124	0.01337	0.01481	0.04807	0.01682	0.10880	0.01003	0.08968	0.01754	0.34497	0.10755	0.02336	0.05597	0.00882	0.00788	0.00199	0.08759	0.00675	0.00601	0.00873
53	0.00906	0.00604	0.00680	0.00680	0.00680	0.00604	0.00378	0.00906	0.00906	0.01208	0.01963	0.04077	0.02265	0.78103	0.03171	0.00604	0.00604	0.00906	0.00378	0.00378
54	0.05950	0.13413	0.17181	0.01319	0.01838	0.03223	0.03876	0.07232	0.14937	0.14524	0.06114	0.04628	0.01579	0.00762	0.00589	0.00190	0.00647	0.00613	0.00492	0.00892
55	0.01020	0.00849	0.01109	0.01022	0.01146	0.00946	0.00792	0.01318	0.05178	0.02070	0.35928	0.14823	0.07453	0.01296	0.01040	0.00221	0.18568	0.01046	0.00551	0.03624
56	0.01058	0.00681	0.00896	0.00836	0.01014	0.00625	0.00645	0.01344	0.01733	0.08874	0.60752	0.04634	0.06862	0.01269	0.00735	0.00203	0.00336	0.06192	0.00683	0.00628
57	0.55015	0.01358	0.01223	0.01015	0.01438	0.01533	0.00837	0.22662	0.01647	0.06566	0.01129	0.01208	0.00830	0.00638	0.00467	0.00191	0.00544	0.00417	0.00474	0.00807
58	0.82504	0.01205	0.00916	0.00819	0.01205	0.01398	0.00675	0.01832	0.01060	0.02795	0.00868	0.01012	0.00675	0.00578	0.00386	0.00193	0.00482	0.00337	0.00386	0.00675
59	0.01452	0.01982	0.20164	0.02462	0.14505	0.01581	0.33199	0.04631	0.01423	0.02015	0.01171	0.01528	0.00905	0.00618	0.00825	0.00209	0.09535	0.00612	0.00309	0.00874
60	0.00839	0.00626	0.00813	0.00878	0.00990	0.00562	0.00608	0.00979	0.01212	0.01666	0.04682	0.62829	0.03632	0.01836	0.03543	0.00258	0.00422	0.01525	0.00543	0.11557
61	0.01884	0.05760	0.11543	0.05288	0.04920	0.21621	0.01327	0.15701	0.14198	0.05218	0.01588	0.01660	0.03297	0.00725	0.00630	0.00187	0.02586	0.00543	0.00445	0.00878
62	0.02080	0.00924	0.01227	0.01000	0.01358	0.00823	0.00802	0.04438	0.01781	0.46258	0.24123	0.05873	0.04561	0.00986	0.00668	0.00196	0.00452	0.00835	0.00729	0.00884
63	0.01584	0.01506	0.04338	0.22253	0.20469	0.05958	0.05581	0.09307	0.09099	0.04825	0.03033	0.01709	0.01152	0.00688	0.00720	0.00201	0.05738	0.00584	0.00390	0.00862
64	0.00779	0.00619	0.00682	0.00691	0.00851	0.00541	0.00498	0.00941	0.01408	0.01773	0.17363	0.14448	0.47288	0.08172	0.00953	0.00247	0.00342	0.01303	0.00580	0.00522
65	0.01623	0.58666	0.11857	0.01195	0.01749	0.02225	0.01226	0.05524	0.01345	0.01679	0.00937	0.01092	0.00817	0.00576	0.00516	0.00149	0.04340	0.00372	0.00289	0.03823
66	0.01177	0.01107	0.01869	0.76606	0.04291	0.01384	0.01730	0.01592	0.01246	0.01592	0.01107	0.01661	0.00831	0.00623	0.00623	0.00208	0.00831	0.00554	0.00277	0.00692
67	0.00777	0.00630	0.00689	0.00680	0.00868	0.00542	0.00508	0.00971	0.01508	0.01905	0.24816	0.07562	0.53357	0.01504	0.00738	0.00208	0.00311	0.01276	0.00608	0.00542
68	0.01794	0.01074	0.01328	0.00985	0.01498	0.00850	0.00795	0.02054	0.01458	0.27063	0.01644	0.03904	0.01234	0.00614	0.00529	0.00132	0.00482	0.00501	0.00514	0.51548
69	0.01335	0.01133	0.01315	0.00943	0.01495	0.00875	0.00756	0.04394	0.01358	0.02106	0.01123	0.01300	0.00928	0.00473	0.00468	0.00096	0.00470	0.00377	0.00379	0.78676
70	0.19220	0.01342	0.02073	0.01613	0.02010	0.04706	0.26361	0.01881	0.01331	0.10017	0.04058	0.03567	0.01290	0.02741	0.09259	0.00305	0.06430	0.00642	0.00401	0.00752
71	0.01831	0.01334	0.01460	0.01259	0.01646	0.01486	0.00994	0.10078	0.54705	0.14298	0.02421	0.02210	0.01761	0.00824	0.00632	0.00206	0.00518	0.00678	0.00655	0.01005
72	0.02327	0.02970	0.01766	0.01605	0.01926	0.75602	0.01204	0.02488	0.01766	0.01525	0.00963	0.01124	0.00803	0.00642	0.00562	0.00161	0.01124	0.00401	0.00321	0.00722
73	0.00937	0.00649	0.00848	0.00808	0.00952	0.00615	0.00601	0.01189	0.01585	0.04681	0.52643	0.07056	0.08511	0.06572	0.09281	0.00315	0.00479	0.01078	0.00620	0.00581
74	0.01919	0.01522	0.01617	0.01343	0.01761	0.01722	0.01075	0.34320	0.41481	0.03201	0.02067	0.01951	0.01522	0.00801	0.00629	0.00200	0.00580	0.00640	0.00629	0.01019
75	0.01363	0.01363	0.01908	0.01636	0.01636	0.01908	0.01363	0.01499	0.00954	0.01499	0.00818	0.01363	0.00818	0.01091	0.02045	0.00273	0.76963	0.00545	0.00273	0.00682
76	0.01066	0.00847	0.00983	0.00912	0.01128	0.00870	0.00695	0.01786	0.23195	0.02438	0.44722	0.04106	0.12428	0.01179	0.00705	0.00202	0.00356	0.01021	0.00658	0.00701
77	0.01052	0.00669	0.00881	0.00822	0.00991	0.00612	0.00618	0.01324	0.01715	0.09242	0.60884	0.10892	0.05313	0.01286	0.00730	0.00201	0.00322	0.01137	0.00684	0.00625
78	0.00913	0.00676	0.00856	0.00804	0.00966	0.00639	0.00605	0.01283	0.05791	0.02466	0.66611	0.04586	0.08910	0.01264	0.00729	0.00198	0.00306	0.01112	0.00678	0.00608
79	0.00860	0.00624	0.00811	0.00790	0.00924	0.00575	0.00583	0.01124	0.01674	0.02346	0.61927	0.14713	0.07958	0.01377	0.00743	0.00204	0.00304	0.01222	0.00667	0.00575
80	0.01196	0.01127	0.01903	0.72801	0.07947	0.01389	0.01740	0.01609	0.01255	0.01615	0.01111	0.01655	0.00839	0.00619	0.00623	0.00206	0.00826	0.00554	0.00279	0.00708
81	0.01390	0.01165	0.01344	0.00969	0.01518	0.00931	0.00779	0.07974	0.01441	0.02202	0.01143	0.01310	0.00935	0.00487	0.00476	0.00101	0.00482	0.00387	0.00392	0.74574
82	0.01321	0.01274	0.01851	0.32931	0.24837	0.05510	0.01517	0.01780	0.07231	0.01817	0.01902	0.04449	0.09427	0.00771	0.00637	0.00200	0.00719	0.00682	0.00362	0.00783
83	0.01720	0.01337	0.02207	0.21084	0.35374	0.01382	0.06156	0.05591	0.01523	0.15388	0.01415	0.01685	0.01052	0.00619	0.00628	0.00194	0.00741	0.00580	0.00402	0.00922
84	0.00998	0.00767	0.01013	0.00948	0.01072	0.00829	0.00703	0.02687	0.01120	0.01600	0.08147	0.06441	0.02115	0.22395	0.31638	0.00625	0.07431	0.00782	0.00393	0.08297
85	0.82504	0.01205	0.00916	0.00819	0.01205	0.01398	0.00675	0.01832	0.01060	0.02795	0.00868	0.01012	0.00675	0.00578	0.00386	0.00193	0.00482	0.00337	0.00386	0.00675
86	0.00898	0.00663	0.00967	0.00974	0.01075	0.00757	0.00747	0.01100	0.01014	0.01443	0.01786	0.02863	0.01740	0.12445	0.63903	0.00921	0.01497	0.04319	0.00351	0.00538
87	0.00899	0.00612	0.00727	0.00728	0.00750	0.00621	0.00441	0.00944	0.00970	0.01314	0.05728	0.05906	0.02421	0.63357	0.11536	0.00620	0.00707	0.00913	0.00394	0.00413
88	0.02327	0.02970	0.01766	0.01605	0.01926	0.75602	0.01204	0.02488	0.01766	0.01525	0.00963	0.01124	0.00803	0.00642	0.00562	0.00161	0.01124	0.00401	0.00321	0.00722
89	0.00906	0.00604	0.00680	0.00680	0.00680	0.00604	0.00378	0.00906	0.00906	0.01208	0.01963	0.04077	0.02265	0.78103	0.03171	0.00604	0.00604	0.00906	0.00378	0.00378
90	0.01612	0.01369	0.01444	0.01280	0.01644	0.01579	0.01001	0.08516	0.67785	0.02706	0.02457	0.02262	0.01838	0.00838	0.00633	0.00209	0.00508	0.00694	0.00633	0.00992
91	0.02564	0.01424	0.03615	0.01271	0.01772	0.01383	0.01073	0.33779	0.02281	0.41196	0.01993	0.01821	0.01307	0.00756	0.00624	0.00190	0.00610	0.00593	0.00692	0.01056
92	0.02795	0.01060	0.01446	0.01109	0.01591	0.00916	0.00916	0.03036	0.01783	0.74648	0.02458	0.02121	0.01542	0.00771	0.00627	0.00193	0.00530	0.00627	0.00771	0.01060
93	0.01356	0.02986	0.65765	0.01840	0.05320	0.01422	0.04349	0.02033	0.01351	0.06153	0.01202	0.01381	0.00845	0.00599	0.00599	0.00197	0.00896	0.00482	0.00296	0.00929
94	0.00976	0.00662	0.00840	0.00781	0.00958	0.00599	0.00591	0.01247	0.01714	0.06760	0.59458	0.04701	0.15781	0.01289	0.00729	0.00198	0.00312	0.01124	0.00675	0.00607
95	0.05551	0.01509	0.01449	0.05248	0.03406	0.13737	0.01021	0.19852	0.17402	0.02462	0.02037	0.19736	0.01897	0.01019	0.00645	0.00205	0.00639	0.00842	0.00528	0.00816
96	0.00890	0.00668	0.01001	0.01001	0.01113	0.00779	0.00779	0.01113	0.01001	0.01446	0.01669	0.02448	0.01558	0.04673	0.75634	0.01001	0.01669	0.00668	0.00334	0.00556
97	0.01364	0.01258	0.02053	0.28003	0.31713	0.01364	0.04514	0.05118	0.05155	0.01951	0.01502	0.10424	0.01345	0.00763	0.00646	0.00203	0.00725	0.00711	0.00361	0.00828
98	0.01522	0.01359	0.01493	0.15355	0.02081	0.10040	0.01060	0.04773	0.10369	0.05677	0.03905	0.01850	0.01315	0.00680	0.00607	0.00161	0.02688	0.03101	0.00425	0.31540
99	0.05657	0.04473	0.01748	0.01693	0.15426	0.01523	0.01151	0.30883	0.08835	0.04531	0.13894	0.02195	0.03638	0.00813	0.00624	0.00189	0.00589	0.00669	0.00551	0.00917
100	0.01309	0.21797	0.50461	0.01498	0.02259	0.01621	0.01833	0.01852	0.01312	0.01821	0.01511	0.01648	0.07220	0.00664	0.00557	0.00182	0.00804	0.00504	0.00292	0.00856
101	0.01558	0.38683	0.34558	0.01400	0.02100	0.01941	0.01611	0.05987	0.01399	0.04058	0.01061	0.01201	0.00833	0.00578	0.00504	0.00166	0.00775	0.00411	0.00301	0.00876
102	0.05293	0.04422	0.01612	0.01197	0.01667	0.04820	0.00989	0.20644	0.02031	0.46027	0.03574	0.01885	0.01418	0.00754	0.00608	0.00187	0.00597	0.00588	0.00676	0.01010

[dist]
# distance from previous block
# <min> <max>
0	2

[block]
# block no. 1 follows, 36 sequences, length 29
# corresponding to MSA columns:
# 175-203
name=unknown_B
#
# <colnr> <probs for GDERKNQSTAVLIFYWHMCP>
#	G	D	E	R	K	N	Q	S	T	A	V	L	I	F	Y	W	H	M	C	P
0	0.01386	0.06960	0.18870	0.19640	0.08687	0.01412	0.06780	0.03816	0.09199	0.05338	0.05078	0.05055	0.01409	0.00833	0.02698	0.00221	0.00771	0.00635	0.00384	0.00830
1	0.00861	0.00645	0.00848	0.03114	0.01068	0.00602	0.00633	0.01040	0.01314	0.01811	0.18572	0.42642	0.06004	0.04303	0.05869	0.00285	0.00465	0.01347	0.00551	0.08026
2	0.01458	0.01656	0.03599	0.05805	0.03301	0.01567	0.68936	0.01978	0.01461	0.01978	0.01254	0.01680	0.00940	0.00529	0.00730	0.00210	0.01041	0.00727	0.00313	0.00834
3	0.00861	0.00619	0.00806	0.00817	0.00915	0.00600	0.00584	0.01056	0.01389	0.01924	0.34373	0.18982	0.06477	0.14629	0.10683	0.00381	0.00543	0.03268	0.00562	0.00530
4	0.05348	0.01224	0.01519	0.01175	0.01653	0.01175	0.00969	0.18055	0.04441	0.54365	0.02198	0.01954	0.01420	0.00762	0.00618	0.00192	0.00561	0.00605	0.00721	0.01045
5	0.01031	0.00665	0.00811	0.00773	0.00955	0.00592	0.00574	0.01223	0.01523	0.09739	0.30410	0.12839	0.28176	0.04161	0.00873	0.02908	0.00353	0.01182	0.00622	0.00590
6	0.02259	0.01691	0.01808	0.01411	0.01890	0.01881	0.01158	0.62916	0.12331	0.03750	0.01635	0.01607	0.01172	0.00761	0.00625	0.00190	0.00660	0.00580	0.00625	0.01050
7	0.02368	0.01745	0.01870	0.01434	0.01932	0.01932	0.01184	0.72139	0.02929	0.03927	0.01496	0.01496	0.01060	0.00748	0.00623	0.00187	0.00686	0.00561	0.00623	0.01060
8	0.01393	0.03025	0.67337	0.01719	0.02595	0.01429	0.02169	0.04550	0.01404	0.06923	0.01222	0.01376	0.00849	0.00610	0.00595	0.00197	0.00886	0.00475	0.00310	0.00935
9	0.01292	0.01107	0.01292	0.00923	0.01477	0.00831	0.00738	0.01569	0.01292	0.02030	0.01107	0.01292	0.00923	0.00461	0.00461	0.00092	0.00461	0.00369	0.00369	0.81912
10	0.82504	0.01205	0.00916	0.00819	0.01205	0.01398	0.00675	0.01832	0.01060	0.02795	0.00868	0.01012	0.00675	0.00578	0.00386	0.00193	0.00482	0.00337	0.00386	0.00675
11	0.01247	0.02922	0.64813	0.01722	0.02553	0.01389	0.04371	0.03715	0.01353	0.01994	0.01316	0.07383	0.01065	0.00702	0.00613	0.00202	0.00875	0.00576	0.00299	0.00889
12	0.72039	0.01186	0.00985	0.00857	0.01256	0.01334	0.00706	0.01990	0.01155	0.12229	0.01076	0.01158	0.00789	0.00604	0.00417	0.00193	0.00488	0.00375	0.00436	0.00725
13	0.27354	0.00903	0.00963	0.00885	0.01143	0.00943	0.00677	0.01697	0.03597	0.15274	0.06485	0.13779	0.05776	0.09484	0.08137	0.00325	0.00581	0.00809	0.00515	0.00674
14	0.00758	0.00629	0.00646	0.00643	0.00834	0.00536	0.00472	0.00911	0.01398	0.01691	0.09700	0.05770	0.64523	0.07624	0.00929	0.00241	0.00337	0.01272	0.00569	0.00518
15	0.00940	0.00730	0.00849	0.00795	0.00992	0.00692	0.00603	0.03777	0.07343	0.02290	0.43420	0.04799	0.27799	0.01321	0.00723	0.00202	0.00331	0.01135	0.00644	0.00616
16	0.02584	0.01657	0.01624	0.01301	0.01751	0.17735	0.01047	0.20353	0.02069	0.40585	0.01884	0.01742	0.01256	0.00737	0.00611	0.00184	0.00701	0.00560	0.00634	0.00985
17	0.00898	0.00805	0.06551	0.00855	0.00952	0.00675	0.00633	0.01012	0.01016	0.01388	0.02179	0.19944	0.02455	0.44161	0.13279	0.00554	0.00734	0.01027	0.00407	0.00475
18	0.06836	0.01309	0.01849	0.40911	0.16022	0.06763	0.01524	0.01965	0.01390	0.13606	0.01312	0.01633	0.00962	0.00633	0.00603	0.00197	0.00765	0.00541	0.00373	0.00806
19	0.01537	0.49729	0.21155	0.01446	0.02088	0.02096	0.10609	0.01909	0.01305	0.01661	0.00980	0.01167	0.00816	0.00547	0.00491	0.00159	0.00780	0.00417	0.00272	0.00835
20	0.00894	0.00652	0.00921	0.00921	0.01005	0.00735	0.00679	0.01061	0.00978	0.01387	0.01742	0.02853	0.01734	0.22932	0.57616	0.00903	0.01404	0.00727	0.00345	0.00512
21	0.01925	0.50655	0.02703	0.01247	0.01708	0.26768	0.01107	0.02113	0.01450	0.04016	0.00954	0.01080	0.00826	0.00578	0.00462	0.00144	0.00814	0.00366	0.00302	0.00783
22	0.01470	0.01407	0.02400	0.18097	0.60504	0.01462	0.01877	0.01849	0.01385	0.01949	0.01159	0.01565	0.00956	0.00568	0.00618	0.00189	0.00758	0.00555	0.00302	0.00929
23	0.01451	0.01452	0.02665	0.18298	0.43327	0.01483	0.18372	0.01867	0.01396	0.01936	0.01180	0.01599	0.00945	0.00562	0.00646	0.00196	0.00832	0.00597	0.00304	0.00893
24	0.00906	0.00604	0.00680	0.00680	0.00680	0.00604	0.00378	0.00906	0.00906	0.01208	0.01963	0.04077	0.02265	0.78103	0.03171	0.00604	0.00604	0.00906	0.00378	0.00378
25	0.02368	0.01745	0.01870	0.01434	0.01932	0.01932	0.01184	0.72139	0.02929	0.03927	0.01496	0.01496	0.01060	0.00748	0.00623	0.00187	0.00686	0.00561	0.00623	0.01060
26	0.02119	0.01597	0.01736	0.01315	0.01827	0.01677	0.01081	0.55772	0.02550	0.03487	0.01406	0.01449	0.01028	0.00681	0.00586	0.00165	0.00634	0.00516	0.00564	0.19811
27	0.01363	0.01363	0.01908	0.01636	0.01636	0.01908	0.01363	0.01499	0.00954	0.01499	0.00818	0.01363	0.00818	0.01091	0.02045	0.00273	0.76963	0.00545	0.00273	0.00682
28	0.00948	0.00651	0.00823	0.00804	0.00929	0.00629	0.00578	0.01186	0.03128	0.04381	0.35384	0.13176	0.08923	0.14704	0.08504	0.00351	0.00504	0.01095	0.02741	0.00560

[dist]
# distance from previous block
# <min> <max>
0	7

[block]
# block no. 2 follows, 36 sequences, length 34
# corresponding to MSA columns:
# 211-244
name=unknown_C
#
# <colnr> <probs for GDERKNQSTAVLIFYWHMCP>
#	G	D	E	R	K	N	Q	S	T	A	V	L	I	F	Y	W	H	M	C	P
0	0.00820	0.00580	0.00710	0.00769	0.00836	0.00541	0.00510	0.00900	0.01187	0.01552	0.08666	0.36392	0.17097	0.19220	0.01436	0.06027	0.00416	0.01352	0.00519	0.00470
1	0.01666	0.78478	0.03265	0.01066	0.01599	0.02465	0.01066	0.01866	0.01266	0.01466	0.00866	0.00999	0.00800	0.00533	0.00400	0.00133	0.00666	0.00333	0.00267	0.00800
2	0.01082	0.00541	0.00812	0.00812	0.00812	0.00541	0.00541	0.00812	0.00812	0.01082	0.01082	0.01894	0.01082	0.02165	0.02435	0.81872	0.00541	0.00541	0.00271	0.00271
3	0.10126	0.00857	0.01046	0.00911	0.01207	0.00790	0.00705	0.01927	0.01503	0.32847	0.10306	0.15312	0.12620	0.05997	0.00817	0.00231	0.00448	0.00950	0.00639	0.00762
4	0.04991	0.01046	0.01401	0.01083	0.01544	0.00917	0.00888	0.02918	0.01728	0.69697	0.02393	0.02166	0.01546	0.03823	0.00720	0.00209	0.00532	0.00629	0.00745	0.01022
5	0.00906	0.00604	0.00680	0.00680	0.00680	0.00604	0.00378	0.00906	0.00906	0.01208	0.01963	0.04077	0.02265	0.78103	0.03171	0.00604	0.00604	0.00906	0.00378	0.00378
6	0.02528	0.01025	0.01376	0.01079	0.01518	0.00906	0.00882	0.02839	0.04826	0.63478	0.10475	0.02414	0.02044	0.00831	0.00639	0.00194	0.00502	0.00686	0.00756	0.01004
7	0.00813	0.00626	0.00732	0.00719	0.00877	0.00557	0.00527	0.01020	0.01532	0.02020	0.36462	0.10296	0.34328	0.05664	0.00873	0.00228	0.00325	0.01239	0.00616	0.00544
8	0.00991	0.00708	0.00989	0.01132	0.01270	0.00706	0.00981	0.01268	0.01421	0.01850	0.03306	0.10904	0.03615	0.01734	0.00857	0.00285	0.00562	0.66279	0.00574	0.00570
9	0.01630	0.01256	0.01342	0.01189	0.01534	0.01418	0.00930	0.06577	0.56740	0.07426	0.02421	0.02269	0.01801	0.00822	0.00611	0.00201	0.00483	0.00678	0.09722	0.00949
10	0.00855	0.00618	0.00786	0.00889	0.00951	0.00603	0.00604	0.02925	0.04289	0.01669	0.03209	0.64267	0.03765	0.08671	0.00997	0.00282	0.00402	0.03121	0.00564	0.00532
11	0.01392	0.01104	0.01302	0.00935	0.01484	0.00836	0.00750	0.01666	0.01325	0.06853	0.01197	0.01347	0.00964	0.00482	0.00472	0.00099	0.00466	0.00386	0.00396	0.76542
12	0.02138	0.01599	0.01718	0.01338	0.01811	0.01742	0.01095	0.55641	0.10598	0.03554	0.01601	0.01604	0.01164	0.00734	0.00603	0.00180	0.00629	0.00562	0.03803	0.07885
13	0.00773	0.00553	0.00735	0.00858	0.00907	0.00515	0.00579	0.00902	0.01257	0.01692	0.11338	0.69502	0.04318	0.01876	0.00788	0.00247	0.00354	0.01699	0.00590	0.00515
14	0.07238	0.00958	0.01247	0.01010	0.01388	0.00862	0.00807	0.02473	0.01641	0.52573	0.10465	0.07240	0.02190	0.06027	0.00804	0.00224	0.00495	0.00756	0.00699	0.00903
15	0.00795	0.00663	0.00683	0.00666	0.00880	0.00571	0.00503	0.02948	0.01491	0.01813	0.11625	0.05760	0.66394	0.01530	0.00733	0.00209	0.00324	0.01278	0.00589	0.00546
16	0.01292	0.01107	0.01292	0.00923	0.01477	0.00831	0.00738	0.01569	0.01292	0.02030	0.01107	0.01292	0.00923	0.00461	0.00461	0.00092	0.00461	0.00369	0.00369	0.81912
17	0.00873	0.00606	0.00759	0.00786	0.00820	0.00620	0.00505	0.00948	0.01005	0.01367	0.04111	0.18240	0.02581	0.45933	0.17578	0.00606	0.00768	0.01033	0.00416	0.00445
18	0.05961	0.00953	0.01177	0.01001	0.01307	0.00910	0.00778	0.09872	0.01659	0.32705	0.09295	0.13376	0.03948	0.11025	0.00987	0.00257	0.00505	0.02843	0.00639	0.00804
19	0.00773	0.00552	0.00738	0.00883	0.00925	0.00518	0.00602	0.00891	0.01206	0.01606	0.03427	0.73820	0.04092	0.01939	0.00799	0.00255	0.00373	0.05515	0.00578	0.00510
20	0.01062	0.00548	0.00797	0.00797	0.00797	0.00548	0.00523	0.00822	0.00822	0.01096	0.01181	0.02139	0.01215	0.10684	0.02518	0.72755	0.00548	0.00582	0.00283	0.00283
21	0.00990	0.00754	0.01103	0.06041	0.01299	0.00897	0.00837	0.01119	0.00988	0.01399	0.01569	0.06799	0.01559	0.09534	0.40358	0.12354	0.10834	0.00712	0.00331	0.00522
22	0.05540	0.01600	0.01895	0.01673	0.09985	0.01735	0.04152	0.52605	0.02525	0.03470	0.07262	0.01743	0.01419	0.00752	0.00626	0.00189	0.00667	0.00604	0.00570	0.00988
23	0.02368	0.01745	0.01870	0.01434	0.01932	0.01932	0.01184	0.72139	0.02929	0.03927	0.01496	0.01496	0.01060	0.00748	0.00623	0.00187	0.00686	0.00561	0.00623	0.01060
24	0.01542	0.01480	0.02529	0.03824	0.74217	0.01480	0.01912	0.01912	0.01419	0.02036	0.01172	0.01542	0.00987	0.00555	0.00617	0.00185	0.00740	0.00555	0.00308	0.00987
25	0.02041	0.01647	0.01683	0.05246	0.01901	0.08199	0.01121	0.45436	0.12315	0.03259	0.07424	0.01861	0.01543	0.00788	0.00624	0.00189	0.00664	0.00612	0.02494	0.00951
26	0.01643	0.01447	0.02442	0.03605	0.68359	0.01435	0.01832	0.02003	0.01448	0.07892	0.01276	0.01589	0.01032	0.00573	0.00618	0.00186	0.00723	0.00561	0.00346	0.00993
27	0.00890	0.00668	0.01001	0.01001	0.01113	0.00779	0.00779	0.01113	0.01001	0.01446	0.01669	0.02448	0.01558	0.04673	0.75634	0.01001	0.01669	0.00668	0.00334	0.00556
28	0.01283	0.09293	0.69099	0.01719	0.02608	0.01529	0.02202	0.01964	0.01311	0.01932	0.01098	0.01290	0.00790	0.00587	0.00576	0.00192	0.00900	0.00450	0.00263	0.00911
29	0.01660	0.01288	0.01923	0.11748	0.28551	0.01338	0.03470	0.13842	0.04618	0.10592	0.01768	0.13175	0.01554	0.00844	0.00651	0.00201	0.00660	0.00760	0.00466	0.00893
30	0.01011	0.00934	0.06885	0.01030	0.01214	0.00801	0.00837	0.08731	0.01410	0.01892	0.03085	0.45737	0.08735	0.01821	0.05578	0.00289	0.02150	0.06712	0.00535	0.00613
31	0.18050	0.01054	0.01177	0.00999	0.01339	0.01059	0.00789	0.13979	0.01686	0.17921	0.12763	0.15818	0.02352	0.00993	0.00611	0.00195	0.00476	0.00819	0.00587	0.07332
32	0.01428	0.01369	0.02378	0.03189	0.53353	0.01368	0.09560	0.01825	0.03485	0.01973	0.01437	0.07783	0.01300	0.00946	0.05627	0.00248	0.00799	0.00685	0.00342	0.00903
33	0.05061	0.01670	0.01898	0.01762	0.12107	0.13518	0.07486	0.17063	0.06661	0.07108	0.01443	0.01575	0.02293	0.00667	0.00648	0.00175	0.03869	0.00536	0.00447	0.14013

[dist]
# distance from previous block
# <min> <max>
0	18

# created by:
# /home/cegg/simao/soft/augustus-3.2.1/scripts/msa2prfl.pl ./align_prep/EOG090W0EQA.fa
