[name]
unknown

[dist]
# distance from previous block
# <min> <max>
20	574

[block]
# block no. 0 follows, 30 sequences, length 17
# corresponding to MSA columns:
# 678-686,688-695
name=unknown_A
#
# <colnr> <probs for GDERKNQSTAVLIFYWHMCP>
#	G	D	E	R	K	N	Q	S	T	A	V	L	I	F	Y	W	H	M	C	P
0	0.07484	0.14348	0.09286	0.06702	0.10474	0.03826	0.08929	0.07351	0.04019	0.02332	0.03238	0.04697	0.01318	0.00755	0.00698	0.00200	0.03666	0.00625	0.00408	0.09643
1	0.04904	0.13897	0.12758	0.01779	0.12591	0.05492	0.01396	0.09160	0.01708	0.05072	0.02195	0.11269	0.08294	0.00966	0.00662	0.00205	0.00724	0.00792	0.00465	0.05672
2	0.01600	0.04079	0.08413	0.01683	0.10607	0.04295	0.01267	0.09622	0.09563	0.04902	0.09623	0.08502	0.10998	0.01083	0.00817	0.00220	0.05285	0.00887	0.00548	0.06004
3	0.07584	0.07885	0.09032	0.01680	0.10064	0.08698	0.04007	0.06319	0.01707	0.04811	0.08386	0.02262	0.07166	0.00805	0.00637	0.00186	0.00718	0.00653	0.00464	0.16937
4	0.01542	0.13959	0.19861	0.01595	0.07429	0.06024	0.01437	0.04315	0.08212	0.02185	0.02184	0.07929	0.07393	0.03097	0.00731	0.00218	0.00735	0.00747	0.07440	0.02967
5	0.01926	0.28487	0.04993	0.01749	0.10267	0.09189	0.05159	0.11496	0.01807	0.04365	0.01741	0.01880	0.06417	0.00751	0.00601	0.00182	0.00785	0.00584	0.03461	0.04158
6	0.03912	0.26490	0.08136	0.04301	0.01985	0.12746	0.03340	0.07402	0.05283	0.02059	0.01651	0.09509	0.01574	0.06014	0.00822	0.00232	0.00812	0.02465	0.00422	0.00847
7	0.01144	0.00818	0.00967	0.01021	0.01130	0.03248	0.00720	0.04012	0.01446	0.04699	0.05410	0.42046	0.06275	0.12009	0.03820	0.03535	0.00566	0.05930	0.00598	0.00607
8	0.01014	0.00681	0.00785	0.00785	0.00793	0.00690	0.00453	0.01030	0.01022	0.01371	0.02177	0.04445	0.02484	0.70792	0.08163	0.00706	0.00756	0.00997	0.00420	0.00436
9	0.01351	0.04209	0.01451	0.01312	0.03645	0.01235	0.03525	0.02258	0.27801	0.02401	0.13721	0.11610	0.07022	0.08066	0.01030	0.00282	0.00550	0.07068	0.00634	0.00828
10	0.00876	0.00692	0.00789	0.00801	0.00983	0.00605	0.00587	0.01087	0.01658	0.02130	0.24833	0.17870	0.41132	0.01740	0.00835	0.00239	0.00355	0.01499	0.00683	0.00605
11	0.01836	0.71329	0.07965	0.01244	0.01869	0.02689	0.01281	0.02097	0.01421	0.01678	0.00988	0.01142	0.00895	0.00601	0.00461	0.00154	0.00764	0.00382	0.00298	0.00904
12	0.02052	0.01865	0.01864	0.01845	0.10289	0.13353	0.01296	0.11915	0.39101	0.05530	0.02211	0.02147	0.01665	0.00853	0.00693	0.00219	0.00731	0.00689	0.00613	0.01070
13	0.01942	0.08465	0.11105	0.04476	0.07250	0.08334	0.10580	0.08862	0.21645	0.07501	0.01846	0.01922	0.01378	0.00764	0.00686	0.00215	0.00834	0.00653	0.00512	0.01030
14	0.05646	0.01246	0.01425	0.01027	0.01638	0.00964	0.00823	0.01773	0.01433	0.02319	0.01226	0.01430	0.01019	0.00524	0.00512	0.00109	0.00518	0.00412	0.00414	0.75541
15	0.02109	0.06577	0.02071	0.03845	0.10284	0.06651	0.04577	0.17864	0.13479	0.12478	0.03767	0.04722	0.01740	0.00896	0.00698	0.00216	0.00731	0.03341	0.02931	0.01022
16	0.04088	0.01396	0.01824	0.01822	0.12253	0.03484	0.05851	0.11685	0.09546	0.06841	0.06354	0.08959	0.08258	0.01084	0.00802	0.00227	0.03715	0.05016	0.00570	0.06224

[dist]
# distance from previous block
# <min> <max>
2	6

[block]
# block no. 1 follows, 30 sequences, length 18
# corresponding to MSA columns:
# 702-719
name=unknown_B
#
# <colnr> <probs for GDERKNQSTAVLIFYWHMCP>
#	G	D	E	R	K	N	Q	S	T	A	V	L	I	F	Y	W	H	M	C	P
0	0.07303	0.04346	0.09438	0.08056	0.05683	0.06763	0.02920	0.01808	0.01508	0.06987	0.07472	0.13120	0.05900	0.08506	0.00977	0.00264	0.00690	0.00905	0.03849	0.03507
1	0.01881	0.25941	0.08735	0.01658	0.02231	0.05537	0.14017	0.12753	0.05076	0.04696	0.01735	0.05463	0.03692	0.00797	0.00644	0.00199	0.00825	0.00672	0.02504	0.00944
2	0.01076	0.00965	0.04544	0.00974	0.01202	0.00863	0.00785	0.01517	0.08422	0.02354	0.30348	0.07725	0.22071	0.05502	0.01011	0.00255	0.03938	0.01188	0.04571	0.00691
3	0.01488	0.01190	0.01400	0.01059	0.01606	0.00944	0.00834	0.01869	0.05233	0.05711	0.01659	0.08777	0.01480	0.00722	0.00573	0.00134	0.00512	0.00603	0.00475	0.63730
4	0.01892	0.01524	0.02049	0.11378	0.21166	0.01654	0.01518	0.18137	0.16835	0.06243	0.02032	0.06227	0.01671	0.00906	0.00721	0.00227	0.00724	0.03504	0.00558	0.01038
5	0.00997	0.00748	0.01121	0.01121	0.01246	0.00872	0.00872	0.01246	0.01121	0.01620	0.01869	0.02741	0.01745	0.05234	0.72710	0.01121	0.01869	0.00748	0.00374	0.00623
6	0.16945	0.05907	0.04353	0.07872	0.19908	0.03797	0.01436	0.10643	0.13192	0.02693	0.01655	0.05746	0.01375	0.00804	0.00640	0.00217	0.00718	0.00656	0.00477	0.00969
7	0.01866	0.01699	0.05436	0.15091	0.20277	0.01717	0.11263	0.13781	0.12818	0.06444	0.01697	0.01929	0.01271	0.00734	0.00715	0.00222	0.00837	0.00678	0.00485	0.01039
8	0.05150	0.01475	0.01999	0.06427	0.29065	0.04494	0.01479	0.07619	0.08070	0.08029	0.02021	0.07758	0.03906	0.00890	0.00734	0.00218	0.02862	0.00763	0.06070	0.00971
9	0.01419	0.01170	0.01354	0.01321	0.05158	0.05972	0.02391	0.11575	0.01607	0.02120	0.06553	0.05943	0.05728	0.25248	0.15510	0.00540	0.02596	0.02614	0.00489	0.00694
10	0.01826	0.03884	0.07457	0.04580	0.15599	0.13017	0.07482	0.08986	0.11104	0.04234	0.06907	0.02445	0.07677	0.00868	0.00709	0.00213	0.00820	0.00742	0.00496	0.00954
11	0.04790	0.12651	0.06647	0.03082	0.09091	0.10568	0.01140	0.04143	0.01605	0.02041	0.06320	0.13313	0.16311	0.04336	0.00819	0.00234	0.00684	0.00964	0.00483	0.00776
12	0.04985	0.05423	0.05017	0.01241	0.01610	0.04599	0.04375	0.05742	0.09768	0.10823	0.18593	0.06493	0.08930	0.03277	0.00810	0.00235	0.00592	0.03449	0.03195	0.00843
13	0.01194	0.05664	0.04136	0.01081	0.01294	0.04876	0.00833	0.04327	0.07383	0.01978	0.03598	0.37717	0.13785	0.07599	0.01019	0.00284	0.00541	0.01421	0.00585	0.00684
14	0.01853	0.19344	0.16546	0.01884	0.08427	0.17746	0.05265	0.05082	0.06456	0.02071	0.01438	0.04904	0.01228	0.00945	0.03704	0.00237	0.00969	0.00596	0.00383	0.00925
15	0.09160	0.10388	0.24945	0.01740	0.08549	0.09114	0.01599	0.02207	0.05267	0.04876	0.05652	0.01945	0.01468	0.05980	0.00827	0.00235	0.00826	0.00589	0.00407	0.04226
16	0.07252	0.04531	0.14896	0.02231	0.20116	0.01509	0.06973	0.06135	0.06300	0.02467	0.07481	0.02295	0.05070	0.03218	0.00769	0.00223	0.00755	0.00697	0.00445	0.06635
17	0.01671	0.06464	0.12417	0.05009	0.16106	0.06957	0.01516	0.09037	0.09811	0.02504	0.11041	0.05874	0.02083	0.00879	0.00688	0.00208	0.00744	0.00741	0.00491	0.05761

[dist]
# distance from previous block
# <min> <max>
1	13

[block]
# block no. 2 follows, 30 sequences, length 16
# corresponding to MSA columns:
# 733-748
name=unknown_C
#
# <colnr> <probs for GDERKNQSTAVLIFYWHMCP>
#	G	D	E	R	K	N	Q	S	T	A	V	L	I	F	Y	W	H	M	C	P
0	0.01631	0.07007	0.19982	0.01919	0.11727	0.07162	0.04362	0.04987	0.03643	0.04390	0.03795	0.05117	0.03578	0.01001	0.03604	0.00238	0.00853	0.02721	0.00427	0.11855
1	0.04643	0.03692	0.06430	0.01862	0.14773	0.06108	0.01316	0.09809	0.10621	0.02605	0.04724	0.02203	0.01618	0.00815	0.00701	0.00199	0.03401	0.03270	0.09447	0.11763
2	0.03725	0.01732	0.11051	0.09870	0.17728	0.05517	0.06336	0.02206	0.07950	0.07522	0.03884	0.05051	0.01683	0.06328	0.00915	0.00254	0.00803	0.03128	0.00456	0.03863
3	0.07566	0.05682	0.01754	0.20747	0.09296	0.03354	0.01258	0.04409	0.01594	0.02279	0.12280	0.06576	0.04652	0.00892	0.00662	0.00199	0.00663	0.00755	0.00460	0.14920
4	0.05017	0.01403	0.01525	0.03670	0.08530	0.08865	0.01054	0.06467	0.06032	0.09486	0.06761	0.05782	0.04140	0.05351	0.00835	0.00224	0.00648	0.03355	0.05279	0.15577
5	0.04318	0.01573	0.02045	0.09833	0.22252	0.04377	0.01470	0.14192	0.08245	0.10536	0.01865	0.02008	0.03877	0.00762	0.00671	0.00203	0.00732	0.00642	0.00519	0.09879
6	0.08342	0.01535	0.01915	0.11851	0.04889	0.04316	0.06663	0.16781	0.04646	0.04687	0.05574	0.01865	0.01423	0.00723	0.00642	0.00187	0.00720	0.00603	0.00499	0.22138
7	0.08538	0.01436	0.02218	0.05373	0.25118	0.01445	0.08660	0.02415	0.06844	0.17149	0.03793	0.05027	0.01568	0.00806	0.00753	0.00219	0.03470	0.00719	0.00516	0.03933
8	0.04844	0.01473	0.01734	0.01485	0.01795	0.11810	0.10281	0.07841	0.01681	0.06583	0.04077	0.16077	0.02307	0.08794	0.03764	0.00313	0.03739	0.06666	0.00520	0.04218
9	0.02078	0.01630	0.01665	0.01430	0.01820	0.12802	0.03766	0.12721	0.17873	0.15335	0.05450	0.10315	0.05195	0.01090	0.00737	0.00227	0.00701	0.03545	0.00656	0.00962
10	0.01301	0.00650	0.00650	0.00650	0.00813	0.00650	0.00488	0.01626	0.01463	0.02602	0.02276	0.02602	0.01789	0.00813	0.00488	0.00163	0.00325	0.00650	0.79350	0.00650
11	0.01036	0.00669	0.00777	0.00777	0.00777	0.00669	0.00442	0.01004	0.01004	0.01338	0.02094	0.04307	0.02396	0.67711	0.03464	0.09075	0.00669	0.00971	0.00410	0.00410
12	0.02607	0.03326	0.01978	0.01798	0.02157	0.72674	0.01348	0.02787	0.01978	0.01708	0.01079	0.01258	0.00899	0.00719	0.00629	0.00180	0.01258	0.00449	0.00360	0.00809
13	0.01301	0.00650	0.00650	0.00650	0.00813	0.00650	0.00488	0.01626	0.01463	0.02602	0.02276	0.02602	0.01789	0.00813	0.00488	0.00163	0.00325	0.00650	0.79350	0.00650
14	0.27594	0.22708	0.04810	0.01182	0.01606	0.09058	0.01039	0.03971	0.01457	0.02293	0.01615	0.12908	0.01611	0.00958	0.00576	0.00210	0.00685	0.04494	0.00434	0.00790
15	0.45791	0.10362	0.07824	0.01475	0.09733	0.01687	0.01158	0.04629	0.01430	0.05575	0.03923	0.01465	0.01113	0.00687	0.00521	0.00207	0.00643	0.00476	0.00435	0.00867

[dist]
# distance from previous block
# <min> <max>
0	1

[block]
# block no. 3 follows, 30 sequences, length 21
# corresponding to MSA columns:
# 750-770
name=unknown_D
#
# <colnr> <probs for GDERKNQSTAVLIFYWHMCP>
#	G	D	E	R	K	N	Q	S	T	A	V	L	I	F	Y	W	H	M	C	P
0	0.04730	0.13188	0.12713	0.01765	0.05990	0.30181	0.01493	0.11435	0.03840	0.04265	0.01311	0.01457	0.01025	0.00715	0.00615	0.00190	0.00973	0.00502	0.02676	0.00935
1	0.01527	0.01527	0.02137	0.01832	0.01832	0.02137	0.01527	0.01679	0.01069	0.01679	0.00916	0.01527	0.00916	0.01221	0.02290	0.00305	0.74198	0.00611	0.00305	0.00763
2	0.08246	0.02005	0.01698	0.01423	0.01843	0.23539	0.01110	0.20447	0.02162	0.13385	0.04291	0.03878	0.01529	0.06004	0.00855	0.00231	0.00830	0.00640	0.00565	0.05321
3	0.00856	0.00632	0.00804	0.00938	0.01016	0.00579	0.00645	0.00994	0.01390	0.01810	0.04394	0.60822	0.15961	0.02105	0.00882	0.00277	0.00405	0.04270	0.00648	0.00573
4	0.01628	0.01521	0.02288	0.44124	0.22335	0.04750	0.01902	0.09107	0.01675	0.02194	0.01299	0.01778	0.01004	0.00693	0.00693	0.00221	0.00900	0.00614	0.00363	0.00910
5	0.01739	0.56231	0.22210	0.01410	0.02125	0.02451	0.01571	0.02122	0.01433	0.01796	0.01047	0.01216	0.00892	0.00615	0.00506	0.00169	0.00824	0.00412	0.00297	0.00932
6	0.01301	0.00650	0.00650	0.00650	0.00813	0.00650	0.00488	0.01626	0.01463	0.02602	0.02276	0.02602	0.01789	0.00813	0.00488	0.00163	0.00325	0.00650	0.79350	0.00650
7	0.01552	0.03023	0.01762	0.01666	0.12326	0.01284	0.02793	0.04727	0.15900	0.02542	0.10496	0.02226	0.01987	0.00755	0.00636	0.00170	0.00579	0.00650	0.00517	0.34409
8	0.01462	0.01945	0.20803	0.07817	0.15120	0.01407	0.15974	0.01965	0.01534	0.04594	0.01938	0.13197	0.01810	0.00981	0.00765	0.00240	0.00877	0.06243	0.00419	0.00910
9	0.01426	0.01242	0.01573	0.03971	0.01840	0.00980	0.04139	0.01757	0.01484	0.02282	0.05118	0.01694	0.01340	0.00578	0.00556	0.00121	0.00554	0.00489	0.00426	0.68431
10	0.01376	0.01278	0.02107	0.47377	0.18520	0.01492	0.01808	0.01763	0.01415	0.01868	0.01644	0.02165	0.05825	0.00854	0.00864	0.03699	0.04113	0.00679	0.00341	0.00812
11	0.02326	0.25803	0.02471	0.01593	0.02019	0.48510	0.01293	0.02525	0.01791	0.01700	0.01133	0.01439	0.01003	0.00722	0.00584	0.00175	0.01078	0.02654	0.00350	0.00830
12	0.01479	0.01520	0.06541	0.01501	0.01795	0.10516	0.08210	0.01762	0.01402	0.04804	0.01936	0.02974	0.03563	0.10979	0.20509	0.00526	0.09052	0.06815	0.00418	0.03699
13	0.02314	0.01521	0.04222	0.05606	0.07653	0.05580	0.01231	0.11311	0.10880	0.29450	0.02459	0.04397	0.04632	0.04511	0.00844	0.00241	0.00692	0.00754	0.00662	0.01039
14	0.01814	0.01740	0.06578	0.23252	0.21913	0.10372	0.01718	0.02302	0.05450	0.10383	0.06328	0.02058	0.01525	0.00761	0.00695	0.00216	0.00847	0.00656	0.00445	0.00946
15	0.00842	0.00708	0.00731	0.00725	0.00953	0.00597	0.00544	0.01036	0.01632	0.01984	0.13981	0.06553	0.63866	0.01730	0.00825	0.00234	0.00351	0.01450	0.00661	0.00597
16	0.02262	0.05211	0.03741	0.10710	0.05566	0.36017	0.04615	0.07280	0.08745	0.07101	0.01463	0.01627	0.01122	0.00742	0.00662	0.00200	0.01018	0.00559	0.00444	0.00916
17	0.01769	0.01648	0.09191	0.17504	0.32372	0.01495	0.04340	0.02263	0.04152	0.12174	0.01683	0.05407	0.01344	0.00763	0.00706	0.00221	0.00818	0.00702	0.00437	0.01010
18	0.02527	0.02259	0.02013	0.05370	0.08573	0.34973	0.04241	0.02793	0.01891	0.23230	0.01733	0.01947	0.01297	0.00793	0.00681	0.00204	0.00973	0.03030	0.00521	0.00950
19	0.01416	0.01340	0.02270	0.57134	0.20704	0.01576	0.01987	0.01869	0.01442	0.01902	0.01258	0.01828	0.00972	0.00679	0.00696	0.00226	0.00906	0.00621	0.00319	0.00854
20	0.01625	0.01706	0.05236	0.10414	0.31050	0.06072	0.15775	0.03893	0.01627	0.02183	0.01681	0.08760	0.01538	0.00851	0.00748	0.00228	0.00896	0.04377	0.00396	0.00943

[dist]
# distance from previous block
# <min> <max>
8	20

[block]
# block no. 4 follows, 30 sequences, length 63
# corresponding to MSA columns:
# 835-837,839-887,889-899
name=unknown_E
#
# <colnr> <probs for GDERKNQSTAVLIFYWHMCP>
#	G	D	E	R	K	N	Q	S	T	A	V	L	I	F	Y	W	H	M	C	P
0	0.01114	0.00784	0.00987	0.00983	0.01155	0.00750	0.00735	0.04160	0.04176	0.04858	0.33103	0.25629	0.10795	0.01654	0.00840	0.00247	0.00412	0.06227	0.00712	0.00681
1	0.01747	0.50893	0.24825	0.01455	0.02186	0.02386	0.01629	0.04392	0.01498	0.01912	0.01082	0.01248	0.00902	0.00626	0.00523	0.00174	0.00836	0.00426	0.00311	0.00948
2	0.01720	0.20317	0.25560	0.01506	0.02142	0.05613	0.01579	0.08263	0.07693	0.05245	0.05440	0.06737	0.03581	0.00872	0.00646	0.00206	0.00792	0.00683	0.00455	0.00950
3	0.06549	0.21956	0.43948	0.01651	0.02467	0.03938	0.01967	0.02138	0.01482	0.02138	0.04853	0.01553	0.01182	0.00687	0.00600	0.00201	0.00896	0.00508	0.00331	0.00952
4	0.04961	0.01902	0.03748	0.02716	0.03367	0.05344	0.58375	0.02275	0.01639	0.04348	0.01403	0.01825	0.01055	0.00624	0.00837	0.00233	0.03272	0.00776	0.00371	0.00929
5	0.01511	0.01647	0.08826	0.35616	0.34787	0.01606	0.02089	0.01985	0.01490	0.02048	0.01274	0.01764	0.01006	0.00660	0.00691	0.00220	0.00893	0.00611	0.00325	0.00949
6	0.01008	0.00704	0.00901	0.00901	0.00949	0.00752	0.00597	0.01105	0.01056	0.01457	0.02071	0.03859	0.02230	0.48233	0.30374	0.00849	0.01139	0.00911	0.00404	0.00500
7	0.31928	0.05929	0.01643	0.01210	0.01721	0.01644	0.01010	0.20866	0.01993	0.20456	0.01621	0.01605	0.01136	0.00746	0.00577	0.00206	0.00628	0.00529	0.00605	0.03946
8	0.05729	0.01526	0.02190	0.04898	0.05517	0.02044	0.04194	0.01749	0.01138	0.01813	0.00972	0.01544	0.00923	0.01114	0.01987	0.00290	0.60661	0.00608	0.00316	0.00788
9	0.00904	0.00664	0.00776	0.00842	0.00929	0.00615	0.00561	0.01010	0.01316	0.01687	0.04231	0.31505	0.22551	0.24991	0.01707	0.00394	0.00483	0.03725	0.00577	0.00531
10	0.01385	0.01118	0.01513	0.19203	0.06806	0.01207	0.01179	0.06501	0.11700	0.04519	0.25473	0.03617	0.10725	0.01105	0.00755	0.00225	0.00583	0.00956	0.00604	0.00825
11	0.01582	0.01236	0.01461	0.01050	0.01664	0.00938	0.00843	0.01888	0.01491	0.07811	0.01361	0.01521	0.01089	0.00545	0.00532	0.00112	0.00523	0.00436	0.00449	0.73468
12	0.80405	0.01350	0.01026	0.00918	0.01350	0.01565	0.00756	0.02051	0.01188	0.03131	0.00972	0.01134	0.00756	0.00648	0.00432	0.00216	0.00540	0.00378	0.00432	0.00756
13	0.01584	0.01500	0.02599	0.22235	0.26780	0.03238	0.15231	0.02026	0.01605	0.04593	0.07270	0.02349	0.01643	0.00767	0.00741	0.00225	0.00879	0.03408	0.00403	0.00922
14	0.00849	0.00672	0.00752	0.00804	0.00960	0.00589	0.00568	0.01003	0.01489	0.01854	0.07980	0.29334	0.42850	0.05816	0.00992	0.00274	0.00387	0.01611	0.00640	0.00575
15	0.02620	0.01939	0.02076	0.01599	0.02152	0.02149	0.01319	0.66502	0.05628	0.04346	0.01716	0.01708	0.01220	0.00842	0.00699	0.00210	0.00760	0.00634	0.00699	0.01184
16	0.05664	0.16381	0.12531	0.02019	0.14331	0.03991	0.03833	0.14316	0.06720	0.04288	0.01411	0.01581	0.01101	0.00706	0.00671	0.00197	0.03066	0.00549	0.00440	0.06203
17	0.06853	0.05818	0.20716	0.04773	0.28035	0.11539	0.03600	0.02243	0.01563	0.03763	0.01244	0.01544	0.00987	0.00677	0.00714	0.00210	0.03836	0.00549	0.00347	0.00987
18	0.00965	0.00723	0.00910	0.01030	0.01117	0.00719	0.00707	0.01328	0.10256	0.01929	0.03715	0.65594	0.04292	0.02025	0.00867	0.00277	0.00424	0.01828	0.00656	0.00637
19	0.01395	0.01299	0.02173	0.60986	0.09818	0.01561	0.03771	0.04191	0.01475	0.01922	0.01290	0.01877	0.00987	0.00863	0.03395	0.00263	0.00958	0.00631	0.00330	0.00815
20	0.04562	0.07446	0.15383	0.11726	0.10783	0.05401	0.03798	0.04364	0.03452	0.09322	0.01370	0.01662	0.01058	0.00806	0.00986	0.00230	0.15726	0.00583	0.00399	0.00941
21	0.03131	0.01188	0.01619	0.01242	0.01781	0.01026	0.01026	0.03401	0.01997	0.71606	0.02753	0.02375	0.01727	0.00864	0.00702	0.00216	0.00594	0.00702	0.00864	0.01188
22	0.00909	0.00650	0.00878	0.01039	0.01106	0.00618	0.00750	0.01074	0.01394	0.01848	0.03814	0.60552	0.04486	0.02131	0.00906	0.00292	0.00456	0.15869	0.00647	0.00583
23	0.73994	0.01435	0.01065	0.00957	0.01377	0.05321	0.00780	0.02078	0.01238	0.03040	0.01015	0.01182	0.00793	0.00656	0.00444	0.00212	0.00572	0.00390	0.02695	0.00756
24	0.00883	0.00645	0.00857	0.00961	0.01041	0.00619	0.00669	0.01049	0.01400	0.01884	0.11421	0.52575	0.09427	0.02465	0.10227	0.00382	0.00583	0.01703	0.00626	0.00586
25	0.04544	0.01495	0.02158	0.17981	0.19401	0.01663	0.04098	0.15688	0.06584	0.04703	0.01602	0.02051	0.01281	0.01154	0.06634	0.00299	0.04797	0.02440	0.00462	0.00964
26	0.04471	0.14781	0.06179	0.30276	0.15931	0.01835	0.01720	0.09650	0.01651	0.02242	0.01247	0.01619	0.00982	0.00671	0.00633	0.00204	0.00835	0.00555	0.00367	0.04151
27	0.18680	0.22126	0.02222	0.06192	0.02025	0.29010	0.01217	0.02287	0.01557	0.01992	0.01049	0.01284	0.00891	0.00805	0.02400	0.00212	0.04444	0.00440	0.00353	0.00812
28	0.01514	0.07805	0.44579	0.02257	0.03150	0.01744	0.24679	0.02211	0.01528	0.02181	0.01287	0.01587	0.00944	0.00633	0.00703	0.00221	0.01061	0.00610	0.00315	0.00992
29	0.00985	0.00708	0.01010	0.01063	0.01178	0.00652	0.04266	0.01143	0.01403	0.04717	0.03967	0.61849	0.10378	0.02008	0.00873	0.00274	0.00449	0.01822	0.00641	0.00615
30	0.01447	0.01240	0.01447	0.01034	0.01654	0.00930	0.00827	0.01757	0.01447	0.02274	0.01240	0.01447	0.01034	0.00517	0.00517	0.00103	0.00517	0.00413	0.00413	0.79742
31	0.01151	0.00924	0.01305	0.19595	0.04024	0.00986	0.01029	0.01384	0.01323	0.01832	0.04368	0.21456	0.02528	0.16951	0.01398	0.00327	0.03685	0.02682	0.04658	0.08393
32	0.01275	0.01146	0.01558	0.01406	0.01451	0.01478	0.01120	0.01424	0.01135	0.01645	0.01910	0.03042	0.06550	0.16426	0.12624	0.00493	0.39660	0.04619	0.00383	0.00657
33	0.00897	0.00702	0.00763	0.00752	0.00924	0.00621	0.00533	0.01067	0.01546	0.01955	0.18733	0.05962	0.43591	0.17284	0.01401	0.00326	0.00417	0.01334	0.00624	0.00568
34	0.00997	0.00748	0.01121	0.01121	0.01246	0.00872	0.00872	0.01246	0.01121	0.01620	0.01869	0.02741	0.01745	0.05234	0.72710	0.01121	0.01869	0.00748	0.00374	0.00623
35	0.01433	0.01344	0.02246	0.50807	0.17551	0.01572	0.03851	0.03742	0.01483	0.01966	0.01371	0.04860	0.01129	0.00761	0.00754	0.00231	0.03025	0.00683	0.00343	0.00848
36	0.01113	0.00795	0.01111	0.01272	0.01427	0.00793	0.01104	0.01426	0.01595	0.02075	0.03701	0.10722	0.04042	0.01939	0.00961	0.00320	0.00632	0.63690	0.00643	0.00639
37	0.01318	0.01240	0.02093	0.73798	0.04806	0.01550	0.01938	0.01783	0.01395	0.01783	0.01240	0.01860	0.00930	0.00698	0.00698	0.00233	0.00930	0.00620	0.00310	0.00775
38	0.01238	0.01014	0.03063	0.01426	0.07387	0.00952	0.03377	0.06107	0.04249	0.03832	0.15447	0.25884	0.09329	0.01671	0.02897	0.00279	0.00575	0.09904	0.00626	0.00744
39	0.00903	0.00643	0.00856	0.00975	0.01025	0.00631	0.00665	0.01032	0.01276	0.01714	0.03361	0.53308	0.03938	0.12676	0.10403	0.00446	0.00639	0.04371	0.00582	0.00557
40	0.76412	0.01365	0.01117	0.01088	0.04891	0.01570	0.00826	0.02056	0.01208	0.03088	0.00989	0.01164	0.00773	0.00646	0.00445	0.00215	0.00554	0.00390	0.00427	0.00773
41	0.00997	0.00748	0.01121	0.01121	0.01246	0.00872	0.00872	0.01246	0.01121	0.01620	0.01869	0.02741	0.01745	0.05234	0.72710	0.01121	0.01869	0.00748	0.00374	0.00623
42	0.01447	0.01240	0.01447	0.01034	0.01654	0.00930	0.00827	0.01757	0.01447	0.02274	0.01240	0.01447	0.01034	0.00517	0.00517	0.00103	0.00517	0.00413	0.00413	0.79742
43	0.01447	0.01240	0.01447	0.01034	0.01654	0.00930	0.00827	0.01757	0.01447	0.02274	0.01240	0.01447	0.01034	0.00517	0.00517	0.00103	0.00517	0.00413	0.00413	0.79742
44	0.59053	0.01308	0.01179	0.00995	0.01461	0.01411	0.00818	0.02326	0.01378	0.17912	0.01373	0.01421	0.00982	0.00687	0.00495	0.00209	0.00550	0.00450	0.00524	0.05466
45	0.05841	0.00650	0.00916	0.00910	0.00935	0.00662	0.00615	0.00976	0.00925	0.01324	0.01198	0.02063	0.01185	0.02320	0.02593	0.75051	0.00602	0.00593	0.00311	0.00329
46	0.00871	0.00624	0.00839	0.00985	0.01038	0.00592	0.00673	0.01012	0.01357	0.01820	0.06244	0.66824	0.04526	0.02305	0.04535	0.00325	0.00483	0.03733	0.00638	0.00575
47	0.01400	0.03610	0.71860	0.01989	0.03020	0.01621	0.02578	0.02210	0.01473	0.02210	0.01252	0.01473	0.00884	0.00663	0.00663	0.00221	0.01031	0.00516	0.00295	0.01031
48	0.01557	0.21267	0.52702	0.01788	0.02689	0.04430	0.02196	0.02201	0.01478	0.02053	0.01177	0.01379	0.00887	0.00649	0.00609	0.00202	0.00970	0.00478	0.00298	0.00990
49	0.07603	0.01207	0.01583	0.01228	0.01757	0.01080	0.01012	0.03332	0.04137	0.65390	0.02652	0.02310	0.01684	0.00854	0.00686	0.00217	0.00589	0.00686	0.00834	0.01160
50	0.01531	0.01462	0.02527	0.34792	0.36169	0.01592	0.05895	0.01976	0.01504	0.02066	0.01310	0.01817	0.01042	0.00658	0.00697	0.00219	0.00881	0.00634	0.02290	0.00939
51	0.00931	0.00719	0.00918	0.00896	0.01061	0.00651	0.02457	0.01161	0.01666	0.02222	0.32426	0.19800	0.24711	0.05989	0.00997	0.00264	0.00395	0.01445	0.00677	0.00613
52	0.01662	0.01868	0.11981	0.02036	0.02623	0.01624	0.27619	0.12973	0.11102	0.02612	0.03954	0.02347	0.05500	0.01206	0.07357	0.00310	0.00998	0.00789	0.00480	0.00957
53	0.05090	0.01759	0.02110	0.01788	0.01931	0.10511	0.04092	0.07722	0.01402	0.02003	0.01058	0.01548	0.00966	0.01221	0.04322	0.00304	0.50414	0.00596	0.00356	0.00808
54	0.02653	0.01955	0.02094	0.01606	0.02164	0.02164	0.01326	0.68796	0.03281	0.04398	0.01675	0.01675	0.01187	0.00838	0.00698	0.00209	0.00768	0.00628	0.00698	0.01187
55	0.69537	0.01626	0.01159	0.01041	0.01462	0.11499	0.00839	0.02154	0.01298	0.02932	0.00987	0.01151	0.00776	0.00658	0.00459	0.00211	0.00640	0.00388	0.00422	0.00763
56	0.00857	0.00664	0.00784	0.00864	0.01001	0.00591	0.00616	0.01022	0.01492	0.01893	0.08803	0.38879	0.33554	0.01953	0.00861	0.00261	0.00388	0.04279	0.00654	0.00584
57	0.02458	0.04814	0.02097	0.01646	0.04111	0.05655	0.05683	0.29665	0.12237	0.19138	0.02059	0.02117	0.01489	0.00851	0.00702	0.00216	0.00748	0.02538	0.00668	0.01108
58	0.00905	0.00647	0.00873	0.01035	0.01099	0.00614	0.00744	0.01067	0.01390	0.01843	0.03816	0.61527	0.04495	0.02134	0.00905	0.00291	0.00453	0.14934	0.00647	0.00582
59	0.01006	0.00686	0.00800	0.00796	0.00824	0.00689	0.00478	0.01051	0.01098	0.01477	0.06336	0.04521	0.04908	0.62890	0.09095	0.00673	0.00746	0.01022	0.00446	0.00459
60	0.07624	0.23780	0.02271	0.01435	0.01832	0.32148	0.01180	0.04169	0.01730	0.01971	0.07639	0.01785	0.03793	0.00812	0.00686	0.00187	0.05193	0.00546	0.00401	0.00817
61	0.02280	0.04016	0.10544	0.01497	0.02054	0.05565	0.01344	0.41092	0.02601	0.08419	0.02123	0.02127	0.06858	0.00879	0.00682	0.00207	0.00754	0.00673	0.05225	0.01060
62	0.11912	0.24229	0.13450	0.01773	0.09971	0.06957	0.03972	0.06091	0.06921	0.04194	0.01501	0.01640	0.03206	0.00709	0.00588	0.00196	0.00796	0.00537	0.00408	0.00950

[dist]
# distance from previous block
# <min> <max>
9	25

[block]
# block no. 5 follows, 30 sequences, length 20
# corresponding to MSA columns:
# 948-967
name=unknown_F
#
# <colnr> <probs for GDERKNQSTAVLIFYWHMCP>
#	G	D	E	R	K	N	Q	S	T	A	V	L	I	F	Y	W	H	M	C	P
0	0.03969	0.01589	0.04495	0.16827	0.23750	0.01652	0.03976	0.09168	0.17273	0.02556	0.01749	0.02117	0.01385	0.00772	0.00696	0.00221	0.00773	0.02773	0.00470	0.03789
1	0.01555	0.35834	0.02497	0.04509	0.01782	0.01896	0.03949	0.01939	0.07494	0.01841	0.03572	0.02386	0.03843	0.11348	0.03309	0.00281	0.03140	0.02614	0.00400	0.05810
2	0.13696	0.01701	0.02535	0.05472	0.40534	0.05500	0.09812	0.02298	0.07444	0.02412	0.01390	0.01710	0.01118	0.00657	0.00666	0.00214	0.00830	0.00614	0.00391	0.01006
3	0.00963	0.00708	0.00963	0.00988	0.01084	0.00761	0.00715	0.01135	0.01174	0.01613	0.02698	0.14441	0.08471	0.18910	0.41209	0.00824	0.01267	0.01055	0.00450	0.00570
4	0.01962	0.66479	0.03439	0.01272	0.01839	0.11833	0.01214	0.02180	0.01491	0.01650	0.00984	0.01137	0.00896	0.00613	0.00471	0.00153	0.00813	0.00383	0.00306	0.00884
5	0.01214	0.00984	0.04204	0.00939	0.01242	0.00813	0.00764	0.05881	0.01802	0.06770	0.24292	0.06935	0.31111	0.03917	0.00875	0.00235	0.00443	0.01194	0.00662	0.05723
6	0.01960	0.09277	0.09327	0.10319	0.22547	0.10670	0.03890	0.15854	0.05032	0.02545	0.01383	0.01634	0.01080	0.00701	0.00664	0.00205	0.00891	0.00581	0.00423	0.01016
7	0.01701	0.01632	0.02786	0.08693	0.66916	0.01651	0.02129	0.02119	0.01577	0.02248	0.01308	0.01736	0.01094	0.00627	0.00691	0.00209	0.00835	0.00622	0.00343	0.01084
8	0.00834	0.00699	0.00726	0.00737	0.00953	0.00590	0.00546	0.01013	0.01585	0.01916	0.09567	0.12547	0.62322	0.01789	0.00830	0.00239	0.00357	0.01508	0.00653	0.00590
9	0.00950	0.00773	0.00934	0.00912	0.01083	0.00764	0.00696	0.01164	0.01549	0.02020	0.19258	0.08732	0.36141	0.04220	0.09631	0.00361	0.06153	0.03434	0.00608	0.00617
10	0.01912	0.46080	0.20524	0.01434	0.02126	0.04782	0.01538	0.04611	0.01567	0.07924	0.01224	0.01341	0.00975	0.00649	0.00539	0.00176	0.00824	0.00449	0.00363	0.00962
11	0.01007	0.00709	0.00923	0.00923	0.00979	0.00765	0.00625	0.01119	0.01063	0.01473	0.02050	0.03745	0.02180	0.43870	0.34670	0.00877	0.01213	0.00895	0.00401	0.00513
12	0.01447	0.01240	0.01447	0.01034	0.01654	0.00930	0.00827	0.01757	0.01447	0.02274	0.01240	0.01447	0.01034	0.00517	0.00517	0.00103	0.00517	0.00413	0.00413	0.79742
13	0.80405	0.01350	0.01026	0.00918	0.01350	0.01565	0.00756	0.02051	0.01188	0.03131	0.00972	0.01134	0.00756	0.00648	0.00432	0.00216	0.00540	0.00378	0.00432	0.00756
14	0.01013	0.00683	0.00792	0.00792	0.00803	0.00693	0.00462	0.01035	0.01024	0.01376	0.02170	0.04409	0.02469	0.69412	0.09522	0.00715	0.00779	0.00992	0.00419	0.00440
15	0.02607	0.03326	0.01978	0.01798	0.02157	0.72674	0.01348	0.02787	0.01978	0.01708	0.01079	0.01258	0.00899	0.00719	0.00629	0.00180	0.01258	0.00449	0.00360	0.00809
16	0.01110	0.00891	0.03295	0.01060	0.01299	0.00773	0.05098	0.01462	0.01886	0.04487	0.53682	0.04932	0.08428	0.01356	0.00811	0.00225	0.00430	0.04709	0.03369	0.00698
17	0.01528	0.11013	0.04386	0.01263	0.01824	0.01263	0.05909	0.03654	0.01532	0.04012	0.03065	0.04087	0.01479	0.00865	0.02864	0.00183	0.00665	0.04930	0.00438	0.45038
18	0.01713	0.01193	0.01325	0.01054	0.01504	0.03497	0.00827	0.07652	0.01714	0.13675	0.02677	0.06002	0.12634	0.04303	0.00769	0.00192	0.00542	0.00763	0.05105	0.32859
19	0.18412	0.10716	0.11170	0.01347	0.03729	0.07662	0.01200	0.06459	0.01561	0.02452	0.01235	0.03185	0.01028	0.00657	0.00546	0.00169	0.00704	0.00477	0.00406	0.26885

[dist]
# distance from previous block
# <min> <max>
0	2

[block]
# block no. 6 follows, 30 sequences, length 6
# corresponding to MSA columns:
# 970-974,995
name=unknown_G
#
# <colnr> <probs for GDERKNQSTAVLIFYWHMCP>
#	G	D	E	R	K	N	Q	S	T	A	V	L	I	F	Y	W	H	M	C	P
0	0.29851	0.07634	0.06583	0.09446	0.06138	0.15270	0.05665	0.02171	0.01471	0.02362	0.01109	0.01365	0.00883	0.00648	0.00562	0.00198	0.00825	0.00472	0.00374	0.06972
1	0.01171	0.00896	0.01069	0.01043	0.01219	0.00964	0.00775	0.01773	0.17289	0.02069	0.09016	0.06574	0.08946	0.17821	0.18677	0.00544	0.00849	0.05065	0.03546	0.00694
2	0.01140	0.01026	0.03649	0.11291	0.11848	0.01004	0.01103	0.01381	0.01413	0.01898	0.09767	0.13346	0.14841	0.10692	0.06076	0.03705	0.03574	0.01075	0.00485	0.00685
3	0.01785	0.63306	0.15535	0.01332	0.02005	0.02563	0.01435	0.02111	0.01428	0.01741	0.01019	0.01181	0.00894	0.00609	0.00485	0.00162	0.00796	0.00398	0.00298	0.00919
4	0.01722	0.20862	0.38172	0.01895	0.07837	0.06613	0.01973	0.02348	0.04983	0.05498	0.01331	0.01494	0.01010	0.00672	0.00615	0.00200	0.00915	0.00508	0.00353	0.01000
5	0.13030	0.04448	0.01559	0.01266	0.01542	0.04183	0.01008	0.09885	0.04163	0.11968	0.01675	0.02222	0.01431	0.11300	0.12139	0.03534	0.12692	0.00656	0.00491	0.00809

[dist]
# distance from previous block
# <min> <max>
0	3

[block]
# block no. 7 follows, 30 sequences, length 20
# corresponding to MSA columns:
# 999-1018
name=unknown_H
#
# <colnr> <probs for GDERKNQSTAVLIFYWHMCP>
#	G	D	E	R	K	N	Q	S	T	A	V	L	I	F	Y	W	H	M	C	P
0	0.19858	0.06224	0.01818	0.03903	0.05207	0.21710	0.06031	0.04697	0.01506	0.02091	0.01144	0.01527	0.00973	0.01082	0.01083	0.18683	0.00855	0.00514	0.00370	0.00723
1	0.07825	0.01034	0.01079	0.01006	0.01230	0.04775	0.00759	0.06350	0.07034	0.02720	0.34961	0.11375	0.04251	0.03261	0.00808	0.00231	0.00461	0.01070	0.09043	0.00729
2	0.01690	0.01343	0.01646	0.04375	0.06695	0.01177	0.01038	0.11635	0.01777	0.05788	0.05109	0.01762	0.01387	0.00643	0.00588	0.00143	0.00586	0.00527	0.00486	0.51605
3	0.04221	0.04569	0.08495	0.03071	0.03552	0.01324	0.05588	0.08966	0.04412	0.02490	0.01594	0.01766	0.04045	0.00654	0.00593	0.00156	0.00657	0.00540	0.00442	0.42864
4	0.01086	0.00944	0.04233	0.03946	0.01554	0.00872	0.04611	0.01370	0.01432	0.01912	0.05793	0.12345	0.07300	0.10832	0.13228	0.00471	0.00854	0.26040	0.00535	0.00641
5	0.02074	0.03812	0.02671	0.05863	0.02683	0.06326	0.24164	0.23522	0.05493	0.07715	0.01800	0.04997	0.01431	0.00833	0.00748	0.00225	0.00904	0.03205	0.00535	0.01000
6	0.04449	0.12354	0.22682	0.04031	0.10491	0.03870	0.01577	0.02002	0.05704	0.03649	0.01906	0.07149	0.05392	0.03477	0.03859	0.04594	0.00831	0.00714	0.00401	0.00870
7	0.01648	0.01757	0.09734	0.12570	0.09107	0.07441	0.09161	0.06914	0.03914	0.05135	0.06646	0.02567	0.05367	0.03910	0.00974	0.00247	0.07141	0.02798	0.02094	0.00875
8	0.01552	0.17589	0.02647	0.01727	0.02070	0.01826	0.18233	0.04452	0.01401	0.01914	0.01465	0.05558	0.01397	0.10121	0.04307	0.00322	0.18914	0.00736	0.02974	0.00794
9	0.06159	0.01795	0.01869	0.03753	0.02048	0.05163	0.01222	0.51639	0.02795	0.03774	0.01813	0.08227	0.01503	0.04006	0.00816	0.00235	0.00749	0.00743	0.00642	0.01049
10	0.01629	0.01556	0.02620	0.10011	0.60508	0.01574	0.02011	0.02031	0.01572	0.02209	0.01709	0.02088	0.05971	0.00708	0.00701	0.00211	0.00804	0.00681	0.00364	0.01041
11	0.01588	0.14767	0.27833	0.02243	0.12952	0.04602	0.13087	0.02176	0.04279	0.02112	0.01646	0.03733	0.04464	0.00740	0.00672	0.00211	0.00918	0.00652	0.00358	0.00965
12	0.01990	0.01825	0.11128	0.04308	0.01944	0.14443	0.01245	0.02508	0.09892	0.19776	0.09109	0.07082	0.02268	0.06206	0.00915	0.00253	0.00755	0.02855	0.00591	0.00907
13	0.01092	0.00771	0.01042	0.01171	0.01296	0.00769	0.00969	0.01343	0.01481	0.01934	0.03411	0.09915	0.03753	0.16188	0.01462	0.00389	0.00640	0.51177	0.00600	0.00597
14	0.00943	0.00776	0.00995	0.01218	0.08881	0.00704	0.00762	0.01131	0.01509	0.01927	0.07805	0.32227	0.35002	0.01785	0.00835	0.00250	0.00426	0.01564	0.00619	0.00642
15	0.01931	0.05182	0.07426	0.10578	0.13451	0.04019	0.09912	0.14954	0.08287	0.09271	0.01900	0.05021	0.03255	0.00822	0.00709	0.00219	0.00819	0.00726	0.00508	0.01008
16	0.01631	0.01528	0.01879	0.04279	0.07837	0.11164	0.08766	0.09990	0.04573	0.02298	0.06749	0.03340	0.03596	0.06456	0.09755	0.00374	0.03257	0.11219	0.00495	0.00815
17	0.00925	0.00645	0.00864	0.00984	0.01044	0.00625	0.00687	0.01038	0.01299	0.01729	0.03476	0.50277	0.06147	0.07889	0.06879	0.05939	0.00576	0.07841	0.00585	0.00550
18	0.23119	0.02035	0.13143	0.04444	0.10498	0.08690	0.09695	0.07839	0.01688	0.10526	0.01393	0.01574	0.01022	0.00689	0.00629	0.00215	0.00840	0.00557	0.00450	0.00955
19	0.28467	0.14529	0.06582	0.01559	0.08651	0.04666	0.01238	0.06352	0.01471	0.02505	0.01099	0.01329	0.00905	0.00697	0.00703	0.00198	0.08314	0.00458	0.00390	0.09888

[dist]
# distance from previous block
# <min> <max>
26	150

[block]
# block no. 8 follows, 30 sequences, length 12
# corresponding to MSA columns:
# 1243-1254
name=unknown_I
#
# <colnr> <probs for GDERKNQSTAVLIFYWHMCP>
#	G	D	E	R	K	N	Q	S	T	A	V	L	I	F	Y	W	H	M	C	P
0	0.10559	0.04544	0.01717	0.08592	0.02062	0.03636	0.01135	0.18346	0.11720	0.13840	0.04875	0.06106	0.01724	0.00884	0.00661	0.00210	0.00655	0.00705	0.00609	0.07423
1	0.06971	0.10760	0.02009	0.04314	0.09297	0.07654	0.05587	0.04959	0.06982	0.08005	0.01949	0.06175	0.04282	0.02800	0.05237	0.00267	0.00792	0.00704	0.03529	0.07728
2	0.02379	0.01783	0.02017	0.09312	0.02375	0.01996	0.01356	0.56284	0.02909	0.03898	0.01644	0.01779	0.01203	0.01169	0.06372	0.00284	0.00872	0.00637	0.00631	0.01098
3	0.01500	0.01250	0.01451	0.01076	0.01646	0.01004	0.00854	0.07279	0.01591	0.02412	0.01482	0.07263	0.01329	0.00675	0.00561	0.00126	0.00529	0.00555	0.00456	0.66960
4	0.02294	0.05600	0.02130	0.01827	0.09459	0.02038	0.01354	0.42650	0.18940	0.03676	0.01879	0.01875	0.01389	0.00828	0.00687	0.00213	0.00722	0.00653	0.00643	0.01143
5	0.00938	0.00804	0.03849	0.01002	0.01150	0.00656	0.00743	0.01111	0.01367	0.01842	0.03694	0.55243	0.09119	0.04912	0.00956	0.00279	0.00456	0.04093	0.00604	0.07180
6	0.01824	0.22545	0.15189	0.01359	0.01898	0.03541	0.01316	0.09172	0.10947	0.08483	0.05336	0.02171	0.01658	0.08555	0.00920	0.00246	0.00734	0.00634	0.02537	0.00935
7	0.01631	0.41471	0.26538	0.01460	0.02140	0.02166	0.01630	0.02057	0.01413	0.01885	0.01166	0.01395	0.00971	0.00836	0.03396	0.00218	0.03905	0.00460	0.04349	0.00913
8	0.01075	0.01053	0.08557	0.01151	0.01348	0.00826	0.00938	0.06781	0.01528	0.02063	0.03379	0.57239	0.03896	0.01896	0.00854	0.00273	0.00516	0.05342	0.00614	0.00673
9	0.01487	0.02958	0.48929	0.04465	0.08014	0.01651	0.10301	0.02355	0.08837	0.02281	0.01446	0.01674	0.01056	0.00683	0.00690	0.00224	0.00979	0.00593	0.00350	0.01026
10	0.02105	0.01933	0.08500	0.09638	0.07077	0.16392	0.02943	0.05604	0.03819	0.17633	0.05829	0.01991	0.01532	0.00769	0.00666	0.00198	0.00819	0.00620	0.02517	0.09415
11	0.01829	0.01602	0.08223	0.19392	0.16773	0.01451	0.15067	0.02282	0.01631	0.16622	0.01876	0.02320	0.03187	0.00778	0.00735	0.00228	0.00868	0.03702	0.00465	0.00970

[dist]
# distance from previous block
# <min> <max>
0	3

[block]
# block no. 9 follows, 30 sequences, length 12
# corresponding to MSA columns:
# 1258-1269
name=unknown_J
#
# <colnr> <probs for GDERKNQSTAVLIFYWHMCP>
#	G	D	E	R	K	N	Q	S	T	A	V	L	I	F	Y	W	H	M	C	P
0	0.01738	0.01709	0.03070	0.09528	0.38009	0.01735	0.21668	0.07520	0.01712	0.02379	0.01354	0.01775	0.01078	0.00653	0.00776	0.00221	0.02998	0.00681	0.00372	0.01026
1	0.08098	0.05586	0.08153	0.07602	0.24660	0.07859	0.17579	0.03823	0.03134	0.02267	0.01392	0.04172	0.01154	0.00698	0.00690	0.00215	0.00921	0.00665	0.00374	0.00957
2	0.01624	0.01820	0.07729	0.05881	0.15466	0.08039	0.27925	0.02065	0.01606	0.04048	0.01824	0.12513	0.01685	0.00909	0.00776	0.00234	0.00949	0.03592	0.00415	0.00899
3	0.00991	0.00833	0.00898	0.01023	0.01101	0.06404	0.00698	0.01120	0.01403	0.01781	0.03809	0.65089	0.08156	0.02043	0.00866	0.00272	0.00471	0.01830	0.00624	0.00588
4	0.00923	0.00779	0.04752	0.00998	0.01105	0.00633	0.00740	0.01102	0.01356	0.01883	0.03554	0.64091	0.04141	0.01972	0.00840	0.00269	0.00432	0.01776	0.08053	0.00601
5	0.01993	0.17727	0.10116	0.01610	0.05931	0.01651	0.06209	0.11499	0.01892	0.16890	0.07045	0.02648	0.05509	0.00908	0.00684	0.00211	0.00727	0.05219	0.00554	0.00976
6	0.01723	0.02411	0.33162	0.01931	0.02668	0.01500	0.16123	0.08505	0.01757	0.11024	0.04842	0.07811	0.01612	0.00846	0.00731	0.00227	0.00901	0.00767	0.00466	0.00992
7	0.00861	0.00626	0.00812	0.00940	0.01009	0.00577	0.00639	0.01007	0.01418	0.01886	0.10436	0.62548	0.10508	0.02078	0.00879	0.00273	0.00393	0.01872	0.00659	0.00577
8	0.05063	0.19937	0.19266	0.02064	0.12234	0.15825	0.05840	0.02332	0.01593	0.05877	0.01233	0.01448	0.00975	0.00674	0.00657	0.00197	0.02968	0.00511	0.00357	0.00951
9	0.06840	0.11617	0.18644	0.04210	0.04069	0.17252	0.01577	0.15628	0.03924	0.05059	0.03892	0.01625	0.01223	0.00744	0.00633	0.00201	0.00899	0.00546	0.00450	0.00967
10	0.14949	0.07147	0.08531	0.01498	0.02012	0.18537	0.01295	0.18652	0.13118	0.02851	0.01508	0.01576	0.01149	0.00753	0.00614	0.00201	0.00826	0.00536	0.00502	0.03745
11	0.08217	0.03987	0.04613	0.01563	0.04255	0.15338	0.01246	0.21230	0.05137	0.05348	0.07547	0.03755	0.04159	0.00928	0.00822	0.00215	0.07702	0.00681	0.00539	0.02717

[dist]
# distance from previous block
# <min> <max>
6	130

[block]
# block no. 10 follows, 30 sequences, length 19
# corresponding to MSA columns:
# 1418-1436
name=unknown_K
#
# <colnr> <probs for GDERKNQSTAVLIFYWHMCP>
#	G	D	E	R	K	N	Q	S	T	A	V	L	I	F	Y	W	H	M	C	P
0	0.03778	0.08389	0.10022	0.01370	0.01920	0.04964	0.01234	0.23533	0.08294	0.02925	0.04869	0.02301	0.08897	0.00867	0.00652	0.00193	0.00691	0.00674	0.00545	0.13882
1	0.05022	0.08209	0.04874	0.06017	0.15535	0.01498	0.06233	0.09478	0.04402	0.02428	0.03738	0.10503	0.03474	0.00941	0.00688	0.00209	0.00706	0.04127	0.00473	0.11444
2	0.05093	0.17711	0.08860	0.03779	0.02112	0.15926	0.03728	0.12088	0.10960	0.04178	0.01819	0.04995	0.04190	0.00839	0.00638	0.00202	0.00830	0.00643	0.00475	0.00934
3	0.04686	0.06896	0.01978	0.04181	0.06027	0.05061	0.07374	0.10881	0.12159	0.10627	0.02393	0.09185	0.06963	0.00958	0.00693	0.00212	0.00689	0.00817	0.00564	0.07655
4	0.05160	0.01819	0.05990	0.04008	0.07195	0.07341	0.06409	0.17368	0.11523	0.09205	0.01696	0.01785	0.01259	0.00729	0.00657	0.00195	0.00761	0.00601	0.00537	0.15763
5	0.01543	0.01498	0.04834	0.01362	0.01699	0.07415	0.04145	0.09999	0.10508	0.02376	0.07159	0.12692	0.09357	0.05442	0.01051	0.00251	0.08054	0.00951	0.00543	0.09120
6	0.39184	0.06428	0.01487	0.04403	0.05843	0.07648	0.01010	0.02098	0.05243	0.04046	0.01717	0.04336	0.04491	0.00849	0.00570	0.00214	0.00645	0.04836	0.00461	0.04492
7	0.07055	0.04724	0.01952	0.08442	0.02169	0.04440	0.06373	0.21868	0.01997	0.07776	0.01902	0.05487	0.04700	0.04354	0.00946	0.00238	0.07062	0.00722	0.02449	0.05344
8	0.01089	0.00950	0.04012	0.01195	0.06882	0.00820	0.00845	0.03973	0.01797	0.02453	0.37679	0.09455	0.19018	0.05588	0.00959	0.00251	0.00446	0.01231	0.00658	0.00697
9	0.01733	0.04726	0.09695	0.06454	0.50275	0.01648	0.02011	0.02254	0.05091	0.05462	0.01492	0.01904	0.01218	0.00687	0.00687	0.00212	0.00821	0.02176	0.00387	0.01069
10	0.02126	0.03855	0.09296	0.04177	0.07018	0.05390	0.01412	0.25402	0.14998	0.09414	0.01932	0.05006	0.01485	0.00853	0.00686	0.00212	0.00746	0.00685	0.00592	0.04715
11	0.01708	0.01312	0.01458	0.01261	0.01613	0.01412	0.01004	0.24580	0.17847	0.03194	0.19008	0.06487	0.09491	0.01213	0.00767	0.00231	0.00554	0.05225	0.00707	0.00927
12	0.01588	0.11960	0.03638	0.01315	0.01624	0.04448	0.03471	0.10780	0.01686	0.04967	0.08572	0.06452	0.08197	0.05112	0.10513	0.00362	0.10735	0.00828	0.02955	0.00798
13	0.01161	0.00885	0.04917	0.01024	0.01184	0.00751	0.00791	0.01344	0.01359	0.07488	0.06222	0.26023	0.05992	0.22457	0.07869	0.00455	0.00678	0.08212	0.00565	0.00622
14	0.80405	0.01350	0.01026	0.00918	0.01350	0.01565	0.00756	0.02051	0.01188	0.03131	0.00972	0.01134	0.00756	0.00648	0.00432	0.00216	0.00540	0.00378	0.00432	0.00756
15	0.01878	0.01467	0.01582	0.01402	0.01811	0.01663	0.01097	0.03677	0.62959	0.09906	0.02831	0.02580	0.02089	0.00938	0.00709	0.00235	0.00556	0.00780	0.00726	0.01113
16	0.01476	0.01267	0.01460	0.01073	0.01670	0.01012	0.00855	0.01956	0.08406	0.02340	0.01403	0.01565	0.01145	0.00561	0.00536	0.00117	0.00520	0.00452	0.00444	0.71743
17	0.00966	0.00758	0.00856	0.00824	0.01037	0.00682	0.00619	0.04070	0.01792	0.02325	0.30112	0.09780	0.40414	0.01625	0.00822	0.00231	0.00365	0.01387	0.00694	0.00639
18	0.00872	0.00641	0.00809	0.00922	0.01007	0.00590	0.00636	0.01018	0.01418	0.01859	0.08727	0.53239	0.16031	0.05203	0.00992	0.00289	0.00411	0.04118	0.00646	0.00573

[dist]
# distance from previous block
# <min> <max>
1	2

[block]
# block no. 11 follows, 30 sequences, length 42
# corresponding to MSA columns:
# 1439-1480
name=unknown_L
#
# <colnr> <probs for GDERKNQSTAVLIFYWHMCP>
#	G	D	E	R	K	N	Q	S	T	A	V	L	I	F	Y	W	H	M	C	P
0	0.04298	0.01164	0.01277	0.01113	0.01396	0.03648	0.00825	0.07705	0.14244	0.18264	0.05991	0.05281	0.02307	0.25538	0.01638	0.00371	0.00623	0.00862	0.02620	0.00833
1	0.02582	0.01919	0.02054	0.01591	0.02137	0.02131	0.01309	0.63749	0.08444	0.04283	0.01766	0.01747	0.01260	0.00846	0.00699	0.00212	0.00751	0.00641	0.00699	0.01180
