[name]
unknown

[dist]
# distance from previous block
# <min> <max>
0	15

[block]
# block no. 0 follows, 34 sequences, length 7
# corresponding to MSA columns:
# 15-21
name=unknown_A
#
# <colnr> <probs for GDERKNQSTAVLIFYWHMCP>
#	G	D	E	R	K	N	Q	S	T	A	V	L	I	F	Y	W	H	M	C	P
0	0.01534	0.01625	0.02401	0.13780	0.02701	0.11106	0.25598	0.02167	0.13844	0.01955	0.01532	0.04084	0.01248	0.01023	0.05855	0.00274	0.07383	0.00692	0.00385	0.00813
1	0.00934	0.00650	0.00822	0.00822	0.00863	0.00690	0.00538	0.01015	0.00974	0.01340	0.01929	0.03634	0.02091	0.51814	0.28414	0.00771	0.01015	0.00853	0.00376	0.00457
2	0.01036	0.00788	0.00969	0.00901	0.01091	0.00785	0.00682	0.01608	0.14179	0.02611	0.60566	0.04402	0.05372	0.01243	0.00744	0.00206	0.00341	0.01092	0.00702	0.00682
3	0.02239	0.02204	0.01791	0.13421	0.02306	0.39319	0.01281	0.07181	0.04235	0.14477	0.01383	0.01517	0.01030	0.00721	0.00679	0.00189	0.04241	0.00511	0.00438	0.00837
4	0.01769	0.04359	0.01637	0.01351	0.01674	0.19088	0.05938	0.05247	0.23123	0.05049	0.01842	0.02056	0.01468	0.05975	0.00839	0.00221	0.03550	0.00621	0.13370	0.00823
5	0.00957	0.01131	0.13675	0.00968	0.01272	0.00756	0.00903	0.01318	0.01690	0.02360	0.49672	0.04441	0.15889	0.01247	0.00736	0.00206	0.00423	0.01078	0.00616	0.00660
6	0.01439	0.01512	0.02090	0.57278	0.03960	0.13193	0.07947	0.01838	0.01399	0.01678	0.01139	0.01635	0.00867	0.00640	0.00646	0.00208	0.00931	0.00566	0.00298	0.00737

[dist]
# distance from previous block
# <min> <max>
0	4

[block]
# block no. 1 follows, 34 sequences, length 18
# corresponding to MSA columns:
# 26-43
name=unknown_B
#
# <colnr> <probs for GDERKNQSTAVLIFYWHMCP>
#	G	D	E	R	K	N	Q	S	T	A	V	L	I	F	Y	W	H	M	C	P
0	0.01817	0.01421	0.01478	0.01282	0.01668	0.04324	0.01009	0.12039	0.47452	0.10157	0.02726	0.02529	0.07379	0.00907	0.00661	0.00212	0.00552	0.00740	0.00654	0.00992
1	0.01133	0.00924	0.01195	0.01282	0.05665	0.03798	0.03500	0.06496	0.01436	0.01933	0.02842	0.47039	0.03202	0.01595	0.00842	0.00245	0.04542	0.06806	0.04885	0.00641
2	0.02498	0.01743	0.01898	0.01455	0.01970	0.01905	0.01202	0.64727	0.02926	0.10610	0.01645	0.01612	0.01146	0.00778	0.00647	0.00194	0.00696	0.00588	0.00661	0.01099
3	0.02402	0.01508	0.01754	0.01520	0.07309	0.03407	0.01147	0.34884	0.05682	0.26337	0.02157	0.02049	0.05175	0.00816	0.00652	0.00198	0.00644	0.00648	0.00661	0.01051
4	0.02064	0.06648	0.09737	0.01760	0.02314	0.01678	0.18981	0.22839	0.01971	0.17183	0.01556	0.01669	0.01105	0.00719	0.00774	0.00206	0.06698	0.00614	0.00506	0.00979
5	0.77841	0.01217	0.00932	0.00837	0.01225	0.01407	0.00687	0.01880	0.01112	0.02875	0.00960	0.01117	0.00747	0.00607	0.00402	0.00197	0.00490	0.00362	0.04407	0.00695
6	0.02168	0.02398	0.01788	0.01697	0.06445	0.46600	0.01231	0.10519	0.01835	0.04922	0.01312	0.05412	0.01135	0.01001	0.04694	0.00231	0.04857	0.00554	0.00401	0.00800
7	0.00936	0.00641	0.00781	0.00781	0.00807	0.00668	0.00487	0.00989	0.00962	0.01309	0.01966	0.03843	0.02182	0.60755	0.19597	0.00720	0.00878	0.00883	0.00381	0.00434
8	0.01272	0.01417	0.08925	0.59240	0.06898	0.01463	0.06280	0.01774	0.03140	0.01761	0.01200	0.01703	0.00900	0.00640	0.00650	0.00214	0.00872	0.00581	0.00299	0.00770
9	0.01338	0.18569	0.51810	0.01574	0.02368	0.01626	0.01932	0.01921	0.01379	0.01940	0.04299	0.01733	0.05472	0.00692	0.00587	0.00192	0.00835	0.00532	0.00311	0.00890
10	0.00809	0.00578	0.00773	0.00913	0.00963	0.00543	0.00627	0.00943	0.01283	0.01715	0.07078	0.68928	0.04332	0.01974	0.00826	0.00262	0.00385	0.05929	0.00605	0.00533
11	0.01553	0.00934	0.01007	0.00910	0.01149	0.05517	0.00702	0.03694	0.04426	0.15751	0.16226	0.06539	0.02602	0.01202	0.05357	0.00238	0.00519	0.00785	0.30160	0.00731
12	0.01517	0.28128	0.32968	0.01553	0.02240	0.04777	0.06113	0.02132	0.08124	0.01934	0.03940	0.01501	0.01143	0.00643	0.00564	0.00183	0.00816	0.00499	0.00333	0.00892
13	0.01097	0.01076	0.08048	0.01235	0.01500	0.00918	0.08147	0.01401	0.01404	0.04801	0.17309	0.14058	0.08810	0.02068	0.17011	0.00407	0.04844	0.04698	0.00500	0.00668
14	0.00793	0.00593	0.00740	0.00853	0.00939	0.00539	0.00593	0.00926	0.01305	0.01685	0.04275	0.56768	0.20832	0.01920	0.00813	0.00253	0.00373	0.04668	0.00600	0.00533
15	0.11496	0.01538	0.01404	0.01200	0.01545	0.14849	0.00942	0.16593	0.01778	0.07491	0.02030	0.10966	0.07301	0.00946	0.00699	0.00193	0.05156	0.00722	0.03726	0.09423
16	0.01555	0.12662	0.17368	0.03126	0.48686	0.01672	0.01942	0.01989	0.01427	0.02014	0.01159	0.01471	0.00954	0.00580	0.00603	0.00187	0.00795	0.00523	0.00304	0.00982
17	0.02219	0.01649	0.01711	0.01353	0.01784	0.04941	0.01088	0.53693	0.04359	0.05277	0.01659	0.01897	0.01281	0.08756	0.00909	0.00236	0.00691	0.00618	0.04895	0.00981

[dist]
# distance from previous block
# <min> <max>
0	2

[block]
# block no. 2 follows, 34 sequences, length 18
# corresponding to MSA columns:
# 46-63
name=unknown_C
#
# <colnr> <probs for GDERKNQSTAVLIFYWHMCP>
#	G	D	E	R	K	N	Q	S	T	A	V	L	I	F	Y	W	H	M	C	P
0	0.01621	0.08530	0.04430	0.01263	0.01646	0.04272	0.03811	0.16412	0.19815	0.04672	0.13942	0.08224	0.06626	0.00997	0.00668	0.00204	0.00581	0.00834	0.00584	0.00869
1	0.01449	0.08947	0.60995	0.01753	0.02626	0.03733	0.02168	0.07262	0.01500	0.02145	0.01164	0.01347	0.00841	0.00623	0.00600	0.00198	0.00922	0.00473	0.00303	0.00950
2	0.03042	0.00711	0.00879	0.00867	0.01029	0.00667	0.00636	0.03901	0.01622	0.06076	0.33772	0.28118	0.13192	0.01522	0.00763	0.00224	0.00364	0.01339	0.00656	0.00622
3	0.00796	0.00569	0.00758	0.00893	0.00939	0.00531	0.00601	0.00923	0.01280	0.01717	0.08557	0.71681	0.04405	0.01974	0.00820	0.00258	0.00370	0.01789	0.00608	0.00531
4	0.01327	0.01072	0.01414	0.01236	0.01535	0.02794	0.08371	0.06300	0.12960	0.05509	0.13879	0.14650	0.09834	0.01239	0.00739	0.00222	0.00543	0.10247	0.00589	0.05539
5	0.01475	0.01460	0.04691	0.30333	0.43432	0.01511	0.01904	0.03900	0.01448	0.01997	0.01199	0.01636	0.00959	0.00609	0.00641	0.00201	0.00807	0.00572	0.00316	0.00911
6	0.02257	0.02825	0.01794	0.01629	0.01927	0.65395	0.01233	0.02426	0.01727	0.01575	0.01032	0.01264	0.00880	0.00946	0.05099	0.00226	0.06255	0.00443	0.00330	0.00736
7	0.33522	0.01235	0.01159	0.01024	0.01339	0.05088	0.00800	0.10332	0.08378	0.06155	0.05381	0.03445	0.03130	0.01052	0.00897	0.14740	0.00558	0.00573	0.00477	0.00715
8	0.01739	0.06291	0.02684	0.01929	0.02446	0.12906	0.33039	0.08917	0.01689	0.04629	0.04106	0.03336	0.01292	0.03309	0.00759	0.00205	0.00900	0.00669	0.00401	0.08754
9	0.01191	0.01143	0.01530	0.01358	0.01417	0.01482	0.01105	0.01336	0.01135	0.01612	0.02548	0.09455	0.19581	0.01341	0.01657	0.00264	0.49920	0.00884	0.00392	0.00649
10	0.00787	0.00562	0.00750	0.00900	0.00937	0.00525	0.00600	0.00900	0.01237	0.01649	0.03561	0.76871	0.04274	0.02024	0.00825	0.00262	0.00375	0.01837	0.00600	0.00525
11	0.01801	0.69649	0.03218	0.01166	0.01695	0.10324	0.01121	0.02004	0.01369	0.01527	0.00909	0.01050	0.00830	0.00565	0.00433	0.00141	0.00742	0.00353	0.00282	0.00821
12	0.02207	0.02538	0.01697	0.01532	0.01876	0.52826	0.01161	0.02743	0.17327	0.05189	0.01604	0.01646	0.03370	0.00749	0.00608	0.00181	0.00966	0.00526	0.00435	0.00819
13	0.00914	0.00660	0.00864	0.00813	0.00965	0.00610	0.00610	0.01219	0.01829	0.02591	0.72921	0.04827	0.06097	0.01321	0.00762	0.00203	0.00305	0.01169	0.00711	0.00610
14	0.00806	0.00575	0.00771	0.00921	0.00966	0.00541	0.00632	0.00931	0.01255	0.01670	0.03551	0.71859	0.04234	0.02007	0.00830	0.00265	0.00391	0.06668	0.00599	0.00530
15	0.01296	0.03342	0.73944	0.01842	0.02797	0.01501	0.02387	0.02046	0.01364	0.02046	0.01160	0.01364	0.00818	0.00614	0.00614	0.00205	0.00955	0.00477	0.00273	0.00955
16	0.01566	0.01326	0.01404	0.01277	0.01623	0.01526	0.00997	0.03259	0.65964	0.02658	0.02637	0.02607	0.02028	0.00907	0.00657	0.00219	0.00505	0.03467	0.04386	0.00986
17	0.00795	0.00566	0.00747	0.00890	0.00925	0.00530	0.00589	0.00902	0.01222	0.01629	0.03484	0.73186	0.04176	0.05842	0.00950	0.00281	0.00388	0.01791	0.00589	0.00518

[dist]
# distance from previous block
# <min> <max>
0	2

[block]
# block no. 3 follows, 34 sequences, length 18
# corresponding to MSA columns:
# 66-83
name=unknown_D
#
# <colnr> <probs for GDERKNQSTAVLIFYWHMCP>
#	G	D	E	R	K	N	Q	S	T	A	V	L	I	F	Y	W	H	M	C	P
0	0.01556	0.01728	0.03641	0.02619	0.03233	0.01667	0.64448	0.04800	0.01557	0.02122	0.01293	0.01718	0.00978	0.00585	0.00830	0.00220	0.05050	0.00745	0.00337	0.00872
1	0.01703	0.01776	0.03238	0.02365	0.02946	0.08080	0.53327	0.06653	0.01655	0.05095	0.01391	0.01735	0.01038	0.00593	0.00717	0.00207	0.01005	0.00706	0.04899	0.00870
2	0.01414	0.01414	0.01979	0.01696	0.01696	0.01979	0.01414	0.01555	0.00990	0.01555	0.00848	0.01414	0.00848	0.01131	0.02120	0.00283	0.76110	0.00565	0.00283	0.00707
3	0.02391	0.01777	0.01902	0.01473	0.01979	0.01973	0.01212	0.65890	0.08362	0.03967	0.01634	0.01618	0.01166	0.00783	0.00647	0.00196	0.00696	0.00593	0.00647	0.01093
4	0.00801	0.00572	0.00766	0.00916	0.00959	0.00537	0.00624	0.00924	0.01251	0.01665	0.03554	0.73072	0.04243	0.02011	0.00828	0.00264	0.00387	0.05498	0.00600	0.00529
5	0.74408	0.01235	0.01002	0.00878	0.01287	0.01402	0.00723	0.02017	0.01170	0.09579	0.01055	0.01158	0.00785	0.00619	0.00423	0.00200	0.00505	0.00378	0.00438	0.00737
6	0.00897	0.00668	0.00823	0.00823	0.00969	0.00626	0.00621	0.01118	0.01518	0.02030	0.32084	0.05293	0.22174	0.12134	0.05830	0.00331	0.00485	0.10416	0.00600	0.00559
7	0.00787	0.00562	0.00750	0.00900	0.00937	0.00525	0.00600	0.00900	0.01237	0.01649	0.03561	0.76871	0.04274	0.02024	0.00825	0.00262	0.00375	0.01837	0.00600	0.00525
8	0.01938	0.01173	0.08140	0.01154	0.01539	0.00969	0.01007	0.05116	0.01567	0.35141	0.05988	0.02447	0.01798	0.06141	0.22346	0.00467	0.00929	0.00687	0.00585	0.00868
9	0.00899	0.00660	0.00842	0.00797	0.00956	0.00603	0.00597	0.01189	0.01792	0.02504	0.66071	0.04970	0.13001	0.01353	0.00762	0.00205	0.00307	0.01189	0.00700	0.00603
10	0.00785	0.00573	0.00739	0.00872	0.00930	0.00527	0.00588	0.00903	0.01264	0.01660	0.03897	0.68919	0.12008	0.01981	0.00818	0.00257	0.00370	0.01784	0.00600	0.00527
11	0.05926	0.00859	0.00938	0.02746	0.01147	0.02645	0.00667	0.06503	0.01537	0.10351	0.09370	0.14153	0.05413	0.05092	0.00745	0.00214	0.00435	0.00882	0.29695	0.00681
12	0.05607	0.01005	0.01270	0.01046	0.01424	0.00940	0.00839	0.02529	0.09701	0.41025	0.21002	0.03028	0.05798	0.00971	0.00674	0.00204	0.00470	0.00811	0.00735	0.00922
13	0.01599	0.01535	0.02623	0.03966	0.73262	0.01535	0.01983	0.01983	0.01471	0.02111	0.01215	0.01599	0.01023	0.00576	0.00640	0.00192	0.00768	0.00576	0.00320	0.01023
14	0.00902	0.00645	0.00782	0.00837	0.00888	0.00643	0.00542	0.01067	0.04865	0.01533	0.02885	0.34856	0.06073	0.33913	0.06235	0.00458	0.00567	0.01311	0.00500	0.00499
15	0.02309	0.02110	0.01853	0.01534	0.01931	0.25158	0.01224	0.34222	0.06977	0.06741	0.01432	0.01507	0.01075	0.00783	0.00770	0.00196	0.08173	0.00541	0.00520	0.00944
16	0.03253	0.04089	0.11058	0.01240	0.01589	0.10660	0.01079	0.15820	0.01729	0.03650	0.04041	0.24315	0.04852	0.01377	0.04842	0.00258	0.00710	0.00961	0.03715	0.00763
17	0.01608	0.01055	0.01285	0.01019	0.01441	0.00914	0.02315	0.06964	0.03753	0.17417	0.02703	0.08052	0.14305	0.04134	0.00734	0.00188	0.00497	0.00778	0.00553	0.30287

[dist]
# distance from previous block
# <min> <max>
2	39

[block]
# block no. 4 follows, 34 sequences, length 26
# corresponding to MSA columns:
# 123-148
name=unknown_E
#
# <colnr> <probs for GDERKNQSTAVLIFYWHMCP>
#	G	D	E	R	K	N	Q	S	T	A	V	L	I	F	Y	W	H	M	C	P
0	0.01629	0.31946	0.16057	0.01305	0.01823	0.01856	0.01306	0.06211	0.06358	0.06534	0.01427	0.01632	0.02700	0.02901	0.05372	0.00245	0.06789	0.00510	0.00377	0.03023
1	0.01521	0.06203	0.01956	0.06170	0.04472	0.04620	0.12651	0.01910	0.05525	0.08233	0.04614	0.04745	0.01501	0.04350	0.05244	0.00250	0.04917	0.00650	0.00424	0.20045
2	0.01533	0.11057	0.23338	0.03194	0.14217	0.01476	0.04568	0.06335	0.04052	0.06639	0.12517	0.02027	0.01798	0.00734	0.00625	0.00190	0.00720	0.00623	0.00426	0.03929
3	0.01641	0.01481	0.01783	0.01442	0.01829	0.14011	0.14261	0.03211	0.06039	0.10662	0.07408	0.09497	0.10165	0.00951	0.00714	0.00196	0.02609	0.00831	0.00502	0.10765
4	0.00892	0.00706	0.00941	0.08740	0.03034	0.00687	0.00783	0.01104	0.01415	0.01834	0.12298	0.30593	0.22884	0.01626	0.00786	0.00241	0.00441	0.09841	0.00573	0.00581
5	0.00876	0.00623	0.00740	0.00774	0.00827	0.00609	0.00495	0.00950	0.01099	0.01443	0.03045	0.20867	0.13560	0.41500	0.09327	0.00521	0.00631	0.01184	0.00466	0.00464
6	0.01987	0.01962	0.02256	0.06300	0.08802	0.22469	0.16362	0.08917	0.13734	0.08396	0.01556	0.01699	0.01168	0.00688	0.00655	0.00197	0.00889	0.00604	0.00452	0.00908
7	0.01336	0.01318	0.02525	0.04019	0.04894	0.01271	0.37161	0.06747	0.01545	0.02088	0.04028	0.25732	0.02178	0.01058	0.00766	0.00229	0.00795	0.01091	0.00447	0.00772
8	0.01038	0.00719	0.00907	0.00884	0.01042	0.00692	0.00671	0.01343	0.04630	0.05201	0.36495	0.04943	0.10972	0.13015	0.03937	0.00315	0.00473	0.11493	0.00622	0.00606
9	0.01507	0.01488	0.02773	0.20146	0.19771	0.01581	0.27047	0.01926	0.01402	0.04583	0.01237	0.01680	0.00969	0.00659	0.00871	0.00219	0.10307	0.00645	0.00328	0.00859
10	0.01553	0.35294	0.38963	0.01514	0.02256	0.06662	0.01763	0.02033	0.01372	0.01790	0.01037	0.01210	0.00824	0.00591	0.00526	0.00174	0.00855	0.00417	0.00278	0.00888
11	0.00940	0.00626	0.00705	0.00705	0.00705	0.00626	0.00392	0.00940	0.00940	0.01253	0.02036	0.04228	0.02349	0.77292	0.03289	0.00626	0.00626	0.00940	0.00392	0.00392
12	0.00796	0.00650	0.00703	0.00702	0.00896	0.00557	0.00522	0.00985	0.01531	0.01912	0.19867	0.10287	0.55154	0.01596	0.00767	0.00218	0.00326	0.01353	0.00623	0.00557
13	0.01664	0.06624	0.06475	0.01607	0.02049	0.12430	0.16172	0.04933	0.18678	0.05761	0.04676	0.05686	0.07170	0.00862	0.00698	0.00206	0.02215	0.00753	0.00484	0.00858
14	0.26503	0.01741	0.07934	0.12971	0.06815	0.13307	0.06895	0.04025	0.01394	0.02195	0.01247	0.07009	0.01086	0.00745	0.00634	0.00206	0.03580	0.00581	0.00368	0.00767
15	0.01394	0.00852	0.00802	0.00747	0.00945	0.04526	0.00572	0.08694	0.01552	0.02537	0.01994	0.02258	0.01557	0.00751	0.00478	0.00156	0.00387	0.00591	0.68546	0.00661
16	0.02179	0.14401	0.01998	0.01500	0.01863	0.52357	0.01179	0.06582	0.01815	0.01798	0.05587	0.01563	0.01256	0.00726	0.00580	0.00170	0.00994	0.02308	0.00374	0.00770
17	0.46639	0.01271	0.01119	0.00972	0.01350	0.05029	0.00783	0.06471	0.04517	0.11186	0.08942	0.01985	0.05850	0.00787	0.00525	0.00200	0.00523	0.00566	0.00515	0.00771
18	0.01302	0.05644	0.56244	0.01732	0.02535	0.01480	0.04843	0.02039	0.05884	0.02013	0.01310	0.01557	0.00983	0.01066	0.08333	0.00290	0.01003	0.00523	0.00308	0.00912
19	0.01525	0.01743	0.03813	0.02723	0.03377	0.01634	0.70915	0.02070	0.01525	0.02070	0.01307	0.01743	0.00980	0.00545	0.00763	0.00218	0.01089	0.00763	0.00327	0.00871
20	0.00849	0.00644	0.00783	0.00778	0.00933	0.00577	0.00572	0.01082	0.01630	0.02191	0.42184	0.16308	0.26066	0.01524	0.00772	0.00217	0.00322	0.01330	0.00660	0.00577
21	0.01239	0.01185	0.02052	0.71293	0.04385	0.01448	0.06004	0.01676	0.01306	0.01676	0.01158	0.01724	0.00869	0.00640	0.00653	0.00215	0.00875	0.00586	0.00290	0.00727
22	0.01005	0.00809	0.01026	0.00987	0.01074	0.04194	0.05092	0.01116	0.01113	0.01465	0.02284	0.22459	0.02564	0.37034	0.14395	0.00554	0.00802	0.01094	0.00431	0.00505
23	0.05785	0.01134	0.01497	0.01152	0.01649	0.01010	0.00952	0.05836	0.01870	0.68305	0.02448	0.02131	0.01546	0.00791	0.00640	0.00200	0.00554	0.00636	0.00779	0.01085
24	0.01477	0.01104	0.01302	0.01009	0.01479	0.00944	0.00799	0.01993	0.12061	0.09725	0.12534	0.02125	0.01965	0.00701	0.00567	0.00142	0.00464	0.00583	0.00518	0.48510
25	0.01527	0.41650	0.06274	0.01297	0.01736	0.01942	0.08456	0.01807	0.01304	0.01753	0.01219	0.01564	0.01063	0.00833	0.03449	0.00204	0.08576	0.01901	0.12665	0.00778

[dist]
# distance from previous block
# <min> <max>
1	21

[block]
# block no. 5 follows, 34 sequences, length 12
# corresponding to MSA columns:
# 172-183
name=unknown_F
#
# <colnr> <probs for GDERKNQSTAVLIFYWHMCP>
#	G	D	E	R	K	N	Q	S	T	A	V	L	I	F	Y	W	H	M	C	P
0	0.01420	0.24757	0.53619	0.01630	0.02469	0.01805	0.02018	0.02014	0.01349	0.01895	0.01084	0.01270	0.00822	0.00596	0.00556	0.00185	0.00879	0.00439	0.00274	0.00919
1	0.00888	0.00657	0.00828	0.00929	0.01005	0.00648	0.00634	0.01184	0.08672	0.01790	0.07110	0.61495	0.04032	0.05712	0.00930	0.00273	0.00398	0.01639	0.00601	0.00575
2	0.01181	0.00604	0.00611	0.00611	0.00749	0.00604	0.00446	0.01456	0.01318	0.02307	0.02101	0.02570	0.01717	0.07510	0.00702	0.00193	0.00330	0.00632	0.73774	0.00584
3	0.01414	0.01414	0.01979	0.01696	0.01696	0.01979	0.01414	0.01555	0.00990	0.01555	0.00848	0.01414	0.00848	0.01131	0.02120	0.00283	0.76110	0.00565	0.00283	0.00707
4	0.05450	0.01181	0.01391	0.01260	0.01474	0.09302	0.07485	0.05193	0.01484	0.04896	0.06332	0.29547	0.06001	0.01345	0.00855	0.00233	0.07453	0.05033	0.03411	0.00675
5	0.00877	0.00621	0.00787	0.00830	0.00887	0.00617	0.00553	0.00990	0.01170	0.01585	0.10142	0.27671	0.06568	0.29760	0.13533	0.00511	0.00674	0.01235	0.00495	0.00495
6	0.01689	0.01370	0.01463	0.01304	0.01678	0.01565	0.01018	0.03415	0.67639	0.07207	0.02625	0.02397	0.01949	0.00872	0.00657	0.00218	0.00514	0.00725	0.00666	0.01028
7	0.01780	0.15492	0.07423	0.05509	0.09971	0.18584	0.16002	0.05417	0.03495	0.01911	0.01144	0.01424	0.00929	0.00659	0.00743	0.00193	0.07604	0.00535	0.00334	0.00851
8	0.01402	0.01097	0.01515	0.04397	0.05133	0.03051	0.07850	0.07512	0.05022	0.08429	0.05352	0.13038	0.10380	0.09490	0.08777	0.00349	0.05030	0.00943	0.00502	0.00730
9	0.00807	0.00587	0.00765	0.00891	0.00959	0.00545	0.00619	0.00946	0.01303	0.01720	0.07020	0.62343	0.10817	0.01940	0.00820	0.00258	0.00382	0.06138	0.00605	0.00535
10	0.00984	0.00712	0.00863	0.00809	0.01003	0.00655	0.00612	0.01326	0.05241	0.05051	0.49428	0.04971	0.23199	0.01362	0.00753	0.00208	0.00330	0.01178	0.00683	0.00632
11	0.04710	0.10306	0.31314	0.02057	0.12138	0.06629	0.11549	0.02148	0.07058	0.02073	0.03237	0.01568	0.01104	0.00636	0.00614	0.00196	0.00864	0.00547	0.00339	0.00911

[dist]
# distance from previous block
# <min> <max>
0	1

[block]
# block no. 6 follows, 34 sequences, length 58
# corresponding to MSA columns:
# 185-242
name=unknown_G
#
# <colnr> <probs for GDERKNQSTAVLIFYWHMCP>
#	G	D	E	R	K	N	Q	S	T	A	V	L	I	F	Y	W	H	M	C	P
0	0.01565	0.01339	0.02384	0.04483	0.18637	0.01317	0.23498	0.04804	0.01543	0.10280	0.03671	0.13724	0.04555	0.00913	0.00783	0.00218	0.04091	0.00886	0.00452	0.00857
1	0.01589	0.01646	0.04581	0.06419	0.32331	0.08905	0.12967	0.01954	0.01473	0.03681	0.01353	0.05897	0.01171	0.00674	0.00678	0.00189	0.02547	0.00637	0.00354	0.10951
2	0.01489	0.01270	0.01781	0.07200	0.04057	0.05475	0.11825	0.07499	0.07077	0.07008	0.05289	0.13633	0.05246	0.01279	0.04173	0.02183	0.07738	0.04522	0.00489	0.00768
3	0.01568	0.01147	0.01303	0.01006	0.01476	0.01019	0.00803	0.09476	0.08597	0.08175	0.01850	0.01923	0.04913	0.00670	0.00540	0.00140	0.00483	0.00538	0.10551	0.43822
4	0.00898	0.00743	0.00838	0.00857	0.01037	0.00716	0.00651	0.01216	0.07855	0.01824	0.05073	0.19571	0.43495	0.01636	0.00834	0.00237	0.03473	0.07858	0.00592	0.00596
5	0.03149	0.01204	0.02166	0.38511	0.08281	0.01327	0.16916	0.01642	0.01332	0.01799	0.01558	0.12621	0.01424	0.01008	0.04052	0.00258	0.00866	0.00799	0.00349	0.00738
6	0.78275	0.01243	0.00975	0.00863	0.01268	0.01427	0.00711	0.01956	0.01134	0.06111	0.00975	0.01102	0.00741	0.00609	0.00411	0.00200	0.00502	0.00363	0.00418	0.00718
7	0.00770	0.00645	0.00670	0.00684	0.00882	0.00545	0.00505	0.00932	0.01458	0.01759	0.08048	0.13412	0.64143	0.01668	0.00770	0.00222	0.00332	0.01407	0.00603	0.00545
8	0.04657	0.17788	0.19412	0.04700	0.10145	0.04922	0.04371	0.01888	0.03862	0.01904	0.01504	0.07220	0.02924	0.00787	0.00671	0.00194	0.04621	0.02606	0.00351	0.05473
9	0.00839	0.00635	0.00778	0.00838	0.00955	0.00587	0.00592	0.01068	0.03936	0.01921	0.19837	0.41553	0.20615	0.01735	0.00790	0.00237	0.00353	0.01537	0.00627	0.00566
10	0.00798	0.00578	0.00756	0.00888	0.00945	0.00536	0.00605	0.00927	0.01285	0.01705	0.06822	0.67218	0.08805	0.01962	0.00820	0.00258	0.00375	0.03582	0.00605	0.00532
11	0.03788	0.01375	0.01871	0.13954	0.17988	0.01480	0.02969	0.19383	0.09568	0.09071	0.05301	0.01961	0.01466	0.00740	0.00636	0.00198	0.00666	0.00632	0.06015	0.00938
12	0.01415	0.01188	0.01887	0.29608	0.19634	0.01284	0.04542	0.01896	0.07640	0.07701	0.02094	0.09155	0.07458	0.00869	0.00677	0.00214	0.00703	0.00787	0.00426	0.00822
13	0.02888	0.01117	0.01510	0.01158	0.01658	0.00976	0.00957	0.04818	0.01879	0.71999	0.02525	0.02183	0.01587	0.00799	0.00650	0.00200	0.00554	0.00648	0.00796	0.01100
14	0.00771	0.00650	0.00668	0.00674	0.00880	0.00547	0.00501	0.00938	0.01475	0.01776	0.09151	0.09790	0.66689	0.01643	0.00767	0.00220	0.00329	0.01380	0.00605	0.00547
15	0.01553	0.10249	0.18798	0.27123	0.09858	0.04997	0.03629	0.10633	0.01572	0.02084	0.01171	0.01499	0.00895	0.00648	0.00649	0.00199	0.02715	0.00526	0.00334	0.00867
16	0.01578	0.01557	0.02788	0.05699	0.60603	0.01548	0.12644	0.01987	0.01475	0.02092	0.01228	0.01625	0.01012	0.00573	0.00659	0.00197	0.00820	0.00605	0.00320	0.00992
17	0.00770	0.00629	0.00681	0.00724	0.00891	0.00540	0.00522	0.00920	0.01406	0.01718	0.05704	0.26136	0.53625	0.01746	0.00781	0.00231	0.00341	0.01497	0.00600	0.00540
18	0.01388	0.01475	0.02969	0.35595	0.03860	0.01545	0.39797	0.01881	0.01420	0.01881	0.01236	0.01734	0.00927	0.00590	0.00710	0.00217	0.00987	0.00678	0.00309	0.00802
19	0.01114	0.00921	0.01333	0.01321	0.04329	0.00928	0.08452	0.04656	0.12002	0.01986	0.02950	0.46571	0.03228	0.03141	0.00832	0.00254	0.00519	0.04213	0.00565	0.00684
20	0.01226	0.01034	0.04779	0.01029	0.01182	0.02937	0.00805	0.08732	0.01337	0.01844	0.02045	0.06555	0.02129	0.33924	0.06070	0.00445	0.06548	0.09446	0.07342	0.00590
21	0.01647	0.53527	0.19845	0.01302	0.01939	0.05951	0.01402	0.01983	0.01353	0.01669	0.00974	0.01131	0.00832	0.00570	0.00473	0.00154	0.00770	0.00382	0.00282	0.03815
22	0.02288	0.01731	0.01768	0.01416	0.01879	0.07058	0.01147	0.45715	0.16356	0.09031	0.01816	0.01765	0.01305	0.00789	0.00639	0.00196	0.00681	0.00605	0.02770	0.01046
23	0.01494	0.01766	0.06301	0.02635	0.03281	0.01595	0.66234	0.02033	0.01510	0.02056	0.01371	0.04035	0.01076	0.00593	0.00759	0.00219	0.01062	0.00785	0.00333	0.00864
24	0.00820	0.00615	0.00885	0.00980	0.01045	0.00574	0.03712	0.00951	0.01250	0.01668	0.03461	0.73545	0.04128	0.01959	0.00822	0.00260	0.00406	0.01789	0.00588	0.00540
25	0.01607	0.01388	0.01461	0.01315	0.01680	0.01607	0.01023	0.03433	0.72094	0.02703	0.02630	0.02411	0.01972	0.00877	0.00657	0.00219	0.00511	0.00731	0.00657	0.01023
26	0.05138	0.01443	0.01578	0.01220	0.01715	0.01447	0.00986	0.34811	0.05764	0.03077	0.01559	0.06272	0.01276	0.00744	0.00586	0.00164	0.00585	0.00586	0.00537	0.30511
27	0.00795	0.00647	0.00704	0.00708	0.00897	0.00556	0.00524	0.00982	0.01521	0.01903	0.19328	0.12394	0.53568	0.01610	0.00769	0.00219	0.00327	0.01368	0.00622	0.00556
28	0.01414	0.01414	0.01979	0.01696	0.01696	0.01979	0.01414	0.01555	0.00990	0.01555	0.00848	0.01414	0.00848	0.01131	0.02120	0.00283	0.76110	0.00565	0.00283	0.00707
29	0.02836	0.01200	0.01562	0.01197	0.01700	0.01099	0.00989	0.12800	0.02018	0.63820	0.02407	0.02107	0.01528	0.00796	0.00649	0.00199	0.00573	0.00640	0.00778	0.01100
30	0.01727	0.77681	0.03386	0.01106	0.01658	0.02557	0.01106	0.01935	0.01313	0.01520	0.00898	0.01036	0.00829	0.00553	0.00415	0.00138	0.00691	0.00345	0.00276	0.00829
31	0.00787	0.00562	0.00750	0.00900	0.00937	0.00525	0.00600	0.00900	0.01237	0.01649	0.03561	0.76871	0.04274	0.02024	0.00825	0.00262	0.00375	0.01837	0.00600	0.00525
32	0.01198	0.00608	0.00620	0.00626	0.00777	0.00608	0.00476	0.01499	0.01360	0.02390	0.02161	0.02608	0.01740	0.00795	0.00470	0.00157	0.00313	0.03391	0.77601	0.00602
33	0.01487	0.01645	0.03480	0.06515	0.09992	0.01570	0.57969	0.01993	0.01496	0.02035	0.01381	0.04753	0.01111	0.00612	0.00747	0.00217	0.01018	0.00778	0.00335	0.00864
34	0.00787	0.00562	0.00750	0.00900	0.00937	0.00525	0.00600	0.00900	0.01237	0.01649	0.03561	0.76871	0.04274	0.02024	0.00825	0.00262	0.00375	0.01837	0.00600	0.00525
35	0.01535	0.00921	0.00955	0.00836	0.01083	0.00972	0.00656	0.19864	0.01799	0.02848	0.01961	0.02183	0.01509	0.00759	0.00503	0.00162	0.00409	0.00597	0.59717	0.00733
36	0.00787	0.00562	0.00750	0.00900	0.00937	0.00525	0.00600	0.00900	0.01237	0.01649	0.03561	0.76871	0.04274	0.02024	0.00825	0.00262	0.00375	0.01837	0.00600	0.00525
37	0.01102	0.00854	0.01231	0.01604	0.17918	0.00838	0.00935	0.04162	0.01426	0.02015	0.08217	0.42316	0.03237	0.01439	0.00728	0.00226	0.00467	0.01302	0.09300	0.00681
38	0.02741	0.01353	0.01657	0.01270	0.01776	0.01326	0.01049	0.27431	0.02274	0.48828	0.02193	0.01968	0.01421	0.00791	0.00649	0.00198	0.00607	0.00625	0.00745	0.01099
39	0.01584	0.01520	0.02595	0.06832	0.70514	0.01531	0.01975	0.01970	0.01464	0.02093	0.01213	0.01604	0.01017	0.00579	0.00640	0.00193	0.00771	0.00576	0.00319	0.01011
40	0.01334	0.00983	0.00814	0.00784	0.00966	0.11728	0.00588	0.01607	0.01477	0.02263	0.08777	0.02667	0.06061	0.00843	0.00518	0.00162	0.00433	0.00671	0.56701	0.00622
41	0.00943	0.00634	0.00731	0.00746	0.00758	0.00633	0.00445	0.00968	0.00988	0.01314	0.02178	0.06310	0.02501	0.69723	0.03047	0.00593	0.00618	0.06049	0.00412	0.00410
42	0.01754	0.01740	0.02446	0.06031	0.56408	0.10963	0.01826	0.07153	0.01627	0.02171	0.01210	0.01544	0.00999	0.00605	0.00633	0.00190	0.00818	0.00556	0.00344	0.00983
43	0.01273	0.01069	0.01254	0.00958	0.01433	0.00864	0.00754	0.01667	0.06449	0.02207	0.12439	0.04637	0.01942	0.00692	0.00547	0.00127	0.00450	0.00581	0.00461	0.60196
44	0.02677	0.01051	0.01423	0.01107	0.01571	0.00910	0.00908	0.02928	0.01834	0.65901	0.07888	0.02536	0.04467	0.00868	0.00662	0.00201	0.00524	0.00713	0.00786	0.01044
45	0.00785	0.00570	0.00742	0.00880	0.00932	0.00526	0.00591	0.00902	0.01256	0.01657	0.03802	0.71169	0.09820	0.01993	0.00820	0.00259	0.00371	0.01799	0.00600	0.00526
46	0.01410	0.02194	0.32213	0.08980	0.16427	0.01446	0.03891	0.04949	0.01444	0.02106	0.02944	0.01548	0.01031	0.00643	0.00700	0.00193	0.05157	0.00528	0.00328	0.11869
47	0.00906	0.00638	0.00784	0.00797	0.00848	0.00649	0.00518	0.00991	0.01065	0.01434	0.05082	0.11319	0.07998	0.45385	0.18237	0.00632	0.00806	0.01017	0.00430	0.00465
48	0.00787	0.00562	0.00750	0.00900	0.00937	0.00525	0.00600	0.00900	0.01237	0.01649	0.03561	0.76871	0.04274	0.02024	0.00825	0.00262	0.00375	0.01837	0.00600	0.00525
49	0.01827	0.66870	0.03161	0.01187	0.01708	0.13011	0.01126	0.02028	0.01388	0.01529	0.00913	0.01055	0.00830	0.00569	0.00439	0.00142	0.00760	0.00356	0.00285	0.00818
50	0.01314	0.00999	0.01170	0.01044	0.01336	0.01026	0.03337	0.02151	0.27991	0.07609	0.15763	0.05208	0.21998	0.01157	0.00700	0.00212	0.00436	0.00988	0.04769	0.00791
51	0.01727	0.77681	0.03386	0.01106	0.01658	0.02557	0.01106	0.01935	0.01313	0.01520	0.00898	0.01036	0.00829	0.00553	0.00415	0.00138	0.00691	0.00345	0.00276	0.00829
52	0.00809	0.00662	0.00718	0.00720	0.00922	0.00571	0.00550	0.01007	0.01536	0.01906	0.17855	0.06052	0.56491	0.01592	0.00772	0.00221	0.00342	0.06095	0.00619	0.00560
53	0.01649	0.01271	0.01375	0.01232	0.01587	0.01423	0.00965	0.03133	0.56834	0.09216	0.02829	0.02739	0.05677	0.00932	0.00661	0.00217	0.00499	0.02843	0.03941	0.00975
54	0.27060	0.09770	0.01595	0.01143	0.01571	0.03390	0.00948	0.21718	0.11516	0.06624	0.03681	0.01624	0.01266	0.00724	0.00537	0.00191	0.00584	0.00522	0.04650	0.00885
55	0.00771	0.00655	0.00665	0.00663	0.00877	0.00549	0.00497	0.00942	0.01491	0.01789	0.09952	0.06147	0.69566	0.01620	0.00764	0.00217	0.00326	0.01354	0.00606	0.00549
56	0.08296	0.01530	0.01577	0.01268	0.01704	0.05216	0.01029	0.36869	0.09116	0.14005	0.01799	0.01783	0.01286	0.00767	0.00601	0.00191	0.00622	0.00583	0.10776	0.00981
57	0.01631	0.04669	0.02412	0.01816	0.02277	0.03236	0.25672	0.08974	0.29216	0.02448	0.03594	0.02119	0.03413	0.00776	0.00762	0.00215	0.04625	0.00724	0.00498	0.00924

[dist]
# distance from previous block
# <min> <max>
2	21

[block]
# block no. 7 follows, 34 sequences, length 64
# corresponding to MSA columns:
# 264-327
name=unknown_H
#
# <colnr> <probs for GDERKNQSTAVLIFYWHMCP>
#	G	D	E	R	K	N	Q	S	T	A	V	L	I	F	Y	W	H	M	C	P
0	0.01680	0.65995	0.09755	0.01187	0.01764	0.02399	0.01218	0.02040	0.05814	0.01644	0.01032	0.01154	0.00901	0.00579	0.00448	0.00149	0.00704	0.00382	0.00300	0.00853
1	0.02495	0.01384	0.01634	0.01284	0.01769	0.01407	0.01049	0.25533	0.14240	0.36936	0.02201	0.02002	0.01483	0.00797	0.00646	0.00199	0.00595	0.00635	0.00715	0.02997
2	0.01564	0.01574	0.05103	0.08597	0.66255	0.01527	0.01985	0.01963	0.01456	0.02078	0.01209	0.01599	0.01006	0.00582	0.00639	0.00194	0.00780	0.00572	0.00316	0.01001
3	0.01045	0.00836	0.01209	0.01152	0.01262	0.01022	0.00912	0.03370	0.01093	0.01588	0.01591	0.02337	0.01483	0.04157	0.61441	0.00898	0.12976	0.00670	0.00346	0.00613
4	0.00939	0.00629	0.00718	0.00718	0.00722	0.00633	0.00408	0.00948	0.00943	0.01262	0.02024	0.04163	0.02321	0.74496	0.06046	0.00642	0.00669	0.00930	0.00390	0.00399
5	0.00796	0.00569	0.00760	0.00910	0.00951	0.00533	0.00615	0.00915	0.01246	0.01659	0.03556	0.74427	0.04254	0.02016	0.00827	0.00264	0.00383	0.04192	0.00600	0.00527
6	0.00787	0.00562	0.00750	0.00900	0.00937	0.00525	0.00600	0.00900	0.01237	0.01649	0.03561	0.76871	0.04274	0.02024	0.00825	0.00262	0.00375	0.01837	0.00600	0.00525
7	0.00923	0.00692	0.01038	0.01038	0.01154	0.00808	0.00808	0.01154	0.01038	0.01500	0.01731	0.02538	0.01615	0.04846	0.74732	0.01038	0.01731	0.00692	0.00346	0.00577
8	0.00957	0.00731	0.01055	0.01036	0.01128	0.00860	0.00791	0.01151	0.01022	0.01470	0.01714	0.02694	0.01665	0.14426	0.60283	0.00933	0.06458	0.00718	0.00348	0.00560
9	0.00940	0.00717	0.01070	0.01061	0.01172	0.00847	0.00828	0.01167	0.01037	0.01502	0.01701	0.02501	0.01590	0.04721	0.72293	0.01013	0.04228	0.00688	0.00344	0.00581
10	0.00923	0.00692	0.01038	0.01038	0.01154	0.00808	0.00808	0.01154	0.01038	0.01500	0.01731	0.02538	0.01615	0.04846	0.74732	0.01038	0.01731	0.00692	0.00346	0.00577
11	0.81856	0.01250	0.00950	0.00850	0.01250	0.01449	0.00700	0.01899	0.01100	0.02899	0.00900	0.01050	0.00700	0.00600	0.00400	0.00200	0.00500	0.00350	0.00400	0.00700
12	0.75758	0.01238	0.00992	0.00873	0.01280	0.01411	0.00719	0.01996	0.01158	0.08368	0.01027	0.01138	0.00769	0.00615	0.00419	0.00200	0.00504	0.00373	0.00431	0.00731
13	0.01032	0.00741	0.01028	0.01172	0.01323	0.00737	0.01023	0.01325	0.01487	0.01927	0.03525	0.07253	0.06024	0.01780	0.00888	0.00295	0.00586	0.66665	0.00595	0.00593
14	0.00769	0.00655	0.00662	0.00660	0.00876	0.00548	0.00495	0.00937	0.01485	0.01775	0.08854	0.06170	0.70673	0.01625	0.00764	0.00218	0.00326	0.01357	0.00604	0.00548
15	0.00924	0.00690	0.01026	0.01026	0.01137	0.00801	0.00792	0.01146	0.01035	0.01491	0.01742	0.02601	0.01642	0.07529	0.72086	0.01023	0.01690	0.00701	0.00348	0.00570
16	0.01698	0.01217	0.01362	0.01225	0.01561	0.01335	0.00947	0.04673	0.47590	0.13795	0.02743	0.14606	0.02270	0.01051	0.00683	0.00223	0.00500	0.00896	0.00670	0.00955
17	0.02899	0.01100	0.01499	0.01150	0.01649	0.00950	0.00950	0.03149	0.01849	0.73709	0.02549	0.02199	0.01599	0.00800	0.00650	0.00200	0.00550	0.00650	0.00800	0.01100
18	0.00888	0.00645	0.00844	0.00883	0.01007	0.00602	0.00663	0.01128	0.01589	0.02174	0.38787	0.25538	0.09575	0.01608	0.00799	0.00235	0.00369	0.11432	0.00655	0.00579
19	0.01537	0.01472	0.02510	0.15774	0.61941	0.01519	0.01952	0.01928	0.01442	0.02035	0.01204	0.01619	0.00997	0.00587	0.00641	0.00196	0.00783	0.00575	0.00314	0.00973
20	0.02286	0.09997	0.02039	0.01789	0.07450	0.62263	0.01291	0.02473	0.01754	0.01616	0.01006	0.01186	0.00847	0.00648	0.00571	0.00166	0.01090	0.00422	0.00327	0.00778
21	0.00940	0.00715	0.01021	0.01022	0.01106	0.00825	0.00769	0.01121	0.01049	0.01492	0.01947	0.12258	0.01999	0.13244	0.51561	0.00838	0.06296	0.00862	0.00380	0.00556
22	0.01682	0.52771	0.19320	0.01285	0.01927	0.02186	0.01387	0.04641	0.01409	0.04118	0.01045	0.01179	0.00866	0.00581	0.00479	0.00156	0.00740	0.00396	0.00310	0.03520
23	0.01286	0.01200	0.02010	0.69718	0.04303	0.01468	0.04419	0.04682	0.01377	0.01772	0.01172	0.01716	0.00876	0.00648	0.00650	0.00214	0.00864	0.00582	0.00304	0.00740
24	0.02899	0.01100	0.01499	0.01150	0.01649	0.00950	0.00950	0.03149	0.01849	0.73709	0.02549	0.02199	0.01599	0.00800	0.00650	0.00200	0.00550	0.00650	0.00800	0.01100
25	0.00787	0.00562	0.00750	0.00900	0.00937	0.00525	0.00600	0.00900	0.01237	0.01649	0.03561	0.76871	0.04274	0.02024	0.00825	0.00262	0.00375	0.01837	0.00600	0.00525
26	0.00923	0.00692	0.01038	0.01038	0.01154	0.00808	0.00808	0.01154	0.01038	0.01500	0.01731	0.02538	0.01615	0.04846	0.74732	0.01038	0.01731	0.00692	0.00346	0.00577
27	0.00939	0.00630	0.00723	0.00736	0.00744	0.00628	0.00431	0.00957	0.00978	0.01301	0.02161	0.07160	0.02489	0.70753	0.03078	0.00597	0.00615	0.04264	0.00409	0.00406
28	0.00927	0.00624	0.00723	0.00734	0.00742	0.00626	0.00426	0.00946	0.00967	0.01294	0.02140	0.09766	0.02466	0.68334	0.06200	0.00616	0.00655	0.00998	0.00406	0.00410
29	0.01296	0.03342	0.73944	0.01842	0.02797	0.01501	0.02387	0.02046	0.01364	0.02046	0.01160	0.01364	0.00818	0.00614	0.00614	0.00205	0.00955	0.00477	0.00273	0.00955
30	0.00985	0.00676	0.00886	0.00825	0.00990	0.00622	0.00622	0.01288	0.01830	0.05109	0.70429	0.04733	0.05937	0.01302	0.00758	0.00203	0.00314	0.01150	0.00714	0.00627
31	0.03893	0.00830	0.01022	0.00870	0.01167	0.00765	0.00689	0.02118	0.01640	0.31055	0.16199	0.02766	0.02483	0.00880	0.00591	0.00182	0.00407	0.00726	0.30911	0.00806
32	0.00834	0.00657	0.00752	0.00728	0.00916	0.00575	0.00546	0.01063	0.01638	0.02138	0.37360	0.05572	0.41941	0.01490	0.00763	0.00211	0.00317	0.01273	0.00652	0.00575
33	0.01793	0.01454	0.01558	0.01352	0.01742	0.01650	0.01079	0.21465	0.48295	0.03014	0.02399	0.02542	0.01867	0.00917	0.00672	0.00218	0.00571	0.05751	0.00650	0.01011
34	0.01527	0.01305	0.01392	0.01261	0.01600	0.01494	0.00977	0.03180	0.64291	0.02667	0.08701	0.04466	0.02384	0.00943	0.00671	0.00219	0.00490	0.00796	0.00661	0.00975
35	0.01340	0.01148	0.01340	0.00957	0.01531	0.00861	0.00766	0.01627	0.01340	0.02105	0.01148	0.01340	0.00957	0.00479	0.00479	0.00096	0.00479	0.00383	0.00383	0.81242
36	0.02859	0.01163	0.01539	0.01180	0.01681	0.01044	0.00975	0.09221	0.01956	0.67487	0.02460	0.02141	0.01555	0.00798	0.00649	0.00199	0.00564	0.00644	0.00786	0.01100
37	0.01252	0.00928	0.01289	0.03733	0.01519	0.00991	0.03480	0.04581	0.06003	0.06169	0.09622	0.16077	0.03223	0.01474	0.00934	0.00261	0.07756	0.29445	0.00575	0.00688
38	0.02728	0.01062	0.01445	0.01121	0.01591	0.00920	0.00920	0.02983	0.01848	0.67590	0.08604	0.02425	0.01986	0.00845	0.00659	0.00200	0.00529	0.00694	0.00792	0.01057
39	0.00951	0.00685	0.00915	0.00922	0.01073	0.00648	0.00734	0.01254	0.01730	0.02401	0.52838	0.05538	0.05409	0.01455	0.00800	0.00230	0.00389	0.20745	0.00678	0.00605
40	0.02456	0.01810	0.01939	0.01487	0.02004	0.02004	0.01228	0.71107	0.03038	0.04072	0.01551	0.01551	0.01099	0.00776	0.00646	0.00194	0.00711	0.00582	0.00646	0.01099
41	0.01349	0.01319	0.01855	0.01610	0.01625	0.01825	0.01334	0.01502	0.00996	0.01548	0.00965	0.01562	0.00949	0.01621	0.11692	0.00382	0.66306	0.00582	0.00291	0.00690
42	0.00764	0.00655	0.00655	0.00655	0.00873	0.00545	0.00491	0.00927	0.01473	0.01745	0.06546	0.06218	0.73000	0.01636	0.00764	0.00218	0.00327	0.01364	0.00600	0.00545
43	0.01041	0.00744	0.01041	0.01190	0.01339	0.00744	0.01041	0.01339	0.01487	0.01934	0.03421	0.07288	0.03719	0.01785	0.00892	0.00297	0.00595	0.68913	0.00595	0.00595
44	0.00786	0.00566	0.00746	0.00889	0.00934	0.00526	0.00595	0.00901	0.01247	0.01654	0.03691	0.73804	0.07257	0.02007	0.00822	0.00260	0.00373	0.01816	0.00600	0.00526
45	0.01296	0.03342	0.73944	0.01842	0.02797	0.01501	0.02387	0.02046	0.01364	0.02046	0.01160	0.01364	0.00818	0.00614	0.00614	0.00205	0.00955	0.00477	0.00273	0.00955
46	0.02834	0.01203	0.01564	0.01199	0.01701	0.01104	0.00990	0.13070	0.02023	0.63543	0.02403	0.02105	0.01526	0.00796	0.00649	0.00199	0.00573	0.00640	0.00777	0.01100
47	0.00924	0.00690	0.01027	0.01027	0.01138	0.00801	0.00793	0.01146	0.01035	0.01491	0.01742	0.02599	0.01641	0.07425	0.72189	0.01024	0.01691	0.00701	0.00348	0.00570
48	0.01599	0.01535	0.02623	0.03966	0.73262	0.01535	0.01983	0.01983	0.01471	0.02111	0.01215	0.01599	0.01023	0.00576	0.00640	0.00192	0.00768	0.00576	0.00320	0.01023
49	0.01599	0.01535	0.02623	0.03966	0.73262	0.01535	0.01983	0.01983	0.01471	0.02111	0.01215	0.01599	0.01023	0.00576	0.00640	0.00192	0.00768	0.00576	0.00320	0.01023
50	0.00927	0.00677	0.00961	0.00961	0.01050	0.00766	0.00711	0.01104	0.01015	0.01443	0.01802	0.02931	0.01786	0.21667	0.58143	0.00943	0.01474	0.00750	0.00357	0.00534
51	0.00770	0.00646	0.00669	0.00681	0.00881	0.00545	0.00504	0.00932	0.01460	0.01759	0.08030	0.12715	0.64870	0.01664	0.00769	0.00222	0.00331	0.01402	0.00603	0.00545
52	0.00810	0.00582	0.00774	0.00919	0.00972	0.00546	0.00637	0.00941	0.01267	0.01679	0.03637	0.68338	0.06264	0.01991	0.00829	0.00264	0.00394	0.08025	0.00599	0.00532
53	0.00881	0.00657	0.00820	0.00784	0.00946	0.00595	0.00586	0.01153	0.01743	0.02400	0.58028	0.07011	0.19205	0.01402	0.00764	0.00208	0.00311	0.01225	0.00686	0.00595
54	0.02408	0.01763	0.01887	0.01452	0.01955	0.01950	0.01198	0.68418	0.02973	0.04008	0.01573	0.01584	0.01120	0.00775	0.00639	0.00192	0.00695	0.00583	0.03746	0.01080
55	0.00787	0.00562	0.00750	0.00900	0.00937	0.00525	0.00600	0.00900	0.01237	0.01649	0.03561	0.76871	0.04274	0.02024	0.00825	0.00262	0.00375	0.01837	0.00600	0.00525
56	0.00768	0.00639	0.00670	0.00695	0.00883	0.00542	0.00509	0.00923	0.01434	0.01730	0.06055	0.17842	0.61693	0.01700	0.00774	0.00225	0.00335	0.01442	0.00600	0.00542
57	0.00807	0.00577	0.00770	0.00901	0.00953	0.00540	0.00615	0.00944	0.01300	0.01746	0.09970	0.67893	0.04424	0.01951	0.00821	0.00258	0.00376	0.04007	0.00610	0.00535
58	0.01473	0.01723	0.08756	0.06487	0.02120	0.07272	0.06653	0.01721	0.01145	0.01647	0.00941	0.01435	0.00855	0.00974	0.01673	0.00258	0.53272	0.00561	0.00289	0.00746
59	0.81856	0.01250	0.00950	0.00850	0.01250	0.01449	0.00700	0.01899	0.01100	0.02899	0.00900	0.01050	0.00700	0.00600	0.00400	0.00200	0.00500	0.00350	0.00400	0.00700
60	0.01599	0.01535	0.02623	0.03966	0.73262	0.01535	0.01983	0.01983	0.01471	0.02111	0.01215	0.01599	0.01023	0.00576	0.00640	0.00192	0.00768	0.00576	0.00320	0.01023
61	0.00900	0.00740	0.00996	0.02871	0.01185	0.00672	0.05073	0.01159	0.01620	0.02133	0.34578	0.07061	0.33394	0.01420	0.00766	0.00216	0.00391	0.03604	0.00622	0.00600
62	0.01230	0.00960	0.01535	0.01317	0.01589	0.00910	0.15236	0.04084	0.04232	0.07771	0.10348	0.29689	0.11155	0.01398	0.00776	0.00235	0.00556	0.05706	0.00574	0.00699
63	0.01572	0.01426	0.01384	0.01194	0.01563	0.13155	0.00935	0.07337	0.13222	0.03952	0.03776	0.07778	0.01782	0.01244	0.07473	0.00255	0.00728	0.05710	0.00488	0.25026

[dist]
# distance from previous block
# <min> <max>
4	5

[block]
# block no. 8 follows, 34 sequences, length 23
# corresponding to MSA columns:
# 333-355
name=unknown_I
#
# <colnr> <probs for GDERKNQSTAVLIFYWHMCP>
#	G	D	E	R	K	N	Q	S	T	A	V	L	I	F	Y	W	H	M	C	P
0	0.02356	0.01700	0.01843	0.01426	0.01932	0.01851	0.01171	0.58006	0.08560	0.07973	0.01678	0.01650	0.01193	0.00770	0.00639	0.00191	0.00673	0.00588	0.00643	0.05157
1	0.01577	0.01784	0.03289	0.04914	0.03068	0.08328	0.53644	0.02046	0.01510	0.01994	0.01243	0.01643	0.00956	0.00575	0.00768	0.00205	0.03800	0.00685	0.00329	0.07641
2	0.00898	0.00651	0.00847	0.00816	0.00960	0.00600	0.00605	0.01181	0.01763	0.02478	0.64486	0.11528	0.07969	0.01396	0.00768	0.00209	0.00312	0.01236	0.00698	0.00600
3	0.00840	0.00652	0.00764	0.00747	0.00922	0.00576	0.00556	0.01070	0.01635	0.02158	0.39197	0.09678	0.35877	0.01503	0.00766	0.00213	0.00319	0.01295	0.00655	0.00576
4	0.20470	0.01623	0.04274	0.01428	0.08177	0.12415	0.01052	0.12689	0.10928	0.04301	0.01792	0.01948	0.05389	0.03725	0.00673	0.00210	0.00657	0.00581	0.06837	0.00831
5	0.01220	0.01148	0.01938	0.75739	0.04450	0.01436	0.01794	0.01651	0.01292	0.01651	0.01148	0.01723	0.00861	0.00646	0.00646	0.00215	0.00861	0.00574	0.00287	0.00718
6	0.00982	0.00704	0.00845	0.00819	0.00827	0.00764	0.00514	0.01011	0.00951	0.01298	0.01905	0.03853	0.02160	0.65314	0.08051	0.00623	0.07678	0.00888	0.00378	0.00433
7	0.00879	0.00679	0.00822	0.00892	0.01062	0.00622	0.00718	0.01095	0.01470	0.01846	0.08049	0.13842	0.36371	0.01719	0.00819	0.00252	0.00434	0.27260	0.00603	0.00565
8	0.01577	0.01513	0.02582	0.08180	0.69222	0.01529	0.01972	0.01963	0.01461	0.02084	0.01211	0.01606	0.01014	0.00580	0.00640	0.00193	0.00773	0.00576	0.00318	0.01006
9	0.01369	0.01181	0.01439	0.07914	0.01823	0.00994	0.00900	0.03983	0.01380	0.02110	0.01151	0.01385	0.00949	0.00528	0.00560	0.00117	0.03308	0.00414	0.00379	0.68116
