[name]
unknown

[dist]
# distance from previous block
# <min> <max>
0	51

[block]
# block no. 0 follows, 35 sequences, length 8
# corresponding to MSA columns:
# 52-59
name=unknown_A
#
# <colnr> <probs for GDERKNQSTAVLIFYWHMCP>
#	G	D	E	R	K	N	Q	S	T	A	V	L	I	F	Y	W	H	M	C	P
0	0.01065	0.00728	0.00903	0.00861	0.01043	0.00699	0.00655	0.01386	0.05754	0.07384	0.31749	0.04591	0.17836	0.08837	0.08160	0.00328	0.00520	0.06272	0.00607	0.00621
1	0.01428	0.11147	0.01546	0.01432	0.10833	0.01058	0.01034	0.01686	0.01489	0.13485	0.09387	0.14809	0.02897	0.01271	0.00721	0.00228	0.00553	0.23705	0.00551	0.00741
2	0.02119	0.11710	0.05720	0.01592	0.06206	0.01794	0.04782	0.32806	0.05071	0.13765	0.01528	0.01581	0.01112	0.00736	0.00720	0.00193	0.06487	0.00559	0.00530	0.00989
3	0.01177	0.12385	0.01320	0.00989	0.01197	0.01065	0.00778	0.10410	0.01460	0.01900	0.02813	0.27538	0.09789	0.08924	0.08131	0.00337	0.00627	0.08023	0.00504	0.00636
4	0.01794	0.01656	0.02777	0.02200	0.07338	0.08367	0.38773	0.08841	0.01686	0.11633	0.01601	0.07459	0.01290	0.00714	0.00703	0.00206	0.00896	0.00753	0.00433	0.00879
5	0.01359	0.01285	0.01771	0.13992	0.19347	0.07212	0.06530	0.01823	0.09809	0.01924	0.10983	0.02568	0.01973	0.15398	0.01147	0.00278	0.00708	0.00729	0.00413	0.00751
6	0.01341	0.07374	0.37387	0.07774	0.04860	0.03579	0.06923	0.04700	0.01390	0.01938	0.01437	0.11370	0.01285	0.00813	0.00714	0.00208	0.05059	0.00674	0.00334	0.00838
7	0.12169	0.01308	0.01668	0.07911	0.18263	0.01398	0.01207	0.14791	0.10890	0.02559	0.06911	0.01889	0.01500	0.01004	0.06084	0.00248	0.00692	0.00592	0.00461	0.08454

[dist]
# distance from previous block
# <min> <max>
1	8

[block]
# block no. 1 follows, 35 sequences, length 8
# corresponding to MSA columns:
# 68-75
name=unknown_B
#
# <colnr> <probs for GDERKNQSTAVLIFYWHMCP>
#	G	D	E	R	K	N	Q	S	T	A	V	L	I	F	Y	W	H	M	C	P
0	0.01510	0.01322	0.04449	0.05929	0.09975	0.04143	0.03440	0.18540	0.01849	0.04115	0.14163	0.03028	0.10770	0.05496	0.00823	0.00221	0.00615	0.03903	0.00517	0.05193
1	0.01271	0.01394	0.10603	0.13055	0.14039	0.01159	0.04753	0.04454	0.04918	0.02032	0.02428	0.02584	0.16801	0.00820	0.00626	0.00185	0.00633	0.00709	0.03818	0.13717
2	0.01439	0.01185	0.01553	0.08111	0.13522	0.01149	0.01088	0.05365	0.14125	0.05166	0.05133	0.08830	0.01694	0.00777	0.00601	0.00170	0.00551	0.00673	0.00470	0.28397
3	0.01128	0.00839	0.00982	0.00896	0.01150	0.00784	0.00693	0.06222	0.06539	0.05111	0.24112	0.11043	0.22442	0.01297	0.00713	0.00204	0.00399	0.05520	0.00613	0.09312
4	0.01778	0.57365	0.03006	0.01525	0.10923	0.12934	0.01216	0.01998	0.01383	0.01576	0.00936	0.01107	0.00839	0.00562	0.00459	0.00146	0.00756	0.00378	0.00285	0.00827
5	0.00906	0.00680	0.01020	0.01020	0.01133	0.00793	0.00793	0.01133	0.01020	0.01473	0.01699	0.02492	0.01586	0.04758	0.75191	0.01020	0.01699	0.00680	0.00340	0.00566
6	0.01414	0.01246	0.01833	0.32980	0.16011	0.01435	0.01486	0.08542	0.14372	0.02097	0.01511	0.01874	0.01186	0.01183	0.09831	0.00306	0.00858	0.00607	0.00394	0.00832
7	0.05506	0.06317	0.09987	0.02667	0.35112	0.06482	0.09222	0.07780	0.01552	0.04105	0.01247	0.01595	0.01017	0.03850	0.00721	0.00206	0.00800	0.00558	0.00354	0.00919

[dist]
# distance from previous block
# <min> <max>
1	4

[block]
# block no. 2 follows, 35 sequences, length 15
# corresponding to MSA columns:
# 81-95
name=unknown_C
#
# <colnr> <probs for GDERKNQSTAVLIFYWHMCP>
#	G	D	E	R	K	N	Q	S	T	A	V	L	I	F	Y	W	H	M	C	P
0	0.02051	0.11842	0.07852	0.01427	0.01906	0.23860	0.03464	0.14624	0.07435	0.10033	0.01531	0.01578	0.02962	0.00694	0.00581	0.00174	0.00804	0.00516	0.00454	0.06212
1	0.10397	0.18810	0.02053	0.04016	0.13939	0.14664	0.01164	0.07327	0.01514	0.02040	0.01208	0.05933	0.01082	0.00669	0.00531	0.00164	0.00710	0.00511	0.00365	0.12902
2	0.08636	0.01513	0.01582	0.01443	0.06066	0.09913	0.01084	0.14987	0.12327	0.05444	0.03601	0.04567	0.01463	0.00842	0.00787	0.00197	0.10147	0.03399	0.00486	0.11516
3	0.22438	0.00897	0.00931	0.00864	0.01036	0.00988	0.00619	0.07788	0.01174	0.01960	0.01603	0.02765	0.01627	0.36168	0.16142	0.00544	0.00799	0.00691	0.00401	0.00564
4	0.01454	0.00964	0.01161	0.01080	0.01329	0.01006	0.00839	0.04007	0.21831	0.14131	0.09456	0.16031	0.06620	0.04489	0.03504	0.00272	0.02235	0.08186	0.00624	0.00781
5	0.07400	0.00951	0.01174	0.00960	0.01327	0.00856	0.00765	0.02094	0.04556	0.29469	0.25543	0.02960	0.05624	0.00927	0.00637	0.00184	0.00438	0.00776	0.00656	0.12703
6	0.01761	0.01301	0.05856	0.01139	0.01589	0.01157	0.00966	0.13766	0.13611	0.17344	0.11854	0.02468	0.06545	0.00841	0.00625	0.00180	0.00524	0.00690	0.00598	0.17186
7	0.01299	0.01276	0.01825	0.54121	0.09724	0.08181	0.01607	0.01664	0.01337	0.01665	0.01394	0.07681	0.01231	0.00781	0.00651	0.00212	0.00818	0.03495	0.00325	0.00714
8	0.00920	0.00627	0.00753	0.00753	0.00774	0.00648	0.00461	0.00962	0.00941	0.01275	0.01943	0.03842	0.02172	0.64113	0.16637	0.00690	0.00817	0.00877	0.00376	0.00418
9	0.00787	0.00631	0.00708	0.00750	0.00916	0.00552	0.00559	0.00956	0.01417	0.01758	0.09450	0.21853	0.48194	0.01685	0.00774	0.00230	0.00353	0.07295	0.00595	0.00539
10	0.00900	0.00606	0.00699	0.00721	0.00726	0.00600	0.00415	0.00917	0.00966	0.01288	0.02223	0.15095	0.02589	0.66376	0.02867	0.00562	0.00578	0.01054	0.00415	0.00404
11	0.01272	0.03281	0.74418	0.01808	0.02746	0.01473	0.02344	0.02009	0.01339	0.02009	0.01138	0.01339	0.00804	0.00603	0.00603	0.00201	0.00938	0.00469	0.00268	0.00938
12	0.01183	0.00591	0.00591	0.00591	0.00739	0.00591	0.00443	0.01478	0.01330	0.02365	0.02069	0.02365	0.01626	0.00739	0.00443	0.00148	0.00296	0.00591	0.81227	0.00591
13	0.45653	0.01068	0.01020	0.00874	0.01245	0.01134	0.00711	0.02101	0.01342	0.21530	0.04645	0.01689	0.01291	0.00694	0.00480	0.00189	0.00466	0.00493	0.12604	0.00772
14	0.01142	0.01051	0.07424	0.01106	0.01378	0.02366	0.05337	0.01463	0.04341	0.07352	0.06873	0.14331	0.18771	0.06362	0.09760	0.00345	0.00680	0.08743	0.00519	0.00656

[dist]
# distance from previous block
# <min> <max>
0	7

[block]
# block no. 3 follows, 35 sequences, length 24
# corresponding to MSA columns:
# 103-126
name=unknown_D
#
# <colnr> <probs for GDERKNQSTAVLIFYWHMCP>
#	G	D	E	R	K	N	Q	S	T	A	V	L	I	F	Y	W	H	M	C	P
0	0.01570	0.01507	0.02575	0.03894	0.73748	0.01507	0.01947	0.01947	0.01444	0.02073	0.01193	0.01570	0.01005	0.00565	0.00628	0.00188	0.00754	0.00565	0.00314	0.01005
1	0.00809	0.00588	0.00767	0.00901	0.00952	0.00562	0.00607	0.00994	0.04378	0.01665	0.03456	0.73971	0.04096	0.01938	0.00802	0.00256	0.00374	0.01755	0.00591	0.00537
2	0.13340	0.05230	0.30130	0.06394	0.14856	0.03143	0.09368	0.04939	0.01421	0.03814	0.01159	0.01404	0.00871	0.00598	0.00588	0.00196	0.00824	0.00505	0.00329	0.00890
3	0.06939	0.00854	0.01085	0.00976	0.01267	0.00784	0.00770	0.01995	0.01539	0.33276	0.06067	0.20392	0.07752	0.01223	0.00687	0.00218	0.00460	0.07561	0.05366	0.00787
4	0.01690	0.01798	0.02549	0.02399	0.17647	0.13768	0.21811	0.06111	0.05165	0.01997	0.01196	0.01539	0.00976	0.00718	0.00977	0.00213	0.17651	0.00599	0.00346	0.00853
5	0.01338	0.01129	0.01309	0.00948	0.01485	0.00876	0.00752	0.04093	0.01358	0.02100	0.01180	0.01447	0.01004	0.03852	0.00596	0.00120	0.00484	0.00407	0.00386	0.75136
6	0.01129	0.00781	0.01074	0.01045	0.01213	0.00752	0.04799	0.04534	0.05770	0.08335	0.06869	0.51089	0.06837	0.01618	0.00767	0.00239	0.00442	0.01460	0.00602	0.00646
7	0.01617	0.01382	0.01456	0.01299	0.01665	0.01596	0.01014	0.06574	0.69335	0.02717	0.02532	0.02327	0.01896	0.00856	0.00645	0.00214	0.00511	0.00710	0.00645	0.01008
8	0.01178	0.00828	0.00924	0.00844	0.01074	0.00788	0.00634	0.10348	0.03127	0.07494	0.12955	0.10836	0.35379	0.09527	0.00993	0.00254	0.00423	0.01145	0.00602	0.00647
9	0.02829	0.01107	0.01489	0.01142	0.01633	0.00973	0.00943	0.05791	0.01862	0.71423	0.02464	0.02134	0.01551	0.00784	0.00638	0.00196	0.00546	0.00635	0.00779	0.01080
10	0.01735	0.01357	0.01503	0.01296	0.01632	0.01568	0.01031	0.13902	0.44406	0.06896	0.02184	0.02116	0.01638	0.00858	0.00781	0.00212	0.08627	0.00663	0.06640	0.00956
11	0.02846	0.01080	0.01472	0.01129	0.01619	0.00932	0.00932	0.03092	0.01816	0.74187	0.02503	0.02159	0.01570	0.00785	0.00638	0.00196	0.00540	0.00638	0.00785	0.01080
12	0.02641	0.01034	0.01406	0.01094	0.01549	0.00897	0.00897	0.02892	0.01814	0.66633	0.09980	0.02431	0.02036	0.00839	0.00650	0.00197	0.00514	0.00692	0.00776	0.01029
13	0.01294	0.01022	0.01101	0.01006	0.01300	0.01077	0.00777	0.02276	0.36419	0.06488	0.11470	0.03895	0.26975	0.01160	0.00692	0.00212	0.00420	0.00973	0.00640	0.00804
14	0.00788	0.00595	0.00709	0.00780	0.00881	0.00537	0.00536	0.00919	0.01309	0.01685	0.09571	0.41572	0.27303	0.08557	0.01001	0.00271	0.00369	0.01521	0.00579	0.00517
15	0.00918	0.00650	0.00860	0.00883	0.00945	0.00694	0.00625	0.01045	0.01031	0.01416	0.02093	0.07549	0.02249	0.36573	0.31983	0.00727	0.01038	0.07836	0.00397	0.00485
16	0.01388	0.01388	0.01943	0.01666	0.01666	0.01943	0.01388	0.01527	0.00972	0.01527	0.00833	0.01388	0.00833	0.01110	0.02082	0.00278	0.76544	0.00555	0.00278	0.00694
17	0.01240	0.01170	0.01978	0.68037	0.12185	0.01420	0.01783	0.01658	0.01288	0.01672	0.01135	0.01678	0.00864	0.00626	0.00634	0.00209	0.00835	0.00564	0.00286	0.00739
18	0.00923	0.00615	0.00692	0.00692	0.00692	0.00615	0.00384	0.00923	0.00923	0.01230	0.01999	0.04151	0.02306	0.77705	0.03229	0.00615	0.00615	0.00923	0.00384	0.00384
19	0.00948	0.00688	0.00827	0.00825	0.00885	0.00716	0.00562	0.01069	0.02665	0.01449	0.04200	0.04372	0.10065	0.48180	0.08976	0.00541	0.04120	0.08010	0.00431	0.00470
20	0.01600	0.01504	0.02375	0.19324	0.47444	0.05963	0.04844	0.01974	0.01449	0.05652	0.01237	0.01607	0.00986	0.00596	0.00632	0.00193	0.00800	0.00567	0.00332	0.00920
21	0.01406	0.06170	0.63905	0.01761	0.02618	0.09369	0.02176	0.02061	0.01386	0.01940	0.01112	0.01306	0.00805	0.00606	0.00592	0.00194	0.00949	0.00457	0.00274	0.00911
22	0.01675	0.00881	0.01108	0.00956	0.01241	0.00827	0.00748	0.06020	0.04620	0.26525	0.25744	0.06873	0.07603	0.04692	0.00805	0.00221	0.00439	0.02847	0.05386	0.00786
23	0.01665	0.35474	0.13730	0.01478	0.07206	0.05718	0.01322	0.06217	0.12511	0.03458	0.04578	0.01546	0.01266	0.00661	0.00533	0.00171	0.00702	0.00495	0.00386	0.00884

[dist]
# distance from previous block
# <min> <max>
0	1

[block]
# block no. 4 follows, 35 sequences, length 6
# corresponding to MSA columns:
# 128-133
name=unknown_E
#
# <colnr> <probs for GDERKNQSTAVLIFYWHMCP>
#	G	D	E	R	K	N	Q	S	T	A	V	L	I	F	Y	W	H	M	C	P
0	0.10621	0.01797	0.04650	0.01679	0.06515	0.09928	0.09660	0.30228	0.10599	0.02953	0.04139	0.01667	0.01264	0.00717	0.00619	0.00194	0.00745	0.00585	0.00506	0.00935
1	0.30027	0.22438	0.05704	0.01229	0.04417	0.10350	0.01041	0.06543	0.01425	0.06762	0.01170	0.04279	0.00979	0.00664	0.00486	0.00178	0.00664	0.00458	0.00391	0.00796
2	0.00906	0.00680	0.01020	0.01020	0.01133	0.00793	0.00793	0.01133	0.01020	0.01473	0.01699	0.02492	0.01586	0.04758	0.75191	0.01020	0.01699	0.00680	0.00340	0.00566
3	0.01696	0.78087	0.03324	0.01085	0.01628	0.02510	0.01085	0.01900	0.01289	0.01493	0.00882	0.01018	0.00814	0.00543	0.00407	0.00136	0.00678	0.00339	0.00271	0.00814
4	0.04481	0.01699	0.09514	0.06338	0.08476	0.15125	0.01202	0.04452	0.01444	0.02048	0.01277	0.01550	0.01027	0.00666	0.00671	0.00170	0.07484	0.00488	0.16723	0.15166
5	0.00933	0.00655	0.00895	0.00895	0.00980	0.00728	0.00652	0.01103	0.01018	0.01477	0.01812	0.02939	0.01788	0.24541	0.49353	0.00838	0.01288	0.00740	0.06849	0.00518

[dist]
# distance from previous block
# <min> <max>
0	8

[block]
# block no. 5 follows, 35 sequences, length 15
# corresponding to MSA columns:
# 142-156
name=unknown_F
#
# <colnr> <probs for GDERKNQSTAVLIFYWHMCP>
#	G	D	E	R	K	N	Q	S	T	A	V	L	I	F	Y	W	H	M	C	P
0	0.01090	0.00697	0.00901	0.00943	0.01076	0.00669	0.00680	0.01389	0.07316	0.09588	0.13297	0.49682	0.03960	0.01657	0.00772	0.00241	0.00397	0.04383	0.00630	0.00631
1	0.00858	0.00714	0.00735	0.00724	0.00925	0.00655	0.00530	0.01173	0.08969	0.01758	0.05442	0.07522	0.55996	0.09969	0.01015	0.00260	0.00374	0.01240	0.00572	0.00568
2	0.10518	0.01032	0.01307	0.01031	0.01469	0.00938	0.00846	0.02765	0.01681	0.58004	0.02287	0.02073	0.01490	0.00760	0.00589	0.00190	0.00504	0.00603	0.10933	0.00979
3	0.02325	0.01267	0.01509	0.01228	0.01672	0.01293	0.00991	0.11264	0.28189	0.39411	0.02417	0.02161	0.01648	0.00810	0.00640	0.00203	0.00544	0.00659	0.00716	0.01052
4	0.05301	0.01363	0.01534	0.01261	0.01696	0.01457	0.01015	0.18864	0.31466	0.25613	0.02248	0.02056	0.01576	0.00804	0.00631	0.00203	0.00558	0.00644	0.00677	0.01033
5	0.01952	0.01143	0.01273	0.01049	0.01403	0.01195	0.00843	0.23246	0.10278	0.18089	0.02056	0.02067	0.01485	0.00770	0.00566	0.00179	0.00493	0.00610	0.30412	0.00890
6	0.00769	0.00569	0.00718	0.00838	0.00908	0.00519	0.00569	0.00888	0.01259	0.01637	0.04053	0.63773	0.17355	0.01915	0.00798	0.00249	0.00359	0.01715	0.00589	0.00519
7	0.00958	0.00676	0.00929	0.00921	0.01014	0.00766	0.00688	0.01148	0.01039	0.01541	0.01778	0.02760	0.01706	0.17998	0.49976	0.00811	0.03449	0.00711	0.10590	0.00539
8	0.01042	0.00634	0.00831	0.00902	0.01017	0.00578	0.00638	0.01181	0.01321	0.10828	0.03641	0.58555	0.10351	0.01791	0.00785	0.00247	0.00393	0.04060	0.00614	0.00591
9	0.11167	0.01107	0.01401	0.01096	0.01556	0.01021	0.00901	0.06555	0.01799	0.58518	0.06499	0.02158	0.01712	0.00793	0.00618	0.00196	0.00529	0.00633	0.00730	0.01009
10	0.61446	0.01346	0.01170	0.00986	0.01408	0.01529	0.00813	0.17679	0.01535	0.05539	0.01083	0.01180	0.00806	0.00635	0.00456	0.00195	0.00539	0.00405	0.00461	0.00789
11	0.01570	0.01507	0.02575	0.03894	0.73748	0.01507	0.01947	0.01947	0.01444	0.02073	0.01193	0.01570	0.01005	0.00565	0.00628	0.00188	0.00754	0.00565	0.00314	0.01005
12	0.01247	0.00853	0.01007	0.00903	0.01146	0.00820	0.00703	0.12120	0.01846	0.08237	0.32894	0.08401	0.22379	0.01307	0.00730	0.00208	0.00399	0.03452	0.00657	0.00690
13	0.01612	0.01745	0.04002	0.12153	0.38743	0.17916	0.01630	0.01933	0.01461	0.01837	0.01291	0.05634	0.01145	0.00921	0.05064	0.00239	0.00893	0.00601	0.00328	0.00852
14	0.01599	0.60975	0.19587	0.01251	0.01884	0.02273	0.01373	0.01925	0.01301	0.01611	0.00941	0.01091	0.00812	0.00556	0.00452	0.00151	0.00738	0.00369	0.00271	0.00842

[dist]
# distance from previous block
# <min> <max>
0	1

[block]
# block no. 6 follows, 35 sequences, length 30
# corresponding to MSA columns:
# 158-187
name=unknown_G
#
# <colnr> <probs for GDERKNQSTAVLIFYWHMCP>
#	G	D	E	R	K	N	Q	S	T	A	V	L	I	F	Y	W	H	M	C	P
0	0.01782	0.44888	0.16740	0.01362	0.01928	0.20390	0.01365	0.02079	0.01425	0.01608	0.00956	0.01112	0.00813	0.00582	0.00486	0.00155	0.00845	0.00382	0.00285	0.00818
1	0.01530	0.01844	0.15467	0.01659	0.09229	0.08240	0.06468	0.06724	0.07833	0.02177	0.01349	0.03375	0.01091	0.00619	0.00576	0.00160	0.00710	0.00522	0.00387	0.30037
2	0.00844	0.00634	0.00831	0.00884	0.00975	0.00622	0.00637	0.01023	0.01377	0.01870	0.22206	0.41248	0.11449	0.01888	0.05313	0.00285	0.03647	0.03126	0.00590	0.00552
3	0.01449	0.01383	0.02355	0.27515	0.51077	0.01475	0.01886	0.01840	0.01387	0.01925	0.01172	0.01610	0.00953	0.00588	0.00630	0.00196	0.00784	0.00565	0.00304	0.00907
4	0.00759	0.00607	0.00680	0.00738	0.00882	0.00528	0.00524	0.00900	0.01355	0.01676	0.05269	0.34240	0.46104	0.01757	0.00773	0.00231	0.00340	0.01522	0.00589	0.00528
5	0.01268	0.01199	0.02029	0.62570	0.17432	0.01428	0.01797	0.01682	0.01302	0.01706	0.01140	0.01669	0.00876	0.00621	0.00633	0.00207	0.00828	0.00564	0.00288	0.00761
6	0.01764	0.70517	0.03170	0.01141	0.01662	0.09836	0.01100	0.01963	0.01340	0.01499	0.00892	0.01030	0.00814	0.00554	0.00424	0.00138	0.00725	0.00346	0.00277	0.00806
7	0.01042	0.00671	0.00860	0.00825	0.00995	0.00607	0.00613	0.01282	0.01642	0.09156	0.44536	0.18333	0.14179	0.01419	0.00749	0.00212	0.00338	0.01247	0.00672	0.00621
8	0.00828	0.00664	0.00751	0.00781	0.00973	0.00587	0.00620	0.01032	0.01483	0.01837	0.12157	0.06219	0.50662	0.01611	0.00779	0.00231	0.00381	0.17253	0.00598	0.00553
9	0.02370	0.03023	0.01798	0.01634	0.01961	0.75158	0.01226	0.02533	0.01798	0.01553	0.00981	0.01144	0.00817	0.00654	0.00572	0.00163	0.01144	0.00409	0.00327	0.00735
10	0.00898	0.00648	0.00848	0.00798	0.00948	0.00599	0.00599	0.01197	0.01796	0.02544	0.73413	0.04739	0.05986	0.01297	0.00748	0.00200	0.00299	0.01147	0.00698	0.00599
11	0.02483	0.01396	0.01636	0.01283	0.01760	0.01436	0.01050	0.29992	0.13040	0.35803	0.02131	0.01942	0.01433	0.00787	0.00638	0.00197	0.00596	0.00624	0.00705	0.01068
12	0.01342	0.01329	0.02045	0.01687	0.01859	0.03730	0.14420	0.03314	0.01157	0.01671	0.01157	0.01722	0.01052	0.01895	0.20093	0.00446	0.39447	0.00619	0.00312	0.00703
13	0.01907	0.02057	0.01588	0.01388	0.01689	0.37999	0.03159	0.12329	0.01888	0.02171	0.14931	0.02128	0.04009	0.00840	0.00680	0.00181	0.04022	0.00627	0.05660	0.00747
14	0.01614	0.01358	0.01441	0.01285	0.01640	0.01557	0.01001	0.09805	0.61992	0.02727	0.02530	0.06388	0.01978	0.00913	0.00653	0.00215	0.00514	0.00763	0.00641	0.00985
15	0.00774	0.00566	0.00723	0.00846	0.00905	0.00521	0.00569	0.00888	0.01236	0.01621	0.03837	0.65882	0.13204	0.04111	0.00871	0.00262	0.00369	0.01717	0.00583	0.00514
16	0.01938	0.02305	0.01862	0.01648	0.01831	0.42993	0.01297	0.02091	0.01435	0.01541	0.00916	0.01251	0.00824	0.00854	0.01235	0.00214	0.34269	0.00473	0.00305	0.00717
17	0.01198	0.01128	0.01903	0.76180	0.04369	0.01409	0.01762	0.01621	0.01268	0.01621	0.01128	0.01691	0.00846	0.00634	0.00634	0.00211	0.00846	0.00564	0.00282	0.00705
18	0.53714	0.03628	0.07596	0.01054	0.01508	0.08274	0.00937	0.04174	0.01319	0.11133	0.01126	0.01217	0.00829	0.00623	0.00464	0.00192	0.00608	0.00402	0.00426	0.00775
19	0.02258	0.01950	0.15429	0.01445	0.02011	0.05917	0.01345	0.37327	0.02312	0.19315	0.03307	0.01685	0.01237	0.00743	0.00628	0.00192	0.00724	0.00571	0.00583	0.01021
20	0.13924	0.04149	0.01783	0.01326	0.01736	0.01297	0.14105	0.14226	0.01602	0.12373	0.01606	0.04243	0.01366	0.15185	0.01090	0.00268	0.00668	0.00656	0.00475	0.07921
21	0.01273	0.01052	0.01227	0.00934	0.01393	0.00840	0.00722	0.04423	0.01341	0.02030	0.01459	0.09234	0.01393	0.07389	0.00752	0.00160	0.00482	0.00576	0.00409	0.62909
22	0.01085	0.01026	0.00948	0.01029	0.01127	0.14578	0.00720	0.01217	0.01353	0.01649	0.05655	0.58422	0.03613	0.01704	0.00764	0.00239	0.00517	0.03250	0.00544	0.00562
23	0.01393	0.24494	0.54258	0.01603	0.02429	0.01767	0.01987	0.01978	0.01325	0.01863	0.01066	0.01248	0.00807	0.00586	0.00547	0.00182	0.00864	0.00432	0.00269	0.00903
24	0.00818	0.00594	0.00782	0.00916	0.00989	0.00558	0.00661	0.00967	0.01281	0.01680	0.03731	0.57770	0.10241	0.01909	0.00817	0.00260	0.00405	0.14505	0.00588	0.00530
25	0.44711	0.01538	0.01333	0.01292	0.06709	0.10471	0.00947	0.08143	0.14821	0.02694	0.01292	0.01377	0.00994	0.00661	0.00500	0.00195	0.00609	0.00457	0.00447	0.00809
26	0.01762	0.45465	0.17778	0.01354	0.01936	0.15952	0.01378	0.04711	0.01460	0.01707	0.00978	0.01128	0.00823	0.00584	0.00488	0.00157	0.00821	0.00388	0.00295	0.00835
27	0.01539	0.05789	0.44203	0.01917	0.02667	0.15413	0.15598	0.02108	0.01455	0.01908	0.01127	0.01363	0.00838	0.00597	0.00618	0.00194	0.00992	0.00507	0.00289	0.00879
28	0.01117	0.00850	0.01145	0.01088	0.01262	0.00980	0.00853	0.08438	0.07477	0.01831	0.01759	0.02384	0.01565	0.04014	0.61154	0.00866	0.01494	0.00672	0.00396	0.00656
29	0.01092	0.00554	0.00819	0.00819	0.00819	0.00554	0.00542	0.00832	0.00832	0.01109	0.01151	0.02050	0.01168	0.06337	0.02520	0.77112	0.00554	0.00571	0.00281	0.00281

[dist]
# distance from previous block
# <min> <max>
0	2

[block]
# block no. 7 follows, 35 sequences, length 36
# corresponding to MSA columns:
# 190-225
name=unknown_H
#
# <colnr> <probs for GDERKNQSTAVLIFYWHMCP>
#	G	D	E	R	K	N	Q	S	T	A	V	L	I	F	Y	W	H	M	C	P
0	0.02420	0.01812	0.01763	0.01407	0.01863	0.13925	0.01136	0.45028	0.02507	0.16148	0.01685	0.04503	0.01244	0.00795	0.00632	0.00190	0.00731	0.00604	0.00609	0.01000
1	0.00988	0.00731	0.01016	0.10250	0.01519	0.00743	0.00925	0.01190	0.01344	0.01714	0.03439	0.08211	0.17527	0.01651	0.01022	0.10630	0.00549	0.35495	0.00509	0.00547
2	0.01198	0.01128	0.01903	0.76180	0.04369	0.01409	0.01762	0.01621	0.01268	0.01621	0.01128	0.01691	0.00846	0.00634	0.00634	0.00211	0.00846	0.00564	0.00282	0.00705
3	0.08435	0.68306	0.03062	0.01081	0.01610	0.02396	0.01058	0.04982	0.01347	0.01716	0.00910	0.01041	0.00815	0.00556	0.00416	0.00143	0.00664	0.00350	0.00298	0.00815
4	0.02613	0.01191	0.01509	0.01186	0.01658	0.01132	0.00970	0.09920	0.12558	0.56499	0.02418	0.02127	0.01577	0.00794	0.00639	0.00199	0.00550	0.00643	0.00749	0.01068
5	0.00786	0.00644	0.00693	0.00681	0.00879	0.00551	0.00511	0.00981	0.01532	0.01918	0.22902	0.05769	0.56887	0.01530	0.00749	0.00211	0.00316	0.01292	0.00616	0.00551
6	0.01146	0.00703	0.00928	0.00840	0.01033	0.00641	0.00641	0.01439	0.01798	0.11684	0.64367	0.04410	0.05422	0.01232	0.00734	0.00199	0.00330	0.01082	0.00709	0.00660
7	0.01502	0.01699	0.03671	0.02750	0.07690	0.01598	0.67127	0.02027	0.01494	0.02035	0.01278	0.01702	0.00965	0.00537	0.00741	0.00212	0.01050	0.00737	0.00320	0.00865
8	0.05773	0.01035	0.01361	0.01062	0.01514	0.00917	0.00873	0.02878	0.01737	0.64039	0.02395	0.02136	0.01542	0.00773	0.00608	0.00191	0.00513	0.00622	0.09017	0.01014
9	0.01272	0.03281	0.74418	0.01808	0.02746	0.01473	0.02344	0.02009	0.01339	0.02009	0.01138	0.01339	0.00804	0.00603	0.00603	0.00201	0.00938	0.00469	0.00268	0.00938
10	0.00797	0.00566	0.00750	0.00888	0.00929	0.00534	0.00602	0.00911	0.01211	0.01612	0.03396	0.68633	0.04047	0.06649	0.00963	0.00282	0.00396	0.05746	0.00576	0.00511
11	0.00803	0.00568	0.00736	0.00849	0.00888	0.00535	0.00559	0.00909	0.01207	0.01618	0.07614	0.61805	0.04023	0.13311	0.01169	0.00308	0.00401	0.01630	0.00565	0.00501
12	0.00780	0.00635	0.00691	0.00696	0.00880	0.00545	0.00515	0.00961	0.01488	0.01859	0.18660	0.13051	0.53854	0.01587	0.00756	0.00216	0.00322	0.01350	0.00610	0.00545
13	0.01244	0.00820	0.01072	0.01125	0.01322	0.00822	0.00937	0.01688	0.10226	0.09660	0.03293	0.14945	0.05647	0.01565	0.00810	0.00265	0.00533	0.42734	0.00614	0.00678
14	0.01210	0.01150	0.01975	0.73311	0.04328	0.01417	0.04482	0.01637	0.01277	0.01637	0.01134	0.01692	0.00850	0.00630	0.00639	0.00212	0.00854	0.00571	0.00283	0.00711
15	0.01039	0.00794	0.00982	0.01014	0.01187	0.00808	0.00806	0.01565	0.14454	0.02121	0.19941	0.14503	0.09336	0.03457	0.00846	0.00254	0.00455	0.25173	0.00618	0.00646
16	0.00773	0.00552	0.00736	0.00883	0.00920	0.00515	0.00589	0.00883	0.01215	0.01619	0.03497	0.77291	0.04196	0.01987	0.00810	0.00258	0.00368	0.01803	0.00589	0.00515
17	0.13811	0.09229	0.02194	0.10026	0.41942	0.01543	0.01535	0.03788	0.01391	0.02157	0.01171	0.01491	0.00962	0.00590	0.00559	0.00184	0.00685	0.00510	0.05349	0.00884
18	0.00923	0.00615	0.00692	0.00692	0.00692	0.00615	0.00384	0.00923	0.00923	0.01230	0.01999	0.04151	0.02306	0.77705	0.03229	0.00615	0.00615	0.00923	0.00384	0.00384
19	0.01690	0.22821	0.22977	0.01727	0.02357	0.11239	0.15562	0.09179	0.01577	0.02011	0.01112	0.01322	0.00869	0.00606	0.00610	0.00182	0.02468	0.00495	0.00325	0.00872
20	0.00938	0.00707	0.00892	0.00874	0.01038	0.00655	0.00636	0.01260	0.05911	0.02171	0.36644	0.30168	0.04579	0.01432	0.00735	0.00210	0.00354	0.01276	0.00623	0.08897
21	0.06153	0.08193	0.05087	0.01599	0.07893	0.17611	0.05312	0.10728	0.15884	0.05130	0.02907	0.01766	0.02596	0.00718	0.00588	0.00185	0.00736	0.00567	0.05476	0.00872
22	0.01403	0.01012	0.01245	0.05732	0.04647	0.00969	0.00862	0.01931	0.14435	0.11233	0.05054	0.02947	0.13768	0.05813	0.03665	0.00238	0.00544	0.02249	0.02453	0.19799
23	0.01242	0.09452	0.16552	0.01157	0.01606	0.01196	0.01110	0.01889	0.14891	0.02215	0.22318	0.07163	0.02739	0.00910	0.00625	0.00184	0.00539	0.00766	0.00499	0.12945
24	0.01381	0.01191	0.01697	0.01475	0.01600	0.01474	0.05498	0.07273	0.01289	0.05059	0.01716	0.17101	0.01772	0.01383	0.04209	0.00287	0.39389	0.05083	0.00416	0.00706
25	0.01501	0.01165	0.01365	0.00987	0.01542	0.00924	0.00794	0.06169	0.01459	0.07637	0.01257	0.01392	0.00996	0.00512	0.00493	0.00108	0.00490	0.00408	0.00423	0.70378
26	0.01388	0.01388	0.01943	0.01666	0.01666	0.01943	0.01388	0.01527	0.00972	0.01527	0.00833	0.01388	0.00833	0.01110	0.02082	0.00278	0.76544	0.00555	0.00278	0.00694
27	0.01432	0.01354	0.02208	0.13950	0.51697	0.01398	0.01712	0.01881	0.05812	0.02006	0.01806	0.02102	0.08471	0.00700	0.00643	0.00196	0.00707	0.00654	0.00358	0.00913
28	0.00908	0.00673	0.00987	0.00987	0.01089	0.00775	0.00753	0.01112	0.01010	0.01449	0.01729	0.02656	0.01657	0.11952	0.68094	0.00980	0.01592	0.00704	0.00344	0.00548
29	0.00886	0.00649	0.00912	0.01029	0.01125	0.00624	0.02298	0.01078	0.01322	0.01740	0.03456	0.46696	0.05372	0.01856	0.00833	0.00269	0.00467	0.28259	0.00581	0.00550
30	0.00796	0.00557	0.00729	0.00862	0.00900	0.00524	0.00571	0.00906	0.01201	0.01621	0.03357	0.70285	0.03993	0.06578	0.00945	0.00276	0.00381	0.01709	0.03301	0.00510
31	0.01387	0.01367	0.01761	0.01535	0.01574	0.06073	0.01262	0.01545	0.01047	0.01575	0.01002	0.01541	0.00954	0.01413	0.08958	0.00335	0.60120	0.00561	0.05314	0.00678
32	0.00906	0.00680	0.01020	0.01020	0.01133	0.00793	0.00793	0.01133	0.01020	0.01473	0.01699	0.02492	0.01586	0.04758	0.75191	0.01020	0.01699	0.00680	0.00340	0.00566
33	0.00818	0.00594	0.00773	0.00899	0.00971	0.00557	0.00643	0.00960	0.01268	0.01661	0.03716	0.55406	0.11136	0.04836	0.00908	0.00273	0.00409	0.13069	0.00580	0.00524
34	0.01694	0.01511	0.02150	0.25918	0.34813	0.08987	0.01686	0.04564	0.01519	0.09188	0.01294	0.01622	0.00995	0.00625	0.00625	0.00194	0.00799	0.00556	0.00364	0.00894
35	0.01949	0.01536	0.01632	0.01349	0.01774	0.01727	0.01082	0.36174	0.36457	0.03267	0.02212	0.02097	0.04136	0.00840	0.00644	0.00203	0.00590	0.00670	0.00638	0.01023

[dist]
# distance from previous block
# <min> <max>
0	3

[block]
# block no. 8 follows, 35 sequences, length 64
# corresponding to MSA columns:
# 229-246,248-258,264-298
name=unknown_I
#
# <colnr> <probs for GDERKNQSTAVLIFYWHMCP>
#	G	D	E	R	K	N	Q	S	T	A	V	L	I	F	Y	W	H	M	C	P
0	0.00810	0.00593	0.00801	0.00974	0.02898	0.00557	0.00650	0.00941	0.01245	0.01653	0.03533	0.68053	0.06619	0.01920	0.00807	0.00256	0.00391	0.06185	0.00581	0.00534
1	0.01444	0.02091	0.23355	0.07035	0.10003	0.01565	0.37104	0.03846	0.01459	0.02043	0.01218	0.01578	0.00914	0.00585	0.00721	0.00209	0.03003	0.00630	0.00310	0.00886
2	0.19625	0.12859	0.10671	0.01254	0.01750	0.10836	0.01144	0.08492	0.10297	0.15101	0.01478	0.01488	0.01080	0.00675	0.00539	0.00186	0.00683	0.00484	0.00473	0.00885
3	0.01102	0.00551	0.00826	0.00826	0.00826	0.00551	0.00551	0.00826	0.00826	0.01102	0.01102	0.01928	0.01102	0.02204	0.02479	0.81543	0.00551	0.00551	0.00275	0.00275
4	0.00844	0.00602	0.00708	0.00751	0.00810	0.00569	0.00481	0.00927	0.01165	0.01527	0.08196	0.27633	0.15298	0.35491	0.01869	0.00405	0.00465	0.01287	0.00506	0.00466
5	0.42036	0.01333	0.03369	0.00961	0.01435	0.03777	0.00803	0.03832	0.03175	0.02510	0.01050	0.01201	0.00835	0.00559	0.00448	0.00157	0.00525	0.00378	0.00394	0.31220
6	0.01649	0.06580	0.19488	0.02074	0.22188	0.05856	0.01556	0.05301	0.03194	0.09811	0.07363	0.01774	0.01428	0.00670	0.00602	0.00180	0.00721	0.00561	0.00412	0.08593
7	0.06603	0.13164	0.35146	0.01624	0.06077	0.04143	0.01676	0.06799	0.10142	0.06781	0.01372	0.01470	0.01014	0.00646	0.00572	0.00190	0.00776	0.00494	0.00384	0.00928
8	0.01221	0.04398	0.22751	0.01621	0.04065	0.01240	0.16381	0.01813	0.08473	0.02081	0.13008	0.07501	0.10839	0.00927	0.00685	0.00208	0.00701	0.00846	0.00443	0.00797
9	0.01058	0.00562	0.00803	0.00803	0.00830	0.00549	0.00542	0.00837	0.00904	0.01179	0.01771	0.02453	0.10202	0.02129	0.02262	0.71319	0.00522	0.00650	0.00315	0.00308
10	0.01961	0.09601	0.10164	0.15251	0.02492	0.16783	0.03068	0.28402	0.02041	0.02548	0.01228	0.01411	0.00923	0.00672	0.00598	0.00185	0.00850	0.00506	0.00423	0.00893
11	0.01988	0.01538	0.02212	0.05845	0.20012	0.03577	0.11658	0.19490	0.09843	0.14824	0.01656	0.01763	0.01204	0.00685	0.00650	0.00197	0.00737	0.00619	0.00510	0.00992
12	0.01189	0.00775	0.00978	0.00908	0.01119	0.00757	0.00696	0.03432	0.06145	0.10999	0.28287	0.09913	0.15677	0.01913	0.13918	0.00352	0.00610	0.01044	0.00613	0.00674
13	0.01315	0.01128	0.01315	0.00940	0.01503	0.00846	0.00752	0.01597	0.01315	0.02067	0.01128	0.01315	0.00940	0.00470	0.00470	0.00094	0.00470	0.00376	0.00376	0.81583
14	0.00807	0.00631	0.00732	0.00737	0.00900	0.00555	0.00541	0.01010	0.01537	0.02001	0.30318	0.16787	0.38069	0.01554	0.00759	0.00216	0.00321	0.01342	0.00629	0.00555
15	0.02468	0.01096	0.01395	0.01097	0.01537	0.01012	0.00897	0.10819	0.03553	0.52983	0.05054	0.02431	0.06045	0.00849	0.00636	0.00194	0.00521	0.00689	0.05725	0.00998
16	0.01484	0.01460	0.02619	0.21448	0.41228	0.01513	0.15358	0.03564	0.01448	0.02000	0.01202	0.01626	0.00959	0.00581	0.00653	0.00199	0.00836	0.00601	0.00315	0.00904
17	0.02040	0.01117	0.01324	0.01119	0.01498	0.01133	0.00900	0.06705	0.24628	0.31952	0.02586	0.02608	0.04008	0.00880	0.00632	0.00202	0.00502	0.04389	0.10827	0.00950
18	0.02580	0.01507	0.01737	0.01332	0.01833	0.01567	0.01100	0.45139	0.02532	0.31128	0.01902	0.01769	0.01269	0.00771	0.00636	0.00193	0.00637	0.00597	0.00693	0.01079
19	0.01618	0.00828	0.01119	0.01061	0.01322	0.00772	0.00875	0.01856	0.01518	0.27537	0.03174	0.09138	0.09339	0.03840	0.07092	0.00319	0.00625	0.26594	0.00630	0.00744
20	0.07506	0.01344	0.01597	0.01232	0.01723	0.01341	0.01017	0.28089	0.02198	0.44180	0.02046	0.01858	0.01337	0.00765	0.00622	0.00194	0.00595	0.00596	0.00706	0.01055
21	0.00876	0.00602	0.00736	0.00781	0.00803	0.00602	0.00485	0.00931	0.01020	0.01371	0.02424	0.26146	0.02811	0.47885	0.09291	0.00545	0.00643	0.01166	0.00442	0.00441
22	0.00773	0.00552	0.00736	0.00883	0.00920	0.00515	0.00589	0.00883	0.01215	0.01619	0.03497	0.77291	0.04196	0.01987	0.00810	0.00258	0.00368	0.01803	0.00589	0.00515
23	0.01553	0.01796	0.03618	0.02607	0.03228	0.06340	0.66923	0.02064	0.01517	0.02001	0.01264	0.01675	0.00953	0.00542	0.00737	0.00211	0.01074	0.00727	0.00321	0.00848
24	0.01696	0.78087	0.03324	0.01085	0.01628	0.02510	0.01085	0.01900	0.01289	0.01493	0.00882	0.01018	0.00814	0.00543	0.00407	0.00136	0.00678	0.00339	0.00271	0.00814
25	0.00956	0.00651	0.00759	0.00755	0.00783	0.00665	0.00457	0.03032	0.01010	0.01358	0.02051	0.08451	0.02323	0.64297	0.09362	0.00616	0.00698	0.00945	0.00401	0.00429
26	0.01328	0.01295	0.01807	0.01564	0.01572	0.01788	0.01288	0.01464	0.00972	0.01505	0.00960	0.01629	0.00972	0.06043	0.06859	0.00346	0.67069	0.00586	0.00288	0.00667
27	0.01295	0.01251	0.01755	0.01533	0.01548	0.01717	0.01260	0.01440	0.00984	0.01514	0.01056	0.03900	0.01071	0.03792	0.11267	0.00380	0.62656	0.00619	0.00298	0.00664
28	0.02053	0.27630	0.02290	0.01306	0.01782	0.11260	0.01123	0.33962	0.03424	0.02699	0.02708	0.01569	0.04120	0.00721	0.00557	0.00170	0.00721	0.00517	0.00473	0.00914
29	0.01838	0.01279	0.01484	0.01102	0.01636	0.01141	0.00895	0.18564	0.03158	0.14639	0.01480	0.01527	0.01098	0.00600	0.00541	0.00136	0.00537	0.00473	0.00511	0.47362
30	0.02404	0.01691	0.01780	0.01687	0.11570	0.15777	0.01193	0.18141	0.06401	0.30111	0.01814	0.01752	0.01259	0.00729	0.00623	0.00189	0.00720	0.00573	0.00589	0.00997
31	0.00789	0.00644	0.00697	0.00684	0.00881	0.00552	0.00513	0.00987	0.01539	0.01935	0.24310	0.05740	0.55469	0.01524	0.00749	0.00210	0.00315	0.01288	0.00618	0.00552
32	0.00795	0.00576	0.00751	0.00853	0.00921	0.00532	0.00584	0.00944	0.01337	0.01798	0.16713	0.59361	0.08816	0.01835	0.00795	0.00244	0.00352	0.01652	0.00609	0.00532
33	0.01681	0.42615	0.14429	0.01642	0.11509	0.05787	0.01414	0.06321	0.05778	0.01881	0.01113	0.01263	0.00923	0.00594	0.00505	0.00163	0.00744	0.00431	0.00324	0.00883
34	0.01034	0.00864	0.01249	0.01175	0.01253	0.01089	0.00931	0.01227	0.01002	0.01476	0.01484	0.02276	0.01420	0.07135	0.52576	0.00805	0.21428	0.00658	0.00325	0.00592
35	0.03333	0.01598	0.06777	0.09140	0.25738	0.05144	0.07286	0.09814	0.01616	0.08021	0.01343	0.02753	0.01052	0.00624	0.00610	0.00180	0.00742	0.00559	0.00399	0.13272
36	0.01577	0.01091	0.01375	0.01015	0.01528	0.00862	0.02887	0.01861	0.01462	0.15980	0.08107	0.01807	0.01530	0.00609	0.00536	0.00127	0.00485	0.00509	0.00483	0.56169
37	0.01650	0.10738	0.07251	0.05633	0.02484	0.13515	0.25719	0.04271	0.10133	0.01999	0.01314	0.01547	0.01023	0.00614	0.00645	0.00185	0.02060	0.00572	0.00364	0.08283
38	0.01213	0.01404	0.10740	0.01477	0.01610	0.01509	0.01301	0.01426	0.01073	0.01604	0.01494	0.17683	0.01594	0.01456	0.06064	0.00309	0.46202	0.00819	0.00347	0.00679
39	0.00831	0.00664	0.00746	0.00733	0.00919	0.00592	0.00547	0.01092	0.04012	0.02025	0.29061	0.09911	0.43604	0.01498	0.00749	0.00212	0.00323	0.01280	0.00628	0.00572
40	0.02846	0.01080	0.01472	0.01129	0.01619	0.00932	0.00932	0.03092	0.01816	0.74187	0.02503	0.02159	0.01570	0.00785	0.00638	0.00196	0.00540	0.00638	0.00785	0.01080
41	0.00796	0.00625	0.00720	0.00738	0.00896	0.00549	0.00538	0.00985	0.01495	0.01927	0.24637	0.20964	0.39669	0.01601	0.00762	0.00219	0.00325	0.01384	0.00620	0.00549
42	0.08187	0.01140	0.01422	0.01109	0.01569	0.01070	0.00913	0.11450	0.01874	0.55041	0.02235	0.02017	0.01452	0.00765	0.00606	0.00192	0.00538	0.00606	0.06799	0.01015
43	0.01233	0.00652	0.00692	0.00661	0.00831	0.00648	0.00502	0.03879	0.01458	0.04370	0.11031	0.02629	0.02154	0.00811	0.00494	0.00157	0.00316	0.00662	0.66196	0.00622
44	0.00758	0.00610	0.00676	0.00729	0.00880	0.00528	0.00520	0.00901	0.01363	0.01680	0.05375	0.31653	0.48622	0.01743	0.00771	0.00230	0.00338	0.01506	0.00589	0.00528
45	0.04410	0.01823	0.01709	0.01434	0.01763	0.21231	0.03674	0.21020	0.08447	0.06365	0.05856	0.01876	0.01448	0.05759	0.00967	0.00225	0.10066	0.00600	0.00487	0.00839
46	0.00964	0.00645	0.00839	0.00933	0.01025	0.00619	0.00653	0.01201	0.05868	0.06165	0.04771	0.63832	0.03905	0.01819	0.00790	0.00251	0.00394	0.04134	0.00607	0.00586
47	0.02520	0.01232	0.01522	0.01207	0.01672	0.01207	0.00984	0.12269	0.16979	0.49683	0.02389	0.02119	0.01583	0.00798	0.00639	0.00200	0.00553	0.00646	0.00736	0.01064
48	0.00833	0.00593	0.00758	0.00866	0.00921	0.00564	0.00596	0.00948	0.01202	0.01583	0.03361	0.49370	0.08035	0.17068	0.01298	0.00331	0.00442	0.10186	0.00547	0.00499
49	0.01443	0.01611	0.03395	0.02472	0.03018	0.01569	0.60692	0.01916	0.01432	0.01961	0.01376	0.06271	0.01147	0.00676	0.00875	0.00222	0.07975	0.00795	0.00333	0.00820
50	0.01176	0.00826	0.00887	0.00826	0.01059	0.00832	0.00633	0.03803	0.16313	0.04431	0.14442	0.03831	0.24107	0.01115	0.00636	0.00193	0.00366	0.00930	0.22905	0.00690
51	0.00894	0.00668	0.00993	0.01007	0.01113	0.00767	0.00774	0.01110	0.01037	0.01486	0.01865	0.09378	0.01826	0.04503	0.68344	0.00949	0.01577	0.00783	0.00363	0.00562
52	0.82186	0.01227	0.00932	0.00834	0.01227	0.01423	0.00687	0.01865	0.01080	0.02846	0.00883	0.01031	0.00687	0.00589	0.00393	0.00196	0.00491	0.00344	0.00393	0.00687
53	0.00870	0.00642	0.00814	0.00782	0.00934	0.00585	0.00582	0.01139	0.01713	0.02376	0.60134	0.09372	0.14937	0.01381	0.00752	0.00205	0.00306	0.01213	0.00677	0.00585
54	0.01385	0.08757	0.02311	0.14226	0.06847	0.01413	0.21190	0.06210	0.05710	0.02197	0.18538	0.02370	0.02195	0.00768	0.00668	0.00196	0.00717	0.00738	0.00440	0.03125
55	0.00852	0.00627	0.00798	0.00797	0.00930	0.00573	0.00582	0.01093	0.01625	0.02239	0.49791	0.20684	0.14083	0.01486	0.00762	0.00214	0.00317	0.01314	0.00661	0.00573
56	0.01315	0.01128	0.01315	0.00940	0.01503	0.00846	0.00752	0.01597	0.01315	0.02067	0.01128	0.01315	0.00940	0.00470	0.00470	0.00094	0.00470	0.00376	0.00376	0.81583
57	0.00958	0.00645	0.00839	0.00924	0.01019	0.00624	0.00645	0.01188	0.05582	0.06164	0.03363	0.60740	0.06122	0.02013	0.05651	0.00300	0.00472	0.01576	0.00588	0.00584
58	0.01294	0.00902	0.01061	0.01002	0.01264	0.00913	0.00799	0.01932	0.20095	0.10897	0.10573	0.04482	0.22771	0.01499	0.05252	0.00274	0.00523	0.13103	0.00622	0.00741
59	0.01676	0.38550	0.17744	0.01575	0.08992	0.06447	0.01440	0.06012	0.01473	0.04311	0.01215	0.01588	0.01044	0.00659	0.00529	0.00171	0.00759	0.04615	0.00336	0.00864
60	0.01405	0.21629	0.50094	0.01582	0.02368	0.01740	0.01909	0.02107	0.07887	0.01940	0.01208	0.01354	0.00911	0.00612	0.00558	0.00186	0.00833	0.00460	0.00304	0.00913
61	0.03865	0.01283	0.01319	0.01202	0.02913	0.07868	0.00919	0.16083	0.10333	0.02446	0.04233	0.10940	0.05713	0.01000	0.00796	0.00203	0.10090	0.00773	0.17256	0.00767
62	0.01640	0.61898	0.16420	0.01231	0.01845	0.02302	0.01322	0.04080	0.01351	0.01666	0.00949	0.01093	0.00820	0.00561	0.00450	0.00149	0.00727	0.00370	0.00282	0.00845
63	0.09178	0.21627	0.16655	0.01545	0.02109	0.08140	0.13739	0.02116	0.05751	0.06572	0.01271	0.01464	0.00992	0.00863	0.05174	0.00234	0.00865	0.00507	0.00356	0.00840

[dist]
# distance from previous block
# <min> <max>
0	3

[block]
# block no. 9 follows, 35 sequences, length 20
# corresponding to MSA columns:
# 302-321
name=unknown_J
#
# <colnr> <probs for GDERKNQSTAVLIFYWHMCP>
#	G	D	E	R	K	N	Q	S	T	A	V	L	I	F	Y	W	H	M	C	P
0	0.01102	0.00551	0.00826	0.00826	0.00826	0.00551	0.00551	0.00826	0.00826	0.01102	0.01102	0.01928	0.01102	0.02204	0.02479	0.81543	0.00551	0.00551	0.00275	0.00275
1	0.00921	0.00653	0.00884	0.00884	0.00956	0.00720	0.00629	0.01065	0.00993	0.01409	0.01823	0.03110	0.01857	0.31954	0.45947	0.00841	0.01250	0.00768	0.02839	0.00499
2	0.01923	0.01983	0.01804	0.01844	0.13028	0.27633	0.01260	0.14014	0.14148	0.02240	0.01564	0.07281	0.01343	0.00828	0.00730	0.00196	0.06240	0.00630	0.00448	0.00862
3	0.01128	0.00807	0.01021	0.00895	0.01126	0.00745	0.00684	0.01373	0.01549	0.07339	0.37188	0.09278	0.08887	0.04372	0.00884	0.00208	0.05315	0.00983	0.00588	0.15629
4	0.00880	0.00597	0.00704	0.00746	0.00757	0.00587	0.00443	0.00911	0.01006	0.01341	0.02425	0.24954	0.02844	0.56170	0.02541	0.00513	0.00545	0.01173	0.00443	0.00422
5	0.01324	0.00927	0.00980	0.00925	0.01122	0.06688	0.00697	0.02860	0.06936	0.08892	0.22029	0.13735	0.03149	0.01386	0.06299	0.00256	0.00527	0.00926	0.19665	0.00677
6	0.01571	0.04928	0.04441	0.03947	0.35208	0.01501	0.11652	0.06826	0.07517	0.02212	0.01320	0.01587	0.01056	0.00586	0.00613	0.00179	0.00735	0.00563	0.00371	0.13188
7	0.18563	0.48685	0.09939	0.01148	0.01683	0.07689	0.01141	0.01952	0.01289	0.01833	0.00916	0.01063	0.00787	0.00567	0.00436	0.00157	0.00701	0.00359	0.00301	0.00794
8	0.01075	0.00776	0.00957	0.00976	0.01114	0.00777	0.00725	0.11223	0.01572	0.02107	0.12989	0.38458	0.05482	0.07451	0.00969	0.00271	0.00456	0.11419	0.00595	0.00609
9	0.01643	0.12139	0.02233	0.01878	0.13085	0.03786	0.09070	0.05325	0.24279	0.04243	0.01597	0.01734	0.01260	0.00747	0.00821	0.00202	0.11649	0.00594	0.00439	0.03277
10	0.01493	0.06969	0.02402	0.24491	0.25293	0.06291	0.11704	0.03854	0.01451	0.01899	0.01356	0.01720	0.03681	0.00627	0.00626	0.00191	0.00817	0.00587	0.00326	0.04225
11	0.13178	0.36077	0.27394	0.01487	0.06809	0.01929	0.01519	0.01935	0.01287	0.01905	0.00991	0.01167	0.00805	0.00572	0.00487	0.00170	0.00746	0.00400	0.00291	0.00851
12	0.01481	0.07547	0.12610	0.02580	0.37126	0.07065	0.01617	0.01941	0.06216	0.01959	0.01763	0.07863	0.05967	0.00777	0.00627	0.00193	0.00729	0.00682	0.00367	0.00890
13	0.01366	0.01092	0.01498	0.01285	0.01538	0.05449	0.10965	0.01587	0.01416	0.12193	0.03241	0.18669	0.20004	0.01294	0.00926	0.00231	0.11076	0.04955	0.00520	0.00693
14	0.01166	0.00653	0.00907	0.00868	0.00926	0.00659	0.00605	0.05954	0.01121	0.01518	0.11586	0.02306	0.01806	0.01969	0.02097	0.63953	0.00525	0.00639	0.00362	0.00380
15	0.18886	0.02597	0.43601	0.01778	0.07003	0.07064	0.06526	0.02015	0.01335	0.02161	0.01085	0.01298	0.00803	0.00597	0.00566	0.00197	0.00854	0.00462	0.00306	0.00867
16	0.00984	0.00987	0.00810	0.00786	0.01017	0.11324	0.00590	0.01145	0.01497	0.01690	0.05639	0.05388	0.62984	0.01469	0.00724	0.00207	0.00440	0.01204	0.00551	0.00564
17	0.01098	0.01036	0.00959	0.00980	0.01192	0.11418	0.00785	0.01348	0.03445	0.01778	0.04505	0.05638	0.37594	0.01497	0.00764	0.00233	0.00533	0.24053	0.00551	0.00594
18	0.13200	0.24704	0.38101	0.01410	0.02124	0.01733	0.01641	0.02029	0.01319	0.06837	0.01118	0.01256	0.00841	0.00595	0.00518	0.00181	0.00770	0.00424	0.00322	0.00875
19	0.01628	0.14570	0.18578	0.02304	0.26877	0.05593	0.01671	0.07178	0.11539	0.02155	0.01338	0.01514	0.01055	0.00630	0.00586	0.00185	0.00764	0.00520	0.00367	0.00949

[dist]
# distance from previous block
# <min> <max>
0	3

[block]
# block no. 10 follows, 35 sequences, length 11
# corresponding to MSA columns:
# 325-335
name=unknown_K
#
# <colnr> <probs for GDERKNQSTAVLIFYWHMCP>
#	G	D	E	R	K	N	Q	S	T	A	V	L	I	F	Y	W	H	M	C	P
0	0.00785	0.00622	0.00706	0.00732	0.00890	0.00543	0.00531	0.00962	0.01461	0.01858	0.19212	0.22907	0.43275	0.01636	0.00764	0.00222	0.00328	0.01412	0.00611	0.00543
1	0.00874	0.00658	0.00830	0.00922	0.01064	0.00614	0.00734	0.01083	0.01414	0.01806	0.07615	0.23231	0.25370	0.01742	0.00816	0.00256	0.00439	0.29388	0.00592	0.00554
