[name]
unknown

[dist]
# distance from previous block
# <min> <max>
1	187

[block]
# block no. 0 follows, 34 sequences, length 12
# corresponding to MSA columns:
# 249-260
name=unknown_A
#
# <colnr> <probs for GDERKNQSTAVLIFYWHMCP>
#	G	D	E	R	K	N	Q	S	T	A	V	L	I	F	Y	W	H	M	C	P
0	0.06851	0.07626	0.01739	0.01632	0.12396	0.14921	0.01129	0.08497	0.01656	0.11280	0.01809	0.11889	0.01667	0.00917	0.00628	0.00194	0.00694	0.06009	0.00480	0.07985
1	0.01723	0.16260	0.15338	0.06326	0.08574	0.10097	0.04134	0.04813	0.04986	0.08028	0.01348	0.01601	0.01070	0.04259	0.00703	0.00197	0.00784	0.00515	0.00382	0.08862
2	0.13822	0.06240	0.01562	0.04324	0.11401	0.01258	0.01016	0.09257	0.03460	0.09936	0.14117	0.07030	0.02158	0.00852	0.00603	0.00188	0.00543	0.00705	0.02237	0.09290
3	0.01432	0.04715	0.09430	0.01426	0.01847	0.04608	0.15932	0.01816	0.04383	0.09036	0.08547	0.05429	0.08345	0.11807	0.02805	0.00278	0.00727	0.00813	0.00462	0.06160
4	0.07348	0.01236	0.09726	0.04672	0.01648	0.01009	0.05194	0.04392	0.04540	0.08794	0.26641	0.05382	0.07428	0.04763	0.00807	0.00223	0.00542	0.00873	0.00557	0.04224
5	0.14298	0.03917	0.04470	0.01816	0.14040	0.07932	0.05446	0.13747	0.14531	0.04425	0.01483	0.01592	0.01135	0.00671	0.00588	0.00188	0.00697	0.00542	0.00464	0.08017
6	0.01466	0.04363	0.04463	0.04340	0.06457	0.01155	0.08659	0.12169	0.01772	0.08893	0.16271	0.12413	0.12649	0.01103	0.00710	0.00210	0.00581	0.00976	0.00560	0.00792
7	0.03967	0.10450	0.25214	0.08478	0.09904	0.07767	0.01660	0.09936	0.07524	0.02219	0.01518	0.01803	0.03258	0.00718	0.00610	0.00197	0.00807	0.02686	0.00383	0.00901
8	0.01613	0.42093	0.26229	0.01514	0.02204	0.02097	0.07852	0.06169	0.01453	0.01895	0.01060	0.01238	0.00856	0.00585	0.00525	0.00170	0.00814	0.00440	0.00302	0.00890
9	0.00799	0.00574	0.00776	0.00912	0.00957	0.00550	0.00619	0.00923	0.01219	0.01636	0.03396	0.70156	0.04033	0.02279	0.07501	0.00333	0.00497	0.01733	0.00577	0.00530
10	0.01340	0.01148	0.01340	0.00957	0.01531	0.00861	0.00766	0.01627	0.01340	0.02105	0.01148	0.01340	0.00957	0.00479	0.00479	0.00096	0.00479	0.00383	0.00383	0.81242
11	0.01183	0.01313	0.05836	0.01774	0.02213	0.01135	0.35050	0.01557	0.01452	0.01900	0.03127	0.10639	0.21893	0.03793	0.00857	0.00240	0.00758	0.04117	0.00443	0.00720

[dist]
# distance from previous block
# <min> <max>
3	33

[block]
# block no. 1 follows, 34 sequences, length 34
# corresponding to MSA columns:
# 295-328
name=unknown_B
#
# <colnr> <probs for GDERKNQSTAVLIFYWHMCP>
#	G	D	E	R	K	N	Q	S	T	A	V	L	I	F	Y	W	H	M	C	P
0	0.00963	0.00722	0.00987	0.01034	0.06045	0.00675	0.00706	0.01273	0.01804	0.02557	0.67883	0.04600	0.05740	0.01269	0.00753	0.00202	0.00337	0.01127	0.00684	0.00639
1	0.01503	0.01435	0.02417	0.10808	0.61393	0.01456	0.01860	0.01876	0.01454	0.02040	0.01583	0.01936	0.06064	0.00657	0.00649	0.00196	0.00746	0.00631	0.00336	0.00960
2	0.00944	0.00723	0.01094	0.06277	0.01377	0.00843	0.00868	0.01192	0.01091	0.01559	0.04852	0.02583	0.01761	0.04394	0.66241	0.00943	0.01606	0.00705	0.00358	0.00588
3	0.00898	0.00754	0.00810	0.00913	0.01001	0.05739	0.00628	0.01022	0.01317	0.01660	0.03869	0.60004	0.15265	0.01865	0.00798	0.00248	0.00423	0.01660	0.00581	0.00544
4	0.81856	0.01250	0.00950	0.00850	0.01250	0.01449	0.00700	0.01899	0.01100	0.02899	0.00900	0.01050	0.00700	0.00600	0.00400	0.00200	0.00500	0.00350	0.00400	0.00700
5	0.01837	0.01453	0.01883	0.01638	0.07394	0.03625	0.09555	0.32629	0.02016	0.02715	0.01455	0.01931	0.01213	0.09011	0.01271	0.12566	0.03551	0.00633	0.02796	0.00827
6	0.01499	0.01729	0.14031	0.23982	0.03032	0.01625	0.14555	0.07209	0.03911	0.04691	0.01254	0.01634	0.00958	0.00744	0.00962	0.00226	0.16169	0.00600	0.00351	0.00837
7	0.01391	0.27796	0.19769	0.01239	0.01799	0.01621	0.01288	0.01754	0.01383	0.01908	0.10462	0.01865	0.04048	0.00725	0.00634	0.00166	0.05137	0.00539	0.00363	0.16114
8	0.02693	0.01187	0.01509	0.01168	0.01644	0.01109	0.00961	0.14997	0.02022	0.56071	0.02340	0.02101	0.01516	0.00792	0.00634	0.00195	0.00559	0.00634	0.06804	0.01062
9	0.07419	0.01228	0.02000	0.48457	0.16659	0.01414	0.04098	0.01779	0.01346	0.04150	0.01297	0.01923	0.01039	0.00684	0.00642	0.00213	0.00802	0.03731	0.00334	0.00785
10	0.81856	0.01250	0.00950	0.00850	0.01250	0.01449	0.00700	0.01899	0.01100	0.02899	0.00900	0.01050	0.00700	0.00600	0.00400	0.00200	0.00500	0.00350	0.00400	0.00700
11	0.00787	0.00562	0.00750	0.00900	0.00937	0.00525	0.00600	0.00900	0.01237	0.01649	0.03561	0.76871	0.04274	0.02024	0.00825	0.00262	0.00375	0.01837	0.00600	0.00525
12	0.01122	0.00561	0.00842	0.00842	0.00842	0.00561	0.00561	0.00842	0.00842	0.01122	0.01122	0.01964	0.01122	0.02245	0.02525	0.81201	0.00561	0.00561	0.00281	0.00281
13	0.81856	0.01250	0.00950	0.00850	0.01250	0.01449	0.00700	0.01899	0.01100	0.02899	0.00900	0.01050	0.00700	0.00600	0.00400	0.00200	0.00500	0.00350	0.00400	0.00700
14	0.00830	0.00673	0.00748	0.00773	0.00973	0.00590	0.00609	0.01032	0.01503	0.01848	0.11022	0.06324	0.54084	0.01642	0.00789	0.00233	0.00379	0.14782	0.00608	0.00560
15	0.01576	0.01512	0.02581	0.08290	0.69116	0.01529	0.01972	0.01963	0.01460	0.02083	0.01211	0.01607	0.01014	0.00580	0.00640	0.00193	0.00773	0.00576	0.00318	0.01005
16	0.01431	0.01455	0.01801	0.01576	0.01624	0.08825	0.01286	0.01582	0.01076	0.01541	0.01016	0.01623	0.00994	0.03829	0.11733	0.00383	0.56661	0.00579	0.00299	0.00684
17	0.01607	0.01388	0.01461	0.01315	0.01680	0.01607	0.01023	0.03433	0.72094	0.02703	0.02630	0.02411	0.01972	0.00877	0.00657	0.00219	0.00511	0.00731	0.00657	0.01023
18	0.01220	0.01148	0.01938	0.75739	0.04450	0.01436	0.01794	0.01651	0.01292	0.01651	0.01148	0.01723	0.00861	0.00646	0.00646	0.00215	0.00861	0.00574	0.00287	0.00718
19	0.12884	0.01290	0.02013	0.30739	0.27595	0.01414	0.03279	0.01894	0.01370	0.07102	0.01316	0.04009	0.01059	0.00667	0.00618	0.00205	0.00746	0.00593	0.00362	0.00846
20	0.01340	0.01148	0.01340	0.00957	0.01531	0.00861	0.00766	0.01627	0.01340	0.02105	0.01148	0.01340	0.00957	0.00479	0.00479	0.00096	0.00479	0.00383	0.00383	0.81242
21	0.00914	0.00660	0.00864	0.00813	0.00965	0.00610	0.00610	0.01219	0.01829	0.02591	0.72921	0.04827	0.06097	0.01321	0.00762	0.00203	0.00305	0.01169	0.00711	0.00610
22	0.01727	0.77681	0.03386	0.01106	0.01658	0.02557	0.01106	0.01935	0.01313	0.01520	0.00898	0.01036	0.00829	0.00553	0.00415	0.00138	0.00691	0.00345	0.00276	0.00829
23	0.01713	0.01434	0.01407	0.01306	0.03765	0.13967	0.00974	0.14172	0.08563	0.08626	0.02313	0.12280	0.07084	0.03750	0.10376	0.00326	0.03199	0.00824	0.03126	0.00794
24	0.00936	0.00669	0.00921	0.01070	0.01173	0.00653	0.00859	0.01158	0.01384	0.01816	0.03479	0.35979	0.03947	0.01884	0.00865	0.00283	0.00504	0.41255	0.00597	0.00566
25	0.00914	0.00660	0.00864	0.00813	0.00965	0.00610	0.00610	0.01219	0.01829	0.02591	0.72921	0.04827	0.06097	0.01321	0.00762	0.00203	0.00305	0.01169	0.00711	0.00610
26	0.15456	0.04050	0.01603	0.01223	0.01695	0.01494	0.01008	0.23447	0.11534	0.29033	0.01932	0.01804	0.01325	0.00762	0.00601	0.00199	0.00590	0.00580	0.00651	0.01014
27	0.01914	0.01128	0.01633	0.01312	0.01700	0.01077	0.10268	0.10633	0.04978	0.28072	0.14168	0.10873	0.04868	0.01046	0.00714	0.00214	0.00575	0.03280	0.00661	0.00887
28	0.02899	0.01100	0.01499	0.01150	0.01649	0.00950	0.00950	0.03149	0.01849	0.73709	0.02549	0.02199	0.01599	0.00800	0.00650	0.00200	0.00550	0.00650	0.00800	0.01100
29	0.01628	0.01519	0.02506	0.10576	0.61378	0.01561	0.01908	0.07158	0.01572	0.02215	0.01234	0.01607	0.01014	0.00597	0.00641	0.00194	0.00772	0.00576	0.00341	0.01000
30	0.05836	0.01979	0.07196	0.01511	0.01957	0.23046	0.06240	0.10205	0.08428	0.16956	0.01802	0.02196	0.01416	0.00821	0.00648	0.00202	0.00818	0.07331	0.00518	0.00893
31	0.01056	0.00883	0.00960	0.00992	0.01141	0.06222	0.00698	0.04368	0.01378	0.01814	0.02973	0.58233	0.03452	0.01671	0.00755	0.00231	0.00463	0.01490	0.00555	0.10665
32	0.11493	0.01286	0.01381	0.01139	0.04758	0.04440	0.00854	0.01857	0.06668	0.02226	0.01225	0.01388	0.00999	0.00537	0.00494	0.00126	0.00528	0.00415	0.00400	0.57786
33	0.01964	0.04701	0.01480	0.01077	0.01563	0.01109	0.00878	0.06052	0.10944	0.26279	0.01895	0.01847	0.01361	0.00679	0.00563	0.00158	0.00516	0.00543	0.06631	0.29761

[dist]
# distance from previous block
# <min> <max>
0	51

[block]
# block no. 2 follows, 34 sequences, length 13
# corresponding to MSA columns:
# 380-392
name=unknown_C
#
# <colnr> <probs for GDERKNQSTAVLIFYWHMCP>
#	G	D	E	R	K	N	Q	S	T	A	V	L	I	F	Y	W	H	M	C	P
0	0.01361	0.01340	0.06583	0.01302	0.08365	0.00970	0.00994	0.01690	0.01354	0.02102	0.01156	0.01366	0.00954	0.00497	0.00503	0.00112	0.00539	0.00408	0.00369	0.68036
1	0.01094	0.00961	0.01147	0.06277	0.01412	0.05753	0.03147	0.01295	0.01383	0.01826	0.15505	0.16448	0.11372	0.13766	0.01222	0.00282	0.04745	0.03703	0.00498	0.08163
2	0.01118	0.00698	0.00835	0.00807	0.00997	0.00653	0.00623	0.01422	0.03337	0.07317	0.28455	0.07289	0.16715	0.01267	0.00693	0.00205	0.00359	0.07093	0.19480	0.00636
3	0.01671	0.04372	0.09570	0.08862	0.35137	0.06330	0.01706	0.08403	0.13226	0.02284	0.01442	0.01668	0.01133	0.00658	0.00630	0.00196	0.00770	0.00573	0.00396	0.00973
4	0.00785	0.00570	0.00742	0.00879	0.00932	0.00527	0.00591	0.00902	0.01257	0.01657	0.03811	0.70949	0.10034	0.01992	0.00820	0.00259	0.00371	0.01797	0.00600	0.00527
5	0.01293	0.01335	0.09592	0.01723	0.17223	0.01163	0.01194	0.02040	0.19891	0.02321	0.15822	0.05725	0.09351	0.00971	0.00668	0.00204	0.00538	0.00843	0.07266	0.00837
6	0.00871	0.00659	0.00803	0.00767	0.00939	0.00591	0.00575	0.01135	0.01726	0.02346	0.53722	0.05229	0.25448	0.01412	0.00763	0.00208	0.00311	0.01225	0.00679	0.00591
7	0.02109	0.01741	0.01783	0.01536	0.04715	0.07370	0.01185	0.38410	0.28129	0.03304	0.01890	0.01838	0.01395	0.00796	0.00645	0.00201	0.00675	0.00623	0.00614	0.01041
8	0.01542	0.01334	0.03861	0.15103	0.14938	0.01345	0.06968	0.06557	0.15195	0.07320	0.07235	0.07087	0.01815	0.00821	0.00666	0.00204	0.00667	0.00741	0.00486	0.06117
9	0.03737	0.42380	0.22842	0.01434	0.02086	0.04558	0.05889	0.02087	0.03443	0.04577	0.01115	0.01263	0.00896	0.00593	0.00514	0.00169	0.00790	0.00434	0.00315	0.00877
10	0.74433	0.01235	0.01001	0.00878	0.01287	0.01402	0.00723	0.02017	0.01170	0.09557	0.01055	0.01158	0.00784	0.00619	0.00423	0.00200	0.00505	0.00378	0.00437	0.00737
11	0.00948	0.00637	0.00770	0.00756	0.00904	0.00592	0.00560	0.01216	0.01623	0.02357	0.42436	0.11665	0.12808	0.01302	0.00700	0.00199	0.00314	0.01133	0.18488	0.00592
12	0.05520	0.01524	0.01903	0.01644	0.06083	0.01713	0.05873	0.26302	0.17469	0.09323	0.01747	0.01896	0.01325	0.00841	0.00874	0.00217	0.12100	0.02113	0.00555	0.00974

[dist]
# distance from previous block
# <min> <max>
1	22

[block]
# block no. 3 follows, 34 sequences, length 30
# corresponding to MSA columns:
# 415-444
name=unknown_D
#
# <colnr> <probs for GDERKNQSTAVLIFYWHMCP>
#	G	D	E	R	K	N	Q	S	T	A	V	L	I	F	Y	W	H	M	C	P
0	0.01659	0.08302	0.05977	0.01328	0.04102	0.15556	0.01078	0.12087	0.04000	0.04685	0.04237	0.06536	0.11842	0.02965	0.00720	0.00206	0.00691	0.07163	0.00488	0.06376
1	0.08900	0.01463	0.04673	0.07502	0.01910	0.04590	0.01114	0.21568	0.04388	0.13063	0.05564	0.08078	0.01635	0.00869	0.00701	0.00199	0.04383	0.00682	0.00545	0.08172
2	0.01351	0.01193	0.01693	0.13123	0.25957	0.05568	0.01293	0.03590	0.01489	0.01994	0.16604	0.02587	0.06126	0.01075	0.00965	0.12861	0.00649	0.00733	0.00417	0.00733
3	0.01450	0.01232	0.01445	0.01470	0.09194	0.05388	0.01021	0.13257	0.05660	0.02165	0.02173	0.11213	0.05339	0.12141	0.03353	0.00299	0.07603	0.07624	0.00480	0.07492
4	0.00965	0.00702	0.00945	0.00937	0.00987	0.00787	0.00662	0.01062	0.01004	0.01402	0.01907	0.09564	0.02042	0.31734	0.31670	0.05270	0.06620	0.00870	0.00377	0.00495
5	0.01759	0.01452	0.01504	0.01152	0.01672	0.08080	0.00920	0.13116	0.07354	0.07794	0.01422	0.01507	0.01097	0.00600	0.00542	0.00136	0.00589	0.00466	0.00474	0.48365
6	0.00780	0.00655	0.00677	0.00672	0.00883	0.00552	0.00504	0.00959	0.01511	0.01837	0.13690	0.06068	0.65798	0.01602	0.00763	0.00217	0.00325	0.01343	0.00612	0.00552
7	0.01539	0.44546	0.30306	0.01379	0.02087	0.02049	0.01576	0.01959	0.01334	0.01757	0.01014	0.01180	0.00833	0.00572	0.00495	0.00161	0.00779	0.00398	0.00281	0.05754
8	0.01648	0.01421	0.03408	0.01307	0.01679	0.05219	0.04917	0.10673	0.36617	0.05148	0.09455	0.02538	0.04370	0.00884	0.00653	0.00205	0.00569	0.00742	0.07632	0.00916
9	0.00778	0.00655	0.00675	0.00670	0.00882	0.00552	0.00502	0.00955	0.01507	0.01827	0.12912	0.06085	0.66582	0.01606	0.00763	0.00217	0.00325	0.01345	0.00611	0.00552
10	0.02456	0.01810	0.01939	0.01487	0.02004	0.02004	0.01228	0.71107	0.03038	0.04072	0.01551	0.01551	0.01099	0.00776	0.00646	0.00194	0.00711	0.00582	0.00646	0.01099
11	0.00923	0.00692	0.01038	0.01038	0.01154	0.00808	0.00808	0.01154	0.01038	0.01500	0.01731	0.02538	0.01615	0.04846	0.74732	0.01038	0.01731	0.00692	0.00346	0.00577
12	0.81856	0.01250	0.00950	0.00850	0.01250	0.01449	0.00700	0.01899	0.01100	0.02899	0.00900	0.01050	0.00700	0.00600	0.00400	0.00200	0.00500	0.00350	0.00400	0.00700
13	0.00914	0.00660	0.00864	0.00813	0.00965	0.00610	0.00610	0.01219	0.01829	0.02591	0.72921	0.04827	0.06097	0.01321	0.00762	0.00203	0.00305	0.01169	0.00711	0.00610
14	0.01525	0.01743	0.03813	0.02723	0.03377	0.01634	0.70915	0.02070	0.01525	0.02070	0.01307	0.01743	0.00980	0.00545	0.00763	0.00218	0.01089	0.00763	0.00327	0.00871
15	0.01727	0.77681	0.03386	0.01106	0.01658	0.02557	0.01106	0.01935	0.01313	0.01520	0.00898	0.01036	0.00829	0.00553	0.00415	0.00138	0.00691	0.00345	0.00276	0.00829
16	0.00786	0.00566	0.00746	0.00889	0.00934	0.00526	0.00595	0.00901	0.01247	0.01653	0.03687	0.73893	0.07170	0.02008	0.00822	0.00261	0.00373	0.01817	0.00600	0.00526
17	0.00894	0.00654	0.00839	0.00805	0.00956	0.00599	0.00599	0.01175	0.01763	0.02463	0.63115	0.09242	0.11703	0.01390	0.00766	0.00208	0.00311	0.01225	0.00695	0.00599
18	0.00923	0.00692	0.01038	0.01038	0.01154	0.00808	0.00808	0.01154	0.01038	0.01500	0.01731	0.02538	0.01615	0.04846	0.74732	0.01038	0.01731	0.00692	0.00346	0.00577
19	0.01607	0.01388	0.01461	0.01315	0.01680	0.01607	0.01023	0.03433	0.72094	0.02703	0.02630	0.02411	0.01972	0.00877	0.00657	0.00219	0.00511	0.00731	0.00657	0.01023
20	0.01220	0.01148	0.01938	0.75739	0.04450	0.01436	0.01794	0.01651	0.01292	0.01651	0.01148	0.01723	0.00861	0.00646	0.00646	0.00215	0.00861	0.00574	0.00287	0.00718
21	0.00914	0.00660	0.00864	0.00813	0.00965	0.00610	0.00610	0.01219	0.01829	0.02591	0.72921	0.04827	0.06097	0.01321	0.00762	0.00203	0.00305	0.01169	0.00711	0.00610
22	0.00940	0.00626	0.00705	0.00705	0.00705	0.00626	0.00392	0.00940	0.00940	0.01253	0.02036	0.04228	0.02349	0.77292	0.03289	0.00626	0.00626	0.00940	0.00392	0.00392
23	0.02396	0.01408	0.01599	0.01248	0.01703	0.01468	0.01024	0.39772	0.02418	0.24876	0.01939	0.01880	0.01337	0.00779	0.00617	0.00189	0.00599	0.00605	0.13121	0.01022
24	0.01055	0.00731	0.01003	0.01139	0.01287	0.00731	0.00990	0.01353	0.01476	0.01975	0.03306	0.06862	0.03538	0.01695	0.00854	0.00285	0.00569	0.62941	0.07613	0.00596
25	0.00777	0.00655	0.00673	0.00668	0.00881	0.00551	0.00501	0.00953	0.01504	0.01819	0.12348	0.06097	0.67151	0.01609	0.00764	0.00217	0.00325	0.01347	0.00610	0.00551
26	0.00871	0.00648	0.00811	0.00793	0.00945	0.00588	0.00586	0.01128	0.01694	0.02323	0.52431	0.13395	0.18479	0.01461	0.00770	0.00213	0.00317	0.01282	0.00677	0.00588
27	0.00914	0.00660	0.00864	0.00813	0.00965	0.00610	0.00610	0.01219	0.01829	0.02591	0.72921	0.04827	0.06097	0.01321	0.00762	0.00203	0.00305	0.01169	0.00711	0.00610
28	0.06416	0.01409	0.02153	0.26381	0.26743	0.01554	0.05648	0.08112	0.10983	0.02258	0.01399	0.01719	0.01082	0.00656	0.00637	0.00205	0.00761	0.00594	0.00388	0.00902
29	0.07315	0.43101	0.20013	0.07823	0.02169	0.06501	0.01455	0.01973	0.01340	0.01760	0.00989	0.01184	0.00820	0.00586	0.00492	0.00167	0.00785	0.00402	0.00289	0.00836

[dist]
# distance from previous block
# <min> <max>
0	11

[block]
# block no. 4 follows, 34 sequences, length 38
# corresponding to MSA columns:
# 461-464,471-500,518-521
name=unknown_E
#
# <colnr> <probs for GDERKNQSTAVLIFYWHMCP>
#	G	D	E	R	K	N	Q	S	T	A	V	L	I	F	Y	W	H	M	C	P
0	0.13428	0.01296	0.05998	0.07661	0.07065	0.01191	0.12089	0.04845	0.03433	0.02246	0.08334	0.08209	0.10097	0.00927	0.00655	0.00205	0.00634	0.02990	0.00454	0.08244
1	0.01904	0.01835	0.01681	0.01431	0.01730	0.21687	0.01138	0.17962	0.06090	0.04799	0.04811	0.02080	0.08359	0.00930	0.00970	0.00207	0.17637	0.00639	0.00474	0.03637
2	0.01340	0.01148	0.01340	0.00957	0.01531	0.00861	0.00766	0.01627	0.01340	0.02105	0.01148	0.01340	0.00957	0.00479	0.00479	0.00096	0.00479	0.00383	0.00383	0.81242
3	0.00939	0.00629	0.00715	0.00715	0.00719	0.00632	0.00405	0.00946	0.00943	0.01261	0.02026	0.04174	0.02326	0.74978	0.05571	0.00640	0.00662	0.00932	0.00390	0.00397
4	0.01393	0.05483	0.50513	0.01796	0.04982	0.01415	0.07388	0.02012	0.01462	0.06399	0.09566	0.01841	0.01498	0.00698	0.00638	0.00202	0.00849	0.00589	0.00361	0.00915
5	0.01134	0.00616	0.00666	0.00653	0.00804	0.00604	0.00490	0.01436	0.01470	0.02453	0.19305	0.02996	0.02735	0.00891	0.00527	0.00163	0.00302	0.00740	0.61410	0.00604
6	0.01414	0.01414	0.01979	0.01696	0.01696	0.01979	0.01414	0.01555	0.00990	0.01555	0.00848	0.01414	0.00848	0.01131	0.02120	0.00283	0.76110	0.00565	0.00283	0.00707
7	0.25236	0.01224	0.01395	0.01104	0.01577	0.01214	0.00911	0.10673	0.01775	0.45558	0.01966	0.01798	0.01286	0.00740	0.00579	0.00199	0.00554	0.00557	0.00669	0.00986
8	0.00940	0.00626	0.00705	0.00705	0.00705	0.00626	0.00392	0.00940	0.00940	0.01253	0.02036	0.04228	0.02349	0.77292	0.03289	0.00626	0.00626	0.00940	0.00392	0.00392
9	0.01027	0.00682	0.00896	0.00837	0.01005	0.00626	0.00630	0.01319	0.01801	0.06817	0.65272	0.08222	0.05737	0.01324	0.00758	0.00206	0.00323	0.01170	0.00711	0.00635
10	0.01254	0.00650	0.00655	0.00637	0.00803	0.00658	0.00483	0.04275	0.01422	0.02475	0.02086	0.02375	0.01634	0.00754	0.00459	0.00152	0.00317	0.00601	0.77687	0.00622
11	0.01456	0.30992	0.47701	0.01568	0.02373	0.01893	0.01911	0.02005	0.01345	0.01851	0.01062	0.01242	0.00822	0.00591	0.00540	0.00180	0.00857	0.00428	0.00274	0.00908
12	0.02456	0.01810	0.01939	0.01487	0.02004	0.02004	0.01228	0.71107	0.03038	0.04072	0.01551	0.01551	0.01099	0.00776	0.00646	0.00194	0.00711	0.00582	0.00646	0.01099
13	0.06152	0.01243	0.02036	0.54738	0.20080	0.01459	0.01772	0.01742	0.01322	0.01832	0.01149	0.01654	0.00889	0.00627	0.00630	0.00209	0.00818	0.00561	0.00301	0.00787
14	0.02053	0.07458	0.02065	0.01579	0.01940	0.23786	0.10743	0.02293	0.01562	0.18806	0.01533	0.04620	0.01227	0.01071	0.05798	0.00258	0.11326	0.00610	0.00444	0.00829
15	0.01681	0.01334	0.01961	0.01618	0.01943	0.01470	0.13419	0.15692	0.05964	0.08865	0.01984	0.03093	0.01779	0.01190	0.03408	0.00270	0.15756	0.17224	0.00510	0.00837
16	0.02899	0.01100	0.01499	0.01150	0.01649	0.00950	0.00950	0.03149	0.01849	0.73709	0.02549	0.02199	0.01599	0.00800	0.00650	0.00200	0.00550	0.00650	0.00800	0.01100
17	0.01239	0.01168	0.01972	0.72199	0.07844	0.01440	0.01804	0.01667	0.01301	0.01674	0.01152	0.01717	0.00869	0.00643	0.00646	0.00214	0.00857	0.00574	0.00289	0.00733
18	0.01513	0.01470	0.02740	0.24256	0.30033	0.01515	0.22432	0.01954	0.01449	0.04469	0.01270	0.01699	0.00984	0.00595	0.00678	0.00207	0.00883	0.00634	0.00329	0.00892
19	0.00796	0.00584	0.00750	0.00872	0.00942	0.00538	0.00599	0.00929	0.01298	0.01704	0.06338	0.62228	0.13997	0.01938	0.00816	0.00255	0.00373	0.03906	0.00603	0.00533
20	0.01607	0.01388	0.01461	0.01315	0.01680	0.01607	0.01023	0.03433	0.72094	0.02703	0.02630	0.02411	0.01972	0.00877	0.00657	0.00219	0.00511	0.00731	0.00657	0.01023
21	0.00958	0.00704	0.01003	0.00993	0.01091	0.00813	0.00754	0.01160	0.01042	0.01521	0.01761	0.02712	0.01687	0.13927	0.58674	0.00908	0.04089	0.00715	0.04929	0.00559
22	0.02478	0.01046	0.01346	0.01063	0.01487	0.00953	0.00868	0.07898	0.01851	0.52714	0.05500	0.02303	0.01770	0.00813	0.00619	0.00191	0.00507	0.00659	0.14943	0.00990
23	0.00787	0.00562	0.00750	0.00900	0.00937	0.00525	0.00600	0.00900	0.01237	0.01649	0.03561	0.76871	0.04274	0.02024	0.00825	0.00262	0.00375	0.01837	0.00600	0.00525
24	0.02875	0.01138	0.01523	0.01168	0.01668	0.01006	0.00965	0.06804	0.01913	0.69963	0.02495	0.02164	0.01573	0.00798	0.00650	0.00200	0.00558	0.00646	0.00791	0.01100
25	0.02606	0.01232	0.01513	0.01207	0.01675	0.03046	0.00981	0.05214	0.16426	0.55052	0.02496	0.02197	0.01642	0.00811	0.00650	0.00203	0.00563	0.00658	0.00754	0.01075
26	0.02882	0.01126	0.01516	0.01162	0.01663	0.00989	0.00960	0.05685	0.01894	0.71110	0.02512	0.02175	0.01581	0.00799	0.00650	0.00200	0.00556	0.00647	0.00794	0.01100
27	0.00940	0.00626	0.00705	0.00705	0.00705	0.00626	0.00392	0.00940	0.00940	0.01253	0.02036	0.04228	0.02349	0.77292	0.03289	0.00626	0.00626	0.00940	0.00392	0.00392
28	0.01551	0.04055	0.10131	0.04680	0.03197	0.01624	0.56058	0.02081	0.01497	0.04812	0.01314	0.01696	0.00978	0.00578	0.00763	0.00215	0.02845	0.00709	0.00336	0.00878
29	0.01451	0.33788	0.24770	0.01279	0.01882	0.04130	0.01393	0.04480	0.01444	0.01830	0.02132	0.02194	0.15194	0.00800	0.00561	0.00178	0.00717	0.00601	0.00356	0.00820
30	0.00924	0.00689	0.01024	0.01024	0.01134	0.00800	0.00789	0.01144	0.01034	0.01489	0.01744	0.02613	0.01648	0.08041	0.71581	0.01020	0.01682	0.00703	0.00348	0.00569
31	0.11702	0.01702	0.01798	0.01392	0.01895	0.01876	0.01150	0.58989	0.02741	0.08119	0.01536	0.01532	0.01083	0.00757	0.00618	0.00195	0.00677	0.00559	0.00627	0.01053
32	0.01406	0.01308	0.02317	0.47892	0.18737	0.01464	0.11061	0.01835	0.01383	0.04606	0.01238	0.01718	0.00940	0.00624	0.00660	0.00210	0.00860	0.00603	0.00319	0.00818
33	0.01443	0.01287	0.01817	0.36756	0.07252	0.05293	0.04342	0.08342	0.03632	0.04351	0.06788	0.04143	0.06121	0.00849	0.00721	0.00214	0.03177	0.02276	0.00419	0.00775
34	0.00955	0.00698	0.00881	0.00838	0.00999	0.00654	0.00626	0.04092	0.01792	0.02493	0.57805	0.12298	0.10637	0.01395	0.00764	0.00210	0.00331	0.01228	0.00689	0.00617
35	0.01523	0.01458	0.02486	0.18329	0.59491	0.01515	0.01945	0.01917	0.01435	0.02019	0.01202	0.01624	0.00991	0.00590	0.00641	0.00197	0.00786	0.00575	0.00313	0.00962
36	0.07584	0.02141	0.31409	0.01501	0.02163	0.01383	0.03990	0.13724	0.01747	0.20169	0.01796	0.04882	0.03078	0.00769	0.00631	0.00205	0.00746	0.00618	0.00499	0.00965
37	0.04834	0.04798	0.12220	0.08702	0.02237	0.05177	0.11590	0.07556	0.01631	0.15219	0.06208	0.07474	0.01782	0.02961	0.00743	0.00222	0.00745	0.04569	0.00488	0.00844

[dist]
# distance from previous block
# <min> <max>
2	26

[block]
# block no. 5 follows, 34 sequences, length 23
# corresponding to MSA columns:
# 548-570
name=unknown_F
#
# <colnr> <probs for GDERKNQSTAVLIFYWHMCP>
#	G	D	E	R	K	N	Q	S	T	A	V	L	I	F	Y	W	H	M	C	P
0	0.04914	0.07522	0.01525	0.07791	0.05125	0.01209	0.00999	0.04807	0.10390	0.11243	0.04479	0.06089	0.06501	0.01162	0.02858	0.07338	0.02240	0.04950	0.00499	0.08358
1	0.01599	0.01305	0.02001	0.20136	0.21320	0.01396	0.04379	0.07935	0.01547	0.08857	0.05186	0.01931	0.01348	0.03908	0.00882	0.00218	0.07367	0.00620	0.00412	0.07651
2	0.01603	0.01393	0.02331	0.05008	0.42745	0.01354	0.09190	0.01960	0.01485	0.08794	0.01805	0.02056	0.07406	0.00694	0.00687	0.00193	0.02521	0.00656	0.00394	0.07727
3	0.08494	0.01527	0.08457	0.22837	0.35158	0.01434	0.01740	0.01857	0.01368	0.02048	0.01158	0.01539	0.00926	0.00591	0.00603	0.00191	0.00759	0.00529	0.00320	0.08465
4	0.01096	0.00778	0.00931	0.07849	0.01178	0.00822	0.00603	0.07193	0.01165	0.01549	0.01948	0.05570	0.02147	0.61443	0.02745	0.00540	0.00650	0.00896	0.00409	0.00488
5	0.02712	0.01058	0.01440	0.01118	0.01585	0.00918	0.00918	0.02967	0.01847	0.67008	0.09180	0.02447	0.02023	0.00849	0.00660	0.00200	0.00527	0.00699	0.00791	0.01053
6	0.00783	0.00655	0.00682	0.00675	0.00885	0.00554	0.00506	0.00965	0.01519	0.01856	0.15218	0.06036	0.64258	0.01595	0.00763	0.00216	0.00324	0.01338	0.00615	0.00554
7	0.01690	0.71152	0.09583	0.01170	0.01758	0.02464	0.01218	0.01945	0.01317	0.01566	0.00921	0.01065	0.00828	0.00558	0.00432	0.00144	0.00714	0.00357	0.00276	0.00840
8	0.00787	0.00562	0.00750	0.00900	0.00937	0.00525	0.00600	0.00900	0.01237	0.01649	0.03561	0.76871	0.04274	0.02024	0.00825	0.00262	0.00375	0.01837	0.00600	0.00525
9	0.01220	0.01148	0.01938	0.75739	0.04450	0.01436	0.01794	0.01651	0.01292	0.01651	0.01148	0.01723	0.00861	0.00646	0.00646	0.00215	0.00861	0.00574	0.00287	0.00718
10	0.02003	0.01698	0.01677	0.01411	0.01832	0.08179	0.01121	0.29298	0.39454	0.03129	0.02073	0.01972	0.01537	0.00819	0.00647	0.00205	0.00645	0.00646	0.00625	0.01028
11	0.01340	0.01148	0.01340	0.00957	0.01531	0.00861	0.00766	0.01627	0.01340	0.02105	0.01148	0.01340	0.00957	0.00479	0.00479	0.00096	0.00479	0.00383	0.00383	0.81242
12	0.01418	0.07396	0.63741	0.01786	0.02664	0.07988	0.02217	0.02087	0.01402	0.01977	0.01131	0.01329	0.00820	0.00615	0.00600	0.00198	0.00959	0.00465	0.00278	0.00930
13	0.01364	0.13406	0.61406	0.01778	0.02666	0.01650	0.05069	0.02032	0.01364	0.01976	0.01130	0.01335	0.00827	0.00603	0.00593	0.00196	0.00925	0.00471	0.00276	0.00934
14	0.00928	0.00818	0.01183	0.01239	0.07539	0.00742	0.07735	0.01139	0.01411	0.01788	0.04610	0.25579	0.37856	0.01548	0.00774	0.00231	0.00464	0.03254	0.00548	0.00616
15	0.01783	0.02444	0.36102	0.04503	0.02599	0.07865	0.12820	0.02313	0.01526	0.17730	0.01466	0.01605	0.01019	0.00662	0.00681	0.00205	0.02772	0.00561	0.00403	0.00940
16	0.02404	0.03524	0.11804	0.01389	0.01952	0.01225	0.06455	0.08830	0.04147	0.45968	0.04135	0.02043	0.01520	0.00763	0.00650	0.00201	0.00657	0.00638	0.00656	0.01039
17	0.12346	0.33705	0.22790	0.01240	0.01848	0.01814	0.01347	0.02016	0.01343	0.07380	0.01204	0.01340	0.00940	0.00613	0.00490	0.00171	0.00696	0.00429	0.07439	0.00848
18	0.01041	0.00987	0.07302	0.01083	0.01289	0.00855	0.00912	0.06439	0.01409	0.01901	0.04708	0.27025	0.10761	0.03711	0.15303	0.00410	0.02900	0.10817	0.00514	0.00632
19	0.01638	0.07542	0.11283	0.07824	0.07966	0.07812	0.01311	0.08254	0.13751	0.07675	0.01967	0.13562	0.01745	0.00936	0.00650	0.00207	0.00689	0.02318	0.02001	0.00866
20	0.05851	0.05276	0.11166	0.03710	0.01786	0.01335	0.04027	0.11469	0.15140	0.07230	0.03466	0.11626	0.03887	0.00965	0.00644	0.00209	0.00602	0.03141	0.07619	0.00851
21	0.01444	0.19643	0.22628	0.01530	0.02076	0.01729	0.07703	0.04703	0.01376	0.01900	0.01546	0.01765	0.07229	0.00773	0.00858	0.00196	0.14483	0.00563	0.00334	0.07519
22	0.01819	0.05011	0.17572	0.01403	0.01966	0.01484	0.04187	0.18368	0.13984	0.10556	0.01741	0.01778	0.01267	0.00713	0.00604	0.00187	0.00668	0.00574	0.08092	0.08026

[dist]
# distance from previous block
# <min> <max>
0	6

# created by:
# /home/cegg/simao/soft/augustus-3.2.1/scripts/msa2prfl.pl ./align_prep/EOG090W0J37.fa
