[name]
unknown

[dist]
# distance from previous block
# <min> <max>
0	19

[block]
# block no. 0 follows, 29 sequences, length 13
# corresponding to MSA columns:
# 19-31
name=unknown_A
#
# <colnr> <probs for GDERKNQSTAVLIFYWHMCP>
#	G	D	E	R	K	N	Q	S	T	A	V	L	I	F	Y	W	H	M	C	P
0	0.01147	0.00820	0.01147	0.01311	0.01475	0.00820	0.01147	0.01475	0.01639	0.02131	0.03770	0.08032	0.04098	0.01967	0.00984	0.00328	0.00656	0.65741	0.00656	0.00656
1	0.02359	0.00998	0.01359	0.01143	0.01490	0.00900	0.00887	0.02518	0.03634	0.42485	0.02645	0.09455	0.03919	0.01449	0.01268	0.20465	0.00582	0.00843	0.00703	0.00899
2	0.07607	0.43974	0.02598	0.01127	0.01607	0.08623	0.01026	0.01911	0.01527	0.01860	0.02593	0.02618	0.18649	0.00930	0.00571	0.00183	0.00692	0.00676	0.00412	0.00815
3	0.01807	0.01502	0.01852	0.01351	0.01975	0.01336	0.06048	0.18817	0.01971	0.02872	0.01392	0.01570	0.01097	0.00617	0.00598	0.00143	0.00644	0.00510	0.00492	0.53409
4	0.02129	0.01569	0.02573	0.03576	0.52945	0.01527	0.01894	0.02514	0.01728	0.19911	0.01716	0.01932	0.01290	0.00698	0.00708	0.00214	0.00784	0.00655	0.00488	0.01149
5	0.01008	0.00697	0.00918	0.00961	0.01031	0.00734	0.00667	0.01160	0.01195	0.01691	0.02554	0.21691	0.02772	0.24720	0.28310	0.00718	0.01047	0.01159	0.06406	0.00563
6	0.01892	0.01497	0.10523	0.01714	0.08579	0.01139	0.09563	0.02271	0.01778	0.24769	0.08105	0.03516	0.19381	0.01073	0.00766	0.00228	0.00678	0.00941	0.00629	0.00959
7	0.04477	0.22878	0.02252	0.01367	0.01850	0.26800	0.01123	0.02224	0.01623	0.01901	0.01181	0.01472	0.01042	0.03592	0.03339	0.00211	0.00921	0.00458	0.00369	0.20920
8	0.00911	0.00638	0.00814	0.00936	0.00967	0.00607	0.00602	0.01003	0.01279	0.01706	0.03494	0.56632	0.04167	0.20850	0.01604	0.00392	0.00484	0.01771	0.00602	0.00541
9	0.01305	0.01126	0.01329	0.05980	0.01725	0.00904	0.00845	0.01597	0.01510	0.02184	0.02788	0.02882	0.18757	0.00867	0.00621	0.00149	0.00514	0.00713	0.00476	0.53728
10	0.46288	0.01122	0.01054	0.01033	0.01336	0.01258	0.00844	0.01771	0.01299	0.02632	0.01892	0.03378	0.01874	0.08522	0.06250	0.00362	0.00693	0.17205	0.00490	0.00699
11	0.01080	0.00960	0.01287	0.01682	0.18776	0.00878	0.00973	0.01317	0.01598	0.02016	0.05392	0.12084	0.46225	0.01545	0.00813	0.00238	0.00490	0.01331	0.00582	0.00734
12	0.02969	0.01217	0.01618	0.01261	0.01780	0.01088	0.01034	0.05462	0.04796	0.61359	0.07450	0.02610	0.02105	0.00924	0.00725	0.00221	0.00591	0.00757	0.00863	0.01171

[dist]
# distance from previous block
# <min> <max>
0	34

[block]
# block no. 1 follows, 29 sequences, length 15
# corresponding to MSA columns:
# 66-70,75-84
name=unknown_B
#
# <colnr> <probs for GDERKNQSTAVLIFYWHMCP>
#	G	D	E	R	K	N	Q	S	T	A	V	L	I	F	Y	W	H	M	C	P
0	0.01262	0.01136	0.01799	0.06601	0.01942	0.01362	0.07901	0.01543	0.01216	0.01767	0.01544	0.02282	0.01409	0.03320	0.39563	0.00740	0.20038	0.00714	0.00358	0.03500
1	0.07413	0.70182	0.03542	0.01199	0.01796	0.02731	0.01187	0.02129	0.01430	0.01782	0.00990	0.01143	0.00904	0.00613	0.00456	0.00157	0.00747	0.00381	0.00314	0.00904
2	0.01600	0.02481	0.25534	0.02692	0.03518	0.01754	0.47177	0.02273	0.01624	0.02273	0.01389	0.01788	0.01024	0.00624	0.00788	0.00235	0.01153	0.00740	0.00341	0.00990
3	0.01514	0.01269	0.01639	0.03443	0.11102	0.01041	0.01047	0.01840	0.01530	0.04324	0.04464	0.05061	0.01498	0.00676	0.00593	0.00140	0.00571	0.00576	0.00450	0.57221
4	0.01904	0.75404	0.03731	0.01218	0.01828	0.02818	0.01218	0.02132	0.01447	0.01675	0.00990	0.01142	0.00914	0.00609	0.00457	0.00152	0.00761	0.00381	0.00305	0.00914
5	0.01011	0.00725	0.00928	0.00877	0.01049	0.00668	0.00658	0.01338	0.01974	0.02796	0.64093	0.05301	0.10028	0.01451	0.00827	0.00223	0.00337	0.01276	0.03772	0.00668
6	0.01018	0.00759	0.01124	0.01124	0.01244	0.00879	0.00865	0.01259	0.01138	0.01638	0.01926	0.02899	0.01824	0.09152	0.68403	0.01120	0.01841	0.00778	0.00384	0.00625
7	0.01428	0.03683	0.71286	0.02030	0.03082	0.01654	0.02631	0.02255	0.01503	0.02255	0.01278	0.01503	0.00902	0.00677	0.00677	0.00226	0.01052	0.00526	0.00301	0.01052
8	0.01968	0.01559	0.01670	0.01458	0.01888	0.01770	0.01146	0.10776	0.57576	0.07690	0.02763	0.02538	0.02041	0.00948	0.00723	0.00237	0.00590	0.00781	0.00734	0.01142
9	0.11948	0.16477	0.05704	0.01525	0.06720	0.07784	0.01226	0.08889	0.07333	0.06171	0.01429	0.01546	0.01122	0.00681	0.00577	0.00178	0.00724	0.00502	0.00463	0.19000
10	0.01825	0.62534	0.08000	0.01255	0.01896	0.02536	0.01272	0.02103	0.01454	0.01784	0.01039	0.01203	0.00928	0.00605	0.00479	0.00152	0.00755	0.00395	0.00317	0.09466
11	0.01330	0.15347	0.03772	0.01337	0.01630	0.05603	0.07680	0.01662	0.05230	0.01970	0.06741	0.38638	0.03262	0.01507	0.00779	0.00243	0.00634	0.01343	0.00546	0.00745
12	0.04306	0.01219	0.01355	0.01054	0.01558	0.03405	0.00822	0.01708	0.01533	0.02338	0.09032	0.09497	0.02038	0.00818	0.00602	0.00145	0.00522	0.00683	0.00485	0.56880
13	0.01750	0.03244	0.56723	0.01907	0.02856	0.01644	0.02329	0.09037	0.01748	0.09972	0.01488	0.01624	0.01027	0.00717	0.00684	0.00224	0.00977	0.00558	0.00405	0.01086
14	0.12882	0.09611	0.02050	0.01403	0.01954	0.01731	0.04341	0.25278	0.02230	0.19809	0.01809	0.03727	0.01329	0.00804	0.00644	0.00203	0.00693	0.00624	0.00628	0.08253

[dist]
# distance from previous block
# <min> <max>
0	2

[block]
# block no. 2 follows, 29 sequences, length 10
# corresponding to MSA columns:
# 87-93,98-100
name=unknown_C
#
# <colnr> <probs for GDERKNQSTAVLIFYWHMCP>
#	G	D	E	R	K	N	Q	S	T	A	V	L	I	F	Y	W	H	M	C	P
0	0.01792	0.07542	0.04726	0.01332	0.01728	0.14892	0.01074	0.04281	0.20495	0.05163	0.02459	0.06065	0.07200	0.09593	0.01023	0.00263	0.00734	0.00789	0.00540	0.08309
1	0.01890	0.07676	0.06565	0.12006	0.05540	0.01801	0.15261	0.17997	0.08191	0.04720	0.01798	0.01999	0.03685	0.00762	0.00707	0.00213	0.00849	0.00685	0.00494	0.07160
2	0.05362	0.39264	0.18824	0.01368	0.02014	0.02058	0.01450	0.02016	0.01456	0.01977	0.01424	0.06597	0.01337	0.00799	0.00571	0.00186	0.00768	0.03842	0.00363	0.08326
3	0.01089	0.01020	0.06883	0.01139	0.01323	0.00942	0.00930	0.01403	0.04103	0.01692	0.01982	0.03151	0.01927	0.22217	0.45956	0.00915	0.01473	0.00813	0.00402	0.00640
4	0.01373	0.04775	0.08010	0.01211	0.01603	0.01197	0.01061	0.07308	0.06865	0.02281	0.04727	0.02732	0.07925	0.02482	0.26054	0.00527	0.01071	0.00741	0.04451	0.13607
5	0.01458	0.08240	0.66994	0.01978	0.03002	0.01728	0.02541	0.02247	0.01500	0.02218	0.01260	0.01480	0.00903	0.00672	0.00663	0.00221	0.01034	0.00517	0.00301	0.01044
6	0.01673	0.25358	0.45322	0.01752	0.02632	0.02051	0.02101	0.07386	0.01631	0.02254	0.01224	0.01410	0.00930	0.00670	0.00613	0.00202	0.00943	0.00491	0.00334	0.01023
7	0.01495	0.13693	0.61858	0.01916	0.02907	0.01816	0.02434	0.02238	0.01495	0.02174	0.01238	0.01453	0.00904	0.00667	0.00646	0.00215	0.01012	0.00506	0.00301	0.01033
8	0.09242	0.02061	0.01743	0.01447	0.01935	0.21242	0.01137	0.15660	0.13960	0.02786	0.01572	0.01649	0.01220	0.00740	0.00623	0.00183	0.00798	0.00540	0.00520	0.20943
9	0.01772	0.29418	0.32937	0.01640	0.02399	0.08469	0.01834	0.06282	0.01667	0.02164	0.04413	0.01544	0.01199	0.00705	0.00604	0.00194	0.00918	0.00510	0.00356	0.00973

[dist]
# distance from previous block
# <min> <max>
0	2

[block]
# block no. 3 follows, 29 sequences, length 21
# corresponding to MSA columns:
# 103-123
name=unknown_D
#
# <colnr> <probs for GDERKNQSTAVLIFYWHMCP>
#	G	D	E	R	K	N	Q	S	T	A	V	L	I	F	Y	W	H	M	C	P
0	0.04651	0.01429	0.01597	0.01268	0.01721	0.01472	0.01024	0.31695	0.02438	0.16363	0.06795	0.02503	0.04577	0.03972	0.00801	0.00224	0.00621	0.00732	0.10385	0.05732
1	0.00870	0.00722	0.00761	0.00751	0.00979	0.00613	0.00564	0.01077	0.01691	0.02084	0.18080	0.06588	0.59277	0.01743	0.00841	0.00238	0.00356	0.01466	0.00682	0.00613
2	0.01487	0.10897	0.61722	0.01986	0.02980	0.01778	0.05118	0.02244	0.01505	0.02197	0.01255	0.01483	0.00910	0.00667	0.00661	0.00219	0.01029	0.00524	0.00303	0.01035
3	0.01526	0.01489	0.02617	0.40384	0.25953	0.01664	0.09542	0.01987	0.01505	0.02033	0.01298	0.01845	0.01022	0.00693	0.00782	0.00232	0.03520	0.00657	0.00333	0.00919
4	0.00977	0.00741	0.00924	0.00999	0.01148	0.00685	0.00735	0.01233	0.03881	0.02028	0.09405	0.41096	0.16427	0.01921	0.00875	0.00269	0.00443	0.10721	0.00659	0.04831
5	0.01623	0.01659	0.02254	0.02111	0.08652	0.06745	0.04158	0.01831	0.01231	0.01794	0.01066	0.01651	0.01011	0.01381	0.06343	0.00342	0.54379	0.00630	0.00326	0.00814
6	0.00904	0.00740	0.00802	0.00827	0.01028	0.00659	0.00604	0.01172	0.04948	0.02011	0.10199	0.21185	0.48741	0.01833	0.00850	0.00250	0.00381	0.01568	0.00672	0.00627
7	0.02621	0.09231	0.02264	0.01638	0.02171	0.16186	0.01345	0.48895	0.02903	0.03675	0.01520	0.01571	0.01124	0.00807	0.00674	0.00202	0.00881	0.00580	0.00605	0.01106
8	0.01993	0.01155	0.01415	0.01145	0.01597	0.01047	0.00911	0.02576	0.13146	0.26265	0.16114	0.03055	0.06315	0.00976	0.00705	0.00199	0.00514	0.00818	0.00716	0.19340
9	0.04049	0.04454	0.02271	0.04218	0.13622	0.08001	0.06677	0.18878	0.21991	0.05659	0.01910	0.01977	0.01437	0.00804	0.00703	0.00220	0.00797	0.00675	0.00572	0.01085
10	0.01791	0.29935	0.28742	0.01724	0.05962	0.05573	0.01775	0.04956	0.01646	0.05187	0.05446	0.01653	0.01324	0.00716	0.00608	0.00195	0.00870	0.00534	0.00380	0.00984
11	0.03075	0.01403	0.01771	0.01358	0.01913	0.01331	0.01122	0.19288	0.02358	0.54756	0.02540	0.02249	0.01628	0.00875	0.00715	0.00219	0.00649	0.00698	0.00840	0.01212
12	0.01108	0.00845	0.01077	0.01028	0.01063	0.00967	0.00713	0.01194	0.01088	0.01511	0.02133	0.03840	0.04458	0.45731	0.18142	0.00713	0.12518	0.00927	0.00409	0.00537
13	0.08305	0.02336	0.02128	0.02127	0.13683	0.29333	0.04750	0.17639	0.02141	0.02628	0.01678	0.03935	0.04572	0.00830	0.00681	0.00207	0.00961	0.00643	0.00473	0.00950
14	0.01667	0.01633	0.02694	0.23541	0.43746	0.03815	0.06157	0.02156	0.03604	0.02182	0.01364	0.01823	0.01099	0.00667	0.00714	0.00221	0.00902	0.00647	0.00354	0.01013
15	0.01034	0.00695	0.00801	0.00801	0.00810	0.00704	0.00462	0.01051	0.01043	0.01399	0.02221	0.04534	0.02534	0.70289	0.08236	0.00721	0.00772	0.01017	0.00428	0.00445
16	0.01777	0.01648	0.02710	0.17534	0.48125	0.01728	0.04385	0.09053	0.01766	0.02453	0.01367	0.01789	0.01100	0.00672	0.00712	0.00218	0.00872	0.00642	0.00384	0.01065
17	0.57449	0.12330	0.01585	0.01109	0.01545	0.08423	0.00932	0.02150	0.01316	0.02763	0.00999	0.01187	0.00814	0.00690	0.00557	0.00212	0.04331	0.00404	0.00407	0.00797
18	0.02033	0.01646	0.02661	0.03735	0.55889	0.01639	0.01965	0.07176	0.01806	0.12144	0.01573	0.01852	0.01223	0.00685	0.00707	0.00213	0.00808	0.00646	0.00453	0.01146
19	0.01480	0.01279	0.01690	0.16848	0.02310	0.02817	0.04076	0.08589	0.11602	0.02176	0.02177	0.02891	0.06222	0.15103	0.09654	0.00430	0.08578	0.00812	0.00471	0.00793
20	0.00899	0.00646	0.00841	0.00953	0.01022	0.00601	0.00646	0.01056	0.01471	0.01980	0.15453	0.56138	0.07784	0.05689	0.01029	0.00296	0.00411	0.01825	0.00671	0.00588

[dist]
# distance from previous block
# <min> <max>
0	2

[block]
# block no. 4 follows, 29 sequences, length 13
# corresponding to MSA columns:
# 126-138
name=unknown_E
#
# <colnr> <probs for GDERKNQSTAVLIFYWHMCP>
#	G	D	E	R	K	N	Q	S	T	A	V	L	I	F	Y	W	H	M	C	P
0	0.13901	0.03846	0.11494	0.01450	0.01989	0.08757	0.01306	0.14234	0.14456	0.13478	0.04779	0.02113	0.03444	0.00857	0.00664	0.00219	0.00739	0.00653	0.00598	0.01022
1	0.32105	0.04748	0.07783	0.02194	0.21955	0.08668	0.01465	0.05283	0.05213	0.02706	0.01264	0.01481	0.01002	0.00685	0.00586	0.00213	0.00771	0.00512	0.00418	0.00949
2	0.15455	0.10597	0.07971	0.01743	0.09005	0.17286	0.01362	0.09659	0.05227	0.06170	0.01372	0.01508	0.01065	0.00706	0.00601	0.00194	0.00837	0.00509	0.00454	0.08281
3	0.00987	0.00722	0.00926	0.00885	0.01054	0.00661	0.00660	0.01300	0.01952	0.02727	0.61685	0.08664	0.12072	0.01522	0.00843	0.00228	0.00342	0.01340	0.00768	0.00661
4	0.01904	0.75404	0.03731	0.01218	0.01828	0.02818	0.01218	0.02132	0.01447	0.01675	0.00990	0.01142	0.00914	0.00609	0.00457	0.00152	0.00761	0.00381	0.00305	0.00914
5	0.01036	0.00690	0.00777	0.00777	0.00777	0.00690	0.00431	0.01036	0.01036	0.01381	0.02244	0.04660	0.02589	0.74975	0.03624	0.00690	0.00690	0.01036	0.00431	0.00431
6	0.02639	0.01961	0.02099	0.01625	0.02182	0.02177	0.01337	0.63492	0.08126	0.04378	0.01796	0.01778	0.01281	0.00863	0.00713	0.00216	0.00768	0.00653	0.00713	0.01205
7	0.01922	0.62836	0.09994	0.01328	0.01976	0.02659	0.01363	0.07347	0.01602	0.01952	0.01074	0.01221	0.00936	0.00635	0.00498	0.00164	0.00791	0.00415	0.00336	0.00950
8	0.03852	0.01448	0.02102	0.47112	0.12723	0.04469	0.01787	0.07132	0.04393	0.02219	0.01415	0.01889	0.01081	0.00729	0.00690	0.00226	0.00878	0.00628	0.04350	0.00876
9	0.00881	0.00695	0.00806	0.00847	0.01013	0.00620	0.00613	0.01071	0.01575	0.02005	0.14549	0.26036	0.38843	0.02073	0.04761	0.00302	0.00457	0.01584	0.00663	0.00606
10	0.24272	0.01757	0.01805	0.05481	0.05683	0.04631	0.01237	0.36807	0.02407	0.03634	0.01541	0.04878	0.01217	0.00839	0.00642	0.00219	0.00733	0.00624	0.00579	0.01016
11	0.01539	0.01445	0.02259	0.36836	0.26655	0.03828	0.01870	0.04610	0.01576	0.02093	0.01525	0.07339	0.01330	0.00952	0.02965	0.00258	0.00908	0.00737	0.00375	0.00903
12	0.04583	0.01497	0.02269	0.28709	0.31382	0.04773	0.01836	0.02034	0.03620	0.02161	0.05008	0.02038	0.01403	0.00976	0.04558	0.00272	0.00914	0.00663	0.00379	0.00927

[dist]
# distance from previous block
# <min> <max>
4	12

[block]
# block no. 5 follows, 29 sequences, length 39
# corresponding to MSA columns:
# 158-196
name=unknown_F
#
# <colnr> <probs for GDERKNQSTAVLIFYWHMCP>
#	G	D	E	R	K	N	Q	S	T	A	V	L	I	F	Y	W	H	M	C	P
0	0.01198	0.00735	0.01115	0.01241	0.06389	0.00760	0.00796	0.01108	0.01062	0.01456	0.01607	0.07344	0.01627	0.05108	0.17649	0.48316	0.00905	0.00761	0.00356	0.00466
1	0.01446	0.06549	0.63812	0.02000	0.02995	0.01680	0.05030	0.02224	0.01523	0.02249	0.03276	0.01615	0.01079	0.00693	0.00678	0.00223	0.01025	0.00554	0.00317	0.01032
2	0.00872	0.00644	0.00816	0.00939	0.01023	0.00588	0.00641	0.01019	0.01449	0.01902	0.08727	0.58573	0.15982	0.02109	0.00893	0.00277	0.00399	0.01888	0.00669	0.00588
3	0.01985	0.01039	0.01361	0.01128	0.01519	0.00928	0.00906	0.04235	0.01899	0.29232	0.23097	0.03494	0.03290	0.01411	0.06267	0.00282	0.00621	0.04485	0.00730	0.12090
4	0.54558	0.01269	0.01138	0.00975	0.01416	0.01374	0.00798	0.02297	0.01406	0.15862	0.01479	0.01559	0.01075	0.00714	0.00502	0.00210	0.00538	0.00477	0.08483	0.03868
5	0.01487	0.04712	0.38599	0.07551	0.04993	0.01602	0.10816	0.03908	0.01577	0.02267	0.03494	0.03550	0.01313	0.00773	0.00750	0.00224	0.02905	0.02580	0.00365	0.06537
6	0.73965	0.07102	0.01254	0.00958	0.01412	0.01692	0.00806	0.02096	0.01230	0.03077	0.00991	0.01156	0.00782	0.00657	0.00442	0.00215	0.00567	0.00385	0.00430	0.00782
7	0.01520	0.17485	0.58285	0.01873	0.02841	0.01878	0.02359	0.02231	0.01492	0.02143	0.01222	0.01434	0.00904	0.00664	0.00634	0.00211	0.00996	0.00498	0.00301	0.01026
8	0.01728	0.07344	0.02480	0.05863	0.40655	0.05007	0.01734	0.02324	0.10806	0.02296	0.01796	0.02163	0.03973	0.00759	0.00686	0.00207	0.00780	0.02394	0.00424	0.06581
9	0.01428	0.03683	0.71286	0.02030	0.03082	0.01654	0.02631	0.02255	0.01503	0.02255	0.01278	0.01503	0.00902	0.00677	0.00677	0.00226	0.01052	0.00526	0.00301	0.01052
10	0.01858	0.01539	0.01634	0.01451	0.01866	0.01765	0.01134	0.06484	0.64243	0.05299	0.02845	0.02609	0.02119	0.00959	0.00724	0.00240	0.00574	0.00795	0.00729	0.01133
11	0.01446	0.01224	0.01406	0.01050	0.01613	0.00978	0.00835	0.03934	0.04408	0.02399	0.04649	0.02232	0.08385	0.00723	0.00586	0.00133	0.00513	0.00589	0.00483	0.62416
12	0.00917	0.00681	0.00844	0.00892	0.01016	0.00620	0.00628	0.01117	0.01620	0.02165	0.26609	0.33850	0.19123	0.05332	0.01000	0.00276	0.00389	0.01622	0.00691	0.00607
13	0.01641	0.02199	0.14784	0.02848	0.03621	0.01778	0.57644	0.02277	0.01653	0.02277	0.01415	0.01855	0.01052	0.00612	0.00814	0.00238	0.01177	0.00791	0.00351	0.00975
14	0.01628	0.01555	0.02647	0.26557	0.49398	0.01656	0.02118	0.02067	0.01558	0.02163	0.01316	0.01806	0.01070	0.00659	0.00707	0.00220	0.00879	0.00634	0.00341	0.01019
15	0.01099	0.00722	0.00968	0.00978	0.01104	0.00796	0.00739	0.01354	0.01252	0.01937	0.02163	0.07041	0.02007	0.07543	0.43735	0.00789	0.01302	0.00822	0.23020	0.00630
16	0.01719	0.02202	0.11492	0.11041	0.03248	0.12991	0.31881	0.02201	0.01610	0.02060	0.01400	0.04785	0.01155	0.00777	0.00923	0.00238	0.08280	0.00744	0.00356	0.00896
17	0.01345	0.01266	0.02136	0.73264	0.04904	0.01582	0.01978	0.01819	0.01424	0.01819	0.01266	0.01898	0.00949	0.00712	0.00712	0.00237	0.00949	0.00633	0.00316	0.00791
18	0.00868	0.00620	0.00826	0.00991	0.01033	0.00578	0.00661	0.00991	0.01363	0.01818	0.03925	0.74510	0.04710	0.02231	0.00909	0.00289	0.00413	0.02024	0.00661	0.00578
19	0.01709	0.01862	0.03551	0.11183	0.19796	0.05085	0.41603	0.02233	0.01654	0.02214	0.01381	0.01850	0.01069	0.00627	0.00784	0.00230	0.01091	0.00750	0.00354	0.00975
20	0.01372	0.00874	0.01101	0.00975	0.01190	0.00885	0.05809	0.05831	0.01576	0.02506	0.02586	0.06191	0.07103	0.05341	0.00886	0.02593	0.02536	0.00821	0.49132	0.00692
21	0.01428	0.03683	0.71286	0.02030	0.03082	0.01654	0.02631	0.02255	0.01503	0.02255	0.01278	0.01503	0.00902	0.00677	0.00677	0.00226	0.01052	0.00526	0.00301	0.01052
22	0.01041	0.00752	0.00961	0.01053	0.01183	0.00726	0.00829	0.01259	0.01509	0.01959	0.08115	0.13525	0.14304	0.16928	0.01487	0.00378	0.00573	0.32204	0.00619	0.00595
23	0.02184	0.02306	0.02389	0.02833	0.30065	0.26193	0.01709	0.11255	0.04266	0.02388	0.01328	0.01604	0.01087	0.00757	0.00811	0.00211	0.06612	0.00579	0.00415	0.01007
24	0.01541	0.03525	0.66825	0.01981	0.03001	0.01615	0.02529	0.02333	0.01538	0.06660	0.01376	0.01562	0.00957	0.00690	0.00679	0.00225	0.01024	0.00538	0.00338	0.01063
25	0.00873	0.00622	0.00825	0.00984	0.01024	0.00582	0.00653	0.00993	0.01352	0.01803	0.03869	0.72178	0.04639	0.04660	0.01000	0.00303	0.00422	0.01991	0.00653	0.00573
26	0.01009	0.00728	0.00941	0.01045	0.01162	0.00720	0.00779	0.01294	0.04521	0.02004	0.05620	0.39472	0.09120	0.02293	0.08081	0.00367	0.00606	0.13952	0.05652	0.00634
27	0.01603	0.15782	0.54561	0.01878	0.02802	0.07249	0.02296	0.02279	0.01533	0.02118	0.01216	0.01426	0.00905	0.00670	0.00637	0.00210	0.01021	0.00496	0.00306	0.01012
28	0.01517	0.12440	0.55069	0.02041	0.02999	0.01816	0.10025	0.02243	0.01517	0.02186	0.01261	0.01507	0.00924	0.00659	0.00668	0.00218	0.01033	0.00544	0.00308	0.01024
29	0.00998	0.00772	0.00916	0.00881	0.01081	0.00716	0.00659	0.01383	0.06169	0.02523	0.43062	0.08770	0.26301	0.01569	0.00836	0.00233	0.00362	0.01358	0.00736	0.00675
30	0.02542	0.02381	0.07311	0.01621	0.02119	0.27829	0.01350	0.12106	0.13894	0.18812	0.01917	0.01870	0.01376	0.00821	0.00686	0.00210	0.00910	0.00611	0.00594	0.01041
31	0.07241	0.09902	0.11620	0.01929	0.07895	0.07177	0.10232	0.09440	0.04122	0.19007	0.01699	0.01784	0.01220	0.00752	0.00720	0.00215	0.02858	0.00616	0.00524	0.01046
32	0.01479	0.00981	0.01395	0.01351	0.04355	0.00932	0.05606	0.07023	0.01745	0.12504	0.09363	0.36198	0.08682	0.01626	0.00842	0.00258	0.00543	0.03654	0.00674	0.00787
33	0.01663	0.02036	0.13227	0.06202	0.33650	0.01735	0.24001	0.02197	0.01598	0.02260	0.01347	0.01775	0.01066	0.00653	0.00802	0.00227	0.03493	0.00686	0.00345	0.01036
34	0.01968	0.09500	0.23939	0.01815	0.04563	0.23732	0.03570	0.05025	0.04664	0.04928	0.08181	0.01893	0.01597	0.00789	0.00672	0.00205	0.00976	0.00603	0.00430	0.00946
35	0.01898	0.24175	0.12078	0.02166	0.17754	0.11618	0.01623	0.07405	0.05624	0.02215	0.01478	0.06184	0.01301	0.00785	0.00633	0.00199	0.00860	0.00619	0.00402	0.00983
36	0.05559	0.01443	0.04531	0.15554	0.12012	0.01404	0.01416	0.07856	0.07698	0.19476	0.08133	0.02291	0.01829	0.00827	0.00697	0.00215	0.00700	0.00698	0.00584	0.07077
37	0.07520	0.06709	0.08260	0.02829	0.33716	0.08083	0.01755	0.12011	0.04470	0.02617	0.01626	0.01854	0.03995	0.00741	0.00670	0.00210	0.00836	0.00619	0.00433	0.01045
38	0.09776	0.19558	0.20417	0.04429	0.08061	0.01669	0.01514	0.01981	0.01511	0.05409	0.03827	0.06642	0.10618	0.00929	0.00645	0.00212	0.00739	0.00738	0.00430	0.00896

[dist]
# distance from previous block
# <min> <max>
1	10

[block]
# block no. 6 follows, 29 sequences, length 25
# corresponding to MSA columns:
# 207-231
name=unknown_G
#
# <colnr> <probs for GDERKNQSTAVLIFYWHMCP>
#	G	D	E	R	K	N	Q	S	T	A	V	L	I	F	Y	W	H	M	C	P
0	0.05715	0.01990	0.09805	0.01529	0.02055	0.09102	0.01363	0.30319	0.02420	0.11735	0.02300	0.02796	0.05944	0.01011	0.00730	0.00228	0.00793	0.08509	0.00627	0.01027
1	0.01373	0.05642	0.01305	0.01067	0.01302	0.01048	0.00839	0.04484	0.04016	0.06433	0.15808	0.07613	0.02866	0.04291	0.21560	0.00492	0.02988	0.00892	0.11918	0.04064
2	0.06583	0.08592	0.16888	0.01461	0.04847	0.02658	0.01325	0.07989	0.06017	0.06236	0.10706	0.10327	0.06631	0.05600	0.00886	0.00253	0.00687	0.00891	0.00538	0.00885
3	0.01951	0.09341	0.08564	0.03885	0.08927	0.01341	0.01271	0.02423	0.06519	0.21764	0.10094	0.05555	0.04105	0.00916	0.00687	0.00205	0.00642	0.00767	0.00598	0.10446
4	0.01190	0.00934	0.01058	0.01064	0.01245	0.03598	0.00797	0.08309	0.01816	0.02384	0.19296	0.31149	0.14256	0.01758	0.00860	0.00259	0.00486	0.08170	0.00683	0.00688
5	0.04855	0.01026	0.01226	0.01069	0.01396	0.00986	0.00847	0.07986	0.04364	0.20787	0.18564	0.04286	0.14492	0.05419	0.00930	0.00257	0.00513	0.06069	0.04071	0.00857
6	0.04251	0.03713	0.04968	0.01937	0.11510	0.01686	0.05668	0.14893	0.15357	0.09966	0.03623	0.02009	0.01514	0.00814	0.00790	0.00214	0.05344	0.00664	0.00565	0.10515
7	0.01604	0.02006	0.11253	0.02363	0.07194	0.09101	0.33287	0.02111	0.01759	0.02332	0.15578	0.02600	0.03790	0.00829	0.00790	0.00227	0.00972	0.00855	0.00447	0.00900
8	0.03980	0.00750	0.00875	0.00865	0.01063	0.00679	0.00640	0.01275	0.01720	0.05121	0.29229	0.18367	0.29501	0.01674	0.00833	0.00242	0.00378	0.01446	0.00707	0.00654
9	0.04005	0.05385	0.28493	0.05041	0.02989	0.06956	0.19539	0.10630	0.03382	0.04735	0.01430	0.01674	0.01045	0.00695	0.00711	0.00223	0.01020	0.00627	0.00406	0.01014
10	0.01530	0.06330	0.02003	0.10431	0.02264	0.05761	0.10919	0.03710	0.14650	0.03856	0.06910	0.16865	0.06735	0.01183	0.00826	0.00241	0.03350	0.01043	0.00546	0.00849
11	0.02093	0.01405	0.01556	0.01341	0.01738	0.04143	0.01076	0.18767	0.15500	0.17357	0.05893	0.09126	0.07643	0.01205	0.00773	0.00240	0.00627	0.07792	0.00726	0.01000
12	0.14185	0.01409	0.04781	0.06046	0.21534	0.01369	0.07145	0.06002	0.01575	0.02415	0.02105	0.24061	0.02155	0.01147	0.00736	0.00241	0.00706	0.01036	0.00481	0.00871
13	0.01740	0.01701	0.02677	0.05622	0.54826	0.04690	0.02027	0.02118	0.01570	0.02207	0.01379	0.01979	0.01213	0.00769	0.00911	0.00228	0.09638	0.03303	0.00360	0.01045
14	0.01437	0.01605	0.07170	0.05353	0.08214	0.01421	0.33035	0.01978	0.04121	0.02328	0.13440	0.08103	0.06551	0.00962	0.00814	0.00238	0.00876	0.00996	0.00478	0.00880
15	0.00864	0.00632	0.00814	0.00959	0.01024	0.00581	0.00647	0.00995	0.01395	0.01830	0.04321	0.66355	0.12610	0.02179	0.00901	0.00283	0.00407	0.01961	0.00661	0.00581
16	0.02054	0.27556	0.20872	0.01643	0.04875	0.10442	0.01607	0.05330	0.01732	0.12333	0.04226	0.01665	0.01296	0.00729	0.00612	0.00193	0.00865	0.00537	0.00436	0.00996
17	0.02117	0.20567	0.17948	0.01630	0.02254	0.11972	0.01590	0.22341	0.03863	0.02728	0.01368	0.01506	0.01057	0.00754	0.00685	0.00200	0.03519	0.00530	0.02351	0.01017
18	0.00921	0.00660	0.00894	0.01032	0.01094	0.00645	0.00727	0.01075	0.01350	0.01810	0.03592	0.56172	0.04202	0.05786	0.09624	0.00414	0.00630	0.08169	0.00617	0.00587
19	0.01693	0.01521	0.02287	0.15593	0.31737	0.05957	0.04434	0.02052	0.01571	0.06493	0.01738	0.10600	0.01571	0.00907	0.00824	0.00230	0.05281	0.00805	0.03767	0.00939
20	0.01080	0.00967	0.00957	0.01059	0.01165	0.09205	0.00732	0.01219	0.01475	0.01822	0.03995	0.57243	0.12428	0.01997	0.00868	0.00270	0.00512	0.01770	0.00626	0.00611
21	0.01691	0.08035	0.54246	0.01918	0.02841	0.06267	0.02307	0.10229	0.01755	0.02455	0.01300	0.01491	0.00941	0.00697	0.00665	0.00217	0.01016	0.00526	0.00355	0.01048
22	0.01701	0.02692	0.33900	0.02575	0.11753	0.01770	0.22232	0.10199	0.01795	0.02541	0.01387	0.01688	0.01022	0.00670	0.00734	0.00227	0.01039	0.00649	0.00375	0.01053
23	0.07508	0.10152	0.04063	0.01139	0.01521	0.01355	0.00958	0.09337	0.09112	0.11711	0.11848	0.10314	0.05123	0.01081	0.00676	0.00215	0.00546	0.00886	0.11569	0.00887
24	0.01180	0.01053	0.06184	0.01128	0.01337	0.00888	0.00884	0.09234	0.01599	0.02160	0.03271	0.46423	0.05501	0.09234	0.01127	0.00308	0.00543	0.03331	0.00607	0.04007

[dist]
# distance from previous block
# <min> <max>
5	12

[block]
# block no. 7 follows, 29 sequences, length 12
# corresponding to MSA columns:
# 244-247,260-267
name=unknown_H
#
# <colnr> <probs for GDERKNQSTAVLIFYWHMCP>
#	G	D	E	R	K	N	Q	S	T	A	V	L	I	F	Y	W	H	M	C	P
0	0.33930	0.11112	0.14773	0.01295	0.01895	0.01697	0.01271	0.05269	0.05266	0.15176	0.01510	0.01556	0.01089	0.00722	0.00564	0.00214	0.00692	0.00505	0.00504	0.00960
1	0.01894	0.04048	0.14482	0.02006	0.16006	0.01453	0.01524	0.07486	0.10954	0.15535	0.07865	0.02749	0.09002	0.00936	0.00722	0.00222	0.00702	0.00788	0.00585	0.01039
2	0.01659	0.01910	0.12433	0.08940	0.15507	0.01603	0.31112	0.02192	0.01610	0.06420	0.01670	0.02066	0.03202	0.00975	0.05223	0.00288	0.01077	0.00750	0.00389	0.00973
3	0.01057	0.00720	0.00898	0.00938	0.01084	0.00659	0.00681	0.01252	0.01587	0.05831	0.17987	0.29944	0.18965	0.08056	0.01107	0.00299	0.00441	0.07185	0.00678	0.00631
4	0.01715	0.01643	0.02805	0.12192	0.63082	0.01679	0.02162	0.02144	0.01599	0.02269	0.01331	0.01778	0.01108	0.00643	0.00706	0.00214	0.00858	0.00634	0.00348	0.01090
5	0.01845	0.02159	0.17999	0.06526	0.28140	0.05940	0.09063	0.02335	0.01640	0.09865	0.01536	0.01949	0.01200	0.00743	0.00789	0.00226	0.04052	0.02547	0.00407	0.01038
6	0.00909	0.00656	0.00900	0.01035	0.01098	0.00647	0.00727	0.01066	0.01337	0.01803	0.03551	0.58201	0.04148	0.02782	0.13838	0.00446	0.00696	0.04957	0.00610	0.00593
7	0.00952	0.00716	0.00856	0.00919	0.01041	0.00673	0.00645	0.01187	0.04321	0.01964	0.11759	0.33642	0.21168	0.11910	0.01251	0.00324	0.00448	0.04975	0.00646	0.00601
8	0.05088	0.01798	0.01830	0.01483	0.01971	0.09530	0.01192	0.31987	0.08656	0.20748	0.02154	0.06772	0.01626	0.00944	0.00711	0.00220	0.00742	0.00739	0.00706	0.01104
9	0.01636	0.01935	0.10906	0.02515	0.06745	0.01698	0.38347	0.05778	0.06232	0.02430	0.05786	0.05202	0.01634	0.00806	0.00885	0.00241	0.04986	0.00847	0.00432	0.00961
10	0.01232	0.01091	0.01052	0.01036	0.01222	0.09340	0.00751	0.05391	0.01758	0.02215	0.19682	0.25468	0.19600	0.05673	0.00982	0.00267	0.00526	0.01403	0.00645	0.00666
11	0.15789	0.16843	0.41819	0.01732	0.02570	0.01874	0.05762	0.02204	0.01450	0.02316	0.01180	0.01395	0.00891	0.00656	0.00601	0.00211	0.00914	0.00491	0.00330	0.00970

[dist]
# distance from previous block
# <min> <max>
0	2

[block]
# block no. 8 follows, 29 sequences, length 7
# corresponding to MSA columns:
# 270-276
name=unknown_I
#
# <colnr> <probs for GDERKNQSTAVLIFYWHMCP>
#	G	D	E	R	K	N	Q	S	T	A	V	L	I	F	Y	W	H	M	C	P
0	0.10557	0.00965	0.01215	0.01353	0.08962	0.01034	0.00849	0.04682	0.01283	0.01951	0.01964	0.06881	0.02036	0.31976	0.20675	0.00656	0.01002	0.00873	0.00436	0.00651
1	0.01846	0.01699	0.02750	0.08735	0.57960	0.01746	0.02072	0.09988	0.01813	0.02548	0.01378	0.01765	0.01126	0.00666	0.00706	0.00214	0.00846	0.00635	0.00393	0.01115
2	0.01791	0.10080	0.06227	0.02512	0.18583	0.06826	0.19349	0.05490	0.03706	0.04906	0.09661	0.04161	0.01884	0.00803	0.00730	0.00216	0.00881	0.00767	0.00455	0.00971
3	0.19881	0.10434	0.04618	0.01861	0.12176	0.01856	0.04891	0.13657	0.13001	0.08510	0.01661	0.01743	0.01249	0.00749	0.00627	0.00215	0.00718	0.00591	0.00531	0.01030
4	0.36387	0.04291	0.04361	0.01189	0.01685	0.04022	0.01017	0.15608	0.01841	0.09671	0.04120	0.01915	0.05392	0.00812	0.00582	0.00211	0.00637	0.00578	0.00549	0.05130
5	0.05058	0.01465	0.01693	0.01713	0.11899	0.05945	0.01163	0.15811	0.06321	0.10907	0.14871	0.07068	0.06375	0.01043	0.00729	0.00216	0.00638	0.00874	0.00636	0.05578
6	0.01471	0.05549	0.15974	0.01742	0.11857	0.04718	0.01393	0.04469	0.01720	0.04699	0.13989	0.10748	0.11364	0.01119	0.00734	0.00218	0.00678	0.00952	0.00523	0.06082

[dist]
# distance from previous block
# <min> <max>
8	38

[block]
# block no. 9 follows, 29 sequences, length 25
# corresponding to MSA columns:
# 315-339
name=unknown_J
#
# <colnr> <probs for GDERKNQSTAVLIFYWHMCP>
#	G	D	E	R	K	N	Q	S	T	A	V	L	I	F	Y	W	H	M	C	P
0	0.01791	0.06924	0.10209	0.05264	0.02626	0.01559	0.23898	0.08843	0.01824	0.10252	0.08257	0.05650	0.01908	0.04268	0.00884	0.00245	0.00868	0.00823	0.00502	0.03405
1	0.02160	0.01657	0.01724	0.01439	0.01888	0.05018	0.01148	0.26340	0.28704	0.09082	0.06207	0.02670	0.06760	0.00993	0.00730	0.00226	0.00653	0.00797	0.00715	0.01089
2	0.02765	0.01574	0.04972	0.01404	0.01944	0.04639	0.01185	0.10520	0.14834	0.44476	0.02555	0.02294	0.01700	0.00878	0.00712	0.00222	0.00670	0.00704	0.00782	0.01170
3	0.01345	0.01266	0.02136	0.73264	0.04904	0.01582	0.01978	0.01819	0.01424	0.01819	0.01266	0.01898	0.00949	0.00712	0.00712	0.00237	0.00949	0.00633	0.00316	0.00791
4	0.00893	0.00715	0.00798	0.00794	0.00997	0.00620	0.00589	0.01114	0.01718	0.02190	0.25497	0.11745	0.46353	0.01735	0.00846	0.00239	0.00358	0.01481	0.00697	0.00620
5	0.03161	0.01267	0.01687	0.01293	0.01845	0.01128	0.01068	0.08017	0.02130	0.66350	0.02732	0.02373	0.01724	0.00879	0.00716	0.00220	0.00618	0.00711	0.00869	0.01212
6	0.01648	0.12967	0.18111	0.08824	0.06802	0.03725	0.12035	0.07697	0.01639	0.02215	0.01535	0.09153	0.01375	0.00891	0.00868	0.00230	0.08224	0.00743	0.00391	0.00928
7	0.00893	0.00638	0.00856	0.01021	0.01074	0.00601	0.00706	0.01036	0.01389	0.01847	0.03910	0.68358	0.04653	0.02206	0.00916	0.00293	0.00436	0.07921	0.00661	0.00586
8	0.01428	0.03683	0.71286	0.02030	0.03082	0.01654	0.02631	0.02255	0.01503	0.02255	0.01278	0.01503	0.00902	0.00677	0.00677	0.00226	0.01052	0.00526	0.00301	0.01052
9	0.01767	0.01681	0.03035	0.05775	0.07653	0.01813	0.31173	0.03883	0.05243	0.07322	0.01492	0.01906	0.01169	0.00931	0.02823	0.00275	0.19957	0.00742	0.00413	0.00944
10	0.01415	0.01367	0.02402	0.60196	0.10865	0.01613	0.08280	0.01897	0.01467	0.01910	0.01289	0.01888	0.00978	0.00694	0.00723	0.00235	0.00964	0.00653	0.00324	0.00838
11	0.00889	0.00648	0.00838	0.00950	0.01031	0.00596	0.00652	0.01054	0.01499	0.02004	0.15485	0.56369	0.11240	0.02059	0.00891	0.00274	0.00395	0.01850	0.00682	0.00596
12	0.11535	0.01566	0.01926	0.01809	0.06856	0.05857	0.01383	0.03771	0.01299	0.02107	0.01146	0.01635	0.01032	0.01151	0.03389	0.00291	0.44820	0.00592	0.07031	0.00806
13	0.01718	0.08782	0.02893	0.14165	0.23307	0.09022	0.17852	0.02134	0.01592	0.02074	0.01362	0.01812	0.01111	0.00983	0.05725	0.00278	0.01046	0.00652	0.02560	0.00934
14	0.00862	0.00642	0.00803	0.00932	0.01017	0.00583	0.00635	0.00998	0.01420	0.01841	0.04646	0.59681	0.19074	0.02137	0.00894	0.00279	0.00402	0.01910	0.00661	0.00583
15	0.01544	0.03494	0.59729	0.02108	0.03077	0.06925	0.08758	0.02301	0.01559	0.02219	0.01280	0.01527	0.00920	0.00674	0.00690	0.00224	0.01084	0.00551	0.00311	0.01027
16	0.04832	0.01986	0.02449	0.02090	0.07885	0.14319	0.16410	0.17727	0.07094	0.11134	0.03680	0.02105	0.01482	0.00811	0.00732	0.00221	0.00911	0.02551	0.00555	0.01027
17	0.01776	0.00985	0.01218	0.01049	0.01372	0.00923	0.00817	0.04075	0.08174	0.23728	0.27892	0.04292	0.14633	0.04712	0.00918	0.00249	0.00474	0.01071	0.00770	0.00873
18	0.01089	0.00726	0.00915	0.00920	0.01088	0.00654	0.00669	0.01318	0.01721	0.07346	0.30421	0.28449	0.18527	0.01742	0.00854	0.00249	0.00387	0.01534	0.00725	0.00666
19	0.66824	0.01379	0.01145	0.01010	0.01455	0.01573	0.00826	0.02357	0.07753	0.08235	0.01309	0.01394	0.00979	0.00706	0.00488	0.00222	0.00556	0.00450	0.00501	0.00838
20	0.04545	0.01342	0.01447	0.01233	0.01647	0.06424	0.00986	0.05562	0.12874	0.19621	0.11493	0.03373	0.07280	0.01065	0.00726	0.00216	0.00597	0.06802	0.00681	0.12085
21	0.04433	0.05278	0.02417	0.07423	0.12652	0.07032	0.09040	0.22079	0.15014	0.02987	0.01698	0.01858	0.01292	0.00788	0.00747	0.00221	0.02795	0.00660	0.00529	0.01057
22	0.02061	0.09923	0.01978	0.01394	0.01934	0.23026	0.01120	0.11759	0.01909	0.02389	0.01250	0.01416	0.01020	0.00646	0.00582	0.00150	0.00820	0.00460	0.00435	0.35726
23	0.01734	0.31250	0.38583	0.01679	0.02514	0.02156	0.01963	0.08484	0.01657	0.02244	0.01208	0.01383	0.00936	0.00667	0.00595	0.00196	0.00914	0.00481	0.00341	0.01014
24	0.01929	0.02094	0.07629	0.05330	0.43437	0.12409	0.01952	0.07036	0.06834	0.02419	0.01439	0.01738	0.01158	0.00695	0.00695	0.00211	0.00905	0.00613	0.00403	0.01073

[dist]
# distance from previous block
# <min> <max>
0	1

[block]
# block no. 10 follows, 29 sequences, length 6
# corresponding to MSA columns:
# 341-346
name=unknown_K
#
# <colnr> <probs for GDERKNQSTAVLIFYWHMCP>
#	G	D	E	R	K	N	Q	S	T	A	V	L	I	F	Y	W	H	M	C	P
0	0.01203	0.01044	0.01072	0.01151	0.01290	0.08535	0.00853	0.01506	0.06333	0.01931	0.03573	0.36254	0.07979	0.08216	0.01115	0.00315	0.00593	0.15775	0.00612	0.00650
1	0.10799	0.01605	0.01743	0.10246	0.02213	0.04939	0.01219	0.27794	0.09707	0.08763	0.11678	0.02335	0.02063	0.00911	0.00699	0.00221	0.00698	0.00721	0.00642	0.01005
2	0.01426	0.01324	0.02224	0.41662	0.24532	0.01516	0.01884	0.01852	0.01444	0.01951	0.01381	0.01987	0.01124	0.01359	0.11057	0.00361	0.01056	0.00652	0.00337	0.00872
3	0.00933	0.00655	0.00780	0.00871	0.00963	0.00607	0.00589	0.01076	0.01391	0.01876	0.04233	0.43526	0.17983	0.11192	0.01193	0.00316	0.00428	0.01640	0.09173	0.00574
4	0.02029	0.01647	0.02014	0.01597	0.02087	0.06244	0.10004	0.20484	0.12561	0.08576	0.04499	0.07252	0.01817	0.01069	0.03338	0.00244	0.00785	0.00782	0.00603	0.12368
5	0.15300	0.01409	0.02046	0.01605	0.02083	0.01409	0.18032	0.09710	0.06379	0.13675	0.02763	0.08892	0.11557	0.01025	0.00736	0.00235	0.00713	0.00916	0.00592	0.00923

[dist]
# distance from previous block
# <min> <max>
0	22

[block]
# block no. 11 follows, 29 sequences, length 46
# corresponding to MSA columns:
# 369-414
name=unknown_L
#
# <colnr> <probs for GDERKNQSTAVLIFYWHMCP>
#	G	D	E	R	K	N	Q	S	T	A	V	L	I	F	Y	W	H	M	C	P
0	0.07525	0.01966	0.12430	0.01986	0.09247	0.04812	0.09942	0.12601	0.12753	0.05094	0.01738	0.01994	0.01345	0.03715	0.00895	0.00244	0.04898	0.00667	0.05150	0.00997
1	0.12482	0.01657	0.04456	0.05496	0.11915	0.03976	0.16396	0.04920	0.09725	0.15672	0.04900	0.02090	0.01548	0.00770	0.00708	0.00226	0.00808	0.00704	0.00540	0.01012
2	0.22389	0.02145	0.01704	0.01473	0.01913	0.22600	0.01160	0.17546	0.17056	0.03009	0.01609	0.01652	0.01225	0.00794	0.00624	0.00213	0.00823	0.00558	0.00543	0.00965
3	0.00896	0.00659	0.00840	0.00930	0.01030	0.00603	0.00646	0.01076	0.01550	0.02069	0.19470	0.48921	0.14707	0.01992	0.00883	0.00267	0.00388	0.01781	0.00689	0.00603
4	0.01359	0.00927	0.01107	0.01085	0.01310	0.00939	0.00831	0.04473	0.13284	0.07309	0.12266	0.22191	0.09858	0.01634	0.02685	0.00275	0.00511	0.08650	0.08530	0.00776
5	0.18516	0.09803	0.44942	0.01879	0.07293	0.01754	0.02064	0.02204	0.01443	0.02409	0.01193	0.01412	0.00891	0.00664	0.00607	0.00217	0.00902	0.00490	0.00335	0.00984
6	0.02694	0.01250	0.01589	0.01268	0.01754	0.01178	0.01030	0.07750	0.11272	0.48716	0.09523	0.02798	0.03908	0.00970	0.00732	0.00224	0.00580	0.00798	0.00833	0.01132
7	0.01932	0.00984	0.01270	0.01072	0.01412	0.00897	0.00846	0.05977	0.02056	0.29082	0.34141	0.05966	0.08866	0.01245	0.00787	0.00225	0.00469	0.01065	0.00805	0.00903
8	0.01694	0.01989	0.17295	0.13731	0.05872	0.01603	0.24352	0.02228	0.01577	0.09065	0.01535	0.01898	0.01134	0.00730	0.00858	0.00234	0.06583	0.00691	0.05982	0.00949
9	0.01732	0.01923	0.10570	0.07471	0.10605	0.03907	0.22789	0.10317	0.05535	0.02417	0.01484	0.01886	0.01165	0.01073	0.04702	0.04833	0.05536	0.00698	0.00409	0.00948
10	0.00873	0.00637	0.00822	0.00958	0.01027	0.00586	0.00649	0.01015	0.01428	0.01889	0.08084	0.63423	0.11706	0.02141	0.00898	0.00280	0.00403	0.01927	0.00668	0.00586
11	0.14577	0.01816	0.10113	0.01414	0.01951	0.03595	0.01280	0.26583	0.02251	0.15113	0.01911	0.02227	0.01443	0.00879	0.00665	0.00220	0.00717	0.05131	0.07084	0.01028
12	0.07281	0.01388	0.01675	0.01333	0.01852	0.01373	0.01088	0.12207	0.14961	0.45161	0.02573	0.02298	0.01709	0.00881	0.00701	0.00223	0.00619	0.00704	0.00803	0.01170
13	0.01730	0.01764	0.02844	0.16410	0.31936	0.06609	0.16340	0.02348	0.08559	0.02248	0.01491	0.01881	0.01177	0.00682	0.00733	0.00224	0.00944	0.00684	0.00387	0.01008
14	0.02596	0.01221	0.01551	0.01243	0.01701	0.01153	0.01001	0.08815	0.08924	0.45324	0.12399	0.02900	0.02506	0.04254	0.00863	0.00243	0.00582	0.00815	0.00816	0.01091
15	0.08390	0.01499	0.01672	0.01320	0.01829	0.05854	0.01078	0.17603	0.02232	0.42204	0.02292	0.02118	0.01520	0.00847	0.00676	0.00213	0.00666	0.00656	0.06216	0.01117
16	0.01056	0.00678	0.00912	0.01038	0.01125	0.00632	0.00729	0.01208	0.01434	0.06771	0.03832	0.63883	0.04449	0.02113	0.00901	0.00287	0.00447	0.07198	0.00676	0.00630
17	0.00881	0.00637	0.00823	0.00956	0.01018	0.00590	0.00642	0.01016	0.01405	0.01864	0.07813	0.62337	0.09690	0.05453	0.01023	0.00300	0.00417	0.01899	0.00657	0.00579
18	0.01740	0.32191	0.06322	0.14077	0.02885	0.07020	0.18473	0.02135	0.01572	0.01941	0.04429	0.01693	0.01235	0.00676	0.00639	0.00198	0.00935	0.00596	0.00348	0.00893
19	0.06463	0.01451	0.01633	0.01268	0.01814	0.01401	0.01025	0.17290	0.12343	0.13901	0.03943	0.01959	0.01530	0.00760	0.00634	0.00179	0.00598	0.00601	0.00619	0.30588
20	0.15838	0.04782	0.08403	0.01450	0.01987	0.08601	0.01272	0.24470	0.05183	0.14272	0.01710	0.01804	0.01253	0.03054	0.02653	0.00252	0.00806	0.00592	0.00588	0.01029
21	0.01674	0.05331	0.12463	0.03069	0.16701	0.01805	0.43761	0.02252	0.01636	0.02260	0.01380	0.01802	0.01060	0.00617	0.00776	0.00229	0.01093	0.00740	0.00349	0.01003
22	0.00879	0.00641	0.00829	0.00955	0.01029	0.00590	0.00650	0.01031	0.01456	0.01935	0.11063	0.60619	0.11482	0.02108	0.00895	0.00278	0.00400	0.01896	0.00674	0.00590
23	0.06348	0.49755	0.15540	0.01355	0.02028	0.02335	0.01429	0.02306	0.01512	0.09852	0.01252	0.01356	0.01001	0.00656	0.00525	0.00177	0.00784	0.00446	0.00378	0.00965
24	0.04226	0.01205	0.01541	0.01381	0.04296	0.01281	0.01062	0.02453	0.10118	0.25579	0.08937	0.03182	0.12808	0.01140	0.01043	0.00242	0.14553	0.00869	0.03142	0.00942
25	0.01401	0.00864	0.00997	0.00921	0.01214	0.00768	0.00712	0.01713	0.05510	0.16314	0.09719	0.10351	0.41870	0.01578	0.00818	0.00241	0.00433	0.03098	0.00718	0.00761
26	0.01512	0.16295	0.59406	0.01887	0.02861	0.01858	0.02383	0.02233	0.01493	0.02153	0.01227	0.01440	0.00904	0.00665	0.00638	0.00213	0.01001	0.00501	0.00301	0.01028
27	0.24905	0.01760	0.03879	0.01543	0.02055	0.08537	0.10585	0.13167	0.05301	0.14691	0.05580	0.01909	0.01487	0.00790	0.00652	0.00220	0.00765	0.00632	0.00571	0.00970
28	0.01374	0.01295	0.02188	0.68465	0.09476	0.01590	0.01992	0.01845	0.01438	0.01855	0.01271	0.01889	0.00962	0.00707	0.00711	0.00236	0.00942	0.00633	0.00319	0.00814
29	0.00916	0.00662	0.00870	0.00974	0.01062	0.00616	0.00686	0.01106	0.01549	0.02091	0.20028	0.50828	0.08243	0.02009	0.00893	0.00273	0.00406	0.05491	0.00690	0.00606
30	0.24443	0.01509	0.01468	0.01266	0.01704	0.03806	0.01010	0.10960	0.27237	0.10738	0.02443	0.02337	0.06364	0.00907	0.00646	0.00228	0.00600	0.00693	0.00644	0.00998
31	0.06135	0.01555	0.01707	0.01375	0.01872	0.06068	0.01112	0.18657	0.10488	0.35221	0.02537	0.04283	0.03842	0.00933	0.00708	0.00221	0.00672	0.00739	0.00756	0.01119
32	0.00877	0.00627	0.00835	0.00985	0.01035	0.00585	0.00662	0.01016	0.01408	0.01889	0.08449	0.69784	0.04847	0.02178	0.00904	0.00285	0.00408	0.01974	0.00669	0.00585
33	0.07301	0.00981	0.01136	0.01059	0.01330	0.00962	0.00801	0.08891	0.04354	0.13318	0.09679	0.28328	0.15942	0.01556	0.00797	0.00248	0.00483	0.01338	0.00698	0.00795
34	0.07972	0.01868	0.05369	0.01856	0.04601	0.08829	0.11860	0.13595	0.07524	0.16042	0.01752	0.01885	0.01285	0.00967	0.03063	0.00259	0.09046	0.00660	0.00550	0.01017
35	0.01866	0.01936	0.02651	0.11708	0.46846	0.13747	0.04038	0.02314	0.03992	0.02189	0.01347	0.01732	0.01106	0.00671	0.00700	0.00212	0.00934	0.00616	0.00364	0.01032
36	0.01071	0.00772	0.01052	0.01181	0.01329	0.00753	0.00982	0.01361	0.01642	0.02164	0.12397	0.18279	0.07438	0.01937	0.00947	0.00305	0.00563	0.44510	0.00673	0.00643
37	0.01952	0.60120	0.05299	0.01347	0.01907	0.07256	0.01298	0.05146	0.01547	0.01826	0.01034	0.01217	0.00929	0.00676	0.00621	0.00170	0.05995	0.00419	0.00328	0.00916
38	0.04753	0.01710	0.02094	0.01735	0.05348	0.09295	0.08846	0.17814	0.02241	0.30436	0.05101	0.02277	0.01685	0.00861	0.00725	0.00219	0.00789	0.02304	0.00679	0.01086
39	0.00891	0.00694	0.00796	0.00830	0.00989	0.00613	0.00592	0.01075	0.01594	0.02039	0.17879	0.24590	0.36872	0.06018	0.01018	0.00276	0.00389	0.01576	0.00671	0.00599
