[name]
unknown

[dist]
# distance from previous block
# <min> <max>
0	21

[block]
# block no. 0 follows, 32 sequences, length 15
# corresponding to MSA columns:
# 21-35
name=unknown_A
#
# <colnr> <probs for GDERKNQSTAVLIFYWHMCP>
#	G	D	E	R	K	N	Q	S	T	A	V	L	I	F	Y	W	H	M	C	P
0	0.04193	0.04172	0.12872	0.14657	0.21186	0.05899	0.03902	0.08478	0.05792	0.02289	0.01498	0.02059	0.01242	0.00748	0.00662	0.00210	0.00823	0.05507	0.00397	0.03413
1	0.05924	0.04041	0.06104	0.14500	0.17403	0.15012	0.06566	0.06242	0.03832	0.02127	0.01329	0.03894	0.01107	0.00812	0.02400	0.00222	0.02860	0.00595	0.00374	0.04656
2	0.01499	0.01366	0.01441	0.08601	0.05293	0.08780	0.01070	0.05852	0.27822	0.02304	0.02858	0.16613	0.09286	0.01147	0.00711	0.00225	0.00609	0.00975	0.02703	0.00845
3	0.00852	0.00682	0.00762	0.00742	0.00943	0.00592	0.00556	0.01077	0.01669	0.02144	0.31360	0.05912	0.47191	0.01576	0.00792	0.00221	0.00331	0.01340	0.00667	0.00592
4	0.00855	0.00647	0.00788	0.00830	0.00960	0.00588	0.00591	0.01041	0.01506	0.01984	0.22560	0.30903	0.25766	0.04258	0.03321	0.00281	0.00410	0.01502	0.00638	0.00572
5	0.00925	0.00678	0.00868	0.00836	0.00991	0.00620	0.00621	0.01214	0.01820	0.02537	0.60818	0.10369	0.12287	0.01456	0.00796	0.00217	0.00324	0.01283	0.00719	0.00620
6	0.01735	0.01474	0.01554	0.01379	0.01770	0.01700	0.01078	0.08519	0.65960	0.02913	0.02647	0.02437	0.01981	0.00903	0.00682	0.00226	0.00546	0.00747	0.00682	0.01068
7	0.81159	0.01298	0.00986	0.00882	0.01298	0.01505	0.00727	0.01972	0.01142	0.03010	0.00934	0.01090	0.00727	0.00623	0.00415	0.00208	0.00519	0.00363	0.00415	0.00727
8	0.00974	0.00659	0.00776	0.00776	0.00791	0.00675	0.00462	0.01004	0.00989	0.01334	0.02074	0.04167	0.02342	0.67312	0.12389	0.00705	0.00797	0.00943	0.00401	0.00431
9	0.65184	0.10954	0.01437	0.01154	0.06572	0.01658	0.00878	0.01983	0.01199	0.02768	0.00958	0.01130	0.00769	0.00615	0.00436	0.00199	0.00565	0.00380	0.00393	0.00769
10	0.01335	0.01128	0.01328	0.00975	0.01515	0.00861	0.00774	0.01636	0.01456	0.02251	0.10210	0.01853	0.01675	0.00609	0.00534	0.00114	0.00474	0.00502	0.00441	0.70330
11	0.00976	0.00651	0.00732	0.00732	0.00732	0.00651	0.00407	0.00976	0.00976	0.01301	0.02114	0.04391	0.02439	0.76419	0.03415	0.00651	0.00651	0.00976	0.00407	0.00407
12	0.33369	0.07964	0.06299	0.03286	0.07636	0.03319	0.01063	0.02075	0.03162	0.11637	0.05593	0.06187	0.04271	0.00825	0.00567	0.00206	0.00601	0.00630	0.00482	0.00827
13	0.29815	0.11802	0.05397	0.01347	0.05585	0.11285	0.01084	0.05365	0.01467	0.04566	0.03549	0.01606	0.02824	0.01026	0.05960	0.00257	0.02865	0.00500	0.00410	0.03288
14	0.01370	0.01335	0.01863	0.01621	0.01648	0.01828	0.01341	0.01530	0.01060	0.01618	0.01301	0.01871	0.04675	0.01676	0.10934	0.00387	0.62268	0.00647	0.00319	0.00709

[dist]
# distance from previous block
# <min> <max>
0	1

[block]
# block no. 1 follows, 32 sequences, length 15
# corresponding to MSA columns:
# 37-51
name=unknown_B
#
# <colnr> <probs for GDERKNQSTAVLIFYWHMCP>
#	G	D	E	R	K	N	Q	S	T	A	V	L	I	F	Y	W	H	M	C	P
0	0.01859	0.05579	0.11045	0.04778	0.17471	0.04372	0.01475	0.12182	0.10875	0.10867	0.04884	0.02079	0.04159	0.00777	0.00654	0.00200	0.00715	0.00645	0.00509	0.04876
1	0.01000	0.00798	0.01059	0.05552	0.06256	0.00768	0.00796	0.01338	0.04090	0.02338	0.41092	0.09981	0.19627	0.01383	0.00776	0.00219	0.00403	0.01212	0.00648	0.00664
2	0.02506	0.03198	0.01901	0.01729	0.02074	0.73725	0.01296	0.02679	0.01901	0.01642	0.01037	0.01210	0.00864	0.00691	0.00605	0.00173	0.01210	0.00432	0.00346	0.00778
3	0.02713	0.12402	0.01856	0.01206	0.01728	0.05345	0.01017	0.02964	0.01808	0.54307	0.02223	0.01996	0.01461	0.00766	0.00625	0.00190	0.00625	0.00599	0.00699	0.05469
4	0.02551	0.01879	0.02014	0.01544	0.02081	0.02081	0.01275	0.69996	0.03155	0.04229	0.01611	0.01611	0.01141	0.00805	0.00671	0.00201	0.00738	0.00604	0.00671	0.01141
5	0.01271	0.00942	0.07859	0.01016	0.01145	0.00771	0.00809	0.05386	0.01071	0.01452	0.01198	0.01953	0.01134	0.02072	0.02308	0.67679	0.00632	0.00576	0.00315	0.00413
6	0.01390	0.02934	0.56311	0.01876	0.02726	0.01450	0.08721	0.02062	0.01442	0.05118	0.01520	0.08643	0.01245	0.00779	0.00675	0.00219	0.00929	0.00667	0.00345	0.00947
7	0.02593	0.01063	0.01391	0.01098	0.01540	0.00951	0.00896	0.05470	0.01889	0.54888	0.06936	0.02464	0.01947	0.00856	0.00651	0.00200	0.00522	0.00699	0.12916	0.01031
8	0.01100	0.00719	0.00945	0.00870	0.01054	0.00659	0.00659	0.01412	0.01901	0.07793	0.66834	0.04813	0.05991	0.01332	0.00783	0.00211	0.00335	0.01174	0.00745	0.00670
9	0.01683	0.01979	0.12353	0.09215	0.47307	0.08043	0.03678	0.03911	0.01576	0.02148	0.01240	0.01599	0.01003	0.00622	0.00659	0.00201	0.00876	0.00574	0.00333	0.01000
10	0.01114	0.01349	0.15507	0.01340	0.03854	0.00949	0.04606	0.05664	0.01433	0.01957	0.02833	0.40605	0.05605	0.08712	0.01034	0.00286	0.00606	0.01334	0.00513	0.00695
11	0.00827	0.00608	0.00778	0.00910	0.00983	0.00559	0.00628	0.00961	0.01335	0.01742	0.04164	0.62042	0.14709	0.02029	0.00850	0.00267	0.00393	0.05040	0.00623	0.00552
12	0.01560	0.01464	0.01794	0.04130	0.14998	0.07492	0.02784	0.04433	0.01517	0.02153	0.01360	0.03589	0.01202	0.00685	0.00672	0.00159	0.04487	0.03399	0.00396	0.41727
13	0.01712	0.21006	0.22364	0.02315	0.21594	0.07324	0.04446	0.05602	0.03805	0.02100	0.01216	0.01444	0.00972	0.00629	0.00600	0.00189	0.00864	0.00510	0.00337	0.00969
14	0.01464	0.01584	0.14133	0.01695	0.10950	0.01282	0.02699	0.15638	0.05707	0.02468	0.05363	0.18811	0.05713	0.05633	0.00892	0.00253	0.00663	0.03678	0.00524	0.00850

[dist]
# distance from previous block
# <min> <max>
0	7

[block]
# block no. 2 follows, 32 sequences, length 27
# corresponding to MSA columns:
# 59-85
name=unknown_C
#
# <colnr> <probs for GDERKNQSTAVLIFYWHMCP>
#	G	D	E	R	K	N	Q	S	T	A	V	L	I	F	Y	W	H	M	C	P
0	0.13204	0.11322	0.10184	0.03351	0.14343	0.03557	0.03852	0.03995	0.01471	0.05087	0.04603	0.11081	0.05456	0.04776	0.00774	0.00230	0.00684	0.00773	0.00435	0.00824
1	0.03766	0.09426	0.06980	0.03995	0.10735	0.01400	0.02703	0.05476	0.07502	0.02087	0.02115	0.17004	0.03964	0.03523	0.04555	0.00278	0.06570	0.02650	0.02657	0.02614
2	0.14533	0.21649	0.08650	0.01403	0.03761	0.19995	0.01211	0.02177	0.03630	0.04831	0.05987	0.04639	0.01429	0.00771	0.00604	0.00188	0.02770	0.00550	0.00401	0.00822
3	0.00948	0.00718	0.00936	0.00987	0.03939	0.00705	0.00675	0.01155	0.01429	0.01943	0.24296	0.08538	0.17031	0.15430	0.17794	0.00491	0.00739	0.01113	0.00549	0.00586
4	0.01667	0.07258	0.12325	0.06747	0.22428	0.09291	0.08127	0.02214	0.07802	0.04396	0.06804	0.01904	0.01489	0.00732	0.00726	0.00206	0.03924	0.00631	0.00399	0.00930
5	0.00825	0.00611	0.00771	0.00878	0.00964	0.00557	0.00603	0.00971	0.01388	0.01824	0.10732	0.56294	0.17211	0.01958	0.00838	0.00258	0.00373	0.01750	0.00634	0.00557
6	0.01117	0.01122	0.07219	0.07762	0.10677	0.00921	0.03065	0.01435	0.01593	0.04310	0.18161	0.04454	0.33061	0.01253	0.00749	0.00218	0.00527	0.01080	0.00551	0.00723
7	0.01476	0.01253	0.01845	0.02312	0.29909	0.01249	0.03497	0.05142	0.09786	0.05374	0.11546	0.03362	0.16367	0.01012	0.00721	0.00214	0.00606	0.02903	0.00529	0.00897
8	0.01314	0.01778	0.19908	0.06123	0.14751	0.01347	0.09090	0.01816	0.04680	0.02038	0.06054	0.13876	0.01950	0.02989	0.03788	0.00273	0.06112	0.00862	0.00407	0.00843
9	0.01328	0.02576	0.44059	0.02086	0.09278	0.01420	0.12006	0.01937	0.01451	0.02080	0.01829	0.07982	0.05480	0.00838	0.00698	0.00222	0.00896	0.02569	0.00353	0.00914
10	0.00855	0.00674	0.00743	0.00738	0.00932	0.00586	0.00549	0.01068	0.01612	0.02075	0.24400	0.10028	0.47204	0.01598	0.00784	0.00222	0.00335	0.01360	0.03650	0.00586
11	0.01619	0.01588	0.10602	0.01311	0.01952	0.01160	0.06148	0.08652	0.01618	0.06908	0.01341	0.01504	0.01035	0.00572	0.00565	0.00140	0.00634	0.00477	0.00434	0.51740
12	0.00950	0.00686	0.00897	0.00844	0.01002	0.00633	0.00633	0.01266	0.01899	0.02691	0.71879	0.05012	0.06331	0.01372	0.00791	0.00211	0.00317	0.01213	0.00739	0.00633
13	0.01757	0.05639	0.14999	0.01595	0.06579	0.01553	0.03264	0.18674	0.14556	0.07074	0.07134	0.02557	0.09871	0.00906	0.00680	0.00210	0.00676	0.00745	0.00559	0.00971
14	0.00959	0.00719	0.01078	0.01078	0.01198	0.00839	0.00839	0.01198	0.01078	0.01558	0.01797	0.02636	0.01677	0.05032	0.73760	0.01078	0.01797	0.00719	0.00359	0.00599
15	0.08882	0.20187	0.29180	0.01736	0.07550	0.07798	0.03572	0.02189	0.01463	0.07562	0.01240	0.01421	0.00951	0.00761	0.02654	0.00216	0.00881	0.00482	0.00352	0.00923
16	0.02032	0.09219	0.08268	0.01365	0.01792	0.03805	0.01213	0.09029	0.08481	0.23504	0.01970	0.02050	0.03098	0.01395	0.10283	0.00325	0.10043	0.00633	0.00547	0.00945
17	0.01191	0.00775	0.00983	0.00891	0.01093	0.00731	0.00681	0.04935	0.01936	0.07574	0.59396	0.04502	0.05471	0.01271	0.00758	0.00207	0.00355	0.01110	0.05445	0.00694
18	0.01915	0.34075	0.06530	0.01344	0.03733	0.04839	0.01185	0.13128	0.07857	0.08248	0.05071	0.01829	0.01457	0.05205	0.00733	0.00206	0.00705	0.00558	0.00463	0.00919
19	0.01754	0.06378	0.14851	0.07833	0.20492	0.06742	0.01637	0.07521	0.11575	0.06755	0.04495	0.01879	0.01407	0.00728	0.00645	0.00202	0.00774	0.00608	0.02752	0.00973
20	0.01520	0.01258	0.05605	0.14519	0.14097	0.03267	0.01274	0.01927	0.04817	0.12227	0.11103	0.04920	0.08937	0.03580	0.04789	0.00273	0.00708	0.00819	0.03533	0.00826
21	0.00912	0.00681	0.00849	0.00835	0.00999	0.00619	0.00628	0.01180	0.01752	0.02387	0.48797	0.10970	0.20475	0.01525	0.00804	0.00224	0.00343	0.04712	0.00698	0.00611
22	0.01649	0.06057	0.08634	0.01480	0.05748	0.05613	0.04395	0.07324	0.03497	0.04294	0.01286	0.01476	0.01025	0.00607	0.00626	0.00151	0.03564	0.00478	0.00409	0.41689
23	0.01574	0.07847	0.27736	0.06245	0.17273	0.01583	0.06601	0.08000	0.01627	0.04510	0.03575	0.04788	0.01388	0.00771	0.00669	0.00211	0.00840	0.03418	0.00391	0.00952
24	0.00834	0.00632	0.00757	0.00841	0.00951	0.00571	0.00588	0.00975	0.01380	0.01764	0.06874	0.42187	0.27889	0.06714	0.01000	0.00280	0.00395	0.04206	0.00613	0.00549
25	0.01139	0.00592	0.00858	0.00864	0.00884	0.00591	0.00584	0.00925	0.00943	0.01286	0.01502	0.05021	0.03451	0.02310	0.04658	0.68397	0.00593	0.00664	0.04398	0.00336
26	0.01726	0.04531	0.17836	0.04721	0.24784	0.08689	0.10475	0.07945	0.01689	0.04467	0.01629	0.01867	0.05205	0.00703	0.00670	0.00204	0.00884	0.00628	0.00383	0.00963

[dist]
# distance from previous block
# <min> <max>
4	24

[block]
# block no. 3 follows, 32 sequences, length 10
# corresponding to MSA columns:
# 112-121
name=unknown_D
#
# <colnr> <probs for GDERKNQSTAVLIFYWHMCP>
#	G	D	E	R	K	N	Q	S	T	A	V	L	I	F	Y	W	H	M	C	P
0	0.00850	0.00620	0.00778	0.00865	0.00945	0.00572	0.00587	0.00993	0.01384	0.01837	0.14453	0.48321	0.14067	0.09144	0.01086	0.00293	0.00396	0.01641	0.00620	0.00548
1	0.00961	0.00727	0.00894	0.00859	0.01042	0.00678	0.00656	0.01324	0.05184	0.02475	0.51007	0.05340	0.19473	0.01445	0.00795	0.00221	0.00350	0.05226	0.00705	0.00639
2	0.00856	0.00664	0.00768	0.00778	0.00939	0.00588	0.00562	0.01054	0.01574	0.02044	0.26457	0.17817	0.36003	0.05706	0.00945	0.00252	0.00358	0.01413	0.00648	0.00575
3	0.01607	0.01699	0.02035	0.01757	0.01803	0.11616	0.01445	0.01757	0.01144	0.01618	0.00902	0.01434	0.00879	0.01110	0.01989	0.00277	0.65322	0.00567	0.00301	0.00740
4	0.00950	0.00663	0.00837	0.00827	0.00970	0.00614	0.00608	0.01225	0.01728	0.02462	0.49947	0.16356	0.09395	0.01450	0.00769	0.00216	0.00329	0.01278	0.08763	0.00614
5	0.81159	0.01298	0.00986	0.00882	0.01298	0.01505	0.00727	0.01972	0.01142	0.03010	0.00934	0.01090	0.00727	0.00623	0.00415	0.00208	0.00519	0.00363	0.00415	0.00727
6	0.00950	0.00686	0.00897	0.00844	0.01002	0.00633	0.00633	0.01266	0.01899	0.02691	0.71879	0.05012	0.06331	0.01372	0.00791	0.00211	0.00317	0.01213	0.00739	0.00633
7	0.02264	0.01875	0.02016	0.01615	0.01997	0.07692	0.01327	0.46805	0.02499	0.03341	0.01375	0.01542	0.01051	0.00893	0.01067	0.00223	0.20278	0.00586	0.00547	0.01006
8	0.32197	0.01501	0.03851	0.04392	0.01821	0.03707	0.03296	0.14554	0.01653	0.10330	0.01341	0.01516	0.01010	0.00970	0.04917	0.00257	0.06172	0.00510	0.00480	0.05524
9	0.06074	0.01185	0.01586	0.05483	0.10023	0.03528	0.06036	0.05832	0.04172	0.05877	0.07341	0.08513	0.13866	0.06801	0.04133	0.00294	0.05215	0.02771	0.00506	0.00764

[dist]
# distance from previous block
# <min> <max>
0	1

[block]
# block no. 4 follows, 32 sequences, length 11
# corresponding to MSA columns:
# 123-133
name=unknown_E
#
# <colnr> <probs for GDERKNQSTAVLIFYWHMCP>
#	G	D	E	R	K	N	Q	S	T	A	V	L	I	F	Y	W	H	M	C	P
0	0.01941	0.14745	0.08314	0.04121	0.16041	0.12500	0.04641	0.15547	0.11221	0.02465	0.01437	0.01589	0.01123	0.00694	0.00624	0.00193	0.00831	0.00556	0.00435	0.00980
1	0.04473	0.01309	0.07156	0.01560	0.12946	0.01204	0.01107	0.09515	0.11255	0.05159	0.06721	0.05659	0.01922	0.00857	0.00611	0.00195	0.00544	0.00717	0.26228	0.00862
2	0.00851	0.00658	0.00770	0.00812	0.00961	0.00587	0.00589	0.01034	0.01509	0.01939	0.17811	0.25592	0.34597	0.04695	0.00920	0.00257	0.00376	0.04836	0.00636	0.00569
3	0.01662	0.01600	0.03953	0.01524	0.05542	0.10953	0.01162	0.02689	0.34121	0.05089	0.04270	0.02657	0.06559	0.01237	0.05563	0.00280	0.06853	0.02822	0.00554	0.00910
4	0.00833	0.00635	0.00752	0.00817	0.00935	0.00569	0.00568	0.00983	0.01420	0.01826	0.11997	0.37912	0.29435	0.06900	0.00999	0.00275	0.00381	0.01589	0.00621	0.00553
5	0.01346	0.03471	0.72942	0.01912	0.02904	0.01558	0.02479	0.02125	0.01417	0.02125	0.01204	0.01417	0.00850	0.00637	0.00637	0.00212	0.00992	0.00496	0.00283	0.00992
6	0.01571	0.01499	0.05006	0.09149	0.25521	0.01534	0.08805	0.05855	0.11219	0.02318	0.01632	0.02054	0.01322	0.00769	0.00802	0.00216	0.07364	0.02682	0.09760	0.00924
7	0.03903	0.01205	0.04085	0.08595	0.04146	0.04429	0.08080	0.06247	0.01500	0.02231	0.02027	0.10486	0.03593	0.05618	0.00875	0.00232	0.04348	0.00799	0.26880	0.00721
8	0.02950	0.01239	0.01617	0.01240	0.01761	0.01130	0.01024	0.12040	0.02083	0.63699	0.02511	0.02195	0.01593	0.00827	0.00674	0.00207	0.00593	0.00665	0.00810	0.01142
9	0.01377	0.01269	0.01499	0.09711	0.01804	0.09061	0.01122	0.04981	0.01315	0.01777	0.01607	0.02269	0.03459	0.07094	0.25659	0.00543	0.19268	0.00668	0.04832	0.00683
10	0.01969	0.01902	0.02097	0.21628	0.16502	0.17481	0.01577	0.19587	0.06292	0.02504	0.01375	0.01636	0.01056	0.00710	0.00656	0.00202	0.00882	0.00573	0.00435	0.00936

[dist]
# distance from previous block
# <min> <max>
0	1

[block]
# block no. 5 follows, 32 sequences, length 17
# corresponding to MSA columns:
# 135-151
name=unknown_F
#
# <colnr> <probs for GDERKNQSTAVLIFYWHMCP>
#	G	D	E	R	K	N	Q	S	T	A	V	L	I	F	Y	W	H	M	C	P
0	0.63122	0.01533	0.04917	0.01338	0.07171	0.04329	0.05019	0.02025	0.01242	0.02797	0.01003	0.01199	0.00782	0.00621	0.00476	0.00207	0.00628	0.00417	0.00395	0.00779
1	0.00963	0.00700	0.00983	0.00983	0.01070	0.00787	0.00720	0.01137	0.01050	0.01487	0.01885	0.03119	0.01887	0.24699	0.54380	0.00960	0.01481	0.00790	0.00372	0.00546
2	0.01441	0.08995	0.01594	0.05840	0.06095	0.04320	0.02787	0.04324	0.11537	0.02290	0.11969	0.04186	0.04188	0.02822	0.00739	0.02263	0.00565	0.00730	0.14703	0.08612
3	0.01424	0.01327	0.02234	0.39468	0.20972	0.01476	0.07340	0.05095	0.01518	0.02018	0.01611	0.02356	0.03491	0.00777	0.00703	0.00223	0.00842	0.05921	0.00364	0.00841
4	0.01444	0.01349	0.06192	0.05194	0.10027	0.02937	0.03788	0.04077	0.03486	0.04586	0.01924	0.11714	0.04086	0.00874	0.00684	0.00182	0.03321	0.00745	0.07731	0.25658
5	0.01794	0.76823	0.03516	0.01148	0.01722	0.02655	0.01148	0.02009	0.01363	0.01579	0.00933	0.01076	0.00861	0.00574	0.00431	0.00144	0.00718	0.00359	0.00287	0.00861
6	0.01292	0.01130	0.01125	0.01055	0.01259	0.10131	0.00796	0.04570	0.08300	0.02158	0.20444	0.03523	0.09876	0.07960	0.18275	0.00446	0.00849	0.00893	0.05235	0.00682
7	0.01907	0.03860	0.05603	0.03761	0.05483	0.01322	0.05056	0.13382	0.03939	0.19267	0.04301	0.04839	0.01736	0.10294	0.03741	0.00296	0.04349	0.00737	0.05233	0.00894
8	0.39761	0.09585	0.04107	0.04635	0.04378	0.08229	0.03495	0.11711	0.01574	0.02717	0.01181	0.03789	0.00972	0.00700	0.00527	0.00200	0.00694	0.00494	0.00424	0.00827
9	0.01660	0.01681	0.07208	0.04676	0.36504	0.05497	0.10406	0.02111	0.03541	0.05189	0.01512	0.01974	0.01236	0.00705	0.00722	0.00207	0.03437	0.03003	0.07781	0.00950
10	0.01317	0.00973	0.01226	0.01313	0.08252	0.01056	0.00898	0.05118	0.13102	0.02362	0.09097	0.09866	0.02363	0.01644	0.11910	0.00339	0.04027	0.00842	0.23535	0.00760
11	0.01141	0.00953	0.01184	0.01040	0.01329	0.00863	0.00786	0.01344	0.01314	0.01917	0.02403	0.32145	0.05152	0.01274	0.00839	0.00196	0.08464	0.01076	0.00487	0.36093
12	0.01794	0.09360	0.10561	0.01579	0.08832	0.09732	0.01273	0.10747	0.01728	0.06630	0.03447	0.01653	0.01229	0.00805	0.03017	0.00194	0.00756	0.00519	0.04294	0.21849
13	0.01786	0.06878	0.23472	0.04000	0.09468	0.18215	0.03799	0.06934	0.09128	0.02220	0.01422	0.01605	0.01093	0.00692	0.00621	0.00196	0.00892	0.00541	0.06115	0.00924
14	0.25805	0.07589	0.07729	0.01345	0.03951	0.06475	0.01149	0.13845	0.03370	0.05853	0.01371	0.01679	0.01103	0.00839	0.02457	0.00218	0.02697	0.03364	0.00459	0.08703
15	0.01679	0.08612	0.13357	0.04656	0.11831	0.04575	0.03713	0.07135	0.19490	0.05690	0.05487	0.02223	0.04995	0.00810	0.00654	0.00206	0.00712	0.00676	0.02545	0.00956
16	0.01301	0.03331	0.03054	0.00850	0.01090	0.00754	0.00687	0.01578	0.01585	0.10685	0.17650	0.09885	0.14601	0.01198	0.00666	0.00202	0.00399	0.03234	0.26560	0.00691

[dist]
# distance from previous block
# <min> <max>
2	16

[block]
# block no. 6 follows, 32 sequences, length 17
# corresponding to MSA columns:
# 168-184
name=unknown_G
#
# <colnr> <probs for GDERKNQSTAVLIFYWHMCP>
#	G	D	E	R	K	N	Q	S	T	A	V	L	I	F	Y	W	H	M	C	P
0	0.04023	0.17629	0.15970	0.04524	0.04062	0.06368	0.03518	0.03879	0.04190	0.03906	0.07001	0.04140	0.03650	0.01020	0.04402	0.00239	0.04669	0.00629	0.00404	0.05777
1	0.01262	0.00843	0.01111	0.13255	0.01683	0.00864	0.00871	0.01653	0.05666	0.08780	0.21366	0.08572	0.11952	0.01288	0.02827	0.00239	0.00508	0.02744	0.13809	0.00707
2	0.00834	0.00628	0.00755	0.00832	0.00937	0.00568	0.00572	0.00976	0.01392	0.01800	0.10682	0.42688	0.25206	0.07645	0.01028	0.00282	0.00388	0.01622	0.00617	0.00549
3	0.01468	0.07365	0.13727	0.07143	0.17600	0.01507	0.04346	0.07242	0.04702	0.02086	0.01754	0.03787	0.04772	0.10470	0.04677	0.00309	0.05101	0.00699	0.00390	0.00854
4	0.01774	0.01344	0.01454	0.01267	0.01650	0.01489	0.00995	0.08988	0.48216	0.08315	0.05199	0.02465	0.02037	0.00886	0.00659	0.00212	0.00523	0.00731	0.07879	0.03917
5	0.17456	0.05209	0.12521	0.07581	0.12189	0.17994	0.01456	0.04346	0.01578	0.08897	0.01350	0.04164	0.01080	0.00718	0.00597	0.00200	0.00832	0.00544	0.00408	0.00879
6	0.00873	0.00628	0.00736	0.00804	0.00900	0.00578	0.00543	0.01004	0.01327	0.01756	0.06322	0.36815	0.22755	0.14732	0.01252	0.00315	0.00413	0.01497	0.06214	0.00535
7	0.02078	0.37955	0.05559	0.01488	0.04489	0.26011	0.01266	0.05420	0.01657	0.04723	0.01127	0.01269	0.00938	0.00643	0.00528	0.00164	0.00879	0.00429	0.02513	0.00864
8	0.01036	0.00742	0.00919	0.00873	0.01059	0.00695	0.00654	0.01414	0.06231	0.04982	0.49984	0.10615	0.15390	0.01429	0.00786	0.00219	0.00349	0.01250	0.00712	0.00662
9	0.01716	0.21222	0.19011	0.02083	0.13136	0.08721	0.10006	0.05540	0.01556	0.02040	0.01153	0.01408	0.00931	0.00638	0.00672	0.00189	0.04322	0.00512	0.00330	0.04814
10	0.01735	0.19525	0.14477	0.07610	0.14828	0.07174	0.09746	0.04776	0.07875	0.04087	0.01351	0.01570	0.01057	0.00650	0.00619	0.00194	0.00856	0.00553	0.00371	0.00945
11	0.00837	0.00664	0.00753	0.00767	0.00943	0.00580	0.00561	0.01035	0.01580	0.02019	0.22829	0.18361	0.43324	0.01687	0.00804	0.00231	0.00343	0.01451	0.00652	0.00580
12	0.01410	0.00819	0.00912	0.00835	0.01056	0.00819	0.00641	0.08432	0.03698	0.07243	0.15922	0.06640	0.05390	0.01005	0.00603	0.00185	0.00384	0.00837	0.42450	0.00718
13	0.01785	0.07075	0.15215	0.09857	0.19582	0.07355	0.05589	0.08181	0.05110	0.07851	0.04867	0.01812	0.01334	0.00706	0.00655	0.00203	0.00830	0.00605	0.00424	0.00964
14	0.01525	0.07322	0.19662	0.02976	0.04585	0.07882	0.01371	0.06061	0.03207	0.06111	0.09477	0.02768	0.11939	0.04895	0.02984	0.00256	0.04939	0.00753	0.00461	0.00826
15	0.00953	0.00710	0.00861	0.00869	0.01018	0.00663	0.00628	0.04567	0.01649	0.02207	0.29076	0.28648	0.20030	0.03892	0.00885	0.00247	0.00377	0.01451	0.00661	0.00608
16	0.05236	0.07290	0.04201	0.01877	0.11128	0.38629	0.01340	0.07030	0.07182	0.04143	0.04750	0.01606	0.01285	0.00729	0.00617	0.00186	0.00944	0.00530	0.00422	0.00875

[dist]
# distance from previous block
# <min> <max>
1	29

[block]
# block no. 7 follows, 32 sequences, length 35
# corresponding to MSA columns:
# 214-248
name=unknown_H
#
# <colnr> <probs for GDERKNQSTAVLIFYWHMCP>
#	G	D	E	R	K	N	Q	S	T	A	V	L	I	F	Y	W	H	M	C	P
0	0.01391	0.00965	0.01205	0.01048	0.01320	0.00961	0.03815	0.09502	0.04780	0.08538	0.20499	0.06307	0.19690	0.01239	0.00783	0.00216	0.03286	0.03112	0.10593	0.00750
1	0.02551	0.01879	0.02014	0.01544	0.02081	0.02081	0.01275	0.69996	0.03155	0.04229	0.01611	0.01611	0.01141	0.00805	0.00671	0.00201	0.00738	0.00604	0.00671	0.01141
2	0.01761	0.06355	0.06826	0.03909	0.11762	0.15955	0.01370	0.08586	0.11085	0.02193	0.01547	0.03501	0.01289	0.01196	0.07548	0.00286	0.08335	0.00609	0.05014	0.00874
3	0.02127	0.30909	0.09340	0.01528	0.02022	0.40060	0.01354	0.02374	0.01653	0.01665	0.01014	0.01180	0.00862	0.00642	0.00543	0.00166	0.01004	0.00411	0.00318	0.00830
4	0.02396	0.01006	0.01360	0.01090	0.01501	0.00881	0.00881	0.02672	0.01914	0.51822	0.23292	0.03097	0.03054	0.00992	0.00710	0.00209	0.00495	0.00835	0.00803	0.00990
5	0.81159	0.01298	0.00986	0.00882	0.01298	0.01505	0.00727	0.01972	0.01142	0.03010	0.00934	0.01090	0.00727	0.00623	0.00415	0.00208	0.00519	0.00363	0.00415	0.00727
6	0.01566	0.05912	0.02008	0.43554	0.05485	0.13862	0.01588	0.05706	0.01531	0.01847	0.01358	0.07325	0.01178	0.00802	0.00715	0.00215	0.03565	0.00656	0.00353	0.00774
7	0.00962	0.00706	0.01014	0.01014	0.01112	0.00804	0.00759	0.01157	0.01059	0.01510	0.01856	0.02961	0.01818	0.18234	0.60751	0.00999	0.01585	0.00766	0.00368	0.00563
8	0.00818	0.00584	0.00779	0.00934	0.00973	0.00545	0.00623	0.00934	0.01285	0.01713	0.03698	0.75981	0.04438	0.02102	0.00856	0.00273	0.00389	0.01908	0.00623	0.00545
9	0.01251	0.00625	0.00625	0.00625	0.00782	0.00625	0.00469	0.01563	0.01407	0.02502	0.02189	0.02502	0.01720	0.00782	0.00469	0.00156	0.00313	0.00625	0.80144	0.00625
10	0.25146	0.02823	0.51485	0.01605	0.02425	0.01542	0.01957	0.02079	0.01335	0.02389	0.01124	0.01319	0.00813	0.00633	0.00571	0.00211	0.00851	0.00456	0.00323	0.00913
11	0.00963	0.00701	0.00986	0.00986	0.01073	0.00788	0.00723	0.01139	0.01051	0.01489	0.01882	0.03106	0.01881	0.24142	0.54929	0.00964	0.01490	0.00788	0.00372	0.00548
12	0.01022	0.00867	0.00906	0.00863	0.01121	0.00843	0.00657	0.01629	0.18591	0.02139	0.11966	0.05352	0.48614	0.01475	0.00766	0.00225	0.00384	0.01236	0.00649	0.00694
13	0.00958	0.00697	0.00981	0.00986	0.01073	0.00781	0.00723	0.01133	0.01060	0.01499	0.01945	0.05718	0.01968	0.22820	0.53502	0.00942	0.01459	0.00826	0.00381	0.00549
14	0.00953	0.00727	0.01057	0.04305	0.01288	0.00820	0.00828	0.01160	0.01165	0.01633	0.04365	0.22355	0.02520	0.06269	0.43780	0.00755	0.03941	0.01051	0.00438	0.00590
15	0.01561	0.01615	0.05565	0.04851	0.29266	0.03305	0.14841	0.02302	0.16322	0.02248	0.01951	0.04658	0.03888	0.00806	0.00713	0.00219	0.00790	0.03704	0.00437	0.00959
16	0.02551	0.01879	0.02014	0.01544	0.02081	0.02081	0.01275	0.69996	0.03155	0.04229	0.01611	0.01611	0.01141	0.00805	0.00671	0.00201	0.00738	0.00604	0.00671	0.01141
17	0.00818	0.00584	0.00779	0.00934	0.00973	0.00545	0.00623	0.00934	0.01285	0.01713	0.03698	0.75981	0.04438	0.02102	0.00856	0.00273	0.00389	0.01908	0.00623	0.00545
18	0.01923	0.24080	0.02336	0.01506	0.05355	0.10069	0.05278	0.16690	0.03552	0.05116	0.01595	0.04520	0.01363	0.00924	0.02863	0.00214	0.00779	0.03548	0.07399	0.00890
19	0.01005	0.00835	0.01108	0.03302	0.07548	0.00840	0.00855	0.01228	0.01484	0.01956	0.15762	0.13916	0.27466	0.04470	0.03190	0.00281	0.06341	0.07212	0.00565	0.00637
20	0.05125	0.30789	0.07014	0.01667	0.08721	0.22602	0.01339	0.04923	0.04705	0.05630	0.01207	0.01340	0.00981	0.00653	0.00549	0.00173	0.00860	0.00455	0.00373	0.00894
21	0.01643	0.01639	0.07446	0.16696	0.18728	0.05622	0.03595	0.06230	0.05255	0.04943	0.01389	0.01680	0.01081	0.00662	0.00676	0.00189	0.03071	0.00560	0.02779	0.16113
22	0.01835	0.13728	0.06006	0.03782	0.09557	0.05313	0.06187	0.13853	0.09740	0.05538	0.01544	0.04187	0.01253	0.00758	0.00718	0.00194	0.05265	0.00606	0.00458	0.09479
23	0.01461	0.01443	0.02359	0.45362	0.24712	0.04631	0.06723	0.01890	0.01439	0.01885	0.01219	0.01727	0.00952	0.00642	0.00675	0.00214	0.00896	0.00604	0.00313	0.00853
24	0.01911	0.01353	0.01512	0.01288	0.01680	0.01473	0.01020	0.15025	0.37401	0.13489	0.13683	0.02716	0.02520	0.00954	0.00697	0.00217	0.00539	0.00792	0.00712	0.01019
25	0.00823	0.00604	0.00776	0.00910	0.00979	0.00556	0.00623	0.00954	0.01327	0.01737	0.04119	0.64022	0.13699	0.02038	0.00850	0.00267	0.00391	0.04152	0.00623	0.00551
26	0.00976	0.00651	0.00732	0.00732	0.00732	0.00651	0.00407	0.00976	0.00976	0.01301	0.02114	0.04391	0.02439	0.76419	0.03415	0.00651	0.00651	0.00976	0.00407	0.00407
27	0.00872	0.00683	0.00790	0.00763	0.00955	0.00600	0.00572	0.01117	0.01717	0.02258	0.39806	0.05724	0.38675	0.01533	0.00792	0.00219	0.00328	0.01313	0.00682	0.00600
28	0.01468	0.01468	0.02055	0.01762	0.01762	0.02055	0.01468	0.01615	0.01028	0.01615	0.00881	0.01468	0.00881	0.01174	0.02202	0.00294	0.75191	0.00587	0.00294	0.00734
29	0.00936	0.00685	0.00878	0.00830	0.00994	0.00627	0.00622	0.01240	0.01867	0.02614	0.66209	0.05138	0.12049	0.01400	0.00792	0.00212	0.00319	0.01231	0.00729	0.00627
30	0.01391	0.01193	0.01391	0.00994	0.01590	0.00894	0.00795	0.01690	0.01391	0.02186	0.01193	0.01391	0.00994	0.00497	0.00497	0.00099	0.00497	0.00398	0.00398	0.80521
31	0.01503	0.20085	0.21113	0.01285	0.01941	0.01525	0.01342	0.04456	0.01464	0.02113	0.01279	0.01586	0.01059	0.00623	0.00537	0.00154	0.00686	0.02520	0.04955	0.29775
32	0.01060	0.00944	0.03685	0.00933	0.01120	0.03956	0.00706	0.04274	0.03751	0.01990	0.12128	0.25408	0.22150	0.10954	0.01106	0.00285	0.00477	0.01318	0.03137	0.00617
33	0.15363	0.19628	0.06437	0.04444	0.06657	0.19464	0.04296	0.04391	0.07130	0.02127	0.01277	0.03679	0.01075	0.00701	0.00565	0.00189	0.00827	0.00518	0.00383	0.00852
34	0.01566	0.01654	0.08482	0.06618	0.28189	0.03948	0.09451	0.08729	0.01709	0.02352	0.08762	0.02361	0.06986	0.00810	0.00741	0.00209	0.03098	0.00730	0.02690	0.00915

[dist]
# distance from previous block
# <min> <max>
0	1

[block]
# block no. 8 follows, 32 sequences, length 22
# corresponding to MSA columns:
# 250-271
name=unknown_I
#
# <colnr> <probs for GDERKNQSTAVLIFYWHMCP>
#	G	D	E	R	K	N	Q	S	T	A	V	L	I	F	Y	W	H	M	C	P
0	0.00961	0.00698	0.00971	0.00964	0.01061	0.00765	0.00708	0.01156	0.01175	0.01664	0.12115	0.03392	0.02535	0.21104	0.46730	0.00852	0.01314	0.00851	0.00426	0.00559
1	0.02203	0.01786	0.01862	0.01544	0.04574	0.06608	0.01202	0.42253	0.13840	0.03453	0.01682	0.01700	0.01247	0.00763	0.00643	0.00189	0.00703	0.00588	0.00599	0.12561
2	0.02207	0.01487	0.03715	0.01448	0.05317	0.01476	0.01135	0.30844	0.07251	0.19013	0.04953	0.05755	0.03971	0.00902	0.00674	0.00203	0.00623	0.00732	0.03501	0.04795
3	0.01537	0.04686	0.30822	0.04010	0.11688	0.03811	0.04056	0.02109	0.04533	0.08692	0.08165	0.03952	0.04373	0.00851	0.00682	0.00214	0.00792	0.03665	0.00438	0.00922
4	0.01608	0.07134	0.21811	0.05165	0.11546	0.01666	0.29667	0.02231	0.04904	0.05670	0.01402	0.01695	0.01046	0.00623	0.00695	0.00213	0.00959	0.00646	0.00360	0.00958
5	0.01491	0.01252	0.01422	0.01492	0.08278	0.03727	0.01024	0.05058	0.35036	0.04339	0.02956	0.22573	0.06032	0.01231	0.00731	0.00234	0.00540	0.01070	0.00622	0.00892
6	0.02494	0.01264	0.01652	0.01473	0.07558	0.01215	0.01098	0.14883	0.04558	0.42581	0.09228	0.02580	0.02073	0.00900	0.00694	0.00211	0.00595	0.03140	0.00738	0.01063
7	0.01563	0.08154	0.27830	0.07463	0.18886	0.03376	0.05526	0.03670	0.04044	0.04807	0.01616	0.02024	0.03501	0.00737	0.00660	0.00210	0.00853	0.03758	0.00372	0.00950
8	0.40881	0.01141	0.01123	0.00976	0.01338	0.01232	0.00790	0.02064	0.03947	0.16149	0.09946	0.02457	0.09927	0.00911	0.00651	0.00215	0.04237	0.00667	0.00559	0.00790
9	0.00831	0.00631	0.00766	0.00838	0.00956	0.00566	0.00588	0.00997	0.01462	0.01902	0.15648	0.42276	0.26402	0.01856	0.00826	0.00248	0.00362	0.01638	0.00642	0.00566
10	0.01196	0.01128	0.07416	0.03153	0.09138	0.01027	0.01060	0.05970	0.01366	0.01940	0.02206	0.15465	0.04540	0.11228	0.20689	0.00505	0.03714	0.00927	0.06633	0.00697
11	0.01678	0.10795	0.14960	0.06529	0.17571	0.07785	0.05638	0.06197	0.01637	0.06082	0.04361	0.04123	0.05544	0.00782	0.00647	0.00199	0.00795	0.00663	0.03106	0.00907
12	0.00922	0.00701	0.00761	0.00735	0.00961	0.00598	0.00555	0.01125	0.01619	0.05138	0.19243	0.05991	0.56095	0.01597	0.00787	0.00223	0.00346	0.01344	0.00655	0.00605
13	0.00855	0.00687	0.00769	0.00808	0.00981	0.00616	0.00591	0.01094	0.04246	0.01894	0.10367	0.25470	0.43494	0.01761	0.00811	0.00241	0.00369	0.03725	0.00634	0.00587
14	0.06376	0.07155	0.21329	0.14111	0.07118	0.01450	0.08128	0.04161	0.01467	0.02179	0.03717	0.03499	0.01344	0.00900	0.03406	0.00239	0.00827	0.02135	0.09621	0.00839
15	0.01444	0.01591	0.12268	0.06334	0.12785	0.01350	0.13249	0.07460	0.06592	0.02252	0.01888	0.06958	0.03493	0.04549	0.06946	0.00305	0.00856	0.00767	0.08058	0.00855
16	0.01447	0.00743	0.00915	0.00901	0.01106	0.00700	0.00703	0.01704	0.01518	0.15578	0.04447	0.18202	0.05367	0.01277	0.00679	0.00218	0.00428	0.11866	0.31497	0.00704
17	0.00885	0.00669	0.00795	0.00855	0.00995	0.00623	0.00618	0.01117	0.03773	0.01897	0.09464	0.34239	0.28096	0.01932	0.04255	0.00284	0.00443	0.03984	0.04490	0.00586
18	0.01749	0.04051	0.20307	0.09130	0.14750	0.07807	0.05885	0.06904	0.03979	0.09834	0.01914	0.02067	0.07127	0.00765	0.00668	0.00207	0.00835	0.00647	0.00431	0.00946
19	0.01651	0.04592	0.03061	0.02290	0.04734	0.07376	0.42215	0.04706	0.06571	0.02185	0.01557	0.02093	0.01263	0.03247	0.00857	0.00232	0.02742	0.03112	0.04642	0.00872
20	0.01074	0.00782	0.00974	0.04237	0.01264	0.00767	0.00740	0.03620	0.06320	0.03685	0.11428	0.37641	0.10461	0.03475	0.00846	0.00250	0.00440	0.03927	0.04379	0.03690
21	0.01550	0.04235	0.13877	0.15411	0.12592	0.04676	0.06330	0.03441	0.08838	0.06285	0.03844	0.05094	0.04326	0.00843	0.00681	0.00215	0.00776	0.03095	0.03004	0.00887

[dist]
# distance from previous block
# <min> <max>
0	152

# created by:
# /home/cegg/simao/soft/augustus-3.2.1/scripts/msa2prfl.pl ./align_prep/EOG090W0F29.fa
