[name]
unknown

[dist]
# distance from previous block
# <min> <max>
11	45

[block]
# block no. 0 follows, 35 sequences, length 30
# corresponding to MSA columns:
# 46-75
name=unknown_A
#
# <colnr> <probs for GDERKNQSTAVLIFYWHMCP>
#	G	D	E	R	K	N	Q	S	T	A	V	L	I	F	Y	W	H	M	C	P
0	0.01044	0.00868	0.01058	0.01045	0.01178	0.06927	0.00808	0.01269	0.01102	0.01533	0.01662	0.02373	0.01525	0.04179	0.64564	0.00897	0.01570	0.00652	0.05165	0.00582
1	0.01729	0.01438	0.01520	0.01322	0.01707	0.01649	0.01041	0.15766	0.59960	0.02898	0.02390	0.02214	0.01781	0.00843	0.00644	0.00211	0.00538	0.00691	0.00644	0.01018
2	0.02568	0.01145	0.01483	0.01126	0.01630	0.01004	0.00926	0.08492	0.01832	0.56977	0.02204	0.01973	0.01430	0.00733	0.00611	0.00180	0.00542	0.00591	0.00708	0.13847
3	0.01945	0.01316	0.01525	0.01134	0.01667	0.01204	0.00925	0.23209	0.01920	0.16575	0.01513	0.01542	0.01104	0.00620	0.00552	0.00143	0.00553	0.00486	0.00534	0.41535
4	0.01272	0.03281	0.74418	0.01808	0.02746	0.01473	0.02344	0.02009	0.01339	0.02009	0.01138	0.01339	0.00804	0.00603	0.00603	0.00201	0.00938	0.00469	0.00268	0.00938
5	0.01229	0.00722	0.00954	0.00854	0.01062	0.00655	0.00655	0.01519	0.01799	0.14717	0.61364	0.04300	0.05236	0.01210	0.00729	0.00199	0.00340	0.01061	0.00713	0.00680
6	0.00923	0.00615	0.00692	0.00692	0.00692	0.00615	0.00384	0.00923	0.00923	0.01230	0.01999	0.04151	0.02306	0.77705	0.03229	0.00615	0.00615	0.00923	0.00384	0.00384
7	0.00811	0.00645	0.00728	0.00707	0.00895	0.00562	0.00530	0.01030	0.01591	0.02059	0.34276	0.05537	0.45426	0.01478	0.00749	0.00208	0.00312	0.01259	0.00635	0.00562
8	0.01478	0.01653	0.03417	0.02491	0.03017	0.01666	0.58751	0.01941	0.01402	0.01941	0.01202	0.01653	0.00939	0.00639	0.00990	0.00225	0.14744	0.00714	0.00313	0.00826
9	0.63696	0.01341	0.01489	0.01198	0.01641	0.01482	0.13532	0.05280	0.01248	0.02755	0.00987	0.01178	0.00756	0.00587	0.00469	0.00199	0.00606	0.00428	0.00391	0.00737
10	0.00773	0.00552	0.00736	0.00883	0.00920	0.00515	0.00589	0.00883	0.01215	0.01619	0.03497	0.77291	0.04196	0.01987	0.00810	0.00258	0.00368	0.01803	0.00589	0.00515
11	0.02820	0.01121	0.01498	0.01148	0.01640	0.00994	0.00949	0.07181	0.01885	0.70000	0.02444	0.02121	0.01541	0.00784	0.00638	0.00196	0.00549	0.00634	0.00776	0.01080
12	0.82186	0.01227	0.00932	0.00834	0.01227	0.01423	0.00687	0.01865	0.01080	0.02846	0.00883	0.01031	0.00687	0.00589	0.00393	0.00196	0.00491	0.00344	0.00393	0.00687
13	0.00829	0.00633	0.00774	0.00864	0.00998	0.00579	0.00660	0.01006	0.01368	0.01729	0.04595	0.31482	0.30875	0.01779	0.00804	0.00250	0.00406	0.19239	0.00588	0.00541
14	0.00883	0.00648	0.00828	0.00783	0.00939	0.00592	0.00587	0.01169	0.01761	0.02462	0.66786	0.04874	0.12664	0.01328	0.00748	0.00201	0.00301	0.01166	0.00688	0.00592
15	0.02061	0.34004	0.02433	0.01408	0.01814	0.42834	0.01173	0.02240	0.01562	0.01527	0.00935	0.01099	0.00816	0.00622	0.00551	0.00156	0.03310	0.00384	0.00302	0.00767
16	0.01464	0.01605	0.03303	0.02360	0.02987	0.01467	0.58636	0.01953	0.01464	0.02038	0.01255	0.01640	0.00958	0.00523	0.00698	0.00192	0.00961	0.00681	0.00331	0.15482
17	0.10195	0.01587	0.02686	0.02010	0.02544	0.01623	0.39069	0.10774	0.18122	0.02501	0.01571	0.01768	0.01173	0.00644	0.00673	0.00209	0.00831	0.00677	0.00442	0.00899
18	0.01696	0.78087	0.03324	0.01085	0.01628	0.02510	0.01085	0.01900	0.01289	0.01493	0.00882	0.01018	0.00814	0.00543	0.00407	0.00136	0.00678	0.00339	0.00271	0.00814
19	0.00871	0.00647	0.00811	0.00770	0.00931	0.00587	0.00577	0.01145	0.01732	0.02394	0.61277	0.04986	0.18216	0.01353	0.00749	0.00202	0.00303	0.01182	0.00679	0.00587
20	0.01396	0.02968	0.61234	0.01728	0.02573	0.01524	0.02118	0.07870	0.08525	0.02236	0.01313	0.01456	0.00938	0.00641	0.00610	0.00201	0.00875	0.00502	0.00335	0.00956
21	0.01928	0.01441	0.01527	0.01280	0.01679	0.04064	0.01019	0.23862	0.33657	0.11097	0.07080	0.02336	0.04404	0.00870	0.00649	0.00203	0.00568	0.00704	0.00649	0.00982
22	0.00946	0.00706	0.00915	0.01020	0.01185	0.00675	0.00870	0.01201	0.01456	0.01846	0.04223	0.06860	0.23324	0.01711	0.00841	0.00270	0.00510	0.50284	0.00586	0.00570
23	0.00755	0.00643	0.00650	0.00648	0.00860	0.00538	0.00486	0.00921	0.01459	0.01744	0.08883	0.06055	0.71015	0.01595	0.00750	0.00214	0.00321	0.01332	0.00593	0.00538
24	0.01198	0.01128	0.01903	0.76180	0.04369	0.01409	0.01762	0.01621	0.01268	0.01621	0.01128	0.01691	0.00846	0.00634	0.00634	0.00211	0.00846	0.00564	0.00282	0.00705
25	0.02760	0.01432	0.01531	0.01220	0.01681	0.14381	0.00986	0.02990	0.01812	0.61027	0.02227	0.01975	0.01434	0.00761	0.00626	0.00190	0.00649	0.00596	0.00702	0.01017
26	0.01497	0.01711	0.03743	0.02674	0.03316	0.01604	0.71444	0.02032	0.01497	0.02032	0.01283	0.01711	0.00963	0.00535	0.00749	0.00214	0.01070	0.00749	0.00321	0.00856
27	0.01570	0.01507	0.02575	0.03894	0.73748	0.01507	0.01947	0.01947	0.01444	0.02073	0.01193	0.01570	0.01005	0.00565	0.00628	0.00188	0.00754	0.00565	0.00314	0.01005
28	0.01500	0.01751	0.05309	0.02514	0.03109	0.04194	0.62001	0.02002	0.01490	0.02008	0.03447	0.01760	0.01101	0.00589	0.00796	0.00214	0.04313	0.00733	0.00329	0.00839
29	0.01022	0.00730	0.01022	0.01168	0.01314	0.00730	0.01022	0.01314	0.01460	0.01899	0.03359	0.07156	0.03651	0.01752	0.00876	0.00292	0.00584	0.69478	0.00584	0.00584

[dist]
# distance from previous block
# <min> <max>
0	1

[block]
# block no. 1 follows, 35 sequences, length 67
# corresponding to MSA columns:
# 77-143
name=unknown_B
#
# <colnr> <probs for GDERKNQSTAVLIFYWHMCP>
#	G	D	E	R	K	N	Q	S	T	A	V	L	I	F	Y	W	H	M	C	P
0	0.01486	0.01688	0.03671	0.05556	0.03357	0.01597	0.68711	0.02016	0.01488	0.02016	0.01277	0.01710	0.00958	0.00539	0.00744	0.00214	0.01061	0.00741	0.00319	0.00850
1	0.01217	0.01147	0.01937	0.72461	0.07939	0.01414	0.01771	0.01638	0.01278	0.01644	0.01131	0.01685	0.00854	0.00631	0.00634	0.00210	0.00841	0.00564	0.00284	0.00720
2	0.00923	0.00615	0.00692	0.00692	0.00692	0.00615	0.00384	0.00923	0.00923	0.01230	0.01999	0.04151	0.02306	0.77705	0.03229	0.00615	0.00615	0.00923	0.00384	0.00384
3	0.01272	0.03281	0.74418	0.01808	0.02746	0.01473	0.02344	0.02009	0.01339	0.02009	0.01138	0.01339	0.00804	0.00603	0.00603	0.00201	0.00938	0.00469	0.00268	0.00938
4	0.01570	0.01507	0.02575	0.03894	0.73748	0.01507	0.01947	0.01947	0.01444	0.02073	0.01193	0.01570	0.01005	0.00565	0.00628	0.00188	0.00754	0.00565	0.00314	0.01005
5	0.01578	0.01363	0.01434	0.01291	0.01650	0.01578	0.01004	0.03371	0.72602	0.02654	0.02582	0.02367	0.01937	0.00861	0.00646	0.00215	0.00502	0.00717	0.00646	0.01004
6	0.02324	0.02927	0.01777	0.01614	0.01943	0.70880	0.01213	0.02582	0.05915	0.01617	0.01074	0.01215	0.00882	0.00666	0.00576	0.00166	0.01107	0.00427	0.00345	0.00751
7	0.01272	0.03281	0.74418	0.01808	0.02746	0.01473	0.02344	0.02009	0.01339	0.02009	0.01138	0.01339	0.00804	0.00603	0.00603	0.00201	0.00938	0.00469	0.00268	0.00938
8	0.01022	0.00730	0.01022	0.01168	0.01314	0.00730	0.01022	0.01314	0.01460	0.01899	0.03359	0.07156	0.03651	0.01752	0.00876	0.00292	0.00584	0.69478	0.00584	0.00584
9	0.00781	0.00558	0.00746	0.00893	0.00933	0.00522	0.00603	0.00898	0.01223	0.01629	0.03492	0.74942	0.04178	0.01980	0.00812	0.00259	0.00375	0.04071	0.00589	0.00518
10	0.01209	0.00995	0.01113	0.01096	0.01322	0.01088	0.00824	0.02218	0.38790	0.02186	0.03227	0.28550	0.08155	0.01353	0.00723	0.00234	0.00447	0.05074	0.00618	0.00778
11	0.02370	0.03023	0.01798	0.01634	0.01961	0.75158	0.01226	0.02533	0.01798	0.01553	0.00981	0.01144	0.00817	0.00654	0.00572	0.00163	0.01144	0.00409	0.00327	0.00735
12	0.01156	0.00597	0.00616	0.00611	0.00759	0.00592	0.00458	0.01452	0.01374	0.02382	0.08809	0.02589	0.02038	0.00792	0.00472	0.00153	0.00296	0.00644	0.73619	0.00592
13	0.02370	0.03023	0.01798	0.01634	0.01961	0.75158	0.01226	0.02533	0.01798	0.01553	0.00981	0.01144	0.00817	0.00654	0.00572	0.00163	0.01144	0.00409	0.00327	0.00735
14	0.02172	0.01365	0.02394	0.01775	0.02314	0.01269	0.29688	0.02687	0.08598	0.37784	0.02013	0.01997	0.01358	0.00690	0.00684	0.00205	0.00752	0.00691	0.00582	0.00981
15	0.00773	0.00552	0.00736	0.00883	0.00920	0.00515	0.00589	0.00883	0.01215	0.01619	0.03497	0.77291	0.04196	0.01987	0.00810	0.00258	0.00368	0.01803	0.00589	0.00515
16	0.02292	0.01661	0.01776	0.01375	0.01847	0.01833	0.01131	0.64783	0.02821	0.03839	0.01576	0.01605	0.01132	0.00759	0.00616	0.00186	0.00659	0.00573	0.08504	0.01031
17	0.01500	0.01107	0.01904	0.01465	0.01856	0.01021	0.23258	0.04070	0.01704	0.16269	0.26944	0.03318	0.10789	0.00971	0.00723	0.00205	0.00607	0.00924	0.00581	0.00783
18	0.04425	0.02280	0.01785	0.01505	0.01914	0.34702	0.01181	0.32165	0.09199	0.02741	0.01367	0.01423	0.01035	0.00718	0.00601	0.00181	0.00873	0.00507	0.00491	0.00907
19	0.01198	0.01128	0.01903	0.76180	0.04369	0.01409	0.01762	0.01621	0.01268	0.01621	0.01128	0.01691	0.00846	0.00634	0.00634	0.00211	0.00846	0.00564	0.00282	0.00705
20	0.00778	0.00554	0.00735	0.00877	0.00913	0.00518	0.00583	0.00885	0.01206	0.01607	0.03450	0.75026	0.04137	0.04332	0.00885	0.00269	0.00376	0.01776	0.00583	0.00511
21	0.01608	0.01465	0.02459	0.12000	0.58168	0.01497	0.03699	0.04951	0.01505	0.04720	0.01250	0.01607	0.01009	0.00589	0.00633	0.00192	0.00762	0.00573	0.00341	0.00972
22	0.01809	0.01571	0.01537	0.01336	0.01694	0.12725	0.02864	0.15716	0.31460	0.06734	0.02377	0.08133	0.05196	0.00948	0.00659	0.00207	0.00638	0.02908	0.00585	0.00904
23	0.02392	0.01014	0.01327	0.01049	0.01477	0.00893	0.00855	0.05334	0.01807	0.56035	0.07966	0.02881	0.12190	0.00938	0.00662	0.00199	0.00498	0.00771	0.00745	0.00968
24	0.42352	0.01543	0.01301	0.01120	0.01522	0.10391	0.00899	0.13060	0.13328	0.06923	0.01368	0.01406	0.01021	0.00680	0.00508	0.00195	0.00606	0.00465	0.00486	0.00828
25	0.01687	0.14389	0.14571	0.01264	0.01788	0.03765	0.01197	0.05641	0.19833	0.11661	0.03448	0.03320	0.03707	0.00750	0.00582	0.00180	0.00626	0.00593	0.00491	0.10507
26	0.01367	0.19919	0.58606	0.01647	0.02497	0.01704	0.02064	0.01985	0.01328	0.01894	0.01081	0.01268	0.00806	0.00589	0.00559	0.00186	0.00880	0.00440	0.00269	0.00910
27	0.00909	0.00620	0.00722	0.00727	0.00747	0.00626	0.00433	0.00941	0.00961	0.01284	0.02192	0.06388	0.05090	0.65431	0.09853	0.00626	0.00698	0.00944	0.00395	0.00412
28	0.01570	0.01507	0.02575	0.03894	0.73748	0.01507	0.01947	0.01947	0.01444	0.02073	0.01193	0.01570	0.01005	0.00565	0.00628	0.00188	0.00754	0.00565	0.00314	0.01005
29	0.01498	0.01499	0.04714	0.15983	0.59857	0.01490	0.01928	0.01894	0.01412	0.01995	0.01181	0.01583	0.00972	0.00578	0.00628	0.00193	0.00775	0.00562	0.00307	0.00952
30	0.01481	0.01542	0.01929	0.01663	0.01693	0.08860	0.01373	0.01622	0.01050	0.01529	0.00847	0.01365	0.00831	0.01067	0.01939	0.00267	0.69421	0.00541	0.00282	0.00698
31	0.01536	0.01237	0.01329	0.01177	0.01507	0.01382	0.00924	0.12568	0.44488	0.02746	0.10779	0.02841	0.06182	0.00952	0.00655	0.00208	0.00486	0.02487	0.05610	0.00907
32	0.01938	0.01480	0.02513	0.02599	0.29027	0.01442	0.19610	0.09091	0.03901	0.19494	0.01605	0.01767	0.01165	0.00638	0.00663	0.00198	0.00771	0.00635	0.00470	0.00991
33	0.00854	0.00611	0.00778	0.00887	0.00957	0.00591	0.00607	0.01091	0.05698	0.01783	0.07666	0.63934	0.04021	0.01804	0.00775	0.00245	0.00368	0.01627	0.05148	0.00555
34	0.00773	0.00552	0.00736	0.00883	0.00920	0.00515	0.00589	0.00883	0.01215	0.01619	0.03497	0.77291	0.04196	0.01987	0.00810	0.00258	0.00368	0.01803	0.00589	0.00515
35	0.06228	0.00969	0.01144	0.01040	0.01259	0.02899	0.02969	0.07098	0.06753	0.05628	0.20632	0.20008	0.13180	0.01300	0.00803	0.00219	0.05502	0.01099	0.00585	0.00685
36	0.01379	0.22051	0.56580	0.01627	0.02465	0.01733	0.02028	0.01982	0.01327	0.01879	0.01074	0.01259	0.00806	0.00588	0.00554	0.00185	0.00873	0.00436	0.00269	0.00907
37	0.01049	0.00760	0.01042	0.01174	0.01330	0.00771	0.01021	0.01413	0.04861	0.01935	0.03322	0.06927	0.03569	0.01710	0.00865	0.00288	0.00580	0.66192	0.00587	0.00604
38	0.01534	0.01470	0.02509	0.10952	0.66974	0.01498	0.01929	0.01915	0.01427	0.02028	0.01187	0.01582	0.00989	0.00572	0.00629	0.00191	0.00763	0.00565	0.00311	0.00976
39	0.01536	0.01472	0.02513	0.10569	0.67341	0.01498	0.01930	0.01917	0.01428	0.02031	0.01187	0.01581	0.00990	0.00572	0.00629	0.00191	0.00762	0.00565	0.00311	0.00977
40	0.01696	0.78087	0.03324	0.01085	0.01628	0.02510	0.01085	0.01900	0.01289	0.01493	0.00882	0.01018	0.00814	0.00543	0.00407	0.00136	0.00678	0.00339	0.00271	0.00814
41	0.00773	0.00552	0.00736	0.00883	0.00920	0.00515	0.00589	0.00883	0.01215	0.01619	0.03497	0.77291	0.04196	0.01987	0.00810	0.00258	0.00368	0.01803	0.00589	0.00515
42	0.01618	0.64326	0.16403	0.01218	0.01834	0.02319	0.01317	0.01920	0.01298	0.01588	0.00929	0.01077	0.00812	0.00554	0.00443	0.00148	0.00726	0.00363	0.00271	0.00837
43	0.01230	0.01144	0.01295	0.01194	0.01344	0.11753	0.03429	0.03445	0.01190	0.01550	0.01538	0.02368	0.01468	0.13547	0.43104	0.00720	0.08067	0.00662	0.00346	0.00603
44	0.00750	0.00643	0.00643	0.00643	0.00857	0.00536	0.00482	0.00910	0.01446	0.01714	0.06427	0.06105	0.73490	0.01607	0.00750	0.00214	0.00321	0.01339	0.00589	0.00536
45	0.00923	0.00615	0.00692	0.00692	0.00692	0.00615	0.00384	0.00923	0.00923	0.01230	0.01999	0.04151	0.02306	0.77705	0.03229	0.00615	0.00615	0.00923	0.00384	0.00384
46	0.01520	0.01496	0.02357	0.22420	0.51731	0.05701	0.01858	0.01896	0.01419	0.01926	0.01164	0.01577	0.00953	0.00588	0.00626	0.00193	0.00800	0.00556	0.00306	0.00912
47	0.01432	0.01367	0.02326	0.30630	0.48087	0.01471	0.01878	0.01826	0.01379	0.01905	0.01169	0.01615	0.00946	0.00591	0.00630	0.00197	0.00788	0.00565	0.00302	0.00894
48	0.00761	0.00643	0.00659	0.00655	0.00864	0.00541	0.00491	0.00933	0.01474	0.01779	0.11729	0.05997	0.68147	0.01582	0.00750	0.00213	0.00320	0.01324	0.00598	0.00541
49	0.01270	0.01253	0.02079	0.66298	0.04179	0.04105	0.08546	0.01694	0.01310	0.01659	0.01137	0.01673	0.00856	0.00625	0.00643	0.00210	0.00878	0.00576	0.00287	0.00721
50	0.01524	0.01102	0.01150	0.01013	0.01312	0.06104	0.00787	0.08621	0.13355	0.13901	0.16886	0.06700	0.22625	0.01162	0.00693	0.00205	0.00477	0.00969	0.00637	0.00777
51	0.00801	0.00640	0.00721	0.00743	0.00918	0.00560	0.00560	0.00990	0.01479	0.01861	0.17433	0.14764	0.47411	0.01612	0.00767	0.00223	0.00345	0.07013	0.00608	0.00548
52	0.01559	0.01491	0.02520	0.06107	0.69433	0.01506	0.01913	0.01978	0.03528	0.02075	0.01232	0.01597	0.01027	0.00576	0.00629	0.00190	0.00749	0.00570	0.00323	0.00995
53	0.01953	0.01748	0.02086	0.01755	0.05784	0.10706	0.13583	0.23092	0.24569	0.05372	0.01769	0.01803	0.01313	0.00730	0.00650	0.00199	0.00753	0.00631	0.00534	0.00970
54	0.01535	0.01472	0.02512	0.10658	0.67256	0.01498	0.01930	0.01916	0.01428	0.02030	0.01187	0.01581	0.00990	0.00572	0.00629	0.00191	0.00762	0.00565	0.00311	0.00977
55	0.00827	0.00617	0.00778	0.00891	0.00972	0.00588	0.00619	0.01047	0.05341	0.01702	0.03775	0.61793	0.12015	0.01869	0.00796	0.00252	0.00380	0.04599	0.00592	0.00549
56	0.05819	0.01935	0.08819	0.01552	0.02090	0.07643	0.07002	0.45450	0.02437	0.08814	0.01471	0.01518	0.01043	0.00714	0.00625	0.00192	0.00765	0.00558	0.00551	0.01002
57	0.01818	0.05599	0.02375	0.01766	0.02222	0.07971	0.22598	0.17984	0.13337	0.05594	0.04007	0.01962	0.01397	0.00759	0.00755	0.00206	0.05466	0.02804	0.00480	0.00900
58	0.01463	0.01626	0.03461	0.02687	0.09832	0.01533	0.60820	0.01958	0.01476	0.02012	0.01402	0.06027	0.01152	0.00621	0.00741	0.00214	0.01000	0.00792	0.00336	0.00850
59	0.00926	0.00706	0.01046	0.01035	0.01141	0.00833	0.00804	0.01142	0.01015	0.01468	0.01674	0.02499	0.01578	0.06799	0.70170	0.00978	0.04602	0.00682	0.00339	0.00566
60	0.01311	0.01128	0.01336	0.03601	0.01605	0.00866	0.00787	0.01598	0.01314	0.02051	0.01128	0.01329	0.00936	0.00476	0.00476	0.00098	0.00483	0.00382	0.00373	0.78723
61	0.03639	0.08051	0.22914	0.01979	0.02633	0.01518	0.32477	0.02081	0.03964	0.07680	0.03325	0.04205	0.01223	0.00656	0.00661	0.00203	0.00881	0.00664	0.00371	0.00875
62	0.04730	0.01049	0.01386	0.01076	0.01544	0.00911	0.00884	0.02842	0.01753	0.64495	0.02744	0.02429	0.07399	0.00839	0.00636	0.00195	0.00519	0.00680	0.00748	0.03140
63	0.01015	0.00661	0.00844	0.00825	0.00891	0.00689	0.00553	0.01111	0.01028	0.05105	0.04189	0.03527	0.02150	0.47556	0.26467	0.00712	0.00954	0.00836	0.00400	0.00486
64	0.02438	0.01779	0.08510	0.01484	0.06007	0.17530	0.01202	0.04826	0.05508	0.41251	0.01936	0.01815	0.01303	0.00729	0.00620	0.00190	0.00726	0.00569	0.00596	0.00982
65	0.01716	0.05077	0.42048	0.01645	0.02386	0.01363	0.08373	0.02310	0.03784	0.20713	0.03452	0.01698	0.01191	0.00668	0.00624	0.00199	0.00807	0.00560	0.00430	0.00955
66	0.05720	0.01013	0.01345	0.01061	0.01490	0.00896	0.00866	0.02723	0.01783	0.59230	0.14391	0.02549	0.02279	0.00864	0.00647	0.00197	0.00497	0.00712	0.00755	0.00983

[dist]
# distance from previous block
# <min> <max>
4	9

[block]
# block no. 2 follows, 35 sequences, length 9
# corresponding to MSA columns:
# 153-161
name=unknown_C
#
# <colnr> <probs for GDERKNQSTAVLIFYWHMCP>
#	G	D	E	R	K	N	Q	S	T	A	V	L	I	F	Y	W	H	M	C	P
0	0.01546	0.08994	0.01568	0.05343	0.08899	0.01149	0.00992	0.07111	0.01494	0.15227	0.03768	0.26419	0.02267	0.03654	0.00813	0.00222	0.04019	0.00973	0.00521	0.05023
1	0.02041	0.05310	0.06167	0.01206	0.01656	0.06716	0.01029	0.06091	0.07147	0.30309	0.01990	0.08901	0.01551	0.00833	0.00665	0.00185	0.03537	0.00664	0.00571	0.13429
2	0.01196	0.09842	0.30839	0.01524	0.08504	0.01235	0.01475	0.01643	0.01433	0.02022	0.16307	0.08238	0.07145	0.00903	0.00633	0.00192	0.00653	0.00760	0.00412	0.05043
3	0.01327	0.04863	0.41424	0.01570	0.02218	0.01357	0.05397	0.06696	0.05987	0.02148	0.01719	0.07980	0.01506	0.00859	0.00645	0.00211	0.00777	0.07776	0.04689	0.00855
4	0.01456	0.16704	0.26709	0.01212	0.01734	0.01316	0.01297	0.01844	0.01394	0.10988	0.10374	0.02234	0.01799	0.10122	0.00893	0.00233	0.00662	0.00615	0.07624	0.00791
5	0.01410	0.17514	0.31907	0.01389	0.03581	0.05212	0.01486	0.01926	0.05218	0.04038	0.01885	0.03566	0.08475	0.00758	0.00569	0.00183	0.00715	0.00590	0.08752	0.00826
6	0.01528	0.19656	0.30474	0.01417	0.02013	0.11584	0.01517	0.02062	0.06469	0.03948	0.11801	0.01833	0.01669	0.00721	0.00579	0.00182	0.00772	0.00553	0.00381	0.00841
7	0.07774	0.22008	0.31749	0.01502	0.05666	0.04991	0.01561	0.01964	0.01406	0.05870	0.08624	0.01632	0.01387	0.00668	0.00553	0.00181	0.00748	0.00507	0.00356	0.00853
8	0.01531	0.27761	0.34865	0.01718	0.09616	0.01808	0.01726	0.02112	0.06690	0.04828	0.01222	0.01367	0.00944	0.00606	0.00545	0.00179	0.00783	0.00461	0.00323	0.00914

[dist]
# distance from previous block
# <min> <max>
24	129

# created by:
# /home/cegg/simao/soft/augustus-3.2.1/scripts/msa2prfl.pl ./align_prep/EOG090W0CDV.fa
