[name]
unknown

[dist]
# distance from previous block
# <min> <max>
2	38

[block]
# block no. 0 follows, 36 sequences, length 17
# corresponding to MSA columns:
# 45-61
name=unknown_A
#
# <colnr> <probs for GDERKNQSTAVLIFYWHMCP>
#	G	D	E	R	K	N	Q	S	T	A	V	L	I	F	Y	W	H	M	C	P
0	0.03646	0.01488	0.09781	0.04031	0.01886	0.07395	0.11338	0.06514	0.01530	0.12120	0.06522	0.07193	0.09364	0.00979	0.00821	0.03462	0.05616	0.02733	0.00466	0.03113
1	0.03915	0.01457	0.01817	0.03736	0.03736	0.08996	0.10613	0.15711	0.04869	0.12502	0.01714	0.04453	0.03251	0.05381	0.03963	0.00259	0.09932	0.00661	0.02212	0.00822
2	0.01458	0.01092	0.01387	0.01268	0.05036	0.04574	0.05269	0.05074	0.05870	0.11882	0.04395	0.17097	0.04248	0.03063	0.03071	0.00229	0.00589	0.07080	0.00517	0.16803
3	0.03871	0.01175	0.01517	0.06278	0.07930	0.05680	0.07330	0.07557	0.05503	0.09185	0.05268	0.16076	0.06970	0.03405	0.00728	0.00210	0.00592	0.00871	0.04189	0.05665
4	0.06354	0.01015	0.01229	0.01088	0.02900	0.03871	0.05846	0.08823	0.01539	0.09190	0.08981	0.10398	0.18189	0.07632	0.02690	0.02442	0.00549	0.00918	0.02876	0.03471
5	0.01591	0.01346	0.05009	0.13182	0.13502	0.01332	0.11330	0.12462	0.03730	0.09559	0.07107	0.02085	0.03669	0.00878	0.03307	0.00225	0.03095	0.00660	0.05084	0.00845
6	0.01473	0.01147	0.01785	0.48430	0.05565	0.01322	0.04288	0.09020	0.01491	0.08778	0.01381	0.01755	0.01012	0.00655	0.00608	0.00197	0.00736	0.00571	0.09019	0.00768
7	0.10319	0.01175	0.01640	0.01314	0.01671	0.01199	0.13329	0.12155	0.03191	0.10514	0.01809	0.11682	0.01597	0.03530	0.00787	0.00211	0.05227	0.02374	0.08746	0.07528
8	0.00801	0.00597	0.00691	0.00731	0.00826	0.00546	0.00491	0.00914	0.01245	0.01603	0.10386	0.27712	0.27184	0.21792	0.01395	0.00326	0.00404	0.01333	0.00535	0.00486
9	0.01424	0.01369	0.01902	0.08369	0.01898	0.01863	0.01382	0.06935	0.01132	0.01694	0.00896	0.01400	0.00838	0.01022	0.01808	0.00260	0.64249	0.00547	0.00300	0.00712
10	0.01364	0.01134	0.01230	0.01120	0.01413	0.01260	0.00863	0.06022	0.47434	0.02516	0.14754	0.07903	0.08242	0.01041	0.00669	0.00210	0.00447	0.00885	0.00634	0.00856
11	0.06637	0.01561	0.01642	0.01336	0.01773	0.01758	0.01081	0.42191	0.29258	0.03365	0.01852	0.01780	0.01355	0.00775	0.00614	0.00196	0.00601	0.00602	0.00614	0.01010
12	0.04655	0.01287	0.01501	0.03522	0.01713	0.03484	0.00985	0.17687	0.10838	0.39111	0.02075	0.01922	0.01400	0.00751	0.00606	0.00189	0.00573	0.00596	0.03919	0.03187
13	0.01563	0.00932	0.01108	0.00940	0.01238	0.03359	0.00736	0.04209	0.04728	0.22108	0.35658	0.03384	0.07016	0.01017	0.00662	0.00186	0.00422	0.00865	0.03006	0.06862
14	0.01254	0.00681	0.00802	0.00780	0.00950	0.00663	0.00581	0.03133	0.03232	0.10502	0.09848	0.20794	0.02640	0.01188	0.02480	0.00206	0.00385	0.00936	0.38307	0.00639
15	0.05048	0.01645	0.08085	0.01343	0.01705	0.13227	0.05617	0.15017	0.01687	0.09379	0.01574	0.02017	0.01277	0.03893	0.00833	0.00210	0.08206	0.04518	0.13927	0.00792
16	0.01527	0.01413	0.02307	0.21505	0.50516	0.01497	0.01802	0.08155	0.01512	0.02097	0.01185	0.01567	0.00955	0.00589	0.00619	0.00191	0.00758	0.00555	0.00329	0.00921

[dist]
# distance from previous block
# <min> <max>
0	3

[block]
# block no. 1 follows, 36 sequences, length 36
# corresponding to MSA columns:
# 65-100
name=unknown_B
#
# <colnr> <probs for GDERKNQSTAVLIFYWHMCP>
#	G	D	E	R	K	N	Q	S	T	A	V	L	I	F	Y	W	H	M	C	P
0	0.02371	0.01439	0.01648	0.01281	0.01745	0.01506	0.01052	0.42873	0.05249	0.26095	0.06691	0.01937	0.01568	0.00794	0.00632	0.00190	0.00603	0.00625	0.00675	0.01025
1	0.79370	0.01199	0.00937	0.00831	0.01220	0.01379	0.00684	0.01879	0.01089	0.05621	0.00930	0.01056	0.00709	0.00586	0.00395	0.00193	0.00484	0.00349	0.00401	0.00690
2	0.01226	0.01185	0.02069	0.55934	0.12150	0.01368	0.09172	0.01633	0.01300	0.01692	0.01425	0.01894	0.04984	0.00658	0.00641	0.00205	0.00814	0.00616	0.00302	0.00733
3	0.00926	0.00718	0.01053	0.01027	0.01133	0.00845	0.00803	0.01149	0.01079	0.01563	0.09308	0.02600	0.01962	0.04035	0.61990	0.00859	0.07306	0.00707	0.00367	0.00569
4	0.01390	0.01325	0.02254	0.34115	0.45114	0.01440	0.01836	0.01779	0.01347	0.01851	0.01145	0.01592	0.00922	0.00583	0.00619	0.00194	0.00778	0.00555	0.00295	0.00864
5	0.00991	0.00863	0.01155	0.19877	0.04838	0.00839	0.00907	0.01260	0.01405	0.01848	0.13619	0.03773	0.31068	0.01072	0.00658	0.00187	0.00483	0.00913	0.00473	0.13771
6	0.01685	0.01387	0.01532	0.01423	0.05737	0.01564	0.01057	0.18918	0.48076	0.02810	0.02280	0.07139	0.01805	0.00881	0.00641	0.00207	0.00543	0.00734	0.00609	0.00971
7	0.01107	0.01065	0.06054	0.01122	0.05237	0.00856	0.00855	0.01535	0.09515	0.01984	0.08309	0.21854	0.09333	0.01078	0.00633	0.00179	0.00457	0.00938	0.00489	0.27399
8	0.06920	0.01440	0.02260	0.18311	0.52538	0.04120	0.01767	0.01862	0.01372	0.01978	0.01131	0.01516	0.00928	0.00574	0.00601	0.00189	0.00755	0.00535	0.00308	0.00897
9	0.21380	0.01284	0.01928	0.29148	0.23488	0.01451	0.05463	0.01762	0.01248	0.02035	0.01061	0.01453	0.00843	0.00609	0.00637	0.00201	0.04402	0.00511	0.00315	0.00781
10	0.01884	0.44491	0.02565	0.01247	0.01712	0.23883	0.01094	0.06782	0.03587	0.01713	0.00998	0.01124	0.00856	0.00585	0.00473	0.00145	0.00786	0.00381	0.00323	0.05372
11	0.01314	0.01255	0.02197	0.27933	0.31739	0.01334	0.10295	0.01674	0.01314	0.01791	0.01358	0.06400	0.01215	0.06545	0.00838	0.00232	0.00776	0.00677	0.00320	0.00794
12	0.01331	0.01095	0.01298	0.03116	0.01540	0.00872	0.00778	0.04456	0.01362	0.03690	0.01309	0.06448	0.01154	0.00585	0.00499	0.00113	0.00476	0.00482	0.00400	0.68997
13	0.00757	0.00552	0.00713	0.00842	0.00897	0.00508	0.00567	0.00870	0.01217	0.01600	0.03741	0.70047	0.11572	0.01912	0.00789	0.00248	0.00357	0.01723	0.00578	0.00508
14	0.01657	0.01563	0.01458	0.01314	0.01662	0.11752	0.01016	0.03197	0.63264	0.02457	0.02319	0.02159	0.01750	0.00817	0.00624	0.00204	0.00580	0.00663	0.00591	0.00950
15	0.00890	0.00668	0.01001	0.01001	0.01113	0.00779	0.00779	0.01113	0.01001	0.01446	0.01669	0.02448	0.01558	0.04673	0.75634	0.01001	0.01669	0.00668	0.00334	0.00556
16	0.01250	0.03223	0.74875	0.01776	0.02697	0.01447	0.02302	0.01973	0.01315	0.01973	0.01118	0.01315	0.00789	0.00592	0.00592	0.00197	0.00921	0.00460	0.00263	0.00921
17	0.01118	0.00916	0.01493	0.01614	0.09311	0.00904	0.09777	0.01443	0.01437	0.01899	0.02823	0.05789	0.02986	0.01451	0.00819	0.00267	0.00650	0.54139	0.00514	0.00650
18	0.02750	0.01133	0.01491	0.01143	0.01627	0.01024	0.00944	0.10408	0.01906	0.67103	0.02355	0.02054	0.01491	0.00769	0.00626	0.00192	0.00547	0.00620	0.00755	0.01060
19	0.01813	0.02116	0.01468	0.01389	0.01640	0.46722	0.01052	0.02094	0.06359	0.01625	0.01628	0.10064	0.01572	0.01388	0.09867	0.00289	0.01018	0.06819	0.00394	0.00683
20	0.10040	0.01178	0.01451	0.04434	0.11324	0.01038	0.00947	0.01770	0.04758	0.04200	0.01198	0.01384	0.00966	0.00520	0.00494	0.00129	0.00520	0.00422	0.00383	0.52845
21	0.01452	0.01102	0.01308	0.00943	0.01489	0.00840	0.00757	0.01725	0.01344	0.09777	0.01252	0.01380	0.00989	0.00494	0.00479	0.00103	0.00469	0.00397	0.00412	0.73287
22	0.01360	0.01500	0.08357	0.01579	0.01711	0.01766	0.01385	0.03490	0.01062	0.01637	0.00911	0.01398	0.00855	0.01132	0.04476	0.00280	0.60991	0.00533	0.00289	0.05288
23	0.01379	0.16857	0.06961	0.04825	0.01864	0.01390	0.13581	0.03161	0.03496	0.06511	0.01502	0.04478	0.01339	0.09535	0.16409	0.01981	0.03001	0.00644	0.00364	0.00722
24	0.00741	0.00627	0.00641	0.00647	0.00847	0.00527	0.00482	0.00901	0.01419	0.01701	0.08005	0.09417	0.68751	0.01588	0.00739	0.00212	0.00317	0.01332	0.00581	0.00527
25	0.15713	0.01084	0.01360	0.01062	0.01528	0.00994	0.00877	0.02841	0.01666	0.63004	0.02200	0.01941	0.01402	0.00740	0.00588	0.00193	0.00522	0.00580	0.00709	0.00998
26	0.01447	0.01354	0.01927	0.01631	0.01674	0.01844	0.03122	0.01599	0.01014	0.05636	0.00922	0.01414	0.00862	0.01058	0.01932	0.00267	0.70736	0.00555	0.00302	0.00707
27	0.01297	0.01253	0.01697	0.51000	0.05308	0.09203	0.01463	0.01659	0.04207	0.01585	0.01256	0.04112	0.01061	0.04344	0.00890	0.05694	0.02397	0.00597	0.00311	0.00667
28	0.01542	0.01480	0.02529	0.03824	0.74217	0.01480	0.01912	0.01912	0.01419	0.02036	0.01172	0.01542	0.00987	0.00555	0.00617	0.00185	0.00740	0.00555	0.00308	0.00987
29	0.02434	0.01550	0.01738	0.01342	0.01829	0.01654	0.01106	0.50947	0.06336	0.21833	0.01795	0.01698	0.01227	0.00759	0.00625	0.00190	0.00636	0.00585	0.00661	0.01056
30	0.01082	0.00541	0.00812	0.00812	0.00812	0.00541	0.00541	0.00812	0.00812	0.01082	0.01082	0.01894	0.01082	0.02165	0.02435	0.81872	0.00541	0.00541	0.00271	0.00271
31	0.02327	0.02970	0.01766	0.01605	0.01926	0.75602	0.01204	0.02488	0.01766	0.01525	0.00963	0.01124	0.00803	0.00642	0.00562	0.00161	0.01124	0.00401	0.00321	0.00722
32	0.02384	0.01721	0.01855	0.01422	0.01920	0.01896	0.01175	0.69655	0.02888	0.06469	0.01530	0.01518	0.01077	0.00749	0.00623	0.00187	0.00680	0.00563	0.00629	0.01060
33	0.01056	0.00549	0.00795	0.00795	0.00801	0.00546	0.00525	0.00822	0.00839	0.01112	0.01324	0.02211	0.03502	0.08650	0.02444	0.72313	0.00539	0.00597	0.00290	0.00288
34	0.02327	0.02970	0.01766	0.01605	0.01926	0.75602	0.01204	0.02488	0.01766	0.01525	0.00963	0.01124	0.00803	0.00642	0.00562	0.00161	0.01124	0.00401	0.00321	0.00722
35	0.01550	0.01338	0.01409	0.01268	0.01620	0.01550	0.00986	0.03311	0.73091	0.02606	0.02536	0.02325	0.01902	0.00845	0.00634	0.00211	0.00493	0.00704	0.00634	0.00986

[dist]
# distance from previous block
# <min> <max>
0	3

[block]
# block no. 2 follows, 36 sequences, length 32
# corresponding to MSA columns:
# 104-135
name=unknown_C
#
# <colnr> <probs for GDERKNQSTAVLIFYWHMCP>
#	G	D	E	R	K	N	Q	S	T	A	V	L	I	F	Y	W	H	M	C	P
0	0.02095	0.01461	0.01564	0.01234	0.01651	0.01599	0.01008	0.53021	0.04310	0.05479	0.01666	0.01715	0.01212	0.00746	0.00582	0.00179	0.00590	0.00571	0.18366	0.00953
1	0.02051	0.02342	0.01890	0.02034	0.17727	0.44525	0.01328	0.06878	0.11564	0.01937	0.01259	0.01404	0.01010	0.00658	0.00588	0.00175	0.00925	0.00487	0.00380	0.00838
2	0.00791	0.00600	0.00734	0.00809	0.00926	0.00544	0.00589	0.00955	0.01357	0.01752	0.12331	0.38632	0.27211	0.01729	0.00776	0.00236	0.00361	0.08551	0.00590	0.00529
3	0.01170	0.03458	0.14674	0.05129	0.13041	0.01059	0.04032	0.01539	0.04845	0.03111	0.05980	0.16360	0.02130	0.17874	0.01209	0.00293	0.00641	0.00879	0.00410	0.02166
4	0.37661	0.27140	0.01811	0.01000	0.01428	0.01789	0.00874	0.02167	0.16915	0.02308	0.01233	0.01296	0.00986	0.00622	0.00445	0.00177	0.00546	0.00416	0.00400	0.00785
5	0.52592	0.01300	0.09144	0.00896	0.01306	0.01195	0.00821	0.01686	0.01194	0.05078	0.02147	0.02179	0.16781	0.00806	0.00494	0.00197	0.00496	0.00576	0.00428	0.00684
6	0.01137	0.01085	0.01108	0.05132	0.01339	0.14172	0.04051	0.01277	0.01273	0.01545	0.04419	0.35503	0.04111	0.18237	0.01260	0.00307	0.00611	0.02425	0.00462	0.00546
7	0.01438	0.01247	0.01869	0.60131	0.03774	0.01504	0.01611	0.17053	0.01615	0.02104	0.01193	0.01625	0.00881	0.00650	0.00623	0.00203	0.00799	0.00555	0.00353	0.00773
8	0.01397	0.01059	0.01281	0.03613	0.01548	0.00975	0.00891	0.07604	0.08794	0.06489	0.07544	0.02995	0.02038	0.00887	0.00616	0.00173	0.00511	0.15765	0.00507	0.35313
9	0.02297	0.01461	0.01770	0.01357	0.01848	0.01497	0.04892	0.40880	0.02345	0.23062	0.01792	0.01890	0.01280	0.00760	0.00627	0.00187	0.00640	0.03432	0.00625	0.07360
10	0.01173	0.02097	0.36659	0.01771	0.04060	0.01220	0.17682	0.01675	0.01320	0.01875	0.01785	0.22270	0.01740	0.00947	0.00681	0.00215	0.00793	0.00883	0.00362	0.00791
11	0.01499	0.01732	0.17489	0.01354	0.01827	0.01497	0.01257	0.05762	0.51084	0.02509	0.02159	0.02069	0.01609	0.00780	0.00615	0.00204	0.00585	0.00639	0.04375	0.00956
12	0.01751	0.00838	0.01106	0.01002	0.01277	0.00763	0.00776	0.02022	0.05038	0.35215	0.05581	0.28766	0.06156	0.01299	0.00709	0.00221	0.00454	0.05558	0.00673	0.00792
13	0.00889	0.00646	0.00782	0.00802	0.00938	0.00599	0.00574	0.01139	0.04809	0.03929	0.23873	0.30229	0.21662	0.05147	0.00863	0.00239	0.00353	0.01354	0.00607	0.00566
14	0.01212	0.09369	0.52220	0.01472	0.02157	0.01353	0.01770	0.01730	0.01221	0.01760	0.01281	0.01893	0.01114	0.17574	0.01140	0.00281	0.00829	0.00547	0.00288	0.00791
15	0.01913	0.61512	0.02866	0.01075	0.01597	0.02126	0.01033	0.02122	0.01379	0.17504	0.01215	0.01245	0.00962	0.00585	0.00449	0.00146	0.00636	0.00397	0.00377	0.00857
16	0.00941	0.02445	0.07842	0.00930	0.01169	0.00711	0.00816	0.01206	0.01466	0.03571	0.20006	0.14792	0.24784	0.01456	0.00746	0.00225	0.00439	0.15282	0.00570	0.00602
17	0.00991	0.00714	0.00814	0.00733	0.00854	0.00654	0.00457	0.01051	0.00991	0.01388	0.01776	0.03467	0.01971	0.61088	0.02577	0.00492	0.00573	0.00788	0.00376	0.18246
18	0.00748	0.00634	0.00648	0.00651	0.00857	0.00533	0.00492	0.00914	0.01431	0.01712	0.08202	0.05987	0.69905	0.01573	0.00740	0.00212	0.00323	0.03326	0.00582	0.00529
19	0.01080	0.01003	0.01598	0.59956	0.03535	0.01196	0.01455	0.01439	0.01284	0.01612	0.02248	0.02611	0.16858	0.00832	0.00648	0.00208	0.00718	0.00721	0.00343	0.00656
20	0.01454	0.01422	0.02322	0.26486	0.48096	0.04095	0.03476	0.01834	0.01378	0.01878	0.01146	0.01568	0.00930	0.00579	0.00620	0.00192	0.00789	0.00553	0.00299	0.00882
21	0.01047	0.00765	0.00839	0.00809	0.00886	0.00811	0.00511	0.01433	0.16726	0.01515	0.02089	0.03693	0.02186	0.61172	0.02615	0.00518	0.00580	0.00862	0.00434	0.00511
22	0.00913	0.00676	0.00912	0.00972	0.01116	0.00675	0.00797	0.01162	0.01384	0.01841	0.14793	0.07450	0.14022	0.02281	0.17207	0.00416	0.00724	0.31555	0.00540	0.00563
23	0.01720	0.01395	0.03490	0.01315	0.03326	0.02843	0.01035	0.21535	0.32450	0.06210	0.03826	0.02183	0.01666	0.05221	0.08631	0.00305	0.00701	0.00663	0.00571	0.00916
24	0.64745	0.01309	0.01521	0.01215	0.01655	0.01437	0.16296	0.01868	0.01150	0.02620	0.00954	0.01159	0.00734	0.00567	0.00462	0.00197	0.00607	0.00425	0.00370	0.00711
25	0.01421	0.01186	0.01283	0.01189	0.01480	0.01342	0.00908	0.06494	0.53543	0.02455	0.02677	0.18798	0.02343	0.01083	0.00669	0.00219	0.00475	0.00930	0.00621	0.00885
26	0.01174	0.00750	0.01181	0.01465	0.16892	0.00750	0.00833	0.01058	0.00950	0.01298	0.01147	0.01928	0.01122	0.05676	0.02074	0.59835	0.00588	0.00563	0.00284	0.00433
27	0.01357	0.01310	0.01914	0.02005	0.17464	0.01649	0.01378	0.01548	0.01072	0.01626	0.01002	0.01584	0.00965	0.05230	0.04336	0.00288	0.49555	0.00562	0.00293	0.04861
28	0.15576	0.05601	0.01652	0.03411	0.01695	0.20165	0.01086	0.11601	0.01565	0.08863	0.01183	0.01374	0.00931	0.00754	0.00858	0.00196	0.17445	0.00475	0.04790	0.00778
29	0.00888	0.00643	0.00823	0.00883	0.00983	0.00615	0.00631	0.04817	0.01449	0.01958	0.20808	0.49184	0.07077	0.01693	0.00772	0.00235	0.00371	0.05002	0.00607	0.00560
30	0.00938	0.00727	0.00977	0.17343	0.01562	0.00761	0.00745	0.01131	0.01285	0.01714	0.22544	0.03946	0.11778	0.30106	0.01628	0.00354	0.00531	0.00941	0.00467	0.00524
31	0.01105	0.00717	0.01956	0.00861	0.00983	0.00684	0.00630	0.01278	0.01322	0.09031	0.18344	0.23488	0.03360	0.18178	0.01311	0.00301	0.04320	0.02662	0.08894	0.00575

[dist]
# distance from previous block
# <min> <max>
0	1

[block]
# block no. 3 follows, 36 sequences, length 53
# corresponding to MSA columns:
# 137-189
name=unknown_D
#
# <colnr> <probs for GDERKNQSTAVLIFYWHMCP>
#	G	D	E	R	K	N	Q	S	T	A	V	L	I	F	Y	W	H	M	C	P
0	0.02155	0.01745	0.06449	0.01373	0.01857	0.03531	0.01180	0.58236	0.02635	0.03574	0.03770	0.01638	0.01229	0.00750	0.00609	0.00184	0.00669	0.00570	0.06857	0.00991
1	0.01285	0.05149	0.65991	0.01795	0.02669	0.01487	0.06724	0.02014	0.03574	0.01980	0.01165	0.01362	0.00835	0.00594	0.00597	0.00197	0.00909	0.00482	0.00278	0.00914
2	0.00811	0.00634	0.00734	0.00709	0.00887	0.00558	0.00532	0.01038	0.01596	0.02100	0.40896	0.05309	0.39119	0.01422	0.00736	0.00203	0.00305	0.01219	0.00633	0.00558
3	0.00736	0.00631	0.00631	0.00631	0.00842	0.00526	0.00473	0.00894	0.01420	0.01683	0.06312	0.05996	0.73964	0.01578	0.00736	0.00210	0.00316	0.01315	0.00579	0.00526
4	0.00753	0.00632	0.00655	0.00649	0.00852	0.00533	0.00487	0.00927	0.01460	0.01777	0.14130	0.05841	0.66087	0.01543	0.00736	0.00209	0.00313	0.01293	0.00591	0.00533
5	0.01542	0.01480	0.02529	0.03824	0.74217	0.01480	0.01912	0.01912	0.01419	0.02036	0.01172	0.01542	0.00987	0.00555	0.00617	0.00185	0.00740	0.00555	0.00308	0.00987
6	0.01177	0.01107	0.01869	0.76606	0.04291	0.01384	0.01730	0.01592	0.01246	0.01592	0.01107	0.01661	0.00831	0.00623	0.00623	0.00208	0.00831	0.00554	0.00277	0.00692
7	0.01448	0.01642	0.03318	0.02408	0.02968	0.04200	0.61169	0.01916	0.01452	0.01934	0.01563	0.01931	0.05772	0.00627	0.00794	0.00211	0.04757	0.00752	0.00331	0.00807
8	0.03682	0.01233	0.01682	0.01460	0.01475	0.01680	0.01189	0.01416	0.00952	0.01496	0.01003	0.01762	0.01036	0.11929	0.04214	0.00337	0.61933	0.00593	0.00292	0.00635
9	0.02327	0.02970	0.01766	0.01605	0.01926	0.75602	0.01204	0.02488	0.01766	0.01525	0.00963	0.01124	0.00803	0.00642	0.00562	0.00161	0.01124	0.00401	0.00321	0.00722
10	0.01020	0.00857	0.01060	0.01052	0.01203	0.00941	0.00845	0.01402	0.10269	0.01802	0.03709	0.14675	0.24403	0.01490	0.00991	0.00247	0.13713	0.19169	0.00531	0.00620
11	0.00758	0.00632	0.00662	0.00654	0.00855	0.00535	0.00491	0.00937	0.01472	0.01806	0.16498	0.05794	0.63701	0.01532	0.00736	0.00208	0.00312	0.01287	0.00595	0.00535
12	0.01177	0.01107	0.01869	0.76606	0.04291	0.01384	0.01730	0.01592	0.01246	0.01592	0.01107	0.01661	0.00831	0.00623	0.00623	0.00208	0.00831	0.00554	0.00277	0.00692
13	0.00758	0.00629	0.00663	0.00660	0.00856	0.00534	0.00493	0.00934	0.01463	0.01799	0.16029	0.07919	0.62025	0.01545	0.00738	0.00210	0.00314	0.01301	0.00594	0.00534
14	0.06109	0.01066	0.01424	0.01097	0.01574	0.00936	0.00906	0.02986	0.01753	0.71661	0.02392	0.02075	0.01506	0.00763	0.00617	0.00193	0.00528	0.00615	0.00755	0.01044
15	0.45826	0.01063	0.01045	0.00908	0.01265	0.01127	0.00738	0.02024	0.01309	0.21980	0.05578	0.02109	0.01493	0.05750	0.00681	0.00226	0.00498	0.05113	0.00518	0.00748
16	0.00741	0.00612	0.00651	0.00681	0.00855	0.00522	0.00496	0.00889	0.01372	0.01664	0.05703	0.21176	0.59178	0.01657	0.00749	0.00219	0.00325	0.01412	0.00579	0.00522
17	0.00814	0.00655	0.00729	0.00715	0.00905	0.00581	0.00539	0.01066	0.03761	0.01971	0.27440	0.07198	0.47093	0.01471	0.00737	0.00208	0.00321	0.02622	0.00614	0.00560
18	0.01426	0.05078	0.02027	0.31224	0.12026	0.01469	0.06906	0.09870	0.01476	0.03906	0.03192	0.01866	0.03731	0.00978	0.05715	0.00256	0.07104	0.00608	0.00361	0.00781
19	0.01338	0.01384	0.02671	0.34253	0.08163	0.01438	0.32658	0.01789	0.01359	0.01828	0.01179	0.01638	0.00897	0.00565	0.00661	0.00200	0.00897	0.00622	0.00302	0.06158
20	0.14241	0.01455	0.01739	0.06417	0.09342	0.08096	0.05889	0.14015	0.03746	0.24622	0.03342	0.01707	0.01235	0.00692	0.00593	0.00191	0.00672	0.00561	0.00532	0.00912
21	0.00868	0.00638	0.00755	0.00784	0.00943	0.00571	0.00591	0.01050	0.01422	0.04074	0.15177	0.19662	0.36166	0.04366	0.00848	0.00240	0.00372	0.10328	0.00593	0.00549
22	0.03488	0.08328	0.01812	0.01329	0.01765	0.14291	0.01085	0.29451	0.08691	0.07837	0.01423	0.01471	0.01070	0.00701	0.00641	0.00173	0.04486	0.00504	0.00500	0.10954
23	0.01779	0.01214	0.01595	0.01167	0.01705	0.01033	0.06924	0.09527	0.01599	0.19416	0.01482	0.01543	0.01086	0.00571	0.00541	0.00136	0.00552	0.00482	0.00487	0.47160
24	0.04744	0.01292	0.01905	0.42602	0.05844	0.04123	0.07974	0.05425	0.12151	0.01963	0.01404	0.01839	0.01090	0.00781	0.02631	0.00227	0.00803	0.02063	0.00366	0.00773
25	0.01580	0.01490	0.02498	0.06275	0.64793	0.01509	0.04047	0.06437	0.01512	0.02140	0.01193	0.01548	0.00985	0.00569	0.00621	0.00187	0.00750	0.00561	0.00328	0.00976
26	0.00939	0.00686	0.00900	0.00989	0.01133	0.00663	0.00826	0.01184	0.01428	0.01854	0.11197	0.06389	0.15489	0.07210	0.00995	0.00288	0.00503	0.46203	0.00572	0.00553
27	0.00881	0.00659	0.00983	0.00992	0.01099	0.00761	0.00766	0.01096	0.01014	0.01456	0.01786	0.07434	0.01727	0.04493	0.70675	0.00952	0.01582	0.00741	0.00350	0.00553
28	0.00906	0.00604	0.00680	0.00680	0.00680	0.00604	0.00378	0.00906	0.00906	0.01208	0.01963	0.04077	0.02265	0.78103	0.03171	0.00604	0.00604	0.00906	0.00378	0.00378
29	0.00759	0.00542	0.00723	0.00868	0.00904	0.00506	0.00578	0.00868	0.01193	0.01591	0.03434	0.77697	0.04121	0.01952	0.00795	0.00253	0.00361	0.01771	0.00578	0.00506
30	0.03293	0.00800	0.00858	0.00844	0.01060	0.00792	0.00638	0.01503	0.17645	0.01987	0.10472	0.14448	0.38019	0.01413	0.00715	0.00217	0.00374	0.03688	0.00594	0.00639
31	0.80204	0.01220	0.00943	0.00837	0.01226	0.01413	0.00689	0.03850	0.01114	0.02828	0.00886	0.01026	0.00686	0.00583	0.00392	0.00193	0.00488	0.00344	0.00392	0.00686
32	0.00891	0.00663	0.00981	0.00981	0.01085	0.00768	0.00753	0.01099	0.00995	0.01431	0.01688	0.02553	0.01603	0.09414	0.70956	0.00976	0.01600	0.00683	0.00337	0.00545
33	0.01654	0.01316	0.01388	0.01209	0.01562	0.01495	0.00951	0.16089	0.50407	0.02819	0.02273	0.02168	0.01703	0.00811	0.00606	0.00198	0.00503	0.00661	0.11240	0.00947
34	0.01259	0.03159	0.71915	0.01811	0.02720	0.01452	0.05198	0.01974	0.01322	0.01974	0.01124	0.01331	0.00796	0.00589	0.00598	0.00198	0.00926	0.00472	0.00265	0.00917
35	0.01257	0.03175	0.72652	0.01802	0.02714	0.01451	0.04477	0.01974	0.01320	0.01974	0.01123	0.01327	0.00794	0.00590	0.00596	0.00198	0.00925	0.00469	0.00265	0.00918
36	0.00803	0.00577	0.00759	0.00889	0.00949	0.00545	0.00628	0.00936	0.01228	0.01619	0.03496	0.59246	0.07730	0.05678	0.00920	0.00273	0.00404	0.12241	0.00568	0.00511
37	0.00771	0.00551	0.00737	0.00881	0.00923	0.00517	0.00599	0.00888	0.01205	0.01604	0.03427	0.74204	0.04094	0.01941	0.00798	0.00255	0.00372	0.05145	0.00578	0.00509
38	0.02405	0.01686	0.01833	0.01405	0.01903	0.01844	0.01161	0.66167	0.02830	0.10039	0.01579	0.01550	0.01101	0.00750	0.00624	0.00187	0.00672	0.00567	0.00636	0.01060
39	0.01167	0.01054	0.01135	0.04804	0.01361	0.11321	0.00844	0.04637	0.01229	0.01572	0.01864	0.02575	0.06140	0.11095	0.45543	0.00714	0.01307	0.00686	0.00363	0.00590
40	0.01056	0.00558	0.00837	0.00837	0.00852	0.00573	0.00573	0.00852	0.00837	0.01132	0.01162	0.01969	0.01147	0.02504	0.12336	0.70934	0.00694	0.00558	0.00279	0.00309
41	0.00772	0.00560	0.00733	0.00865	0.00922	0.00521	0.00596	0.00896	0.01226	0.01615	0.03660	0.67539	0.09771	0.01907	0.00794	0.00252	0.00371	0.05910	0.00578	0.00512
42	0.01455	0.01608	0.03271	0.02521	0.07656	0.01631	0.54149	0.01898	0.01371	0.01906	0.01172	0.01612	0.00924	0.00633	0.00972	0.00220	0.15186	0.00688	0.00307	0.00820
43	0.01161	0.00581	0.00581	0.00581	0.00726	0.00581	0.00436	0.01452	0.01307	0.02323	0.02033	0.02323	0.01597	0.00726	0.00436	0.00145	0.00290	0.00581	0.81562	0.00581
44	0.01229	0.01040	0.01222	0.00922	0.01415	0.00798	0.00738	0.01495	0.01305	0.01988	0.01584	0.04293	0.04826	0.00647	0.00512	0.00116	0.00459	0.05075	0.00400	0.69937
45	0.00884	0.00652	0.00829	0.00786	0.00940	0.00605	0.00588	0.01200	0.03482	0.02417	0.65286	0.06285	0.11099	0.01302	0.00734	0.00199	0.00302	0.01145	0.00674	0.00591
46	0.01522	0.01407	0.02118	0.04984	0.47386	0.01482	0.01590	0.02336	0.24317	0.02202	0.01655	0.01921	0.01335	0.00677	0.00628	0.00196	0.00660	0.02198	0.00418	0.00969
47	0.00779	0.00568	0.00736	0.00856	0.00924	0.00526	0.00595	0.00913	0.01261	0.01660	0.06899	0.61415	0.12197	0.01863	0.00790	0.00248	0.00368	0.06301	0.00583	0.00517
48	0.01250	0.03223	0.74875	0.01776	0.02697	0.01447	0.02302	0.01973	0.01315	0.01973	0.01118	0.01315	0.00789	0.00592	0.00592	0.00197	0.00921	0.00460	0.00263	0.00921
49	0.00759	0.00559	0.00706	0.00823	0.00888	0.00512	0.00556	0.00873	0.01225	0.01598	0.03895	0.63682	0.16079	0.03641	0.00840	0.00254	0.00359	0.01673	0.00574	0.00507
50	0.01499	0.01584	0.03386	0.02435	0.03027	0.01481	0.63928	0.01996	0.01505	0.05635	0.05897	0.01890	0.01286	0.00585	0.00730	0.00208	0.00977	0.00755	0.00361	0.00835
51	0.01732	0.01347	0.01456	0.01255	0.01628	0.01513	0.00991	0.15466	0.51208	0.07487	0.07073	0.02318	0.01992	0.00851	0.00638	0.00205	0.00517	0.00702	0.00644	0.00978
52	0.04982	0.00735	0.00867	0.00813	0.01002	0.00717	0.00616	0.01385	0.08916	0.02409	0.53487	0.04426	0.14825	0.01239	0.00707	0.00199	0.00327	0.01071	0.00651	0.00624

[dist]
# distance from previous block
# <min> <max>
0	1

[block]
# block no. 4 follows, 36 sequences, length 10
# corresponding to MSA columns:
# 191-200
name=unknown_E
#
# <colnr> <probs for GDERKNQSTAVLIFYWHMCP>
#	G	D	E	R	K	N	Q	S	T	A	V	L	I	F	Y	W	H	M	C	P
0	0.01590	0.25680	0.08281	0.01487	0.08524	0.06135	0.01225	0.09198	0.01447	0.01931	0.01071	0.01308	0.00910	0.00840	0.04736	0.00205	0.08947	0.00440	0.00334	0.15711
1	0.01287	0.01145	0.01772	0.13060	0.33511	0.01143	0.01317	0.01562	0.01246	0.01769	0.01342	0.02105	0.01254	0.17748	0.03614	0.00292	0.00708	0.00605	0.00330	0.14190
2	0.01570	0.10442	0.21362	0.04645	0.21243	0.12921	0.09208	0.02022	0.03202	0.01847	0.01116	0.01389	0.00892	0.00611	0.00669	0.00188	0.05000	0.00505	0.00300	0.00868
3	0.16531	0.32334	0.17111	0.01225	0.01786	0.04204	0.03804	0.02013	0.01318	0.09571	0.01150	0.01267	0.00890	0.00590	0.00479	0.00168	0.00684	0.00418	0.03638	0.00819
4	0.00959	0.00704	0.00873	0.00839	0.00978	0.00692	0.00619	0.01337	0.08337	0.02223	0.48434	0.04512	0.04660	0.15369	0.01182	0.00279	0.00392	0.06409	0.00616	0.00586
5	0.00938	0.00745	0.00856	0.00809	0.01009	0.00718	0.00612	0.01417	0.12864	0.02243	0.40058	0.04737	0.28034	0.01308	0.00720	0.00203	0.00333	0.01123	0.00642	0.00630
6	0.01020	0.00777	0.01082	0.01320	0.14261	0.00799	0.00738	0.01131	0.01019	0.01407	0.01760	0.03293	0.01892	0.49486	0.16897	0.00605	0.00838	0.00795	0.00356	0.00524
7	0.01422	0.01310	0.02097	0.02991	0.52958	0.01324	0.01570	0.01927	0.09191	0.02182	0.14665	0.02197	0.01983	0.00718	0.00640	0.00190	0.00632	0.00676	0.00413	0.00914
8	0.00917	0.00716	0.01028	0.01023	0.01106	0.00836	0.00781	0.01103	0.01057	0.01509	0.04706	0.16295	0.02145	0.06685	0.48099	0.00738	0.09430	0.00885	0.00388	0.00554
9	0.00929	0.14920	0.01145	0.00734	0.00994	0.00891	0.00599	0.01115	0.01443	0.01766	0.15456	0.04878	0.50315	0.01341	0.00674	0.00194	0.00377	0.01107	0.00537	0.00585

[dist]
# distance from previous block
# <min> <max>
0	2

# created by:
# /home/cegg/simao/soft/augustus-3.2.1/scripts/msa2prfl.pl ./align_prep/EOG090W0I37.fa
