[name]
unknown

[dist]
# distance from previous block
# <min> <max>
0	48

[block]
# block no. 0 follows, 36 sequences, length 10
# corresponding to MSA columns:
# 63-72
name=unknown_A
#
# <colnr> <probs for GDERKNQSTAVLIFYWHMCP>
#	G	D	E	R	K	N	Q	S	T	A	V	L	I	F	Y	W	H	M	C	P
0	0.00823	0.00591	0.00796	0.00898	0.00974	0.00563	0.00651	0.00998	0.01328	0.01796	0.16588	0.50553	0.04270	0.01899	0.03780	0.00277	0.00432	0.11660	0.00588	0.00533
1	0.01715	0.03876	0.01825	0.18901	0.02407	0.33838	0.06271	0.05186	0.01522	0.01668	0.01172	0.01551	0.00973	0.01389	0.14700	0.00334	0.01121	0.00516	0.00325	0.00710
2	0.01269	0.00853	0.01003	0.00964	0.01175	0.00847	0.00716	0.09803	0.09937	0.10303	0.03530	0.37816	0.16337	0.01476	0.00726	0.00226	0.00426	0.01288	0.00612	0.00694
3	0.01376	0.01200	0.01696	0.01965	0.23463	0.01248	0.04614	0.06337	0.21335	0.02389	0.19326	0.05695	0.04837	0.00906	0.00667	0.00200	0.00548	0.00816	0.00528	0.00854
4	0.00909	0.00633	0.00810	0.00793	0.00938	0.00577	0.00584	0.01150	0.01617	0.04776	0.50162	0.18454	0.13418	0.01419	0.00743	0.00208	0.00318	0.01252	0.00656	0.00582
5	0.01209	0.01067	0.01737	0.15787	0.30944	0.01125	0.01423	0.01524	0.01316	0.01804	0.01883	0.11671	0.01881	0.01419	0.09208	0.00309	0.00786	0.13770	0.00387	0.00750
6	0.00829	0.00606	0.00779	0.00796	0.00914	0.00556	0.00574	0.01051	0.01550	0.02133	0.45159	0.28075	0.11623	0.01518	0.00754	0.00216	0.00317	0.01350	0.00642	0.00556
7	0.01439	0.01432	0.02219	0.02002	0.10185	0.01729	0.14691	0.01981	0.14665	0.01862	0.01265	0.01624	0.01065	0.00877	0.01370	0.00239	0.39586	0.00612	0.00353	0.00804
8	0.01494	0.01227	0.01401	0.01019	0.01562	0.01038	0.00822	0.14835	0.01600	0.02387	0.01180	0.01330	0.00949	0.00515	0.00492	0.00110	0.00504	0.00405	0.00417	0.66713
9	0.00845	0.00608	0.00800	0.00809	0.00923	0.00563	0.00585	0.01083	0.01591	0.02224	0.52573	0.26752	0.05347	0.01479	0.00753	0.00213	0.00314	0.01322	0.00653	0.00563

[dist]
# distance from previous block
# <min> <max>
0	1

[block]
# block no. 1 follows, 36 sequences, length 9
# corresponding to MSA columns:
# 74-82
name=unknown_B
#
# <colnr> <probs for GDERKNQSTAVLIFYWHMCP>
#	G	D	E	R	K	N	Q	S	T	A	V	L	I	F	Y	W	H	M	C	P
0	0.00844	0.00635	0.00780	0.00744	0.00907	0.00572	0.00558	0.01102	0.01673	0.02284	0.56080	0.05008	0.23821	0.01354	0.00735	0.00200	0.00300	0.01176	0.00658	0.00572
1	0.00805	0.00591	0.00807	0.00998	0.04401	0.00559	0.00630	0.00920	0.01187	0.01589	0.03239	0.69702	0.03861	0.06383	0.00927	0.00271	0.00394	0.01662	0.00554	0.00522
2	0.00845	0.00604	0.00672	0.00688	0.00748	0.00572	0.00425	0.00899	0.01074	0.01377	0.03275	0.12905	0.21369	0.49329	0.02261	0.00461	0.00501	0.01112	0.00453	0.00431
3	0.01458	0.01645	0.03477	0.02514	0.03073	0.01613	0.63974	0.01940	0.01412	0.01940	0.01210	0.01645	0.00931	0.00589	0.00883	0.00217	0.09631	0.00714	0.00310	0.00822
4	0.01177	0.00925	0.00972	0.00853	0.01135	0.00901	0.00669	0.19688	0.01842	0.02331	0.09730	0.04717	0.50029	0.01338	0.00706	0.00203	0.00412	0.01103	0.00598	0.00671
5	0.00852	0.00627	0.00742	0.00718	0.00842	0.00577	0.00504	0.01035	0.01452	0.01955	0.38095	0.04837	0.21893	0.21596	0.01377	0.00307	0.00381	0.01116	0.00578	0.00517
6	0.01753	0.72510	0.03125	0.01069	0.01598	0.02346	0.01055	0.01956	0.01306	0.07107	0.00989	0.01086	0.00857	0.00551	0.00417	0.00138	0.00656	0.00356	0.00305	0.00820
7	0.02447	0.01166	0.01456	0.01166	0.01615	0.01131	0.00947	0.06417	0.20629	0.52277	0.02433	0.02145	0.01614	0.00790	0.00628	0.00197	0.00528	0.00644	0.00728	0.01041
8	0.00985	0.01341	0.20469	0.01205	0.01530	0.00955	0.01180	0.01339	0.01084	0.01585	0.01524	0.02149	0.01355	0.03597	0.55859	0.00789	0.01472	0.00613	0.00315	0.00652

[dist]
# distance from previous block
# <min> <max>
0	20

[block]
# block no. 2 follows, 36 sequences, length 19
# corresponding to MSA columns:
# 103-121
name=unknown_C
#
# <colnr> <probs for GDERKNQSTAVLIFYWHMCP>
#	G	D	E	R	K	N	Q	S	T	A	V	L	I	F	Y	W	H	M	C	P
0	0.01201	0.09795	0.50135	0.01468	0.02165	0.01337	0.01770	0.01770	0.01419	0.02052	0.18679	0.02092	0.02020	0.00751	0.00608	0.00191	0.00745	0.00609	0.00366	0.00829
1	0.01105	0.00994	0.01618	0.58284	0.03479	0.01192	0.01454	0.01491	0.01371	0.01811	0.18695	0.02384	0.02050	0.00780	0.00650	0.00205	0.00701	0.00692	0.00376	0.00667
2	0.01568	0.01096	0.01767	0.58362	0.03639	0.01271	0.01533	0.01941	0.01376	0.19246	0.01434	0.01772	0.01003	0.00659	0.00624	0.00204	0.00758	0.00571	0.00396	0.00781
3	0.03263	0.01686	0.01441	0.01345	0.06352	0.26386	0.00963	0.04083	0.05004	0.02073	0.18724	0.02113	0.02129	0.00755	0.00584	0.00157	0.00674	0.00597	0.00446	0.21226
4	0.02378	0.01164	0.01702	0.01787	0.19903	0.01070	0.01159	0.04486	0.01721	0.51054	0.05473	0.02077	0.01594	0.00740	0.00629	0.00191	0.00576	0.00630	0.00646	0.01020
5	0.09137	0.33682	0.12852	0.01151	0.01607	0.01716	0.01133	0.01837	0.08198	0.01774	0.01260	0.01526	0.01077	0.01577	0.18630	0.00366	0.00912	0.00469	0.00330	0.00765
6	0.01952	0.08558	0.01511	0.01065	0.01472	0.01285	0.00883	0.25066	0.01995	0.22446	0.02895	0.02756	0.18816	0.00933	0.00619	0.00187	0.00528	0.00741	0.05415	0.00878
7	0.21101	0.01606	0.04745	0.01648	0.08762	0.11931	0.05941	0.01887	0.05494	0.02014	0.02430	0.04212	0.01122	0.00823	0.00977	0.00216	0.22237	0.01751	0.00357	0.00744
8	0.01136	0.01052	0.01855	0.39515	0.03070	0.01203	0.12306	0.01509	0.01240	0.01646	0.01481	0.02378	0.01293	0.01694	0.18790	0.00408	0.01042	0.07387	0.00326	0.00671
9	0.01069	0.00678	0.00893	0.00816	0.00995	0.00620	0.00620	0.01357	0.01766	0.09538	0.66919	0.04407	0.05456	0.01225	0.00724	0.00196	0.00317	0.01078	0.00694	0.00634
10	0.00782	0.00618	0.00709	0.00753	0.00908	0.00545	0.00561	0.00953	0.01400	0.01758	0.11922	0.23290	0.43713	0.01652	0.00762	0.00227	0.00349	0.07978	0.00589	0.00532
11	0.62810	0.01087	0.00937	0.00899	0.01226	0.01233	0.00754	0.01701	0.01151	0.02571	0.01455	0.02466	0.01378	0.00855	0.00500	0.00216	0.00504	0.17177	0.00431	0.00650
12	0.01390	0.01176	0.01310	0.01204	0.01498	0.01363	0.00936	0.02780	0.55671	0.02326	0.02326	0.02354	0.01819	0.01770	0.18758	0.00402	0.00777	0.00696	0.00561	0.00882
13	0.00789	0.00565	0.00750	0.00847	0.00910	0.00526	0.00581	0.00942	0.01331	0.01810	0.20459	0.60046	0.04546	0.01788	0.00781	0.00239	0.00345	0.01616	0.00604	0.00526
14	0.00950	0.00735	0.00889	0.00964	0.01077	0.00758	0.00677	0.01458	0.18567	0.01836	0.03217	0.59483	0.03585	0.01685	0.00756	0.00243	0.00393	0.01513	0.00592	0.00622
15	0.82504	0.01205	0.00916	0.00819	0.01205	0.01398	0.00675	0.01832	0.01060	0.02795	0.00868	0.01012	0.00675	0.00578	0.00386	0.00193	0.00482	0.00337	0.00386	0.00675
16	0.01577	0.01369	0.01579	0.20304	0.02319	0.03983	0.01190	0.12464	0.40482	0.02457	0.01959	0.02055	0.01488	0.03161	0.00706	0.00217	0.00630	0.00642	0.00524	0.00895
17	0.01861	0.01441	0.01481	0.08552	0.01811	0.12738	0.01023	0.23153	0.02069	0.13135	0.23256	0.02493	0.02515	0.00881	0.00648	0.00188	0.00627	0.00715	0.00583	0.00830
18	0.01574	0.45056	0.23644	0.01565	0.08878	0.06413	0.01510	0.01938	0.01324	0.01669	0.00973	0.01149	0.00815	0.00559	0.00485	0.00158	0.00773	0.00395	0.00273	0.00848

[dist]
# distance from previous block
# <min> <max>
0	2

[block]
# block no. 3 follows, 36 sequences, length 15
# corresponding to MSA columns:
# 124-132,215-220
name=unknown_D
#
# <colnr> <probs for GDERKNQSTAVLIFYWHMCP>
#	G	D	E	R	K	N	Q	S	T	A	V	L	I	F	Y	W	H	M	C	P
0	0.01741	0.01844	0.06918	0.03074	0.50141	0.12522	0.01743	0.10578	0.01648	0.02187	0.01177	0.01460	0.00956	0.00594	0.00608	0.00182	0.00802	0.00527	0.00346	0.00952
1	0.63238	0.12821	0.01341	0.00927	0.01329	0.08295	0.00781	0.01896	0.01155	0.02483	0.00876	0.01020	0.00705	0.00577	0.00404	0.00181	0.00568	0.00343	0.00362	0.00698
2	0.00931	0.00773	0.00976	0.00910	0.01050	0.00819	0.00715	0.01152	0.01489	0.02025	0.35639	0.04579	0.26435	0.01357	0.00984	0.00219	0.14533	0.04258	0.00570	0.00585
3	0.00833	0.00624	0.00772	0.00758	0.00907	0.00563	0.00560	0.01072	0.01614	0.02197	0.49488	0.13888	0.21579	0.01428	0.00743	0.00206	0.00307	0.01249	0.00648	0.00563
4	0.01276	0.07907	0.70418	0.01732	0.02628	0.01510	0.02225	0.01966	0.01312	0.01942	0.01102	0.01296	0.00790	0.00588	0.00580	0.00193	0.00905	0.00452	0.00263	0.00913
5	0.00827	0.00635	0.00756	0.00726	0.00897	0.00564	0.00544	0.01069	0.01633	0.02188	0.48193	0.05164	0.31768	0.01389	0.00735	0.00201	0.00302	0.01198	0.00645	0.00564
6	0.01655	0.01379	0.01456	0.01271	0.01642	0.01574	0.00999	0.14673	0.58665	0.02791	0.02508	0.02327	0.04526	0.00857	0.00636	0.00207	0.00518	0.00704	0.00630	0.00981
7	0.02327	0.02970	0.01766	0.01605	0.01926	0.75602	0.01204	0.02488	0.01766	0.01525	0.00963	0.01124	0.00803	0.00642	0.00562	0.00161	0.01124	0.00401	0.00321	0.00722
8	0.01397	0.00808	0.00832	0.00747	0.00961	0.00844	0.00581	0.15220	0.01623	0.02635	0.01928	0.02162	0.01492	0.00730	0.00472	0.00153	0.00367	0.00577	0.65797	0.00674
9	0.00904	0.00613	0.00727	0.00727	0.00744	0.00630	0.00437	0.00937	0.00920	0.01243	0.01920	0.03836	0.02160	0.67217	0.13914	0.00663	0.00762	0.00871	0.00371	0.00404
10	0.01291	0.00834	0.00857	0.00810	0.01024	0.00904	0.00619	0.02072	0.25263	0.02417	0.02201	0.02323	0.01699	0.00766	0.00502	0.00167	0.00358	0.00622	0.54554	0.00716
11	0.00863	0.00622	0.00816	0.00797	0.00927	0.00575	0.00586	0.01129	0.01676	0.02359	0.63091	0.15848	0.05609	0.01378	0.00744	0.00205	0.00304	0.01226	0.00669	0.00575
12	0.01253	0.01123	0.01576	0.01169	0.01670	0.00901	0.11277	0.01546	0.01306	0.01971	0.01414	0.10681	0.01317	0.00653	0.00543	0.00129	0.00537	0.00595	0.00387	0.59951
13	0.01363	0.01363	0.01908	0.01636	0.01636	0.01908	0.01363	0.01499	0.00954	0.01499	0.00818	0.01363	0.00818	0.01091	0.02045	0.00273	0.76963	0.00545	0.00273	0.00682
14	0.01542	0.01480	0.02529	0.03824	0.74217	0.01480	0.01912	0.01912	0.01419	0.02036	0.01172	0.01542	0.00987	0.00555	0.00617	0.00185	0.00740	0.00555	0.00308	0.00987

[dist]
# distance from previous block
# <min> <max>
1	5

[block]
# block no. 4 follows, 36 sequences, length 54
# corresponding to MSA columns:
# 231-284
name=unknown_E
#
# <colnr> <probs for GDERKNQSTAVLIFYWHMCP>
#	G	D	E	R	K	N	Q	S	T	A	V	L	I	F	Y	W	H	M	C	P
0	0.01329	0.01645	0.17076	0.01377	0.01703	0.06814	0.01282	0.07917	0.06084	0.01879	0.01472	0.05513	0.01307	0.02111	0.25273	0.00473	0.15012	0.00628	0.00364	0.00740
1	0.01661	0.16433	0.28060	0.01418	0.02001	0.09299	0.01494	0.07279	0.04425	0.09581	0.03300	0.02076	0.01364	0.00766	0.00593	0.00191	0.00766	0.08026	0.00408	0.00859
2	0.01600	0.44700	0.18739	0.01536	0.09467	0.02034	0.01423	0.08120	0.01456	0.01887	0.03196	0.01279	0.00992	0.00590	0.00495	0.00159	0.00721	0.00428	0.00314	0.00863
3	0.01390	0.01552	0.05209	0.15686	0.03224	0.01488	0.49389	0.01957	0.05429	0.01950	0.01413	0.01999	0.01120	0.00629	0.00712	0.00214	0.00950	0.04540	0.00339	0.00810
4	0.00858	0.00632	0.00780	0.00745	0.00888	0.00579	0.00545	0.01096	0.01609	0.02213	0.53990	0.04832	0.17675	0.09661	0.00999	0.00243	0.00331	0.01137	0.00633	0.00554
5	0.01373	0.19519	0.51342	0.01843	0.10213	0.01674	0.01989	0.01943	0.01316	0.01869	0.01069	0.01271	0.00813	0.00575	0.00553	0.00182	0.00845	0.00443	0.00269	0.00901
6	0.02219	0.00918	0.01246	0.01033	0.01395	0.00804	0.00819	0.02436	0.01656	0.53713	0.07961	0.18433	0.02414	0.01060	0.00671	0.00206	0.00477	0.00908	0.00724	0.00907
7	0.01406	0.31547	0.47923	0.01509	0.02284	0.01830	0.01837	0.01933	0.01297	0.01782	0.01023	0.01197	0.00793	0.00570	0.00520	0.00173	0.00825	0.00413	0.00264	0.00875
8	0.00868	0.00656	0.00818	0.00917	0.01016	0.00643	0.00657	0.01180	0.09038	0.01739	0.03604	0.55095	0.10657	0.01771	0.00779	0.00248	0.00394	0.08770	0.00584	0.00567
9	0.06475	0.01744	0.01941	0.01552	0.01985	0.16470	0.13984	0.17822	0.14682	0.10129	0.05646	0.01818	0.01436	0.00726	0.00627	0.00192	0.00757	0.00612	0.00514	0.00891
10	0.00890	0.00668	0.01001	0.01001	0.01113	0.00779	0.00779	0.01113	0.01001	0.01446	0.01669	0.02448	0.01558	0.04673	0.75634	0.01001	0.01669	0.00668	0.00334	0.00556
11	0.13796	0.01080	0.01373	0.01069	0.01537	0.00982	0.00882	0.02870	0.01684	0.64731	0.02239	0.01968	0.01423	0.00745	0.00593	0.00193	0.00524	0.00587	0.00718	0.01007
12	0.01538	0.01274	0.01408	0.01435	0.07531	0.08154	0.01069	0.22570	0.01891	0.02439	0.04245	0.12457	0.05542	0.01241	0.00725	0.00227	0.00630	0.24319	0.00546	0.00758
13	0.01554	0.58213	0.22548	0.01257	0.01895	0.02191	0.01399	0.01895	0.01279	0.01602	0.00934	0.01085	0.00797	0.00549	0.00452	0.00151	0.00735	0.00367	0.00266	0.00832
14	0.00873	0.00626	0.00845	0.00932	0.01035	0.00597	0.00716	0.01093	0.01438	0.01946	0.24240	0.33640	0.04471	0.01678	0.00798	0.00247	0.00409	0.23255	0.00609	0.00552
15	0.00891	0.00657	0.00924	0.00932	0.01008	0.00739	0.00684	0.01051	0.00999	0.01410	0.01898	0.10673	0.01964	0.20448	0.50045	0.00818	0.03143	0.00833	0.00368	0.00515
16	0.01385	0.27760	0.51526	0.01544	0.02339	0.01779	0.01899	0.01938	0.01299	0.01808	0.01036	0.01212	0.00793	0.00573	0.00529	0.00176	0.00838	0.00419	0.00264	0.00881
17	0.00781	0.00555	0.00736	0.00873	0.00913	0.00523	0.00591	0.00893	0.01190	0.01584	0.03344	0.69656	0.03987	0.06198	0.00932	0.00275	0.00387	0.05512	0.00567	0.00503
18	0.02327	0.02970	0.01766	0.01605	0.01926	0.75602	0.01204	0.02488	0.01766	0.01525	0.00963	0.01124	0.00803	0.00642	0.00562	0.00161	0.01124	0.00401	0.00321	0.00722
19	0.01268	0.01247	0.02217	0.33401	0.08574	0.01415	0.17730	0.01644	0.01288	0.01734	0.01402	0.04331	0.01249	0.00814	0.00879	0.00225	0.11609	0.07916	0.00327	0.00729
20	0.01136	0.01041	0.01709	0.37744	0.14198	0.01154	0.05301	0.01450	0.01264	0.01654	0.01997	0.09432	0.09250	0.08961	0.00924	0.00250	0.00705	0.00797	0.00355	0.00679
21	0.01205	0.00809	0.01002	0.00906	0.01126	0.00798	0.00695	0.01761	0.14789	0.10087	0.53368	0.03963	0.04698	0.01143	0.00705	0.00198	0.00355	0.00997	0.00685	0.00710
22	0.01914	0.02308	0.01546	0.01432	0.01692	0.54092	0.01082	0.02093	0.01546	0.01502	0.01166	0.01504	0.01020	0.01801	0.22143	0.00402	0.01280	0.00478	0.00325	0.00675
23	0.01857	0.01230	0.01497	0.01226	0.05619	0.01099	0.00930	0.14988	0.03105	0.19540	0.02926	0.01623	0.01212	0.00616	0.00547	0.00143	0.00532	0.00497	0.00519	0.40296
24	0.01828	0.01955	0.02920	0.02175	0.02716	0.16623	0.43159	0.16451	0.01829	0.02296	0.01249	0.01530	0.00940	0.00594	0.00677	0.00195	0.00991	0.00632	0.00379	0.00861
25	0.01250	0.03223	0.74875	0.01776	0.02697	0.01447	0.02302	0.01973	0.01315	0.01973	0.01118	0.01315	0.00789	0.00592	0.00592	0.00197	0.00921	0.00460	0.00263	0.00921
26	0.02091	0.02044	0.01864	0.09771	0.15305	0.33500	0.01333	0.11149	0.01797	0.11267	0.03159	0.01522	0.01097	0.00670	0.00599	0.00178	0.00870	0.00513	0.00419	0.00850
27	0.00763	0.00632	0.00668	0.00659	0.00858	0.00537	0.00495	0.00946	0.01484	0.01834	0.18799	0.05748	0.61382	0.01522	0.00736	0.00208	0.00312	0.01280	0.00598	0.00537
28	0.00838	0.00626	0.00778	0.00760	0.00909	0.00566	0.00563	0.01084	0.01631	0.02230	0.52136	0.12601	0.20164	0.01410	0.00742	0.00205	0.00306	0.01234	0.00652	0.00566
29	0.82504	0.01205	0.00916	0.00819	0.01205	0.01398	0.00675	0.01832	0.01060	0.02795	0.00868	0.01012	0.00675	0.00578	0.00386	0.00193	0.00482	0.00337	0.00386	0.00675
30	0.01082	0.00541	0.00812	0.00812	0.00812	0.00541	0.00541	0.00812	0.00812	0.01082	0.01082	0.01894	0.01082	0.02165	0.02435	0.81872	0.00541	0.00541	0.00271	0.00271
31	0.01029	0.00571	0.00832	0.00832	0.00853	0.00591	0.00567	0.00877	0.00856	0.01162	0.01282	0.02224	0.01293	0.10588	0.15877	0.58582	0.00754	0.00602	0.00293	0.00334
32	0.02578	0.01084	0.01401	0.01088	0.01537	0.00991	0.00894	0.10365	0.01858	0.59391	0.02309	0.02074	0.01496	0.00764	0.00606	0.00187	0.00522	0.00615	0.09230	0.01010
33	0.01550	0.01338	0.01409	0.01268	0.01620	0.01550	0.00986	0.03311	0.73091	0.02606	0.02536	0.02325	0.01902	0.00845	0.00634	0.00211	0.00493	0.00704	0.00634	0.00986
34	0.82504	0.01205	0.00916	0.00819	0.01205	0.01398	0.00675	0.01832	0.01060	0.02795	0.00868	0.01012	0.00675	0.00578	0.00386	0.00193	0.00482	0.00337	0.00386	0.00675
35	0.01856	0.02100	0.02136	0.02369	0.25148	0.32684	0.05394	0.03611	0.02898	0.01783	0.01065	0.01359	0.00899	0.00687	0.00834	0.00191	0.13344	0.00502	0.00321	0.00819
36	0.01596	0.02757	0.54177	0.01656	0.02456	0.01513	0.01967	0.17018	0.01692	0.07460	0.01292	0.01410	0.00899	0.00638	0.00601	0.00195	0.00843	0.00493	0.00375	0.00960
37	0.00869	0.00627	0.00821	0.00793	0.00928	0.00579	0.00587	0.01142	0.01702	0.02400	0.66247	0.12576	0.05688	0.01347	0.00741	0.00202	0.00301	0.01197	0.00674	0.00579
38	0.01785	0.01455	0.01541	0.01316	0.01710	0.01660	0.01043	0.23097	0.52921	0.02986	0.02237	0.02086	0.01660	0.00817	0.00631	0.00204	0.00548	0.00663	0.00631	0.01007
39	0.01871	0.01976	0.01731	0.23068	0.02533	0.31742	0.01302	0.12739	0.10675	0.02063	0.01313	0.01520	0.01010	0.00680	0.00594	0.00184	0.00870	0.00512	0.02825	0.00793
40	0.01652	0.01473	0.01897	0.01578	0.01721	0.01915	0.01312	0.21807	0.01522	0.02197	0.01013	0.01401	0.00887	0.00992	0.01636	0.00248	0.55035	0.00550	0.00373	0.00790
41	0.02491	0.01548	0.01748	0.01340	0.01834	0.01640	0.01107	0.52274	0.02600	0.24258	0.01772	0.01676	0.01198	0.00755	0.00624	0.00189	0.00641	0.00580	0.00666	0.01060
42	0.02274	0.01565	0.01722	0.01334	0.01794	0.01694	0.01094	0.57871	0.02676	0.11433	0.06976	0.01853	0.01495	0.02433	0.00686	0.00197	0.00638	0.00617	0.00639	0.01010
43	0.01285	0.00865	0.00986	0.00911	0.01109	0.06189	0.00686	0.01531	0.01679	0.14147	0.45889	0.15226	0.04519	0.01249	0.00714	0.00202	0.00405	0.01090	0.00656	0.00663
44	0.00741	0.00615	0.00648	0.00674	0.00853	0.00522	0.00493	0.00889	0.01379	0.01666	0.05786	0.19087	0.61212	0.01646	0.00747	0.00218	0.00324	0.01398	0.00579	0.00522
45	0.01363	0.01363	0.01908	0.01636	0.01636	0.01908	0.01363	0.01499	0.00954	0.01499	0.00818	0.01363	0.00818	0.01091	0.02045	0.00273	0.76963	0.00545	0.00273	0.00682
46	0.01484	0.15091	0.55394	0.01589	0.02400	0.01553	0.01953	0.02071	0.01358	0.09774	0.01223	0.01352	0.00873	0.00602	0.00565	0.00187	0.00838	0.00458	0.00319	0.00916
47	0.00891	0.00664	0.00983	0.00983	0.01088	0.00769	0.00756	0.01101	0.00996	0.01433	0.01685	0.02539	0.01597	0.08780	0.71581	0.00979	0.01609	0.00681	0.00336	0.00546
48	0.00890	0.00668	0.01001	0.01001	0.01113	0.00779	0.00779	0.01113	0.01001	0.01446	0.01669	0.02448	0.01558	0.04673	0.75634	0.01001	0.01669	0.00668	0.00334	0.00556
49	0.02290	0.01195	0.01461	0.01148	0.01571	0.01174	0.00937	0.24526	0.02142	0.38304	0.15996	0.02414	0.02230	0.00861	0.00647	0.00192	0.00534	0.00703	0.00708	0.00969
50	0.01177	0.01107	0.01869	0.76606	0.04291	0.01384	0.01730	0.01592	0.01246	0.01592	0.01107	0.01661	0.00831	0.00623	0.00623	0.00208	0.00831	0.00554	0.00277	0.00692
51	0.01250	0.03223	0.74875	0.01776	0.02697	0.01447	0.02302	0.01973	0.01315	0.01973	0.01118	0.01315	0.00789	0.00592	0.00592	0.00197	0.00921	0.00460	0.00263	0.00921
52	0.01161	0.00581	0.00581	0.00581	0.00726	0.00581	0.00436	0.01452	0.01307	0.02323	0.02033	0.02323	0.01597	0.00726	0.00436	0.00145	0.00290	0.00581	0.81562	0.00581
53	0.10836	0.01979	0.01543	0.05329	0.05341	0.35548	0.01081	0.06203	0.04398	0.11459	0.01367	0.01482	0.01035	0.00669	0.00550	0.00174	0.00807	0.00478	0.08934	0.00787

[dist]
# distance from previous block
# <min> <max>
0	2

[block]
# block no. 5 follows, 36 sequences, length 13
# corresponding to MSA columns:
# 287-299
name=unknown_F
#
# <colnr> <probs for GDERKNQSTAVLIFYWHMCP>
#	G	D	E	R	K	N	Q	S	T	A	V	L	I	F	Y	W	H	M	C	P
0	0.02109	0.06682	0.06111	0.01736	0.02146	0.56933	0.11635	0.02356	0.01672	0.01615	0.01010	0.01209	0.00823	0.00617	0.00581	0.00168	0.01078	0.00450	0.00314	0.00754
1	0.01292	0.01107	0.01292	0.00923	0.01477	0.00831	0.00738	0.01569	0.01292	0.02030	0.01107	0.01292	0.00923	0.00461	0.00461	0.00092	0.00461	0.00369	0.00369	0.81912
2	0.00843	0.00628	0.00787	0.00791	0.00935	0.00573	0.00593	0.01080	0.01584	0.02149	0.44266	0.15823	0.19633	0.01470	0.00753	0.00214	0.00329	0.06348	0.00639	0.00562
3	0.01363	0.01363	0.01908	0.01636	0.01636	0.01908	0.01363	0.01499	0.00954	0.01499	0.00818	0.01363	0.00818	0.01091	0.02045	0.00273	0.76963	0.00545	0.00273	0.00682
4	0.00807	0.00579	0.00771	0.00867	0.00939	0.00542	0.00612	0.00975	0.01352	0.01836	0.20947	0.54375	0.04519	0.01766	0.00785	0.00241	0.00360	0.06589	0.00605	0.00531
5	0.01375	0.01163	0.01258	0.01180	0.01462	0.01320	0.00896	0.02772	0.57236	0.02382	0.02734	0.18946	0.02391	0.01089	0.00670	0.00221	0.00464	0.00940	0.00622	0.00880
6	0.00815	0.00593	0.00768	0.00811	0.00912	0.00546	0.00575	0.01014	0.01477	0.02022	0.36627	0.38210	0.10101	0.01607	0.00763	0.00223	0.00326	0.01436	0.00629	0.00546
7	0.01666	0.78478	0.03265	0.01066	0.01599	0.02465	0.01066	0.01866	0.01266	0.01466	0.00866	0.00999	0.00800	0.00533	0.00400	0.00133	0.00666	0.00333	0.00267	0.00800
8	0.01706	0.01329	0.01432	0.01259	0.01631	0.01504	0.00988	0.06209	0.63138	0.09705	0.02484	0.02269	0.01831	0.00834	0.00633	0.00208	0.00505	0.00691	0.00647	0.00997
9	0.05480	0.01479	0.01588	0.01304	0.01733	0.01645	0.01051	0.32631	0.33063	0.10221	0.02013	0.01894	0.01454	0.00785	0.00618	0.00198	0.00579	0.00620	0.00632	0.01011
10	0.00773	0.00552	0.00738	0.00883	0.00925	0.00518	0.00602	0.00891	0.01206	0.01606	0.03427	0.73792	0.04091	0.01939	0.00799	0.00255	0.00373	0.05542	0.00578	0.00510
11	0.01652	0.01470	0.07064	0.11239	0.09667	0.01336	0.27156	0.04170	0.04724	0.15606	0.01820	0.02180	0.04277	0.00712	0.00679	0.00206	0.00799	0.03935	0.00438	0.00870
12	0.47070	0.05323	0.01344	0.01090	0.01482	0.19918	0.00878	0.06708	0.01426	0.08252	0.01060	0.01160	0.00807	0.00619	0.00465	0.00182	0.00668	0.00391	0.00410	0.00749

[dist]
# distance from previous block
# <min> <max>
0	1

[block]
# block no. 6 follows, 36 sequences, length 31
# corresponding to MSA columns:
# 301-331
name=unknown_G
#
# <colnr> <probs for GDERKNQSTAVLIFYWHMCP>
#	G	D	E	R	K	N	Q	S	T	A	V	L	I	F	Y	W	H	M	C	P
0	0.32443	0.05725	0.03877	0.01269	0.01721	0.03153	0.10035	0.05426	0.15764	0.12583	0.01511	0.01548	0.01107	0.00659	0.00535	0.00195	0.00611	0.00517	0.00479	0.00845
1	0.01235	0.01177	0.01926	0.58889	0.09252	0.01476	0.01685	0.01602	0.01212	0.01611	0.01066	0.01604	0.00841	0.00693	0.00852	0.00216	0.13118	0.00552	0.00279	0.00713
2	0.00965	0.00690	0.00960	0.01103	0.01230	0.00684	0.00937	0.01224	0.01396	0.01821	0.03320	0.18189	0.03670	0.01758	0.00850	0.00282	0.00540	0.59244	0.00574	0.00563
3	0.60060	0.01251	0.01103	0.00954	0.01348	0.01411	0.00790	0.12970	0.01421	0.07062	0.01213	0.01535	0.00971	0.00689	0.00467	0.00198	0.00523	0.04825	0.00457	0.00751
4	0.00904	0.00723	0.00827	0.00861	0.01029	0.00702	0.00641	0.01319	0.12688	0.01861	0.08243	0.27939	0.30609	0.01576	0.00750	0.00230	0.00380	0.07526	0.00593	0.00600
5	0.01370	0.01290	0.02181	0.35733	0.41305	0.01412	0.01789	0.01758	0.01339	0.01849	0.01169	0.01617	0.00936	0.00590	0.00614	0.00194	0.00767	0.00555	0.02686	0.00845
6	0.04844	0.00980	0.01288	0.01060	0.01441	0.00885	0.00845	0.05553	0.01680	0.53084	0.02582	0.18804	0.02065	0.01026	0.00656	0.00206	0.00498	0.00868	0.00710	0.00925
7	0.00890	0.00668	0.01001	0.01001	0.01113	0.00779	0.00779	0.01113	0.01001	0.01446	0.01669	0.02448	0.01558	0.04673	0.75634	0.01001	0.01669	0.00668	0.00334	0.00556
8	0.00936	0.00660	0.00792	0.00775	0.00928	0.00630	0.00574	0.01284	0.06120	0.02268	0.41219	0.13290	0.12901	0.01280	0.00689	0.00198	0.00317	0.01116	0.13429	0.00595
9	0.09166	0.01093	0.00953	0.00856	0.01109	0.11301	0.00664	0.05303	0.01489	0.11627	0.01802	0.01966	0.01366	0.00707	0.00482	0.00160	0.00475	0.00538	0.48247	0.00694
10	0.00956	0.00655	0.00846	0.00788	0.00954	0.00598	0.00595	0.01238	0.01741	0.05618	0.66143	0.04634	0.10324	0.01272	0.00730	0.00197	0.00306	0.01118	0.00682	0.00604
11	0.01564	0.01397	0.06414	0.03527	0.03452	0.01215	0.07770	0.14261	0.08337	0.06243	0.06077	0.03304	0.01444	0.00667	0.00582	0.00159	0.00597	0.00575	0.00468	0.31947
12	0.00818	0.00593	0.00774	0.00898	0.00973	0.00560	0.00653	0.00966	0.01254	0.01641	0.03609	0.51514	0.10646	0.05599	0.00921	0.00274	0.00416	0.16808	0.00568	0.00517
13	0.82504	0.01205	0.00916	0.00819	0.01205	0.01398	0.00675	0.01832	0.01060	0.02795	0.00868	0.01012	0.00675	0.00578	0.00386	0.00193	0.00482	0.00337	0.00386	0.00675
14	0.00882	0.00637	0.00833	0.00784	0.00931	0.00588	0.00588	0.01176	0.01764	0.02499	0.73888	0.04654	0.05879	0.01274	0.00735	0.00196	0.00294	0.01127	0.00686	0.00588
15	0.01292	0.01107	0.01292	0.00923	0.01477	0.00831	0.00738	0.01569	0.01292	0.02030	0.01107	0.01292	0.00923	0.00461	0.00461	0.00092	0.00461	0.00369	0.00369	0.81912
16	0.42552	0.01809	0.01405	0.07701	0.07342	0.26253	0.01036	0.02037	0.01340	0.02210	0.00943	0.01145	0.00755	0.00602	0.00482	0.00183	0.00746	0.00394	0.00349	0.00716
17	0.78978	0.01229	0.00958	0.00846	0.01237	0.01421	0.00697	0.04925	0.01143	0.02845	0.00895	0.01033	0.00692	0.00586	0.00396	0.00193	0.00491	0.00347	0.00396	0.00692
18	0.01546	0.01455	0.02122	0.02908	0.48339	0.03628	0.01576	0.02318	0.22574	0.02204	0.03918	0.01861	0.01409	0.00666	0.00624	0.00192	0.00664	0.00613	0.00417	0.00966
19	0.01528	0.01436	0.02453	0.09167	0.14114	0.01474	0.27172	0.07928	0.15824	0.04015	0.03831	0.05209	0.01445	0.00713	0.00676	0.00205	0.00773	0.00724	0.00433	0.00880
20	0.82504	0.01205	0.00916	0.00819	0.01205	0.01398	0.00675	0.01832	0.01060	0.02795	0.00868	0.01012	0.00675	0.00578	0.00386	0.00193	0.00482	0.00337	0.00386	0.00675
21	0.01273	0.00766	0.00827	0.00786	0.00966	0.00789	0.00592	0.13102	0.01552	0.02428	0.02254	0.18886	0.02067	0.01001	0.00547	0.00176	0.00372	0.00841	0.50130	0.00644
22	0.00981	0.00701	0.00978	0.01121	0.01255	0.00698	0.00964	0.01251	0.01412	0.01839	0.03311	0.13606	0.03636	0.01743	0.00855	0.00284	0.00554	0.63670	0.00574	0.00567
23	0.00906	0.00604	0.00680	0.00680	0.00680	0.00604	0.00378	0.00906	0.00906	0.01208	0.01963	0.04077	0.02265	0.78103	0.03171	0.00604	0.00604	0.00906	0.00378	0.00378
24	0.01655	0.01391	0.01468	0.01289	0.01660	0.01599	0.01012	0.12155	0.64076	0.02776	0.02402	0.02218	0.01794	0.00833	0.00633	0.00208	0.00518	0.00686	0.00633	0.00996
25	0.01279	0.01065	0.01323	0.01031	0.01469	0.00891	0.03871	0.07784	0.01425	0.02102	0.01665	0.18257	0.01645	0.00820	0.00562	0.00142	0.00485	0.00713	0.00436	0.53037
26	0.00913	0.00666	0.00769	0.00756	0.00941	0.00596	0.00561	0.01162	0.04089	0.05639	0.23537	0.16546	0.38572	0.01488	0.00736	0.00212	0.00334	0.01279	0.00619	0.00583
27	0.01571	0.07935	0.01837	0.03213	0.17455	0.07865	0.01126	0.08531	0.01516	0.02112	0.01126	0.01334	0.00927	0.00535	0.00518	0.00133	0.00627	0.00432	0.00366	0.40844
28	0.00858	0.00622	0.00810	0.00793	0.00924	0.00573	0.00583	0.01119	0.01664	0.02332	0.60846	0.16227	0.07531	0.01389	0.00744	0.00205	0.00305	0.01234	0.00666	0.00573
29	0.03518	0.13434	0.38533	0.01698	0.02389	0.01557	0.14485	0.05912	0.01412	0.02003	0.01338	0.08448	0.01142	0.00707	0.00605	0.00195	0.00830	0.00616	0.00326	0.00852
30	0.00934	0.00754	0.00963	0.01089	0.07799	0.00711	0.00740	0.01254	0.05561	0.02029	0.25559	0.11125	0.28571	0.01397	0.00738	0.00216	0.00392	0.08962	0.00589	0.00617

[dist]
# distance from previous block
# <min> <max>
0	1

[block]
# block no. 7 follows, 36 sequences, length 19
# corresponding to MSA columns:
# 333-341,358-367
name=unknown_H
#
# <colnr> <probs for GDERKNQSTAVLIFYWHMCP>
#	G	D	E	R	K	N	Q	S	T	A	V	L	I	F	Y	W	H	M	C	P
0	0.01713	0.01506	0.01560	0.01311	0.01690	0.08692	0.04629	0.21854	0.30700	0.02700	0.04528	0.02538	0.12018	0.00899	0.00647	0.00199	0.00606	0.00736	0.00578	0.00896
1	0.01620	0.01262	0.01119	0.00990	0.01255	0.12412	0.00769	0.16396	0.08693	0.02539	0.01799	0.01972	0.01393	0.00824	0.02309	0.00183	0.00552	0.00563	0.42608	0.00740
2	0.07554	0.08675	0.12493	0.01111	0.01409	0.01095	0.01031	0.01375	0.01080	0.01637	0.01443	0.02019	0.01296	0.03319	0.50830	0.00729	0.01362	0.00577	0.00321	0.00645
3	0.09493	0.13152	0.39129	0.01543	0.02204	0.20699	0.01693	0.02078	0.01400	0.01869	0.01020	0.01194	0.00783	0.00596	0.00538	0.00179	0.00896	0.00416	0.00290	0.00829
4	0.01493	0.08736	0.01572	0.01015	0.01558	0.01158	0.00838	0.12372	0.01539	0.02265	0.01143	0.01295	0.00932	0.00512	0.00480	0.00111	0.00516	0.00395	0.00398	0.61673
5	0.01313	0.14712	0.63943	0.01667	0.02529	0.01602	0.02113	0.01957	0.01308	0.01896	0.01080	0.01267	0.00791	0.00583	0.00563	0.00188	0.00882	0.00441	0.00264	0.00902
6	0.01141	0.00867	0.00995	0.00911	0.01132	0.00867	0.00694	0.13803	0.06766	0.02439	0.30259	0.15382	0.19663	0.01322	0.00718	0.00207	0.00392	0.01137	0.00631	0.00673
7	0.00891	0.00652	0.00825	0.00783	0.00926	0.00615	0.00577	0.01185	0.03450	0.02302	0.59023	0.04575	0.10128	0.07988	0.03144	0.00256	0.00368	0.01097	0.00640	0.00575
8	0.45909	0.01139	0.01159	0.00952	0.01382	0.01176	0.00785	0.02385	0.01392	0.35784	0.01598	0.01521	0.01073	0.00667	0.00496	0.00193	0.00504	0.00470	0.00563	0.00852
9	0.00763	0.00554	0.00720	0.00844	0.00900	0.00511	0.00570	0.00884	0.01237	0.01639	0.06819	0.68495	0.09985	0.01891	0.00788	0.00247	0.00355	0.01705	0.00583	0.00511
10	0.01478	0.01576	0.02746	0.26086	0.13443	0.07436	0.32500	0.03590	0.01451	0.01883	0.01181	0.01606	0.00906	0.00575	0.00666	0.00201	0.00934	0.00622	0.00310	0.00810
11	0.00861	0.00603	0.00780	0.00875	0.00925	0.00610	0.00609	0.00999	0.01194	0.01696	0.03047	0.61127	0.03517	0.01708	0.00823	0.00238	0.05431	0.01508	0.12922	0.00529
12	0.01157	0.00644	0.00735	0.00747	0.00918	0.00615	0.00586	0.01411	0.01373	0.07264	0.03038	0.08945	0.13169	0.01121	0.00596	0.00191	0.00367	0.13098	0.43425	0.00600
13	0.01683	0.01820	0.13939	0.02253	0.08470	0.01502	0.37999	0.10528	0.01651	0.10060	0.01433	0.01755	0.01060	0.00617	0.00681	0.00203	0.00895	0.02143	0.00399	0.00909
14	0.01542	0.01480	0.02529	0.03824	0.74217	0.01480	0.01912	0.01912	0.01419	0.02036	0.01172	0.01542	0.00987	0.00555	0.00617	0.00185	0.00740	0.00555	0.00308	0.00987
15	0.01592	0.01555	0.02004	0.01634	0.02054	0.07484	0.18746	0.02916	0.49475	0.02367	0.02091	0.02067	0.01575	0.00749	0.00654	0.00207	0.00683	0.00688	0.00529	0.00929
16	0.01559	0.01035	0.01475	0.01221	0.01558	0.00991	0.10389	0.12439	0.01758	0.17136	0.11873	0.09519	0.15672	0.01153	0.00716	0.00214	0.00547	0.09371	0.00602	0.00771
17	0.25075	0.01230	0.01487	0.01269	0.01580	0.05281	0.11652	0.06994	0.05920	0.04158	0.01842	0.22039	0.01814	0.01117	0.02845	0.00237	0.03431	0.00854	0.00461	0.00713
18	0.05835	0.04191	0.02182	0.01649	0.02032	0.03482	0.23982	0.03932	0.10132	0.07615	0.07547	0.07217	0.01697	0.00834	0.00853	0.00209	0.11395	0.00737	0.00444	0.04035

[dist]
# distance from previous block
# <min> <max>
1	12

[block]
# block no. 8 follows, 36 sequences, length 43
# corresponding to MSA columns:
# 380-422
name=unknown_I
#
# <colnr> <probs for GDERKNQSTAVLIFYWHMCP>
#	G	D	E	R	K	N	Q	S	T	A	V	L	I	F	Y	W	H	M	C	P
0	0.14420	0.03449	0.02175	0.26931	0.12787	0.01478	0.16425	0.07644	0.01437	0.02128	0.01368	0.01705	0.04118	0.00636	0.00607	0.00199	0.00770	0.00586	0.00349	0.00788
1	0.18245	0.01284	0.01491	0.01286	0.01620	0.06204	0.10582	0.02198	0.25184	0.02334	0.08825	0.08532	0.03445	0.00931	0.00630	0.00211	0.00582	0.05131	0.00513	0.00773
2	0.13103	0.00884	0.05486	0.00822	0.01066	0.00751	0.00687	0.01269	0.01563	0.02350	0.45086	0.04161	0.18141	0.01186	0.00674	0.00198	0.00366	0.01003	0.00593	0.00610
3	0.01488	0.02168	0.29861	0.17799	0.07025	0.04870	0.05890	0.11643	0.04856	0.02148	0.01220	0.01489	0.00910	0.00657	0.00699	0.00202	0.05334	0.00529	0.00342	0.00871
4	0.01206	0.01011	0.01184	0.00905	0.01367	0.00786	0.00718	0.01458	0.01288	0.01941	0.01699	0.02256	0.06287	0.05548	0.00684	0.00148	0.00469	0.06072	0.00401	0.64570
5	0.01018	0.00688	0.00939	0.01025	0.01168	0.00664	0.00845	0.01270	0.01463	0.05282	0.14936	0.18505	0.05711	0.01640	0.00815	0.00260	0.00483	0.42100	0.00602	0.00586
6	0.01243	0.00918	0.01207	0.01087	0.01374	0.00845	0.03964	0.08157	0.01486	0.05405	0.02456	0.25273	0.02574	0.01259	0.00692	0.00207	0.00507	0.17909	0.02303	0.21134
7	0.01577	0.62448	0.18519	0.01217	0.01833	0.02248	0.01329	0.01889	0.01277	0.01574	0.00920	0.01067	0.00797	0.00546	0.00441	0.00147	0.00721	0.00360	0.00266	0.00825
8	0.00758	0.00547	0.00718	0.00854	0.00900	0.00507	0.00572	0.00869	0.01206	0.01596	0.03603	0.73477	0.08231	0.01930	0.00792	0.00251	0.00359	0.01744	0.00578	0.00507
9	0.02442	0.01027	0.01363	0.01075	0.01502	0.00921	0.00877	0.04529	0.05009	0.58807	0.13137	0.02493	0.02196	0.00849	0.00643	0.00194	0.00497	0.00703	0.00748	0.00986
10	0.01454	0.01639	0.03485	0.04573	0.03154	0.01597	0.64351	0.01945	0.01423	0.01945	0.01221	0.01655	0.00932	0.00573	0.00838	0.00215	0.07151	0.00715	0.00311	0.00824
11	0.00824	0.00635	0.00753	0.00723	0.00895	0.00563	0.00543	0.01064	0.01628	0.02176	0.47133	0.05185	0.32835	0.01394	0.00735	0.00202	0.00303	0.01201	0.00643	0.00563
12	0.02237	0.01081	0.01371	0.01113	0.01512	0.01030	0.00912	0.12792	0.05477	0.43643	0.11848	0.02774	0.02230	0.00914	0.00655	0.00200	0.00518	0.06269	0.02482	0.00944
13	0.01362	0.23455	0.55623	0.01585	0.02402	0.01721	0.01970	0.01944	0.01302	0.01837	0.01050	0.01230	0.00792	0.00576	0.00540	0.00180	0.00852	0.00426	0.00264	0.00888
14	0.02653	0.01031	0.01389	0.01075	0.01539	0.00889	0.00885	0.02888	0.01758	0.69588	0.02725	0.02389	0.06565	0.00827	0.00634	0.00194	0.00515	0.00674	0.00758	0.01023
15	0.12238	0.01379	0.01487	0.01218	0.01645	0.01501	0.00985	0.25106	0.25143	0.18236	0.01967	0.01851	0.01396	0.00763	0.00594	0.00196	0.00557	0.00594	0.02167	0.00979
16	0.11249	0.07213	0.04433	0.17484	0.02423	0.11955	0.07697	0.14679	0.06576	0.04110	0.01242	0.01463	0.00948	0.00673	0.00664	0.00194	0.05265	0.00518	0.00397	0.00818
17	0.01566	0.11886	0.08417	0.03207	0.56017	0.04500	0.01804	0.01933	0.01404	0.01935	0.01119	0.01436	0.00939	0.00559	0.00584	0.00178	0.00760	0.00512	0.00300	0.00946
18	0.00796	0.00569	0.00766	0.00910	0.00962	0.00538	0.00643	0.00932	0.01229	0.01632	0.03414	0.66981	0.04040	0.01917	0.00805	0.00258	0.00394	0.12121	0.00578	0.00516
19	0.05301	0.01634	0.09436	0.04928	0.02199	0.01530	0.15321	0.25584	0.11046	0.07413	0.01723	0.08031	0.01378	0.00790	0.00648	0.00203	0.00718	0.00699	0.00507	0.00913
20	0.15098	0.04928	0.06023	0.02905	0.01814	0.03499	0.06778	0.18239	0.11072	0.07569	0.04311	0.04302	0.02934	0.00798	0.00710	0.00201	0.06857	0.00618	0.00490	0.00854
21	0.00953	0.00754	0.01123	0.06155	0.12179	0.00751	0.00938	0.01156	0.01279	0.01713	0.02921	0.47086	0.03334	0.01612	0.00771	0.00247	0.00491	0.15416	0.00518	0.00604
22	0.00761	0.00550	0.00720	0.00852	0.00901	0.00509	0.00572	0.00876	0.01219	0.01617	0.05229	0.71792	0.08271	0.01914	0.00790	0.00249	0.00357	0.01730	0.00581	0.00509
23	0.04705	0.51020	0.21696	0.01271	0.01891	0.04613	0.01381	0.04093	0.01339	0.01727	0.00955	0.01102	0.00800	0.00560	0.00462	0.00155	0.00741	0.00376	0.00283	0.00832
24	0.06062	0.03784	0.06646	0.01738	0.02174	0.02422	0.31345	0.04519	0.03395	0.06270	0.01940	0.23049	0.01874	0.00968	0.00697	0.00215	0.00745	0.00956	0.00436	0.00764
25	0.00872	0.00636	0.00819	0.00773	0.00925	0.00584	0.00580	0.01156	0.01740	0.02442	0.69239	0.04746	0.10563	0.01295	0.00735	0.00197	0.00295	0.01140	0.00678	0.00584
26	0.00779	0.00556	0.00746	0.00890	0.00935	0.00523	0.00613	0.00902	0.01212	0.01613	0.03423	0.72011	0.04078	0.01933	0.00801	0.00256	0.00379	0.07262	0.00578	0.00512
27	0.03724	0.01442	0.04113	0.19259	0.07472	0.05297	0.09324	0.13201	0.05935	0.17423	0.04327	0.01885	0.02348	0.00708	0.00633	0.00197	0.00727	0.00616	0.00486	0.00883
28	0.00891	0.00665	0.00989	0.00989	0.01096	0.00772	0.00764	0.01105	0.00998	0.01438	0.01680	0.02508	0.01584	0.07405	0.72938	0.00987	0.01629	0.00676	0.00335	0.00550
29	0.00861	0.00636	0.00804	0.00762	0.00918	0.00579	0.00571	0.01135	0.01714	0.02381	0.64180	0.04847	0.15660	0.01317	0.00735	0.00198	0.00297	0.01154	0.00670	0.00579
30	0.01575	0.20448	0.42860	0.01577	0.02281	0.17477	0.01784	0.02058	0.01400	0.01761	0.01027	0.01202	0.00794	0.00589	0.00541	0.00175	0.00906	0.00419	0.00276	0.00851
31	0.01625	0.58047	0.11396	0.01266	0.01825	0.06961	0.05375	0.01905	0.01331	0.01591	0.03118	0.01194	0.00960	0.00569	0.00462	0.00149	0.00737	0.00400	0.00285	0.00805
32	0.00924	0.00685	0.00867	0.00813	0.00976	0.00653	0.00612	0.01315	0.06700	0.02482	0.66910	0.04533	0.07648	0.01253	0.00728	0.00197	0.00308	0.01103	0.00679	0.00614
33	0.00763	0.00553	0.00722	0.00847	0.00901	0.00511	0.00572	0.00884	0.01235	0.01639	0.06889	0.69387	0.09007	0.01895	0.00788	0.00247	0.00355	0.01710	0.00583	0.00511
34	0.06400	0.01260	0.01480	0.01161	0.01626	0.05814	0.00950	0.09370	0.03670	0.58240	0.02201	0.01953	0.01419	0.00754	0.00611	0.00191	0.00579	0.00595	0.00707	0.01019
35	0.23804	0.01782	0.15112	0.17349	0.02322	0.09167	0.01359	0.05561	0.05579	0.05403	0.01172	0.01393	0.00883	0.00665	0.00644	0.00200	0.05979	0.00473	0.00369	0.00785
36	0.01441	0.01377	0.02346	0.24020	0.54813	0.01454	0.01862	0.01823	0.01371	0.01912	0.01154	0.01575	0.00944	0.00574	0.00619	0.00191	0.00765	0.00555	0.00300	0.00905
37	0.01521	0.01221	0.02182	0.13030	0.06997	0.01198	0.25073	0.01973	0.05025	0.14505	0.15079	0.02514	0.05230	0.00784	0.00687	0.00203	0.00710	0.00774	0.00483	0.00812
38	0.01370	0.01223	0.02971	0.07565	0.08143	0.01092	0.11988	0.01834	0.07785	0.05395	0.05142	0.06360	0.01483	0.00675	0.00589	0.00160	0.00605	0.00624	0.00417	0.34579
39	0.01399	0.01237	0.05637	0.00998	0.01561	0.00899	0.00851	0.01755	0.03997	0.06867	0.01251	0.01387	0.00993	0.00504	0.00486	0.00110	0.00494	0.00404	0.00399	0.68771
40	0.01817	0.53420	0.05070	0.01348	0.04942	0.21088	0.01177	0.02030	0.01402	0.01522	0.00912	0.01065	0.00808	0.00564	0.00457	0.00145	0.00794	0.00364	0.00282	0.00792
41	0.02312	0.02816	0.01787	0.01686	0.05253	0.68858	0.01224	0.02486	0.01750	0.04796	0.01039	0.01187	0.00844	0.00644	0.00567	0.00163	0.01080	0.00418	0.00340	0.00750
42	0.02211	0.01246	0.01811	0.01393	0.01846	0.01212	0.12324	0.11465	0.08996	0.38996	0.06617	0.02171	0.01692	0.02275	0.00736	0.00207	0.02519	0.00679	0.00640	0.00965

[dist]
# distance from previous block
# <min> <max>
0	1

[block]
# block no. 9 follows, 36 sequences, length 57
# corresponding to MSA columns:
# 424-480
name=unknown_J
#
# <colnr> <probs for GDERKNQSTAVLIFYWHMCP>
#	G	D	E	R	K	N	Q	S	T	A	V	L	I	F	Y	W	H	M	C	P
0	0.01010	0.00667	0.00863	0.00796	0.00972	0.00607	0.00603	0.01290	0.01740	0.07651	0.63876	0.04568	0.10456	0.01259	0.00727	0.00197	0.00313	0.01104	0.00684	0.00618
1	0.82504	0.01205	0.00916	0.00819	0.01205	0.01398	0.00675	0.01832	0.01060	0.02795	0.00868	0.01012	0.00675	0.00578	0.00386	0.00193	0.00482	0.00337	0.00386	0.00675
2	0.01177	0.01107	0.01869	0.76606	0.04291	0.01384	0.01730	0.01592	0.01246	0.01592	0.01107	0.01661	0.00831	0.00623	0.00623	0.00208	0.00831	0.00554	0.00277	0.00692
3	0.02495	0.01372	0.05114	0.01366	0.01887	0.01229	0.08373	0.17927	0.01979	0.48435	0.02064	0.01903	0.01341	0.00733	0.00636	0.00194	0.00636	0.00616	0.00669	0.01031
4	0.00759	0.00542	0.00723	0.00868	0.00904	0.00506	0.00578	0.00868	0.01193	0.01591	0.03434	0.77697	0.04121	0.01952	0.00795	0.00253	0.00361	0.01771	0.00578	0.00506
5	0.00884	0.00700	0.00947	0.01008	0.01053	0.00773	0.00727	0.01049	0.03001	0.01590	0.02856	0.57523	0.03334	0.02024	0.07410	0.00319	0.12279	0.01460	0.00512	0.00550
6	0.01784	0.62867	0.08198	0.01123	0.01677	0.02188	0.01136	0.02027	0.01338	0.11122	0.01094	0.01170	0.00896	0.00569	0.00443	0.00146	0.00667	0.00381	0.00333	0.00843
7	0.01335	0.00729	0.00996	0.01025	0.01206	0.00679	0.00811	0.01538	0.01420	0.19218	0.03152	0.34449	0.03312	0.01587	0.00778	0.00251	0.00477	0.25751	0.00623	0.00663
8	0.00976	0.00648	0.00805	0.00791	0.00957	0.00580	0.00583	0.01185	0.01538	0.08161	0.33159	0.22320	0.23015	0.01474	0.00741	0.00213	0.00336	0.01289	0.00639	0.00592
9	0.01746	0.01801	0.01687	0.01488	0.01696	0.24055	0.01180	0.02288	0.18548	0.05104	0.01384	0.01600	0.01137	0.01029	0.04220	0.00250	0.29060	0.00549	0.00399	0.00779
10	0.02405	0.01686	0.01833	0.01406	0.01903	0.01845	0.01161	0.66205	0.02831	0.10000	0.01579	0.01550	0.01101	0.00750	0.00624	0.00187	0.00672	0.00567	0.00636	0.01060
11	0.00867	0.00629	0.00818	0.00786	0.00926	0.00579	0.00584	0.01142	0.01705	0.02398	0.65965	0.10863	0.07717	0.01340	0.00740	0.00201	0.00300	0.01187	0.00674	0.00579
12	0.01292	0.01107	0.01292	0.00923	0.01477	0.00831	0.00738	0.01569	0.01292	0.02030	0.01107	0.01292	0.00923	0.00461	0.00461	0.00092	0.00461	0.00369	0.00369	0.81912
13	0.01540	0.04950	0.01807	0.01983	0.21459	0.11818	0.01254	0.06172	0.02680	0.04690	0.01702	0.19732	0.01716	0.01023	0.00899	0.00212	0.14353	0.00819	0.00410	0.00778
14	0.00916	0.00659	0.00898	0.01020	0.01137	0.00641	0.00832	0.01149	0.01394	0.01834	0.09259	0.26261	0.06661	0.01742	0.00827	0.00267	0.00482	0.42880	0.00584	0.00554
15	0.01984	0.20092	0.02075	0.01349	0.03245	0.06322	0.01110	0.29026	0.20681	0.05561	0.01615	0.01596	0.01219	0.00712	0.00569	0.00179	0.00652	0.00537	0.00522	0.00956
16	0.03682	0.01455	0.01579	0.01255	0.01660	0.09422	0.01020	0.16585	0.01787	0.25877	0.01580	0.01607	0.01131	0.00736	0.00781	0.00180	0.11406	0.00524	0.01980	0.15754
