[name]
unknown

[dist]
# distance from previous block
# <min> <max>
0	387

[block]
# block no. 0 follows, 27 sequences, length 12
# corresponding to MSA columns:
# 591-595,598-604
name=unknown_A
#
# <colnr> <probs for GDERKNQSTAVLIFYWHMCP>
#	G	D	E	R	K	N	Q	S	T	A	V	L	I	F	Y	W	H	M	C	P
0	0.02169	0.02124	0.02070	0.02188	0.14812	0.19039	0.01454	0.13405	0.23818	0.02826	0.02119	0.07010	0.01754	0.00954	0.00741	0.00230	0.00857	0.00776	0.00582	0.01071
1	0.02346	0.01586	0.01845	0.01439	0.01938	0.01638	0.01175	0.29981	0.02499	0.14754	0.08466	0.02251	0.01892	0.00926	0.00852	0.00210	0.06560	0.00704	0.03130	0.15810
2	0.01520	0.01346	0.08000	0.01152	0.01556	0.01103	0.01010	0.13936	0.02150	0.07516	0.20313	0.04867	0.29754	0.01422	0.00825	0.00238	0.00543	0.01184	0.00709	0.00856
3	0.64473	0.01466	0.01203	0.01078	0.01530	0.01700	0.00874	0.02517	0.13925	0.03288	0.01411	0.01503	0.01082	0.00750	0.00516	0.00234	0.00577	0.00485	0.00516	0.00874
4	0.64658	0.01558	0.01307	0.01115	0.01600	0.01786	0.00919	0.14454	0.01686	0.03587	0.01176	0.01315	0.00891	0.00727	0.00513	0.00228	0.00620	0.00453	0.00513	0.00891
5	0.01528	0.00833	0.01058	0.01038	0.01271	0.00736	0.00762	0.01713	0.01672	0.19559	0.04646	0.38462	0.20107	0.01849	0.00878	0.00270	0.00469	0.01620	0.00749	0.00780
6	0.01814	0.01186	0.01493	0.01290	0.01625	0.01188	0.03167	0.16008	0.05529	0.13144	0.22728	0.16958	0.05951	0.01416	0.00840	0.00249	0.00562	0.03167	0.00766	0.00920
7	0.01411	0.01012	0.01191	0.01070	0.01378	0.00972	0.00838	0.01935	0.11060	0.09480	0.20806	0.05028	0.25684	0.01443	0.00890	0.00240	0.03404	0.04254	0.00719	0.07184
8	0.58277	0.02032	0.06943	0.01248	0.01745	0.14824	0.01083	0.02345	0.01448	0.02963	0.01080	0.01261	0.00844	0.00705	0.00519	0.00223	0.00762	0.00428	0.00433	0.00839
9	0.06620	0.07895	0.02078	0.01744	0.08683	0.14182	0.01270	0.13773	0.07294	0.08323	0.01636	0.01742	0.01257	0.00750	0.00644	0.00189	0.00797	0.00567	0.02737	0.17820
10	0.06558	0.09427	0.10128	0.02264	0.20063	0.05734	0.01582	0.04328	0.07645	0.05363	0.01634	0.04652	0.01357	0.00767	0.00660	0.00200	0.00785	0.00632	0.00459	0.15760
11	0.04237	0.06102	0.01915	0.01645	0.05688	0.14196	0.03841	0.05759	0.19885	0.06475	0.05901	0.02941	0.07985	0.03482	0.00835	0.00241	0.00768	0.02757	0.00593	0.04753

[dist]
# distance from previous block
# <min> <max>
6	54

[block]
# block no. 1 follows, 27 sequences, length 20
# corresponding to MSA columns:
# 660-679
name=unknown_B
#
# <colnr> <probs for GDERKNQSTAVLIFYWHMCP>
#	G	D	E	R	K	N	Q	S	T	A	V	L	I	F	Y	W	H	M	C	P
0	0.69929	0.01721	0.09284	0.01112	0.01647	0.01672	0.01034	0.02202	0.01299	0.03214	0.01069	0.01249	0.00820	0.00691	0.00489	0.00230	0.00636	0.00419	0.00442	0.00839
1	0.01697	0.01621	0.02760	0.26272	0.48657	0.01727	0.02209	0.02156	0.01624	0.02255	0.01372	0.01883	0.01116	0.00687	0.00737	0.00229	0.00917	0.00661	0.00355	0.01063
2	0.01846	0.01595	0.01679	0.01511	0.01930	0.01846	0.01175	0.03945	0.67938	0.03105	0.03022	0.02770	0.02266	0.01007	0.00755	0.00252	0.00588	0.00839	0.00755	0.01175
3	0.01074	0.00742	0.00921	0.00921	0.00959	0.00780	0.00588	0.01151	0.01112	0.01522	0.02237	0.04295	0.02455	0.54097	0.23257	0.00857	0.01088	0.00997	0.00435	0.00512
4	0.01539	0.01319	0.01539	0.01100	0.01759	0.00990	0.00880	0.01869	0.01539	0.02419	0.01319	0.01539	0.01100	0.00550	0.00550	0.00110	0.00550	0.00440	0.00440	0.78449
5	0.02822	0.02079	0.02228	0.01708	0.02302	0.02302	0.01411	0.66804	0.03490	0.04679	0.01782	0.01782	0.01262	0.00891	0.00743	0.00223	0.00817	0.00668	0.00743	0.01262
6	0.00904	0.00646	0.00861	0.01034	0.01077	0.00603	0.00689	0.01034	0.01421	0.01895	0.04092	0.73426	0.04910	0.02326	0.00948	0.00301	0.00431	0.02110	0.00689	0.00603
7	0.01051	0.00759	0.00992	0.00934	0.01109	0.00700	0.00700	0.01401	0.02101	0.02977	0.68888	0.05545	0.07005	0.01518	0.00876	0.00233	0.00350	0.01343	0.00817	0.00700
8	0.01042	0.00758	0.00980	0.00924	0.01104	0.00697	0.00693	0.01383	0.02080	0.02926	0.65697	0.05628	0.10227	0.01537	0.00876	0.00234	0.00352	0.01354	0.00811	0.00697
9	0.01004	0.00730	0.00946	0.00950	0.01095	0.00671	0.00690	0.01288	0.01905	0.02647	0.48931	0.23057	0.09824	0.01745	0.00894	0.00252	0.00372	0.01552	0.00777	0.00671
10	0.03331	0.01263	0.01723	0.01321	0.01895	0.01091	0.01091	0.03618	0.02125	0.69794	0.02929	0.02527	0.01838	0.00919	0.00747	0.00230	0.00632	0.00747	0.00919	0.01263
11	0.01483	0.01402	0.02372	0.59609	0.16999	0.01671	0.02102	0.01967	0.01523	0.01995	0.01334	0.01953	0.01024	0.00727	0.00741	0.00242	0.00970	0.00660	0.00337	0.00890
12	0.01752	0.01313	0.01561	0.01126	0.01775	0.01002	0.00905	0.02077	0.01609	0.10422	0.01511	0.01657	0.01187	0.00594	0.00573	0.00124	0.00560	0.00476	0.00497	0.69280
13	0.01823	0.01785	0.01650	0.01481	0.01649	0.19705	0.01116	0.07817	0.01585	0.01926	0.01549	0.02527	0.01525	0.19289	0.08496	0.07552	0.16667	0.00724	0.00416	0.00720
14	0.00901	0.00659	0.00848	0.01000	0.01068	0.00606	0.00674	0.01037	0.01453	0.01908	0.04499	0.65553	0.12520	0.02273	0.00939	0.00295	0.00424	0.02046	0.00689	0.00606
15	0.01761	0.01508	0.02351	0.38520	0.20751	0.01721	0.01928	0.09758	0.01789	0.04927	0.01484	0.01958	0.01136	0.00771	0.00794	0.00237	0.03543	0.00665	0.03420	0.00977
16	0.01753	0.01357	0.01410	0.01245	0.01586	0.06487	0.00966	0.08398	0.19322	0.09511	0.26170	0.04063	0.12129	0.01257	0.00804	0.00236	0.00561	0.01054	0.00755	0.00934
17	0.01811	0.01697	0.02840	0.06336	0.56292	0.01712	0.04333	0.05688	0.01790	0.02531	0.04094	0.04463	0.01525	0.00766	0.00753	0.00226	0.00859	0.00745	0.00415	0.01125
18	0.02059	0.49336	0.14344	0.01505	0.02193	0.07419	0.01538	0.09967	0.01795	0.02198	0.01178	0.01333	0.00988	0.00686	0.00559	0.00181	0.00884	0.00460	0.00372	0.01007
19	0.01345	0.01045	0.01376	0.01489	0.07688	0.03083	0.03144	0.01701	0.03834	0.06364	0.17577	0.12310	0.17541	0.01618	0.00889	0.00268	0.00578	0.16688	0.00680	0.00778

[dist]
# distance from previous block
# <min> <max>
2	7

[block]
# block no. 2 follows, 27 sequences, length 10
# corresponding to MSA columns:
# 688-692,705-709
name=unknown_C
#
# <colnr> <probs for GDERKNQSTAVLIFYWHMCP>
#	G	D	E	R	K	N	Q	S	T	A	V	L	I	F	Y	W	H	M	C	P
0	0.01853	0.30322	0.28140	0.01634	0.02399	0.02175	0.01794	0.02668	0.13736	0.06221	0.01620	0.01700	0.01241	0.00746	0.00629	0.00209	0.00860	0.00555	0.00432	0.01066
1	0.01402	0.01319	0.02227	0.72126	0.05113	0.01649	0.02062	0.01897	0.01484	0.01897	0.01319	0.01979	0.00990	0.00742	0.00742	0.00247	0.00990	0.00660	0.00330	0.00825
2	0.02669	0.01974	0.02199	0.01694	0.02279	0.10609	0.07092	0.30016	0.02592	0.18650	0.01877	0.01883	0.01321	0.00813	0.00721	0.00208	0.00846	0.00651	0.00664	0.11242
3	0.01827	0.05993	0.20107	0.06779	0.22916	0.01687	0.06452	0.05271	0.04240	0.08623	0.01957	0.04833	0.04337	0.00839	0.00740	0.00231	0.00888	0.00743	0.00458	0.01077
4	0.00904	0.00646	0.00861	0.01034	0.01077	0.00603	0.00689	0.01034	0.01421	0.01895	0.04092	0.73426	0.04910	0.02326	0.00948	0.00301	0.00431	0.02110	0.00689	0.00603
5	0.01985	0.74357	0.03890	0.01270	0.01905	0.02937	0.01270	0.02223	0.01508	0.01747	0.01032	0.01191	0.00953	0.00635	0.00476	0.00159	0.00794	0.00397	0.00318	0.00953
6	0.02414	0.01419	0.01677	0.01363	0.01820	0.01433	0.01108	0.27161	0.02562	0.23827	0.12398	0.06388	0.07427	0.01184	0.00796	0.00238	0.00638	0.04269	0.00798	0.01077
7	0.01802	0.01728	0.02950	0.09985	0.64124	0.01755	0.02261	0.02248	0.01674	0.02383	0.01390	0.01849	0.01161	0.00668	0.00736	0.00223	0.00891	0.00661	0.00364	0.01148
8	0.01051	0.00759	0.00992	0.00934	0.01109	0.00700	0.00700	0.01401	0.02101	0.02977	0.68888	0.05545	0.07005	0.01518	0.00876	0.00233	0.00350	0.01343	0.00817	0.00700
9	0.01837	0.01764	0.03013	0.04557	0.69279	0.01764	0.02278	0.02278	0.01690	0.02425	0.01396	0.01837	0.01176	0.00661	0.00735	0.00220	0.00882	0.00661	0.00367	0.01176

[dist]
# distance from previous block
# <min> <max>
0	13

[block]
# block no. 3 follows, 27 sequences, length 15
# corresponding to MSA columns:
# 723-737
name=unknown_D
#
# <colnr> <probs for GDERKNQSTAVLIFYWHMCP>
#	G	D	E	R	K	N	Q	S	T	A	V	L	I	F	Y	W	H	M	C	P
0	0.00904	0.00646	0.00861	0.01034	0.01077	0.00603	0.00689	0.01034	0.01421	0.01895	0.04092	0.73426	0.04910	0.02326	0.00948	0.00301	0.00431	0.02110	0.00689	0.00603
1	0.00885	0.00722	0.00783	0.00833	0.01024	0.00620	0.00600	0.01056	0.01615	0.01974	0.06540	0.26103	0.50653	0.02008	0.00897	0.00265	0.00392	0.01722	0.00689	0.00620
2	0.01752	0.02003	0.04380	0.03129	0.03880	0.01877	0.66583	0.02378	0.01752	0.02378	0.01502	0.02003	0.01126	0.00626	0.00876	0.00250	0.01252	0.00876	0.00375	0.01001
3	0.01729	0.02445	0.18379	0.02705	0.03475	0.06646	0.44537	0.02361	0.01755	0.02365	0.05039	0.02050	0.01388	0.00701	0.00824	0.00242	0.01176	0.00801	0.00386	0.00996
4	0.71919	0.01489	0.01399	0.01177	0.01664	0.01685	0.06953	0.02201	0.01309	0.03242	0.01077	0.01280	0.00834	0.00683	0.00498	0.00232	0.00638	0.00446	0.00452	0.00822
5	0.00904	0.00646	0.00861	0.01034	0.01077	0.00603	0.00689	0.01034	0.01421	0.01895	0.04092	0.73426	0.04910	0.02326	0.00948	0.00301	0.00431	0.02110	0.00689	0.00603
6	0.00987	0.00733	0.00919	0.00922	0.01082	0.00666	0.00673	0.01259	0.01877	0.02561	0.43401	0.20660	0.18001	0.01761	0.00892	0.00252	0.00373	0.01552	0.00766	0.00666
7	0.01567	0.01488	0.02524	0.46548	0.29403	0.01693	0.02144	0.02041	0.01562	0.02097	0.01349	0.01926	0.01060	0.00712	0.00739	0.00237	0.00949	0.00660	0.00344	0.00958
8	0.08264	0.01755	0.01951	0.01513	0.02068	0.01862	0.01241	0.42333	0.02861	0.22105	0.02064	0.02074	0.01447	0.03975	0.00852	0.00246	0.00745	0.00688	0.00758	0.01196
9	0.01606	0.10671	0.48697	0.02385	0.09338	0.01872	0.10605	0.02334	0.01596	0.02299	0.01329	0.01609	0.00987	0.00684	0.00706	0.00228	0.01065	0.00585	0.00327	0.01078
10	0.01744	0.01977	0.04241	0.03051	0.03752	0.01904	0.62273	0.02339	0.01711	0.02339	0.01467	0.01977	0.01116	0.00670	0.00980	0.00255	0.05983	0.00861	0.00372	0.00989
11	0.01496	0.01231	0.01685	0.01864	0.13258	0.01396	0.01206	0.04109	0.13642	0.02116	0.01930	0.02754	0.01765	0.14095	0.17032	0.08291	0.10062	0.00789	0.00462	0.00817
12	0.01384	0.00692	0.00692	0.00692	0.00865	0.00692	0.00519	0.01730	0.01557	0.02768	0.02422	0.02768	0.01903	0.00865	0.00519	0.00173	0.00346	0.00692	0.78031	0.00692
13	0.02015	0.10242	0.02074	0.08054	0.02222	0.01634	0.05438	0.08519	0.18365	0.15476	0.03023	0.05285	0.10308	0.01070	0.00755	0.00237	0.00694	0.02907	0.00655	0.01026
14	0.01715	0.01765	0.01957	0.01888	0.08305	0.16512	0.08364	0.02290	0.11278	0.02405	0.16399	0.05741	0.07573	0.01179	0.00896	0.00243	0.04633	0.05404	0.00574	0.00878

[dist]
# distance from previous block
# <min> <max>
2	10

[block]
# block no. 4 follows, 27 sequences, length 10
# corresponding to MSA columns:
# 748-757
name=unknown_E
#
# <colnr> <probs for GDERKNQSTAVLIFYWHMCP>
#	G	D	E	R	K	N	Q	S	T	A	V	L	I	F	Y	W	H	M	C	P
0	0.01811	0.04885	0.13965	0.05315	0.30078	0.01703	0.04175	0.09108	0.01820	0.02606	0.01398	0.01711	0.01113	0.00671	0.00688	0.00200	0.00857	0.00595	0.00410	0.16890
1	0.00954	0.00651	0.00844	0.00998	0.01055	0.00612	0.00671	0.01106	0.01435	0.01986	0.03918	0.66080	0.04597	0.02174	0.00903	0.00288	0.00422	0.01963	0.08730	0.00612
2	0.01837	0.01764	0.03013	0.04557	0.69279	0.01764	0.02278	0.02278	0.01690	0.02425	0.01396	0.01837	0.01176	0.00661	0.00735	0.00220	0.00882	0.00661	0.00367	0.01176
3	0.00904	0.00646	0.00861	0.01034	0.01077	0.00603	0.00689	0.01034	0.01421	0.01895	0.04092	0.73426	0.04910	0.02326	0.00948	0.00301	0.00431	0.02110	0.00689	0.00603
4	0.79154	0.01436	0.01091	0.00976	0.01436	0.01665	0.00804	0.02182	0.01263	0.03331	0.01034	0.01206	0.00804	0.00689	0.00459	0.00230	0.00574	0.00402	0.00459	0.00804
5	0.01217	0.00957	0.01484	0.01458	0.01695	0.00929	0.08093	0.01584	0.01776	0.02349	0.14240	0.07180	0.07427	0.01805	0.00978	0.00310	0.00677	0.44452	0.00672	0.00718
6	0.01062	0.00789	0.01162	0.01162	0.01284	0.00911	0.00889	0.01306	0.01184	0.01700	0.02017	0.03074	0.01924	0.11113	0.65517	0.01155	0.01886	0.00818	0.00402	0.00646
7	0.02718	0.02027	0.02169	0.01687	0.02262	0.02253	0.01386	0.60069	0.10395	0.04510	0.01915	0.01888	0.01370	0.00904	0.00744	0.00226	0.00792	0.00687	0.00744	0.01253
8	0.01910	0.62294	0.10664	0.01402	0.02044	0.02768	0.01446	0.02208	0.01490	0.01812	0.01060	0.01258	0.00953	0.00686	0.00628	0.00178	0.05494	0.00429	0.00318	0.00959
9	0.02163	0.01182	0.01576	0.01274	0.01696	0.01110	0.04453	0.07757	0.05781	0.28098	0.22500	0.03512	0.05885	0.01105	0.00776	0.00226	0.00563	0.00948	0.05829	0.03567

[dist]
# distance from previous block
# <min> <max>
0	1

[block]
# block no. 5 follows, 27 sequences, length 110
# corresponding to MSA columns:
# 759-788,804-831,833-846,851-866,878,883-903
name=unknown_F
#
# <colnr> <probs for GDERKNQSTAVLIFYWHMCP>
#	G	D	E	R	K	N	Q	S	T	A	V	L	I	F	Y	W	H	M	C	P
0	0.21676	0.01770	0.01912	0.01536	0.02064	0.01957	0.04256	0.33985	0.11497	0.06932	0.01876	0.02040	0.01406	0.00884	0.00690	0.00234	0.00732	0.02786	0.00663	0.01104
1	0.01921	0.01823	0.02658	0.03680	0.49334	0.05040	0.01972	0.05132	0.15793	0.02627	0.01743	0.02009	0.01400	0.00748	0.00736	0.00226	0.00839	0.00691	0.00465	0.01164
2	0.01065	0.00714	0.00814	0.00828	0.00831	0.00710	0.00469	0.01076	0.01107	0.01476	0.02481	0.10404	0.02878	0.68120	0.03550	0.00686	0.00696	0.01163	0.00469	0.00462
3	0.01597	0.01423	0.01566	0.01138	0.01784	0.04264	0.00906	0.01921	0.01566	0.02391	0.01311	0.01530	0.01093	0.00560	0.00555	0.00114	0.00587	0.00442	0.00437	0.74816
4	0.01215	0.01006	0.01211	0.01195	0.01338	0.06561	0.00909	0.01453	0.01272	0.01750	0.01970	0.02956	0.01861	0.11097	0.56248	0.01026	0.01752	0.00791	0.03726	0.00661
5	0.02639	0.01989	0.02125	0.01671	0.02233	0.02217	0.01367	0.55025	0.15567	0.04384	0.02015	0.01967	0.01451	0.00913	0.00745	0.00228	0.00774	0.00700	0.00745	0.01246
6	0.79154	0.01436	0.01091	0.00976	0.01436	0.01665	0.00804	0.02182	0.01263	0.03331	0.01034	0.01206	0.00804	0.00689	0.00459	0.00230	0.00574	0.00402	0.00459	0.00804
7	0.79154	0.01436	0.01091	0.00976	0.01436	0.01665	0.00804	0.02182	0.01263	0.03331	0.01034	0.01206	0.00804	0.00689	0.00459	0.00230	0.00574	0.00402	0.00459	0.00804
8	0.01061	0.00795	0.01193	0.01193	0.01326	0.00928	0.00928	0.01326	0.01193	0.01723	0.01988	0.02916	0.01856	0.05568	0.70968	0.01193	0.01988	0.00795	0.00398	0.00663
9	0.01052	0.00757	0.00984	0.00928	0.01095	0.00701	0.00689	0.01386	0.02055	0.02907	0.65848	0.05514	0.06808	0.04824	0.01008	0.00256	0.00367	0.01331	0.00800	0.00689
10	0.01289	0.00645	0.00967	0.00967	0.00967	0.00645	0.00645	0.00967	0.00967	0.01289	0.01289	0.02257	0.01289	0.02579	0.02901	0.78401	0.00645	0.00645	0.00322	0.00322
11	0.00899	0.00753	0.00783	0.00775	0.01016	0.00636	0.00581	0.01108	0.01744	0.02129	0.15306	0.06942	0.61115	0.01834	0.00877	0.00249	0.00373	0.01538	0.00706	0.00636
12	0.02776	0.02057	0.02202	0.01699	0.02285	0.02281	0.01400	0.63861	0.06508	0.04605	0.01840	0.01829	0.01309	0.00897	0.00743	0.00224	0.00806	0.00676	0.00743	0.01258
13	0.01879	0.09727	0.46488	0.01942	0.02859	0.04480	0.02265	0.16802	0.02012	0.02799	0.01400	0.01574	0.01014	0.00743	0.00692	0.00224	0.01016	0.00559	0.00412	0.01113
14	0.01384	0.00692	0.00692	0.00692	0.00865	0.00692	0.00519	0.01730	0.01557	0.02768	0.02422	0.02768	0.01903	0.00865	0.00519	0.00173	0.00346	0.00692	0.78031	0.00692
15	0.01384	0.00692	0.00692	0.00692	0.00865	0.00692	0.00519	0.01730	0.01557	0.02768	0.02422	0.02768	0.01903	0.00865	0.00519	0.00173	0.00346	0.00692	0.78031	0.00692
16	0.01539	0.01319	0.01539	0.01100	0.01759	0.00990	0.00880	0.01869	0.01539	0.02419	0.01319	0.01539	0.01100	0.00550	0.00550	0.00110	0.00550	0.00440	0.00440	0.78449
17	0.01761	0.26050	0.05976	0.01835	0.02406	0.02099	0.17911	0.02585	0.17807	0.02278	0.01829	0.02180	0.01503	0.01226	0.07179	0.00309	0.00980	0.02637	0.00458	0.00991
18	0.01368	0.01267	0.02093	0.60142	0.07395	0.01531	0.01892	0.01835	0.01553	0.02012	0.07073	0.02499	0.04611	0.00854	0.00759	0.00245	0.00905	0.00757	0.00387	0.00821
19	0.01064	0.00719	0.00840	0.00854	0.00866	0.00724	0.00501	0.01092	0.01115	0.01495	0.02457	0.10273	0.02821	0.63506	0.08086	0.00718	0.00782	0.01144	0.00466	0.00477
20	0.01145	0.00864	0.01070	0.01000	0.01209	0.00843	0.00755	0.01710	0.10418	0.02956	0.58196	0.05255	0.08784	0.01467	0.00860	0.00236	0.00381	0.01287	0.00804	0.00758
21	0.02822	0.02079	0.02228	0.01708	0.02302	0.02302	0.01411	0.66804	0.03490	0.04679	0.01782	0.01782	0.01262	0.00891	0.00743	0.00223	0.00817	0.00668	0.00743	0.01262
22	0.01045	0.00755	0.00988	0.00938	0.01108	0.00697	0.00700	0.01388	0.02077	0.02938	0.66543	0.08002	0.06929	0.01547	0.00878	0.00236	0.00353	0.01370	0.00813	0.00697
23	0.01078	0.00725	0.00835	0.00835	0.00844	0.00734	0.00482	0.01096	0.01087	0.01458	0.02316	0.04728	0.02642	0.69327	0.08284	0.00751	0.00805	0.01061	0.00446	0.00464
24	0.02572	0.02028	0.02054	0.01655	0.02103	0.11039	0.01346	0.38954	0.02712	0.09010	0.01730	0.01842	0.01280	0.00932	0.00954	0.00230	0.10930	0.00649	0.06879	0.01101
25	0.61423	0.01783	0.01338	0.01174	0.01636	0.11136	0.00948	0.08515	0.01592	0.03255	0.01121	0.01280	0.00869	0.00719	0.00515	0.00224	0.00701	0.00438	0.00476	0.00856
26	0.02822	0.02079	0.02228	0.01708	0.02302	0.02302	0.01411	0.66804	0.03490	0.04679	0.01782	0.01782	0.01262	0.00891	0.00743	0.00223	0.00817	0.00668	0.00743	0.01262
27	0.00927	0.00767	0.00817	0.00837	0.01056	0.00673	0.00615	0.01185	0.04207	0.02071	0.09440	0.18132	0.52868	0.01906	0.00885	0.00259	0.00392	0.01621	0.00697	0.00647
28	0.01079	0.00722	0.00823	0.00823	0.00828	0.00727	0.00467	0.01088	0.01084	0.01449	0.02327	0.04790	0.02669	0.71509	0.06139	0.00736	0.00764	0.01070	0.00448	0.00457
29	0.01567	0.03295	0.50581	0.02416	0.03411	0.01770	0.21679	0.02359	0.01622	0.02359	0.01383	0.01696	0.00996	0.00682	0.00756	0.00240	0.01143	0.00646	0.00332	0.01069
30	0.70751	0.01507	0.01216	0.01057	0.01531	0.01735	0.00871	0.09296	0.01509	0.03479	0.01116	0.01269	0.00854	0.00711	0.00491	0.00229	0.00601	0.00431	0.00491	0.00854
31	0.03176	0.01512	0.01877	0.01439	0.02019	0.01460	0.01189	0.22855	0.02541	0.49969	0.02580	0.02300	0.01663	0.00910	0.00745	0.00228	0.00688	0.00723	0.00865	0.01263
32	0.01620	0.01464	0.01957	0.01460	0.02070	0.01289	0.09520	0.02274	0.12463	0.02505	0.01611	0.01805	0.01291	0.00660	0.00689	0.00159	0.03042	0.00569	0.00479	0.53073
33	0.01512	0.01449	0.02018	0.01759	0.01773	0.01982	0.01437	0.01670	0.01137	0.01746	0.01213	0.02073	0.01234	0.08747	0.09818	0.00455	0.58163	0.00707	0.00345	0.00761
34	0.01764	0.01434	0.01631	0.01233	0.01842	0.01261	0.00986	0.08110	0.13408	0.04840	0.01710	0.01808	0.01342	0.00672	0.00609	0.00149	0.00583	0.00540	0.00537	0.55538
35	0.01539	0.01319	0.01539	0.01100	0.01759	0.00990	0.00880	0.01869	0.01539	0.02419	0.01319	0.01539	0.01100	0.00550	0.00550	0.00110	0.00550	0.00440	0.00440	0.78449
36	0.02186	0.01673	0.01822	0.01556	0.02018	0.01870	0.01255	0.25341	0.36134	0.06626	0.02681	0.02975	0.02100	0.01067	0.00777	0.00250	0.00678	0.07080	0.00751	0.01160
37	0.01113	0.00789	0.00945	0.00908	0.01084	0.00743	0.00665	0.03811	0.01888	0.02639	0.38916	0.10818	0.15542	0.08236	0.01111	0.00280	0.00412	0.01328	0.08093	0.00678
38	0.00893	0.00692	0.00814	0.00912	0.01045	0.00613	0.00635	0.01047	0.01539	0.01943	0.05578	0.44685	0.32691	0.02133	0.00917	0.00279	0.00407	0.01875	0.00689	0.00613
39	0.00904	0.00646	0.00861	0.01034	0.01077	0.00603	0.00689	0.01034	0.01421	0.01895	0.04092	0.73426	0.04910	0.02326	0.00948	0.00301	0.00431	0.02110	0.00689	0.00603
40	0.01837	0.01764	0.03013	0.04557	0.69279	0.01764	0.02278	0.02278	0.01690	0.02425	0.01396	0.01837	0.01176	0.00661	0.00735	0.00220	0.00882	0.00661	0.00367	0.01176
41	0.00904	0.00646	0.00861	0.01034	0.01077	0.00603	0.00689	0.01034	0.01421	0.01895	0.04092	0.73426	0.04910	0.02326	0.00948	0.00301	0.00431	0.02110	0.00689	0.00603
42	0.00903	0.00747	0.00795	0.00817	0.01040	0.00638	0.00612	0.01100	0.01685	0.02050	0.09888	0.13711	0.56736	0.01915	0.00891	0.00259	0.00394	0.04494	0.00695	0.00630
43	0.01061	0.00795	0.01193	0.01193	0.01326	0.00928	0.00928	0.01326	0.01193	0.01723	0.01988	0.02916	0.01856	0.05568	0.70968	0.01193	0.01988	0.00795	0.00398	0.00663
44	0.01624	0.01624	0.02274	0.01949	0.01949	0.02274	0.01624	0.01787	0.01137	0.01787	0.00975	0.01624	0.00975	0.01299	0.02436	0.00325	0.72552	0.00650	0.00325	0.00812
45	0.01289	0.00645	0.00967	0.00967	0.00967	0.00645	0.00645	0.00967	0.00967	0.01289	0.01289	0.02257	0.01289	0.02579	0.02901	0.78401	0.00645	0.00645	0.00322	0.00322
46	0.03075	0.01364	0.01728	0.01338	0.01882	0.01278	0.01101	0.14949	0.02325	0.52317	0.02678	0.02412	0.01739	0.00909	0.00727	0.00224	0.00641	0.00728	0.07370	0.01215
47	0.01384	0.00692	0.00692	0.00692	0.00865	0.00692	0.00519	0.01730	0.01557	0.02768	0.02422	0.02768	0.01903	0.00865	0.00519	0.00173	0.00346	0.00692	0.78031	0.00692
48	0.01752	0.02003	0.04380	0.03129	0.03880	0.01877	0.66583	0.02378	0.01752	0.02378	0.01502	0.02003	0.01126	0.00626	0.00876	0.00250	0.01252	0.00876	0.00375	0.01001
49	0.01846	0.01595	0.01679	0.01511	0.01930	0.01846	0.01175	0.03945	0.67938	0.03105	0.03022	0.02770	0.02266	0.01007	0.00755	0.00252	0.00588	0.00839	0.00755	0.01175
50	0.02709	0.03179	0.02074	0.01833	0.02247	0.56367	0.01397	0.13948	0.02328	0.02320	0.01500	0.01637	0.03600	0.00829	0.00690	0.00199	0.01212	0.00553	0.00457	0.00921
51	0.01001	0.00757	0.00924	0.00882	0.01079	0.00679	0.00662	0.01305	0.01985	0.02700	0.51396	0.06001	0.24669	0.01621	0.00876	0.00238	0.00358	0.01406	0.00781	0.00679
52	0.01842	0.02009	0.04200	0.03009	0.03747	0.01913	0.61105	0.07794	0.01898	0.02571	0.01525	0.01984	0.01138	0.00648	0.00865	0.00248	0.01215	0.00859	0.00406	0.01023
53	0.02773	0.03538	0.02104	0.01913	0.02295	0.70930	0.01434	0.02964	0.02104	0.01817	0.01148	0.01339	0.00956	0.00765	0.00669	0.00191	0.01339	0.00478	0.00383	0.00861
54	0.01051	0.00759	0.00992	0.00934	0.01109	0.00700	0.00700	0.01401	0.02101	0.02977	0.68888	0.05545	0.07005	0.01518	0.00876	0.00233	0.00350	0.01343	0.00817	0.00700
55	0.01126	0.00862	0.01045	0.00998	0.01205	0.00839	0.00747	0.01675	0.10920	0.02788	0.47228	0.10855	0.13758	0.01558	0.00865	0.00244	0.00392	0.01364	0.00783	0.00748
56	0.02145	0.02124	0.03380	0.02510	0.03122	0.07840	0.36521	0.21490	0.02248	0.02965	0.01513	0.01851	0.01140	0.00771	0.00945	0.00243	0.06897	0.00763	0.00481	0.01052
57	0.01289	0.00645	0.00967	0.00967	0.00967	0.00645	0.00645	0.00967	0.00967	0.01289	0.01289	0.02257	0.01289	0.02579	0.02901	0.78401	0.00645	0.00645	0.00322	0.00322
58	0.01051	0.00759	0.00992	0.00934	0.01109	0.00700	0.00700	0.01401	0.02101	0.02977	0.68888	0.05545	0.07005	0.01518	0.00876	0.00233	0.00350	0.01343	0.00817	0.00700
59	0.01837	0.01764	0.03013	0.04557	0.69279	0.01764	0.02278	0.02278	0.01690	0.02425	0.01396	0.01837	0.01176	0.00661	0.00735	0.00220	0.00882	0.00661	0.00367	0.01176
60	0.01044	0.00759	0.00983	0.00927	0.01105	0.00698	0.00695	0.01388	0.02086	0.02940	0.66540	0.05607	0.09376	0.01532	0.00876	0.00234	0.00351	0.01351	0.00812	0.00698
61	0.02105	0.46971	0.03153	0.01385	0.01979	0.02583	0.01269	0.14528	0.12461	0.02531	0.01498	0.01564	0.01224	0.00739	0.00573	0.00184	0.00758	0.00519	0.00470	0.03507
62	0.02778	0.03403	0.02115	0.01894	0.02296	0.64596	0.01432	0.08856	0.02232	0.02081	0.01206	0.01380	0.00985	0.00777	0.00676	0.00194	0.01291	0.00496	0.00416	0.00898
63	0.00980	0.00722	0.00911	0.00965	0.01084	0.00683	0.00687	0.01178	0.01579	0.02110	0.19121	0.29045	0.16274	0.10420	0.07519	0.00406	0.00586	0.04443	0.00665	0.00621
64	0.01061	0.00795	0.01193	0.01193	0.01326	0.00928	0.00928	0.01326	0.01193	0.01723	0.01988	0.02916	0.01856	0.05568	0.70968	0.01193	0.01988	0.00795	0.00398	0.00663
65	0.01001	0.00745	0.00932	0.00911	0.01085	0.00675	0.00674	0.01296	0.01946	0.02670	0.49916	0.13673	0.18376	0.01679	0.00884	0.00245	0.00364	0.01473	0.00778	0.00675
66	0.01837	0.01764	0.03013	0.04557	0.69279	0.01764	0.02278	0.02278	0.01690	0.02425	0.01396	0.01837	0.01176	0.00661	0.00735	0.00220	0.00882	0.00661	0.00367	0.01176
67	0.43965	0.02082	0.01591	0.01583	0.07215	0.21644	0.01138	0.02573	0.07517	0.02801	0.01274	0.01435	0.01009	0.00737	0.00569	0.00220	0.00821	0.00484	0.00456	0.00884
68	0.01056	0.00747	0.00929	0.00998	0.01089	0.00723	0.00717	0.01217	0.01455	0.01919	0.09867	0.18400	0.10025	0.29178	0.02023	0.00459	0.00592	0.17418	0.00610	0.00577
69	0.01139	0.00899	0.01153	0.01145	0.01261	0.03934	0.00851	0.01346	0.01209	0.01669	0.02024	0.03250	0.01991	0.19516	0.53988	0.01051	0.01697	0.00840	0.00408	0.00627
70	0.01910	0.01581	0.01681	0.01503	0.01929	0.01814	0.01171	0.03931	0.65119	0.05962	0.03018	0.02759	0.02248	0.01003	0.00755	0.00251	0.00589	0.00835	0.00762	0.01179
71	0.01658	0.01417	0.01350	0.01278	0.01397	0.15931	0.00930	0.04042	0.01401	0.01698	0.01613	0.05728	0.01617	0.07703	0.02130	0.36627	0.06698	0.03440	0.02777	0.00564
72	0.00928	0.00663	0.00889	0.01061	0.01114	0.00623	0.00730	0.01075	0.01445	0.01922	0.04079	0.68149	0.04858	0.02303	0.00954	0.00305	0.00451	0.07154	0.00689	0.00610
73	0.01402	0.01319	0.02227	0.72126	0.05113	0.01649	0.02062	0.01897	0.01484	0.01897	0.01319	0.01979	0.00990	0.00742	0.00742	0.00247	0.00990	0.00660	0.00330	0.00825
74	0.03004	0.01787	0.02047	0.01569	0.02156	0.01869	0.01297	0.44186	0.03002	0.27987	0.02193	0.02049	0.01468	0.00901	0.00744	0.00225	0.00751	0.00696	0.00806	0.01263
75	0.00967	0.00756	0.00877	0.00846	0.01058	0.00665	0.00635	0.01239	0.01904	0.02509	0.39331	0.06316	0.36854	0.01692	0.00876	0.00242	0.00363	0.01451	0.00756	0.00665
76	0.01384	0.00692	0.00692	0.00692	0.00865	0.00692	0.00519	0.01730	0.01557	0.02768	0.02422	0.02768	0.01903	0.00865	0.00519	0.00173	0.00346	0.00692	0.78031	0.00692
77	0.01738	0.01488	0.01581	0.01429	0.01821	0.01698	0.01109	0.03607	0.59567	0.03044	0.08556	0.03195	0.05717	0.01089	0.00771	0.00250	0.00559	0.00913	0.00757	0.01111
78	0.02233	0.01091	0.01416	0.01209	0.01577	0.01011	0.00945	0.08634	0.02087	0.33533	0.17070	0.19619	0.03593	0.01371	0.00820	0.00247	0.00543	0.01183	0.00827	0.00990
79	0.03146	0.01223	0.01664	0.01290	0.01832	0.01060	0.01060	0.03439	0.02123	0.64389	0.08264	0.02771	0.02256	0.00967	0.00757	0.00230	0.00609	0.00795	0.00911	0.01218
80	0.00965	0.00740	0.00885	0.00881	0.01065	0.00659	0.00649	0.01224	0.01851	0.02461	0.36785	0.16066	0.29544	0.01770	0.00887	0.00250	0.00372	0.01538	0.00751	0.00659
81	0.01656	0.01339	0.01921	0.01634	0.01758	0.01676	0.05243	0.04529	0.01345	0.05161	0.01399	0.01991	0.01236	0.01552	0.04648	0.13661	0.38093	0.00679	0.09720	0.00760
82	0.01793	0.17208	0.14949	0.05449	0.03089	0.02072	0.27872	0.04986	0.10691	0.02407	0.01584	0.01855	0.01212	0.00708	0.00737	0.00228	0.01012	0.00698	0.00416	0.01033
83	0.01745	0.01703	0.02692	0.03423	0.40000	0.01986	0.01994	0.02064	0.01450	0.02148	0.01213	0.01745	0.01088	0.00939	0.01475	0.00266	0.32049	0.00656	0.00349	0.01018
84	0.01364	0.00909	0.01059	0.01043	0.01236	0.00936	0.00803	0.08203	0.04097	0.02448	0.03198	0.09597	0.09234	0.10286	0.06885	0.02977	0.00660	0.12412	0.21943	0.00710
85	0.10002	0.01846	0.07850	0.14221	0.31522	0.04192	0.01870	0.06824	0.01747	0.02586	0.03422	0.01839	0.01258	0.00719	0.00692	0.00218	0.00853	0.00621	0.00414	0.07304
86	0.01477	0.01370	0.02299	0.02976	0.35153	0.01326	0.08035	0.01828	0.01622	0.02241	0.02687	0.21254	0.07730	0.01234	0.00820	0.00248	0.00743	0.03150	0.00491	0.03318
87	0.00999	0.00723	0.00965	0.01124	0.01225	0.00688	0.00848	0.01203	0.01536	0.02011	0.04283	0.47096	0.09280	0.02203	0.00968	0.00311	0.00511	0.22706	0.00687	0.00631
88	0.79154	0.01436	0.01091	0.00976	0.01436	0.01665	0.00804	0.02182	0.01263	0.03331	0.01034	0.01206	0.00804	0.00689	0.00459	0.00230	0.00574	0.00402	0.00459	0.00804
89	0.75827	0.01527	0.01135	0.01017	0.01473	0.04682	0.00831	0.02216	0.01300	0.03265	0.01039	0.01212	0.00811	0.00692	0.00469	0.00228	0.00608	0.00405	0.00456	0.00806
90	0.01607	0.01415	0.01917	0.04588	0.19417	0.01231	0.01286	0.04079	0.01643	0.02443	0.01690	0.04382	0.03861	0.00711	0.00638	0.00160	0.00650	0.00615	0.00445	0.47222
91	0.36396	0.06875	0.03921	0.01649	0.07314	0.21995	0.01240	0.05322	0.04731	0.02732	0.01229	0.01403	0.00979	0.00729	0.00578	0.00214	0.00863	0.00481	0.00442	0.00906
92	0.01941	0.01660	0.02450	0.10236	0.35685	0.01746	0.01828	0.18791	0.02176	0.02999	0.08304	0.02491	0.01893	0.00875	0.00764	0.00230	0.00815	0.03502	0.00519	0.01094
93	0.01475	0.01287	0.01801	0.06889	0.23531	0.03883	0.01371	0.04683	0.01697	0.02273	0.09596	0.07191	0.08020	0.12549	0.03605	0.00351	0.00776	0.07663	0.00519	0.00842
94	0.00990	0.00756	0.00908	0.00870	0.01072	0.00675	0.00653	0.01284	0.01958	0.02637	0.47437	0.06104	0.28668	0.01644	0.00876	0.00239	0.00359	0.01421	0.00773	0.00675
95	0.01577	0.03225	0.48079	0.02455	0.03436	0.01775	0.24111	0.02360	0.01629	0.02360	0.01389	0.01713	0.01003	0.00679	0.00762	0.00240	0.01149	0.00658	0.00334	0.01065
96	0.01031	0.00758	0.00965	0.00913	0.01097	0.00692	0.00685	0.01362	0.02054	0.02865	0.61809	0.05730	0.14153	0.01559	0.00876	0.00235	0.00353	0.01368	0.00802	0.00692
97	0.79154	0.01436	0.01091	0.00976	0.01436	0.01665	0.00804	0.02182	0.01263	0.03331	0.01034	0.01206	0.00804	0.00689	0.00459	0.00230	0.00574	0.00402	0.00459	0.00804
98	0.01039	0.00750	0.00982	0.00942	0.01106	0.00693	0.00700	0.01371	0.02046	0.02889	0.63647	0.11036	0.06835	0.01583	0.00881	0.00239	0.00357	0.01405	0.00807	0.00693
99	0.00877	0.00752	0.00752	0.00752	0.01003	0.00627	0.00564	0.01065	0.01692	0.02005	0.07520	0.07144	0.68978	0.01880	0.00877	0.00251	0.00376	0.01567	0.00689	0.00627
100	0.02822	0.02079	0.02228	0.01708	0.02302	0.02302	0.01411	0.66804	0.03490	0.04679	0.01782	0.01782	0.01262	0.00891	0.00743	0.00223	0.00817	0.00668	0.00743	0.01262
101	0.00916	0.00651	0.00858	0.01019	0.01060	0.00610	0.00674	0.01037	0.01399	0.01866	0.03979	0.69016	0.04768	0.06930	0.01130	0.00328	0.00449	0.02044	0.00674	0.00593
102	0.79154	0.01436	0.01091	0.00976	0.01436	0.01665	0.00804	0.02182	0.01263	0.03331	0.01034	0.01206	0.00804	0.00689	0.00459	0.00230	0.00574	0.00402	0.00459	0.00804
103	0.01846	0.01595	0.01679	0.01511	0.01930	0.01846	0.01175	0.03945	0.67938	0.03105	0.03022	0.02770	0.02266	0.01007	0.00755	0.00252	0.00588	0.00839	0.00755	0.01175
104	0.08099	0.01582	0.01631	0.01468	0.01890	0.01832	0.01145	0.03802	0.62545	0.03124	0.02861	0.02643	0.02148	0.00981	0.00731	0.00250	0.00586	0.00804	0.00731	0.01145
105	0.02661	0.01999	0.02137	0.01676	0.02241	0.02227	0.01372	0.56436	0.14121	0.04419	0.01987	0.01945	0.01428	0.00910	0.00745	0.00228	0.00779	0.00697	0.00745	0.01248
106	0.01747	0.01933	0.03959	0.02884	0.03536	0.01913	0.55034	0.02448	0.07046	0.02380	0.01574	0.02028	0.01204	0.00722	0.01017	0.00258	0.08068	0.00851	0.00401	0.00997
107	0.02052	0.68511	0.03756	0.01306	0.01937	0.02886	0.01282	0.07447	0.01669	0.01984	0.01093	0.01239	0.00978	0.00656	0.00498	0.00164	0.00796	0.00419	0.00352	0.00978
108	0.79154	0.01436	0.01091	0.00976	0.01436	0.01665	0.00804	0.02182	0.01263	0.03331	0.01034	0.01206	0.00804	0.00689	0.00459	0.00230	0.00574	0.00402	0.00459	0.00804
109	0.02336	0.02488	0.02542	0.02257	0.07895	0.30074	0.12980	0.06900	0.08333	0.06446	0.01541	0.01768	0.01206	0.00833	0.00928	0.00229	0.09147	0.00646	0.00466	0.00986

[dist]
# distance from previous block
# <min> <max>
0	2

[block]
# block no. 6 follows, 27 sequences, length 29
# corresponding to MSA columns:
# 906-934
name=unknown_G
#
# <colnr> <probs for GDERKNQSTAVLIFYWHMCP>
#	G	D	E	R	K	N	Q	S	T	A	V	L	I	F	Y	W	H	M	C	P
0	0.01392	0.01383	0.02715	0.02269	0.06122	0.01306	0.32829	0.01798	0.01622	0.02187	0.02675	0.29169	0.02816	0.01387	0.00908	0.00276	0.00876	0.06916	0.00519	0.00834
1	0.01442	0.01360	0.02299	0.65911	0.11015	0.01660	0.02082	0.01932	0.01503	0.01945	0.01327	0.01966	0.01007	0.00735	0.00742	0.00245	0.00980	0.00660	0.00333	0.00857
2	0.01706	0.02038	0.07691	0.09421	0.03958	0.01848	0.57238	0.02332	0.01718	0.02332	0.01476	0.01977	0.01104	0.00641	0.00855	0.00249	0.01219	0.00839	0.00368	0.00990
3	0.01041	0.00752	0.00984	0.00940	0.01107	0.00694	0.00700	0.01377	0.02058	0.02907	0.64713	0.09918	0.06870	0.01570	0.00880	0.00238	0.00355	0.01392	0.00809	0.00694
4	0.01837	0.01764	0.03013	0.04557	0.69279	0.01764	0.02278	0.02278	0.01690	0.02425	0.01396	0.01837	0.01176	0.00661	0.00735	0.00220	0.00882	0.00661	0.00367	0.01176
5	0.01051	0.00759	0.00992	0.00934	0.01109	0.00700	0.00700	0.01401	0.02101	0.02977	0.68888	0.05545	0.07005	0.01518	0.00876	0.00233	0.00350	0.01343	0.00817	0.00700
6	0.01489	0.03840	0.70064	0.02116	0.03213	0.01724	0.02743	0.02351	0.01567	0.02351	0.01332	0.01567	0.00940	0.00705	0.00705	0.00235	0.01097	0.00549	0.00313	0.01097
7	0.01051	0.00759	0.00992	0.00934	0.01109	0.00700	0.00700	0.01401	0.02101	0.02977	0.68888	0.05545	0.07005	0.01518	0.00876	0.00233	0.00350	0.01343	0.00817	0.00700
8	0.00904	0.00646	0.00861	0.01034	0.01077	0.00603	0.00689	0.01034	0.01421	0.01895	0.04092	0.73426	0.04910	0.02326	0.00948	0.00301	0.00431	0.02110	0.00689	0.00603
9	0.79154	0.01436	0.01091	0.00976	0.01436	0.01665	0.00804	0.02182	0.01263	0.03331	0.01034	0.01206	0.00804	0.00689	0.00459	0.00230	0.00574	0.00402	0.00459	0.00804
10	0.00981	0.00749	0.00900	0.00877	0.01070	0.00669	0.00652	0.01261	0.01915	0.02570	0.43384	0.10521	0.28361	0.01696	0.00881	0.00244	0.00364	0.01470	0.00765	0.00669
11	0.00958	0.00691	0.00950	0.01091	0.01162	0.00683	0.00776	0.01130	0.01406	0.01893	0.03705	0.55191	0.04312	0.02876	0.13366	0.00463	0.00729	0.07360	0.00637	0.00621
12	0.01940	0.53033	0.15800	0.01502	0.02177	0.07939	0.01567	0.02286	0.01550	0.01864	0.01094	0.01289	0.00952	0.00685	0.00613	0.00182	0.03798	0.00441	0.00322	0.00966
13	0.01530	0.01254	0.01711	0.01368	0.01848	0.01144	0.06983	0.02081	0.09372	0.05172	0.04918	0.02544	0.01839	0.01813	0.15771	0.00393	0.00928	0.03451	0.00510	0.35370
14	0.02140	0.04913	0.25524	0.01659	0.02355	0.03951	0.01700	0.09436	0.13648	0.18270	0.07121	0.02301	0.01872	0.00887	0.00731	0.00231	0.00813	0.00710	0.00615	0.01123
15	0.02059	0.06443	0.15305	0.02035	0.08567	0.05116	0.05885	0.12645	0.24203	0.07033	0.02055	0.02082	0.01524	0.00837	0.00729	0.00232	0.00839	0.00696	0.00576	0.01140
16	0.04310	0.01644	0.02528	0.13433	0.38006	0.04772	0.04729	0.04137	0.01677	0.02337	0.01709	0.08902	0.01586	0.00919	0.00830	0.00241	0.03783	0.03034	0.00418	0.01006
17	0.01445	0.09762	0.13085	0.01376	0.01743	0.01404	0.01246	0.07292	0.07503	0.02242	0.02677	0.28322	0.04754	0.01578	0.01076	0.07446	0.04501	0.01189	0.00541	0.00819
18	0.00898	0.00724	0.00799	0.00841	0.01031	0.00626	0.00608	0.01082	0.01650	0.02048	0.11173	0.24842	0.47137	0.01973	0.00896	0.00263	0.00389	0.01696	0.00699	0.00626
19	0.01402	0.01319	0.02227	0.72126	0.05113	0.01649	0.02062	0.01897	0.01484	0.01897	0.01319	0.01979	0.00990	0.00742	0.00742	0.00247	0.00990	0.00660	0.00330	0.00825
20	0.00904	0.00646	0.00861	0.01034	0.01077	0.00603	0.00689	0.01034	0.01421	0.01895	0.04092	0.73426	0.04910	0.02326	0.00948	0.00301	0.00431	0.02110	0.00689	0.00603
21	0.01454	0.01311	0.02190	0.55319	0.13474	0.01561	0.01936	0.01882	0.01482	0.01965	0.01373	0.02010	0.01072	0.00856	0.00873	0.05331	0.00926	0.00660	0.03490	0.00835
22	0.03298	0.01317	0.01756	0.01346	0.01922	0.01170	0.01112	0.07734	0.02214	0.65552	0.02854	0.02478	0.01800	0.00917	0.00746	0.00229	0.00644	0.00741	0.00907	0.01263
23	0.01131	0.00730	0.00896	0.00875	0.01038	0.00689	0.00648	0.01459	0.01886	0.02819	0.44276	0.11009	0.05380	0.01409	0.00782	0.00223	0.00356	0.01231	0.22474	0.00689
24	0.01576	0.16268	0.58401	0.01967	0.02983	0.01938	0.02483	0.02328	0.01557	0.02244	0.01279	0.01501	0.00943	0.00693	0.00665	0.00222	0.01044	0.00522	0.00314	0.01072
25	0.01539	0.01319	0.01539	0.01100	0.01759	0.00990	0.00880	0.01869	0.01539	0.02419	0.01319	0.01539	0.01100	0.00550	0.00550	0.00110	0.00550	0.00440	0.00440	0.78449
26	0.01012	0.00803	0.01112	0.01097	0.01273	0.00736	0.04943	0.01243	0.01651	0.02168	0.16966	0.30607	0.21283	0.04910	0.01036	0.00293	0.00488	0.07041	0.00683	0.00654
27	0.02214	0.01777	0.02401	0.01863	0.02386	0.07116	0.16215	0.13799	0.09876	0.14354	0.05028	0.04468	0.01768	0.00906	0.00866	0.00230	0.05148	0.00789	0.00610	0.08186
28	0.01862	0.55137	0.18791	0.01547	0.02291	0.02615	0.04639	0.02259	0.01533	0.01912	0.01121	0.01313	0.00958	0.00650	0.00546	0.00180	0.00883	0.00453	0.00319	0.00987

[dist]
# distance from previous block
# <min> <max>
0	1

[block]
# block no. 7 follows, 27 sequences, length 53
# corresponding to MSA columns:
# 938,939,942-992
name=unknown_H
#
# <colnr> <probs for GDERKNQSTAVLIFYWHMCP>
#	G	D	E	R	K	N	Q	S	T	A	V	L	I	F	Y	W	H	M	C	P
0	0.37416	0.01656	0.03786	0.01285	0.01698	0.07218	0.01062	0.04195	0.12158	0.06911	0.01898	0.05014	0.03820	0.01065	0.02791	0.00269	0.05664	0.00656	0.00538	0.00899
1	0.01756	0.41885	0.34362	0.01660	0.02508	0.02379	0.01948	0.02282	0.01536	0.02025	0.01170	0.01364	0.00947	0.00667	0.00582	0.00194	0.00934	0.00467	0.00316	0.01019
2	0.01783	0.01384	0.02275	0.49653	0.15153	0.01579	0.01942	0.02236	0.01621	0.12873	0.01590	0.02044	0.01156	0.00757	0.00742	0.00240	0.00914	0.00674	0.00431	0.00953
3	0.02463	0.02636	0.01967	0.01726	0.02123	0.39120	0.01334	0.18589	0.05691	0.02578	0.01536	0.01776	0.01244	0.01579	0.11967	0.00363	0.01275	0.00595	0.00493	0.00945
4	0.01186	0.00942	0.01439	0.01684	0.12166	0.01031	0.01089	0.01460	0.01309	0.01874	0.05370	0.03058	0.02090	0.10883	0.49891	0.00944	0.01609	0.00828	0.00419	0.00727
5	0.01735	0.01660	0.02829	0.20386	0.54247	0.01737	0.02228	0.02189	0.01642	0.02301	0.01378	0.01871	0.01132	0.00680	0.00737	0.00227	0.00907	0.00661	0.00359	0.01094
6	0.01675	0.01599	0.02721	0.29678	0.45423	0.01721	0.02198	0.02136	0.01614	0.02229	0.01368	0.01890	0.01107	0.00691	0.00738	0.00230	0.00922	0.00661	0.00353	0.01045
7	0.01472	0.01391	0.02353	0.61289	0.15404	0.01668	0.02096	0.01958	0.01517	0.01982	0.01332	0.01956	0.01019	0.00729	0.00741	0.00243	0.00972	0.00660	0.00336	0.00881
8	0.01080	0.00720	0.00810	0.00810	0.00810	0.00720	0.00450	0.01080	0.01080	0.01439	0.02339	0.04858	0.02699	0.73910	0.03779	0.00720	0.00720	0.01080	0.00450	0.00450
9	0.02043	0.02004	0.02430	0.01951	0.02401	0.15567	0.17794	0.18467	0.04608	0.02815	0.06414	0.13520	0.02159	0.01087	0.00857	0.00241	0.03162	0.00964	0.00561	0.00955
10	0.02081	0.02071	0.02401	0.14166	0.30515	0.20173	0.01813	0.02495	0.03716	0.07011	0.05250	0.02010	0.01492	0.00778	0.00728	0.00219	0.00966	0.00661	0.00441	0.01015
11	0.00959	0.00742	0.00742	0.00742	0.00981	0.00637	0.00557	0.01172	0.01670	0.02128	0.06703	0.06442	0.58220	0.01717	0.00820	0.00238	0.00371	0.01426	0.13094	0.00637
12	0.00904	0.00646	0.00861	0.01034	0.01077	0.00603	0.00689	0.01034	0.01421	0.01895	0.04092	0.73426	0.04910	0.02326	0.00948	0.00301	0.00431	0.02110	0.00689	0.00603
13	0.01665	0.02953	0.39413	0.02269	0.03052	0.03992	0.15971	0.02309	0.01560	0.04264	0.01344	0.01692	0.01014	0.00807	0.01062	0.00253	0.14368	0.00640	0.00349	0.01022
14	0.01589	0.01364	0.01562	0.01166	0.01787	0.01127	0.00927	0.02202	0.12189	0.02529	0.01592	0.01737	0.01287	0.00623	0.00583	0.00133	0.00556	0.00504	0.00490	0.66055
15	0.00909	0.00659	0.00858	0.01007	0.01072	0.00609	0.00680	0.01052	0.01473	0.01951	0.07188	0.65166	0.10128	0.02255	0.00939	0.00294	0.00423	0.02033	0.00695	0.00609
16	0.01825	0.01602	0.04513	0.07064	0.24908	0.01602	0.05181	0.09028	0.12698	0.06143	0.06456	0.02581	0.01927	0.07301	0.03657	0.00311	0.00840	0.00791	0.00533	0.01041
17	0.07084	0.10401	0.14411	0.13173	0.05768	0.08455	0.21499	0.02403	0.03596	0.04277	0.01410	0.01749	0.01073	0.00697	0.00721	0.00228	0.01044	0.00650	0.00385	0.00977
18	0.01253	0.00669	0.01003	0.01003	0.01025	0.00690	0.00690	0.01025	0.01003	0.01359	0.01402	0.02362	0.01380	0.03058	0.13818	0.66018	0.00860	0.00669	0.00334	0.00377
19	0.01023	0.00758	0.00954	0.00905	0.01092	0.00689	0.00679	0.01347	0.02036	0.02821	0.59045	0.05802	0.16944	0.01576	0.00876	0.00236	0.00354	0.01379	0.00797	0.00689
20	0.01773	0.17154	0.02606	0.01803	0.01961	0.06721	0.01537	0.01953	0.01276	0.01780	0.00998	0.01514	0.00969	0.01125	0.01910	0.00281	0.52881	0.00585	0.00327	0.00845
21	0.01707	0.01568	0.02374	0.03122	0.40776	0.01478	0.01700	0.02208	0.05943	0.02447	0.01583	0.04607	0.01369	0.00714	0.00686	0.00191	0.00740	0.00659	0.00428	0.25702
22	0.04876	0.51110	0.07824	0.01577	0.02238	0.02602	0.09421	0.06134	0.04251	0.02149	0.01231	0.01412	0.01038	0.00670	0.00566	0.00185	0.00855	0.00499	0.00372	0.00989
23	0.02788	0.02063	0.02209	0.01701	0.02289	0.02286	0.01403	0.64641	0.05708	0.04624	0.01825	0.01816	0.01297	0.00895	0.00743	0.00224	0.00809	0.00674	0.00743	0.01259
24	0.01333	0.01171	0.01567	0.01812	0.15403	0.01161	0.03096	0.01994	0.14821	0.02474	0.14171	0.04844	0.27787	0.01372	0.00830	0.00246	0.00558	0.03844	0.00645	0.00873
25	0.00880	0.00744	0.00761	0.00775	0.01009	0.00625	0.00574	0.01063	0.01670	0.01997	0.07246	0.12448	0.63852	0.01916	0.00883	0.00255	0.00380	0.01610	0.00689	0.00625
