[name]
unknown

[dist]
# distance from previous block
# <min> <max>
0	20

[block]
# block no. 0 follows, 37 sequences, length 18
# corresponding to MSA columns:
# 20-37
name=unknown_A
#
# <colnr> <probs for GDERKNQSTAVLIFYWHMCP>
#	G	D	E	R	K	N	Q	S	T	A	V	L	I	F	Y	W	H	M	C	P
0	0.00950	0.00679	0.00945	0.01086	0.01211	0.00673	0.00923	0.01205	0.01373	0.01791	0.03261	0.17693	0.03603	0.01725	0.00836	0.00277	0.00532	0.60121	0.00564	0.00554
1	0.00938	0.00734	0.00978	0.00897	0.01019	0.00774	0.00693	0.01203	0.01612	0.02306	0.63200	0.04082	0.05022	0.01224	0.00917	0.00204	0.11970	0.01020	0.00612	0.00592
2	0.01094	0.01004	0.01665	0.65473	0.03712	0.01229	0.01528	0.01456	0.01216	0.01564	0.01434	0.13219	0.01306	0.00810	0.00638	0.00211	0.00746	0.00725	0.00317	0.00652
3	0.01200	0.00756	0.00964	0.00879	0.00999	0.00790	0.00636	0.01326	0.01184	0.12642	0.11023	0.03472	0.08722	0.33344	0.10791	0.00460	0.08936	0.00844	0.00468	0.00564
4	0.01458	0.01320	0.02195	0.03274	0.63461	0.01320	0.01659	0.01810	0.01377	0.02043	0.01280	0.01631	0.01060	0.00571	0.00579	0.00176	0.00660	0.00549	0.12667	0.00909
5	0.02023	0.02414	0.01538	0.01405	0.01673	0.58755	0.01060	0.02201	0.01606	0.01613	0.01124	0.01338	0.00933	0.00801	0.03244	0.00189	0.04289	0.00436	0.12676	0.00681
6	0.01156	0.01088	0.01836	0.77016	0.04216	0.01360	0.01700	0.01564	0.01224	0.01564	0.01088	0.01632	0.00816	0.00612	0.00612	0.00204	0.00816	0.00544	0.00272	0.00680
7	0.00896	0.00688	0.01025	0.01013	0.01117	0.00817	0.00792	0.01111	0.00982	0.01423	0.01601	0.02355	0.01496	0.04427	0.72604	0.00950	0.05175	0.00650	0.00325	0.00552
8	0.00761	0.00614	0.00676	0.00689	0.00857	0.00539	0.00508	0.00924	0.01369	0.01704	0.12693	0.13154	0.51959	0.05004	0.03925	0.00260	0.00385	0.02901	0.00561	0.00517
9	0.01236	0.00848	0.01010	0.00930	0.01161	0.00854	0.00709	0.01872	0.20928	0.10819	0.32165	0.12152	0.10462	0.01184	0.00690	0.00204	0.00378	0.01027	0.00648	0.00722
10	0.00922	0.00631	0.00788	0.00763	0.00896	0.00582	0.00552	0.01128	0.01496	0.05032	0.42900	0.10828	0.13657	0.13972	0.01118	0.00267	0.00364	0.02953	0.00602	0.00548
11	0.01342	0.02447	0.46131	0.07739	0.02767	0.01401	0.17576	0.01980	0.03544	0.05490	0.01289	0.03269	0.00959	0.00617	0.00623	0.00199	0.00881	0.00565	0.00314	0.00869
12	0.00779	0.00616	0.00690	0.00682	0.00849	0.00539	0.00501	0.00966	0.01466	0.01880	0.27574	0.08891	0.45313	0.05505	0.00851	0.00224	0.00320	0.01234	0.00592	0.00528
13	0.01758	0.05184	0.04652	0.04076	0.04963	0.23885	0.03278	0.07646	0.11748	0.08127	0.07076	0.02361	0.07331	0.00835	0.00617	0.00187	0.00730	0.04285	0.00470	0.00792
14	0.01360	0.03146	0.09249	0.01031	0.01498	0.04609	0.00910	0.06988	0.01463	0.03753	0.07767	0.05963	0.01568	0.00680	0.00526	0.00138	0.00522	0.00553	0.07544	0.40730
15	0.10756	0.04828	0.02982	0.01532	0.09892	0.12872	0.06127	0.03966	0.13664	0.02076	0.04851	0.03413	0.04901	0.00975	0.05114	0.00230	0.03053	0.00604	0.02338	0.05826
16	0.06366	0.18517	0.03419	0.13022	0.10600	0.15076	0.01257	0.05956	0.05253	0.06082	0.01210	0.02878	0.00987	0.00653	0.00599	0.00175	0.04045	0.00487	0.00361	0.03058
17	0.06288	0.05223	0.07316	0.09693	0.14433	0.03987	0.04178	0.12593	0.06877	0.06259	0.03197	0.08386	0.04449	0.00790	0.00604	0.00190	0.00652	0.00672	0.00439	0.03776

[dist]
# distance from previous block
# <min> <max>
1	9

[block]
# block no. 1 follows, 37 sequences, length 28
# corresponding to MSA columns:
# 47-74
name=unknown_B
#
# <colnr> <probs for GDERKNQSTAVLIFYWHMCP>
#	G	D	E	R	K	N	Q	S	T	A	V	L	I	F	Y	W	H	M	C	P
0	0.01579	0.01457	0.03791	0.09516	0.14283	0.09952	0.02364	0.07018	0.12412	0.07563	0.03496	0.05658	0.04355	0.00947	0.03312	0.00225	0.08235	0.00657	0.00436	0.02744
1	0.00782	0.00570	0.00709	0.00781	0.00857	0.00532	0.00531	0.00889	0.01192	0.01560	0.07465	0.43424	0.18481	0.11433	0.04903	0.03023	0.00442	0.01412	0.00527	0.00485
2	0.01727	0.04858	0.05114	0.02677	0.40568	0.18536	0.01566	0.05804	0.09455	0.02018	0.01254	0.01474	0.01016	0.00607	0.00587	0.00178	0.00788	0.00515	0.00353	0.00904
3	0.04775	0.15023	0.06170	0.01293	0.01783	0.08068	0.03121	0.30483	0.06162	0.02664	0.02601	0.01512	0.02790	0.00669	0.00549	0.00165	0.00671	0.00503	0.00460	0.10538
4	0.01664	0.01606	0.01731	0.05908	0.08942	0.18405	0.05179	0.06820	0.10812	0.06563	0.06782	0.02039	0.05721	0.00930	0.02975	0.00220	0.11856	0.00630	0.00432	0.00785
5	0.03553	0.08145	0.09298	0.01275	0.01693	0.03314	0.05754	0.11741	0.11848	0.13204	0.10898	0.04556	0.05138	0.00877	0.00670	0.00196	0.03134	0.03344	0.00526	0.00837
6	0.00765	0.00550	0.00713	0.00821	0.00873	0.00512	0.00551	0.00884	0.01216	0.01624	0.09953	0.62930	0.07476	0.06911	0.00928	0.00264	0.00363	0.01604	0.00565	0.00497
7	0.04411	0.01105	0.01458	0.03465	0.01568	0.01287	0.04148	0.05682	0.18051	0.09560	0.01763	0.05061	0.01481	0.03638	0.19458	0.00416	0.15563	0.00668	0.00455	0.00760
8	0.01629	0.07788	0.11059	0.07933	0.25106	0.18629	0.01507	0.02003	0.04059	0.03881	0.02907	0.01545	0.01075	0.02501	0.00697	0.00190	0.04191	0.00511	0.01965	0.00823
9	0.03827	0.01234	0.08229	0.01071	0.01462	0.01077	0.00934	0.12742	0.08685	0.26048	0.02074	0.02174	0.03244	0.05811	0.03765	0.00240	0.00577	0.00619	0.15336	0.00852
10	0.00753	0.00600	0.00676	0.00703	0.00857	0.00522	0.00509	0.00919	0.01397	0.01767	0.17035	0.23401	0.45522	0.01590	0.00737	0.00215	0.00318	0.01371	0.00586	0.00522
11	0.01048	0.00963	0.01532	0.06515	0.07767	0.02687	0.13867	0.01318	0.02998	0.01687	0.02669	0.33306	0.09335	0.05085	0.02382	0.00258	0.02371	0.03132	0.00453	0.00628
12	0.01564	0.08829	0.19443	0.11927	0.09953	0.12651	0.14181	0.01974	0.01381	0.05446	0.01129	0.01411	0.00870	0.00615	0.00691	0.00190	0.06102	0.00516	0.00308	0.00819
13	0.01745	0.01579	0.03714	0.07002	0.36567	0.13396	0.01489	0.02077	0.02875	0.12721	0.01516	0.01820	0.02871	0.00680	0.00652	0.00187	0.03334	0.02534	0.02365	0.00877
14	0.00818	0.00619	0.00754	0.00730	0.00887	0.00555	0.00544	0.01057	0.01603	0.02170	0.50405	0.08778	0.26094	0.01375	0.00725	0.00200	0.00299	0.01195	0.00637	0.00555
15	0.04064	0.01925	0.20184	0.06074	0.12972	0.04888	0.31390	0.01863	0.01363	0.01906	0.01253	0.05018	0.01023	0.00649	0.00688	0.02084	0.00890	0.00638	0.00308	0.00819
16	0.01384	0.01692	0.13415	0.05812	0.32522	0.01417	0.24755	0.01836	0.01363	0.01921	0.01255	0.03739	0.01035	0.00771	0.04161	0.00232	0.00888	0.00628	0.00306	0.00869
17	0.00843	0.00625	0.00854	0.00908	0.00989	0.00647	0.00670	0.01016	0.01207	0.01655	0.12691	0.33711	0.05446	0.06314	0.20309	0.00450	0.03240	0.07398	0.00501	0.00527
18	0.01055	0.00914	0.01302	0.01199	0.01257	0.01179	0.00955	0.01223	0.00958	0.01423	0.01340	0.02121	0.01305	0.09105	0.41717	0.00677	0.30752	0.00628	0.00308	0.00580
19	0.82811	0.01184	0.00900	0.00805	0.01184	0.01373	0.00663	0.01799	0.01042	0.02746	0.00852	0.00994	0.00663	0.00568	0.00379	0.00189	0.00474	0.00331	0.00379	0.00663
20	0.01541	0.54326	0.13759	0.01123	0.01657	0.01978	0.01169	0.01828	0.01334	0.05347	0.09558	0.01504	0.01404	0.00629	0.00471	0.00151	0.00643	0.00452	0.00334	0.00792
21	0.00883	0.00617	0.00786	0.00782	0.00830	0.00650	0.00519	0.00979	0.00989	0.01366	0.07598	0.03514	0.02275	0.47575	0.27369	0.00692	0.00920	0.00829	0.00381	0.00446
22	0.82811	0.01184	0.00900	0.00805	0.01184	0.01373	0.00663	0.01799	0.01042	0.02746	0.00852	0.00994	0.00663	0.00568	0.00379	0.00189	0.00474	0.00331	0.00379	0.00663
23	0.00993	0.00775	0.00982	0.03859	0.01201	0.00779	0.02078	0.04670	0.10517	0.02175	0.32301	0.23455	0.11144	0.01341	0.00716	0.00211	0.00386	0.01185	0.00604	0.00629
24	0.19574	0.01119	0.01340	0.01052	0.01506	0.01069	0.00868	0.07613	0.01681	0.54870	0.02020	0.01811	0.01303	0.00716	0.00566	0.00189	0.00522	0.00551	0.00668	0.00962
25	0.02304	0.01139	0.01449	0.04957	0.01689	0.01111	0.00959	0.17089	0.04705	0.45293	0.05823	0.07143	0.01778	0.00851	0.00631	0.00194	0.00543	0.00701	0.00681	0.00961
26	0.00873	0.00670	0.00776	0.00782	0.00955	0.00627	0.00599	0.01192	0.06554	0.01980	0.23597	0.11865	0.32243	0.01425	0.00720	0.00212	0.00349	0.09207	0.04803	0.00572
27	0.01343	0.01650	0.17133	0.12837	0.29237	0.01339	0.05073	0.05420	0.05192	0.01992	0.01517	0.11671	0.01365	0.00767	0.00632	0.00199	0.00726	0.00701	0.00358	0.00850

[dist]
# distance from previous block
# <min> <max>
3	17

[block]
# block no. 2 follows, 37 sequences, length 57
# corresponding to MSA columns:
# 92-148
name=unknown_C
#
# <colnr> <probs for GDERKNQSTAVLIFYWHMCP>
#	G	D	E	R	K	N	Q	S	T	A	V	L	I	F	Y	W	H	M	C	P
0	0.01944	0.00962	0.01229	0.01017	0.01363	0.00909	0.00811	0.05174	0.10855	0.38808	0.24782	0.04601	0.02924	0.00946	0.00653	0.00194	0.00446	0.00801	0.00704	0.00876
1	0.01495	0.01445	0.02283	0.06819	0.57855	0.04392	0.03639	0.04443	0.01456	0.01999	0.01554	0.01852	0.06763	0.00638	0.00617	0.00185	0.00720	0.00603	0.00335	0.00908
2	0.00868	0.00650	0.00970	0.00977	0.01083	0.00752	0.00755	0.01081	0.00993	0.01428	0.01727	0.06230	0.01658	0.04456	0.72256	0.00947	0.01575	0.00711	0.00340	0.00544
3	0.01093	0.00606	0.00623	0.00613	0.00740	0.00603	0.00436	0.02985	0.01250	0.02062	0.02238	0.02835	0.06314	0.16253	0.00986	0.00237	0.00357	0.00680	0.58550	0.00539
4	0.02215	0.02803	0.01697	0.01547	0.01852	0.72225	0.01162	0.02376	0.01697	0.01494	0.00981	0.01170	0.00826	0.00831	0.04369	0.00199	0.01131	0.00407	0.00316	0.00701
5	0.01449	0.10098	0.36402	0.01573	0.07938	0.01311	0.01604	0.01922	0.01368	0.10741	0.03212	0.01877	0.02611	0.00680	0.00575	0.00179	0.00717	0.04708	0.00370	0.10666
6	0.01278	0.01219	0.03734	0.12209	0.13022	0.03894	0.03703	0.01506	0.01179	0.03454	0.03405	0.10243	0.01485	0.01253	0.05609	0.04657	0.24295	0.02826	0.00346	0.00686
7	0.01545	0.01332	0.01427	0.01270	0.01605	0.01555	0.00995	0.05926	0.67077	0.02557	0.02365	0.02204	0.01782	0.00839	0.00692	0.00210	0.04378	0.00679	0.00604	0.00957
8	0.01337	0.01300	0.02075	0.44580	0.30251	0.04191	0.01736	0.01711	0.01297	0.01721	0.01097	0.01560	0.00872	0.00602	0.00652	0.00196	0.03210	0.00539	0.00285	0.00788
9	0.00813	0.00642	0.00738	0.00743	0.00911	0.00581	0.00556	0.01070	0.04343	0.01926	0.25995	0.14755	0.38622	0.01486	0.00732	0.00211	0.00328	0.04393	0.00602	0.00553
10	0.11517	0.00991	0.01252	0.00993	0.01407	0.00904	0.00813	0.02597	0.01634	0.56017	0.07315	0.02153	0.01726	0.00768	0.00582	0.00186	0.00480	0.00615	0.07123	0.00929
11	0.00779	0.00620	0.00696	0.00720	0.00870	0.00559	0.00518	0.00972	0.03366	0.01694	0.11166	0.22142	0.43106	0.06289	0.03454	0.00265	0.00386	0.01316	0.00559	0.00523
12	0.00760	0.00611	0.00680	0.00698	0.00866	0.00530	0.00518	0.00934	0.01418	0.01779	0.17039	0.16796	0.49728	0.01562	0.00736	0.00213	0.00322	0.03699	0.00586	0.00526
13	0.01266	0.01221	0.02134	0.53387	0.21201	0.01398	0.07336	0.01672	0.01283	0.01701	0.01115	0.01605	0.00862	0.00588	0.00619	0.00199	0.00812	0.00558	0.00282	0.00762
14	0.01404	0.00848	0.00999	0.00879	0.01123	0.00845	0.00684	0.09642	0.07807	0.12712	0.29067	0.05695	0.05298	0.00997	0.00621	0.00183	0.00383	0.00845	0.19247	0.00722
15	0.01269	0.01071	0.01714	0.57528	0.06202	0.01272	0.01517	0.05221	0.01343	0.05423	0.01445	0.08484	0.01236	0.00771	0.00634	0.00208	0.00742	0.02862	0.00350	0.00708
16	0.01333	0.01317	0.01837	0.01577	0.01581	0.01837	0.01313	0.01472	0.00948	0.01497	0.00839	0.01367	0.00826	0.01061	0.01962	0.00264	0.75107	0.00537	0.02661	0.00667
17	0.71503	0.01183	0.01031	0.07500	0.01470	0.01398	0.00788	0.01762	0.01052	0.02578	0.00870	0.01068	0.00684	0.00598	0.00483	0.00195	0.04447	0.00360	0.00364	0.00665
18	0.06808	0.01137	0.01294	0.00946	0.01472	0.00936	0.00762	0.06795	0.01397	0.06090	0.01171	0.01309	0.00933	0.00498	0.00469	0.00109	0.00474	0.00388	0.00403	0.66609
19	0.01333	0.01340	0.01963	0.01653	0.01697	0.01821	0.06017	0.01494	0.00972	0.01504	0.00857	0.01391	0.00833	0.01138	0.04093	0.00285	0.70110	0.00552	0.00272	0.00676
20	0.01415	0.01378	0.02153	0.26163	0.41071	0.05385	0.03286	0.01822	0.03558	0.01845	0.01277	0.01848	0.01077	0.00641	0.00621	0.00194	0.00766	0.04342	0.00318	0.00840
21	0.00860	0.00604	0.00712	0.00736	0.00778	0.00602	0.00461	0.00948	0.02544	0.01349	0.02576	0.18263	0.08933	0.49382	0.08204	0.00516	0.00603	0.01067	0.00428	0.00435
22	0.00883	0.00619	0.00786	0.00777	0.00918	0.00562	0.00570	0.01110	0.01561	0.04610	0.46304	0.20698	0.15466	0.01424	0.00732	0.00207	0.00314	0.01256	0.00638	0.00567
23	0.04364	0.01117	0.01276	0.01162	0.02986	0.01192	0.00881	0.11023	0.29950	0.14136	0.07131	0.15785	0.04277	0.01032	0.00649	0.00207	0.00478	0.00876	0.00620	0.00858
24	0.02087	0.04792	0.01903	0.01614	0.08562	0.05641	0.01216	0.48764	0.09684	0.03208	0.01456	0.01511	0.01082	0.00731	0.00676	0.00187	0.04822	0.00547	0.00537	0.00980
25	0.01763	0.01094	0.01242	0.01033	0.01387	0.01110	0.00826	0.18843	0.13617	0.20415	0.08650	0.03026	0.18071	0.00977	0.00638	0.00193	0.00473	0.00800	0.04992	0.00851
26	0.00742	0.00562	0.00686	0.00780	0.00870	0.00505	0.00537	0.00868	0.01254	0.01613	0.06085	0.54343	0.25364	0.01789	0.00762	0.00234	0.00340	0.01588	0.00571	0.00505
27	0.01265	0.01088	0.01292	0.03966	0.01562	0.00838	0.00765	0.01542	0.01268	0.01977	0.01088	0.01284	0.00903	0.00460	0.00460	0.00095	0.00468	0.00370	0.00359	0.78952
28	0.00972	0.00690	0.00927	0.01028	0.05035	0.00669	0.02345	0.01168	0.04435	0.04541	0.02858	0.40880	0.06067	0.19624	0.01293	0.00317	0.00462	0.03246	0.02895	0.00550
29	0.00777	0.00612	0.00705	0.00730	0.00889	0.00540	0.00546	0.00961	0.01427	0.01818	0.19717	0.18529	0.42303	0.01564	0.00742	0.00217	0.00332	0.06473	0.00590	0.00529
30	0.01668	0.01696	0.01874	0.04386	0.21027	0.17302	0.05092	0.04447	0.29401	0.02137	0.01769	0.01849	0.03195	0.00706	0.00611	0.00189	0.00720	0.00599	0.00444	0.00888
31	0.01419	0.16782	0.10203	0.04241	0.11386	0.01523	0.07894	0.08745	0.08848	0.02078	0.07431	0.07058	0.04586	0.00818	0.00644	0.00190	0.02759	0.02168	0.00414	0.00812
32	0.01017	0.00667	0.00774	0.00735	0.00946	0.00577	0.00555	0.01205	0.01488	0.11327	0.19431	0.12436	0.43737	0.01423	0.00715	0.00206	0.00338	0.01212	0.00615	0.00595
33	0.44483	0.13891	0.11126	0.03387	0.01555	0.01523	0.01006	0.01819	0.01136	0.05863	0.01010	0.01246	0.00815	0.03707	0.00632	0.00202	0.05123	0.00402	0.00353	0.00722
34	0.18188	0.14976	0.04511	0.03455	0.19459	0.12047	0.03197	0.02040	0.08212	0.02010	0.01125	0.01318	0.00918	0.00600	0.00557	0.00175	0.03033	0.00453	0.00342	0.03383
35	0.01235	0.04327	0.12839	0.15621	0.18625	0.03396	0.03204	0.01705	0.06305	0.01944	0.13822	0.06840	0.05908	0.00837	0.00634	0.00195	0.00652	0.00738	0.00403	0.00771
36	0.01391	0.07697	0.01706	0.17541	0.05661	0.08383	0.03534	0.06906	0.07506	0.01852	0.01784	0.08628	0.06353	0.04822	0.00835	0.00211	0.06443	0.00689	0.00392	0.07668
37	0.01440	0.00750	0.00990	0.00867	0.01111	0.00670	0.00672	0.01694	0.01687	0.25090	0.43918	0.08219	0.08082	0.01153	0.00692	0.00196	0.00367	0.01001	0.00688	0.00715
38	0.01568	0.01518	0.03798	0.12260	0.16329	0.09944	0.03703	0.12948	0.13685	0.02294	0.10368	0.02080	0.03517	0.00764	0.00657	0.00192	0.02443	0.00643	0.00451	0.00838
39	0.00857	0.00638	0.00790	0.00805	0.00913	0.00627	0.00569	0.01101	0.05183	0.01776	0.21524	0.22381	0.13581	0.15184	0.10909	0.00381	0.00546	0.01171	0.00533	0.00531
40	0.01502	0.01622	0.04880	0.32852	0.15776	0.14578	0.01575	0.04655	0.03368	0.01752	0.01092	0.01478	0.00873	0.00673	0.00780	0.00199	0.10754	0.00518	0.00307	0.00767
41	0.01050	0.00897	0.00937	0.00890	0.01142	0.00925	0.00677	0.01843	0.30739	0.02017	0.04508	0.09132	0.40316	0.01281	0.00686	0.00210	0.00384	0.01077	0.00591	0.00699
42	0.00748	0.00556	0.00699	0.00811	0.00886	0.00507	0.00558	0.00870	0.01227	0.01590	0.03973	0.60607	0.19049	0.01833	0.00771	0.00241	0.00352	0.03651	0.00568	0.00503
43	0.00975	0.00803	0.01176	0.01118	0.01204	0.01005	0.00889	0.01175	0.00974	0.01432	0.01459	0.02175	0.01373	0.03831	0.60082	0.00829	0.17981	0.00630	0.00315	0.00573
44	0.00973	0.00757	0.00867	0.00816	0.01016	0.00742	0.00618	0.03366	0.12885	0.02247	0.37122	0.06919	0.24357	0.01262	0.00697	0.00199	0.00338	0.01084	0.03103	0.00631
45	0.78072	0.01192	0.00941	0.00830	0.01215	0.01370	0.00684	0.03616	0.01112	0.05233	0.00921	0.01043	0.00701	0.00579	0.00393	0.00189	0.00480	0.00347	0.00398	0.00685
46	0.02746	0.01042	0.01421	0.01089	0.01563	0.00900	0.00900	0.02983	0.01752	0.75093	0.02415	0.02083	0.01515	0.00758	0.00616	0.00189	0.00521	0.00616	0.00758	0.01042
47	0.01582	0.01345	0.01418	0.01258	0.01614	0.01550	0.00983	0.08389	0.68330	0.02657	0.02416	0.02224	0.01807	0.00823	0.00622	0.00206	0.00498	0.00682	0.00622	0.00974
48	0.00791	0.00597	0.00743	0.00841	0.00952	0.00548	0.00628	0.00951	0.01292	0.01649	0.04211	0.40483	0.25500	0.01756	0.00778	0.00243	0.00387	0.16567	0.00567	0.00518
49	0.01237	0.01173	0.02015	0.15856	0.31744	0.01192	0.10555	0.01577	0.01364	0.01848	0.04489	0.08808	0.09539	0.00871	0.00668	0.00204	0.00681	0.05028	0.00378	0.00773
50	0.01439	0.01549	0.02597	0.02125	0.06738	0.05384	0.29688	0.01740	0.01207	0.01701	0.01005	0.01463	0.00863	0.00796	0.01338	0.00233	0.38490	0.00604	0.00289	0.00752
51	0.01280	0.00705	0.00719	0.00669	0.00852	0.00727	0.00514	0.09797	0.01471	0.02467	0.01935	0.02187	0.01507	0.00716	0.00450	0.00147	0.00331	0.00568	0.72331	0.00626
52	0.01271	0.01241	0.01217	0.01192	0.04891	0.17771	0.04136	0.01383	0.01153	0.01383	0.01605	0.04871	0.01698	0.39812	0.11078	0.00484	0.03194	0.00737	0.00349	0.00533
53	0.01464	0.01396	0.01974	0.02647	0.42473	0.08156	0.03410	0.06466	0.01496	0.01991	0.01789	0.12946	0.03743	0.00883	0.00652	0.00199	0.00688	0.06400	0.00392	0.00833
54	0.00951	0.00683	0.00724	0.00717	0.00744	0.03409	0.00430	0.00988	0.00968	0.01294	0.04126	0.03765	0.02221	0.66333	0.06525	0.00566	0.00643	0.00854	0.03652	0.00407
55	0.00790	0.00610	0.00677	0.00699	0.00867	0.00526	0.00509	0.00946	0.01376	0.03523	0.10667	0.23109	0.50349	0.01596	0.00735	0.00215	0.00325	0.01369	0.00581	0.00530
56	0.01195	0.01162	0.04380	0.08623	0.21648	0.01077	0.14009	0.01527	0.01416	0.03755	0.11800	0.10378	0.14499	0.00954	0.00680	0.00201	0.00625	0.00897	0.00432	0.00742

[dist]
# distance from previous block
# <min> <max>
0	27

[block]
# block no. 3 follows, 37 sequences, length 19
# corresponding to MSA columns:
# 176-194
name=unknown_D
#
# <colnr> <probs for GDERKNQSTAVLIFYWHMCP>
#	G	D	E	R	K	N	Q	S	T	A	V	L	I	F	Y	W	H	M	C	P
0	0.01573	0.01654	0.08406	0.17717	0.35308	0.07763	0.05907	0.05727	0.01468	0.05112	0.01186	0.01511	0.00928	0.00599	0.00641	0.00189	0.02566	0.00538	0.00330	0.00876
1	0.01042	0.00898	0.01289	0.01193	0.01258	0.01155	0.00953	0.01220	0.00963	0.01429	0.01353	0.02094	0.01301	0.06640	0.46243	0.00710	0.28743	0.00623	0.00308	0.00583
2	0.01445	0.01651	0.03612	0.02580	0.03199	0.01548	0.72446	0.01961	0.01445	0.01961	0.01238	0.01651	0.00929	0.00516	0.00722	0.00206	0.01032	0.00722	0.00310	0.00826
3	0.01343	0.01616	0.10781	0.24220	0.12441	0.05410	0.23971	0.01813	0.03135	0.01809	0.01330	0.06867	0.01115	0.00666	0.00651	0.00201	0.00858	0.00668	0.00318	0.00785
4	0.01592	0.05733	0.08103	0.16502	0.20034	0.05437	0.09079	0.06870	0.05083	0.08247	0.04524	0.01697	0.01204	0.00650	0.00644	0.00190	0.02596	0.00575	0.00384	0.00856
5	0.01279	0.01337	0.10830	0.02116	0.27874	0.01141	0.04824	0.01681	0.04722	0.04310	0.05404	0.02175	0.01524	0.09634	0.16010	0.00390	0.00880	0.00641	0.02450	0.00778
6	0.00780	0.00560	0.00728	0.00820	0.00876	0.00530	0.00555	0.00906	0.01214	0.01633	0.12100	0.55083	0.06849	0.09586	0.04486	0.00308	0.00428	0.01508	0.00551	0.00498
7	0.01409	0.21492	0.27589	0.05530	0.02152	0.10384	0.06411	0.01818	0.01349	0.01721	0.03808	0.01815	0.03921	0.00863	0.04054	0.00216	0.00845	0.03533	0.00313	0.00777
8	0.01482	0.01734	0.14285	0.14980	0.33372	0.04293	0.06567	0.08547	0.01488	0.02047	0.01182	0.01527	0.00935	0.00763	0.03991	0.00224	0.00842	0.00542	0.00322	0.00879
9	0.00976	0.00758	0.00955	0.01036	0.03892	0.00761	0.00779	0.01368	0.09850	0.01853	0.10726	0.08607	0.17753	0.08825	0.05568	0.00315	0.00539	0.24302	0.00541	0.00596
10	0.01067	0.00585	0.00795	0.00796	0.00864	0.00565	0.00560	0.01021	0.01072	0.04677	0.08705	0.09051	0.06110	0.05910	0.01718	0.43599	0.00466	0.04819	0.07211	0.00411
11	0.21183	0.01404	0.04741	0.03166	0.05151	0.07371	0.03921	0.13524	0.01632	0.12859	0.07596	0.05264	0.01599	0.00877	0.02389	0.00210	0.00638	0.03147	0.00490	0.02838
12	0.05254	0.01864	0.13615	0.05244	0.19853	0.09100	0.11906	0.11429	0.08615	0.02238	0.01476	0.01668	0.03670	0.00649	0.00611	0.00190	0.00784	0.00574	0.00382	0.00879
13	0.00893	0.00659	0.00913	0.00943	0.01078	0.00620	0.03076	0.01075	0.01268	0.03476	0.06629	0.40693	0.11412	0.01930	0.08047	0.00308	0.00534	0.11773	0.00536	0.04137
14	0.01472	0.01595	0.11358	0.14742	0.33625	0.04407	0.01625	0.02005	0.08767	0.05088	0.03194	0.01654	0.01147	0.00615	0.00597	0.00183	0.00717	0.00547	0.00358	0.06304
15	0.09650	0.01570	0.01507	0.04762	0.01777	0.10568	0.01029	0.20398	0.30974	0.02689	0.01713	0.01701	0.01288	0.00717	0.00574	0.00185	0.00619	0.00553	0.00523	0.07204
16	0.01654	0.26144	0.28031	0.01343	0.01945	0.07888	0.01444	0.02093	0.04025	0.12486	0.01482	0.01690	0.03084	0.00675	0.00542	0.00175	0.00742	0.03337	0.00372	0.00849
17	0.08111	0.03705	0.27122	0.01879	0.17545	0.03088	0.03003	0.02030	0.08598	0.07841	0.04439	0.03383	0.05207	0.00715	0.00592	0.00192	0.00694	0.00597	0.00395	0.00866
18	0.01353	0.13211	0.42763	0.09428	0.02600	0.01511	0.10097	0.01898	0.01336	0.05020	0.04358	0.01504	0.01051	0.00606	0.00582	0.00187	0.00832	0.00512	0.00306	0.00847

[dist]
# distance from previous block
# <min> <max>
0	1

[block]
# block no. 4 follows, 37 sequences, length 12
# corresponding to MSA columns:
# 196-207
name=unknown_E
#
# <colnr> <probs for GDERKNQSTAVLIFYWHMCP>
#	G	D	E	R	K	N	Q	S	T	A	V	L	I	F	Y	W	H	M	C	P
0	0.01461	0.04317	0.12029	0.06418	0.26622	0.10635	0.15672	0.01842	0.01393	0.01827	0.01435	0.06822	0.03547	0.00697	0.00662	0.00192	0.02635	0.00649	0.00323	0.00825
1	0.01647	0.11211	0.11460	0.11357	0.10094	0.07876	0.01287	0.02003	0.03792	0.16743	0.01750	0.05427	0.03692	0.03602	0.03413	0.00230	0.00729	0.02453	0.00424	0.00809
2	0.00863	0.00612	0.00823	0.00949	0.01026	0.00595	0.00725	0.01032	0.01243	0.01637	0.03166	0.40208	0.03635	0.09835	0.01053	0.00299	0.00468	0.30774	0.00546	0.00512
3	0.01129	0.01810	0.29978	0.08502	0.16654	0.01135	0.01556	0.01561	0.01327	0.01835	0.05219	0.04661	0.17079	0.04052	0.00735	0.00213	0.00681	0.00739	0.00365	0.00768
4	0.01605	0.06454	0.30328	0.04560	0.18273	0.04964	0.04295	0.07854	0.02900	0.09206	0.02995	0.01527	0.01058	0.00622	0.00591	0.00186	0.00784	0.00520	0.00368	0.00911
5	0.01896	0.07333	0.15297	0.10702	0.06786	0.01269	0.01329	0.08892	0.01621	0.28901	0.04375	0.04156	0.01438	0.00750	0.00606	0.00191	0.00654	0.02390	0.00512	0.00903
6	0.00816	0.00595	0.00757	0.00797	0.00901	0.00551	0.00573	0.01005	0.01417	0.01919	0.31743	0.30640	0.13085	0.06762	0.00912	0.00247	0.00353	0.05803	0.00597	0.00527
7	0.01052	0.00800	0.01005	0.01077	0.01242	0.00834	0.00882	0.01591	0.16184	0.01911	0.03153	0.14956	0.05787	0.05032	0.00890	0.00274	0.00513	0.41623	0.00568	0.00628
8	0.01624	0.20825	0.13470	0.04920	0.13235	0.13370	0.06060	0.04008	0.13093	0.01894	0.01266	0.01424	0.01005	0.00611	0.00553	0.00174	0.00778	0.00490	0.00347	0.00855
9	0.00892	0.00643	0.00790	0.00855	0.00945	0.00624	0.00613	0.04173	0.01257	0.01641	0.03300	0.34793	0.12648	0.19533	0.01319	0.00326	0.00457	0.14159	0.00524	0.00507
10	0.07115	0.18785	0.10961	0.07602	0.11572	0.06107	0.01317	0.10030	0.13069	0.02135	0.01392	0.04886	0.01152	0.00686	0.00549	0.00180	0.00683	0.00540	0.00390	0.00848
11	0.06720	0.05716	0.04949	0.03873	0.04065	0.03765	0.08131	0.10006	0.04174	0.06294	0.03987	0.08121	0.04893	0.00836	0.00597	0.00181	0.00601	0.05406	0.03151	0.14536

[dist]
# distance from previous block
# <min> <max>
0	27

# created by:
# /home/cegg/simao/soft/augustus-3.2.1/scripts/msa2prfl.pl ./align_prep/EOG090W0GX6.fa
