[name]
unknown

[dist]
# distance from previous block
# <min> <max>
0	21

[block]
# block no. 0 follows, 33 sequences, length 29
# corresponding to MSA columns:
# 34-62
name=unknown_A
#
# <colnr> <probs for GDERKNQSTAVLIFYWHMCP>
#	G	D	E	R	K	N	Q	S	T	A	V	L	I	F	Y	W	H	M	C	P
0	0.07081	0.01648	0.13551	0.01341	0.03374	0.05630	0.01205	0.04586	0.10014	0.22627	0.04214	0.02170	0.01575	0.00910	0.02834	0.00221	0.00682	0.03264	0.03894	0.09179
1	0.14925	0.01750	0.14699	0.01565	0.07824	0.05620	0.03192	0.02461	0.11992	0.17828	0.04967	0.01899	0.01464	0.00860	0.02822	0.00227	0.00714	0.00590	0.00511	0.04091
2	0.32453	0.08495	0.11380	0.03559	0.05063	0.01513	0.03878	0.08189	0.01481	0.04916	0.05197	0.05421	0.01343	0.00741	0.00549	0.00198	0.00640	0.00566	0.00432	0.03984
3	0.14876	0.14787	0.21699	0.01755	0.12214	0.03867	0.03046	0.02046	0.01430	0.07191	0.06229	0.01627	0.01291	0.00678	0.00602	0.00191	0.02274	0.00522	0.00383	0.03291
4	0.05633	0.07089	0.23914	0.01681	0.07524	0.01471	0.05570	0.04748	0.12863	0.09483	0.08822	0.02015	0.01688	0.00749	0.00634	0.00200	0.00715	0.00627	0.00472	0.04102
5	0.03204	0.05410	0.07441	0.01601	0.10253	0.01249	0.05872	0.06486	0.11133	0.02310	0.11361	0.09023	0.10312	0.01099	0.00710	0.00218	0.00603	0.07969	0.00527	0.03220
6	0.02335	0.01734	0.01867	0.01456	0.01947	0.01917	0.01194	0.61125	0.07854	0.03948	0.06455	0.01868	0.01527	0.00835	0.00667	0.00200	0.00682	0.00644	0.00664	0.01080
7	0.01630	0.01559	0.02630	0.03944	0.70221	0.01567	0.01985	0.02073	0.04000	0.02172	0.01290	0.01659	0.01077	0.00598	0.00652	0.00197	0.00773	0.00592	0.00338	0.01043
8	0.01764	0.01722	0.02552	0.03656	0.61548	0.07976	0.01900	0.06921	0.01644	0.02245	0.01243	0.01587	0.01031	0.00609	0.00647	0.00193	0.00814	0.00573	0.00351	0.01024
9	0.10401	0.01217	0.01726	0.01384	0.04391	0.01099	0.07530	0.02831	0.01729	0.52167	0.02166	0.02000	0.01414	0.00740	0.00636	0.00198	0.00610	0.00622	0.00683	0.06457
10	0.01823	0.00970	0.01391	0.01207	0.01514	0.00899	0.06106	0.06633	0.01659	0.29843	0.02908	0.34547	0.02798	0.01367	0.00756	0.00235	0.00537	0.03304	0.00673	0.00832
11	0.01629	0.01564	0.02672	0.04041	0.72757	0.01564	0.02020	0.02020	0.01499	0.02151	0.01238	0.01629	0.01043	0.00587	0.00652	0.00196	0.00782	0.00587	0.00326	0.01043
12	0.01629	0.01564	0.02672	0.04041	0.72757	0.01564	0.02020	0.02020	0.01499	0.02151	0.01238	0.01629	0.01043	0.00587	0.00652	0.00196	0.00782	0.00587	0.00326	0.01043
13	0.01668	0.09425	0.11054	0.04799	0.02347	0.01357	0.22774	0.02056	0.01513	0.16589	0.02014	0.15900	0.01793	0.00940	0.00709	0.00219	0.00778	0.02729	0.00478	0.00861
14	0.02366	0.01290	0.02221	0.01661	0.02188	0.01159	0.22878	0.02706	0.01738	0.45895	0.02267	0.07118	0.01615	0.00817	0.00710	0.00214	0.00722	0.00780	0.00649	0.01007
15	0.01729	0.01545	0.02564	0.05477	0.64168	0.01553	0.01926	0.05231	0.01588	0.05934	0.01323	0.01662	0.01073	0.00610	0.00653	0.00197	0.00770	0.00591	0.00366	0.01043
16	0.01899	0.15317	0.23504	0.02097	0.18464	0.01587	0.04469	0.02341	0.01540	0.20337	0.01519	0.01621	0.01096	0.00652	0.00611	0.00193	0.00781	0.00543	0.00430	0.01001
17	0.02666	0.01371	0.09523	0.01318	0.03781	0.01035	0.01148	0.02983	0.01818	0.60900	0.04797	0.02221	0.01682	0.00806	0.00662	0.00204	0.00604	0.00659	0.00738	0.01085
18	0.01471	0.02568	0.46449	0.02040	0.12355	0.01378	0.04369	0.02057	0.01444	0.08804	0.01594	0.09637	0.01325	0.00791	0.00661	0.00213	0.00848	0.00677	0.00374	0.00946
19	0.01629	0.01564	0.02672	0.04041	0.72757	0.01564	0.02020	0.02020	0.01499	0.02151	0.01238	0.01629	0.01043	0.00587	0.00652	0.00196	0.00782	0.00587	0.00326	0.01043
20	0.02479	0.01355	0.08058	0.01367	0.01893	0.01076	0.07326	0.02859	0.04517	0.52665	0.02434	0.07379	0.01710	0.00866	0.00682	0.00211	0.00632	0.00746	0.00704	0.01042
21	0.02601	0.01540	0.08869	0.01425	0.01994	0.01293	0.06074	0.16855	0.02061	0.46998	0.02160	0.01988	0.01402	0.00773	0.00666	0.00204	0.00673	0.00639	0.00696	0.01089
22	0.01593	0.01548	0.02717	0.03782	0.62936	0.01535	0.08692	0.01997	0.01520	0.02167	0.04218	0.01781	0.01254	0.00615	0.00669	0.00199	0.00795	0.00631	0.00343	0.01010
23	0.01601	0.01527	0.02559	0.09203	0.63978	0.01560	0.01955	0.02072	0.05136	0.02147	0.01308	0.01682	0.01081	0.00608	0.00653	0.00199	0.00776	0.00595	0.00341	0.01020
24	0.02441	0.03652	0.14843	0.01622	0.09787	0.01198	0.01358	0.02846	0.03589	0.48522	0.02144	0.01991	0.01408	0.00750	0.00648	0.00202	0.00663	0.00615	0.00644	0.01075
25	0.04778	0.02741	0.48857	0.01629	0.02439	0.05163	0.01917	0.02216	0.01470	0.11991	0.01358	0.01482	0.00956	0.00639	0.00605	0.00193	0.00855	0.00492	0.00373	0.09845
26	0.01422	0.01346	0.02036	0.23370	0.14551	0.03768	0.06370	0.04860	0.04208	0.02000	0.07842	0.02041	0.01522	0.01157	0.06959	0.00293	0.14410	0.00665	0.00378	0.00802
27	0.01786	0.01568	0.05388	0.07806	0.33880	0.01492	0.13820	0.05796	0.04855	0.12037	0.01597	0.01973	0.01239	0.00686	0.00685	0.00209	0.00802	0.02958	0.00433	0.00991
28	0.02633	0.01356	0.03653	0.06487	0.01957	0.03837	0.01109	0.12978	0.01997	0.51037	0.02375	0.02174	0.03662	0.00816	0.00661	0.00203	0.00635	0.00655	0.00716	0.01058

[dist]
# distance from previous block
# <min> <max>
1	15

[block]
# block no. 1 follows, 33 sequences, length 23
# corresponding to MSA columns:
# 78-100
name=unknown_B
#
# <colnr> <probs for GDERKNQSTAVLIFYWHMCP>
#	G	D	E	R	K	N	Q	S	T	A	V	L	I	F	Y	W	H	M	C	P
0	0.09316	0.09149	0.09528	0.01348	0.01880	0.04132	0.05341	0.10652	0.09188	0.15947	0.03900	0.03774	0.01427	0.00744	0.00602	0.00188	0.00664	0.00597	0.00523	0.11101
1	0.17880	0.04055	0.15006	0.01315	0.01832	0.01317	0.05239	0.02408	0.11551	0.19723	0.09387	0.04041	0.01850	0.00816	0.00621	0.00208	0.00627	0.00664	0.00551	0.00908
2	0.12201	0.22698	0.12832	0.01351	0.04087	0.03906	0.02938	0.07815	0.01579	0.08796	0.06909	0.01808	0.03298	0.00869	0.03190	0.00213	0.00724	0.00549	0.00433	0.03804
3	0.03881	0.20923	0.17766	0.01500	0.02072	0.14660	0.06491	0.06509	0.01650	0.06493	0.07905	0.01687	0.01427	0.00699	0.00588	0.00180	0.00821	0.00541	0.00401	0.03804
4	0.13822	0.04954	0.28551	0.01558	0.02230	0.03851	0.05307	0.14852	0.03913	0.12705	0.01456	0.01534	0.01027	0.00684	0.00606	0.00203	0.00790	0.00528	0.00461	0.00968
5	0.01475	0.10154	0.30249	0.03757	0.08069	0.03669	0.01630	0.02006	0.03783	0.06856	0.12540	0.02295	0.01928	0.00799	0.00639	0.00198	0.00744	0.03700	0.00424	0.05083
6	0.01760	0.77260	0.03450	0.01126	0.01690	0.02605	0.01126	0.01971	0.01338	0.01549	0.00915	0.01056	0.00845	0.00563	0.00422	0.00141	0.00704	0.00352	0.00282	0.00845
7	0.01115	0.00901	0.01169	0.01060	0.01247	0.00978	0.02495	0.04482	0.06994	0.02198	0.25492	0.03786	0.15390	0.02011	0.15873	0.00392	0.09294	0.00964	0.03486	0.00675
8	0.02554	0.01761	0.01924	0.01475	0.02000	0.01919	0.01219	0.62848	0.02957	0.12059	0.01697	0.01656	0.01178	0.00793	0.00659	0.00198	0.00706	0.00601	0.00676	0.01120
9	0.01698	0.01584	0.14558	0.01568	0.07000	0.03810	0.07088	0.04201	0.05158	0.18577	0.20668	0.04469	0.04848	0.00936	0.00700	0.00208	0.00646	0.00818	0.00578	0.00889
10	0.72367	0.06602	0.04444	0.00930	0.01374	0.01557	0.00820	0.01944	0.01148	0.02817	0.00929	0.01083	0.00728	0.00608	0.00418	0.00200	0.00544	0.00362	0.00393	0.00734
11	0.01371	0.01247	0.02070	0.36138	0.31363	0.01378	0.01720	0.01760	0.01392	0.01934	0.01424	0.06170	0.01216	0.00721	0.00650	0.00207	0.00763	0.00664	0.06978	0.00835
12	0.00940	0.00705	0.01058	0.01058	0.01176	0.00823	0.00823	0.01176	0.01058	0.01528	0.01763	0.02586	0.01646	0.04937	0.74255	0.01058	0.01763	0.00705	0.00353	0.00588
13	0.81514	0.01273	0.00968	0.00866	0.01273	0.01477	0.00713	0.01935	0.01120	0.02954	0.00917	0.01069	0.00713	0.00611	0.00407	0.00204	0.00509	0.00356	0.00407	0.00713
14	0.01619	0.03608	0.07939	0.01603	0.02065	0.07635	0.17552	0.08995	0.08327	0.07004	0.10416	0.08568	0.06935	0.00936	0.00704	0.00208	0.00734	0.00849	0.00514	0.03789
15	0.01415	0.01032	0.01265	0.03888	0.01511	0.01120	0.00952	0.10014	0.14933	0.06778	0.04621	0.18254	0.04317	0.06631	0.03754	0.00305	0.04275	0.13579	0.00591	0.00763
16	0.26292	0.04072	0.12922	0.01781	0.16828	0.04729	0.01322	0.01992	0.03270	0.02361	0.01135	0.01346	0.00905	0.00591	0.00527	0.00177	0.00672	0.00447	0.00366	0.18265
17	0.00926	0.00673	0.00898	0.01025	0.01140	0.00645	0.00810	0.01143	0.01431	0.01868	0.06914	0.33744	0.11273	0.01876	0.00863	0.00277	0.00478	0.32827	0.00614	0.00574
18	0.00786	0.00667	0.00677	0.00675	0.00894	0.00559	0.00506	0.00959	0.01518	0.01821	0.09890	0.06266	0.69243	0.01652	0.00778	0.00222	0.00332	0.01380	0.00617	0.00559
19	0.01505	0.01638	0.03182	0.17896	0.05377	0.04288	0.46486	0.02043	0.03498	0.02014	0.01417	0.02014	0.01121	0.00647	0.00744	0.00222	0.01016	0.03698	0.00346	0.00847
20	0.02503	0.01844	0.01976	0.01515	0.02042	0.02042	0.01251	0.70562	0.03095	0.04149	0.01581	0.01581	0.01120	0.00790	0.00659	0.00198	0.00724	0.00593	0.00659	0.01120
21	0.04362	0.06176	0.04645	0.02187	0.23750	0.05495	0.01427	0.15346	0.11388	0.16077	0.01715	0.01766	0.01261	0.00715	0.00633	0.00197	0.00710	0.00591	0.00527	0.01033
22	0.12617	0.24629	0.31982	0.01432	0.02116	0.04051	0.01600	0.06055	0.03452	0.02184	0.01160	0.01319	0.00900	0.00629	0.00532	0.00185	0.00786	0.00445	0.03036	0.00891

[dist]
# distance from previous block
# <min> <max>
0	5

[block]
# block no. 2 follows, 33 sequences, length 14
# corresponding to MSA columns:
# 106-119
name=unknown_C
#
# <colnr> <probs for GDERKNQSTAVLIFYWHMCP>
#	G	D	E	R	K	N	Q	S	T	A	V	L	I	F	Y	W	H	M	C	P
0	0.01431	0.01348	0.01650	0.11791	0.09735	0.10291	0.01237	0.01653	0.01304	0.04198	0.04289	0.05230	0.04311	0.09269	0.10389	0.00375	0.19686	0.00724	0.00379	0.00710
1	0.03531	0.03889	0.11435	0.15955	0.07179	0.02793	0.01340	0.07586	0.02978	0.15126	0.05045	0.02636	0.13723	0.00885	0.00660	0.00204	0.00673	0.00730	0.00503	0.03128
2	0.01637	0.25814	0.28190	0.01880	0.10483	0.04422	0.06249	0.02212	0.06620	0.04777	0.01276	0.01445	0.00991	0.00626	0.00579	0.00186	0.00834	0.00499	0.00341	0.00939
3	0.01389	0.01178	0.01918	0.66218	0.04186	0.01435	0.01727	0.01883	0.04766	0.07021	0.01349	0.01825	0.00988	0.00681	0.00659	0.00218	0.00837	0.00598	0.00349	0.00775
4	0.01616	0.04221	0.06677	0.02017	0.20369	0.07480	0.04057	0.07724	0.01712	0.05754	0.14883	0.02452	0.03460	0.00837	0.00706	0.00194	0.03125	0.02451	0.03480	0.06786
5	0.00955	0.00646	0.00758	0.00758	0.00772	0.00660	0.00449	0.00983	0.00969	0.01306	0.02037	0.04104	0.02305	0.68334	0.11760	0.00688	0.00772	0.00927	0.00393	0.00421
6	0.01340	0.01035	0.01202	0.01124	0.03277	0.01081	0.00839	0.07139	0.24216	0.04906	0.33599	0.03862	0.11366	0.01157	0.00727	0.00213	0.00432	0.00992	0.00682	0.00813
7	0.01727	0.16997	0.07381	0.01423	0.01784	0.05828	0.01271	0.03943	0.05759	0.09430	0.01342	0.01669	0.01121	0.00948	0.02847	0.00230	0.24939	0.02242	0.00399	0.08719
8	0.00882	0.00666	0.00814	0.00788	0.00956	0.00598	0.00587	0.01142	0.01730	0.02348	0.50386	0.09022	0.24726	0.01473	0.00780	0.00214	0.00321	0.01282	0.00687	0.00598
9	0.04648	0.01532	0.02196	0.11335	0.41274	0.06763	0.01652	0.03710	0.01511	0.04423	0.03666	0.01771	0.01219	0.02769	0.00778	0.00208	0.04172	0.00588	0.00368	0.05418
10	0.01769	0.38563	0.17399	0.01591	0.05727	0.14354	0.04167	0.04034	0.01509	0.01802	0.01188	0.01356	0.02716	0.00631	0.00535	0.00169	0.00852	0.00454	0.00314	0.00870
11	0.00802	0.00573	0.00764	0.00917	0.00955	0.00535	0.00611	0.00917	0.01260	0.01681	0.03628	0.76434	0.04354	0.02062	0.00840	0.00267	0.00382	0.01872	0.00611	0.00535
12	0.08728	0.06888	0.07506	0.01550	0.04318	0.24038	0.02859	0.18350	0.06659	0.04772	0.03422	0.01592	0.01206	0.00724	0.00597	0.00187	0.00827	0.00532	0.04348	0.00895
13	0.08129	0.04280	0.09839	0.01704	0.10740	0.06384	0.04979	0.10159	0.05640	0.04645	0.04983	0.03299	0.01367	0.00710	0.00642	0.00181	0.02767	0.00575	0.00441	0.18538

[dist]
# distance from previous block
# <min> <max>
0	2

[block]
# block no. 3 follows, 33 sequences, length 7
# corresponding to MSA columns:
# 123-129
name=unknown_D
#
# <colnr> <probs for GDERKNQSTAVLIFYWHMCP>
#	G	D	E	R	K	N	Q	S	T	A	V	L	I	F	Y	W	H	M	C	P
0	0.01165	0.05223	0.03284	0.01234	0.05799	0.00970	0.02773	0.03353	0.05602	0.04650	0.14919	0.29183	0.11350	0.03745	0.00881	0.00243	0.03115	0.01246	0.00571	0.00693
1	0.12111	0.08419	0.08240	0.04149	0.09292	0.03394	0.01257	0.11715	0.09155	0.19092	0.05501	0.01879	0.01481	0.00750	0.00608	0.00199	0.00659	0.00591	0.00544	0.00965
2	0.21626	0.20775	0.12169	0.01710	0.12321	0.13468	0.01369	0.05947	0.01498	0.02217	0.01054	0.01241	0.00856	0.00618	0.00522	0.00182	0.00783	0.00432	0.00349	0.00862
3	0.06863	0.01580	0.02721	0.02351	0.13801	0.03758	0.32420	0.06233	0.05017	0.10025	0.07154	0.02010	0.01521	0.00688	0.00703	0.00210	0.00848	0.00717	0.00455	0.00922
4	0.01440	0.06939	0.04054	0.01216	0.03891	0.04075	0.00937	0.02057	0.17852	0.08618	0.10713	0.21856	0.04831	0.01180	0.00690	0.00211	0.00522	0.01016	0.00581	0.07322
5	0.00918	0.00677	0.00861	0.00829	0.00994	0.00620	0.00631	0.01208	0.01791	0.02478	0.58958	0.05271	0.15352	0.01420	0.00785	0.00215	0.00332	0.05347	0.00702	0.00611
6	0.01158	0.00651	0.00995	0.01115	0.06588	0.00648	0.00690	0.00954	0.00937	0.01262	0.01328	0.07267	0.01364	0.02136	0.02297	0.68694	0.00575	0.00665	0.00312	0.00364

[dist]
# distance from previous block
# <min> <max>
0	13

[block]
# block no. 4 follows, 33 sequences, length 21
# corresponding to MSA columns:
# 143-163
name=unknown_E
#
# <colnr> <probs for GDERKNQSTAVLIFYWHMCP>
#	G	D	E	R	K	N	Q	S	T	A	V	L	I	F	Y	W	H	M	C	P
0	0.01530	0.01729	0.03737	0.08388	0.03525	0.01649	0.65061	0.02076	0.01535	0.02076	0.01319	0.01774	0.00989	0.00563	0.00768	0.00222	0.01092	0.00762	0.00330	0.00876
1	0.01227	0.00614	0.00614	0.00614	0.00767	0.00614	0.00460	0.01534	0.01381	0.02454	0.02148	0.02454	0.01687	0.00767	0.00460	0.00153	0.00307	0.00614	0.80518	0.00614
2	0.00957	0.00638	0.00718	0.00718	0.00718	0.00638	0.00399	0.00957	0.00957	0.01276	0.02074	0.04308	0.02393	0.76864	0.03351	0.00638	0.00638	0.00957	0.00399	0.00399
3	0.00985	0.00674	0.00798	0.00823	0.00996	0.00601	0.00613	0.01176	0.01494	0.06411	0.12592	0.25139	0.32792	0.01648	0.00780	0.00234	0.00377	0.06302	0.04964	0.00600
4	0.00907	0.00672	0.00845	0.00802	0.00968	0.00610	0.00601	0.01194	0.01804	0.02499	0.61680	0.05149	0.17029	0.01398	0.00777	0.00210	0.00314	0.01223	0.00706	0.00610
5	0.00808	0.00581	0.00766	0.00904	0.00954	0.00540	0.00608	0.00934	0.01298	0.01731	0.07096	0.70615	0.06699	0.02014	0.00835	0.00263	0.00377	0.01822	0.00617	0.00540
6	0.01243	0.01170	0.01975	0.75282	0.04534	0.01463	0.01828	0.01682	0.01316	0.01682	0.01170	0.01755	0.00878	0.00658	0.00658	0.00219	0.00878	0.00585	0.00293	0.00731
7	0.01544	0.01848	0.06952	0.02735	0.03415	0.01659	0.67371	0.02108	0.01547	0.02108	0.01325	0.01759	0.00992	0.00558	0.00770	0.00221	0.01104	0.00764	0.00331	0.00892
8	0.01669	0.01715	0.03364	0.07993	0.06620	0.03685	0.51918	0.04406	0.03765	0.06001	0.01424	0.01790	0.01057	0.00600	0.00744	0.00217	0.01019	0.00730	0.00377	0.00905
9	0.02102	0.02025	0.13981	0.01707	0.02307	0.01825	0.11351	0.45663	0.02499	0.03423	0.01510	0.01624	0.01086	0.00728	0.00659	0.00200	0.00798	0.00603	0.04873	0.01035
10	0.01519	0.01220	0.01422	0.01244	0.01447	0.04332	0.00969	0.20839	0.01640	0.02231	0.01612	0.02413	0.01496	0.16939	0.26394	0.00587	0.11838	0.00692	0.00438	0.00728
11	0.01715	0.01453	0.01532	0.01355	0.01741	0.01674	0.01061	0.09495	0.65445	0.02879	0.02581	0.02378	0.01930	0.00884	0.00669	0.00221	0.00539	0.00731	0.00669	0.01049
12	0.00893	0.00671	0.00826	0.00788	0.00960	0.00605	0.00591	0.01167	0.01772	0.02423	0.55836	0.05275	0.22921	0.01427	0.00777	0.00211	0.00316	0.01241	0.00696	0.00605
13	0.01554	0.01776	0.03885	0.02775	0.03441	0.01665	0.70366	0.02109	0.01554	0.02109	0.01332	0.01776	0.00999	0.00555	0.00777	0.00222	0.01110	0.00777	0.00333	0.00888
14	0.33524	0.00922	0.00874	0.00820	0.01092	0.00982	0.00638	0.01750	0.01326	0.09196	0.04811	0.12734	0.01865	0.00921	0.00526	0.00197	0.00423	0.00722	0.25985	0.00690
15	0.00813	0.00609	0.00747	0.00835	0.00931	0.00552	0.00575	0.00954	0.01365	0.01775	0.10403	0.48859	0.22473	0.04753	0.00914	0.00264	0.00373	0.01649	0.00613	0.00543
16	0.01406	0.00793	0.01008	0.00956	0.01173	0.00730	0.00720	0.04347	0.01612	0.18424	0.15055	0.27435	0.13497	0.04966	0.00891	0.00252	0.00442	0.04916	0.00669	0.00708
17	0.02629	0.01564	0.01619	0.01292	0.01752	0.12140	0.01044	0.20025	0.02148	0.39438	0.02069	0.01934	0.01389	0.00784	0.00635	0.00193	0.00675	0.00605	0.07039	0.01027
18	0.00962	0.00884	0.06498	0.00909	0.01128	0.00691	0.00761	0.01308	0.01827	0.02597	0.66896	0.04644	0.05795	0.01290	0.00765	0.00207	0.00362	0.01136	0.00690	0.00648
19	0.19349	0.02334	0.01657	0.01436	0.01829	0.38410	0.01119	0.19074	0.01990	0.02549	0.01173	0.01302	0.00915	0.00694	0.00565	0.00183	0.00898	0.00457	0.03228	0.00834
20	0.01679	0.38997	0.30616	0.01477	0.02187	0.05583	0.01653	0.07357	0.01520	0.01963	0.01076	0.01233	0.00862	0.00611	0.00528	0.00173	0.00834	0.00427	0.00312	0.00912

[dist]
# distance from previous block
# <min> <max>
0	2

[block]
# block no. 5 follows, 33 sequences, length 12
# corresponding to MSA columns:
# 166-177
name=unknown_F
#
# <colnr> <probs for GDERKNQSTAVLIFYWHMCP>
#	G	D	E	R	K	N	Q	S	T	A	V	L	I	F	Y	W	H	M	C	P
0	0.01613	0.04202	0.05436	0.05819	0.17648	0.03328	0.05146	0.04437	0.17056	0.09023	0.11704	0.02636	0.07343	0.00871	0.00679	0.00207	0.00645	0.00763	0.00529	0.00915
1	0.00985	0.00742	0.00831	0.00788	0.01013	0.00671	0.00598	0.01321	0.06568	0.05298	0.27275	0.05426	0.43137	0.01472	0.00765	0.00217	0.00349	0.01248	0.00661	0.00636
2	0.02503	0.01844	0.01976	0.01515	0.02042	0.02042	0.01251	0.70562	0.03095	0.04149	0.01581	0.01581	0.01120	0.00790	0.00659	0.00198	0.00724	0.00593	0.00659	0.01120
3	0.01629	0.01564	0.02672	0.04041	0.72757	0.01564	0.02020	0.02020	0.01499	0.02151	0.01238	0.01629	0.01043	0.00587	0.00652	0.00196	0.00782	0.00587	0.00326	0.01043
4	0.01639	0.01745	0.03453	0.02500	0.03118	0.04476	0.57766	0.04426	0.01613	0.04705	0.01447	0.04332	0.01135	0.00627	0.00753	0.00215	0.01032	0.00776	0.00373	0.03870
5	0.01055	0.00751	0.01040	0.01183	0.01325	0.00751	0.01021	0.01340	0.01482	0.01929	0.03401	0.07239	0.03705	0.06320	0.01056	0.00323	0.00608	0.64285	0.00594	0.00594
6	0.00900	0.00672	0.00837	0.00795	0.00964	0.00608	0.00597	0.01182	0.01790	0.02465	0.59041	0.05206	0.19690	0.01411	0.00777	0.00210	0.00315	0.01231	0.00702	0.00608
7	0.01629	0.01564	0.02672	0.04041	0.72757	0.01564	0.02020	0.02020	0.01499	0.02151	0.01238	0.01629	0.01043	0.00587	0.00652	0.00196	0.00782	0.00587	0.00326	0.01043
8	0.00957	0.00638	0.00718	0.00718	0.00718	0.00638	0.00399	0.00957	0.00957	0.01276	0.02074	0.04308	0.02393	0.76864	0.03351	0.00638	0.00638	0.00957	0.00399	0.00399
9	0.01953	0.01071	0.01278	0.01058	0.01439	0.01023	0.00847	0.11391	0.08461	0.30096	0.11476	0.03583	0.21274	0.01109	0.00707	0.00210	0.00489	0.00917	0.00715	0.00904
10	0.30917	0.01639	0.01613	0.01281	0.01765	0.01838	0.01058	0.45883	0.02385	0.03719	0.01342	0.01397	0.00973	0.00726	0.00568	0.00200	0.00647	0.00508	0.00568	0.00973
11	0.05002	0.02686	0.01835	0.01689	0.04641	0.53666	0.01248	0.12345	0.04339	0.02116	0.03625	0.01428	0.01114	0.00719	0.00608	0.00179	0.01030	0.00489	0.00411	0.00828

[dist]
# distance from previous block
# <min> <max>
0	13

[block]
# block no. 6 follows, 33 sequences, length 16
# corresponding to MSA columns:
# 191-206
name=unknown_G
#
# <colnr> <probs for GDERKNQSTAVLIFYWHMCP>
#	G	D	E	R	K	N	Q	S	T	A	V	L	I	F	Y	W	H	M	C	P
0	0.00811	0.00663	0.00716	0.00713	0.00912	0.00568	0.00531	0.01004	0.01563	0.01950	0.19994	0.09656	0.55388	0.01622	0.00781	0.00221	0.00331	0.01373	0.00635	0.00568
1	0.01915	0.01719	0.01662	0.01381	0.01814	0.11699	0.01094	0.20080	0.28878	0.02796	0.01823	0.01818	0.01388	0.00772	0.00678	0.00189	0.03440	0.00590	0.00555	0.15709
2	0.01575	0.01509	0.02574	0.14037	0.63185	0.01550	0.01993	0.01973	0.01473	0.02085	0.01229	0.01647	0.01020	0.00597	0.00653	0.00199	0.00795	0.00586	0.00321	0.00999
3	0.01320	0.03405	0.73453	0.01876	0.02849	0.01529	0.02432	0.02085	0.01390	0.02085	0.01181	0.01390	0.00834	0.00625	0.00625	0.00208	0.00973	0.00486	0.00278	0.00973
4	0.02448	0.01817	0.01945	0.01504	0.02021	0.02016	0.01238	0.66332	0.07414	0.04061	0.01650	0.01636	0.01176	0.00797	0.00659	0.00199	0.00712	0.00602	0.00659	0.01115
5	0.00788	0.00659	0.00686	0.00697	0.00900	0.00557	0.00516	0.00957	0.01497	0.01812	0.09642	0.12530	0.63130	0.01687	0.00784	0.00226	0.00337	0.01423	0.00617	0.00557
6	0.00852	0.00662	0.00775	0.00764	0.00939	0.00585	0.00566	0.01082	0.01651	0.02175	0.37333	0.11497	0.35655	0.01549	0.00782	0.00219	0.00327	0.01336	0.00665	0.00585
7	0.01760	0.77260	0.03450	0.01126	0.01690	0.02605	0.01126	0.01971	0.01338	0.01549	0.00915	0.01056	0.00845	0.00563	0.00422	0.00141	0.00704	0.00352	0.00282	0.00845
8	0.00983	0.00701	0.00859	0.00828	0.01007	0.00640	0.00617	0.01281	0.03783	0.05207	0.43718	0.12977	0.22002	0.01469	0.00776	0.00218	0.00341	0.01280	0.00686	0.00628
9	0.01457	0.05002	0.28557	0.04363	0.09699	0.04752	0.17075	0.04997	0.01526	0.02084	0.01690	0.02116	0.05587	0.00942	0.04311	0.00252	0.00954	0.03399	0.00353	0.00886
10	0.19629	0.01153	0.01409	0.01106	0.01594	0.01076	0.00914	0.02938	0.01722	0.58300	0.02240	0.01992	0.01435	0.00772	0.00608	0.00204	0.00549	0.00597	0.00728	0.01034
11	0.01318	0.01278	0.04570	0.09525	0.19779	0.03708	0.04698	0.03340	0.07581	0.02194	0.16484	0.12643	0.05238	0.01067	0.00723	0.00219	0.00634	0.03700	0.00499	0.00804
12	0.01129	0.00746	0.00955	0.00857	0.01077	0.00664	0.00654	0.01423	0.01806	0.08793	0.56727	0.04543	0.10193	0.01264	0.00747	0.00200	0.00346	0.01104	0.00702	0.06070
13	0.01484	0.01129	0.01646	0.03690	0.13274	0.01127	0.06208	0.10465	0.04582	0.07951	0.33799	0.03442	0.03581	0.01035	0.00731	0.00210	0.00554	0.03653	0.00610	0.00829
14	0.05876	0.01494	0.04648	0.04252	0.19930	0.01454	0.04198	0.13960	0.11842	0.06937	0.03556	0.01843	0.01362	0.00699	0.00620	0.00188	0.00656	0.00599	0.04303	0.11581
15	0.01134	0.00799	0.01000	0.00912	0.01114	0.00776	0.00695	0.04348	0.07606	0.05513	0.61039	0.04473	0.05478	0.01265	0.00758	0.00208	0.00355	0.01109	0.00721	0.00696

[dist]
# distance from previous block
# <min> <max>
0	1

[block]
# block no. 7 follows, 33 sequences, length 13
# corresponding to MSA columns:
# 208-220
name=unknown_H
#
# <colnr> <probs for GDERKNQSTAVLIFYWHMCP>
#	G	D	E	R	K	N	Q	S	T	A	V	L	I	F	Y	W	H	M	C	P
0	0.02133	0.01612	0.01933	0.04352	0.11195	0.09888	0.06547	0.16345	0.10969	0.18973	0.01997	0.02107	0.03581	0.04408	0.00794	0.00223	0.00740	0.00664	0.00564	0.00975
1	0.01556	0.01572	0.08610	0.07023	0.37266	0.01338	0.04332	0.01957	0.01479	0.05559	0.03521	0.01692	0.01188	0.00605	0.00620	0.00177	0.00723	0.00561	0.00371	0.19850
2	0.00814	0.00668	0.00717	0.00705	0.00912	0.00571	0.00529	0.01015	0.01586	0.01982	0.22212	0.06000	0.56820	0.01591	0.00778	0.00219	0.00328	0.01342	0.00638	0.00571
3	0.01572	0.12596	0.54883	0.01703	0.02563	0.01646	0.02084	0.05661	0.01511	0.08008	0.01285	0.01427	0.00916	0.00642	0.00604	0.00199	0.00892	0.00489	0.00342	0.00976
4	0.15732	0.01654	0.01749	0.01362	0.01866	0.01807	0.01124	0.50306	0.02608	0.12990	0.01603	0.01582	0.01119	0.00764	0.00617	0.00199	0.00667	0.00562	0.00637	0.01052
5	0.01227	0.00614	0.00614	0.00614	0.00767	0.00614	0.00460	0.01534	0.01381	0.02454	0.02148	0.02454	0.01687	0.00767	0.00460	0.00153	0.00307	0.00614	0.80518	0.00614
6	0.01965	0.01577	0.01673	0.01406	0.01837	0.01791	0.01121	0.28902	0.45630	0.03282	0.02263	0.02124	0.01672	0.00854	0.00666	0.00214	0.00598	0.00687	0.00666	0.01071
7	0.01413	0.02101	0.23085	0.02287	0.02977	0.01500	0.42836	0.01997	0.01545	0.02166	0.09877	0.02047	0.01582	0.00670	0.00734	0.00216	0.00975	0.00745	0.00365	0.00880
8	0.05348	0.01567	0.02954	0.15631	0.29983	0.01583	0.29171	0.01993	0.01471	0.02092	0.01249	0.01683	0.00981	0.00587	0.00691	0.00211	0.00916	0.00651	0.00327	0.00912
9	0.01749	0.42784	0.05848	0.01258	0.01729	0.11232	0.01145	0.05742	0.10329	0.01884	0.01488	0.09368	0.01382	0.00795	0.00542	0.00174	0.00721	0.00592	0.00393	0.00846
10	0.00897	0.00651	0.00845	0.00840	0.00973	0.00600	0.00613	0.01159	0.01718	0.02395	0.54699	0.20237	0.08881	0.01514	0.00790	0.00221	0.00327	0.01345	0.00695	0.00600
11	0.01320	0.03405	0.73453	0.01876	0.02849	0.01529	0.02432	0.02085	0.01390	0.02085	0.01181	0.01390	0.00834	0.00625	0.00625	0.00208	0.00973	0.00486	0.00278	0.00973
12	0.00814	0.00596	0.00766	0.00877	0.00950	0.00547	0.00599	0.00958	0.01359	0.01804	0.12008	0.59828	0.12606	0.01932	0.00825	0.00255	0.00368	0.01735	0.00624	0.00547

[dist]
# distance from previous block
# <min> <max>
0	114

[block]
# block no. 8 follows, 33 sequences, length 28
# corresponding to MSA columns:
# 335-362
name=unknown_I
#
# <colnr> <probs for GDERKNQSTAVLIFYWHMCP>
#	G	D	E	R	K	N	Q	S	T	A	V	L	I	F	Y	W	H	M	C	P
0	0.01417	0.03723	0.04179	0.01531	0.04668	0.01577	0.01229	0.04853	0.01344	0.03973	0.11836	0.06893	0.01975	0.01126	0.01472	0.00248	0.40825	0.00747	0.05641	0.00743
1	0.08364	0.00797	0.00895	0.00839	0.01080	0.00750	0.00640	0.01522	0.04351	0.11222	0.20865	0.12393	0.26964	0.01353	0.00716	0.00216	0.00384	0.01144	0.04828	0.00677
2	0.01534	0.04948	0.20727	0.02004	0.12423	0.04659	0.10941	0.10404	0.05521	0.02341	0.07157	0.10838	0.01829	0.00874	0.00685	0.00211	0.00785	0.00781	0.00438	0.00899
3	0.01428	0.02236	0.28591	0.10977	0.09113	0.01548	0.29625	0.02023	0.01456	0.02066	0.01279	0.01645	0.00952	0.00602	0.00687	0.00212	0.00978	0.00628	0.03051	0.00904
4	0.00852	0.00642	0.00727	0.00752	0.00896	0.00574	0.00533	0.01024	0.01450	0.01893	0.16726	0.21041	0.35128	0.09230	0.01034	0.00268	0.00369	0.01375	0.04937	0.00550
5	0.01010	0.00624	0.00782	0.00782	0.00790	0.00632	0.00478	0.00944	0.00935	0.01255	0.01783	0.03520	0.01979	0.50261	0.08056	0.23900	0.00697	0.00828	0.00363	0.00379
6	0.01117	0.00813	0.01052	0.00972	0.01177	0.00791	0.03012	0.01605	0.11115	0.05533	0.41456	0.14196	0.09474	0.01338	0.00756	0.00217	0.00388	0.01183	0.03112	0.00692
7	0.00889	0.00668	0.00823	0.00791	0.00959	0.00602	0.00590	0.01157	0.01752	0.02392	0.53609	0.07630	0.22821	0.01450	0.00779	0.00213	0.00319	0.01263	0.00692	0.00602
8	0.02503	0.01844	0.01976	0.01515	0.02042	0.02042	0.01251	0.70562	0.03095	0.04149	0.01581	0.01581	0.01120	0.00790	0.00659	0.00198	0.00724	0.00593	0.00659	0.01120
9	0.02385	0.01460	0.04194	0.01569	0.02115	0.01344	0.14905	0.16091	0.04380	0.36692	0.04016	0.02047	0.01500	0.00759	0.00681	0.00204	0.00704	0.00675	0.00651	0.03627
10	0.02865	0.01263	0.01616	0.01239	0.01752	0.01179	0.01023	0.16459	0.02122	0.59626	0.02397	0.02111	0.01529	0.00810	0.00661	0.00202	0.00592	0.00648	0.00784	0.01120
11	0.01604	0.01537	0.06286	0.14486	0.51189	0.01468	0.01891	0.02004	0.01480	0.06546	0.01405	0.04643	0.01175	0.00673	0.00659	0.00203	0.00777	0.00637	0.00360	0.00976
12	0.01919	0.01307	0.01676	0.01246	0.01792	0.01157	0.05960	0.14681	0.01808	0.18116	0.01653	0.04119	0.01259	0.00672	0.00590	0.00154	0.00589	0.00564	0.00536	0.40201
13	0.01554	0.01776	0.03885	0.02775	0.03441	0.01665	0.70366	0.02109	0.01554	0.02109	0.01332	0.01776	0.00999	0.00555	0.00777	0.00222	0.01110	0.00777	0.00333	0.00888
14	0.00802	0.00573	0.00764	0.00917	0.00955	0.00535	0.00611	0.00917	0.01260	0.01681	0.03628	0.76434	0.04354	0.02062	0.00840	0.00267	0.00382	0.01872	0.00611	0.00535
15	0.01365	0.01170	0.01365	0.00975	0.01560	0.00878	0.00780	0.01658	0.01365	0.02145	0.01170	0.01365	0.00975	0.00488	0.00488	0.00098	0.00488	0.00390	0.00390	0.80888
16	0.00801	0.00578	0.00759	0.00904	0.00951	0.00536	0.00605	0.00918	0.01273	0.01686	0.03787	0.72768	0.07917	0.02042	0.00837	0.00265	0.00379	0.01846	0.00611	0.00536
17	0.01312	0.01388	0.02879	0.02176	0.02640	0.01301	0.47891	0.01725	0.01459	0.01971	0.02072	0.25831	0.02080	0.01041	0.00797	0.00237	0.00875	0.01130	0.00423	0.00774
18	0.00801	0.00668	0.00699	0.00691	0.00903	0.00566	0.00518	0.00989	0.01555	0.01908	0.16548	0.06123	0.62531	0.01619	0.00778	0.00220	0.00330	0.01360	0.00628	0.00566
19	0.01320	0.03405	0.73453	0.01876	0.02849	0.01529	0.02432	0.02085	0.01390	0.02085	0.01181	0.01390	0.00834	0.00625	0.00625	0.00208	0.00973	0.00486	0.00278	0.00973
20	0.01760	0.77260	0.03450	0.01126	0.01690	0.02605	0.01126	0.01971	0.01338	0.01549	0.00915	0.01056	0.00845	0.00563	0.00422	0.00141	0.00704	0.00352	0.00282	0.00845
21	0.02954	0.01120	0.01528	0.01171	0.01681	0.00968	0.00968	0.03208	0.01884	0.73213	0.02597	0.02241	0.01630	0.00815	0.00662	0.00204	0.00560	0.00662	0.00815	0.01120
22	0.02677	0.01565	0.01803	0.01382	0.01902	0.01627	0.01142	0.44560	0.02628	0.30812	0.01973	0.01835	0.01316	0.00800	0.00660	0.00200	0.00661	0.00619	0.00719	0.01120
23	0.01243	0.01170	0.01975	0.75282	0.04534	0.01463	0.01828	0.01682	0.01316	0.01682	0.01170	0.01755	0.00878	0.00658	0.00658	0.00219	0.00878	0.00585	0.00293	0.00731
24	0.01427	0.01203	0.01427	0.05033	0.01738	0.00985	0.00866	0.06574	0.01501	0.02278	0.03322	0.01508	0.01136	0.00544	0.00518	0.00115	0.00520	0.00439	0.00414	0.68452
25	0.01155	0.06078	0.36675	0.01356	0.01941	0.01170	0.01541	0.01669	0.01554	0.02199	0.24570	0.03208	0.09964	0.00999	0.00688	0.00209	0.00669	0.03090	0.00466	0.00799
26	0.08663	0.06113	0.02160	0.02453	0.29284	0.23190	0.01482	0.07837	0.08586	0.02245	0.01298	0.01498	0.01048	0.00661	0.00604	0.00188	0.00845	0.00522	0.00395	0.00928
27	0.04265	0.13282	0.22792	0.01512	0.04383	0.08758	0.01466	0.11609	0.01706	0.07699	0.03701	0.05230	0.01302	0.00737	0.00595	0.00184	0.00768	0.00569	0.00426	0.09013

[dist]
# distance from previous block
# <min> <max>
0	5

[block]
# block no. 9 follows, 33 sequences, length 46
# corresponding to MSA columns:
# 368-413
name=unknown_J
#
# <colnr> <probs for GDERKNQSTAVLIFYWHMCP>
#	G	D	E	R	K	N	Q	S	T	A	V	L	I	F	Y	W	H	M	C	P
0	0.04294	0.14101	0.11655	0.01328	0.01906	0.04640	0.03080	0.09312	0.09545	0.14644	0.01579	0.01609	0.01167	0.00665	0.00574	0.00172	0.00677	0.00515	0.00486	0.18050
1	0.01681	0.21579	0.34775	0.01580	0.02284	0.08827	0.01736	0.08421	0.09180	0.02163	0.01297	0.01419	0.00991	0.00659	0.00579	0.00188	0.00855	0.00484	0.00361	0.00941
2	0.39270	0.01382	0.01300	0.01091	0.01521	0.05707	0.00885	0.08634	0.06692	0.22193	0.04287	0.01690	0.01312	0.00736	0.00544	0.00203	0.00576	0.00525	0.00569	0.00885
3	0.00824	0.00596	0.00787	0.00919	0.00978	0.00548	0.00618	0.00945	0.01264	0.01698	0.03534	0.73536	0.04224	0.02002	0.00827	0.00261	0.00386	0.01814	0.00603	0.03637
4	0.02254	0.02702	0.02034	0.02075	0.13395	0.53800	0.03339	0.04873	0.05934	0.01865	0.01179	0.01363	0.00961	0.00677	0.00615	0.00179	0.01065	0.00485	0.00367	0.00840
5	0.00811	0.00691	0.00701	0.00695	0.00919	0.00593	0.00522	0.01037	0.03729	0.01844	0.09171	0.06156	0.67613	0.01630	0.00775	0.00222	0.00338	0.01361	0.00618	0.00574
6	0.01396	0.01326	0.02250	0.47175	0.31450	0.01503	0.01904	0.01816	0.01388	0.01867	0.01197	0.01706	0.00943	0.00630	0.00656	0.00210	0.00840	0.00586	0.00306	0.00854
7	0.00932	0.00673	0.00880	0.00828	0.00984	0.00621	0.00621	0.01242	0.01863	0.02640	0.72410	0.04918	0.06212	0.01346	0.00776	0.00207	0.00311	0.01191	0.00725	0.00621
8	0.02459	0.03138	0.01866	0.01696	0.02035	0.74221	0.01272	0.02629	0.01866	0.01611	0.01018	0.01187	0.00848	0.00678	0.00594	0.00170	0.01187	0.00424	0.00339	0.00763
9	0.01554	0.01776	0.03885	0.02775	0.03441	0.01665	0.70366	0.02109	0.01554	0.02109	0.01332	0.01776	0.00999	0.00555	0.00777	0.00222	0.01110	0.00777	0.00333	0.00888
10	0.01760	0.77260	0.03450	0.01126	0.01690	0.02605	0.01126	0.01971	0.01338	0.01549	0.00915	0.01056	0.00845	0.00563	0.00422	0.00141	0.00704	0.00352	0.00282	0.00845
11	0.01637	0.01414	0.01489	0.01340	0.01712	0.01637	0.01042	0.03498	0.71568	0.02754	0.02679	0.02456	0.02010	0.00893	0.00670	0.00223	0.00521	0.00744	0.00670	0.01042
12	0.01260	0.01187	0.02004	0.72239	0.07448	0.01467	0.01836	0.01696	0.01324	0.01702	0.01173	0.01750	0.00885	0.00655	0.00658	0.00218	0.00873	0.00585	0.00294	0.00745
13	0.00802	0.00573	0.00764	0.00917	0.00955	0.00535	0.00611	0.00917	0.01260	0.01681	0.03628	0.76434	0.04354	0.02062	0.00840	0.00267	0.00382	0.01872	0.00611	0.00535
14	0.01760	0.77260	0.03450	0.01126	0.01690	0.02605	0.01126	0.01971	0.01338	0.01549	0.00915	0.01056	0.00845	0.00563	0.00422	0.00141	0.00704	0.00352	0.00282	0.00845
15	0.02459	0.03138	0.01866	0.01696	0.02035	0.74221	0.01272	0.02629	0.01866	0.01611	0.01018	0.01187	0.00848	0.00678	0.00594	0.00170	0.01187	0.00424	0.00339	0.00763
16	0.01243	0.01170	0.01975	0.75282	0.04534	0.01463	0.01828	0.01682	0.01316	0.01682	0.01170	0.01755	0.00878	0.00658	0.00658	0.00219	0.00878	0.00585	0.00293	0.00731
17	0.00888	0.00671	0.00820	0.00783	0.00957	0.00603	0.00587	0.01158	0.01761	0.02397	0.53854	0.05318	0.24920	0.01437	0.00777	0.00211	0.00317	0.01247	0.00693	0.00603
18	0.00802	0.00573	0.00764	0.00917	0.00955	0.00535	0.00611	0.00917	0.01260	0.01681	0.03628	0.76434	0.04354	0.02062	0.00840	0.00267	0.00382	0.01872	0.00611	0.00535
19	0.01760	0.77260	0.03450	0.01126	0.01690	0.02605	0.01126	0.01971	0.01338	0.01549	0.00915	0.01056	0.00845	0.00563	0.00422	0.00141	0.00704	0.00352	0.00282	0.00845
20	0.00802	0.00573	0.00764	0.00917	0.00955	0.00535	0.00611	0.00917	0.01260	0.01681	0.03628	0.76434	0.04354	0.02062	0.00840	0.00267	0.00382	0.01872	0.00611	0.00535
21	0.01243	0.01170	0.01975	0.75282	0.04534	0.01463	0.01828	0.01682	0.01316	0.01682	0.01170	0.01755	0.00878	0.00658	0.00658	0.00219	0.00878	0.00585	0.00293	0.00731
22	0.01637	0.01414	0.01489	0.01340	0.01712	0.01637	0.01042	0.03498	0.71568	0.02754	0.02679	0.02456	0.02010	0.00893	0.00670	0.00223	0.00521	0.00744	0.00670	0.01042
23	0.01365	0.01170	0.01365	0.00975	0.01560	0.00878	0.00780	0.01658	0.01365	0.02145	0.01170	0.01365	0.00975	0.00488	0.00488	0.00098	0.00488	0.00390	0.00390	0.80888
24	0.02901	0.01132	0.01526	0.01178	0.01682	0.00995	0.00971	0.03220	0.04692	0.70374	0.02601	0.02249	0.01645	0.00818	0.00662	0.00204	0.00559	0.00665	0.00809	0.01117
25	0.02459	0.03138	0.01866	0.01696	0.02035	0.74221	0.01272	0.02629	0.01866	0.01611	0.01018	0.01187	0.00848	0.00678	0.00594	0.00170	0.01187	0.00424	0.00339	0.00763
26	0.01554	0.01776	0.03885	0.02775	0.03441	0.01665	0.70366	0.02109	0.01554	0.02109	0.01332	0.01776	0.00999	0.00555	0.00777	0.00222	0.01110	0.00777	0.00333	0.00888
27	0.02954	0.01120	0.01528	0.01171	0.01681	0.00968	0.00968	0.03208	0.01884	0.73213	0.02597	0.02241	0.01630	0.00815	0.00662	0.00204	0.00560	0.00662	0.00815	0.01120
28	0.00778	0.00667	0.00667	0.00667	0.00889	0.00556	0.00500	0.00945	0.01501	0.01778	0.06669	0.06336	0.72490	0.01667	0.00778	0.00222	0.00333	0.01389	0.00611	0.00556
29	0.00956	0.00643	0.00740	0.00740	0.00747	0.00650	0.00426	0.00971	0.00964	0.01293	0.02054	0.04197	0.02345	0.72233	0.07916	0.00665	0.00711	0.00941	0.00396	0.00411
30	0.01275	0.01203	0.02032	0.69390	0.10176	0.01471	0.01844	0.01710	0.01331	0.01721	0.01176	0.01745	0.00891	0.00652	0.00658	0.00217	0.00870	0.00585	0.00295	0.00757
31	0.00829	0.00613	0.00775	0.00852	0.00950	0.00559	0.00594	0.01000	0.01447	0.01929	0.20751	0.47115	0.16525	0.01822	0.00814	0.00245	0.00356	0.01624	0.00639	0.00559
32	0.01320	0.03405	0.73453	0.01876	0.02849	0.01529	0.02432	0.02085	0.01390	0.02085	0.01181	0.01390	0.00834	0.00625	0.00625	0.00208	0.00973	0.00486	0.00278	0.00973
33	0.02954	0.01120	0.01528	0.01171	0.01681	0.00968	0.00968	0.03208	0.01884	0.73213	0.02597	0.02241	0.01630	0.00815	0.00662	0.00204	0.00560	0.00662	0.00815	0.01120
34	0.73669	0.01258	0.01024	0.00896	0.01314	0.01426	0.00738	0.02062	0.01197	0.09970	0.01084	0.01186	0.00805	0.00631	0.00433	0.00204	0.00514	0.00387	0.00448	0.00754
35	0.00921	0.00673	0.00865	0.00817	0.00977	0.00617	0.00613	0.01221	0.01838	0.02579	0.67772	0.05018	0.10888	0.01369	0.00777	0.00208	0.00312	0.01205	0.00717	0.00617
36	0.01227	0.00614	0.00614	0.00614	0.00767	0.00614	0.00460	0.01534	0.01381	0.02454	0.02148	0.02454	0.01687	0.00767	0.00460	0.00153	0.00307	0.00614	0.80518	0.00614
37	0.01472	0.01421	0.02470	0.32113	0.41599	0.01530	0.06087	0.01892	0.01430	0.01963	0.01217	0.01688	0.00975	0.00613	0.00662	0.00207	0.00840	0.00598	0.00313	0.00910
38	0.00802	0.00573	0.00764	0.00917	0.00955	0.00535	0.00611	0.00917	0.01260	0.01681	0.03628	0.76434	0.04354	0.02062	0.00840	0.00267	0.00382	0.01872	0.00611	0.00535
39	0.00957	0.00638	0.00718	0.00718	0.00718	0.00638	0.00399	0.00957	0.00957	0.01276	0.02074	0.04308	0.02393	0.76864	0.03351	0.00638	0.00638	0.00957	0.00399	0.00399
40	0.01243	0.01170	0.01975	0.75282	0.04534	0.01463	0.01828	0.01682	0.01316	0.01682	0.01170	0.01755	0.00878	0.00658	0.00658	0.00219	0.00878	0.00585	0.00293	0.00731
41	0.01713	0.69288	0.11006	0.01207	0.01815	0.02489	0.01267	0.01984	0.01343	0.01607	0.00944	0.01092	0.00844	0.00570	0.00444	0.00148	0.00733	0.00367	0.00281	0.00859
42	0.00820	0.00691	0.00714	0.00704	0.00924	0.00596	0.00529	0.01055	0.03750	0.01894	0.12974	0.06074	0.63779	0.01611	0.00774	0.00221	0.00337	0.01350	0.00624	0.00578
43	0.00802	0.00573	0.00764	0.00917	0.00955	0.00535	0.00611	0.00917	0.01260	0.01681	0.03628	0.76434	0.04354	0.02062	0.00840	0.00267	0.00382	0.01872	0.00611	0.00535
44	0.01730	0.03986	0.01583	0.01337	0.01729	0.01673	0.01055	0.07241	0.63234	0.04900	0.02555	0.02353	0.01909	0.00874	0.00661	0.00218	0.00540	0.00720	0.00660	0.01042
45	0.01876	0.13824	0.13842	0.09788	0.14620	0.10129	0.04239	0.09644	0.01708	0.10083	0.03274	0.01621	0.01151	0.00675	0.00616	0.00191	0.00827	0.00547	0.00411	0.00934

[dist]
# distance from previous block
# <min> <max>
0	27

[block]
# block no. 10 follows, 33 sequences, length 93
# corresponding to MSA columns:
# 441-468,471-521,526-539
name=unknown_K
#
# <colnr> <probs for GDERKNQSTAVLIFYWHMCP>
#	G	D	E	R	K	N	Q	S	T	A	V	L	I	F	Y	W	H	M	C	P
0	0.01375	0.01200	0.01491	0.01065	0.01654	0.00917	0.04250	0.01680	0.01375	0.02143	0.01178	0.01386	0.00976	0.00491	0.00502	0.00104	0.00519	0.00409	0.00387	0.76899
1	0.01695	0.01542	0.02615	0.03898	0.69213	0.01534	0.01968	0.02080	0.01518	0.05694	0.01306	0.01660	0.01072	0.00598	0.00652	0.00196	0.00771	0.00590	0.00350	0.01047
2	0.00865	0.00722	0.00736	0.00720	0.00949	0.00629	0.00542	0.04415	0.01570	0.01893	0.06288	0.09028	0.66083	0.01640	0.00775	0.00223	0.00355	0.01370	0.00614	0.00583
3	0.00778	0.00667	0.00667	0.00667	0.00889	0.00556	0.00500	0.00945	0.01501	0.01778	0.06669	0.06336	0.72490	0.01667	0.00778	0.00222	0.00333	0.01389	0.00611	0.00556
4	0.02372	0.01759	0.01887	0.01451	0.01965	0.01922	0.01195	0.64404	0.02948	0.03953	0.01818	0.01809	0.04673	0.00822	0.00658	0.00195	0.00696	0.00625	0.00646	0.04201
5	0.02954	0.01120	0.01528	0.01171	0.01681	0.00968	0.00968	0.03208	0.01884	0.73213	0.02597	0.02241	0.01630	0.00815	0.00662	0.00204	0.00560	0.00662	0.00815	0.01120
6	0.02954	0.01120	0.01528	0.01171	0.01681	0.00968	0.00968	0.03208	0.01884	0.73213	0.02597	0.02241	0.01630	0.00815	0.00662	0.00204	0.00560	0.00662	0.00815	0.01120
7	0.02503	0.01844	0.01976	0.01515	0.02042	0.02042	0.01251	0.70562	0.03095	0.04149	0.01581	0.01581	0.01120	0.00790	0.00659	0.00198	0.00724	0.00593	0.00659	0.01120
8	0.01320	0.03405	0.73453	0.01876	0.02849	0.01529	0.02432	0.02085	0.01390	0.02085	0.01181	0.01390	0.00834	0.00625	0.00625	0.00208	0.00973	0.00486	0.00278	0.00973
9	0.81514	0.01273	0.00968	0.00866	0.01273	0.01477	0.00713	0.01935	0.01120	0.02954	0.00917	0.01069	0.00713	0.00611	0.00407	0.00204	0.00509	0.00356	0.00407	0.00713
10	0.81514	0.01273	0.00968	0.00866	0.01273	0.01477	0.00713	0.01935	0.01120	0.02954	0.00917	0.01069	0.00713	0.00611	0.00407	0.00204	0.00509	0.00356	0.00407	0.00713
11	0.02954	0.01120	0.01528	0.01171	0.01681	0.00968	0.00968	0.03208	0.01884	0.73213	0.02597	0.02241	0.01630	0.00815	0.00662	0.00204	0.00560	0.00662	0.00815	0.01120
12	0.02459	0.03138	0.01866	0.01696	0.02035	0.74221	0.01272	0.02629	0.01866	0.01611	0.01018	0.01187	0.00848	0.00678	0.00594	0.00170	0.01187	0.00424	0.00339	0.00763
13	0.00932	0.00673	0.00880	0.00828	0.00984	0.00621	0.00621	0.01242	0.01863	0.02640	0.72410	0.04918	0.06212	0.01346	0.00776	0.00207	0.00311	0.01191	0.00725	0.00621
14	0.00957	0.00638	0.00718	0.00718	0.00718	0.00638	0.00399	0.00957	0.00957	0.01276	0.02074	0.04308	0.02393	0.76864	0.03351	0.00638	0.00638	0.00957	0.00399	0.00399
15	0.01666	0.01428	0.01504	0.01345	0.01723	0.01651	0.01049	0.05686	0.69334	0.02799	0.02644	0.02428	0.01981	0.00890	0.00669	0.00222	0.00528	0.00739	0.00669	0.01045
16	0.00932	0.00673	0.00880	0.00828	0.00984	0.00621	0.00621	0.01242	0.01863	0.02640	0.72410	0.04918	0.06212	0.01346	0.00776	0.00207	0.00311	0.01191	0.00725	0.00621
17	0.02466	0.01826	0.01955	0.01507	0.02028	0.02025	0.01243	0.67759	0.05957	0.04091	0.01626	0.01617	0.01157	0.00795	0.00659	0.00199	0.00716	0.00599	0.00659	0.01116
18	0.00940	0.00705	0.01058	0.01058	0.01176	0.00823	0.00823	0.01176	0.01058	0.01528	0.01763	0.02586	0.01646	0.04937	0.74255	0.01058	0.01763	0.00705	0.00353	0.00588
