[name]
unknown

[dist]
# distance from previous block
# <min> <max>
0	85

[block]
# block no. 0 follows, 32 sequences, length 26
# corresponding to MSA columns:
# 110-135
name=unknown_A
#
# <colnr> <probs for GDERKNQSTAVLIFYWHMCP>
#	G	D	E	R	K	N	Q	S	T	A	V	L	I	F	Y	W	H	M	C	P
0	0.01666	0.56564	0.02900	0.01193	0.01663	0.05347	0.01140	0.01900	0.01428	0.01678	0.01524	0.02536	0.01533	0.00866	0.00549	0.00182	0.00717	0.15448	0.00364	0.00803
1	0.02165	0.04649	0.07801	0.07182	0.01995	0.01311	0.01203	0.14221	0.01907	0.30986	0.04036	0.06642	0.05068	0.01063	0.02760	0.00239	0.03083	0.02087	0.00631	0.00972
2	0.01802	0.07339	0.19160	0.02028	0.10108	0.13573	0.11343	0.07268	0.08022	0.05506	0.04415	0.03562	0.01383	0.00740	0.00663	0.00204	0.00885	0.00634	0.00424	0.00941
3	0.01188	0.00925	0.01144	0.01121	0.03212	0.00914	0.03256	0.12335	0.03934	0.02247	0.05830	0.32706	0.21751	0.03425	0.00849	0.00248	0.00478	0.01379	0.02366	0.00692
4	0.00963	0.00694	0.00887	0.00906	0.00940	0.00742	0.00604	0.01048	0.01070	0.01465	0.02335	0.19894	0.02641	0.40524	0.17788	0.00638	0.04817	0.01109	0.00439	0.00496
5	0.01463	0.01416	0.01623	0.10983	0.13610	0.13210	0.01211	0.04567	0.01450	0.01837	0.04023	0.13585	0.01945	0.13187	0.06460	0.00351	0.07086	0.00858	0.00413	0.00722
6	0.03495	0.09901	0.21233	0.02117	0.17424	0.09625	0.01692	0.07997	0.10791	0.05417	0.01518	0.03247	0.01193	0.00719	0.00629	0.00200	0.00822	0.00577	0.00420	0.00983
7	0.01748	0.01502	0.01738	0.01457	0.01844	0.08267	0.09857	0.09479	0.29102	0.06647	0.02598	0.07519	0.06999	0.00960	0.00691	0.00216	0.00655	0.00828	0.06973	0.00920
8	0.01191	0.00680	0.00710	0.00701	0.00823	0.00694	0.00485	0.01501	0.05325	0.02154	0.02198	0.03076	0.01958	0.23790	0.01377	0.00311	0.00428	0.00740	0.51275	0.00584
9	0.01833	0.27028	0.10636	0.05533	0.04168	0.06700	0.10679	0.07209	0.01639	0.09181	0.04469	0.01689	0.01273	0.00886	0.04107	0.00229	0.00870	0.00563	0.00407	0.00902
10	0.01630	0.23433	0.18734	0.05243	0.05455	0.09309	0.10000	0.05072	0.01554	0.01963	0.01574	0.05861	0.04010	0.00780	0.00625	0.00196	0.00860	0.02473	0.00360	0.00868
11	0.00834	0.00641	0.00733	0.00788	0.00911	0.00573	0.00543	0.00967	0.01378	0.01743	0.07808	0.31801	0.34564	0.12171	0.01179	0.00302	0.00400	0.01528	0.00598	0.00539
12	0.01471	0.01394	0.02191	0.45927	0.18905	0.04138	0.04629	0.05793	0.01545	0.02027	0.04621	0.01885	0.01210	0.00693	0.00678	0.00215	0.00858	0.00629	0.00352	0.00840
13	0.01695	0.10271	0.12063	0.06125	0.25798	0.06525	0.07630	0.03712	0.06317	0.05032	0.05250	0.01813	0.01364	0.00702	0.00693	0.00202	0.02849	0.00611	0.00394	0.00954
14	0.03762	0.00955	0.01076	0.01016	0.01255	0.04430	0.00768	0.04785	0.01577	0.18277	0.03358	0.26116	0.12600	0.05237	0.03231	0.00281	0.00550	0.04733	0.05259	0.00733
15	0.00947	0.00683	0.00849	0.00914	0.01019	0.00652	0.00678	0.01117	0.01380	0.01805	0.10965	0.17578	0.15052	0.22298	0.01562	0.00373	0.00511	0.20499	0.00574	0.00541
16	0.08378	0.13477	0.19144	0.01524	0.03762	0.08259	0.01455	0.08249	0.11060	0.11799	0.01627	0.01797	0.01238	0.00758	0.00647	0.00203	0.02583	0.02611	0.00473	0.00957
17	0.04903	0.11896	0.40852	0.02164	0.14562	0.08452	0.03937	0.02146	0.01468	0.02063	0.01159	0.01395	0.00889	0.00625	0.00609	0.00198	0.00929	0.00493	0.00305	0.00955
18	0.00954	0.00696	0.00759	0.00740	0.00958	0.00600	0.00556	0.01157	0.01591	0.05470	0.16719	0.08891	0.51033	0.01571	0.00772	0.00221	0.00348	0.01325	0.05031	0.00608
19	0.02233	0.01164	0.01673	0.01585	0.10253	0.01096	0.04019	0.07535	0.01789	0.38773	0.02566	0.09367	0.05240	0.01363	0.07852	0.00299	0.00727	0.00823	0.00661	0.00984
20	0.01552	0.04512	0.24049	0.05737	0.27671	0.05124	0.05665	0.02219	0.09260	0.02155	0.01632	0.01864	0.04189	0.00698	0.00661	0.00207	0.00847	0.00615	0.00367	0.00977
21	0.01122	0.00759	0.01129	0.01225	0.04612	0.00709	0.04439	0.01297	0.01384	0.08644	0.03349	0.58601	0.03802	0.01815	0.00829	0.00262	0.00475	0.04284	0.00614	0.00650
22	0.01661	0.01594	0.02724	0.04119	0.72233	0.01594	0.02059	0.02059	0.01528	0.02192	0.01262	0.01661	0.01063	0.00598	0.00664	0.00199	0.00797	0.00598	0.00332	0.01063
23	0.02251	0.01861	0.06120	0.05417	0.09195	0.11101	0.05030	0.24252	0.05179	0.16632	0.01788	0.03309	0.01339	0.00803	0.00678	0.00207	0.00798	0.02459	0.00565	0.01016
24	0.03763	0.05218	0.09515	0.02284	0.21812	0.05738	0.03685	0.26248	0.05353	0.05930	0.03034	0.01700	0.01228	0.00721	0.00653	0.00200	0.00787	0.00595	0.00495	0.01040
25	0.21513	0.09552	0.08382	0.01735	0.11878	0.14838	0.01318	0.12715	0.01730	0.04506	0.01191	0.01352	0.00929	0.00655	0.00558	0.00187	0.00782	0.00469	0.00416	0.05291

[dist]
# distance from previous block
# <min> <max>
0	10

[block]
# block no. 1 follows, 32 sequences, length 87
# corresponding to MSA columns:
# 146-232
name=unknown_B
#
# <colnr> <probs for GDERKNQSTAVLIFYWHMCP>
#	G	D	E	R	K	N	Q	S	T	A	V	L	I	F	Y	W	H	M	C	P
0	0.03499	0.14846	0.14075	0.01793	0.06870	0.06317	0.13201	0.02156	0.01562	0.12913	0.07310	0.05941	0.01666	0.00809	0.00723	0.00205	0.04081	0.00691	0.00445	0.00897
1	0.01694	0.17203	0.11280	0.06514	0.17244	0.01714	0.04382	0.09142	0.01625	0.06655	0.01610	0.07710	0.01439	0.00852	0.00723	0.00209	0.04332	0.04332	0.00419	0.00919
2	0.00965	0.00857	0.00841	0.00848	0.01042	0.05422	0.00622	0.01212	0.04322	0.01933	0.13913	0.19776	0.42550	0.01641	0.00789	0.00230	0.00412	0.01398	0.00622	0.00604
3	0.01879	0.09804	0.13046	0.11206	0.09651	0.11079	0.05277	0.03760	0.06937	0.12589	0.01537	0.01712	0.01146	0.00713	0.00687	0.00202	0.03559	0.00571	0.03718	0.00927
4	0.01527	0.07716	0.51936	0.01778	0.02618	0.01560	0.05808	0.05135	0.01565	0.06997	0.05987	0.01721	0.01290	0.00698	0.00647	0.00208	0.00897	0.00568	0.00371	0.00971
5	0.05823	0.01281	0.02063	0.02824	0.41718	0.01265	0.04507	0.01780	0.01469	0.04912	0.02203	0.19083	0.06175	0.01021	0.00709	0.00220	0.00666	0.00948	0.00442	0.00891
6	0.01346	0.01328	0.02398	0.36312	0.10910	0.01438	0.18983	0.01832	0.03919	0.01926	0.01824	0.06276	0.05586	0.00810	0.00724	0.00226	0.00864	0.02120	0.00370	0.00806
7	0.01360	0.01088	0.01348	0.01497	0.12875	0.01091	0.00970	0.08084	0.14015	0.05275	0.10551	0.08717	0.27914	0.01256	0.00740	0.00221	0.00496	0.01073	0.00610	0.00817
8	0.01667	0.15967	0.30201	0.01760	0.02470	0.01702	0.13420	0.02346	0.08806	0.09746	0.01523	0.01681	0.01129	0.00845	0.03655	0.00239	0.00905	0.00578	0.00398	0.00961
9	0.17180	0.01182	0.01316	0.01102	0.01514	0.01207	0.00886	0.05675	0.16039	0.29698	0.06324	0.02508	0.06418	0.00890	0.00630	0.00210	0.00517	0.00705	0.05045	0.00953
10	0.02128	0.01413	0.01561	0.01255	0.01665	0.01502	0.01007	0.39013	0.05197	0.12258	0.05359	0.04193	0.06272	0.05892	0.00852	0.00232	0.00612	0.00755	0.07864	0.00970
11	0.00906	0.00668	0.00844	0.00948	0.01034	0.00646	0.00662	0.01158	0.05848	0.01839	0.07472	0.53801	0.08663	0.06481	0.00998	0.00289	0.00423	0.06121	0.00620	0.00581
12	0.01513	0.01127	0.05965	0.01489	0.08749	0.00995	0.01110	0.03101	0.05782	0.15563	0.02973	0.25708	0.05293	0.01419	0.00831	0.00250	0.03141	0.13582	0.00603	0.00805
13	0.00914	0.00653	0.00750	0.00786	0.00853	0.00621	0.00508	0.00991	0.01188	0.01530	0.03523	0.17345	0.18440	0.42365	0.02236	0.00470	0.00534	0.05311	0.00505	0.00479
14	0.01070	0.00707	0.00904	0.00890	0.01063	0.00654	0.00684	0.01347	0.01725	0.06244	0.41453	0.12150	0.12115	0.01470	0.00787	0.00227	0.00378	0.09568	0.05923	0.00643
15	0.01610	0.01389	0.13078	0.01397	0.06348	0.01039	0.01165	0.02118	0.09864	0.19277	0.04505	0.17651	0.11195	0.02779	0.00789	0.00239	0.00583	0.03507	0.00603	0.00865
16	0.00839	0.00618	0.00791	0.00921	0.01002	0.00571	0.00648	0.00983	0.01351	0.01758	0.04205	0.57675	0.15738	0.02010	0.00853	0.00268	0.00403	0.08187	0.00622	0.00556
17	0.01644	0.01578	0.02694	0.07035	0.69444	0.01590	0.02051	0.02045	0.01520	0.02172	0.01259	0.01666	0.01056	0.00601	0.00665	0.00200	0.00801	0.00598	0.00331	0.01050
18	0.01636	0.01568	0.02557	0.03629	0.58370	0.01660	0.01917	0.02098	0.05961	0.02156	0.01307	0.01690	0.01103	0.00694	0.00868	0.00214	0.10598	0.00607	0.00350	0.01019
19	0.01078	0.00736	0.00936	0.00992	0.01108	0.00713	0.00698	0.07423	0.01545	0.04874	0.10450	0.58921	0.04218	0.01857	0.00825	0.00257	0.00421	0.01667	0.00647	0.00633
20	0.02506	0.03198	0.01901	0.01729	0.02074	0.73725	0.01296	0.02679	0.01901	0.01642	0.01037	0.01210	0.00864	0.00691	0.00605	0.00173	0.01210	0.00432	0.00346	0.00778
21	0.01267	0.01193	0.02013	0.74806	0.04621	0.01491	0.01863	0.01714	0.01342	0.01714	0.01193	0.01789	0.00894	0.00671	0.00671	0.00224	0.00894	0.00596	0.00298	0.00745
22	0.00982	0.00938	0.07221	0.01077	0.01259	0.00752	0.00895	0.01290	0.04470	0.01908	0.07662	0.36113	0.08234	0.06673	0.01007	0.00292	0.00513	0.17504	0.00587	0.00622
23	0.01365	0.21085	0.38763	0.01472	0.02164	0.01615	0.01715	0.01895	0.01517	0.02122	0.17706	0.02175	0.02138	0.00794	0.00622	0.00195	0.00765	0.00630	0.00391	0.00875
24	0.01661	0.01594	0.02724	0.04119	0.72233	0.01594	0.02059	0.02059	0.01528	0.02192	0.01262	0.01661	0.01063	0.00598	0.00664	0.00199	0.00797	0.00598	0.00332	0.01063
25	0.01016	0.00792	0.01018	0.07708	0.01345	0.00839	0.00751	0.01304	0.05595	0.01866	0.17052	0.11893	0.12215	0.21351	0.08999	0.00429	0.03617	0.01093	0.00524	0.00593
26	0.01474	0.01446	0.02074	0.57908	0.11113	0.08179	0.01807	0.04658	0.01487	0.01860	0.01203	0.01715	0.00919	0.00671	0.00664	0.00216	0.00907	0.00582	0.00321	0.00797
27	0.01244	0.01048	0.01192	0.01125	0.01361	0.01159	0.00860	0.02166	0.31332	0.02286	0.10557	0.14049	0.16249	0.01566	0.05571	0.00292	0.05439	0.01084	0.00622	0.00796
28	0.01391	0.01297	0.02123	0.19928	0.40477	0.01347	0.01680	0.01764	0.01522	0.02084	0.09078	0.02615	0.10202	0.00828	0.00694	0.00210	0.00715	0.00760	0.00401	0.00884
29	0.01947	0.04776	0.05793	0.01412	0.03203	0.10939	0.03908	0.21244	0.03353	0.10218	0.01848	0.06815	0.01648	0.18394	0.01304	0.00307	0.00767	0.00750	0.00523	0.00853
30	0.36479	0.01378	0.01404	0.03740	0.01694	0.01483	0.00953	0.18959	0.01832	0.18501	0.01534	0.01560	0.01080	0.00716	0.00549	0.00201	0.00590	0.00509	0.03076	0.03761
31	0.01290	0.01216	0.02053	0.70749	0.08502	0.01497	0.01875	0.01734	0.01352	0.01742	0.01197	0.01782	0.00904	0.00667	0.00670	0.00222	0.00889	0.00596	0.00300	0.00764
32	0.01600	0.35984	0.36348	0.01502	0.02257	0.01989	0.01755	0.02089	0.01432	0.04814	0.03778	0.01435	0.01093	0.00645	0.00552	0.00181	0.00827	0.00469	0.00325	0.00926
33	0.01841	0.04762	0.12698	0.01657	0.08982	0.01432	0.03751	0.13480	0.11611	0.14420	0.04700	0.05434	0.05398	0.05775	0.00858	0.00240	0.00683	0.00759	0.00559	0.00959
34	0.00843	0.00603	0.00806	0.00948	0.01003	0.00566	0.00654	0.00986	0.01342	0.01796	0.08103	0.66891	0.04523	0.02039	0.00857	0.00271	0.00400	0.06187	0.00630	0.00555
35	0.01851	0.01666	0.02091	0.01690	0.02004	0.11559	0.12533	0.10623	0.04354	0.09351	0.06256	0.02170	0.04146	0.04053	0.01247	0.00250	0.22131	0.00705	0.00471	0.00847
36	0.07054	0.01294	0.01844	0.06709	0.26125	0.01313	0.01350	0.08604	0.04471	0.16337	0.05930	0.09746	0.04473	0.00919	0.00683	0.00213	0.00639	0.00803	0.00543	0.00949
37	0.01662	0.02547	0.43633	0.01773	0.02548	0.01385	0.09095	0.03509	0.01595	0.15151	0.06165	0.02107	0.01501	0.00766	0.00683	0.00217	0.00865	0.03382	0.00440	0.00974
38	0.01621	0.01553	0.02651	0.11331	0.65335	0.01584	0.02039	0.02024	0.01509	0.02143	0.01255	0.01674	0.01046	0.00605	0.00665	0.00202	0.00807	0.00598	0.00329	0.01030
39	0.01577	0.01505	0.05023	0.01855	0.02319	0.01437	0.28092	0.14935	0.07693	0.02563	0.04932	0.15190	0.02041	0.00986	0.00750	0.00226	0.00780	0.02289	0.04937	0.00871
40	0.03294	0.01635	0.02487	0.12290	0.27063	0.05980	0.13836	0.10568	0.04569	0.02338	0.01491	0.06234	0.01265	0.00757	0.00741	0.00215	0.03190	0.00705	0.00405	0.00936
41	0.01108	0.00712	0.00923	0.00853	0.01036	0.00656	0.00646	0.01420	0.01868	0.07375	0.62655	0.04664	0.05715	0.01297	0.00762	0.00207	0.00333	0.01139	0.05962	0.00667
42	0.01794	0.76823	0.03516	0.01148	0.01722	0.02655	0.01148	0.02009	0.01363	0.01579	0.00933	0.01076	0.00861	0.00574	0.00431	0.00144	0.00718	0.00359	0.00287	0.00861
43	0.02257	0.01650	0.01760	0.01419	0.01862	0.04707	0.01153	0.49574	0.02712	0.07892	0.06468	0.08388	0.01905	0.00998	0.00704	0.00212	0.00685	0.03970	0.00665	0.01018
44	0.01839	0.04514	0.01754	0.11122	0.07418	0.18112	0.01229	0.11164	0.10493	0.06537	0.02244	0.07027	0.08587	0.01101	0.03693	0.00242	0.00816	0.00749	0.00498	0.00860
45	0.01497	0.01538	0.02190	0.32954	0.07746	0.08247	0.06083	0.01817	0.01309	0.01732	0.01083	0.01616	0.00906	0.00840	0.01216	0.00242	0.27312	0.00591	0.00306	0.00775
46	0.00826	0.00594	0.00770	0.00906	0.00954	0.00553	0.00602	0.00939	0.01280	0.01692	0.03785	0.67100	0.08433	0.06889	0.01018	0.00294	0.00403	0.01817	0.00609	0.00537
47	0.01572	0.01637	0.03097	0.02457	0.07454	0.01715	0.40523	0.06396	0.01537	0.02138	0.01425	0.06933	0.01239	0.00829	0.01097	0.00241	0.17674	0.00799	0.00370	0.00867
48	0.00840	0.00605	0.00825	0.00957	0.01008	0.00591	0.00657	0.00976	0.01252	0.01689	0.03401	0.64525	0.04007	0.02560	0.12243	0.00398	0.00609	0.01722	0.00582	0.00553
49	0.01590	0.06373	0.03828	0.02667	0.03302	0.01775	0.61856	0.02111	0.01540	0.02085	0.01305	0.01746	0.01001	0.00600	0.00847	0.00225	0.05167	0.00754	0.00334	0.00893
50	0.02509	0.03135	0.01907	0.01720	0.02075	0.70288	0.01295	0.05909	0.01962	0.01766	0.01065	0.01229	0.00878	0.00697	0.00608	0.00174	0.01187	0.00440	0.00361	0.00795
51	0.00843	0.00602	0.00808	0.00964	0.01014	0.00567	0.00668	0.00979	0.01310	0.01742	0.03684	0.69251	0.04381	0.02078	0.00863	0.00276	0.00412	0.08381	0.00622	0.00552
52	0.00842	0.00609	0.00799	0.00931	0.00998	0.00567	0.00646	0.00988	0.01358	0.01803	0.08377	0.62224	0.09055	0.02011	0.00852	0.00268	0.00396	0.06090	0.00630	0.00557
53	0.01021	0.00757	0.01076	0.01067	0.01205	0.00876	0.00828	0.01366	0.05372	0.01695	0.01880	0.02619	0.01703	0.04505	0.64551	0.00967	0.01624	0.00715	0.05545	0.00629
54	0.01367	0.06990	0.69612	0.01876	0.02847	0.01611	0.02415	0.02119	0.01414	0.02099	0.01191	0.01400	0.00851	0.00634	0.00628	0.00209	0.00978	0.00489	0.00284	0.00985
55	0.01504	0.00870	0.01111	0.01015	0.02695	0.00800	0.00762	0.05456	0.01871	0.18992	0.36314	0.08991	0.14321	0.01294	0.00759	0.00216	0.00418	0.01116	0.00724	0.00774
56	0.01756	0.15076	0.03596	0.01516	0.01904	0.11550	0.09764	0.10889	0.01731	0.06001	0.02084	0.11359	0.04718	0.01062	0.00793	0.00220	0.05664	0.09019	0.00478	0.00822
57	0.01437	0.01422	0.01995	0.01720	0.01727	0.01981	0.01430	0.01589	0.01031	0.01611	0.00937	0.01539	0.00930	0.01410	0.06579	0.00342	0.70701	0.00595	0.00298	0.00726
58	0.00818	0.00584	0.00779	0.00934	0.00973	0.00545	0.00623	0.00934	0.01285	0.01713	0.03698	0.75981	0.04438	0.02102	0.00856	0.00273	0.00389	0.01908	0.00623	0.00545
59	0.01691	0.01563	0.02370	0.09172	0.45155	0.06546	0.04560	0.02125	0.04179	0.06028	0.06097	0.02142	0.01549	0.00729	0.00685	0.00207	0.00788	0.03037	0.00408	0.00970
60	0.01758	0.01517	0.02452	0.16675	0.48835	0.01579	0.01882	0.08223	0.01667	0.06921	0.01372	0.01721	0.01078	0.00645	0.00667	0.00204	0.00795	0.00603	0.00389	0.01017
61	0.01346	0.03471	0.72942	0.01912	0.02904	0.01558	0.02479	0.02125	0.01417	0.02125	0.01204	0.01417	0.00850	0.00637	0.00637	0.00212	0.00992	0.00496	0.00283	0.00992
62	0.00942	0.00733	0.00856	0.00821	0.01008	0.00685	0.00611	0.01289	0.06227	0.02263	0.37412	0.05253	0.29469	0.05706	0.03529	0.00273	0.00410	0.01226	0.00661	0.00623
63	0.01528	0.10954	0.01919	0.07239	0.08838	0.11031	0.05358	0.02150	0.16024	0.02114	0.09618	0.04363	0.11397	0.00983	0.00684	0.00209	0.00689	0.03579	0.00497	0.00827
64	0.01570	0.01513	0.02628	0.14191	0.55266	0.01554	0.06124	0.01979	0.01486	0.02094	0.01280	0.01729	0.01061	0.00790	0.03692	0.00241	0.00873	0.00614	0.00329	0.00988
65	0.01251	0.00625	0.00625	0.00625	0.00782	0.00625	0.00469	0.01563	0.01407	0.02502	0.02189	0.02502	0.01720	0.00782	0.00469	0.00156	0.00313	0.00625	0.80144	0.00625
66	0.01025	0.00861	0.01390	0.01390	0.05251	0.00864	0.09870	0.01221	0.01270	0.01731	0.02744	0.42696	0.03111	0.09773	0.10091	0.00401	0.03798	0.01393	0.00501	0.00621
67	0.01715	0.01722	0.06853	0.02704	0.23225	0.04483	0.25236	0.06654	0.01682	0.06885	0.01692	0.05287	0.01448	0.00791	0.00736	0.00221	0.00890	0.06406	0.00424	0.00944
68	0.00976	0.00651	0.00732	0.00732	0.00732	0.00651	0.00407	0.00976	0.00976	0.01301	0.02114	0.04391	0.02439	0.76419	0.03415	0.00651	0.00651	0.00976	0.00407	0.00407
69	0.01637	0.01570	0.02680	0.08436	0.68104	0.01588	0.02047	0.02038	0.01516	0.02163	0.01258	0.01669	0.01053	0.00602	0.00665	0.00201	0.00803	0.00598	0.00330	0.01043
70	0.02551	0.01879	0.02014	0.01544	0.02081	0.02081	0.01275	0.69996	0.03155	0.04229	0.01611	0.01611	0.01141	0.00805	0.00671	0.00201	0.00738	0.00604	0.00671	0.01141
71	0.01514	0.01634	0.07416	0.17601	0.40015	0.01545	0.13089	0.01964	0.01483	0.02066	0.01361	0.04761	0.01147	0.00672	0.00693	0.00212	0.00867	0.00677	0.00335	0.00948
72	0.01743	0.67307	0.03249	0.01129	0.01706	0.02433	0.01104	0.01969	0.01367	0.01655	0.00966	0.01116	0.00878	0.00564	0.00439	0.00138	0.00690	0.00364	0.00301	0.10884
73	0.01364	0.02861	0.54460	0.01726	0.02524	0.01465	0.02069	0.05352	0.07330	0.02231	0.01666	0.10899	0.01416	0.00853	0.00670	0.00221	0.00865	0.00701	0.00378	0.00949
74	0.11679	0.19632	0.17021	0.01457	0.03543	0.05751	0.01387	0.08377	0.04386	0.03552	0.01398	0.06552	0.01221	0.00993	0.03939	0.00242	0.07023	0.00585	0.00396	0.00868
75	0.00807	0.00671	0.00708	0.00734	0.00933	0.00571	0.00546	0.00975	0.01498	0.01807	0.06267	0.15674	0.60511	0.01758	0.00806	0.00236	0.00357	0.03953	0.00623	0.00566
76	0.01493	0.24006	0.47824	0.01800	0.04221	0.01876	0.05914	0.02092	0.01414	0.01974	0.01138	0.01349	0.00868	0.00615	0.00589	0.00194	0.00918	0.00476	0.00289	0.00952
77	0.00816	0.00590	0.00773	0.00919	0.00969	0.00546	0.00616	0.00936	0.01300	0.01719	0.03888	0.71728	0.08568	0.02078	0.00853	0.00270	0.00386	0.01877	0.00623	0.00546
78	0.00921	0.00674	0.00877	0.00858	0.01004	0.00629	0.00635	0.01196	0.01741	0.02428	0.53841	0.14338	0.10590	0.01716	0.05264	0.00273	0.00418	0.01290	0.00692	0.00615
79	0.01717	0.01531	0.05956	0.02583	0.01868	0.01302	0.01060	0.20662	0.04357	0.02760	0.01364	0.01501	0.01061	0.00609	0.00564	0.00141	0.00602	0.00477	0.00475	0.49410
80	0.01122	0.08402	0.18838	0.01125	0.01540	0.01047	0.01113	0.01484	0.01536	0.02126	0.24585	0.10368	0.11833	0.06105	0.00881	0.00235	0.00562	0.00983	0.00517	0.05598
81	0.01525	0.09976	0.47330	0.01934	0.09880	0.01566	0.02046	0.02130	0.01450	0.06239	0.01268	0.01458	0.00936	0.00624	0.00608	0.00193	0.00869	0.00494	0.00333	0.09142
82	0.06253	0.10558	0.54615	0.05725	0.02701	0.01625	0.02127	0.02046	0.01410	0.02124	0.04078	0.01531	0.01072	0.00662	0.00611	0.00206	0.00902	0.00509	0.00311	0.00934
83	0.01050	0.03854	0.00941	0.00834	0.00896	0.00820	0.00534	0.01206	0.05290	0.01438	0.02061	0.03907	0.02250	0.59247	0.12408	0.00660	0.00797	0.00903	0.00412	0.00491
84	0.01222	0.00874	0.01214	0.01277	0.05605	0.00930	0.00926	0.07105	0.01441	0.05349	0.05276	0.12890	0.04601	0.04704	0.35906	0.00654	0.01153	0.07691	0.00492	0.00690
85	0.01793	0.03345	0.15860	0.11445	0.22254	0.04664	0.03868	0.08124	0.01718	0.11991	0.05867	0.01973	0.02636	0.00734	0.00669	0.00206	0.00800	0.00635	0.00447	0.00971
86	0.01731	0.13780	0.21455	0.02026	0.15775	0.09041	0.03019	0.05029	0.06122	0.06473	0.05438	0.01906	0.03868	0.00739	0.00631	0.00196	0.00810	0.00598	0.00413	0.00947

[dist]
# distance from previous block
# <min> <max>
3	16

[block]
# block no. 2 follows, 32 sequences, length 47
# corresponding to MSA columns:
# 249-295
name=unknown_C
#
# <colnr> <probs for GDERKNQSTAVLIFYWHMCP>
#	G	D	E	R	K	N	Q	S	T	A	V	L	I	F	Y	W	H	M	C	P
0	0.01607	0.05653	0.12091	0.06088	0.33205	0.04781	0.08739	0.05668	0.01606	0.02211	0.04300	0.04997	0.01372	0.00712	0.00667	0.00201	0.00823	0.00660	0.00374	0.04247
1	0.01767	0.12181	0.14806	0.01473	0.03410	0.09573	0.01338	0.12720	0.07975	0.06785	0.04848	0.12114	0.01911	0.00990	0.00696	0.00212	0.02147	0.03658	0.00503	0.00894
2	0.01923	0.41011	0.02722	0.01345	0.01834	0.09713	0.04252	0.11432	0.04584	0.05133	0.01487	0.05455	0.01334	0.00789	0.00568	0.00180	0.00755	0.04176	0.00423	0.00884
3	0.04905	0.12923	0.25016	0.01686	0.08724	0.01632	0.01576	0.09930	0.05373	0.02384	0.01287	0.01453	0.00998	0.00626	0.00575	0.00175	0.00747	0.00485	0.00386	0.19118
4	0.01468	0.01468	0.02055	0.01762	0.01762	0.02055	0.01468	0.01615	0.01028	0.01615	0.00881	0.01468	0.00881	0.01174	0.02202	0.00294	0.75191	0.00587	0.00294	0.00734
5	0.01928	0.01810	0.08465	0.02524	0.13238	0.01609	0.34668	0.11226	0.01822	0.13530	0.01568	0.01806	0.01129	0.00649	0.00727	0.00215	0.00931	0.00697	0.00455	0.01004
6	0.01095	0.01025	0.05224	0.06982	0.09977	0.00921	0.04494	0.04335	0.01423	0.01926	0.02877	0.50559	0.03261	0.01603	0.00796	0.00251	0.00561	0.01464	0.00534	0.00690
7	0.01418	0.01428	0.02519	0.35876	0.09536	0.01675	0.17001	0.01819	0.01340	0.01830	0.01164	0.01709	0.00934	0.00756	0.01048	0.00238	0.17954	0.00638	0.00309	0.00806
8	0.00922	0.00722	0.01015	0.01311	0.09994	0.00680	0.00793	0.01080	0.01341	0.01784	0.03716	0.59253	0.11112	0.01869	0.00825	0.00258	0.00436	0.01690	0.00586	0.00613
9	0.02723	0.01238	0.01634	0.01282	0.01737	0.01205	0.01057	0.10728	0.01943	0.55051	0.02326	0.02147	0.01530	0.01047	0.04079	0.00254	0.07537	0.00660	0.00741	0.01080
10	0.01258	0.01171	0.01965	0.71078	0.04458	0.01454	0.01824	0.01698	0.01352	0.01729	0.01312	0.02082	0.01045	0.00731	0.00684	0.00228	0.00880	0.03997	0.00314	0.00739
11	0.00818	0.00584	0.00779	0.00934	0.00973	0.00545	0.00623	0.00934	0.01285	0.01713	0.03698	0.75981	0.04438	0.02102	0.00856	0.00273	0.00389	0.01908	0.00623	0.00545
12	0.04887	0.06913	0.60989	0.04897	0.02866	0.01613	0.04591	0.02096	0.01404	0.02120	0.01183	0.01414	0.00853	0.00633	0.00624	0.00210	0.00958	0.00497	0.00292	0.00960
13	0.01171	0.00653	0.00937	0.07886	0.01207	0.00681	0.00674	0.01058	0.01001	0.01413	0.01390	0.02280	0.01325	0.08309	0.02209	0.54969	0.00581	0.00624	0.11243	0.00390
14	0.01346	0.03471	0.72942	0.01912	0.02904	0.01558	0.02479	0.02125	0.01417	0.02125	0.01204	0.01417	0.00850	0.00637	0.00637	0.00212	0.00992	0.00496	0.00283	0.00992
15	0.00818	0.00584	0.00779	0.00934	0.00973	0.00545	0.00623	0.00934	0.01285	0.01713	0.03698	0.75981	0.04438	0.02102	0.00856	0.00273	0.00389	0.01908	0.00623	0.00545
16	0.01526	0.01613	0.04030	0.20816	0.03017	0.08385	0.22308	0.02248	0.14908	0.02111	0.04138	0.04471	0.01620	0.00824	0.00728	0.00226	0.00878	0.04872	0.00433	0.00847
17	0.01406	0.01525	0.03220	0.02388	0.02918	0.01429	0.53714	0.01867	0.01514	0.02048	0.01902	0.19054	0.01813	0.00923	0.00807	0.00237	0.00959	0.01051	0.00405	0.00821
18	0.01267	0.01193	0.02013	0.74806	0.04621	0.01491	0.01863	0.01714	0.01342	0.01714	0.01193	0.01789	0.00894	0.00671	0.00671	0.00224	0.00894	0.00596	0.00298	0.00745
19	0.01573	0.01503	0.02544	0.13019	0.60491	0.01537	0.01967	0.01968	0.01504	0.02115	0.01493	0.01885	0.04110	0.00655	0.00671	0.00204	0.00790	0.00633	0.00340	0.01001
20	0.01688	0.08132	0.30249	0.02085	0.02816	0.04924	0.25476	0.02243	0.01527	0.09174	0.01361	0.01608	0.00993	0.00653	0.00745	0.00213	0.04198	0.00607	0.00362	0.00946
21	0.00868	0.00658	0.00965	0.01043	0.01121	0.00629	0.04147	0.01018	0.01282	0.01722	0.03417	0.65937	0.04028	0.02275	0.07101	0.00339	0.00548	0.01749	0.00586	0.00568
22	0.02652	0.17303	0.02072	0.01261	0.01796	0.01581	0.01084	0.17737	0.02075	0.42545	0.02056	0.01880	0.01377	0.00771	0.00622	0.00193	0.00639	0.00592	0.00680	0.01082
23	0.05519	0.07166	0.06739	0.01725	0.05642	0.11573	0.13659	0.04832	0.01751	0.24778	0.05885	0.04508	0.01604	0.00786	0.00668	0.00204	0.00794	0.00682	0.00538	0.00946
24	0.01392	0.05258	0.02194	0.01774	0.04887	0.01207	0.23407	0.01695	0.01450	0.08052	0.02437	0.31335	0.02534	0.01285	0.00863	0.00244	0.04643	0.04077	0.00501	0.00766
25	0.01144	0.00636	0.00723	0.00744	0.00878	0.00651	0.00553	0.01418	0.01335	0.02236	0.02321	0.12207	0.02071	0.01685	0.13098	0.00330	0.00578	0.00810	0.55973	0.00610
26	0.01908	0.13731	0.02679	0.02702	0.32095	0.10240	0.07477	0.12477	0.06056	0.02372	0.01335	0.01573	0.01076	0.00653	0.00634	0.00192	0.00836	0.00568	0.00400	0.00996
27	0.06678	0.08905	0.31879	0.01891	0.09391	0.06793	0.03751	0.08252	0.05173	0.09025	0.01413	0.01543	0.01034	0.00676	0.00620	0.00202	0.00854	0.00530	0.00409	0.00985
28	0.00852	0.00619	0.00809	0.00952	0.01005	0.00591	0.00641	0.01042	0.04143	0.01758	0.03659	0.72969	0.04340	0.02053	0.00849	0.00271	0.00395	0.01860	0.00625	0.00566
29	0.01296	0.01783	0.21327	0.01612	0.02081	0.01296	0.12015	0.04299	0.10007	0.02176	0.06713	0.21500	0.03964	0.01154	0.00837	0.00237	0.05373	0.01021	0.00481	0.00826
30	0.06829	0.07383	0.25752	0.01782	0.08226	0.08543	0.01654	0.13298	0.06772	0.11211	0.01511	0.01591	0.01095	0.00704	0.00622	0.00201	0.00823	0.00539	0.00460	0.01000
31	0.02072	0.06174	0.17832	0.01913	0.11979	0.04420	0.01591	0.28179	0.05031	0.09557	0.01619	0.03823	0.01224	0.00767	0.00654	0.00203	0.00785	0.00611	0.00519	0.01048
32	0.01633	0.01579	0.02736	0.08393	0.64974	0.01593	0.05117	0.02042	0.01519	0.02161	0.01262	0.01675	0.01050	0.00601	0.00670	0.00202	0.00818	0.00607	0.00330	0.01036
33	0.01722	0.06749	0.19385	0.02453	0.19769	0.04067	0.15934	0.02288	0.05321	0.09623	0.01583	0.01993	0.01242	0.00708	0.00683	0.00212	0.00874	0.04011	0.00406	0.00976
34	0.04504	0.04766	0.08819	0.06935	0.20222	0.01496	0.04325	0.10482	0.06450	0.15218	0.04132	0.02150	0.01504	0.00776	0.00665	0.00209	0.00723	0.03422	0.02212	0.00990
35	0.00891	0.00654	0.00836	0.00853	0.00983	0.00599	0.00616	0.01130	0.01669	0.02291	0.43596	0.26980	0.13146	0.01633	0.00812	0.00232	0.00342	0.01450	0.00690	0.00599
36	0.14881	0.01301	0.06645	0.01239	0.01669	0.01138	0.05184	0.06088	0.03056	0.30183	0.02224	0.12265	0.01845	0.08158	0.00924	0.00260	0.00619	0.00814	0.00613	0.00896
37	0.11079	0.03515	0.12679	0.05029	0.11311	0.01534	0.13940	0.06937	0.02885	0.16661	0.01580	0.03114	0.01172	0.00730	0.00739	0.00216	0.04823	0.00629	0.00468	0.00961
38	0.01865	0.23016	0.21795	0.01695	0.05159	0.07447	0.06935	0.10421	0.01734	0.08363	0.04509	0.01609	0.01231	0.00687	0.00605	0.00189	0.00838	0.00542	0.00411	0.00950
39	0.01219	0.01296	0.05404	0.00996	0.01303	0.10784	0.00821	0.07193	0.01702	0.02015	0.05013	0.08188	0.47324	0.01441	0.00753	0.00220	0.00541	0.02547	0.00568	0.00671
40	0.01374	0.02841	0.19873	0.01382	0.04193	0.01044	0.04811	0.03009	0.01607	0.11330	0.14216	0.13312	0.15877	0.01181	0.00733	0.00221	0.00613	0.01022	0.00551	0.00810
41	0.04292	0.05419	0.14703	0.08764	0.08329	0.08590	0.01522	0.18515	0.08926	0.08741	0.01651	0.04741	0.01280	0.00784	0.00649	0.00206	0.00792	0.00624	0.00493	0.00977
42	0.01650	0.01352	0.02299	0.05892	0.33590	0.01354	0.10273	0.02005	0.01546	0.11175	0.04914	0.09400	0.01845	0.00911	0.00800	0.00224	0.04485	0.04899	0.00457	0.00927
43	0.01642	0.01452	0.02341	0.15629	0.17791	0.01532	0.15108	0.06481	0.15705	0.05899	0.04224	0.02349	0.01591	0.00787	0.00714	0.00222	0.00786	0.04329	0.00474	0.00943
44	0.01764	0.02381	0.23662	0.02078	0.08502	0.10900	0.13850	0.14002	0.06799	0.02462	0.01548	0.06164	0.01256	0.00767	0.00686	0.00212	0.00914	0.00673	0.00422	0.00958
45	0.01594	0.04403	0.06583	0.39793	0.15721	0.14623	0.04111	0.01999	0.01489	0.01820	0.01174	0.01615	0.00919	0.00653	0.00652	0.00207	0.00942	0.00559	0.00313	0.00831
46	0.00843	0.00614	0.00822	0.00947	0.01012	0.00593	0.00659	0.00985	0.01279	0.01706	0.03624	0.59700	0.08183	0.02472	0.10843	0.00381	0.00586	0.03609	0.00587	0.00556

[dist]
# distance from previous block
# <min> <max>
0	4

[block]
# block no. 3 follows, 32 sequences, length 9
# corresponding to MSA columns:
# 300-308
name=unknown_D
#
# <colnr> <probs for GDERKNQSTAVLIFYWHMCP>
#	G	D	E	R	K	N	Q	S	T	A	V	L	I	F	Y	W	H	M	C	P
0	0.04481	0.37208	0.12032	0.01362	0.01895	0.16393	0.01302	0.05506	0.04048	0.01945	0.04631	0.03914	0.01297	0.00721	0.00545	0.00174	0.00810	0.00511	0.00369	0.00857
1	0.10491	0.02259	0.10980	0.01647	0.05508	0.21593	0.01371	0.20345	0.05496	0.11747	0.01501	0.01554	0.01092	0.00731	0.00623	0.00198	0.00850	0.00534	0.00509	0.00971
2	0.00892	0.00893	0.07743	0.00946	0.01105	0.00666	0.00743	0.01062	0.01288	0.01698	0.03747	0.43185	0.16198	0.15111	0.01279	0.00325	0.00485	0.01514	0.00552	0.00568
3	0.14194	0.01400	0.08363	0.04170	0.01834	0.01205	0.01112	0.04923	0.06707	0.39294	0.02107	0.02098	0.01456	0.04127	0.03814	0.00265	0.00674	0.00626	0.00640	0.00990
4	0.01391	0.01193	0.01391	0.00994	0.01590	0.00894	0.00795	0.01690	0.01391	0.02186	0.01193	0.01391	0.00994	0.00497	0.00497	0.00099	0.00497	0.00398	0.00398	0.80521
5	0.01595	0.01313	0.02194	0.10863	0.06006	0.01373	0.19802	0.07689	0.03645	0.08766	0.01949	0.14775	0.01747	0.00975	0.00855	0.00229	0.07335	0.00892	0.07160	0.00839
6	0.08610	0.00666	0.00806	0.00928	0.01018	0.00648	0.00645	0.01054	0.01294	0.01855	0.03587	0.62381	0.07582	0.01928	0.00813	0.00265	0.00408	0.04343	0.00603	0.00567
7	0.01536	0.01439	0.02059	0.31453	0.23244	0.05081	0.01663	0.05460	0.11833	0.02135	0.01617	0.06657	0.01356	0.00786	0.00680	0.00217	0.00787	0.00699	0.00407	0.00892
8	0.03892	0.17885	0.08195	0.01594	0.05604	0.09249	0.02900	0.17772	0.16023	0.07985	0.01641	0.01668	0.01236	0.00733	0.00610	0.00194	0.00755	0.00561	0.00507	0.00997

[dist]
# distance from previous block
# <min> <max>
0	17

[block]
# block no. 4 follows, 32 sequences, length 18
# corresponding to MSA columns:
# 326-343
name=unknown_E
#
# <colnr> <probs for GDERKNQSTAVLIFYWHMCP>
#	G	D	E	R	K	N	Q	S	T	A	V	L	I	F	Y	W	H	M	C	P
0	0.01029	0.00912	0.00907	0.00906	0.01075	0.07905	0.00661	0.01242	0.01649	0.02104	0.30040	0.21487	0.24470	0.01568	0.00788	0.00226	0.00430	0.01355	0.00639	0.00608
1	0.00935	0.00735	0.01077	0.08431	0.01506	0.00726	0.03750	0.01138	0.01365	0.01787	0.03592	0.48622	0.09653	0.01820	0.00841	0.00267	0.00503	0.12081	0.00578	0.00594
2	0.01794	0.22619	0.21747	0.02062	0.17540	0.08015	0.01694	0.05058	0.01584	0.07314	0.01444	0.01605	0.03390	0.00674	0.00594	0.00187	0.00829	0.00525	0.00369	0.00957
3	0.02435	0.01258	0.01547	0.01223	0.01670	0.01230	0.00995	0.20863	0.04205	0.38211	0.16267	0.02656	0.02469	0.00935	0.00697	0.00207	0.00564	0.00766	0.00765	0.01037
4	0.02036	0.01540	0.01662	0.01402	0.01838	0.01728	0.01116	0.22470	0.45740	0.09222	0.02405	0.02230	0.01756	0.00874	0.00679	0.00218	0.00594	0.00707	0.00692	0.01091
5	0.01477	0.01401	0.02392	0.21164	0.46335	0.01467	0.03960	0.01865	0.01459	0.02025	0.01492	0.09132	0.01358	0.00765	0.00689	0.00213	0.00791	0.00734	0.00353	0.00928
6	0.01391	0.01193	0.01391	0.00994	0.01590	0.00894	0.00795	0.01690	0.01391	0.02186	0.01193	0.01391	0.00994	0.00497	0.00497	0.00099	0.00497	0.00398	0.00398	0.80521
7	0.00843	0.00613	0.00797	0.00916	0.00991	0.00568	0.00637	0.00996	0.01386	0.01841	0.11231	0.58367	0.10998	0.01974	0.00847	0.00263	0.00389	0.05147	0.00635	0.00560
8	0.01563	0.01876	0.08710	0.02785	0.10166	0.01712	0.51337	0.02086	0.01511	0.02099	0.01290	0.01732	0.00997	0.00634	0.00907	0.00229	0.08397	0.00731	0.00330	0.00910
9	0.01570	0.16140	0.48876	0.01811	0.02664	0.01724	0.08502	0.02191	0.01460	0.07209	0.01276	0.01457	0.00927	0.00634	0.00618	0.00201	0.00925	0.00513	0.00329	0.00971
10	0.01861	0.01187	0.01595	0.01617	0.12161	0.01256	0.01116	0.11726	0.01739	0.18716	0.05385	0.02396	0.04960	0.01385	0.09412	0.00312	0.09585	0.00701	0.11996	0.00892
11	0.00824	0.00587	0.00777	0.00926	0.00963	0.00549	0.00614	0.00936	0.01272	0.01696	0.03632	0.72966	0.04354	0.05233	0.00964	0.00288	0.00400	0.01868	0.00614	0.00539
12	0.40972	0.11453	0.04358	0.01360	0.01860	0.08469	0.11509	0.02201	0.01394	0.09217	0.01182	0.01336	0.00896	0.00635	0.00525	0.00199	0.00725	0.00469	0.00416	0.00825
13	0.01055	0.00770	0.00966	0.01024	0.01164	0.00755	0.00770	0.07970	0.01607	0.02132	0.10699	0.41730	0.09994	0.01814	0.00840	0.00262	0.00458	0.14724	0.00639	0.00630
14	0.01608	0.01357	0.01655	0.06571	0.07076	0.01303	0.01090	0.12482	0.10740	0.02521	0.01504	0.03148	0.01219	0.00673	0.00636	0.00158	0.03045	0.00542	0.00466	0.42206
15	0.01048	0.00801	0.00927	0.00984	0.01107	0.02587	0.00707	0.06972	0.01492	0.01932	0.03710	0.44386	0.13059	0.08905	0.01075	0.00297	0.00482	0.08331	0.00599	0.00600
16	0.09656	0.38900	0.16939	0.01672	0.08127	0.02131	0.06492	0.05514	0.01474	0.02060	0.01081	0.01277	0.00889	0.00605	0.00529	0.00177	0.00790	0.00451	0.00326	0.00908
17	0.01556	0.01891	0.18474	0.07930	0.31956	0.01486	0.03585	0.08744	0.01684	0.02410	0.08298	0.01986	0.01562	0.00718	0.00665	0.00204	0.00779	0.00642	0.04468	0.00963

[dist]
# distance from previous block
# <min> <max>
0	3

[block]
# block no. 5 follows, 32 sequences, length 27
# corresponding to MSA columns:
# 348-374
name=unknown_F
#
# <colnr> <probs for GDERKNQSTAVLIFYWHMCP>
#	G	D	E	R	K	N	Q	S	T	A	V	L	I	F	Y	W	H	M	C	P
0	0.05636	0.10363	0.09968	0.04384	0.19810	0.01573	0.10100	0.02283	0.10161	0.09553	0.04914	0.05224	0.01569	0.00765	0.00656	0.00207	0.00743	0.00687	0.00453	0.00951
1	0.01192	0.01972	0.29323	0.01489	0.02002	0.04457	0.07054	0.01670	0.03306	0.01995	0.06098	0.24329	0.09877	0.01227	0.00739	0.00231	0.00719	0.01078	0.00461	0.00780
2	0.01737	0.01779	0.08648	0.03742	0.02234	0.05090	0.11484	0.11429	0.06403	0.05549	0.01399	0.01810	0.01142	0.00901	0.01229	0.00238	0.27397	0.02530	0.00420	0.04838
3	0.01815	0.07779	0.09721	0.10924	0.19412	0.08223	0.16491	0.05388	0.01629	0.08516	0.01357	0.01647	0.01033	0.00654	0.00702	0.00205	0.02571	0.00603	0.00383	0.00947
4	0.01429	0.01071	0.01520	0.01842	0.19841	0.01076	0.01116	0.01852	0.08779	0.10429	0.10581	0.19725	0.11710	0.01256	0.00818	0.00229	0.04229	0.01094	0.00574	0.00827
5	0.02024	0.00993	0.01283	0.01061	0.01405	0.00929	0.00841	0.08251	0.01922	0.33991	0.25852	0.03268	0.03231	0.04754	0.04232	0.00268	0.00552	0.00865	0.03384	0.00893
6	0.01789	0.01412	0.01997	0.14312	0.12020	0.01601	0.04119	0.19494	0.03365	0.07996	0.01520	0.01874	0.01196	0.01475	0.12591	0.00360	0.10873	0.00634	0.00460	0.00911
7	0.00880	0.00646	0.00886	0.01006	0.01066	0.00651	0.00720	0.01032	0.01272	0.01715	0.03339	0.57420	0.03899	0.02456	0.10954	0.00388	0.02838	0.07691	0.00576	0.00565
8	0.00818	0.00584	0.00779	0.00934	0.00973	0.00545	0.00623	0.00934	0.01285	0.01713	0.03698	0.75981	0.04438	0.02102	0.00856	0.00273	0.00389	0.01908	0.00623	0.00545
9	0.01630	0.01216	0.01625	0.01183	0.01754	0.00968	0.07093	0.01948	0.01514	0.12806	0.04931	0.01743	0.01361	0.00597	0.00565	0.00133	0.00557	0.00516	0.00474	0.57387
10	0.01705	0.08550	0.05017	0.08960	0.12912	0.03559	0.13686	0.07884	0.03023	0.05467	0.01343	0.01724	0.01084	0.00728	0.00862	0.00206	0.11026	0.01874	0.00392	0.09999
11	0.01560	0.01419	0.01473	0.01104	0.01664	0.07611	0.00875	0.05059	0.04741	0.02261	0.01269	0.01437	0.01038	0.00548	0.00523	0.00117	0.00575	0.00427	0.00419	0.65881
12	0.00818	0.00584	0.00779	0.00934	0.00973	0.00545	0.00623	0.00934	0.01285	0.01713	0.03698	0.75981	0.04438	0.02102	0.00856	0.00273	0.00389	0.01908	0.00623	0.00545
13	0.00961	0.00709	0.01027	0.01027	0.01129	0.00811	0.00774	0.01165	0.01063	0.01519	0.01845	0.02898	0.01791	0.15684	0.63264	0.01015	0.01626	0.00757	0.00366	0.00570
14	0.00914	0.00678	0.00868	0.00924	0.01055	0.00643	0.00700	0.01130	0.01494	0.01982	0.19669	0.22888	0.17921	0.05725	0.06769	0.00339	0.00533	0.14569	0.00617	0.00581
15	0.01127	0.00724	0.00916	0.00975	0.01087	0.00703	0.00673	0.01406	0.07654	0.08678	0.03321	0.53665	0.03714	0.10645	0.01125	0.00307	0.00451	0.01573	0.00623	0.00634
16	0.00964	0.00698	0.00971	0.00971	0.01054	0.00781	0.00705	0.01129	0.01047	0.01478	0.01895	0.03178	0.01913	0.27096	0.52018	0.00946	0.01443	0.00798	0.00374	0.00540
17	0.01690	0.00947	0.01229	0.01150	0.04627	0.00883	0.00853	0.03939	0.05848	0.24265	0.28049	0.05536	0.13155	0.01204	0.00747	0.00217	0.00459	0.03644	0.00720	0.00838
18	0.01993	0.02339	0.02430	0.02435	0.18341	0.36485	0.15562	0.02303	0.01728	0.01922	0.04398	0.04272	0.01312	0.00725	0.00674	0.00195	0.01030	0.00632	0.00369	0.00855
19	0.01874	0.00897	0.01176	0.01047	0.01343	0.00807	0.00802	0.04477	0.01710	0.33765	0.09647	0.28948	0.07871	0.01390	0.00758	0.00232	0.00473	0.01210	0.00728	0.00844
20	0.01762	0.14534	0.02412	0.08298	0.02325	0.05147	0.13834	0.14946	0.10909	0.03672	0.01730	0.07248	0.01483	0.00974	0.02778	0.00237	0.03755	0.02590	0.00471	0.00897
21	0.02949	0.01240	0.01618	0.01240	0.01762	0.01132	0.01025	0.12169	0.02085	0.63567	0.02509	0.02194	0.01592	0.00827	0.00674	0.00207	0.00593	0.00665	0.00809	0.01142
22	0.00920	0.00684	0.00950	0.00977	0.01079	0.00740	0.00721	0.01105	0.01144	0.01579	0.02625	0.16193	0.08647	0.12328	0.46191	0.00809	0.01285	0.01022	0.00436	0.00565
23	0.07797	0.01787	0.11531	0.21701	0.07294	0.01664	0.13308	0.16950	0.04761	0.04685	0.01407	0.01689	0.01033	0.00685	0.00668	0.00215	0.00854	0.00610	0.00428	0.00935
24	0.01538	0.25384	0.18837	0.11720	0.02577	0.04872	0.10016	0.03647	0.01481	0.01907	0.01452	0.04912	0.01304	0.00788	0.00631	0.00203	0.00855	0.06674	0.00350	0.00849
25	0.01860	0.04450	0.01276	0.01004	0.01334	0.00868	0.00799	0.02115	0.01793	0.32952	0.26132	0.10230	0.09986	0.01196	0.00730	0.00213	0.00455	0.01021	0.00736	0.00851
26	0.01429	0.01297	0.07753	0.01362	0.07514	0.06255	0.01038	0.06952	0.01555	0.05677	0.04268	0.11002	0.05979	0.01841	0.15573	0.00380	0.00841	0.00828	0.17700	0.00755

[dist]
# distance from previous block
# <min> <max>
2	6

[block]
# block no. 6 follows, 32 sequences, length 20
# corresponding to MSA columns:
# 381-400
name=unknown_G
#
# <colnr> <probs for GDERKNQSTAVLIFYWHMCP>
#	G	D	E	R	K	N	Q	S	T	A	V	L	I	F	Y	W	H	M	C	P
0	0.00961	0.00742	0.00985	0.01169	0.07574	0.00698	0.00757	0.01154	0.01451	0.01926	0.15608	0.26952	0.17683	0.10859	0.01136	0.00296	0.00461	0.08394	0.00589	0.00603
1	0.01753	0.01526	0.01761	0.01575	0.05090	0.08842	0.07435	0.13726	0.19492	0.05366	0.05042	0.08352	0.06381	0.01020	0.00771	0.00221	0.03834	0.03116	0.03798	0.00900
2	0.01169	0.00828	0.01009	0.00924	0.01138	0.00797	0.00703	0.07032	0.04842	0.05516	0.48823	0.08777	0.13106	0.01364	0.00776	0.00216	0.00378	0.01186	0.00714	0.00701
3	0.06141	0.02155	0.23888	0.01696	0.07057	0.03228	0.01579	0.24285	0.02080	0.12422	0.04759	0.01950	0.04178	0.00790	0.00656	0.00207	0.00764	0.00622	0.00529	0.01014
4	0.01079	0.00726	0.00873	0.00812	0.01031	0.00640	0.00618	0.01333	0.01756	0.08826	0.39994	0.05325	0.31591	0.01450	0.00781	0.00217	0.00349	0.01243	0.00702	0.00654
5	0.04987	0.01891	0.17268	0.01785	0.10870	0.07217	0.04316	0.13769	0.01856	0.02589	0.14696	0.07025	0.02304	0.00936	0.00688	0.00211	0.00729	0.03009	0.02979	0.00876
6	0.81159	0.01298	0.00986	0.00882	0.01298	0.01505	0.00727	0.01972	0.01142	0.03010	0.00934	0.01090	0.00727	0.00623	0.00415	0.00208	0.00519	0.00363	0.00415	0.00727
7	0.01807	0.42284	0.07578	0.01323	0.01783	0.18316	0.01215	0.02032	0.01429	0.01609	0.01105	0.01484	0.01025	0.07040	0.03800	0.00242	0.04357	0.00461	0.00313	0.00798
8	0.01354	0.04735	0.44108	0.01668	0.04044	0.01409	0.04123	0.02080	0.07869	0.02190	0.05869	0.01996	0.01471	0.05078	0.00795	0.00229	0.00815	0.00607	0.05909	0.03652
9	0.01583	0.28593	0.29105	0.01474	0.02120	0.04920	0.01607	0.07412	0.01519	0.02006	0.01333	0.05716	0.01161	0.01122	0.07347	0.00269	0.00924	0.00556	0.00345	0.00887
10	0.01425	0.12757	0.59153	0.01968	0.07567	0.01702	0.02279	0.02106	0.01418	0.02059	0.01173	0.01390	0.00866	0.00627	0.00613	0.00203	0.00943	0.00485	0.00287	0.00980
11	0.02695	0.01191	0.01539	0.01208	0.01687	0.01104	0.00987	0.09292	0.06832	0.55409	0.08588	0.02474	0.02047	0.00881	0.00685	0.00209	0.00562	0.00721	0.00797	0.01092
12	0.01615	0.01684	0.08920	0.26092	0.16666	0.03691	0.11163	0.08967	0.01651	0.04545	0.04319	0.01838	0.01221	0.00710	0.00752	0.00216	0.04026	0.00639	0.00385	0.00901
13	0.01660	0.01428	0.05457	0.25879	0.07055	0.03824	0.13704	0.03455	0.01586	0.13447	0.03514	0.04456	0.01635	0.00873	0.00728	0.00229	0.00830	0.08926	0.00460	0.00854
14	0.01254	0.01169	0.06472	0.01367	0.01620	0.01100	0.09413	0.01614	0.07211	0.05061	0.04554	0.19008	0.07930	0.03242	0.08789	0.08032	0.09963	0.01026	0.00478	0.00698
15	0.01663	0.08094	0.29794	0.02162	0.16233	0.12203	0.04737	0.04604	0.02937	0.02151	0.01313	0.01555	0.01017	0.00654	0.00616	0.00194	0.00890	0.00530	0.07718	0.00934
16	0.10894	0.01640	0.08500	0.01433	0.01859	0.07933	0.08906	0.11993	0.03381	0.07480	0.02122	0.12605	0.05963	0.00980	0.00728	0.00214	0.03876	0.00811	0.05095	0.03584
17	0.01489	0.01390	0.05327	0.08427	0.05380	0.03589	0.10638	0.07703	0.07684	0.04996	0.04431	0.16611	0.04408	0.01180	0.01006	0.04863	0.08665	0.00935	0.00482	0.00797
18	0.05104	0.11945	0.13314	0.03400	0.06437	0.05379	0.03610	0.06259	0.05603	0.11881	0.02046	0.09045	0.04845	0.00944	0.00731	0.00214	0.04290	0.03580	0.00482	0.00891
19	0.12080	0.11085	0.07821	0.03873	0.08751	0.10155	0.06082	0.12437	0.03337	0.10879	0.03688	0.04140	0.01329	0.00753	0.00617	0.00199	0.00772	0.00601	0.00475	0.00926

[dist]
# distance from previous block
# <min> <max>
2	80

[block]
