[name]
unknown

[dist]
# distance from previous block
# <min> <max>
0	0

[block]
# block no. 0 follows, 31 sequences, length 24
# corresponding to MSA columns:
# 0-23
name=unknown_A
#
# <colnr> <probs for GDERKNQSTAVLIFYWHMCP>
#	G	D	E	R	K	N	Q	S	T	A	V	L	I	F	Y	W	H	M	C	P
0	0.01102	0.00787	0.01102	0.01260	0.01417	0.00787	0.01102	0.01417	0.01575	0.02047	0.03622	0.07717	0.03937	0.01890	0.00945	0.00315	0.00630	0.67084	0.00630	0.00630
1	0.01425	0.01573	0.05255	0.02056	0.02501	0.05924	0.38274	0.01799	0.01457	0.01914	0.01862	0.13000	0.01826	0.16380	0.01351	0.00323	0.00943	0.00976	0.00400	0.00760
2	0.00958	0.00699	0.00901	0.00850	0.01016	0.00641	0.00638	0.01272	0.01913	0.02687	0.67301	0.05203	0.10517	0.01420	0.00807	0.00216	0.00324	0.01250	0.00746	0.00641
3	0.02335	0.02005	0.01993	0.01602	0.02087	0.13095	0.04359	0.42555	0.13958	0.03473	0.01921	0.01919	0.03836	0.00843	0.00686	0.00207	0.00797	0.00654	0.00617	0.01060
4	0.01824	0.44828	0.18114	0.01348	0.01985	0.04148	0.01422	0.06340	0.01563	0.05569	0.01234	0.01373	0.00995	0.00645	0.00521	0.00170	0.00772	0.00449	0.05779	0.00921
5	0.01197	0.00983	0.01166	0.00929	0.01344	0.00783	0.00723	0.01485	0.01586	0.02324	0.22801	0.05378	0.10841	0.00963	0.00642	0.00156	0.00430	0.00819	0.00542	0.44908
6	0.09971	0.05941	0.01914	0.01657	0.02026	0.63628	0.01261	0.02637	0.01844	0.01805	0.01043	0.01217	0.00868	0.00694	0.00591	0.00178	0.01147	0.00431	0.00357	0.00791
7	0.02209	0.27414	0.08839	0.01584	0.02073	0.43481	0.01381	0.02455	0.01713	0.01697	0.01038	0.01208	0.00879	0.00661	0.00561	0.00170	0.01048	0.00422	0.00327	0.00841
8	0.00921	0.00697	0.00849	0.00811	0.00993	0.00625	0.00608	0.01200	0.01825	0.02479	0.52307	0.05546	0.25641	0.01497	0.00807	0.00220	0.00330	0.01298	0.00718	0.00625
9	0.01693	0.01626	0.02777	0.04199	0.71689	0.01626	0.02100	0.02100	0.01558	0.02235	0.01287	0.01693	0.01084	0.00610	0.00677	0.00203	0.00813	0.00610	0.00339	0.01084
10	0.00815	0.00693	0.00702	0.00700	0.00928	0.00580	0.00525	0.00994	0.01575	0.01885	0.09567	0.06524	0.68752	0.01719	0.00809	0.00230	0.00346	0.01435	0.00640	0.00580
11	0.00977	0.00733	0.01100	0.01100	0.01222	0.00855	0.00855	0.01222	0.01100	0.01588	0.01833	0.02688	0.01710	0.05131	0.73245	0.01100	0.01833	0.00733	0.00367	0.00611
12	0.02556	0.03261	0.01939	0.01763	0.02115	0.73210	0.01322	0.02732	0.01939	0.01674	0.01058	0.01234	0.00881	0.00705	0.00617	0.00176	0.01234	0.00441	0.00353	0.00793
13	0.00834	0.00595	0.00794	0.00953	0.00992	0.00556	0.00635	0.00953	0.01310	0.01746	0.03771	0.75510	0.04525	0.02143	0.00873	0.00278	0.00397	0.01945	0.00635	0.00556
14	0.02601	0.01916	0.02053	0.01574	0.02122	0.02122	0.01300	0.69408	0.03217	0.04312	0.01643	0.01643	0.01163	0.00821	0.00684	0.00205	0.00753	0.00616	0.00684	0.01163
15	0.06708	0.01170	0.01500	0.01172	0.01654	0.01069	0.00957	0.07312	0.01928	0.57483	0.02495	0.02334	0.01652	0.04283	0.00792	0.00229	0.00580	0.00679	0.04920	0.01081
16	0.80789	0.01323	0.01006	0.00900	0.01323	0.01535	0.00741	0.02011	0.01164	0.03070	0.00953	0.01111	0.00741	0.00635	0.00423	0.00212	0.00529	0.00370	0.00423	0.00741
17	0.01693	0.01626	0.02777	0.04199	0.71689	0.01626	0.02100	0.02100	0.01558	0.02235	0.01287	0.01693	0.01084	0.00610	0.00677	0.00203	0.00813	0.00610	0.00339	0.01084
18	0.02589	0.01817	0.01977	0.01529	0.02064	0.01989	0.01259	0.59008	0.07302	0.10677	0.01814	0.01765	0.01272	0.00830	0.00685	0.00208	0.00723	0.00633	0.00701	0.01159
19	0.00860	0.00621	0.00813	0.00921	0.00995	0.00575	0.00631	0.01023	0.01449	0.01953	0.17596	0.57845	0.08236	0.01972	0.00857	0.00263	0.00379	0.01777	0.00659	0.00575
20	0.01419	0.01216	0.01419	0.01013	0.01621	0.00912	0.00811	0.01723	0.01419	0.02229	0.01216	0.01419	0.01013	0.00507	0.00507	0.00101	0.00507	0.00405	0.00405	0.80139
21	0.01493	0.22790	0.54219	0.01744	0.02642	0.01884	0.02169	0.02135	0.01430	0.02019	0.01155	0.01353	0.00870	0.00633	0.00594	0.00198	0.00937	0.00469	0.00290	0.00976
22	0.01298	0.00636	0.00937	0.00911	0.00953	0.00623	0.00623	0.01069	0.01014	0.05827	0.04952	0.02254	0.01496	0.02227	0.02449	0.70790	0.00579	0.00634	0.00356	0.00371
23	0.00945	0.00740	0.00855	0.00978	0.01041	0.04357	0.00662	0.01043	0.01329	0.01712	0.03624	0.63406	0.07523	0.02062	0.00972	0.05395	0.00451	0.01754	0.00599	0.00553

[dist]
# distance from previous block
# <min> <max>
2	24

[block]
# block no. 1 follows, 31 sequences, length 148
# corresponding to MSA columns:
# 48-130,149-213
name=unknown_B
#
# <colnr> <probs for GDERKNQSTAVLIFYWHMCP>
#	G	D	E	R	K	N	Q	S	T	A	V	L	I	F	Y	W	H	M	C	P
0	0.01505	0.01375	0.02109	0.58201	0.11320	0.04375	0.01840	0.05466	0.01526	0.03979	0.01283	0.01792	0.00965	0.00689	0.00681	0.00222	0.00896	0.00604	0.00345	0.00828
1	0.01581	0.01498	0.02511	0.15093	0.54486	0.01529	0.01941	0.01978	0.01510	0.02138	0.01370	0.04610	0.01188	0.00676	0.00677	0.00205	0.00796	0.00651	0.00348	0.05214
2	0.01551	0.01395	0.02391	0.40952	0.29437	0.01542	0.05102	0.01984	0.01482	0.05694	0.01329	0.01803	0.01023	0.00660	0.00688	0.00218	0.00869	0.00622	0.00348	0.00910
3	0.01359	0.01284	0.02173	0.62595	0.15905	0.01538	0.01933	0.01807	0.01400	0.01829	0.01228	0.01802	0.00941	0.00672	0.00683	0.00224	0.00895	0.00608	0.00310	0.00814
4	0.02520	0.01766	0.06707	0.01797	0.10635	0.05195	0.01367	0.26010	0.06088	0.27848	0.01980	0.01909	0.01359	0.00793	0.00680	0.00208	0.00730	0.00633	0.00657	0.01120
5	0.01357	0.00985	0.01550	0.05223	0.01762	0.00951	0.11729	0.06039	0.01573	0.10082	0.03110	0.43858	0.05786	0.01563	0.00816	0.00253	0.00588	0.01440	0.00599	0.00736
6	0.01318	0.01074	0.05221	0.01312	0.01606	0.00904	0.10222	0.03936	0.01580	0.09686	0.11519	0.38564	0.03505	0.01491	0.00800	0.00242	0.00562	0.01368	0.00606	0.04484
7	0.01625	0.01582	0.02433	0.08153	0.46025	0.06252	0.05019	0.02010	0.01568	0.02137	0.01584	0.02480	0.01439	0.00787	0.00707	0.00214	0.00823	0.09605	0.00381	0.05176
8	0.01672	0.01596	0.02680	0.07793	0.64807	0.01624	0.02041	0.02154	0.04821	0.02239	0.01354	0.01741	0.01122	0.00629	0.00679	0.00206	0.00805	0.00617	0.00354	0.01066
9	0.02109	0.24262	0.02589	0.05916	0.15560	0.34937	0.01458	0.02357	0.01674	0.01767	0.01079	0.01314	0.00921	0.00650	0.00580	0.00175	0.00988	0.00460	0.00330	0.00872
10	0.01205	0.00774	0.00990	0.00890	0.01120	0.00691	0.00680	0.01506	0.01876	0.10295	0.53919	0.04778	0.12252	0.01329	0.00780	0.00211	0.00362	0.01158	0.00735	0.04446
11	0.01795	0.64990	0.08690	0.01278	0.01859	0.04390	0.01295	0.02054	0.01390	0.01656	0.00972	0.01149	0.00878	0.00626	0.00556	0.00161	0.04698	0.00391	0.00294	0.00879
12	0.01229	0.00899	0.00987	0.00905	0.01162	0.00853	0.00687	0.12043	0.01827	0.05612	0.11707	0.12589	0.40175	0.05082	0.00917	0.00250	0.00440	0.01287	0.00654	0.00695
13	0.01406	0.04809	0.02124	0.65937	0.04397	0.01617	0.01825	0.06343	0.01494	0.01915	0.01232	0.01777	0.00927	0.00689	0.00672	0.00223	0.00893	0.00597	0.00329	0.00793
14	0.01375	0.01301	0.02202	0.59807	0.18568	0.01542	0.01941	0.01821	0.01407	0.01849	0.01231	0.01797	0.00948	0.00669	0.00683	0.00223	0.00891	0.00608	0.00311	0.00827
15	0.01390	0.01350	0.02371	0.57422	0.04319	0.01598	0.12607	0.03737	0.01445	0.01887	0.01240	0.01807	0.00939	0.00695	0.00777	0.00231	0.04427	0.00640	0.00321	0.00797
16	0.00809	0.00693	0.00693	0.00693	0.00924	0.00578	0.00520	0.00982	0.01559	0.01848	0.06931	0.06584	0.71411	0.01733	0.00809	0.00231	0.00347	0.01444	0.00635	0.00578
17	0.01372	0.03539	0.72412	0.01950	0.02961	0.01589	0.02528	0.02167	0.01444	0.02167	0.01228	0.01444	0.00867	0.00650	0.00650	0.00217	0.01011	0.00506	0.00289	0.01011
18	0.00834	0.00595	0.00794	0.00953	0.00992	0.00556	0.00635	0.00953	0.01310	0.01746	0.03771	0.75510	0.04525	0.02143	0.00873	0.00278	0.00397	0.01945	0.00635	0.00556
19	0.00813	0.00676	0.00711	0.00738	0.00936	0.00574	0.00540	0.00977	0.01516	0.01831	0.06384	0.18515	0.59834	0.01804	0.00820	0.00239	0.00355	0.01531	0.00635	0.00574
20	0.01615	0.01845	0.04037	0.02884	0.03576	0.01730	0.69204	0.02191	0.01615	0.02191	0.01384	0.01845	0.01038	0.00577	0.00807	0.00231	0.01153	0.00807	0.00346	0.00923
21	0.01812	0.73581	0.06219	0.01200	0.01802	0.02664	0.01223	0.02053	0.01392	0.01631	0.00962	0.01111	0.00878	0.00588	0.00447	0.00149	0.00742	0.00371	0.00293	0.00883
22	0.00995	0.00663	0.00746	0.00746	0.00746	0.00663	0.00415	0.00995	0.00995	0.01327	0.02156	0.04477	0.02487	0.75957	0.03482	0.00663	0.00663	0.00995	0.00415	0.00415
23	0.01814	0.55985	0.11333	0.01316	0.01923	0.05066	0.01331	0.04262	0.07867	0.01874	0.01178	0.01294	0.00997	0.00636	0.00501	0.00165	0.00766	0.00430	0.00344	0.00918
24	0.01102	0.00787	0.01102	0.01260	0.01417	0.00787	0.01102	0.01417	0.01575	0.02047	0.03622	0.07717	0.03937	0.01890	0.00945	0.00315	0.00630	0.67084	0.00630	0.00630
25	0.01419	0.01216	0.01419	0.01013	0.01621	0.00912	0.00811	0.01723	0.01419	0.02229	0.01216	0.01419	0.01013	0.00507	0.00507	0.00101	0.00507	0.00405	0.00405	0.80139
26	0.58931	0.10962	0.01440	0.00994	0.01455	0.01643	0.00846	0.04407	0.01355	0.11035	0.01180	0.01270	0.00884	0.00660	0.00465	0.00203	0.00569	0.00415	0.00465	0.00822
27	0.00927	0.00679	0.00869	0.00860	0.01006	0.00622	0.00631	0.01196	0.01781	0.02466	0.52152	0.18299	0.12822	0.01571	0.00819	0.00228	0.00339	0.01390	0.00719	0.00622
28	0.02399	0.01584	0.01727	0.01353	0.01823	0.01708	0.01108	0.48756	0.02729	0.11767	0.01877	0.01896	0.01338	0.00820	0.00645	0.00197	0.00650	0.00628	0.15932	0.01062
29	0.01885	0.01736	0.01639	0.01455	0.01850	0.10920	0.01131	0.08940	0.56113	0.02829	0.02469	0.02308	0.01857	0.00891	0.00685	0.00223	0.00648	0.00718	0.00651	0.01052
30	0.02421	0.01935	0.01912	0.01526	0.02016	0.09130	0.01237	0.51307	0.11400	0.03783	0.01754	0.01758	0.01278	0.00822	0.00669	0.00204	0.00754	0.00619	0.04383	0.01091
31	0.00856	0.00692	0.00761	0.00751	0.00955	0.00597	0.00560	0.01071	0.01661	0.02106	0.25584	0.08535	0.50176	0.01650	0.00810	0.00228	0.00341	0.01401	0.00670	0.00597
32	0.01591	0.01634	0.07016	0.39026	0.25503	0.06203	0.01926	0.02027	0.01498	0.05248	0.01299	0.01742	0.00998	0.00667	0.00675	0.00215	0.00893	0.00594	0.00343	0.00901
33	0.01055	0.00736	0.00955	0.00976	0.01154	0.00686	0.00779	0.01336	0.01724	0.04976	0.33115	0.10772	0.15714	0.01632	0.00849	0.00252	0.00436	0.21516	0.00692	0.00644
34	0.02528	0.01880	0.02012	0.01559	0.02094	0.02088	0.01283	0.64101	0.08641	0.04195	0.01735	0.01716	0.01238	0.00830	0.00685	0.00207	0.00736	0.00629	0.00685	0.01157
35	0.01642	0.05016	0.02244	0.11057	0.29973	0.03967	0.03640	0.02004	0.01512	0.04800	0.01288	0.01602	0.01045	0.00595	0.00613	0.00170	0.00736	0.00533	0.00375	0.27188
36	0.01829	0.76368	0.03585	0.01171	0.01756	0.02707	0.01171	0.02049	0.01390	0.01610	0.00951	0.01097	0.00878	0.00585	0.00439	0.00146	0.00732	0.00366	0.00293	0.00878
37	0.57845	0.01568	0.03991	0.01273	0.01732	0.06303	0.10125	0.02045	0.01301	0.02763	0.01172	0.03505	0.00980	0.00705	0.00522	0.00216	0.00676	0.02093	0.00414	0.00771
38	0.01603	0.01885	0.06104	0.02811	0.03486	0.01740	0.64444	0.02169	0.01587	0.02169	0.01360	0.01819	0.01027	0.00603	0.00859	0.00233	0.04049	0.00790	0.00342	0.00919
39	0.00993	0.00754	0.01119	0.01110	0.01225	0.00887	0.00861	0.01228	0.01095	0.01582	0.01814	0.02705	0.01709	0.07112	0.69041	0.01062	0.03991	0.00737	0.00366	0.00609
40	0.00839	0.00694	0.00735	0.00725	0.00943	0.00591	0.00544	0.01041	0.01631	0.02019	0.19217	0.06303	0.59018	0.01669	0.00808	0.00228	0.00342	0.01404	0.00658	0.00591
41	0.00865	0.00620	0.00806	0.00943	0.00998	0.00583	0.00643	0.00991	0.01315	0.01737	0.03789	0.60907	0.07863	0.08471	0.01100	0.00311	0.00434	0.06459	0.00616	0.00550
42	0.02929	0.01133	0.01543	0.01193	0.01698	0.00981	0.00981	0.03198	0.01957	0.67527	0.07282	0.02514	0.02011	0.00884	0.00696	0.00212	0.00565	0.00725	0.00841	0.01130
43	0.01747	0.01460	0.01548	0.01386	0.01778	0.01679	0.01080	0.03625	0.68193	0.05148	0.02782	0.02545	0.02075	0.00925	0.00696	0.00231	0.00543	0.00771	0.00701	0.01086
44	0.80789	0.01323	0.01006	0.00900	0.01323	0.01535	0.00741	0.02011	0.01164	0.03070	0.00953	0.01111	0.00741	0.00635	0.00423	0.00212	0.00529	0.00370	0.00423	0.00741
45	0.01113	0.00958	0.00984	0.00932	0.01216	0.00961	0.00712	0.01887	0.25071	0.02194	0.05516	0.05208	0.47753	0.01458	0.00770	0.00231	0.00413	0.01215	0.00656	0.00750
46	0.00977	0.00733	0.01100	0.01100	0.01222	0.00855	0.00855	0.01222	0.01100	0.01588	0.01833	0.02688	0.01710	0.05131	0.73245	0.01100	0.01833	0.00733	0.00367	0.00611
47	0.01693	0.01626	0.02777	0.04199	0.71689	0.01626	0.02100	0.02100	0.01558	0.02235	0.01287	0.01693	0.01084	0.00610	0.00677	0.00203	0.00813	0.00610	0.00339	0.01084
48	0.01419	0.01216	0.01419	0.01013	0.01621	0.00912	0.00811	0.01723	0.01419	0.02229	0.01216	0.01419	0.01013	0.00507	0.00507	0.00101	0.00507	0.00405	0.00405	0.80139
49	0.01304	0.01228	0.02073	0.72274	0.06659	0.01523	0.01906	0.01758	0.01374	0.01762	0.01218	0.01820	0.00917	0.00682	0.00684	0.00227	0.00909	0.00608	0.00305	0.00769
50	0.00935	0.00690	0.00874	0.00845	0.01006	0.00629	0.00627	0.01221	0.01834	0.02539	0.56935	0.10959	0.15356	0.01505	0.00812	0.00222	0.00332	0.01323	0.00727	0.00629
51	0.01611	0.01542	0.02629	0.18533	0.57996	0.01604	0.02059	0.02028	0.01519	0.02136	0.01272	0.01720	0.01049	0.00625	0.00679	0.00208	0.00833	0.00609	0.00332	0.01018
52	0.01275	0.00638	0.00638	0.00638	0.00797	0.00638	0.00478	0.01594	0.01435	0.02551	0.02232	0.02551	0.01754	0.00797	0.00478	0.00159	0.00319	0.00638	0.79755	0.00638
53	0.00990	0.00684	0.00849	0.00849	0.00885	0.00719	0.00543	0.01061	0.01025	0.01403	0.02061	0.03954	0.02260	0.55250	0.23878	0.00791	0.01005	0.00918	0.00400	0.00472
54	0.01671	0.51104	0.27461	0.01441	0.02174	0.02319	0.01641	0.02090	0.01409	0.01803	0.01047	0.01218	0.00874	0.00608	0.00512	0.00171	0.00829	0.00414	0.00291	0.00924
55	0.00968	0.00699	0.00914	0.00861	0.01022	0.00646	0.00646	0.01291	0.01937	0.02743	0.71328	0.05110	0.06455	0.01399	0.00807	0.00215	0.00323	0.01237	0.00753	0.00646
56	0.02169	0.05328	0.02122	0.03956	0.04634	0.36595	0.05296	0.12408	0.01895	0.02137	0.01222	0.01497	0.01006	0.00981	0.04286	0.00244	0.10320	0.00535	0.02520	0.00851
57	0.02364	0.02951	0.02081	0.01832	0.02158	0.59879	0.05279	0.02560	0.01805	0.01701	0.01056	0.01303	0.00893	0.00761	0.00838	0.00195	0.10721	0.00482	0.00345	0.00795
58	0.00834	0.00595	0.00794	0.00953	0.00992	0.00556	0.00635	0.00953	0.01310	0.01746	0.03771	0.75510	0.04525	0.02143	0.00873	0.00278	0.00397	0.01945	0.00635	0.00556
59	0.02617	0.01890	0.02037	0.01562	0.02108	0.02082	0.01290	0.67080	0.03172	0.06702	0.01680	0.01667	0.01182	0.00822	0.00685	0.00206	0.00747	0.00618	0.00690	0.01163
60	0.00902	0.00670	0.00856	0.00978	0.01093	0.00624	0.00737	0.01087	0.01439	0.01852	0.04445	0.41329	0.19506	0.01981	0.00878	0.00277	0.00449	0.19681	0.00634	0.00581
61	0.01693	0.01626	0.02777	0.04199	0.71689	0.01626	0.02100	0.02100	0.01558	0.02235	0.01287	0.01693	0.01084	0.00610	0.00677	0.00203	0.00813	0.00610	0.00339	0.01084
62	0.00995	0.00663	0.00746	0.00746	0.00746	0.00663	0.00415	0.00995	0.00995	0.01327	0.02156	0.04477	0.02487	0.75957	0.03482	0.00663	0.00663	0.00995	0.00415	0.00415
63	0.01372	0.03539	0.72412	0.01950	0.02961	0.01589	0.02528	0.02167	0.01444	0.02167	0.01228	0.01444	0.00867	0.00650	0.00650	0.00217	0.01011	0.00506	0.00289	0.01011
64	0.01292	0.01216	0.02052	0.74312	0.04712	0.01520	0.01900	0.01748	0.01368	0.01748	0.01216	0.01824	0.00912	0.00684	0.00684	0.00228	0.00912	0.00608	0.00304	0.00760
65	0.01275	0.00638	0.00638	0.00638	0.00797	0.00638	0.00478	0.01594	0.01435	0.02551	0.02232	0.02551	0.01754	0.00797	0.00478	0.00159	0.00319	0.00638	0.79755	0.00638
66	0.00993	0.00670	0.00783	0.00809	0.00827	0.00667	0.00495	0.01031	0.01072	0.01425	0.02413	0.10115	0.02775	0.63552	0.03051	0.00602	0.00640	0.07186	0.00451	0.00445
67	0.01829	0.76368	0.03585	0.01171	0.01756	0.02707	0.01171	0.02049	0.01390	0.01610	0.00951	0.01097	0.00878	0.00585	0.00439	0.00146	0.00732	0.00366	0.00293	0.00878
68	0.02639	0.01855	0.02015	0.01545	0.02091	0.02031	0.01276	0.64036	0.03114	0.09827	0.01728	0.01698	0.01207	0.00823	0.00685	0.00206	0.00739	0.00622	0.00698	0.01164
69	0.01372	0.03539	0.72412	0.01950	0.02961	0.01589	0.02528	0.02167	0.01444	0.02167	0.01228	0.01444	0.00867	0.00650	0.00650	0.00217	0.01011	0.00506	0.00289	0.01011
70	0.01087	0.00725	0.00927	0.00861	0.01051	0.00661	0.00651	0.01393	0.01890	0.06823	0.59513	0.05016	0.12066	0.01381	0.00792	0.00215	0.00340	0.01208	0.02729	0.00670
71	0.01202	0.01162	0.09181	0.01078	0.01387	0.00932	0.00939	0.01829	0.12806	0.05152	0.48074	0.04228	0.06839	0.01228	0.00767	0.00218	0.00446	0.01066	0.00691	0.00774
72	0.01858	0.01494	0.01724	0.01714	0.09830	0.01669	0.01208	0.07669	0.53238	0.07916	0.02533	0.02379	0.01885	0.00879	0.00693	0.00226	0.00589	0.00738	0.00665	0.01094
73	0.00995	0.00663	0.00746	0.00746	0.00746	0.00663	0.00415	0.00995	0.00995	0.01327	0.02156	0.04477	0.02487	0.75957	0.03482	0.00663	0.00663	0.00995	0.00415	0.00415
74	0.01463	0.07807	0.53228	0.02118	0.07542	0.01682	0.08897	0.02226	0.04721	0.02171	0.01303	0.01531	0.00957	0.00649	0.00656	0.00213	0.00972	0.00546	0.00317	0.01002
75	0.01020	0.00756	0.00852	0.00808	0.01039	0.00675	0.00613	0.01330	0.04976	0.05828	0.27490	0.05692	0.43351	0.01540	0.00796	0.00225	0.00360	0.01306	0.00688	0.00654
76	0.00829	0.00614	0.00774	0.00902	0.00979	0.00560	0.00613	0.00958	0.01358	0.01766	0.04386	0.62080	0.17558	0.02063	0.00861	0.00269	0.00387	0.01847	0.00635	0.00560
77	0.04698	0.01900	0.02025	0.01556	0.02100	0.02106	0.01285	0.67600	0.03162	0.04278	0.01624	0.01628	0.01152	0.00816	0.00677	0.00205	0.00747	0.00609	0.00677	0.01152
78	0.01669	0.50834	0.27716	0.01444	0.02178	0.02315	0.01646	0.02090	0.01409	0.01805	0.01048	0.01219	0.00874	0.00608	0.00513	0.00171	0.00830	0.00415	0.00291	0.00925
79	0.01829	0.76368	0.03585	0.01171	0.01756	0.02707	0.01171	0.02049	0.01390	0.01610	0.00951	0.01097	0.00878	0.00585	0.00439	0.00146	0.00732	0.00366	0.00293	0.00878
80	0.00978	0.00731	0.01088	0.01088	0.01206	0.00849	0.00841	0.01214	0.01096	0.01580	0.01843	0.02746	0.01736	0.07447	0.70964	0.01085	0.01794	0.00742	0.00368	0.00604
81	0.05189	0.01840	0.01954	0.01528	0.02052	0.02049	0.01254	0.58916	0.11492	0.04089	0.01760	0.01737	0.01264	0.00828	0.00677	0.00209	0.00719	0.00627	0.00677	0.01139
82	0.01693	0.01626	0.02777	0.04199	0.71689	0.01626	0.02100	0.02100	0.01558	0.02235	0.01287	0.01693	0.01084	0.00610	0.00677	0.00203	0.00813	0.00610	0.00339	0.01084
83	0.00887	0.00658	0.00838	0.00952	0.01060	0.00609	0.00700	0.01066	0.01447	0.01881	0.08256	0.44460	0.18313	0.01968	0.00870	0.00272	0.00426	0.14115	0.00641	0.00579
84	0.01125	0.00737	0.00948	0.00874	0.01072	0.00668	0.00663	0.01429	0.01903	0.08331	0.59604	0.05023	0.12235	0.01385	0.00797	0.00216	0.00346	0.01212	0.00750	0.00681
85	0.00995	0.00663	0.00746	0.00746	0.00746	0.00663	0.00415	0.00995	0.00995	0.01327	0.02156	0.04477	0.02487	0.75957	0.03482	0.00663	0.00663	0.00995	0.00415	0.00415
86	0.00834	0.00595	0.00794	0.00953	0.00992	0.00556	0.00635	0.00953	0.01310	0.01746	0.03771	0.75510	0.04525	0.02143	0.00873	0.00278	0.00397	0.01945	0.00635	0.00556
87	0.01574	0.01737	0.03486	0.05168	0.03176	0.01813	0.50056	0.02041	0.01466	0.02041	0.01258	0.01758	0.00999	0.00734	0.01158	0.00248	0.19332	0.00749	0.00333	0.00874
88	0.01669	0.01101	0.01027	0.00945	0.01197	0.08839	0.00725	0.02176	0.10672	0.10458	0.02215	0.02385	0.01693	0.00965	0.03148	0.00210	0.00534	0.00643	0.48625	0.00773
89	0.01829	0.76368	0.03585	0.01171	0.01756	0.02707	0.01171	0.02049	0.01390	0.01610	0.00951	0.01097	0.00878	0.00585	0.00439	0.00146	0.00732	0.00366	0.00293	0.00878
90	0.01292	0.01216	0.02052	0.74312	0.04712	0.01520	0.01900	0.01748	0.01368	0.01748	0.01216	0.01824	0.00912	0.00684	0.00684	0.00228	0.00912	0.00608	0.00304	0.00760
91	0.04021	0.01020	0.01217	0.01161	0.01278	0.05745	0.00881	0.01425	0.03090	0.01640	0.01726	0.02731	0.01683	0.17702	0.41777	0.00802	0.10369	0.00736	0.00378	0.00620
92	0.00902	0.00689	0.00827	0.00809	0.00985	0.00615	0.00600	0.01156	0.01755	0.02351	0.43437	0.11061	0.29182	0.01574	0.00813	0.00226	0.00337	0.01365	0.00703	0.00615
93	0.01372	0.03539	0.72412	0.01950	0.02961	0.01589	0.02528	0.02167	0.01444	0.02167	0.01228	0.01444	0.00867	0.00650	0.00650	0.00217	0.01011	0.00506	0.00289	0.01011
94	0.00921	0.00671	0.00735	0.00742	0.00828	0.00628	0.00469	0.00996	0.01231	0.01566	0.05739	0.08996	0.26430	0.44482	0.02351	0.00482	0.00531	0.01206	0.00511	0.00484
95	0.01497	0.01497	0.02095	0.01796	0.01796	0.02095	0.01497	0.01646	0.01048	0.01646	0.00898	0.01497	0.00898	0.01197	0.02245	0.00299	0.74704	0.00599	0.00299	0.00748
96	0.02689	0.01220	0.01565	0.01227	0.01707	0.01139	0.01003	0.12248	0.04535	0.51479	0.11295	0.02596	0.02240	0.00916	0.00703	0.00212	0.00571	0.00751	0.00807	0.01095
97	0.13758	0.01213	0.01524	0.01186	0.01702	0.01118	0.00980	0.05519	0.01894	0.60215	0.02421	0.02136	0.01543	0.00817	0.00651	0.00211	0.00581	0.00642	0.00783	0.01106
98	0.15628	0.01370	0.01809	0.01513	0.01725	0.01685	0.04859	0.03637	0.01250	0.07435	0.01222	0.01702	0.01067	0.03945	0.06666	0.00329	0.37775	0.00589	0.00391	0.05401
99	0.80789	0.01323	0.01006	0.00900	0.01323	0.01535	0.00741	0.02011	0.01164	0.03070	0.00953	0.01111	0.00741	0.00635	0.00423	0.00212	0.00529	0.00370	0.00423	0.00741
100	0.01409	0.01321	0.02183	0.49080	0.22248	0.01533	0.01871	0.01922	0.05081	0.01931	0.01341	0.01860	0.01050	0.00841	0.03359	0.00254	0.00900	0.00622	0.00336	0.00858
101	0.01169	0.01018	0.01467	0.01359	0.01431	0.01315	0.01091	0.01373	0.01087	0.01616	0.01547	0.04845	0.01503	0.03531	0.43705	0.00766	0.29439	0.00725	0.00351	0.00661
102	0.01017	0.00848	0.03648	0.01115	0.01259	0.00899	0.00896	0.01266	0.01115	0.01625	0.01816	0.02709	0.01704	0.08856	0.62274	0.00990	0.03759	0.00733	0.02853	0.00618
103	0.01321	0.01239	0.02085	0.64520	0.11426	0.01500	0.01876	0.01768	0.01408	0.01833	0.03730	0.01928	0.01128	0.00702	0.00688	0.00225	0.00881	0.00631	0.00324	0.00789
104	0.00832	0.00602	0.00787	0.00934	0.00987	0.00557	0.00627	0.00955	0.01328	0.01754	0.03995	0.70625	0.09265	0.02114	0.00869	0.00275	0.00393	0.01909	0.00635	0.00557
105	0.01292	0.01216	0.02052	0.74312	0.04712	0.01520	0.01900	0.01748	0.01368	0.01748	0.01216	0.01824	0.00912	0.00684	0.00684	0.00228	0.00912	0.00608	0.00304	0.00760
106	0.00841	0.00694	0.00738	0.00727	0.00944	0.00591	0.00545	0.01045	0.01636	0.02031	0.20086	0.06283	0.58142	0.01664	0.00808	0.00228	0.00342	0.01402	0.00659	0.00591
107	0.01419	0.01216	0.01419	0.01013	0.01621	0.00912	0.00811	0.01723	0.01419	0.02229	0.01216	0.01419	0.01013	0.00507	0.00507	0.00101	0.00507	0.00405	0.00405	0.80139
108	0.01534	0.01493	0.02393	0.35812	0.36194	0.04118	0.01959	0.01945	0.01466	0.01972	0.01232	0.01729	0.00992	0.00669	0.00738	0.00217	0.03700	0.00602	0.00322	0.00914
109	0.00992	0.00671	0.00787	0.00783	0.00804	0.00678	0.00467	0.01034	0.01067	0.01443	0.06748	0.04370	0.02687	0.65075	0.09118	0.00670	0.00738	0.00989	0.00433	0.00446
110	0.80789	0.01323	0.01006	0.00900	0.01323	0.01535	0.00741	0.02011	0.01164	0.03070	0.00953	0.01111	0.00741	0.00635	0.00423	0.00212	0.00529	0.00370	0.00423	0.00741
111	0.01299	0.01225	0.02053	0.71941	0.04617	0.01539	0.01887	0.01745	0.01358	0.01745	0.01206	0.01813	0.00912	0.00701	0.00735	0.00230	0.03325	0.00608	0.00304	0.00760
112	0.01912	0.71346	0.03452	0.01174	0.01755	0.02593	0.01160	0.02134	0.01428	0.06321	0.01068	0.01180	0.00932	0.00603	0.00456	0.00151	0.00722	0.00387	0.00330	0.00897
113	0.00938	0.00680	0.00898	0.01035	0.01137	0.00649	0.00792	0.01132	0.01424	0.01855	0.03980	0.40337	0.11071	0.04650	0.00987	0.00301	0.00489	0.26438	0.00625	0.00581
114	0.01857	0.06663	0.04694	0.04792	0.38715	0.01594	0.11155	0.04365	0.01672	0.11893	0.04785	0.01917	0.01393	0.00683	0.00686	0.00206	0.00806	0.00658	0.00435	0.01030
115	0.00982	0.00724	0.01071	0.01077	0.01197	0.00836	0.00833	0.01224	0.01120	0.01629	0.01923	0.05554	0.01823	0.04858	0.67784	0.01033	0.01722	0.00777	0.03222	0.00610
116	0.01497	0.01497	0.02095	0.01796	0.01796	0.02095	0.01497	0.01646	0.01048	0.01646	0.00898	0.01497	0.00898	0.01197	0.02245	0.00299	0.74704	0.00599	0.00299	0.00748
117	0.01383	0.03630	0.04172	0.07402	0.18910	0.03330	0.03361	0.06264	0.01446	0.01992	0.01650	0.05612	0.01497	0.02709	0.32852	0.00605	0.01274	0.00718	0.00384	0.00809
118	0.01456	0.04803	0.01530	0.01045	0.01638	0.01048	0.00845	0.01861	0.05859	0.02241	0.01304	0.01476	0.01076	0.00538	0.00516	0.00112	0.00520	0.00427	0.00419	0.71287
119	0.02397	0.01827	0.02010	0.01575	0.02096	0.02028	0.03176	0.54623	0.16343	0.03968	0.01859	0.01827	0.01341	0.00835	0.00690	0.00211	0.00723	0.00652	0.00677	0.01141
120	0.01324	0.00685	0.00690	0.00672	0.00846	0.00692	0.00509	0.04095	0.01500	0.02616	0.02210	0.02517	0.01732	0.00798	0.00486	0.00161	0.00335	0.00637	0.76838	0.00657
121	0.01812	0.73682	0.06123	0.01199	0.01800	0.02666	0.01221	0.02053	0.01392	0.01630	0.00961	0.01110	0.00878	0.00588	0.00447	0.00149	0.00742	0.00371	0.00293	0.00883
122	0.00880	0.00640	0.00837	0.00981	0.01047	0.00609	0.00681	0.01071	0.03420	0.01807	0.03841	0.65526	0.06762	0.02072	0.00871	0.00278	0.00418	0.07042	0.00637	0.00578
123	0.00969	0.00675	0.00833	0.00848	0.00889	0.00696	0.00544	0.01045	0.01070	0.01447	0.02399	0.10850	0.04915	0.49447	0.19801	0.00716	0.00906	0.01038	0.00432	0.00481
124	0.00896	0.00678	0.00815	0.00816	0.00972	0.00610	0.00592	0.01121	0.01667	0.02222	0.36062	0.17156	0.27004	0.05147	0.00945	0.00252	0.00359	0.01409	0.00680	0.00598
125	0.04850	0.00781	0.00969	0.00899	0.01094	0.00753	0.00682	0.01499	0.05543	0.04432	0.62693	0.04718	0.05837	0.01324	0.00780	0.00216	0.00350	0.01158	0.00737	0.00686
126	0.73593	0.01308	0.01059	0.00929	0.01362	0.01486	0.00765	0.02134	0.01238	0.09467	0.01114	0.01224	0.00829	0.00655	0.00448	0.00212	0.00534	0.00400	0.00463	0.00780
127	0.02186	0.10972	0.01779	0.01233	0.01677	0.01456	0.01019	0.11112	0.17173	0.27307	0.14191	0.02613	0.02430	0.00923	0.00678	0.00208	0.00569	0.00751	0.00705	0.01020
128	0.15961	0.01760	0.01821	0.01435	0.01948	0.01959	0.01179	0.50884	0.08249	0.05683	0.01643	0.01642	0.01179	0.00799	0.00641	0.00209	0.00693	0.00588	0.00645	0.01084
129	0.02084	0.02008	0.01932	0.09362	0.06009	0.20535	0.01323	0.22576	0.02081	0.02628	0.01287	0.01501	0.01010	0.00723	0.00730	0.00184	0.05606	0.00524	0.00455	0.17443
130	0.01531	0.23801	0.45134	0.01885	0.05093	0.01916	0.07480	0.02133	0.01447	0.02014	0.01165	0.01388	0.00891	0.00625	0.00604	0.00198	0.00937	0.00494	0.00296	0.00969
131	0.00960	0.00724	0.00759	0.00733	0.00981	0.00608	0.00556	0.01145	0.01599	0.06406	0.09122	0.06254	0.64440	0.01663	0.00801	0.00229	0.00361	0.01387	0.00653	0.00618
132	0.00978	0.00731	0.01090	0.01090	0.01208	0.00850	0.00843	0.01215	0.01097	0.01581	0.01842	0.02738	0.01732	0.07123	0.71283	0.01087	0.01800	0.00740	0.00368	0.00605
133	0.01292	0.01216	0.02052	0.74312	0.04712	0.01520	0.01900	0.01748	0.01368	0.01748	0.01216	0.01824	0.00912	0.00684	0.00684	0.00228	0.00912	0.00608	0.00304	0.00760
134	0.00830	0.00608	0.00781	0.00919	0.00983	0.00559	0.00620	0.00956	0.01342	0.01760	0.04179	0.66596	0.13176	0.02090	0.00865	0.00272	0.00390	0.01880	0.00635	0.00559
135	0.02556	0.03261	0.01939	0.01763	0.02115	0.73210	0.01322	0.02732	0.01939	0.01674	0.01058	0.01234	0.00881	0.00705	0.00617	0.00176	0.01234	0.00441	0.00353	0.00793
136	0.00905	0.00664	0.00859	0.00997	0.01066	0.00644	0.00687	0.01156	0.06003	0.01836	0.03697	0.67372	0.04332	0.02049	0.00865	0.00276	0.00418	0.04939	0.00639	0.00595
137	0.01372	0.03539	0.72412	0.01950	0.02961	0.01589	0.02528	0.02167	0.01444	0.02167	0.01228	0.01444	0.00867	0.00650	0.00650	0.00217	0.01011	0.00506	0.00289	0.01011
138	0.01285	0.01208	0.02021	0.69457	0.06514	0.01487	0.01853	0.01729	0.01381	0.01766	0.01437	0.02002	0.03615	0.00722	0.00689	0.00227	0.00887	0.00640	0.00318	0.00762
139	0.80789	0.01323	0.01006	0.00900	0.01323	0.01535	0.00741	0.02011	0.01164	0.03070	0.00953	0.01111	0.00741	0.00635	0.00423	0.00212	0.00529	0.00370	0.00423	0.00741
140	0.01615	0.01845	0.04037	0.02884	0.03576	0.01730	0.69204	0.02191	0.01615	0.02191	0.01384	0.01845	0.01038	0.00577	0.00807	0.00231	0.01153	0.00807	0.00346	0.00923
141	0.00995	0.00663	0.00746	0.00746	0.00746	0.00663	0.00415	0.00995	0.00995	0.01327	0.02156	0.04477	0.02487	0.75957	0.03482	0.00663	0.00663	0.00995	0.00415	0.00415
142	0.00868	0.00620	0.00834	0.00993	0.01048	0.00586	0.00696	0.01013	0.01344	0.01786	0.03751	0.66701	0.04449	0.02110	0.00883	0.00283	0.00427	0.10409	0.00634	0.00565
143	0.01841	0.01762	0.02958	0.02388	0.08023	0.08187	0.37062	0.04586	0.07570	0.09426	0.01804	0.05572	0.01459	0.00779	0.00762	0.00226	0.00956	0.03235	0.00462	0.00941
144	0.01747	0.01411	0.01595	0.01169	0.01760	0.01248	0.00947	0.20541	0.01919	0.02808	0.01335	0.01481	0.01055	0.00594	0.00556	0.00130	0.00575	0.00464	0.00483	0.58181
145	0.00959	0.00670	0.00897	0.00935	0.00990	0.00706	0.00641	0.01065	0.01105	0.01519	0.02378	0.20823	0.02626	0.28157	0.28921	0.04507	0.01033	0.01107	0.00444	0.00516
146	0.01443	0.05639	0.27396	0.01566	0.02158	0.01476	0.05897	0.06168	0.17639	0.02426	0.08537	0.09163	0.05592	0.00978	0.00706	0.00223	0.00730	0.00834	0.00502	0.00927
147	0.01977	0.01591	0.01685	0.01423	0.01859	0.01797	0.01133	0.26755	0.43416	0.03326	0.02578	0.02422	0.05055	0.00929	0.00697	0.00223	0.00607	0.00750	0.00689	0.01087

[dist]
# distance from previous block
# <min> <max>
0	1

[block]
# block no. 2 follows, 31 sequences, length 48
# corresponding to MSA columns:
# 215-262
name=unknown_C
#
# <colnr> <probs for GDERKNQSTAVLIFYWHMCP>
#	G	D	E	R	K	N	Q	S	T	A	V	L	I	F	Y	W	H	M	C	P
0	0.04819	0.16055	0.41213	0.01812	0.06039	0.04951	0.01958	0.05783	0.07128	0.02254	0.01311	0.01473	0.00990	0.00670	0.00609	0.00202	0.00890	0.00505	0.00354	0.00984
1	0.08065	0.01331	0.01646	0.01271	0.01797	0.01273	0.01050	0.17001	0.02168	0.53511	0.02365	0.02106	0.01521	0.00828	0.00670	0.00210	0.00614	0.00652	0.00785	0.01136
2	0.02448	0.01887	0.01948	0.01516	0.02031	0.05646	0.01235	0.57934	0.04799	0.03909	0.01642	0.01749	0.01220	0.03836	0.00785	0.00218	0.00756	0.00616	0.00642	0.05185
3	0.09444	0.04605	0.20768	0.01374	0.01977	0.01425	0.01382	0.12621	0.04554	0.22569	0.01860	0.01864	0.01294	0.00757	0.00618	0.00204	0.00690	0.00584	0.10406	0.01004
4	0.00840	0.00681	0.00730	0.00743	0.00930	0.00588	0.00538	0.01010	0.01531	0.01891	0.12674	0.14095	0.52731	0.06735	0.00995	0.00264	0.00371	0.01450	0.00632	0.00571
5	0.02462	0.07328	0.02002	0.01711	0.02069	0.66580	0.01305	0.02645	0.01894	0.01684	0.01144	0.01461	0.00992	0.00741	0.00619	0.00180	0.01183	0.02848	0.00359	0.00792
6	0.02022	0.01354	0.02040	0.10016	0.29366	0.01360	0.01502	0.06238	0.05314	0.22175	0.07164	0.02220	0.01729	0.00780	0.00685	0.00209	0.00685	0.00689	0.03423	0.01027
7	0.01188	0.00651	0.00680	0.00673	0.00840	0.00633	0.00505	0.01493	0.01514	0.02506	0.11910	0.03294	0.09327	0.00971	0.00555	0.00174	0.00322	0.00798	0.61333	0.00633
8	0.04805	0.15506	0.17347	0.01630	0.07335	0.01684	0.01463	0.04272	0.14327	0.17506	0.04094	0.01912	0.01479	0.00773	0.00674	0.00206	0.02852	0.00602	0.00520	0.01013
9	0.00980	0.00746	0.00826	0.00790	0.01020	0.00661	0.00598	0.01273	0.04559	0.04919	0.24752	0.05832	0.47444	0.01570	0.00799	0.00226	0.00357	0.01328	0.00679	0.00641
10	0.02561	0.03110	0.01952	0.01741	0.02116	0.65240	0.01319	0.10207	0.02082	0.01970	0.01123	0.01280	0.00913	0.00718	0.00624	0.00180	0.01180	0.00460	0.00390	0.00835
11	0.01493	0.07110	0.05260	0.01105	0.01721	0.01150	0.00951	0.03808	0.04195	0.02264	0.01271	0.01447	0.01042	0.00546	0.00521	0.00119	0.00558	0.00428	0.00410	0.64600
12	0.01194	0.01889	0.29058	0.01403	0.01925	0.01111	0.04122	0.03379	0.01700	0.02447	0.34068	0.03274	0.03558	0.01344	0.06279	0.00284	0.00751	0.00880	0.00524	0.00810
13	0.01474	0.01463	0.02052	0.01766	0.01771	0.02041	0.01469	0.01628	0.01050	0.01644	0.00939	0.01549	0.00934	0.01369	0.05344	0.00334	0.71524	0.00605	0.00302	0.00742
14	0.11127	0.01674	0.02378	0.04783	0.02277	0.06742	0.16291	0.03946	0.01325	0.02024	0.01057	0.01527	0.00917	0.00928	0.01491	0.00260	0.39502	0.00607	0.00340	0.00802
15	0.00950	0.00647	0.00851	0.00977	0.01045	0.00610	0.00664	0.02792	0.01379	0.04033	0.03682	0.71299	0.04349	0.02068	0.00863	0.00274	0.00412	0.01871	0.00643	0.00591
16	0.00853	0.00621	0.00804	0.00914	0.00991	0.00572	0.00626	0.01011	0.01435	0.01919	0.15115	0.57681	0.10963	0.01984	0.00856	0.00263	0.00380	0.01783	0.00654	0.00572
17	0.03094	0.00815	0.00957	0.00952	0.01142	0.00812	0.00722	0.01623	0.10982	0.04106	0.22887	0.16382	0.12244	0.03716	0.00850	0.00248	0.00421	0.08067	0.09291	0.00688
18	0.01158	0.00734	0.00887	0.00839	0.01018	0.00694	0.00622	0.01488	0.04095	0.06553	0.38496	0.07388	0.10145	0.06824	0.00935	0.00242	0.00375	0.01104	0.15740	0.00663
19	0.80789	0.01323	0.01006	0.00900	0.01323	0.01535	0.00741	0.02011	0.01164	0.03070	0.00953	0.01111	0.00741	0.00635	0.00423	0.00212	0.00529	0.00370	0.00423	0.00741
20	0.01866	0.01594	0.01636	0.01432	0.01842	0.03992	0.01124	0.13648	0.58055	0.03046	0.02556	0.02373	0.01910	0.00905	0.00692	0.00226	0.00595	0.00739	0.00684	0.01086
21	0.01618	0.04318	0.13183	0.08373	0.21494	0.03866	0.27111	0.02252	0.06821	0.02183	0.01406	0.01757	0.01086	0.00635	0.00715	0.00217	0.00966	0.00668	0.00358	0.00973
22	0.01461	0.07472	0.64996	0.01888	0.02851	0.01678	0.02390	0.05619	0.01533	0.02246	0.01234	0.01435	0.00883	0.00655	0.00640	0.00212	0.00982	0.00504	0.00309	0.01012
23	0.80789	0.01323	0.01006	0.00900	0.01323	0.01535	0.00741	0.02011	0.01164	0.03070	0.00953	0.01111	0.00741	0.00635	0.00423	0.00212	0.00529	0.00370	0.00423	0.00741
24	0.01565	0.01449	0.02290	0.18280	0.34024	0.01558	0.05182	0.02283	0.16346	0.02198	0.01627	0.02024	0.01314	0.03367	0.00852	0.02828	0.00781	0.00668	0.00410	0.00957
25	0.00933	0.00692	0.00870	0.00837	0.01004	0.00629	0.00623	0.01219	0.01837	0.02534	0.56500	0.09365	0.17427	0.01498	0.00811	0.00221	0.00331	0.01313	0.00726	0.00629
26	0.01372	0.03539	0.72412	0.01950	0.02961	0.01589	0.02528	0.02167	0.01444	0.02167	0.01228	0.01444	0.00867	0.00650	0.00650	0.00217	0.01011	0.00506	0.00289	0.01011
27	0.03005	0.01150	0.01567	0.01206	0.01724	0.00994	0.00994	0.03271	0.01957	0.70020	0.04817	0.02414	0.01841	0.00864	0.00692	0.00212	0.00574	0.00705	0.00844	0.01148
28	0.01188	0.00594	0.00891	0.00891	0.00891	0.00594	0.00594	0.00891	0.00891	0.01188	0.01188	0.02080	0.01188	0.02377	0.02674	0.80095	0.00594	0.00594	0.00297	0.00297
29	0.01829	0.76368	0.03585	0.01171	0.01756	0.02707	0.01171	0.02049	0.01390	0.01610	0.00951	0.01097	0.00878	0.00585	0.00439	0.00146	0.00732	0.00366	0.00293	0.00878
30	0.01407	0.01200	0.01406	0.01036	0.01606	0.00945	0.00826	0.01782	0.04567	0.02222	0.01323	0.01543	0.01102	0.00789	0.04651	0.00164	0.00584	0.00441	0.00416	0.71990
31	0.01292	0.01216	0.02052	0.74312	0.04712	0.01520	0.01900	0.01748	0.01368	0.01748	0.01216	0.01824	0.00912	0.00684	0.00684	0.00228	0.00912	0.00608	0.00304	0.00760
32	0.01769	0.12129	0.07416	0.01363	0.01816	0.01638	0.03412	0.18697	0.15746	0.04469	0.11146	0.02765	0.02255	0.00950	0.00677	0.00211	0.00641	0.06088	0.05872	0.00940
33	0.01527	0.01451	0.02442	0.31178	0.42965	0.01556	0.01970	0.01948	0.01479	0.02047	0.01257	0.01733	0.01014	0.00634	0.00673	0.00209	0.00839	0.00601	0.00328	0.04151
34	0.04026	0.05811	0.02199	0.08387	0.08823	0.19755	0.06376	0.18506	0.13001	0.04136	0.01559	0.01695	0.01188	0.00743	0.00659	0.00203	0.00879	0.00593	0.00489	0.00972
35	0.01332	0.01205	0.01991	0.47937	0.17570	0.01394	0.01739	0.01741	0.01414	0.01904	0.01564	0.07231	0.01369	0.00826	0.00695	0.00226	0.00811	0.03388	0.04865	0.00799
36	0.01197	0.00756	0.01006	0.00901	0.01105	0.00714	0.04129	0.01529	0.01745	0.05547	0.40588	0.03927	0.04326	0.01122	0.00686	0.00196	0.00375	0.00982	0.28492	0.00679
37	0.61327	0.01368	0.01203	0.01019	0.01471	0.01529	0.00840	0.09805	0.01505	0.12660	0.01269	0.01338	0.00919	0.00685	0.00489	0.00211	0.00562	0.00442	0.00511	0.00847
38	0.01401	0.01285	0.04349	0.01182	0.01488	0.04474	0.00946	0.07001	0.25970	0.02614	0.21463	0.12380	0.10130	0.01251	0.00752	0.00228	0.00513	0.01068	0.00664	0.00841
39	0.00841	0.00598	0.00792	0.00943	0.00981	0.00561	0.00625	0.00955	0.01295	0.01727	0.03697	0.72251	0.04431	0.05529	0.00993	0.00296	0.00409	0.01901	0.00625	0.00549
40	0.01829	0.76368	0.03585	0.01171	0.01756	0.02707	0.01171	0.02049	0.01390	0.01610	0.00951	0.01097	0.00878	0.00585	0.00439	0.00146	0.00732	0.00366	0.00293	0.00878
41	0.01143	0.00688	0.00793	0.00753	0.00931	0.00652	0.00567	0.01463	0.01660	0.02625	0.33238	0.03656	0.03837	0.01056	0.00627	0.00182	0.00328	0.00898	0.41124	0.03781
42	0.12215	0.01183	0.01519	0.01180	0.01697	0.01068	0.00974	0.03178	0.01865	0.64032	0.02494	0.02185	0.01581	0.00822	0.00657	0.00212	0.00576	0.00651	0.00797	0.01114
43	0.01035	0.00683	0.00858	0.00919	0.01019	0.00641	0.00645	0.01173	0.01363	0.05748	0.07185	0.34784	0.11559	0.19738	0.01489	0.00363	0.00489	0.09137	0.00600	0.00572
44	0.01894	0.04513	0.02237	0.04680	0.15730	0.12528	0.03455	0.10256	0.01651	0.05001	0.01213	0.01548	0.01009	0.00838	0.01146	0.00222	0.24154	0.00566	0.00393	0.06967
45	0.01103	0.00639	0.00701	0.00732	0.00864	0.00616	0.00525	0.01351	0.01432	0.02269	0.07721	0.19256	0.08770	0.04664	0.00754	0.00219	0.00355	0.01054	0.46370	0.00605
46	0.01297	0.01041	0.01374	0.01266	0.06130	0.00944	0.04392	0.05087	0.04743	0.04635	0.24028	0.06243	0.16442	0.01129	0.00720	0.00195	0.00487	0.00984	0.00597	0.18267
47	0.17236	0.07421	0.01765	0.01492	0.06033	0.14293	0.01123	0.09321	0.16120	0.09449	0.01953	0.01964	0.05227	0.00821	0.00658	0.00207	0.02854	0.00605	0.00529	0.00928

[dist]
# distance from previous block
# <min> <max>
0	10

[block]
# block no. 3 follows, 31 sequences, length 56
# corresponding to MSA columns:
# 276-331
name=unknown_D
#
# <colnr> <probs for GDERKNQSTAVLIFYWHMCP>
#	G	D	E	R	K	N	Q	S	T	A	V	L	I	F	Y	W	H	M	C	P
0	0.07017	0.01117	0.01123	0.01100	0.01298	0.08638	0.00817	0.03840	0.08203	0.04423	0.16581	0.26250	0.03542	0.04697	0.05425	0.00309	0.00622	0.03693	0.00602	0.00702
1	0.01648	0.08145	0.25192	0.06821	0.18162	0.11808	0.03661	0.02179	0.04013	0.02059	0.01336	0.03897	0.01098	0.00692	0.00640	0.00198	0.00901	0.00572	0.00346	0.06632
2	0.20957	0.06359	0.10425	0.03453	0.08610	0.01606	0.01270	0.08628	0.16996	0.04896	0.03890	0.02137	0.06398	0.00821	0.00615	0.00213	0.00646	0.00640	0.00510	0.00931
3	0.00959	0.00661	0.00802	0.00815	0.00867	0.00639	0.00518	0.01070	0.01314	0.01797	0.21795	0.17138	0.03956	0.42122	0.02275	0.00470	0.00521	0.01230	0.00548	0.00504
4	0.01529	0.01213	0.01430	0.01027	0.01630	0.00918	0.00824	0.01831	0.01455	0.06912	0.01315	0.01480	0.01059	0.00529	0.00519	0.00109	0.00512	0.00424	0.00435	0.74851
5	0.02706	0.01747	0.01949	0.01494	0.02037	0.01871	0.01234	0.54555	0.02934	0.19564	0.01880	0.01797	0.01283	0.00827	0.00685	0.00207	0.00714	0.00632	0.00721	0.01164
6	0.00926	0.00698	0.00856	0.00817	0.00996	0.00628	0.00612	0.01210	0.01837	0.02508	0.54368	0.05499	0.23562	0.01487	0.00807	0.00219	0.00329	0.01292	0.00722	0.00628
7	0.01892	0.01564	0.01654	0.01431	0.01852	0.01791	0.01129	0.17582	0.56196	0.03169	0.02542	0.02360	0.01892	0.00906	0.00694	0.00226	0.00586	0.00740	0.00694	0.01100
8	0.02689	0.01391	0.01729	0.01425	0.04330	0.01388	0.01122	0.20847	0.06838	0.42197	0.02304	0.02123	0.01537	0.00845	0.00722	0.00211	0.02666	0.00667	0.03845	0.01124
9	0.00866	0.00619	0.00827	0.00966	0.01026	0.00581	0.00670	0.01018	0.01388	0.01863	0.10188	0.63948	0.04666	0.02054	0.00872	0.00275	0.00407	0.06551	0.00646	0.00570
10	0.01886	0.01771	0.08073	0.05195	0.46835	0.03543	0.06431	0.04140	0.01658	0.11620	0.01479	0.01758	0.01138	0.00653	0.00684	0.00207	0.00833	0.00621	0.00412	0.01064
11	0.01120	0.00764	0.00887	0.00852	0.00914	0.00796	0.00542	0.06091	0.01187	0.01620	0.02076	0.03965	0.02261	0.58439	0.12696	0.00673	0.00819	0.00920	0.02874	0.00503
12	0.01808	0.09155	0.02944	0.09225	0.22969	0.15054	0.21333	0.02278	0.04789	0.02043	0.01303	0.01646	0.01044	0.00637	0.00682	0.00204	0.00979	0.00620	0.00352	0.00934
13	0.46375	0.04208	0.01437	0.01236	0.01638	0.26126	0.00975	0.02368	0.06076	0.02535	0.01111	0.01249	0.00883	0.00677	0.00508	0.00199	0.00777	0.00421	0.00414	0.00786
14	0.49902	0.01293	0.01224	0.01005	0.01482	0.01348	0.00824	0.04406	0.01434	0.17242	0.01376	0.01427	0.00993	0.00665	0.00499	0.00194	0.00544	0.00449	0.00516	0.13176
15	0.00840	0.00600	0.00799	0.00948	0.00994	0.00560	0.00636	0.00968	0.01339	0.01792	0.06886	0.72264	0.04614	0.02109	0.00870	0.00275	0.00394	0.01912	0.00641	0.00560
16	0.01765	0.01796	0.02268	0.01852	0.02257	0.11038	0.17543	0.02911	0.35947	0.02388	0.01977	0.02073	0.01524	0.00850	0.00915	0.00233	0.10469	0.00716	0.00516	0.00963
17	0.00961	0.00686	0.00940	0.01098	0.01193	0.00665	0.00856	0.01172	0.01435	0.01889	0.03701	0.43479	0.04247	0.02024	0.00907	0.00295	0.00507	0.32722	0.00633	0.00591
