[name]
unknown

[dist]
# distance from previous block
# <min> <max>
0	78

[block]
# block no. 0 follows, 32 sequences, length 55
# corresponding to MSA columns:
# 89-143
name=unknown_A
#
# <colnr> <probs for GDERKNQSTAVLIFYWHMCP>
#	G	D	E	R	K	N	Q	S	T	A	V	L	I	F	Y	W	H	M	C	P
0	0.01354	0.01208	0.02044	0.37908	0.17986	0.01348	0.05946	0.01732	0.01380	0.03777	0.01562	0.05538	0.01384	0.05705	0.05277	0.00302	0.00885	0.03512	0.00361	0.00789
1	0.07349	0.01933	0.03837	0.06783	0.13092	0.20500	0.05794	0.10287	0.01847	0.11815	0.06751	0.01842	0.01452	0.00760	0.00698	0.00202	0.03067	0.00606	0.00475	0.00910
2	0.01676	0.04953	0.09180	0.01996	0.15359	0.01426	0.08924	0.06466	0.08497	0.10552	0.02212	0.07833	0.06049	0.00932	0.00775	0.00219	0.04785	0.02974	0.04274	0.00920
3	0.00843	0.00612	0.00828	0.04020	0.01115	0.00589	0.00665	0.00969	0.01273	0.01695	0.03523	0.69681	0.04200	0.05356	0.00963	0.00287	0.00422	0.01811	0.00600	0.00547
4	0.04082	0.01604	0.05325	0.12921	0.16642	0.05750	0.09964	0.08236	0.01665	0.09328	0.01493	0.01923	0.01184	0.02991	0.00739	0.00210	0.00798	0.02596	0.00430	0.12119
5	0.58530	0.06637	0.03551	0.03225	0.01541	0.07721	0.00895	0.03969	0.01288	0.02694	0.01028	0.01284	0.00840	0.03808	0.00580	0.00219	0.00629	0.00413	0.00400	0.00748
6	0.01661	0.01594	0.02724	0.04119	0.72233	0.01594	0.02059	0.02059	0.01528	0.02192	0.01262	0.01661	0.01063	0.00598	0.00664	0.00199	0.00797	0.00598	0.00332	0.01063
7	0.00944	0.00686	0.00889	0.00838	0.00999	0.00631	0.00629	0.01255	0.01886	0.02658	0.69456	0.05066	0.08774	0.01384	0.00791	0.00212	0.00317	0.01221	0.00734	0.00631
8	0.00950	0.00686	0.00897	0.00844	0.01002	0.00633	0.00633	0.01266	0.01899	0.02691	0.71879	0.05012	0.06331	0.01372	0.00791	0.00211	0.00317	0.01213	0.00739	0.00633
9	0.00898	0.00647	0.00860	0.00959	0.01054	0.00609	0.00705	0.01101	0.01494	0.02014	0.20794	0.43486	0.07019	0.01861	0.00851	0.00262	0.00411	0.13742	0.00651	0.00581
10	0.00793	0.00680	0.00680	0.00680	0.00906	0.00566	0.00510	0.00963	0.01529	0.01813	0.06797	0.06457	0.71961	0.01699	0.00793	0.00227	0.00340	0.01416	0.00623	0.00566
11	0.01669	0.01441	0.01517	0.01365	0.01745	0.01669	0.01062	0.03565	0.71021	0.02807	0.02731	0.02503	0.02048	0.00910	0.00683	0.00228	0.00531	0.00759	0.00683	0.01062
12	0.81159	0.01298	0.00986	0.00882	0.01298	0.01505	0.00727	0.01972	0.01142	0.03010	0.00934	0.01090	0.00727	0.00623	0.00415	0.00208	0.00519	0.00363	0.00415	0.00727
13	0.03010	0.01142	0.01557	0.01194	0.01713	0.00986	0.00986	0.03270	0.01920	0.72698	0.02647	0.02284	0.01661	0.00830	0.00675	0.00208	0.00571	0.00675	0.00830	0.01142
14	0.02549	0.01939	0.02009	0.01552	0.02081	0.05328	0.01276	0.66945	0.03098	0.04112	0.01585	0.01593	0.01129	0.00800	0.00668	0.00200	0.00760	0.00596	0.00656	0.01125
15	0.02551	0.01879	0.02014	0.01544	0.02081	0.02081	0.01275	0.69996	0.03155	0.04229	0.01611	0.01611	0.01141	0.00805	0.00671	0.00201	0.00738	0.00604	0.00671	0.01141
16	0.81159	0.01298	0.00986	0.00882	0.01298	0.01505	0.00727	0.01972	0.01142	0.03010	0.00934	0.01090	0.00727	0.00623	0.00415	0.00208	0.00519	0.00363	0.00415	0.00727
17	0.00813	0.00602	0.00760	0.00886	0.00961	0.00549	0.00602	0.00940	0.01331	0.01732	0.04284	0.62847	0.17194	0.02026	0.00844	0.00264	0.00380	0.01815	0.00623	0.00549
18	0.81159	0.01298	0.00986	0.00882	0.01298	0.01505	0.00727	0.01972	0.01142	0.03010	0.00934	0.01090	0.00727	0.00623	0.00415	0.00208	0.00519	0.00363	0.00415	0.00727
19	0.01346	0.03471	0.72942	0.01912	0.02904	0.01558	0.02479	0.02125	0.01417	0.02125	0.01204	0.01417	0.00850	0.00637	0.00637	0.00212	0.00992	0.00496	0.00283	0.00992
20	0.02920	0.01288	0.01647	0.01263	0.01786	0.01203	0.01043	0.16459	0.02164	0.59164	0.02442	0.02151	0.01558	0.00826	0.00674	0.00206	0.00604	0.00661	0.00799	0.01142
21	0.00827	0.00591	0.00789	0.00945	0.00988	0.00553	0.00639	0.00951	0.01294	0.01723	0.03693	0.73543	0.04417	0.02093	0.00859	0.00274	0.00397	0.04253	0.00623	0.00548
22	0.02918	0.01175	0.01556	0.01198	0.01706	0.01049	0.00988	0.07809	0.01988	0.65550	0.02560	0.02245	0.01627	0.00827	0.00667	0.00205	0.00574	0.00668	0.03565	0.01124
23	0.01436	0.01423	0.02009	0.04791	0.01856	0.01976	0.01456	0.01600	0.01043	0.01616	0.00935	0.01534	0.00917	0.01328	0.05381	0.00326	0.68752	0.00594	0.00297	0.00728
24	0.01382	0.01362	0.12364	0.01191	0.01579	0.01058	0.03371	0.08306	0.07857	0.07159	0.33841	0.03616	0.08420	0.01098	0.00725	0.00211	0.00526	0.00943	0.04181	0.00811
25	0.00969	0.00648	0.00734	0.00740	0.00742	0.00646	0.00416	0.00974	0.00989	0.01318	0.02181	0.07407	0.02524	0.73288	0.03307	0.00635	0.00640	0.01015	0.00416	0.00412
26	0.00982	0.00744	0.01089	0.01076	0.01180	0.00873	0.00827	0.01196	0.01067	0.01537	0.01787	0.02743	0.01712	0.11229	0.64479	0.01007	0.04787	0.00736	0.00361	0.00588
27	0.04203	0.04337	0.08988	0.07285	0.25634	0.07228	0.06016	0.15992	0.04990	0.02532	0.01488	0.05579	0.01238	0.00748	0.00663	0.00206	0.00818	0.00651	0.00429	0.00975
28	0.02156	0.04507	0.01955	0.01534	0.04573	0.03702	0.11525	0.10568	0.01814	0.27622	0.01963	0.02053	0.01403	0.01045	0.05563	0.00258	0.03030	0.00652	0.13126	0.00949
29	0.81159	0.01298	0.00986	0.00882	0.01298	0.01505	0.00727	0.01972	0.01142	0.03010	0.00934	0.01090	0.00727	0.00623	0.00415	0.00208	0.00519	0.00363	0.00415	0.00727
30	0.01399	0.00727	0.00751	0.00707	0.00901	0.00736	0.00541	0.06216	0.01542	0.05047	0.02166	0.02434	0.01679	0.00785	0.00490	0.00161	0.00350	0.00626	0.72064	0.00678
31	0.01513	0.01465	0.02568	0.23368	0.44422	0.01535	0.08287	0.01929	0.01472	0.02038	0.01345	0.04565	0.01142	0.00673	0.00685	0.00211	0.00840	0.00666	0.00335	0.00941
32	0.00883	0.00654	0.00825	0.00845	0.00978	0.00595	0.00610	0.01115	0.01650	0.02247	0.40293	0.27082	0.16448	0.01650	0.00812	0.00232	0.00343	0.01460	0.00684	0.00595
33	0.00841	0.00679	0.00748	0.00736	0.00937	0.00586	0.00550	0.01053	0.01634	0.02073	0.26236	0.07920	0.50432	0.01612	0.00794	0.00223	0.00334	0.01369	0.00658	0.00586
34	0.00826	0.00594	0.00786	0.00937	0.00986	0.00554	0.00636	0.00951	0.01302	0.01727	0.03791	0.71350	0.06543	0.02081	0.00857	0.00272	0.00396	0.04242	0.00623	0.00548
35	0.02189	0.01000	0.01265	0.01036	0.01417	0.00917	0.00832	0.05511	0.04209	0.40315	0.13797	0.03020	0.07322	0.00971	0.00670	0.00202	0.00480	0.00804	0.13105	0.00938
36	0.02891	0.01334	0.01676	0.01285	0.01809	0.01271	0.01061	0.20638	0.02242	0.54876	0.02377	0.02109	0.01526	0.00824	0.00674	0.00206	0.00615	0.00656	0.00789	0.01142
37	0.01267	0.01193	0.02013	0.74806	0.04621	0.01491	0.01863	0.01714	0.01342	0.01714	0.01193	0.01789	0.00894	0.00671	0.00671	0.00224	0.00894	0.00596	0.00298	0.00745
38	0.01267	0.01193	0.02013	0.74806	0.04621	0.01491	0.01863	0.01714	0.01342	0.01714	0.01193	0.01789	0.00894	0.00671	0.00671	0.00224	0.00894	0.00596	0.00298	0.00745
39	0.01374	0.01513	0.09492	0.13945	0.31922	0.01344	0.05740	0.01822	0.03116	0.02115	0.08968	0.07568	0.06442	0.00875	0.00705	0.00215	0.00739	0.00810	0.00411	0.00884
40	0.01712	0.14382	0.20535	0.04106	0.04946	0.06763	0.17769	0.04495	0.03290	0.06058	0.01318	0.01539	0.01001	0.00623	0.00631	0.00190	0.00893	0.00556	0.00369	0.08825
41	0.01364	0.03342	0.67576	0.01984	0.02951	0.01569	0.07716	0.02127	0.01430	0.02127	0.01216	0.01447	0.00863	0.00632	0.00649	0.00214	0.01003	0.00519	0.00288	0.00985
42	0.00818	0.00584	0.00779	0.00934	0.00973	0.00545	0.00623	0.00934	0.01285	0.01713	0.03698	0.75981	0.04438	0.02102	0.00856	0.00273	0.00389	0.01908	0.00623	0.00545
43	0.01384	0.05867	0.55177	0.02061	0.06942	0.01574	0.09848	0.02068	0.01445	0.02097	0.01464	0.01687	0.04052	0.00672	0.00655	0.00211	0.00956	0.00571	0.00308	0.00962
44	0.01267	0.01193	0.02013	0.74806	0.04621	0.01491	0.01863	0.01714	0.01342	0.01714	0.01193	0.01789	0.00894	0.00671	0.00671	0.00224	0.00894	0.00596	0.00298	0.00745
45	0.00950	0.00686	0.00897	0.00844	0.01002	0.00633	0.00633	0.01266	0.01899	0.02691	0.71879	0.05012	0.06331	0.01372	0.00791	0.00211	0.00317	0.01213	0.00739	0.00633
46	0.01514	0.01445	0.02459	0.30418	0.47078	0.01556	0.01986	0.01931	0.01459	0.02014	0.01236	0.01708	0.01000	0.00625	0.00667	0.00208	0.00833	0.00597	0.00319	0.00945
47	0.02056	0.14109	0.07463	0.02170	0.14313	0.21878	0.10539	0.15312	0.01918	0.02324	0.01224	0.01437	0.00970	0.00658	0.00627	0.00188	0.00945	0.00534	0.00392	0.00941
48	0.01713	0.55695	0.09791	0.01207	0.01775	0.02255	0.01218	0.02100	0.06147	0.04413	0.03935	0.01631	0.04335	0.00691	0.00506	0.00164	0.00695	0.00489	0.00365	0.00877
49	0.00818	0.00584	0.00779	0.00934	0.00973	0.00545	0.00623	0.00934	0.01285	0.01713	0.03698	0.75981	0.04438	0.02102	0.00856	0.00273	0.00389	0.01908	0.00623	0.00545
50	0.00966	0.00765	0.00900	0.01002	0.01105	0.03706	0.00729	0.01191	0.03455	0.01896	0.10856	0.48334	0.08554	0.01868	0.00841	0.00263	0.00453	0.11899	0.00624	0.00592
51	0.02203	0.04100	0.07698	0.06467	0.08114	0.14471	0.05733	0.13601	0.01903	0.19811	0.01674	0.04269	0.01259	0.00795	0.00746	0.00207	0.04835	0.00630	0.00515	0.00967
52	0.01422	0.01164	0.01521	0.03962	0.15538	0.01232	0.01142	0.04269	0.24615	0.04680	0.02931	0.20860	0.07447	0.01239	0.00743	0.00236	0.00559	0.04987	0.00584	0.00870
53	0.01515	0.08925	0.05668	0.01876	0.08217	0.05139	0.04076	0.01809	0.03565	0.01745	0.01122	0.01606	0.01023	0.01395	0.09280	0.00340	0.41002	0.00582	0.00320	0.00794
54	0.01510	0.01144	0.01548	0.01451	0.07646	0.01162	0.04977	0.09039	0.05883	0.07605	0.16767	0.03137	0.08508	0.01148	0.03185	0.00235	0.06484	0.03206	0.06921	0.08445

[dist]
# distance from previous block
# <min> <max>
0	2

[block]
# block no. 1 follows, 32 sequences, length 81
# corresponding to MSA columns:
# 147-227
name=unknown_B
#
# <colnr> <probs for GDERKNQSTAVLIFYWHMCP>
#	G	D	E	R	K	N	Q	S	T	A	V	L	I	F	Y	W	H	M	C	P
0	0.10835	0.04262	0.07554	0.01074	0.01431	0.01102	0.00932	0.04944	0.09001	0.10291	0.28153	0.07604	0.07939	0.01117	0.00693	0.00214	0.00491	0.00935	0.00629	0.00799
1	0.01342	0.01287	0.04785	0.01230	0.01759	0.01010	0.08924	0.01760	0.05138	0.02201	0.07983	0.02182	0.04584	0.04206	0.00723	0.00167	0.00579	0.00611	0.00442	0.49086
2	0.01927	0.01436	0.01619	0.01493	0.05350	0.01594	0.01117	0.08116	0.52575	0.13131	0.02565	0.02366	0.01878	0.00875	0.00680	0.00221	0.00565	0.00727	0.00686	0.01079
3	0.01319	0.01340	0.03770	0.01485	0.01583	0.05193	0.02855	0.01497	0.01154	0.01634	0.01739	0.07879	0.06159	0.07244	0.11745	0.00411	0.41164	0.00785	0.00362	0.00680
4	0.01378	0.01661	0.15418	0.01495	0.05214	0.01194	0.06106	0.04247	0.01487	0.02196	0.05495	0.04671	0.05329	0.00768	0.00728	0.00172	0.06011	0.00632	0.00411	0.35388
5	0.01391	0.01193	0.01391	0.00994	0.01590	0.00894	0.00795	0.01690	0.01391	0.02186	0.01193	0.01391	0.00994	0.00497	0.00497	0.00099	0.00497	0.00398	0.00398	0.80521
6	0.01025	0.00910	0.04277	0.00908	0.01154	0.00783	0.00736	0.03164	0.07761	0.02455	0.41696	0.04966	0.24869	0.01380	0.00772	0.00217	0.00384	0.01185	0.00677	0.00680
7	0.00863	0.00682	0.00776	0.00753	0.00949	0.00596	0.00565	0.01098	0.01694	0.02203	0.35695	0.05816	0.42821	0.01554	0.00792	0.00220	0.00330	0.01326	0.00674	0.00596
8	0.00869	0.00665	0.00876	0.00941	0.01062	0.00609	0.02381	0.01049	0.01439	0.01881	0.11858	0.44348	0.19892	0.01869	0.00839	0.00257	0.00409	0.07552	0.00628	0.00575
9	0.01534	0.01542	0.09354	0.01312	0.03817	0.01187	0.02837	0.09919	0.06354	0.02485	0.04652	0.01683	0.01319	0.00622	0.00571	0.00144	0.00598	0.00511	0.00449	0.49111
10	0.00828	0.00599	0.00786	0.00931	0.00988	0.00557	0.00637	0.00958	0.01313	0.01733	0.03901	0.68086	0.08978	0.02063	0.00855	0.00271	0.00397	0.04945	0.00623	0.00550
11	0.01821	0.74072	0.03456	0.01170	0.01735	0.05311	0.01154	0.02034	0.01383	0.01581	0.00937	0.01081	0.00861	0.00578	0.00437	0.00145	0.00736	0.00362	0.00289	0.00858
12	0.00815	0.00592	0.00770	0.00912	0.00967	0.00547	0.00613	0.00937	0.01306	0.01722	0.03967	0.69958	0.10288	0.02067	0.00851	0.00269	0.00385	0.01865	0.00623	0.00547
13	0.10185	0.01428	0.01607	0.01286	0.01762	0.01497	0.01048	0.24443	0.14755	0.28836	0.02148	0.02000	0.01476	0.00815	0.00642	0.00207	0.00603	0.00635	0.03556	0.01068
14	0.01667	0.48726	0.25480	0.01516	0.04695	0.04247	0.01608	0.02066	0.01401	0.01776	0.01034	0.01210	0.00865	0.00598	0.00510	0.00168	0.00821	0.00413	0.00289	0.00908
15	0.00817	0.00631	0.00737	0.00814	0.00936	0.00561	0.00566	0.00958	0.01396	0.01768	0.06947	0.41098	0.33571	0.04824	0.00928	0.00266	0.00376	0.01639	0.00618	0.00551
16	0.02086	0.16455	0.11120	0.01753	0.06583	0.36186	0.01446	0.06320	0.03527	0.01925	0.01131	0.01311	0.00926	0.00677	0.00632	0.00178	0.03270	0.00459	0.00354	0.03660
17	0.02265	0.06881	0.08194	0.01666	0.02235	0.06427	0.08934	0.38859	0.07087	0.08352	0.01619	0.01665	0.01166	0.00751	0.00663	0.00202	0.00805	0.00605	0.00569	0.01056
18	0.00867	0.00668	0.00833	0.00917	0.01026	0.00634	0.00668	0.01030	0.01403	0.01817	0.07942	0.42771	0.23812	0.01890	0.00891	0.00261	0.03154	0.08231	0.00616	0.00570
19	0.03395	0.01717	0.14720	0.01442	0.04552	0.01249	0.04666	0.07911	0.06059	0.02389	0.01358	0.01558	0.01072	0.00756	0.03306	0.00187	0.00703	0.00495	0.00413	0.42054
20	0.03668	0.11413	0.10697	0.03470	0.07311	0.05459	0.04357	0.12374	0.07212	0.07971	0.03514	0.07210	0.03498	0.00829	0.00636	0.00195	0.00714	0.00683	0.00486	0.08304
21	0.01433	0.01575	0.13067	0.09412	0.15797	0.03382	0.04901	0.01750	0.01330	0.05773	0.03352	0.02520	0.01553	0.22559	0.01607	0.00344	0.07776	0.00715	0.00378	0.00776
22	0.01388	0.00786	0.01019	0.00904	0.01149	0.00704	0.00698	0.01676	0.01864	0.18047	0.49550	0.04567	0.12409	0.01288	0.00766	0.00212	0.00375	0.01117	0.00746	0.00738
23	0.01823	0.05158	0.16588	0.02067	0.10155	0.05918	0.16165	0.08816	0.06628	0.11047	0.01750	0.07767	0.01416	0.00797	0.00692	0.00213	0.00844	0.00727	0.00466	0.00964
24	0.01633	0.03633	0.10354	0.07675	0.44086	0.01608	0.07314	0.07392	0.01652	0.02323	0.04871	0.01806	0.01295	0.00659	0.00673	0.00204	0.00820	0.00628	0.00372	0.01002
25	0.01607	0.00839	0.01073	0.00934	0.01229	0.00740	0.00735	0.01870	0.01812	0.25883	0.31904	0.04502	0.19745	0.01279	0.00757	0.00216	0.00415	0.02932	0.00739	0.00788
26	0.00890	0.00693	0.00892	0.00970	0.01052	0.00704	0.00690	0.01067	0.02843	0.01736	0.03870	0.51261	0.15697	0.02163	0.06523	0.00327	0.05852	0.01611	0.00580	0.00578
27	0.09977	0.08301	0.20238	0.01577	0.05926	0.01580	0.01475	0.17452	0.01879	0.16216	0.01730	0.04610	0.01347	0.00815	0.00636	0.00209	0.00733	0.03793	0.00520	0.00986
28	0.00897	0.00746	0.00828	0.00809	0.01012	0.00695	0.00615	0.01171	0.04666	0.02009	0.17984	0.08564	0.49631	0.01602	0.00853	0.00230	0.03503	0.02944	0.00633	0.00608
29	0.01318	0.01026	0.01327	0.01202	0.01305	0.01260	0.00935	0.01660	0.08182	0.04344	0.01740	0.02545	0.01606	0.16381	0.15726	0.00483	0.25342	0.00714	0.12227	0.00676
30	0.54806	0.04457	0.05181	0.01318	0.06747	0.09864	0.01029	0.05835	0.01391	0.02761	0.01022	0.01191	0.00802	0.00638	0.00482	0.00201	0.00663	0.00409	0.00404	0.00799
31	0.08515	0.04537	0.04650	0.07465	0.12550	0.01744	0.19434	0.04322	0.01411	0.03784	0.01210	0.01617	0.00984	0.00774	0.01083	0.00232	0.21252	0.00616	0.02961	0.00859
32	0.00908	0.00698	0.00760	0.00735	0.00957	0.00597	0.00555	0.01114	0.01627	0.04552	0.21318	0.05982	0.54647	0.01594	0.00788	0.00222	0.00343	0.01344	0.00657	0.00602
33	0.01813	0.70581	0.03387	0.01198	0.01739	0.05802	0.01167	0.02024	0.01374	0.01583	0.00935	0.01098	0.00862	0.00603	0.00508	0.00151	0.03662	0.00371	0.00290	0.00852
34	0.00811	0.00680	0.00704	0.00698	0.00917	0.00574	0.00524	0.00997	0.01571	0.01912	0.14133	0.06295	0.64563	0.01662	0.00793	0.00225	0.00337	0.01393	0.00636	0.00574
35	0.00825	0.00591	0.00772	0.00914	0.00957	0.00552	0.00607	0.00938	0.01277	0.01694	0.03725	0.69441	0.06818	0.06214	0.00996	0.00292	0.00402	0.01838	0.00611	0.00538
36	0.00838	0.00681	0.00741	0.00726	0.00934	0.00585	0.00545	0.01049	0.01635	0.02062	0.25306	0.06046	0.53296	0.01606	0.00793	0.00222	0.00333	0.01358	0.00656	0.00585
37	0.02475	0.03068	0.01913	0.01719	0.02064	0.67401	0.01301	0.06382	0.01942	0.01785	0.01064	0.01241	0.00880	0.00714	0.00661	0.00178	0.03605	0.00447	0.00362	0.00797
38	0.02506	0.03198	0.01901	0.01729	0.02074	0.73725	0.01296	0.02679	0.01901	0.01642	0.01037	0.01210	0.00864	0.00691	0.00605	0.00173	0.01210	0.00432	0.00346	0.00778
39	0.47218	0.01230	0.01234	0.01018	0.01478	0.01280	0.00839	0.02536	0.01480	0.33277	0.01678	0.01608	0.01132	0.00713	0.00528	0.00208	0.00542	0.00499	0.00596	0.00907
40	0.81159	0.01298	0.00986	0.00882	0.01298	0.01505	0.00727	0.01972	0.01142	0.03010	0.00934	0.01090	0.00727	0.00623	0.00415	0.00208	0.00519	0.00363	0.00415	0.00727
41	0.00833	0.00684	0.00735	0.00730	0.00941	0.00586	0.00553	0.01035	0.01600	0.01986	0.18994	0.06223	0.57160	0.01643	0.00797	0.00227	0.00345	0.03701	0.00645	0.00581
42	0.06186	0.01836	0.01947	0.01506	0.02032	0.02039	0.01242	0.64339	0.05597	0.04119	0.01621	0.01620	0.01156	0.00801	0.00660	0.00203	0.00720	0.00599	0.00660	0.01119
43	0.01217	0.01024	0.01434	0.01270	0.01382	0.01236	0.03370	0.03636	0.01344	0.01972	0.17561	0.02890	0.02513	0.09200	0.17587	0.00469	0.25557	0.00807	0.04869	0.00663
44	0.01267	0.01193	0.02013	0.74806	0.04621	0.01491	0.01863	0.01714	0.01342	0.01714	0.01193	0.01789	0.00894	0.00671	0.00671	0.00224	0.00894	0.00596	0.00298	0.00745
45	0.60659	0.01276	0.01113	0.00955	0.01378	0.01421	0.00784	0.06561	0.01397	0.12820	0.01288	0.01369	0.00940	0.00673	0.00471	0.00204	0.00529	0.00437	0.04917	0.00806
46	0.04821	0.16281	0.20033	0.07385	0.02364	0.08479	0.01564	0.20165	0.08157	0.02596	0.01372	0.01501	0.01037	0.00702	0.00603	0.00195	0.00827	0.00520	0.00434	0.00964
47	0.01301	0.00768	0.00942	0.00849	0.01098	0.00678	0.00654	0.01559	0.01766	0.15666	0.35223	0.04868	0.26420	0.01353	0.00758	0.00213	0.00372	0.01155	0.03649	0.00708
48	0.01107	0.00923	0.04999	0.01030	0.01259	0.00763	0.03180	0.04748	0.01571	0.06387	0.12482	0.35530	0.20155	0.01636	0.00798	0.00241	0.00457	0.01445	0.00624	0.00665
49	0.02094	0.13928	0.08708	0.01744	0.07576	0.15763	0.01421	0.23624	0.04043	0.04354	0.01334	0.01498	0.01045	0.00874	0.02904	0.00222	0.06930	0.00530	0.00451	0.00956
50	0.01671	0.01408	0.01482	0.01329	0.01701	0.01623	0.01035	0.05337	0.65232	0.02830	0.02669	0.02478	0.02004	0.00900	0.00671	0.00223	0.00525	0.00747	0.05095	0.01040
51	0.02207	0.16841	0.04738	0.02125	0.20087	0.14986	0.03153	0.06874	0.01760	0.18714	0.01505	0.01601	0.01124	0.00679	0.00612	0.00187	0.00815	0.00540	0.00464	0.00988
52	0.01015	0.00790	0.00954	0.00949	0.01148	0.00747	0.00720	0.01425	0.09024	0.02188	0.22623	0.21895	0.16940	0.01549	0.00790	0.00234	0.00411	0.09305	0.00643	0.06650
53	0.01738	0.57598	0.18027	0.01329	0.01989	0.02395	0.01434	0.05492	0.01466	0.01828	0.01024	0.01175	0.00873	0.00599	0.00486	0.00161	0.00776	0.00400	0.00306	0.00903
54	0.00945	0.00686	0.00890	0.00839	0.00999	0.00631	0.00629	0.01257	0.01888	0.02664	0.69879	0.05057	0.08348	0.01382	0.00791	0.00212	0.00317	0.01220	0.00735	0.00631
55	0.01829	0.61289	0.03121	0.01186	0.01683	0.02388	0.01131	0.02033	0.01363	0.07217	0.01114	0.01345	0.00993	0.03837	0.00724	0.00183	0.06948	0.00429	0.00336	0.00854
56	0.01063	0.00996	0.03865	0.01574	0.14540	0.00870	0.03567	0.01339	0.01531	0.01998	0.10012	0.13518	0.29987	0.01455	0.00790	0.00237	0.00523	0.10881	0.00555	0.00698
57	0.01589	0.01538	0.02673	0.08670	0.53314	0.01554	0.09809	0.02044	0.03985	0.02130	0.01364	0.01856	0.01151	0.04468	0.00820	0.00228	0.00826	0.00645	0.00347	0.00989
58	0.00870	0.00672	0.00794	0.00787	0.00959	0.00595	0.00581	0.01103	0.01676	0.02215	0.37141	0.13770	0.33238	0.01591	0.00800	0.00225	0.00335	0.01377	0.00678	0.00595
59	0.01081	0.00772	0.01081	0.01236	0.01390	0.00772	0.01081	0.01390	0.01545	0.02008	0.03553	0.07569	0.03862	0.01854	0.00927	0.00309	0.00618	0.67717	0.00618	0.00618
60	0.01250	0.04872	0.01399	0.01276	0.03920	0.04076	0.05246	0.04306	0.10028	0.02098	0.08989	0.30445	0.03219	0.06449	0.00938	0.00265	0.00557	0.05844	0.04118	0.00707
61	0.01103	0.00838	0.00979	0.00903	0.01123	0.00821	0.00688	0.05733	0.09342	0.02609	0.44254	0.04755	0.19146	0.01337	0.00763	0.00214	0.00371	0.01151	0.03175	0.00697
62	0.02506	0.03198	0.01901	0.01729	0.02074	0.73725	0.01296	0.02679	0.01901	0.01642	0.01037	0.01210	0.00864	0.00691	0.00605	0.00173	0.01210	0.00432	0.00346	0.00778
63	0.00959	0.00716	0.01062	0.01062	0.01176	0.00830	0.00819	0.01188	0.01074	0.01546	0.01812	0.02718	0.01713	0.08364	0.70477	0.01058	0.01744	0.00731	0.00362	0.00590
64	0.00960	0.00644	0.00736	0.00752	0.00755	0.00640	0.00428	0.00972	0.01006	0.01341	0.02269	0.11379	0.02634	0.69165	0.03165	0.00614	0.00625	0.01067	0.00428	0.00420
65	0.68710	0.01337	0.01116	0.00962	0.01395	0.01517	0.00793	0.07947	0.01372	0.08156	0.01117	0.01221	0.00830	0.00654	0.00456	0.00207	0.00542	0.00407	0.00467	0.00793
66	0.01987	0.01660	0.02531	0.01910	0.02441	0.01723	0.24815	0.22265	0.13918	0.08874	0.01742	0.01871	0.01276	0.00748	0.00791	0.00215	0.04946	0.00690	0.00538	0.05062
67	0.00993	0.00702	0.00880	0.00844	0.01025	0.00635	0.00641	0.01270	0.01786	0.04954	0.50383	0.07658	0.19694	0.01467	0.00796	0.00221	0.00347	0.04363	0.00708	0.00634
68	0.08512	0.01142	0.01481	0.01155	0.01650	0.01028	0.00951	0.03122	0.03627	0.63326	0.02510	0.02212	0.01606	0.00816	0.00649	0.00206	0.00557	0.00653	0.03708	0.01091
69	0.00836	0.00598	0.00799	0.00948	0.00997	0.00560	0.00649	0.00970	0.01318	0.01760	0.05811	0.69974	0.04465	0.02066	0.00858	0.00273	0.00400	0.05540	0.00626	0.00552
70	0.01707	0.01444	0.01521	0.01347	0.01734	0.01651	0.01054	0.09643	0.61142	0.02889	0.02833	0.02621	0.05520	0.00941	0.00687	0.00225	0.00541	0.00778	0.00679	0.01044
71	0.01733	0.01617	0.02666	0.03909	0.66528	0.01634	0.01995	0.07585	0.01660	0.02358	0.01290	0.01657	0.01069	0.00615	0.00665	0.00199	0.00792	0.00598	0.00360	0.01069
72	0.02801	0.01216	0.04017	0.01197	0.01715	0.01011	0.01017	0.04970	0.01913	0.63885	0.02825	0.02494	0.05989	0.00877	0.00681	0.00209	0.00576	0.00713	0.00794	0.01101
73	0.01060	0.00697	0.00861	0.00835	0.01014	0.00629	0.00620	0.01307	0.01689	0.07344	0.37289	0.16660	0.19710	0.01489	0.00775	0.00221	0.00352	0.01298	0.05511	0.00640
74	0.00818	0.00584	0.00779	0.00934	0.00973	0.00545	0.00623	0.00934	0.01285	0.01713	0.03698	0.75981	0.04438	0.02102	0.00856	0.00273	0.00389	0.01908	0.00623	0.00545
75	0.01391	0.01193	0.01391	0.00994	0.01590	0.00894	0.00795	0.01690	0.01391	0.02186	0.01193	0.01391	0.00994	0.00497	0.00497	0.00099	0.00497	0.00398	0.00398	0.80521
76	0.04409	0.01699	0.02026	0.01893	0.12376	0.05087	0.04775	0.41098	0.02399	0.03248	0.01524	0.01798	0.01194	0.03938	0.07273	0.02244	0.00869	0.00621	0.00535	0.00993
77	0.01069	0.00764	0.01068	0.01222	0.01372	0.00762	0.01061	0.01370	0.01533	0.01995	0.03559	0.10621	0.03887	0.01865	0.00924	0.00307	0.00608	0.64781	0.00618	0.00615
78	0.00871	0.00685	0.00792	0.00795	0.00983	0.00605	0.00606	0.01099	0.01642	0.02117	0.28043	0.09589	0.40821	0.01624	0.00807	0.00231	0.00359	0.07079	0.00661	0.00592
79	0.01718	0.05770	0.16804	0.07032	0.38163	0.01620	0.06231	0.05316	0.01595	0.07403	0.01354	0.01642	0.01045	0.00633	0.00656	0.00203	0.00839	0.00583	0.00371	0.01020
80	0.01469	0.01507	0.02562	0.40356	0.09394	0.06174	0.21369	0.01923	0.01465	0.01909	0.01280	0.01779	0.00979	0.00641	0.00692	0.00216	0.00949	0.00644	0.03878	0.00814

[dist]
# distance from previous block
# <min> <max>
0	1

[block]
# block no. 2 follows, 32 sequences, length 41
# corresponding to MSA columns:
# 229-269
name=unknown_C
#
# <colnr> <probs for GDERKNQSTAVLIFYWHMCP>
#	G	D	E	R	K	N	Q	S	T	A	V	L	I	F	Y	W	H	M	C	P
0	0.02121	0.05247	0.06039	0.01642	0.04390	0.09600	0.06962	0.33436	0.05537	0.06012	0.01737	0.01911	0.03068	0.03806	0.02884	0.00242	0.00825	0.00633	0.02929	0.00980
1	0.81159	0.01298	0.00986	0.00882	0.01298	0.01505	0.00727	0.01972	0.01142	0.03010	0.00934	0.01090	0.00727	0.00623	0.00415	0.00208	0.00519	0.00363	0.00415	0.00727
2	0.01435	0.01427	0.02075	0.07892	0.02036	0.01950	0.03675	0.01624	0.01074	0.01638	0.00958	0.01551	0.00917	0.01261	0.04780	0.00316	0.63759	0.00600	0.00298	0.00735
3	0.00825	0.00678	0.00727	0.00721	0.00928	0.00579	0.00538	0.01023	0.01597	0.01987	0.19873	0.08310	0.56595	0.01645	0.00795	0.00225	0.00337	0.01390	0.00646	0.00579
4	0.01032	0.00679	0.00848	0.00821	0.00981	0.00628	0.00609	0.01315	0.01733	0.04590	0.47408	0.12488	0.09559	0.01368	0.00746	0.00210	0.00333	0.01198	0.12822	0.00633
5	0.07932	0.00884	0.01110	0.00981	0.01201	0.00886	0.02952	0.03517	0.01368	0.16296	0.03961	0.03149	0.02004	0.26736	0.12012	0.00477	0.00753	0.02519	0.10577	0.00684
6	0.00942	0.00794	0.00834	0.00802	0.01013	0.03049	0.00603	0.01234	0.04353	0.02175	0.30890	0.05589	0.42280	0.01513	0.00782	0.00219	0.00367	0.01282	0.00660	0.00618
7	0.02551	0.01879	0.02014	0.01544	0.02081	0.02081	0.01275	0.69996	0.03155	0.04229	0.01611	0.01611	0.01141	0.00805	0.00671	0.00201	0.00738	0.00604	0.00671	0.01141
8	0.02551	0.01879	0.02014	0.01544	0.02081	0.02081	0.01275	0.69996	0.03155	0.04229	0.01611	0.01611	0.01141	0.00805	0.00671	0.00201	0.00738	0.00604	0.00671	0.01141
9	0.00899	0.00684	0.00827	0.00791	0.00971	0.00612	0.00593	0.01168	0.01780	0.02408	0.50899	0.05478	0.27488	0.01477	0.00792	0.00216	0.00324	0.01279	0.00701	0.00612
10	0.01584	0.01810	0.03959	0.02828	0.03507	0.01697	0.69796	0.02149	0.01584	0.02149	0.01357	0.01810	0.01018	0.00566	0.00792	0.00226	0.01131	0.00792	0.00339	0.00905
11	0.81159	0.01298	0.00986	0.00882	0.01298	0.01505	0.00727	0.01972	0.01142	0.03010	0.00934	0.01090	0.00727	0.00623	0.00415	0.00208	0.00519	0.00363	0.00415	0.00727
12	0.01296	0.01173	0.01926	0.18843	0.33731	0.01226	0.01544	0.01613	0.01406	0.01928	0.02047	0.26113	0.02134	0.01108	0.00729	0.00229	0.00685	0.01028	0.00420	0.00822
13	0.00854	0.00671	0.00729	0.00728	0.00892	0.00592	0.00516	0.01013	0.01475	0.01856	0.16372	0.08946	0.45285	0.15614	0.01285	0.00305	0.00396	0.01323	0.00601	0.00546
14	0.11123	0.01255	0.01557	0.01207	0.01718	0.01183	0.00997	0.11851	0.02000	0.56466	0.02333	0.02071	0.01495	0.00805	0.00647	0.00207	0.00587	0.00633	0.00766	0.01098
15	0.00801	0.00647	0.00713	0.00766	0.00929	0.00559	0.00548	0.00953	0.01446	0.01779	0.05744	0.30082	0.49016	0.01836	0.00815	0.00242	0.00357	0.01583	0.00623	0.00559
16	0.01391	0.01193	0.01391	0.00994	0.01590	0.00894	0.00795	0.01690	0.01391	0.02186	0.01193	0.01391	0.00994	0.00497	0.00497	0.00099	0.00497	0.00398	0.00398	0.80521
17	0.01340	0.07658	0.08363	0.01391	0.01657	0.05633	0.06300	0.03801	0.01261	0.01710	0.01500	0.02363	0.01436	0.16674	0.23524	0.00564	0.13098	0.00681	0.00353	0.00694
18	0.01267	0.01193	0.02013	0.74806	0.04621	0.01491	0.01863	0.01714	0.01342	0.01714	0.01193	0.01789	0.00894	0.00671	0.00671	0.00224	0.00894	0.00596	0.00298	0.00745
19	0.02598	0.01803	0.01966	0.01508	0.02043	0.01968	0.01245	0.63094	0.03027	0.11311	0.01718	0.01681	0.01195	0.00808	0.00672	0.00202	0.00721	0.00611	0.00688	0.01141
20	0.03010	0.01142	0.01557	0.01194	0.01713	0.00986	0.00986	0.03270	0.01920	0.72698	0.02647	0.02284	0.01661	0.00830	0.00675	0.00208	0.00571	0.00675	0.00830	0.01142
21	0.00959	0.00719	0.01078	0.01078	0.01198	0.00839	0.00839	0.01198	0.01078	0.01558	0.01797	0.02636	0.01677	0.05032	0.73760	0.01078	0.01797	0.00719	0.00359	0.00599
22	0.08505	0.01390	0.01615	0.01263	0.01753	0.01408	0.01038	0.26802	0.04039	0.36807	0.02124	0.01976	0.01420	0.00805	0.00641	0.00203	0.00609	0.00625	0.05903	0.01075
23	0.06003	0.01148	0.01535	0.01182	0.01697	0.01006	0.00976	0.03220	0.01891	0.70029	0.02582	0.02238	0.01625	0.00823	0.00665	0.00208	0.00569	0.00663	0.00815	0.01126
24	0.02551	0.01879	0.02014	0.01544	0.02081	0.02081	0.01275	0.69996	0.03155	0.04229	0.01611	0.01611	0.01141	0.00805	0.00671	0.00201	0.00738	0.00604	0.00671	0.01141
25	0.01661	0.01594	0.02724	0.04119	0.72233	0.01594	0.02059	0.02059	0.01528	0.02192	0.01262	0.01661	0.01063	0.00598	0.00664	0.00199	0.00797	0.00598	0.00332	0.01063
26	0.01422	0.01400	0.01967	0.01700	0.01710	0.01945	0.01411	0.01577	0.01032	0.01610	0.00964	0.01574	0.00953	0.01525	0.08696	0.00365	0.68530	0.00599	0.00300	0.00722
27	0.02987	0.01180	0.01581	0.01212	0.01732	0.01043	0.01001	0.06722	0.01984	0.69156	0.02594	0.02249	0.01634	0.00829	0.00675	0.00207	0.00580	0.00671	0.00822	0.01142
28	0.00874	0.00623	0.00836	0.00976	0.01040	0.00592	0.00696	0.01031	0.01353	0.01803	0.07157	0.58594	0.04382	0.04039	0.00935	0.00286	0.00432	0.13172	0.00622	0.00558
29	0.01573	0.01884	0.07044	0.02787	0.03480	0.01691	0.66786	0.02148	0.01576	0.02148	0.01351	0.01792	0.01011	0.00569	0.00785	0.00226	0.01125	0.00779	0.00337	0.00909
30	0.03010	0.01142	0.01557	0.01194	0.01713	0.00986	0.00986	0.03270	0.01920	0.72698	0.02647	0.02284	0.01661	0.00830	0.00675	0.00208	0.00571	0.00675	0.00830	0.01142
31	0.01030	0.00634	0.00792	0.00792	0.00798	0.00641	0.00481	0.00958	0.00952	0.01275	0.01820	0.03610	0.02026	0.50949	0.06930	0.24019	0.00692	0.00847	0.00370	0.00383
32	0.08924	0.01136	0.01270	0.01083	0.01400	0.01215	0.00872	0.20011	0.01870	0.12580	0.01981	0.02435	0.01582	0.04412	0.06647	0.00288	0.03128	0.04198	0.24132	0.00835
33	0.01770	0.72915	0.07214	0.01189	0.01785	0.02597	0.01219	0.02015	0.01366	0.01608	0.00947	0.01094	0.00860	0.00577	0.00442	0.00147	0.00732	0.00366	0.00287	0.00868
34	0.02244	0.01619	0.01732	0.01367	0.01823	0.01782	0.01116	0.53184	0.06824	0.03826	0.04110	0.01915	0.01457	0.00827	0.00645	0.00196	0.00646	0.00637	0.13009	0.01039
35	0.01350	0.00720	0.00956	0.00984	0.01144	0.00659	0.00713	0.01521	0.01447	0.17711	0.03353	0.51531	0.03605	0.01716	0.00792	0.00252	0.00435	0.04345	0.06078	0.00688
36	0.01267	0.01193	0.02013	0.74806	0.04621	0.01491	0.01863	0.01714	0.01342	0.01714	0.01193	0.01789	0.00894	0.00671	0.00671	0.00224	0.00894	0.00596	0.00298	0.00745
37	0.02928	0.01166	0.01564	0.01196	0.01719	0.01015	0.00987	0.05197	0.01935	0.67650	0.02554	0.02226	0.01617	0.00816	0.00667	0.00203	0.00573	0.00661	0.00807	0.04520
38	0.01346	0.03471	0.72942	0.01912	0.02904	0.01558	0.02479	0.02125	0.01417	0.02125	0.01204	0.01417	0.00850	0.00637	0.00637	0.00212	0.00992	0.00496	0.00283	0.00992
39	0.00925	0.00683	0.00876	0.00920	0.01065	0.00634	0.00709	0.01174	0.01632	0.02190	0.31683	0.20144	0.16847	0.01683	0.00835	0.00248	0.00402	0.16082	0.00668	0.00600
40	0.02383	0.08119	0.01838	0.01439	0.06712	0.01363	0.01098	0.11820	0.01851	0.37647	0.02014	0.02067	0.01436	0.04863	0.03722	0.00256	0.04856	0.00629	0.00630	0.05257

[dist]
# distance from previous block
# <min> <max>
0	2

[block]
# block no. 3 follows, 32 sequences, length 24
# corresponding to MSA columns:
# 272-295
name=unknown_D
#
# <colnr> <probs for GDERKNQSTAVLIFYWHMCP>
#	G	D	E	R	K	N	Q	S	T	A	V	L	I	F	Y	W	H	M	C	P
0	0.10405	0.02839	0.04474	0.01828	0.07485	0.55371	0.01340	0.05125	0.01826	0.01941	0.01072	0.01256	0.00876	0.00680	0.00594	0.00181	0.01081	0.00447	0.00362	0.00817
1	0.00839	0.00681	0.00746	0.00750	0.00951	0.00588	0.00566	0.01042	0.01592	0.01989	0.19239	0.09270	0.52894	0.01660	0.00802	0.00230	0.00351	0.04584	0.00645	0.00581
2	0.01712	0.03704	0.02214	0.02772	0.37371	0.11307	0.01579	0.06216	0.04242	0.02099	0.01508	0.01963	0.03200	0.06018	0.04487	0.00277	0.07407	0.00629	0.00378	0.00914
3	0.00949	0.00688	0.00886	0.00848	0.01001	0.00637	0.00635	0.01241	0.01816	0.02543	0.61853	0.05168	0.09343	0.05338	0.00935	0.00239	0.00349	0.04206	0.00710	0.00617
4	0.01934	0.01573	0.01667	0.01419	0.01846	0.01793	0.01126	0.23554	0.50601	0.03235	0.02394	0.02235	0.01775	0.00879	0.00679	0.00220	0.00593	0.00712	0.00679	0.01086
5	0.01009	0.00689	0.00836	0.00821	0.00982	0.00652	0.00616	0.01339	0.03635	0.02467	0.41674	0.10550	0.11236	0.01349	0.00734	0.00211	0.00341	0.03584	0.16644	0.00629
6	0.00951	0.00697	0.00817	0.00779	0.00972	0.00617	0.00581	0.01188	0.01699	0.04556	0.38228	0.05524	0.34562	0.04780	0.00903	0.00237	0.00350	0.01273	0.00677	0.00611
7	0.02544	0.02065	0.01998	0.01570	0.02080	0.12145	0.01278	0.60539	0.02979	0.03865	0.01530	0.01555	0.01102	0.00789	0.00662	0.00197	0.00805	0.00580	0.00626	0.01090
8	0.01391	0.01193	0.01391	0.00994	0.01590	0.00894	0.00795	0.01690	0.01391	0.02186	0.01193	0.01391	0.00994	0.00497	0.00497	0.00099	0.00497	0.00398	0.00398	0.80521
9	0.77676	0.01323	0.01032	0.00912	0.01332	0.01531	0.00751	0.04986	0.01231	0.03064	0.00964	0.01113	0.00745	0.00631	0.00427	0.00207	0.00529	0.00374	0.00427	0.00745
10	0.00959	0.00719	0.01078	0.01078	0.01198	0.00839	0.00839	0.01198	0.01078	0.01558	0.01797	0.02636	0.01677	0.05032	0.73760	0.01078	0.01797	0.00719	0.00359	0.00599
11	0.00821	0.00681	0.00718	0.00709	0.00923	0.00578	0.00532	0.01017	0.01595	0.01969	0.18361	0.06201	0.60300	0.01641	0.00793	0.00224	0.00336	0.01380	0.00644	0.00578
12	0.01802	0.01650	0.02350	0.19715	0.34799	0.09478	0.03935	0.04638	0.01599	0.08213	0.01341	0.01689	0.01047	0.00678	0.00734	0.00208	0.04204	0.00592	0.00380	0.00948
13	0.01669	0.01441	0.01517	0.01365	0.01745	0.01669	0.01062	0.03565	0.71021	0.02807	0.02731	0.02503	0.02048	0.00910	0.00683	0.00228	0.00531	0.00759	0.00683	0.01062
14	0.02352	0.01780	0.04427	0.01910	0.05444	0.10785	0.19433	0.11627	0.01934	0.28432	0.01804	0.01853	0.01245	0.00733	0.00740	0.00210	0.03062	0.00654	0.00563	0.01012
15	0.00834	0.00601	0.00782	0.00904	0.00963	0.00558	0.00609	0.00967	0.01342	0.01790	0.09889	0.63037	0.08406	0.04751	0.00941	0.00278	0.00390	0.01783	0.00625	0.00549
16	0.02551	0.01879	0.02014	0.01544	0.02081	0.02081	0.01275	0.69996	0.03155	0.04229	0.01611	0.01611	0.01141	0.00805	0.00671	0.00201	0.00738	0.00604	0.00671	0.01141
17	0.00948	0.00821	0.03174	0.03178	0.01331	0.00725	0.04305	0.01194	0.01491	0.01963	0.14355	0.28616	0.18904	0.01771	0.02630	0.00274	0.00511	0.12597	0.00599	0.00614
18	0.02506	0.03198	0.01901	0.01729	0.02074	0.73725	0.01296	0.02679	0.01901	0.01642	0.01037	0.01210	0.00864	0.00691	0.00605	0.00173	0.01210	0.00432	0.00346	0.00778
19	0.02982	0.01187	0.01585	0.01215	0.01735	0.01053	0.01004	0.07362	0.01996	0.68499	0.02584	0.02243	0.01629	0.00829	0.00675	0.00207	0.00581	0.00670	0.00821	0.01142
20	0.00841	0.00598	0.00787	0.00912	0.00960	0.00561	0.00609	0.00970	0.01324	0.01781	0.10280	0.64149	0.04488	0.07084	0.01024	0.00292	0.00400	0.01776	0.00620	0.00544
21	0.01723	0.01468	0.01548	0.01376	0.01765	0.01694	0.01075	0.07640	0.66859	0.02894	0.02662	0.02449	0.01993	0.00904	0.00682	0.00226	0.00544	0.00749	0.00682	0.01067
22	0.64724	0.01403	0.03472	0.01000	0.01454	0.01507	0.00854	0.07775	0.01391	0.09567	0.01159	0.01255	0.00852	0.00658	0.00468	0.00207	0.00558	0.00417	0.00471	0.00809
23	0.02445	0.01999	0.01906	0.01533	0.02016	0.13629	0.01236	0.46780	0.12144	0.06904	0.01720	0.01700	0.01245	0.00802	0.00662	0.00201	0.00779	0.00601	0.00627	0.01071

[dist]
# distance from previous block
# <min> <max>
0	5

[block]
# block no. 4 follows, 32 sequences, length 62
# corresponding to MSA columns:
# 301-326,328-363
name=unknown_E
#
# <colnr> <probs for GDERKNQSTAVLIFYWHMCP>
#	G	D	E	R	K	N	Q	S	T	A	V	L	I	F	Y	W	H	M	C	P
0	0.01211	0.01202	0.05746	0.02008	0.22190	0.01046	0.06745	0.01575	0.01674	0.02320	0.30091	0.03839	0.14071	0.01098	0.00748	0.00213	0.00571	0.02319	0.00541	0.00791
1	0.01090	0.00789	0.01080	0.01217	0.01375	0.00796	0.01047	0.01456	0.04477	0.02042	0.05080	0.10770	0.03870	0.01815	0.00910	0.00301	0.00596	0.60032	0.00624	0.00633
2	0.01794	0.76823	0.03516	0.01148	0.01722	0.02655	0.01148	0.02009	0.01363	0.01579	0.00933	0.01076	0.00861	0.00574	0.00431	0.00144	0.00718	0.00359	0.00287	0.00861
3	0.01842	0.08941	0.15190	0.02395	0.25970	0.01631	0.03543	0.08509	0.08147	0.10778	0.01553	0.01699	0.01170	0.00672	0.00635	0.00196	0.00761	0.00576	0.00446	0.05345
4	0.01974	0.04168	0.03766	0.01405	0.01845	0.05749	0.01145	0.13528	0.45795	0.09591	0.02352	0.02194	0.01731	0.00855	0.00666	0.00215	0.00624	0.00688	0.00651	0.01057
5	0.01591	0.01370	0.01445	0.01312	0.01672	0.01569	0.01016	0.03330	0.64754	0.02714	0.02993	0.05193	0.06078	0.00995	0.00695	0.00229	0.00515	0.00834	0.00677	0.01017
6	0.02246	0.04294	0.23163	0.01566	0.04742	0.01306	0.03165	0.07275	0.01796	0.36585	0.03706	0.03954	0.01506	0.00795	0.00666	0.00209	0.00725	0.00652	0.00600	0.01051
7	0.07018	0.04577	0.08722	0.02425	0.23552	0.09962	0.08298	0.13451	0.01828	0.09436	0.01391	0.01593	0.01055	0.00685	0.00693	0.00203	0.03109	0.00574	0.00438	0.00991
8	0.81159	0.01298	0.00986	0.00882	0.01298	0.01505	0.00727	0.01972	0.01142	0.03010	0.00934	0.01090	0.00727	0.00623	0.00415	0.00208	0.00519	0.00363	0.00415	0.00727
9	0.01065	0.00746	0.01005	0.01025	0.01153	0.00792	0.00787	0.01314	0.03348	0.04056	0.02638	0.06357	0.06461	0.18625	0.32659	0.00698	0.01104	0.15102	0.00473	0.00592
10	0.01946	0.04134	0.10028	0.04183	0.06366	0.04272	0.01354	0.27517	0.13802	0.04439	0.01699	0.03764	0.01311	0.00770	0.00641	0.00193	0.00712	0.00613	0.00537	0.11718
11	0.01709	0.01183	0.01424	0.01033	0.01614	0.00912	0.00833	0.02000	0.01495	0.16033	0.01478	0.01567	0.01125	0.00562	0.00532	0.00121	0.00511	0.00452	0.00483	0.64933
12	0.01522	0.13979	0.36418	0.02076	0.11959	0.01755	0.06525	0.04435	0.05505	0.02129	0.01345	0.03768	0.01082	0.00706	0.00696	0.00207	0.04016	0.00574	0.00341	0.00960
13	0.01220	0.06356	0.06347	0.05765	0.10392	0.01130	0.01160	0.01525	0.01278	0.04246	0.06733	0.02487	0.01803	0.05329	0.40419	0.00689	0.01306	0.00699	0.00388	0.00726
14	0.01027	0.00738	0.00909	0.00887	0.01052	0.00717	0.00663	0.01456	0.08024	0.02506	0.45587	0.13532	0.07624	0.01389	0.00762	0.00218	0.00355	0.03234	0.08663	0.00657
15	0.02984	0.01185	0.01584	0.01214	0.01734	0.01050	0.01003	0.07135	0.01992	0.68732	0.02587	0.02245	0.01631	0.00829	0.00675	0.00207	0.00581	0.00671	0.00821	0.01142
16	0.01755	0.09359	0.31627	0.02113	0.14589	0.09068	0.03870	0.08501	0.01681	0.06294	0.01507	0.01675	0.03629	0.00695	0.00636	0.00199	0.00887	0.00558	0.00381	0.00974
17	0.01451	0.04042	0.16577	0.21062	0.18497	0.01468	0.05399	0.06417	0.01549	0.02162	0.01703	0.03724	0.05211	0.00750	0.00657	0.00208	0.00798	0.00661	0.06782	0.00881
18	0.00830	0.00676	0.00734	0.00731	0.00932	0.00580	0.00544	0.01030	0.01599	0.02005	0.21271	0.10159	0.53274	0.01649	0.00796	0.00226	0.00337	0.01399	0.00649	0.00580
19	0.03075	0.00628	0.00798	0.00897	0.00971	0.00593	0.00611	0.01021	0.01373	0.01890	0.14929	0.55507	0.06963	0.06230	0.00979	0.00281	0.00394	0.01678	0.00624	0.00557
20	0.01717	0.11438	0.07400	0.08410	0.28492	0.08763	0.10818	0.04159	0.05858	0.02090	0.01289	0.01600	0.01041	0.00654	0.00700	0.00201	0.03487	0.00580	0.00353	0.00949
21	0.02697	0.01310	0.01550	0.01235	0.01704	0.05319	0.01009	0.10707	0.04603	0.51113	0.02437	0.02340	0.01646	0.00853	0.00665	0.00206	0.00610	0.02844	0.06087	0.01066
22	0.00891	0.00681	0.00819	0.00806	0.00981	0.00609	0.00605	0.01143	0.01717	0.02293	0.41990	0.10025	0.29417	0.01551	0.00801	0.00224	0.00341	0.03817	0.00686	0.00603
23	0.00940	0.00658	0.00838	0.00877	0.01007	0.00600	0.00631	0.01145	0.01568	0.04473	0.28122	0.35703	0.15916	0.01732	0.00819	0.00242	0.00367	0.03090	0.00670	0.00601
24	0.04178	0.01577	0.05866	0.26152	0.11507	0.08339	0.07887	0.06280	0.01554	0.02075	0.01585	0.08451	0.01420	0.00864	0.00735	0.00222	0.03200	0.04109	0.03187	0.00812
25	0.12796	0.08551	0.16804	0.02607	0.30060	0.06481	0.06771	0.02077	0.01452	0.02180	0.01185	0.01492	0.00958	0.00752	0.02932	0.00226	0.00875	0.00530	0.00332	0.00938
26	0.01574	0.15510	0.26419	0.02617	0.28142	0.01780	0.06401	0.02162	0.05327	0.02093	0.01272	0.01532	0.01008	0.00622	0.00623	0.00197	0.00855	0.00543	0.00328	0.00993
27	0.01763	0.01863	0.04976	0.03365	0.49520	0.10983	0.06255	0.04070	0.01614	0.02173	0.01242	0.01584	0.01024	0.00609	0.00653	0.00191	0.00857	0.00572	0.00347	0.06341
28	0.01525	0.32784	0.45198	0.01607	0.02432	0.01997	0.01947	0.02079	0.01395	0.01907	0.01096	0.01281	0.00854	0.00612	0.00555	0.00185	0.00882	0.00441	0.00285	0.00939
29	0.00877	0.00720	0.02779	0.00877	0.01024	0.00610	0.00655	0.01098	0.01568	0.02112	0.29926	0.33507	0.18356	0.01708	0.00813	0.00239	0.00369	0.01511	0.00657	0.00595
30	0.00980	0.00793	0.00883	0.00866	0.01081	0.00756	0.00659	0.01435	0.11614	0.02151	0.20411	0.08526	0.37840	0.03367	0.00853	0.00241	0.00391	0.05850	0.00652	0.00652
31	0.00852	0.00676	0.00765	0.00755	0.00945	0.00589	0.00561	0.01072	0.01650	0.02127	0.30336	0.10043	0.44046	0.01604	0.00796	0.00224	0.00334	0.01371	0.00665	0.00589
32	0.02445	0.01424	0.01621	0.01274	0.01736	0.01481	0.01042	0.35571	0.04632	0.25151	0.02066	0.01999	0.01429	0.00813	0.00638	0.00197	0.00608	0.00635	0.14186	0.01051
33	0.01790	0.11820	0.02167	0.01456	0.01994	0.06593	0.09784	0.13576	0.14080	0.02512	0.01510	0.01623	0.01181	0.00654	0.00595	0.00166	0.00703	0.00543	0.00468	0.26783
34	0.00975	0.00706	0.00831	0.00851	0.00946	0.00685	0.00569	0.03560	0.03409	0.01835	0.12569	0.27044	0.13052	0.27922	0.01724	0.00387	0.00481	0.01340	0.00566	0.00548
35	0.03847	0.01143	0.01636	0.01376	0.01721	0.01141	0.12586	0.05737	0.15213	0.10796	0.07569	0.18446	0.11331	0.01235	0.00757	0.00234	0.00584	0.03205	0.00615	0.00827
