[name]
unknown

[dist]
# distance from previous block
# <min> <max>
0	55

[block]
# block no. 0 follows, 35 sequences, length 27
# corresponding to MSA columns:
# 55-81
name=unknown_A
#
# <colnr> <probs for GDERKNQSTAVLIFYWHMCP>
#	G	D	E	R	K	N	Q	S	T	A	V	L	I	F	Y	W	H	M	C	P
0	0.01022	0.00730	0.01022	0.01168	0.01314	0.00730	0.01022	0.01314	0.01460	0.01899	0.03359	0.07156	0.03651	0.01752	0.00876	0.00292	0.00584	0.69478	0.00584	0.00584
1	0.01315	0.01128	0.01315	0.00940	0.01503	0.00846	0.00752	0.01597	0.01315	0.02067	0.01128	0.01315	0.00940	0.00470	0.00470	0.00094	0.00470	0.00376	0.00376	0.81583
2	0.00796	0.00572	0.00738	0.00862	0.00912	0.00535	0.00582	0.00907	0.01214	0.01602	0.03552	0.62834	0.08675	0.08822	0.01028	0.00289	0.00397	0.04606	0.00570	0.00508
3	0.00803	0.00633	0.00670	0.00674	0.00863	0.00546	0.00500	0.00988	0.01465	0.01861	0.14156	0.10378	0.54966	0.01526	0.00730	0.00210	0.00320	0.01288	0.06876	0.00546
4	0.00831	0.00628	0.00767	0.00771	0.00916	0.00564	0.00563	0.01052	0.01580	0.02122	0.40290	0.19597	0.24960	0.01523	0.00761	0.00215	0.00319	0.01333	0.00645	0.00564
5	0.00779	0.00648	0.00683	0.00687	0.00892	0.00553	0.00524	0.00959	0.01477	0.01797	0.12104	0.06048	0.63468	0.01588	0.00757	0.00218	0.00335	0.05340	0.00598	0.00544
6	0.01557	0.01232	0.01326	0.01166	0.01492	0.01379	0.00912	0.13522	0.42874	0.02817	0.13888	0.02620	0.02429	0.00904	0.00640	0.00202	0.00479	0.00751	0.08902	0.00908
7	0.82186	0.01227	0.00932	0.00834	0.01227	0.01423	0.00687	0.01865	0.01080	0.02846	0.00883	0.01031	0.00687	0.00589	0.00393	0.00196	0.00491	0.00344	0.00393	0.00687
8	0.00915	0.00716	0.00782	0.00822	0.00959	0.02451	0.00583	0.01194	0.06861	0.01828	0.08790	0.33465	0.25062	0.05297	0.00858	0.00244	0.00385	0.01361	0.06858	0.00570
9	0.01315	0.01128	0.01315	0.00940	0.01503	0.00846	0.00752	0.01597	0.01315	0.02067	0.01128	0.01315	0.00940	0.00470	0.00470	0.00094	0.00470	0.00376	0.00376	0.81583
10	0.02062	0.01233	0.01373	0.03585	0.01567	0.04114	0.00914	0.25116	0.02059	0.22205	0.07455	0.02145	0.01710	0.00795	0.00594	0.00182	0.00546	0.00632	0.20820	0.00894
11	0.02373	0.01758	0.01882	0.01452	0.01952	0.01949	0.01196	0.68437	0.06242	0.03935	0.01573	0.01563	0.01119	0.00766	0.00635	0.00192	0.00689	0.00578	0.00635	0.01075
12	0.71325	0.01206	0.00972	0.00874	0.01245	0.01383	0.00709	0.05748	0.01198	0.02816	0.01123	0.06992	0.00982	0.00707	0.00439	0.00201	0.00493	0.00470	0.00422	0.00696
13	0.01570	0.01507	0.02575	0.03894	0.73748	0.01507	0.01947	0.01947	0.01444	0.02073	0.01193	0.01570	0.01005	0.00565	0.00628	0.00188	0.00754	0.00565	0.00314	0.01005
14	0.01855	0.01500	0.01590	0.01347	0.01755	0.01707	0.01071	0.26023	0.49500	0.03100	0.02231	0.02087	0.01652	0.00828	0.00642	0.00207	0.00567	0.00669	0.00642	0.01029
15	0.01598	0.01369	0.01540	0.06447	0.03779	0.01585	0.01101	0.09681	0.53655	0.02619	0.02389	0.02294	0.03992	0.00863	0.00710	0.00215	0.03907	0.00701	0.00593	0.00962
16	0.01185	0.01106	0.01856	0.72848	0.04218	0.01374	0.01710	0.01602	0.01292	0.01662	0.04323	0.01826	0.01073	0.00664	0.00639	0.00211	0.00822	0.00590	0.00300	0.00700
17	0.02525	0.01262	0.01545	0.01221	0.01689	0.01246	0.00996	0.15775	0.15483	0.47659	0.02337	0.02081	0.01549	0.00795	0.00639	0.00199	0.00562	0.00641	0.00731	0.01065
18	0.01529	0.01310	0.01677	0.10359	0.16571	0.08705	0.03880	0.06363	0.04922	0.08325	0.03864	0.17082	0.05676	0.03557	0.00806	0.00224	0.03010	0.00883	0.00470	0.00787
19	0.01387	0.05832	0.41204	0.02146	0.02941	0.01574	0.31771	0.02014	0.01405	0.01997	0.01189	0.01484	0.00872	0.00571	0.00657	0.00204	0.00983	0.00583	0.00291	0.00897
20	0.00766	0.00580	0.00707	0.00810	0.00901	0.00521	0.00556	0.00892	0.01285	0.01648	0.04394	0.55489	0.25418	0.01871	0.00791	0.00244	0.00354	0.01661	0.00589	0.00521
21	0.01571	0.01564	0.05085	0.07889	0.51898	0.01497	0.14397	0.01986	0.01453	0.04670	0.01251	0.01617	0.01002	0.00573	0.00650	0.00195	0.00814	0.00598	0.00329	0.00960
22	0.01626	0.11213	0.32699	0.01971	0.12428	0.04152	0.06546	0.10281	0.06478	0.04757	0.01313	0.01474	0.00981	0.00630	0.00600	0.00191	0.00826	0.00519	0.00367	0.00946
23	0.00941	0.00692	0.00921	0.00908	0.00960	0.00778	0.00639	0.01055	0.00979	0.01371	0.01840	0.05710	0.01952	0.37535	0.35240	0.00762	0.06042	0.00820	0.00364	0.00490
24	0.00894	0.00603	0.00700	0.00728	0.00735	0.00596	0.00423	0.00915	0.00978	0.01304	0.02281	0.17950	0.02663	0.63420	0.02772	0.00548	0.00568	0.01089	0.00423	0.00409
25	0.01302	0.02639	0.53064	0.01606	0.02351	0.01385	0.01918	0.04704	0.09488	0.02211	0.09182	0.02022	0.01595	0.00751	0.00634	0.00205	0.00799	0.02862	0.00381	0.00902
26	0.04626	0.11557	0.23885	0.01945	0.15148	0.14368	0.01631	0.09062	0.03793	0.06406	0.01244	0.01396	0.00947	0.00631	0.00578	0.00183	0.00832	0.00484	0.00370	0.00916

[dist]
# distance from previous block
# <min> <max>
1	5

[block]
# block no. 1 follows, 35 sequences, length 14
# corresponding to MSA columns:
# 87-100
name=unknown_B
#
# <colnr> <probs for GDERKNQSTAVLIFYWHMCP>
#	G	D	E	R	K	N	Q	S	T	A	V	L	I	F	Y	W	H	M	C	P
0	0.43448	0.03616	0.04801	0.04438	0.17235	0.11650	0.02659	0.01977	0.01290	0.02367	0.00992	0.01215	0.00794	0.00593	0.00494	0.00190	0.00687	0.00422	0.00352	0.00781
1	0.04696	0.01491	0.02539	0.06895	0.60079	0.01509	0.07348	0.01977	0.03515	0.02096	0.01226	0.01589	0.01009	0.00576	0.00629	0.00193	0.00765	0.00575	0.00326	0.00967
2	0.01522	0.01657	0.11862	0.08696	0.21720	0.05247	0.02791	0.07570	0.12590	0.03769	0.06329	0.05069	0.03705	0.00778	0.00640	0.00196	0.00697	0.00676	0.00439	0.04046
3	0.00890	0.00648	0.00836	0.00789	0.00943	0.00595	0.00592	0.01181	0.01776	0.02497	0.69641	0.04816	0.09787	0.01314	0.00748	0.00200	0.00301	0.01158	0.00692	0.00595
4	0.01310	0.04977	0.23236	0.01647	0.03871	0.01647	0.01581	0.01639	0.01124	0.01680	0.01127	0.01757	0.01038	0.04530	0.05756	0.00305	0.38696	0.03030	0.00295	0.00754
5	0.00811	0.00645	0.00744	0.00756	0.00905	0.00587	0.00550	0.00984	0.01439	0.01848	0.19840	0.20291	0.39878	0.04632	0.00898	0.00238	0.02460	0.01355	0.00596	0.00543
6	0.00813	0.00639	0.00735	0.00725	0.00899	0.00561	0.00538	0.01029	0.01576	0.02055	0.34299	0.10587	0.40273	0.01504	0.00753	0.00211	0.00315	0.01292	0.00635	0.00561
7	0.02321	0.04580	0.01929	0.01471	0.01935	0.10993	0.01205	0.56247	0.04615	0.03482	0.01438	0.01477	0.01052	0.00756	0.00672	0.00189	0.03509	0.00546	0.00571	0.01011
8	0.01300	0.08092	0.69847	0.01762	0.02674	0.01540	0.02263	0.02002	0.01336	0.01976	0.01122	0.01319	0.00804	0.00599	0.00590	0.00197	0.00921	0.00460	0.00268	0.00930
9	0.01866	0.05819	0.05211	0.04847	0.01811	0.30804	0.01111	0.13114	0.01760	0.04792	0.01906	0.02123	0.10073	0.04391	0.05159	0.02539	0.00892	0.00609	0.00421	0.00753
10	0.05055	0.34601	0.24400	0.04583	0.08131	0.04859	0.01520	0.01895	0.01345	0.01797	0.02813	0.01479	0.03827	0.00632	0.00521	0.00171	0.00758	0.00467	0.00304	0.00839
11	0.01743	0.00997	0.03388	0.01097	0.01446	0.00865	0.05974	0.04756	0.01661	0.29321	0.11992	0.10260	0.12406	0.01084	0.00683	0.00205	0.00500	0.03321	0.07491	0.00810
12	0.00803	0.00641	0.00701	0.00701	0.00875	0.00560	0.00515	0.00977	0.01455	0.01827	0.18433	0.08263	0.49483	0.08710	0.00988	0.00253	0.00354	0.03337	0.00590	0.00534
13	0.01591	0.01163	0.03680	0.04730	0.12721	0.01062	0.03044	0.05027	0.06968	0.16607	0.10969	0.04741	0.08851	0.01031	0.03683	0.00221	0.00599	0.00753	0.00536	0.12024

[dist]
# distance from previous block
# <min> <max>
0	2

[block]
# block no. 2 follows, 35 sequences, length 8
# corresponding to MSA columns:
# 103-110
name=unknown_C
#
# <colnr> <probs for GDERKNQSTAVLIFYWHMCP>
#	G	D	E	R	K	N	Q	S	T	A	V	L	I	F	Y	W	H	M	C	P
0	0.54356	0.01598	0.03935	0.01063	0.01454	0.13293	0.00885	0.06305	0.03347	0.02609	0.01143	0.03531	0.00959	0.00692	0.00478	0.00196	0.00625	0.02392	0.00411	0.00730
1	0.01005	0.00768	0.00843	0.00835	0.00933	0.03583	0.00580	0.01191	0.03982	0.01575	0.02687	0.09383	0.12857	0.30870	0.15085	0.00507	0.02828	0.00937	0.09032	0.00519
2	0.14306	0.26395	0.22043	0.03679	0.01959	0.03974	0.01379	0.05029	0.05310	0.03868	0.03929	0.01411	0.01085	0.00649	0.00554	0.00181	0.02591	0.00460	0.00357	0.00839
3	0.01454	0.01370	0.02310	0.12253	0.57662	0.01399	0.01781	0.01828	0.01461	0.02068	0.08871	0.01922	0.01516	0.00651	0.00642	0.00192	0.00716	0.00627	0.00351	0.00926
4	0.02213	0.02718	0.01892	0.01944	0.12357	0.60664	0.01319	0.02492	0.05415	0.01685	0.01094	0.01269	0.00902	0.00652	0.00584	0.00170	0.01054	0.00447	0.00342	0.00788
5	0.01883	0.06377	0.15373	0.01432	0.04135	0.05822	0.01291	0.19597	0.12202	0.13312	0.07971	0.02087	0.04106	0.00799	0.00627	0.00194	0.00671	0.00635	0.00544	0.00944
6	0.01098	0.00825	0.01038	0.01001	0.01114	0.00900	0.00737	0.08629	0.03118	0.01896	0.10292	0.21533	0.02868	0.19167	0.13207	0.00447	0.07016	0.04025	0.00496	0.00593
7	0.00947	0.00687	0.00897	0.00887	0.00969	0.00749	0.00626	0.01167	0.04712	0.01502	0.06316	0.03298	0.02169	0.33933	0.37545	0.00763	0.01111	0.00809	0.00396	0.00517

[dist]
# distance from previous block
# <min> <max>
0	17

[block]
# block no. 3 follows, 35 sequences, length 73
# corresponding to MSA columns:
# 128-200
name=unknown_D
#
# <colnr> <probs for GDERKNQSTAVLIFYWHMCP>
#	G	D	E	R	K	N	Q	S	T	A	V	L	I	F	Y	W	H	M	C	P
0	0.05809	0.01137	0.01354	0.03263	0.01568	0.04987	0.03168	0.07948	0.07497	0.26157	0.04918	0.14956	0.04190	0.03646	0.00767	0.00229	0.00569	0.06386	0.00618	0.00831
1	0.01702	0.70151	0.07468	0.01154	0.01710	0.05836	0.01167	0.01936	0.01316	0.01526	0.00902	0.01043	0.00814	0.00551	0.00426	0.00141	0.00716	0.00350	0.00274	0.00818
2	0.02342	0.01626	0.01786	0.01374	0.01877	0.01744	0.01130	0.54986	0.06294	0.12108	0.01665	0.01627	0.01171	0.00748	0.00624	0.00185	0.00653	0.00573	0.00634	0.06850
3	0.05855	0.01516	0.02483	0.05976	0.18376	0.05307	0.25628	0.04176	0.05422	0.11874	0.03835	0.01923	0.03301	0.00668	0.00665	0.00201	0.00804	0.00667	0.00430	0.00894
4	0.01629	0.01536	0.02522	0.03753	0.69715	0.03478	0.01898	0.01996	0.01465	0.04154	0.01226	0.01576	0.01016	0.00574	0.00627	0.00188	0.00758	0.00563	0.00328	0.01000
5	0.01272	0.03281	0.74418	0.01808	0.02746	0.01473	0.02344	0.02009	0.01339	0.02009	0.01138	0.01339	0.00804	0.00603	0.00603	0.00201	0.00938	0.00469	0.00268	0.00938
6	0.01570	0.01507	0.02575	0.03894	0.73748	0.01507	0.01947	0.01947	0.01444	0.02073	0.01193	0.01570	0.01005	0.00565	0.00628	0.00188	0.00754	0.00565	0.00314	0.01005
7	0.04860	0.01470	0.14338	0.07321	0.02000	0.01237	0.08422	0.05477	0.05475	0.06539	0.05439	0.18801	0.02043	0.01061	0.00837	0.00225	0.09024	0.02443	0.02220	0.00767
8	0.03024	0.00658	0.00738	0.00719	0.00906	0.00585	0.00539	0.01053	0.01572	0.02082	0.33654	0.07706	0.41590	0.01464	0.00741	0.00209	0.00318	0.01248	0.00629	0.00565
9	0.01198	0.01128	0.01903	0.76180	0.04369	0.01409	0.01762	0.01621	0.01268	0.01621	0.01128	0.01691	0.00846	0.00634	0.00634	0.00211	0.00846	0.00564	0.00282	0.00705
10	0.29293	0.01515	0.01529	0.01213	0.01680	0.01670	0.01001	0.40587	0.02214	0.11371	0.01416	0.01428	0.01001	0.00706	0.00554	0.00193	0.00611	0.00502	0.00570	0.00947
11	0.01451	0.26535	0.06656	0.01081	0.01460	0.04936	0.00972	0.09113	0.01520	0.04203	0.04097	0.12755	0.11854	0.01294	0.06477	0.00249	0.00679	0.00787	0.03141	0.00742
12	0.00787	0.00593	0.00731	0.00817	0.00918	0.00536	0.00574	0.00937	0.01347	0.01750	0.11512	0.47759	0.23673	0.01803	0.00789	0.00241	0.00355	0.03748	0.00600	0.00532
13	0.01542	0.01472	0.02507	0.06257	0.69308	0.01482	0.01914	0.01918	0.01439	0.02052	0.01254	0.01736	0.01076	0.00602	0.00635	0.00192	0.00752	0.02559	0.00321	0.00983
14	0.02412	0.01777	0.01904	0.01460	0.01967	0.01967	0.01206	0.71633	0.02983	0.03998	0.01523	0.01523	0.01079	0.00762	0.00635	0.00190	0.00698	0.00571	0.00635	0.01079
15	0.01625	0.07286	0.40560	0.05221	0.04298	0.14509	0.03865	0.04496	0.03043	0.05407	0.01202	0.01388	0.00890	0.00641	0.00637	0.00193	0.03039	0.00485	0.00327	0.00889
16	0.01949	0.00946	0.01220	0.01005	0.01345	0.00872	0.00798	0.06343	0.04122	0.37257	0.27980	0.03246	0.05438	0.03606	0.00769	0.00212	0.00457	0.00851	0.00721	0.00864
17	0.01223	0.01190	0.03854	0.01641	0.01991	0.01106	0.27169	0.06842	0.03521	0.02022	0.02581	0.29542	0.06306	0.01244	0.00766	0.00234	0.00689	0.06875	0.00485	0.00717
18	0.01249	0.01179	0.01995	0.66310	0.13843	0.01423	0.01787	0.01665	0.01293	0.01683	0.01137	0.01675	0.00867	0.00625	0.00633	0.00208	0.00833	0.00564	0.00286	0.00746
19	0.00924	0.00742	0.01091	0.02885	0.05543	0.00734	0.04454	0.01147	0.03674	0.01732	0.05490	0.54995	0.05113	0.03599	0.00875	0.00256	0.02259	0.03351	0.00544	0.00589
20	0.00766	0.00580	0.00707	0.00809	0.00901	0.00522	0.00556	0.00892	0.01286	0.01649	0.04401	0.55312	0.25591	0.01870	0.00791	0.00244	0.00354	0.01660	0.00589	0.00522
21	0.10728	0.14251	0.04336	0.01401	0.01815	0.34774	0.01151	0.10691	0.11243	0.02137	0.01239	0.01327	0.00983	0.00668	0.00545	0.00174	0.00855	0.00453	0.00403	0.00826
22	0.05296	0.01371	0.01998	0.06349	0.30743	0.01341	0.05060	0.09856	0.03486	0.02299	0.01514	0.01750	0.04807	0.00630	0.00592	0.00170	0.00656	0.00563	0.00392	0.21128
23	0.05511	0.20970	0.13912	0.01603	0.06457	0.17129	0.03148	0.05813	0.11440	0.01994	0.01241	0.01385	0.00994	0.00668	0.00637	0.00182	0.05218	0.00477	0.00363	0.00858
24	0.04393	0.38398	0.04472	0.01394	0.04213	0.24285	0.01179	0.05721	0.07241	0.01805	0.01098	0.01217	0.00921	0.00617	0.00500	0.00159	0.00810	0.00413	0.00341	0.00825
25	0.00848	0.00619	0.00797	0.00811	0.00932	0.00568	0.00586	0.01078	0.01590	0.02194	0.46583	0.26910	0.11058	0.01533	0.00767	0.00218	0.00322	0.01363	0.00656	0.00568
26	0.00843	0.00619	0.00790	0.00805	0.00929	0.00566	0.00582	0.01070	0.01582	0.02171	0.44680	0.26444	0.13490	0.01539	0.00767	0.00219	0.00322	0.01365	0.00653	0.00566
27	0.00750	0.00643	0.00643	0.00643	0.00857	0.00536	0.00482	0.00910	0.01446	0.01714	0.06427	0.06105	0.73490	0.01607	0.00750	0.00214	0.00321	0.01339	0.00589	0.00536
28	0.00821	0.00617	0.00762	0.00845	0.00960	0.00566	0.00621	0.00987	0.01360	0.01755	0.09959	0.36889	0.24598	0.04178	0.00874	0.00257	0.00391	0.12434	0.00591	0.00535
29	0.01696	0.78087	0.03324	0.01085	0.01628	0.02510	0.01085	0.01900	0.01289	0.01493	0.00882	0.01018	0.00814	0.00543	0.00407	0.00136	0.00678	0.00339	0.00271	0.00814
30	0.49358	0.01212	0.01184	0.00978	0.01412	0.01288	0.00806	0.06877	0.01461	0.27726	0.01488	0.01455	0.01020	0.00668	0.00494	0.00196	0.00521	0.00461	0.00545	0.00849
31	0.26815	0.01322	0.01338	0.01134	0.01511	0.01458	0.00906	0.28602	0.07441	0.06905	0.01806	0.14739	0.01597	0.00932	0.00591	0.00206	0.00552	0.00731	0.00561	0.00853
32	0.02370	0.03023	0.01798	0.01634	0.01961	0.75158	0.01226	0.02533	0.01798	0.01553	0.00981	0.01144	0.00817	0.00654	0.00572	0.00163	0.01144	0.00409	0.00327	0.00735
33	0.00906	0.00680	0.01020	0.01020	0.01133	0.00793	0.00793	0.01133	0.01020	0.01473	0.01699	0.02492	0.01586	0.04758	0.75191	0.01020	0.01699	0.00680	0.00340	0.00566
34	0.00750	0.00643	0.00643	0.00643	0.00857	0.00536	0.00482	0.00910	0.01446	0.01714	0.06427	0.06105	0.73490	0.01607	0.00750	0.00214	0.00321	0.01339	0.00589	0.00536
35	0.01570	0.01507	0.02575	0.03894	0.73748	0.01507	0.01947	0.01947	0.01444	0.02073	0.01193	0.01570	0.01005	0.00565	0.00628	0.00188	0.00754	0.00565	0.00314	0.01005
36	0.82186	0.01227	0.00932	0.00834	0.01227	0.01423	0.00687	0.01865	0.01080	0.02846	0.00883	0.01031	0.00687	0.00589	0.00393	0.00196	0.00491	0.00344	0.00393	0.00687
37	0.00972	0.00727	0.01029	0.01006	0.01114	0.00839	0.00766	0.03496	0.01071	0.01526	0.01712	0.02660	0.01649	0.14633	0.60758	0.00916	0.03505	0.00706	0.00354	0.00562
38	0.01198	0.01128	0.01903	0.76180	0.04369	0.01409	0.01762	0.01621	0.01268	0.01621	0.01128	0.01691	0.00846	0.00634	0.00634	0.00211	0.00846	0.00564	0.00282	0.00705
39	0.00906	0.00680	0.01020	0.01020	0.01133	0.00793	0.00793	0.01133	0.01020	0.01473	0.01699	0.02492	0.01586	0.04758	0.75191	0.01020	0.01699	0.00680	0.00340	0.00566
40	0.01272	0.03281	0.74418	0.01808	0.02746	0.01473	0.02344	0.02009	0.01339	0.02009	0.01138	0.01339	0.00804	0.00603	0.00603	0.00201	0.00938	0.00469	0.00268	0.00938
41	0.00767	0.00591	0.00702	0.00784	0.00895	0.00526	0.00546	0.00903	0.01324	0.01684	0.06660	0.46593	0.32124	0.01815	0.00784	0.00239	0.00347	0.01598	0.00592	0.00526
42	0.00911	0.00659	0.00916	0.00916	0.00993	0.00737	0.00664	0.01066	0.00989	0.01396	0.01794	0.03017	0.01814	0.27815	0.52445	0.00892	0.01357	0.00756	0.00354	0.00509
43	0.01183	0.00591	0.00591	0.00591	0.00739	0.00591	0.00443	0.01478	0.01330	0.02365	0.02069	0.02365	0.01626	0.00739	0.00443	0.00148	0.00296	0.00591	0.81227	0.00591
44	0.08403	0.00934	0.01198	0.01115	0.01423	0.00903	0.00932	0.02152	0.05770	0.30341	0.02783	0.08686	0.02524	0.01239	0.00725	0.00240	0.00541	0.28630	0.00651	0.00807
45	0.02072	0.01608	0.01713	0.01391	0.01838	0.01809	0.01124	0.43819	0.31349	0.03450	0.01955	0.01867	0.01428	0.00802	0.00639	0.00200	0.00618	0.00631	0.00639	0.01048
46	0.01570	0.01507	0.02575	0.03894	0.73748	0.01507	0.01947	0.01947	0.01444	0.02073	0.01193	0.01570	0.01005	0.00565	0.00628	0.00188	0.00754	0.00565	0.00314	0.01005
47	0.02140	0.01389	0.04862	0.01246	0.01641	0.09688	0.03161	0.10480	0.01791	0.34813	0.04001	0.17857	0.02030	0.01017	0.00671	0.00206	0.00622	0.00857	0.00632	0.00895
48	0.02046	0.01436	0.01489	0.01247	0.01603	0.11538	0.00998	0.23681	0.01939	0.19392	0.01751	0.01920	0.01320	0.01825	0.20662	0.00409	0.00973	0.00594	0.04306	0.00871
49	0.01433	0.01367	0.02327	0.30545	0.48169	0.01471	0.01879	0.01827	0.01380	0.01906	0.01169	0.01615	0.00946	0.00591	0.00630	0.00197	0.00788	0.00565	0.00302	0.00894
50	0.01890	0.01480	0.01523	0.01298	0.01692	0.05238	0.01028	0.19639	0.42310	0.08936	0.02346	0.02200	0.03844	0.00840	0.00637	0.00203	0.00574	0.00676	0.02657	0.00990
51	0.01592	0.01290	0.01408	0.01198	0.01613	0.01365	0.00940	0.02932	0.51370	0.06826	0.02231	0.02104	0.01677	0.00763	0.00603	0.00185	0.00497	0.00631	0.00590	0.20184
52	0.01497	0.01711	0.03743	0.02674	0.03316	0.01604	0.71444	0.02032	0.01497	0.02032	0.01283	0.01711	0.00963	0.00535	0.00749	0.00214	0.01070	0.00749	0.00321	0.00856
53	0.01142	0.00591	0.00613	0.00620	0.00761	0.00587	0.00460	0.01426	0.01344	0.02324	0.05490	0.07400	0.01998	0.00847	0.00482	0.00157	0.00301	0.00697	0.72172	0.00587
54	0.01588	0.01352	0.01423	0.01276	0.01633	0.01561	0.00994	0.05044	0.68878	0.02680	0.02541	0.02345	0.01906	0.00855	0.00640	0.00213	0.00501	0.00710	0.02866	0.00995
55	0.00827	0.00628	0.00764	0.00780	0.00924	0.00564	0.00573	0.01040	0.01545	0.02056	0.34515	0.21480	0.26769	0.01563	0.00766	0.00220	0.00330	0.03462	0.00636	0.00560
56	0.01195	0.01240	0.06420	0.01438	0.01576	0.01383	0.06965	0.01398	0.01047	0.01540	0.01342	0.04274	0.01345	0.15234	0.16492	0.00473	0.34988	0.00690	0.00320	0.00639
57	0.01325	0.00793	0.00821	0.00777	0.00986	0.00841	0.00594	0.01985	0.18733	0.04430	0.02207	0.02360	0.01700	0.00770	0.00498	0.00166	0.00353	0.00623	0.59332	0.00706
58	0.07415	0.19975	0.13977	0.01289	0.01781	0.03524	0.08776	0.01914	0.01429	0.11452	0.06410	0.06253	0.05550	0.00795	0.00577	0.00184	0.00654	0.00657	0.06588	0.00799
59	0.03646	0.00773	0.00897	0.06756	0.01274	0.00759	0.00701	0.03388	0.05945	0.01970	0.12946	0.14825	0.37413	0.01445	0.00733	0.00221	0.00409	0.04716	0.00576	0.00607
60	0.04417	0.03503	0.01691	0.01293	0.01778	0.13424	0.06051	0.09637	0.13251	0.02296	0.01381	0.01493	0.01088	0.00606	0.00549	0.00149	0.00660	0.00483	0.00434	0.35815
61	0.04036	0.01220	0.03310	0.07897	0.16596	0.02864	0.06522	0.07183	0.01566	0.02187	0.16851	0.04906	0.09629	0.01139	0.04716	0.00246	0.04778	0.00804	0.00457	0.03092
62	0.01532	0.14771	0.49371	0.01649	0.02429	0.06238	0.04071	0.02139	0.03453	0.06886	0.01228	0.01374	0.00896	0.00614	0.00578	0.00189	0.00874	0.00472	0.00320	0.00915
63	0.01390	0.01834	0.19614	0.07286	0.04815	0.01511	0.20165	0.01966	0.07629	0.03798	0.05801	0.01839	0.01327	0.00878	0.03234	0.00245	0.14830	0.00644	0.00362	0.00833
64	0.07349	0.01116	0.01452	0.04962	0.01725	0.01044	0.00959	0.06095	0.04068	0.58252	0.02279	0.02052	0.01472	0.00766	0.00617	0.00196	0.00551	0.00615	0.03414	0.01018
65	0.01152	0.00678	0.00872	0.00871	0.00889	0.04375	0.00587	0.00917	0.00894	0.01149	0.01207	0.05402	0.01232	0.02114	0.02304	0.73580	0.00573	0.00602	0.00293	0.00310
66	0.03705	0.01738	0.19935	0.01668	0.10112	0.04915	0.03028	0.07127	0.07127	0.07660	0.02074	0.16326	0.01955	0.01035	0.00680	0.00219	0.00688	0.08699	0.00474	0.00834
67	0.01120	0.00701	0.00957	0.04732	0.01119	0.00704	0.02612	0.03259	0.01104	0.04940	0.01982	0.16684	0.02125	0.28757	0.02085	0.22246	0.00566	0.00928	0.02909	0.00470
68	0.02310	0.02926	0.01803	0.05456	0.02085	0.71377	0.01253	0.02486	0.01771	0.01556	0.00988	0.01172	0.00819	0.00653	0.00575	0.00166	0.01129	0.00417	0.00325	0.00734
69	0.01335	0.04640	0.37980	0.01550	0.03885	0.03402	0.04804	0.05551	0.05475	0.02118	0.01761	0.08822	0.03350	0.00821	0.00619	0.00200	0.00747	0.02407	0.09695	0.00838
70	0.01591	0.06175	0.07753	0.09434	0.22584	0.05361	0.15038	0.07526	0.05370	0.04134	0.01499	0.05968	0.01271	0.00723	0.00653	0.00201	0.00803	0.02645	0.00387	0.00886
71	0.01175	0.01099	0.01837	0.64073	0.06325	0.01326	0.03206	0.01566	0.01278	0.01639	0.01492	0.03993	0.04708	0.02879	0.00720	0.00223	0.00802	0.00651	0.00311	0.00696
72	0.03424	0.06220	0.13887	0.01245	0.01738	0.05746	0.05345	0.03684	0.10988	0.02167	0.08890	0.02250	0.07783	0.00766	0.00587	0.00171	0.00612	0.00632	0.04283	0.19583

[dist]
# distance from previous block
# <min> <max>
0	19

[block]
# block no. 4 follows, 35 sequences, length 13
# corresponding to MSA columns:
# 220-232
name=unknown_E
#
# <colnr> <probs for GDERKNQSTAVLIFYWHMCP>
#	G	D	E	R	K	N	Q	S	T	A	V	L	I	F	Y	W	H	M	C	P
0	0.06706	0.05884	0.05901	0.01302	0.01722	0.15869	0.01095	0.24082	0.07374	0.06191	0.06601	0.03811	0.01526	0.00865	0.02186	0.00201	0.00723	0.00593	0.04102	0.03266
1	0.07554	0.18625	0.39950	0.01427	0.02109	0.01549	0.03401	0.01825	0.01361	0.01992	0.07991	0.01898	0.06354	0.00720	0.00572	0.00188	0.00750	0.00561	0.00341	0.00831
2	0.01509	0.01497	0.07856	0.16870	0.24072	0.01329	0.12663	0.01919	0.01413	0.07357	0.01275	0.01593	0.00981	0.00575	0.00616	0.00180	0.00765	0.00555	0.00352	0.16622
3	0.00897	0.00665	0.00974	0.00986	0.01085	0.00759	0.00748	0.01099	0.01028	0.01467	0.01859	0.08392	0.01839	0.09699	0.64355	0.00932	0.01520	0.00784	0.00362	0.00550
4	0.01851	0.13270	0.04134	0.03731	0.01824	0.06853	0.01116	0.20969	0.26267	0.05604	0.02079	0.02027	0.05935	0.00800	0.00606	0.00191	0.00641	0.00623	0.00542	0.00938
5	0.01441	0.01629	0.15140	0.36433	0.19835	0.01417	0.05539	0.01901	0.01376	0.07427	0.01259	0.01637	0.00937	0.00619	0.00634	0.00203	0.00829	0.00563	0.00328	0.00853
6	0.03974	0.14155	0.57948	0.01637	0.02476	0.01598	0.02035	0.02042	0.01348	0.05566	0.01161	0.01323	0.00840	0.00603	0.00569	0.00191	0.00865	0.00454	0.00298	0.00918
7	0.01176	0.00883	0.00982	0.00904	0.01163	0.00880	0.00694	0.01848	0.22046	0.07371	0.22133	0.04399	0.30530	0.01254	0.00711	0.00209	0.00383	0.01061	0.00647	0.00725
8	0.00954	0.00675	0.00806	0.00786	0.00795	0.00723	0.00487	0.00982	0.00934	0.01270	0.01893	0.03826	0.02146	0.66555	0.08808	0.00623	0.06066	0.00877	0.00373	0.00421
9	0.01675	0.55287	0.17807	0.01288	0.01891	0.09461	0.01358	0.01985	0.01350	0.01605	0.00944	0.01096	0.00812	0.00566	0.00464	0.00152	0.00778	0.00373	0.00276	0.00832
10	0.11904	0.01130	0.01431	0.01111	0.01591	0.01039	0.00918	0.06268	0.01788	0.62628	0.02270	0.01999	0.01445	0.00762	0.00610	0.00196	0.00542	0.00601	0.00733	0.01035
11	0.00771	0.00558	0.00730	0.00867	0.00916	0.00517	0.00582	0.00885	0.01230	0.01626	0.03694	0.72485	0.08874	0.01962	0.00806	0.00255	0.00365	0.01772	0.00589	0.00517
12	0.01105	0.00760	0.00899	0.00865	0.01021	0.00796	0.00647	0.01576	0.13201	0.02230	0.23950	0.10388	0.04981	0.01294	0.02589	0.06613	0.02995	0.00915	0.22542	0.00631

[dist]
# distance from previous block
# <min> <max>
0	1

[block]
# block no. 5 follows, 35 sequences, length 48
# corresponding to MSA columns:
# 234-281
name=unknown_F
#
# <colnr> <probs for GDERKNQSTAVLIFYWHMCP>
#	G	D	E	R	K	N	Q	S	T	A	V	L	I	F	Y	W	H	M	C	P
0	0.01081	0.00811	0.01199	0.01196	0.01370	0.00797	0.06922	0.04304	0.03223	0.03731	0.03117	0.34863	0.03436	0.01654	0.00816	0.00263	0.00539	0.29480	0.00572	0.00624
1	0.01198	0.01128	0.01903	0.76180	0.04369	0.01409	0.01762	0.01621	0.01268	0.01621	0.01128	0.01691	0.00846	0.00634	0.00634	0.00211	0.00846	0.00564	0.00282	0.00705
2	0.00912	0.00659	0.00913	0.00913	0.00989	0.00735	0.00660	0.01064	0.00988	0.01394	0.01797	0.03033	0.01821	0.28549	0.51722	0.00888	0.01346	0.00759	0.00354	0.00507
3	0.01272	0.03281	0.74418	0.01808	0.02746	0.01473	0.02344	0.02009	0.01339	0.02009	0.01138	0.01339	0.00804	0.00603	0.00603	0.00201	0.00938	0.00469	0.00268	0.00938
4	0.01643	0.07254	0.38370	0.01451	0.02160	0.01348	0.01631	0.02277	0.07949	0.16882	0.01666	0.01698	0.02905	0.00671	0.00590	0.00186	0.00733	0.00530	0.00429	0.09628
5	0.01315	0.01128	0.01315	0.00940	0.01503	0.00846	0.00752	0.01597	0.01315	0.02067	0.01128	0.01315	0.00940	0.00470	0.00470	0.00094	0.00470	0.00376	0.00376	0.81583
6	0.01622	0.35285	0.08262	0.01507	0.01983	0.12274	0.12566	0.01908	0.01382	0.01656	0.01371	0.01686	0.05142	0.00714	0.00696	0.00180	0.08110	0.02559	0.00315	0.00785
7	0.17340	0.05921	0.01807	0.01432	0.03940	0.11133	0.01140	0.38562	0.02184	0.03092	0.01237	0.01346	0.00937	0.00724	0.00678	0.00192	0.06435	0.00494	0.00494	0.00916
8	0.01712	0.01847	0.02020	0.21730	0.20846	0.23654	0.03455	0.02261	0.12529	0.01887	0.01330	0.01601	0.01050	0.00655	0.00619	0.00192	0.00865	0.00546	0.00361	0.00841
9	0.02294	0.02711	0.01728	0.01543	0.01879	0.61477	0.01170	0.10593	0.01905	0.01896	0.01118	0.01272	0.00903	0.00672	0.00571	0.00166	0.01034	0.00440	0.05863	0.00766
10	0.01198	0.01128	0.01903	0.76180	0.04369	0.01409	0.01762	0.01621	0.01268	0.01621	0.01128	0.01691	0.00846	0.00634	0.00634	0.00211	0.00846	0.00564	0.00282	0.00705
11	0.01102	0.00551	0.00826	0.00826	0.00826	0.00551	0.00551	0.00826	0.00826	0.01102	0.01102	0.01928	0.01102	0.02204	0.02479	0.81543	0.00551	0.00551	0.00275	0.00275
12	0.01696	0.78087	0.03324	0.01085	0.01628	0.02510	0.01085	0.01900	0.01289	0.01493	0.00882	0.01018	0.00814	0.00543	0.00407	0.00136	0.00678	0.00339	0.00271	0.00814
13	0.02305	0.01631	0.01805	0.05436	0.02012	0.01794	0.01179	0.58242	0.04400	0.08858	0.01621	0.01635	0.01146	0.00758	0.00627	0.00191	0.00673	0.00580	0.04074	0.01036
14	0.01315	0.01128	0.01315	0.00940	0.01503	0.00846	0.00752	0.01597	0.01315	0.02067	0.01128	0.01315	0.00940	0.00470	0.00470	0.00094	0.00470	0.00376	0.00376	0.81583
15	0.00773	0.00552	0.00736	0.00883	0.00920	0.00515	0.00589	0.00883	0.01215	0.01619	0.03497	0.77291	0.04196	0.01987	0.00810	0.00258	0.00368	0.01803	0.00589	0.00515
16	0.00912	0.00619	0.00728	0.00739	0.00763	0.00615	0.00449	0.00962	0.01041	0.01404	0.08550	0.09674	0.02796	0.60905	0.04795	0.00553	0.00598	0.03039	0.00432	0.00424
17	0.01475	0.01031	0.01199	0.01072	0.01357	0.01086	0.00839	0.06920	0.26534	0.11210	0.21863	0.03497	0.07156	0.04111	0.03498	0.00256	0.00507	0.04924	0.00648	0.00817
18	0.01108	0.00738	0.00927	0.00869	0.01057	0.00697	0.00653	0.03154	0.05559	0.08446	0.46789	0.14553	0.10306	0.01337	0.00739	0.00209	0.00352	0.01173	0.00677	0.00657
19	0.01202	0.01035	0.01377	0.01223	0.01424	0.04607	0.10585	0.04706	0.10441	0.01814	0.02306	0.18477	0.02403	0.23994	0.05503	0.00388	0.00699	0.06709	0.00474	0.00632
20	0.05866	0.05690	0.04202	0.01016	0.01557	0.01052	0.00860	0.04331	0.02922	0.08024	0.01321	0.03393	0.01077	0.00570	0.00499	0.00125	0.00513	0.00449	0.00421	0.56113
21	0.13077	0.08737	0.43733	0.01697	0.07289	0.01575	0.01817	0.07206	0.03089	0.04480	0.01189	0.01348	0.00872	0.00617	0.00563	0.00193	0.00799	0.00466	0.00341	0.00913
22	0.01645	0.58676	0.12456	0.01303	0.01883	0.02285	0.05281	0.04443	0.01358	0.01682	0.00960	0.01130	0.00831	0.00577	0.00517	0.00155	0.03297	0.00395	0.00287	0.00838
23	0.01606	0.11689	0.27475	0.01913	0.11639	0.05386	0.06615	0.11419	0.09557	0.02258	0.01400	0.03779	0.01109	0.00680	0.00606	0.00192	0.00803	0.00564	0.00382	0.00929
24	0.00799	0.00586	0.00754	0.00868	0.00946	0.00542	0.00611	0.00944	0.01305	0.01715	0.08358	0.56676	0.14027	0.01870	0.00803	0.00251	0.00375	0.07444	0.00595	0.00529
25	0.01637	0.26190	0.09923	0.03203	0.08487	0.13962	0.05683	0.02010	0.04465	0.01798	0.01238	0.01417	0.02746	0.00599	0.00531	0.00157	0.00766	0.00463	0.00329	0.14396
26	0.11502	0.03937	0.01073	0.01077	0.05222	0.00943	0.00747	0.01502	0.09334	0.01971	0.06406	0.21804	0.02665	0.14332	0.03156	0.00311	0.00523	0.07169	0.05698	0.00628
27	0.01656	0.25202	0.27167	0.01658	0.04945	0.03368	0.09833	0.06404	0.01498	0.08303	0.01292	0.03668	0.01020	0.00644	0.00573	0.00182	0.00805	0.00527	0.00356	0.00897
28	0.04118	0.13765	0.25227	0.05624	0.04253	0.05057	0.06552	0.06430	0.03205	0.17679	0.01448	0.01536	0.01030	0.00646	0.00589	0.00189	0.00784	0.00519	0.00423	0.00926
29	0.00769	0.00638	0.00676	0.00698	0.00888	0.00545	0.00523	0.00935	0.01432	0.01735	0.07744	0.13516	0.61080	0.01645	0.00762	0.00222	0.00338	0.04724	0.00592	0.00537
30	0.01085	0.00816	0.01138	0.01092	0.01219	0.00955	0.00857	0.03420	0.03827	0.03599	0.01793	0.02764	0.01696	0.09540	0.50733	0.00793	0.08688	0.04987	0.00385	0.00612
31	0.04132	0.10202	0.10743	0.05175	0.18820	0.07892	0.01472	0.18240	0.01809	0.10028	0.01348	0.01500	0.01014	0.00664	0.00624	0.00186	0.02594	0.00519	0.02097	0.00941
32	0.02231	0.01256	0.01458	0.01172	0.01580	0.03426	0.00949	0.21792	0.06637	0.32473	0.09820	0.02272	0.01918	0.01002	0.03824	0.00227	0.00608	0.00672	0.05724	0.00960
33	0.00805	0.00585	0.00764	0.00900	0.00949	0.00558	0.00606	0.00983	0.04081	0.01661	0.03460	0.74283	0.04105	0.01942	0.00803	0.00256	0.00373	0.01760	0.00591	0.00535
34	0.00913	0.00651	0.00876	0.00876	0.00939	0.00715	0.00613	0.01040	0.00977	0.01366	0.01831	0.03221	0.01903	0.36813	0.43569	0.00842	0.01223	0.00786	0.00359	0.00486
35	0.01567	0.09189	0.34973	0.01850	0.11408	0.07469	0.01751	0.06211	0.04533	0.04961	0.01343	0.03745	0.01061	0.00690	0.00648	0.00193	0.03682	0.00536	0.03289	0.00901
36	0.04917	0.01275	0.01897	0.19652	0.15879	0.01376	0.07589	0.13070	0.06587	0.02445	0.16606	0.02306	0.02080	0.00787	0.00658	0.00201	0.00670	0.00706	0.00466	0.00832
37	0.04407	0.03410	0.04681	0.02964	0.45619	0.03478	0.07946	0.04817	0.01529	0.08194	0.01482	0.01733	0.03579	0.00627	0.00625	0.00189	0.00745	0.00590	0.00379	0.03005
38	0.01776	0.01070	0.01339	0.03530	0.01591	0.00868	0.00829	0.02039	0.01480	0.25942	0.01872	0.05027	0.03843	0.00685	0.00556	0.00143	0.00496	0.00564	0.00525	0.45825
39	0.01151	0.00950	0.01138	0.00916	0.01319	0.00746	0.00700	0.01390	0.01322	0.01986	0.06567	0.20721	0.02099	0.00908	0.00574	0.00142	0.00433	0.00788	0.00451	0.55698
40	0.01369	0.01231	0.01785	0.02011	0.26707	0.01076	0.03377	0.01694	0.01413	0.02115	0.08272	0.01754	0.01460	0.00587	0.00561	0.00141	0.00571	0.00530	0.00384	0.42962
41	0.01450	0.01123	0.01329	0.00956	0.01514	0.00853	0.00768	0.01729	0.01359	0.08397	0.01248	0.01390	0.00995	0.00497	0.00485	0.00103	0.00476	0.00399	0.00412	0.74518
42	0.02370	0.03023	0.01798	0.01634	0.01961	0.75158	0.01226	0.02533	0.01798	0.01553	0.00981	0.01144	0.00817	0.00654	0.00572	0.00163	0.01144	0.00409	0.00327	0.00735
43	0.01172	0.01126	0.02163	0.01820	0.04298	0.01069	0.31372	0.01518	0.01404	0.01880	0.02435	0.25096	0.02566	0.01258	0.00794	0.00245	0.00736	0.17889	0.00463	0.00694
44	0.02435	0.01739	0.01881	0.01442	0.01948	0.01911	0.01191	0.67925	0.02920	0.07795	0.01576	0.01557	0.01105	0.00763	0.00635	0.00191	0.00690	0.00575	0.00643	0.01079
45	0.01578	0.01363	0.01434	0.01291	0.01650	0.01578	0.01004	0.03371	0.72602	0.02654	0.02582	0.02367	0.01937	0.00861	0.00646	0.00215	0.00502	0.00717	0.00646	0.01004
46	0.01478	0.01678	0.03656	0.02621	0.03245	0.01578	0.69174	0.02003	0.01482	0.02014	0.01297	0.01736	0.00983	0.00670	0.03141	0.00240	0.01090	0.00746	0.00321	0.00846
47	0.02042	0.02225	0.01501	0.01351	0.01655	0.45831	0.01026	0.08850	0.06620	0.02048	0.01395	0.01548	0.01107	0.00698	0.00553	0.00166	0.00860	0.00488	0.19285	0.00752

[dist]
# distance from previous block
# <min> <max>
0	45

[block]
# block no. 6 follows, 35 sequences, length 7
# corresponding to MSA columns:
# 327-333
name=unknown_G
#
# <colnr> <probs for GDERKNQSTAVLIFYWHMCP>
#	G	D	E	R	K	N	Q	S	T	A	V	L	I	F	Y	W	H	M	C	P
0	0.01624	0.01196	0.01735	0.01275	0.01817	0.00983	0.12541	0.01942	0.01448	0.15851	0.01524	0.01825	0.01195	0.00603	0.00568	0.00143	0.00588	0.03824	0.00455	0.48863
1	0.01330	0.01150	0.01378	0.07542	0.01767	0.00964	0.00864	0.01768	0.08078	0.02084	0.01266	0.01448	0.01026	0.00521	0.00501	0.00116	0.00506	0.00425	0.00393	0.66874
2	0.00869	0.00652	0.00815	0.00905	0.00996	0.00637	0.00628	0.01178	0.08847	0.01822	0.10202	0.58431	0.08054	0.01781	0.00783	0.00245	0.00373	0.01600	0.00605	0.00576
3	0.07947	0.01607	0.01752	0.01447	0.03761	0.05650	0.04340	0.43893	0.04292	0.06031	0.01644	0.01923	0.01265	0.00789	0.00620	0.00194	0.00678	0.04691	0.06526	0.00952
4	0.02446	0.08212	0.01841	0.01296	0.01790	0.01616	0.01083	0.36099	0.07307	0.28875	0.01893	0.01766	0.01292	0.00758	0.00617	0.00189	0.00626	0.00585	0.00657	0.01051
5	0.05504	0.01390	0.01473	0.01280	0.01668	0.01577	0.01010	0.11840	0.55846	0.07593	0.02365	0.02185	0.01747	0.00831	0.00632	0.00210	0.00529	0.00676	0.00642	0.01004
6	0.02370	0.03023	0.01798	0.01634	0.01961	0.75158	0.01226	0.02533	0.01798	0.01553	0.00981	0.01144	0.00817	0.00654	0.00572	0.00163	0.01144	0.00409	0.00327	0.00735

[dist]
# distance from previous block
# <min> <max>
0	1

[block]
# block no. 7 follows, 35 sequences, length 24
# corresponding to MSA columns:
# 335-357,361
name=unknown_H
#
# <colnr> <probs for GDERKNQSTAVLIFYWHMCP>
#	G	D	E	R	K	N	Q	S	T	A	V	L	I	F	Y	W	H	M	C	P
0	0.00778	0.00556	0.00740	0.00880	0.00921	0.00518	0.00589	0.00895	0.01237	0.01654	0.06138	0.74550	0.04263	0.01961	0.00807	0.00255	0.00365	0.01779	0.00593	0.00518
1	0.00957	0.00727	0.01008	0.00981	0.01049	0.00848	0.00725	0.01106	0.00986	0.01404	0.01708	0.02891	0.01733	0.26566	0.46398	0.00826	0.08473	0.00742	0.00347	0.00523
2	0.01378	0.21913	0.56711	0.01628	0.02467	0.01732	0.02030	0.01982	0.01327	0.01880	0.01075	0.01259	0.00806	0.00588	0.00554	0.00185	0.00873	0.00437	0.00269	0.00907
3	0.00805	0.00581	0.00768	0.00900	0.00963	0.00544	0.00633	0.00945	0.01276	0.01689	0.06086	0.62666	0.08100	0.01915	0.00812	0.00257	0.00388	0.09553	0.00592	0.00527
4	0.01747	0.72393	0.03208	0.01127	0.01653	0.08021	0.01096	0.01948	0.01328	0.01497	0.00889	0.01027	0.00814	0.00551	0.00420	0.00138	0.00714	0.00344	0.00276	0.00808
5	0.01566	0.01645	0.05536	0.18760	0.35740	0.09141	0.07747	0.03124	0.02865	0.03194	0.03757	0.01690	0.01142	0.00627	0.00638	0.00195	0.00824	0.00585	0.00340	0.00885
6	0.01105	0.00794	0.00924	0.00878	0.01091	0.00767	0.00660	0.03504	0.11704	0.07069	0.24678	0.16769	0.24825	0.01394	0.00734	0.00215	0.00374	0.01203	0.00644	0.00670
7	0.01392	0.01177	0.01271	0.01170	0.01475	0.01323	0.00906	0.02783	0.54331	0.02505	0.10666	0.06385	0.07407	0.01041	0.00679	0.00218	0.00464	0.03273	0.00643	0.00891
8	0.01500	0.01616	0.03297	0.03003	0.25124	0.01544	0.47895	0.01974	0.01473	0.02033	0.01317	0.03762	0.01065	0.00584	0.00713	0.00207	0.00952	0.00721	0.00326	0.00893
9	0.01598	0.20357	0.21668	0.01669	0.08237	0.06331	0.06337	0.03986	0.09663	0.05994	0.01735	0.01826	0.06530	0.00704	0.00585	0.00185	0.00756	0.00568	0.00387	0.00884
10	0.00797	0.00644	0.00708	0.00692	0.00886	0.00555	0.00519	0.01001	0.01556	0.01976	0.27588	0.05674	0.52166	0.01509	0.00749	0.00210	0.00314	0.01278	0.00624	0.00555
11	0.01138	0.00821	0.00942	0.00860	0.01095	0.00797	0.00661	0.05176	0.10973	0.06360	0.33482	0.04454	0.25474	0.01259	0.00713	0.00204	0.00367	0.01072	0.03470	0.00684
12	0.01859	0.21322	0.08646	0.03553	0.16336	0.14016	0.01416	0.13765	0.05405	0.03974	0.01291	0.01540	0.01050	0.00665	0.00570	0.00177	0.00785	0.02338	0.00390	0.00902
13	0.08667	0.09747	0.19344	0.01653	0.07489	0.01374	0.12103	0.02138	0.01472	0.17812	0.05503	0.01791	0.01346	0.00670	0.00593	0.00190	0.00712	0.00578	0.05933	0.00884
14	0.00783	0.00634	0.00697	0.00714	0.00893	0.00548	0.00530	0.00962	0.01468	0.01830	0.15871	0.15221	0.52235	0.01615	0.00761	0.00220	0.00332	0.03533	0.00605	0.00544
15	0.00880	0.00629	0.00790	0.00869	0.00979	0.00584	0.00621	0.01082	0.03403	0.03841	0.10584	0.48142	0.17060	0.01769	0.00788	0.00243	0.00376	0.06193	0.00606	0.00562
16	0.11165	0.03871	0.05991	0.01828	0.16635	0.01591	0.01295	0.24747	0.09994	0.14216	0.01616	0.01647	0.01170	0.00701	0.00599	0.00193	0.00652	0.00558	0.00534	0.00995
17	0.02451	0.07205	0.05083	0.01216	0.01695	0.06221	0.01050	0.10541	0.01871	0.46572	0.05266	0.02188	0.01640	0.00804	0.00627	0.00193	0.00619	0.03104	0.00662	0.00990
18	0.04306	0.03438	0.02052	0.16582	0.32064	0.01297	0.06307	0.01735	0.01442	0.04546	0.10459	0.02344	0.07098	0.00864	0.02618	0.00219	0.00710	0.00699	0.00395	0.00826
19	0.01640	0.01687	0.02617	0.11271	0.36034	0.09653	0.17917	0.05329	0.03807	0.02065	0.01243	0.01593	0.00990	0.00594	0.00651	0.00195	0.00870	0.00596	0.00339	0.00910
20	0.04767	0.00725	0.00845	0.00882	0.01038	0.00701	0.00655	0.06368	0.01468	0.01973	0.08650	0.36919	0.22564	0.01656	0.00763	0.00237	0.00403	0.08210	0.00590	0.00584
21	0.63500	0.01510	0.01165	0.04416	0.03918	0.12853	0.00861	0.01960	0.01212	0.02565	0.00920	0.01096	0.00725	0.00600	0.00439	0.00192	0.00617	0.00371	0.00375	0.00706
22	0.04863	0.00843	0.00944	0.00903	0.01126	0.03994	0.00689	0.01503	0.01523	0.15438	0.15756	0.20890	0.21626	0.01409	0.00727	0.00220	0.00431	0.05829	0.00624	0.00662
23	0.01342	0.12003	0.25170	0.01585	0.07362	0.01466	0.04178	0.04411	0.09876	0.01954	0.01824	0.06561	0.05548	0.06961	0.03505	0.00262	0.04107	0.00681	0.00382	0.00820

[dist]
# distance from previous block
# <min> <max>
1	3

[block]
# block no. 8 follows, 35 sequences, length 7
# corresponding to MSA columns:
# 365-371
name=unknown_I
#
# <colnr> <probs for GDERKNQSTAVLIFYWHMCP>
#	G	D	E	R	K	N	Q	S	T	A	V	L	I	F	Y	W	H	M	C	P
0	0.00839	0.00635	0.00760	0.00750	0.00899	0.00571	0.00546	0.01055	0.01569	0.02099	0.40152	0.12466	0.27475	0.06254	0.00910	0.00236	0.00333	0.01262	0.00632	0.00556
1	0.01484	0.01537	0.07154	0.12947	0.47407	0.01455	0.01772	0.02032	0.08760	0.02068	0.01320	0.01636	0.01062	0.00601	0.00618	0.00189	0.00734	0.00562	0.00345	0.06319
2	0.00799	0.00633	0.00701	0.00704	0.00871	0.00554	0.00511	0.00973	0.01463	0.01854	0.20881	0.12329	0.46311	0.07440	0.00946	0.00246	0.00343	0.01307	0.00598	0.00536
3	0.01633	0.01449	0.04677	0.01684	0.15414	0.05318	0.03546	0.06078	0.01520	0.08695	0.01286	0.01458	0.01006	0.00552	0.00546	0.00139	0.00622	0.00466	0.00408	0.43504
4	0.38454	0.13839	0.01924	0.01399	0.05535	0.08678	0.08970	0.10564	0.01483	0.02516	0.01033	0.01206	0.00816	0.00602	0.00495	0.00184	0.00688	0.00435	0.00384	0.00796
5	0.01589	0.05679	0.01444	0.01134	0.01405	0.01292	0.00914	0.22420	0.01728	0.07220	0.04988	0.02234	0.01598	0.07564	0.23680	0.00474	0.05883	0.00648	0.07339	0.00768
6	0.09529	0.05822	0.08437	0.04412	0.04220	0.13605	0.11896	0.07338	0.08078	0.02185	0.01249	0.01442	0.00977	0.00622	0.00616	0.00176	0.02958	0.00505	0.00382	0.15549

[dist]
# distance from previous block
# <min> <max>
4	9

[block]
# block no. 9 follows, 35 sequences, length 20
# corresponding to MSA columns:
# 381-400
name=unknown_J
#
# <colnr> <probs for GDERKNQSTAVLIFYWHMCP>
#	G	D	E	R	K	N	Q	S	T	A	V	L	I	F	Y	W	H	M	C	P
0	0.04521	0.01510	0.01803	0.10511	0.07756	0.06843	0.04738	0.16870	0.19909	0.12398	0.01775	0.01829	0.01299	0.00744	0.00667	0.00201	0.02782	0.00606	0.02298	0.00940
1	0.09706	0.08781	0.04922	0.01438	0.03764	0.21680	0.01166	0.21301	0.09165	0.07361	0.01393	0.01443	0.01049	0.00686	0.00569	0.00179	0.00771	0.00493	0.00474	0.03660
2	0.10339	0.00797	0.00901	0.00886	0.01108	0.00772	0.00703	0.03248	0.02745	0.02166	0.17359	0.11618	0.19280	0.01354	0.00707	0.00219	0.00421	0.16021	0.03330	0.06025
3	0.10618	0.02025	0.01674	0.01431	0.01827	0.28463	0.03195	0.15734	0.19182	0.07295	0.01574	0.01586	0.01180	0.00723	0.00592	0.00188	0.00792	0.00533	0.00500	0.00887
4	0.03524	0.01000	0.01307	0.01063	0.01460	0.00881	0.03006	0.02108	0.05236	0.27863	0.13078	0.06182	0.04228	0.00932	0.00643	0.00185	0.00490	0.06199	0.00615	0.20000
5	0.01741	0.01263	0.01923	0.01475	0.01947	0.01173	0.17827	0.12750	0.01733	0.16488	0.02152	0.06109	0.05950	0.00860	0.00668	0.00192	0.00660	0.07405	0.00527	0.17158
6	0.01460	0.01724	0.08333	0.09976	0.14287	0.01570	0.46960	0.01963	0.01441	0.01982	0.01231	0.01652	0.00943	0.00570	0.00746	0.00211	0.03098	0.00677	0.00311	0.00865
7	0.00779	0.00565	0.00738	0.00874	0.00928	0.00524	0.00595	0.00900	0.01241	0.01636	0.03725	0.69272	0.09689	0.01949	0.00807	0.00255	0.00372	0.04042	0.00589	0.00519
8	0.03915	0.01596	0.01327	0.01243	0.01521	0.24678	0.00963	0.04394	0.10135	0.10590	0.02540	0.14180	0.07761	0.01138	0.00682	0.00213	0.00696	0.11151	0.00531	0.00747
