[name]
unknown

[dist]
# distance from previous block
# <min> <max>
0	58

[block]
# block no. 0 follows, 31 sequences, length 137
# corresponding to MSA columns:
# 58-154,156-195
name=unknown_A
#
# <colnr> <probs for GDERKNQSTAVLIFYWHMCP>
#	G	D	E	R	K	N	Q	S	T	A	V	L	I	F	Y	W	H	M	C	P
0	0.18570	0.01646	0.01926	0.01631	0.03845	0.05065	0.07183	0.25641	0.01997	0.02992	0.01527	0.02164	0.01304	0.00929	0.00929	0.00235	0.13242	0.07764	0.00504	0.00906
1	0.06085	0.01855	0.02087	0.01591	0.02143	0.02021	0.04990	0.59706	0.02957	0.04048	0.01578	0.01620	0.01131	0.00786	0.00672	0.00203	0.00754	0.00606	0.00642	0.04526
2	0.01541	0.01376	0.02340	0.19906	0.32080	0.01450	0.08021	0.01944	0.01558	0.05372	0.10229	0.02217	0.01758	0.00767	0.00773	0.00217	0.04111	0.00711	0.02716	0.00912
3	0.00829	0.00682	0.00730	0.00743	0.00943	0.00583	0.00548	0.01013	0.01572	0.01936	0.13754	0.14607	0.56205	0.01744	0.00816	0.00235	0.00350	0.01480	0.00648	0.00583
4	0.00995	0.00663	0.00746	0.00746	0.00746	0.00663	0.00415	0.00995	0.00995	0.01327	0.02156	0.04477	0.02487	0.75957	0.03482	0.00663	0.00663	0.00995	0.00415	0.00415
5	0.01597	0.01283	0.02161	0.12641	0.10184	0.01286	0.16939	0.05551	0.04201	0.10717	0.11233	0.10677	0.04473	0.01008	0.00761	0.00229	0.00736	0.02920	0.00532	0.00869
6	0.09173	0.01399	0.02220	0.27329	0.12152	0.01476	0.12381	0.05737	0.01514	0.02227	0.01280	0.01706	0.01005	0.00836	0.03980	0.00242	0.00869	0.00591	0.00368	0.13516
7	0.02460	0.02928	0.01890	0.01686	0.02038	0.59712	0.01282	0.09621	0.02017	0.01994	0.01173	0.01352	0.00956	0.00738	0.00671	0.00183	0.03564	0.00474	0.04438	0.00822
8	0.01292	0.01216	0.02052	0.74312	0.04712	0.01520	0.01900	0.01748	0.01368	0.01748	0.01216	0.01824	0.00912	0.00684	0.00684	0.00228	0.00912	0.00608	0.00304	0.00760
9	0.04819	0.01136	0.01485	0.01166	0.01637	0.01025	0.00954	0.06610	0.01986	0.55958	0.10822	0.02600	0.02213	0.00904	0.00688	0.00210	0.00550	0.00740	0.03422	0.01073
10	0.00832	0.00600	0.00789	0.00941	0.00989	0.00557	0.00630	0.00954	0.01321	0.01751	0.03916	0.72346	0.07595	0.02125	0.00870	0.00276	0.00395	0.01922	0.00635	0.00557
11	0.80789	0.01323	0.01006	0.00900	0.01323	0.01535	0.00741	0.02011	0.01164	0.03070	0.00953	0.01111	0.00741	0.00635	0.00423	0.00212	0.00529	0.00370	0.00423	0.00741
12	0.01007	0.00784	0.01234	0.01181	0.01330	0.00895	0.03992	0.01266	0.01123	0.01616	0.01812	0.02649	0.01679	0.04922	0.69920	0.01060	0.01801	0.00736	0.00366	0.00625
13	0.00968	0.00699	0.00914	0.00861	0.01022	0.00646	0.00646	0.01291	0.01937	0.02743	0.71328	0.05110	0.06455	0.01399	0.00807	0.00215	0.00323	0.01237	0.00753	0.00646
14	0.02601	0.01916	0.02053	0.01574	0.02122	0.02122	0.01300	0.69408	0.03217	0.04312	0.01643	0.01643	0.01163	0.00821	0.00684	0.00205	0.00753	0.00616	0.00684	0.01163
15	0.02492	0.03128	0.01910	0.01735	0.02090	0.67903	0.01304	0.02799	0.07023	0.01763	0.01186	0.01332	0.00971	0.00722	0.00623	0.00180	0.01182	0.00465	0.00378	0.00815
16	0.01560	0.01581	0.02477	0.02003	0.02159	0.02024	0.14863	0.04181	0.01237	0.01850	0.01021	0.01571	0.00935	0.01061	0.01905	0.00282	0.57529	0.00641	0.00322	0.00798
17	0.00877	0.00696	0.00788	0.00765	0.00966	0.00607	0.00574	0.01114	0.01721	0.02231	0.34483	0.05954	0.43620	0.01590	0.00808	0.00224	0.00336	0.01355	0.00686	0.00607
18	0.01473	0.01214	0.01424	0.01020	0.01625	0.00915	0.00817	0.01776	0.01436	0.04538	0.01265	0.01449	0.01036	0.00518	0.00513	0.00105	0.00509	0.00415	0.00420	0.77531
19	0.01630	0.00851	0.01129	0.01046	0.01276	0.00784	0.00776	0.01814	0.01545	0.24647	0.08715	0.34870	0.03338	0.07034	0.01030	0.00273	0.02929	0.01294	0.00676	0.04343
20	0.01521	0.01209	0.01501	0.01263	0.01583	0.06575	0.08646	0.05651	0.08667	0.09229	0.28648	0.05920	0.11038	0.01153	0.00751	0.00216	0.00563	0.01012	0.04055	0.00800
21	0.01347	0.00986	0.01149	0.01066	0.01324	0.01019	0.00811	0.02183	0.25345	0.07748	0.29664	0.12264	0.09688	0.01309	0.00768	0.00229	0.00428	0.01136	0.00717	0.00818
22	0.01292	0.01216	0.02052	0.74312	0.04712	0.01520	0.01900	0.01748	0.01368	0.01748	0.01216	0.01824	0.00912	0.00684	0.00684	0.00228	0.00912	0.00608	0.00304	0.00760
23	0.00980	0.00721	0.01038	0.01038	0.01139	0.00822	0.00779	0.01182	0.01081	0.01543	0.01888	0.02997	0.01845	0.17379	0.61181	0.01024	0.01630	0.00778	0.00375	0.00577
24	0.00839	0.00694	0.00735	0.00724	0.00942	0.00590	0.00543	0.01040	0.01630	0.02016	0.19000	0.06308	0.59237	0.01670	0.00808	0.00228	0.00342	0.01405	0.00657	0.00590
25	0.01596	0.04965	0.07227	0.15733	0.21347	0.01558	0.16873	0.02074	0.03760	0.06625	0.01624	0.08263	0.01388	0.00796	0.00761	0.00223	0.03099	0.00763	0.00398	0.00923
26	0.06689	0.01396	0.02062	0.43506	0.10397	0.03934	0.04710	0.07356	0.01543	0.02150	0.01287	0.01758	0.00991	0.00711	0.00730	0.00220	0.04239	0.00598	0.04899	0.00824
27	0.01299	0.01194	0.02010	0.68138	0.06540	0.01472	0.01834	0.01712	0.01348	0.01732	0.01217	0.01834	0.00932	0.00775	0.00793	0.04622	0.00891	0.00607	0.00305	0.00744
28	0.07580	0.01704	0.02482	0.15198	0.46511	0.08671	0.03937	0.02100	0.01537	0.02160	0.01231	0.01631	0.01009	0.00632	0.00658	0.00206	0.00860	0.00581	0.00341	0.00971
29	0.01460	0.17615	0.59109	0.01799	0.02728	0.01805	0.02265	0.02144	0.01434	0.02059	0.01174	0.01377	0.00869	0.00637	0.00609	0.00203	0.00957	0.00479	0.00290	0.00985
30	0.02208	0.02615	0.01829	0.01656	0.01972	0.48929	0.01265	0.02731	0.15270	0.01900	0.01425	0.01596	0.01165	0.01036	0.04772	0.00249	0.07594	0.00536	0.00416	0.00836
31	0.00888	0.00616	0.00802	0.00917	0.00978	0.00583	0.00622	0.01040	0.01369	0.01887	0.11037	0.58115	0.04401	0.05220	0.02725	0.00300	0.00430	0.01711	0.05794	0.00566
32	0.00864	0.00679	0.00781	0.00789	0.00967	0.00596	0.00579	0.01077	0.01641	0.02122	0.27269	0.17227	0.39591	0.01691	0.00818	0.00233	0.00347	0.01458	0.00673	0.00596
33	0.01215	0.00927	0.01041	0.00957	0.01195	0.00942	0.00726	0.06174	0.15694	0.02592	0.30591	0.04448	0.18161	0.05393	0.00900	0.00242	0.00419	0.01088	0.06557	0.00740
34	0.01702	0.01470	0.01547	0.01392	0.01779	0.01702	0.01083	0.03635	0.70453	0.02862	0.02785	0.02553	0.02088	0.00928	0.00696	0.00232	0.00541	0.00773	0.00696	0.01083
35	0.01458	0.00814	0.00832	0.00766	0.00979	0.00842	0.00591	0.10924	0.01680	0.02793	0.02151	0.02426	0.01672	0.00800	0.00507	0.00166	0.00379	0.00635	0.68876	0.00710
36	0.01066	0.00775	0.00946	0.00892	0.01092	0.00731	0.00672	0.01488	0.07665	0.04845	0.48880	0.08090	0.17394	0.01432	0.00797	0.00222	0.00357	0.01247	0.00725	0.00684
37	0.80789	0.01323	0.01006	0.00900	0.01323	0.01535	0.00741	0.02011	0.01164	0.03070	0.00953	0.01111	0.00741	0.00635	0.00423	0.00212	0.00529	0.00370	0.00423	0.00741
38	0.01597	0.04038	0.02387	0.36191	0.31702	0.08629	0.01901	0.01998	0.01502	0.01935	0.01221	0.01689	0.00978	0.00652	0.00667	0.00210	0.00897	0.00584	0.00323	0.00899
39	0.04592	0.01681	0.05463	0.01409	0.01904	0.03363	0.01189	0.36797	0.04679	0.20276	0.01866	0.01931	0.01335	0.03412	0.00915	0.06152	0.00709	0.00633	0.00651	0.01043
40	0.00995	0.00663	0.00746	0.00746	0.00746	0.00663	0.00415	0.00995	0.00995	0.01327	0.02156	0.04477	0.02487	0.75957	0.03482	0.00663	0.00663	0.00995	0.00415	0.00415
41	0.01484	0.01528	0.02512	0.02022	0.02203	0.01900	0.18944	0.01742	0.01212	0.01794	0.01212	0.06450	0.01173	0.01099	0.01783	0.00280	0.50808	0.00741	0.00333	0.00781
42	0.01479	0.01235	0.01355	0.01231	0.01549	0.01381	0.00950	0.02923	0.49620	0.02826	0.23626	0.03330	0.03416	0.01071	0.00730	0.00227	0.00475	0.00914	0.00713	0.00950
43	0.00978	0.00728	0.01076	0.01076	0.01191	0.00843	0.00826	0.01207	0.01093	0.01571	0.01854	0.02804	0.01761	0.09751	0.68694	0.01071	0.01756	0.00750	0.00370	0.00598
44	0.48058	0.01512	0.01381	0.01290	0.05416	0.04695	0.00973	0.10787	0.11725	0.06260	0.01412	0.01483	0.01061	0.00713	0.00531	0.00212	0.00607	0.00491	0.00508	0.00885
45	0.01641	0.00842	0.00941	0.00836	0.01100	0.00820	0.00654	0.07113	0.01672	0.15181	0.02797	0.02906	0.09677	0.01048	0.02806	0.00210	0.00450	0.00740	0.47801	0.00766
46	0.10227	0.07627	0.05895	0.01648	0.05840	0.14265	0.01322	0.31100	0.08303	0.05079	0.01508	0.01569	0.01126	0.00754	0.00627	0.00200	0.00806	0.00552	0.00537	0.01016
47	0.01726	0.01710	0.02124	0.06099	0.07217	0.09001	0.01526	0.09298	0.01432	0.01994	0.01043	0.01520	0.00940	0.01034	0.01707	0.00266	0.49602	0.00586	0.00350	0.00824
48	0.00969	0.00652	0.00754	0.00779	0.00785	0.00646	0.00450	0.00988	0.01045	0.01393	0.02412	0.15747	0.02811	0.64245	0.03068	0.00602	0.00621	0.01146	0.00450	0.00437
49	0.08268	0.01338	0.01779	0.33681	0.03069	0.01536	0.01425	0.08604	0.17203	0.13485	0.01822	0.01994	0.01310	0.00773	0.00666	0.00223	0.00730	0.00639	0.00523	0.00932
50	0.00834	0.00595	0.00794	0.00953	0.00992	0.00556	0.00635	0.00953	0.01310	0.01746	0.03771	0.75510	0.04525	0.02143	0.00873	0.00278	0.00397	0.01945	0.00635	0.00556
51	0.00838	0.00612	0.00789	0.00919	0.00986	0.00563	0.00623	0.00974	0.01372	0.01813	0.07838	0.64001	0.12040	0.02057	0.00862	0.00269	0.00387	0.01850	0.00642	0.00563
52	0.02124	0.01774	0.01990	0.09661	0.02301	0.05907	0.01378	0.36683	0.11175	0.03181	0.01566	0.01729	0.01188	0.00886	0.00984	0.00228	0.15063	0.00622	0.00551	0.01008
53	0.00990	0.00734	0.00928	0.00873	0.01049	0.00688	0.00657	0.01375	0.04999	0.02687	0.63800	0.05097	0.10736	0.01400	0.00802	0.00217	0.00334	0.01231	0.00742	0.00661
54	0.17883	0.01762	0.01806	0.01414	0.01926	0.01962	0.01166	0.54175	0.02761	0.04016	0.01525	0.01566	0.01098	0.00784	0.00627	0.00205	0.00696	0.00568	0.02995	0.01065
55	0.55808	0.01361	0.01294	0.06640	0.03990	0.01517	0.00941	0.07936	0.01432	0.06797	0.01157	0.01318	0.00873	0.00657	0.00494	0.00205	0.00588	0.00437	0.00456	0.06096
56	0.01277	0.01130	0.06576	0.01307	0.03603	0.00955	0.05780	0.05310	0.05762	0.06036	0.07147	0.33500	0.08511	0.01468	0.00779	0.00240	0.00545	0.02915	0.04000	0.03158
57	0.01497	0.01497	0.02095	0.01796	0.01796	0.02095	0.01497	0.01646	0.01048	0.01646	0.00898	0.01497	0.00898	0.01197	0.02245	0.00299	0.74704	0.00599	0.00299	0.00748
58	0.01625	0.03044	0.03714	0.01107	0.01717	0.01085	0.00926	0.07778	0.01608	0.06418	0.01333	0.01484	0.01058	0.00560	0.00536	0.00121	0.00553	0.00442	0.00449	0.64443
59	0.19520	0.31863	0.10426	0.01266	0.01852	0.02043	0.01232	0.12364	0.01685	0.10212	0.01281	0.01359	0.00980	0.00668	0.00524	0.00185	0.00705	0.00456	0.00442	0.00938
60	0.01666	0.41133	0.28264	0.01468	0.02198	0.05347	0.01642	0.02098	0.01437	0.01860	0.01076	0.01253	0.00884	0.00608	0.00528	0.00170	0.00839	0.00423	0.00302	0.06805
61	0.00813	0.00693	0.00700	0.00698	0.00927	0.00580	0.00524	0.00991	0.01571	0.01875	0.08864	0.06540	0.69461	0.01723	0.00809	0.00231	0.00346	0.01438	0.00639	0.00580
62	0.03921	0.01654	0.05605	0.01498	0.01954	0.01747	0.04111	0.12061	0.53032	0.02990	0.02440	0.02303	0.01819	0.00876	0.00690	0.00227	0.00621	0.00729	0.00650	0.01073
63	0.01861	0.00818	0.00972	0.00845	0.01128	0.00762	0.00665	0.02162	0.01638	0.25949	0.06191	0.02617	0.01992	0.00847	0.00567	0.00180	0.00408	0.00688	0.48897	0.00815
64	0.00911	0.00673	0.00869	0.00990	0.01104	0.00630	0.00750	0.01104	0.01455	0.01886	0.06594	0.40547	0.16948	0.01968	0.00880	0.00278	0.00453	0.20739	0.00638	0.00584
65	0.05090	0.01288	0.01591	0.01253	0.01750	0.01243	0.01026	0.12617	0.09939	0.49551	0.02487	0.02230	0.01638	0.00844	0.00671	0.00211	0.00589	0.00676	0.04186	0.01120
66	0.13191	0.01337	0.01524	0.01254	0.01709	0.01383	0.01020	0.13441	0.17205	0.30969	0.05495	0.02424	0.01866	0.00894	0.00668	0.00219	0.00582	0.03055	0.00718	0.01045
67	0.01829	0.76368	0.03585	0.01171	0.01756	0.02707	0.01171	0.02049	0.01390	0.01610	0.00951	0.01097	0.00878	0.00585	0.00439	0.00146	0.00732	0.00366	0.00293	0.00878
68	0.10749	0.01535	0.01748	0.15620	0.06905	0.06854	0.01288	0.09485	0.19714	0.13852	0.01872	0.01933	0.01364	0.00773	0.00648	0.00213	0.00708	0.00620	0.00555	0.03564
69	0.01079	0.00775	0.01018	0.04322	0.01214	0.00838	0.00726	0.04868	0.01215	0.01655	0.02229	0.09635	0.04637	0.29676	0.28590	0.04526	0.01074	0.00939	0.00428	0.00556
70	0.01315	0.01250	0.01739	0.01565	0.01576	0.01674	0.01261	0.01456	0.01120	0.01674	0.01685	0.21778	0.01892	0.01457	0.01869	0.00293	0.54342	0.00968	0.00391	0.00696
71	0.01127	0.00902	0.01032	0.00964	0.01201	0.00911	0.00733	0.01843	0.20050	0.02571	0.38420	0.04767	0.20124	0.01350	0.00778	0.00223	0.00386	0.01161	0.00711	0.00746
72	0.00980	0.00721	0.01039	0.01039	0.01141	0.00822	0.00780	0.01183	0.01082	0.01544	0.01888	0.02993	0.01843	0.17209	0.61349	0.01025	0.01633	0.00778	0.00375	0.00577
73	0.01784	0.01411	0.01529	0.01342	0.01727	0.01588	0.01052	0.09822	0.52488	0.06804	0.10260	0.02734	0.02460	0.00965	0.00707	0.00226	0.00540	0.00805	0.00710	0.01047
74	0.08541	0.01263	0.01593	0.01237	0.01756	0.01182	0.01020	0.10069	0.04293	0.57924	0.02468	0.02178	0.01584	0.00832	0.00669	0.00212	0.00595	0.00661	0.00795	0.01131
75	0.02208	0.01449	0.01563	0.01246	0.01667	0.01562	0.01014	0.42726	0.02550	0.08709	0.01910	0.01985	0.01392	0.00815	0.00618	0.00191	0.00601	0.00628	0.26169	0.00994
76	0.28997	0.11085	0.22442	0.01436	0.02038	0.17258	0.01448	0.02258	0.01465	0.04435	0.01109	0.01271	0.00853	0.00655	0.00542	0.00198	0.00849	0.00434	0.00366	0.00860
77	0.02224	0.04784	0.02195	0.04799	0.15445	0.41767	0.03699	0.07014	0.07752	0.02074	0.01300	0.01498	0.01048	0.00705	0.00643	0.00191	0.01034	0.00529	0.00397	0.00903
78	0.01404	0.10108	0.08640	0.01499	0.11077	0.08293	0.01117	0.01735	0.01612	0.02213	0.17169	0.06241	0.09027	0.01001	0.00652	0.00195	0.00601	0.00833	0.15810	0.00772
79	0.00818	0.00693	0.00706	0.00703	0.00930	0.00582	0.00527	0.01000	0.01581	0.01901	0.10701	0.06498	0.67609	0.01713	0.00808	0.00230	0.00345	0.01432	0.00642	0.00582
80	0.00989	0.00740	0.01092	0.03261	0.01277	0.00855	0.00841	0.01214	0.01097	0.01566	0.01847	0.02847	0.01767	0.12312	0.63861	0.01028	0.01684	0.00756	0.00370	0.00595
81	0.16749	0.01192	0.01485	0.01161	0.01672	0.01099	0.00959	0.03101	0.01818	0.60002	0.02392	0.02114	0.01526	0.00810	0.00641	0.00212	0.00573	0.00632	0.00772	0.01090
82	0.01188	0.00594	0.00891	0.00891	0.00891	0.00594	0.00594	0.00891	0.00891	0.01188	0.01188	0.02080	0.01188	0.02377	0.02674	0.80095	0.00594	0.00594	0.00297	0.00297
83	0.01321	0.01249	0.02086	0.67308	0.07431	0.01556	0.01886	0.01758	0.01359	0.01763	0.01202	0.01800	0.00919	0.00709	0.00770	0.00231	0.04968	0.00608	0.00305	0.00773
84	0.01796	0.01258	0.01947	0.52115	0.03839	0.01450	0.01651	0.07325	0.01644	0.17926	0.01585	0.01925	0.01109	0.00732	0.00685	0.00223	0.00825	0.00627	0.00457	0.00883
85	0.72128	0.01389	0.01122	0.00974	0.01412	0.01600	0.00803	0.09477	0.01392	0.03207	0.01029	0.01170	0.00788	0.00656	0.00452	0.00211	0.00554	0.00398	0.00452	0.00788
86	0.01776	0.01643	0.01679	0.01850	0.15146	0.14574	0.01194	0.02673	0.27505	0.04466	0.05165	0.02358	0.01840	0.04957	0.00810	0.00230	0.00693	0.00695	0.09822	0.00924
87	0.01491	0.05234	0.48356	0.01948	0.02693	0.05671	0.06602	0.02095	0.01404	0.02024	0.01157	0.01459	0.00885	0.00752	0.00960	0.00229	0.15268	0.00536	0.00298	0.00938
88	0.00897	0.00697	0.00979	0.05017	0.01284	0.00663	0.03147	0.01078	0.01418	0.01876	0.10754	0.53318	0.12536	0.01882	0.00846	0.00261	0.00439	0.01698	0.00618	0.00592
89	0.01615	0.01499	0.02569	0.24460	0.48044	0.01580	0.04057	0.02037	0.01516	0.04181	0.01311	0.01755	0.01051	0.00637	0.00684	0.00211	0.00845	0.00617	0.00344	0.00987
90	0.01567	0.01592	0.02164	0.02061	0.09553	0.05308	0.01556	0.01746	0.01145	0.01713	0.00948	0.01506	0.00918	0.01110	0.01997	0.00283	0.63147	0.00593	0.00306	0.00788
91	0.01300	0.01069	0.01276	0.01292	0.05935	0.01133	0.00912	0.02269	0.29931	0.02654	0.31378	0.07795	0.07817	0.01214	0.00757	0.00226	0.00450	0.01057	0.00690	0.00845
92	0.00978	0.00731	0.01087	0.01087	0.01205	0.00848	0.00839	0.01214	0.01096	0.01579	0.01844	0.02752	0.01738	0.07667	0.70747	0.01084	0.01791	0.00742	0.00368	0.00604
93	0.01470	0.01364	0.02007	0.37406	0.18705	0.03619	0.01660	0.05650	0.07287	0.02127	0.04019	0.02371	0.07808	0.00815	0.00697	0.00220	0.00790	0.00714	0.00411	0.00862
94	0.80789	0.01323	0.01006	0.00900	0.01323	0.01535	0.00741	0.02011	0.01164	0.03070	0.00953	0.01111	0.00741	0.00635	0.00423	0.00212	0.00529	0.00370	0.00423	0.00741
95	0.01497	0.01497	0.02095	0.01796	0.01796	0.02095	0.01497	0.01646	0.01048	0.01646	0.00898	0.01497	0.00898	0.01197	0.02245	0.00299	0.74704	0.00599	0.00299	0.00748
96	0.07185	0.04723	0.18333	0.03829	0.08403	0.13161	0.06002	0.11835	0.04294	0.10095	0.01573	0.04784	0.01226	0.00768	0.00657	0.00209	0.00869	0.00620	0.00463	0.00969
97	0.04309	0.01398	0.01991	0.12948	0.22547	0.01508	0.01479	0.14422	0.01809	0.12324	0.01620	0.01896	0.01232	0.01020	0.05160	0.00265	0.05245	0.00623	0.07239	0.00964
98	0.04176	0.06108	0.03712	0.04158	0.10659	0.11006	0.04946	0.04384	0.05781	0.04885	0.01355	0.01548	0.01078	0.00617	0.00586	0.00160	0.00731	0.00504	0.00418	0.33188
99	0.00956	0.00699	0.00898	0.00848	0.01015	0.00640	0.00636	0.01268	0.01909	0.02677	0.66549	0.05220	0.11276	0.01423	0.00807	0.00216	0.00325	0.01253	0.00744	0.00640
100	0.01541	0.01545	0.02094	0.05243	0.08413	0.05023	0.01522	0.01792	0.03420	0.01782	0.03335	0.01672	0.01137	0.01096	0.01862	0.00277	0.56505	0.00620	0.00333	0.00789
101	0.00950	0.00750	0.00967	0.01095	0.03625	0.00755	0.00738	0.01169	0.04505	0.01810	0.03908	0.50591	0.15007	0.04703	0.01036	0.00281	0.05268	0.01636	0.00597	0.00610
102	0.00870	0.00633	0.00829	0.00972	0.01047	0.00591	0.00692	0.01023	0.01372	0.01800	0.04054	0.59015	0.10887	0.02067	0.00877	0.00279	0.00426	0.11362	0.00634	0.00569
103	0.00849	0.00608	0.00800	0.00943	0.00992	0.00568	0.00635	0.00975	0.01328	0.01768	0.05631	0.67407	0.06281	0.04907	0.00970	0.00290	0.00409	0.03452	0.00630	0.00555
104	0.01469	0.01246	0.01446	0.01037	0.01643	0.00964	0.00832	0.04633	0.01496	0.02319	0.01234	0.01428	0.01020	0.00520	0.00514	0.00106	0.00517	0.00414	0.00417	0.76743
105	0.00995	0.00663	0.00746	0.00746	0.00746	0.00663	0.00415	0.00995	0.00995	0.01327	0.02156	0.04477	0.02487	0.75957	0.03482	0.00663	0.00663	0.00995	0.00415	0.00415
106	0.75315	0.01365	0.01055	0.00936	0.01362	0.03317	0.00767	0.02089	0.01220	0.06148	0.01034	0.01169	0.00787	0.00646	0.00440	0.00211	0.00549	0.00387	0.00441	0.00761
107	0.04136	0.01354	0.04779	0.08162	0.09776	0.01178	0.04911	0.04099	0.03491	0.15901	0.02013	0.02126	0.06079	0.00733	0.00627	0.00179	0.00638	0.00626	0.04141	0.25052
108	0.01595	0.01619	0.02084	0.01788	0.01826	0.06547	0.01480	0.03686	0.01167	0.01726	0.00930	0.01485	0.00905	0.01156	0.02098	0.00289	0.67955	0.00589	0.00314	0.00763
109	0.00834	0.00595	0.00794	0.00953	0.00992	0.00556	0.00635	0.00953	0.01310	0.01746	0.03771	0.75510	0.04525	0.02143	0.00873	0.00278	0.00397	0.01945	0.00635	0.00556
110	0.00822	0.00676	0.00723	0.00748	0.00942	0.00577	0.00547	0.00993	0.01535	0.01879	0.09862	0.18766	0.55989	0.01788	0.00820	0.00238	0.00354	0.01522	0.00642	0.00577
111	0.02666	0.01758	0.01949	0.01500	0.02039	0.01894	0.01237	0.54788	0.04863	0.17385	0.01879	0.01801	0.01292	0.00829	0.00685	0.00207	0.00714	0.00634	0.00716	0.01161
112	0.00921	0.00697	0.00848	0.00811	0.00993	0.00625	0.00608	0.01199	0.01824	0.02476	0.52074	0.05551	0.25876	0.01499	0.00807	0.00220	0.00330	0.01299	0.00718	0.00625
113	0.01829	0.76368	0.03585	0.01171	0.01756	0.02707	0.01171	0.02049	0.01390	0.01610	0.00951	0.01097	0.00878	0.00585	0.00439	0.00146	0.00732	0.00366	0.00293	0.00878
114	0.01425	0.05509	0.62121	0.06255	0.05102	0.01634	0.02403	0.03976	0.01490	0.02186	0.01232	0.01469	0.00884	0.00653	0.00647	0.00214	0.00984	0.00514	0.00302	0.00999
115	0.17845	0.15089	0.13974	0.01468	0.03873	0.08200	0.03297	0.09023	0.01703	0.14888	0.01592	0.01650	0.03180	0.00722	0.00585	0.00198	0.00762	0.00532	0.00475	0.00943
116	0.04983	0.02481	0.01971	0.01635	0.02094	0.32917	0.01292	0.38436	0.02600	0.03130	0.01368	0.01449	0.01028	0.00765	0.00647	0.00193	0.00954	0.00532	0.00533	0.00990
117	0.01566	0.01584	0.01415	0.01427	0.05938	0.20556	0.01003	0.05326	0.07489	0.02218	0.18516	0.15871	0.09536	0.01248	0.00788	0.00220	0.02941	0.01036	0.00564	0.00757
118	0.00861	0.00621	0.00816	0.00925	0.00996	0.00575	0.00633	0.01025	0.01451	0.01961	0.18153	0.58355	0.07141	0.01972	0.00857	0.00263	0.00380	0.01779	0.00660	0.00575
119	0.01561	0.01476	0.02470	0.10156	0.56720	0.01495	0.01913	0.01950	0.01542	0.02153	0.01817	0.02380	0.06382	0.00766	0.00702	0.00213	0.00778	0.04160	0.00373	0.00993
120	0.00910	0.00686	0.00842	0.00826	0.00993	0.00617	0.00611	0.01170	0.01764	0.02390	0.46405	0.13560	0.23576	0.01573	0.00815	0.00227	0.00338	0.01373	0.00708	0.00617
121	0.01168	0.00601	0.00876	0.00876	0.00876	0.00601	0.00575	0.00902	0.00902	0.01203	0.01289	0.02330	0.01324	0.10071	0.02758	0.71789	0.00601	0.00636	0.00309	0.00309
122	0.01771	0.46681	0.06648	0.01243	0.01742	0.12034	0.01166	0.04038	0.01573	0.01844	0.08209	0.01901	0.04664	0.03159	0.00633	0.00183	0.00758	0.00546	0.00377	0.00831
123	0.00872	0.00728	0.00826	0.05530	0.01191	0.00653	0.00635	0.01094	0.01623	0.02022	0.19527	0.05977	0.53731	0.01597	0.00800	0.00228	0.00379	0.01348	0.00637	0.00603
124	0.04284	0.01526	0.02374	0.09372	0.47016	0.01562	0.01791	0.09299	0.01719	0.04929	0.01619	0.02051	0.03502	0.00723	0.00679	0.00208	0.00767	0.02775	0.00415	0.03390
125	0.01830	0.08286	0.11567	0.01445	0.01931	0.08176	0.01286	0.06814	0.36398	0.06516	0.02199	0.04545	0.01701	0.00866	0.00658	0.00214	0.00688	0.00692	0.03183	0.01006
126	0.01475	0.05532	0.64020	0.01935	0.02897	0.01602	0.05422	0.02218	0.01474	0.05364	0.01294	0.01493	0.00913	0.00654	0.00653	0.00215	0.00989	0.00523	0.00317	0.01010
127	0.05340	0.10818	0.39604	0.01670	0.02434	0.04131	0.01877	0.09857	0.11148	0.04601	0.01484	0.01586	0.01089	0.00707	0.00627	0.00208	0.00860	0.00537	0.00414	0.01008
128	0.00981	0.00908	0.05760	0.01036	0.01247	0.00728	0.03377	0.01286	0.01703	0.02364	0.41486	0.22536	0.08883	0.01537	0.00817	0.00235	0.00429	0.03365	0.00667	0.00654
129	0.01054	0.00775	0.01109	0.01074	0.01210	0.00834	0.02635	0.01264	0.01244	0.03856	0.06318	0.09872	0.08156	0.12802	0.39386	0.00751	0.03444	0.03147	0.00461	0.00611
130	0.03417	0.00701	0.00875	0.00975	0.01070	0.00679	0.00671	0.02817	0.03630	0.04041	0.03626	0.62674	0.06267	0.03954	0.00911	0.00279	0.00426	0.01746	0.00632	0.00609
131	0.01436	0.07661	0.66334	0.01894	0.02867	0.01669	0.02413	0.04201	0.01495	0.02200	0.01224	0.01431	0.00876	0.00651	0.00639	0.00212	0.00987	0.00501	0.00301	0.01008
132	0.00921	0.00688	0.00851	0.00923	0.01038	0.00648	0.00647	0.02765	0.03626	0.02026	0.15428	0.48237	0.15895	0.01881	0.00841	0.00256	0.00389	0.01675	0.00658	0.00605
133	0.04795	0.04309	0.01791	0.03650	0.01957	0.20551	0.03530	0.06933	0.11270	0.05484	0.01553	0.04040	0.01265	0.00741	0.00648	0.00176	0.02583	0.00567	0.00468	0.23689
134	0.00995	0.00663	0.00746	0.00746	0.00746	0.00663	0.00415	0.00995	0.00995	0.01327	0.02156	0.04477	0.02487	0.75957	0.03482	0.00663	0.00663	0.00995	0.00415	0.00415
135	0.04174	0.11148	0.08955	0.04075	0.11210	0.06663	0.08790	0.21637	0.02040	0.07459	0.01452	0.01618	0.01090	0.00696	0.00639	0.00196	0.00822	0.00575	0.03141	0.03621
136	0.02182	0.02373	0.12678	0.01607	0.04292	0.28447	0.01366	0.09962	0.04019	0.12442	0.01900	0.01952	0.05714	0.00800	0.00646	0.00194	0.00888	0.00597	0.04850	0.03089

[dist]
# distance from previous block
# <min> <max>
0	1

[block]
# block no. 1 follows, 31 sequences, length 99
# corresponding to MSA columns:
# 197-295
name=unknown_B
#
# <colnr> <probs for GDERKNQSTAVLIFYWHMCP>
#	G	D	E	R	K	N	Q	S	T	A	V	L	I	F	Y	W	H	M	C	P
0	0.01564	0.08976	0.15329	0.01649	0.02160	0.05899	0.12098	0.06081	0.13374	0.02337	0.10389	0.02539	0.07728	0.00911	0.00804	0.00218	0.05808	0.00761	0.00480	0.00894
1	0.00995	0.00663	0.00746	0.00746	0.00746	0.00663	0.00415	0.00995	0.00995	0.01327	0.02156	0.04477	0.02487	0.75957	0.03482	0.00663	0.00663	0.00995	0.00415	0.00415
2	0.01622	0.01933	0.11887	0.07662	0.20583	0.09085	0.13476	0.05634	0.01611	0.02142	0.01610	0.10148	0.01477	0.00881	0.00813	0.00226	0.05253	0.02663	0.00390	0.00904
3	0.00819	0.00693	0.00707	0.00704	0.00930	0.00582	0.00528	0.01002	0.01584	0.01906	0.11078	0.06489	0.67228	0.01711	0.00808	0.00230	0.00345	0.01431	0.00643	0.00582
4	0.02101	0.01668	0.01772	0.01473	0.01931	0.01888	0.01180	0.32881	0.40557	0.03507	0.02277	0.02148	0.01677	0.00881	0.00691	0.00220	0.00635	0.00703	0.00691	0.01119
5	0.02534	0.01258	0.01593	0.01379	0.04762	0.01229	0.01058	0.03309	0.22557	0.45766	0.02647	0.02376	0.01788	0.00859	0.00683	0.00216	0.00571	0.00709	0.03591	0.01118
6	0.00958	0.00691	0.00864	0.00914	0.01065	0.00630	0.00687	0.01176	0.01589	0.03867	0.21518	0.27576	0.22528	0.01777	0.00846	0.00254	0.00405	0.11376	0.00669	0.00611
7	0.01659	0.00860	0.01118	0.01063	0.01324	0.00801	0.00847	0.01967	0.04021	0.23452	0.08064	0.18477	0.07565	0.01433	0.00778	0.00245	0.00495	0.16180	0.08859	0.00792
8	0.01497	0.01497	0.02095	0.01796	0.01796	0.02095	0.01497	0.01646	0.01048	0.01646	0.00898	0.01497	0.00898	0.01197	0.02245	0.00299	0.74704	0.00599	0.00299	0.00748
9	0.01419	0.01216	0.01419	0.01013	0.01621	0.00912	0.00811	0.01723	0.01419	0.02229	0.01216	0.01419	0.01013	0.00507	0.00507	0.00101	0.00507	0.00405	0.00405	0.80139
10	0.02058	0.01597	0.01750	0.01425	0.03375	0.08840	0.03056	0.21614	0.02076	0.12166	0.05358	0.04484	0.01570	0.00943	0.02977	0.00211	0.03285	0.00640	0.00559	0.22016
11	0.01875	0.01518	0.01617	0.01410	0.01824	0.01732	0.01109	0.12469	0.58811	0.05688	0.02628	0.02422	0.01949	0.00911	0.00694	0.00228	0.00571	0.00749	0.00700	0.01097
12	0.00977	0.00733	0.01100	0.01100	0.01222	0.00855	0.00855	0.01222	0.01100	0.01588	0.01833	0.02688	0.01710	0.05131	0.73245	0.01100	0.01833	0.00733	0.00367	0.00611
13	0.01017	0.00829	0.01056	0.01234	0.08135	0.00785	0.00828	0.01351	0.05914	0.02069	0.13166	0.19610	0.29665	0.01630	0.00819	0.00247	0.00449	0.09904	0.00624	0.00671
14	0.02556	0.03261	0.01939	0.01763	0.02115	0.73210	0.01322	0.02732	0.01939	0.01674	0.01058	0.01234	0.00881	0.00705	0.00617	0.00176	0.01234	0.00441	0.00353	0.00793
15	0.01693	0.01626	0.02777	0.04199	0.71689	0.01626	0.02100	0.02100	0.01558	0.02235	0.01287	0.01693	0.01084	0.00610	0.00677	0.00203	0.00813	0.00610	0.00339	0.01084
16	0.00839	0.00694	0.00735	0.00725	0.00943	0.00591	0.00544	0.01041	0.01631	0.02019	0.19223	0.06303	0.59012	0.01669	0.00808	0.00228	0.00342	0.01404	0.00658	0.00591
17	0.00866	0.00621	0.00823	0.00930	0.01000	0.00577	0.00638	0.01035	0.01462	0.01988	0.20124	0.58469	0.04992	0.01963	0.00857	0.00263	0.00379	0.01774	0.00664	0.00577
18	0.00863	0.00613	0.00786	0.00907	0.00951	0.00577	0.00596	0.00970	0.01286	0.01711	0.05583	0.59502	0.06634	0.14066	0.01292	0.00337	0.00436	0.01753	0.00603	0.00536
19	0.76128	0.01314	0.01040	0.00919	0.01348	0.01503	0.00757	0.02090	0.01212	0.07214	0.01057	0.01184	0.00798	0.00648	0.00439	0.00212	0.00532	0.00390	0.00449	0.00766
20	0.02601	0.01916	0.02053	0.01574	0.02122	0.02122	0.01300	0.69408	0.03217	0.04312	0.01643	0.01643	0.01163	0.00821	0.00684	0.00205	0.00753	0.00616	0.00684	0.01163
21	0.01699	0.10042	0.28052	0.02177	0.10667	0.01702	0.15741	0.07102	0.04043	0.06978	0.01644	0.01833	0.03808	0.00701	0.00677	0.00211	0.00899	0.00631	0.00400	0.00994
22	0.01651	0.01873	0.03866	0.02956	0.09122	0.04008	0.61522	0.02201	0.01620	0.02179	0.01366	0.01813	0.01037	0.00584	0.00791	0.00227	0.01128	0.00779	0.00346	0.00932
23	0.80789	0.01323	0.01006	0.00900	0.01323	0.01535	0.00741	0.02011	0.01164	0.03070	0.00953	0.01111	0.00741	0.00635	0.00423	0.00212	0.00529	0.00370	0.00423	0.00741
24	0.12386	0.01935	0.14534	0.02111	0.05366	0.01636	0.27599	0.07611	0.05360	0.04509	0.01630	0.02032	0.02893	0.00750	0.00772	0.00228	0.04106	0.03192	0.00423	0.00927
25	0.00888	0.00639	0.00854	0.01007	0.01078	0.00604	0.00728	0.01050	0.01374	0.01812	0.03852	0.59047	0.06766	0.02076	0.00886	0.00284	0.00443	0.15406	0.00634	0.00572
26	0.01631	0.01800	0.03776	0.03156	0.17657	0.01708	0.55332	0.02172	0.01603	0.02200	0.01364	0.01814	0.01047	0.00583	0.00780	0.00225	0.01083	0.00766	0.00344	0.00956
27	0.00827	0.00621	0.00767	0.00885	0.00974	0.00561	0.00605	0.00960	0.01375	0.01773	0.04599	0.57440	0.22060	0.02036	0.00856	0.00266	0.00384	0.01814	0.00635	0.00561
28	0.01138	0.00606	0.00883	0.00904	0.00923	0.00598	0.00615	0.00921	0.00982	0.01299	0.01743	0.09052	0.04374	0.02311	0.02370	0.66625	0.00568	0.03390	0.00354	0.00345
29	0.02556	0.03261	0.01939	0.01763	0.02115	0.73210	0.01322	0.02732	0.01939	0.01674	0.01058	0.01234	0.00881	0.00705	0.00617	0.00176	0.01234	0.00441	0.00353	0.00793
30	0.00834	0.00664	0.00749	0.00790	0.00956	0.00579	0.00569	0.01008	0.01527	0.01919	0.13269	0.27246	0.43843	0.01819	0.00828	0.00243	0.00359	0.01572	0.00649	0.00579
31	0.01691	0.04023	0.02423	0.25002	0.34745	0.09290	0.01859	0.04705	0.01571	0.02055	0.01221	0.01652	0.00995	0.00685	0.00759	0.00212	0.05259	0.00583	0.00340	0.00931
32	0.01879	0.04464	0.04568	0.01852	0.11450	0.13220	0.01334	0.10464	0.23033	0.04502	0.03980	0.05906	0.01774	0.00932	0.00788	0.00220	0.05525	0.02609	0.00536	0.00964
33	0.09427	0.01737	0.01535	0.01335	0.01713	0.18704	0.01059	0.16814	0.03939	0.14273	0.04212	0.06677	0.04831	0.01006	0.00679	0.00214	0.00736	0.06481	0.03736	0.00891
34	0.01739	0.01645	0.02553	0.12808	0.52760	0.04130	0.01948	0.07128	0.04395	0.02332	0.01355	0.01724	0.01100	0.00651	0.00677	0.00207	0.00825	0.00610	0.00374	0.01038
35	0.00945	0.00718	0.01026	0.01090	0.01215	0.00677	0.04055	0.01155	0.01463	0.01936	0.09916	0.44234	0.09693	0.01909	0.00876	0.00275	0.00478	0.17111	0.00630	0.00601
36	0.00886	0.00696	0.00800	0.00774	0.00971	0.00610	0.00580	0.01131	0.01741	0.02280	0.37963	0.05874	0.40109	0.01572	0.00808	0.00223	0.00335	0.01344	0.00692	0.00610
37	0.01130	0.00893	0.01259	0.01191	0.01285	0.01104	0.00940	0.01351	0.01122	0.01700	0.01679	0.02473	0.01562	0.06545	0.46111	0.00794	0.18141	0.00702	0.09381	0.00637
38	0.01875	0.01448	0.01617	0.01468	0.04543	0.01601	0.01108	0.10102	0.48993	0.09358	0.05867	0.02492	0.02094	0.00906	0.00693	0.00221	0.00566	0.00754	0.00688	0.03606
39	0.00982	0.00660	0.00759	0.00771	0.00778	0.00661	0.00443	0.00998	0.01021	0.01365	0.02266	0.09695	0.02617	0.68523	0.05219	0.00647	0.00676	0.01058	0.00430	0.00430
40	0.02051	0.07198	0.02394	0.04992	0.30221	0.11025	0.03457	0.15178	0.04664	0.07222	0.01489	0.01697	0.01156	0.00698	0.00652	0.00198	0.00819	0.00589	0.03280	0.01021
41	0.57384	0.06354	0.01352	0.03944	0.01551	0.01635	0.00899	0.05960	0.01310	0.02816	0.01155	0.05294	0.01002	0.00769	0.00610	0.00218	0.06052	0.00498	0.00428	0.00767
42	0.01210	0.00798	0.01138	0.01075	0.01089	0.00927	0.00780	0.01093	0.00987	0.01381	0.03930	0.02350	0.01491	0.09459	0.07322	0.47738	0.15799	0.00668	0.00331	0.00435
43	0.19799	0.13801	0.04764	0.05552	0.03963	0.24403	0.01224	0.07569	0.03364	0.02296	0.01140	0.01318	0.00918	0.00664	0.00551	0.00183	0.00849	0.00449	0.00392	0.06801
44	0.02419	0.01761	0.01841	0.01447	0.01933	0.04687	0.01179	0.52722	0.04821	0.07970	0.01949	0.01989	0.03728	0.02622	0.00740	0.00214	0.00713	0.00657	0.05532	0.01076
45	0.06837	0.01357	0.01927	0.18827	0.18567	0.01357	0.01425	0.06802	0.01641	0.14422	0.01502	0.01730	0.01117	0.00660	0.00626	0.00188	0.00703	0.00561	0.00463	0.19289
46	0.00914	0.00697	0.00840	0.00804	0.00989	0.00623	0.00603	0.01187	0.01809	0.02441	0.49595	0.05608	0.28377	0.01511	0.00807	0.00221	0.00331	0.01307	0.00713	0.00623
47	0.01734	0.01522	0.01529	0.01369	0.01740	0.06190	0.01071	0.08878	0.51045	0.02831	0.06604	0.02896	0.04962	0.01001	0.00711	0.00228	0.00588	0.03421	0.00671	0.01009
48	0.01540	0.00823	0.01068	0.00925	0.01193	0.00757	0.03374	0.01846	0.01720	0.17541	0.24030	0.03619	0.09277	0.01067	0.00667	0.00197	0.00412	0.00911	0.28274	0.00760
49	0.00894	0.00693	0.00823	0.00911	0.01034	0.00652	0.00636	0.01172	0.06821	0.01864	0.04623	0.49493	0.24012	0.01927	0.00840	0.00260	0.00393	0.01705	0.00640	0.00604
50	0.01392	0.03406	0.67486	0.01967	0.02946	0.01598	0.05012	0.02216	0.03719	0.02190	0.01285	0.01496	0.00913	0.00656	0.00657	0.00218	0.01001	0.00526	0.00304	0.01010
51	0.01583	0.01646	0.03135	0.02243	0.02903	0.01480	0.45140	0.04149	0.01602	0.02270	0.01338	0.01702	0.01034	0.00562	0.00707	0.00188	0.00933	0.00672	0.00376	0.26336
52	0.02989	0.01293	0.01667	0.01278	0.01811	0.01197	0.01056	0.14649	0.02174	0.60544	0.02518	0.02211	0.01603	0.00842	0.00687	0.00211	0.00611	0.00676	0.00819	0.01164
53	0.01419	0.01216	0.01419	0.01013	0.01621	0.00912	0.00811	0.01723	0.01419	0.02229	0.01216	0.01419	0.01013	0.00507	0.00507	0.00101	0.00507	0.00405	0.00405	0.80139
54	0.03070	0.01164	0.01588	0.01217	0.01746	0.01006	0.01006	0.03334	0.01958	0.72163	0.02699	0.02329	0.01694	0.00847	0.00688	0.00212	0.00582	0.00688	0.00847	0.01164
55	0.00905	0.00720	0.00871	0.00948	0.03451	0.00639	0.00662	0.01110	0.01559	0.02019	0.17417	0.24269	0.34422	0.01713	0.00818	0.00239	0.00389	0.04332	0.00640	0.02878
56	0.01869	0.72344	0.03494	0.01203	0.01776	0.06588	0.01179	0.02086	0.01420	0.01613	0.00957	0.01105	0.00878	0.00592	0.00449	0.00148	0.00759	0.00370	0.00296	0.00873
57	0.00963	0.00699	0.00908	0.00855	0.01019	0.00643	0.00642	0.01281	0.01925	0.02715	0.69308	0.05157	0.08493	0.01409	0.00807	0.00216	0.00324	0.01244	0.00749	0.00643
58	0.01391	0.00799	0.01039	0.00934	0.01179	0.00719	0.00727	0.01686	0.01886	0.16956	0.47492	0.04803	0.12142	0.01341	0.00789	0.00220	0.00392	0.04007	0.00755	0.00745
59	0.13166	0.01185	0.01512	0.01176	0.01691	0.01074	0.00971	0.03162	0.01855	0.63186	0.02472	0.02170	0.01570	0.00819	0.00654	0.00212	0.00575	0.00647	0.00792	0.01109
60	0.01031	0.00723	0.00879	0.00825	0.01030	0.00643	0.00624	0.01302	0.01814	0.06271	0.46396	0.05441	0.27531	0.01478	0.00801	0.00220	0.00345	0.01275	0.00720	0.00652
61	0.74677	0.01311	0.01051	0.00925	0.01356	0.01493	0.00762	0.02115	0.01227	0.08504	0.01090	0.01207	0.00816	0.00652	0.00444	0.00212	0.00533	0.00395	0.00457	0.00774
62	0.00994	0.00814	0.01109	0.01157	0.01187	0.00928	0.00844	0.01121	0.01246	0.01722	0.03075	0.57594	0.03647	0.01914	0.01205	0.00283	0.18384	0.01619	0.00554	0.00602
63	0.11416	0.01431	0.03722	0.03695	0.02167	0.01377	0.15519	0.08392	0.04165	0.28257	0.02235	0.04737	0.05071	0.00861	0.00756	0.00223	0.03652	0.00746	0.00602	0.00977
64	0.02244	0.26866	0.02449	0.01479	0.01946	0.29085	0.01233	0.16478	0.06122	0.02297	0.01277	0.01386	0.01033	0.00706	0.00574	0.00175	0.00904	0.00477	0.02357	0.00912
65	0.77679	0.01319	0.01046	0.03772	0.01456	0.01534	0.00786	0.02001	0.01172	0.03018	0.00963	0.01139	0.00748	0.00637	0.00434	0.00212	0.00544	0.00380	0.00419	0.00742
66	0.01604	0.01415	0.02232	0.23904	0.28283	0.01536	0.05347	0.02315	0.14667	0.04993	0.01665	0.01976	0.01284	0.00710	0.00679	0.00215	0.00772	0.00656	0.04789	0.00958
67	0.00847	0.00721	0.00733	0.00725	0.00959	0.00620	0.00545	0.01089	0.04010	0.01923	0.09582	0.06378	0.66140	0.01690	0.00805	0.00230	0.00352	0.01411	0.00643	0.00598
68	0.01012	0.00922	0.00991	0.01105	0.07611	0.04684	0.00731	0.01231	0.01639	0.02014	0.16125	0.05603	0.50832	0.01519	0.00786	0.00223	0.00435	0.01279	0.00610	0.00647
69	0.00866	0.00620	0.00826	0.00952	0.01015	0.00579	0.00657	0.01024	0.01417	0.01912	0.14072	0.61823	0.04794	0.02019	0.00866	0.00270	0.00396	0.04667	0.00653	0.00573
70	0.01235	0.01142	0.01571	0.01449	0.01480	0.01478	0.01155	0.01381	0.01177	0.01703	0.02235	0.25566	0.06035	0.01551	0.01686	0.00289	0.44498	0.03260	0.00436	0.00674
71	0.02516	0.07285	0.02029	0.01730	0.02095	0.69329	0.01314	0.02694	0.01909	0.01671	0.01052	0.01226	0.00881	0.00698	0.00607	0.00175	0.01206	0.00437	0.00349	0.00798
72	0.00831	0.00606	0.00783	0.00923	0.00985	0.00558	0.00622	0.00956	0.01338	0.01758	0.04125	0.67777	0.12029	0.02097	0.00866	0.00273	0.00391	0.01889	0.00635	0.00558
73	0.01640	0.01595	0.02799	0.06733	0.60143	0.01594	0.08397	0.02055	0.01547	0.02195	0.01379	0.04268	0.01192	0.00662	0.00697	0.00209	0.00835	0.00674	0.00348	0.01037
74	0.01007	0.00743	0.01042	0.00989	0.01088	0.00773	0.03602	0.01171	0.01208	0.01680	0.12303	0.05876	0.02793	0.34109	0.27897	0.00723	0.01045	0.00956	0.00451	0.00545
75	0.01891	0.62981	0.07525	0.01290	0.01873	0.11322	0.01271	0.02140	0.01461	0.01651	0.00981	0.01135	0.00878	0.00604	0.00474	0.00154	0.00810	0.00383	0.00300	0.00876
76	0.01419	0.02795	0.46932	0.06925	0.05004	0.01574	0.12787	0.02204	0.06238	0.02217	0.04407	0.01776	0.01230	0.00691	0.00688	0.00220	0.00959	0.00613	0.00349	0.00972
77	0.01576	0.01249	0.01413	0.01305	0.04310	0.01332	0.00974	0.10472	0.31707	0.05115	0.17849	0.03393	0.11108	0.01081	0.00724	0.00218	0.00507	0.00911	0.00679	0.04076
78	0.00884	0.00662	0.00820	0.00852	0.00989	0.00599	0.00612	0.01102	0.01633	0.02189	0.32888	0.29509	0.21293	0.01733	0.00830	0.00240	0.00354	0.01528	0.00685	0.00599
79	0.01048	0.00742	0.00978	0.01078	0.01197	0.00733	0.00869	0.01275	0.01448	0.01899	0.07682	0.08891	0.06433	0.19799	0.01543	0.00389	0.00600	0.42235	0.00586	0.00574
80	0.01627	0.14286	0.47280	0.05828	0.05357	0.01730	0.02105	0.04531	0.01538	0.07684	0.01318	0.01498	0.00955	0.00662	0.00625	0.00205	0.00912	0.00512	0.00350	0.00997
81	0.00942	0.00645	0.00775	0.00821	0.00846	0.00628	0.00503	0.01006	0.01172	0.01576	0.08413	0.26832	0.03457	0.46584	0.02441	0.00505	0.00551	0.01313	0.00512	0.00478
82	0.01372	0.01178	0.01650	0.04353	0.16156	0.01229	0.03531	0.05549	0.12510	0.02434	0.17264	0.03975	0.12242	0.01177	0.00827	0.00234	0.03524	0.09381	0.00575	0.00840
83	0.01605	0.01818	0.03884	0.02798	0.03436	0.01759	0.63879	0.02149	0.01570	0.02149	0.01346	0.01818	0.01027	0.00626	0.00920	0.00236	0.06938	0.00791	0.00342	0.00909
84	0.01768	0.66684	0.12737	0.01274	0.01916	0.02558	0.01351	0.02064	0.01397	0.01684	0.00988	0.01144	0.00876	0.00594	0.00467	0.00156	0.00769	0.00384	0.00292	0.00896
85	0.01206	0.00625	0.00914	0.00909	0.00922	0.00633	0.00611	0.00987	0.03317	0.01247	0.01244	0.02096	0.01220	0.02326	0.02605	0.77310	0.00592	0.00600	0.00311	0.00324
86	0.80789	0.01323	0.01006	0.00900	0.01323	0.01535	0.00741	0.02011	0.01164	0.03070	0.00953	0.01111	0.00741	0.00635	0.00423	0.00212	0.00529	0.00370	0.00423	0.00741
87	0.01428	0.01059	0.01411	0.01228	0.01560	0.00998	0.05810	0.08290	0.05484	0.06859	0.07669	0.20206	0.05310	0.01293	0.00751	0.00223	0.00553	0.11063	0.02895	0.15910
88	0.00968	0.00699	0.00914	0.00861	0.01022	0.00646	0.00646	0.01291	0.01937	0.02743	0.71328	0.05110	0.06455	0.01399	0.00807	0.00215	0.00323	0.01237	0.00753	0.00646
89	0.01660	0.01384	0.01471	0.01313	0.01679	0.01560	0.01022	0.10860	0.50877	0.02874	0.04708	0.06892	0.08565	0.01067	0.00717	0.00231	0.00535	0.00892	0.00687	0.01007
90	0.12258	0.01745	0.01904	0.01573	0.04431	0.09730	0.06424	0.28120	0.02264	0.17239	0.01709	0.01745	0.01211	0.00762	0.00641	0.00203	0.00750	0.00596	0.05680	0.01014
91	0.00827	0.00672	0.00735	0.00782	0.00961	0.00580	0.00572	0.00992	0.01496	0.01830	0.05993	0.24227	0.51664	0.01844	0.00830	0.00246	0.00371	0.04168	0.00635	0.00574
92	0.04670	0.01705	0.01839	0.01471	0.01968	0.01883	0.01196	0.43069	0.21571	0.10295	0.02037	0.01943	0.01456	0.00848	0.00680	0.00213	0.00672	0.00659	0.00695	0.01129
93	0.00995	0.00663	0.00746	0.00746	0.00746	0.00663	0.00415	0.00995	0.00995	0.01327	0.02156	0.04477	0.02487	0.75957	0.03482	0.00663	0.00663	0.00995	0.00415	0.00415
94	0.01292	0.01216	0.02052	0.74312	0.04712	0.01520	0.01900	0.01748	0.01368	0.01748	0.01216	0.01824	0.00912	0.00684	0.00684	0.00228	0.00912	0.00608	0.00304	0.00760
95	0.01868	0.01567	0.01623	0.01422	0.01820	0.04205	0.01121	0.17620	0.48111	0.03058	0.02549	0.05395	0.02015	0.00983	0.00708	0.00229	0.00609	0.03369	0.00677	0.01052
96	0.01829	0.76368	0.03585	0.01171	0.01756	0.02707	0.01171	0.02049	0.01390	0.01610	0.00951	0.01097	0.00878	0.00585	0.00439	0.00146	0.00732	0.00366	0.00293	0.00878
97	0.73534	0.01517	0.05108	0.00990	0.01444	0.04037	0.00863	0.02045	0.01207	0.02969	0.00972	0.01135	0.00753	0.00638	0.00443	0.00211	0.00581	0.00381	0.00413	0.00758
98	0.01574	0.03568	0.01821	0.01426	0.01771	0.05767	0.04836	0.03505	0.04140	0.04753	0.01587	0.04430	0.03979	0.01077	0.04254	0.00240	0.22903	0.00627	0.00415	0.27324

[dist]
# distance from previous block
# <min> <max>
0	1

[block]
# block no. 2 follows, 31 sequences, length 27
# corresponding to MSA columns:
# 297-323
name=unknown_C
#
# <colnr> <probs for GDERKNQSTAVLIFYWHMCP>
#	G	D	E	R	K	N	Q	S	T	A	V	L	I	F	Y	W	H	M	C	P
0	0.01515	0.01252	0.01466	0.01093	0.01650	0.01047	0.00875	0.01986	0.08827	0.04932	0.01428	0.01578	0.01150	0.00592	0.00603	0.00127	0.03474	0.00463	0.00449	0.65491
1	0.00878	0.00726	0.00804	0.00798	0.00990	0.00661	0.00602	0.01067	0.01557	0.01943	0.14735	0.09379	0.51686	0.04274	0.00971	0.00252	0.03525	0.03933	0.00629	0.00589
2	0.01073	0.00766	0.01069	0.01226	0.01371	0.00762	0.01051	0.01366	0.01546	0.02014	0.03639	0.15165	0.04002	0.01918	0.00937	0.00311	0.00604	0.59928	0.00631	0.00622
3	0.02202	0.00972	0.01289	0.01061	0.01444	0.00850	0.00848	0.02465	0.01882	0.44100	0.20696	0.06899	0.10015	0.01137	0.00739	0.00218	0.00484	0.00963	0.00792	0.00945
