[name]
unknown

[dist]
# distance from previous block
# <min> <max>
0	29

[block]
# block no. 0 follows, 32 sequences, length 28
# corresponding to MSA columns:
# 30-57
name=unknown_A
#
# <colnr> <probs for GDERKNQSTAVLIFYWHMCP>
#	G	D	E	R	K	N	Q	S	T	A	V	L	I	F	Y	W	H	M	C	P
0	0.01336	0.01119	0.01682	0.01777	0.10096	0.04268	0.10067	0.01664	0.01543	0.04294	0.02771	0.05481	0.02873	0.05709	0.00997	0.00295	0.00733	0.42046	0.00530	0.00720
1	0.01447	0.02845	0.47825	0.06261	0.02577	0.10756	0.01974	0.02039	0.01482	0.02053	0.05267	0.01812	0.01285	0.04101	0.00759	0.00224	0.00921	0.00563	0.04927	0.00881
2	0.01130	0.00881	0.01057	0.10817	0.01562	0.00919	0.00815	0.01677	0.14676	0.02175	0.14589	0.04063	0.25267	0.01280	0.00828	0.05234	0.00459	0.00995	0.10889	0.00685
3	0.01091	0.00937	0.02695	0.09341	0.05545	0.00918	0.00929	0.01599	0.10639	0.02328	0.33156	0.13069	0.12518	0.01305	0.00762	0.00223	0.00462	0.01147	0.00621	0.00714
4	0.06477	0.02397	0.06472	0.04536	0.17069	0.35684	0.03653	0.02296	0.01654	0.01956	0.01125	0.01374	0.00921	0.00634	0.00603	0.00177	0.00964	0.00480	0.00348	0.11182
5	0.03822	0.04924	0.09969	0.01702	0.11037	0.01401	0.03649	0.13358	0.03731	0.15976	0.04755	0.01822	0.01395	0.00699	0.00621	0.00180	0.00670	0.00579	0.00520	0.19190
6	0.01670	0.01632	0.01438	0.01517	0.08976	0.23806	0.01032	0.02016	0.06892	0.01974	0.01674	0.04377	0.01435	0.01436	0.10227	0.04830	0.03021	0.00623	0.20690	0.00732
7	0.01962	0.05479	0.01607	0.01217	0.01564	0.01365	0.02498	0.20528	0.01955	0.17226	0.07798	0.02370	0.01850	0.05671	0.05865	0.00287	0.06580	0.00692	0.12598	0.00887
8	0.06807	0.01225	0.01651	0.01301	0.01756	0.01174	0.06404	0.10443	0.05864	0.39626	0.11343	0.05258	0.02230	0.00918	0.00692	0.00212	0.00590	0.00780	0.00722	0.01007
9	0.01259	0.01159	0.01236	0.01148	0.01371	0.10315	0.03427	0.01685	0.09654	0.01980	0.12820	0.08919	0.10409	0.05900	0.19711	0.00458	0.00907	0.02345	0.02001	0.03297
10	0.11230	0.00680	0.00810	0.00924	0.01016	0.00672	0.00637	0.01080	0.01288	0.01915	0.05712	0.63810	0.04023	0.01885	0.00797	0.00262	0.00404	0.01683	0.00600	0.00572
11	0.02001	0.01474	0.01573	0.01289	0.01676	0.01631	0.01019	0.38604	0.17084	0.03337	0.01985	0.02269	0.01573	0.10620	0.01005	0.00260	0.00631	0.00688	0.10315	0.00966
12	0.02506	0.03198	0.01901	0.01729	0.02074	0.73725	0.01296	0.02679	0.01901	0.01642	0.01037	0.01210	0.00864	0.00691	0.00605	0.00173	0.01210	0.00432	0.00346	0.00778
13	0.00929	0.00669	0.00919	0.00956	0.01027	0.00721	0.00678	0.01079	0.01102	0.01530	0.02333	0.20678	0.02532	0.22337	0.38521	0.00777	0.01170	0.01069	0.00435	0.00538
14	0.01377	0.03256	0.64006	0.02031	0.02982	0.01576	0.11200	0.02128	0.01438	0.02128	0.01224	0.01468	0.00872	0.00628	0.00657	0.00214	0.01010	0.00534	0.00291	0.00980
15	0.00950	0.00686	0.00897	0.00844	0.01002	0.00633	0.00633	0.01266	0.01899	0.02691	0.71879	0.05012	0.06331	0.01372	0.00791	0.00211	0.00317	0.01213	0.00739	0.00633
16	0.00918	0.00658	0.00903	0.01032	0.01113	0.00653	0.00775	0.01101	0.01321	0.01762	0.03350	0.44049	0.03839	0.05224	0.10418	0.00402	0.00647	0.20689	0.00579	0.00568
17	0.01792	0.14856	0.11003	0.03858	0.15832	0.11837	0.06429	0.03979	0.07376	0.05840	0.01546	0.02045	0.01299	0.00775	0.00698	0.00205	0.03430	0.05873	0.00406	0.00920
18	0.01288	0.00886	0.01082	0.01022	0.01227	0.00897	0.00788	0.04157	0.03787	0.11476	0.04257	0.23322	0.28508	0.01571	0.00957	0.00246	0.09237	0.03977	0.00616	0.00699
19	0.00816	0.00590	0.00772	0.00918	0.00969	0.00546	0.00616	0.00936	0.01300	0.01719	0.03892	0.71632	0.08661	0.02077	0.00852	0.00270	0.00386	0.01877	0.00623	0.00546
20	0.01536	0.01742	0.07432	0.15628	0.23008	0.01624	0.34883	0.02047	0.01516	0.02084	0.01293	0.01741	0.00999	0.00597	0.00726	0.00217	0.00988	0.00685	0.00327	0.00927
21	0.08959	0.06255	0.17029	0.03574	0.10365	0.20254	0.13247	0.04743	0.05443	0.02168	0.01254	0.01486	0.00973	0.00652	0.00632	0.00200	0.00957	0.00543	0.00363	0.00904
22	0.01209	0.00894	0.01031	0.00980	0.01221	0.00874	0.00766	0.10232	0.05709	0.04616	0.16160	0.13907	0.27969	0.01525	0.00792	0.00237	0.00449	0.10068	0.00659	0.00703
23	0.01576	0.01683	0.07176	0.13757	0.49483	0.01591	0.10833	0.02027	0.01502	0.02115	0.01261	0.01683	0.01020	0.00606	0.00680	0.00207	0.00866	0.00616	0.00325	0.00993
24	0.09788	0.20302	0.04194	0.01521	0.06116	0.03700	0.01238	0.29138	0.11109	0.04447	0.01499	0.01546	0.01141	0.00725	0.00586	0.00191	0.00703	0.00534	0.00518	0.01004
25	0.14456	0.01834	0.02006	0.01714	0.05252	0.13238	0.10992	0.20219	0.14091	0.02833	0.01567	0.01710	0.01199	0.00972	0.04763	0.00255	0.00862	0.00599	0.00500	0.00936
26	0.11907	0.01667	0.06783	0.06762	0.39939	0.03040	0.06533	0.02057	0.03440	0.02250	0.01238	0.01580	0.01007	0.00632	0.00687	0.00202	0.03601	0.00563	0.00351	0.05759
27	0.01691	0.01684	0.02811	0.05324	0.48505	0.04851	0.14833	0.04449	0.03291	0.02228	0.01370	0.01831	0.01134	0.00642	0.00693	0.00207	0.00869	0.02222	0.00360	0.01004

[dist]
# distance from previous block
# <min> <max>
0	6

[block]
# block no. 1 follows, 32 sequences, length 37
# corresponding to MSA columns:
# 64-100
name=unknown_B
#
# <colnr> <probs for GDERKNQSTAVLIFYWHMCP>
#	G	D	E	R	K	N	Q	S	T	A	V	L	I	F	Y	W	H	M	C	P
0	0.01469	0.01570	0.05234	0.05708	0.14786	0.10893	0.12485	0.01876	0.05307	0.01942	0.02037	0.14942	0.02035	0.06311	0.00967	0.00262	0.02562	0.08389	0.00435	0.00790
1	0.13999	0.06745	0.01994	0.19821	0.11289	0.19967	0.01419	0.09870	0.01710	0.05447	0.01219	0.01476	0.00943	0.00676	0.00599	0.00197	0.00862	0.00509	0.00398	0.00861
2	0.01946	0.02253	0.02783	0.02138	0.02659	0.28363	0.32062	0.05359	0.01737	0.02044	0.01219	0.01525	0.00960	0.00633	0.00726	0.00194	0.03156	0.00602	0.00362	0.09279
3	0.00818	0.00584	0.00779	0.00934	0.00973	0.00545	0.00623	0.00934	0.01285	0.01713	0.03698	0.75981	0.04438	0.02102	0.00856	0.00273	0.00389	0.01908	0.00623	0.00545
4	0.03010	0.01142	0.01557	0.01194	0.01713	0.00986	0.00986	0.03270	0.01920	0.72698	0.02647	0.02284	0.01661	0.00830	0.00675	0.00208	0.00571	0.00675	0.00830	0.01142
5	0.01703	0.01458	0.01536	0.01372	0.01758	0.01685	0.01070	0.06104	0.68428	0.02861	0.02688	0.02469	0.02014	0.00906	0.00682	0.00227	0.00539	0.00753	0.00682	0.01065
6	0.00819	0.00681	0.00716	0.00707	0.00922	0.00578	0.00531	0.01014	0.01592	0.01960	0.17743	0.06214	0.60923	0.01644	0.00793	0.00224	0.00336	0.01382	0.00643	0.00578
7	0.01696	0.01341	0.01496	0.06064	0.01867	0.01516	0.01069	0.03231	0.55245	0.08681	0.05288	0.02691	0.04953	0.00937	0.00690	0.00225	0.00542	0.00784	0.00670	0.01013
8	0.00960	0.00714	0.01054	0.01054	0.01166	0.00826	0.00809	0.01183	0.01071	0.01540	0.01819	0.02758	0.01730	0.10001	0.68864	0.01049	0.01717	0.00737	0.00363	0.00586
9	0.01356	0.02943	0.54325	0.02025	0.02888	0.01515	0.15617	0.02047	0.01440	0.02101	0.01408	0.06684	0.01133	0.00725	0.00683	0.00219	0.00977	0.00652	0.00318	0.00943
10	0.01852	0.01400	0.01523	0.01342	0.01740	0.01576	0.01052	0.03525	0.61574	0.12362	0.02720	0.02473	0.01995	0.00899	0.00682	0.00225	0.00536	0.00747	0.00703	0.01073
11	0.01011	0.00820	0.01008	0.01128	0.06028	0.00798	0.00754	0.01447	0.11378	0.02083	0.14933	0.28912	0.23961	0.01596	0.00790	0.00238	0.00412	0.01401	0.00629	0.00675
12	0.06989	0.01601	0.07210	0.29564	0.11682	0.01612	0.22241	0.01923	0.01404	0.02011	0.01210	0.01684	0.00936	0.00662	0.00800	0.00225	0.06448	0.00632	0.00321	0.00845
13	0.00960	0.00711	0.01040	0.01040	0.01147	0.00818	0.00791	0.01174	0.01067	0.01529	0.01832	0.02830	0.01762	0.12918	0.65989	0.01031	0.01671	0.00747	0.00365	0.00578
14	0.00828	0.00588	0.00776	0.00921	0.00958	0.00552	0.00609	0.00937	0.01265	0.01686	0.03596	0.71341	0.04308	0.06919	0.01022	0.00297	0.00406	0.01847	0.00609	0.00536
15	0.06966	0.02901	0.51505	0.02214	0.11295	0.01575	0.10002	0.02109	0.01430	0.02198	0.01210	0.01469	0.00887	0.00623	0.00643	0.00212	0.00951	0.00533	0.00305	0.00972
16	0.09006	0.29204	0.16682	0.01711	0.09272	0.13510	0.01505	0.08205	0.01617	0.02126	0.01098	0.01275	0.00893	0.00633	0.00544	0.00179	0.00843	0.00445	0.00346	0.00908
17	0.01907	0.01567	0.01705	0.01536	0.04963	0.01777	0.01164	0.21488	0.49560	0.03165	0.02363	0.02224	0.01759	0.00868	0.00679	0.00219	0.00599	0.00710	0.00664	0.01083
18	0.01461	0.01341	0.04674	0.01078	0.01681	0.01015	0.00906	0.05383	0.04000	0.02314	0.01271	0.01444	0.01033	0.00535	0.00519	0.00115	0.00533	0.00426	0.00417	0.69854
19	0.01295	0.00668	0.00672	0.00656	0.00826	0.00675	0.00496	0.03877	0.01466	0.02560	0.02169	0.02471	0.01700	0.00783	0.00476	0.00158	0.00327	0.00625	0.77457	0.00643
20	0.01730	0.01419	0.02179	0.02961	0.45397	0.01421	0.01601	0.10042	0.01765	0.07333	0.06414	0.02297	0.06427	0.00776	0.00672	0.00200	0.00684	0.00702	0.04990	0.00990
21	0.01780	0.08786	0.04200	0.08115	0.16699	0.05698	0.07324	0.10287	0.08338	0.06841	0.01698	0.04868	0.02830	0.00932	0.02896	0.00237	0.06419	0.00675	0.00448	0.00930
22	0.01541	0.01794	0.05670	0.02694	0.03337	0.01652	0.63267	0.02083	0.01553	0.02117	0.01444	0.05025	0.01159	0.00649	0.00825	0.00230	0.02897	0.00827	0.00349	0.00888
23	0.02116	0.01920	0.01752	0.01493	0.01917	0.15605	0.01176	0.24977	0.35734	0.03046	0.02043	0.01966	0.01527	0.00834	0.00664	0.00209	0.00728	0.00646	0.00614	0.01033
24	0.01625	0.06362	0.08192	0.10431	0.02201	0.01308	0.04941	0.08352	0.03468	0.07482	0.01440	0.01707	0.01129	0.03356	0.00682	0.00178	0.00669	0.00528	0.03052	0.32896
25	0.01523	0.07410	0.58499	0.01903	0.04763	0.01620	0.03931	0.05134	0.01522	0.05758	0.01285	0.01466	0.00915	0.00648	0.00634	0.00208	0.00941	0.00512	0.00331	0.00998
26	0.04160	0.01878	0.01945	0.02090	0.18931	0.17943	0.01359	0.18519	0.06810	0.04950	0.08107	0.02047	0.03587	0.00825	0.00726	0.00202	0.03828	0.00649	0.00504	0.00943
27	0.00818	0.00681	0.00715	0.00706	0.00922	0.00577	0.00530	0.01012	0.01589	0.01955	0.17334	0.06223	0.61335	0.01646	0.00793	0.00224	0.00336	0.01383	0.00642	0.00577
28	0.01477	0.01598	0.07479	0.14027	0.19628	0.05088	0.10936	0.03545	0.05540	0.02106	0.04296	0.02480	0.08384	0.00848	0.00794	0.00219	0.05402	0.02676	0.02614	0.00863
29	0.06726	0.10386	0.14039	0.01974	0.13417	0.13239	0.04552	0.09689	0.09083	0.08409	0.01476	0.01594	0.01115	0.00692	0.00619	0.00197	0.00831	0.00547	0.00443	0.00971
30	0.01009	0.00655	0.00772	0.00778	0.00822	0.00672	0.00492	0.01098	0.01069	0.01539	0.02136	0.06564	0.02287	0.50885	0.13937	0.00628	0.00770	0.00918	0.12493	0.00475
31	0.00826	0.00605	0.00777	0.00894	0.00967	0.00556	0.00609	0.00968	0.01371	0.01813	0.10192	0.60845	0.13139	0.01986	0.00843	0.00261	0.00377	0.01783	0.00633	0.00556
32	0.01582	0.01911	0.15644	0.02957	0.35635	0.01565	0.12180	0.04216	0.08442	0.02295	0.01598	0.01874	0.02994	0.00672	0.00677	0.00208	0.00827	0.00647	0.03076	0.01000
33	0.08971	0.12703	0.10240	0.01269	0.01845	0.01414	0.01184	0.07167	0.01795	0.43720	0.02016	0.01862	0.01337	0.00751	0.00613	0.00198	0.00649	0.00577	0.00641	0.01049
34	0.00894	0.00645	0.00846	0.00953	0.01044	0.00608	0.00697	0.01075	0.01428	0.01901	0.13714	0.44280	0.09211	0.05217	0.00970	0.00284	0.00432	0.14605	0.00629	0.00567
35	0.09219	0.05240	0.19041	0.02353	0.23766	0.01577	0.05561	0.08421	0.04144	0.08638	0.01524	0.04910	0.01215	0.00724	0.00642	0.00207	0.00780	0.00623	0.00428	0.00988
36	0.01829	0.01655	0.09826	0.01669	0.08992	0.01427	0.03561	0.17211	0.01830	0.09694	0.02818	0.01738	0.01222	0.02901	0.00830	0.00195	0.06970	0.00565	0.00479	0.24589

[dist]
# distance from previous block
# <min> <max>
0	2

[block]
# block no. 2 follows, 32 sequences, length 30
# corresponding to MSA columns:
# 103-132
name=unknown_C
#
# <colnr> <probs for GDERKNQSTAVLIFYWHMCP>
#	G	D	E	R	K	N	Q	S	T	A	V	L	I	F	Y	W	H	M	C	P
0	0.05349	0.00811	0.01134	0.01028	0.01164	0.00837	0.06944	0.01214	0.01121	0.01616	0.02210	0.05262	0.06145	0.37279	0.22208	0.00658	0.00972	0.00893	0.02614	0.00542
1	0.04275	0.02085	0.02189	0.15892	0.29353	0.27997	0.01655	0.02207	0.01614	0.01928	0.01154	0.01491	0.00947	0.00642	0.00630	0.00190	0.00946	0.00522	0.00336	0.03946
2	0.00818	0.00584	0.00779	0.00934	0.00973	0.00545	0.00623	0.00934	0.01285	0.01713	0.03698	0.75981	0.04438	0.02102	0.00856	0.00273	0.00389	0.01908	0.00623	0.00545
3	0.01794	0.01675	0.01698	0.01714	0.09393	0.11453	0.01217	0.07344	0.44516	0.02612	0.02332	0.02562	0.01860	0.00911	0.00688	0.00222	0.00672	0.05750	0.00593	0.00995
4	0.01706	0.01598	0.02611	0.03400	0.50906	0.01594	0.08079	0.07627	0.05576	0.02387	0.01377	0.01698	0.01115	0.00622	0.00665	0.00196	0.00785	0.00610	0.00385	0.07063
5	0.01884	0.01616	0.08127	0.03404	0.03830	0.10755	0.03948	0.07429	0.07042	0.14790	0.01922	0.02236	0.01483	0.00998	0.03656	0.00238	0.04247	0.03589	0.17932	0.00874
6	0.01346	0.03471	0.72942	0.01912	0.02904	0.01558	0.02479	0.02125	0.01417	0.02125	0.01204	0.01417	0.00850	0.00637	0.00637	0.00212	0.00992	0.00496	0.00283	0.00992
7	0.01343	0.01185	0.01835	0.02624	0.40685	0.01155	0.01399	0.01662	0.01508	0.02109	0.02942	0.05381	0.19246	0.00999	0.00692	0.00209	0.00606	0.04003	0.09564	0.00852
8	0.00822	0.00587	0.00783	0.00931	0.00974	0.00548	0.00623	0.00946	0.01306	0.01746	0.06040	0.73543	0.04503	0.02077	0.00854	0.00270	0.00387	0.01884	0.00627	0.00548
9	0.01305	0.01092	0.01560	0.01441	0.01729	0.01139	0.09833	0.02110	0.21827	0.02322	0.09322	0.05120	0.03196	0.01369	0.00826	0.00266	0.00631	0.33516	0.00612	0.00785
10	0.00919	0.00663	0.00881	0.01018	0.01113	0.00635	0.00775	0.01107	0.01388	0.01814	0.03820	0.42638	0.09299	0.04837	0.00976	0.00297	0.00480	0.26158	0.00613	0.00568
11	0.00860	0.00645	0.00798	0.00838	0.00967	0.00583	0.00599	0.01064	0.01571	0.02098	0.29584	0.32704	0.21770	0.01734	0.00817	0.00239	0.00350	0.01531	0.00666	0.00583
12	0.02506	0.03198	0.01901	0.01729	0.02074	0.73725	0.01296	0.02679	0.01901	0.01642	0.01037	0.01210	0.00864	0.00691	0.00605	0.00173	0.01210	0.00432	0.00346	0.00778
13	0.01753	0.26160	0.02311	0.01390	0.01794	0.15058	0.06438	0.09077	0.06454	0.02057	0.03392	0.14715	0.03345	0.00978	0.00634	0.00197	0.00754	0.02221	0.00452	0.00820
14	0.01336	0.01044	0.01284	0.11871	0.01830	0.00913	0.00869	0.01660	0.01388	0.02199	0.01453	0.01740	0.01169	0.00597	0.00515	0.00133	0.00508	0.00487	0.21212	0.47793
15	0.01391	0.01193	0.01391	0.00994	0.01590	0.00894	0.00795	0.01690	0.01391	0.02186	0.01193	0.01391	0.00994	0.00497	0.00497	0.00099	0.00497	0.00398	0.00398	0.80521
16	0.01813	0.01458	0.01761	0.05040	0.12713	0.01613	0.01262	0.12007	0.40435	0.07056	0.02403	0.02440	0.03447	0.00877	0.00687	0.00220	0.00616	0.02498	0.00616	0.01040
17	0.01989	0.01752	0.01727	0.01565	0.05033	0.10741	0.01176	0.22936	0.35350	0.02996	0.02173	0.06006	0.01716	0.00902	0.00678	0.00214	0.00682	0.00727	0.00618	0.01022
18	0.02166	0.04691	0.04740	0.01135	0.01712	0.01047	0.00975	0.02464	0.01639	0.35181	0.01863	0.01796	0.01294	0.00663	0.00583	0.00157	0.00564	0.00530	0.00590	0.36211
19	0.00850	0.00612	0.00805	0.00904	0.00978	0.00567	0.00622	0.01017	0.01444	0.01958	0.20690	0.56350	0.06888	0.01909	0.00838	0.00256	0.00370	0.01721	0.00652	0.00567
20	0.01406	0.06137	0.46746	0.01829	0.02479	0.01770	0.02090	0.01954	0.01288	0.01934	0.01087	0.01418	0.00861	0.00809	0.01137	0.00236	0.25112	0.00519	0.00287	0.00902
21	0.00906	0.00774	0.00790	0.00776	0.01016	0.00707	0.00584	0.01295	0.10419	0.01937	0.06174	0.08249	0.60778	0.01612	0.00781	0.00228	0.00366	0.01348	0.00631	0.00629
22	0.01673	0.01816	0.03780	0.02710	0.03376	0.01732	0.63489	0.08395	0.01728	0.02341	0.01381	0.01792	0.01029	0.00588	0.00781	0.00224	0.01095	0.00775	0.00370	0.00927
23	0.00833	0.00602	0.00806	0.00937	0.00992	0.00575	0.00639	0.00968	0.01290	0.01728	0.05463	0.64969	0.06518	0.02339	0.07563	0.00343	0.00515	0.01763	0.00602	0.00553
24	0.00898	0.00681	0.00842	0.00920	0.01069	0.00626	0.00712	0.01109	0.01512	0.01942	0.12656	0.25031	0.27568	0.01811	0.00847	0.00260	0.00427	0.19873	0.00635	0.00583
25	0.00867	0.00683	0.00783	0.00758	0.00952	0.00598	0.00568	0.01107	0.01705	0.02228	0.37616	0.05773	0.40883	0.01544	0.00792	0.00219	0.00329	0.01320	0.00678	0.00598
26	0.01455	0.19541	0.54602	0.01785	0.02671	0.01806	0.05173	0.02101	0.01412	0.02006	0.01151	0.01359	0.00860	0.00620	0.00599	0.00198	0.00938	0.00479	0.00287	0.00959
27	0.01586	0.42817	0.35702	0.01502	0.02270	0.02147	0.01765	0.02063	0.01388	0.01832	0.01059	0.01234	0.00856	0.00603	0.00526	0.00175	0.00845	0.00422	0.00285	0.00922
28	0.02442	0.08929	0.02138	0.03441	0.02113	0.11291	0.01282	0.53339	0.02782	0.03588	0.01464	0.01515	0.01073	0.00766	0.00641	0.00193	0.00801	0.00559	0.00584	0.01058
29	0.01405	0.07291	0.53381	0.08860	0.11870	0.01621	0.02291	0.02072	0.01421	0.02064	0.01195	0.01462	0.00882	0.00632	0.00632	0.00208	0.00942	0.00510	0.00291	0.00970

[dist]
# distance from previous block
# <min> <max>
0	3

[block]
# block no. 3 follows, 32 sequences, length 20
# corresponding to MSA columns:
# 136-155
name=unknown_D
#
# <colnr> <probs for GDERKNQSTAVLIFYWHMCP>
#	G	D	E	R	K	N	Q	S	T	A	V	L	I	F	Y	W	H	M	C	P
0	0.02043	0.01565	0.01682	0.01413	0.01853	0.01760	0.01127	0.25262	0.44392	0.07767	0.02359	0.02198	0.01727	0.00871	0.00678	0.00218	0.00601	0.00703	0.00688	0.01093
1	0.01561	0.31300	0.40953	0.01581	0.02358	0.05465	0.01861	0.02083	0.01434	0.01910	0.03152	0.01382	0.01015	0.00637	0.00562	0.00184	0.00878	0.00461	0.00301	0.00921
2	0.01561	0.13346	0.52111	0.01738	0.02582	0.05083	0.02087	0.04248	0.05260	0.04096	0.01294	0.01449	0.00948	0.00656	0.00612	0.00201	0.00920	0.00496	0.00335	0.00976
3	0.01544	0.08965	0.22374	0.02336	0.03071	0.01744	0.41055	0.02221	0.05985	0.02134	0.01366	0.01683	0.01025	0.00608	0.00711	0.00215	0.01018	0.00671	0.00342	0.00935
4	0.01093	0.00930	0.00975	0.00916	0.01091	0.07776	0.00682	0.01375	0.01843	0.02482	0.58279	0.04711	0.09879	0.04003	0.00867	0.00224	0.00417	0.01142	0.00681	0.00635
5	0.04249	0.10744	0.33886	0.01658	0.02323	0.08896	0.04832	0.04428	0.07163	0.04926	0.05878	0.01727	0.01348	0.00740	0.00702	0.00206	0.04411	0.00566	0.00393	0.00924
6	0.01905	0.02015	0.17907	0.04854	0.10907	0.03878	0.10251	0.18656	0.04328	0.10677	0.01713	0.06841	0.01352	0.00800	0.00690	0.00213	0.00822	0.00701	0.00493	0.00998
7	0.00825	0.00639	0.00754	0.00826	0.00960	0.00568	0.00589	0.00987	0.01446	0.01840	0.10250	0.38139	0.33929	0.01863	0.00826	0.00249	0.00370	0.03743	0.00632	0.00563
8	0.00816	0.00617	0.00755	0.00855	0.00955	0.00555	0.00590	0.00958	0.01385	0.01788	0.07790	0.52251	0.24357	0.01950	0.00835	0.00256	0.00371	0.01731	0.00628	0.00555
9	0.01554	0.06054	0.29568	0.02484	0.10002	0.04947	0.31418	0.02149	0.01519	0.02094	0.01256	0.01585	0.00945	0.00602	0.00696	0.00212	0.01029	0.00625	0.00315	0.00945
10	0.00936	0.00736	0.00922	0.00888	0.01088	0.00665	0.03274	0.01183	0.03193	0.03620	0.17524	0.19768	0.37451	0.01768	0.03638	0.00266	0.00443	0.01394	0.00629	0.00614
11	0.01277	0.00952	0.01055	0.00952	0.01225	0.00951	0.00736	0.08755	0.13799	0.05271	0.23649	0.04522	0.28041	0.01302	0.00742	0.00216	0.00415	0.01097	0.04286	0.00755
12	0.06002	0.03502	0.01761	0.02833	0.07043	0.04708	0.05860	0.05558	0.06253	0.27352	0.07558	0.03759	0.01854	0.01108	0.05185	0.00262	0.03445	0.00707	0.04314	0.00936
13	0.01793	0.02409	0.19148	0.04709	0.30925	0.18025	0.05209	0.04430	0.03181	0.02116	0.01244	0.01528	0.00985	0.00643	0.00651	0.00199	0.00948	0.00549	0.00342	0.00968
14	0.01176	0.00972	0.01291	0.01184	0.01260	0.01197	0.00932	0.01368	0.01246	0.01868	0.10428	0.08755	0.07048	0.07022	0.10652	0.00381	0.29463	0.00875	0.12243	0.00639
15	0.01015	0.00787	0.01095	0.12318	0.01566	0.00825	0.03111	0.01240	0.04582	0.01623	0.02576	0.30900	0.02890	0.30367	0.01802	0.00407	0.00600	0.01253	0.00483	0.00560
16	0.24166	0.04084	0.04381	0.01111	0.01563	0.04785	0.00940	0.01848	0.03553	0.02310	0.01332	0.04155	0.01181	0.00879	0.03307	0.00206	0.05181	0.03085	0.00409	0.31524
17	0.09197	0.04440	0.15925	0.01342	0.01806	0.09343	0.01257	0.04763	0.04850	0.02265	0.10592	0.07593	0.01924	0.00893	0.00765	0.00198	0.07494	0.00682	0.00444	0.14225
18	0.03955	0.11934	0.13156	0.01428	0.05126	0.01425	0.03564	0.04722	0.10473	0.13019	0.03744	0.04692	0.08593	0.00848	0.00631	0.00193	0.00643	0.00696	0.00510	0.10647
19	0.04509	0.09676	0.13123	0.03279	0.07697	0.07147	0.09417	0.03983	0.07518	0.02176	0.01429	0.04902	0.01196	0.00683	0.00606	0.00178	0.00765	0.00582	0.00393	0.20740

[dist]
# distance from previous block
# <min> <max>
0	117

# created by:
# /home/cegg/simao/soft/augustus-3.2.1/scripts/msa2prfl.pl ./align_prep/EOG090W0DE3.fa
