[name]
unknown

[dist]
# distance from previous block
# <min> <max>
3	48

[block]
# block no. 0 follows, 30 sequences, length 10
# corresponding to MSA columns:
# 55-64
name=unknown_A
#
# <colnr> <probs for GDERKNQSTAVLIFYWHMCP>
#	G	D	E	R	K	N	Q	S	T	A	V	L	I	F	Y	W	H	M	C	P
0	0.12958	0.01748	0.17201	0.01300	0.01739	0.04815	0.01236	0.09259	0.01643	0.05522	0.05434	0.08504	0.05266	0.12634	0.01144	0.00303	0.00718	0.07270	0.00508	0.00799
1	0.01215	0.00890	0.01157	0.09780	0.01594	0.00950	0.00910	0.07108	0.01440	0.01905	0.02510	0.07986	0.02690	0.32864	0.05581	0.00489	0.00753	0.19067	0.00502	0.00609
2	0.08961	0.11355	0.27493	0.01595	0.02248	0.08925	0.01663	0.15791	0.01821	0.02554	0.01336	0.01571	0.01040	0.01239	0.09188	0.00313	0.01021	0.00530	0.00406	0.00951
3	0.01400	0.03610	0.71860	0.01989	0.03020	0.01621	0.02578	0.02210	0.01473	0.02210	0.01252	0.01473	0.00884	0.00663	0.00663	0.00221	0.01031	0.00516	0.00295	0.01031
4	0.01583	0.01511	0.02573	0.28721	0.47810	0.01620	0.02070	0.02016	0.01521	0.02105	0.01287	0.01774	0.01044	0.00648	0.00693	0.00216	0.00865	0.00621	0.00333	0.00989
5	0.01475	0.01323	0.02176	0.21105	0.02873	0.01393	0.17526	0.12087	0.01814	0.02402	0.07451	0.11550	0.07186	0.01086	0.00788	0.00241	0.00795	0.05405	0.00502	0.00823
6	0.02371	0.01823	0.01762	0.01437	0.01874	0.12700	0.01155	0.37966	0.02537	0.09697	0.01776	0.01888	0.01318	0.01205	0.06986	0.00280	0.00868	0.00621	0.10729	0.01010
7	0.00854	0.00702	0.00715	0.00715	0.00914	0.00603	0.00514	0.01004	0.01501	0.01803	0.06313	0.06382	0.60233	0.13213	0.01248	0.00304	0.00404	0.01402	0.00613	0.00563
8	0.08331	0.01202	0.01848	0.46201	0.10396	0.01406	0.01583	0.01788	0.01361	0.04666	0.01433	0.02224	0.01214	0.12304	0.01117	0.00297	0.00833	0.00664	0.00364	0.00768
9	0.08635	0.41091	0.19082	0.01833	0.12803	0.02221	0.01623	0.02122	0.01437	0.02003	0.01089	0.01297	0.00913	0.00621	0.00534	0.00181	0.00807	0.00445	0.00317	0.00947

[dist]
# distance from previous block
# <min> <max>
0	8

[block]
# block no. 1 follows, 30 sequences, length 10
# corresponding to MSA columns:
# 73-82
name=unknown_B
#
# <colnr> <probs for GDERKNQSTAVLIFYWHMCP>
#	G	D	E	R	K	N	Q	S	T	A	V	L	I	F	Y	W	H	M	C	P
0	0.02118	0.01575	0.01997	0.02123	0.19429	0.01656	0.01378	0.20234	0.20261	0.11704	0.02026	0.02044	0.01498	0.00797	0.00682	0.00209	0.00674	0.00668	0.03450	0.05475
1	0.01043	0.00877	0.01390	0.09560	0.01803	0.00847	0.08687	0.01273	0.01388	0.01873	0.03061	0.52388	0.03500	0.01700	0.00831	0.00258	0.00563	0.01570	0.00557	0.06832
2	0.01812	0.01671	0.02710	0.07561	0.59791	0.01711	0.02038	0.09770	0.01773	0.02497	0.01351	0.01728	0.01106	0.00650	0.00692	0.00209	0.00827	0.00622	0.00384	0.01098
3	0.01766	0.01623	0.02625	0.15473	0.52243	0.01698	0.02014	0.09729	0.01751	0.02441	0.01342	0.01743	0.01086	0.00659	0.00693	0.00212	0.00839	0.00622	0.00380	0.01060
4	0.00997	0.00748	0.01121	0.01121	0.01246	0.00872	0.00872	0.01246	0.01121	0.01620	0.01869	0.02741	0.01745	0.05234	0.72710	0.01121	0.01869	0.00748	0.00374	0.00623
5	0.80405	0.01350	0.01026	0.00918	0.01350	0.01565	0.00756	0.02051	0.01188	0.03131	0.00972	0.01134	0.00756	0.00648	0.00432	0.00216	0.00540	0.00378	0.00432	0.00756
6	0.02546	0.01902	0.02034	0.01584	0.02124	0.02114	0.01301	0.61250	0.11000	0.04226	0.01810	0.01783	0.01296	0.00850	0.00699	0.00213	0.00743	0.00647	0.00699	0.01177
7	0.01632	0.01408	0.01478	0.01339	0.01715	0.01605	0.01039	0.03399	0.62060	0.02801	0.03324	0.03073	0.09982	0.01041	0.00723	0.00237	0.00530	0.00867	0.00703	0.01046
8	0.02421	0.01552	0.01537	0.01262	0.01677	0.11800	0.01008	0.19271	0.02190	0.25490	0.04633	0.02192	0.01663	0.00845	0.00644	0.00196	0.00663	0.00655	0.19316	0.00985
9	0.10718	0.01611	0.02005	0.15183	0.22990	0.09559	0.01536	0.05661	0.01569	0.02310	0.01328	0.01713	0.01078	0.00754	0.00816	0.00216	0.09303	0.00577	0.10191	0.00881

[dist]
# distance from previous block
# <min> <max>
1	16

[block]
# block no. 2 follows, 30 sequences, length 27
# corresponding to MSA columns:
# 99-125
name=unknown_C
#
# <colnr> <probs for GDERKNQSTAVLIFYWHMCP>
#	G	D	E	R	K	N	Q	S	T	A	V	L	I	F	Y	W	H	M	C	P
0	0.05432	0.01528	0.02109	0.15628	0.15147	0.04844	0.08931	0.05064	0.20466	0.02411	0.02229	0.04841	0.06578	0.00874	0.00714	0.00227	0.00764	0.00780	0.00492	0.00941
1	0.01525	0.01553	0.01912	0.43679	0.03536	0.12639	0.01600	0.01946	0.03850	0.01888	0.04820	0.02076	0.03764	0.00810	0.00805	0.00221	0.06353	0.00647	0.00372	0.06004
2	0.02220	0.02310	0.01851	0.04188	0.02107	0.34336	0.03174	0.08142	0.16986	0.05676	0.01673	0.01752	0.01286	0.00768	0.00649	0.00193	0.00917	0.00573	0.03594	0.07605
3	0.01518	0.08851	0.63405	0.01894	0.02869	0.01676	0.02401	0.02259	0.01495	0.05526	0.01304	0.01491	0.00926	0.00668	0.00649	0.00215	0.00989	0.00514	0.00322	0.01029
4	0.02011	0.01879	0.05890	0.03554	0.01945	0.16175	0.01226	0.15806	0.11760	0.09241	0.07278	0.02468	0.06257	0.01344	0.07490	0.00300	0.03147	0.00727	0.00570	0.00932
5	0.00911	0.00640	0.00856	0.00968	0.01026	0.00635	0.00664	0.01055	0.01277	0.01756	0.03282	0.52897	0.03796	0.08468	0.14221	0.00462	0.00691	0.01620	0.04207	0.00570
6	0.00905	0.00752	0.00836	0.03671	0.01145	0.00677	0.00632	0.01179	0.03882	0.02083	0.18509	0.08123	0.51850	0.01647	0.00818	0.00234	0.00380	0.01392	0.00659	0.00626
7	0.01584	0.01503	0.02505	0.28545	0.44094	0.01624	0.02014	0.02100	0.05201	0.02140	0.01370	0.01821	0.01099	0.00666	0.00694	0.00218	0.00850	0.00630	0.00353	0.00989
8	0.01527	0.01527	0.02137	0.01832	0.01832	0.02137	0.01527	0.01679	0.01069	0.01679	0.00916	0.01527	0.00916	0.01221	0.02290	0.00305	0.74198	0.00611	0.00305	0.00763
9	0.01370	0.19075	0.01816	0.01132	0.01470	0.01392	0.03536	0.01853	0.10979	0.03751	0.13135	0.05447	0.13390	0.05296	0.09366	0.00339	0.00719	0.02494	0.00534	0.02907
10	0.00972	0.00710	0.00916	0.00895	0.01056	0.00654	0.00675	0.01272	0.01873	0.02603	0.56345	0.10704	0.11711	0.01542	0.00837	0.00232	0.00356	0.05262	0.00741	0.00645
11	0.01854	0.08402	0.20007	0.01554	0.02152	0.01692	0.05090	0.22455	0.07172	0.04850	0.06676	0.03800	0.01693	0.00840	0.00668	0.00209	0.00750	0.00682	0.08459	0.00996
12	0.01906	0.01767	0.02442	0.10915	0.37632	0.09999	0.04391	0.05724	0.03735	0.06980	0.01437	0.01739	0.01131	0.00670	0.00678	0.00202	0.00855	0.00605	0.00413	0.06780
13	0.09575	0.01579	0.01646	0.01408	0.01849	0.01792	0.01119	0.18602	0.45326	0.05824	0.02387	0.02239	0.01765	0.00890	0.00680	0.00228	0.00603	0.00709	0.00686	0.01093
14	0.01866	0.75896	0.03657	0.01194	0.01791	0.02761	0.01194	0.02090	0.01418	0.01642	0.00970	0.01119	0.00896	0.00597	0.00448	0.00149	0.00746	0.00373	0.00299	0.00896
15	0.01736	0.01499	0.01578	0.01420	0.01815	0.01736	0.01105	0.03708	0.69862	0.02919	0.02840	0.02604	0.02130	0.00947	0.00710	0.00237	0.00552	0.00789	0.00710	0.01105
16	0.00850	0.00607	0.00810	0.00972	0.01012	0.00567	0.00648	0.00972	0.01336	0.01781	0.03846	0.75020	0.04615	0.02186	0.00891	0.00283	0.00405	0.01984	0.00648	0.00567
17	0.01721	0.01848	0.03994	0.02857	0.03555	0.01728	0.65240	0.02293	0.01664	0.05673	0.01478	0.01907	0.01092	0.00602	0.00817	0.00234	0.01148	0.00817	0.00378	0.00953
18	0.80405	0.01350	0.01026	0.00918	0.01350	0.01565	0.00756	0.02051	0.01188	0.03131	0.00972	0.01134	0.00756	0.00648	0.00432	0.00216	0.00540	0.00378	0.00432	0.00756
19	0.00830	0.00688	0.00727	0.00758	0.00956	0.00585	0.00553	0.00996	0.01541	0.01865	0.06445	0.19936	0.58022	0.01848	0.00838	0.00245	0.00363	0.01572	0.00648	0.00585
20	0.03110	0.01220	0.01640	0.01257	0.01798	0.01074	0.01039	0.06207	0.02052	0.68722	0.02707	0.02345	0.01704	0.00863	0.00702	0.00216	0.00601	0.00699	0.00857	0.01188
21	0.00848	0.00615	0.00802	0.00952	0.01007	0.00568	0.00639	0.00974	0.01355	0.01789	0.04086	0.69928	0.09552	0.02155	0.00886	0.00280	0.00401	0.01946	0.00648	0.00568
22	0.01677	0.01630	0.02849	0.11646	0.58974	0.01654	0.07073	0.02110	0.01572	0.02223	0.01312	0.01753	0.01083	0.00627	0.00701	0.00212	0.00866	0.00637	0.00342	0.01058
23	0.00997	0.00748	0.01121	0.01121	0.01246	0.00872	0.00872	0.01246	0.01121	0.01620	0.01869	0.02741	0.01745	0.05234	0.72710	0.01121	0.01869	0.00748	0.00374	0.00623
24	0.66957	0.05035	0.01267	0.01042	0.01472	0.10603	0.00851	0.02146	0.01298	0.02883	0.00985	0.01149	0.00780	0.00654	0.00458	0.00208	0.00640	0.00387	0.00417	0.00769
25	0.01323	0.00780	0.00944	0.00871	0.01082	0.00748	0.00664	0.01734	0.05479	0.09106	0.39692	0.04005	0.04416	0.01160	0.00702	0.00203	0.00364	0.00996	0.25003	0.00729
26	0.01935	0.01598	0.01690	0.01460	0.01891	0.01829	0.01153	0.17856	0.55390	0.03241	0.02587	0.02402	0.01925	0.00923	0.00707	0.00231	0.00599	0.00754	0.00707	0.01122

[dist]
# distance from previous block
# <min> <max>
0	7

[block]
# block no. 3 follows, 30 sequences, length 38
# corresponding to MSA columns:
# 133-170
name=unknown_D
#
# <colnr> <probs for GDERKNQSTAVLIFYWHMCP>
#	G	D	E	R	K	N	Q	S	T	A	V	L	I	F	Y	W	H	M	C	P
0	0.01427	0.01183	0.01321	0.01279	0.01582	0.01300	0.01028	0.02662	0.40213	0.02529	0.03695	0.04726	0.12516	0.01350	0.00800	0.00261	0.00550	0.20000	0.00682	0.00896
1	0.01400	0.03610	0.71860	0.01989	0.03020	0.01621	0.02578	0.02210	0.01473	0.02210	0.01252	0.01473	0.00884	0.00663	0.00663	0.00221	0.01031	0.00516	0.00295	0.01031
2	0.01652	0.01868	0.04038	0.03024	0.07827	0.01758	0.64472	0.02229	0.01643	0.02238	0.01406	0.01873	0.01062	0.00590	0.00815	0.00234	0.01155	0.00811	0.00352	0.00951
3	0.00826	0.00703	0.00711	0.00717	0.00945	0.00588	0.00534	0.01000	0.01581	0.01881	0.06952	0.09208	0.68423	0.01783	0.00827	0.00237	0.00355	0.01491	0.00648	0.00588
4	0.01318	0.01240	0.02093	0.73798	0.04806	0.01550	0.01938	0.01783	0.01395	0.01783	0.01240	0.01860	0.00930	0.00698	0.00698	0.00233	0.00930	0.00620	0.00310	0.00775
5	0.01318	0.01240	0.02093	0.73798	0.04806	0.01550	0.01938	0.01783	0.01395	0.01783	0.01240	0.01860	0.00930	0.00698	0.00698	0.00233	0.00930	0.00620	0.00310	0.00775
6	0.01903	0.00969	0.01220	0.01025	0.01377	0.00871	0.00813	0.05659	0.01968	0.30387	0.25517	0.04218	0.18666	0.01245	0.00768	0.00221	0.00464	0.01050	0.00776	0.00884
7	0.02607	0.03326	0.01978	0.01798	0.02157	0.72674	0.01348	0.02787	0.01978	0.01708	0.01079	0.01258	0.00899	0.00719	0.00629	0.00180	0.01258	0.00449	0.00360	0.00809
8	0.01380	0.01295	0.02136	0.63153	0.11041	0.01571	0.01912	0.01922	0.05141	0.01893	0.01334	0.01888	0.01012	0.00704	0.00698	0.00230	0.00900	0.00629	0.00335	0.00825
9	0.00850	0.00607	0.00810	0.00972	0.01012	0.00567	0.00648	0.00972	0.01336	0.01781	0.03846	0.75020	0.04615	0.02186	0.00891	0.00283	0.00405	0.01984	0.00648	0.00567
10	0.01104	0.00630	0.00848	0.00867	0.00872	0.00625	0.00550	0.00952	0.00994	0.01325	0.01846	0.11397	0.02048	0.26695	0.02788	0.44195	0.00606	0.00902	0.00383	0.00373
11	0.02877	0.01207	0.01598	0.01225	0.01768	0.01044	0.01006	0.03223	0.04789	0.60667	0.02581	0.02277	0.01664	0.00827	0.00681	0.00204	0.00583	0.00672	0.00805	0.10302
12	0.02425	0.02008	0.01955	0.01584	0.02078	0.10507	0.01275	0.45086	0.19289	0.03717	0.01887	0.01851	0.01381	0.00850	0.00693	0.00212	0.00774	0.00646	0.00660	0.01122
13	0.01866	0.75896	0.03657	0.01194	0.01791	0.02761	0.01194	0.02090	0.01418	0.01642	0.00970	0.01119	0.00896	0.00597	0.00448	0.00149	0.00746	0.00373	0.00299	0.00896
14	0.02546	0.01902	0.02034	0.01584	0.02123	0.02114	0.01301	0.61241	0.11010	0.04226	0.01811	0.01783	0.01296	0.00850	0.00699	0.00213	0.00743	0.00647	0.00699	0.01177
15	0.00847	0.00619	0.00798	0.00941	0.01004	0.00569	0.00634	0.00975	0.01366	0.01793	0.04220	0.67092	0.12303	0.02138	0.00883	0.00278	0.00399	0.01924	0.00648	0.00569
16	0.01015	0.00677	0.00761	0.00761	0.00761	0.00677	0.00423	0.01015	0.01015	0.01353	0.02199	0.04567	0.02537	0.75476	0.03552	0.00677	0.00677	0.01015	0.00423	0.00423
17	0.00850	0.00607	0.00810	0.00972	0.01012	0.00567	0.00648	0.00972	0.01336	0.01781	0.03846	0.75020	0.04615	0.02186	0.00891	0.00283	0.00405	0.01984	0.00648	0.00567
18	0.01337	0.01260	0.02128	0.70552	0.07903	0.01555	0.01947	0.01800	0.01404	0.01806	0.01244	0.01854	0.00938	0.00694	0.00697	0.00231	0.00926	0.00620	0.00312	0.00791
19	0.01484	0.06400	0.45999	0.02115	0.06609	0.01620	0.12693	0.02152	0.01501	0.02198	0.01266	0.01532	0.00942	0.00629	0.00663	0.00205	0.00970	0.00551	0.00321	0.10151
20	0.01228	0.01076	0.01387	0.01247	0.01333	0.04191	0.04082	0.01360	0.01152	0.01574	0.01991	0.03291	0.05551	0.32210	0.16429	0.00604	0.19454	0.00852	0.00390	0.00598
21	0.00850	0.00607	0.00810	0.00972	0.01012	0.00567	0.00648	0.00972	0.01336	0.01781	0.03846	0.75020	0.04615	0.02186	0.00891	0.00283	0.00405	0.01984	0.00648	0.00567
22	0.00955	0.00701	0.00970	0.01188	0.04435	0.00672	0.00811	0.01128	0.01394	0.01855	0.03641	0.55207	0.04256	0.04429	0.00983	0.00300	0.00484	0.15364	0.00625	0.00604
23	0.00859	0.00708	0.00755	0.00743	0.00964	0.00604	0.00558	0.01069	0.01673	0.02080	0.20656	0.06395	0.57131	0.01695	0.00824	0.00232	0.00348	0.01428	0.00674	0.00604
24	0.01447	0.01240	0.01447	0.01034	0.01654	0.00930	0.00827	0.01757	0.01447	0.02274	0.01240	0.01447	0.01034	0.00517	0.00517	0.00103	0.00517	0.00413	0.00413	0.79742
25	0.01236	0.01036	0.04082	0.01037	0.01305	0.00948	0.00840	0.08784	0.07907	0.02890	0.49995	0.04559	0.09997	0.01314	0.00793	0.00221	0.00427	0.01137	0.00727	0.00764
26	0.01947	0.10294	0.13773	0.05033	0.05879	0.09525	0.01482	0.10885	0.08890	0.08078	0.01528	0.01657	0.01162	0.00734	0.00706	0.00194	0.04298	0.00550	0.00465	0.12917
27	0.06620	0.07956	0.08985	0.02674	0.32697	0.01684	0.01685	0.08783	0.06361	0.09057	0.01595	0.03597	0.01269	0.00728	0.00655	0.00206	0.00756	0.00624	0.00460	0.03606
28	0.06100	0.24878	0.17583	0.01463	0.02074	0.12459	0.01445	0.05600	0.07403	0.02162	0.01306	0.01472	0.01055	0.00863	0.03634	0.00220	0.00884	0.00484	0.00383	0.08531
29	0.08732	0.04595	0.01975	0.01480	0.02020	0.04967	0.01218	0.48853	0.05708	0.03811	0.01576	0.01612	0.01155	0.00782	0.00647	0.00197	0.00736	0.00577	0.00621	0.08737
30	0.04691	0.01355	0.01489	0.01142	0.01666	0.03459	0.00914	0.13518	0.01849	0.08917	0.04950	0.03946	0.03424	0.00748	0.00598	0.00155	0.00570	0.00597	0.03086	0.42929
31	0.04731	0.01179	0.05010	0.01213	0.01474	0.01168	0.00988	0.07473	0.06958	0.05431	0.02622	0.16776	0.08039	0.06555	0.15554	0.00446	0.08413	0.00999	0.00525	0.04448
32	0.01746	0.01516	0.05329	0.01399	0.01761	0.07180	0.03302	0.17090	0.01806	0.07030	0.01771	0.04858	0.01534	0.06217	0.24381	0.00529	0.04266	0.00710	0.00488	0.07085
33	0.11755	0.01587	0.11811	0.01436	0.05469	0.01244	0.03359	0.08737	0.01647	0.04226	0.06528	0.08143	0.01866	0.04422	0.00781	0.00216	0.00650	0.02831	0.00485	0.22806
34	0.06202	0.07835	0.08219	0.02006	0.13731	0.09817	0.07037	0.11727	0.04546	0.06176	0.03739	0.01876	0.01358	0.03247	0.02446	0.00235	0.00842	0.00612	0.02309	0.06040
35	0.06846	0.12405	0.01921	0.01349	0.01772	0.13743	0.03972	0.11348	0.05139	0.10103	0.07835	0.09261	0.05343	0.00976	0.00666	0.00203	0.00718	0.00784	0.00553	0.05065
36	0.07660	0.20398	0.11919	0.01385	0.01964	0.08881	0.01297	0.08744	0.10766	0.05435	0.03444	0.01651	0.01294	0.00716	0.00585	0.00183	0.00748	0.00526	0.00461	0.11945
37	0.10495	0.04449	0.11365	0.05949	0.02190	0.11921	0.01360	0.17302	0.08672	0.07793	0.04915	0.01819	0.01414	0.00777	0.00641	0.00203	0.00786	0.00587	0.00524	0.06840

[dist]
# distance from previous block
# <min> <max>
9	129

[block]
# block no. 4 follows, 30 sequences, length 36
# corresponding to MSA columns:
# 306-341
name=unknown_E
#
# <colnr> <probs for GDERKNQSTAVLIFYWHMCP>
#	G	D	E	R	K	N	Q	S	T	A	V	L	I	F	Y	W	H	M	C	P
0	0.01842	0.05839	0.04268	0.01326	0.01795	0.01565	0.01110	0.17899	0.23738	0.06278	0.08834	0.02692	0.04659	0.00941	0.00688	0.00207	0.00603	0.03231	0.00635	0.11850
1	0.08720	0.06061	0.06734	0.01299	0.01832	0.08388	0.01113	0.13804	0.05244	0.05255	0.01619	0.07692	0.01386	0.00794	0.00607	0.00177	0.00681	0.00618	0.00496	0.27480
2	0.04760	0.09521	0.24203	0.04261	0.02349	0.04195	0.01651	0.24313	0.02109	0.02911	0.05135	0.02088	0.01479	0.00831	0.00668	0.00211	0.00825	0.04614	0.00487	0.03391
3	0.01450	0.10372	0.23905	0.06602	0.02233	0.01450	0.01499	0.06178	0.04170	0.02213	0.02103	0.04572	0.08805	0.03587	0.00753	0.00213	0.00740	0.02161	0.00423	0.16570
4	0.03526	0.33431	0.22448	0.01458	0.02117	0.02121	0.01540	0.11245	0.06584	0.02285	0.01360	0.01624	0.01123	0.05483	0.00761	0.00219	0.00807	0.00520	0.00392	0.00955
5	0.01893	0.32768	0.15410	0.01704	0.07059	0.12478	0.01535	0.08781	0.01690	0.02083	0.01274	0.05028	0.01125	0.00757	0.00650	0.00190	0.03733	0.00544	0.00368	0.00930
6	0.01504	0.11232	0.30643	0.22465	0.09197	0.05420	0.02043	0.02050	0.01463	0.01971	0.01242	0.01616	0.00962	0.00894	0.04263	0.00258	0.01005	0.00546	0.00311	0.00917
7	0.03685	0.09282	0.13699	0.07280	0.29246	0.01884	0.01865	0.17339	0.01900	0.02656	0.01325	0.01602	0.01042	0.00703	0.00717	0.00210	0.03528	0.00576	0.00412	0.01050
8	0.02323	0.04819	0.01864	0.01468	0.01905	0.17378	0.01179	0.37355	0.04597	0.03287	0.01648	0.01768	0.01251	0.00974	0.03456	0.00230	0.00847	0.00592	0.12069	0.00990
9	0.01073	0.00775	0.00959	0.00956	0.01136	0.00744	0.00734	0.01403	0.05061	0.04315	0.25975	0.08779	0.19423	0.08322	0.06254	0.00348	0.00550	0.11884	0.00657	0.00651
10	0.02151	0.21225	0.11944	0.01609	0.02115	0.35943	0.01434	0.07174	0.01823	0.01959	0.01288	0.05806	0.01145	0.00779	0.00610	0.00186	0.01012	0.00546	0.00377	0.00874
11	0.01760	0.36373	0.28967	0.01664	0.02404	0.09974	0.05861	0.02220	0.01514	0.01898	0.01115	0.01314	0.00902	0.00635	0.00571	0.00185	0.00935	0.00462	0.00307	0.00939
12	0.01005	0.00675	0.00775	0.00785	0.00791	0.00676	0.00450	0.01020	0.01037	0.01386	0.02284	0.08618	0.02633	0.68986	0.05578	0.00668	0.00698	0.01063	0.00434	0.00438
13	0.00860	0.00611	0.00807	0.00959	0.00998	0.00573	0.00635	0.00974	0.01317	0.01756	0.03750	0.70912	0.04494	0.06460	0.01046	0.00306	0.00421	0.01927	0.00635	0.00558
14	0.23390	0.04593	0.04340	0.01316	0.01774	0.18321	0.01091	0.06463	0.04315	0.19977	0.06590	0.01868	0.01540	0.00796	0.00610	0.00206	0.00749	0.00575	0.00563	0.00924
15	0.01700	0.06174	0.02818	0.10167	0.61077	0.01716	0.02066	0.02107	0.01562	0.02197	0.01285	0.01701	0.01077	0.00627	0.00677	0.00206	0.00833	0.00606	0.00339	0.01064
16	0.00894	0.00716	0.00811	0.00866	0.01062	0.00634	0.00675	0.01096	0.01564	0.01918	0.05943	0.15092	0.48256	0.01852	0.00863	0.00260	0.00423	0.15831	0.00647	0.00598
17	0.01866	0.75896	0.03657	0.01194	0.01791	0.02761	0.01194	0.02090	0.01418	0.01642	0.00970	0.01119	0.00896	0.00597	0.00448	0.00149	0.00746	0.00373	0.00299	0.00896
18	0.02543	0.01988	0.01855	0.01507	0.01981	0.16136	0.01208	0.35669	0.08038	0.13570	0.01851	0.01836	0.01328	0.00824	0.00670	0.00203	0.00792	0.00617	0.06317	0.01065
19	0.02581	0.01735	0.01917	0.01507	0.02033	0.01881	0.01233	0.45473	0.14641	0.16461	0.02076	0.01965	0.01450	0.00861	0.00701	0.00215	0.00698	0.00670	0.00731	0.01173
20	0.00826	0.00702	0.00712	0.00720	0.00946	0.00588	0.00536	0.01000	0.01578	0.01880	0.06911	0.10076	0.67582	0.01788	0.00828	0.00238	0.00356	0.01498	0.00648	0.00588
21	0.03048	0.01321	0.01702	0.01305	0.01848	0.01224	0.01078	0.14789	0.02221	0.59902	0.02565	0.02253	0.01633	0.00859	0.00701	0.00215	0.00624	0.00689	0.00835	0.01187
22	0.02186	0.06060	0.14226	0.01677	0.02223	0.15982	0.01523	0.27437	0.12005	0.02971	0.01569	0.01654	0.01181	0.00811	0.00765	0.00212	0.05382	0.00583	0.00519	0.01033
23	0.01818	0.01366	0.01505	0.01303	0.01687	0.01487	0.01035	0.16898	0.32603	0.07875	0.12477	0.03337	0.08606	0.01098	0.00743	0.00231	0.00556	0.03654	0.00718	0.01001
24	0.01603	0.01531	0.02608	0.25393	0.50985	0.01625	0.02080	0.02033	0.01530	0.02129	0.01291	0.01768	0.01052	0.00645	0.00693	0.00215	0.00860	0.00621	0.00335	0.01005
25	0.01894	0.02022	0.10927	0.08233	0.42497	0.08603	0.01979	0.07060	0.01745	0.06376	0.01387	0.01694	0.01088	0.00671	0.00683	0.00209	0.00884	0.00597	0.00394	0.01055
26	0.01337	0.09629	0.22690	0.01643	0.02130	0.01486	0.08822	0.01770	0.01368	0.01941	0.01755	0.09321	0.01657	0.01836	0.15005	0.00412	0.09073	0.04779	0.02529	0.00819
27	0.00949	0.00707	0.00883	0.00850	0.01022	0.00641	0.00633	0.01239	0.01869	0.02572	0.55171	0.09004	0.18820	0.01530	0.00827	0.00226	0.00338	0.01339	0.00739	0.00641
28	0.01679	0.02089	0.20802	0.04819	0.34040	0.01551	0.09659	0.02201	0.01591	0.07166	0.01580	0.02170	0.01292	0.00742	0.00719	0.00223	0.00894	0.05360	0.00390	0.01032
29	0.01512	0.01618	0.07500	0.25920	0.33502	0.01559	0.08472	0.01982	0.01552	0.02149	0.06294	0.02018	0.01424	0.00704	0.00713	0.00220	0.00874	0.00679	0.00362	0.00947
30	0.01932	0.01327	0.01593	0.01313	0.01714	0.01383	0.03633	0.19487	0.17553	0.13859	0.20580	0.03240	0.07168	0.01068	0.00747	0.00222	0.00568	0.00902	0.00728	0.00983
31	0.01651	0.01756	0.03433	0.05586	0.18665	0.01758	0.41596	0.02262	0.06416	0.02238	0.01449	0.01872	0.01130	0.00671	0.00887	0.00234	0.06302	0.00753	0.00372	0.00971
32	0.24241	0.13197	0.18650	0.11900	0.05805	0.01688	0.01500	0.03796	0.01461	0.02415	0.05618	0.01819	0.03810	0.00744	0.00587	0.00210	0.00746	0.00559	0.00393	0.00863
33	0.02210	0.02370	0.01911	0.01684	0.02035	0.36442	0.03839	0.15754	0.04686	0.02363	0.01733	0.06300	0.01587	0.01001	0.00805	0.00220	0.05263	0.08446	0.00487	0.00865
34	0.02348	0.01734	0.01874	0.01472	0.01962	0.01895	0.01202	0.57014	0.03008	0.04030	0.07613	0.04871	0.05794	0.00987	0.00722	0.00214	0.00696	0.00777	0.00699	0.01087
35	0.01832	0.07634	0.35206	0.02080	0.08436	0.03934	0.06811	0.18769	0.03998	0.02729	0.01397	0.01578	0.01029	0.00703	0.00672	0.00212	0.00933	0.00571	0.00418	0.01056

[dist]
# distance from previous block
# <min> <max>
24	100

[block]
# block no. 5 follows, 30 sequences, length 13
# corresponding to MSA columns:
# 463-475
name=unknown_F
#
# <colnr> <probs for GDERKNQSTAVLIFYWHMCP>
#	G	D	E	R	K	N	Q	S	T	A	V	L	I	F	Y	W	H	M	C	P
0	0.01740	0.01663	0.02368	0.01877	0.02283	0.05074	0.18670	0.10620	0.16480	0.02485	0.01797	0.07078	0.01521	0.00940	0.01054	0.00237	0.15752	0.00781	0.00490	0.07089
1	0.01644	0.01041	0.01365	0.09916	0.01866	0.00980	0.00973	0.02052	0.07744	0.17946	0.02597	0.26261	0.02469	0.01212	0.00723	0.00217	0.00551	0.01060	0.00609	0.18776
2	0.01054	0.00824	0.00982	0.00942	0.01155	0.00777	0.00699	0.01512	0.09969	0.02407	0.32641	0.18730	0.17051	0.01517	0.00801	0.00229	0.00389	0.01326	0.00690	0.06306
3	0.01428	0.01333	0.01237	0.01109	0.01365	0.15019	0.00842	0.05148	0.02006	0.02628	0.48419	0.03978	0.04783	0.01191	0.00756	0.00203	0.00549	0.01008	0.00658	0.06340
4	0.01202	0.00946	0.01227	0.01371	0.06282	0.00971	0.00998	0.01816	0.15141	0.02331	0.15623	0.18056	0.06700	0.01591	0.00850	0.00268	0.00527	0.22691	0.00659	0.00754
5	0.01947	0.01606	0.01859	0.01572	0.02013	0.05796	0.07827	0.03470	0.50880	0.11106	0.02585	0.02426	0.01903	0.00888	0.00716	0.00231	0.00661	0.00762	0.00673	0.01081
6	0.01712	0.01950	0.03770	0.02871	0.07371	0.06803	0.55833	0.02235	0.01632	0.02166	0.01352	0.01807	0.01041	0.00638	0.00892	0.00234	0.05640	0.00772	0.00350	0.00931
7	0.55256	0.10361	0.01419	0.01040	0.01467	0.01672	0.00879	0.02209	0.09535	0.02844	0.01408	0.01831	0.01191	0.00777	0.00509	0.00219	0.00574	0.05538	0.00466	0.00806
8	0.01433	0.01367	0.02262	0.49735	0.19080	0.01645	0.01933	0.01850	0.01398	0.01880	0.01217	0.01791	0.00967	0.00744	0.00889	0.00236	0.09789	0.00619	0.00317	0.00847
9	0.01528	0.01463	0.02434	0.33935	0.34626	0.01667	0.01983	0.01934	0.01446	0.01997	0.01236	0.01762	0.01008	0.00723	0.00877	0.00229	0.09282	0.00620	0.00326	0.00924
10	0.00948	0.00706	0.00882	0.00851	0.01021	0.00640	0.00633	0.01235	0.01862	0.02561	0.54422	0.09782	0.18803	0.01539	0.00828	0.00227	0.00339	0.01347	0.00738	0.00640
11	0.01611	0.10742	0.03067	0.22633	0.26742	0.01792	0.19342	0.02061	0.01530	0.02053	0.01277	0.01729	0.01019	0.00631	0.00697	0.00214	0.00937	0.00643	0.00332	0.00946
12	0.02178	0.02191	0.01912	0.01836	0.08287	0.25098	0.01317	0.14401	0.29970	0.02716	0.01924	0.01923	0.01471	0.00824	0.00680	0.00211	0.00846	0.00635	0.00560	0.01022

[dist]
# distance from previous block
# <min> <max>
0	3

[block]
# block no. 6 follows, 30 sequences, length 8
# corresponding to MSA columns:
# 479-486
name=unknown_G
#
# <colnr> <probs for GDERKNQSTAVLIFYWHMCP>
#	G	D	E	R	K	N	Q	S	T	A	V	L	I	F	Y	W	H	M	C	P
0	0.01398	0.01352	0.02323	0.56140	0.10806	0.01623	0.07079	0.01844	0.01408	0.01857	0.01235	0.01824	0.00956	0.00722	0.00830	0.00236	0.06596	0.00635	0.00316	0.00819
1	0.01042	0.00850	0.01163	0.01212	0.01255	0.00971	0.00909	0.01191	0.01299	0.01788	0.03122	0.50365	0.03659	0.01926	0.01237	0.00293	0.18288	0.08243	0.00564	0.00622
2	0.01450	0.03255	0.57942	0.02185	0.03149	0.01650	0.16140	0.02215	0.01509	0.02215	0.01285	0.01557	0.00920	0.00648	0.00696	0.00224	0.01061	0.00579	0.00307	0.01013
3	0.01522	0.01689	0.08261	0.21319	0.18481	0.01573	0.25703	0.01980	0.01491	0.02037	0.01316	0.01832	0.01036	0.00790	0.00916	0.07179	0.00975	0.00684	0.00331	0.00885
4	0.01781	0.02152	0.17775	0.02533	0.03286	0.01643	0.46565	0.02375	0.01655	0.10867	0.01546	0.01859	0.01106	0.00638	0.00775	0.00230	0.01074	0.00745	0.00405	0.00990
5	0.01784	0.01767	0.03616	0.02629	0.03230	0.01736	0.53328	0.02285	0.01611	0.09262	0.01487	0.01888	0.01109	0.00695	0.00994	0.00242	0.10208	0.00785	0.00399	0.00944
6	0.01872	0.64918	0.09516	0.01302	0.01922	0.07144	0.01325	0.02145	0.01459	0.01696	0.01002	0.01159	0.00895	0.00611	0.00478	0.00157	0.00804	0.00390	0.00302	0.00902
7	0.01529	0.23654	0.52947	0.01769	0.02679	0.01937	0.02194	0.02177	0.01458	0.02052	0.01174	0.01375	0.00887	0.00645	0.00603	0.00201	0.00952	0.00476	0.00296	0.00994

[dist]
# distance from previous block
# <min> <max>
0	4

# created by:
# /home/cegg/simao/soft/augustus-3.2.1/scripts/msa2prfl.pl ./align_prep/EOG090W0DRQ.fa
