[name]
unknown

[dist]
# distance from previous block
# <min> <max>
5	917

[block]
# block no. 0 follows, 36 sequences, length 48
# corresponding to MSA columns:
# 1501-1548
name=unknown_A
#
# <colnr> <probs for GDERKNQSTAVLIFYWHMCP>
#	G	D	E	R	K	N	Q	S	T	A	V	L	I	F	Y	W	H	M	C	P
0	0.04094	0.01311	0.01539	0.01237	0.01635	0.03454	0.02870	0.18453	0.11477	0.21981	0.05273	0.04072	0.04107	0.00837	0.00729	0.00192	0.06513	0.00656	0.00589	0.08980
1	0.01361	0.01259	0.02382	0.01807	0.02233	0.01197	0.37903	0.01778	0.04174	0.07669	0.04484	0.05781	0.12433	0.05658	0.00917	0.00240	0.02765	0.04769	0.00441	0.00749
2	0.01064	0.00739	0.00852	0.00800	0.01022	0.00681	0.00607	0.01423	0.08563	0.09281	0.24482	0.09681	0.35724	0.01365	0.00719	0.00208	0.00351	0.01164	0.00634	0.00641
3	0.08651	0.04608	0.08075	0.01819	0.02334	0.03811	0.26420	0.19087	0.05436	0.05266	0.01325	0.01533	0.00990	0.00665	0.00749	0.00202	0.07133	0.00592	0.00421	0.00884
4	0.01471	0.01681	0.03676	0.02626	0.03256	0.01576	0.71954	0.01996	0.01471	0.01996	0.01261	0.01681	0.00945	0.00525	0.00735	0.00210	0.01050	0.00735	0.00315	0.00840
5	0.01571	0.01099	0.01321	0.00957	0.01498	0.00846	0.00771	0.01841	0.01383	0.15507	0.01358	0.01446	0.01038	0.00519	0.00492	0.00111	0.00474	0.00417	0.00444	0.66907
6	0.00756	0.00598	0.00681	0.00732	0.00872	0.00523	0.00522	0.00905	0.01358	0.01707	0.10135	0.33244	0.42370	0.01698	0.00759	0.00226	0.00332	0.01475	0.00586	0.00523
7	0.00759	0.00542	0.00723	0.00868	0.00904	0.00506	0.00578	0.00868	0.01193	0.01591	0.03434	0.77697	0.04121	0.01952	0.00795	0.00253	0.00361	0.01771	0.00578	0.00506
8	0.00882	0.00637	0.00833	0.00784	0.00931	0.00588	0.00588	0.01176	0.01764	0.02499	0.73888	0.04654	0.05879	0.01274	0.00735	0.00196	0.00294	0.01127	0.00686	0.00588
9	0.01161	0.00581	0.00581	0.00581	0.00726	0.00581	0.00436	0.01452	0.01307	0.02323	0.02033	0.02323	0.01597	0.00726	0.00436	0.00145	0.00290	0.00581	0.81562	0.00581
10	0.01550	0.01338	0.01409	0.01268	0.01620	0.01550	0.00986	0.03311	0.73091	0.02606	0.02536	0.02325	0.01902	0.00845	0.00634	0.00211	0.00493	0.00704	0.00634	0.00986
11	0.02795	0.01060	0.01446	0.01109	0.01591	0.00916	0.00916	0.03036	0.01783	0.74648	0.02458	0.02121	0.01542	0.00771	0.00627	0.00193	0.00530	0.00627	0.00771	0.01060
12	0.01363	0.01363	0.01908	0.01636	0.01636	0.01908	0.01363	0.01499	0.00954	0.01499	0.00818	0.01363	0.00818	0.01091	0.02045	0.00273	0.76963	0.00545	0.00273	0.00682
13	0.00738	0.00626	0.00637	0.00645	0.00845	0.00525	0.00480	0.00893	0.01406	0.01678	0.06139	0.10313	0.69759	0.01600	0.00740	0.00213	0.00318	0.01342	0.00579	0.00525
14	0.01363	0.01363	0.01908	0.01636	0.01636	0.01908	0.01363	0.01499	0.00954	0.01499	0.00818	0.01363	0.00818	0.01091	0.02045	0.00273	0.76963	0.00545	0.00273	0.00682
15	0.01082	0.00541	0.00812	0.00812	0.00812	0.00541	0.00541	0.00812	0.00812	0.01082	0.01082	0.01894	0.01082	0.02165	0.02435	0.81872	0.00541	0.00541	0.00271	0.00271
16	0.01666	0.78478	0.03265	0.01066	0.01599	0.02465	0.01066	0.01866	0.01266	0.01466	0.00866	0.00999	0.00800	0.00533	0.00400	0.00133	0.00666	0.00333	0.00267	0.00800
17	0.01292	0.01107	0.01292	0.00923	0.01477	0.00831	0.00738	0.01569	0.01292	0.02030	0.01107	0.01292	0.00923	0.00461	0.00461	0.00092	0.00461	0.00369	0.00369	0.81912
18	0.01250	0.03223	0.74875	0.01776	0.02697	0.01447	0.02302	0.01973	0.01315	0.01973	0.01118	0.01315	0.00789	0.00592	0.00592	0.00197	0.00921	0.00460	0.00263	0.00921
19	0.00906	0.00606	0.00689	0.00689	0.00693	0.00609	0.00390	0.00912	0.00909	0.01215	0.01954	0.04027	0.02244	0.75856	0.05389	0.00616	0.00637	0.00899	0.00376	0.00383
20	0.01161	0.00581	0.00581	0.00581	0.00726	0.00581	0.00436	0.01452	0.01307	0.02323	0.02033	0.02323	0.01597	0.00726	0.00436	0.00145	0.00290	0.00581	0.81562	0.00581
21	0.01666	0.78478	0.03265	0.01066	0.01599	0.02465	0.01066	0.01866	0.01266	0.01466	0.00866	0.00999	0.00800	0.00533	0.00400	0.00133	0.00666	0.00333	0.00267	0.00800
22	0.00882	0.00637	0.00833	0.00784	0.00931	0.00588	0.00588	0.01176	0.01764	0.02499	0.73888	0.04654	0.05879	0.01274	0.00735	0.00196	0.00294	0.01127	0.00686	0.00588
23	0.01542	0.01480	0.02529	0.03824	0.74217	0.01480	0.01912	0.01912	0.01419	0.02036	0.01172	0.01542	0.00987	0.00555	0.00617	0.00185	0.00740	0.00555	0.00308	0.00987
24	0.00759	0.00542	0.00723	0.00868	0.00904	0.00506	0.00578	0.00868	0.01193	0.01591	0.03434	0.77697	0.04121	0.01952	0.00795	0.00253	0.00361	0.01771	0.00578	0.00506
25	0.00751	0.00632	0.00651	0.00646	0.00850	0.00532	0.00485	0.00922	0.01454	0.01764	0.13006	0.05863	0.67220	0.01548	0.00736	0.00209	0.00313	0.01296	0.00589	0.00532
26	0.01471	0.01681	0.03676	0.02626	0.03256	0.01576	0.71954	0.01996	0.01471	0.01996	0.01261	0.01681	0.00945	0.00525	0.00735	0.00210	0.01050	0.00735	0.00315	0.00840
27	0.01442	0.01225	0.01316	0.01190	0.01509	0.01394	0.00922	0.02966	0.61579	0.02589	0.14052	0.02701	0.02544	0.00914	0.00650	0.00209	0.00461	0.00773	0.00642	0.00922
28	0.00993	0.00709	0.00991	0.01134	0.01273	0.00707	0.00984	0.01271	0.01423	0.01852	0.03305	0.10348	0.03611	0.01732	0.00858	0.00285	0.00564	0.66816	0.00574	0.00571
29	0.01004	0.00717	0.01004	0.01147	0.01291	0.00717	0.01004	0.01291	0.01434	0.01865	0.03299	0.07028	0.03586	0.01721	0.00861	0.00287	0.00574	0.70023	0.00574	0.00574
30	0.00759	0.00542	0.00723	0.00868	0.00904	0.00506	0.00578	0.00868	0.01193	0.01591	0.03434	0.77697	0.04121	0.01952	0.00795	0.00253	0.00361	0.01771	0.00578	0.00506
31	0.02368	0.01745	0.01870	0.01434	0.01932	0.01932	0.01184	0.72139	0.02929	0.03927	0.01496	0.01496	0.01060	0.00748	0.00623	0.00187	0.00686	0.00561	0.00623	0.01060
32	0.02022	0.02472	0.01805	0.01605	0.01862	0.54319	0.03566	0.02194	0.01553	0.01531	0.00993	0.01275	0.00861	0.00991	0.05849	0.00239	0.15386	0.00457	0.00313	0.00708
33	0.01499	0.02874	0.63024	0.01668	0.02518	0.01361	0.02078	0.02145	0.01391	0.13703	0.01334	0.01445	0.00911	0.00621	0.00598	0.00197	0.00858	0.00487	0.00345	0.00943
34	0.00759	0.00542	0.00723	0.00868	0.00904	0.00506	0.00578	0.00868	0.01193	0.01591	0.03434	0.77697	0.04121	0.01952	0.00795	0.00253	0.00361	0.01771	0.00578	0.00506
35	0.01413	0.01349	0.02296	0.29515	0.49534	0.01446	0.01848	0.01799	0.01358	0.01879	0.01149	0.01584	0.00932	0.00579	0.00619	0.00193	0.00772	0.00555	0.00297	0.00883
36	0.17220	0.01576	0.01531	0.01268	0.01690	0.06399	0.01021	0.31442	0.23251	0.05838	0.01688	0.01650	0.01239	0.00739	0.00578	0.00194	0.00612	0.00554	0.00568	0.00944
37	0.00760	0.00632	0.00664	0.00656	0.00856	0.00536	0.00492	0.00940	0.01476	0.01815	0.17219	0.05780	0.62975	0.01529	0.00736	0.00208	0.00312	0.01285	0.00596	0.00536
38	0.00765	0.00561	0.00721	0.00846	0.00910	0.00517	0.00581	0.00887	0.01233	0.01613	0.03816	0.65341	0.13504	0.01893	0.00790	0.00249	0.00363	0.04319	0.00578	0.00511
39	0.01586	0.64055	0.16989	0.01202	0.01809	0.02270	0.01303	0.01886	0.01275	0.01563	0.00914	0.01060	0.00798	0.00544	0.00437	0.00146	0.00715	0.00358	0.00266	0.00823
40	0.01386	0.11935	0.40056	0.02075	0.07335	0.01613	0.22984	0.01963	0.01362	0.01921	0.01133	0.01400	0.00850	0.00562	0.00613	0.00192	0.00917	0.00533	0.00282	0.00886
41	0.02518	0.01185	0.01490	0.01158	0.01614	0.01130	0.00951	0.18109	0.03841	0.51526	0.07918	0.02189	0.01789	0.00808	0.00635	0.00192	0.00545	0.00654	0.00728	0.01021
42	0.27094	0.01358	0.01408	0.01123	0.01563	0.01461	0.00925	0.30788	0.02002	0.19642	0.01552	0.01535	0.01081	0.00700	0.00540	0.00188	0.00566	0.00508	0.05052	0.00915
43	0.01318	0.01339	0.04582	0.11038	0.02373	0.01445	0.22993	0.01634	0.01251	0.04274	0.01645	0.09932	0.04299	0.00965	0.01142	0.00236	0.25145	0.03304	0.00359	0.00724
44	0.02000	0.01592	0.01709	0.04440	0.01886	0.05614	0.01148	0.39299	0.18566	0.05183	0.01676	0.01726	0.01249	0.00970	0.04252	0.00237	0.06344	0.00591	0.00561	0.00959
45	0.00857	0.00583	0.00694	0.00743	0.00755	0.00571	0.00445	0.00893	0.01002	0.01337	0.02457	0.28797	0.02888	0.52534	0.02373	0.00486	0.00523	0.01197	0.00445	0.00421
46	0.01209	0.01140	0.01927	0.70233	0.10414	0.01393	0.01746	0.01620	0.01261	0.01631	0.01113	0.01651	0.00844	0.00617	0.00622	0.00206	0.00823	0.00554	0.00280	0.00718
47	0.01413	0.01060	0.01318	0.01005	0.01475	0.00855	0.02935	0.04291	0.01395	0.09462	0.01611	0.12776	0.01468	0.00728	0.00543	0.00134	0.00480	0.00623	0.00449	0.55979

[dist]
# distance from previous block
# <min> <max>
0	12

[block]
# block no. 1 follows, 36 sequences, length 49
# corresponding to MSA columns:
# 1563-1599,1601-1612
name=unknown_B
#
# <colnr> <probs for GDERKNQSTAVLIFYWHMCP>
#	G	D	E	R	K	N	Q	S	T	A	V	L	I	F	Y	W	H	M	C	P
0	0.02251	0.11779	0.02054	0.01485	0.01924	0.30631	0.04007	0.29792	0.02150	0.06298	0.01250	0.01329	0.00948	0.00672	0.00576	0.00171	0.00860	0.00481	0.00456	0.00887
1	0.02194	0.02199	0.01766	0.01468	0.01878	0.38957	0.04432	0.17672	0.01945	0.08820	0.01275	0.01373	0.00968	0.00654	0.00575	0.00164	0.00875	0.00474	0.02600	0.09712
2	0.00840	0.00635	0.00775	0.00740	0.00905	0.00570	0.00555	0.01096	0.01666	0.02266	0.54635	0.05037	0.25277	0.01360	0.00735	0.00200	0.00300	0.01180	0.00655	0.00570
3	0.01471	0.01681	0.03676	0.02626	0.03256	0.01576	0.71954	0.01996	0.01471	0.01996	0.01261	0.01681	0.00945	0.00525	0.00735	0.00210	0.01050	0.00735	0.00315	0.00840
4	0.00769	0.00549	0.00734	0.00879	0.00919	0.00514	0.00595	0.00884	0.01202	0.01601	0.03429	0.74929	0.04100	0.01943	0.00798	0.00254	0.00370	0.04444	0.00578	0.00509
5	0.00783	0.00560	0.00744	0.00851	0.00909	0.00522	0.00580	0.00927	0.01303	0.01765	0.16984	0.63649	0.04459	0.01822	0.00784	0.00242	0.00348	0.01647	0.00599	0.00522
6	0.00759	0.00542	0.00723	0.00868	0.00904	0.00506	0.00578	0.00868	0.01193	0.01591	0.03434	0.77697	0.04121	0.01952	0.00795	0.00253	0.00361	0.01771	0.00578	0.00506
7	0.01161	0.00581	0.00581	0.00581	0.00726	0.00581	0.00436	0.01452	0.01307	0.02323	0.02033	0.02323	0.01597	0.00726	0.00436	0.00145	0.00290	0.00581	0.81562	0.00581
8	0.82504	0.01205	0.00916	0.00819	0.01205	0.01398	0.00675	0.01832	0.01060	0.02795	0.00868	0.01012	0.00675	0.00578	0.00386	0.00193	0.00482	0.00337	0.00386	0.00675
9	0.01666	0.78478	0.03265	0.01066	0.01599	0.02465	0.01066	0.01866	0.01266	0.01466	0.00866	0.00999	0.00800	0.00533	0.00400	0.00133	0.00666	0.00333	0.00267	0.00800
10	0.00906	0.00604	0.00680	0.00680	0.00680	0.00604	0.00378	0.00906	0.00906	0.01208	0.01963	0.04077	0.02265	0.78103	0.03171	0.00604	0.00604	0.00906	0.00378	0.00378
11	0.02327	0.02970	0.01766	0.01605	0.01926	0.75602	0.01204	0.02488	0.01766	0.01525	0.00963	0.01124	0.00803	0.00642	0.00562	0.00161	0.01124	0.00401	0.00321	0.00722
12	0.02368	0.01745	0.01870	0.01434	0.01932	0.01932	0.01184	0.72139	0.02929	0.03927	0.01496	0.01496	0.01060	0.00748	0.00623	0.00187	0.00686	0.00561	0.00623	0.01060
13	0.00759	0.00542	0.00723	0.00868	0.00904	0.00506	0.00578	0.00868	0.01193	0.01591	0.03434	0.77697	0.04121	0.01952	0.00795	0.00253	0.00361	0.01771	0.00578	0.00506
14	0.01292	0.01107	0.01292	0.00923	0.01477	0.00831	0.00738	0.01569	0.01292	0.02030	0.01107	0.01292	0.00923	0.00461	0.00461	0.00092	0.00461	0.00369	0.00369	0.81912
15	0.01666	0.78478	0.03265	0.01066	0.01599	0.02465	0.01066	0.01866	0.01266	0.01466	0.00866	0.00999	0.00800	0.00533	0.00400	0.00133	0.00666	0.00333	0.00267	0.00800
16	0.02368	0.01745	0.01870	0.01434	0.01932	0.01932	0.01184	0.72139	0.02929	0.03927	0.01496	0.01496	0.01060	0.00748	0.00623	0.00187	0.00686	0.00561	0.00623	0.01060
17	0.82504	0.01205	0.00916	0.00819	0.01205	0.01398	0.00675	0.01832	0.01060	0.02795	0.00868	0.01012	0.00675	0.00578	0.00386	0.00193	0.00482	0.00337	0.00386	0.00675
18	0.00882	0.00637	0.00833	0.00784	0.00931	0.00588	0.00588	0.01176	0.01764	0.02499	0.73888	0.04654	0.05879	0.01274	0.00735	0.00196	0.00294	0.01127	0.00686	0.00588
19	0.00778	0.00633	0.00690	0.00675	0.00867	0.00544	0.00507	0.00976	0.01520	0.01919	0.25856	0.05608	0.54273	0.01490	0.00736	0.00206	0.00309	0.01261	0.00610	0.00544
20	0.01250	0.03223	0.74875	0.01776	0.02697	0.01447	0.02302	0.01973	0.01315	0.01973	0.01118	0.01315	0.00789	0.00592	0.00592	0.00197	0.00921	0.00460	0.00263	0.00921
21	0.00905	0.00606	0.00692	0.00692	0.00696	0.00611	0.00393	0.00914	0.00910	0.01217	0.01952	0.04015	0.02238	0.75308	0.05929	0.00619	0.00645	0.00897	0.00376	0.00384
22	0.00759	0.00542	0.00723	0.00868	0.00904	0.00506	0.00578	0.00868	0.01193	0.01591	0.03434	0.77697	0.04121	0.01952	0.00795	0.00253	0.00361	0.01771	0.00578	0.00506
23	0.14214	0.01548	0.01534	0.01280	0.01695	0.04657	0.01027	0.30780	0.31013	0.03124	0.01800	0.01743	0.01332	0.00757	0.00589	0.00197	0.00594	0.00579	0.00579	0.00958
24	0.02176	0.01635	0.01928	0.01757	0.11737	0.04509	0.03928	0.42213	0.10256	0.10983	0.01641	0.01654	0.01181	0.00722	0.00626	0.00190	0.00686	0.00584	0.00574	0.01020
25	0.82504	0.01205	0.00916	0.00819	0.01205	0.01398	0.00675	0.01832	0.01060	0.02795	0.00868	0.01012	0.00675	0.00578	0.00386	0.00193	0.00482	0.00337	0.00386	0.00675
26	0.01194	0.01125	0.01900	0.73180	0.07583	0.01389	0.01739	0.01607	0.01254	0.01613	0.01110	0.01656	0.00838	0.00620	0.00623	0.00207	0.00826	0.00554	0.00278	0.00706
27	0.00882	0.00637	0.00833	0.00784	0.00931	0.00588	0.00588	0.01176	0.01764	0.02499	0.73888	0.04654	0.05879	0.01274	0.00735	0.00196	0.00294	0.01127	0.00686	0.00588
28	0.02192	0.01444	0.01597	0.01261	0.01704	0.03688	0.01020	0.40812	0.02308	0.19062	0.01871	0.09943	0.01482	0.00857	0.00627	0.00186	0.00610	0.00686	0.00620	0.08032
29	0.01962	0.01281	0.01670	0.01382	0.01771	0.04004	0.08580	0.21929	0.01958	0.22002	0.02263	0.06119	0.01956	0.01031	0.00703	0.00219	0.00657	0.19035	0.00604	0.00873
30	0.01647	0.65456	0.12154	0.01172	0.01752	0.02313	0.01226	0.05187	0.01350	0.01645	0.00927	0.01062	0.00811	0.00551	0.00434	0.00144	0.00699	0.00360	0.00283	0.00827
31	0.01363	0.01363	0.01908	0.01636	0.01636	0.01908	0.01363	0.01499	0.00954	0.01499	0.00818	0.01363	0.00818	0.01091	0.02045	0.00273	0.76963	0.00545	0.00273	0.00682
32	0.01361	0.01286	0.02172	0.34903	0.12730	0.03237	0.15731	0.03847	0.01390	0.03800	0.01410	0.08748	0.01213	0.00719	0.00652	0.00201	0.00796	0.00694	0.00347	0.04765
33	0.01666	0.78478	0.03265	0.01066	0.01599	0.02465	0.01066	0.01866	0.01266	0.01466	0.00866	0.00999	0.00800	0.00533	0.00400	0.00133	0.00666	0.00333	0.00267	0.00800
34	0.00906	0.00604	0.00680	0.00680	0.00680	0.00604	0.00378	0.00906	0.00906	0.01208	0.01963	0.04077	0.02265	0.78103	0.03171	0.00604	0.00604	0.00906	0.00378	0.00378
35	0.01542	0.01480	0.02529	0.03824	0.74217	0.01480	0.01912	0.01912	0.01419	0.02036	0.01172	0.01542	0.00987	0.00555	0.00617	0.00185	0.00740	0.00555	0.00308	0.00987
36	0.01544	0.41310	0.34012	0.01383	0.02081	0.01959	0.01597	0.03893	0.01351	0.04239	0.01046	0.01187	0.00828	0.00572	0.00496	0.00164	0.00772	0.00404	0.00292	0.00868
37	0.00817	0.00579	0.00767	0.00896	0.00947	0.00553	0.00631	0.00945	0.01204	0.01597	0.03254	0.57558	0.03830	0.10023	0.01060	0.00296	0.00424	0.13555	0.00556	0.00504
38	0.37299	0.01272	0.01434	0.01209	0.04320	0.01324	0.05423	0.12317	0.01564	0.18540	0.03121	0.01496	0.01093	0.00649	0.00518	0.00186	0.00562	0.00488	0.00503	0.06680
39	0.00890	0.00668	0.01001	0.01001	0.01113	0.00779	0.00779	0.01113	0.01001	0.01446	0.01669	0.02448	0.01558	0.04673	0.75634	0.01001	0.01669	0.00668	0.00334	0.00556
40	0.01685	0.01414	0.02368	0.06256	0.62473	0.01406	0.01781	0.02041	0.01458	0.11098	0.01330	0.01619	0.01050	0.00585	0.00618	0.00187	0.00717	0.00564	0.00365	0.00985
41	0.04805	0.01659	0.01978	0.01519	0.02006	0.01809	0.09043	0.55582	0.07040	0.03522	0.01571	0.03804	0.01177	0.00759	0.00634	0.00193	0.00698	0.00618	0.00580	0.01001
42	0.01296	0.00764	0.00814	0.00741	0.00939	0.00783	0.00572	0.11949	0.01623	0.02591	0.13675	0.02580	0.02215	0.00819	0.00512	0.00160	0.00350	0.00667	0.56296	0.00653
43	0.00759	0.00542	0.00723	0.00868	0.00904	0.00506	0.00578	0.00868	0.01193	0.01591	0.03434	0.77697	0.04121	0.01952	0.00795	0.00253	0.00361	0.01771	0.00578	0.00506
44	0.01435	0.01836	0.13755	0.11708	0.03255	0.01546	0.50374	0.04570	0.01475	0.02014	0.01229	0.01618	0.00913	0.00555	0.00696	0.00207	0.00990	0.00666	0.00314	0.00842
45	0.01402	0.01337	0.02276	0.31755	0.47382	0.01444	0.01842	0.01789	0.01352	0.01865	0.01147	0.01588	0.00927	0.00581	0.00619	0.00194	0.00775	0.00555	0.00296	0.00874
46	0.00794	0.00630	0.00722	0.00767	0.00932	0.00558	0.00586	0.00974	0.01408	0.01756	0.10224	0.18542	0.45434	0.01644	0.00767	0.00229	0.00364	0.12547	0.00586	0.00535
47	0.01819	0.01270	0.01440	0.01183	0.01558	0.01308	0.00936	0.37438	0.02140	0.09056	0.02073	0.22899	0.01942	0.01052	0.00652	0.00194	0.00553	0.00882	0.00591	0.11014
48	0.37197	0.04489	0.01437	0.01139	0.01543	0.11153	0.00922	0.26529	0.01807	0.02904	0.01152	0.01340	0.00906	0.04293	0.00623	0.00204	0.00649	0.00451	0.00456	0.00807

[dist]
# distance from previous block
# <min> <max>
0	3

[block]
# block no. 2 follows, 36 sequences, length 77
# corresponding to MSA columns:
# 1616-1692
name=unknown_C
#
# <colnr> <probs for GDERKNQSTAVLIFYWHMCP>
#	G	D	E	R	K	N	Q	S	T	A	V	L	I	F	Y	W	H	M	C	P
0	0.01664	0.12587	0.02419	0.02823	0.46044	0.01687	0.01589	0.10833	0.10171	0.02258	0.01332	0.01552	0.01079	0.00611	0.00588	0.00181	0.00693	0.00542	0.00381	0.00969
1	0.01540	0.01486	0.10638	0.01201	0.01764	0.01153	0.03443	0.09261	0.11615	0.07140	0.01445	0.01530	0.01100	0.00584	0.00539	0.00143	0.00571	0.00477	0.00444	0.43926
2	0.07389	0.02595	0.01734	0.01550	0.01844	0.57999	0.01189	0.05741	0.01676	0.01722	0.00965	0.01165	0.00809	0.00699	0.00738	0.00178	0.10520	0.00423	0.00334	0.00731
3	0.01250	0.03223	0.74875	0.01776	0.02697	0.01447	0.02302	0.01973	0.01315	0.01973	0.01118	0.01315	0.00789	0.00592	0.00592	0.00197	0.00921	0.00460	0.00263	0.00921
4	0.00905	0.00608	0.00700	0.00700	0.00708	0.00615	0.00403	0.00919	0.00912	0.01223	0.01944	0.03972	0.02219	0.73359	0.07853	0.00630	0.00673	0.00891	0.00375	0.00389
5	0.01559	0.01323	0.01399	0.01251	0.01600	0.01518	0.00974	0.07625	0.64643	0.02638	0.02585	0.04702	0.03604	0.00891	0.00641	0.00211	0.00497	0.00743	0.00630	0.00965
6	0.01363	0.01363	0.01908	0.01636	0.01636	0.01908	0.01363	0.01499	0.00954	0.01499	0.00818	0.01363	0.00818	0.01091	0.02045	0.00273	0.76963	0.00545	0.00273	0.00682
7	0.02330	0.01878	0.01839	0.01439	0.01917	0.11087	0.01173	0.61256	0.02733	0.03568	0.01417	0.01443	0.01023	0.00726	0.00611	0.00181	0.00733	0.00535	0.00578	0.03533
8	0.00906	0.00604	0.00680	0.00680	0.00680	0.00604	0.00378	0.00906	0.00906	0.01208	0.01963	0.04077	0.02265	0.78103	0.03171	0.00604	0.00604	0.00906	0.00378	0.00378
9	0.01593	0.01577	0.02480	0.03681	0.69546	0.06269	0.01866	0.01949	0.01441	0.02003	0.01158	0.01515	0.00975	0.00561	0.00613	0.00183	0.00765	0.00545	0.00309	0.00970
10	0.00759	0.00542	0.00723	0.00868	0.00904	0.00506	0.00578	0.00868	0.01193	0.01591	0.03434	0.77697	0.04121	0.01952	0.00795	0.00253	0.00361	0.01771	0.00578	0.00506
11	0.02795	0.01060	0.01446	0.01109	0.01591	0.00916	0.00916	0.03036	0.01783	0.74648	0.02458	0.02121	0.01542	0.00771	0.00627	0.00193	0.00530	0.00627	0.00771	0.01060
12	0.02368	0.01745	0.01870	0.01434	0.01932	0.01932	0.01184	0.72139	0.02929	0.03927	0.01496	0.01496	0.01060	0.00748	0.00623	0.00187	0.00686	0.00561	0.00623	0.01060
13	0.02795	0.01060	0.01446	0.01109	0.01591	0.00916	0.00916	0.03036	0.01783	0.74648	0.02458	0.02121	0.01542	0.00771	0.00627	0.00193	0.00530	0.00627	0.00771	0.01060
14	0.00890	0.00668	0.01001	0.01001	0.01113	0.00779	0.00779	0.01113	0.01001	0.01446	0.01669	0.02448	0.01558	0.04673	0.75634	0.01001	0.01669	0.00668	0.00334	0.00556
15	0.02363	0.01839	0.01814	0.01428	0.01899	0.11005	0.01163	0.56687	0.05092	0.08153	0.01527	0.01518	0.01087	0.00740	0.00616	0.00185	0.00723	0.00550	0.00596	0.01015
16	0.01282	0.09075	0.69306	0.01721	0.02611	0.01526	0.02206	0.01965	0.01312	0.01934	0.01099	0.01291	0.00790	0.00587	0.00577	0.00192	0.00901	0.00451	0.00263	0.00911
17	0.01633	0.72626	0.08834	0.01121	0.01684	0.02386	0.01162	0.01874	0.01270	0.01505	0.00886	0.01024	0.00799	0.00538	0.00415	0.00138	0.00686	0.00343	0.00266	0.00809
18	0.00775	0.00657	0.00672	0.00664	0.00875	0.00566	0.00499	0.00998	0.03982	0.01769	0.10544	0.05779	0.67012	0.01532	0.00733	0.00209	0.00320	0.01281	0.00587	0.00546
19	0.01004	0.00717	0.01004	0.01147	0.01291	0.00717	0.01004	0.01291	0.01434	0.01865	0.03299	0.07028	0.03586	0.01721	0.00861	0.00287	0.00574	0.70023	0.00574	0.00574
20	0.01292	0.01107	0.01292	0.00923	0.01477	0.00831	0.00738	0.01569	0.01292	0.02030	0.01107	0.01292	0.00923	0.00461	0.00461	0.00092	0.00461	0.00369	0.00369	0.81912
21	0.00950	0.00739	0.01052	0.01019	0.01097	0.00882	0.00776	0.01121	0.00978	0.01409	0.01620	0.02614	0.01598	0.17599	0.53636	0.00842	0.10498	0.00696	0.00334	0.00539
22	0.01550	0.01338	0.01409	0.01268	0.01620	0.01550	0.00986	0.03311	0.73091	0.02606	0.02536	0.02325	0.01902	0.00845	0.00634	0.00211	0.00493	0.00704	0.00634	0.00986
23	0.02327	0.02970	0.01766	0.01605	0.01926	0.75602	0.01204	0.02488	0.01766	0.01525	0.00963	0.01124	0.00803	0.00642	0.00562	0.00161	0.01124	0.00401	0.00321	0.00722
24	0.00891	0.00663	0.00980	0.00980	0.01084	0.00767	0.00752	0.01099	0.00995	0.01430	0.01689	0.02556	0.01605	0.09568	0.70804	0.00975	0.01598	0.00683	0.00337	0.00544
25	0.01550	0.01338	0.01409	0.01268	0.01620	0.01550	0.00986	0.03311	0.73091	0.02606	0.02536	0.02325	0.01902	0.00845	0.00634	0.00211	0.00493	0.00704	0.00634	0.00986
26	0.00906	0.00606	0.00691	0.00691	0.00695	0.00610	0.00392	0.00913	0.00909	0.01216	0.01953	0.04020	0.02240	0.75535	0.05705	0.00618	0.00641	0.00898	0.00376	0.00384
27	0.01581	0.60425	0.11069	0.01217	0.01726	0.02282	0.01241	0.01832	0.01232	0.01527	0.00888	0.01080	0.00801	0.00610	0.00628	0.00158	0.10265	0.00374	0.00267	0.00798
28	0.00906	0.00604	0.00680	0.00680	0.00680	0.00604	0.00378	0.00906	0.00906	0.01208	0.01963	0.04077	0.02265	0.78103	0.03171	0.00604	0.00604	0.00906	0.00378	0.00378
29	0.01542	0.01480	0.02529	0.03824	0.74217	0.01480	0.01912	0.01912	0.01419	0.02036	0.01172	0.01542	0.00987	0.00555	0.00617	0.00185	0.00740	0.00555	0.00308	0.00987
30	0.82504	0.01205	0.00916	0.00819	0.01205	0.01398	0.00675	0.01832	0.01060	0.02795	0.00868	0.01012	0.00675	0.00578	0.00386	0.00193	0.00482	0.00337	0.00386	0.00675
31	0.00736	0.00631	0.00631	0.00631	0.00842	0.00526	0.00473	0.00894	0.01420	0.01683	0.06312	0.05996	0.73964	0.01578	0.00736	0.00210	0.00316	0.01315	0.00579	0.00526
32	0.00736	0.00631	0.00631	0.00631	0.00842	0.00526	0.00473	0.00894	0.01420	0.01683	0.06312	0.05996	0.73964	0.01578	0.00736	0.00210	0.00316	0.01315	0.00579	0.00526
33	0.01666	0.78478	0.03265	0.01066	0.01599	0.02465	0.01066	0.01866	0.01266	0.01466	0.00866	0.00999	0.00800	0.00533	0.00400	0.00133	0.00666	0.00333	0.00267	0.00800
34	0.00890	0.00668	0.01001	0.01001	0.01113	0.00779	0.00779	0.01113	0.01001	0.01446	0.01669	0.02448	0.01558	0.04673	0.75634	0.01001	0.01669	0.00668	0.00334	0.00556
35	0.00741	0.00631	0.00637	0.00636	0.00844	0.00528	0.00477	0.00903	0.01431	0.01708	0.08353	0.05956	0.71907	0.01569	0.00736	0.00210	0.00315	0.01309	0.00582	0.00528
36	0.00906	0.00604	0.00680	0.00680	0.00680	0.00604	0.00378	0.00906	0.00906	0.01208	0.01963	0.04077	0.02265	0.78103	0.03171	0.00604	0.00604	0.00906	0.00378	0.00378
37	0.00890	0.00668	0.01001	0.01001	0.01113	0.00779	0.00779	0.01113	0.01001	0.01446	0.01669	0.02448	0.01558	0.04673	0.75634	0.01001	0.01669	0.00668	0.00334	0.00556
38	0.02226	0.01629	0.01887	0.01461	0.01946	0.01775	0.05707	0.52320	0.12852	0.09111	0.01705	0.01676	0.01211	0.00749	0.00632	0.00192	0.00669	0.00598	0.00616	0.01035
39	0.01518	0.01456	0.02486	0.08527	0.69699	0.01474	0.01900	0.01891	0.01408	0.02007	0.01168	0.01550	0.00977	0.00560	0.00617	0.00187	0.00746	0.00555	0.00306	0.00968
40	0.01651	0.01682	0.03024	0.02229	0.02785	0.06640	0.50323	0.04214	0.11867	0.06798	0.01508	0.01758	0.01115	0.00601	0.00699	0.00205	0.00932	0.00696	0.00399	0.00873
41	0.23327	0.01511	0.01514	0.01234	0.01670	0.01705	0.01005	0.38111	0.18215	0.03331	0.01564	0.01555	0.01147	0.00725	0.00563	0.00194	0.00589	0.00534	0.00563	0.00942
42	0.00988	0.00705	0.00985	0.01129	0.01265	0.00703	0.00976	0.01263	0.01418	0.01846	0.03308	0.11739	0.03621	0.01737	0.00856	0.00285	0.00560	0.65473	0.00574	0.00569
43	0.01185	0.00964	0.01090	0.01001	0.01248	0.01034	0.00767	0.02156	0.35079	0.02499	0.36396	0.03648	0.08195	0.01092	0.00688	0.00204	0.00388	0.00941	0.00655	0.00770
44	0.01292	0.01107	0.01292	0.00923	0.01477	0.00831	0.00738	0.01569	0.01292	0.02030	0.01107	0.01292	0.00923	0.00461	0.00461	0.00092	0.00461	0.00369	0.00369	0.81912
45	0.00759	0.00542	0.00723	0.00868	0.00904	0.00506	0.00578	0.00868	0.01193	0.01591	0.03434	0.77697	0.04121	0.01952	0.00795	0.00253	0.00361	0.01771	0.00578	0.00506
46	0.82504	0.01205	0.00916	0.00819	0.01205	0.01398	0.00675	0.01832	0.01060	0.02795	0.00868	0.01012	0.00675	0.00578	0.00386	0.00193	0.00482	0.00337	0.00386	0.00675
47	0.00759	0.00542	0.00723	0.00868	0.00904	0.00506	0.00578	0.00868	0.01193	0.01591	0.03434	0.77697	0.04121	0.01952	0.00795	0.00253	0.00361	0.01771	0.00578	0.00506
48	0.00759	0.00542	0.00723	0.00868	0.00904	0.00506	0.00578	0.00868	0.01193	0.01591	0.03434	0.77697	0.04121	0.01952	0.00795	0.00253	0.00361	0.01771	0.00578	0.00506
49	0.82504	0.01205	0.00916	0.00819	0.01205	0.01398	0.00675	0.01832	0.01060	0.02795	0.00868	0.01012	0.00675	0.00578	0.00386	0.00193	0.00482	0.00337	0.00386	0.00675
50	0.01292	0.01107	0.01292	0.00923	0.01477	0.00831	0.00738	0.01569	0.01292	0.02030	0.01107	0.01292	0.00923	0.00461	0.00461	0.00092	0.00461	0.00369	0.00369	0.81912
51	0.00788	0.00594	0.00760	0.00848	0.00922	0.00566	0.00590	0.00923	0.01276	0.01689	0.10517	0.56344	0.15602	0.01796	0.00824	0.00241	0.03026	0.01592	0.00578	0.00523
52	0.02377	0.01754	0.01793	0.01394	0.01877	0.08303	0.01140	0.55707	0.02640	0.11703	0.01545	0.01527	0.01087	0.00731	0.00613	0.00182	0.00699	0.00548	0.00605	0.03774
53	0.02020	0.01539	0.02018	0.01530	0.02036	0.08520	0.16605	0.15533	0.06846	0.20109	0.01631	0.01675	0.01162	0.00650	0.00614	0.00176	0.00717	0.00575	0.00517	0.15529
54	0.01528	0.53573	0.26964	0.01301	0.01962	0.02128	0.01475	0.01901	0.01282	0.01634	0.00950	0.01104	0.00796	0.00553	0.00463	0.00154	0.00751	0.00375	0.00265	0.00840
55	0.01082	0.00541	0.00812	0.00812	0.00812	0.00541	0.00541	0.00812	0.00812	0.01082	0.01082	0.01894	0.01082	0.02165	0.02435	0.81872	0.00541	0.00541	0.00271	0.00271
56	0.00833	0.00578	0.00724	0.00812	0.00841	0.00558	0.00527	0.00910	0.01096	0.01458	0.02846	0.44160	0.03356	0.31905	0.01734	0.00393	0.00471	0.05841	0.00499	0.00460
57	0.01264	0.01202	0.02036	0.58452	0.16014	0.01414	0.04549	0.01727	0.03991	0.01722	0.01178	0.01667	0.00902	0.00616	0.00627	0.00204	0.00811	0.00567	0.00297	0.00759
58	0.01342	0.16749	0.56353	0.01713	0.02541	0.01642	0.07494	0.01955	0.01319	0.01883	0.01084	0.01287	0.00803	0.00576	0.00568	0.00187	0.00885	0.00459	0.00268	0.00893
59	0.01947	0.02336	0.01822	0.01617	0.01812	0.46525	0.01267	0.02098	0.01445	0.01515	0.00906	0.01218	0.00809	0.00819	0.01147	0.00205	0.31047	0.00458	0.00302	0.00706
60	0.01542	0.01480	0.02529	0.03824	0.74217	0.01480	0.01912	0.01912	0.01419	0.02036	0.01172	0.01542	0.00987	0.00555	0.00617	0.00185	0.00740	0.00555	0.00308	0.00987
61	0.00868	0.00636	0.00813	0.00769	0.00922	0.00582	0.00577	0.01149	0.01731	0.02420	0.67374	0.04783	0.12441	0.01303	0.00735	0.00197	0.00296	0.01145	0.00676	0.00582
62	0.00856	0.00636	0.00796	0.00756	0.00915	0.00577	0.00567	0.01125	0.01702	0.02351	0.61698	0.04896	0.18160	0.01329	0.00735	0.00199	0.00298	0.01161	0.00667	0.00577
63	0.82504	0.01205	0.00916	0.00819	0.01205	0.01398	0.00675	0.01832	0.01060	0.02795	0.00868	0.01012	0.00675	0.00578	0.00386	0.00193	0.00482	0.00337	0.00386	0.00675
64	0.01161	0.00581	0.00581	0.00581	0.00726	0.00581	0.00436	0.01452	0.01307	0.02323	0.02033	0.02323	0.01597	0.00726	0.00436	0.00145	0.00290	0.00581	0.81562	0.00581
65	0.01292	0.01107	0.01292	0.00923	0.01477	0.00831	0.00738	0.01569	0.01292	0.02030	0.01107	0.01292	0.00923	0.00461	0.00461	0.00092	0.00461	0.00369	0.00369	0.81912
66	0.01363	0.01363	0.01908	0.01636	0.01636	0.01908	0.01363	0.01499	0.00954	0.01499	0.00818	0.01363	0.00818	0.01091	0.02045	0.00273	0.76963	0.00545	0.00273	0.00682
67	0.01292	0.01107	0.01292	0.00923	0.01477	0.00831	0.00738	0.01569	0.01292	0.02030	0.01107	0.01292	0.00923	0.00461	0.00461	0.00092	0.00461	0.00369	0.00369	0.81912
68	0.01351	0.01346	0.01906	0.06633	0.01813	0.01873	0.01388	0.01506	0.00974	0.01506	0.00837	0.01383	0.00819	0.01059	0.01950	0.00268	0.71888	0.00546	0.00273	0.00682
69	0.00807	0.00634	0.00729	0.00705	0.00885	0.00556	0.00529	0.01031	0.01587	0.02078	0.39044	0.05346	0.40985	0.01431	0.00736	0.00203	0.00305	0.01224	0.00631	0.00556
70	0.01237	0.01039	0.01219	0.00902	0.01382	0.00806	0.00704	0.01484	0.01242	0.01925	0.01216	0.01617	0.01083	0.08404	0.03747	0.00180	0.00524	0.00435	0.00369	0.70487
71	0.02368	0.01745	0.01870	0.01434	0.01932	0.01932	0.01184	0.72139	0.02929	0.03927	0.01496	0.01496	0.01060	0.00748	0.00623	0.00187	0.00686	0.00561	0.00623	0.01060
72	0.07522	0.69943	0.05875	0.01076	0.01613	0.02348	0.01086	0.01867	0.01253	0.01582	0.00876	0.01013	0.00790	0.00539	0.00406	0.00140	0.00663	0.00338	0.00275	0.00795
73	0.01384	0.01393	0.04680	0.01594	0.01647	0.01802	0.01354	0.01545	0.01006	0.03995	0.00987	0.04351	0.00970	0.01094	0.01892	0.00266	0.68451	0.00592	0.00301	0.00697
74	0.00919	0.00620	0.00704	0.00691	0.00718	0.00606	0.00400	0.00924	0.00935	0.01249	0.02069	0.03973	0.04958	0.69558	0.02956	0.03727	0.00586	0.00890	0.00381	0.03136
75	0.01263	0.01075	0.01255	0.00932	0.01441	0.00835	0.00736	0.01586	0.04073	0.02021	0.01332	0.06882	0.01193	0.00585	0.00492	0.00109	0.00455	0.00484	0.00395	0.72856
76	0.00801	0.00669	0.03626	0.00901	0.00994	0.00557	0.00651	0.00946	0.01223	0.01655	0.06001	0.69311	0.03952	0.01822	0.00774	0.00243	0.00384	0.01648	0.00563	0.03278

[dist]
# distance from previous block
# <min> <max>
5	16

[block]
# block no. 3 follows, 36 sequences, length 8
# corresponding to MSA columns:
# 1709-1716
name=unknown_D
#
# <colnr> <probs for GDERKNQSTAVLIFYWHMCP>
#	G	D	E	R	K	N	Q	S	T	A	V	L	I	F	Y	W	H	M	C	P
0	0.18189	0.01509	0.11669	0.07896	0.01895	0.01346	0.01160	0.16080	0.08239	0.02566	0.03799	0.02199	0.03538	0.00790	0.00582	0.00193	0.00613	0.07213	0.00461	0.10064
1	0.02257	0.18254	0.02030	0.01424	0.01812	0.50046	0.01135	0.02437	0.01665	0.11784	0.01153	0.01238	0.00906	0.00638	0.00538	0.00159	0.00946	0.00419	0.00373	0.00786
2	0.47121	0.08026	0.01495	0.01088	0.01472	0.01351	0.10704	0.01723	0.01281	0.02504	0.15963	0.01855	0.01796	0.00710	0.00508	0.00191	0.00539	0.00555	0.00427	0.00691
3	0.01475	0.01270	0.01211	0.01093	0.01348	0.11497	0.00835	0.22162	0.01876	0.02368	0.09714	0.20765	0.14385	0.03916	0.00781	0.00221	0.00565	0.03251	0.00559	0.00709
4	0.01242	0.01527	0.08149	0.01197	0.01542	0.17956	0.08899	0.01503	0.01518	0.01763	0.08501	0.03867	0.37623	0.01133	0.00683	0.00197	0.00639	0.00948	0.00467	0.00647
5	0.17160	0.01521	0.01592	0.01311	0.01661	0.07576	0.02744	0.18105	0.11539	0.02540	0.01281	0.01439	0.01012	0.00748	0.00849	0.00195	0.16346	0.00501	0.00442	0.11438
6	0.01246	0.01562	0.16779	0.38984	0.03132	0.01384	0.01629	0.04047	0.05133	0.01817	0.01327	0.06604	0.01108	0.00754	0.00747	0.00208	0.07590	0.00613	0.00329	0.05005
7	0.01492	0.12267	0.02236	0.41177	0.03262	0.08208	0.09447	0.07248	0.05294	0.01847	0.01184	0.01545	0.00912	0.00622	0.00599	0.00192	0.00829	0.00538	0.00329	0.00771

[dist]
# distance from previous block
# <min> <max>
0	106

# created by:
# /home/cegg/simao/soft/augustus-3.2.1/scripts/msa2prfl.pl ./align_prep/EOG090W06OO.fa
