[name]
unknown

[dist]
# distance from previous block
# <min> <max>
0	103

[block]
# block no. 0 follows, 34 sequences, length 17
# corresponding to MSA columns:
# 118-134
name=unknown_A
#
# <colnr> <probs for GDERKNQSTAVLIFYWHMCP>
#	G	D	E	R	K	N	Q	S	T	A	V	L	I	F	Y	W	H	M	C	P
0	0.36446	0.01255	0.01247	0.01037	0.01455	0.04340	0.03594	0.01897	0.04981	0.05020	0.01361	0.01846	0.01169	0.05143	0.00666	0.00203	0.00562	0.04676	0.00429	0.22673
1	0.03585	0.03791	0.02045	0.05296	0.27124	0.07982	0.02851	0.02330	0.15958	0.08468	0.01649	0.04971	0.01353	0.00789	0.00796	0.00209	0.08795	0.00645	0.00441	0.00922
2	0.05118	0.00755	0.00890	0.05484	0.04058	0.00715	0.00683	0.01133	0.01483	0.01957	0.17715	0.05011	0.45295	0.01607	0.05054	0.00261	0.00465	0.01155	0.00565	0.00597
3	0.06644	0.01682	0.12263	0.06088	0.21726	0.04725	0.08211	0.02899	0.05133	0.02047	0.01484	0.08508	0.01341	0.04061	0.00843	0.00223	0.05408	0.00684	0.00371	0.05658
4	0.05720	0.17049	0.01436	0.00895	0.01202	0.08682	0.00740	0.04710	0.01470	0.02225	0.04193	0.01914	0.01447	0.00700	0.00476	0.00153	0.00509	0.00524	0.40551	0.05403
5	0.01558	0.01698	0.15593	0.01770	0.14879	0.03348	0.02975	0.04509	0.01489	0.08240	0.01438	0.05890	0.01193	0.00658	0.00585	0.00161	0.00666	0.00561	0.00406	0.32384
6	0.01381	0.02061	0.32104	0.04595	0.02305	0.01241	0.09787	0.01874	0.01427	0.07712	0.05930	0.02171	0.07152	0.03014	0.00766	0.00207	0.03217	0.00645	0.00393	0.12019
7	0.00831	0.00650	0.00752	0.00772	0.00938	0.00577	0.00578	0.01028	0.01513	0.01938	0.21728	0.15629	0.39749	0.03677	0.00851	0.00238	0.00359	0.07012	0.00621	0.00558
8	0.01569	0.01585	0.05010	0.07116	0.65202	0.01533	0.04535	0.01973	0.01462	0.02086	0.01214	0.01602	0.01008	0.00579	0.00644	0.00194	0.00790	0.00579	0.00317	0.01002
9	0.04502	0.02290	0.18390	0.02460	0.27050	0.18534	0.03280	0.06498	0.03724	0.05395	0.01267	0.01479	0.00980	0.00637	0.00617	0.00191	0.00880	0.00521	0.00367	0.00938
10	0.02138	0.04499	0.16590	0.01300	0.01827	0.01180	0.01246	0.09888	0.01767	0.36741	0.02248	0.11240	0.01766	0.00939	0.00664	0.00210	0.00637	0.03531	0.00621	0.00968
11	0.01070	0.00586	0.00858	0.00876	0.00903	0.00590	0.00610	0.00903	0.00940	0.01253	0.01629	0.06842	0.03866	0.02399	0.08226	0.62430	0.00641	0.04699	0.00334	0.00347
12	0.01554	0.27135	0.26196	0.01491	0.04196	0.09321	0.01524	0.05056	0.01496	0.01907	0.03803	0.04892	0.02999	0.00784	0.00582	0.00187	0.00791	0.04893	0.00354	0.00840
13	0.06446	0.10749	0.18311	0.01667	0.08983	0.06272	0.06498	0.03028	0.03020	0.03643	0.08455	0.01882	0.01521	0.03755	0.02951	0.00227	0.03454	0.00580	0.00381	0.08176
14	0.10781	0.04559	0.02083	0.18227	0.23292	0.01638	0.03119	0.14011	0.07359	0.04026	0.01343	0.01608	0.01039	0.00676	0.00665	0.00202	0.03486	0.00560	0.00413	0.00912
15	0.01496	0.01435	0.02499	0.11579	0.49113	0.01455	0.09826	0.03399	0.01489	0.02084	0.03572	0.06374	0.01358	0.00697	0.00670	0.00202	0.00776	0.00693	0.00353	0.00930
16	0.02084	0.01658	0.01952	0.11701	0.11793	0.04568	0.01371	0.39331	0.11121	0.05488	0.01598	0.01694	0.01172	0.00741	0.00644	0.00199	0.00726	0.00594	0.00549	0.01015

[dist]
# distance from previous block
# <min> <max>
0	1

[block]
# block no. 1 follows, 34 sequences, length 25
# corresponding to MSA columns:
# 136-160
name=unknown_B
#
# <colnr> <probs for GDERKNQSTAVLIFYWHMCP>
#	G	D	E	R	K	N	Q	S	T	A	V	L	I	F	Y	W	H	M	C	P
0	0.10097	0.01546	0.07395	0.16476	0.23478	0.05102	0.04412	0.04098	0.01458	0.07145	0.03105	0.01893	0.04111	0.02593	0.00759	0.00215	0.04276	0.00604	0.00384	0.00853
1	0.04068	0.05442	0.07675	0.04872	0.07431	0.03372	0.11790	0.04172	0.28105	0.08898	0.04254	0.03826	0.01625	0.00776	0.00653	0.00208	0.00691	0.00689	0.00514	0.00939
2	0.02414	0.03079	0.01831	0.01665	0.01998	0.74698	0.01248	0.02580	0.01831	0.01581	0.00999	0.01165	0.00832	0.00666	0.00583	0.00166	0.01165	0.00416	0.00333	0.00749
3	0.00828	0.00607	0.00747	0.00841	0.00919	0.00564	0.00580	0.00948	0.01258	0.01628	0.03922	0.44491	0.18227	0.14245	0.01221	0.00316	0.00424	0.07155	0.00565	0.00513
4	0.01891	0.03984	0.03701	0.10982	0.13555	0.12188	0.01373	0.19698	0.09402	0.06284	0.01590	0.05314	0.01285	0.00895	0.02705	0.00223	0.02913	0.00629	0.00473	0.00916
5	0.01502	0.08220	0.44728	0.01802	0.02561	0.07539	0.10858	0.06631	0.01559	0.02141	0.05497	0.01594	0.01178	0.00658	0.00627	0.00198	0.00915	0.00548	0.00336	0.00907
6	0.01041	0.00744	0.01041	0.01190	0.01339	0.00744	0.01041	0.01339	0.01487	0.01934	0.03421	0.07288	0.03719	0.01785	0.00892	0.00297	0.00595	0.68913	0.00595	0.00595
7	0.81856	0.01250	0.00950	0.00850	0.01250	0.01449	0.00700	0.01899	0.01100	0.02899	0.00900	0.01050	0.00700	0.00600	0.00400	0.00200	0.00500	0.00350	0.00400	0.00700
8	0.00787	0.00562	0.00750	0.00900	0.00937	0.00525	0.00600	0.00900	0.01237	0.01649	0.03561	0.76871	0.04274	0.02024	0.00825	0.00262	0.00375	0.01837	0.00600	0.00525
9	0.02389	0.01303	0.01554	0.01217	0.01664	0.01308	0.00995	0.29728	0.02300	0.33772	0.12005	0.02318	0.02034	0.00862	0.00658	0.00196	0.00571	0.00694	0.03419	0.01014
10	0.01239	0.00981	0.01153	0.01108	0.03073	0.04535	0.00806	0.11727	0.01440	0.01936	0.06505	0.02983	0.05396	0.18930	0.34543	0.00666	0.01131	0.00775	0.00435	0.00637
11	0.01869	0.62281	0.03065	0.01221	0.01728	0.17449	0.01135	0.02068	0.01420	0.01533	0.00919	0.01063	0.00830	0.00576	0.00449	0.00144	0.00789	0.00360	0.00288	0.00813
12	0.01462	0.01141	0.01334	0.01005	0.01503	0.00953	0.00801	0.06994	0.04892	0.06177	0.11119	0.01928	0.01751	0.00652	0.00547	0.00129	0.00478	0.00536	0.00483	0.56115
13	0.02334	0.02929	0.01908	0.01890	0.08964	0.67546	0.01320	0.02522	0.01796	0.01633	0.01020	0.01208	0.00851	0.00657	0.00588	0.00169	0.01126	0.00432	0.00332	0.00776
14	0.01507	0.08027	0.13636	0.10716	0.35319	0.01577	0.08754	0.04457	0.01506	0.02098	0.05295	0.01727	0.01247	0.00634	0.00637	0.00195	0.00804	0.00594	0.00341	0.00928
15	0.01812	0.01401	0.08461	0.01234	0.01666	0.01273	0.01067	0.06598	0.31323	0.20311	0.09891	0.02741	0.07487	0.00929	0.00669	0.00210	0.00540	0.00770	0.00656	0.00961
16	0.00837	0.00629	0.00751	0.00799	0.00918	0.00574	0.00569	0.00997	0.01392	0.01807	0.15965	0.27627	0.26821	0.11439	0.01115	0.00287	0.00395	0.05952	0.00591	0.00533
17	0.10056	0.01427	0.02272	0.02797	0.41061	0.01380	0.08595	0.02055	0.01459	0.09667	0.01322	0.01583	0.01036	0.00585	0.00606	0.00183	0.00709	0.00552	0.00388	0.12269
18	0.00790	0.00644	0.00698	0.00709	0.00895	0.00553	0.00522	0.00968	0.01498	0.01863	0.16299	0.14693	0.54348	0.01636	0.00771	0.00221	0.00330	0.01392	0.00617	0.00553
19	0.01351	0.01163	0.01372	0.04094	0.01662	0.00930	0.00824	0.01737	0.05601	0.02123	0.01238	0.01420	0.01014	0.00509	0.00496	0.00108	0.00496	0.00412	0.00395	0.73054
20	0.02219	0.02431	0.01871	0.01768	0.08687	0.43188	0.01262	0.16835	0.04587	0.02242	0.01209	0.01349	0.00959	0.00671	0.00595	0.00170	0.00946	0.00474	0.00414	0.08124
21	0.01390	0.01118	0.01317	0.01391	0.09939	0.06396	0.00920	0.04825	0.09212	0.06450	0.11168	0.04532	0.04078	0.15061	0.15974	0.00439	0.00830	0.00791	0.00486	0.03681
22	0.01577	0.06093	0.02615	0.09457	0.63517	0.01589	0.01915	0.01954	0.01448	0.02039	0.01191	0.01575	0.00999	0.00580	0.00627	0.00191	0.00770	0.00562	0.00315	0.00988
23	0.01589	0.08437	0.19294	0.08872	0.14626	0.03654	0.15433	0.03695	0.01462	0.06368	0.01245	0.01535	0.00953	0.00634	0.00723	0.00198	0.05570	0.00560	0.00342	0.04811
24	0.01564	0.08092	0.22233	0.01485	0.03730	0.01392	0.04823	0.07637	0.09229	0.09574	0.06936	0.10153	0.01833	0.00877	0.00681	0.00201	0.02616	0.00733	0.00477	0.05735

[dist]
# distance from previous block
# <min> <max>
5	35

[block]
# block no. 2 follows, 34 sequences, length 16
# corresponding to MSA columns:
# 196-211
name=unknown_C
#
# <colnr> <probs for GDERKNQSTAVLIFYWHMCP>
#	G	D	E	R	K	N	Q	S	T	A	V	L	I	F	Y	W	H	M	C	P
0	0.01466	0.01256	0.04033	0.05057	0.06584	0.01045	0.07437	0.01862	0.04980	0.08083	0.03175	0.03908	0.01344	0.04351	0.00705	0.00171	0.00596	0.00570	0.00428	0.42949
1	0.01562	0.04309	0.04125	0.08329	0.16120	0.04999	0.01233	0.06655	0.09009	0.05220	0.04087	0.03332	0.05235	0.00724	0.00601	0.00172	0.00635	0.00609	0.00443	0.22602
2	0.01502	0.01426	0.02370	0.22318	0.50799	0.01514	0.01871	0.01993	0.06063	0.02031	0.01291	0.01684	0.01044	0.00614	0.00642	0.00200	0.00775	0.00585	0.00334	0.00945
3	0.18367	0.01216	0.01520	0.01528	0.11469	0.02563	0.05569	0.06707	0.07868	0.07727	0.05482	0.09859	0.06227	0.00970	0.00717	0.04304	0.00576	0.00754	0.00495	0.06080
4	0.01371	0.01454	0.09932	0.09126	0.10195	0.01503	0.03746	0.01675	0.01186	0.05197	0.01246	0.01756	0.01075	0.01742	0.17456	0.00417	0.29233	0.00596	0.00327	0.00768
5	0.00908	0.00660	0.00854	0.00806	0.00961	0.00607	0.00604	0.01206	0.01813	0.02553	0.69952	0.04889	0.09089	0.01335	0.00762	0.00204	0.00306	0.01177	0.00706	0.00607
6	0.02048	0.00913	0.01219	0.00999	0.01354	0.00802	0.00799	0.02314	0.01823	0.43433	0.29190	0.03385	0.06813	0.01037	0.00698	0.00202	0.00447	0.00880	0.00757	0.00888
7	0.03763	0.07332	0.31124	0.04363	0.10545	0.06644	0.17096	0.02032	0.01438	0.03902	0.01316	0.05136	0.01066	0.00668	0.00640	0.00202	0.00906	0.00608	0.00328	0.00890
8	0.03181	0.08637	0.13376	0.11210	0.17282	0.05651	0.13279	0.04015	0.03199	0.07007	0.03811	0.01821	0.03322	0.00673	0.00638	0.00197	0.00821	0.00610	0.00380	0.00890
9	0.00810	0.00584	0.00764	0.00900	0.00955	0.00546	0.00619	0.00935	0.01260	0.01663	0.03685	0.64975	0.08401	0.04451	0.00907	0.00274	0.00397	0.06754	0.00593	0.00527
10	0.01305	0.05620	0.64109	0.01828	0.02721	0.01507	0.06771	0.02000	0.01377	0.02018	0.01371	0.01568	0.03654	0.00647	0.00623	0.00204	0.00930	0.00526	0.00289	0.00929
11	0.01966	0.01877	0.17872	0.02083	0.16875	0.06926	0.09337	0.02376	0.01603	0.25387	0.03209	0.04645	0.01375	0.00731	0.00656	0.00201	0.00780	0.00647	0.00486	0.00968
12	0.01391	0.27708	0.36934	0.01498	0.02176	0.01724	0.03432	0.01872	0.01357	0.01838	0.01446	0.05992	0.01321	0.00792	0.00592	0.00196	0.00801	0.07755	0.00327	0.00849
13	0.02766	0.01129	0.01499	0.01157	0.01641	0.01009	0.00953	0.08005	0.01935	0.65031	0.06040	0.02285	0.01791	0.00824	0.00655	0.00200	0.00549	0.00671	0.00784	0.01075
14	0.01717	0.01586	0.02355	0.07433	0.53758	0.06851	0.01766	0.05937	0.01595	0.05677	0.01489	0.01782	0.03851	0.00650	0.00642	0.00193	0.00771	0.00599	0.00372	0.00975
15	0.02085	0.04883	0.26973	0.01434	0.02065	0.01228	0.03982	0.02498	0.01585	0.37045	0.02004	0.01953	0.03592	0.00794	0.00725	0.02634	0.02397	0.00601	0.00544	0.00979

[dist]
# distance from previous block
# <min> <max>
0	1

[block]
# block no. 3 follows, 34 sequences, length 7
# corresponding to MSA columns:
# 213-219
name=unknown_D
#
# <colnr> <probs for GDERKNQSTAVLIFYWHMCP>
#	G	D	E	R	K	N	Q	S	T	A	V	L	I	F	Y	W	H	M	C	P
0	0.01234	0.01066	0.01470	0.19159	0.07256	0.01006	0.01067	0.01526	0.01278	0.01857	0.01408	0.06206	0.01290	0.06643	0.06799	0.00257	0.00698	0.00595	0.00366	0.38818
1	0.06501	0.01123	0.01723	0.41038	0.09117	0.01251	0.01434	0.01960	0.01472	0.16983	0.09467	0.02118	0.01606	0.00745	0.00644	0.00208	0.00704	0.00643	0.00452	0.00811
2	0.04951	0.14705	0.27707	0.07974	0.06536	0.01539	0.07979	0.01960	0.01424	0.06293	0.06983	0.01702	0.01326	0.00657	0.00595	0.00188	0.00779	0.00550	0.00361	0.05789
3	0.01585	0.01380	0.02013	0.23665	0.26121	0.01469	0.01543	0.16429	0.01739	0.02366	0.01654	0.01941	0.06300	0.00708	0.00637	0.00192	0.00723	0.00616	0.00406	0.08512
4	0.01405	0.01572	0.08709	0.19805	0.20132	0.08553	0.03850	0.01894	0.07412	0.01910	0.01764	0.14041	0.01659	0.00912	0.00679	0.00215	0.00766	0.03513	0.00394	0.00814
5	0.00906	0.00612	0.00715	0.00748	0.00756	0.00604	0.00437	0.00931	0.01005	0.01340	0.02371	0.20193	0.02772	0.60750	0.02747	0.00546	0.00571	0.01137	0.00437	0.00421
6	0.01311	0.01346	0.04380	0.52261	0.10541	0.05583	0.03859	0.01719	0.01369	0.01740	0.01476	0.02196	0.03282	0.00746	0.00665	0.00216	0.00845	0.05392	0.00325	0.00748

[dist]
# distance from previous block
# <min> <max>
0	2

[block]
# block no. 4 follows, 34 sequences, length 28
# corresponding to MSA columns:
# 222-242,278-284
name=unknown_E
#
# <colnr> <probs for GDERKNQSTAVLIFYWHMCP>
#	G	D	E	R	K	N	Q	S	T	A	V	L	I	F	Y	W	H	M	C	P
0	0.00809	0.00578	0.00775	0.00925	0.00972	0.00544	0.00638	0.00938	0.01259	0.01674	0.03549	0.70821	0.04225	0.02003	0.00831	0.00265	0.00394	0.07669	0.00599	0.00531
1	0.01655	0.01250	0.01450	0.01059	0.01617	0.01052	0.00856	0.12909	0.01657	0.08647	0.01335	0.01448	0.01036	0.00554	0.00520	0.00121	0.00522	0.00438	0.00461	0.61413
2	0.01763	0.01896	0.02440	0.09561	0.45354	0.19635	0.06019	0.02107	0.01548	0.01937	0.01162	0.01511	0.00959	0.00602	0.00634	0.00189	0.00894	0.00548	0.00321	0.00920
3	0.38115	0.01765	0.01399	0.01212	0.01610	0.18614	0.00974	0.17389	0.01749	0.05168	0.01277	0.01609	0.01035	0.00734	0.00536	0.00197	0.00709	0.04638	0.00464	0.00807
4	0.01370	0.01552	0.08160	0.05704	0.02742	0.01364	0.41293	0.03722	0.01576	0.02148	0.10610	0.02919	0.02015	0.00843	0.00762	0.00226	0.00886	0.10889	0.00418	0.00803
5	0.01025	0.00704	0.00900	0.00840	0.01017	0.00654	0.00633	0.01364	0.04149	0.06082	0.61051	0.06907	0.09560	0.01320	0.00755	0.00206	0.00327	0.01160	0.00704	0.00642
6	0.01456	0.06583	0.18823	0.10265	0.16385	0.03605	0.15069	0.03421	0.03592	0.01978	0.01361	0.03254	0.01141	0.02349	0.02212	0.00233	0.04346	0.02721	0.00336	0.00868
7	0.01046	0.00926	0.06071	0.07826	0.01361	0.00863	0.00823	0.01149	0.01114	0.01515	0.08148	0.03283	0.07888	0.28436	0.05593	0.15287	0.06962	0.00816	0.00387	0.00507
8	0.00998	0.00651	0.00809	0.00845	0.00991	0.00582	0.00604	0.01161	0.01434	0.08655	0.12869	0.41210	0.23353	0.01713	0.00783	0.00237	0.00370	0.01510	0.00633	0.00596
9	0.06734	0.01451	0.01471	0.01258	0.01643	0.03631	0.00998	0.22276	0.37334	0.03013	0.02260	0.02180	0.04048	0.00840	0.00622	0.00203	0.00560	0.00666	0.07848	0.00962
10	0.04270	0.07506	0.01425	0.04405	0.08098	0.01079	0.00980	0.01350	0.01116	0.01621	0.01553	0.02227	0.01424	0.03730	0.55316	0.00814	0.01465	0.00633	0.00337	0.00651
11	0.00891	0.00623	0.00800	0.00903	0.00953	0.00605	0.00632	0.01010	0.01199	0.01588	0.03051	0.38642	0.03546	0.25596	0.01613	0.00384	0.00503	0.16428	0.00533	0.00499
12	0.00876	0.00666	0.00826	0.00920	0.01067	0.00617	0.00729	0.01078	0.01421	0.01794	0.04620	0.23819	0.29690	0.01788	0.00828	0.00259	0.00442	0.27403	0.00598	0.00559
13	0.01708	0.61302	0.05201	0.01440	0.07806	0.05843	0.03341	0.01952	0.01357	0.01608	0.01015	0.02989	0.00935	0.00598	0.00468	0.00151	0.00732	0.00422	0.00292	0.00839
14	0.01660	0.01464	0.02436	0.09898	0.59283	0.01487	0.01854	0.02096	0.04276	0.07258	0.01362	0.01685	0.01088	0.00610	0.00642	0.00196	0.00750	0.00587	0.00365	0.01002
15	0.01034	0.00856	0.01251	0.01187	0.01277	0.01073	0.00945	0.01245	0.01027	0.01512	0.01531	0.02284	0.01442	0.04005	0.58290	0.00867	0.18573	0.00664	0.00332	0.00606
16	0.54109	0.03735	0.03780	0.01731	0.19370	0.01513	0.03519	0.01932	0.01222	0.02605	0.01001	0.01220	0.00798	0.00591	0.00479	0.00197	0.00607	0.00424	0.00370	0.00798
17	0.01308	0.21847	0.12203	0.01212	0.04152	0.04858	0.01041	0.01511	0.01190	0.01535	0.01591	0.08581	0.01683	0.29080	0.01641	0.00349	0.04480	0.00731	0.00350	0.00658
18	0.01973	0.45594	0.02766	0.01482	0.06044	0.29144	0.01211	0.02176	0.01514	0.01578	0.00954	0.01118	0.00842	0.00596	0.00490	0.00152	0.00871	0.00385	0.00300	0.00811
19	0.00924	0.00688	0.01019	0.01019	0.01127	0.00797	0.00783	0.01141	0.01033	0.01485	0.01749	0.02639	0.01659	0.09145	0.70492	0.01014	0.01665	0.00707	0.00349	0.00566
20	0.06351	0.01660	0.08130	0.03614	0.63437	0.01527	0.01938	0.01983	0.01441	0.02153	0.01192	0.01548	0.00988	0.00580	0.00623	0.00193	0.00766	0.00555	0.00321	0.00999
21	0.02754	0.01159	0.01692	0.01380	0.05233	0.01019	0.05163	0.03028	0.01812	0.65967	0.02410	0.02143	0.01535	0.00774	0.00656	0.00201	0.00592	0.00653	0.00748	0.01082
22	0.01041	0.00744	0.01041	0.01190	0.01339	0.00744	0.01041	0.01339	0.01487	0.01934	0.03421	0.07288	0.03719	0.01785	0.00892	0.00297	0.00595	0.68913	0.00595	0.00595
23	0.01921	0.01416	0.09176	0.01223	0.01661	0.01232	0.01080	0.20939	0.06429	0.21002	0.23644	0.02750	0.02777	0.00937	0.00680	0.00201	0.00560	0.00776	0.00666	0.00929
24	0.01393	0.01180	0.01850	0.36477	0.11895	0.01327	0.04837	0.01987	0.12210	0.06563	0.04227	0.09941	0.01649	0.00847	0.00676	0.00217	0.00716	0.00767	0.00431	0.00810
25	0.01727	0.77681	0.03386	0.01106	0.01658	0.02557	0.01106	0.01935	0.01313	0.01520	0.00898	0.01036	0.00829	0.00553	0.00415	0.00138	0.00691	0.00345	0.00276	0.00829
26	0.01350	0.01252	0.03443	0.28015	0.22729	0.01362	0.01547	0.03795	0.02839	0.01844	0.01425	0.05435	0.02618	0.00994	0.02657	0.07273	0.07190	0.00649	0.00340	0.03242
27	0.01443	0.01361	0.02267	0.23801	0.46553	0.01448	0.01805	0.01883	0.04331	0.01978	0.01399	0.06291	0.01217	0.00697	0.00654	0.00204	0.00759	0.00659	0.00342	0.00907

[dist]
# distance from previous block
# <min> <max>
0	1

[block]
# block no. 5 follows, 34 sequences, length 35
# corresponding to MSA columns:
# 286-320
name=unknown_F
#
# <colnr> <probs for GDERKNQSTAVLIFYWHMCP>
#	G	D	E	R	K	N	Q	S	T	A	V	L	I	F	Y	W	H	M	C	P
0	0.02414	0.03079	0.01831	0.01665	0.01998	0.74698	0.01248	0.02580	0.01831	0.01581	0.00999	0.01165	0.00832	0.00666	0.00583	0.00166	0.01165	0.00416	0.00333	0.00749
1	0.01046	0.00844	0.01168	0.01096	0.01215	0.01003	0.00866	0.01255	0.01097	0.01615	0.01957	0.02596	0.07270	0.05125	0.44101	0.00708	0.16293	0.00708	0.06102	0.03935
2	0.04778	0.14472	0.08352	0.01121	0.01404	0.07148	0.00980	0.01482	0.01171	0.01587	0.01497	0.03950	0.01432	0.11195	0.33540	0.03099	0.01184	0.00626	0.00338	0.00644
3	0.01525	0.01743	0.03813	0.02723	0.03377	0.01634	0.70915	0.02070	0.01525	0.02070	0.01307	0.01743	0.00980	0.00545	0.00763	0.00218	0.01089	0.00763	0.00327	0.00871
4	0.01181	0.07009	0.32020	0.01370	0.01831	0.01197	0.01463	0.01522	0.01242	0.01756	0.03787	0.16872	0.01847	0.01269	0.01080	0.13458	0.06100	0.03923	0.00368	0.00706
5	0.01607	0.01388	0.01461	0.01315	0.01680	0.01607	0.01023	0.03433	0.72094	0.02703	0.02630	0.02411	0.01972	0.00877	0.00657	0.00219	0.00511	0.00731	0.00657	0.01023
6	0.01221	0.00654	0.00923	0.00890	0.00928	0.00668	0.00611	0.06044	0.01004	0.01341	0.01154	0.01934	0.01121	0.02136	0.02386	0.75203	0.00572	0.00563	0.00308	0.00341
7	0.01432	0.01333	0.02244	0.30996	0.42880	0.01442	0.01821	0.01829	0.01396	0.01954	0.01243	0.01694	0.00999	0.00613	0.00631	0.00198	0.00776	0.00577	0.05059	0.00883
8	0.01525	0.01743	0.03813	0.02723	0.03377	0.01634	0.70915	0.02070	0.01525	0.02070	0.01307	0.01743	0.00980	0.00545	0.00763	0.00218	0.01089	0.00763	0.00327	0.00871
9	0.00826	0.00626	0.00708	0.00755	0.00866	0.00568	0.00517	0.00940	0.01275	0.01602	0.04474	0.24794	0.33808	0.20896	0.01424	0.00337	0.00427	0.04106	0.00547	0.00503
10	0.01233	0.01161	0.01961	0.73363	0.06728	0.01439	0.01801	0.01662	0.01298	0.01666	0.01151	0.01719	0.00867	0.00644	0.00646	0.00215	0.00858	0.00574	0.00288	0.00728
11	0.02090	0.01395	0.02029	0.04071	0.02119	0.06060	0.16965	0.08608	0.03812	0.29377	0.02113	0.07863	0.01671	0.00897	0.00746	0.00216	0.03048	0.05417	0.00581	0.00920
12	0.01596	0.01545	0.02680	0.03907	0.69918	0.01540	0.05281	0.01987	0.01474	0.02109	0.01220	0.01606	0.01021	0.00574	0.00646	0.00193	0.00783	0.00585	0.00320	0.01016
13	0.00796	0.00653	0.00671	0.00666	0.00876	0.00554	0.00500	0.00978	0.01499	0.01848	0.12197	0.05932	0.64040	0.01571	0.00750	0.00214	0.00324	0.01314	0.04065	0.00554
14	0.01549	0.01709	0.07046	0.27503	0.37179	0.10156	0.01860	0.01947	0.01447	0.01890	0.01164	0.01573	0.00933	0.00612	0.00633	0.00198	0.00858	0.00550	0.00307	0.00884
15	0.01400	0.01316	0.02152	0.29320	0.21996	0.01445	0.08965	0.02053	0.13331	0.02038	0.03291	0.02265	0.01426	0.00750	0.00678	0.00215	0.00770	0.05340	0.00394	0.00856
16	0.00933	0.00624	0.00707	0.00713	0.00715	0.00622	0.00400	0.00938	0.00952	0.01270	0.02102	0.07355	0.02432	0.74053	0.03183	0.00611	0.00616	0.00978	0.00400	0.00397
17	0.01243	0.01182	0.04723	0.02244	0.26667	0.01088	0.06918	0.01583	0.01463	0.01988	0.04078	0.11082	0.06551	0.01219	0.00766	0.00240	0.00667	0.25060	0.00467	0.00772
18	0.17062	0.01773	0.01777	0.08238	0.07910	0.11323	0.01236	0.34588	0.05016	0.03094	0.01337	0.01461	0.00997	0.00704	0.00592	0.00194	0.00741	0.00522	0.00501	0.00935
19	0.00770	0.00655	0.00664	0.00662	0.00877	0.00548	0.00496	0.00940	0.01489	0.01783	0.09499	0.06156	0.70023	0.01622	0.00764	0.00218	0.00326	0.01355	0.00605	0.00548
20	0.01442	0.01163	0.01406	0.01102	0.04729	0.00896	0.00830	0.01731	0.01375	0.06248	0.01232	0.01401	0.00997	0.00501	0.00496	0.00106	0.00496	0.00407	0.00404	0.73037
21	0.01472	0.02899	0.55512	0.02039	0.08991	0.01538	0.06562	0.07581	0.01530	0.04111	0.01242	0.01446	0.00890	0.00624	0.00629	0.00203	0.00917	0.00517	0.00324	0.00971
22	0.01529	0.01731	0.03744	0.02795	0.07420	0.01628	0.66927	0.02065	0.01522	0.02072	0.01302	0.01735	0.00983	0.00546	0.00755	0.00216	0.01071	0.00752	0.00326	0.00880
23	0.01065	0.00790	0.00943	0.00934	0.01024	0.04991	0.00675	0.01182	0.01067	0.01487	0.01715	0.02752	0.01675	0.20111	0.38196	0.11043	0.01166	0.00706	0.07967	0.00510
24	0.10877	0.10033	0.10556	0.01442	0.01933	0.24015	0.02811	0.10297	0.08422	0.11549	0.01422	0.01472	0.01057	0.00688	0.00576	0.00185	0.00823	0.00496	0.00454	0.00891
25	0.01499	0.02008	0.29081	0.02056	0.19910	0.01252	0.01694	0.01983	0.01490	0.09607	0.08835	0.02028	0.01597	0.00711	0.00629	0.00189	0.00724	0.02440	0.00409	0.11859
26	0.00918	0.00685	0.01017	0.01023	0.01132	0.00792	0.00787	0.01138	0.01043	0.01498	0.01809	0.05368	0.01737	0.06971	0.69770	0.00997	0.01646	0.00743	0.00357	0.00569
27	0.00904	0.00598	0.00806	0.00922	0.00987	0.00560	0.00640	0.01023	0.01282	0.04375	0.06267	0.62950	0.04062	0.01944	0.00901	0.04133	0.00402	0.06104	0.00596	0.00543
28	0.01488	0.06326	0.24368	0.05199	0.19420	0.01392	0.09554	0.01958	0.01476	0.08221	0.07732	0.06827	0.01646	0.00766	0.00657	0.00203	0.00776	0.00695	0.00396	0.00899
29	0.09481	0.04408	0.13893	0.05281	0.19491	0.09583	0.13495	0.10974	0.01665	0.03941	0.01229	0.01481	0.00941	0.00622	0.00622	0.00196	0.00859	0.00548	0.00373	0.00918
30	0.01493	0.01415	0.02077	0.24826	0.33583	0.05420	0.01646	0.05902	0.04761	0.02042	0.01689	0.05516	0.05332	0.00758	0.00656	0.00204	0.00758	0.00680	0.00375	0.00869
31	0.28543	0.14012	0.04122	0.01544	0.08996	0.16359	0.03968	0.06864	0.01504	0.02295	0.01178	0.01587	0.01010	0.00687	0.00532	0.00189	0.00750	0.04678	0.00381	0.00800
32	0.01172	0.05966	0.19671	0.01524	0.10236	0.01037	0.01265	0.01458	0.01298	0.03972	0.02341	0.30733	0.04571	0.01370	0.00880	0.07888	0.00615	0.02855	0.00440	0.00709
33	0.01373	0.01346	0.11069	0.01311	0.03388	0.01037	0.06976	0.08768	0.03182	0.07834	0.05668	0.19097	0.12851	0.01121	0.00691	0.00204	0.00578	0.00984	0.00523	0.11998
34	0.01355	0.14570	0.09456	0.01255	0.03749	0.04973	0.03707	0.01779	0.07479	0.04911	0.13332	0.16841	0.05574	0.01058	0.00648	0.00197	0.00580	0.00903	0.03023	0.04609

[dist]
# distance from previous block
# <min> <max>
0	197

# created by:
# /home/cegg/simao/soft/augustus-3.2.1/scripts/msa2prfl.pl ./align_prep/EOG090W0IGS.fa
