[name]
unknown

[dist]
# distance from previous block
# <min> <max>
0	500

[block]
# block no. 0 follows, 36 sequences, length 44
# corresponding to MSA columns:
# 606-649
name=unknown_A
#
# <colnr> <probs for GDERKNQSTAVLIFYWHMCP>
#	G	D	E	R	K	N	Q	S	T	A	V	L	I	F	Y	W	H	M	C	P
0	0.07115	0.17427	0.20636	0.01577	0.09494	0.06017	0.01406	0.10599	0.03597	0.04307	0.04482	0.04114	0.03491	0.00739	0.00569	0.00184	0.00709	0.02291	0.00395	0.00850
1	0.03507	0.07508	0.11284	0.01747	0.13001	0.03503	0.06122	0.18838	0.05305	0.02458	0.06663	0.02192	0.05868	0.00890	0.02771	0.00212	0.00712	0.03249	0.00449	0.03720
2	0.07753	0.10028	0.22341	0.01981	0.19240	0.10128	0.01567	0.08336	0.01505	0.02097	0.03146	0.02910	0.01083	0.00770	0.02221	0.02386	0.00798	0.00513	0.00343	0.00853
3	0.07395	0.20507	0.01789	0.01297	0.07334	0.05723	0.03612	0.03667	0.03565	0.01843	0.04428	0.16538	0.05348	0.04693	0.02369	0.00230	0.00616	0.05981	0.00425	0.02641
4	0.01573	0.23413	0.18885	0.01453	0.04046	0.10155	0.06689	0.03940	0.01458	0.05895	0.06419	0.04468	0.02863	0.02902	0.00639	0.00186	0.00750	0.00575	0.00369	0.03323
5	0.01466	0.06810	0.18350	0.01419	0.07577	0.01146	0.03302	0.03679	0.01403	0.11183	0.03720	0.07202	0.03245	0.05470	0.00737	0.00194	0.00628	0.00628	0.00419	0.21422
6	0.06201	0.03177	0.17689	0.04919	0.25843	0.04831	0.03321	0.02032	0.11301	0.02126	0.08848	0.01895	0.01555	0.00797	0.02659	0.00215	0.00737	0.00598	0.00387	0.00871
7	0.01674	0.02014	0.26054	0.01858	0.11658	0.01457	0.07015	0.18713	0.05437	0.08502	0.03748	0.04125	0.03418	0.00738	0.00633	0.00197	0.00744	0.00629	0.00451	0.00937
8	0.01305	0.03533	0.01811	0.01576	0.03768	0.01731	0.01260	0.01446	0.00990	0.01504	0.01057	0.05601	0.01095	0.04828	0.04853	0.00309	0.61741	0.00626	0.00297	0.00666
9	0.01515	0.01543	0.05408	0.06265	0.66658	0.01479	0.04159	0.01906	0.01410	0.02016	0.01170	0.01542	0.00972	0.00558	0.00620	0.00187	0.00760	0.00557	0.00306	0.00969
10	0.01502	0.04087	0.14439	0.14403	0.43538	0.01465	0.04033	0.01930	0.01390	0.05566	0.01211	0.01539	0.00951	0.00581	0.00611	0.00190	0.00781	0.00541	0.00318	0.00924
11	0.02271	0.09411	0.07783	0.01349	0.01870	0.03930	0.01194	0.38930	0.05117	0.19444	0.01646	0.01595	0.01147	0.00720	0.00598	0.00184	0.00673	0.00546	0.00583	0.01009
12	0.00759	0.00542	0.00723	0.00868	0.00904	0.00506	0.00578	0.00868	0.01193	0.01591	0.03434	0.77697	0.04121	0.01952	0.00795	0.00253	0.00361	0.01771	0.00578	0.00506
13	0.01584	0.07010	0.22811	0.01627	0.08657	0.01308	0.04198	0.07110	0.03764	0.13827	0.02030	0.04297	0.04930	0.00894	0.00679	0.00209	0.02240	0.11501	0.00460	0.00863
14	0.08237	0.01797	0.02099	0.12331	0.38701	0.20318	0.01586	0.04190	0.01503	0.01968	0.01096	0.01407	0.00897	0.00594	0.00585	0.00182	0.00827	0.00498	0.00324	0.00859
15	0.00759	0.00542	0.00723	0.00868	0.00904	0.00506	0.00578	0.00868	0.01193	0.01591	0.03434	0.77697	0.04121	0.01952	0.00795	0.00253	0.00361	0.01771	0.00578	0.00506
16	0.01508	0.03791	0.08103	0.07385	0.45903	0.03434	0.16893	0.01930	0.01417	0.01969	0.01169	0.01536	0.00945	0.00557	0.00633	0.00191	0.00833	0.00577	0.00304	0.00922
17	0.01552	0.28750	0.15813	0.02115	0.24060	0.06143	0.03682	0.01970	0.04094	0.01832	0.03738	0.01434	0.01086	0.00595	0.00542	0.00170	0.00754	0.00483	0.00313	0.00875
18	0.01404	0.01173	0.01234	0.01100	0.01424	0.01288	0.00858	0.10603	0.43337	0.02505	0.05491	0.03296	0.21565	0.01046	0.00664	0.00208	0.00461	0.00866	0.00619	0.00858
19	0.01666	0.78478	0.03265	0.01066	0.01599	0.02465	0.01066	0.01866	0.01266	0.01466	0.00866	0.00999	0.00800	0.00533	0.00400	0.00133	0.00666	0.00333	0.00267	0.00800
20	0.01362	0.01105	0.01299	0.00931	0.01482	0.00835	0.00747	0.01637	0.01315	0.05408	0.01170	0.01331	0.00952	0.00476	0.00469	0.00097	0.00465	0.00381	0.00388	0.78151
21	0.01406	0.18246	0.55771	0.01611	0.02427	0.01683	0.01982	0.06486	0.01410	0.01998	0.01092	0.01264	0.00809	0.00590	0.00555	0.00184	0.00854	0.00441	0.00287	0.00905
22	0.00895	0.00593	0.00682	0.00705	0.00717	0.00587	0.00412	0.00925	0.00971	0.01321	0.02201	0.15735	0.02530	0.62335	0.02664	0.00527	0.00551	0.01029	0.04212	0.00408
23	0.00893	0.00657	0.00949	0.00949	0.01043	0.00751	0.00714	0.01079	0.00986	0.01408	0.01716	0.02711	0.01672	0.16543	0.63920	0.00937	0.01497	0.00706	0.00341	0.00527
24	0.01902	0.12742	0.07322	0.02264	0.25334	0.16927	0.06905	0.06240	0.01599	0.11096	0.01269	0.01444	0.00980	0.00609	0.00584	0.00177	0.00816	0.00509	0.00379	0.00903
25	0.00902	0.00620	0.00762	0.00762	0.00790	0.00649	0.00480	0.00959	0.00930	0.01269	0.01888	0.03662	0.02085	0.59377	0.21651	0.00705	0.00876	0.00845	0.00366	0.00423
26	0.00759	0.00542	0.00723	0.00868	0.00904	0.00506	0.00578	0.00868	0.01193	0.01591	0.03434	0.77697	0.04121	0.01952	0.00795	0.00253	0.00361	0.01771	0.00578	0.00506
27	0.01432	0.02026	0.24610	0.05292	0.40202	0.01481	0.12049	0.01933	0.01389	0.01997	0.01166	0.01497	0.00916	0.00564	0.00626	0.00193	0.00842	0.00552	0.00295	0.00937
28	0.01424	0.04449	0.43050	0.02332	0.19926	0.03615	0.10004	0.04330	0.01424	0.02031	0.01149	0.01404	0.00864	0.00581	0.00610	0.00193	0.00883	0.00513	0.00294	0.00924
29	0.02303	0.02857	0.01759	0.01586	0.01916	0.69664	0.01196	0.05778	0.04216	0.01674	0.01041	0.01181	0.00852	0.00654	0.00567	0.00163	0.01082	0.00419	0.00346	0.00747
30	0.01666	0.78478	0.03265	0.01066	0.01599	0.02465	0.01066	0.01866	0.01266	0.01466	0.00866	0.00999	0.00800	0.00533	0.00400	0.00133	0.00666	0.00333	0.00267	0.00800
31	0.01520	0.01794	0.17128	0.10018	0.48161	0.01460	0.01915	0.04293	0.01445	0.04599	0.01211	0.01526	0.00954	0.00583	0.00613	0.00190	0.00776	0.00538	0.00323	0.00951
32	0.01682	0.05552	0.08348	0.04643	0.44293	0.17550	0.05168	0.02036	0.01477	0.01881	0.01111	0.01417	0.00917	0.00576	0.00599	0.00180	0.00852	0.00513	0.00305	0.00902
33	0.00759	0.00542	0.00723	0.00868	0.00904	0.00506	0.00578	0.00868	0.01193	0.01591	0.03434	0.77697	0.04121	0.01952	0.00795	0.00253	0.00361	0.01771	0.00578	0.00506
34	0.00759	0.00542	0.00723	0.00868	0.00904	0.00506	0.00578	0.00868	0.01193	0.01591	0.03434	0.77697	0.04121	0.01952	0.00795	0.00253	0.00361	0.01771	0.00578	0.00506
35	0.01708	0.22631	0.12894	0.06918	0.07895	0.18399	0.11746	0.05283	0.01494	0.01797	0.01049	0.01292	0.00849	0.00599	0.00602	0.00175	0.03067	0.00474	0.00306	0.00821
36	0.00968	0.00655	0.00737	0.00724	0.00749	0.00662	0.00425	0.04241	0.01014	0.01353	0.02010	0.07381	0.02295	0.70938	0.02941	0.00568	0.00597	0.00930	0.00398	0.00415
37	0.16663	0.12809	0.07910	0.01465	0.04251	0.32965	0.03075	0.04331	0.05353	0.04215	0.01106	0.01237	0.00877	0.00623	0.00524	0.00172	0.00847	0.00427	0.00360	0.00787
38	0.04251	0.03312	0.03189	0.01142	0.03626	0.03051	0.03523	0.03658	0.03721	0.10980	0.16011	0.19534	0.05954	0.04839	0.00823	0.00237	0.00510	0.10390	0.00564	0.00686
39	0.01855	0.15701	0.03990	0.01258	0.01673	0.01670	0.01087	0.37884	0.02140	0.04554	0.01807	0.08873	0.01645	0.03335	0.00706	0.00209	0.00640	0.09564	0.00532	0.00875
40	0.04899	0.53563	0.04497	0.01182	0.01698	0.06964	0.01113	0.15997	0.01625	0.02025	0.01005	0.01115	0.00847	0.00586	0.00459	0.00150	0.00698	0.00386	0.00346	0.00845
41	0.11348	0.26550	0.16164	0.01283	0.01836	0.01839	0.02658	0.19628	0.03746	0.02455	0.05990	0.01481	0.01221	0.00662	0.00527	0.00174	0.00676	0.00487	0.00409	0.00866
42	0.07435	0.28041	0.32756	0.01376	0.02042	0.01792	0.01546	0.09545	0.01485	0.04245	0.03655	0.01348	0.01015	0.00617	0.00522	0.00174	0.00744	0.00448	0.00342	0.00870
43	0.04112	0.36288	0.16353	0.01314	0.01895	0.08274	0.02987	0.09982	0.01537	0.06108	0.01107	0.01223	0.00876	0.00589	0.00500	0.00159	0.00741	0.00418	0.00350	0.05187

[dist]
# distance from previous block
# <min> <max>
1	56

[block]
# block no. 1 follows, 36 sequences, length 8
# corresponding to MSA columns:
# 706-713
name=unknown_B
#
# <colnr> <probs for GDERKNQSTAVLIFYWHMCP>
#	G	D	E	R	K	N	Q	S	T	A	V	L	I	F	Y	W	H	M	C	P
0	0.06506	0.23594	0.26753	0.01501	0.05624	0.06364	0.01496	0.10821	0.01534	0.04677	0.01235	0.05009	0.01021	0.00669	0.00540	0.00178	0.00756	0.00502	0.00356	0.00865
1	0.01507	0.13416	0.25370	0.01429	0.04458	0.07997	0.01404	0.10783	0.03639	0.03723	0.12934	0.05295	0.03838	0.00811	0.00603	0.00186	0.00704	0.00648	0.00426	0.00829
2	0.11124	0.27283	0.28242	0.04317	0.04373	0.01816	0.01518	0.07466	0.04919	0.02076	0.01106	0.01260	0.00863	0.00596	0.00511	0.00176	0.00737	0.00431	0.00327	0.00859
3	0.01808	0.01555	0.06891	0.02231	0.27444	0.01484	0.03344	0.23719	0.06239	0.08856	0.01826	0.05308	0.04910	0.00768	0.00636	0.00194	0.00672	0.00664	0.00488	0.00962
4	0.01052	0.10580	0.01290	0.06277	0.04451	0.00962	0.00791	0.01353	0.03972	0.01999	0.30343	0.08953	0.10051	0.04856	0.05655	0.00261	0.00520	0.00935	0.02763	0.02934
5	0.01378	0.11076	0.02016	0.01514	0.01581	0.01911	0.01274	0.01515	0.00991	0.01480	0.00884	0.01459	0.00891	0.05047	0.01896	0.00272	0.63322	0.00537	0.00277	0.00681
6	0.01278	0.01383	0.09079	0.04555	0.29971	0.01214	0.04719	0.01836	0.11373	0.02073	0.09811	0.02808	0.15509	0.00869	0.00657	0.00198	0.00615	0.00779	0.00439	0.00835
7	0.01337	0.01091	0.01268	0.00978	0.01436	0.00914	0.00767	0.10373	0.01482	0.02195	0.01555	0.14390	0.01487	0.00753	0.00539	0.00132	0.00473	0.00633	0.00437	0.57760

[dist]
# distance from previous block
# <min> <max>
0	2

[block]
# block no. 2 follows, 36 sequences, length 18
# corresponding to MSA columns:
# 716-733
name=unknown_C
#
# <colnr> <probs for GDERKNQSTAVLIFYWHMCP>
#	G	D	E	R	K	N	Q	S	T	A	V	L	I	F	Y	W	H	M	C	P
0	0.17258	0.23695	0.14190	0.03925	0.03490	0.01729	0.07627	0.09187	0.01483	0.10287	0.01200	0.01325	0.00902	0.00603	0.00519	0.00178	0.00701	0.00459	0.00387	0.00855
1	0.01664	0.13290	0.13149	0.04149	0.16718	0.09314	0.05898	0.07968	0.04211	0.05493	0.04079	0.01547	0.01154	0.00623	0.00575	0.00172	0.00752	0.00518	0.00377	0.08348
2	0.00758	0.00548	0.00716	0.00851	0.00899	0.00507	0.00571	0.00869	0.01209	0.01597	0.03637	0.72645	0.09041	0.01926	0.00791	0.00250	0.00358	0.01739	0.00578	0.00507
3	0.01403	0.07038	0.49919	0.01880	0.08631	0.01517	0.05289	0.02085	0.06392	0.05176	0.01262	0.01442	0.00927	0.00628	0.00651	0.00197	0.03826	0.00502	0.00318	0.00917
4	0.12361	0.00746	0.00861	0.00791	0.01004	0.00716	0.00608	0.01362	0.01620	0.07602	0.49292	0.04150	0.14222	0.01183	0.00679	0.00197	0.00340	0.01007	0.00635	0.00625
5	0.05015	0.26912	0.02045	0.01101	0.01592	0.03931	0.00968	0.02589	0.01587	0.45489	0.01826	0.01678	0.01242	0.00681	0.00541	0.00172	0.00594	0.00512	0.00575	0.00950
6	0.02368	0.01745	0.01870	0.01434	0.01932	0.01932	0.01184	0.72139	0.02929	0.03927	0.01496	0.01496	0.01060	0.00748	0.00623	0.00187	0.00686	0.00561	0.00623	0.01060
7	0.01611	0.68655	0.12612	0.01159	0.01742	0.02332	0.01227	0.01880	0.01272	0.01532	0.00899	0.01041	0.00798	0.00541	0.00425	0.00142	0.00700	0.00350	0.00266	0.00815
8	0.01293	0.11998	0.61594	0.01615	0.02440	0.01512	0.02035	0.01927	0.01309	0.01935	0.01147	0.01343	0.00842	0.00594	0.00559	0.00186	0.00850	0.00453	0.05482	0.00885
9	0.02272	0.04689	0.06545	0.01442	0.01968	0.01921	0.01251	0.65085	0.02765	0.03712	0.01449	0.01466	0.01033	0.00730	0.00613	0.00186	0.00700	0.00546	0.00587	0.01041
10	0.01666	0.78478	0.03265	0.01066	0.01599	0.02465	0.01066	0.01866	0.01266	0.01466	0.00866	0.00999	0.00800	0.00533	0.00400	0.00133	0.00666	0.00333	0.00267	0.00800
11	0.00992	0.00693	0.00843	0.00819	0.00881	0.00733	0.00542	0.05533	0.01069	0.01457	0.01895	0.05496	0.02050	0.51487	0.22247	0.00673	0.00886	0.00844	0.00387	0.00472
12	0.01280	0.05853	0.62790	0.06520	0.02689	0.01489	0.02135	0.02029	0.05855	0.01969	0.01198	0.01389	0.00863	0.00608	0.00589	0.00196	0.00878	0.00477	0.00288	0.00906
13	0.07319	0.13132	0.10919	0.01172	0.01676	0.06400	0.02726	0.04289	0.01467	0.12264	0.05930	0.04223	0.01446	0.00701	0.00545	0.00161	0.00618	0.02590	0.00435	0.21989
14	0.06628	0.37512	0.30059	0.01339	0.01985	0.04736	0.01499	0.01959	0.03728	0.01810	0.02960	0.01266	0.00960	0.00593	0.00495	0.00167	0.00753	0.00418	0.00298	0.00835
15	0.09846	0.23292	0.23424	0.01528	0.06909	0.07837	0.03531	0.04564	0.01404	0.03905	0.03298	0.01362	0.01006	0.00691	0.02174	0.00189	0.00777	0.00453	0.00331	0.03479
16	0.14159	0.15393	0.10576	0.01426	0.07820	0.01417	0.04217	0.02143	0.01416	0.23203	0.05129	0.01705	0.01311	0.00867	0.04131	0.00223	0.03006	0.00533	0.00462	0.00863
17	0.01463	0.14023	0.17734	0.01881	0.18809	0.01438	0.03320	0.06330	0.03151	0.04701	0.05354	0.02046	0.05253	0.00816	0.00711	0.05356	0.00684	0.02884	0.00380	0.03663

[dist]
# distance from previous block
# <min> <max>
0	27

[block]
# block no. 3 follows, 36 sequences, length 23
# corresponding to MSA columns:
# 761-783
name=unknown_D
#
# <colnr> <probs for GDERKNQSTAVLIFYWHMCP>
#	G	D	E	R	K	N	Q	S	T	A	V	L	I	F	Y	W	H	M	C	P
0	0.29455	0.05220	0.06580	0.09875	0.09168	0.01425	0.01142	0.04901	0.08421	0.07547	0.01322	0.03254	0.01039	0.00669	0.00566	0.00191	0.02899	0.00501	0.00414	0.05412
1	0.22946	0.18760	0.07084	0.01412	0.10366	0.03180	0.01108	0.09226	0.01485	0.07026	0.05671	0.01466	0.01190	0.00633	0.00503	0.00171	0.00611	0.00466	0.00407	0.06291
2	0.15741	0.01493	0.05775	0.03833	0.11397	0.05299	0.06007	0.12534	0.08518	0.05679	0.05621	0.03555	0.03718	0.00729	0.00585	0.00187	0.00638	0.00603	0.00460	0.07630
3	0.11760	0.01451	0.05422	0.13824	0.14380	0.08062	0.11201	0.03140	0.03161	0.02080	0.09237	0.02231	0.08103	0.00758	0.00618	0.00195	0.00707	0.00667	0.02244	0.00760
4	0.01303	0.01148	0.01801	0.10056	0.36800	0.01176	0.01374	0.03327	0.04996	0.02183	0.21439	0.05162	0.02498	0.00834	0.00652	0.00193	0.00586	0.00764	0.02890	0.00819
5	0.00818	0.00634	0.00744	0.00717	0.00892	0.00561	0.00537	0.01052	0.01612	0.02140	0.44144	0.05245	0.35846	0.01408	0.00736	0.00202	0.00303	0.01210	0.00639	0.00561
6	0.01619	0.01417	0.01445	0.01288	0.01647	0.04211	0.01004	0.06735	0.67026	0.02634	0.02428	0.02240	0.01820	0.00833	0.00631	0.00208	0.00525	0.00686	0.00622	0.00980
7	0.00832	0.00630	0.00922	0.00984	0.01063	0.00595	0.04946	0.00973	0.01210	0.01611	0.03192	0.62465	0.03760	0.06979	0.00957	0.00277	0.00437	0.07097	0.00548	0.00523
8	0.01721	0.01797	0.07378	0.08446	0.37297	0.11021	0.08659	0.09600	0.01624	0.04697	0.01226	0.01511	0.00961	0.00599	0.00621	0.00187	0.00826	0.00550	0.00356	0.00922
9	0.01008	0.00760	0.01036	0.01224	0.06191	0.00761	0.00884	0.03748	0.04975	0.01865	0.03110	0.37487	0.03470	0.01665	0.00795	0.00258	0.00491	0.29100	0.00562	0.00610
10	0.00803	0.00583	0.00757	0.00821	0.00910	0.00538	0.00575	0.00983	0.01419	0.01933	0.29681	0.45817	0.09516	0.01676	0.00769	0.00229	0.00333	0.01502	0.00618	0.00538
11	0.01702	0.01634	0.09576	0.11366	0.32810	0.01545	0.03919	0.15545	0.01678	0.07319	0.01291	0.01557	0.00989	0.00652	0.00712	0.00196	0.05621	0.00557	0.00391	0.00940
12	0.01528	0.04069	0.18243	0.03891	0.16997	0.01477	0.17593	0.03941	0.14279	0.06602	0.01678	0.01839	0.03638	0.00662	0.00640	0.00199	0.00777	0.00626	0.00402	0.00917
13	0.01048	0.00541	0.00802	0.00818	0.00821	0.00537	0.00545	0.00818	0.00852	0.01136	0.01331	0.09905	0.01403	0.02142	0.02262	0.73246	0.00522	0.00671	0.00303	0.00295
14	0.01445	0.01744	0.11494	0.11332	0.05565	0.01552	0.41128	0.04282	0.08823	0.02055	0.01348	0.01681	0.01013	0.00602	0.00725	0.00209	0.03142	0.00660	0.00345	0.00854
15	0.01649	0.08890	0.17068	0.01871	0.08750	0.08985	0.16568	0.05951	0.09090	0.07666	0.01652	0.03629	0.04015	0.00696	0.00624	0.00192	0.00804	0.00621	0.00403	0.00878
16	0.01647	0.16309	0.24733	0.02036	0.14162	0.10413	0.11027	0.07409	0.01530	0.03451	0.01137	0.01351	0.00882	0.00588	0.00579	0.00180	0.00860	0.00493	0.00323	0.00889
17	0.00758	0.00565	0.00706	0.00813	0.00891	0.00513	0.00556	0.00884	0.01263	0.01642	0.06495	0.59364	0.19589	0.01846	0.00780	0.00242	0.00349	0.01648	0.00582	0.00513
18	0.04004	0.01550	0.09199	0.09050	0.07536	0.01421	0.29403	0.01966	0.08825	0.04296	0.03423	0.02108	0.07378	0.00732	0.00771	0.00210	0.06222	0.00706	0.00384	0.00817
19	0.01823	0.03537	0.03507	0.05877	0.08561	0.12613	0.07158	0.14436	0.24685	0.06442	0.03810	0.01845	0.01416	0.00728	0.00624	0.00193	0.00718	0.00609	0.00501	0.00917
20	0.01611	0.29462	0.18990	0.06516	0.02056	0.09760	0.01369	0.04619	0.07060	0.04170	0.01253	0.03766	0.01033	0.00646	0.00527	0.00168	0.00747	0.00480	0.00346	0.05418
21	0.07973	0.04931	0.04015	0.09285	0.23884	0.11082	0.01293	0.01866	0.01381	0.03532	0.01171	0.01436	0.00948	0.00571	0.00535	0.00159	0.00684	0.00467	0.05941	0.18846
22	0.01695	0.01339	0.01686	0.01529	0.08941	0.01405	0.05929	0.32564	0.07318	0.02937	0.12748	0.05919	0.06666	0.00899	0.00653	0.00192	0.00587	0.00767	0.02761	0.03466

[dist]
# distance from previous block
# <min> <max>
4	40

[block]
# block no. 4 follows, 36 sequences, length 18
# corresponding to MSA columns:
# 825-842
name=unknown_E
#
# <colnr> <probs for GDERKNQSTAVLIFYWHMCP>
#	G	D	E	R	K	N	Q	S	T	A	V	L	I	F	Y	W	H	M	C	P
0	0.01561	0.01336	0.01838	0.28769	0.18557	0.04792	0.01449	0.09553	0.11084	0.06696	0.03984	0.01984	0.04244	0.00721	0.00629	0.00198	0.00706	0.00622	0.00427	0.00850
1	0.01609	0.06117	0.08057	0.04964	0.10560	0.12609	0.06708	0.05611	0.17400	0.03815	0.01792	0.01912	0.04192	0.00713	0.00589	0.00184	0.00699	0.00594	0.11035	0.00839
2	0.01163	0.00693	0.00906	0.00837	0.01027	0.00627	0.00632	0.01419	0.01679	0.13817	0.50284	0.13087	0.08802	0.01292	0.00725	0.00203	0.00341	0.01135	0.00681	0.00650
3	0.01067	0.00775	0.00884	0.00831	0.01047	0.00752	0.00644	0.04208	0.10060	0.04569	0.27634	0.04534	0.26384	0.01261	0.00696	0.00203	0.00364	0.05289	0.08153	0.00647
4	0.01404	0.02140	0.28501	0.10409	0.25391	0.03282	0.16050	0.01931	0.01383	0.01946	0.01159	0.01491	0.00887	0.00571	0.00631	0.00196	0.00886	0.00554	0.00291	0.00897
5	0.02496	0.00993	0.01353	0.01078	0.01502	0.00866	0.00882	0.02737	0.01740	0.63301	0.07295	0.05963	0.02039	0.00900	0.00652	0.00200	0.00509	0.03764	0.00748	0.00982
6	0.00899	0.00601	0.00682	0.00688	0.00690	0.00599	0.00387	0.00904	0.00920	0.01226	0.02033	0.07557	0.02353	0.74504	0.03059	0.00587	0.00593	0.00947	0.00387	0.00384
7	0.01726	0.01903	0.02017	0.04636	0.01992	0.24693	0.07578	0.06214	0.01385	0.01705	0.00955	0.01337	0.00840	0.00862	0.01326	0.00225	0.39043	0.00519	0.00313	0.00732
8	0.02682	0.01243	0.01559	0.01195	0.01682	0.01187	0.00987	0.21446	0.02089	0.55807	0.02202	0.01954	0.01414	0.00765	0.00626	0.00191	0.00572	0.00609	0.00732	0.01060
9	0.02613	0.01013	0.01366	0.01062	0.01509	0.00881	0.00872	0.02859	0.01753	0.67093	0.05411	0.02239	0.01727	0.00789	0.00619	0.00190	0.00505	0.00645	0.05845	0.01010
10	0.00787	0.00569	0.00749	0.00875	0.00938	0.00531	0.00613	0.00923	0.01256	0.01664	0.06814	0.63158	0.08540	0.01876	0.00795	0.00251	0.00376	0.08187	0.00583	0.00517
11	0.01440	0.04686	0.05499	0.04633	0.01777	0.03172	0.13796	0.01731	0.01443	0.15263	0.11266	0.17608	0.04648	0.03206	0.03186	0.00244	0.02430	0.00936	0.02303	0.00733
12	0.01630	0.01361	0.01779	0.30113	0.02773	0.01573	0.03553	0.23021	0.20144	0.02568	0.01667	0.01963	0.01269	0.00751	0.00637	0.00205	0.00699	0.02934	0.00482	0.00877
13	0.00903	0.00650	0.00791	0.00747	0.00926	0.00580	0.00563	0.01152	0.01656	0.04786	0.49998	0.04989	0.27256	0.01352	0.00732	0.00200	0.00309	0.01169	0.00655	0.00585
14	0.02083	0.01533	0.04161	0.01433	0.04140	0.03713	0.03994	0.28843	0.19181	0.17625	0.02112	0.02019	0.04671	0.00790	0.00633	0.00195	0.00629	0.00642	0.00610	0.00992
15	0.30371	0.05145	0.08605	0.01143	0.01632	0.03670	0.01026	0.19789	0.01709	0.10883	0.03353	0.01418	0.01060	0.00655	0.00515	0.00180	0.00602	0.00465	0.00477	0.07300
16	0.04744	0.21933	0.23212	0.03403	0.02091	0.03436	0.05254	0.12092	0.04474	0.02181	0.02790	0.01386	0.01010	0.00609	0.00538	0.00169	0.00735	0.00469	0.00361	0.09113
17	0.04443	0.19397	0.22514	0.01481	0.04322	0.10999	0.04505	0.02128	0.05764	0.07712	0.01234	0.01356	0.00946	0.00595	0.00535	0.00166	0.00763	0.00453	0.00355	0.10332

[dist]
# distance from previous block
# <min> <max>
0	9

[block]
# block no. 5 follows, 36 sequences, length 35
# corresponding to MSA columns:
# 852-886
name=unknown_F
#
# <colnr> <probs for GDERKNQSTAVLIFYWHMCP>
#	G	D	E	R	K	N	Q	S	T	A	V	L	I	F	Y	W	H	M	C	P
0	0.01647	0.05961	0.07591	0.01485	0.05185	0.03191	0.09527	0.12072	0.17875	0.09321	0.02268	0.04094	0.09576	0.00813	0.00628	0.00190	0.00635	0.00697	0.00508	0.06737
1	0.13362	0.01250	0.01338	0.03093	0.01569	0.01327	0.00900	0.19421	0.18362	0.06981	0.01907	0.07132	0.03029	0.00804	0.00572	0.00184	0.00521	0.00641	0.05019	0.12588
2	0.01510	0.01901	0.26457	0.08213	0.07111	0.02808	0.05527	0.05406	0.03304	0.11006	0.09057	0.01892	0.01516	0.00807	0.02414	0.00212	0.04205	0.00595	0.00414	0.05646
3	0.00896	0.00643	0.00879	0.00887	0.00957	0.00707	0.00636	0.01037	0.00984	0.01377	0.01866	0.05148	0.01935	0.30789	0.45640	0.00819	0.01223	0.02722	0.00363	0.00491
4	0.01429	0.01351	0.02282	0.14609	0.57257	0.01389	0.01770	0.01800	0.01422	0.02008	0.07457	0.01830	0.01387	0.00628	0.00628	0.00189	0.00715	0.00604	0.00336	0.00908
5	0.00984	0.00659	0.00865	0.00801	0.00966	0.00605	0.00605	0.01275	0.01765	0.06337	0.70087	0.04519	0.05648	0.01247	0.00729	0.00196	0.00307	0.01100	0.00690	0.00613
6	0.01326	0.02819	0.61226	0.01639	0.02447	0.01374	0.02028	0.05904	0.01465	0.04406	0.08275	0.01676	0.01324	0.00673	0.00609	0.00196	0.00834	0.00536	0.00341	0.00901
7	0.82504	0.01205	0.00916	0.00819	0.01205	0.01398	0.00675	0.01832	0.01060	0.02795	0.00868	0.01012	0.00675	0.00578	0.00386	0.00193	0.00482	0.00337	0.00386	0.00675
8	0.18084	0.01508	0.01593	0.01242	0.01718	0.01625	0.01024	0.44808	0.02318	0.14356	0.01502	0.01487	0.01052	0.00706	0.00570	0.00185	0.00612	0.00519	0.00588	0.04503
9	0.07139	0.01209	0.01477	0.01153	0.01611	0.01175	0.00947	0.18360	0.04320	0.48567	0.05879	0.02056	0.01622	0.00784	0.00618	0.00192	0.00549	0.00624	0.00707	0.01011
10	0.01113	0.00741	0.00914	0.00844	0.01054	0.00696	0.00650	0.01500	0.07663	0.09769	0.45658	0.04531	0.17344	0.01258	0.00720	0.00203	0.00349	0.03668	0.00667	0.00658
11	0.00906	0.00604	0.00680	0.00680	0.00680	0.00604	0.00378	0.00906	0.00906	0.01208	0.01963	0.04077	0.02265	0.78103	0.03171	0.00604	0.00604	0.00906	0.00378	0.00378
12	0.02327	0.02970	0.01766	0.01605	0.01926	0.75602	0.01204	0.02488	0.01766	0.01525	0.00963	0.01124	0.00803	0.00642	0.00562	0.00161	0.01124	0.00401	0.00321	0.00722
13	0.41928	0.01283	0.04841	0.01021	0.01474	0.01253	0.00882	0.06003	0.03733	0.29670	0.01560	0.01509	0.01064	0.00668	0.00506	0.00193	0.00533	0.00475	0.00544	0.00861
14	0.00823	0.00635	0.00752	0.00723	0.00895	0.00563	0.00542	0.01063	0.01626	0.02171	0.46739	0.05193	0.33232	0.01396	0.00735	0.00202	0.00303	0.01202	0.00643	0.00563
15	0.00787	0.00627	0.00706	0.00699	0.00876	0.00546	0.00519	0.00988	0.01521	0.01953	0.28989	0.10303	0.46286	0.01500	0.00740	0.00208	0.00311	0.01282	0.00615	0.00546
16	0.01409	0.01803	0.12178	0.11102	0.03308	0.01538	0.55287	0.01946	0.01426	0.01946	0.01225	0.01634	0.00913	0.00545	0.00705	0.00208	0.01009	0.00681	0.00304	0.00833
17	0.00856	0.00620	0.00825	0.00954	0.01033	0.00602	0.00705	0.01077	0.03976	0.01721	0.04958	0.54706	0.03937	0.01835	0.00805	0.00259	0.00420	0.19585	0.00582	0.00544
18	0.01322	0.00703	0.00705	0.00698	0.00856	0.00680	0.00512	0.01562	0.01403	0.02453	0.02167	0.02517	0.01730	0.00829	0.00507	0.00175	0.00350	0.00630	0.79536	0.00665
19	0.00856	0.00638	0.00798	0.00765	0.00924	0.00580	0.00578	0.01123	0.01684	0.02314	0.58042	0.05000	0.19511	0.01349	0.00739	0.00202	0.00307	0.03354	0.00661	0.00575
20	0.00903	0.00661	0.00838	0.00919	0.01019	0.00644	0.00661	0.04735	0.03756	0.01856	0.09465	0.54401	0.07470	0.01753	0.00779	0.00245	0.00396	0.08343	0.00591	0.00566
21	0.01354	0.09856	0.16483	0.01530	0.01826	0.06081	0.03808	0.01639	0.01139	0.01605	0.01098	0.03875	0.01013	0.01371	0.10793	0.00326	0.34624	0.00558	0.00292	0.00728
22	0.00765	0.00553	0.00713	0.00837	0.00887	0.00513	0.00559	0.00872	0.01198	0.01579	0.03609	0.67585	0.10134	0.05891	0.00914	0.00268	0.00370	0.01686	0.00568	0.00501
23	0.17409	0.01458	0.07631	0.01500	0.01997	0.01296	0.20320	0.05861	0.01366	0.02216	0.01281	0.07028	0.01109	0.00676	0.00657	0.00180	0.05063	0.00595	0.00374	0.21982
24	0.09078	0.10265	0.04151	0.02957	0.05824	0.06852	0.00991	0.07259	0.03812	0.02153	0.01128	0.01293	0.00917	0.00542	0.00490	0.00134	0.00595	0.00408	0.00375	0.40774
25	0.02771	0.01100	0.01470	0.01127	0.01610	0.00974	0.00931	0.07007	0.01849	0.70585	0.02403	0.02085	0.01515	0.00770	0.00626	0.00192	0.00539	0.00623	0.00763	0.01060
26	0.00786	0.00607	0.00682	0.00709	0.00837	0.00542	0.00492	0.00921	0.01317	0.01668	0.12166	0.21493	0.38692	0.14874	0.01171	0.00286	0.00373	0.01326	0.00555	0.00502
27	0.01356	0.01232	0.01955	0.22275	0.36062	0.01312	0.01548	0.05733	0.03820	0.02000	0.04012	0.09271	0.05149	0.00803	0.00646	0.00200	0.00680	0.00734	0.00381	0.00831
28	0.01464	0.01496	0.06264	0.32419	0.25022	0.05493	0.04066	0.08165	0.01485	0.01983	0.01199	0.01602	0.00940	0.00746	0.03107	0.00221	0.00834	0.00552	0.02112	0.00829
29	0.00885	0.00622	0.00788	0.00797	0.00859	0.00646	0.00540	0.00997	0.01044	0.01439	0.05751	0.09777	0.06542	0.37883	0.25734	0.00645	0.00882	0.00927	0.02771	0.00470
30	0.00759	0.00542	0.00723	0.00868	0.00904	0.00506	0.00578	0.00868	0.01193	0.01591	0.03434	0.77697	0.04121	0.01952	0.00795	0.00253	0.00361	0.01771	0.00578	0.00506
31	0.30141	0.01593	0.01802	0.06068	0.28318	0.13273	0.03598	0.02004	0.01355	0.04931	0.01080	0.01322	0.00859	0.00588	0.00531	0.00186	0.00718	0.00463	0.00354	0.00818
32	0.00789	0.00590	0.00737	0.00817	0.00919	0.00538	0.00583	0.00951	0.01353	0.01776	0.15409	0.44593	0.20707	0.01741	0.00776	0.00236	0.00354	0.06009	0.00595	0.00528
33	0.09692	0.04165	0.08557	0.07254	0.10828	0.05176	0.02676	0.12340	0.14775	0.08578	0.01514	0.01604	0.01129	0.00659	0.00575	0.00183	0.00664	0.00530	0.00459	0.08641
34	0.05510	0.12151	0.06296	0.01497	0.07531	0.03498	0.07694	0.10542	0.05681	0.04120	0.01304	0.03184	0.01064	0.00702	0.02120	0.00176	0.02193	0.00510	0.00398	0.23828

[dist]
# distance from previous block
# <min> <max>
1	4

[block]
# block no. 6 follows, 36 sequences, length 27
# corresponding to MSA columns:
# 891-917
name=unknown_G
#
# <colnr> <probs for GDERKNQSTAVLIFYWHMCP>
#	G	D	E	R	K	N	Q	S	T	A	V	L	I	F	Y	W	H	M	C	P
0	0.08686	0.03650	0.01638	0.03521	0.12263	0.10968	0.02923	0.10042	0.03354	0.02038	0.04162	0.02193	0.06351	0.10248	0.05145	0.00291	0.10757	0.00638	0.00398	0.00735
1	0.04892	0.01142	0.01782	0.02053	0.25984	0.01118	0.08963	0.01701	0.05593	0.04394	0.10752	0.06466	0.02030	0.13235	0.01046	0.00256	0.00622	0.00757	0.00425	0.06790
2	0.03322	0.16189	0.13428	0.01537	0.02077	0.11471	0.14675	0.01936	0.03879	0.01844	0.01164	0.03242	0.00972	0.00614	0.00622	0.00166	0.04327	0.00505	0.00328	0.17704
3	0.01405	0.00924	0.01129	0.00934	0.01307	0.00763	0.00719	0.01670	0.03658	0.15618	0.02385	0.21898	0.07043	0.01002	0.00605	0.00166	0.00439	0.00863	0.00523	0.36949
4	0.01556	0.01596	0.07189	0.03601	0.09992	0.04030	0.10991	0.08729	0.05373	0.04406	0.03560	0.01621	0.01125	0.00844	0.01223	0.00227	0.32157	0.00594	0.00368	0.00818
5	0.01562	0.01535	0.02454	0.07741	0.66695	0.05219	0.01866	0.01924	0.01427	0.01985	0.01158	0.01528	0.00969	0.00563	0.00614	0.00185	0.00765	0.00547	0.00307	0.00957
6	0.01701	0.05037	0.01254	0.00996	0.01274	0.06854	0.00796	0.15176	0.03565	0.10980	0.01852	0.05400	0.01469	0.00798	0.00610	0.00173	0.04595	0.00612	0.36095	0.00763
7	0.01490	0.01416	0.02400	0.07582	0.66740	0.01431	0.01825	0.01844	0.01384	0.01970	0.01208	0.01677	0.01043	0.04475	0.00746	0.00207	0.00738	0.00573	0.00310	0.00940
8	0.01423	0.01402	0.02171	0.32426	0.36123	0.05469	0.01753	0.01779	0.01328	0.01784	0.01104	0.01551	0.00900	0.00634	0.00743	0.00200	0.07542	0.00545	0.00293	0.00829
9	0.00976	0.00578	0.00736	0.00736	0.00746	0.00572	0.00455	0.00864	0.00889	0.01175	0.01783	0.03203	0.05204	0.40789	0.02728	0.36563	0.00562	0.00764	0.00340	0.00337
10	0.03616	0.01457	0.04966	0.01481	0.11466	0.12321	0.01048	0.13152	0.01789	0.04254	0.20260	0.04647	0.11128	0.00943	0.00644	0.00186	0.00598	0.00782	0.00511	0.04752
11	0.01542	0.01480	0.02529	0.03824	0.74217	0.01480	0.01912	0.01912	0.01419	0.02036	0.01172	0.01542	0.00987	0.00555	0.00617	0.00185	0.00740	0.00555	0.00308	0.00987
12	0.00814	0.00629	0.00744	0.00747	0.00910	0.00560	0.00561	0.01030	0.01540	0.02020	0.33747	0.12724	0.34928	0.01498	0.00749	0.00213	0.00326	0.05087	0.00623	0.00552
13	0.01426	0.01385	0.02427	0.25562	0.47324	0.01459	0.07693	0.01823	0.01371	0.01899	0.01160	0.01589	0.00937	0.00573	0.00629	0.00194	0.00793	0.00570	0.00300	0.00886
14	0.18405	0.01539	0.05002	0.07147	0.01845	0.08704	0.01077	0.13619	0.08488	0.07305	0.01390	0.01623	0.01084	0.00702	0.00629	0.00184	0.04854	0.02698	0.00451	0.13253
15	0.01216	0.00892	0.01005	0.00917	0.01154	0.00902	0.00699	0.12438	0.09772	0.02367	0.14264	0.17071	0.12724	0.01261	0.02562	0.00215	0.00438	0.00992	0.13306	0.05805
16	0.00778	0.00576	0.00729	0.00823	0.00909	0.00527	0.00575	0.00925	0.01314	0.01730	0.12785	0.53213	0.16981	0.01792	0.00779	0.00239	0.00352	0.03859	0.00592	0.00522
17	0.01312	0.01326	0.05467	0.21371	0.36217	0.01299	0.05022	0.01695	0.01391	0.01907	0.05034	0.02430	0.05428	0.00763	0.00656	0.00203	0.00727	0.06575	0.00354	0.00823
18	0.06858	0.03307	0.01415	0.04691	0.01624	0.11004	0.00969	0.19337	0.09789	0.05786	0.01979	0.11636	0.03451	0.02637	0.07976	0.00284	0.00738	0.03160	0.02574	0.00786
19	0.00890	0.00668	0.01001	0.01001	0.01113	0.00779	0.00779	0.01113	0.01001	0.01446	0.01669	0.02448	0.01558	0.04673	0.75634	0.01001	0.01669	0.00668	0.00334	0.00556
20	0.00899	0.00640	0.00789	0.00859	0.00926	0.00624	0.00581	0.05052	0.01247	0.01652	0.03088	0.49032	0.06545	0.20117	0.01356	0.00333	0.00447	0.04769	0.00533	0.00512
21	0.03146	0.01227	0.01379	0.01364	0.07829	0.03172	0.00966	0.10667	0.31927	0.05954	0.07948	0.05558	0.08258	0.05109	0.00789	0.00227	0.00528	0.02518	0.00580	0.00856
22	0.05454	0.71562	0.03090	0.01078	0.01595	0.05634	0.01054	0.01891	0.01278	0.01530	0.00871	0.01006	0.00794	0.00540	0.00406	0.00137	0.00678	0.00336	0.00274	0.00790
23	0.00758	0.00545	0.00720	0.00859	0.00901	0.00507	0.00575	0.00869	0.01201	0.01594	0.03540	0.75065	0.06684	0.01938	0.00793	0.00251	0.00360	0.01755	0.00578	0.00507
24	0.00959	0.00752	0.00861	0.00874	0.01034	0.00749	0.00634	0.03121	0.13887	0.01919	0.10776	0.29780	0.22146	0.06839	0.00908	0.00252	0.00396	0.02916	0.00586	0.00610
25	0.01577	0.01724	0.06249	0.11612	0.48723	0.11504	0.04094	0.01947	0.01443	0.01907	0.01181	0.01608	0.00987	0.00600	0.00618	0.00188	0.00819	0.02010	0.00310	0.00900
26	0.00766	0.00566	0.00706	0.00808	0.00880	0.00518	0.00547	0.00884	0.01238	0.01614	0.05959	0.57409	0.17801	0.06074	0.00913	0.00262	0.00364	0.01615	0.00570	0.00505

[dist]
# distance from previous block
# <min> <max>
0	1

[block]
# block no. 7 follows, 36 sequences, length 7
# corresponding to MSA columns:
# 919-925
name=unknown_H
#
# <colnr> <probs for GDERKNQSTAVLIFYWHMCP>
#	G	D	E	R	K	N	Q	S	T	A	V	L	I	F	Y	W	H	M	C	P
0	0.16174	0.04540	0.24705	0.04033	0.06606	0.01441	0.08415	0.12324	0.01517	0.02368	0.01385	0.08530	0.01178	0.00735	0.00583	0.00197	0.00722	0.00612	0.03105	0.00831
1	0.23968	0.01912	0.01700	0.04426	0.01908	0.26720	0.08528	0.13683	0.01697	0.05153	0.01161	0.01320	0.00885	0.00637	0.00542	0.00181	0.00803	0.00467	0.03524	0.00784
2	0.00855	0.00636	0.00795	0.00755	0.00914	0.00576	0.00566	0.01123	0.01699	0.02346	0.61231	0.04905	0.18631	0.01331	0.00735	0.00199	0.00298	0.01162	0.00666	0.00576
3	0.02114	0.01475	0.01620	0.01316	0.01754	0.01618	0.01063	0.33866	0.30432	0.14779	0.02061	0.01923	0.01470	0.00790	0.00628	0.00198	0.00585	0.00628	0.00651	0.01031
4	0.02368	0.01745	0.01870	0.01434	0.01932	0.01932	0.01184	0.72139	0.02929	0.03927	0.01496	0.01496	0.01060	0.00748	0.00623	0.00187	0.00686	0.00561	0.00623	0.01060
5	0.01896	0.05956	0.13568	0.01293	0.01830	0.07505	0.01195	0.22758	0.01923	0.13050	0.06755	0.01694	0.01380	0.00691	0.00579	0.00167	0.00666	0.00534	0.00499	0.16061
6	0.02017	0.08436	0.02013	0.01623	0.01905	0.49661	0.04899	0.02194	0.01531	0.01539	0.00939	0.01196	0.00813	0.00727	0.00888	0.00186	0.17956	0.00445	0.00306	0.00725

[dist]
# distance from previous block
# <min> <max>
0	2

[block]
# block no. 8 follows, 36 sequences, length 22
# corresponding to MSA columns:
# 928-949
name=unknown_I
#
# <colnr> <probs for GDERKNQSTAVLIFYWHMCP>
#	G	D	E	R	K	N	Q	S	T	A	V	L	I	F	Y	W	H	M	C	P
0	0.00759	0.00637	0.00663	0.00671	0.00874	0.00541	0.00512	0.00931	0.01435	0.01727	0.08766	0.06011	0.66719	0.01575	0.00744	0.00215	0.00332	0.05774	0.00582	0.00532
1	0.00919	0.00768	0.01191	0.01130	0.01300	0.00727	0.10699	0.01185	0.04146	0.01765	0.06243	0.44789	0.11982	0.01610	0.00778	0.00242	0.00479	0.08916	0.00547	0.00585
2	0.04910	0.01418	0.01454	0.06136	0.01774	0.07534	0.01020	0.14769	0.33645	0.08766	0.02294	0.06727	0.05054	0.00882	0.00630	0.00203	0.00587	0.00717	0.00579	0.00901
3	0.00910	0.00689	0.00853	0.00790	0.00975	0.00631	0.00596	0.01244	0.04548	0.02368	0.58067	0.04567	0.14685	0.01255	0.00717	0.00193	0.00314	0.01096	0.00653	0.04851
4	0.00778	0.00568	0.00736	0.00852	0.00920	0.00525	0.00591	0.00914	0.01268	0.01676	0.08384	0.61211	0.11753	0.01854	0.00789	0.00247	0.00364	0.05467	0.00585	0.00517
5	0.00759	0.00542	0.00723	0.00868	0.00904	0.00506	0.00578	0.00868	0.01193	0.01591	0.03434	0.77697	0.04121	0.01952	0.00795	0.00253	0.00361	0.01771	0.00578	0.00506
6	0.01542	0.01480	0.02529	0.03824	0.74217	0.01480	0.01912	0.01912	0.01419	0.02036	0.01172	0.01542	0.00987	0.00555	0.00617	0.00185	0.00740	0.00555	0.00308	0.00987
7	0.01363	0.01363	0.01908	0.01636	0.01636	0.01908	0.01363	0.01499	0.00954	0.01499	0.00818	0.01363	0.00818	0.01091	0.02045	0.00273	0.76963	0.00545	0.00273	0.00682
8	0.00830	0.00649	0.00771	0.00881	0.00949	0.03281	0.00606	0.00962	0.01276	0.01666	0.08591	0.63139	0.08651	0.01825	0.00780	0.00244	0.00387	0.03412	0.00577	0.00523
9	0.01391	0.01414	0.01858	0.01604	0.01626	0.05711	0.01327	0.01533	0.00999	0.01498	0.00866	0.01402	0.00852	0.01236	0.05442	0.00301	0.69439	0.00543	0.00278	0.00678
10	0.04228	0.01648	0.05372	0.02177	0.02694	0.05009	0.47673	0.06175	0.01474	0.02029	0.01266	0.01680	0.00995	0.01054	0.09367	0.00299	0.05051	0.00668	0.00335	0.00804
11	0.00949	0.00660	0.00873	0.00973	0.01086	0.00646	0.00786	0.01136	0.01302	0.01708	0.03268	0.14519	0.09938	0.10027	0.01180	0.05608	0.00516	0.41028	0.03277	0.00520
12	0.01610	0.00957	0.01106	0.00973	0.01254	0.00957	0.00755	0.15728	0.06457	0.16914	0.04260	0.18949	0.10790	0.01126	0.00644	0.00200	0.00449	0.00951	0.15144	0.00776
13	0.10046	0.01205	0.01290	0.01039	0.01471	0.03707	0.00835	0.09449	0.08662	0.04264	0.06121	0.02023	0.01530	0.00833	0.03083	0.00180	0.00554	0.04924	0.00466	0.38321
14	0.00886	0.00632	0.00810	0.00850	0.00937	0.00644	0.00618	0.01033	0.01126	0.01521	0.02808	0.13961	0.11274	0.24605	0.21738	0.00553	0.00808	0.11069	0.03629	0.00498
15	0.01080	0.00772	0.00921	0.00890	0.01062	0.00767	0.00659	0.04251	0.11187	0.04920	0.23626	0.17356	0.13655	0.08557	0.01019	0.03257	0.00412	0.04389	0.00596	0.00624
16	0.04047	0.01093	0.01585	0.01264	0.01604	0.01083	0.11815	0.10469	0.01723	0.16416	0.21583	0.05934	0.09275	0.00995	0.00774	0.00202	0.05737	0.00858	0.00577	0.02966
17	0.01713	0.01116	0.01232	0.01011	0.01339	0.01166	0.00807	0.29436	0.01962	0.07253	0.04398	0.02056	0.01508	0.03342	0.05189	0.00229	0.00567	0.00596	0.28362	0.06718
18	0.00903	0.00617	0.00743	0.00743	0.00766	0.00639	0.00457	0.00947	0.00925	0.01255	0.01905	0.03753	0.02125	0.63511	0.17571	0.00683	0.00816	0.00859	0.00369	0.00413
19	0.05696	0.01508	0.01650	0.01301	0.01746	0.05349	0.03401	0.29862	0.09048	0.02811	0.01443	0.01660	0.01138	0.00713	0.00669	0.00172	0.05541	0.02804	0.00493	0.22995
20	0.02021	0.01795	0.01769	0.07511	0.08869	0.17464	0.01225	0.31171	0.08914	0.05526	0.01770	0.01829	0.05817	0.00761	0.00618	0.00187	0.00748	0.00591	0.00505	0.00910
21	0.00905	0.00609	0.00769	0.00833	0.00950	0.00551	0.00592	0.01055	0.01339	0.06448	0.10143	0.48391	0.19413	0.01727	0.00768	0.00236	0.00363	0.03753	0.00600	0.00556

[dist]
# distance from previous block
# <min> <max>
0	1

[block]
# block no. 9 follows, 36 sequences, length 15
# corresponding to MSA columns:
# 951-965
name=unknown_J
#
# <colnr> <probs for GDERKNQSTAVLIFYWHMCP>
#	G	D	E	R	K	N	Q	S	T	A	V	L	I	F	Y	W	H	M	C	P
0	0.07561	0.01370	0.01585	0.07361	0.06759	0.01509	0.01104	0.27891	0.18625	0.08638	0.06134	0.01949	0.01560	0.00768	0.00607	0.00194	0.00588	0.00618	0.04249	0.00931
1	0.01559	0.01451	0.02384	0.13654	0.58679	0.01504	0.01828	0.07605	0.01518	0.02129	0.01190	0.01555	0.00971	0.00580	0.00618	0.00188	0.00748	0.00555	0.00330	0.00952
2	0.01367	0.01205	0.01631	0.04080	0.07665	0.01168	0.07513	0.05307	0.16253	0.02205	0.05956	0.05081	0.03197	0.00758	0.00641	0.00170	0.02775	0.02598	0.00457	0.29975
3	0.01330	0.00737	0.00917	0.00871	0.01061	0.00681	0.00636	0.04338	0.01444	0.18373	0.08210	0.30211	0.13057	0.09903	0.00982	0.00260	0.00425	0.01196	0.04714	0.00653
4	0.00777	0.00564	0.00736	0.00855	0.00917	0.00523	0.00589	0.00911	0.01265	0.01680	0.09179	0.63631	0.09473	0.01861	0.00789	0.00247	0.00362	0.04538	0.00587	0.00517
5	0.01509	0.01420	0.02371	0.17807	0.57398	0.01482	0.01844	0.05037	0.01454	0.02035	0.01174	0.01563	0.00960	0.00577	0.00618	0.00190	0.00755	0.00555	0.00317	0.00933
6	0.01186	0.01145	0.01782	0.32243	0.11424	0.04132	0.08307	0.01515	0.01356	0.01759	0.07430	0.08946	0.11370	0.00915	0.00724	0.00209	0.03661	0.00815	0.00383	0.00697
7	0.00786	0.00570	0.00749	0.00881	0.00945	0.00533	0.00620	0.00920	0.01240	0.01631	0.03653	0.63462	0.09763	0.01894	0.00798	0.00254	0.00383	0.09825	0.00578	0.00516
8	0.01050	0.00767	0.00872	0.00834	0.01050	0.00725	0.00635	0.04902	0.07715	0.06286	0.17126	0.14155	0.35813	0.01425	0.00728	0.00214	0.00375	0.04079	0.00616	0.00634
9	0.03128	0.03269	0.01986	0.05000	0.19849	0.03579	0.08957	0.07580	0.12206	0.04066	0.08849	0.04198	0.03377	0.00806	0.00775	0.00201	0.08027	0.00688	0.00444	0.03013
10	0.00806	0.00576	0.00743	0.00853	0.00905	0.00549	0.00584	0.00919	0.01176	0.01556	0.03305	0.53857	0.07697	0.13832	0.03397	0.00330	0.00454	0.07428	0.00539	0.00495
11	0.01082	0.00541	0.00812	0.00812	0.00812	0.00541	0.00541	0.00812	0.00812	0.01082	0.01082	0.01894	0.01082	0.02165	0.02435	0.81872	0.00541	0.00541	0.00271	0.00271
12	0.10564	0.01584	0.01707	0.01321	0.01805	0.01720	0.01091	0.54269	0.02562	0.14801	0.01582	0.01544	0.01096	0.00734	0.00600	0.00188	0.00641	0.00548	0.00622	0.01021
13	0.06676	0.01511	0.05756	0.01299	0.01712	0.01601	0.01078	0.15104	0.52247	0.02810	0.02169	0.02040	0.01615	0.00797	0.00614	0.00205	0.00551	0.00643	0.00595	0.00976
14	0.38735	0.07643	0.01451	0.01055	0.01496	0.03447	0.00882	0.16726	0.01651	0.19481	0.01368	0.01370	0.00969	0.00656	0.00496	0.00186	0.00567	0.00452	0.00513	0.00855

[dist]
# distance from previous block
# <min> <max>
1	2

[block]
# block no. 10 follows, 36 sequences, length 18
# corresponding to MSA columns:
# 968-985
name=unknown_K
#
# <colnr> <probs for GDERKNQSTAVLIFYWHMCP>
#	G	D	E	R	K	N	Q	S	T	A	V	L	I	F	Y	W	H	M	C	P
0	0.01346	0.17192	0.55487	0.01714	0.02538	0.01649	0.07913	0.01955	0.01319	0.01880	0.01083	0.01287	0.00804	0.00575	0.00568	0.00186	0.00884	0.00460	0.00268	0.00891
1	0.03468	0.01541	0.05855	0.01302	0.01718	0.03513	0.01086	0.21817	0.38582	0.05459	0.07239	0.02140	0.01825	0.00821	0.00628	0.00200	0.00574	0.00663	0.00604	0.00963
2	0.00859	0.00636	0.00801	0.00760	0.00917	0.00578	0.00570	0.01132	0.01710	0.02372	0.63378	0.04863	0.16468	0.01321	0.00735	0.00198	0.00297	0.01156	0.00669	0.00578
3	0.01176	0.01069	0.01775	0.71049	0.04031	0.01326	0.01636	0.01582	0.01250	0.01645	0.01175	0.01709	0.00887	0.00630	0.00609	0.00203	0.00791	0.00556	0.06218	0.00684
4	0.00857	0.00636	0.00798	0.00757	0.00915	0.00577	0.00568	0.01127	0.01704	0.02357	0.62129	0.04888	0.17726	0.01327	0.00735	0.00198	0.00298	0.01160	0.00667	0.00577
5	0.00806	0.00592	0.00755	0.00802	0.00906	0.00542	0.00568	0.00996	0.01454	0.01970	0.32262	0.38532	0.14260	0.01628	0.00763	0.00224	0.00328	0.01450	0.00622	0.00542
6	0.02718	0.01184	0.01523	0.01167	0.01652	0.01100	0.00964	0.15561	0.01991	0.61830	0.02284	0.02007	0.01455	0.00767	0.00626	0.00192	0.00558	0.00615	0.00744	0.01060
7	0.00905	0.00608	0.00702	0.00702	0.00710	0.00616	0.00405	0.00920	0.00913	0.01225	0.01943	0.03964	0.02216	0.72989	0.08219	0.00632	0.00678	0.00889	0.00374	0.00390
8	0.00800	0.00569	0.00757	0.00893	0.00941	0.00540	0.00622	0.00925	0.01207	0.01603	0.03326	0.63910	0.03937	0.06600	0.00950	0.00279	0.00404	0.10666	0.00565	0.00507
9	0.01411	0.00970	0.00840	0.00781	0.00980	0.09512	0.00596	0.08189	0.01512	0.02379	0.01857	0.02105	0.01453	0.00718	0.00468	0.00151	0.00425	0.00558	0.64452	0.00642
10	0.00744	0.00625	0.00646	0.00655	0.00850	0.00527	0.00486	0.00903	0.01417	0.01709	0.08803	0.11171	0.66149	0.01593	0.00741	0.00213	0.00318	0.01341	0.00583	0.00527
