[name]
unknown

[dist]
# distance from previous block
# <min> <max>
0	121

[block]
# block no. 0 follows, 35 sequences, length 161
# corresponding to MSA columns:
# 157-317
name=unknown_A
#
# <colnr> <probs for GDERKNQSTAVLIFYWHMCP>
#	G	D	E	R	K	N	Q	S	T	A	V	L	I	F	Y	W	H	M	C	P
0	0.01258	0.00946	0.01312	0.01277	0.01520	0.00962	0.05860	0.07478	0.07715	0.04283	0.03140	0.05689	0.06920	0.01472	0.00813	0.00264	0.00604	0.47213	0.00582	0.00693
1	0.06884	0.14275	0.17396	0.03309	0.02122	0.11011	0.06604	0.15117	0.07433	0.05554	0.01338	0.01469	0.01013	0.00779	0.02846	0.00211	0.00828	0.00509	0.00412	0.00892
2	0.01280	0.03232	0.72181	0.01836	0.02764	0.01477	0.04531	0.02010	0.01344	0.02010	0.01143	0.01351	0.00809	0.00601	0.00607	0.00201	0.00942	0.00478	0.00270	0.00935
3	0.00902	0.00647	0.00781	0.00817	0.00912	0.00619	0.00589	0.01042	0.01267	0.01655	0.11642	0.09536	0.16596	0.32221	0.01779	0.00394	0.00501	0.17089	0.00518	0.00492
4	0.03347	0.11280	0.26765	0.06239	0.14302	0.01549	0.05023	0.07019	0.04823	0.04459	0.07916	0.01770	0.01420	0.00681	0.00606	0.00192	0.00757	0.00572	0.00382	0.00897
5	0.13177	0.05773	0.07114	0.05944	0.02029	0.06747	0.06480	0.18151	0.09995	0.13596	0.01623	0.03923	0.01218	0.00734	0.00598	0.00196	0.00697	0.00586	0.00510	0.00910
6	0.00994	0.00662	0.00820	0.00816	0.00984	0.00592	0.00605	0.01202	0.01541	0.08161	0.28666	0.23419	0.24031	0.01530	0.00759	0.00221	0.00352	0.03403	0.00644	0.00600
7	0.00807	0.00592	0.00752	0.00851	0.00932	0.00547	0.00597	0.00952	0.01312	0.01728	0.10680	0.50665	0.14976	0.05237	0.00908	0.00264	0.00381	0.06704	0.00590	0.00526
8	0.04443	0.01655	0.02127	0.16662	0.25171	0.13797	0.07046	0.04101	0.06005	0.02003	0.01225	0.01536	0.00980	0.00620	0.00641	0.00186	0.02546	0.00537	0.00349	0.08369
9	0.01572	0.17626	0.39714	0.01734	0.07768	0.05864	0.01801	0.04142	0.06756	0.05458	0.01267	0.01404	0.00951	0.00623	0.00570	0.00185	0.00826	0.00477	0.00339	0.00923
10	0.00931	0.00649	0.00777	0.00772	0.00934	0.00578	0.00561	0.01121	0.01499	0.06131	0.26059	0.20252	0.30069	0.05674	0.00890	0.00239	0.00353	0.01314	0.00623	0.00574
11	0.01469	0.12342	0.43216	0.05284	0.02704	0.05887	0.14378	0.02041	0.01397	0.03864	0.01159	0.01392	0.00857	0.00592	0.00604	0.00193	0.00925	0.00508	0.00296	0.00889
12	0.02043	0.01786	0.01758	0.03575	0.01930	0.14598	0.03061	0.31458	0.19221	0.04697	0.03676	0.01935	0.01443	0.00812	0.00683	0.00199	0.02979	0.02643	0.00558	0.00945
13	0.02228	0.18782	0.02118	0.01519	0.01891	0.59907	0.01196	0.02400	0.01691	0.01540	0.00960	0.01117	0.00817	0.00630	0.00537	0.00158	0.01046	0.00394	0.00315	0.00752
14	0.01836	0.01380	0.01556	0.01155	0.01693	0.01292	0.00941	0.29248	0.02001	0.07039	0.01364	0.01446	0.01031	0.00603	0.00544	0.00138	0.00564	0.00468	0.00502	0.45198
15	0.04259	0.01570	0.01827	0.01440	0.01894	0.11276	0.09137	0.21618	0.02035	0.29416	0.01924	0.07542	0.01444	0.00820	0.00648	0.00197	0.00712	0.00684	0.00604	0.00954
16	0.00839	0.00644	0.00768	0.00741	0.00913	0.00573	0.00554	0.01081	0.01650	0.02209	0.46464	0.06906	0.31500	0.01430	0.00750	0.00206	0.00309	0.01235	0.00654	0.00573
17	0.01704	0.02000	0.09089	0.15190	0.13300	0.19209	0.12845	0.08613	0.01615	0.01997	0.01290	0.01596	0.02839	0.00676	0.00722	0.00198	0.05371	0.00569	0.00344	0.00833
18	0.02573	0.01518	0.01744	0.01337	0.01838	0.01584	0.01104	0.46214	0.02550	0.30028	0.01886	0.01759	0.01261	0.00770	0.00636	0.00193	0.00639	0.00596	0.00690	0.01079
19	0.05983	0.00959	0.01251	0.01006	0.01395	0.00859	0.00815	0.02515	0.01743	0.50449	0.17528	0.02672	0.02476	0.00882	0.00636	0.00194	0.00469	0.00730	0.06516	0.00924
20	0.00898	0.00648	0.00848	0.00798	0.00948	0.00599	0.00599	0.01197	0.01796	0.02544	0.73413	0.04739	0.05986	0.01297	0.00748	0.00200	0.00299	0.01147	0.00698	0.00599
21	0.00788	0.00573	0.00737	0.00845	0.00909	0.00529	0.00573	0.00919	0.01286	0.01709	0.10731	0.60670	0.11182	0.04274	0.00874	0.00259	0.00364	0.01664	0.00593	0.00521
22	0.00794	0.00670	0.00692	0.00694	0.00907	0.00580	0.00528	0.01017	0.03706	0.01778	0.08192	0.05997	0.65760	0.01581	0.00753	0.00218	0.00339	0.04645	0.00594	0.00555
23	0.02412	0.01777	0.01904	0.01460	0.01967	0.01967	0.01206	0.71633	0.02983	0.03998	0.01523	0.01523	0.01079	0.00762	0.00635	0.00190	0.00698	0.00571	0.00635	0.01079
24	0.70600	0.03560	0.01068	0.00876	0.01284	0.01400	0.00727	0.02007	0.01171	0.11010	0.01070	0.01160	0.00793	0.00610	0.00421	0.00194	0.00502	0.00377	0.00434	0.00736
25	0.01570	0.01507	0.02575	0.03894	0.73748	0.01507	0.01947	0.01947	0.01444	0.02073	0.01193	0.01570	0.01005	0.00565	0.00628	0.00188	0.00754	0.00565	0.00314	0.01005
26	0.01315	0.01128	0.01315	0.00940	0.01503	0.00846	0.00752	0.01597	0.01315	0.02067	0.01128	0.01315	0.00940	0.00470	0.00470	0.00094	0.00470	0.00376	0.00376	0.81583
27	0.58140	0.09870	0.01361	0.01010	0.01411	0.13445	0.00833	0.04118	0.01277	0.02526	0.00918	0.01063	0.00734	0.00600	0.00431	0.00184	0.00623	0.00361	0.00376	0.00721
28	0.01460	0.01079	0.00905	0.00839	0.01046	0.12520	0.00639	0.07516	0.01565	0.02382	0.05278	0.02215	0.01661	0.00754	0.00494	0.00156	0.00464	0.00587	0.57783	0.00655
29	0.00923	0.00615	0.00692	0.00692	0.00692	0.00615	0.00384	0.00923	0.00923	0.01230	0.01999	0.04151	0.02306	0.77705	0.03229	0.00615	0.00615	0.00923	0.00384	0.00384
30	0.00788	0.00644	0.00695	0.00682	0.00880	0.00552	0.00512	0.00984	0.01535	0.01925	0.23506	0.05757	0.56279	0.01528	0.00749	0.00210	0.00316	0.01290	0.00617	0.00552
31	0.02768	0.01062	0.01447	0.01115	0.01593	0.00919	0.00919	0.03016	0.01815	0.71319	0.05342	0.02263	0.01747	0.00806	0.00642	0.00196	0.00530	0.00658	0.00782	0.01060
32	0.82186	0.01227	0.00932	0.00834	0.01227	0.01423	0.00687	0.01865	0.01080	0.02846	0.00883	0.01031	0.00687	0.00589	0.00393	0.00196	0.00491	0.00344	0.00393	0.00687
33	0.02846	0.01080	0.01472	0.01129	0.01619	0.00932	0.00932	0.03092	0.01816	0.74187	0.02503	0.02159	0.01570	0.00785	0.00638	0.00196	0.00540	0.00638	0.00785	0.01080
34	0.01696	0.78087	0.03324	0.01085	0.01628	0.02510	0.01085	0.01900	0.01289	0.01493	0.00882	0.01018	0.00814	0.00543	0.00407	0.00136	0.00678	0.00339	0.00271	0.00814
35	0.00751	0.00639	0.00646	0.00651	0.00859	0.00535	0.00486	0.00909	0.01438	0.01710	0.06323	0.08617	0.71045	0.01620	0.00752	0.00216	0.00323	0.01355	0.00589	0.00535
36	0.13519	0.05186	0.01667	0.04950	0.07962	0.05580	0.01122	0.13991	0.34165	0.02689	0.01807	0.01804	0.01370	0.00743	0.00589	0.00199	0.00613	0.00584	0.00527	0.00933
37	0.01018	0.00727	0.01016	0.01155	0.01301	0.00725	0.01007	0.01310	0.01473	0.01922	0.05938	0.07067	0.03737	0.01736	0.00872	0.00289	0.00574	0.66962	0.00588	0.00585
38	0.00778	0.00569	0.00726	0.00844	0.00906	0.00524	0.00569	0.00898	0.01254	0.01649	0.06035	0.63679	0.13048	0.04220	0.00874	0.00261	0.00367	0.01697	0.00586	0.00517
39	0.01461	0.02600	0.45530	0.04276	0.02865	0.01505	0.21575	0.05278	0.01480	0.05563	0.01262	0.01502	0.00899	0.00601	0.00648	0.00204	0.00942	0.00563	0.00325	0.00921
40	0.04351	0.03981	0.04210	0.06023	0.20895	0.11877	0.03057	0.09194	0.01742	0.26013	0.01607	0.01671	0.01142	0.00674	0.00613	0.00188	0.00742	0.00556	0.00501	0.00962
41	0.01295	0.00688	0.00773	0.00745	0.00909	0.00675	0.00547	0.04629	0.01406	0.08991	0.04084	0.15217	0.02199	0.07780	0.00786	0.00216	0.00377	0.00843	0.47211	0.00628
42	0.01545	0.01534	0.02619	0.07643	0.50740	0.03231	0.13399	0.01994	0.04066	0.02048	0.01248	0.01610	0.01016	0.00573	0.00641	0.00191	0.00800	0.00590	0.00328	0.04182
43	0.01834	0.16170	0.01924	0.01305	0.01735	0.04425	0.01077	0.19921	0.39316	0.02726	0.01940	0.01858	0.01471	0.00768	0.00595	0.00192	0.00607	0.00598	0.00560	0.00977
44	0.01810	0.01853	0.23372	0.01956	0.17489	0.01287	0.03311	0.08350	0.01688	0.21053	0.09792	0.02016	0.01666	0.00734	0.00640	0.00196	0.00704	0.00627	0.00495	0.00961
45	0.01535	0.05024	0.52409	0.01853	0.05089	0.11833	0.05881	0.02130	0.01437	0.05346	0.01184	0.01371	0.00858	0.00612	0.00604	0.00194	0.00941	0.00484	0.00305	0.00910
46	0.01564	0.16270	0.48416	0.01590	0.02374	0.01673	0.01888	0.08677	0.03277	0.06754	0.01252	0.01377	0.00909	0.00625	0.00574	0.00188	0.00832	0.00472	0.00346	0.00940
47	0.17355	0.00943	0.01065	0.00929	0.01234	0.00935	0.00734	0.04460	0.04806	0.20724	0.23200	0.05100	0.09824	0.03372	0.00722	0.00216	0.00442	0.02549	0.00630	0.00759
48	0.01230	0.01035	0.01321	0.07363	0.01657	0.01174	0.03028	0.02159	0.31736	0.02140	0.10689	0.02701	0.03837	0.02141	0.24371	0.00469	0.00900	0.00759	0.00514	0.00777
49	0.04174	0.04323	0.04560	0.06203	0.26190	0.09787	0.11939	0.03822	0.03215	0.12505	0.01529	0.06220	0.01247	0.00706	0.00638	0.00195	0.00784	0.00647	0.00415	0.00901
50	0.00876	0.00684	0.00807	0.00878	0.04195	0.00602	0.00612	0.01064	0.01466	0.03799	0.14203	0.16560	0.46343	0.01561	0.00755	0.00220	0.00361	0.03840	0.00596	0.00578
51	0.02350	0.01645	0.01791	0.01383	0.01865	0.01795	0.01139	0.61659	0.02799	0.09179	0.04261	0.01716	0.01314	0.00782	0.00633	0.00190	0.00659	0.00598	0.03196	0.01046
52	0.01482	0.01389	0.02188	0.14539	0.31086	0.01575	0.04914	0.06984	0.03344	0.02005	0.01300	0.05967	0.01154	0.00806	0.00981	0.00219	0.18214	0.00648	0.00350	0.00855
53	0.09116	0.12173	0.29027	0.05008	0.02190	0.05619	0.01555	0.10462	0.08262	0.06456	0.01399	0.01614	0.01065	0.00686	0.00576	0.00193	0.00766	0.02534	0.00402	0.00897
54	0.62937	0.01191	0.01063	0.00906	0.01322	0.01304	0.00747	0.02162	0.01258	0.20155	0.01276	0.01304	0.00901	0.00637	0.00452	0.00196	0.00503	0.00415	0.00488	0.00782
55	0.01526	0.01625	0.03310	0.02421	0.02933	0.01645	0.55249	0.01973	0.01407	0.04591	0.01241	0.01665	0.00960	0.00656	0.01003	0.00226	0.15700	0.00707	0.00330	0.00832
56	0.01408	0.03500	0.15106	0.09344	0.14783	0.05525	0.10832	0.03738	0.01428	0.04427	0.03171	0.10188	0.05387	0.00979	0.02558	0.02108	0.03583	0.00752	0.00380	0.00802
57	0.00851	0.00710	0.00874	0.00853	0.01065	0.00630	0.03922	0.01056	0.01445	0.01776	0.07399	0.06015	0.51342	0.03987	0.00854	0.00243	0.00420	0.15427	0.00572	0.00558
58	0.00826	0.00578	0.00717	0.00806	0.00836	0.00552	0.00512	0.00898	0.01118	0.01484	0.03064	0.48656	0.05943	0.29041	0.01672	0.00384	0.00455	0.01472	0.00516	0.00469
59	0.10330	0.18539	0.09197	0.06865	0.03813	0.19045	0.07899	0.07588	0.01588	0.07853	0.01174	0.01338	0.00903	0.00622	0.00553	0.00178	0.00834	0.00471	0.00373	0.00837
60	0.06175	0.01305	0.01754	0.25349	0.11462	0.05426	0.03568	0.09024	0.06189	0.08820	0.01738	0.08030	0.01499	0.00855	0.00653	0.00212	0.00714	0.05960	0.00449	0.00816
61	0.00837	0.00659	0.00769	0.00813	0.00989	0.00591	0.00641	0.01042	0.01468	0.01839	0.12311	0.11779	0.43182	0.01642	0.00787	0.00236	0.00390	0.18875	0.00599	0.00553
62	0.01627	0.02788	0.57363	0.01659	0.02493	0.01378	0.02022	0.04358	0.01487	0.16752	0.01428	0.01512	0.00968	0.00645	0.00611	0.00200	0.00849	0.00506	0.00384	0.00971
63	0.01700	0.11900	0.13307	0.11952	0.20804	0.14058	0.07806	0.05380	0.01534	0.04069	0.01163	0.01436	0.00914	0.00605	0.00598	0.00185	0.00868	0.00513	0.00329	0.00878
64	0.04149	0.01620	0.01748	0.01384	0.01835	0.01785	0.01136	0.61023	0.02721	0.03677	0.01716	0.05403	0.01390	0.02579	0.00708	0.00209	0.00669	0.04630	0.00618	0.00999
65	0.01525	0.01489	0.02303	0.23970	0.31841	0.05446	0.08884	0.04581	0.07944	0.02035	0.01309	0.01661	0.01031	0.00618	0.00637	0.00197	0.00802	0.00585	0.00350	0.02793
66	0.01570	0.01507	0.02575	0.03894	0.73748	0.01507	0.01947	0.01947	0.01444	0.02073	0.01193	0.01570	0.01005	0.00565	0.00628	0.00188	0.00754	0.00565	0.00314	0.01005
67	0.01315	0.01128	0.01315	0.00940	0.01503	0.00846	0.00752	0.01597	0.01315	0.02067	0.01128	0.01315	0.00940	0.00470	0.00470	0.00094	0.00470	0.00376	0.00376	0.81583
68	0.00820	0.00636	0.00739	0.00742	0.00890	0.00581	0.00536	0.00994	0.01401	0.01811	0.20161	0.12006	0.36672	0.10788	0.08073	0.00338	0.00485	0.01229	0.00566	0.00533
69	0.00874	0.00648	0.00816	0.00774	0.00933	0.00589	0.00580	0.01152	0.01741	0.02413	0.62843	0.04954	0.16638	0.01346	0.00748	0.00202	0.00303	0.01178	0.00681	0.00589
70	0.02776	0.01096	0.01465	0.01127	0.01608	0.00968	0.00930	0.06125	0.01853	0.68825	0.02445	0.02137	0.01550	0.00783	0.00632	0.00195	0.00539	0.00634	0.03248	0.01065
71	0.02846	0.01080	0.01472	0.01129	0.01619	0.00932	0.00932	0.03092	0.01816	0.74187	0.02503	0.02159	0.01570	0.00785	0.00638	0.00196	0.00540	0.00638	0.00785	0.01080
72	0.00750	0.00643	0.00643	0.00643	0.00857	0.00536	0.00482	0.00910	0.01446	0.01714	0.06427	0.06105	0.73490	0.01607	0.00750	0.00214	0.00321	0.01339	0.00589	0.00536
73	0.01712	0.01790	0.02675	0.02222	0.08438	0.15520	0.33608	0.04974	0.01586	0.05316	0.01475	0.02164	0.01250	0.00752	0.00803	0.00213	0.06304	0.07992	0.00381	0.00824
74	0.82186	0.01227	0.00932	0.00834	0.01227	0.01423	0.00687	0.01865	0.01080	0.02846	0.00883	0.01031	0.00687	0.00589	0.00393	0.00196	0.00491	0.00344	0.00393	0.00687
75	0.04682	0.01383	0.01514	0.01214	0.01618	0.01478	0.00980	0.39702	0.08697	0.03317	0.19807	0.02381	0.02376	0.00877	0.00643	0.00188	0.00554	0.00707	0.00623	0.07261
76	0.01183	0.00591	0.00591	0.00591	0.00739	0.00591	0.00443	0.01478	0.01330	0.02365	0.02069	0.02365	0.01626	0.00739	0.00443	0.00148	0.00296	0.00591	0.81227	0.00591
77	0.00778	0.00554	0.00735	0.00877	0.00913	0.00518	0.00583	0.00885	0.01206	0.01607	0.03451	0.75046	0.04138	0.04312	0.00884	0.00269	0.00376	0.01776	0.00583	0.00511
78	0.82186	0.01227	0.00932	0.00834	0.01227	0.01423	0.00687	0.01865	0.01080	0.02846	0.00883	0.01031	0.00687	0.00589	0.00393	0.00196	0.00491	0.00344	0.00393	0.00687
79	0.78524	0.01196	0.00924	0.00836	0.01213	0.01382	0.00683	0.01821	0.01086	0.02791	0.01001	0.04461	0.00845	0.00652	0.00411	0.00199	0.00485	0.00409	0.00401	0.00679
80	0.82186	0.01227	0.00932	0.00834	0.01227	0.01423	0.00687	0.01865	0.01080	0.02846	0.00883	0.01031	0.00687	0.00589	0.00393	0.00196	0.00491	0.00344	0.00393	0.00687
81	0.00780	0.00555	0.00734	0.00875	0.00910	0.00520	0.00580	0.00885	0.01201	0.01602	0.03429	0.74001	0.04111	0.05394	0.00919	0.00274	0.00379	0.01764	0.00580	0.00509
82	0.01272	0.03281	0.74418	0.01808	0.02746	0.01473	0.02344	0.02009	0.01339	0.02009	0.01138	0.01339	0.00804	0.00603	0.00603	0.00201	0.00938	0.00469	0.00268	0.00938
83	0.00954	0.00718	0.00895	0.00893	0.01037	0.00709	0.00652	0.01403	0.11485	0.02273	0.41911	0.26853	0.04868	0.01450	0.00753	0.00220	0.00349	0.01290	0.00657	0.00629
84	0.02846	0.01080	0.01472	0.01129	0.01619	0.00932	0.00932	0.03092	0.01816	0.74187	0.02503	0.02159	0.01570	0.00785	0.00638	0.00196	0.00540	0.00638	0.00785	0.01080
85	0.00792	0.00566	0.00758	0.00905	0.00950	0.00532	0.00622	0.00916	0.01233	0.01641	0.03486	0.71926	0.04154	0.01970	0.00815	0.00260	0.00385	0.06980	0.00589	0.00521
86	0.02825	0.01113	0.01493	0.01145	0.01636	0.00982	0.00945	0.06369	0.01872	0.70831	0.02456	0.02129	0.01547	0.00784	0.00638	0.00196	0.00547	0.00635	0.00778	0.01080
87	0.01200	0.00626	0.00629	0.00623	0.00780	0.00636	0.00469	0.01563	0.04536	0.02378	0.02093	0.02365	0.01640	0.00745	0.00453	0.00151	0.00305	0.00597	0.77602	0.00610
88	0.01404	0.01428	0.02231	0.05386	0.05478	0.01849	0.11522	0.01624	0.01084	0.01630	0.00929	0.01457	0.00860	0.00979	0.01753	0.00261	0.58523	0.00584	0.00286	0.00733
89	0.00906	0.00680	0.01020	0.01020	0.01133	0.00793	0.00793	0.01133	0.01020	0.01473	0.01699	0.02492	0.01586	0.04758	0.75191	0.01020	0.01699	0.00680	0.00340	0.00566
90	0.01198	0.01128	0.01903	0.76180	0.04369	0.01409	0.01762	0.01621	0.01268	0.01621	0.01128	0.01691	0.00846	0.00634	0.00634	0.00211	0.00846	0.00564	0.00282	0.00705
91	0.00772	0.00627	0.00684	0.00705	0.00879	0.00540	0.00515	0.00940	0.01447	0.01797	0.14003	0.18748	0.52857	0.01638	0.00760	0.00220	0.00327	0.01399	0.00602	0.00540
92	0.02846	0.01080	0.01472	0.01129	0.01619	0.00932	0.00932	0.03092	0.01816	0.74187	0.02503	0.02159	0.01570	0.00785	0.00638	0.00196	0.00540	0.00638	0.00785	0.01080
93	0.01039	0.00792	0.00976	0.00931	0.01118	0.00799	0.00717	0.01623	0.15494	0.02482	0.51368	0.06259	0.04936	0.01272	0.00742	0.00213	0.00367	0.07525	0.00675	0.00674
94	0.01704	0.01774	0.02344	0.03310	0.55866	0.16246	0.01758	0.02034	0.01516	0.01960	0.01255	0.01753	0.01094	0.00640	0.00629	0.00188	0.00824	0.03844	0.00330	0.00931
95	0.01799	0.67023	0.03114	0.01145	0.01677	0.04748	0.01104	0.09858	0.01498	0.01780	0.00958	0.01079	0.00844	0.00571	0.00438	0.00143	0.00695	0.00368	0.00314	0.00842
96	0.01775	0.03466	0.02160	0.12087	0.31512	0.08387	0.03606	0.10294	0.06339	0.07478	0.01382	0.01611	0.01068	0.00634	0.00615	0.00186	0.00754	0.00555	0.00408	0.05682
97	0.01686	0.01527	0.02524	0.03531	0.61968	0.01536	0.04628	0.08469	0.01601	0.04533	0.01269	0.01590	0.01028	0.00589	0.00634	0.00190	0.00754	0.00575	0.00359	0.01008
98	0.01578	0.01363	0.01434	0.01291	0.01650	0.01578	0.01004	0.03371	0.72602	0.02654	0.02582	0.02367	0.01937	0.00861	0.00646	0.00215	0.00502	0.00717	0.00646	0.01004
99	0.27634	0.01353	0.01591	0.01782	0.20211	0.04631	0.01131	0.06834	0.03483	0.18604	0.05708	0.01717	0.01346	0.00690	0.00561	0.00193	0.00602	0.00543	0.00498	0.00889
100	0.00790	0.00568	0.00733	0.00849	0.00900	0.00529	0.00567	0.00905	0.01238	0.01645	0.07328	0.63158	0.08534	0.07847	0.00992	0.00280	0.00381	0.01670	0.00579	0.00511
101	0.71593	0.01207	0.01004	0.00874	0.01279	0.01358	0.00720	0.02029	0.01178	0.12372	0.01100	0.01181	0.00805	0.00615	0.00425	0.00196	0.00497	0.00383	0.00445	0.00739
102	0.00841	0.00616	0.00787	0.00902	0.00963	0.00598	0.00610	0.01072	0.06335	0.01701	0.05263	0.66658	0.03997	0.05294	0.00905	0.00269	0.00387	0.01668	0.00587	0.00547
103	0.01299	0.01110	0.01298	0.00938	0.01486	0.00836	0.00747	0.01576	0.01312	0.02053	0.01200	0.03638	0.01039	0.00516	0.00480	0.00099	0.00467	0.00420	0.00382	0.79105
104	0.01272	0.03281	0.74418	0.01808	0.02746	0.01473	0.02344	0.02009	0.01339	0.02009	0.01138	0.01339	0.00804	0.00603	0.00603	0.00201	0.00938	0.00469	0.00268	0.00938
105	0.00891	0.00648	0.00838	0.00791	0.00943	0.00596	0.00593	0.01183	0.01779	0.02504	0.70195	0.04804	0.09228	0.01312	0.00748	0.00200	0.00300	0.01156	0.00693	0.00596
106	0.01082	0.00820	0.01204	0.01495	0.10214	0.00819	0.01122	0.01379	0.01451	0.01911	0.03097	0.08689	0.03343	0.01614	0.00844	0.00278	0.00598	0.58857	0.00551	0.00634
107	0.00777	0.00555	0.00740	0.00880	0.00921	0.00518	0.00589	0.00894	0.01235	0.01652	0.05963	0.74731	0.04259	0.01963	0.00808	0.00256	0.00366	0.01780	0.00593	0.00518
108	0.82186	0.01227	0.00932	0.00834	0.01227	0.01423	0.00687	0.01865	0.01080	0.02846	0.00883	0.01031	0.00687	0.00589	0.00393	0.00196	0.00491	0.00344	0.00393	0.00687
109	0.00773	0.00552	0.00736	0.00883	0.00920	0.00515	0.00589	0.00883	0.01215	0.01619	0.03497	0.77291	0.04196	0.01987	0.00810	0.00258	0.00368	0.01803	0.00589	0.00515
110	0.00773	0.00552	0.00736	0.00883	0.00920	0.00515	0.00589	0.00883	0.01215	0.01619	0.03497	0.77291	0.04196	0.01987	0.00810	0.00258	0.00368	0.01803	0.00589	0.00515
111	0.01315	0.01128	0.01315	0.00940	0.01503	0.00846	0.00752	0.01597	0.01315	0.02067	0.01128	0.01315	0.00940	0.00470	0.00470	0.00094	0.00470	0.00376	0.00376	0.81583
112	0.82186	0.01227	0.00932	0.00834	0.01227	0.01423	0.00687	0.01865	0.01080	0.02846	0.00883	0.01031	0.00687	0.00589	0.00393	0.00196	0.00491	0.00344	0.00393	0.00687
113	0.41055	0.01151	0.01212	0.00987	0.01430	0.01169	0.00814	0.02501	0.01461	0.39831	0.01723	0.01616	0.01145	0.00691	0.00520	0.00196	0.00516	0.00496	0.00596	0.00891
114	0.82186	0.01227	0.00932	0.00834	0.01227	0.01423	0.00687	0.01865	0.01080	0.02846	0.00883	0.01031	0.00687	0.00589	0.00393	0.00196	0.00491	0.00344	0.00393	0.00687
115	0.82186	0.01227	0.00932	0.00834	0.01227	0.01423	0.00687	0.01865	0.01080	0.02846	0.00883	0.01031	0.00687	0.00589	0.00393	0.00196	0.00491	0.00344	0.00393	0.00687
116	0.01578	0.01363	0.01434	0.01291	0.01650	0.01578	0.01004	0.03371	0.72602	0.02654	0.02582	0.02367	0.01937	0.00861	0.00646	0.00215	0.00502	0.00717	0.00646	0.01004
117	0.01365	0.01488	0.03126	0.02273	0.02814	0.01390	0.56571	0.01844	0.01544	0.02101	0.13320	0.02410	0.05141	0.00709	0.00749	0.00212	0.00909	0.00841	0.00395	0.00799
118	0.01198	0.01128	0.01903	0.76180	0.04369	0.01409	0.01762	0.01621	0.01268	0.01621	0.01128	0.01691	0.00846	0.00634	0.00634	0.00211	0.00846	0.00564	0.00282	0.00705
119	0.00816	0.00589	0.00779	0.00909	0.00967	0.00560	0.00630	0.00989	0.02908	0.01713	0.07261	0.66592	0.04202	0.01907	0.00807	0.00256	0.00383	0.06601	0.00596	0.00536
120	0.01312	0.01141	0.01434	0.01044	0.01593	0.00882	0.04602	0.01608	0.01332	0.02057	0.01239	0.01607	0.01066	0.00533	0.00504	0.00110	0.00508	0.03594	0.00383	0.73452
121	0.01542	0.01423	0.02488	0.19577	0.48194	0.01468	0.08593	0.01938	0.01429	0.05403	0.01250	0.01639	0.00993	0.00588	0.00642	0.00196	0.00794	0.00586	0.00330	0.00928
122	0.00815	0.00600	0.00806	0.00927	0.00970	0.00591	0.00643	0.00941	0.01235	0.01660	0.05946	0.68397	0.04089	0.01913	0.00867	0.00258	0.03801	0.04432	0.00579	0.00529
123	0.01328	0.01093	0.01190	0.01081	0.01369	0.01190	0.00833	0.07047	0.38812	0.02531	0.18139	0.06753	0.13766	0.01111	0.00690	0.00212	0.00439	0.00942	0.00645	0.00830
124	0.06009	0.01609	0.01731	0.04808	0.01932	0.03542	0.01128	0.50689	0.04149	0.08139	0.03499	0.01710	0.01256	0.02842	0.00689	0.00200	0.00669	0.00581	0.00594	0.04224
125	0.00907	0.00633	0.00786	0.00805	0.00946	0.00569	0.00582	0.01103	0.01505	0.05327	0.28791	0.30569	0.21939	0.01594	0.00765	0.00224	0.00340	0.01403	0.00637	0.00576
126	0.01384	0.01132	0.01325	0.00957	0.01512	0.00870	0.00766	0.01708	0.03359	0.04971	0.01224	0.01379	0.00993	0.00494	0.00482	0.00101	0.00474	0.00396	0.00400	0.76074
127	0.01918	0.09205	0.01765	0.01409	0.01777	0.29893	0.01103	0.04988	0.36648	0.02164	0.01776	0.01746	0.01376	0.00748	0.00595	0.00187	0.00771	0.00559	0.00488	0.00886
128	0.02467	0.01094	0.01415	0.01130	0.01570	0.01017	0.00918	0.02986	0.14101	0.55926	0.08301	0.02406	0.01994	0.00840	0.00648	0.00200	0.00514	0.00693	0.00754	0.01027
129	0.00771	0.00559	0.00729	0.00864	0.00915	0.00517	0.00580	0.00885	0.01233	0.01627	0.03726	0.71707	0.09632	0.01958	0.00805	0.00254	0.00364	0.01767	0.00589	0.00517
130	0.01701	0.71825	0.06690	0.01133	0.01694	0.02441	0.01150	0.04343	0.01351	0.01605	0.00917	0.01051	0.00823	0.00553	0.00424	0.00141	0.00692	0.00354	0.00284	0.00829
131	0.00895	0.00643	0.00862	0.00994	0.01090	0.00621	0.00776	0.01087	0.01329	0.01737	0.03528	0.37375	0.07701	0.05263	0.00946	0.00287	0.00477	0.33269	0.00577	0.00543
132	0.02068	0.01312	0.09255	0.01186	0.01648	0.01057	0.01069	0.10190	0.03893	0.35287	0.04881	0.02793	0.04093	0.00907	0.00652	0.00201	0.00574	0.09025	0.04516	0.05394
133	0.00852	0.00611	0.00792	0.00911	0.00970	0.00585	0.00619	0.04282	0.01300	0.01734	0.03402	0.73652	0.04046	0.01929	0.00801	0.00254	0.00384	0.01744	0.00591	0.00542
134	0.01618	0.01383	0.01457	0.01299	0.01665	0.01597	0.01014	0.06650	0.69258	0.02718	0.02531	0.02326	0.01895	0.00856	0.00645	0.00214	0.00511	0.00710	0.00645	0.01008
135	0.82186	0.01227	0.00932	0.00834	0.01227	0.01423	0.00687	0.01865	0.01080	0.02846	0.00883	0.01031	0.00687	0.00589	0.00393	0.00196	0.00491	0.00344	0.00393	0.00687
136	0.01539	0.01455	0.02442	0.15559	0.59960	0.01507	0.01891	0.04331	0.01470	0.02066	0.01194	0.01588	0.00982	0.00583	0.00629	0.00192	0.00767	0.00565	0.00320	0.00959
137	0.01694	0.01860	0.05419	0.01647	0.02055	0.19633	0.14239	0.04242	0.27906	0.02174	0.01947	0.02472	0.01618	0.00846	0.00673	0.00210	0.00802	0.09225	0.00480	0.00856
138	0.00848	0.00632	0.00792	0.00800	0.00940	0.00575	0.00592	0.01081	0.01593	0.02160	0.42585	0.19690	0.19269	0.01519	0.00767	0.00218	0.00330	0.04392	0.00649	0.00568
139	0.01483	0.01418	0.02197	0.27983	0.39488	0.04386	0.01739	0.04039	0.01438	0.01959	0.01168	0.01573	0.00941	0.00591	0.00616	0.00188	0.00777	0.00544	0.00319	0.07155
140	0.02699	0.01084	0.01457	0.01110	0.01608	0.00924	0.00915	0.02947	0.01767	0.67225	0.02370	0.02078	0.01509	0.00755	0.00622	0.00186	0.00533	0.00613	0.00746	0.08851
141	0.01643	0.69547	0.06579	0.01206	0.04203	0.02367	0.01157	0.01877	0.01302	0.01544	0.01070	0.01204	0.02980	0.00578	0.00434	0.00143	0.00683	0.00383	0.00282	0.00818
142	0.01460	0.01395	0.02376	0.25237	0.53263	0.01478	0.01892	0.01851	0.01393	0.01939	0.01174	0.01606	0.00958	0.00586	0.00630	0.00195	0.00781	0.00565	0.00305	0.00916
143	0.02846	0.01080	0.01472	0.01129	0.01619	0.00932	0.00932	0.03092	0.01816	0.74187	0.02503	0.02159	0.01570	0.00785	0.00638	0.00196	0.00540	0.00638	0.00785	0.01080
144	0.01570	0.01507	0.02575	0.03894	0.73748	0.01507	0.01947	0.01947	0.01444	0.02073	0.01193	0.01570	0.01005	0.00565	0.00628	0.00188	0.00754	0.00565	0.00314	0.01005
145	0.01543	0.01480	0.02548	0.13591	0.56384	0.01518	0.07177	0.04368	0.01479	0.02076	0.01203	0.01596	0.00983	0.00579	0.00638	0.00194	0.00788	0.00579	0.00321	0.00955
146	0.00942	0.00632	0.00836	0.00937	0.01034	0.00596	0.00693	0.01105	0.01319	0.05131	0.05596	0.46400	0.08140	0.05757	0.00938	0.00277	0.00437	0.18085	0.00590	0.00556
147	0.82186	0.01227	0.00932	0.00834	0.01227	0.01423	0.00687	0.01865	0.01080	0.02846	0.00883	0.01031	0.00687	0.00589	0.00393	0.00196	0.00491	0.00344	0.00393	0.00687
148	0.00785	0.00609	0.00710	0.00776	0.00904	0.00542	0.00554	0.00932	0.01351	0.01706	0.07944	0.35342	0.36276	0.04162	0.00859	0.00248	0.00362	0.04823	0.00587	0.00528
149	0.00881	0.00648	0.00825	0.00781	0.00938	0.00591	0.00585	0.01165	0.01756	0.02450	0.65866	0.04893	0.13591	0.01332	0.00748	0.00201	0.00302	0.01169	0.00686	0.00591
150	0.01714	0.76082	0.03284	0.01100	0.01637	0.04451	0.01089	0.01917	0.01303	0.01494	0.00885	0.01021	0.00814	0.00546	0.00411	0.00136	0.00691	0.00341	0.00273	0.00812
151	0.00869	0.00660	0.00946	0.01011	0.01121	0.00622	0.04142	0.01055	0.01334	0.01764	0.07899	0.48810	0.08863	0.01796	0.00813	0.00256	0.00442	0.16461	0.00582	0.00554
152	0.00886	0.00594	0.00783	0.00873	0.00954	0.00548	0.00602	0.01033	0.01336	0.05117	0.13825	0.60539	0.06889	0.01816	0.00791	0.00245	0.00364	0.01636	0.00614	0.00554
153	0.00898	0.00648	0.00848	0.00798	0.00948	0.00599	0.00599	0.01197	0.01796	0.02544	0.73413	0.04739	0.05986	0.01297	0.00748	0.00200	0.00299	0.01147	0.00698	0.00599
154	0.02017	0.31103	0.05690	0.01504	0.05313	0.26054	0.01249	0.14667	0.03343	0.02039	0.01093	0.01221	0.00896	0.00629	0.00527	0.00162	0.00846	0.00429	0.00365	0.00855
155	0.01389	0.01316	0.05466	0.12293	0.02047	0.01136	0.01073	0.07240	0.01418	0.02112	0.01138	0.01395	0.00921	0.00573	0.00636	0.00139	0.06275	0.00438	0.00369	0.52627
156	0.00772	0.00554	0.00734	0.00878	0.00919	0.00516	0.00586	0.00884	0.01220	0.01622	0.03562	0.75697	0.05748	0.01979	0.00808	0.00257	0.00367	0.01793	0.00589	0.00516
157	0.82186	0.01227	0.00932	0.00834	0.01227	0.01423	0.00687	0.01865	0.01080	0.02846	0.00883	0.01031	0.00687	0.00589	0.00393	0.00196	0.00491	0.00344	0.00393	0.00687
158	0.01313	0.01227	0.04699	0.00980	0.01561	0.00875	0.00825	0.01616	0.01317	0.02064	0.01128	0.01317	0.00933	0.00476	0.00476	0.00099	0.00491	0.00380	0.00371	0.77851
159	0.78494	0.01252	0.00977	0.00863	0.01261	0.01448	0.00711	0.05094	0.01168	0.02900	0.00913	0.01053	0.00705	0.00597	0.00404	0.00196	0.00500	0.00354	0.00404	0.00705
160	0.00793	0.00585	0.00734	0.00830	0.00911	0.00537	0.00572	0.00929	0.01302	0.01707	0.10036	0.52339	0.17265	0.05354	0.00907	0.00262	0.00371	0.03457	0.00589	0.00522

[dist]
# distance from previous block
# <min> <max>
0	5

[block]
# block no. 1 follows, 35 sequences, length 27
# corresponding to MSA columns:
# 323-349
name=unknown_B
#
# <colnr> <probs for GDERKNQSTAVLIFYWHMCP>
#	G	D	E	R	K	N	Q	S	T	A	V	L	I	F	Y	W	H	M	C	P
0	0.02006	0.06984	0.01934	0.17423	0.02449	0.43976	0.03669	0.04070	0.03351	0.04357	0.03262	0.01454	0.01041	0.00670	0.00592	0.00178	0.00976	0.00490	0.00357	0.00762
1	0.01588	0.01419	0.01479	0.05916	0.01830	0.04697	0.01060	0.03228	0.65199	0.02543	0.02424	0.02273	0.01822	0.00838	0.00642	0.00213	0.00551	0.00695	0.00610	0.00974
2	0.01137	0.00767	0.01036	0.09417	0.02966	0.00756	0.00836	0.02883	0.01389	0.09361	0.03428	0.29658	0.15216	0.06210	0.00913	0.00263	0.00497	0.12085	0.00557	0.00625
3	0.01527	0.06675	0.19701	0.15913	0.17573	0.03179	0.12332	0.06229	0.01477	0.04170	0.01201	0.01522	0.00919	0.00626	0.00693	0.00200	0.04293	0.00554	0.00328	0.00886
4	0.00906	0.00680	0.01020	0.01020	0.01133	0.00793	0.00793	0.01133	0.01020	0.01473	0.01699	0.02492	0.01586	0.04758	0.75191	0.01020	0.01699	0.00680	0.00340	0.00566
5	0.00773	0.00552	0.00736	0.00883	0.00920	0.00515	0.00589	0.00883	0.01215	0.01619	0.03497	0.77291	0.04196	0.01987	0.00810	0.00258	0.00368	0.01803	0.00589	0.00515
6	0.01272	0.03281	0.74418	0.01808	0.02746	0.01473	0.02344	0.02009	0.01339	0.02009	0.01138	0.01339	0.00804	0.00603	0.00603	0.00201	0.00938	0.00469	0.00268	0.00938
7	0.01448	0.08528	0.42396	0.03851	0.15124	0.03011	0.04228	0.05634	0.03854	0.02084	0.01261	0.01582	0.00980	0.00641	0.00608	0.00196	0.00854	0.02474	0.00320	0.00927
8	0.01134	0.00933	0.01036	0.00958	0.01178	0.03361	0.00729	0.01851	0.22219	0.02488	0.46154	0.04024	0.09071	0.01170	0.00713	0.00204	0.00387	0.01011	0.00664	0.00716
9	0.02830	0.01105	0.01488	0.01141	0.01632	0.00970	0.00942	0.05595	0.01858	0.71624	0.02467	0.02136	0.01552	0.00784	0.00638	0.00196	0.00546	0.00636	0.00780	0.01080
10	0.00817	0.00645	0.00735	0.00713	0.00898	0.00564	0.00535	0.01040	0.01604	0.02089	0.36677	0.05488	0.43006	0.01467	0.00749	0.00208	0.00311	0.01252	0.00638	0.00564
11	0.01529	0.03720	0.02720	0.07244	0.18248	0.03509	0.32820	0.01915	0.01439	0.07006	0.01534	0.07650	0.01331	0.05432	0.00849	0.00231	0.00857	0.00759	0.00373	0.00834
12	0.01490	0.00879	0.01054	0.00924	0.01217	0.00830	0.00722	0.01980	0.13237	0.21545	0.24459	0.04036	0.22688	0.01174	0.00702	0.00205	0.00403	0.00993	0.00683	0.00776
13	0.02846	0.01080	0.01472	0.01129	0.01619	0.00932	0.00932	0.03092	0.01816	0.74187	0.02503	0.02159	0.01570	0.00785	0.00638	0.00196	0.00540	0.00638	0.00785	0.01080
14	0.01659	0.01707	0.02528	0.05626	0.57918	0.11122	0.06231	0.02019	0.01489	0.01989	0.01169	0.01527	0.00973	0.00577	0.00629	0.00187	0.00827	0.00556	0.00315	0.00952
15	0.04415	0.59262	0.03195	0.01556	0.10214	0.02270	0.07838	0.01916	0.01320	0.01658	0.00956	0.01148	0.00846	0.00546	0.00465	0.00151	0.00718	0.00405	0.00285	0.00836
16	0.00770	0.00607	0.00696	0.00764	0.00901	0.00534	0.00547	0.00914	0.01348	0.01680	0.05069	0.36404	0.41478	0.01774	0.00780	0.00236	0.00351	0.04030	0.00589	0.00529
17	0.02692	0.01045	0.01423	0.01103	0.01566	0.00906	0.00906	0.02942	0.01814	0.68517	0.08115	0.02363	0.01920	0.00826	0.00647	0.00197	0.00521	0.00678	0.00778	0.01042
18	0.02313	0.01969	0.01897	0.01711	0.09055	0.18477	0.01257	0.41448	0.05442	0.07957	0.01479	0.01521	0.01082	0.00723	0.00620	0.00186	0.00786	0.00544	0.00543	0.00990
19	0.75688	0.05004	0.03420	0.00878	0.01295	0.01477	0.00760	0.01871	0.01098	0.02754	0.00891	0.01040	0.00697	0.00587	0.00400	0.00194	0.00514	0.00347	0.00383	0.00701
20	0.01558	0.01747	0.10747	0.06016	0.48486	0.04850	0.01810	0.02184	0.12247	0.02112	0.01386	0.01650	0.01108	0.00621	0.00625	0.00194	0.00758	0.00570	0.00358	0.00973
21	0.00786	0.00586	0.00735	0.00848	0.00934	0.00536	0.00595	0.00921	0.01286	0.01662	0.04170	0.55619	0.20309	0.01882	0.00801	0.00250	0.00373	0.06596	0.00589	0.00525
22	0.01588	0.01476	0.02411	0.08258	0.60836	0.01507	0.01824	0.07686	0.01561	0.02191	0.01393	0.01727	0.03441	0.00621	0.00633	0.00191	0.00740	0.00592	0.00348	0.00976
23	0.01021	0.00702	0.00866	0.00815	0.01003	0.00646	0.00614	0.01341	0.04791	0.07156	0.47314	0.09210	0.19413	0.01350	0.00740	0.00207	0.00333	0.01174	0.00672	0.00631
24	0.01884	0.45554	0.07330	0.01375	0.01876	0.26391	0.03999	0.02121	0.01468	0.01566	0.00947	0.01107	0.00820	0.00583	0.00487	0.00152	0.00864	0.00387	0.00291	0.00798
25	0.01214	0.01144	0.01932	0.73013	0.07409	0.01414	0.01770	0.01635	0.01276	0.01641	0.01130	0.01686	0.00853	0.00631	0.00634	0.00210	0.00842	0.00564	0.00283	0.00718
26	0.10370	0.06684	0.16948	0.02006	0.17410	0.04972	0.05210	0.14583	0.09245	0.04585	0.01369	0.01512	0.01036	0.00649	0.00591	0.00192	0.00750	0.00530	0.00417	0.00940

[dist]
# distance from previous block
# <min> <max>
1	3

[block]
# block no. 2 follows, 35 sequences, length 53
# corresponding to MSA columns:
# 353-372,378-410
name=unknown_C
#
# <colnr> <probs for GDERKNQSTAVLIFYWHMCP>
#	G	D	E	R	K	N	Q	S	T	A	V	L	I	F	Y	W	H	M	C	P
0	0.41399	0.01574	0.01407	0.01166	0.01596	0.08904	0.02656	0.21472	0.05889	0.02970	0.01192	0.01288	0.00901	0.00652	0.00505	0.00188	0.00628	0.00447	0.00466	0.04698
1	0.00894	0.00663	0.00830	0.00914	0.01006	0.00654	0.00641	0.01200	0.09032	0.01788	0.08377	0.52032	0.07422	0.05055	0.00929	0.02067	0.00401	0.04939	0.00587	0.00568
2	0.01019	0.00804	0.01009	0.00963	0.01169	0.00795	0.02452	0.01542	0.13208	0.02286	0.35689	0.04952	0.16793	0.01344	0.00755	0.00222	0.00406	0.13294	0.00641	0.00657
3	0.07094	0.32496	0.07872	0.01566	0.02091	0.16503	0.15156	0.03785	0.01468	0.03470	0.01051	0.01250	0.00859	0.00593	0.00566	0.00171	0.02411	0.00461	0.00321	0.00817
4	0.03253	0.01437	0.02426	0.14843	0.51512	0.01485	0.06250	0.01998	0.04830	0.03961	0.01284	0.01640	0.01030	0.00595	0.00633	0.00195	0.00765	0.00581	0.00340	0.00944
5	0.00845	0.00627	0.00741	0.00765	0.00917	0.00554	0.00554	0.01025	0.01466	0.03728	0.21081	0.27574	0.34571	0.01630	0.00765	0.00224	0.00336	0.01419	0.00620	0.00558
6	0.01194	0.00976	0.01256	0.01203	0.01426	0.01037	0.05425	0.01972	0.26520	0.02058	0.02911	0.15305	0.04677	0.09299	0.01018	0.00286	0.00550	0.21600	0.00569	0.00718
7	0.02154	0.19316	0.10522	0.01430	0.01945	0.21198	0.04521	0.07115	0.03507	0.20235	0.01454	0.01479	0.01059	0.00663	0.00569	0.00175	0.00812	0.00493	0.00452	0.00899
8	0.01319	0.01115	0.01305	0.01201	0.03099	0.06859	0.05633	0.08860	0.09199	0.01857	0.02005	0.06016	0.03492	0.27768	0.11146	0.03658	0.00806	0.03584	0.00440	0.00636
9	0.05621	0.00854	0.01112	0.00950	0.01249	0.00775	0.00746	0.02020	0.01719	0.33422	0.33165	0.09825	0.03668	0.01103	0.00689	0.00203	0.00418	0.00946	0.00712	0.00803
10	0.00896	0.00632	0.00838	0.00957	0.01029	0.00616	0.00718	0.01056	0.01255	0.01655	0.03167	0.36842	0.03638	0.15883	0.01282	0.00337	0.00497	0.27635	0.00549	0.00518
11	0.17611	0.11259	0.02171	0.01838	0.14388	0.01752	0.09755	0.19161	0.11429	0.02696	0.01374	0.01508	0.01058	0.00652	0.00572	0.00190	0.00683	0.00537	0.00448	0.00918
12	0.00936	0.00708	0.00860	0.00853	0.00991	0.00719	0.00619	0.01238	0.08562	0.01723	0.10618	0.10541	0.21459	0.13279	0.18431	0.05653	0.00718	0.01034	0.00499	0.00557
13	0.08206	0.32753	0.18309	0.01471	0.02047	0.18416	0.06916	0.02073	0.01414	0.01770	0.00992	0.01172	0.00814	0.00584	0.00512	0.00167	0.00855	0.00416	0.00297	0.00816
14	0.00955	0.00604	0.00750	0.00753	0.00772	0.00608	0.00466	0.00914	0.00934	0.01246	0.01967	0.05343	0.04806	0.48610	0.08572	0.20433	0.00667	0.00850	0.00367	0.00381
15	0.01052	0.00683	0.00897	0.00824	0.01001	0.00625	0.00625	0.01347	0.01797	0.08202	0.67813	0.04535	0.05637	0.01257	0.00740	0.00199	0.00318	0.01107	0.00705	0.00637
16	0.01498	0.01434	0.02445	0.17869	0.60335	0.01488	0.01911	0.01884	0.01410	0.01985	0.01181	0.01594	0.00974	0.00579	0.00629	0.00193	0.00771	0.00565	0.00308	0.00947
17	0.01982	0.37916	0.07442	0.01391	0.01860	0.36398	0.01237	0.02203	0.01530	0.01556	0.00945	0.01099	0.00815	0.00599	0.00497	0.00153	0.00914	0.00380	0.00297	0.00786
18	0.01299	0.01283	0.02431	0.02334	0.19618	0.01232	0.30219	0.01642	0.01359	0.01855	0.01855	0.12061	0.03337	0.12439	0.01106	0.00277	0.00797	0.03717	0.00380	0.00759
19	0.00786	0.00644	0.00693	0.00681	0.00879	0.00551	0.00511	0.00981	0.01532	0.01919	0.22968	0.05768	0.56821	0.01530	0.00749	0.00211	0.00316	0.01292	0.00616	0.00551
20	0.00911	0.00610	0.00695	0.00707	0.00710	0.00607	0.00401	0.00919	0.00946	0.01261	0.02117	0.09928	0.02456	0.71725	0.03038	0.00587	0.00596	0.00992	0.00401	0.00395
21	0.19856	0.09631	0.03751	0.02155	0.25229	0.14245	0.04365	0.05676	0.05609	0.02227	0.01155	0.01364	0.00933	0.00610	0.00549	0.00184	0.00754	0.00480	0.00364	0.00863
22	0.01519	0.01446	0.02376	0.12967	0.50726	0.01509	0.05113	0.02116	0.11807	0.02096	0.01392	0.01709	0.01118	0.00616	0.00637	0.00197	0.00744	0.00596	0.00358	0.00958
23	0.02829	0.01107	0.01489	0.01142	0.01633	0.00973	0.00943	0.05793	0.01862	0.71421	0.02464	0.02134	0.01551	0.00784	0.00638	0.00196	0.00546	0.00635	0.00779	0.01080
24	0.01406	0.01340	0.02278	0.35822	0.43104	0.01464	0.01865	0.01803	0.01367	0.01873	0.01164	0.01624	0.00935	0.00596	0.00631	0.00199	0.00794	0.00565	0.00300	0.00872
25	0.09632	0.03926	0.27859	0.02000	0.17828	0.03739	0.03285	0.02263	0.01472	0.19878	0.01454	0.01557	0.01030	0.00637	0.00594	0.00194	0.00759	0.00521	0.00421	0.00952
26	0.01565	0.01757	0.05803	0.02511	0.03143	0.01628	0.61665	0.07566	0.03639	0.02204	0.01335	0.01703	0.00994	0.00564	0.00732	0.00212	0.01020	0.00725	0.00353	0.00880
27	0.00886	0.00648	0.00831	0.00786	0.00940	0.00594	0.00589	0.01174	0.01768	0.02477	0.68031	0.04849	0.11410	0.01322	0.00748	0.00201	0.00301	0.01163	0.00690	0.00594
28	0.01033	0.00757	0.01017	0.01140	0.01288	0.00769	0.00962	0.01421	0.07143	0.01922	0.03315	0.16231	0.03587	0.01713	0.00849	0.00281	0.00548	0.54825	0.00590	0.00609
29	0.01554	0.01491	0.02546	0.07011	0.70756	0.01503	0.01939	0.01933	0.01437	0.02053	0.01190	0.01575	0.00998	0.00568	0.00628	0.00189	0.00758	0.00565	0.00313	0.00992
30	0.01682	0.00904	0.01327	0.01268	0.03788	0.00839	0.04520	0.01947	0.01564	0.27913	0.04744	0.14704	0.02819	0.01325	0.00763	0.00243	0.00560	0.27671	0.00638	0.00781
31	0.01958	0.01552	0.01648	0.01368	0.01794	0.01755	0.01096	0.34493	0.40861	0.03267	0.02099	0.01982	0.01545	0.00815	0.00641	0.00204	0.00591	0.00651	0.00641	0.01038
32	0.45618	0.01688	0.01463	0.08139	0.09148	0.19086	0.02759	0.02015	0.01316	0.02328	0.00970	0.01189	0.00772	0.00605	0.00490	0.00189	0.00720	0.00411	0.00357	0.00737
33	0.82186	0.01227	0.00932	0.00834	0.01227	0.01423	0.00687	0.01865	0.01080	0.02846	0.00883	0.01031	0.00687	0.00589	0.00393	0.00196	0.00491	0.00344	0.00393	0.00687
34	0.00918	0.00755	0.00814	0.00918	0.00973	0.06423	0.00613	0.01019	0.01223	0.01564	0.03106	0.61898	0.03687	0.11592	0.01101	0.00296	0.00461	0.01580	0.00542	0.00516
35	0.00906	0.00680	0.01020	0.01020	0.01133	0.00793	0.00793	0.01133	0.01020	0.01473	0.01699	0.02492	0.01586	0.04758	0.75191	0.01020	0.01699	0.00680	0.00340	0.00566
36	0.01315	0.01128	0.01315	0.00940	0.01503	0.00846	0.00752	0.01597	0.01315	0.02067	0.01128	0.01315	0.00940	0.00470	0.00470	0.00094	0.00470	0.00376	0.00376	0.81583
37	0.02846	0.01080	0.01472	0.01129	0.01619	0.00932	0.00932	0.03092	0.01816	0.74187	0.02503	0.02159	0.01570	0.00785	0.00638	0.00196	0.00540	0.00638	0.00785	0.01080
38	0.01315	0.01128	0.01315	0.00940	0.01503	0.00846	0.00752	0.01597	0.01315	0.02067	0.01128	0.01315	0.00940	0.00470	0.00470	0.00094	0.00470	0.00376	0.00376	0.81583
39	0.00773	0.00552	0.00736	0.00883	0.00920	0.00515	0.00589	0.00883	0.01215	0.01619	0.03497	0.77291	0.04196	0.01987	0.00810	0.00258	0.00368	0.01803	0.00589	0.00515
40	0.01533	0.01469	0.02508	0.11140	0.66793	0.01497	0.01928	0.01914	0.01427	0.02027	0.01187	0.01582	0.00989	0.00572	0.00629	0.00191	0.00763	0.00565	0.00311	0.00975
41	0.00918	0.00678	0.00709	0.00682	0.00918	0.00567	0.00518	0.01086	0.01476	0.07537	0.06111	0.05788	0.67712	0.01541	0.00741	0.00213	0.00339	0.01283	0.00605	0.00579
42	0.00771	0.00558	0.00730	0.00867	0.00916	0.00517	0.00581	0.00885	0.01231	0.01626	0.03701	0.72329	0.09026	0.01961	0.00806	0.00255	0.00365	0.01771	0.00589	0.00517
43	0.01419	0.29198	0.49787	0.01558	0.02359	0.01833	0.01908	0.01971	0.01322	0.01830	0.01050	0.01228	0.00807	0.00582	0.00535	0.00178	0.00848	0.00424	0.00269	0.00895
44	0.00888	0.00641	0.00839	0.00805	0.00946	0.00592	0.00598	0.01172	0.01750	0.02471	0.67892	0.10469	0.05844	0.01351	0.00753	0.00204	0.00305	0.01199	0.00690	0.00592
45	0.00803	0.00642	0.00718	0.00704	0.00891	0.00557	0.00526	0.01012	0.01565	0.02007	0.30205	0.07456	0.47663	0.01506	0.00751	0.00210	0.00315	0.01283	0.00628	0.00557
46	0.01228	0.01158	0.01957	0.70372	0.09944	0.01417	0.01777	0.01647	0.01283	0.01657	0.01133	0.01682	0.00858	0.00629	0.00634	0.00210	0.00838	0.00564	0.00284	0.00729
47	0.01534	0.01242	0.01434	0.01408	0.07322	0.01375	0.01008	0.04670	0.48910	0.05885	0.15332	0.02703	0.02559	0.00910	0.00662	0.00209	0.00492	0.00776	0.00635	0.00936
48	0.73678	0.01384	0.01028	0.00915	0.01305	0.07261	0.00744	0.03846	0.01189	0.02776	0.00909	0.01053	0.00708	0.00599	0.00413	0.00194	0.00548	0.00355	0.00394	0.00702
49	0.00942	0.00654	0.00825	0.00841	0.00994	0.00595	0.00633	0.01162	0.01544	0.05469	0.30760	0.22451	0.20074	0.01556	0.00772	0.00227	0.00364	0.08914	0.00639	0.00586
50	0.01590	0.59360	0.21122	0.01266	0.01908	0.02251	0.01401	0.01927	0.01302	0.01622	0.00946	0.01098	0.00811	0.00558	0.00456	0.00152	0.00743	0.00372	0.00270	0.00845
51	0.01643	0.01655	0.02478	0.05479	0.64578	0.09122	0.01868	0.01999	0.01477	0.02007	0.01170	0.01529	0.00981	0.00576	0.00622	0.00186	0.00796	0.00549	0.00315	0.00969
