[name]
unknown

[dist]
# distance from previous block
# <min> <max>
0	9

[block]
# block no. 0 follows, 35 sequences, length 8
# corresponding to MSA columns:
# 9-16
name=unknown_A
#
# <colnr> <probs for GDERKNQSTAVLIFYWHMCP>
#	G	D	E	R	K	N	Q	S	T	A	V	L	I	F	Y	W	H	M	C	P
0	0.12394	0.00800	0.01010	0.01122	0.01302	0.00827	0.00975	0.01391	0.01407	0.02031	0.03012	0.06298	0.03236	0.01589	0.00808	0.00279	0.00571	0.59792	0.00557	0.00599
1	0.00767	0.00577	0.00710	0.00817	0.00903	0.00521	0.00559	0.00891	0.01279	0.01646	0.04307	0.57607	0.23357	0.01882	0.00793	0.00246	0.00355	0.01675	0.00589	0.00521
2	0.01315	0.01128	0.01315	0.00940	0.01503	0.00846	0.00752	0.01597	0.01315	0.02067	0.01128	0.01315	0.00940	0.00470	0.00470	0.00094	0.00470	0.00376	0.00376	0.81583
3	0.00792	0.00566	0.00759	0.00906	0.00951	0.00532	0.00623	0.00917	0.01234	0.01641	0.03486	0.71792	0.04153	0.01969	0.00815	0.00260	0.00385	0.07109	0.00589	0.00521
4	0.01851	0.01487	0.01902	0.01523	0.01944	0.01636	0.10933	0.23008	0.29561	0.07701	0.02117	0.02096	0.04324	0.00828	0.00760	0.00211	0.05883	0.00687	0.00579	0.00970
5	0.01627	0.01527	0.02029	0.01671	0.01848	0.04849	0.07018	0.16251	0.01471	0.02083	0.01063	0.01488	0.00932	0.01155	0.05270	0.00287	0.47714	0.00575	0.00361	0.00783
6	0.01556	0.01394	0.01982	0.09601	0.35867	0.06351	0.01494	0.06338	0.01507	0.05813	0.01759	0.12349	0.04190	0.00878	0.00756	0.00206	0.05935	0.00761	0.00404	0.00859
7	0.01679	0.45050	0.06668	0.01578	0.09319	0.02122	0.06032	0.06858	0.11428	0.01950	0.01237	0.01363	0.01019	0.00607	0.00512	0.00165	0.00703	0.00466	0.00356	0.00888

[dist]
# distance from previous block
# <min> <max>
1	14

[block]
# block no. 1 follows, 35 sequences, length 45
# corresponding to MSA columns:
# 31-75
name=unknown_B
#
# <colnr> <probs for GDERKNQSTAVLIFYWHMCP>
#	G	D	E	R	K	N	Q	S	T	A	V	L	I	F	Y	W	H	M	C	P
0	0.01496	0.01387	0.02276	0.18247	0.46787	0.01456	0.03345	0.05995	0.03359	0.02141	0.06219	0.01835	0.01343	0.00648	0.00641	0.00195	0.00739	0.00614	0.00362	0.00916
1	0.01345	0.13589	0.60347	0.01759	0.02624	0.01625	0.06262	0.01995	0.01342	0.01939	0.01111	0.01317	0.00814	0.00590	0.00584	0.00193	0.00909	0.00467	0.00271	0.00916
2	0.01535	0.01496	0.02573	0.06855	0.57240	0.01541	0.08195	0.01961	0.03773	0.02033	0.01222	0.01603	0.01014	0.00610	0.00731	0.00198	0.05553	0.00586	0.00322	0.00958
3	0.00843	0.00633	0.00753	0.00780	0.00900	0.00569	0.00535	0.00980	0.01299	0.01716	0.12739	0.32112	0.21392	0.15626	0.01211	0.00295	0.00399	0.01356	0.00553	0.05309
4	0.06444	0.01792	0.01783	0.01595	0.04192	0.28503	0.12708	0.01892	0.01479	0.04435	0.01757	0.20769	0.01778	0.03586	0.00814	0.00220	0.04283	0.00854	0.00413	0.00705
5	0.46973	0.01547	0.01324	0.01114	0.01534	0.07634	0.00905	0.22912	0.05945	0.03074	0.01184	0.01267	0.00889	0.00662	0.00495	0.00193	0.00607	0.00439	0.00475	0.00827
6	0.01064	0.00566	0.00825	0.00842	0.00862	0.00559	0.00578	0.00862	0.00913	0.01205	0.01603	0.06572	0.04629	0.02139	0.02216	0.68654	0.00533	0.04737	0.00325	0.00318
7	0.01217	0.01088	0.01628	0.02043	0.26667	0.01077	0.04862	0.03498	0.08603	0.01996	0.03080	0.19536	0.18108	0.01175	0.00710	0.00216	0.00557	0.02681	0.00485	0.00776
8	0.01198	0.01128	0.01903	0.76180	0.04369	0.01409	0.01762	0.01621	0.01268	0.01621	0.01128	0.01691	0.00846	0.00634	0.00634	0.00211	0.00846	0.00564	0.00282	0.00705
9	0.00772	0.00555	0.00733	0.00874	0.00918	0.00516	0.00585	0.00884	0.01223	0.01623	0.03605	0.74661	0.06756	0.01973	0.00808	0.00256	0.00366	0.01786	0.00589	0.00516
10	0.00750	0.00643	0.00643	0.00643	0.00857	0.00536	0.00482	0.00910	0.01446	0.01714	0.06427	0.06105	0.73490	0.01607	0.00750	0.00214	0.00321	0.01339	0.00589	0.00536
11	0.00938	0.00609	0.00723	0.00727	0.00734	0.00613	0.00428	0.00920	0.00924	0.01237	0.01925	0.05804	0.02189	0.63804	0.06416	0.09703	0.00651	0.00893	0.00376	0.00384
12	0.02494	0.01645	0.01822	0.01397	0.01902	0.01772	0.01154	0.58711	0.02763	0.17230	0.01708	0.01643	0.01172	0.00766	0.00635	0.00191	0.00668	0.00584	0.00663	0.01079
13	0.01696	0.78087	0.03324	0.01085	0.01628	0.02510	0.01085	0.01900	0.01289	0.01493	0.00882	0.01018	0.00814	0.00543	0.00407	0.00136	0.00678	0.00339	0.00271	0.00814
14	0.01380	0.01404	0.05152	0.37959	0.36352	0.01462	0.03611	0.01797	0.01358	0.01855	0.01162	0.01622	0.00921	0.00599	0.00633	0.00200	0.00812	0.00565	0.00297	0.00857
15	0.02398	0.02838	0.01788	0.01596	0.01943	0.66363	0.01209	0.07156	0.01877	0.05562	0.01097	0.01223	0.00874	0.00668	0.00580	0.00167	0.01082	0.00432	0.00372	0.00776
16	0.02086	0.01573	0.01698	0.01354	0.01794	0.01741	0.01100	0.50979	0.15855	0.03584	0.09786	0.02041	0.01790	0.00840	0.00649	0.00196	0.00617	0.00663	0.00644	0.01011
17	0.01211	0.01141	0.01927	0.73612	0.06834	0.01413	0.01768	0.01632	0.01275	0.01637	0.01130	0.01687	0.00851	0.00632	0.00634	0.00211	0.00842	0.00564	0.00283	0.00715
18	0.02370	0.03023	0.01798	0.01634	0.01961	0.75158	0.01226	0.02533	0.01798	0.01553	0.00981	0.01144	0.00817	0.00654	0.00572	0.00163	0.01144	0.00409	0.00327	0.00735
19	0.00772	0.00556	0.00732	0.00873	0.00917	0.00516	0.00584	0.00885	0.01225	0.01624	0.03626	0.74138	0.07265	0.01971	0.00807	0.00256	0.00366	0.01783	0.00589	0.00516
20	0.00912	0.00611	0.00695	0.00705	0.00708	0.00608	0.00398	0.00920	0.00943	0.01257	0.02102	0.09177	0.02436	0.72503	0.03063	0.00590	0.00598	0.00983	0.00398	0.00393
21	0.00773	0.00552	0.00736	0.00883	0.00920	0.00515	0.00589	0.00883	0.01215	0.01619	0.03497	0.77291	0.04196	0.01987	0.00810	0.00258	0.00368	0.01803	0.00589	0.00515
22	0.00918	0.00613	0.00693	0.00698	0.00699	0.00612	0.00391	0.00921	0.00932	0.01242	0.02045	0.06406	0.02365	0.75371	0.03154	0.00604	0.00607	0.00950	0.00391	0.00388
23	0.00773	0.00552	0.00736	0.00883	0.00920	0.00515	0.00589	0.00883	0.01215	0.01619	0.03497	0.77291	0.04196	0.01987	0.00810	0.00258	0.00368	0.01803	0.00589	0.00515
24	0.00774	0.00586	0.00717	0.00819	0.00914	0.00529	0.00570	0.00906	0.01294	0.01658	0.04390	0.53134	0.25427	0.01863	0.00794	0.00245	0.00361	0.03907	0.00589	0.00524
25	0.00778	0.00556	0.00741	0.00880	0.00921	0.00519	0.00589	0.00896	0.01238	0.01656	0.06285	0.74397	0.04267	0.01960	0.00807	0.00255	0.00365	0.01777	0.00593	0.00519
26	0.02370	0.03023	0.01798	0.01634	0.01961	0.75158	0.01226	0.02533	0.01798	0.01553	0.00981	0.01144	0.00817	0.00654	0.00572	0.00163	0.01144	0.00409	0.00327	0.00735
27	0.00801	0.00564	0.00728	0.00847	0.00877	0.00534	0.00550	0.00891	0.01159	0.01546	0.03213	0.63426	0.03838	0.16342	0.01268	0.00325	0.00415	0.01636	0.00550	0.00490
28	0.02361	0.01738	0.01863	0.01434	0.01924	0.01922	0.01178	0.69252	0.02913	0.03905	0.01539	0.01612	0.01120	0.03352	0.00722	0.00205	0.00695	0.00583	0.00626	0.01055
29	0.00923	0.00615	0.00692	0.00692	0.00692	0.00615	0.00384	0.00923	0.00923	0.01230	0.01999	0.04151	0.02306	0.77705	0.03229	0.00615	0.00615	0.00923	0.00384	0.00384
30	0.02846	0.01080	0.01472	0.01129	0.01619	0.00932	0.00932	0.03092	0.01816	0.74187	0.02503	0.02159	0.01570	0.00785	0.00638	0.00196	0.00540	0.00638	0.00785	0.01080
31	0.00929	0.00615	0.00693	0.00692	0.00700	0.00614	0.00392	0.00944	0.00956	0.01294	0.03880	0.04120	0.02385	0.73671	0.03090	0.00592	0.00598	0.00920	0.02517	0.00395
32	0.00892	0.00648	0.00840	0.00792	0.00944	0.00596	0.00594	0.01186	0.01783	0.02513	0.70919	0.04790	0.08499	0.01308	0.00748	0.00200	0.00300	0.01154	0.00694	0.00596
33	0.01272	0.03281	0.74418	0.01808	0.02746	0.01473	0.02344	0.02009	0.01339	0.02009	0.01138	0.01339	0.00804	0.00603	0.00603	0.00201	0.00938	0.00469	0.00268	0.00938
34	0.00781	0.00555	0.00734	0.00873	0.00908	0.00521	0.00578	0.00885	0.01199	0.01599	0.03417	0.73418	0.04096	0.05997	0.00938	0.00277	0.00381	0.01757	0.00578	0.00508
35	0.01090	0.00822	0.00943	0.00927	0.01084	0.00844	0.00679	0.06196	0.12303	0.01946	0.08227	0.14689	0.13185	0.23336	0.01463	0.00343	0.00499	0.10264	0.00549	0.00609
36	0.00915	0.00674	0.01011	0.01011	0.01119	0.00782	0.00782	0.01119	0.01011	0.01456	0.01672	0.02466	0.01564	0.04641	0.71873	0.04694	0.01647	0.00674	0.00337	0.00553
37	0.82186	0.01227	0.00932	0.00834	0.01227	0.01423	0.00687	0.01865	0.01080	0.02846	0.00883	0.01031	0.00687	0.00589	0.00393	0.00196	0.00491	0.00344	0.00393	0.00687
38	0.00831	0.00648	0.00746	0.00732	0.00906	0.00574	0.00549	0.01046	0.01561	0.02033	0.33233	0.05495	0.39142	0.05518	0.00886	0.00233	0.00340	0.04348	0.00622	0.00555
39	0.01146	0.00638	0.00890	0.00876	0.00918	0.00651	0.00601	0.03776	0.04142	0.01357	0.02984	0.07670	0.01480	0.02050	0.02160	0.66754	0.00535	0.00667	0.00339	0.00365
40	0.01665	0.01406	0.01483	0.01309	0.01683	0.01619	0.01025	0.10490	0.65341	0.02794	0.02472	0.02279	0.01847	0.00850	0.00644	0.00213	0.00523	0.00702	0.00644	0.01012
41	0.02370	0.03023	0.01798	0.01634	0.01961	0.75158	0.01226	0.02533	0.01798	0.01553	0.00981	0.01144	0.00817	0.00654	0.00572	0.00163	0.01144	0.00409	0.00327	0.00735
42	0.02412	0.01777	0.01904	0.01460	0.01967	0.01967	0.01206	0.71633	0.02983	0.03998	0.01523	0.01523	0.01079	0.00762	0.00635	0.00190	0.00698	0.00571	0.00635	0.01079
43	0.00773	0.00552	0.00736	0.00883	0.00920	0.00515	0.00589	0.00883	0.01215	0.01619	0.03497	0.77291	0.04196	0.01987	0.00810	0.00258	0.00368	0.01803	0.00589	0.00515
44	0.79548	0.03746	0.01011	0.00842	0.01240	0.01459	0.00700	0.01866	0.01086	0.02802	0.00883	0.01030	0.00691	0.00587	0.00393	0.00194	0.00497	0.00343	0.00389	0.00691

[dist]
# distance from previous block
# <min> <max>
0	44

[block]
# block no. 2 follows, 35 sequences, length 99
# corresponding to MSA columns:
# 120-218
name=unknown_C
#
# <colnr> <probs for GDERKNQSTAVLIFYWHMCP>
#	G	D	E	R	K	N	Q	S	T	A	V	L	I	F	Y	W	H	M	C	P
0	0.00773	0.00552	0.00736	0.00883	0.00920	0.00515	0.00589	0.00883	0.01215	0.01619	0.03497	0.77291	0.04196	0.01987	0.00810	0.00258	0.00368	0.01803	0.00589	0.00515
1	0.00750	0.00643	0.00643	0.00643	0.00857	0.00536	0.00482	0.00910	0.01446	0.01714	0.06427	0.06105	0.73490	0.01607	0.00750	0.00214	0.00321	0.01339	0.00589	0.00536
2	0.02412	0.01777	0.01904	0.01460	0.01967	0.01967	0.01206	0.71633	0.02983	0.03998	0.01523	0.01523	0.01079	0.00762	0.00635	0.00190	0.00698	0.00571	0.00635	0.01079
3	0.01696	0.78087	0.03324	0.01085	0.01628	0.02510	0.01085	0.01900	0.01289	0.01493	0.00882	0.01018	0.00814	0.00543	0.00407	0.00136	0.00678	0.00339	0.00271	0.00814
4	0.02489	0.01653	0.01827	0.01401	0.01906	0.01784	0.01157	0.59484	0.02776	0.16439	0.01697	0.01636	0.01166	0.00766	0.00635	0.00191	0.00670	0.00583	0.00661	0.01079
5	0.00923	0.00615	0.00692	0.00692	0.00692	0.00615	0.00384	0.00923	0.00923	0.01230	0.01999	0.04151	0.02306	0.77705	0.03229	0.00615	0.00615	0.00923	0.00384	0.00384
6	0.01388	0.01388	0.01943	0.01666	0.01666	0.01943	0.01388	0.01527	0.00972	0.01527	0.00833	0.01388	0.00833	0.01110	0.02082	0.00278	0.76544	0.00555	0.00278	0.00694
7	0.01022	0.00730	0.01022	0.01168	0.01314	0.00730	0.01022	0.01314	0.01460	0.01899	0.03359	0.07156	0.03651	0.01752	0.00876	0.00292	0.00584	0.69478	0.00584	0.00584
8	0.00923	0.00615	0.00692	0.00692	0.00692	0.00615	0.00384	0.00923	0.00923	0.01230	0.01999	0.04151	0.02306	0.77705	0.03229	0.00615	0.00615	0.00923	0.00384	0.00384
9	0.00923	0.00615	0.00692	0.00692	0.00692	0.00615	0.00384	0.00923	0.00923	0.01230	0.01999	0.04151	0.02306	0.77705	0.03229	0.00615	0.00615	0.00923	0.00384	0.00384
10	0.01696	0.78087	0.03324	0.01085	0.01628	0.02510	0.01085	0.01900	0.01289	0.01493	0.00882	0.01018	0.00814	0.00543	0.00407	0.00136	0.00678	0.00339	0.00271	0.00814
11	0.01183	0.00591	0.00591	0.00591	0.00739	0.00591	0.00443	0.01478	0.01330	0.02365	0.02069	0.02365	0.01626	0.00739	0.00443	0.00148	0.00296	0.00591	0.81227	0.00591
12	0.01545	0.01328	0.01406	0.01267	0.01616	0.01530	0.00984	0.03266	0.69166	0.02648	0.06019	0.02482	0.02133	0.00882	0.00650	0.00214	0.00492	0.00738	0.00648	0.00984
13	0.75986	0.01270	0.01008	0.00883	0.01284	0.01465	0.00727	0.07287	0.01228	0.02936	0.00933	0.01069	0.00717	0.00602	0.00411	0.00196	0.00507	0.00361	0.00411	0.00717
14	0.00773	0.00552	0.00736	0.00883	0.00920	0.00515	0.00589	0.00883	0.01215	0.01619	0.03497	0.77291	0.04196	0.01987	0.00810	0.00258	0.00368	0.01803	0.00589	0.00515
15	0.00795	0.00580	0.00749	0.00842	0.00919	0.00534	0.00580	0.00948	0.01353	0.01811	0.17554	0.55697	0.11673	0.01812	0.00791	0.00242	0.00350	0.01627	0.00610	0.00534
16	0.02311	0.00954	0.01269	0.01017	0.01384	0.00843	0.00799	0.02514	0.01643	0.54063	0.08521	0.02763	0.02092	0.15534	0.01143	0.00277	0.00533	0.00736	0.00701	0.00905
17	0.82186	0.01227	0.00932	0.00834	0.01227	0.01423	0.00687	0.01865	0.01080	0.02846	0.00883	0.01031	0.00687	0.00589	0.00393	0.00196	0.00491	0.00344	0.00393	0.00687
18	0.00773	0.00552	0.00736	0.00883	0.00920	0.00515	0.00589	0.00883	0.01215	0.01619	0.03497	0.77291	0.04196	0.01987	0.00810	0.00258	0.00368	0.01803	0.00589	0.00515
19	0.08732	0.01060	0.01357	0.01069	0.01510	0.00963	0.00875	0.05319	0.01789	0.56434	0.09602	0.02435	0.04263	0.00847	0.00633	0.00197	0.00511	0.00687	0.00734	0.00983
20	0.02846	0.01080	0.01472	0.01129	0.01619	0.00932	0.00932	0.03092	0.01816	0.74187	0.02503	0.02159	0.01570	0.00785	0.00638	0.00196	0.00540	0.00638	0.00785	0.01080
21	0.02386	0.01764	0.01890	0.01455	0.01958	0.01956	0.01200	0.69564	0.05092	0.03957	0.01555	0.01549	0.01105	0.00765	0.00635	0.00191	0.00692	0.00576	0.00635	0.01077
22	0.00876	0.00632	0.00829	0.00813	0.00943	0.00584	0.00597	0.01143	0.01696	0.02385	0.61364	0.17242	0.05677	0.01416	0.00759	0.00210	0.00311	0.01260	0.00679	0.00584
23	0.00764	0.00643	0.00662	0.00657	0.00865	0.00542	0.00493	0.00938	0.01479	0.01792	0.12765	0.05976	0.67103	0.01577	0.00750	0.00213	0.00319	0.01321	0.00599	0.00542
24	0.01651	0.01429	0.01658	0.01414	0.01809	0.01617	0.06498	0.09726	0.60488	0.02733	0.02381	0.02236	0.01780	0.00826	0.00652	0.00213	0.00565	0.00706	0.00619	0.01000
25	0.01539	0.01476	0.02519	0.09910	0.67974	0.01499	0.01932	0.01920	0.01430	0.02035	0.01188	0.01580	0.00992	0.00571	0.00629	0.00190	0.00761	0.00565	0.00311	0.00980
26	0.01138	0.00625	0.00962	0.01065	0.06494	0.00625	0.00659	0.00914	0.00874	0.01177	0.01109	0.01901	0.01094	0.02077	0.02335	0.75220	0.00567	0.00552	0.00278	0.00332
27	0.01348	0.01281	0.02174	0.47031	0.32346	0.01449	0.01836	0.01752	0.01339	0.01803	0.01154	0.01642	0.00910	0.00606	0.00632	0.00202	0.00809	0.00564	0.00295	0.00826
28	0.02758	0.01104	0.01478	0.01130	0.01625	0.00961	0.00932	0.05193	0.01828	0.68462	0.02405	0.02098	0.01524	0.00769	0.00630	0.00191	0.00541	0.00623	0.00761	0.04986
29	0.02370	0.03023	0.01798	0.01634	0.01961	0.75158	0.01226	0.02533	0.01798	0.01553	0.00981	0.01144	0.00817	0.00654	0.00572	0.00163	0.01144	0.00409	0.00327	0.00735
30	0.01462	0.36773	0.42588	0.01485	0.02245	0.01938	0.01780	0.01960	0.01317	0.01778	0.01024	0.01195	0.00808	0.00576	0.00515	0.00172	0.00822	0.00411	0.00269	0.00882
31	0.01396	0.01330	0.02260	0.37725	0.41278	0.01462	0.01860	0.01794	0.01362	0.01861	0.01163	0.01627	0.00930	0.00598	0.00631	0.00199	0.00797	0.00565	0.00299	0.00864
32	0.00912	0.00655	0.00894	0.00894	0.00964	0.00725	0.00637	0.01053	0.00982	0.01380	0.01814	0.03126	0.01861	0.32622	0.47703	0.00865	0.01285	0.00772	0.00357	0.00497
33	0.02412	0.01777	0.01904	0.01460	0.01967	0.01967	0.01206	0.71633	0.02983	0.03998	0.01523	0.01523	0.01079	0.00762	0.00635	0.00190	0.00698	0.00571	0.00635	0.01079
34	0.00908	0.00675	0.00994	0.00994	0.01099	0.00779	0.00762	0.01117	0.01012	0.01454	0.01722	0.02619	0.01641	0.10351	0.69674	0.00989	0.01616	0.00698	0.00343	0.00552
35	0.82186	0.01227	0.00932	0.00834	0.01227	0.01423	0.00687	0.01865	0.01080	0.02846	0.00883	0.01031	0.00687	0.00589	0.00393	0.00196	0.00491	0.00344	0.00393	0.00687
36	0.00907	0.00677	0.01004	0.01004	0.01111	0.00784	0.00773	0.01123	0.01015	0.01461	0.01714	0.02573	0.01621	0.08297	0.71700	0.01000	0.01647	0.00691	0.00342	0.00558
37	0.01101	0.00752	0.01004	0.00990	0.04554	0.00706	0.00704	0.03519	0.01816	0.07144	0.63169	0.04321	0.05311	0.01212	0.00732	0.00198	0.00349	0.01069	0.00683	0.00664
38	0.01198	0.01128	0.01903	0.76180	0.04369	0.01409	0.01762	0.01621	0.01268	0.01621	0.01128	0.01691	0.00846	0.00634	0.00634	0.00211	0.00846	0.00564	0.00282	0.00705
39	0.02846	0.01080	0.01472	0.01129	0.01619	0.00932	0.00932	0.03092	0.01816	0.74187	0.02503	0.02159	0.01570	0.00785	0.00638	0.00196	0.00540	0.00638	0.00785	0.01080
40	0.05198	0.03182	0.70853	0.01761	0.02672	0.01471	0.02263	0.02002	0.01327	0.02050	0.01126	0.01324	0.00798	0.00602	0.00593	0.00201	0.00916	0.00463	0.00274	0.00925
41	0.00943	0.00704	0.00883	0.00828	0.00998	0.00671	0.00624	0.01351	0.07280	0.02509	0.64390	0.04626	0.09216	0.01279	0.00740	0.00202	0.00316	0.01124	0.00688	0.00627
42	0.00769	0.00566	0.00722	0.00846	0.00910	0.00518	0.00572	0.00888	0.01251	0.01634	0.03952	0.66218	0.14975	0.01928	0.00800	0.00251	0.00361	0.01731	0.00589	0.00518
43	0.18287	0.01081	0.01331	0.01074	0.01519	0.01013	0.00891	0.02713	0.01644	0.54558	0.02251	0.02326	0.01559	0.00822	0.00608	0.00204	0.00534	0.05930	0.00692	0.00964
44	0.82186	0.01227	0.00932	0.00834	0.01227	0.01423	0.00687	0.01865	0.01080	0.02846	0.00883	0.01031	0.00687	0.00589	0.00393	0.00196	0.00491	0.00344	0.00393	0.00687
45	0.00926	0.00619	0.00704	0.00710	0.00715	0.00619	0.00408	0.00937	0.00943	0.01255	0.02050	0.04265	0.02357	0.74841	0.03140	0.00603	0.00614	0.03508	0.00392	0.00392
46	0.01049	0.00682	0.00896	0.00824	0.01000	0.00625	0.00625	0.01344	0.01797	0.08112	0.67902	0.04538	0.05643	0.01257	0.00740	0.00199	0.00318	0.01108	0.00705	0.00636
47	0.02370	0.03023	0.01798	0.01634	0.01961	0.75158	0.01226	0.02533	0.01798	0.01553	0.00981	0.01144	0.00817	0.00654	0.00572	0.00163	0.01144	0.00409	0.00327	0.00735
48	0.46658	0.01403	0.01323	0.01080	0.01522	0.01563	0.00891	0.26172	0.01812	0.10325	0.01266	0.01313	0.00911	0.00668	0.00501	0.00194	0.00567	0.00452	0.00515	0.00862
49	0.00773	0.00552	0.00736	0.00883	0.00920	0.00515	0.00589	0.00883	0.01215	0.01619	0.03497	0.77291	0.04196	0.01987	0.00810	0.00258	0.00368	0.01803	0.00589	0.00515
50	0.00899	0.00605	0.00699	0.00722	0.00728	0.00599	0.00417	0.00916	0.00969	0.01292	0.02237	0.15758	0.02606	0.65690	0.02845	0.00558	0.00576	0.01062	0.00417	0.00405
51	0.00773	0.00552	0.00736	0.00883	0.00920	0.00515	0.00589	0.00883	0.01215	0.01619	0.03497	0.77291	0.04196	0.01987	0.00810	0.00258	0.00368	0.01803	0.00589	0.00515
52	0.00797	0.00574	0.00739	0.00842	0.00902	0.00534	0.00567	0.00924	0.01277	0.01704	0.11667	0.58288	0.09279	0.07546	0.00979	0.00275	0.00375	0.01628	0.00586	0.00517
53	0.00923	0.00615	0.00692	0.00692	0.00692	0.00615	0.00384	0.00923	0.00923	0.01230	0.01999	0.04151	0.02306	0.77705	0.03229	0.00615	0.00615	0.00923	0.00384	0.00384
54	0.00769	0.00639	0.00672	0.00673	0.00871	0.00542	0.00501	0.00944	0.01477	0.01810	0.14446	0.09393	0.61904	0.01587	0.00752	0.00215	0.00321	0.01338	0.00602	0.00542
55	0.02776	0.01193	0.01542	0.01182	0.01676	0.01101	0.00977	0.14235	0.02005	0.62776	0.02343	0.02056	0.01490	0.00781	0.00637	0.00195	0.00566	0.00627	0.00761	0.01079
56	0.03536	0.00628	0.00719	0.00735	0.00765	0.00624	0.00443	0.00968	0.01042	0.01446	0.07750	0.15702	0.02840	0.57247	0.02560	0.00512	0.00547	0.01061	0.00442	0.00432
57	0.01038	0.00707	0.00797	0.00762	0.00805	0.00726	0.00462	0.06425	0.01086	0.01453	0.01952	0.03893	0.02187	0.69345	0.05376	0.00595	0.00657	0.00887	0.00402	0.00444
58	0.00751	0.00638	0.00648	0.00655	0.00860	0.00534	0.00488	0.00909	0.01434	0.01709	0.06273	0.09844	0.69851	0.01627	0.00753	0.00216	0.00324	0.01363	0.00589	0.00534
59	0.00953	0.00681	0.00943	0.01090	0.01206	0.00671	0.00903	0.01195	0.01393	0.01821	0.03397	0.26517	0.03801	0.01817	0.00858	0.00283	0.00524	0.50796	0.00585	0.00565
60	0.02235	0.01670	0.01820	0.01481	0.04180	0.01845	0.01167	0.60062	0.08227	0.03674	0.01622	0.01740	0.01213	0.05140	0.00783	0.00216	0.00680	0.00602	0.00611	0.01031
61	0.01319	0.03085	0.66419	0.01786	0.02636	0.01526	0.02232	0.04244	0.01364	0.02036	0.01127	0.01349	0.00815	0.00647	0.00719	0.00207	0.06806	0.00479	0.00281	0.00923
62	0.15532	0.01152	0.01416	0.01105	0.01581	0.01084	0.00912	0.07711	0.01780	0.57821	0.02174	0.01934	0.01394	0.00752	0.00598	0.00196	0.00543	0.00586	0.00712	0.01017
63	0.00893	0.00648	0.00841	0.00793	0.00945	0.00597	0.00595	0.01188	0.01784	0.02517	0.71237	0.04783	0.08178	0.01307	0.00748	0.00200	0.00300	0.01153	0.00695	0.00597
64	0.01272	0.03281	0.74418	0.01808	0.02746	0.01473	0.02344	0.02009	0.01339	0.02009	0.01138	0.01339	0.00804	0.00603	0.00603	0.00201	0.00938	0.00469	0.00268	0.00938
65	0.01198	0.01128	0.01903	0.76180	0.04369	0.01409	0.01762	0.01621	0.01268	0.01621	0.01128	0.01691	0.00846	0.00634	0.00634	0.00211	0.00846	0.00564	0.00282	0.00705
66	0.02353	0.00983	0.01318	0.01084	0.01471	0.00873	0.00863	0.05051	0.01719	0.54930	0.02697	0.19458	0.02158	0.01062	0.00677	0.00210	0.00506	0.00904	0.00735	0.00949
67	0.00752	0.00636	0.00650	0.00661	0.00862	0.00534	0.00490	0.00908	0.01428	0.01706	0.06199	0.11638	0.68105	0.01636	0.00754	0.00218	0.00325	0.01375	0.00589	0.00534
68	0.01272	0.03281	0.74418	0.01808	0.02746	0.01473	0.02344	0.02009	0.01339	0.02009	0.01138	0.01339	0.00804	0.00603	0.00603	0.00201	0.00938	0.00469	0.00268	0.00938
69	0.01315	0.01128	0.01315	0.00940	0.01503	0.00846	0.00752	0.01597	0.01315	0.02067	0.01128	0.01315	0.00940	0.00470	0.00470	0.00094	0.00470	0.00376	0.00376	0.81583
70	0.01315	0.01128	0.01315	0.00940	0.01503	0.00846	0.00752	0.01597	0.01315	0.02067	0.01128	0.01315	0.00940	0.00470	0.00470	0.00094	0.00470	0.00376	0.00376	0.81583
71	0.01272	0.03281	0.74418	0.01808	0.02746	0.01473	0.02344	0.02009	0.01339	0.02009	0.01138	0.01339	0.00804	0.00603	0.00603	0.00201	0.00938	0.00469	0.00268	0.00938
72	0.00874	0.00648	0.00815	0.00773	0.00933	0.00589	0.00580	0.01152	0.01740	0.02412	0.62783	0.04956	0.16698	0.01346	0.00748	0.00202	0.00303	0.01178	0.00681	0.00589
73	0.01570	0.01507	0.02575	0.03894	0.73748	0.01507	0.01947	0.01947	0.01444	0.02073	0.01193	0.01570	0.01005	0.00565	0.00628	0.00188	0.00754	0.00565	0.00314	0.01005
74	0.01388	0.01388	0.01943	0.01666	0.01666	0.01943	0.01388	0.01527	0.00972	0.01527	0.00833	0.01388	0.00833	0.01110	0.02082	0.00278	0.76544	0.00555	0.00278	0.00694
75	0.01305	0.09095	0.68893	0.01752	0.02659	0.01554	0.02246	0.02001	0.01335	0.01969	0.01119	0.01314	0.00804	0.00598	0.00588	0.00196	0.00917	0.00459	0.00268	0.00928
76	0.01198	0.01128	0.01903	0.76180	0.04369	0.01409	0.01762	0.01621	0.01268	0.01621	0.01128	0.01691	0.00846	0.00634	0.00634	0.00211	0.00846	0.00564	0.00282	0.00705
77	0.00773	0.00552	0.00736	0.00883	0.00920	0.00515	0.00589	0.00883	0.01215	0.01619	0.03497	0.77291	0.04196	0.01987	0.00810	0.00258	0.00368	0.01803	0.00589	0.00515
78	0.00897	0.00604	0.00699	0.00724	0.00731	0.00598	0.00419	0.00916	0.00972	0.01296	0.02253	0.16545	0.02627	0.64875	0.02819	0.00554	0.00573	0.01072	0.00419	0.00407
79	0.00919	0.00643	0.00832	0.00821	0.00963	0.00590	0.00607	0.01169	0.01648	0.04261	0.50941	0.19029	0.10650	0.01453	0.00760	0.00214	0.00328	0.02915	0.00668	0.00590
80	0.00886	0.00648	0.00832	0.00786	0.00941	0.00594	0.00590	0.01175	0.01769	0.02479	0.68207	0.04845	0.11232	0.01321	0.00748	0.00201	0.00301	0.01162	0.00690	0.00594
81	0.02412	0.01777	0.01904	0.01460	0.01967	0.01967	0.01206	0.71633	0.02983	0.03998	0.01523	0.01523	0.01079	0.00762	0.00635	0.00190	0.00698	0.00571	0.00635	0.01079
82	0.00878	0.00645	0.00823	0.00784	0.00937	0.00589	0.00586	0.01157	0.01741	0.02428	0.64224	0.07081	0.13057	0.01351	0.00750	0.00203	0.00304	0.01187	0.00683	0.00589
83	0.00797	0.00569	0.00764	0.00911	0.00958	0.00536	0.00631	0.00925	0.01238	0.01647	0.03483	0.70473	0.04143	0.01965	0.00816	0.00261	0.00389	0.08382	0.00588	0.00522
84	0.82186	0.01227	0.00932	0.00834	0.01227	0.01423	0.00687	0.01865	0.01080	0.02846	0.00883	0.01031	0.00687	0.00589	0.00393	0.00196	0.00491	0.00344	0.00393	0.00687
85	0.00807	0.00566	0.00726	0.00840	0.00868	0.00538	0.00543	0.00892	0.01148	0.01531	0.03157	0.60702	0.03767	0.19162	0.01358	0.00339	0.00424	0.01604	0.00543	0.00486
86	0.00779	0.00567	0.00729	0.00848	0.00908	0.00523	0.00572	0.00899	0.01253	0.01653	0.06299	0.64813	0.11893	0.03963	0.00866	0.00260	0.00367	0.01705	0.00587	0.00517
87	0.00898	0.00648	0.00848	0.00798	0.00948	0.00599	0.00599	0.01197	0.01796	0.02544	0.73413	0.04739	0.05986	0.01297	0.00748	0.00200	0.00299	0.01147	0.00698	0.00599
88	0.02370	0.03023	0.01798	0.01634	0.01961	0.75158	0.01226	0.02533	0.01798	0.01553	0.00981	0.01144	0.00817	0.00654	0.00572	0.00163	0.01144	0.00409	0.00327	0.00735
89	0.00774	0.00562	0.00726	0.00855	0.00908	0.00520	0.00574	0.00887	0.01230	0.01619	0.03742	0.68615	0.10826	0.03833	0.00864	0.00262	0.00370	0.01737	0.00584	0.00514
90	0.00863	0.00647	0.00800	0.00762	0.00927	0.00584	0.00571	0.01130	0.01714	0.02351	0.57834	0.05057	0.21685	0.01369	0.00749	0.00203	0.00304	0.01192	0.00673	0.00584
91	0.82186	0.01227	0.00932	0.00834	0.01227	0.01423	0.00687	0.01865	0.01080	0.02846	0.00883	0.01031	0.00687	0.00589	0.00393	0.00196	0.00491	0.00344	0.00393	0.00687
92	0.00760	0.00646	0.00657	0.00663	0.00875	0.00543	0.00503	0.00926	0.01447	0.01721	0.06307	0.06146	0.70779	0.01612	0.00755	0.00217	0.00332	0.03984	0.00589	0.00537
93	0.00915	0.00675	0.00994	0.00994	0.01104	0.00780	0.00767	0.01136	0.01025	0.01491	0.01722	0.02551	0.01614	0.07385	0.70177	0.00977	0.01615	0.00686	0.02832	0.00560
94	0.02700	0.01047	0.01425	0.01104	0.01569	0.00907	0.00907	0.02950	0.01814	0.68826	0.07809	0.02352	0.01901	0.00823	0.00646	0.00197	0.00522	0.00676	0.00779	0.01044
95	0.00923	0.00615	0.00692	0.00692	0.00692	0.00615	0.00384	0.00923	0.00923	0.01230	0.01999	0.04151	0.02306	0.77705	0.03229	0.00615	0.00615	0.00923	0.00384	0.00384
96	0.01697	0.01968	0.02877	0.05201	0.06759	0.20310	0.37850	0.02073	0.01493	0.01831	0.01137	0.01516	0.00907	0.00646	0.00867	0.00208	0.10921	0.00620	0.00315	0.00807
97	0.01554	0.01498	0.02040	0.01762	0.01780	0.02012	0.01444	0.01643	0.01085	0.01689	0.01011	0.01623	0.00997	0.01210	0.02113	0.00306	0.74504	0.00609	0.00338	0.00782
98	0.80123	0.01341	0.01057	0.00954	0.01353	0.01507	0.00762	0.01972	0.01190	0.02972	0.01060	0.01275	0.00856	0.00703	0.00470	0.00227	0.00550	0.00403	0.00450	0.00775

[dist]
# distance from previous block
# <min> <max>
27	68

[block]
# block no. 3 follows, 35 sequences, length 149
# corresponding to MSA columns:
# 295-443
name=unknown_D
#
# <colnr> <probs for GDERKNQSTAVLIFYWHMCP>
#	G	D	E	R	K	N	Q	S	T	A	V	L	I	F	Y	W	H	M	C	P
0	0.07470	0.00997	0.03513	0.00993	0.01229	0.00962	0.00784	0.05984	0.03753	0.05168	0.02696	0.14848	0.13085	0.15133	0.01257	0.00287	0.07198	0.04936	0.00489	0.09217
1	0.08731	0.07235	0.01743	0.01287	0.01730	0.01755	0.01060	0.39774	0.16730	0.04952	0.07159	0.01877	0.01587	0.00792	0.00608	0.00193	0.00605	0.00610	0.00598	0.00975
2	0.44552	0.01416	0.01335	0.01106	0.01534	0.01592	0.00916	0.29522	0.01871	0.04908	0.01302	0.01567	0.01015	0.00722	0.00519	0.00199	0.00579	0.03993	0.00507	0.00846
3	0.26356	0.01457	0.01425	0.01184	0.01602	0.06567	0.00958	0.16562	0.14193	0.19158	0.01684	0.01638	0.01199	0.00733	0.00596	0.00198	0.02478	0.00532	0.00568	0.00915
4	0.14478	0.06136	0.01719	0.01470	0.01819	0.56993	0.01126	0.02442	0.05090	0.01800	0.01039	0.01180	0.00851	0.00649	0.00541	0.00170	0.00992	0.00410	0.00350	0.00745
5	0.02410	0.01822	0.01900	0.01466	0.01967	0.04623	0.01206	0.69125	0.02940	0.03909	0.01503	0.01509	0.01069	0.00758	0.00632	0.00189	0.00714	0.00565	0.00623	0.01066
6	0.01642	0.01599	0.03301	0.02376	0.02975	0.01501	0.57479	0.02117	0.01508	0.10408	0.01403	0.01733	0.01028	0.00580	0.00767	0.00208	0.03506	0.00711	0.00376	0.04781
7	0.00759	0.00646	0.00655	0.00660	0.00872	0.00542	0.00500	0.00924	0.01446	0.01720	0.06327	0.06139	0.71221	0.01611	0.00754	0.00217	0.00330	0.03553	0.00589	0.00537
8	0.01022	0.00730	0.01022	0.01168	0.01314	0.00730	0.01022	0.01314	0.01460	0.01899	0.03359	0.07156	0.03651	0.01752	0.00876	0.00292	0.00584	0.69478	0.00584	0.00584
9	0.01421	0.01363	0.02341	0.32477	0.44345	0.01471	0.03785	0.01820	0.01376	0.01893	0.01170	0.01622	0.00941	0.00592	0.00634	0.00198	0.00799	0.00570	0.00301	0.00882
10	0.78939	0.01249	0.00972	0.00860	0.01257	0.01445	0.00708	0.04705	0.01157	0.02893	0.00909	0.01051	0.00703	0.00596	0.00402	0.00196	0.00499	0.00353	0.00402	0.00703
11	0.00898	0.00648	0.00848	0.00798	0.00948	0.00599	0.00599	0.01197	0.01796	0.02544	0.73413	0.04739	0.05986	0.01297	0.00748	0.00200	0.00299	0.01147	0.00698	0.00599
12	0.00923	0.00615	0.00692	0.00692	0.00692	0.00615	0.00384	0.00923	0.00923	0.01230	0.01999	0.04151	0.02306	0.77705	0.03229	0.00615	0.00615	0.00923	0.00384	0.00384
13	0.00773	0.00552	0.00736	0.00883	0.00920	0.00515	0.00589	0.00883	0.01215	0.01619	0.03497	0.77291	0.04196	0.01987	0.00810	0.00258	0.00368	0.01803	0.00589	0.00515
14	0.01388	0.01388	0.01943	0.01666	0.01666	0.01943	0.01388	0.01527	0.00972	0.01527	0.00833	0.01388	0.00833	0.01110	0.02082	0.00278	0.76544	0.00555	0.00278	0.00694
15	0.00767	0.00643	0.00667	0.00661	0.00867	0.00543	0.00496	0.00944	0.01487	0.01810	0.14216	0.05946	0.65640	0.01571	0.00750	0.00213	0.00319	0.01317	0.00602	0.00543
16	0.00773	0.00552	0.00736	0.00883	0.00920	0.00515	0.00589	0.00883	0.01215	0.01619	0.03497	0.77291	0.04196	0.01987	0.00810	0.00258	0.00368	0.01803	0.00589	0.00515
17	0.02846	0.01080	0.01472	0.01129	0.01619	0.00932	0.00932	0.03092	0.01816	0.74187	0.02503	0.02159	0.01570	0.00785	0.00638	0.00196	0.00540	0.00638	0.00785	0.01080
18	0.01696	0.78087	0.03324	0.01085	0.01628	0.02510	0.01085	0.01900	0.01289	0.01493	0.00882	0.01018	0.00814	0.00543	0.00407	0.00136	0.00678	0.00339	0.00271	0.00814
19	0.01578	0.01363	0.01434	0.01291	0.01650	0.01578	0.01004	0.03371	0.72602	0.02654	0.02582	0.02367	0.01937	0.00861	0.00646	0.00215	0.00502	0.00717	0.00646	0.01004
20	0.00773	0.00552	0.00736	0.00883	0.00920	0.00515	0.00589	0.00883	0.01215	0.01619	0.03497	0.77291	0.04196	0.01987	0.00810	0.00258	0.00368	0.01803	0.00589	0.00515
21	0.82186	0.01227	0.00932	0.00834	0.01227	0.01423	0.00687	0.01865	0.01080	0.02846	0.00883	0.01031	0.00687	0.00589	0.00393	0.00196	0.00491	0.00344	0.00393	0.00687
22	0.02412	0.01777	0.01904	0.01460	0.01967	0.01967	0.01206	0.71633	0.02983	0.03998	0.01523	0.01523	0.01079	0.00762	0.00635	0.00190	0.00698	0.00571	0.00635	0.01079
23	0.00898	0.00648	0.00848	0.00798	0.00948	0.00599	0.00599	0.01197	0.01796	0.02544	0.73413	0.04739	0.05986	0.01297	0.00748	0.00200	0.00299	0.01147	0.00698	0.00599
24	0.82186	0.01227	0.00932	0.00834	0.01227	0.01423	0.00687	0.01865	0.01080	0.02846	0.00883	0.01031	0.00687	0.00589	0.00393	0.00196	0.00491	0.00344	0.00393	0.00687
25	0.00898	0.00648	0.00848	0.00798	0.00948	0.00599	0.00599	0.01197	0.01796	0.02544	0.73413	0.04739	0.05986	0.01297	0.00748	0.00200	0.00299	0.01147	0.00698	0.00599
26	0.00750	0.00643	0.00643	0.00643	0.00857	0.00536	0.00482	0.00910	0.01446	0.01714	0.06427	0.06105	0.73490	0.01607	0.00750	0.00214	0.00321	0.01339	0.00589	0.00536
27	0.00789	0.00644	0.00697	0.00684	0.00881	0.00552	0.00513	0.00986	0.01538	0.01933	0.24109	0.05745	0.55671	0.01525	0.00749	0.00210	0.00316	0.01288	0.00618	0.00552
28	0.02412	0.01777	0.01904	0.01460	0.01967	0.01967	0.01206	0.71633	0.02983	0.03998	0.01523	0.01523	0.01079	0.00762	0.00635	0.00190	0.00698	0.00571	0.00635	0.01079
29	0.02697	0.01212	0.01541	0.01193	0.01679	0.01143	0.00982	0.14437	0.06333	0.58217	0.02346	0.02067	0.01511	0.00786	0.00638	0.00196	0.00564	0.00632	0.00752	0.01075
30	0.00842	0.00635	0.00779	0.00767	0.00920	0.00571	0.00566	0.01081	0.01629	0.02205	0.46667	0.14188	0.23895	0.01467	0.00756	0.00211	0.00314	0.01281	0.00655	0.00571
31	0.00778	0.00554	0.00735	0.00877	0.00913	0.00519	0.00582	0.00885	0.01205	0.01607	0.03448	0.74915	0.04134	0.04448	0.00888	0.00269	0.00376	0.01775	0.00582	0.00511
32	0.01022	0.00730	0.01022	0.01168	0.01314	0.00730	0.01022	0.01314	0.01460	0.01899	0.03359	0.07156	0.03651	0.01752	0.00876	0.00292	0.00584	0.69478	0.00584	0.00584
33	0.01427	0.01567	0.03220	0.09027	0.03096	0.01586	0.53060	0.01888	0.01388	0.01905	0.01236	0.01710	0.00968	0.00831	0.04726	0.00263	0.10276	0.00705	0.00313	0.00808
34	0.01145	0.00822	0.01055	0.01111	0.01282	0.00850	0.00901	0.03811	0.12055	0.03990	0.05039	0.20008	0.03292	0.01691	0.02847	0.03005	0.00551	0.35306	0.00588	0.00652
35	0.00915	0.00612	0.00694	0.00701	0.00703	0.00610	0.00394	0.00921	0.00937	0.01249	0.02071	0.07689	0.02398	0.74043	0.03112	0.00598	0.00603	0.00965	0.00394	0.00391
36	0.82186	0.01227	0.00932	0.00834	0.01227	0.01423	0.00687	0.01865	0.01080	0.02846	0.00883	0.01031	0.00687	0.00589	0.00393	0.00196	0.00491	0.00344	0.00393	0.00687
37	0.01102	0.00551	0.00826	0.00826	0.00826	0.00551	0.00551	0.00826	0.00826	0.01102	0.01102	0.01928	0.01102	0.02204	0.02479	0.81543	0.00551	0.00551	0.00275	0.00275
38	0.00999	0.00711	0.00984	0.01122	0.01252	0.00709	0.00956	0.01262	0.01413	0.01842	0.03293	0.11907	0.03614	0.06005	0.01003	0.00308	0.00571	0.60908	0.00573	0.00568
39	0.00916	0.00822	0.01109	0.28579	0.02156	0.00859	0.00955	0.01173	0.01380	0.01679	0.04467	0.04473	0.46624	0.01247	0.00707	0.00213	0.00515	0.01052	0.00475	0.00598
40	0.02846	0.01080	0.01472	0.01129	0.01619	0.00932	0.00932	0.03092	0.01816	0.74187	0.02503	0.02159	0.01570	0.00785	0.00638	0.00196	0.00540	0.00638	0.00785	0.01080
41	0.01696	0.78087	0.03324	0.01085	0.01628	0.02510	0.01085	0.01900	0.01289	0.01493	0.00882	0.01018	0.00814	0.00543	0.00407	0.00136	0.00678	0.00339	0.00271	0.00814
42	0.01315	0.01128	0.01315	0.00940	0.01503	0.00846	0.00752	0.01597	0.01315	0.02067	0.01128	0.01315	0.00940	0.00470	0.00470	0.00094	0.00470	0.00376	0.00376	0.81583
43	0.00750	0.00643	0.00643	0.00643	0.00857	0.00536	0.00482	0.00910	0.01446	0.01714	0.06427	0.06105	0.73490	0.01607	0.00750	0.00214	0.00321	0.01339	0.00589	0.00536
44	0.01183	0.00591	0.00591	0.00591	0.00739	0.00591	0.00443	0.01478	0.01330	0.02365	0.02069	0.02365	0.01626	0.00739	0.00443	0.00148	0.00296	0.00591	0.81227	0.00591
45	0.02412	0.01777	0.01904	0.01460	0.01967	0.01967	0.01206	0.71633	0.02983	0.03998	0.01523	0.01523	0.01079	0.00762	0.00635	0.00190	0.00698	0.00571	0.00635	0.01079
46	0.00942	0.00705	0.00911	0.01014	0.01180	0.00673	0.00864	0.01196	0.01456	0.01844	0.04257	0.06848	0.24108	0.01710	0.00839	0.00269	0.00507	0.49519	0.00586	0.00570
47	0.01127	0.00664	0.00799	0.00772	0.00844	0.00639	0.00486	0.01189	0.01121	0.09850	0.07218	0.12324	0.02694	0.54764	0.02478	0.00496	0.00556	0.01006	0.00476	0.00495
48	0.00750	0.00643	0.00643	0.00643	0.00857	0.00536	0.00482	0.00910	0.01446	0.01714	0.06427	0.06105	0.73490	0.01607	0.00750	0.00214	0.00321	0.01339	0.00589	0.00536
49	0.02792	0.01167	0.01526	0.01170	0.01663	0.01062	0.00967	0.11700	0.01962	0.65372	0.02380	0.02079	0.01509	0.00782	0.00638	0.00196	0.00560	0.00630	0.00766	0.01080
50	0.00806	0.00619	0.00741	0.00794	0.00920	0.00561	0.00563	0.01006	0.02952	0.01848	0.17649	0.37844	0.27989	0.01704	0.00774	0.00231	0.00342	0.01499	0.00611	0.00548
51	0.00834	0.00614	0.00789	0.00914	0.00975	0.00596	0.00620	0.01072	0.06630	0.01698	0.03427	0.71607	0.04024	0.01902	0.00797	0.00254	0.00378	0.01721	0.00593	0.00552
52	0.00750	0.00643	0.00643	0.00643	0.00857	0.00536	0.00482	0.00910	0.01446	0.01714	0.06427	0.06105	0.73490	0.01607	0.00750	0.00214	0.00321	0.01339	0.00589	0.00536
53	0.08285	0.00963	0.01235	0.01000	0.01381	0.00869	0.00805	0.02421	0.01717	0.47575	0.18742	0.02875	0.05459	0.02889	0.00715	0.00208	0.00474	0.00768	0.00717	0.00900
54	0.04042	0.00648	0.00818	0.00882	0.01004	0.00605	0.00633	0.01151	0.01351	0.07470	0.10253	0.49710	0.11761	0.01719	0.00772	0.00242	0.00387	0.05366	0.00607	0.00580
55	0.02412	0.01777	0.01904	0.01460	0.01967	0.01967	0.01206	0.71633	0.02983	0.03998	0.01523	0.01523	0.01079	0.00762	0.00635	0.00190	0.00698	0.00571	0.00635	0.01079
56	0.00978	0.00731	0.00919	0.00864	0.01037	0.00712	0.00656	0.01444	0.09727	0.02538	0.63491	0.04541	0.05466	0.01261	0.00740	0.00204	0.00330	0.03028	0.00689	0.00644
57	0.04111	0.00605	0.00735	0.00830	0.00912	0.00570	0.00569	0.00940	0.01223	0.01648	0.03721	0.51777	0.16177	0.07333	0.01015	0.03025	0.00394	0.03348	0.00555	0.00510
58	0.04249	0.01470	0.01666	0.01269	0.01779	0.01491	0.01044	0.40034	0.02345	0.21804	0.01693	0.01640	0.01172	0.00713	0.00601	0.00175	0.00612	0.00549	0.00623	0.15071
59	0.00773	0.00552	0.00736	0.00883	0.00920	0.00515	0.00589	0.00883	0.01215	0.01619	0.03497	0.77291	0.04196	0.01987	0.00810	0.00258	0.00368	0.01803	0.00589	0.00515
60	0.00806	0.00646	0.00727	0.00756	0.00936	0.00567	0.00580	0.00996	0.01465	0.01826	0.13506	0.13218	0.49214	0.01629	0.00773	0.00227	0.00359	0.10619	0.00601	0.00547
61	0.01514	0.01437	0.02318	0.12806	0.55663	0.03324	0.01790	0.03391	0.01445	0.02004	0.01306	0.01901	0.01139	0.03618	0.00738	0.00212	0.00762	0.03380	0.00331	0.00920
62	0.01451	0.34762	0.44500	0.01504	0.02275	0.01910	0.01814	0.01963	0.01318	0.01792	0.01031	0.01204	0.00808	0.00577	0.00520	0.00173	0.00829	0.00414	0.00269	0.00886
63	0.02410	0.01817	0.01900	0.01465	0.01967	0.04312	0.01206	0.69419	0.02945	0.03920	0.01506	0.01511	0.01070	0.00758	0.00633	0.00190	0.00712	0.00566	0.00625	0.01068
64	0.07602	0.00776	0.00898	0.00827	0.01048	0.00742	0.00628	0.01470	0.06339	0.10101	0.24270	0.04038	0.25113	0.01373	0.00936	0.11254	0.00396	0.00976	0.00589	0.00623
65	0.11332	0.01285	0.13506	0.01181	0.01499	0.02843	0.03117	0.01533	0.02901	0.04779	0.06850	0.22305	0.02623	0.01599	0.07590	0.00306	0.00687	0.12898	0.00487	0.00679
66	0.00807	0.00645	0.00721	0.00702	0.00892	0.00560	0.00527	0.01020	0.01580	0.02032	0.32131	0.05581	0.47587	0.01488	0.00749	0.00209	0.00313	0.01265	0.00631	0.00560
67	0.00773	0.00552	0.00736	0.00883	0.00920	0.00515	0.00589	0.00883	0.01215	0.01619	0.03497	0.77291	0.04196	0.01987	0.00810	0.00258	0.00368	0.01803	0.00589	0.00515
68	0.01022	0.00730	0.01022	0.01168	0.01314	0.00730	0.01022	0.01314	0.01460	0.01899	0.03359	0.07156	0.03651	0.01752	0.00876	0.00292	0.00584	0.69478	0.00584	0.00584
69	0.01486	0.01787	0.07162	0.02632	0.03288	0.01598	0.68101	0.02031	0.01490	0.02031	0.01276	0.01693	0.00955	0.00538	0.00742	0.00213	0.01063	0.00735	0.00318	0.00860
70	0.01198	0.01128	0.01903	0.76180	0.04369	0.01409	0.01762	0.01621	0.01268	0.01621	0.01128	0.01691	0.00846	0.00634	0.00634	0.00211	0.00846	0.00564	0.00282	0.00705
71	0.01507	0.01671	0.03475	0.02513	0.03122	0.01601	0.63253	0.02188	0.09766	0.02104	0.01434	0.01787	0.01076	0.00573	0.00737	0.00214	0.01004	0.00745	0.00359	0.00873
72	0.01315	0.01128	0.01315	0.00940	0.01503	0.00846	0.00752	0.01597	0.01315	0.02067	0.01128	0.01315	0.00940	0.00470	0.00470	0.00094	0.00470	0.00376	0.00376	0.81583
73	0.04914	0.01188	0.04152	0.01177	0.03317	0.01141	0.00942	0.10809	0.12961	0.14785	0.21884	0.02748	0.04423	0.01013	0.02417	0.00213	0.03094	0.00758	0.00606	0.07460
74	0.04520	0.03047	0.04136	0.01266	0.01779	0.01266	0.02983	0.19528	0.02044	0.49492	0.02112	0.01913	0.01371	0.00756	0.00628	0.00194	0.00608	0.00606	0.00698	0.01053
75	0.00779	0.00561	0.00741	0.00882	0.00929	0.00522	0.00597	0.00897	0.01230	0.01631	0.03604	0.72615	0.06805	0.01966	0.00809	0.00257	0.00372	0.03697	0.00589	0.00518
76	0.01647	0.69388	0.11592	0.01170	0.01758	0.02390	0.01232	0.01912	0.01295	0.01553	0.00912	0.01055	0.00813	0.00550	0.00430	0.00143	0.00709	0.00354	0.00271	0.00828
77	0.03346	0.03969	0.05461	0.31298	0.02889	0.16816	0.03492	0.01866	0.01325	0.03383	0.01051	0.01465	0.00851	0.00750	0.00963	0.00214	0.19301	0.00521	0.00305	0.00736
78	0.01454	0.00851	0.01088	0.02968	0.01287	0.00823	0.00764	0.05028	0.05087	0.19713	0.23602	0.19165	0.11116	0.01283	0.00754	0.00215	0.02301	0.01104	0.00657	0.00739
79	0.00773	0.00552	0.00736	0.00883	0.00920	0.00515	0.00589	0.00883	0.01215	0.01619	0.03497	0.77291	0.04196	0.01987	0.00810	0.00258	0.00368	0.01803	0.00589	0.00515
80	0.01302	0.01113	0.01301	0.00938	0.01489	0.00837	0.00748	0.01579	0.01313	0.02056	0.01188	0.03240	0.01022	0.00508	0.00478	0.00098	0.00467	0.00412	0.00381	0.79530
81	0.03798	0.01795	0.03291	0.02400	0.02978	0.07280	0.55435	0.08487	0.01630	0.02183	0.01257	0.01622	0.00951	0.00585	0.00758	0.00209	0.03443	0.00689	0.00351	0.00857
82	0.01215	0.00610	0.00651	0.00651	0.00803	0.00599	0.00484	0.01487	0.01340	0.05753	0.02256	0.11068	0.01922	0.00887	0.00495	0.00163	0.00316	0.00734	0.67959	0.00606
83	0.00906	0.00680	0.01020	0.01020	0.01133	0.00793	0.00793	0.01133	0.01020	0.01473	0.01699	0.02492	0.01586	0.04758	0.75191	0.01020	0.01699	0.00680	0.00340	0.00566
84	0.01720	0.01972	0.02868	0.02183	0.02684	0.19698	0.41543	0.02333	0.11914	0.01988	0.01383	0.01656	0.01064	0.00631	0.00735	0.00204	0.03560	0.00654	0.00368	0.00842
85	0.01512	0.01448	0.02469	0.15242	0.62856	0.01492	0.01918	0.01896	0.01417	0.02002	0.01183	0.01589	0.00980	0.00576	0.00629	0.00192	0.00768	0.00565	0.00309	0.00958
86	0.00887	0.00648	0.00833	0.00787	0.00941	0.00594	0.00590	0.01176	0.01770	0.02482	0.68444	0.04840	0.10994	0.01320	0.00748	0.00201	0.00301	0.01161	0.00690	0.00594
