[name]
unknown

[dist]
# distance from previous block
# <min> <max>
7	149

[block]
# block no. 0 follows, 29 sequences, length 8
# corresponding to MSA columns:
# 547-554
name=unknown_A
#
# <colnr> <probs for GDERKNQSTAVLIFYWHMCP>
#	G	D	E	R	K	N	Q	S	T	A	V	L	I	F	Y	W	H	M	C	P
0	0.01783	0.01782	0.02709	0.13742	0.55388	0.07866	0.02085	0.02192	0.01629	0.02204	0.01308	0.01739	0.01085	0.00654	0.00700	0.00213	0.00899	0.00619	0.00349	0.01054
1	0.01727	0.01686	0.02968	0.08720	0.59794	0.01695	0.08540	0.02171	0.01614	0.02289	0.01344	0.01787	0.01112	0.00636	0.00719	0.00216	0.00887	0.00654	0.00351	0.01090
2	0.01889	0.01685	0.01646	0.01457	0.01864	0.07572	0.01136	0.10502	0.52391	0.02975	0.02886	0.02698	0.06150	0.00986	0.00724	0.00234	0.00635	0.00802	0.00690	0.01079
3	0.01993	0.01249	0.01529	0.01118	0.01727	0.00978	0.00905	0.02297	0.01645	0.22958	0.01729	0.01761	0.01267	0.00634	0.00584	0.00140	0.00551	0.00510	0.00560	0.55864
4	0.03816	0.01412	0.02259	0.30007	0.09979	0.01566	0.08754	0.04172	0.03630	0.13379	0.01639	0.03894	0.01257	0.00818	0.00876	0.00236	0.07898	0.00698	0.00456	0.03252
5	0.01543	0.01609	0.03090	0.02606	0.11364	0.01653	0.35972	0.01964	0.01534	0.02143	0.05431	0.07397	0.01709	0.04268	0.01224	0.00272	0.14047	0.00895	0.00399	0.00881
6	0.00937	0.00712	0.00814	0.00805	0.00962	0.00641	0.00569	0.01129	0.01620	0.02115	0.26732	0.09737	0.32077	0.16386	0.01403	0.00328	0.00422	0.01368	0.00655	0.00589
7	0.01222	0.00826	0.01126	0.12417	0.01741	0.00824	0.00928	0.01482	0.01578	0.08117	0.10484	0.26777	0.13833	0.01597	0.00822	0.00256	0.00520	0.08461	0.06293	0.00695

[dist]
# distance from previous block
# <min> <max>
5	11

[block]
# block no. 1 follows, 29 sequences, length 18
# corresponding to MSA columns:
# 566-583
name=unknown_B
#
# <colnr> <probs for GDERKNQSTAVLIFYWHMCP>
#	G	D	E	R	K	N	Q	S	T	A	V	L	I	F	Y	W	H	M	C	P
0	0.06917	0.01178	0.01374	0.01214	0.01506	0.04076	0.02599	0.01832	0.06379	0.07841	0.06615	0.21080	0.09591	0.01315	0.00931	0.00232	0.09416	0.01078	0.00572	0.14254
1	0.01813	0.01983	0.08508	0.01408	0.01923	0.18316	0.03299	0.07200	0.01841	0.05020	0.07647	0.03813	0.08575	0.00873	0.00667	0.00180	0.00772	0.00695	0.00494	0.24973
2	0.16040	0.01058	0.04000	0.00991	0.01291	0.00961	0.00788	0.01853	0.01517	0.16664	0.10798	0.07526	0.10120	0.16697	0.03925	0.00357	0.00601	0.00943	0.03116	0.00754
3	0.01902	0.59793	0.08390	0.01459	0.02108	0.02558	0.08125	0.02212	0.01500	0.04691	0.01132	0.01301	0.00966	0.00624	0.00522	0.00169	0.00820	0.00452	0.00334	0.00941
4	0.00996	0.00734	0.00931	0.00987	0.01107	0.00719	0.00711	0.03569	0.01500	0.01996	0.10672	0.34733	0.14115	0.08348	0.11421	0.00431	0.00663	0.05135	0.00616	0.00615
5	0.02180	0.01657	0.01850	0.07412	0.02232	0.01866	0.01275	0.27303	0.34731	0.08171	0.02320	0.02229	0.01690	0.00898	0.00718	0.00229	0.00679	0.00724	0.00697	0.01136
6	0.12371	0.04542	0.04258	0.01602	0.02049	0.10525	0.08022	0.16268	0.04761	0.06970	0.03419	0.01938	0.03057	0.01160	0.05804	0.00285	0.08256	0.00641	0.00507	0.03566
7	0.00990	0.00747	0.00926	0.00992	0.01117	0.00724	0.00701	0.01361	0.08472	0.02187	0.19541	0.45114	0.10669	0.01884	0.00868	0.00265	0.00406	0.01682	0.00696	0.00658
8	0.01732	0.01824	0.05784	0.14745	0.17204	0.01793	0.31840	0.08890	0.01767	0.02416	0.01393	0.01834	0.01069	0.00680	0.00831	0.00233	0.03871	0.00724	0.00383	0.00988
9	0.01604	0.00999	0.01373	0.01434	0.07164	0.01017	0.00987	0.04040	0.01579	0.16544	0.06045	0.29547	0.03133	0.09045	0.01266	0.00308	0.07940	0.04551	0.00630	0.00793
10	0.01786	0.01270	0.02239	0.01922	0.06924	0.01197	0.20720	0.02165	0.01709	0.18665	0.07961	0.07430	0.04672	0.01526	0.08107	0.00338	0.00896	0.08985	0.00585	0.00904
11	0.01345	0.00939	0.01063	0.01063	0.01255	0.03454	0.00789	0.08203	0.01732	0.07060	0.07306	0.37116	0.11747	0.01713	0.00824	0.00256	0.00495	0.05667	0.07257	0.00716
12	0.02542	0.08902	0.01948	0.01626	0.08814	0.07144	0.01207	0.02924	0.05673	0.39191	0.04893	0.02724	0.01944	0.00934	0.00710	0.00220	0.00694	0.06145	0.00695	0.01070
13	0.04540	0.09424	0.57264	0.01858	0.02809	0.01700	0.02313	0.02339	0.01532	0.07897	0.01369	0.01536	0.00969	0.00687	0.00653	0.00219	0.00973	0.00524	0.00354	0.01043
14	0.01655	0.01453	0.02351	0.40129	0.18781	0.01665	0.04655	0.07435	0.01639	0.05351	0.01390	0.01875	0.01069	0.00833	0.02221	0.00251	0.05292	0.00648	0.00386	0.00923
15	0.01590	0.07655	0.04901	0.05555	0.02297	0.01534	0.16983	0.10586	0.01718	0.04659	0.02167	0.20315	0.02144	0.01425	0.04830	0.00299	0.06566	0.03425	0.00500	0.00854
16	0.02360	0.02026	0.05919	0.02039	0.12665	0.07698	0.01495	0.33886	0.13991	0.07873	0.01852	0.01879	0.01357	0.00822	0.00706	0.00217	0.00800	0.00652	0.00619	0.01144
17	0.01587	0.22053	0.39995	0.01723	0.02568	0.01899	0.04548	0.02261	0.05213	0.02150	0.01296	0.01486	0.00998	0.00657	0.00613	0.00196	0.00901	0.00505	0.00340	0.09011

[dist]
# distance from previous block
# <min> <max>
0	1

[block]
# block no. 2 follows, 29 sequences, length 19
# corresponding to MSA columns:
# 585-603
name=unknown_C
#
# <colnr> <probs for GDERKNQSTAVLIFYWHMCP>
#	G	D	E	R	K	N	Q	S	T	A	V	L	I	F	Y	W	H	M	C	P
0	0.01513	0.01230	0.01494	0.09253	0.01976	0.01092	0.00982	0.08568	0.01653	0.02456	0.01672	0.09578	0.01509	0.00788	0.00607	0.00156	0.00576	0.00659	0.05748	0.48492
1	0.02099	0.01309	0.01750	0.01411	0.01776	0.01350	0.04688	0.11663	0.01802	0.23628	0.02136	0.09507	0.01816	0.09405	0.01327	0.00284	0.13134	0.00831	0.00608	0.09475
2	0.01590	0.01598	0.09310	0.01341	0.01750	0.04241	0.01164	0.05517	0.28598	0.05596	0.13761	0.03482	0.13787	0.01141	0.00817	0.00235	0.03546	0.00932	0.00651	0.00942
3	0.02157	0.01380	0.03864	0.01295	0.01717	0.01343	0.01064	0.20971	0.09590	0.20927	0.11838	0.10789	0.02644	0.01105	0.00739	0.00226	0.00589	0.00922	0.05824	0.01015
4	0.01595	0.01501	0.02440	0.31890	0.36231	0.01656	0.01982	0.02218	0.09194	0.02195	0.01486	0.01919	0.01174	0.00703	0.00710	0.00225	0.00856	0.00653	0.00380	0.00992
5	0.06022	0.01559	0.01590	0.01295	0.01743	0.09055	0.01042	0.19683	0.04525	0.27208	0.02163	0.02113	0.01510	0.00841	0.00651	0.00204	0.00667	0.00646	0.16445	0.01037
6	0.35570	0.01619	0.01437	0.01255	0.01621	0.11256	0.00997	0.02471	0.08466	0.13130	0.01562	0.01804	0.01229	0.05800	0.00961	0.00259	0.08630	0.00560	0.00513	0.00861
7	0.01260	0.01073	0.01036	0.00972	0.01187	0.08173	0.00722	0.01535	0.04208	0.04783	0.20671	0.04990	0.29833	0.09766	0.01166	0.00280	0.03058	0.01172	0.03439	0.00674
8	0.01764	0.01415	0.01872	0.01399	0.01989	0.01238	0.08553	0.12309	0.01838	0.06558	0.01645	0.02147	0.01368	0.00723	0.00639	0.00162	0.00658	0.05801	0.00505	0.47414
9	0.06857	0.01195	0.01132	0.01026	0.01296	0.10625	0.00783	0.01869	0.01830	0.11689	0.29317	0.03996	0.12839	0.03045	0.00802	0.00225	0.00529	0.00991	0.09197	0.00756
10	0.00924	0.00699	0.00825	0.00840	0.00989	0.00630	0.00596	0.01123	0.01633	0.02148	0.26741	0.19925	0.28242	0.10056	0.01170	0.00296	0.00401	0.01486	0.00676	0.00601
11	0.00976	0.00800	0.01209	0.01160	0.01330	0.00734	0.08257	0.01194	0.01539	0.02041	0.13945	0.44820	0.15529	0.01861	0.00880	0.00266	0.00482	0.01695	0.00645	0.00639
12	0.02005	0.06439	0.01841	0.01268	0.01847	0.01448	0.01048	0.18295	0.01981	0.10558	0.01517	0.01622	0.01159	0.00684	0.00667	0.00157	0.03760	0.00515	0.00533	0.42658
13	0.01789	0.33264	0.04913	0.01223	0.01642	0.06479	0.01079	0.02011	0.01522	0.11289	0.02075	0.19927	0.02073	0.03561	0.03930	0.00262	0.00748	0.00887	0.00485	0.00843
14	0.09789	0.01313	0.01344	0.01203	0.01567	0.07460	0.00961	0.05740	0.05529	0.03941	0.05951	0.07501	0.03983	0.01211	0.00824	0.04538	0.00629	0.14899	0.00547	0.21068
15	0.01813	0.32319	0.13532	0.01365	0.01963	0.02018	0.01351	0.10223	0.07229	0.04736	0.10726	0.02018	0.01872	0.00798	0.00609	0.00188	0.00718	0.00606	0.00478	0.05438
16	0.18720	0.01634	0.05688	0.09041	0.16745	0.04685	0.02701	0.05197	0.03300	0.06262	0.05330	0.01976	0.01443	0.00789	0.00742	0.00217	0.05030	0.02082	0.00456	0.07960
17	0.01878	0.01496	0.01918	0.06881	0.14562	0.01606	0.01358	0.22144	0.08083	0.05559	0.05256	0.06599	0.08040	0.01014	0.00839	0.00225	0.05590	0.00829	0.00578	0.05544
18	0.12127	0.04470	0.04643	0.13206	0.13426	0.03830	0.01337	0.01879	0.01430	0.02196	0.01543	0.01995	0.04231	0.05799	0.00906	0.00226	0.04708	0.00591	0.00390	0.21066

[dist]
# distance from previous block
# <min> <max>
10	33

[block]
# block no. 3 follows, 29 sequences, length 10
# corresponding to MSA columns:
# 640-649
name=unknown_D
#
# <colnr> <probs for GDERKNQSTAVLIFYWHMCP>
#	G	D	E	R	K	N	Q	S	T	A	V	L	I	F	Y	W	H	M	C	P
0	0.01883	0.10111	0.02026	0.01664	0.09253	0.11959	0.01206	0.13448	0.04257	0.02470	0.01575	0.01812	0.02888	0.01251	0.09068	0.00283	0.00904	0.00564	0.00455	0.22924
1	0.01816	0.01594	0.04925	0.01288	0.01811	0.07064	0.01060	0.10201	0.08956	0.07965	0.01915	0.10322	0.01661	0.00867	0.00647	0.00176	0.00643	0.00710	0.00543	0.35834
2	0.01383	0.01106	0.01257	0.01166	0.04333	0.04263	0.00829	0.01614	0.01533	0.06750	0.03124	0.21275	0.14315	0.03141	0.00786	0.00208	0.00528	0.01070	0.00551	0.30767
3	0.01200	0.00800	0.00943	0.00953	0.01121	0.00790	0.00691	0.04059	0.06634	0.04665	0.10932	0.29844	0.10879	0.04311	0.03277	0.00287	0.00475	0.01352	0.16095	0.00692
4	0.01746	0.05761	0.07425	0.12907	0.07343	0.04756	0.03734	0.08973	0.09227	0.05908	0.01702	0.05579	0.01426	0.01312	0.07174	0.00318	0.12608	0.00715	0.00459	0.00926
5	0.01828	0.05170	0.05937	0.14399	0.06390	0.10941	0.35406	0.06968	0.01781	0.02267	0.01357	0.01764	0.01035	0.00659	0.00756	0.00225	0.01100	0.00702	0.00374	0.00941
6	0.08137	0.01505	0.01522	0.01307	0.01686	0.06084	0.01036	0.20364	0.17722	0.06637	0.13232	0.02908	0.02512	0.03470	0.00805	0.00238	0.00628	0.03543	0.05705	0.00959
7	0.01030	0.00758	0.01051	0.01065	0.01149	0.00850	0.00781	0.01211	0.01169	0.01664	0.02282	0.15198	0.02393	0.17901	0.41435	0.00843	0.04627	0.01019	0.02980	0.00594
8	0.17394	0.01485	0.02176	0.27251	0.16904	0.01680	0.06394	0.08252	0.01595	0.02466	0.01297	0.01781	0.01037	0.03164	0.00835	0.00245	0.04143	0.00612	0.00393	0.00895
9	0.01651	0.01282	0.01503	0.01105	0.01712	0.01023	0.00884	0.02098	0.06884	0.08412	0.01530	0.01653	0.01205	0.00593	0.00560	0.00126	0.00537	0.00478	0.00486	0.66279

[dist]
# distance from previous block
# <min> <max>
0	5

[block]
# block no. 4 follows, 29 sequences, length 12
# corresponding to MSA columns:
# 655-666
name=unknown_E
#
# <colnr> <probs for GDERKNQSTAVLIFYWHMCP>
#	G	D	E	R	K	N	Q	S	T	A	V	L	I	F	Y	W	H	M	C	P
0	0.05659	0.08134	0.31701	0.01665	0.02456	0.01555	0.07161	0.02208	0.06101	0.02330	0.01360	0.01562	0.01042	0.00640	0.00620	0.00187	0.00829	0.00522	0.00377	0.23890
1	0.01239	0.00933	0.01071	0.00937	0.01179	0.00842	0.00660	0.04501	0.01365	0.01902	0.02415	0.04011	0.07150	0.38650	0.02171	0.00436	0.00620	0.05897	0.00476	0.23545
2	0.01288	0.00910	0.01096	0.01115	0.01326	0.00913	0.00846	0.01874	0.15986	0.07640	0.06726	0.30712	0.13656	0.01721	0.00853	0.00270	0.00486	0.11122	0.00696	0.00764
3	0.01409	0.01186	0.01662	0.36766	0.03071	0.01392	0.01360	0.06392	0.11309	0.02041	0.01819	0.02803	0.01624	0.22452	0.01565	0.00369	0.00806	0.00776	0.00436	0.00763
4	0.01021	0.00701	0.00888	0.00959	0.01092	0.00628	0.00670	0.01184	0.01490	0.05569	0.08793	0.52063	0.15100	0.01967	0.00867	0.00266	0.00414	0.01755	0.00671	0.03900
5	0.01754	0.00947	0.01230	0.02927	0.01472	0.00875	0.00881	0.04747	0.01922	0.23996	0.23960	0.09664	0.13320	0.01389	0.00812	0.00240	0.00497	0.07758	0.00760	0.00848
6	0.01601	0.22922	0.02135	0.01103	0.01728	0.01495	0.00953	0.01892	0.01468	0.02132	0.01185	0.01379	0.01014	0.00551	0.00507	0.00119	0.00596	0.00410	0.00388	0.56422
7	0.01518	0.01303	0.01495	0.01110	0.01711	0.01065	0.00884	0.02073	0.11021	0.02413	0.01496	0.01643	0.01212	0.00589	0.00555	0.00125	0.00532	0.00476	0.00465	0.68314
8	0.01264	0.01172	0.01107	0.01131	0.01313	0.10845	0.00815	0.01707	0.11814	0.02079	0.09012	0.37728	0.13853	0.01704	0.00828	0.00255	0.00545	0.01483	0.00639	0.00707
9	0.01287	0.11845	0.12238	0.01376	0.01658	0.01462	0.01253	0.01558	0.01263	0.01768	0.01898	0.15903	0.01978	0.08331	0.17898	0.00497	0.15740	0.00907	0.00402	0.00739
10	0.01557	0.03248	0.02867	0.07327	0.01858	0.13008	0.01081	0.04202	0.09509	0.02205	0.12086	0.03226	0.12525	0.06812	0.01082	0.00253	0.07069	0.00849	0.00522	0.08715
11	0.02054	0.07071	0.01769	0.02879	0.01789	0.01426	0.04181	0.18325	0.04735	0.13564	0.01953	0.02053	0.01445	0.00776	0.00615	0.00185	0.00610	0.00624	0.21930	0.12016

[dist]
# distance from previous block
# <min> <max>
1	2

[block]
# block no. 5 follows, 29 sequences, length 16
# corresponding to MSA columns:
# 669-684
name=unknown_F
#
# <colnr> <probs for GDERKNQSTAVLIFYWHMCP>
#	G	D	E	R	K	N	Q	S	T	A	V	L	I	F	Y	W	H	M	C	P
0	0.05984	0.50039	0.03221	0.01439	0.01973	0.10730	0.04777	0.05967	0.01598	0.01956	0.01064	0.01262	0.00934	0.00684	0.00642	0.00179	0.05852	0.00446	0.00346	0.00906
1	0.05921	0.03551	0.67270	0.01967	0.02984	0.01650	0.02525	0.02246	0.01487	0.02309	0.01261	0.01484	0.00895	0.00676	0.00663	0.00225	0.01024	0.00518	0.00309	0.01036
2	0.07765	0.00781	0.00946	0.01010	0.01159	0.00761	0.00754	0.01342	0.01467	0.05546	0.07503	0.31455	0.10476	0.10653	0.01192	0.00328	0.00510	0.15088	0.00632	0.00633
3	0.01537	0.01258	0.01255	0.01096	0.01423	0.09466	0.00844	0.03945	0.06871	0.08432	0.29270	0.04035	0.15152	0.01203	0.00752	0.00207	0.00533	0.01007	0.00667	0.11048
4	0.01189	0.00631	0.00903	0.00903	0.00932	0.00616	0.00609	0.00939	0.01011	0.01320	0.01957	0.02729	0.09553	0.02393	0.02549	0.69757	0.00587	0.00725	0.00352	0.00344
5	0.01125	0.00859	0.01225	0.01532	0.10584	0.00848	0.01016	0.01351	0.01449	0.01931	0.03274	0.24368	0.05367	0.13815	0.03433	0.00382	0.00650	0.25559	0.00572	0.00660
6	0.02222	0.19595	0.07292	0.02015	0.10389	0.38358	0.01535	0.02487	0.01744	0.01831	0.01105	0.01342	0.00942	0.00723	0.00720	0.00191	0.05795	0.00477	0.00343	0.00895
7	0.01212	0.01526	0.18072	0.01272	0.01701	0.00970	0.01232	0.01647	0.03074	0.03776	0.17821	0.19540	0.05552	0.01364	0.00786	0.00236	0.00598	0.08217	0.00576	0.10826
8	0.03942	0.10680	0.06627	0.01399	0.01868	0.08643	0.01195	0.08907	0.29081	0.02705	0.08508	0.02496	0.05005	0.00920	0.00677	0.00212	0.00680	0.00728	0.00587	0.05139
9	0.02012	0.17714	0.24173	0.01800	0.04338	0.14449	0.04129	0.08991	0.07778	0.05971	0.01461	0.01584	0.01108	0.00723	0.00642	0.00203	0.00940	0.00545	0.00425	0.01013
10	0.01479	0.01357	0.01500	0.07980	0.01935	0.06133	0.01010	0.01970	0.09665	0.02209	0.02194	0.08241	0.07682	0.00899	0.00711	0.00176	0.03603	0.00730	0.00481	0.40045
11	0.18066	0.01689	0.01669	0.01655	0.09355	0.11572	0.01158	0.16391	0.05959	0.08707	0.01863	0.10472	0.01611	0.01010	0.00746	0.03293	0.00724	0.00745	0.02384	0.00928
12	0.01663	0.07410	0.29127	0.02035	0.04708	0.01630	0.17046	0.02278	0.04478	0.08475	0.01597	0.02005	0.01248	0.06187	0.04423	0.00304	0.03344	0.00672	0.00402	0.00969
13	0.01229	0.01057	0.01464	0.08064	0.01655	0.01322	0.01071	0.01379	0.01146	0.01631	0.01839	0.11453	0.01987	0.23338	0.11851	0.00525	0.27023	0.00932	0.00399	0.00635
14	0.01566	0.01660	0.10370	0.02116	0.15890	0.01419	0.08585	0.02404	0.18862	0.04925	0.06142	0.07048	0.08424	0.00972	0.00741	0.00225	0.00707	0.00876	0.00537	0.06531
15	0.01359	0.01057	0.01271	0.01081	0.01411	0.01008	0.00849	0.01726	0.06243	0.07144	0.13238	0.07789	0.20356	0.01238	0.00922	0.00211	0.09272	0.00995	0.00592	0.22238

[dist]
# distance from previous block
# <min> <max>
9	51

[block]
# block no. 6 follows, 29 sequences, length 176
# corresponding to MSA columns:
# 737-766,773-859,861-890,911-939
name=unknown_G
#
# <colnr> <probs for GDERKNQSTAVLIFYWHMCP>
#	G	D	E	R	K	N	Q	S	T	A	V	L	I	F	Y	W	H	M	C	P
0	0.04787	0.01452	0.05052	0.01308	0.01841	0.01291	0.01109	0.14703	0.06025	0.32811	0.07064	0.04795	0.01968	0.00903	0.00695	0.00207	0.00620	0.00733	0.00722	0.11913
1	0.39919	0.11293	0.09769	0.01192	0.01706	0.01726	0.01111	0.07863	0.06149	0.02946	0.08831	0.01803	0.01593	0.00781	0.00557	0.00213	0.00635	0.00551	0.00487	0.00874
2	0.02182	0.01463	0.04546	0.01878	0.12776	0.01370	0.04900	0.09442	0.11768	0.25412	0.12145	0.02757	0.04227	0.00937	0.00742	0.00224	0.00660	0.00812	0.00687	0.01072
3	0.01463	0.07450	0.55733	0.01911	0.02826	0.01632	0.06750	0.02190	0.01511	0.02263	0.01377	0.01626	0.01007	0.00683	0.00657	0.00216	0.00973	0.00553	0.08179	0.00999
4	0.02685	0.01095	0.01460	0.01175	0.01639	0.00947	0.00949	0.02934	0.01922	0.55978	0.03438	0.10163	0.10102	0.01125	0.00750	0.00230	0.00558	0.00940	0.00833	0.01077
5	0.01525	0.01755	0.10713	0.35263	0.26098	0.01648	0.08729	0.02037	0.01524	0.02083	0.01309	0.01810	0.01015	0.00671	0.00718	0.00228	0.00953	0.00642	0.00331	0.00949
6	0.01629	0.09288	0.07666	0.27919	0.20393	0.05858	0.03625	0.02223	0.08314	0.02089	0.01488	0.03787	0.01214	0.00745	0.00687	0.00220	0.00885	0.00650	0.00378	0.00943
7	0.00872	0.00623	0.00830	0.00989	0.01034	0.00581	0.00661	0.01002	0.01384	0.01850	0.05988	0.72355	0.04772	0.02207	0.00907	0.00287	0.00411	0.02001	0.00665	0.00581
8	0.01154	0.00861	0.01118	0.01211	0.01394	0.00870	0.01005	0.01639	0.09098	0.02266	0.11689	0.13711	0.08118	0.01814	0.00922	0.00297	0.00566	0.40888	0.00679	0.00699
9	0.23106	0.08830	0.01926	0.01375	0.01867	0.03432	0.07667	0.06983	0.04011	0.22708	0.05658	0.02323	0.01708	0.00859	0.00649	0.00221	0.00683	0.04426	0.00605	0.00964
10	0.01556	0.01508	0.02521	0.16420	0.27028	0.01610	0.12229	0.02157	0.09491	0.02209	0.02020	0.05002	0.06348	0.00869	0.00858	0.00236	0.05761	0.00801	0.00422	0.00954
11	0.03117	0.01336	0.01729	0.01326	0.01880	0.01231	0.01095	0.13726	0.02246	0.60477	0.02635	0.02310	0.01675	0.00877	0.00715	0.00219	0.00634	0.00704	0.00855	0.01212
12	0.01015	0.00689	0.00814	0.00832	0.00848	0.00695	0.00497	0.01051	0.01081	0.01453	0.02399	0.12188	0.02752	0.60894	0.09301	0.00686	0.00766	0.01121	0.00452	0.00465
13	0.01695	0.01727	0.05090	0.17528	0.53588	0.03657	0.02138	0.02136	0.01590	0.02209	0.01316	0.01766	0.01080	0.00654	0.00704	0.00216	0.00885	0.00625	0.00344	0.01052
14	0.18755	0.04234	0.02316	0.01785	0.02278	0.11396	0.15700	0.15926	0.11397	0.02899	0.01514	0.01686	0.01159	0.00772	0.00761	0.00224	0.05117	0.00619	0.00497	0.00964
15	0.02393	0.01154	0.01474	0.01181	0.01636	0.01052	0.00952	0.05096	0.07887	0.40502	0.16415	0.02936	0.02734	0.00973	0.00718	0.00211	0.00537	0.00811	0.03385	0.07954
16	0.00872	0.00623	0.00831	0.00988	0.01034	0.00582	0.00661	0.01004	0.01386	0.01854	0.06219	0.72113	0.04779	0.02204	0.00906	0.00287	0.00410	0.01999	0.00665	0.00582
17	0.02132	0.01753	0.01810	0.01528	0.01989	0.04120	0.01215	0.26662	0.43700	0.03477	0.02419	0.02277	0.01792	0.00919	0.00718	0.00230	0.00664	0.00736	0.00709	0.01148
18	0.00904	0.00676	0.00842	0.00943	0.01046	0.00627	0.00653	0.01115	0.03400	0.01985	0.11808	0.52099	0.17224	0.02029	0.00883	0.00271	0.00399	0.01810	0.00676	0.00608
19	0.01853	0.01686	0.03154	0.02326	0.02903	0.01649	0.40487	0.08818	0.03698	0.09396	0.06333	0.04430	0.01677	0.00808	0.00892	0.00236	0.05189	0.00850	0.00494	0.03120
20	0.01710	0.18001	0.07941	0.02514	0.03203	0.02028	0.47123	0.02226	0.01597	0.02126	0.01314	0.01713	0.01028	0.00631	0.00803	0.00223	0.03814	0.00714	0.00343	0.00949
21	0.01672	0.01896	0.04065	0.02925	0.03596	0.01826	0.63459	0.02243	0.01641	0.02243	0.01406	0.01896	0.01071	0.00644	0.00942	0.00245	0.06100	0.00826	0.00357	0.00948
22	0.07039	0.01932	0.03646	0.02920	0.11266	0.05892	0.49786	0.02273	0.01644	0.02299	0.01363	0.01802	0.01051	0.00636	0.00831	0.00234	0.03311	0.00757	0.00364	0.00954
23	0.01568	0.10738	0.02191	0.09486	0.02194	0.01887	0.04960	0.03987	0.14262	0.02109	0.03701	0.02260	0.05417	0.01293	0.05577	0.00307	0.26041	0.00718	0.00441	0.00863
24	0.00872	0.00623	0.00831	0.00988	0.01034	0.00582	0.00661	0.01004	0.01386	0.01854	0.06219	0.72113	0.04779	0.02204	0.00906	0.00287	0.00410	0.01999	0.00665	0.00582
25	0.00972	0.01013	0.09135	0.01079	0.01280	0.00732	0.00892	0.01241	0.01572	0.02166	0.22487	0.44467	0.06620	0.01817	0.00860	0.00262	0.00465	0.01625	0.00654	0.00661
26	0.09062	0.04878	0.06585	0.05764	0.02219	0.28194	0.01355	0.06658	0.08943	0.15117	0.01647	0.01707	0.01212	0.00791	0.00698	0.00210	0.02920	0.00564	0.00516	0.00962
27	0.01490	0.03078	0.54799	0.01935	0.02823	0.01509	0.06734	0.02191	0.01532	0.06350	0.01672	0.09625	0.01385	0.00855	0.00716	0.00233	0.00965	0.00724	0.00379	0.01004
28	0.00867	0.00623	0.00823	0.00984	0.01031	0.00579	0.00658	0.00992	0.01371	0.01821	0.04019	0.72573	0.06587	0.02219	0.00907	0.00288	0.00412	0.02009	0.00661	0.00579
29	0.01737	0.30578	0.34865	0.01732	0.02509	0.08800	0.04108	0.02249	0.01524	0.01972	0.01147	0.01362	0.00915	0.00672	0.00648	0.00197	0.03232	0.00478	0.00311	0.00967
30	0.01941	0.04565	0.02647	0.16804	0.33158	0.07125	0.06630	0.10393	0.01846	0.05996	0.01423	0.01768	0.01109	0.00694	0.00703	0.00215	0.00902	0.00631	0.00417	0.01034
31	0.01869	0.68150	0.07842	0.01277	0.01906	0.02706	0.01303	0.02202	0.04023	0.01761	0.01080	0.01222	0.00961	0.00627	0.00481	0.00160	0.00772	0.00406	0.00320	0.00930
32	0.01614	0.01386	0.01696	0.01519	0.09822	0.01194	0.01060	0.06026	0.08393	0.02517	0.01464	0.01642	0.01185	0.00604	0.00579	0.00138	0.00584	0.00498	0.00461	0.57617
33	0.01838	0.09223	0.11002	0.05255	0.38320	0.09097	0.08616	0.04251	0.01684	0.02241	0.01293	0.01641	0.01052	0.00653	0.00685	0.00208	0.00944	0.00600	0.00354	0.01043
34	0.00952	0.00764	0.01158	0.01162	0.01296	0.00707	0.07388	0.01137	0.01446	0.01914	0.06490	0.57838	0.11016	0.01995	0.00893	0.00277	0.00484	0.01826	0.00635	0.00622
35	0.01084	0.00808	0.01018	0.00951	0.01143	0.00782	0.00717	0.01588	0.08749	0.02868	0.63422	0.05052	0.06264	0.01407	0.00828	0.00226	0.00359	0.01239	0.00778	0.00717
36	0.01288	0.03176	0.01421	0.01300	0.01456	0.09438	0.01023	0.01524	0.01250	0.01670	0.01690	0.02451	0.01571	0.04261	0.54817	0.00921	0.08990	0.00703	0.00371	0.00680
37	0.01501	0.01716	0.09607	0.05936	0.02090	0.03842	0.01575	0.03348	0.01272	0.01862	0.01401	0.10963	0.01424	0.01255	0.01788	0.00289	0.48178	0.00789	0.00367	0.00796
38	0.01051	0.00844	0.00898	0.00851	0.01104	0.00770	0.00646	0.07784	0.01830	0.02292	0.14402	0.10087	0.51508	0.01689	0.00832	0.00239	0.00403	0.01420	0.00682	0.00670
39	0.69447	0.01327	0.01046	0.00933	0.01351	0.01525	0.00764	0.04339	0.01314	0.03186	0.01150	0.01326	0.00892	0.00685	0.00456	0.00215	0.00537	0.00422	0.08311	0.00776
40	0.00897	0.00642	0.00853	0.00971	0.01039	0.00598	0.00663	0.01066	0.01500	0.02036	0.17850	0.59963	0.05132	0.02068	0.00894	0.00275	0.00397	0.01869	0.00687	0.00598
41	0.01771	0.01530	0.01610	0.01449	0.01852	0.01771	0.01127	0.03784	0.69247	0.02979	0.02898	0.02657	0.02174	0.00966	0.00725	0.00242	0.00564	0.00805	0.00725	0.01127
42	0.01477	0.01266	0.01477	0.01055	0.01687	0.00949	0.00844	0.01793	0.01477	0.02320	0.01266	0.01477	0.01055	0.00527	0.00527	0.00105	0.00527	0.00422	0.00422	0.79328
43	0.11960	0.02040	0.12717	0.01509	0.02042	0.12702	0.03533	0.11118	0.03948	0.15305	0.03588	0.03977	0.03469	0.01055	0.03361	0.00253	0.00850	0.02915	0.00554	0.03103
44	0.01743	0.01706	0.03016	0.05947	0.61532	0.01701	0.09420	0.02187	0.01623	0.02309	0.01349	0.01783	0.01118	0.00633	0.00720	0.00215	0.00888	0.00657	0.00352	0.01101
45	0.00868	0.00620	0.00826	0.00991	0.01033	0.00578	0.00661	0.00991	0.01363	0.01818	0.03925	0.74510	0.04710	0.02231	0.00909	0.00289	0.00413	0.02024	0.00661	0.00578
46	0.01621	0.01351	0.01554	0.01123	0.01749	0.01097	0.00904	0.09588	0.01696	0.02575	0.01318	0.01504	0.01073	0.00566	0.00549	0.00118	0.00557	0.00448	0.00456	0.70152
47	0.01861	0.54640	0.11834	0.01372	0.01980	0.09485	0.01384	0.02157	0.01499	0.01758	0.01154	0.03472	0.01054	0.00827	0.02752	0.00200	0.00875	0.00468	0.00324	0.00903
48	0.00868	0.00620	0.00826	0.00991	0.01033	0.00578	0.00661	0.00991	0.01363	0.01818	0.03925	0.74510	0.04710	0.02231	0.00909	0.00289	0.00413	0.02024	0.00661	0.00578
49	0.00991	0.00727	0.00929	0.00878	0.01054	0.00665	0.00659	0.01312	0.01976	0.02762	0.63854	0.05473	0.13081	0.01491	0.00840	0.00226	0.00338	0.01309	0.00772	0.00665
50	0.01428	0.03683	0.71286	0.02030	0.03082	0.01654	0.02631	0.02255	0.01503	0.02255	0.01278	0.01503	0.00902	0.00677	0.00677	0.00226	0.01052	0.00526	0.00301	0.01052
51	0.02402	0.02908	0.01885	0.01715	0.02054	0.57375	0.01298	0.05816	0.01945	0.01864	0.01259	0.01545	0.01069	0.01470	0.11983	0.00337	0.01358	0.00516	0.00386	0.00814
52	0.02660	0.03394	0.02018	0.01834	0.02201	0.72116	0.01376	0.02843	0.02018	0.01743	0.01101	0.01284	0.00917	0.00734	0.00642	0.00183	0.01284	0.00459	0.00367	0.00825
53	0.01477	0.01266	0.01477	0.01055	0.01687	0.00949	0.00844	0.01793	0.01477	0.02320	0.01266	0.01477	0.01055	0.00527	0.00527	0.00105	0.00527	0.00422	0.00422	0.79328
54	0.00999	0.00740	0.00951	0.01084	0.01179	0.00733	0.00778	0.01341	0.08202	0.01979	0.03799	0.57692	0.04367	0.02066	0.00901	0.00290	0.00463	0.11125	0.00667	0.00645
55	0.00860	0.00722	0.00747	0.00741	0.00973	0.00609	0.00555	0.01057	0.01666	0.02026	0.14144	0.06684	0.63250	0.01765	0.00841	0.00239	0.00358	0.01479	0.00675	0.00609
56	0.03195	0.01212	0.01652	0.01267	0.01818	0.01047	0.01047	0.03470	0.02038	0.71026	0.02809	0.02424	0.01763	0.00881	0.00716	0.00220	0.00606	0.00716	0.00881	0.01212
57	0.00842	0.00721	0.00721	0.00721	0.00962	0.00601	0.00541	0.01022	0.01623	0.01924	0.07213	0.06853	0.70244	0.01803	0.00842	0.00240	0.00361	0.01503	0.00661	0.00601
58	0.01640	0.08112	0.51072	0.02207	0.10824	0.01798	0.02342	0.09495	0.01716	0.02470	0.01313	0.01532	0.00963	0.00687	0.00669	0.00218	0.00979	0.00542	0.00352	0.01069
59	0.01019	0.00719	0.00881	0.00841	0.01020	0.00660	0.00631	0.01330	0.01892	0.02684	0.52210	0.05249	0.16216	0.01437	0.00800	0.00220	0.00339	0.01249	0.09943	0.00660
60	0.00868	0.00620	0.00826	0.00991	0.01033	0.00578	0.00661	0.00991	0.01363	0.01818	0.03925	0.74510	0.04710	0.02231	0.00909	0.00289	0.00413	0.02024	0.00661	0.00578
61	0.00912	0.00652	0.00877	0.01043	0.01103	0.00617	0.00739	0.01069	0.01407	0.01868	0.03900	0.63904	0.04612	0.02189	0.00921	0.00295	0.00452	0.12190	0.00660	0.00591
62	0.01636	0.01535	0.02588	0.12884	0.53969	0.01575	0.02037	0.02055	0.01598	0.02238	0.01615	0.02516	0.01454	0.00801	0.00739	0.00228	0.00837	0.08282	0.00383	0.01029
63	0.00896	0.00640	0.00858	0.01024	0.01077	0.00603	0.00710	0.01040	0.01391	0.01849	0.03909	0.67853	0.04648	0.02204	0.00916	0.00293	0.00437	0.08405	0.00660	0.00586
64	0.01068	0.00783	0.01043	0.01180	0.01344	0.00759	0.00997	0.01350	0.01609	0.02065	0.04366	0.14491	0.15305	0.01966	0.00952	0.00309	0.00582	0.48536	0.00657	0.00639
65	0.01783	0.02010	0.03473	0.02811	0.09922	0.10113	0.42355	0.02242	0.01615	0.02127	0.01305	0.01769	0.01041	0.00728	0.01056	0.00243	0.13386	0.00738	0.00352	0.00931
66	0.02571	0.01908	0.02040	0.01590	0.02131	0.02118	0.01305	0.59701	0.09892	0.04281	0.01847	0.01833	0.01326	0.00865	0.00707	0.00215	0.00748	0.00658	0.03079	0.01186
67	0.02076	0.01764	0.02189	0.08990	0.06173	0.06109	0.08671	0.31093	0.06445	0.03283	0.09662	0.02195	0.01843	0.00851	0.00727	0.00214	0.00800	0.00723	0.00585	0.05606
68	0.01610	0.01758	0.03250	0.02460	0.02903	0.04435	0.40778	0.02027	0.01499	0.02060	0.01508	0.08298	0.01358	0.00933	0.01259	0.00262	0.21487	0.00871	0.00374	0.00870
69	0.00842	0.00721	0.00721	0.00721	0.00962	0.00601	0.00541	0.01022	0.01623	0.01924	0.07213	0.06853	0.70244	0.01803	0.00842	0.00240	0.00361	0.01503	0.00661	0.00601
70	0.01784	0.08928	0.01823	0.01426	0.01849	0.01876	0.01136	0.03618	0.62457	0.02848	0.02707	0.02505	0.02047	0.00930	0.00698	0.00233	0.00583	0.00763	0.00682	0.01106
71	0.01623	0.06157	0.61749	0.01922	0.02908	0.01637	0.02419	0.02372	0.01555	0.09121	0.01420	0.01582	0.00989	0.00694	0.00672	0.00222	0.00997	0.00540	0.00359	0.01063
72	0.01017	0.00763	0.01144	0.01144	0.01272	0.00890	0.00890	0.01272	0.01144	0.01653	0.01907	0.02797	0.01780	0.05340	0.72153	0.01144	0.01907	0.00763	0.00381	0.00636
73	0.00993	0.00673	0.00789	0.00831	0.00841	0.00662	0.00489	0.01024	0.01118	0.01491	0.02668	0.22280	0.03124	0.56625	0.02939	0.00589	0.00620	0.01285	0.00489	0.00469
74	0.02466	0.09261	0.02297	0.10009	0.02487	0.02196	0.01413	0.53754	0.02932	0.03893	0.01585	0.01675	0.01150	0.00813	0.00687	0.00210	0.00801	0.00614	0.00625	0.01132
75	0.01265	0.00785	0.01034	0.00939	0.01152	0.00716	0.00716	0.01594	0.02018	0.10863	0.62247	0.04979	0.06137	0.01388	0.00825	0.00224	0.00368	0.01221	0.00795	0.00735
76	0.00865	0.00630	0.00816	0.00964	0.01026	0.00581	0.00649	0.00995	0.01389	0.01828	0.04254	0.67735	0.11273	0.02188	0.00902	0.00284	0.00408	0.01972	0.00661	0.00581
77	0.01008	0.00728	0.00952	0.00896	0.01064	0.00672	0.00672	0.01344	0.02016	0.02855	0.70158	0.05319	0.06719	0.01456	0.00840	0.00224	0.00336	0.01288	0.00784	0.00672
78	0.02587	0.10524	0.02196	0.01761	0.02164	0.61094	0.01359	0.06586	0.02038	0.01896	0.01125	0.01295	0.00934	0.00728	0.00628	0.00182	0.01203	0.00461	0.00381	0.00857
79	0.01147	0.00820	0.01147	0.01311	0.01475	0.00820	0.01147	0.01475	0.01639	0.02131	0.03770	0.08032	0.04098	0.01967	0.00984	0.00328	0.00656	0.65741	0.00656	0.00656
80	0.01428	0.03683	0.71286	0.02030	0.03082	0.01654	0.02631	0.02255	0.01503	0.02255	0.01278	0.01503	0.00902	0.00677	0.00677	0.00226	0.01052	0.00526	0.00301	0.01052
81	0.01119	0.00800	0.01115	0.01279	0.01431	0.00795	0.01099	0.01427	0.01612	0.02100	0.03786	0.14690	0.04159	0.01993	0.00976	0.00324	0.00631	0.59359	0.00656	0.00648
82	0.02707	0.01995	0.02137	0.01638	0.02208	0.02208	0.01353	0.68159	0.03348	0.04488	0.01710	0.01710	0.01211	0.00855	0.00712	0.00214	0.00784	0.00641	0.00712	0.01211
83	0.00877	0.00627	0.00835	0.00985	0.01035	0.00585	0.00662	0.01015	0.01407	0.01888	0.08402	0.69833	0.04845	0.02178	0.00904	0.00285	0.00408	0.01974	0.00669	0.00585
84	0.01558	0.01558	0.02181	0.01869	0.01869	0.02181	0.01558	0.01714	0.01091	0.01714	0.00935	0.01558	0.00935	0.01246	0.02337	0.00312	0.73672	0.00623	0.00312	0.00779
85	0.02707	0.01995	0.02137	0.01638	0.02208	0.02208	0.01353	0.68159	0.03348	0.04488	0.01710	0.01710	0.01211	0.00855	0.00712	0.00214	0.00784	0.00641	0.00712	0.01211
86	0.01131	0.00809	0.01124	0.01263	0.01427	0.00802	0.01092	0.01460	0.01683	0.02216	0.11568	0.07713	0.04406	0.01907	0.00967	0.00316	0.00618	0.58170	0.00671	0.00658
87	0.01428	0.03683	0.71286	0.02030	0.03082	0.01654	0.02631	0.02255	0.01503	0.02255	0.01278	0.01503	0.00902	0.00677	0.00677	0.00226	0.01052	0.00526	0.00301	0.01052
88	0.01008	0.00728	0.00952	0.00896	0.01064	0.00672	0.00672	0.01344	0.02016	0.02855	0.70158	0.05319	0.06719	0.01456	0.00840	0.00224	0.00336	0.01288	0.00784	0.00672
89	0.01008	0.00728	0.00952	0.00896	0.01064	0.00672	0.00672	0.01344	0.02016	0.02855	0.70158	0.05319	0.06719	0.01456	0.00840	0.00224	0.00336	0.01288	0.00784	0.00672
90	0.02660	0.03394	0.02018	0.01834	0.02201	0.72116	0.01376	0.02843	0.02018	0.01743	0.01101	0.01284	0.00917	0.00734	0.00642	0.00183	0.01284	0.00459	0.00367	0.00825
91	0.01345	0.01266	0.02136	0.73264	0.04904	0.01582	0.01978	0.01819	0.01424	0.01819	0.01266	0.01898	0.00949	0.00712	0.00712	0.00237	0.00949	0.00633	0.00316	0.00791
92	0.00868	0.00620	0.00826	0.00991	0.01033	0.00578	0.00661	0.00991	0.01363	0.01818	0.03925	0.74510	0.04710	0.02231	0.00909	0.00289	0.00413	0.02024	0.00661	0.00578
93	0.01771	0.01530	0.01610	0.01449	0.01852	0.01771	0.01127	0.03784	0.69247	0.02979	0.02898	0.02657	0.02174	0.00966	0.00725	0.00242	0.00564	0.00805	0.00725	0.01127
94	0.01834	0.01561	0.01646	0.01462	0.01876	0.01801	0.01142	0.08136	0.64792	0.03081	0.02818	0.02593	0.02109	0.00959	0.00724	0.00240	0.00578	0.00794	0.00724	0.01133
95	0.01925	0.01554	0.01667	0.01441	0.01853	0.01754	0.01134	0.20770	0.43608	0.03308	0.06545	0.06825	0.02330	0.01040	0.00739	0.00236	0.00600	0.00861	0.00721	0.01091
96	0.01008	0.00728	0.00952	0.00896	0.01064	0.00672	0.00672	0.01344	0.02016	0.02855	0.70158	0.05319	0.06719	0.01456	0.00840	0.00224	0.00336	0.01288	0.00784	0.00672
97	0.01820	0.62791	0.15611	0.01361	0.02048	0.02613	0.01467	0.02154	0.01457	0.01777	0.01041	0.01206	0.00912	0.00621	0.00496	0.00165	0.00813	0.00406	0.00304	0.00938
98	0.00868	0.00620	0.00826	0.00991	0.01033	0.00578	0.00661	0.00991	0.01363	0.01818	0.03925	0.74510	0.04710	0.02231	0.00909	0.00289	0.00413	0.02024	0.00661	0.00578
99	0.01477	0.01266	0.01477	0.01055	0.01687	0.00949	0.00844	0.01793	0.01477	0.02320	0.01266	0.01477	0.01055	0.00527	0.00527	0.00105	0.00527	0.00422	0.00422	0.79328
100	0.01720	0.01421	0.01576	0.01452	0.04002	0.01589	0.01093	0.10779	0.45132	0.03108	0.16848	0.03076	0.02982	0.01045	0.00747	0.00234	0.00551	0.00882	0.00723	0.01041
101	0.01441	0.03470	0.64365	0.02014	0.02960	0.01707	0.02523	0.02201	0.01462	0.02201	0.01243	0.01509	0.00905	0.00734	0.00843	0.00234	0.08325	0.00536	0.00302	0.01025
102	0.01036	0.00690	0.00777	0.00777	0.00777	0.00690	0.00431	0.01036	0.01036	0.01381	0.02244	0.04660	0.02589	0.74975	0.03624	0.00690	0.00690	0.01036	0.00431	0.00431
103	0.00988	0.00727	0.00925	0.00875	0.01052	0.00664	0.00657	0.01306	0.01970	0.02746	0.62764	0.05499	0.14180	0.01497	0.00840	0.00226	0.00339	0.01313	0.00769	0.00664
104	0.01558	0.01558	0.02181	0.01869	0.01869	0.02181	0.01558	0.01714	0.01091	0.01714	0.00935	0.01558	0.00935	0.01246	0.02337	0.00312	0.73672	0.00623	0.00312	0.00779
105	0.00868	0.00620	0.00826	0.00991	0.01033	0.00578	0.00661	0.00991	0.01363	0.01818	0.03925	0.74510	0.04710	0.02231	0.00909	0.00289	0.00413	0.02024	0.00661	0.00578
106	0.01017	0.00763	0.01144	0.01144	0.01272	0.00890	0.00890	0.01272	0.01144	0.01653	0.01907	0.02797	0.01780	0.05340	0.72153	0.01144	0.01907	0.00763	0.00381	0.00636
107	0.00842	0.00721	0.00721	0.00721	0.00962	0.00601	0.00541	0.01022	0.01623	0.01924	0.07213	0.06853	0.70244	0.01803	0.00842	0.00240	0.00361	0.01503	0.00661	0.00601
108	0.02537	0.01868	0.02018	0.01564	0.02094	0.02054	0.01285	0.61467	0.03215	0.04324	0.08565	0.02071	0.01763	0.00915	0.00725	0.00215	0.00739	0.00706	0.00719	0.01157
109	0.02660	0.03394	0.02018	0.01834	0.02201	0.72116	0.01376	0.02843	0.02018	0.01743	0.01101	0.01284	0.00917	0.00734	0.00642	0.00183	0.01284	0.00459	0.00367	0.00825
110	0.01466	0.00797	0.00811	0.00761	0.00968	0.00818	0.00583	0.08319	0.01679	0.02838	0.02261	0.02560	0.01764	0.00832	0.00519	0.00171	0.00377	0.00661	0.71095	0.00718
111	0.00842	0.00721	0.00721	0.00721	0.00962	0.00601	0.00541	0.01022	0.01623	0.01924	0.07213	0.06853	0.70244	0.01803	0.00842	0.00240	0.00361	0.01503	0.00661	0.00601
112	0.10379	0.01950	0.02027	0.01588	0.02105	0.04323	0.01308	0.55561	0.02958	0.04108	0.01573	0.01632	0.01141	0.00855	0.00779	0.00219	0.05105	0.00609	0.00651	0.01129
113	0.01826	0.01557	0.01641	0.01460	0.01872	0.01797	0.01140	0.07543	0.65399	0.03067	0.02829	0.02601	0.02117	0.00960	0.00724	0.00240	0.00576	0.00795	0.00724	0.01132
114	0.01327	0.00664	0.00664	0.00664	0.00830	0.00664	0.00498	0.01659	0.01493	0.02655	0.02323	0.02655	0.01825	0.00830	0.00498	0.00166	0.00332	0.00664	0.78928	0.00664
115	0.01556	0.03514	0.64360	0.01990	0.02994	0.01709	0.02503	0.08855	0.01688	0.02479	0.01321	0.01524	0.00933	0.00694	0.00680	0.00224	0.01025	0.00538	0.00342	0.01068
116	0.11044	0.01493	0.01546	0.01378	0.01794	0.01708	0.01081	0.03567	0.57331	0.06978	0.02669	0.02467	0.01985	0.00925	0.00691	0.00238	0.00565	0.00751	0.00700	0.01090
117	0.00842	0.00721	0.00721	0.00721	0.00962	0.00601	0.00541	0.01022	0.01623	0.01924	0.07213	0.06853	0.70244	0.01803	0.00842	0.00240	0.00361	0.01503	0.00661	0.00601
118	0.01665	0.01629	0.02886	0.18695	0.48887	0.01682	0.09866	0.02120	0.01587	0.02214	0.01336	0.01810	0.01085	0.00647	0.00722	0.00220	0.00909	0.00658	0.00346	0.01037
119	0.01904	0.75404	0.03731	0.01218	0.01828	0.02818	0.01218	0.02132	0.01447	0.01675	0.00990	0.01142	0.00914	0.00609	0.00457	0.00152	0.00761	0.00381	0.00305	0.00914
120	0.01436	0.01358	0.02300	0.58272	0.19186	0.01606	0.02023	0.01899	0.01467	0.01930	0.01282	0.01869	0.00988	0.00695	0.00710	0.00232	0.00927	0.00633	0.00324	0.00864
121	0.01019	0.00754	0.01101	0.01101	0.01213	0.00867	0.00836	0.01244	0.01132	0.01621	0.01947	0.03016	0.01875	0.13520	0.64104	0.01091	0.01764	0.00795	0.00387	0.00612
122	0.01098	0.00784	0.01091	0.01255	0.01397	0.00777	0.01062	0.01390	0.01591	0.02076	0.03797	0.19723	0.04206	0.02013	0.00970	0.00321	0.00613	0.54536	0.00657	0.00642
123	0.01681	0.01921	0.04202	0.03001	0.03721	0.01801	0.67947	0.02281	0.01681	0.02281	0.01441	0.01921	0.01080	0.00600	0.00840	0.00240	0.01200	0.00840	0.00360	0.00960
124	0.02661	0.03350	0.02022	0.01828	0.02202	0.69939	0.01375	0.04878	0.02059	0.01828	0.01120	0.01297	0.00926	0.00738	0.00644	0.00184	0.01269	0.00464	0.00378	0.00838
125	0.01345	0.01266	0.02136	0.73264	0.04904	0.01582	0.01978	0.01819	0.01424	0.01819	0.01266	0.01898	0.00949	0.00712	0.00712	0.00237	0.00949	0.00633	0.00316	0.00791
126	0.00868	0.00620	0.00826	0.00991	0.01033	0.00578	0.00661	0.00991	0.01363	0.01818	0.03925	0.74510	0.04710	0.02231	0.00909	0.00289	0.00413	0.02024	0.00661	0.00578
127	0.01008	0.00728	0.00952	0.00896	0.01064	0.00672	0.00672	0.01344	0.02016	0.02855	0.70158	0.05319	0.06719	0.01456	0.00840	0.00224	0.00336	0.01288	0.00784	0.00672
128	0.01345	0.01266	0.02136	0.73264	0.04904	0.01582	0.01978	0.01819	0.01424	0.01819	0.01266	0.01898	0.00949	0.00712	0.00712	0.00237	0.00949	0.00633	0.00316	0.00791
129	0.00868	0.00620	0.00826	0.00991	0.01033	0.00578	0.00661	0.00991	0.01363	0.01818	0.03925	0.74510	0.04710	0.02231	0.00909	0.00289	0.00413	0.02024	0.00661	0.00578
130	0.00991	0.00715	0.00937	0.00907	0.01060	0.00661	0.00671	0.01302	0.01939	0.02734	0.62378	0.13446	0.06483	0.01547	0.00848	0.00232	0.00345	0.01374	0.00769	0.00661
131	0.01327	0.00664	0.00664	0.00664	0.00830	0.00664	0.00498	0.01659	0.01493	0.02655	0.02323	0.02655	0.01825	0.00830	0.00498	0.00166	0.00332	0.00664	0.78928	0.00664
132	0.01008	0.00728	0.00952	0.00896	0.01064	0.00672	0.00672	0.01344	0.02016	0.02855	0.70158	0.05319	0.06719	0.01456	0.00840	0.00224	0.00336	0.01288	0.00784	0.00672
133	0.01036	0.00690	0.00777	0.00777	0.00777	0.00690	0.00431	0.01036	0.01036	0.01381	0.02244	0.04660	0.02589	0.74975	0.03624	0.00690	0.00690	0.01036	0.00431	0.00431
134	0.00868	0.00620	0.00826	0.00991	0.01033	0.00578	0.00661	0.00991	0.01363	0.01818	0.03925	0.74510	0.04710	0.02231	0.00909	0.00289	0.00413	0.02024	0.00661	0.00578
135	0.01681	0.01921	0.04202	0.03001	0.03721	0.01801	0.67947	0.02281	0.01681	0.02281	0.01441	0.01921	0.01080	0.00600	0.00840	0.00240	0.01200	0.00840	0.00360	0.00960
136	0.02707	0.01995	0.02137	0.01638	0.02208	0.02208	0.01353	0.68159	0.03348	0.04488	0.01710	0.01710	0.01211	0.00855	0.00712	0.00214	0.00784	0.00641	0.00712	0.01211
137	0.00868	0.00620	0.00826	0.00991	0.01033	0.00578	0.00661	0.00991	0.01363	0.01818	0.03925	0.74510	0.04710	0.02231	0.00909	0.00289	0.00413	0.02024	0.00661	0.00578
138	0.00842	0.00721	0.00721	0.00721	0.00962	0.00601	0.00541	0.01022	0.01623	0.01924	0.07213	0.06853	0.70244	0.01803	0.00842	0.00240	0.00361	0.01503	0.00661	0.00601
139	0.01345	0.01266	0.02136	0.73264	0.04904	0.01582	0.01978	0.01819	0.01424	0.01819	0.01266	0.01898	0.00949	0.00712	0.00712	0.00237	0.00949	0.00633	0.00316	0.00791
140	0.02555	0.03194	0.02120	0.02132	0.10228	0.63844	0.01471	0.02766	0.01971	0.01811	0.01129	0.01340	0.00942	0.00722	0.00649	0.00187	0.01233	0.00479	0.00365	0.00861
141	0.01737	0.01671	0.02825	0.06373	0.64477	0.01717	0.02142	0.02146	0.01584	0.02275	0.01313	0.01755	0.01111	0.00673	0.00800	0.00218	0.05102	0.00634	0.00349	0.01097
142	0.00842	0.00721	0.00721	0.00721	0.00962	0.00601	0.00541	0.01022	0.01623	0.01924	0.07213	0.06853	0.70244	0.01803	0.00842	0.00240	0.00361	0.01503	0.00661	0.00601
143	0.00842	0.00721	0.00721	0.00721	0.00962	0.00601	0.00541	0.01022	0.01623	0.01924	0.07213	0.06853	0.70244	0.01803	0.00842	0.00240	0.00361	0.01503	0.00661	0.00601
144	0.02515	0.17194	0.02346	0.01716	0.02130	0.58835	0.01346	0.02707	0.01908	0.01730	0.01079	0.01257	0.00917	0.00710	0.00607	0.00177	0.01184	0.00444	0.00355	0.00842
145	0.01052	0.00775	0.00990	0.00928	0.01110	0.00736	0.00698	0.01486	0.05942	0.02863	0.66230	0.05164	0.06453	0.01427	0.00833	0.00225	0.00349	0.01260	0.00780	0.00698
146	0.01761	0.01815	0.03507	0.05776	0.29435	0.01775	0.36516	0.06076	0.01747	0.02412	0.01411	0.01847	0.01102	0.00632	0.00776	0.00227	0.01031	0.00742	0.00376	0.01034
147	0.01453	0.03507	0.64567	0.02127	0.03146	0.01668	0.09172	0.02258	0.01521	0.02258	0.01294	0.01545	0.00920	0.00669	0.00693	0.00227	0.01067	0.00558	0.00307	0.01043
148	0.00868	0.00620	0.00826	0.00991	0.01033	0.00578	0.00661	0.00991	0.01363	0.01818	0.03925	0.74510	0.04710	0.02231	0.00909	0.00289	0.00413	0.02024	0.00661	0.00578
149	0.01051	0.00696	0.00807	0.00807	0.00829	0.00709	0.00481	0.01096	0.01073	0.01482	0.02215	0.04356	0.02463	0.63672	0.10305	0.00705	0.00791	0.00986	0.05010	0.00465
150	0.00842	0.00721	0.00721	0.00721	0.00962	0.00601	0.00541	0.01022	0.01623	0.01924	0.07213	0.06853	0.70244	0.01803	0.00842	0.00240	0.00361	0.01503	0.00661	0.00601
