[name]
unknown

[dist]
# distance from previous block
# <min> <max>
0	56

[block]
# block no. 0 follows, 34 sequences, length 17
# corresponding to MSA columns:
# 56-72
name=unknown_A
#
# <colnr> <probs for GDERKNQSTAVLIFYWHMCP>
#	G	D	E	R	K	N	Q	S	T	A	V	L	I	F	Y	W	H	M	C	P
0	0.01073	0.00815	0.01198	0.14247	0.01884	0.00865	0.01173	0.01393	0.01453	0.01884	0.03023	0.06314	0.03218	0.01585	0.00849	0.00283	0.00642	0.56943	0.00541	0.00616
1	0.01460	0.01234	0.01400	0.01054	0.01588	0.01067	0.00841	0.06490	0.13844	0.02339	0.01434	0.01541	0.01144	0.00568	0.00521	0.00124	0.00499	0.00457	0.00448	0.61947
2	0.01330	0.01244	0.02021	0.18048	0.41597	0.01281	0.01593	0.01679	0.01458	0.01983	0.06828	0.02645	0.13928	0.00825	0.00671	0.00202	0.00680	0.00752	0.00388	0.00849
3	0.02456	0.01810	0.01939	0.01487	0.02004	0.02004	0.01228	0.71107	0.03038	0.04072	0.01551	0.01551	0.01099	0.00776	0.00646	0.00194	0.00711	0.00582	0.00646	0.01099
4	0.01734	0.01568	0.02476	0.06366	0.58064	0.01613	0.01843	0.14077	0.01739	0.02436	0.01272	0.01596	0.01030	0.00614	0.00641	0.00193	0.00761	0.00577	0.00376	0.01025
5	0.01220	0.01148	0.01938	0.75739	0.04450	0.01436	0.01794	0.01651	0.01292	0.01651	0.01148	0.01723	0.00861	0.00646	0.00646	0.00215	0.00861	0.00574	0.00287	0.00718
6	0.01705	0.64344	0.03252	0.01607	0.14200	0.02378	0.01259	0.01943	0.01341	0.01624	0.00954	0.01135	0.00863	0.00557	0.00454	0.00148	0.00704	0.00386	0.00284	0.00863
7	0.01822	0.01473	0.02509	0.03386	0.55835	0.01440	0.06620	0.02193	0.01541	0.14648	0.01455	0.01714	0.01121	0.00613	0.00650	0.00195	0.00752	0.00602	0.00404	0.01026
8	0.01453	0.01381	0.02278	0.03386	0.60583	0.01362	0.01722	0.01798	0.01472	0.02047	0.02149	0.02408	0.13630	0.00761	0.00661	0.00197	0.00690	0.00714	0.00369	0.00940
9	0.00851	0.00654	0.00778	0.00754	0.00928	0.00581	0.00563	0.01093	0.01667	0.02224	0.44276	0.08206	0.32146	0.01472	0.00765	0.00211	0.00316	0.01271	0.00663	0.00581
10	0.02356	0.01744	0.01881	0.01460	0.01953	0.01935	0.01202	0.65433	0.05535	0.03905	0.01600	0.01628	0.01155	0.00962	0.03972	0.00233	0.00749	0.00592	0.00633	0.01073
11	0.00787	0.00562	0.00750	0.00900	0.00937	0.00525	0.00600	0.00900	0.01237	0.01649	0.03561	0.76871	0.04274	0.02024	0.00825	0.00262	0.00375	0.01837	0.00600	0.00525
12	0.01607	0.01388	0.01461	0.01315	0.01680	0.01607	0.01023	0.03433	0.72094	0.02703	0.02630	0.02411	0.01972	0.00877	0.00657	0.00219	0.00511	0.00731	0.00657	0.01023
13	0.01588	0.01527	0.02490	0.05797	0.60962	0.04106	0.04708	0.01967	0.01473	0.02096	0.01268	0.01646	0.01051	0.00591	0.00631	0.00190	0.00768	0.00579	0.05592	0.00970
14	0.01607	0.01388	0.01461	0.01315	0.01680	0.01607	0.01023	0.03433	0.72094	0.02703	0.02630	0.02411	0.01972	0.00877	0.00657	0.00219	0.00511	0.00731	0.00657	0.01023
15	0.05534	0.23264	0.02182	0.01468	0.07491	0.08713	0.01141	0.21899	0.08106	0.05086	0.01820	0.01852	0.07282	0.00762	0.00574	0.00180	0.00687	0.00571	0.00477	0.00911
16	0.01505	0.01439	0.02453	0.21792	0.56171	0.01510	0.01936	0.01900	0.01427	0.01997	0.01199	0.01630	0.00983	0.00593	0.00641	0.00198	0.00791	0.00575	0.00312	0.00948

[dist]
# distance from previous block
# <min> <max>
0	1

[block]
# block no. 1 follows, 34 sequences, length 41
# corresponding to MSA columns:
# 74-114
name=unknown_B
#
# <colnr> <probs for GDERKNQSTAVLIFYWHMCP>
#	G	D	E	R	K	N	Q	S	T	A	V	L	I	F	Y	W	H	M	C	P
0	0.04133	0.01526	0.02570	0.03868	0.70988	0.01533	0.01942	0.01980	0.01460	0.02136	0.01205	0.01582	0.01013	0.00576	0.00632	0.00192	0.00759	0.00569	0.00322	0.01013
1	0.81856	0.01250	0.00950	0.00850	0.01250	0.01449	0.00700	0.01899	0.01100	0.02899	0.00900	0.01050	0.00700	0.00600	0.00400	0.00200	0.00500	0.00350	0.00400	0.00700
2	0.00824	0.00620	0.00829	0.01018	0.04422	0.00576	0.00653	0.00955	0.01277	0.01683	0.03810	0.64658	0.12460	0.01907	0.00808	0.00254	0.00388	0.01719	0.00586	0.00551
3	0.13120	0.01602	0.12800	0.01558	0.02085	0.01310	0.18080	0.09369	0.01666	0.14396	0.07959	0.05243	0.06299	0.00827	0.00660	0.00208	0.00710	0.00740	0.00504	0.00864
4	0.01166	0.00845	0.01015	0.01013	0.01115	0.04986	0.02421	0.02739	0.01268	0.06723	0.02667	0.42213	0.03001	0.13774	0.01394	0.07947	0.03327	0.01305	0.00518	0.00562
5	0.01698	0.01723	0.02527	0.03687	0.64610	0.10418	0.01894	0.02055	0.01515	0.02047	0.01189	0.01546	0.01000	0.00587	0.00633	0.00189	0.00816	0.00556	0.00321	0.00990
6	0.01531	0.05398	0.03723	0.02606	0.03231	0.01692	0.64924	0.02044	0.01495	0.02024	0.01270	0.01696	0.00968	0.00567	0.00797	0.00216	0.03898	0.00735	0.00323	0.00863
7	0.01597	0.01639	0.02634	0.11712	0.31051	0.07435	0.18450	0.04551	0.01498	0.02012	0.01241	0.03279	0.01037	0.00679	0.00816	0.00210	0.08304	0.00635	0.00334	0.00889
8	0.00859	0.00679	0.00760	0.00767	0.00940	0.00612	0.00559	0.02649	0.03018	0.01939	0.17787	0.19533	0.41735	0.04154	0.00855	0.00237	0.00355	0.01375	0.00616	0.00571
9	0.00842	0.00642	0.00776	0.00792	0.00943	0.00576	0.00585	0.01059	0.01571	0.02080	0.32968	0.20051	0.28719	0.01592	0.00781	0.00224	0.00339	0.04244	0.00645	0.00570
10	0.04284	0.12405	0.57242	0.01704	0.02559	0.01607	0.03857	0.02081	0.01376	0.05478	0.01189	0.01362	0.00858	0.00613	0.00587	0.00196	0.00890	0.00472	0.00305	0.00935
11	0.01722	0.42497	0.22795	0.01441	0.02081	0.10932	0.04106	0.02090	0.01416	0.04114	0.01054	0.01209	0.00858	0.00591	0.00511	0.00165	0.00832	0.00417	0.00302	0.00865
12	0.00829	0.00654	0.00747	0.00731	0.00914	0.00572	0.00545	0.01051	0.01616	0.02102	0.34698	0.08126	0.42084	0.01516	0.00765	0.00213	0.00319	0.01297	0.00647	0.00572
13	0.01347	0.01307	0.02303	0.50233	0.21586	0.01481	0.08959	0.01777	0.01361	0.01809	0.01182	0.01694	0.00914	0.00618	0.00656	0.00210	0.00861	0.00594	0.00299	0.00810
14	0.01668	0.02210	0.21360	0.07205	0.16208	0.16100	0.03045	0.06451	0.03405	0.04162	0.04755	0.01783	0.01276	0.04147	0.02192	0.00231	0.01984	0.00574	0.00373	0.00872
15	0.01485	0.00980	0.00971	0.00882	0.01108	0.04483	0.00677	0.16648	0.01730	0.02639	0.02109	0.11202	0.01813	0.00908	0.00546	0.00174	0.00441	0.00739	0.49756	0.00708
16	0.01052	0.00701	0.00952	0.05210	0.01222	0.00667	0.00714	0.01316	0.01656	0.07494	0.45910	0.20810	0.04983	0.01416	0.00765	0.00220	0.00379	0.03237	0.00665	0.00632
17	0.04494	0.07054	0.38582	0.10856	0.07056	0.04059	0.05990	0.07109	0.04918	0.02168	0.01239	0.01470	0.00919	0.00633	0.00612	0.00200	0.00875	0.00517	0.00333	0.00915
18	0.01593	0.03577	0.16624	0.07109	0.43431	0.06459	0.04544	0.03647	0.03080	0.02082	0.01222	0.01541	0.00979	0.00603	0.00632	0.00195	0.00840	0.00551	0.00324	0.00967
19	0.00925	0.00683	0.00990	0.00990	0.01089	0.00781	0.00747	0.01123	0.01024	0.01464	0.01775	0.02784	0.01722	0.15376	0.64347	0.00979	0.01570	0.00728	0.00353	0.00550
20	0.11519	0.11938	0.14129	0.01540	0.07902	0.10385	0.01314	0.11594	0.03438	0.04599	0.01213	0.01353	0.00942	0.00618	0.00543	0.00169	0.00732	0.00455	0.00397	0.15218
21	0.02012	0.02024	0.01927	0.17259	0.04291	0.25712	0.01400	0.22328	0.01942	0.02336	0.01176	0.01442	0.00924	0.00758	0.00836	0.00202	0.11655	0.00523	0.00408	0.00846
22	0.00803	0.00640	0.00720	0.00734	0.00906	0.00557	0.00538	0.00992	0.01517	0.01930	0.21783	0.17884	0.45462	0.01627	0.00774	0.00222	0.00330	0.01398	0.00626	0.00557
23	0.00921	0.00652	0.00820	0.00820	0.00876	0.00685	0.00547	0.01015	0.01013	0.01376	0.02251	0.03771	0.07161	0.46111	0.28500	0.00744	0.00997	0.00882	0.00390	0.00468
24	0.00929	0.00637	0.00833	0.00853	0.00975	0.00586	0.00613	0.01151	0.01583	0.04705	0.40591	0.33220	0.07701	0.01592	0.00783	0.00227	0.00342	0.01421	0.00666	0.00591
25	0.00924	0.00627	0.00702	0.00706	0.00722	0.00618	0.00403	0.00938	0.00983	0.01296	0.02380	0.06174	0.07196	0.70277	0.03056	0.00590	0.00600	0.00991	0.00411	0.00405
26	0.04329	0.01595	0.01947	0.01664	0.06315	0.01752	0.07755	0.35434	0.22579	0.03210	0.01809	0.01853	0.01348	0.00963	0.04237	0.00244	0.00736	0.00640	0.00578	0.01014
27	0.01143	0.00716	0.00938	0.00864	0.01054	0.00672	0.00657	0.01406	0.01657	0.10946	0.45685	0.04315	0.11327	0.04686	0.10711	0.00332	0.00539	0.01052	0.00650	0.00650
28	0.01532	0.15277	0.14083	0.17381	0.09151	0.01703	0.22422	0.01987	0.01412	0.05333	0.01219	0.01555	0.00934	0.00608	0.00671	0.00200	0.02766	0.00578	0.00322	0.00865
29	0.02227	0.07387	0.01939	0.10624	0.02275	0.61412	0.01306	0.02428	0.01734	0.01586	0.01011	0.01225	0.00836	0.00657	0.00580	0.00171	0.01099	0.00431	0.00324	0.00750
30	0.01361	0.00913	0.01141	0.01183	0.01401	0.03555	0.01012	0.04538	0.01609	0.10714	0.03336	0.06135	0.07461	0.01572	0.00833	0.00272	0.00599	0.51073	0.00613	0.00680
31	0.01370	0.01229	0.01938	0.66725	0.04153	0.01505	0.01726	0.10083	0.01504	0.01945	0.01197	0.01702	0.00890	0.00662	0.00646	0.00213	0.00843	0.00575	0.00331	0.00764
32	0.02416	0.03002	0.01838	0.01654	0.01998	0.70272	0.01247	0.06752	0.01905	0.01733	0.01032	0.01189	0.00849	0.00673	0.00586	0.00168	0.01138	0.00426	0.00352	0.00770
33	0.12175	0.05910	0.14976	0.01429	0.01930	0.22142	0.01304	0.13190	0.09826	0.05157	0.01613	0.01668	0.04506	0.00736	0.00587	0.00191	0.00808	0.00532	0.00445	0.00875
34	0.01516	0.01609	0.10934	0.02864	0.41528	0.01418	0.04034	0.01985	0.05802	0.05514	0.01620	0.10567	0.01459	0.00814	0.00754	0.00210	0.05315	0.00732	0.00389	0.00935
35	0.00852	0.00584	0.00744	0.00867	0.00936	0.00549	0.00603	0.01002	0.01281	0.01765	0.03558	0.59165	0.08105	0.01831	0.00780	0.00248	0.00377	0.05865	0.10346	0.00540
36	0.01562	0.01502	0.02589	0.03788	0.67502	0.01496	0.04580	0.01940	0.01463	0.02090	0.01318	0.04796	0.01160	0.00636	0.00652	0.00196	0.00763	0.00636	0.00332	0.00996
37	0.05480	0.47879	0.09991	0.01112	0.01607	0.04745	0.01103	0.03183	0.01343	0.01784	0.01159	0.01450	0.01022	0.05355	0.00628	0.00182	0.00676	0.00435	0.10084	0.00783
38	0.01063	0.00657	0.00848	0.00882	0.01020	0.00594	0.00629	0.01232	0.01446	0.10575	0.15935	0.45750	0.13499	0.01701	0.00784	0.00239	0.00378	0.01513	0.00644	0.00612
39	0.01257	0.01221	0.02166	0.66875	0.04320	0.01460	0.10186	0.01702	0.01320	0.01702	0.01168	0.01725	0.00876	0.00634	0.00660	0.00216	0.00889	0.00597	0.00292	0.00736
40	0.10822	0.07216	0.17733	0.01649	0.03745	0.17874	0.09090	0.08942	0.05819	0.07161	0.03157	0.01536	0.01115	0.00673	0.00599	0.00192	0.00850	0.00529	0.00414	0.00884

[dist]
# distance from previous block
# <min> <max>
0	4

[block]
# block no. 2 follows, 34 sequences, length 22
# corresponding to MSA columns:
# 119-140
name=unknown_C
#
# <colnr> <probs for GDERKNQSTAVLIFYWHMCP>
#	G	D	E	R	K	N	Q	S	T	A	V	L	I	F	Y	W	H	M	C	P
0	0.09954	0.28141	0.02219	0.01311	0.01708	0.21258	0.01107	0.02256	0.11219	0.01871	0.01172	0.01316	0.00984	0.00689	0.00671	0.00176	0.08574	0.00443	0.00362	0.04571
1	0.02450	0.01986	0.01924	0.01511	0.02003	0.12092	0.01231	0.61597	0.02870	0.03726	0.01475	0.01498	0.01062	0.00760	0.00638	0.00190	0.00774	0.00559	0.00603	0.01050
2	0.01262	0.01191	0.02014	0.67787	0.12074	0.01447	0.01815	0.01688	0.01312	0.01702	0.01156	0.01709	0.00879	0.00638	0.00645	0.00213	0.00851	0.00574	0.00291	0.00752
3	0.00925	0.00620	0.00709	0.00724	0.00727	0.00617	0.00412	0.00936	0.00968	0.01291	0.02183	0.11244	0.02535	0.70023	0.03051	0.00591	0.00602	0.01026	0.00412	0.00404
4	0.01132	0.00798	0.00893	0.00828	0.00933	0.00816	0.00545	0.10701	0.01335	0.01777	0.06534	0.04009	0.08806	0.52575	0.05244	0.00520	0.00634	0.00933	0.00463	0.00524
5	0.00954	0.00643	0.00751	0.00772	0.00793	0.00643	0.00482	0.00995	0.01016	0.01347	0.02228	0.04653	0.02539	0.66813	0.02956	0.00581	0.00622	0.10373	0.00420	0.00420
6	0.81856	0.01250	0.00950	0.00850	0.01250	0.01449	0.00700	0.01899	0.01100	0.02899	0.00900	0.01050	0.00700	0.00600	0.00400	0.00200	0.00500	0.00350	0.00400	0.00700
7	0.01599	0.01535	0.02623	0.03966	0.73262	0.01535	0.01983	0.01983	0.01471	0.02111	0.01215	0.01599	0.01023	0.00576	0.00640	0.00192	0.00768	0.00576	0.00320	0.01023
8	0.02017	0.02380	0.01594	0.01419	0.01766	0.49920	0.01072	0.05254	0.01748	0.01785	0.01713	0.06128	0.07804	0.00815	0.00602	0.00168	0.00925	0.00591	0.00394	0.11903
9	0.01625	0.01392	0.02308	0.21806	0.46922	0.01458	0.01809	0.02053	0.03648	0.08700	0.01367	0.01712	0.01066	0.00624	0.00643	0.00199	0.00763	0.00587	0.00367	0.00953
10	0.01139	0.00715	0.00885	0.00816	0.01032	0.00634	0.00621	0.01386	0.01700	0.12168	0.40355	0.08092	0.25251	0.01374	0.00750	0.00210	0.00349	0.01184	0.00686	0.00655
11	0.00958	0.00714	0.00925	0.01021	0.01189	0.00682	0.00865	0.01220	0.01505	0.01924	0.08597	0.06845	0.22678	0.01716	0.00849	0.00270	0.00504	0.46354	0.00604	0.00582
12	0.07251	0.11933	0.02311	0.01728	0.08676	0.01449	0.15652	0.02588	0.06703	0.32427	0.01837	0.01829	0.01279	0.00684	0.00624	0.00196	0.00696	0.00611	0.00548	0.00976
13	0.12075	0.00716	0.00828	0.00883	0.01006	0.00725	0.00634	0.01106	0.01309	0.01943	0.11659	0.45509	0.12870	0.01656	0.00803	0.00242	0.03456	0.01438	0.00572	0.00569
14	0.51336	0.01290	0.01223	0.01012	0.01453	0.01403	0.00835	0.11813	0.01554	0.20551	0.01397	0.01403	0.00977	0.00674	0.00496	0.00199	0.00541	0.00456	0.00533	0.00854
15	0.00798	0.00567	0.00746	0.00885	0.00920	0.00532	0.00585	0.00903	0.01215	0.01620	0.03449	0.71540	0.04132	0.07547	0.01006	0.00289	0.00393	0.01771	0.00585	0.00515
16	0.56337	0.03717	0.01348	0.08114	0.05677	0.01564	0.00959	0.11487	0.01414	0.02858	0.01031	0.01212	0.00792	0.00626	0.00471	0.00198	0.00584	0.00415	0.00415	0.00779
17	0.01369	0.01303	0.02145	0.22445	0.24435	0.01460	0.08043	0.01796	0.05711	0.01860	0.01454	0.07074	0.01313	0.05221	0.01025	0.00245	0.11228	0.00710	0.00351	0.00811
18	0.09228	0.01480	0.01567	0.01434	0.05344	0.05514	0.02703	0.16900	0.33588	0.02830	0.06257	0.04668	0.03920	0.00880	0.00643	0.00208	0.00592	0.00720	0.00588	0.00936
19	0.01631	0.08665	0.04292	0.02726	0.38147	0.01574	0.07278	0.08001	0.04726	0.02247	0.01274	0.01543	0.01035	0.00587	0.00604	0.00175	0.00729	0.00544	0.00369	0.13855
20	0.01718	0.10273	0.37137	0.01478	0.02168	0.01445	0.01657	0.05908	0.05074	0.17194	0.08218	0.01889	0.01548	0.00734	0.00618	0.00197	0.00747	0.00582	0.00463	0.00951
21	0.01619	0.27768	0.27914	0.01539	0.04437	0.03656	0.01587	0.07397	0.14125	0.02129	0.01362	0.01458	0.01056	0.00652	0.00557	0.00183	0.00768	0.00488	0.00373	0.00933

[dist]
# distance from previous block
# <min> <max>
0	14

[block]
# block no. 3 follows, 34 sequences, length 6
# corresponding to MSA columns:
# 155-160
name=unknown_D
#
# <colnr> <probs for GDERKNQSTAVLIFYWHMCP>
#	G	D	E	R	K	N	Q	S	T	A	V	L	I	F	Y	W	H	M	C	P
0	0.01559	0.02007	0.17660	0.01681	0.01972	0.09044	0.01570	0.07861	0.01337	0.01884	0.01028	0.01435	0.00892	0.01087	0.04377	0.00276	0.42677	0.00538	0.00320	0.00795
1	0.01501	0.01600	0.06608	0.05292	0.48465	0.04231	0.06945	0.01875	0.01442	0.02002	0.01575	0.06295	0.04448	0.00740	0.00727	0.00204	0.04091	0.00689	0.00345	0.00923
2	0.00808	0.00588	0.00744	0.00845	0.00912	0.00543	0.00569	0.00934	0.01292	0.01708	0.09760	0.55710	0.12755	0.08381	0.01023	0.00283	0.00385	0.01644	0.00592	0.00523
3	0.02059	0.01446	0.01651	0.07779	0.01978	0.01571	0.01119	0.36904	0.13085	0.12203	0.05499	0.02330	0.07679	0.00882	0.00664	0.00203	0.00622	0.00706	0.00635	0.00984
4	0.04070	0.11704	0.08517	0.05947	0.26344	0.03750	0.01546	0.12316	0.05002	0.07633	0.01408	0.03365	0.01128	0.00700	0.00666	0.00194	0.03771	0.00570	0.00416	0.00952
5	0.01460	0.01341	0.03846	0.26996	0.06272	0.04670	0.12430	0.01849	0.03285	0.07310	0.05122	0.02118	0.01404	0.07439	0.01034	0.00250	0.08124	0.00668	0.03620	0.00762

[dist]
# distance from previous block
# <min> <max>
0	5

[block]
# block no. 4 follows, 34 sequences, length 18
# corresponding to MSA columns:
# 166-183
name=unknown_E
#
# <colnr> <probs for GDERKNQSTAVLIFYWHMCP>
#	G	D	E	R	K	N	Q	S	T	A	V	L	I	F	Y	W	H	M	C	P
0	0.00918	0.01163	0.15866	0.01105	0.01358	0.00751	0.01007	0.01186	0.01310	0.01770	0.03303	0.47834	0.09298	0.01675	0.00783	0.00251	0.00514	0.08754	0.00532	0.00623
1	0.01393	0.01911	0.22188	0.07764	0.27999	0.01440	0.05679	0.02004	0.08233	0.02082	0.03662	0.02081	0.06964	0.00740	0.00699	0.00206	0.03018	0.00652	0.00369	0.00915
2	0.62019	0.04758	0.16099	0.01065	0.01585	0.01505	0.01064	0.01931	0.01163	0.02668	0.00953	0.01114	0.00729	0.00601	0.00445	0.00198	0.00601	0.00376	0.00369	0.00758
3	0.01378	0.01479	0.03046	0.02267	0.02777	0.01404	0.52407	0.01907	0.05513	0.02019	0.01848	0.17273	0.01716	0.00869	0.00769	0.00227	0.00909	0.00982	0.00402	0.00809
4	0.01123	0.00664	0.00774	0.07683	0.01110	0.00686	0.00580	0.01375	0.01309	0.02117	0.08828	0.02953	0.02153	0.16580	0.01085	0.00260	0.00421	0.00724	0.49006	0.00570
5	0.58053	0.01187	0.01151	0.16287	0.01894	0.01382	0.00919	0.01866	0.01178	0.04901	0.01074	0.01304	0.00817	0.00625	0.00462	0.00200	0.00565	0.00420	0.05005	0.00711
6	0.00877	0.00683	0.00995	0.16332	0.01662	0.00713	0.00846	0.01055	0.01248	0.01650	0.03064	0.61375	0.03570	0.01740	0.00788	0.00253	0.00475	0.01577	0.00535	0.00565
7	0.00948	0.00809	0.01379	0.01265	0.01427	0.00759	0.15087	0.01143	0.01280	0.01714	0.03011	0.57309	0.03487	0.05937	0.00950	0.00274	0.00536	0.01565	0.00532	0.00589
8	0.00916	0.00622	0.00740	0.00783	0.00802	0.00615	0.00485	0.00963	0.01044	0.01388	0.02459	0.19448	0.02853	0.55840	0.02592	0.00526	0.00572	0.06465	0.00450	0.00435
9	0.01607	0.01388	0.01461	0.01315	0.01680	0.01607	0.01023	0.03433	0.72094	0.02703	0.02630	0.02411	0.01972	0.00877	0.00657	0.00219	0.00511	0.00731	0.00657	0.01023
10	0.01936	0.11823	0.07834	0.16846	0.02503	0.34454	0.01417	0.06962	0.06800	0.01875	0.01186	0.01397	0.00938	0.00666	0.00587	0.00182	0.00948	0.00479	0.00356	0.00813
11	0.01678	0.02066	0.14550	0.19337	0.16538	0.16639	0.01703	0.08192	0.01587	0.02028	0.01175	0.01504	0.00924	0.00681	0.00727	0.00200	0.06354	0.00526	0.02735	0.00855
12	0.04133	0.10640	0.03551	0.01558	0.10822	0.03846	0.01144	0.18468	0.08866	0.02561	0.01411	0.03074	0.01141	0.00656	0.00561	0.00160	0.00630	0.00518	0.00453	0.25807
13	0.01381	0.01286	0.01993	0.05012	0.44993	0.03588	0.01504	0.01693	0.01451	0.02022	0.07320	0.17351	0.02078	0.00933	0.00678	0.00203	0.00653	0.00868	0.00411	0.04581
14	0.04192	0.30808	0.13390	0.02025	0.20351	0.04069	0.03870	0.03897	0.02820	0.03627	0.01138	0.01341	0.00933	0.00587	0.00538	0.00170	0.00755	0.00464	0.00329	0.04697
15	0.01409	0.14328	0.44770	0.01805	0.06418	0.01649	0.05956	0.02133	0.08491	0.02058	0.04137	0.01592	0.01167	0.00653	0.00603	0.00196	0.00841	0.00532	0.00335	0.00928
16	0.00888	0.00640	0.00840	0.00831	0.00960	0.00592	0.00608	0.01153	0.01707	0.02397	0.58619	0.19682	0.05721	0.01466	0.00775	0.00215	0.00319	0.01306	0.00688	0.00592
17	0.00854	0.00639	0.00745	0.00793	0.00929	0.00585	0.00566	0.01082	0.03707	0.01909	0.14540	0.33764	0.28434	0.01656	0.00762	0.00229	0.00347	0.01448	0.06446	0.00566

[dist]
# distance from previous block
# <min> <max>
0	1

[block]
# block no. 5 follows, 34 sequences, length 82
# corresponding to MSA columns:
# 185-244,246-267
name=unknown_F
#
# <colnr> <probs for GDERKNQSTAVLIFYWHMCP>
#	G	D	E	R	K	N	Q	S	T	A	V	L	I	F	Y	W	H	M	C	P
0	0.04100	0.17749	0.22338	0.02286	0.17986	0.03895	0.15976	0.04658	0.01479	0.02048	0.01151	0.01418	0.00906	0.00586	0.00603	0.00189	0.00870	0.00529	0.00315	0.00918
1	0.01090	0.00595	0.00864	0.00883	0.00907	0.00599	0.00619	0.00925	0.00940	0.01251	0.01513	0.02848	0.01571	0.08224	0.05129	0.61396	0.00615	0.09360	0.00332	0.00341
2	0.01427	0.00866	0.01038	0.00960	0.01124	0.00870	0.00700	0.10320	0.01440	0.11845	0.02309	0.04186	0.02345	0.42418	0.02125	0.00449	0.00621	0.13817	0.00520	0.00620
3	0.03790	0.14767	0.34777	0.03629	0.15064	0.01745	0.04065	0.10860	0.01586	0.02248	0.01174	0.01388	0.00895	0.00616	0.00590	0.00191	0.00837	0.00494	0.00335	0.00950
4	0.04568	0.09400	0.12382	0.01598	0.03366	0.22955	0.03449	0.22439	0.09252	0.02549	0.01351	0.01444	0.01029	0.00694	0.00598	0.00186	0.00861	0.00510	0.00445	0.00923
5	0.01120	0.00818	0.01074	0.01020	0.01160	0.00914	0.00766	0.10070	0.01279	0.01780	0.01823	0.04794	0.01780	0.19923	0.47769	0.00820	0.01324	0.00763	0.00401	0.00602
6	0.10813	0.01647	0.11705	0.04879	0.01936	0.01547	0.02893	0.26905	0.06222	0.02729	0.01436	0.03525	0.01151	0.01173	0.05145	0.09065	0.05329	0.00589	0.00462	0.00848
7	0.01952	0.04835	0.24901	0.01573	0.06084	0.10700	0.01488	0.06339	0.01666	0.21975	0.04333	0.01806	0.01335	0.00856	0.03161	0.00221	0.00805	0.00564	0.04473	0.00933
8	0.01501	0.08040	0.20136	0.01914	0.14932	0.01410	0.06792	0.06150	0.05079	0.05580	0.07847	0.03764	0.03665	0.00774	0.00638	0.00193	0.00715	0.02738	0.00426	0.07705
9	0.01646	0.37766	0.31853	0.01453	0.02165	0.02057	0.01642	0.10849	0.01555	0.02061	0.01088	0.01236	0.00859	0.00606	0.00525	0.00172	0.00801	0.00429	0.00322	0.00915
10	0.01001	0.00784	0.01096	0.01053	0.01122	0.00938	0.00794	0.01160	0.01006	0.01446	0.01675	0.02794	0.01685	0.22502	0.45867	0.00821	0.12622	0.00735	0.00348	0.00550
11	0.02840	0.01101	0.01493	0.01142	0.01645	0.00946	0.00943	0.03091	0.01830	0.70990	0.02496	0.02167	0.01575	0.00788	0.00643	0.00196	0.00547	0.00640	0.00784	0.04143
12	0.01220	0.01148	0.01938	0.75739	0.04450	0.01436	0.01794	0.01651	0.01292	0.01651	0.01148	0.01723	0.00861	0.00646	0.00646	0.00215	0.00861	0.00574	0.00287	0.00718
13	0.05940	0.01648	0.01803	0.01395	0.01898	0.01784	0.01150	0.53908	0.05383	0.15877	0.01735	0.01673	0.01200	0.00776	0.00637	0.00196	0.00667	0.00589	0.00662	0.01079
14	0.71527	0.01518	0.10309	0.00977	0.01448	0.01456	0.00916	0.01918	0.01134	0.02790	0.00933	0.01090	0.00715	0.00602	0.00427	0.00201	0.00558	0.00366	0.00384	0.00732
15	0.01229	0.00910	0.00918	0.00851	0.00944	0.04819	0.00549	0.10058	0.01281	0.01699	0.01922	0.03614	0.02067	0.58925	0.02640	0.00519	0.00648	0.00846	0.05049	0.00514
16	0.01124	0.01023	0.03463	0.06253	0.15954	0.00955	0.05026	0.01511	0.03855	0.02307	0.38949	0.05306	0.09473	0.01091	0.00724	0.00206	0.00505	0.00986	0.00559	0.00730
17	0.02167	0.01053	0.01355	0.01068	0.01503	0.00930	0.00863	0.04403	0.05446	0.42217	0.16608	0.02589	0.02417	0.00858	0.00646	0.00185	0.00491	0.00715	0.00704	0.13784
18	0.01493	0.07997	0.04483	0.01454	0.05797	0.03103	0.05548	0.04049	0.38281	0.02335	0.02779	0.02692	0.12971	0.00902	0.00650	0.00204	0.00584	0.00761	0.00544	0.03372
19	0.01413	0.06798	0.47127	0.02313	0.18596	0.01578	0.06255	0.02080	0.04081	0.02059	0.01223	0.01462	0.00919	0.00608	0.00619	0.00199	0.00890	0.00519	0.00301	0.00961
20	0.01633	0.07681	0.03803	0.01710	0.12320	0.01683	0.01215	0.05082	0.51863	0.02542	0.02207	0.02124	0.01681	0.00795	0.00634	0.00207	0.00582	0.00665	0.00566	0.01007
21	0.00887	0.00669	0.00826	0.00816	0.00987	0.00608	0.00631	0.01151	0.01683	0.02264	0.44936	0.05542	0.25018	0.01471	0.00779	0.00220	0.00348	0.09910	0.00664	0.00589
22	0.01332	0.01478	0.12305	0.02974	0.10813	0.01290	0.01250	0.04191	0.22695	0.02362	0.17513	0.02961	0.09731	0.00979	0.00766	0.00213	0.04945	0.00815	0.00533	0.00854
23	0.00790	0.00568	0.00750	0.00890	0.00936	0.00528	0.00597	0.00909	0.01259	0.01676	0.05398	0.72942	0.06375	0.01995	0.00821	0.00260	0.00372	0.01806	0.00603	0.00528
24	0.01476	0.01772	0.15287	0.03558	0.06422	0.06453	0.03161	0.04838	0.01466	0.02129	0.01166	0.01379	0.00930	0.00543	0.00542	0.00138	0.00674	0.00440	0.00362	0.47265
25	0.01968	0.02208	0.35172	0.01642	0.02370	0.01279	0.09492	0.02483	0.01577	0.30887	0.01735	0.01742	0.01154	0.00678	0.00642	0.00202	0.00796	0.00577	0.00494	0.02904
26	0.81856	0.01250	0.00950	0.00850	0.01250	0.01449	0.00700	0.01899	0.01100	0.02899	0.00900	0.01050	0.00700	0.00600	0.00400	0.00200	0.00500	0.00350	0.00400	0.00700
27	0.04490	0.01182	0.01345	0.01005	0.01543	0.00982	0.00802	0.01915	0.10418	0.04360	0.01371	0.01492	0.01097	0.00544	0.00504	0.00119	0.00486	0.00434	0.00431	0.65482
28	0.00808	0.00577	0.00773	0.00923	0.00969	0.00542	0.00635	0.00935	0.01257	0.01672	0.03550	0.71287	0.04229	0.02005	0.00830	0.00265	0.00393	0.07220	0.00599	0.00530
29	0.01497	0.01706	0.14521	0.01765	0.10526	0.01290	0.10240	0.10172	0.03446	0.02318	0.01404	0.05792	0.01177	0.00657	0.00602	0.00166	0.00697	0.00587	0.00400	0.31037
30	0.01505	0.32196	0.33975	0.01708	0.02452	0.01938	0.13920	0.02007	0.01372	0.01844	0.01083	0.01302	0.00851	0.00578	0.00562	0.00181	0.00875	0.00476	0.00284	0.00891
31	0.00938	0.00635	0.00748	0.00748	0.00762	0.00650	0.00445	0.00967	0.00952	0.01285	0.01997	0.04012	0.02255	0.68004	0.12449	0.00679	0.00768	0.00908	0.00386	0.00415
32	0.02188	0.01402	0.01667	0.01269	0.01778	0.01374	0.03144	0.30564	0.03581	0.21823	0.02026	0.01966	0.05318	0.00761	0.00621	0.00177	0.00604	0.00610	0.00617	0.18511
33	0.06031	0.01401	0.01854	0.01599	0.01669	0.01901	0.01323	0.01815	0.10112	0.01779	0.01080	0.01521	0.00984	0.01068	0.01835	0.00270	0.62101	0.00574	0.00337	0.00747
34	0.02352	0.01621	0.01914	0.01734	0.11054	0.01735	0.01262	0.45348	0.08254	0.15383	0.01763	0.01736	0.01244	0.00762	0.00647	0.00197	0.00675	0.00604	0.00631	0.01083
35	0.00905	0.00705	0.00845	0.00915	0.01091	0.00659	0.00737	0.01175	0.03988	0.01843	0.04851	0.14418	0.35714	0.01711	0.00817	0.00254	0.00444	0.27751	0.00600	0.00580
36	0.01296	0.03342	0.73944	0.01842	0.02797	0.01501	0.02387	0.02046	0.01364	0.02046	0.01160	0.01364	0.00818	0.00614	0.00614	0.00205	0.00955	0.00477	0.00273	0.00955
37	0.01340	0.01148	0.01340	0.00957	0.01531	0.00861	0.00766	0.01627	0.01340	0.02105	0.01148	0.01340	0.00957	0.00479	0.00479	0.00096	0.00479	0.00383	0.00383	0.81242
38	0.01351	0.01336	0.01830	0.01562	0.01651	0.05766	0.06982	0.01522	0.01083	0.01553	0.01169	0.01943	0.01157	0.11334	0.12108	0.00419	0.45617	0.00639	0.00312	0.00665
39	0.00792	0.00564	0.00748	0.00894	0.00931	0.00528	0.00594	0.00901	0.01229	0.01638	0.03518	0.74808	0.04219	0.04162	0.00895	0.00273	0.00382	0.01811	0.00594	0.00521
40	0.01218	0.01078	0.01767	0.66106	0.03976	0.01329	0.01622	0.01632	0.01300	0.01748	0.01271	0.01811	0.00963	0.00660	0.00621	0.00207	0.00789	0.00578	0.10620	0.00703
41	0.01811	0.01696	0.02935	0.08379	0.09780	0.01729	0.35937	0.24502	0.01993	0.02692	0.01365	0.01665	0.01013	0.00631	0.00703	0.00207	0.00916	0.00670	0.00427	0.00948
42	0.00787	0.00562	0.00750	0.00900	0.00937	0.00525	0.00600	0.00900	0.01237	0.01649	0.03561	0.76871	0.04274	0.02024	0.00825	0.00262	0.00375	0.01837	0.00600	0.00525
43	0.81856	0.01250	0.00950	0.00850	0.01250	0.01449	0.00700	0.01899	0.01100	0.02899	0.00900	0.01050	0.00700	0.00600	0.00400	0.00200	0.00500	0.00350	0.00400	0.00700
44	0.00902	0.00644	0.00882	0.01031	0.01119	0.00624	0.00800	0.01098	0.01350	0.01778	0.03498	0.45386	0.04022	0.01916	0.00855	0.00278	0.00474	0.32187	0.00598	0.00557
45	0.01322	0.01078	0.01245	0.00912	0.01431	0.00828	0.00725	0.01611	0.01342	0.02144	0.01271	0.01477	0.01047	0.00514	0.00475	0.00103	0.00456	0.00411	0.10704	0.70903
46	0.01535	0.01305	0.01407	0.01299	0.01636	0.01496	0.01025	0.03165	0.63042	0.02604	0.02731	0.03036	0.02196	0.00993	0.00688	0.00229	0.00522	0.09472	0.00649	0.00968
47	0.01962	0.01532	0.02237	0.02316	0.24346	0.01565	0.10307	0.26913	0.02102	0.10242	0.05783	0.02023	0.04138	0.00750	0.00671	0.00198	0.00723	0.00673	0.00521	0.00997
48	0.00818	0.00591	0.00782	0.00923	0.00985	0.00554	0.00650	0.00958	0.01283	0.01691	0.03714	0.63916	0.08126	0.01971	0.00830	0.00264	0.00400	0.10410	0.00599	0.00535
49	0.01431	0.10309	0.17995	0.02278	0.11958	0.01564	0.30679	0.01929	0.01500	0.02076	0.10401	0.01962	0.01591	0.00664	0.00677	0.00201	0.00874	0.00684	0.00358	0.00871
50	0.01539	0.01515	0.02386	0.23950	0.49908	0.05684	0.01888	0.01924	0.01442	0.01952	0.01184	0.01609	0.00967	0.00601	0.00638	0.00197	0.00817	0.00566	0.00311	0.00922
51	0.81856	0.01250	0.00950	0.00850	0.01250	0.01449	0.00700	0.01899	0.01100	0.02899	0.00900	0.01050	0.00700	0.00600	0.00400	0.00200	0.00500	0.00350	0.00400	0.00700
52	0.00963	0.01053	0.10279	0.01083	0.05303	0.00760	0.00885	0.01292	0.01655	0.02271	0.42110	0.04566	0.22786	0.01271	0.00737	0.00207	0.00421	0.01098	0.00603	0.00661
53	0.00895	0.00660	0.00836	0.00792	0.00953	0.00601	0.00594	0.01181	0.01782	0.02481	0.64256	0.05008	0.14830	0.01362	0.00762	0.00205	0.00308	0.01194	0.00697	0.00601
54	0.01520	0.01385	0.01433	0.01290	0.01595	0.05333	0.01008	0.02865	0.51704	0.02398	0.02855	0.02726	0.10898	0.00990	0.00825	0.00223	0.08668	0.00777	0.00593	0.00913
55	0.00850	0.00647	0.00908	0.10495	0.01398	0.00649	0.00763	0.01011	0.01261	0.01662	0.03356	0.62457	0.06328	0.01826	0.00802	0.00256	0.00442	0.03777	0.00560	0.00553
56	0.00983	0.00750	0.00928	0.05150	0.01224	0.00782	0.00717	0.01343	0.07875	0.01912	0.08690	0.20108	0.19789	0.01942	0.12195	0.00347	0.02681	0.01128	0.10841	0.00616
57	0.01716	0.01681	0.04311	0.04774	0.48074	0.05468	0.03946	0.10359	0.04840	0.02301	0.01287	0.01598	0.01045	0.00651	0.00726	0.00199	0.05088	0.00578	0.00371	0.00987
58	0.01546	0.46105	0.31067	0.01390	0.02102	0.02089	0.01599	0.01969	0.01334	0.01745	0.01009	0.01175	0.00829	0.00575	0.00495	0.00163	0.00788	0.00399	0.00278	0.03343
59	0.01052	0.00864	0.01212	0.01140	0.01203	0.01071	0.00879	0.01213	0.01006	0.01464	0.01566	0.02589	0.01566	0.18420	0.41833	0.00763	0.20537	0.00709	0.00339	0.00573
60	0.01488	0.03795	0.07790	0.03611	0.08474	0.01513	0.06882	0.02741	0.42903	0.02415	0.05094	0.02466	0.06260	0.00849	0.00664	0.00212	0.00614	0.00739	0.00545	0.00945
61	0.00909	0.00660	0.00856	0.00807	0.00962	0.00607	0.00605	0.01209	0.01816	0.02561	0.70537	0.04876	0.08499	0.01332	0.00762	0.00204	0.00306	0.01176	0.00707	0.00607
62	0.01204	0.00602	0.00602	0.00602	0.00753	0.00602	0.00452	0.01506	0.01355	0.02409	0.02108	0.02409	0.01656	0.00753	0.00452	0.00151	0.00301	0.00602	0.80879	0.00602
63	0.01609	0.02033	0.17530	0.07369	0.42277	0.07564	0.04062	0.04542	0.03030	0.02108	0.01227	0.01541	0.00977	0.00608	0.00634	0.00195	0.00848	0.00551	0.00328	0.00966
64	0.01614	0.02169	0.26891	0.02732	0.29787	0.01529	0.12912	0.06037	0.01556	0.06652	0.01313	0.01577	0.00987	0.00609	0.00651	0.00201	0.00865	0.00577	0.00354	0.00985
65	0.76833	0.03722	0.01054	0.00883	0.01286	0.03781	0.00730	0.01922	0.01129	0.02814	0.00903	0.01053	0.00708	0.00600	0.00406	0.00197	0.00527	0.00352	0.00394	0.00705
66	0.03968	0.19703	0.02638	0.02132	0.18915	0.04189	0.16749	0.03849	0.05542	0.02126	0.12230	0.02005	0.01785	0.00704	0.00624	0.00188	0.00739	0.00650	0.00402	0.00863
67	0.01402	0.01040	0.01464	0.01207	0.01546	0.00997	0.09760	0.03837	0.13184	0.10835	0.25639	0.06278	0.09770	0.01069	0.00711	0.00204	0.00505	0.02480	0.00617	0.07454
68	0.00786	0.00565	0.00746	0.00891	0.00935	0.00526	0.00596	0.00901	0.01245	0.01653	0.03664	0.74442	0.06636	0.02011	0.00823	0.00261	0.00373	0.01821	0.00600	0.00526
69	0.01573	0.01400	0.01432	0.01338	0.03868	0.05142	0.01004	0.05724	0.54536	0.02560	0.02963	0.02777	0.10957	0.00950	0.00666	0.00215	0.00537	0.00785	0.00623	0.00951
70	0.01382	0.01174	0.01363	0.00977	0.01549	0.00905	0.00783	0.04276	0.01405	0.02180	0.01164	0.01348	0.00962	0.00490	0.00485	0.00099	0.00487	0.00390	0.00393	0.78187
71	0.01422	0.08045	0.63335	0.01777	0.02672	0.01542	0.04027	0.02103	0.01393	0.06103	0.01226	0.01400	0.00868	0.00619	0.00607	0.00200	0.00918	0.00486	0.00305	0.00953
72	0.01525	0.01743	0.03813	0.02723	0.03377	0.01634	0.70915	0.02070	0.01525	0.02070	0.01307	0.01743	0.00980	0.00545	0.00763	0.00218	0.01089	0.00763	0.00327	0.00871
73	0.02838	0.01082	0.01467	0.01130	0.01617	0.00937	0.00932	0.03090	0.01832	0.71149	0.02533	0.02207	0.01601	0.00798	0.00643	0.00198	0.00541	0.00648	0.03675	0.01082
74	0.11805	0.01350	0.02047	0.41448	0.10749	0.01548	0.07656	0.11870	0.01561	0.02248	0.01196	0.01600	0.00903	0.00643	0.00624	0.00208	0.00803	0.00563	0.00361	0.00816
75	0.00789	0.00672	0.00682	0.00683	0.00899	0.00575	0.00510	0.00999	0.03514	0.01770	0.06319	0.08791	0.68328	0.01629	0.00763	0.00220	0.00334	0.01363	0.00602	0.00559
76	0.00858	0.00637	0.00825	0.00907	0.01013	0.00568	0.00621	0.00993	0.01250	0.01708	0.03252	0.67187	0.03848	0.01826	0.00780	0.00241	0.00388	0.01650	0.00572	0.10874
77	0.01529	0.01952	0.19067	0.03476	0.57015	0.01527	0.02076	0.01998	0.01447	0.02096	0.01203	0.01545	0.00976	0.00585	0.00634	0.00195	0.00811	0.00553	0.00309	0.01008
78	0.00872	0.00673	0.00906	0.00996	0.01028	0.00714	0.00698	0.00985	0.01196	0.01625	0.03168	0.65017	0.03777	0.04168	0.01065	0.00276	0.10093	0.01647	0.00553	0.00544
79	0.01016	0.00746	0.00902	0.00941	0.01071	0.00731	0.00673	0.09934	0.01526	0.02015	0.07145	0.50307	0.12700	0.04132	0.00870	0.00257	0.00422	0.03403	0.00605	0.00603
80	0.49898	0.08758	0.03800	0.00984	0.01404	0.04804	0.02351	0.01907	0.01273	0.07500	0.01762	0.01823	0.10062	0.00745	0.00489	0.00195	0.00559	0.00517	0.00433	0.00736
81	0.01626	0.03199	0.06172	0.15640	0.19176	0.09983	0.03454	0.10750	0.03155	0.02111	0.01616	0.01902	0.06634	0.00790	0.00841	0.00209	0.10893	0.00617	0.00378	0.00854

[dist]
# distance from previous block
# <min> <max>
0	12

[block]
# block no. 6 follows, 34 sequences, length 12
# corresponding to MSA columns:
# 280-291
name=unknown_G
#
# <colnr> <probs for GDERKNQSTAVLIFYWHMCP>
#	G	D	E	R	K	N	Q	S	T	A	V	L	I	F	Y	W	H	M	C	P
0	0.01438	0.01321	0.02170	0.16412	0.11006	0.01249	0.17456	0.01866	0.03360	0.04069	0.01304	0.01627	0.01020	0.00567	0.00606	0.00167	0.00728	0.00556	0.02904	0.30175
1	0.00907	0.00648	0.00888	0.01037	0.01127	0.00628	0.00809	0.01107	0.01355	0.01784	0.03495	0.43956	0.04011	0.01911	0.00857	0.00279	0.00479	0.33565	0.00598	0.00558
2	0.02606	0.01089	0.01441	0.01145	0.01589	0.00979	0.00928	0.08132	0.01866	0.59476	0.02596	0.11314	0.01889	0.00948	0.00671	0.00207	0.00541	0.00790	0.00763	0.01029
3	0.01501	0.03909	0.07182	0.02516	0.30210	0.01499	0.09932	0.02314	0.21312	0.02267	0.06610	0.04589	0.01723	0.00759	0.00666	0.00205	0.00700	0.00711	0.00447	0.00949
4	0.01022	0.00720	0.00798	0.00780	0.00824	0.00747	0.00469	0.01246	0.09673	0.01431	0.02109	0.04005	0.02303	0.67913	0.02966	0.00576	0.00612	0.00914	0.00424	0.00469
5	0.01549	0.01503	0.02624	0.12490	0.60113	0.01530	0.06787	0.01949	0.01454	0.02053	0.01214	0.01624	0.01001	0.00582	0.00649	0.00197	0.00801	0.00589	0.00316	0.00976
6	0.00824	0.00601	0.00768	0.00842	0.00929	0.00553	0.00582	0.00989	0.01409	0.01895	0.22243	0.47189	0.12289	0.04638	0.00894	0.00256	0.00361	0.01573	0.00622	0.00545
7	0.01424	0.04594	0.08767	0.01298	0.04731	0.05447	0.01063	0.04491	0.25444	0.02285	0.06544	0.04736	0.12128	0.00922	0.00635	0.00192	0.00566	0.00759	0.03253	0.10720
8	0.00937	0.00731	0.00895	0.00901	0.01108	0.00639	0.00691	0.01142	0.01400	0.01866	0.07830	0.27208	0.21345	0.01564	0.00758	0.00225	0.00422	0.15024	0.00567	0.14746
9	0.01320	0.01446	0.08933	0.07106	0.23495	0.05694	0.01366	0.01827	0.10103	0.02006	0.05657	0.18972	0.07248	0.01062	0.00692	0.00215	0.00645	0.00942	0.00456	0.00813
10	0.17865	0.00885	0.00906	0.00807	0.01070	0.00917	0.00632	0.06761	0.01525	0.10602	0.10560	0.02401	0.01982	0.03249	0.00606	0.00191	0.00410	0.00635	0.37289	0.00708
11	0.01431	0.01030	0.01230	0.01112	0.01356	0.01108	0.00897	0.12251	0.10408	0.06946	0.16622	0.03950	0.10177	0.03146	0.00916	0.00236	0.07435	0.12836	0.06156	0.00759

[dist]
# distance from previous block
# <min> <max>
8	22

[block]
# block no. 7 follows, 34 sequences, length 8
# corresponding to MSA columns:
# 315-322
name=unknown_H
#
# <colnr> <probs for GDERKNQSTAVLIFYWHMCP>
#	G	D	E	R	K	N	Q	S	T	A	V	L	I	F	Y	W	H	M	C	P
0	0.01053	0.06764	0.01255	0.01187	0.06093	0.00992	0.00819	0.01300	0.05112	0.01775	0.09151	0.32750	0.10715	0.08339	0.01126	0.00271	0.08915	0.01241	0.00514	0.00628
1	0.07439	0.03609	0.03829	0.01245	0.05432	0.08512	0.00939	0.06837	0.04564	0.15996	0.14382	0.10384	0.09160	0.03878	0.00762	0.00219	0.00571	0.00871	0.00577	0.00795
2	0.06646	0.11599	0.11304	0.01998	0.20829	0.05097	0.01426	0.11061	0.04163	0.02320	0.04205	0.01613	0.01217	0.00844	0.04102	0.00217	0.00763	0.00527	0.00393	0.09675
3	0.01620	0.18425	0.02244	0.08445	0.13627	0.07675	0.05671	0.08977	0.07611	0.02180	0.10031	0.04972	0.01778	0.00774	0.00613	0.00185	0.00704	0.00654	0.00431	0.03385
4	0.01486	0.22374	0.13568	0.01603	0.11669	0.01613	0.01306	0.08684	0.01487	0.02008	0.01656	0.09278	0.04598	0.04946	0.00780	0.00205	0.03350	0.00662	0.00383	0.08343
5	0.01591	0.13787	0.10679	0.01385	0.05587	0.09437	0.01169	0.12791	0.07621	0.02257	0.07523	0.04711	0.10411	0.03636	0.00715	0.00202	0.00671	0.00708	0.00467	0.04652
6	0.08521	0.16583	0.08230	0.01723	0.12456	0.05160	0.07456	0.04509	0.06295	0.05134	0.11107	0.01916	0.01708	0.00711	0.00589	0.00182	0.00683	0.00594	0.00427	0.06018
7	0.01657	0.09952	0.09878	0.01884	0.16935	0.11100	0.03527	0.06076	0.03210	0.06841	0.05269	0.04955	0.04831	0.04953	0.00777	0.00215	0.00738	0.03475	0.00430	0.03296

[dist]
# distance from previous block
# <min> <max>
8	99

# created by:
# /home/cegg/simao/soft/augustus-3.2.1/scripts/msa2prfl.pl ./align_prep/EOG090W0BLP.fa
