[name]
unknown

[dist]
# distance from previous block
# <min> <max>
2	54

[block]
# block no. 0 follows, 30 sequences, length 13
# corresponding to MSA columns:
# 55-67
name=unknown_A
#
# <colnr> <probs for GDERKNQSTAVLIFYWHMCP>
#	G	D	E	R	K	N	Q	S	T	A	V	L	I	F	Y	W	H	M	C	P
0	0.03620	0.01015	0.05870	0.00963	0.01191	0.00867	0.00770	0.04815	0.05049	0.02105	0.06798	0.14163	0.20050	0.18525	0.01403	0.00337	0.00529	0.03918	0.07360	0.00652
1	0.52812	0.01205	0.01064	0.00963	0.01318	0.01347	0.00768	0.06494	0.01498	0.03038	0.14588	0.08443	0.02237	0.00945	0.00565	0.00222	0.00504	0.00705	0.00534	0.00751
2	0.04654	0.00816	0.00929	0.00931	0.01106	0.00789	0.00666	0.06912	0.01570	0.05040	0.05688	0.33161	0.20581	0.10025	0.01114	0.00298	0.00463	0.01444	0.03167	0.00648
3	0.06054	0.00927	0.01021	0.00979	0.01201	0.00951	0.00727	0.01835	0.16746	0.04486	0.15210	0.11108	0.16851	0.12331	0.01175	0.00302	0.00476	0.03744	0.03155	0.00722
4	0.01140	0.00846	0.00970	0.00934	0.01166	0.00808	0.00711	0.01621	0.11592	0.05825	0.21893	0.10424	0.30608	0.03544	0.00888	0.00251	0.00417	0.04961	0.00692	0.00709
5	0.00922	0.00667	0.00808	0.00875	0.00957	0.00625	0.00593	0.01050	0.01365	0.01789	0.10049	0.32191	0.16061	0.22920	0.01636	0.00383	0.00481	0.05492	0.00594	0.00543
6	0.12395	0.01027	0.01071	0.00944	0.01223	0.01067	0.00721	0.13235	0.01727	0.09328	0.02449	0.06301	0.06742	0.11872	0.01029	0.00269	0.00514	0.00791	0.26528	0.00767
7	0.04380	0.00842	0.00949	0.00883	0.01112	0.00794	0.00654	0.03635	0.04540	0.08550	0.19699	0.08518	0.28839	0.12123	0.01184	0.00294	0.00448	0.01214	0.00658	0.00682
8	0.01647	0.01882	0.04118	0.02941	0.03647	0.01765	0.68588	0.02235	0.01647	0.02235	0.01412	0.01882	0.01059	0.00588	0.00824	0.00235	0.01176	0.00824	0.00353	0.00941
9	0.01023	0.00716	0.00863	0.00873	0.01052	0.00639	0.00645	0.01233	0.01638	0.06016	0.22174	0.21912	0.29840	0.03766	0.00915	0.00258	0.00396	0.04723	0.00685	0.00634
10	0.00975	0.00698	0.00909	0.00930	0.01000	0.00736	0.00640	0.01101	0.01135	0.01549	0.02579	0.13139	0.06667	0.33142	0.30881	0.00777	0.01102	0.01061	0.00446	0.00532
11	0.00866	0.00630	0.00789	0.00908	0.00973	0.00583	0.00604	0.00981	0.01336	0.01747	0.04126	0.56782	0.14074	0.10688	0.01192	0.00322	0.00429	0.01796	0.00622	0.00553
12	0.02726	0.01224	0.01587	0.01247	0.01723	0.01146	0.01025	0.09257	0.02020	0.53117	0.03051	0.02768	0.09705	0.00987	0.00805	0.00223	0.04725	0.00780	0.00791	0.01094

[dist]
# distance from previous block
# <min> <max>
0	1

[block]
# block no. 1 follows, 30 sequences, length 10
# corresponding to MSA columns:
# 69-78
name=unknown_B
#
# <colnr> <probs for GDERKNQSTAVLIFYWHMCP>
#	G	D	E	R	K	N	Q	S	T	A	V	L	I	F	Y	W	H	M	C	P
0	0.01769	0.01599	0.02108	0.07648	0.23705	0.06900	0.04156	0.09962	0.12893	0.04439	0.02083	0.10546	0.03845	0.00963	0.00796	0.00228	0.04059	0.00832	0.00502	0.00970
1	0.01476	0.01050	0.01187	0.01058	0.01242	0.01112	0.00750	0.20918	0.01767	0.02378	0.05587	0.10921	0.02508	0.38104	0.06484	0.00503	0.00730	0.00998	0.00541	0.00686
2	0.00915	0.00650	0.00786	0.00857	0.00912	0.00615	0.00551	0.01009	0.01280	0.01688	0.07118	0.37179	0.11754	0.29284	0.01867	0.00420	0.00496	0.01526	0.00571	0.00521
3	0.10233	0.09165	0.05169	0.06861	0.11251	0.09624	0.01326	0.08716	0.01756	0.13219	0.01455	0.01595	0.01094	0.00680	0.00603	0.00184	0.00756	0.00522	0.00474	0.15317
4	0.01052	0.00819	0.01000	0.01025	0.01165	0.00834	0.00754	0.05344	0.03757	0.02023	0.06220	0.36976	0.19772	0.04038	0.04569	0.00319	0.04967	0.04103	0.00616	0.00645
5	0.01651	0.13965	0.17500	0.01513	0.05053	0.04817	0.01405	0.06082	0.03787	0.06441	0.08592	0.02276	0.05950	0.01068	0.04411	0.00243	0.03701	0.00657	0.00460	0.10432
6	0.08208	0.01894	0.01615	0.01526	0.04917	0.24073	0.01131	0.12909	0.01949	0.07388	0.04412	0.11540	0.07494	0.01108	0.00761	0.00222	0.03273	0.04197	0.00540	0.00844
7	0.06367	0.16366	0.12417	0.05490	0.02279	0.11022	0.03551	0.17804	0.10808	0.02683	0.03747	0.01709	0.01307	0.00758	0.00631	0.00202	0.00831	0.00574	0.00477	0.00978
8	0.15779	0.03809	0.01917	0.04129	0.12417	0.16547	0.01319	0.14356	0.08988	0.04648	0.04631	0.01764	0.01371	0.00795	0.00719	0.00212	0.04573	0.00587	0.00494	0.00946
9	0.08179	0.06091	0.10028	0.07684	0.06313	0.06043	0.03068	0.17259	0.05490	0.02732	0.05909	0.10516	0.01859	0.00948	0.00676	0.00217	0.00734	0.00780	0.04565	0.00910

[dist]
# distance from previous block
# <min> <max>
20	89

[block]
# block no. 2 follows, 30 sequences, length 21
# corresponding to MSA columns:
# 185-205
name=unknown_C
#
# <colnr> <probs for GDERKNQSTAVLIFYWHMCP>
#	G	D	E	R	K	N	Q	S	T	A	V	L	I	F	Y	W	H	M	C	P
0	0.05263	0.05258	0.03889	0.01761	0.06692	0.15573	0.05124	0.14724	0.13447	0.07289	0.01817	0.06841	0.01495	0.00888	0.00763	0.00215	0.04653	0.00699	0.00531	0.03078
1	0.08461	0.10490	0.10341	0.15562	0.02506	0.08960	0.04322	0.05731	0.04675	0.06184	0.03721	0.05671	0.06384	0.00867	0.00657	0.00211	0.00791	0.00700	0.00451	0.03312
2	0.01895	0.01654	0.02050	0.12578	0.14846	0.08657	0.04061	0.09841	0.15250	0.07703	0.03327	0.03930	0.01520	0.00816	0.00737	0.00213	0.02845	0.00687	0.00513	0.06877
3	0.05108	0.07682	0.01989	0.01638	0.06171	0.18511	0.04177	0.04689	0.15612	0.09291	0.03474	0.01948	0.02981	0.00789	0.00688	0.00195	0.02886	0.00611	0.00511	0.11052
4	0.03525	0.01259	0.01863	0.24388	0.08127	0.01389	0.06488	0.04479	0.15054	0.05637	0.02326	0.16541	0.03818	0.01066	0.00744	0.00240	0.00715	0.00959	0.00515	0.00867
5	0.01583	0.01202	0.01490	0.09883	0.01934	0.01286	0.01069	0.05230	0.18355	0.09490	0.14837	0.03144	0.10041	0.01055	0.00858	0.00221	0.07044	0.00854	0.00612	0.09812
6	0.01481	0.01194	0.03709	0.08856	0.17759	0.01165	0.02966	0.03578	0.03353	0.09315	0.05473	0.19916	0.05523	0.04772	0.05478	0.00314	0.02736	0.01054	0.00523	0.00836
7	0.00990	0.00758	0.00941	0.01001	0.01148	0.00703	0.00699	0.01281	0.06716	0.01934	0.03614	0.57211	0.07244	0.01869	0.00829	0.00256	0.00427	0.01678	0.00625	0.10078
8	0.01659	0.18007	0.02527	0.26803	0.03056	0.04621	0.09480	0.08355	0.08379	0.02160	0.01597	0.07447	0.01367	0.00817	0.00671	0.00215	0.00838	0.00707	0.00417	0.00878
9	0.01442	0.01023	0.01332	0.13206	0.01937	0.01064	0.01013	0.06243	0.09798	0.09743	0.07329	0.24607	0.08418	0.01529	0.03975	0.00278	0.00616	0.01166	0.00610	0.04671
10	0.01736	0.09133	0.29203	0.04237	0.16275	0.07559	0.12148	0.07428	0.01698	0.02297	0.01282	0.01562	0.00981	0.00657	0.00675	0.00210	0.00984	0.00576	0.00351	0.01008
11	0.01593	0.02609	0.37296	0.10605	0.03077	0.01666	0.12575	0.11693	0.03857	0.02478	0.01509	0.05155	0.01177	0.00762	0.00710	0.00226	0.00960	0.00671	0.00393	0.00989
12	0.00870	0.00616	0.00804	0.00946	0.00982	0.00580	0.00621	0.00977	0.01298	0.01730	0.03649	0.66595	0.04367	0.10951	0.01209	0.00330	0.00437	0.01868	0.00621	0.00550
13	0.23030	0.22823	0.08104	0.01596	0.07300	0.19572	0.01311	0.05247	0.01596	0.02277	0.01079	0.01260	0.00887	0.00659	0.00537	0.00188	0.00849	0.00436	0.00370	0.00877
14	0.00992	0.00680	0.00755	0.00755	0.00783	0.00666	0.00436	0.01013	0.01084	0.01417	0.02781	0.04824	0.10705	0.66661	0.03226	0.00624	0.00638	0.01070	0.00450	0.00443
15	0.01447	0.01480	0.06759	0.05726	0.14279	0.01386	0.11453	0.02285	0.19244	0.02520	0.19436	0.03072	0.05925	0.00962	0.00754	0.00226	0.00681	0.00888	0.00555	0.00922
16	0.01447	0.01240	0.01447	0.01034	0.01654	0.00930	0.00827	0.01757	0.01447	0.02274	0.01240	0.01447	0.01034	0.00517	0.00517	0.00103	0.00517	0.00413	0.00413	0.79742
17	0.01659	0.01510	0.08072	0.01542	0.07195	0.04355	0.03385	0.08616	0.03498	0.09030	0.12400	0.05111	0.06004	0.01014	0.00716	0.00206	0.00650	0.07451	0.00565	0.17020
18	0.01301	0.00650	0.00650	0.00650	0.00813	0.00650	0.00488	0.01626	0.01463	0.02602	0.02276	0.02602	0.01789	0.00813	0.00488	0.00163	0.00325	0.00650	0.79350	0.00650
19	0.01801	0.40533	0.23587	0.01628	0.02332	0.10713	0.06523	0.02219	0.01518	0.01860	0.01098	0.01296	0.00904	0.00630	0.00560	0.00180	0.00923	0.00457	0.00309	0.00929
20	0.00859	0.00703	0.00751	0.00749	0.00957	0.00602	0.00554	0.01054	0.01628	0.02020	0.17576	0.09386	0.55146	0.03799	0.00904	0.00247	0.00361	0.01447	0.00662	0.00595

[dist]
# distance from previous block
# <min> <max>
0	1

[block]
# block no. 3 follows, 30 sequences, length 44
# corresponding to MSA columns:
# 207-230,238-257
name=unknown_D
#
# <colnr> <probs for GDERKNQSTAVLIFYWHMCP>
#	G	D	E	R	K	N	Q	S	T	A	V	L	I	F	Y	W	H	M	C	P
0	0.01595	0.04837	0.01921	0.08033	0.15590	0.03643	0.03402	0.04460	0.29177	0.02463	0.04879	0.05321	0.09737	0.00978	0.00717	0.00225	0.00659	0.00845	0.00557	0.00964
1	0.23972	0.06574	0.01673	0.04165	0.01836	0.07494	0.01060	0.16077	0.07393	0.14890	0.03894	0.01989	0.04519	0.00826	0.00613	0.00210	0.00671	0.00609	0.00583	0.00951
2	0.01563	0.01491	0.02537	0.32107	0.44579	0.01615	0.02060	0.01998	0.01511	0.02081	0.01284	0.01780	0.01035	0.00652	0.00694	0.00217	0.00870	0.00621	0.00331	0.00973
3	0.01420	0.06701	0.68943	0.01955	0.02968	0.01669	0.02519	0.02205	0.01471	0.02186	0.01240	0.01458	0.00884	0.00660	0.00654	0.00218	0.01019	0.00510	0.00295	0.01026
4	0.02873	0.01181	0.01570	0.01232	0.01734	0.01059	0.01007	0.03286	0.07530	0.61385	0.07326	0.02584	0.02086	0.00908	0.00711	0.00218	0.00573	0.00746	0.00845	0.01145
5	0.00899	0.00710	0.00810	0.00785	0.00988	0.00621	0.00589	0.01146	0.01766	0.02302	0.36170	0.06029	0.41479	0.01612	0.00824	0.00228	0.00342	0.01376	0.00703	0.00621
6	0.02653	0.01955	0.02094	0.01606	0.02164	0.02164	0.01326	0.68796	0.03281	0.04398	0.01675	0.01675	0.01187	0.00838	0.00698	0.00209	0.00768	0.00628	0.00698	0.01187
7	0.03111	0.01219	0.01639	0.01257	0.01797	0.01073	0.01038	0.06108	0.02050	0.68824	0.02708	0.02346	0.01705	0.00863	0.00702	0.00216	0.00601	0.00699	0.00857	0.01188
8	0.00871	0.00687	0.00786	0.00808	0.00983	0.00602	0.00588	0.01075	0.01633	0.02093	0.22467	0.21160	0.40225	0.01772	0.00839	0.00242	0.00358	0.01530	0.00678	0.00602
9	0.01710	0.01719	0.02589	0.02057	0.02378	0.04695	0.20488	0.06386	0.13970	0.02232	0.01461	0.01823	0.01194	0.00948	0.01422	0.00262	0.32643	0.00699	0.00419	0.00904
10	0.01318	0.01240	0.02093	0.73798	0.04806	0.01550	0.01938	0.01783	0.01395	0.01783	0.01240	0.01860	0.00930	0.00698	0.00698	0.00233	0.00930	0.00620	0.00310	0.00775
11	0.03131	0.01188	0.01619	0.01242	0.01781	0.01026	0.01026	0.03401	0.01997	0.71606	0.02753	0.02375	0.01727	0.00864	0.00702	0.00216	0.00594	0.00702	0.00864	0.01188
12	0.01699	0.01655	0.02861	0.10602	0.41752	0.01722	0.14138	0.05038	0.04738	0.02305	0.01384	0.01794	0.01118	0.00684	0.00815	0.00222	0.05408	0.00666	0.00373	0.01025
13	0.02001	0.01631	0.01727	0.01474	0.01916	0.01860	0.01169	0.22565	0.50573	0.03348	0.02503	0.02335	0.01857	0.00915	0.00707	0.00229	0.00615	0.00742	0.00707	0.01128
14	0.01664	0.01834	0.03839	0.03232	0.18292	0.01742	0.54167	0.02215	0.01634	0.02245	0.01390	0.01849	0.01069	0.00596	0.00795	0.00229	0.01101	0.00780	0.00351	0.00977
15	0.01847	0.17743	0.02448	0.07758	0.04203	0.08800	0.10766	0.11563	0.03501	0.06029	0.03782	0.10099	0.01833	0.00966	0.00699	0.00216	0.00810	0.05556	0.00488	0.00891
16	0.01301	0.00650	0.00650	0.00650	0.00813	0.00650	0.00488	0.01626	0.01463	0.02602	0.02276	0.02602	0.01789	0.00813	0.00488	0.00163	0.00325	0.00650	0.79350	0.00650
17	0.01638	0.01567	0.02672	0.19370	0.56730	0.01635	0.02097	0.02064	0.01547	0.02172	0.01297	0.01756	0.01067	0.00638	0.00692	0.00213	0.00851	0.00621	0.00338	0.01034
18	0.01652	0.02126	0.15858	0.05679	0.05743	0.01697	0.49255	0.02256	0.01618	0.05002	0.01427	0.01824	0.01051	0.00618	0.00781	0.00231	0.01106	0.00749	0.00361	0.00966
19	0.01448	0.01726	0.11630	0.15016	0.07756	0.01672	0.14163	0.01901	0.03858	0.01953	0.01467	0.06812	0.01323	0.04337	0.01305	0.00274	0.21399	0.00758	0.00360	0.00843
20	0.00826	0.00700	0.00714	0.00724	0.00947	0.00588	0.00538	0.01000	0.01574	0.01878	0.06860	0.11153	0.66537	0.01795	0.00829	0.00239	0.00357	0.01506	0.00648	0.00588
21	0.02102	0.01026	0.01323	0.01102	0.01469	0.00939	0.00874	0.07655	0.02017	0.34966	0.24217	0.08842	0.08050	0.01195	0.00761	0.00223	0.00495	0.01016	0.00790	0.00937
22	0.05725	0.05983	0.04973	0.01812	0.02221	0.51570	0.05844	0.05589	0.01881	0.01941	0.01116	0.01333	0.00917	0.00737	0.00734	0.00195	0.05728	0.00489	0.00369	0.00842
23	0.01013	0.00838	0.01039	0.01156	0.08016	0.00770	0.00762	0.01346	0.04672	0.02301	0.29462	0.05495	0.37567	0.01494	0.00806	0.00227	0.00401	0.01282	0.00664	0.00688
24	0.02149	0.01364	0.01562	0.01338	0.01769	0.01459	0.01059	0.03501	0.45041	0.24921	0.05890	0.02649	0.02203	0.00942	0.00713	0.00229	0.00555	0.00782	0.00762	0.01111
25	0.01301	0.00650	0.00650	0.00650	0.00813	0.00650	0.00488	0.01626	0.01463	0.02602	0.02276	0.02602	0.01789	0.00813	0.00488	0.00163	0.00325	0.00650	0.79350	0.00650
26	0.01546	0.01187	0.07145	0.01393	0.03626	0.00981	0.05550	0.06869	0.01658	0.15053	0.03023	0.40402	0.03149	0.01551	0.00815	0.00256	0.00592	0.03761	0.00634	0.00811
27	0.01503	0.01283	0.04425	0.01076	0.01450	0.03119	0.00895	0.20449	0.02106	0.04949	0.07706	0.04684	0.40860	0.01379	0.00772	0.00225	0.00534	0.01126	0.00650	0.00808
28	0.01612	0.01776	0.03520	0.02821	0.10897	0.04429	0.50900	0.02108	0.01607	0.02153	0.01593	0.07209	0.01371	0.03616	0.00912	0.00251	0.01066	0.00877	0.00376	0.00907
29	0.04352	0.04766	0.08094	0.02022	0.05365	0.05840	0.22463	0.08317	0.04182	0.21986	0.01879	0.02120	0.01367	0.00766	0.00724	0.00221	0.00881	0.03085	0.00545	0.01025
30	0.56412	0.01576	0.01401	0.06751	0.07220	0.07718	0.01042	0.06577	0.01443	0.02926	0.01075	0.01282	0.00837	0.00668	0.00507	0.00213	0.00669	0.00438	0.00428	0.00818
31	0.01548	0.04820	0.05161	0.08803	0.11069	0.10792	0.08293	0.03881	0.08380	0.02166	0.06870	0.15546	0.05131	0.01107	0.00748	0.00230	0.00772	0.03350	0.00492	0.00842
32	0.00921	0.00637	0.00789	0.00882	0.00905	0.00614	0.00552	0.00990	0.01199	0.01598	0.03142	0.44890	0.03727	0.33529	0.02029	0.00452	0.00521	0.01569	0.00552	0.00505
33	0.00997	0.00748	0.01121	0.01121	0.01246	0.00872	0.00872	0.01246	0.01121	0.01620	0.01869	0.02741	0.01745	0.05234	0.72710	0.01121	0.01869	0.00748	0.00374	0.00623
34	0.01796	0.01229	0.01483	0.01077	0.01680	0.00950	0.00868	0.02098	0.01561	0.16644	0.01554	0.01639	0.01177	0.00589	0.00555	0.00127	0.00533	0.00473	0.00507	0.63460
35	0.01675	0.01895	0.14701	0.05472	0.22312	0.01580	0.09528	0.05360	0.11652	0.05585	0.04533	0.02144	0.03693	0.00781	0.00760	0.00220	0.03155	0.00700	0.00456	0.03798
36	0.01648	0.01566	0.05056	0.22870	0.17195	0.01675	0.08618	0.07034	0.06390	0.04969	0.01545	0.04985	0.01269	0.00841	0.00940	0.00237	0.11106	0.00711	0.00414	0.00930
37	0.00856	0.00621	0.00808	0.00946	0.01008	0.00573	0.00639	0.00993	0.01390	0.01844	0.07698	0.65911	0.09912	0.02113	0.00882	0.00276	0.00397	0.01905	0.00654	0.00573
38	0.01557	0.01492	0.02356	0.04435	0.07021	0.01381	0.20070	0.02160	0.10083	0.02305	0.01482	0.01751	0.01175	0.00630	0.00710	0.00176	0.03437	0.00604	0.00421	0.36752
39	0.07663	0.02161	0.01912	0.01602	0.02019	0.21036	0.01284	0.32301	0.08219	0.03128	0.01579	0.01838	0.01249	0.00879	0.00814	0.00217	0.07378	0.03178	0.00553	0.00990
40	0.01731	0.01364	0.01590	0.01518	0.06808	0.03401	0.01080	0.24917	0.06548	0.02697	0.02039	0.10587	0.01928	0.14817	0.12056	0.00442	0.04208	0.00870	0.00543	0.00857
41	0.01301	0.00650	0.00650	0.00650	0.00813	0.00650	0.00488	0.01626	0.01463	0.02602	0.02276	0.02602	0.01789	0.00813	0.00488	0.00163	0.00325	0.00650	0.79350	0.00650
42	0.01516	0.04367	0.01629	0.01123	0.01723	0.01084	0.02789	0.05367	0.01547	0.02345	0.01341	0.03832	0.01152	0.00593	0.00544	0.00121	0.00555	0.00486	0.00430	0.67457
43	0.02210	0.01616	0.01976	0.04586	0.05183	0.06644	0.03256	0.15861	0.05052	0.19453	0.04438	0.01969	0.01465	0.00921	0.01082	0.00231	0.18572	0.00658	0.00569	0.04257

[dist]
# distance from previous block
# <min> <max>
4	7

[block]
# block no. 4 follows, 30 sequences, length 36
# corresponding to MSA columns:
# 265-300
name=unknown_E
#
# <colnr> <probs for GDERKNQSTAVLIFYWHMCP>
#	G	D	E	R	K	N	Q	S	T	A	V	L	I	F	Y	W	H	M	C	P
0	0.27555	0.04072	0.07603	0.01303	0.01822	0.21958	0.01115	0.02198	0.01517	0.02368	0.01100	0.01284	0.00887	0.00633	0.00532	0.00174	0.00789	0.00420	0.00391	0.22280
1	0.01633	0.01476	0.02165	0.19102	0.31870	0.06059	0.01685	0.02050	0.03249	0.05935	0.13279	0.02373	0.02042	0.00824	0.00764	0.00218	0.03174	0.00728	0.00446	0.00927
2	0.02156	0.04136	0.06253	0.01523	0.02001	0.10132	0.03277	0.28098	0.02234	0.09576	0.01753	0.06698	0.01431	0.01265	0.07045	0.00286	0.03635	0.00689	0.00557	0.07253
3	0.00939	0.00737	0.00862	0.01000	0.01054	0.03916	0.00670	0.01058	0.01351	0.01758	0.03642	0.68376	0.04348	0.05472	0.01000	0.00297	0.00457	0.01868	0.00624	0.00571
4	0.80405	0.01350	0.01026	0.00918	0.01350	0.01565	0.00756	0.02051	0.01188	0.03131	0.00972	0.01134	0.00756	0.00648	0.00432	0.00216	0.00540	0.00378	0.00432	0.00756
5	0.01301	0.00650	0.00650	0.00650	0.00813	0.00650	0.00488	0.01626	0.01463	0.02602	0.02276	0.02602	0.01789	0.00813	0.00488	0.00163	0.00325	0.00650	0.79350	0.00650
6	0.01010	0.00695	0.00856	0.00856	0.00888	0.00728	0.00541	0.01076	0.01043	0.01423	0.02112	0.04087	0.02329	0.57025	0.21717	0.00793	0.00990	0.00945	0.00410	0.00475
7	0.01535	0.01491	0.02658	0.17170	0.38298	0.01526	0.12908	0.01968	0.01579	0.02193	0.06886	0.05451	0.01657	0.00767	0.00734	0.00221	0.00847	0.00768	0.00387	0.00954
8	0.01866	0.75896	0.03657	0.01194	0.01791	0.02761	0.01194	0.02090	0.01418	0.01642	0.00970	0.01119	0.00896	0.00597	0.00448	0.00149	0.00746	0.00373	0.00299	0.00896
9	0.01645	0.25397	0.39704	0.01795	0.05657	0.02007	0.01976	0.05838	0.05825	0.02201	0.01291	0.01458	0.00992	0.00668	0.00603	0.00199	0.00891	0.00500	0.00346	0.01006
10	0.01774	0.01764	0.02735	0.07278	0.62916	0.06979	0.02073	0.02174	0.01609	0.02214	0.01292	0.01698	0.01082	0.00633	0.00687	0.00206	0.00866	0.00609	0.00345	0.01068
11	0.01849	0.06823	0.08543	0.02183	0.18804	0.15506	0.01510	0.06155	0.19611	0.02364	0.02079	0.04273	0.05581	0.00855	0.00680	0.00211	0.00809	0.00698	0.00482	0.00985
12	0.01335	0.01031	0.01330	0.03845	0.01464	0.01140	0.02811	0.12372	0.01538	0.02087	0.02362	0.21139	0.02560	0.24310	0.06252	0.00444	0.08996	0.03802	0.00511	0.00672
13	0.01344	0.01267	0.02141	0.69326	0.09073	0.01557	0.01951	0.01806	0.01408	0.01815	0.01245	0.01852	0.00941	0.00693	0.00697	0.00231	0.00924	0.00620	0.00312	0.00796
14	0.00955	0.00686	0.00848	0.00932	0.01051	0.00634	0.00651	0.01174	0.03942	0.04046	0.08794	0.50560	0.19221	0.01959	0.00859	0.00265	0.00400	0.01742	0.00664	0.00616
15	0.00850	0.00607	0.00810	0.00972	0.01012	0.00567	0.00648	0.00972	0.01336	0.01781	0.03846	0.75020	0.04615	0.02186	0.00891	0.00283	0.00405	0.01984	0.00648	0.00567
16	0.06980	0.01861	0.01967	0.01606	0.04378	0.04474	0.01269	0.50058	0.07192	0.06398	0.01692	0.01704	0.01221	0.00805	0.00671	0.00205	0.00740	0.00608	0.00650	0.05522
17	0.62824	0.03531	0.03659	0.01086	0.01542	0.03538	0.00929	0.09325	0.01448	0.03118	0.01059	0.01219	0.00819	0.00686	0.00529	0.00215	0.02790	0.00418	0.00447	0.00817
18	0.00991	0.00727	0.01040	0.01051	0.01149	0.00820	0.00781	0.01189	0.01117	0.01584	0.02049	0.07563	0.02059	0.17050	0.56408	0.00993	0.01574	0.00870	0.00399	0.00585
19	0.01062	0.00772	0.01058	0.01041	0.01147	0.00866	0.00766	0.03636	0.01171	0.01648	0.01952	0.03201	0.01941	0.24267	0.51198	0.00967	0.01503	0.00816	0.00399	0.00589
20	0.16926	0.01335	0.01482	0.01237	0.01625	0.01448	0.01003	0.14125	0.09982	0.18474	0.07401	0.02670	0.09878	0.01010	0.00834	0.00229	0.07990	0.00759	0.00646	0.00945
21	0.06130	0.01978	0.01574	0.01484	0.04879	0.28002	0.01086	0.10903	0.05946	0.02470	0.15592	0.02951	0.12114	0.01026	0.00701	0.00206	0.00786	0.00800	0.00548	0.00826
22	0.01231	0.01041	0.01046	0.01034	0.01133	0.09262	0.00708	0.03745	0.01289	0.01640	0.02243	0.15305	0.02452	0.35264	0.18933	0.00640	0.00984	0.01031	0.00451	0.00567
23	0.01848	0.01638	0.05756	0.03615	0.55565	0.01524	0.01943	0.02258	0.01655	0.10964	0.05217	0.01983	0.01467	0.00697	0.00698	0.00210	0.00782	0.00661	0.00431	0.01088
24	0.13950	0.01871	0.06160	0.01688	0.07133	0.06992	0.01315	0.19814	0.24842	0.03094	0.01827	0.01858	0.01379	0.00827	0.00727	0.00222	0.04078	0.00623	0.00567	0.01031
25	0.02121	0.02161	0.08814	0.01718	0.05764	0.17814	0.01379	0.13451	0.26754	0.07583	0.03949	0.02050	0.01621	0.00840	0.00687	0.00214	0.00806	0.00658	0.00580	0.01036
26	0.02607	0.03326	0.01978	0.01798	0.02157	0.72674	0.01348	0.02787	0.01978	0.01708	0.01079	0.01258	0.00899	0.00719	0.00629	0.00180	0.01258	0.00449	0.00360	0.00809
27	0.02523	0.01890	0.02021	0.01579	0.02114	0.02103	0.01295	0.59559	0.12730	0.04188	0.01841	0.01807	0.01321	0.00853	0.00700	0.00213	0.00737	0.00651	0.00700	0.01175
28	0.01434	0.01234	0.01457	0.01061	0.01640	0.00970	0.00850	0.01739	0.01450	0.02268	0.03654	0.01582	0.01223	0.00578	0.00600	0.00116	0.03542	0.00451	0.00421	0.73730
29	0.01597	0.02729	0.41647	0.06715	0.10752	0.01628	0.09326	0.06085	0.04191	0.04892	0.02969	0.01740	0.01153	0.00698	0.00694	0.00221	0.00953	0.00607	0.00378	0.01023
30	0.03864	0.01505	0.01991	0.09652	0.15049	0.08993	0.04485	0.01787	0.01327	0.01827	0.01359	0.02117	0.01268	0.10396	0.12027	0.00424	0.20131	0.00668	0.00349	0.00780
31	0.01301	0.00650	0.00650	0.00650	0.00813	0.00650	0.00488	0.01626	0.01463	0.02602	0.02276	0.02602	0.01789	0.00813	0.00488	0.00163	0.00325	0.00650	0.79350	0.00650
32	0.01536	0.00876	0.01130	0.01131	0.04980	0.00778	0.00808	0.01765	0.01706	0.20971	0.12815	0.16797	0.26643	0.01495	0.00800	0.00238	0.00460	0.03581	0.00705	0.00786
33	0.05169	0.07970	0.08875	0.05863	0.09161	0.08708	0.13687	0.01910	0.01415	0.01927	0.01404	0.02014	0.01234	0.07223	0.15215	0.00430	0.05975	0.00653	0.00350	0.00818
34	0.00928	0.00696	0.00858	0.00961	0.01075	0.00656	0.00696	0.01148	0.03714	0.01865	0.04435	0.41521	0.19770	0.06721	0.01052	0.00302	0.00453	0.11923	0.00635	0.00593
35	0.01272	0.00648	0.00661	0.00671	0.00826	0.00645	0.00498	0.01584	0.01455	0.02549	0.02377	0.07261	0.01970	0.00901	0.00514	0.00170	0.00330	0.00736	0.74286	0.00645

[dist]
# distance from previous block
# <min> <max>
0	10

[block]
# block no. 5 follows, 30 sequences, length 40
# corresponding to MSA columns:
# 311-339,344-354
name=unknown_F
#
# <colnr> <probs for GDERKNQSTAVLIFYWHMCP>
#	G	D	E	R	K	N	Q	S	T	A	V	L	I	F	Y	W	H	M	C	P
0	0.01537	0.02418	0.26829	0.02546	0.03338	0.01680	0.43577	0.02186	0.01567	0.02202	0.01377	0.01779	0.01028	0.00803	0.03700	0.00267	0.01156	0.00717	0.00334	0.00959
1	0.00997	0.00748	0.01121	0.01121	0.01246	0.00872	0.00872	0.01246	0.01121	0.01620	0.01869	0.02741	0.01745	0.05234	0.72710	0.01121	0.01869	0.00748	0.00374	0.00623
2	0.19005	0.01652	0.01779	0.04335	0.02028	0.01796	0.01174	0.39542	0.02519	0.16889	0.01716	0.01703	0.01189	0.00797	0.00643	0.00213	0.00693	0.00589	0.00658	0.01080
3	0.01692	0.01426	0.01587	0.10517	0.02058	0.06330	0.01172	0.18662	0.12881	0.02815	0.14461	0.03381	0.07124	0.01251	0.03154	0.00261	0.02806	0.06930	0.00610	0.00882
4	0.01400	0.03610	0.71860	0.01989	0.03020	0.01621	0.02578	0.02210	0.01473	0.02210	0.01252	0.01473	0.00884	0.00663	0.00663	0.00221	0.01031	0.00516	0.00295	0.01031
5	0.01301	0.00650	0.00650	0.00650	0.00813	0.00650	0.00488	0.01626	0.01463	0.02602	0.02276	0.02602	0.01789	0.00813	0.00488	0.00163	0.00325	0.00650	0.79350	0.00650
6	0.01015	0.00677	0.00761	0.00761	0.00761	0.00677	0.00423	0.01015	0.01015	0.01353	0.02199	0.04567	0.02537	0.75476	0.03552	0.00677	0.00677	0.01015	0.00423	0.00423
7	0.01301	0.00650	0.00650	0.00650	0.00813	0.00650	0.00488	0.01626	0.01463	0.02602	0.02276	0.02602	0.01789	0.00813	0.00488	0.00163	0.00325	0.00650	0.79350	0.00650
8	0.80405	0.01350	0.01026	0.00918	0.01350	0.01565	0.00756	0.02051	0.01188	0.03131	0.00972	0.01134	0.00756	0.00648	0.00432	0.00216	0.00540	0.00378	0.00432	0.00756
9	0.01740	0.17544	0.01971	0.01497	0.06377	0.15244	0.01144	0.02103	0.06164	0.05972	0.08317	0.03252	0.02276	0.05596	0.06007	0.00306	0.00849	0.12341	0.00491	0.00810
10	0.01683	0.26236	0.29698	0.01587	0.02271	0.06537	0.01723	0.04267	0.08888	0.02147	0.04894	0.01668	0.01326	0.00741	0.00667	0.00200	0.03589	0.00540	0.00381	0.00957
11	0.01763	0.02393	0.31900	0.01929	0.09198	0.03745	0.04308	0.02491	0.09474	0.12443	0.03935	0.01888	0.01383	0.00729	0.00671	0.00207	0.00826	0.00607	0.00463	0.09646
12	0.01447	0.01240	0.01447	0.01034	0.01654	0.00930	0.00827	0.01757	0.01447	0.02274	0.01240	0.01447	0.01034	0.00517	0.00517	0.00103	0.00517	0.00413	0.00413	0.79742
13	0.01662	0.01440	0.03739	0.01383	0.05664	0.01267	0.01058	0.14289	0.08297	0.02685	0.01693	0.07697	0.01462	0.00765	0.00614	0.00160	0.00590	0.00633	0.00506	0.44396
14	0.01938	0.01681	0.08335	0.03756	0.09316	0.01524	0.11645	0.22191	0.02122	0.10867	0.04564	0.07380	0.07670	0.02787	0.00812	0.00235	0.00767	0.00851	0.00570	0.00987
15	0.02123	0.01657	0.06659	0.01413	0.01900	0.01620	0.01205	0.29222	0.18134	0.12342	0.07069	0.04910	0.06593	0.00999	0.00722	0.00222	0.00645	0.00810	0.00694	0.01062
16	0.02552	0.01555	0.01920	0.04789	0.13233	0.06287	0.01305	0.17752	0.02167	0.33167	0.04378	0.02172	0.01602	0.02953	0.00780	0.00225	0.00724	0.00679	0.00669	0.01092
17	0.01526	0.01450	0.02462	0.22419	0.42560	0.01543	0.04012	0.01924	0.01499	0.02080	0.01525	0.08718	0.01385	0.00807	0.00764	0.00225	0.03029	0.00757	0.00364	0.00951
18	0.00960	0.00727	0.00927	0.03111	0.01207	0.00724	0.00730	0.01295	0.08836	0.01910	0.03782	0.62433	0.06723	0.01992	0.00863	0.00275	0.00434	0.01795	0.00645	0.00632
19	0.01807	0.01271	0.01508	0.01112	0.01704	0.01034	0.00895	0.04633	0.05131	0.14750	0.01608	0.01680	0.01219	0.00613	0.00566	0.00134	0.00542	0.00492	0.00520	0.58780
20	0.01866	0.75896	0.03657	0.01194	0.01791	0.02761	0.01194	0.02090	0.01418	0.01642	0.00970	0.01119	0.00896	0.00597	0.00448	0.00149	0.00746	0.00373	0.00299	0.00896
21	0.06611	0.05576	0.02116	0.01550	0.02104	0.02163	0.01290	0.62069	0.03081	0.04197	0.01604	0.01620	0.01150	0.00816	0.00672	0.00207	0.00755	0.00603	0.00665	0.01150
22	0.02529	0.01871	0.02012	0.01567	0.02094	0.02069	0.01285	0.63018	0.05668	0.04214	0.01826	0.05333	0.01391	0.00908	0.00708	0.00214	0.00742	0.00701	0.00696	0.01153
23	0.01301	0.00650	0.00650	0.00650	0.00813	0.00650	0.00488	0.01626	0.01463	0.02602	0.02276	0.02602	0.01789	0.00813	0.00488	0.00163	0.00325	0.00650	0.79350	0.00650
24	0.02491	0.14794	0.02248	0.01695	0.02099	0.59095	0.01323	0.05002	0.01935	0.01792	0.01082	0.01251	0.00908	0.00704	0.00603	0.00176	0.01160	0.00444	0.00362	0.00836
25	0.01116	0.00814	0.01102	0.01241	0.01410	0.00813	0.01068	0.01477	0.03934	0.02092	0.03885	0.10138	0.08205	0.01894	0.00944	0.00312	0.00612	0.57646	0.00645	0.00652
26	0.01717	0.01644	0.02784	0.04171	0.68716	0.01633	0.02096	0.02128	0.01584	0.02280	0.01310	0.01717	0.01103	0.00618	0.00685	0.00204	0.00818	0.00615	0.00348	0.03829
27	0.01301	0.00650	0.00650	0.00650	0.00813	0.00650	0.00488	0.01626	0.01463	0.02602	0.02276	0.02602	0.01789	0.00813	0.00488	0.00163	0.00325	0.00650	0.79350	0.00650
28	0.01709	0.01370	0.01559	0.01178	0.01729	0.01221	0.00942	0.19313	0.01919	0.02787	0.01593	0.08244	0.01402	0.00754	0.00599	0.00148	0.00573	0.00614	0.00510	0.51836
29	0.64246	0.01316	0.01150	0.00985	0.01440	0.01453	0.00812	0.02333	0.01357	0.17450	0.01344	0.01393	0.00959	0.00693	0.00488	0.00216	0.00551	0.00446	0.00522	0.00846
30	0.02118	0.42799	0.07857	0.01483	0.02020	0.29616	0.01352	0.02367	0.01637	0.01708	0.01032	0.01198	0.00896	0.00649	0.00533	0.00166	0.00964	0.00413	0.00322	0.00872
31	0.01849	0.01378	0.01741	0.01322	0.01849	0.03547	0.06015	0.05598	0.04075	0.14758	0.03818	0.03690	0.01460	0.00734	0.00714	0.00166	0.04875	0.00599	0.00524	0.41286
32	0.01783	0.01685	0.02530	0.09172	0.38158	0.04013	0.04332	0.09288	0.05190	0.02377	0.01353	0.01735	0.01112	0.00771	0.00967	0.00228	0.13269	0.00631	0.00393	0.01013
33	0.01919	0.02052	0.15373	0.02655	0.20218	0.01689	0.19133	0.14442	0.01914	0.08859	0.01541	0.01803	0.01145	0.00831	0.03049	0.00248	0.00957	0.00667	0.00450	0.01056
34	0.01746	0.01123	0.01319	0.03806	0.01605	0.01113	0.00925	0.10373	0.12375	0.17305	0.08408	0.06199	0.22624	0.01253	0.00760	0.00229	0.00527	0.04244	0.00698	0.03367
35	0.01301	0.00650	0.00650	0.00650	0.00813	0.00650	0.00488	0.01626	0.01463	0.02602	0.02276	0.02602	0.01789	0.00813	0.00488	0.00163	0.00325	0.00650	0.79350	0.00650
36	0.80405	0.01350	0.01026	0.00918	0.01350	0.01565	0.00756	0.02051	0.01188	0.03131	0.00972	0.01134	0.00756	0.00648	0.00432	0.00216	0.00540	0.00378	0.00432	0.00756
37	0.75832	0.01480	0.05125	0.00980	0.01446	0.01569	0.00861	0.02060	0.01204	0.03078	0.00988	0.01153	0.00763	0.00649	0.00445	0.00216	0.00568	0.00386	0.00424	0.00772
38	0.00995	0.00731	0.01031	0.01031	0.01132	0.00821	0.00765	0.01189	0.01114	0.01572	0.02113	0.03264	0.04219	0.20120	0.55542	0.00997	0.01564	0.00829	0.00393	0.00579
39	0.00964	0.00678	0.00878	0.00919	0.00971	0.00696	0.00614	0.01081	0.01185	0.01622	0.06529	0.23273	0.03130	0.33059	0.20607	0.00659	0.00892	0.01223	0.00491	0.00528

[dist]
# distance from previous block
# <min> <max>
0	16

[block]
# block no. 6 follows, 30 sequences, length 8
# corresponding to MSA columns:
# 371-378
name=unknown_G
#
# <colnr> <probs for GDERKNQSTAVLIFYWHMCP>
#	G	D	E	R	K	N	Q	S	T	A	V	L	I	F	Y	W	H	M	C	P
0	0.02270	0.01497	0.01832	0.01585	0.08655	0.01419	0.01164	0.23629	0.02181	0.19817	0.01754	0.01773	0.01258	0.00714	0.00637	0.00175	0.00646	0.00573	0.00607	0.27814
1	0.01499	0.01844	0.10094	0.06497	0.03198	0.01625	0.45290	0.02017	0.01552	0.02119	0.01844	0.06192	0.05648	0.00813	0.00914	0.00242	0.06482	0.00872	0.00376	0.00884
2	0.01445	0.01449	0.10427	0.01312	0.01780	0.01142	0.06217	0.04887	0.12158	0.06820	0.12339	0.07708	0.15161	0.01101	0.00730	0.00212	0.00591	0.00951	0.00586	0.12984
3	0.02029	0.01119	0.01371	0.01087	0.01562	0.00966	0.00872	0.02448	0.07786	0.30759	0.06977	0.03064	0.13907	0.00967	0.00681	0.00191	0.00512	0.00798	0.00686	0.22219
4	0.01639	0.08457	0.16357	0.10261	0.18055	0.06869	0.01668	0.02179	0.06801	0.06326	0.02341	0.02481	0.11925	0.00861	0.00683	0.00213	0.00798	0.00715	0.00434	0.00937
5	0.07885	0.02029	0.12564	0.01489	0.01975	0.10670	0.01323	0.16285	0.22282	0.02894	0.07012	0.06737	0.01963	0.00942	0.00688	0.00221	0.00735	0.00749	0.00577	0.00979
6	0.04822	0.05879	0.05259	0.01577	0.05447	0.01713	0.03708	0.25888	0.15348	0.07016	0.07563	0.02396	0.05677	0.00898	0.00690	0.00212	0.00671	0.00731	0.00620	0.03886
7	0.01862	0.01608	0.04286	0.01436	0.01881	0.07335	0.06230	0.21176	0.05145	0.05193	0.04496	0.06824	0.05193	0.01089	0.00900	0.07991	0.00714	0.02305	0.00545	0.13790

[dist]
# distance from previous block
# <min> <max>
1	8

[block]
# block no. 7 follows, 30 sequences, length 55
# corresponding to MSA columns:
# 400-454
name=unknown_H
#
# <colnr> <probs for GDERKNQSTAVLIFYWHMCP>
#	G	D	E	R	K	N	Q	S	T	A	V	L	I	F	Y	W	H	M	C	P
0	0.12377	0.13526	0.06088	0.01831	0.11150	0.12665	0.03236	0.11431	0.04004	0.07700	0.01527	0.06036	0.01282	0.00813	0.00683	0.00207	0.03413	0.00620	0.00466	0.00945
1	0.04451	0.07520	0.38738	0.01903	0.05237	0.10761	0.04379	0.02430	0.05496	0.07729	0.01410	0.01576	0.01038	0.00715	0.00713	0.00215	0.03775	0.00543	0.00382	0.00991
2	0.01730	0.04589	0.21499	0.02514	0.23304	0.01657	0.05888	0.08763	0.09182	0.04447	0.01606	0.01937	0.01262	0.00729	0.00684	0.00212	0.00834	0.02736	0.00433	0.05995
3	0.01841	0.01584	0.01923	0.18102	0.10143	0.06543	0.01377	0.15385	0.04131	0.05034	0.01430	0.01675	0.01100	0.00674	0.00634	0.00179	0.00752	0.00551	0.00461	0.26481
4	0.01332	0.00793	0.01021	0.00918	0.01156	0.00712	0.00705	0.01632	0.01931	0.14408	0.51191	0.04917	0.13805	0.01373	0.00803	0.00221	0.00377	0.01193	0.00769	0.00740
5	0.01432	0.01356	0.02299	0.54467	0.23248	0.01580	0.01995	0.01883	0.01449	0.01921	0.01260	0.01823	0.00979	0.00677	0.00696	0.00226	0.00902	0.00621	0.00320	0.00867
6	0.00844	0.00708	0.00733	0.00727	0.00954	0.00597	0.00545	0.01038	0.01635	0.01990	0.14414	0.06542	0.63429	0.01728	0.00825	0.00234	0.00351	0.01448	0.00662	0.00597
7	0.02260	0.00995	0.01340	0.01094	0.01481	0.00876	0.00876	0.02554	0.01988	0.43639	0.30392	0.03528	0.03702	0.01092	0.00751	0.00217	0.00486	0.00929	0.00825	0.00973
8	0.01009	0.00700	0.00880	0.00880	0.00921	0.00741	0.00571	0.01091	0.01050	0.01441	0.02090	0.03966	0.02276	0.52357	0.26314	0.00823	0.01069	0.00927	0.00407	0.00489
9	0.00850	0.00607	0.00810	0.00972	0.01012	0.00567	0.00648	0.00972	0.01336	0.01781	0.03846	0.75020	0.04615	0.02186	0.00891	0.00283	0.00405	0.01984	0.00648	0.00567
10	0.00850	0.00607	0.00810	0.00972	0.01012	0.00567	0.00648	0.00972	0.01336	0.01781	0.03846	0.75020	0.04615	0.02186	0.00891	0.00283	0.00405	0.01984	0.00648	0.00567
11	0.01710	0.01469	0.01559	0.01414	0.01799	0.01696	0.01105	0.03612	0.66953	0.02884	0.02877	0.02828	0.02211	0.00989	0.00721	0.00240	0.00556	0.03586	0.00707	0.01085
12	0.00888	0.00637	0.00844	0.00946	0.01021	0.00592	0.00651	0.01067	0.01513	0.02063	0.22396	0.55667	0.05161	0.01976	0.00872	0.00266	0.00384	0.01784	0.00681	0.00592
13	0.02607	0.03326	0.01978	0.01798	0.02157	0.72674	0.01348	0.02787	0.01978	0.01708	0.01079	0.01258	0.00899	0.00719	0.00629	0.00180	0.01258	0.00449	0.00360	0.00809
14	0.80405	0.01350	0.01026	0.00918	0.01350	0.01565	0.00756	0.02051	0.01188	0.03131	0.00972	0.01134	0.00756	0.00648	0.00432	0.00216	0.00540	0.00378	0.00432	0.00756
15	0.01318	0.01240	0.02093	0.73798	0.04806	0.01550	0.01938	0.01783	0.01395	0.01783	0.01240	0.01860	0.00930	0.00698	0.00698	0.00233	0.00930	0.00620	0.00310	0.00775
16	0.06627	0.01195	0.01593	0.01227	0.01762	0.01050	0.01013	0.03340	0.01961	0.68508	0.02672	0.02319	0.01683	0.00854	0.00690	0.00216	0.00591	0.00687	0.00844	0.01168
17	0.01433	0.01043	0.01229	0.01155	0.01376	0.01079	0.00861	0.22182	0.02038	0.02749	0.13149	0.41727	0.03839	0.01652	0.00821	0.00251	0.00507	0.01453	0.00681	0.00774
18	0.01318	0.01240	0.02093	0.73798	0.04806	0.01550	0.01938	0.01783	0.01395	0.01783	0.01240	0.01860	0.00930	0.00698	0.00698	0.00233	0.00930	0.00620	0.00310	0.00775
19	0.01647	0.01882	0.04118	0.02941	0.03647	0.01765	0.68588	0.02235	0.01647	0.02235	0.01412	0.01882	0.01059	0.00588	0.00824	0.00235	0.01176	0.00824	0.00353	0.00941
20	0.00968	0.00713	0.00906	0.00858	0.01031	0.00650	0.00643	0.01280	0.01930	0.02690	0.63224	0.05390	0.14183	0.01467	0.00823	0.00221	0.00332	0.01287	0.00754	0.00650
21	0.01581	0.01551	0.02342	0.14618	0.30876	0.04497	0.01797	0.01901	0.01376	0.01941	0.01203	0.01735	0.01051	0.01138	0.06033	0.00303	0.24207	0.00620	0.00329	0.00899
22	0.01318	0.01240	0.02093	0.73798	0.04806	0.01550	0.01938	0.01783	0.01395	0.01783	0.01240	0.01860	0.00930	0.00698	0.00698	0.00233	0.00930	0.00620	0.00310	0.00775
23	0.00850	0.00607	0.00810	0.00972	0.01012	0.00567	0.00648	0.00972	0.01336	0.01781	0.03846	0.75020	0.04615	0.02186	0.00891	0.00283	0.00405	0.01984	0.00648	0.00567
24	0.00846	0.00674	0.00749	0.00798	0.00959	0.00588	0.00566	0.01003	0.01496	0.01857	0.07828	0.28121	0.44842	0.05223	0.00969	0.00270	0.00384	0.01607	0.00642	0.00577
25	0.04530	0.02074	0.02402	0.07569	0.36810	0.18916	0.01761	0.13109	0.01933	0.02481	0.01300	0.01595	0.01047	0.00686	0.00669	0.00203	0.00920	0.00573	0.00407	0.01015
26	0.01770	0.01111	0.01276	0.01095	0.01458	0.01087	0.00874	0.13381	0.08977	0.17998	0.11126	0.04375	0.27052	0.01297	0.00770	0.00229	0.00508	0.04005	0.00723	0.00886
27	0.00850	0.00607	0.00810	0.00972	0.01012	0.00567	0.00648	0.00972	0.01336	0.01781	0.03846	0.75020	0.04615	0.02186	0.00891	0.00283	0.00405	0.01984	0.00648	0.00567
28	0.01105	0.00762	0.01108	0.01090	0.01222	0.00859	0.00833	0.01329	0.01154	0.05078	0.01948	0.02915	0.01827	0.12415	0.61839	0.01030	0.01680	0.00774	0.00403	0.00630
29	0.01869	0.10218	0.02327	0.09544	0.02264	0.02048	0.03709	0.13295	0.01616	0.07853	0.01253	0.01622	0.01032	0.00976	0.01453	0.00253	0.36757	0.00602	0.00419	0.00892
30	0.01512	0.01417	0.04300	0.07772	0.02175	0.01238	0.07479	0.04692	0.11686	0.02438	0.06179	0.01959	0.01562	0.00682	0.00623	0.00163	0.00637	0.00595	0.00473	0.42417
31	0.01956	0.12710	0.12415	0.12009	0.02610	0.12683	0.05534	0.19180	0.01966	0.02487	0.01365	0.03756	0.01107	0.00834	0.00790	0.02877	0.03769	0.00598	0.00425	0.00927
32	0.01500	0.01486	0.02077	0.01785	0.01793	0.02064	0.01483	0.01661	0.01114	0.01735	0.04395	0.01710	0.01198	0.01232	0.02217	0.00301	0.70519	0.00643	0.00328	0.00758
33	0.00974	0.00700	0.00947	0.00980	0.01070	0.00725	0.00706	0.01162	0.01319	0.01829	0.14532	0.19262	0.03484	0.18306	0.26842	0.00652	0.00978	0.04429	0.00525	0.00577
34	0.01007	0.00706	0.00909	0.00909	0.00960	0.00757	0.00607	0.01110	0.01059	0.01463	0.02063	0.03817	0.02212	0.46626	0.31957	0.00859	0.01166	0.00905	0.00403	0.00505
35	0.00998	0.00742	0.01095	0.01095	0.01211	0.00858	0.00839	0.01229	0.01114	0.01600	0.01893	0.02875	0.01802	0.10369	0.67654	0.01089	0.01782	0.00767	0.00377	0.00608
36	0.00825	0.00707	0.00707	0.00707	0.00943	0.00589	0.00530	0.01001	0.01591	0.01885	0.07069	0.06716	0.70839	0.01767	0.00825	0.00236	0.00353	0.01473	0.00648	0.00589
37	0.01527	0.01527	0.02137	0.01832	0.01832	0.02137	0.01527	0.01679	0.01069	0.01679	0.00916	0.01527	0.00916	0.01221	0.02290	0.00305	0.74198	0.00611	0.00305	0.00763
38	0.00965	0.00712	0.00901	0.00854	0.01029	0.00649	0.00641	0.01273	0.01922	0.02672	0.61927	0.05421	0.15491	0.01474	0.00823	0.00222	0.00333	0.01291	0.00752	0.00649
39	0.01866	0.75896	0.03657	0.01194	0.01791	0.02761	0.01194	0.02090	0.01418	0.01642	0.00970	0.01119	0.00896	0.00597	0.00448	0.00149	0.00746	0.00373	0.00299	0.00896
40	0.02418	0.01470	0.07719	0.01713	0.11472	0.01230	0.01290	0.09744	0.02029	0.38669	0.12442	0.02557	0.02235	0.00894	0.00715	0.00215	0.00643	0.00750	0.00711	0.01084
41	0.01318	0.01240	0.02093	0.73798	0.04806	0.01550	0.01938	0.01783	0.01395	0.01783	0.01240	0.01860	0.00930	0.00698	0.00698	0.00233	0.00930	0.00620	0.00310	0.00775
42	0.01638	0.01949	0.06723	0.02905	0.03623	0.01759	0.66049	0.02234	0.01640	0.02234	0.01406	0.01867	0.01052	0.00591	0.00817	0.00235	0.01171	0.00812	0.00351	0.00945
43	0.01856	0.68423	0.08506	0.01264	0.01891	0.02661	0.01298	0.04157	0.01479	0.01768	0.01012	0.01162	0.00904	0.00609	0.00471	0.00156	0.00767	0.00391	0.00311	0.00914
44	0.00997	0.00748	0.01121	0.01121	0.01246	0.00872	0.00872	0.01246	0.01121	0.01620	0.01869	0.02741	0.01745	0.05234	0.72710	0.01121	0.01869	0.00748	0.00374	0.00623
45	0.00905	0.00650	0.00870	0.01026	0.01097	0.00615	0.00740	0.01069	0.01400	0.01847	0.03929	0.59011	0.06836	0.02119	0.00903	0.00289	0.00451	0.15012	0.00647	0.00583
46	0.01064	0.00818	0.01147	0.01121	0.01204	0.00961	0.00848	0.01247	0.01111	0.01583	0.01921	0.03259	0.01938	0.21232	0.45665	0.00894	0.09410	0.03595	0.00389	0.00592
47	0.01318	0.01240	0.02093	0.73798	0.04806	0.01550	0.01938	0.01783	0.01395	0.01783	0.01240	0.01860	0.00930	0.00698	0.00698	0.00233	0.00930	0.00620	0.00310	0.00775
48	0.01548	0.03160	0.52185	0.02484	0.18019	0.06119	0.02404	0.02231	0.01531	0.02194	0.01255	0.01516	0.00934	0.00657	0.00667	0.00215	0.01001	0.00535	0.00310	0.01034
49	0.00926	0.00665	0.00895	0.01051	0.01132	0.00634	0.00778	0.01106	0.01420	0.01871	0.03904	0.54037	0.06511	0.02101	0.00909	0.00293	0.00470	0.20063	0.00646	0.00589
50	0.00951	0.00698	0.00881	0.00995	0.01081	0.00672	0.00683	0.03714	0.03892	0.01931	0.03933	0.65166	0.08652	0.02062	0.00872	0.00276	0.00421	0.01855	0.00652	0.00612
51	0.01500	0.02311	0.34004	0.02128	0.16704	0.01350	0.01882	0.02056	0.01609	0.06966	0.11604	0.02382	0.05298	0.00822	0.00692	0.00210	0.00789	0.00698	0.00437	0.06559
52	0.00883	0.00636	0.00838	0.00956	0.01030	0.00592	0.00661	0.01050	0.01467	0.01975	0.15782	0.57998	0.07299	0.02028	0.00879	0.00272	0.00398	0.04002	0.00669	0.00586
53	0.01400	0.03610	0.71860	0.01989	0.03020	0.01621	0.02578	0.02210	0.01473	0.02210	0.01252	0.01473	0.00884	0.00663	0.00663	0.00221	0.01031	0.00516	0.00295	0.01031
54	0.01751	0.01612	0.04608	0.12145	0.32383	0.01642	0.04355	0.08331	0.10962	0.04739	0.01678	0.02124	0.01356	0.00777	0.00762	0.00222	0.03342	0.03450	0.00451	0.03311

[dist]
# distance from previous block
# <min> <max>
5	10

[block]
# block no. 8 follows, 30 sequences, length 29
# corresponding to MSA columns:
# 484-512
name=unknown_I
#
# <colnr> <probs for GDERKNQSTAVLIFYWHMCP>
#	G	D	E	R	K	N	Q	S	T	A	V	L	I	F	Y	W	H	M	C	P
0	0.01436	0.01361	0.02306	0.53795	0.23889	0.01581	0.01997	0.01886	0.01451	0.01926	0.01261	0.01822	0.00981	0.00676	0.00696	0.00225	0.00901	0.00621	0.00320	0.00870
1	0.24370	0.00832	0.00879	0.00951	0.01113	0.00866	0.00680	0.01307	0.01321	0.02227	0.06061	0.49984	0.03565	0.01697	0.00752	0.00261	0.00441	0.01476	0.00589	0.00627
2	0.04709	0.01766	0.15137	0.01392	0.01989	0.01360	0.01316	0.11050	0.10734	0.29490	0.02145	0.02051	0.01472	0.00797	0.00660	0.00207	0.00670	0.00634	0.05532	0.06887
3	0.16470	0.06864	0.02036	0.42948	0.09452	0.03890	0.01607	0.01918	0.01395	0.02092	0.01170	0.01618	0.00913	0.00667	0.00618	0.00213	0.00825	0.00541	0.00342	0.04420
