[name]
unknown

[dist]
# distance from previous block
# <min> <max>
0	27

[block]
# block no. 0 follows, 40 sequences, length 36
# corresponding to MSA columns:
# 27-62
name=unknown_A
#
# <colnr> <probs for GDERKNQSTAVLIFYWHMCP>
#	G	D	E	R	K	N	Q	S	T	A	V	L	I	F	Y	W	H	M	C	P
0	0.00917	0.00619	0.00818	0.00775	0.00927	0.00574	0.00597	0.01188	0.01620	0.05753	0.65863	0.04426	0.05110	0.01203	0.00691	0.00190	0.00307	0.07217	0.00635	0.00568
1	0.01274	0.24253	0.56245	0.01474	0.02234	0.01613	0.01830	0.01814	0.01215	0.01711	0.00979	0.01146	0.00739	0.00537	0.00503	0.00168	0.00794	0.00397	0.00246	0.00828
2	0.01204	0.01014	0.01185	0.00865	0.01347	0.00788	0.00690	0.03704	0.01292	0.01988	0.07548	0.01485	0.01269	0.00505	0.00458	0.00097	0.00424	0.00412	0.00378	0.73348
3	0.00854	0.00643	0.00695	0.00683	0.00872	0.00570	0.00510	0.04119	0.01355	0.04895	0.04957	0.13697	0.55385	0.05114	0.00795	0.00219	0.00343	0.03227	0.00541	0.00527
4	0.00846	0.00564	0.00634	0.00634	0.00634	0.00564	0.00352	0.00846	0.00846	0.01128	0.01832	0.03805	0.02114	0.79563	0.02960	0.00564	0.00564	0.00846	0.00352	0.00352
5	0.01503	0.69614	0.12891	0.01084	0.01630	0.02174	0.01150	0.01755	0.01188	0.01432	0.00840	0.00972	0.00745	0.00505	0.00397	0.00132	0.00654	0.00327	0.00248	0.00761
6	0.00831	0.00623	0.00935	0.00935	0.01038	0.00727	0.00727	0.01038	0.00935	0.01350	0.01558	0.02285	0.01454	0.04361	0.77259	0.00935	0.01558	0.00623	0.00312	0.00519
7	0.01373	0.01569	0.03431	0.02451	0.03039	0.01471	0.73824	0.01863	0.01373	0.01863	0.01176	0.01569	0.00882	0.00490	0.00686	0.00196	0.00980	0.00686	0.00294	0.00784
8	0.00846	0.00564	0.00634	0.00634	0.00634	0.00564	0.00352	0.00846	0.00846	0.01128	0.01832	0.03805	0.02114	0.79563	0.02960	0.00564	0.00564	0.00846	0.00352	0.00352
9	0.01098	0.01034	0.01744	0.78165	0.04005	0.01292	0.01615	0.01486	0.01163	0.01486	0.01034	0.01550	0.00775	0.00581	0.00581	0.00194	0.00775	0.00517	0.00258	0.00646
10	0.00752	0.00565	0.00760	0.00865	0.00896	0.00573	0.00596	0.00855	0.01096	0.01478	0.03017	0.73191	0.03609	0.01760	0.00832	0.00238	0.06349	0.01565	0.00518	0.00485
11	0.00687	0.00589	0.00589	0.00589	0.00785	0.00491	0.00442	0.00835	0.01325	0.01571	0.05891	0.05596	0.75700	0.01473	0.00687	0.00196	0.00295	0.01227	0.00540	0.00491
12	0.00709	0.00506	0.00675	0.00810	0.00843	0.00472	0.00540	0.00810	0.01113	0.01484	0.03205	0.79184	0.03846	0.01822	0.00742	0.00236	0.00337	0.01653	0.00540	0.00472
13	0.00687	0.00589	0.00589	0.00589	0.00785	0.00491	0.00442	0.00835	0.01325	0.01571	0.05891	0.05596	0.75700	0.01473	0.00687	0.00196	0.00295	0.01227	0.00540	0.00491
14	0.83671	0.01125	0.00855	0.00765	0.01125	0.01305	0.00630	0.01709	0.00990	0.02609	0.00810	0.00945	0.00630	0.00540	0.00360	0.00180	0.00450	0.00315	0.00360	0.00630
15	0.01541	0.77265	0.05578	0.01018	0.01528	0.02268	0.01035	0.01745	0.01183	0.01384	0.00817	0.00943	0.00746	0.00499	0.00379	0.00126	0.00630	0.00315	0.00249	0.00750
16	0.02183	0.01615	0.01730	0.01332	0.01793	0.01790	0.01099	0.71430	0.05346	0.03620	0.01431	0.01424	0.01017	0.00701	0.00582	0.00175	0.00633	0.00528	0.00582	0.00986
17	0.01446	0.01249	0.01315	0.01183	0.01512	0.01446	0.00920	0.03090	0.74885	0.02433	0.02367	0.02170	0.01775	0.00789	0.00592	0.00197	0.00460	0.00657	0.00592	0.00920
18	0.00823	0.00594	0.00777	0.00732	0.00869	0.00549	0.00549	0.01097	0.01646	0.02332	0.75629	0.04344	0.05487	0.01189	0.00686	0.00183	0.00274	0.01052	0.00640	0.00549
19	0.83671	0.01125	0.00855	0.00765	0.01125	0.01305	0.00630	0.01709	0.00990	0.02609	0.00810	0.00945	0.00630	0.00540	0.00360	0.00180	0.00450	0.00315	0.00360	0.00630
20	0.01439	0.01382	0.02360	0.03569	0.75936	0.01382	0.01785	0.01785	0.01324	0.01900	0.01094	0.01439	0.00921	0.00518	0.00576	0.00173	0.00691	0.00518	0.00288	0.00921
21	0.02211	0.01629	0.01745	0.01338	0.01803	0.01803	0.01105	0.73997	0.02734	0.03665	0.01396	0.01396	0.00989	0.00698	0.00582	0.00175	0.00640	0.00524	0.00582	0.00989
22	0.02211	0.01629	0.01745	0.01338	0.01803	0.01803	0.01105	0.73997	0.02734	0.03665	0.01396	0.01396	0.00989	0.00698	0.00582	0.00175	0.00640	0.00524	0.00582	0.00989
23	0.00709	0.00506	0.00675	0.00810	0.00843	0.00472	0.00540	0.00810	0.01113	0.01484	0.03205	0.79184	0.03846	0.01822	0.00742	0.00236	0.00337	0.01653	0.00540	0.00472
24	0.00709	0.00506	0.00675	0.00810	0.00843	0.00472	0.00540	0.00810	0.01113	0.01484	0.03205	0.79184	0.03846	0.01822	0.00742	0.00236	0.00337	0.01653	0.00540	0.00472
25	0.01439	0.01382	0.02360	0.03569	0.75936	0.01382	0.01785	0.01785	0.01324	0.01900	0.01094	0.01439	0.00921	0.00518	0.00576	0.00173	0.00691	0.00518	0.00288	0.00921
26	0.00833	0.00615	0.00893	0.00893	0.00983	0.00705	0.00676	0.01012	0.00922	0.01319	0.01595	0.02493	0.01544	0.14659	0.67084	0.00884	0.01422	0.00654	0.00317	0.00496
27	0.00839	0.00561	0.00636	0.00642	0.00644	0.00559	0.00361	0.00844	0.00858	0.01144	0.01897	0.07342	0.02195	0.75916	0.02856	0.00548	0.00553	0.00884	0.00361	0.00358
28	0.01446	0.01249	0.01315	0.01183	0.01512	0.01446	0.00920	0.03090	0.74885	0.02433	0.02367	0.02170	0.01775	0.00789	0.00592	0.00197	0.00460	0.00657	0.00592	0.00920
29	0.01522	0.73440	0.09233	0.01051	0.01579	0.02221	0.01092	0.01750	0.01185	0.01408	0.00828	0.00958	0.00745	0.00502	0.00388	0.00129	0.00642	0.00321	0.00248	0.00756
30	0.83671	0.01125	0.00855	0.00765	0.01125	0.01305	0.00630	0.01709	0.00990	0.02609	0.00810	0.00945	0.00630	0.00540	0.00360	0.00180	0.00450	0.00315	0.00360	0.00630
31	0.01410	0.01351	0.02307	0.10072	0.69665	0.01374	0.01770	0.01759	0.01310	0.01864	0.01089	0.01449	0.00908	0.00524	0.00576	0.00175	0.00698	0.00518	0.00285	0.00897
32	0.00846	0.00564	0.00634	0.00634	0.00634	0.00564	0.00352	0.00846	0.00846	0.01128	0.01832	0.03805	0.02114	0.79563	0.02960	0.00564	0.00564	0.00846	0.00352	0.00352
33	0.02609	0.00990	0.01350	0.01035	0.01484	0.00855	0.00855	0.02834	0.01664	0.76338	0.02294	0.01979	0.01439	0.00720	0.00585	0.00180	0.00495	0.00585	0.00720	0.00990
34	0.01187	0.02879	0.70351	0.01771	0.05628	0.01357	0.05149	0.01840	0.01238	0.01845	0.01051	0.01251	0.00751	0.00548	0.00559	0.00184	0.00857	0.00444	0.00249	0.00859
35	0.00730	0.00535	0.00686	0.00766	0.00842	0.00491	0.00530	0.00874	0.01253	0.01675	0.18935	0.54193	0.13060	0.01644	0.00723	0.00220	0.00319	0.01473	0.00561	0.00491

[dist]
# distance from previous block
# <min> <max>
0	4

[block]
# block no. 1 follows, 40 sequences, length 35
# corresponding to MSA columns:
# 67-101
name=unknown_B
#
# <colnr> <probs for GDERKNQSTAVLIFYWHMCP>
#	G	D	E	R	K	N	Q	S	T	A	V	L	I	F	Y	W	H	M	C	P
0	0.02211	0.01629	0.01745	0.01338	0.01803	0.01803	0.01105	0.73997	0.02734	0.03665	0.01396	0.01396	0.00989	0.00698	0.00582	0.00175	0.00640	0.00524	0.00582	0.00989
1	0.01555	0.79913	0.03047	0.00995	0.01493	0.02301	0.00995	0.01741	0.01182	0.01368	0.00808	0.00933	0.00746	0.00498	0.00373	0.00124	0.00622	0.00311	0.00249	0.00746
2	0.01206	0.01034	0.01206	0.00861	0.01378	0.00775	0.00689	0.01464	0.01206	0.01895	0.01034	0.01206	0.00861	0.00431	0.00431	0.00086	0.00431	0.00345	0.00345	0.83118
3	0.01446	0.01249	0.01315	0.01183	0.01512	0.01446	0.00920	0.03090	0.74885	0.02433	0.02367	0.02170	0.01775	0.00789	0.00592	0.00197	0.00460	0.00657	0.00592	0.00920
4	0.00814	0.00594	0.00764	0.00722	0.00863	0.00545	0.00541	0.01079	0.01624	0.02280	0.70855	0.04430	0.10293	0.01208	0.00686	0.00184	0.00276	0.01064	0.00633	0.00545
5	0.83671	0.01125	0.00855	0.00765	0.01125	0.01305	0.00630	0.01709	0.00990	0.02609	0.00810	0.00945	0.00630	0.00540	0.00360	0.00180	0.00450	0.00315	0.00360	0.00630
6	0.00823	0.00594	0.00777	0.00732	0.00869	0.00549	0.00549	0.01097	0.01646	0.02332	0.75629	0.04344	0.05487	0.01189	0.00686	0.00183	0.00274	0.01052	0.00640	0.00549
7	0.01555	0.79913	0.03047	0.00995	0.01493	0.02301	0.00995	0.01741	0.01182	0.01368	0.00808	0.00933	0.00746	0.00498	0.00373	0.00124	0.00622	0.00311	0.00249	0.00746
8	0.00846	0.00564	0.00634	0.00634	0.00634	0.00564	0.00352	0.00846	0.00846	0.01128	0.01832	0.03805	0.02114	0.79563	0.02960	0.00564	0.00564	0.00846	0.00352	0.00352
9	0.00846	0.00564	0.00634	0.00634	0.00634	0.00564	0.00352	0.00846	0.00846	0.01128	0.01832	0.03805	0.02114	0.79563	0.02960	0.00564	0.00564	0.00846	0.00352	0.00352
10	0.02609	0.00990	0.01350	0.01035	0.01484	0.00855	0.00855	0.02834	0.01664	0.76338	0.02294	0.01979	0.01439	0.00720	0.00585	0.00180	0.00495	0.00585	0.00720	0.00990
11	0.01137	0.01081	0.01776	0.64493	0.06754	0.01363	0.01575	0.01487	0.01133	0.01492	0.00999	0.01508	0.00780	0.00638	0.00762	0.00201	0.11390	0.00516	0.00259	0.00656
12	0.00722	0.00525	0.00684	0.00806	0.00863	0.00488	0.00557	0.00839	0.01150	0.01510	0.03460	0.67003	0.10851	0.01773	0.00741	0.00234	0.00347	0.06428	0.00540	0.00478
13	0.00724	0.00595	0.00642	0.00661	0.00840	0.00513	0.00508	0.00889	0.01334	0.01626	0.09058	0.08800	0.60783	0.01488	0.00703	0.00205	0.00323	0.09266	0.00545	0.00498
14	0.01220	0.11797	0.58223	0.01659	0.05239	0.01438	0.05637	0.01799	0.01250	0.01809	0.03993	0.01343	0.00942	0.00567	0.00545	0.00177	0.00808	0.00457	0.00266	0.00832
15	0.00826	0.00598	0.00786	0.00782	0.00912	0.00558	0.00600	0.01081	0.01549	0.02155	0.57186	0.10889	0.07129	0.01309	0.00707	0.00200	0.00318	0.11262	0.00614	0.00539
16	0.03425	0.07966	0.02380	0.05059	0.51429	0.07087	0.08674	0.01804	0.01329	0.01818	0.01106	0.01502	0.00941	0.00550	0.00567	0.00172	0.00733	0.02314	0.00293	0.00850
17	0.01604	0.73738	0.02935	0.01035	0.01517	0.08299	0.01005	0.01788	0.01219	0.01373	0.00816	0.00942	0.00746	0.00506	0.00385	0.00126	0.00656	0.00316	0.00253	0.00740
18	0.83671	0.01125	0.00855	0.00765	0.01125	0.01305	0.00630	0.01709	0.00990	0.02609	0.00810	0.00945	0.00630	0.00540	0.00360	0.00180	0.00450	0.00315	0.00360	0.00630
19	0.01430	0.01243	0.01368	0.04846	0.03959	0.01437	0.00980	0.02974	0.69145	0.02372	0.02265	0.02118	0.01702	0.00771	0.00591	0.00196	0.00482	0.00647	0.00567	0.00908
20	0.01151	0.01124	0.02010	0.64362	0.06730	0.01321	0.11954	0.01552	0.01199	0.01556	0.01056	0.01549	0.00796	0.00566	0.00596	0.00193	0.00801	0.00541	0.00265	0.00677
21	0.00687	0.00589	0.00589	0.00589	0.00785	0.00491	0.00442	0.00835	0.01325	0.01571	0.05891	0.05596	0.75700	0.01473	0.00687	0.00196	0.00295	0.01227	0.00540	0.00491
22	0.01439	0.01382	0.02360	0.03569	0.75936	0.01382	0.01785	0.01785	0.01324	0.01900	0.01094	0.01439	0.00921	0.00518	0.00576	0.00173	0.00691	0.00518	0.00288	0.00921
23	0.00709	0.00506	0.00675	0.00810	0.00843	0.00472	0.00540	0.00810	0.01113	0.01484	0.03205	0.79184	0.03846	0.01822	0.00742	0.00236	0.00337	0.01653	0.00540	0.00472
24	0.01373	0.01569	0.03431	0.02451	0.03039	0.01471	0.73824	0.01863	0.01373	0.01863	0.01176	0.01569	0.00882	0.00490	0.00686	0.00196	0.00980	0.00686	0.00294	0.00784
25	0.00709	0.00506	0.00675	0.00810	0.00843	0.00472	0.00540	0.00810	0.01113	0.01484	0.03205	0.79184	0.03846	0.01822	0.00742	0.00236	0.00337	0.01653	0.00540	0.00472
26	0.01010	0.00505	0.00758	0.00758	0.00758	0.00505	0.00505	0.00758	0.00758	0.01010	0.01010	0.01768	0.01010	0.02020	0.02273	0.83081	0.00505	0.00505	0.00253	0.00253
27	0.01555	0.79913	0.03047	0.00995	0.01493	0.02301	0.00995	0.01741	0.01182	0.01368	0.00808	0.00933	0.00746	0.00498	0.00373	0.00124	0.00622	0.00311	0.00249	0.00746
28	0.01446	0.01249	0.01315	0.01183	0.01512	0.01446	0.00920	0.03090	0.74885	0.02433	0.02367	0.02170	0.01775	0.00789	0.00592	0.00197	0.00460	0.00657	0.00592	0.00920
29	0.05790	0.00995	0.01330	0.01024	0.01470	0.00872	0.00846	0.02790	0.01638	0.73445	0.02236	0.01939	0.01408	0.00713	0.00576	0.00180	0.00493	0.00574	0.00706	0.00976
30	0.83671	0.01125	0.00855	0.00765	0.01125	0.01305	0.00630	0.01709	0.00990	0.02609	0.00810	0.00945	0.00630	0.00540	0.00360	0.00180	0.00450	0.00315	0.00360	0.00630
31	0.01373	0.01569	0.03431	0.02451	0.03039	0.01471	0.73824	0.01863	0.01373	0.01863	0.01176	0.01569	0.00882	0.00490	0.00686	0.00196	0.00980	0.00686	0.00294	0.00784
32	0.01166	0.03008	0.76550	0.01657	0.02517	0.01351	0.02149	0.01842	0.01228	0.01842	0.01044	0.01228	0.00737	0.00552	0.00552	0.00184	0.00859	0.00430	0.00246	0.00859
33	0.01114	0.01050	0.01773	0.74689	0.07358	0.01296	0.01623	0.01500	0.01170	0.01505	0.01036	0.01545	0.00782	0.00578	0.00581	0.00193	0.00771	0.00517	0.00260	0.00659
34	0.00846	0.00564	0.00634	0.00634	0.00634	0.00564	0.00352	0.00846	0.00846	0.01128	0.01832	0.03805	0.02114	0.79563	0.02960	0.00564	0.00564	0.00846	0.00352	0.00352

[dist]
# distance from previous block
# <min> <max>
0	20

[block]
# block no. 2 follows, 40 sequences, length 59
# corresponding to MSA columns:
# 122-180
name=unknown_C
#
# <colnr> <probs for GDERKNQSTAVLIFYWHMCP>
#	G	D	E	R	K	N	Q	S	T	A	V	L	I	F	Y	W	H	M	C	P
0	0.01098	0.01034	0.01744	0.78165	0.04005	0.01292	0.01615	0.01486	0.01163	0.01486	0.01034	0.01550	0.00775	0.00581	0.00581	0.00194	0.00775	0.00517	0.00258	0.00646
1	0.02229	0.01599	0.01727	0.01324	0.01789	0.01759	0.01094	0.70698	0.02685	0.07034	0.01438	0.01423	0.01010	0.00699	0.00582	0.00175	0.00633	0.00526	0.00588	0.00989
2	0.00687	0.00589	0.00589	0.00589	0.00785	0.00491	0.00442	0.00835	0.01325	0.01571	0.05891	0.05596	0.75700	0.01473	0.00687	0.00196	0.00295	0.01227	0.00540	0.00491
3	0.01446	0.01249	0.01315	0.01183	0.01512	0.01446	0.00920	0.03090	0.74885	0.02433	0.02367	0.02170	0.01775	0.00789	0.00592	0.00197	0.00460	0.00657	0.00592	0.00920
4	0.01439	0.01382	0.02360	0.03569	0.75936	0.01382	0.01785	0.01785	0.01324	0.01900	0.01094	0.01439	0.00921	0.00518	0.00576	0.00173	0.00691	0.00518	0.00288	0.00921
5	0.02211	0.01629	0.01745	0.01338	0.01803	0.01803	0.01105	0.73997	0.02734	0.03665	0.01396	0.01396	0.00989	0.00698	0.00582	0.00175	0.00640	0.00524	0.00582	0.00989
6	0.00831	0.00623	0.00935	0.00935	0.01038	0.00727	0.00727	0.01038	0.00935	0.01350	0.01558	0.02285	0.01454	0.04361	0.77259	0.00935	0.01558	0.00623	0.00312	0.00519
7	0.00831	0.00623	0.00935	0.00935	0.01038	0.00727	0.00727	0.01038	0.00935	0.01350	0.01558	0.02285	0.01454	0.04361	0.77259	0.00935	0.01558	0.00623	0.00312	0.00519
8	0.01098	0.01034	0.01744	0.78165	0.04005	0.01292	0.01615	0.01486	0.01163	0.01486	0.01034	0.01550	0.00775	0.00581	0.00581	0.00194	0.00775	0.00517	0.00258	0.00646
9	0.02172	0.02772	0.01648	0.01498	0.01798	0.77228	0.01124	0.02322	0.01648	0.01423	0.00899	0.01049	0.00749	0.00599	0.00524	0.00150	0.01049	0.00375	0.00300	0.00674
10	0.02211	0.01629	0.01745	0.01338	0.01803	0.01803	0.01105	0.73997	0.02734	0.03665	0.01396	0.01396	0.00989	0.00698	0.00582	0.00175	0.00640	0.00524	0.00582	0.00989
11	0.00823	0.00594	0.00777	0.00732	0.00869	0.00549	0.00549	0.01097	0.01646	0.02332	0.75629	0.04344	0.05487	0.01189	0.00686	0.00183	0.00274	0.01052	0.00640	0.00549
12	0.83671	0.01125	0.00855	0.00765	0.01125	0.01305	0.00630	0.01709	0.00990	0.02609	0.00810	0.00945	0.00630	0.00540	0.00360	0.00180	0.00450	0.00315	0.00360	0.00630
13	0.02182	0.00895	0.01213	0.00962	0.01337	0.00781	0.00781	0.02418	0.01660	0.58625	0.19846	0.02545	0.02408	0.00832	0.00609	0.00181	0.00442	0.00697	0.00701	0.00884
14	0.00709	0.00506	0.00675	0.00810	0.00843	0.00472	0.00540	0.00810	0.01113	0.01484	0.03205	0.79184	0.03846	0.01822	0.00742	0.00236	0.00337	0.01653	0.00540	0.00472
15	0.00709	0.00506	0.00675	0.00810	0.00843	0.00472	0.00540	0.00810	0.01113	0.01484	0.03205	0.79184	0.03846	0.01822	0.00742	0.00236	0.00337	0.01653	0.00540	0.00472
16	0.00813	0.00594	0.00763	0.00721	0.00863	0.00544	0.00541	0.01078	0.01622	0.02276	0.70475	0.04436	0.10676	0.01210	0.00686	0.00184	0.00276	0.01065	0.00633	0.00544
17	0.00831	0.00620	0.00921	0.00921	0.01020	0.00719	0.00710	0.01030	0.00930	0.01340	0.01570	0.02355	0.01484	0.07833	0.73829	0.00917	0.01512	0.00633	0.00313	0.00512
18	0.01555	0.79913	0.03047	0.00995	0.01493	0.02301	0.00995	0.01741	0.01182	0.01368	0.00808	0.00933	0.00746	0.00498	0.00373	0.00124	0.00622	0.00311	0.00249	0.00746
19	0.00739	0.00591	0.00661	0.00644	0.00817	0.00513	0.00483	0.00935	0.01448	0.01863	0.32644	0.05116	0.48764	0.01364	0.00687	0.00191	0.00287	0.01160	0.00578	0.00513
20	0.01321	0.00871	0.00903	0.00817	0.01047	0.00947	0.00634	0.10580	0.22029	0.02422	0.01968	0.02076	0.01510	0.00711	0.00479	0.00157	0.00368	0.00572	0.49884	0.00702
21	0.02172	0.02772	0.01648	0.01498	0.01798	0.77228	0.01124	0.02322	0.01648	0.01423	0.00899	0.01049	0.00749	0.00599	0.00524	0.00150	0.01049	0.00375	0.00300	0.00674
22	0.01173	0.01120	0.01813	0.50238	0.12630	0.01396	0.01542	0.01495	0.01119	0.01517	0.00995	0.01493	0.00807	0.00755	0.02632	0.00221	0.17597	0.00518	0.00263	0.00676
23	0.02141	0.01141	0.01529	0.04973	0.11473	0.01120	0.01041	0.12904	0.08218	0.42526	0.05353	0.01930	0.01492	0.00711	0.00588	0.00181	0.00541	0.00592	0.00606	0.00938
24	0.02211	0.01629	0.01745	0.01338	0.01803	0.01803	0.01105	0.73997	0.02734	0.03665	0.01396	0.01396	0.00989	0.00698	0.00582	0.00175	0.00640	0.00524	0.00582	0.00989
25	0.00845	0.00566	0.00643	0.00643	0.00646	0.00569	0.00363	0.00851	0.00848	0.01134	0.01824	0.03761	0.02095	0.77353	0.05144	0.00575	0.00593	0.00839	0.00351	0.00357
26	0.01220	0.13597	0.66429	0.01566	0.02376	0.01481	0.01990	0.01828	0.01221	0.01776	0.01011	0.01187	0.00738	0.00545	0.00528	0.00176	0.00827	0.00413	0.00246	0.00844
27	0.01356	0.01413	0.01767	0.03681	0.01623	0.09163	0.01267	0.01492	0.00972	0.01404	0.00784	0.01258	0.00762	0.00964	0.01735	0.00242	0.68719	0.00496	0.00259	0.00640
28	0.00689	0.00582	0.00596	0.00607	0.00790	0.00489	0.00450	0.00833	0.01308	0.01564	0.05672	0.11610	0.69828	0.01501	0.00692	0.00200	0.00298	0.01262	0.00540	0.00489
29	0.01206	0.01034	0.01206	0.00861	0.01378	0.00775	0.00689	0.01464	0.01206	0.01895	0.01034	0.01206	0.00861	0.00431	0.00431	0.00086	0.00431	0.00345	0.00345	0.83118
30	0.01079	0.00987	0.04825	0.06482	0.01588	0.03900	0.12312	0.01320	0.01284	0.06830	0.10227	0.35499	0.06524	0.01234	0.00719	0.00210	0.02777	0.01121	0.00473	0.00609
31	0.01010	0.00505	0.00758	0.00758	0.00758	0.00505	0.00505	0.00758	0.00758	0.01010	0.01010	0.01768	0.01010	0.02020	0.02273	0.83081	0.00505	0.00505	0.00253	0.00253
32	0.00909	0.00653	0.00901	0.01022	0.01153	0.00645	0.00878	0.01162	0.01338	0.01743	0.06198	0.10728	0.06387	0.01597	0.00790	0.00259	0.00503	0.62063	0.00540	0.00530
33	0.01162	0.00941	0.01059	0.01089	0.01271	0.06481	0.00898	0.08976	0.06584	0.01961	0.06072	0.14529	0.02962	0.01389	0.00731	0.00236	0.00542	0.41972	0.00532	0.00612
34	0.01166	0.03008	0.76550	0.01657	0.02517	0.01351	0.02149	0.01842	0.01228	0.01842	0.01044	0.01228	0.00737	0.00552	0.00552	0.00184	0.00859	0.00430	0.00246	0.00859
35	0.02609	0.00990	0.01350	0.01035	0.01484	0.00855	0.00855	0.02834	0.01664	0.76338	0.02294	0.01979	0.01439	0.00720	0.00585	0.00180	0.00495	0.00585	0.00720	0.00990
36	0.01253	0.01312	0.05634	0.39497	0.28625	0.01348	0.10656	0.01652	0.01247	0.01692	0.01073	0.01499	0.00837	0.00547	0.00591	0.00186	0.00775	0.00534	0.00272	0.00768
37	0.01114	0.01044	0.01724	0.74597	0.03890	0.01299	0.01583	0.01560	0.04580	0.01530	0.01095	0.01579	0.00822	0.00591	0.00582	0.00194	0.00761	0.00523	0.00274	0.00659
38	0.01256	0.01254	0.01806	0.01535	0.01562	0.01721	0.04042	0.01401	0.00911	0.01415	0.00816	0.01330	0.00800	0.01152	0.05339	0.00284	0.71961	0.00521	0.00259	0.00636
39	0.00687	0.00589	0.00589	0.00589	0.00785	0.00491	0.00442	0.00835	0.01325	0.01571	0.05891	0.05596	0.75700	0.01473	0.00687	0.00196	0.00295	0.01227	0.00540	0.00491
40	0.01210	0.06784	0.63858	0.01724	0.05274	0.01423	0.05002	0.01817	0.01221	0.01802	0.01028	0.01237	0.00751	0.00565	0.00604	0.00184	0.03981	0.00441	0.00250	0.00844
41	0.01206	0.01034	0.01206	0.00861	0.01378	0.00775	0.00689	0.01464	0.01206	0.01895	0.01034	0.01206	0.00861	0.00431	0.00431	0.00086	0.00431	0.00345	0.00345	0.83118
42	0.01246	0.01234	0.01731	0.01492	0.01498	0.01719	0.01240	0.01378	0.00893	0.01397	0.00810	0.01332	0.00804	0.01216	0.06369	0.00295	0.73944	0.00516	0.00258	0.00629
43	0.01150	0.01243	0.07806	0.60634	0.03498	0.03485	0.01565	0.01552	0.03228	0.01517	0.01053	0.01521	0.00808	0.00663	0.00711	0.03388	0.04747	0.00509	0.00267	0.00656
44	0.01206	0.01034	0.01206	0.00861	0.01378	0.00775	0.00689	0.01464	0.01206	0.01895	0.01034	0.01206	0.00861	0.00431	0.00431	0.00086	0.00431	0.00345	0.00345	0.83118
45	0.00915	0.00615	0.00807	0.00747	0.00901	0.00564	0.00564	0.01187	0.01647	0.06151	0.71845	0.04222	0.05278	0.01165	0.00681	0.00183	0.00286	0.01028	0.00644	0.00571
46	0.00840	0.00562	0.00636	0.00641	0.00642	0.00560	0.00360	0.00844	0.00856	0.01141	0.01885	0.06709	0.02181	0.76569	0.02874	0.00551	0.00555	0.00877	0.00360	0.00357
47	0.02446	0.00948	0.01283	0.00996	0.01415	0.00824	0.00818	0.02676	0.01643	0.69075	0.06060	0.02110	0.01651	0.00742	0.00582	0.00178	0.00473	0.00607	0.04527	0.00946
48	0.00718	0.00513	0.00683	0.00803	0.00846	0.00479	0.00541	0.00833	0.01157	0.01554	0.09123	0.73068	0.03980	0.01770	0.00738	0.00232	0.00332	0.01604	0.00548	0.00479
49	0.00819	0.00594	0.00772	0.00728	0.00867	0.00547	0.00546	0.01090	0.01637	0.02311	0.73746	0.04378	0.07383	0.01197	0.00686	0.00183	0.00275	0.01056	0.00637	0.00547
50	0.83671	0.01125	0.00855	0.00765	0.01125	0.01305	0.00630	0.01709	0.00990	0.02609	0.00810	0.00945	0.00630	0.00540	0.00360	0.00180	0.00450	0.00315	0.00360	0.00630
51	0.01105	0.00584	0.00588	0.00580	0.00727	0.00596	0.00437	0.01458	0.05580	0.02184	0.01925	0.02168	0.01507	0.00684	0.00417	0.00139	0.00282	0.00549	0.77925	0.00564
52	0.01439	0.01382	0.02360	0.03569	0.75936	0.01382	0.01785	0.01785	0.01324	0.01900	0.01094	0.01439	0.00921	0.00518	0.00576	0.00173	0.00691	0.00518	0.00288	0.00921
53	0.00736	0.00529	0.00700	0.00807	0.00864	0.00494	0.00559	0.00871	0.01204	0.01617	0.13309	0.63220	0.05843	0.01714	0.00736	0.00229	0.00338	0.05190	0.00554	0.00487
54	0.01555	0.79913	0.03047	0.00995	0.01493	0.02301	0.00995	0.01741	0.01182	0.01368	0.00808	0.00933	0.00746	0.00498	0.00373	0.00124	0.00622	0.00311	0.00249	0.00746
55	0.00714	0.00510	0.00679	0.00806	0.00845	0.00476	0.00540	0.00823	0.01138	0.01524	0.06548	0.75729	0.03922	0.01793	0.00740	0.00234	0.00334	0.01625	0.00544	0.00476
56	0.01038	0.00646	0.00823	0.00749	0.00937	0.00580	0.00572	0.01285	0.01597	0.12020	0.54650	0.04233	0.16283	0.01172	0.00673	0.00185	0.00307	0.01018	0.00635	0.00598
57	0.09758	0.01667	0.01551	0.03701	0.11957	0.22018	0.01093	0.09852	0.20807	0.07766	0.01515	0.03262	0.01178	0.00678	0.00550	0.00176	0.00679	0.00527	0.00446	0.00820
58	0.06997	0.05010	0.01610	0.01305	0.01660	0.32085	0.04340	0.12836	0.06619	0.13394	0.03489	0.05454	0.01249	0.00712	0.00554	0.00170	0.00749	0.00541	0.00448	0.00777

[dist]
# distance from previous block
# <min> <max>
0	123

[block]
# block no. 3 follows, 40 sequences, length 20
# corresponding to MSA columns:
# 318-337
name=unknown_D
#
# <colnr> <probs for GDERKNQSTAVLIFYWHMCP>
#	G	D	E	R	K	N	Q	S	T	A	V	L	I	F	Y	W	H	M	C	P
0	0.38233	0.01146	0.05129	0.07588	0.01572	0.01127	0.04349	0.03868	0.01270	0.12845	0.08900	0.01623	0.01339	0.00641	0.00482	0.00176	0.00509	0.00489	0.04292	0.04422
1	0.01411	0.01274	0.05108	0.26035	0.04920	0.05210	0.09072	0.01801	0.04712	0.10019	0.01288	0.01569	0.00973	0.00630	0.00693	0.00180	0.08523	0.00521	0.06794	0.09268
2	0.01098	0.01034	0.01744	0.78165	0.04005	0.01292	0.01615	0.01486	0.01163	0.01486	0.01034	0.01550	0.00775	0.00581	0.00581	0.00194	0.00775	0.00517	0.00258	0.00646
3	0.01347	0.02664	0.62208	0.01649	0.02441	0.01304	0.07673	0.01956	0.01289	0.10319	0.01196	0.01340	0.00828	0.00567	0.00567	0.00185	0.00828	0.00468	0.00303	0.00868
4	0.00808	0.00594	0.00756	0.00716	0.00859	0.00542	0.00537	0.01068	0.01610	0.02247	0.67864	0.04483	0.13305	0.01220	0.00686	0.00184	0.00277	0.01071	0.00629	0.00542
5	0.02011	0.07670	0.01766	0.01263	0.01720	0.01735	0.01049	0.56021	0.10064	0.03237	0.01427	0.01428	0.01044	0.00674	0.00556	0.00167	0.00606	0.00509	0.00541	0.06513
6	0.01267	0.01405	0.15155	0.06936	0.15596	0.01140	0.05672	0.05152	0.10838	0.04647	0.07782	0.08035	0.03059	0.02160	0.03310	0.00218	0.00639	0.00689	0.05534	0.00768
7	0.01245	0.02989	0.70693	0.01645	0.02461	0.07284	0.02068	0.01879	0.01261	0.01809	0.01032	0.01214	0.00738	0.00556	0.00550	0.00181	0.00874	0.00425	0.00250	0.00845
8	0.01277	0.05557	0.68902	0.01592	0.02411	0.01350	0.02021	0.01905	0.01256	0.06860	0.01120	0.01268	0.00784	0.00562	0.00548	0.00182	0.00826	0.00436	0.00278	0.00864
9	0.02503	0.00966	0.01316	0.01017	0.01448	0.00837	0.00837	0.02731	0.01663	0.71940	0.06653	0.02120	0.01680	0.00748	0.00591	0.00180	0.00482	0.00613	0.00715	0.00963
10	0.01513	0.01242	0.02095	0.30331	0.25287	0.01318	0.10761	0.06705	0.01412	0.11768	0.01262	0.01566	0.00936	0.00577	0.00594	0.00185	0.00729	0.00548	0.00355	0.00816
11	0.07545	0.01127	0.01343	0.02945	0.05023	0.03770	0.00916	0.13476	0.06547	0.35214	0.02065	0.11872	0.01642	0.00861	0.00594	0.00189	0.00528	0.02893	0.00590	0.00857
12	0.00859	0.00559	0.00644	0.00644	0.00644	0.00559	0.00365	0.00838	0.00838	0.01118	0.01764	0.03637	0.02023	0.73163	0.02903	0.07374	0.00559	0.00818	0.00344	0.00344
13	0.02609	0.00990	0.01350	0.01035	0.01484	0.00855	0.00855	0.02834	0.01664	0.76338	0.02294	0.01979	0.01439	0.00720	0.00585	0.00180	0.00495	0.00585	0.00720	0.00990
14	0.01363	0.26156	0.17240	0.05268	0.15004	0.04031	0.10378	0.01712	0.01235	0.01633	0.01123	0.06494	0.01003	0.00632	0.00594	0.00171	0.04377	0.00528	0.00283	0.00774
15	0.01326	0.01516	0.10874	0.09962	0.09520	0.02788	0.34560	0.01816	0.05134	0.04480	0.01426	0.07647	0.01181	0.00648	0.00630	0.00191	0.00793	0.00682	0.04057	0.00768
16	0.01486	0.01640	0.01732	0.01502	0.01614	0.22424	0.03799	0.01639	0.01120	0.01418	0.00883	0.01308	0.00822	0.01168	0.07895	0.00281	0.47864	0.00488	0.00273	0.00642
17	0.62490	0.04560	0.01114	0.00913	0.01278	0.11807	0.00744	0.05581	0.01199	0.04647	0.00897	0.01013	0.00694	0.00560	0.00401	0.00173	0.00550	0.00342	0.00369	0.00670
18	0.00760	0.00589	0.00700	0.00753	0.00877	0.00541	0.00548	0.00973	0.04254	0.01674	0.12873	0.35020	0.30268	0.01561	0.00713	0.00216	0.00333	0.06281	0.00554	0.00511
19	0.01076	0.01013	0.03813	0.01235	0.07330	0.01080	0.00896	0.01230	0.01041	0.01499	0.04681	0.02550	0.08913	0.23070	0.01684	0.00302	0.26272	0.00675	0.00341	0.11300

[dist]
# distance from previous block
# <min> <max>
0	1

[block]
# block no. 4 follows, 40 sequences, length 43
# corresponding to MSA columns:
# 339-381
name=unknown_E
#
# <colnr> <probs for GDERKNQSTAVLIFYWHMCP>
#	G	D	E	R	K	N	Q	S	T	A	V	L	I	F	Y	W	H	M	C	P
0	0.01321	0.01074	0.01406	0.01220	0.01290	0.02882	0.00967	0.03357	0.01025	0.08935	0.01244	0.02018	0.01206	0.20300	0.06330	0.00357	0.43521	0.00603	0.00338	0.00606
1	0.00761	0.00595	0.00691	0.00676	0.00842	0.00525	0.00512	0.00973	0.01476	0.01933	0.38345	0.05051	0.39913	0.01346	0.00691	0.00193	0.00295	0.04075	0.00587	0.00520
2	0.01166	0.03008	0.76550	0.01657	0.02517	0.01351	0.02149	0.01842	0.01228	0.01842	0.01044	0.01228	0.00737	0.00552	0.00552	0.00184	0.00859	0.00430	0.00246	0.00859
3	0.01563	0.01223	0.01318	0.01168	0.01509	0.01387	0.00914	0.03064	0.67514	0.09872	0.02360	0.02150	0.01741	0.00782	0.00591	0.00195	0.00464	0.00650	0.00605	0.00927
4	0.02211	0.01629	0.01745	0.01338	0.01803	0.01803	0.01105	0.73997	0.02734	0.03665	0.01396	0.01396	0.00989	0.00698	0.00582	0.00175	0.00640	0.00524	0.00582	0.00989
5	0.02592	0.01016	0.01366	0.01047	0.01498	0.00894	0.00865	0.05804	0.01709	0.73306	0.02257	0.01955	0.01421	0.00719	0.00585	0.00180	0.00501	0.00582	0.00714	0.00990
6	0.01262	0.01187	0.02003	0.26064	0.46418	0.01263	0.01608	0.01595	0.01254	0.01732	0.01288	0.09299	0.01171	0.00669	0.00594	0.00186	0.00681	0.00632	0.00304	0.00792
7	0.01571	0.01432	0.01370	0.01217	0.01551	0.09775	0.00947	0.08666	0.59402	0.02402	0.02206	0.02060	0.03238	0.00776	0.00586	0.00190	0.00536	0.00628	0.00558	0.00889
8	0.83671	0.01125	0.00855	0.00765	0.01125	0.01305	0.00630	0.01709	0.00990	0.02609	0.00810	0.00945	0.00630	0.00540	0.00360	0.00180	0.00450	0.00315	0.00360	0.00630
9	0.01304	0.00793	0.01009	0.00934	0.01144	0.00785	0.00739	0.06269	0.04209	0.16904	0.17956	0.14062	0.10548	0.03433	0.02554	0.00235	0.03703	0.12182	0.00578	0.00659
10	0.04945	0.02614	0.01626	0.05911	0.01902	0.70191	0.01135	0.02252	0.01597	0.01468	0.00904	0.01074	0.00746	0.00596	0.00522	0.00153	0.01012	0.00381	0.00299	0.00671
11	0.00823	0.00594	0.00777	0.00732	0.00869	0.00549	0.00549	0.01097	0.01646	0.02332	0.75629	0.04344	0.05487	0.01189	0.00686	0.00183	0.00274	0.01052	0.00640	0.00549
12	0.01183	0.02605	0.60020	0.10994	0.02662	0.01354	0.05003	0.01871	0.05490	0.01833	0.01125	0.01336	0.00808	0.00567	0.00564	0.00187	0.00831	0.00464	0.00269	0.00834
13	0.01217	0.02543	0.58115	0.01731	0.05472	0.01284	0.07958	0.01811	0.01267	0.04052	0.01283	0.01781	0.01019	0.00649	0.00589	0.00192	0.00822	0.07094	0.00292	0.00830
14	0.02567	0.01057	0.01391	0.01066	0.01518	0.00954	0.00881	0.10278	0.01776	0.68736	0.02200	0.01918	0.01392	0.00717	0.00584	0.00179	0.00510	0.00578	0.00705	0.00990
15	0.00846	0.00564	0.00634	0.00634	0.00634	0.00564	0.00352	0.00846	0.00846	0.01128	0.01832	0.03805	0.02114	0.79563	0.02960	0.00564	0.00564	0.00846	0.00352	0.00352
16	0.01378	0.01111	0.01697	0.41454	0.10296	0.01271	0.02949	0.06754	0.07136	0.09304	0.05355	0.01839	0.02686	0.00677	0.00641	0.00191	0.03551	0.00581	0.00383	0.00748
17	0.01500	0.00922	0.01118	0.01032	0.01292	0.00945	0.00822	0.08589	0.18257	0.18604	0.04231	0.17998	0.02419	0.01134	0.00655	0.00210	0.00463	0.15055	0.04001	0.00754
18	0.00814	0.00594	0.00765	0.00722	0.00863	0.00545	0.00542	0.01081	0.01626	0.02283	0.71174	0.04424	0.09972	0.01207	0.00686	0.00184	0.00276	0.01063	0.00634	0.00545
19	0.01693	0.01226	0.01346	0.01167	0.01524	0.01364	0.00920	0.07151	0.57990	0.15340	0.02298	0.02092	0.01671	0.00772	0.00590	0.00193	0.00477	0.00637	0.00613	0.00936
20	0.01373	0.01569	0.03431	0.02451	0.03039	0.01471	0.73824	0.01863	0.01373	0.01863	0.01176	0.01569	0.00882	0.00490	0.00686	0.00196	0.00980	0.00686	0.00294	0.00784
21	0.01166	0.03008	0.76550	0.01657	0.02517	0.01351	0.02149	0.01842	0.01228	0.01842	0.01044	0.01228	0.00737	0.00552	0.00552	0.00184	0.00859	0.00430	0.00246	0.00859
22	0.00814	0.00594	0.00765	0.00723	0.00864	0.00545	0.00542	0.01081	0.01626	0.02284	0.71220	0.04423	0.09926	0.01207	0.00686	0.00184	0.00276	0.01063	0.00634	0.00545
23	0.00831	0.00621	0.00922	0.00922	0.01022	0.00720	0.00711	0.01030	0.00931	0.01341	0.01569	0.02347	0.01481	0.07474	0.74184	0.00919	0.01517	0.00632	0.00313	0.00512
24	0.02102	0.16952	0.01886	0.01349	0.01710	0.51154	0.01072	0.06564	0.01628	0.08942	0.01050	0.01140	0.00831	0.00598	0.00505	0.00150	0.00890	0.00392	0.00349	0.00738
25	0.01098	0.01034	0.01744	0.78165	0.04005	0.01292	0.01615	0.01486	0.01163	0.01486	0.01034	0.01550	0.00775	0.00581	0.00581	0.00194	0.00775	0.00517	0.00258	0.00646
26	0.00706	0.00590	0.00615	0.00609	0.00797	0.00499	0.00457	0.00871	0.01370	0.01676	0.15493	0.05424	0.66033	0.01434	0.00687	0.00195	0.00292	0.01203	0.00554	0.00499
27	0.01291	0.01353	0.02701	0.11745	0.19132	0.01329	0.41166	0.01700	0.01316	0.01793	0.01354	0.07354	0.01179	0.00643	0.00657	0.00196	0.00829	0.03180	0.00315	0.00767
28	0.01967	0.01465	0.01543	0.01256	0.01663	0.04269	0.01012	0.38053	0.29269	0.10445	0.01828	0.01728	0.01316	0.00730	0.00584	0.00183	0.00573	0.00574	0.00589	0.00952
29	0.83671	0.01125	0.00855	0.00765	0.01125	0.01305	0.00630	0.01709	0.00990	0.02609	0.00810	0.00945	0.00630	0.00540	0.00360	0.00180	0.00450	0.00315	0.00360	0.00630
30	0.01188	0.05029	0.70588	0.01682	0.02517	0.01383	0.05995	0.01840	0.01234	0.01830	0.01044	0.01238	0.00745	0.00548	0.00555	0.00183	0.00859	0.00440	0.00248	0.00852
31	0.00831	0.00623	0.00935	0.00935	0.01038	0.00727	0.00727	0.01038	0.00935	0.01350	0.01558	0.02285	0.01454	0.04361	0.77259	0.00935	0.01558	0.00623	0.00312	0.00519
32	0.01456	0.01491	0.05778	0.05427	0.59483	0.03054	0.05624	0.04355	0.04097	0.01954	0.01148	0.01457	0.00936	0.00538	0.00580	0.00176	0.00714	0.00525	0.00307	0.00900
33	0.00893	0.00606	0.00763	0.00735	0.00888	0.00546	0.00546	0.01115	0.01509	0.06737	0.47173	0.15237	0.18457	0.01305	0.00688	0.00193	0.00301	0.01143	0.00611	0.00554
34	0.01199	0.02805	0.67335	0.01757	0.06455	0.01359	0.03736	0.01897	0.04666	0.01873	0.01111	0.01291	0.00798	0.00560	0.00559	0.00184	0.00835	0.00451	0.00265	0.00864
35	0.01568	0.69902	0.07865	0.01071	0.01580	0.06975	0.01080	0.01785	0.01214	0.01403	0.00830	0.00960	0.00746	0.00508	0.00395	0.00130	0.00665	0.00323	0.00252	0.00749
36	0.83671	0.01125	0.00855	0.00765	0.01125	0.01305	0.00630	0.01709	0.00990	0.02609	0.00810	0.00945	0.00630	0.00540	0.00360	0.00180	0.00450	0.00315	0.00360	0.00630
37	0.01010	0.00505	0.00758	0.00758	0.00758	0.00505	0.00505	0.00758	0.00758	0.01010	0.01010	0.01768	0.01010	0.02020	0.02273	0.83081	0.00505	0.00505	0.00253	0.00253
38	0.01543	0.77531	0.05324	0.01016	0.01524	0.02272	0.01031	0.01744	0.01183	0.01383	0.00816	0.00942	0.00746	0.00499	0.00379	0.00126	0.00629	0.00315	0.00249	0.00750
39	0.83671	0.01125	0.00855	0.00765	0.01125	0.01305	0.00630	0.01709	0.00990	0.02609	0.00810	0.00945	0.00630	0.00540	0.00360	0.00180	0.00450	0.00315	0.00360	0.00630
40	0.00695	0.00589	0.00600	0.00597	0.00790	0.00494	0.00448	0.00850	0.01344	0.01615	0.09928	0.05524	0.71635	0.01456	0.00687	0.00196	0.00293	0.01217	0.00546	0.00494
41	0.01439	0.01382	0.02360	0.03569	0.75936	0.01382	0.01785	0.01785	0.01324	0.01900	0.01094	0.01439	0.00921	0.00518	0.00576	0.00173	0.00691	0.00518	0.00288	0.00921
42	0.01632	0.01235	0.01402	0.01295	0.05890	0.01349	0.00961	0.07363	0.52196	0.12085	0.02144	0.01997	0.01579	0.00738	0.00580	0.00186	0.00488	0.00613	0.00576	0.05693

[dist]
# distance from previous block
# <min> <max>
0	1

[block]
# block no. 5 follows, 40 sequences, length 8
# corresponding to MSA columns:
# 383-390
name=unknown_F
#
# <colnr> <probs for GDERKNQSTAVLIFYWHMCP>
#	G	D	E	R	K	N	Q	S	T	A	V	L	I	F	Y	W	H	M	C	P
0	0.83671	0.01125	0.00855	0.00765	0.01125	0.01305	0.00630	0.01709	0.00990	0.02609	0.00810	0.00945	0.00630	0.00540	0.00360	0.00180	0.00450	0.00315	0.00360	0.00630
1	0.00846	0.00564	0.00634	0.00634	0.00634	0.00564	0.00352	0.00846	0.00846	0.01128	0.01832	0.03805	0.02114	0.79563	0.02960	0.00564	0.00564	0.00846	0.00352	0.00352
2	0.09126	0.01223	0.01388	0.01102	0.01523	0.07276	0.03573	0.08981	0.05087	0.36701	0.01915	0.01919	0.03691	0.00703	0.00555	0.00170	0.00553	0.02779	0.00561	0.11173
3	0.07413	0.01104	0.01877	0.63295	0.03671	0.01314	0.10105	0.01548	0.01174	0.01616	0.01034	0.01506	0.00777	0.00567	0.00577	0.00193	0.00775	0.00522	0.00270	0.00661
4	0.01403	0.01075	0.01259	0.00913	0.01420	0.00860	0.00735	0.07109	0.01362	0.08442	0.01170	0.01287	0.00921	0.00476	0.00455	0.00101	0.00452	0.00379	0.00395	0.69786
5	0.28901	0.07777	0.01751	0.01327	0.01724	0.25808	0.10945	0.11764	0.01505	0.02176	0.00968	0.01124	0.00760	0.00570	0.00489	0.00168	0.00754	0.00413	0.00353	0.00723
6	0.42109	0.08050	0.01264	0.00958	0.01306	0.07478	0.00789	0.14508	0.01378	0.02400	0.01231	0.01394	0.04081	0.01063	0.09550	0.00262	0.00671	0.00433	0.00387	0.00688
7	0.01019	0.00825	0.00916	0.00946	0.01057	0.05548	0.00688	0.08278	0.03526	0.01749	0.04961	0.48818	0.03119	0.06355	0.00882	0.00245	0.02698	0.07301	0.00513	0.00555

[dist]
# distance from previous block
# <min> <max>
2	15

[block]
# block no. 6 follows, 40 sequences, length 7
# corresponding to MSA columns:
# 406-412
name=unknown_G
#
# <colnr> <probs for GDERKNQSTAVLIFYWHMCP>
#	G	D	E	R	K	N	Q	S	T	A	V	L	I	F	Y	W	H	M	C	P
0	0.01061	0.02160	0.49602	0.01379	0.01981	0.01083	0.01638	0.01593	0.01330	0.01927	0.16616	0.02672	0.02104	0.00842	0.00618	0.00197	0.00691	0.11389	0.00370	0.00747
1	0.12663	0.01006	0.01288	0.01001	0.01440	0.00910	0.00827	0.02695	0.01581	0.67193	0.02110	0.01851	0.01339	0.00697	0.00557	0.00180	0.00489	0.00551	0.00675	0.00945
2	0.01166	0.03008	0.76550	0.01657	0.02517	0.01351	0.02149	0.01842	0.01228	0.01842	0.01044	0.01228	0.00737	0.00552	0.00552	0.00184	0.00859	0.00430	0.00246	0.00859
3	0.01504	0.01111	0.01289	0.00965	0.01448	0.00961	0.00776	0.08976	0.09554	0.11287	0.01372	0.01426	0.01046	0.00532	0.00482	0.00119	0.00462	0.00426	0.00441	0.55821
4	0.01932	0.01222	0.13516	0.01062	0.01501	0.00860	0.00991	0.02243	0.01588	0.45878	0.20191	0.02440	0.02324	0.00808	0.00604	0.00181	0.00500	0.00675	0.00622	0.00859
5	0.01344	0.01341	0.02416	0.18542	0.41289	0.01408	0.16532	0.01714	0.01273	0.01774	0.01077	0.01478	0.00873	0.00558	0.00687	0.00187	0.05857	0.00552	0.00281	0.00818
6	0.02064	0.01517	0.01701	0.01455	0.07000	0.01664	0.01111	0.54046	0.13449	0.07579	0.01573	0.01550	0.01129	0.00700	0.00583	0.00178	0.00608	0.00547	0.00570	0.00974

[dist]
# distance from previous block
# <min> <max>
3	4

# created by:
# /home/cegg/simao/soft/augustus-3.2.1/scripts/msa2prfl.pl ./align_prep/EOG090W0CCI.fa
