[name]
unknown

[dist]
# distance from previous block
# <min> <max>
7	357

[block]
# block no. 0 follows, 30 sequences, length 8
# corresponding to MSA columns:
# 391-398
name=unknown_A
#
# <colnr> <probs for GDERKNQSTAVLIFYWHMCP>
#	G	D	E	R	K	N	Q	S	T	A	V	L	I	F	Y	W	H	M	C	P
0	0.04661	0.05592	0.05831	0.03466	0.06730	0.07936	0.03770	0.08110	0.07524	0.07031	0.04757	0.12731	0.08085	0.04580	0.00837	0.00237	0.00690	0.00898	0.00534	0.06001
1	0.04318	0.03944	0.03620	0.09309	0.07518	0.02955	0.08203	0.09340	0.01797	0.09484	0.13556	0.08240	0.05186	0.03276	0.00862	0.00235	0.02995	0.00879	0.00545	0.03737
2	0.06091	0.01506	0.01909	0.01658	0.05016	0.11067	0.12548	0.02129	0.03423	0.12158	0.04853	0.09391	0.03995	0.01340	0.07101	0.00298	0.05170	0.00822	0.04396	0.05130
3	0.01742	0.01607	0.02534	0.02166	0.09544	0.04874	0.25042	0.10968	0.07894	0.05550	0.05339	0.08927	0.06723	0.00937	0.00767	0.00226	0.00828	0.00910	0.00519	0.02905
4	0.01486	0.01199	0.01715	0.12262	0.05117	0.01334	0.05620	0.08279	0.06129	0.05244	0.16248	0.05548	0.05798	0.01322	0.05196	0.00286	0.10184	0.00880	0.05335	0.00820
5	0.04514	0.01226	0.01944	0.56239	0.08590	0.01478	0.01725	0.01839	0.03978	0.01921	0.01393	0.02039	0.01109	0.05095	0.00846	0.00254	0.00854	0.00641	0.03532	0.00783
6	0.05443	0.05927	0.02033	0.05776	0.12316	0.04783	0.03958	0.21157	0.06404	0.04351	0.01692	0.03916	0.01411	0.06158	0.04913	0.00295	0.03598	0.00682	0.04243	0.00943
7	0.00909	0.00685	0.00740	0.00755	0.00871	0.00625	0.00495	0.01004	0.01319	0.01647	0.04674	0.12170	0.35290	0.33497	0.02003	0.00430	0.00497	0.01324	0.00551	0.00516

[dist]
# distance from previous block
# <min> <max>
6	8

[block]
# block no. 1 follows, 30 sequences, length 57
# corresponding to MSA columns:
# 407-463
name=unknown_B
#
# <colnr> <probs for GDERKNQSTAVLIFYWHMCP>
#	G	D	E	R	K	N	Q	S	T	A	V	L	I	F	Y	W	H	M	C	P
0	0.02077	0.01340	0.02033	0.02016	0.15042	0.03362	0.10501	0.05752	0.01764	0.26484	0.02381	0.16597	0.02071	0.04205	0.00873	0.00248	0.00714	0.00959	0.00609	0.00971
1	0.04280	0.04597	0.02453	0.16809	0.40965	0.01567	0.01821	0.02294	0.01606	0.14636	0.01533	0.01826	0.01164	0.00679	0.00676	0.00211	0.00794	0.00618	0.00432	0.01038
2	0.01566	0.01433	0.02446	0.31739	0.35568	0.01543	0.04763	0.01998	0.01549	0.04399	0.05175	0.02001	0.01357	0.00703	0.00707	0.00220	0.00849	0.00668	0.00372	0.00944
3	0.02011	0.61742	0.03334	0.01305	0.01862	0.14068	0.01223	0.04365	0.01569	0.01742	0.01011	0.01160	0.00906	0.00625	0.00485	0.00156	0.00830	0.00394	0.00321	0.00891
4	0.00998	0.00744	0.01105	0.01105	0.01224	0.00863	0.00852	0.01236	0.01117	0.01608	0.01884	0.02825	0.01781	0.08436	0.69557	0.01101	0.01815	0.00760	0.00376	0.00614
5	0.00997	0.00748	0.01121	0.01121	0.01246	0.00872	0.00872	0.01246	0.01121	0.01620	0.01869	0.02741	0.01745	0.05234	0.72710	0.01121	0.01869	0.00748	0.00374	0.00623
6	0.01803	0.06431	0.35742	0.02206	0.08855	0.06790	0.12615	0.08464	0.01745	0.06782	0.01391	0.01604	0.01015	0.00677	0.00683	0.00214	0.00986	0.00584	0.00387	0.01025
7	0.01047	0.00796	0.00911	0.00861	0.01090	0.00736	0.00652	0.01454	0.07921	0.04482	0.34057	0.05565	0.34812	0.01519	0.00810	0.00228	0.00368	0.01297	0.00712	0.00684
8	0.00850	0.00607	0.00810	0.00972	0.01012	0.00567	0.00648	0.00972	0.01336	0.01781	0.03846	0.75020	0.04615	0.02186	0.00891	0.00283	0.00405	0.01984	0.00648	0.00567
9	0.76538	0.01380	0.01079	0.00952	0.01390	0.01595	0.00784	0.05371	0.01292	0.03194	0.01007	0.01161	0.00777	0.00657	0.00445	0.00216	0.00551	0.00390	0.00445	0.00777
10	0.00965	0.00705	0.00906	0.00872	0.01032	0.00646	0.00648	0.01266	0.01898	0.02651	0.60792	0.10541	0.11450	0.01510	0.00828	0.00226	0.00337	0.01332	0.00750	0.00646
11	0.02632	0.01634	0.01827	0.01419	0.01958	0.03919	0.01160	0.32988	0.07594	0.27029	0.02071	0.01949	0.01418	0.00820	0.00681	0.00203	0.00684	0.00639	0.00718	0.08657
12	0.01583	0.01511	0.02572	0.28790	0.47743	0.01620	0.02070	0.02015	0.01521	0.02105	0.01287	0.01774	0.01044	0.00649	0.00693	0.00216	0.00865	0.00621	0.00333	0.00989
13	0.02610	0.03241	0.01985	0.01786	0.02158	0.68300	0.01347	0.06882	0.02058	0.01875	0.01116	0.01284	0.00917	0.00726	0.00633	0.00182	0.01228	0.00461	0.00381	0.00832
14	0.02959	0.01317	0.01673	0.01289	0.01816	0.01235	0.01062	0.16290	0.02229	0.55362	0.02519	0.02246	0.01623	0.00856	0.00692	0.00212	0.00617	0.00685	0.04152	0.01165
15	0.02698	0.02006	0.02033	0.01586	0.02123	0.08820	0.01297	0.55596	0.03021	0.11187	0.01731	0.01709	0.01216	0.00829	0.00692	0.00207	0.00797	0.00619	0.00683	0.01151
16	0.09677	0.01410	0.01639	0.01261	0.01807	0.01357	0.01033	0.18475	0.05126	0.31286	0.02010	0.01904	0.01377	0.00766	0.00636	0.00191	0.00612	0.00596	0.00680	0.18157
17	0.01876	0.01634	0.02706	0.03932	0.62789	0.01630	0.02020	0.05035	0.01692	0.07809	0.01441	0.01776	0.01158	0.00650	0.00692	0.00208	0.00808	0.00628	0.00401	0.01115
18	0.01728	0.54511	0.23833	0.01429	0.02155	0.02424	0.01604	0.02125	0.01434	0.01810	0.01054	0.01224	0.00892	0.00617	0.00511	0.00170	0.00831	0.00415	0.00297	0.00936
19	0.00832	0.00707	0.00716	0.00714	0.00947	0.00592	0.00536	0.01015	0.01607	0.01924	0.09764	0.06652	0.68120	0.01753	0.00825	0.00235	0.00352	0.01464	0.00653	0.00592
20	0.01727	0.01658	0.02832	0.04283	0.71123	0.01658	0.02142	0.02142	0.01589	0.02280	0.01313	0.01727	0.01105	0.00622	0.00691	0.00207	0.00829	0.00622	0.00345	0.01105
21	0.01808	0.01811	0.02754	0.04055	0.64782	0.08187	0.02069	0.02201	0.01625	0.02227	0.01291	0.01684	0.01086	0.00631	0.00685	0.00205	0.00868	0.00606	0.00347	0.01078
22	0.03062	0.01299	0.01688	0.01294	0.01837	0.01190	0.01069	0.12871	0.02183	0.61873	0.02597	0.02274	0.01649	0.00860	0.00701	0.00215	0.00619	0.00691	0.00840	0.01187
23	0.00997	0.00748	0.01121	0.01121	0.01246	0.00872	0.00872	0.01246	0.01121	0.01620	0.01869	0.02741	0.01745	0.05234	0.72710	0.01121	0.01869	0.00748	0.00374	0.00623
24	0.00999	0.00741	0.01088	0.01088	0.01202	0.00854	0.00831	0.01225	0.01112	0.01595	0.01899	0.02909	0.01817	0.11691	0.66352	0.01081	0.01760	0.00772	0.00378	0.00605
25	0.01608	0.02195	0.17299	0.02915	0.11648	0.01723	0.47593	0.02219	0.01606	0.02236	0.01368	0.01783	0.01030	0.00607	0.00776	0.00229	0.01106	0.00739	0.00341	0.00979
26	0.00850	0.00607	0.00810	0.00972	0.01012	0.00567	0.00648	0.00972	0.01336	0.01781	0.03846	0.75020	0.04615	0.02186	0.00891	0.00283	0.00405	0.01984	0.00648	0.00567
27	0.03131	0.01188	0.01619	0.01242	0.01781	0.01026	0.01026	0.03401	0.01997	0.71606	0.02753	0.02375	0.01727	0.00864	0.00702	0.00216	0.00594	0.00702	0.00864	0.01188
28	0.01727	0.01658	0.02832	0.04283	0.71123	0.01658	0.02142	0.02142	0.01589	0.02280	0.01313	0.01727	0.01105	0.00622	0.00691	0.00207	0.00829	0.00622	0.00345	0.01105
29	0.01719	0.01680	0.02958	0.04152	0.64544	0.01668	0.08620	0.02151	0.01595	0.02275	0.01322	0.01742	0.01101	0.00618	0.00704	0.00210	0.00863	0.00641	0.00346	0.01089
30	0.00997	0.00748	0.01121	0.01121	0.01246	0.00872	0.00872	0.01246	0.01121	0.01620	0.01869	0.02741	0.01745	0.05234	0.72710	0.01121	0.01869	0.00748	0.00374	0.00623
31	0.01527	0.01527	0.02137	0.01832	0.01832	0.02137	0.01527	0.01679	0.01069	0.01679	0.00916	0.01527	0.00916	0.01221	0.02290	0.00305	0.74198	0.00611	0.00305	0.00763
32	0.01447	0.01240	0.01447	0.01034	0.01654	0.00930	0.00827	0.01757	0.01447	0.02274	0.01240	0.01447	0.01034	0.00517	0.00517	0.00103	0.00517	0.00413	0.00413	0.79742
33	0.01866	0.75896	0.03657	0.01194	0.01791	0.02761	0.01194	0.02090	0.01418	0.01642	0.00970	0.01119	0.00896	0.00597	0.00448	0.00149	0.00746	0.00373	0.00299	0.00896
34	0.01766	0.01372	0.01576	0.08017	0.02023	0.01547	0.01148	0.05326	0.47228	0.08885	0.07844	0.02917	0.02376	0.00993	0.00728	0.00236	0.00585	0.03715	0.00688	0.01030
35	0.02607	0.03326	0.01978	0.01798	0.02157	0.72674	0.01348	0.02787	0.01978	0.01708	0.01079	0.01258	0.00899	0.00719	0.00629	0.00180	0.01258	0.00449	0.00360	0.00809
36	0.01727	0.01658	0.02832	0.04283	0.71123	0.01658	0.02142	0.02142	0.01589	0.02280	0.01313	0.01727	0.01105	0.00622	0.00691	0.00207	0.00829	0.00622	0.00345	0.01105
37	0.26225	0.22549	0.04396	0.01351	0.01837	0.23153	0.01162	0.08183	0.01681	0.02380	0.01074	0.01226	0.00879	0.00672	0.00526	0.00186	0.00847	0.00424	0.00393	0.00857
38	0.01866	0.75896	0.03657	0.01194	0.01791	0.02761	0.01194	0.02090	0.01418	0.01642	0.00970	0.01119	0.00896	0.00597	0.00448	0.00149	0.00746	0.00373	0.00299	0.00896
39	0.01447	0.01240	0.01447	0.01034	0.01654	0.00930	0.00827	0.01757	0.01447	0.02274	0.01240	0.01447	0.01034	0.00517	0.00517	0.00103	0.00517	0.00413	0.00413	0.79742
40	0.02152	0.33713	0.08892	0.01667	0.05009	0.34062	0.01426	0.02416	0.01682	0.01749	0.01058	0.01239	0.00905	0.00659	0.00559	0.00172	0.01005	0.00431	0.00328	0.00878
41	0.03049	0.01260	0.01657	0.01277	0.01814	0.01141	0.01053	0.08812	0.04182	0.63950	0.02667	0.02324	0.01695	0.00864	0.00702	0.00216	0.00607	0.00698	0.00845	0.01185
42	0.15488	0.01592	0.01783	0.01402	0.01900	0.03583	0.04090	0.31112	0.02398	0.19910	0.08138	0.02075	0.01727	0.00852	0.00670	0.00213	0.00680	0.00666	0.00675	0.01045
43	0.01633	0.01528	0.02541	0.19840	0.49903	0.01605	0.01993	0.04837	0.01605	0.02234	0.01427	0.05097	0.01229	0.00720	0.00702	0.00217	0.00830	0.00684	0.00366	0.01009
44	0.01727	0.01658	0.02832	0.04283	0.71123	0.01658	0.02142	0.02142	0.01589	0.02280	0.01313	0.01727	0.01105	0.00622	0.00691	0.00207	0.00829	0.00622	0.00345	0.01105
45	0.01015	0.00677	0.00761	0.00761	0.00761	0.00677	0.00423	0.01015	0.01015	0.01353	0.02199	0.04567	0.02537	0.75476	0.03552	0.00677	0.00677	0.01015	0.00423	0.00423
46	0.01647	0.01882	0.04118	0.02941	0.03647	0.01765	0.68588	0.02235	0.01647	0.02235	0.01412	0.01882	0.01059	0.00588	0.00824	0.00235	0.01176	0.00824	0.00353	0.00941
47	0.01554	0.05652	0.60771	0.01955	0.02917	0.01659	0.05216	0.05052	0.01578	0.05370	0.01335	0.01528	0.00942	0.00674	0.00666	0.00219	0.00998	0.00537	0.00339	0.01037
48	0.00988	0.00713	0.00933	0.00878	0.01043	0.00658	0.00658	0.01317	0.01975	0.02798	0.70754	0.05213	0.06584	0.01427	0.00823	0.00219	0.00329	0.01262	0.00768	0.00658
49	0.02653	0.01955	0.02094	0.01606	0.02164	0.02164	0.01326	0.68796	0.03281	0.04398	0.01675	0.01675	0.01187	0.00838	0.00698	0.00209	0.00768	0.00628	0.00698	0.01187
50	0.01400	0.03610	0.71860	0.01989	0.03020	0.01621	0.02578	0.02210	0.01473	0.02210	0.01252	0.01473	0.00884	0.00663	0.00663	0.00221	0.01031	0.00516	0.00295	0.01031
51	0.03131	0.01188	0.01619	0.01242	0.01781	0.01026	0.01026	0.03401	0.01997	0.71606	0.02753	0.02375	0.01727	0.00864	0.00702	0.00216	0.00594	0.00702	0.00864	0.01188
52	0.00997	0.00748	0.01121	0.01121	0.01246	0.00872	0.00872	0.01246	0.01121	0.01620	0.01869	0.02741	0.01745	0.05234	0.72710	0.01121	0.01869	0.00748	0.00374	0.00623
53	0.01400	0.03610	0.71860	0.01989	0.03020	0.01621	0.02578	0.02210	0.01473	0.02210	0.01252	0.01473	0.00884	0.00663	0.00663	0.00221	0.01031	0.00516	0.00295	0.01031
54	0.00965	0.00703	0.00873	0.00842	0.01012	0.00641	0.00627	0.01255	0.01848	0.02569	0.52503	0.09223	0.17789	0.01502	0.00812	0.00223	0.00338	0.01312	0.04323	0.00641
55	0.00950	0.00682	0.00881	0.01007	0.01076	0.00655	0.00685	0.04722	0.01444	0.01926	0.03726	0.70965	0.04426	0.02112	0.00880	0.00279	0.00425	0.01909	0.00651	0.00601
56	0.11914	0.01813	0.01889	0.01473	0.01998	0.02005	0.01214	0.57010	0.02935	0.04106	0.01889	0.01889	0.04986	0.00866	0.00673	0.00212	0.00718	0.00645	0.00663	0.01102

[dist]
# distance from previous block
# <min> <max>
0	3

[block]
# block no. 2 follows, 30 sequences, length 23
# corresponding to MSA columns:
# 467-489
name=unknown_C
#
# <colnr> <probs for GDERKNQSTAVLIFYWHMCP>
#	G	D	E	R	K	N	Q	S	T	A	V	L	I	F	Y	W	H	M	C	P
0	0.01999	0.74207	0.03699	0.01289	0.01887	0.02802	0.01247	0.02177	0.01505	0.01780	0.01122	0.01329	0.01037	0.00696	0.00514	0.00177	0.00791	0.00424	0.00350	0.00967
1	0.01847	0.41470	0.31111	0.01639	0.02401	0.05808	0.01813	0.02260	0.01556	0.02012	0.01241	0.01479	0.01032	0.00729	0.00610	0.00208	0.00931	0.00485	0.00352	0.01017
2	0.02230	0.01798	0.02305	0.01925	0.04833	0.07363	0.14793	0.10894	0.25734	0.13942	0.04536	0.02433	0.01861	0.00925	0.00787	0.00250	0.00819	0.00786	0.00664	0.01123
3	0.01863	0.01747	0.02895	0.04304	0.69559	0.01725	0.02172	0.02228	0.01672	0.02403	0.01456	0.01923	0.01242	0.00720	0.00751	0.00234	0.00872	0.00667	0.00396	0.01172
4	0.01318	0.01240	0.02093	0.73798	0.04806	0.01550	0.01938	0.01783	0.01395	0.01783	0.01240	0.01860	0.00930	0.00698	0.00698	0.00233	0.00930	0.00620	0.00310	0.00775
5	0.01592	0.01544	0.02702	0.26039	0.44917	0.01633	0.07346	0.02036	0.01533	0.02120	0.01298	0.01781	0.01047	0.00643	0.00704	0.00217	0.00888	0.00637	0.00335	0.00989
6	0.01494	0.02952	0.46089	0.02351	0.03259	0.01675	0.27690	0.02220	0.01539	0.02220	0.01313	0.01629	0.00950	0.00635	0.00724	0.00226	0.01087	0.00633	0.00317	0.00997
7	0.00999	0.00740	0.01085	0.01085	0.01197	0.00852	0.00827	0.01223	0.01111	0.01593	0.01903	0.02926	0.01825	0.12352	0.65701	0.01076	0.01748	0.00775	0.00379	0.00603
8	0.01866	0.75896	0.03657	0.01194	0.01791	0.02761	0.01194	0.02090	0.01418	0.01642	0.00970	0.01119	0.00896	0.00597	0.00448	0.00149	0.00746	0.00373	0.00299	0.00896
9	0.01806	0.01489	0.01944	0.01630	0.02071	0.01622	0.11469	0.03318	0.49371	0.08720	0.02665	0.02791	0.02045	0.00944	0.00742	0.00240	0.00657	0.04752	0.00664	0.01059
10	0.01112	0.00663	0.00959	0.00959	0.01001	0.00705	0.00669	0.01037	0.00995	0.01368	0.01570	0.02672	0.01576	0.13612	0.26257	0.42322	0.01039	0.00711	0.00344	0.00427
11	0.80405	0.01350	0.01026	0.00918	0.01350	0.01565	0.00756	0.02051	0.01188	0.03131	0.00972	0.01134	0.00756	0.00648	0.00432	0.00216	0.00540	0.00378	0.00432	0.00756
12	0.02160	0.01586	0.02507	0.01911	0.02466	0.01590	0.24327	0.08654	0.22402	0.21352	0.02226	0.02215	0.01572	0.00792	0.00746	0.00228	0.00797	0.00764	0.00628	0.01078
13	0.01736	0.01499	0.01578	0.01420	0.01815	0.01736	0.01105	0.03708	0.69862	0.02919	0.02840	0.02604	0.02130	0.00947	0.00710	0.00237	0.00552	0.00789	0.00710	0.01105
14	0.02621	0.01785	0.01963	0.01529	0.02066	0.01941	0.01255	0.51370	0.10710	0.14478	0.01973	0.01888	0.01377	0.00854	0.00700	0.00214	0.00717	0.00658	0.00725	0.01177
15	0.01465	0.13681	0.62357	0.01878	0.02849	0.01780	0.02385	0.02193	0.01466	0.02131	0.01213	0.01424	0.00886	0.00654	0.00633	0.00211	0.00992	0.00496	0.00295	0.01012
16	0.01817	0.02261	0.07698	0.02666	0.03324	0.15370	0.51790	0.02340	0.01700	0.02133	0.01338	0.01738	0.01018	0.00618	0.00777	0.00224	0.01184	0.00734	0.00351	0.00921
17	0.01101	0.00796	0.01092	0.01240	0.01407	0.00787	0.01078	0.01411	0.01605	0.02073	0.03956	0.07782	0.09193	0.01915	0.00953	0.00315	0.00620	0.61394	0.00643	0.00638
18	0.71496	0.01576	0.01135	0.01018	0.01442	0.09709	0.00824	0.02135	0.01278	0.02968	0.00984	0.01148	0.00772	0.00656	0.00454	0.00212	0.00622	0.00386	0.00424	0.00762
19	0.11566	0.01063	0.01513	0.29308	0.02752	0.01203	0.01387	0.01757	0.01491	0.05742	0.02343	0.04385	0.02280	0.01230	0.00778	0.00268	0.00738	0.28963	0.00498	0.00737
20	0.39744	0.01520	0.01940	0.04670	0.02152	0.05688	0.18019	0.02095	0.01440	0.04877	0.01512	0.02274	0.01302	0.00812	0.00631	0.00233	0.00775	0.09065	0.00444	0.00806
21	0.59244	0.01360	0.01408	0.01192	0.01637	0.01504	0.07921	0.02152	0.03636	0.06609	0.01386	0.01848	0.01137	0.00762	0.00538	0.00227	0.00618	0.05547	0.00472	0.00801
22	0.57640	0.01506	0.01342	0.01140	0.01592	0.05906	0.03776	0.06698	0.01470	0.07640	0.01248	0.01492	0.00971	0.00710	0.00514	0.00214	0.00633	0.02317	0.00477	0.02713

[dist]
# distance from previous block
# <min> <max>
3	16

[block]
# block no. 3 follows, 30 sequences, length 23
# corresponding to MSA columns:
# 506-528
name=unknown_D
#
# <colnr> <probs for GDERKNQSTAVLIFYWHMCP>
#	G	D	E	R	K	N	Q	S	T	A	V	L	I	F	Y	W	H	M	C	P
0	0.16662	0.05721	0.02001	0.01608	0.05515	0.04123	0.07644	0.21979	0.08000	0.09157	0.01681	0.01923	0.01303	0.05627	0.03837	0.00279	0.00790	0.00630	0.00548	0.00971
1	0.01582	0.01829	0.07253	0.02375	0.07021	0.06833	0.35997	0.01991	0.01482	0.01981	0.01457	0.02240	0.01286	0.13981	0.01435	0.00315	0.08975	0.00775	0.00357	0.00836
2	0.10958	0.02392	0.04392	0.01781	0.02226	0.27892	0.08637	0.20992	0.02110	0.02688	0.01259	0.01463	0.00982	0.00780	0.00819	0.00212	0.08486	0.00551	0.00454	0.00926
3	0.01212	0.00606	0.00909	0.00909	0.00909	0.00606	0.00606	0.00909	0.00909	0.01212	0.01212	0.02121	0.01212	0.02424	0.02727	0.79697	0.00606	0.00606	0.00303	0.00303
4	0.01786	0.05836	0.03750	0.02654	0.03295	0.08211	0.53976	0.05239	0.01720	0.02237	0.01355	0.01767	0.01037	0.00631	0.00826	0.00227	0.03404	0.00751	0.00365	0.00932
5	0.01008	0.00705	0.00908	0.00908	0.00959	0.00756	0.00606	0.01109	0.01058	0.01462	0.02065	0.03823	0.02214	0.46876	0.31711	0.00858	0.01162	0.00906	0.00403	0.00504
6	0.01415	0.01518	0.06761	0.50068	0.11825	0.01623	0.08772	0.01890	0.01428	0.01905	0.01248	0.01804	0.00959	0.00707	0.00801	0.00234	0.05247	0.00634	0.00317	0.00844
7	0.02625	0.01846	0.02008	0.01556	0.02100	0.02022	0.01280	0.57434	0.08432	0.10661	0.01870	0.01815	0.01313	0.00849	0.00699	0.00212	0.00734	0.00648	0.00715	0.01180
8	0.02039	0.06374	0.01870	0.01475	0.01926	0.05095	0.01183	0.21730	0.43949	0.03198	0.02319	0.02191	0.01734	0.00884	0.00687	0.00221	0.00656	0.00703	0.00665	0.01101
9	0.00864	0.00697	0.00769	0.00776	0.00973	0.00602	0.00572	0.01069	0.01647	0.02077	0.20932	0.14218	0.48880	0.01739	0.00832	0.00238	0.00354	0.01484	0.00675	0.00602
10	0.02142	0.48832	0.03030	0.01419	0.01928	0.28834	0.01252	0.02349	0.01627	0.01666	0.01011	0.01171	0.00897	0.00643	0.00515	0.00161	0.00937	0.00402	0.00321	0.00863
11	0.01576	0.01236	0.01460	0.01049	0.01664	0.00938	0.00842	0.01883	0.01489	0.07575	0.01356	0.01518	0.01087	0.00543	0.00531	0.00112	0.00523	0.00435	0.00448	0.73735
12	0.01430	0.03398	0.63572	0.02105	0.03097	0.01638	0.10654	0.02213	0.01495	0.02213	0.01272	0.01523	0.00905	0.00654	0.00683	0.00223	0.01049	0.00553	0.00302	0.01020
13	0.01400	0.03610	0.71860	0.01989	0.03020	0.01621	0.02578	0.02210	0.01473	0.02210	0.01252	0.01473	0.00884	0.00663	0.00663	0.00221	0.01031	0.00516	0.00295	0.01031
14	0.00850	0.00607	0.00810	0.00972	0.01012	0.00567	0.00648	0.00972	0.01336	0.01781	0.03846	0.75020	0.04615	0.02186	0.00891	0.00283	0.00405	0.01984	0.00648	0.00567
15	0.01015	0.00677	0.00761	0.00761	0.00761	0.00677	0.00423	0.01015	0.01015	0.01353	0.02199	0.04567	0.02537	0.75476	0.03552	0.00677	0.00677	0.01015	0.00423	0.00423
16	0.01339	0.01262	0.02131	0.70181	0.08257	0.01556	0.01949	0.01802	0.01405	0.01809	0.01244	0.01854	0.00939	0.00694	0.00697	0.00231	0.00925	0.00620	0.00312	0.00792
17	0.01727	0.01658	0.02832	0.04283	0.71123	0.01658	0.02142	0.02142	0.01589	0.02280	0.01313	0.01727	0.01105	0.00622	0.00691	0.00207	0.00829	0.00622	0.00345	0.01105
18	0.00825	0.00707	0.00707	0.00707	0.00943	0.00589	0.00530	0.01001	0.01591	0.01885	0.07069	0.06716	0.70839	0.01767	0.00825	0.00236	0.00353	0.01473	0.00648	0.00589
19	0.01015	0.00677	0.00761	0.00761	0.00761	0.00677	0.00423	0.01015	0.01015	0.01353	0.02199	0.04567	0.02537	0.75476	0.03552	0.00677	0.00677	0.01015	0.00423	0.00423
20	0.74168	0.01392	0.01270	0.01078	0.01531	0.01581	0.06127	0.02066	0.01224	0.03060	0.01007	0.01193	0.00780	0.00643	0.00463	0.00217	0.00590	0.00413	0.00426	0.00770
21	0.01700	0.50213	0.27889	0.01476	0.02228	0.02356	0.01686	0.02132	0.01438	0.01844	0.01070	0.01245	0.00891	0.00620	0.00524	0.00175	0.00848	0.00424	0.00297	0.00944
22	0.14002	0.01422	0.05255	0.01321	0.01825	0.01308	0.03365	0.07529	0.07230	0.40189	0.02225	0.02186	0.01532	0.04545	0.00848	0.00243	0.02562	0.00664	0.00693	0.01052

[dist]
# distance from previous block
# <min> <max>
11	18

[block]
# block no. 4 follows, 30 sequences, length 10
# corresponding to MSA columns:
# 548-552,595-599
name=unknown_E
#
# <colnr> <probs for GDERKNQSTAVLIFYWHMCP>
#	G	D	E	R	K	N	Q	S	T	A	V	L	I	F	Y	W	H	M	C	P
0	0.02544	0.06299	0.02135	0.01595	0.02120	0.11163	0.01308	0.52444	0.07249	0.03804	0.01633	0.01650	0.01194	0.00816	0.00676	0.00204	0.00815	0.00601	0.00633	0.01117
1	0.06252	0.01774	0.02556	0.16956	0.32128	0.09267	0.09801	0.05947	0.04419	0.02309	0.01348	0.01720	0.01070	0.00670	0.00688	0.00214	0.00905	0.00620	0.00380	0.00974
2	0.01073	0.00812	0.01072	0.01033	0.01079	0.00936	0.00732	0.01186	0.01062	0.01495	0.01912	0.03495	0.02033	0.39688	0.29303	0.00796	0.10500	0.00863	0.00389	0.00541
3	0.80405	0.01350	0.01026	0.00918	0.01350	0.01565	0.00756	0.02051	0.01188	0.03131	0.00972	0.01134	0.00756	0.00648	0.00432	0.00216	0.00540	0.00378	0.00432	0.00756
4	0.01011	0.00691	0.00833	0.00833	0.00858	0.00716	0.00513	0.01061	0.01036	0.01407	0.02133	0.04200	0.02378	0.61384	0.17426	0.00766	0.00916	0.00961	0.00413	0.00463
5	0.62963	0.01313	0.01160	0.00991	0.01447	0.01444	0.00817	0.02356	0.01370	0.18587	0.01374	0.01414	0.00975	0.00697	0.00493	0.00216	0.00552	0.00451	0.00529	0.00853
6	0.14350	0.01433	0.05972	0.05451	0.02127	0.01263	0.07132	0.02944	0.04250	0.44612	0.02195	0.02071	0.01442	0.00789	0.00670	0.00220	0.00681	0.00651	0.00683	0.01065
7	0.03049	0.01319	0.01701	0.01304	0.01847	0.01221	0.01077	0.14602	0.02217	0.60095	0.02568	0.02255	0.01635	0.00859	0.00701	0.00215	0.00624	0.00689	0.00835	0.01187
8	0.01589	0.02321	0.22040	0.02819	0.10105	0.01716	0.44477	0.02219	0.01595	0.02233	0.01360	0.01758	0.01017	0.00611	0.00768	0.00229	0.01104	0.00722	0.00337	0.00981
9	0.01400	0.03610	0.71860	0.01989	0.03020	0.01621	0.02578	0.02210	0.01473	0.02210	0.01252	0.01473	0.00884	0.00663	0.00663	0.00221	0.01031	0.00516	0.00295	0.01031

[dist]
# distance from previous block
# <min> <max>
0	22

[block]
# block no. 5 follows, 30 sequences, length 101
# corresponding to MSA columns:
# 625-725
name=unknown_F
#
# <colnr> <probs for GDERKNQSTAVLIFYWHMCP>
#	G	D	E	R	K	N	Q	S	T	A	V	L	I	F	Y	W	H	M	C	P
0	0.00950	0.00709	0.00884	0.00858	0.01032	0.00643	0.00645	0.01235	0.01849	0.02528	0.51585	0.09157	0.20252	0.01554	0.00831	0.00229	0.00348	0.03340	0.00732	0.00638
1	0.00932	0.00746	0.00838	0.00815	0.01030	0.00670	0.00618	0.01246	0.04712	0.02268	0.29949	0.06020	0.42716	0.01612	0.00823	0.00232	0.00361	0.03080	0.00694	0.00638
2	0.01050	0.00751	0.01034	0.01164	0.01301	0.00735	0.00962	0.01332	0.01604	0.02128	0.13262	0.21012	0.04502	0.01908	0.00929	0.00299	0.00550	0.44185	0.00661	0.00630
3	0.02212	0.17009	0.02421	0.10015	0.10728	0.42542	0.01480	0.02461	0.01757	0.01773	0.01104	0.01355	0.00927	0.00681	0.00609	0.00183	0.01070	0.00474	0.00340	0.00858
4	0.00854	0.00615	0.00810	0.00958	0.01011	0.00571	0.00644	0.00985	0.01368	0.01821	0.06338	0.69965	0.07189	0.02143	0.00886	0.00279	0.00400	0.01939	0.00652	0.00571
5	0.01859	0.01557	0.01697	0.06220	0.02069	0.01794	0.01196	0.14310	0.54375	0.03088	0.02543	0.02402	0.01896	0.00912	0.00707	0.00232	0.00613	0.00751	0.00682	0.01096
6	0.01008	0.00674	0.00763	0.00770	0.00772	0.00672	0.00433	0.01013	0.01029	0.01372	0.02271	0.07643	0.02628	0.72276	0.03436	0.00659	0.00665	0.01057	0.00433	0.00429
7	0.02548	0.01645	0.01896	0.01497	0.01973	0.01787	0.01227	0.39873	0.07086	0.20818	0.02042	0.04711	0.01493	0.00935	0.00841	0.00224	0.06869	0.00708	0.00705	0.01122
8	0.01631	0.01996	0.08581	0.02878	0.03606	0.01755	0.64239	0.02234	0.01636	0.02234	0.01401	0.01855	0.01047	0.00593	0.00813	0.00234	0.01167	0.00803	0.00349	0.00947
9	0.03131	0.01188	0.01619	0.01242	0.01781	0.01026	0.01026	0.03401	0.01997	0.71606	0.02753	0.02375	0.01727	0.00864	0.00702	0.00216	0.00594	0.00702	0.00864	0.01188
10	0.03131	0.01188	0.01619	0.01242	0.01781	0.01026	0.01026	0.03401	0.01997	0.71606	0.02753	0.02375	0.01727	0.00864	0.00702	0.00216	0.00594	0.00702	0.00864	0.01188
11	0.01314	0.01211	0.01996	0.65540	0.04434	0.01493	0.01845	0.01812	0.03459	0.01843	0.01494	0.02388	0.01225	0.00809	0.00720	0.00240	0.00895	0.06157	0.00350	0.00774
12	0.80405	0.01350	0.01026	0.00918	0.01350	0.01565	0.00756	0.02051	0.01188	0.03131	0.00972	0.01134	0.00756	0.00648	0.00432	0.00216	0.00540	0.00378	0.00432	0.00756
13	0.01027	0.00772	0.00958	0.00901	0.01091	0.00733	0.00679	0.01465	0.07103	0.02709	0.58742	0.05175	0.13148	0.01427	0.00815	0.00223	0.00349	0.01249	0.00751	0.00685
14	0.02471	0.03106	0.01890	0.01720	0.02064	0.66620	0.01290	0.02663	0.01977	0.01800	0.06936	0.01591	0.01377	0.00779	0.00646	0.00183	0.01180	0.00518	0.00394	0.00796
15	0.01727	0.01658	0.02832	0.04283	0.71123	0.01658	0.02142	0.02142	0.01589	0.02280	0.01313	0.01727	0.01105	0.00622	0.00691	0.00207	0.00829	0.00622	0.00345	0.01105
16	0.01776	0.62016	0.16752	0.01347	0.02027	0.02542	0.01460	0.02113	0.01429	0.01751	0.01024	0.01187	0.00893	0.00610	0.00489	0.00163	0.00801	0.00400	0.00298	0.00922
17	0.01080	0.00770	0.00859	0.00810	0.01059	0.00673	0.00617	0.01348	0.03563	0.07982	0.21073	0.05898	0.48555	0.01592	0.00811	0.00230	0.00374	0.01341	0.00695	0.00669
18	0.01896	0.11181	0.04621	0.01647	0.02019	0.28691	0.07415	0.02297	0.06723	0.02003	0.10249	0.02251	0.01886	0.01067	0.03636	0.00246	0.07701	0.03213	0.00434	0.00824
19	0.00918	0.00685	0.00853	0.00864	0.01013	0.00620	0.00628	0.01161	0.01731	0.02344	0.40046	0.23126	0.20064	0.01692	0.00840	0.00239	0.00354	0.01490	0.00712	0.00620
20	0.02607	0.03326	0.01978	0.01798	0.02157	0.72674	0.01348	0.02787	0.01978	0.01708	0.01079	0.01258	0.00899	0.00719	0.00629	0.00180	0.01258	0.00449	0.00360	0.00809
21	0.00987	0.00716	0.00931	0.00885	0.01051	0.00661	0.00668	0.01311	0.01952	0.02749	0.66757	0.05339	0.08520	0.01452	0.00827	0.00223	0.00339	0.03215	0.00761	0.00656
22	0.00971	0.00713	0.00910	0.00861	0.01032	0.00651	0.00645	0.01285	0.01936	0.02705	0.64276	0.05366	0.13121	0.01461	0.00823	0.00221	0.00332	0.01283	0.00756	0.00651
23	0.01829	0.70246	0.08987	0.01256	0.01887	0.02672	0.01302	0.02099	0.01422	0.01686	0.00992	0.01147	0.00895	0.00602	0.00465	0.00155	0.00769	0.00384	0.00298	0.00906
24	0.01686	0.01438	0.01737	0.01550	0.03886	0.01589	0.06563	0.03251	0.52538	0.05217	0.05574	0.02899	0.06972	0.00981	0.00731	0.00234	0.00590	0.00850	0.00674	0.01041
25	0.01301	0.00650	0.00650	0.00650	0.00813	0.00650	0.00488	0.01626	0.01463	0.02602	0.02276	0.02602	0.01789	0.00813	0.00488	0.00163	0.00325	0.00650	0.79350	0.00650
26	0.08145	0.01265	0.01510	0.01117	0.01691	0.01043	0.03484	0.04116	0.01521	0.04081	0.03311	0.03672	0.01292	0.00623	0.00552	0.00133	0.00547	0.00510	0.00450	0.60939
27	0.01583	0.01487	0.02507	0.06222	0.57936	0.01498	0.01913	0.01960	0.01534	0.02178	0.01616	0.09933	0.01518	0.01000	0.03858	0.00257	0.00831	0.00779	0.00379	0.01013
28	0.01301	0.00650	0.00650	0.00650	0.00813	0.00650	0.00488	0.01626	0.01463	0.02602	0.02276	0.02602	0.01789	0.00813	0.00488	0.00163	0.00325	0.00650	0.79350	0.00650
29	0.07687	0.04679	0.02503	0.02135	0.10264	0.11593	0.16752	0.06803	0.06124	0.13969	0.01585	0.01772	0.01188	0.00770	0.00865	0.00223	0.08991	0.00641	0.00482	0.00975
30	0.80405	0.01350	0.01026	0.00918	0.01350	0.01565	0.00756	0.02051	0.01188	0.03131	0.00972	0.01134	0.00756	0.00648	0.00432	0.00216	0.00540	0.00378	0.00432	0.00756
31	0.02556	0.01907	0.02040	0.01586	0.02127	0.02119	0.01303	0.61922	0.10312	0.04242	0.01798	0.01773	0.01286	0.00849	0.00699	0.00212	0.00745	0.00645	0.00699	0.01178
32	0.01383	0.01307	0.02211	0.62720	0.15375	0.01568	0.01970	0.01840	0.01426	0.01862	0.01252	0.01839	0.00958	0.00686	0.00697	0.00229	0.00914	0.00620	0.00316	0.00828
33	0.01540	0.00819	0.00856	0.00784	0.01009	0.00833	0.00606	0.08973	0.01687	0.06326	0.02236	0.02490	0.01720	0.00818	0.00521	0.00170	0.00387	0.00651	0.66838	0.00736
34	0.01509	0.03347	0.61219	0.02042	0.03012	0.01671	0.08039	0.06932	0.01616	0.02367	0.01296	0.01522	0.00920	0.00669	0.00679	0.00221	0.01025	0.00550	0.00328	0.01035
35	0.01294	0.01087	0.01279	0.00999	0.01487	0.00840	0.00773	0.01561	0.01437	0.02157	0.02127	0.15208	0.06630	0.00909	0.00607	0.00145	0.00485	0.00774	0.00473	0.59727
36	0.80405	0.01350	0.01026	0.00918	0.01350	0.01565	0.00756	0.02051	0.01188	0.03131	0.00972	0.01134	0.00756	0.00648	0.00432	0.00216	0.00540	0.00378	0.00432	0.00756
37	0.01693	0.01454	0.01541	0.01393	0.01768	0.01680	0.01079	0.03559	0.65882	0.02837	0.02793	0.02662	0.02130	0.03145	0.02955	0.00276	0.00595	0.00794	0.00692	0.01071
38	0.01619	0.01545	0.02596	0.09415	0.60040	0.01560	0.01990	0.02018	0.01574	0.02208	0.01791	0.02157	0.06954	0.00724	0.00703	0.00212	0.00797	0.00693	0.00368	0.01036
39	0.02294	0.01240	0.01552	0.01153	0.01733	0.01019	0.00939	0.04917	0.01775	0.35454	0.01978	0.01898	0.01370	0.00694	0.00612	0.00161	0.00562	0.00559	0.00639	0.39450
40	0.30093	0.01048	0.01024	0.00943	0.01253	0.01112	0.00737	0.01871	0.09428	0.05203	0.22319	0.06026	0.14161	0.01149	0.00666	0.00225	0.00448	0.00925	0.00618	0.00750
41	0.01551	0.01467	0.02440	0.29973	0.40515	0.01557	0.01955	0.01975	0.01505	0.02094	0.01280	0.01753	0.01034	0.00641	0.00679	0.00208	0.00841	0.00604	0.00338	0.07593
42	0.01301	0.00650	0.00650	0.00650	0.00813	0.00650	0.00488	0.01626	0.01463	0.02602	0.02276	0.02602	0.01789	0.00813	0.00488	0.00163	0.00325	0.00650	0.79350	0.00650
43	0.01779	0.01744	0.05030	0.02011	0.02496	0.01814	0.24212	0.12596	0.23152	0.02672	0.01863	0.02122	0.01447	0.03687	0.01047	0.00257	0.09814	0.00754	0.00512	0.00991
44	0.01068	0.00820	0.01235	0.01174	0.01295	0.00940	0.03230	0.01256	0.01127	0.01601	0.01942	0.02852	0.04112	0.09539	0.52138	0.07579	0.06341	0.00774	0.00376	0.00601
45	0.01301	0.00650	0.00650	0.00650	0.00813	0.00650	0.00488	0.01626	0.01463	0.02602	0.02276	0.02602	0.01789	0.00813	0.00488	0.00163	0.00325	0.00650	0.79350	0.00650
46	0.02429	0.13832	0.02259	0.01798	0.04518	0.57452	0.01360	0.02623	0.01850	0.01717	0.01065	0.01264	0.00906	0.00715	0.00663	0.00181	0.03737	0.00450	0.00348	0.00830
47	0.80405	0.01350	0.01026	0.00918	0.01350	0.01565	0.00756	0.02051	0.01188	0.03131	0.00972	0.01134	0.00756	0.00648	0.00432	0.00216	0.00540	0.00378	0.00432	0.00756
48	0.01880	0.01571	0.01659	0.01449	0.01870	0.01803	0.01139	0.13964	0.59371	0.03152	0.02657	0.02457	0.01982	0.00930	0.00708	0.00232	0.00586	0.00764	0.00708	0.01117
49	0.80405	0.01350	0.01026	0.00918	0.01350	0.01565	0.00756	0.02051	0.01188	0.03131	0.00972	0.01134	0.00756	0.00648	0.00432	0.00216	0.00540	0.00378	0.00432	0.00756
50	0.01085	0.00771	0.01050	0.01153	0.01287	0.00775	0.00953	0.01352	0.01513	0.02006	0.09695	0.06710	0.03855	0.13450	0.06956	0.00429	0.00714	0.45040	0.00600	0.00609
51	0.01400	0.03610	0.71860	0.01989	0.03020	0.01621	0.02578	0.02210	0.01473	0.02210	0.01252	0.01473	0.00884	0.00663	0.00663	0.00221	0.01031	0.00516	0.00295	0.01031
52	0.01803	0.01532	0.01616	0.01434	0.01840	0.01767	0.01121	0.08459	0.65003	0.03027	0.02755	0.02536	0.02061	0.00939	0.00709	0.00235	0.00568	0.00777	0.00709	0.01111
53	0.00893	0.00733	0.00774	0.00760	0.00975	0.00645	0.00562	0.01142	0.03975	0.02019	0.15888	0.06212	0.54589	0.06546	0.01000	0.00262	0.00378	0.01388	0.00653	0.00606
54	0.02532	0.01859	0.02000	0.01565	0.02098	0.02059	0.01282	0.56706	0.13217	0.06573	0.01888	0.01839	0.01347	0.00855	0.00700	0.00214	0.00729	0.00655	0.00706	0.01174
55	0.01735	0.01607	0.01703	0.14240	0.02372	0.07667	0.01272	0.03290	0.52058	0.02617	0.02409	0.02359	0.01815	0.00884	0.00701	0.00231	0.00678	0.00731	0.00610	0.01021
56	0.80405	0.01350	0.01026	0.00918	0.01350	0.01565	0.00756	0.02051	0.01188	0.03131	0.00972	0.01134	0.00756	0.00648	0.00432	0.00216	0.00540	0.00378	0.00432	0.00756
57	0.01447	0.01240	0.01447	0.01034	0.01654	0.00930	0.00827	0.01757	0.01447	0.02274	0.01240	0.01447	0.01034	0.00517	0.00517	0.00103	0.00517	0.00413	0.00413	0.79742
58	0.01015	0.00677	0.00761	0.00761	0.00761	0.00677	0.00423	0.01015	0.01015	0.01353	0.02199	0.04567	0.02537	0.75476	0.03552	0.00677	0.00677	0.01015	0.00423	0.00423
59	0.00970	0.00713	0.00908	0.00859	0.01031	0.00651	0.00644	0.01282	0.01933	0.02697	0.63698	0.05379	0.13704	0.01464	0.00823	0.00221	0.00332	0.01285	0.00755	0.00651
60	0.01124	0.00803	0.01124	0.01285	0.01446	0.00803	0.01124	0.01446	0.01606	0.02088	0.03695	0.07871	0.04016	0.01928	0.00964	0.00321	0.00643	0.66426	0.00643	0.00643
61	0.01433	0.01309	0.02122	0.65745	0.07199	0.01600	0.01901	0.06754	0.01542	0.01996	0.01275	0.01842	0.00956	0.00705	0.00697	0.00230	0.00914	0.00621	0.00340	0.00819
62	0.02653	0.01955	0.02094	0.01606	0.02164	0.02164	0.01326	0.68796	0.03281	0.04398	0.01675	0.01675	0.01187	0.00838	0.00698	0.00209	0.00768	0.00628	0.00698	0.01187
63	0.01736	0.01499	0.01578	0.01420	0.01815	0.01736	0.01105	0.03708	0.69862	0.02919	0.02840	0.02604	0.02130	0.00947	0.00710	0.00237	0.00552	0.00789	0.00710	0.01105
64	0.01301	0.00650	0.00650	0.00650	0.00813	0.00650	0.00488	0.01626	0.01463	0.02602	0.02276	0.02602	0.01789	0.00813	0.00488	0.00163	0.00325	0.00650	0.79350	0.00650
65	0.01318	0.01240	0.02093	0.73798	0.04806	0.01550	0.01938	0.01783	0.01395	0.01783	0.01240	0.01860	0.00930	0.00698	0.00698	0.00233	0.00930	0.00620	0.00310	0.00775
66	0.07820	0.00931	0.01371	0.01261	0.01451	0.01071	0.04828	0.01475	0.01185	0.04252	0.01736	0.02464	0.01567	0.04161	0.55299	0.00908	0.06438	0.00710	0.00390	0.00682
67	0.01301	0.00650	0.00650	0.00650	0.00813	0.00650	0.00488	0.01626	0.01463	0.02602	0.02276	0.02602	0.01789	0.00813	0.00488	0.00163	0.00325	0.00650	0.79350	0.00650
68	0.01676	0.01945	0.08220	0.02588	0.08665	0.04358	0.34813	0.04690	0.01546	0.02150	0.01254	0.01712	0.01010	0.00785	0.01192	0.00248	0.21176	0.00705	0.00349	0.00918
69	0.80405	0.01350	0.01026	0.00918	0.01350	0.01565	0.00756	0.02051	0.01188	0.03131	0.00972	0.01134	0.00756	0.00648	0.00432	0.00216	0.00540	0.00378	0.00432	0.00756
70	0.01858	0.01560	0.01647	0.01445	0.01861	0.01793	0.01134	0.12407	0.60963	0.03117	0.02685	0.02479	0.02004	0.00932	0.00708	0.00233	0.00581	0.00767	0.00708	0.01116
71	0.07982	0.01266	0.02032	0.64952	0.07110	0.01556	0.01847	0.01820	0.01385	0.01916	0.01221	0.01794	0.00922	0.00691	0.00675	0.00230	0.00893	0.00600	0.00322	0.00786
72	0.01230	0.01035	0.01706	0.01737	0.07595	0.01005	0.11892	0.01594	0.01636	0.02164	0.07928	0.06147	0.07646	0.01560	0.00900	0.00286	0.00704	0.41929	0.00580	0.00727
73	0.01014	0.00767	0.01058	0.01055	0.01139	0.00869	0.00777	0.01184	0.01135	0.01591	0.02291	0.10814	0.04873	0.20418	0.42034	0.00844	0.06181	0.00957	0.00420	0.00580
74	0.00893	0.00800	0.00759	0.00751	0.00989	0.03145	0.00563	0.01075	0.01616	0.01907	0.08851	0.06475	0.66350	0.01720	0.00818	0.00233	0.00385	0.01430	0.00642	0.00599
75	0.01695	0.01625	0.02774	0.09781	0.65878	0.01650	0.02126	0.02113	0.01574	0.02240	0.01307	0.01738	0.01092	0.00628	0.00691	0.00209	0.00837	0.00622	0.00343	0.01079
76	0.01112	0.00880	0.01193	0.01130	0.01182	0.01057	0.00836	0.01247	0.01070	0.01531	0.01799	0.03184	0.01875	0.31017	0.32124	0.00786	0.16201	0.00821	0.00378	0.00576
77	0.01478	0.01287	0.01601	0.01394	0.09351	0.01011	0.00973	0.01800	0.01463	0.02275	0.01248	0.01478	0.01042	0.00528	0.00536	0.00115	0.00551	0.00437	0.00406	0.71029
78	0.01301	0.00650	0.00650	0.00650	0.00813	0.00650	0.00488	0.01626	0.01463	0.02602	0.02276	0.02602	0.01789	0.00813	0.00488	0.00163	0.00325	0.00650	0.79350	0.00650
79	0.05906	0.01439	0.01566	0.01338	0.01721	0.07955	0.04971	0.08725	0.17771	0.08422	0.09724	0.09790	0.07066	0.01088	0.00721	0.00220	0.00628	0.02800	0.00622	0.07528
80	0.01446	0.03599	0.69183	0.01982	0.02987	0.04342	0.02531	0.02232	0.01493	0.02191	0.01246	0.01465	0.00885	0.00665	0.00662	0.00219	0.01040	0.00513	0.00297	0.01023
81	0.01301	0.00650	0.00650	0.00650	0.00813	0.00650	0.00488	0.01626	0.01463	0.02602	0.02276	0.02602	0.01789	0.00813	0.00488	0.00163	0.00325	0.00650	0.79350	0.00650
82	0.03642	0.23001	0.39383	0.01797	0.02566	0.01994	0.06846	0.02121	0.01423	0.02027	0.01145	0.01403	0.00900	0.00695	0.00773	0.00211	0.08310	0.00505	0.00305	0.00953
83	0.68908	0.01325	0.01114	0.00966	0.01414	0.01485	0.00796	0.02252	0.01308	0.13319	0.01237	0.01318	0.00900	0.00680	0.00472	0.00216	0.00548	0.00426	0.00496	0.00820
84	0.01727	0.01658	0.02832	0.04283	0.71123	0.01658	0.02142	0.02142	0.01589	0.02280	0.01313	0.01727	0.01105	0.00622	0.00691	0.00207	0.00829	0.00622	0.00345	0.01105
85	0.80405	0.01350	0.01026	0.00918	0.01350	0.01565	0.00756	0.02051	0.01188	0.03131	0.00972	0.01134	0.00756	0.00648	0.00432	0.00216	0.00540	0.00378	0.00432	0.00756
86	0.01796	0.01826	0.03232	0.04715	0.07232	0.04821	0.41702	0.14150	0.01940	0.02562	0.01909	0.02214	0.06940	0.00743	0.00781	0.00226	0.01008	0.00808	0.00439	0.00955
87	0.02078	0.01618	0.01649	0.01427	0.01847	0.06926	0.01129	0.13334	0.42215	0.11423	0.02532	0.02500	0.01895	0.00930	0.00703	0.00226	0.00639	0.02787	0.03065	0.01077
88	0.00974	0.00713	0.00914	0.00864	0.01034	0.00653	0.00648	0.01290	0.01943	0.02722	0.65401	0.05339	0.11986	0.01455	0.00823	0.00221	0.00331	0.01280	0.00758	0.00653
89	0.01647	0.01882	0.04118	0.02941	0.03647	0.01765	0.68588	0.02235	0.01647	0.02235	0.01412	0.01882	0.01059	0.00588	0.00824	0.00235	0.01176	0.00824	0.00353	0.00941
90	0.01370	0.01294	0.02187	0.64919	0.13277	0.01564	0.01964	0.01829	0.01420	0.01846	0.01250	0.01843	0.00953	0.00688	0.00697	0.00229	0.00917	0.00620	0.00315	0.00817
91	0.01645	0.01574	0.02684	0.18244	0.57804	0.01636	0.02101	0.02070	0.01550	0.02180	0.01298	0.01754	0.01070	0.00637	0.00692	0.00212	0.00849	0.00621	0.00338	0.01039
92	0.01662	0.01591	0.02714	0.15387	0.60530	0.01641	0.02109	0.02084	0.01558	0.02200	0.01301	0.01748	0.01077	0.00634	0.00692	0.00211	0.00845	0.00622	0.00340	0.01053
93	0.00943	0.00712	0.00870	0.00831	0.01015	0.00639	0.00623	0.01230	0.01869	0.02546	0.53130	0.05629	0.24367	0.01521	0.00824	0.00224	0.00336	0.01320	0.00735	0.00639
94	0.01781	0.01509	0.01591	0.01411	0.01813	0.01731	0.01103	0.09084	0.61860	0.03007	0.02891	0.02670	0.04471	0.00966	0.00713	0.00234	0.00563	0.00800	0.00707	0.01093
95	0.00974	0.00713	0.00914	0.00864	0.01034	0.00653	0.00648	0.01290	0.01943	0.02722	0.65401	0.05339	0.11986	0.01455	0.00823	0.00221	0.00331	0.01280	0.00758	0.00653
96	0.01529	0.01259	0.01470	0.01056	0.01672	0.00968	0.00847	0.03715	0.01515	0.04291	0.01295	0.01480	0.01058	0.00536	0.00527	0.00110	0.00526	0.00428	0.00434	0.75286
97	0.00988	0.00713	0.00933	0.00878	0.01043	0.00658	0.00658	0.01317	0.01975	0.02798	0.70754	0.05213	0.06584	0.01427	0.00823	0.00219	0.00329	0.01262	0.00768	0.00658
98	0.01447	0.01240	0.01447	0.01034	0.01654	0.00930	0.00827	0.01757	0.01447	0.02274	0.01240	0.01447	0.01034	0.00517	0.00517	0.00103	0.00517	0.00413	0.00413	0.79742
99	0.02904	0.01195	0.01596	0.01214	0.01764	0.01013	0.00999	0.03179	0.01923	0.62255	0.02549	0.02250	0.01634	0.00817	0.00677	0.00201	0.00583	0.00663	0.00803	0.11783
100	0.80405	0.01350	0.01026	0.00918	0.01350	0.01565	0.00756	0.02051	0.01188	0.03131	0.00972	0.01134	0.00756	0.00648	0.00432	0.00216	0.00540	0.00378	0.00432	0.00756

[dist]
# distance from previous block
# <min> <max>
0	80

[block]
# block no. 6 follows, 30 sequences, length 13
# corresponding to MSA columns:
# 806-818
name=unknown_G
#
# <colnr> <probs for GDERKNQSTAVLIFYWHMCP>
#	G	D	E	R	K	N	Q	S	T	A	V	L	I	F	Y	W	H	M	C	P
0	0.00945	0.00712	0.00874	0.00833	0.01016	0.00640	0.00625	0.01234	0.01875	0.02559	0.54087	0.05606	0.23401	0.01516	0.00823	0.00224	0.00336	0.01317	0.00737	0.00640
1	0.01495	0.18468	0.57840	0.01826	0.02768	0.01855	0.02294	0.02185	0.01462	0.02093	0.01194	0.01401	0.00886	0.00649	0.00619	0.00206	0.00973	0.00486	0.00295	0.01003
2	0.02189	0.44243	0.02924	0.01457	0.01951	0.33255	0.01261	0.02394	0.01662	0.01671	0.01017	0.01180	0.00897	0.00650	0.00527	0.00163	0.00970	0.00406	0.00325	0.00858
3	0.74191	0.01507	0.01102	0.00988	0.01414	0.07245	0.00803	0.02110	0.01251	0.03017	0.00980	0.01144	0.00767	0.00653	0.00448	0.00213	0.00597	0.00384	0.00426	0.00760
4	0.01513	0.01649	0.03502	0.02567	0.03154	0.01581	0.54669	0.02032	0.01539	0.02109	0.01506	0.02059	0.01200	0.01543	0.15600	0.00417	0.01319	0.00808	0.00357	0.00876
5	0.01582	0.01338	0.01445	0.01309	0.01656	0.01514	0.01013	0.03217	0.55907	0.02894	0.16800	0.03140	0.03046	0.01045	0.00733	0.00233	0.00506	0.00886	0.00722	0.01013
6	0.00933	0.00690	0.00871	0.00869	0.01020	0.00628	0.00635	0.01195	0.01781	0.02441	0.46652	0.19806	0.16621	0.01638	0.00837	0.00235	0.00349	0.01445	0.00724	0.00628
7	0.01318	0.01240	0.02093	0.73798	0.04806	0.01550	0.01938	0.01783	0.01395	0.01783	0.01240	0.01860	0.00930	0.00698	0.00698	0.00233	0.00930	0.00620	0.00310	0.00775
8	0.01031	0.00761	0.01002	0.01130	0.01292	0.00732	0.00947	0.01300	0.01572	0.02011	0.04406	0.15398	0.17821	0.01925	0.00927	0.00299	0.00556	0.45623	0.00644	0.00623
9	0.04149	0.01608	0.02516	0.01890	0.02460	0.03490	0.25286	0.09942	0.09464	0.18788	0.01949	0.04188	0.01441	0.00766	0.00724	0.00214	0.00821	0.00741	0.00568	0.08994
10	0.00963	0.00709	0.00903	0.00878	0.01044	0.00649	0.00660	0.01259	0.01871	0.02588	0.55662	0.09966	0.14625	0.01539	0.00833	0.00230	0.00349	0.03889	0.00740	0.00643
11	0.59942	0.05344	0.01254	0.00956	0.01436	0.01499	0.00794	0.01993	0.01253	0.02874	0.01027	0.01197	0.00820	0.00618	0.00450	0.00189	0.00546	0.00385	0.00421	0.16999
