[name]
unknown

[dist]
# distance from previous block
# <min> <max>
5	234

[block]
# block no. 0 follows, 28 sequences, length 13
# corresponding to MSA columns:
# 274-286
name=unknown_A
#
# <colnr> <probs for GDERKNQSTAVLIFYWHMCP>
#	G	D	E	R	K	N	Q	S	T	A	V	L	I	F	Y	W	H	M	C	P
0	0.14655	0.02038	0.02035	0.02153	0.15748	0.18974	0.04213	0.02931	0.20811	0.06691	0.01799	0.01887	0.01381	0.00787	0.00673	0.00221	0.00844	0.00626	0.00519	0.01014
1	0.28181	0.01667	0.01559	0.01629	0.10004	0.12480	0.01110	0.06531	0.04531	0.04634	0.01820	0.14647	0.01723	0.00999	0.00647	0.00224	0.00709	0.00788	0.00511	0.05607
2	0.20814	0.03877	0.01544	0.01336	0.01706	0.14152	0.01038	0.11514	0.15129	0.02819	0.02103	0.14839	0.01926	0.01072	0.00672	0.00231	0.00707	0.00840	0.02784	0.00897
3	0.15168	0.01866	0.06937	0.01949	0.12742	0.11967	0.04223	0.06268	0.03537	0.14848	0.01975	0.11815	0.01699	0.00964	0.00701	0.00229	0.00794	0.00797	0.00547	0.00973
4	0.01513	0.01511	0.01972	0.47319	0.06275	0.11198	0.01699	0.01928	0.01655	0.02057	0.13653	0.02479	0.02040	0.00865	0.00740	0.00231	0.00899	0.00743	0.00418	0.00803
5	0.02657	0.03078	0.02147	0.02027	0.07225	0.53832	0.01461	0.14573	0.02277	0.02331	0.01254	0.01426	0.01007	0.00764	0.00673	0.00195	0.01185	0.00515	0.00437	0.00937
6	0.01209	0.00687	0.01018	0.01042	0.01089	0.00710	0.00757	0.01089	0.01088	0.01467	0.01747	0.03162	0.01770	0.02984	0.15056	0.53810	0.00875	0.09636	0.00378	0.00425
7	0.00876	0.00672	0.00803	0.00908	0.01027	0.00599	0.00629	0.01024	0.01492	0.01896	0.05274	0.48687	0.29282	0.02113	0.00902	0.00276	0.00402	0.01865	0.00675	0.00599
8	0.01811	0.15151	0.02490	0.01783	0.01948	0.12007	0.01502	0.01988	0.01311	0.01746	0.00988	0.01474	0.00948	0.01081	0.01796	0.00270	0.49985	0.00568	0.00325	0.00827
9	0.01842	0.01275	0.01602	0.11175	0.02150	0.01244	0.01108	0.06725	0.12485	0.14663	0.14247	0.02657	0.02430	0.00894	0.00701	0.00198	0.00600	0.00751	0.00634	0.22619
10	0.01507	0.01292	0.01507	0.01077	0.01723	0.00969	0.00861	0.01830	0.01507	0.02369	0.01292	0.01507	0.01077	0.00538	0.00538	0.00108	0.00538	0.00431	0.00431	0.78898
11	0.01944	0.36998	0.16884	0.01582	0.02202	0.02431	0.01610	0.13994	0.01790	0.02357	0.01196	0.01405	0.00988	0.00772	0.00827	0.00205	0.10928	0.00502	0.00387	0.00997
12	0.02628	0.01456	0.01919	0.01506	0.02029	0.01441	0.06356	0.14425	0.14352	0.36519	0.07396	0.02564	0.02088	0.00930	0.00751	0.00230	0.00670	0.00786	0.00791	0.01161

[dist]
# distance from previous block
# <min> <max>
0	9

[block]
# block no. 1 follows, 28 sequences, length 41
# corresponding to MSA columns:
# 296-336
name=unknown_B
#
# <colnr> <probs for GDERKNQSTAVLIFYWHMCP>
#	G	D	E	R	K	N	Q	S	T	A	V	L	I	F	Y	W	H	M	C	P
0	0.64465	0.01257	0.01025	0.00967	0.01338	0.01431	0.00766	0.01921	0.01267	0.02991	0.01588	0.15170	0.01560	0.00983	0.00542	0.00238	0.00535	0.00715	0.00493	0.00749
1	0.09470	0.01539	0.02062	0.01757	0.01854	0.02060	0.01462	0.01955	0.01216	0.08295	0.01138	0.01632	0.01016	0.01178	0.02040	0.00300	0.59186	0.00621	0.00385	0.00836
2	0.01201	0.00783	0.00961	0.00922	0.01140	0.00701	0.00709	0.01411	0.01759	0.08407	0.26578	0.05708	0.29891	0.01722	0.01057	0.08030	0.00437	0.07213	0.00701	0.00669
3	0.02462	0.01183	0.01701	0.08579	0.08343	0.01102	0.01189	0.02791	0.01974	0.42910	0.16779	0.02988	0.02735	0.00984	0.00756	0.00227	0.00617	0.00839	0.00771	0.01069
4	0.01004	0.00771	0.01085	0.01085	0.01237	0.00852	0.00840	0.01249	0.01262	0.01741	0.02988	0.03651	0.14847	0.04758	0.57985	0.00991	0.01644	0.00924	0.00444	0.00642
5	0.01157	0.00874	0.01172	0.01399	0.07587	0.00861	0.00890	0.07709	0.01617	0.02174	0.03537	0.60104	0.04114	0.01986	0.00889	0.00280	0.00500	0.01795	0.00651	0.00707
6	0.01103	0.01078	0.07584	0.08131	0.01666	0.00871	0.01004	0.01506	0.01949	0.02753	0.56424	0.04721	0.05722	0.01337	0.00829	0.00230	0.00473	0.01176	0.00707	0.00734
7	0.01758	0.01669	0.02753	0.10942	0.57156	0.01724	0.02109	0.02346	0.07871	0.02386	0.01508	0.01898	0.01233	0.00687	0.00722	0.00221	0.00847	0.00664	0.00392	0.01117
8	0.01052	0.00726	0.00902	0.00902	0.00939	0.00764	0.00576	0.01127	0.01089	0.01490	0.02191	0.04205	0.02403	0.54426	0.23400	0.00839	0.01065	0.00976	0.00426	0.00501
9	0.00940	0.00661	0.00853	0.00986	0.01027	0.00630	0.00656	0.01052	0.01338	0.01780	0.03631	0.55162	0.04308	0.17641	0.01523	0.00385	0.00497	0.05743	0.00624	0.00563
10	0.79588	0.01406	0.01068	0.00956	0.01406	0.01631	0.00787	0.02137	0.01237	0.03261	0.01012	0.01181	0.00787	0.00675	0.00450	0.00225	0.00562	0.00394	0.00450	0.00787
11	0.02651	0.02463	0.02036	0.01678	0.02157	0.27284	0.01331	0.39632	0.02798	0.03439	0.01562	0.01653	0.01170	0.00826	0.00686	0.00204	0.00954	0.00588	0.05833	0.01056
12	0.01617	0.01368	0.01478	0.01376	0.01713	0.01552	0.01050	0.03269	0.54309	0.02829	0.05729	0.15234	0.02850	0.01231	0.00777	0.00254	0.00539	0.01058	0.00731	0.01035
13	0.01595	0.04895	0.35353	0.01742	0.02566	0.01535	0.06265	0.08001	0.01740	0.02547	0.05606	0.01807	0.01374	0.00709	0.00668	0.00195	0.00864	0.00585	0.00412	0.21541
14	0.01029	0.00743	0.00972	0.00914	0.01086	0.00686	0.00686	0.01372	0.02058	0.02915	0.69536	0.05430	0.06859	0.01486	0.00857	0.00229	0.00343	0.01315	0.00800	0.00686
15	0.01738	0.44821	0.32082	0.01594	0.02407	0.02374	0.01853	0.02230	0.01501	0.01960	0.01135	0.01322	0.00928	0.00651	0.00561	0.00187	0.00903	0.00451	0.00309	0.00993
16	0.01666	0.02307	0.17048	0.02873	0.03674	0.01809	0.54867	0.02323	0.01681	0.02323	0.01439	0.01879	0.01068	0.00628	0.00826	0.00242	0.01196	0.00796	0.00356	0.00998
17	0.02021	0.01276	0.01560	0.01140	0.01762	0.00998	0.00922	0.02332	0.01675	0.22307	0.01754	0.01791	0.01288	0.00644	0.00595	0.00142	0.00562	0.00519	0.00568	0.56145
18	0.01799	0.01727	0.02950	0.04462	0.69919	0.01727	0.02231	0.02231	0.01655	0.02375	0.01367	0.01799	0.01151	0.00648	0.00720	0.00216	0.00864	0.00648	0.00360	0.01151
19	0.79588	0.01406	0.01068	0.00956	0.01406	0.01631	0.00787	0.02137	0.01237	0.03261	0.01012	0.01181	0.00787	0.00675	0.00450	0.00225	0.00562	0.00394	0.00450	0.00787
20	0.00859	0.00736	0.00736	0.00736	0.00982	0.00614	0.00552	0.01043	0.01657	0.01964	0.07364	0.06996	0.69624	0.01841	0.00859	0.00245	0.00368	0.01534	0.00675	0.00614
21	0.01504	0.10545	0.64308	0.01993	0.03024	0.01801	0.02548	0.02290	0.01529	0.02246	0.01276	0.01500	0.00922	0.00684	0.00669	0.00223	0.01046	0.00523	0.00307	0.01061
22	0.01016	0.00738	0.00957	0.00911	0.01080	0.00679	0.00680	0.01344	0.02015	0.02834	0.64371	0.08237	0.09344	0.01532	0.00860	0.00232	0.00347	0.01354	0.00790	0.00679
23	0.01029	0.00743	0.00972	0.00914	0.01086	0.00686	0.00686	0.01372	0.02058	0.02915	0.69536	0.05430	0.06859	0.01486	0.00857	0.00229	0.00343	0.01315	0.00800	0.00686
24	0.01799	0.01727	0.02950	0.04462	0.69919	0.01727	0.02231	0.02231	0.01655	0.02375	0.01367	0.01799	0.01151	0.00648	0.00720	0.00216	0.00864	0.00648	0.00360	0.01151
25	0.01594	0.23654	0.51983	0.01840	0.02788	0.02020	0.02282	0.02267	0.01519	0.02137	0.01222	0.01432	0.00924	0.00671	0.00628	0.00209	0.00991	0.00496	0.00308	0.01035
26	0.27299	0.01316	0.01488	0.01201	0.01716	0.01305	0.00986	0.03123	0.07120	0.43795	0.02288	0.02084	0.01513	0.00835	0.00643	0.00227	0.00597	0.00631	0.00745	0.01088
27	0.00916	0.00765	0.00792	0.00781	0.01016	0.00666	0.00581	0.01173	0.04009	0.02068	0.12797	0.06611	0.58743	0.04684	0.00968	0.00262	0.00387	0.01470	0.00680	0.00632
28	0.01397	0.01160	0.01837	0.49188	0.08283	0.01376	0.01636	0.01839	0.01486	0.02116	0.01581	0.02131	0.01216	0.00753	0.00669	0.00221	0.00796	0.00654	0.20863	0.00796
29	0.01739	0.01666	0.02842	0.14044	0.60805	0.01711	0.02201	0.02178	0.01627	0.02302	0.01357	0.01819	0.01126	0.00659	0.00721	0.00220	0.00878	0.00647	0.00355	0.01103
30	0.00883	0.00643	0.00833	0.00985	0.01047	0.00593	0.00663	0.01015	0.01418	0.01866	0.04339	0.67346	0.11226	0.02234	0.00921	0.00290	0.00416	0.02014	0.00675	0.00593
31	0.01737	0.01798	0.03466	0.08137	0.38040	0.01767	0.29591	0.02249	0.01668	0.02323	0.01406	0.01876	0.01120	0.00638	0.00778	0.00230	0.01022	0.00736	0.00361	0.01058
32	0.01057	0.00705	0.00793	0.00793	0.00793	0.00705	0.00440	0.01057	0.01057	0.01409	0.02290	0.04757	0.02643	0.74454	0.03700	0.00705	0.00705	0.01057	0.00440	0.00440
33	0.02601	0.02102	0.01901	0.01591	0.02070	0.19535	0.01259	0.20339	0.20274	0.17484	0.02152	0.02049	0.01543	0.00877	0.00713	0.00219	0.00831	0.00668	0.00677	0.01113
34	0.01716	0.01961	0.04289	0.03064	0.03799	0.01838	0.67279	0.02328	0.01716	0.02328	0.01471	0.01961	0.01103	0.00613	0.00858	0.00245	0.01225	0.00858	0.00368	0.00980
35	0.01705	0.02038	0.07149	0.03021	0.03771	0.01832	0.64497	0.02327	0.01708	0.02327	0.01463	0.01942	0.01095	0.00616	0.00851	0.00244	0.01219	0.00844	0.00365	0.00984
36	0.00968	0.00705	0.00929	0.01078	0.01181	0.00667	0.00809	0.01163	0.01506	0.01963	0.04342	0.46719	0.12010	0.02147	0.00943	0.00301	0.00490	0.20790	0.00673	0.00617
37	0.01624	0.01549	0.02634	0.32465	0.43284	0.01681	0.02144	0.02078	0.01572	0.02162	0.01336	0.01856	0.01077	0.00680	0.00723	0.00227	0.00907	0.00647	0.00345	0.01010
38	0.01799	0.01727	0.02950	0.04462	0.69919	0.01727	0.02231	0.02231	0.01655	0.02375	0.01367	0.01799	0.01151	0.00648	0.00720	0.00216	0.00864	0.00648	0.00360	0.01151
39	0.03066	0.01551	0.01881	0.01442	0.02012	0.01534	0.01191	0.28646	0.02605	0.44578	0.02427	0.02188	0.01578	0.00889	0.00729	0.00222	0.00690	0.00701	0.00832	0.01237
40	0.01458	0.03760	0.70688	0.02072	0.03146	0.01688	0.02686	0.02302	0.01535	0.02302	0.01304	0.01535	0.00921	0.00691	0.00691	0.00230	0.01074	0.00537	0.00307	0.01074

[dist]
# distance from previous block
# <min> <max>
0	4

[block]
# block no. 2 follows, 28 sequences, length 23
# corresponding to MSA columns:
# 343-365
name=unknown_C
#
# <colnr> <probs for GDERKNQSTAVLIFYWHMCP>
#	G	D	E	R	K	N	Q	S	T	A	V	L	I	F	Y	W	H	M	C	P
0	0.45762	0.01884	0.02046	0.01636	0.02149	0.12516	0.16984	0.04949	0.01568	0.02860	0.01170	0.01412	0.00905	0.00679	0.00592	0.00224	0.00848	0.00528	0.00430	0.00861
1	0.10080	0.01963	0.18200	0.01455	0.02015	0.03838	0.01404	0.06683	0.16171	0.12854	0.15193	0.02653	0.02493	0.00952	0.00715	0.00230	0.00695	0.00768	0.00627	0.01011
2	0.01754	0.01681	0.02869	0.11660	0.63072	0.01715	0.02208	0.02191	0.01634	0.02320	0.01359	0.01814	0.01132	0.00656	0.00720	0.00219	0.00875	0.00647	0.00356	0.01115
3	0.01520	0.01205	0.01296	0.01204	0.01486	0.01327	0.00910	0.05346	0.35460	0.02575	0.03217	0.03922	0.08867	0.16302	0.01365	0.00341	0.00581	0.05797	0.06393	0.00885
4	0.01649	0.01517	0.02299	0.07637	0.37221	0.01405	0.01647	0.02039	0.01580	0.02337	0.01331	0.01687	0.01108	0.00608	0.00645	0.00173	0.00735	0.00557	0.00387	0.33437
5	0.01799	0.01727	0.02950	0.04462	0.69919	0.01727	0.02231	0.02231	0.01655	0.02375	0.01367	0.01799	0.01151	0.00648	0.00720	0.00216	0.00864	0.00648	0.00360	0.01151
6	0.01011	0.00729	0.00955	0.00927	0.01082	0.00674	0.00684	0.01326	0.01973	0.02781	0.61226	0.14122	0.06599	0.01586	0.00866	0.00237	0.00353	0.01410	0.00784	0.00674
7	0.01458	0.03760	0.70688	0.02072	0.03146	0.01688	0.02686	0.02302	0.01535	0.02302	0.01304	0.01535	0.00921	0.00691	0.00691	0.00230	0.01074	0.00537	0.00307	0.01074
8	0.00873	0.00682	0.00792	0.00881	0.01020	0.00601	0.00616	0.01027	0.01518	0.01907	0.05607	0.42042	0.35712	0.02069	0.00895	0.00271	0.00396	0.01813	0.00675	0.00601
9	0.01808	0.01561	0.01644	0.01479	0.01890	0.01808	0.01151	0.03863	0.68606	0.03041	0.02959	0.02712	0.02219	0.00986	0.00740	0.00247	0.00575	0.00822	0.00740	0.01151
10	0.00868	0.00737	0.00749	0.00746	0.00987	0.00617	0.00559	0.01060	0.01678	0.02013	0.10569	0.06915	0.66388	0.01823	0.00859	0.00245	0.00367	0.01523	0.00681	0.00617
11	0.02763	0.02036	0.02182	0.01672	0.02254	0.02254	0.01382	0.67496	0.03418	0.04581	0.01745	0.01745	0.01236	0.00873	0.00727	0.00218	0.00800	0.00654	0.00727	0.01236
12	0.00930	0.00739	0.00835	0.00811	0.01026	0.00644	0.00608	0.01181	0.01825	0.02363	0.33478	0.06338	0.43261	0.01692	0.00858	0.00238	0.00358	0.01442	0.00728	0.00644
13	0.01925	0.65614	0.03700	0.01652	0.10495	0.02731	0.01369	0.02183	0.01500	0.01794	0.01056	0.01246	0.00961	0.00625	0.00499	0.00163	0.00788	0.00422	0.00317	0.00961
14	0.79588	0.01406	0.01068	0.00956	0.01406	0.01631	0.00787	0.02137	0.01237	0.03261	0.01012	0.01181	0.00787	0.00675	0.00450	0.00225	0.00562	0.00394	0.00450	0.00787
15	0.01029	0.00743	0.00972	0.00914	0.01086	0.00686	0.00686	0.01372	0.02058	0.02915	0.69536	0.05430	0.06859	0.01486	0.00857	0.00229	0.00343	0.01315	0.00800	0.00686
16	0.03261	0.01237	0.01687	0.01293	0.01856	0.01068	0.01068	0.03543	0.02081	0.70423	0.02868	0.02474	0.01799	0.00900	0.00731	0.00225	0.00619	0.00731	0.00900	0.01237
17	0.00903	0.00738	0.00797	0.00782	0.01008	0.00632	0.00586	0.01127	0.01759	0.02207	0.23274	0.06595	0.53563	0.01750	0.00859	0.00241	0.00362	0.01478	0.00707	0.00632
18	0.01716	0.01961	0.04289	0.03064	0.03799	0.01838	0.67279	0.02328	0.01716	0.02328	0.01471	0.01961	0.01103	0.00613	0.00858	0.00245	0.01225	0.00858	0.00368	0.00980
19	0.01509	0.11263	0.63633	0.01984	0.03011	0.01813	0.02534	0.02289	0.01529	0.02240	0.01273	0.01496	0.00922	0.00683	0.00667	0.00222	0.01043	0.00521	0.00307	0.01059
20	0.01507	0.01292	0.01507	0.01077	0.01723	0.00969	0.00861	0.01830	0.01507	0.02369	0.01292	0.01507	0.01077	0.00538	0.00538	0.00108	0.00538	0.00431	0.00431	0.78898
21	0.01560	0.01487	0.02502	0.41049	0.31837	0.01690	0.02087	0.02007	0.01521	0.02067	0.01308	0.01864	0.01044	0.00719	0.00801	0.00235	0.04286	0.00646	0.00338	0.00950
22	0.01920	0.01617	0.01707	0.01502	0.01933	0.01860	0.01178	0.11332	0.60954	0.03222	0.02816	0.02599	0.02104	0.00973	0.00738	0.00243	0.00602	0.00802	0.00738	0.01161

[dist]
# distance from previous block
# <min> <max>
1	31

[block]
# block no. 3 follows, 28 sequences, length 30
# corresponding to MSA columns:
# 397-408,411-428
name=unknown_D
#
# <colnr> <probs for GDERKNQSTAVLIFYWHMCP>
#	G	D	E	R	K	N	Q	S	T	A	V	L	I	F	Y	W	H	M	C	P
0	0.01876	0.01843	0.02154	0.25478	0.17805	0.15818	0.01690	0.04834	0.08672	0.04790	0.04238	0.02183	0.03858	0.00821	0.00722	0.00224	0.00911	0.00688	0.00451	0.00946
1	0.00859	0.00736	0.00736	0.00736	0.00982	0.00614	0.00552	0.01043	0.01657	0.01964	0.07364	0.06996	0.69624	0.01841	0.00859	0.00245	0.00368	0.01534	0.00675	0.00614
2	0.01048	0.00748	0.01029	0.01197	0.01311	0.00730	0.00956	0.01292	0.01551	0.02037	0.03917	0.36665	0.04454	0.02125	0.00971	0.00318	0.00562	0.37781	0.00672	0.00635
3	0.01455	0.01391	0.01967	0.01727	0.01759	0.01903	0.01423	0.01639	0.01127	0.01734	0.01198	0.01901	0.01166	0.02297	0.19346	0.00526	0.55676	0.00671	0.00336	0.00759
4	0.01716	0.01961	0.04289	0.03064	0.03799	0.01838	0.67279	0.02328	0.01716	0.02328	0.01471	0.01961	0.01103	0.00613	0.00858	0.00245	0.01225	0.00858	0.00368	0.00980
5	0.01050	0.00732	0.00929	0.00929	0.00976	0.00779	0.00611	0.01145	0.01097	0.01510	0.02166	0.04066	0.02343	0.49386	0.28358	0.00873	0.01156	0.00956	0.00422	0.00516
6	0.01507	0.01292	0.01507	0.01077	0.01723	0.00969	0.00861	0.01830	0.01507	0.02369	0.01292	0.01507	0.01077	0.00538	0.00538	0.00108	0.00538	0.00431	0.00431	0.78898
7	0.00886	0.00633	0.00843	0.01012	0.01054	0.00590	0.00675	0.01012	0.01392	0.01856	0.04006	0.73979	0.04808	0.02277	0.00928	0.00295	0.00422	0.02066	0.00675	0.00590
8	0.01527	0.01497	0.02105	0.01823	0.01838	0.02075	0.01512	0.01697	0.01120	0.01742	0.01068	0.01736	0.01053	0.01753	0.10338	0.00416	0.64943	0.00653	0.00326	0.00778
9	0.01742	0.01845	0.02291	0.45046	0.15985	0.16920	0.01922	0.02152	0.01622	0.01932	0.01269	0.01776	0.00994	0.00718	0.00710	0.00226	0.01025	0.00607	0.00341	0.00877
10	0.00859	0.00736	0.00736	0.00736	0.00982	0.00614	0.00552	0.01043	0.01657	0.01964	0.07364	0.06996	0.69624	0.01841	0.00859	0.00245	0.00368	0.01534	0.00675	0.00614
11	0.02763	0.02036	0.02182	0.01672	0.02254	0.02254	0.01382	0.67496	0.03418	0.04581	0.01745	0.01745	0.01236	0.00873	0.00727	0.00218	0.00800	0.00654	0.00727	0.01236
12	0.01038	0.00779	0.01168	0.01168	0.01298	0.00909	0.00909	0.01298	0.01168	0.01687	0.01947	0.02856	0.01817	0.05452	0.71573	0.01168	0.01947	0.00779	0.00389	0.00649
13	0.01355	0.00678	0.00678	0.00678	0.00847	0.00678	0.00508	0.01694	0.01524	0.02710	0.02371	0.02710	0.01863	0.00847	0.00508	0.00169	0.00339	0.00678	0.78489	0.00678
14	0.03261	0.01237	0.01687	0.01293	0.01856	0.01068	0.01068	0.03543	0.02081	0.70423	0.02868	0.02474	0.01799	0.00900	0.00731	0.00225	0.00619	0.00731	0.00900	0.01237
15	0.01943	0.74891	0.03809	0.01244	0.01866	0.02876	0.01244	0.02177	0.01477	0.01710	0.01011	0.01166	0.00933	0.00622	0.00466	0.00155	0.00777	0.00389	0.00311	0.00933
16	0.01751	0.46650	0.30362	0.01573	0.02374	0.02405	0.01816	0.02226	0.01500	0.01945	0.01127	0.01312	0.00928	0.00649	0.00555	0.00185	0.00895	0.00448	0.00309	0.00989
17	0.01799	0.01727	0.02950	0.04462	0.69919	0.01727	0.02231	0.02231	0.01655	0.02375	0.01367	0.01799	0.01151	0.00648	0.00720	0.00216	0.00864	0.00648	0.00360	0.01151
18	0.79588	0.01406	0.01068	0.00956	0.01406	0.01631	0.00787	0.02137	0.01237	0.03261	0.01012	0.01181	0.00787	0.00675	0.00450	0.00225	0.00562	0.00394	0.00450	0.00787
19	0.01459	0.02323	0.36462	0.01538	0.02206	0.01231	0.01738	0.02050	0.01794	0.09009	0.28542	0.03170	0.03362	0.01026	0.00761	0.00229	0.00741	0.00864	0.00559	0.00936
20	0.01799	0.01727	0.02950	0.04462	0.69919	0.01727	0.02231	0.02231	0.01655	0.02375	0.01367	0.01799	0.01151	0.00648	0.00720	0.00216	0.00864	0.00648	0.00360	0.01151
21	0.01779	0.01707	0.02914	0.07681	0.66857	0.01722	0.02221	0.02213	0.01646	0.02350	0.01364	0.01806	0.01143	0.00651	0.00720	0.00217	0.00869	0.00648	0.00358	0.01135
22	0.01055	0.00712	0.00828	0.00828	0.00841	0.00724	0.00485	0.01080	0.01068	0.01436	0.02258	0.04576	0.02564	0.67907	0.10140	0.00749	0.00823	0.01031	0.00436	0.00460
23	0.01057	0.00705	0.00793	0.00793	0.00793	0.00705	0.00440	0.01057	0.01057	0.01409	0.02290	0.04757	0.02643	0.74454	0.03700	0.00705	0.00705	0.01057	0.00440	0.00440
24	0.02763	0.02036	0.02182	0.01672	0.02254	0.02254	0.01382	0.67496	0.03418	0.04581	0.01745	0.01745	0.01236	0.00873	0.00727	0.00218	0.00800	0.00654	0.00727	0.01236
25	0.01057	0.00705	0.00793	0.00793	0.00793	0.00705	0.00440	0.01057	0.01057	0.01409	0.02290	0.04757	0.02643	0.74454	0.03700	0.00705	0.00705	0.01057	0.00440	0.00440
26	0.00859	0.00736	0.00736	0.00736	0.00982	0.00614	0.00552	0.01043	0.01657	0.01964	0.07364	0.06996	0.69624	0.01841	0.00859	0.00245	0.00368	0.01534	0.00675	0.00614
27	0.03261	0.01237	0.01687	0.01293	0.01856	0.01068	0.01068	0.03543	0.02081	0.70423	0.02868	0.02474	0.01799	0.00900	0.00731	0.00225	0.00619	0.00731	0.00900	0.01237
28	0.01799	0.01727	0.02950	0.04462	0.69919	0.01727	0.02231	0.02231	0.01655	0.02375	0.01367	0.01799	0.01151	0.00648	0.00720	0.00216	0.00864	0.00648	0.00360	0.01151
29	0.09101	0.10408	0.24615	0.01711	0.02383	0.01831	0.06266	0.07186	0.18522	0.02666	0.01894	0.02303	0.01516	0.00862	0.00693	0.00234	0.00828	0.05466	0.00491	0.01025

[dist]
# distance from previous block
# <min> <max>
1	32

[block]
# block no. 4 follows, 28 sequences, length 40
# corresponding to MSA columns:
# 462-476,484-508
name=unknown_E
#
# <colnr> <probs for GDERKNQSTAVLIFYWHMCP>
#	G	D	E	R	K	N	Q	S	T	A	V	L	I	F	Y	W	H	M	C	P
0	0.06087	0.33195	0.02664	0.01375	0.01907	0.07044	0.04536	0.02586	0.10452	0.12399	0.06728	0.01949	0.01683	0.00784	0.00607	0.00192	0.00736	0.00598	0.00511	0.03968
1	0.05392	0.02391	0.30000	0.01719	0.02489	0.01513	0.05145	0.07299	0.06386	0.24667	0.01951	0.01940	0.01326	0.00781	0.00703	0.00225	0.00840	0.00634	0.00571	0.04028
2	0.04774	0.15787	0.52915	0.01935	0.02888	0.01898	0.05685	0.02275	0.01522	0.02241	0.01251	0.01479	0.00927	0.00674	0.00651	0.00218	0.01010	0.00522	0.00317	0.01033
3	0.06054	0.01590	0.02329	0.26498	0.14323	0.01783	0.07766	0.11389	0.15794	0.02683	0.01716	0.02011	0.01299	0.00775	0.00725	0.00235	0.00848	0.00690	0.00483	0.01009
4	0.01590	0.01590	0.02226	0.01908	0.01908	0.02226	0.01590	0.01749	0.01113	0.01749	0.00954	0.01590	0.00954	0.01272	0.02385	0.00318	0.73123	0.00636	0.00318	0.00795
5	0.01511	0.02720	0.41185	0.01761	0.02521	0.01598	0.01989	0.02646	0.21403	0.02573	0.08289	0.02494	0.01982	0.00901	0.00732	0.00239	0.00843	0.03074	0.00494	0.01045
6	0.01355	0.00678	0.00678	0.00678	0.00847	0.00678	0.00508	0.01694	0.01524	0.02710	0.02371	0.02710	0.01863	0.00847	0.00508	0.00169	0.00339	0.00678	0.78489	0.00678
7	0.01057	0.00705	0.00793	0.00793	0.00793	0.00705	0.00440	0.01057	0.01057	0.01409	0.02290	0.04757	0.02643	0.74454	0.03700	0.00705	0.00705	0.01057	0.00440	0.00440
8	0.01029	0.00743	0.00972	0.00914	0.01086	0.00686	0.00686	0.01372	0.02058	0.02915	0.69536	0.05430	0.06859	0.01486	0.00857	0.00229	0.00343	0.01315	0.00800	0.00686
9	0.01057	0.00705	0.00793	0.00793	0.00793	0.00705	0.00440	0.01057	0.01057	0.01409	0.02290	0.04757	0.02643	0.74454	0.03700	0.00705	0.00705	0.01057	0.00440	0.00440
10	0.00940	0.00740	0.00849	0.00821	0.01032	0.00648	0.00616	0.01200	0.01848	0.02418	0.37058	0.06248	0.39647	0.01671	0.00858	0.00237	0.00356	0.01429	0.00735	0.00648
11	0.02763	0.02036	0.02182	0.01672	0.02254	0.02254	0.01382	0.67496	0.03418	0.04581	0.01745	0.01745	0.01236	0.00873	0.00727	0.00218	0.00800	0.00654	0.00727	0.01236
12	0.02275	0.38148	0.02890	0.01526	0.02035	0.29351	0.01306	0.05943	0.06688	0.01981	0.01234	0.01364	0.01043	0.00711	0.00573	0.00178	0.00970	0.00465	0.00388	0.00929
13	0.01782	0.01710	0.02920	0.07163	0.67350	0.01723	0.02222	0.02216	0.01647	0.02354	0.01364	0.01805	0.01144	0.00651	0.00720	0.00217	0.00868	0.00648	0.00358	0.01138
14	0.00886	0.00633	0.00843	0.01012	0.01054	0.00590	0.00675	0.01012	0.01392	0.01856	0.04006	0.73979	0.04808	0.02277	0.00928	0.00295	0.00422	0.02066	0.00675	0.00590
15	0.03234	0.01281	0.01714	0.01314	0.01878	0.01134	0.01086	0.07057	0.02154	0.66804	0.02806	0.02434	0.01768	0.00898	0.00731	0.00225	0.00628	0.00727	0.00890	0.01237
16	0.02126	0.02878	0.35650	0.01868	0.02690	0.01978	0.02019	0.35645	0.02498	0.03468	0.01530	0.01642	0.01082	0.00784	0.00709	0.00224	0.00934	0.00597	0.00522	0.01157
17	0.01685	0.37040	0.39397	0.01684	0.02547	0.02244	0.02011	0.02243	0.01508	0.02025	0.01167	0.01362	0.00926	0.00658	0.00586	0.00195	0.00935	0.00468	0.00309	0.01008
18	0.00859	0.00736	0.00736	0.00736	0.00982	0.00614	0.00552	0.01043	0.01657	0.01964	0.07364	0.06996	0.69624	0.01841	0.00859	0.00245	0.00368	0.01534	0.00675	0.00614
19	0.01808	0.01561	0.01644	0.01479	0.01890	0.01808	0.01151	0.03863	0.68606	0.03041	0.02959	0.02712	0.02219	0.00986	0.00740	0.00247	0.00575	0.00822	0.00740	0.01151
20	0.00886	0.00633	0.00843	0.01012	0.01054	0.00590	0.00675	0.01012	0.01392	0.01856	0.04006	0.73979	0.04808	0.02277	0.00928	0.00295	0.00422	0.02066	0.00675	0.00590
21	0.01808	0.01561	0.01644	0.01479	0.01890	0.01808	0.01151	0.03863	0.68606	0.03041	0.02959	0.02712	0.02219	0.00986	0.00740	0.00247	0.00575	0.00822	0.00740	0.01151
22	0.00859	0.00736	0.00736	0.00736	0.00982	0.00614	0.00552	0.01043	0.01657	0.01964	0.07364	0.06996	0.69624	0.01841	0.00859	0.00245	0.00368	0.01534	0.00675	0.00614
23	0.79588	0.01406	0.01068	0.00956	0.01406	0.01631	0.00787	0.02137	0.01237	0.03261	0.01012	0.01181	0.00787	0.00675	0.00450	0.00225	0.00562	0.00394	0.00450	0.00787
24	0.01716	0.01961	0.04289	0.03064	0.03799	0.01838	0.67279	0.02328	0.01716	0.02328	0.01471	0.01961	0.01103	0.00613	0.00858	0.00245	0.01225	0.00858	0.00368	0.00980
25	0.03261	0.01237	0.01687	0.01293	0.01856	0.01068	0.01068	0.03543	0.02081	0.70423	0.02868	0.02474	0.01799	0.00900	0.00731	0.00225	0.00619	0.00731	0.00900	0.01237
26	0.01057	0.00705	0.00793	0.00793	0.00793	0.00705	0.00440	0.01057	0.01057	0.01409	0.02290	0.04757	0.02643	0.74454	0.03700	0.00705	0.00705	0.01057	0.00440	0.00440
27	0.04658	0.56410	0.18574	0.01417	0.02134	0.02567	0.01548	0.02203	0.01481	0.01898	0.01076	0.01249	0.00925	0.00639	0.00516	0.00175	0.00836	0.00422	0.00315	0.00959
28	0.00886	0.00633	0.00843	0.01012	0.01054	0.00590	0.00675	0.01012	0.01392	0.01856	0.04006	0.73979	0.04808	0.02277	0.00928	0.00295	0.00422	0.02066	0.00675	0.00590
29	0.03261	0.01237	0.01687	0.01293	0.01856	0.01068	0.01068	0.03543	0.02081	0.70423	0.02868	0.02474	0.01799	0.00900	0.00731	0.00225	0.00619	0.00731	0.00900	0.01237
30	0.01040	0.00772	0.01132	0.01132	0.01250	0.00889	0.00864	0.01275	0.01158	0.01661	0.01980	0.03037	0.01896	0.12023	0.65110	0.01124	0.01829	0.00805	0.00394	0.00629
31	0.01446	0.01367	0.02313	0.60973	0.16168	0.01634	0.02055	0.01921	0.01488	0.01946	0.01305	0.01914	0.01000	0.00713	0.00726	0.00238	0.00951	0.00646	0.00329	0.00867
32	0.01480	0.01401	0.02374	0.55566	0.21310	0.01643	0.02072	0.01951	0.01504	0.01987	0.01311	0.01903	0.01015	0.00707	0.00725	0.00236	0.00943	0.00646	0.00332	0.00894
33	0.01050	0.00732	0.00929	0.00929	0.00977	0.00779	0.00611	0.01145	0.01098	0.01511	0.02165	0.04065	0.02342	0.49332	0.28410	0.00873	0.01157	0.00956	0.00422	0.00516
34	0.00963	0.00701	0.00917	0.01023	0.01133	0.00655	0.00752	0.01175	0.01603	0.02139	0.17733	0.42014	0.11288	0.02026	0.00920	0.00284	0.00444	0.12903	0.00700	0.00626
35	0.02023	0.11362	0.35808	0.01861	0.02645	0.16539	0.02008	0.14796	0.01996	0.02559	0.01317	0.01486	0.00985	0.00730	0.00665	0.00211	0.01038	0.00528	0.00401	0.01041
36	0.01969	0.20677	0.02241	0.01407	0.01887	0.02097	0.01178	0.13238	0.37504	0.02918	0.02232	0.02159	0.01713	0.00866	0.00655	0.00214	0.00651	0.00676	0.04637	0.01083
37	0.02483	0.02059	0.02002	0.01624	0.02127	0.10701	0.01306	0.43379	0.16722	0.03841	0.04874	0.02053	0.01648	0.00908	0.00727	0.00221	0.00797	0.00695	0.00689	0.01146
38	0.59965	0.01997	0.18554	0.01236	0.01843	0.01645	0.01264	0.02178	0.01312	0.03020	0.01086	0.01270	0.00821	0.00679	0.00510	0.00226	0.00691	0.00430	0.00414	0.00859
39	0.01776	0.01703	0.02908	0.08212	0.66352	0.01721	0.02219	0.02210	0.01644	0.02346	0.01363	0.01807	0.01141	0.00652	0.00720	0.00217	0.00869	0.00648	0.00358	0.01133

[dist]
# distance from previous block
# <min> <max>
5	10

[block]
# block no. 5 follows, 28 sequences, length 27
# corresponding to MSA columns:
# 519-545
name=unknown_F
#
# <colnr> <probs for GDERKNQSTAVLIFYWHMCP>
#	G	D	E	R	K	N	Q	S	T	A	V	L	I	F	Y	W	H	M	C	P
0	0.01786	0.00914	0.01199	0.01146	0.01398	0.00850	0.00848	0.02113	0.06742	0.25907	0.03529	0.43574	0.03560	0.01698	0.00845	0.00267	0.00502	0.01505	0.00758	0.00859
1	0.01774	0.01857	0.03623	0.02660	0.03268	0.01854	0.48978	0.08772	0.04696	0.02510	0.01635	0.05298	0.01324	0.00790	0.00978	0.00251	0.07450	0.00873	0.00429	0.00979
2	0.01842	0.01794	0.03484	0.02558	0.03174	0.01745	0.46862	0.10985	0.01912	0.05743	0.01811	0.09117	0.01518	0.00845	0.00884	0.00248	0.03086	0.00939	0.00470	0.00983
3	0.01654	0.01724	0.03287	0.17273	0.20975	0.01808	0.29923	0.02143	0.01580	0.02181	0.01350	0.01873	0.01072	0.00719	0.00968	0.00245	0.09170	0.00736	0.00351	0.00969
4	0.01471	0.01569	0.01268	0.01273	0.04582	0.21093	0.00903	0.01700	0.01853	0.02121	0.17766	0.04803	0.34064	0.01400	0.00794	0.00224	0.00658	0.01142	0.00599	0.00719
5	0.01953	0.01814	0.05239	0.08765	0.44509	0.04234	0.04926	0.06138	0.01767	0.08095	0.01484	0.01833	0.01170	0.00720	0.00800	0.00224	0.04155	0.00653	0.00421	0.01100
6	0.01507	0.08036	0.06327	0.22032	0.12754	0.01718	0.13562	0.01920	0.01506	0.02022	0.01875	0.07206	0.05946	0.00933	0.00943	0.00244	0.09390	0.00815	0.00382	0.00883
7	0.00899	0.00643	0.00855	0.01003	0.01057	0.00599	0.00676	0.01044	0.01452	0.01951	0.09899	0.67815	0.04992	0.02206	0.00921	0.00289	0.00415	0.01999	0.00686	0.00599
8	0.01488	0.03549	0.62884	0.02188	0.03223	0.01706	0.10277	0.02305	0.01556	0.02305	0.01324	0.01585	0.00942	0.00681	0.00710	0.00232	0.01092	0.00575	0.00314	0.01063
9	0.04801	0.01760	0.02519	0.02305	0.11935	0.08660	0.16136	0.06578	0.01732	0.11354	0.01758	0.08997	0.01522	0.00987	0.01090	0.00250	0.15354	0.00818	0.00485	0.00959
10	0.01681	0.02580	0.33646	0.01871	0.02623	0.01686	0.08417	0.06253	0.21511	0.04822	0.02239	0.02286	0.05385	0.00854	0.00735	0.00237	0.00871	0.00724	0.00504	0.01075
11	0.01783	0.01900	0.01450	0.01356	0.01641	0.28583	0.01038	0.06383	0.02002	0.02274	0.16424	0.07834	0.15491	0.01316	0.00788	0.00229	0.00795	0.07364	0.00585	0.00764
12	0.02528	0.02287	0.02082	0.01859	0.05973	0.29667	0.05782	0.07410	0.11122	0.17867	0.04793	0.02043	0.01605	0.00841	0.00715	0.00213	0.00947	0.00661	0.00584	0.01021
13	0.01560	0.01203	0.07392	0.01105	0.01486	0.00956	0.00956	0.02075	0.09168	0.16412	0.24207	0.04638	0.23230	0.01344	0.00804	0.00235	0.00498	0.01136	0.00733	0.00863
14	0.01009	0.00745	0.01081	0.01115	0.01220	0.00833	0.00834	0.01227	0.01207	0.01705	0.02380	0.17241	0.02466	0.08849	0.53426	0.00966	0.01568	0.01054	0.00450	0.00625
15	0.01534	0.01457	0.02472	0.46851	0.29600	0.01657	0.02099	0.01999	0.01530	0.02053	0.01321	0.01885	0.01038	0.00697	0.00724	0.00232	0.00929	0.00647	0.00337	0.00938
16	0.01870	0.06570	0.11298	0.08772	0.03309	0.11694	0.33405	0.05961	0.05561	0.02331	0.01458	0.01801	0.01106	0.00687	0.00761	0.00228	0.01111	0.00706	0.00394	0.00977
17	0.01373	0.01292	0.02180	0.72707	0.05006	0.01615	0.02019	0.01857	0.01453	0.01857	0.01292	0.01938	0.00969	0.00727	0.00727	0.00242	0.00969	0.00646	0.00323	0.00807
18	0.00886	0.00633	0.00843	0.01012	0.01054	0.00590	0.00675	0.01012	0.01392	0.01856	0.04006	0.73979	0.04808	0.02277	0.00928	0.00295	0.00422	0.02066	0.00675	0.00590
19	0.01679	0.01708	0.02863	0.23792	0.05848	0.05792	0.26119	0.06569	0.04597	0.02276	0.01645	0.07386	0.01386	0.00846	0.00861	0.00245	0.04228	0.00830	0.00416	0.00912
20	0.01762	0.48370	0.28745	0.01553	0.02343	0.02433	0.01781	0.02223	0.01499	0.01931	0.01120	0.01303	0.00928	0.00648	0.00550	0.00183	0.00888	0.00444	0.00309	0.00986
21	0.00916	0.00683	0.00852	0.00926	0.01046	0.00620	0.00650	0.01110	0.01618	0.02146	0.21244	0.41834	0.19737	0.01981	0.00895	0.00267	0.00390	0.01759	0.00706	0.00620
22	0.02715	0.01706	0.01926	0.01506	0.02034	0.01806	0.01231	0.45464	0.02899	0.20363	0.02190	0.06843	0.01634	0.00974	0.00735	0.00224	0.00716	0.00769	0.03089	0.01176
23	0.06978	0.01935	0.14437	0.02053	0.12864	0.06174	0.06593	0.02521	0.04829	0.17323	0.01944	0.05854	0.01514	0.00865	0.00769	0.00227	0.03852	0.00721	0.07535	0.01011
24	0.06463	0.01020	0.01368	0.01776	0.18905	0.00979	0.01022	0.01440	0.01563	0.02153	0.07960	0.15555	0.28350	0.07021	0.01022	0.00278	0.00542	0.01262	0.00567	0.00752
25	0.01408	0.01188	0.01757	0.02012	0.17008	0.01196	0.05640	0.06777	0.08435	0.02512	0.14194	0.28426	0.03551	0.01425	0.00830	0.00252	0.00607	0.01303	0.00615	0.00865
26	0.26721	0.01566	0.01560	0.01265	0.01760	0.04511	0.01028	0.20023	0.01989	0.09781	0.01539	0.01689	0.01167	0.01206	0.07660	0.00295	0.00798	0.00546	0.00557	0.14340

[dist]
# distance from previous block
# <min> <max>
4	6

[block]
# block no. 6 follows, 28 sequences, length 18
# corresponding to MSA columns:
# 552-569
name=unknown_G
#
# <colnr> <probs for GDERKNQSTAVLIFYWHMCP>
#	G	D	E	R	K	N	Q	S	T	A	V	L	I	F	Y	W	H	M	C	P
0	0.09208	0.10426	0.05674	0.02026	0.13103	0.01721	0.07512	0.10870	0.04823	0.24677	0.01901	0.01922	0.01344	0.00770	0.00683	0.00217	0.00771	0.00644	0.00597	0.01112
1	0.01024	0.00756	0.01100	0.01159	0.01275	0.00832	0.00895	0.01266	0.01284	0.01789	0.02639	0.18531	0.02768	0.04315	0.47106	0.00871	0.01452	0.09809	0.00488	0.00639
2	0.00928	0.00663	0.00893	0.01061	0.01122	0.00627	0.00749	0.01086	0.01434	0.01903	0.03983	0.64133	0.04714	0.02237	0.00939	0.00301	0.00459	0.11491	0.00674	0.00602
3	0.01673	0.01158	0.01764	0.14269	0.02304	0.01190	0.08970	0.07957	0.01677	0.13318	0.02438	0.19163	0.02353	0.13927	0.04204	0.00367	0.00795	0.01090	0.00565	0.00819
4	0.01628	0.01650	0.02840	0.32964	0.24195	0.04299	0.15356	0.02102	0.01579	0.02104	0.01334	0.01866	0.01050	0.00698	0.00802	0.00235	0.03323	0.00683	0.00345	0.00948
5	0.01825	0.02007	0.01805	0.01776	0.05573	0.28157	0.03055	0.02008	0.01620	0.01846	0.01998	0.19489	0.02121	0.01360	0.01163	0.03256	0.14539	0.05189	0.00453	0.00762
6	0.28123	0.09616	0.05768	0.01702	0.07898	0.22408	0.01311	0.08345	0.01786	0.05222	0.01229	0.01392	0.00964	0.00716	0.00585	0.00206	0.00883	0.00482	0.00440	0.00924
7	0.00874	0.00707	0.00777	0.00823	0.01007	0.00610	0.00593	0.01048	0.01598	0.01973	0.09038	0.26144	0.48368	0.01951	0.00879	0.00259	0.00382	0.01678	0.00680	0.00610
8	0.01779	0.01483	0.02088	0.16354	0.20653	0.01530	0.01548	0.08843	0.10865	0.05861	0.05889	0.02147	0.01639	0.00775	0.00699	0.00206	0.00734	0.00676	0.00507	0.15724
9	0.02083	0.62004	0.03493	0.01357	0.01935	0.15264	0.01273	0.02308	0.01582	0.01723	0.01031	0.01192	0.00933	0.00645	0.00501	0.00161	0.00874	0.00403	0.00322	0.00917
10	0.00891	0.00728	0.00792	0.00835	0.01040	0.00629	0.00627	0.01079	0.01614	0.01964	0.06495	0.18286	0.53062	0.01928	0.00883	0.00262	0.00404	0.07191	0.00674	0.00615
11	0.01155	0.00762	0.00944	0.01026	0.01153	0.00750	0.00734	0.01517	0.07557	0.04709	0.06283	0.46784	0.04035	0.01831	0.00837	0.00267	0.00440	0.05264	0.13262	0.00688
12	0.01604	0.05145	0.37823	0.01783	0.02453	0.01691	0.01981	0.06159	0.01672	0.05649	0.11231	0.02155	0.01851	0.00935	0.01031	0.00243	0.14502	0.00680	0.00435	0.00978
13	0.01212	0.00889	0.03590	0.00983	0.01202	0.00752	0.00775	0.01522	0.01894	0.07911	0.48172	0.07337	0.09178	0.08067	0.01105	0.00278	0.00438	0.03239	0.00742	0.00714
14	0.01816	0.01690	0.01986	0.05057	0.07612	0.08683	0.05725	0.09881	0.01818	0.02545	0.01347	0.01590	0.01084	0.00623	0.00619	0.00154	0.00745	0.00519	0.00445	0.46060
15	0.09157	0.04476	0.07589	0.01271	0.01712	0.01325	0.01107	0.08467	0.04295	0.10865	0.15540	0.09891	0.02713	0.01076	0.00808	0.00218	0.05082	0.00866	0.00606	0.12935
16	0.02131	0.01575	0.01887	0.01541	0.02008	0.05506	0.07009	0.15259	0.17526	0.14985	0.04988	0.09359	0.02158	0.01033	0.00753	0.00228	0.00702	0.02582	0.00678	0.08092
17	0.01927	0.02355	0.18471	0.01744	0.02298	0.11164	0.04400	0.18136	0.05167	0.02775	0.05538	0.06834	0.01689	0.00958	0.00895	0.00229	0.08316	0.00737	0.00504	0.05865

[dist]
# distance from previous block
# <min> <max>
26	83

[block]
# block no. 7 follows, 28 sequences, length 7
# corresponding to MSA columns:
# 663-669
name=unknown_H
#
# <colnr> <probs for GDERKNQSTAVLIFYWHMCP>
#	G	D	E	R	K	N	Q	S	T	A	V	L	I	F	Y	W	H	M	C	P
0	0.12168	0.01781	0.02359	0.01832	0.02341	0.04873	0.16913	0.20605	0.07433	0.03049	0.01669	0.05584	0.01364	0.00864	0.00845	0.00228	0.06575	0.00727	0.00528	0.08263
1	0.07235	0.01340	0.01658	0.01402	0.01687	0.05665	0.10837	0.04573	0.14758	0.02276	0.07005	0.05769	0.02406	0.28156	0.01841	0.00410	0.00753	0.00933	0.00530	0.00767
2	0.01770	0.01111	0.01382	0.01106	0.01580	0.00898	0.00862	0.02043	0.01650	0.18565	0.05904	0.17205	0.02345	0.01042	0.00684	0.00182	0.00522	0.00894	0.00614	0.39641
3	0.01507	0.01292	0.01507	0.01077	0.01723	0.00969	0.00861	0.01830	0.01507	0.02369	0.01292	0.01507	0.01077	0.00538	0.00538	0.00108	0.00538	0.00431	0.00431	0.78898
4	0.01539	0.01115	0.01310	0.01029	0.01534	0.00881	0.00824	0.01821	0.01627	0.10761	0.03218	0.03435	0.19250	0.01006	0.00672	0.00171	0.00511	0.04353	0.00566	0.44379
5	0.01139	0.00882	0.01055	0.00987	0.01210	0.00868	0.00747	0.01754	0.13392	0.02808	0.49767	0.05176	0.14520	0.01448	0.00837	0.00234	0.00386	0.01260	0.00773	0.00756
6	0.01522	0.01343	0.01630	0.01219	0.01754	0.01184	0.00986	0.01816	0.01440	0.02263	0.01234	0.01522	0.01056	0.00664	0.00854	0.00144	0.12960	0.00466	0.00411	0.65532

[dist]
# distance from previous block
# <min> <max>
9	33

[block]
# block no. 8 follows, 28 sequences, length 8
# corresponding to MSA columns:
# 703-710
name=unknown_I
#
# <colnr> <probs for GDERKNQSTAVLIFYWHMCP>
#	G	D	E	R	K	N	Q	S	T	A	V	L	I	F	Y	W	H	M	C	P
0	0.14229	0.01628	0.01334	0.01206	0.01508	0.18811	0.00925	0.06587	0.02000	0.02747	0.32736	0.03535	0.07682	0.01147	0.00732	0.00218	0.00656	0.00918	0.00624	0.00777
1	0.53409	0.01563	0.01412	0.01173	0.01666	0.01758	0.00967	0.19818	0.01885	0.08470	0.01343	0.01426	0.00981	0.00744	0.00545	0.00223	0.00630	0.00488	0.00557	0.00940
2	0.01837	0.01818	0.02429	0.02091	0.07290	0.07942	0.17898	0.03081	0.34648	0.02637	0.02148	0.02218	0.01638	0.00804	0.00741	0.00226	0.00822	0.00750	0.00557	0.08425
3	0.01716	0.01642	0.02800	0.17785	0.57246	0.01705	0.02189	0.02158	0.01616	0.02274	0.01353	0.01826	0.01116	0.00663	0.00721	0.00221	0.00884	0.00647	0.00353	0.01084
4	0.08067	0.00842	0.01040	0.01160	0.01310	0.00860	0.00900	0.01496	0.06284	0.02182	0.03607	0.38375	0.04036	0.01944	0.00900	0.00300	0.00536	0.24824	0.00657	0.00677
5	0.01568	0.15962	0.52354	0.02028	0.02989	0.01910	0.08943	0.02283	0.01543	0.02202	0.01270	0.01513	0.00941	0.00671	0.00668	0.00219	0.01038	0.00544	0.00314	0.01040
6	0.46876	0.02391	0.30217	0.01423	0.02134	0.01655	0.01582	0.02206	0.01362	0.02860	0.01135	0.01329	0.00843	0.00681	0.00551	0.00227	0.00777	0.00454	0.00390	0.00907
7	0.00886	0.00633	0.00843	0.01012	0.01054	0.00590	0.00675	0.01012	0.01392	0.01856	0.04006	0.73979	0.04808	0.02277	0.00928	0.00295	0.00422	0.02066	0.00675	0.00590

[dist]
# distance from previous block
# <min> <max>
3	9

[block]
# block no. 9 follows, 28 sequences, length 12
# corresponding to MSA columns:
# 723-734
name=unknown_J
#
# <colnr> <probs for GDERKNQSTAVLIFYWHMCP>
#	G	D	E	R	K	N	Q	S	T	A	V	L	I	F	Y	W	H	M	C	P
0	0.02213	0.06152	0.28909	0.01831	0.02583	0.09857	0.01886	0.31905	0.02444	0.03249	0.01471	0.01588	0.01066	0.00777	0.00693	0.00217	0.00963	0.00576	0.00505	0.01115
1	0.01899	0.68430	0.09884	0.01319	0.01982	0.02768	0.01375	0.02188	0.01482	0.01764	0.01037	0.01200	0.00932	0.00628	0.00487	0.00162	0.00804	0.00402	0.00311	0.00946
2	0.01057	0.00705	0.00793	0.00793	0.00793	0.00705	0.00440	0.01057	0.01057	0.01409	0.02290	0.04757	0.02643	0.74454	0.03700	0.00705	0.00705	0.01057	0.00440	0.00440
3	0.02279	0.43867	0.03049	0.01517	0.02031	0.32699	0.01314	0.02492	0.01730	0.01740	0.01060	0.01229	0.00934	0.00677	0.00549	0.00169	0.01009	0.00423	0.00339	0.00894
4	0.01507	0.01292	0.01507	0.01077	0.01723	0.00969	0.00861	0.01830	0.01507	0.02369	0.01292	0.01507	0.01077	0.00538	0.00538	0.00108	0.00538	0.00431	0.00431	0.78898
5	0.01373	0.01292	0.02180	0.72707	0.05006	0.01615	0.02019	0.01857	0.01453	0.01857	0.01292	0.01938	0.00969	0.00727	0.00727	0.00242	0.00969	0.00646	0.00323	0.00807
6	0.03205	0.01327	0.01743	0.01336	0.01900	0.01202	0.01104	0.10738	0.02231	0.63014	0.02741	0.02392	0.01736	0.00897	0.00731	0.00224	0.00639	0.00722	0.00880	0.01237
7	0.01389	0.16307	0.08958	0.01248	0.01588	0.01490	0.01106	0.01630	0.01273	0.01769	0.01593	0.02584	0.01582	0.21475	0.15332	0.00519	0.09093	0.00692	0.00376	0.09998
8	0.01516	0.12202	0.62750	0.01974	0.02994	0.01829	0.02515	0.02287	0.01528	0.02232	0.01270	0.01491	0.00922	0.00682	0.00664	0.00221	0.01039	0.00520	0.00307	0.01057
9	0.05562	0.02084	0.01718	0.01512	0.01912	0.22569	0.01175	0.14345	0.24229	0.02804	0.02339	0.02347	0.06069	0.01114	0.03574	0.00257	0.00866	0.00707	0.03836	0.00982
10	0.05059	0.15041	0.04663	0.01599	0.02105	0.17899	0.08421	0.06935	0.04188	0.12419	0.04538	0.05044	0.01598	0.00840	0.00667	0.00203	0.00864	0.00672	0.03505	0.03738
11	0.02127	0.12063	0.04352	0.01460	0.01921	0.01816	0.01252	0.15686	0.14134	0.13618	0.02058	0.02430	0.01645	0.03770	0.00996	0.00245	0.08844	0.04644	0.00603	0.06336

[dist]
# distance from previous block
# <min> <max>
7	81

[block]
# block no. 10 follows, 28 sequences, length 20
# corresponding to MSA columns:
# 822-841
name=unknown_K
#
# <colnr> <probs for GDERKNQSTAVLIFYWHMCP>
#	G	D	E	R	K	N	Q	S	T	A	V	L	I	F	Y	W	H	M	C	P
0	0.24216	0.01958	0.08079	0.01692	0.08677	0.12019	0.01311	0.08077	0.06827	0.12709	0.06335	0.01941	0.01573	0.00814	0.00644	0.00220	0.00766	0.00611	0.00551	0.00982
1	0.05754	0.01416	0.01430	0.01256	0.01586	0.07398	0.00957	0.07730	0.17324	0.02634	0.13304	0.09457	0.02776	0.08176	0.01072	0.00266	0.03437	0.00908	0.00604	0.12515
2	0.02150	0.04027	0.01666	0.01349	0.01772	0.09041	0.01062	0.10250	0.20113	0.16843	0.02663	0.02900	0.06208	0.08297	0.01015	0.00268	0.00696	0.02595	0.00660	0.06426
3	0.03849	0.01620	0.01893	0.01519	0.01936	0.05315	0.07456	0.28808	0.03934	0.03154	0.08024	0.05249	0.08278	0.08367	0.01113	0.00274	0.03562	0.00877	0.00610	0.04162
4	0.02070	0.01558	0.01846	0.01677	0.08694	0.01561	0.01211	0.15699	0.22018	0.10553	0.02062	0.02051	0.01537	0.00789	0.00675	0.00195	0.00643	0.00647	0.00627	0.23888
5	0.01777	0.01398	0.01914	0.01627	0.08723	0.01169	0.06646	0.02212	0.04774	0.10487	0.01581	0.01746	0.01226	0.00620	0.00616	0.00151	0.00640	0.00543	0.00489	0.51662
6	0.01580	0.01309	0.01531	0.01153	0.01746	0.01064	0.00936	0.07345	0.01685	0.02536	0.01585	0.02195	0.01400	0.00713	0.00601	0.00140	0.00573	0.06892	0.00480	0.64536
7	0.00933	0.00668	0.00870	0.00996	0.01064	0.00627	0.00686	0.01087	0.01459	0.01950	0.10513	0.54238	0.07244	0.08260	0.01158	0.00324	0.00453	0.06211	0.00667	0.00594
8	0.00907	0.00660	0.00861	0.01013	0.01085	0.00613	0.00705	0.01057	0.01441	0.01893	0.04320	0.61909	0.11058	0.02212	0.00928	0.00294	0.00437	0.07333	0.00674	0.00599
