[name]
unknown

[dist]
# distance from previous block
# <min> <max>
0	153

[block]
# block no. 0 follows, 35 sequences, length 9
# corresponding to MSA columns:
# 422-430
name=unknown_A
#
# <colnr> <probs for GDERKNQSTAVLIFYWHMCP>
#	G	D	E	R	K	N	Q	S	T	A	V	L	I	F	Y	W	H	M	C	P
0	0.01346	0.03699	0.16754	0.09828	0.06490	0.01236	0.05263	0.06020	0.07380	0.04088	0.04337	0.04732	0.11083	0.00849	0.00637	0.00192	0.00659	0.02868	0.00434	0.12104
1	0.01100	0.00949	0.03304	0.06615	0.05768	0.03112	0.00838	0.01346	0.01451	0.04440	0.20968	0.16081	0.13206	0.06342	0.00860	0.00224	0.00480	0.01029	0.00525	0.11361
2	0.01267	0.01305	0.09383	0.07053	0.04994	0.04686	0.01061	0.09751	0.01561	0.02111	0.11310	0.15699	0.06391	0.06453	0.03414	0.00256	0.00632	0.02869	0.00478	0.09322
3	0.01033	0.01330	0.16401	0.03450	0.01684	0.00929	0.07070	0.01377	0.01381	0.01911	0.12912	0.20142	0.11567	0.01394	0.04192	0.00255	0.02682	0.04440	0.00474	0.05378
4	0.03318	0.03968	0.06301	0.01064	0.01322	0.00967	0.02800	0.01531	0.07647	0.05567	0.12287	0.11631	0.16580	0.05071	0.06599	0.00302	0.04824	0.07027	0.00524	0.00671
5	0.01659	0.71500	0.09584	0.01149	0.01727	0.02419	0.01196	0.01909	0.01293	0.01538	0.00905	0.01046	0.00813	0.00548	0.00424	0.00141	0.00701	0.00351	0.00271	0.00825
6	0.01260	0.01069	0.01256	0.00934	0.01444	0.00812	0.00735	0.01525	0.01305	0.02022	0.01369	0.09061	0.01272	0.00625	0.00504	0.00111	0.00459	0.00521	0.00398	0.73319
7	0.01183	0.00591	0.00591	0.00591	0.00739	0.00591	0.00443	0.01478	0.01330	0.02365	0.02069	0.02365	0.01626	0.00739	0.00443	0.00148	0.00296	0.00591	0.81227	0.00591
8	0.01561	0.01325	0.10985	0.01552	0.09146	0.01068	0.05051	0.05408	0.06269	0.16716	0.02464	0.16003	0.03984	0.03915	0.00803	0.00239	0.00623	0.11524	0.00542	0.00822

[dist]
# distance from previous block
# <min> <max>
0	1

[block]
# block no. 1 follows, 35 sequences, length 12
# corresponding to MSA columns:
# 432-443
name=unknown_B
#
# <colnr> <probs for GDERKNQSTAVLIFYWHMCP>
#	G	D	E	R	K	N	Q	S	T	A	V	L	I	F	Y	W	H	M	C	P
0	0.12485	0.01074	0.01537	0.06998	0.27029	0.01097	0.01201	0.01562	0.01454	0.02179	0.16465	0.03342	0.11327	0.00985	0.00663	0.00208	0.00559	0.08617	0.00465	0.00752
1	0.01386	0.01320	0.01940	0.13641	0.12105	0.01698	0.01462	0.04665	0.01184	0.01728	0.01090	0.04103	0.01019	0.01141	0.04898	0.00284	0.44674	0.00607	0.00313	0.00744
2	0.01183	0.00591	0.00591	0.00591	0.00739	0.00591	0.00443	0.01478	0.01330	0.02365	0.02069	0.02365	0.01626	0.00739	0.00443	0.00148	0.00296	0.00591	0.81227	0.00591
3	0.48601	0.01361	0.01488	0.11612	0.01981	0.01543	0.06687	0.15609	0.01515	0.02837	0.01076	0.01275	0.00809	0.00625	0.00503	0.00199	0.00628	0.00452	0.00419	0.00780
4	0.02786	0.01177	0.01532	0.01175	0.01668	0.01077	0.00971	0.12648	0.01978	0.64401	0.02366	0.02071	0.01502	0.00782	0.00637	0.00195	0.00562	0.00629	0.00764	0.01080
5	0.82186	0.01227	0.00932	0.00834	0.01227	0.01423	0.00687	0.01865	0.01080	0.02846	0.00883	0.01031	0.00687	0.00589	0.00393	0.00196	0.00491	0.00344	0.00393	0.00687
6	0.01278	0.01534	0.12301	0.50368	0.10074	0.01451	0.10512	0.01755	0.01322	0.01766	0.01154	0.01634	0.00868	0.00611	0.00644	0.00208	0.00878	0.00574	0.00288	0.00782
7	0.00886	0.00694	0.00807	0.00771	0.00960	0.00640	0.00580	0.01232	0.06427	0.02227	0.42498	0.05112	0.32061	0.01388	0.00742	0.00206	0.00322	0.01193	0.00652	0.00601
8	0.01183	0.00591	0.00591	0.00591	0.00739	0.00591	0.00443	0.01478	0.01330	0.02365	0.02069	0.02365	0.01626	0.00739	0.00443	0.00148	0.00296	0.00591	0.81227	0.00591
9	0.01468	0.06978	0.15678	0.02398	0.15578	0.01529	0.31842	0.01942	0.01450	0.04231	0.04378	0.01879	0.04097	0.00652	0.00714	0.00202	0.03095	0.00669	0.00346	0.00873
10	0.01189	0.00818	0.00977	0.00922	0.01118	0.00795	0.00681	0.06501	0.07298	0.07414	0.16605	0.21554	0.11125	0.12019	0.01077	0.00273	0.00446	0.04170	0.00594	0.04425
11	0.01710	0.17436	0.07391	0.01711	0.11793	0.18145	0.01292	0.05376	0.12521	0.01974	0.04478	0.03814	0.03184	0.00770	0.00680	0.00186	0.05720	0.00579	0.00399	0.00841

[dist]
# distance from previous block
# <min> <max>
1	9

[block]
# block no. 2 follows, 35 sequences, length 51
# corresponding to MSA columns:
# 453-503
name=unknown_C
#
# <colnr> <probs for GDERKNQSTAVLIFYWHMCP>
#	G	D	E	R	K	N	Q	S	T	A	V	L	I	F	Y	W	H	M	C	P
0	0.46539	0.09738	0.06185	0.02950	0.01550	0.07322	0.00970	0.01967	0.05580	0.02400	0.02886	0.01443	0.01023	0.00685	0.00553	0.00196	0.04483	0.02408	0.00386	0.00736
1	0.03828	0.18065	0.30047	0.01617	0.08837	0.01597	0.01565	0.02077	0.12376	0.02076	0.08523	0.01904	0.03451	0.00721	0.00583	0.00188	0.00706	0.00575	0.00386	0.00877
2	0.02358	0.01115	0.01436	0.01080	0.01594	0.00936	0.00884	0.04642	0.01695	0.49739	0.02047	0.01879	0.01360	0.00687	0.00586	0.00164	0.00523	0.00555	0.00654	0.26067
3	0.01321	0.03820	0.25425	0.02116	0.18087	0.01290	0.11097	0.01791	0.01423	0.03943	0.07211	0.04874	0.04326	0.01018	0.04483	0.00249	0.00821	0.05482	0.00381	0.00844
4	0.01183	0.00591	0.00591	0.00591	0.00739	0.00591	0.00443	0.01478	0.01330	0.02365	0.02069	0.02365	0.01626	0.00739	0.00443	0.00148	0.00296	0.00591	0.81227	0.00591
5	0.01091	0.04034	0.01094	0.01025	0.04789	0.08663	0.00730	0.01347	0.01686	0.02202	0.45347	0.04325	0.18830	0.01224	0.00710	0.00196	0.00432	0.01046	0.00600	0.00630
6	0.01183	0.00591	0.00591	0.00591	0.00739	0.00591	0.00443	0.01478	0.01330	0.02365	0.02069	0.02365	0.01626	0.00739	0.00443	0.00148	0.00296	0.00591	0.81227	0.00591
7	0.00774	0.00644	0.00676	0.00668	0.00872	0.00546	0.00501	0.00957	0.01503	0.01849	0.17352	0.05882	0.62480	0.01556	0.00750	0.00212	0.00318	0.01308	0.00607	0.00546
8	0.01340	0.03798	0.20899	0.01498	0.09534	0.01148	0.01316	0.01807	0.03982	0.02071	0.03136	0.01472	0.01080	0.00554	0.00534	0.00141	0.00626	0.00453	0.00356	0.44254
9	0.01551	0.15495	0.28495	0.01504	0.02114	0.03825	0.04968	0.11850	0.11729	0.02277	0.04819	0.03943	0.01376	0.00821	0.02350	0.00210	0.00780	0.00585	0.00409	0.00898
10	0.01183	0.00591	0.00591	0.00591	0.00739	0.00591	0.00443	0.01478	0.01330	0.02365	0.02069	0.02365	0.01626	0.00739	0.00443	0.00148	0.00296	0.00591	0.81227	0.00591
11	0.01429	0.13018	0.04171	0.01030	0.01590	0.05158	0.00883	0.01708	0.01338	0.01950	0.01083	0.01262	0.00909	0.00495	0.00470	0.00108	0.00554	0.00375	0.00354	0.62113
12	0.01243	0.05872	0.38307	0.01683	0.07198	0.01331	0.05475	0.01842	0.05870	0.01948	0.05434	0.02106	0.04889	0.05084	0.08712	0.00308	0.00892	0.00625	0.00350	0.00831
13	0.01272	0.03281	0.74418	0.01808	0.02746	0.01473	0.02344	0.02009	0.01339	0.02009	0.01138	0.01339	0.00804	0.00603	0.00603	0.00201	0.00938	0.00469	0.00268	0.00938
14	0.01414	0.01194	0.04977	0.01127	0.01466	0.01156	0.00929	0.08836	0.26473	0.06061	0.17342	0.05556	0.07228	0.01217	0.04593	0.00246	0.00550	0.02888	0.00602	0.06144
15	0.01580	0.57587	0.22807	0.01284	0.01934	0.02226	0.01430	0.01930	0.01303	0.01634	0.00952	0.01106	0.00811	0.00559	0.00461	0.00154	0.00749	0.00375	0.00270	0.00848
16	0.01676	0.01295	0.03833	0.01096	0.01607	0.01114	0.00912	0.16867	0.04058	0.10221	0.03767	0.03937	0.03745	0.00690	0.00561	0.00145	0.00530	0.00556	0.00503	0.42886
17	0.01198	0.01128	0.01903	0.76180	0.04369	0.01409	0.01762	0.01621	0.01268	0.01621	0.01128	0.01691	0.00846	0.00634	0.00634	0.00211	0.00846	0.00564	0.00282	0.00705
18	0.01198	0.01128	0.01903	0.76180	0.04369	0.01409	0.01762	0.01621	0.01268	0.01621	0.01128	0.01691	0.00846	0.00634	0.00634	0.00211	0.00846	0.00564	0.00282	0.00705
19	0.01450	0.01378	0.02309	0.16381	0.52252	0.01463	0.01806	0.01808	0.01376	0.01937	0.01298	0.04204	0.01148	0.00694	0.00737	0.00204	0.05667	0.02662	0.00323	0.00903
20	0.00898	0.00648	0.00848	0.00798	0.00948	0.00599	0.00599	0.01197	0.01796	0.02544	0.73413	0.04739	0.05986	0.01297	0.00748	0.00200	0.00299	0.01147	0.00698	0.00599
21	0.01183	0.00591	0.00591	0.00591	0.00739	0.00591	0.00443	0.01478	0.01330	0.02365	0.02069	0.02365	0.01626	0.00739	0.00443	0.00148	0.00296	0.00591	0.81227	0.00591
22	0.01853	0.01489	0.01578	0.01330	0.01738	0.01684	0.01059	0.28119	0.44818	0.03110	0.02330	0.02189	0.04095	0.00850	0.00645	0.00206	0.00567	0.00686	0.00640	0.01015
23	0.02316	0.02934	0.01806	0.01636	0.01945	0.71172	0.01235	0.02478	0.01753	0.01551	0.00973	0.01157	0.00818	0.00679	0.00654	0.00170	0.05249	0.00417	0.00324	0.00733
24	0.01143	0.01013	0.01464	0.05736	0.07788	0.01246	0.01098	0.01383	0.03405	0.01601	0.01677	0.14580	0.01728	0.06488	0.20926	0.00475	0.26407	0.00824	0.00367	0.00651
25	0.02370	0.03023	0.01798	0.01634	0.01961	0.75158	0.01226	0.02533	0.01798	0.01553	0.00981	0.01144	0.00817	0.00654	0.00572	0.00163	0.01144	0.00409	0.00327	0.00735
26	0.01265	0.03070	0.67743	0.01736	0.02610	0.01433	0.02201	0.02022	0.04206	0.02062	0.04894	0.01554	0.01114	0.00649	0.00612	0.00201	0.00888	0.00513	0.00305	0.00923
27	0.01578	0.01363	0.01434	0.01291	0.01650	0.01578	0.01004	0.03371	0.72602	0.02654	0.02582	0.02367	0.01937	0.00861	0.00646	0.00215	0.00502	0.00717	0.00646	0.01004
28	0.01058	0.00567	0.00793	0.00793	0.00793	0.00567	0.00510	0.00850	0.00850	0.01134	0.01323	0.02476	0.01399	0.20809	0.02664	0.61600	0.00567	0.00643	0.00302	0.00302
29	0.22216	0.10827	0.01661	0.01142	0.01603	0.06547	0.03012	0.11824	0.04906	0.11613	0.01402	0.03765	0.01100	0.00670	0.00521	0.00171	0.00604	0.00498	0.00470	0.15447
30	0.02412	0.01777	0.01904	0.01460	0.01967	0.01967	0.01206	0.71633	0.02983	0.03998	0.01523	0.01523	0.01079	0.00762	0.00635	0.00190	0.00698	0.00571	0.00635	0.01079
31	0.01760	0.73799	0.03221	0.01088	0.01628	0.02422	0.01077	0.01966	0.01318	0.05540	0.00972	0.01081	0.00856	0.00556	0.00420	0.00139	0.00671	0.00356	0.00300	0.00829
32	0.01183	0.00591	0.00591	0.00591	0.00739	0.00591	0.00443	0.01478	0.01330	0.02365	0.02069	0.02365	0.01626	0.00739	0.00443	0.00148	0.00296	0.00591	0.81227	0.00591
33	0.01686	0.02646	0.49851	0.01730	0.04388	0.01446	0.03669	0.10491	0.01622	0.14362	0.01418	0.01514	0.00974	0.00650	0.00617	0.00199	0.00841	0.00519	0.00401	0.00978
34	0.00928	0.00649	0.00835	0.00806	0.00957	0.00593	0.00598	0.01190	0.01693	0.04516	0.56767	0.14061	0.11225	0.01396	0.00753	0.00208	0.00317	0.01232	0.00678	0.00597
35	0.01035	0.00877	0.01192	0.01143	0.01246	0.03720	0.00902	0.01246	0.01041	0.01484	0.01538	0.02270	0.01440	0.04038	0.61042	0.00872	0.13341	0.00650	0.00330	0.00593
36	0.01424	0.01568	0.03293	0.20665	0.03573	0.01557	0.54389	0.01931	0.01441	0.01931	0.01245	0.01706	0.00934	0.00559	0.00721	0.00213	0.01015	0.00703	0.00311	0.00819
37	0.01662	0.01315	0.02496	0.01919	0.02393	0.01237	0.36357	0.02112	0.03701	0.17232	0.02113	0.03224	0.01811	0.00910	0.00755	0.00230	0.00816	0.18381	0.00496	0.00838
38	0.01198	0.01128	0.01903	0.76180	0.04369	0.01409	0.01762	0.01621	0.01268	0.01621	0.01128	0.01691	0.00846	0.00634	0.00634	0.00211	0.00846	0.00564	0.00282	0.00705
39	0.01183	0.00591	0.00591	0.00591	0.00739	0.00591	0.00443	0.01478	0.01330	0.02365	0.02069	0.02365	0.01626	0.00739	0.00443	0.00148	0.00296	0.00591	0.81227	0.00591
40	0.00942	0.00585	0.00763	0.00810	0.00828	0.00576	0.00525	0.00905	0.01002	0.01333	0.02206	0.23218	0.02525	0.30480	0.02224	0.24846	0.00528	0.04887	0.00418	0.00398
41	0.01183	0.00591	0.00591	0.00591	0.00739	0.00591	0.00443	0.01478	0.01330	0.02365	0.02069	0.02365	0.01626	0.00739	0.00443	0.00148	0.00296	0.00591	0.81227	0.00591
42	0.01697	0.42450	0.07413	0.04337	0.05484	0.10311	0.01206	0.05934	0.01464	0.03998	0.01303	0.09311	0.01224	0.00739	0.00523	0.00167	0.00723	0.00555	0.00351	0.00811
43	0.01631	0.09660	0.04646	0.05353	0.12858	0.01674	0.03079	0.13471	0.26846	0.02444	0.01920	0.03973	0.03824	0.00806	0.00704	0.00202	0.04833	0.00656	0.00490	0.00929
44	0.33308	0.05714	0.09398	0.01630	0.11783	0.24700	0.01229	0.02104	0.01394	0.02177	0.00984	0.01174	0.00791	0.00605	0.00505	0.00182	0.00790	0.00408	0.00342	0.00780
45	0.01834	0.48053	0.08748	0.01226	0.01764	0.04266	0.01192	0.13998	0.01634	0.06349	0.01239	0.03291	0.01057	0.00668	0.00503	0.00162	0.00699	0.02066	0.00382	0.00871
46	0.01705	0.09895	0.14532	0.01484	0.07938	0.01348	0.03009	0.09935	0.01589	0.11854	0.01341	0.01455	0.01009	0.00586	0.00548	0.00153	0.00648	0.00471	0.00423	0.30077
47	0.15598	0.01365	0.05647	0.34278	0.05374	0.04285	0.10386	0.01762	0.01312	0.04050	0.01382	0.07498	0.01186	0.00748	0.00622	0.00211	0.00773	0.02431	0.00355	0.00738
48	0.01183	0.00591	0.00591	0.00591	0.00739	0.00591	0.00443	0.01478	0.01330	0.02365	0.02069	0.02365	0.01626	0.00739	0.00443	0.00148	0.00296	0.00591	0.81227	0.00591
49	0.01289	0.01220	0.01810	0.35664	0.20481	0.05043	0.01509	0.01707	0.05478	0.01788	0.01679	0.16302	0.01595	0.00893	0.00664	0.00212	0.00726	0.00805	0.00373	0.00761
50	0.54348	0.05544	0.03704	0.01067	0.01463	0.14298	0.00895	0.02052	0.03165	0.04531	0.00999	0.01140	0.00784	0.00629	0.00502	0.00191	0.03187	0.00384	0.00385	0.00730

[dist]
# distance from previous block
# <min> <max>
0	6

[block]
# block no. 3 follows, 35 sequences, length 18
# corresponding to MSA columns:
# 510-522,540-544
name=unknown_D
#
# <colnr> <probs for GDERKNQSTAVLIFYWHMCP>
#	G	D	E	R	K	N	Q	S	T	A	V	L	I	F	Y	W	H	M	C	P
0	0.01398	0.02109	0.34629	0.01359	0.02066	0.01167	0.01495	0.04460	0.01393	0.05322	0.01208	0.01395	0.00917	0.00621	0.00620	0.03226	0.00698	0.00444	0.00351	0.35121
1	0.01605	0.14187	0.13457	0.02486	0.26349	0.06180	0.14815	0.06538	0.01527	0.02039	0.01251	0.04409	0.01055	0.00635	0.00616	0.00188	0.00834	0.00588	0.00334	0.00905
2	0.01234	0.01207	0.01146	0.01121	0.01272	0.18062	0.00842	0.01426	0.01255	0.01548	0.05310	0.10112	0.01933	0.07041	0.42759	0.00680	0.01307	0.00768	0.00383	0.00593
3	0.01758	0.01450	0.02294	0.05850	0.25101	0.01536	0.12484	0.11653	0.04141	0.11182	0.01616	0.01845	0.03918	0.00746	0.00858	0.00209	0.11364	0.00638	0.00434	0.00925
4	0.01388	0.01388	0.01943	0.01666	0.01666	0.01943	0.01388	0.01527	0.00972	0.01527	0.00833	0.01388	0.00833	0.01110	0.02082	0.00278	0.76544	0.00555	0.00278	0.00694
5	0.00935	0.00720	0.00919	0.00898	0.01042	0.00718	0.00690	0.01244	0.04323	0.02218	0.43375	0.12437	0.13648	0.01425	0.00848	0.00222	0.05182	0.07920	0.00633	0.00602
6	0.01399	0.01421	0.02127	0.01769	0.01835	0.01908	0.08563	0.01578	0.01025	0.01578	0.00879	0.01421	0.00846	0.01051	0.01945	0.00271	0.68814	0.00575	0.00282	0.00711
7	0.00764	0.00643	0.00663	0.00658	0.00866	0.00542	0.00493	0.00939	0.01480	0.01795	0.13022	0.05971	0.66844	0.01576	0.00750	0.00213	0.00319	0.01320	0.00600	0.00542
8	0.01507	0.35777	0.29562	0.01471	0.04723	0.06528	0.01555	0.01922	0.01390	0.01802	0.07272	0.01489	0.01265	0.00638	0.00529	0.00169	0.00775	0.00470	0.00312	0.00844
9	0.00906	0.00680	0.01020	0.01020	0.01133	0.00793	0.00793	0.01133	0.01020	0.01473	0.01699	0.02492	0.01586	0.04758	0.75191	0.01020	0.01699	0.00680	0.00340	0.00566
10	0.00909	0.00669	0.00967	0.00967	0.01062	0.00764	0.00727	0.01099	0.01004	0.01434	0.01747	0.02759	0.01702	0.16477	0.63630	0.00955	0.01525	0.00719	0.00347	0.00537
11	0.82186	0.01227	0.00932	0.00834	0.01227	0.01423	0.00687	0.01865	0.01080	0.02846	0.00883	0.01031	0.00687	0.00589	0.00393	0.00196	0.00491	0.00344	0.00393	0.00687
12	0.05576	0.02172	0.34596	0.01513	0.02190	0.01332	0.06120	0.06442	0.07403	0.10020	0.05770	0.01734	0.01329	0.00674	0.00604	0.00189	0.00736	0.00555	0.00426	0.10620
13	0.01183	0.00591	0.00591	0.00591	0.00739	0.00591	0.00443	0.01478	0.01330	0.02365	0.02069	0.02365	0.01626	0.00739	0.00443	0.00148	0.00296	0.00591	0.81227	0.00591
14	0.01347	0.01292	0.02078	0.39077	0.18097	0.01554	0.03818	0.01794	0.05778	0.01774	0.01179	0.01648	0.00949	0.00727	0.00929	0.00220	0.16059	0.00578	0.00312	0.00789
15	0.01400	0.13548	0.47437	0.03922	0.02717	0.03535	0.14842	0.02000	0.01371	0.01917	0.01124	0.01367	0.00836	0.00584	0.00602	0.00193	0.00928	0.00503	0.00280	0.00893
16	0.01014	0.00791	0.01136	0.01145	0.01345	0.00750	0.05505	0.01280	0.01415	0.01848	0.03456	0.10768	0.12712	0.04629	0.00916	0.00275	0.00561	0.44422	0.00547	0.05487
17	0.01433	0.01409	0.06941	0.07670	0.15017	0.01146	0.06229	0.03972	0.01414	0.03817	0.01197	0.01448	0.00956	0.00531	0.00550	0.00142	0.00636	0.00471	0.00364	0.44656

[dist]
# distance from previous block
# <min> <max>
0	7

[block]
# block no. 4 follows, 35 sequences, length 58
# corresponding to MSA columns:
# 552-609
name=unknown_E
#
# <colnr> <probs for GDERKNQSTAVLIFYWHMCP>
#	G	D	E	R	K	N	Q	S	T	A	V	L	I	F	Y	W	H	M	C	P
0	0.01629	0.11088	0.29370	0.01780	0.08257	0.01514	0.08070	0.05900	0.06237	0.11036	0.01553	0.01905	0.01206	0.00705	0.00619	0.00197	0.00779	0.04933	0.00409	0.02814
1	0.01183	0.00591	0.00591	0.00591	0.00739	0.00591	0.00443	0.01478	0.01330	0.02365	0.02069	0.02365	0.01626	0.00739	0.00443	0.00148	0.00296	0.00591	0.81227	0.00591
2	0.05881	0.03534	0.03996	0.01877	0.17475	0.01635	0.01278	0.22790	0.24741	0.04549	0.01828	0.04590	0.01431	0.00777	0.00624	0.00200	0.00627	0.00644	0.00537	0.00987
3	0.05959	0.07167	0.44373	0.02035	0.15951	0.01509	0.01944	0.02078	0.04605	0.04970	0.01239	0.01425	0.00922	0.00607	0.00584	0.00192	0.00815	0.00488	0.00324	0.02812
4	0.12921	0.11887	0.44235	0.01545	0.02275	0.08243	0.01784	0.06549	0.01445	0.02153	0.01082	0.01251	0.00808	0.00608	0.00549	0.00188	0.00846	0.00437	0.00315	0.00878
5	0.01440	0.30244	0.44292	0.01601	0.02377	0.01857	0.06199	0.01971	0.01331	0.01824	0.01055	0.01246	0.00817	0.00577	0.00541	0.00178	0.00852	0.00439	0.00272	0.00888
6	0.01006	0.00731	0.01035	0.04637	0.01418	0.00741	0.01014	0.01286	0.01427	0.01858	0.03268	0.13811	0.03574	0.01723	0.00858	0.00285	0.00575	0.59598	0.00571	0.00583
7	0.01955	0.03267	0.03349	0.01562	0.10913	0.01136	0.04617	0.11569	0.01743	0.29203	0.02400	0.16993	0.03965	0.01024	0.00680	0.00210	0.00590	0.03314	0.00603	0.00904
8	0.01696	0.78087	0.03324	0.01085	0.01628	0.02510	0.01085	0.01900	0.01289	0.01493	0.00882	0.01018	0.00814	0.00543	0.00407	0.00136	0.00678	0.00339	0.00271	0.00814
9	0.00923	0.00615	0.00692	0.00692	0.00692	0.00615	0.00384	0.00923	0.00923	0.01230	0.01999	0.04151	0.02306	0.77705	0.03229	0.00615	0.00615	0.00923	0.00384	0.00384
10	0.01315	0.01128	0.01315	0.00940	0.01503	0.00846	0.00752	0.01597	0.01315	0.02067	0.01128	0.01315	0.00940	0.00470	0.00470	0.00094	0.00470	0.00376	0.00376	0.81583
11	0.01198	0.01128	0.01903	0.76180	0.04369	0.01409	0.01762	0.01621	0.01268	0.01621	0.01128	0.01691	0.00846	0.00634	0.00634	0.00211	0.00846	0.00564	0.00282	0.00705
12	0.01198	0.01128	0.01903	0.76180	0.04369	0.01409	0.01762	0.01621	0.01268	0.01621	0.01128	0.01691	0.00846	0.00634	0.00634	0.00211	0.00846	0.00564	0.00282	0.00705
13	0.01019	0.00728	0.01017	0.01158	0.01304	0.00726	0.01010	0.01311	0.01470	0.01917	0.05339	0.07088	0.03717	0.01740	0.00873	0.00289	0.00576	0.67546	0.00587	0.00585
14	0.01224	0.01154	0.01950	0.71089	0.09256	0.01416	0.01775	0.01644	0.01281	0.01653	0.01132	0.01683	0.00857	0.00629	0.00634	0.00210	0.00839	0.00564	0.00284	0.00726
15	0.01624	0.65321	0.15457	0.01209	0.01819	0.02333	0.01300	0.01918	0.01298	0.01581	0.00926	0.01073	0.00812	0.00553	0.00440	0.00147	0.00723	0.00361	0.00271	0.00835
16	0.01102	0.00551	0.00826	0.00826	0.00826	0.00551	0.00551	0.00826	0.00826	0.01102	0.01102	0.01928	0.01102	0.02204	0.02479	0.81543	0.00551	0.00551	0.00275	0.00275
17	0.00773	0.00552	0.00736	0.00883	0.00920	0.00515	0.00589	0.00883	0.01215	0.01619	0.03497	0.77291	0.04196	0.01987	0.00810	0.00258	0.00368	0.01803	0.00589	0.00515
18	0.00923	0.00615	0.00692	0.00692	0.00692	0.00615	0.00384	0.00923	0.00923	0.01230	0.01999	0.04151	0.02306	0.77705	0.03229	0.00615	0.00615	0.00923	0.00384	0.00384
19	0.02189	0.02723	0.01824	0.01640	0.01907	0.61690	0.01256	0.02348	0.01646	0.01548	0.00953	0.01189	0.00820	0.00738	0.00850	0.00184	0.15014	0.00436	0.00318	0.00728
20	0.00828	0.00646	0.00752	0.00725	0.00905	0.00569	0.00544	0.01063	0.01632	0.02155	0.41995	0.05380	0.37647	0.01442	0.00749	0.00206	0.00310	0.01237	0.00647	0.00569
21	0.01022	0.00730	0.01022	0.01168	0.01314	0.00730	0.01022	0.01314	0.01460	0.01899	0.03359	0.07156	0.03651	0.01752	0.00876	0.00292	0.00584	0.69478	0.00584	0.00584
22	0.01213	0.01157	0.01996	0.72473	0.04316	0.01419	0.05277	0.01642	0.01280	0.01642	0.01135	0.01692	0.00852	0.00629	0.00640	0.00212	0.00857	0.00573	0.00284	0.00712
23	0.01639	0.68099	0.12816	0.01182	0.01777	0.02372	0.01253	0.01914	0.01296	0.01561	0.00916	0.01061	0.00813	0.00551	0.00433	0.00144	0.00713	0.00357	0.00271	0.00831
24	0.00857	0.00624	0.00821	0.00953	0.01025	0.00606	0.00685	0.01084	0.04865	0.01720	0.03426	0.61321	0.03987	0.01890	0.00813	0.00261	0.00412	0.13505	0.00591	0.00552
25	0.02846	0.01080	0.01472	0.01129	0.01619	0.00932	0.00932	0.03092	0.01816	0.74187	0.02503	0.02159	0.01570	0.00785	0.00638	0.00196	0.00540	0.00638	0.00785	0.01080
26	0.01546	0.43693	0.30822	0.01359	0.02040	0.01988	0.01553	0.01961	0.01344	0.04318	0.03439	0.01307	0.01008	0.00600	0.00503	0.00165	0.00762	0.00427	0.00302	0.00864
27	0.01198	0.01128	0.01903	0.76180	0.04369	0.01409	0.01762	0.01621	0.01268	0.01621	0.01128	0.01691	0.00846	0.00634	0.00634	0.00211	0.00846	0.00564	0.00282	0.00705
28	0.01656	0.19011	0.03110	0.06957	0.06457	0.09831	0.34140	0.04974	0.01509	0.01899	0.01139	0.01464	0.00908	0.00589	0.00683	0.00191	0.03746	0.00583	0.00319	0.00835
29	0.01272	0.03281	0.74418	0.01808	0.02746	0.01473	0.02344	0.02009	0.01339	0.02009	0.01138	0.01339	0.00804	0.00603	0.00603	0.00201	0.00938	0.00469	0.00268	0.00938
30	0.00773	0.00552	0.00736	0.00883	0.00920	0.00515	0.00589	0.00883	0.01215	0.01619	0.03497	0.77291	0.04196	0.01987	0.00810	0.00258	0.00368	0.01803	0.00589	0.00515
31	0.01713	0.11637	0.01762	0.01207	0.01680	0.01594	0.00993	0.18239	0.28042	0.02647	0.01722	0.01712	0.01323	0.00690	0.00564	0.00166	0.00562	0.00542	0.00520	0.22684
32	0.01544	0.04614	0.16101	0.11418	0.05132	0.05130	0.01375	0.10291	0.01542	0.03948	0.01184	0.01410	0.00919	0.00607	0.00627	0.00162	0.04242	0.00466	0.00370	0.28917
33	0.01371	0.01175	0.01724	0.01737	0.11130	0.01478	0.01257	0.01575	0.01107	0.06576	0.01250	0.01789	0.01127	0.02084	0.23218	0.00478	0.39265	0.00599	0.00336	0.00725
34	0.00889	0.00659	0.00965	0.00985	0.01082	0.00747	0.00745	0.01089	0.01041	0.01480	0.01954	0.12563	0.01971	0.08080	0.61618	0.00897	0.01467	0.00842	0.00375	0.00550
35	0.00860	0.00624	0.00825	0.00927	0.01022	0.00594	0.00696	0.01048	0.01363	0.01810	0.12941	0.39940	0.09612	0.03649	0.02883	0.00284	0.00454	0.19332	0.00591	0.00544
36	0.01524	0.02004	0.20110	0.03043	0.41176	0.03129	0.12402	0.03644	0.03019	0.02097	0.01227	0.01542	0.00968	0.00583	0.00639	0.00195	0.00847	0.00569	0.00319	0.00962
37	0.01063	0.00811	0.01192	0.01495	0.10933	0.00806	0.01089	0.01342	0.01426	0.01885	0.03088	0.15637	0.03369	0.01625	0.00834	0.00274	0.00578	0.51374	0.00549	0.00631
38	0.01282	0.02638	0.50990	0.01890	0.02664	0.01399	0.15492	0.01921	0.01386	0.01999	0.01463	0.02188	0.01214	0.00743	0.00667	0.00216	0.00916	0.09736	0.00320	0.00875
39	0.01224	0.01123	0.01765	0.44412	0.08001	0.01324	0.03781	0.01771	0.10793	0.01799	0.01693	0.13631	0.01531	0.00886	0.00718	0.00220	0.03422	0.00785	0.00382	0.00740
40	0.01353	0.02805	0.55735	0.01921	0.06184	0.01531	0.05653	0.01970	0.01315	0.03741	0.01142	0.01397	0.00845	0.00670	0.00810	0.00211	0.11019	0.00504	0.00287	0.00908
41	0.02577	0.01022	0.01376	0.01075	0.01524	0.00884	0.00880	0.02821	0.01791	0.64570	0.07745	0.02590	0.06418	0.00873	0.00653	0.00198	0.00509	0.00718	0.00767	0.01011
42	0.01272	0.03281	0.74418	0.01808	0.02746	0.01473	0.02344	0.02009	0.01339	0.02009	0.01138	0.01339	0.00804	0.00603	0.00603	0.00201	0.00938	0.00469	0.00268	0.00938
43	0.02056	0.01712	0.01656	0.01390	0.01804	0.11307	0.01108	0.29660	0.31131	0.06622	0.01976	0.01980	0.01479	0.00812	0.00637	0.00200	0.00666	0.02208	0.00605	0.00992
44	0.02189	0.06851	0.11571	0.01630	0.02049	0.61649	0.01368	0.02431	0.01711	0.01611	0.00997	0.01164	0.00815	0.00641	0.00568	0.00167	0.01093	0.00413	0.00316	0.00766
45	0.00972	0.00810	0.01103	0.01120	0.01230	0.02994	0.04207	0.01158	0.01261	0.01671	0.02994	0.38975	0.06739	0.02050	0.09381	0.00346	0.07398	0.14505	0.00511	0.00574
46	0.01826	0.01660	0.01526	0.01352	0.01720	0.14350	0.01050	0.07030	0.52829	0.06153	0.02241	0.02097	0.01676	0.00815	0.00632	0.00204	0.00626	0.00651	0.00597	0.00965
47	0.01225	0.01128	0.01875	0.40482	0.24031	0.01266	0.01590	0.01574	0.01310	0.01753	0.01604	0.16234	0.01538	0.00875	0.00666	0.00214	0.00727	0.00803	0.00351	0.00756
48	0.01262	0.01192	0.02017	0.63845	0.16209	0.01426	0.01793	0.01677	0.01299	0.01698	0.01139	0.01671	0.00873	0.00622	0.00633	0.00207	0.00830	0.00564	0.00287	0.00756
49	0.01102	0.00551	0.00826	0.00826	0.00826	0.00551	0.00551	0.00826	0.00826	0.01102	0.01102	0.01928	0.01102	0.02204	0.02479	0.81543	0.00551	0.00551	0.00275	0.00275
50	0.02007	0.01384	0.01487	0.01262	0.01656	0.05115	0.00999	0.13062	0.36306	0.20715	0.04280	0.05207	0.01863	0.00874	0.00648	0.00205	0.00562	0.00716	0.00662	0.00990
51	0.02157	0.02547	0.01742	0.11524	0.02213	0.57796	0.01250	0.02356	0.01699	0.05229	0.01204	0.05116	0.01030	0.00725	0.00596	0.00176	0.01034	0.00511	0.00357	0.00738
52	0.02808	0.01141	0.01510	0.01158	0.01650	0.01023	0.00956	0.09101	0.01918	0.68033	0.02417	0.02103	0.01527	0.00783	0.00638	0.00196	0.00554	0.00632	0.00772	0.01080
53	0.02846	0.01080	0.01472	0.01129	0.01619	0.00932	0.00932	0.03092	0.01816	0.74187	0.02503	0.02159	0.01570	0.00785	0.00638	0.00196	0.00540	0.00638	0.00785	0.01080
54	0.00804	0.00641	0.00720	0.00708	0.00892	0.00557	0.00528	0.01012	0.01561	0.02006	0.30197	0.08481	0.46631	0.01512	0.00752	0.00211	0.00315	0.01289	0.00628	0.00557
55	0.01102	0.00551	0.00826	0.00826	0.00826	0.00551	0.00551	0.00826	0.00826	0.01102	0.01102	0.01928	0.01102	0.02204	0.02479	0.81543	0.00551	0.00551	0.00275	0.00275
56	0.01570	0.01507	0.02575	0.03894	0.73748	0.01507	0.01947	0.01947	0.01444	0.02073	0.01193	0.01570	0.01005	0.00565	0.00628	0.00188	0.00754	0.00565	0.00314	0.01005
57	0.01057	0.00567	0.00793	0.00793	0.00793	0.00567	0.00509	0.00850	0.00850	0.01134	0.01325	0.02482	0.01402	0.21010	0.02666	0.61385	0.00567	0.00644	0.00303	0.00303

[dist]
# distance from previous block
# <min> <max>
0	17

[block]
# block no. 5 follows, 35 sequences, length 49
# corresponding to MSA columns:
# 629-677
name=unknown_F
#
# <colnr> <probs for GDERKNQSTAVLIFYWHMCP>
#	G	D	E	R	K	N	Q	S	T	A	V	L	I	F	Y	W	H	M	C	P
0	0.02196	0.01494	0.01713	0.01474	0.06344	0.01604	0.01112	0.41418	0.11159	0.14914	0.01834	0.01962	0.01367	0.07419	0.00860	0.00231	0.00644	0.00630	0.00618	0.01005
1	0.00888	0.00648	0.00834	0.00788	0.00942	0.00594	0.00591	0.01178	0.01772	0.02488	0.68904	0.04831	0.10530	0.01318	0.00748	0.00201	0.00301	0.01160	0.00691	0.00594
2	0.02412	0.01777	0.01904	0.01460	0.01967	0.01967	0.01206	0.71633	0.02983	0.03998	0.01523	0.01523	0.01079	0.00762	0.00635	0.00190	0.00698	0.00571	0.00635	0.01079
3	0.01207	0.01125	0.01851	0.70569	0.04146	0.01395	0.01694	0.01691	0.04610	0.01695	0.03227	0.01809	0.01041	0.00663	0.00638	0.00211	0.00814	0.00587	0.00311	0.00716
4	0.01388	0.01388	0.01943	0.01666	0.01666	0.01943	0.01388	0.01527	0.00972	0.01527	0.00833	0.01388	0.00833	0.01110	0.02082	0.00278	0.76544	0.00555	0.00278	0.00694
5	0.01272	0.03281	0.74418	0.01808	0.02746	0.01473	0.02344	0.02009	0.01339	0.02009	0.01138	0.01339	0.00804	0.00603	0.00603	0.00201	0.00938	0.00469	0.00268	0.00938
6	0.00772	0.00556	0.00732	0.00873	0.00918	0.00516	0.00584	0.00884	0.01224	0.01623	0.03618	0.74329	0.07079	0.01972	0.00807	0.00256	0.00366	0.01784	0.00589	0.00516
7	0.00923	0.00615	0.00692	0.00692	0.00692	0.00615	0.00384	0.00923	0.00923	0.01230	0.01999	0.04151	0.02306	0.77705	0.03229	0.00615	0.00615	0.00923	0.00384	0.00384
8	0.01315	0.01128	0.01315	0.00940	0.01503	0.00846	0.00752	0.01597	0.01315	0.02067	0.01128	0.01315	0.00940	0.00470	0.00470	0.00094	0.00470	0.00376	0.00376	0.81583
9	0.00750	0.00643	0.00643	0.00643	0.00857	0.00536	0.00482	0.00910	0.01446	0.01714	0.06427	0.06105	0.73490	0.01607	0.00750	0.00214	0.00321	0.01339	0.00589	0.00536
10	0.01246	0.01309	0.06611	0.63009	0.12349	0.01425	0.01821	0.01684	0.01294	0.01698	0.01136	0.01655	0.00862	0.00624	0.00632	0.00208	0.00841	0.00558	0.00285	0.00755
11	0.07912	0.01089	0.01438	0.01110	0.01594	0.00964	0.00917	0.03013	0.01769	0.69632	0.02399	0.02087	0.01514	0.00773	0.00622	0.00196	0.00537	0.00619	0.00760	0.01055
12	0.01320	0.01144	0.01356	0.00986	0.01514	0.00916	0.00792	0.01593	0.01294	0.02033	0.01109	0.01320	0.00933	0.00511	0.00573	0.00106	0.05327	0.00387	0.00370	0.76418
13	0.00773	0.00552	0.00736	0.00883	0.00920	0.00515	0.00589	0.00883	0.01215	0.01619	0.03497	0.77291	0.04196	0.01987	0.00810	0.00258	0.00368	0.01803	0.00589	0.00515
14	0.00981	0.00702	0.00970	0.01086	0.01223	0.00691	0.00918	0.01257	0.01490	0.01972	0.14099	0.13120	0.04058	0.01704	0.00851	0.00275	0.00521	0.52902	0.00602	0.00580
15	0.02648	0.01308	0.01603	0.01239	0.01728	0.01283	0.01020	0.24162	0.05759	0.49002	0.02206	0.01974	0.01438	0.00782	0.00637	0.00195	0.00587	0.00621	0.00732	0.01076
16	0.00797	0.00569	0.00763	0.00911	0.00958	0.00536	0.00630	0.00924	0.01238	0.01646	0.03483	0.70595	0.04144	0.01965	0.00816	0.00261	0.00389	0.08264	0.00588	0.00522
17	0.01272	0.03281	0.74418	0.01808	0.02746	0.01473	0.02344	0.02009	0.01339	0.02009	0.01138	0.01339	0.00804	0.00603	0.00603	0.00201	0.00938	0.00469	0.00268	0.00938
18	0.01391	0.01398	0.01999	0.01697	0.01716	0.01933	0.03545	0.01542	0.00988	0.01542	0.00847	0.01398	0.00837	0.01093	0.02041	0.00276	0.74220	0.00561	0.00279	0.00699
19	0.01183	0.00591	0.00591	0.00591	0.00739	0.00591	0.00443	0.01478	0.01330	0.02365	0.02069	0.02365	0.01626	0.00739	0.00443	0.00148	0.00296	0.00591	0.81227	0.00591
20	0.00760	0.00646	0.00657	0.00663	0.00875	0.00543	0.00503	0.00926	0.01447	0.01721	0.06307	0.06146	0.70768	0.01612	0.00755	0.00217	0.00332	0.03995	0.00589	0.00537
21	0.04985	0.01086	0.01477	0.04621	0.01737	0.00968	0.00964	0.02989	0.01770	0.68811	0.02393	0.02106	0.01512	0.00773	0.00631	0.00197	0.00553	0.00626	0.00751	0.01051
22	0.01315	0.01128	0.01315	0.00940	0.01503	0.00846	0.00752	0.01597	0.01315	0.02067	0.01128	0.01315	0.00940	0.00470	0.00470	0.00094	0.00470	0.00376	0.00376	0.81583
23	0.00923	0.00615	0.00692	0.00692	0.00692	0.00615	0.00384	0.00923	0.00923	0.01230	0.01999	0.04151	0.02306	0.77705	0.03229	0.00615	0.00615	0.00923	0.00384	0.00384
24	0.00782	0.00556	0.00733	0.00871	0.00906	0.00522	0.00576	0.00886	0.01196	0.01595	0.03401	0.72621	0.04075	0.06822	0.00964	0.00280	0.00384	0.01747	0.00576	0.00507
25	0.01734	0.44309	0.20203	0.01375	0.01968	0.17437	0.01419	0.02058	0.01407	0.01630	0.00965	0.01122	0.00812	0.00580	0.00489	0.00157	0.00838	0.00385	0.00282	0.00828
26	0.07334	0.01573	0.01808	0.06074	0.11930	0.03733	0.01241	0.40672	0.06367	0.04865	0.01591	0.05458	0.01267	0.02387	0.00680	0.00205	0.00680	0.00630	0.00542	0.00964
27	0.01183	0.00591	0.00591	0.00591	0.00739	0.00591	0.00443	0.01478	0.01330	0.02365	0.02069	0.02365	0.01626	0.00739	0.00443	0.00148	0.00296	0.00591	0.81227	0.00591
28	0.01696	0.78087	0.03324	0.01085	0.01628	0.02510	0.01085	0.01900	0.01289	0.01493	0.00882	0.01018	0.00814	0.00543	0.00407	0.00136	0.00678	0.00339	0.00271	0.00814
29	0.02012	0.01318	0.07418	0.04725	0.04661	0.01127	0.01088	0.12356	0.04599	0.31151	0.09571	0.02457	0.07127	0.00844	0.00642	0.00191	0.00571	0.00696	0.00620	0.06826
30	0.01991	0.45268	0.02657	0.01325	0.01774	0.34273	0.01147	0.02177	0.01511	0.01519	0.00925	0.01073	0.00815	0.00591	0.00479	0.00148	0.00882	0.00370	0.00296	0.00780
31	0.05828	0.22335	0.02241	0.01692	0.09911	0.39669	0.01239	0.05164	0.03254	0.01783	0.01033	0.01197	0.00868	0.00621	0.00531	0.00163	0.00914	0.00419	0.00334	0.00805
32	0.01803	0.66327	0.03089	0.01165	0.01680	0.11476	0.01107	0.04242	0.01407	0.01581	0.00915	0.01050	0.00823	0.00564	0.00435	0.00141	0.00737	0.00355	0.00290	0.00813
33	0.01388	0.01388	0.01943	0.01666	0.01666	0.01943	0.01388	0.01527	0.00972	0.01527	0.00833	0.01388	0.00833	0.01110	0.02082	0.00278	0.76544	0.00555	0.00278	0.00694
34	0.01269	0.01172	0.01952	0.45440	0.23627	0.01335	0.01673	0.01643	0.01313	0.01748	0.01386	0.03859	0.01218	0.04481	0.00779	0.00231	0.00781	0.05010	0.00322	0.00762
35	0.00754	0.00643	0.00649	0.00647	0.00860	0.00537	0.00486	0.00919	0.01457	0.01739	0.08466	0.06064	0.71435	0.01597	0.00750	0.00214	0.00321	0.01333	0.00592	0.00537
36	0.01767	0.01475	0.01548	0.01342	0.01711	0.03962	0.01060	0.14255	0.53489	0.04955	0.02273	0.02138	0.01698	0.00848	0.00711	0.00212	0.04268	0.00674	0.00620	0.00995
37	0.00771	0.00558	0.00730	0.00868	0.00916	0.00517	0.00582	0.00885	0.01229	0.01625	0.03684	0.72732	0.08634	0.01963	0.00806	0.00255	0.00365	0.01774	0.00589	0.00517
38	0.01579	0.01451	0.04114	0.02184	0.25773	0.08312	0.07977	0.02025	0.07899	0.09896	0.05815	0.06258	0.12176	0.00882	0.00669	0.00200	0.00676	0.00790	0.00468	0.00858
39	0.01272	0.03281	0.74418	0.01808	0.02746	0.01473	0.02344	0.02009	0.01339	0.02009	0.01138	0.01339	0.00804	0.00603	0.00603	0.00201	0.00938	0.00469	0.00268	0.00938
40	0.01102	0.00551	0.00826	0.00826	0.00826	0.00551	0.00551	0.00826	0.00826	0.01102	0.01102	0.01928	0.01102	0.02204	0.02479	0.81543	0.00551	0.00551	0.00275	0.00275
41	0.58685	0.01177	0.01030	0.00895	0.01276	0.01306	0.00725	0.04786	0.03434	0.11812	0.01489	0.01628	0.04484	0.04275	0.00591	0.00217	0.00503	0.00477	0.00469	0.00741
42	0.01757	0.05058	0.02428	0.03181	0.53470	0.03220	0.03905	0.02182	0.05183	0.11325	0.01417	0.01656	0.01111	0.00609	0.00622	0.00189	0.00729	0.00574	0.00390	0.00994
43	0.01183	0.00591	0.00591	0.00591	0.00739	0.00591	0.00443	0.01478	0.01330	0.02365	0.02069	0.02365	0.01626	0.00739	0.00443	0.00148	0.00296	0.00591	0.81227	0.00591
44	0.00785	0.00561	0.00750	0.00897	0.00939	0.00526	0.00610	0.00904	0.01227	0.01633	0.03490	0.73866	0.04169	0.01976	0.00813	0.00259	0.00379	0.05108	0.00589	0.00519
45	0.12958	0.02602	0.44172	0.01869	0.02634	0.04369	0.18578	0.02014	0.01358	0.02117	0.01130	0.01376	0.00825	0.00586	0.00606	0.00202	0.00913	0.00515	0.00301	0.00874
46	0.00775	0.00568	0.00728	0.00848	0.00913	0.00521	0.00575	0.00900	0.01268	0.01669	0.06696	0.65050	0.13340	0.01910	0.00799	0.00250	0.00359	0.01716	0.00593	0.00521
47	0.05324	0.45658	0.24022	0.01360	0.02011	0.03841	0.04265	0.01943	0.01315	0.01745	0.00982	0.01151	0.00814	0.00563	0.00483	0.00160	0.00767	0.00397	0.00282	0.02915
48	0.01386	0.07863	0.60712	0.01710	0.02574	0.01487	0.04049	0.02036	0.01363	0.05546	0.01193	0.01368	0.00853	0.00600	0.00589	0.00192	0.00882	0.00472	0.00300	0.04824

[dist]
# distance from previous block
# <min> <max>
0	124

# created by:
# /home/cegg/simao/soft/augustus-3.2.1/scripts/msa2prfl.pl ./align_prep/EOG090W0A4Y.fa
