[name]
unknown

[dist]
# distance from previous block
# <min> <max>
27	155

[block]
# block no. 0 follows, 34 sequences, length 24
# corresponding to MSA columns:
# 205-228
name=unknown_A
#
# <colnr> <probs for GDERKNQSTAVLIFYWHMCP>
#	G	D	E	R	K	N	Q	S	T	A	V	L	I	F	Y	W	H	M	C	P
0	0.01541	0.06400	0.02329	0.16953	0.05113	0.05739	0.11158	0.06459	0.01348	0.01836	0.01046	0.01501	0.00891	0.00844	0.01286	0.00235	0.33651	0.00574	0.00318	0.00780
1	0.01789	0.37315	0.02285	0.01135	0.01538	0.14915	0.00984	0.09733	0.01582	0.01954	0.01275	0.01570	0.01105	0.05838	0.00672	0.00185	0.00707	0.00469	0.14171	0.00777
2	0.01948	0.06690	0.02138	0.02041	0.20363	0.04158	0.05739	0.16260	0.06066	0.12636	0.01523	0.01635	0.01143	0.00650	0.00607	0.00176	0.00691	0.00555	0.00483	0.14497
3	0.01535	0.11876	0.23173	0.01541	0.07258	0.01439	0.01426	0.06761	0.10561	0.08517	0.06060	0.11863	0.03438	0.00914	0.00640	0.00203	0.00669	0.00762	0.00474	0.00889
4	0.01170	0.00737	0.00891	0.00891	0.00916	0.05593	0.00597	0.00972	0.00947	0.01204	0.01372	0.07734	0.01439	0.08205	0.02327	0.63077	0.00593	0.00678	0.00317	0.00340
5	0.06629	0.00979	0.01477	0.14109	0.15367	0.01003	0.04184	0.01455	0.01372	0.04623	0.06242	0.27715	0.09807	0.01234	0.00712	0.00225	0.00569	0.01110	0.00482	0.00707
6	0.12926	0.01852	0.06856	0.05470	0.06702	0.21257	0.01186	0.08781	0.01727	0.12831	0.07751	0.03842	0.01555	0.00774	0.00601	0.00191	0.00751	0.00593	0.03519	0.00836
7	0.01434	0.01487	0.02811	0.15382	0.21802	0.01535	0.30112	0.01856	0.01420	0.01943	0.01550	0.01958	0.05562	0.00692	0.00830	0.00216	0.07527	0.00702	0.00332	0.00850
8	0.01555	0.04131	0.09500	0.17333	0.39342	0.04336	0.07978	0.04452	0.01496	0.02044	0.01199	0.01577	0.00958	0.00600	0.00640	0.00197	0.00843	0.00569	0.00320	0.00930
9	0.01522	0.01414	0.02379	0.12434	0.59138	0.01449	0.01839	0.01905	0.01440	0.02079	0.01278	0.01678	0.01054	0.00598	0.00626	0.00191	0.00742	0.00578	0.06704	0.00953
10	0.01482	0.01534	0.02046	0.01737	0.01786	0.06612	0.04296	0.01642	0.01066	0.01578	0.00877	0.01411	0.00853	0.01077	0.01966	0.00273	0.68198	0.00564	0.00288	0.00716
11	0.00842	0.00655	0.00750	0.00728	0.00903	0.00579	0.00537	0.01057	0.01596	0.02088	0.35602	0.05476	0.38907	0.06331	0.00924	0.00238	0.00336	0.01250	0.00636	0.00564
12	0.00940	0.00626	0.00705	0.00705	0.00705	0.00626	0.00392	0.00940	0.00940	0.01253	0.02036	0.04228	0.02349	0.77292	0.03289	0.00626	0.00626	0.00940	0.00392	0.00392
13	0.00792	0.00656	0.00693	0.00684	0.00890	0.00557	0.00513	0.00982	0.01539	0.01903	0.18900	0.05959	0.60547	0.01578	0.00763	0.00215	0.00323	0.01327	0.00621	0.00557
14	0.00787	0.00562	0.00750	0.00900	0.00937	0.00525	0.00600	0.00900	0.01237	0.01649	0.03561	0.76871	0.04274	0.02024	0.00825	0.00262	0.00375	0.01837	0.00600	0.00525
15	0.02381	0.01773	0.01897	0.01472	0.01975	0.01969	0.01210	0.65143	0.09124	0.03951	0.01646	0.01627	0.01176	0.00785	0.00647	0.00196	0.00693	0.00595	0.00647	0.01092
16	0.01845	0.01732	0.10786	0.08236	0.02454	0.01595	0.14538	0.24151	0.11437	0.08161	0.01784	0.02177	0.01374	0.00793	0.00685	0.00213	0.00777	0.05785	0.00519	0.00957
17	0.02758	0.01297	0.07884	0.01211	0.01751	0.00998	0.01076	0.03052	0.01807	0.67394	0.02427	0.02126	0.01531	0.00783	0.00647	0.00200	0.00586	0.00635	0.00753	0.01087
18	0.81856	0.01250	0.00950	0.00850	0.01250	0.01449	0.00700	0.01899	0.01100	0.02899	0.00900	0.01050	0.00700	0.00600	0.00400	0.00200	0.00500	0.00350	0.00400	0.00700
19	0.01599	0.01535	0.02623	0.03966	0.73262	0.01535	0.01983	0.01983	0.01471	0.02111	0.01215	0.01599	0.01023	0.00576	0.00640	0.00192	0.00768	0.00576	0.00320	0.01023
20	0.01340	0.01148	0.01340	0.00957	0.01531	0.00861	0.00766	0.01627	0.01340	0.02105	0.01148	0.01340	0.00957	0.00479	0.00479	0.00096	0.00479	0.00383	0.00383	0.81242
21	0.00803	0.00656	0.00710	0.00696	0.00897	0.00562	0.00522	0.01004	0.01567	0.01969	0.24060	0.05851	0.55346	0.01553	0.00763	0.00214	0.00321	0.01312	0.00629	0.00562
22	0.00924	0.00689	0.01024	0.01024	0.01134	0.00800	0.00789	0.01144	0.01034	0.01489	0.01744	0.02613	0.01648	0.08052	0.71570	0.01020	0.01682	0.00703	0.00348	0.00569
23	0.02172	0.01636	0.01755	0.01409	0.01866	0.01822	0.01150	0.51049	0.18449	0.03631	0.01882	0.01988	0.01412	0.00836	0.00652	0.00202	0.00649	0.03190	0.03203	0.01047

[dist]
# distance from previous block
# <min> <max>
0	3

[block]
# block no. 1 follows, 34 sequences, length 20
# corresponding to MSA columns:
# 232-251
name=unknown_B
#
# <colnr> <probs for GDERKNQSTAVLIFYWHMCP>
#	G	D	E	R	K	N	Q	S	T	A	V	L	I	F	Y	W	H	M	C	P
0	0.02092	0.11348	0.02166	0.02006	0.17660	0.27031	0.01348	0.19581	0.01964	0.02361	0.01218	0.01392	0.00974	0.00659	0.00584	0.00173	0.00858	0.00491	0.03338	0.02756
1	0.01363	0.02943	0.58173	0.02311	0.18378	0.01508	0.02298	0.02032	0.01388	0.02061	0.01172	0.01416	0.00864	0.00605	0.00620	0.00202	0.00913	0.00499	0.00283	0.00970
2	0.01642	0.57314	0.18911	0.01298	0.01920	0.04228	0.01401	0.01967	0.01330	0.01639	0.00957	0.01122	0.00827	0.00584	0.00507	0.00157	0.02684	0.00382	0.00277	0.00852
3	0.01768	0.01865	0.02428	0.05561	0.55486	0.17710	0.01815	0.02105	0.01546	0.01980	0.01166	0.01507	0.00976	0.00598	0.00627	0.00187	0.00858	0.00540	0.00322	0.00954
4	0.00830	0.00624	0.00900	0.00982	0.01048	0.00584	0.04077	0.00959	0.01239	0.01653	0.03384	0.70028	0.04028	0.05182	0.00927	0.00276	0.00421	0.01745	0.00577	0.00536
5	0.01714	0.00992	0.01169	0.01033	0.01306	0.04951	0.00794	0.06418	0.01784	0.25445	0.26101	0.19487	0.03615	0.01235	0.00722	0.00213	0.00474	0.01068	0.00690	0.00789
6	0.08060	0.01405	0.01483	0.01241	0.01656	0.01536	0.00986	0.20785	0.34748	0.02917	0.02098	0.02052	0.03761	0.00856	0.00686	0.03235	0.00555	0.00633	0.00585	0.10721
7	0.00819	0.00618	0.00767	0.00848	0.00951	0.00575	0.00593	0.01007	0.02956	0.01784	0.11076	0.47939	0.20706	0.01957	0.03973	0.00278	0.00418	0.01583	0.00601	0.00552
8	0.00976	0.00643	0.00749	0.00772	0.00807	0.00643	0.00497	0.01046	0.01058	0.01450	0.02257	0.04562	0.02508	0.59522	0.02693	0.00538	0.00596	0.11496	0.06748	0.00440
9	0.58907	0.01276	0.01213	0.01057	0.01374	0.01534	0.00874	0.01905	0.01124	0.07231	0.00996	0.01205	0.00791	0.00730	0.00797	0.00218	0.17222	0.00417	0.00400	0.00727
10	0.00861	0.00647	0.00797	0.00783	0.00938	0.00583	0.00578	0.01107	0.01667	0.02263	0.47690	0.13933	0.22812	0.01486	0.00770	0.00214	0.00319	0.01299	0.00670	0.00583
11	0.00899	0.00686	0.00850	0.00940	0.01103	0.00637	0.00767	0.01120	0.01451	0.01824	0.04693	0.15313	0.31614	0.01754	0.00832	0.00261	0.00461	0.33630	0.00598	0.00567
12	0.01500	0.01670	0.03407	0.02496	0.03005	0.01710	0.55547	0.01956	0.01407	0.01956	0.01206	0.01670	0.00951	0.00674	0.01063	0.00232	0.17678	0.00719	0.00317	0.00835
13	0.02414	0.01020	0.01396	0.01131	0.01541	0.00943	0.00921	0.02718	0.04306	0.55077	0.02371	0.02282	0.01617	0.01697	0.17031	0.00386	0.00809	0.00662	0.00694	0.00981
14	0.00787	0.00562	0.00750	0.00900	0.00937	0.00525	0.00600	0.00900	0.01237	0.01649	0.03561	0.76871	0.04274	0.02024	0.00825	0.00262	0.00375	0.01837	0.00600	0.00525
15	0.00914	0.00660	0.00864	0.00813	0.00965	0.00610	0.00610	0.01219	0.01829	0.02591	0.72921	0.04827	0.06097	0.01321	0.00762	0.00203	0.00305	0.01169	0.00711	0.00610
16	0.02447	0.02091	0.01915	0.01526	0.02002	0.18078	0.01233	0.55954	0.02771	0.03521	0.01429	0.01466	0.01040	0.00751	0.00632	0.00188	0.00811	0.00545	0.00577	0.01021
17	0.00902	0.00617	0.00739	0.00765	0.00796	0.00601	0.00471	0.00974	0.01143	0.01547	0.13303	0.20384	0.03352	0.48934	0.02354	0.00481	0.00521	0.01173	0.00487	0.00455
18	0.01346	0.00757	0.00995	0.00880	0.01112	0.00682	0.00679	0.01633	0.01817	0.18278	0.54309	0.04310	0.08178	0.01220	0.00737	0.00203	0.00360	0.01063	0.00726	0.00715
19	0.08908	0.18639	0.10997	0.01952	0.02578	0.01793	0.34188	0.05951	0.01523	0.05684	0.01239	0.01494	0.00941	0.00585	0.00624	0.00195	0.00885	0.00586	0.00358	0.00880

[dist]
# distance from previous block
# <min> <max>
2	10

[block]
# block no. 2 follows, 34 sequences, length 84
# corresponding to MSA columns:
# 262-345
name=unknown_C
#
# <colnr> <probs for GDERKNQSTAVLIFYWHMCP>
#	G	D	E	R	K	N	Q	S	T	A	V	L	I	F	Y	W	H	M	C	P
0	0.04853	0.23075	0.04983	0.01837	0.02374	0.14798	0.25627	0.09306	0.01644	0.02058	0.01134	0.01380	0.00906	0.00611	0.00639	0.00185	0.02851	0.00538	0.00347	0.00854
1	0.01727	0.77681	0.03386	0.01106	0.01658	0.02557	0.01106	0.01935	0.01313	0.01520	0.00898	0.01036	0.00829	0.00553	0.00415	0.00138	0.00691	0.00345	0.00276	0.00829
2	0.01759	0.01360	0.09240	0.01230	0.01640	0.01183	0.01099	0.12949	0.13880	0.17730	0.08019	0.03364	0.06945	0.01045	0.00694	0.00218	0.00575	0.12025	0.04152	0.00891
3	0.00773	0.00639	0.00679	0.00702	0.00887	0.00544	0.00514	0.00934	0.01446	0.01761	0.08543	0.18102	0.58868	0.01690	0.00774	0.00225	0.00334	0.01436	0.00604	0.00544
4	0.01430	0.01390	0.02344	0.31456	0.19920	0.01544	0.13404	0.02073	0.12382	0.01989	0.01408	0.01790	0.01092	0.00671	0.00734	0.00214	0.04306	0.00630	0.00359	0.00863
5	0.02502	0.01737	0.01894	0.01452	0.01967	0.01896	0.01200	0.64145	0.02916	0.11206	0.01654	0.01618	0.01150	0.00778	0.00647	0.00195	0.00694	0.00589	0.00662	0.01099
6	0.00790	0.00656	0.00691	0.00682	0.00889	0.00557	0.00512	0.00978	0.01535	0.01894	0.18178	0.05974	0.61275	0.01581	0.00763	0.00216	0.00323	0.01329	0.00620	0.00557
7	0.01482	0.01678	0.09820	0.05320	0.09364	0.04567	0.01539	0.03485	0.05769	0.01825	0.01099	0.01522	0.00959	0.00944	0.01510	0.00248	0.45426	0.00563	0.02085	0.00796
8	0.02628	0.01070	0.01415	0.01113	0.01568	0.00958	0.00910	0.02989	0.06488	0.61690	0.05201	0.02327	0.01799	0.00822	0.00642	0.00198	0.00522	0.00672	0.05946	0.01044
9	0.46328	0.01333	0.01718	0.06918	0.13080	0.01445	0.11301	0.01920	0.01268	0.04034	0.01180	0.01603	0.00964	0.00651	0.00536	0.00207	0.00659	0.03688	0.00386	0.00781
10	0.31561	0.24450	0.06597	0.01190	0.01659	0.19510	0.01063	0.02077	0.01363	0.02096	0.00947	0.01102	0.00785	0.00600	0.00464	0.00171	0.00746	0.00374	0.00338	0.02907
11	0.01351	0.01081	0.01236	0.09192	0.01680	0.01193	0.00918	0.03670	0.34847	0.03855	0.11476	0.03199	0.13348	0.01007	0.00664	0.00209	0.00479	0.00847	0.08923	0.00825
12	0.01564	0.01610	0.02204	0.10770	0.35741	0.13489	0.07493	0.01884	0.01479	0.01901	0.04047	0.06923	0.01463	0.05663	0.00829	0.00226	0.00818	0.00696	0.00357	0.00842
13	0.00997	0.00658	0.00772	0.00756	0.00822	0.00649	0.00479	0.01062	0.01080	0.04457	0.04317	0.04233	0.11602	0.54387	0.10574	0.00589	0.00697	0.00961	0.00439	0.00467
14	0.01211	0.00726	0.00959	0.00863	0.01068	0.00661	0.00661	0.01508	0.01832	0.13227	0.62397	0.04434	0.05424	0.01243	0.00745	0.00203	0.00341	0.01091	0.00725	0.00683
15	0.00939	0.00627	0.00709	0.00708	0.00712	0.00626	0.00398	0.00948	0.00966	0.01293	0.04150	0.04246	0.02461	0.75026	0.03213	0.00614	0.00617	0.00946	0.00401	0.00398
16	0.00830	0.00597	0.00790	0.00916	0.00983	0.00561	0.00648	0.00980	0.01316	0.01752	0.08840	0.58805	0.06893	0.03309	0.00871	0.00267	0.00400	0.10099	0.00604	0.00538
17	0.01148	0.00871	0.01143	0.01002	0.01232	0.00853	0.04612	0.05902	0.05424	0.05078	0.38531	0.04427	0.17855	0.04155	0.00884	0.00228	0.02638	0.02702	0.00637	0.00677
18	0.01513	0.01615	0.07242	0.14748	0.50505	0.01528	0.09495	0.01945	0.01443	0.02031	0.01211	0.01619	0.00981	0.00586	0.00652	0.00199	0.00829	0.00590	0.00313	0.00955
19	0.37358	0.01804	0.06913	0.01273	0.03698	0.13378	0.01057	0.14570	0.01627	0.02725	0.01090	0.01231	0.00840	0.00630	0.00506	0.00182	0.00686	0.00422	0.00420	0.09590
20	0.01496	0.01325	0.01503	0.01144	0.01617	0.04039	0.00922	0.07626	0.03665	0.02195	0.01181	0.01395	0.00981	0.00614	0.00730	0.00137	0.11028	0.00437	0.00398	0.57568
21	0.00789	0.00586	0.00737	0.00847	0.00926	0.00533	0.00579	0.00922	0.01314	0.01717	0.07769	0.59241	0.17858	0.01911	0.00809	0.00251	0.00362	0.01709	0.00606	0.00533
22	0.00764	0.00655	0.00655	0.00655	0.00873	0.00545	0.00491	0.00927	0.01473	0.01745	0.06546	0.06218	0.73000	0.01636	0.00764	0.00218	0.00327	0.01364	0.00600	0.00545
23	0.00793	0.00565	0.00748	0.00892	0.00928	0.00529	0.00592	0.00901	0.01225	0.01634	0.03501	0.74016	0.04198	0.04982	0.00922	0.00277	0.00385	0.01802	0.00592	0.00520
24	0.01206	0.00725	0.00957	0.00862	0.01066	0.00660	0.00660	0.01502	0.01832	0.13025	0.62597	0.04441	0.05437	0.01244	0.00746	0.00203	0.00341	0.01092	0.00724	0.00682
25	0.14920	0.01171	0.01403	0.01109	0.01570	0.01129	0.00911	0.09336	0.04149	0.49656	0.02176	0.01979	0.01428	0.00766	0.00600	0.00197	0.00542	0.00597	0.05353	0.01006
26	0.01191	0.00728	0.00918	0.00832	0.01052	0.00649	0.00637	0.01458	0.01757	0.13483	0.47891	0.04713	0.19583	0.01307	0.00745	0.00206	0.00348	0.01129	0.00701	0.00672
27	0.02313	0.01753	0.01813	0.01420	0.01887	0.05064	0.01155	0.60334	0.04761	0.03731	0.01601	0.01715	0.01191	0.04314	0.00759	0.00212	0.00706	0.00596	0.03644	0.01030
28	0.01462	0.01410	0.02404	0.27007	0.43788	0.01535	0.04438	0.01851	0.01384	0.01925	0.01173	0.01633	0.00958	0.00633	0.00742	0.00206	0.05663	0.00581	0.00307	0.00898
29	0.01787	0.01466	0.01550	0.01333	0.01731	0.01667	0.01054	0.20182	0.52294	0.03008	0.02506	0.02338	0.04386	0.00880	0.00659	0.00213	0.00554	0.00717	0.00653	0.01024
30	0.07034	0.01596	0.01579	0.04421	0.10837	0.19357	0.03078	0.08277	0.02963	0.02063	0.04079	0.14558	0.09508	0.01181	0.03464	0.00238	0.03721	0.00844	0.00451	0.00750
31	0.01220	0.07087	0.38650	0.08230	0.02352	0.01363	0.01763	0.01717	0.01324	0.01871	0.01740	0.13268	0.01675	0.00994	0.00771	0.00226	0.05938	0.08649	0.00361	0.00803
32	0.02456	0.01810	0.01939	0.01487	0.02004	0.02004	0.01228	0.71107	0.03038	0.04072	0.01551	0.01551	0.01099	0.00776	0.00646	0.00194	0.00711	0.00582	0.00646	0.01099
33	0.00981	0.01176	0.15083	0.01019	0.01320	0.00778	0.00955	0.01360	0.01700	0.02424	0.54483	0.08794	0.04952	0.01229	0.00737	0.00207	0.00436	0.01077	0.00619	0.00671
34	0.01738	0.04739	0.14842	0.01769	0.02390	0.06327	0.21616	0.08750	0.06343	0.08808	0.01442	0.01609	0.01067	0.00621	0.00633	0.00184	0.00823	0.00577	0.00422	0.15301
35	0.01486	0.01675	0.03634	0.02615	0.03234	0.01581	0.66399	0.02011	0.01494	0.02033	0.01334	0.01794	0.01021	0.00822	0.05528	0.00271	0.01131	0.00758	0.00328	0.00852
36	0.00800	0.00591	0.00751	0.00859	0.00940	0.00541	0.00595	0.00942	0.01331	0.01748	0.09544	0.57260	0.16041	0.01896	0.00811	0.00251	0.00367	0.03585	0.00609	0.00537
37	0.01415	0.01177	0.01839	0.14406	0.04359	0.01226	0.14656	0.04572	0.14505	0.07133	0.12087	0.09352	0.06254	0.00958	0.00704	0.00215	0.00645	0.00887	0.02802	0.00808
38	0.01235	0.01016	0.01196	0.01387	0.08618	0.07460	0.00949	0.03431	0.03584	0.04633	0.05547	0.35808	0.03306	0.01554	0.00781	0.00247	0.00557	0.17459	0.00561	0.00669
39	0.01533	0.01720	0.03681	0.02861	0.11113	0.01623	0.63284	0.02060	0.01519	0.02074	0.01297	0.01727	0.00985	0.00548	0.00749	0.00215	0.01054	0.00742	0.00326	0.00888
40	0.00787	0.00562	0.00750	0.00900	0.00937	0.00525	0.00600	0.00900	0.01237	0.01649	0.03561	0.76871	0.04274	0.02024	0.00825	0.00262	0.00375	0.01837	0.00600	0.00525
41	0.04194	0.01883	0.01641	0.04184	0.01904	0.21757	0.01155	0.18821	0.25523	0.02613	0.01895	0.02242	0.01534	0.00860	0.00648	0.00205	0.00759	0.06738	0.00539	0.00906
42	0.01263	0.33272	0.02032	0.01067	0.01367	0.01548	0.00934	0.01484	0.01155	0.01509	0.01378	0.01903	0.01283	0.03029	0.43282	0.00657	0.01291	0.00546	0.00317	0.00684
43	0.01197	0.00725	0.00924	0.00842	0.01056	0.00649	0.00642	0.01461	0.01748	0.13647	0.47650	0.07392	0.16921	0.01320	0.00747	0.00208	0.00350	0.01146	0.00702	0.00673
44	0.00971	0.00748	0.01070	0.01044	0.01130	0.00885	0.00795	0.01156	0.01018	0.01465	0.01700	0.02710	0.01664	0.16293	0.56462	0.00902	0.08358	0.00721	0.00348	0.00559
45	0.02213	0.02587	0.01735	0.01555	0.01882	0.55191	0.01185	0.11137	0.01876	0.01888	0.01171	0.01404	0.00975	0.01258	0.10847	0.00291	0.01185	0.00475	0.00375	0.00770
46	0.01488	0.01759	0.06362	0.02620	0.03262	0.01587	0.65636	0.02024	0.01508	0.02053	0.01387	0.04585	0.01099	0.00604	0.00759	0.00219	0.01057	0.00793	0.00335	0.00861
47	0.00790	0.00656	0.00691	0.00682	0.00889	0.00557	0.00512	0.00978	0.01535	0.01892	0.18058	0.05977	0.61395	0.01582	0.00763	0.00216	0.00323	0.01330	0.00619	0.00557
48	0.00916	0.00654	0.00820	0.00847	0.00980	0.00605	0.00609	0.01164	0.03629	0.04096	0.30237	0.33999	0.15773	0.01627	0.00781	0.00230	0.00350	0.01442	0.00649	0.00591
49	0.02295	0.01684	0.01808	0.01403	0.01865	0.01857	0.01139	0.63629	0.02814	0.03772	0.01603	0.01837	0.01232	0.08930	0.00928	0.00240	0.00702	0.00620	0.00619	0.01023
50	0.01000	0.00804	0.00911	0.00868	0.01086	0.00787	0.00664	0.01551	0.15473	0.02278	0.32164	0.04956	0.29713	0.01367	0.00747	0.00215	0.00365	0.03729	0.00656	0.00667
51	0.00815	0.00578	0.00755	0.00871	0.00914	0.00544	0.00578	0.00933	0.01258	0.01691	0.09647	0.62457	0.04228	0.10167	0.01088	0.00297	0.00396	0.01679	0.00587	0.00518
52	0.01607	0.01388	0.01461	0.01315	0.01680	0.01607	0.01023	0.03433	0.72094	0.02703	0.02630	0.02411	0.01972	0.00877	0.00657	0.00219	0.00511	0.00731	0.00657	0.01023
53	0.01177	0.01034	0.01445	0.01289	0.01490	0.05360	0.12334	0.07101	0.01420	0.01860	0.02524	0.38548	0.02791	0.10067	0.08085	0.00357	0.00726	0.01261	0.00495	0.00634
54	0.01925	0.01585	0.04494	0.01753	0.13103	0.01657	0.01255	0.32781	0.20079	0.03156	0.01818	0.01864	0.01359	0.00761	0.00626	0.00196	0.00634	0.00617	0.09331	0.01008
55	0.01631	0.01818	0.02871	0.10659	0.02909	0.13038	0.36308	0.03848	0.01478	0.01896	0.01155	0.01579	0.00920	0.00700	0.00992	0.00222	0.16201	0.00643	0.00323	0.00808
56	0.00934	0.00697	0.00891	0.00997	0.01103	0.00693	0.00738	0.01281	0.09041	0.01857	0.05684	0.49519	0.05973	0.01815	0.00817	0.00262	0.00433	0.16058	0.00609	0.00597
57	0.01753	0.01625	0.01715	0.01718	0.10899	0.14775	0.04414	0.07193	0.27930	0.06055	0.03617	0.10227	0.03370	0.00924	0.00668	0.00208	0.00683	0.00784	0.00540	0.00902
58	0.01510	0.01488	0.02433	0.29148	0.38577	0.04726	0.07681	0.03145	0.01456	0.01957	0.01196	0.01635	0.00955	0.00606	0.00650	0.00201	0.00844	0.00584	0.00315	0.00892
59	0.01105	0.00755	0.00872	0.00807	0.01044	0.00684	0.00617	0.01439	0.06461	0.09943	0.28265	0.05050	0.37760	0.01387	0.00743	0.00211	0.00357	0.01177	0.00663	0.00660
60	0.00913	0.00659	0.00848	0.00848	0.00924	0.00699	0.00588	0.01034	0.01042	0.01417	0.02391	0.03690	0.09724	0.36677	0.34932	0.00766	0.01087	0.00875	0.00394	0.00491
61	0.01445	0.14074	0.50228	0.01991	0.10301	0.04542	0.04714	0.02045	0.01393	0.01958	0.01126	0.01348	0.00849	0.00600	0.00592	0.00192	0.00909	0.00477	0.00283	0.00933
62	0.01429	0.01787	0.12925	0.16217	0.14036	0.01559	0.33542	0.01930	0.01421	0.01964	0.01263	0.03029	0.00997	0.00632	0.00765	0.00215	0.04438	0.00670	0.00314	0.00864
63	0.01271	0.01190	0.01936	0.65668	0.04119	0.01460	0.03563	0.01856	0.09018	0.01777	0.01314	0.01798	0.00986	0.00668	0.00650	0.00216	0.00829	0.00596	0.00329	0.00755
64	0.01434	0.01443	0.02138	0.46144	0.19436	0.08102	0.03723	0.01815	0.01368	0.01753	0.01135	0.01625	0.00898	0.00660	0.00737	0.00210	0.05722	0.00565	0.00299	0.00793
65	0.02418	0.02941	0.01843	0.01645	0.01998	0.66773	0.01246	0.10051	0.01963	0.01853	0.01059	0.01207	0.00861	0.00678	0.00590	0.00169	0.01116	0.00434	0.00367	0.00787
66	0.00930	0.00663	0.00889	0.00889	0.00953	0.00727	0.00622	0.01058	0.00994	0.01390	0.01867	0.03293	0.01943	0.37205	0.42821	0.00854	0.01237	0.00803	0.00366	0.00494
67	0.01802	0.69547	0.03216	0.01167	0.01695	0.10422	0.01121	0.02005	0.01369	0.01527	0.00909	0.01051	0.00830	0.00565	0.00433	0.00141	0.00743	0.00353	0.00283	0.00820
68	0.00793	0.00565	0.00748	0.00892	0.00928	0.00529	0.00592	0.00901	0.01226	0.01634	0.03503	0.74108	0.04200	0.04886	0.00918	0.00276	0.00384	0.01803	0.00592	0.00520
69	0.10012	0.01159	0.01830	0.67574	0.04101	0.01437	0.01675	0.01678	0.01271	0.01787	0.01121	0.01649	0.00844	0.00641	0.00619	0.00214	0.00822	0.00550	0.00299	0.00716
70	0.01254	0.01183	0.02000	0.69270	0.10653	0.01445	0.01811	0.01681	0.01308	0.01692	0.01154	0.01712	0.00876	0.00640	0.00645	0.00213	0.00853	0.00574	0.00290	0.00745
71	0.00839	0.00601	0.00787	0.00918	0.00970	0.00571	0.00619	0.03093	0.01293	0.01725	0.03498	0.74518	0.04174	0.01985	0.00819	0.00260	0.00385	0.01798	0.00601	0.00543
72	0.00793	0.00567	0.00755	0.00896	0.00938	0.00529	0.00600	0.00914	0.01263	0.01691	0.06603	0.73711	0.04353	0.01993	0.00822	0.00260	0.00372	0.01808	0.00605	0.00529
73	0.02406	0.01697	0.04526	0.01377	0.01859	0.09487	0.01147	0.26345	0.14511	0.26795	0.01998	0.01869	0.01379	0.00783	0.00641	0.00198	0.00681	0.00608	0.00651	0.01042
74	0.81856	0.01250	0.00950	0.00850	0.01250	0.01449	0.00700	0.01899	0.01100	0.02899	0.00900	0.01050	0.00700	0.00600	0.00400	0.00200	0.00500	0.00350	0.00400	0.00700
75	0.02434	0.01497	0.01711	0.01326	0.01803	0.01570	0.01089	0.45047	0.02583	0.23745	0.08701	0.02051	0.01722	0.00835	0.00658	0.00197	0.00626	0.00658	0.00696	0.01052
76	0.01343	0.11447	0.66252	0.01761	0.02672	0.01616	0.02248	0.02034	0.01359	0.01989	0.01131	0.01328	0.00820	0.00607	0.00592	0.00197	0.00926	0.00463	0.00273	0.00941
77	0.01262	0.01175	0.01886	0.67625	0.04148	0.01454	0.01710	0.01845	0.09011	0.01766	0.01310	0.01798	0.00982	0.00671	0.00647	0.00216	0.00823	0.00591	0.00327	0.00751
78	0.00816	0.00568	0.00752	0.00879	0.00924	0.00529	0.00589	0.00896	0.01217	0.01608	0.03534	0.65567	0.08417	0.02019	0.00974	0.07555	0.00389	0.01691	0.00571	0.00504
79	0.00775	0.00649	0.00669	0.00675	0.00875	0.00549	0.00498	0.00937	0.01459	0.01759	0.08765	0.09800	0.64925	0.03748	0.00837	0.00231	0.00337	0.01369	0.00598	0.00543
80	0.01628	0.57471	0.02879	0.01165	0.01591	0.05115	0.01086	0.01816	0.01260	0.01510	0.01011	0.01354	0.00965	0.05274	0.05159	0.00236	0.08990	0.00427	0.00290	0.00773
81	0.01544	0.01537	0.01760	0.05401	0.01768	0.12388	0.01269	0.04330	0.01248	0.01750	0.01091	0.01559	0.00980	0.01155	0.04941	0.00279	0.46640	0.00555	0.09094	0.00711
82	0.00786	0.00566	0.00746	0.00891	0.00935	0.00526	0.00596	0.00901	0.01246	0.01653	0.03672	0.74254	0.06819	0.02010	0.00822	0.00261	0.00373	0.01819	0.00600	0.00526
83	0.01017	0.00621	0.00831	0.00927	0.01015	0.00571	0.00638	0.01145	0.01304	0.09506	0.03451	0.68729	0.03982	0.01891	0.00806	0.00256	0.00394	0.01707	0.00622	0.00587

[dist]
# distance from previous block
# <min> <max>
4	12

[block]
# block no. 3 follows, 34 sequences, length 105
# corresponding to MSA columns:
# 359-382,399-479
name=unknown_D
#
# <colnr> <probs for GDERKNQSTAVLIFYWHMCP>
#	G	D	E	R	K	N	Q	S	T	A	V	L	I	F	Y	W	H	M	C	P
0	0.01799	0.04954	0.01894	0.18850	0.10050	0.28159	0.01381	0.04165	0.13947	0.01909	0.01395	0.01643	0.01111	0.00928	0.04885	0.00240	0.00940	0.00542	0.00385	0.00822
1	0.01313	0.08318	0.28967	0.05742	0.02206	0.01352	0.06966	0.07293	0.01549	0.02117	0.06189	0.02578	0.15847	0.00856	0.00643	0.00196	0.00724	0.00715	0.00406	0.06022
2	0.01178	0.00938	0.01084	0.00855	0.01198	0.00767	0.00615	0.01350	0.01178	0.01761	0.01506	0.02505	0.01519	0.31470	0.01612	0.00310	0.00538	0.00607	0.00386	0.48622
3	0.06771	0.01353	0.05643	0.01231	0.01682	0.01270	0.01050	0.12297	0.17833	0.31214	0.07970	0.02451	0.01962	0.00872	0.00653	0.00208	0.00566	0.03305	0.00678	0.00992
4	0.01057	0.00723	0.00819	0.00786	0.00834	0.00742	0.00481	0.06613	0.01122	0.01502	0.02030	0.06092	0.02277	0.66098	0.05757	0.00597	0.00668	0.00928	0.00416	0.00460
5	0.01009	0.00671	0.00854	0.00928	0.01020	0.00650	0.00654	0.01218	0.04801	0.05819	0.03228	0.45101	0.05249	0.15843	0.01271	0.00328	0.00464	0.09751	0.00575	0.00567
6	0.01072	0.00843	0.01003	0.01057	0.01209	0.00892	0.00772	0.01753	0.24123	0.02012	0.03249	0.47223	0.03486	0.01635	0.00776	0.00251	0.00437	0.06897	0.00618	0.00691
7	0.35388	0.06295	0.05705	0.01274	0.01638	0.20498	0.01080	0.04694	0.01381	0.02268	0.00987	0.01202	0.00808	0.00703	0.00721	0.00199	0.11705	0.00420	0.02286	0.00749
8	0.02669	0.01468	0.01728	0.01325	0.01833	0.01497	0.01094	0.38417	0.02466	0.37570	0.02031	0.01863	0.01340	0.00787	0.00648	0.00197	0.00633	0.00614	0.00720	0.01099
9	0.00826	0.00657	0.00741	0.00720	0.00911	0.00572	0.00540	0.01048	0.01620	0.02096	0.34055	0.05641	0.45272	0.01506	0.00763	0.00212	0.00318	0.01283	0.00646	0.00572
10	0.01456	0.01412	0.02502	0.37246	0.22753	0.01535	0.15759	0.05845	0.01489	0.02000	0.01222	0.01683	0.00943	0.00614	0.00668	0.00208	0.00873	0.00613	0.00325	0.00854
11	0.01042	0.00624	0.00645	0.00639	0.00811	0.00586	0.00480	0.01302	0.01439	0.02227	0.10666	0.03804	0.23619	0.01077	0.00577	0.00176	0.00309	0.00890	0.48501	0.00586
12	0.00795	0.00565	0.00748	0.00890	0.00926	0.00530	0.00590	0.00902	0.01223	0.01630	0.03487	0.73325	0.04180	0.05698	0.00945	0.00280	0.00387	0.01793	0.00590	0.00518
13	0.01494	0.01212	0.01521	0.01096	0.01667	0.00966	0.04857	0.05061	0.01461	0.06324	0.01258	0.01423	0.01002	0.00515	0.00513	0.00113	0.00529	0.00430	0.00416	0.68143
14	0.00822	0.00587	0.00790	0.00940	0.00993	0.00555	0.00661	0.00961	0.01272	0.01689	0.03542	0.67225	0.04197	0.01991	0.00834	0.00267	0.00405	0.11135	0.00599	0.00535
15	0.01614	0.05823	0.07796	0.01476	0.01971	0.01276	0.15034	0.08502	0.06461	0.11098	0.04533	0.12933	0.01790	0.00863	0.00654	0.00191	0.00663	0.00785	0.00496	0.16040
16	0.01836	0.01595	0.07829	0.01495	0.04783	0.01400	0.06957	0.20907	0.09085	0.09285	0.01555	0.01631	0.01151	0.00650	0.00599	0.00168	0.00654	0.00544	0.00504	0.27371
17	0.02231	0.01654	0.01868	0.01636	0.07845	0.01817	0.01230	0.46851	0.17510	0.07841	0.01813	0.01777	0.01309	0.00782	0.00648	0.00199	0.00664	0.00617	0.00631	0.01076
18	0.01357	0.03875	0.01124	0.00967	0.01224	0.00862	0.00779	0.03479	0.06643	0.13959	0.22869	0.04699	0.17406	0.04237	0.00841	0.00238	0.00456	0.13622	0.00647	0.00717
19	0.01220	0.01148	0.01938	0.75739	0.04450	0.01436	0.01794	0.01651	0.01292	0.01651	0.01148	0.01723	0.00861	0.00646	0.00646	0.00215	0.00861	0.00574	0.00287	0.00718
20	0.01892	0.30769	0.17584	0.01410	0.02012	0.06248	0.01408	0.20830	0.06216	0.04023	0.01280	0.01363	0.00988	0.00658	0.00549	0.00175	0.00765	0.00472	0.00414	0.00942
21	0.06870	0.01822	0.01875	0.01503	0.01961	0.15457	0.07278	0.27514	0.10810	0.13979	0.03382	0.01751	0.01319	0.00753	0.00635	0.00195	0.00759	0.00596	0.00571	0.00969
22	0.00776	0.00655	0.00671	0.00667	0.00880	0.00551	0.00500	0.00951	0.01501	0.01813	0.11837	0.06107	0.67666	0.01611	0.00764	0.00217	0.00325	0.01348	0.00609	0.00551
23	0.06686	0.01597	0.10516	0.01452	0.05873	0.01486	0.01200	0.15551	0.29085	0.05482	0.09184	0.02380	0.04962	0.00864	0.00647	0.00207	0.00592	0.00706	0.00580	0.00950
24	0.05475	0.11360	0.02596	0.01872	0.05233	0.12158	0.20469	0.26225	0.02057	0.04486	0.01308	0.01483	0.00987	0.00653	0.00630	0.00190	0.00866	0.00570	0.00448	0.00933
25	0.03868	0.01301	0.01396	0.01182	0.01581	0.05458	0.00939	0.06807	0.27838	0.27312	0.02967	0.02730	0.11880	0.00934	0.00659	0.00207	0.00547	0.00758	0.00674	0.00962
26	0.00764	0.00655	0.00655	0.00655	0.00873	0.00545	0.00491	0.00927	0.01473	0.01745	0.06546	0.06218	0.73000	0.01636	0.00764	0.00218	0.00327	0.01364	0.00600	0.00545
27	0.01205	0.01158	0.01996	0.01862	0.12985	0.01099	0.21675	0.01646	0.05588	0.02162	0.20371	0.03609	0.19800	0.01026	0.00738	0.00210	0.00627	0.00978	0.00506	0.00760
28	0.03780	0.01720	0.04656	0.02067	0.11148	0.03345	0.19201	0.30480	0.07209	0.02927	0.01600	0.05983	0.01281	0.00759	0.00678	0.00205	0.00794	0.00698	0.00497	0.00971
29	0.02044	0.01765	0.01526	0.01337	0.01696	0.21823	0.01031	0.06390	0.30902	0.14382	0.02057	0.02088	0.01559	0.05200	0.00780	0.00221	0.00711	0.00630	0.02943	0.00914
30	0.01189	0.00604	0.00608	0.00608	0.00750	0.00604	0.00448	0.01473	0.01331	0.02342	0.02104	0.02514	0.01696	0.05164	0.00615	0.00178	0.00320	0.00622	0.76240	0.00590
31	0.17457	0.01696	0.01753	0.01647	0.10656	0.09417	0.01185	0.31789	0.02130	0.09922	0.01413	0.01498	0.01038	0.00718	0.00633	0.00194	0.03038	0.00526	0.02336	0.00953
32	0.01552	0.01487	0.02537	0.12899	0.64697	0.01523	0.01960	0.01942	0.01449	0.02054	0.01207	0.01615	0.01003	0.00584	0.00640	0.00195	0.00779	0.00576	0.00316	0.00985
33	0.00767	0.00643	0.00666	0.00685	0.00881	0.00543	0.00504	0.00924	0.01443	0.01734	0.06174	0.15012	0.64446	0.01685	0.00771	0.00224	0.00333	0.01423	0.00600	0.00543
34	0.01520	0.01455	0.02480	0.18873	0.58970	0.01515	0.01944	0.01914	0.01434	0.02015	0.01201	0.01625	0.00990	0.00590	0.00641	0.00197	0.00787	0.00575	0.00313	0.00960
35	0.02092	0.12584	0.01943	0.01604	0.05899	0.51690	0.01165	0.02256	0.01631	0.01563	0.01127	0.01554	0.01032	0.10183	0.00900	0.00221	0.01012	0.00481	0.00332	0.00731
36	0.00787	0.00562	0.00750	0.00900	0.00937	0.00525	0.00600	0.00900	0.01237	0.01649	0.03561	0.76871	0.04274	0.02024	0.00825	0.00262	0.00375	0.01837	0.00600	0.00525
37	0.00902	0.00651	0.00855	0.00835	0.00973	0.00603	0.00622	0.01183	0.01745	0.02454	0.62184	0.13868	0.05798	0.01423	0.00774	0.00213	0.00322	0.03303	0.00694	0.00599
38	0.00939	0.00629	0.00718	0.00718	0.00722	0.00633	0.00408	0.00948	0.00943	0.01262	0.02024	0.04163	0.02321	0.74500	0.06043	0.00642	0.00669	0.00930	0.00390	0.00399
39	0.04252	0.01048	0.01409	0.01102	0.01556	0.00917	0.00902	0.02883	0.01832	0.63423	0.11274	0.02503	0.02141	0.00861	0.00659	0.00200	0.00518	0.00708	0.00781	0.01031
40	0.00802	0.00651	0.00712	0.00708	0.00899	0.00560	0.00527	0.00998	0.01547	0.01949	0.22792	0.09946	0.52490	0.01581	0.00767	0.00217	0.00324	0.01343	0.00628	0.00560
41	0.00795	0.00568	0.00759	0.00909	0.00950	0.00532	0.00613	0.00913	0.01245	0.01658	0.03557	0.74714	0.04256	0.02017	0.00827	0.00263	0.00382	0.03916	0.00600	0.00527
42	0.00800	0.00625	0.00729	0.00791	0.00931	0.00554	0.00573	0.00964	0.01413	0.01787	0.10470	0.32839	0.37776	0.01767	0.00794	0.00238	0.00359	0.05436	0.00608	0.00546
43	0.14084	0.01066	0.01315	0.01044	0.01495	0.00972	0.00856	0.02691	0.01694	0.54483	0.02807	0.02533	0.10355	0.00875	0.00628	0.00202	0.00515	0.00695	0.00717	0.00973
44	0.11117	0.16766	0.03908	0.01668	0.06209	0.42647	0.05114	0.02305	0.01601	0.01788	0.01003	0.01191	0.00836	0.00624	0.00545	0.00170	0.00968	0.00426	0.00327	0.00787
45	0.02340	0.11074	0.01998	0.01605	0.01961	0.66967	0.01233	0.02511	0.01776	0.01575	0.00988	0.01151	0.00832	0.00654	0.00565	0.00163	0.01114	0.00409	0.00327	0.00758
46	0.01532	0.01652	0.03220	0.11771	0.21979	0.03526	0.42526	0.02010	0.01491	0.02017	0.01256	0.01687	0.00974	0.00568	0.00711	0.00209	0.00979	0.00681	0.00320	0.00890
47	0.00786	0.00568	0.00744	0.00886	0.00933	0.00526	0.00593	0.00901	0.01251	0.01655	0.03734	0.72782	0.08250	0.02002	0.00821	0.00260	0.00372	0.01809	0.00600	0.00526
48	0.00799	0.00656	0.00704	0.00692	0.00895	0.00561	0.00519	0.00997	0.01557	0.01946	0.22317	0.05888	0.57103	0.01561	0.00763	0.00215	0.00322	0.01317	0.00626	0.00561
49	0.01979	0.01439	0.01571	0.01329	0.01747	0.01600	0.01057	0.18235	0.46853	0.13208	0.02382	0.02192	0.01727	0.00843	0.00654	0.00211	0.00561	0.00686	0.00675	0.01050
50	0.00804	0.00578	0.00753	0.00885	0.00936	0.00540	0.00599	0.00921	0.01243	0.01643	0.03641	0.65913	0.08118	0.06331	0.00966	0.00282	0.00395	0.04344	0.00588	0.00521
51	0.00887	0.00659	0.00826	0.00784	0.00949	0.00598	0.00588	0.01167	0.01765	0.02439	0.61016	0.05076	0.18096	0.01378	0.00762	0.00206	0.00309	0.01204	0.00691	0.00598
52	0.01301	0.01206	0.01997	0.69132	0.04275	0.01475	0.03949	0.05683	0.01400	0.01804	0.01177	0.01713	0.00879	0.00650	0.00650	0.00214	0.00860	0.00581	0.00309	0.00745
53	0.01096	0.00832	0.01221	0.01519	0.10267	0.00830	0.01133	0.01393	0.01471	0.01939	0.03155	0.10607	0.03415	0.01648	0.00857	0.00282	0.00604	0.56526	0.00561	0.00644
54	0.06304	0.01668	0.02450	0.03563	0.62204	0.08621	0.01838	0.02036	0.01485	0.02105	0.01176	0.01525	0.00986	0.00586	0.00620	0.00190	0.00791	0.00547	0.00326	0.00978
55	0.01665	0.01660	0.02559	0.03780	0.67506	0.07444	0.01924	0.02031	0.01500	0.02068	0.01198	0.01564	0.01008	0.00583	0.00635	0.00190	0.00800	0.00563	0.00321	0.01001
56	0.00987	0.00770	0.01096	0.01061	0.01141	0.00921	0.00809	0.01165	0.01015	0.01463	0.01675	0.02701	0.01651	0.17335	0.52922	0.00871	0.10790	0.00721	0.00346	0.00560
57	0.03591	0.01248	0.01345	0.01250	0.05507	0.04102	0.00881	0.24842	0.07681	0.02551	0.01802	0.02569	0.01619	0.24888	0.04722	0.00363	0.00686	0.00701	0.08881	0.00769
58	0.00795	0.00626	0.00723	0.00793	0.00935	0.00553	0.00578	0.00950	0.01383	0.01723	0.05138	0.33662	0.40793	0.01799	0.00798	0.00242	0.00367	0.07002	0.00600	0.00541
59	0.01562	0.01755	0.06195	0.01735	0.01870	0.10989	0.04124	0.03496	0.01189	0.01670	0.00920	0.01396	0.00856	0.01011	0.01752	0.00259	0.57628	0.00550	0.00299	0.00743
60	0.01560	0.01248	0.01430	0.01059	0.01607	0.01067	0.00851	0.10479	0.07285	0.05159	0.01372	0.01486	0.01081	0.00560	0.00520	0.00122	0.00513	0.00446	0.00454	0.61700
61	0.05328	0.04293	0.01448	0.01122	0.01533	0.01187	0.00918	0.10961	0.11948	0.34083	0.06734	0.02648	0.05990	0.00903	0.00642	0.00201	0.00528	0.03249	0.05333	0.00953
62	0.01727	0.77681	0.03386	0.01106	0.01658	0.02557	0.01106	0.01935	0.01313	0.01520	0.00898	0.01036	0.00829	0.00553	0.00415	0.00138	0.00691	0.00345	0.00276	0.00829
63	0.00818	0.00594	0.00748	0.00858	0.00922	0.00553	0.00584	0.00934	0.01248	0.01630	0.03784	0.53850	0.13699	0.11324	0.01127	0.00303	0.00412	0.05524	0.00574	0.00515
64	0.01336	0.01307	0.01962	0.31570	0.02807	0.01760	0.01567	0.01594	0.01112	0.01594	0.00969	0.01538	0.00853	0.00935	0.01526	0.00256	0.45750	0.00569	0.00284	0.00711
65	0.00784	0.00574	0.00737	0.00867	0.00929	0.00528	0.00585	0.00903	0.01268	0.01662	0.03955	0.67542	0.13348	0.01973	0.00817	0.00257	0.00369	0.01774	0.00600	0.00528
66	0.00766	0.00647	0.00662	0.00675	0.00878	0.00544	0.00500	0.00925	0.01453	0.01737	0.06297	0.12099	0.67279	0.01669	0.00769	0.00222	0.00331	0.01403	0.00600	0.00544
67	0.01042	0.00809	0.01230	0.01056	0.01182	0.00787	0.12276	0.01168	0.01112	0.01528	0.04270	0.08916	0.02335	0.52173	0.02444	0.00491	0.00657	0.00962	0.05063	0.00501
68	0.02414	0.03079	0.01831	0.01665	0.01998	0.74698	0.01248	0.02580	0.01831	0.01581	0.00999	0.01165	0.00832	0.00666	0.00583	0.00166	0.01165	0.00416	0.00333	0.00749
69	0.00814	0.00586	0.00795	0.00910	0.00966	0.00567	0.00626	0.00957	0.01260	0.01707	0.08935	0.61801	0.04090	0.02319	0.10018	0.00354	0.00538	0.01640	0.00577	0.00538
70	0.00871	0.00659	0.00803	0.00767	0.00939	0.00591	0.00575	0.01135	0.01726	0.02346	0.53712	0.05229	0.25458	0.01412	0.00763	0.00208	0.00311	0.01225	0.00679	0.00591
71	0.01628	0.20886	0.31427	0.09759	0.02573	0.05474	0.05059	0.12066	0.01619	0.02148	0.01151	0.01359	0.00875	0.00625	0.00579	0.00187	0.00862	0.00482	0.00335	0.00905
72	0.02051	0.01340	0.01457	0.01180	0.01574	0.01444	0.00954	0.35592	0.11029	0.11301	0.01953	0.01971	0.01420	0.00785	0.00594	0.00186	0.00554	0.00614	0.23050	0.00951
73	0.02200	0.01630	0.01764	0.01404	0.01852	0.01797	0.01138	0.58469	0.06794	0.03692	0.01864	0.10975	0.01544	0.00937	0.00669	0.00204	0.00658	0.00747	0.00641	0.01023
74	0.01248	0.03008	0.64849	0.01714	0.02569	0.01390	0.02166	0.01943	0.01422	0.02114	0.10091	0.01795	0.01475	0.00702	0.00632	0.00204	0.00874	0.00563	0.00327	0.00912
75	0.02248	0.01655	0.01791	0.01414	0.01871	0.01820	0.01150	0.62369	0.02814	0.03771	0.01801	0.10925	0.01494	0.00931	0.00669	0.00202	0.00669	0.00738	0.00641	0.01027
76	0.01106	0.00764	0.00865	0.00831	0.00901	0.00783	0.00526	0.09667	0.01245	0.01662	0.02200	0.14572	0.02476	0.56706	0.02598	0.00519	0.00600	0.01027	0.00454	0.00499
77	0.01561	0.01760	0.11499	0.03702	0.64492	0.01531	0.02033	0.01991	0.01458	0.02103	0.01208	0.01570	0.00998	0.00580	0.00636	0.00193	0.00791	0.00563	0.00314	0.01015
78	0.01899	0.01706	0.10583	0.01395	0.01878	0.03754	0.01233	0.19105	0.30561	0.10820	0.02131	0.02262	0.01613	0.00845	0.00654	0.00208	0.00642	0.04564	0.00601	0.03547
79	0.12588	0.01195	0.01461	0.01141	0.01614	0.01139	0.00937	0.11990	0.01894	0.52705	0.03441	0.02062	0.01517	0.02503	0.00680	0.00209	0.00563	0.00619	0.00719	0.01025
80	0.01248	0.03008	0.64849	0.01714	0.02569	0.01390	0.02166	0.01943	0.01422	0.02114	0.10091	0.01795	0.01475	0.00702	0.00632	0.00204	0.00874	0.00563	0.00327	0.00912
81	0.03746	0.02236	0.10830	0.01538	0.02062	0.17482	0.01350	0.44950	0.02499	0.03212	0.01484	0.01541	0.02618	0.00748	0.00627	0.00190	0.00826	0.00547	0.00527	0.00986
82	0.01183	0.00664	0.00919	0.00901	0.00946	0.00691	0.00619	0.01164	0.09710	0.01319	0.01310	0.02020	0.01228	0.02074	0.02293	0.71122	0.00555	0.00582	0.00327	0.00373
83	0.01514	0.01302	0.01475	0.10548	0.01973	0.01508	0.01090	0.04680	0.55853	0.02521	0.02494	0.08317	0.01998	0.00938	0.00669	0.00222	0.00549	0.00797	0.00606	0.00946
84	0.01340	0.01148	0.01340	0.00957	0.01531	0.00861	0.00766	0.01627	0.01340	0.02105	0.01148	0.01340	0.00957	0.00479	0.00479	0.00096	0.00479	0.00383	0.00383	0.81242
85	0.00793	0.00639	0.00679	0.00699	0.00863	0.00554	0.00497	0.00933	0.01383	0.01693	0.07329	0.15641	0.52995	0.11097	0.01086	0.00275	0.00370	0.01371	0.00577	0.00525
86	0.01204	0.00602	0.00602	0.00602	0.00753	0.00602	0.00452	0.01506	0.01355	0.02409	0.02108	0.02409	0.01656	0.00753	0.00452	0.00151	0.00301	0.00602	0.80879	0.00602
87	0.00787	0.00562	0.00750	0.00900	0.00937	0.00525	0.00600	0.00900	0.01237	0.01649	0.03561	0.76871	0.04274	0.02024	0.00825	0.00262	0.00375	0.01837	0.00600	0.00525
88	0.01340	0.01148	0.01340	0.00957	0.01531	0.00861	0.00766	0.01627	0.01340	0.02105	0.01148	0.01340	0.00957	0.00479	0.00479	0.00096	0.00479	0.00383	0.00383	0.81242
89	0.01589	0.01574	0.02449	0.16333	0.56347	0.06554	0.01900	0.01966	0.01465	0.01994	0.01189	0.01591	0.00982	0.00594	0.00637	0.00194	0.00811	0.00564	0.00315	0.00951
90	0.00999	0.00724	0.00863	0.00828	0.00828	0.00795	0.00519	0.01016	0.00946	0.01290	0.01888	0.03878	0.02162	0.67813	0.03143	0.00584	0.10021	0.00893	0.00378	0.00431
91	0.01763	0.68830	0.03179	0.01152	0.01673	0.08808	0.01109	0.01968	0.01350	0.01525	0.00932	0.01093	0.00853	0.00693	0.02680	0.00168	0.00764	0.00362	0.00283	0.00815
92	0.02027	0.01337	0.01550	0.01251	0.01707	0.01342	0.01028	0.25554	0.10842	0.17415	0.02058	0.02514	0.01631	0.00868	0.00648	0.00192	0.00591	0.09704	0.00619	0.17120
93	0.04298	0.02439	0.10792	0.03763	0.02125	0.30968	0.01366	0.25566	0.07991	0.02607	0.01342	0.01437	0.01012	0.00711	0.00611	0.00187	0.00905	0.00508	0.00458	0.00913
94	0.81856	0.01250	0.00950	0.00850	0.01250	0.01449	0.00700	0.01899	0.01100	0.02899	0.00900	0.01050	0.00700	0.00600	0.00400	0.00200	0.00500	0.00350	0.00400	0.00700
95	0.01013	0.00676	0.00888	0.00873	0.00946	0.00721	0.00602	0.01127	0.01022	0.04348	0.01919	0.03383	0.01987	0.41485	0.35385	0.00795	0.01121	0.00816	0.00388	0.00504
96	0.00866	0.00619	0.00840	0.00990	0.01062	0.00593	0.00737	0.01036	0.01315	0.01738	0.03518	0.55282	0.04101	0.01950	0.00846	0.00273	0.00443	0.22648	0.00598	0.00547
97	0.01265	0.01195	0.01695	0.01497	0.01532	0.01625	0.01230	0.01434	0.01004	0.01538	0.01115	0.01754	0.01080	0.02255	0.24082	0.00511	0.53613	0.00604	0.00302	0.00668
98	0.32502	0.01116	0.01220	0.00992	0.01426	0.01110	0.00815	0.02546	0.01527	0.41280	0.01892	0.01783	0.01265	0.00721	0.00540	0.00196	0.00511	0.00533	0.07116	0.00909
99	0.01414	0.01414	0.01979	0.01696	0.01696	0.01979	0.01414	0.01555	0.00990	0.01555	0.00848	0.01414	0.00848	0.01131	0.02120	0.00283	0.76110	0.00565	0.00283	0.00707
100	0.01149	0.00715	0.00926	0.00842	0.01043	0.00647	0.00642	0.01436	0.01803	0.11374	0.58802	0.04612	0.10940	0.01282	0.00748	0.00204	0.00337	0.01120	0.00713	0.00665
101	0.02456	0.01810	0.01939	0.01487	0.02004	0.02004	0.01228	0.71107	0.03038	0.04072	0.01551	0.01551	0.01099	0.00776	0.00646	0.00194	0.00711	0.00582	0.00646	0.01099
102	0.00984	0.00782	0.01155	0.01120	0.01221	0.00953	0.00883	0.01204	0.01032	0.01507	0.01621	0.02398	0.01520	0.04384	0.65695	0.00944	0.10988	0.00676	0.00338	0.00593
103	0.00785	0.00570	0.00742	0.00879	0.00932	0.00527	0.00591	0.00902	0.01257	0.01657	0.03810	0.70990	0.09994	0.01992	0.00820	0.00259	0.00371	0.01797	0.00600	0.00527
104	0.02479	0.01505	0.04035	0.01380	0.01839	0.01534	0.01169	0.31180	0.02221	0.33498	0.01878	0.01806	0.01273	0.00825	0.00830	0.00208	0.10034	0.00606	0.00655	0.01046

[dist]
# distance from previous block
# <min> <max>
0	1

[block]
# block no. 4 follows, 34 sequences, length 45
# corresponding to MSA columns:
# 481-525
name=unknown_E
#
# <colnr> <probs for GDERKNQSTAVLIFYWHMCP>
#	G	D	E	R	K	N	Q	S	T	A	V	L	I	F	Y	W	H	M	C	P
0	0.01865	0.58934	0.08860	0.01196	0.01766	0.05547	0.01198	0.02120	0.01406	0.10315	0.01124	0.01210	0.00922	0.00593	0.00467	0.00152	0.00717	0.00396	0.00342	0.00869
1	0.01261	0.00657	0.00663	0.00642	0.00810	0.00666	0.00487	0.04662	0.01431	0.02484	0.02083	0.02370	0.01631	0.00754	0.00461	0.00153	0.00320	0.00601	0.77241	0.00625
2	0.01454	0.01693	0.08434	0.02145	0.02798	0.01400	0.45387	0.01940	0.01459	0.02078	0.01250	0.01597	0.00961	0.00531	0.00669	0.00181	0.00902	0.00631	0.00339	0.24150
3	0.02899	0.01100	0.01499	0.01150	0.01649	0.00950	0.00950	0.03149	0.01849	0.73709	0.02549	0.02199	0.01599	0.00800	0.00650	0.00200	0.00550	0.00650	0.00800	0.01100
