[name]
unknown

[dist]
# distance from previous block
# <min> <max>
0	135

[block]
# block no. 0 follows, 29 sequences, length 53
# corresponding to MSA columns:
# 169-188,204-236
name=unknown_A
#
# <colnr> <probs for GDERKNQSTAVLIFYWHMCP>
#	G	D	E	R	K	N	Q	S	T	A	V	L	I	F	Y	W	H	M	C	P
0	0.00919	0.00684	0.00857	0.00975	0.01087	0.00632	0.00712	0.01089	0.01466	0.01885	0.04648	0.43038	0.20732	0.04738	0.01005	0.00299	0.00455	0.13533	0.00652	0.00593
1	0.02173	0.02509	0.01976	0.05490	0.13264	0.41808	0.01410	0.06507	0.01937	0.02038	0.02005	0.04908	0.09166	0.00906	0.00694	0.00203	0.01024	0.00689	0.00429	0.00862
2	0.01692	0.02177	0.17949	0.17866	0.05554	0.05094	0.24402	0.04785	0.01639	0.04868	0.01377	0.01776	0.01028	0.00713	0.00855	0.00236	0.05995	0.00675	0.00368	0.00950
3	0.00884	0.00624	0.00827	0.00978	0.01025	0.00581	0.00654	0.00990	0.01353	0.01794	0.03928	0.68338	0.07170	0.02225	0.00996	0.04067	0.00421	0.01936	0.00644	0.00566
4	0.01582	0.01547	0.02729	0.31911	0.31801	0.01666	0.11603	0.02110	0.04024	0.02139	0.01381	0.01873	0.01087	0.00673	0.00728	0.00227	0.00929	0.00670	0.00353	0.00967
5	0.01480	0.11496	0.63927	0.01941	0.02945	0.01780	0.02477	0.02242	0.01497	0.02192	0.01246	0.01464	0.00903	0.00669	0.00653	0.00218	0.01021	0.00510	0.00301	0.01037
6	0.01771	0.01530	0.01610	0.01449	0.01852	0.01771	0.01127	0.03784	0.69247	0.02979	0.02898	0.02657	0.02174	0.00966	0.00725	0.00242	0.00564	0.00805	0.00725	0.01127
7	0.01441	0.03206	0.56076	0.11332	0.03377	0.01658	0.08649	0.02201	0.01510	0.02201	0.01291	0.01593	0.00925	0.00674	0.00696	0.00228	0.01053	0.00569	0.00308	0.01010
8	0.02506	0.07053	0.02145	0.01804	0.02199	0.59675	0.03525	0.02872	0.08100	0.01869	0.01270	0.01422	0.01037	0.00744	0.00646	0.00189	0.01188	0.00498	0.00396	0.00862
9	0.00886	0.00635	0.00855	0.01012	0.01063	0.00604	0.00692	0.01025	0.01363	0.01822	0.03816	0.68181	0.04536	0.02378	0.04532	0.00334	0.00499	0.04533	0.00647	0.00584
10	0.01030	0.00713	0.00890	0.00890	0.00929	0.00752	0.00573	0.01108	0.01069	0.01464	0.02140	0.04087	0.02340	0.53545	0.24714	0.00830	0.01065	0.00952	0.00416	0.00494
11	0.01887	0.01960	0.02455	0.02008	0.02242	0.13453	0.11537	0.09627	0.01590	0.02123	0.01127	0.01586	0.00986	0.01021	0.01649	0.00269	0.42611	0.00631	0.00374	0.00864
12	0.02701	0.02160	0.02123	0.01662	0.02207	0.10497	0.01356	0.60415	0.03190	0.04162	0.01637	0.01659	0.01176	0.00840	0.00704	0.00210	0.00843	0.00619	0.00671	0.01165
13	0.02624	0.03085	0.02044	0.01803	0.02189	0.57537	0.01379	0.13830	0.02206	0.02205	0.01197	0.01367	0.00968	0.00775	0.00721	0.00194	0.04069	0.00496	0.00423	0.00889
14	0.00868	0.00620	0.00826	0.00991	0.01033	0.00578	0.00661	0.00991	0.01363	0.01818	0.03925	0.74510	0.04710	0.02231	0.00909	0.00289	0.00413	0.02024	0.00661	0.00578
15	0.01043	0.00699	0.00802	0.00813	0.00824	0.00699	0.00480	0.01065	0.01076	0.01431	0.02346	0.04886	0.02690	0.70068	0.03447	0.00666	0.00688	0.05385	0.00447	0.00447
16	0.01390	0.01312	0.02218	0.65759	0.12053	0.01594	0.02000	0.01859	0.01445	0.01875	0.01274	0.01884	0.00969	0.00703	0.00711	0.00234	0.00938	0.00633	0.00320	0.00828
17	0.00897	0.00641	0.00860	0.01025	0.01079	0.00604	0.00712	0.01042	0.01392	0.01851	0.03908	0.67553	0.04646	0.02203	0.00917	0.00293	0.00439	0.08693	0.00660	0.00586
18	0.01681	0.01921	0.04202	0.03001	0.03721	0.01801	0.67947	0.02281	0.01681	0.02281	0.01441	0.01921	0.01080	0.00600	0.00840	0.00240	0.01200	0.00840	0.00360	0.00960
19	0.00932	0.00764	0.00827	0.00804	0.01034	0.00679	0.00605	0.01246	0.05162	0.02220	0.23418	0.06239	0.50210	0.01670	0.00835	0.00236	0.00365	0.01411	0.00696	0.00646
20	0.04119	0.14094	0.44929	0.02292	0.13906	0.01840	0.04840	0.02221	0.01512	0.02210	0.01241	0.01496	0.00944	0.00656	0.00647	0.00213	0.00964	0.00530	0.00317	0.01031
21	0.01428	0.03683	0.71286	0.02030	0.03082	0.01654	0.02631	0.02255	0.01503	0.02255	0.01278	0.01503	0.00902	0.00677	0.00677	0.00226	0.01052	0.00526	0.00301	0.01052
22	0.01069	0.00794	0.01030	0.01132	0.01293	0.00777	0.00916	0.01427	0.05261	0.02164	0.11427	0.21164	0.12815	0.01892	0.00920	0.00293	0.00528	0.33766	0.00675	0.00660
23	0.00890	0.00638	0.00815	0.00945	0.01019	0.00589	0.00642	0.01038	0.01428	0.01912	0.07383	0.61094	0.11721	0.02092	0.00882	0.00276	0.00401	0.01879	0.03770	0.00589
24	0.07288	0.02368	0.16303	0.02507	0.21065	0.11894	0.05680	0.14607	0.05071	0.04374	0.01451	0.01657	0.01104	0.00719	0.00683	0.00215	0.00921	0.00594	0.00447	0.01053
25	0.01605	0.03292	0.58910	0.02152	0.07529	0.01610	0.04406	0.02352	0.01561	0.07978	0.01414	0.01610	0.00994	0.00688	0.00687	0.00225	0.01006	0.00559	0.00354	0.01068
26	0.00936	0.00710	0.00863	0.00856	0.01028	0.00637	0.00630	0.01194	0.01801	0.02419	0.41229	0.15676	0.26081	0.01674	0.00850	0.00238	0.00355	0.01459	0.00728	0.00637
27	0.01793	0.01886	0.02806	0.15509	0.32121	0.11493	0.14180	0.02279	0.04366	0.02154	0.01361	0.01778	0.01094	0.00690	0.00780	0.00222	0.03487	0.00654	0.00363	0.00984
28	0.00961	0.00755	0.00893	0.00881	0.01090	0.00651	0.00642	0.01178	0.01623	0.02159	0.20501	0.25830	0.27914	0.01701	0.00825	0.00235	0.00389	0.01482	0.00663	0.09628
29	0.01874	0.01642	0.02597	0.11203	0.48938	0.01679	0.01949	0.10163	0.01818	0.05256	0.01431	0.01782	0.01140	0.00674	0.00698	0.00210	0.00824	0.00628	0.00417	0.05079
30	0.06192	0.16109	0.15613	0.02114	0.14677	0.11834	0.03940	0.09508	0.01795	0.04623	0.01296	0.01498	0.01019	0.00677	0.00623	0.00194	0.00891	0.00524	0.00402	0.06470
31	0.01844	0.01693	0.02723	0.10719	0.49774	0.01757	0.04672	0.10998	0.04210	0.02585	0.01440	0.01807	0.01156	0.00682	0.00713	0.00217	0.00852	0.00649	0.00410	0.01099
32	0.01262	0.03794	0.04421	0.09570	0.01972	0.04052	0.04728	0.01692	0.05638	0.01968	0.09897	0.05349	0.02236	0.03038	0.34115	0.00658	0.03601	0.00823	0.00443	0.00743
33	0.05620	0.01685	0.06320	0.12452	0.24577	0.03776	0.06844	0.04872	0.10148	0.02408	0.04623	0.02317	0.06054	0.00840	0.00795	0.00229	0.04292	0.00731	0.00447	0.00969
34	0.02017	0.07296	0.05955	0.10072	0.17162	0.24824	0.01602	0.02530	0.09244	0.04861	0.02988	0.03757	0.01367	0.00798	0.00715	0.00210	0.02604	0.00627	0.00427	0.00943
35	0.01428	0.01157	0.01436	0.07982	0.06337	0.07167	0.02853	0.04286	0.01495	0.06495	0.02457	0.25099	0.02570	0.12304	0.13188	0.00461	0.00906	0.01142	0.00513	0.00724
36	0.01048	0.00764	0.00855	0.00836	0.00957	0.00731	0.00557	0.04477	0.01466	0.01907	0.11991	0.10783	0.22507	0.35617	0.02128	0.00449	0.00536	0.01258	0.00572	0.00560
37	0.04692	0.11250	0.20995	0.07407	0.07057	0.05665	0.05297	0.04258	0.10642	0.02254	0.01615	0.06618	0.01368	0.00864	0.00814	0.00228	0.06930	0.00682	0.00413	0.00952
38	0.04445	0.09153	0.04498	0.01912	0.10581	0.11569	0.05251	0.10176	0.10267	0.08991	0.05239	0.02054	0.03076	0.00841	0.00788	0.00213	0.05729	0.00659	0.00518	0.04037
39	0.01217	0.00625	0.00913	0.00913	0.00913	0.00625	0.00600	0.00938	0.00938	0.01251	0.01335	0.02409	0.01369	0.09568	0.02865	0.71592	0.00625	0.00659	0.00321	0.00321
40	0.00971	0.00681	0.00825	0.00861	0.00933	0.00652	0.00565	0.01054	0.01298	0.01710	0.09086	0.22088	0.14951	0.29539	0.06001	0.05783	0.00599	0.01338	0.00546	0.00520
41	0.04921	0.04785	0.28108	0.02026	0.07334	0.11539	0.08922	0.05021	0.07107	0.06041	0.01806	0.02037	0.04347	0.00790	0.00696	0.00221	0.00944	0.01932	0.00431	0.00993
42	0.02057	0.11989	0.10989	0.02272	0.13224	0.14466	0.11058	0.14155	0.08320	0.02566	0.01470	0.01662	0.01141	0.00719	0.00680	0.00208	0.00950	0.00603	0.00442	0.01028
43	0.00991	0.00672	0.00790	0.00834	0.00845	0.00661	0.00493	0.01024	0.01123	0.01497	0.02691	0.23263	0.03154	0.55601	0.02901	0.00583	0.00617	0.01299	0.00493	0.00471
44	0.01655	0.01847	0.10516	0.09583	0.39578	0.01665	0.06962	0.02372	0.11704	0.02355	0.01742	0.02042	0.03302	0.00728	0.00720	0.00223	0.00849	0.00689	0.00409	0.01061
45	0.03841	0.04039	0.07001	0.02088	0.11144	0.06404	0.12757	0.12305	0.11740	0.13047	0.02231	0.02285	0.06169	0.00837	0.00724	0.00222	0.00820	0.00736	0.00560	0.01047
46	0.01503	0.01210	0.04140	0.01202	0.01430	0.04339	0.03316	0.01961	0.11671	0.08833	0.06820	0.06167	0.02443	0.29010	0.06373	0.00463	0.04603	0.00920	0.02861	0.00737
47	0.00966	0.00731	0.00903	0.00981	0.01111	0.00696	0.00706	0.01278	0.06206	0.02102	0.14952	0.41991	0.16547	0.01926	0.00878	0.00269	0.00418	0.06013	0.00685	0.00640
48	0.04321	0.07406	0.21986	0.06167	0.09927	0.11744	0.04451	0.06780	0.06811	0.02317	0.01554	0.04252	0.01303	0.00838	0.00771	0.00225	0.04626	0.03148	0.00410	0.00963
49	0.07614	0.05138	0.09115	0.02177	0.10486	0.11598	0.13590	0.17889	0.07501	0.02819	0.01588	0.01937	0.01255	0.00778	0.00703	0.00220	0.00921	0.03173	0.00482	0.01015
50	0.00927	0.00717	0.00839	0.00915	0.01055	0.00662	0.00655	0.01157	0.04218	0.01901	0.05046	0.35231	0.30072	0.06881	0.01063	0.00298	0.00436	0.06673	0.00648	0.00606
51	0.01841	0.07846	0.14961	0.02321	0.18686	0.09108	0.06760	0.05785	0.03924	0.04566	0.01387	0.01620	0.01089	0.00657	0.00650	0.00189	0.00866	0.00558	0.00404	0.16781
52	0.06755	0.31777	0.19870	0.01588	0.04881	0.08190	0.01558	0.05766	0.03591	0.02228	0.06514	0.01667	0.01411	0.00730	0.00588	0.00191	0.00832	0.00530	0.00391	0.00944

[dist]
# distance from previous block
# <min> <max>
15	35

[block]
# block no. 1 follows, 29 sequences, length 12
# corresponding to MSA columns:
# 273-284
name=unknown_B
#
# <colnr> <probs for GDERKNQSTAVLIFYWHMCP>
#	G	D	E	R	K	N	Q	S	T	A	V	L	I	F	Y	W	H	M	C	P
0	0.01692	0.15619	0.08689	0.04612	0.18685	0.09194	0.07660	0.04519	0.01637	0.02096	0.03625	0.08971	0.03774	0.05188	0.00860	0.00239	0.00850	0.00779	0.00409	0.00904
1	0.12117	0.01475	0.01951	0.02101	0.18260	0.05510	0.08937	0.02276	0.12472	0.04377	0.08057	0.02677	0.06481	0.04353	0.00830	0.00242	0.00704	0.00780	0.05492	0.00908
2	0.01618	0.10493	0.05380	0.08956	0.31640	0.01628	0.01645	0.04629	0.05973	0.02302	0.04268	0.07821	0.03541	0.00860	0.00687	0.00211	0.00740	0.00760	0.02594	0.04255
3	0.21236	0.04717	0.08018	0.04516	0.01701	0.05404	0.01032	0.03314	0.04366	0.06104	0.10206	0.02561	0.04107	0.08956	0.00939	0.00259	0.00645	0.00692	0.05398	0.05831
4	0.04921	0.05806	0.01910	0.08341	0.02145	0.08114	0.08647	0.08195	0.15361	0.02463	0.07881	0.06878	0.07295	0.05559	0.00914	0.00258	0.00740	0.03158	0.00550	0.00863
5	0.00999	0.00700	0.00839	0.00872	0.00926	0.00695	0.00567	0.01081	0.01189	0.01570	0.03037	0.14226	0.09768	0.45946	0.09893	0.00615	0.00743	0.05336	0.00495	0.00504
6	0.01650	0.01612	0.06546	0.15190	0.32551	0.01546	0.09243	0.02081	0.01596	0.06597	0.04569	0.04897	0.03632	0.00822	0.00815	0.00230	0.04266	0.00763	0.00416	0.00980
7	0.01023	0.00701	0.00851	0.00860	0.00887	0.00723	0.00534	0.01079	0.01075	0.01458	0.02269	0.08089	0.02546	0.57395	0.16890	0.00757	0.00913	0.01036	0.00434	0.00479
8	0.01377	0.01105	0.01440	0.01560	0.10086	0.01162	0.01051	0.11542	0.04732	0.02496	0.13244	0.19695	0.12128	0.01772	0.06523	0.00320	0.05022	0.03335	0.00608	0.00803
9	0.01669	0.01591	0.02619	0.07627	0.42829	0.01541	0.08135	0.02151	0.04213	0.02315	0.01389	0.01760	0.01138	0.00626	0.00681	0.00194	0.00807	0.00615	0.00380	0.17719
10	0.01454	0.01274	0.01671	0.01214	0.01795	0.01006	0.07222	0.01768	0.01454	0.02227	0.01375	0.01821	0.01203	0.07608	0.00852	0.00174	0.00607	0.00520	0.00417	0.64337
11	0.01842	0.06736	0.16930	0.01860	0.07924	0.01766	0.03750	0.15615	0.11476	0.06001	0.08348	0.03853	0.01865	0.00919	0.00866	0.00229	0.07738	0.00726	0.00533	0.01023

[dist]
# distance from previous block
# <min> <max>
0	1

[block]
# block no. 2 follows, 29 sequences, length 8
# corresponding to MSA columns:
# 286-293
name=unknown_C
#
# <colnr> <probs for GDERKNQSTAVLIFYWHMCP>
#	G	D	E	R	K	N	Q	S	T	A	V	L	I	F	Y	W	H	M	C	P
0	0.02074	0.13875	0.09866	0.02097	0.12965	0.09578	0.07262	0.18042	0.04119	0.04586	0.01473	0.01654	0.01137	0.00715	0.00653	0.00198	0.00867	0.00582	0.03681	0.04574
1	0.01196	0.00927	0.01082	0.00950	0.01225	0.00854	0.00713	0.05693	0.03951	0.02431	0.26417	0.04426	0.17375	0.11203	0.04285	0.00308	0.00528	0.01063	0.00623	0.14750
2	0.01615	0.05424	0.12365	0.10562	0.12141	0.01516	0.04525	0.10892	0.04942	0.04395	0.05260	0.05899	0.03873	0.06764	0.06434	0.00330	0.00882	0.00791	0.00473	0.00916
3	0.01133	0.00825	0.01017	0.01057	0.04063	0.00760	0.00729	0.01448	0.04897	0.05069	0.21197	0.20646	0.20503	0.04918	0.00936	0.00256	0.00429	0.01350	0.03996	0.04772
4	0.04927	0.00775	0.00871	0.00840	0.01029	0.00718	0.00611	0.01295	0.01592	0.05378	0.21563	0.05530	0.29387	0.18030	0.01446	0.00339	0.00462	0.03948	0.00640	0.00621
5	0.80005	0.01377	0.01047	0.00936	0.01377	0.01597	0.00771	0.02093	0.01212	0.03195	0.00991	0.01157	0.00771	0.00661	0.00441	0.00220	0.00551	0.00386	0.00441	0.00771
6	0.06861	0.01553	0.01734	0.01407	0.01863	0.01650	0.01131	0.39808	0.02607	0.15805	0.02294	0.15889	0.01961	0.01115	0.00735	0.00230	0.00667	0.00907	0.00717	0.01064
7	0.01482	0.05709	0.01418	0.01164	0.01358	0.01157	0.00929	0.01717	0.01318	0.11034	0.01926	0.02595	0.01677	0.08386	0.33420	0.00673	0.10762	0.00719	0.11818	0.00738

[dist]
# distance from previous block
# <min> <max>
0	2

[block]
# block no. 3 follows, 29 sequences, length 9
# corresponding to MSA columns:
# 296-304
name=unknown_D
#
# <colnr> <probs for GDERKNQSTAVLIFYWHMCP>
#	G	D	E	R	K	N	Q	S	T	A	V	L	I	F	Y	W	H	M	C	P
0	0.07942	0.03917	0.06162	0.04142	0.06431	0.04499	0.01305	0.12940	0.08228	0.25902	0.04052	0.02563	0.01779	0.00922	0.00707	0.00227	0.00712	0.05857	0.00658	0.01057
1	0.01461	0.01241	0.01387	0.01298	0.01537	0.07622	0.04283	0.06462	0.13989	0.04464	0.05037	0.31450	0.05252	0.04880	0.05905	0.00334	0.00704	0.01292	0.00615	0.00786
2	0.28290	0.10313	0.13060	0.07334	0.05206	0.15805	0.03304	0.05146	0.01585	0.02473	0.01140	0.01367	0.00894	0.00682	0.00576	0.00208	0.00873	0.00476	0.00385	0.00884
3	0.01831	0.01220	0.01320	0.01166	0.01507	0.01325	0.00911	0.10394	0.29170	0.09610	0.02592	0.05223	0.01997	0.00945	0.00651	0.00212	0.00508	0.00774	0.27679	0.00965
4	0.05728	0.01128	0.01238	0.02815	0.01500	0.03851	0.00887	0.07250	0.10336	0.10286	0.05605	0.24874	0.09077	0.01398	0.00761	0.00239	0.00538	0.03067	0.05173	0.04249
5	0.01016	0.00792	0.00930	0.00921	0.01114	0.00722	0.00660	0.01323	0.05905	0.02123	0.16481	0.26909	0.21624	0.07544	0.01047	0.00276	0.00428	0.01443	0.00647	0.08094
6	0.62676	0.01662	0.01420	0.01330	0.05252	0.10021	0.04320	0.02197	0.01353	0.02929	0.01046	0.01243	0.00823	0.00665	0.00499	0.00216	0.00687	0.00430	0.00423	0.00806
7	0.01709	0.01448	0.01781	0.01645	0.11702	0.01295	0.01130	0.11046	0.07279	0.02670	0.01470	0.01646	0.01178	0.00623	0.00594	0.00147	0.00611	0.00514	0.00476	0.51037
8	0.01848	0.08654	0.04327	0.04643	0.26497	0.13314	0.04423	0.06046	0.04172	0.02213	0.01420	0.01835	0.01206	0.04238	0.05698	0.00282	0.00961	0.00604	0.00394	0.07226

[dist]
# distance from previous block
# <min> <max>
0	2

[block]
# block no. 4 follows, 29 sequences, length 44
# corresponding to MSA columns:
# 307-350
name=unknown_E
#
# <colnr> <probs for GDERKNQSTAVLIFYWHMCP>
#	G	D	E	R	K	N	Q	S	T	A	V	L	I	F	Y	W	H	M	C	P
0	0.01225	0.00822	0.00972	0.00955	0.01115	0.00791	0.00671	0.06717	0.01563	0.06779	0.06049	0.26951	0.17958	0.19724	0.04087	0.00394	0.00564	0.01396	0.00619	0.00649
1	0.01786	0.01545	0.01830	0.06971	0.04437	0.07711	0.06848	0.16243	0.12778	0.04744	0.15428	0.05894	0.08548	0.01074	0.00762	0.00227	0.00701	0.00923	0.00623	0.00926
2	0.01053	0.00740	0.00914	0.00874	0.01069	0.00664	0.00654	0.01330	0.01866	0.05634	0.45786	0.10655	0.22960	0.01577	0.00840	0.00233	0.00360	0.01372	0.00747	0.00671
3	0.02012	0.65060	0.03485	0.01307	0.01881	0.12771	0.01241	0.02234	0.01529	0.01685	0.01006	0.01163	0.00914	0.00627	0.00483	0.00157	0.00837	0.00392	0.00314	0.00901
4	0.00897	0.00703	0.00812	0.00829	0.01007	0.00618	0.00605	0.01112	0.01688	0.02181	0.25397	0.20165	0.37878	0.01786	0.00855	0.00245	0.00364	0.01545	0.00698	0.00618
5	0.01813	0.01432	0.01650	0.03989	0.04322	0.13465	0.06980	0.02098	0.01719	0.14576	0.04902	0.17819	0.02672	0.01291	0.00786	0.00244	0.00738	0.12104	0.06579	0.00821
6	0.00900	0.00702	0.00820	0.00852	0.01023	0.00621	0.00625	0.01111	0.01658	0.02136	0.21908	0.23059	0.36076	0.01828	0.00863	0.00251	0.00378	0.03884	0.00691	0.00615
7	0.01437	0.02257	0.31933	0.01555	0.02197	0.01381	0.03486	0.09678	0.06973	0.02607	0.13718	0.05299	0.12352	0.01060	0.00747	0.00230	0.00749	0.00885	0.00526	0.00930
8	0.01080	0.00794	0.01054	0.01169	0.01347	0.00767	0.00997	0.01383	0.01670	0.02158	0.10259	0.07581	0.16166	0.01893	0.00945	0.00303	0.00575	0.48545	0.00668	0.00647
9	0.01477	0.01266	0.01477	0.01055	0.01687	0.00949	0.00844	0.01793	0.01477	0.02320	0.01266	0.01477	0.01055	0.00527	0.00527	0.00105	0.00527	0.00422	0.00422	0.79328
10	0.02087	0.01849	0.10919	0.05774	0.21747	0.01605	0.07372	0.11130	0.07978	0.16131	0.01811	0.01941	0.01314	0.00742	0.00710	0.00217	0.00812	0.00661	0.00532	0.04670
11	0.01862	0.08443	0.19470	0.02564	0.25314	0.05687	0.03826	0.04496	0.05167	0.08842	0.01748	0.01933	0.03545	0.00741	0.00678	0.00211	0.00853	0.00630	0.02946	0.01047
12	0.01240	0.00790	0.00892	0.00898	0.01043	0.00813	0.00648	0.03489	0.07447	0.02297	0.05388	0.15558	0.02787	0.15489	0.03642	0.00339	0.00518	0.04477	0.31583	0.00661
13	0.01019	0.00687	0.00819	0.00836	0.00860	0.00690	0.00508	0.01047	0.01094	0.01462	0.02516	0.11497	0.05104	0.55560	0.09274	0.04246	0.00755	0.01109	0.00453	0.00465
14	0.01638	0.04294	0.07444	0.06923	0.02728	0.04933	0.25478	0.04064	0.05575	0.04220	0.03992	0.04804	0.04197	0.01127	0.04666	0.00290	0.11498	0.00808	0.00429	0.00892
15	0.01613	0.01648	0.06475	0.08826	0.46819	0.01597	0.01957	0.02087	0.03768	0.02305	0.07345	0.02293	0.01704	0.00808	0.00828	0.00227	0.05360	0.02917	0.00404	0.01021
16	0.01920	0.06218	0.18674	0.02352	0.16711	0.12889	0.05668	0.09385	0.01804	0.05087	0.01583	0.03724	0.03170	0.00818	0.00828	0.00221	0.06894	0.00646	0.00415	0.00995
17	0.01961	0.69905	0.03601	0.01265	0.01856	0.08109	0.01230	0.02186	0.01490	0.01680	0.00998	0.01153	0.00914	0.00619	0.00471	0.00155	0.00801	0.00387	0.00309	0.00907
18	0.01374	0.01134	0.01334	0.01247	0.01431	0.06493	0.00967	0.09282	0.01469	0.02003	0.01816	0.02630	0.01670	0.09154	0.48522	0.00868	0.04699	0.00736	0.02460	0.00710
19	0.01143	0.00996	0.01650	0.03419	0.03760	0.00953	0.14410	0.03999	0.01539	0.02043	0.03477	0.46824	0.09425	0.01720	0.00870	0.00268	0.00610	0.01605	0.00584	0.00705
20	0.02603	0.08839	0.02147	0.01788	0.02173	0.66876	0.01364	0.02790	0.01975	0.01738	0.01092	0.01273	0.00917	0.00724	0.00628	0.00181	0.01245	0.00453	0.00362	0.00832
21	0.01424	0.01398	0.01641	0.01489	0.01695	0.13556	0.08081	0.01674	0.01431	0.01845	0.02108	0.16367	0.02136	0.02636	0.24438	0.00545	0.08610	0.03748	0.04470	0.00709
22	0.01386	0.01323	0.02246	0.41068	0.18279	0.01468	0.07175	0.01818	0.01532	0.02012	0.04266	0.02619	0.10112	0.00851	0.00742	0.00232	0.00852	0.00783	0.00387	0.00849
23	0.01018	0.00760	0.01127	0.01127	0.01249	0.00881	0.00869	0.01261	0.01139	0.01640	0.01923	0.02883	0.01817	0.08543	0.69001	0.01124	0.01851	0.00775	0.00384	0.00626
24	0.01281	0.12663	0.01687	0.01270	0.01420	0.01421	0.01033	0.01458	0.01334	0.01805	0.02684	0.22275	0.07490	0.06805	0.01426	0.00301	0.20996	0.09438	0.02523	0.00690
25	0.01342	0.01219	0.02030	0.20524	0.10328	0.01305	0.11800	0.01782	0.03721	0.02165	0.09341	0.07716	0.07564	0.01190	0.03240	0.00269	0.04139	0.03134	0.06386	0.00805
26	0.01762	0.01692	0.02890	0.04371	0.70533	0.01692	0.02185	0.02185	0.01621	0.02326	0.01339	0.01762	0.01128	0.00634	0.00705	0.00211	0.00846	0.00634	0.00352	0.01128
27	0.01408	0.01330	0.02249	0.62904	0.14773	0.01599	0.02009	0.01874	0.01454	0.01896	0.01277	0.01878	0.00976	0.00700	0.00711	0.00233	0.00934	0.00633	0.00322	0.00842
28	0.02713	0.05576	0.04918	0.01298	0.01816	0.01190	0.01124	0.05123	0.01906	0.51708	0.02517	0.02476	0.01720	0.01410	0.09127	0.00328	0.00796	0.02401	0.00751	0.01105
29	0.01176	0.00800	0.01006	0.01006	0.01170	0.00792	0.00744	0.01410	0.03613	0.07972	0.05818	0.23719	0.19947	0.09870	0.11803	0.00439	0.03313	0.04131	0.00608	0.00664
30	0.01018	0.00760	0.01127	0.01127	0.01249	0.00881	0.00869	0.01261	0.01139	0.01640	0.01923	0.02884	0.01818	0.08563	0.68982	0.01123	0.01851	0.00776	0.00384	0.00626
31	0.00880	0.00636	0.00837	0.00992	0.01051	0.00592	0.00679	0.01018	0.01392	0.01840	0.04107	0.67185	0.08466	0.02193	0.00909	0.00288	0.00423	0.05267	0.00661	0.00584
32	0.02355	0.01256	0.01624	0.01317	0.01756	0.01235	0.04841	0.10221	0.12403	0.32751	0.02620	0.07551	0.01946	0.00963	0.00702	0.00220	0.00594	0.00814	0.13784	0.01048
33	0.01124	0.01011	0.04815	0.01284	0.03688	0.01019	0.00998	0.01498	0.05478	0.01830	0.05072	0.03078	0.04730	0.10345	0.47127	0.00863	0.04098	0.00820	0.00428	0.00692
34	0.00887	0.00707	0.00783	0.00795	0.00982	0.00616	0.00577	0.01080	0.01632	0.02060	0.18598	0.15874	0.45426	0.05555	0.00994	0.00267	0.00380	0.01510	0.00673	0.00603
35	0.02605	0.01216	0.01528	0.01232	0.01688	0.01150	0.00982	0.05934	0.12493	0.46699	0.02943	0.02890	0.05407	0.08652	0.01026	0.00273	0.00603	0.00800	0.00791	0.01086
36	0.04906	0.06210	0.11648	0.01803	0.05380	0.04732	0.04534	0.29824	0.02291	0.09302	0.01573	0.01727	0.01168	0.01028	0.04135	0.00264	0.07256	0.00614	0.00543	0.01063
37	0.06413	0.01928	0.02182	0.07017	0.20930	0.19175	0.04941	0.03956	0.01653	0.04311	0.01648	0.04352	0.04187	0.01127	0.05116	0.00279	0.08798	0.00680	0.00407	0.00898
38	0.00884	0.00668	0.00806	0.00906	0.01018	0.00605	0.00634	0.01030	0.01446	0.01845	0.04916	0.44321	0.26401	0.06279	0.01047	0.00298	0.00425	0.05241	0.00648	0.00582
39	0.10586	0.01607	0.04249	0.02409	0.20223	0.01578	0.13481	0.11043	0.06732	0.04495	0.01876	0.10128	0.01662	0.00906	0.00725	0.00229	0.00781	0.02673	0.00498	0.04121
40	0.01818	0.10722	0.22827	0.02644	0.24374	0.04390	0.06111	0.10686	0.03266	0.02507	0.01386	0.01645	0.01078	0.00686	0.00671	0.00209	0.00907	0.00586	0.02428	0.01059
41	0.01970	0.14169	0.05035	0.01740	0.08257	0.05923	0.03699	0.23675	0.04074	0.02791	0.05657	0.02200	0.03906	0.04855	0.03087	0.03116	0.03700	0.00683	0.00510	0.00954
42	0.05071	0.04134	0.21660	0.03877	0.08328	0.04072	0.01502	0.03559	0.01607	0.04740	0.07368	0.13283	0.07487	0.01052	0.00708	0.00218	0.00724	0.00886	0.00479	0.09246
43	0.04677	0.07139	0.01519	0.01243	0.03969	0.05267	0.00941	0.06903	0.04941	0.18129	0.10070	0.13563	0.11226	0.01207	0.00724	0.00222	0.00570	0.01006	0.05804	0.00880

[dist]
# distance from previous block
# <min> <max>
7	17

[block]
# block no. 5 follows, 29 sequences, length 13
# corresponding to MSA columns:
# 369-381
name=unknown_F
#
# <colnr> <probs for GDERKNQSTAVLIFYWHMCP>
#	G	D	E	R	K	N	Q	S	T	A	V	L	I	F	Y	W	H	M	C	P
0	0.01928	0.29530	0.09624	0.01423	0.01944	0.15505	0.01314	0.08820	0.06370	0.02175	0.01960	0.02045	0.08602	0.00842	0.00650	0.00192	0.02680	0.00603	0.02884	0.00910
1	0.02025	0.02273	0.09494	0.01751	0.06758	0.20377	0.01407	0.13374	0.03434	0.02503	0.01319	0.01518	0.01050	0.00714	0.00731	0.00180	0.05245	0.00515	0.00438	0.24892
2	0.01149	0.00884	0.01136	0.04992	0.01460	0.00944	0.00873	0.04905	0.11161	0.02145	0.06661	0.40668	0.03569	0.02394	0.13126	0.00420	0.00735	0.01449	0.00613	0.00715
3	0.01588	0.01536	0.02125	0.06146	0.36317	0.08745	0.01623	0.01979	0.04168	0.02104	0.01944	0.13878	0.01902	0.01482	0.08518	0.00329	0.00924	0.03341	0.00431	0.00920
4	0.01508	0.01312	0.01630	0.01416	0.09179	0.01030	0.00990	0.01836	0.01492	0.02321	0.01274	0.01508	0.01063	0.00539	0.00547	0.00117	0.00562	0.00445	0.00414	0.70818
5	0.04211	0.00932	0.01211	0.01397	0.11294	0.00889	0.00887	0.03953	0.01812	0.02505	0.31506	0.10976	0.22843	0.01445	0.00806	0.00232	0.00450	0.01256	0.00660	0.00736
6	0.00864	0.00635	0.00810	0.00951	0.01022	0.00582	0.00643	0.00996	0.01402	0.01834	0.04418	0.64352	0.14549	0.02167	0.00899	0.00282	0.00405	0.01946	0.00661	0.00582
7	0.01469	0.04230	0.17279	0.07453	0.28248	0.01468	0.03174	0.02012	0.04706	0.02296	0.10190	0.06175	0.06430	0.00918	0.00730	0.00224	0.00775	0.00820	0.00442	0.00961
8	0.00930	0.00699	0.00847	0.00908	0.01048	0.00654	0.00663	0.01115	0.01472	0.01918	0.08101	0.27166	0.27528	0.06671	0.08789	0.00384	0.00586	0.06619	0.03303	0.00598
9	0.01599	0.05397	0.06251	0.06788	0.18024	0.01528	0.01424	0.09386	0.15151	0.02625	0.11886	0.04672	0.07689	0.01136	0.03114	0.00254	0.00713	0.00849	0.00551	0.00962
10	0.01604	0.01234	0.01456	0.01095	0.01665	0.00986	0.00867	0.02014	0.05946	0.08298	0.01687	0.06599	0.01438	0.00703	0.00583	0.00137	0.00529	0.00581	0.00498	0.62081
11	0.01882	0.01619	0.05425	0.01637	0.06543	0.06081	0.03086	0.13847	0.10232	0.08701	0.05947	0.02345	0.01784	0.05045	0.08726	0.00339	0.05812	0.00709	0.03164	0.07075
12	0.43082	0.06262	0.11320	0.02796	0.01755	0.01588	0.01118	0.03727	0.07259	0.04468	0.01941	0.02015	0.08518	0.00822	0.00563	0.00221	0.00632	0.00583	0.00475	0.00854

[dist]
# distance from previous block
# <min> <max>
0	13

[block]
# block no. 6 follows, 29 sequences, length 30
# corresponding to MSA columns:
# 395-424
name=unknown_G
#
# <colnr> <probs for GDERKNQSTAVLIFYWHMCP>
#	G	D	E	R	K	N	Q	S	T	A	V	L	I	F	Y	W	H	M	C	P
0	0.01177	0.00817	0.00982	0.00959	0.01147	0.00783	0.00697	0.01581	0.08947	0.06916	0.25358	0.20859	0.16955	0.08232	0.01086	0.00286	0.00433	0.01383	0.00701	0.00701
1	0.01702	0.03411	0.08018	0.01838	0.10751	0.04990	0.03286	0.12022	0.18811	0.02693	0.07518	0.06982	0.09415	0.01064	0.00815	0.00232	0.04026	0.00882	0.00574	0.00971
2	0.01001	0.00727	0.00854	0.00831	0.01004	0.00653	0.00599	0.01219	0.01695	0.04050	0.31959	0.09736	0.28916	0.12144	0.01240	0.00300	0.00407	0.01357	0.00684	0.00621
3	0.01616	0.01467	0.01867	0.19082	0.04964	0.07980	0.04400	0.04966	0.10874	0.04794	0.05500	0.09415	0.01945	0.03559	0.05360	0.00313	0.09722	0.00845	0.00485	0.00845
4	0.00895	0.00678	0.00826	0.00885	0.01019	0.00609	0.00627	0.01089	0.01605	0.02109	0.21443	0.36656	0.25164	0.01907	0.00871	0.00258	0.00378	0.01682	0.00692	0.00609
5	0.01432	0.03925	0.01592	0.01393	0.01503	0.08639	0.01085	0.01676	0.04678	0.01726	0.01808	0.07608	0.01867	0.17095	0.13772	0.00505	0.24975	0.03619	0.00413	0.00692
6	0.01459	0.00814	0.01046	0.00967	0.01197	0.00732	0.00722	0.01699	0.01781	0.17938	0.29668	0.17710	0.13211	0.06534	0.01015	0.00269	0.00439	0.01306	0.00743	0.00752
7	0.01700	0.01210	0.01380	0.01194	0.01534	0.01274	0.00939	0.14997	0.18908	0.08635	0.24480	0.03681	0.09388	0.01331	0.03497	0.00261	0.00563	0.00976	0.03125	0.00925
8	0.09384	0.01179	0.01401	0.01089	0.01598	0.01029	0.00879	0.02472	0.03748	0.28063	0.05205	0.02132	0.01668	0.00758	0.00607	0.00175	0.00532	0.00604	0.08385	0.29092
9	0.01749	0.09878	0.25104	0.01906	0.02660	0.01738	0.15988	0.08746	0.04118	0.05124	0.01433	0.01650	0.01076	0.00678	0.00709	0.00203	0.02548	0.00593	0.00412	0.13690
10	0.01711	0.12431	0.34197	0.01765	0.05916	0.01659	0.01840	0.07142	0.03832	0.08717	0.07378	0.04101	0.01692	0.00993	0.03371	0.00250	0.00879	0.00664	0.00456	0.01005
11	0.17189	0.17277	0.12656	0.01494	0.02063	0.15438	0.01387	0.12556	0.09107	0.02640	0.01371	0.01477	0.01066	0.00729	0.00590	0.00201	0.00847	0.00504	0.00450	0.00959
12	0.02105	0.01575	0.01772	0.01551	0.05002	0.01714	0.01178	0.28090	0.24495	0.07756	0.04374	0.02482	0.03775	0.04273	0.03366	0.00274	0.00703	0.00756	0.00677	0.04083
13	0.01026	0.00695	0.00818	0.00826	0.00841	0.00706	0.00491	0.01058	0.01062	0.01430	0.02287	0.07743	0.02603	0.64183	0.10755	0.00720	0.00806	0.01053	0.00437	0.00460
14	0.01784	0.01670	0.02661	0.09984	0.50530	0.04290	0.04448	0.02193	0.01623	0.04851	0.01376	0.01761	0.01119	0.00643	0.00692	0.00204	0.00847	0.00619	0.00376	0.08328
15	0.01072	0.00838	0.01101	0.01218	0.04370	0.00810	0.00827	0.01334	0.04807	0.01954	0.03264	0.50180	0.03742	0.04595	0.01007	0.00280	0.03239	0.05066	0.00600	0.09697
16	0.06778	0.02288	0.02006	0.05953	0.07897	0.28353	0.01402	0.19139	0.02140	0.02627	0.04142	0.01817	0.03382	0.00863	0.00839	0.00215	0.08151	0.00607	0.00475	0.00926
17	0.01408	0.01351	0.02348	0.61819	0.11220	0.01607	0.06441	0.01886	0.01460	0.01900	0.01285	0.01887	0.00975	0.00697	0.00720	0.00235	0.00956	0.00647	0.00323	0.00835
18	0.01011	0.00683	0.00793	0.00812	0.00828	0.00674	0.00476	0.01047	0.01136	0.01524	0.06346	0.14132	0.03111	0.60954	0.03099	0.00610	0.00633	0.01183	0.00483	0.00465
19	0.01489	0.01009	0.01241	0.01168	0.01391	0.01046	0.00894	0.09429	0.07531	0.09522	0.14209	0.27976	0.06593	0.01564	0.00915	0.00256	0.04935	0.04994	0.03037	0.00799
20	0.01446	0.01233	0.01444	0.01051	0.01654	0.00930	0.00835	0.01753	0.01471	0.02295	0.01400	0.05163	0.01239	0.00613	0.00547	0.00115	0.00522	0.00503	0.00434	0.75353
21	0.06408	0.20316	0.27279	0.01611	0.04295	0.01842	0.01662	0.06442	0.03745	0.02231	0.04225	0.01695	0.01256	0.00942	0.00934	0.09139	0.04147	0.00550	0.00375	0.00904
22	0.01721	0.01718	0.02403	0.15449	0.35282	0.09567	0.04393	0.02282	0.08589	0.02212	0.01810	0.02368	0.03790	0.00809	0.00727	0.00225	0.00870	0.04386	0.00415	0.00983
23	0.02696	0.03247	0.01993	0.01796	0.02175	0.67330	0.01354	0.02886	0.02019	0.06409	0.01216	0.01361	0.00974	0.00744	0.00647	0.00186	0.01238	0.00476	0.00402	0.00852
24	0.02666	0.03220	0.02033	0.01810	0.02202	0.63443	0.01373	0.10947	0.02183	0.02083	0.01176	0.01337	0.00954	0.00749	0.00651	0.00187	0.01222	0.00481	0.00410	0.00873
25	0.00942	0.00716	0.00870	0.00875	0.01050	0.00644	0.00655	0.01197	0.01776	0.02366	0.36647	0.15434	0.27156	0.01705	0.00858	0.00244	0.00373	0.05137	0.00719	0.00635
26	0.01504	0.01428	0.02423	0.47048	0.29878	0.01624	0.02057	0.01959	0.01499	0.02012	0.01294	0.01847	0.01017	0.00682	0.00709	0.00227	0.00910	0.00633	0.00330	0.00919
27	0.01616	0.01480	0.06360	0.01304	0.01877	0.01190	0.05191	0.10532	0.03852	0.04645	0.06413	0.05005	0.05585	0.00809	0.00646	0.00166	0.00615	0.00685	0.00517	0.41509
28	0.08344	0.20474	0.05122	0.01874	0.11659	0.13174	0.02846	0.14161	0.05026	0.04794	0.03122	0.01758	0.03211	0.00762	0.00623	0.00197	0.00829	0.00575	0.00466	0.00983
29	0.06464	0.00743	0.00950	0.00950	0.01040	0.00753	0.00668	0.01233	0.04156	0.01807	0.11949	0.09955	0.04660	0.08321	0.02011	0.38947	0.00551	0.03876	0.00475	0.00489

[dist]
# distance from previous block
# <min> <max>
2	12

[block]
# block no. 7 follows, 29 sequences, length 25
# corresponding to MSA columns:
# 437-461
name=unknown_H
#
# <colnr> <probs for GDERKNQSTAVLIFYWHMCP>
#	G	D	E	R	K	N	Q	S	T	A	V	L	I	F	Y	W	H	M	C	P
0	0.06090	0.17788	0.18507	0.01462	0.02041	0.01727	0.03229	0.08460	0.07483	0.07493	0.02006	0.07474	0.04374	0.01311	0.07246	0.00300	0.00866	0.00721	0.00480	0.00945
1	0.01835	0.08196	0.08575	0.07040	0.02379	0.07065	0.09539	0.14789	0.09442	0.04295	0.04357	0.02465	0.09431	0.00884	0.00704	0.00211	0.00798	0.00742	0.00520	0.06735
2	0.03411	0.03549	0.06545	0.01541	0.05996	0.15085	0.01161	0.04973	0.06111	0.02103	0.02427	0.27806	0.02572	0.04901	0.00947	0.00262	0.02965	0.03533	0.00520	0.03593
3	0.01628	0.01259	0.01434	0.01180	0.01617	0.01204	0.00926	0.10374	0.15820	0.05558	0.08903	0.06006	0.05460	0.04565	0.00827	0.00214	0.00551	0.03111	0.00605	0.28756
4	0.01791	0.03883	0.01614	0.01120	0.01738	0.01095	0.00912	0.05576	0.01652	0.11764	0.01490	0.01606	0.01154	0.00596	0.00560	0.00129	0.00560	0.00472	0.00496	0.61792
5	0.01771	0.01530	0.01610	0.01449	0.01852	0.01771	0.01127	0.03784	0.69247	0.02979	0.02898	0.02657	0.02174	0.00966	0.00725	0.00242	0.00564	0.00805	0.00725	0.01127
6	0.01459	0.01268	0.01614	0.01193	0.01770	0.01015	0.05850	0.04259	0.01569	0.02344	0.01896	0.05475	0.06732	0.00729	0.00601	0.00139	0.00569	0.00625	0.00459	0.60434
7	0.01375	0.01272	0.01633	0.01463	0.01544	0.04058	0.01167	0.03537	0.01257	0.01777	0.01980	0.05377	0.07683	0.09322	0.17078	0.00511	0.37040	0.00820	0.00397	0.00706
8	0.01043	0.00800	0.01193	0.01178	0.01299	0.00950	0.00921	0.01292	0.01142	0.01656	0.01862	0.02739	0.01741	0.05149	0.68890	0.01105	0.05262	0.00756	0.00378	0.00642
9	0.02660	0.03394	0.02018	0.01834	0.02201	0.72116	0.01376	0.02843	0.02018	0.01743	0.01101	0.01284	0.00917	0.00734	0.00642	0.00183	0.01284	0.00459	0.00367	0.00825
10	0.02448	0.01628	0.01870	0.03661	0.02028	0.01778	0.01228	0.39384	0.05552	0.15781	0.02002	0.02259	0.01510	0.05838	0.01010	0.00256	0.05333	0.02332	0.03016	0.01085
11	0.04812	0.01837	0.06373	0.06008	0.02127	0.10683	0.03570	0.22999	0.05521	0.07502	0.07628	0.04462	0.11369	0.01020	0.00729	0.00221	0.00759	0.00822	0.00602	0.00954
12	0.00938	0.00703	0.00817	0.00824	0.01001	0.00627	0.00605	0.01175	0.01713	0.02289	0.28891	0.17061	0.32260	0.01684	0.00829	0.00238	0.00358	0.01455	0.05906	0.00627
13	0.01342	0.00749	0.01009	0.01066	0.01215	0.00685	0.00767	0.01508	0.01513	0.15418	0.03696	0.56161	0.04093	0.01949	0.00876	0.00278	0.00466	0.05797	0.00704	0.00708
14	0.03187	0.01419	0.07810	0.08451	0.04089	0.01473	0.03845	0.03271	0.01318	0.05229	0.01602	0.02523	0.01485	0.12306	0.15797	0.00502	0.21836	0.02690	0.00395	0.00771
15	0.01957	0.70525	0.03625	0.01246	0.01853	0.02777	0.01227	0.06520	0.01573	0.01862	0.01038	0.01180	0.00934	0.00626	0.00474	0.00156	0.00763	0.00398	0.00332	0.00934
16	0.01117	0.00695	0.00914	0.00987	0.01103	0.00646	0.00701	0.01310	0.01546	0.07555	0.14930	0.49817	0.04601	0.01890	0.00857	0.00266	0.00419	0.04091	0.05900	0.00653
17	0.01532	0.01308	0.01432	0.04434	0.01767	0.01467	0.01029	0.03020	0.48677	0.02778	0.12413	0.03512	0.11344	0.01127	0.00754	0.00239	0.00524	0.00951	0.00707	0.00985
18	0.01336	0.00825	0.01068	0.01115	0.01304	0.00785	0.00857	0.01659	0.05850	0.12225	0.03974	0.36175	0.10301	0.01844	0.00881	0.00281	0.00507	0.17589	0.00696	0.00728
19	0.03684	0.04066	0.11294	0.01823	0.05484	0.06509	0.11992	0.12792	0.04712	0.06104	0.05199	0.10394	0.06193	0.02753	0.00874	0.00242	0.03548	0.00887	0.00523	0.00929
20	0.01769	0.05432	0.14512	0.09231	0.17997	0.03267	0.10285	0.02224	0.01666	0.12449	0.06032	0.05306	0.04957	0.00855	0.00729	0.00223	0.00837	0.00776	0.00471	0.00979
21	0.02510	0.02914	0.01970	0.01758	0.02130	0.53215	0.01342	0.07059	0.10745	0.04046	0.01412	0.01534	0.01123	0.00800	0.00741	0.00200	0.04627	0.00530	0.00447	0.00898
22	0.01935	0.02439	0.12464	0.01990	0.02510	0.26006	0.18311	0.02338	0.01758	0.05361	0.04719	0.02327	0.04053	0.01067	0.04235	0.00267	0.03076	0.03843	0.00423	0.00877
23	0.01873	0.05579	0.13977	0.06944	0.12825	0.05118	0.10220	0.09912	0.11239	0.07533	0.01842	0.06552	0.01484	0.00838	0.00721	0.00225	0.00858	0.00742	0.00492	0.01026
24	0.01223	0.05872	0.07287	0.04406	0.01576	0.04426	0.04591	0.01428	0.01322	0.01762	0.02364	0.23963	0.02565	0.19162	0.07131	0.04238	0.00787	0.01127	0.04127	0.00643

[dist]
# distance from previous block
# <min> <max>
5	6

[block]
# block no. 8 follows, 29 sequences, length 23
# corresponding to MSA columns:
# 468-490
name=unknown_I
#
# <colnr> <probs for GDERKNQSTAVLIFYWHMCP>
#	G	D	E	R	K	N	Q	S	T	A	V	L	I	F	Y	W	H	M	C	P
0	0.08710	0.09167	0.18893	0.05084	0.06577	0.17994	0.09272	0.06964	0.04686	0.02338	0.01372	0.01701	0.01089	0.00730	0.00663	0.00213	0.00986	0.02215	0.00395	0.00950
1	0.01806	0.01669	0.02120	0.10411	0.02433	0.09746	0.10204	0.18238	0.01901	0.02484	0.01622	0.05813	0.01406	0.01874	0.16310	0.00432	0.09454	0.00744	0.00458	0.00875
2	0.01664	0.02104	0.17556	0.07168	0.13842	0.05554	0.09328	0.06024	0.05278	0.02380	0.01485	0.03890	0.01200	0.00705	0.00678	0.00198	0.00859	0.00627	0.00406	0.19052
3	0.02625	0.03266	0.05019	0.01816	0.02229	0.63149	0.01420	0.06432	0.02069	0.03925	0.01191	0.01350	0.00957	0.00742	0.00650	0.00188	0.01227	0.00479	0.00398	0.00868
4	0.01139	0.00719	0.00914	0.00942	0.01076	0.00659	0.00659	0.01311	0.01549	0.08692	0.17231	0.37552	0.11995	0.10715	0.01198	0.00313	0.00444	0.01571	0.00679	0.00643
5	0.01579	0.01595	0.02941	0.28475	0.24625	0.01711	0.20234	0.02053	0.01536	0.02097	0.01317	0.01843	0.01040	0.00688	0.00840	0.00234	0.05221	0.00690	0.00339	0.00941
6	0.01830	0.45658	0.18196	0.01657	0.02357	0.07550	0.09715	0.02229	0.01530	0.01879	0.01115	0.01326	0.00932	0.00632	0.00565	0.00181	0.00916	0.00474	0.00315	0.00943
7	0.47650	0.01307	0.01302	0.01076	0.01563	0.01365	0.00887	0.02673	0.01560	0.31768	0.01757	0.01690	0.01189	0.00754	0.00557	0.00220	0.00574	0.00525	0.00626	0.00957
8	0.00922	0.00737	0.00816	0.00827	0.01016	0.00662	0.00600	0.01184	0.04399	0.02069	0.16422	0.17312	0.42509	0.06062	0.01010	0.00272	0.00393	0.01497	0.00670	0.00621
9	0.01140	0.00956	0.01377	0.01782	0.18871	0.00904	0.01047	0.01418	0.01675	0.02259	0.21366	0.18568	0.20082	0.01504	0.00826	0.00242	0.00502	0.04114	0.00614	0.00753
10	0.00880	0.00629	0.00841	0.01006	0.01053	0.00589	0.00683	0.01013	0.01376	0.01832	0.03918	0.71505	0.04682	0.02219	0.00912	0.00291	0.00424	0.04905	0.00661	0.00582
11	0.01027	0.00671	0.00874	0.00985	0.01081	0.00613	0.00676	0.01167	0.01435	0.06656	0.04165	0.62938	0.10843	0.02095	0.00889	0.00280	0.00421	0.01883	0.00676	0.00625
12	0.05037	0.01442	0.02284	0.08563	0.44932	0.01488	0.01746	0.04695	0.01605	0.02373	0.01633	0.06954	0.01450	0.01031	0.04502	0.00265	0.00818	0.00730	0.07466	0.00984
13	0.00914	0.00724	0.00821	0.00797	0.01006	0.00632	0.00598	0.01161	0.01793	0.02327	0.34485	0.06188	0.42720	0.01653	0.00841	0.00233	0.00350	0.01410	0.00714	0.00632
14	0.01237	0.00618	0.00928	0.00928	0.00928	0.00618	0.00618	0.00928	0.00928	0.01237	0.01237	0.02165	0.01237	0.02474	0.02783	0.79283	0.00618	0.00618	0.00309	0.00309
15	0.00873	0.00630	0.00826	0.00972	0.01030	0.00584	0.00655	0.01009	0.01407	0.01871	0.07121	0.67636	0.08409	0.02172	0.00902	0.00284	0.00407	0.01962	0.00667	0.00584
16	0.01678	0.01544	0.02257	0.29233	0.19742	0.06505	0.04470	0.03690	0.03137	0.05554	0.05083	0.02104	0.01430	0.03183	0.00953	0.00246	0.07196	0.00685	0.00406	0.00902
17	0.01624	0.01830	0.03966	0.02861	0.03534	0.01715	0.63254	0.02191	0.01659	0.02249	0.01614	0.06984	0.01334	0.00714	0.00845	0.00244	0.01146	0.00923	0.00381	0.00934
18	0.01326	0.01236	0.02078	0.69064	0.04693	0.01542	0.01914	0.01787	0.01408	0.01810	0.01303	0.01951	0.00998	0.00981	0.04872	0.00290	0.01005	0.00640	0.00320	0.00782
19	0.21355	0.04890	0.24298	0.02064	0.05739	0.04765	0.18646	0.02209	0.01478	0.02430	0.01214	0.01516	0.00928	0.00683	0.00743	0.00228	0.04953	0.00573	0.00357	0.00932
20	0.00928	0.00666	0.00848	0.00958	0.01025	0.00621	0.00643	0.01047	0.01333	0.01776	0.03680	0.54177	0.07002	0.14842	0.01371	0.00353	0.00473	0.04554	0.00613	0.03090
21	0.02031	0.25673	0.04610	0.01565	0.05008	0.25326	0.01266	0.02358	0.04628	0.04275	0.01575	0.06418	0.01435	0.00848	0.00614	0.00189	0.00881	0.03469	0.03598	0.04233
22	0.03995	0.06847	0.08046	0.08150	0.15664	0.07511	0.10255	0.02029	0.01702	0.05245	0.14225	0.02859	0.06795	0.00922	0.00732	0.00220	0.00801	0.02632	0.00477	0.00892

[dist]
# distance from previous block
# <min> <max>
0	32

[block]
# block no. 9 follows, 29 sequences, length 14
# corresponding to MSA columns:
# 523-536
name=unknown_J
#
# <colnr> <probs for GDERKNQSTAVLIFYWHMCP>
#	G	D	E	R	K	N	Q	S	T	A	V	L	I	F	Y	W	H	M	C	P
0	0.08517	0.05480	0.01956	0.01572	0.02038	0.27441	0.01244	0.22585	0.12458	0.02907	0.01553	0.01616	0.01193	0.00782	0.00645	0.00198	0.00897	0.00555	0.00532	0.05832
1	0.38962	0.04604	0.09222	0.01240	0.01736	0.04467	0.01130	0.10435	0.01638	0.07873	0.01472	0.01819	0.01169	0.01053	0.04910	0.00275	0.00759	0.03466	0.02889	0.00881
2	0.01598	0.06541	0.09067	0.01720	0.01965	0.05076	0.05984	0.01855	0.01278	0.04731	0.01311	0.01999	0.01216	0.09076	0.07666	0.00386	0.36710	0.00663	0.00359	0.00800
3	0.00877	0.00685	0.00796	0.00849	0.01004	0.00604	0.00606	0.01061	0.01588	0.02030	0.15804	0.31684	0.36061	0.01908	0.00866	0.00256	0.00376	0.01663	0.00680	0.00604
4	0.00914	0.00699	0.00843	0.00895	0.01050	0.00628	0.00659	0.01125	0.01635	0.02127	0.20744	0.27812	0.29312	0.01869	0.00874	0.00259	0.00395	0.06854	0.00690	0.00615
5	0.02119	0.01602	0.01594	0.01388	0.01768	0.10615	0.01087	0.17059	0.17851	0.13801	0.05662	0.12664	0.02356	0.01129	0.00742	0.00231	0.00675	0.03155	0.03515	0.00988
6	0.01348	0.00989	0.01185	0.01241	0.01416	0.05699	0.01009	0.01604	0.01532	0.06904	0.03061	0.10051	0.03209	0.09936	0.13009	0.00481	0.00891	0.35176	0.00584	0.00676
7	0.00955	0.00700	0.00886	0.00927	0.01016	0.00706	0.00641	0.01091	0.01251	0.01663	0.03432	0.21528	0.14811	0.23972	0.22504	0.00646	0.00920	0.01279	0.00513	0.00557
8	0.00954	0.00723	0.00882	0.00868	0.01049	0.00651	0.00653	0.01228	0.01835	0.02470	0.43555	0.10545	0.25784	0.01637	0.00852	0.00238	0.00363	0.04336	0.00732	0.00643
9	0.06301	0.00887	0.01084	0.00996	0.01262	0.00833	0.00759	0.01884	0.04534	0.18173	0.25610	0.17500	0.11715	0.01420	0.00784	0.00236	0.00437	0.01224	0.03567	0.00794
10	0.01135	0.00936	0.01370	0.01302	0.01402	0.01171	0.01036	0.01368	0.01133	0.01666	0.01695	0.02527	0.01596	0.04448	0.56942	0.00963	0.17544	0.00732	0.00366	0.00667
11	0.00893	0.00636	0.00843	0.00982	0.01025	0.00610	0.00655	0.01015	0.01318	0.01766	0.03630	0.63114	0.04312	0.09202	0.06037	0.00385	0.00541	0.01846	0.00621	0.00569
12	0.01093	0.00898	0.01018	0.01117	0.03503	0.05432	0.00756	0.01278	0.01532	0.02008	0.17856	0.31209	0.08299	0.13246	0.03294	0.00351	0.00566	0.05311	0.00614	0.00619
