[name]
unknown

[dist]
# distance from previous block
# <min> <max>
0	36

[block]
# block no. 0 follows, 31 sequences, length 24
# corresponding to MSA columns:
# 39-62
name=unknown_A
#
# <colnr> <probs for GDERKNQSTAVLIFYWHMCP>
#	G	D	E	R	K	N	Q	S	T	A	V	L	I	F	Y	W	H	M	C	P
0	0.04623	0.03547	0.02181	0.01973	0.10767	0.08819	0.14127	0.05038	0.01764	0.20255	0.02163	0.03150	0.01837	0.00970	0.00744	0.00232	0.00807	0.15521	0.00553	0.00928
1	0.13563	0.01343	0.01816	0.11144	0.13044	0.01330	0.04791	0.04679	0.05679	0.09835	0.04559	0.01826	0.01354	0.00681	0.00610	0.00185	0.00656	0.00576	0.00471	0.21857
2	0.06725	0.01727	0.12970	0.09155	0.19206	0.01348	0.06353	0.01938	0.01449	0.02227	0.01230	0.01538	0.00982	0.00584	0.00603	0.00173	0.00746	0.00516	0.00358	0.30174
3	0.12980	0.02241	0.25661	0.01639	0.04077	0.04311	0.03497	0.10343	0.12311	0.04819	0.01530	0.01664	0.01143	0.00846	0.02646	0.00235	0.03050	0.00558	0.00451	0.06000
4	0.01292	0.01216	0.02052	0.74312	0.04712	0.01520	0.01900	0.01748	0.01368	0.01748	0.01216	0.01824	0.00912	0.00684	0.00684	0.00228	0.00912	0.00608	0.00304	0.00760
5	0.22451	0.16163	0.02040	0.08664	0.02072	0.08122	0.01176	0.21082	0.01884	0.02801	0.01194	0.01368	0.00934	0.00700	0.00602	0.00193	0.02971	0.00478	0.00449	0.04656
6	0.00855	0.00643	0.00792	0.00863	0.00980	0.00580	0.00606	0.01032	0.01509	0.01983	0.18806	0.42177	0.22933	0.01876	0.00842	0.00252	0.00368	0.01661	0.00660	0.00580
7	0.00942	0.00671	0.00826	0.00880	0.00985	0.00628	0.00630	0.01066	0.01380	0.01794	0.11239	0.21591	0.20160	0.16056	0.01514	0.07177	0.00478	0.10875	0.00576	0.00532
8	0.13351	0.01222	0.01804	0.26112	0.13741	0.01315	0.03146	0.02064	0.01528	0.15347	0.07362	0.06738	0.01746	0.00844	0.00671	0.00221	0.00703	0.00730	0.00488	0.00867
9	0.01151	0.01048	0.03847	0.01169	0.03214	0.03714	0.05158	0.01448	0.04155	0.04160	0.07603	0.08914	0.33908	0.03615	0.00960	0.03661	0.00546	0.10485	0.00578	0.00668
10	0.00979	0.00707	0.00798	0.00794	0.01002	0.00611	0.00588	0.01170	0.01595	0.06418	0.15187	0.17913	0.46385	0.01700	0.00812	0.00236	0.00367	0.01453	0.00665	0.00621
11	0.00960	0.00643	0.00769	0.00804	0.00845	0.00618	0.00502	0.00970	0.01130	0.01474	0.03061	0.19939	0.12658	0.39073	0.02418	0.11444	0.00550	0.01211	0.00478	0.00453
12	0.01684	0.04168	0.02667	0.22244	0.24453	0.08817	0.14953	0.03925	0.06364	0.02116	0.01366	0.01751	0.01073	0.00659	0.00692	0.00213	0.00925	0.00634	0.00364	0.00931
13	0.02404	0.10070	0.05231	0.01672	0.02105	0.50277	0.01348	0.12084	0.04835	0.02110	0.01208	0.01341	0.00969	0.00716	0.00614	0.00182	0.01079	0.00475	0.00405	0.00875
14	0.00995	0.00663	0.00746	0.00746	0.00746	0.00663	0.00415	0.00995	0.00995	0.01327	0.02156	0.04477	0.02487	0.75957	0.03482	0.00663	0.00663	0.00995	0.00415	0.00415
15	0.00884	0.00661	0.00767	0.00811	0.00946	0.00594	0.00574	0.01000	0.01403	0.01765	0.07974	0.23507	0.36136	0.09283	0.01249	0.06774	0.00422	0.04122	0.00591	0.00538
16	0.02199	0.02321	0.02125	0.11257	0.12593	0.36059	0.05054	0.07642	0.01871	0.07468	0.01404	0.04335	0.01146	0.00756	0.00665	0.00198	0.01008	0.00596	0.00419	0.00887
17	0.02601	0.01916	0.02053	0.01574	0.02122	0.02122	0.01300	0.69408	0.03217	0.04312	0.01643	0.01643	0.01163	0.00821	0.00684	0.00205	0.00753	0.00616	0.00684	0.01163
18	0.00914	0.00643	0.00776	0.00850	0.00896	0.00615	0.00547	0.00994	0.01206	0.01584	0.03352	0.34826	0.09924	0.34594	0.02019	0.00445	0.00519	0.04259	0.00538	0.00499
19	0.01583	0.01524	0.02354	0.23554	0.41052	0.04478	0.01866	0.02119	0.07616	0.02112	0.01484	0.04574	0.01246	0.00721	0.00686	0.00214	0.00818	0.00667	0.00372	0.00960
20	0.01407	0.01206	0.01437	0.05673	0.01788	0.00981	0.00877	0.01793	0.05015	0.02193	0.01338	0.01634	0.01126	0.03760	0.00655	0.00140	0.00541	0.00463	0.00415	0.67558
21	0.01333	0.01248	0.02033	0.56735	0.10150	0.01523	0.01793	0.01807	0.04127	0.01829	0.01399	0.05682	0.01163	0.00796	0.00793	0.00233	0.05543	0.00684	0.00340	0.00790
22	0.01449	0.01514	0.03047	0.04513	0.10119	0.01457	0.42715	0.01897	0.01499	0.02035	0.01807	0.02567	0.04464	0.07820	0.07165	0.00343	0.01069	0.03308	0.00375	0.00837
23	0.01331	0.00965	0.01128	0.01025	0.01246	0.00976	0.00765	0.07616	0.07803	0.05213	0.03031	0.07735	0.14381	0.20735	0.04340	0.04264	0.03574	0.05625	0.00537	0.07709

[dist]
# distance from previous block
# <min> <max>
0	4

[block]
# block no. 1 follows, 31 sequences, length 18
# corresponding to MSA columns:
# 67-83,85
name=unknown_B
#
# <colnr> <probs for GDERKNQSTAVLIFYWHMCP>
#	G	D	E	R	K	N	Q	S	T	A	V	L	I	F	Y	W	H	M	C	P
0	0.01985	0.18181	0.02346	0.02046	0.16927	0.28103	0.01376	0.02452	0.10332	0.02012	0.06679	0.01766	0.01502	0.00740	0.00616	0.00186	0.00879	0.00564	0.00410	0.00899
1	0.00983	0.00758	0.00899	0.00985	0.01073	0.03829	0.00685	0.01135	0.01301	0.01761	0.03112	0.51257	0.03570	0.05857	0.12052	0.00405	0.00665	0.01526	0.05185	0.02963
2	0.01157	0.00917	0.01266	0.01523	0.14122	0.00870	0.00979	0.01497	0.03590	0.04116	0.26213	0.05169	0.22029	0.01398	0.00801	0.00234	0.00484	0.12277	0.00626	0.00731
3	0.80789	0.01323	0.01006	0.00900	0.01323	0.01535	0.00741	0.02011	0.01164	0.03070	0.00953	0.01111	0.00741	0.00635	0.00423	0.00212	0.00529	0.00370	0.00423	0.00741
4	0.01559	0.05002	0.42002	0.02157	0.13936	0.01649	0.02072	0.07484	0.10098	0.02433	0.04091	0.01764	0.01286	0.00717	0.00662	0.00213	0.00866	0.00587	0.00395	0.01026
5	0.01829	0.76368	0.03585	0.01171	0.01756	0.02707	0.01171	0.02049	0.01390	0.01610	0.00951	0.01097	0.00878	0.00585	0.00439	0.00146	0.00732	0.00366	0.00293	0.00878
6	0.01116	0.00838	0.01187	0.04077	0.01399	0.00966	0.00901	0.06446	0.01265	0.01785	0.01815	0.02696	0.01690	0.09493	0.59953	0.00966	0.01632	0.00737	0.00392	0.00646
7	0.00984	0.00725	0.00909	0.00934	0.00982	0.00763	0.00639	0.01079	0.01160	0.01557	0.02853	0.21261	0.07972	0.35917	0.09552	0.00537	0.06117	0.05057	0.00482	0.00517
8	0.80789	0.01323	0.01006	0.00900	0.01323	0.01535	0.00741	0.02011	0.01164	0.03070	0.00953	0.01111	0.00741	0.00635	0.00423	0.00212	0.00529	0.00370	0.00423	0.00741
9	0.02265	0.02651	0.01805	0.01637	0.02001	0.48882	0.01241	0.03039	0.25248	0.02078	0.01645	0.01682	0.01292	0.00781	0.00644	0.00195	0.00998	0.00554	0.00469	0.00892
10	0.01634	0.01648	0.05520	0.06484	0.63344	0.01577	0.02046	0.02054	0.01563	0.02237	0.04374	0.01839	0.01306	0.00649	0.00682	0.00205	0.00803	0.00633	0.00354	0.01050
11	0.00978	0.00730	0.01083	0.01083	0.01199	0.00846	0.00834	0.01211	0.01095	0.01576	0.01848	0.02773	0.01747	0.08511	0.69916	0.01079	0.01777	0.00746	0.00369	0.00601
12	0.00981	0.00717	0.01021	0.01021	0.01116	0.00812	0.00757	0.01171	0.01076	0.01530	0.01904	0.03086	0.01883	0.20911	0.57702	0.01002	0.01572	0.00791	0.00377	0.00567
13	0.01372	0.03539	0.72412	0.01950	0.02961	0.01589	0.02528	0.02167	0.01444	0.02167	0.01228	0.01444	0.00867	0.00650	0.00650	0.00217	0.01011	0.00506	0.00289	0.01011
14	0.01095	0.04461	0.06139	0.01029	0.01382	0.00945	0.05480	0.06450	0.01697	0.02124	0.09241	0.05191	0.49347	0.01437	0.00771	0.00223	0.00495	0.01211	0.00587	0.00694
15	0.01393	0.01748	0.18334	0.01251	0.01906	0.01107	0.01227	0.01927	0.06213	0.02297	0.06693	0.01785	0.01469	0.00638	0.00577	0.00147	0.00615	0.00518	0.00424	0.49729
16	0.02305	0.01334	0.04816	0.08291	0.02067	0.03454	0.03898	0.04577	0.01830	0.40084	0.07252	0.02581	0.06618	0.00879	0.00691	0.00206	0.00643	0.00735	0.00673	0.07065
17	0.05118	0.22372	0.02246	0.06575	0.06789	0.20103	0.01224	0.02357	0.09455	0.05108	0.01676	0.01790	0.05194	0.00739	0.00584	0.00181	0.00803	0.00546	0.00416	0.06724

[dist]
# distance from previous block
# <min> <max>
4	8

[block]
# block no. 2 follows, 31 sequences, length 9
# corresponding to MSA columns:
# 94-102
name=unknown_C
#
# <colnr> <probs for GDERKNQSTAVLIFYWHMCP>
#	G	D	E	R	K	N	Q	S	T	A	V	L	I	F	Y	W	H	M	C	P
0	0.07379	0.01876	0.05263	0.01566	0.02059	0.07577	0.04643	0.31545	0.08585	0.08699	0.01614	0.01686	0.01187	0.00804	0.00792	0.00210	0.07196	0.00595	0.00567	0.06156
1	0.01292	0.01216	0.02052	0.74312	0.04712	0.01520	0.01900	0.01748	0.01368	0.01748	0.01216	0.01824	0.00912	0.00684	0.00684	0.00228	0.00912	0.00608	0.00304	0.00760
2	0.01391	0.00868	0.01153	0.01067	0.01196	0.00936	0.00787	0.13362	0.01364	0.01853	0.01432	0.02153	0.01314	0.02784	0.19956	0.45903	0.00932	0.00633	0.00384	0.00532
3	0.00990	0.00681	0.00837	0.00837	0.00869	0.00713	0.00528	0.01053	0.01022	0.01394	0.02072	0.04016	0.02287	0.57718	0.21447	0.00776	0.00964	0.00927	0.00402	0.00465
4	0.01243	0.14323	0.28679	0.01326	0.01876	0.01336	0.01443	0.01702	0.01579	0.02190	0.22761	0.09266	0.07468	0.01064	0.00692	0.00211	0.00662	0.00888	0.00481	0.00812
5	0.01457	0.01251	0.01436	0.01065	0.01643	0.01020	0.00848	0.01984	0.10835	0.02316	0.01430	0.01573	0.01160	0.00564	0.00533	0.00119	0.00511	0.00456	0.00445	0.69355
6	0.01604	0.01513	0.08830	0.08277	0.18285	0.01289	0.01415	0.05337	0.04962	0.08331	0.08134	0.02318	0.05949	0.00799	0.00699	0.00192	0.02511	0.00677	0.00478	0.18402
7	0.09256	0.15240	0.14835	0.01702	0.07378	0.12158	0.03653	0.06284	0.08976	0.10025	0.03259	0.01673	0.01260	0.00720	0.00609	0.00198	0.00810	0.00550	0.00456	0.00958
8	0.13052	0.02013	0.14954	0.03078	0.42675	0.05675	0.01900	0.02192	0.04053	0.02334	0.01271	0.01571	0.01021	0.00638	0.00633	0.00206	0.00822	0.00553	0.00356	0.01005

[dist]
# distance from previous block
# <min> <max>
0	2

[block]
# block no. 3 follows, 31 sequences, length 50
# corresponding to MSA columns:
# 105-154
name=unknown_D
#
# <colnr> <probs for GDERKNQSTAVLIFYWHMCP>
#	G	D	E	R	K	N	Q	S	T	A	V	L	I	F	Y	W	H	M	C	P
0	0.01593	0.32956	0.36589	0.01622	0.02386	0.04856	0.04201	0.02097	0.01443	0.01906	0.01208	0.04050	0.01013	0.00679	0.00577	0.00189	0.00889	0.00510	0.00308	0.00928
1	0.05568	0.34992	0.02643	0.01371	0.01875	0.12880	0.04270	0.02479	0.01608	0.20427	0.01448	0.01499	0.01097	0.00705	0.00638	0.00182	0.04434	0.00495	0.00457	0.00931
2	0.01092	0.00832	0.00910	0.00883	0.00907	0.03826	0.00556	0.01127	0.01046	0.01381	0.02004	0.04015	0.02259	0.62721	0.08389	0.00651	0.05606	0.00927	0.00401	0.00467
3	0.06782	0.30095	0.16175	0.01570	0.04486	0.05635	0.05810	0.02042	0.03712	0.01968	0.01636	0.02154	0.04676	0.00816	0.00670	0.00202	0.04020	0.06317	0.00368	0.00865
4	0.01710	0.07199	0.03718	0.02588	0.03212	0.03384	0.55234	0.02210	0.01585	0.05313	0.01374	0.01777	0.01044	0.00633	0.00865	0.00227	0.05900	0.00748	0.00362	0.00916
5	0.01446	0.03273	0.64367	0.01852	0.02814	0.01516	0.02341	0.02183	0.01464	0.05060	0.01288	0.01479	0.00911	0.00648	0.00641	0.00208	0.00957	0.00506	0.00320	0.06725
6	0.00896	0.00697	0.00881	0.01028	0.03992	0.00637	0.00707	0.01077	0.01465	0.01884	0.08223	0.38360	0.27089	0.01875	0.00847	0.00259	0.00418	0.08438	0.00628	0.00598
7	0.01553	0.01319	0.01485	0.01143	0.01689	0.01185	0.00908	0.05583	0.20148	0.02503	0.01661	0.01736	0.01311	0.00636	0.00567	0.00142	0.00528	0.00515	0.00498	0.54891
8	0.02811	0.01150	0.01533	0.01175	0.01699	0.00978	0.00966	0.03076	0.01888	0.62283	0.02731	0.02418	0.04562	0.00850	0.00675	0.00202	0.00565	0.00692	0.00794	0.08953
9	0.01372	0.03539	0.72412	0.01950	0.02961	0.01589	0.02528	0.02167	0.01444	0.02167	0.01228	0.01444	0.00867	0.00650	0.00650	0.00217	0.01011	0.00506	0.00289	0.01011
10	0.01188	0.00594	0.00891	0.00891	0.00891	0.00594	0.00594	0.00891	0.00891	0.01188	0.01188	0.02080	0.01188	0.02377	0.02674	0.80095	0.00594	0.00594	0.00297	0.00297
11	0.01384	0.03455	0.69025	0.01996	0.02991	0.01596	0.05830	0.02168	0.01453	0.02168	0.01235	0.01464	0.00875	0.00646	0.00658	0.00217	0.01018	0.00520	0.00292	0.01007
12	0.02961	0.01338	0.01695	0.01299	0.01833	0.01263	0.01073	0.18566	0.02248	0.56521	0.02455	0.02170	0.01571	0.00841	0.00687	0.00210	0.00621	0.00671	0.00809	0.01164
13	0.01188	0.00594	0.00891	0.00891	0.00891	0.00594	0.00594	0.00891	0.00891	0.01188	0.01188	0.02080	0.01188	0.02377	0.02674	0.80095	0.00594	0.00594	0.00297	0.00297
14	0.00834	0.00595	0.00794	0.00953	0.00992	0.00556	0.00635	0.00953	0.01310	0.01746	0.03771	0.75510	0.04525	0.02143	0.00873	0.00278	0.00397	0.01945	0.00635	0.00556
15	0.01292	0.01216	0.02052	0.74312	0.04712	0.01520	0.01900	0.01748	0.01368	0.01748	0.01216	0.01824	0.00912	0.00684	0.00684	0.00228	0.00912	0.00608	0.00304	0.00760
16	0.48576	0.01188	0.01230	0.03544	0.01507	0.01375	0.03561	0.01762	0.01184	0.02513	0.01359	0.04563	0.01245	0.04893	0.11529	0.00377	0.05582	0.02895	0.00414	0.00704
17	0.01312	0.01236	0.02088	0.70840	0.08029	0.01525	0.01910	0.01765	0.01377	0.01772	0.01220	0.01818	0.00920	0.00680	0.00684	0.00227	0.00907	0.00608	0.00306	0.00776
18	0.01292	0.01216	0.02052	0.74312	0.04712	0.01520	0.01900	0.01748	0.01368	0.01748	0.01216	0.01824	0.00912	0.00684	0.00684	0.00228	0.00912	0.00608	0.00304	0.00760
19	0.01714	0.03861	0.08418	0.15097	0.31091	0.05232	0.09942	0.04963	0.04153	0.04541	0.01366	0.01718	0.01071	0.00673	0.00734	0.00213	0.03243	0.00618	0.00372	0.00979
20	0.01477	0.22089	0.39052	0.01578	0.02324	0.01721	0.03958	0.02019	0.01511	0.03996	0.09472	0.02024	0.04465	0.00767	0.00625	0.00199	0.00824	0.00606	0.00375	0.00918
21	0.01580	0.01211	0.01435	0.01033	0.01634	0.00921	0.00830	0.01881	0.01472	0.09083	0.01361	0.01508	0.01080	0.00540	0.00524	0.00112	0.00514	0.00433	0.00449	0.72399
22	0.01419	0.01216	0.01419	0.01013	0.01621	0.00912	0.00811	0.01723	0.01419	0.02229	0.01216	0.01419	0.01013	0.00507	0.00507	0.00101	0.00507	0.00405	0.00405	0.80139
23	0.01792	0.01613	0.04587	0.01531	0.04220	0.01743	0.01202	0.11177	0.57448	0.02981	0.02537	0.02372	0.01896	0.00893	0.00692	0.00227	0.00595	0.00739	0.00666	0.01089
24	0.01439	0.04863	0.46251	0.14892	0.05074	0.04212	0.06284	0.02090	0.01460	0.02065	0.01222	0.01525	0.00898	0.00644	0.00653	0.00211	0.00975	0.00534	0.00304	0.04402
25	0.01561	0.10630	0.54422	0.01899	0.02795	0.04532	0.07156	0.02233	0.01495	0.05305	0.01272	0.01471	0.00919	0.00649	0.00641	0.00209	0.00983	0.00519	0.00322	0.00990
26	0.01372	0.03539	0.72412	0.01950	0.02961	0.01589	0.02528	0.02167	0.01444	0.02167	0.01228	0.01444	0.00867	0.00650	0.00650	0.00217	0.01011	0.00506	0.00289	0.01011
27	0.00863	0.00661	0.00791	0.00831	0.00976	0.00589	0.00596	0.01060	0.01581	0.02069	0.24231	0.30035	0.29692	0.01779	0.00830	0.00243	0.00357	0.01558	0.00669	0.00589
28	0.01502	0.07977	0.06339	0.04358	0.01771	0.01120	0.06574	0.03891	0.01645	0.13161	0.10947	0.17703	0.08440	0.01313	0.00768	0.00237	0.00611	0.10259	0.00592	0.00791
29	0.01784	0.04110	0.08524	0.21694	0.25575	0.01577	0.09463	0.05027	0.01624	0.11821	0.01473	0.01790	0.01096	0.00670	0.00685	0.00213	0.00857	0.00626	0.00409	0.00982
30	0.02556	0.03261	0.01939	0.01763	0.02115	0.73210	0.01322	0.02732	0.01939	0.01674	0.01058	0.01234	0.00881	0.00705	0.00617	0.00176	0.01234	0.00441	0.00353	0.00793
31	0.00886	0.00646	0.00906	0.01006	0.01076	0.00665	0.00716	0.01051	0.01233	0.01689	0.03061	0.48852	0.03495	0.03237	0.27367	0.00579	0.00922	0.01501	0.00537	0.00576
32	0.02233	0.05409	0.09930	0.04999	0.07806	0.01504	0.19060	0.08406	0.01841	0.29031	0.01856	0.01921	0.01271	0.00716	0.00701	0.00213	0.00829	0.00668	0.00555	0.01048
33	0.00989	0.00721	0.00857	0.00907	0.01076	0.00661	0.00673	0.01245	0.04510	0.04838	0.08339	0.31388	0.30896	0.01810	0.00836	0.00255	0.00411	0.08312	0.00652	0.00625
34	0.01429	0.00955	0.01384	0.01297	0.01584	0.00907	0.06975	0.03970	0.01687	0.12352	0.03864	0.05988	0.16324	0.01555	0.00860	0.00273	0.00618	0.36595	0.00640	0.00742
35	0.01358	0.06034	0.13687	0.07296	0.19243	0.01384	0.06502	0.01763	0.01486	0.02045	0.04973	0.10872	0.04827	0.01081	0.00818	0.00237	0.04421	0.10699	0.00428	0.00845
36	0.01248	0.01139	0.04532	0.01480	0.01777	0.01072	0.10254	0.01865	0.13026	0.02174	0.03233	0.11428	0.06001	0.01515	0.00861	0.00279	0.00670	0.36105	0.00589	0.00752
37	0.01694	0.01619	0.02723	0.04077	0.68641	0.01629	0.02055	0.02167	0.04562	0.02262	0.01352	0.01731	0.01127	0.00623	0.00678	0.00204	0.00801	0.00617	0.00354	0.01084
38	0.01629	0.01739	0.07872	0.10436	0.57114	0.01618	0.05428	0.02077	0.01535	0.02183	0.01281	0.01695	0.01050	0.00618	0.00682	0.00208	0.00853	0.00612	0.00332	0.01041
39	0.01395	0.01865	0.19226	0.21782	0.25381	0.01456	0.04405	0.01889	0.01496	0.02069	0.04388	0.02266	0.07893	0.00774	0.00695	0.00217	0.00837	0.00694	0.00361	0.00910
40	0.02444	0.03073	0.01929	0.01840	0.05260	0.66865	0.01329	0.02628	0.01895	0.01703	0.01182	0.04383	0.01044	0.00761	0.00630	0.00182	0.01179	0.00512	0.00364	0.00796
41	0.03070	0.01164	0.01588	0.01217	0.01746	0.01006	0.01006	0.03334	0.01958	0.72163	0.02699	0.02329	0.01694	0.00847	0.00688	0.00212	0.00582	0.00688	0.00847	0.01164
42	0.04840	0.01305	0.06532	0.04676	0.08202	0.01082	0.02993	0.02562	0.01754	0.40433	0.05173	0.05209	0.10257	0.00960	0.00704	0.00217	0.00617	0.00810	0.00675	0.00999
43	0.01574	0.02480	0.40111	0.07093	0.14737	0.01422	0.02046	0.02150	0.01508	0.10494	0.01657	0.08725	0.01358	0.00812	0.00683	0.00220	0.00859	0.00691	0.00399	0.00981
44	0.00843	0.00635	0.00780	0.00869	0.00977	0.00573	0.00604	0.01002	0.01456	0.01896	0.12893	0.47679	0.23435	0.01938	0.00847	0.00257	0.00374	0.01719	0.00650	0.00573
45	0.01749	0.19879	0.40976	0.01714	0.04714	0.01768	0.01919	0.02368	0.04359	0.12263	0.01444	0.01547	0.01047	0.00674	0.00610	0.00200	0.00858	0.00514	0.00389	0.01008
46	0.02182	0.01807	0.18161	0.05576	0.13521	0.01294	0.06093	0.02615	0.01697	0.33814	0.02018	0.05002	0.01441	0.00791	0.00693	0.00216	0.00764	0.00690	0.00568	0.01055
47	0.01682	0.02092	0.15309	0.06061	0.37409	0.07803	0.05830	0.02293	0.08291	0.02194	0.01393	0.01700	0.01109	0.00676	0.00727	0.00212	0.03240	0.00603	0.00363	0.01012
48	0.07505	0.01268	0.04521	0.06719	0.04400	0.04211	0.05251	0.04598	0.01352	0.05092	0.01668	0.05809	0.01518	0.06000	0.29357	0.00592	0.08267	0.00726	0.00405	0.00742
49	0.18735	0.01392	0.04076	0.04683	0.11753	0.01363	0.03680	0.07862	0.06419	0.21563	0.04858	0.07269	0.01710	0.00865	0.00652	0.00218	0.00639	0.00718	0.00583	0.00961

[dist]
# distance from previous block
# <min> <max>
4	17

[block]
# block no. 4 follows, 31 sequences, length 11
# corresponding to MSA columns:
# 172-182
name=unknown_E
#
# <colnr> <probs for GDERKNQSTAVLIFYWHMCP>
#	G	D	E	R	K	N	Q	S	T	A	V	L	I	F	Y	W	H	M	C	P
0	0.08709	0.01677	0.09855	0.05440	0.08324	0.03076	0.11585	0.06776	0.08582	0.04890	0.04896	0.04769	0.05686	0.00863	0.00794	0.00218	0.06086	0.00731	0.00467	0.06574
1	0.10767	0.04201	0.09049	0.08118	0.16958	0.01660	0.04056	0.02257	0.15058	0.02326	0.04946	0.01902	0.01436	0.00805	0.00875	0.00224	0.11425	0.00627	0.00427	0.02881
2	0.35125	0.01469	0.04582	0.04905	0.01841	0.01543	0.04017	0.09120	0.16514	0.06375	0.01755	0.06995	0.01424	0.00838	0.00595	0.00222	0.00615	0.00649	0.00530	0.00886
3	0.01336	0.01094	0.01400	0.11249	0.05369	0.01083	0.01046	0.08406	0.04669	0.02272	0.06997	0.03712	0.13533	0.05471	0.03431	0.00264	0.00638	0.09775	0.00518	0.17737
4	0.24928	0.01803	0.17859	0.01414	0.01987	0.01381	0.07705	0.06999	0.01595	0.14088	0.02102	0.05784	0.07845	0.00861	0.00634	0.00219	0.00700	0.00694	0.00505	0.00896
5	0.09959	0.01939	0.08362	0.01471	0.01975	0.08719	0.01270	0.23995	0.19187	0.05539	0.01743	0.01761	0.01295	0.00794	0.00695	0.00207	0.03354	0.00590	0.00564	0.06581
6	0.00992	0.00674	0.00799	0.00799	0.00817	0.00692	0.00481	0.01029	0.01011	0.01366	0.02107	0.04209	0.02371	0.65342	0.13937	0.00729	0.00838	0.00956	0.00407	0.00444
7	0.01419	0.01216	0.01419	0.01013	0.01621	0.00912	0.00811	0.01723	0.01419	0.02229	0.01216	0.01419	0.01013	0.00507	0.00507	0.00101	0.00507	0.00405	0.00405	0.80139
8	0.01613	0.01359	0.02097	0.10072	0.29359	0.01392	0.05143	0.08397	0.05223	0.05952	0.11499	0.02890	0.06926	0.00913	0.00727	0.00218	0.00702	0.04079	0.00503	0.00935
9	0.01022	0.00807	0.01223	0.09309	0.01618	0.00956	0.00981	0.01278	0.01143	0.01620	0.01867	0.07805	0.01793	0.04266	0.57154	0.00912	0.04442	0.00801	0.00376	0.00629
10	0.04467	0.25585	0.17827	0.02061	0.17959	0.05160	0.01643	0.02125	0.03772	0.02028	0.01177	0.01407	0.00972	0.00637	0.00622	0.00182	0.03273	0.00480	0.00334	0.08288

[dist]
# distance from previous block
# <min> <max>
1	2

[block]
# block no. 5 follows, 31 sequences, length 6
# corresponding to MSA columns:
# 185-190
name=unknown_F
#
# <colnr> <probs for GDERKNQSTAVLIFYWHMCP>
#	G	D	E	R	K	N	Q	S	T	A	V	L	I	F	Y	W	H	M	C	P
0	0.01392	0.01287	0.02138	0.02546	0.29140	0.01393	0.07856	0.01694	0.01311	0.01881	0.01479	0.02232	0.01366	0.09473	0.21104	0.00511	0.11323	0.00699	0.00349	0.00825
1	0.07168	0.02740	0.36123	0.01773	0.02474	0.12238	0.05562	0.08647	0.06455	0.02399	0.01526	0.01997	0.01222	0.00785	0.00668	0.00219	0.00932	0.05726	0.00403	0.00945
2	0.12402	0.03455	0.01241	0.01088	0.01329	0.09329	0.00822	0.09078	0.03868	0.02179	0.04881	0.06808	0.08165	0.17803	0.12312	0.00446	0.00840	0.02776	0.00487	0.00688
3	0.27333	0.17805	0.01729	0.01275	0.06888	0.03419	0.00979	0.01858	0.04084	0.02318	0.05717	0.02827	0.10222	0.01080	0.02855	0.00237	0.00633	0.07510	0.00459	0.00772
4	0.01609	0.07273	0.02150	0.04849	0.07864	0.01430	0.09351	0.08237	0.01595	0.02314	0.01241	0.01512	0.01014	0.00614	0.00693	0.00158	0.05632	0.00510	0.00399	0.41558
5	0.36035	0.07032	0.11372	0.01326	0.01844	0.17118	0.01206	0.07859	0.01608	0.07272	0.01187	0.01308	0.00896	0.00679	0.00537	0.00200	0.00783	0.00446	0.00431	0.00862

[dist]
# distance from previous block
# <min> <max>
0	14

# created by:
# /home/cegg/simao/soft/augustus-3.2.1/scripts/msa2prfl.pl ./align_prep/EOG090W0JS9.fa
