[name]
unknown

[dist]
# distance from previous block
# <min> <max>
0	6

[block]
# block no. 0 follows, 32 sequences, length 12
# corresponding to MSA columns:
# 213-224
name=unknown_A
#
# <colnr> <probs for GDERKNQSTAVLIFYWHMCP>
#	G	D	E	R	K	N	Q	S	T	A	V	L	I	F	Y	W	H	M	C	P
0	0.01762	0.01007	0.01370	0.01380	0.06314	0.00942	0.01052	0.02143	0.05927	0.24023	0.02863	0.10421	0.02664	0.01290	0.00771	0.00243	0.00580	0.26532	0.00649	0.08065
1	0.03690	0.08555	0.09750	0.08057	0.02181	0.05465	0.04551	0.10209	0.05309	0.25776	0.01848	0.04041	0.01351	0.00870	0.00759	0.04714	0.00734	0.00633	0.00551	0.00954
2	0.02009	0.08635	0.13914	0.01409	0.01958	0.01601	0.01317	0.22050	0.11222	0.14363	0.01991	0.07239	0.01589	0.00886	0.00659	0.00206	0.00684	0.02872	0.00580	0.04817
3	0.01188	0.07251	0.01203	0.00943	0.01162	0.00992	0.00719	0.07602	0.06448	0.02368	0.31760	0.10813	0.12055	0.11258	0.01096	0.00271	0.00457	0.01111	0.00623	0.00682
4	0.01381	0.01305	0.01199	0.09792	0.01658	0.17087	0.00915	0.03618	0.01560	0.01969	0.07532	0.23694	0.07892	0.01389	0.03247	0.00244	0.00671	0.01052	0.13134	0.00661
5	0.03583	0.01502	0.05600	0.05205	0.06551	0.07245	0.01121	0.14292	0.05685	0.07360	0.07701	0.07802	0.01926	0.04177	0.00765	0.00211	0.00647	0.00731	0.05944	0.11951
6	0.04260	0.01266	0.04126	0.01158	0.01531	0.05940	0.00946	0.08052	0.04133	0.28725	0.15812	0.12616	0.06297	0.01123	0.00713	0.00216	0.00558	0.00942	0.00690	0.00892
7	0.00949	0.00608	0.00727	0.00814	0.00890	0.00580	0.00550	0.01105	0.01292	0.01873	0.03286	0.44010	0.07344	0.10913	0.01068	0.00286	0.00399	0.01430	0.21325	0.00550
8	0.47871	0.01709	0.07889	0.01175	0.01669	0.06470	0.01043	0.13543	0.01630	0.09678	0.01243	0.01329	0.00906	0.00679	0.00516	0.00205	0.00651	0.00450	0.00481	0.00863
9	0.01213	0.00811	0.00965	0.00957	0.01135	0.00789	0.00690	0.04777	0.08560	0.08334	0.03834	0.33551	0.18405	0.07019	0.01081	0.04781	0.00456	0.01366	0.00616	0.00661
10	0.01639	0.38171	0.02484	0.01233	0.01658	0.08039	0.04288	0.04512	0.05725	0.01817	0.01597	0.11950	0.01591	0.07218	0.00802	0.00216	0.00705	0.00689	0.00397	0.05271
11	0.05074	0.05562	0.17080	0.11255	0.18412	0.04949	0.12718	0.01940	0.01515	0.02114	0.07481	0.02126	0.05383	0.00741	0.00673	0.00208	0.00841	0.00676	0.00372	0.00881

[dist]
# distance from previous block
# <min> <max>
0	14

[block]
# block no. 1 follows, 32 sequences, length 29
# corresponding to MSA columns:
# 239-267
name=unknown_B
#
# <colnr> <probs for GDERKNQSTAVLIFYWHMCP>
#	G	D	E	R	K	N	Q	S	T	A	V	L	I	F	Y	W	H	M	C	P
0	0.01683	0.09735	0.04103	0.03417	0.04367	0.06514	0.07181	0.16348	0.07897	0.02476	0.03623	0.13594	0.01819	0.01086	0.03269	0.00230	0.00736	0.00800	0.02674	0.08447
1	0.36797	0.13420	0.01764	0.05077	0.01781	0.01631	0.04071	0.08626	0.01457	0.02628	0.01086	0.01270	0.00865	0.00608	0.00490	0.00177	0.00616	0.00425	0.00407	0.16805
2	0.05616	0.01502	0.02243	0.17424	0.38591	0.04057	0.01757	0.05820	0.03654	0.02215	0.01436	0.02080	0.01233	0.00753	0.00736	0.00216	0.03955	0.05401	0.00379	0.00931
3	0.01094	0.00843	0.01080	0.01025	0.01188	0.00842	0.03984	0.04169	0.08780	0.02051	0.15484	0.19155	0.10154	0.20620	0.01468	0.00346	0.00519	0.05986	0.00583	0.00628
4	0.00934	0.00764	0.00837	0.00824	0.01042	0.00708	0.00626	0.01326	0.09153	0.02104	0.19305	0.08739	0.45044	0.01571	0.00789	0.00229	0.00371	0.04346	0.00653	0.00635
5	0.05485	0.01137	0.01468	0.01266	0.01536	0.01228	0.04950	0.10459	0.07821	0.13132	0.02255	0.15453	0.02074	0.07119	0.04410	0.00303	0.09255	0.02646	0.07194	0.00810
6	0.00852	0.00676	0.00753	0.00744	0.00928	0.00591	0.00546	0.01055	0.01599	0.02046	0.26230	0.08935	0.44958	0.05965	0.00948	0.00249	0.00353	0.01350	0.00646	0.00577
7	0.01462	0.02006	0.24017	0.03893	0.09300	0.05231	0.04362	0.09656	0.01673	0.02299	0.08299	0.05475	0.08288	0.04540	0.00870	0.00234	0.03418	0.00769	0.03357	0.00853
8	0.01426	0.03306	0.65801	0.01931	0.02883	0.01595	0.05351	0.06075	0.01525	0.02248	0.01235	0.01445	0.00874	0.00644	0.00646	0.00212	0.00983	0.00515	0.00308	0.00997
9	0.01638	0.05631	0.23393	0.04430	0.05598	0.09837	0.23612	0.05437	0.03473	0.02108	0.01316	0.01703	0.01036	0.04106	0.00863	0.00232	0.03715	0.00622	0.00347	0.00902
10	0.16109	0.05899	0.01925	0.03468	0.01859	0.01878	0.03355	0.19942	0.01688	0.02631	0.01161	0.01458	0.00954	0.00866	0.01156	0.00228	0.27666	0.00537	0.02540	0.04681
11	0.38920	0.07683	0.01483	0.01249	0.03648	0.20639	0.00954	0.02084	0.03409	0.02310	0.01223	0.05626	0.01088	0.00948	0.03155	0.03168	0.00766	0.00510	0.00398	0.00740
12	0.07466	0.01310	0.01494	0.01207	0.01625	0.01354	0.00977	0.25831	0.06963	0.21532	0.16745	0.02680	0.04450	0.00950	0.00681	0.00207	0.00558	0.00768	0.02225	0.00976
13	0.01906	0.59500	0.06545	0.01294	0.01845	0.15926	0.01240	0.02140	0.01467	0.01617	0.00965	0.01118	0.00861	0.00599	0.00473	0.00152	0.00823	0.00379	0.00298	0.00852
14	0.32935	0.01339	0.01399	0.01131	0.01593	0.01409	0.00930	0.17453	0.01893	0.26522	0.05815	0.01834	0.01459	0.00777	0.00581	0.00206	0.00573	0.00571	0.00630	0.00952
15	0.04921	0.02498	0.01907	0.01603	0.02039	0.38212	0.01258	0.31179	0.02410	0.05713	0.01343	0.01420	0.01010	0.00743	0.00630	0.00187	0.00963	0.00513	0.00506	0.00945
16	0.00976	0.00651	0.00732	0.00732	0.00732	0.00651	0.00407	0.00976	0.00976	0.01301	0.02114	0.04391	0.02439	0.76419	0.03415	0.00651	0.00651	0.00976	0.00407	0.00407
17	0.00954	0.00663	0.00827	0.00871	0.01010	0.00604	0.00635	0.01156	0.01535	0.04558	0.21396	0.33547	0.19654	0.01723	0.00810	0.00243	0.00377	0.05394	0.03442	0.00600
18	0.00965	0.00674	0.00812	0.00834	0.00998	0.00598	0.00604	0.01152	0.01544	0.06119	0.19243	0.30426	0.30128	0.01721	0.00808	0.00238	0.00366	0.01503	0.00660	0.00607
19	0.07071	0.01919	0.01896	0.01528	0.01992	0.15550	0.04099	0.30833	0.08434	0.14804	0.01697	0.01698	0.01216	0.00789	0.00703	0.00204	0.03364	0.00590	0.00594	0.01016
20	0.01998	0.01226	0.01455	0.01211	0.01554	0.01313	0.00986	0.22327	0.03811	0.18307	0.02310	0.02549	0.05672	0.01295	0.06973	0.00283	0.07244	0.03455	0.15121	0.00908
21	0.00862	0.00641	0.00757	0.00821	0.00920	0.00589	0.00562	0.00988	0.01332	0.01710	0.07294	0.32515	0.25000	0.18205	0.01397	0.00340	0.00438	0.04520	0.00580	0.00529
22	0.00916	0.00725	0.00840	0.00896	0.01067	0.00678	0.00676	0.01229	0.06830	0.01914	0.06863	0.26574	0.34690	0.01771	0.00823	0.00252	0.00411	0.11607	0.00630	0.00608
23	0.16428	0.01369	0.01659	0.01766	0.16042	0.01466	0.01151	0.19790	0.07146	0.07761	0.01540	0.01802	0.01210	0.02859	0.00974	0.12022	0.00645	0.00583	0.02904	0.00884
24	0.05745	0.07319	0.17145	0.01943	0.02445	0.14948	0.19153	0.02070	0.01434	0.01915	0.01116	0.01473	0.00908	0.00792	0.01028	0.03159	0.15691	0.00566	0.00319	0.00831
25	0.04362	0.01101	0.01576	0.16879	0.02173	0.01166	0.07392	0.05160	0.04393	0.13437	0.02436	0.02846	0.10242	0.10344	0.01073	0.00269	0.03729	0.00779	0.09869	0.00776
26	0.00865	0.00657	0.00886	0.06604	0.01261	0.00643	0.00718	0.01033	0.01343	0.01773	0.07745	0.53203	0.12491	0.02071	0.05105	0.00307	0.00500	0.01635	0.00589	0.00571
27	0.04382	0.09981	0.07693	0.22258	0.18967	0.04667	0.03335	0.06739	0.01551	0.02106	0.04167	0.03912	0.01309	0.00975	0.04976	0.00256	0.00870	0.00623	0.00368	0.00865
28	0.05001	0.04736	0.14313	0.05060	0.15586	0.12672	0.05211	0.10066	0.04154	0.05381	0.01987	0.02123	0.09231	0.00793	0.00656	0.00203	0.00824	0.00651	0.00434	0.00919

[dist]
# distance from previous block
# <min> <max>
3	22

[block]
# block no. 2 follows, 32 sequences, length 30
# corresponding to MSA columns:
# 292-321
name=unknown_C
#
# <colnr> <probs for GDERKNQSTAVLIFYWHMCP>
#	G	D	E	R	K	N	Q	S	T	A	V	L	I	F	Y	W	H	M	C	P
0	0.01009	0.00785	0.00906	0.00885	0.01079	0.00763	0.00658	0.01501	0.12492	0.02311	0.30264	0.15292	0.23852	0.01479	0.00773	0.00225	0.00367	0.01281	0.03409	0.00668
1	0.01031	0.00622	0.00704	0.00752	0.00877	0.00593	0.00538	0.01263	0.01419	0.02176	0.08732	0.27797	0.10714	0.01373	0.00660	0.00207	0.00342	0.01189	0.38418	0.00593
2	0.00842	0.00599	0.00791	0.00918	0.00962	0.00569	0.00612	0.00962	0.01277	0.01713	0.06421	0.64004	0.04244	0.08633	0.03769	0.00332	0.00461	0.01753	0.00599	0.00539
3	0.00974	0.00685	0.00845	0.00825	0.00985	0.00620	0.00602	0.01207	0.01671	0.04851	0.40562	0.14923	0.20625	0.06437	0.00968	0.00252	0.00363	0.01319	0.00678	0.00610
4	0.01853	0.01159	0.01251	0.01108	0.01401	0.06012	0.00857	0.11190	0.06229	0.19272	0.02623	0.18954	0.04278	0.01134	0.00709	0.00212	0.02395	0.00942	0.17581	0.00839
5	0.01133	0.00681	0.00815	0.00853	0.00957	0.00664	0.00582	0.01355	0.04260	0.06498	0.02890	0.35225	0.03083	0.17892	0.01306	0.00322	0.00446	0.01275	0.19169	0.00595
6	0.01479	0.01502	0.02325	0.05955	0.04568	0.01962	0.10457	0.01705	0.01135	0.01710	0.00973	0.01537	0.00906	0.01047	0.01881	0.00278	0.58895	0.00615	0.00301	0.00768
7	0.01913	0.02225	0.02143	0.05807	0.02195	0.32837	0.07011	0.02122	0.01466	0.01676	0.01004	0.01402	0.00886	0.00889	0.01316	0.00232	0.33249	0.00538	0.00320	0.00767
8	0.04515	0.01867	0.01779	0.01487	0.01908	0.12724	0.01186	0.28914	0.26140	0.03100	0.01836	0.01828	0.01380	0.00831	0.00741	0.00209	0.05035	0.00617	0.00588	0.03314
9	0.04063	0.00730	0.00908	0.00904	0.01023	0.00726	0.00630	0.01302	0.01222	0.09279	0.02758	0.19348	0.07068	0.30004	0.14424	0.00542	0.00759	0.03218	0.00512	0.00578
10	0.23773	0.07934	0.06646	0.04202	0.07801	0.06368	0.10195	0.04642	0.04287	0.10027	0.03905	0.01646	0.01205	0.00708	0.00660	0.00207	0.03917	0.00558	0.00442	0.00880
11	0.01426	0.01407	0.01975	0.01706	0.01715	0.01956	0.01416	0.01581	0.01032	0.01610	0.00956	0.01564	0.00946	0.01490	0.08062	0.00358	0.69181	0.00598	0.00299	0.00723
12	0.00961	0.00710	0.01035	0.01035	0.01139	0.00815	0.00784	0.01170	0.01065	0.01525	0.01837	0.02857	0.01774	0.14032	0.64892	0.01024	0.01653	0.00751	0.00365	0.00575
13	0.04202	0.01567	0.07702	0.06447	0.02060	0.05447	0.09930	0.04762	0.07978	0.01946	0.01485	0.02202	0.01342	0.14583	0.06214	0.00368	0.19938	0.00685	0.00383	0.00761
14	0.02266	0.02289	0.01850	0.01664	0.04037	0.36611	0.01261	0.12364	0.05107	0.09284	0.01492	0.05552	0.01243	0.00872	0.00859	0.00206	0.11102	0.00603	0.00465	0.00871
15	0.01517	0.00911	0.01254	0.01062	0.01371	0.00834	0.06050	0.01875	0.04719	0.19158	0.24975	0.04193	0.18354	0.01198	0.00737	0.00214	0.00464	0.03135	0.07201	0.00779
16	0.57743	0.01183	0.00972	0.00873	0.01237	0.01347	0.00707	0.04855	0.03823	0.02946	0.01298	0.01467	0.01006	0.00675	0.00447	0.00197	0.00485	0.00444	0.17561	0.00735
17	0.01257	0.01070	0.01704	0.05404	0.19762	0.01076	0.05774	0.01658	0.04254	0.02132	0.10280	0.10801	0.03075	0.01324	0.00808	0.00254	0.00654	0.27415	0.00528	0.00769
18	0.01534	0.01464	0.02494	0.26959	0.50387	0.01561	0.01996	0.01948	0.01468	0.02038	0.01240	0.01702	0.01008	0.00621	0.00666	0.00207	0.00829	0.00597	0.00321	0.00960
19	0.00936	0.00673	0.00839	0.00922	0.01000	0.00647	0.00624	0.04711	0.01389	0.01846	0.06489	0.55482	0.08394	0.11314	0.01161	0.00311	0.00435	0.01659	0.00603	0.00565
20	0.75958	0.01307	0.01021	0.00914	0.01327	0.01516	0.00749	0.02077	0.05714	0.02997	0.01052	0.01182	0.00813	0.00642	0.00433	0.00209	0.00520	0.00389	0.00433	0.00749
21	0.01014	0.00743	0.01045	0.01081	0.02772	0.00835	0.00787	0.01212	0.01118	0.01613	0.01993	0.06240	0.01991	0.17412	0.45699	0.00826	0.03881	0.03683	0.05475	0.00579
22	0.02402	0.14192	0.02152	0.01629	0.02022	0.58463	0.01273	0.06871	0.01900	0.01798	0.01058	0.01215	0.00881	0.00681	0.00583	0.00170	0.01106	0.00432	0.00358	0.00814
23	0.01035	0.00669	0.00852	0.00935	0.01038	0.00634	0.00652	0.01252	0.04112	0.06474	0.05267	0.55396	0.06648	0.04061	0.00885	0.00267	0.00410	0.02881	0.05919	0.00610
24	0.05345	0.01823	0.01771	0.07476	0.05949	0.21386	0.04282	0.13175	0.07230	0.06973	0.01871	0.09262	0.01652	0.00943	0.00678	0.00212	0.00811	0.05497	0.02804	0.00860
25	0.01668	0.02869	0.01766	0.04276	0.13475	0.04429	0.03854	0.15955	0.04407	0.06347	0.07842	0.05329	0.09058	0.01270	0.05369	0.00268	0.00735	0.06273	0.00539	0.04270
26	0.01641	0.01128	0.04077	0.01334	0.04321	0.01067	0.05345	0.09689	0.01605	0.15905	0.02341	0.19372	0.02219	0.11264	0.05790	0.00336	0.03884	0.00983	0.06909	0.00791
27	0.01192	0.01091	0.03057	0.08349	0.14211	0.01098	0.03746	0.04339	0.01523	0.02057	0.11185	0.20405	0.15712	0.01315	0.00891	0.00235	0.07213	0.01136	0.00510	0.00735
28	0.16332	0.17301	0.17402	0.01706	0.05011	0.11167	0.10340	0.07635	0.01597	0.04051	0.01170	0.01360	0.00906	0.00636	0.00576	0.00193	0.00858	0.00492	0.00370	0.00897
29	0.01820	0.05620	0.07840	0.11710	0.29094	0.05788	0.01702	0.17981	0.04658	0.02553	0.01550	0.01790	0.03499	0.00713	0.00655	0.00202	0.00804	0.00604	0.00426	0.00992

[dist]
# distance from previous block
# <min> <max>
5	7

[block]
# block no. 3 follows, 32 sequences, length 8
# corresponding to MSA columns:
# 329-336
name=unknown_D
#
# <colnr> <probs for GDERKNQSTAVLIFYWHMCP>
#	G	D	E	R	K	N	Q	S	T	A	V	L	I	F	Y	W	H	M	C	P
0	0.01469	0.00987	0.01220	0.00980	0.01392	0.00807	0.00776	0.01756	0.01622	0.13417	0.21210	0.05608	0.05546	0.00950	0.00648	0.00167	0.00454	0.03604	0.00585	0.36801
1	0.01143	0.00775	0.00994	0.01042	0.01185	0.00764	0.00789	0.04163	0.05005	0.05812	0.11989	0.33306	0.03968	0.07872	0.01050	0.00296	0.00490	0.18076	0.00635	0.00645
2	0.01900	0.08641	0.02377	0.09517	0.31799	0.07331	0.01626	0.08696	0.05424	0.08843	0.01423	0.01669	0.01117	0.00709	0.00749	0.00203	0.05993	0.00578	0.00421	0.00984
3	0.01431	0.18956	0.12014	0.01276	0.04207	0.01373	0.01138	0.01854	0.07284	0.08092	0.02849	0.16486	0.12550	0.02939	0.00743	0.00226	0.00607	0.04670	0.00503	0.00802
4	0.00992	0.00724	0.00921	0.06040	0.01281	0.00700	0.00744	0.01223	0.01495	0.03689	0.14984	0.15803	0.24443	0.04883	0.04975	0.00303	0.00520	0.10553	0.05122	0.00606
5	0.01703	0.01471	0.09441	0.01293	0.01668	0.08279	0.04948	0.05948	0.01715	0.17033	0.14922	0.09755	0.05241	0.07592	0.03912	0.00288	0.00710	0.02693	0.00579	0.00809
6	0.09504	0.05895	0.17583	0.08079	0.07276	0.03380	0.04352	0.13072	0.01713	0.07397	0.03760	0.05910	0.01375	0.00812	0.00719	0.00212	0.04723	0.00644	0.02687	0.00907
7	0.08153	0.08441	0.13919	0.05464	0.08383	0.17228	0.01533	0.15128	0.01814	0.04986	0.01230	0.01433	0.00954	0.00730	0.00754	0.00203	0.07810	0.00510	0.00407	0.00918

[dist]
# distance from previous block
# <min> <max>
3	42

[block]
# block no. 4 follows, 32 sequences, length 13
# corresponding to MSA columns:
# 381-393
name=unknown_E
#
# <colnr> <probs for GDERKNQSTAVLIFYWHMCP>
#	G	D	E	R	K	N	Q	S	T	A	V	L	I	F	Y	W	H	M	C	P
0	0.01479	0.12854	0.06420	0.11040	0.26965	0.01605	0.04098	0.01876	0.03936	0.01930	0.01623	0.02069	0.05233	0.05737	0.02835	0.00252	0.05079	0.00635	0.00354	0.03980
1	0.01732	0.10858	0.02298	0.07727	0.13309	0.11884	0.10925	0.03705	0.01599	0.06777	0.05950	0.06410	0.01590	0.00793	0.00701	0.00195	0.03353	0.00685	0.03492	0.06016
2	0.00995	0.00724	0.00900	0.00979	0.01080	0.00713	0.00681	0.05559	0.05439	0.01917	0.03574	0.58691	0.08211	0.01935	0.00921	0.04382	0.00427	0.01657	0.00612	0.00602
3	0.01026	0.00700	0.00853	0.00876	0.00955	0.00696	0.00580	0.01226	0.05254	0.04067	0.08024	0.26378	0.05586	0.33701	0.06666	0.00475	0.00599	0.01257	0.00533	0.00547
4	0.01518	0.14654	0.06154	0.03437	0.05341	0.03545	0.07897	0.05346	0.03486	0.06424	0.08343	0.14878	0.02251	0.08067	0.01029	0.00256	0.05222	0.00889	0.00472	0.00790
5	0.01616	0.23134	0.05828	0.01371	0.05723	0.03259	0.03356	0.05564	0.06331	0.07147	0.08201	0.10180	0.04100	0.00937	0.00623	0.00191	0.00623	0.02120	0.04643	0.05053
6	0.00821	0.00666	0.00729	0.00744	0.00931	0.00574	0.00546	0.01007	0.01551	0.01937	0.16622	0.16611	0.51504	0.01708	0.00802	0.00231	0.00344	0.01457	0.00641	0.00574
7	0.01655	0.01601	0.07250	0.20872	0.39972	0.01570	0.01910	0.04683	0.01538	0.06687	0.01325	0.01704	0.01039	0.00671	0.00744	0.00212	0.04638	0.00595	0.00364	0.00971
8	0.03977	0.12610	0.21103	0.04497	0.09418	0.11740	0.01652	0.10118	0.05497	0.06350	0.01336	0.01507	0.01022	0.00713	0.00713	0.00201	0.05675	0.00522	0.00401	0.00949
9	0.01730	0.04456	0.09769	0.12936	0.25368	0.12558	0.12478	0.04043	0.01590	0.03932	0.01283	0.01641	0.01014	0.00795	0.03339	0.00235	0.00972	0.00591	0.00348	0.00923
10	0.00994	0.00677	0.00806	0.00808	0.00978	0.00626	0.00599	0.01217	0.01525	0.04636	0.19535	0.17074	0.26497	0.01839	0.07473	0.00299	0.00482	0.01251	0.12074	0.00610
11	0.08712	0.09240	0.19543	0.01641	0.07795	0.05486	0.03689	0.07078	0.03354	0.09054	0.03668	0.06447	0.03899	0.03063	0.02538	0.00242	0.00778	0.02431	0.00454	0.00888
12	0.05693	0.06077	0.25318	0.05710	0.08483	0.07162	0.01665	0.08645	0.07890	0.07518	0.01597	0.06262	0.01288	0.00798	0.00687	0.00211	0.02988	0.00630	0.00434	0.00944

[dist]
# distance from previous block
# <min> <max>
2	7

[block]
# block no. 5 follows, 32 sequences, length 13
# corresponding to MSA columns:
# 403-415
name=unknown_F
#
# <colnr> <probs for GDERKNQSTAVLIFYWHMCP>
#	G	D	E	R	K	N	Q	S	T	A	V	L	I	F	Y	W	H	M	C	P
0	0.09965	0.07013	0.08170	0.07037	0.20994	0.07725	0.05427	0.08524	0.04045	0.04007	0.03884	0.01799	0.03256	0.00702	0.00624	0.00196	0.00776	0.00588	0.00414	0.04854
1	0.05911	0.01776	0.02111	0.03721	0.16263	0.08611	0.04734	0.24888	0.07483	0.02840	0.01417	0.01611	0.01102	0.00751	0.00795	0.00204	0.08041	0.00579	0.00479	0.06682
2	0.05158	0.00983	0.01074	0.01040	0.03151	0.05435	0.00764	0.01638	0.07170	0.05835	0.37972	0.04231	0.15288	0.01503	0.05573	0.00269	0.00528	0.01043	0.00643	0.00704
3	0.01431	0.01117	0.01200	0.01102	0.01362	0.02814	0.00841	0.08149	0.27617	0.02489	0.07233	0.06164	0.05849	0.06878	0.09839	0.00348	0.00663	0.00842	0.13250	0.00813
4	0.00830	0.00630	0.00766	0.00840	0.00957	0.00565	0.00589	0.00994	0.01455	0.01893	0.15068	0.43282	0.25976	0.01864	0.00827	0.00249	0.00363	0.01647	0.00641	0.00565
5	0.00846	0.00673	0.00764	0.00798	0.00977	0.00591	0.00600	0.01040	0.01540	0.01933	0.14776	0.18026	0.45285	0.01737	0.00816	0.00240	0.00371	0.07772	0.00638	0.00577
6	0.00854	0.00678	0.00766	0.00753	0.00946	0.00591	0.00561	0.01077	0.01660	0.02142	0.31405	0.08858	0.44149	0.01592	0.00795	0.00223	0.00333	0.01360	0.00667	0.00591
7	0.05724	0.66071	0.09987	0.01207	0.01813	0.02493	0.01254	0.02018	0.01357	0.01702	0.00959	0.01109	0.00853	0.00583	0.00449	0.00153	0.00734	0.00372	0.00293	0.00867
8	0.01955	0.45755	0.02702	0.01270	0.01728	0.24396	0.01120	0.02168	0.01534	0.01699	0.01102	0.01273	0.00956	0.00633	0.00489	0.00154	0.00826	0.00411	0.09020	0.00810
9	0.00912	0.00645	0.00793	0.00854	0.00973	0.00583	0.00596	0.01068	0.01437	0.04284	0.13477	0.42005	0.22339	0.05620	0.00954	0.00269	0.00386	0.01596	0.00634	0.00576
10	0.09913	0.01805	0.01799	0.01443	0.01929	0.07293	0.01172	0.43577	0.13295	0.08403	0.01748	0.01716	0.01257	0.00797	0.00644	0.00204	0.00709	0.00597	0.00635	0.01062
11	0.01464	0.20944	0.01978	0.01257	0.01491	0.08540	0.01054	0.01639	0.01297	0.01655	0.02081	0.02478	0.12721	0.06302	0.06200	0.00303	0.23313	0.00685	0.03891	0.00708
12	0.00850	0.00605	0.00772	0.00882	0.00930	0.00569	0.00581	0.00960	0.01276	0.01698	0.07081	0.56658	0.07616	0.14671	0.01285	0.00331	0.00427	0.01689	0.00592	0.00527

[dist]
# distance from previous block
# <min> <max>
5	10

[block]
# block no. 6 follows, 32 sequences, length 13
# corresponding to MSA columns:
# 426-438
name=unknown_G
#
# <colnr> <probs for GDERKNQSTAVLIFYWHMCP>
#	G	D	E	R	K	N	Q	S	T	A	V	L	I	F	Y	W	H	M	C	P
0	0.01872	0.01974	0.17197	0.06963	0.17708	0.06997	0.06084	0.05587	0.05474	0.15071	0.03633	0.03566	0.01378	0.00757	0.00713	0.00211	0.02720	0.00647	0.00465	0.00980
1	0.01687	0.25735	0.09953	0.01801	0.02389	0.01868	0.24158	0.04724	0.06152	0.06031	0.01534	0.06096	0.01285	0.00839	0.02676	0.00223	0.00873	0.00674	0.00398	0.00902
2	0.01073	0.00770	0.00938	0.00911	0.01093	0.00734	0.00674	0.04106	0.05911	0.04897	0.34971	0.22051	0.16242	0.01533	0.00792	0.00229	0.00377	0.01344	0.00688	0.00665
3	0.01057	0.00878	0.01324	0.01231	0.03563	0.00827	0.10287	0.01321	0.04234	0.01915	0.11811	0.14801	0.23022	0.06878	0.01167	0.08068	0.00542	0.05914	0.00543	0.00619
4	0.01506	0.10837	0.02117	0.05120	0.05723	0.06178	0.13306	0.07149	0.07925	0.02128	0.04766	0.07659	0.06504	0.04535	0.07447	0.00308	0.00841	0.02895	0.02253	0.00802
5	0.00980	0.00689	0.00802	0.00811	0.00859	0.00697	0.00506	0.01118	0.04415	0.01501	0.04332	0.12240	0.06378	0.53244	0.08142	0.00587	0.00678	0.01079	0.00460	0.00482
6	0.04134	0.00802	0.00907	0.00867	0.01057	0.00789	0.00645	0.08135	0.01680	0.02389	0.22228	0.16162	0.17351	0.05516	0.02814	0.00262	0.00440	0.01166	0.12010	0.00646
7	0.01570	0.01995	0.11105	0.15585	0.02737	0.16799	0.14709	0.01941	0.01486	0.01829	0.01784	0.04198	0.08176	0.00872	0.00926	0.00224	0.12214	0.00706	0.00356	0.00788
8	0.03437	0.07425	0.04268	0.05723	0.08853	0.01276	0.05880	0.03480	0.01280	0.01845	0.01539	0.02142	0.01361	0.02973	0.39272	0.00664	0.03947	0.00646	0.03253	0.00735
9	0.00914	0.00597	0.00745	0.00860	0.00919	0.00568	0.00578	0.01061	0.01287	0.01839	0.03292	0.56597	0.03766	0.06971	0.00957	0.00276	0.00392	0.01591	0.16238	0.00551
10	0.01603	0.01175	0.01658	0.29884	0.02741	0.05012	0.03731	0.04373	0.01583	0.15022	0.09155	0.10982	0.02091	0.01288	0.06473	0.00289	0.00806	0.00838	0.00503	0.00794
11	0.04950	0.11384	0.04356	0.01329	0.01767	0.07511	0.01122	0.20311	0.08390	0.15623	0.05670	0.08689	0.01809	0.00929	0.00697	0.00206	0.02991	0.00725	0.00590	0.00953
12	0.00979	0.00771	0.00898	0.00976	0.01077	0.03099	0.00667	0.01220	0.06097	0.01777	0.03264	0.58007	0.03786	0.08305	0.01037	0.00289	0.00455	0.01613	0.00586	0.05096

[dist]
# distance from previous block
# <min> <max>
1	6

[block]
# block no. 7 follows, 32 sequences, length 10
# corresponding to MSA columns:
# 451-460
name=unknown_H
#
# <colnr> <probs for GDERKNQSTAVLIFYWHMCP>
#	G	D	E	R	K	N	Q	S	T	A	V	L	I	F	Y	W	H	M	C	P
0	0.01407	0.01040	0.01147	0.01093	0.01303	0.04920	0.00821	0.10940	0.05019	0.07537	0.08913	0.33438	0.09430	0.01509	0.00813	0.00238	0.02846	0.03044	0.03814	0.00729
1	0.02070	0.01587	0.01918	0.01542	0.01979	0.01765	0.06864	0.29041	0.25517	0.08335	0.02013	0.02005	0.01480	0.00849	0.00791	0.00218	0.06232	0.00677	0.04075	0.01042
2	0.00892	0.00640	0.00782	0.00824	0.00945	0.00587	0.00583	0.01091	0.01521	0.02078	0.25189	0.31778	0.18355	0.04600	0.00895	0.00250	0.00361	0.01462	0.06591	0.00577
3	0.00982	0.00720	0.00807	0.00782	0.00979	0.00678	0.00590	0.01328	0.05784	0.02240	0.24793	0.04890	0.32151	0.01573	0.04654	0.00256	0.00418	0.01140	0.14608	0.00628
4	0.01038	0.00762	0.00874	0.00867	0.01061	0.00723	0.00640	0.01440	0.09682	0.04637	0.19279	0.20640	0.28436	0.01544	0.00772	0.00229	0.00375	0.01334	0.05008	0.00658
5	0.07457	0.01291	0.01657	0.02078	0.24365	0.05890	0.01238	0.06900	0.01612	0.07196	0.02301	0.19354	0.04264	0.01123	0.00701	0.00223	0.00635	0.06004	0.04871	0.00839
6	0.01621	0.01287	0.01319	0.01187	0.01489	0.06081	0.00915	0.13374	0.22789	0.05927	0.08091	0.11008	0.09576	0.05277	0.00864	0.00246	0.00563	0.03717	0.03819	0.00850
7	0.05014	0.01692	0.02181	0.01783	0.02008	0.09503	0.11294	0.09807	0.01478	0.02112	0.01133	0.01554	0.00974	0.00945	0.01470	0.00248	0.40234	0.00596	0.05170	0.00804
8	0.01517	0.01383	0.01289	0.01186	0.01449	0.13535	0.00904	0.08481	0.16828	0.02420	0.17699	0.10461	0.06840	0.01502	0.07420	0.00291	0.00701	0.00932	0.04378	0.00783
9	0.01967	0.01296	0.01489	0.01253	0.01588	0.03592	0.01000	0.20630	0.08974	0.16352	0.01987	0.02250	0.01543	0.05806	0.15378	0.00404	0.04946	0.00672	0.07969	0.00904

[dist]
# distance from previous block
# <min> <max>
5	11

[block]
# block no. 8 follows, 32 sequences, length 37
# corresponding to MSA columns:
# 472-508
name=unknown_I
#
# <colnr> <probs for GDERKNQSTAVLIFYWHMCP>
#	G	D	E	R	K	N	Q	S	T	A	V	L	I	F	Y	W	H	M	C	P
0	0.00994	0.03141	0.03333	0.00929	0.01124	0.00806	0.00710	0.01390	0.09928	0.02010	0.14986	0.27336	0.22282	0.06751	0.00964	0.00265	0.00430	0.01367	0.00612	0.00643
1	0.07425	0.13129	0.01919	0.01602	0.12994	0.01463	0.01124	0.08533	0.05982	0.23421	0.06523	0.02069	0.01669	0.00772	0.00605	0.00192	0.00597	0.00621	0.08391	0.00967
2	0.02090	0.02106	0.01682	0.01564	0.04553	0.33626	0.01167	0.06314	0.11695	0.09291	0.02173	0.02330	0.08663	0.01031	0.02910	0.00229	0.04654	0.02572	0.00496	0.00853
3	0.19935	0.01742	0.01325	0.01220	0.01491	0.25068	0.00919	0.02098	0.06543	0.04478	0.01610	0.07247	0.01486	0.10699	0.03642	0.00291	0.03853	0.00653	0.04982	0.00718
4	0.00881	0.00654	0.00820	0.00899	0.01000	0.00613	0.00631	0.01107	0.03836	0.01949	0.17240	0.45975	0.13972	0.04151	0.00910	0.00265	0.00388	0.03486	0.00641	0.00581
5	0.01841	0.04231	0.12176	0.07894	0.17363	0.02953	0.03581	0.06487	0.01648	0.16689	0.01786	0.04569	0.01409	0.00805	0.00708	0.00209	0.03292	0.03059	0.08359	0.00942
6	0.01536	0.12129	0.02282	0.04266	0.12948	0.06980	0.04871	0.01783	0.01282	0.01741	0.01223	0.01855	0.01140	0.01453	0.10831	0.00347	0.28887	0.03326	0.00327	0.00793
7	0.01258	0.00995	0.01065	0.01077	0.01255	0.06965	0.00823	0.04324	0.05651	0.04649	0.13535	0.24096	0.07721	0.05331	0.00929	0.00267	0.00534	0.15603	0.03254	0.00667
8	0.12436	0.01394	0.01601	0.01251	0.01749	0.01410	0.01030	0.26205	0.02233	0.36649	0.02284	0.02113	0.04918	0.00840	0.00647	0.00206	0.00611	0.00649	0.00713	0.01061
9	0.01742	0.46338	0.05932	0.01409	0.01887	0.03843	0.04967	0.06311	0.03784	0.01848	0.01095	0.01332	0.00959	0.00857	0.03366	0.00215	0.12453	0.00467	0.00332	0.00862
10	0.00903	0.00643	0.00813	0.00865	0.00976	0.00603	0.00618	0.01106	0.01497	0.02062	0.24570	0.33629	0.12631	0.04536	0.03871	0.00288	0.00431	0.03587	0.05792	0.00579
11	0.01513	0.01476	0.04035	0.16417	0.04207	0.10219	0.01237	0.08650	0.06367	0.02186	0.08702	0.02642	0.09103	0.03324	0.03218	0.00257	0.09281	0.00745	0.05646	0.00775
12	0.00891	0.00680	0.00804	0.00807	0.00970	0.00612	0.00600	0.01108	0.01605	0.02107	0.30306	0.11063	0.31380	0.07734	0.01022	0.00265	0.00382	0.06434	0.00648	0.00581
13	0.07665	0.04108	0.09647	0.04110	0.04203	0.07874	0.10920	0.06115	0.17860	0.02361	0.04480	0.02425	0.06485	0.01033	0.03709	0.00253	0.02605	0.02791	0.00478	0.00879
14	0.01025	0.00738	0.00910	0.00873	0.01055	0.00691	0.00651	0.01395	0.06267	0.04796	0.46401	0.13192	0.16541	0.01462	0.00788	0.00222	0.00351	0.01279	0.00706	0.00657
15	0.05013	0.01756	0.14762	0.01756	0.07235	0.01445	0.11061	0.18490	0.04207	0.05539	0.02029	0.12737	0.03767	0.00938	0.00689	0.00216	0.00729	0.00826	0.05890	0.00915
16	0.10262	0.04303	0.01723	0.12984	0.04307	0.03668	0.03391	0.06199	0.01528	0.06805	0.01276	0.01497	0.00994	0.00594	0.00554	0.00156	0.00645	0.00475	0.00419	0.38219
17	0.00840	0.00598	0.00797	0.00947	0.00992	0.00563	0.00645	0.00965	0.01291	0.01718	0.03635	0.69098	0.04332	0.04629	0.00949	0.00288	0.00413	0.06140	0.00615	0.00545
18	0.01705	0.01782	0.10478	0.09528	0.40203	0.04076	0.04294	0.05839	0.01621	0.06261	0.01511	0.01803	0.03239	0.00666	0.00662	0.00200	0.00812	0.00609	0.00383	0.04328
19	0.01952	0.01582	0.01677	0.01423	0.01853	0.01801	0.01131	0.24900	0.49226	0.03264	0.02371	0.02217	0.01757	0.00877	0.00679	0.00219	0.00598	0.00709	0.00679	0.01087
20	0.81159	0.01298	0.00986	0.00882	0.01298	0.01505	0.00727	0.01972	0.01142	0.03010	0.00934	0.01090	0.00727	0.00623	0.00415	0.00208	0.00519	0.00363	0.00415	0.00727
21	0.01454	0.05964	0.01726	0.01432	0.05128	0.01200	0.09052	0.01738	0.04105	0.10755	0.08450	0.09584	0.04758	0.17075	0.05402	0.00363	0.09677	0.00910	0.00493	0.00735
22	0.02277	0.01482	0.01651	0.01304	0.01718	0.01578	0.01033	0.43417	0.02462	0.15064	0.01897	0.02343	0.01518	0.17663	0.01283	0.00303	0.00691	0.00699	0.00639	0.00978
23	0.04583	0.01696	0.02108	0.17529	0.13905	0.12144	0.06848	0.10742	0.08602	0.02246	0.01367	0.01702	0.01084	0.00838	0.00903	0.05415	0.06425	0.00595	0.00403	0.00865
24	0.01742	0.48163	0.21114	0.01506	0.04948	0.04154	0.01538	0.06478	0.01514	0.01918	0.01063	0.01226	0.00885	0.00609	0.00513	0.00168	0.00805	0.00422	0.00314	0.00919
25	0.01065	0.00711	0.00917	0.00857	0.01040	0.00647	0.00646	0.01358	0.01845	0.07135	0.59200	0.07921	0.11314	0.01394	0.00787	0.00215	0.00338	0.01224	0.00730	0.00657
26	0.02167	0.24162	0.02373	0.01394	0.01914	0.02178	0.01199	0.37799	0.14789	0.03183	0.01609	0.01611	0.01220	0.00755	0.00601	0.00189	0.00695	0.00559	0.00559	0.01043
27	0.81159	0.01298	0.00986	0.00882	0.01298	0.01505	0.00727	0.01972	0.01142	0.03010	0.00934	0.01090	0.00727	0.00623	0.00415	0.00208	0.00519	0.00363	0.00415	0.00727
28	0.01615	0.01362	0.01909	0.07911	0.28145	0.03511	0.01429	0.12145	0.01781	0.04684	0.08086	0.06435	0.07044	0.00962	0.00761	0.00215	0.03590	0.04169	0.03353	0.00894
29	0.00884	0.00650	0.00840	0.00952	0.01057	0.00606	0.00707	0.01069	0.01437	0.01883	0.10387	0.43362	0.15256	0.01917	0.00856	0.00268	0.00425	0.16241	0.00632	0.00572
30	0.01552	0.01549	0.06895	0.07209	0.08383	0.07297	0.01225	0.12106	0.16970	0.02438	0.05065	0.14147	0.10126	0.01103	0.00712	0.00222	0.00653	0.00934	0.00547	0.00867
31	0.00873	0.00680	0.00796	0.00798	0.00973	0.00610	0.00597	0.01092	0.01601	0.02081	0.27683	0.11062	0.36938	0.04087	0.03515	0.00273	0.00412	0.04698	0.00645	0.00586
32	0.07237	0.01777	0.14514	0.05421	0.18704	0.05430	0.01485	0.08638	0.06523	0.02407	0.04822	0.02285	0.07870	0.00988	0.03703	0.00241	0.00764	0.00673	0.05626	0.00892
33	0.04335	0.04268	0.01934	0.25113	0.20385	0.01381	0.01475	0.01746	0.03241	0.04690	0.01268	0.01779	0.01053	0.01061	0.01180	0.18137	0.05278	0.00583	0.00341	0.00753
34	0.01431	0.04424	0.04358	0.19502	0.20853	0.03114	0.03605	0.05616	0.03743	0.02161	0.09919	0.05034	0.04014	0.03273	0.03284	0.00252	0.00761	0.00753	0.03067	0.00835
35	0.06680	0.09495	0.04795	0.03966	0.06517	0.05185	0.08387	0.13328	0.08463	0.04182	0.05640	0.11986	0.01934	0.00950	0.00671	0.00210	0.00701	0.02778	0.00505	0.03627
36	0.03761	0.22713	0.07658	0.01483	0.04598	0.15890	0.04655	0.05056	0.03993	0.09014	0.03917	0.01673	0.01276	0.00799	0.00700	0.05066	0.00786	0.00532	0.05580	0.00850

[dist]
# distance from previous block
# <min> <max>
0	24

[block]
# block no. 9 follows, 32 sequences, length 22
# corresponding to MSA columns:
# 533-554
name=unknown_J
#
# <colnr> <probs for GDERKNQSTAVLIFYWHMCP>
#	G	D	E	R	K	N	Q	S	T	A	V	L	I	F	Y	W	H	M	C	P
0	0.01628	0.03872	0.14749	0.14411	0.20399	0.03149	0.04469	0.06955	0.05149	0.06392	0.07632	0.01978	0.01537	0.00725	0.00664	0.00204	0.00783	0.00636	0.00427	0.04244
1	0.04231	0.01674	0.01928	0.10596	0.18078	0.13938	0.03298	0.10307	0.06300	0.08947	0.02120	0.02459	0.07986	0.00860	0.00680	0.00210	0.00783	0.04212	0.00486	0.00908
2	0.01399	0.07874	0.09726	0.04701	0.01879	0.01426	0.05848	0.04059	0.22706	0.02215	0.03983	0.11768	0.05856	0.05292	0.00908	0.00249	0.03723	0.02323	0.03227	0.00838
3	0.00992	0.00745	0.01034	0.01022	0.01120	0.00840	0.00770	0.01195	0.01207	0.01731	0.10386	0.11188	0.04100	0.11373	0.39376	0.00723	0.06881	0.00937	0.03792	0.00587
4	0.01142	0.01039	0.01483	0.01375	0.01431	0.01276	0.03865	0.01294	0.01192	0.01691	0.02469	0.36070	0.05757	0.01601	0.01459	0.00278	0.34228	0.01242	0.00462	0.00646
5	0.00964	0.00695	0.00959	0.00959	0.01038	0.00774	0.00690	0.01122	0.01043	0.01469	0.01906	0.03240	0.01940	0.29592	0.49558	0.00931	0.01403	0.00807	0.00376	0.00533
6	0.01593	0.01554	0.02426	0.07647	0.53497	0.05055	0.01844	0.01940	0.01477	0.02053	0.01426	0.07970	0.01318	0.00778	0.00794	0.00213	0.06401	0.00701	0.00353	0.00962
7	0.01184	0.00725	0.00934	0.00951	0.01109	0.00673	0.00685	0.01439	0.04407	0.11867	0.17593	0.42996	0.09430	0.01697	0.00806	0.00246	0.00402	0.01510	0.00678	0.00669
8	0.07625	0.01561	0.04099	0.01653	0.10538	0.11477	0.01166	0.10694	0.10064	0.02308	0.01998	0.13134	0.01918	0.06378	0.05624	0.00308	0.03382	0.04766	0.00490	0.00817
9	0.01723	0.65226	0.14492	0.01269	0.01909	0.02482	0.01359	0.02027	0.01372	0.01665	0.00976	0.01130	0.00859	0.00584	0.00463	0.00154	0.00761	0.00380	0.00286	0.00882
10	0.01361	0.01254	0.02082	0.47731	0.19088	0.01484	0.01775	0.01716	0.01322	0.01769	0.01182	0.01756	0.00952	0.00825	0.00941	0.06630	0.06453	0.00595	0.00305	0.00779
11	0.10682	0.02094	0.02617	0.04639	0.02625	0.22252	0.29112	0.10821	0.01806	0.02332	0.01327	0.04123	0.01073	0.00696	0.00680	0.00207	0.01002	0.00650	0.00400	0.00861
12	0.00895	0.00681	0.00804	0.00775	0.00944	0.00610	0.00569	0.01131	0.01686	0.02254	0.42317	0.05484	0.29811	0.07891	0.01016	0.00254	0.00353	0.01267	0.00668	0.00590
13	0.01603	0.01597	0.02453	0.15337	0.45971	0.07538	0.04937	0.01984	0.01492	0.02011	0.01282	0.01734	0.01069	0.00995	0.06900	0.00277	0.00948	0.00603	0.00330	0.00940
14	0.01001	0.00786	0.00921	0.00904	0.01099	0.00761	0.00682	0.01480	0.11717	0.02307	0.31793	0.13730	0.23838	0.01510	0.00791	0.00230	0.00379	0.04727	0.00678	0.00665
15	0.00969	0.00661	0.00768	0.00768	0.00814	0.00666	0.00478	0.01033	0.01065	0.01444	0.02535	0.04266	0.09134	0.55773	0.12484	0.00642	0.00758	0.00967	0.04314	0.00459
16	0.02260	0.01369	0.01556	0.01272	0.01665	0.08285	0.01019	0.06436	0.03830	0.34558	0.06476	0.07358	0.01892	0.00942	0.00836	0.00207	0.08811	0.00730	0.00641	0.09856
17	0.01347	0.01146	0.01344	0.00989	0.01543	0.00868	0.00782	0.01632	0.01383	0.02150	0.01385	0.07118	0.01258	0.00620	0.00525	0.00113	0.00489	0.00513	0.00415	0.74380
18	0.74352	0.01483	0.07123	0.00970	0.01435	0.01510	0.00876	0.01985	0.01165	0.02935	0.00957	0.01118	0.00737	0.00624	0.00434	0.00208	0.00559	0.00375	0.00404	0.00749
19	0.01891	0.02472	0.35564	0.01701	0.04499	0.06495	0.01773	0.07448	0.08474	0.17195	0.01703	0.01765	0.01202	0.00904	0.03724	0.00245	0.00882	0.00575	0.00475	0.01012
20	0.01735	0.07712	0.01662	0.01308	0.03661	0.01474	0.01035	0.21462	0.08482	0.07688	0.12585	0.04860	0.12391	0.01110	0.00819	0.00218	0.06193	0.04111	0.00611	0.00882
21	0.23508	0.01402	0.03601	0.07578	0.04823	0.01465	0.01105	0.19120	0.03369	0.06093	0.06635	0.05136	0.03436	0.00872	0.00653	0.00210	0.02352	0.02629	0.00526	0.05487

[dist]
# distance from previous block
# <min> <max>
0	21

# created by:
# /home/cegg/simao/soft/augustus-3.2.1/scripts/msa2prfl.pl ./align_prep/EOG090W0HXS.fa
