[name]
unknown

[dist]
# distance from previous block
# <min> <max>
0	80

[block]
# block no. 0 follows, 26 sequences, length 93
# corresponding to MSA columns:
# 241-243,255-267,272-348
name=unknown_A
#
# <colnr> <probs for GDERKNQSTAVLIFYWHMCP>
#	G	D	E	R	K	N	Q	S	T	A	V	L	I	F	Y	W	H	M	C	P
0	0.02638	0.03121	0.02267	0.01977	0.02409	0.51743	0.06156	0.09233	0.05644	0.02277	0.01495	0.01873	0.01248	0.00858	0.00728	0.00213	0.01237	0.03483	0.00461	0.00939
1	0.01412	0.01925	0.19132	0.38589	0.07451	0.01545	0.02063	0.01975	0.01622	0.02217	0.09519	0.05634	0.01933	0.00915	0.00774	0.00249	0.00928	0.00798	0.00412	0.00907
2	0.02130	0.01930	0.02130	0.08424	0.09795	0.10871	0.03958	0.21151	0.15169	0.03100	0.02575	0.02791	0.08562	0.01011	0.00780	0.00239	0.00848	0.02858	0.00609	0.01069
3	0.01163	0.00771	0.01044	0.01225	0.04296	0.00712	0.00803	0.01327	0.01542	0.07295	0.04215	0.59182	0.09227	0.02150	0.00937	0.00295	0.00474	0.01936	0.00707	0.00699
4	0.00919	0.00679	0.00860	0.01005	0.01087	0.00620	0.00681	0.01062	0.01501	0.01956	0.04801	0.61243	0.16222	0.02296	0.00955	0.00299	0.00430	0.02058	0.00704	0.00620
5	0.01933	0.02117	0.06777	0.09168	0.49200	0.09942	0.05186	0.02391	0.01757	0.02357	0.01392	0.01820	0.01144	0.00696	0.00748	0.00226	0.00995	0.00657	0.00372	0.01123
6	0.01754	0.07105	0.46229	0.02441	0.13448	0.04947	0.02439	0.02545	0.05092	0.04870	0.01497	0.01714	0.01105	0.00737	0.00715	0.00232	0.01036	0.00590	0.00379	0.01125
7	0.01396	0.00950	0.01041	0.01029	0.01058	0.00908	0.00596	0.01318	0.01288	0.01747	0.02618	0.05193	0.02945	0.70158	0.03831	0.00763	0.00823	0.01168	0.00553	0.00618
8	0.01618	0.01017	0.01087	0.01045	0.01268	0.00973	0.00766	0.02012	0.07102	0.03081	0.19475	0.04100	0.06969	0.01295	0.00784	0.00256	0.00481	0.01015	0.44764	0.00892
9	0.01977	0.17232	0.40268	0.04830	0.05684	0.02121	0.02288	0.07116	0.01903	0.02657	0.01901	0.02215	0.04345	0.00961	0.00804	0.00275	0.01062	0.00685	0.00473	0.01203
10	0.01875	0.01743	0.02495	0.41711	0.15753	0.05545	0.02044	0.02190	0.01694	0.02249	0.01638	0.02424	0.01392	0.04396	0.01208	0.00326	0.09071	0.00768	0.00451	0.01030
11	0.01925	0.01813	0.02562	0.02171	0.02274	0.02302	0.07068	0.02055	0.01419	0.02190	0.01413	0.02137	0.01329	0.01404	0.02284	0.00363	0.58961	0.00770	0.04580	0.00981
12	0.02081	0.06613	0.03860	0.06796	0.04237	0.21037	0.01290	0.02216	0.01859	0.05748	0.02863	0.16232	0.08103	0.09767	0.03295	0.00372	0.00993	0.01100	0.00600	0.00937
13	0.02230	0.06169	0.15357	0.05388	0.31340	0.01925	0.09165	0.02644	0.01887	0.10543	0.01850	0.02264	0.01468	0.00920	0.00914	0.00284	0.03100	0.00758	0.00525	0.01268
14	0.08596	0.04940	0.05535	0.08421	0.05914	0.09844	0.03952	0.04344	0.04372	0.04655	0.02571	0.16556	0.04700	0.01611	0.04822	0.00352	0.03574	0.01052	0.03181	0.01009
15	0.25838	0.09365	0.02649	0.02342	0.12726	0.14323	0.10485	0.02553	0.01773	0.02756	0.01487	0.01903	0.01260	0.00932	0.00888	0.00280	0.06218	0.00648	0.00497	0.01077
16	0.02604	0.05191	0.04732	0.10520	0.03014	0.32203	0.08910	0.10350	0.08762	0.02675	0.01787	0.02119	0.01440	0.00980	0.00846	0.00272	0.01209	0.00709	0.00556	0.01121
17	0.01917	0.01896	0.05894	0.32428	0.26535	0.03879	0.04925	0.02297	0.01766	0.02408	0.01671	0.02327	0.01382	0.01120	0.03669	0.00331	0.03214	0.00763	0.00454	0.01122
18	0.01246	0.00984	0.01049	0.01021	0.01275	0.00837	0.00744	0.01394	0.01993	0.02558	0.23467	0.06994	0.49486	0.01955	0.01004	0.00301	0.00481	0.01582	0.00820	0.00810
19	0.01572	0.01035	0.01276	0.01178	0.01418	0.00922	0.00871	0.01822	0.02267	0.09186	0.56889	0.05653	0.09278	0.01659	0.00990	0.00289	0.00490	0.01378	0.00914	0.00911
20	0.01226	0.00879	0.01092	0.01247	0.01318	0.00794	0.00829	0.01274	0.01620	0.02191	0.04325	0.69925	0.05099	0.02486	0.01072	0.00355	0.00541	0.02172	0.00786	0.00767
21	0.01313	0.00986	0.01143	0.01092	0.01316	0.00866	0.00797	0.01525	0.02154	0.02938	0.46667	0.06367	0.26048	0.01813	0.01003	0.00294	0.00471	0.01495	0.00870	0.00839
22	0.02144	0.01803	0.01888	0.01712	0.02150	0.02006	0.01303	0.04110	0.64355	0.03370	0.03283	0.03158	0.02524	0.01201	0.00885	0.00307	0.00694	0.00934	0.00850	0.01325
23	0.03094	0.02275	0.02423	0.01904	0.02512	0.02450	0.01533	0.63280	0.03636	0.04903	0.02075	0.02196	0.01546	0.01088	0.00873	0.00278	0.00918	0.00767	0.00838	0.01410
24	0.75391	0.01648	0.01316	0.01191	0.01668	0.01829	0.00941	0.02393	0.01467	0.03590	0.01346	0.01634	0.01099	0.00891	0.00597	0.00285	0.00681	0.00507	0.00562	0.00963
25	0.78701	0.01467	0.01115	0.00997	0.01467	0.01702	0.00821	0.02230	0.01291	0.03403	0.01056	0.01232	0.00821	0.00704	0.00469	0.00235	0.00587	0.00411	0.00469	0.00821
26	0.01887	0.01629	0.01715	0.01544	0.01972	0.01887	0.01201	0.04031	0.67241	0.03173	0.03087	0.02830	0.02315	0.01029	0.00772	0.00257	0.00600	0.00858	0.00772	0.01201
27	0.01852	0.01590	0.01689	0.01536	0.01951	0.01834	0.01202	0.03902	0.63821	0.03126	0.03136	0.03129	0.02422	0.01085	0.00786	0.00262	0.00605	0.04129	0.00768	0.01174
28	0.01079	0.00814	0.01001	0.00947	0.01152	0.00756	0.00712	0.01489	0.05119	0.02862	0.53836	0.05839	0.18370	0.01596	0.00889	0.00243	0.00374	0.01391	0.00808	0.00724
29	0.01573	0.01348	0.01573	0.01123	0.01798	0.01011	0.00899	0.01910	0.01573	0.02472	0.01348	0.01573	0.01123	0.00562	0.00562	0.00112	0.00562	0.00449	0.00449	0.77980
30	0.00924	0.00660	0.00880	0.01056	0.01100	0.00616	0.00704	0.01056	0.01452	0.01936	0.04181	0.72848	0.05017	0.02376	0.00968	0.00308	0.00440	0.02156	0.00704	0.00616
31	0.01521	0.03923	0.69413	0.02162	0.03283	0.01762	0.02802	0.02402	0.01601	0.02402	0.01361	0.01601	0.00961	0.00721	0.00721	0.00240	0.01121	0.00560	0.00320	0.01121
32	0.01659	0.01659	0.02323	0.01991	0.01991	0.02323	0.01659	0.01825	0.01162	0.01825	0.00996	0.01659	0.00996	0.01328	0.02489	0.00332	0.71955	0.00664	0.00332	0.00830
33	0.02766	0.03503	0.02159	0.01956	0.02325	0.66399	0.01477	0.02960	0.02093	0.01855	0.01162	0.01385	0.00978	0.00813	0.00787	0.00203	0.05417	0.00499	0.00387	0.00876
34	0.01998	0.01605	0.01718	0.01529	0.01970	0.01830	0.01194	0.04006	0.62474	0.08006	0.03080	0.02812	0.02283	0.01022	0.00771	0.00256	0.00604	0.00851	0.00784	0.01207
35	0.01074	0.00775	0.01014	0.00954	0.01133	0.00716	0.00716	0.01431	0.02147	0.03042	0.68211	0.05666	0.07157	0.01551	0.00895	0.00239	0.00358	0.01372	0.00835	0.00716
36	0.01432	0.01348	0.02275	0.71520	0.05224	0.01685	0.02107	0.01938	0.01517	0.01938	0.01348	0.02022	0.01011	0.00758	0.00758	0.00253	0.01011	0.00674	0.00337	0.00843
37	0.01103	0.00735	0.00827	0.00827	0.00827	0.00735	0.00460	0.01103	0.01103	0.01471	0.02390	0.04964	0.02758	0.73343	0.03861	0.00735	0.00735	0.01103	0.00460	0.00460
38	0.01061	0.00775	0.00996	0.00941	0.01125	0.00710	0.00705	0.01406	0.02116	0.02969	0.63777	0.05786	0.11637	0.01578	0.00895	0.00240	0.00360	0.01389	0.00825	0.00710
39	0.02028	0.73799	0.03975	0.01298	0.01947	0.03001	0.01298	0.02271	0.01541	0.01785	0.01055	0.01217	0.00973	0.00649	0.00487	0.00162	0.00811	0.00406	0.00324	0.00973
40	0.02833	0.03615	0.02149	0.01954	0.02345	0.70298	0.01466	0.03029	0.02149	0.01856	0.01172	0.01368	0.00977	0.00782	0.00684	0.00195	0.01368	0.00489	0.00391	0.00879
41	0.01103	0.00735	0.00827	0.00827	0.00827	0.00735	0.00460	0.01103	0.01103	0.01471	0.02390	0.04964	0.02758	0.73343	0.03861	0.00735	0.00735	0.01103	0.00460	0.00460
42	0.02883	0.02125	0.02276	0.01745	0.02352	0.02352	0.01442	0.66082	0.03566	0.04780	0.01821	0.01821	0.01290	0.00911	0.00759	0.00228	0.00835	0.00683	0.00759	0.01290
43	0.06084	0.01281	0.01718	0.01332	0.01900	0.01131	0.01098	0.03564	0.02107	0.64473	0.02889	0.02546	0.01840	0.01089	0.03082	0.00268	0.00690	0.00752	0.00904	0.01253
44	0.78701	0.01467	0.01115	0.00997	0.01467	0.01702	0.00821	0.02230	0.01291	0.03403	0.01056	0.01232	0.00821	0.00704	0.00469	0.00235	0.00587	0.00411	0.00469	0.00821
45	0.02121	0.01879	0.01829	0.01597	0.02044	0.08663	0.01250	0.14504	0.47497	0.03315	0.05067	0.02616	0.02185	0.01003	0.00765	0.00245	0.00707	0.00810	0.00734	0.01167
46	0.01432	0.01348	0.02275	0.71520	0.05224	0.01685	0.02107	0.01938	0.01517	0.01938	0.01348	0.02022	0.01011	0.00758	0.00758	0.00253	0.01011	0.00674	0.00337	0.00843
47	0.78701	0.01467	0.01115	0.00997	0.01467	0.01702	0.00821	0.02230	0.01291	0.03403	0.01056	0.01232	0.00821	0.00704	0.00469	0.00235	0.00587	0.00411	0.00469	0.00821
48	0.03072	0.01822	0.02089	0.01602	0.02201	0.01903	0.01323	0.43425	0.03060	0.28153	0.02246	0.02097	0.01503	0.00921	0.00760	0.00230	0.00766	0.00712	0.00824	0.01290
49	0.02546	0.01167	0.01492	0.01219	0.01680	0.01050	0.00979	0.04777	0.05500	0.42989	0.09882	0.06542	0.14347	0.01233	0.00807	0.00243	0.00567	0.01028	0.00864	0.01090
50	0.02883	0.02125	0.02276	0.01745	0.02352	0.02352	0.01442	0.66082	0.03566	0.04780	0.01821	0.01821	0.01290	0.00911	0.00759	0.00228	0.00835	0.00683	0.00759	0.01290
51	0.03032	0.01314	0.01710	0.01357	0.01896	0.01213	0.01105	0.03619	0.12367	0.55008	0.06748	0.02798	0.02249	0.00988	0.00772	0.00238	0.00622	0.00813	0.00907	0.01244
52	0.01521	0.03923	0.69413	0.02162	0.03283	0.01762	0.02802	0.02402	0.01601	0.02402	0.01361	0.01601	0.00961	0.00721	0.00721	0.00240	0.01121	0.00560	0.00320	0.01121
53	0.01191	0.00927	0.01186	0.01177	0.01314	0.04129	0.00893	0.01437	0.01278	0.01815	0.02060	0.03091	0.01943	0.11829	0.55385	0.01047	0.01749	0.00819	0.06063	0.00667
54	0.01103	0.00735	0.00827	0.00827	0.00827	0.00735	0.00460	0.01103	0.01103	0.01471	0.02390	0.04964	0.02758	0.73343	0.03861	0.00735	0.00735	0.01103	0.00460	0.00460
55	0.00924	0.00660	0.00880	0.01056	0.01100	0.00616	0.00704	0.01056	0.01452	0.01936	0.04181	0.72848	0.05017	0.02376	0.00968	0.00308	0.00440	0.02156	0.00704	0.00616
56	0.01763	0.31574	0.34604	0.02021	0.05791	0.02272	0.07658	0.02349	0.01600	0.02161	0.01257	0.01499	0.00993	0.00683	0.00644	0.00210	0.01001	0.00533	0.00330	0.01057
57	0.01853	0.01809	0.02606	0.05469	0.05552	0.06527	0.10397	0.02121	0.01412	0.05806	0.01231	0.01773	0.01077	0.01120	0.01895	0.00298	0.47080	0.00691	0.00380	0.00904
58	0.51826	0.12768	0.01814	0.01376	0.05158	0.08772	0.01076	0.02302	0.01432	0.02880	0.01084	0.01297	0.00888	0.00731	0.00602	0.00224	0.04029	0.00443	0.00428	0.00871
59	0.01098	0.00808	0.01197	0.01197	0.01334	0.00938	0.00930	0.01372	0.01235	0.01806	0.02051	0.02973	0.01898	0.05483	0.67351	0.01174	0.01960	0.00808	0.03707	0.00679
60	0.03059	0.01215	0.01650	0.01291	0.01818	0.01056	0.01056	0.03362	0.02167	0.59383	0.12617	0.03037	0.02657	0.01029	0.00782	0.00235	0.00603	0.00853	0.00923	0.01206
61	0.01074	0.00775	0.01014	0.00954	0.01133	0.00716	0.00716	0.01431	0.02147	0.03042	0.68211	0.05666	0.07157	0.01551	0.00895	0.00239	0.00358	0.01372	0.00835	0.00716
62	0.00896	0.00768	0.00768	0.00768	0.01025	0.00640	0.00576	0.01089	0.01729	0.02049	0.07684	0.07300	0.68304	0.01921	0.00896	0.00256	0.00384	0.01601	0.00704	0.00640
63	0.01103	0.00735	0.00827	0.00827	0.00827	0.00735	0.00460	0.01103	0.01103	0.01471	0.02390	0.04964	0.02758	0.73343	0.03861	0.00735	0.00735	0.01103	0.00460	0.00460
64	0.01142	0.00823	0.01126	0.01292	0.01443	0.00807	0.01079	0.01437	0.01683	0.02188	0.04247	0.21992	0.07934	0.02145	0.01023	0.00336	0.00627	0.47298	0.00700	0.00678
65	0.01430	0.01314	0.01852	0.01653	0.01697	0.01756	0.01338	0.01618	0.01176	0.01778	0.01437	0.02334	0.01420	0.08033	0.24824	0.00652	0.43823	0.00745	0.00366	0.00753
66	0.01432	0.01348	0.02275	0.71520	0.05224	0.01685	0.02107	0.01938	0.01517	0.01938	0.01348	0.02022	0.01011	0.00758	0.00758	0.00253	0.01011	0.00674	0.00337	0.00843
67	0.01333	0.01150	0.01630	0.01457	0.01648	0.01272	0.06980	0.01869	0.11584	0.02380	0.18356	0.21719	0.03865	0.06822	0.01401	0.00314	0.13488	0.01307	0.00631	0.00794
68	0.01945	0.01930	0.03013	0.04465	0.63937	0.06634	0.02267	0.02377	0.01757	0.02434	0.01409	0.01841	0.01186	0.00683	0.00746	0.00223	0.00934	0.00663	0.00377	0.01179
69	0.02847	0.02106	0.02256	0.01738	0.02338	0.02335	0.01433	0.63795	0.05913	0.04721	0.01868	0.01858	0.01328	0.00915	0.00759	0.00229	0.00826	0.00689	0.00759	0.01287
70	0.00937	0.00676	0.00890	0.01056	0.01118	0.00630	0.00721	0.01082	0.01482	0.01958	0.04374	0.66075	0.08616	0.02337	0.00968	0.00307	0.00449	0.05000	0.00704	0.00621
71	0.01534	0.03838	0.66448	0.02209	0.03314	0.01769	0.05682	0.02403	0.01610	0.02403	0.01369	0.01622	0.00970	0.00717	0.00729	0.00241	0.01128	0.00576	0.00323	0.01117
72	0.01573	0.01348	0.01573	0.01123	0.01798	0.01011	0.00899	0.01910	0.01573	0.02472	0.01348	0.01573	0.01123	0.00562	0.00562	0.00112	0.00562	0.00449	0.00449	0.77980
73	0.01102	0.00741	0.00855	0.00855	0.00864	0.00750	0.00494	0.01121	0.01111	0.01491	0.02365	0.04825	0.02698	0.68628	0.08494	0.00769	0.00826	0.01083	0.00456	0.00475
74	0.02160	0.01706	0.01843	0.01581	0.02037	0.01915	0.01265	0.27134	0.34601	0.03643	0.02739	0.06884	0.02233	0.01140	0.00798	0.00256	0.00687	0.05456	0.00758	0.01164
75	0.01432	0.01348	0.02275	0.71520	0.05224	0.01685	0.02107	0.01938	0.01517	0.01938	0.01348	0.02022	0.01011	0.00758	0.00758	0.00253	0.01011	0.00674	0.00337	0.00843
76	0.01659	0.01659	0.02323	0.01991	0.01991	0.02323	0.01659	0.01825	0.01162	0.01825	0.00996	0.01659	0.00996	0.01328	0.02489	0.00332	0.71955	0.00664	0.00332	0.00830
77	0.01088	0.00729	0.00832	0.00847	0.00851	0.00725	0.00481	0.01099	0.01133	0.01511	0.02545	0.10844	0.02953	0.67195	0.03610	0.00698	0.00710	0.01194	0.00481	0.00473
78	0.04651	0.01533	0.01632	0.01526	0.04270	0.03862	0.01152	0.13673	0.30480	0.03155	0.08807	0.06392	0.09627	0.01230	0.00802	0.00254	0.00632	0.04561	0.00723	0.01038
79	0.78701	0.01467	0.01115	0.00997	0.01467	0.01702	0.00821	0.02230	0.01291	0.03403	0.01056	0.01232	0.00821	0.00704	0.00469	0.00235	0.00587	0.00411	0.00469	0.00821
80	0.01818	0.01849	0.03618	0.05406	0.03395	0.01831	0.45729	0.08878	0.01902	0.02631	0.01711	0.05088	0.01375	0.00800	0.00935	0.00253	0.04809	0.00892	0.06085	0.00993
81	0.01910	0.01857	0.03265	0.07069	0.42505	0.01868	0.17550	0.07074	0.04518	0.02638	0.01545	0.01959	0.01232	0.00702	0.00788	0.00235	0.00980	0.00737	0.00420	0.01148
82	0.01058	0.00724	0.00845	0.00877	0.00905	0.00707	0.00526	0.01110	0.01251	0.01668	0.06391	0.18548	0.06022	0.52709	0.03015	0.00606	0.00643	0.01345	0.00537	0.00511
83	0.00991	0.00701	0.00921	0.01072	0.01128	0.00669	0.00743	0.01135	0.01445	0.01918	0.03907	0.54323	0.04610	0.12250	0.01383	0.00374	0.00518	0.10637	0.00669	0.00606
84	0.02028	0.73799	0.03975	0.01298	0.01947	0.03001	0.01298	0.02271	0.01541	0.01785	0.01055	0.01217	0.00973	0.00649	0.00487	0.00162	0.00811	0.00406	0.00324	0.00973
85	0.01189	0.00849	0.01184	0.01359	0.01519	0.00844	0.01164	0.01514	0.01713	0.02233	0.04035	0.15761	0.04438	0.02127	0.01039	0.00345	0.00669	0.56631	0.00699	0.00689
86	0.00924	0.00660	0.00880	0.01056	0.01100	0.00616	0.00704	0.01056	0.01452	0.01936	0.04181	0.72848	0.05017	0.02376	0.00968	0.00308	0.00440	0.02156	0.00704	0.00616
87	0.01762	0.17412	0.45301	0.02056	0.02990	0.08300	0.07383	0.02436	0.01655	0.02233	0.01298	0.01540	0.00980	0.00706	0.00685	0.00222	0.01096	0.00550	0.00333	0.01062
88	0.00922	0.00710	0.00830	0.00922	0.01053	0.00633	0.00637	0.01072	0.01551	0.01959	0.05569	0.41424	0.31717	0.05992	0.01093	0.00309	0.00432	0.01864	0.00691	0.00618
89	0.06616	0.11821	0.02555	0.01977	0.07103	0.09377	0.07761	0.10363	0.15220	0.08089	0.01795	0.01929	0.01385	0.00883	0.00927	0.00238	0.09683	0.00668	0.00542	0.01068
90	0.01842	0.23009	0.33448	0.01846	0.02669	0.07132	0.04999	0.06089	0.04799	0.02349	0.01626	0.01792	0.03714	0.00774	0.00672	0.00217	0.00990	0.00589	0.00391	0.01052
91	0.06117	0.11076	0.12622	0.18749	0.03167	0.11565	0.06157	0.10822	0.07948	0.02575	0.01509	0.01776	0.01150	0.00776	0.00704	0.00228	0.00988	0.00617	0.00446	0.01008
92	0.32058	0.05283	0.01934	0.01808	0.11133	0.10452	0.01272	0.14612	0.01968	0.06647	0.01386	0.01541	0.01063	0.00751	0.00612	0.00217	0.00788	0.00530	0.00518	0.05428

[dist]
# distance from previous block
# <min> <max>
2	5

[block]
# block no. 1 follows, 26 sequences, length 81
# corresponding to MSA columns:
# 375-442,459-471
name=unknown_B
#
# <colnr> <probs for GDERKNQSTAVLIFYWHMCP>
#	G	D	E	R	K	N	Q	S	T	A	V	L	I	F	Y	W	H	M	C	P
0	0.00927	0.00763	0.00815	0.00816	0.01047	0.00651	0.00607	0.01142	0.01780	0.02204	0.17313	0.10912	0.54622	0.01888	0.00900	0.00256	0.00383	0.01596	0.00726	0.00651
1	0.02195	0.01648	0.01966	0.01653	0.02138	0.01804	0.05558	0.13675	0.40444	0.11782	0.02823	0.02923	0.02138	0.01036	0.00793	0.00255	0.00695	0.04527	0.00761	0.01185
2	0.01059	0.00775	0.00994	0.00939	0.01124	0.00710	0.00704	0.01403	0.02113	0.02960	0.63242	0.05800	0.12177	0.01581	0.00895	0.00240	0.00360	0.01391	0.00824	0.00710
3	0.01991	0.01696	0.02442	0.03206	0.38502	0.03550	0.01785	0.10884	0.08390	0.06308	0.05528	0.08411	0.02004	0.00954	0.00780	0.00236	0.00793	0.00861	0.00548	0.01132
4	0.01725	0.01767	0.10214	0.01330	0.02052	0.01268	0.01205	0.09742	0.01818	0.02742	0.01407	0.01607	0.01123	0.00624	0.00606	0.00142	0.00665	0.00492	0.00471	0.59001
5	0.02059	0.34078	0.09851	0.02266	0.12266	0.06892	0.13350	0.02465	0.01702	0.06493	0.01361	0.01601	0.01098	0.00686	0.00653	0.00203	0.00965	0.00578	0.00387	0.01044
6	0.02115	0.01901	0.06450	0.01858	0.06542	0.05652	0.01477	0.30344	0.02366	0.03202	0.01708	0.02087	0.01383	0.02223	0.19964	0.00508	0.07937	0.00697	0.00547	0.01039
7	0.01538	0.01044	0.01283	0.04033	0.01559	0.01037	0.00906	0.05819	0.10421	0.10383	0.38538	0.04782	0.12829	0.01390	0.00851	0.00243	0.00479	0.01197	0.00797	0.00872
8	0.02022	0.31859	0.20924	0.01767	0.02497	0.08787	0.06446	0.10152	0.01865	0.02358	0.01325	0.01606	0.01088	0.03378	0.00755	0.00222	0.00981	0.00550	0.00392	0.01027
9	0.01634	0.01683	0.09967	0.06840	0.20064	0.04204	0.01581	0.05798	0.02012	0.05218	0.28665	0.03397	0.03605	0.01071	0.00804	0.00234	0.00720	0.00941	0.00597	0.00966
10	0.01043	0.00776	0.00942	0.00970	0.01106	0.00735	0.00679	0.01345	0.05120	0.02313	0.25181	0.27346	0.15583	0.11776	0.01322	0.00333	0.00454	0.01598	0.00716	0.00661
11	0.02873	0.01204	0.01600	0.01290	0.01779	0.01068	0.01039	0.05790	0.02115	0.52576	0.05413	0.12168	0.05204	0.01189	0.00800	0.00245	0.00606	0.00999	0.00887	0.01156
12	0.01711	0.04531	0.05510	0.01428	0.04648	0.01272	0.01163	0.02151	0.04664	0.07353	0.05165	0.02297	0.01704	0.00807	0.00757	0.00174	0.04846	0.03937	0.00511	0.45371
13	0.01014	0.00773	0.00932	0.00892	0.01097	0.00691	0.00669	0.01317	0.02008	0.02711	0.48025	0.06211	0.27550	0.01674	0.00895	0.00244	0.00367	0.01448	0.00791	0.00691
14	0.00932	0.00666	0.00888	0.01051	0.01102	0.00622	0.00705	0.01077	0.01491	0.01997	0.07726	0.69128	0.05135	0.02331	0.00964	0.00304	0.00436	0.02113	0.00711	0.00622
15	0.02216	0.05963	0.06889	0.10940	0.10848	0.01582	0.08105	0.02742	0.06106	0.23966	0.02236	0.04674	0.01729	0.00955	0.00850	0.00248	0.03790	0.04476	0.00601	0.01085
16	0.06238	0.01893	0.02726	0.12411	0.45944	0.07046	0.02072	0.08021	0.01873	0.02620	0.01412	0.01816	0.01147	0.00717	0.00732	0.00227	0.00927	0.00647	0.00411	0.01119
17	0.01084	0.00813	0.01219	0.01219	0.01354	0.00948	0.00948	0.01354	0.01219	0.01761	0.02032	0.02980	0.01896	0.05689	0.70337	0.01219	0.02032	0.00813	0.00406	0.00677
18	0.01825	0.01719	0.02938	0.07083	0.59104	0.01728	0.04528	0.02278	0.01712	0.02478	0.01498	0.01953	0.01242	0.00692	0.00742	0.00224	0.00883	0.00686	0.05541	0.01147
19	0.02282	0.08393	0.13579	0.02014	0.10268	0.05766	0.05206	0.08048	0.01993	0.21074	0.04350	0.02495	0.07002	0.00928	0.00803	0.00231	0.03122	0.00755	0.00592	0.01098
20	0.02913	0.01314	0.01694	0.01344	0.01863	0.01223	0.01093	0.07870	0.08453	0.49515	0.11570	0.02960	0.02578	0.01027	0.00781	0.00237	0.00616	0.00847	0.00896	0.01206
21	0.01402	0.01303	0.02219	0.11797	0.11282	0.01397	0.12959	0.01736	0.01533	0.02093	0.02460	0.23657	0.02608	0.04372	0.01214	0.00304	0.09774	0.06569	0.00495	0.00826
22	0.02082	0.19317	0.26466	0.02257	0.13678	0.07768	0.02008	0.06801	0.01841	0.08850	0.01474	0.01649	0.01116	0.00735	0.00675	0.00215	0.00968	0.00566	0.00426	0.01108
23	0.06622	0.05790	0.02739	0.02199	0.08152	0.03913	0.19598	0.12519	0.13258	0.09413	0.01974	0.02122	0.01465	0.00805	0.00750	0.00234	0.00876	0.00745	0.05729	0.01095
24	0.29676	0.11962	0.09008	0.01824	0.05333	0.10371	0.10289	0.06644	0.01698	0.02760	0.01233	0.01478	0.00975	0.00731	0.00679	0.00226	0.03194	0.00540	0.00424	0.00956
25	0.01817	0.01648	0.06848	0.13365	0.31840	0.01553	0.01936	0.02383	0.06039	0.08857	0.02138	0.03216	0.01866	0.00996	0.00806	0.00256	0.00851	0.12020	0.00505	0.01060
26	0.00937	0.00715	0.00866	0.00972	0.01103	0.00643	0.00691	0.01111	0.01589	0.02031	0.07457	0.43771	0.27312	0.02173	0.00945	0.00290	0.00433	0.05621	0.00708	0.00633
27	0.00932	0.00673	0.00883	0.01034	0.01098	0.00624	0.00698	0.01083	0.01513	0.02015	0.08576	0.64929	0.08541	0.02298	0.00959	0.00301	0.00432	0.02075	0.00713	0.00624
28	0.01604	0.01637	0.06343	0.02087	0.02534	0.01615	0.23621	0.08888	0.01688	0.02363	0.01699	0.02326	0.01433	0.02724	0.28308	0.00638	0.08363	0.00799	0.00425	0.00903
29	0.00984	0.00742	0.00910	0.00931	0.01094	0.00668	0.00674	0.01234	0.01841	0.02464	0.33915	0.24639	0.23379	0.01880	0.00915	0.00263	0.00388	0.01651	0.00763	0.00668
30	0.07621	0.02226	0.02019	0.01675	0.02185	0.15568	0.01335	0.31998	0.19073	0.05640	0.01996	0.01969	0.01472	0.00902	0.00728	0.00229	0.00859	0.00673	0.00676	0.01156
31	0.01103	0.00735	0.00827	0.00827	0.00827	0.00735	0.00460	0.01103	0.01103	0.01471	0.02390	0.04964	0.02758	0.73343	0.03861	0.00735	0.00735	0.01103	0.00460	0.00460
32	0.01967	0.01713	0.01758	0.01566	0.02003	0.03891	0.01221	0.07319	0.61954	0.03221	0.02964	0.02734	0.02222	0.01016	0.00769	0.00254	0.00635	0.00838	0.00760	0.01196
33	0.02204	0.01787	0.01894	0.01608	0.02093	0.02035	0.01277	0.23798	0.46956	0.03685	0.02684	0.02509	0.01989	0.00991	0.00768	0.00248	0.00675	0.00802	0.00768	0.01229
34	0.00983	0.00719	0.00924	0.00985	0.01106	0.00660	0.00696	0.01215	0.01768	0.02406	0.31081	0.38347	0.12324	0.01988	0.00930	0.00274	0.00400	0.01775	0.00758	0.00660
35	0.02581	0.01778	0.01976	0.01557	0.02080	0.01914	0.01270	0.44933	0.06576	0.11498	0.13263	0.02610	0.02403	0.01028	0.00783	0.00232	0.00720	0.00818	0.00792	0.01188
36	0.01794	0.41562	0.34165	0.01696	0.02563	0.02429	0.01992	0.02332	0.01569	0.02069	0.01196	0.01394	0.00968	0.00682	0.00595	0.00198	0.00954	0.00477	0.00323	0.01041
37	0.01084	0.00813	0.01219	0.01219	0.01354	0.00948	0.00948	0.01354	0.01219	0.01761	0.02032	0.02980	0.01896	0.05689	0.70337	0.01219	0.02032	0.00813	0.00406	0.00677
38	0.01019	0.00715	0.00925	0.01058	0.01113	0.00689	0.00732	0.01155	0.01416	0.01879	0.03713	0.45302	0.04352	0.19741	0.01691	0.00420	0.00556	0.12290	0.00643	0.00592
39	0.01318	0.00659	0.00988	0.00988	0.00988	0.00659	0.00659	0.00988	0.00988	0.01318	0.01318	0.02306	0.01318	0.02635	0.02964	0.77931	0.00659	0.00659	0.00329	0.00329
40	0.00936	0.00669	0.00894	0.01070	0.01120	0.00627	0.00725	0.01077	0.01464	0.01950	0.04174	0.70209	0.04990	0.02365	0.00971	0.00310	0.00451	0.04675	0.00704	0.00619
41	0.00924	0.00660	0.00880	0.01056	0.01100	0.00616	0.00704	0.01056	0.01452	0.01936	0.04181	0.72848	0.05017	0.02376	0.00968	0.00308	0.00440	0.02156	0.00704	0.00616
42	0.01451	0.01385	0.02390	0.67941	0.05158	0.01697	0.05446	0.01964	0.01531	0.01964	0.01358	0.02023	0.01018	0.00752	0.00766	0.00253	0.01025	0.00686	0.00339	0.00852
43	0.02848	0.01631	0.01896	0.01493	0.02047	0.01672	0.01221	0.28535	0.10536	0.31026	0.02843	0.02617	0.06060	0.01003	0.00771	0.00236	0.00699	0.00797	0.00831	0.01237
44	0.02913	0.01208	0.01598	0.01270	0.01772	0.01080	0.01033	0.03315	0.05537	0.53365	0.10735	0.02979	0.02534	0.01013	0.00763	0.00232	0.00589	0.00837	0.06047	0.01178
45	0.01501	0.00791	0.00800	0.00768	0.00971	0.00804	0.00584	0.05573	0.01708	0.02943	0.02436	0.02768	0.01905	0.00885	0.00544	0.00180	0.00382	0.00706	0.73010	0.00741
46	0.01640	0.03115	0.41829	0.02677	0.06958	0.01822	0.26188	0.02408	0.01678	0.02416	0.01429	0.01781	0.01044	0.00688	0.00787	0.00245	0.01168	0.00691	0.00347	0.01089
47	0.02240	0.01177	0.01520	0.01238	0.01643	0.01145	0.05147	0.08922	0.05453	0.24587	0.05577	0.02727	0.02065	0.00927	0.00682	0.00213	0.00570	0.00774	0.32392	0.01002
48	0.00924	0.00660	0.00880	0.01056	0.01100	0.00616	0.00704	0.01056	0.01452	0.01936	0.04181	0.72848	0.05017	0.02376	0.00968	0.00308	0.00440	0.02156	0.00704	0.00616
49	0.03213	0.01393	0.01873	0.01445	0.02028	0.01276	0.03089	0.07859	0.06834	0.58179	0.02877	0.02532	0.01847	0.00934	0.00767	0.00236	0.00674	0.00768	0.00898	0.01276
50	0.01936	0.03402	0.01610	0.07921	0.01974	0.03311	0.01055	0.04334	0.06148	0.15286	0.05003	0.02609	0.03944	0.04893	0.00915	0.00228	0.03248	0.00722	0.11462	0.20000
51	0.01086	0.00734	0.00890	0.00962	0.01034	0.00724	0.00636	0.01296	0.03809	0.02007	0.06690	0.35930	0.03888	0.23208	0.03779	0.00439	0.00565	0.01537	0.10177	0.00609
52	0.34840	0.02448	0.26955	0.02150	0.15338	0.01744	0.01856	0.02313	0.01492	0.02848	0.01243	0.01497	0.00948	0.00705	0.00618	0.00235	0.00848	0.00519	0.00395	0.01008
53	0.02033	0.08287	0.16555	0.06247	0.10892	0.16054	0.01740	0.02582	0.05833	0.06671	0.01517	0.01717	0.01173	0.00729	0.00677	0.00201	0.00947	0.00566	0.00436	0.15145
54	0.01849	0.01856	0.02604	0.34069	0.21649	0.10490	0.06209	0.05831	0.03840	0.02302	0.01440	0.01916	0.01124	0.00748	0.00756	0.00237	0.01022	0.00672	0.00394	0.00992
55	0.03121	0.01283	0.01692	0.01317	0.01858	0.01150	0.01080	0.07555	0.02229	0.57326	0.06745	0.02728	0.02155	0.00970	0.00757	0.00231	0.00625	0.00790	0.05163	0.01224
56	0.00995	0.00752	0.00925	0.00973	0.01138	0.00683	0.00725	0.01240	0.01787	0.02354	0.25376	0.24799	0.24912	0.01947	0.00932	0.00275	0.00425	0.08354	0.00745	0.00664
57	0.00932	0.00664	0.00878	0.01046	0.01088	0.00622	0.00693	0.01058	0.01436	0.01915	0.04098	0.69720	0.04913	0.05646	0.01101	0.00328	0.00454	0.02108	0.00693	0.00609
58	0.01085	0.00808	0.01194	0.01194	0.01321	0.00934	0.00917	0.01338	0.01212	0.01742	0.02055	0.03107	0.01952	0.10040	0.66061	0.01188	0.01948	0.00831	0.00410	0.00663
59	0.00924	0.00660	0.00880	0.01056	0.01100	0.00616	0.00704	0.01056	0.01452	0.01936	0.04181	0.72848	0.05017	0.02376	0.00968	0.00308	0.00440	0.02156	0.00704	0.00616
60	0.03403	0.01291	0.01760	0.01350	0.01936	0.01115	0.01115	0.03697	0.02171	0.69137	0.02992	0.02582	0.01878	0.00939	0.00763	0.00235	0.00645	0.00763	0.00939	0.01291
61	0.03403	0.01291	0.01760	0.01350	0.01936	0.01115	0.01115	0.03697	0.02171	0.69137	0.02992	0.02582	0.01878	0.00939	0.00763	0.00235	0.00645	0.00763	0.00939	0.01291
62	0.03403	0.01291	0.01760	0.01350	0.01936	0.01115	0.01115	0.03697	0.02171	0.69137	0.02992	0.02582	0.01878	0.00939	0.00763	0.00235	0.00645	0.00763	0.00939	0.01291
63	0.01074	0.00775	0.01014	0.00954	0.01133	0.00716	0.00716	0.01431	0.02147	0.03042	0.68211	0.05666	0.07157	0.01551	0.00895	0.00239	0.00358	0.01372	0.00835	0.00716
64	0.02914	0.02075	0.02246	0.01722	0.02328	0.02279	0.01422	0.62391	0.03484	0.08588	0.01890	0.01866	0.01325	0.00912	0.00759	0.00228	0.00823	0.00688	0.00769	0.01290
65	0.02028	0.73799	0.03975	0.01298	0.01947	0.03001	0.01298	0.02271	0.01541	0.01785	0.01055	0.01217	0.00973	0.00649	0.00487	0.00162	0.00811	0.00406	0.00324	0.00973
66	0.01103	0.00735	0.00827	0.00827	0.00827	0.00735	0.00460	0.01103	0.01103	0.01471	0.02390	0.04964	0.02758	0.73343	0.03861	0.00735	0.00735	0.01103	0.00460	0.00460
67	0.01084	0.00813	0.01219	0.01219	0.01354	0.00948	0.00948	0.01354	0.01219	0.01761	0.02032	0.02980	0.01896	0.05689	0.70337	0.01219	0.02032	0.00813	0.00406	0.00677
68	0.00969	0.00777	0.00869	0.00864	0.01092	0.00677	0.00659	0.01220	0.01851	0.02351	0.24988	0.06909	0.46378	0.01825	0.00906	0.00257	0.00397	0.05603	0.00742	0.00666
69	0.01573	0.01348	0.01573	0.01123	0.01798	0.01011	0.00899	0.01910	0.01573	0.02472	0.01348	0.01573	0.01123	0.00562	0.00562	0.00112	0.00562	0.00449	0.00449	0.77980
70	0.02333	0.06800	0.08038	0.02061	0.08832	0.01921	0.08985	0.26656	0.04462	0.10444	0.01826	0.02059	0.01380	0.04679	0.00906	0.00249	0.00864	0.00699	0.00596	0.06208
71	0.02316	0.31567	0.07543	0.01734	0.02337	0.20424	0.05703	0.12386	0.05061	0.02412	0.01349	0.01504	0.01096	0.00746	0.00636	0.00197	0.01003	0.00533	0.00433	0.01021
72	0.01598	0.02937	0.39420	0.06775	0.03140	0.06213	0.11615	0.02283	0.01680	0.02333	0.01774	0.02677	0.01493	0.00910	0.00786	0.00253	0.01072	0.09319	0.02719	0.01001
73	0.01172	0.00842	0.01158	0.01304	0.01471	0.00828	0.01108	0.01498	0.01759	0.02309	0.10363	0.13874	0.06692	0.02062	0.01021	0.00332	0.00633	0.50173	0.00712	0.00691
74	0.02263	0.01649	0.01868	0.01390	0.02030	0.01551	0.01134	0.27420	0.02417	0.09681	0.01690	0.01766	0.01260	0.00735	0.00659	0.00169	0.00677	0.00571	0.00618	0.40450
75	0.01535	0.01412	0.05033	0.01326	0.01691	0.01413	0.01075	0.02880	0.37945	0.02948	0.21932	0.03965	0.08067	0.04230	0.00941	0.00271	0.00550	0.01049	0.00748	0.00989
76	0.01659	0.01659	0.02323	0.01991	0.01991	0.02323	0.01659	0.01825	0.01162	0.01825	0.00996	0.01659	0.00996	0.01328	0.02489	0.00332	0.71955	0.00664	0.00332	0.00830
77	0.01877	0.01802	0.03079	0.04656	0.68612	0.01802	0.02328	0.02328	0.01727	0.02478	0.01427	0.01877	0.01201	0.00676	0.00751	0.00225	0.00901	0.00676	0.00375	0.01201
78	0.00985	0.00797	0.00891	0.00939	0.01173	0.00703	0.00751	0.01219	0.01734	0.02109	0.06691	0.07640	0.50987	0.01968	0.00937	0.00281	0.00469	0.18367	0.00703	0.00656
79	0.06448	0.01868	0.03319	0.02400	0.03106	0.01766	0.38410	0.11373	0.01966	0.02832	0.01506	0.01861	0.01145	0.00665	0.00777	0.00219	0.01015	0.00737	0.00457	0.18133
80	0.02883	0.02125	0.02276	0.01745	0.02352	0.02352	0.01442	0.66082	0.03566	0.04780	0.01821	0.01821	0.01290	0.00911	0.00759	0.00228	0.00835	0.00683	0.00759	0.01290

[dist]
# distance from previous block
# <min> <max>
0	1

[block]
# block no. 2 follows, 26 sequences, length 112
# corresponding to MSA columns:
# 473-560,563-586
name=unknown_C
#
# <colnr> <probs for GDERKNQSTAVLIFYWHMCP>
#	G	D	E	R	K	N	Q	S	T	A	V	L	I	F	Y	W	H	M	C	P
0	0.02445	0.19837	0.04414	0.01619	0.02160	0.08904	0.03266	0.25145	0.02397	0.09771	0.04480	0.01890	0.01480	0.00877	0.00802	0.00216	0.05588	0.00635	0.02989	0.01085
1	0.63615	0.05561	0.05046	0.04273	0.04779	0.01780	0.01076	0.02233	0.01350	0.03157	0.01102	0.01314	0.00862	0.00703	0.00509	0.00231	0.00660	0.00442	0.00444	0.00864
2	0.02356	0.01299	0.01632	0.01216	0.01831	0.01044	0.00986	0.02675	0.01859	0.31777	0.04834	0.02185	0.01704	0.00768	0.00664	0.00171	0.00590	0.00625	0.00680	0.41102
3	0.01511	0.01304	0.01628	0.01210	0.01819	0.01009	0.03806	0.01840	0.01569	0.02411	0.01668	0.09420	0.01552	0.00764	0.00621	0.00140	0.00581	0.00657	0.00474	0.66016
4	0.02076	0.01879	0.01783	0.01667	0.04807	0.13447	0.01236	0.06734	0.38231	0.06549	0.08104	0.02893	0.05175	0.01041	0.00770	0.00241	0.00731	0.00846	0.00700	0.01092
5	0.00907	0.00763	0.00788	0.00794	0.01034	0.00643	0.00591	0.01105	0.01736	0.02096	0.10713	0.10827	0.61558	0.01926	0.00900	0.00258	0.00386	0.01619	0.00711	0.00643
6	0.02446	0.02041	0.02819	0.02145	0.02716	0.05808	0.19605	0.29827	0.06152	0.09120	0.01797	0.01966	0.01313	0.00875	0.00957	0.00246	0.07666	0.00747	0.00609	0.01144
7	0.00953	0.00672	0.00872	0.01019	0.01056	0.00636	0.00664	0.01064	0.01395	0.01860	0.03889	0.61789	0.04649	0.13937	0.01439	0.00378	0.00488	0.01985	0.00664	0.00591
8	0.01763	0.01879	0.03769	0.03104	0.12943	0.01876	0.44546	0.02298	0.01691	0.02387	0.01511	0.02023	0.01189	0.00745	0.01049	0.00256	0.09931	0.00823	0.05213	0.01005
9	0.00924	0.00660	0.00880	0.01056	0.01100	0.00616	0.00704	0.01056	0.01452	0.01936	0.04181	0.72848	0.05017	0.02376	0.00968	0.00308	0.00440	0.02156	0.00704	0.00616
10	0.01170	0.00797	0.01045	0.00971	0.01166	0.00732	0.00732	0.01525	0.02148	0.05773	0.65516	0.05538	0.06939	0.01525	0.00889	0.00238	0.00370	0.01347	0.00839	0.00739
11	0.01573	0.01348	0.01573	0.01123	0.01798	0.01011	0.00899	0.01910	0.01573	0.02472	0.01348	0.01573	0.01123	0.00562	0.00562	0.00112	0.00562	0.00449	0.00449	0.77980
12	0.01877	0.01802	0.03079	0.04656	0.68612	0.01802	0.02328	0.02328	0.01727	0.02478	0.01427	0.01877	0.01201	0.00676	0.00751	0.00225	0.00901	0.00676	0.00375	0.01201
13	0.01092	0.00803	0.01037	0.01141	0.01303	0.00765	0.00919	0.01358	0.01704	0.02212	0.11614	0.17015	0.17175	0.06508	0.01166	0.00337	0.00565	0.31923	0.00700	0.00662
14	0.00924	0.00660	0.00880	0.01056	0.01100	0.00616	0.00704	0.01056	0.01452	0.01936	0.04181	0.72848	0.05017	0.02376	0.00968	0.00308	0.00440	0.02156	0.00704	0.00616
15	0.02845	0.01659	0.08023	0.02049	0.12365	0.01357	0.05508	0.03309	0.04601	0.46356	0.02524	0.02365	0.01666	0.00864	0.00766	0.00236	0.00764	0.00744	0.00757	0.01242
16	0.01573	0.01348	0.01573	0.01123	0.01798	0.01011	0.00899	0.01910	0.01573	0.02472	0.01348	0.01573	0.01123	0.00562	0.00562	0.00112	0.00562	0.00449	0.00449	0.77980
17	0.00923	0.00664	0.00876	0.01045	0.01097	0.00617	0.00699	0.01057	0.01463	0.01941	0.04319	0.70258	0.07517	0.02358	0.00965	0.00306	0.00438	0.02134	0.00704	0.00617
18	0.01413	0.00851	0.01123	0.01012	0.01250	0.00774	0.00774	0.01762	0.02151	0.12684	0.58697	0.05216	0.06387	0.01461	0.00875	0.00238	0.00400	0.01283	0.00850	0.00800
19	0.02754	0.02414	0.02220	0.01907	0.05815	0.19024	0.01456	0.44358	0.03034	0.03852	0.01668	0.01755	0.01236	0.00865	0.00730	0.00217	0.00949	0.00636	0.03950	0.01159
20	0.01145	0.00825	0.01038	0.01128	0.01239	0.00810	0.00785	0.08209	0.01709	0.02288	0.06193	0.62666	0.04683	0.02186	0.00943	0.00297	0.00480	0.01967	0.00715	0.00694
21	0.01318	0.00659	0.00988	0.00988	0.00988	0.00659	0.00659	0.00988	0.00988	0.01318	0.01318	0.02306	0.01318	0.02635	0.02964	0.77931	0.00659	0.00659	0.00329	0.00329
22	0.01067	0.00775	0.01005	0.00947	0.01129	0.00713	0.00710	0.01418	0.02131	0.03004	0.65925	0.05728	0.09467	0.01565	0.00895	0.00239	0.00359	0.01380	0.00830	0.00713
23	0.01573	0.01348	0.01573	0.01123	0.01798	0.01011	0.00899	0.01910	0.01573	0.02472	0.01348	0.01573	0.01123	0.00562	0.00562	0.00112	0.00562	0.00449	0.00449	0.77980
24	0.01787	0.02350	0.16731	0.02802	0.19372	0.07795	0.10382	0.02322	0.04400	0.02254	0.01473	0.04389	0.01263	0.00925	0.01187	0.00260	0.18179	0.00723	0.00385	0.01022
25	0.03403	0.01291	0.01760	0.01350	0.01936	0.01115	0.01115	0.03697	0.02171	0.69137	0.02992	0.02582	0.01878	0.00939	0.00763	0.00235	0.00645	0.00763	0.00939	0.01291
26	0.01094	0.00770	0.01003	0.01003	0.01063	0.00831	0.00678	0.01216	0.01155	0.01601	0.02230	0.04076	0.02372	0.43071	0.33606	0.00952	0.01315	0.00973	0.00436	0.00557
27	0.01112	0.00822	0.01044	0.00980	0.01176	0.00778	0.00737	0.01563	0.05722	0.03014	0.62473	0.05567	0.09059	0.01535	0.00888	0.00240	0.00372	0.01352	0.00827	0.00740
28	0.01052	0.00774	0.00983	0.00931	0.01120	0.00706	0.00698	0.01389	0.02095	0.02919	0.60706	0.05868	0.14740	0.01597	0.00895	0.00241	0.00361	0.01400	0.00819	0.00706
29	0.02883	0.02125	0.02276	0.01745	0.02352	0.02352	0.01442	0.66082	0.03566	0.04780	0.01821	0.01821	0.01290	0.00911	0.00759	0.00228	0.00835	0.00683	0.00759	0.01290
30	0.01103	0.00735	0.00827	0.00827	0.00827	0.00735	0.00460	0.01103	0.01103	0.01471	0.02390	0.04964	0.02758	0.73343	0.03861	0.00735	0.00735	0.01103	0.00460	0.00460
31	0.01877	0.01802	0.03079	0.04656	0.68612	0.01802	0.02328	0.02328	0.01727	0.02478	0.01427	0.01877	0.01201	0.00676	0.00751	0.00225	0.00901	0.00676	0.00375	0.01201
32	0.00924	0.00660	0.00880	0.01056	0.01100	0.00616	0.00704	0.01056	0.01452	0.01936	0.04181	0.72848	0.05017	0.02376	0.00968	0.00308	0.00440	0.02156	0.00704	0.00616
33	0.01521	0.03923	0.69413	0.02162	0.03283	0.01762	0.02802	0.02402	0.01601	0.02402	0.01361	0.01601	0.00961	0.00721	0.00721	0.00240	0.01121	0.00560	0.00320	0.01121
34	0.01887	0.01629	0.01715	0.01544	0.01972	0.01887	0.01201	0.04031	0.67241	0.03173	0.03087	0.02830	0.02315	0.01029	0.00772	0.00257	0.00600	0.00858	0.00772	0.01201
35	0.02028	0.73799	0.03975	0.01298	0.01947	0.03001	0.01298	0.02271	0.01541	0.01785	0.01055	0.01217	0.00973	0.00649	0.00487	0.00162	0.00811	0.00406	0.00324	0.00973
36	0.01565	0.07647	0.62846	0.02227	0.06155	0.01831	0.02699	0.02392	0.01604	0.02372	0.01347	0.01593	0.00972	0.00715	0.00709	0.00235	0.01094	0.00557	0.00323	0.01117
37	0.02726	0.09773	0.02312	0.01741	0.02248	0.29572	0.01394	0.24883	0.08207	0.07458	0.01672	0.01717	0.01261	0.00845	0.00703	0.00211	0.01013	0.00598	0.00581	0.01086
38	0.00926	0.00707	0.00852	0.00948	0.01076	0.00632	0.00661	0.01096	0.01602	0.02060	0.10318	0.44935	0.27146	0.02155	0.00938	0.00285	0.00414	0.01903	0.00714	0.00632
39	0.00924	0.00660	0.00880	0.01056	0.01100	0.00616	0.00704	0.01056	0.01452	0.01936	0.04181	0.72848	0.05017	0.02376	0.00968	0.00308	0.00440	0.02156	0.00704	0.00616
40	0.00927	0.00770	0.00811	0.00800	0.01043	0.00653	0.00600	0.01148	0.01801	0.02220	0.18114	0.07018	0.57767	0.01857	0.00896	0.00253	0.00380	0.01561	0.00727	0.00653
41	0.02188	0.01580	0.01845	0.01631	0.06104	0.01639	0.01219	0.21976	0.18007	0.10878	0.12830	0.02737	0.02516	0.00987	0.00759	0.00223	0.00651	0.00815	0.00732	0.10683
42	0.01877	0.01802	0.03079	0.04656	0.68612	0.01802	0.02328	0.02328	0.01727	0.02478	0.01427	0.01877	0.01201	0.00676	0.00751	0.00225	0.00901	0.00676	0.00375	0.01201
43	0.03271	0.01360	0.01777	0.01369	0.01942	0.01235	0.01129	0.10460	0.02302	0.59580	0.02845	0.02508	0.01816	0.00934	0.00754	0.00232	0.00655	0.00752	0.03813	0.01269
44	0.01405	0.01311	0.02199	0.67669	0.04999	0.01627	0.02030	0.01890	0.01513	0.01938	0.01503	0.05893	0.01230	0.00847	0.00770	0.00256	0.00980	0.00755	0.00357	0.00830
45	0.14315	0.24646	0.10726	0.01675	0.07019	0.04591	0.01455	0.05319	0.06563	0.14554	0.01655	0.01710	0.01240	0.00764	0.00621	0.00212	0.00796	0.00557	0.00515	0.01068
46	0.03219	0.01586	0.01943	0.01489	0.02083	0.01553	0.01230	0.25763	0.02665	0.46373	0.02578	0.02313	0.01670	0.00929	0.00761	0.00232	0.00712	0.00735	0.00875	0.01291
47	0.00924	0.00660	0.00880	0.01056	0.01100	0.00616	0.00704	0.01056	0.01452	0.01936	0.04181	0.72848	0.05017	0.02376	0.00968	0.00308	0.00440	0.02156	0.00704	0.00616
48	0.02258	0.06265	0.14881	0.05990	0.11613	0.34799	0.01832	0.04423	0.04630	0.02175	0.01368	0.01629	0.01097	0.00907	0.02754	0.00243	0.01188	0.00564	0.00396	0.00989
49	0.01959	0.01958	0.02999	0.04424	0.62917	0.07688	0.02254	0.02388	0.01763	0.02425	0.01405	0.01834	0.01182	0.00685	0.00745	0.00223	0.00941	0.00660	0.00377	0.01174
50	0.01084	0.00813	0.01219	0.01219	0.01354	0.00948	0.00948	0.01354	0.01219	0.01761	0.02032	0.02980	0.01896	0.05689	0.70337	0.01219	0.02032	0.00813	0.00406	0.00677
51	0.02090	0.02140	0.02813	0.03820	0.48292	0.14349	0.02076	0.05815	0.01862	0.02441	0.01371	0.01766	0.01151	0.00754	0.00862	0.00228	0.06014	0.00641	0.00396	0.01121
52	0.01659	0.01659	0.02323	0.01991	0.01991	0.02323	0.01659	0.01825	0.01162	0.01825	0.00996	0.01659	0.00996	0.01328	0.02489	0.00332	0.71955	0.00664	0.00332	0.00830
53	0.02271	0.02338	0.02659	0.03402	0.38648	0.22511	0.01933	0.05963	0.01940	0.05132	0.01412	0.01738	0.01155	0.00767	0.00827	0.00223	0.04946	0.00623	0.00421	0.01092
54	0.00979	0.00700	0.00941	0.01102	0.01175	0.00662	0.00784	0.01159	0.01541	0.02057	0.08169	0.58768	0.05051	0.02281	0.00976	0.00310	0.00475	0.11525	0.00711	0.00635
55	0.01074	0.00775	0.01014	0.00954	0.01133	0.00716	0.00716	0.01431	0.02147	0.03042	0.68211	0.05666	0.07157	0.01551	0.00895	0.00239	0.00358	0.01372	0.00835	0.00716
56	0.00918	0.00769	0.00799	0.00791	0.01038	0.00650	0.00594	0.01131	0.01781	0.02172	0.15191	0.07097	0.60720	0.01875	0.00896	0.00254	0.00381	0.01572	0.00721	0.00650
57	0.30725	0.01355	0.01526	0.01222	0.01766	0.01328	0.01008	0.03164	0.01852	0.45286	0.02290	0.02092	0.01494	0.00854	0.00656	0.00235	0.00624	0.00635	0.00768	0.01121
58	0.02833	0.03615	0.02149	0.01954	0.02345	0.70298	0.01466	0.03029	0.02149	0.01856	0.01172	0.01368	0.00977	0.00782	0.00684	0.00195	0.01368	0.00489	0.00391	0.00879
59	0.01164	0.00947	0.01082	0.01166	0.01346	0.04547	0.00928	0.01432	0.01768	0.02250	0.13977	0.19387	0.18382	0.01959	0.00959	0.00297	0.00571	0.26451	0.00704	0.00683
60	0.00924	0.00660	0.00880	0.01056	0.01100	0.00616	0.00704	0.01056	0.01452	0.01936	0.04181	0.72848	0.05017	0.02376	0.00968	0.00308	0.00440	0.02156	0.00704	0.00616
61	0.01837	0.02102	0.04175	0.03032	0.03717	0.05721	0.57177	0.02414	0.01760	0.02350	0.01472	0.01978	0.01129	0.00702	0.01011	0.00259	0.06931	0.00854	0.00380	0.01000
62	0.02083	0.01941	0.01812	0.01614	0.02049	0.11579	0.01253	0.07778	0.54055	0.03088	0.02737	0.02560	0.02062	0.00987	0.00759	0.00247	0.00723	0.00794	0.00717	0.01161
63	0.01432	0.01348	0.02275	0.71520	0.05224	0.01685	0.02107	0.01938	0.01517	0.01938	0.01348	0.02022	0.01011	0.00758	0.00758	0.00253	0.01011	0.00674	0.00337	0.00843
64	0.01695	0.01626	0.02705	0.27604	0.38280	0.01826	0.02168	0.02130	0.01584	0.02209	0.01346	0.01901	0.01110	0.00785	0.00969	0.00248	0.09752	0.00674	0.00357	0.01030
65	0.01888	0.02202	0.06541	0.06164	0.02954	0.12935	0.23222	0.02426	0.06648	0.02173	0.01404	0.01849	0.01145	0.00923	0.01346	0.00270	0.23845	0.00723	0.00392	0.00947
