[name]
unknown

[dist]
# distance from previous block
# <min> <max>
0	45

[block]
# block no. 0 follows, 35 sequences, length 41
# corresponding to MSA columns:
# 45-85
name=unknown_A
#
# <colnr> <probs for GDERKNQSTAVLIFYWHMCP>
#	G	D	E	R	K	N	Q	S	T	A	V	L	I	F	Y	W	H	M	C	P
0	0.01022	0.00730	0.01022	0.01168	0.01314	0.00730	0.01022	0.01314	0.01460	0.01899	0.03359	0.07156	0.03651	0.01752	0.00876	0.00292	0.00584	0.69478	0.00584	0.00584
1	0.00767	0.00643	0.00666	0.00661	0.00867	0.00543	0.00495	0.00944	0.01486	0.01810	0.14183	0.05947	0.65674	0.01571	0.00750	0.00213	0.00319	0.01317	0.00602	0.00543
2	0.01198	0.01128	0.01903	0.76180	0.04369	0.01409	0.01762	0.01621	0.01268	0.01621	0.01128	0.01691	0.00846	0.00634	0.00634	0.00211	0.00846	0.00564	0.00282	0.00705
3	0.01215	0.01145	0.01934	0.72840	0.07575	0.01414	0.01770	0.01636	0.01277	0.01642	0.01131	0.01686	0.00853	0.00631	0.00634	0.00210	0.00841	0.00564	0.00283	0.00719
4	0.01529	0.01485	0.02546	0.08263	0.60324	0.01538	0.05508	0.01899	0.01401	0.02001	0.01167	0.01572	0.00980	0.00608	0.00743	0.00198	0.06399	0.00574	0.00310	0.00955
5	0.01654	0.01666	0.02494	0.03657	0.66226	0.09224	0.01871	0.02008	0.01482	0.02018	0.01171	0.01525	0.00985	0.00575	0.00622	0.00186	0.00795	0.00549	0.00315	0.00977
6	0.01136	0.00899	0.01069	0.01109	0.01293	0.00965	0.00856	0.01916	0.27690	0.02075	0.03122	0.31216	0.03217	0.01509	0.00766	0.00251	0.00474	0.19113	0.00609	0.00714
7	0.01628	0.01387	0.01462	0.01301	0.01669	0.01601	0.01016	0.07442	0.68450	0.02734	0.02519	0.02317	0.01885	0.00855	0.00645	0.00214	0.00514	0.00709	0.00645	0.01009
8	0.00750	0.00643	0.00643	0.00643	0.00857	0.00536	0.00482	0.00910	0.01446	0.01714	0.06427	0.06105	0.73490	0.01607	0.00750	0.00214	0.00321	0.01339	0.00589	0.00536
9	0.00923	0.00615	0.00692	0.00692	0.00692	0.00615	0.00384	0.00923	0.00923	0.01230	0.01999	0.04151	0.02306	0.77705	0.03229	0.00615	0.00615	0.00923	0.00384	0.00384
10	0.01578	0.01363	0.01434	0.01291	0.01650	0.01578	0.01004	0.03371	0.72602	0.02654	0.02582	0.02367	0.01937	0.00861	0.00646	0.00215	0.00502	0.00717	0.00646	0.01004
11	0.01735	0.73707	0.03235	0.01118	0.01648	0.06749	0.01094	0.01937	0.01319	0.01496	0.00888	0.01025	0.00814	0.00549	0.00417	0.00137	0.00706	0.00343	0.00275	0.00810
12	0.02664	0.01067	0.01415	0.01105	0.01567	0.00951	0.00906	0.03009	0.06206	0.65252	0.02481	0.02185	0.01597	0.00787	0.00626	0.00194	0.00522	0.00640	0.05780	0.01045
13	0.01571	0.01494	0.02473	0.03662	0.67318	0.01514	0.01863	0.02074	0.07791	0.02124	0.01317	0.01641	0.01088	0.00592	0.00630	0.00191	0.00731	0.00579	0.00344	0.01005
14	0.01469	0.38059	0.41366	0.01472	0.02226	0.01955	0.01759	0.01958	0.01316	0.01769	0.01019	0.01190	0.00808	0.00575	0.00512	0.00171	0.00817	0.00409	0.00269	0.00880
15	0.02025	0.04312	0.01704	0.01464	0.01804	0.35744	0.01135	0.05110	0.27879	0.05462	0.01650	0.01666	0.01275	0.00763	0.00688	0.00191	0.05250	0.00545	0.00472	0.00862
16	0.01643	0.01348	0.01436	0.01283	0.01648	0.01545	0.01000	0.03357	0.68981	0.06313	0.02578	0.02356	0.01918	0.00857	0.00645	0.00214	0.00504	0.00713	0.00653	0.01008
17	0.01866	0.01484	0.01589	0.01324	0.01741	0.01654	0.01055	0.30454	0.38321	0.03120	0.02119	0.04896	0.01630	0.00845	0.00638	0.00201	0.00573	0.00684	0.00625	0.05179
18	0.00893	0.00648	0.00841	0.00793	0.00944	0.00596	0.00594	0.01187	0.01783	0.02514	0.71006	0.04788	0.08412	0.01308	0.00748	0.00200	0.00300	0.01154	0.00694	0.00596
19	0.08089	0.00835	0.01063	0.01044	0.01173	0.00906	0.00781	0.02964	0.01287	0.10176	0.04609	0.44564	0.02980	0.01618	0.02900	0.00265	0.12289	0.01274	0.00544	0.00640
20	0.01272	0.03281	0.74418	0.01808	0.02746	0.01473	0.02344	0.02009	0.01339	0.02009	0.01138	0.01339	0.00804	0.00603	0.00603	0.00201	0.00938	0.00469	0.00268	0.00938
21	0.00773	0.00552	0.00736	0.00883	0.00920	0.00515	0.00589	0.00883	0.01215	0.01619	0.03497	0.77291	0.04196	0.01987	0.00810	0.00258	0.00368	0.01803	0.00589	0.00515
22	0.01570	0.01507	0.02575	0.03894	0.73748	0.01507	0.01947	0.01947	0.01444	0.02073	0.01193	0.01570	0.01005	0.00565	0.00628	0.00188	0.00754	0.00565	0.00314	0.01005
23	0.01475	0.01376	0.02275	0.31834	0.42607	0.01496	0.01832	0.05886	0.01466	0.02009	0.01187	0.01614	0.00947	0.00604	0.00631	0.00197	0.00786	0.00565	0.00320	0.00893
24	0.00911	0.00694	0.00867	0.00953	0.01127	0.00650	0.00801	0.01149	0.01454	0.01823	0.04617	0.06725	0.32291	0.01693	0.00824	0.00260	0.00476	0.41535	0.00586	0.00564
25	0.00752	0.00636	0.00650	0.00661	0.00862	0.00534	0.00490	0.00908	0.01428	0.01706	0.06197	0.11678	0.68066	0.01636	0.00754	0.00218	0.00325	0.01375	0.00589	0.00534
26	0.01284	0.03201	0.70803	0.01852	0.02775	0.01480	0.05879	0.02010	0.01347	0.02010	0.01146	0.01358	0.00812	0.00599	0.00610	0.00202	0.00944	0.00483	0.00271	0.00933
27	0.82186	0.01227	0.00932	0.00834	0.01227	0.01423	0.00687	0.01865	0.01080	0.02846	0.00883	0.01031	0.00687	0.00589	0.00393	0.00196	0.00491	0.00344	0.00393	0.00687
28	0.00750	0.00643	0.00643	0.00643	0.00857	0.00536	0.00482	0.00910	0.01446	0.01714	0.06427	0.06105	0.73490	0.01607	0.00750	0.00214	0.00321	0.01339	0.00589	0.00536
29	0.00782	0.00571	0.00739	0.00862	0.00926	0.00527	0.00590	0.00911	0.01269	0.01673	0.06532	0.64853	0.11668	0.01913	0.00803	0.00252	0.00367	0.03648	0.00593	0.00523
30	0.01570	0.01507	0.02575	0.03894	0.73748	0.01507	0.01947	0.01947	0.01444	0.02073	0.01193	0.01570	0.01005	0.00565	0.00628	0.00188	0.00754	0.00565	0.00314	0.01005
31	0.00844	0.00645	0.00767	0.00737	0.00906	0.00576	0.00549	0.01082	0.01638	0.02195	0.46346	0.05224	0.30801	0.03897	0.00829	0.00218	0.00318	0.01211	0.00648	0.00568
32	0.01598	0.01234	0.01611	0.06023	0.05176	0.01070	0.04611	0.08622	0.01543	0.09848	0.01323	0.01481	0.01018	0.00550	0.00536	0.00132	0.00568	0.00463	0.00433	0.52162
33	0.01287	0.01099	0.01279	0.00939	0.01468	0.00844	0.00745	0.01599	0.03190	0.02056	0.01394	0.04428	0.02955	0.00568	0.00495	0.00107	0.00463	0.00465	0.00397	0.74223
34	0.03445	0.04069	0.12306	0.05455	0.09610	0.01276	0.04285	0.07255	0.03649	0.19655	0.08780	0.04518	0.03630	0.00817	0.00709	0.00198	0.04528	0.00677	0.00508	0.04632
35	0.02076	0.32668	0.02415	0.01405	0.01821	0.39009	0.01174	0.07100	0.01654	0.01700	0.00975	0.01128	0.00835	0.00631	0.00556	0.00158	0.03184	0.00397	0.00325	0.00790
36	0.01497	0.01711	0.03743	0.02674	0.03316	0.01604	0.71444	0.02032	0.01497	0.02032	0.01283	0.01711	0.00963	0.00535	0.00749	0.00214	0.01070	0.00749	0.00321	0.00856
37	0.01378	0.01465	0.02975	0.24182	0.05705	0.01483	0.43858	0.01858	0.01426	0.01903	0.01380	0.02083	0.01118	0.00650	0.00720	0.00218	0.00960	0.05511	0.00328	0.00797
38	0.00773	0.00552	0.00736	0.00883	0.00920	0.00515	0.00589	0.00883	0.01215	0.01619	0.03497	0.77291	0.04196	0.01987	0.00810	0.00258	0.00368	0.01803	0.00589	0.00515
39	0.00940	0.00679	0.00877	0.00863	0.00905	0.00749	0.00587	0.01031	0.00961	0.01335	0.01828	0.03395	0.01964	0.46735	0.29857	0.00748	0.04901	0.00814	0.00362	0.00468
40	0.02317	0.02835	0.01859	0.01780	0.06950	0.65181	0.01275	0.07080	0.01852	0.01751	0.01031	0.01199	0.00848	0.00655	0.00580	0.00167	0.01087	0.00430	0.00346	0.00777

[dist]
# distance from previous block
# <min> <max>
0	1

[block]
# block no. 1 follows, 35 sequences, length 35
# corresponding to MSA columns:
# 90-94,100-127,141,142
name=unknown_B
#
# <colnr> <probs for GDERKNQSTAVLIFYWHMCP>
#	G	D	E	R	K	N	Q	S	T	A	V	L	I	F	Y	W	H	M	C	P
0	0.01686	0.67532	0.10037	0.01179	0.01750	0.05720	0.01212	0.01939	0.01317	0.01545	0.00911	0.01054	0.00813	0.00554	0.00433	0.00143	0.00724	0.00355	0.00274	0.00822
1	0.02249	0.02709	0.01765	0.01575	0.01897	0.60834	0.01200	0.09069	0.01852	0.01794	0.01265	0.01413	0.04047	0.00731	0.00668	0.00174	0.05162	0.00473	0.00365	0.00757
2	0.01241	0.12378	0.04074	0.01404	0.01767	0.01270	0.17332	0.01754	0.10374	0.02049	0.17147	0.08943	0.06670	0.01220	0.04625	0.00251	0.00678	0.05598	0.00487	0.00738
3	0.00896	0.00791	0.03859	0.00906	0.01108	0.00643	0.02685	0.01129	0.01469	0.02006	0.26733	0.29217	0.16566	0.01469	0.00741	0.00214	0.00389	0.01302	0.00587	0.07291
4	0.01022	0.00730	0.01022	0.01168	0.01314	0.00730	0.01022	0.01314	0.01460	0.01899	0.03359	0.07156	0.03651	0.01752	0.00876	0.00292	0.00584	0.69478	0.00584	0.00584
5	0.01632	0.15349	0.37495	0.01522	0.02222	0.01726	0.01700	0.21079	0.01813	0.02505	0.06068	0.01564	0.01230	0.00683	0.00588	0.00187	0.00785	0.00521	0.00398	0.00933
6	0.01734	0.73859	0.03238	0.01116	0.01647	0.06602	0.01093	0.01935	0.01318	0.01496	0.00888	0.01025	0.00814	0.00549	0.00416	0.00137	0.00705	0.00343	0.00274	0.00810
7	0.06270	0.33407	0.18877	0.01356	0.01926	0.08809	0.01379	0.12471	0.01582	0.02076	0.01171	0.01311	0.02504	0.00649	0.00576	0.00172	0.03821	0.00442	0.00345	0.00856
8	0.01639	0.01561	0.02378	0.09857	0.44471	0.05253	0.06561	0.09306	0.04913	0.02204	0.01286	0.01620	0.01039	0.00724	0.02501	0.00215	0.02586	0.00580	0.00361	0.00943
9	0.01508	0.01193	0.01428	0.01261	0.01578	0.01320	0.04953	0.06512	0.41212	0.05322	0.02381	0.02808	0.01943	0.05370	0.06436	0.00298	0.00637	0.06850	0.06121	0.00870
10	0.00773	0.00552	0.00736	0.00883	0.00920	0.00515	0.00589	0.00883	0.01215	0.01619	0.03497	0.77291	0.04196	0.01987	0.00810	0.00258	0.00368	0.01803	0.00589	0.00515
11	0.01760	0.01513	0.02655	0.01976	0.02488	0.01494	0.37061	0.19721	0.01857	0.09179	0.01686	0.08892	0.01383	0.00946	0.04106	0.00247	0.00888	0.00790	0.00470	0.00888
12	0.01694	0.60699	0.11587	0.01205	0.01762	0.02267	0.01243	0.01959	0.01307	0.05650	0.01001	0.01140	0.00856	0.00594	0.00534	0.00155	0.04824	0.00383	0.00300	0.00837
13	0.00994	0.00783	0.01026	0.01018	0.01144	0.04252	0.00789	0.01222	0.01078	0.01539	0.01691	0.02420	0.01553	0.04287	0.66505	0.00919	0.01576	0.00661	0.05968	0.00576
14	0.82186	0.01227	0.00932	0.00834	0.01227	0.01423	0.00687	0.01865	0.01080	0.02846	0.00883	0.01031	0.00687	0.00589	0.00393	0.00196	0.00491	0.00344	0.00393	0.00687
15	0.00806	0.00609	0.00751	0.00838	0.00951	0.00554	0.00610	0.00969	0.01361	0.01755	0.09822	0.41272	0.25458	0.01788	0.00795	0.00244	0.00375	0.09908	0.00597	0.00536
16	0.01535	0.01316	0.01449	0.01281	0.01634	0.01490	0.02990	0.06514	0.59563	0.02624	0.04584	0.04386	0.05954	0.00926	0.00660	0.00214	0.00510	0.00782	0.00633	0.00955
17	0.01984	0.01340	0.01530	0.01234	0.01633	0.01408	0.01010	0.40113	0.02409	0.11854	0.17792	0.02754	0.02430	0.00953	0.00674	0.00198	0.00575	0.06132	0.00655	0.03322
18	0.02190	0.01490	0.01636	0.01321	0.01743	0.07327	0.02799	0.30883	0.07169	0.20798	0.09767	0.02388	0.01921	0.00875	0.00660	0.00199	0.00640	0.04591	0.00644	0.00960
19	0.01526	0.01256	0.01349	0.01189	0.01525	0.01402	0.00930	0.12417	0.46520	0.02751	0.13404	0.02903	0.08119	0.00972	0.00668	0.00209	0.00485	0.00811	0.00647	0.00916
20	0.02846	0.01080	0.01472	0.01129	0.01619	0.00932	0.00932	0.03092	0.01816	0.74187	0.02503	0.02159	0.01570	0.00785	0.00638	0.00196	0.00540	0.00638	0.00785	0.01080
21	0.01570	0.01507	0.02575	0.03894	0.73748	0.01507	0.01947	0.01947	0.01444	0.02073	0.01193	0.01570	0.01005	0.00565	0.00628	0.00188	0.00754	0.00565	0.00314	0.01005
22	0.02716	0.01084	0.01459	0.01113	0.01610	0.00925	0.00917	0.02965	0.01773	0.68067	0.02386	0.02088	0.01517	0.00758	0.00624	0.00188	0.00534	0.00616	0.00750	0.07911
23	0.01497	0.01711	0.03743	0.02674	0.03316	0.01604	0.71444	0.02032	0.01497	0.02032	0.01283	0.01711	0.00963	0.00535	0.00749	0.00214	0.01070	0.00749	0.00321	0.00856
24	0.01678	0.00921	0.01125	0.00936	0.01227	0.00918	0.04703	0.12451	0.01676	0.15155	0.02017	0.02164	0.01495	0.00739	0.00524	0.00167	0.00444	0.00605	0.50288	0.00766
25	0.01315	0.01128	0.01315	0.00940	0.01503	0.00846	0.00752	0.01597	0.01315	0.02067	0.01128	0.01315	0.00940	0.00470	0.00470	0.00094	0.00470	0.00376	0.00376	0.81583
26	0.07086	0.01188	0.04766	0.01144	0.01649	0.00984	0.00983	0.02976	0.01754	0.67023	0.02353	0.02061	0.01487	0.00766	0.00623	0.00197	0.00555	0.00614	0.00740	0.01052
27	0.01351	0.01215	0.01902	0.01519	0.01899	0.01194	0.20916	0.08803	0.13514	0.02275	0.07957	0.20928	0.02355	0.01031	0.00703	0.00208	0.00629	0.00979	0.00511	0.10111
28	0.00811	0.00615	0.00749	0.00779	0.00911	0.00552	0.00560	0.01006	0.01497	0.01985	0.29901	0.29191	0.25898	0.01620	0.00769	0.00223	0.00329	0.01423	0.00629	0.00552
29	0.78689	0.01220	0.00956	0.00847	0.01244	0.01402	0.00698	0.01919	0.01112	0.05991	0.00955	0.01080	0.00726	0.00598	0.00403	0.00196	0.00493	0.00356	0.00410	0.00704
30	0.00773	0.00552	0.00736	0.00883	0.00920	0.00515	0.00589	0.00883	0.01215	0.01619	0.03497	0.77291	0.04196	0.01987	0.00810	0.00258	0.00368	0.01803	0.00589	0.00515
31	0.02588	0.01097	0.01438	0.01135	0.01592	0.01002	0.00926	0.03040	0.11176	0.61381	0.05825	0.02307	0.01825	0.00819	0.00644	0.00199	0.00524	0.00672	0.00763	0.01047
32	0.00821	0.00613	0.00707	0.00739	0.00857	0.00555	0.00512	0.00967	0.01347	0.01757	0.15362	0.24813	0.29926	0.14394	0.01173	0.00289	0.00379	0.01343	0.02928	0.00516
33	0.01198	0.01128	0.01903	0.76180	0.04369	0.01409	0.01762	0.01621	0.01268	0.01621	0.01128	0.01691	0.00846	0.00634	0.00634	0.00211	0.00846	0.00564	0.00282	0.00705
34	0.08237	0.09217	0.12766	0.01804	0.08486	0.07156	0.17974	0.01891	0.04735	0.02013	0.03737	0.08365	0.03587	0.00820	0.00638	0.00202	0.00766	0.04239	0.02573	0.00794

[dist]
# distance from previous block
# <min> <max>
0	2

[block]
# block no. 2 follows, 35 sequences, length 26
# corresponding to MSA columns:
# 145-170
name=unknown_C
#
# <colnr> <probs for GDERKNQSTAVLIFYWHMCP>
#	G	D	E	R	K	N	Q	S	T	A	V	L	I	F	Y	W	H	M	C	P
0	0.05761	0.16959	0.04287	0.01400	0.01780	0.37432	0.01157	0.07437	0.04377	0.01916	0.05371	0.01698	0.01308	0.00744	0.00601	0.00176	0.02651	0.03785	0.00385	0.00775
1	0.69162	0.04096	0.04556	0.00954	0.01347	0.01505	0.00834	0.01846	0.01091	0.02655	0.00891	0.01073	0.00708	0.00629	0.00535	0.00201	0.06473	0.00366	0.00373	0.00704
2	0.01468	0.25103	0.24150	0.04516	0.02372	0.01748	0.15110	0.03614	0.03951	0.01910	0.01298	0.01502	0.02945	0.00603	0.00569	0.00176	0.00805	0.00516	0.00320	0.07324
3	0.00922	0.00618	0.00705	0.00705	0.00710	0.00622	0.00401	0.00931	0.00927	0.01240	0.01986	0.04083	0.02277	0.74682	0.06211	0.00632	0.00660	0.00912	0.00383	0.00392
4	0.01272	0.03281	0.74418	0.01808	0.02746	0.01473	0.02344	0.02009	0.01339	0.02009	0.01138	0.01339	0.00804	0.00603	0.00603	0.00201	0.00938	0.00469	0.00268	0.00938
5	0.01561	0.01375	0.02005	0.01585	0.04336	0.03679	0.17381	0.03791	0.09416	0.07687	0.01510	0.04553	0.01225	0.00678	0.00718	0.00172	0.06536	0.00603	0.00429	0.30760
6	0.00779	0.00557	0.00742	0.00879	0.00921	0.00519	0.00589	0.00899	0.01243	0.01665	0.06907	0.73752	0.04283	0.01954	0.00807	0.00255	0.00365	0.01771	0.00594	0.00519
7	0.01456	0.27860	0.48189	0.01557	0.02347	0.01834	0.01885	0.04675	0.01387	0.01916	0.01069	0.01241	0.00818	0.00589	0.00540	0.00179	0.00843	0.00430	0.00283	0.00902
8	0.00860	0.00642	0.00818	0.00927	0.01050	0.00600	0.00722	0.01051	0.01366	0.01748	0.04209	0.32667	0.22057	0.01801	0.00819	0.00259	0.00436	0.26835	0.00587	0.00546
9	0.01603	0.01262	0.01362	0.01205	0.01556	0.01407	0.00942	0.06795	0.53455	0.07692	0.07548	0.02757	0.07736	0.00937	0.00659	0.00211	0.00488	0.00781	0.00654	0.00950
10	0.01405	0.01167	0.01432	0.01028	0.01591	0.00911	0.03499	0.03708	0.01388	0.04495	0.01190	0.01365	0.00965	0.00491	0.00491	0.00105	0.00502	0.00405	0.00395	0.73468
11	0.00893	0.00646	0.00895	0.00915	0.00988	0.00709	0.00658	0.01044	0.01020	0.01428	0.02017	0.12835	0.02122	0.23704	0.46291	0.00812	0.01236	0.00893	0.00385	0.00511
12	0.02412	0.01777	0.01904	0.01460	0.01967	0.01967	0.01206	0.71633	0.02983	0.03998	0.01523	0.01523	0.01079	0.00762	0.00635	0.00190	0.00698	0.00571	0.00635	0.01079
13	0.01794	0.01171	0.01515	0.01245	0.01604	0.01166	0.06405	0.24164	0.01961	0.16950	0.05233	0.23186	0.05488	0.01139	0.00697	0.00210	0.00562	0.00993	0.00618	0.03900
14	0.01315	0.01128	0.01315	0.00940	0.01503	0.00846	0.00752	0.01597	0.01315	0.02067	0.01128	0.01315	0.00940	0.00470	0.00470	0.00094	0.00470	0.00376	0.00376	0.81583
15	0.01315	0.01128	0.01315	0.00940	0.01503	0.00846	0.00752	0.01597	0.01315	0.02067	0.01128	0.01315	0.00940	0.00470	0.00470	0.00094	0.00470	0.00376	0.00376	0.81583
16	0.01696	0.78087	0.03324	0.01085	0.01628	0.02510	0.01085	0.01900	0.01289	0.01493	0.00882	0.01018	0.00814	0.00543	0.00407	0.00136	0.00678	0.00339	0.00271	0.00814
17	0.00773	0.00552	0.00736	0.00883	0.00920	0.00515	0.00589	0.00883	0.01215	0.01619	0.03497	0.77291	0.04196	0.01987	0.00810	0.00258	0.00368	0.01803	0.00589	0.00515
18	0.01315	0.01128	0.01315	0.00940	0.01503	0.00846	0.00752	0.01597	0.01315	0.02067	0.01128	0.01315	0.00940	0.00470	0.00470	0.00094	0.00470	0.00376	0.00376	0.81583
19	0.01484	0.46782	0.25465	0.01306	0.01930	0.02012	0.01452	0.01857	0.01278	0.01653	0.01045	0.01267	0.00888	0.00984	0.07971	0.00245	0.00862	0.00414	0.00277	0.00828
20	0.00898	0.00648	0.00848	0.00798	0.00948	0.00599	0.00599	0.01197	0.01796	0.02544	0.73413	0.04739	0.05986	0.01297	0.00748	0.00200	0.00299	0.01147	0.00698	0.00599
21	0.01022	0.00730	0.01022	0.01168	0.01314	0.00730	0.01022	0.01314	0.01460	0.01899	0.03359	0.07156	0.03651	0.01752	0.00876	0.00292	0.00584	0.69478	0.00584	0.00584
22	0.01570	0.01507	0.02575	0.03894	0.73748	0.01507	0.01947	0.01947	0.01444	0.02073	0.01193	0.01570	0.01005	0.00565	0.00628	0.00188	0.00754	0.00565	0.00314	0.01005
23	0.04580	0.02039	0.05316	0.01547	0.02013	0.20139	0.06701	0.32913	0.07520	0.06261	0.03763	0.01615	0.01224	0.00730	0.00624	0.00189	0.00809	0.00565	0.00518	0.00936
24	0.01437	0.05430	0.08833	0.02240	0.02856	0.01500	0.51538	0.01933	0.01469	0.02041	0.04658	0.01779	0.01197	0.00577	0.00689	0.00197	0.00933	0.00691	0.02765	0.07232
25	0.01455	0.08169	0.56727	0.01655	0.02474	0.01514	0.02017	0.02217	0.08203	0.07686	0.01366	0.01479	0.00973	0.00638	0.00596	0.00197	0.00847	0.00497	0.00345	0.00946

[dist]
# distance from previous block
# <min> <max>
5	27

# created by:
# /home/cegg/simao/soft/augustus-3.2.1/scripts/msa2prfl.pl ./align_prep/EOG090W0JK3.fa
