[name]
unknown

[dist]
# distance from previous block
# <min> <max>
16	67

[block]
# block no. 0 follows, 35 sequences, length 32
# corresponding to MSA columns:
# 103-134
name=unknown_A
#
# <colnr> <probs for GDERKNQSTAVLIFYWHMCP>
#	G	D	E	R	K	N	Q	S	T	A	V	L	I	F	Y	W	H	M	C	P
0	0.05314	0.01489	0.11257	0.01776	0.17361	0.01223	0.01281	0.08864	0.04048	0.11401	0.04696	0.07948	0.04059	0.00805	0.00645	0.00186	0.02217	0.00676	0.00471	0.14282
1	0.03640	0.01333	0.01736	0.04905	0.23618	0.03388	0.01227	0.12619	0.07044	0.03951	0.09789	0.02203	0.06073	0.00757	0.00616	0.00177	0.00602	0.00648	0.00470	0.15203
2	0.03219	0.03323	0.07920	0.03474	0.11656	0.05760	0.01209	0.16630	0.09279	0.02461	0.06976	0.02226	0.07643	0.02882	0.00724	0.00196	0.02593	0.00649	0.00473	0.10708
3	0.07763	0.01332	0.01410	0.01131	0.01565	0.05112	0.00909	0.19259	0.08403	0.17158	0.06565	0.02248	0.08043	0.00813	0.00603	0.00178	0.00556	0.00642	0.00585	0.15725
4	0.06627	0.01618	0.01854	0.03516	0.01967	0.10449	0.10088	0.24044	0.10585	0.04396	0.03322	0.01827	0.02519	0.01109	0.07422	0.00269	0.03462	0.00609	0.00490	0.03826
5	0.01703	0.01689	0.01919	0.06012	0.25515	0.18176	0.04282	0.07535	0.06028	0.04582	0.04167	0.02303	0.11736	0.00802	0.00644	0.00191	0.00757	0.00679	0.00429	0.00850
6	0.28837	0.01241	0.01294	0.01143	0.03376	0.01360	0.00880	0.11926	0.09516	0.02574	0.03299	0.06545	0.01386	0.04393	0.00789	0.00212	0.07077	0.00591	0.00462	0.13098
7	0.08751	0.01903	0.01640	0.01449	0.01660	0.28800	0.01142	0.07630	0.01536	0.01946	0.07350	0.05618	0.01458	0.00930	0.01075	0.00213	0.25188	0.00602	0.00388	0.00723
8	0.01854	0.01193	0.01385	0.01293	0.07663	0.04672	0.00929	0.08568	0.10225	0.20250	0.01908	0.01962	0.01405	0.00877	0.03694	0.00205	0.00583	0.00577	0.18069	0.12690
9	0.00992	0.00659	0.00806	0.00796	0.00961	0.00589	0.00581	0.01187	0.01515	0.08193	0.27242	0.22454	0.25322	0.04717	0.00858	0.00235	0.00357	0.01310	0.00633	0.00592
10	0.00980	0.00763	0.01109	0.01095	0.01227	0.00739	0.07052	0.07088	0.01393	0.01862	0.03126	0.63920	0.03635	0.01750	0.00789	0.00248	0.00460	0.01602	0.00569	0.00595
11	0.07895	0.00698	0.00837	0.00788	0.00964	0.00664	0.00596	0.01230	0.01704	0.02498	0.61344	0.04538	0.11389	0.01263	0.00718	0.00201	0.00318	0.01095	0.00662	0.00601
12	0.02269	0.02596	0.01835	0.01603	0.01930	0.52581	0.01240	0.16079	0.01940	0.02033	0.01071	0.01246	0.00871	0.00726	0.00752	0.00181	0.09410	0.00457	0.00382	0.00799
13	0.01511	0.01247	0.01807	0.01372	0.03653	0.01056	0.13898	0.04596	0.03094	0.08351	0.01504	0.03429	0.02768	0.00594	0.00565	0.00141	0.00598	0.00544	0.00426	0.48846
14	0.01426	0.01319	0.02080	0.13146	0.48151	0.03157	0.01613	0.01776	0.01417	0.01998	0.01726	0.02054	0.07297	0.00686	0.00618	0.00189	0.00689	0.00631	0.09158	0.00871
15	0.01435	0.01611	0.03484	0.02519	0.03109	0.01510	0.65334	0.01933	0.01473	0.01997	0.01474	0.08229	0.01241	0.00660	0.00754	0.00218	0.01009	0.00840	0.00344	0.00826
16	0.04687	0.01227	0.02030	0.54939	0.21592	0.01434	0.01763	0.01713	0.01305	0.01785	0.01134	0.01633	0.00879	0.00615	0.00623	0.00205	0.00808	0.00555	0.00295	0.00779
17	0.77230	0.01237	0.00994	0.00885	0.01254	0.01455	0.00730	0.01844	0.01073	0.02765	0.00880	0.01052	0.00696	0.00621	0.00496	0.00201	0.05156	0.00356	0.00386	0.00687
18	0.02370	0.03023	0.01798	0.01634	0.01961	0.75158	0.01226	0.02533	0.01798	0.01553	0.00981	0.01144	0.00817	0.00654	0.00572	0.00163	0.01144	0.00409	0.00327	0.00735
19	0.01330	0.01150	0.01389	0.01112	0.05713	0.00884	0.00821	0.01618	0.01323	0.02067	0.01131	0.01330	0.00943	0.00475	0.00479	0.00099	0.00486	0.00387	0.00372	0.76888
20	0.00856	0.00590	0.00764	0.00858	0.00941	0.00541	0.00591	0.00996	0.01322	0.04247	0.11245	0.59533	0.11490	0.01832	0.00791	0.00245	0.00362	0.01645	0.00607	0.00546
21	0.00772	0.00557	0.00731	0.00869	0.00916	0.00516	0.00583	0.00885	0.01228	0.01625	0.03667	0.73143	0.08234	0.01965	0.00806	0.00255	0.00365	0.01776	0.00589	0.00516
22	0.01566	0.01519	0.02644	0.03821	0.69564	0.01513	0.06075	0.01952	0.01448	0.02070	0.01199	0.01578	0.01002	0.00563	0.00635	0.00190	0.00772	0.00576	0.00314	0.00996
23	0.01776	0.01179	0.01435	0.01200	0.01469	0.01312	0.00952	0.24253	0.01768	0.13903	0.01715	0.02243	0.01437	0.13946	0.15989	0.00434	0.10829	0.00658	0.02699	0.00802
24	0.00778	0.00648	0.00682	0.00685	0.00890	0.00552	0.00522	0.00958	0.01479	0.01800	0.12421	0.06036	0.63557	0.01586	0.00756	0.00217	0.00333	0.04958	0.00599	0.00544
25	0.01526	0.01412	0.01683	0.09073	0.05819	0.08056	0.06704	0.09091	0.26689	0.02312	0.05527	0.11719	0.03685	0.00956	0.00710	0.00212	0.02639	0.00823	0.00520	0.00844
26	0.02222	0.02247	0.01810	0.05973	0.02046	0.37201	0.01239	0.20967	0.05005	0.06712	0.01283	0.01413	0.00984	0.00738	0.00730	0.00188	0.07445	0.00501	0.00444	0.00854
27	0.01030	0.00677	0.00845	0.00792	0.00978	0.00609	0.00598	0.01285	0.01681	0.08307	0.47876	0.08627	0.19683	0.01343	0.00735	0.00204	0.00328	0.01167	0.02615	0.00621
28	0.01490	0.01112	0.01322	0.00970	0.01505	0.00866	0.00775	0.01802	0.03244	0.10637	0.01393	0.03502	0.01129	0.00559	0.00504	0.00114	0.00476	0.00455	0.00437	0.67708
29	0.01040	0.00565	0.00829	0.00845	0.00864	0.00568	0.00574	0.00861	0.00901	0.01206	0.01549	0.10429	0.03257	0.02387	0.08564	0.63558	0.00625	0.00720	0.00323	0.00334
30	0.01370	0.03071	0.66327	0.01823	0.02719	0.01452	0.06373	0.02068	0.01374	0.05862	0.01220	0.01405	0.00854	0.00608	0.00613	0.00201	0.00924	0.00494	0.00299	0.00940
31	0.00903	0.00651	0.00863	0.00863	0.00937	0.00705	0.00608	0.01034	0.01006	0.01389	0.02111	0.03388	0.06290	0.34222	0.41367	0.00806	0.01174	0.00819	0.00373	0.00491

[dist]
# distance from previous block
# <min> <max>
2	3

[block]
# block no. 1 follows, 35 sequences, length 42
# corresponding to MSA columns:
# 138-179
name=unknown_B
#
# <colnr> <probs for GDERKNQSTAVLIFYWHMCP>
#	G	D	E	R	K	N	Q	S	T	A	V	L	I	F	Y	W	H	M	C	P
0	0.00770	0.00639	0.00676	0.00689	0.00884	0.00545	0.00517	0.00940	0.01449	0.01761	0.09946	0.11379	0.61845	0.01623	0.00759	0.00220	0.00333	0.03891	0.00595	0.00539
1	0.00834	0.00632	0.00768	0.00764	0.00916	0.00567	0.00562	0.01062	0.01601	0.02150	0.42372	0.16146	0.26324	0.01496	0.00758	0.00213	0.00316	0.01305	0.00648	0.00567
2	0.01511	0.01121	0.01336	0.00964	0.01518	0.00857	0.00775	0.01789	0.01380	0.11298	0.01304	0.01423	0.01020	0.00510	0.00491	0.00107	0.00479	0.00409	0.00428	0.71279
3	0.01696	0.78087	0.03324	0.01085	0.01628	0.02510	0.01085	0.01900	0.01289	0.01493	0.00882	0.01018	0.00814	0.00543	0.00407	0.00136	0.00678	0.00339	0.00271	0.00814
4	0.00906	0.00680	0.01020	0.01020	0.01133	0.00793	0.00793	0.01133	0.01020	0.01473	0.01699	0.02492	0.01586	0.04758	0.75191	0.01020	0.01699	0.00680	0.00340	0.00566
5	0.00986	0.01053	0.09926	0.01068	0.01357	0.00784	0.06687	0.01351	0.01700	0.02400	0.55745	0.04139	0.07956	0.01164	0.00731	0.00202	0.00441	0.01041	0.00610	0.00658
6	0.00974	0.00723	0.00946	0.00963	0.01149	0.00670	0.00786	0.01249	0.01555	0.02119	0.28492	0.08797	0.09441	0.01470	0.00780	0.00233	0.00442	0.30502	0.00606	0.08101
7	0.74781	0.01278	0.01023	0.00892	0.01296	0.01474	0.00735	0.08341	0.01256	0.02953	0.00943	0.01076	0.00723	0.00605	0.00415	0.00196	0.00510	0.00365	0.00415	0.00723
8	0.01583	0.01304	0.02238	0.26052	0.25045	0.01339	0.11360	0.01964	0.01433	0.12034	0.01427	0.03757	0.01110	0.00646	0.00643	0.00196	0.00768	0.00622	0.00382	0.06095
9	0.03634	0.01382	0.01528	0.09554	0.01976	0.01601	0.01103	0.11079	0.54868	0.02701	0.02256	0.02161	0.01686	0.00817	0.00637	0.00211	0.00562	0.00674	0.00598	0.00972
10	0.01743	0.01257	0.01381	0.01186	0.01556	0.01356	0.00943	0.16397	0.34340	0.11997	0.05457	0.02960	0.12574	0.00985	0.00669	0.00209	0.00514	0.02891	0.00653	0.00932
11	0.08481	0.00649	0.00622	0.00613	0.00783	0.00666	0.00465	0.01513	0.01308	0.02408	0.01963	0.02245	0.01541	0.00726	0.00439	0.00152	0.00313	0.00569	0.73944	0.00600
12	0.01764	0.00847	0.01065	0.00903	0.01233	0.00731	0.00715	0.01979	0.01653	0.36206	0.12494	0.07348	0.28037	0.01197	0.00699	0.00206	0.00425	0.01005	0.00695	0.00800
13	0.00773	0.00552	0.00736	0.00883	0.00920	0.00515	0.00589	0.00883	0.01215	0.01619	0.03497	0.77291	0.04196	0.01987	0.00810	0.00258	0.00368	0.01803	0.00589	0.00515
14	0.00920	0.00627	0.00750	0.00750	0.00770	0.00647	0.00457	0.00960	0.00940	0.01273	0.01946	0.03857	0.02178	0.64753	0.16006	0.00687	0.00808	0.00879	0.00376	0.00417
15	0.00771	0.00559	0.00729	0.00864	0.00915	0.00517	0.00580	0.00885	0.01233	0.01627	0.03729	0.71634	0.09703	0.01957	0.00805	0.00254	0.00364	0.01767	0.00589	0.00517
16	0.02412	0.01777	0.01904	0.01460	0.01967	0.01967	0.01206	0.71633	0.02983	0.03998	0.01523	0.01523	0.01079	0.00762	0.00635	0.00190	0.00698	0.00571	0.00635	0.01079
17	0.00820	0.00612	0.00768	0.00860	0.00948	0.00576	0.00594	0.01036	0.04566	0.01783	0.11686	0.56085	0.13697	0.01807	0.00787	0.00243	0.00360	0.01617	0.00604	0.00550
18	0.01365	0.01220	0.02050	0.54830	0.21451	0.01412	0.01770	0.01769	0.01337	0.05042	0.01207	0.01683	0.00918	0.00624	0.00633	0.00205	0.00809	0.00568	0.00313	0.00796
19	0.00906	0.00680	0.01020	0.01020	0.01133	0.00793	0.00793	0.01133	0.01020	0.01473	0.01699	0.02492	0.01586	0.04758	0.75191	0.01020	0.01699	0.00680	0.00340	0.00566
20	0.01367	0.01353	0.01887	0.01622	0.01622	0.01884	0.01343	0.01500	0.00969	0.01513	0.00885	0.01511	0.00898	0.04526	0.02133	0.00293	0.73158	0.00572	0.00282	0.00680
21	0.02013	0.02374	0.02328	0.01883	0.02314	0.41470	0.22123	0.06653	0.06877	0.01930	0.01362	0.01554	0.02858	0.00665	0.00638	0.00185	0.01027	0.00567	0.00374	0.00807
22	0.00773	0.00552	0.00736	0.00883	0.00920	0.00515	0.00589	0.00883	0.01215	0.01619	0.03497	0.77291	0.04196	0.01987	0.00810	0.00258	0.00368	0.01803	0.00589	0.00515
23	0.02209	0.02718	0.01954	0.02090	0.16436	0.60308	0.01371	0.02415	0.01727	0.01657	0.01023	0.01230	0.00855	0.00636	0.00583	0.00168	0.01065	0.00440	0.00324	0.00790
24	0.01315	0.01128	0.01315	0.00940	0.01503	0.00846	0.00752	0.01597	0.01315	0.02067	0.01128	0.01315	0.00940	0.00470	0.00470	0.00094	0.00470	0.00376	0.00376	0.81583
25	0.01680	0.75306	0.05967	0.01112	0.01670	0.02472	0.01132	0.01904	0.01291	0.01512	0.00891	0.01030	0.00814	0.00545	0.00414	0.00138	0.00688	0.00344	0.00271	0.00819
26	0.00906	0.00680	0.01020	0.01020	0.01133	0.00793	0.00793	0.01133	0.01020	0.01473	0.01699	0.02492	0.01586	0.04758	0.75191	0.01020	0.01699	0.00680	0.00340	0.00566
27	0.00752	0.00635	0.00650	0.00662	0.00862	0.00534	0.00491	0.00908	0.01427	0.01706	0.06190	0.11863	0.67886	0.01637	0.00755	0.00218	0.00325	0.01376	0.00589	0.00534
28	0.01580	0.01647	0.01727	0.01513	0.01606	0.18181	0.01223	0.01746	0.01206	0.01646	0.01034	0.01466	0.00937	0.00957	0.01521	0.00234	0.49270	0.00527	0.11290	0.00689
29	0.07558	0.24336	0.23089	0.01616	0.02237	0.14422	0.12446	0.02090	0.01422	0.03787	0.01078	0.01271	0.00846	0.00587	0.00550	0.00177	0.00876	0.00460	0.00310	0.00840
30	0.01198	0.01128	0.01903	0.76180	0.04369	0.01409	0.01762	0.01621	0.01268	0.01621	0.01128	0.01691	0.00846	0.00634	0.00634	0.00211	0.00846	0.00564	0.00282	0.00705
31	0.00770	0.00562	0.00726	0.00858	0.00913	0.00517	0.00577	0.00886	0.01239	0.01630	0.03810	0.69669	0.11616	0.01947	0.00803	0.00253	0.00363	0.01754	0.00589	0.00517
32	0.01552	0.01489	0.02542	0.07399	0.70384	0.01503	0.01938	0.01931	0.01436	0.02051	0.01190	0.01576	0.00997	0.00569	0.00628	0.00190	0.00758	0.00565	0.00312	0.00990
33	0.01447	0.01639	0.18974	0.01537	0.03997	0.01214	0.10218	0.08190	0.03147	0.09606	0.04303	0.17099	0.06767	0.01026	0.00775	0.00215	0.05476	0.00888	0.00474	0.03005
34	0.00771	0.00558	0.00730	0.00869	0.00916	0.00517	0.00582	0.00885	0.01229	0.01625	0.03677	0.72912	0.08459	0.01964	0.00806	0.00255	0.00365	0.01775	0.00589	0.00517
35	0.73378	0.01213	0.01013	0.04506	0.01403	0.01392	0.00754	0.01928	0.01134	0.07176	0.00995	0.01132	0.00749	0.00603	0.00419	0.00197	0.00511	0.00372	0.00411	0.00712
36	0.01751	0.01749	0.02422	0.03262	0.53211	0.11985	0.03760	0.08237	0.01620	0.02155	0.01185	0.01505	0.00979	0.00609	0.00664	0.00188	0.02866	0.00549	0.00344	0.00961
37	0.04446	0.01339	0.01722	0.01759	0.12469	0.09415	0.08891	0.08951	0.01633	0.09066	0.02205	0.16136	0.02168	0.01123	0.00714	0.00224	0.00692	0.15759	0.00504	0.00784
38	0.00908	0.00674	0.00992	0.00992	0.01095	0.00778	0.00758	0.01115	0.01011	0.01452	0.01725	0.02634	0.01647	0.10976	0.69057	0.00985	0.01607	0.00700	0.00344	0.00551
39	0.01522	0.21573	0.32727	0.01654	0.02322	0.09394	0.10628	0.02082	0.05803	0.01861	0.01253	0.04168	0.01024	0.00652	0.00580	0.00185	0.00863	0.00531	0.00317	0.00864
40	0.00773	0.00552	0.00736	0.00883	0.00920	0.00515	0.00589	0.00883	0.01215	0.01619	0.03497	0.77291	0.04196	0.01987	0.00810	0.00258	0.00368	0.01803	0.00589	0.00515
41	0.01198	0.01128	0.01903	0.76180	0.04369	0.01409	0.01762	0.01621	0.01268	0.01621	0.01128	0.01691	0.00846	0.00634	0.00634	0.00211	0.00846	0.00564	0.00282	0.00705

[dist]
# distance from previous block
# <min> <max>
0	27

[block]
# block no. 2 follows, 35 sequences, length 123
# corresponding to MSA columns:
# 207-329
name=unknown_C
#
# <colnr> <probs for GDERKNQSTAVLIFYWHMCP>
#	G	D	E	R	K	N	Q	S	T	A	V	L	I	F	Y	W	H	M	C	P
0	0.00866	0.00647	0.00804	0.00765	0.00928	0.00585	0.00574	0.01136	0.01722	0.02368	0.59207	0.05029	0.20302	0.01363	0.00749	0.00203	0.00304	0.01188	0.00675	0.00585
1	0.01696	0.78087	0.03324	0.01085	0.01628	0.02510	0.01085	0.01900	0.01289	0.01493	0.00882	0.01018	0.00814	0.00543	0.00407	0.00136	0.00678	0.00339	0.00271	0.00814
2	0.01142	0.00824	0.00951	0.00908	0.01133	0.00811	0.00702	0.03693	0.13638	0.06551	0.19587	0.11280	0.24631	0.01353	0.00727	0.00218	0.00398	0.07219	0.03552	0.00683
3	0.01795	0.01366	0.02161	0.02425	0.32025	0.01267	0.08969	0.04823	0.01556	0.16767	0.01466	0.01644	0.01103	0.00592	0.00607	0.00171	0.00677	0.00556	0.00437	0.19593
4	0.01504	0.44234	0.35498	0.01413	0.02134	0.02041	0.01655	0.01949	0.01312	0.01726	0.00998	0.01163	0.00809	0.00570	0.00496	0.00165	0.00796	0.00398	0.00270	0.00870
5	0.01300	0.01111	0.01305	0.00943	0.01490	0.00844	0.00753	0.01580	0.01305	0.02045	0.01149	0.01359	0.00963	0.00627	0.03216	0.00128	0.00515	0.00387	0.00375	0.78606
6	0.01492	0.04370	0.02017	0.01658	0.01742	0.09761	0.04069	0.01655	0.01094	0.01546	0.00898	0.01398	0.00861	0.01143	0.04303	0.00283	0.60177	0.00543	0.00286	0.00705
7	0.03263	0.01687	0.01712	0.01498	0.01643	0.19580	0.01199	0.05057	0.02742	0.03661	0.02899	0.01646	0.01125	0.04085	0.07713	0.00314	0.38554	0.00560	0.00349	0.00714
8	0.02515	0.01168	0.01476	0.01143	0.01607	0.01089	0.00937	0.15644	0.01993	0.50797	0.06741	0.02172	0.01732	0.00797	0.00630	0.00189	0.00543	0.00644	0.03456	0.04727
9	0.00772	0.00556	0.00732	0.00873	0.00917	0.00516	0.00584	0.00885	0.01225	0.01624	0.03628	0.74107	0.07296	0.01970	0.00807	0.00256	0.00366	0.01783	0.00589	0.00516
10	0.01570	0.01507	0.02575	0.03894	0.73748	0.01507	0.01947	0.01947	0.01444	0.02073	0.01193	0.01570	0.01005	0.00565	0.00628	0.00188	0.00754	0.00565	0.00314	0.01005
11	0.01735	0.01773	0.01828	0.01576	0.01749	0.18086	0.01273	0.10738	0.07995	0.01946	0.01143	0.01479	0.00988	0.01067	0.03930	0.00261	0.40744	0.00544	0.00369	0.00776
12	0.00772	0.00555	0.00733	0.00876	0.00918	0.00516	0.00586	0.00884	0.01222	0.01622	0.03588	0.75079	0.06349	0.01976	0.00808	0.00256	0.00367	0.01789	0.00589	0.00516
13	0.01578	0.01363	0.01434	0.01291	0.01650	0.01578	0.01004	0.03371	0.72602	0.02654	0.02582	0.02367	0.01937	0.00861	0.00646	0.00215	0.00502	0.00717	0.00646	0.01004
14	0.01198	0.01128	0.01903	0.76180	0.04369	0.01409	0.01762	0.01621	0.01268	0.01621	0.01128	0.01691	0.00846	0.00634	0.00634	0.00211	0.00846	0.00564	0.00282	0.00705
15	0.00772	0.00646	0.00674	0.00674	0.00880	0.00548	0.00510	0.00950	0.01478	0.01795	0.12435	0.06015	0.65073	0.01583	0.00754	0.00215	0.00328	0.03529	0.00599	0.00543
16	0.01419	0.00830	0.00855	0.00769	0.00989	0.00870	0.00598	0.14422	0.03520	0.02673	0.01983	0.02210	0.01534	0.00746	0.00484	0.00157	0.00375	0.00591	0.64283	0.00692
17	0.00764	0.00589	0.00699	0.00787	0.00895	0.00523	0.00546	0.00894	0.01308	0.01657	0.04675	0.48663	0.32063	0.01834	0.00786	0.00240	0.00349	0.01617	0.00589	0.00523
18	0.00773	0.00552	0.00736	0.00883	0.00920	0.00515	0.00589	0.00883	0.01215	0.01619	0.03497	0.77291	0.04196	0.01987	0.00810	0.00258	0.00368	0.01803	0.00589	0.00515
19	0.02550	0.01146	0.01463	0.01167	0.01626	0.01083	0.00949	0.03157	0.18334	0.57495	0.02521	0.02208	0.01656	0.00803	0.00640	0.00201	0.00531	0.00656	0.00753	0.01062
20	0.01812	0.65217	0.03063	0.01180	0.01685	0.14966	0.01110	0.02008	0.01376	0.01503	0.00899	0.01039	0.00815	0.00562	0.00435	0.00140	0.00758	0.00351	0.00281	0.00801
21	0.00832	0.00595	0.00795	0.00933	0.00997	0.00566	0.00674	0.00979	0.01265	0.01670	0.03495	0.57626	0.05877	0.04463	0.00904	0.00276	0.00422	0.16524	0.00581	0.00526
22	0.01578	0.01363	0.01434	0.01291	0.01650	0.01578	0.01004	0.03371	0.72602	0.02654	0.02582	0.02367	0.01937	0.00861	0.00646	0.00215	0.00502	0.00717	0.00646	0.01004
23	0.00788	0.00571	0.00748	0.00884	0.00941	0.00531	0.00610	0.00914	0.01248	0.01645	0.03704	0.67395	0.09286	0.01944	0.00810	0.00257	0.00379	0.06237	0.00589	0.00521
24	0.00976	0.00714	0.00958	0.01076	0.01232	0.00696	0.00926	0.01248	0.01468	0.01889	0.05930	0.06920	0.14573	0.01716	0.00853	0.00277	0.00535	0.56846	0.00588	0.00577
25	0.00773	0.00552	0.00736	0.00883	0.00920	0.00515	0.00589	0.00883	0.01215	0.01619	0.03497	0.77291	0.04196	0.01987	0.00810	0.00258	0.00368	0.01803	0.00589	0.00515
26	0.02772	0.01058	0.01433	0.01105	0.01580	0.00917	0.00911	0.03019	0.01794	0.70974	0.02483	0.02168	0.01573	0.00783	0.00629	0.00194	0.00529	0.00636	0.04384	0.01058
27	0.01106	0.00577	0.00875	0.04197	0.00985	0.00589	0.00605	0.00862	0.00846	0.01125	0.01103	0.01918	0.01090	0.02134	0.02397	0.77905	0.00564	0.00552	0.00276	0.00295
28	0.02326	0.04982	0.01884	0.01514	0.01937	0.33687	0.01200	0.35806	0.05903	0.02783	0.01319	0.01383	0.00999	0.00712	0.00600	0.00178	0.00881	0.00500	0.00489	0.00917
29	0.02210	0.01113	0.01422	0.01093	0.01571	0.00979	0.00892	0.08048	0.01699	0.41875	0.01969	0.01904	0.01357	0.01059	0.07402	0.00243	0.00639	0.00564	0.00619	0.23343
30	0.01313	0.10401	0.67652	0.01739	0.02639	0.01572	0.02224	0.01999	0.01335	0.01960	0.01114	0.01309	0.00805	0.00597	0.00584	0.00195	0.00913	0.00456	0.00268	0.00926
31	0.01359	0.12284	0.63502	0.01715	0.02586	0.03985	0.02156	0.02013	0.01348	0.01932	0.01102	0.01294	0.00805	0.00597	0.00578	0.00192	0.00913	0.00451	0.00270	0.00916
32	0.02835	0.01097	0.01483	0.01137	0.01628	0.00958	0.00939	0.04793	0.01845	0.72445	0.02478	0.02143	0.01558	0.00785	0.00638	0.00196	0.00544	0.00636	0.00781	0.01080
33	0.70681	0.01205	0.01011	0.00877	0.01284	0.01352	0.00723	0.02043	0.01186	0.13191	0.01118	0.01194	0.00815	0.00617	0.00428	0.00196	0.00498	0.00386	0.00450	0.00744
34	0.01518	0.01454	0.02481	0.13955	0.64091	0.01494	0.01921	0.01902	0.01420	0.02010	0.01184	0.01587	0.00983	0.00575	0.00629	0.00192	0.00766	0.00565	0.00310	0.00963
35	0.00782	0.00652	0.00688	0.00702	0.00907	0.00558	0.00541	0.00960	0.01457	0.01755	0.07909	0.06178	0.64395	0.01614	0.00763	0.00222	0.00348	0.08436	0.00592	0.00542
36	0.00776	0.00638	0.00683	0.00684	0.00876	0.00545	0.00508	0.00957	0.01491	0.01849	0.17617	0.10214	0.57808	0.01577	0.00753	0.00214	0.00320	0.01335	0.00608	0.00545
37	0.01272	0.03281	0.74418	0.01808	0.02746	0.01473	0.02344	0.02009	0.01339	0.02009	0.01138	0.01339	0.00804	0.00603	0.00603	0.00201	0.00938	0.00469	0.00268	0.00938
38	0.01618	0.01511	0.01517	0.04775	0.04596	0.10030	0.01102	0.03014	0.54081	0.02411	0.02325	0.02458	0.01827	0.00870	0.00650	0.00213	0.00607	0.04887	0.00576	0.00934
39	0.00906	0.00680	0.01020	0.01020	0.01133	0.00793	0.00793	0.01133	0.01020	0.01473	0.01699	0.02492	0.01586	0.04758	0.75191	0.01020	0.01699	0.00680	0.00340	0.00566
40	0.01570	0.01507	0.02575	0.03894	0.73748	0.01507	0.01947	0.01947	0.01444	0.02073	0.01193	0.01570	0.01005	0.00565	0.00628	0.00188	0.00754	0.00565	0.00314	0.01005
41	0.01094	0.00906	0.01150	0.03205	0.01354	0.03182	0.07214	0.04984	0.01534	0.05257	0.06616	0.15164	0.39309	0.01418	0.00745	0.00220	0.00483	0.04972	0.00561	0.00633
42	0.00912	0.00647	0.00859	0.00867	0.00927	0.00700	0.00603	0.01032	0.00993	0.01377	0.01942	0.05913	0.02061	0.38288	0.37478	0.00788	0.01124	0.02632	0.00375	0.00481
43	0.01282	0.03211	0.71257	0.01847	0.02771	0.01479	0.05435	0.02010	0.01346	0.02010	0.01145	0.01356	0.00811	0.00600	0.00609	0.00201	0.00943	0.00481	0.00270	0.00934
44	0.02059	0.02387	0.01901	0.01909	0.11670	0.45540	0.01328	0.06815	0.03830	0.01811	0.01091	0.01334	0.00916	0.00828	0.02742	0.00209	0.12012	0.00478	0.00348	0.00792
45	0.01591	0.01412	0.02383	0.16375	0.56731	0.01451	0.01846	0.01967	0.01439	0.06851	0.01270	0.01631	0.01015	0.00592	0.00630	0.00193	0.00755	0.00570	0.00340	0.00957
46	0.01404	0.01180	0.01363	0.00982	0.01541	0.00936	0.00788	0.07247	0.01450	0.02223	0.01159	0.01332	0.00951	0.00493	0.00483	0.00102	0.00488	0.00392	0.00397	0.75089
47	0.01572	0.01120	0.01342	0.00971	0.01523	0.00860	0.00782	0.01848	0.01399	0.14152	0.01358	0.01457	0.01045	0.00523	0.00498	0.00111	0.00482	0.00420	0.00444	0.68094
48	0.01656	0.71068	0.09995	0.01153	0.01733	0.02413	0.01204	0.01910	0.01294	0.01541	0.00906	0.01048	0.00813	0.00548	0.00425	0.00142	0.00703	0.00351	0.00271	0.00826
49	0.03810	0.03143	0.01206	0.12995	0.01703	0.03599	0.00960	0.01484	0.05732	0.05234	0.02404	0.22755	0.02503	0.01580	0.03660	0.09150	0.00619	0.16364	0.00484	0.00617
50	0.00751	0.00639	0.00646	0.00651	0.00859	0.00535	0.00486	0.00909	0.01438	0.01710	0.06323	0.08611	0.71052	0.01620	0.00752	0.00216	0.00323	0.01355	0.00589	0.00535
51	0.01099	0.00864	0.01343	0.03510	0.06819	0.00864	0.05854	0.01417	0.01456	0.01913	0.03000	0.06233	0.03200	0.01553	0.00843	0.00277	0.00636	0.57943	0.00538	0.00636
52	0.01297	0.05746	0.69488	0.01857	0.05207	0.01510	0.02287	0.02003	0.01341	0.01994	0.01132	0.01337	0.00811	0.00599	0.00597	0.00198	0.00922	0.00468	0.00270	0.00936
53	0.01388	0.01331	0.02293	0.38758	0.37655	0.01464	0.04411	0.01793	0.01361	0.01853	0.01165	0.01634	0.00926	0.00597	0.00635	0.00200	0.00810	0.00571	0.00299	0.00854
54	0.03722	0.01305	0.01545	0.01397	0.07255	0.03304	0.03348	0.25445	0.06346	0.09154	0.17092	0.02810	0.10542	0.00941	0.00664	0.00195	0.00564	0.00785	0.00600	0.02989
55	0.04108	0.21263	0.54781	0.01601	0.02425	0.01722	0.01984	0.01978	0.01318	0.01913	0.01068	0.01251	0.00802	0.00588	0.00548	0.00185	0.00860	0.00433	0.00273	0.00899
56	0.02071	0.04292	0.01876	0.01649	0.09060	0.08443	0.02707	0.31449	0.19128	0.08133	0.01857	0.01839	0.03051	0.00766	0.00629	0.00193	0.00684	0.00610	0.00567	0.00995
57	0.01973	0.35733	0.02323	0.01180	0.01633	0.09914	0.01036	0.12607	0.01670	0.14276	0.01540	0.01653	0.03627	0.02943	0.05112	0.00226	0.00756	0.00504	0.00438	0.00855
58	0.01398	0.01172	0.01347	0.00978	0.01525	0.00940	0.00785	0.08110	0.01476	0.02235	0.01345	0.01498	0.03430	0.00536	0.00495	0.00107	0.00486	0.00427	0.00407	0.71303
59	0.01192	0.01107	0.01642	0.01439	0.01515	0.01435	0.04994	0.01377	0.01023	0.01528	0.01280	0.04182	0.01254	0.04992	0.27481	0.00543	0.41396	0.00660	0.00315	0.00642
60	0.01481	0.01716	0.09906	0.02083	0.02629	0.03951	0.41604	0.09568	0.01643	0.02210	0.05612	0.09488	0.03438	0.00786	0.00722	0.00212	0.00886	0.00833	0.00405	0.00828
61	0.01580	0.01594	0.02448	0.11911	0.52040	0.08443	0.06280	0.01949	0.01461	0.01963	0.01241	0.01734	0.01052	0.00618	0.00639	0.00194	0.00816	0.02794	0.00321	0.00921
62	0.00795	0.00591	0.00745	0.00843	0.00934	0.00540	0.00594	0.00945	0.01333	0.01745	0.10872	0.51392	0.18578	0.01828	0.00795	0.00245	0.00365	0.05728	0.00599	0.00532
63	0.00976	0.00701	0.00857	0.00822	0.01009	0.00644	0.00635	0.03316	0.01688	0.04690	0.41619	0.06828	0.24592	0.01410	0.00755	0.00213	0.00354	0.07626	0.00655	0.00608
64	0.04759	0.02131	0.01962	0.04504	0.02128	0.30095	0.08225	0.24539	0.03791	0.09724	0.01377	0.01470	0.01014	0.00692	0.00615	0.00184	0.00887	0.00529	0.00478	0.00895
65	0.02834	0.01100	0.01485	0.01138	0.01630	0.00963	0.00940	0.05096	0.01850	0.72135	0.02474	0.02141	0.01556	0.00784	0.00638	0.00196	0.00544	0.00636	0.00781	0.01080
66	0.00778	0.00554	0.00735	0.00877	0.00912	0.00519	0.00582	0.00885	0.01205	0.01606	0.03446	0.74821	0.04132	0.04545	0.00891	0.00270	0.00376	0.01774	0.00582	0.00511
67	0.01637	0.01378	0.01453	0.01281	0.01651	0.01576	0.01004	0.11149	0.61374	0.02767	0.02632	0.02437	0.05038	0.00883	0.00649	0.00212	0.00517	0.00728	0.00642	0.00992
68	0.02143	0.01912	0.01735	0.01444	0.01867	0.17346	0.01147	0.35735	0.24418	0.03061	0.01738	0.01706	0.01291	0.00770	0.00625	0.00192	0.00731	0.00582	0.00573	0.00983
69	0.00785	0.00643	0.00693	0.00695	0.00890	0.00552	0.00524	0.00971	0.01496	0.01854	0.17252	0.08491	0.57402	0.01575	0.00756	0.00216	0.00329	0.03722	0.00607	0.00547
70	0.01388	0.01322	0.02247	0.39203	0.39859	0.01460	0.01857	0.01788	0.01359	0.01852	0.01161	0.01629	0.00927	0.00599	0.00631	0.00200	0.00799	0.00565	0.00298	0.00858
71	0.01865	0.01423	0.01587	0.01190	0.01719	0.01373	0.00969	0.32924	0.04489	0.05410	0.01400	0.01472	0.01057	0.00624	0.00555	0.00145	0.00575	0.00483	0.00514	0.40225
72	0.00851	0.00643	0.00785	0.00757	0.00921	0.00577	0.00565	0.01103	0.01674	0.02272	0.51603	0.07797	0.25309	0.01411	0.00751	0.00206	0.00308	0.01226	0.00663	0.00577
73	0.02370	0.03023	0.01798	0.01634	0.01961	0.75158	0.01226	0.02533	0.01798	0.01553	0.00981	0.01144	0.00817	0.00654	0.00572	0.00163	0.01144	0.00409	0.00327	0.00735
74	0.01554	0.01502	0.02596	0.06460	0.68495	0.01508	0.04648	0.01938	0.01440	0.02055	0.01194	0.01580	0.00997	0.00567	0.00633	0.00190	0.00769	0.00572	0.00313	0.00988
75	0.01638	0.01393	0.01468	0.01303	0.01673	0.01606	0.01019	0.08313	0.67562	0.02751	0.02505	0.02306	0.01874	0.00854	0.00645	0.00213	0.00516	0.00707	0.00645	0.01010
76	0.01696	0.78087	0.03324	0.01085	0.01628	0.02510	0.01085	0.01900	0.01289	0.01493	0.00882	0.01018	0.00814	0.00543	0.00407	0.00136	0.00678	0.00339	0.00271	0.00814
77	0.02846	0.01080	0.01472	0.01129	0.01619	0.00932	0.00932	0.03092	0.01816	0.74187	0.02503	0.02159	0.01570	0.00785	0.00638	0.00196	0.00540	0.00638	0.00785	0.01080
78	0.01397	0.01050	0.01269	0.01205	0.01471	0.03546	0.03145	0.06142	0.16750	0.07774	0.09604	0.04751	0.07248	0.01302	0.00760	0.00242	0.00562	0.30418	0.00610	0.00753
79	0.01634	0.01392	0.01394	0.01249	0.01601	0.06171	0.00970	0.03095	0.57924	0.06731	0.02796	0.02589	0.07832	0.00905	0.00649	0.00211	0.00530	0.00745	0.00629	0.00952
80	0.00777	0.00556	0.00733	0.00872	0.00912	0.00519	0.00580	0.00885	0.01211	0.01610	0.03517	0.73479	0.05695	0.04271	0.00882	0.00267	0.00374	0.01766	0.00583	0.00512
81	0.00782	0.00577	0.00736	0.00859	0.00931	0.00530	0.00594	0.00911	0.01266	0.01650	0.03976	0.61706	0.15684	0.01912	0.00803	0.00252	0.00372	0.05348	0.00589	0.00522
82	0.02011	0.04516	0.02230	0.01731	0.04076	0.07993	0.15238	0.30644	0.15514	0.05342	0.01614	0.01689	0.01195	0.00721	0.00679	0.00198	0.02502	0.00614	0.00523	0.00971
83	0.01774	0.01847	0.01637	0.03662	0.08834	0.24211	0.01163	0.02811	0.38330	0.02205	0.03934	0.02042	0.03188	0.00790	0.00626	0.00196	0.00724	0.00629	0.00505	0.00892
84	0.00923	0.00631	0.00764	0.00769	0.00795	0.00652	0.00482	0.00975	0.00959	0.01298	0.01990	0.03946	0.02218	0.61560	0.16516	0.00679	0.00815	0.03219	0.00383	0.00425
85	0.68532	0.04258	0.01240	0.01243	0.10704	0.01476	0.00867	0.01877	0.01135	0.02693	0.00924	0.01100	0.00733	0.00584	0.00424	0.00193	0.00532	0.00372	0.00378	0.00733
86	0.01841	0.01599	0.01606	0.01415	0.03650	0.08242	0.01087	0.21004	0.41805	0.02841	0.02050	0.01980	0.01542	0.00890	0.02457	0.00219	0.00646	0.00634	0.00588	0.03903
87	0.00790	0.00567	0.00749	0.00887	0.00936	0.00531	0.00606	0.00910	0.01231	0.01630	0.03560	0.68947	0.06627	0.03673	0.00866	0.00266	0.00385	0.05737	0.00584	0.00517
88	0.06646	0.06946	0.37910	0.05159	0.11135	0.01475	0.01803	0.05946	0.01496	0.13648	0.01352	0.01486	0.00961	0.00633	0.00590	0.00194	0.00791	0.00502	0.00385	0.00943
89	0.18816	0.10234	0.04333	0.04543	0.20870	0.25379	0.01335	0.02136	0.01466	0.03958	0.01058	0.01272	0.00860	0.00606	0.00536	0.00178	0.00820	0.00442	0.00340	0.00820
90	0.00788	0.00624	0.00713	0.00764	0.00918	0.00550	0.00564	0.00954	0.01404	0.01755	0.09588	0.26344	0.43790	0.01707	0.00777	0.00232	0.00355	0.07040	0.00596	0.00538
91	0.00851	0.00643	0.00730	0.00730	0.00911	0.00559	0.00539	0.01039	0.01504	0.04062	0.21652	0.16476	0.44906	0.01567	0.00755	0.00217	0.00330	0.01343	0.00621	0.00564
92	0.01839	0.02098	0.03999	0.02858	0.38144	0.27538	0.08066	0.02206	0.03700	0.01901	0.01167	0.01451	0.00958	0.00603	0.00619	0.00183	0.00917	0.00529	0.00328	0.00894
93	0.02689	0.01184	0.01521	0.01176	0.01656	0.01102	0.00968	0.13602	0.04112	0.59314	0.04262	0.02137	0.01624	0.00798	0.00641	0.00196	0.00557	0.00644	0.00755	0.01064
94	0.02129	0.04330	0.04288	0.01519	0.04549	0.03268	0.03259	0.49880	0.06100	0.03391	0.01469	0.01520	0.01078	0.00706	0.00610	0.00180	0.00692	0.00548	0.00555	0.09928
95	0.01430	0.02339	0.37694	0.01800	0.06918	0.03182	0.08097	0.09071	0.06382	0.02242	0.03644	0.06993	0.01343	0.00741	0.00635	0.00198	0.00802	0.00637	0.00382	0.05470
96	0.04148	0.10728	0.17517	0.01479	0.01926	0.18507	0.03102	0.09103	0.03483	0.03601	0.01287	0.03864	0.01098	0.03788	0.05603	0.00261	0.08787	0.00545	0.00366	0.00805
97	0.01645	0.01566	0.08890	0.20230	0.08552	0.01504	0.10824	0.15957	0.10762	0.06893	0.01699	0.04280	0.02826	0.00741	0.00656	0.00206	0.00757	0.00663	0.00453	0.00897
98	0.00772	0.00555	0.00733	0.00875	0.00918	0.00516	0.00585	0.00884	0.01223	0.01623	0.03603	0.74712	0.06707	0.01974	0.00808	0.00256	0.00366	0.01787	0.00589	0.00516
99	0.04338	0.01455	0.04264	0.03922	0.01864	0.01444	0.01113	0.32989	0.04627	0.29861	0.01900	0.01829	0.01294	0.00893	0.03123	0.00221	0.00665	0.00596	0.02583	0.01020
100	0.01198	0.04779	0.12300	0.01392	0.01730	0.03547	0.12779	0.03805	0.01393	0.04285	0.02472	0.39656	0.02675	0.01340	0.00734	0.00230	0.00635	0.03874	0.00482	0.00696
101	0.01138	0.00604	0.00642	0.00640	0.00788	0.00597	0.00486	0.01434	0.01399	0.02373	0.11838	0.02862	0.02294	0.00852	0.00501	0.00160	0.00307	0.03163	0.67331	0.00592
102	0.01330	0.01122	0.01325	0.01020	0.01481	0.00967	0.00824	0.05801	0.02851	0.02148	0.03998	0.02095	0.04957	0.00706	0.00637	0.00137	0.05357	0.05042	0.00426	0.57777
103	0.82186	0.01227	0.00932	0.00834	0.01227	0.01423	0.00687	0.01865	0.01080	0.02846	0.00883	0.01031	0.00687	0.00589	0.00393	0.00196	0.00491	0.00344	0.00393	0.00687
104	0.00832	0.00590	0.00721	0.00788	0.00839	0.00558	0.00510	0.00926	0.01189	0.01576	0.09220	0.39469	0.10591	0.27352	0.01612	0.00369	0.00441	0.01405	0.00529	0.00480
105	0.79492	0.01245	0.00965	0.00855	0.01252	0.01442	0.00705	0.04221	0.01144	0.02885	0.00905	0.01047	0.00700	0.00595	0.00401	0.00196	0.00498	0.00351	0.00401	0.00700
106	0.01363	0.01063	0.01352	0.01059	0.01488	0.00914	0.04298	0.01727	0.06170	0.07897	0.05286	0.06301	0.05909	0.03385	0.00713	0.00167	0.02797	0.02992	0.00468	0.44649
107	0.01333	0.01338	0.02407	0.31132	0.05624	0.01484	0.24164	0.01869	0.07861	0.01855	0.01439	0.06630	0.01205	0.00753	0.00821	0.00221	0.08022	0.00717	0.00348	0.00778
108	0.01570	0.01507	0.02575	0.03894	0.73748	0.01507	0.01947	0.01947	0.01444	0.02073	0.01193	0.01570	0.01005	0.00565	0.00628	0.00188	0.00754	0.00565	0.00314	0.01005
109	0.02704	0.01048	0.01427	0.01105	0.01571	0.00908	0.00908	0.02954	0.01814	0.68970	0.07666	0.02347	0.01892	0.00822	0.00646	0.00197	0.00522	0.00675	0.00779	0.01045
110	0.01647	0.01694	0.09065	0.02708	0.32555	0.03760	0.16252	0.07047	0.05575	0.06556	0.03976	0.01861	0.03010	0.00659	0.00658	0.00197	0.00792	0.00642	0.00401	0.00943
111	0.01432	0.01385	0.02236	0.31398	0.42172	0.03959	0.01811	0.01813	0.01374	0.01861	0.01179	0.01634	0.00958	0.00742	0.03253	0.00226	0.00835	0.00563	0.00303	0.00865
112	0.00771	0.00560	0.00728	0.00862	0.00915	0.00517	0.00579	0.00886	0.01235	0.01628	0.03757	0.70971	0.10348	0.01954	0.00804	0.00254	0.00364	0.01762	0.00589	0.00517
113	0.01189	0.01104	0.01438	0.01314	0.01390	0.05486	0.01054	0.01370	0.01042	0.01494	0.01307	0.01999	0.01248	0.04766	0.38987	0.00654	0.32601	0.00619	0.00314	0.00624
114	0.01677	0.01582	0.02370	0.05368	0.52205	0.05644	0.03896	0.10581	0.03387	0.02265	0.01342	0.04351	0.01138	0.00655	0.00637	0.00192	0.00761	0.00612	0.00372	0.00968
115	0.01496	0.01076	0.01228	0.01093	0.01393	0.01148	0.00848	0.04981	0.35483	0.11021	0.24153	0.05669	0.05608	0.01044	0.00684	0.00209	0.00442	0.00891	0.00674	0.00860
116	0.00791	0.00560	0.00731	0.00860	0.00893	0.00527	0.00564	0.00888	0.01179	0.01572	0.03316	0.68471	0.03968	0.11118	0.01101	0.00301	0.00398	0.01697	0.00564	0.00499
117	0.01543	0.01610	0.02081	0.04480	0.01955	0.10324	0.07496	0.04422	0.01202	0.01674	0.00927	0.01405	0.00852	0.00976	0.01682	0.00253	0.55533	0.00556	0.00301	0.00728
118	0.01332	0.02743	0.53286	0.01835	0.02632	0.01479	0.11247	0.02162	0.10444	0.02090	0.01417	0.01718	0.01066	0.00666	0.00637	0.00208	0.00887	0.02895	0.00334	0.00923
119	0.01622	0.01434	0.01721	0.01538	0.10706	0.05297	0.04278	0.14134	0.05850	0.02412	0.01290	0.01454	0.01025	0.00569	0.00547	0.00139	0.00612	0.00473	0.00424	0.44473
120	0.00923	0.00615	0.00692	0.00692	0.00692	0.00615	0.00384	0.00923	0.00923	0.01230	0.01999	0.04151	0.02306	0.77705	0.03229	0.00615	0.00615	0.00923	0.00384	0.00384
121	0.00839	0.00598	0.00789	0.05566	0.01115	0.00580	0.00641	0.00991	0.01244	0.01700	0.03385	0.60661	0.07988	0.01754	0.00758	0.00241	0.00388	0.01576	0.08649	0.00536
122	0.01598	0.01400	0.02258	0.17065	0.48363	0.01465	0.01742	0.06557	0.03408	0.05298	0.01327	0.01664	0.01050	0.00615	0.00624	0.00193	0.00736	0.00573	0.03122	0.00942

[dist]
# distance from previous block
# <min> <max>
0	55

# created by:
# /home/cegg/simao/soft/augustus-3.2.1/scripts/msa2prfl.pl ./align_prep/EOG090W0BVM.fa
