[name]
unknown

[dist]
# distance from previous block
# <min> <max>
1	490

[block]
# block no. 0 follows, 32 sequences, length 20
# corresponding to MSA columns:
# 522-541
name=unknown_A
#
# <colnr> <probs for GDERKNQSTAVLIFYWHMCP>
#	G	D	E	R	K	N	Q	S	T	A	V	L	I	F	Y	W	H	M	C	P
0	0.04408	0.11961	0.38090	0.01805	0.07387	0.07691	0.03924	0.02112	0.01504	0.05834	0.03820	0.01838	0.05352	0.00726	0.00624	0.00200	0.00866	0.00573	0.00363	0.00921
1	0.00925	0.00717	0.00975	0.10345	0.01476	0.00730	0.00798	0.01191	0.04974	0.01830	0.07262	0.54633	0.08016	0.01793	0.00816	0.00258	0.00454	0.01613	0.00591	0.00604
2	0.01277	0.12507	0.09852	0.03214	0.07383	0.01243	0.03060	0.01683	0.06046	0.03726	0.05709	0.18937	0.08161	0.03322	0.05965	0.00291	0.00693	0.03356	0.02813	0.00762
3	0.03404	0.01736	0.12396	0.03756	0.10596	0.07924	0.12683	0.03731	0.05250	0.05359	0.02160	0.06699	0.07226	0.10514	0.01053	0.00274	0.00804	0.03176	0.00439	0.00822
4	0.01370	0.03421	0.13229	0.04699	0.05551	0.01289	0.04747	0.04121	0.13948	0.02259	0.03970	0.13391	0.02055	0.01030	0.00761	0.00220	0.04728	0.04180	0.11371	0.03659
5	0.01409	0.00769	0.00982	0.00932	0.01145	0.00697	0.00688	0.01587	0.01510	0.20017	0.09361	0.26394	0.17471	0.08172	0.05383	0.00322	0.00527	0.01282	0.00651	0.00701
6	0.03563	0.09965	0.22261	0.05019	0.05328	0.08333	0.04309	0.01873	0.01377	0.04355	0.01527	0.07773	0.01388	0.05889	0.10191	0.00347	0.04654	0.00675	0.00363	0.00810
7	0.01587	0.21120	0.29907	0.01790	0.07517	0.07712	0.05079	0.02052	0.01431	0.03868	0.01251	0.01532	0.01006	0.01185	0.09906	0.00302	0.01024	0.00512	0.00321	0.00897
8	0.01553	0.01466	0.02476	0.03713	0.63158	0.01461	0.01876	0.01916	0.01497	0.02131	0.01572	0.11126	0.01493	0.00789	0.00689	0.00209	0.00745	0.00765	0.00369	0.00997
9	0.00922	0.00769	0.00816	0.00806	0.01028	0.00711	0.00602	0.01322	0.10394	0.02016	0.12377	0.12018	0.50602	0.01603	0.00784	0.00229	0.00366	0.01356	0.00642	0.00634
10	0.01788	0.10596	0.08130	0.04181	0.23525	0.05577	0.07264	0.10705	0.01760	0.07353	0.05556	0.04298	0.03266	0.00850	0.02067	0.00217	0.00801	0.00674	0.00442	0.00950
11	0.03320	0.07243	0.03124	0.01060	0.01244	0.04245	0.00804	0.08403	0.02931	0.01937	0.02404	0.30337	0.02646	0.17122	0.03253	0.02847	0.02827	0.01144	0.02467	0.00643
12	0.62627	0.01558	0.10211	0.01047	0.01547	0.01456	0.00978	0.02131	0.01260	0.10359	0.01152	0.01259	0.00842	0.00647	0.00471	0.00208	0.00585	0.00414	0.00443	0.00805
13	0.03566	0.11814	0.27148	0.06315	0.07883	0.06573	0.11124	0.01956	0.01434	0.01949	0.01547	0.03589	0.04914	0.00865	0.02125	0.02729	0.02656	0.00619	0.00333	0.00862
14	0.07080	0.11915	0.16676	0.04137	0.16086	0.11282	0.01541	0.02018	0.01482	0.05427	0.03043	0.10999	0.01505	0.00857	0.00679	0.00205	0.03116	0.00690	0.00391	0.00869
15	0.00987	0.00697	0.00912	0.01031	0.01140	0.00674	0.00772	0.01249	0.04778	0.03741	0.03745	0.48295	0.07610	0.01922	0.00859	0.00276	0.00460	0.19614	0.00630	0.00607
16	0.01116	0.01219	0.10378	0.01374	0.06518	0.00935	0.05148	0.05120	0.01609	0.02154	0.13959	0.20472	0.20410	0.01420	0.00780	0.00235	0.00550	0.05327	0.00562	0.00716
17	0.11954	0.07660	0.20546	0.02026	0.16027	0.07814	0.03403	0.07697	0.03852	0.08723	0.01510	0.01653	0.02897	0.00694	0.00612	0.00201	0.00805	0.00549	0.00419	0.00958
18	0.01848	0.07300	0.04414	0.15640	0.12452	0.01584	0.08370	0.09070	0.07425	0.14452	0.01739	0.05803	0.01369	0.00805	0.00754	0.00215	0.04637	0.00693	0.00484	0.00946
19	0.00899	0.00681	0.00855	0.00905	0.01047	0.00599	0.00633	0.01061	0.01377	0.01865	0.09378	0.52700	0.11833	0.01791	0.00798	0.00240	0.00391	0.01602	0.00604	0.10740

[dist]
# distance from previous block
# <min> <max>
2	4

[block]
# block no. 1 follows, 32 sequences, length 6
# corresponding to MSA columns:
# 546-551
name=unknown_B
#
# <colnr> <probs for GDERKNQSTAVLIFYWHMCP>
#	G	D	E	R	K	N	Q	S	T	A	V	L	I	F	Y	W	H	M	C	P
0	0.08184	0.08011	0.14752	0.06298	0.04642	0.14497	0.07881	0.08458	0.01665	0.02239	0.03776	0.01961	0.05775	0.00934	0.03688	0.00234	0.00881	0.00609	0.04675	0.00839
1	0.04271	0.09681	0.15476	0.08681	0.25385	0.08513	0.05544	0.02132	0.05021	0.02040	0.01263	0.01580	0.01019	0.00791	0.02945	0.00229	0.03609	0.00553	0.00337	0.00929
2	0.00867	0.00663	0.00795	0.00804	0.00962	0.00591	0.00587	0.01090	0.01641	0.02177	0.34719	0.20110	0.29287	0.01638	0.00805	0.00229	0.00340	0.01428	0.00674	0.00591
3	0.01759	0.29745	0.10250	0.04776	0.01943	0.11690	0.01239	0.05600	0.01607	0.04589	0.07190	0.01670	0.01422	0.00691	0.00551	0.00166	0.00743	0.00508	0.03781	0.10079
4	0.81159	0.01298	0.00986	0.00882	0.01298	0.01505	0.00727	0.01972	0.01142	0.03010	0.00934	0.01090	0.00727	0.00623	0.00415	0.00208	0.00519	0.00363	0.00415	0.00727
5	0.05324	0.00838	0.00887	0.00855	0.01039	0.04563	0.00638	0.01325	0.01704	0.02407	0.41863	0.10654	0.16168	0.01363	0.00740	0.00212	0.00385	0.01170	0.07238	0.00627

[dist]
# distance from previous block
# <min> <max>
0	9

[block]
# block no. 2 follows, 32 sequences, length 15
# corresponding to MSA columns:
# 561-575
name=unknown_C
#
# <colnr> <probs for GDERKNQSTAVLIFYWHMCP>
#	G	D	E	R	K	N	Q	S	T	A	V	L	I	F	Y	W	H	M	C	P
0	0.03262	0.10460	0.16363	0.05353	0.05134	0.01554	0.08892	0.09474	0.01629	0.04693	0.03694	0.04062	0.06251	0.00824	0.00740	0.00202	0.05262	0.02095	0.00423	0.09634
1	0.01568	0.01483	0.02510	0.03769	0.64406	0.01479	0.01901	0.01936	0.01501	0.02139	0.01530	0.09824	0.01434	0.00763	0.00685	0.00207	0.00752	0.00742	0.00364	0.01006
2	0.00848	0.00625	0.00786	0.00865	0.00960	0.00571	0.00599	0.01013	0.01450	0.01930	0.19114	0.46416	0.16075	0.04346	0.00917	0.00264	0.00374	0.01642	0.00641	0.00563
3	0.03625	0.01320	0.02320	0.06444	0.09057	0.01316	0.25133	0.07024	0.01597	0.03707	0.02334	0.07477	0.08940	0.01423	0.08781	0.00325	0.00923	0.06991	0.00449	0.00812
4	0.01591	0.01583	0.02148	0.45859	0.18376	0.11055	0.01794	0.06050	0.01564	0.01958	0.01212	0.01675	0.00941	0.00666	0.00661	0.00210	0.00906	0.00575	0.00334	0.00841
5	0.01577	0.01510	0.02368	0.07860	0.52857	0.03928	0.01781	0.01940	0.01497	0.02109	0.01413	0.06834	0.01275	0.00700	0.00658	0.00194	0.00756	0.00662	0.00358	0.09725
6	0.01021	0.00802	0.00852	0.00807	0.01022	0.00747	0.00595	0.08564	0.01642	0.02058	0.09361	0.09883	0.46863	0.11440	0.01129	0.00282	0.00426	0.01287	0.00607	0.00611
7	0.01621	0.06964	0.05377	0.07485	0.14197	0.07978	0.20603	0.06855	0.03332	0.02088	0.02957	0.02099	0.01342	0.10752	0.03216	0.00290	0.00926	0.00688	0.00380	0.00849
8	0.01598	0.01771	0.03737	0.03060	0.15874	0.01678	0.57607	0.02133	0.01574	0.02157	0.01340	0.01783	0.01026	0.00571	0.00769	0.00221	0.01071	0.00757	0.00338	0.00933
9	0.08660	0.03272	0.66349	0.01818	0.02757	0.01553	0.02319	0.02111	0.01391	0.02206	0.01179	0.01387	0.00839	0.00636	0.00617	0.00212	0.00948	0.00484	0.00295	0.00967
10	0.00886	0.00706	0.00804	0.00846	0.01019	0.00648	0.00626	0.01168	0.05803	0.01923	0.10155	0.26190	0.38646	0.01753	0.00814	0.00244	0.00384	0.06150	0.00635	0.00600
11	0.01705	0.01890	0.05224	0.16643	0.30432	0.17131	0.04465	0.02111	0.03423	0.01940	0.01264	0.01661	0.01036	0.00925	0.05126	0.00256	0.02960	0.00577	0.00337	0.00894
12	0.00976	0.00651	0.00732	0.00732	0.00732	0.00651	0.00407	0.00976	0.00976	0.01301	0.02114	0.04391	0.02439	0.76419	0.03415	0.00651	0.00651	0.00976	0.00407	0.00407
13	0.00830	0.00593	0.00789	0.00926	0.00976	0.00553	0.00624	0.00965	0.01341	0.01802	0.09946	0.69478	0.04611	0.02035	0.00850	0.00267	0.00383	0.01844	0.00633	0.00553
14	0.01653	0.03722	0.13404	0.11292	0.12974	0.15804	0.16927	0.03792	0.01616	0.02031	0.04072	0.04806	0.03393	0.00750	0.00689	0.00208	0.00945	0.00687	0.00368	0.00867

[dist]
# distance from previous block
# <min> <max>
2	7

[block]
# block no. 3 follows, 32 sequences, length 25
# corresponding to MSA columns:
# 583-607
name=unknown_D
#
# <colnr> <probs for GDERKNQSTAVLIFYWHMCP>
#	G	D	E	R	K	N	Q	S	T	A	V	L	I	F	Y	W	H	M	C	P
0	0.22476	0.06313	0.09658	0.10649	0.21012	0.07252	0.03456	0.07717	0.01550	0.02432	0.01157	0.01431	0.00911	0.00639	0.00583	0.00201	0.00788	0.00504	0.00371	0.00899
1	0.01860	0.06842	0.09627	0.04029	0.10971	0.15770	0.01427	0.09707	0.25744	0.02435	0.01800	0.03841	0.01425	0.00792	0.00648	0.00205	0.00787	0.00631	0.00490	0.00971
2	0.01078	0.00779	0.01061	0.01212	0.08695	0.00724	0.00776	0.01315	0.01611	0.05819	0.31117	0.23090	0.13846	0.04693	0.00901	0.00246	0.00418	0.01317	0.00640	0.00664
3	0.01612	0.01496	0.02434	0.03525	0.58273	0.01510	0.01823	0.04196	0.05629	0.02345	0.08979	0.02069	0.01691	0.00706	0.00679	0.00202	0.00728	0.00674	0.00407	0.01019
4	0.01311	0.01572	0.13693	0.04641	0.30295	0.01243	0.01538	0.01771	0.05362	0.02042	0.02888	0.05099	0.19747	0.04888	0.00843	0.00236	0.00680	0.00859	0.00430	0.00863
5	0.01667	0.04748	0.41310	0.06100	0.08163	0.19318	0.02046	0.02208	0.01522	0.01954	0.01147	0.01400	0.00874	0.00671	0.00697	0.00204	0.04256	0.00495	0.00304	0.00917
6	0.01493	0.01542	0.02465	0.01991	0.02137	0.01978	0.16182	0.01730	0.01147	0.01730	0.00983	0.01542	0.00910	0.01043	0.01898	0.00279	0.59243	0.00631	0.00303	0.00771
7	0.00828	0.00622	0.00768	0.00855	0.00959	0.00562	0.00594	0.00985	0.01428	0.01865	0.13278	0.48489	0.22525	0.01902	0.00831	0.00252	0.00367	0.01688	0.00638	0.00562
8	0.01541	0.01439	0.04350	0.02001	0.05418	0.01371	0.29781	0.04313	0.09891	0.07519	0.07410	0.15274	0.02198	0.00990	0.00812	0.00232	0.03104	0.00980	0.00505	0.00868
9	0.01700	0.01059	0.01105	0.00943	0.01231	0.01129	0.00748	0.25224	0.02011	0.03099	0.01989	0.02194	0.01520	0.00790	0.00539	0.00172	0.00460	0.00618	0.52666	0.00804
10	0.02054	0.01612	0.01722	0.01431	0.01870	0.01814	0.01144	0.35521	0.34897	0.03441	0.02237	0.05601	0.01725	0.00917	0.00686	0.00217	0.00624	0.00739	0.00674	0.01075
11	0.02506	0.03198	0.01901	0.01729	0.02074	0.73725	0.01296	0.02679	0.01901	0.01642	0.01037	0.01210	0.00864	0.00691	0.00605	0.00173	0.01210	0.00432	0.00346	0.00778
12	0.00836	0.00592	0.00773	0.00910	0.00944	0.00558	0.00597	0.00939	0.01248	0.01664	0.03509	0.67440	0.04199	0.10969	0.01162	0.00318	0.00420	0.01796	0.00597	0.00528
13	0.04939	0.01352	0.01381	0.09097	0.01815	0.09085	0.01028	0.04268	0.22812	0.02313	0.11250	0.03372	0.16177	0.01100	0.00790	0.00223	0.04867	0.02765	0.00564	0.00803
14	0.01417	0.01390	0.01829	0.01595	0.01619	0.04698	0.01297	0.01556	0.01061	0.01578	0.01093	0.01865	0.01111	0.09581	0.07919	0.00389	0.58366	0.00633	0.00313	0.00690
15	0.00902	0.00647	0.00878	0.00945	0.01005	0.00674	0.00657	0.01039	0.01145	0.01570	0.02673	0.34227	0.03011	0.18667	0.28058	0.00646	0.00959	0.01278	0.00481	0.00536
16	0.07540	0.13300	0.25954	0.01562	0.02202	0.09274	0.04840	0.10141	0.03851	0.08540	0.01383	0.01522	0.01029	0.00729	0.00659	0.02591	0.00836	0.00517	0.02603	0.00929
17	0.02261	0.01064	0.01382	0.01127	0.01455	0.01049	0.00889	0.05324	0.01642	0.41575	0.02265	0.02608	0.01715	0.15976	0.01369	0.00301	0.08624	0.00718	0.07751	0.00905
18	0.00859	0.00629	0.00815	0.00939	0.01025	0.00585	0.00674	0.01021	0.01387	0.01821	0.07785	0.53351	0.13258	0.01975	0.00855	0.00268	0.00411	0.11152	0.00628	0.00563
19	0.01131	0.00728	0.00927	0.00857	0.01059	0.00656	0.00650	0.01413	0.01828	0.09609	0.53062	0.07046	0.15693	0.01388	0.00782	0.00215	0.00348	0.01210	0.00727	0.00672
20	0.01967	0.11007	0.12710	0.02093	0.14249	0.20021	0.07576	0.06296	0.01703	0.08463	0.01393	0.01697	0.01109	0.00898	0.04147	0.00236	0.00971	0.02146	0.00397	0.00921
21	0.01489	0.01161	0.01466	0.17970	0.07494	0.01296	0.01138	0.09448	0.18132	0.02503	0.02330	0.02499	0.07163	0.00850	0.00628	0.00202	0.00581	0.00710	0.22099	0.00841
22	0.01059	0.00648	0.00867	0.00958	0.01054	0.00596	0.00662	0.01200	0.01380	0.09381	0.06575	0.64953	0.04223	0.01934	0.00834	0.00263	0.00406	0.01745	0.00650	0.00613
23	0.01208	0.01150	0.05470	0.10187	0.07764	0.03301	0.02829	0.04850	0.03663	0.01930	0.04571	0.22403	0.04794	0.10221	0.08939	0.00376	0.00774	0.04392	0.00479	0.00698
24	0.03966	0.01386	0.06726	0.11293	0.02079	0.03017	0.05025	0.12669	0.09272	0.05450	0.02569	0.15289	0.09159	0.01092	0.00734	0.00223	0.02376	0.00927	0.05922	0.00825

[dist]
# distance from previous block
# <min> <max>
2	4

[block]
# block no. 4 follows, 32 sequences, length 11
# corresponding to MSA columns:
# 612-622
name=unknown_E
#
# <colnr> <probs for GDERKNQSTAVLIFYWHMCP>
#	G	D	E	R	K	N	Q	S	T	A	V	L	I	F	Y	W	H	M	C	P
0	0.01210	0.00984	0.05397	0.00932	0.01257	0.00760	0.00769	0.01520	0.01555	0.04931	0.23197	0.12750	0.03231	0.01054	0.00644	0.00178	0.00425	0.00908	0.16099	0.22199
1	0.01573	0.01317	0.01520	0.01359	0.03800	0.07443	0.05418	0.11582	0.14126	0.05676	0.27249	0.08340	0.05519	0.01113	0.00735	0.00215	0.00575	0.00965	0.00639	0.00837
2	0.11350	0.08667	0.04963	0.01481	0.01889	0.21046	0.01246	0.14823	0.01842	0.12622	0.01338	0.01464	0.01017	0.00788	0.00843	0.00205	0.12534	0.00512	0.00468	0.00901
3	0.00911	0.00679	0.00847	0.00816	0.00982	0.00615	0.00608	0.01188	0.01794	0.02464	0.55323	0.08917	0.19429	0.01475	0.00795	0.00217	0.00325	0.01290	0.00710	0.00615
4	0.01576	0.13179	0.01600	0.01184	0.01470	0.10706	0.00956	0.13702	0.01767	0.02249	0.02497	0.21925	0.04948	0.01273	0.00695	0.00219	0.00634	0.10618	0.08051	0.00750
5	0.04334	0.01450	0.07267	0.04736	0.27760	0.01294	0.08431	0.02137	0.01521	0.15004	0.01677	0.01994	0.01291	0.02958	0.05222	0.00266	0.00796	0.00637	0.10290	0.00935
6	0.06852	0.01212	0.01268	0.01075	0.01434	0.05040	0.00843	0.01926	0.14527	0.02315	0.13919	0.02959	0.13102	0.00972	0.00744	0.00186	0.05647	0.00771	0.00533	0.24673
7	0.06033	0.00766	0.00923	0.00988	0.04775	0.00761	0.00593	0.01252	0.01158	0.06220	0.05168	0.13664	0.02644	0.49468	0.02445	0.00500	0.00596	0.01035	0.00474	0.00538
8	0.01526	0.01466	0.05274	0.04169	0.14694	0.03522	0.05519	0.04587	0.08729	0.04156	0.04270	0.02688	0.05467	0.00922	0.00867	0.00213	0.09597	0.07834	0.00459	0.14041
9	0.00957	0.00716	0.00886	0.00918	0.01023	0.00724	0.00649	0.01225	0.05870	0.01871	0.12338	0.30988	0.12287	0.12883	0.08439	0.00387	0.02790	0.01347	0.03114	0.00586
10	0.01738	0.09696	0.18952	0.05608	0.07540	0.15347	0.19519	0.04236	0.03887	0.02059	0.01251	0.01522	0.00969	0.00629	0.00651	0.00197	0.00981	0.00567	0.00344	0.04307

[dist]
# distance from previous block
# <min> <max>
1	10

[block]
# block no. 5 follows, 32 sequences, length 10
# corresponding to MSA columns:
# 633-642
name=unknown_F
#
# <colnr> <probs for GDERKNQSTAVLIFYWHMCP>
#	G	D	E	R	K	N	Q	S	T	A	V	L	I	F	Y	W	H	M	C	P
0	0.01990	0.01851	0.02077	0.15618	0.18907	0.14728	0.01529	0.22159	0.07235	0.02659	0.01451	0.01679	0.01114	0.00719	0.00652	0.00200	0.00837	0.00582	0.03052	0.00962
1	0.01544	0.01459	0.02192	0.29725	0.30481	0.04355	0.01729	0.04747	0.01521	0.02077	0.01231	0.01647	0.00985	0.00622	0.00639	0.00192	0.00801	0.00560	0.00344	0.13149
2	0.00818	0.00619	0.00755	0.00851	0.00954	0.00557	0.00589	0.00962	0.01395	0.01800	0.08556	0.50552	0.25296	0.01937	0.00833	0.00255	0.00370	0.01717	0.00630	0.00557
3	0.01235	0.01395	0.14633	0.21063	0.02349	0.01128	0.01306	0.01805	0.08277	0.02163	0.06942	0.08018	0.05842	0.00929	0.00646	0.00208	0.00626	0.00788	0.19887	0.00760
4	0.00900	0.00684	0.00828	0.00792	0.00972	0.00612	0.00594	0.01170	0.01782	0.02411	0.51158	0.05472	0.27227	0.01476	0.00792	0.00216	0.00324	0.01278	0.00702	0.00612
5	0.01794	0.76823	0.03516	0.01148	0.01722	0.02655	0.01148	0.02009	0.01363	0.01579	0.00933	0.01076	0.00861	0.00574	0.00431	0.00144	0.00718	0.00359	0.00287	0.00861
6	0.00817	0.00665	0.00723	0.00741	0.00929	0.00571	0.00543	0.00997	0.01538	0.01908	0.14523	0.17215	0.53053	0.01721	0.00803	0.00232	0.00345	0.01468	0.00638	0.00571
7	0.00900	0.00674	0.00835	0.00815	0.00977	0.00609	0.00604	0.01163	0.01753	0.02391	0.50085	0.12394	0.21292	0.01520	0.00798	0.00221	0.00329	0.01329	0.00700	0.00609
8	0.06280	0.00929	0.01046	0.00914	0.01205	0.00924	0.00717	0.09941	0.01707	0.19446	0.02310	0.09563	0.01852	0.00918	0.00577	0.00188	0.00444	0.00747	0.39482	0.00807
9	0.01789	0.46820	0.17462	0.01403	0.02010	0.13848	0.01444	0.02117	0.01468	0.01718	0.01108	0.01423	0.00977	0.00656	0.00521	0.00169	0.00850	0.03044	0.00309	0.00865

[dist]
# distance from previous block
# <min> <max>
2	6

[block]
# block no. 6 follows, 32 sequences, length 41
# corresponding to MSA columns:
# 649-682,696-702
name=unknown_G
#
# <colnr> <probs for GDERKNQSTAVLIFYWHMCP>
#	G	D	E	R	K	N	Q	S	T	A	V	L	I	F	Y	W	H	M	C	P
0	0.03651	0.01257	0.01578	0.05971	0.03856	0.05236	0.05687	0.12059	0.04846	0.17317	0.06249	0.20889	0.06153	0.01177	0.00730	0.00225	0.00622	0.01025	0.00614	0.00857
1	0.01719	0.01454	0.01930	0.05157	0.15368	0.01571	0.05708	0.17946	0.23740	0.02804	0.05697	0.09985	0.02009	0.00944	0.00707	0.00220	0.00658	0.00833	0.00571	0.00979
2	0.01166	0.00583	0.00874	0.00874	0.00874	0.00583	0.00583	0.00874	0.00874	0.01166	0.01166	0.02040	0.01166	0.02331	0.02622	0.80478	0.00583	0.00583	0.00291	0.00291
3	0.00986	0.00804	0.00864	0.00860	0.01070	0.02641	0.00669	0.01315	0.05680	0.02121	0.20423	0.05742	0.38624	0.01534	0.00786	0.00230	0.00407	0.10505	0.04114	0.00626
4	0.01661	0.01594	0.02724	0.04119	0.72233	0.01594	0.02059	0.02059	0.01528	0.02192	0.01262	0.01661	0.01063	0.00598	0.00664	0.00199	0.00797	0.00598	0.00332	0.01063
5	0.01126	0.00728	0.00936	0.00859	0.01059	0.00659	0.00653	0.01421	0.01862	0.09144	0.58502	0.04910	0.12856	0.01356	0.00781	0.00212	0.00343	0.01185	0.00735	0.00674
6	0.00814	0.00681	0.00709	0.00702	0.00919	0.00575	0.00526	0.01003	0.01579	0.01930	0.15469	0.06265	0.63216	0.01656	0.00793	0.00225	0.00337	0.01389	0.00638	0.00575
7	0.03010	0.01142	0.01557	0.01194	0.01713	0.00986	0.00986	0.03270	0.01920	0.72698	0.02647	0.02284	0.01661	0.00830	0.00675	0.00208	0.00571	0.00675	0.00830	0.01142
8	0.01267	0.01193	0.02013	0.74806	0.04621	0.01491	0.01863	0.01714	0.01342	0.01714	0.01193	0.01789	0.00894	0.00671	0.00671	0.00224	0.00894	0.00596	0.00298	0.00745
9	0.02506	0.03198	0.01901	0.01729	0.02074	0.73725	0.01296	0.02679	0.01901	0.01642	0.01037	0.01210	0.00864	0.00691	0.00605	0.00173	0.01210	0.00432	0.00346	0.00778
10	0.02188	0.01414	0.01753	0.01306	0.01868	0.01313	0.04538	0.22402	0.02069	0.22082	0.01723	0.01722	0.01221	0.00683	0.00612	0.00166	0.00621	0.00555	0.00594	0.31169
11	0.01660	0.01599	0.02476	0.20436	0.48932	0.05361	0.01931	0.05670	0.01591	0.02161	0.01253	0.01665	0.01017	0.00631	0.00663	0.00204	0.00838	0.00589	0.00343	0.00978
12	0.02769	0.01530	0.01797	0.01378	0.01906	0.01562	0.01138	0.38352	0.02569	0.36699	0.02102	0.01930	0.01388	0.00817	0.00673	0.00204	0.00659	0.00638	0.00747	0.01141
13	0.00823	0.00604	0.00773	0.00894	0.00966	0.00554	0.00608	0.00960	0.01359	0.01792	0.08676	0.61823	0.13708	0.01999	0.00843	0.00262	0.00378	0.01795	0.00631	0.00554
14	0.01892	0.01663	0.08497	0.01372	0.01851	0.01603	0.01190	0.25882	0.27043	0.07091	0.02774	0.02644	0.11589	0.00956	0.00690	0.00216	0.00622	0.00769	0.00640	0.01016
15	0.01549	0.29860	0.02543	0.01439	0.01859	0.01632	0.14696	0.01820	0.01449	0.07825	0.02079	0.21159	0.02115	0.01087	0.00672	0.00212	0.00695	0.06061	0.00456	0.00793
16	0.12127	0.00856	0.00969	0.00897	0.01177	0.00794	0.00687	0.01675	0.01540	0.19428	0.07668	0.19661	0.27157	0.01412	0.00727	0.00228	0.00430	0.01188	0.00652	0.00728
17	0.02175	0.01358	0.01544	0.01231	0.01646	0.01419	0.00999	0.35836	0.02467	0.16767	0.15195	0.02493	0.02295	0.00915	0.00670	0.00199	0.00574	0.00736	0.10499	0.00981
18	0.01635	0.01324	0.01691	0.10878	0.09321	0.07096	0.03378	0.07900	0.06075	0.09214	0.02259	0.13396	0.02151	0.01276	0.02911	0.00265	0.04831	0.13053	0.00523	0.00824
19	0.81159	0.01298	0.00986	0.00882	0.01298	0.01505	0.00727	0.01972	0.01142	0.03010	0.00934	0.01090	0.00727	0.00623	0.00415	0.00208	0.00519	0.00363	0.00415	0.00727
20	0.01817	0.02261	0.20475	0.17846	0.06474	0.19708	0.01658	0.02246	0.01585	0.09861	0.01420	0.01662	0.01050	0.00692	0.00626	0.00198	0.00902	0.00540	0.08111	0.00868
21	0.31192	0.01223	0.01255	0.01066	0.01470	0.01305	0.00860	0.06460	0.13487	0.20736	0.08661	0.02119	0.01809	0.00816	0.00581	0.00208	0.00517	0.00620	0.04713	0.00900
22	0.07463	0.02674	0.37091	0.01687	0.02434	0.04309	0.01834	0.29214	0.02108	0.03009	0.01342	0.01464	0.00958	0.00705	0.00634	0.00206	0.00865	0.00527	0.00450	0.01025
23	0.00956	0.00704	0.00995	0.00995	0.01096	0.00792	0.00741	0.01146	0.01075	0.01517	0.02045	0.03123	0.04434	0.18957	0.57210	0.00963	0.01518	0.00795	0.00379	0.00560
24	0.73599	0.01335	0.01205	0.01134	0.05042	0.01518	0.03808	0.01985	0.01181	0.02931	0.00970	0.01151	0.00757	0.00619	0.00444	0.00208	0.00560	0.00394	0.00408	0.00752
25	0.02015	0.01497	0.02605	0.05135	0.02603	0.01457	0.30666	0.08196	0.09181	0.21861	0.06140	0.02190	0.01631	0.00749	0.00733	0.00218	0.00821	0.00757	0.00561	0.00983
26	0.01477	0.01407	0.02391	0.37136	0.40652	0.01546	0.01968	0.01898	0.01441	0.01969	0.01230	0.01721	0.00984	0.00632	0.00667	0.00211	0.00843	0.00597	0.00316	0.00915
27	0.02436	0.09896	0.02148	0.01507	0.02030	0.06614	0.01256	0.56221	0.05285	0.03735	0.01543	0.01561	0.01126	0.00777	0.00642	0.00194	0.00758	0.00573	0.00611	0.01086
28	0.00873	0.00683	0.00791	0.00764	0.00955	0.00600	0.00573	0.01118	0.01718	0.02261	0.40029	0.05719	0.38449	0.01532	0.00792	0.00219	0.00328	0.01313	0.00682	0.00600
29	0.00864	0.00644	0.00803	0.00893	0.00988	0.00602	0.00617	0.01074	0.03858	0.01880	0.12669	0.51755	0.15213	0.03710	0.00894	0.00265	0.00384	0.01680	0.00634	0.00574
30	0.01709	0.62923	0.16672	0.01293	0.01946	0.02447	0.01400	0.02031	0.01373	0.01682	0.00984	0.01141	0.00859	0.00586	0.00470	0.00157	0.00770	0.00385	0.00286	0.00886
31	0.01487	0.01653	0.03402	0.02483	0.03039	0.01616	0.54949	0.01965	0.01517	0.02055	0.01882	0.02265	0.08528	0.00753	0.00947	0.00234	0.09175	0.00836	0.00364	0.00850
32	0.03010	0.01142	0.01557	0.01194	0.01713	0.00986	0.00986	0.03270	0.01920	0.72698	0.02647	0.02284	0.01661	0.00830	0.00675	0.00208	0.00571	0.00675	0.00830	0.01142
33	0.03716	0.17018	0.18033	0.04679	0.11776	0.05693	0.11176	0.04080	0.03356	0.02148	0.08722	0.02001	0.01598	0.00734	0.00641	0.00199	0.00826	0.02328	0.00385	0.00894
34	0.01667	0.25976	0.33452	0.01514	0.02223	0.01917	0.01695	0.13448	0.01669	0.02273	0.01262	0.01532	0.01011	0.04755	0.00724	0.00211	0.00827	0.00500	0.02408	0.00935
35	0.00982	0.00719	0.00983	0.00974	0.01045	0.00810	0.00701	0.01130	0.01039	0.01465	0.01883	0.03242	0.01931	0.31151	0.45515	0.00895	0.03817	0.00809	0.00375	0.00533
36	0.00957	0.00668	0.00844	0.00902	0.01017	0.00623	0.00633	0.01184	0.03752	0.04577	0.18828	0.45050	0.12467	0.04107	0.00902	0.00262	0.00387	0.01587	0.00651	0.00601
37	0.01612	0.06562	0.37244	0.04093	0.13876	0.01566	0.09795	0.02239	0.03653	0.09030	0.01462	0.01761	0.01095	0.00677	0.00661	0.00211	0.00894	0.02209	0.00372	0.00987
38	0.01715	0.00782	0.00929	0.00846	0.01101	0.00740	0.00676	0.02013	0.01562	0.21677	0.02459	0.02979	0.01931	0.00909	0.00574	0.00187	0.00416	0.07755	0.49984	0.00766
39	0.02856	0.01389	0.01710	0.01311	0.01836	0.01353	0.01083	0.25624	0.02334	0.49760	0.02300	0.02058	0.01487	0.00822	0.00674	0.00206	0.00627	0.00651	0.00777	0.01142
40	0.01521	0.01801	0.15105	0.04781	0.29533	0.01488	0.08268	0.06257	0.05362	0.02292	0.04303	0.05991	0.03963	0.00807	0.00738	0.00214	0.03224	0.00730	0.02679	0.00946

[dist]
# distance from previous block
# <min> <max>
0	1

[block]
# block no. 7 follows, 32 sequences, length 10
# corresponding to MSA columns:
# 704-713
name=unknown_H
#
# <colnr> <probs for GDERKNQSTAVLIFYWHMCP>
#	G	D	E	R	K	N	Q	S	T	A	V	L	I	F	Y	W	H	M	C	P
0	0.01637	0.01457	0.04031	0.01651	0.02016	0.04630	0.17953	0.15182	0.01792	0.05630	0.04454	0.19350	0.02086	0.01097	0.00879	0.00230	0.07948	0.00971	0.06179	0.00828
1	0.01662	0.01865	0.06149	0.01881	0.09776	0.17886	0.01416	0.04391	0.01389	0.01793	0.01189	0.01720	0.01084	0.04452	0.12136	0.00377	0.29133	0.00583	0.00337	0.00779
2	0.01423	0.01124	0.01300	0.01053	0.01458	0.00998	0.00805	0.13289	0.01637	0.02355	0.01928	0.19090	0.01946	0.07366	0.00859	0.00204	0.00527	0.00835	0.00498	0.41306
3	0.01468	0.01352	0.01343	0.01227	0.01378	0.13752	0.00962	0.01754	0.04419	0.01915	0.01872	0.02307	0.05480	0.03836	0.11633	0.00351	0.20876	0.00658	0.22731	0.00687
4	0.01044	0.00798	0.01071	0.01129	0.01214	0.00867	0.00890	0.01230	0.01307	0.01750	0.03034	0.20586	0.05562	0.14838	0.03906	0.00381	0.10412	0.28873	0.00531	0.00579
5	0.00970	0.00674	0.00849	0.00849	0.00889	0.00714	0.00552	0.01051	0.01010	0.01388	0.02007	0.03799	0.02182	0.52338	0.27145	0.00795	0.01037	0.00889	0.00391	0.00472
6	0.01575	0.01535	0.02735	0.25393	0.32271	0.01613	0.16835	0.05943	0.01578	0.02155	0.01282	0.01730	0.01006	0.00625	0.00695	0.00213	0.00897	0.00640	0.00343	0.00935
7	0.01545	0.01273	0.01783	0.09710	0.05237	0.01187	0.08816	0.05360	0.08044	0.06671	0.01854	0.02084	0.05386	0.02954	0.00699	0.00182	0.00637	0.00618	0.02516	0.33445
8	0.01326	0.01124	0.01322	0.00987	0.01520	0.00855	0.00776	0.01604	0.01379	0.02133	0.01477	0.09845	0.01384	0.00679	0.00538	0.00119	0.00485	0.00569	0.00423	0.71457
9	0.01628	0.10424	0.07820	0.10583	0.36376	0.03873	0.10888	0.02148	0.05918	0.02084	0.01312	0.01649	0.01058	0.00624	0.00652	0.00201	0.00852	0.00594	0.00344	0.00972

[dist]
# distance from previous block
# <min> <max>
0	19

[block]
# block no. 8 follows, 32 sequences, length 18
# corresponding to MSA columns:
# 733-750
name=unknown_I
#
# <colnr> <probs for GDERKNQSTAVLIFYWHMCP>
#	G	D	E	R	K	N	Q	S	T	A	V	L	I	F	Y	W	H	M	C	P
0	0.00910	0.00684	0.00843	0.00803	0.00978	0.00616	0.00602	0.01190	0.01807	0.02471	0.55604	0.05374	0.22744	0.01454	0.00792	0.00215	0.00322	0.01264	0.00710	0.00616
1	0.01052	0.00849	0.03617	0.00890	0.01122	0.00724	0.00713	0.01438	0.05618	0.05297	0.47894	0.04955	0.20544	0.01371	0.00775	0.00215	0.00369	0.01185	0.00696	0.00676
2	0.00976	0.00651	0.00732	0.00732	0.00732	0.00651	0.00407	0.00976	0.00976	0.01301	0.02114	0.04391	0.02439	0.76419	0.03415	0.00651	0.00651	0.00976	0.00407	0.00407
3	0.01304	0.06343	0.07269	0.08665	0.01903	0.01400	0.03336	0.06007	0.01418	0.01994	0.12538	0.02466	0.02029	0.05040	0.19661	0.00463	0.16301	0.00721	0.00411	0.00732
4	0.00976	0.00651	0.00732	0.00732	0.00732	0.00651	0.00407	0.00976	0.00976	0.01301	0.02114	0.04391	0.02439	0.76419	0.03415	0.00651	0.00651	0.00976	0.00407	0.00407
5	0.02220	0.01248	0.01505	0.01240	0.01637	0.01251	0.00995	0.25747	0.02227	0.27920	0.09146	0.14783	0.02470	0.01122	0.00724	0.00220	0.00576	0.03271	0.00724	0.00975
6	0.01985	0.01917	0.01751	0.01491	0.01818	0.24407	0.04515	0.20254	0.01960	0.02455	0.01463	0.01760	0.01186	0.01457	0.12399	0.00335	0.06812	0.00579	0.10626	0.00830
7	0.51689	0.01384	0.01356	0.01487	0.13816	0.04274	0.00980	0.01936	0.01285	0.02666	0.01313	0.01492	0.04344	0.00661	0.00494	0.00194	0.00584	0.00463	0.00406	0.09174
8	0.00827	0.00677	0.00730	0.00725	0.00929	0.00580	0.00541	0.01026	0.01597	0.01994	0.20431	0.09086	0.55231	0.01647	0.00795	0.00225	0.00337	0.01394	0.00648	0.00580
9	0.05857	0.19937	0.53267	0.01683	0.02548	0.01803	0.02081	0.02090	0.01389	0.02050	0.01128	0.01322	0.00846	0.00622	0.00578	0.00197	0.00904	0.00458	0.00291	0.00947
10	0.01738	0.10443	0.18905	0.08340	0.07294	0.12684	0.01561	0.09376	0.08999	0.03894	0.04513	0.04815	0.02987	0.00802	0.00642	0.00202	0.00821	0.00637	0.00433	0.00912
11	0.01700	0.11191	0.11612	0.05365	0.01993	0.06796	0.01236	0.13596	0.09305	0.02432	0.01609	0.01810	0.02732	0.03325	0.00681	0.00190	0.00701	0.00551	0.05673	0.17501
12	0.00826	0.00591	0.00786	0.00928	0.00975	0.00551	0.00624	0.00956	0.01325	0.01777	0.08171	0.71325	0.04562	0.02054	0.00852	0.00268	0.00385	0.01862	0.00630	0.00551
13	0.02290	0.01241	0.06236	0.01219	0.01643	0.01066	0.01050	0.05133	0.01782	0.43804	0.08887	0.06176	0.04201	0.01100	0.02891	0.00242	0.06286	0.00786	0.02991	0.00977
14	0.04312	0.11162	0.16375	0.01670	0.06003	0.15565	0.04751	0.05488	0.09886	0.03758	0.05091	0.05143	0.01625	0.02904	0.00720	0.00216	0.00823	0.03193	0.00437	0.00878
15	0.01507	0.05089	0.25885	0.12292	0.21040	0.01557	0.07418	0.02081	0.04259	0.04754	0.01520	0.03881	0.02631	0.00719	0.00701	0.00213	0.02517	0.00634	0.00357	0.00946
16	0.00816	0.00589	0.00773	0.00921	0.00970	0.00546	0.00617	0.00936	0.01298	0.01718	0.03863	0.72293	0.08020	0.02081	0.00853	0.00270	0.00387	0.01881	0.00623	0.00546
17	0.01362	0.04756	0.39722	0.04558	0.08635	0.01436	0.10218	0.01962	0.01486	0.02165	0.06867	0.02162	0.01530	0.00755	0.00669	0.00213	0.00863	0.04151	0.05587	0.00903

[dist]
# distance from previous block
# <min> <max>
0	1

[block]
# block no. 9 follows, 32 sequences, length 7
# corresponding to MSA columns:
# 752-758
name=unknown_J
#
# <colnr> <probs for GDERKNQSTAVLIFYWHMCP>
#	G	D	E	R	K	N	Q	S	T	A	V	L	I	F	Y	W	H	M	C	P
0	0.01775	0.07118	0.20805	0.11395	0.10389	0.05849	0.10485	0.11667	0.01730	0.07409	0.01396	0.01705	0.01060	0.03411	0.00757	0.00221	0.00892	0.00591	0.00400	0.00946
1	0.01085	0.01085	0.06355	0.01353	0.07955	0.04406	0.01002	0.01352	0.01518	0.01986	0.12467	0.26128	0.14367	0.01576	0.00805	0.00248	0.00541	0.14532	0.00571	0.00667
2	0.81159	0.01298	0.00986	0.00882	0.01298	0.01505	0.00727	0.01972	0.01142	0.03010	0.00934	0.01090	0.00727	0.00623	0.00415	0.00208	0.00519	0.00363	0.00415	0.00727
3	0.00883	0.00683	0.00804	0.00774	0.00961	0.00605	0.00580	0.01137	0.01741	0.02315	0.44062	0.05630	0.34382	0.01512	0.00792	0.00218	0.00327	0.01300	0.00689	0.00605
4	0.01184	0.03605	0.11254	0.04008	0.03979	0.01120	0.06357	0.01765	0.11896	0.02127	0.14154	0.08015	0.15926	0.04087	0.07250	0.00311	0.00703	0.00977	0.00520	0.00763
5	0.00983	0.00771	0.00899	0.00852	0.01057	0.00731	0.00643	0.01435	0.09748	0.02425	0.43189	0.05183	0.26732	0.01423	0.00779	0.00218	0.00349	0.01226	0.00695	0.00661
6	0.07375	0.02077	0.25456	0.04462	0.06468	0.07197	0.01546	0.04627	0.01652	0.17318	0.08903	0.06502	0.01822	0.00851	0.00660	0.00211	0.00756	0.00693	0.00499	0.00924

[dist]
# distance from previous block
# <min> <max>
7	75

[block]
# block no. 10 follows, 32 sequences, length 26
# corresponding to MSA columns:
# 834-859
name=unknown_K
#
# <colnr> <probs for GDERKNQSTAVLIFYWHMCP>
#	G	D	E	R	K	N	Q	S	T	A	V	L	I	F	Y	W	H	M	C	P
0	0.01832	0.10621	0.03788	0.06105	0.02044	0.04361	0.04190	0.18256	0.21366	0.05067	0.05623	0.04322	0.01821	0.00908	0.00727	0.00215	0.03431	0.03812	0.00560	0.00950
1	0.01567	0.11731	0.24819	0.01519	0.02087	0.07970	0.04297	0.04522	0.07991	0.04267	0.10249	0.04589	0.03361	0.00852	0.00721	0.00204	0.04354	0.00675	0.00438	0.03786
2	0.01193	0.03856	0.03813	0.01058	0.01377	0.01026	0.04120	0.08885	0.03602	0.02270	0.14995	0.06446	0.34476	0.01318	0.00809	0.00216	0.03956	0.01097	0.00583	0.04905
3	0.01954	0.03930	0.04634	0.04341	0.18742	0.22685	0.05685	0.10728	0.03676	0.05316	0.03767	0.02106	0.07904	0.00796	0.00666	0.00197	0.00866	0.00654	0.00445	0.00907
4	0.01300	0.01270	0.06254	0.11919	0.14119	0.01180	0.01238	0.05494	0.10486	0.02194	0.05066	0.10789	0.18314	0.01101	0.00708	0.00216	0.00597	0.00951	0.02519	0.04284
5	0.00826	0.00595	0.00783	0.00918	0.00973	0.00552	0.00619	0.00959	0.01338	0.01786	0.08624	0.68142	0.07333	0.02034	0.00849	0.00266	0.00382	0.01839	0.00631	0.00552
6	0.02506	0.03198	0.01901	0.01729	0.02074	0.73725	0.01296	0.02679	0.01901	0.01642	0.01037	0.01210	0.00864	0.00691	0.00605	0.00173	0.01210	0.00432	0.00346	0.00778
7	0.00842	0.00602	0.00765	0.00885	0.00957	0.00556	0.00603	0.00983	0.01348	0.01808	0.07177	0.60885	0.12403	0.01957	0.00827	0.00259	0.00376	0.01755	0.04457	0.00556
8	0.05490	0.73305	0.03398	0.01136	0.01702	0.02601	0.01128	0.02007	0.01353	0.01645	0.00933	0.01077	0.00855	0.00576	0.00430	0.00146	0.00708	0.00359	0.00293	0.00855
9	0.00924	0.00685	0.00862	0.00817	0.00987	0.00622	0.00613	0.01217	0.01839	0.02548	0.61313	0.05247	0.16986	0.01425	0.00792	0.00214	0.00320	0.01246	0.00720	0.00622
10	0.02092	0.01652	0.01755	0.01451	0.01906	0.01867	0.01164	0.35442	0.38456	0.03489	0.02194	0.02075	0.01613	0.00860	0.00677	0.00215	0.00631	0.00684	0.00677	0.01100
11	0.01980	0.01372	0.01526	0.01326	0.01737	0.01510	0.01044	0.03497	0.54984	0.19028	0.02712	0.02452	0.01958	0.00892	0.00681	0.00223	0.00540	0.00739	0.00717	0.01081
12	0.00926	0.00661	0.00903	0.01058	0.01144	0.00638	0.00811	0.01121	0.01391	0.01834	0.03639	0.47958	0.04202	0.02000	0.00885	0.00287	0.00483	0.28865	0.00621	0.00575
13	0.00834	0.00621	0.00781	0.00903	0.00993	0.00568	0.00635	0.00978	0.01360	0.01759	0.04371	0.55024	0.19309	0.01993	0.00848	0.00265	0.00397	0.07183	0.00623	0.00556
14	0.06400	0.01149	0.01532	0.01180	0.01695	0.01009	0.00975	0.03214	0.01887	0.69676	0.02573	0.02232	0.01620	0.00821	0.00664	0.00208	0.00569	0.00661	0.00812	0.01124
15	0.00959	0.00716	0.01065	0.01065	0.01181	0.00832	0.00822	0.01190	0.01075	0.01548	0.01809	0.02702	0.01706	0.07718	0.71113	0.01062	0.01754	0.00729	0.00361	0.00592
16	0.00954	0.00683	0.00870	0.00823	0.00986	0.00628	0.00617	0.01260	0.01852	0.02625	0.64414	0.04988	0.10363	0.01365	0.00776	0.00209	0.00318	0.01199	0.04439	0.00628
17	0.02345	0.01777	0.01898	0.01502	0.02002	0.01985	0.01226	0.54501	0.18984	0.03897	0.01872	0.01819	0.01353	0.00830	0.00674	0.00207	0.00690	0.00640	0.00674	0.01123
18	0.05459	0.02381	0.08290	0.01531	0.02012	0.34388	0.01287	0.10208	0.01973	0.23662	0.01602	0.01596	0.01131	0.00739	0.00630	0.00192	0.00918	0.00528	0.00526	0.00947
19	0.00968	0.00693	0.00945	0.01058	0.01175	0.00669	0.00840	0.01215	0.01530	0.02047	0.17288	0.29612	0.04546	0.01839	0.00876	0.00277	0.00482	0.32698	0.00644	0.00597
20	0.01776	0.01364	0.01455	0.01281	0.01655	0.01539	0.01004	0.09394	0.52221	0.06961	0.02557	0.02409	0.01902	0.00880	0.00655	0.00215	0.00526	0.00723	0.10462	0.01020
21	0.02506	0.03198	0.01901	0.01729	0.02074	0.73725	0.01296	0.02679	0.01901	0.01642	0.01037	0.01210	0.00864	0.00691	0.00605	0.00173	0.01210	0.00432	0.00346	0.00778
22	0.81159	0.01298	0.00986	0.00882	0.01298	0.01505	0.00727	0.01972	0.01142	0.03010	0.00934	0.01090	0.00727	0.00623	0.00415	0.00208	0.00519	0.00363	0.00415	0.00727
23	0.21508	0.01453	0.01715	0.09131	0.02031	0.01726	0.02934	0.23149	0.01777	0.02800	0.01268	0.01589	0.01016	0.01273	0.08862	0.00320	0.15592	0.00557	0.00451	0.00851
24	0.02037	0.06808	0.01429	0.01060	0.01417	0.03614	0.00864	0.10941	0.04840	0.23618	0.05131	0.02254	0.01728	0.00822	0.00627	0.00186	0.02470	0.00641	0.28622	0.00891
25	0.02084	0.04458	0.02015	0.04002	0.08570	0.41510	0.01387	0.05427	0.01677	0.01804	0.01098	0.01414	0.00945	0.01022	0.05020	0.00252	0.15656	0.00505	0.00347	0.00804

[dist]
# distance from previous block
# <min> <max>
5	9

[block]
# block no. 11 follows, 32 sequences, length 55
# corresponding to MSA columns:
# 869-894,902-930
name=unknown_L
#
# <colnr> <probs for GDERKNQSTAVLIFYWHMCP>
#	G	D	E	R	K	N	Q	S	T	A	V	L	I	F	Y	W	H	M	C	P
0	0.03806	0.04305	0.09346	0.01383	0.06324	0.04281	0.01137	0.04295	0.03850	0.02235	0.01233	0.01432	0.01003	0.00579	0.00586	0.00140	0.02851	0.00445	0.00392	0.50378
1	0.00854	0.00633	0.00797	0.00859	0.00970	0.00576	0.00605	0.01043	0.01521	0.02035	0.25483	0.41076	0.17483	0.01801	0.00824	0.00245	0.00358	0.01601	0.00659	0.00576
2	0.00817	0.00587	0.00775	0.00925	0.00971	0.00546	0.00619	0.00935	0.01294	0.01717	0.03814	0.73395	0.06950	0.02087	0.00854	0.00271	0.00387	0.01889	0.00623	0.00546
3	0.01812	0.01553	0.01878	0.04135	0.04435	0.04692	0.08464	0.06461	0.48177	0.07255	0.02351	0.02264	0.01746	0.00835	0.00689	0.00221	0.00658	0.00724	0.00616	0.01032
4	0.04133	0.04106	0.21529	0.06463	0.05920	0.01560	0.33000	0.02038	0.02896	0.02147	0.04065	0.04584	0.01364	0.00717	0.00720	0.00222	0.00954	0.02329	0.00362	0.00891
5	0.01579	0.01796	0.03879	0.02783	0.03433	0.01712	0.66912	0.02127	0.01560	0.02127	0.01337	0.01796	0.01012	0.00591	0.00851	0.00229	0.04257	0.00783	0.00337	0.00898
6	0.02940	0.01121	0.01520	0.01171	0.01675	0.00972	0.00965	0.03201	0.01900	0.69874	0.02629	0.02293	0.01663	0.00829	0.00666	0.00206	0.00561	0.00673	0.04021	0.01121
7	0.01567	0.07562	0.48702	0.09129	0.02782	0.01550	0.02067	0.04883	0.01523	0.09333	0.01433	0.04042	0.01071	0.00713	0.00640	0.00210	0.00891	0.00567	0.00368	0.00965
8	0.01230	0.00827	0.01313	0.06398	0.10525	0.00840	0.03281	0.01236	0.01176	0.01610	0.06047	0.02805	0.01789	0.01764	0.01789	0.44819	0.00628	0.08315	0.03097	0.00514
9	0.01346	0.03471	0.72942	0.01912	0.02904	0.01558	0.02479	0.02125	0.01417	0.02125	0.01204	0.01417	0.00850	0.00637	0.00637	0.00212	0.00992	0.00496	0.00283	0.00992
10	0.01570	0.01178	0.01808	0.52294	0.03676	0.03015	0.01577	0.01952	0.01470	0.14425	0.01812	0.04727	0.03761	0.00825	0.00689	0.00224	0.00798	0.02972	0.00428	0.00800
11	0.01765	0.05603	0.26137	0.02356	0.20253	0.04596	0.08716	0.06282	0.01637	0.09824	0.01448	0.01658	0.01074	0.00658	0.00646	0.00202	0.00856	0.00576	0.04722	0.00991
12	0.01514	0.01407	0.03968	0.43706	0.12449	0.01602	0.01723	0.10435	0.05091	0.02174	0.01340	0.01776	0.01028	0.00727	0.00768	0.00220	0.05871	0.00603	0.02745	0.00854
13	0.01391	0.01193	0.01391	0.00994	0.01590	0.00894	0.00795	0.01690	0.01391	0.02186	0.01193	0.01391	0.00994	0.00497	0.00497	0.00099	0.00497	0.00398	0.00398	0.80521
14	0.00983	0.00711	0.00950	0.00910	0.01079	0.00647	0.02691	0.01238	0.01696	0.04631	0.42223	0.20938	0.15676	0.01544	0.00802	0.00228	0.00369	0.01370	0.00686	0.00628
15	0.01661	0.01594	0.02724	0.04119	0.72233	0.01594	0.02059	0.02059	0.01528	0.02192	0.01262	0.01661	0.01063	0.00598	0.00664	0.00199	0.00797	0.00598	0.00332	0.01063
16	0.01394	0.01202	0.01414	0.01020	0.01596	0.00934	0.00818	0.01687	0.01379	0.02167	0.01182	0.01394	0.00990	0.00520	0.00555	0.00106	0.03052	0.00404	0.00394	0.77791
17	0.00842	0.00669	0.00748	0.00752	0.00932	0.00584	0.00550	0.01037	0.01575	0.02005	0.22717	0.14020	0.45116	0.04341	0.00894	0.00243	0.00351	0.01406	0.00644	0.00575
18	0.00818	0.00584	0.00779	0.00934	0.00973	0.00545	0.00623	0.00934	0.01285	0.01713	0.03698	0.75981	0.04438	0.02102	0.00856	0.00273	0.00389	0.01908	0.00623	0.00545
19	0.01603	0.45245	0.27855	0.04402	0.02256	0.02200	0.01657	0.02024	0.01369	0.01778	0.01037	0.01239	0.00859	0.00622	0.00577	0.00176	0.03491	0.00425	0.00286	0.00898
20	0.04198	0.08473	0.04250	0.06299	0.32568	0.05019	0.09457	0.09687	0.01735	0.09849	0.01405	0.01649	0.01080	0.00649	0.00650	0.00199	0.00818	0.00591	0.00420	0.01004
21	0.00903	0.00624	0.00784	0.00882	0.00961	0.00574	0.00594	0.01020	0.01310	0.04027	0.03969	0.55175	0.14497	0.09993	0.01116	0.00304	0.00416	0.01691	0.00606	0.00553
22	0.00970	0.00648	0.00733	0.00739	0.00740	0.00647	0.00414	0.00974	0.00986	0.01315	0.02168	0.06825	0.02507	0.73892	0.03328	0.00638	0.00642	0.01007	0.00414	0.00411
23	0.03459	0.04083	0.30802	0.05564	0.11933	0.03319	0.10283	0.03765	0.02990	0.06144	0.01299	0.01578	0.00982	0.00712	0.00849	0.00220	0.10146	0.00572	0.00352	0.00947
24	0.53982	0.09218	0.01563	0.03132	0.09516	0.07468	0.01006	0.03614	0.01321	0.02658	0.01001	0.01192	0.00803	0.00626	0.00472	0.00198	0.00641	0.00406	0.00390	0.00793
25	0.01528	0.01432	0.02411	0.05969	0.58949	0.01437	0.01849	0.01892	0.01495	0.02114	0.01632	0.10312	0.01557	0.00823	0.00697	0.00213	0.00747	0.03590	0.00376	0.00975
26	0.01542	0.05248	0.20908	0.17828	0.15638	0.03420	0.04131	0.06180	0.05818	0.02190	0.01319	0.01611	0.01013	0.00645	0.00634	0.00196	0.00834	0.00550	0.00360	0.09936
27	0.00817	0.00587	0.00776	0.00927	0.00971	0.00546	0.00620	0.00935	0.01291	0.01716	0.03783	0.74071	0.06293	0.02091	0.00855	0.00271	0.00388	0.01894	0.00623	0.00546
28	0.00922	0.00699	0.00878	0.00947	0.03521	0.00660	0.00653	0.01124	0.01462	0.01958	0.19504	0.17796	0.23924	0.08959	0.09388	0.00367	0.00561	0.02786	0.03304	0.00587
29	0.01329	0.00748	0.00866	0.00795	0.01004	0.00719	0.00609	0.04476	0.01709	0.08782	0.27366	0.03546	0.06954	0.01045	0.00628	0.00186	0.00356	0.00880	0.37308	0.00692
30	0.01232	0.00642	0.00677	0.00694	0.00850	0.00642	0.00538	0.01544	0.01423	0.02446	0.02343	0.03074	0.01962	0.00903	0.00521	0.00174	0.00347	0.08205	0.71159	0.00625
31	0.01485	0.01976	0.21809	0.13348	0.09368	0.01470	0.20170	0.04251	0.03191	0.05093	0.01642	0.10095	0.01400	0.00805	0.00715	0.00223	0.00891	0.00777	0.00389	0.00900
32	0.01665	0.01447	0.01773	0.01509	0.01906	0.01610	0.08808	0.09317	0.50681	0.02767	0.02558	0.08892	0.02061	0.00968	0.00709	0.00229	0.00605	0.00850	0.00638	0.01006
33	0.02859	0.01176	0.01553	0.01213	0.01716	0.01063	0.00995	0.03303	0.09727	0.64802	0.02657	0.02309	0.01705	0.00840	0.00676	0.00210	0.00566	0.00684	0.00814	0.01133
34	0.01151	0.00872	0.01151	0.03341	0.03780	0.03030	0.00863	0.01350	0.01318	0.04747	0.11599	0.03496	0.10234	0.07920	0.29778	0.05881	0.04717	0.03686	0.00462	0.00623
35	0.01774	0.26286	0.08755	0.02178	0.23154	0.09521	0.01517	0.05030	0.03322	0.02032	0.01171	0.01391	0.00979	0.00609	0.00562	0.00169	0.00789	0.00476	0.00346	0.09941
36	0.02381	0.14151	0.02114	0.01481	0.01939	0.28149	0.01205	0.25773	0.02234	0.08865	0.01605	0.01644	0.04031	0.00767	0.00614	0.00183	0.00875	0.00543	0.00504	0.00940
