[name]
unknown

[dist]
# distance from previous block
# <min> <max>
0	67

[block]
# block no. 0 follows, 28 sequences, length 63
# corresponding to MSA columns:
# 67-129
name=unknown_A
#
# <colnr> <probs for GDERKNQSTAVLIFYWHMCP>
#	G	D	E	R	K	N	Q	S	T	A	V	L	I	F	Y	W	H	M	C	P
0	0.01917	0.04972	0.05426	0.04941	0.01950	0.18406	0.01220	0.12439	0.01941	0.06043	0.02415	0.10375	0.05296	0.09574	0.01101	0.00291	0.00850	0.09463	0.00542	0.00836
1	0.01244	0.00955	0.01333	0.03533	0.10015	0.00977	0.00977	0.01488	0.06004	0.01973	0.08740	0.18121	0.09446	0.03775	0.03692	0.18046	0.04175	0.01109	0.00516	0.03881
2	0.02040	0.56646	0.06594	0.01384	0.01989	0.10243	0.01332	0.05628	0.04765	0.01952	0.01164	0.01300	0.01008	0.00669	0.00524	0.00170	0.00841	0.00438	0.00359	0.00955
3	0.01943	0.74891	0.03809	0.01244	0.01866	0.02876	0.01244	0.02177	0.01477	0.01710	0.01011	0.01166	0.00933	0.00622	0.00466	0.00155	0.00777	0.00389	0.00311	0.00933
4	0.00939	0.00725	0.00857	0.00854	0.01039	0.00643	0.00629	0.01187	0.01801	0.02377	0.34876	0.15436	0.32538	0.01741	0.00868	0.00245	0.00364	0.01508	0.00731	0.00643
5	0.00919	0.00731	0.00812	0.00805	0.01006	0.00638	0.00591	0.01136	0.01726	0.02201	0.24614	0.10107	0.44844	0.05418	0.01005	0.00267	0.00381	0.01477	0.00699	0.00624
6	0.01038	0.00779	0.01168	0.01168	0.01298	0.00909	0.00909	0.01298	0.01168	0.01687	0.01947	0.02856	0.01817	0.05452	0.71573	0.01168	0.01947	0.00779	0.00389	0.00649
7	0.09228	0.00792	0.00954	0.00963	0.01135	0.00762	0.00703	0.01395	0.01713	0.05298	0.33126	0.30023	0.07854	0.01682	0.00836	0.00253	0.00407	0.01479	0.00717	0.00681
8	0.10842	0.01149	0.01238	0.01088	0.01415	0.01186	0.00852	0.15916	0.05187	0.06440	0.18802	0.09745	0.15639	0.01295	0.00752	0.00231	0.00503	0.01073	0.05801	0.00844
9	0.00982	0.00655	0.00819	0.00929	0.01015	0.00616	0.00639	0.01169	0.01486	0.02107	0.09419	0.51773	0.07704	0.01927	0.00842	0.00264	0.00397	0.01722	0.14920	0.00616
10	0.00886	0.00633	0.00843	0.01012	0.01054	0.00590	0.00675	0.01012	0.01392	0.01856	0.04006	0.73979	0.04808	0.02277	0.00928	0.00295	0.00422	0.02066	0.00675	0.00590
11	0.07978	0.00790	0.00940	0.01003	0.01135	0.00777	0.00697	0.01394	0.04276	0.05796	0.06890	0.47044	0.06722	0.09669	0.01157	0.00322	0.00475	0.01626	0.00651	0.00657
12	0.08231	0.00971	0.01080	0.01008	0.01210	0.00988	0.00720	0.10448	0.01662	0.07084	0.06574	0.19487	0.07608	0.23888	0.01667	0.00386	0.00574	0.01176	0.04529	0.00706
13	0.13074	0.01160	0.01151	0.01001	0.01324	0.01258	0.00794	0.18291	0.04802	0.03272	0.02043	0.02247	0.01566	0.00834	0.00564	0.00193	0.00496	0.00637	0.44442	0.00853
14	0.00905	0.00742	0.00800	0.00798	0.01026	0.00638	0.00606	0.01126	0.01732	0.02149	0.18677	0.06763	0.54945	0.01783	0.00866	0.00247	0.00378	0.04492	0.00698	0.00630
15	0.49022	0.01260	0.01173	0.01112	0.03780	0.01385	0.00820	0.04271	0.01386	0.09364	0.01613	0.05950	0.01452	0.13468	0.01081	0.00311	0.00603	0.00650	0.00510	0.00789
16	0.01415	0.00811	0.00952	0.00878	0.01043	0.00750	0.00591	0.01523	0.01423	0.14226	0.06646	0.04865	0.17484	0.41560	0.02397	0.00493	0.00598	0.01115	0.00593	0.00636
17	0.79588	0.01406	0.01068	0.00956	0.01406	0.01631	0.00787	0.02137	0.01237	0.03261	0.01012	0.01181	0.00787	0.00675	0.00450	0.00225	0.00562	0.00394	0.00450	0.00787
18	0.01619	0.01447	0.02052	0.01899	0.09374	0.03994	0.09161	0.07845	0.01612	0.02284	0.06634	0.02379	0.01734	0.07724	0.05619	0.04636	0.16658	0.00737	0.03748	0.08843
19	0.01042	0.00729	0.00964	0.00974	0.01066	0.00763	0.00689	0.01231	0.01336	0.01896	0.13951	0.12059	0.03267	0.23579	0.28205	0.00720	0.01056	0.01093	0.04786	0.00591
20	0.01024	0.00750	0.01043	0.01046	0.01159	0.00811	0.00773	0.01244	0.01317	0.01852	0.12665	0.08663	0.04942	0.15423	0.42951	0.00862	0.01351	0.01018	0.00489	0.00617
21	0.01464	0.01401	0.02420	0.57379	0.16192	0.01646	0.05340	0.01946	0.01502	0.01971	0.01314	0.01915	0.01007	0.00707	0.00732	0.00238	0.00964	0.00657	0.00332	0.00876
22	0.06986	0.01735	0.02641	0.11631	0.35803	0.04439	0.08711	0.06704	0.07062	0.04982	0.01541	0.01866	0.01206	0.00710	0.00717	0.00224	0.00876	0.00663	0.00436	0.01065
23	0.00901	0.00733	0.00768	0.00762	0.00969	0.00632	0.00552	0.01079	0.01624	0.01993	0.13124	0.06556	0.54850	0.10827	0.01212	0.00301	0.00407	0.01452	0.00659	0.00600
24	0.09621	0.02360	0.26080	0.08405	0.19506	0.01681	0.08130	0.04817	0.03397	0.04481	0.01410	0.01703	0.01063	0.00690	0.00690	0.00224	0.00919	0.00603	0.00391	0.03828
25	0.02202	0.42805	0.05455	0.01472	0.02022	0.21832	0.01329	0.08772	0.01833	0.02066	0.01170	0.01328	0.00994	0.00692	0.00554	0.00174	0.00924	0.00452	0.02989	0.00934
26	0.01486	0.01603	0.11800	0.01762	0.12920	0.01186	0.01334	0.01942	0.03738	0.04823	0.12763	0.02757	0.08318	0.00895	0.00734	0.00189	0.02623	0.00751	0.00505	0.27870
27	0.04099	0.09874	0.15850	0.04136	0.02438	0.01898	0.08964	0.16727	0.06225	0.02774	0.05421	0.02098	0.04087	0.00880	0.00883	0.00228	0.08569	0.00689	0.00487	0.03674
28	0.01821	0.01736	0.08488	0.02060	0.08149	0.04874	0.17336	0.06472	0.08675	0.10769	0.07790	0.14009	0.02367	0.01062	0.00797	0.00241	0.00814	0.00994	0.00573	0.00974
29	0.01644	0.01582	0.02731	0.28749	0.44040	0.01692	0.04834	0.02102	0.01586	0.02188	0.01345	0.01855	0.01084	0.00674	0.00728	0.00226	0.00916	0.00656	0.00347	0.01022
30	0.01774	0.01796	0.03345	0.04050	0.50423	0.01760	0.21411	0.02260	0.01673	0.02361	0.01398	0.01847	0.01137	0.00637	0.00760	0.00225	0.00970	0.00710	0.00362	0.01101
31	0.01235	0.00783	0.01047	0.01152	0.04276	0.02956	0.00742	0.01126	0.01151	0.01540	0.02001	0.19198	0.02162	0.04389	0.04622	0.46471	0.00654	0.00984	0.03046	0.00464
32	0.01148	0.00798	0.00936	0.00904	0.01114	0.00728	0.00665	0.01453	0.04844	0.07242	0.24679	0.14214	0.29418	0.07275	0.01071	0.00281	0.00421	0.01406	0.00714	0.00690
33	0.36098	0.01528	0.01479	0.01211	0.01688	0.01684	0.00993	0.25071	0.02119	0.10698	0.01613	0.01683	0.01169	0.00786	0.00583	0.00216	0.00626	0.00551	0.09223	0.00979
34	0.02005	0.01610	0.01718	0.01496	0.01937	0.01833	0.01178	0.12384	0.56719	0.06430	0.02792	0.02571	0.02067	0.00967	0.00738	0.00242	0.00607	0.00795	0.00746	0.01166
35	0.15306	0.01059	0.01176	0.01083	0.01389	0.01072	0.00838	0.07108	0.05439	0.13525	0.11097	0.20120	0.10414	0.01396	0.00759	0.00247	0.00507	0.03308	0.03328	0.00829
36	0.01072	0.00726	0.00894	0.00906	0.01021	0.00684	0.00620	0.01232	0.01501	0.04881	0.18622	0.22217	0.13706	0.23111	0.05173	0.00432	0.00562	0.01407	0.00630	0.00602
37	0.79588	0.01406	0.01068	0.00956	0.01406	0.01631	0.00787	0.02137	0.01237	0.03261	0.01012	0.01181	0.00787	0.00675	0.00450	0.00225	0.00562	0.00394	0.00450	0.00787
38	0.00944	0.00690	0.00812	0.00868	0.00958	0.00639	0.00573	0.01064	0.01411	0.01834	0.09819	0.30190	0.20497	0.24320	0.01758	0.00403	0.00489	0.01560	0.00613	0.00558
39	0.03958	0.00906	0.01062	0.01039	0.01247	0.00883	0.00761	0.09456	0.01774	0.07459	0.08847	0.35936	0.15229	0.04324	0.00940	0.00275	0.00480	0.01509	0.03182	0.00733
40	0.00973	0.00733	0.00906	0.00958	0.01100	0.00683	0.00691	0.01264	0.04422	0.02264	0.24870	0.34220	0.18183	0.01884	0.00887	0.00264	0.00402	0.03928	0.00716	0.00650
41	0.01413	0.00911	0.01109	0.01010	0.01282	0.00859	0.00783	0.01908	0.09545	0.12607	0.36539	0.05118	0.19027	0.01437	0.00831	0.00237	0.00426	0.03377	0.00776	0.00804
42	0.04770	0.00814	0.00948	0.00956	0.01098	0.00803	0.00663	0.01463	0.06952	0.04411	0.15860	0.25477	0.10551	0.20114	0.01565	0.00372	0.00499	0.01394	0.00641	0.00649
43	0.01279	0.00888	0.00998	0.00929	0.01171	0.00837	0.00701	0.08114	0.01854	0.06155	0.16607	0.09472	0.31192	0.08142	0.01078	0.00280	0.00461	0.03035	0.06092	0.00714
44	0.01372	0.00877	0.01120	0.01012	0.01252	0.00834	0.00774	0.01861	0.08067	0.11163	0.55392	0.04824	0.05823	0.01369	0.00831	0.00230	0.00398	0.01199	0.00807	0.00795
45	0.02783	0.02005	0.02162	0.01658	0.02239	0.02208	0.01369	0.65020	0.03366	0.07130	0.01789	0.01773	0.01258	0.00874	0.00727	0.00218	0.00793	0.00657	0.00734	0.01236
46	0.72563	0.01444	0.01293	0.01215	0.04873	0.01644	0.03590	0.02149	0.01277	0.03179	0.01048	0.01243	0.00818	0.00671	0.00480	0.00225	0.00604	0.00425	0.00442	0.00813
47	0.01405	0.01048	0.01255	0.03166	0.03235	0.01091	0.00864	0.11502	0.08420	0.02307	0.05275	0.13411	0.10256	0.16826	0.06328	0.08114	0.00697	0.01075	0.00565	0.03160
48	0.01742	0.01713	0.02433	0.01997	0.02171	0.04595	0.10003	0.08598	0.01464	0.02113	0.01154	0.01703	0.01042	0.01322	0.05176	0.00333	0.50541	0.00667	0.00372	0.00859
49	0.01651	0.01133	0.01265	0.01091	0.01435	0.01123	0.00864	0.17831	0.04464	0.09360	0.16506	0.04671	0.27615	0.01377	0.00797	0.00232	0.00507	0.02807	0.04409	0.00862
50	0.01072	0.00721	0.00894	0.00958	0.01094	0.00656	0.00679	0.01236	0.01527	0.06362	0.08598	0.39673	0.19958	0.08150	0.01134	0.00312	0.00455	0.05209	0.00677	0.00635
51	0.01554	0.01533	0.02157	0.05735	0.02026	0.02122	0.01560	0.01723	0.01129	0.01739	0.01035	0.01757	0.01034	0.04648	0.02356	0.00332	0.65800	0.00656	0.00324	0.00779
52	0.01475	0.01123	0.01299	0.01057	0.01508	0.00963	0.00852	0.06590	0.01707	0.02577	0.05374	0.03062	0.05276	0.00918	0.00638	0.00169	0.00521	0.08905	0.14792	0.41194
53	0.01126	0.00729	0.00887	0.00916	0.01041	0.00670	0.00624	0.01262	0.01470	0.07398	0.09214	0.31882	0.17511	0.20018	0.01584	0.00376	0.00491	0.01539	0.00644	0.00617
54	0.00948	0.00719	0.00814	0.00818	0.00967	0.00650	0.00568	0.01117	0.01574	0.02031	0.19727	0.13016	0.32622	0.19411	0.01554	0.00358	0.00450	0.01424	0.00646	0.00585
55	0.02043	0.01470	0.01581	0.01306	0.01695	0.01605	0.01033	0.33672	0.12158	0.03564	0.08427	0.02681	0.02149	0.07487	0.00964	0.00257	0.00628	0.00781	0.15504	0.00995
56	0.01760	0.01191	0.01386	0.01243	0.01563	0.01267	0.00952	0.05690	0.27727	0.13661	0.09376	0.09500	0.05554	0.08186	0.07247	0.00366	0.00681	0.01002	0.00705	0.00945
57	0.01362	0.00876	0.01071	0.01067	0.01232	0.00872	0.00750	0.01805	0.12107	0.10221	0.08974	0.34208	0.03774	0.16521	0.01432	0.00357	0.00520	0.01440	0.00675	0.00734
58	0.00952	0.00709	0.00852	0.00875	0.01035	0.00638	0.00634	0.01188	0.01735	0.02331	0.30059	0.23819	0.25699	0.01778	0.00862	0.00249	0.00371	0.01554	0.04024	0.00638
59	0.21845	0.02464	0.01772	0.01553	0.01986	0.34192	0.01208	0.12142	0.09223	0.05013	0.01442	0.01531	0.01110	0.00779	0.00626	0.00209	0.00948	0.00523	0.00501	0.00932
60	0.05265	0.01248	0.01531	0.01223	0.01707	0.01179	0.00996	0.09877	0.06286	0.44078	0.03092	0.02837	0.08444	0.00983	0.00714	0.00223	0.00583	0.00792	0.07838	0.01104
61	0.01273	0.00781	0.00958	0.00962	0.01134	0.00723	0.00685	0.01510	0.03754	0.10812	0.11053	0.31708	0.15953	0.10187	0.01178	0.00310	0.00463	0.01496	0.04367	0.00693
62	0.01258	0.00830	0.00923	0.00870	0.01130	0.00733	0.00653	0.03624	0.01719	0.10671	0.07617	0.12180	0.45324	0.05669	0.00990	0.00269	0.00436	0.01395	0.03004	0.00705

[dist]
# distance from previous block
# <min> <max>
6	14

[block]
# block no. 1 follows, 28 sequences, length 15
# corresponding to MSA columns:
# 144-158
name=unknown_B
#
# <colnr> <probs for GDERKNQSTAVLIFYWHMCP>
#	G	D	E	R	K	N	Q	S	T	A	V	L	I	F	Y	W	H	M	C	P
0	0.01571	0.01424	0.02247	0.05520	0.32046	0.01445	0.06828	0.05822	0.05904	0.02393	0.06435	0.03000	0.10090	0.06301	0.05521	0.00321	0.00842	0.00861	0.00477	0.00954
1	0.04298	0.00922	0.00965	0.03769	0.01246	0.00971	0.00707	0.09087	0.04658	0.02874	0.02528	0.02769	0.05715	0.00903	0.00570	0.00188	0.00436	0.00720	0.55909	0.00766
2	0.01590	0.01590	0.02226	0.01908	0.01908	0.02226	0.01590	0.01749	0.01113	0.01749	0.00954	0.01590	0.00954	0.01272	0.02385	0.00318	0.73123	0.00636	0.00318	0.00795
3	0.00891	0.00674	0.00824	0.00920	0.01036	0.00606	0.00639	0.01056	0.01534	0.01989	0.11242	0.47402	0.24414	0.02071	0.00901	0.00274	0.00398	0.01836	0.00687	0.00606
4	0.01652	0.00879	0.01121	0.01000	0.01273	0.00793	0.00759	0.01889	0.01783	0.22483	0.21877	0.09399	0.17105	0.09249	0.05120	0.00338	0.00564	0.01180	0.00735	0.00801
5	0.02288	0.01656	0.01808	0.01477	0.01950	0.01819	0.01189	0.33876	0.23789	0.09015	0.08609	0.02488	0.02141	0.00968	0.00736	0.00227	0.00656	0.00776	0.03393	0.01138
6	0.01045	0.00700	0.00796	0.00808	0.00811	0.00697	0.00457	0.01054	0.01081	0.01441	0.02411	0.09616	0.02795	0.69387	0.03505	0.00676	0.00685	0.01128	0.00457	0.00451
7	0.17040	0.00914	0.00954	0.00895	0.01105	0.00930	0.00641	0.01582	0.03896	0.06610	0.09068	0.03968	0.14817	0.22348	0.01752	0.07754	0.00549	0.00950	0.03587	0.00641
8	0.01034	0.00707	0.00836	0.00840	0.00889	0.00693	0.00523	0.01097	0.01249	0.01671	0.10869	0.09282	0.08728	0.48928	0.05865	0.03952	0.00666	0.01162	0.00511	0.00498
9	0.01799	0.01312	0.01543	0.01439	0.01778	0.01413	0.01195	0.19253	0.16487	0.05897	0.03075	0.08072	0.02921	0.01458	0.00860	0.00279	0.00670	0.28899	0.00710	0.00941
10	0.01068	0.00717	0.00828	0.00844	0.00860	0.00717	0.00509	0.01099	0.01115	0.01481	0.02437	0.05080	0.02787	0.67646	0.03446	0.00670	0.00701	0.07069	0.00462	0.00462
11	0.33716	0.01120	0.01080	0.00971	0.01279	0.01187	0.00730	0.04817	0.01444	0.11117	0.02395	0.07200	0.08178	0.20276	0.01418	0.00357	0.00591	0.00830	0.00552	0.00745
12	0.01040	0.00771	0.01126	0.01126	0.01242	0.00886	0.00857	0.01271	0.01156	0.01657	0.01985	0.03067	0.01909	0.13122	0.64029	0.01117	0.01809	0.00810	0.00395	0.00626
13	0.00886	0.00633	0.00843	0.01012	0.01054	0.00590	0.00675	0.01012	0.01392	0.01856	0.04006	0.73979	0.04808	0.02277	0.00928	0.00295	0.00422	0.02066	0.00675	0.00590
14	0.01199	0.00788	0.00960	0.00973	0.01109	0.00756	0.00671	0.01473	0.06130	0.07526	0.11767	0.31034	0.10737	0.19646	0.01563	0.00373	0.00503	0.01478	0.00655	0.00659

[dist]
# distance from previous block
# <min> <max>
0	1

[block]
# block no. 2 follows, 28 sequences, length 8
# corresponding to MSA columns:
# 160-167
name=unknown_C
#
# <colnr> <probs for GDERKNQSTAVLIFYWHMCP>
#	G	D	E	R	K	N	Q	S	T	A	V	L	I	F	Y	W	H	M	C	P
0	0.01004	0.00711	0.00802	0.00806	0.00876	0.00678	0.00501	0.01083	0.01298	0.01698	0.10108	0.09305	0.16811	0.48233	0.02678	0.00540	0.00584	0.01238	0.00538	0.00509
1	0.01160	0.00790	0.00893	0.00872	0.00916	0.00802	0.00525	0.05639	0.01249	0.01666	0.02399	0.10456	0.02730	0.63216	0.03258	0.00636	0.00687	0.01115	0.00480	0.00508
2	0.01373	0.01292	0.02180	0.72707	0.05006	0.01615	0.02019	0.01857	0.01453	0.01857	0.01292	0.01938	0.00969	0.00727	0.00727	0.00242	0.00969	0.00646	0.00323	0.00807
3	0.01610	0.01326	0.01324	0.01264	0.01505	0.09425	0.00935	0.14271	0.06101	0.04952	0.05622	0.38913	0.06503	0.01648	0.00832	0.00257	0.00611	0.01429	0.00666	0.00807
4	0.15636	0.01226	0.01345	0.01168	0.01525	0.01290	0.00911	0.09217	0.14426	0.14738	0.17869	0.06585	0.03023	0.06740	0.00950	0.00270	0.00553	0.00906	0.00703	0.00921
5	0.01719	0.27613	0.11169	0.01498	0.02009	0.02073	0.03766	0.07643	0.10410	0.02252	0.02091	0.04560	0.07611	0.01104	0.03267	0.00251	0.08866	0.00705	0.00452	0.00940
6	0.01111	0.00779	0.01106	0.01158	0.03114	0.00841	0.00817	0.01208	0.01208	0.01668	0.04455	0.09664	0.05432	0.12558	0.29830	0.17285	0.03619	0.03141	0.00438	0.00567
7	0.01002	0.00711	0.00852	0.00872	0.00938	0.00703	0.00564	0.01099	0.01255	0.01666	0.06849	0.14249	0.12295	0.41393	0.11882	0.00622	0.00767	0.01237	0.00517	0.00526

[dist]
# distance from previous block
# <min> <max>
0	2

[block]
# block no. 3 follows, 28 sequences, length 30
# corresponding to MSA columns:
# 170-199
name=unknown_D
#
# <colnr> <probs for GDERKNQSTAVLIFYWHMCP>
#	G	D	E	R	K	N	Q	S	T	A	V	L	I	F	Y	W	H	M	C	P
0	0.01626	0.06346	0.01726	0.01183	0.01751	0.01190	0.02956	0.05485	0.03705	0.04993	0.05499	0.04156	0.01636	0.02844	0.00689	0.00160	0.00584	0.00597	0.00493	0.52381
1	0.04039	0.04434	0.03627	0.03236	0.01714	0.09484	0.01081	0.06284	0.03489	0.12884	0.09960	0.10476	0.02541	0.02258	0.18719	0.00469	0.01025	0.02855	0.00579	0.00846
2	0.01691	0.01268	0.01488	0.01163	0.01684	0.01095	0.00932	0.10892	0.01831	0.07527	0.04073	0.06451	0.05824	0.01018	0.02481	0.00193	0.00601	0.04180	0.00556	0.45052
3	0.06084	0.01440	0.01610	0.01199	0.01793	0.01287	0.00968	0.16978	0.01963	0.02958	0.05085	0.01757	0.01411	0.00674	0.00594	0.00146	0.00589	0.00528	0.00520	0.52414
4	0.51813	0.01480	0.01344	0.01146	0.01619	0.01660	0.00936	0.10191	0.10097	0.11253	0.01561	0.01592	0.01139	0.00764	0.00552	0.00227	0.00598	0.00518	0.00572	0.00938
5	0.01592	0.01588	0.02348	0.01916	0.02086	0.02008	0.08564	0.01823	0.01233	0.01899	0.01057	0.01619	0.00987	0.01098	0.01962	0.00281	0.55202	0.00631	0.00339	0.11765
6	0.01933	0.01383	0.01542	0.01351	0.01753	0.01506	0.01059	0.05335	0.44327	0.13984	0.11776	0.03175	0.05509	0.01069	0.00758	0.00240	0.00550	0.00896	0.00771	0.01084
7	0.02715	0.03464	0.02060	0.01873	0.02247	0.71536	0.01404	0.02903	0.02060	0.01779	0.01124	0.01311	0.00936	0.00749	0.00655	0.00187	0.01311	0.00468	0.00375	0.00843
8	0.01001	0.00715	0.00976	0.01144	0.01237	0.00690	0.00875	0.01212	0.01505	0.01985	0.03943	0.47411	0.04556	0.02169	0.00959	0.00311	0.00522	0.27496	0.00673	0.00622
9	0.00890	0.00731	0.00783	0.00783	0.01004	0.00625	0.00582	0.01098	0.01710	0.02121	0.17850	0.10627	0.55067	0.01805	0.00863	0.00245	0.00367	0.01527	0.00697	0.00625
10	0.01661	0.01982	0.07372	0.02606	0.03242	0.06687	0.48899	0.02202	0.01738	0.02306	0.07387	0.06847	0.01810	0.00809	0.00838	0.00242	0.01096	0.00929	0.00421	0.00925
11	0.01171	0.00837	0.01171	0.01339	0.01506	0.00837	0.01171	0.01506	0.01673	0.02175	0.03849	0.08199	0.04183	0.02008	0.01004	0.00335	0.00669	0.65027	0.00669	0.00669
12	0.00924	0.00741	0.00822	0.00845	0.01051	0.00650	0.00642	0.01132	0.01662	0.02064	0.13357	0.10851	0.48434	0.04839	0.00997	0.00276	0.00418	0.08994	0.00678	0.00620
13	0.00947	0.00697	0.00897	0.01014	0.01126	0.00648	0.00744	0.01142	0.01554	0.02040	0.11317	0.44123	0.15666	0.02075	0.00923	0.00287	0.00449	0.13047	0.00687	0.00618
14	0.01724	0.01473	0.01571	0.01418	0.01804	0.01687	0.01101	0.03594	0.61437	0.03027	0.10131	0.03005	0.02719	0.01040	0.00752	0.00245	0.00550	0.00875	0.00746	0.01101
15	0.00906	0.00647	0.00867	0.01036	0.01087	0.00608	0.00711	0.01048	0.01412	0.01879	0.03995	0.69226	0.04763	0.02258	0.00933	0.00298	0.00440	0.06616	0.00674	0.00596
16	0.01698	0.01623	0.02767	0.20718	0.54457	0.01700	0.02180	0.02142	0.01607	0.02251	0.01349	0.01832	0.01108	0.00667	0.00721	0.00222	0.00889	0.00647	0.00351	0.01069
17	0.00954	0.00707	0.00898	0.00970	0.01101	0.00650	0.00712	0.01177	0.01664	0.02216	0.23449	0.34431	0.17303	0.01939	0.00903	0.00271	0.00417	0.08896	0.00710	0.00631
18	0.01839	0.01159	0.01374	0.01144	0.01511	0.01129	0.00908	0.17522	0.02310	0.15371	0.30063	0.04108	0.13412	0.01252	0.00793	0.00224	0.00512	0.01053	0.00770	0.03546
19	0.79588	0.01406	0.01068	0.00956	0.01406	0.01631	0.00787	0.02137	0.01237	0.03261	0.01012	0.01181	0.00787	0.00675	0.00450	0.00225	0.00562	0.00394	0.00450	0.00787
20	0.00920	0.00677	0.00861	0.00952	0.01047	0.00632	0.00658	0.01087	0.01499	0.01993	0.13828	0.45939	0.14896	0.06187	0.04959	0.00348	0.00502	0.01749	0.00665	0.00603
21	0.10857	0.01254	0.01625	0.01260	0.01811	0.01124	0.01040	0.03403	0.01997	0.63740	0.02683	0.02345	0.01699	0.00877	0.00703	0.00225	0.00613	0.00697	0.00855	0.01192
22	0.01057	0.00705	0.00793	0.00793	0.00793	0.00705	0.00440	0.01057	0.01057	0.01409	0.02290	0.04757	0.02643	0.74454	0.03700	0.00705	0.00705	0.01057	0.00440	0.00440
23	0.01458	0.03760	0.70688	0.02072	0.03146	0.01688	0.02686	0.02302	0.01535	0.02302	0.01304	0.01535	0.00921	0.00691	0.00691	0.00230	0.01074	0.00537	0.00307	0.01074
24	0.01329	0.01110	0.01570	0.05798	0.18391	0.01097	0.01189	0.06312	0.01890	0.02555	0.24341	0.06925	0.18360	0.01328	0.00818	0.00237	0.00566	0.04737	0.00620	0.00827
25	0.02337	0.02666	0.01967	0.06882	0.02310	0.44475	0.01392	0.02840	0.12245	0.04539	0.01506	0.01704	0.01208	0.01026	0.03739	0.00253	0.07005	0.00572	0.00443	0.00891
26	0.10950	0.13951	0.02140	0.01421	0.01957	0.07741	0.01191	0.21180	0.08137	0.21475	0.01904	0.01835	0.01352	0.00817	0.00650	0.00210	0.00744	0.00602	0.00646	0.01097
27	0.02666	0.01502	0.01776	0.01407	0.01915	0.01531	0.01146	0.25722	0.10609	0.31825	0.09786	0.02572	0.02207	0.00965	0.00745	0.00226	0.00647	0.00779	0.00809	0.01166
28	0.01694	0.00935	0.01264	0.01136	0.01330	0.00954	0.00858	0.06358	0.01551	0.15299	0.09705	0.06750	0.04573	0.02166	0.08914	0.29639	0.04777	0.00855	0.00553	0.00689
29	0.01852	0.01612	0.05827	0.02102	0.17697	0.07624	0.01400	0.02446	0.12462	0.13049	0.02639	0.13982	0.05585	0.01291	0.03219	0.00273	0.02726	0.02659	0.00579	0.00976

[dist]
# distance from previous block
# <min> <max>
10	31

[block]
# block no. 4 follows, 28 sequences, length 81
# corresponding to MSA columns:
# 231-262,266-314
name=unknown_E
#
# <colnr> <probs for GDERKNQSTAVLIFYWHMCP>
#	G	D	E	R	K	N	Q	S	T	A	V	L	I	F	Y	W	H	M	C	P
0	0.01701	0.01532	0.10396	0.10047	0.05964	0.03805	0.01320	0.06653	0.01811	0.12993	0.12567	0.14151	0.04758	0.03923	0.00878	0.00250	0.00690	0.00998	0.00593	0.04970
1	0.02303	0.08588	0.13932	0.04525	0.02092	0.03654	0.01350	0.05083	0.01841	0.31999	0.02444	0.08671	0.03602	0.00970	0.00704	0.00222	0.00717	0.00788	0.05478	0.01038
2	0.01086	0.09325	0.04115	0.03403	0.01386	0.00964	0.00865	0.01294	0.01481	0.01936	0.06681	0.40607	0.13407	0.03936	0.00915	0.00271	0.00517	0.03597	0.00596	0.03617
3	0.01628	0.01568	0.06728	0.02193	0.16594	0.05692	0.12215	0.01998	0.01730	0.09262	0.09200	0.12359	0.13369	0.01161	0.00800	0.00237	0.00754	0.01062	0.00547	0.00903
4	0.01990	0.08460	0.09559	0.04569	0.16529	0.17419	0.03263	0.10049	0.01850	0.02333	0.01447	0.06172	0.01275	0.00858	0.00846	0.00218	0.07682	0.00660	0.00416	0.04405
5	0.04080	0.00943	0.01067	0.00946	0.01275	0.00813	0.00717	0.03606	0.01680	0.02349	0.14754	0.16144	0.24677	0.01421	0.00762	0.00211	0.00442	0.01211	0.00621	0.22282
6	0.21717	0.08807	0.02138	0.01650	0.04601	0.10707	0.07232	0.17462	0.11083	0.03064	0.01559	0.01679	0.01196	0.00766	0.00630	0.00215	0.00798	0.00582	0.03126	0.00988
7	0.01235	0.00780	0.00934	0.00936	0.01044	0.00759	0.00636	0.01413	0.03629	0.07062	0.05605	0.14866	0.07528	0.39009	0.02314	0.00492	0.00602	0.07419	0.03138	0.00598
8	0.01478	0.01064	0.01345	0.01273	0.01503	0.05345	0.05532	0.01753	0.03630	0.11613	0.05338	0.30968	0.08323	0.06931	0.01076	0.00303	0.00617	0.10508	0.00653	0.00747
9	0.01826	0.52178	0.23132	0.01502	0.02248	0.04557	0.01666	0.02234	0.01511	0.01884	0.01099	0.01277	0.00929	0.00646	0.00537	0.00178	0.00879	0.00434	0.00312	0.00971
10	0.00943	0.00732	0.00857	0.00841	0.01037	0.00647	0.00625	0.01199	0.01832	0.02414	0.37064	0.10822	0.34977	0.01700	0.00863	0.00241	0.00360	0.01465	0.00735	0.00647
11	0.01017	0.00708	0.00814	0.00825	0.00872	0.00695	0.00504	0.01074	0.01195	0.01574	0.05074	0.10110	0.11478	0.53974	0.06592	0.00625	0.00695	0.01186	0.00496	0.00492
12	0.01580	0.01548	0.02209	0.01876	0.01914	0.02116	0.04020	0.01768	0.01162	0.01831	0.01062	0.01674	0.01016	0.01221	0.02211	0.00306	0.65876	0.00647	0.05169	0.00795
13	0.01039	0.00775	0.01149	0.01149	0.01272	0.00898	0.00885	0.01286	0.01163	0.01673	0.01964	0.02952	0.01859	0.08955	0.68128	0.01145	0.01884	0.00793	0.00392	0.00638
14	0.16208	0.01480	0.01575	0.01285	0.01745	0.01588	0.01043	0.25270	0.09288	0.15837	0.06228	0.02226	0.01788	0.00889	0.00661	0.00218	0.00616	0.00683	0.10328	0.01044
15	0.01042	0.00703	0.00820	0.00834	0.00846	0.00708	0.00489	0.01068	0.01092	0.01463	0.02410	0.10338	0.02770	0.64231	0.07682	0.00700	0.00758	0.01123	0.00457	0.00466
16	0.13669	0.02322	0.01599	0.01428	0.01790	0.35848	0.01097	0.10448	0.01978	0.02563	0.01482	0.01679	0.01173	0.00777	0.00599	0.00192	0.00906	0.00530	0.19075	0.00844
17	0.01074	0.00830	0.01236	0.01215	0.01337	0.00992	0.00952	0.01327	0.01165	0.01691	0.01884	0.02775	0.01762	0.05186	0.67170	0.01114	0.06477	0.00770	0.00385	0.00658
18	0.00982	0.00748	0.00861	0.00865	0.01073	0.00668	0.00671	0.01243	0.01772	0.02325	0.25408	0.06413	0.37913	0.01694	0.00856	0.00247	0.00398	0.09677	0.05539	0.00647
19	0.79588	0.01406	0.01068	0.00956	0.01406	0.01631	0.00787	0.02137	0.01237	0.03261	0.01012	0.01181	0.00787	0.00675	0.00450	0.00225	0.00562	0.00394	0.00450	0.00787
20	0.00953	0.00713	0.00885	0.00899	0.01054	0.00645	0.00652	0.01205	0.01796	0.02427	0.38596	0.23245	0.20725	0.01769	0.00876	0.00249	0.00369	0.01556	0.00740	0.00645
21	0.00902	0.00645	0.00861	0.01022	0.01074	0.00604	0.00696	0.01045	0.01426	0.01905	0.06225	0.68954	0.04852	0.02239	0.00929	0.00295	0.00429	0.04623	0.00679	0.00597
22	0.01808	0.01561	0.01644	0.01479	0.01890	0.01808	0.01151	0.03863	0.68606	0.03041	0.02959	0.02712	0.02219	0.00986	0.00740	0.00247	0.00575	0.00822	0.00740	0.01151
23	0.79588	0.01406	0.01068	0.00956	0.01406	0.01631	0.00787	0.02137	0.01237	0.03261	0.01012	0.01181	0.00787	0.00675	0.00450	0.00225	0.00562	0.00394	0.00450	0.00787
24	0.01507	0.01292	0.01507	0.01077	0.01723	0.00969	0.00861	0.01830	0.01507	0.02369	0.01292	0.01507	0.01077	0.00538	0.00538	0.00108	0.00538	0.00431	0.00431	0.78898
25	0.01038	0.00779	0.01168	0.01168	0.01298	0.00909	0.00909	0.01298	0.01168	0.01687	0.01947	0.02856	0.01817	0.05452	0.71573	0.01168	0.01947	0.00779	0.00389	0.00649
26	0.01039	0.00751	0.01022	0.01022	0.01110	0.00827	0.00732	0.01205	0.01147	0.01600	0.02259	0.03667	0.04504	0.29458	0.45333	0.00973	0.01457	0.00903	0.00417	0.00575
27	0.01591	0.01427	0.02077	0.47024	0.06895	0.01710	0.01766	0.06562	0.18706	0.02355	0.01749	0.02117	0.01313	0.00799	0.00730	0.00241	0.00853	0.00691	0.00457	0.00937
28	0.01039	0.00776	0.01155	0.01155	0.01280	0.00901	0.00892	0.01290	0.01164	0.01678	0.01959	0.02923	0.01846	0.07892	0.69173	0.01152	0.01903	0.00789	0.00391	0.00642
29	0.01492	0.01405	0.02327	0.53506	0.19564	0.01651	0.02021	0.02047	0.05010	0.02036	0.01396	0.01947	0.01076	0.00722	0.00726	0.00236	0.00924	0.00656	0.00353	0.00903
30	0.01816	0.01547	0.01643	0.01480	0.01887	0.01782	0.01160	0.06139	0.63220	0.03060	0.02952	0.02917	0.02269	0.01027	0.00751	0.00249	0.00588	0.03643	0.00736	0.01133
31	0.01044	0.00757	0.01056	0.01056	0.01147	0.00848	0.00769	0.01226	0.01135	0.01605	0.02049	0.03423	0.02063	0.26036	0.51325	0.01030	0.01576	0.00862	0.00405	0.00587
32	0.01387	0.06060	0.01667	0.24565	0.02489	0.01276	0.01228	0.05629	0.01417	0.01867	0.03915	0.11855	0.01814	0.01686	0.03843	0.23910	0.03481	0.00843	0.00411	0.00656
33	0.01943	0.74891	0.03809	0.01244	0.01866	0.02876	0.01244	0.02177	0.01477	0.01710	0.01011	0.01166	0.00933	0.00622	0.00466	0.00155	0.00777	0.00389	0.00311	0.00933
34	0.01667	0.01137	0.01443	0.01294	0.01510	0.01272	0.01020	0.13787	0.01712	0.08589	0.02167	0.05874	0.02029	0.12159	0.18000	0.03756	0.10303	0.06996	0.04496	0.00790
35	0.01002	0.00748	0.00903	0.00943	0.01010	0.00752	0.00637	0.01100	0.01305	0.01708	0.03785	0.27475	0.16092	0.30031	0.02082	0.00447	0.05156	0.03710	0.00561	0.00553
36	0.01656	0.02199	0.16307	0.02047	0.06525	0.10859	0.04044	0.02006	0.01385	0.01919	0.01218	0.01729	0.01072	0.01550	0.10393	0.00381	0.32883	0.00621	0.00336	0.00870
37	0.01436	0.01207	0.01697	0.18399	0.08932	0.01366	0.01365	0.07209	0.09489	0.02272	0.02454	0.19413	0.02454	0.03903	0.03911	0.00318	0.05365	0.07447	0.00531	0.00833
38	0.01596	0.06086	0.01682	0.01128	0.01758	0.04673	0.00913	0.01907	0.01533	0.02297	0.01266	0.01476	0.01060	0.00554	0.00540	0.00115	0.00593	0.00430	0.00420	0.69973
39	0.01047	0.00708	0.00833	0.00841	0.00856	0.00719	0.00499	0.01079	0.01085	0.01460	0.02343	0.08081	0.02670	0.63905	0.10331	0.00730	0.00814	0.01081	0.00447	0.00469
40	0.06367	0.01642	0.02019	0.01903	0.11335	0.01765	0.01362	0.31803	0.02436	0.16458	0.01929	0.04889	0.01476	0.01211	0.05333	0.00289	0.05306	0.00720	0.00647	0.01111
41	0.04612	0.12205	0.07764	0.06336	0.28845	0.03846	0.01716	0.04180	0.03187	0.08150	0.03444	0.04831	0.01482	0.00979	0.03417	0.00253	0.02611	0.00680	0.00441	0.01021
42	0.01306	0.01091	0.01607	0.01769	0.11747	0.01265	0.01194	0.04203	0.01360	0.01955	0.04137	0.05769	0.01904	0.07203	0.37844	0.00755	0.12894	0.00821	0.00417	0.00760
43	0.02459	0.05651	0.01561	0.01146	0.01601	0.01051	0.00940	0.02733	0.01977	0.44966	0.14471	0.03543	0.12486	0.01117	0.00754	0.00224	0.00546	0.00924	0.00814	0.01036
44	0.01796	0.46019	0.02962	0.05758	0.02033	0.04067	0.01182	0.02071	0.01500	0.01921	0.01117	0.01322	0.00979	0.00607	0.00510	0.00147	0.00732	0.00420	0.00350	0.24508
45	0.01423	0.00980	0.01143	0.01024	0.01248	0.01048	0.00790	0.03403	0.07305	0.02404	0.02027	0.02533	0.01701	0.06049	0.07848	0.02904	0.08702	0.00685	0.35890	0.10895
46	0.01437	0.05925	0.07313	0.01683	0.13273	0.01164	0.01154	0.01720	0.06610	0.04021	0.08028	0.03069	0.09691	0.06797	0.01583	0.23853	0.00664	0.00821	0.00464	0.00730
47	0.18429	0.08645	0.11805	0.02045	0.18178	0.01633	0.01493	0.06117	0.01645	0.06624	0.01723	0.01891	0.05302	0.00745	0.00620	0.00203	0.00730	0.00586	0.00450	0.11137
48	0.02376	0.01475	0.06099	0.01496	0.01988	0.01313	0.06623	0.10712	0.06395	0.33037	0.06838	0.09377	0.02263	0.03502	0.00910	0.00253	0.02651	0.00899	0.00728	0.01064
49	0.01700	0.01458	0.01545	0.01397	0.01783	0.01663	0.01084	0.03529	0.60218	0.02966	0.07469	0.03151	0.06696	0.01071	0.00755	0.00245	0.00548	0.00897	0.00739	0.01088
50	0.01161	0.00846	0.01158	0.03484	0.04907	0.00800	0.02620	0.01385	0.01576	0.06371	0.11043	0.24913	0.21578	0.06481	0.05568	0.00346	0.00599	0.03839	0.00633	0.00692
51	0.01722	0.11627	0.25525	0.04496	0.12759	0.08446	0.07044	0.05591	0.01655	0.02207	0.01390	0.01798	0.01134	0.03534	0.07711	0.00323	0.01096	0.00604	0.00361	0.00977
52	0.01733	0.01688	0.02688	0.19997	0.45602	0.04363	0.04033	0.02284	0.06204	0.02276	0.01452	0.01880	0.01172	0.00692	0.00724	0.00224	0.00896	0.00659	0.00378	0.01054
53	0.00896	0.00646	0.00852	0.01013	0.01070	0.00602	0.00690	0.01034	0.01415	0.01873	0.04148	0.68332	0.07636	0.02247	0.00928	0.00295	0.00430	0.04625	0.00675	0.00595
54	0.01512	0.01388	0.02224	0.05626	0.43171	0.01397	0.01707	0.01934	0.04102	0.02234	0.02563	0.08936	0.10469	0.01312	0.05164	0.00293	0.00814	0.03730	0.00455	0.00971
55	0.03600	0.01130	0.01827	0.01648	0.05259	0.01143	0.13488	0.03625	0.03872	0.02202	0.08497	0.13674	0.04764	0.02673	0.25155	0.00560	0.01138	0.01028	0.00500	0.04215
56	0.01542	0.00906	0.01101	0.00988	0.01285	0.00822	0.00763	0.01922	0.06347	0.18389	0.25817	0.08648	0.25657	0.01472	0.00824	0.00238	0.00435	0.01255	0.00772	0.00818
57	0.08130	0.01311	0.01484	0.01141	0.01683	0.01164	0.00913	0.07879	0.06201	0.07497	0.10258	0.02150	0.01932	0.00755	0.00615	0.00160	0.00547	0.00607	0.00559	0.45014
58	0.03504	0.00737	0.00850	0.00897	0.01019	0.00705	0.00615	0.01234	0.03594	0.02048	0.11828	0.30399	0.17481	0.15725	0.01391	0.00345	0.00460	0.01505	0.05056	0.00607
59	0.01275	0.00824	0.01117	0.01089	0.01229	0.00883	0.00799	0.01536	0.04761	0.07777	0.02319	0.09860	0.02273	0.19518	0.37080	0.04274	0.01285	0.00952	0.00488	0.00661
60	0.06614	0.01061	0.01212	0.01045	0.01388	0.01039	0.00825	0.08786	0.05942	0.17390	0.19602	0.03949	0.15977	0.01204	0.00741	0.00223	0.00481	0.00997	0.10646	0.00879
61	0.12362	0.01133	0.01294	0.01116	0.01460	0.01143	0.00879	0.11822	0.04201	0.15106	0.28624	0.08178	0.07293	0.01233	0.00761	0.00232	0.00504	0.01031	0.00743	0.00885
62	0.01136	0.00727	0.00886	0.00934	0.01083	0.00655	0.00654	0.01290	0.01508	0.08480	0.04630	0.40544	0.22162	0.07974	0.01107	0.00305	0.00447	0.01662	0.03167	0.00649
63	0.01111	0.00829	0.01080	0.01044	0.01087	0.00944	0.00726	0.01215	0.01100	0.01540	0.02025	0.03766	0.02177	0.43206	0.26168	0.00816	0.09288	0.00917	0.00410	0.00550
64	0.01004	0.00675	0.00894	0.01000	0.01081	0.00627	0.00683	0.01166	0.01510	0.04610	0.14083	0.58223	0.04937	0.04596	0.01005	0.00296	0.00427	0.01864	0.00695	0.00625
65	0.01211	0.00819	0.00962	0.00966	0.01155	0.00770	0.00692	0.01531	0.07832	0.08215	0.06164	0.28248	0.25551	0.08490	0.01185	0.02888	0.00467	0.01494	0.00671	0.00689
66	0.06373	0.01116	0.01302	0.01166	0.01467	0.01143	0.00912	0.11239	0.09285	0.11517	0.21882	0.08561	0.05645	0.07589	0.01048	0.00284	0.00550	0.07340	0.00720	0.00860
67	0.02669	0.05608	0.02153	0.01764	0.02222	0.42084	0.01381	0.25505	0.05002	0.02804	0.01405	0.01510	0.01089	0.00796	0.00676	0.00199	0.01084	0.00544	0.00509	0.00995
68	0.01603	0.01339	0.01493	0.01360	0.01591	0.08712	0.01064	0.11142	0.04371	0.04377	0.01856	0.02530	0.01643	0.07203	0.40855	0.00782	0.06088	0.00733	0.00465	0.00792
69	0.00986	0.00758	0.00927	0.00949	0.01119	0.00728	0.00710	0.01246	0.03664	0.02045	0.14140	0.15767	0.28762	0.04481	0.13756	0.02762	0.00699	0.05241	0.00626	0.00634
70	0.01154	0.00686	0.00955	0.00955	0.00985	0.00716	0.00642	0.01059	0.01029	0.01401	0.01706	0.03066	0.01774	0.23162	0.18945	0.39232	0.00955	0.00784	0.00367	0.00427
71	0.01507	0.01292	0.01507	0.01077	0.01723	0.00969	0.00861	0.01830	0.01507	0.02369	0.01292	0.01507	0.01077	0.00538	0.00538	0.00108	0.00538	0.00431	0.00431	0.78898
72	0.01335	0.00964	0.01076	0.01081	0.01268	0.04487	0.00782	0.03664	0.05932	0.08197	0.10436	0.37792	0.13571	0.01816	0.00933	0.03228	0.00500	0.01535	0.00684	0.00720
73	0.01962	0.11838	0.18987	0.07247	0.20255	0.05913	0.04270	0.16179	0.01991	0.02672	0.01372	0.01630	0.01060	0.00712	0.00683	0.00213	0.00934	0.00586	0.00418	0.01076
74	0.01045	0.00782	0.01168	0.01177	0.01309	0.00905	0.00922	0.01309	0.01195	0.01713	0.02046	0.03135	0.01941	0.05272	0.67884	0.01125	0.01880	0.04138	0.00404	0.00650
75	0.05419	0.01122	0.01452	0.01200	0.01634	0.01026	0.00966	0.02877	0.06186	0.44761	0.13155	0.07650	0.05154	0.01136	0.00765	0.00235	0.00553	0.02827	0.00829	0.01053
76	0.01317	0.01408	0.08644	0.01415	0.01711	0.05428	0.05668	0.04009	0.09898	0.02205	0.05121	0.37654	0.03353	0.01820	0.04438	0.00313	0.00716	0.03503	0.00595	0.00784
77	0.02335	0.01823	0.01940	0.01586	0.02091	0.02054	0.01278	0.38950	0.32662	0.03890	0.02290	0.02179	0.01677	0.00924	0.00733	0.00231	0.00699	0.00730	0.00733	0.01198
78	0.01872	0.35602	0.25215	0.01533	0.02266	0.04486	0.01671	0.02357	0.03374	0.07993	0.01432	0.03770	0.01168	0.00732	0.00594	0.00192	0.00853	0.00536	0.00391	0.03961
79	0.04355	0.05737	0.56792	0.01913	0.02872	0.01690	0.02360	0.02478	0.05829	0.07134	0.01499	0.01651	0.01061	0.00721	0.00681	0.00228	0.00983	0.00559	0.00381	0.01076
80	0.01092	0.00770	0.00916	0.00894	0.00902	0.00822	0.00550	0.01120	0.01068	0.01451	0.02176	0.04415	0.02473	0.64888	0.08097	0.00709	0.05739	0.01010	0.00429	0.00478

[dist]
# distance from previous block
# <min> <max>
1	2

[block]
# block no. 5 follows, 28 sequences, length 55
# corresponding to MSA columns:
# 317-371
name=unknown_F
#
# <colnr> <probs for GDERKNQSTAVLIFYWHMCP>
#	G	D	E	R	K	N	Q	S	T	A	V	L	I	F	Y	W	H	M	C	P
0	0.01840	0.06673	0.38467	0.01984	0.04849	0.14454	0.03807	0.04825	0.05418	0.04609	0.01565	0.01970	0.01230	0.00798	0.00701	0.00225	0.01025	0.04141	0.00402	0.01018
1	0.01432	0.01335	0.02177	0.55452	0.04286	0.01646	0.04830	0.01972	0.05171	0.01977	0.01415	0.01988	0.01087	0.00793	0.00877	0.00246	0.07626	0.00666	0.04198	0.00827
2	0.02599	0.01921	0.02026	0.01595	0.02108	0.04946	0.01305	0.50944	0.06699	0.07768	0.01857	0.01876	0.01338	0.00890	0.00777	0.00220	0.03657	0.00661	0.05651	0.01162
3	0.01026	0.00699	0.00855	0.00894	0.00933	0.00687	0.00570	0.01105	0.01267	0.01710	0.10045	0.20232	0.03588	0.43285	0.04570	0.02786	0.00634	0.04065	0.00537	0.00513
4	0.00947	0.00669	0.00854	0.00941	0.01017	0.00623	0.00635	0.01075	0.01462	0.01954	0.14591	0.44474	0.10994	0.10368	0.01333	0.04694	0.00448	0.01698	0.00648	0.00576
5	0.01140	0.00800	0.01192	0.01174	0.01323	0.00916	0.00916	0.01400	0.01210	0.04820	0.01989	0.02838	0.01816	0.05244	0.68345	0.01125	0.01887	0.00777	0.00413	0.00676
6	0.01373	0.01292	0.02180	0.72707	0.05006	0.01615	0.02019	0.01857	0.01453	0.01857	0.01292	0.01938	0.00969	0.00727	0.00727	0.00242	0.00969	0.00646	0.00323	0.00807
7	0.01001	0.00740	0.00969	0.01030	0.01124	0.00750	0.00747	0.01153	0.01382	0.01843	0.06938	0.30420	0.13175	0.10203	0.12876	0.04171	0.03659	0.06646	0.00578	0.00594
8	0.01084	0.00684	0.00899	0.00961	0.01007	0.00668	0.00658	0.01072	0.01216	0.01601	0.02860	0.20849	0.06541	0.21822	0.02272	0.24524	0.00593	0.09711	0.00500	0.00477
9	0.01040	0.00772	0.01135	0.01135	0.01253	0.00890	0.00867	0.01276	0.01158	0.01663	0.01978	0.03026	0.01891	0.11641	0.65485	0.01127	0.01836	0.00804	0.00394	0.00630
10	0.01047	0.00820	0.00977	0.00964	0.01190	0.00743	0.00738	0.01385	0.04870	0.02323	0.23019	0.15874	0.25733	0.01681	0.00855	0.00248	0.00430	0.09364	0.00692	0.07046
11	0.01269	0.00855	0.01101	0.01068	0.01181	0.02992	0.00782	0.04720	0.01264	0.01676	0.02158	0.02879	0.08609	0.03309	0.25911	0.37442	0.01083	0.00773	0.00402	0.00526
12	0.01615	0.01258	0.01480	0.01076	0.01694	0.00958	0.00862	0.01928	0.01562	0.07896	0.01747	0.01882	0.04827	0.00638	0.00571	0.00125	0.00536	0.00515	0.00482	0.68350
13	0.01974	0.01369	0.01506	0.01322	0.01699	0.03397	0.01031	0.08040	0.32271	0.15220	0.11398	0.08714	0.02819	0.01118	0.00754	0.00237	0.00567	0.00940	0.04590	0.01035
14	0.01057	0.00705	0.00793	0.00793	0.00793	0.00705	0.00440	0.01057	0.01057	0.01409	0.02290	0.04757	0.02643	0.74454	0.03700	0.00705	0.00705	0.01057	0.00440	0.00440
15	0.01417	0.00828	0.01013	0.00934	0.01077	0.00800	0.00638	0.01542	0.01448	0.13283	0.13330	0.06892	0.08775	0.39915	0.02386	0.00486	0.02895	0.01103	0.00597	0.00643
16	0.04795	0.01414	0.01324	0.01187	0.01538	0.10343	0.00918	0.05299	0.15623	0.11770	0.07954	0.06901	0.25412	0.01300	0.00771	0.00234	0.00597	0.01062	0.00680	0.00878
17	0.01057	0.00705	0.00793	0.00793	0.00793	0.00705	0.00440	0.01057	0.01057	0.01409	0.02290	0.04757	0.02643	0.74454	0.03700	0.00705	0.00705	0.01057	0.00440	0.00440
18	0.01420	0.01340	0.02266	0.65114	0.12229	0.01627	0.02042	0.01899	0.01476	0.01915	0.01300	0.01923	0.00989	0.00718	0.00726	0.00239	0.00957	0.00646	0.00327	0.00846
19	0.01438	0.01018	0.01485	0.01439	0.01697	0.01008	0.06480	0.05364	0.04054	0.07460	0.06113	0.15266	0.03715	0.01728	0.00931	0.00300	0.00669	0.38385	0.00674	0.00775
20	0.01373	0.01292	0.02180	0.72707	0.05006	0.01615	0.02019	0.01857	0.01453	0.01857	0.01292	0.01938	0.00969	0.00727	0.00727	0.00242	0.00969	0.00646	0.00323	0.00807
21	0.00934	0.00746	0.00849	0.00909	0.01111	0.00662	0.00709	0.01145	0.01627	0.01998	0.06134	0.15783	0.46431	0.01935	0.00901	0.00272	0.00444	0.16113	0.00674	0.00623
22	0.01040	0.00772	0.01136	0.01136	0.01255	0.00891	0.00868	0.01277	0.01159	0.01664	0.01977	0.03019	0.01888	0.11389	0.65733	0.01128	0.01840	0.00803	0.00394	0.00631
23	0.01713	0.01309	0.01407	0.01241	0.01618	0.01392	0.00970	0.13268	0.28887	0.07318	0.04188	0.07796	0.23247	0.01300	0.00785	0.00243	0.00542	0.01079	0.00724	0.00972
24	0.79588	0.01406	0.01068	0.00956	0.01406	0.01631	0.00787	0.02137	0.01237	0.03261	0.01012	0.01181	0.00787	0.00675	0.00450	0.00225	0.00562	0.00394	0.00450	0.00787
25	0.01018	0.00754	0.00976	0.01096	0.01246	0.00713	0.00875	0.01263	0.01614	0.02082	0.08195	0.25706	0.18761	0.02017	0.00944	0.00299	0.00519	0.30607	0.00679	0.00637
26	0.04634	0.01020	0.01210	0.04222	0.01545	0.01045	0.00919	0.02122	0.15700	0.10303	0.09796	0.11980	0.14132	0.05038	0.00953	0.00279	0.00537	0.10439	0.03304	0.00820
27	0.00903	0.00645	0.00863	0.01032	0.01081	0.00605	0.00705	0.01042	0.01409	0.01875	0.03997	0.70022	0.04770	0.02261	0.00932	0.00298	0.00437	0.05854	0.00674	0.00595
28	0.02869	0.01756	0.01995	0.01541	0.02107	0.01852	0.01269	0.43650	0.06577	0.25444	0.02169	0.02030	0.01469	0.00887	0.00729	0.00222	0.00730	0.00688	0.00783	0.01232
29	0.01458	0.03760	0.70688	0.02072	0.03146	0.01688	0.02686	0.02302	0.01535	0.02302	0.01304	0.01535	0.00921	0.00691	0.00691	0.00230	0.01074	0.00537	0.00307	0.01074
30	0.01566	0.00828	0.00883	0.00829	0.01054	0.00837	0.00647	0.07152	0.01718	0.06598	0.02429	0.02920	0.01936	0.00916	0.00566	0.00186	0.00410	0.04217	0.63555	0.00754
31	0.04623	0.00907	0.01141	0.01010	0.01271	0.00858	0.00781	0.04982	0.02095	0.13017	0.53543	0.04638	0.05586	0.01336	0.00816	0.00227	0.00415	0.01158	0.00797	0.00799
32	0.01342	0.00679	0.00683	0.00683	0.00845	0.00679	0.00505	0.01666	0.01504	0.02654	0.02368	0.02799	0.01897	0.04041	0.00647	0.00193	0.00355	0.00694	0.75103	0.00667
33	0.01655	0.01594	0.02210	0.01790	0.02258	0.03959	0.18661	0.02951	0.37372	0.02629	0.03237	0.03181	0.13149	0.01022	0.00788	0.00244	0.00738	0.00939	0.00618	0.01005
34	0.01426	0.01047	0.01330	0.01377	0.01619	0.01088	0.01182	0.11118	0.05645	0.02563	0.03602	0.06930	0.05605	0.01783	0.00945	0.00310	0.00674	0.50298	0.00682	0.00776
35	0.07308	0.01288	0.01658	0.01287	0.01826	0.01178	0.01060	0.08627	0.02143	0.57980	0.05957	0.02489	0.01947	0.00914	0.00721	0.00225	0.00617	0.00735	0.00856	0.01185
36	0.79588	0.01406	0.01068	0.00956	0.01406	0.01631	0.00787	0.02137	0.01237	0.03261	0.01012	0.01181	0.00787	0.00675	0.00450	0.00225	0.00562	0.00394	0.00450	0.00787
37	0.00937	0.00664	0.00834	0.00935	0.00988	0.00627	0.00611	0.01052	0.01373	0.01830	0.08619	0.48058	0.08027	0.20049	0.01604	0.00389	0.00483	0.01732	0.00626	0.00562
38	0.79588	0.01406	0.01068	0.00956	0.01406	0.01631	0.00787	0.02137	0.01237	0.03261	0.01012	0.01181	0.00787	0.00675	0.00450	0.00225	0.00562	0.00394	0.00450	0.00787
