[name]
unknown

[dist]
# distance from previous block
# <min> <max>
0	40

[block]
# block no. 0 follows, 29 sequences, length 7
# corresponding to MSA columns:
# 41-47
name=unknown_A
#
# <colnr> <probs for GDERKNQSTAVLIFYWHMCP>
#	G	D	E	R	K	N	Q	S	T	A	V	L	I	F	Y	W	H	M	C	P
0	0.08208	0.14233	0.10080	0.01391	0.01879	0.09352	0.03019	0.07025	0.09061	0.02436	0.03551	0.04186	0.01654	0.01022	0.03031	0.00235	0.00784	0.05059	0.07266	0.06529
1	0.01649	0.30597	0.18353	0.07366	0.02290	0.01949	0.03944	0.06726	0.01587	0.02093	0.01682	0.01913	0.05923	0.00863	0.00733	0.05053	0.00799	0.00581	0.05016	0.00884
2	0.08253	0.10171	0.08264	0.04849	0.01833	0.04948	0.01161	0.02309	0.14314	0.07319	0.08676	0.02679	0.07588	0.01129	0.03555	0.00253	0.03636	0.00743	0.07442	0.00879
3	0.00951	0.00673	0.00867	0.00934	0.01010	0.00661	0.00639	0.01049	0.01268	0.01678	0.03534	0.33069	0.13347	0.15784	0.14252	0.07033	0.00739	0.01428	0.00541	0.00543
4	0.01449	0.01340	0.02331	0.10210	0.16017	0.01345	0.17148	0.05035	0.01613	0.02205	0.02140	0.15556	0.02111	0.01412	0.05955	0.00310	0.00902	0.08086	0.00462	0.04372
5	0.01849	0.06433	0.11131	0.10701	0.18941	0.04525	0.11307	0.10168	0.01815	0.07368	0.01674	0.07828	0.01406	0.00824	0.00723	0.00223	0.00886	0.00751	0.00448	0.01000
6	0.01524	0.01464	0.02437	0.07294	0.13339	0.01316	0.19247	0.01931	0.01543	0.02239	0.01515	0.06907	0.01328	0.00699	0.00681	0.00181	0.00782	0.00699	0.00404	0.34471

[dist]
# distance from previous block
# <min> <max>
3	9

[block]
# block no. 1 follows, 29 sequences, length 39
# corresponding to MSA columns:
# 59-97
name=unknown_B
#
# <colnr> <probs for GDERKNQSTAVLIFYWHMCP>
#	G	D	E	R	K	N	Q	S	T	A	V	L	I	F	Y	W	H	M	C	P
0	0.01084	0.00909	0.01052	0.01009	0.04071	0.00753	0.00707	0.01296	0.01509	0.02010	0.04477	0.13286	0.34360	0.06149	0.00931	0.00234	0.00458	0.01180	0.00563	0.23961
1	0.13928	0.26373	0.06282	0.01300	0.01849	0.09135	0.01177	0.08431	0.01672	0.02388	0.03876	0.01475	0.01177	0.00694	0.00595	0.00175	0.02906	0.00474	0.00412	0.15678
2	0.06893	0.14924	0.25463	0.01670	0.04891	0.01721	0.04401	0.08055	0.01702	0.07173	0.03916	0.01665	0.01237	0.00695	0.00620	0.00193	0.00806	0.00545	0.00428	0.13003
3	0.02198	0.40337	0.04935	0.01470	0.01997	0.24334	0.01307	0.08034	0.01795	0.03569	0.01166	0.01328	0.00987	0.00827	0.02806	0.00202	0.00968	0.00452	0.00375	0.00914
4	0.00987	0.00705	0.00803	0.00795	0.00879	0.00675	0.00508	0.01086	0.01315	0.01729	0.13266	0.05183	0.18450	0.45157	0.05102	0.00537	0.00609	0.01168	0.00533	0.00512
5	0.02042	0.48972	0.07775	0.01525	0.02112	0.19432	0.05274	0.02321	0.01602	0.01765	0.01062	0.01246	0.00924	0.00643	0.00539	0.00170	0.00933	0.00436	0.00323	0.00904
6	0.01289	0.01038	0.01237	0.01037	0.01427	0.00854	0.00774	0.03936	0.01479	0.02170	0.02240	0.26236	0.02389	0.05994	0.00866	0.00210	0.00509	0.01009	0.00514	0.44793
7	0.02137	0.04416	0.07108	0.02036	0.10704	0.16787	0.05066	0.21083	0.12973	0.02854	0.01804	0.06590	0.01486	0.00877	0.00708	0.00217	0.00879	0.00714	0.00532	0.01030
8	0.01436	0.06118	0.05824	0.01822	0.15078	0.01216	0.03117	0.06978	0.01768	0.05035	0.15091	0.20898	0.08383	0.01329	0.00785	0.00236	0.00607	0.02853	0.00582	0.00843
9	0.01367	0.01255	0.03603	0.01173	0.01689	0.01005	0.04993	0.01837	0.06864	0.02411	0.13156	0.02794	0.09486	0.00857	0.00651	0.00162	0.00539	0.00736	0.00522	0.44901
10	0.01477	0.01266	0.01477	0.01055	0.01687	0.00949	0.00844	0.01793	0.01477	0.02320	0.01266	0.01477	0.01055	0.00527	0.00527	0.00105	0.00527	0.00422	0.00422	0.79328
11	0.01968	0.02065	0.19077	0.01982	0.05490	0.01576	0.14839	0.08348	0.13614	0.15454	0.04717	0.02326	0.01678	0.00831	0.00744	0.00231	0.00842	0.02586	0.00562	0.01067
12	0.02200	0.10690	0.02067	0.01556	0.02009	0.19267	0.01246	0.16767	0.31108	0.02837	0.01987	0.01946	0.01518	0.00844	0.00671	0.00211	0.00809	0.00636	0.00585	0.01046
13	0.80005	0.01377	0.01047	0.00936	0.01377	0.01597	0.00771	0.02093	0.01212	0.03195	0.00991	0.01157	0.00771	0.00661	0.00441	0.00220	0.00551	0.00386	0.00441	0.00771
14	0.01463	0.06271	0.52109	0.02002	0.02891	0.01651	0.09876	0.02227	0.04081	0.02219	0.01490	0.01984	0.01175	0.03840	0.00824	0.00248	0.01007	0.03304	0.00344	0.00996
15	0.01478	0.07395	0.61196	0.02079	0.03075	0.01731	0.08819	0.02251	0.01517	0.02226	0.01278	0.01524	0.00920	0.00666	0.00680	0.00223	0.01051	0.00548	0.00307	0.01036
16	0.01018	0.00760	0.01130	0.01130	0.01252	0.00882	0.00872	0.01262	0.01140	0.01642	0.01920	0.02869	0.01811	0.08025	0.69511	0.01127	0.01860	0.00773	0.00383	0.00628
17	0.00863	0.00667	0.00788	0.00875	0.01005	0.00592	0.00612	0.01020	0.01500	0.01907	0.08205	0.43418	0.31964	0.02020	0.00878	0.00266	0.00388	0.01776	0.00667	0.00592
18	0.01499	0.01465	0.02637	0.02606	0.18469	0.01504	0.22827	0.01949	0.03871	0.02166	0.02104	0.11913	0.02065	0.01127	0.01014	0.00263	0.09476	0.11709	0.00452	0.00886
19	0.01470	0.01403	0.02222	0.30241	0.18124	0.01722	0.01797	0.01812	0.01350	0.01891	0.01310	0.04562	0.01164	0.01120	0.04363	0.00296	0.23280	0.00689	0.00339	0.00847
20	0.01036	0.00746	0.00991	0.00979	0.01146	0.00702	0.00767	0.01370	0.01940	0.02710	0.56833	0.05864	0.06193	0.01558	0.00869	0.00245	0.00400	0.14224	0.00758	0.00669
21	0.00987	0.00733	0.00929	0.00986	0.01143	0.00682	0.00767	0.01240	0.01682	0.02223	0.24157	0.18213	0.19672	0.04015	0.00976	0.00282	0.00455	0.19542	0.00689	0.00628
22	0.01015	0.00823	0.01249	0.05883	0.01550	0.00871	0.04798	0.01262	0.01318	0.01781	0.03114	0.20647	0.12563	0.03480	0.35436	0.00690	0.01211	0.01174	0.00485	0.00646
23	0.01428	0.03683	0.71286	0.02030	0.03082	0.01654	0.02631	0.02255	0.01503	0.02255	0.01278	0.01503	0.00902	0.00677	0.00677	0.00226	0.01052	0.00526	0.00301	0.01052
24	0.02067	0.01258	0.01927	0.42417	0.03583	0.01388	0.01583	0.02542	0.05021	0.28104	0.01932	0.02135	0.01318	0.00789	0.00714	0.00231	0.00800	0.00673	0.00551	0.00967
25	0.04519	0.01848	0.07194	0.13678	0.36711	0.04645	0.08629	0.07250	0.01740	0.04961	0.01396	0.01761	0.01091	0.00676	0.00707	0.00219	0.00905	0.00636	0.00395	0.01041
26	0.01757	0.01922	0.02688	0.26283	0.12197	0.16430	0.18504	0.02179	0.01638	0.01995	0.01385	0.02017	0.01137	0.00750	0.00792	0.00230	0.03346	0.03516	0.00357	0.00878
27	0.01269	0.00677	0.00714	0.00714	0.00880	0.00682	0.00538	0.01584	0.01467	0.02515	0.02570	0.02915	0.05845	0.01323	0.07450	0.00265	0.00486	0.00723	0.66726	0.00657
28	0.01878	0.10697	0.14297	0.04601	0.12320	0.01596	0.01526	0.10394	0.01785	0.09239	0.01453	0.01622	0.01107	0.00662	0.00620	0.00178	0.00750	0.00531	0.00454	0.24290
29	0.02109	0.24672	0.05695	0.01827	0.07806	0.01913	0.10997	0.04561	0.07456	0.18180	0.04074	0.01923	0.01468	0.00766	0.00715	0.00207	0.03451	0.00636	0.00515	0.01027
30	0.01025	0.00707	0.00928	0.00892	0.01035	0.00655	0.00654	0.01246	0.01800	0.02509	0.52959	0.07608	0.10177	0.01662	0.01134	0.12086	0.00383	0.01230	0.00700	0.00609
31	0.01089	0.00821	0.01021	0.00985	0.01173	0.00803	0.00743	0.01607	0.10286	0.02705	0.50191	0.11666	0.08366	0.01504	0.00838	0.00237	0.00386	0.04107	0.00755	0.00716
32	0.01479	0.01088	0.01411	0.01489	0.09957	0.01105	0.01002	0.04846	0.14799	0.07721	0.34779	0.03894	0.06237	0.01332	0.03423	0.00258	0.00540	0.01017	0.02749	0.00873
33	0.02465	0.01205	0.01689	0.07164	0.10342	0.01142	0.01177	0.05514	0.01925	0.41015	0.07235	0.02508	0.01962	0.00871	0.00696	0.00214	0.00616	0.00731	0.10467	0.01062
34	0.01817	0.15148	0.14435	0.12322	0.13562	0.13535	0.01750	0.04602	0.01625	0.02069	0.01198	0.01511	0.00975	0.00704	0.00740	0.00201	0.05702	0.00524	0.00348	0.07230
35	0.01358	0.01308	0.04267	0.01456	0.07993	0.04143	0.05359	0.05192	0.01731	0.02334	0.10557	0.05578	0.24144	0.01139	0.00728	0.00201	0.00586	0.00976	0.03237	0.17712
36	0.01924	0.42154	0.03055	0.04518	0.09197	0.05361	0.03619	0.10160	0.03790	0.02186	0.01486	0.01647	0.04075	0.00711	0.00573	0.00179	0.00787	0.00532	0.00397	0.03649
37	0.01641	0.01704	0.07285	0.07547	0.16090	0.08734	0.06168	0.02133	0.07017	0.04787	0.04175	0.09861	0.01831	0.05244	0.00880	0.00237	0.00788	0.00802	0.00461	0.12615
38	0.02149	0.04514	0.01974	0.01868	0.13304	0.06922	0.01285	0.26183	0.04291	0.08930	0.02251	0.05095	0.07216	0.00915	0.00693	0.00205	0.00720	0.00740	0.03998	0.06747

[dist]
# distance from previous block
# <min> <max>
9	23

[block]
# block no. 2 follows, 29 sequences, length 37
# corresponding to MSA columns:
# 124-160
name=unknown_C
#
# <colnr> <probs for GDERKNQSTAVLIFYWHMCP>
#	G	D	E	R	K	N	Q	S	T	A	V	L	I	F	Y	W	H	M	C	P
0	0.20268	0.01596	0.05618	0.01258	0.01699	0.08910	0.03915	0.04668	0.05557	0.02552	0.08688	0.07791	0.04379	0.03791	0.00753	0.00220	0.00661	0.00745	0.00503	0.16429
1	0.06137	0.04136	0.09699	0.06106	0.12127	0.01256	0.01250	0.02025	0.04127	0.04853	0.01733	0.02013	0.01355	0.00737	0.00625	0.00188	0.02465	0.00591	0.27994	0.10582
2	0.01567	0.01473	0.07156	0.01514	0.08377	0.08184	0.01139	0.07165	0.01876	0.08275	0.15607	0.10848	0.17700	0.01318	0.00787	0.00233	0.00631	0.04703	0.00616	0.00829
3	0.01587	0.01833	0.16299	0.04613	0.20823	0.01421	0.03516	0.05901	0.04166	0.04725	0.09094	0.02495	0.04743	0.04094	0.00881	0.00235	0.02935	0.00736	0.03165	0.06738
4	0.09452	0.01426	0.06669	0.01258	0.01793	0.01203	0.01096	0.07769	0.04905	0.38179	0.07075	0.02580	0.05870	0.00914	0.00690	0.00214	0.00608	0.00733	0.00726	0.06840
5	0.01632	0.10079	0.01794	0.01188	0.01665	0.01321	0.00980	0.01899	0.01456	0.07974	0.03690	0.01839	0.01363	0.03851	0.03946	0.00219	0.10310	0.00536	0.00443	0.43812
6	0.01764	0.12119	0.13212	0.16539	0.08274	0.01754	0.05146	0.13189	0.01826	0.04432	0.01624	0.01870	0.04079	0.00734	0.00660	0.00201	0.00828	0.00608	0.00429	0.10712
7	0.05072	0.04207	0.04117	0.05705	0.03917	0.07525	0.06371	0.09988	0.03444	0.07064	0.04676	0.07445	0.03869	0.01363	0.05909	0.03744	0.02911	0.02913	0.06289	0.03472
8	0.00963	0.00674	0.00855	0.00941	0.01020	0.00639	0.00653	0.01127	0.01449	0.01970	0.14200	0.39199	0.07254	0.15146	0.01375	0.00348	0.00467	0.07335	0.03808	0.00578
9	0.04854	0.01061	0.01331	0.04983	0.08013	0.01074	0.00997	0.08960	0.05789	0.06947	0.03745	0.26633	0.17407	0.01516	0.00802	0.00251	0.00547	0.03659	0.00629	0.00802
10	0.01477	0.01266	0.01477	0.01055	0.01687	0.00949	0.00844	0.01793	0.01477	0.02320	0.01266	0.01477	0.01055	0.00527	0.00527	0.00105	0.00527	0.00422	0.00422	0.79328
11	0.02120	0.01703	0.01807	0.01520	0.01985	0.01934	0.01211	0.27789	0.44674	0.03541	0.02455	0.02304	0.01815	0.00925	0.00720	0.00231	0.00646	0.00744	0.00720	0.01158
12	0.01382	0.01399	0.07114	0.04471	0.25048	0.01190	0.01420	0.03565	0.01591	0.02216	0.04136	0.14379	0.11803	0.01216	0.02321	0.00239	0.00684	0.02941	0.00480	0.12404
13	0.01500	0.10435	0.57273	0.02072	0.06630	0.01797	0.02412	0.02211	0.01483	0.02174	0.01235	0.01485	0.00917	0.00698	0.00745	0.00222	0.04855	0.00523	0.00304	0.01029
14	0.01237	0.00618	0.00928	0.00928	0.00928	0.00618	0.00618	0.00928	0.00928	0.01237	0.01237	0.02165	0.01237	0.02474	0.02783	0.79283	0.00618	0.00618	0.00309	0.00309
15	0.01641	0.02022	0.10639	0.08248	0.11953	0.01756	0.48434	0.02233	0.01637	0.02250	0.01399	0.01858	0.01059	0.00620	0.00798	0.00235	0.01123	0.00768	0.00350	0.00978
16	0.01696	0.15447	0.04884	0.04723	0.09340	0.05615	0.14223	0.04564	0.07482	0.04405	0.02232	0.06609	0.08276	0.04167	0.00886	0.00240	0.03036	0.00815	0.00456	0.00903
17	0.01409	0.01419	0.13183	0.05572	0.04160	0.01071	0.04890	0.03731	0.01593	0.06961	0.02968	0.05778	0.13560	0.01484	0.07273	0.00308	0.00760	0.05016	0.18057	0.00806
18	0.01698	0.01873	0.03930	0.03285	0.17570	0.01778	0.54316	0.02261	0.01668	0.02290	0.01420	0.01888	0.01090	0.00607	0.00812	0.00234	0.01127	0.00798	0.00359	0.00995
19	0.04606	0.00978	0.01014	0.00993	0.01187	0.05606	0.00730	0.03841	0.03704	0.02404	0.28934	0.21767	0.16735	0.03186	0.00879	0.00250	0.00464	0.01368	0.00676	0.00679
20	0.02319	0.11814	0.05010	0.04701	0.13840	0.07645	0.08137	0.10915	0.01962	0.21790	0.01906	0.01975	0.03231	0.00771	0.00687	0.00209	0.00829	0.00651	0.00548	0.01060
21	0.02000	0.41307	0.12452	0.01829	0.11457	0.04657	0.01553	0.09389	0.01734	0.05819	0.01255	0.01410	0.01019	0.00667	0.00568	0.00182	0.00824	0.00484	0.00387	0.01007
22	0.01036	0.00690	0.00777	0.00777	0.00777	0.00690	0.00431	0.01036	0.01036	0.01381	0.02244	0.04660	0.02589	0.74975	0.03624	0.00690	0.00690	0.01036	0.00431	0.00431
23	0.02234	0.01771	0.05009	0.01782	0.06141	0.01803	0.06257	0.35380	0.12287	0.08387	0.02096	0.07792	0.01661	0.00944	0.00732	0.00225	0.00742	0.00792	0.02864	0.01102
24	0.02105	0.10271	0.17276	0.10058	0.08354	0.09320	0.01742	0.19982	0.02074	0.07773	0.01451	0.01633	0.01077	0.00756	0.00719	0.00212	0.03121	0.00572	0.00468	0.01036
25	0.01353	0.00883	0.01074	0.01049	0.01233	0.00875	0.00762	0.03734	0.09893	0.09605	0.12346	0.25484	0.07179	0.15613	0.01369	0.00341	0.00518	0.05299	0.00667	0.00724
26	0.01388	0.01327	0.02294	0.65344	0.08678	0.01601	0.05642	0.01866	0.01450	0.01875	0.01280	0.01892	0.00967	0.00701	0.00719	0.00236	0.00957	0.00644	0.00321	0.00820
27	0.01760	0.09090	0.05414	0.02024	0.08512	0.05711	0.16899	0.12186	0.01867	0.04765	0.02140	0.16799	0.02074	0.01105	0.00773	0.00237	0.00834	0.06389	0.00509	0.00912
28	0.01412	0.03087	0.01838	0.06944	0.18978	0.03775	0.03905	0.01860	0.08174	0.01940	0.01819	0.02711	0.01684	0.17076	0.21131	0.00571	0.01115	0.00764	0.00411	0.00804
29	0.00884	0.00707	0.00791	0.00804	0.00996	0.00614	0.00590	0.01091	0.01671	0.02119	0.21059	0.17343	0.45238	0.01792	0.00852	0.00244	0.00363	0.01537	0.00689	0.00614
30	0.01865	0.08245	0.05419	0.01347	0.01747	0.01559	0.01141	0.18229	0.13194	0.08986	0.07638	0.10633	0.05289	0.01222	0.00915	0.04609	0.03588	0.02807	0.00628	0.00940
31	0.07071	0.01395	0.02280	0.14609	0.12915	0.01430	0.15459	0.04727	0.03965	0.06807	0.04571	0.05730	0.01834	0.04998	0.00910	0.00260	0.00816	0.06009	0.00477	0.03737
32	0.01169	0.00965	0.01454	0.03949	0.08129	0.01008	0.04920	0.03768	0.01451	0.01971	0.02957	0.32386	0.06180	0.04467	0.13079	0.00432	0.04684	0.05796	0.00531	0.00706
33	0.01469	0.01271	0.02065	0.37123	0.21877	0.01401	0.01727	0.01867	0.01547	0.05667	0.04584	0.06503	0.08101	0.00915	0.00738	0.00232	0.00795	0.00822	0.00425	0.00871
34	0.02024	0.07213	0.08072	0.04273	0.07186	0.13824	0.06721	0.12068	0.01923	0.10611	0.01955	0.14452	0.01761	0.00992	0.00717	0.00218	0.00841	0.00840	0.00520	0.03791
35	0.04501	0.02535	0.33360	0.02255	0.14300	0.01685	0.03973	0.08606	0.04287	0.02493	0.01453	0.04182	0.01166	0.00787	0.00816	0.00225	0.06747	0.00625	0.00394	0.05611
36	0.04179	0.01536	0.12123	0.05445	0.05650	0.04867	0.01250	0.01928	0.08242	0.06538	0.03015	0.21521	0.10552	0.01471	0.03534	0.00277	0.00706	0.02921	0.00547	0.03698

[dist]
# distance from previous block
# <min> <max>
7	20

[block]
# block no. 3 follows, 29 sequences, length 7
# corresponding to MSA columns:
# 182-188
name=unknown_D
#
# <colnr> <probs for GDERKNQSTAVLIFYWHMCP>
#	G	D	E	R	K	N	Q	S	T	A	V	L	I	F	Y	W	H	M	C	P
0	0.03946	0.05311	0.24089	0.02107	0.15300	0.03704	0.01752	0.09622	0.04328	0.07230	0.06028	0.09795	0.01856	0.00928	0.00709	0.00224	0.00801	0.00781	0.00488	0.01003
1	0.28558	0.07927	0.01920	0.06100	0.06363	0.01681	0.05306	0.05077	0.01544	0.09245	0.08354	0.01918	0.01585	0.00845	0.00838	0.00228	0.10542	0.00613	0.00483	0.00873
2	0.01105	0.00641	0.00865	0.00891	0.00922	0.00623	0.00586	0.00965	0.01085	0.01422	0.02437	0.14304	0.09082	0.14589	0.02435	0.45656	0.00572	0.00998	0.00421	0.00402
3	0.01328	0.01397	0.08767	0.01829	0.12911	0.01257	0.03129	0.05913	0.01599	0.02192	0.06474	0.12993	0.15147	0.01730	0.08051	0.00340	0.09667	0.03957	0.00505	0.00812
4	0.03563	0.13040	0.23202	0.05175	0.17324	0.08790	0.05299	0.04507	0.03787	0.02212	0.01381	0.04059	0.01145	0.00744	0.00707	0.00213	0.02891	0.00606	0.00366	0.00989
5	0.01148	0.00914	0.01304	0.06474	0.12781	0.00933	0.01000	0.01350	0.01338	0.01790	0.02864	0.12438	0.09495	0.25296	0.10048	0.00500	0.00806	0.08385	0.00480	0.00655
6	0.01189	0.00686	0.00758	0.00770	0.00923	0.00668	0.00573	0.01476	0.01548	0.02462	0.12659	0.07966	0.07603	0.06293	0.00844	0.00234	0.00385	0.05179	0.47144	0.00639

[dist]
# distance from previous block
# <min> <max>
3	17

[block]
# block no. 4 follows, 29 sequences, length 28
# corresponding to MSA columns:
# 210-237
name=unknown_E
#
# <colnr> <probs for GDERKNQSTAVLIFYWHMCP>
#	G	D	E	R	K	N	Q	S	T	A	V	L	I	F	Y	W	H	M	C	P
0	0.01529	0.09647	0.16494	0.04675	0.04268	0.01582	0.10915	0.02214	0.11190	0.02248	0.01951	0.04168	0.05748	0.00805	0.00725	0.00203	0.03116	0.00691	0.00432	0.17401
1	0.01477	0.01266	0.01477	0.01055	0.01687	0.00949	0.00844	0.01793	0.01477	0.02320	0.01266	0.01477	0.01055	0.00527	0.00527	0.00105	0.00527	0.00422	0.00422	0.79328
2	0.01463	0.01250	0.01532	0.01493	0.05302	0.03516	0.04640	0.06043	0.24838	0.02473	0.08529	0.21110	0.02995	0.05623	0.05550	0.00330	0.00685	0.01139	0.00623	0.00865
3	0.00923	0.00647	0.00824	0.00927	0.00968	0.00616	0.00602	0.01033	0.01332	0.01790	0.09037	0.50394	0.04322	0.21240	0.01615	0.00389	0.00479	0.01703	0.00611	0.00548
4	0.02358	0.06206	0.06655	0.05664	0.04779	0.08060	0.01468	0.41185	0.10499	0.03554	0.01690	0.01751	0.01244	0.00817	0.00691	0.00213	0.00828	0.00622	0.00600	0.01116
5	0.01269	0.01540	0.15093	0.01309	0.01747	0.01141	0.05454	0.02010	0.15681	0.02383	0.10182	0.08822	0.20718	0.01234	0.00757	0.00233	0.00592	0.01059	0.07943	0.00834
6	0.00909	0.00693	0.00830	0.00891	0.01033	0.00625	0.00645	0.01098	0.01571	0.02029	0.15811	0.30210	0.28994	0.05247	0.01002	0.00282	0.00412	0.06448	0.00670	0.00601
7	0.01276	0.00977	0.01062	0.01086	0.01232	0.05420	0.00762	0.01671	0.10728	0.05966	0.08983	0.40047	0.03822	0.12066	0.01232	0.00323	0.00534	0.01479	0.00641	0.00693
8	0.09426	0.01723	0.05900	0.12392	0.05187	0.04508	0.04419	0.21570	0.06458	0.09628	0.01719	0.01883	0.01257	0.00797	0.00712	0.00219	0.02700	0.00630	0.07870	0.00999
9	0.00980	0.00693	0.00900	0.00999	0.01097	0.00682	0.00732	0.01164	0.01382	0.01870	0.03669	0.35103	0.10187	0.09539	0.11139	0.00442	0.00680	0.12486	0.05663	0.00593
10	0.05358	0.02198	0.01829	0.01590	0.04146	0.25934	0.01206	0.19939	0.07657	0.02760	0.01835	0.01912	0.05607	0.00813	0.00655	0.00189	0.00860	0.00599	0.00519	0.14396
11	0.01686	0.01913	0.03873	0.02813	0.03457	0.04735	0.58885	0.02231	0.01642	0.02202	0.01423	0.01916	0.01098	0.00853	0.04145	0.00282	0.04746	0.00810	0.00359	0.00931
12	0.06409	0.01440	0.01737	0.13771	0.02352	0.03292	0.02651	0.12448	0.10883	0.11726	0.01878	0.05011	0.01479	0.02782	0.00742	0.00213	0.00691	0.00674	0.00558	0.19263
13	0.01748	0.07913	0.01726	0.01384	0.01723	0.09281	0.03200	0.08757	0.17830	0.06250	0.08545	0.15948	0.02845	0.01266	0.00767	0.00240	0.00669	0.08390	0.00630	0.00890
14	0.01129	0.00941	0.01378	0.01813	0.19252	0.00895	0.01044	0.01388	0.01618	0.02199	0.18498	0.29147	0.14784	0.01571	0.00829	0.00246	0.00501	0.01412	0.00607	0.00747
15	0.01353	0.12401	0.39962	0.01640	0.02362	0.01547	0.04095	0.01901	0.01492	0.02067	0.02392	0.11129	0.11096	0.01025	0.00740	0.00228	0.02429	0.00839	0.00398	0.00904
16	0.01531	0.09876	0.02933	0.17818	0.09896	0.01713	0.25347	0.02025	0.04263	0.02070	0.01982	0.05679	0.07046	0.00848	0.00814	0.00232	0.03821	0.00824	0.00396	0.00886
17	0.08143	0.00787	0.00950	0.00979	0.01160	0.00755	0.00743	0.01375	0.01641	0.05441	0.22946	0.26205	0.13807	0.01711	0.00840	0.00260	0.00439	0.10467	0.00686	0.00665
18	0.00876	0.00628	0.00819	0.00969	0.01016	0.00585	0.00644	0.00995	0.01356	0.01798	0.03968	0.67910	0.07294	0.06183	0.01054	0.00309	0.00426	0.01949	0.00648	0.00571
19	0.01623	0.07382	0.48056	0.02188	0.05174	0.06322	0.12820	0.04209	0.01619	0.02260	0.01290	0.01549	0.00948	0.00668	0.00690	0.00220	0.01060	0.00570	0.00328	0.01022
20	0.01120	0.00786	0.01066	0.01066	0.01223	0.00820	0.00828	0.01332	0.01385	0.05175	0.07156	0.08767	0.15216	0.05899	0.31315	0.03828	0.03038	0.08811	0.00528	0.00642
21	0.00952	0.00868	0.03880	0.01021	0.01167	0.00782	0.00782	0.01128	0.01410	0.01840	0.04485	0.38276	0.25167	0.04531	0.03934	0.00320	0.06647	0.01592	0.00598	0.00620
22	0.01647	0.01188	0.01363	0.01192	0.01490	0.01262	0.00927	0.19638	0.10040	0.05718	0.18911	0.12131	0.08222	0.03477	0.02794	0.00269	0.02679	0.01064	0.05115	0.00870
23	0.01651	0.12584	0.24902	0.02355	0.15340	0.06345	0.10923	0.02229	0.04294	0.02189	0.04822	0.01933	0.03326	0.00754	0.00742	0.00216	0.03392	0.00645	0.00375	0.00982
24	0.01267	0.01129	0.07493	0.01359	0.05783	0.01025	0.01021	0.01397	0.03974	0.01685	0.04895	0.02772	0.05016	0.10904	0.09363	0.30939	0.08242	0.00757	0.00389	0.00589
25	0.00893	0.00664	0.00837	0.00953	0.01055	0.00608	0.00675	0.01058	0.01481	0.01928	0.08567	0.50376	0.18952	0.02071	0.00896	0.00278	0.00417	0.07027	0.00668	0.00595
26	0.01733	0.13718	0.32018	0.04592	0.04553	0.05094	0.14165	0.08601	0.01728	0.02354	0.01299	0.01555	0.00981	0.00666	0.00672	0.00209	0.00991	0.00573	0.00362	0.04138
27	0.09595	0.10591	0.21673	0.01769	0.05602	0.04667	0.04278	0.13307	0.12351	0.05180	0.01660	0.03436	0.01279	0.00783	0.00655	0.00217	0.00824	0.00616	0.00485	0.01032

[dist]
# distance from previous block
# <min> <max>
2	43

[block]
# block no. 5 follows, 29 sequences, length 48
# corresponding to MSA columns:
# 281-328
name=unknown_F
#
# <colnr> <probs for GDERKNQSTAVLIFYWHMCP>
#	G	D	E	R	K	N	Q	S	T	A	V	L	I	F	Y	W	H	M	C	P
0	0.02008	0.05248	0.01972	0.06277	0.07548	0.04814	0.01319	0.23016	0.18778	0.05254	0.02048	0.06757	0.01673	0.01252	0.05665	0.00290	0.03704	0.00760	0.00590	0.01028
1	0.01176	0.00981	0.01160	0.11050	0.01708	0.01005	0.00888	0.07968	0.05039	0.02211	0.06767	0.09307	0.40470	0.03860	0.00942	0.00256	0.02643	0.01247	0.00607	0.00714
2	0.07689	0.18787	0.14867	0.04343	0.07237	0.05438	0.03390	0.16784	0.04586	0.02647	0.01443	0.01743	0.01158	0.00974	0.04208	0.00253	0.00901	0.02120	0.00442	0.00990
3	0.05500	0.10299	0.04330	0.01615	0.06123	0.01519	0.06420	0.01953	0.03756	0.07964	0.07897	0.03943	0.01880	0.01862	0.15955	0.00420	0.12271	0.00728	0.02561	0.03004
4	0.01645	0.03748	0.09443	0.02122	0.17072	0.11864	0.05464	0.01868	0.03130	0.01848	0.01392	0.04680	0.01260	0.01318	0.01395	0.25305	0.02518	0.00651	0.00357	0.02921
5	0.01173	0.03369	0.01422	0.03303	0.01552	0.01110	0.05000	0.01605	0.09868	0.02019	0.03747	0.30118	0.15973	0.01663	0.01020	0.00271	0.08973	0.06506	0.00589	0.00720
6	0.64314	0.01366	0.01160	0.01008	0.01464	0.01530	0.00825	0.02332	0.05777	0.09970	0.01309	0.01394	0.00973	0.00698	0.00490	0.00218	0.00556	0.00448	0.00503	0.03664
7	0.01709	0.01710	0.05373	0.10483	0.03083	0.01680	0.32703	0.06754	0.12049	0.05129	0.07640	0.02302	0.01743	0.00796	0.00842	0.00238	0.03502	0.00813	0.00487	0.00964
8	0.01237	0.00618	0.00928	0.00928	0.00928	0.00618	0.00618	0.00928	0.00928	0.01237	0.01237	0.02165	0.01237	0.02474	0.02783	0.79283	0.00618	0.00618	0.00309	0.00309
9	0.00895	0.00703	0.00814	0.00883	0.01032	0.00636	0.00625	0.01122	0.03931	0.01958	0.08663	0.38418	0.33847	0.01957	0.00869	0.00263	0.00391	0.01712	0.00670	0.00613
10	0.01020	0.00753	0.01093	0.01093	0.01203	0.00862	0.00826	0.01239	0.01129	0.01615	0.01954	0.03057	0.01893	0.15034	0.62614	0.01081	0.01738	0.00801	0.00388	0.00607
11	0.09404	0.01284	0.01632	0.01269	0.01807	0.01186	0.01046	0.07421	0.04027	0.59310	0.02594	0.02282	0.01659	0.00864	0.00694	0.00221	0.00611	0.00687	0.00830	0.01173
12	0.01125	0.00854	0.00939	0.00960	0.01130	0.03289	0.00685	0.01409	0.05912	0.05387	0.11562	0.31472	0.23281	0.07347	0.01057	0.00288	0.00461	0.01521	0.00661	0.00659
13	0.00868	0.00620	0.00826	0.00991	0.01033	0.00578	0.00661	0.00991	0.01363	0.01818	0.03925	0.74510	0.04710	0.02231	0.00909	0.00289	0.00413	0.02024	0.00661	0.00578
14	0.02417	0.01237	0.01542	0.01245	0.01685	0.01197	0.01004	0.13231	0.08164	0.36527	0.20341	0.03091	0.03014	0.01036	0.00749	0.00222	0.00559	0.00862	0.00815	0.01062
15	0.01485	0.00821	0.00948	0.00911	0.01134	0.00809	0.00704	0.01933	0.07484	0.10642	0.09772	0.09796	0.04731	0.01156	0.00664	0.00211	0.00419	0.06253	0.39368	0.00759
16	0.00943	0.00706	0.00886	0.01009	0.01103	0.00680	0.00700	0.01223	0.06555	0.01928	0.04190	0.59631	0.11434	0.02081	0.00890	0.00282	0.00427	0.04043	0.00666	0.00625
17	0.04626	0.02533	0.37901	0.07191	0.02616	0.01624	0.01989	0.02030	0.01434	0.05306	0.01866	0.02118	0.08000	0.00926	0.01046	0.00246	0.16594	0.00658	0.00373	0.00924
18	0.01193	0.01055	0.01669	0.01821	0.12872	0.01019	0.09942	0.01572	0.05963	0.02071	0.03581	0.34747	0.13171	0.01591	0.00848	0.00261	0.00604	0.04683	0.00574	0.00763
19	0.01477	0.01266	0.01477	0.01055	0.01687	0.00949	0.00844	0.01793	0.01477	0.02320	0.01266	0.01477	0.01055	0.00527	0.00527	0.00105	0.00527	0.00422	0.00422	0.79328
20	0.00866	0.00625	0.00821	0.00978	0.01029	0.00579	0.00655	0.00993	0.01376	0.01823	0.04086	0.71197	0.07920	0.02210	0.00906	0.00287	0.00411	0.01999	0.00661	0.00579
21	0.01889	0.02522	0.23895	0.01730	0.02321	0.13474	0.03542	0.17299	0.07563	0.02660	0.01945	0.09321	0.03836	0.00969	0.00783	0.00228	0.03786	0.00764	0.00492	0.00979
22	0.01570	0.01321	0.01527	0.01099	0.01727	0.01045	0.00882	0.06832	0.01619	0.02485	0.01299	0.01494	0.01067	0.00552	0.00541	0.00114	0.00547	0.00439	0.00444	0.73397
23	0.03814	0.29211	0.14395	0.01560	0.02100	0.05121	0.04560	0.08832	0.01603	0.02135	0.01259	0.01575	0.01067	0.01368	0.10566	0.00331	0.08692	0.00535	0.00366	0.00910
24	0.01481	0.01101	0.01278	0.01181	0.01468	0.01175	0.00927	0.04903	0.26709	0.05955	0.23739	0.04125	0.06121	0.01450	0.04350	0.00284	0.00561	0.07442	0.04871	0.00879
25	0.01382	0.00926	0.01076	0.00996	0.01127	0.01079	0.00769	0.01770	0.06504	0.02347	0.02058	0.02619	0.01735	0.08386	0.01228	0.00256	0.16285	0.00703	0.48053	0.00701
26	0.02340	0.01742	0.01979	0.01576	0.02003	0.01982	0.01290	0.48030	0.02697	0.05848	0.01680	0.01938	0.01302	0.04499	0.07572	0.00333	0.10835	0.00669	0.00621	0.01066
27	0.01501	0.01116	0.01213	0.01110	0.01396	0.01201	0.00853	0.09473	0.25045	0.02863	0.13471	0.09971	0.08099	0.01180	0.00716	0.00223	0.00471	0.00997	0.18230	0.00871
28	0.00870	0.00641	0.00805	0.00933	0.01009	0.00587	0.00630	0.00999	0.01398	0.01820	0.04461	0.59289	0.16653	0.05072	0.01005	0.00296	0.00415	0.01889	0.00652	0.00577
29	0.01345	0.01266	0.02136	0.73264	0.04904	0.01582	0.01978	0.01819	0.01424	0.01819	0.01266	0.01898	0.00949	0.00712	0.00712	0.00237	0.00949	0.00633	0.00316	0.00791
30	0.01955	0.18161	0.14394	0.01686	0.05727	0.11221	0.01498	0.15896	0.07107	0.02533	0.01512	0.01717	0.01205	0.01221	0.08132	0.00296	0.00980	0.00566	0.03214	0.00977
31	0.00882	0.00666	0.00782	0.00865	0.00971	0.00602	0.00586	0.01009	0.01410	0.01794	0.04862	0.40493	0.27808	0.12348	0.01268	0.00328	0.00434	0.01699	0.00629	0.00566
32	0.03119	0.01229	0.01650	0.01277	0.01820	0.01085	0.01051	0.03487	0.05603	0.67417	0.02814	0.02436	0.01784	0.00886	0.00717	0.00221	0.00604	0.00721	0.00873	0.01207
33	0.01424	0.01347	0.02279	0.60185	0.17363	0.01603	0.02017	0.01889	0.01461	0.01916	0.01280	0.01873	0.00983	0.00697	0.00711	0.00232	0.00930	0.00633	0.00323	0.00855
34	0.01835	0.03480	0.04215	0.08156	0.13211	0.01539	0.01359	0.12448	0.18293	0.08873	0.05908	0.02891	0.08172	0.00975	0.00726	0.00227	0.00668	0.02899	0.03114	0.01009
35	0.01408	0.00687	0.00706	0.00690	0.00872	0.00680	0.00521	0.01737	0.01517	0.05589	0.02344	0.02645	0.01822	0.00832	0.00507	0.00168	0.00344	0.00666	0.75578	0.00687
36	0.01992	0.01373	0.01627	0.01342	0.01755	0.01408	0.03682	0.30239	0.02408	0.11536	0.05830	0.10097	0.16831	0.01273	0.00786	0.00236	0.00629	0.05297	0.00702	0.00956
37	0.01620	0.05337	0.07276	0.12651	0.07014	0.01369	0.08463	0.03984	0.04143	0.11032	0.15037	0.05461	0.05817	0.01202	0.04116	0.00272	0.02902	0.00874	0.00541	0.00889
38	0.01047	0.00731	0.00888	0.00927	0.01106	0.00654	0.00693	0.01253	0.01622	0.06190	0.14022	0.27530	0.29926	0.01852	0.00870	0.00262	0.00421	0.08671	0.00690	0.00646
39	0.01345	0.01266	0.02136	0.73264	0.04904	0.01582	0.01978	0.01819	0.01424	0.01819	0.01266	0.01898	0.00949	0.00712	0.00712	0.00237	0.00949	0.00633	0.00316	0.00791
40	0.06583	0.01940	0.01803	0.01467	0.01946	0.18575	0.01168	0.21185	0.02308	0.28886	0.01972	0.01998	0.01397	0.04533	0.00829	0.00233	0.00821	0.00633	0.00666	0.01057
41	0.01918	0.08986	0.13503	0.14683	0.12060	0.16695	0.07899	0.08901	0.01794	0.02234	0.01265	0.01589	0.00994	0.00717	0.00744	0.00214	0.03901	0.00576	0.00372	0.00953
42	0.01063	0.00783	0.00969	0.01054	0.01173	0.00769	0.00746	0.06749	0.03980	0.02104	0.03946	0.58066	0.09277	0.02027	0.00884	0.00279	0.00455	0.04353	0.00667	0.00656
43	0.01975	0.10519	0.02368	0.06319	0.18756	0.07070	0.03864	0.08336	0.08140	0.08990	0.04303	0.01910	0.01446	0.00767	0.00742	0.00203	0.04165	0.00626	0.00486	0.09013
44	0.04889	0.06114	0.19367	0.03475	0.02351	0.06591	0.03927	0.14752	0.03679	0.14898	0.01638	0.01710	0.01171	0.00731	0.00655	0.00200	0.00823	0.00571	0.00521	0.11939
45	0.01692	0.12775	0.18683	0.01569	0.02116	0.07766	0.03879	0.06128	0.08346	0.04004	0.04117	0.11288	0.01788	0.00970	0.00790	0.00217	0.05612	0.00770	0.00464	0.07027
46	0.01983	0.22930	0.19632	0.01561	0.02201	0.08145	0.06478	0.02405	0.01669	0.14504	0.04991	0.01855	0.01435	0.00744	0.00626	0.00197	0.00833	0.00585	0.06261	0.00967
47	0.01827	0.05931	0.21487	0.01484	0.02041	0.04277	0.01472	0.07831	0.05078	0.13438	0.09655	0.04984	0.02056	0.05820	0.00987	0.00251	0.05043	0.00745	0.00536	0.05056

[dist]
# distance from previous block
# <min> <max>
0	3

[block]
# block no. 6 follows, 29 sequences, length 24
# corresponding to MSA columns:
# 332-355
name=unknown_G
#
# <colnr> <probs for GDERKNQSTAVLIFYWHMCP>
#	G	D	E	R	K	N	Q	S	T	A	V	L	I	F	Y	W	H	M	C	P
0	0.05994	0.07757	0.17075	0.02026	0.07605	0.03507	0.13672	0.08140	0.03782	0.05222	0.01557	0.06153	0.01297	0.00819	0.00820	0.00222	0.06673	0.00691	0.00431	0.06559
1	0.01708	0.05214	0.12573	0.14757	0.19593	0.01543	0.04504	0.08358	0.01732	0.08028	0.02001	0.10871	0.04163	0.00933	0.00728	0.00228	0.00808	0.00825	0.00464	0.00969
2	0.01733	0.00886	0.01177	0.01052	0.01339	0.00811	0.00815	0.01988	0.01765	0.26231	0.20387	0.13742	0.11779	0.01940	0.10626	0.00360	0.00660	0.01144	0.00730	0.00834
3	0.12206	0.01277	0.01471	0.04111	0.06213	0.04986	0.01045	0.02501	0.09367	0.24497	0.08967	0.10216	0.06566	0.01103	0.00721	0.00232	0.00601	0.02310	0.00672	0.00938
4	0.01873	0.01320	0.01563	0.01141	0.01754	0.01074	0.00922	0.07811	0.01733	0.14116	0.01565	0.01657	0.01188	0.00615	0.00575	0.00134	0.00563	0.00491	0.00525	0.59381
5	0.00947	0.00691	0.00936	0.01029	0.01107	0.00704	0.00723	0.01160	0.03157	0.01825	0.06041	0.46624	0.03824	0.06933	0.20180	0.00537	0.00830	0.01568	0.00580	0.00605
6	0.02597	0.03261	0.01989	0.01807	0.02176	0.67105	0.01358	0.02910	0.06808	0.01831	0.01229	0.01382	0.01007	0.00750	0.00648	0.00188	0.01233	0.00483	0.00392	0.00847
7	0.00945	0.00681	0.00867	0.00989	0.01059	0.00647	0.00668	0.03535	0.01435	0.01901	0.03932	0.64243	0.08088	0.06084	0.01044	0.00305	0.00439	0.01890	0.00651	0.00596
8	0.01052	0.00749	0.00865	0.00880	0.00963	0.00735	0.00570	0.04653	0.01340	0.01754	0.03415	0.22877	0.13582	0.38807	0.04230	0.00503	0.00606	0.01335	0.00540	0.00544
9	0.00844	0.00714	0.00729	0.00742	0.00967	0.00599	0.00550	0.01020	0.01603	0.01916	0.06963	0.11998	0.65261	0.01836	0.00847	0.00244	0.00365	0.01542	0.00661	0.00599
10	0.01413	0.00874	0.00933	0.00893	0.01108	0.00932	0.00680	0.04678	0.13350	0.02667	0.02454	0.06513	0.02014	0.01262	0.05842	0.00260	0.00511	0.00768	0.52088	0.00760
11	0.00861	0.00647	0.00798	0.00919	0.01014	0.00584	0.00629	0.01000	0.01433	0.01846	0.04801	0.56475	0.22179	0.02117	0.00891	0.00276	0.00399	0.01885	0.00661	0.00584
12	0.01012	0.00783	0.00888	0.00851	0.01067	0.00725	0.00641	0.01409	0.06932	0.02456	0.34481	0.05628	0.33256	0.01533	0.00813	0.00229	0.00364	0.01309	0.04947	0.00676
13	0.08414	0.01322	0.01618	0.01271	0.01769	0.01277	0.01041	0.16375	0.02244	0.43645	0.11122	0.02557	0.02215	0.00934	0.00711	0.00219	0.00604	0.00750	0.00802	0.01110
14	0.01586	0.01588	0.02466	0.33975	0.25049	0.06644	0.06935	0.02000	0.01528	0.02004	0.01394	0.05108	0.01184	0.00778	0.00809	0.00232	0.04768	0.00700	0.00350	0.00903
15	0.01245	0.00971	0.01195	0.01143	0.01310	0.05294	0.00880	0.01485	0.01387	0.05575	0.11061	0.03345	0.07405	0.07216	0.43317	0.00794	0.04351	0.00871	0.00480	0.00677
16	0.01035	0.00694	0.00794	0.00794	0.00800	0.00700	0.00453	0.01047	0.01041	0.01394	0.02228	0.04571	0.02550	0.71646	0.06900	0.00712	0.00749	0.01022	0.00429	0.00441
17	0.06269	0.07106	0.02123	0.31422	0.05760	0.12047	0.01559	0.06704	0.01734	0.14132	0.01497	0.01776	0.01098	0.00757	0.00718	0.00219	0.03115	0.00590	0.00456	0.00918
18	0.01681	0.01921	0.04202	0.03001	0.03721	0.01801	0.67947	0.02281	0.01681	0.02281	0.01441	0.01921	0.01080	0.00600	0.00840	0.00240	0.01200	0.00840	0.00360	0.00960
19	0.01331	0.01097	0.01182	0.01200	0.01382	0.06351	0.00895	0.08415	0.08311	0.02218	0.03311	0.38430	0.06008	0.01982	0.04843	0.02262	0.00646	0.08788	0.00625	0.00723
20	0.01904	0.75404	0.03731	0.01218	0.01828	0.02818	0.01218	0.02132	0.01447	0.01675	0.00990	0.01142	0.00914	0.00609	0.00457	0.00152	0.00761	0.00381	0.00305	0.00914
21	0.00914	0.00642	0.00828	0.00958	0.00995	0.00611	0.00630	0.01019	0.01304	0.01736	0.03560	0.57086	0.04234	0.17745	0.01491	0.00376	0.00481	0.04227	0.00612	0.00550
22	0.05018	0.01345	0.01781	0.01687	0.10627	0.01295	0.01202	0.14022	0.02141	0.39163	0.06839	0.05282	0.02073	0.00965	0.00730	0.00225	0.00642	0.03105	0.00748	0.01108
23	0.01870	0.58929	0.12120	0.01310	0.01952	0.02478	0.01365	0.02182	0.01511	0.05458	0.04278	0.01446	0.01222	0.00671	0.00516	0.00169	0.00771	0.00458	0.00356	0.00936

[dist]
# distance from previous block
# <min> <max>
0	8

# created by:
# /home/cegg/simao/soft/augustus-3.2.1/scripts/msa2prfl.pl ./align_prep/EOG090W0I6V.fa
