[name]
unknown

[dist]
# distance from previous block
# <min> <max>
37	106

[block]
# block no. 0 follows, 26 sequences, length 15
# corresponding to MSA columns:
# 138-152
name=unknown_A
#
# <colnr> <probs for GDERKNQSTAVLIFYWHMCP>
#	G	D	E	R	K	N	Q	S	T	A	V	L	I	F	Y	W	H	M	C	P
0	0.02366	0.02229	0.02472	0.02141	0.06775	0.17486	0.12293	0.14501	0.21343	0.07445	0.02049	0.02106	0.01529	0.00857	0.00768	0.00234	0.00954	0.00731	0.00603	0.01120
1	0.08089	0.02172	0.01877	0.01597	0.02080	0.22099	0.01256	0.10437	0.18224	0.21109	0.02207	0.02101	0.01577	0.00894	0.00720	0.00228	0.00867	0.00671	0.00682	0.01113
2	0.02912	0.01465	0.01814	0.01393	0.01986	0.01361	0.01141	0.13967	0.06832	0.42822	0.02533	0.02306	0.01686	0.00879	0.00730	0.00215	0.00661	0.00705	0.00817	0.13777
3	0.02028	0.02268	0.02637	0.11300	0.07159	0.22150	0.12517	0.02478	0.06104	0.02084	0.01353	0.01779	0.01121	0.00915	0.01236	0.00257	0.20629	0.00666	0.00391	0.00928
4	0.01432	0.01348	0.02275	0.71520	0.05224	0.01685	0.02107	0.01938	0.01517	0.01938	0.01348	0.02022	0.01011	0.00758	0.00758	0.00253	0.01011	0.00674	0.00337	0.00843
5	0.02883	0.02125	0.02276	0.01745	0.02352	0.02352	0.01442	0.66082	0.03566	0.04780	0.01821	0.01821	0.01290	0.00911	0.00759	0.00228	0.00835	0.00683	0.00759	0.01290
6	0.00924	0.00660	0.00880	0.01056	0.01100	0.00616	0.00704	0.01056	0.01452	0.01936	0.04181	0.72848	0.05017	0.02376	0.00968	0.00308	0.00440	0.02156	0.00704	0.00616
7	0.01573	0.01348	0.01573	0.01123	0.01798	0.01011	0.00899	0.01910	0.01573	0.02472	0.01348	0.01573	0.01123	0.00562	0.00562	0.00112	0.00562	0.00449	0.00449	0.77980
8	0.01942	0.61996	0.15029	0.01444	0.02172	0.02792	0.01552	0.02293	0.01551	0.01889	0.01106	0.01282	0.00971	0.00661	0.00526	0.00175	0.00863	0.00432	0.00324	0.00998
9	0.00900	0.00754	0.00783	0.00806	0.01035	0.00637	0.00593	0.01084	0.01692	0.02034	0.07220	0.15972	0.59931	0.01981	0.00906	0.00263	0.00392	0.01674	0.00704	0.00637
10	0.01573	0.01348	0.01573	0.01123	0.01798	0.01011	0.00899	0.01910	0.01573	0.02472	0.01348	0.01573	0.01123	0.00562	0.00562	0.00112	0.00562	0.00449	0.00449	0.77980
11	0.01516	0.01337	0.02027	0.02335	0.21362	0.01384	0.05205	0.06235	0.01910	0.02662	0.22722	0.07792	0.09946	0.01256	0.01022	0.00251	0.08449	0.01082	0.00591	0.00916
12	0.02030	0.32559	0.11331	0.01355	0.02011	0.01947	0.01334	0.02392	0.01725	0.13873	0.08211	0.02011	0.01775	0.00784	0.00619	0.00184	0.00735	0.00592	0.00504	0.14030
13	0.08364	0.01992	0.20496	0.10657	0.12002	0.01435	0.06224	0.01979	0.01666	0.02494	0.13019	0.11802	0.02585	0.01071	0.00781	0.00249	0.00820	0.00949	0.00486	0.00929
14	0.24922	0.01881	0.01589	0.04011	0.01913	0.15673	0.01090	0.12968	0.01994	0.05269	0.05450	0.01887	0.01491	0.00817	0.00623	0.00208	0.00768	0.00584	0.07977	0.08884

[dist]
# distance from previous block
# <min> <max>
2	24

[block]
# block no. 1 follows, 26 sequences, length 14
# corresponding to MSA columns:
# 178-191
name=unknown_B
#
# <colnr> <probs for GDERKNQSTAVLIFYWHMCP>
#	G	D	E	R	K	N	Q	S	T	A	V	L	I	F	Y	W	H	M	C	P
0	0.02334	0.26118	0.02592	0.01574	0.02062	0.26563	0.01303	0.02969	0.15697	0.06371	0.04280	0.01871	0.01557	0.00830	0.00651	0.00202	0.00937	0.00591	0.00501	0.00998
1	0.16097	0.01889	0.01773	0.01459	0.01920	0.16394	0.03573	0.06825	0.01860	0.11225	0.05726	0.02053	0.01594	0.04249	0.00913	0.00232	0.04971	0.00626	0.00540	0.16080
2	0.02740	0.02017	0.02174	0.01695	0.02260	0.02225	0.01388	0.61309	0.03411	0.04572	0.01994	0.07035	0.01563	0.01018	0.00774	0.00234	0.00806	0.00791	0.00755	0.01240
3	0.01566	0.10147	0.63584	0.02085	0.03164	0.01872	0.02668	0.02390	0.01596	0.02347	0.01334	0.01567	0.00962	0.00714	0.00700	0.00233	0.01093	0.00547	0.00321	0.01108
4	0.00971	0.00743	0.00965	0.01084	0.01152	0.00737	0.00754	0.01114	0.01468	0.01943	0.04413	0.59462	0.12912	0.02245	0.01064	0.00303	0.05376	0.01981	0.00678	0.00634
5	0.01084	0.00813	0.01219	0.01219	0.01354	0.00948	0.00948	0.01354	0.01219	0.01761	0.02032	0.02980	0.01896	0.05689	0.70337	0.01219	0.02032	0.00813	0.00406	0.00677
6	0.03062	0.01767	0.14008	0.01497	0.02180	0.01232	0.01420	0.03462	0.02068	0.57055	0.02697	0.02404	0.01712	0.00899	0.00755	0.00236	0.00732	0.00726	0.00827	0.01260
7	0.01887	0.01629	0.01715	0.01544	0.01972	0.01887	0.01201	0.04031	0.67241	0.03173	0.03087	0.02830	0.02315	0.01029	0.00772	0.00257	0.00600	0.00858	0.00772	0.01201
8	0.01074	0.00775	0.01014	0.00954	0.01133	0.00716	0.00716	0.01431	0.02147	0.03042	0.68211	0.05666	0.07157	0.01551	0.00895	0.00239	0.00358	0.01372	0.00835	0.00716
9	0.14592	0.02115	0.10959	0.06590	0.07545	0.10450	0.14374	0.02599	0.01801	0.14597	0.05809	0.02080	0.01553	0.00800	0.00733	0.00235	0.00941	0.00697	0.00516	0.01015
10	0.04531	0.38429	0.12843	0.01491	0.02096	0.02144	0.05832	0.02050	0.01542	0.02041	0.01746	0.15086	0.01761	0.00988	0.00645	0.00208	0.00798	0.00800	0.00412	0.04555
11	0.01971	0.07581	0.02592	0.02890	0.30559	0.04566	0.05691	0.02542	0.08700	0.10084	0.04946	0.02300	0.01726	0.01367	0.08836	0.00341	0.00982	0.00737	0.00504	0.01084
12	0.12742	0.10186	0.10756	0.02013	0.05275	0.15685	0.14386	0.02556	0.03891	0.06972	0.04950	0.02109	0.01531	0.00818	0.00713	0.00228	0.00983	0.02761	0.00466	0.00977
13	0.11648	0.07262	0.10809	0.05297	0.07561	0.09591	0.08521	0.04136	0.01714	0.02433	0.06259	0.13175	0.02148	0.01090	0.00806	0.00246	0.03070	0.02849	0.00480	0.00903

[dist]
# distance from previous block
# <min> <max>
13	65

[block]
# block no. 2 follows, 26 sequences, length 7
# corresponding to MSA columns:
# 283-289
name=unknown_C
#
# <colnr> <probs for GDERKNQSTAVLIFYWHMCP>
#	G	D	E	R	K	N	Q	S	T	A	V	L	I	F	Y	W	H	M	C	P
0	0.01590	0.06508	0.08165	0.01517	0.04550	0.04268	0.01254	0.02407	0.18122	0.05271	0.14226	0.03448	0.05576	0.02047	0.14643	0.00436	0.00948	0.03487	0.00605	0.00933
1	0.01521	0.03923	0.69413	0.02162	0.03283	0.01762	0.02802	0.02402	0.01601	0.02402	0.01361	0.01601	0.00961	0.00721	0.00721	0.00240	0.01121	0.00560	0.00320	0.01121
2	0.01659	0.01659	0.02323	0.01991	0.01991	0.02323	0.01659	0.01825	0.01162	0.01825	0.00996	0.01659	0.00996	0.01328	0.02489	0.00332	0.71955	0.00664	0.00332	0.00830
3	0.01938	0.01337	0.01610	0.01169	0.01825	0.01032	0.00942	0.02266	0.01692	0.15756	0.01676	0.01774	0.01274	0.00637	0.00602	0.00137	0.00578	0.00512	0.00547	0.62698
4	0.01084	0.00813	0.01219	0.01219	0.01354	0.00948	0.00948	0.01354	0.01219	0.01761	0.02032	0.02980	0.01896	0.05689	0.70337	0.01219	0.02032	0.00813	0.00406	0.00677
5	0.03403	0.01291	0.01760	0.01350	0.01936	0.01115	0.01115	0.03697	0.02171	0.69137	0.02992	0.02582	0.01878	0.00939	0.00763	0.00235	0.00645	0.00763	0.00939	0.01291
6	0.01889	0.02003	0.04033	0.03379	0.16726	0.01927	0.48383	0.07167	0.01910	0.02615	0.01534	0.01996	0.01171	0.00667	0.00856	0.00248	0.01170	0.00836	0.00410	0.01079

[dist]
# distance from previous block
# <min> <max>
0	2

[block]
# block no. 3 follows, 26 sequences, length 9
# corresponding to MSA columns:
# 292-300
name=unknown_D
#
# <colnr> <probs for GDERKNQSTAVLIFYWHMCP>
#	G	D	E	R	K	N	Q	S	T	A	V	L	I	F	Y	W	H	M	C	P
0	0.02275	0.08536	0.02350	0.01717	0.02236	0.14127	0.10242	0.10163	0.07346	0.13290	0.02103	0.10077	0.01773	0.00970	0.00743	0.00220	0.00867	0.00823	0.00589	0.09553
1	0.01767	0.01430	0.01773	0.01423	0.01892	0.06700	0.08407	0.02235	0.06764	0.11007	0.14004	0.07420	0.09001	0.01083	0.00766	0.00210	0.00664	0.00948	0.00630	0.21876
2	0.19263	0.06399	0.02326	0.01721	0.02290	0.09877	0.10451	0.22069	0.07155	0.03321	0.01548	0.01691	0.01175	0.00777	0.00675	0.00219	0.00865	0.00609	0.00549	0.07022
3	0.01861	0.01945	0.10151	0.02568	0.20138	0.01767	0.08435	0.11550	0.18104	0.02983	0.07590	0.02642	0.04976	0.00924	0.00787	0.00241	0.00815	0.00829	0.00573	0.01121
4	0.07132	0.02037	0.06207	0.06885	0.02363	0.08756	0.01437	0.24304	0.12376	0.03282	0.04706	0.02200	0.03637	0.00954	0.00873	0.00236	0.06585	0.00709	0.00598	0.04721
5	0.13788	0.04536	0.18268	0.01963	0.02521	0.03673	0.13318	0.02310	0.04198	0.04841	0.05695	0.01966	0.01470	0.00914	0.01121	0.00260	0.17075	0.00686	0.00433	0.00962
6	0.21162	0.01836	0.05858	0.01367	0.01894	0.10695	0.01160	0.08722	0.01964	0.20626	0.05226	0.04294	0.04052	0.00921	0.00678	0.00222	0.00741	0.00695	0.00634	0.07255
7	0.07343	0.11148	0.01973	0.01400	0.01876	0.09683	0.01149	0.12799	0.08318	0.19169	0.05285	0.05901	0.06936	0.01066	0.00731	0.00230	0.00735	0.02535	0.00680	0.01043
8	0.02069	0.01912	0.02452	0.05257	0.02602	0.11566	0.17196	0.09796	0.15273	0.07341	0.04793	0.07556	0.01951	0.00958	0.00793	0.00237	0.00903	0.00871	0.00587	0.05888

[dist]
# distance from previous block
# <min> <max>
2	60

[block]
# block no. 4 follows, 26 sequences, length 28
# corresponding to MSA columns:
# 381-396,403-414
name=unknown_E
#
# <colnr> <probs for GDERKNQSTAVLIFYWHMCP>
#	G	D	E	R	K	N	Q	S	T	A	V	L	I	F	Y	W	H	M	C	P
0	0.04556	0.05744	0.14239	0.04090	0.02298	0.03969	0.01511	0.17677	0.06882	0.07625	0.03966	0.06455	0.01766	0.00973	0.00786	0.00227	0.03158	0.02729	0.00577	0.10770
1	0.14290	0.01769	0.04219	0.01626	0.02081	0.05939	0.08634	0.15116	0.07688	0.03085	0.06304	0.04972	0.01819	0.00959	0.00872	0.00235	0.07388	0.00754	0.06222	0.06026
2	0.07197	0.01317	0.01394	0.01195	0.01551	0.06884	0.00927	0.06451	0.04213	0.15713	0.25590	0.03535	0.03582	0.05725	0.03226	0.00285	0.00647	0.00928	0.03153	0.06488
3	0.01719	0.37487	0.17095	0.01438	0.02051	0.05618	0.01484	0.02109	0.01688	0.02156	0.13410	0.06700	0.02343	0.00944	0.00651	0.00204	0.00800	0.00729	0.00443	0.00931
4	0.00896	0.00768	0.00768	0.00768	0.01025	0.00640	0.00576	0.01089	0.01729	0.02049	0.07684	0.07300	0.68304	0.01921	0.00896	0.00256	0.00384	0.01601	0.00704	0.00640
5	0.01879	0.01705	0.02596	0.01876	0.02566	0.01535	0.21013	0.13769	0.02003	0.02880	0.01492	0.01764	0.01162	0.00649	0.00700	0.00178	0.00832	0.00629	0.00486	0.40287
6	0.03403	0.01291	0.01760	0.01350	0.01936	0.01115	0.01115	0.03697	0.02171	0.69137	0.02992	0.02582	0.01878	0.00939	0.00763	0.00235	0.00645	0.00763	0.00939	0.01291
7	0.03308	0.01443	0.01854	0.01422	0.02012	0.01340	0.01174	0.15070	0.02425	0.57404	0.02779	0.02443	0.01770	0.00934	0.00762	0.00233	0.00680	0.00748	0.00906	0.01291
8	0.02404	0.02207	0.01936	0.01629	0.02076	0.20032	0.01283	0.29105	0.11602	0.03468	0.13924	0.02539	0.02416	0.01009	0.00765	0.00225	0.00857	0.00781	0.00677	0.01064
9	0.03403	0.01291	0.01760	0.01350	0.01936	0.01115	0.01115	0.03697	0.02171	0.69137	0.02992	0.02582	0.01878	0.00939	0.00763	0.00235	0.00645	0.00763	0.00939	0.01291
10	0.00914	0.00769	0.00793	0.00787	0.01035	0.00648	0.00590	0.01123	0.01771	0.02149	0.13781	0.07135	0.62145	0.01884	0.00896	0.00254	0.00382	0.01578	0.00718	0.00648
11	0.02939	0.01759	0.01967	0.01557	0.02118	0.04500	0.01268	0.27706	0.13071	0.31179	0.02484	0.02280	0.01685	0.00936	0.00760	0.00234	0.00740	0.00736	0.00821	0.01260
12	0.78701	0.01467	0.01115	0.00997	0.01467	0.01702	0.00821	0.02230	0.01291	0.03403	0.01056	0.01232	0.00821	0.00704	0.00469	0.00235	0.00587	0.00411	0.00469	0.00821
13	0.35671	0.01623	0.01971	0.07688	0.02366	0.05862	0.12932	0.05442	0.01652	0.02873	0.01740	0.02786	0.01560	0.00959	0.00703	0.00258	0.00830	0.11726	0.00493	0.00866
14	0.01002	0.00753	0.00928	0.00926	0.01100	0.00679	0.00679	0.01277	0.01916	0.02592	0.41384	0.18323	0.22076	0.01794	0.00908	0.00256	0.00379	0.01572	0.00778	0.00679
15	0.02119	0.01790	0.02688	0.01988	0.02628	0.01749	0.20827	0.19251	0.06241	0.07134	0.01724	0.01924	0.01290	0.00757	0.00810	0.00211	0.03450	0.00698	0.00556	0.22164
16	0.03308	0.01443	0.01854	0.01422	0.02012	0.01340	0.01174	0.15070	0.02425	0.57404	0.02779	0.02443	0.01770	0.00934	0.00762	0.00233	0.00680	0.00748	0.00906	0.01291
17	0.02859	0.02859	0.02214	0.01848	0.02349	0.35844	0.01453	0.35002	0.02868	0.03339	0.01501	0.01598	0.01136	0.00847	0.00722	0.00212	0.01097	0.00587	0.00577	0.01088
18	0.01785	0.06414	0.04158	0.02892	0.03607	0.01951	0.54642	0.02357	0.01730	0.02361	0.01466	0.01946	0.01130	0.00670	0.00931	0.00245	0.04825	0.00826	0.00381	0.05680
19	0.01866	0.51519	0.24840	0.01573	0.02373	0.02606	0.01778	0.02313	0.01560	0.01981	0.01152	0.01339	0.00969	0.00672	0.00561	0.00187	0.00910	0.00455	0.00323	0.01020
20	0.00924	0.00660	0.00880	0.01056	0.01100	0.00616	0.00704	0.01056	0.01452	0.01936	0.04181	0.72848	0.05017	0.02376	0.00968	0.00308	0.00440	0.02156	0.00704	0.00616
21	0.01573	0.01348	0.01573	0.01123	0.01798	0.01011	0.00899	0.01910	0.01573	0.02472	0.01348	0.01573	0.01123	0.00562	0.00562	0.00112	0.00562	0.00449	0.00449	0.77980
22	0.01084	0.00813	0.01219	0.01219	0.01354	0.00948	0.00948	0.01354	0.01219	0.01761	0.02032	0.02980	0.01896	0.05689	0.70337	0.01219	0.02032	0.00813	0.00406	0.00677
23	0.01163	0.00854	0.01140	0.01282	0.01472	0.00831	0.01105	0.01483	0.01743	0.02230	0.04685	0.08327	0.16022	0.02064	0.01020	0.00332	0.00641	0.52221	0.00700	0.00688
24	0.01887	0.01629	0.01715	0.01544	0.01972	0.01887	0.01201	0.04031	0.67241	0.03173	0.03087	0.02830	0.02315	0.01029	0.00772	0.00257	0.00600	0.00858	0.00772	0.01201
25	0.01573	0.01348	0.01573	0.01123	0.01798	0.01011	0.00899	0.01910	0.01573	0.02472	0.01348	0.01573	0.01123	0.00562	0.00562	0.00112	0.00562	0.00449	0.00449	0.77980
26	0.01573	0.01348	0.01573	0.01123	0.01798	0.01011	0.00899	0.01910	0.01573	0.02472	0.01348	0.01573	0.01123	0.00562	0.00562	0.00112	0.00562	0.00449	0.00449	0.77980
27	0.01430	0.01027	0.01142	0.01051	0.01345	0.00981	0.00801	0.13113	0.02061	0.06727	0.09300	0.18975	0.35660	0.01744	0.00877	0.00259	0.00492	0.01479	0.00737	0.00799

[dist]
# distance from previous block
# <min> <max>
0	21

[block]
# block no. 5 follows, 26 sequences, length 9
# corresponding to MSA columns:
# 462,463,465-471
name=unknown_F
#
# <colnr> <probs for GDERKNQSTAVLIFYWHMCP>
#	G	D	E	R	K	N	Q	S	T	A	V	L	I	F	Y	W	H	M	C	P
0	0.01798	0.01890	0.02303	0.01987	0.02033	0.10346	0.01637	0.01967	0.01278	0.01829	0.01017	0.01625	0.00993	0.01263	0.02276	0.00316	0.63623	0.00643	0.00339	0.00836
1	0.01103	0.00735	0.00827	0.00827	0.00827	0.00735	0.00460	0.01103	0.01103	0.01471	0.02390	0.04964	0.02758	0.73343	0.03861	0.00735	0.00735	0.01103	0.00460	0.00460
2	0.02883	0.02125	0.02276	0.01745	0.02352	0.02352	0.01442	0.66082	0.03566	0.04780	0.01821	0.01821	0.01290	0.00911	0.00759	0.00228	0.00835	0.00683	0.00759	0.01290
3	0.78701	0.01467	0.01115	0.00997	0.01467	0.01702	0.00821	0.02230	0.01291	0.03403	0.01056	0.01232	0.00821	0.00704	0.00469	0.00235	0.00587	0.00411	0.00469	0.00821
4	0.02028	0.73799	0.03975	0.01298	0.01947	0.03001	0.01298	0.02271	0.01541	0.01785	0.01055	0.01217	0.00973	0.00649	0.00487	0.00162	0.00811	0.00406	0.00324	0.00973
5	0.02883	0.02125	0.02276	0.01745	0.02352	0.02352	0.01442	0.66082	0.03566	0.04780	0.01821	0.01821	0.01290	0.00911	0.00759	0.00228	0.00835	0.00683	0.00759	0.01290
6	0.01751	0.01895	0.03795	0.02784	0.03428	0.01866	0.50048	0.02533	0.09920	0.02523	0.05697	0.02338	0.01647	0.00784	0.00975	0.00259	0.05380	0.00905	0.00456	0.01015
7	0.02028	0.73799	0.03975	0.01298	0.01947	0.03001	0.01298	0.02271	0.01541	0.01785	0.01055	0.01217	0.00973	0.00649	0.00487	0.00162	0.00811	0.00406	0.00324	0.00973
8	0.02883	0.02125	0.02276	0.01745	0.02352	0.02352	0.01442	0.66082	0.03566	0.04780	0.01821	0.01821	0.01290	0.00911	0.00759	0.00228	0.00835	0.00683	0.00759	0.01290

[dist]
# distance from previous block
# <min> <max>
0	1

[block]
# block no. 6 follows, 26 sequences, length 20
# corresponding to MSA columns:
# 473-492
name=unknown_G
#
# <colnr> <probs for GDERKNQSTAVLIFYWHMCP>
#	G	D	E	R	K	N	Q	S	T	A	V	L	I	F	Y	W	H	M	C	P
0	0.01877	0.01802	0.03079	0.04656	0.68612	0.01802	0.02328	0.02328	0.01727	0.02478	0.01427	0.01877	0.01201	0.00676	0.00751	0.00225	0.00901	0.00676	0.00375	0.01201
1	0.78701	0.01467	0.01115	0.00997	0.01467	0.01702	0.00821	0.02230	0.01291	0.03403	0.01056	0.01232	0.00821	0.00704	0.00469	0.00235	0.00587	0.00411	0.00469	0.00821
2	0.01084	0.00813	0.01219	0.01219	0.01354	0.00948	0.00948	0.01354	0.01219	0.01761	0.02032	0.02980	0.01896	0.05689	0.70337	0.01219	0.02032	0.00813	0.00406	0.00677
3	0.01887	0.01629	0.01715	0.01544	0.01972	0.01887	0.01201	0.04031	0.67241	0.03173	0.03087	0.02830	0.02315	0.01029	0.00772	0.00257	0.00600	0.00858	0.00772	0.01201
4	0.02883	0.02125	0.02276	0.01745	0.02352	0.02352	0.01442	0.66082	0.03566	0.04780	0.01821	0.01821	0.01290	0.00911	0.00759	0.00228	0.00835	0.00683	0.00759	0.01290
5	0.00896	0.00768	0.00768	0.00768	0.01025	0.00640	0.00576	0.01089	0.01729	0.02049	0.07684	0.07300	0.68304	0.01921	0.00896	0.00256	0.00384	0.01601	0.00704	0.00640
6	0.02830	0.02098	0.02246	0.01734	0.02332	0.02327	0.01429	0.62746	0.06990	0.04694	0.01889	0.01875	0.01345	0.00917	0.00759	0.00229	0.00822	0.00692	0.00759	0.01285
7	0.01074	0.00775	0.01014	0.00954	0.01133	0.00716	0.00716	0.01431	0.02147	0.03042	0.68211	0.05666	0.07157	0.01551	0.00895	0.00239	0.00358	0.01372	0.00835	0.00716
8	0.01432	0.01348	0.02275	0.71520	0.05224	0.01685	0.02107	0.01938	0.01517	0.01938	0.01348	0.02022	0.01011	0.00758	0.00758	0.00253	0.01011	0.00674	0.00337	0.00843
9	0.01521	0.03923	0.69413	0.02162	0.03283	0.01762	0.02802	0.02402	0.01601	0.02402	0.01361	0.01601	0.00961	0.00721	0.00721	0.00240	0.01121	0.00560	0.00320	0.01121
10	0.01573	0.01348	0.01573	0.01123	0.01798	0.01011	0.00899	0.01910	0.01573	0.02472	0.01348	0.01573	0.01123	0.00562	0.00562	0.00112	0.00562	0.00449	0.00449	0.77980
11	0.00924	0.00660	0.00880	0.01056	0.01100	0.00616	0.00704	0.01056	0.01452	0.01936	0.04181	0.72848	0.05017	0.02376	0.00968	0.00308	0.00440	0.02156	0.00704	0.00616
12	0.03221	0.01704	0.01925	0.01503	0.02078	0.07383	0.01228	0.19562	0.02525	0.46923	0.02537	0.02283	0.01650	0.00918	0.00755	0.00230	0.00756	0.00719	0.00846	0.01255
13	0.02599	0.03047	0.01911	0.01734	0.02109	0.55853	0.01306	0.02810	0.02076	0.05499	0.01919	0.02043	0.06884	0.00895	0.00696	0.00201	0.01175	0.00614	0.05761	0.00869
14	0.00903	0.00743	0.00794	0.00835	0.01042	0.00635	0.00606	0.01081	0.01665	0.02023	0.06875	0.22432	0.53693	0.02026	0.00913	0.00268	0.00397	0.01729	0.00704	0.00635
15	0.01241	0.00887	0.01203	0.14208	0.01949	0.00881	0.00994	0.01487	0.01625	0.07770	0.04577	0.30470	0.22709	0.01799	0.00894	0.00278	0.00563	0.05080	0.00655	0.00728
16	0.02964	0.01422	0.02002	0.01503	0.02119	0.01254	0.06676	0.07625	0.02148	0.49311	0.02548	0.02337	0.01665	0.00856	0.00745	0.00218	0.00701	0.00723	0.00808	0.12374
17	0.01842	0.02235	0.12240	0.02974	0.03775	0.01857	0.54784	0.02493	0.01787	0.05924	0.01590	0.02020	0.01166	0.00665	0.00867	0.00253	0.01226	0.00847	0.00405	0.01049
18	0.08362	0.02001	0.02442	0.01961	0.02494	0.09419	0.16443	0.12117	0.30416	0.03099	0.02169	0.02214	0.01630	0.00867	0.00765	0.00244	0.00876	0.00765	0.00612	0.01105
19	0.01647	0.01507	0.02379	0.07739	0.33449	0.01463	0.04659	0.02141	0.04456	0.02525	0.10015	0.02732	0.02145	0.00863	0.00758	0.00217	0.00769	0.04307	0.00480	0.15750

[dist]
# distance from previous block
# <min> <max>
0	15

[block]
# block no. 7 follows, 26 sequences, length 23
# corresponding to MSA columns:
# 512-522,524-526,556-564
name=unknown_H
#
# <colnr> <probs for GDERKNQSTAVLIFYWHMCP>
#	G	D	E	R	K	N	Q	S	T	A	V	L	I	F	Y	W	H	M	C	P
0	0.01411	0.09046	0.06615	0.06749	0.01913	0.01372	0.01180	0.04785	0.06811	0.02408	0.13166	0.17963	0.09119	0.01402	0.00903	0.00249	0.04820	0.03186	0.00595	0.06309
1	0.14408	0.01765	0.01606	0.01408	0.01812	0.14429	0.03947	0.04874	0.18210	0.05813	0.07990	0.03307	0.15152	0.01119	0.00744	0.00238	0.00723	0.00892	0.00632	0.00931
2	0.01986	0.63364	0.03921	0.01502	0.02123	0.02868	0.06882	0.02259	0.01540	0.01843	0.01092	0.01314	0.00990	0.00688	0.00640	0.00180	0.05046	0.00463	0.00330	0.00969
3	0.02212	0.01720	0.02166	0.01599	0.02252	0.01634	0.08057	0.26939	0.02404	0.07292	0.01648	0.01779	0.01235	0.00727	0.00686	0.00180	0.00749	0.00606	0.00591	0.35524
4	0.01659	0.01659	0.02323	0.01991	0.01991	0.02323	0.01659	0.01825	0.01162	0.01825	0.00996	0.01659	0.00996	0.01328	0.02489	0.00332	0.71955	0.00664	0.00332	0.00830
5	0.01084	0.00813	0.01219	0.01219	0.01354	0.00948	0.00948	0.01354	0.01219	0.01761	0.02032	0.02980	0.01896	0.05689	0.70337	0.01219	0.02032	0.00813	0.00406	0.00677
6	0.03310	0.01441	0.01853	0.01421	0.02011	0.01337	0.01174	0.14918	0.02422	0.57561	0.02782	0.02445	0.01772	0.00934	0.00762	0.00233	0.00679	0.00748	0.00906	0.01291
7	0.01887	0.01629	0.01715	0.01544	0.01972	0.01887	0.01201	0.04031	0.67241	0.03173	0.03087	0.02830	0.02315	0.01029	0.00772	0.00257	0.00600	0.00858	0.00772	0.01201
8	0.01074	0.00775	0.01014	0.00954	0.01133	0.00716	0.00716	0.01431	0.02147	0.03042	0.68211	0.05666	0.07157	0.01551	0.00895	0.00239	0.00358	0.01372	0.00835	0.00716
9	0.02883	0.02125	0.02276	0.01745	0.02352	0.02352	0.01442	0.66082	0.03566	0.04780	0.01821	0.01821	0.01290	0.00911	0.00759	0.00228	0.00835	0.00683	0.00759	0.01290
10	0.02028	0.73799	0.03975	0.01298	0.01947	0.03001	0.01298	0.02271	0.01541	0.01785	0.01055	0.01217	0.00973	0.00649	0.00487	0.00162	0.00811	0.00406	0.00324	0.00973
11	0.02028	0.73799	0.03975	0.01298	0.01947	0.03001	0.01298	0.02271	0.01541	0.01785	0.01055	0.01217	0.00973	0.00649	0.00487	0.00162	0.00811	0.00406	0.00324	0.00973
12	0.02883	0.02125	0.02276	0.01745	0.02352	0.02352	0.01442	0.66082	0.03566	0.04780	0.01821	0.01821	0.01290	0.00911	0.00759	0.00228	0.00835	0.00683	0.00759	0.01290
13	0.02028	0.73799	0.03975	0.01298	0.01947	0.03001	0.01298	0.02271	0.01541	0.01785	0.01055	0.01217	0.00973	0.00649	0.00487	0.00162	0.00811	0.00406	0.00324	0.00973
14	0.01597	0.14360	0.59639	0.02033	0.03083	0.01947	0.02578	0.02383	0.01592	0.02310	0.01315	0.01544	0.00963	0.00710	0.00686	0.00229	0.01075	0.00537	0.00321	0.01099
15	0.01332	0.01006	0.01293	0.01377	0.01600	0.01048	0.01164	0.02021	0.14162	0.02523	0.10694	0.07166	0.04276	0.01836	0.00979	0.00320	0.00644	0.45037	0.00727	0.00795
16	0.01084	0.00813	0.01219	0.01219	0.01354	0.00948	0.00948	0.01354	0.01219	0.01761	0.02032	0.02980	0.01896	0.05689	0.70337	0.01219	0.02032	0.00813	0.00406	0.00677
17	0.03130	0.01352	0.01752	0.01384	0.01943	0.01254	0.01130	0.03757	0.13875	0.57272	0.03009	0.02626	0.01956	0.00955	0.00764	0.00239	0.00637	0.00780	0.00909	0.01275
18	0.03130	0.01352	0.01752	0.01384	0.01943	0.01254	0.01130	0.03757	0.13875	0.57272	0.03009	0.02626	0.01956	0.00955	0.00764	0.00239	0.00637	0.00780	0.00909	0.01275
19	0.00896	0.00768	0.00768	0.00768	0.01025	0.00640	0.00576	0.01089	0.01729	0.02049	0.07684	0.07300	0.68304	0.01921	0.00896	0.00256	0.00384	0.01601	0.00704	0.00640
20	0.01733	0.29266	0.33304	0.01808	0.02682	0.02150	0.06654	0.02303	0.01590	0.02184	0.01259	0.01489	0.00997	0.00671	0.00630	0.00199	0.00959	0.00516	0.00340	0.09265
21	0.01775	0.38930	0.36630	0.01729	0.02614	0.02383	0.02049	0.02337	0.01571	0.02093	0.01208	0.01409	0.00967	0.00685	0.00603	0.00201	0.00966	0.00483	0.00322	0.01047
22	0.01899	0.01555	0.02528	0.04968	0.02641	0.01337	0.21047	0.02331	0.01724	0.12109	0.01644	0.01886	0.01236	0.00649	0.00703	0.00181	0.00816	0.00643	0.00495	0.39607

[dist]
# distance from previous block
# <min> <max>
2	13

[block]
# block no. 8 follows, 26 sequences, length 13
# corresponding to MSA columns:
# 587-599
name=unknown_I
#
# <colnr> <probs for GDERKNQSTAVLIFYWHMCP>
#	G	D	E	R	K	N	Q	S	T	A	V	L	I	F	Y	W	H	M	C	P
0	0.18762	0.01594	0.01583	0.01424	0.01861	0.01846	0.01117	0.03635	0.52753	0.03224	0.02641	0.02479	0.01987	0.00958	0.00705	0.00252	0.00597	0.00759	0.00705	0.01117
1	0.02584	0.02520	0.17025	0.01837	0.02557	0.02222	0.01741	0.52093	0.03135	0.04258	0.01720	0.01773	0.01218	0.00869	0.00750	0.00230	0.00898	0.00656	0.00662	0.01253
2	0.64635	0.01915	0.13562	0.01210	0.01798	0.01713	0.01182	0.02261	0.01347	0.03221	0.01112	0.01299	0.00847	0.00707	0.00515	0.00236	0.00684	0.00438	0.00442	0.00876
3	0.02883	0.02125	0.02276	0.01745	0.02352	0.02352	0.01442	0.66082	0.03566	0.04780	0.01821	0.01821	0.01290	0.00911	0.00759	0.00228	0.00835	0.00683	0.00759	0.01290
4	0.01633	0.19274	0.55037	0.01972	0.02989	0.02034	0.02472	0.02373	0.01588	0.02266	0.01294	0.01517	0.00964	0.00705	0.00669	0.00223	0.01053	0.00526	0.00321	0.01089
5	0.01887	0.01629	0.01715	0.01544	0.01972	0.01887	0.01201	0.04031	0.67241	0.03173	0.03087	0.02830	0.02315	0.01029	0.00772	0.00257	0.00600	0.00858	0.00772	0.01201
6	0.01084	0.00813	0.01219	0.01219	0.01354	0.00948	0.00948	0.01354	0.01219	0.01761	0.02032	0.02980	0.01896	0.05689	0.70337	0.01219	0.02032	0.00813	0.00406	0.00677
7	0.03403	0.01291	0.01760	0.01350	0.01936	0.01115	0.01115	0.03697	0.02171	0.69137	0.02992	0.02582	0.01878	0.00939	0.00763	0.00235	0.00645	0.00763	0.00939	0.01291
8	0.01729	0.01927	0.04100	0.14849	0.04179	0.01878	0.54985	0.02346	0.01744	0.02346	0.01503	0.02042	0.01127	0.00660	0.00872	0.00255	0.01233	0.00857	0.00376	0.00992
9	0.00896	0.00768	0.00768	0.00768	0.01025	0.00640	0.00576	0.01089	0.01729	0.02049	0.07684	0.07300	0.68304	0.01921	0.00896	0.00256	0.00384	0.01601	0.00704	0.00640
10	0.02073	0.01821	0.03274	0.02407	0.03046	0.01779	0.35731	0.08031	0.06124	0.11601	0.01794	0.02069	0.01320	0.00772	0.00943	0.00241	0.06400	0.00792	0.00518	0.09263
11	0.01818	0.01387	0.01616	0.01215	0.01840	0.01163	0.00970	0.02442	0.12223	0.09674	0.01803	0.01883	0.01396	0.00677	0.00617	0.00149	0.00577	0.00549	0.00553	0.57447
12	0.07303	0.01798	0.16438	0.06077	0.02255	0.01425	0.01595	0.02072	0.07075	0.02398	0.02419	0.06464	0.02353	0.01312	0.01000	0.00280	0.08352	0.21513	0.00521	0.07349

[dist]
# distance from previous block
# <min> <max>
7	83

[block]
# block no. 9 follows, 26 sequences, length 10
# corresponding to MSA columns:
# 690-699
name=unknown_J
#
# <colnr> <probs for GDERKNQSTAVLIFYWHMCP>
#	G	D	E	R	K	N	Q	S	T	A	V	L	I	F	Y	W	H	M	C	P
0	0.01896	0.01590	0.01883	0.01437	0.01965	0.01579	0.01173	0.16899	0.01959	0.02886	0.01390	0.01648	0.01138	0.00792	0.00981	0.00182	0.14458	0.00546	0.00499	0.45099
1	0.02177	0.01498	0.02189	0.01658	0.02214	0.01405	0.13868	0.14737	0.02240	0.18559	0.12522	0.02953	0.06670	0.00974	0.00786	0.00220	0.00733	0.00873	0.00687	0.13037
2	0.01590	0.01408	0.01718	0.01292	0.01835	0.01265	0.01046	0.01894	0.01493	0.02346	0.01280	0.01590	0.01099	0.00710	0.00935	0.00155	0.14394	0.00491	0.00427	0.63032
3	0.16522	0.01392	0.01535	0.01158	0.01747	0.01235	0.00936	0.01966	0.01490	0.02608	0.01267	0.01513	0.01056	0.00642	0.00676	0.00151	0.05449	0.00457	0.00445	0.57754
4	0.01988	0.02257	0.17834	0.01797	0.02347	0.01957	0.01714	0.23236	0.02127	0.03026	0.01547	0.04995	0.01288	0.01000	0.01188	0.00247	0.19492	0.00688	0.00503	0.10768
5	0.01214	0.00803	0.00965	0.00915	0.01108	0.00727	0.00660	0.01442	0.01802	0.07814	0.30762	0.08566	0.22619	0.15547	0.01462	0.00342	0.00465	0.01366	0.00729	0.00688
6	0.19995	0.34711	0.02656	0.01320	0.01873	0.02392	0.01176	0.07870	0.16507	0.02722	0.01577	0.01635	0.01267	0.00769	0.00569	0.00206	0.00713	0.00532	0.00495	0.01015
7	0.02915	0.02044	0.02078	0.01636	0.02198	0.09793	0.01332	0.41516	0.03000	0.19378	0.02267	0.02178	0.04215	0.00945	0.00757	0.00227	0.00833	0.00718	0.00756	0.01216
8	0.01805	0.01337	0.01528	0.01352	0.01688	0.01381	0.01031	0.28455	0.02351	0.03179	0.02937	0.36656	0.03104	0.01599	0.00844	0.00257	0.00617	0.01385	0.00704	0.07789
9	0.01910	0.01614	0.02222	0.29723	0.09506	0.01881	0.01736	0.20220	0.06890	0.02952	0.06426	0.02244	0.01646	0.00917	0.00910	0.00249	0.06667	0.00740	0.00527	0.01018

[dist]
# distance from previous block
# <min> <max>
1	12

[block]
# block no. 10 follows, 26 sequences, length 10
# corresponding to MSA columns:
# 714-723
name=unknown_K
#
# <colnr> <probs for GDERKNQSTAVLIFYWHMCP>
#	G	D	E	R	K	N	Q	S	T	A	V	L	I	F	Y	W	H	M	C	P
0	0.01775	0.01683	0.02866	0.02247	0.02587	0.01940	0.23331	0.02251	0.05732	0.06479	0.04213	0.02159	0.01488	0.01298	0.05384	0.00340	0.32053	0.00798	0.00441	0.00936
1	0.02132	0.01474	0.02133	0.01879	0.06295	0.01565	0.08075	0.07271	0.06068	0.19807	0.02686	0.03285	0.07097	0.01175	0.01170	0.00268	0.15455	0.08088	0.00634	0.03441
2	0.01659	0.01659	0.02323	0.01991	0.01991	0.02323	0.01659	0.01825	0.01162	0.01825	0.00996	0.01659	0.00996	0.01328	0.02489	0.00332	0.71955	0.00664	0.00332	0.00830
3	0.02873	0.02433	0.02250	0.01788	0.02351	0.16391	0.01447	0.53055	0.03274	0.04176	0.01687	0.01727	0.01225	0.00884	0.00743	0.00221	0.00945	0.00643	0.00683	0.01205
4	0.01432	0.01348	0.02275	0.71520	0.05224	0.01685	0.02107	0.01938	0.01517	0.01938	0.01348	0.02022	0.01011	0.00758	0.00758	0.00253	0.01011	0.00674	0.00337	0.00843
5	0.01735	0.02434	0.17893	0.02983	0.03823	0.01886	0.52829	0.02424	0.01751	0.02424	0.01499	0.01954	0.01112	0.00656	0.00859	0.00253	0.01246	0.00826	0.00371	0.01043
6	0.03180	0.01467	0.01855	0.01417	0.02013	0.01364	0.01169	0.16473	0.02421	0.51620	0.02646	0.02361	0.01708	0.00909	0.00749	0.00225	0.00679	0.00726	0.00871	0.06146
7	0.02991	0.01952	0.02170	0.01663	0.02266	0.02097	0.01374	0.53193	0.03278	0.18077	0.02063	0.01978	0.01411	0.00916	0.00760	0.00229	0.00796	0.00699	0.00796	0.01290
8	0.02798	0.02079	0.02178	0.01715	0.02282	0.05577	0.01413	0.55871	0.03313	0.07495	0.01985	0.02267	0.01500	0.00982	0.00774	0.00234	0.00844	0.04717	0.00745	0.01232
9	0.02767	0.02012	0.02152	0.01663	0.02236	0.02222	0.01369	0.60978	0.03409	0.04625	0.01873	0.01901	0.01342	0.00908	0.00741	0.00224	0.00796	0.00685	0.06853	0.01244

[dist]
# distance from previous block
# <min> <max>
3	9

[block]
# block no. 11 follows, 26 sequences, length 19
# corresponding to MSA columns:
# 733-751
name=unknown_L
#
# <colnr> <probs for GDERKNQSTAVLIFYWHMCP>
#	G	D	E	R	K	N	Q	S	T	A	V	L	I	F	Y	W	H	M	C	P
0	0.01394	0.01069	0.01255	0.01156	0.01455	0.00999	0.00857	0.12263	0.01867	0.02547	0.03549	0.38187	0.10453	0.01684	0.00837	0.00246	0.00527	0.01476	0.00658	0.17520
1	0.62180	0.01913	0.12740	0.01229	0.01815	0.01741	0.01185	0.05158	0.01447	0.03296	0.01143	0.01321	0.00866	0.00716	0.00525	0.00235	0.00689	0.00448	0.00457	0.00893
2	0.02883	0.02125	0.02276	0.01745	0.02352	0.02352	0.01442	0.66082	0.03566	0.04780	0.01821	0.01821	0.01290	0.00911	0.00759	0.00228	0.00835	0.00683	0.00759	0.01290
3	0.01573	0.01348	0.01573	0.01123	0.01798	0.01011	0.00899	0.01910	0.01573	0.02472	0.01348	0.01573	0.01123	0.00562	0.00562	0.00112	0.00562	0.00449	0.00449	0.77980
4	0.01802	0.01725	0.02943	0.15986	0.57871	0.01782	0.02290	0.02262	0.01691	0.02387	0.01413	0.01902	0.01169	0.00690	0.00752	0.00230	0.00920	0.00676	0.00369	0.01141
5	0.01549	0.01348	0.01692	0.13052	0.02378	0.01125	0.01103	0.01915	0.01563	0.02381	0.01348	0.01649	0.01104	0.00595	0.00595	0.00136	0.00638	0.00487	0.00430	0.64909
6	0.01521	0.03923	0.69413	0.02162	0.03283	0.01762	0.02802	0.02402	0.01601	0.02402	0.01361	0.01601	0.00961	0.00721	0.00721	0.00240	0.01121	0.00560	0.00320	0.01121
7	0.01802	0.01725	0.02943	0.15986	0.57871	0.01782	0.02290	0.02262	0.01691	0.02387	0.01413	0.01902	0.01169	0.00690	0.00752	0.00230	0.00920	0.00676	0.00369	0.01141
8	0.01432	0.01348	0.02275	0.71520	0.05224	0.01685	0.02107	0.01938	0.01517	0.01938	0.01348	0.02022	0.01011	0.00758	0.00758	0.00253	0.01011	0.00674	0.00337	0.00843
9	0.01627	0.01733	0.03546	0.02580	0.03219	0.01603	0.47571	0.02186	0.01847	0.02558	0.15189	0.02752	0.02380	0.00820	0.00870	0.00241	0.01036	0.00959	0.00481	0.06803
10	0.03229	0.01249	0.01689	0.01310	0.01852	0.01086	0.01065	0.03500	0.02090	0.63999	0.02947	0.02763	0.01944	0.06436	0.00998	0.00273	0.00652	0.00789	0.00902	0.01228
11	0.02833	0.03615	0.02149	0.01954	0.02345	0.70298	0.01466	0.03029	0.02149	0.01856	0.01172	0.01368	0.00977	0.00782	0.00684	0.00195	0.01368	0.00489	0.00391	0.00879
12	0.02883	0.02125	0.02276	0.01745	0.02352	0.02352	0.01442	0.66082	0.03566	0.04780	0.01821	0.01821	0.01290	0.00911	0.00759	0.00228	0.00835	0.00683	0.00759	0.01290
13	0.01573	0.01348	0.01573	0.01123	0.01798	0.01011	0.00899	0.01910	0.01573	0.02472	0.01348	0.01573	0.01123	0.00562	0.00562	0.00112	0.00562	0.00449	0.00449	0.77980
14	0.00924	0.00660	0.00880	0.01056	0.01100	0.00616	0.00704	0.01056	0.01452	0.01936	0.04181	0.72848	0.05017	0.02376	0.00968	0.00308	0.00440	0.02156	0.00704	0.00616
15	0.01573	0.01348	0.01573	0.01123	0.01798	0.01011	0.00899	0.01910	0.01573	0.02472	0.01348	0.01573	0.01123	0.00562	0.00562	0.00112	0.00562	0.00449	0.00449	0.77980
16	0.01689	0.01484	0.02121	0.01541	0.02183	0.01255	0.11964	0.02064	0.01607	0.05097	0.01423	0.01699	0.01150	0.00640	0.00752	0.00156	0.05355	0.00552	0.00450	0.56818
17	0.01591	0.01344	0.01525	0.01233	0.01743	0.01249	0.00967	0.02527	0.23278	0.02799	0.13250	0.02680	0.02538	0.00883	0.00687	0.00181	0.00540	0.00740	0.00621	0.39624
18	0.06616	0.01356	0.01543	0.01115	0.01776	0.01056	0.00894	0.01931	0.01554	0.02533	0.01329	0.01551	0.01104	0.00571	0.00556	0.00120	0.00563	0.00447	0.00451	0.72935

[dist]
# distance from previous block
# <min> <max>
1	148

[block]
# block no. 12 follows, 26 sequences, length 8
# corresponding to MSA columns:
# 906-913
name=unknown_M
#
# <colnr> <probs for GDERKNQSTAVLIFYWHMCP>
#	G	D	E	R	K	N	Q	S	T	A	V	L	I	F	Y	W	H	M	C	P
0	0.02612	0.17439	0.02527	0.01730	0.02238	0.32251	0.01405	0.20725	0.07269	0.02764	0.01474	0.01573	0.01164	0.00809	0.00671	0.00202	0.01046	0.00554	0.00509	0.01038
1	0.00941	0.00701	0.00877	0.00979	0.01089	0.00636	0.00679	0.01120	0.01617	0.02129	0.14704	0.48608	0.18844	0.02153	0.00942	0.00286	0.00416	0.01918	0.00724	0.00636
2	0.01637	0.19837	0.54510	0.01965	0.02979	0.02044	0.02460	0.02372	0.01588	0.02261	0.01291	0.01514	0.00964	0.00704	0.00667	0.00222	0.01050	0.00525	0.00321	0.01087
3	0.25652	0.40772	0.13081	0.01337	0.02002	0.02410	0.01380	0.02278	0.01473	0.02379	0.01102	0.01280	0.00925	0.00677	0.00517	0.00197	0.00789	0.00431	0.00369	0.00949
4	0.01190	0.00850	0.01186	0.01361	0.01521	0.00846	0.01167	0.01517	0.01715	0.02234	0.04034	0.15413	0.04435	0.02125	0.01039	0.00345	0.00671	0.56963	0.00699	0.00690
5	0.01084	0.00813	0.01219	0.01219	0.01354	0.00948	0.00948	0.01354	0.01219	0.01761	0.02032	0.02980	0.01896	0.05689	0.70337	0.01219	0.02032	0.00813	0.00406	0.00677
6	0.03403	0.01291	0.01760	0.01350	0.01936	0.01115	0.01115	0.03697	0.02171	0.69137	0.02992	0.02582	0.01878	0.00939	0.00763	0.00235	0.00645	0.00763	0.00939	0.01291
7	0.01877	0.01802	0.03079	0.04656	0.68612	0.01802	0.02328	0.02328	0.01727	0.02478	0.01427	0.01877	0.01201	0.00676	0.00751	0.00225	0.00901	0.00676	0.00375	0.01201

[dist]
# distance from previous block
# <min> <max>
0	22

[block]
# block no. 13 follows, 26 sequences, length 10
# corresponding to MSA columns:
# 936-945
name=unknown_N
#
# <colnr> <probs for GDERKNQSTAVLIFYWHMCP>
#	G	D	E	R	K	N	Q	S	T	A	V	L	I	F	Y	W	H	M	C	P
0	0.01074	0.00775	0.01014	0.00954	0.01133	0.00716	0.00716	0.01431	0.02147	0.03042	0.68211	0.05666	0.07157	0.01551	0.00895	0.00239	0.00358	0.01372	0.00835	0.00716
1	0.01365	0.01166	0.01424	0.01462	0.01627	0.05431	0.01237	0.01662	0.01691	0.02192	0.07020	0.06675	0.08562	0.01839	0.01253	0.00324	0.12918	0.40799	0.00624	0.00729
2	0.01877	0.01802	0.03079	0.04656	0.68612	0.01802	0.02328	0.02328	0.01727	0.02478	0.01427	0.01877	0.01201	0.00676	0.00751	0.00225	0.00901	0.00676	0.00375	0.01201
3	0.08920	0.01918	0.02826	0.04106	0.57168	0.07329	0.02122	0.02376	0.01722	0.02512	0.01373	0.01778	0.01149	0.00687	0.00720	0.00224	0.00910	0.00637	0.00385	0.01141
4	0.07048	0.02272	0.02386	0.02867	0.28247	0.24051	0.01721	0.02588	0.01843	0.08139	0.04153	0.01868	0.01389	0.00830	0.00875	0.00227	0.07385	0.00633	0.00451	0.01027
5	0.01720	0.01642	0.02795	0.28303	0.46194	0.01761	0.02250	0.02190	0.01653	0.02287	0.01399	0.01929	0.01134	0.00705	0.00754	0.00235	0.00940	0.00675	0.00362	0.01075
6	0.01773	0.08528	0.17037	0.06168	0.07648	0.07815	0.01592	0.06218	0.07169	0.05352	0.02106	0.12805	0.01971	0.09212	0.01101	0.00295	0.00863	0.00898	0.00499	0.00950
7	0.02029	0.01910	0.11680	0.05027	0.14021	0.01644	0.01603	0.20440	0.04233	0.07943	0.06357	0.05112	0.03946	0.04807	0.00927	0.00256	0.00792	0.00811	0.00590	0.05871
8	0.01874	0.11948	0.17975	0.09490	0.10925	0.08048	0.03952	0.04878	0.08624	0.05438	0.04032	0.02284	0.05596	0.00862	0.00725	0.00228	0.00912	0.00705	0.00469	0.01036
9	0.02196	0.19720	0.13539	0.08046	0.02578	0.16290	0.01669	0.11562	0.01991	0.05961	0.03566	0.01720	0.01273	0.00828	0.00799	0.00218	0.06003	0.00581	0.00451	0.01010

[dist]
# distance from previous block
# <min> <max>
64	164

[block]
# block no. 14 follows, 26 sequences, length 12
# corresponding to MSA columns:
# 1151-1162
name=unknown_O
#
# <colnr> <probs for GDERKNQSTAVLIFYWHMCP>
#	G	D	E	R	K	N	Q	S	T	A	V	L	I	F	Y	W	H	M	C	P
0	0.02207	0.14882	0.12740	0.05832	0.02494	0.05306	0.01604	0.25676	0.14000	0.03227	0.01845	0.03703	0.01433	0.00880	0.00709	0.00225	0.00857	0.00676	0.00574	0.01130
1	0.01851	0.05611	0.01794	0.01465	0.01799	0.12323	0.01167	0.13884	0.01961	0.02506	0.02431	0.11179	0.06495	0.04413	0.05224	0.00319	0.08939	0.06413	0.00545	0.09682
2	0.06954	0.51869	0.11034	0.01465	0.02122	0.11731	0.01462	0.02384	0.01613	0.01968	0.01105	0.01282	0.00963	0.00678	0.00539	0.00180	0.00906	0.00435	0.00342	0.00968
3	0.05804	0.01380	0.01773	0.01457	0.01786	0.01521	0.01189	0.01886	0.01377	0.05063	0.01384	0.01853	0.01216	0.01681	0.12372	0.00380	0.26783	0.00597	0.00422	0.30076
4	0.51458	0.07871	0.01531	0.01115	0.01617	0.01772	0.00935	0.09551	0.01641	0.05963	0.01316	0.01459	0.01010	0.00734	0.00525	0.00217	0.00623	0.00474	0.04703	0.05486
5	0.01141	0.00885	0.01280	0.01248	0.01355	0.01055	0.00960	0.01371	0.01200	0.01734	0.01974	0.03081	0.01909	0.13010	0.56261	0.01079	0.08555	0.00832	0.00405	0.00667
6	0.09051	0.03457	0.56925	0.01979	0.02991	0.01699	0.02464	0.02500	0.01622	0.08388	0.01476	0.01653	0.01028	0.00738	0.00700	0.00239	0.01028	0.00564	0.00389	0.01107
7	0.02089	0.09701	0.02190	0.05719	0.02167	0.01719	0.05455	0.05554	0.13953	0.17703	0.09988	0.05646	0.02362	0.01081	0.01012	0.00250	0.10875	0.00857	0.00649	0.01031
8	0.01107	0.07709	0.01242	0.01033	0.01218	0.00903	0.00787	0.01362	0.01790	0.02408	0.30509	0.28357	0.11217	0.01813	0.00891	0.00263	0.00453	0.05518	0.00721	0.00699
9	0.02217	0.02216	0.03656	0.08667	0.06196	0.20258	0.07006	0.13557	0.11128	0.04890	0.01988	0.04133	0.01667	0.00986	0.00820	0.00243	0.02558	0.06250	0.00549	0.01015
10	0.04818	0.08221	0.02402	0.06795	0.14720	0.07762	0.03388	0.15758	0.10237	0.10551	0.03321	0.02026	0.01499	0.00824	0.00717	0.00221	0.00833	0.00673	0.00579	0.04655
11	0.15136	0.06281	0.03779	0.03974	0.12354	0.06892	0.05394	0.05027	0.03376	0.06767	0.06138	0.02574	0.09177	0.00941	0.00783	0.00227	0.04033	0.00752	0.00517	0.05880

[dist]
# distance from previous block
# <min> <max>
0	18

[block]
# block no. 15 follows, 26 sequences, length 15
# corresponding to MSA columns:
# 1182-1196
name=unknown_P
#
# <colnr> <probs for GDERKNQSTAVLIFYWHMCP>
#	G	D	E	R	K	N	Q	S	T	A	V	L	I	F	Y	W	H	M	C	P
0	0.02242	0.01880	0.08561	0.02012	0.11061	0.04054	0.04915	0.14943	0.10594	0.16188	0.02747	0.02715	0.09318	0.00966	0.00769	0.00232	0.00781	0.00810	0.00650	0.04562
1	0.02118	0.11564	0.13963	0.04238	0.06639	0.01814	0.03588	0.16856	0.02089	0.12407	0.02114	0.08081	0.03411	0.04487	0.00944	0.00259	0.02992	0.00810	0.00566	0.01061
2	0.02226	0.02190	0.12166	0.01602	0.02233	0.05707	0.01453	0.34700	0.02628	0.03533	0.02222	0.02347	0.07678	0.03162	0.00828	0.00228	0.00820	0.00719	0.00609	0.12948
3	0.05016	0.19206	0.08888	0.03282	0.02102	0.03830	0.01337	0.18654	0.02177	0.10650	0.02515	0.02518	0.10905	0.00951	0.00686	0.00213	0.00762	0.00724	0.02127	0.03458
4	0.02075	0.08574	0.02032	0.09653	0.02278	0.05774	0.01291	0.27730	0.02370	0.03170	0.04283	0.05298	0.01722	0.01575	0.10006	0.00351	0.00961	0.00748	0.06975	0.03134
5	0.01959	0.50221	0.15807	0.01675	0.02406	0.06500	0.07781	0.02353	0.01611	0.01963	0.01163	0.01375	0.00988	0.00669	0.00580	0.00187	0.00944	0.00485	0.00333	0.01000
6	0.01953	0.01562	0.02075	0.01509	0.02177	0.01357	0.09332	0.12732	0.01975	0.07782	0.01572	0.01749	0.01210	0.00657	0.00652	0.00159	0.00705	0.00568	0.00528	0.49744
7	0.02522	0.10106	0.05937	0.10050	0.02694	0.52134	0.01596	0.02795	0.01988	0.01888	0.01192	0.01442	0.00980	0.00763	0.00676	0.00201	0.01259	0.00506	0.00374	0.00897
8	0.01116	0.00784	0.01144	0.01144	0.01246	0.00886	0.00854	0.01278	0.01176	0.01670	0.01982	0.03126	0.01923	0.13221	0.53914	0.10997	0.01704	0.00827	0.00403	0.00607
9	0.01445	0.03505	0.60627	0.02020	0.03003	0.01615	0.02533	0.02230	0.01582	0.02342	0.01723	0.10735	0.01481	0.00933	0.00752	0.00249	0.01034	0.00765	0.00369	0.01056
10	0.01256	0.01202	0.06397	0.01353	0.05087	0.00976	0.01062	0.01743	0.06656	0.02577	0.24913	0.12797	0.11064	0.01474	0.00849	0.00246	0.00541	0.08445	0.00673	0.10692
11	0.01311	0.01203	0.01292	0.09422	0.01819	0.09725	0.00988	0.01538	0.01629	0.02089	0.09314	0.41432	0.03825	0.01712	0.00857	0.00260	0.00631	0.01514	0.00607	0.08832
12	0.01936	0.01596	0.04279	0.22240	0.16321	0.01655	0.01736	0.08375	0.01807	0.10292	0.01604	0.01959	0.01221	0.00815	0.00905	0.00230	0.08322	0.00653	0.03150	0.10901
