[name]
unknown

[dist]
# distance from previous block
# <min> <max>
0	55

[block]
# block no. 0 follows, 27 sequences, length 65
# corresponding to MSA columns:
# 55-119
name=unknown_A
#
# <colnr> <probs for GDERKNQSTAVLIFYWHMCP>
#	G	D	E	R	K	N	Q	S	T	A	V	L	I	F	Y	W	H	M	C	P
0	0.02092	0.04744	0.02366	0.01999	0.05813	0.16707	0.10489	0.12633	0.06814	0.04949	0.04254	0.04683	0.01759	0.01153	0.03135	0.00273	0.09799	0.04855	0.00520	0.00964
1	0.02112	0.01533	0.01666	0.01432	0.01845	0.03802	0.01144	0.24296	0.17371	0.10370	0.06499	0.10152	0.06836	0.01249	0.00803	0.00249	0.00660	0.06191	0.00743	0.01047
2	0.38254	0.01714	0.01512	0.01268	0.01736	0.07904	0.01025	0.19628	0.02070	0.05818	0.08810	0.01908	0.01670	0.00846	0.00613	0.00221	0.00685	0.00598	0.00584	0.03136
3	0.01614	0.04964	0.05714	0.02074	0.02331	0.02033	0.15643	0.01929	0.01359	0.02017	0.03669	0.01911	0.01287	0.01224	0.03975	0.00316	0.43097	0.00714	0.03270	0.00859
4	0.01322	0.01023	0.01175	0.01063	0.01336	0.01026	0.00817	0.08828	0.11767	0.02970	0.38615	0.05078	0.19170	0.01454	0.00844	0.00239	0.00441	0.01244	0.00772	0.00815
5	0.01217	0.00961	0.01427	0.01415	0.01656	0.00938	0.06937	0.01628	0.04003	0.02325	0.11244	0.07166	0.11277	0.01810	0.00970	0.00309	0.00661	0.42657	0.00674	0.00724
6	0.02001	0.01918	0.01749	0.01578	0.01991	0.13348	0.01218	0.03782	0.56977	0.02891	0.02710	0.02531	0.02048	0.00967	0.00741	0.00242	0.00713	0.00779	0.00693	0.01123
7	0.00903	0.00652	0.00856	0.01019	0.01073	0.00604	0.00682	0.01035	0.01436	0.01901	0.04274	0.69909	0.08309	0.02302	0.00944	0.00299	0.00428	0.02082	0.00689	0.00604
8	0.03064	0.01238	0.01655	0.01312	0.01842	0.01104	0.01082	0.03452	0.05580	0.60114	0.02974	0.02883	0.02002	0.00986	0.00755	0.00235	0.00623	0.04386	0.03505	0.01206
9	0.02773	0.03538	0.02104	0.01913	0.02295	0.70930	0.01434	0.02964	0.02104	0.01817	0.01148	0.01339	0.00956	0.00765	0.00669	0.00191	0.01339	0.00478	0.00383	0.00861
10	0.07767	0.02038	0.02154	0.01661	0.02246	0.02261	0.01372	0.62618	0.03346	0.04591	0.01734	0.01745	0.01233	0.00878	0.00724	0.00223	0.00801	0.00651	0.00724	0.01233
11	0.00884	0.00752	0.00762	0.00759	0.01007	0.00630	0.00569	0.01079	0.01708	0.02044	0.09959	0.07081	0.66516	0.01866	0.00877	0.00250	0.00375	0.01558	0.00694	0.00630
12	0.00877	0.00752	0.00752	0.00752	0.01003	0.00627	0.00564	0.01065	0.01692	0.02005	0.07520	0.07144	0.68978	0.01880	0.00877	0.00251	0.00376	0.01567	0.00689	0.00627
13	0.79154	0.01436	0.01091	0.00976	0.01436	0.01665	0.00804	0.02182	0.01263	0.03331	0.01034	0.01206	0.00804	0.00689	0.00459	0.00230	0.00574	0.00402	0.00459	0.00804
14	0.01122	0.00834	0.01054	0.00986	0.01183	0.00803	0.00743	0.01629	0.08007	0.02988	0.62980	0.05296	0.06580	0.01472	0.00865	0.00235	0.00372	0.01297	0.00812	0.00743
15	0.43590	0.01736	0.01621	0.01317	0.01839	0.01962	0.01087	0.32290	0.02301	0.03959	0.01382	0.01474	0.01018	0.00783	0.00591	0.00226	0.00687	0.00526	0.00591	0.01018
16	0.00942	0.00742	0.00850	0.00850	0.01049	0.00650	0.00627	0.01179	0.01803	0.02334	0.28679	0.14669	0.39372	0.01807	0.00885	0.00251	0.00374	0.01554	0.00734	0.00650
17	0.00904	0.00646	0.00861	0.01034	0.01077	0.00603	0.00689	0.01034	0.01421	0.01895	0.04092	0.73426	0.04910	0.02326	0.00948	0.00301	0.00431	0.02110	0.00689	0.00603
18	0.03275	0.01353	0.01779	0.01364	0.01940	0.01225	0.01126	0.10593	0.02276	0.62606	0.02802	0.02445	0.01774	0.00916	0.00746	0.00229	0.00652	0.00738	0.00899	0.01263
19	0.01196	0.00854	0.01196	0.01367	0.01538	0.00854	0.01196	0.01538	0.01709	0.02222	0.03931	0.08374	0.04272	0.02051	0.01025	0.00342	0.00684	0.64283	0.00684	0.00684
20	0.01539	0.01319	0.01539	0.01100	0.01759	0.00990	0.00880	0.01869	0.01539	0.02419	0.01319	0.01539	0.01100	0.00550	0.00550	0.00110	0.00550	0.00440	0.00440	0.78449
21	0.01075	0.00738	0.00902	0.00902	0.00934	0.00770	0.00565	0.01139	0.01107	0.01508	0.02255	0.04391	0.02496	0.57487	0.19925	0.00833	0.01025	0.01011	0.00437	0.00501
22	0.01384	0.00692	0.00692	0.00692	0.00865	0.00692	0.00519	0.01730	0.01557	0.02768	0.02422	0.02768	0.01903	0.00865	0.00519	0.00173	0.00346	0.00692	0.78031	0.00692
23	0.01080	0.00720	0.00810	0.00810	0.00810	0.00720	0.00450	0.01080	0.01080	0.01439	0.02339	0.04858	0.02699	0.73910	0.03779	0.00720	0.00720	0.01080	0.00450	0.00450
24	0.01936	0.01817	0.03461	0.03678	0.36285	0.01750	0.28671	0.02440	0.01755	0.08449	0.01577	0.01967	0.01215	0.00670	0.00794	0.00234	0.01012	0.00758	0.00420	0.01112
25	0.01766	0.01876	0.03751	0.07333	0.28556	0.01823	0.38955	0.02315	0.01715	0.02370	0.01452	0.01939	0.01138	0.00645	0.00816	0.00239	0.01099	0.00784	0.00370	0.01058
26	0.01384	0.00692	0.00692	0.00692	0.00865	0.00692	0.00519	0.01730	0.01557	0.02768	0.02422	0.02768	0.01903	0.00865	0.00519	0.00173	0.00346	0.00692	0.78031	0.00692
27	0.79154	0.01436	0.01091	0.00976	0.01436	0.01665	0.00804	0.02182	0.01263	0.03331	0.01034	0.01206	0.00804	0.00689	0.00459	0.00230	0.00574	0.00402	0.00459	0.00804
28	0.00915	0.00754	0.00805	0.00792	0.01026	0.00643	0.00594	0.01139	0.01782	0.02219	0.20990	0.06793	0.55375	0.01801	0.00877	0.00247	0.00370	0.01518	0.00717	0.00643
29	0.01042	0.00798	0.00966	0.00974	0.01158	0.00751	0.00727	0.01428	0.06381	0.02485	0.32406	0.19288	0.21559	0.01764	0.00891	0.00259	0.00409	0.05271	0.00748	0.00695
30	0.00904	0.00646	0.00861	0.01034	0.01077	0.00603	0.00689	0.01034	0.01421	0.01895	0.04092	0.73426	0.04910	0.02326	0.00948	0.00301	0.00431	0.02110	0.00689	0.00603
31	0.03017	0.01767	0.02034	0.01560	0.02146	0.01838	0.01288	0.42600	0.02967	0.29621	0.02221	0.02067	0.01483	0.00902	0.00744	0.00225	0.00746	0.00698	0.00810	0.01263
32	0.01143	0.00904	0.00969	0.00931	0.01202	0.00851	0.00704	0.01663	0.12686	0.04704	0.12146	0.09900	0.46082	0.01693	0.00856	0.00251	0.00421	0.01427	0.00720	0.00746
33	0.01036	0.00701	0.00902	0.00981	0.01093	0.00647	0.00686	0.01238	0.01628	0.04265	0.19423	0.47010	0.09566	0.01985	0.00897	0.00273	0.00410	0.01776	0.04830	0.00652
34	0.00975	0.00723	0.00920	0.01017	0.01147	0.00668	0.00753	0.01191	0.01645	0.02165	0.16274	0.37144	0.17830	0.02047	0.00934	0.00286	0.00449	0.12482	0.00711	0.00639
35	0.00904	0.00646	0.00861	0.01034	0.01077	0.00603	0.00689	0.01034	0.01421	0.01895	0.04092	0.73426	0.04910	0.02326	0.00948	0.00301	0.00431	0.02110	0.00689	0.00603
36	0.00947	0.00700	0.00841	0.00912	0.01035	0.00635	0.00633	0.01124	0.01581	0.02086	0.14555	0.37409	0.23111	0.06965	0.01098	0.00301	0.00420	0.01723	0.03308	0.00617
37	0.01224	0.00811	0.01013	0.01065	0.01226	0.00766	0.00764	0.03803	0.03992	0.07863	0.06939	0.48000	0.13807	0.02002	0.00905	0.00282	0.00464	0.03644	0.00718	0.00713
38	0.02521	0.01883	0.01981	0.01593	0.02097	0.04582	0.01313	0.51794	0.03081	0.04142	0.02047	0.02568	0.01633	0.01011	0.00752	0.00230	0.00782	0.07598	0.07257	0.01136
39	0.10987	0.02296	0.01993	0.01650	0.02151	0.19031	0.01316	0.34835	0.12377	0.03597	0.01727	0.01756	0.01285	0.00855	0.00696	0.00220	0.00885	0.00618	0.00625	0.01101
40	0.06418	0.00915	0.01099	0.01025	0.01280	0.00884	0.00773	0.01786	0.05225	0.14436	0.05936	0.11119	0.21804	0.04696	0.08930	0.10489	0.00677	0.01129	0.00636	0.00743
41	0.01025	0.00744	0.00886	0.00903	0.01087	0.00658	0.00657	0.01246	0.01747	0.04788	0.23521	0.24995	0.31310	0.01867	0.00892	0.00259	0.00394	0.01625	0.00734	0.00665
42	0.02439	0.01889	0.02012	0.01631	0.02156	0.02123	0.01318	0.42114	0.28804	0.04061	0.02269	0.02170	0.01657	0.00937	0.00748	0.00234	0.00727	0.00736	0.00748	0.01228
43	0.01444	0.01363	0.02303	0.65574	0.11335	0.01660	0.02083	0.01934	0.01504	0.01948	0.01327	0.01965	0.01008	0.00734	0.00742	0.00245	0.00979	0.00660	0.00334	0.00859
44	0.01068	0.00823	0.00975	0.01045	0.01182	0.00816	0.00729	0.01517	0.12015	0.02109	0.06600	0.44345	0.14506	0.07283	0.01112	0.00314	0.00465	0.01720	0.00687	0.00690
45	0.02334	0.01070	0.01313	0.01084	0.01471	0.01006	0.00868	0.07989	0.02032	0.32788	0.09931	0.02884	0.02383	0.00963	0.00678	0.00209	0.00513	0.00786	0.28702	0.00995
46	0.01384	0.00692	0.00692	0.00692	0.00865	0.00692	0.00519	0.01730	0.01557	0.02768	0.02422	0.02768	0.01903	0.00865	0.00519	0.00173	0.00346	0.00692	0.78031	0.00692
47	0.01700	0.01593	0.02186	0.06705	0.02161	0.02135	0.01580	0.08938	0.01425	0.02109	0.01162	0.01761	0.01072	0.01528	0.07144	0.00372	0.54539	0.00663	0.00377	0.00852
48	0.01063	0.00746	0.00963	0.00972	0.01027	0.00795	0.00650	0.01174	0.01142	0.01575	0.02294	0.07734	0.02485	0.43268	0.30019	0.00883	0.01203	0.01023	0.00442	0.00542
49	0.00937	0.00669	0.00898	0.01070	0.01128	0.00631	0.00745	0.01089	0.01453	0.01931	0.04074	0.66245	0.04840	0.02295	0.00956	0.00306	0.00459	0.08973	0.00689	0.00612
50	0.00928	0.00723	0.00843	0.00879	0.01050	0.00638	0.00634	0.01138	0.01712	0.02210	0.21455	0.26205	0.35090	0.01923	0.00898	0.00261	0.00386	0.01672	0.00720	0.00638
51	0.01807	0.01733	0.02959	0.09215	0.64855	0.01756	0.02263	0.02252	0.01676	0.02389	0.01391	0.01847	0.01163	0.00667	0.00735	0.00222	0.00889	0.00661	0.00365	0.01152
52	0.02746	0.01946	0.02114	0.01649	0.02219	0.02137	0.01353	0.53315	0.11386	0.10324	0.02039	0.01972	0.01439	0.00908	0.00745	0.00227	0.00772	0.00697	0.00760	0.01252
53	0.03152	0.01550	0.01900	0.01457	0.02038	0.01517	0.01204	0.25818	0.02605	0.46916	0.02526	0.02265	0.01636	0.00909	0.00745	0.00227	0.00697	0.00719	0.00857	0.01263
54	0.01101	0.00765	0.00911	0.00907	0.01111	0.00674	0.00667	0.01328	0.01774	0.06924	0.23518	0.21584	0.32384	0.01815	0.00884	0.00256	0.00399	0.01572	0.00741	0.00686
55	0.01017	0.00787	0.00998	0.01137	0.03593	0.00727	0.00834	0.01253	0.01662	0.02135	0.10979	0.24470	0.27456	0.01965	0.00929	0.00285	0.00486	0.17939	0.00688	0.00661
56	0.02359	0.01532	0.01702	0.01413	0.01879	0.01653	0.01132	0.20262	0.27983	0.17638	0.02593	0.02456	0.01860	0.00939	0.00719	0.00229	0.00625	0.00755	0.11120	0.01152
57	0.01402	0.01319	0.02227	0.72126	0.05113	0.01649	0.02062	0.01897	0.01484	0.01897	0.01319	0.01979	0.00990	0.00742	0.00742	0.00247	0.00990	0.00660	0.00330	0.00825
58	0.01432	0.01350	0.02281	0.67467	0.09537	0.01657	0.02077	0.01923	0.01499	0.01933	0.01325	0.01969	0.01002	0.00737	0.00742	0.00246	0.00982	0.00660	0.00332	0.00849
59	0.01638	0.01560	0.02653	0.35488	0.39906	0.01711	0.02179	0.02104	0.01596	0.02183	0.01361	0.01902	0.01091	0.00698	0.00738	0.00233	0.00931	0.00661	0.00350	0.01015
60	0.02557	0.02783	0.02024	0.01775	0.02208	0.40869	0.01367	0.15505	0.18416	0.02682	0.01727	0.01773	0.01335	0.00848	0.00704	0.00212	0.01055	0.00603	0.00543	0.01015
61	0.01075	0.00739	0.00867	0.00883	0.00925	0.00740	0.00558	0.01137	0.01186	0.01569	0.02814	0.05195	0.07350	0.57696	0.08053	0.00687	0.00782	0.06763	0.00484	0.00498
62	0.01489	0.03840	0.70064	0.02116	0.03213	0.01724	0.02743	0.02351	0.01567	0.02351	0.01332	0.01567	0.00940	0.00705	0.00705	0.00235	0.01097	0.00549	0.00313	0.01097
63	0.01204	0.01006	0.01337	0.01245	0.01379	0.04566	0.07946	0.01358	0.01345	0.01751	0.02717	0.22248	0.03050	0.34011	0.07013	0.00540	0.00821	0.05349	0.00512	0.00602
64	0.00901	0.00658	0.00849	0.01003	0.01069	0.00606	0.00675	0.01037	0.01451	0.01907	0.04470	0.66109	0.11982	0.02277	0.00940	0.00296	0.00425	0.02050	0.00689	0.00606

[dist]
# distance from previous block
# <min> <max>
0	11

[block]
# block no. 1 follows, 27 sequences, length 47
# corresponding to MSA columns:
# 148-194
name=unknown_B
#
# <colnr> <probs for GDERKNQSTAVLIFYWHMCP>
#	G	D	E	R	K	N	Q	S	T	A	V	L	I	F	Y	W	H	M	C	P
0	0.26247	0.01315	0.01532	0.01217	0.01756	0.01265	0.01004	0.03184	0.01864	0.49706	0.02356	0.02128	0.01525	0.00849	0.00660	0.00230	0.00614	0.00642	0.00780	0.01125
1	0.01063	0.00713	0.00815	0.00831	0.00835	0.00709	0.00472	0.01075	0.01112	0.01482	0.02505	0.11336	0.02908	0.67147	0.03511	0.00680	0.00692	0.01177	0.00472	0.00464
2	0.01478	0.01409	0.01993	0.01752	0.01787	0.01924	0.01443	0.01667	0.01152	0.01770	0.01238	0.01960	0.01204	0.02410	0.20267	0.00551	0.54192	0.00688	0.00344	0.00773
3	0.02498	0.01110	0.01443	0.01172	0.01622	0.00981	0.00944	0.02851	0.04662	0.45148	0.14481	0.03784	0.13655	0.01177	0.00789	0.00235	0.00542	0.00982	0.00858	0.01064
4	0.01080	0.00720	0.00810	0.00810	0.00810	0.00720	0.00450	0.01080	0.01080	0.01439	0.02339	0.04858	0.02699	0.73910	0.03779	0.00720	0.00720	0.01080	0.00450	0.00450
5	0.79154	0.01436	0.01091	0.00976	0.01436	0.01665	0.00804	0.02182	0.01263	0.03331	0.01034	0.01206	0.00804	0.00689	0.00459	0.00230	0.00574	0.00402	0.00459	0.00804
6	0.02217	0.01812	0.02157	0.03909	0.02302	0.05417	0.06707	0.23364	0.14543	0.07778	0.01867	0.01964	0.01398	0.00866	0.00887	0.00222	0.07782	0.00674	0.00606	0.13526
7	0.09859	0.01279	0.01467	0.01317	0.01681	0.01331	0.01082	0.20231	0.02199	0.12006	0.05134	0.11182	0.05525	0.01390	0.00812	0.00264	0.00640	0.17877	0.03797	0.00927
8	0.76230	0.01429	0.01115	0.00990	0.01453	0.01643	0.00815	0.02238	0.01297	0.05894	0.01107	0.01257	0.00844	0.00698	0.00470	0.00230	0.00576	0.00415	0.00477	0.00822
9	0.01837	0.01764	0.03013	0.04557	0.69279	0.01764	0.02278	0.02278	0.01690	0.02425	0.01396	0.01837	0.01176	0.00661	0.00735	0.00220	0.00882	0.00661	0.00367	0.01176
10	0.01103	0.00811	0.00959	0.01017	0.01107	0.00822	0.00680	0.01460	0.10293	0.01909	0.03442	0.34525	0.06206	0.27961	0.01943	0.00445	0.00562	0.03515	0.00612	0.00628
11	0.04698	0.00894	0.01095	0.01112	0.01298	0.00873	0.00798	0.05609	0.04430	0.10915	0.03701	0.49066	0.06415	0.04204	0.00968	0.00294	0.00500	0.01666	0.00707	0.00757
12	0.01353	0.00831	0.01058	0.00959	0.01205	0.00745	0.00734	0.01666	0.02035	0.12530	0.48864	0.05378	0.16786	0.01492	0.00857	0.00236	0.00396	0.01294	0.00810	0.00770
13	0.01489	0.03840	0.70064	0.02116	0.03213	0.01724	0.02743	0.02351	0.01567	0.02351	0.01332	0.01567	0.00940	0.00705	0.00705	0.00235	0.01097	0.00549	0.00313	0.01097
14	0.00922	0.00676	0.00868	0.01003	0.01088	0.00623	0.00694	0.01081	0.01511	0.01988	0.08407	0.57564	0.13795	0.02205	0.00937	0.00292	0.00429	0.04604	0.00697	0.00615
15	0.25753	0.01095	0.01039	0.00933	0.01222	0.01182	0.00710	0.08471	0.01596	0.05726	0.01930	0.02572	0.01645	0.14827	0.01158	0.00303	0.00549	0.00676	0.27850	0.00763
16	0.00925	0.00763	0.00818	0.00831	0.01067	0.00656	0.00641	0.01142	0.01727	0.02107	0.12169	0.07141	0.57183	0.01868	0.00893	0.00259	0.00406	0.08065	0.00699	0.00639
17	0.00892	0.00753	0.00772	0.00767	0.01011	0.00633	0.00575	0.01093	0.01726	0.02085	0.12542	0.07014	0.63907	0.01850	0.00877	0.00249	0.00374	0.01548	0.00700	0.00633
18	0.79154	0.01436	0.01091	0.00976	0.01436	0.01665	0.00804	0.02182	0.01263	0.03331	0.01034	0.01206	0.00804	0.00689	0.00459	0.00230	0.00574	0.00402	0.00459	0.00804
19	0.01074	0.00741	0.00918	0.00918	0.00955	0.00778	0.00585	0.01149	0.01112	0.01519	0.02240	0.04311	0.02461	0.54641	0.22722	0.00853	0.01077	0.00999	0.00435	0.00510
20	0.00979	0.00746	0.01105	0.01189	0.01285	0.00701	0.04804	0.01155	0.01464	0.01950	0.03919	0.64064	0.04627	0.02200	0.00949	0.00301	0.00501	0.06758	0.00669	0.00634
21	0.00996	0.00726	0.00943	0.01069	0.01180	0.00685	0.00798	0.01199	0.01564	0.02050	0.08847	0.39799	0.13180	0.05311	0.01080	0.00319	0.00498	0.18445	0.00686	0.00627
22	0.79154	0.01436	0.01091	0.00976	0.01436	0.01665	0.00804	0.02182	0.01263	0.03331	0.01034	0.01206	0.00804	0.00689	0.00459	0.00230	0.00574	0.00402	0.00459	0.00804
23	0.01938	0.01574	0.01681	0.01499	0.01928	0.01800	0.01170	0.03925	0.63867	0.07231	0.03016	0.02755	0.02240	0.01002	0.00755	0.00250	0.00590	0.00834	0.00765	0.01181
24	0.01448	0.00753	0.00760	0.00737	0.00929	0.00763	0.00558	0.04613	0.01642	0.02852	0.02393	0.02724	0.01874	0.00866	0.00529	0.00175	0.00367	0.00691	0.74607	0.00717
25	0.00901	0.00753	0.00784	0.00776	0.01017	0.00637	0.00582	0.01110	0.01747	0.02136	0.15766	0.06930	0.60651	0.01831	0.00877	0.00248	0.00373	0.01537	0.00707	0.00637
26	0.03034	0.01330	0.01714	0.01359	0.01902	0.01242	0.01108	0.03683	0.15295	0.56448	0.02947	0.02575	0.01923	0.00937	0.00748	0.00234	0.00623	0.00765	0.00886	0.01246
27	0.01071	0.00755	0.00989	0.00989	0.01051	0.00817	0.00674	0.01195	0.01133	0.01572	0.02175	0.03949	0.02304	0.41929	0.35221	0.00941	0.01313	0.00947	0.00425	0.00549
28	0.01078	0.00725	0.00835	0.00835	0.00844	0.00734	0.00482	0.01096	0.01087	0.01458	0.02316	0.04729	0.02643	0.69353	0.08259	0.00751	0.00804	0.01061	0.00446	0.00464
29	0.01051	0.00759	0.00992	0.00934	0.01109	0.00700	0.00700	0.01401	0.02101	0.02977	0.68888	0.05545	0.07005	0.01518	0.00876	0.00233	0.00350	0.01343	0.00817	0.00700
30	0.01039	0.00758	0.00976	0.00922	0.01102	0.00695	0.00691	0.01378	0.02073	0.02911	0.64696	0.05655	0.11238	0.01542	0.00876	0.00235	0.00352	0.01358	0.00808	0.00695
31	0.01082	0.00794	0.01037	0.01072	0.01255	0.00748	0.00868	0.01408	0.01900	0.02566	0.36469	0.06815	0.14194	0.01765	0.00932	0.00276	0.00478	0.24906	0.00750	0.00684
32	0.79154	0.01436	0.01091	0.00976	0.01436	0.01665	0.00804	0.02182	0.01263	0.03331	0.01034	0.01206	0.00804	0.00689	0.00459	0.00230	0.00574	0.00402	0.00459	0.00804
33	0.01985	0.74357	0.03890	0.01270	0.01905	0.02937	0.01270	0.02223	0.01508	0.01747	0.01032	0.01191	0.00953	0.00635	0.00476	0.00159	0.00794	0.00397	0.00318	0.00953
34	0.00904	0.00646	0.00861	0.01034	0.01077	0.00603	0.00689	0.01034	0.01421	0.01895	0.04092	0.73426	0.04910	0.02326	0.00948	0.00301	0.00431	0.02110	0.00689	0.00603
35	0.71212	0.01360	0.01050	0.00947	0.01377	0.01566	0.00775	0.02136	0.01293	0.03273	0.01175	0.01365	0.00916	0.00707	0.00465	0.00224	0.00551	0.00432	0.08381	0.00793
36	0.01539	0.01319	0.01539	0.01100	0.01759	0.00990	0.00880	0.01869	0.01539	0.02419	0.01319	0.01539	0.01100	0.00550	0.00550	0.00110	0.00550	0.00440	0.00440	0.78449
37	0.01865	0.05042	0.10840	0.02442	0.03151	0.01667	0.40863	0.02408	0.01768	0.11768	0.02278	0.02519	0.08127	0.00804	0.00822	0.00242	0.01039	0.00872	0.00474	0.01008
38	0.00880	0.00741	0.00763	0.00781	0.01010	0.00624	0.00577	0.01062	0.01664	0.01994	0.07170	0.13913	0.62436	0.01926	0.00885	0.00256	0.00382	0.01622	0.00689	0.00624
39	0.01082	0.00807	0.00923	0.00884	0.01119	0.00723	0.00666	0.01412	0.04634	0.05114	0.29996	0.08298	0.38269	0.01684	0.00869	0.00245	0.00387	0.01437	0.00749	0.00702
40	0.15282	0.01590	0.02045	0.04177	0.04203	0.01642	0.07877	0.16190	0.09760	0.26481	0.02143	0.02090	0.01476	0.00842	0.00712	0.00233	0.00739	0.00692	0.00695	0.01132
41	0.01761	0.02170	0.17048	0.10821	0.45945	0.01767	0.02317	0.04991	0.01720	0.02451	0.01391	0.01793	0.01111	0.00689	0.00730	0.00226	0.00936	0.00638	0.00368	0.01127
42	0.01061	0.00791	0.01007	0.01093	0.01270	0.00745	0.00888	0.01335	0.01719	0.02224	0.14553	0.13056	0.21817	0.04248	0.01045	0.00310	0.00532	0.30951	0.00698	0.00657
43	0.01228	0.00926	0.01057	0.01060	0.01216	0.00952	0.00753	0.04155	0.12881	0.02103	0.03672	0.18847	0.12381	0.26677	0.01883	0.00431	0.00591	0.07881	0.00619	0.00686
44	0.16307	0.12468	0.02186	0.01681	0.05390	0.22784	0.01298	0.11756	0.04924	0.09536	0.01472	0.01578	0.01132	0.00793	0.00700	0.00211	0.03748	0.00539	0.00506	0.00989
45	0.01534	0.01229	0.01835	0.02076	0.17248	0.01202	0.06544	0.06899	0.04350	0.06555	0.03513	0.24795	0.13543	0.01468	0.00848	0.00259	0.00653	0.03949	0.00610	0.00890
46	0.02078	0.09337	0.08599	0.04936	0.08152	0.27309	0.01585	0.04804	0.05574	0.02158	0.05512	0.01867	0.01470	0.01043	0.03470	0.00257	0.09884	0.00614	0.00421	0.00927

[dist]
# distance from previous block
# <min> <max>
0	7

[block]
# block no. 2 follows, 27 sequences, length 55
# corresponding to MSA columns:
# 202-212,224-267
name=unknown_C
#
# <colnr> <probs for GDERKNQSTAVLIFYWHMCP>
#	G	D	E	R	K	N	Q	S	T	A	V	L	I	F	Y	W	H	M	C	P
0	0.05201	0.01748	0.01807	0.01476	0.01915	0.08609	0.01178	0.15472	0.11722	0.02810	0.01645	0.01910	0.01342	0.03514	0.03423	0.00256	0.11081	0.00612	0.00526	0.23754
1	0.06712	0.27916	0.09635	0.04027	0.04680	0.07518	0.01463	0.13275	0.01911	0.06582	0.01449	0.03950	0.01199	0.00798	0.00680	0.00203	0.03297	0.00573	0.00459	0.03672
2	0.04786	0.18220	0.02303	0.01507	0.01903	0.04309	0.01270	0.09698	0.20184	0.05381	0.02150	0.02225	0.05696	0.01004	0.01039	0.00239	0.15846	0.00695	0.00544	0.01003
3	0.00919	0.00694	0.00854	0.00975	0.01090	0.00629	0.00690	0.01082	0.01524	0.01953	0.05106	0.48595	0.24053	0.02171	0.00932	0.00289	0.00434	0.06704	0.00689	0.00616
4	0.01402	0.01319	0.02227	0.72126	0.05113	0.01649	0.02062	0.01897	0.01484	0.01897	0.01319	0.01979	0.00990	0.00742	0.00742	0.00247	0.00990	0.00660	0.00330	0.00825
5	0.01836	0.01585	0.01607	0.01438	0.01817	0.04606	0.01102	0.07946	0.50947	0.02942	0.02939	0.03023	0.04537	0.09013	0.01087	0.00298	0.00642	0.00864	0.00703	0.01069
6	0.07758	0.01531	0.01695	0.01397	0.01781	0.01670	0.01102	0.38918	0.02514	0.03492	0.04370	0.06888	0.01708	0.01414	0.01272	0.19460	0.00713	0.00768	0.00618	0.00931
7	0.00950	0.00709	0.00866	0.00920	0.01047	0.00644	0.00643	0.01145	0.01649	0.02183	0.22422	0.33362	0.21376	0.07229	0.01117	0.00301	0.00416	0.01690	0.00706	0.00624
8	0.01011	0.00736	0.00975	0.01128	0.01241	0.00700	0.00865	0.01226	0.01559	0.02030	0.04407	0.41792	0.11696	0.02174	0.00969	0.00311	0.00519	0.25338	0.00687	0.00636
9	0.01002	0.00740	0.00878	0.00916	0.01086	0.00674	0.00685	0.01238	0.01704	0.02263	0.20011	0.18962	0.28008	0.04628	0.00995	0.00280	0.00427	0.08847	0.06011	0.00643
10	0.14688	0.01123	0.01250	0.01103	0.01447	0.01139	0.00853	0.02403	0.13105	0.18109	0.17318	0.05917	0.09476	0.07638	0.01016	0.00282	0.00531	0.00986	0.00721	0.00896
11	0.01234	0.00981	0.01138	0.01092	0.01327	0.01005	0.00818	0.02032	0.20885	0.02717	0.31768	0.15707	0.13289	0.01545	0.00853	0.00252	0.00435	0.01348	0.00763	0.00812
12	0.19545	0.01590	0.01664	0.01394	0.01886	0.01749	0.01122	0.15798	0.27750	0.16349	0.02318	0.02181	0.01661	0.00897	0.00685	0.00237	0.00638	0.00690	0.00719	0.01127
13	0.03732	0.00784	0.00960	0.00967	0.01136	0.00728	0.00690	0.01466	0.01641	0.09438	0.17520	0.30642	0.12825	0.08830	0.01142	0.00305	0.00457	0.01509	0.04534	0.00693
14	0.01054	0.00728	0.00857	0.00852	0.00934	0.00697	0.00552	0.01194	0.01472	0.02019	0.22339	0.09892	0.09689	0.38902	0.02364	0.00488	0.00548	0.01254	0.03607	0.00558
15	0.01169	0.00721	0.00766	0.00756	0.00941	0.00677	0.00558	0.01451	0.01657	0.02512	0.14984	0.04572	0.21388	0.05652	0.00874	0.00238	0.00378	0.01067	0.38979	0.00661
16	0.00969	0.00756	0.00879	0.00848	0.01059	0.00666	0.00636	0.01243	0.01909	0.02520	0.40025	0.06297	0.36153	0.01688	0.00876	0.00242	0.00362	0.01448	0.00757	0.00666
17	0.00925	0.00680	0.00858	0.00967	0.01058	0.00624	0.00660	0.01086	0.01534	0.02026	0.12493	0.51550	0.15466	0.05111	0.01044	0.00302	0.00424	0.01886	0.00695	0.00612
18	0.01539	0.01319	0.01539	0.01100	0.01759	0.00990	0.00880	0.01869	0.01539	0.02419	0.01319	0.01539	0.01100	0.00550	0.00550	0.00110	0.00550	0.00440	0.00440	0.78449
19	0.00904	0.00646	0.00861	0.01034	0.01077	0.00603	0.00689	0.01034	0.01421	0.01895	0.04092	0.73426	0.04910	0.02326	0.00948	0.00301	0.00431	0.02110	0.00689	0.00603
20	0.65581	0.01494	0.01259	0.01080	0.01562	0.01696	0.00890	0.09366	0.01567	0.08040	0.01246	0.01360	0.00925	0.00727	0.00510	0.00229	0.00605	0.00455	0.00522	0.00886
21	0.00977	0.00698	0.00944	0.01116	0.01191	0.00665	0.00815	0.01158	0.01492	0.01976	0.04052	0.57339	0.04752	0.02258	0.00967	0.00311	0.00493	0.17486	0.00688	0.00623
22	0.00955	0.00728	0.01073	0.01160	0.01245	0.00680	0.04655	0.01115	0.01441	0.01924	0.03936	0.69127	0.04682	0.02223	0.00943	0.00298	0.00480	0.02036	0.00670	0.00627
23	0.01505	0.01425	0.02413	0.56142	0.20292	0.01676	0.02113	0.01987	0.01533	0.02022	0.01338	0.01946	0.01034	0.00723	0.00740	0.00241	0.00964	0.00660	0.00339	0.00908
24	0.02773	0.03538	0.02104	0.01913	0.02295	0.70930	0.01434	0.02964	0.02104	0.01817	0.01148	0.01339	0.00956	0.00765	0.00669	0.00191	0.01339	0.00478	0.00383	0.00861
25	0.00988	0.00756	0.00905	0.00868	0.01071	0.00674	0.00651	0.01280	0.01953	0.02625	0.46686	0.06124	0.29425	0.01649	0.00876	0.00240	0.00360	0.01424	0.00771	0.00674
26	0.02020	0.54180	0.07838	0.01574	0.02246	0.02677	0.08537	0.09307	0.01755	0.02174	0.01184	0.01368	0.01005	0.00666	0.00563	0.00181	0.00865	0.00488	0.00370	0.01001
27	0.02822	0.02079	0.02228	0.01708	0.02302	0.02302	0.01411	0.66804	0.03490	0.04679	0.01782	0.01782	0.01262	0.00891	0.00743	0.00223	0.00817	0.00668	0.00743	0.01262
28	0.00904	0.00646	0.00861	0.01034	0.01077	0.00603	0.00689	0.01034	0.01421	0.01895	0.04092	0.73426	0.04910	0.02326	0.00948	0.00301	0.00431	0.02110	0.00689	0.00603
29	0.02745	0.01976	0.02046	0.01612	0.02154	0.07492	0.01313	0.45896	0.05674	0.13827	0.06082	0.02127	0.01716	0.00928	0.00746	0.00223	0.00794	0.00713	0.00745	0.01192
30	0.11497	0.01857	0.01742	0.01465	0.01907	0.11241	0.01149	0.22192	0.17153	0.10446	0.02071	0.02293	0.01612	0.08885	0.01035	0.00281	0.00777	0.00703	0.00649	0.01044
31	0.01002	0.00750	0.00930	0.00899	0.01083	0.00678	0.00669	0.01302	0.01967	0.02690	0.50972	0.10072	0.20956	0.01650	0.00880	0.00242	0.00361	0.01441	0.00780	0.00678
32	0.01937	0.01226	0.01283	0.01083	0.01418	0.01312	0.00862	0.26774	0.02301	0.03503	0.02176	0.02388	0.01656	0.00875	0.00605	0.00192	0.00527	0.00683	0.48287	0.00912
33	0.02005	0.01556	0.01929	0.07350	0.12375	0.01720	0.01399	0.03493	0.44238	0.11602	0.02633	0.02536	0.01947	0.00923	0.00750	0.00244	0.00669	0.00787	0.00685	0.01160
34	0.03331	0.01263	0.01723	0.01321	0.01895	0.01091	0.01091	0.03618	0.02125	0.69794	0.02929	0.02527	0.01838	0.00919	0.00747	0.00230	0.00632	0.00747	0.00919	0.01263
35	0.02331	0.01836	0.01952	0.01609	0.02115	0.02073	0.01292	0.35192	0.35902	0.03887	0.02406	0.02279	0.01767	0.00950	0.00749	0.00237	0.00702	0.00754	0.00749	0.01219
36	0.00901	0.00744	0.00781	0.00788	0.01009	0.00635	0.00580	0.01091	0.01685	0.02057	0.12128	0.11419	0.57159	0.04493	0.00987	0.00270	0.00390	0.01568	0.00691	0.00625
37	0.48597	0.01264	0.01172	0.01017	0.01447	0.01355	0.00826	0.02301	0.01558	0.16351	0.09013	0.02340	0.05880	0.00901	0.00588	0.00230	0.00542	0.00650	0.03099	0.00870
38	0.01080	0.00720	0.00810	0.00810	0.00810	0.00720	0.00450	0.01080	0.01080	0.01439	0.02339	0.04858	0.02699	0.73910	0.03779	0.00720	0.00720	0.01080	0.00450	0.00450
39	0.01061	0.00795	0.01193	0.01193	0.01326	0.00928	0.00928	0.01326	0.01193	0.01723	0.01988	0.02916	0.01856	0.05568	0.70968	0.01193	0.01988	0.00795	0.00398	0.00663
40	0.01015	0.00707	0.00860	0.00903	0.01006	0.00663	0.00616	0.01200	0.01574	0.02173	0.21286	0.28366	0.11835	0.16541	0.01464	0.00353	0.00455	0.01522	0.06855	0.00608
41	0.01354	0.00689	0.00702	0.00713	0.00878	0.00686	0.00529	0.01687	0.01548	0.02714	0.02525	0.07120	0.02088	0.00955	0.00545	0.00181	0.00351	0.00779	0.73268	0.00686
42	0.00915	0.00651	0.00858	0.01020	0.01060	0.00610	0.00674	0.01037	0.01400	0.01867	0.03984	0.69203	0.04774	0.06735	0.01122	0.00327	0.00449	0.02047	0.00674	0.00594
43	0.01127	0.00857	0.01052	0.01006	0.01217	0.00828	0.00772	0.01647	0.09239	0.02812	0.49077	0.05653	0.14139	0.01547	0.00874	0.00246	0.00404	0.05976	0.00784	0.00742
44	0.01009	0.00701	0.00892	0.00994	0.01101	0.00642	0.00692	0.01172	0.01537	0.04316	0.09357	0.51178	0.15077	0.04417	0.01017	0.00300	0.00440	0.03824	0.00699	0.00634
45	0.01837	0.01764	0.03013	0.04557	0.69279	0.01764	0.02278	0.02278	0.01690	0.02425	0.01396	0.01837	0.01176	0.00661	0.00735	0.00220	0.00882	0.00661	0.00367	0.01176
46	0.01061	0.00847	0.00961	0.00917	0.01152	0.00793	0.00692	0.01531	0.09139	0.02561	0.34499	0.05949	0.33920	0.01622	0.00863	0.00243	0.00388	0.01387	0.00754	0.00720
47	0.01007	0.00770	0.00918	0.00926	0.01120	0.00698	0.00714	0.01268	0.01806	0.02361	0.28931	0.06630	0.31382	0.06213	0.01080	0.00289	0.00440	0.12074	0.00720	0.00652
48	0.11505	0.00979	0.01119	0.01091	0.01334	0.00982	0.00817	0.04164	0.06249	0.10927	0.06312	0.28502	0.10141	0.07171	0.01049	0.00303	0.00529	0.05365	0.00682	0.00777
49	0.01548	0.12184	0.62233	0.02016	0.03058	0.01868	0.02569	0.02336	0.01560	0.02279	0.01297	0.01523	0.00942	0.00697	0.00678	0.00226	0.01061	0.00531	0.00314	0.01080
50	0.05905	0.01821	0.02040	0.01569	0.02152	0.01931	0.01296	0.46240	0.03014	0.23256	0.02082	0.01973	0.01409	0.00891	0.00733	0.00225	0.00755	0.00680	0.00782	0.01245
51	0.04861	0.01700	0.11387	0.01586	0.04252	0.01469	0.03525	0.10775	0.17167	0.07295	0.05159	0.06319	0.04877	0.09104	0.01111	0.00303	0.00725	0.06793	0.00621	0.00972
52	0.04870	0.01677	0.04222	0.01744	0.04904	0.01676	0.07084	0.17800	0.06649	0.10007	0.01988	0.04096	0.03853	0.00920	0.00939	0.00223	0.10101	0.00721	0.00574	0.15953
53	0.01657	0.01710	0.04681	0.09816	0.04980	0.02086	0.07843	0.04300	0.01369	0.02026	0.01132	0.01708	0.01012	0.01090	0.01853	0.00291	0.47749	0.00662	0.00351	0.03686
54	0.00930	0.00730	0.00806	0.00844	0.01011	0.00646	0.00598	0.01090	0.01566	0.01947	0.08420	0.19990	0.41939	0.12482	0.01320	0.00332	0.00446	0.03643	0.00659	0.00601

[dist]
# distance from previous block
# <min> <max>
0	2

[block]
# block no. 3 follows, 27 sequences, length 41
# corresponding to MSA columns:
# 270-310
name=unknown_D
#
# <colnr> <probs for GDERKNQSTAVLIFYWHMCP>
#	G	D	E	R	K	N	Q	S	T	A	V	L	I	F	Y	W	H	M	C	P
0	0.02520	0.10750	0.02159	0.01638	0.05718	0.01764	0.01293	0.15982	0.11617	0.26267	0.02347	0.02562	0.01756	0.00975	0.00824	0.00235	0.04622	0.05127	0.00704	0.01141
1	0.32641	0.01854	0.05288	0.01357	0.01859	0.09767	0.01152	0.11507	0.03643	0.12326	0.01543	0.01656	0.01146	0.01000	0.03864	0.00265	0.02851	0.00543	0.00546	0.05191
2	0.10417	0.50586	0.06370	0.01374	0.01921	0.02608	0.01328	0.02246	0.04385	0.02015	0.01127	0.01335	0.00997	0.00745	0.00746	0.00195	0.09860	0.00456	0.00353	0.00935
3	0.01294	0.00647	0.00954	0.00954	0.00962	0.00647	0.00639	0.01005	0.00996	0.01362	0.01345	0.02282	0.01320	0.02494	0.02784	0.74543	0.00630	0.00647	0.04155	0.00341
4	0.01413	0.01029	0.01286	0.01202	0.01390	0.01118	0.00905	0.01927	0.13517	0.05783	0.08150	0.06855	0.02739	0.18443	0.12919	0.04208	0.06743	0.05519	0.00565	0.04289
5	0.02228	0.24408	0.12043	0.01721	0.04429	0.15515	0.01544	0.18674	0.05246	0.02676	0.01620	0.01727	0.03515	0.00797	0.00648	0.00201	0.00925	0.00573	0.00472	0.01039
6	0.01925	0.05282	0.04640	0.20718	0.23191	0.16683	0.01870	0.05560	0.01755	0.02176	0.01331	0.01767	0.01090	0.00981	0.04117	0.00270	0.04691	0.00612	0.00376	0.00967
7	0.00995	0.00749	0.00923	0.00916	0.01097	0.00677	0.00686	0.01276	0.01898	0.02561	0.42177	0.13592	0.23342	0.01729	0.00891	0.00251	0.00382	0.04428	0.00762	0.00669
8	0.01721	0.12649	0.15470	0.01748	0.06866	0.16590	0.01499	0.02148	0.03734	0.02102	0.08875	0.06269	0.02064	0.03613	0.11131	0.00372	0.01077	0.00753	0.00438	0.00881
9	0.01068	0.00777	0.01025	0.01073	0.01170	0.00819	0.00776	0.01305	0.03652	0.01794	0.02942	0.19161	0.05143	0.22225	0.26436	0.00727	0.01087	0.07682	0.00525	0.00613
10	0.01289	0.00645	0.00967	0.00967	0.00967	0.00645	0.00645	0.00967	0.00967	0.01289	0.01289	0.02257	0.01289	0.02579	0.02901	0.78401	0.00645	0.00645	0.00322	0.00322
11	0.01779	0.02090	0.08458	0.33371	0.18298	0.14247	0.06949	0.02249	0.01669	0.02073	0.01320	0.01798	0.01030	0.00717	0.00734	0.00231	0.01059	0.00634	0.00350	0.00945
12	0.01571	0.01235	0.01443	0.01091	0.01654	0.00986	0.00862	0.01947	0.05257	0.06018	0.02150	0.02288	0.08331	0.00845	0.00734	0.04407	0.00543	0.00608	0.00503	0.57525
13	0.08778	0.07264	0.14327	0.01686	0.05282	0.01746	0.01520	0.20361	0.02264	0.26559	0.01970	0.01917	0.01342	0.00822	0.00695	0.00223	0.00785	0.00633	0.00656	0.01170
14	0.69483	0.01702	0.01219	0.01095	0.01544	0.10435	0.00884	0.02281	0.01370	0.03139	0.01048	0.01223	0.00823	0.00699	0.00486	0.00225	0.00671	0.00412	0.00450	0.00811
15	0.00945	0.00750	0.00840	0.00848	0.01050	0.00658	0.00631	0.01165	0.01740	0.02208	0.21122	0.11512	0.43655	0.05202	0.01025	0.00277	0.00405	0.04624	0.00708	0.00637
16	0.00917	0.00651	0.00858	0.01018	0.01057	0.00611	0.00672	0.01037	0.01397	0.01862	0.03965	0.68475	0.04750	0.07495	0.01152	0.00332	0.00452	0.02036	0.00672	0.00592
17	0.01752	0.02003	0.04380	0.03129	0.03880	0.01877	0.66583	0.02378	0.01752	0.02378	0.01502	0.02003	0.01126	0.00626	0.00876	0.00250	0.01252	0.00876	0.00375	0.01001
18	0.01384	0.00692	0.00692	0.00692	0.00865	0.00692	0.00519	0.01730	0.01557	0.02768	0.02422	0.02768	0.01903	0.00865	0.00519	0.00173	0.00346	0.00692	0.78031	0.00692
19	0.01029	0.00751	0.00956	0.01054	0.01168	0.00714	0.00754	0.04041	0.01643	0.02182	0.11728	0.50314	0.11207	0.02102	0.00930	0.00289	0.00455	0.07325	0.00706	0.00653
20	0.01539	0.01319	0.01539	0.01100	0.01759	0.00990	0.00880	0.01869	0.01539	0.02419	0.01319	0.01539	0.01100	0.00550	0.00550	0.00110	0.00550	0.00440	0.00440	0.78449
21	0.00877	0.00752	0.00752	0.00752	0.01003	0.00627	0.00564	0.01065	0.01692	0.02005	0.07520	0.07144	0.68978	0.01880	0.00877	0.00251	0.00376	0.01567	0.00689	0.00627
22	0.01068	0.00722	0.00806	0.00806	0.00820	0.00715	0.00456	0.01079	0.01114	0.01471	0.02628	0.04986	0.06393	0.69896	0.03617	0.00694	0.00701	0.01107	0.00463	0.00460
23	0.02774	0.01917	0.02098	0.01635	0.02206	0.02091	0.01342	0.51242	0.10838	0.12969	0.02076	0.01995	0.01455	0.00908	0.00745	0.00227	0.00766	0.00699	0.00767	0.01252
24	0.01172	0.00837	0.01169	0.01340	0.01500	0.00834	0.01154	0.01496	0.01685	0.02195	0.03944	0.13764	0.04325	0.02074	0.01019	0.00338	0.00663	0.59131	0.00684	0.00677
25	0.03307	0.01302	0.01747	0.01339	0.01914	0.01148	0.01106	0.06605	0.02189	0.66715	0.02875	0.02492	0.01810	0.00918	0.00746	0.00229	0.00640	0.00743	0.00910	0.01263
26	0.00941	0.00672	0.00904	0.01076	0.01135	0.00635	0.00753	0.01098	0.01458	0.01936	0.04071	0.65189	0.04829	0.02291	0.00957	0.00307	0.00463	0.09982	0.00688	0.00613
27	0.01964	0.01410	0.01530	0.01266	0.01568	0.01523	0.00938	0.34457	0.02304	0.03084	0.02056	0.03296	0.01969	0.36829	0.02237	0.00467	0.00769	0.00871	0.00599	0.00863
28	0.01384	0.00692	0.00692	0.00692	0.00865	0.00692	0.00519	0.01730	0.01557	0.02768	0.02422	0.02768	0.01903	0.00865	0.00519	0.00173	0.00346	0.00692	0.78031	0.00692
29	0.01752	0.02003	0.04380	0.03129	0.03880	0.01877	0.66583	0.02378	0.01752	0.02378	0.01502	0.02003	0.01126	0.00626	0.00876	0.00250	0.01252	0.00876	0.00375	0.01001
30	0.01568	0.01278	0.01472	0.01449	0.01762	0.01421	0.01184	0.02913	0.39559	0.02727	0.03411	0.05171	0.03126	0.01454	0.00871	0.00290	0.00629	0.28025	0.00725	0.00964
31	0.01752	0.02003	0.04380	0.03129	0.03880	0.01877	0.66583	0.02378	0.01752	0.02378	0.01502	0.02003	0.01126	0.00626	0.00876	0.00250	0.01252	0.00876	0.00375	0.01001
32	0.00901	0.00660	0.00847	0.00996	0.01067	0.00606	0.00673	0.01038	0.01457	0.01910	0.04547	0.64623	0.13419	0.02267	0.00938	0.00295	0.00423	0.02038	0.00689	0.00606
33	0.01080	0.00720	0.00810	0.00810	0.00810	0.00720	0.00450	0.01080	0.01080	0.01439	0.02339	0.04858	0.02699	0.73910	0.03779	0.00720	0.00720	0.01080	0.00450	0.00450
34	0.01489	0.03840	0.70064	0.02116	0.03213	0.01724	0.02743	0.02351	0.01567	0.02351	0.01332	0.01567	0.00940	0.00705	0.00705	0.00235	0.01097	0.00549	0.00313	0.01097
35	0.00930	0.00754	0.00825	0.00807	0.01035	0.00649	0.00605	0.01167	0.01816	0.02299	0.26046	0.06662	0.50269	0.01771	0.00877	0.00245	0.00368	0.01499	0.00728	0.00649
36	0.01067	0.00769	0.01059	0.01059	0.01145	0.00855	0.00760	0.01239	0.01153	0.01624	0.02111	0.03597	0.02151	0.29521	0.47419	0.01027	0.01544	0.00895	0.00416	0.00588
37	0.01848	0.08670	0.40798	0.02036	0.02912	0.04849	0.10372	0.02632	0.06706	0.09776	0.01626	0.01780	0.01165	0.00739	0.00716	0.00230	0.01014	0.00619	0.00425	0.01087
38	0.02551	0.01996	0.01962	0.01618	0.02124	0.10682	0.01293	0.29388	0.24932	0.12109	0.02268	0.02155	0.01637	0.00918	0.00738	0.00229	0.00782	0.00712	0.00724	0.01182
39	0.00963	0.00742	0.00875	0.00928	0.01107	0.00664	0.00700	0.01165	0.01665	0.02110	0.13615	0.20782	0.36539	0.01976	0.00978	0.02791	0.00437	0.10641	0.00692	0.00629
40	0.01813	0.01738	0.01830	0.01423	0.01998	0.11415	0.05105	0.05265	0.10128	0.02505	0.01615	0.03601	0.01336	0.00706	0.00633	0.00159	0.00722	0.00578	0.00488	0.46943

[dist]
# distance from previous block
# <min> <max>
0	2

[block]
# block no. 4 follows, 27 sequences, length 83
# corresponding to MSA columns:
# 313-346,360-408
name=unknown_E
#
# <colnr> <probs for GDERKNQSTAVLIFYWHMCP>
#	G	D	E	R	K	N	Q	S	T	A	V	L	I	F	Y	W	H	M	C	P
0	0.02703	0.01971	0.02125	0.01662	0.02229	0.02180	0.01362	0.54750	0.12828	0.07423	0.02015	0.01960	0.01435	0.00909	0.00745	0.00227	0.00775	0.00697	0.00753	0.01250
1	0.00940	0.00667	0.00871	0.00998	0.01051	0.00627	0.00664	0.01080	0.01461	0.01968	0.11242	0.58197	0.04904	0.10102	0.01251	0.00340	0.00453	0.01910	0.00677	0.00597
2	0.01715	0.35926	0.39954	0.01731	0.02618	0.02276	0.02073	0.02293	0.01541	0.02076	0.01196	0.01396	0.00946	0.00673	0.00601	0.00200	0.00959	0.00480	0.00315	0.01031
3	0.01777	0.01791	0.05385	0.11894	0.59805	0.01750	0.02272	0.02239	0.01663	0.02364	0.01386	0.01843	0.01147	0.00672	0.00735	0.00224	0.00902	0.00657	0.00361	0.01134
4	0.01098	0.00798	0.01075	0.01228	0.01380	0.00775	0.01017	0.01377	0.01645	0.02127	0.04360	0.22286	0.11522	0.02091	0.00992	0.00323	0.00595	0.43964	0.00685	0.00660
5	0.02555	0.03006	0.02056	0.09547	0.02531	0.53062	0.01454	0.08936	0.02141	0.02151	0.01294	0.01526	0.01038	0.00780	0.00677	0.00200	0.01199	0.00527	0.04434	0.00887
6	0.12932	0.05926	0.08838	0.08625	0.02646	0.07277	0.14829	0.09209	0.01790	0.02578	0.03992	0.04794	0.01582	0.01148	0.04516	0.00292	0.03648	0.04008	0.00457	0.00913
7	0.01188	0.01046	0.01053	0.01026	0.01216	0.08392	0.00756	0.01459	0.01926	0.02516	0.40914	0.15915	0.16566	0.01622	0.00864	0.00242	0.00476	0.01405	0.00728	0.00690
8	0.01093	0.00860	0.00999	0.00946	0.01176	0.00818	0.00715	0.01606	0.10093	0.02677	0.40803	0.05723	0.26574	0.01573	0.00861	0.00241	0.00388	0.01353	0.00768	0.00735
9	0.01507	0.03566	0.02357	0.39060	0.19870	0.01584	0.05199	0.01927	0.01508	0.02033	0.01499	0.02273	0.01268	0.08761	0.01063	0.00287	0.00914	0.00711	0.03737	0.00876
10	0.18726	0.01968	0.01774	0.01641	0.05344	0.21840	0.04068	0.02321	0.01732	0.08453	0.07178	0.02509	0.09518	0.00998	0.00878	0.00232	0.08721	0.00726	0.00509	0.00862
11	0.03282	0.01342	0.01771	0.01358	0.01934	0.01208	0.01122	0.09708	0.02256	0.63517	0.02818	0.02455	0.01782	0.00916	0.00746	0.00229	0.00650	0.00739	0.00902	0.01263
12	0.01251	0.01011	0.01148	0.01131	0.01364	0.01053	0.00837	0.02108	0.24445	0.02534	0.16525	0.25144	0.15230	0.01645	0.00856	0.00263	0.00460	0.01437	0.00736	0.00822
13	0.02596	0.02830	0.01955	0.01730	0.02101	0.47869	0.01311	0.13046	0.02173	0.04455	0.01329	0.01576	0.01081	0.01039	0.00990	0.10929	0.01136	0.00541	0.00450	0.00865
14	0.00888	0.00736	0.00777	0.00801	0.01018	0.00626	0.00588	0.01073	0.01667	0.02025	0.09291	0.17069	0.57019	0.01934	0.00888	0.00258	0.00383	0.01640	0.00694	0.00626
15	0.01384	0.00692	0.00692	0.00692	0.00865	0.00692	0.00519	0.01730	0.01557	0.02768	0.02422	0.02768	0.01903	0.00865	0.00519	0.00173	0.00346	0.00692	0.78031	0.00692
16	0.01880	0.01502	0.01617	0.01446	0.01839	0.01701	0.01116	0.06867	0.53850	0.06494	0.02973	0.06673	0.02360	0.05107	0.00932	0.00278	0.00600	0.00908	0.00743	0.01113
17	0.07767	0.00910	0.01105	0.01031	0.01267	0.00882	0.00781	0.01878	0.03557	0.14930	0.18320	0.09906	0.05367	0.09784	0.01288	0.06190	0.00526	0.06210	0.07544	0.00757
18	0.01034	0.00758	0.00969	0.00916	0.01099	0.00693	0.00687	0.01369	0.02062	0.02883	0.62973	0.05699	0.12978	0.01553	0.00876	0.00235	0.00353	0.01364	0.00805	0.00693
19	0.01061	0.00795	0.01193	0.01193	0.01326	0.00928	0.00928	0.01326	0.01193	0.01723	0.01988	0.02916	0.01856	0.05568	0.70968	0.01193	0.01988	0.00795	0.00398	0.00663
20	0.05361	0.00985	0.01078	0.01022	0.01280	0.00977	0.00770	0.05308	0.09952	0.05955	0.09473	0.11704	0.27393	0.10518	0.01199	0.00314	0.00513	0.04761	0.00680	0.00758
21	0.01953	0.01186	0.01335	0.01149	0.01483	0.01212	0.00881	0.14681	0.10161	0.15333	0.03101	0.07011	0.09464	0.12448	0.01202	0.00303	0.00586	0.00946	0.14646	0.00919
22	0.00997	0.00744	0.00927	0.00909	0.01083	0.00673	0.00671	0.01286	0.01933	0.02643	0.48232	0.14252	0.19531	0.01692	0.00885	0.00245	0.00365	0.01484	0.00775	0.00673
23	0.79154	0.01436	0.01091	0.00976	0.01436	0.01665	0.00804	0.02182	0.01263	0.03331	0.01034	0.01206	0.00804	0.00689	0.00459	0.00230	0.00574	0.00402	0.00459	0.00804
24	0.01113	0.00739	0.00859	0.00861	0.00938	0.00705	0.00542	0.01197	0.01336	0.04304	0.09168	0.13957	0.12209	0.45880	0.02654	0.00541	0.00600	0.01288	0.00563	0.00546
25	0.01070	0.00716	0.00812	0.00822	0.00824	0.00714	0.00463	0.01077	0.01098	0.01464	0.02432	0.08491	0.02816	0.70117	0.03629	0.00698	0.00704	0.01134	0.00463	0.00458
26	0.79154	0.01436	0.01091	0.00976	0.01436	0.01665	0.00804	0.02182	0.01263	0.03331	0.01034	0.01206	0.00804	0.00689	0.00459	0.00230	0.00574	0.00402	0.00459	0.00804
27	0.01061	0.00795	0.01193	0.01193	0.01326	0.00928	0.00928	0.01326	0.01193	0.01723	0.01988	0.02916	0.01856	0.05568	0.70968	0.01193	0.01988	0.00795	0.00398	0.00663
28	0.01219	0.00811	0.00958	0.00890	0.01145	0.00708	0.00678	0.01485	0.01909	0.09858	0.32384	0.05976	0.35980	0.01625	0.00862	0.00241	0.00393	0.01384	0.00767	0.00727
