[name]
unknown

[dist]
# distance from previous block
# <min> <max>
0	439

[block]
# block no. 0 follows, 33 sequences, length 36
# corresponding to MSA columns:
# 441-476
name=unknown_A
#
# <colnr> <probs for GDERKNQSTAVLIFYWHMCP>
#	G	D	E	R	K	N	Q	S	T	A	V	L	I	F	Y	W	H	M	C	P
0	0.01859	0.01094	0.01332	0.01140	0.01501	0.01077	0.00914	0.08747	0.15287	0.24207	0.15371	0.06617	0.04757	0.01081	0.00709	0.00214	0.00508	0.07272	0.00696	0.05617
1	0.01258	0.01195	0.01874	0.47668	0.03450	0.03485	0.03958	0.01618	0.01253	0.01654	0.01242	0.01853	0.01021	0.01507	0.14420	0.00381	0.10537	0.00608	0.00306	0.00710
2	0.01243	0.01170	0.01975	0.75282	0.04534	0.01463	0.01828	0.01682	0.01316	0.01682	0.01170	0.01755	0.00878	0.00658	0.00658	0.00219	0.00878	0.00585	0.00293	0.00731
3	0.01525	0.01458	0.02484	0.23235	0.54376	0.01537	0.01969	0.01929	0.01450	0.02024	0.01220	0.01663	0.00998	0.00606	0.00653	0.00202	0.00808	0.00586	0.00317	0.00959
4	0.01142	0.00766	0.00933	0.00895	0.01137	0.00682	0.00706	0.01366	0.01528	0.10056	0.11432	0.10056	0.32019	0.01729	0.05787	0.00283	0.00513	0.12058	0.00612	0.06301
5	0.00820	0.00593	0.00780	0.00922	0.00981	0.00553	0.00637	0.00952	0.01296	0.01709	0.03825	0.66492	0.08951	0.02017	0.00841	0.00267	0.00395	0.06817	0.00611	0.00542
6	0.04421	0.01774	0.01793	0.01646	0.07146	0.18580	0.06005	0.14149	0.13902	0.08210	0.07660	0.06675	0.01857	0.00871	0.00663	0.00202	0.00747	0.00720	0.02078	0.00900
7	0.01594	0.01324	0.07052	0.01686	0.10284	0.01244	0.04942	0.05801	0.03334	0.13972	0.08941	0.09432	0.06749	0.01126	0.00958	0.00234	0.12381	0.07576	0.00534	0.00837
8	0.02328	0.01116	0.01414	0.01134	0.01554	0.01049	0.00918	0.10632	0.06343	0.43794	0.16668	0.02873	0.05258	0.00957	0.00690	0.00206	0.00518	0.00793	0.00762	0.00993
9	0.00915	0.00672	0.00856	0.00810	0.00973	0.00614	0.00608	0.01209	0.01823	0.02544	0.65094	0.05075	0.13587	0.01382	0.00777	0.00209	0.00313	0.01213	0.00712	0.00614
10	0.02179	0.01421	0.01541	0.01223	0.01641	0.01529	0.00997	0.44290	0.02487	0.10254	0.01841	0.01895	0.01331	0.00786	0.00602	0.00185	0.00589	0.00605	0.23630	0.00974
11	0.05697	0.01787	0.02050	0.01624	0.02073	0.10771	0.11837	0.33573	0.06240	0.05248	0.01680	0.07231	0.01362	0.00844	0.00714	0.00207	0.03089	0.00696	0.02328	0.00949
12	0.00923	0.00889	0.05763	0.00919	0.01130	0.00716	0.00732	0.03100	0.05429	0.01879	0.04611	0.35923	0.32155	0.01698	0.00785	0.00240	0.00420	0.01477	0.00593	0.00619
13	0.00811	0.00584	0.00769	0.00902	0.00955	0.00542	0.00608	0.00942	0.01314	0.01756	0.08883	0.68728	0.06777	0.01996	0.00833	0.00261	0.00375	0.01804	0.00620	0.00542
14	0.01211	0.00896	0.01155	0.01085	0.01297	0.00897	0.03677	0.06717	0.10134	0.05038	0.20184	0.22768	0.08536	0.04865	0.00898	0.00255	0.00477	0.08572	0.00636	0.00702
15	0.01441	0.12256	0.60904	0.01765	0.02663	0.01688	0.02207	0.05975	0.01481	0.02138	0.01172	0.01360	0.00852	0.00627	0.00603	0.00200	0.00926	0.00476	0.00300	0.00966
16	0.01556	0.01091	0.01496	0.03970	0.14658	0.01146	0.01100	0.07402	0.03784	0.11142	0.09477	0.06457	0.06881	0.01133	0.02806	0.00237	0.07549	0.04647	0.12651	0.00816
17	0.78594	0.04055	0.01058	0.00875	0.01288	0.01518	0.00728	0.01936	0.01128	0.02902	0.00917	0.01069	0.00718	0.00609	0.00408	0.00201	0.00516	0.00356	0.00403	0.00718
18	0.01210	0.00705	0.00857	0.00811	0.00902	0.00696	0.00530	0.01300	0.01154	0.10150	0.06118	0.03809	0.02401	0.51579	0.10430	0.00581	0.00715	0.00890	0.04633	0.00531
19	0.04954	0.44161	0.18229	0.01376	0.02018	0.02168	0.03534	0.10055	0.01574	0.04877	0.01130	0.01259	0.00905	0.00615	0.00514	0.00170	0.00764	0.00435	0.00353	0.00912
20	0.01995	0.01444	0.01729	0.01419	0.01830	0.04736	0.06681	0.16141	0.23983	0.17051	0.04537	0.05233	0.03983	0.01046	0.03185	0.00242	0.02394	0.00759	0.00633	0.00977
21	0.04942	0.01000	0.01267	0.01022	0.01416	0.00915	0.00827	0.05216	0.01799	0.45944	0.09859	0.02507	0.02081	0.00854	0.00624	0.00193	0.00485	0.00696	0.17405	0.00948
22	0.01648	0.30076	0.33810	0.01518	0.02242	0.01993	0.01708	0.10438	0.06834	0.02189	0.01245	0.01371	0.00961	0.00643	0.00559	0.00184	0.00811	0.00469	0.00355	0.00949
23	0.01607	0.01751	0.07769	0.11063	0.42891	0.07261	0.06133	0.03928	0.01534	0.02086	0.01323	0.04719	0.01130	0.00667	0.00657	0.00199	0.00832	0.00626	0.00344	0.03482
24	0.01474	0.06331	0.24617	0.01889	0.02501	0.01481	0.22614	0.02068	0.05855	0.06203	0.01838	0.06082	0.03058	0.00857	0.00767	0.00225	0.03829	0.07028	0.00406	0.00877
25	0.02126	0.01068	0.01297	0.01057	0.01430	0.01036	0.00851	0.13822	0.04266	0.32329	0.14046	0.02632	0.02338	0.00892	0.00638	0.00193	0.00490	0.00731	0.17834	0.00925
26	0.00845	0.00627	0.00831	0.00935	0.00991	0.00612	0.00646	0.00985	0.01326	0.01789	0.11449	0.62584	0.06647	0.01927	0.00891	0.00260	0.03774	0.01719	0.00609	0.00554
27	0.09377	0.03191	0.66171	0.01775	0.02691	0.01524	0.02260	0.02070	0.01363	0.02172	0.01155	0.01358	0.00822	0.00624	0.00604	0.00208	0.00926	0.00473	0.00291	0.00947
28	0.01684	0.01415	0.01491	0.01322	0.01698	0.01623	0.01034	0.09285	0.62211	0.02848	0.02654	0.02462	0.03429	0.00897	0.00666	0.00219	0.00529	0.00741	0.02765	0.01027
29	0.00824	0.00589	0.00791	0.00932	0.00978	0.00562	0.00636	0.00950	0.01252	0.01674	0.03481	0.67905	0.04133	0.03925	0.05086	0.00322	0.00475	0.04357	0.00591	0.00537
30	0.01452	0.01230	0.01323	0.01202	0.01525	0.01381	0.00929	0.02918	0.54226	0.02668	0.15599	0.03163	0.07494	0.01027	0.00696	0.00220	0.00470	0.00868	0.00676	0.00933
31	0.01349	0.03208	0.65032	0.01985	0.02921	0.01545	0.10655	0.02088	0.01410	0.02088	0.01200	0.01437	0.00854	0.00617	0.00644	0.00210	0.00990	0.00522	0.00285	0.00963
32	0.01042	0.00752	0.01035	0.01177	0.01333	0.00745	0.01024	0.01336	0.01515	0.01958	0.03694	0.07354	0.08292	0.01809	0.00901	0.00298	0.00588	0.63939	0.00607	0.00603
33	0.00917	0.00700	0.00860	0.00954	0.01075	0.00681	0.00695	0.01244	0.08501	0.01846	0.04060	0.47094	0.16298	0.01840	0.00821	0.00260	0.00417	0.10522	0.00616	0.00600
34	0.01496	0.01693	0.03644	0.02617	0.03250	0.01582	0.65133	0.02022	0.01550	0.02084	0.01732	0.02117	0.06354	0.00638	0.00777	0.00222	0.01052	0.00823	0.00354	0.00863
35	0.08215	0.01418	0.01537	0.01218	0.01656	0.01510	0.00996	0.39160	0.02379	0.15635	0.01970	0.01964	0.03540	0.00805	0.00609	0.00192	0.00592	0.00616	0.15008	0.00981

[dist]
# distance from previous block
# <min> <max>
0	1

[block]
# block no. 1 follows, 33 sequences, length 35
# corresponding to MSA columns:
# 478-512
name=unknown_B
#
# <colnr> <probs for GDERKNQSTAVLIFYWHMCP>
#	G	D	E	R	K	N	Q	S	T	A	V	L	I	F	Y	W	H	M	C	P
0	0.00851	0.00685	0.00767	0.00810	0.00978	0.00623	0.00590	0.01113	0.05679	0.01837	0.07267	0.28632	0.42160	0.01743	0.00796	0.00239	0.00369	0.03660	0.00618	0.00582
1	0.01266	0.00890	0.01064	0.05754	0.01371	0.00933	0.00778	0.01939	0.18716	0.05413	0.29330	0.03490	0.06287	0.01091	0.00722	0.02327	0.00416	0.00897	0.16577	0.00739
2	0.01335	0.03306	0.69233	0.01931	0.02885	0.01537	0.06553	0.02086	0.01400	0.02086	0.01191	0.01413	0.00844	0.00621	0.00635	0.00209	0.00981	0.00504	0.00281	0.00968
3	0.00886	0.00698	0.00804	0.00788	0.00974	0.00633	0.00586	0.01190	0.05010	0.02177	0.33685	0.11464	0.35661	0.01529	0.00777	0.00220	0.00337	0.01316	0.00661	0.00605
4	0.76754	0.01264	0.01002	0.00884	0.01298	0.01446	0.00728	0.02012	0.01167	0.07210	0.01018	0.01140	0.00768	0.00623	0.00423	0.00204	0.00512	0.00375	0.00432	0.00738
5	0.07765	0.01909	0.09671	0.01599	0.02071	0.18169	0.13476	0.04963	0.01653	0.14839	0.01959	0.04504	0.05914	0.01085	0.05313	0.00259	0.00908	0.02626	0.00470	0.00847
6	0.07254	0.01567	0.01805	0.01442	0.01884	0.01704	0.05298	0.47309	0.04339	0.03503	0.04684	0.09773	0.01761	0.00965	0.00684	0.00212	0.00671	0.03551	0.00618	0.00975
7	0.04306	0.01398	0.01624	0.01277	0.01754	0.01434	0.01045	0.28985	0.09103	0.33616	0.02148	0.01996	0.01454	0.00805	0.00643	0.00200	0.00602	0.00633	0.05908	0.01070
8	0.01380	0.01330	0.02249	0.45493	0.22064	0.01557	0.04958	0.01780	0.01342	0.01814	0.01163	0.01690	0.00925	0.00687	0.00822	0.00221	0.08813	0.00593	0.00303	0.00819
9	0.02351	0.02309	0.01783	0.01517	0.01917	0.36293	0.01183	0.25109	0.06788	0.06738	0.04503	0.01654	0.01311	0.00768	0.00628	0.00186	0.00894	0.00552	0.02606	0.00910
10	0.01007	0.00806	0.01072	0.01065	0.01184	0.03968	0.00816	0.01225	0.01087	0.01516	0.01750	0.02632	0.01657	0.09165	0.66740	0.00994	0.01670	0.00709	0.00355	0.00584
11	0.01482	0.00741	0.00820	0.00752	0.00952	0.00751	0.00584	0.03332	0.01467	0.11338	0.02136	0.02364	0.01632	0.00790	0.00563	0.00167	0.03588	0.00618	0.65229	0.00693
12	0.01320	0.03405	0.73453	0.01876	0.02849	0.01529	0.02432	0.02085	0.01390	0.02085	0.01181	0.01390	0.00834	0.00625	0.00625	0.00208	0.00973	0.00486	0.00278	0.00973
13	0.00810	0.00579	0.00771	0.00911	0.00957	0.00540	0.00612	0.00938	0.01300	0.01743	0.08096	0.71789	0.04475	0.02016	0.00836	0.00263	0.00377	0.01827	0.00618	0.00540
14	0.04836	0.01483	0.01705	0.01322	0.01820	0.01535	0.01088	0.37447	0.04461	0.31390	0.02017	0.01885	0.01357	0.00797	0.00646	0.00199	0.00632	0.00619	0.03672	0.01087
15	0.75631	0.01316	0.01043	0.00914	0.01330	0.01519	0.00753	0.07045	0.01267	0.03043	0.00966	0.01107	0.00743	0.00624	0.00426	0.00203	0.00525	0.00374	0.00426	0.00743
16	0.01243	0.01170	0.01975	0.75282	0.04534	0.01463	0.01828	0.01682	0.01316	0.01682	0.01170	0.01755	0.00878	0.00658	0.00658	0.00219	0.00878	0.00585	0.00293	0.00731
17	0.01633	0.01362	0.01447	0.01289	0.01648	0.01556	0.01005	0.07975	0.59226	0.02833	0.07503	0.02568	0.02232	0.00913	0.00669	0.00218	0.00512	0.00760	0.03648	0.01002
18	0.01290	0.02759	0.52349	0.01865	0.02673	0.01415	0.12229	0.01941	0.01425	0.02051	0.01769	0.04039	0.06032	0.00788	0.00679	0.00218	0.00914	0.04327	0.00335	0.00900
19	0.01381	0.01157	0.01328	0.01000	0.01512	0.00957	0.00795	0.05874	0.06075	0.02318	0.06885	0.02042	0.06217	0.00674	0.00550	0.00128	0.00481	0.00551	0.00464	0.59612
20	0.00963	0.00724	0.00906	0.00943	0.01078	0.00711	0.00690	0.01367	0.09746	0.02176	0.28469	0.34559	0.07531	0.01634	0.00799	0.00241	0.00385	0.05790	0.00659	0.00631
21	0.00837	0.00658	0.00740	0.00740	0.00910	0.00578	0.00538	0.01028	0.01542	0.01978	0.24762	0.12392	0.42182	0.07005	0.00968	0.00252	0.00353	0.01347	0.00628	0.00561
22	0.40382	0.01193	0.01261	0.01026	0.01486	0.01210	0.00846	0.02602	0.01520	0.39740	0.01797	0.01683	0.01193	0.00718	0.00541	0.00204	0.00536	0.00516	0.00621	0.00926
23	0.01760	0.77260	0.03450	0.01126	0.01690	0.02605	0.01126	0.01971	0.01338	0.01549	0.00915	0.01056	0.00845	0.00563	0.00422	0.00141	0.00704	0.00352	0.00282	0.00845
24	0.00919	0.00672	0.00862	0.00815	0.00976	0.00616	0.00611	0.01217	0.01833	0.02567	0.66858	0.05037	0.11809	0.01373	0.00777	0.00208	0.00313	0.01207	0.00715	0.00616
25	0.00977	0.00773	0.00852	0.00813	0.01031	0.00716	0.00613	0.06659	0.03451	0.02190	0.21595	0.11777	0.43083	0.01536	0.00771	0.00221	0.00368	0.01305	0.00644	0.00627
26	0.00858	0.00627	0.00814	0.00911	0.01007	0.00583	0.00660	0.01041	0.01435	0.01910	0.16831	0.45677	0.12533	0.01850	0.00830	0.00256	0.00393	0.10588	0.00632	0.00563
27	0.17158	0.01253	0.01491	0.01166	0.01659	0.01216	0.00962	0.12735	0.01921	0.50446	0.02145	0.01932	0.01389	0.00774	0.00615	0.00203	0.00575	0.00596	0.00718	0.01046
28	0.00831	0.00585	0.00755	0.00880	0.00911	0.00554	0.00572	0.00924	0.01204	0.01605	0.03340	0.63028	0.03990	0.15966	0.01307	0.00336	0.00430	0.01702	0.00572	0.00509
29	0.00969	0.00691	0.00833	0.00786	0.00981	0.00613	0.00593	0.01225	0.01734	0.05543	0.45595	0.05306	0.29833	0.01437	0.00772	0.00212	0.00330	0.01238	0.00688	0.00620
30	0.02200	0.09305	0.14641	0.01681	0.02150	0.55468	0.01465	0.02478	0.01738	0.01690	0.01038	0.01212	0.00845	0.00660	0.00585	0.00174	0.01109	0.00429	0.00324	0.00807
31	0.01156	0.00872	0.01118	0.01239	0.01409	0.03191	0.01074	0.03782	0.01581	0.02033	0.03340	0.07022	0.03601	0.01746	0.00890	0.00295	0.00629	0.63791	0.00599	0.00629
32	0.81514	0.01273	0.00968	0.00866	0.01273	0.01477	0.00713	0.01935	0.01120	0.02954	0.00917	0.01069	0.00713	0.00611	0.00407	0.00204	0.00509	0.00356	0.00407	0.00713
33	0.00858	0.00685	0.00766	0.00756	0.00912	0.00637	0.00545	0.01012	0.01394	0.01760	0.12653	0.07672	0.43852	0.15609	0.05463	0.00348	0.02738	0.01240	0.00561	0.00540
34	0.06815	0.10538	0.02144	0.06344	0.17128	0.16951	0.01358	0.18352	0.01889	0.02463	0.01206	0.01405	0.00961	0.00647	0.00583	0.00176	0.00803	0.00492	0.00412	0.09333

[dist]
# distance from previous block
# <min> <max>
0	7

[block]
# block no. 2 follows, 33 sequences, length 95
# corresponding to MSA columns:
# 520-614
name=unknown_C
#
# <colnr> <probs for GDERKNQSTAVLIFYWHMCP>
#	G	D	E	R	K	N	Q	S	T	A	V	L	I	F	Y	W	H	M	C	P
0	0.00943	0.00686	0.00813	0.00840	0.00962	0.00642	0.00584	0.03494	0.01389	0.01856	0.10461	0.31542	0.17343	0.16331	0.01280	0.00313	0.00435	0.03255	0.03531	0.03301
1	0.01959	0.27623	0.08880	0.03691	0.07908	0.09785	0.07270	0.20960	0.01914	0.02418	0.01201	0.01370	0.00950	0.00647	0.00578	0.00179	0.00830	0.00499	0.00400	0.00940
2	0.38980	0.09169	0.06854	0.01226	0.01687	0.15835	0.01066	0.09280	0.06268	0.02603	0.01143	0.01261	0.00890	0.00658	0.00505	0.00192	0.00717	0.00429	0.00416	0.00819
3	0.00801	0.00603	0.00744	0.00855	0.00946	0.00546	0.00591	0.00935	0.01332	0.01714	0.04460	0.55611	0.23038	0.01948	0.00825	0.00256	0.00374	0.03268	0.00611	0.00542
4	0.01421	0.17830	0.44493	0.01741	0.02490	0.01733	0.07734	0.01975	0.01362	0.01921	0.01213	0.01615	0.00978	0.00727	0.00749	0.02131	0.05483	0.03212	0.00297	0.00893
5	0.04710	0.01488	0.01852	0.04001	0.08318	0.05410	0.06223	0.16794	0.09882	0.19684	0.06237	0.02014	0.01597	0.00763	0.00649	0.00194	0.00671	0.00641	0.00586	0.08286
6	0.01045	0.00844	0.01197	0.01139	0.01213	0.01035	0.00879	0.01223	0.01031	0.01499	0.01632	0.02634	0.01609	0.15896	0.48058	0.00833	0.16582	0.00720	0.00347	0.00584
7	0.20366	0.01174	0.01346	0.01108	0.01533	0.01175	0.00905	0.09711	0.04563	0.36026	0.04335	0.04560	0.03992	0.01014	0.02984	0.00237	0.00584	0.02783	0.00663	0.00940
8	0.01414	0.01329	0.02241	0.27474	0.42520	0.01423	0.01809	0.01793	0.01413	0.01945	0.01465	0.09469	0.01333	0.00764	0.00674	0.00211	0.00772	0.00720	0.00344	0.00886
9	0.04615	0.01312	0.01983	0.59650	0.09306	0.03842	0.01742	0.06334	0.01458	0.01930	0.01188	0.01688	0.00899	0.00660	0.00646	0.00214	0.00855	0.00571	0.00326	0.00781
10	0.04110	0.03964	0.17856	0.01394	0.01934	0.06019	0.04823	0.10402	0.04118	0.03686	0.03729	0.08538	0.01606	0.03398	0.00721	0.00202	0.00709	0.03373	0.00446	0.18974
11	0.14562	0.01971	0.01832	0.01893	0.14777	0.24824	0.02657	0.09546	0.06064	0.08330	0.01380	0.01525	0.01063	0.00704	0.00642	0.00193	0.03225	0.00520	0.03406	0.00887
12	0.01321	0.01266	0.02011	0.44105	0.11718	0.01581	0.01690	0.01664	0.01265	0.01716	0.01340	0.01859	0.04059	0.00825	0.01060	0.00235	0.20602	0.00618	0.00309	0.00758
13	0.04477	0.01546	0.01768	0.05917	0.02021	0.07436	0.06984	0.14505	0.26761	0.04996	0.06218	0.04486	0.01791	0.00852	0.00702	0.00208	0.02645	0.00708	0.00561	0.05418
14	0.01186	0.00900	0.01047	0.00941	0.01227	0.00843	0.00739	0.04634	0.09710	0.04971	0.25115	0.04516	0.22260	0.01263	0.00728	0.00206	0.00419	0.07103	0.00632	0.11560
15	0.00934	0.00635	0.00801	0.00869	0.00986	0.00574	0.00610	0.01092	0.01420	0.05830	0.12803	0.48920	0.18436	0.01822	0.00810	0.00247	0.00373	0.01619	0.00637	0.00583
16	0.01500	0.01207	0.01509	0.05227	0.01810	0.00977	0.03093	0.03916	0.01455	0.06683	0.01278	0.01462	0.01016	0.00529	0.00523	0.00118	0.00541	0.00437	0.00418	0.66298
17	0.01948	0.01359	0.01833	0.01454	0.01904	0.05269	0.12128	0.11395	0.03846	0.21128	0.02142	0.10803	0.01820	0.00941	0.00691	0.00204	0.00677	0.06511	0.00578	0.13369
18	0.01084	0.00867	0.01066	0.00961	0.01266	0.00710	0.00717	0.01294	0.01325	0.01918	0.02451	0.36865	0.02715	0.01300	0.00676	0.00189	0.00445	0.04892	0.00506	0.38753
19	0.01619	0.01551	0.02425	0.01842	0.02330	0.07749	0.30727	0.06002	0.06509	0.06583	0.07273	0.05984	0.07269	0.00832	0.00716	0.00204	0.00807	0.00822	0.00475	0.08281
20	0.01472	0.01452	0.02560	0.01950	0.05560	0.01290	0.32509	0.04059	0.01536	0.02205	0.03978	0.01917	0.01287	0.00611	0.00658	0.00173	0.00789	0.03021	0.00390	0.32584
21	0.07753	0.01716	0.02815	0.02084	0.02655	0.05676	0.37541	0.13104	0.04934	0.12704	0.01565	0.01758	0.01124	0.00655	0.00700	0.00211	0.00905	0.00680	0.00474	0.00945
22	0.01674	0.01442	0.02275	0.01776	0.02240	0.01480	0.25082	0.06864	0.27604	0.08284	0.09765	0.02568	0.02085	0.00840	0.00725	0.00220	0.00721	0.02847	0.00568	0.00940
23	0.01821	0.01586	0.05891	0.01995	0.02604	0.01381	0.36598	0.06151	0.01673	0.16601	0.01809	0.01986	0.04283	0.00664	0.00700	0.00199	0.00850	0.00704	0.00467	0.12037
24	0.01664	0.01561	0.02451	0.01790	0.02380	0.03649	0.28100	0.10423	0.05061	0.04141	0.01387	0.01621	0.01064	0.00585	0.00638	0.00169	0.00785	0.00591	0.00423	0.31514
25	0.01594	0.01528	0.02609	0.10539	0.66535	0.01555	0.02003	0.01990	0.01482	0.02108	0.01232	0.01641	0.01028	0.00593	0.00652	0.00198	0.00791	0.00586	0.00323	0.01014
26	0.01518	0.01766	0.06626	0.02490	0.03158	0.01552	0.57882	0.02046	0.01521	0.02113	0.01303	0.01703	0.00988	0.00549	0.00731	0.00204	0.01019	0.00711	0.00338	0.11782
27	0.00891	0.00660	0.00841	0.00933	0.01025	0.00618	0.00635	0.01098	0.04685	0.01749	0.03335	0.64197	0.03908	0.05197	0.00917	0.00269	0.00408	0.01669	0.00589	0.06377
28	0.02316	0.05615	0.02036	0.01599	0.02051	0.30178	0.05089	0.27942	0.07320	0.04984	0.01416	0.01492	0.01071	0.00722	0.00625	0.00184	0.00899	0.00533	0.00496	0.03432
29	0.00834	0.00667	0.00756	0.00811	0.00988	0.00589	0.00622	0.01017	0.01461	0.01796	0.05551	0.18891	0.47912	0.01765	0.00813	0.00245	0.00392	0.13720	0.00610	0.00561
30	0.00802	0.00573	0.00764	0.00917	0.00955	0.00535	0.00611	0.00917	0.01260	0.01681	0.03628	0.76434	0.04354	0.02062	0.00840	0.00267	0.00382	0.01872	0.00611	0.00535
31	0.01567	0.01723	0.03577	0.02568	0.03201	0.01632	0.60749	0.04303	0.01572	0.02161	0.01313	0.01728	0.00997	0.00578	0.00799	0.00214	0.03571	0.00736	0.00346	0.06663
32	0.02954	0.01120	0.01528	0.01171	0.01681	0.00968	0.00968	0.03208	0.01884	0.73213	0.02597	0.02241	0.01630	0.00815	0.00662	0.00204	0.00560	0.00662	0.00815	0.01120
33	0.81514	0.01273	0.00968	0.00866	0.01273	0.01477	0.00713	0.01935	0.01120	0.02954	0.00917	0.01069	0.00713	0.00611	0.00407	0.00204	0.00509	0.00356	0.00407	0.00713
34	0.01445	0.01311	0.05011	0.01297	0.01665	0.01289	0.06754	0.11499	0.25896	0.02739	0.23858	0.03306	0.09013	0.01041	0.00717	0.00214	0.00540	0.00904	0.00633	0.00867
35	0.01629	0.01564	0.02672	0.04041	0.72757	0.01564	0.02020	0.02020	0.01499	0.02151	0.01238	0.01629	0.01043	0.00587	0.00652	0.00196	0.00782	0.00587	0.00326	0.01043
36	0.01648	0.01529	0.02751	0.07469	0.05140	0.01557	0.33871	0.09874	0.01638	0.06545	0.01536	0.07415	0.01284	0.00785	0.00888	0.00221	0.09305	0.00768	0.00416	0.05361
37	0.05473	0.04344	0.05080	0.05040	0.02096	0.10393	0.07413	0.19376	0.04114	0.02585	0.01354	0.03162	0.01080	0.00665	0.00593	0.00168	0.00737	0.00536	0.00448	0.25343
38	0.01355	0.01329	0.01695	0.01505	0.01549	0.05689	0.01207	0.01492	0.01111	0.01606	0.01447	0.15283	0.01580	0.04965	0.01836	0.00289	0.51647	0.00817	0.00359	0.03239
39	0.01365	0.01170	0.01365	0.00975	0.01560	0.00878	0.00780	0.01658	0.01365	0.02145	0.01170	0.01365	0.00975	0.00488	0.00488	0.00098	0.00488	0.00390	0.00390	0.80888
40	0.01892	0.01433	0.01637	0.01288	0.01720	0.03859	0.01051	0.22987	0.01953	0.10077	0.05471	0.01933	0.01458	0.00805	0.00819	0.00181	0.10764	0.02881	0.00527	0.27264
41	0.01366	0.01336	0.01763	0.01550	0.01587	0.04912	0.01264	0.01522	0.01053	0.01560	0.01102	0.01788	0.01087	0.05548	0.15916	0.00447	0.54597	0.00613	0.00308	0.00681
42	0.00814	0.00668	0.00716	0.00704	0.00911	0.00571	0.00528	0.01014	0.01585	0.01979	0.21963	0.06006	0.57071	0.01592	0.00778	0.00219	0.00328	0.01343	0.00638	0.00571
43	0.01333	0.01136	0.01331	0.00972	0.01526	0.00858	0.00770	0.01615	0.01359	0.02119	0.01310	0.05642	0.01168	0.00577	0.00508	0.00107	0.00482	0.00474	0.00403	0.76311
44	0.03750	0.04343	0.02098	0.01606	0.02082	0.18642	0.11449	0.20031	0.05969	0.06903	0.01537	0.01654	0.02666	0.00718	0.00680	0.00185	0.03356	0.00572	0.00480	0.11279
45	0.01216	0.01117	0.01513	0.01379	0.01452	0.03872	0.01114	0.01408	0.01063	0.01556	0.01337	0.02027	0.01270	0.03102	0.39557	0.00684	0.34720	0.00638	0.00323	0.00653
46	0.00840	0.00596	0.00786	0.00912	0.00955	0.00571	0.00616	0.00955	0.01226	0.01637	0.03342	0.60677	0.03959	0.11643	0.04406	0.00351	0.00486	0.04947	0.00573	0.00523
47	0.01365	0.01170	0.01365	0.00975	0.01560	0.00878	0.00780	0.01658	0.01365	0.02145	0.01170	0.01365	0.00975	0.00488	0.00488	0.00098	0.00488	0.00390	0.00390	0.80888
48	0.01654	0.01351	0.05290	0.01379	0.01905	0.01119	0.12248	0.07394	0.03390	0.12831	0.06242	0.07695	0.01706	0.00766	0.00631	0.00170	0.00623	0.00690	0.00505	0.32410
49	0.00945	0.00642	0.00765	0.00807	0.00830	0.00636	0.00509	0.00998	0.01070	0.01421	0.02485	0.16165	0.02867	0.56273	0.02669	0.00540	0.00594	0.08884	0.00457	0.00444
50	0.01365	0.01170	0.01365	0.00975	0.01560	0.00878	0.00780	0.01658	0.01365	0.02145	0.01170	0.01365	0.00975	0.00488	0.00488	0.00098	0.00488	0.00390	0.00390	0.80888
51	0.01760	0.77260	0.03450	0.01126	0.01690	0.02605	0.01126	0.01971	0.01338	0.01549	0.00915	0.01056	0.00845	0.00563	0.00422	0.00141	0.00704	0.00352	0.00282	0.00845
52	0.01365	0.01170	0.01365	0.00975	0.01560	0.00878	0.00780	0.01658	0.01365	0.02145	0.01170	0.01365	0.00975	0.00488	0.00488	0.00098	0.00488	0.00390	0.00390	0.80888
53	0.01440	0.01440	0.02016	0.01728	0.01728	0.02016	0.01440	0.01584	0.01008	0.01584	0.00864	0.01440	0.00864	0.01152	0.02160	0.00288	0.75659	0.00576	0.00288	0.00720
54	0.02954	0.01120	0.01528	0.01171	0.01681	0.00968	0.00968	0.03208	0.01884	0.73213	0.02597	0.02241	0.01630	0.00815	0.00662	0.00204	0.00560	0.00662	0.00815	0.01120
55	0.00940	0.00705	0.01058	0.01058	0.01176	0.00823	0.00823	0.01176	0.01058	0.01528	0.01763	0.02586	0.01646	0.04937	0.74255	0.01058	0.01763	0.00705	0.00353	0.00588
56	0.00816	0.00668	0.00719	0.00707	0.00912	0.00572	0.00530	0.01018	0.01590	0.01990	0.22846	0.05987	0.56181	0.01588	0.00778	0.00219	0.00328	0.01340	0.00639	0.00572
57	0.01243	0.01170	0.01975	0.75282	0.04534	0.01463	0.01828	0.01682	0.01316	0.01682	0.01170	0.01755	0.00878	0.00658	0.00658	0.00219	0.00878	0.00585	0.00293	0.00731
58	0.01637	0.01414	0.01489	0.01340	0.01712	0.01637	0.01042	0.03498	0.71568	0.02754	0.02679	0.02456	0.02010	0.00893	0.00670	0.00223	0.00521	0.00744	0.00670	0.01042
59	0.01454	0.01167	0.01374	0.00986	0.01567	0.00883	0.00791	0.01745	0.01394	0.06129	0.01250	0.01414	0.01012	0.00506	0.00497	0.00103	0.00492	0.00405	0.00414	0.76417
60	0.01637	0.01414	0.01489	0.01340	0.01712	0.01637	0.01042	0.03498	0.71568	0.02754	0.02679	0.02456	0.02010	0.00893	0.00670	0.00223	0.00521	0.00744	0.00670	0.01042
61	0.01387	0.01361	0.01913	0.01656	0.01669	0.01888	0.01374	0.01540	0.01014	0.01578	0.00961	0.01563	0.00948	0.01559	0.09905	0.00371	0.67721	0.00590	0.00295	0.00706
62	0.01629	0.01564	0.02672	0.04041	0.72757	0.01564	0.02020	0.02020	0.01499	0.02151	0.01238	0.01629	0.01043	0.00587	0.00652	0.00196	0.00782	0.00587	0.00326	0.01043
63	0.01554	0.01776	0.03885	0.02775	0.03441	0.01665	0.70366	0.02109	0.01554	0.02109	0.01332	0.01776	0.00999	0.00555	0.00777	0.00222	0.01110	0.00777	0.00333	0.00888
64	0.01365	0.01170	0.01365	0.00975	0.01560	0.00878	0.00780	0.01658	0.01365	0.02145	0.01170	0.01365	0.00975	0.00488	0.00488	0.00098	0.00488	0.00390	0.00390	0.80888
65	0.00947	0.00826	0.04940	0.00881	0.01084	0.00669	0.00718	0.01278	0.01822	0.02574	0.65780	0.04777	0.08568	0.01318	0.00768	0.00208	0.00349	0.01159	0.00695	0.00638
66	0.01480	0.01277	0.01338	0.01217	0.01561	0.01440	0.00943	0.03031	0.58750	0.02575	0.03409	0.03166	0.14903	0.01035	0.00690	0.00223	0.00487	0.00862	0.00659	0.00953
67	0.01401	0.16916	0.60646	0.01739	0.02637	0.01726	0.02193	0.02064	0.01380	0.01987	0.01133	0.01329	0.00836	0.00614	0.00588	0.00196	0.00924	0.00462	0.00279	0.00949
68	0.00940	0.00705	0.01058	0.01058	0.01176	0.00823	0.00823	0.01176	0.01058	0.01528	0.01763	0.02586	0.01646	0.04937	0.74255	0.01058	0.01763	0.00705	0.00353	0.00588
69	0.01320	0.03405	0.73453	0.01876	0.02849	0.01529	0.02432	0.02085	0.01390	0.02085	0.01181	0.01390	0.00834	0.00625	0.00625	0.00208	0.00973	0.00486	0.00278	0.00973
70	0.02881	0.01237	0.01600	0.01227	0.01739	0.01141	0.01013	0.14053	0.02079	0.62093	0.02434	0.02134	0.01547	0.00811	0.00661	0.00203	0.00587	0.00651	0.00790	0.01120
71	0.00795	0.00665	0.00692	0.00692	0.00901	0.00562	0.00516	0.00975	0.01531	0.01866	0.13471	0.08441	0.63343	0.01646	0.00780	0.00222	0.00333	0.01384	0.00623	0.00562
72	0.01243	0.01170	0.01975	0.75282	0.04534	0.01463	0.01828	0.01682	0.01316	0.01682	0.01170	0.01755	0.00878	0.00658	0.00658	0.00219	0.00878	0.00585	0.00293	0.00731
73	0.01352	0.08758	0.68380	0.01822	0.02765	0.01607	0.02338	0.02077	0.01386	0.02046	0.01162	0.01366	0.00835	0.00621	0.00611	0.00204	0.00953	0.00477	0.00278	0.00964
74	0.01601	0.01536	0.02622	0.09204	0.67813	0.01557	0.02006	0.01996	0.01486	0.02117	0.01233	0.01638	0.01031	0.00592	0.00652	0.00197	0.00789	0.00586	0.00323	0.01020
75	0.02683	0.01303	0.01622	0.01258	0.01747	0.01267	0.01036	0.22758	0.02201	0.48117	0.03985	0.02129	0.01594	0.01003	0.03916	0.00240	0.00655	0.00657	0.00746	0.01084
76	0.02954	0.01120	0.01528	0.01171	0.01681	0.00968	0.00968	0.03208	0.01884	0.73213	0.02597	0.02241	0.01630	0.00815	0.00662	0.00204	0.00560	0.00662	0.00815	0.01120
77	0.01548	0.01237	0.01402	0.01196	0.01520	0.05268	0.05913	0.11963	0.18444	0.04885	0.11757	0.05188	0.11493	0.01011	0.00669	0.00203	0.00540	0.00857	0.14081	0.00824
78	0.01548	0.01759	0.03793	0.02724	0.03357	0.01682	0.67003	0.02083	0.01527	0.02083	0.01309	0.01759	0.00992	0.00584	0.00844	0.00225	0.04747	0.00767	0.00331	0.00880
79	0.01629	0.01564	0.02672	0.04041	0.72757	0.01564	0.02020	0.02020	0.01499	0.02151	0.01238	0.01629	0.01043	0.00587	0.00652	0.00196	0.00782	0.00587	0.00326	0.01043
80	0.01289	0.01217	0.02057	0.66869	0.12591	0.01475	0.01851	0.01722	0.01338	0.01737	0.01178	0.01740	0.00897	0.00650	0.00657	0.00217	0.00866	0.00585	0.00296	0.00768
81	0.01760	0.77260	0.03450	0.01126	0.01690	0.02605	0.01126	0.01971	0.01338	0.01549	0.00915	0.01056	0.00845	0.00563	0.00422	0.00141	0.00704	0.00352	0.00282	0.00845
82	0.00886	0.00717	0.00796	0.00800	0.00996	0.00655	0.00601	0.01205	0.06734	0.02009	0.18189	0.13898	0.43983	0.01602	0.00783	0.00228	0.00361	0.04318	0.00637	0.00604
83	0.01320	0.03405	0.73453	0.01876	0.02849	0.01529	0.02432	0.02085	0.01390	0.02085	0.01181	0.01390	0.00834	0.00625	0.00625	0.00208	0.00973	0.00486	0.00278	0.00973
84	0.01393	0.01323	0.02246	0.47594	0.31048	0.01502	0.01903	0.01814	0.01387	0.01864	0.01197	0.01706	0.00942	0.00630	0.00656	0.00210	0.00840	0.00586	0.00305	0.00852
85	0.02954	0.01120	0.01528	0.01171	0.01681	0.00968	0.00968	0.03208	0.01884	0.73213	0.02597	0.02241	0.01630	0.00815	0.00662	0.00204	0.00560	0.00662	0.00815	0.01120
86	0.00802	0.00573	0.00764	0.00917	0.00955	0.00535	0.00611	0.00917	0.01260	0.01681	0.03628	0.76434	0.04354	0.02062	0.00840	0.00267	0.00382	0.01872	0.00611	0.00535
87	0.01654	0.01476	0.01453	0.01313	0.01665	0.06893	0.01016	0.03261	0.60626	0.02651	0.04922	0.02447	0.02052	0.00887	0.00658	0.00215	0.00552	0.00730	0.04543	0.00986
88	0.01484	0.01416	0.02409	0.30879	0.47056	0.01526	0.01948	0.01893	0.01430	0.01974	0.01213	0.01677	0.00981	0.00614	0.00654	0.00205	0.00818	0.00586	0.00313	0.00925
89	0.00957	0.00638	0.00718	0.00718	0.00718	0.00638	0.00399	0.00957	0.00957	0.01276	0.02074	0.04308	0.02393	0.76864	0.03351	0.00638	0.00638	0.00957	0.00399	0.00399
90	0.00862	0.00660	0.00796	0.00849	0.00979	0.00611	0.00603	0.01116	0.04839	0.01957	0.18561	0.38567	0.23687	0.01748	0.00802	0.00240	0.00360	0.01542	0.00637	0.00583
91	0.02661	0.01149	0.01474	0.01158	0.01626	0.01065	0.00948	0.07957	0.07363	0.56260	0.02489	0.02229	0.01628	0.00815	0.00644	0.00200	0.00546	0.00659	0.08062	0.01068
92	0.01629	0.01564	0.02672	0.04041	0.72757	0.01564	0.02020	0.02020	0.01499	0.02151	0.01238	0.01629	0.01043	0.00587	0.00652	0.00196	0.00782	0.00587	0.00326	0.01043
93	0.01599	0.01381	0.01452	0.01310	0.01675	0.01589	0.01018	0.03385	0.68461	0.02711	0.02856	0.02628	0.05135	0.00927	0.00675	0.00223	0.00513	0.00773	0.00667	0.01020
94	0.31182	0.01620	0.01432	0.04477	0.01731	0.10506	0.00996	0.22043	0.08242	0.03019	0.01399	0.01507	0.01056	0.00712	0.00543	0.00196	0.00655	0.00501	0.07323	0.00860

[dist]
# distance from previous block
# <min> <max>
0	1

[block]
# block no. 3 follows, 33 sequences, length 10
# corresponding to MSA columns:
# 616-625
name=unknown_D
#
# <colnr> <probs for GDERKNQSTAVLIFYWHMCP>
#	G	D	E	R	K	N	Q	S	T	A	V	L	I	F	Y	W	H	M	C	P
0	0.01531	0.18830	0.37393	0.01876	0.09244	0.01694	0.06524	0.02062	0.01418	0.04818	0.01195	0.01399	0.00912	0.00599	0.00583	0.00183	0.00846	0.00485	0.00319	0.08089
1	0.01468	0.01268	0.01453	0.01284	0.01627	0.01411	0.04193	0.02917	0.52948	0.02640	0.13461	0.03061	0.07393	0.00999	0.00698	0.00221	0.00504	0.00857	0.00658	0.00938
2	0.01552	0.10583	0.02045	0.01551	0.01663	0.08564	0.01297	0.01722	0.01160	0.01663	0.01003	0.01465	0.00936	0.01003	0.01653	0.00247	0.52942	0.00539	0.07685	0.00729
3	0.02433	0.02224	0.01910	0.01561	0.02018	0.24770	0.01244	0.44831	0.07114	0.03259	0.01474	0.01513	0.01091	0.00762	0.00639	0.00190	0.00857	0.00549	0.00559	0.01002
4	0.00802	0.00573	0.00764	0.00917	0.00955	0.00535	0.00611	0.00917	0.01260	0.01681	0.03628	0.76434	0.04354	0.02062	0.00840	0.00267	0.00382	0.01872	0.00611	0.00535
5	0.00957	0.00638	0.00718	0.00718	0.00718	0.00638	0.00399	0.00957	0.00957	0.01276	0.02074	0.04308	0.02393	0.76864	0.03351	0.00638	0.00638	0.00957	0.00399	0.00399
6	0.01249	0.26382	0.02003	0.01155	0.01476	0.01367	0.07218	0.01449	0.01311	0.01702	0.02223	0.34625	0.02485	0.04242	0.00762	0.00220	0.00577	0.01091	0.00447	0.08018
7	0.09256	0.01725	0.01690	0.01636	0.08650	0.11622	0.01174	0.14509	0.37093	0.02795	0.01963	0.01926	0.01486	0.00791	0.00632	0.00207	0.00671	0.00624	0.00565	0.00987
8	0.01565	0.29976	0.29251	0.01481	0.02181	0.01836	0.04519	0.02009	0.01379	0.04616	0.01131	0.01315	0.00896	0.00608	0.00599	0.00172	0.03672	0.00446	0.00318	0.12030
9	0.01647	0.58346	0.21378	0.01319	0.01987	0.02329	0.01461	0.02000	0.01351	0.01686	0.00983	0.01142	0.00842	0.00579	0.00474	0.00158	0.00773	0.00386	0.00281	0.00878

[dist]
# distance from previous block
# <min> <max>
0	2

[block]
# block no. 4 follows, 33 sequences, length 10
# corresponding to MSA columns:
# 628-637
name=unknown_E
#
# <colnr> <probs for GDERKNQSTAVLIFYWHMCP>
#	G	D	E	R	K	N	Q	S	T	A	V	L	I	F	Y	W	H	M	C	P
0	0.02207	0.02231	0.01829	0.01538	0.01951	0.32523	0.03800	0.23098	0.11220	0.02619	0.01490	0.01578	0.01143	0.00732	0.00617	0.00183	0.00874	0.00540	0.05335	0.04493
1	0.01237	0.00806	0.01052	0.01075	0.01310	0.00744	0.00905	0.01500	0.01532	0.10078	0.03804	0.09086	0.16153	0.01583	0.00821	0.00259	0.00531	0.40033	0.00614	0.06876
2	0.00956	0.00643	0.00740	0.00740	0.00747	0.00650	0.00426	0.00971	0.00964	0.01292	0.02054	0.04199	0.02346	0.72288	0.07862	0.00665	0.00710	0.00941	0.00396	0.00411
3	0.01365	0.01170	0.01365	0.00975	0.01560	0.00878	0.00780	0.01658	0.01365	0.02145	0.01170	0.01365	0.00975	0.00488	0.00488	0.00098	0.00488	0.00390	0.00390	0.80888
4	0.00802	0.00573	0.00764	0.00917	0.00955	0.00535	0.00611	0.00917	0.01260	0.01681	0.03628	0.76434	0.04354	0.02062	0.00840	0.00267	0.00382	0.01872	0.00611	0.00535
5	0.00810	0.00668	0.00711	0.00701	0.00909	0.00569	0.00525	0.01007	0.01576	0.01958	0.20387	0.06040	0.58660	0.01600	0.00778	0.00219	0.00329	0.01348	0.00635	0.00569
6	0.12568	0.01230	0.01483	0.01161	0.01655	0.01170	0.00952	0.09064	0.06814	0.47594	0.02189	0.01981	0.01444	0.00767	0.00617	0.00196	0.00560	0.00602	0.00706	0.07247
7	0.01357	0.00806	0.00840	0.00782	0.00990	0.00843	0.00600	0.07575	0.08936	0.02643	0.07152	0.02556	0.01995	0.00823	0.00522	0.00168	0.00365	0.00667	0.59678	0.00702
8	0.01690	0.01575	0.02557	0.03713	0.63852	0.01601	0.01912	0.06808	0.05606	0.02322	0.01344	0.01673	0.01103	0.00618	0.00653	0.00197	0.00763	0.00596	0.00368	0.01048
9	0.06257	0.01181	0.01342	0.00992	0.01529	0.00968	0.00794	0.06046	0.01500	0.02361	0.06704	0.01636	0.01374	0.00581	0.00516	0.00119	0.00490	0.00463	0.00434	0.64714

[dist]
# distance from previous block
# <min> <max>
0	1

[block]
# block no. 5 follows, 33 sequences, length 25
# corresponding to MSA columns:
# 639-663
name=unknown_F
#
# <colnr> <probs for GDERKNQSTAVLIFYWHMCP>
#	G	D	E	R	K	N	Q	S	T	A	V	L	I	F	Y	W	H	M	C	P
0	0.05814	0.01517	0.02725	0.02093	0.04785	0.01494	0.35296	0.06632	0.03907	0.17214	0.03437	0.02093	0.01375	0.00738	0.00809	0.00221	0.05425	0.03014	0.00485	0.00926
1	0.01147	0.00795	0.00976	0.00917	0.01019	0.00830	0.00641	0.04919	0.01248	0.04123	0.08377	0.03885	0.02515	0.43581	0.11508	0.00559	0.04443	0.04993	0.00458	0.03065
2	0.01497	0.01339	0.01467	0.05062	0.01780	0.05784	0.00897	0.05780	0.01497	0.02203	0.01184	0.01387	0.00970	0.00527	0.00514	0.00115	0.00568	0.00415	0.00397	0.66618
3	0.01908	0.01418	0.01535	0.01160	0.01700	0.06039	0.00933	0.14055	0.03582	0.14265	0.01507	0.01564	0.01127	0.00618	0.00558	0.00141	0.00589	0.00482	0.00511	0.46310
4	0.00940	0.00705	0.01058	0.01058	0.01176	0.00823	0.00823	0.01176	0.01058	0.01528	0.01763	0.02586	0.01646	0.04937	0.74255	0.01058	0.01763	0.00705	0.00353	0.00588
5	0.01093	0.00742	0.00925	0.00980	0.01110	0.00722	0.00693	0.05585	0.05534	0.06454	0.03558	0.58573	0.07850	0.01812	0.00804	0.00254	0.00420	0.01620	0.00630	0.00640
6	0.02102	0.08122	0.01951	0.01544	0.06159	0.08801	0.04046	0.28231	0.06321	0.11729	0.06426	0.04158	0.05750	0.00867	0.00657	0.00197	0.00698	0.00699	0.00581	0.00962
7	0.02954	0.01120	0.01528	0.01171	0.01681	0.00968	0.00968	0.03208	0.01884	0.73213	0.02597	0.02241	0.01630	0.00815	0.00662	0.00204	0.00560	0.00662	0.00815	0.01120
8	0.00810	0.00579	0.00771	0.00911	0.00957	0.00540	0.00612	0.00936	0.01296	0.01737	0.07644	0.72259	0.04463	0.02021	0.00837	0.00264	0.00378	0.01832	0.00618	0.00540
9	0.01132	0.01084	0.00983	0.01072	0.01170	0.15207	0.00743	0.01258	0.01381	0.01667	0.03109	0.61451	0.03656	0.01787	0.00791	0.00248	0.00542	0.01583	0.00557	0.00580
10	0.01319	0.01121	0.01316	0.00970	0.01511	0.00850	0.00766	0.01597	0.01357	0.02107	0.01371	0.07510	0.01252	0.00616	0.00516	0.00111	0.00479	0.00511	0.00408	0.74311
11	0.01641	0.01582	0.02707	0.06682	0.25637	0.01616	0.24061	0.08659	0.13363	0.02385	0.01615	0.04207	0.01294	0.00698	0.00703	0.00213	0.00833	0.00717	0.00424	0.00966
12	0.01760	0.77260	0.03450	0.01126	0.01690	0.02605	0.01126	0.01971	0.01338	0.01549	0.00915	0.01056	0.00845	0.00563	0.00422	0.00141	0.00704	0.00352	0.00282	0.00845
13	0.01554	0.01776	0.03885	0.02775	0.03441	0.01665	0.70366	0.02109	0.01554	0.02109	0.01332	0.01776	0.00999	0.00555	0.00777	0.00222	0.01110	0.00777	0.00333	0.00888
14	0.00863	0.00670	0.00784	0.00756	0.00941	0.00592	0.00567	0.01109	0.01701	0.02253	0.42913	0.05554	0.35950	0.01490	0.00777	0.00214	0.00321	0.01280	0.00674	0.00592
15	0.00956	0.00642	0.00739	0.00739	0.00747	0.00650	0.00426	0.00971	0.00964	0.01292	0.02055	0.04200	0.02346	0.72350	0.07800	0.00665	0.00709	0.00942	0.00396	0.00411
16	0.01525	0.37857	0.40798	0.01527	0.02308	0.02031	0.01823	0.02032	0.01366	0.01835	0.01057	0.01234	0.00839	0.00596	0.00531	0.00177	0.00847	0.00424	0.00280	0.00913
17	0.01291	0.01229	0.09741	0.01059	0.01387	0.00981	0.00893	0.06286	0.05853	0.04284	0.05887	0.02865	0.01937	0.28182	0.09544	0.00431	0.00747	0.00729	0.00446	0.16228
18	0.01564	0.30918	0.39309	0.01634	0.02400	0.06219	0.05540	0.02076	0.01407	0.01858	0.01080	0.01274	0.00848	0.00601	0.00556	0.00182	0.00892	0.00448	0.00286	0.00908
19	0.01509	0.16154	0.43730	0.01688	0.02489	0.01718	0.06299	0.06781	0.03707	0.02158	0.01217	0.01400	0.00914	0.00619	0.00592	0.00188	0.00865	0.00489	0.00329	0.07155
20	0.01243	0.23516	0.22389	0.01251	0.01711	0.01439	0.01284	0.01573	0.01293	0.01730	0.01958	0.25279	0.02077	0.05074	0.05105	0.00279	0.00738	0.00922	0.00395	0.00746
21	0.06382	0.14421	0.33306	0.01391	0.01975	0.01443	0.03679	0.01789	0.01280	0.04191	0.01469	0.04723	0.01350	0.18512	0.01230	0.00300	0.00791	0.00631	0.00346	0.00788
22	0.01394	0.06306	0.06704	0.01401	0.01779	0.02940	0.09575	0.09805	0.01527	0.02099	0.03926	0.02654	0.01688	0.05427	0.20787	0.00453	0.03053	0.07957	0.00421	0.10104
23	0.04111	0.12877	0.05643	0.11532	0.01929	0.05784	0.01158	0.05965	0.01355	0.04341	0.01582	0.04565	0.03405	0.14307	0.06764	0.00348	0.12567	0.00667	0.00380	0.00720
24	0.01522	0.03919	0.16271	0.06241	0.02304	0.05711	0.11503	0.10594	0.03830	0.02190	0.01392	0.01743	0.01116	0.01501	0.15325	0.00363	0.02642	0.00583	0.00381	0.10868

[dist]
# distance from previous block
# <min> <max>
5	78

[block]
# block no. 6 follows, 33 sequences, length 26
# corresponding to MSA columns:
# 752-777
name=unknown_G
#
# <colnr> <probs for GDERKNQSTAVLIFYWHMCP>
#	G	D	E	R	K	N	Q	S	T	A	V	L	I	F	Y	W	H	M	C	P
0	0.04435	0.01675	0.09748	0.01768	0.07384	0.03086	0.13804	0.08519	0.13207	0.11640	0.04207	0.01887	0.01412	0.00697	0.00645	0.00192	0.00721	0.00625	0.00499	0.13846
1	0.09211	0.02168	0.16468	0.01819	0.04539	0.12726	0.14060	0.07790	0.19944	0.02434	0.01583	0.01701	0.01191	0.00701	0.00643	0.00207	0.00844	0.00597	0.00443	0.00933
2	0.11417	0.05124	0.29429	0.01501	0.02155	0.12010	0.04172	0.05811	0.01528	0.02210	0.01473	0.01629	0.05190	0.00677	0.00582	0.00183	0.00815	0.00513	0.00364	0.13217
3	0.13831	0.06286	0.24441	0.01719	0.10892	0.08398	0.01507	0.01994	0.05425	0.02161	0.03757	0.10709	0.01518	0.00829	0.00609	0.00202	0.00745	0.00669	0.00392	0.03917
4	0.01921	0.03584	0.01704	0.01629	0.11517	0.10240	0.01125	0.10521	0.12204	0.14526	0.08204	0.06557	0.01921	0.00851	0.00646	0.00190	0.00644	0.00705	0.00561	0.10751
5	0.06908	0.01549	0.04838	0.01688	0.07611	0.04332	0.11516	0.11228	0.20487	0.03970	0.02412	0.02527	0.10368	0.00861	0.00670	0.00208	0.00678	0.02269	0.00522	0.05358
6	0.10773	0.01785	0.10249	0.01400	0.03683	0.12948	0.01166	0.08568	0.18969	0.05324	0.02173	0.14165	0.04072	0.00991	0.00652	0.00214	0.00680	0.00803	0.00523	0.00863
7	0.05969	0.07913	0.37248	0.01872	0.02636	0.05988	0.16778	0.04420	0.01492	0.02147	0.01184	0.01425	0.00885	0.00604	0.00621	0.00195	0.00926	0.00526	0.00322	0.06849
8	0.07197	0.02104	0.10719	0.01649	0.02126	0.20885	0.11099	0.11822	0.06417	0.07396	0.01696	0.07114	0.01438	0.00850	0.00665	0.00208	0.00863	0.04412	0.00469	0.00872
9	0.04253	0.30468	0.10313	0.01550	0.10460	0.05802	0.01266	0.04233	0.01417	0.01906	0.01111	0.01402	0.00965	0.03370	0.00696	0.03502	0.00716	0.00446	0.00331	0.15792
10	0.03019	0.04076	0.04352	0.01169	0.01501	0.10318	0.03147	0.04005	0.12348	0.07067	0.15702	0.03207	0.12654	0.05491	0.05763	0.00281	0.00680	0.00836	0.00546	0.03838
11	0.00778	0.00667	0.00667	0.00667	0.00889	0.00556	0.00500	0.00945	0.01501	0.01778	0.06669	0.06336	0.72490	0.01667	0.00778	0.00222	0.00333	0.01389	0.00611	0.00556
12	0.01760	0.77260	0.03450	0.01126	0.01690	0.02605	0.01126	0.01971	0.01338	0.01549	0.00915	0.01056	0.00845	0.00563	0.00422	0.00141	0.00704	0.00352	0.00282	0.00845
13	0.02462	0.03052	0.01873	0.01684	0.02036	0.69462	0.01271	0.07108	0.01947	0.01779	0.01055	0.01213	0.00866	0.00686	0.00598	0.00171	0.01157	0.00435	0.00360	0.00787
14	0.01365	0.01170	0.01365	0.00975	0.01560	0.00878	0.00780	0.01658	0.01365	0.02145	0.01170	0.01365	0.00975	0.00488	0.00488	0.00098	0.00488	0.00390	0.00390	0.80888
15	0.00943	0.00697	0.01016	0.01016	0.01119	0.00800	0.00771	0.01149	0.01046	0.01497	0.01801	0.02797	0.01738	0.13760	0.65558	0.01007	0.01625	0.00736	0.00358	0.00565
16	0.00802	0.00573	0.00764	0.00917	0.00955	0.00535	0.00611	0.00917	0.01260	0.01681	0.03628	0.76434	0.04354	0.02062	0.00840	0.00267	0.00382	0.01872	0.00611	0.00535
17	0.01632	0.01209	0.01971	0.51748	0.12333	0.01376	0.01680	0.02028	0.01452	0.16020	0.01463	0.01837	0.01048	0.00681	0.00658	0.00213	0.00803	0.00601	0.00401	0.00847
18	0.01924	0.03838	0.01430	0.01049	0.01537	0.00933	0.00844	0.02177	0.01552	0.29525	0.02014	0.10900	0.01638	0.00810	0.00596	0.00161	0.00511	0.00675	0.00577	0.37308
19	0.16174	0.01123	0.01358	0.01395	0.10116	0.01160	0.00958	0.02281	0.15603	0.15838	0.23735	0.02824	0.02884	0.00930	0.00651	0.00208	0.00493	0.00777	0.00624	0.00867
20	0.01631	0.01536	0.02451	0.03536	0.59491	0.01578	0.01838	0.02296	0.14583	0.02263	0.01507	0.01784	0.01223	0.00644	0.00655	0.00201	0.00733	0.00616	0.00390	0.01043
21	0.00969	0.00757	0.00981	0.01020	0.01168	0.00743	0.02773	0.01360	0.10012	0.01962	0.10002	0.40401	0.13188	0.01726	0.00812	0.00254	0.00437	0.10188	0.00620	0.00627
22	0.01399	0.01200	0.01380	0.01020	0.01579	0.00971	0.00812	0.01883	0.09976	0.02220	0.01355	0.01499	0.01102	0.00537	0.00510	0.00113	0.00492	0.00433	0.00424	0.71094
