[name]
unknown

[dist]
# distance from previous block
# <min> <max>
0	13

[block]
# block no. 0 follows, 33 sequences, length 35
# corresponding to MSA columns:
# 13-47
name=unknown_A
#
# <colnr> <probs for GDERKNQSTAVLIFYWHMCP>
#	G	D	E	R	K	N	Q	S	T	A	V	L	I	F	Y	W	H	M	C	P
0	0.00954	0.00672	0.00871	0.00966	0.01049	0.00658	0.00727	0.01121	0.01307	0.01721	0.05971	0.23045	0.05802	0.23444	0.01586	0.00384	0.00541	0.28100	0.00553	0.00528
1	0.01491	0.32062	0.46291	0.01585	0.02399	0.01946	0.01926	0.02041	0.01370	0.01877	0.01078	0.01260	0.00838	0.00601	0.00547	0.00182	0.00869	0.00434	0.00279	0.00923
2	0.01980	0.01518	0.01534	0.01321	0.01718	0.08238	0.01040	0.10578	0.40537	0.14903	0.05305	0.02426	0.04144	0.00891	0.00668	0.00211	0.00598	0.00722	0.00663	0.01006
3	0.00829	0.00669	0.00737	0.00720	0.00920	0.00577	0.00540	0.01043	0.01620	0.02063	0.28373	0.05867	0.50609	0.01561	0.00778	0.00217	0.00326	0.01324	0.00649	0.00577
4	0.01422	0.01168	0.01371	0.00982	0.01564	0.00881	0.00787	0.01713	0.01384	0.04688	0.01221	0.01396	0.00999	0.00499	0.00494	0.00101	0.00490	0.00400	0.00405	0.78034
5	0.01629	0.01564	0.02672	0.04041	0.72757	0.01564	0.02020	0.02020	0.01499	0.02151	0.01238	0.01629	0.01043	0.00587	0.00652	0.00196	0.00782	0.00587	0.00326	0.01043
6	0.01760	0.77260	0.03450	0.01126	0.01690	0.02605	0.01126	0.01971	0.01338	0.01549	0.00915	0.01056	0.00845	0.00563	0.00422	0.00141	0.00704	0.00352	0.00282	0.00845
7	0.00810	0.00576	0.00761	0.00906	0.00942	0.00540	0.00600	0.00919	0.01244	0.01659	0.03545	0.72549	0.04249	0.06092	0.00976	0.00287	0.00396	0.01822	0.00600	0.00527
8	0.01307	0.01235	0.02090	0.63471	0.15845	0.01479	0.01860	0.01738	0.01347	0.01760	0.01181	0.01734	0.00905	0.00646	0.00657	0.00215	0.00862	0.00585	0.00298	0.00783
9	0.52564	0.01562	0.01373	0.01166	0.01591	0.09669	0.04717	0.07690	0.07240	0.05283	0.01208	0.01318	0.00916	0.00660	0.00499	0.00202	0.00638	0.00449	0.00452	0.00802
10	0.01064	0.00640	0.00857	0.00948	0.01043	0.00587	0.00655	0.01196	0.01336	0.10394	0.03503	0.67397	0.04022	0.01911	0.00819	0.00260	0.00404	0.01724	0.00636	0.00606
11	0.01243	0.01170	0.01975	0.75282	0.04534	0.01463	0.01828	0.01682	0.01316	0.01682	0.01170	0.01755	0.00878	0.00658	0.00658	0.00219	0.00878	0.00585	0.00293	0.00731
12	0.02954	0.01120	0.01528	0.01171	0.01681	0.00968	0.00968	0.03208	0.01884	0.73213	0.02597	0.02241	0.01630	0.00815	0.00662	0.00204	0.00560	0.00662	0.00815	0.01120
13	0.01227	0.00614	0.00614	0.00614	0.00767	0.00614	0.00460	0.01534	0.01381	0.02454	0.02148	0.02454	0.01687	0.00767	0.00460	0.00153	0.00307	0.00614	0.80518	0.00614
14	0.00813	0.00580	0.00776	0.00929	0.00972	0.00544	0.00630	0.00935	0.01271	0.01692	0.03623	0.73607	0.04331	0.02052	0.00843	0.00269	0.00391	0.04595	0.00611	0.00538
15	0.01101	0.00872	0.01001	0.00922	0.01106	0.04673	0.00699	0.05158	0.01900	0.02625	0.61876	0.04440	0.05462	0.01419	0.03632	0.00238	0.00438	0.01097	0.00686	0.00655
16	0.01227	0.00614	0.00614	0.00614	0.00767	0.00614	0.00460	0.01534	0.01381	0.02454	0.02148	0.02454	0.01687	0.00767	0.00460	0.00153	0.00307	0.00614	0.80518	0.00614
17	0.02522	0.01813	0.01957	0.01500	0.02026	0.01996	0.01239	0.67698	0.03044	0.07086	0.01624	0.01609	0.01141	0.00791	0.00659	0.00198	0.00717	0.00596	0.00665	0.01120
18	0.00818	0.00589	0.00780	0.00926	0.00979	0.00550	0.00636	0.00947	0.01286	0.01703	0.03735	0.69271	0.06910	0.02032	0.00842	0.00268	0.00395	0.06183	0.00611	0.00540
19	0.00821	0.00669	0.00727	0.00712	0.00916	0.00574	0.00534	0.01028	0.01602	0.02020	0.25114	0.05938	0.53894	0.01577	0.00778	0.00218	0.00327	0.01334	0.00643	0.00574
20	0.01629	0.01564	0.02672	0.04041	0.72757	0.01564	0.02020	0.02020	0.01499	0.02151	0.01238	0.01629	0.01043	0.00587	0.00652	0.00196	0.00782	0.00587	0.00326	0.01043
21	0.01832	0.01584	0.01594	0.01390	0.01787	0.05732	0.01091	0.15019	0.55892	0.02931	0.02398	0.02235	0.01792	0.00864	0.00664	0.00216	0.00593	0.00700	0.00650	0.01040
22	0.00959	0.00648	0.00757	0.00772	0.00794	0.00644	0.00473	0.01005	0.01064	0.01423	0.06143	0.07043	0.02787	0.63950	0.02921	0.00574	0.00609	0.06560	0.00441	0.00433
23	0.01672	0.62402	0.17533	0.01277	0.01923	0.02388	0.01389	0.01994	0.01348	0.01657	0.00969	0.01123	0.00843	0.00576	0.00463	0.00154	0.00758	0.00379	0.00281	0.00871
24	0.01554	0.01776	0.03885	0.02775	0.03441	0.01665	0.70366	0.02109	0.01554	0.02109	0.01332	0.01776	0.00999	0.00555	0.00777	0.00222	0.01110	0.00777	0.00333	0.00888
25	0.00957	0.00638	0.00718	0.00718	0.00718	0.00638	0.00399	0.00957	0.00957	0.01276	0.02074	0.04308	0.02393	0.76864	0.03351	0.00638	0.00638	0.00957	0.00399	0.00399
26	0.01320	0.03405	0.73453	0.01876	0.02849	0.01529	0.02432	0.02085	0.01390	0.02085	0.01181	0.01390	0.00834	0.00625	0.00625	0.00208	0.00973	0.00486	0.00278	0.00973
27	0.01121	0.00882	0.00972	0.00955	0.01065	0.04883	0.00669	0.01445	0.09331	0.01641	0.02099	0.08028	0.02123	0.32490	0.24069	0.00638	0.00960	0.00866	0.05192	0.00573
28	0.01733	0.72685	0.07786	0.01173	0.01761	0.02538	0.01207	0.01978	0.01341	0.01582	0.00932	0.01077	0.00844	0.00567	0.00435	0.00145	0.00721	0.00360	0.00281	0.00853
29	0.81514	0.01273	0.00968	0.00866	0.01273	0.01477	0.00713	0.01935	0.01120	0.02954	0.00917	0.01069	0.00713	0.00611	0.00407	0.00204	0.00509	0.00356	0.00407	0.00713
30	0.01227	0.00614	0.00614	0.00614	0.00767	0.00614	0.00460	0.01534	0.01381	0.02454	0.02148	0.02454	0.01687	0.00767	0.00460	0.00153	0.00307	0.00614	0.80518	0.00614
31	0.01636	0.56457	0.23168	0.01338	0.02016	0.02302	0.01494	0.02003	0.01352	0.01700	0.00990	0.01150	0.00842	0.00581	0.00480	0.00160	0.00780	0.00390	0.00281	0.00881
32	0.02459	0.03138	0.01866	0.01696	0.02035	0.74221	0.01272	0.02629	0.01866	0.01611	0.01018	0.01187	0.00848	0.00678	0.00594	0.00170	0.01187	0.00424	0.00339	0.00763
33	0.01227	0.00614	0.00614	0.00614	0.00767	0.00614	0.00460	0.01534	0.01381	0.02454	0.02148	0.02454	0.01687	0.00767	0.00460	0.00153	0.00307	0.00614	0.80518	0.00614
34	0.01665	0.61318	0.18560	0.01288	0.01940	0.02373	0.01408	0.01996	0.01349	0.01665	0.00973	0.01128	0.00842	0.00577	0.00466	0.00155	0.00762	0.00381	0.00281	0.00872

[dist]
# distance from previous block
# <min> <max>
0	1

[block]
# block no. 1 follows, 33 sequences, length 39
# corresponding to MSA columns:
# 49-69,95-106,112-117
name=unknown_B
#
# <colnr> <probs for GDERKNQSTAVLIFYWHMCP>
#	G	D	E	R	K	N	Q	S	T	A	V	L	I	F	Y	W	H	M	C	P
0	0.00957	0.00638	0.00718	0.00718	0.00718	0.00638	0.00399	0.00957	0.00957	0.01276	0.02074	0.04308	0.02393	0.76864	0.03351	0.00638	0.00638	0.00957	0.00399	0.00399
1	0.00802	0.00573	0.00764	0.00917	0.00955	0.00535	0.00611	0.00917	0.01260	0.01681	0.03628	0.76434	0.04354	0.02062	0.00840	0.00267	0.00382	0.01872	0.00611	0.00535
2	0.01276	0.01208	0.02015	0.66820	0.08025	0.01503	0.01814	0.01694	0.01307	0.01701	0.01155	0.01729	0.00886	0.00685	0.00752	0.00222	0.05581	0.00585	0.00294	0.00747
3	0.01052	0.00751	0.01050	0.01202	0.01349	0.00750	0.01045	0.01348	0.01506	0.01960	0.03491	0.09887	0.03809	0.01827	0.00907	0.00302	0.00598	0.65956	0.00606	0.00604
4	0.01629	0.01564	0.02672	0.04041	0.72757	0.01564	0.02020	0.02020	0.01499	0.02151	0.01238	0.01629	0.01043	0.00587	0.00652	0.00196	0.00782	0.00587	0.00326	0.01043
5	0.07004	0.02945	0.01857	0.01774	0.05793	0.66092	0.01280	0.02556	0.01803	0.01718	0.01024	0.01204	0.00851	0.00670	0.00586	0.00173	0.01126	0.00429	0.00342	0.00775
6	0.02415	0.07805	0.01965	0.01660	0.02013	0.69712	0.01263	0.02587	0.01832	0.01607	0.01011	0.01179	0.00848	0.00671	0.00583	0.00168	0.01157	0.00419	0.00336	0.00768
7	0.01470	0.01401	0.02384	0.33491	0.44555	0.01522	0.01941	0.01881	0.01424	0.01957	0.01210	0.01681	0.00974	0.00616	0.00654	0.00205	0.00822	0.00586	0.00312	0.00914
8	0.01715	0.69628	0.10684	0.01204	0.01809	0.02494	0.01261	0.01983	0.01343	0.01604	0.00943	0.01091	0.00844	0.00570	0.00443	0.00148	0.00732	0.00366	0.00281	0.00858
9	0.02263	0.02815	0.02097	0.05893	0.06744	0.59455	0.07329	0.02495	0.01786	0.01692	0.01067	0.01297	0.00875	0.00661	0.00617	0.00178	0.01138	0.00473	0.00335	0.00790
10	0.00926	0.00673	0.00871	0.00822	0.00980	0.00619	0.00616	0.01230	0.01849	0.02606	0.69784	0.04974	0.08859	0.01359	0.00777	0.00208	0.00311	0.01199	0.00720	0.00619
11	0.00936	0.00688	0.00961	0.00961	0.01058	0.00767	0.00711	0.01114	0.01059	0.01485	0.02097	0.03174	0.05622	0.20875	0.54420	0.00919	0.01434	0.00799	0.00377	0.00544
12	0.01708	0.72438	0.03288	0.01108	0.01645	0.02480	0.01095	0.01925	0.01371	0.01618	0.05417	0.01299	0.01183	0.00613	0.00445	0.00145	0.00679	0.00405	0.00310	0.00831
13	0.01270	0.00781	0.00897	0.00839	0.00961	0.00897	0.00658	0.01544	0.01305	0.02278	0.01888	0.02249	0.01521	0.00845	0.00804	0.00181	0.15551	0.00606	0.64288	0.00635
14	0.01637	0.01414	0.01489	0.01340	0.01712	0.01637	0.01042	0.03498	0.71568	0.02754	0.02679	0.02456	0.02010	0.00893	0.00670	0.00223	0.00521	0.00744	0.00670	0.01042
15	0.02503	0.01844	0.01976	0.01515	0.02042	0.02042	0.01251	0.70562	0.03095	0.04149	0.01581	0.01581	0.01120	0.00790	0.00659	0.00198	0.00724	0.00593	0.00659	0.01120
16	0.02455	0.02419	0.01910	0.01592	0.02028	0.34900	0.01254	0.37448	0.04757	0.02948	0.01360	0.01430	0.01025	0.00743	0.00629	0.00186	0.00929	0.00521	0.00513	0.00955
17	0.02459	0.03138	0.01866	0.01696	0.02035	0.74221	0.01272	0.02629	0.01866	0.01611	0.01018	0.01187	0.00848	0.00678	0.00594	0.00170	0.01187	0.00424	0.00339	0.00763
18	0.00957	0.00638	0.00718	0.00718	0.00718	0.00638	0.00399	0.00957	0.00957	0.01276	0.02074	0.04308	0.02393	0.76864	0.03351	0.00638	0.00638	0.00957	0.00399	0.00399
19	0.01760	0.77260	0.03450	0.01126	0.01690	0.02605	0.01126	0.01971	0.01338	0.01549	0.00915	0.01056	0.00845	0.00563	0.00422	0.00141	0.00704	0.00352	0.00282	0.00845
20	0.81514	0.01273	0.00968	0.00866	0.01273	0.01477	0.00713	0.01935	0.01120	0.02954	0.00917	0.01069	0.00713	0.00611	0.00407	0.00204	0.00509	0.00356	0.00407	0.00713
21	0.00976	0.00717	0.00951	0.01076	0.01225	0.00692	0.00901	0.01230	0.01478	0.01897	0.04064	0.16575	0.15940	0.01825	0.00877	0.00284	0.00528	0.47566	0.00608	0.00588
22	0.00778	0.00667	0.00667	0.00667	0.00889	0.00556	0.00500	0.00945	0.01501	0.01778	0.06669	0.06336	0.72490	0.01667	0.00778	0.00222	0.00333	0.01389	0.00611	0.00556
23	0.02923	0.01170	0.01559	0.01195	0.01705	0.01042	0.00987	0.07854	0.01968	0.68450	0.02527	0.02195	0.01594	0.00813	0.00662	0.00203	0.00572	0.00657	0.00804	0.01120
24	0.01238	0.00719	0.00958	0.00930	0.01106	0.00656	0.00692	0.01474	0.01654	0.14332	0.35177	0.28345	0.04726	0.01510	0.00783	0.00230	0.00387	0.03707	0.00698	0.00677
25	0.01132	0.00838	0.01113	0.01228	0.01407	0.00866	0.01059	0.01626	0.10109	0.02066	0.03387	0.06816	0.03570	0.01705	0.00880	0.00293	0.00596	0.60036	0.00614	0.00660
26	0.02396	0.01791	0.01916	0.01493	0.02001	0.01992	0.01226	0.62335	0.11495	0.03978	0.01715	0.01688	0.01229	0.00803	0.00660	0.00201	0.00699	0.00611	0.00660	0.01110
27	0.01365	0.01170	0.01365	0.00975	0.01560	0.00878	0.00780	0.01658	0.01365	0.02145	0.01170	0.01365	0.00975	0.00488	0.00488	0.00098	0.00488	0.00390	0.00390	0.80888
28	0.01468	0.11663	0.54657	0.01718	0.02553	0.04626	0.02081	0.04929	0.04356	0.02131	0.03143	0.01490	0.01041	0.00658	0.00608	0.00199	0.00904	0.00502	0.00325	0.00949
29	0.01760	0.77260	0.03450	0.01126	0.01690	0.02605	0.01126	0.01971	0.01338	0.01549	0.00915	0.01056	0.00845	0.00563	0.00422	0.00141	0.00704	0.00352	0.00282	0.00845
30	0.02503	0.01844	0.01976	0.01515	0.02042	0.02042	0.01251	0.70562	0.03095	0.04149	0.01581	0.01581	0.01120	0.00790	0.00659	0.00198	0.00724	0.00593	0.00659	0.01120
31	0.01144	0.00572	0.00858	0.00858	0.00858	0.00572	0.00572	0.00858	0.00858	0.01144	0.01144	0.02001	0.01144	0.02287	0.02573	0.80846	0.00572	0.00572	0.00286	0.00286
32	0.00932	0.00673	0.00880	0.00828	0.00984	0.00621	0.00621	0.01242	0.01863	0.02640	0.72410	0.04918	0.06212	0.01346	0.00776	0.00207	0.00311	0.01191	0.00725	0.00621
33	0.01972	0.00832	0.01008	0.00854	0.01161	0.00766	0.00679	0.02256	0.01598	0.32961	0.02341	0.02362	0.01662	0.00788	0.00547	0.00175	0.00416	0.00634	0.46156	0.00832
34	0.01629	0.01564	0.02672	0.04041	0.72757	0.01564	0.02020	0.02020	0.01499	0.02151	0.01238	0.01629	0.01043	0.00587	0.00652	0.00196	0.00782	0.00587	0.00326	0.01043
35	0.01144	0.00572	0.00858	0.00858	0.00858	0.00572	0.00572	0.00858	0.00858	0.01144	0.01144	0.02001	0.01144	0.02287	0.02573	0.80846	0.00572	0.00572	0.00286	0.00286
36	0.01554	0.01776	0.03885	0.02775	0.03441	0.01665	0.70366	0.02109	0.01554	0.02109	0.01332	0.01776	0.00999	0.00555	0.00777	0.00222	0.01110	0.00777	0.00333	0.00888
37	0.01243	0.01170	0.01975	0.75282	0.04534	0.01463	0.01828	0.01682	0.01316	0.01682	0.01170	0.01755	0.00878	0.00658	0.00658	0.00219	0.00878	0.00585	0.00293	0.00731
38	0.00786	0.00656	0.00686	0.00703	0.00900	0.00555	0.00518	0.00951	0.01483	0.01794	0.08395	0.14890	0.62015	0.01705	0.00786	0.00227	0.00339	0.01442	0.00615	0.00555

[dist]
# distance from previous block
# <min> <max>
1	28

[block]
# block no. 2 follows, 33 sequences, length 38
# corresponding to MSA columns:
# 146-183
name=unknown_C
#
# <colnr> <probs for GDERKNQSTAVLIFYWHMCP>
#	G	D	E	R	K	N	Q	S	T	A	V	L	I	F	Y	W	H	M	C	P
0	0.01257	0.01196	0.02057	0.72148	0.04487	0.01471	0.04791	0.01700	0.01327	0.01700	0.01177	0.01756	0.00883	0.00654	0.00663	0.00220	0.00888	0.00593	0.00294	0.00738
1	0.00957	0.00638	0.00718	0.00718	0.00718	0.00638	0.00399	0.00957	0.00957	0.01276	0.02074	0.04308	0.02393	0.76864	0.03351	0.00638	0.00638	0.00957	0.00399	0.00399
2	0.01561	0.01197	0.01272	0.01126	0.01432	0.03399	0.02825	0.08463	0.33721	0.02711	0.04773	0.02410	0.01902	0.00839	0.00598	0.00194	0.00490	0.00691	0.29533	0.00866
3	0.01523	0.01465	0.02523	0.23158	0.52241	0.01540	0.04109	0.01932	0.01452	0.02023	0.01223	0.01668	0.00997	0.00605	0.00657	0.00203	0.00818	0.00592	0.00317	0.00954
4	0.81514	0.01273	0.00968	0.00866	0.01273	0.01477	0.00713	0.01935	0.01120	0.02954	0.00917	0.01069	0.00713	0.00611	0.00407	0.00204	0.00509	0.00356	0.00407	0.00713
5	0.00864	0.00670	0.00787	0.00757	0.00942	0.00592	0.00568	0.01112	0.01704	0.02262	0.43570	0.05540	0.35288	0.01487	0.00777	0.00214	0.00321	0.01278	0.00675	0.00592
6	0.00940	0.00705	0.01058	0.01058	0.01176	0.00823	0.00823	0.01176	0.01058	0.01528	0.01763	0.02586	0.01646	0.04937	0.74255	0.01058	0.01763	0.00705	0.00353	0.00588
7	0.02954	0.01120	0.01528	0.01171	0.01681	0.00968	0.00968	0.03208	0.01884	0.73213	0.02597	0.02241	0.01630	0.00815	0.00662	0.00204	0.00560	0.00662	0.00815	0.01120
8	0.00778	0.00667	0.00667	0.00667	0.00889	0.00556	0.00500	0.00945	0.01501	0.01778	0.06669	0.06336	0.72490	0.01667	0.00778	0.00222	0.00333	0.01389	0.00611	0.00556
9	0.02503	0.01844	0.01976	0.01515	0.02042	0.02042	0.01251	0.70562	0.03095	0.04149	0.01581	0.01581	0.01120	0.00790	0.00659	0.00198	0.00724	0.00593	0.00659	0.01120
10	0.00932	0.00673	0.00880	0.00828	0.00984	0.00621	0.00621	0.01242	0.01863	0.02640	0.72410	0.04918	0.06212	0.01346	0.00776	0.00207	0.00311	0.01191	0.00725	0.00621
11	0.02551	0.01637	0.01824	0.01404	0.01912	0.01750	0.01158	0.53093	0.02762	0.19183	0.01825	0.01760	0.01254	0.00795	0.00651	0.00197	0.00672	0.00609	0.03865	0.01100
12	0.81514	0.01273	0.00968	0.00866	0.01273	0.01477	0.00713	0.01935	0.01120	0.02954	0.00917	0.01069	0.00713	0.00611	0.00407	0.00204	0.00509	0.00356	0.00407	0.00713
13	0.01385	0.01336	0.01944	0.57717	0.07710	0.05675	0.01706	0.01988	0.10372	0.01841	0.01359	0.01806	0.01030	0.00686	0.00656	0.00216	0.00844	0.00596	0.00345	0.00790
14	0.00807	0.00577	0.00768	0.00913	0.00956	0.00538	0.00611	0.00929	0.01283	0.01716	0.06162	0.73800	0.04423	0.02036	0.00838	0.00265	0.00379	0.01846	0.00615	0.00538
15	0.01365	0.01170	0.01365	0.00975	0.01560	0.00878	0.00780	0.01658	0.01365	0.02145	0.01170	0.01365	0.00975	0.00488	0.00488	0.00098	0.00488	0.00390	0.00390	0.80888
16	0.02212	0.01612	0.02235	0.01692	0.02215	0.11874	0.21319	0.04355	0.01764	0.29881	0.04842	0.01961	0.01449	0.00708	0.00673	0.00193	0.00799	0.00655	0.00553	0.09007
17	0.36863	0.01604	0.01416	0.01185	0.01602	0.09876	0.00961	0.20972	0.01831	0.08957	0.01562	0.01620	0.04797	0.00762	0.00602	0.00202	0.03301	0.00519	0.00510	0.00857
18	0.00997	0.00808	0.00902	0.00854	0.01079	0.00782	0.00648	0.01534	0.14661	0.02293	0.31333	0.05067	0.33780	0.01399	0.00757	0.00217	0.00359	0.01193	0.00666	0.00671
19	0.00837	0.00684	0.00744	0.00760	0.00949	0.00608	0.00558	0.01086	0.04723	0.01889	0.12306	0.19045	0.50139	0.01674	0.00784	0.00229	0.00349	0.01430	0.00625	0.00581
20	0.01243	0.01170	0.01975	0.75282	0.04534	0.01463	0.01828	0.01682	0.01316	0.01682	0.01170	0.01755	0.00878	0.00658	0.00658	0.00219	0.00878	0.00585	0.00293	0.00731
21	0.01462	0.27145	0.50951	0.01635	0.02477	0.01875	0.02013	0.02048	0.01373	0.01913	0.01096	0.01283	0.00837	0.00605	0.00560	0.00187	0.00886	0.00443	0.00279	0.00932
22	0.01052	0.00751	0.01050	0.01202	0.01349	0.00750	0.01045	0.01348	0.01506	0.01960	0.03491	0.09887	0.03809	0.01827	0.00907	0.00302	0.00598	0.65956	0.00606	0.00604
23	0.01629	0.01564	0.02672	0.04041	0.72757	0.01564	0.02020	0.02020	0.01499	0.02151	0.01238	0.01629	0.01043	0.00587	0.00652	0.00196	0.00782	0.00587	0.00326	0.01043
24	0.02493	0.02121	0.01952	0.01554	0.02040	0.17513	0.01256	0.56001	0.02832	0.03605	0.01460	0.01496	0.01061	0.00766	0.00645	0.00192	0.00824	0.00557	0.00590	0.01043
25	0.01243	0.01170	0.01975	0.75282	0.04534	0.01463	0.01828	0.01682	0.01316	0.01682	0.01170	0.01755	0.00878	0.00658	0.00658	0.00219	0.00878	0.00585	0.00293	0.00731
26	0.81514	0.01273	0.00968	0.00866	0.01273	0.01477	0.00713	0.01935	0.01120	0.02954	0.00917	0.01069	0.00713	0.00611	0.00407	0.00204	0.00509	0.00356	0.00407	0.00713
27	0.00786	0.00665	0.00688	0.00694	0.00904	0.00567	0.00519	0.00954	0.01472	0.01764	0.06335	0.08958	0.66709	0.01825	0.03969	0.00260	0.00397	0.01379	0.00600	0.00556
28	0.01346	0.00970	0.01151	0.00968	0.01309	0.00888	0.00754	0.03734	0.11282	0.08829	0.30031	0.03510	0.10681	0.01040	0.00677	0.00183	0.00420	0.00887	0.00628	0.20711
29	0.00940	0.00705	0.01058	0.01058	0.01176	0.00823	0.00823	0.01176	0.01058	0.01528	0.01763	0.02586	0.01646	0.04937	0.74255	0.01058	0.01763	0.00705	0.00353	0.00588
30	0.01340	0.01269	0.02149	0.57462	0.21598	0.01488	0.01876	0.01767	0.01362	0.01799	0.01187	0.01724	0.00919	0.00640	0.00657	0.00213	0.00854	0.00585	0.00301	0.00809
31	0.01725	0.01365	0.01526	0.01141	0.01680	0.01259	0.00923	0.23317	0.04552	0.02810	0.01401	0.01524	0.01092	0.00611	0.00547	0.00136	0.00555	0.00477	0.04180	0.49178
32	0.01243	0.01170	0.01975	0.75282	0.04534	0.01463	0.01828	0.01682	0.01316	0.01682	0.01170	0.01755	0.00878	0.00658	0.00658	0.00219	0.00878	0.00585	0.00293	0.00731
33	0.01760	0.77260	0.03450	0.01126	0.01690	0.02605	0.01126	0.01971	0.01338	0.01549	0.00915	0.01056	0.00845	0.00563	0.00422	0.00141	0.00704	0.00352	0.00282	0.00845
34	0.01623	0.01461	0.01544	0.08844	0.02004	0.05508	0.01135	0.03197	0.58391	0.02558	0.02463	0.02480	0.01891	0.00888	0.00672	0.00223	0.00596	0.02929	0.00612	0.00981
35	0.02503	0.01844	0.01976	0.01515	0.02042	0.02042	0.01251	0.70562	0.03095	0.04149	0.01581	0.01581	0.01120	0.00790	0.00659	0.00198	0.00724	0.00593	0.00659	0.01120
36	0.01582	0.01733	0.03651	0.02635	0.03269	0.01643	0.63440	0.05769	0.01635	0.02212	0.01445	0.02026	0.01134	0.00626	0.00777	0.00224	0.01066	0.03883	0.00363	0.00887
37	0.01260	0.01187	0.02005	0.72190	0.07495	0.01467	0.01837	0.01697	0.01324	0.01702	0.01173	0.01750	0.00885	0.00655	0.00658	0.00218	0.00873	0.00585	0.00294	0.00745

[dist]
# distance from previous block
# <min> <max>
0	0

# created by:
# /home/cegg/simao/soft/augustus-3.2.1/scripts/msa2prfl.pl ./align_prep/EOG090W0JFZ.fa
