[name]
unknown

[dist]
# distance from previous block
# <min> <max>
2	97

[block]
# block no. 0 follows, 35 sequences, length 30
# corresponding to MSA columns:
# 135-164
name=unknown_A
#
# <colnr> <probs for GDERKNQSTAVLIFYWHMCP>
#	G	D	E	R	K	N	Q	S	T	A	V	L	I	F	Y	W	H	M	C	P
0	0.05093	0.01332	0.01770	0.12662	0.18622	0.05831	0.01306	0.04042	0.03534	0.14347	0.01586	0.08142	0.01333	0.00806	0.00775	0.00199	0.08825	0.00650	0.00439	0.08705
1	0.01290	0.04006	0.08816	0.09234	0.20474	0.04001	0.05019	0.01592	0.01359	0.04304	0.04104	0.15291	0.07991	0.08628	0.00927	0.00248	0.00673	0.00884	0.00410	0.00749
2	0.17013	0.11422	0.04253	0.03869	0.05937	0.19340	0.02142	0.06587	0.04335	0.04249	0.04370	0.03093	0.06409	0.00747	0.00555	0.00180	0.00717	0.00557	0.00414	0.03810
3	0.01699	0.09217	0.16244	0.01763	0.10958	0.08662	0.06107	0.09743	0.04088	0.08908	0.09153	0.02028	0.04471	0.00767	0.00675	0.00192	0.03374	0.00627	0.00443	0.00880
4	0.01408	0.08348	0.09506	0.04437	0.08774	0.04079	0.04893	0.08339	0.04244	0.02056	0.03285	0.02342	0.01502	0.01544	0.15000	0.00348	0.00905	0.07977	0.00399	0.10616
5	0.03814	0.16492	0.06295	0.03407	0.03687	0.06906	0.01039	0.10035	0.01610	0.08774	0.06826	0.14587	0.01999	0.00954	0.00605	0.00189	0.00609	0.03140	0.05445	0.03588
6	0.04841	0.15433	0.09566	0.07728	0.07307	0.08730	0.10306	0.06364	0.07369	0.07121	0.01326	0.01494	0.01016	0.00619	0.00575	0.00177	0.00769	0.00515	0.00390	0.08352
7	0.01546	0.07127	0.30482	0.05353	0.08408	0.07995	0.01610	0.01988	0.01412	0.10502	0.01589	0.03882	0.03812	0.01061	0.07157	0.00262	0.00881	0.00574	0.00372	0.03987
8	0.01342	0.05098	0.44724	0.04057	0.08931	0.06267	0.06426	0.01904	0.01422	0.01973	0.06092	0.01887	0.05717	0.00705	0.00625	0.00197	0.00852	0.00588	0.00328	0.00867
9	0.01254	0.02837	0.59799	0.01906	0.09471	0.01390	0.02125	0.01899	0.01343	0.01974	0.01493	0.01703	0.05325	0.00836	0.03757	0.00235	0.00914	0.00541	0.00295	0.00904
10	0.01696	0.01605	0.15121	0.03861	0.13459	0.03403	0.03258	0.05737	0.08734	0.17660	0.11050	0.05142	0.04762	0.00849	0.00656	0.00201	0.00648	0.00729	0.00525	0.00903
11	0.01358	0.06689	0.10306	0.37222	0.03111	0.01486	0.03102	0.05985	0.01370	0.01877	0.01113	0.01506	0.00870	0.00646	0.00721	0.00190	0.07582	0.00511	0.00317	0.14038
12	0.00841	0.00609	0.00804	0.00929	0.00998	0.00585	0.00660	0.01045	0.03760	0.01748	0.07745	0.61155	0.04157	0.01876	0.00809	0.00257	0.00396	0.10482	0.00597	0.00546
13	0.01581	0.05664	0.45176	0.01645	0.02363	0.08739	0.01867	0.14584	0.01690	0.02295	0.01373	0.01839	0.01099	0.00732	0.00621	0.00201	0.00874	0.06383	0.00367	0.00908
14	0.01614	0.01613	0.07397	0.10851	0.44600	0.01535	0.08431	0.07917	0.01556	0.04571	0.01254	0.01591	0.00991	0.00610	0.00676	0.00197	0.02710	0.00579	0.00350	0.00956
15	0.00944	0.00695	0.02658	0.00845	0.00988	0.00593	0.00623	0.01120	0.01400	0.06274	0.18166	0.37393	0.17715	0.06432	0.00922	0.00255	0.00385	0.01417	0.00602	0.00573
16	0.00820	0.00606	0.00766	0.00809	0.00921	0.00552	0.00575	0.01015	0.01488	0.02009	0.32261	0.36297	0.16253	0.01646	0.00775	0.00227	0.00333	0.01462	0.00633	0.00552
17	0.00891	0.00606	0.00697	0.00722	0.00737	0.00595	0.00423	0.00915	0.00992	0.01314	0.02423	0.16499	0.05410	0.62022	0.02726	0.00539	0.00562	0.01087	0.00427	0.00412
18	0.73318	0.01321	0.01019	0.00904	0.01297	0.04282	0.00738	0.04480	0.03751	0.02831	0.00971	0.01101	0.00751	0.00607	0.00417	0.00195	0.00524	0.00368	0.00408	0.00715
19	0.17006	0.45541	0.02552	0.01376	0.09536	0.05719	0.01093	0.01970	0.04313	0.01900	0.03291	0.01262	0.01022	0.00597	0.00458	0.00160	0.00655	0.00410	0.00331	0.00808
20	0.08264	0.04078	0.04745	0.09210	0.24576	0.01421	0.01380	0.07952	0.07984	0.09314	0.02909	0.01666	0.01187	0.00652	0.00613	0.00183	0.02019	0.00545	0.00432	0.10870
21	0.01882	0.06825	0.07317	0.04703	0.07941	0.06223	0.12823	0.25208	0.05183	0.05982	0.01460	0.04186	0.01148	0.00741	0.00727	0.00199	0.05446	0.00619	0.00460	0.00927
22	0.06328	0.18552	0.11356	0.03921	0.14101	0.11405	0.01350	0.08016	0.05592	0.02038	0.01537	0.01750	0.05456	0.02689	0.03159	0.00218	0.00783	0.00539	0.00370	0.00839
23	0.00839	0.00610	0.00736	0.00788	0.00873	0.00569	0.00539	0.00966	0.01276	0.01673	0.12882	0.29645	0.18173	0.21857	0.01434	0.00338	0.00427	0.05325	0.00549	0.00500
24	0.00920	0.00668	0.00829	0.00901	0.02805	0.00619	0.00618	0.01146	0.04127	0.04466	0.15467	0.36674	0.21816	0.04845	0.00869	0.00247	0.00377	0.01425	0.00601	0.00580
25	0.01736	0.06345	0.14443	0.09265	0.13330	0.12537	0.10041	0.11240	0.06225	0.04258	0.01336	0.01552	0.01017	0.00643	0.00615	0.00190	0.00842	0.00548	0.02943	0.00894
26	0.02026	0.07624	0.01926	0.01842	0.12772	0.42386	0.01263	0.06267	0.06065	0.01874	0.01247	0.03300	0.01054	0.00704	0.00625	0.00175	0.03315	0.00505	0.04225	0.00804
27	0.00819	0.02368	0.02801	0.00897	0.00986	0.00598	0.00646	0.00955	0.01235	0.01629	0.03541	0.62880	0.09314	0.04718	0.00883	0.00265	0.00403	0.03963	0.00565	0.00532
28	0.06461	0.03910	0.16534	0.01657	0.11228	0.01409	0.01366	0.18754	0.03725	0.11554	0.01688	0.07656	0.01396	0.02018	0.00659	0.00201	0.00672	0.02629	0.00487	0.05996
29	0.07937	0.04217	0.16704	0.06623	0.16277	0.03910	0.05491	0.09190	0.03609	0.09392	0.03995	0.01735	0.01227	0.03272	0.00692	0.00205	0.00740	0.00565	0.00416	0.03804

[dist]
# distance from previous block
# <min> <max>
2	84

[block]
# block no. 1 follows, 35 sequences, length 16
# corresponding to MSA columns:
# 249-264
name=unknown_B
#
# <colnr> <probs for GDERKNQSTAVLIFYWHMCP>
#	G	D	E	R	K	N	Q	S	T	A	V	L	I	F	Y	W	H	M	C	P
0	0.01769	0.23025	0.12510	0.01652	0.12311	0.01697	0.01338	0.09961	0.09964	0.11534	0.04276	0.04427	0.01418	0.00729	0.00578	0.00183	0.00664	0.00583	0.00456	0.00927
1	0.03517	0.14359	0.15203	0.01537	0.06929	0.06339	0.03326	0.13948	0.08806	0.05271	0.03348	0.09397	0.03670	0.00838	0.00610	0.00193	0.00697	0.00682	0.00454	0.00875
2	0.01655	0.12859	0.08613	0.01449	0.06477	0.01429	0.06279	0.10176	0.10331	0.11101	0.04523	0.04683	0.04663	0.07603	0.00843	0.00225	0.00643	0.00681	0.00485	0.05281
3	0.04333	0.05095	0.10635	0.01634	0.10343	0.08528	0.04174	0.15532	0.04110	0.06536	0.11148	0.03727	0.03789	0.00788	0.00621	0.00185	0.00681	0.00651	0.00480	0.07009
4	0.01445	0.04149	0.11271	0.07928	0.20664	0.07198	0.04723	0.04173	0.05377	0.02016	0.04595	0.03677	0.05495	0.03806	0.00721	0.00200	0.00720	0.00637	0.00383	0.10823
5	0.03318	0.07784	0.14619	0.05097	0.28240	0.01461	0.03062	0.04754	0.03473	0.07447	0.01670	0.01859	0.06304	0.00692	0.00649	0.00189	0.03002	0.00585	0.00383	0.05413
6	0.04004	0.01270	0.01970	0.43170	0.15960	0.03340	0.04478	0.04407	0.03519	0.01870	0.01296	0.04430	0.01067	0.00861	0.03782	0.00242	0.02613	0.00615	0.00332	0.00775
7	0.04637	0.01838	0.18712	0.07338	0.27213	0.01449	0.06489	0.08502	0.03900	0.05147	0.03072	0.01750	0.03140	0.00657	0.00624	0.00194	0.00760	0.00584	0.00383	0.03611
8	0.01885	0.01125	0.01473	0.03528	0.01689	0.00952	0.03524	0.05002	0.01587	0.28142	0.04604	0.03713	0.01455	0.00675	0.00573	0.00152	0.00530	0.00566	0.00547	0.38277
9	0.02486	0.01000	0.01357	0.01068	0.01495	0.00871	0.00871	0.02741	0.01812	0.60942	0.15613	0.02636	0.02387	0.00880	0.00658	0.00197	0.00495	0.00732	0.00769	0.00991
10	0.01102	0.00551	0.00826	0.00826	0.00826	0.00551	0.00551	0.00826	0.00826	0.01102	0.01102	0.01928	0.01102	0.02204	0.02479	0.81543	0.00551	0.00551	0.00275	0.00275
11	0.01118	0.01021	0.03211	0.03890	0.01514	0.01023	0.07054	0.03824	0.09645	0.02156	0.23765	0.03965	0.19463	0.01297	0.02952	0.00242	0.07820	0.04802	0.00549	0.00689
12	0.01696	0.78087	0.03324	0.01085	0.01628	0.02510	0.01085	0.01900	0.01289	0.01493	0.00882	0.01018	0.00814	0.00543	0.00407	0.00136	0.00678	0.00339	0.00271	0.00814
13	0.01623	0.19606	0.35467	0.01505	0.02193	0.06195	0.01663	0.14552	0.01648	0.02213	0.01226	0.04058	0.00985	0.00666	0.00565	0.00180	0.00810	0.00500	0.00354	0.03990
14	0.01665	0.72525	0.08610	0.01139	0.01711	0.02433	0.01179	0.01908	0.01293	0.01531	0.00901	0.01042	0.00813	0.00547	0.00422	0.00141	0.00698	0.00349	0.00271	0.00823
15	0.01766	0.73428	0.03212	0.01088	0.01628	0.02415	0.01076	0.01972	0.01321	0.05891	0.00980	0.01087	0.00860	0.00557	0.00421	0.00139	0.00670	0.00357	0.00302	0.00830

[dist]
# distance from previous block
# <min> <max>
3	33

[block]
# block no. 2 follows, 35 sequences, length 20
# corresponding to MSA columns:
# 299-318
name=unknown_C
#
# <colnr> <probs for GDERKNQSTAVLIFYWHMCP>
#	G	D	E	R	K	N	Q	S	T	A	V	L	I	F	Y	W	H	M	C	P
0	0.01438	0.01588	0.08326	0.19637	0.22171	0.04523	0.11246	0.02070	0.12471	0.01990	0.01555	0.04075	0.02586	0.00708	0.00691	0.00206	0.02832	0.00651	0.00368	0.00865
1	0.06795	0.01792	0.02174	0.06384	0.15879	0.19029	0.13247	0.02293	0.07196	0.10570	0.01372	0.01585	0.01052	0.00682	0.00745	0.00199	0.07179	0.00565	0.00401	0.00862
2	0.01524	0.01511	0.02484	0.16590	0.50910	0.04505	0.06812	0.01904	0.01415	0.01949	0.01167	0.01578	0.00960	0.00598	0.00685	0.00196	0.03413	0.00571	0.00308	0.00919
3	0.00933	0.00676	0.00885	0.00886	0.00934	0.00742	0.00615	0.01038	0.00996	0.01379	0.01974	0.08353	0.02140	0.40242	0.28894	0.00711	0.04763	0.02977	0.00383	0.00480
4	0.01556	0.01995	0.19552	0.04154	0.16785	0.06238	0.17046	0.05532	0.09673	0.04112	0.03993	0.01858	0.03209	0.00677	0.00655	0.00200	0.00830	0.00633	0.00391	0.00910
5	0.01608	0.01327	0.04189	0.20304	0.09406	0.01376	0.09213	0.08505	0.09593	0.11819	0.01843	0.05589	0.03802	0.00965	0.03821	0.00245	0.04382	0.00700	0.00458	0.00856
6	0.01010	0.00771	0.00877	0.00863	0.01047	0.00762	0.00632	0.01467	0.14444	0.04124	0.11742	0.18555	0.27563	0.08310	0.04657	0.00296	0.00462	0.01203	0.00587	0.00629
7	0.06353	0.00708	0.00871	0.00856	0.01020	0.00684	0.00658	0.01260	0.01542	0.04630	0.38051	0.07499	0.10711	0.08207	0.03298	0.00280	0.00441	0.11731	0.00610	0.00590
8	0.61150	0.01513	0.01136	0.00996	0.01393	0.12586	0.00801	0.04895	0.01302	0.05260	0.00992	0.01119	0.00764	0.00609	0.00441	0.00188	0.00599	0.00375	0.00406	0.03475
9	0.01549	0.04776	0.08594	0.01685	0.02169	0.05357	0.19380	0.02724	0.39110	0.02303	0.02086	0.02105	0.03711	0.00753	0.00658	0.00208	0.00722	0.00692	0.00495	0.00924
10	0.01315	0.01128	0.01315	0.00940	0.01503	0.00846	0.00752	0.01597	0.01315	0.02067	0.01128	0.01315	0.00940	0.00470	0.00470	0.00094	0.00470	0.00376	0.00376	0.81583
11	0.01810	0.01569	0.02341	0.05687	0.51631	0.03808	0.01723	0.15346	0.01763	0.06230	0.01317	0.01583	0.01038	0.00620	0.00628	0.00189	0.00747	0.00565	0.00400	0.01004
12	0.01102	0.00551	0.00826	0.00826	0.00826	0.00551	0.00551	0.00826	0.00826	0.01102	0.01102	0.01928	0.01102	0.02204	0.02479	0.81543	0.00551	0.00551	0.00275	0.00275
13	0.02846	0.01080	0.01472	0.01129	0.01619	0.00932	0.00932	0.03092	0.01816	0.74187	0.02503	0.02159	0.01570	0.00785	0.00638	0.00196	0.00540	0.00638	0.00785	0.01080
14	0.01602	0.11945	0.25717	0.04706	0.20006	0.03498	0.05736	0.07791	0.06807	0.04355	0.01303	0.01499	0.00995	0.00622	0.00599	0.00190	0.00805	0.00526	0.00358	0.00942
15	0.00831	0.00624	0.00817	0.00962	0.03650	0.00574	0.00625	0.00962	0.01251	0.01667	0.05388	0.58922	0.10952	0.05586	0.00903	0.00261	0.00392	0.01597	0.00564	0.03473
16	0.14196	0.20944	0.06424	0.01884	0.18398	0.17031	0.01331	0.06797	0.03930	0.02085	0.01090	0.01272	0.00895	0.00607	0.00525	0.00173	0.00774	0.00442	0.00348	0.00854
17	0.01602	0.04865	0.10795	0.14469	0.33351	0.05999	0.01715	0.03679	0.01469	0.06917	0.03931	0.01661	0.01153	0.00663	0.00700	0.00196	0.05020	0.00561	0.00355	0.00899
18	0.01482	0.03935	0.10675	0.07243	0.24985	0.03308	0.05137	0.04164	0.10992	0.04373	0.05524	0.02285	0.06591	0.00793	0.00706	0.00203	0.03757	0.02545	0.00420	0.00882
19	0.01700	0.08144	0.09957	0.11205	0.13289	0.20920	0.05891	0.04529	0.07926	0.01918	0.01389	0.01609	0.03187	0.00673	0.00638	0.00186	0.02704	0.00539	0.00356	0.03241

[dist]
# distance from previous block
# <min> <max>
0	12

[block]
# block no. 3 follows, 35 sequences, length 15
# corresponding to MSA columns:
# 331-345
name=unknown_D
#
# <colnr> <probs for GDERKNQSTAVLIFYWHMCP>
#	G	D	E	R	K	N	Q	S	T	A	V	L	I	F	Y	W	H	M	C	P
0	0.04654	0.42565	0.13529	0.01386	0.01983	0.02103	0.07362	0.13775	0.01609	0.04101	0.01108	0.01243	0.00887	0.00596	0.00510	0.00165	0.00743	0.00442	0.00355	0.00884
1	0.08671	0.26349	0.13864	0.01251	0.01772	0.01813	0.01217	0.21918	0.01782	0.02465	0.03641	0.07644	0.03527	0.00791	0.00556	0.00181	0.00663	0.00600	0.00434	0.00861
2	0.01627	0.54415	0.15427	0.01218	0.01829	0.02157	0.01282	0.05563	0.01389	0.01764	0.00982	0.01126	0.00837	0.00558	0.00458	0.00146	0.00706	0.00377	0.00299	0.07838
3	0.04661	0.25972	0.17728	0.01469	0.02020	0.13312	0.04926	0.13519	0.01649	0.02108	0.01170	0.03961	0.00981	0.00681	0.00599	0.00178	0.03358	0.00496	0.00358	0.00855
4	0.01634	0.21715	0.31081	0.01598	0.05547	0.04334	0.04485	0.05929	0.01511	0.08601	0.04715	0.01525	0.01163	0.00640	0.00567	0.00179	0.00782	0.00501	0.00367	0.03125
5	0.00849	0.00660	0.00761	0.00796	0.00935	0.00614	0.00568	0.01102	0.05836	0.01808	0.13057	0.28081	0.30903	0.08230	0.00980	0.00263	0.00377	0.03041	0.00588	0.00554
6	0.00916	0.00658	0.00846	0.00948	0.01029	0.00642	0.00667	0.06317	0.01367	0.01821	0.03336	0.66440	0.03918	0.01877	0.00801	0.00255	0.00409	0.06598	0.00592	0.00563
7	0.01520	0.01447	0.02470	0.24130	0.35123	0.01548	0.11776	0.07881	0.01519	0.02085	0.01204	0.01615	0.00954	0.00616	0.00697	0.00202	0.03396	0.00591	0.00332	0.00893
8	0.06645	0.01407	0.01658	0.01432	0.01662	0.01757	0.01161	0.09593	0.31832	0.02347	0.01656	0.01798	0.01321	0.00935	0.01212	0.00237	0.31389	0.00613	0.00479	0.00866
9	0.01424	0.00946	0.01041	0.00900	0.01154	0.00979	0.00707	0.21174	0.01941	0.02848	0.23356	0.03015	0.06243	0.00953	0.00603	0.00178	0.00412	0.00787	0.30611	0.00728
10	0.58082	0.01381	0.01107	0.05658	0.01500	0.08792	0.00818	0.05788	0.01290	0.02665	0.01040	0.01219	0.00808	0.00620	0.00443	0.00190	0.00574	0.00397	0.06922	0.00707
11	0.01315	0.01442	0.07679	0.01261	0.01408	0.10475	0.01030	0.01461	0.01103	0.01480	0.01346	0.02429	0.01409	0.30891	0.02140	0.00380	0.27501	0.00665	0.00329	0.04254
12	0.00877	0.00650	0.00790	0.00847	0.00944	0.00626	0.00591	0.01115	0.05762	0.01759	0.12102	0.36058	0.14091	0.15134	0.01214	0.00307	0.00418	0.05606	0.00569	0.00540
13	0.01252	0.14016	0.09695	0.03776	0.04875	0.02471	0.02464	0.04019	0.01528	0.04462	0.22731	0.15760	0.06683	0.01107	0.00693	0.00201	0.02104	0.00943	0.00501	0.00720
14	0.01684	0.01632	0.04733	0.06024	0.38637	0.07382	0.01605	0.07022	0.07942	0.04775	0.01339	0.01594	0.01069	0.00655	0.00710	0.00190	0.05728	0.00553	0.00383	0.06343

[dist]
# distance from previous block
# <min> <max>
1	7

[block]
# block no. 4 follows, 35 sequences, length 26
# corresponding to MSA columns:
# 353-378
name=unknown_E
#
# <colnr> <probs for GDERKNQSTAVLIFYWHMCP>
#	G	D	E	R	K	N	Q	S	T	A	V	L	I	F	Y	W	H	M	C	P
0	0.06958	0.01507	0.05131	0.01615	0.11464	0.03348	0.01173	0.21985	0.18610	0.06617	0.04877	0.06214	0.03944	0.00848	0.00632	0.00199	0.00608	0.00696	0.00552	0.03022
1	0.12607	0.05059	0.04571	0.05674	0.24454	0.03637	0.08199	0.12975	0.05068	0.04498	0.06103	0.01730	0.01333	0.00671	0.00606	0.00193	0.00710	0.00584	0.00426	0.00901
2	0.09356	0.08845	0.09755	0.01348	0.04720	0.13524	0.01120	0.10260	0.05135	0.04443	0.03657	0.03618	0.04841	0.08234	0.06561	0.00292	0.02477	0.00618	0.00422	0.00774
3	0.00771	0.00558	0.00730	0.00867	0.00916	0.00517	0.00582	0.00885	0.01230	0.01626	0.03693	0.72516	0.08844	0.01962	0.00806	0.00255	0.00365	0.01772	0.00589	0.00517
4	0.04941	0.01224	0.01698	0.11210	0.10141	0.01168	0.05783	0.05891	0.06039	0.07873	0.01532	0.05370	0.01275	0.00684	0.00585	0.00167	0.00610	0.02353	0.00434	0.31022
5	0.01547	0.01595	0.07647	0.05094	0.47025	0.01433	0.05478	0.06280	0.01511	0.02173	0.01203	0.01522	0.00978	0.00566	0.00609	0.00177	0.00739	0.00539	0.00340	0.13544
6	0.30022	0.16965	0.01904	0.01542	0.12572	0.09457	0.01100	0.10101	0.06925	0.02439	0.01144	0.01281	0.00915	0.00623	0.00497	0.00180	0.00662	0.00438	0.00397	0.00835
7	0.01329	0.01334	0.07543	0.01310	0.05821	0.07869	0.01016	0.01759	0.10545	0.05917	0.09064	0.09499	0.13830	0.09015	0.01107	0.00258	0.09145	0.02430	0.00492	0.00715
8	0.00761	0.00598	0.00689	0.00762	0.00888	0.00525	0.00535	0.00897	0.01331	0.01667	0.04972	0.41445	0.39090	0.01796	0.00780	0.00236	0.00345	0.01570	0.00589	0.00525
9	0.01520	0.20107	0.32754	0.03292	0.04826	0.05980	0.03544	0.05469	0.09127	0.01997	0.01276	0.01453	0.00992	0.00818	0.04043	0.00223	0.00861	0.00490	0.00337	0.00889
10	0.01089	0.00711	0.00843	0.00815	0.00966	0.00674	0.00576	0.04148	0.01348	0.08515	0.07416	0.17331	0.22634	0.22967	0.06775	0.00388	0.00546	0.01149	0.00541	0.00570
11	0.01635	0.01528	0.02523	0.03706	0.68212	0.01543	0.01890	0.07321	0.01563	0.02221	0.01219	0.01566	0.01011	0.00580	0.00629	0.00189	0.00749	0.00566	0.00339	0.01011
12	0.01594	0.01228	0.01851	0.31652	0.19318	0.03769	0.01484	0.01932	0.01457	0.15085	0.06281	0.02120	0.04734	0.00755	0.00706	0.00204	0.03932	0.00646	0.00424	0.00829
13	0.00871	0.00629	0.00822	0.00908	0.00994	0.00605	0.00655	0.01097	0.03670	0.01870	0.18456	0.44707	0.04319	0.06227	0.00943	0.00270	0.00403	0.11401	0.00602	0.00551
14	0.01676	0.01417	0.02133	0.07964	0.44433	0.03340	0.01577	0.04309	0.05283	0.08931	0.01408	0.01659	0.01104	0.00610	0.00607	0.00180	0.00692	0.00557	0.02638	0.09480
15	0.01881	0.33242	0.02505	0.05969	0.07112	0.19392	0.03472	0.06843	0.01567	0.04922	0.01088	0.01257	0.00896	0.00596	0.00517	0.00156	0.00797	0.00430	0.00345	0.07013
16	0.00773	0.00582	0.00716	0.00813	0.00904	0.00525	0.00560	0.00906	0.01307	0.01690	0.07679	0.54118	0.23433	0.01849	0.00790	0.00243	0.00352	0.01643	0.00594	0.00525
17	0.02370	0.03023	0.01798	0.01634	0.01961	0.75158	0.01226	0.02533	0.01798	0.01553	0.00981	0.01144	0.00817	0.00654	0.00572	0.00163	0.01144	0.00409	0.00327	0.00735
18	0.01564	0.04542	0.01891	0.27443	0.13282	0.09192	0.03430	0.08031	0.01545	0.04476	0.04364	0.01784	0.01224	0.00699	0.00672	0.00193	0.04356	0.00575	0.09950	0.00789
19	0.01750	0.12999	0.26127	0.01695	0.04360	0.01495	0.13510	0.05180	0.01556	0.17716	0.03991	0.01857	0.01288	0.00689	0.00623	0.00195	0.00787	0.02829	0.00432	0.00921
20	0.01633	0.01375	0.01450	0.01280	0.01648	0.01573	0.01002	0.10892	0.61494	0.02760	0.02643	0.02447	0.05179	0.00884	0.00649	0.00212	0.00516	0.00730	0.00642	0.00991
21	0.01285	0.01292	0.06501	0.10576	0.08661	0.04385	0.04313	0.06516	0.01293	0.01781	0.01399	0.02052	0.01251	0.07608	0.28418	0.00539	0.10454	0.00626	0.00341	0.00709
22	0.05035	0.01770	0.01594	0.01431	0.05060	0.21695	0.01080	0.18596	0.07917	0.15813	0.03978	0.02224	0.07128	0.00843	0.00630	0.00192	0.00726	0.02847	0.00551	0.00888
23	0.01272	0.03281	0.74418	0.01808	0.02746	0.01473	0.02344	0.02009	0.01339	0.02009	0.01138	0.01339	0.00804	0.00603	0.00603	0.00201	0.00938	0.00469	0.00268	0.00938
24	0.78392	0.01195	0.00923	0.00837	0.01213	0.01381	0.00682	0.01819	0.01086	0.02789	0.01005	0.04585	0.00851	0.00654	0.00412	0.00199	0.00485	0.00412	0.00402	0.00679
25	0.01526	0.01339	0.02809	0.01160	0.03198	0.06480	0.02202	0.08584	0.04883	0.04583	0.06166	0.01707	0.01388	0.00721	0.02470	0.00157	0.00587	0.00501	0.03058	0.46483

[dist]
# distance from previous block
# <min> <max>
0	1

[block]
# block no. 5 follows, 35 sequences, length 51
# corresponding to MSA columns:
# 380-400,405-434
name=unknown_F
#
# <colnr> <probs for GDERKNQSTAVLIFYWHMCP>
#	G	D	E	R	K	N	Q	S	T	A	V	L	I	F	Y	W	H	M	C	P
0	0.00881	0.00659	0.00745	0.00719	0.00918	0.00571	0.00541	0.01090	0.01572	0.04785	0.28618	0.07075	0.46599	0.01480	0.00746	0.00210	0.00323	0.01258	0.00633	0.00577
1	0.02037	0.01870	0.01862	0.01843	0.13501	0.16524	0.01274	0.27640	0.21665	0.02824	0.01652	0.01687	0.01250	0.00735	0.00624	0.00191	0.00743	0.00578	0.00524	0.00977
2	0.05053	0.03097	0.01542	0.01194	0.01616	0.05162	0.00975	0.31466	0.02205	0.23322	0.06303	0.01963	0.01561	0.00782	0.00602	0.00185	0.00593	0.00607	0.10822	0.00950
3	0.00854	0.00658	0.00783	0.00764	0.00932	0.00596	0.00568	0.01129	0.03505	0.02183	0.42514	0.10938	0.29363	0.01449	0.00751	0.00210	0.00318	0.01255	0.00650	0.00581
4	0.01482	0.02409	0.33977	0.06501	0.07148	0.08431	0.21499	0.02028	0.01439	0.04136	0.01299	0.04385	0.01017	0.00646	0.00653	0.00203	0.00944	0.00609	0.00320	0.00874
5	0.00923	0.00615	0.00692	0.00692	0.00692	0.00615	0.00384	0.00923	0.00923	0.01230	0.01999	0.04151	0.02306	0.77705	0.03229	0.00615	0.00615	0.00923	0.00384	0.00384
6	0.01362	0.01357	0.01890	0.01623	0.01632	0.01885	0.01351	0.01501	0.00991	0.01534	0.01063	0.01582	0.03825	0.01131	0.02027	0.00275	0.73404	0.00587	0.00290	0.00687
7	0.01386	0.01265	0.03441	0.01129	0.01698	0.00996	0.06142	0.04827	0.04013	0.02171	0.01210	0.01394	0.00980	0.00505	0.00508	0.00115	0.00539	0.00428	0.00390	0.66862
8	0.01758	0.01574	0.01881	0.04758	0.15592	0.06147	0.04462	0.15270	0.36200	0.02651	0.01914	0.01932	0.01450	0.00751	0.00640	0.00202	0.00664	0.00639	0.00532	0.00983
9	0.02147	0.01534	0.01709	0.01377	0.01810	0.01679	0.01142	0.54556	0.02598	0.06707	0.01823	0.02364	0.01476	0.01158	0.05584	0.00259	0.00742	0.09740	0.00615	0.00979
10	0.01621	0.01338	0.01437	0.03270	0.01680	0.03214	0.01027	0.15226	0.42344	0.02650	0.02377	0.02914	0.01975	0.06030	0.00843	0.00246	0.00580	0.09719	0.00601	0.00907
11	0.01286	0.00730	0.00968	0.00871	0.01083	0.00661	0.00666	0.01562	0.01762	0.17061	0.54438	0.08932	0.04971	0.01238	0.00730	0.00203	0.00353	0.01086	0.00709	0.00691
12	0.11953	0.01174	0.01433	0.01127	0.01589	0.01126	0.00925	0.11016	0.04783	0.51638	0.05090	0.02065	0.01604	0.00783	0.00614	0.00197	0.00541	0.00620	0.00712	0.01011
13	0.00802	0.00579	0.00756	0.00878	0.00941	0.00541	0.00609	0.00937	0.01272	0.01685	0.07407	0.60776	0.08946	0.04280	0.00883	0.00265	0.00386	0.06946	0.00588	0.00522
14	0.01007	0.00679	0.00889	0.00844	0.01014	0.00626	0.00652	0.01297	0.01751	0.06229	0.60393	0.04886	0.08200	0.01325	0.00755	0.00209	0.00340	0.07597	0.00688	0.00620
15	0.09655	0.01128	0.01439	0.01121	0.01599	0.01037	0.00924	0.05391	0.04680	0.62635	0.02331	0.02048	0.01492	0.00770	0.00617	0.00197	0.00540	0.00613	0.00740	0.01042
16	0.82186	0.01227	0.00932	0.00834	0.01227	0.01423	0.00687	0.01865	0.01080	0.02846	0.00883	0.01031	0.00687	0.00589	0.00393	0.00196	0.00491	0.00344	0.00393	0.00687
17	0.01565	0.03530	0.06335	0.06540	0.06868	0.09351	0.08285	0.11394	0.07269	0.05176	0.07066	0.15132	0.02068	0.00996	0.00718	0.00211	0.02721	0.03485	0.00484	0.00806
18	0.06351	0.01828	0.01915	0.06751	0.06184	0.13060	0.03924	0.41063	0.02357	0.08277	0.01422	0.01507	0.01029	0.00709	0.00617	0.00189	0.00772	0.00545	0.00531	0.00968
19	0.79581	0.01206	0.00921	0.00826	0.01211	0.01396	0.00679	0.01852	0.01088	0.02831	0.00921	0.01073	0.00717	0.00594	0.00394	0.00195	0.00484	0.00351	0.02992	0.00684
20	0.00953	0.00700	0.00879	0.00933	0.03640	0.00653	0.00656	0.01242	0.04585	0.04000	0.29921	0.21581	0.20328	0.01469	0.00747	0.00218	0.00362	0.03661	0.02864	0.00609
21	0.01767	0.00845	0.01111	0.00962	0.01258	0.00755	0.00749	0.02036	0.03423	0.34881	0.22258	0.15811	0.09058	0.01195	0.00706	0.00209	0.00427	0.01031	0.00709	0.00808
22	0.02345	0.01744	0.01866	0.01446	0.01942	0.01936	0.01190	0.66188	0.08536	0.03891	0.01608	0.01590	0.01147	0.00769	0.00635	0.00192	0.00682	0.00583	0.00635	0.01073
23	0.00769	0.00595	0.00693	0.00769	0.00882	0.00529	0.00533	0.00897	0.01304	0.01644	0.04721	0.42665	0.34644	0.05195	0.00891	0.00254	0.00358	0.01559	0.00580	0.00518
24	0.00910	0.00637	0.00798	0.00792	0.00846	0.00659	0.00523	0.01012	0.01069	0.01468	0.10695	0.03829	0.04532	0.46665	0.22263	0.00663	0.00861	0.00896	0.00416	0.00464
25	0.02138	0.01533	0.04413	0.01926	0.04915	0.01424	0.29492	0.14952	0.01872	0.28025	0.01753	0.01822	0.01197	0.00667	0.00681	0.00202	0.00800	0.00664	0.00541	0.00983
26	0.00849	0.00647	0.00780	0.00747	0.00918	0.00578	0.00560	0.01103	0.01680	0.02270	0.51316	0.05190	0.28254	0.01399	0.00749	0.00204	0.00307	0.01210	0.00662	0.00578
27	0.10321	0.67866	0.03028	0.01073	0.01594	0.04331	0.01047	0.01913	0.01280	0.01639	0.00885	0.01022	0.00801	0.00551	0.00410	0.00143	0.00671	0.00342	0.00286	0.00798
28	0.82186	0.01227	0.00932	0.00834	0.01227	0.01423	0.00687	0.01865	0.01080	0.02846	0.00883	0.01031	0.00687	0.00589	0.00393	0.00196	0.00491	0.00344	0.00393	0.00687
29	0.01365	0.09480	0.02234	0.16605	0.20238	0.01480	0.10615	0.01829	0.07106	0.01960	0.09688	0.02240	0.06017	0.00777	0.00737	0.00201	0.05541	0.00689	0.00388	0.00812
30	0.03346	0.01778	0.18436	0.08652	0.21436	0.01418	0.07441	0.06972	0.09477	0.02276	0.09001	0.02060	0.03445	0.00728	0.00645	0.00200	0.00733	0.00651	0.00410	0.00894
31	0.02370	0.03023	0.01798	0.01634	0.01961	0.75158	0.01226	0.02533	0.01798	0.01553	0.00981	0.01144	0.00817	0.00654	0.00572	0.00163	0.01144	0.00409	0.00327	0.00735
32	0.01724	0.06734	0.25352	0.01895	0.12336	0.17429	0.01634	0.08638	0.11928	0.02167	0.01342	0.01477	0.01029	0.00653	0.00594	0.00186	0.00843	0.00505	0.00378	0.03156
33	0.01541	0.01478	0.02522	0.09539	0.68330	0.01500	0.01932	0.01921	0.01431	0.02037	0.01188	0.01580	0.00992	0.00571	0.00629	0.00190	0.00761	0.00565	0.00312	0.00981
34	0.00770	0.00562	0.00726	0.00857	0.00913	0.00518	0.00577	0.00886	0.01240	0.01630	0.03821	0.69411	0.11866	0.01945	0.00803	0.00253	0.00363	0.01752	0.00589	0.00518
35	0.01474	0.01380	0.02076	0.01715	0.01833	0.01784	0.09644	0.03462	0.01137	0.05391	0.01080	0.03370	0.00997	0.01142	0.03860	0.00284	0.57693	0.00617	0.00328	0.00735
36	0.02217	0.01885	0.01781	0.01450	0.01895	0.13686	0.01164	0.45136	0.18447	0.03301	0.01674	0.01652	0.01230	0.00766	0.00627	0.00192	0.00726	0.00578	0.00587	0.01007
37	0.00882	0.00671	0.00800	0.00824	0.00976	0.00625	0.00627	0.01127	0.03484	0.01919	0.21363	0.11279	0.28564	0.09705	0.01040	0.00272	0.00406	0.14287	0.00594	0.00556
38	0.05804	0.01311	0.02094	0.21051	0.11938	0.04249	0.16215	0.03635	0.01387	0.05256	0.01437	0.07061	0.01221	0.00807	0.00800	0.03526	0.05059	0.00678	0.05708	0.00764
39	0.00901	0.00649	0.00809	0.00827	0.00865	0.00680	0.00545	0.00977	0.01030	0.01390	0.02449	0.18603	0.06529	0.42350	0.14751	0.00574	0.04117	0.01066	0.00425	0.00464
40	0.01443	0.09961	0.25303	0.02370	0.24963	0.01552	0.08738	0.01909	0.01363	0.01963	0.01128	0.01416	0.00902	0.00586	0.00657	0.00182	0.04295	0.00507	0.00301	0.10460
41	0.01558	0.01591	0.02299	0.22325	0.41248	0.10452	0.03469	0.01912	0.01417	0.01861	0.01133	0.01543	0.00930	0.00623	0.00706	0.00197	0.05008	0.00550	0.00305	0.00873
42	0.01003	0.00727	0.00814	0.00805	0.00844	0.03959	0.00514	0.01029	0.01002	0.01323	0.04723	0.03538	0.02146	0.51387	0.14465	0.09296	0.00793	0.00830	0.00376	0.00426
43	0.01355	0.01225	0.01515	0.04327	0.07475	0.03965	0.03678	0.01637	0.01325	0.01972	0.01191	0.01547	0.01027	0.05601	0.00687	0.00148	0.00569	0.00451	0.00363	0.59940
44	0.00766	0.00637	0.00669	0.00675	0.00870	0.00540	0.00501	0.00936	0.01463	0.01787	0.12639	0.11010	0.62120	0.01604	0.00754	0.00216	0.00323	0.01353	0.00600	0.00540
45	0.01703	0.03768	0.01669	0.07330	0.07748	0.06325	0.01158	0.15393	0.09661	0.08903	0.01883	0.02308	0.04692	0.05319	0.07710	0.00305	0.09336	0.03475	0.00479	0.00832
46	0.01535	0.00948	0.01102	0.01130	0.07801	0.00987	0.00781	0.08717	0.12346	0.08511	0.02050	0.02194	0.01558	0.00747	0.00526	0.00170	0.00428	0.00610	0.47079	0.00780
47	0.07515	0.01124	0.01383	0.01091	0.01532	0.01069	0.00894	0.11064	0.04324	0.50174	0.02235	0.02044	0.01476	0.00767	0.00599	0.00190	0.00525	0.00609	0.10391	0.00994
48	0.01362	0.01289	0.02104	0.34923	0.23300	0.01498	0.04510	0.01800	0.05820	0.01799	0.01204	0.01668	0.00973	0.00748	0.00905	0.03191	0.11215	0.00580	0.00315	0.00798
49	0.00878	0.00614	0.00711	0.00744	0.00788	0.00593	0.00468	0.00935	0.01074	0.01400	0.02936	0.17326	0.12397	0.50060	0.02343	0.00481	0.00530	0.04826	0.00459	0.00439
50	0.01529	0.01127	0.01319	0.01266	0.04416	0.01204	0.00938	0.15071	0.23823	0.07599	0.06057	0.21672	0.04493	0.01208	0.00706	0.00223	0.00508	0.05375	0.00622	0.00841

[dist]
# distance from previous block
# <min> <max>
0	1

[block]
# block no. 6 follows, 35 sequences, length 10
# corresponding to MSA columns:
# 436-445
name=unknown_G
#
# <colnr> <probs for GDERKNQSTAVLIFYWHMCP>
#	G	D	E	R	K	N	Q	S	T	A	V	L	I	F	Y	W	H	M	C	P
0	0.01751	0.38241	0.06229	0.01286	0.05019	0.11271	0.01114	0.10368	0.01576	0.02010	0.01206	0.01372	0.00996	0.00622	0.00483	0.00154	0.00691	0.00437	0.14361	0.00813
1	0.82186	0.01227	0.00932	0.00834	0.01227	0.01423	0.00687	0.01865	0.01080	0.02846	0.00883	0.01031	0.00687	0.00589	0.00393	0.00196	0.00491	0.00344	0.00393	0.00687
2	0.01819	0.02080	0.13259	0.01657	0.07130	0.16609	0.01361	0.13427	0.30971	0.02493	0.01763	0.01767	0.01329	0.00741	0.00621	0.00197	0.00750	0.00581	0.00495	0.00950
3	0.01417	0.02596	0.45906	0.07160	0.11984	0.01526	0.11165	0.06994	0.01487	0.02137	0.01191	0.01454	0.00873	0.00603	0.00629	0.00201	0.00908	0.00531	0.00308	0.00930
4	0.01644	0.00805	0.01037	0.00901	0.01161	0.00719	0.00683	0.01844	0.01581	0.30482	0.20747	0.09707	0.11567	0.12921	0.01091	0.00269	0.00451	0.00988	0.00663	0.00742
5	0.00828	0.00622	0.00748	0.00786	0.00900	0.00581	0.00557	0.00978	0.01309	0.01702	0.12899	0.23558	0.26362	0.14613	0.07454	0.00361	0.00507	0.04170	0.00548	0.00518
6	0.00843	0.00626	0.00731	0.00734	0.00851	0.00573	0.00507	0.00999	0.01393	0.01838	0.25801	0.14266	0.25573	0.20849	0.01385	0.00317	0.00395	0.01233	0.00571	0.00514
7	0.69787	0.01204	0.01017	0.00880	0.01288	0.01346	0.00725	0.02057	0.01195	0.13995	0.01136	0.01207	0.00825	0.00620	0.00431	0.00196	0.00498	0.00390	0.00454	0.00748
8	0.08851	0.01670	0.01756	0.01363	0.01842	0.01851	0.01123	0.62252	0.02741	0.03818	0.01500	0.01527	0.01076	0.00746	0.00605	0.00189	0.00660	0.00554	0.04856	0.01021
9	0.05284	0.01485	0.02377	0.08375	0.16834	0.06223	0.23397	0.03960	0.05325	0.02039	0.03994	0.04235	0.01407	0.03785	0.02536	0.00244	0.04610	0.02700	0.00377	0.00812

[dist]
# distance from previous block
# <min> <max>
0	8

[block]
# block no. 7 follows, 35 sequences, length 21
# corresponding to MSA columns:
# 454-474
name=unknown_H
#
# <colnr> <probs for GDERKNQSTAVLIFYWHMCP>
#	G	D	E	R	K	N	Q	S	T	A	V	L	I	F	Y	W	H	M	C	P
0	0.01435	0.01274	0.01706	0.12610	0.09004	0.05666	0.03014	0.04776	0.03738	0.04224	0.01445	0.06405	0.01283	0.01250	0.07657	0.00293	0.24129	0.00655	0.08697	0.00740
1	0.08644	0.01692	0.01830	0.06009	0.14304	0.13491	0.01274	0.19201	0.01802	0.07024	0.01250	0.01441	0.00968	0.00692	0.00730	0.00185	0.08373	0.00505	0.00433	0.10151
2	0.01269	0.05774	0.01425	0.01161	0.01279	0.01309	0.00914	0.08363	0.01221	0.01744	0.01518	0.04933	0.01516	0.19620	0.17058	0.00484	0.24154	0.00700	0.04930	0.00630
3	0.01077	0.00657	0.00806	0.00789	0.00892	0.00667	0.00548	0.01219	0.01126	0.06422	0.02318	0.06228	0.06692	0.32414	0.20300	0.00563	0.00794	0.00844	0.15111	0.00529
4	0.01213	0.04473	0.03479	0.01270	0.01381	0.01358	0.02702	0.01407	0.01062	0.01620	0.01345	0.02060	0.01272	0.10063	0.18592	0.00456	0.33734	0.00621	0.11259	0.00633
5	0.01423	0.01071	0.01144	0.01001	0.01276	0.03874	0.00787	0.20512	0.04113	0.04046	0.23975	0.06111	0.16167	0.01150	0.00685	0.00199	0.00468	0.03456	0.07802	0.00741
6	0.00937	0.00717	0.01048	0.01031	0.01128	0.00847	0.00795	0.01139	0.01009	0.01456	0.01672	0.02563	0.01600	0.10567	0.64853	0.00942	0.06105	0.00692	0.00340	0.00559
7	0.01886	0.56910	0.02894	0.01240	0.01722	0.23006	0.01125	0.02078	0.01433	0.01509	0.00910	0.01053	0.00815	0.00574	0.00454	0.00144	0.00810	0.00359	0.00287	0.00792
8	0.00840	0.00600	0.00813	0.00959	0.01025	0.00573	0.00705	0.00999	0.01280	0.01694	0.03460	0.58548	0.04050	0.01925	0.00827	0.00267	0.00426	0.19889	0.00588	0.00534
9	0.00957	0.00672	0.00857	0.00927	0.01080	0.00624	0.00734	0.01168	0.01439	0.04941	0.09911	0.23756	0.22305	0.01693	0.00806	0.00251	0.00436	0.26261	0.00605	0.00577
10	0.02037	0.01638	0.09202	0.01808	0.12369	0.01507	0.05727	0.22339	0.13754	0.18321	0.03555	0.01879	0.01401	0.00737	0.00643	0.00198	0.00677	0.00624	0.00568	0.01016
11	0.46198	0.01158	0.01174	0.01062	0.04533	0.01223	0.00817	0.02284	0.03052	0.26112	0.01534	0.01531	0.01073	0.00667	0.00492	0.00194	0.00508	0.00472	0.05085	0.00832
12	0.01539	0.01640	0.09590	0.16185	0.36963	0.03688	0.06589	0.04349	0.04565	0.04274	0.01304	0.01646	0.01026	0.00742	0.03005	0.00223	0.00833	0.00576	0.00345	0.00916
13	0.01949	0.01786	0.10995	0.01543	0.06341	0.05712	0.01279	0.24949	0.20318	0.10210	0.01912	0.01879	0.03249	0.00761	0.00626	0.00194	0.00671	0.00605	0.00556	0.04463
14	0.01368	0.04833	0.01598	0.01427	0.05704	0.07533	0.06685	0.03382	0.17913	0.02034	0.06283	0.11083	0.06080	0.02587	0.06481	0.00281	0.06145	0.03785	0.04042	0.00755
15	0.01280	0.01152	0.01820	0.28680	0.22871	0.01272	0.02811	0.01795	0.09298	0.01947	0.05944	0.09580	0.01713	0.00961	0.03236	0.00235	0.00716	0.00750	0.03150	0.00792
16	0.00975	0.00666	0.00822	0.00821	0.00994	0.00612	0.00614	0.01168	0.01432	0.07631	0.16305	0.20416	0.30291	0.01976	0.10266	0.00324	0.00528	0.02976	0.00592	0.00591
17	0.01404	0.05970	0.02063	0.04234	0.15030	0.06482	0.13658	0.01724	0.01404	0.01908	0.01684	0.05279	0.05340	0.00866	0.03140	0.00200	0.00736	0.04413	0.00373	0.24092
18	0.00902	0.00828	0.05252	0.00949	0.01124	0.00672	0.00726	0.01176	0.05730	0.01758	0.03327	0.54864	0.09472	0.01660	0.00750	0.00233	0.00416	0.01482	0.00553	0.08125
19	0.04449	0.01268	0.01554	0.07934	0.04077	0.01232	0.01019	0.11660	0.01504	0.02267	0.01142	0.01385	0.00931	0.00612	0.00706	0.00147	0.09801	0.00447	0.00391	0.47472
20	0.07417	0.01496	0.05598	0.14203	0.13882	0.01642	0.13375	0.03057	0.01255	0.01895	0.01053	0.01493	0.00879	0.00764	0.01128	0.00226	0.26937	0.00567	0.00309	0.02824

[dist]
# distance from previous block
# <min> <max>
6	28

[block]
# block no. 8 follows, 35 sequences, length 17
# corresponding to MSA columns:
# 506-522
name=unknown_I
#
# <colnr> <probs for GDERKNQSTAVLIFYWHMCP>
#	G	D	E	R	K	N	Q	S	T	A	V	L	I	F	Y	W	H	M	C	P
0	0.01648	0.04641	0.01968	0.11488	0.21708	0.21740	0.03397	0.04589	0.01534	0.01842	0.01741	0.02001	0.09209	0.00879	0.02884	0.00215	0.04976	0.00610	0.02138	0.00792
1	0.00921	0.00622	0.00726	0.00726	0.00738	0.00634	0.00427	0.00944	0.00933	0.01255	0.01968	0.03979	0.02231	0.70105	0.10726	0.00657	0.00728	0.00897	0.00380	0.00403
2	0.01217	0.04940	0.30861	0.05693	0.04540	0.01260	0.09324	0.01790	0.05942	0.01993	0.04902	0.05348	0.12849	0.00857	0.00644	0.00202	0.00720	0.00742	0.05373	0.00803
3	0.00890	0.00681	0.00826	0.00835	0.00991	0.00641	0.00623	0.01218	0.06358	0.02118	0.33449	0.19969	0.21591	0.01514	0.00763	0.00222	0.00351	0.05729	0.00638	0.00593
4	0.02311	0.01698	0.01822	0.01408	0.01881	0.01876	0.01150	0.66850	0.02843	0.03811	0.01555	0.01701	0.01162	0.05965	0.00810	0.00219	0.00692	0.00595	0.00618	0.01032
5	0.01389	0.01217	0.01421	0.03957	0.04464	0.02939	0.00866	0.04180	0.01392	0.02107	0.01141	0.01343	0.00940	0.00495	0.00491	0.00107	0.00522	0.00398	0.00378	0.70252
6	0.01686	0.36914	0.02123	0.01053	0.01423	0.18181	0.00915	0.01909	0.01416	0.01780	0.01277	0.01469	0.01070	0.00629	0.00455	0.00146	0.00662	0.00434	0.25729	0.00726
7	0.56973	0.06030	0.02762	0.00930	0.01309	0.04295	0.00776	0.04495	0.01193	0.02532	0.01044	0.01359	0.00884	0.06035	0.04685	0.00261	0.00619	0.00416	0.00385	0.03017
8	0.01591	0.11448	0.02557	0.16178	0.40887	0.05657	0.06101	0.04616	0.01475	0.01960	0.01148	0.01504	0.00942	0.00585	0.00605	0.00186	0.00799	0.00539	0.00316	0.00905
9	0.00869	0.00630	0.00827	0.00857	0.00951	0.00648	0.00615	0.01031	0.01162	0.01598	0.07191	0.20471	0.11620	0.15169	0.29627	0.00594	0.00904	0.01085	0.03626	0.00524
10	0.00812	0.00630	0.00734	0.00790	0.00932	0.00566	0.00585	0.00976	0.01375	0.01730	0.08617	0.24520	0.37715	0.06402	0.00936	0.00260	0.00387	0.10919	0.00582	0.00531
11	0.02715	0.01051	0.01430	0.01106	0.01574	0.00910	0.00910	0.02964	0.01814	0.69356	0.07285	0.02333	0.01868	0.00820	0.00645	0.00197	0.00524	0.00672	0.00779	0.01047
12	0.01481	0.00935	0.01116	0.00983	0.01253	0.00926	0.00758	0.09679	0.11044	0.15444	0.25878	0.10864	0.11652	0.04081	0.00802	0.00223	0.00435	0.01012	0.00665	0.00769
13	0.04816	0.01023	0.01241	0.01036	0.01372	0.01023	0.03503	0.09232	0.11211	0.20975	0.08919	0.04392	0.04103	0.00860	0.00597	0.00187	0.00470	0.00716	0.21951	0.02372
14	0.74033	0.09013	0.01175	0.00860	0.01268	0.01533	0.00727	0.01868	0.01101	0.02709	0.00883	0.01029	0.00700	0.00584	0.00394	0.00190	0.00510	0.00343	0.00380	0.00700
15	0.09308	0.05178	0.04571	0.28821	0.18845	0.01325	0.01429	0.01709	0.01307	0.03296	0.01373	0.07217	0.01186	0.00709	0.00586	0.00192	0.00682	0.00611	0.05895	0.05759
16	0.01119	0.00798	0.00925	0.04962	0.01141	0.03442	0.00654	0.02611	0.05027	0.03221	0.02279	0.10269	0.06470	0.28067	0.06889	0.11017	0.00640	0.03355	0.06593	0.00520

[dist]
# distance from previous block
# <min> <max>
0	8

[block]
# block no. 9 follows, 35 sequences, length 21
# corresponding to MSA columns:
# 531-551
name=unknown_J
#
# <colnr> <probs for GDERKNQSTAVLIFYWHMCP>
#	G	D	E	R	K	N	Q	S	T	A	V	L	I	F	Y	W	H	M	C	P
0	0.04102	0.07068	0.02042	0.11686	0.15873	0.05746	0.05619	0.12731	0.03175	0.14040	0.06179	0.03527	0.01461	0.00746	0.00672	0.00195	0.03145	0.00626	0.00473	0.00894
1	0.02005	0.01536	0.01646	0.01360	0.01791	0.01725	0.01091	0.33945	0.38420	0.06276	0.02104	0.01980	0.01537	0.00813	0.00640	0.00203	0.00591	0.00648	0.00647	0.01041
2	0.01542	0.01543	0.02332	0.03129	0.50155	0.08678	0.07398	0.01873	0.01445	0.01943	0.01445	0.06904	0.01347	0.04205	0.00771	0.00216	0.00780	0.03057	0.00347	0.00890
3	0.01304	0.08792	0.69181	0.01755	0.02663	0.01550	0.02251	0.02001	0.01336	0.01971	0.01120	0.01316	0.00804	0.00598	0.00588	0.00196	0.00918	0.00459	0.00268	0.00928
4	0.02912	0.00723	0.01101	0.05136	0.01332	0.00706	0.07084	0.01088	0.01252	0.01707	0.08052	0.45228	0.05196	0.04029	0.01013	0.07925	0.00487	0.03969	0.00515	0.00543
5	0.00784	0.00609	0.00713	0.00760	0.00896	0.00539	0.00542	0.00949	0.01417	0.01819	0.16654	0.32880	0.35775	0.01699	0.00772	0.00228	0.00335	0.01483	0.00608	0.00539
6	0.21982	0.05147	0.01667	0.10438	0.01934	0.01474	0.06208	0.08738	0.05543	0.11192	0.01411	0.01719	0.01109	0.05733	0.00912	0.00232	0.09971	0.00553	0.03247	0.00791
7	0.01560	0.01290	0.01363	0.03644	0.01619	0.04966	0.00965	0.10644	0.38993	0.04921	0.06716	0.12582	0.04530	0.01047	0.00676	0.00215	0.00535	0.02239	0.00614	0.00880
8	0.00810	0.00596	0.00750	0.00837	0.00914	0.00566	0.00578	0.00933	0.01212	0.01584	0.03685	0.44715	0.16825	0.11831	0.08195	0.00369	0.00526	0.04026	0.00539	0.00510
9	0.01643	0.01588	0.02712	0.03453	0.54617	0.03908	0.14497	0.03820	0.01516	0.04250	0.01250	0.01598	0.01010	0.00574	0.00649	0.00193	0.00816	0.00596	0.00338	0.00973
10	0.01301	0.01295	0.02220	0.01823	0.02165	0.05489	0.29875	0.01661	0.01446	0.01889	0.02217	0.09370	0.02243	0.01166	0.00879	0.00249	0.05695	0.27869	0.00442	0.00706
11	0.01976	0.07837	0.16402	0.07244	0.06426	0.41644	0.01519	0.06313	0.01682	0.01817	0.01060	0.01261	0.00842	0.00636	0.00578	0.00176	0.01001	0.00446	0.00325	0.00814
12	0.17709	0.12570	0.01693	0.01308	0.05689	0.07257	0.01003	0.11466	0.11828	0.04929	0.01457	0.01679	0.01182	0.03612	0.08617	0.00289	0.03444	0.00526	0.02927	0.00815
13	0.03645	0.06780	0.13925	0.04735	0.16070	0.18347	0.09308	0.03532	0.06780	0.04181	0.03612	0.01608	0.01164	0.00650	0.00606	0.00187	0.00847	0.00548	0.02610	0.00865
14	0.01083	0.00702	0.00819	0.00763	0.00939	0.00682	0.00580	0.05858	0.01697	0.02531	0.41028	0.03817	0.08147	0.01094	0.00639	0.00183	0.00325	0.00935	0.27554	0.00624
15	0.01582	0.01548	0.08373	0.17926	0.10881	0.03130	0.06589	0.08883	0.19997	0.05861	0.01655	0.01844	0.01248	0.00886	0.04189	0.00240	0.00777	0.00610	0.00447	0.03334
16	0.08091	0.04119	0.03894	0.01261	0.01746	0.01489	0.01068	0.30420	0.07205	0.28774	0.04200	0.01857	0.01429	0.00770	0.00614	0.00193	0.00606	0.00597	0.00650	0.01017
17	0.00927	0.00628	0.00790	0.00847	0.00967	0.00572	0.00607	0.01087	0.01377	0.05989	0.12843	0.41206	0.18895	0.04701	0.00878	0.00254	0.00383	0.05880	0.00606	0.00562
18	0.02152	0.01142	0.01308	0.01071	0.01453	0.03487	0.00861	0.11974	0.09924	0.34584	0.04727	0.02314	0.03914	0.00819	0.00603	0.00187	0.00512	0.00659	0.17382	0.00926
19	0.00934	0.00615	0.00722	0.00722	0.00729	0.00622	0.00422	0.00929	0.00922	0.01237	0.01920	0.03897	0.02180	0.68016	0.07754	0.06056	0.00680	0.00882	0.00374	0.00389
20	0.04800	0.07363	0.01722	0.01365	0.01758	0.19763	0.01083	0.17105	0.31523	0.02564	0.01872	0.01830	0.02947	0.00773	0.00601	0.00191	0.00709	0.00584	0.00528	0.00918

[dist]
# distance from previous block
# <min> <max>
0	1

[block]
# block no. 10 follows, 35 sequences, length 67
# corresponding to MSA columns:
# 553-619
name=unknown_K
#
# <colnr> <probs for GDERKNQSTAVLIFYWHMCP>
#	G	D	E	R	K	N	Q	S	T	A	V	L	I	F	Y	W	H	M	C	P
0	0.01731	0.60194	0.03001	0.03183	0.01788	0.09309	0.03385	0.02077	0.07138	0.01613	0.01049	0.01179	0.00911	0.00581	0.00459	0.00149	0.00726	0.00396	0.00309	0.00821
