[name]
unknown

[dist]
# distance from previous block
# <min> <max>
0	127

[block]
# block no. 0 follows, 35 sequences, length 27
# corresponding to MSA columns:
# 142-168
name=unknown_A
#
# <colnr> <probs for GDERKNQSTAVLIFYWHMCP>
#	G	D	E	R	K	N	Q	S	T	A	V	L	I	F	Y	W	H	M	C	P
0	0.46008	0.01328	0.01212	0.01044	0.01445	0.04209	0.00852	0.09951	0.09614	0.13024	0.01498	0.01688	0.01142	0.00724	0.00513	0.00201	0.00551	0.03668	0.00511	0.00820
1	0.01198	0.01128	0.01903	0.76180	0.04369	0.01409	0.01762	0.01621	0.01268	0.01621	0.01128	0.01691	0.00846	0.00634	0.00634	0.00211	0.00846	0.00564	0.00282	0.00705
2	0.01544	0.01491	0.02577	0.08317	0.66816	0.01505	0.04543	0.01930	0.01436	0.02043	0.01193	0.01583	0.00993	0.00568	0.00633	0.00191	0.00771	0.00572	0.00312	0.00981
3	0.00921	0.00622	0.00729	0.00729	0.00742	0.00635	0.00431	0.00947	0.00934	0.01258	0.01965	0.03962	0.02224	0.69369	0.11453	0.00661	0.00739	0.00895	0.00379	0.00405
4	0.01003	0.00615	0.00710	0.00700	0.00790	0.00606	0.00476	0.01158	0.01241	0.01870	0.15811	0.03576	0.05457	0.28182	0.05067	0.04467	0.00488	0.00845	0.26438	0.00501
5	0.00930	0.00642	0.00819	0.00774	0.00924	0.00598	0.00581	0.01229	0.01743	0.02524	0.65260	0.04467	0.05488	0.01233	0.00713	0.00194	0.00299	0.01084	0.09901	0.00598
6	0.73119	0.01210	0.00994	0.00868	0.01272	0.01367	0.00715	0.02005	0.01164	0.10999	0.01068	0.01160	0.00788	0.00611	0.00421	0.00196	0.00496	0.00377	0.00437	0.00732
7	0.82186	0.01227	0.00932	0.00834	0.01227	0.01423	0.00687	0.01865	0.01080	0.02846	0.00883	0.01031	0.00687	0.00589	0.00393	0.00196	0.00491	0.00344	0.00393	0.00687
8	0.02370	0.03023	0.01798	0.01634	0.01961	0.75158	0.01226	0.02533	0.01798	0.01553	0.00981	0.01144	0.00817	0.00654	0.00572	0.00163	0.01144	0.00409	0.00327	0.00735
9	0.01102	0.00551	0.00826	0.00826	0.00826	0.00551	0.00551	0.00826	0.00826	0.01102	0.01102	0.01928	0.01102	0.02204	0.02479	0.81543	0.00551	0.00551	0.00275	0.00275
10	0.01570	0.01507	0.02575	0.03894	0.73748	0.01507	0.01947	0.01947	0.01444	0.02073	0.01193	0.01570	0.01005	0.00565	0.00628	0.00188	0.00754	0.00565	0.00314	0.01005
11	0.01007	0.00719	0.01004	0.01150	0.01290	0.00717	0.00995	0.01287	0.01445	0.01881	0.03368	0.11555	0.03685	0.01767	0.00872	0.00290	0.00571	0.65233	0.00584	0.00580
12	0.02370	0.03023	0.01798	0.01634	0.01961	0.75158	0.01226	0.02533	0.01798	0.01553	0.00981	0.01144	0.00817	0.00654	0.00572	0.00163	0.01144	0.00409	0.00327	0.00735
13	0.69835	0.01218	0.00977	0.00877	0.01256	0.01409	0.00714	0.02022	0.09263	0.02806	0.01123	0.01235	0.00866	0.00626	0.00423	0.00197	0.00484	0.00396	0.03555	0.00720
14	0.01656	0.28830	0.02157	0.01238	0.01635	0.10606	0.03621	0.10054	0.14199	0.02079	0.04779	0.10422	0.04465	0.00875	0.00581	0.00182	0.00655	0.00696	0.00454	0.00816
15	0.01592	0.01543	0.02699	0.03647	0.62063	0.01537	0.10812	0.04553	0.01509	0.02139	0.01217	0.01586	0.01002	0.00569	0.00644	0.00192	0.00792	0.00589	0.00327	0.00989
16	0.01870	0.07733	0.02317	0.02693	0.39279	0.08313	0.03158	0.09345	0.07357	0.09650	0.01431	0.01610	0.01112	0.00637	0.00611	0.00186	0.00743	0.00557	0.00420	0.00977
17	0.08139	0.02319	0.24865	0.01742	0.02377	0.10044	0.13684	0.22609	0.01896	0.04489	0.01274	0.01433	0.00925	0.00647	0.00618	0.00195	0.00868	0.00535	0.00415	0.00926
18	0.00771	0.00643	0.00672	0.00665	0.00870	0.00545	0.00499	0.00952	0.01497	0.01834	0.16141	0.05907	0.63701	0.01562	0.00750	0.00212	0.00318	0.01311	0.00605	0.00545
19	0.04378	0.20235	0.14060	0.01492	0.05239	0.09966	0.03006	0.07549	0.14583	0.09254	0.01544	0.03424	0.01205	0.00702	0.00569	0.00183	0.00728	0.00541	0.00438	0.00905
20	0.08875	0.14009	0.52935	0.01630	0.02438	0.01639	0.04176	0.03858	0.01357	0.02065	0.01092	0.01280	0.00807	0.00595	0.00560	0.00191	0.00856	0.00450	0.00292	0.00897
21	0.00755	0.00624	0.00662	0.00692	0.00870	0.00531	0.00504	0.00905	0.01398	0.01694	0.05820	0.20845	0.59143	0.01685	0.00762	0.00223	0.00331	0.01435	0.00589	0.00531
22	0.01101	0.00658	0.00811	0.00788	0.00954	0.00606	0.00584	0.01343	0.01551	0.09011	0.31316	0.18576	0.11164	0.01302	0.00687	0.00202	0.00337	0.01135	0.17255	0.00620
23	0.01936	0.06048	0.05889	0.02200	0.25696	0.09727	0.04557	0.02432	0.09687	0.19254	0.01664	0.01753	0.01230	0.00669	0.00609	0.00187	0.00716	0.00574	0.04220	0.00952
24	0.01347	0.01281	0.01138	0.01138	0.04538	0.15910	0.00755	0.01743	0.14020	0.01680	0.04959	0.03293	0.08101	0.35369	0.01802	0.00382	0.00671	0.00809	0.00446	0.00616
25	0.00773	0.00552	0.00736	0.00883	0.00920	0.00515	0.00589	0.00883	0.01215	0.01619	0.03497	0.77291	0.04196	0.01987	0.00810	0.00258	0.00368	0.01803	0.00589	0.00515
26	0.01859	0.01604	0.04245	0.02810	0.42567	0.01617	0.01623	0.24634	0.03889	0.04666	0.01396	0.01608	0.01081	0.00649	0.00625	0.00189	0.00716	0.00571	0.02632	0.01018

[dist]
# distance from previous block
# <min> <max>
0	3

[block]
# block no. 1 follows, 35 sequences, length 44
# corresponding to MSA columns:
# 172-215
name=unknown_B
#
# <colnr> <probs for GDERKNQSTAVLIFYWHMCP>
#	G	D	E	R	K	N	Q	S	T	A	V	L	I	F	Y	W	H	M	C	P
0	0.00859	0.07325	0.00956	0.00883	0.00970	0.00694	0.00619	0.00975	0.01219	0.01597	0.03335	0.64526	0.06850	0.04949	0.00871	0.00260	0.00403	0.01619	0.00553	0.00537
1	0.08861	0.56027	0.02816	0.01159	0.01661	0.10274	0.01077	0.08527	0.01485	0.01853	0.00953	0.01080	0.00828	0.00579	0.00445	0.00149	0.00715	0.00369	0.00322	0.00819
2	0.01478	0.01529	0.13704	0.03877	0.01854	0.01065	0.01103	0.05276	0.04549	0.07294	0.01310	0.01449	0.01009	0.00552	0.00526	0.00134	0.00580	0.00441	0.00408	0.51862
3	0.02207	0.12203	0.04738	0.01541	0.01927	0.55304	0.01237	0.08002	0.01791	0.01759	0.01038	0.01204	0.00859	0.00761	0.02642	0.00188	0.01058	0.00423	0.00343	0.00776
4	0.01515	0.01010	0.01193	0.01053	0.01347	0.01048	0.00819	0.02400	0.29993	0.15328	0.32600	0.03336	0.03588	0.01032	0.00688	0.00205	0.00423	0.00885	0.00693	0.00846
5	0.01350	0.15448	0.60155	0.01722	0.02584	0.01648	0.04725	0.01992	0.01337	0.01925	0.01102	0.01301	0.00811	0.00590	0.00576	0.00191	0.00900	0.00458	0.00270	0.00914
6	0.00865	0.00647	0.00803	0.00764	0.00928	0.00585	0.00573	0.01134	0.01719	0.02362	0.58739	0.05038	0.20773	0.01365	0.00749	0.00203	0.00304	0.01189	0.00674	0.00585
7	0.00859	0.00648	0.00800	0.00766	0.00931	0.00589	0.00575	0.01119	0.01675	0.02286	0.53125	0.05014	0.23561	0.01508	0.03535	0.00234	0.00357	0.01180	0.00656	0.00581
8	0.00866	0.00636	0.00812	0.00792	0.00935	0.00581	0.00585	0.01127	0.01686	0.02339	0.57478	0.13952	0.13016	0.01416	0.00756	0.00208	0.00310	0.01250	0.00673	0.00581
9	0.75262	0.01214	0.00980	0.00860	0.01261	0.01380	0.00708	0.01972	0.01144	0.09072	0.01025	0.01129	0.00764	0.00606	0.00414	0.00196	0.00495	0.00369	0.00427	0.00721
10	0.01055	0.00683	0.00824	0.00754	0.00949	0.00624	0.00572	0.01347	0.01611	0.04023	0.43268	0.03737	0.05987	0.01061	0.00634	0.00176	0.00319	0.00914	0.23788	0.07673
11	0.01315	0.01128	0.01315	0.00940	0.01503	0.00846	0.00752	0.01597	0.01315	0.02067	0.01128	0.01315	0.00940	0.00470	0.00470	0.00094	0.00470	0.00376	0.00376	0.81583
12	0.02583	0.01214	0.01515	0.01175	0.01630	0.01162	0.00955	0.19851	0.02031	0.50915	0.02220	0.02164	0.01509	0.07031	0.00848	0.00229	0.00585	0.00645	0.00715	0.01023
13	0.01018	0.00722	0.00828	0.00765	0.01011	0.00611	0.00579	0.01218	0.01506	0.08213	0.17193	0.11739	0.41366	0.01401	0.00717	0.00202	0.00356	0.01190	0.00604	0.08760
14	0.00966	0.00776	0.01051	0.01045	0.01167	0.03842	0.00811	0.01190	0.01051	0.01476	0.01670	0.02437	0.01554	0.04590	0.72132	0.00984	0.01676	0.00669	0.00339	0.00573
15	0.00769	0.00568	0.00720	0.00842	0.00909	0.00519	0.00571	0.00888	0.01254	0.01636	0.03999	0.65071	0.16091	0.01922	0.00799	0.00250	0.00360	0.01724	0.00589	0.00519
16	0.01649	0.09794	0.16380	0.01544	0.02081	0.05697	0.10326	0.11982	0.16199	0.04951	0.01875	0.02199	0.04050	0.00788	0.00636	0.00199	0.00742	0.05495	0.00463	0.02948
17	0.00987	0.00754	0.01105	0.01066	0.01189	0.00839	0.03339	0.03020	0.01120	0.01569	0.01927	0.06407	0.01934	0.14895	0.48051	0.00791	0.03289	0.06767	0.00384	0.00566
18	0.01641	0.00894	0.01139	0.00979	0.01271	0.00850	0.00768	0.02138	0.12026	0.26263	0.39725	0.03543	0.03940	0.01065	0.00697	0.00201	0.00408	0.00917	0.00719	0.00816
19	0.01415	0.01328	0.02279	0.31311	0.34219	0.01424	0.07829	0.01847	0.03170	0.03611	0.01470	0.01861	0.04143	0.00647	0.00647	0.00201	0.00786	0.00620	0.00334	0.00858
20	0.12636	0.06591	0.08141	0.01424	0.01927	0.12796	0.02949	0.35627	0.04049	0.05952	0.01348	0.01408	0.00988	0.00694	0.00580	0.00186	0.00755	0.00505	0.00502	0.00941
21	0.01229	0.01285	0.01438	0.01377	0.05829	0.15403	0.10413	0.01445	0.01470	0.01743	0.05199	0.22818	0.25214	0.01302	0.00723	0.00214	0.00623	0.01146	0.00487	0.00643
22	0.01039	0.00692	0.00963	0.01148	0.07327	0.00648	0.00726	0.01190	0.01310	0.08132	0.06635	0.55209	0.05622	0.05102	0.00882	0.00258	0.00423	0.01507	0.00579	0.00607
23	0.01315	0.01128	0.01315	0.00940	0.01503	0.00846	0.00752	0.01597	0.01315	0.02067	0.01128	0.01315	0.00940	0.00470	0.00470	0.00094	0.00470	0.00376	0.00376	0.81583
24	0.04080	0.05656	0.07442	0.02934	0.08258	0.06165	0.03047	0.27496	0.02020	0.10431	0.01502	0.01602	0.01105	0.00681	0.00581	0.00177	0.00680	0.00535	0.09188	0.06420
25	0.02155	0.02348	0.03944	0.01604	0.04521	0.40011	0.01232	0.21663	0.05278	0.02310	0.01280	0.01445	0.01015	0.01047	0.07108	0.00250	0.01018	0.00499	0.00426	0.00845
26	0.00844	0.00641	0.00760	0.00737	0.00894	0.00575	0.00540	0.01065	0.01584	0.02118	0.41977	0.07342	0.29355	0.07637	0.00952	0.00240	0.00335	0.01216	0.00631	0.00557
27	0.23472	0.03352	0.08882	0.01499	0.01966	0.09998	0.14686	0.09572	0.01546	0.06104	0.03303	0.01683	0.04016	0.00826	0.02914	0.00224	0.04180	0.00563	0.00413	0.00803
28	0.00971	0.00674	0.00840	0.00811	0.00979	0.00617	0.00603	0.01251	0.03441	0.06031	0.44644	0.15513	0.18398	0.01420	0.00749	0.00211	0.00332	0.01243	0.00664	0.00610
29	0.02728	0.01269	0.01589	0.01219	0.01714	0.01213	0.01007	0.21706	0.02133	0.55125	0.02237	0.01986	0.01437	0.00779	0.00637	0.00195	0.00583	0.00620	0.00744	0.01079
30	0.20524	0.01131	0.01363	0.01072	0.01541	0.01069	0.00885	0.04609	0.01682	0.56447	0.02116	0.01891	0.01361	0.00741	0.00583	0.00196	0.00533	0.00571	0.00694	0.00992
31	0.01497	0.01711	0.03743	0.02674	0.03316	0.01604	0.71444	0.02032	0.01497	0.02032	0.01283	0.01711	0.00963	0.00535	0.00749	0.00214	0.01070	0.00749	0.00321	0.00856
32	0.02370	0.03023	0.01798	0.01634	0.01961	0.75158	0.01226	0.02533	0.01798	0.01553	0.00981	0.01144	0.00817	0.00654	0.00572	0.00163	0.01144	0.00409	0.00327	0.00735
33	0.01508	0.00778	0.00845	0.00763	0.00993	0.00783	0.00593	0.05389	0.06830	0.12571	0.02141	0.02294	0.01614	0.00756	0.00496	0.00162	0.00366	0.00606	0.59797	0.00716
34	0.00921	0.00664	0.00969	0.00969	0.01061	0.00756	0.00729	0.01088	0.00996	0.01420	0.01696	0.02651	0.01640	0.13176	0.62049	0.06149	0.01498	0.00700	0.00341	0.00526
35	0.01570	0.01507	0.02575	0.03894	0.73748	0.01507	0.01947	0.01947	0.01444	0.02073	0.01193	0.01570	0.01005	0.00565	0.00628	0.00188	0.00754	0.00565	0.00314	0.01005
36	0.01146	0.00766	0.01052	0.01095	0.07365	0.00709	0.00745	0.01440	0.01751	0.09664	0.56987	0.04264	0.08129	0.01196	0.00727	0.00199	0.00364	0.01054	0.00669	0.00680
37	0.01965	0.08999	0.04415	0.01232	0.05015	0.01194	0.01000	0.08264	0.01630	0.25964	0.01594	0.01595	0.01145	0.00616	0.00546	0.00149	0.00565	0.00488	0.00516	0.33108
38	0.01688	0.01587	0.02376	0.03330	0.57313	0.04776	0.01761	0.08899	0.07820	0.02288	0.01337	0.01616	0.01085	0.00614	0.00628	0.00190	0.00743	0.00572	0.00375	0.01000
39	0.82186	0.01227	0.00932	0.00834	0.01227	0.01423	0.00687	0.01865	0.01080	0.02846	0.00883	0.01031	0.00687	0.00589	0.00393	0.00196	0.00491	0.00344	0.00393	0.00687
40	0.02846	0.01080	0.01472	0.01129	0.01619	0.00932	0.00932	0.03092	0.01816	0.74187	0.02503	0.02159	0.01570	0.00785	0.00638	0.00196	0.00540	0.00638	0.00785	0.01080
41	0.00923	0.00615	0.00692	0.00692	0.00692	0.00615	0.00384	0.00923	0.00923	0.01230	0.01999	0.04151	0.02306	0.77705	0.03229	0.00615	0.00615	0.00923	0.00384	0.00384
42	0.01578	0.01363	0.01434	0.01291	0.01650	0.01578	0.01004	0.03371	0.72602	0.02654	0.02582	0.02367	0.01937	0.00861	0.00646	0.00215	0.00502	0.00717	0.00646	0.01004
43	0.79167	0.01221	0.00953	0.00845	0.01242	0.01404	0.00696	0.01911	0.01108	0.05561	0.00945	0.01073	0.00721	0.00596	0.00402	0.00196	0.00493	0.00355	0.00408	0.00702

[dist]
# distance from previous block
# <min> <max>
0	9

[block]
# block no. 2 follows, 35 sequences, length 26
# corresponding to MSA columns:
# 225-250
name=unknown_C
#
# <colnr> <probs for GDERKNQSTAVLIFYWHMCP>
#	G	D	E	R	K	N	Q	S	T	A	V	L	I	F	Y	W	H	M	C	P
0	0.01030	0.00767	0.01118	0.01208	0.01377	0.00758	0.03893	0.01327	0.01461	0.01896	0.03405	0.06887	0.06537	0.01696	0.00866	0.00286	0.00593	0.63730	0.00574	0.00593
1	0.00766	0.00579	0.00708	0.00811	0.00901	0.00521	0.00557	0.00891	0.01284	0.01648	0.04380	0.55838	0.25079	0.01873	0.00792	0.00245	0.00354	0.01663	0.00589	0.00521
2	0.01347	0.01189	0.01799	0.02517	0.40059	0.03822	0.01351	0.01632	0.01459	0.04542	0.10779	0.20138	0.04614	0.01037	0.00688	0.00206	0.00600	0.00952	0.00452	0.00817
3	0.01696	0.78087	0.03324	0.01085	0.01628	0.02510	0.01085	0.01900	0.01289	0.01493	0.00882	0.01018	0.00814	0.00543	0.00407	0.00136	0.00678	0.00339	0.00271	0.00814
4	0.01310	0.01322	0.01111	0.01041	0.01250	0.19556	0.00779	0.03362	0.04681	0.01990	0.24138	0.09477	0.20031	0.03837	0.00827	0.00215	0.02896	0.00998	0.00542	0.00637
5	0.67852	0.01395	0.01199	0.01113	0.04633	0.06419	0.03491	0.03897	0.01214	0.02726	0.00937	0.01102	0.00732	0.00595	0.00436	0.00194	0.00575	0.00380	0.00389	0.00722
6	0.04231	0.00837	0.01014	0.00888	0.01189	0.00750	0.00694	0.01848	0.04028	0.27990	0.13491	0.10374	0.27626	0.01243	0.00699	0.00209	0.00413	0.01047	0.00670	0.00759
7	0.11510	0.10694	0.07757	0.01429	0.06826	0.21085	0.01141	0.01967	0.01410	0.01942	0.01055	0.01258	0.00873	0.00595	0.00568	0.00155	0.03856	0.00412	0.02992	0.22475
8	0.01102	0.00551	0.00826	0.00826	0.00826	0.00551	0.00551	0.00826	0.00826	0.01102	0.01102	0.01928	0.01102	0.02204	0.02479	0.81543	0.00551	0.00551	0.00275	0.00275
9	0.00898	0.00648	0.00848	0.00798	0.00948	0.00599	0.00599	0.01197	0.01796	0.02544	0.73413	0.04739	0.05986	0.01297	0.00748	0.00200	0.00299	0.01147	0.00698	0.00599
10	0.00750	0.00643	0.00643	0.00643	0.00857	0.00536	0.00482	0.00910	0.01446	0.01714	0.06427	0.06105	0.73490	0.01607	0.00750	0.00214	0.00321	0.01339	0.00589	0.00536
11	0.00771	0.00558	0.00730	0.00867	0.00916	0.00517	0.00582	0.00885	0.01230	0.01626	0.03698	0.72395	0.08962	0.01961	0.00806	0.00255	0.00365	0.01772	0.00589	0.00517
12	0.82186	0.01227	0.00932	0.00834	0.01227	0.01423	0.00687	0.01865	0.01080	0.02846	0.00883	0.01031	0.00687	0.00589	0.00393	0.00196	0.00491	0.00344	0.00393	0.00687
13	0.01388	0.01388	0.01943	0.01666	0.01666	0.01943	0.01388	0.01527	0.00972	0.01527	0.00833	0.01388	0.00833	0.01110	0.02082	0.00278	0.76544	0.00555	0.00278	0.00694
14	0.02412	0.01777	0.01904	0.01460	0.01967	0.01967	0.01206	0.71633	0.02983	0.03998	0.01523	0.01523	0.01079	0.00762	0.00635	0.00190	0.00698	0.00571	0.00635	0.01079
15	0.01272	0.03281	0.74418	0.01808	0.02746	0.01473	0.02344	0.02009	0.01339	0.02009	0.01138	0.01339	0.00804	0.00603	0.00603	0.00201	0.00938	0.00469	0.00268	0.00938
16	0.01198	0.01128	0.01903	0.76180	0.04369	0.01409	0.01762	0.01621	0.01268	0.01621	0.01128	0.01691	0.00846	0.00634	0.00634	0.00211	0.00846	0.00564	0.00282	0.00705
17	0.01198	0.01128	0.01903	0.76180	0.04369	0.01409	0.01762	0.01621	0.01268	0.01621	0.01128	0.01691	0.00846	0.00634	0.00634	0.00211	0.00846	0.00564	0.00282	0.00705
18	0.02166	0.02177	0.02004	0.01666	0.02031	0.36840	0.10595	0.04930	0.05941	0.13975	0.01374	0.01507	0.01041	0.00732	0.00799	0.00194	0.10235	0.00535	0.00427	0.00833
19	0.00820	0.00641	0.00743	0.00726	0.00902	0.00564	0.00542	0.01044	0.01600	0.02099	0.37749	0.08659	0.38682	0.01478	0.00752	0.00209	0.00313	0.01270	0.00640	0.00564
20	0.00923	0.00615	0.00692	0.00692	0.00692	0.00615	0.00384	0.00923	0.00923	0.01230	0.01999	0.04151	0.02306	0.77705	0.03229	0.00615	0.00615	0.00923	0.00384	0.00384
21	0.65956	0.01381	0.01214	0.01307	0.11253	0.06180	0.00895	0.01919	0.01176	0.02657	0.00932	0.01112	0.00739	0.00590	0.00437	0.00193	0.00569	0.00378	0.00378	0.00734
22	0.01272	0.03281	0.74418	0.01808	0.02746	0.01473	0.02344	0.02009	0.01339	0.02009	0.01138	0.01339	0.00804	0.00603	0.00603	0.00201	0.00938	0.00469	0.00268	0.00938
23	0.04257	0.01650	0.01743	0.01536	0.06418	0.05324	0.01160	0.37364	0.25720	0.03226	0.01796	0.01767	0.01330	0.00763	0.00623	0.00195	0.00646	0.00599	0.00589	0.03294
24	0.01696	0.78087	0.03324	0.01085	0.01628	0.02510	0.01085	0.01900	0.01289	0.01493	0.00882	0.01018	0.00814	0.00543	0.00407	0.00136	0.00678	0.00339	0.00271	0.00814
25	0.01393	0.05776	0.62927	0.01698	0.02554	0.01467	0.02123	0.04313	0.01433	0.05818	0.03878	0.01501	0.01044	0.00641	0.00604	0.00198	0.00876	0.00501	0.00323	0.00933

[dist]
# distance from previous block
# <min> <max>
0	2

[block]
# block no. 3 follows, 35 sequences, length 47
# corresponding to MSA columns:
# 253-293,323-328
name=unknown_D
#
# <colnr> <probs for GDERKNQSTAVLIFYWHMCP>
#	G	D	E	R	K	N	Q	S	T	A	V	L	I	F	Y	W	H	M	C	P
0	0.00773	0.00552	0.00736	0.00883	0.00920	0.00515	0.00589	0.00883	0.01215	0.01619	0.03497	0.77291	0.04196	0.01987	0.00810	0.00258	0.00368	0.01803	0.00589	0.00515
1	0.00832	0.00665	0.00747	0.00723	0.00916	0.00590	0.00543	0.01094	0.03574	0.02073	0.33222	0.05452	0.44381	0.01461	0.00746	0.00208	0.00318	0.01245	0.00635	0.00574
2	0.06095	0.01196	0.01518	0.01169	0.01658	0.01117	0.00965	0.13878	0.01969	0.60106	0.02280	0.02011	0.01456	0.00773	0.00627	0.00195	0.00563	0.00615	0.00745	0.01063
3	0.01369	0.20315	0.58229	0.01644	0.02491	0.01709	0.02057	0.01984	0.01328	0.01891	0.01080	0.01266	0.00806	0.00589	0.00558	0.00186	0.00879	0.00439	0.00269	0.00909
4	0.01570	0.01507	0.02575	0.03894	0.73748	0.01507	0.01947	0.01947	0.01444	0.02073	0.01193	0.01570	0.01005	0.00565	0.00628	0.00188	0.00754	0.00565	0.00314	0.01005
5	0.01181	0.00725	0.00942	0.00851	0.01055	0.00666	0.00651	0.01503	0.03466	0.12497	0.59748	0.04366	0.07402	0.01225	0.00730	0.00200	0.00338	0.01072	0.00706	0.00673
6	0.04759	0.01431	0.11318	0.04532	0.06465	0.01140	0.01209	0.09084	0.01756	0.41351	0.04343	0.06438	0.01622	0.00819	0.00638	0.00200	0.00615	0.00677	0.00623	0.00979
7	0.01367	0.01354	0.01779	0.01541	0.01554	0.04628	0.01255	0.01489	0.00998	0.01490	0.00986	0.01728	0.01019	0.10785	0.02168	0.00316	0.63998	0.00596	0.00293	0.00656
8	0.02835	0.01098	0.01483	0.01137	0.01629	0.00959	0.00940	0.04880	0.01846	0.72356	0.02477	0.02143	0.01558	0.00785	0.00638	0.00196	0.00544	0.00636	0.00781	0.01080
9	0.00778	0.00556	0.00741	0.00880	0.00921	0.00519	0.00589	0.00897	0.01241	0.01661	0.06616	0.74054	0.04276	0.01957	0.00807	0.00255	0.00365	0.01774	0.00594	0.00519
10	0.01683	0.08579	0.38118	0.01763	0.09048	0.01420	0.04470	0.04028	0.01490	0.16456	0.01466	0.01579	0.01039	0.00640	0.00593	0.00190	0.00780	0.00522	0.05194	0.00942
11	0.04110	0.02298	0.33773	0.01589	0.02250	0.04805	0.04763	0.12626	0.04869	0.17469	0.01527	0.01586	0.01062	0.00695	0.00674	0.00201	0.03748	0.00540	0.00457	0.00962
12	0.76785	0.01348	0.00991	0.00888	0.01277	0.06413	0.00723	0.01910	0.01128	0.02759	0.00890	0.01038	0.00696	0.00593	0.00405	0.00194	0.00535	0.00348	0.00388	0.00690
13	0.00780	0.00560	0.00741	0.00873	0.00920	0.00521	0.00587	0.00903	0.01254	0.01676	0.07717	0.71432	0.05806	0.01938	0.00805	0.00253	0.00363	0.01754	0.00595	0.00521
14	0.06485	0.01544	0.02230	0.02951	0.46935	0.03926	0.01636	0.12873	0.01628	0.02362	0.01211	0.01523	0.00993	0.00657	0.00746	0.00196	0.07919	0.00548	0.02689	0.00948
15	0.00893	0.00648	0.00841	0.00793	0.00945	0.00596	0.00594	0.01187	0.01783	0.02514	0.71030	0.04787	0.08388	0.01308	0.00748	0.00200	0.00300	0.01154	0.00694	0.00596
16	0.00763	0.00643	0.00661	0.00656	0.00865	0.00541	0.00492	0.00936	0.01477	0.01787	0.12307	0.05985	0.67564	0.01579	0.00750	0.00213	0.00319	0.01322	0.00599	0.00541
17	0.02846	0.01080	0.01472	0.01129	0.01619	0.00932	0.00932	0.03092	0.01816	0.74187	0.02503	0.02159	0.01570	0.00785	0.00638	0.00196	0.00540	0.00638	0.00785	0.01080
18	0.01183	0.00591	0.00591	0.00591	0.00739	0.00591	0.00443	0.01478	0.01330	0.02365	0.02069	0.02365	0.01626	0.00739	0.00443	0.00148	0.00296	0.00591	0.81227	0.00591
19	0.00759	0.00643	0.00655	0.00652	0.00862	0.00539	0.00489	0.00927	0.01467	0.01763	0.10403	0.06024	0.69483	0.01588	0.00750	0.00213	0.00320	0.01327	0.00596	0.00539
20	0.82186	0.01227	0.00932	0.00834	0.01227	0.01423	0.00687	0.01865	0.01080	0.02846	0.00883	0.01031	0.00687	0.00589	0.00393	0.00196	0.00491	0.00344	0.00393	0.00687
21	0.01272	0.03281	0.74418	0.01808	0.02746	0.01473	0.02344	0.02009	0.01339	0.02009	0.01138	0.01339	0.00804	0.00603	0.00603	0.00201	0.00938	0.00469	0.00268	0.00938
22	0.01571	0.01446	0.02074	0.02578	0.35657	0.01546	0.04590	0.02641	0.35939	0.02352	0.01870	0.01963	0.01455	0.00707	0.00642	0.00203	0.00646	0.00647	0.00475	0.00998
23	0.00847	0.00648	0.00905	0.01155	0.07826	0.00611	0.00711	0.00986	0.01250	0.01668	0.03452	0.65881	0.08007	0.01830	0.00789	0.00248	0.00402	0.01658	0.00563	0.00563
24	0.01389	0.12621	0.56783	0.01780	0.02628	0.01604	0.08669	0.02025	0.01360	0.03819	0.01155	0.01355	0.00840	0.00593	0.00592	0.00194	0.00907	0.00483	0.00287	0.00918
25	0.01294	0.03132	0.67713	0.01890	0.02800	0.01486	0.08900	0.02011	0.01354	0.02011	0.01152	0.01375	0.00819	0.00596	0.00617	0.00202	0.00950	0.00495	0.00273	0.00930
26	0.01198	0.01128	0.01903	0.76180	0.04369	0.01409	0.01762	0.01621	0.01268	0.01621	0.01128	0.01691	0.00846	0.00634	0.00634	0.00211	0.00846	0.00564	0.00282	0.00705
27	0.01294	0.03132	0.67713	0.01890	0.02800	0.01486	0.08900	0.02011	0.01354	0.02011	0.01152	0.01375	0.00819	0.00596	0.00617	0.00202	0.00950	0.00495	0.00273	0.00930
28	0.11753	0.01217	0.01450	0.01134	0.01597	0.01190	0.00934	0.17510	0.01952	0.46735	0.02082	0.01906	0.01367	0.00755	0.00598	0.00192	0.00554	0.00587	0.05484	0.01005
29	0.69620	0.01463	0.01136	0.00996	0.01389	0.10442	0.03217	0.01952	0.01182	0.02660	0.00909	0.01068	0.00713	0.00595	0.00427	0.00193	0.00591	0.00366	0.00382	0.00699
30	0.01522	0.01532	0.02833	0.09148	0.49689	0.01526	0.20389	0.01944	0.01445	0.02027	0.01212	0.01617	0.00981	0.00562	0.00661	0.00197	0.00845	0.00614	0.00313	0.00942
31	0.01578	0.01363	0.01434	0.01291	0.01650	0.01578	0.01004	0.03371	0.72602	0.02654	0.02582	0.02367	0.01937	0.00861	0.00646	0.00215	0.00502	0.00717	0.00646	0.01004
32	0.01526	0.02943	0.56771	0.01790	0.02615	0.07355	0.06899	0.02155	0.01432	0.08822	0.01265	0.01427	0.00888	0.00619	0.00614	0.00198	0.00926	0.00499	0.00325	0.00929
33	0.01634	0.05264	0.47175	0.01893	0.09253	0.01415	0.05597	0.02211	0.01449	0.16053	0.01408	0.01529	0.00981	0.00629	0.00613	0.00197	0.00840	0.00521	0.00376	0.00963
34	0.00888	0.00648	0.00834	0.00788	0.00942	0.00594	0.00591	0.01178	0.01772	0.02489	0.68942	0.04830	0.10491	0.01318	0.00748	0.00201	0.00301	0.01160	0.00691	0.00594
35	0.00916	0.00643	0.00812	0.00769	0.00923	0.00594	0.00577	0.01207	0.01731	0.02478	0.62702	0.04596	0.09582	0.01263	0.00720	0.00196	0.00300	0.01106	0.08293	0.00594
36	0.01295	0.00807	0.01166	0.01007	0.01169	0.00791	0.07285	0.01424	0.01142	0.13502	0.01965	0.03312	0.01937	0.45455	0.14511	0.00574	0.00826	0.00818	0.00438	0.00575
37	0.01263	0.01368	0.08832	0.58486	0.07720	0.01412	0.03978	0.03366	0.01335	0.01778	0.01179	0.01671	0.00887	0.00631	0.00628	0.00207	0.00834	0.00562	0.03111	0.00753
38	0.01497	0.01711	0.03743	0.02674	0.03316	0.01604	0.71444	0.02032	0.01497	0.02032	0.01283	0.01711	0.00963	0.00535	0.00749	0.00214	0.01070	0.00749	0.00321	0.00856
39	0.01342	0.01112	0.01243	0.01192	0.01465	0.01241	0.00940	0.02572	0.46849	0.02379	0.06064	0.10625	0.04138	0.01182	0.00714	0.00234	0.00493	0.14740	0.00629	0.00845
40	0.01732	0.01349	0.02236	0.03035	0.51003	0.01320	0.04773	0.02086	0.01495	0.13783	0.01504	0.01758	0.01161	0.00618	0.00615	0.00186	0.00684	0.00588	0.09109	0.00966
41	0.02805	0.01146	0.01513	0.01160	0.01652	0.01031	0.00958	0.09595	0.01926	0.67528	0.02410	0.02099	0.01524	0.00783	0.00638	0.00196	0.00555	0.00632	0.00771	0.01080
42	0.00789	0.00640	0.00706	0.00715	0.00884	0.00578	0.00523	0.00941	0.01323	0.01629	0.05168	0.09821	0.52447	0.09277	0.11355	0.00367	0.00544	0.01236	0.00535	0.00524
43	0.02602	0.01059	0.01418	0.01104	0.01556	0.00937	0.00905	0.05737	0.01862	0.62924	0.10705	0.02433	0.02063	0.00844	0.00651	0.00196	0.00518	0.00694	0.00769	0.01024
44	0.03260	0.36937	0.04052	0.01803	0.17630	0.03784	0.02915	0.10437	0.01571	0.05570	0.01140	0.01301	0.00934	0.00586	0.00514	0.00159	0.00700	0.00448	0.00361	0.05897
45	0.09312	0.01322	0.02022	0.02686	0.42907	0.01321	0.03076	0.02084	0.05669	0.12208	0.05449	0.02083	0.05666	0.00714	0.00624	0.00195	0.00642	0.00643	0.00443	0.00933
46	0.00801	0.00641	0.00716	0.00704	0.00890	0.00556	0.00526	0.01008	0.01558	0.01995	0.29298	0.08154	0.47888	0.01514	0.00751	0.00211	0.00315	0.01290	0.00627	0.00556

[dist]
# distance from previous block
# <min> <max>
1	3

[block]
# block no. 4 follows, 35 sequences, length 92
# corresponding to MSA columns:
# 332-416,418-424
name=unknown_E
#
# <colnr> <probs for GDERKNQSTAVLIFYWHMCP>
#	G	D	E	R	K	N	Q	S	T	A	V	L	I	F	Y	W	H	M	C	P
0	0.01909	0.47677	0.02720	0.01278	0.03681	0.06305	0.01126	0.21282	0.01793	0.02241	0.01119	0.01231	0.00924	0.00618	0.00487	0.00154	0.00697	0.00423	0.03453	0.00880
1	0.01102	0.00551	0.00826	0.00826	0.00826	0.00551	0.00551	0.00826	0.00826	0.01102	0.01102	0.01928	0.01102	0.02204	0.02479	0.81543	0.00551	0.00551	0.00275	0.00275
2	0.01976	0.26400	0.02288	0.01429	0.05622	0.03856	0.01158	0.27620	0.16520	0.04801	0.01529	0.01543	0.01172	0.00698	0.00561	0.00177	0.00661	0.00523	0.00499	0.00965
3	0.02108	0.02527	0.02052	0.02374	0.25446	0.51063	0.01462	0.02341	0.01682	0.01723	0.01050	0.01283	0.00879	0.00625	0.00590	0.00172	0.01016	0.00460	0.00323	0.00824
4	0.00886	0.00648	0.00832	0.00786	0.00941	0.00594	0.00589	0.01175	0.01768	0.02478	0.68130	0.04847	0.11310	0.01321	0.00748	0.00201	0.00301	0.01162	0.00690	0.00594
5	0.00898	0.00648	0.00848	0.00798	0.00948	0.00599	0.00599	0.01197	0.01796	0.02544	0.73413	0.04739	0.05986	0.01297	0.00748	0.00200	0.00299	0.01147	0.00698	0.00599
6	0.00792	0.00613	0.00722	0.00760	0.00899	0.00543	0.00545	0.00967	0.01448	0.01873	0.20858	0.29921	0.34457	0.01664	0.00770	0.00226	0.00332	0.01452	0.00614	0.00543
7	0.02846	0.01080	0.01472	0.01129	0.01619	0.00932	0.00932	0.03092	0.01816	0.74187	0.02503	0.02159	0.01570	0.00785	0.00638	0.00196	0.00540	0.00638	0.00785	0.01080
8	0.00906	0.00680	0.01020	0.01020	0.01133	0.00793	0.00793	0.01133	0.01020	0.01473	0.01699	0.02492	0.01586	0.04758	0.75191	0.01020	0.01699	0.00680	0.00340	0.00566
9	0.01272	0.03281	0.74418	0.01808	0.02746	0.01473	0.02344	0.02009	0.01339	0.02009	0.01138	0.01339	0.00804	0.00603	0.00603	0.00201	0.00938	0.00469	0.00268	0.00938
10	0.01315	0.01128	0.01315	0.00940	0.01503	0.00846	0.00752	0.01597	0.01315	0.02067	0.01128	0.01315	0.00940	0.00470	0.00470	0.00094	0.00470	0.00376	0.00376	0.81583
11	0.00898	0.00648	0.00848	0.00798	0.00948	0.00599	0.00599	0.01197	0.01796	0.02544	0.73413	0.04739	0.05986	0.01297	0.00748	0.00200	0.00299	0.01147	0.00698	0.00599
12	0.01102	0.00551	0.00826	0.00826	0.00826	0.00551	0.00551	0.00826	0.00826	0.01102	0.01102	0.01928	0.01102	0.02204	0.02479	0.81543	0.00551	0.00551	0.00275	0.00275
13	0.02846	0.01080	0.01472	0.01129	0.01619	0.00932	0.00932	0.03092	0.01816	0.74187	0.02503	0.02159	0.01570	0.00785	0.00638	0.00196	0.00540	0.00638	0.00785	0.01080
14	0.00750	0.00643	0.00643	0.00643	0.00857	0.00536	0.00482	0.00910	0.01446	0.01714	0.06427	0.06105	0.73490	0.01607	0.00750	0.00214	0.00321	0.01339	0.00589	0.00536
15	0.82186	0.01227	0.00932	0.00834	0.01227	0.01423	0.00687	0.01865	0.01080	0.02846	0.00883	0.01031	0.00687	0.00589	0.00393	0.00196	0.00491	0.00344	0.00393	0.00687
16	0.01578	0.01363	0.01434	0.01291	0.01650	0.01578	0.01004	0.03371	0.72602	0.02654	0.02582	0.02367	0.01937	0.00861	0.00646	0.00215	0.00502	0.00717	0.00646	0.01004
17	0.82186	0.01227	0.00932	0.00834	0.01227	0.01423	0.00687	0.01865	0.01080	0.02846	0.00883	0.01031	0.00687	0.00589	0.00393	0.00196	0.00491	0.00344	0.00393	0.00687
18	0.01511	0.01475	0.02389	0.06256	0.60635	0.03883	0.03606	0.01868	0.01451	0.02006	0.01634	0.01952	0.07195	0.00659	0.00640	0.00191	0.00741	0.00631	0.00337	0.00940
19	0.01520	0.01302	0.01384	0.01249	0.01590	0.01494	0.00969	0.03185	0.66542	0.02644	0.08644	0.02570	0.02283	0.00898	0.00654	0.00214	0.00485	0.00754	0.00650	0.00969
20	0.02846	0.01080	0.01472	0.01129	0.01619	0.00932	0.00932	0.03092	0.01816	0.74187	0.02503	0.02159	0.01570	0.00785	0.00638	0.00196	0.00540	0.00638	0.00785	0.01080
21	0.01694	0.01420	0.01500	0.01314	0.01694	0.01632	0.01032	0.12854	0.62931	0.02841	0.02435	0.02250	0.01817	0.00847	0.00644	0.00212	0.00529	0.00697	0.00644	0.01015
22	0.01315	0.01128	0.01315	0.00940	0.01503	0.00846	0.00752	0.01597	0.01315	0.02067	0.01128	0.01315	0.00940	0.00470	0.00470	0.00094	0.00470	0.00376	0.00376	0.81583
23	0.01568	0.14336	0.22949	0.02066	0.02762	0.01663	0.35901	0.02084	0.01444	0.07320	0.01270	0.01531	0.00940	0.00573	0.00646	0.00196	0.00931	0.00598	0.00333	0.00888
24	0.01488	0.01775	0.06631	0.02638	0.03292	0.01599	0.68620	0.02031	0.01491	0.02031	0.01277	0.01696	0.00956	0.00538	0.00743	0.00213	0.01064	0.00737	0.00319	0.00859
25	0.02846	0.01080	0.01472	0.01129	0.01619	0.00932	0.00932	0.03092	0.01816	0.74187	0.02503	0.02159	0.01570	0.00785	0.00638	0.00196	0.00540	0.00638	0.00785	0.01080
26	0.01497	0.01711	0.03743	0.02674	0.03316	0.01604	0.71444	0.02032	0.01497	0.02032	0.01283	0.01711	0.00963	0.00535	0.00749	0.00214	0.01070	0.00749	0.00321	0.00856
27	0.01345	0.13846	0.61374	0.01791	0.05488	0.01622	0.02149	0.01991	0.01336	0.01938	0.01104	0.01303	0.00813	0.00593	0.00576	0.00191	0.00893	0.00454	0.00270	0.00923
28	0.01065	0.00685	0.00901	0.00826	0.01005	0.00627	0.00627	0.01359	0.01797	0.08675	0.67344	0.04518	0.05608	0.01253	0.00739	0.00199	0.00320	0.01104	0.00706	0.00640
29	0.01388	0.01388	0.01943	0.01666	0.01666	0.01943	0.01388	0.01527	0.00972	0.01527	0.00833	0.01388	0.00833	0.01110	0.02082	0.00278	0.76544	0.00555	0.00278	0.00694
30	0.02028	0.11511	0.11025	0.01864	0.16636	0.07189	0.05107	0.02368	0.01564	0.27041	0.01644	0.01699	0.01174	0.00660	0.00590	0.00183	0.00711	0.00549	0.05512	0.00943
31	0.01756	0.01254	0.02004	0.02243	0.26913	0.01233	0.09105	0.08035	0.01581	0.18148	0.01809	0.08411	0.01526	0.05106	0.07685	0.00298	0.00784	0.00737	0.00477	0.00897
32	0.00770	0.00563	0.00725	0.00855	0.00913	0.00518	0.00576	0.00887	0.01242	0.01631	0.03845	0.68822	0.12440	0.01942	0.00803	0.00252	0.00362	0.01748	0.00589	0.00518
33	0.01198	0.01128	0.01903	0.76180	0.04369	0.01409	0.01762	0.01621	0.01268	0.01621	0.01128	0.01691	0.00846	0.00634	0.00634	0.00211	0.00846	0.00564	0.00282	0.00705
34	0.01688	0.08064	0.18168	0.04211	0.21254	0.05925	0.11195	0.09606	0.01590	0.05788	0.01235	0.01487	0.00951	0.00640	0.00708	0.00196	0.05466	0.00546	0.00358	0.00924
35	0.01090	0.00559	0.00838	0.00838	0.00845	0.00566	0.00566	0.00845	0.00838	0.01125	0.01138	0.01963	0.01131	0.02359	0.06908	0.76638	0.00621	0.00559	0.00279	0.00293
36	0.00817	0.00587	0.00719	0.00805	0.00861	0.00551	0.00531	0.00910	0.01177	0.01537	0.03519	0.45184	0.13824	0.22266	0.01453	0.00348	0.00434	0.03458	0.00534	0.00485
37	0.02063	0.01390	0.03485	0.01765	0.14910	0.01378	0.03863	0.17504	0.13858	0.23042	0.03717	0.01990	0.01494	0.00749	0.00630	0.00195	0.00615	0.00633	0.05721	0.00998
38	0.01556	0.14254	0.24796	0.02296	0.25214	0.01664	0.03857	0.04053	0.10238	0.04146	0.01347	0.01529	0.01044	0.00620	0.00591	0.00188	0.00769	0.00526	0.00356	0.00953
39	0.02176	0.02746	0.05932	0.01808	0.07872	0.56963	0.01341	0.04599	0.05269	0.01750	0.01099	0.01269	0.00896	0.00670	0.00627	0.00174	0.03220	0.00449	0.00346	0.00792
40	0.00861	0.00644	0.00798	0.00766	0.00927	0.00582	0.00572	0.01122	0.01698	0.02327	0.56046	0.07569	0.20972	0.01390	0.00751	0.00205	0.00307	0.01213	0.00670	0.00582
41	0.02383	0.01964	0.01905	0.01550	0.03836	0.13370	0.01228	0.59041	0.02758	0.03567	0.01430	0.01465	0.01036	0.00740	0.00625	0.00186	0.00769	0.00546	0.00578	0.01023
42	0.01723	0.01635	0.13466	0.01719	0.12299	0.01237	0.06435	0.09883	0.01618	0.13641	0.01412	0.01541	0.01044	0.00592	0.00579	0.00160	0.00666	0.00509	0.00439	0.29400
43	0.01805	0.18274	0.20924	0.01822	0.11431	0.09690	0.05265	0.06786	0.05842	0.10318	0.01350	0.01468	0.01016	0.00634	0.00578	0.00182	0.00801	0.00503	0.00390	0.00923
44	0.00893	0.00648	0.00841	0.00793	0.00945	0.00596	0.00595	0.01187	0.01784	0.02515	0.71082	0.04786	0.08335	0.01308	0.00748	0.00200	0.00300	0.01154	0.00695	0.00596
45	0.04950	0.01364	0.01630	0.01253	0.01748	0.01362	0.01035	0.30575	0.02263	0.43958	0.02063	0.01871	0.01348	0.00770	0.00630	0.00194	0.00602	0.00603	0.00713	0.01068
46	0.03698	0.21053	0.24368	0.01678	0.02325	0.09806	0.14966	0.04291	0.01498	0.08831	0.01222	0.01387	0.00917	0.00603	0.00578	0.00182	0.00865	0.00500	0.00349	0.00881
47	0.02032	0.04133	0.08965	0.01647	0.06030	0.04347	0.03678	0.36571	0.10868	0.06435	0.01538	0.01608	0.01134	0.00760	0.00751	0.00200	0.07211	0.00574	0.00527	0.00992
48	0.00959	0.00756	0.00883	0.00896	0.01061	0.00753	0.00653	0.01462	0.15811	0.02056	0.19680	0.30973	0.18583	0.01525	0.00750	0.00227	0.00370	0.01339	0.00625	0.00637
49	0.01198	0.01128	0.01903	0.76180	0.04369	0.01409	0.01762	0.01621	0.01268	0.01621	0.01128	0.01691	0.00846	0.00634	0.00634	0.00211	0.00846	0.00564	0.00282	0.00705
50	0.00762	0.00643	0.00660	0.00656	0.00865	0.00541	0.00492	0.00935	0.01476	0.01785	0.12160	0.05988	0.67713	0.01580	0.00750	0.00213	0.00319	0.01322	0.00598	0.00541
51	0.01110	0.01107	0.02045	0.01585	0.01963	0.01017	0.31428	0.01458	0.01511	0.01984	0.14396	0.08018	0.24787	0.01118	0.00757	0.00217	0.00656	0.03668	0.00489	0.00686
52	0.00906	0.00680	0.01020	0.01020	0.01133	0.00793	0.00793	0.01133	0.01020	0.01473	0.01699	0.02492	0.01586	0.04758	0.75191	0.01020	0.01699	0.00680	0.00340	0.00566
53	0.82186	0.01227	0.00932	0.00834	0.01227	0.01423	0.00687	0.01865	0.01080	0.02846	0.00883	0.01031	0.00687	0.00589	0.00393	0.00196	0.00491	0.00344	0.00393	0.00687
54	0.82186	0.01227	0.00932	0.00834	0.01227	0.01423	0.00687	0.01865	0.01080	0.02846	0.00883	0.01031	0.00687	0.00589	0.00393	0.00196	0.00491	0.00344	0.00393	0.00687
55	0.02412	0.01777	0.01904	0.01460	0.01967	0.01967	0.01206	0.71633	0.02983	0.03998	0.01523	0.01523	0.01079	0.00762	0.00635	0.00190	0.00698	0.00571	0.00635	0.01079
56	0.00898	0.00648	0.00848	0.00798	0.00948	0.00599	0.00599	0.01197	0.01796	0.02544	0.73413	0.04739	0.05986	0.01297	0.00748	0.00200	0.00299	0.01147	0.00698	0.00599
57	0.01646	0.01505	0.01466	0.01320	0.01676	0.07875	0.01023	0.03299	0.66542	0.02560	0.02445	0.02262	0.01841	0.00843	0.00639	0.00211	0.00557	0.00691	0.00618	0.00981
58	0.20775	0.01141	0.01368	0.01076	0.01545	0.01086	0.00888	0.05615	0.01697	0.55182	0.02096	0.01878	0.01350	0.00740	0.00582	0.00196	0.00535	0.00569	0.00690	0.00991
59	0.22277	0.08552	0.01571	0.01158	0.03946	0.01267	0.00932	0.05437	0.01619	0.44306	0.01863	0.01725	0.01241	0.00705	0.00555	0.00190	0.00555	0.00531	0.00617	0.00955
60	0.02370	0.03023	0.01798	0.01634	0.01961	0.75158	0.01226	0.02533	0.01798	0.01553	0.00981	0.01144	0.00817	0.00654	0.00572	0.00163	0.01144	0.00409	0.00327	0.00735
61	0.02092	0.00858	0.01073	0.00885	0.01221	0.00778	0.00711	0.02361	0.01596	0.41643	0.02306	0.02253	0.01596	0.00764	0.00550	0.00174	0.00429	0.00617	0.37235	0.00858
62	0.01577	0.01478	0.02407	0.15299	0.58073	0.03694	0.01862	0.01951	0.01439	0.04393	0.01220	0.01596	0.00993	0.00586	0.00628	0.00192	0.00773	0.00563	0.00325	0.00951
63	0.01496	0.18826	0.53223	0.01598	0.02414	0.01645	0.01958	0.02079	0.01370	0.08078	0.01201	0.01342	0.00871	0.00606	0.00565	0.00187	0.00849	0.00456	0.00313	0.00924
64	0.00773	0.00552	0.00736	0.00883	0.00920	0.00515	0.00589	0.00883	0.01215	0.01619	0.03497	0.77291	0.04196	0.01987	0.00810	0.00258	0.00368	0.01803	0.00589	0.00515
65	0.11852	0.01156	0.01448	0.01123	0.01604	0.01077	0.00928	0.08818	0.01832	0.60049	0.02234	0.01976	0.01428	0.00761	0.00610	0.00196	0.00548	0.00599	0.00728	0.01035
66	0.01888	0.01429	0.02269	0.05198	0.46994	0.01426	0.03480	0.07713	0.03779	0.17197	0.01533	0.01720	0.01150	0.00637	0.00635	0.00192	0.00708	0.00590	0.00446	0.01013
67	0.01366	0.02160	0.32487	0.02281	0.18526	0.01388	0.14884	0.03865	0.01428	0.02071	0.01443	0.08024	0.01223	0.00712	0.00645	0.00202	0.00829	0.00667	0.04911	0.00886
68	0.06072	0.01599	0.07873	0.02062	0.25748	0.07516	0.01331	0.01928	0.01417	0.06144	0.01202	0.01420	0.00961	0.00553	0.00548	0.00152	0.00666	0.00463	0.00366	0.31978
69	0.01696	0.78087	0.03324	0.01085	0.01628	0.02510	0.01085	0.01900	0.01289	0.01493	0.00882	0.01018	0.00814	0.00543	0.00407	0.00136	0.00678	0.00339	0.00271	0.00814
70	0.00762	0.00643	0.00660	0.00656	0.00865	0.00541	0.00492	0.00935	0.01476	0.01785	0.12160	0.05988	0.67713	0.01580	0.00750	0.00213	0.00319	0.01322	0.00598	0.00541
71	0.01696	0.78087	0.03324	0.01085	0.01628	0.02510	0.01085	0.01900	0.01289	0.01493	0.00882	0.01018	0.00814	0.00543	0.00407	0.00136	0.00678	0.00339	0.00271	0.00814
72	0.82186	0.01227	0.00932	0.00834	0.01227	0.01423	0.00687	0.01865	0.01080	0.02846	0.00883	0.01031	0.00687	0.00589	0.00393	0.00196	0.00491	0.00344	0.00393	0.00687
73	0.00923	0.00615	0.00692	0.00692	0.00692	0.00615	0.00384	0.00923	0.00923	0.01230	0.01999	0.04151	0.02306	0.77705	0.03229	0.00615	0.00615	0.00923	0.00384	0.00384
74	0.00773	0.00552	0.00736	0.00883	0.00920	0.00515	0.00589	0.00883	0.01215	0.01619	0.03497	0.77291	0.04196	0.01987	0.00810	0.00258	0.00368	0.01803	0.00589	0.00515
75	0.00898	0.00648	0.00848	0.00798	0.00948	0.00599	0.00599	0.01197	0.01796	0.02544	0.73413	0.04739	0.05986	0.01297	0.00748	0.00200	0.00299	0.01147	0.00698	0.00599
76	0.82186	0.01227	0.00932	0.00834	0.01227	0.01423	0.00687	0.01865	0.01080	0.02846	0.00883	0.01031	0.00687	0.00589	0.00393	0.00196	0.00491	0.00344	0.00393	0.00687
77	0.82186	0.01227	0.00932	0.00834	0.01227	0.01423	0.00687	0.01865	0.01080	0.02846	0.00883	0.01031	0.00687	0.00589	0.00393	0.00196	0.00491	0.00344	0.00393	0.00687
78	0.02846	0.01080	0.01472	0.01129	0.01619	0.00932	0.00932	0.03092	0.01816	0.74187	0.02503	0.02159	0.01570	0.00785	0.00638	0.00196	0.00540	0.00638	0.00785	0.01080
79	0.02412	0.01777	0.01904	0.01460	0.01967	0.01967	0.01206	0.71633	0.02983	0.03998	0.01523	0.01523	0.01079	0.00762	0.00635	0.00190	0.00698	0.00571	0.00635	0.01079
80	0.00773	0.00552	0.00736	0.00883	0.00920	0.00515	0.00589	0.00883	0.01215	0.01619	0.03497	0.77291	0.04196	0.01987	0.00810	0.00258	0.00368	0.01803	0.00589	0.00515
81	0.01571	0.01495	0.02477	0.03671	0.67577	0.01513	0.01866	0.02069	0.07534	0.02122	0.01312	0.01638	0.01085	0.00591	0.00630	0.00191	0.00732	0.00578	0.00342	0.01005
82	0.01456	0.01138	0.01377	0.01068	0.04259	0.00878	0.00813	0.01739	0.01363	0.08240	0.01248	0.01397	0.00996	0.00500	0.00490	0.00106	0.00487	0.00405	0.00409	0.71631
83	0.01394	0.24713	0.54050	0.01601	0.02426	0.01770	0.01983	0.01978	0.01325	0.01861	0.01065	0.01247	0.00807	0.00586	0.00547	0.00182	0.00863	0.00432	0.00269	0.00902
84	0.00923	0.00615	0.00692	0.00692	0.00692	0.00615	0.00384	0.00923	0.00923	0.01230	0.01999	0.04151	0.02306	0.77705	0.03229	0.00615	0.00615	0.00923	0.00384	0.00384
85	0.01099	0.00696	0.00894	0.00817	0.01012	0.00629	0.00622	0.01376	0.01756	0.10481	0.57496	0.04612	0.13516	0.01276	0.00736	0.00201	0.00329	0.01113	0.00695	0.00645
86	0.01678	0.11968	0.09398	0.02072	0.09276	0.12163	0.25112	0.06380	0.09588	0.02075	0.01463	0.01671	0.02956	0.00641	0.00635	0.00192	0.00880	0.00605	0.00372	0.00877
87	0.00750	0.00643	0.00643	0.00643	0.00857	0.00536	0.00482	0.00910	0.01446	0.01714	0.06427	0.06105	0.73490	0.01607	0.00750	0.00214	0.00321	0.01339	0.00589	0.00536
88	0.00879	0.00642	0.00766	0.00735	0.00903	0.00579	0.00551	0.01137	0.01653	0.02285	0.47650	0.04937	0.25422	0.01340	0.00723	0.00199	0.00305	0.01156	0.07558	0.00579
89	0.02370	0.03023	0.01798	0.01634	0.01961	0.75158	0.01226	0.02533	0.01798	0.01553	0.00981	0.01144	0.00817	0.00654	0.00572	0.00163	0.01144	0.00409	0.00327	0.00735
90	0.02846	0.01080	0.01472	0.01129	0.01619	0.00932	0.00932	0.03092	0.01816	0.74187	0.02503	0.02159	0.01570	0.00785	0.00638	0.00196	0.00540	0.00638	0.00785	0.01080
91	0.01446	0.01363	0.02218	0.27926	0.42115	0.01482	0.01776	0.02001	0.09558	0.01987	0.01331	0.01702	0.01058	0.00622	0.00632	0.00199	0.00756	0.00582	0.00341	0.00904

[dist]
# distance from previous block
# <min> <max>
0	3

# created by:
# /home/cegg/simao/soft/augustus-3.2.1/scripts/msa2prfl.pl ./align_prep/EOG090W0C2X.fa
