[name]
unknown

[dist]
# distance from previous block
# <min> <max>
0	35

[block]
# block no. 0 follows, 31 sequences, length 46
# corresponding to MSA columns:
# 42-87
name=unknown_A
#
# <colnr> <probs for GDERKNQSTAVLIFYWHMCP>
#	G	D	E	R	K	N	Q	S	T	A	V	L	I	F	Y	W	H	M	C	P
0	0.01140	0.00866	0.01320	0.01380	0.01578	0.00857	0.06156	0.01475	0.01578	0.02058	0.03456	0.07281	0.03722	0.01792	0.00935	0.00309	0.00669	0.62166	0.00609	0.00652
1	0.72460	0.01247	0.00983	0.00905	0.01289	0.01433	0.00730	0.01901	0.01179	0.02932	0.01246	0.08862	0.01135	0.00792	0.00470	0.00219	0.00515	0.00534	0.00445	0.00722
2	0.01303	0.00956	0.01234	0.01302	0.01518	0.00994	0.01122	0.08665	0.06857	0.02344	0.03354	0.06701	0.03511	0.01707	0.00899	0.00297	0.00636	0.55240	0.00641	0.00719
3	0.01693	0.01626	0.02777	0.04199	0.71689	0.01626	0.02100	0.02100	0.01558	0.02235	0.01287	0.01693	0.01084	0.00610	0.00677	0.00203	0.00813	0.00610	0.00339	0.01084
4	0.02556	0.03261	0.01939	0.01763	0.02115	0.73210	0.01322	0.02732	0.01939	0.01674	0.01058	0.01234	0.00881	0.00705	0.00617	0.00176	0.01234	0.00441	0.00353	0.00793
5	0.01497	0.01497	0.02095	0.01796	0.01796	0.02095	0.01497	0.01646	0.01048	0.01646	0.00898	0.01497	0.00898	0.01197	0.02245	0.00299	0.74704	0.00599	0.00299	0.00748
6	0.01372	0.03539	0.72412	0.01950	0.02961	0.01589	0.02528	0.02167	0.01444	0.02167	0.01228	0.01444	0.00867	0.00650	0.00650	0.00217	0.01011	0.00506	0.00289	0.01011
7	0.00834	0.00595	0.00794	0.00953	0.00992	0.00556	0.00635	0.00953	0.01310	0.01746	0.03771	0.75510	0.04525	0.02143	0.00873	0.00278	0.00397	0.01945	0.00635	0.00556
8	0.01055	0.00750	0.00933	0.00877	0.01055	0.00723	0.00661	0.01497	0.06968	0.02732	0.59044	0.04654	0.05641	0.01301	0.00764	0.00211	0.00339	0.01140	0.08979	0.00677
9	0.01532	0.01286	0.01479	0.01075	0.01671	0.01044	0.00863	0.07775	0.03734	0.02433	0.01303	0.01474	0.01060	0.00548	0.00528	0.00115	0.00530	0.00435	0.00439	0.70677
10	0.56763	0.01297	0.01167	0.01022	0.01448	0.01443	0.00841	0.04127	0.06503	0.13489	0.01515	0.01771	0.01168	0.00761	0.00519	0.00219	0.00550	0.04036	0.00526	0.00836
11	0.02126	0.01503	0.01904	0.01456	0.01982	0.01486	0.07729	0.27951	0.05930	0.14267	0.04353	0.05361	0.01600	0.00820	0.00671	0.00191	0.00666	0.00692	0.00616	0.18696
12	0.00877	0.00627	0.00844	0.01002	0.01061	0.00593	0.00711	0.01028	0.01353	0.01795	0.03747	0.64525	0.04430	0.02102	0.00885	0.00284	0.00435	0.12500	0.00634	0.00568
13	0.02210	0.00992	0.01316	0.01077	0.01462	0.00882	0.00863	0.02536	0.03778	0.43280	0.26813	0.03474	0.06139	0.01077	0.00734	0.00214	0.00481	0.00912	0.00802	0.00958
14	0.03070	0.01164	0.01588	0.01217	0.01746	0.01006	0.01006	0.03334	0.01958	0.72163	0.02699	0.02329	0.01694	0.00847	0.00688	0.00212	0.00582	0.00688	0.00847	0.01164
15	0.02238	0.01605	0.02426	0.01814	0.02360	0.01608	0.21464	0.27849	0.02331	0.18274	0.09055	0.02214	0.01793	0.00814	0.00735	0.00215	0.00791	0.00754	0.00626	0.01038
16	0.00825	0.00694	0.00716	0.00711	0.00934	0.00585	0.00533	0.01014	0.01599	0.01941	0.13639	0.06431	0.64645	0.01698	0.00808	0.00229	0.00344	0.01422	0.00648	0.00585
17	0.03053	0.01191	0.01605	0.01230	0.01760	0.01046	0.01016	0.05724	0.02004	0.69708	0.02661	0.02304	0.01674	0.00846	0.00688	0.00211	0.00588	0.00685	0.00841	0.01164
18	0.02523	0.03078	0.01955	0.01747	0.02104	0.64315	0.01326	0.08711	0.02023	0.01911	0.01105	0.01280	0.00907	0.00733	0.00680	0.00183	0.03752	0.00462	0.00381	0.00825
19	0.00834	0.00595	0.00794	0.00953	0.00992	0.00556	0.00635	0.00953	0.01310	0.01746	0.03771	0.75510	0.04525	0.02143	0.00873	0.00278	0.00397	0.01945	0.00635	0.00556
20	0.01519	0.01505	0.02653	0.27958	0.29441	0.01660	0.12865	0.01941	0.01443	0.01992	0.01234	0.01741	0.00996	0.00697	0.00881	0.00227	0.09378	0.00640	0.00323	0.00907
21	0.01845	0.01422	0.01898	0.01597	0.01773	0.01793	0.01320	0.10581	0.03248	0.13340	0.01421	0.01792	0.01169	0.01468	0.08656	0.00349	0.44378	0.00633	0.00453	0.00863
22	0.80789	0.01323	0.01006	0.00900	0.01323	0.01535	0.00741	0.02011	0.01164	0.03070	0.00953	0.01111	0.00741	0.00635	0.00423	0.00212	0.00529	0.00370	0.00423	0.00741
23	0.80789	0.01323	0.01006	0.00900	0.01323	0.01535	0.00741	0.02011	0.01164	0.03070	0.00953	0.01111	0.00741	0.00635	0.00423	0.00212	0.00529	0.00370	0.00423	0.00741
24	0.01012	0.00703	0.00915	0.00874	0.01037	0.00645	0.00651	0.01309	0.01866	0.04672	0.60744	0.11588	0.08467	0.01463	0.00810	0.00221	0.00338	0.01294	0.00741	0.00650
25	0.01497	0.01497	0.02095	0.01796	0.01796	0.02095	0.01497	0.01646	0.01048	0.01646	0.00898	0.01497	0.00898	0.01197	0.02245	0.00299	0.74704	0.00599	0.00299	0.00748
26	0.01693	0.01626	0.02777	0.04199	0.71689	0.01626	0.02100	0.02100	0.01558	0.02235	0.01287	0.01693	0.01084	0.00610	0.00677	0.00203	0.00813	0.00610	0.00339	0.01084
27	0.00838	0.00623	0.00782	0.00893	0.00981	0.00567	0.00612	0.00984	0.01407	0.01841	0.09427	0.56257	0.18283	0.02005	0.00855	0.00264	0.00381	0.01790	0.00644	0.00567
28	0.00885	0.00632	0.00853	0.01012	0.01074	0.00600	0.00725	0.01042	0.01361	0.01804	0.03742	0.62434	0.04412	0.02094	0.00887	0.00285	0.00442	0.14509	0.00634	0.00570
29	0.01572	0.01502	0.02558	0.25398	0.51439	0.01594	0.02039	0.01993	0.01500	0.02088	0.01265	0.01733	0.01032	0.00632	0.00679	0.00211	0.00843	0.00609	0.00328	0.00986
30	0.01485	0.21499	0.55439	0.01758	0.02664	0.01865	0.02193	0.02138	0.01431	0.02029	0.01160	0.01359	0.00869	0.00634	0.00598	0.00199	0.00942	0.00471	0.00290	0.00978
31	0.00846	0.00604	0.00808	0.00967	0.01012	0.00567	0.00657	0.00974	0.01322	0.01761	0.03764	0.72330	0.04497	0.02131	0.00877	0.00280	0.00408	0.05001	0.00635	0.00559
32	0.01328	0.00689	0.00694	0.00675	0.00850	0.00697	0.00511	0.04292	0.01506	0.02621	0.02208	0.02514	0.01730	0.00798	0.00486	0.00161	0.00336	0.00637	0.76608	0.00659
33	0.01674	0.01606	0.02743	0.07488	0.68547	0.01621	0.02090	0.02083	0.01549	0.02212	0.01284	0.01699	0.01076	0.00613	0.00678	0.00204	0.00817	0.00609	0.00337	0.01068
34	0.01599	0.01672	0.02075	0.07173	0.02048	0.09947	0.01507	0.01774	0.01170	0.01657	0.00939	0.01492	0.00897	0.01105	0.01949	0.00280	0.61073	0.00582	0.00306	0.00754
35	0.04189	0.01570	0.02361	0.32475	0.36930	0.06891	0.01916	0.02000	0.01496	0.02022	0.01230	0.01693	0.00987	0.00648	0.00667	0.00212	0.00875	0.00589	0.00328	0.00919
36	0.00834	0.00595	0.00794	0.00953	0.00992	0.00556	0.00635	0.00953	0.01310	0.01746	0.03771	0.75510	0.04525	0.02143	0.00873	0.00278	0.00397	0.01945	0.00635	0.00556
37	0.00853	0.00610	0.00811	0.00939	0.00997	0.00569	0.00637	0.01001	0.01400	0.01890	0.13496	0.65375	0.04803	0.02036	0.00864	0.00269	0.00386	0.01843	0.00652	0.00569
38	0.02387	0.01721	0.01876	0.01499	0.01994	0.01894	0.01229	0.48981	0.15456	0.08679	0.02034	0.02185	0.01520	0.00900	0.00701	0.00217	0.00695	0.04218	0.00695	0.01120
39	0.00977	0.00733	0.01100	0.01100	0.01222	0.00855	0.00855	0.01222	0.01100	0.01588	0.01833	0.02688	0.01710	0.05131	0.73245	0.01100	0.01833	0.00733	0.00367	0.00611
40	0.01372	0.03539	0.72412	0.01950	0.02961	0.01589	0.02528	0.02167	0.01444	0.02167	0.01228	0.01444	0.00867	0.00650	0.00650	0.00217	0.01011	0.00506	0.00289	0.01011
41	0.01438	0.01240	0.02027	0.67570	0.04452	0.01516	0.01829	0.04455	0.01471	0.05627	0.01312	0.01844	0.00964	0.00698	0.00684	0.00226	0.00888	0.00613	0.00348	0.00797
42	0.73479	0.01337	0.01056	0.00945	0.01365	0.01550	0.00773	0.02161	0.07569	0.03050	0.01122	0.01245	0.00865	0.00662	0.00449	0.00214	0.00530	0.00408	0.00449	0.00773
43	0.01726	0.01556	0.02601	0.08045	0.60415	0.01550	0.01964	0.02123	0.01560	0.05826	0.01352	0.01720	0.01101	0.00621	0.00669	0.00200	0.00791	0.00603	0.00366	0.05212
44	0.01551	0.01524	0.02519	0.17759	0.26488	0.01741	0.10149	0.02037	0.06508	0.02026	0.01297	0.01753	0.01070	0.00793	0.01093	0.00238	0.19548	0.00643	0.00349	0.00912
45	0.00988	0.00725	0.01062	0.01062	0.01177	0.00836	0.00814	0.01218	0.01103	0.01600	0.01866	0.02804	0.01764	0.09753	0.66350	0.01042	0.01708	0.00748	0.02784	0.00598

[dist]
# distance from previous block
# <min> <max>
0	8

[block]
# block no. 1 follows, 31 sequences, length 45
# corresponding to MSA columns:
# 96-140
name=unknown_B
#
# <colnr> <probs for GDERKNQSTAVLIFYWHMCP>
#	G	D	E	R	K	N	Q	S	T	A	V	L	I	F	Y	W	H	M	C	P
0	0.01809	0.69490	0.03627	0.01329	0.01924	0.02617	0.07449	0.02062	0.01411	0.01663	0.00991	0.01166	0.00893	0.00585	0.00473	0.00154	0.00771	0.00407	0.00298	0.00882
1	0.80789	0.01323	0.01006	0.00900	0.01323	0.01535	0.00741	0.02011	0.01164	0.03070	0.00953	0.01111	0.00741	0.00635	0.00423	0.00212	0.00529	0.00370	0.00423	0.00741
2	0.00979	0.00726	0.01065	0.01065	0.01175	0.00836	0.00812	0.01199	0.01089	0.01562	0.01864	0.02864	0.01787	0.12117	0.66365	0.01056	0.01717	0.00759	0.00371	0.00591
3	0.01292	0.01216	0.02052	0.74312	0.04712	0.01520	0.01900	0.01748	0.01368	0.01748	0.01216	0.01824	0.00912	0.00684	0.00684	0.00228	0.00912	0.00608	0.00304	0.00760
4	0.00834	0.00595	0.00794	0.00953	0.00992	0.00556	0.00635	0.00953	0.01310	0.01746	0.03771	0.75510	0.04525	0.02143	0.00873	0.00278	0.00397	0.01945	0.00635	0.00556
5	0.01702	0.01470	0.01547	0.01392	0.01779	0.01702	0.01083	0.03635	0.70453	0.02862	0.02785	0.02553	0.02088	0.00928	0.00696	0.00232	0.00541	0.00773	0.00696	0.01083
6	0.02556	0.03261	0.01939	0.01763	0.02115	0.73210	0.01322	0.02732	0.01939	0.01674	0.01058	0.01234	0.00881	0.00705	0.00617	0.00176	0.01234	0.00441	0.00353	0.00793
7	0.02280	0.01275	0.01533	0.01292	0.01713	0.01297	0.01038	0.12588	0.20708	0.31997	0.02736	0.10016	0.02151	0.01061	0.00724	0.00229	0.00580	0.04987	0.00747	0.01047
8	0.80789	0.01323	0.01006	0.00900	0.01323	0.01535	0.00741	0.02011	0.01164	0.03070	0.00953	0.01111	0.00741	0.00635	0.00423	0.00212	0.00529	0.00370	0.00423	0.00741
9	0.00977	0.00733	0.01100	0.01100	0.01222	0.00855	0.00855	0.01222	0.01100	0.01588	0.01833	0.02688	0.01710	0.05131	0.73245	0.01100	0.01833	0.00733	0.00367	0.00611
10	0.01829	0.76368	0.03585	0.01171	0.01756	0.02707	0.01171	0.02049	0.01390	0.01610	0.00951	0.01097	0.00878	0.00585	0.00439	0.00146	0.00732	0.00366	0.00293	0.00878
11	0.01004	0.00772	0.01150	0.01135	0.01251	0.00918	0.00888	0.01243	0.01097	0.01591	0.01785	0.02627	0.01669	0.04932	0.69648	0.01059	0.05525	0.00726	0.00363	0.00618
12	0.00834	0.00595	0.00794	0.00953	0.00992	0.00556	0.00635	0.00953	0.01310	0.01746	0.03771	0.75510	0.04525	0.02143	0.00873	0.00278	0.00397	0.01945	0.00635	0.00556
13	0.03070	0.01164	0.01588	0.01217	0.01746	0.01006	0.01006	0.03334	0.01958	0.72163	0.02699	0.02329	0.01694	0.00847	0.00688	0.00212	0.00582	0.00688	0.00847	0.01164
14	0.00834	0.00595	0.00794	0.00953	0.00992	0.00556	0.00635	0.00953	0.01310	0.01746	0.03771	0.75510	0.04525	0.02143	0.00873	0.00278	0.00397	0.01945	0.00635	0.00556
15	0.01711	0.01688	0.02656	0.03798	0.60066	0.05077	0.01991	0.02076	0.01515	0.02138	0.01230	0.01648	0.01052	0.00684	0.00861	0.00213	0.09631	0.00600	0.00335	0.01030
16	0.02167	0.01356	0.01559	0.01284	0.01708	0.01425	0.01030	0.19985	0.22097	0.21583	0.13056	0.02656	0.02411	0.00948	0.00701	0.00215	0.00565	0.00778	0.03437	0.01042
17	0.00834	0.00595	0.00794	0.00953	0.00992	0.00556	0.00635	0.00953	0.01310	0.01746	0.03771	0.75510	0.04525	0.02143	0.00873	0.00278	0.00397	0.01945	0.00635	0.00556
18	0.01975	0.01409	0.01555	0.01357	0.01773	0.01562	0.01067	0.03575	0.56757	0.16719	0.02767	0.02508	0.02009	0.00912	0.00695	0.00228	0.00550	0.00756	0.00726	0.01099
19	0.01797	0.01460	0.01897	0.01974	0.15467	0.07184	0.07209	0.14807	0.04210	0.08924	0.02271	0.23127	0.02183	0.01136	0.00738	0.00226	0.00701	0.01014	0.02771	0.00903
20	0.01343	0.01268	0.02145	0.65361	0.13263	0.01533	0.01925	0.01793	0.01392	0.01810	0.01225	0.01807	0.00934	0.00674	0.00683	0.00225	0.00899	0.00608	0.00308	0.00801
21	0.56272	0.07938	0.03980	0.01324	0.07251	0.09557	0.01015	0.02107	0.01311	0.02693	0.01001	0.01183	0.00800	0.00637	0.00475	0.00202	0.00664	0.00402	0.00393	0.00796
22	0.01765	0.01200	0.01379	0.01175	0.01518	0.01244	0.00925	0.21269	0.11748	0.11453	0.21563	0.10055	0.09389	0.01200	0.00748	0.00221	0.00516	0.01012	0.00715	0.00903
23	0.00883	0.00691	0.00799	0.00782	0.00972	0.00607	0.00583	0.01121	0.01719	0.02251	0.36128	0.09259	0.38558	0.01600	0.00811	0.00226	0.00338	0.01374	0.00689	0.00607
24	0.07199	0.08287	0.01789	0.01292	0.01725	0.01568	0.01073	0.21107	0.06390	0.23192	0.04279	0.02055	0.01560	0.01251	0.07634	0.00293	0.04555	0.00640	0.03113	0.00998
25	0.07394	0.05712	0.02067	0.01512	0.02053	0.02115	0.01259	0.61774	0.02996	0.04096	0.01564	0.01582	0.01123	0.00798	0.00656	0.00203	0.00738	0.00588	0.00648	0.01123
26	0.00995	0.00663	0.00746	0.00746	0.00746	0.00663	0.00415	0.00995	0.00995	0.01327	0.02156	0.04477	0.02487	0.75957	0.03482	0.00663	0.00663	0.00995	0.00415	0.00415
27	0.80789	0.01323	0.01006	0.00900	0.01323	0.01535	0.00741	0.02011	0.01164	0.03070	0.00953	0.01111	0.00741	0.00635	0.00423	0.00212	0.00529	0.00370	0.00423	0.00741
28	0.02418	0.03012	0.01870	0.01704	0.02047	0.64734	0.01282	0.02716	0.06505	0.01750	0.01213	0.01396	0.01004	0.00944	0.04302	0.00227	0.01218	0.00478	0.00376	0.00803
29	0.01603	0.01926	0.07280	0.02839	0.03546	0.01723	0.66041	0.02190	0.01607	0.02190	0.01377	0.01826	0.01030	0.00580	0.00800	0.00230	0.01147	0.00793	0.00343	0.00927
30	0.00809	0.00693	0.00693	0.00693	0.00924	0.00578	0.00520	0.00982	0.01559	0.01848	0.06931	0.06584	0.71411	0.01733	0.00809	0.00231	0.00347	0.01444	0.00635	0.00578
31	0.80789	0.01323	0.01006	0.00900	0.01323	0.01535	0.00741	0.02011	0.01164	0.03070	0.00953	0.01111	0.00741	0.00635	0.00423	0.00212	0.00529	0.00370	0.00423	0.00741
32	0.00990	0.00738	0.00924	0.00871	0.01051	0.00693	0.00655	0.01380	0.05425	0.02658	0.61220	0.05129	0.12867	0.01409	0.00801	0.00218	0.00336	0.01234	0.00738	0.00661
33	0.80789	0.01323	0.01006	0.00900	0.01323	0.01535	0.00741	0.02011	0.01164	0.03070	0.00953	0.01111	0.00741	0.00635	0.00423	0.00212	0.00529	0.00370	0.00423	0.00741
34	0.01693	0.01626	0.02777	0.04199	0.71689	0.01626	0.02100	0.02100	0.01558	0.02235	0.01287	0.01693	0.01084	0.00610	0.00677	0.00203	0.00813	0.00610	0.00339	0.01084
35	0.01372	0.03539	0.72412	0.01950	0.02961	0.01589	0.02528	0.02167	0.01444	0.02167	0.01228	0.01444	0.00867	0.00650	0.00650	0.00217	0.01011	0.00506	0.00289	0.01011
36	0.02601	0.01916	0.02053	0.01574	0.02122	0.02122	0.01300	0.69408	0.03217	0.04312	0.01643	0.01643	0.01163	0.00821	0.00684	0.00205	0.00753	0.00616	0.00684	0.01163
37	0.02556	0.03261	0.01939	0.01763	0.02115	0.73210	0.01322	0.02732	0.01939	0.01674	0.01058	0.01234	0.00881	0.00705	0.00617	0.00176	0.01234	0.00441	0.00353	0.00793
38	0.00809	0.00693	0.00693	0.00693	0.00924	0.00578	0.00520	0.00982	0.01559	0.01848	0.06931	0.06584	0.71411	0.01733	0.00809	0.00231	0.00347	0.01444	0.00635	0.00578
39	0.00979	0.00727	0.01069	0.01069	0.01181	0.00839	0.00817	0.01202	0.01091	0.01566	0.01860	0.02841	0.01777	0.11191	0.67276	0.01062	0.01732	0.00755	0.00371	0.00594
40	0.01069	0.00839	0.00984	0.00923	0.01140	0.00824	0.00699	0.01655	0.14378	0.02579	0.45421	0.04949	0.19156	0.01382	0.00787	0.00222	0.00368	0.01195	0.00718	0.00711
41	0.00968	0.00699	0.00914	0.00861	0.01022	0.00646	0.00646	0.01291	0.01937	0.02743	0.71328	0.05110	0.06455	0.01399	0.00807	0.00215	0.00323	0.01237	0.00753	0.00646
42	0.05227	0.01228	0.01647	0.01285	0.01773	0.01138	0.03972	0.10645	0.02028	0.51087	0.06760	0.06128	0.02013	0.00926	0.00701	0.00215	0.00600	0.00773	0.00776	0.01077
43	0.02030	0.47991	0.03027	0.01624	0.08316	0.23321	0.01301	0.02254	0.01567	0.01686	0.01013	0.01192	0.00898	0.00623	0.00513	0.00160	0.00887	0.00410	0.00314	0.00872
44	0.01475	0.08834	0.47566	0.01867	0.05629	0.05049	0.04344	0.02090	0.01467	0.02094	0.01293	0.04031	0.01029	0.00679	0.00630	0.00198	0.00917	0.00545	0.00322	0.09940

[dist]
# distance from previous block
# <min> <max>
0	1

[block]
# block no. 2 follows, 31 sequences, length 85
# corresponding to MSA columns:
# 142-222,234-237
name=unknown_C
#
# <colnr> <probs for GDERKNQSTAVLIFYWHMCP>
#	G	D	E	R	K	N	Q	S	T	A	V	L	I	F	Y	W	H	M	C	P
0	0.01540	0.28133	0.39969	0.06205	0.02699	0.01976	0.06534	0.02102	0.01433	0.01952	0.01143	0.01377	0.00885	0.00625	0.00591	0.00194	0.00919	0.00485	0.00295	0.00944
1	0.46308	0.04398	0.05644	0.09135	0.05064	0.01582	0.04642	0.01936	0.01291	0.02613	0.05365	0.01545	0.01166	0.00723	0.00652	0.00218	0.06028	0.00507	0.00401	0.00783
2	0.01844	0.07369	0.19731	0.02003	0.11048	0.22674	0.03686	0.02572	0.15461	0.02124	0.01679	0.01801	0.03550	0.00747	0.00649	0.00203	0.00921	0.00585	0.00409	0.00945
3	0.01512	0.01625	0.12857	0.01386	0.01971	0.01203	0.06815	0.03789	0.03312	0.05124	0.01404	0.01653	0.01115	0.00864	0.04447	0.00208	0.05282	0.00521	0.03941	0.40972
4	0.00898	0.00677	0.00878	0.04398	0.01170	0.00658	0.00688	0.01067	0.01372	0.01805	0.09619	0.37522	0.16941	0.08909	0.08005	0.00376	0.00573	0.03289	0.00583	0.00572
5	0.01256	0.00641	0.00655	0.00651	0.00811	0.00638	0.00489	0.01575	0.01466	0.02562	0.06488	0.02708	0.02043	0.00834	0.00498	0.00163	0.00319	0.00675	0.74888	0.00638
6	0.00834	0.00595	0.00794	0.00953	0.00992	0.00556	0.00635	0.00953	0.01310	0.01746	0.03771	0.75510	0.04525	0.02143	0.00873	0.00278	0.00397	0.01945	0.00635	0.00556
7	0.01693	0.01626	0.02777	0.04199	0.71689	0.01626	0.02100	0.02100	0.01558	0.02235	0.01287	0.01693	0.01084	0.00610	0.00677	0.00203	0.00813	0.00610	0.00339	0.01084
8	0.00844	0.00603	0.00806	0.00965	0.01009	0.00565	0.00653	0.00971	0.01320	0.01758	0.03765	0.72850	0.04502	0.02133	0.00876	0.00279	0.00406	0.04500	0.00635	0.00559
9	0.01497	0.01497	0.02095	0.01796	0.01796	0.02095	0.01497	0.01646	0.01048	0.01646	0.00898	0.01497	0.00898	0.01197	0.02245	0.00299	0.74704	0.00599	0.00299	0.00748
10	0.01292	0.01216	0.02052	0.74312	0.04712	0.01520	0.01900	0.01748	0.01368	0.01748	0.01216	0.01824	0.00912	0.00684	0.00684	0.00228	0.00912	0.00608	0.00304	0.00760
11	0.00834	0.00595	0.00794	0.00953	0.00992	0.00556	0.00635	0.00953	0.01310	0.01746	0.03771	0.75510	0.04525	0.02143	0.00873	0.00278	0.00397	0.01945	0.00635	0.00556
12	0.80789	0.01323	0.01006	0.00900	0.01323	0.01535	0.00741	0.02011	0.01164	0.03070	0.00953	0.01111	0.00741	0.00635	0.00423	0.00212	0.00529	0.00370	0.00423	0.00741
13	0.01292	0.01216	0.02052	0.74312	0.04712	0.01520	0.01900	0.01748	0.01368	0.01748	0.01216	0.01824	0.00912	0.00684	0.00684	0.00228	0.00912	0.00608	0.00304	0.00760
14	0.01498	0.01269	0.01365	0.01241	0.01575	0.01422	0.00959	0.03002	0.52632	0.02758	0.15353	0.03336	0.08497	0.01077	0.00725	0.00229	0.00487	0.00911	0.00701	0.00964
15	0.01275	0.00638	0.00638	0.00638	0.00797	0.00638	0.00478	0.01594	0.01435	0.02551	0.02232	0.02551	0.01754	0.00797	0.00478	0.00159	0.00319	0.00638	0.79755	0.00638
16	0.00995	0.00663	0.00746	0.00746	0.00746	0.00663	0.00415	0.00995	0.00995	0.01327	0.02156	0.04477	0.02487	0.75957	0.03482	0.00663	0.00663	0.00995	0.00415	0.00415
17	0.01292	0.01216	0.02052	0.74312	0.04712	0.01520	0.01900	0.01748	0.01368	0.01748	0.01216	0.01824	0.00912	0.00684	0.00684	0.00228	0.00912	0.00608	0.00304	0.00760
18	0.02450	0.03072	0.02002	0.04529	0.07104	0.65608	0.01397	0.02652	0.01892	0.01716	0.01079	0.01287	0.00897	0.00698	0.00624	0.00180	0.01193	0.00459	0.00350	0.00812
19	0.00873	0.00685	0.00789	0.00786	0.00969	0.00601	0.00581	0.01097	0.01676	0.02180	0.31281	0.13640	0.39102	0.01650	0.00815	0.00230	0.00343	0.01420	0.00680	0.00601
20	0.01648	0.01569	0.02615	0.12076	0.59526	0.01618	0.02012	0.02157	0.05938	0.02219	0.01374	0.01763	0.01128	0.00638	0.00679	0.00208	0.00807	0.00620	0.00358	0.01046
21	0.05882	0.08437	0.30786	0.01748	0.05902	0.09787	0.01743	0.13645	0.04516	0.04273	0.01696	0.01805	0.05339	0.00760	0.00638	0.00205	0.00865	0.00577	0.00425	0.00972
22	0.01738	0.01710	0.02734	0.04073	0.68084	0.05335	0.02059	0.02132	0.01578	0.02206	0.01275	0.01669	0.01073	0.00615	0.00674	0.00202	0.00835	0.00601	0.00339	0.01069
23	0.01292	0.01216	0.02052	0.74312	0.04712	0.01520	0.01900	0.01748	0.01368	0.01748	0.01216	0.01824	0.00912	0.00684	0.00684	0.00228	0.00912	0.00608	0.00304	0.00760
24	0.01829	0.76368	0.03585	0.01171	0.01756	0.02707	0.01171	0.02049	0.01390	0.01610	0.00951	0.01097	0.00878	0.00585	0.00439	0.00146	0.00732	0.00366	0.00293	0.00878
25	0.00977	0.00733	0.01100	0.01100	0.01222	0.00855	0.00855	0.01222	0.01100	0.01588	0.01833	0.02688	0.01710	0.05131	0.73245	0.01100	0.01833	0.00733	0.00367	0.00611
26	0.01470	0.01457	0.02044	0.01760	0.01766	0.02031	0.01464	0.01624	0.01050	0.01643	0.00946	0.01558	0.00940	0.01401	0.05924	0.00341	0.70928	0.00606	0.00303	0.00741
27	0.26710	0.01512	0.02390	0.02192	0.15207	0.01513	0.22388	0.02333	0.01528	0.15680	0.01479	0.01678	0.01077	0.00652	0.00640	0.00216	0.00787	0.00611	0.00463	0.00941
28	0.01494	0.01471	0.02192	0.13855	0.12895	0.01931	0.01653	0.01732	0.01177	0.01752	0.01008	0.01579	0.00929	0.01025	0.01755	0.00273	0.51569	0.00602	0.00306	0.00801
29	0.01292	0.01216	0.02052	0.74312	0.04712	0.01520	0.01900	0.01748	0.01368	0.01748	0.01216	0.01824	0.00912	0.00684	0.00684	0.00228	0.00912	0.00608	0.00304	0.00760
30	0.01724	0.01809	0.02284	0.11830	0.29982	0.15199	0.01724	0.02024	0.01461	0.01896	0.01167	0.01623	0.01009	0.00994	0.04505	0.00267	0.18708	0.00581	0.00329	0.00885
31	0.01980	0.01526	0.02158	0.09062	0.26362	0.01653	0.01569	0.15651	0.08943	0.11982	0.03866	0.01957	0.01420	0.00804	0.00837	0.00220	0.07802	0.00657	0.00518	0.01035
32	0.02494	0.01114	0.01479	0.01230	0.01677	0.01010	0.01022	0.02898	0.07073	0.49580	0.02822	0.03385	0.02143	0.01047	0.00732	0.00229	0.00585	0.14008	0.00771	0.04700
33	0.05830	0.01892	0.02010	0.01546	0.02089	0.02097	0.01277	0.66624	0.03132	0.04260	0.01614	0.01621	0.01146	0.00814	0.00674	0.00206	0.00744	0.00606	0.00674	0.01146
34	0.01188	0.00594	0.00891	0.00891	0.00891	0.00594	0.00594	0.00891	0.00891	0.01188	0.01188	0.02080	0.01188	0.02377	0.02674	0.80095	0.00594	0.00594	0.00297	0.00297
35	0.00831	0.00606	0.00783	0.00924	0.00985	0.00558	0.00622	0.00956	0.01338	0.01758	0.04124	0.67800	0.12007	0.02097	0.00866	0.00273	0.00391	0.01889	0.00635	0.00558
36	0.00977	0.00733	0.01100	0.01100	0.01222	0.00855	0.00855	0.01222	0.01100	0.01588	0.01833	0.02688	0.01710	0.05131	0.73245	0.01100	0.01833	0.00733	0.00367	0.00611
37	0.00850	0.00607	0.00813	0.00972	0.01018	0.00570	0.00664	0.00981	0.01326	0.01765	0.03762	0.71334	0.04489	0.02128	0.00878	0.00280	0.00411	0.05957	0.00635	0.00560
38	0.02601	0.01916	0.02053	0.01574	0.02122	0.02122	0.01300	0.69408	0.03217	0.04312	0.01643	0.01643	0.01163	0.00821	0.00684	0.00205	0.00753	0.00616	0.00684	0.01163
39	0.01311	0.01235	0.02085	0.71073	0.07807	0.01525	0.01909	0.01764	0.01377	0.01770	0.01219	0.01818	0.00920	0.00681	0.00684	0.00227	0.00907	0.00608	0.00306	0.00775
40	0.00824	0.00694	0.00714	0.00709	0.00933	0.00584	0.00532	0.01011	0.01595	0.01934	0.13089	0.06443	0.65200	0.01701	0.00808	0.00230	0.00344	0.01424	0.00647	0.00584
41	0.02601	0.01916	0.02053	0.01574	0.02122	0.02122	0.01300	0.69408	0.03217	0.04312	0.01643	0.01643	0.01163	0.00821	0.00684	0.00205	0.00753	0.00616	0.00684	0.01163
42	0.03070	0.01164	0.01588	0.01217	0.01746	0.01006	0.01006	0.03334	0.01958	0.72163	0.02699	0.02329	0.01694	0.00847	0.00688	0.00212	0.00582	0.00688	0.00847	0.01164
43	0.01877	0.01392	0.01532	0.01360	0.01757	0.01554	0.01072	0.03485	0.56955	0.13156	0.02812	0.02765	0.02118	0.00962	0.00707	0.00233	0.00552	0.03924	0.00715	0.01073
44	0.01512	0.01441	0.02450	0.35860	0.41444	0.01578	0.02009	0.01941	0.01472	0.02015	0.01255	0.01752	0.01006	0.00643	0.00680	0.00214	0.00858	0.00609	0.00323	0.00938
45	0.01372	0.03539	0.72412	0.01950	0.02961	0.01589	0.02528	0.02167	0.01444	0.02167	0.01228	0.01444	0.00867	0.00650	0.00650	0.00217	0.01011	0.00506	0.00289	0.01011
46	0.00993	0.00673	0.00794	0.00794	0.00811	0.00689	0.00475	0.01026	0.01009	0.01362	0.02112	0.04233	0.02381	0.66294	0.12999	0.00723	0.00823	0.00959	0.00408	0.00441
47	0.03070	0.01164	0.01588	0.01217	0.01746	0.01006	0.01006	0.03334	0.01958	0.72163	0.02699	0.02329	0.01694	0.00847	0.00688	0.00212	0.00582	0.00688	0.00847	0.01164
48	0.00978	0.00729	0.01078	0.01078	0.01192	0.00843	0.00828	0.01208	0.01093	0.01572	0.01852	0.02798	0.01758	0.09494	0.68948	0.01073	0.01760	0.00749	0.00369	0.00599
49	0.01102	0.00787	0.01102	0.01260	0.01417	0.00787	0.01102	0.01417	0.01575	0.02047	0.03622	0.07717	0.03937	0.01890	0.00945	0.00315	0.00630	0.67084	0.00630	0.00630
50	0.01781	0.01637	0.02547	0.03393	0.49610	0.01692	0.04832	0.09006	0.13735	0.02547	0.01587	0.01845	0.01265	0.00685	0.00687	0.00210	0.00775	0.00648	0.00435	0.01084
51	0.02961	0.01140	0.01553	0.01199	0.01709	0.00987	0.00987	0.03228	0.01957	0.68566	0.06255	0.02473	0.01940	0.00875	0.00694	0.00212	0.00569	0.00716	0.00842	0.01137
52	0.00834	0.00595	0.00794	0.00953	0.00992	0.00556	0.00635	0.00953	0.01310	0.01746	0.03771	0.75510	0.04525	0.02143	0.00873	0.00278	0.00397	0.01945	0.00635	0.00556
53	0.01182	0.01017	0.01485	0.01529	0.07073	0.01247	0.01109	0.01390	0.01143	0.01666	0.01724	0.07982	0.01735	0.07432	0.35066	0.00684	0.23004	0.02482	0.00374	0.00675
54	0.05332	0.53174	0.15644	0.01353	0.01986	0.09019	0.01409	0.02132	0.01441	0.01780	0.01011	0.01173	0.00870	0.00610	0.00493	0.00165	0.00819	0.00398	0.00303	0.00888
55	0.01300	0.01227	0.02054	0.71467	0.04598	0.01543	0.01884	0.01744	0.01355	0.01744	0.01204	0.01811	0.00911	0.00704	0.00745	0.00231	0.03807	0.00608	0.00304	0.00760
56	0.64485	0.09629	0.01393	0.01132	0.05851	0.01642	0.00867	0.02008	0.01223	0.02838	0.01014	0.01192	0.00810	0.00633	0.00443	0.00202	0.00563	0.00394	0.02906	0.00775
57	0.00988	0.00660	0.00748	0.00755	0.00757	0.00658	0.00424	0.00993	0.01009	0.01345	0.02228	0.07641	0.02578	0.72669	0.03366	0.00646	0.00651	0.01037	0.00424	0.00421
58	0.01436	0.01241	0.01502	0.01210	0.05937	0.00956	0.00890	0.01746	0.01427	0.02230	0.01220	0.01436	0.01018	0.00513	0.00517	0.00108	0.00526	0.00418	0.00401	0.75269
59	0.00996	0.00736	0.00934	0.00878	0.01054	0.00693	0.00661	0.01389	0.05187	0.02708	0.65083	0.05056	0.09248	0.01392	0.00802	0.00217	0.00334	0.01225	0.00745	0.00663
60	0.01419	0.01216	0.01419	0.01013	0.01621	0.00912	0.00811	0.01723	0.01419	0.02229	0.01216	0.01419	0.01013	0.00507	0.00507	0.00101	0.00507	0.00405	0.00405	0.80139
61	0.01602	0.01756	0.09638	0.13637	0.48342	0.01615	0.04142	0.02166	0.06294	0.02201	0.01378	0.01751	0.01106	0.00645	0.00681	0.00211	0.00839	0.00616	0.00354	0.01026
62	0.01419	0.01216	0.01419	0.01013	0.01621	0.00912	0.00811	0.01723	0.01419	0.02229	0.01216	0.01419	0.01013	0.00507	0.00507	0.00101	0.00507	0.00405	0.00405	0.80139
63	0.00825	0.00691	0.00718	0.00728	0.00945	0.00585	0.00546	0.01006	0.01565	0.01888	0.09562	0.09836	0.63571	0.01741	0.00815	0.00235	0.00355	0.03168	0.00640	0.00581
64	0.01874	0.69464	0.06324	0.01205	0.01805	0.02573	0.01218	0.02120	0.01422	0.05288	0.01053	0.01176	0.00920	0.00602	0.00461	0.00153	0.00735	0.00388	0.00321	0.00898
65	0.01033	0.00709	0.00835	0.00833	0.00874	0.00731	0.00540	0.01117	0.01159	0.01614	0.06682	0.08565	0.05082	0.50585	0.02628	0.00519	0.04421	0.04181	0.07402	0.00490
66	0.02556	0.03261	0.01939	0.01763	0.02115	0.73210	0.01322	0.02732	0.01939	0.01674	0.01058	0.01234	0.00881	0.00705	0.00617	0.00176	0.01234	0.00441	0.00353	0.00793
67	0.01292	0.01216	0.02052	0.74312	0.04712	0.01520	0.01900	0.01748	0.01368	0.01748	0.01216	0.01824	0.00912	0.00684	0.00684	0.00228	0.00912	0.00608	0.00304	0.00760
68	0.01497	0.01497	0.02095	0.01796	0.01796	0.02095	0.01497	0.01646	0.01048	0.01646	0.00898	0.01497	0.00898	0.01197	0.02245	0.00299	0.74704	0.00599	0.00299	0.00748
69	0.01275	0.00638	0.00638	0.00638	0.00797	0.00638	0.00478	0.01594	0.01435	0.02551	0.02232	0.02551	0.01754	0.00797	0.00478	0.00159	0.00319	0.00638	0.79755	0.00638
70	0.00940	0.00698	0.00875	0.00831	0.01005	0.00634	0.00623	0.01236	0.01870	0.02585	0.59941	0.05371	0.17941	0.01458	0.00807	0.00218	0.00327	0.01274	0.00732	0.00634
71	0.00880	0.00676	0.00806	0.00816	0.00979	0.00602	0.00596	0.01105	0.01666	0.02201	0.33175	0.19929	0.30746	0.01676	0.00821	0.00234	0.00347	0.01459	0.00684	0.00602
72	0.01102	0.00787	0.01102	0.01260	0.01417	0.00787	0.01102	0.01417	0.01575	0.02047	0.03622	0.07717	0.03937	0.01890	0.00945	0.00315	0.00630	0.67084	0.00630	0.00630
73	0.01471	0.11363	0.60587	0.01884	0.02817	0.04276	0.04148	0.02175	0.01461	0.02089	0.01196	0.01410	0.00873	0.00643	0.00630	0.00208	0.00993	0.00496	0.00293	0.00986
74	0.00834	0.00595	0.00794	0.00953	0.00992	0.00556	0.00635	0.00953	0.01310	0.01746	0.03771	0.75510	0.04525	0.02143	0.00873	0.00278	0.00397	0.01945	0.00635	0.00556
75	0.00900	0.00697	0.00820	0.00789	0.00980	0.00616	0.00592	0.01159	0.01775	0.02360	0.43748	0.05742	0.34274	0.01542	0.00808	0.00222	0.00333	0.01326	0.00703	0.00616
76	0.04001	0.17034	0.15788	0.03651	0.06016	0.24592	0.09203	0.02231	0.01634	0.01938	0.04551	0.01700	0.03386	0.00714	0.00624	0.00191	0.00965	0.00560	0.00355	0.00865
77	0.80789	0.01323	0.01006	0.00900	0.01323	0.01535	0.00741	0.02011	0.01164	0.03070	0.00953	0.01111	0.00741	0.00635	0.00423	0.00212	0.00529	0.00370	0.00423	0.00741
78	0.16026	0.01166	0.04331	0.14993	0.08956	0.01205	0.01152	0.01713	0.06643	0.02084	0.05915	0.02342	0.03930	0.05092	0.08674	0.13212	0.00784	0.00669	0.00409	0.00704
79	0.01410	0.01205	0.01402	0.01029	0.01606	0.00936	0.00817	0.01783	0.04604	0.02241	0.01381	0.04164	0.01191	0.00586	0.00529	0.00114	0.00504	0.00478	0.00427	0.73594
80	0.00905	0.00645	0.00869	0.01023	0.01090	0.00617	0.00745	0.01069	0.01366	0.01809	0.03685	0.56524	0.04317	0.04308	0.00970	0.00299	0.00463	0.18099	0.00627	0.00570
81	0.01649	0.01173	0.01185	0.01065	0.01368	0.03805	0.00827	0.07749	0.27527	0.06061	0.02590	0.02608	0.05017	0.00890	0.00606	0.00197	0.00483	0.00719	0.33606	0.00874
82	0.08489	0.02028	0.02570	0.10931	0.02774	0.21047	0.23303	0.02204	0.01545	0.03840	0.01190	0.01568	0.00948	0.00744	0.00955	0.00225	0.13847	0.00608	0.00354	0.00829
83	0.00922	0.00687	0.00861	0.00866	0.01021	0.00626	0.00646	0.01181	0.01736	0.02356	0.43031	0.16944	0.19329	0.01618	0.00826	0.00235	0.00358	0.05440	0.00702	0.00616
84	0.01665	0.03479	0.01973	0.04272	0.07723	0.07721	0.04675	0.11485	0.05129	0.02222	0.01601	0.02363	0.01438	0.01558	0.10837	0.00359	0.21266	0.06967	0.02430	0.00836

[dist]
# distance from previous block
# <min> <max>
0	2

[block]
# block no. 3 follows, 31 sequences, length 40
# corresponding to MSA columns:
# 240-255,258-269,279-290
name=unknown_D
#
# <colnr> <probs for GDERKNQSTAVLIFYWHMCP>
#	G	D	E	R	K	N	Q	S	T	A	V	L	I	F	Y	W	H	M	C	P
0	0.01529	0.08675	0.56211	0.03959	0.02871	0.01693	0.05440	0.06037	0.01561	0.04012	0.01275	0.01482	0.00915	0.00657	0.00646	0.00212	0.00968	0.00523	0.00329	0.01002
1	0.00928	0.00673	0.00875	0.00877	0.01010	0.00620	0.00638	0.01193	0.01762	0.02454	0.51547	0.23004	0.08659	0.01601	0.00824	0.00232	0.00343	0.01425	0.00718	0.00620
2	0.05292	0.11709	0.20124	0.07052	0.05566	0.03520	0.01475	0.06550	0.03517	0.05939	0.03905	0.06637	0.05857	0.00843	0.00634	0.00198	0.00733	0.00678	0.00439	0.09333
3	0.02024	0.56771	0.03144	0.01329	0.01852	0.21606	0.01211	0.02232	0.01537	0.01627	0.00980	0.01134	0.00879	0.00617	0.00487	0.00154	0.00866	0.00386	0.00309	0.00855
4	0.01131	0.00841	0.01085	0.01037	0.04408	0.00740	0.00740	0.01439	0.01800	0.04889	0.48360	0.04395	0.11210	0.01229	0.00748	0.00197	0.00386	0.01073	0.00669	0.13621
5	0.01424	0.10436	0.56070	0.01747	0.02662	0.01609	0.02163	0.02095	0.01436	0.02120	0.01199	0.01407	0.00887	0.00624	0.00610	0.00194	0.00916	0.00478	0.00305	0.11619
6	0.04279	0.01610	0.07754	0.05251	0.05907	0.01409	0.18954	0.07893	0.04650	0.27397	0.01886	0.01966	0.01305	0.00774	0.00763	0.02655	0.00799	0.00675	0.00562	0.03509
7	0.00860	0.00616	0.00818	0.00935	0.00998	0.00573	0.00637	0.01019	0.01433	0.01943	0.17058	0.61664	0.04905	0.01997	0.00860	0.00266	0.00382	0.01806	0.00658	0.00573
8	0.00977	0.00733	0.01100	0.01100	0.01222	0.00855	0.00855	0.01222	0.01100	0.01588	0.01833	0.02688	0.01710	0.05131	0.73245	0.01100	0.01833	0.00733	0.00367	0.00611
9	0.01886	0.66013	0.03464	0.01301	0.01879	0.05898	0.04565	0.05041	0.01507	0.01760	0.01008	0.01165	0.00899	0.00601	0.00476	0.00154	0.00777	0.00402	0.00315	0.00889
10	0.01689	0.41437	0.31952	0.01524	0.02278	0.04156	0.01741	0.04651	0.01496	0.01943	0.01094	0.01265	0.00884	0.00624	0.00540	0.00178	0.00862	0.00435	0.00307	0.00941
11	0.00834	0.00595	0.00794	0.00953	0.00992	0.00556	0.00635	0.00953	0.01310	0.01746	0.03771	0.75510	0.04525	0.02143	0.00873	0.00278	0.00397	0.01945	0.00635	0.00556
12	0.01102	0.00787	0.01102	0.01260	0.01417	0.00787	0.01102	0.01417	0.01575	0.02047	0.03622	0.07717	0.03937	0.01890	0.00945	0.00315	0.00630	0.67084	0.00630	0.00630
13	0.02376	0.17878	0.04338	0.01650	0.02068	0.57017	0.01327	0.02579	0.01815	0.01676	0.01041	0.01213	0.00880	0.00679	0.00582	0.00171	0.01127	0.00428	0.00339	0.00816
14	0.00877	0.00639	0.00831	0.00974	0.01031	0.00612	0.00657	0.01085	0.04734	0.01802	0.03722	0.71896	0.04404	0.02083	0.00864	0.00276	0.00404	0.01887	0.00638	0.00582
15	0.00809	0.00693	0.00693	0.00693	0.00924	0.00578	0.00520	0.00982	0.01559	0.01848	0.06931	0.06584	0.71411	0.01733	0.00809	0.00231	0.00347	0.01444	0.00635	0.00578
16	0.01006	0.00819	0.04018	0.00888	0.01089	0.00692	0.00714	0.01335	0.01801	0.02585	0.54072	0.04678	0.09665	0.01515	0.04370	0.00255	0.00429	0.01136	0.08278	0.00655
17	0.01378	0.01330	0.02330	0.57976	0.14259	0.01554	0.07807	0.01837	0.01417	0.01857	0.01241	0.01807	0.00948	0.00664	0.00694	0.00225	0.00919	0.00626	0.00313	0.00821
18	0.00866	0.00609	0.00784	0.00911	0.00943	0.00577	0.00591	0.00961	0.01246	0.01662	0.03445	0.61205	0.04115	0.17008	0.01399	0.00355	0.00451	0.01754	0.00591	0.00527
19	0.56900	0.01274	0.01184	0.00997	0.01453	0.01372	0.00822	0.02418	0.01408	0.24307	0.01489	0.01486	0.01034	0.00700	0.00505	0.00212	0.00545	0.00468	0.00554	0.00871
20	0.02304	0.12598	0.02065	0.01607	0.01972	0.54293	0.01246	0.04993	0.01844	0.01764	0.01230	0.04743	0.01101	0.00979	0.04205	0.00224	0.01140	0.00522	0.00371	0.00798
21	0.01776	0.01272	0.01550	0.01315	0.01545	0.01503	0.01068	0.19261	0.01788	0.07464	0.01730	0.04411	0.01425	0.01269	0.06058	0.00286	0.23169	0.00674	0.21596	0.00840
22	0.80789	0.01323	0.01006	0.00900	0.01323	0.01535	0.00741	0.02011	0.01164	0.03070	0.00953	0.01111	0.00741	0.00635	0.00423	0.00212	0.00529	0.00370	0.00423	0.00741
23	0.00962	0.00694	0.00909	0.00865	0.01021	0.00641	0.00645	0.01275	0.01907	0.02697	0.68146	0.08427	0.06364	0.01434	0.00810	0.00218	0.00326	0.01271	0.00748	0.00641
24	0.00809	0.00693	0.00693	0.00693	0.00924	0.00578	0.00520	0.00982	0.01559	0.01848	0.06931	0.06584	0.71411	0.01733	0.00809	0.00231	0.00347	0.01444	0.00635	0.00578
25	0.01497	0.01497	0.02095	0.01796	0.01796	0.02095	0.01497	0.01646	0.01048	0.01646	0.00898	0.01497	0.00898	0.01197	0.02245	0.00299	0.74704	0.00599	0.00299	0.00748
26	0.76926	0.01315	0.01034	0.00915	0.01344	0.01508	0.00754	0.02077	0.01204	0.06504	0.01039	0.01172	0.00788	0.00646	0.00437	0.00212	0.00532	0.00386	0.00444	0.00762
27	0.01829	0.76368	0.03585	0.01171	0.01756	0.02707	0.01171	0.02049	0.01390	0.01610	0.00951	0.01097	0.00878	0.00585	0.00439	0.00146	0.00732	0.00366	0.00293	0.00878
28	0.00995	0.00663	0.00746	0.00746	0.00746	0.00663	0.00415	0.00995	0.00995	0.01327	0.02156	0.04477	0.02487	0.75957	0.03482	0.00663	0.00663	0.00995	0.00415	0.00415
29	0.02556	0.03261	0.01939	0.01763	0.02115	0.73210	0.01322	0.02732	0.01939	0.01674	0.01058	0.01234	0.00881	0.00705	0.00617	0.00176	0.01234	0.00441	0.00353	0.00793
30	0.01372	0.03539	0.72412	0.01950	0.02961	0.01589	0.02528	0.02167	0.01444	0.02167	0.01228	0.01444	0.00867	0.00650	0.00650	0.00217	0.01011	0.00506	0.00289	0.01011
31	0.00995	0.00663	0.00746	0.00746	0.00746	0.00663	0.00415	0.00995	0.00995	0.01327	0.02156	0.04477	0.02487	0.75957	0.03482	0.00663	0.00663	0.00995	0.00415	0.00415
32	0.02556	0.03261	0.01939	0.01763	0.02115	0.73210	0.01322	0.02732	0.01939	0.01674	0.01058	0.01234	0.00881	0.00705	0.00617	0.00176	0.01234	0.00441	0.00353	0.00793
33	0.00813	0.00675	0.00711	0.00740	0.00936	0.00574	0.00541	0.00977	0.01514	0.01830	0.06361	0.19000	0.59363	0.01807	0.00820	0.00239	0.00356	0.01534	0.00635	0.00574
34	0.01067	0.00769	0.01057	0.01205	0.01360	0.00760	0.01036	0.01361	0.01557	0.02016	0.03839	0.11942	0.08196	0.01896	0.00932	0.00307	0.00597	0.58849	0.00631	0.00622
35	0.00851	0.00666	0.00774	0.00820	0.00977	0.00588	0.00594	0.01036	0.01543	0.01969	0.16395	0.28177	0.37577	0.01812	0.00833	0.00246	0.00367	0.03538	0.00654	0.00583
36	0.01727	0.07705	0.01887	0.01777	0.11338	0.05057	0.01258	0.02953	0.40778	0.04495	0.02337	0.02669	0.01898	0.00943	0.00759	0.00228	0.03888	0.06724	0.00579	0.00999
37	0.01828	0.34933	0.23531	0.01642	0.05227	0.11300	0.01639	0.02219	0.01496	0.05306	0.01146	0.01323	0.00925	0.00662	0.00631	0.00184	0.04301	0.00454	0.00329	0.00924
38	0.04623	0.35680	0.26634	0.01469	0.02181	0.02097	0.01615	0.07712	0.03757	0.06585	0.01270	0.01384	0.00982	0.00656	0.00554	0.00184	0.00806	0.00467	0.00376	0.00966
39	0.42404	0.05495	0.17640	0.01336	0.01914	0.05701	0.04433	0.02253	0.04393	0.07043	0.01232	0.01368	0.00917	0.00664	0.00533	0.00209	0.00722	0.00463	0.00418	0.00862

[dist]
# distance from previous block
# <min> <max>
0	1

[block]
# block no. 4 follows, 31 sequences, length 69
# corresponding to MSA columns:
# 305,308-332,335-377
name=unknown_E
#
# <colnr> <probs for GDERKNQSTAVLIFYWHMCP>
#	G	D	E	R	K	N	Q	S	T	A	V	L	I	F	Y	W	H	M	C	P
0	0.01628	0.01546	0.02458	0.05767	0.51247	0.01641	0.01850	0.02182	0.09697	0.02218	0.01632	0.01961	0.03789	0.00753	0.00849	0.00219	0.08499	0.00659	0.00387	0.01019
1	0.01419	0.01216	0.01419	0.01013	0.01621	0.00912	0.00811	0.01723	0.01419	0.02229	0.01216	0.01419	0.01013	0.00507	0.00507	0.00101	0.00507	0.00405	0.00405	0.80139
2	0.00860	0.00695	0.00765	0.00747	0.00956	0.00599	0.00560	0.01082	0.01681	0.02137	0.27719	0.06108	0.50443	0.01625	0.00808	0.00226	0.00339	0.01377	0.00673	0.00599
3	0.00844	0.00649	0.00773	0.00838	0.00970	0.00578	0.00592	0.01016	0.01502	0.01938	0.15291	0.37996	0.30816	0.01870	0.00838	0.00250	0.00366	0.01642	0.00653	0.00578
4	0.00809	0.00693	0.00693	0.00693	0.00924	0.00578	0.00520	0.00982	0.01559	0.01848	0.06931	0.06584	0.71411	0.01733	0.00809	0.00231	0.00347	0.01444	0.00635	0.00578
5	0.01829	0.76368	0.03585	0.01171	0.01756	0.02707	0.01171	0.02049	0.01390	0.01610	0.00951	0.01097	0.00878	0.00585	0.00439	0.00146	0.00732	0.00366	0.00293	0.00878
6	0.00995	0.00663	0.00746	0.00746	0.00746	0.00663	0.00415	0.00995	0.00995	0.01327	0.02156	0.04477	0.02487	0.75957	0.03482	0.00663	0.00663	0.00995	0.00415	0.00415
7	0.01419	0.01216	0.01419	0.01013	0.01621	0.00912	0.00811	0.01723	0.01419	0.02229	0.01216	0.01419	0.01013	0.00507	0.00507	0.00101	0.00507	0.00405	0.00405	0.80139
8	0.01615	0.01845	0.04037	0.02884	0.03576	0.01730	0.69204	0.02191	0.01615	0.02191	0.01384	0.01845	0.01038	0.00577	0.00807	0.00231	0.01153	0.00807	0.00346	0.00923
9	0.01102	0.00787	0.01102	0.01260	0.01417	0.00787	0.01102	0.01417	0.01575	0.02047	0.03622	0.07717	0.03937	0.01890	0.00945	0.00315	0.00630	0.67084	0.00630	0.00630
10	0.00991	0.00767	0.00920	0.00916	0.01116	0.00723	0.00719	0.01374	0.06487	0.02325	0.32637	0.05907	0.27219	0.01568	0.00825	0.00240	0.00403	0.13524	0.00687	0.00650
11	0.02601	0.01916	0.02053	0.01574	0.02122	0.02122	0.01300	0.69408	0.03217	0.04312	0.01643	0.01643	0.01163	0.00821	0.00684	0.00205	0.00753	0.00616	0.00684	0.01163
12	0.01593	0.01370	0.01446	0.01309	0.01673	0.01560	0.01015	0.03306	0.61618	0.02765	0.05708	0.03016	0.08582	0.01019	0.00711	0.00231	0.00516	0.00852	0.00693	0.01020
13	0.01916	0.02147	0.19899	0.01711	0.06522	0.07657	0.01539	0.26129	0.02139	0.04888	0.01821	0.07802	0.01545	0.00921	0.00686	0.00215	0.00794	0.04693	0.06004	0.00972
14	0.01497	0.01497	0.02095	0.01796	0.01796	0.02095	0.01497	0.01646	0.01048	0.01646	0.00898	0.01497	0.00898	0.01197	0.02245	0.00299	0.74704	0.00599	0.00299	0.00748
15	0.01381	0.02019	0.28325	0.01384	0.02031	0.01198	0.01463	0.02021	0.08432	0.04491	0.07739	0.04612	0.05573	0.00925	0.02438	0.00209	0.00709	0.00675	0.00453	0.23923
16	0.02356	0.11808	0.08995	0.01712	0.02156	0.58016	0.01422	0.02597	0.01827	0.01715	0.01062	0.01238	0.00879	0.00686	0.00599	0.00177	0.01154	0.00438	0.00339	0.00824
17	0.03070	0.01164	0.01588	0.01217	0.01746	0.01006	0.01006	0.03334	0.01958	0.72163	0.02699	0.02329	0.01694	0.00847	0.00688	0.00212	0.00582	0.00688	0.00847	0.01164
18	0.01427	0.02925	0.51124	0.09420	0.14018	0.01595	0.05731	0.02116	0.01463	0.02138	0.01244	0.01541	0.00914	0.00643	0.00665	0.00216	0.00977	0.00547	0.00301	0.00994
19	0.01133	0.00797	0.01025	0.01078	0.01218	0.00810	0.00837	0.01504	0.07786	0.04038	0.10156	0.16015	0.03639	0.15781	0.05914	0.00403	0.00636	0.25994	0.00599	0.00636
20	0.01036	0.00774	0.01036	0.01013	0.01071	0.00883	0.00727	0.01167	0.01062	0.01492	0.01941	0.03512	0.02043	0.35871	0.33887	0.00811	0.07984	0.02764	0.00389	0.00538
