[name]
unknown

[dist]
# distance from previous block
# <min> <max>
0	40

[block]
# block no. 0 follows, 33 sequences, length 12
# corresponding to MSA columns:
# 44-55
name=unknown_A
#
# <colnr> <probs for GDERKNQSTAVLIFYWHMCP>
#	G	D	E	R	K	N	Q	S	T	A	V	L	I	F	Y	W	H	M	C	P
0	0.01687	0.08274	0.21237	0.06918	0.06385	0.05336	0.03518	0.08260	0.04424	0.09146	0.04061	0.02091	0.01417	0.00760	0.00635	0.00196	0.00769	0.05317	0.00439	0.09129
1	0.01849	0.06235	0.20403	0.01862	0.07164	0.05434	0.12374	0.13160	0.05452	0.11308	0.03938	0.01845	0.02721	0.00717	0.00655	0.00200	0.00818	0.00620	0.00465	0.02779
2	0.05349	0.05689	0.09695	0.01591	0.06732	0.04955	0.06321	0.14266	0.10169	0.09348	0.13110	0.02325	0.02055	0.00831	0.00657	0.00200	0.00679	0.02047	0.00541	0.03439
3	0.05877	0.02176	0.30189	0.05296	0.06115	0.03268	0.01625	0.05901	0.15183	0.03846	0.05028	0.01912	0.01432	0.03502	0.00725	0.00218	0.00753	0.00593	0.00431	0.05928
4	0.01663	0.01971	0.11680	0.09326	0.49079	0.10805	0.01963	0.02078	0.01517	0.02035	0.01197	0.01552	0.00977	0.00609	0.00641	0.00196	0.00866	0.00553	0.00319	0.00972
5	0.00884	0.00708	0.00796	0.00751	0.00968	0.00606	0.00559	0.01095	0.01565	0.02042	0.25679	0.07385	0.41144	0.05093	0.00878	0.00228	0.00356	0.01237	0.00616	0.07410
6	0.05189	0.01591	0.14905	0.01951	0.16154	0.01243	0.09664	0.05080	0.04129	0.02411	0.23013	0.05051	0.04966	0.00921	0.00699	0.00209	0.00662	0.00833	0.00488	0.00841
7	0.00946	0.00634	0.00721	0.00732	0.00735	0.00631	0.00414	0.00954	0.00979	0.01305	0.02186	0.09477	0.02534	0.71504	0.03171	0.00612	0.00620	0.01023	0.00414	0.00409
8	0.01580	0.01512	0.02555	0.03844	0.68571	0.01505	0.01932	0.01958	0.01499	0.02129	0.01555	0.01903	0.05204	0.00650	0.00659	0.00197	0.00756	0.00633	0.00342	0.01014
9	0.01741	0.01575	0.02065	0.08711	0.30898	0.07595	0.01483	0.08958	0.05031	0.04890	0.01351	0.01597	0.01072	0.00621	0.00610	0.00174	0.00728	0.00537	0.00407	0.19957
10	0.01636	0.01430	0.02338	0.06970	0.55033	0.01432	0.01763	0.04130	0.01578	0.06660	0.04266	0.02122	0.06286	0.00714	0.00666	0.00200	0.00723	0.00670	0.00400	0.00985
11	0.06128	0.01556	0.02094	0.06037	0.31984	0.05383	0.03014	0.13819	0.06099	0.08616	0.01792	0.01953	0.05352	0.00730	0.00646	0.00198	0.00723	0.00630	0.00468	0.02778

[dist]
# distance from previous block
# <min> <max>
0	1

[block]
# block no. 1 follows, 33 sequences, length 13
# corresponding to MSA columns:
# 57-69
name=unknown_B
#
# <colnr> <probs for GDERKNQSTAVLIFYWHMCP>
#	G	D	E	R	K	N	Q	S	T	A	V	L	I	F	Y	W	H	M	C	P
0	0.01407	0.01370	0.02043	0.44534	0.19257	0.05989	0.01709	0.01794	0.01407	0.01847	0.04152	0.01789	0.01142	0.00679	0.00700	0.00205	0.03430	0.00589	0.00327	0.05629
1	0.01565	0.01498	0.02556	0.15942	0.61361	0.01547	0.01988	0.01964	0.01468	0.02072	0.01227	0.01650	0.01015	0.00599	0.00653	0.00200	0.00798	0.00586	0.00320	0.00991
2	0.02122	0.01956	0.02044	0.01599	0.02102	0.24169	0.12873	0.09800	0.01827	0.13716	0.01426	0.01545	0.01061	0.00645	0.00617	0.00169	0.00851	0.00533	0.00463	0.20482
3	0.00840	0.00611	0.00787	0.00897	0.00966	0.00580	0.00621	0.00970	0.01264	0.01663	0.03710	0.51917	0.11982	0.09393	0.05676	0.00350	0.00503	0.06163	0.00574	0.00532
4	0.01243	0.01170	0.01975	0.75282	0.04534	0.01463	0.01828	0.01682	0.01316	0.01682	0.01170	0.01755	0.00878	0.00658	0.00658	0.00219	0.00878	0.00585	0.00293	0.00731
5	0.01574	0.01619	0.03063	0.07810	0.35309	0.01604	0.30440	0.02125	0.05733	0.02140	0.01360	0.01748	0.01072	0.00596	0.00705	0.00210	0.00909	0.00675	0.00347	0.00959
6	0.01243	0.01170	0.01975	0.75282	0.04534	0.01463	0.01828	0.01682	0.01316	0.01682	0.01170	0.01755	0.00878	0.00658	0.00658	0.00219	0.00878	0.00585	0.00293	0.00731
7	0.01406	0.05176	0.10641	0.09231	0.25088	0.01364	0.09495	0.01858	0.04052	0.04333	0.04987	0.02690	0.15156	0.00850	0.00683	0.00207	0.00726	0.00772	0.00414	0.00870
8	0.01660	0.04222	0.02029	0.02132	0.22631	0.07434	0.07286	0.06640	0.04635	0.07182	0.12580	0.05144	0.03911	0.00826	0.00665	0.00191	0.00682	0.00737	0.00483	0.08932
9	0.02102	0.08971	0.06893	0.01477	0.01991	0.01882	0.03782	0.45532	0.07699	0.03394	0.04426	0.05667	0.01504	0.00845	0.00653	0.00200	0.00704	0.00671	0.00586	0.01019
10	0.01838	0.15351	0.25808	0.01543	0.02193	0.06282	0.01589	0.22633	0.04392	0.02594	0.01287	0.01415	0.00975	0.00685	0.00641	0.00187	0.03275	0.00497	0.00418	0.06399
11	0.04826	0.48100	0.20642	0.01343	0.01999	0.02235	0.01449	0.09099	0.01524	0.02006	0.01050	0.01194	0.00865	0.00604	0.00497	0.00166	0.00766	0.00411	0.00325	0.00900
12	0.04318	0.21039	0.29058	0.01547	0.02233	0.06868	0.01647	0.21332	0.01880	0.02528	0.01209	0.01338	0.00914	0.00660	0.00576	0.00186	0.00837	0.00475	0.00394	0.00960

[dist]
# distance from previous block
# <min> <max>
1	11

[block]
# block no. 2 follows, 33 sequences, length 35
# corresponding to MSA columns:
# 82-116
name=unknown_C
#
# <colnr> <probs for GDERKNQSTAVLIFYWHMCP>
#	G	D	E	R	K	N	Q	S	T	A	V	L	I	F	Y	W	H	M	C	P
0	0.01663	0.06246	0.22394	0.01846	0.05524	0.13019	0.13671	0.04034	0.07530	0.05713	0.05223	0.05519	0.03111	0.00784	0.00666	0.00204	0.00865	0.00683	0.00417	0.00890
1	0.04239	0.11482	0.22778	0.01577	0.02181	0.01653	0.08387	0.17445	0.01801	0.09485	0.03157	0.04637	0.01318	0.03874	0.00788	0.00220	0.02963	0.00628	0.00455	0.00932
2	0.01120	0.07466	0.08373	0.01198	0.06153	0.03956	0.00947	0.01457	0.03544	0.02125	0.27548	0.11849	0.19227	0.01268	0.00720	0.00210	0.00495	0.01085	0.00562	0.00697
3	0.01372	0.01257	0.01716	0.23849	0.02535	0.06149	0.07961	0.10220	0.01589	0.02047	0.02242	0.23049	0.06185	0.01133	0.00765	0.00226	0.02997	0.00999	0.00458	0.03250
4	0.01794	0.01894	0.19352	0.01449	0.01967	0.04704	0.03355	0.17420	0.10985	0.11361	0.06610	0.09199	0.01909	0.04025	0.00788	0.00229	0.00708	0.00769	0.00550	0.00932
5	0.01584	0.01527	0.02243	0.05103	0.43994	0.06334	0.04435	0.04375	0.06277	0.02173	0.03515	0.07028	0.04434	0.00783	0.00671	0.00201	0.00739	0.00724	0.00404	0.03455
6	0.00825	0.00602	0.00777	0.00875	0.00954	0.00554	0.00602	0.00983	0.01401	0.01877	0.17291	0.55617	0.11445	0.01884	0.00822	0.00251	0.00363	0.01692	0.00633	0.00554
7	0.01442	0.07995	0.54674	0.01892	0.04632	0.01615	0.06399	0.02154	0.04338	0.04298	0.01270	0.01471	0.00926	0.00652	0.00679	0.00208	0.03561	0.00518	0.00317	0.00960
8	0.01440	0.16915	0.58162	0.01733	0.02609	0.04241	0.02153	0.02083	0.01397	0.01970	0.01127	0.01322	0.00836	0.00616	0.00587	0.00195	0.00931	0.00460	0.00281	0.00942
9	0.01182	0.00884	0.01065	0.01099	0.01308	0.00908	0.00877	0.01810	0.18772	0.04860	0.03784	0.19106	0.14262	0.01574	0.00806	0.00260	0.00497	0.25602	0.00632	0.00712
10	0.01598	0.01533	0.02616	0.09738	0.67301	0.01556	0.02005	0.01993	0.01484	0.02113	0.01233	0.01639	0.01030	0.00592	0.00652	0.00197	0.00790	0.00586	0.00323	0.01018
11	0.01402	0.02056	0.31751	0.01416	0.02001	0.01290	0.01508	0.04804	0.17018	0.06432	0.07121	0.07606	0.10829	0.00978	0.00682	0.00217	0.00675	0.00812	0.00504	0.00897
12	0.01091	0.00877	0.01266	0.15201	0.11126	0.00882	0.01024	0.01346	0.01453	0.04659	0.09872	0.22411	0.21450	0.01378	0.00754	0.00230	0.00522	0.03249	0.00532	0.00677
13	0.01538	0.01745	0.03788	0.06437	0.03496	0.01655	0.66904	0.02087	0.01542	0.02087	0.01324	0.01775	0.00993	0.00560	0.00771	0.00222	0.01098	0.00767	0.00331	0.00880
14	0.01637	0.01641	0.02465	0.17117	0.53246	0.08504	0.01913	0.02015	0.01500	0.02012	0.01204	0.01610	0.00993	0.00609	0.00647	0.00197	0.00839	0.00571	0.00321	0.00958
15	0.00802	0.00573	0.00764	0.00917	0.00955	0.00535	0.00611	0.00917	0.01260	0.01681	0.03628	0.76434	0.04354	0.02062	0.00840	0.00267	0.00382	0.01872	0.00611	0.00535
16	0.01243	0.01170	0.01975	0.75282	0.04534	0.01463	0.01828	0.01682	0.01316	0.01682	0.01170	0.01755	0.00878	0.00658	0.00658	0.00219	0.00878	0.00585	0.00293	0.00731
17	0.04934	0.02692	0.36162	0.05056	0.13089	0.13235	0.11458	0.02144	0.01491	0.02043	0.01173	0.01446	0.00886	0.00619	0.00637	0.00202	0.00975	0.00530	0.00308	0.00918
18	0.01268	0.01195	0.02019	0.70732	0.08891	0.01469	0.01841	0.01704	0.01328	0.01712	0.01174	0.01747	0.00888	0.00654	0.00658	0.00218	0.00871	0.00585	0.00295	0.00751
19	0.01423	0.01226	0.01483	0.03210	0.01725	0.01008	0.02811	0.04060	0.06310	0.02239	0.01293	0.01471	0.01050	0.00533	0.00519	0.00117	0.00526	0.00438	0.00414	0.68145
20	0.04573	0.02379	0.01933	0.06874	0.10352	0.42438	0.01378	0.04203	0.03567	0.05431	0.01172	0.01401	0.00948	0.00737	0.00794	0.00195	0.09936	0.00495	0.00372	0.00822
21	0.81514	0.01273	0.00968	0.00866	0.01273	0.01477	0.00713	0.01935	0.01120	0.02954	0.00917	0.01069	0.00713	0.00611	0.00407	0.00204	0.00509	0.00356	0.00407	0.00713
22	0.00913	0.00672	0.00854	0.00809	0.00972	0.00613	0.00607	0.01206	0.01820	0.02536	0.64445	0.05089	0.14242	0.01385	0.00777	0.00209	0.00313	0.01215	0.00711	0.00613
23	0.02445	0.06264	0.01998	0.01581	0.02021	0.36127	0.01255	0.35044	0.02426	0.02820	0.01281	0.01368	0.00978	0.00726	0.00616	0.00182	0.00942	0.00501	0.00489	0.00938
24	0.00971	0.00688	0.00803	0.00779	0.00978	0.00602	0.00582	0.01186	0.01623	0.06600	0.28319	0.12714	0.38668	0.01545	0.00776	0.00221	0.00345	0.01325	0.00663	0.00612
25	0.01174	0.00720	0.00923	0.00867	0.01064	0.00647	0.00651	0.01427	0.01723	0.12289	0.42742	0.15588	0.14791	0.01426	0.00770	0.00218	0.00360	0.01248	0.00704	0.00669
26	0.46727	0.01400	0.01306	0.01095	0.01535	0.01569	0.00896	0.17167	0.10329	0.10118	0.01444	0.01467	0.01052	0.00705	0.00520	0.00205	0.00562	0.00486	0.00535	0.00882
27	0.00820	0.00585	0.00784	0.00937	0.00982	0.00550	0.00641	0.00947	0.01278	0.01700	0.03619	0.71776	0.04316	0.02046	0.00845	0.00270	0.00397	0.06358	0.00611	0.00540
28	0.02865	0.01140	0.01525	0.01183	0.01683	0.01013	0.00973	0.03228	0.06589	0.68457	0.02603	0.02255	0.01655	0.00820	0.00663	0.00205	0.00558	0.00668	0.00805	0.01115
29	0.00961	0.00691	0.00861	0.00945	0.01053	0.00671	0.00664	0.01266	0.08252	0.03883	0.05766	0.54125	0.10202	0.03961	0.00884	0.00267	0.00409	0.03914	0.00620	0.00605
30	0.81514	0.01273	0.00968	0.00866	0.01273	0.01477	0.00713	0.01935	0.01120	0.02954	0.00917	0.01069	0.00713	0.00611	0.00407	0.00204	0.00509	0.00356	0.00407	0.00713
31	0.01544	0.02280	0.29501	0.02875	0.34482	0.01582	0.06841	0.05002	0.05462	0.02240	0.01318	0.01593	0.01018	0.00625	0.00652	0.00204	0.00860	0.00571	0.00341	0.01009
32	0.01764	0.01652	0.02510	0.03495	0.57117	0.06753	0.03702	0.05553	0.01634	0.05135	0.03475	0.01725	0.01214	0.00635	0.00656	0.00195	0.00794	0.00602	0.00376	0.01013
33	0.03304	0.00746	0.00893	0.00838	0.01064	0.00665	0.00639	0.01367	0.01644	0.10075	0.30301	0.11480	0.27180	0.01427	0.00755	0.00217	0.00372	0.03272	0.00664	0.03095
34	0.02118	0.04697	0.03584	0.01346	0.01800	0.03807	0.01108	0.14757	0.36505	0.19507	0.02308	0.02130	0.01652	0.00830	0.00652	0.00209	0.00605	0.00666	0.00665	0.01055

[dist]
# distance from previous block
# <min> <max>
1	3

[block]
# block no. 3 follows, 33 sequences, length 22
# corresponding to MSA columns:
# 120,121,132-151
name=unknown_D
#
# <colnr> <probs for GDERKNQSTAVLIFYWHMCP>
#	G	D	E	R	K	N	Q	S	T	A	V	L	I	F	Y	W	H	M	C	P
0	0.01560	0.14010	0.51119	0.04011	0.02608	0.01716	0.02049	0.08904	0.01568	0.04805	0.01233	0.01402	0.00894	0.00641	0.00601	0.00198	0.00890	0.00487	0.00336	0.00966
1	0.01039	0.02666	0.03863	0.00909	0.01156	0.00833	0.00734	0.03951	0.08959	0.02227	0.23516	0.11749	0.29445	0.01416	0.00749	0.00219	0.00406	0.02820	0.02673	0.00670
2	0.01505	0.01121	0.01316	0.01173	0.01484	0.03726	0.03420	0.05044	0.19500	0.10814	0.09339	0.17140	0.08602	0.01219	0.00723	0.00220	0.00522	0.05597	0.00626	0.06909
3	0.04696	0.03524	0.01182	0.01016	0.01304	0.07459	0.00794	0.03702	0.14328	0.06355	0.16707	0.05186	0.14877	0.01101	0.00667	0.00202	0.00494	0.03383	0.09336	0.03689
4	0.01938	0.01746	0.02261	0.02804	0.38327	0.07441	0.01621	0.21273	0.11076	0.02741	0.01503	0.01688	0.01174	0.00690	0.00651	0.00198	0.00764	0.00596	0.00464	0.01042
5	0.01760	0.77260	0.03450	0.01126	0.01690	0.02605	0.01126	0.01971	0.01338	0.01549	0.00915	0.01056	0.00845	0.00563	0.00422	0.00141	0.00704	0.00352	0.00282	0.00845
6	0.01333	0.01145	0.01400	0.01036	0.01568	0.00903	0.03095	0.01688	0.03992	0.02191	0.06719	0.03767	0.01506	0.00614	0.00536	0.00119	0.00493	0.00518	0.00430	0.66946
7	0.00956	0.00643	0.00744	0.00744	0.00753	0.00652	0.00431	0.00974	0.00965	0.01296	0.02051	0.04177	0.02337	0.71392	0.08745	0.00670	0.00724	0.00938	0.00395	0.00413
8	0.02091	0.02396	0.02228	0.02735	0.33551	0.39582	0.01605	0.04485	0.01741	0.01931	0.01134	0.01397	0.00943	0.00641	0.00622	0.00182	0.00992	0.00502	0.00343	0.00899
9	0.01241	0.00819	0.01020	0.00960	0.01176	0.00794	0.00735	0.01725	0.11346	0.10503	0.37798	0.13132	0.09392	0.01360	0.00764	0.00223	0.00396	0.05196	0.00699	0.00720
10	0.01687	0.01698	0.02694	0.03776	0.62620	0.07099	0.06654	0.02073	0.01531	0.02107	0.01228	0.01606	0.01025	0.00591	0.00656	0.00195	0.00835	0.00587	0.00327	0.01011
11	0.01942	0.01423	0.01520	0.01284	0.01681	0.04116	0.01019	0.18987	0.32219	0.12881	0.10158	0.02616	0.05327	0.00934	0.00680	0.00211	0.00568	0.00763	0.00679	0.00993
12	0.81514	0.01273	0.00968	0.00866	0.01273	0.01477	0.00713	0.01935	0.01120	0.02954	0.00917	0.01069	0.00713	0.00611	0.00407	0.00204	0.00509	0.00356	0.00407	0.00713
13	0.81514	0.01273	0.00968	0.00866	0.01273	0.01477	0.00713	0.01935	0.01120	0.02954	0.00917	0.01069	0.00713	0.00611	0.00407	0.00204	0.00509	0.00356	0.00407	0.00713
14	0.00970	0.00700	0.00953	0.01095	0.01219	0.00683	0.00899	0.01212	0.01443	0.01877	0.03728	0.26651	0.08321	0.01877	0.00882	0.00288	0.00526	0.45484	0.00608	0.00583
15	0.00895	0.00671	0.00829	0.00790	0.00961	0.00606	0.00592	0.01171	0.01777	0.02434	0.56730	0.05256	0.22020	0.01423	0.00777	0.00211	0.00316	0.01238	0.00698	0.00606
16	0.02360	0.09200	0.02003	0.01650	0.01994	0.65342	0.01267	0.02532	0.01787	0.01605	0.01003	0.01187	0.00848	0.00688	0.00644	0.00172	0.04194	0.00424	0.00332	0.00768
17	0.01061	0.00758	0.01061	0.01212	0.01364	0.00758	0.01061	0.01364	0.01515	0.01970	0.03486	0.07426	0.03789	0.01819	0.00909	0.00303	0.00606	0.68326	0.00606	0.00606
18	0.05232	0.01558	0.02742	0.02290	0.11350	0.01544	0.33098	0.08073	0.07885	0.12095	0.01638	0.01855	0.01203	0.00668	0.00729	0.00212	0.02515	0.00690	0.03675	0.00950
19	0.02657	0.01208	0.01688	0.01295	0.01791	0.01105	0.05766	0.08785	0.03893	0.56089	0.06728	0.02323	0.01835	0.00830	0.00677	0.00205	0.00596	0.00699	0.00759	0.01071
20	0.00813	0.00585	0.00773	0.00919	0.00970	0.00546	0.00627	0.00938	0.01282	0.01698	0.03753	0.70312	0.07268	0.02034	0.00841	0.00267	0.00390	0.04835	0.00611	0.00539
21	0.01629	0.01564	0.02672	0.04041	0.72757	0.01564	0.02020	0.02020	0.01499	0.02151	0.01238	0.01629	0.01043	0.00587	0.00652	0.00196	0.00782	0.00587	0.00326	0.01043

[dist]
# distance from previous block
# <min> <max>
4	8

[block]
# block no. 4 follows, 33 sequences, length 25
# corresponding to MSA columns:
# 160-184
name=unknown_E
#
# <colnr> <probs for GDERKNQSTAVLIFYWHMCP>
#	G	D	E	R	K	N	Q	S	T	A	V	L	I	F	Y	W	H	M	C	P
0	0.01773	0.55417	0.13192	0.01307	0.01896	0.10627	0.01326	0.02119	0.03996	0.01677	0.01030	0.01170	0.00887	0.00597	0.00480	0.00157	0.00791	0.00394	0.00302	0.00861
1	0.01760	0.77260	0.03450	0.01126	0.01690	0.02605	0.01126	0.01971	0.01338	0.01549	0.00915	0.01056	0.00845	0.00563	0.00422	0.00141	0.00704	0.00352	0.00282	0.00845
2	0.02844	0.01124	0.01517	0.01158	0.01672	0.00961	0.00955	0.03101	0.01848	0.68311	0.02499	0.02180	0.01584	0.00792	0.00650	0.00196	0.00555	0.00643	0.00786	0.06623
3	0.00940	0.00705	0.01058	0.01058	0.01176	0.00823	0.00823	0.01176	0.01058	0.01528	0.01763	0.02586	0.01646	0.04937	0.74255	0.01058	0.01763	0.00705	0.00353	0.00588
4	0.01732	0.65318	0.12149	0.01234	0.01847	0.02450	0.01294	0.04448	0.01407	0.01709	0.00972	0.01117	0.00853	0.00579	0.00456	0.00151	0.00738	0.00377	0.00295	0.00871
5	0.01497	0.01266	0.01367	0.01238	0.01567	0.01435	0.00958	0.03048	0.57661	0.02731	0.16592	0.02947	0.02848	0.00983	0.00691	0.00220	0.00479	0.00833	0.00681	0.00958
6	0.81514	0.01273	0.00968	0.00866	0.01273	0.01477	0.00713	0.01935	0.01120	0.02954	0.00917	0.01069	0.00713	0.00611	0.00407	0.00204	0.00509	0.00356	0.00407	0.00713
7	0.00778	0.00667	0.00667	0.00667	0.00889	0.00556	0.00500	0.00945	0.01501	0.01778	0.06669	0.06336	0.72490	0.01667	0.00778	0.00222	0.00333	0.01389	0.00611	0.00556
8	0.81514	0.01273	0.00968	0.00866	0.01273	0.01477	0.00713	0.01935	0.01120	0.02954	0.00917	0.01069	0.00713	0.00611	0.00407	0.00204	0.00509	0.00356	0.00407	0.00713
9	0.01637	0.01414	0.01489	0.01340	0.01712	0.01637	0.01042	0.03498	0.71568	0.02754	0.02679	0.02456	0.02010	0.00893	0.00670	0.00223	0.00521	0.00744	0.00670	0.01042
10	0.01557	0.01766	0.03828	0.02834	0.06671	0.01660	0.67182	0.02105	0.01551	0.02111	0.01327	0.01769	0.01001	0.00556	0.00771	0.00221	0.01095	0.00768	0.00333	0.00895
11	0.00957	0.00638	0.00718	0.00718	0.00718	0.00638	0.00399	0.00957	0.00957	0.01276	0.02074	0.04308	0.02393	0.76864	0.03351	0.00638	0.00638	0.00957	0.00399	0.00399
12	0.02491	0.02174	0.01948	0.01561	0.02040	0.20469	0.01257	0.53218	0.02781	0.03501	0.01437	0.01480	0.01050	0.00762	0.00642	0.00190	0.00843	0.00550	0.00577	0.01029
13	0.02739	0.01073	0.01459	0.01135	0.01607	0.00931	0.00931	0.03000	0.01882	0.65729	0.10000	0.02525	0.02116	0.00871	0.00674	0.00204	0.00534	0.00718	0.00805	0.01067
14	0.01320	0.03405	0.73453	0.01876	0.02849	0.01529	0.02432	0.02085	0.01390	0.02085	0.01181	0.01390	0.00834	0.00625	0.00625	0.00208	0.00973	0.00486	0.00278	0.00973
15	0.01637	0.01414	0.01489	0.01340	0.01712	0.01637	0.01042	0.03498	0.71568	0.02754	0.02679	0.02456	0.02010	0.00893	0.00670	0.00223	0.00521	0.00744	0.00670	0.01042
16	0.02459	0.03138	0.01866	0.01696	0.02035	0.74221	0.01272	0.02629	0.01866	0.01611	0.01018	0.01187	0.00848	0.00678	0.00594	0.00170	0.01187	0.00424	0.00339	0.00763
17	0.01538	0.01458	0.02386	0.03517	0.60811	0.01459	0.01798	0.01990	0.05599	0.02146	0.01911	0.02188	0.08843	0.00722	0.00666	0.00200	0.00718	0.00683	0.00377	0.00990
18	0.09943	0.01181	0.01865	0.67216	0.04181	0.01464	0.01707	0.01709	0.01295	0.01820	0.01143	0.01681	0.00860	0.00653	0.00631	0.00218	0.00838	0.00560	0.00305	0.00729
19	0.01760	0.77260	0.03450	0.01126	0.01690	0.02605	0.01126	0.01971	0.01338	0.01549	0.00915	0.01056	0.00845	0.00563	0.00422	0.00141	0.00704	0.00352	0.00282	0.00845
20	0.01355	0.03189	0.65653	0.01818	0.02726	0.01541	0.02282	0.02238	0.08996	0.02157	0.01344	0.01505	0.00961	0.00654	0.00630	0.00210	0.00924	0.00514	0.00320	0.00980
21	0.01760	0.77260	0.03450	0.01126	0.01690	0.02605	0.01126	0.01971	0.01338	0.01549	0.00915	0.01056	0.00845	0.00563	0.00422	0.00141	0.00704	0.00352	0.00282	0.00845
22	0.01362	0.10388	0.66835	0.01805	0.02740	0.01631	0.02309	0.02074	0.01385	0.02034	0.01156	0.01358	0.00835	0.00620	0.00606	0.00202	0.00948	0.00474	0.00278	0.00961
23	0.01364	0.06326	0.62977	0.01942	0.02865	0.01589	0.09740	0.02083	0.01405	0.02065	0.01187	0.01418	0.00852	0.00615	0.00633	0.00207	0.00976	0.00512	0.00284	0.00958
24	0.01061	0.00758	0.01061	0.01212	0.01364	0.00758	0.01061	0.01364	0.01515	0.01970	0.03486	0.07426	0.03789	0.01819	0.00909	0.00303	0.00606	0.68326	0.00606	0.00606

[dist]
# distance from previous block
# <min> <max>
0	2

[block]
# block no. 5 follows, 33 sequences, length 18
# corresponding to MSA columns:
# 187-204
name=unknown_F
#
# <colnr> <probs for GDERKNQSTAVLIFYWHMCP>
#	G	D	E	R	K	N	Q	S	T	A	V	L	I	F	Y	W	H	M	C	P
0	0.01034	0.00740	0.01024	0.01134	0.01286	0.00730	0.00971	0.01339	0.01587	0.02107	0.17601	0.06912	0.04285	0.01722	0.00882	0.00283	0.00546	0.54577	0.00630	0.00609
1	0.01608	0.01542	0.02633	0.08056	0.68912	0.01558	0.02010	0.02001	0.01489	0.02124	0.01234	0.01636	0.01033	0.00591	0.00652	0.00197	0.00787	0.00586	0.00324	0.01025
2	0.00943	0.00696	0.01011	0.01011	0.01112	0.00797	0.00764	0.01145	0.01044	0.01493	0.01806	0.02824	0.01749	0.14865	0.64469	0.01000	0.01608	0.00740	0.00359	0.00562
3	0.00778	0.00667	0.00667	0.00667	0.00889	0.00556	0.00500	0.00945	0.01501	0.01778	0.06669	0.06336	0.72490	0.01667	0.00778	0.00222	0.00333	0.01389	0.00611	0.00556
4	0.01352	0.08701	0.68433	0.01823	0.02766	0.01606	0.02339	0.02077	0.01386	0.02046	0.01162	0.01366	0.00835	0.00621	0.00611	0.00204	0.00954	0.00477	0.00278	0.00964
5	0.01355	0.05464	0.55295	0.01949	0.02809	0.01538	0.13540	0.02039	0.01433	0.02083	0.03342	0.01726	0.01107	0.00668	0.00657	0.00211	0.00956	0.02583	0.00310	0.00933
6	0.01449	0.02553	0.38165	0.02509	0.12956	0.01583	0.27053	0.02084	0.01465	0.02103	0.01244	0.01564	0.00923	0.00594	0.00684	0.00212	0.00996	0.00606	0.00305	0.00952
7	0.00839	0.00599	0.00806	0.00959	0.01013	0.00566	0.00675	0.00980	0.01297	0.01722	0.03608	0.66670	0.04274	0.02028	0.00850	0.00272	0.00414	0.11274	0.00610	0.00545
8	0.07284	0.01659	0.02111	0.01606	0.02135	0.01755	0.11875	0.41355	0.06197	0.14714	0.01722	0.01731	0.01205	0.00752	0.00662	0.00204	0.00734	0.00626	0.00618	0.01054
9	0.01619	0.01594	0.02844	0.03862	0.62949	0.01578	0.11691	0.02033	0.01507	0.02145	0.01252	0.01650	0.01037	0.00582	0.00669	0.00199	0.00828	0.00614	0.00327	0.01021
10	0.01300	0.01228	0.02076	0.64883	0.14492	0.01477	0.01856	0.01731	0.01343	0.01750	0.01180	0.01737	0.00902	0.00648	0.00657	0.00216	0.00864	0.00585	0.00297	0.00777
11	0.01556	0.01477	0.02503	0.03765	0.66407	0.01473	0.01896	0.01923	0.01478	0.02109	0.01450	0.08245	0.01336	0.00717	0.00668	0.00202	0.00747	0.00700	0.00351	0.00998
12	0.51453	0.01681	0.07699	0.04863	0.01720	0.08655	0.01027	0.09307	0.01447	0.02791	0.01074	0.01244	0.00821	0.00646	0.00486	0.00199	0.00652	0.00420	0.03031	0.00782
13	0.13799	0.01229	0.01851	0.02353	0.31059	0.01243	0.06209	0.01740	0.03350	0.02195	0.04204	0.12357	0.07778	0.01010	0.00685	0.00221	0.00637	0.06811	0.00446	0.00823
14	0.06663	0.04418	0.11679	0.01615	0.09280	0.12661	0.01292	0.02482	0.08878	0.20866	0.05474	0.02066	0.03894	0.00793	0.00665	0.00199	0.02613	0.00620	0.02917	0.00925
15	0.01810	0.11033	0.09523	0.02451	0.27145	0.10846	0.05108	0.07240	0.12423	0.03965	0.01450	0.01627	0.01140	0.00665	0.00624	0.00193	0.00810	0.00564	0.00406	0.00976
16	0.09451	0.18168	0.07896	0.01368	0.03872	0.15022	0.01161	0.05761	0.11521	0.05341	0.01756	0.05911	0.04540	0.00796	0.00577	0.00186	0.00721	0.00601	0.00443	0.04906
17	0.01821	0.20681	0.12175	0.01650	0.06110	0.12924	0.06746	0.08353	0.10616	0.05161	0.03811	0.01804	0.03916	0.00729	0.00604	0.00187	0.00798	0.00577	0.00428	0.00908

[dist]
# distance from previous block
# <min> <max>
0	14

[block]
# block no. 6 follows, 33 sequences, length 50
# corresponding to MSA columns:
# 219-268
name=unknown_G
#
# <colnr> <probs for GDERKNQSTAVLIFYWHMCP>
#	G	D	E	R	K	N	Q	S	T	A	V	L	I	F	Y	W	H	M	C	P
0	0.11594	0.15471	0.07912	0.01422	0.01872	0.16804	0.05736	0.06884	0.03606	0.08208	0.05134	0.03544	0.03272	0.00785	0.00677	0.00194	0.05031	0.00582	0.00435	0.00839
1	0.08655	0.08903	0.15970	0.01636	0.05851	0.23412	0.01417	0.12102	0.08029	0.02292	0.01323	0.01544	0.01059	0.04210	0.00716	0.00210	0.00873	0.00511	0.00405	0.00882
2	0.04288	0.33695	0.17790	0.01635	0.08063	0.08340	0.01494	0.11249	0.04025	0.02151	0.01157	0.01305	0.00932	0.00631	0.00539	0.00175	0.00800	0.00452	0.00357	0.00921
3	0.04505	0.03694	0.05716	0.02252	0.26093	0.05670	0.01444	0.14493	0.03965	0.16224	0.03930	0.03908	0.01420	0.00747	0.00642	0.00196	0.00709	0.00629	0.00512	0.03252
4	0.15192	0.01577	0.01634	0.03662	0.01818	0.11231	0.04783	0.14843	0.07925	0.04643	0.03559	0.08265	0.01555	0.00901	0.00761	0.00209	0.07321	0.02577	0.00493	0.07052
5	0.01757	0.01572	0.02363	0.03261	0.52217	0.03808	0.01743	0.09881	0.05894	0.04685	0.03220	0.03872	0.01343	0.00699	0.00661	0.00199	0.00742	0.00645	0.00418	0.01021
6	0.00940	0.00705	0.01058	0.01058	0.01176	0.00823	0.00823	0.01176	0.01058	0.01528	0.01763	0.02586	0.01646	0.04937	0.74255	0.01058	0.01763	0.00705	0.00353	0.00588
7	0.00965	0.00618	0.00734	0.00820	0.00915	0.00597	0.00571	0.01200	0.03577	0.01969	0.03278	0.46612	0.06935	0.01587	0.00709	0.00227	0.00360	0.01405	0.26344	0.00578
8	0.02306	0.01746	0.01865	0.01475	0.01967	0.01950	0.01204	0.55348	0.18628	0.03832	0.01830	0.01779	0.01321	0.00814	0.00661	0.00203	0.00678	0.00627	0.00661	0.01102
9	0.01425	0.01168	0.01371	0.00982	0.01565	0.00881	0.00787	0.01716	0.01385	0.04809	0.01224	0.01398	0.01000	0.00500	0.00494	0.00101	0.00490	0.00400	0.00406	0.77899
10	0.01320	0.03405	0.73453	0.01876	0.02849	0.01529	0.02432	0.02085	0.01390	0.02085	0.01181	0.01390	0.00834	0.00625	0.00625	0.00208	0.00973	0.00486	0.00278	0.00973
11	0.01380	0.13406	0.63974	0.01775	0.02692	0.01675	0.02256	0.02069	0.01383	0.02012	0.01145	0.01345	0.00835	0.00617	0.00598	0.00199	0.00937	0.00468	0.00278	0.00956
12	0.02930	0.01158	0.01551	0.01189	0.01699	0.01023	0.00982	0.06683	0.01947	0.69650	0.02545	0.02207	0.01603	0.00814	0.00662	0.00203	0.00569	0.00658	0.00807	0.01120
13	0.02954	0.01120	0.01528	0.01171	0.01681	0.00968	0.00968	0.03208	0.01884	0.73213	0.02597	0.02241	0.01630	0.00815	0.00662	0.00204	0.00560	0.00662	0.00815	0.01120
14	0.00800	0.00581	0.00756	0.00896	0.00949	0.00536	0.00602	0.00919	0.01280	0.01689	0.03878	0.70684	0.09943	0.02030	0.00835	0.00264	0.00378	0.01832	0.00611	0.00536
15	0.01236	0.01227	0.02197	0.10064	0.02407	0.03884	0.27690	0.01585	0.01394	0.01843	0.02139	0.23382	0.02182	0.01599	0.09516	0.00337	0.00926	0.05254	0.00427	0.00712
16	0.02735	0.01361	0.01656	0.01275	0.01778	0.01338	0.01051	0.27103	0.02298	0.46269	0.02221	0.02013	0.01450	0.00804	0.00654	0.00200	0.00610	0.00636	0.03446	0.01103
17	0.00870	0.00625	0.00825	0.00870	0.00970	0.00580	0.00616	0.01087	0.01576	0.02182	0.39589	0.39044	0.05325	0.01688	0.00807	0.00236	0.00345	0.01515	0.00670	0.00580
18	0.01365	0.01170	0.01365	0.00975	0.01560	0.00878	0.00780	0.01658	0.01365	0.02145	0.01170	0.01365	0.00975	0.00488	0.00488	0.00098	0.00488	0.00390	0.00390	0.80888
19	0.01769	0.25471	0.31204	0.01463	0.02160	0.01778	0.01618	0.02408	0.09831	0.14021	0.01518	0.01558	0.01112	0.00670	0.00575	0.00189	0.00767	0.00506	0.00417	0.00967
20	0.01440	0.01440	0.02016	0.01728	0.01728	0.02016	0.01440	0.01584	0.01008	0.01584	0.00864	0.01440	0.00864	0.01152	0.02160	0.00288	0.75659	0.00576	0.00288	0.00720
21	0.00802	0.00573	0.00764	0.00917	0.00955	0.00535	0.00611	0.00917	0.01260	0.01681	0.03628	0.76434	0.04354	0.02062	0.00840	0.00267	0.00382	0.01872	0.00611	0.00535
22	0.01384	0.01255	0.01990	0.63052	0.07380	0.01524	0.01760	0.07751	0.03869	0.01955	0.01260	0.01758	0.00945	0.00674	0.00658	0.00217	0.00848	0.00591	0.00339	0.00790
23	0.01670	0.01969	0.20202	0.02042	0.02674	0.01473	0.31022	0.04714	0.01605	0.12450	0.05860	0.02031	0.03268	0.00730	0.00798	0.00218	0.05215	0.00712	0.00430	0.00917
24	0.02356	0.01771	0.01893	0.01485	0.01986	0.01973	0.01216	0.59228	0.14668	0.03913	0.01766	0.01729	0.01270	0.00808	0.00660	0.00202	0.00690	0.00618	0.00660	0.01106
25	0.02472	0.01829	0.01959	0.01509	0.02030	0.02027	0.01244	0.68221	0.05485	0.04100	0.01619	0.01611	0.01151	0.00794	0.00659	0.00198	0.00717	0.00598	0.00659	0.01117
26	0.02287	0.01537	0.01705	0.01389	0.01828	0.03797	0.01128	0.28508	0.21092	0.20592	0.02135	0.02136	0.01546	0.00868	0.00738	0.00213	0.04109	0.02666	0.00672	0.01054
27	0.01563	0.01635	0.02485	0.08346	0.16491	0.07459	0.15301	0.01868	0.01318	0.01829	0.01078	0.01548	0.00930	0.00823	0.01288	0.00236	0.31673	0.00601	0.00312	0.03215
28	0.01347	0.01268	0.02101	0.56033	0.19168	0.01494	0.01829	0.01849	0.04981	0.01839	0.01263	0.01764	0.00972	0.00655	0.00657	0.00214	0.00838	0.00594	0.00319	0.00815
29	0.02501	0.01904	0.01971	0.01523	0.02041	0.05383	0.01252	0.67417	0.03038	0.04031	0.01554	0.01562	0.01107	0.00785	0.00656	0.00196	0.00746	0.00585	0.00644	0.01103
30	0.01320	0.03405	0.73453	0.01876	0.02849	0.01529	0.02432	0.02085	0.01390	0.02085	0.01181	0.01390	0.00834	0.00625	0.00625	0.00208	0.00973	0.00486	0.00278	0.00973
31	0.01320	0.03405	0.73453	0.01876	0.02849	0.01529	0.02432	0.02085	0.01390	0.02085	0.01181	0.01390	0.00834	0.00625	0.00625	0.00208	0.00973	0.00486	0.00278	0.00973
32	0.01061	0.00758	0.01061	0.01212	0.01364	0.00758	0.01061	0.01364	0.01515	0.01970	0.03486	0.07426	0.03789	0.01819	0.00909	0.00303	0.00606	0.68326	0.00606	0.00606
33	0.00802	0.00573	0.00764	0.00917	0.00955	0.00535	0.00611	0.00917	0.01260	0.01681	0.03628	0.76434	0.04354	0.02062	0.00840	0.00267	0.00382	0.01872	0.00611	0.00535
34	0.02503	0.01844	0.01976	0.01515	0.02042	0.02042	0.01251	0.70562	0.03095	0.04149	0.01581	0.01581	0.01120	0.00790	0.00659	0.00198	0.00724	0.00593	0.00659	0.01120
35	0.02459	0.03138	0.01866	0.01696	0.02035	0.74221	0.01272	0.02629	0.01866	0.01611	0.01018	0.01187	0.00848	0.00678	0.00594	0.00170	0.01187	0.00424	0.00339	0.00763
36	0.01554	0.01776	0.03885	0.02775	0.03441	0.01665	0.70366	0.02109	0.01554	0.02109	0.01332	0.01776	0.00999	0.00555	0.00777	0.00222	0.01110	0.00777	0.00333	0.00888
37	0.01061	0.00758	0.01061	0.01212	0.01364	0.00758	0.01061	0.01364	0.01515	0.01970	0.03486	0.07426	0.03789	0.01819	0.00909	0.00303	0.00606	0.68326	0.00606	0.00606
38	0.00802	0.00573	0.00764	0.00917	0.00955	0.00535	0.00611	0.00917	0.01260	0.01681	0.03628	0.76434	0.04354	0.02062	0.00840	0.00267	0.00382	0.01872	0.00611	0.00535
39	0.02488	0.02278	0.01939	0.01576	0.02039	0.26280	0.01258	0.47749	0.02682	0.03297	0.01392	0.01448	0.01028	0.00753	0.00637	0.00188	0.00880	0.00536	0.00551	0.01000
40	0.81514	0.01273	0.00968	0.00866	0.01273	0.01477	0.00713	0.01935	0.01120	0.02954	0.00917	0.01069	0.00713	0.00611	0.00407	0.00204	0.00509	0.00356	0.00407	0.00713
41	0.00778	0.00667	0.00667	0.00667	0.00889	0.00556	0.00500	0.00945	0.01501	0.01778	0.06669	0.06336	0.72490	0.01667	0.00778	0.00222	0.00333	0.01389	0.00611	0.00556
42	0.01365	0.01170	0.01365	0.00975	0.01560	0.00878	0.00780	0.01658	0.01365	0.02145	0.01170	0.01365	0.00975	0.00488	0.00488	0.00098	0.00488	0.00390	0.00390	0.80888
43	0.01320	0.03405	0.73453	0.01876	0.02849	0.01529	0.02432	0.02085	0.01390	0.02085	0.01181	0.01390	0.00834	0.00625	0.00625	0.00208	0.00973	0.00486	0.00278	0.00973
44	0.00915	0.00672	0.00856	0.00810	0.00973	0.00614	0.00608	0.01209	0.01823	0.02544	0.65050	0.05076	0.13631	0.01382	0.00777	0.00209	0.00313	0.01213	0.00712	0.00614
45	0.01817	0.71180	0.03320	0.01173	0.01718	0.08479	0.01138	0.02025	0.01381	0.01554	0.00924	0.01067	0.00845	0.00573	0.00436	0.00143	0.00744	0.00358	0.00286	0.00838
46	0.00802	0.00573	0.00764	0.00917	0.00955	0.00535	0.00611	0.00917	0.01260	0.01681	0.03628	0.76434	0.04354	0.02062	0.00840	0.00267	0.00382	0.01872	0.00611	0.00535
47	0.81514	0.01273	0.00968	0.00866	0.01273	0.01477	0.00713	0.01935	0.01120	0.02954	0.00917	0.01069	0.00713	0.00611	0.00407	0.00204	0.00509	0.00356	0.00407	0.00713
48	0.00778	0.00667	0.00667	0.00667	0.00889	0.00556	0.00500	0.00945	0.01501	0.01778	0.06669	0.06336	0.72490	0.01667	0.00778	0.00222	0.00333	0.01389	0.00611	0.00556
49	0.01455	0.26112	0.45102	0.01633	0.02413	0.01852	0.04012	0.02008	0.01382	0.01922	0.03389	0.01413	0.01017	0.00643	0.00619	0.00190	0.03151	0.00479	0.00295	0.00912

[dist]
# distance from previous block
# <min> <max>
0	4

[block]
# block no. 7 follows, 33 sequences, length 25
# corresponding to MSA columns:
# 273-297
name=unknown_H
#
# <colnr> <probs for GDERKNQSTAVLIFYWHMCP>
#	G	D	E	R	K	N	Q	S	T	A	V	L	I	F	Y	W	H	M	C	P
0	0.02851	0.01098	0.01495	0.01154	0.01645	0.00950	0.00950	0.03109	0.01883	0.69632	0.06140	0.02377	0.01862	0.00842	0.00668	0.00204	0.00548	0.00689	0.00810	0.01095
1	0.01629	0.01564	0.02672	0.04041	0.72757	0.01564	0.02020	0.02020	0.01499	0.02151	0.01238	0.01629	0.01043	0.00587	0.00652	0.00196	0.00782	0.00587	0.00326	0.01043
2	0.00778	0.00667	0.00667	0.00667	0.00889	0.00556	0.00500	0.00945	0.01501	0.01778	0.06669	0.06336	0.72490	0.01667	0.00778	0.00222	0.00333	0.01389	0.00611	0.00556
3	0.01435	0.01369	0.02309	0.38331	0.36985	0.01533	0.01904	0.01840	0.01391	0.01902	0.01190	0.01682	0.00956	0.00644	0.00715	0.00211	0.03827	0.00585	0.00308	0.00880
4	0.02459	0.03138	0.01866	0.01696	0.02035	0.74221	0.01272	0.02629	0.01866	0.01611	0.01018	0.01187	0.00848	0.00678	0.00594	0.00170	0.01187	0.00424	0.00339	0.00763
5	0.00778	0.00667	0.00667	0.00667	0.00889	0.00556	0.00500	0.00945	0.01501	0.01778	0.06669	0.06336	0.72490	0.01667	0.00778	0.00222	0.00333	0.01389	0.00611	0.00556
6	0.01320	0.03405	0.73453	0.01876	0.02849	0.01529	0.02432	0.02085	0.01390	0.02085	0.01181	0.01390	0.00834	0.00625	0.00625	0.00208	0.00973	0.00486	0.00278	0.00973
7	0.02935	0.01150	0.01546	0.01185	0.01695	0.01011	0.00979	0.05931	0.01933	0.70421	0.02556	0.02214	0.01609	0.00814	0.00662	0.00203	0.00567	0.00659	0.00808	0.01120
8	0.01637	0.01414	0.01489	0.01340	0.01712	0.01637	0.01042	0.03498	0.71568	0.02754	0.02679	0.02456	0.02010	0.00893	0.00670	0.00223	0.00521	0.00744	0.00670	0.01042
9	0.01320	0.03405	0.73453	0.01876	0.02849	0.01529	0.02432	0.02085	0.01390	0.02085	0.01181	0.01390	0.00834	0.00625	0.00625	0.00208	0.00973	0.00486	0.00278	0.00973
10	0.01443	0.24004	0.53928	0.01667	0.02526	0.01829	0.02068	0.02053	0.01375	0.01935	0.01107	0.01297	0.00837	0.00608	0.00569	0.00190	0.00898	0.00449	0.00279	0.00937
11	0.02954	0.01120	0.01528	0.01171	0.01681	0.00968	0.00968	0.03208	0.01884	0.73213	0.02597	0.02241	0.01630	0.00815	0.00662	0.00204	0.00560	0.00662	0.00815	0.01120
12	0.01629	0.01564	0.02672	0.04041	0.72757	0.01564	0.02020	0.02020	0.01499	0.02151	0.01238	0.01629	0.01043	0.00587	0.00652	0.00196	0.00782	0.00587	0.00326	0.01043
13	0.01045	0.00958	0.01712	0.01470	0.01724	0.00893	0.21544	0.01311	0.01393	0.01841	0.03251	0.41386	0.10517	0.01550	0.00820	0.00252	0.00612	0.06546	0.00527	0.00648
14	0.01532	0.01465	0.02496	0.22005	0.55554	0.01539	0.01972	0.01935	0.01453	0.02033	0.01221	0.01661	0.01001	0.00605	0.00653	0.00202	0.00806	0.00586	0.00317	0.00964
15	0.00816	0.00592	0.00764	0.00885	0.00941	0.00556	0.00594	0.00933	0.01253	0.01655	0.03728	0.61774	0.10488	0.07398	0.04019	0.00322	0.00452	0.01714	0.00586	0.00529
16	0.00819	0.00599	0.00775	0.00909	0.00978	0.00554	0.00632	0.00955	0.01309	0.01715	0.03989	0.62565	0.12629	0.01995	0.00838	0.00265	0.00393	0.06927	0.00611	0.00543
17	0.01415	0.01216	0.01918	0.01693	0.06828	0.07844	0.20011	0.01452	0.01190	0.01526	0.01191	0.01836	0.01069	0.01536	0.01754	0.45256	0.00793	0.00616	0.00307	0.00551
18	0.01585	0.33478	0.39726	0.01544	0.02318	0.02005	0.01814	0.06940	0.01491	0.02014	0.01101	0.01267	0.00859	0.00612	0.00545	0.00180	0.00845	0.00439	0.00307	0.00931
19	0.01535	0.01396	0.02616	0.38846	0.09461	0.01491	0.24219	0.01991	0.01462	0.08505	0.01361	0.01797	0.01001	0.00633	0.00697	0.00217	0.00916	0.00655	0.00357	0.00844
20	0.01560	0.01620	0.02610	0.07260	0.23002	0.05436	0.16857	0.01886	0.01335	0.01873	0.01104	0.01577	0.00946	0.00800	0.01241	0.00236	0.28875	0.00616	0.00312	0.00854
21	0.01984	0.02268	0.01917	0.30658	0.03020	0.40258	0.01490	0.07257	0.01740	0.01826	0.01119	0.01440	0.00880	0.00679	0.00624	0.00191	0.01031	0.00500	0.00344	0.00777
22	0.01601	0.01496	0.02525	0.03795	0.67604	0.01496	0.01909	0.01986	0.01491	0.02172	0.01303	0.01688	0.01089	0.00599	0.00638	0.00193	0.00748	0.00589	0.06066	0.01012
23	0.01664	0.01629	0.02639	0.03944	0.69842	0.04559	0.01990	0.02045	0.01514	0.02129	0.01229	0.01611	0.01035	0.00590	0.00649	0.00194	0.00799	0.00580	0.00326	0.01031
24	0.01736	0.73196	0.07302	0.01168	0.01753	0.02546	0.01198	0.01978	0.01341	0.01578	0.00930	0.01074	0.00844	0.00567	0.00434	0.00145	0.00719	0.00359	0.00281	0.00852

[dist]
# distance from previous block
# <min> <max>
0	1

[block]
# block no. 8 follows, 33 sequences, length 21
# corresponding to MSA columns:
# 299-319
name=unknown_I
#
# <colnr> <probs for GDERKNQSTAVLIFYWHMCP>
#	G	D	E	R	K	N	Q	S	T	A	V	L	I	F	Y	W	H	M	C	P
0	0.56928	0.01096	0.00962	0.00921	0.01243	0.01226	0.00741	0.01746	0.01211	0.04964	0.01697	0.14428	0.01677	0.00988	0.00541	0.00225	0.00500	0.07745	0.00476	0.00685
1	0.01365	0.01170	0.01365	0.00975	0.01560	0.00878	0.00780	0.01658	0.01365	0.02145	0.01170	0.01365	0.00975	0.00488	0.00488	0.00098	0.00488	0.00390	0.00390	0.80888
2	0.02503	0.01844	0.01976	0.01515	0.02042	0.02042	0.01251	0.70562	0.03095	0.04149	0.01581	0.01581	0.01120	0.00790	0.00659	0.00198	0.00724	0.00593	0.00659	0.01120
3	0.01521	0.01677	0.03367	0.02470	0.02982	0.01716	0.52123	0.01973	0.01423	0.01991	0.01220	0.01684	0.00967	0.00688	0.01081	0.00232	0.18038	0.00717	0.00325	0.03805
4	0.00957	0.00638	0.00718	0.00718	0.00718	0.00638	0.00399	0.00957	0.00957	0.01276	0.02074	0.04308	0.02393	0.76864	0.03351	0.00638	0.00638	0.00957	0.00399	0.00399
5	0.00932	0.00673	0.00880	0.00828	0.00984	0.00621	0.00621	0.01242	0.01863	0.02640	0.72410	0.04918	0.06212	0.01346	0.00776	0.00207	0.00311	0.01191	0.00725	0.00621
6	0.01365	0.01170	0.01365	0.00975	0.01560	0.00878	0.00780	0.01658	0.01365	0.02145	0.01170	0.01365	0.00975	0.00488	0.00488	0.00098	0.00488	0.00390	0.00390	0.80888
7	0.01694	0.01449	0.01653	0.06734	0.06885	0.01660	0.01186	0.09821	0.55072	0.02773	0.02366	0.02264	0.01776	0.00845	0.00667	0.00219	0.00584	0.00707	0.00618	0.01028
8	0.02459	0.03138	0.01866	0.01696	0.02035	0.74221	0.01272	0.02629	0.01866	0.01611	0.01018	0.01187	0.00848	0.00678	0.00594	0.00170	0.01187	0.00424	0.00339	0.00763
9	0.01045	0.00746	0.01037	0.01167	0.01306	0.00754	0.00998	0.01322	0.01445	0.01891	0.03267	0.06870	0.03542	0.07302	0.06183	0.00379	0.00689	0.58894	0.00574	0.00590
10	0.02954	0.01120	0.01528	0.01171	0.01681	0.00968	0.00968	0.03208	0.01884	0.73213	0.02597	0.02241	0.01630	0.00815	0.00662	0.00204	0.00560	0.00662	0.00815	0.01120
11	0.01026	0.00743	0.00946	0.00869	0.01047	0.00706	0.00659	0.05395	0.01937	0.02730	0.68167	0.04718	0.05907	0.01313	0.00769	0.00206	0.00335	0.01155	0.00721	0.00651
12	0.02459	0.03138	0.01866	0.01696	0.02035	0.74221	0.01272	0.02629	0.01866	0.01611	0.01018	0.01187	0.00848	0.00678	0.00594	0.00170	0.01187	0.00424	0.00339	0.00763
13	0.00957	0.00638	0.00718	0.00718	0.00718	0.00638	0.00399	0.00957	0.00957	0.01276	0.02074	0.04308	0.02393	0.76864	0.03351	0.00638	0.00638	0.00957	0.00399	0.00399
14	0.01088	0.00723	0.00968	0.00952	0.01128	0.00679	0.00760	0.01393	0.01771	0.06687	0.49662	0.05433	0.05285	0.01441	0.00805	0.00233	0.00405	0.19242	0.00698	0.00647
15	0.01546	0.01754	0.03762	0.02706	0.03328	0.01688	0.65845	0.02074	0.01518	0.02074	0.01301	0.01754	0.00990	0.00594	0.00868	0.00226	0.06000	0.00764	0.00330	0.00877
16	0.01440	0.01440	0.02016	0.01728	0.01728	0.02016	0.01440	0.01584	0.01008	0.01584	0.00864	0.01440	0.00864	0.01152	0.02160	0.00288	0.75659	0.00576	0.00288	0.00720
17	0.02317	0.02900	0.01887	0.01701	0.01992	0.64131	0.01296	0.02483	0.01746	0.01607	0.00996	0.01223	0.00850	0.00745	0.00813	0.00186	0.11594	0.00445	0.00332	0.00757
18	0.01243	0.01170	0.01975	0.75282	0.04534	0.01463	0.01828	0.01682	0.01316	0.01682	0.01170	0.01755	0.00878	0.00658	0.00658	0.00219	0.00878	0.00585	0.00293	0.00731
19	0.00969	0.00641	0.00733	0.00733	0.00747	0.00648	0.00427	0.00997	0.00983	0.01346	0.02059	0.04121	0.02317	0.69111	0.07395	0.00641	0.00689	0.00927	0.04097	0.00420
20	0.02164	0.13154	0.02116	0.06103	0.07339	0.51153	0.01330	0.02378	0.01716	0.01663	0.01143	0.01523	0.01000	0.00707	0.00592	0.00177	0.01045	0.03572	0.00340	0.00786

[dist]
# distance from previous block
# <min> <max>
0	23

[block]
# block no. 9 follows, 33 sequences, length 8
# corresponding to MSA columns:
# 343-350
name=unknown_J
#
# <colnr> <probs for GDERKNQSTAVLIFYWHMCP>
#	G	D	E	R	K	N	Q	S	T	A	V	L	I	F	Y	W	H	M	C	P
0	0.00976	0.00773	0.00852	0.00878	0.01076	0.00672	0.00663	0.01129	0.01586	0.01987	0.11209	0.13157	0.49522	0.01767	0.00855	0.00261	0.00424	0.10916	0.00660	0.00638
1	0.01556	0.42914	0.36004	0.01475	0.02229	0.02105	0.01734	0.02024	0.01362	0.01798	0.01039	0.01211	0.00840	0.00592	0.00517	0.00172	0.00829	0.00415	0.00280	0.00904
2	0.01784	0.28268	0.16629	0.01566	0.02160	0.10279	0.10883	0.05793	0.01614	0.06989	0.06919	0.01656	0.01364	0.00680	0.00589	0.00181	0.00828	0.00547	0.00388	0.00883
3	0.08180	0.15195	0.05191	0.01349	0.01884	0.10095	0.03931	0.20098	0.03709	0.05585	0.01302	0.01407	0.01004	0.00645	0.00557	0.00166	0.00721	0.00478	0.00455	0.18049
4	0.13107	0.13427	0.11936	0.03943	0.08530	0.15841	0.04154	0.06270	0.01627	0.08233	0.05946	0.01621	0.01290	0.00693	0.00583	0.00189	0.00800	0.00528	0.00414	0.00869
5	0.01488	0.08508	0.09816	0.01619	0.10299	0.01267	0.07987	0.05465	0.01571	0.06815	0.11790	0.02472	0.05365	0.07033	0.00857	0.00216	0.00655	0.00697	0.00456	0.15625
6	0.01632	0.06032	0.02492	0.05996	0.20913	0.04026	0.18155	0.02011	0.01512	0.06933	0.03595	0.01703	0.01195	0.00600	0.00631	0.00176	0.00774	0.00589	0.00386	0.20650
7	0.01528	0.01442	0.02240	0.20976	0.35562	0.04508	0.04462	0.01938	0.03684	0.04227	0.01718	0.02060	0.06756	0.00744	0.00757	0.00210	0.05271	0.00658	0.00366	0.00892

[dist]
# distance from previous block
# <min> <max>
11	32

[block]
# block no. 10 follows, 33 sequences, length 22
# corresponding to MSA columns:
# 383-404
name=unknown_K
#
