[name]
unknown

[dist]
# distance from previous block
# <min> <max>
8	386

[block]
# block no. 0 follows, 23 sequences, length 11
# corresponding to MSA columns:
# 476-486
name=unknown_A
#
# <colnr> <probs for GDERKNQSTAVLIFYWHMCP>
#	G	D	E	R	K	N	Q	S	T	A	V	L	I	F	Y	W	H	M	C	P
0	0.06014	0.04151	0.01636	0.01326	0.01662	0.01205	0.05505	0.05090	0.04426	0.10310	0.18382	0.12423	0.11307	0.07779	0.04836	0.00367	0.00709	0.01265	0.00725	0.00884
1	0.09863	0.05122	0.01744	0.01374	0.01792	0.05165	0.01105	0.02843	0.07689	0.24790	0.19149	0.06110	0.03395	0.01221	0.00918	0.00257	0.04633	0.00977	0.00794	0.01060
2	0.06217	0.03592	0.08511	0.09395	0.09001	0.01646	0.05189	0.06985	0.01837	0.10722	0.05602	0.02855	0.01962	0.12905	0.04365	0.00394	0.06442	0.00837	0.00545	0.00996
3	0.17040	0.16568	0.08356	0.05619	0.02588	0.02017	0.09969	0.06761	0.01898	0.12855	0.01906	0.02047	0.03649	0.00831	0.00702	0.00233	0.00874	0.00668	0.00543	0.04874
4	0.04480	0.01721	0.04494	0.01603	0.01937	0.08040	0.03577	0.08888	0.04601	0.06307	0.06406	0.07943	0.11300	0.04628	0.08628	0.00410	0.12474	0.01032	0.00603	0.00928
5	0.08148	0.05179	0.02093	0.15676	0.02810	0.01821	0.01422	0.12069	0.15244	0.08965	0.02027	0.02154	0.01510	0.00859	0.00731	0.00228	0.00778	0.00685	0.00620	0.16979
6	0.01734	0.32195	0.02541	0.01309	0.01675	0.07805	0.01091	0.01928	0.01576	0.01895	0.02175	0.16699	0.02351	0.12743	0.08591	0.00428	0.00967	0.00997	0.00470	0.00832
7	0.01356	0.01145	0.01791	0.15167	0.09802	0.01240	0.04480	0.01657	0.01477	0.01999	0.02506	0.05899	0.06391	0.19656	0.21224	0.00695	0.01262	0.01008	0.00461	0.00782
8	0.02410	0.09456	0.02465	0.07311	0.02542	0.02110	0.05054	0.31654	0.05355	0.06705	0.02150	0.07421	0.01802	0.04942	0.04654	0.00334	0.00946	0.00872	0.00669	0.01147
9	0.14884	0.47936	0.10563	0.01571	0.02295	0.02752	0.05682	0.02449	0.01628	0.02322	0.01199	0.01409	0.01025	0.00712	0.00574	0.00203	0.00896	0.00488	0.00377	0.01034
10	0.01076	0.00757	0.00977	0.01076	0.01122	0.00753	0.00707	0.01194	0.01395	0.01881	0.03507	0.39514	0.04084	0.25489	0.12055	0.00623	0.00827	0.01726	0.00621	0.00614

[dist]
# distance from previous block
# <min> <max>
1	2

[block]
# block no. 1 follows, 23 sequences, length 6
# corresponding to MSA columns:
# 489-494
name=unknown_B
#
# <colnr> <probs for GDERKNQSTAVLIFYWHMCP>
#	G	D	E	R	K	N	Q	S	T	A	V	L	I	F	Y	W	H	M	C	P
0	0.58165	0.01726	0.02102	0.01662	0.02245	0.01879	0.16714	0.02439	0.01516	0.03377	0.01259	0.01538	0.00968	0.00736	0.00617	0.00257	0.00815	0.00570	0.00479	0.00933
1	0.01913	0.01653	0.02170	0.02228	0.18303	0.01448	0.01410	0.08689	0.01950	0.02907	0.01517	0.01793	0.01242	0.00671	0.00674	0.00164	0.00724	0.00568	0.00496	0.49479
2	0.01164	0.00848	0.01198	0.01198	0.01306	0.00957	0.00882	0.01381	0.01273	0.01805	0.02270	0.03725	0.02262	0.22630	0.52042	0.01173	0.01823	0.00948	0.00449	0.00666
3	0.01513	0.00756	0.00756	0.00756	0.00945	0.00756	0.00567	0.01891	0.01702	0.03025	0.02647	0.03025	0.02080	0.00945	0.00567	0.00189	0.00378	0.00756	0.75988	0.00756
4	0.07306	0.01627	0.05915	0.11621	0.02815	0.01427	0.06420	0.03400	0.02098	0.44964	0.02599	0.02485	0.01689	0.00922	0.00806	0.00256	0.00828	0.00779	0.00795	0.01248
5	0.09158	0.01970	0.09105	0.09788	0.10682	0.01862	0.04073	0.09091	0.19642	0.10194	0.04676	0.02454	0.01861	0.00936	0.00793	0.00260	0.00837	0.00786	0.00644	0.01187

[dist]
# distance from previous block
# <min> <max>
1	7

[block]
# block no. 2 follows, 23 sequences, length 15
# corresponding to MSA columns:
# 502-516
name=unknown_C
#
# <colnr> <probs for GDERKNQSTAVLIFYWHMCP>
#	G	D	E	R	K	N	Q	S	T	A	V	L	I	F	Y	W	H	M	C	P
0	0.12182	0.04921	0.02127	0.23689	0.06080	0.01911	0.01606	0.09827	0.16308	0.02950	0.02018	0.02547	0.01616	0.01052	0.00891	0.04026	0.00846	0.03814	0.00560	0.01031
1	0.01513	0.00756	0.00756	0.00756	0.00945	0.00756	0.00567	0.01891	0.01702	0.03025	0.02647	0.03025	0.02080	0.00945	0.00567	0.00189	0.00378	0.00756	0.75988	0.00756
2	0.01513	0.00756	0.00756	0.00756	0.00945	0.00756	0.00567	0.01891	0.01702	0.03025	0.02647	0.03025	0.02080	0.00945	0.00567	0.00189	0.00378	0.00756	0.75988	0.00756
3	0.01982	0.07274	0.02527	0.07326	0.14131	0.08545	0.04600	0.05283	0.06837	0.02559	0.01707	0.05250	0.01481	0.00901	0.00918	0.00224	0.07287	0.00723	0.00482	0.19963
4	0.43156	0.17167	0.05167	0.01382	0.01953	0.11620	0.01220	0.05702	0.01711	0.03059	0.01205	0.01386	0.00970	0.00765	0.00567	0.00228	0.00839	0.00473	0.00465	0.00963
5	0.01532	0.01442	0.02434	0.69533	0.05589	0.01803	0.02253	0.02073	0.01622	0.02073	0.01442	0.02163	0.01082	0.00811	0.00811	0.00270	0.01082	0.00721	0.00361	0.00901
6	0.01613	0.01933	0.09728	0.08427	0.03358	0.01669	0.31934	0.02180	0.01867	0.02523	0.08918	0.03567	0.11051	0.01085	0.01004	0.00277	0.03945	0.03441	0.00506	0.00976
7	0.02169	0.71972	0.04252	0.01388	0.02083	0.03211	0.01388	0.02430	0.01649	0.01909	0.01128	0.01302	0.01041	0.00694	0.00521	0.00174	0.00868	0.00434	0.00347	0.01041
8	0.25639	0.14742	0.22827	0.01726	0.02517	0.02125	0.04771	0.08326	0.01840	0.06611	0.01449	0.01622	0.01081	0.00780	0.00659	0.00240	0.00914	0.00562	0.00478	0.01093
9	0.01513	0.00756	0.00756	0.00756	0.00945	0.00756	0.00567	0.01891	0.01702	0.03025	0.02647	0.03025	0.02080	0.00945	0.00567	0.00189	0.00378	0.00756	0.75988	0.00756
10	0.07081	0.01989	0.02217	0.01708	0.02344	0.02113	0.01411	0.43941	0.03274	0.22219	0.02254	0.02141	0.01529	0.00971	0.00797	0.00246	0.00823	0.00739	0.00849	0.01354
11	0.02020	0.01348	0.04552	0.01586	0.02030	0.01170	0.09274	0.02523	0.05118	0.20993	0.25613	0.07686	0.04320	0.01380	0.00922	0.00272	0.00682	0.06678	0.00815	0.01018
12	0.01683	0.01442	0.01683	0.01202	0.01923	0.01082	0.00961	0.02043	0.01683	0.02644	0.01442	0.01683	0.01202	0.00601	0.00601	0.00120	0.00601	0.00481	0.00481	0.76444
13	0.00959	0.00822	0.00822	0.00822	0.01096	0.00685	0.00617	0.01165	0.01850	0.02192	0.08220	0.07809	0.66092	0.02055	0.00959	0.00274	0.00411	0.01713	0.00754	0.00685
14	0.02031	0.01308	0.01558	0.01400	0.01735	0.01337	0.01071	0.21138	0.02372	0.12291	0.03556	0.32779	0.06410	0.02005	0.04667	0.00343	0.00726	0.01492	0.00790	0.00993

[dist]
# distance from previous block
# <min> <max>
0	8

[block]
# block no. 3 follows, 23 sequences, length 32
# corresponding to MSA columns:
# 525-538,547-564
name=unknown_D
#
# <colnr> <probs for GDERKNQSTAVLIFYWHMCP>
#	G	D	E	R	K	N	Q	S	T	A	V	L	I	F	Y	W	H	M	C	P
0	0.31097	0.08720	0.01996	0.01626	0.05335	0.07986	0.01247	0.08396	0.17744	0.05809	0.01860	0.01907	0.01420	0.00870	0.00661	0.00245	0.00773	0.00621	0.00602	0.01087
1	0.02128	0.01798	0.01897	0.01674	0.02152	0.02070	0.01311	0.10441	0.58647	0.03572	0.03163	0.02916	0.02364	0.01088	0.00824	0.00272	0.00668	0.00898	0.00824	0.01294
2	0.01162	0.00880	0.01138	0.04025	0.01494	0.00889	0.00903	0.01606	0.09104	0.02357	0.10146	0.51161	0.05040	0.02203	0.00998	0.00315	0.00520	0.04543	0.00759	0.00757
3	0.01513	0.00756	0.00756	0.00756	0.00945	0.00756	0.00567	0.01891	0.01702	0.03025	0.02647	0.03025	0.02080	0.00945	0.00567	0.00189	0.00378	0.00756	0.75988	0.00756
4	0.01159	0.00869	0.01304	0.01304	0.01449	0.01014	0.01014	0.01449	0.01304	0.01884	0.02173	0.03188	0.02029	0.06086	0.68268	0.01304	0.02173	0.00869	0.00435	0.00724
5	0.01513	0.00756	0.00756	0.00756	0.00945	0.00756	0.00567	0.01891	0.01702	0.03025	0.02647	0.03025	0.02080	0.00945	0.00567	0.00189	0.00378	0.00756	0.75988	0.00756
6	0.02169	0.71972	0.04252	0.01388	0.02083	0.03211	0.01388	0.02430	0.01649	0.01909	0.01128	0.01302	0.01041	0.00694	0.00521	0.00174	0.00868	0.00434	0.00347	0.01041
7	0.02062	0.35167	0.31008	0.01833	0.02722	0.06857	0.02081	0.02614	0.01751	0.05207	0.01373	0.01556	0.01081	0.00751	0.00655	0.00215	0.01041	0.00528	0.00380	0.01118
8	0.01180	0.00787	0.00885	0.00885	0.00885	0.00787	0.00492	0.01180	0.01180	0.01573	0.02557	0.05310	0.02950	0.71483	0.04130	0.00787	0.00787	0.01180	0.00492	0.00492
9	0.01513	0.00756	0.00756	0.00756	0.00945	0.00756	0.00567	0.01891	0.01702	0.03025	0.02647	0.03025	0.02080	0.00945	0.00567	0.00189	0.00378	0.00756	0.75988	0.00756
10	0.02467	0.39060	0.08848	0.01747	0.02374	0.29001	0.01597	0.02765	0.01913	0.01996	0.01206	0.01401	0.01042	0.00757	0.00626	0.00195	0.01133	0.00483	0.00375	0.01015
11	0.01669	0.01656	0.02562	0.59427	0.08033	0.06219	0.04781	0.02191	0.01690	0.02115	0.01442	0.02111	0.01095	0.00804	0.00812	0.00265	0.01114	0.00718	0.00368	0.00929
12	0.11142	0.20570	0.07899	0.01625	0.02156	0.02358	0.01466	0.03138	0.27200	0.02781	0.02028	0.02096	0.01605	0.00963	0.00931	0.00254	0.09436	0.00679	0.00560	0.01114
13	0.01570	0.10413	0.11170	0.40024	0.07075	0.01842	0.02045	0.02080	0.01665	0.02156	0.02138	0.05735	0.06893	0.00977	0.00793	0.00258	0.00979	0.00830	0.00411	0.00946
14	0.06321	0.02741	0.15772	0.02002	0.02617	0.13213	0.04632	0.23298	0.02499	0.03364	0.05809	0.02048	0.01596	0.00984	0.01015	0.00257	0.09431	0.00710	0.00564	0.01129
15	0.18254	0.09030	0.28690	0.01753	0.02588	0.06276	0.01900	0.05220	0.01818	0.08846	0.01527	0.01681	0.01120	0.00780	0.00680	0.00232	0.00952	0.00561	0.00476	0.07619
16	0.02169	0.71972	0.04252	0.01388	0.02083	0.03211	0.01388	0.02430	0.01649	0.01909	0.01128	0.01302	0.01041	0.00694	0.00521	0.00174	0.00868	0.00434	0.00347	0.01041
17	0.01513	0.00756	0.00756	0.00756	0.00945	0.00756	0.00567	0.01891	0.01702	0.03025	0.02647	0.03025	0.02080	0.00945	0.00567	0.00189	0.00378	0.00756	0.75988	0.00756
18	0.01513	0.00756	0.00756	0.00756	0.00945	0.00756	0.00567	0.01891	0.01702	0.03025	0.02647	0.03025	0.02080	0.00945	0.00567	0.00189	0.00378	0.00756	0.75988	0.00756
19	0.01683	0.01442	0.01683	0.01202	0.01923	0.01082	0.00961	0.02043	0.01683	0.02644	0.01442	0.01683	0.01202	0.00601	0.00601	0.00120	0.00601	0.00481	0.00481	0.76444
20	0.02169	0.71972	0.04252	0.01388	0.02083	0.03211	0.01388	0.02430	0.01649	0.01909	0.01128	0.01302	0.01041	0.00694	0.00521	0.00174	0.00868	0.00434	0.00347	0.01041
21	0.01162	0.00859	0.01253	0.01253	0.01380	0.00986	0.00950	0.01416	0.01289	0.01846	0.02220	0.03448	0.02141	0.14098	0.60410	0.01241	0.02004	0.00907	0.00442	0.00696
22	0.01440	0.01595	0.15094	0.10651	0.02272	0.01206	0.01471	0.01589	0.01332	0.01849	0.01674	0.06834	0.01583	0.02309	0.07602	0.35384	0.04247	0.00805	0.00385	0.00679
23	0.02536	0.02377	0.10248	0.04158	0.02677	0.05040	0.03928	0.37523	0.07698	0.04012	0.01911	0.02043	0.01412	0.01180	0.04325	0.00295	0.01007	0.00718	0.00667	0.06244
24	0.01378	0.01130	0.01462	0.01331	0.01360	0.01363	0.00972	0.01498	0.01375	0.01963	0.11882	0.04221	0.03037	0.36765	0.03138	0.00557	0.24327	0.01064	0.00507	0.00669
25	0.01513	0.00756	0.00756	0.00756	0.00945	0.00756	0.00567	0.01891	0.01702	0.03025	0.02647	0.03025	0.02080	0.00945	0.00567	0.00189	0.00378	0.00756	0.75988	0.00756
26	0.01545	0.01362	0.02135	0.08841	0.28964	0.01412	0.01640	0.01857	0.01636	0.02251	0.02653	0.16799	0.05213	0.12525	0.01487	0.00361	0.04008	0.03868	0.00510	0.00932
27	0.67068	0.01645	0.01337	0.01317	0.04992	0.04477	0.00986	0.02373	0.01450	0.03456	0.01295	0.04271	0.01094	0.00830	0.00550	0.00252	0.00673	0.00536	0.00504	0.00893
28	0.01323	0.01408	0.10157	0.01520	0.07624	0.01014	0.01199	0.01684	0.01884	0.05312	0.14649	0.08312	0.31633	0.04304	0.01044	0.00291	0.00612	0.04495	0.00687	0.00849
29	0.02012	0.04971	0.14055	0.01624	0.02325	0.04827	0.04691	0.02633	0.06875	0.11765	0.09501	0.02466	0.02138	0.00874	0.00745	0.00207	0.00796	0.00727	0.00593	0.26175
30	0.01791	0.14409	0.06378	0.01321	0.01935	0.04959	0.01162	0.02131	0.01769	0.05456	0.04747	0.07824	0.07584	0.00984	0.00694	0.00185	0.00703	0.00790	0.00530	0.34649
31	0.01990	0.05537	0.10304	0.01444	0.02163	0.06830	0.01310	0.02404	0.01835	0.09345	0.04975	0.01992	0.01581	0.00745	0.00671	0.00169	0.00761	0.00584	0.00528	0.44836

[dist]
# distance from previous block
# <min> <max>
7	31

[block]
# block no. 4 follows, 23 sequences, length 7
# corresponding to MSA columns:
# 602-608
name=unknown_E
#
# <colnr> <probs for GDERKNQSTAVLIFYWHMCP>
#	G	D	E	R	K	N	Q	S	T	A	V	L	I	F	Y	W	H	M	C	P
0	0.01676	0.01938	0.14499	0.07608	0.05520	0.01580	0.04072	0.02774	0.22467	0.04871	0.07185	0.13098	0.06674	0.01282	0.00865	0.00275	0.00777	0.01118	0.00651	0.01068
1	0.01640	0.06959	0.01207	0.00937	0.01208	0.01145	0.00739	0.02281	0.10690	0.02983	0.02611	0.02879	0.02048	0.00946	0.00600	0.00200	0.00457	0.00752	0.58864	0.00856
2	0.01809	0.01736	0.02663	0.12477	0.41913	0.04969	0.02051	0.02254	0.01905	0.02599	0.11085	0.02940	0.06201	0.00956	0.00832	0.00247	0.00887	0.00880	0.00489	0.01106
3	0.01443	0.01052	0.06301	0.00895	0.01180	0.00840	0.00776	0.01844	0.01724	0.02869	0.03340	0.03596	0.11092	0.01089	0.00640	0.00207	0.00451	0.00879	0.58998	0.00783
4	0.02283	0.05655	0.06718	0.02148	0.06494	0.15038	0.08319	0.16014	0.13173	0.03058	0.02245	0.11070	0.01965	0.01101	0.00827	0.00254	0.00982	0.00930	0.00607	0.01118
5	0.10950	0.07950	0.15060	0.02054	0.06654	0.09389	0.06767	0.13094	0.02205	0.03104	0.09401	0.02637	0.02106	0.00983	0.00781	0.00248	0.00958	0.04036	0.00550	0.01071
6	0.09492	0.08916	0.01840	0.01414	0.01744	0.04985	0.06178	0.01931	0.01893	0.05366	0.20750	0.18910	0.04281	0.01559	0.00878	0.00273	0.00672	0.07388	0.00686	0.00845

[dist]
# distance from previous block
# <min> <max>
2	7

[block]
# block no. 5 follows, 23 sequences, length 21
# corresponding to MSA columns:
# 618-638
name=unknown_F
#
# <colnr> <probs for GDERKNQSTAVLIFYWHMCP>
#	G	D	E	R	K	N	Q	S	T	A	V	L	I	F	Y	W	H	M	C	P
0	0.01173	0.00849	0.01137	0.01244	0.04260	0.00798	0.00855	0.01406	0.01875	0.02555	0.30163	0.19662	0.12095	0.05011	0.01318	0.07226	0.00508	0.06409	0.00747	0.00708
1	0.01625	0.01340	0.03740	0.08860	0.04597	0.01303	0.06345	0.05012	0.10010	0.07045	0.08480	0.19109	0.08960	0.08372	0.01226	0.00330	0.00726	0.01327	0.00673	0.00920
2	0.01513	0.00756	0.00756	0.00756	0.00945	0.00756	0.00567	0.01891	0.01702	0.03025	0.02647	0.03025	0.02080	0.00945	0.00567	0.00189	0.00378	0.00756	0.75988	0.00756
3	0.01823	0.21546	0.41820	0.01980	0.02946	0.02249	0.02342	0.02773	0.10405	0.02511	0.01625	0.01787	0.01231	0.00796	0.00713	0.00238	0.01036	0.00600	0.00410	0.01170
4	0.01952	0.09316	0.21410	0.05513	0.05696	0.08130	0.20200	0.02771	0.09005	0.02510	0.01656	0.01975	0.01269	0.00812	0.00896	0.00256	0.04355	0.00734	0.00428	0.01115
5	0.02340	0.28878	0.03097	0.01976	0.06082	0.22867	0.01574	0.02724	0.06196	0.02089	0.01330	0.01602	0.01162	0.00903	0.01023	0.00229	0.13943	0.00564	0.00407	0.01013
6	0.01566	0.01402	0.04784	0.20679	0.05876	0.01360	0.04485	0.02162	0.07567	0.05838	0.13814	0.13453	0.05884	0.01283	0.00869	0.00264	0.00758	0.01145	0.00617	0.06195
7	0.01513	0.00756	0.00756	0.00756	0.00945	0.00756	0.00567	0.01891	0.01702	0.03025	0.02647	0.03025	0.02080	0.00945	0.00567	0.00189	0.00378	0.00756	0.75988	0.00756
8	0.01008	0.00733	0.00956	0.01127	0.01205	0.00681	0.00779	0.01171	0.01602	0.02107	0.04801	0.60907	0.10839	0.02477	0.01035	0.00328	0.00485	0.06340	0.00753	0.00668
9	0.01622	0.01277	0.01630	0.01408	0.01786	0.01280	0.06058	0.07730	0.14581	0.05866	0.20141	0.05307	0.21389	0.01525	0.00922	0.00272	0.00603	0.04859	0.00791	0.00953
10	0.01957	0.42991	0.28013	0.01751	0.02625	0.02652	0.01993	0.02571	0.04655	0.02229	0.01355	0.01539	0.01104	0.00742	0.00630	0.00210	0.00983	0.00519	0.00368	0.01113
11	0.02057	0.18663	0.02563	0.03850	0.02260	0.05066	0.04124	0.12195	0.05881	0.02856	0.04369	0.02224	0.04821	0.00850	0.00691	0.00192	0.00789	0.00669	0.00542	0.25340
12	0.05602	0.25101	0.22000	0.01807	0.02595	0.10713	0.01869	0.11243	0.02093	0.07745	0.01518	0.01649	0.01154	0.00801	0.00684	0.00222	0.01020	0.00566	0.00478	0.01142
13	0.01138	0.00850	0.01058	0.01137	0.01275	0.00827	0.00809	0.01535	0.07492	0.02438	0.17168	0.40176	0.10316	0.05398	0.01143	0.00329	0.00492	0.04906	0.00776	0.00737
14	0.01067	0.00838	0.00974	0.01026	0.01222	0.00768	0.00754	0.01389	0.04891	0.02378	0.14778	0.27076	0.32166	0.02115	0.00986	0.00295	0.00457	0.05324	0.00776	0.00721
15	0.02229	0.05810	0.14118	0.12587	0.09198	0.10434	0.07621	0.10769	0.02072	0.07159	0.01580	0.01912	0.01201	0.00886	0.01002	0.00258	0.08883	0.00690	0.00477	0.01114
16	0.10943	0.08811	0.18791	0.08320	0.05909	0.06464	0.10416	0.09750	0.02033	0.08767	0.01620	0.01857	0.01188	0.00801	0.00754	0.00246	0.01041	0.00662	0.00495	0.01131
17	0.01045	0.00797	0.00960	0.00980	0.01164	0.00712	0.00712	0.01308	0.01963	0.02604	0.31298	0.22517	0.26981	0.02010	0.00977	0.00280	0.00414	0.01756	0.00811	0.00712
18	0.02714	0.13072	0.06482	0.02011	0.02476	0.49328	0.01648	0.02971	0.02079	0.02007	0.01232	0.01484	0.01045	0.00866	0.00880	0.00220	0.07590	0.00532	0.00398	0.00965
19	0.09210	0.01780	0.02155	0.07787	0.02487	0.02016	0.03429	0.29176	0.02560	0.08074	0.02141	0.11688	0.01866	0.01215	0.01075	0.00276	0.10343	0.00936	0.00673	0.01113
20	0.05296	0.02274	0.07716	0.02023	0.02559	0.18152	0.17274	0.02375	0.01923	0.05343	0.02948	0.12251	0.11479	0.01206	0.00858	0.00257	0.01022	0.01073	0.00539	0.03431

[dist]
# distance from previous block
# <min> <max>
0	2

[block]
# block no. 6 follows, 23 sequences, length 38
# corresponding to MSA columns:
# 662-667,676-707
name=unknown_G
#
# <colnr> <probs for GDERKNQSTAVLIFYWHMCP>
#	G	D	E	R	K	N	Q	S	T	A	V	L	I	F	Y	W	H	M	C	P
0	0.02005	0.08208	0.08628	0.20231	0.03214	0.04824	0.01763	0.14567	0.09234	0.02897	0.02148	0.02603	0.04552	0.01003	0.00878	0.00254	0.04200	0.03382	0.00543	0.04865
1	0.01019	0.00748	0.00982	0.01131	0.01222	0.00711	0.00794	0.01196	0.01584	0.02089	0.04692	0.53607	0.12195	0.02796	0.07268	0.00416	0.00638	0.05516	0.00723	0.00673
2	0.58485	0.01928	0.01491	0.01295	0.01808	0.09478	0.01049	0.10990	0.01823	0.03657	0.01258	0.01422	0.00967	0.00793	0.00571	0.00245	0.00760	0.00489	0.00536	0.00955
3	0.01409	0.00705	0.01057	0.01057	0.01057	0.00705	0.00705	0.01057	0.01057	0.01409	0.01409	0.02467	0.01409	0.02819	0.03171	0.76392	0.00705	0.00705	0.00352	0.00352
4	0.02225	0.01912	0.02764	0.22305	0.13695	0.02113	0.08577	0.23321	0.08868	0.03387	0.01838	0.02156	0.01373	0.00868	0.00827	0.00257	0.00985	0.00770	0.00573	0.01184
5	0.03442	0.01387	0.01863	0.01419	0.02056	0.01181	0.01169	0.03760	0.02257	0.60447	0.03022	0.02652	0.01927	0.00963	0.00794	0.00238	0.00681	0.00782	0.00951	0.09007
6	0.18630	0.01651	0.01970	0.22899	0.03115	0.01955	0.01544	0.11286	0.17349	0.03157	0.01913	0.02183	0.01457	0.01125	0.03493	0.00308	0.03630	0.00713	0.00572	0.01050
7	0.02841	0.03506	0.02485	0.02628	0.14407	0.55884	0.01740	0.03101	0.02215	0.02110	0.01305	0.01565	0.01090	0.00815	0.00745	0.00215	0.01370	0.00560	0.00415	0.01005
8	0.01161	0.00864	0.01276	0.01276	0.01411	0.00999	0.00980	0.01431	0.01296	0.01863	0.02199	0.03329	0.02090	0.10431	0.64006	0.01270	0.02081	0.00890	0.00438	0.00709
9	0.05592	0.07067	0.04918	0.01815	0.02457	0.05363	0.01543	0.47630	0.08287	0.04472	0.01921	0.01937	0.01398	0.00943	0.00777	0.00241	0.00898	0.00701	0.00735	0.01305
10	0.01730	0.06526	0.35581	0.02468	0.09454	0.01879	0.09528	0.02633	0.08931	0.02583	0.01904	0.02554	0.01558	0.04418	0.00979	0.00289	0.01067	0.04338	0.00444	0.01135
11	0.01250	0.00762	0.00937	0.00937	0.00937	0.00762	0.00557	0.01143	0.01143	0.01523	0.02207	0.04445	0.02481	0.50583	0.03838	0.23799	0.00762	0.01035	0.00449	0.00449
12	0.01457	0.00801	0.01155	0.01128	0.01178	0.00831	0.00785	0.04097	0.01221	0.01648	0.01535	0.02536	0.01489	0.03156	0.11529	0.62988	0.00905	0.00727	0.00385	0.00450
13	0.77215	0.01569	0.01193	0.01067	0.01569	0.01820	0.00879	0.02385	0.01381	0.03641	0.01130	0.01318	0.00879	0.00753	0.00502	0.00251	0.00628	0.00439	0.00502	0.00879
14	0.01717	0.01657	0.02650	0.33936	0.18721	0.02040	0.02163	0.02134	0.01559	0.02171	0.01347	0.02009	0.01124	0.00976	0.01374	0.00289	0.22059	0.00718	0.00368	0.00987
15	0.01984	0.01837	0.02681	0.06406	0.29827	0.01972	0.05977	0.03315	0.30867	0.02962	0.02347	0.02496	0.01820	0.00898	0.00824	0.00260	0.00848	0.00828	0.00595	0.01254
16	0.01041	0.00756	0.01052	0.01183	0.01260	0.00767	0.00833	0.01227	0.01478	0.02014	0.03773	0.50327	0.04351	0.03621	0.21500	0.00626	0.00989	0.01869	0.00656	0.00679
17	0.02396	0.21453	0.05922	0.06957	0.11038	0.08617	0.07480	0.11922	0.05829	0.08364	0.01706	0.01893	0.01312	0.00814	0.00736	0.00228	0.00988	0.00662	0.00522	0.01160
18	0.01724	0.16224	0.56095	0.02149	0.03258	0.02120	0.02712	0.02545	0.01702	0.02452	0.01398	0.01640	0.01030	0.00757	0.00727	0.00242	0.01140	0.00570	0.00343	0.01171
19	0.77215	0.01569	0.01193	0.01067	0.01569	0.01820	0.00879	0.02385	0.01381	0.03641	0.01130	0.01318	0.00879	0.00753	0.00502	0.00251	0.00628	0.00439	0.00502	0.00879
20	0.01147	0.00924	0.01224	0.01455	0.08875	0.00849	0.00919	0.01421	0.01904	0.02531	0.23664	0.23370	0.24877	0.01909	0.00960	0.00279	0.00484	0.01680	0.00754	0.00773
21	0.05690	0.01999	0.10545	0.10067	0.12622	0.01843	0.04855	0.09751	0.18376	0.03113	0.07257	0.06039	0.02237	0.01032	0.00823	0.00263	0.00848	0.00895	0.00608	0.01138
22	0.01131	0.00852	0.01215	0.04776	0.04327	0.00878	0.00967	0.01339	0.01493	0.02025	0.03481	0.40368	0.03955	0.09167	0.16948	0.00591	0.00959	0.04206	0.00621	0.00703
23	0.01585	0.01496	0.02529	0.62379	0.12331	0.01817	0.02280	0.02119	0.01647	0.02137	0.01452	0.02146	0.01104	0.00801	0.00810	0.00267	0.01069	0.00721	0.00365	0.00944
24	0.01050	0.00768	0.00995	0.01161	0.01233	0.00741	0.00785	0.01321	0.05363	0.02151	0.04402	0.66872	0.05193	0.02456	0.01023	0.00326	0.00481	0.02223	0.00758	0.00697
25	0.77215	0.01569	0.01193	0.01067	0.01569	0.01820	0.00879	0.02385	0.01381	0.03641	0.01130	0.01318	0.00879	0.00753	0.00502	0.00251	0.00628	0.00439	0.00502	0.00879
26	0.02018	0.01743	0.01835	0.01651	0.02110	0.02018	0.01284	0.04312	0.64956	0.03394	0.03303	0.03027	0.02477	0.01101	0.00826	0.00275	0.00642	0.00917	0.00826	0.01284
27	0.01214	0.00957	0.01360	0.01778	0.13260	0.00922	0.01016	0.01395	0.01554	0.02089	0.03794	0.40951	0.08165	0.15794	0.01599	0.00400	0.00621	0.01750	0.00636	0.00744
28	0.02030	0.03091	0.23096	0.02251	0.02964	0.21598	0.13855	0.02572	0.01883	0.02319	0.01670	0.06009	0.01423	0.01304	0.06291	0.00328	0.01316	0.00764	0.00417	0.04816
29	0.01683	0.01442	0.01683	0.01202	0.01923	0.01082	0.00961	0.02043	0.01683	0.02644	0.01442	0.01683	0.01202	0.00601	0.00601	0.00120	0.00601	0.00481	0.00481	0.76444
30	0.06434	0.01845	0.02739	0.13592	0.08362	0.02030	0.14424	0.14530	0.13876	0.03147	0.02038	0.05484	0.01638	0.00979	0.00948	0.00271	0.05099	0.00867	0.00575	0.01123
31	0.01598	0.01521	0.02343	0.18033	0.17091	0.04853	0.08577	0.01996	0.01730	0.02284	0.07386	0.03355	0.07582	0.09461	0.08345	0.00427	0.01076	0.00950	0.00477	0.00916
32	0.02239	0.01732	0.02264	0.19875	0.10808	0.01931	0.01683	0.20978	0.12291	0.07529	0.02117	0.02548	0.01650	0.07463	0.01121	0.00306	0.00888	0.00804	0.00629	0.01145
33	0.01146	0.00839	0.01081	0.01047	0.01246	0.00774	0.00803	0.01511	0.02214	0.03076	0.54747	0.06518	0.12836	0.01751	0.00973	0.00268	0.00420	0.07127	0.00866	0.00756
34	0.01642	0.01457	0.02309	0.06430	0.30583	0.01550	0.01814	0.02132	0.04889	0.02408	0.02301	0.06879	0.02209	0.02187	0.14516	0.00489	0.04431	0.10256	0.00497	0.01019
35	0.06242	0.02022	0.02439	0.15708	0.16435	0.09711	0.01802	0.15275	0.04670	0.12095	0.01829	0.02063	0.01354	0.00890	0.00865	0.00252	0.03893	0.00706	0.00584	0.01165
36	0.01308	0.00934	0.01308	0.01494	0.01681	0.00934	0.01308	0.01681	0.01868	0.02428	0.04296	0.09153	0.04670	0.02242	0.01121	0.00374	0.00747	0.60960	0.00747	0.00747
37	0.02208	0.02182	0.02193	0.05169	0.04790	0.17972	0.05559	0.12598	0.14394	0.02925	0.05337	0.06467	0.05383	0.01190	0.00936	0.00264	0.04247	0.04510	0.00627	0.01050

[dist]
# distance from previous block
# <min> <max>
4	6

[block]
# block no. 7 follows, 23 sequences, length 48
# corresponding to MSA columns:
# 715-721,724-764
name=unknown_H
#
# <colnr> <probs for GDERKNQSTAVLIFYWHMCP>
#	G	D	E	R	K	N	Q	S	T	A	V	L	I	F	Y	W	H	M	C	P
0	0.08015	0.34443	0.03209	0.01991	0.11588	0.09003	0.01498	0.08864	0.01951	0.02575	0.01320	0.01533	0.01118	0.00736	0.00621	0.00194	0.00895	0.00522	0.00437	0.09486
1	0.07132	0.01515	0.01847	0.01560	0.04869	0.01415	0.03439	0.07860	0.10349	0.08124	0.08768	0.05155	0.02274	0.00938	0.00736	0.00204	0.00658	0.00788	0.00646	0.31723
2	0.10661	0.24501	0.16412	0.10303	0.02948	0.12252	0.04854	0.05131	0.01831	0.02444	0.01314	0.01592	0.01049	0.00764	0.00672	0.00225	0.01051	0.00556	0.00399	0.01040
3	0.10618	0.04454	0.02617	0.08178	0.05618	0.01963	0.11219	0.13322	0.02148	0.15759	0.04543	0.02224	0.01602	0.00967	0.01065	0.00267	0.10932	0.00767	0.00613	0.01123
4	0.00989	0.00706	0.00942	0.01130	0.01177	0.00659	0.00753	0.01130	0.01554	0.02071	0.04472	0.70954	0.05367	0.02542	0.01036	0.00330	0.00471	0.02307	0.00753	0.00659
5	0.01782	0.01439	0.01693	0.01214	0.01931	0.01087	0.00973	0.02141	0.01715	0.05924	0.01532	0.01738	0.01243	0.00621	0.00612	0.00127	0.00605	0.00498	0.00507	0.72617
6	0.01880	0.01712	0.02477	0.40429	0.07882	0.04858	0.05612	0.04982	0.14419	0.04840	0.01903	0.02310	0.01423	0.00871	0.00819	0.00265	0.01000	0.00769	0.00501	0.01048
7	0.02211	0.02988	0.25538	0.06975	0.05655	0.08461	0.07820	0.19479	0.02332	0.03143	0.01562	0.01845	0.01162	0.00876	0.00944	0.00258	0.06404	0.00683	0.00490	0.01174
8	0.01180	0.00787	0.00885	0.00885	0.00885	0.00787	0.00492	0.01180	0.01180	0.01573	0.02557	0.05310	0.02950	0.71483	0.04130	0.00787	0.00787	0.01180	0.00492	0.00492
9	0.02468	0.48352	0.03575	0.01632	0.02230	0.25759	0.01451	0.02711	0.01874	0.01936	0.01172	0.01358	0.01043	0.00743	0.00594	0.00186	0.01074	0.00465	0.00372	0.01006
10	0.03529	0.01560	0.01994	0.01529	0.02161	0.01459	0.01263	0.15979	0.02623	0.54535	0.02949	0.02598	0.01882	0.00998	0.00815	0.00250	0.00731	0.00799	0.00966	0.01381
11	0.01664	0.01770	0.11722	0.26689	0.05543	0.01569	0.01809	0.06432	0.06719	0.05314	0.07193	0.13024	0.04740	0.01213	0.00856	0.00273	0.00864	0.01053	0.00566	0.00987
12	0.01989	0.10188	0.18483	0.05572	0.05115	0.09848	0.01788	0.07838	0.15273	0.02702	0.02294	0.05461	0.04332	0.04507	0.00944	0.00275	0.00951	0.00812	0.00539	0.01091
13	0.01765	0.01662	0.02677	0.19503	0.34264	0.01841	0.02108	0.02302	0.05110	0.02405	0.01868	0.02395	0.03888	0.01299	0.06166	0.00344	0.08108	0.00782	0.00426	0.01086
14	0.01409	0.00705	0.01057	0.01057	0.01057	0.00705	0.00705	0.01057	0.01057	0.01409	0.01409	0.02467	0.01409	0.02819	0.03171	0.76392	0.00705	0.00705	0.00352	0.00352
15	0.02006	0.01660	0.01915	0.01550	0.04856	0.01511	0.01179	0.14067	0.10196	0.03210	0.01780	0.01919	0.01403	0.00741	0.00679	0.00169	0.00677	0.00595	0.00584	0.49305
16	0.38109	0.04615	0.01765	0.16152	0.02592	0.01870	0.01296	0.07130	0.07961	0.05442	0.01711	0.05187	0.01386	0.00911	0.00663	0.00258	0.00753	0.00675	0.00550	0.00975
17	0.01486	0.11013	0.04272	0.01204	0.01425	0.01221	0.00952	0.01600	0.01379	0.05306	0.02261	0.10793	0.02323	0.19011	0.18113	0.14374	0.01091	0.00997	0.00483	0.00696
18	0.01021	0.00829	0.00908	0.00902	0.01153	0.00716	0.00686	0.01277	0.01956	0.02455	0.21672	0.07463	0.49232	0.01971	0.00967	0.00275	0.00421	0.04603	0.00786	0.00707
19	0.08688	0.02301	0.07118	0.01810	0.02487	0.02325	0.01576	0.50376	0.03370	0.09062	0.01935	0.01938	0.01359	0.00944	0.00785	0.00246	0.00881	0.00704	0.00766	0.01328
20	0.27515	0.14667	0.23512	0.01848	0.07061	0.02035	0.01804	0.02600	0.01653	0.08522	0.01448	0.01622	0.01085	0.00769	0.00643	0.00239	0.00886	0.00545	0.00460	0.01086
21	0.01259	0.00892	0.01049	0.00970	0.01251	0.00773	0.00737	0.01558	0.02072	0.07132	0.33070	0.06415	0.32981	0.01743	0.00932	0.00257	0.00426	0.01487	0.00820	0.04174
22	0.01893	0.04609	0.02838	0.12476	0.13566	0.01909	0.11457	0.02390	0.04416	0.05303	0.01555	0.01998	0.01259	0.00881	0.01172	0.00251	0.15486	0.00712	0.00445	0.15384
23	0.02145	0.68975	0.07038	0.01429	0.02146	0.03152	0.01460	0.02436	0.01652	0.01938	0.01143	0.01320	0.01041	0.00698	0.00532	0.00177	0.00882	0.00441	0.00347	0.01048
24	0.01915	0.02189	0.04788	0.03420	0.04241	0.02052	0.63475	0.02599	0.01915	0.02599	0.01642	0.02189	0.01231	0.00684	0.00958	0.00274	0.01368	0.00958	0.00410	0.01094
25	0.72955	0.01590	0.01312	0.01289	0.05243	0.01826	0.00970	0.02391	0.01407	0.03585	0.01152	0.01357	0.00902	0.00752	0.00519	0.00251	0.00647	0.00455	0.00496	0.00902
26	0.01409	0.00705	0.01057	0.01057	0.01057	0.00705	0.00705	0.01057	0.01057	0.01409	0.01409	0.02467	0.01409	0.02819	0.03171	0.76392	0.00705	0.00705	0.00352	0.00352
27	0.01513	0.00756	0.00756	0.00756	0.00945	0.00756	0.00567	0.01891	0.01702	0.03025	0.02647	0.03025	0.02080	0.00945	0.00567	0.00189	0.00378	0.00756	0.75988	0.00756
28	0.73047	0.01559	0.01232	0.01088	0.01598	0.01785	0.00897	0.02474	0.01434	0.07229	0.01247	0.01400	0.00943	0.00767	0.00520	0.00251	0.00631	0.00461	0.00531	0.00907
29	0.03258	0.01994	0.02263	0.01735	0.02377	0.02103	0.01433	0.45037	0.03349	0.24452	0.02340	0.02202	0.01576	0.00984	0.00813	0.00246	0.00830	0.00757	0.00872	0.01380
30	0.03085	0.02273	0.02435	0.01867	0.02516	0.02516	0.01542	0.63716	0.03815	0.05114	0.01948	0.01948	0.01380	0.00974	0.00812	0.00244	0.00893	0.00731	0.00812	0.01380
31	0.01409	0.00705	0.01057	0.01057	0.01057	0.00705	0.00705	0.01057	0.01057	0.01409	0.01409	0.02467	0.01409	0.02819	0.03171	0.76392	0.00705	0.00705	0.00352	0.00352
32	0.03167	0.01276	0.01731	0.01363	0.01908	0.01112	0.01112	0.03494	0.02318	0.54879	0.15128	0.03388	0.03081	0.01129	0.00843	0.00252	0.00632	0.00940	0.00983	0.01264
33	0.01049	0.00789	0.00956	0.01004	0.01161	0.00715	0.00718	0.01276	0.01837	0.02420	0.22822	0.27157	0.23875	0.06873	0.01206	0.00325	0.00460	0.03895	0.00775	0.00688
34	0.03031	0.02246	0.02405	0.01856	0.02496	0.02492	0.01529	0.60760	0.06858	0.05028	0.02016	0.02002	0.01435	0.00980	0.00812	0.00245	0.00880	0.00740	0.00812	0.01375
35	0.02071	0.01769	0.01864	0.01662	0.02130	0.02043	0.01297	0.07228	0.61955	0.03479	0.03236	0.02974	0.02423	0.01095	0.00825	0.00274	0.00654	0.00908	0.00825	0.01289
36	0.02876	0.01403	0.01763	0.01442	0.01967	0.01355	0.01160	0.03725	0.18965	0.41562	0.11625	0.03274	0.02888	0.01117	0.00837	0.00258	0.00636	0.00930	0.00942	0.01273
37	0.02742	0.15279	0.02884	0.04621	0.02633	0.02353	0.07370	0.31234	0.07123	0.12766	0.02013	0.02046	0.01454	0.00900	0.00772	0.00237	0.00895	0.00720	0.00695	0.01263
38	0.01159	0.00837	0.01100	0.01053	0.01244	0.00777	0.00803	0.01542	0.02267	0.03197	0.61755	0.06274	0.07451	0.01699	0.00968	0.00263	0.00408	0.05554	0.00883	0.00764
39	0.08007	0.01392	0.01842	0.01421	0.02042	0.01230	0.01174	0.03861	0.02267	0.63225	0.03078	0.02676	0.01942	0.00989	0.00797	0.00251	0.00687	0.00794	0.00974	0.01351
40	0.03085	0.02273	0.02435	0.01867	0.02516	0.02516	0.01542	0.63716	0.03815	0.05114	0.01948	0.01948	0.01380	0.00974	0.00812	0.00244	0.00893	0.00731	0.00812	0.01380
41	0.02169	0.71972	0.04252	0.01388	0.02083	0.03211	0.01388	0.02430	0.01649	0.01909	0.01128	0.01302	0.01041	0.00694	0.00521	0.00174	0.00868	0.00434	0.00347	0.01041
42	0.01532	0.01442	0.02434	0.69533	0.05589	0.01803	0.02253	0.02073	0.01622	0.02073	0.01442	0.02163	0.01082	0.00811	0.00811	0.00270	0.01082	0.00721	0.00361	0.00901
43	0.01142	0.00799	0.00941	0.00951	0.01006	0.00802	0.00595	0.01215	0.01293	0.01714	0.03242	0.08632	0.10108	0.50607	0.12910	0.00780	0.00929	0.01253	0.00526	0.00556
44	0.07547	0.01519	0.01925	0.01484	0.02108	0.01417	0.01226	0.12468	0.02486	0.54649	0.02909	0.02567	0.01857	0.00986	0.00798	0.00250	0.00716	0.00783	0.00949	0.01354
45	0.00963	0.00806	0.00838	0.00864	0.01107	0.00681	0.00635	0.01160	0.01809	0.02176	0.07710	0.16406	0.57825	0.02121	0.00969	0.00282	0.00419	0.01793	0.00753	0.00681
46	0.01538	0.01448	0.01989	0.01836	0.02134	0.08717	0.13005	0.01894	0.01847	0.02321	0.03491	0.22509	0.03781	0.01862	0.01024	0.00325	0.00877	0.27943	0.00647	0.00813
47	0.02963	0.02213	0.02367	0.01842	0.02470	0.02460	0.01513	0.56972	0.10756	0.04919	0.02102	0.02071	0.01504	0.00988	0.00813	0.00247	0.00864	0.00752	0.00813	0.01369

[dist]
# distance from previous block
# <min> <max>
0	2

[block]
# block no. 8 follows, 23 sequences, length 16
# corresponding to MSA columns:
# 767-782
name=unknown_I
#
# <colnr> <probs for GDERKNQSTAVLIFYWHMCP>
#	G	D	E	R	K	N	Q	S	T	A	V	L	I	F	Y	W	H	M	C	P
0	0.02128	0.06106	0.02374	0.22066	0.17624	0.01589	0.01740	0.02524	0.01870	0.18468	0.04932	0.10789	0.02154	0.01078	0.00825	0.00259	0.00839	0.00951	0.00600	0.01083
1	0.01689	0.07626	0.55855	0.02213	0.03263	0.02005	0.02733	0.02618	0.05210	0.02538	0.01515	0.01768	0.01112	0.00828	0.00886	0.00260	0.05719	0.00616	0.00371	0.01175
2	0.02056	0.08677	0.02437	0.02318	0.15522	0.10037	0.05600	0.05864	0.06062	0.07344	0.14903	0.03550	0.05983	0.01139	0.00839	0.00249	0.00845	0.04899	0.00628	0.01050
3	0.01137	0.00829	0.01069	0.01009	0.01205	0.00761	0.00756	0.01509	0.02269	0.03189	0.62453	0.06168	0.11237	0.01683	0.00957	0.00256	0.00385	0.01482	0.00885	0.00761
4	0.01920	0.15922	0.14498	0.02576	0.03357	0.05072	0.32362	0.02593	0.04919	0.02445	0.01732	0.05730	0.01442	0.00830	0.00831	0.00252	0.01163	0.00851	0.00427	0.01080
5	0.00989	0.00706	0.00942	0.01130	0.01177	0.00659	0.00753	0.01130	0.01554	0.02071	0.04472	0.70954	0.05367	0.02542	0.01036	0.00330	0.00471	0.02307	0.00753	0.00659
6	0.03243	0.02018	0.02277	0.01746	0.02389	0.02138	0.01442	0.46632	0.03388	0.22800	0.02306	0.02181	0.01560	0.00983	0.00813	0.00246	0.00835	0.00755	0.00867	0.01380
7	0.02795	0.01502	0.01863	0.01393	0.02060	0.01292	0.01138	0.09670	0.02228	0.34453	0.02359	0.02240	0.01617	0.00839	0.00729	0.00198	0.00676	0.00672	0.00773	0.31503
8	0.01915	0.02189	0.04788	0.03420	0.04241	0.02052	0.63475	0.02599	0.01915	0.02599	0.01642	0.02189	0.01231	0.00684	0.00958	0.00274	0.01368	0.00958	0.00410	0.01094
9	0.02091	0.02345	0.03006	0.02436	0.02730	0.17100	0.16784	0.02399	0.01643	0.02118	0.01248	0.01806	0.01101	0.01110	0.01814	0.00302	0.37906	0.00729	0.00383	0.00950
10	0.01001	0.00756	0.00930	0.01063	0.01186	0.00685	0.00749	0.01177	0.01662	0.02131	0.05573	0.48102	0.23350	0.02378	0.01019	0.00316	0.00471	0.06025	0.00753	0.00673
11	0.00995	0.00729	0.00935	0.01083	0.01169	0.00669	0.00736	0.01159	0.01639	0.02161	0.08802	0.58667	0.13429	0.02423	0.01021	0.00318	0.00457	0.02177	0.00762	0.00669
12	0.03061	0.02283	0.06681	0.01840	0.02524	0.02298	0.01593	0.51709	0.03477	0.13159	0.02082	0.02041	0.01440	0.00965	0.00810	0.00245	0.00886	0.00733	0.00806	0.01368
13	0.01513	0.00756	0.00756	0.00756	0.00945	0.00756	0.00567	0.01891	0.01702	0.03025	0.02647	0.03025	0.02080	0.00945	0.00567	0.00189	0.00378	0.00756	0.75988	0.00756
14	0.02262	0.05944	0.01962	0.01669	0.02043	0.33444	0.01277	0.02911	0.13916	0.02606	0.20136	0.03061	0.03201	0.01114	0.00803	0.00233	0.00973	0.00862	0.00626	0.00959
15	0.02116	0.02221	0.02397	0.37328	0.07651	0.20286	0.01952	0.06704	0.07006	0.02389	0.01576	0.02015	0.01214	0.00847	0.00790	0.00250	0.01133	0.00682	0.00446	0.00996

[dist]
# distance from previous block
# <min> <max>
1	2

[block]
# block no. 9 follows, 23 sequences, length 31
# corresponding to MSA columns:
# 788-818
name=unknown_J
#
# <colnr> <probs for GDERKNQSTAVLIFYWHMCP>
#	G	D	E	R	K	N	Q	S	T	A	V	L	I	F	Y	W	H	M	C	P
0	0.02038	0.02198	0.04540	0.03256	0.04059	0.02101	0.56948	0.09040	0.02115	0.02864	0.01674	0.02163	0.01247	0.00715	0.00942	0.00270	0.01318	0.00934	0.00453	0.01124
1	0.01830	0.02192	0.08495	0.14727	0.04425	0.01998	0.48957	0.02507	0.01852	0.02507	0.01595	0.02153	0.01192	0.00712	0.00920	0.00272	0.01308	0.00893	0.00397	0.01068
2	0.64165	0.01584	0.01345	0.01157	0.01682	0.01781	0.00953	0.05908	0.01629	0.11490	0.01428	0.01529	0.01045	0.00796	0.00557	0.00251	0.00650	0.00501	0.00581	0.00968
3	0.01513	0.00756	0.00756	0.00756	0.00945	0.00756	0.00567	0.01891	0.01702	0.03025	0.02647	0.03025	0.02080	0.00945	0.00567	0.00189	0.00378	0.00756	0.75988	0.00756
4	0.02244	0.05637	0.13920	0.09808	0.08439	0.13574	0.07841	0.13600	0.08021	0.02890	0.01666	0.01938	0.01277	0.00872	0.00892	0.00251	0.04799	0.00696	0.00498	0.01135
5	0.77215	0.01569	0.01193	0.01067	0.01569	0.01820	0.00879	0.02385	0.01381	0.03641	0.01130	0.01318	0.00879	0.00753	0.00502	0.00251	0.00628	0.00439	0.00502	0.00879
6	0.77215	0.01569	0.01193	0.01067	0.01569	0.01820	0.00879	0.02385	0.01381	0.03641	0.01130	0.01318	0.00879	0.00753	0.00502	0.00251	0.00628	0.00439	0.00502	0.00879
7	0.01554	0.01450	0.02061	0.01834	0.01886	0.01957	0.01502	0.01772	0.01265	0.01928	0.01463	0.02282	0.01411	0.03095	0.26217	0.00696	0.45647	0.00767	0.00384	0.00829
8	0.00989	0.00706	0.00942	0.01130	0.01177	0.00659	0.00753	0.01130	0.01554	0.02071	0.04472	0.70954	0.05367	0.02542	0.01036	0.00330	0.00471	0.02307	0.00753	0.00659
9	0.02224	0.67786	0.04143	0.01417	0.02109	0.03169	0.01398	0.06110	0.01779	0.02101	0.01177	0.01340	0.01062	0.00711	0.00538	0.00178	0.00869	0.00452	0.00375	0.01062
10	0.02165	0.01722	0.02273	0.37439	0.07117	0.07859	0.01861	0.02881	0.10931	0.14624	0.02031	0.02329	0.01465	0.00888	0.00806	0.00260	0.00974	0.00749	0.00557	0.01070
11	0.03641	0.01381	0.01883	0.01444	0.02071	0.01193	0.01193	0.03954	0.02322	0.66984	0.03201	0.02762	0.02009	0.01004	0.00816	0.00251	0.00690	0.00816	0.01004	0.01381
12	0.01409	0.00705	0.01057	0.01057	0.01057	0.00705	0.00705	0.01057	0.01057	0.01409	0.01409	0.02467	0.01409	0.02819	0.03171	0.76392	0.00705	0.00705	0.00352	0.00352
13	0.01761	0.01542	0.02039	0.20836	0.03015	0.05396	0.05961	0.12338	0.05829	0.02693	0.02656	0.21925	0.02649	0.03881	0.01011	0.00302	0.00870	0.03762	0.00603	0.00932
14	0.01167	0.00837	0.01138	0.01138	0.01225	0.00924	0.00807	0.01342	0.01255	0.01760	0.02326	0.04030	0.02394	0.32040	0.42814	0.01099	0.01623	0.00993	0.00457	0.00632
15	0.01124	0.00842	0.01064	0.01171	0.01325	0.00804	0.00881	0.01463	0.04872	0.02382	0.12608	0.35315	0.15555	0.02214	0.01022	0.00318	0.00519	0.15020	0.00773	0.00727
16	0.01717	0.01730	0.02431	0.50490	0.04647	0.08068	0.02099	0.02158	0.01613	0.02042	0.01353	0.02025	0.01075	0.00929	0.01156	0.00281	0.14219	0.00701	0.00365	0.00902
17	0.01873	0.01778	0.03020	0.15445	0.52057	0.01847	0.02354	0.02353	0.01775	0.02505	0.01555	0.02112	0.01300	0.01091	0.05244	0.00316	0.01063	0.00732	0.00397	0.01185
18	0.01466	0.01244	0.01540	0.01633	0.08354	0.05461	0.03619	0.01736	0.04025	0.02154	0.09390	0.07507	0.06475	0.26293	0.05751	0.04231	0.00853	0.03872	0.00557	0.03840
19	0.77215	0.01569	0.01193	0.01067	0.01569	0.01820	0.00879	0.02385	0.01381	0.03641	0.01130	0.01318	0.00879	0.00753	0.00502	0.00251	0.00628	0.00439	0.00502	0.00879
20	0.01166	0.00868	0.01097	0.01138	0.01290	0.00848	0.00815	0.01637	0.08554	0.02718	0.30759	0.35938	0.06045	0.02011	0.00980	0.00292	0.00451	0.01800	0.00821	0.00771
21	0.01354	0.00861	0.01136	0.01077	0.01286	0.00789	0.00803	0.01693	0.02184	0.08956	0.50635	0.15839	0.06779	0.01736	0.00956	0.00266	0.00425	0.01538	0.00882	0.00806
22	0.02280	0.52715	0.09953	0.01598	0.02300	0.12398	0.01575	0.05157	0.01840	0.02119	0.01213	0.01392	0.01055	0.00734	0.00587	0.00190	0.00986	0.00475	0.00377	0.01056
23	0.01707	0.12090	0.57250	0.02312	0.05903	0.02042	0.02788	0.02550	0.01711	0.02495	0.01420	0.01677	0.01040	0.00760	0.00743	0.00246	0.01151	0.00585	0.00346	0.01184
24	0.01941	0.20088	0.23846	0.05640	0.05218	0.04473	0.05328	0.07247	0.04458	0.02558	0.01535	0.01821	0.01214	0.01086	0.04767	0.00289	0.01090	0.00617	0.00425	0.06359
25	0.01513	0.00756	0.00756	0.00756	0.00945	0.00756	0.00567	0.01891	0.01702	0.03025	0.02647	0.03025	0.02080	0.00945	0.00567	0.00189	0.00378	0.00756	0.75988	0.00756
26	0.01162	0.00859	0.01254	0.01254	0.01381	0.00987	0.00952	0.01417	0.01289	0.01846	0.02219	0.03443	0.02139	0.13940	0.60565	0.01242	0.02007	0.00907	0.00442	0.00697
27	0.01812	0.01519	0.01752	0.01263	0.01978	0.01214	0.01015	0.07749	0.01880	0.02873	0.01489	0.01707	0.01218	0.00635	0.00620	0.00132	0.00628	0.00504	0.00511	0.69500
28	0.01242	0.00815	0.01222	0.01222	0.01319	0.00912	0.00912	0.01319	0.01222	0.01727	0.01921	0.02949	0.01824	0.05006	0.46757	0.26116	0.01688	0.00815	0.00407	0.00602
29	0.01897	0.06531	0.10115	0.01578	0.02116	0.01843	0.01402	0.11967	0.29093	0.03202	0.06062	0.06730	0.11535	0.01245	0.00831	0.00263	0.00712	0.01023	0.00720	0.01134
30	0.30696	0.01679	0.02024	0.01582	0.02187	0.01728	0.07780	0.12731	0.02167	0.26744	0.02066	0.02035	0.01406	0.00872	0.00714	0.00252	0.00772	0.00678	0.00724	0.01164

[dist]
# distance from previous block
# <min> <max>
0	4

[block]
# block no. 10 follows, 23 sequences, length 10
# corresponding to MSA columns:
# 823-832
name=unknown_K
#
# <colnr> <probs for GDERKNQSTAVLIFYWHMCP>
#	G	D	E	R	K	N	Q	S	T	A	V	L	I	F	Y	W	H	M	C	P
0	0.02431	0.01797	0.02083	0.08017	0.04498	0.04973	0.01469	0.15172	0.21000	0.14319	0.02498	0.02764	0.01912	0.04144	0.01130	0.00293	0.06921	0.02675	0.00720	0.01183
1	0.01923	0.07300	0.02628	0.18892	0.03235	0.13891	0.11414	0.04350	0.03907	0.02445	0.10332	0.05485	0.02229	0.01013	0.00911	0.00250	0.04422	0.00867	0.00501	0.04004
2	0.16643	0.21322	0.13772	0.01971	0.07262	0.13719	0.04531	0.02645	0.04331	0.02561	0.03485	0.01724	0.01312	0.00793	0.00665	0.00225	0.00986	0.00578	0.00433	0.01041
