[name]
unknown

[dist]
# distance from previous block
# <min> <max>
0	56

[block]
# block no. 0 follows, 31 sequences, length 152
# corresponding to MSA columns:
# 56-108,115-129,131-165,171-219
name=unknown_A
#
# <colnr> <probs for GDERKNQSTAVLIFYWHMCP>
#	G	D	E	R	K	N	Q	S	T	A	V	L	I	F	Y	W	H	M	C	P
0	0.01065	0.00767	0.01055	0.01204	0.01356	0.00757	0.01033	0.01356	0.01553	0.02012	0.03814	0.13102	0.07654	0.01902	0.00932	0.00307	0.00596	0.58281	0.00631	0.00621
1	0.01597	0.00839	0.01112	0.00964	0.01238	0.00752	0.00751	0.01899	0.01934	0.23639	0.49023	0.04309	0.06659	0.01241	0.00771	0.00215	0.00402	0.01077	0.00778	0.00800
2	0.02562	0.01897	0.02031	0.01566	0.02107	0.02104	0.01291	0.66581	0.06106	0.04249	0.01692	0.01682	0.01203	0.00826	0.00685	0.00206	0.00744	0.00623	0.00685	0.01160
3	0.01829	0.76368	0.03585	0.01171	0.01756	0.02707	0.01171	0.02049	0.01390	0.01610	0.00951	0.01097	0.00878	0.00585	0.00439	0.00146	0.00732	0.00366	0.00293	0.00878
4	0.00995	0.00663	0.00746	0.00746	0.00746	0.00663	0.00415	0.00995	0.00995	0.01327	0.02156	0.04477	0.02487	0.75957	0.03482	0.00663	0.00663	0.00995	0.00415	0.00415
5	0.00995	0.00663	0.00746	0.00746	0.00746	0.00663	0.00415	0.00995	0.00995	0.01327	0.02156	0.04477	0.02487	0.75957	0.03482	0.00663	0.00663	0.00995	0.00415	0.00415
6	0.00980	0.00724	0.01054	0.01054	0.01161	0.00831	0.00799	0.01193	0.01086	0.01555	0.01874	0.02917	0.01810	0.14221	0.64292	0.01044	0.01682	0.00767	0.00373	0.00586
7	0.01419	0.01216	0.01419	0.01013	0.01621	0.00912	0.00811	0.01723	0.01419	0.02229	0.01216	0.01419	0.01013	0.00507	0.00507	0.00101	0.00507	0.00405	0.00405	0.80139
8	0.02529	0.02902	0.01969	0.01722	0.02105	0.55035	0.01323	0.17407	0.02190	0.02255	0.01181	0.01333	0.00944	0.00748	0.00689	0.00187	0.03698	0.00485	0.00424	0.00873
9	0.01123	0.00902	0.01113	0.01123	0.01319	0.00945	0.00921	0.01612	0.11035	0.02169	0.13184	0.05870	0.21025	0.01596	0.00962	0.00268	0.06456	0.27055	0.00630	0.00690
10	0.80789	0.01323	0.01006	0.00900	0.01323	0.01535	0.00741	0.02011	0.01164	0.03070	0.00953	0.01111	0.00741	0.00635	0.00423	0.00212	0.00529	0.00370	0.00423	0.00741
11	0.80789	0.01323	0.01006	0.00900	0.01323	0.01535	0.00741	0.02011	0.01164	0.03070	0.00953	0.01111	0.00741	0.00635	0.00423	0.00212	0.00529	0.00370	0.00423	0.00741
12	0.00968	0.00699	0.00914	0.00861	0.01022	0.00646	0.00646	0.01291	0.01937	0.02743	0.71328	0.05110	0.06455	0.01399	0.00807	0.00215	0.00323	0.01237	0.00753	0.00646
13	0.01372	0.03539	0.72412	0.01950	0.02961	0.01589	0.02528	0.02167	0.01444	0.02167	0.01228	0.01444	0.00867	0.00650	0.00650	0.00217	0.01011	0.00506	0.00289	0.01011
14	0.04544	0.03450	0.69560	0.01908	0.02896	0.01587	0.02456	0.02160	0.01433	0.02203	0.01217	0.01431	0.00862	0.00649	0.00641	0.00216	0.00992	0.00500	0.00294	0.01000
15	0.01497	0.01497	0.02095	0.01796	0.01796	0.02095	0.01497	0.01646	0.01048	0.01646	0.00898	0.01497	0.00898	0.01197	0.02245	0.00299	0.74704	0.00599	0.00299	0.00748
16	0.00833	0.00694	0.00726	0.00718	0.00939	0.00588	0.00539	0.01028	0.01616	0.01983	0.16604	0.06363	0.61654	0.01682	0.00808	0.00229	0.00343	0.01413	0.00653	0.00588
17	0.00986	0.00697	0.00918	0.00918	0.00977	0.00756	0.00628	0.01105	0.01046	0.01454	0.01999	0.03609	0.02110	0.41580	0.37343	0.00875	0.01231	0.00868	0.00391	0.00510
18	0.02560	0.03135	0.01949	0.01745	0.02116	0.66578	0.01320	0.08953	0.02058	0.01920	0.01112	0.01272	0.00908	0.00716	0.00623	0.00179	0.01189	0.00457	0.00383	0.00828
19	0.00834	0.00595	0.00794	0.00953	0.00992	0.00556	0.00635	0.00953	0.01310	0.01746	0.03771	0.75510	0.04525	0.02143	0.00873	0.00278	0.00397	0.01945	0.00635	0.00556
20	0.02592	0.01809	0.01964	0.01511	0.02043	0.01977	0.01247	0.61567	0.03050	0.09803	0.01750	0.01731	0.01228	0.00822	0.00677	0.00204	0.00723	0.00623	0.03533	0.01145
21	0.01615	0.01845	0.04037	0.02884	0.03576	0.01730	0.69204	0.02191	0.01615	0.02191	0.01384	0.01845	0.01038	0.00577	0.00807	0.00231	0.01153	0.00807	0.00346	0.00923
22	0.01235	0.00692	0.00766	0.00832	0.03308	0.00683	0.00605	0.01545	0.01464	0.02431	0.02713	0.03397	0.07325	0.00982	0.00562	0.00183	0.00372	0.07972	0.62285	0.00647
23	0.00834	0.00595	0.00794	0.00953	0.00992	0.00556	0.00635	0.00953	0.01310	0.01746	0.03771	0.75510	0.04525	0.02143	0.00873	0.00278	0.00397	0.01945	0.00635	0.00556
24	0.00839	0.00645	0.00772	0.00868	0.00990	0.00578	0.00617	0.00991	0.01424	0.01804	0.05014	0.44279	0.30982	0.01966	0.00852	0.00261	0.00390	0.05524	0.00635	0.00569
25	0.07599	0.07918	0.11261	0.04083	0.11915	0.04480	0.05667	0.13398	0.04811	0.14665	0.01748	0.04121	0.01365	0.00800	0.00662	0.00212	0.00772	0.03010	0.00514	0.00997
26	0.01504	0.01460	0.04255	0.31953	0.11570	0.04734	0.08374	0.04217	0.01515	0.04501	0.03975	0.09014	0.01522	0.00887	0.00854	0.00232	0.07440	0.00771	0.00394	0.00828
27	0.77246	0.01350	0.01053	0.00930	0.01359	0.01561	0.00766	0.05065	0.01257	0.03126	0.00984	0.01135	0.00760	0.00644	0.00435	0.00211	0.00539	0.00382	0.00435	0.00760
28	0.01551	0.01594	0.02013	0.01745	0.01784	0.08072	0.01438	0.01710	0.01127	0.01645	0.00976	0.01556	0.00953	0.01427	0.07001	0.00344	0.63418	0.00594	0.00309	0.00743
29	0.01675	0.01607	0.02744	0.07376	0.68654	0.01621	0.02091	0.02084	0.01549	0.02213	0.01284	0.01699	0.01076	0.00613	0.00678	0.00204	0.00817	0.00609	0.00337	0.01069
30	0.00962	0.00699	0.00906	0.00854	0.01018	0.00643	0.00641	0.01279	0.01922	0.02709	0.68872	0.05167	0.08933	0.01411	0.00807	0.00216	0.00324	0.01245	0.00749	0.00643
31	0.00902	0.00697	0.00822	0.00791	0.00981	0.00617	0.00593	0.01162	0.01779	0.02370	0.44440	0.05726	0.33577	0.01538	0.00808	0.00222	0.00333	0.01324	0.00704	0.00617
32	0.00920	0.00697	0.00847	0.00810	0.00992	0.00625	0.00607	0.01197	0.01821	0.02470	0.51680	0.05560	0.26273	0.01501	0.00807	0.00220	0.00330	0.01300	0.00717	0.00625
33	0.00883	0.00656	0.00829	0.00916	0.01031	0.00602	0.00665	0.01071	0.01504	0.01980	0.16510	0.40802	0.18879	0.01895	0.00856	0.00261	0.00399	0.09020	0.00656	0.00585
34	0.01702	0.01470	0.01547	0.01392	0.01779	0.01702	0.01083	0.03635	0.70453	0.02862	0.02785	0.02553	0.02088	0.00928	0.00696	0.00232	0.00541	0.00773	0.00696	0.01083
35	0.01497	0.01497	0.02095	0.01796	0.01796	0.02095	0.01497	0.01646	0.01048	0.01646	0.00898	0.01497	0.00898	0.01197	0.02245	0.00299	0.74704	0.00599	0.00299	0.00748
36	0.02535	0.01694	0.01815	0.01417	0.01913	0.04182	0.01161	0.48446	0.02764	0.15628	0.01868	0.01845	0.01309	0.00819	0.00660	0.00200	0.00693	0.00625	0.09334	0.01094
37	0.00977	0.00733	0.01100	0.01100	0.01222	0.00855	0.00855	0.01222	0.01100	0.01588	0.01833	0.02688	0.01710	0.05131	0.73245	0.01100	0.01833	0.00733	0.00367	0.00611
38	0.60729	0.01674	0.03431	0.01278	0.06085	0.10589	0.00976	0.04400	0.01366	0.02854	0.01019	0.01193	0.00799	0.00649	0.00480	0.00207	0.00659	0.00407	0.00414	0.00792
39	0.01873	0.55803	0.07390	0.01418	0.04581	0.10731	0.01301	0.02238	0.05863	0.01755	0.01110	0.01250	0.00963	0.00626	0.00498	0.00162	0.00798	0.00418	0.00327	0.00897
40	0.01415	0.01213	0.01733	0.46548	0.05636	0.03798	0.01506	0.04173	0.05871	0.02093	0.01547	0.01997	0.01182	0.00727	0.00638	0.00210	0.00762	0.00620	0.17551	0.00779
41	0.01257	0.01067	0.01410	0.01667	0.16906	0.03441	0.01022	0.04171	0.04247	0.02570	0.41962	0.04136	0.11030	0.01193	0.00763	0.00213	0.00490	0.01050	0.00631	0.00777
42	0.80789	0.01323	0.01006	0.00900	0.01323	0.01535	0.00741	0.02011	0.01164	0.03070	0.00953	0.01111	0.00741	0.00635	0.00423	0.00212	0.00529	0.00370	0.00423	0.00741
43	0.00890	0.00696	0.00806	0.00778	0.00974	0.00612	0.00584	0.01139	0.01751	0.02304	0.39693	0.05834	0.38365	0.01563	0.00808	0.00223	0.00334	0.01339	0.00695	0.00612
44	0.01292	0.01216	0.02052	0.74312	0.04712	0.01520	0.01900	0.01748	0.01368	0.01748	0.01216	0.01824	0.00912	0.00684	0.00684	0.00228	0.00912	0.00608	0.00304	0.00760
45	0.01017	0.00743	0.01098	0.01087	0.01187	0.00864	0.00832	0.01194	0.01072	0.01539	0.01751	0.02667	0.01666	0.07932	0.60651	0.08848	0.04191	0.00727	0.00359	0.00576
46	0.01017	0.00739	0.01031	0.01212	0.03336	0.00722	0.00937	0.01267	0.01508	0.01999	0.08510	0.30908	0.04239	0.01904	0.00902	0.00292	0.00532	0.37694	0.00632	0.00619
47	0.01720	0.01471	0.01559	0.01375	0.01783	0.01668	0.01074	0.06140	0.63370	0.02879	0.02639	0.02444	0.01983	0.00897	0.00684	0.00223	0.00548	0.00744	0.00677	0.06122
48	0.08975	0.02855	0.04329	0.04485	0.02157	0.54696	0.01334	0.04986	0.01850	0.04079	0.01127	0.01311	0.00906	0.00722	0.00666	0.00189	0.03672	0.00463	0.00380	0.00818
49	0.72291	0.01256	0.01005	0.00916	0.01304	0.01452	0.00746	0.01918	0.01165	0.02917	0.01112	0.03751	0.00940	0.01012	0.05715	0.00278	0.00619	0.00450	0.00426	0.00725
50	0.00834	0.00595	0.00794	0.00953	0.00992	0.00556	0.00635	0.00953	0.01310	0.01746	0.03771	0.75510	0.04525	0.02143	0.00873	0.00278	0.00397	0.01945	0.00635	0.00556
51	0.01693	0.01626	0.02777	0.04199	0.71689	0.01626	0.02100	0.02100	0.01558	0.02235	0.01287	0.01693	0.01084	0.00610	0.00677	0.00203	0.00813	0.00610	0.00339	0.01084
52	0.00968	0.00699	0.00914	0.00861	0.01022	0.00646	0.00646	0.01291	0.01937	0.02743	0.71328	0.05110	0.06455	0.01399	0.00807	0.00215	0.00323	0.01237	0.00753	0.00646
53	0.00979	0.00727	0.01068	0.01068	0.01179	0.00838	0.00815	0.01201	0.01090	0.01565	0.01862	0.02849	0.01780	0.11520	0.66952	0.01060	0.01727	0.00757	0.00371	0.00593
54	0.00977	0.00733	0.01100	0.01100	0.01222	0.00855	0.00855	0.01222	0.01100	0.01588	0.01833	0.02688	0.01710	0.05131	0.73245	0.01100	0.01833	0.00733	0.00367	0.00611
55	0.00829	0.00613	0.00775	0.00905	0.00980	0.00560	0.00614	0.00958	0.01356	0.01765	0.04354	0.62786	0.16873	0.02068	0.00861	0.00269	0.00388	0.01852	0.00635	0.00560
56	0.01419	0.01216	0.01419	0.01013	0.01621	0.00912	0.00811	0.01723	0.01419	0.02229	0.01216	0.01419	0.01013	0.00507	0.00507	0.00101	0.00507	0.00405	0.00405	0.80139
57	0.00830	0.00688	0.00727	0.00730	0.00941	0.00585	0.00543	0.01018	0.01590	0.01953	0.14750	0.10791	0.59060	0.01717	0.00812	0.00232	0.00347	0.01450	0.00650	0.00585
58	0.01574	0.01504	0.02534	0.24406	0.45381	0.01603	0.04385	0.02096	0.05792	0.02131	0.01363	0.01790	0.01095	0.00650	0.00685	0.00213	0.00837	0.00626	0.00351	0.00984
59	0.01040	0.00776	0.00981	0.00905	0.01101	0.00732	0.00684	0.01476	0.06768	0.02730	0.63459	0.04771	0.05912	0.01327	0.00786	0.00211	0.00346	0.01169	0.00734	0.04093
60	0.01025	0.00661	0.00735	0.00735	0.00752	0.00661	0.00421	0.01059	0.01042	0.01458	0.02164	0.04270	0.02409	0.67897	0.03160	0.00609	0.00626	0.00957	0.08922	0.00438
61	0.00977	0.00733	0.01100	0.01100	0.01222	0.00855	0.00855	0.01222	0.01100	0.01588	0.01833	0.02688	0.01710	0.05131	0.73245	0.01100	0.01833	0.00733	0.00367	0.00611
62	0.02591	0.03073	0.01920	0.01720	0.02091	0.65781	0.01301	0.05353	0.01990	0.06341	0.01186	0.01320	0.00945	0.00719	0.00624	0.00180	0.01173	0.00463	0.00397	0.00832
63	0.01606	0.01905	0.06429	0.02851	0.03554	0.01725	0.66872	0.02191	0.01609	0.02191	0.01379	0.01831	0.01032	0.00579	0.00802	0.00230	0.01148	0.00797	0.00344	0.00926
64	0.01399	0.00768	0.00788	0.00738	0.00937	0.00787	0.00566	0.08384	0.01628	0.02733	0.04220	0.02535	0.01834	0.00817	0.00509	0.00166	0.00362	0.00653	0.69486	0.00691
65	0.00967	0.00714	0.00826	0.00788	0.01000	0.00624	0.00595	0.01211	0.01743	0.04971	0.35470	0.05762	0.39758	0.01549	0.00803	0.00223	0.00345	0.01323	0.00696	0.00631
66	0.00834	0.00595	0.00794	0.00953	0.00992	0.00556	0.00635	0.00953	0.01310	0.01746	0.03771	0.75510	0.04525	0.02143	0.00873	0.00278	0.00397	0.01945	0.00635	0.00556
67	0.01419	0.01216	0.01419	0.01013	0.01621	0.00912	0.00811	0.01723	0.01419	0.02229	0.01216	0.01419	0.01013	0.00507	0.00507	0.00101	0.00507	0.00405	0.00405	0.80139
68	0.01766	0.01502	0.01583	0.01405	0.01804	0.01732	0.01098	0.08358	0.65625	0.02966	0.02703	0.02487	0.02022	0.00921	0.00695	0.00230	0.00557	0.00762	0.00695	0.01089
69	0.01291	0.00817	0.01126	0.01220	0.01416	0.00794	0.01050	0.01588	0.01606	0.09547	0.03671	0.09522	0.06618	0.01780	0.00909	0.00299	0.00604	0.54807	0.00654	0.00682
70	0.00869	0.00690	0.00774	0.00762	0.00954	0.00602	0.00564	0.01085	0.01658	0.02129	0.28361	0.08982	0.44433	0.04003	0.00896	0.00241	0.00351	0.01381	0.00668	0.00594
71	0.01603	0.00800	0.00864	0.00781	0.01017	0.00794	0.00607	0.06828	0.01634	0.11611	0.02248	0.02455	0.01702	0.00805	0.00520	0.00170	0.00385	0.00643	0.63790	0.00744
72	0.02538	0.02517	0.02087	0.01715	0.02181	0.34032	0.04228	0.36573	0.02574	0.03036	0.01369	0.01468	0.01031	0.00759	0.00659	0.00193	0.00986	0.00545	0.00521	0.00987
73	0.00943	0.00682	0.00823	0.00840	0.01003	0.00607	0.00610	0.01150	0.01617	0.04482	0.25994	0.26420	0.28892	0.01720	0.00823	0.00239	0.00362	0.01502	0.00679	0.00612
74	0.01537	0.01227	0.01507	0.04460	0.04225	0.00971	0.00919	0.01849	0.01459	0.07074	0.01322	0.01510	0.01059	0.00542	0.00533	0.00118	0.00541	0.00441	0.00429	0.68277
75	0.00858	0.00636	0.00817	0.00937	0.01025	0.00596	0.00662	0.01009	0.01361	0.01777	0.04215	0.53311	0.16546	0.02240	0.05477	0.00324	0.00496	0.06526	0.00618	0.00569
76	0.00831	0.00669	0.00741	0.00775	0.00951	0.00579	0.00561	0.01006	0.01536	0.01915	0.12740	0.23601	0.48098	0.01801	0.00825	0.00241	0.00357	0.01548	0.00647	0.00579
77	0.01292	0.01216	0.02052	0.74312	0.04712	0.01520	0.01900	0.01748	0.01368	0.01748	0.01216	0.01824	0.00912	0.00684	0.00684	0.00228	0.00912	0.00608	0.00304	0.00760
78	0.01581	0.04649	0.03938	0.01254	0.01518	0.08022	0.01035	0.04270	0.01415	0.11723	0.01770	0.02262	0.01492	0.03146	0.39914	0.00688	0.06058	0.00657	0.03846	0.00763
79	0.00854	0.00695	0.00757	0.00741	0.00952	0.00597	0.00556	0.01071	0.01668	0.02106	0.25446	0.06160	0.52736	0.01637	0.00808	0.00226	0.00340	0.01384	0.00669	0.00597
80	0.00893	0.00624	0.00773	0.00868	0.00898	0.00597	0.00549	0.00969	0.01200	0.01593	0.03263	0.46914	0.05785	0.29683	0.01845	0.00420	0.00495	0.01575	0.00553	0.00504
81	0.00831	0.00662	0.00745	0.00791	0.00955	0.00577	0.00568	0.01000	0.01513	0.01895	0.11656	0.28496	0.44235	0.01834	0.00829	0.00245	0.00361	0.01586	0.00646	0.00577
82	0.01313	0.01256	0.02178	0.69762	0.04640	0.01533	0.06187	0.01776	0.01384	0.01776	0.01227	0.01825	0.00920	0.00677	0.00692	0.00228	0.00927	0.00621	0.00307	0.00770
83	0.01372	0.03539	0.72412	0.01950	0.02961	0.01589	0.02528	0.02167	0.01444	0.02167	0.01228	0.01444	0.00867	0.00650	0.00650	0.00217	0.01011	0.00506	0.00289	0.01011
84	0.01569	0.05185	0.09642	0.23155	0.06153	0.01649	0.26621	0.07655	0.01635	0.02240	0.01381	0.01794	0.01043	0.00653	0.00699	0.00216	0.00941	0.00663	0.06217	0.00888
85	0.00865	0.00722	0.00757	0.00743	0.00969	0.00628	0.00559	0.01123	0.04087	0.02019	0.16447	0.06218	0.59176	0.01654	0.00804	0.00229	0.00350	0.01389	0.00655	0.00606
86	0.01534	0.07761	0.35835	0.01985	0.02752	0.01725	0.17502	0.02496	0.17050	0.02290	0.01596	0.01763	0.01183	0.00691	0.00682	0.00218	0.00918	0.00626	0.00394	0.00998
87	0.00846	0.00688	0.00749	0.00747	0.00950	0.00591	0.00555	0.01050	0.01628	0.02043	0.21227	0.10643	0.52527	0.01684	0.00812	0.00230	0.00344	0.01429	0.00662	0.00591
88	0.00918	0.00697	0.00845	0.00808	0.00991	0.00624	0.00606	0.01194	0.01818	0.02461	0.51045	0.05575	0.26914	0.01504	0.00807	0.00220	0.00330	0.01302	0.00716	0.00624
89	0.01497	0.01497	0.02095	0.01796	0.01796	0.02095	0.01497	0.01646	0.01048	0.01646	0.00898	0.01497	0.00898	0.01197	0.02245	0.00299	0.74704	0.00599	0.00299	0.00748
90	0.75956	0.01332	0.01054	0.00928	0.01359	0.01530	0.00765	0.03777	0.01246	0.05626	0.01034	0.01169	0.00787	0.00648	0.00440	0.00212	0.00537	0.00388	0.00446	0.00767
91	0.01497	0.01497	0.02095	0.01796	0.01796	0.02095	0.01497	0.01646	0.01048	0.01646	0.00898	0.01497	0.00898	0.01197	0.02245	0.00299	0.74704	0.00599	0.00299	0.00748
92	0.02631	0.01868	0.02024	0.01551	0.02098	0.02051	0.01282	0.65199	0.03136	0.08634	0.01710	0.01686	0.01197	0.00823	0.00685	0.00206	0.00742	0.00621	0.00695	0.01164
93	0.03070	0.01164	0.01588	0.01217	0.01746	0.01006	0.01006	0.03334	0.01958	0.72163	0.02699	0.02329	0.01694	0.00847	0.00688	0.00212	0.00582	0.00688	0.00847	0.01164
94	0.00995	0.00663	0.00746	0.00746	0.00746	0.00663	0.00415	0.00995	0.00995	0.01327	0.02156	0.04477	0.02487	0.75957	0.03482	0.00663	0.00663	0.00995	0.00415	0.00415
95	0.02601	0.01916	0.02053	0.01574	0.02122	0.02122	0.01300	0.69408	0.03217	0.04312	0.01643	0.01643	0.01163	0.00821	0.00684	0.00205	0.00753	0.00616	0.00684	0.01163
96	0.02606	0.01194	0.01528	0.01222	0.01690	0.01124	0.00991	0.05585	0.13366	0.50923	0.09855	0.02632	0.02238	0.00917	0.00702	0.00215	0.00554	0.00757	0.00806	0.01096
97	0.00842	0.00602	0.00802	0.00947	0.00994	0.00561	0.00636	0.00974	0.01350	0.01810	0.08074	0.71025	0.04648	0.02096	0.00869	0.00274	0.00392	0.01900	0.00643	0.00561
98	0.05577	0.01132	0.01501	0.01165	0.01665	0.00997	0.00959	0.03166	0.01894	0.64892	0.02607	0.02303	0.01665	0.00836	0.00664	0.00208	0.00562	0.00674	0.06418	0.01113
99	0.01497	0.01497	0.02095	0.01796	0.01796	0.02095	0.01497	0.01646	0.01048	0.01646	0.00898	0.01497	0.00898	0.01197	0.02245	0.00299	0.74704	0.00599	0.00299	0.00748
100	0.01372	0.03539	0.72412	0.01950	0.02961	0.01589	0.02528	0.02167	0.01444	0.02167	0.01228	0.01444	0.00867	0.00650	0.00650	0.00217	0.01011	0.00506	0.00289	0.01011
101	0.19289	0.01168	0.01382	0.01116	0.01566	0.01128	0.00910	0.05181	0.03859	0.42860	0.12208	0.02452	0.02171	0.00883	0.00649	0.00213	0.00538	0.00700	0.00733	0.00997
102	0.01172	0.00897	0.01094	0.01202	0.01366	0.03900	0.01000	0.04018	0.01604	0.02076	0.03538	0.18453	0.06197	0.01801	0.00889	0.00291	0.00601	0.46194	0.03063	0.00643
103	0.01143	0.01057	0.01003	0.01048	0.01221	0.10714	0.00783	0.01389	0.03963	0.01904	0.08023	0.29500	0.22603	0.01708	0.00820	0.00251	0.00534	0.11102	0.00604	0.00629
104	0.00910	0.00744	0.00809	0.00784	0.01006	0.00668	0.00591	0.01237	0.06053	0.02163	0.24666	0.05915	0.48839	0.01588	0.00801	0.00227	0.00352	0.01343	0.00672	0.00629
105	0.73051	0.01307	0.01063	0.00931	0.01365	0.01482	0.00767	0.02143	0.01243	0.09949	0.01126	0.01233	0.00836	0.00656	0.00450	0.00212	0.00534	0.00402	0.00466	0.00783
106	0.04342	0.01668	0.02061	0.26166	0.12943	0.11396	0.03556	0.14066	0.01861	0.04847	0.06953	0.01942	0.01448	0.00774	0.00726	0.00213	0.03065	0.00638	0.00444	0.00892
107	0.00845	0.00604	0.00807	0.00966	0.01011	0.00566	0.00655	0.00973	0.01321	0.01759	0.03764	0.72596	0.04500	0.02132	0.00876	0.00279	0.00407	0.04744	0.00635	0.00559
108	0.00998	0.00713	0.00982	0.01140	0.01252	0.00697	0.00920	0.01236	0.01472	0.01930	0.03680	0.34132	0.04166	0.01989	0.00917	0.00301	0.00539	0.41703	0.00632	0.00601
109	0.70383	0.03452	0.01206	0.01095	0.04197	0.06292	0.00845	0.02063	0.01237	0.02906	0.00973	0.01142	0.00767	0.00637	0.00447	0.00207	0.00592	0.00385	0.00412	0.00762
110	0.00850	0.00617	0.00838	0.03523	0.01123	0.00589	0.00679	0.00980	0.01312	0.01747	0.03681	0.72928	0.04398	0.02092	0.00867	0.00276	0.00415	0.01898	0.00623	0.00563
111	0.01591	0.01540	0.02681	0.21110	0.51116	0.01607	0.06326	0.02020	0.01515	0.02114	0.01276	0.01735	0.01039	0.00626	0.00687	0.00211	0.00859	0.00622	0.00331	0.00995
112	0.01848	0.01444	0.01550	0.01365	0.01766	0.01637	0.01070	0.07127	0.59221	0.08499	0.02699	0.02485	0.01996	0.00912	0.00688	0.00227	0.00550	0.00754	0.03081	0.01080
113	0.00941	0.00698	0.00876	0.00832	0.01005	0.00634	0.00624	0.01238	0.01872	0.02589	0.60238	0.05364	0.17642	0.01456	0.00807	0.00218	0.00327	0.01273	0.00733	0.00634
114	0.00995	0.00663	0.00746	0.00746	0.00746	0.00663	0.00415	0.00995	0.00995	0.01327	0.02156	0.04477	0.02487	0.75957	0.03482	0.00663	0.00663	0.00995	0.00415	0.00415
115	0.01702	0.01470	0.01547	0.01392	0.01779	0.01702	0.01083	0.03635	0.70453	0.02862	0.02785	0.02553	0.02088	0.00928	0.00696	0.00232	0.00541	0.00773	0.00696	0.01083
116	0.01829	0.76368	0.03585	0.01171	0.01756	0.02707	0.01171	0.02049	0.01390	0.01610	0.00951	0.01097	0.00878	0.00585	0.00439	0.00146	0.00732	0.00366	0.00293	0.00878
117	0.01497	0.01497	0.02095	0.01796	0.01796	0.02095	0.01497	0.01646	0.01048	0.01646	0.00898	0.01497	0.00898	0.01197	0.02245	0.00299	0.74704	0.00599	0.00299	0.00748
118	0.02601	0.01916	0.02053	0.01574	0.02122	0.02122	0.01300	0.69408	0.03217	0.04312	0.01643	0.01643	0.01163	0.00821	0.00684	0.00205	0.00753	0.00616	0.00684	0.01163
119	0.00834	0.00595	0.00794	0.00953	0.00992	0.00556	0.00635	0.00953	0.01310	0.01746	0.03771	0.75510	0.04525	0.02143	0.00873	0.00278	0.00397	0.01945	0.00635	0.00556
120	0.00995	0.00663	0.00746	0.00746	0.00746	0.00663	0.00415	0.00995	0.00995	0.01327	0.02156	0.04477	0.02487	0.75957	0.03482	0.00663	0.00663	0.00995	0.00415	0.00415
121	0.80789	0.01323	0.01006	0.00900	0.01323	0.01535	0.00741	0.02011	0.01164	0.03070	0.00953	0.01111	0.00741	0.00635	0.00423	0.00212	0.00529	0.00370	0.00423	0.00741
122	0.00995	0.00663	0.00746	0.00746	0.00746	0.00663	0.00415	0.00995	0.00995	0.01327	0.02156	0.04477	0.02487	0.75957	0.03482	0.00663	0.00663	0.00995	0.00415	0.00415
123	0.03070	0.01164	0.01588	0.01217	0.01746	0.01006	0.01006	0.03334	0.01958	0.72163	0.02699	0.02329	0.01694	0.00847	0.00688	0.00212	0.00582	0.00688	0.00847	0.01164
124	0.01829	0.76368	0.03585	0.01171	0.01756	0.02707	0.01171	0.02049	0.01390	0.01610	0.00951	0.01097	0.00878	0.00585	0.00439	0.00146	0.00732	0.00366	0.00293	0.00878
125	0.02019	0.01014	0.01299	0.01161	0.01490	0.00968	0.00900	0.02524	0.13487	0.34268	0.03104	0.26772	0.02784	0.01330	0.00761	0.00241	0.00516	0.03690	0.00743	0.00928
126	0.02601	0.01916	0.02053	0.01574	0.02122	0.02122	0.01300	0.69408	0.03217	0.04312	0.01643	0.01643	0.01163	0.00821	0.00684	0.00205	0.00753	0.00616	0.00684	0.01163
127	0.03070	0.01164	0.01588	0.01217	0.01746	0.01006	0.01006	0.03334	0.01958	0.72163	0.02699	0.02329	0.01694	0.00847	0.00688	0.00212	0.00582	0.00688	0.00847	0.01164
128	0.01132	0.00742	0.00904	0.00845	0.01064	0.00656	0.00640	0.01387	0.01779	0.09830	0.38411	0.08517	0.28549	0.01490	0.00798	0.00223	0.00362	0.01283	0.00717	0.00673
129	0.00852	0.00649	0.00759	0.00822	0.00940	0.00583	0.00566	0.00994	0.01418	0.01813	0.09871	0.35542	0.30286	0.10302	0.01139	0.00299	0.00402	0.01590	0.00619	0.00555
130	0.01702	0.01470	0.01547	0.01392	0.01779	0.01702	0.01083	0.03635	0.70453	0.02862	0.02785	0.02553	0.02088	0.00928	0.00696	0.00232	0.00541	0.00773	0.00696	0.01083
131	0.02556	0.03261	0.01939	0.01763	0.02115	0.73210	0.01322	0.02732	0.01939	0.01674	0.01058	0.01234	0.00881	0.00705	0.00617	0.00176	0.01234	0.00441	0.00353	0.00793
132	0.01706	0.01678	0.02588	0.05941	0.60160	0.06756	0.01974	0.02091	0.01581	0.02168	0.01417	0.02048	0.01246	0.00700	0.00690	0.00209	0.00835	0.04832	0.00357	0.01024
133	0.00999	0.00673	0.00829	0.00885	0.00938	0.00674	0.00602	0.01112	0.01187	0.01628	0.02687	0.18611	0.03010	0.39527	0.07211	0.00527	0.00663	0.11628	0.06104	0.00506
134	0.00833	0.00598	0.00791	0.00945	0.00990	0.00556	0.00632	0.00953	0.01317	0.01750	0.03866	0.73428	0.06545	0.02131	0.00871	0.00276	0.00395	0.01930	0.00635	0.00556
135	0.01465	0.02813	0.43873	0.02269	0.03103	0.01671	0.25924	0.02142	0.01479	0.02142	0.01262	0.01589	0.00929	0.00659	0.00807	0.00227	0.05756	0.00618	0.00310	0.00963
136	0.00851	0.00689	0.00761	0.00793	0.00986	0.00599	0.00599	0.01041	0.01554	0.01918	0.10858	0.15965	0.51306	0.01779	0.00830	0.00244	0.00378	0.07620	0.00643	0.00584
137	0.02327	0.07167	0.01981	0.01478	0.01956	0.10209	0.01207	0.43329	0.11932	0.03498	0.01722	0.01744	0.01277	0.00804	0.00647	0.00198	0.00748	0.00601	0.06122	0.01053
138	0.00834	0.00595	0.00794	0.00953	0.00992	0.00556	0.00635	0.00953	0.01310	0.01746	0.03771	0.75510	0.04525	0.02143	0.00873	0.00278	0.00397	0.01945	0.00635	0.00556
139	0.13349	0.01269	0.01461	0.01175	0.01622	0.01277	0.00953	0.15315	0.06378	0.34589	0.05386	0.02256	0.01736	0.03095	0.00724	0.00221	0.00574	0.00667	0.06938	0.01012
140	0.04583	0.28866	0.07153	0.01311	0.01760	0.16607	0.01182	0.04150	0.01588	0.07245	0.01574	0.02291	0.01431	0.06846	0.00816	0.00226	0.00807	0.07637	0.03103	0.00823
141	0.01203	0.00695	0.00754	0.00726	0.00903	0.00679	0.00548	0.03480	0.01625	0.02602	0.20211	0.03464	0.07869	0.01018	0.00592	0.00180	0.00335	0.00847	0.51617	0.00651
142	0.02293	0.29051	0.02526	0.01509	0.01961	0.35564	0.01257	0.09168	0.01846	0.05109	0.01148	0.01284	0.00946	0.00695	0.00612	0.00174	0.03151	0.00447	0.00385	0.00876
143	0.01497	0.01497	0.02095	0.01796	0.01796	0.02095	0.01497	0.01646	0.01048	0.01646	0.00898	0.01497	0.00898	0.01197	0.02245	0.00299	0.74704	0.00599	0.00299	0.00748
144	0.01443	0.00695	0.00756	0.00716	0.00898	0.00678	0.00533	0.01712	0.01439	0.09876	0.02245	0.02668	0.01789	0.06888	0.00808	0.02588	0.00383	0.00670	0.62550	0.00666
145	0.00814	0.00693	0.00700	0.00698	0.00927	0.00580	0.00524	0.00992	0.01571	0.01877	0.08983	0.06537	0.69341	0.01722	0.00809	0.00231	0.00346	0.01437	0.00639	0.00580
146	0.01275	0.00638	0.00638	0.00638	0.00797	0.00638	0.00478	0.01594	0.01435	0.02551	0.02232	0.02551	0.01754	0.00797	0.00478	0.00159	0.00319	0.00638	0.79755	0.00638
147	0.00968	0.00699	0.00914	0.00861	0.01022	0.00646	0.00646	0.01291	0.01937	0.02743	0.71328	0.05110	0.06455	0.01399	0.00807	0.00215	0.00323	0.01237	0.00753	0.00646
148	0.02601	0.01916	0.02053	0.01574	0.02122	0.02122	0.01300	0.69408	0.03217	0.04312	0.01643	0.01643	0.01163	0.00821	0.00684	0.00205	0.00753	0.00616	0.00684	0.01163
149	0.01497	0.01497	0.02095	0.01796	0.01796	0.02095	0.01497	0.01646	0.01048	0.01646	0.00898	0.01497	0.00898	0.01197	0.02245	0.00299	0.74704	0.00599	0.00299	0.00748
150	0.01318	0.01125	0.01185	0.01095	0.01407	0.01208	0.00843	0.02481	0.39906	0.02480	0.09550	0.04229	0.27886	0.01260	0.00746	0.00230	0.00453	0.01055	0.00678	0.00864
151	0.75724	0.01279	0.00982	0.00883	0.01290	0.01478	0.00724	0.01985	0.01182	0.03036	0.01034	0.01203	0.00805	0.00645	0.00427	0.00208	0.00516	0.00387	0.05477	0.00734

[dist]
# distance from previous block
# <min> <max>
0	1

[block]
# block no. 1 follows, 31 sequences, length 11
# corresponding to MSA columns:
# 228-238
name=unknown_B
#
# <colnr> <probs for GDERKNQSTAVLIFYWHMCP>
#	G	D	E	R	K	N	Q	S	T	A	V	L	I	F	Y	W	H	M	C	P
0	0.01693	0.01626	0.02777	0.04199	0.71689	0.01626	0.02100	0.02100	0.01558	0.02235	0.01287	0.01693	0.01084	0.00610	0.00677	0.00203	0.00813	0.00610	0.00339	0.01084
1	0.01372	0.03539	0.72412	0.01950	0.02961	0.01589	0.02528	0.02167	0.01444	0.02167	0.01228	0.01444	0.00867	0.00650	0.00650	0.00217	0.01011	0.00506	0.00289	0.01011
2	0.02556	0.03261	0.01939	0.01763	0.02115	0.73210	0.01322	0.02732	0.01939	0.01674	0.01058	0.01234	0.00881	0.00705	0.00617	0.00176	0.01234	0.00441	0.00353	0.00793
3	0.01702	0.01470	0.01547	0.01392	0.01779	0.01702	0.01083	0.03635	0.70453	0.02862	0.02785	0.02553	0.02088	0.00928	0.00696	0.00232	0.00541	0.00773	0.00696	0.01083
4	0.00968	0.00699	0.00914	0.00861	0.01022	0.00646	0.00646	0.01291	0.01937	0.02743	0.71328	0.05110	0.06455	0.01399	0.00807	0.00215	0.00323	0.01237	0.00753	0.00646
5	0.00834	0.00595	0.00794	0.00953	0.00992	0.00556	0.00635	0.00953	0.01310	0.01746	0.03771	0.75510	0.04525	0.02143	0.00873	0.00278	0.00397	0.01945	0.00635	0.00556
6	0.01292	0.01216	0.02052	0.74312	0.04712	0.01520	0.01900	0.01748	0.01368	0.01748	0.01216	0.01824	0.00912	0.00684	0.00684	0.00228	0.00912	0.00608	0.00304	0.00760
7	0.08800	0.01176	0.01545	0.01194	0.01715	0.01045	0.00986	0.03237	0.01900	0.67068	0.02570	0.02239	0.01623	0.00831	0.00668	0.00212	0.00578	0.00665	0.00816	0.01133
8	0.09775	0.01418	0.02281	0.33969	0.35579	0.01571	0.01872	0.01939	0.01435	0.02113	0.01222	0.01689	0.00974	0.00644	0.00654	0.00215	0.00826	0.00584	0.00333	0.00909
9	0.00968	0.00703	0.00902	0.00872	0.01027	0.00653	0.00656	0.01259	0.01820	0.02532	0.56840	0.05381	0.10856	0.06268	0.00990	0.00253	0.00370	0.06314	0.00713	0.00624
10	0.01838	0.04386	0.08942	0.01988	0.09522	0.07637	0.12128	0.09051	0.01682	0.08195	0.01438	0.04114	0.01170	0.00780	0.00895	0.00206	0.11713	0.00628	0.00428	0.13256

[dist]
# distance from previous block
# <min> <max>
0	2

[block]
# block no. 2 follows, 31 sequences, length 24
# corresponding to MSA columns:
# 241-264
name=unknown_C
#
# <colnr> <probs for GDERKNQSTAVLIFYWHMCP>
#	G	D	E	R	K	N	Q	S	T	A	V	L	I	F	Y	W	H	M	C	P
0	0.01975	0.01521	0.02350	0.04798	0.24507	0.01558	0.11065	0.15551	0.01896	0.12920	0.01778	0.02067	0.03029	0.03806	0.00884	0.00232	0.04394	0.00688	0.03978	0.01002
1	0.01779	0.18054	0.23122	0.01748	0.05561	0.08674	0.04364	0.08184	0.01611	0.05523	0.01304	0.01603	0.01052	0.03181	0.04826	0.00265	0.07315	0.00541	0.00372	0.00921
2	0.01578	0.01599	0.02542	0.34043	0.29893	0.07062	0.09492	0.02007	0.01512	0.01978	0.01250	0.01732	0.00989	0.00645	0.00690	0.00215	0.00926	0.00618	0.00326	0.00904
3	0.00958	0.00699	0.00901	0.00850	0.01016	0.00641	0.00638	0.01272	0.01913	0.02688	0.67336	0.05202	0.10482	0.01419	0.00807	0.00216	0.00324	0.01250	0.00746	0.00641
4	0.02501	0.01839	0.01972	0.01523	0.02036	0.02031	0.01245	0.65166	0.03079	0.04127	0.01674	0.01818	0.01246	0.05479	0.00858	0.00234	0.00747	0.00639	0.00668	0.01117
5	0.00968	0.00699	0.00914	0.00861	0.01022	0.00646	0.00646	0.01291	0.01937	0.02743	0.71328	0.05110	0.06455	0.01399	0.00807	0.00215	0.00323	0.01237	0.00753	0.00646
6	0.00809	0.00693	0.00693	0.00693	0.00924	0.00578	0.00520	0.00982	0.01559	0.01848	0.06931	0.06584	0.71411	0.01733	0.00809	0.00231	0.00347	0.01444	0.00635	0.00578
7	0.01419	0.01216	0.01419	0.01013	0.01621	0.00912	0.00811	0.01723	0.01419	0.02229	0.01216	0.01419	0.01013	0.00507	0.00507	0.00101	0.00507	0.00405	0.00405	0.80139
8	0.02556	0.03261	0.01939	0.01763	0.02115	0.73210	0.01322	0.02732	0.01939	0.01674	0.01058	0.01234	0.00881	0.00705	0.00617	0.00176	0.01234	0.00441	0.00353	0.00793
9	0.03070	0.01164	0.01588	0.01217	0.01746	0.01006	0.01006	0.03334	0.01958	0.72163	0.02699	0.02329	0.01694	0.00847	0.00688	0.00212	0.00582	0.00688	0.00847	0.01164
10	0.00950	0.00699	0.00890	0.00842	0.01011	0.00638	0.00631	0.01256	0.01894	0.02643	0.64094	0.05276	0.13752	0.01436	0.00807	0.00217	0.00325	0.01260	0.00740	0.00638
11	0.01895	0.69775	0.03437	0.01224	0.01788	0.09066	0.01184	0.02110	0.01440	0.01615	0.00961	0.01110	0.00878	0.00596	0.00455	0.00149	0.00777	0.00373	0.00298	0.00870
12	0.02127	0.01483	0.01634	0.01377	0.01817	0.01632	0.01097	0.17227	0.41991	0.15811	0.02515	0.02322	0.01814	0.00887	0.00686	0.00221	0.00587	0.00721	0.02948	0.01102
13	0.01999	0.01154	0.01446	0.01334	0.05405	0.01154	0.00981	0.12582	0.08952	0.24770	0.05894	0.09611	0.05049	0.07529	0.04738	0.00305	0.00645	0.02836	0.02688	0.00927
14	0.01268	0.00926	0.01347	0.01252	0.01436	0.00937	0.06970	0.04917	0.03559	0.07624	0.07906	0.42506	0.03555	0.03422	0.00993	0.00271	0.05683	0.04115	0.00610	0.00703
15	0.00993	0.00671	0.00786	0.00786	0.00800	0.00685	0.00464	0.01020	0.01007	0.01356	0.02119	0.04276	0.02400	0.68001	0.11319	0.00712	0.00795	0.00965	0.00409	0.00437
16	0.01521	0.01246	0.01372	0.01263	0.01589	0.01377	0.01002	0.08161	0.40619	0.02751	0.10900	0.03909	0.09204	0.01190	0.00755	0.00240	0.00529	0.10760	0.00686	0.00926
17	0.01419	0.01216	0.01419	0.01013	0.01621	0.00912	0.00811	0.01723	0.01419	0.02229	0.01216	0.01419	0.01013	0.00507	0.00507	0.00101	0.00507	0.00405	0.00405	0.80139
18	0.01849	0.50353	0.03066	0.12571	0.05683	0.12972	0.01350	0.02107	0.01477	0.01671	0.01024	0.01258	0.00894	0.00619	0.00515	0.00166	0.00838	0.00426	0.00306	0.00857
19	0.01432	0.01175	0.01340	0.01037	0.01520	0.01014	0.00823	0.09282	0.05502	0.02521	0.11497	0.02635	0.10431	0.00835	0.00614	0.00151	0.00492	0.00688	0.00528	0.46482
20	0.02213	0.10208	0.08331	0.03830	0.02087	0.03906	0.02754	0.33271	0.04553	0.11553	0.01917	0.01939	0.04241	0.00811	0.00649	0.00200	0.00732	0.00627	0.05149	0.01031
21	0.01632	0.01452	0.02395	0.07029	0.23259	0.03746	0.16931	0.04890	0.01626	0.05534	0.01828	0.05484	0.01612	0.00872	0.00769	0.00224	0.02971	0.08176	0.08672	0.00896
22	0.01420	0.05421	0.02218	0.59466	0.11968	0.01621	0.01858	0.04548	0.01466	0.01899	0.01227	0.01762	0.00940	0.00676	0.00670	0.00220	0.00884	0.00595	0.00323	0.00819
23	0.01985	0.17019	0.02095	0.01345	0.04036	0.04979	0.01091	0.20790	0.02008	0.07573	0.05232	0.01681	0.01370	0.00696	0.00582	0.00160	0.00660	0.00530	0.00505	0.25662

[dist]
# distance from previous block
# <min> <max>
1	3

[block]
# block no. 3 follows, 31 sequences, length 28
# corresponding to MSA columns:
# 268-280,284-298
name=unknown_D
#
# <colnr> <probs for GDERKNQSTAVLIFYWHMCP>
#	G	D	E	R	K	N	Q	S	T	A	V	L	I	F	Y	W	H	M	C	P
0	0.09851	0.33513	0.12319	0.01688	0.09174	0.14739	0.01439	0.04527	0.03484	0.02036	0.01118	0.01292	0.00928	0.00641	0.00538	0.00178	0.00842	0.00444	0.00345	0.00904
1	0.01278	0.01065	0.01520	0.11273	0.11720	0.01151	0.03415	0.01781	0.11522	0.02008	0.06370	0.06510	0.04032	0.18358	0.05037	0.00373	0.02788	0.04662	0.04399	0.00738
2	0.00822	0.00694	0.00712	0.00707	0.00932	0.00583	0.00530	0.01008	0.01591	0.01923	0.12303	0.06461	0.65992	0.01705	0.00808	0.00230	0.00345	0.01427	0.00645	0.00583
3	0.01725	0.01690	0.01490	0.01354	0.01699	0.15967	0.01040	0.02995	0.43995	0.02518	0.09132	0.02889	0.08568	0.01000	0.00701	0.00219	0.00644	0.00810	0.00626	0.00938
4	0.00845	0.00693	0.00734	0.00724	0.00932	0.00593	0.00536	0.01035	0.01596	0.01975	0.17724	0.06226	0.56828	0.05396	0.00942	0.00250	0.00358	0.01386	0.00644	0.00581
5	0.00960	0.00699	0.00903	0.00852	0.01017	0.00642	0.00639	0.01275	0.01917	0.02698	0.68054	0.05185	0.09758	0.01416	0.00807	0.00216	0.00324	0.01248	0.00747	0.00642
6	0.01055	0.00804	0.00934	0.00870	0.01087	0.00753	0.00660	0.07426	0.01891	0.02522	0.38843	0.08437	0.29173	0.01498	0.00799	0.00223	0.00374	0.01286	0.00699	0.00665
7	0.01381	0.00796	0.01014	0.00903	0.01156	0.00708	0.00697	0.01663	0.01868	0.17240	0.44291	0.04809	0.18091	0.01347	0.00782	0.00218	0.00382	0.01161	0.00750	0.00742
8	0.09681	0.01810	0.01900	0.01474	0.01995	0.02008	0.01216	0.60500	0.02957	0.04127	0.01604	0.01631	0.01149	0.00803	0.00652	0.00204	0.00715	0.00594	0.03876	0.01104
9	0.01292	0.01216	0.02052	0.74312	0.04712	0.01520	0.01900	0.01748	0.01368	0.01748	0.01216	0.01824	0.00912	0.00684	0.00684	0.00228	0.00912	0.00608	0.00304	0.00760
10	0.00834	0.00595	0.00794	0.00953	0.00992	0.00556	0.00635	0.00953	0.01310	0.01746	0.03771	0.75510	0.04525	0.02143	0.00873	0.00278	0.00397	0.01945	0.00635	0.00556
11	0.00968	0.00699	0.00914	0.00861	0.01022	0.00646	0.00646	0.01291	0.01937	0.02743	0.71328	0.05110	0.06455	0.01399	0.00807	0.00215	0.00323	0.01237	0.00753	0.00646
12	0.00977	0.00733	0.01100	0.01100	0.01222	0.00855	0.00855	0.01222	0.01100	0.01588	0.01833	0.02688	0.01710	0.05131	0.73245	0.01100	0.01833	0.00733	0.00367	0.00611
13	0.01292	0.01216	0.02052	0.74312	0.04712	0.01520	0.01900	0.01748	0.01368	0.01748	0.01216	0.01824	0.00912	0.00684	0.00684	0.00228	0.00912	0.00608	0.00304	0.00760
14	0.01693	0.01626	0.02777	0.04199	0.71689	0.01626	0.02100	0.02100	0.01558	0.02235	0.01287	0.01693	0.01084	0.00610	0.00677	0.00203	0.00813	0.00610	0.00339	0.01084
15	0.80789	0.01323	0.01006	0.00900	0.01323	0.01535	0.00741	0.02011	0.01164	0.03070	0.00953	0.01111	0.00741	0.00635	0.00423	0.00212	0.00529	0.00370	0.00423	0.00741
16	0.00916	0.00700	0.00842	0.00815	0.01001	0.00626	0.00617	0.01184	0.01787	0.02395	0.45586	0.05739	0.29780	0.01537	0.00813	0.00225	0.00343	0.03767	0.00706	0.00620
17	0.01862	0.73009	0.03509	0.01198	0.01772	0.05946	0.01178	0.02080	0.01415	0.01613	0.00956	0.01104	0.00878	0.00591	0.00447	0.00148	0.00755	0.00369	0.00295	0.00874
18	0.00843	0.00599	0.00791	0.00941	0.00978	0.00562	0.00622	0.00955	0.01292	0.01722	0.03678	0.71412	0.04407	0.06402	0.01024	0.00300	0.00412	0.01890	0.00622	0.00548
19	0.01036	0.00759	0.00977	0.01087	0.01201	0.00758	0.00812	0.04275	0.05938	0.02009	0.03575	0.50329	0.04069	0.01942	0.00872	0.00281	0.00481	0.18325	0.00640	0.00636
20	0.02825	0.01140	0.01531	0.01191	0.01681	0.01005	0.00977	0.05418	0.02000	0.62263	0.10108	0.02606	0.02192	0.00906	0.00701	0.00212	0.00560	0.00745	0.00831	0.01108
21	0.21202	0.01604	0.04459	0.05089	0.08055	0.01646	0.20235	0.11156	0.01659	0.05868	0.01363	0.01647	0.01035	0.00709	0.00767	0.00220	0.06769	0.00608	0.05007	0.00900
22	0.00841	0.00689	0.00742	0.00739	0.00947	0.00590	0.00550	0.01042	0.01621	0.02020	0.19512	0.09748	0.55208	0.01687	0.00811	0.00230	0.00344	0.01428	0.00659	0.00590
23	0.00822	0.00693	0.00714	0.00727	0.00947	0.00585	0.00549	0.00999	0.01550	0.01852	0.06664	0.09462	0.65874	0.01756	0.00817	0.00236	0.00360	0.04178	0.00635	0.00579
24	0.01788	0.01204	0.01493	0.01216	0.05127	0.00981	0.00914	0.04123	0.01626	0.17658	0.04692	0.02004	0.04287	0.00683	0.00585	0.00144	0.00532	0.00561	0.00531	0.49852
25	0.01444	0.18384	0.32923	0.17106	0.05743	0.01784	0.01942	0.01971	0.01386	0.01906	0.01198	0.01544	0.00945	0.00956	0.05478	0.00265	0.03308	0.00519	0.00300	0.00898
26	0.00917	0.00683	0.00787	0.00822	0.00941	0.00632	0.00579	0.01056	0.01377	0.01757	0.09302	0.14754	0.28216	0.25442	0.01685	0.00384	0.00486	0.09074	0.00573	0.00534
27	0.05370	0.00953	0.01274	0.06034	0.18690	0.00982	0.00981	0.01750	0.01448	0.02449	0.01871	0.02221	0.01485	0.00735	0.00538	0.00177	0.00488	0.00615	0.51177	0.00761

[dist]
# distance from previous block
# <min> <max>
0	1

[block]
# block no. 4 follows, 31 sequences, length 25
# corresponding to MSA columns:
# 300-324
name=unknown_E
#
# <colnr> <probs for GDERKNQSTAVLIFYWHMCP>
#	G	D	E	R	K	N	Q	S	T	A	V	L	I	F	Y	W	H	M	C	P
0	0.01674	0.01739	0.04710	0.23312	0.32901	0.09363	0.03911	0.05159	0.01587	0.02088	0.01261	0.01696	0.01020	0.00807	0.02882	0.00239	0.03780	0.00597	0.00344	0.00930
1	0.01213	0.01028	0.01486	0.04016	0.01610	0.01254	0.03333	0.01589	0.06344	0.01808	0.01842	0.02848	0.01724	0.03057	0.35438	0.00665	0.19014	0.07572	0.03461	0.00698
2	0.01623	0.06535	0.06374	0.01615	0.11243	0.03351	0.01203	0.08079	0.01604	0.02340	0.01232	0.01454	0.01010	0.00595	0.00617	0.00144	0.03344	0.00464	0.00402	0.46771
3	0.02239	0.10419	0.06264	0.01751	0.03910	0.42401	0.04882	0.02586	0.05494	0.06705	0.01311	0.01484	0.01046	0.00878	0.03319	0.00222	0.03320	0.00511	0.00394	0.00862
4	0.00956	0.00734	0.00880	0.00847	0.01034	0.00679	0.00633	0.01314	0.05572	0.02440	0.45472	0.09310	0.24579	0.01509	0.00805	0.00224	0.00346	0.01310	0.00710	0.00645
5	0.01854	0.14209	0.08440	0.06856	0.14065	0.18248	0.14117	0.02217	0.01582	0.03895	0.01266	0.03306	0.01057	0.00709	0.00746	0.00203	0.05391	0.00593	0.00349	0.00897
6	0.00995	0.00663	0.00746	0.00746	0.00746	0.00663	0.00415	0.00995	0.00995	0.01327	0.02156	0.04477	0.02487	0.75957	0.03482	0.00663	0.00663	0.00995	0.00415	0.00415
7	0.00821	0.00645	0.00743	0.00822	0.00958	0.00567	0.00577	0.00967	0.01435	0.01798	0.05360	0.40834	0.38175	0.01937	0.00841	0.00254	0.00372	0.01693	0.00635	0.00567
8	0.00854	0.00695	0.00755	0.00740	0.00952	0.00597	0.00555	0.01069	0.01666	0.02100	0.25070	0.06169	0.53115	0.01639	0.00808	0.00227	0.00340	0.01386	0.00668	0.00597
9	0.39417	0.01098	0.01098	0.00950	0.01319	0.01149	0.00765	0.02105	0.01554	0.18494	0.19653	0.02480	0.02478	0.00887	0.00585	0.00210	0.00479	0.00677	0.03794	0.00807
10	0.80789	0.01323	0.01006	0.00900	0.01323	0.01535	0.00741	0.02011	0.01164	0.03070	0.00953	0.01111	0.00741	0.00635	0.00423	0.00212	0.00529	0.00370	0.00423	0.00741
11	0.01913	0.58536	0.08922	0.01317	0.01912	0.09065	0.01304	0.06810	0.01572	0.01849	0.01032	0.01176	0.00897	0.00618	0.00490	0.00159	0.00802	0.00401	0.00325	0.00901
12	0.80789	0.01323	0.01006	0.00900	0.01323	0.01535	0.00741	0.02011	0.01164	0.03070	0.00953	0.01111	0.00741	0.00635	0.00423	0.00212	0.00529	0.00370	0.00423	0.00741
13	0.01391	0.01187	0.01390	0.01011	0.01592	0.00895	0.00802	0.01687	0.01414	0.02207	0.01335	0.04862	0.01177	0.00583	0.00524	0.00110	0.00502	0.00477	0.00416	0.76440
14	0.01693	0.01626	0.02777	0.04199	0.71689	0.01626	0.02100	0.02100	0.01558	0.02235	0.01287	0.01693	0.01084	0.00610	0.00677	0.00203	0.00813	0.00610	0.00339	0.01084
15	0.01234	0.01085	0.01761	0.51937	0.03703	0.01296	0.01656	0.01647	0.01431	0.01840	0.01953	0.03629	0.01839	0.01053	0.00764	0.00255	0.00826	0.20969	0.00404	0.00720
16	0.10982	0.08985	0.09729	0.01176	0.01561	0.01323	0.01042	0.12527	0.01498	0.04893	0.01275	0.01677	0.01068	0.01327	0.01373	0.30812	0.00667	0.00526	0.00403	0.07155
17	0.00992	0.00825	0.00908	0.01040	0.01113	0.06478	0.00723	0.01130	0.01379	0.01762	0.03540	0.64753	0.04188	0.02009	0.00857	0.00272	0.00481	0.06357	0.00612	0.00580
18	0.00829	0.00613	0.00775	0.00905	0.00980	0.00560	0.00614	0.00958	0.01355	0.01765	0.04346	0.62961	0.16703	0.02069	0.00861	0.00269	0.00388	0.01854	0.00635	0.00560
19	0.01432	0.06204	0.59654	0.02161	0.08538	0.01646	0.06661	0.02158	0.01462	0.02151	0.01231	0.01476	0.00896	0.00639	0.00654	0.00214	0.00993	0.00527	0.00297	0.01006
20	0.01414	0.10243	0.66076	0.01878	0.02850	0.01692	0.02403	0.02156	0.01439	0.02115	0.01202	0.01412	0.00868	0.00644	0.00631	0.00210	0.00985	0.00493	0.00289	0.00999
21	0.00883	0.00689	0.00803	0.00803	0.00985	0.00609	0.00599	0.01114	0.01682	0.02192	0.31463	0.12781	0.37430	0.01649	0.00819	0.00232	0.00352	0.03632	0.00681	0.00604
