[name]
unknown

[dist]
# distance from previous block
# <min> <max>
0	22

[block]
# block no. 0 follows, 32 sequences, length 238
# corresponding to MSA columns:
# 22-259
name=unknown_A
#
# <colnr> <probs for GDERKNQSTAVLIFYWHMCP>
#	G	D	E	R	K	N	Q	S	T	A	V	L	I	F	Y	W	H	M	C	P
0	0.00985	0.00712	0.00928	0.01015	0.01164	0.00684	0.00827	0.01178	0.01429	0.01824	0.04128	0.11036	0.22491	0.02054	0.05151	0.08389	0.00588	0.34280	0.00572	0.00565
1	0.02046	0.01629	0.01729	0.01442	0.01888	0.01845	0.01153	0.31968	0.42005	0.03415	0.02252	0.02122	0.01660	0.00866	0.00678	0.00216	0.00620	0.00693	0.00678	0.01096
2	0.01267	0.01193	0.02013	0.74806	0.04621	0.01491	0.01863	0.01714	0.01342	0.01714	0.01193	0.01789	0.00894	0.00671	0.00671	0.00224	0.00894	0.00596	0.00298	0.00745
3	0.01611	0.01349	0.02242	0.26549	0.38310	0.01428	0.01789	0.01992	0.01490	0.09094	0.01546	0.06862	0.01300	0.00748	0.00681	0.00213	0.00778	0.00695	0.00391	0.00932
4	0.05058	0.01277	0.01795	0.01445	0.04224	0.01186	0.06568	0.06834	0.06565	0.54095	0.02394	0.02167	0.01559	0.00799	0.00676	0.00210	0.00629	0.00674	0.00743	0.01102
5	0.02939	0.01126	0.01534	0.01182	0.01688	0.00974	0.00974	0.03200	0.01920	0.70255	0.05063	0.02379	0.01824	0.00849	0.00679	0.00208	0.00562	0.00694	0.00827	0.01124
6	0.00853	0.00609	0.00819	0.00975	0.01029	0.00575	0.00684	0.00995	0.01319	0.01752	0.03679	0.66844	0.04361	0.02069	0.00866	0.00277	0.00420	0.10697	0.00622	0.00555
7	0.01612	0.01637	0.02343	0.31477	0.37024	0.10556	0.01887	0.02002	0.01502	0.01937	0.01207	0.01655	0.00972	0.00638	0.00659	0.00206	0.00887	0.00577	0.00321	0.00903
8	0.01623	0.01550	0.02641	0.05831	0.67697	0.01562	0.02006	0.02017	0.01505	0.02155	0.01281	0.01702	0.01083	0.00774	0.03530	0.00234	0.00839	0.00603	0.00332	0.01036
9	0.00818	0.00584	0.00779	0.00934	0.00973	0.00545	0.00623	0.00934	0.01285	0.01713	0.03698	0.75981	0.04438	0.02102	0.00856	0.00273	0.00389	0.01908	0.00623	0.00545
10	0.01584	0.01810	0.03959	0.02828	0.03507	0.01697	0.69796	0.02149	0.01584	0.02149	0.01357	0.01810	0.01018	0.00566	0.00792	0.00226	0.01131	0.00792	0.00339	0.00905
11	0.00818	0.00584	0.00779	0.00934	0.00973	0.00545	0.00623	0.00934	0.01285	0.01713	0.03698	0.75981	0.04438	0.02102	0.00856	0.00273	0.00389	0.01908	0.00623	0.00545
12	0.02391	0.01960	0.01913	0.01535	0.02021	0.10573	0.01240	0.50299	0.14907	0.03670	0.01739	0.01720	0.01267	0.00810	0.00665	0.00203	0.00758	0.00611	0.00634	0.01084
13	0.00837	0.00604	0.00796	0.00943	0.01002	0.00564	0.00652	0.00971	0.01319	0.01741	0.03861	0.66781	0.08190	0.02060	0.00858	0.00273	0.00404	0.06969	0.00622	0.00552
14	0.02016	0.02309	0.02362	0.02772	0.31362	0.34207	0.06885	0.02364	0.03747	0.01949	0.01346	0.01611	0.02734	0.00674	0.00651	0.00191	0.00991	0.00563	0.00356	0.00910
15	0.01802	0.65611	0.09511	0.01246	0.01849	0.04620	0.01274	0.04412	0.01446	0.01721	0.00983	0.01129	0.00870	0.00591	0.00462	0.00152	0.00757	0.00382	0.00302	0.00880
16	0.00976	0.00651	0.00732	0.00732	0.00732	0.00651	0.00407	0.00976	0.00976	0.01301	0.02114	0.04391	0.02439	0.76419	0.03415	0.00651	0.00651	0.00976	0.00407	0.00407
17	0.01267	0.01193	0.02013	0.74806	0.04621	0.01491	0.01863	0.01714	0.01342	0.01714	0.01193	0.01789	0.00894	0.00671	0.00671	0.00224	0.00894	0.00596	0.00298	0.00745
18	0.01370	0.01314	0.02275	0.55551	0.19105	0.01525	0.05725	0.01813	0.01395	0.01842	0.01217	0.01763	0.00938	0.00649	0.00676	0.00219	0.00887	0.00608	0.00308	0.00823
19	0.00819	0.00595	0.00773	0.00910	0.00968	0.00549	0.00614	0.00945	0.01321	0.01747	0.05754	0.68254	0.10178	0.02049	0.00849	0.00267	0.00383	0.01848	0.00626	0.00549
20	0.01251	0.00625	0.00625	0.00625	0.00782	0.00625	0.00469	0.01563	0.01407	0.02502	0.02189	0.02502	0.01720	0.00782	0.00469	0.00156	0.00313	0.00625	0.80144	0.00625
21	0.00793	0.00680	0.00680	0.00680	0.00906	0.00566	0.00510	0.00963	0.01529	0.01813	0.06797	0.06457	0.71961	0.01699	0.00793	0.00227	0.00340	0.01416	0.00623	0.00566
22	0.00815	0.00595	0.00767	0.00906	0.00966	0.00547	0.00610	0.00938	0.01312	0.01724	0.04046	0.68188	0.12006	0.02057	0.00849	0.00267	0.00384	0.01852	0.00623	0.00547
23	0.01661	0.01594	0.02724	0.04119	0.72233	0.01594	0.02059	0.02059	0.01528	0.02192	0.01262	0.01661	0.01063	0.00598	0.00664	0.00199	0.00797	0.00598	0.00332	0.01063
24	0.81159	0.01298	0.00986	0.00882	0.01298	0.01505	0.00727	0.01972	0.01142	0.03010	0.00934	0.01090	0.00727	0.00623	0.00415	0.00208	0.00519	0.00363	0.00415	0.00727
25	0.00839	0.00682	0.00744	0.00728	0.00935	0.00586	0.00546	0.01053	0.01639	0.02072	0.26020	0.06031	0.52577	0.01603	0.00793	0.00222	0.00333	0.01356	0.00657	0.00586
26	0.00959	0.00719	0.01078	0.01078	0.01198	0.00839	0.00839	0.01198	0.01078	0.01558	0.01797	0.02636	0.01677	0.05032	0.73760	0.01078	0.01797	0.00719	0.00359	0.00599
27	0.01391	0.01193	0.01391	0.00994	0.01590	0.00894	0.00795	0.01690	0.01391	0.02186	0.01193	0.01391	0.00994	0.00497	0.00497	0.00099	0.00497	0.00398	0.00398	0.80521
28	0.01267	0.01193	0.02013	0.74806	0.04621	0.01491	0.01863	0.01714	0.01342	0.01714	0.01193	0.01789	0.00894	0.00671	0.00671	0.00224	0.00894	0.00596	0.00298	0.00745
29	0.01346	0.03471	0.72942	0.01912	0.02904	0.01558	0.02479	0.02125	0.01417	0.02125	0.01204	0.01417	0.00850	0.00637	0.00637	0.00212	0.00992	0.00496	0.00283	0.00992
30	0.01391	0.01193	0.01391	0.00994	0.01590	0.00894	0.00795	0.01690	0.01391	0.02186	0.01193	0.01391	0.00994	0.00497	0.00497	0.00099	0.00497	0.00398	0.00398	0.80521
31	0.01426	0.01355	0.02300	0.46227	0.31957	0.01533	0.01943	0.01854	0.01417	0.01908	0.01221	0.01737	0.00963	0.00641	0.00668	0.00214	0.00855	0.00597	0.00312	0.00874
32	0.02127	0.02549	0.02017	0.01940	0.07909	0.46379	0.01412	0.02311	0.01611	0.01681	0.01010	0.01325	0.00886	0.00827	0.01084	0.00211	0.23112	0.00492	0.00329	0.00789
33	0.01267	0.01193	0.02013	0.74806	0.04621	0.01491	0.01863	0.01714	0.01342	0.01714	0.01193	0.01789	0.00894	0.00671	0.00671	0.00224	0.00894	0.00596	0.00298	0.00745
34	0.01673	0.01424	0.02378	0.20082	0.47133	0.01476	0.01857	0.02066	0.01536	0.08873	0.04027	0.01876	0.01279	0.00666	0.00672	0.00206	0.00780	0.00628	0.00387	0.00981
35	0.01283	0.01198	0.01979	0.53768	0.15606	0.01398	0.01736	0.01694	0.01413	0.01847	0.04839	0.02274	0.06665	0.00770	0.00685	0.00219	0.00809	0.00688	0.00349	0.00780
36	0.03010	0.01142	0.01557	0.01194	0.01713	0.00986	0.00986	0.03270	0.01920	0.72698	0.02647	0.02284	0.01661	0.00830	0.00675	0.00208	0.00571	0.00675	0.00830	0.01142
37	0.01584	0.01810	0.03959	0.02828	0.03507	0.01697	0.69796	0.02149	0.01584	0.02149	0.01357	0.01810	0.01018	0.00566	0.00792	0.00226	0.01131	0.00792	0.00339	0.00905
38	0.01596	0.01571	0.02769	0.11619	0.51802	0.01622	0.10880	0.02008	0.01486	0.02101	0.01246	0.01684	0.01028	0.00634	0.00768	0.00211	0.05035	0.00622	0.00327	0.00989
39	0.81159	0.01298	0.00986	0.00882	0.01298	0.01505	0.00727	0.01972	0.01142	0.03010	0.00934	0.01090	0.00727	0.00623	0.00415	0.00208	0.00519	0.00363	0.00415	0.00727
40	0.02223	0.10001	0.12236	0.01805	0.08991	0.01766	0.05555	0.27087	0.04122	0.17102	0.01672	0.01704	0.01185	0.00730	0.00648	0.00200	0.00761	0.00592	0.00555	0.01066
41	0.08457	0.01442	0.01564	0.05432	0.01900	0.01586	0.01083	0.15772	0.36065	0.02922	0.02089	0.02186	0.01610	0.00826	0.00639	0.00205	0.00588	0.02874	0.00594	0.12165
42	0.37512	0.12010	0.15707	0.05324	0.02075	0.01739	0.05977	0.08568	0.01461	0.02633	0.01095	0.01289	0.00838	0.00635	0.00525	0.00201	0.00721	0.00454	0.00385	0.00850
43	0.00813	0.00685	0.00708	0.00715	0.00936	0.00580	0.00545	0.00995	0.01539	0.01846	0.08238	0.06484	0.66495	0.01700	0.00801	0.00231	0.00355	0.05139	0.00626	0.00571
44	0.01644	0.01602	0.02810	0.05771	0.64741	0.01600	0.07777	0.02058	0.01528	0.02177	0.01268	0.01676	0.01055	0.00597	0.00675	0.00202	0.00828	0.00614	0.00332	0.01042
45	0.01245	0.01070	0.01114	0.01035	0.01338	0.01132	0.00796	0.02303	0.37097	0.02345	0.06440	0.04396	0.34450	0.01287	0.00737	0.00227	0.00437	0.01074	0.00657	0.00822
46	0.00818	0.00584	0.00779	0.00934	0.00973	0.00545	0.00623	0.00934	0.01285	0.01713	0.03698	0.75981	0.04438	0.02102	0.00856	0.00273	0.00389	0.01908	0.00623	0.00545
47	0.00959	0.00719	0.01078	0.01078	0.01198	0.00839	0.00839	0.01198	0.01078	0.01558	0.01797	0.02636	0.01677	0.05032	0.73760	0.01078	0.01797	0.00719	0.00359	0.00599
48	0.01601	0.01631	0.02000	0.01722	0.01785	0.09216	0.01417	0.04802	0.01214	0.01734	0.00966	0.01494	0.00922	0.01260	0.04777	0.00308	0.61502	0.00578	0.00319	0.00752
49	0.01731	0.01372	0.02142	0.05604	0.41816	0.01381	0.01610	0.02262	0.09294	0.11872	0.05964	0.02536	0.03584	0.00820	0.00695	0.00213	0.00689	0.04932	0.00487	0.00996
50	0.01661	0.01594	0.02724	0.04119	0.72233	0.01594	0.02059	0.02059	0.01528	0.02192	0.01262	0.01661	0.01063	0.00598	0.00664	0.00199	0.00797	0.00598	0.00332	0.01063
51	0.01794	0.76823	0.03516	0.01148	0.01722	0.02655	0.01148	0.02009	0.01363	0.01579	0.00933	0.01076	0.00861	0.00574	0.00431	0.00144	0.00718	0.00359	0.00287	0.00861
52	0.00798	0.00680	0.00687	0.00685	0.00910	0.00569	0.00514	0.00973	0.01542	0.01842	0.08983	0.06409	0.69757	0.01688	0.00793	0.00226	0.00339	0.01409	0.00627	0.00569
53	0.01558	0.01649	0.02843	0.14260	0.08965	0.06508	0.34186	0.02209	0.10814	0.02104	0.01652	0.07157	0.01374	0.00750	0.00739	0.00223	0.00937	0.00794	0.00399	0.00879
54	0.00976	0.00651	0.00732	0.00732	0.00732	0.00651	0.00407	0.00976	0.00976	0.01301	0.02114	0.04391	0.02439	0.76419	0.03415	0.00651	0.00651	0.00976	0.00407	0.00407
55	0.00821	0.00587	0.00782	0.00932	0.00974	0.00547	0.00623	0.00944	0.01302	0.01740	0.05595	0.74006	0.04491	0.02082	0.00855	0.00271	0.00387	0.01888	0.00626	0.00547
56	0.01006	0.00673	0.00916	0.01048	0.01148	0.00642	0.00795	0.01195	0.01402	0.05028	0.03601	0.49456	0.04117	0.01960	0.00872	0.00282	0.00475	0.24157	0.00631	0.00597
57	0.01538	0.01453	0.02033	0.01736	0.01759	0.02007	0.01446	0.01690	0.01068	0.04834	0.00961	0.01505	0.00916	0.01159	0.02133	0.00290	0.71812	0.00591	0.00318	0.00752
58	0.01397	0.11823	0.65037	0.01825	0.02770	0.01683	0.02328	0.02112	0.01411	0.02063	0.01173	0.01378	0.00851	0.00630	0.00614	0.00205	0.00960	0.00480	0.00284	0.00977
59	0.01471	0.01256	0.01515	0.01237	0.06461	0.01005	0.00907	0.05293	0.01493	0.02294	0.01219	0.01421	0.01006	0.00520	0.00518	0.00112	0.00530	0.00422	0.00407	0.70913
60	0.00796	0.00667	0.00693	0.00715	0.00916	0.00563	0.00525	0.00959	0.01496	0.01799	0.06371	0.16018	0.62676	0.01755	0.00802	0.00233	0.00347	0.01484	0.00623	0.00563
61	0.00845	0.00677	0.00755	0.00745	0.00941	0.00587	0.00555	0.01061	0.01639	0.02094	0.27871	0.09135	0.47511	0.01611	0.00795	0.00224	0.00335	0.01372	0.00661	0.00587
62	0.01156	0.00583	0.00872	0.00876	0.00877	0.00582	0.00584	0.00876	0.00885	0.01180	0.01232	0.03986	0.01252	0.02325	0.02576	0.78367	0.00578	0.00618	0.00300	0.00298
63	0.01664	0.01534	0.02252	0.03041	0.44652	0.01623	0.01669	0.02649	0.28720	0.02433	0.01837	0.01990	0.01448	0.00720	0.00672	0.00210	0.00693	0.00661	0.00469	0.01063
64	0.00876	0.00616	0.00801	0.00925	0.00969	0.00589	0.00627	0.00989	0.01251	0.01662	0.03372	0.54871	0.03986	0.16687	0.01367	0.00351	0.00464	0.08492	0.00580	0.00525
65	0.01267	0.01193	0.02013	0.74806	0.04621	0.01491	0.01863	0.01714	0.01342	0.01714	0.01193	0.01789	0.00894	0.00671	0.00671	0.00224	0.00894	0.00596	0.00298	0.00745
66	0.01644	0.52288	0.26738	0.01404	0.02117	0.02288	0.01593	0.02048	0.01381	0.01761	0.01024	0.01190	0.00857	0.00595	0.00500	0.00167	0.00809	0.00405	0.00286	0.00905
67	0.01019	0.00788	0.01120	0.10865	0.01592	0.00872	0.00900	0.03532	0.01267	0.01716	0.02527	0.18495	0.06915	0.08555	0.33613	0.00650	0.01122	0.03394	0.00447	0.00610
68	0.01682	0.01649	0.02649	0.03876	0.65021	0.04451	0.01992	0.02055	0.01511	0.02134	0.01229	0.01631	0.01044	0.00638	0.00759	0.00204	0.05523	0.00591	0.00330	0.01031
69	0.00925	0.00736	0.00813	0.00774	0.00992	0.00657	0.00586	0.04191	0.01727	0.02217	0.28388	0.05753	0.46744	0.01549	0.00787	0.00220	0.00350	0.01311	0.00664	0.00615
70	0.01035	0.00766	0.01001	0.00957	0.01003	0.00818	0.02878	0.01113	0.01059	0.01441	0.02114	0.06566	0.02362	0.53497	0.09720	0.00613	0.06632	0.05523	0.00413	0.00486
71	0.10236	0.02069	0.01789	0.01514	0.01895	0.31864	0.06859	0.02574	0.06076	0.17299	0.01597	0.01840	0.01245	0.07130	0.00904	0.00236	0.02963	0.00579	0.00482	0.00848
72	0.01431	0.01387	0.02416	0.42912	0.27069	0.01560	0.07642	0.01863	0.01415	0.01908	0.01220	0.01738	0.00961	0.00653	0.00724	0.00218	0.03091	0.00613	0.00313	0.00865
73	0.01570	0.01502	0.02560	0.20371	0.56688	0.01570	0.02014	0.01980	0.01485	0.02082	0.01246	0.01690	0.01024	0.00615	0.00666	0.00205	0.00820	0.00597	0.00324	0.00990
74	0.01056	0.00836	0.00929	0.00868	0.01103	0.00799	0.00660	0.06605	0.07736	0.02367	0.27182	0.07699	0.36721	0.01470	0.00776	0.00221	0.00381	0.01248	0.00670	0.00674
75	0.42128	0.01452	0.01536	0.10173	0.12813	0.05916	0.01153	0.04167	0.03155	0.10006	0.01266	0.01444	0.00950	0.00663	0.00537	0.00206	0.00661	0.00481	0.00442	0.00848
76	0.01398	0.01253	0.02038	0.51700	0.11926	0.01524	0.01750	0.01778	0.01334	0.04571	0.01252	0.01845	0.00998	0.03424	0.00962	0.00244	0.10280	0.00612	0.00327	0.00785
77	0.02812	0.13475	0.01876	0.01186	0.01714	0.01258	0.01013	0.03065	0.01830	0.61108	0.02368	0.02087	0.01531	0.00789	0.00635	0.00197	0.00595	0.00623	0.00742	0.01096
78	0.01641	0.06597	0.02432	0.28708	0.36713	0.01615	0.01836	0.04665	0.01536	0.06025	0.01306	0.01699	0.01026	0.00643	0.00651	0.00205	0.00811	0.00585	0.00358	0.00944
79	0.06045	0.01275	0.01613	0.01242	0.01760	0.01195	0.01026	0.14693	0.02102	0.58147	0.02401	0.02121	0.01534	0.00818	0.00664	0.00207	0.00598	0.00650	0.00787	0.01125
80	0.01093	0.00886	0.01264	0.01478	0.10733	0.00852	0.03285	0.03158	0.01556	0.02035	0.07607	0.18418	0.19326	0.01598	0.00829	0.00258	0.00540	0.23826	0.00580	0.00677
81	0.15561	0.01599	0.02300	0.19104	0.33107	0.07348	0.07543	0.02024	0.01453	0.02181	0.01179	0.01566	0.00946	0.00623	0.00628	0.00206	0.00832	0.00560	0.00341	0.00896
82	0.01858	0.41219	0.19944	0.01474	0.02094	0.19604	0.01506	0.02200	0.01507	0.01726	0.01024	0.01191	0.00859	0.00618	0.00523	0.00167	0.00903	0.00410	0.00300	0.00873
83	0.01246	0.01061	0.01263	0.03627	0.03822	0.06576	0.03900	0.03590	0.01223	0.01591	0.01889	0.03584	0.02020	0.44081	0.08506	0.00542	0.05919	0.04592	0.00402	0.00567
84	0.18822	0.04955	0.06252	0.18497	0.07965	0.05556	0.01343	0.09850	0.01623	0.10724	0.01537	0.07316	0.01259	0.00794	0.00614	0.00210	0.00727	0.00632	0.00458	0.00866
85	0.01629	0.05592	0.08424	0.03739	0.11815	0.13015	0.04366	0.03842	0.03388	0.08349	0.02189	0.26328	0.02198	0.01151	0.00711	0.00221	0.00731	0.01004	0.00487	0.00821
86	0.01299	0.00906	0.01335	0.05687	0.11818	0.00893	0.01121	0.01579	0.01531	0.09093	0.06525	0.19932	0.05684	0.01523	0.00823	0.00263	0.00583	0.28092	0.00587	0.00726
87	0.01695	0.05869	0.02444	0.23213	0.39627	0.09327	0.01836	0.02068	0.01520	0.04334	0.01247	0.01636	0.01004	0.00635	0.00647	0.00200	0.00856	0.00569	0.00338	0.00936
88	0.01338	0.01144	0.01856	0.41826	0.15700	0.01290	0.01594	0.01708	0.01449	0.04664	0.07204	0.02702	0.05584	0.00915	0.00772	0.03025	0.00759	0.05296	0.00399	0.00774
89	0.01055	0.00867	0.01345	0.27943	0.02372	0.01020	0.01141	0.01330	0.01191	0.01609	0.01856	0.12060	0.01828	0.10251	0.30488	0.00618	0.01169	0.00855	0.00376	0.00626
90	0.00872	0.00628	0.00823	0.00959	0.01029	0.00593	0.00684	0.01020	0.01330	0.01749	0.03794	0.54931	0.08851	0.06299	0.01012	0.00298	0.00442	0.13527	0.00610	0.00551
91	0.02206	0.05807	0.01937	0.12225	0.07510	0.17109	0.01318	0.09880	0.01802	0.21567	0.01621	0.01771	0.01189	0.01046	0.05665	0.00261	0.05078	0.00578	0.00502	0.00925
92	0.02017	0.08560	0.02149	0.07698	0.12106	0.35547	0.04981	0.04562	0.01724	0.03846	0.01444	0.07931	0.01314	0.00817	0.00647	0.00195	0.00963	0.02281	0.00390	0.00828
93	0.01248	0.01126	0.01569	0.01393	0.01475	0.01446	0.01122	0.01426	0.01066	0.01609	0.01315	0.02094	0.01285	0.08268	0.27039	0.00581	0.38907	0.00650	0.00332	0.06049
94	0.01317	0.01117	0.01309	0.00974	0.01505	0.00851	0.00768	0.01600	0.01406	0.02160	0.04014	0.06721	0.03758	0.00676	0.00541	0.00119	0.00478	0.00562	0.00432	0.69691
95	0.01576	0.04332	0.23440	0.01633	0.02190	0.01692	0.05393	0.06832	0.30778	0.02468	0.02026	0.02069	0.03735	0.00843	0.00815	0.00225	0.07814	0.00665	0.00491	0.00983
96	0.00815	0.00635	0.00742	0.00825	0.00956	0.00563	0.00585	0.00963	0.01408	0.01769	0.05144	0.41176	0.36026	0.01905	0.00829	0.00252	0.00374	0.03852	0.00623	0.00557
97	0.01761	0.01831	0.02401	0.10375	0.38053	0.14898	0.06033	0.02273	0.08268	0.02098	0.01358	0.01669	0.01098	0.00646	0.00656	0.00197	0.00865	0.00586	0.00368	0.04566
98	0.00813	0.00600	0.00762	0.00891	0.00962	0.00549	0.00604	0.00939	0.01326	0.01730	0.04220	0.64267	0.15815	0.02034	0.00846	0.00265	0.00381	0.01825	0.00623	0.00549
99	0.01794	0.76823	0.03516	0.01148	0.01722	0.02655	0.01148	0.02009	0.01363	0.01579	0.00933	0.01076	0.00861	0.00574	0.00431	0.00144	0.00718	0.00359	0.00287	0.00861
100	0.01468	0.01468	0.02055	0.01762	0.01762	0.02055	0.01468	0.01615	0.01028	0.01615	0.00881	0.01468	0.00881	0.01174	0.02202	0.00294	0.75191	0.00587	0.00294	0.00734
101	0.00805	0.00676	0.00699	0.00701	0.00916	0.00570	0.00523	0.00983	0.01545	0.01869	0.11139	0.09084	0.64813	0.01693	0.00795	0.00227	0.00340	0.01421	0.00631	0.00570
102	0.00932	0.00685	0.00873	0.00826	0.00992	0.00626	0.00619	0.01232	0.01858	0.02593	0.64628	0.05173	0.13644	0.01408	0.00792	0.00213	0.00319	0.01236	0.00726	0.00626
103	0.01661	0.01594	0.02724	0.04119	0.72233	0.01594	0.02059	0.02059	0.01528	0.02192	0.01262	0.01661	0.01063	0.00598	0.00664	0.00199	0.00797	0.00598	0.00332	0.01063
104	0.01346	0.03471	0.72942	0.01912	0.02904	0.01558	0.02479	0.02125	0.01417	0.02125	0.01204	0.01417	0.00850	0.00637	0.00637	0.00212	0.00992	0.00496	0.00283	0.00992
105	0.01267	0.01193	0.02013	0.74806	0.04621	0.01491	0.01863	0.01714	0.01342	0.01714	0.01193	0.01789	0.00894	0.00671	0.00671	0.00224	0.00894	0.00596	0.00298	0.00745
106	0.00960	0.00712	0.01041	0.01041	0.01148	0.00819	0.00793	0.01174	0.01067	0.01530	0.01831	0.02823	0.01759	0.12643	0.66260	0.01033	0.01675	0.00746	0.00364	0.00579
107	0.01391	0.01193	0.01391	0.00994	0.01590	0.00894	0.00795	0.01690	0.01391	0.02186	0.01193	0.01391	0.00994	0.00497	0.00497	0.00099	0.00497	0.00398	0.00398	0.80521
108	0.01709	0.01461	0.01540	0.01374	0.01760	0.01688	0.01072	0.06574	0.67948	0.02871	0.02680	0.02463	0.02007	0.00906	0.00682	0.00226	0.00540	0.00752	0.00682	0.01066
109	0.00976	0.00651	0.00732	0.00732	0.00732	0.00651	0.00407	0.00976	0.00976	0.01301	0.02114	0.04391	0.02439	0.76419	0.03415	0.00651	0.00651	0.00976	0.00407	0.00407
110	0.00905	0.00794	0.00776	0.00759	0.00971	0.03894	0.00564	0.01096	0.01595	0.01947	0.18187	0.05889	0.54539	0.04064	0.00871	0.00235	0.00385	0.01320	0.00624	0.00583
111	0.01794	0.76823	0.03516	0.01148	0.01722	0.02655	0.01148	0.02009	0.01363	0.01579	0.00933	0.01076	0.00861	0.00574	0.00431	0.00144	0.00718	0.00359	0.00287	0.00861
112	0.03010	0.01142	0.01557	0.01194	0.01713	0.00986	0.00986	0.03270	0.01920	0.72698	0.02647	0.02284	0.01661	0.00830	0.00675	0.00208	0.00571	0.00675	0.00830	0.01142
113	0.00809	0.00617	0.00745	0.00847	0.00950	0.00552	0.00584	0.00944	0.01369	0.01747	0.04764	0.52068	0.27662	0.01964	0.00835	0.00257	0.00372	0.01738	0.00623	0.00552
114	0.01441	0.01378	0.02365	0.43143	0.32941	0.01540	0.03854	0.01871	0.01427	0.01927	0.01226	0.01736	0.00969	0.00637	0.00671	0.00213	0.00860	0.00602	0.00314	0.00883
115	0.01734	0.67026	0.12789	0.01250	0.01880	0.02509	0.01326	0.02025	0.01370	0.01652	0.00969	0.01122	0.00860	0.00583	0.00458	0.00153	0.00754	0.00377	0.00287	0.00879
116	0.00818	0.00584	0.00779	0.00934	0.00973	0.00545	0.00623	0.00934	0.01285	0.01713	0.03698	0.75981	0.04438	0.02102	0.00856	0.00273	0.00389	0.01908	0.00623	0.00545
117	0.01794	0.76823	0.03516	0.01148	0.01722	0.02655	0.01148	0.02009	0.01363	0.01579	0.00933	0.01076	0.00861	0.00574	0.00431	0.00144	0.00718	0.00359	0.00287	0.00861
118	0.01794	0.76823	0.03516	0.01148	0.01722	0.02655	0.01148	0.02009	0.01363	0.01579	0.00933	0.01076	0.00861	0.00574	0.00431	0.00144	0.00718	0.00359	0.00287	0.00861
119	0.01251	0.00625	0.00625	0.00625	0.00782	0.00625	0.00469	0.01563	0.01407	0.02502	0.02189	0.02502	0.01720	0.00782	0.00469	0.00156	0.00313	0.00625	0.80144	0.00625
120	0.00853	0.00609	0.00819	0.00975	0.01029	0.00575	0.00684	0.00995	0.01319	0.01752	0.03679	0.66844	0.04361	0.02069	0.00866	0.00277	0.00420	0.10697	0.00622	0.00555
121	0.01669	0.01441	0.01517	0.01365	0.01745	0.01669	0.01062	0.03565	0.71021	0.02807	0.02731	0.02503	0.02048	0.00910	0.00683	0.00228	0.00531	0.00759	0.00683	0.01062
122	0.00818	0.00584	0.00779	0.00934	0.00973	0.00545	0.00623	0.00934	0.01285	0.01713	0.03698	0.75981	0.04438	0.02102	0.00856	0.00273	0.00389	0.01908	0.00623	0.00545
123	0.01073	0.00608	0.00688	0.00752	0.00860	0.00592	0.00532	0.01305	0.01357	0.02178	0.02808	0.32657	0.02835	0.01324	0.00628	0.00204	0.00344	0.01152	0.47509	0.00592
124	0.01021	0.00708	0.00806	0.00796	0.00829	0.00731	0.00478	0.01164	0.05685	0.01418	0.02136	0.04154	0.02365	0.66862	0.07653	0.00649	0.00715	0.00945	0.00422	0.00463
125	0.00832	0.00595	0.00796	0.00951	0.00997	0.00558	0.00649	0.00960	0.01299	0.01729	0.03690	0.72134	0.04405	0.02088	0.00860	0.00275	0.00402	0.05608	0.00623	0.00549
126	0.00976	0.00651	0.00732	0.00732	0.00732	0.00651	0.00407	0.00976	0.00976	0.01301	0.02114	0.04391	0.02439	0.76419	0.03415	0.00651	0.00651	0.00976	0.00407	0.00407
127	0.05294	0.01859	0.01978	0.01521	0.02053	0.02061	0.01256	0.67622	0.03085	0.04186	0.01587	0.01593	0.01127	0.00799	0.00662	0.00202	0.00731	0.00596	0.00662	0.01127
128	0.01669	0.01441	0.01517	0.01365	0.01745	0.01669	0.01062	0.03565	0.71021	0.02807	0.02731	0.02503	0.02048	0.00910	0.00683	0.00228	0.00531	0.00759	0.00683	0.01062
129	0.00976	0.00651	0.00732	0.00732	0.00732	0.00651	0.00407	0.00976	0.00976	0.01301	0.02114	0.04391	0.02439	0.76419	0.03415	0.00651	0.00651	0.00976	0.00407	0.00407
130	0.01391	0.01193	0.01391	0.00994	0.01590	0.00894	0.00795	0.01690	0.01391	0.02186	0.01193	0.01391	0.00994	0.00497	0.00497	0.00099	0.00497	0.00398	0.00398	0.80521
131	0.02644	0.01730	0.01921	0.01473	0.02006	0.01860	0.01217	0.56508	0.02905	0.18069	0.01820	0.01747	0.01246	0.00811	0.00672	0.00203	0.00705	0.00618	0.00703	0.01141
132	0.00918	0.00672	0.00878	0.01012	0.01098	0.00654	0.00736	0.01174	0.05265	0.01836	0.03700	0.56239	0.06048	0.01974	0.00859	0.00276	0.00442	0.15004	0.00625	0.00589
133	0.01781	0.03560	0.02341	0.11605	0.41128	0.01523	0.01718	0.02170	0.03126	0.12170	0.01444	0.01738	0.01128	0.00685	0.00770	0.00204	0.06485	0.00594	0.00407	0.05424
134	0.01421	0.01236	0.01679	0.05728	0.03620	0.01552	0.01225	0.04119	0.06379	0.05102	0.04604	0.14165	0.05797	0.01270	0.01487	0.00265	0.38254	0.00890	0.00450	0.00756
135	0.00870	0.00683	0.00786	0.00760	0.00954	0.00599	0.00570	0.01112	0.01711	0.02244	0.38759	0.05748	0.39730	0.01538	0.00792	0.00219	0.00328	0.01317	0.00680	0.00599
136	0.01495	0.01232	0.01418	0.01063	0.01620	0.01027	0.00846	0.02058	0.13011	0.04795	0.01501	0.01608	0.01193	0.00578	0.00534	0.00125	0.00505	0.00468	0.00460	0.64462
137	0.01267	0.01193	0.02013	0.74806	0.04621	0.01491	0.01863	0.01714	0.01342	0.01714	0.01193	0.01789	0.00894	0.00671	0.00671	0.00224	0.00894	0.00596	0.00298	0.00745
138	0.01724	0.44199	0.25088	0.01480	0.02177	0.04633	0.03469	0.06734	0.01527	0.01949	0.01079	0.01244	0.00881	0.00613	0.00528	0.00172	0.00833	0.00433	0.00316	0.00920
139	0.01471	0.01625	0.03146	0.02333	0.02844	0.03960	0.48778	0.01910	0.01514	0.02015	0.02043	0.06450	0.09198	0.00847	0.00934	0.00234	0.08599	0.00892	0.00383	0.00825
140	0.02191	0.01665	0.01786	0.01441	0.01903	0.01850	0.01170	0.47785	0.19075	0.03658	0.02130	0.02261	0.03861	0.02876	0.00759	0.00224	0.00669	0.02966	0.00664	0.01066
141	0.04643	0.01542	0.06695	0.05388	0.01769	0.13562	0.01080	0.07262	0.01690	0.17151	0.02534	0.21115	0.05834	0.03674	0.00801	0.00238	0.00688	0.02962	0.00565	0.00809
142	0.00867	0.00619	0.00835	0.00991	0.01051	0.00587	0.00709	0.01020	0.01333	0.01768	0.03671	0.63193	0.04330	0.02056	0.00870	0.00279	0.00432	0.14209	0.00622	0.00559
143	0.01460	0.00736	0.00776	0.00721	0.00927	0.00735	0.00554	0.05543	0.01545	0.08027	0.02192	0.02435	0.01683	0.00787	0.00496	0.00163	0.00357	0.00628	0.69542	0.00694
144	0.01293	0.01232	0.02121	0.69561	0.06470	0.01503	0.04945	0.01744	0.01358	0.01747	0.01202	0.01786	0.00905	0.00664	0.00676	0.00223	0.00902	0.00605	0.00301	0.00762
145	0.01276	0.01211	0.02070	0.72698	0.04589	0.01497	0.03853	0.01727	0.01349	0.01727	0.01197	0.01790	0.00898	0.00668	0.00674	0.00224	0.00901	0.00602	0.00299	0.00750
146	0.00818	0.00584	0.00779	0.00934	0.00973	0.00545	0.00623	0.00934	0.01285	0.01713	0.03698	0.75981	0.04438	0.02102	0.00856	0.00273	0.00389	0.01908	0.00623	0.00545
147	0.01659	0.01383	0.01486	0.01325	0.01689	0.01572	0.01039	0.09536	0.55232	0.02903	0.09708	0.02844	0.02460	0.00979	0.00701	0.00226	0.00532	0.03028	0.00685	0.01011
148	0.00889	0.00682	0.00819	0.00828	0.01000	0.00612	0.00628	0.01128	0.01661	0.02189	0.33409	0.12951	0.31125	0.01618	0.00812	0.00233	0.00362	0.07787	0.00671	0.00597
149	0.01346	0.03471	0.72942	0.01912	0.02904	0.01558	0.02479	0.02125	0.01417	0.02125	0.01204	0.01417	0.00850	0.00637	0.00637	0.00212	0.00992	0.00496	0.00283	0.00992
150	0.00976	0.00651	0.00732	0.00732	0.00732	0.00651	0.00407	0.00976	0.00976	0.01301	0.02114	0.04391	0.02439	0.76419	0.03415	0.00651	0.00651	0.00976	0.00407	0.00407
151	0.00975	0.00697	0.00960	0.01115	0.01223	0.00681	0.00897	0.01207	0.01440	0.01890	0.03611	0.35038	0.04093	0.01953	0.00899	0.00294	0.00526	0.41293	0.00620	0.00589
152	0.01476	0.01491	0.02182	0.01832	0.01878	0.02031	0.06010	0.01650	0.01065	0.01650	0.00912	0.01491	0.00890	0.01134	0.02108	0.00289	0.70268	0.00601	0.00297	0.00745
153	0.02038	0.00940	0.01322	0.01129	0.01460	0.00907	0.00907	0.02292	0.01559	0.39050	0.05418	0.02558	0.01880	0.02655	0.31991	0.00581	0.01085	0.00718	0.00625	0.00886
154	0.00947	0.00683	0.00846	0.00811	0.00981	0.00625	0.00613	0.01238	0.01791	0.02507	0.53904	0.05159	0.17304	0.01401	0.00773	0.00213	0.00329	0.03040	0.06216	0.00621
155	0.00793	0.00680	0.00680	0.00680	0.00906	0.00566	0.00510	0.00963	0.01529	0.01813	0.06797	0.06457	0.71961	0.01699	0.00793	0.00227	0.00340	0.01416	0.00623	0.00566
156	0.02552	0.01532	0.12735	0.01311	0.01878	0.01141	0.01218	0.07037	0.03978	0.50976	0.06712	0.02285	0.01807	0.00835	0.00676	0.00209	0.00630	0.00679	0.00725	0.01084
157	0.05142	0.01416	0.01707	0.01313	0.01835	0.01402	0.01084	0.27650	0.02349	0.45591	0.02218	0.02002	0.01443	0.00815	0.00666	0.00205	0.00631	0.00640	0.00760	0.01129
158	0.01629	0.01601	0.02675	0.13299	0.57386	0.03709	0.05820	0.02037	0.01517	0.02111	0.01252	0.01673	0.01032	0.00608	0.00671	0.00203	0.00841	0.00604	0.00328	0.01004
159	0.02859	0.01276	0.01634	0.01260	0.01771	0.01199	0.01039	0.16454	0.02141	0.57013	0.02416	0.02161	0.01558	0.00949	0.02825	0.00232	0.00640	0.00662	0.00785	0.01126
160	0.00817	0.00587	0.00775	0.00926	0.00971	0.00546	0.00619	0.00935	0.01293	0.01716	0.03801	0.73681	0.06671	0.02089	0.00854	0.00271	0.00388	0.01891	0.00623	0.00546
161	0.01267	0.01193	0.02013	0.74806	0.04621	0.01491	0.01863	0.01714	0.01342	0.01714	0.01193	0.01789	0.00894	0.00671	0.00671	0.00224	0.00894	0.00596	0.00298	0.00745
162	0.01661	0.01594	0.02724	0.04119	0.72233	0.01594	0.02059	0.02059	0.01528	0.02192	0.01262	0.01661	0.01063	0.00598	0.00664	0.00199	0.00797	0.00598	0.00332	0.01063
163	0.00950	0.00686	0.00897	0.00844	0.01002	0.00633	0.00633	0.01266	0.01899	0.02691	0.71879	0.05012	0.06331	0.01372	0.00791	0.00211	0.00317	0.01213	0.00739	0.00633
164	0.00976	0.00651	0.00732	0.00732	0.00732	0.00651	0.00407	0.00976	0.00976	0.01301	0.02114	0.04391	0.02439	0.76419	0.03415	0.00651	0.00651	0.00976	0.00407	0.00407
165	0.00869	0.00683	0.00785	0.00759	0.00953	0.00599	0.00569	0.01110	0.01708	0.02238	0.38289	0.05758	0.40204	0.01541	0.00792	0.00219	0.00329	0.01318	0.00679	0.00599
166	0.02551	0.01879	0.02014	0.01544	0.02081	0.02081	0.01275	0.69996	0.03155	0.04229	0.01611	0.01611	0.01141	0.00805	0.00671	0.00201	0.00738	0.00604	0.00671	0.01141
167	0.00802	0.00680	0.00692	0.00689	0.00912	0.00570	0.00517	0.00980	0.01551	0.01863	0.10535	0.06374	0.68191	0.01681	0.00793	0.00226	0.00339	0.01404	0.00630	0.00570
168	0.01661	0.01594	0.02724	0.04119	0.72233	0.01594	0.02059	0.02059	0.01528	0.02192	0.01262	0.01661	0.01063	0.00598	0.00664	0.00199	0.00797	0.00598	0.00332	0.01063
169	0.81159	0.01298	0.00986	0.00882	0.01298	0.01505	0.00727	0.01972	0.01142	0.03010	0.00934	0.01090	0.00727	0.00623	0.00415	0.00208	0.00519	0.00363	0.00415	0.00727
170	0.00962	0.00706	0.01015	0.01015	0.01113	0.00805	0.00760	0.01158	0.01060	0.01511	0.01855	0.02955	0.01816	0.18006	0.60976	0.01001	0.01589	0.00766	0.00368	0.00564
171	0.00959	0.00719	0.01078	0.01078	0.01198	0.00839	0.00839	0.01198	0.01078	0.01558	0.01797	0.02636	0.01677	0.05032	0.73760	0.01078	0.01797	0.00719	0.00359	0.00599
172	0.00968	0.00682	0.00891	0.00891	0.00946	0.00737	0.00605	0.01078	0.01023	0.01419	0.01968	0.03584	0.02089	0.43598	0.35757	0.00847	0.01178	0.00858	0.00385	0.00495
173	0.01584	0.01810	0.03959	0.02828	0.03507	0.01697	0.69796	0.02149	0.01584	0.02149	0.01357	0.01810	0.01018	0.00566	0.00792	0.00226	0.01131	0.00792	0.00339	0.00905
174	0.02862	0.01110	0.01503	0.01163	0.01660	0.00959	0.00957	0.03120	0.01905	0.67830	0.04876	0.02529	0.04556	0.00881	0.00683	0.00208	0.00554	0.00720	0.00820	0.01104
175	0.01386	0.10091	0.66677	0.01843	0.02797	0.01657	0.02359	0.02114	0.01412	0.02076	0.01180	0.01386	0.00851	0.00632	0.00619	0.00206	0.00967	0.00483	0.00284	0.00980
176	0.00804	0.00663	0.00698	0.00723	0.00910	0.00566	0.00524	0.00959	0.01468	0.01776	0.06110	0.17666	0.58271	0.04694	0.00906	0.00251	0.00360	0.01479	0.00615	0.00557
177	0.01594	0.01772	0.10520	0.09436	0.59159	0.01582	0.02091	0.02039	0.01501	0.02147	0.01250	0.01643	0.01026	0.00608	0.00662	0.00203	0.00827	0.00586	0.00324	0.01030
178	0.81159	0.01298	0.00986	0.00882	0.01298	0.01505	0.00727	0.01972	0.01142	0.03010	0.00934	0.01090	0.00727	0.00623	0.00415	0.00208	0.00519	0.00363	0.00415	0.00727
179	0.01508	0.02341	0.26012	0.02535	0.03314	0.01653	0.48276	0.02142	0.01530	0.02142	0.01308	0.01684	0.00964	0.00589	0.00743	0.00222	0.01087	0.00697	0.00321	0.00933
180	0.01378	0.01176	0.01463	0.01661	0.12971	0.01272	0.01079	0.02419	0.35329	0.02357	0.04577	0.22912	0.04534	0.01242	0.00739	0.00237	0.00527	0.02634	0.00607	0.00886
181	0.00868	0.00683	0.00784	0.00759	0.00953	0.00599	0.00569	0.01109	0.01708	0.02236	0.38142	0.05761	0.40352	0.01542	0.00792	0.00219	0.00329	0.01319	0.00679	0.00599
182	0.01692	0.01490	0.01528	0.01376	0.01754	0.03674	0.01069	0.03541	0.69098	0.02774	0.02684	0.02467	0.02015	0.00904	0.00681	0.00226	0.00550	0.00750	0.00673	0.01054
183	0.01166	0.00583	0.00874	0.00874	0.00874	0.00583	0.00583	0.00874	0.00874	0.01166	0.01166	0.02040	0.01166	0.02331	0.02622	0.80478	0.00583	0.00583	0.00291	0.00291
184	0.00793	0.00680	0.00680	0.00680	0.00906	0.00566	0.00510	0.00963	0.01529	0.01813	0.06797	0.06457	0.71961	0.01699	0.00793	0.00227	0.00340	0.01416	0.00623	0.00566
185	0.01013	0.00749	0.00958	0.00928	0.01103	0.00721	0.00719	0.01433	0.06586	0.02584	0.56298	0.05219	0.07426	0.01413	0.00802	0.00226	0.00372	0.10075	0.00716	0.00659
186	0.01391	0.01193	0.01391	0.00994	0.01590	0.00894	0.00795	0.01690	0.01391	0.02186	0.01193	0.01391	0.00994	0.00497	0.00497	0.00099	0.00497	0.00398	0.00398	0.80521
187	0.01468	0.01468	0.02055	0.01762	0.01762	0.02055	0.01468	0.01615	0.01028	0.01615	0.00881	0.01468	0.00881	0.01174	0.02202	0.00294	0.75191	0.00587	0.00294	0.00734
188	0.01384	0.01370	0.01873	0.01605	0.01753	0.06890	0.07515	0.01607	0.01173	0.01666	0.01251	0.01866	0.01161	0.02341	0.25656	0.00533	0.36025	0.00632	0.00327	0.03375
189	0.00970	0.00672	0.00839	0.00839	0.00876	0.00709	0.00540	0.01044	0.01007	0.01380	0.02016	0.03849	0.02204	0.54369	0.25143	0.00783	0.01005	0.00896	0.00392	0.00466
190	0.08872	0.01387	0.01485	0.01145	0.01636	0.01376	0.00929	0.28682	0.02068	0.03114	0.01486	0.01620	0.01138	0.00673	0.00554	0.00158	0.00566	0.00511	0.12588	0.30008
191	0.00974	0.00660	0.00777	0.00777	0.00793	0.00675	0.00463	0.01005	0.00989	0.01335	0.02072	0.04160	0.02339	0.67024	0.12673	0.00707	0.00801	0.00942	0.00400	0.00432
192	0.01559	0.02435	0.31365	0.02671	0.18323	0.01640	0.23905	0.05935	0.01592	0.02266	0.01289	0.01607	0.00967	0.00615	0.00695	0.00213	0.00979	0.00619	0.00334	0.00988
193	0.01391	0.01193	0.01391	0.00994	0.01590	0.00894	0.00795	0.01690	0.01391	0.02186	0.01193	0.01391	0.00994	0.00497	0.00497	0.00099	0.00497	0.00398	0.00398	0.80521
194	0.01564	0.01751	0.03632	0.02645	0.03207	0.01758	0.58054	0.02057	0.01488	0.02057	0.01276	0.01751	0.00995	0.00670	0.01034	0.00238	0.13858	0.00757	0.00332	0.00876
195	0.02195	0.01949	0.06474	0.11626	0.10622	0.13828	0.01472	0.23837	0.06745	0.12228	0.01606	0.01711	0.01164	0.00744	0.00658	0.00203	0.00825	0.00586	0.00524	0.01003
196	0.06089	0.01535	0.02551	0.11370	0.61134	0.01578	0.01964	0.02018	0.01487	0.02188	0.01236	0.01642	0.01026	0.00607	0.00651	0.00202	0.00792	0.00584	0.00333	0.01011
197	0.02015	0.06623	0.23585	0.01777	0.02403	0.17135	0.08686	0.14448	0.03923	0.08448	0.01400	0.01537	0.01029	0.00711	0.00698	0.00202	0.03435	0.00551	0.00431	0.00963
198	0.01366	0.13798	0.53225	0.01698	0.02515	0.01618	0.02080	0.01995	0.01390	0.01995	0.01343	0.01807	0.01085	0.01036	0.06278	0.00275	0.00993	0.04273	0.00309	0.00921
199	0.00944	0.00686	0.00889	0.00838	0.00999	0.00631	0.00629	0.01256	0.01886	0.02660	0.69608	0.05063	0.08622	0.01383	0.00791	0.00212	0.00317	0.01221	0.00735	0.00631
200	0.01794	0.76823	0.03516	0.01148	0.01722	0.02655	0.01148	0.02009	0.01363	0.01579	0.00933	0.01076	0.00861	0.00574	0.00431	0.00144	0.00718	0.00359	0.00287	0.00861
201	0.00967	0.00647	0.00734	0.00743	0.00745	0.00645	0.00419	0.00973	0.00993	0.01324	0.02203	0.08416	0.02552	0.72240	0.03271	0.00629	0.00636	0.01028	0.00419	0.00414
202	0.01672	0.01530	0.02450	0.15318	0.50237	0.01600	0.01879	0.10085	0.01692	0.02344	0.01486	0.01843	0.03519	0.00673	0.00671	0.00204	0.00790	0.00627	0.00377	0.01003
203	0.00866	0.00679	0.00785	0.00776	0.00962	0.00598	0.00581	0.01097	0.01668	0.02173	0.33332	0.09860	0.39421	0.01591	0.00799	0.00225	0.00340	0.02984	0.00671	0.00594
204	0.01081	0.00772	0.01081	0.01236	0.01390	0.00772	0.01081	0.01390	0.01545	0.02008	0.03553	0.07569	0.03862	0.01854	0.00927	0.00309	0.00618	0.67717	0.00618	0.00618
205	0.02491	0.01746	0.02049	0.01842	0.11403	0.01874	0.01343	0.52267	0.02777	0.12838	0.01699	0.01705	0.01198	0.00781	0.00671	0.00202	0.00724	0.00612	0.00647	0.01131
206	0.01606	0.01429	0.01437	0.01269	0.01600	0.06414	0.00997	0.11569	0.34282	0.02574	0.03361	0.03224	0.19549	0.01102	0.00818	0.00225	0.06157	0.00870	0.00614	0.00902
207	0.00976	0.00651	0.00732	0.00732	0.00732	0.00651	0.00407	0.00976	0.00976	0.01301	0.02114	0.04391	0.02439	0.76419	0.03415	0.00651	0.00651	0.00976	0.00407	0.00407
208	0.05619	0.00756	0.00953	0.00873	0.01074	0.00709	0.00666	0.01461	0.01858	0.08122	0.62536	0.04581	0.05655	0.01288	0.00761	0.00211	0.00348	0.01124	0.00728	0.00678
209	0.01439	0.13036	0.54028	0.01938	0.02830	0.01724	0.11710	0.02113	0.01433	0.02055	0.01189	0.01426	0.00875	0.00619	0.00631	0.00205	0.00975	0.00519	0.00292	0.00962
210	0.00970	0.00648	0.00733	0.00739	0.00740	0.00647	0.00414	0.00974	0.00986	0.01315	0.02168	0.06831	0.02508	0.73885	0.03328	0.00638	0.00642	0.01008	0.00414	0.00411
211	0.00961	0.00710	0.01032	0.01032	0.01136	0.00814	0.00781	0.01168	0.01065	0.01523	0.01840	0.02870	0.01779	0.14567	0.64365	0.01021	0.01644	0.00753	0.00366	0.00573
212	0.01285	0.01057	0.01129	0.01043	0.01331	0.01123	0.00801	0.04144	0.33363	0.02480	0.13210	0.05964	0.24316	0.01239	0.00726	0.00222	0.00435	0.01043	0.04268	0.00820
213	0.00961	0.00758	0.00907	0.00877	0.01066	0.00725	0.00678	0.01304	0.05435	0.02290	0.36803	0.05489	0.29111	0.01498	0.00845	0.00228	0.02876	0.06845	0.00669	0.00635
214	0.01016	0.00726	0.01005	0.01154	0.01281	0.00715	0.00961	0.01280	0.01493	0.01957	0.05472	0.23581	0.04065	0.01899	0.00907	0.00298	0.00556	0.50411	0.00622	0.00601
215	0.01140	0.00661	0.00872	0.00948	0.01059	0.00609	0.00661	0.01289	0.01378	0.11248	0.03454	0.61099	0.03881	0.01842	0.00806	0.00256	0.00408	0.01655	0.06104	0.00630
216	0.81159	0.01298	0.00986	0.00882	0.01298	0.01505	0.00727	0.01972	0.01142	0.03010	0.00934	0.01090	0.00727	0.00623	0.00415	0.00208	0.00519	0.00363	0.00415	0.00727
217	0.00976	0.00651	0.00732	0.00732	0.00732	0.00651	0.00407	0.00976	0.00976	0.01301	0.02114	0.04391	0.02439	0.76419	0.03415	0.00651	0.00651	0.00976	0.00407	0.00407
218	0.01025	0.00737	0.00921	0.00861	0.01049	0.00688	0.00650	0.01404	0.05392	0.04545	0.58685	0.04979	0.13773	0.01372	0.00783	0.00214	0.00337	0.01199	0.00725	0.00661
219	0.02506	0.03198	0.01901	0.01729	0.02074	0.73725	0.01296	0.02679	0.01901	0.01642	0.01037	0.01210	0.00864	0.00691	0.00605	0.00173	0.01210	0.00432	0.00346	0.00778
220	0.00971	0.00668	0.00820	0.00820	0.00851	0.00699	0.00517	0.01033	0.01002	0.01367	0.02033	0.03943	0.02245	0.58188	0.21380	0.00760	0.00943	0.00910	0.00395	0.00456
221	0.01322	0.01251	0.02099	0.63518	0.12567	0.01525	0.01871	0.01752	0.01352	0.01767	0.01189	0.01761	0.00914	0.00682	0.00730	0.00223	0.03795	0.00596	0.00302	0.00783
222	0.00828	0.00591	0.00790	0.00946	0.00990	0.00554	0.00641	0.00952	0.01295	0.01724	0.03693	0.73299	0.04415	0.02092	0.00859	0.00274	0.00398	0.04487	0.00623	0.00548
223	0.00961	0.00707	0.01019	0.01019	0.01119	0.00807	0.00765	0.01160	0.01061	0.01514	0.01851	0.02936	0.01808	0.17222	0.61748	0.01005	0.01601	0.00763	0.00367	0.00566
224	0.01595	0.01680	0.02036	0.01758	0.01800	0.10843	0.01447	0.01745	0.01135	0.01618	0.00900	0.01436	0.00879	0.01115	0.02006	0.00279	0.66119	0.00568	0.00300	0.00739
225	0.08286	0.01677	0.01986	0.01546	0.02040	0.01824	0.08604	0.45661	0.08245	0.03588	0.01861	0.04318	0.03371	0.00843	0.00670	0.00209	0.00712	0.00687	0.02846	0.01026
226	0.00908	0.00649	0.00880	0.00962	0.01059	0.00595	0.02549	0.01049	0.01347	0.04086	0.04012	0.62189	0.13269	0.01963	0.00840	0.00263	0.00409	0.01770	0.00622	0.00578
227	0.05108	0.03135	0.01871	0.01701	0.02049	0.71336	0.01278	0.02656	0.01876	0.01687	0.01034	0.01206	0.00860	0.00689	0.00599	0.00174	0.01187	0.00430	0.00348	0.00776
228	0.00845	0.00609	0.00812	0.00958	0.01016	0.00576	0.00668	0.00985	0.01309	0.01738	0.03725	0.65102	0.06526	0.02163	0.03272	0.00301	0.00455	0.07773	0.00614	0.00554
229	0.01243	0.00919	0.01145	0.01082	0.01246	0.03388	0.00831	0.01568	0.05668	0.07415	0.19206	0.08510	0.05161	0.08300	0.22126	0.00510	0.06898	0.03567	0.00541	0.00675
230	0.00959	0.00719	0.01078	0.01078	0.01198	0.00839	0.00839	0.01198	0.01078	0.01558	0.01797	0.02636	0.01677	0.05032	0.73760	0.01078	0.01797	0.00719	0.00359	0.00599
231	0.01391	0.01193	0.01391	0.00994	0.01590	0.00894	0.00795	0.01690	0.01391	0.02186	0.01193	0.01391	0.00994	0.00497	0.00497	0.00099	0.00497	0.00398	0.00398	0.80521
232	0.01391	0.01193	0.01391	0.00994	0.01590	0.00894	0.00795	0.01690	0.01391	0.02186	0.01193	0.01391	0.00994	0.00497	0.00497	0.00099	0.00497	0.00398	0.00398	0.80521
233	0.01633	0.01672	0.03167	0.03655	0.47570	0.01631	0.26368	0.02092	0.01548	0.02177	0.01296	0.01714	0.01047	0.00586	0.00710	0.00209	0.00917	0.00667	0.00335	0.01006
234	0.00908	0.00635	0.00753	0.00800	0.00839	0.00616	0.00498	0.00969	0.01129	0.01487	0.03058	0.26404	0.10015	0.43811	0.04732	0.00507	0.00578	0.01296	0.00493	0.00471
235	0.02048	0.01663	0.01714	0.03889	0.04300	0.10711	0.01142	0.18161	0.17978	0.10943	0.01818	0.01906	0.01377	0.03309	0.00781	0.00207	0.03185	0.00605	0.00562	0.13702
236	0.04976	0.06419	0.04195	0.01385	0.01790	0.08924	0.06465	0.13476	0.05492	0.12154	0.11821	0.02619	0.08610	0.01084	0.03254	0.00238	0.04909	0.00754	0.00559	0.00875
237	0.08375	0.01505	0.03872	0.01269	0.01688	0.03277	0.01042	0.31318	0.07737	0.03059	0.04073	0.06905	0.06425	0.03792	0.05767	0.00277	0.00712	0.00747	0.00572	0.07589

[dist]
# distance from previous block
# <min> <max>
1	3

[block]
# block no. 1 follows, 32 sequences, length 30
# corresponding to MSA columns:
# 263-292
name=unknown_B
#
# <colnr> <probs for GDERKNQSTAVLIFYWHMCP>
#	G	D	E	R	K	N	Q	S	T	A	V	L	I	F	Y	W	H	M	C	P
0	0.01717	0.39745	0.12875	0.01475	0.06045	0.10667	0.01352	0.04006	0.01518	0.01850	0.01526	0.01870	0.04957	0.00740	0.00549	0.00175	0.00780	0.03883	0.03418	0.00853
1	0.05182	0.06286	0.07839	0.01489	0.04508	0.09159	0.01234	0.26292	0.06058	0.05565	0.02225	0.07428	0.09045	0.00961	0.00723	0.00209	0.03581	0.00745	0.00542	0.00929
2	0.05637	0.23685	0.43148	0.01600	0.02402	0.01875	0.01894	0.06275	0.01511	0.04533	0.01188	0.01346	0.00892	0.00636	0.00572	0.00192	0.00861	0.00463	0.00333	0.00956
