[name]
unknown

[dist]
# distance from previous block
# <min> <max>
0	42

[block]
# block no. 0 follows, 36 sequences, length 16
# corresponding to MSA columns:
# 46-61
name=unknown_A
#
# <colnr> <probs for GDERKNQSTAVLIFYWHMCP>
#	G	D	E	R	K	N	Q	S	T	A	V	L	I	F	Y	W	H	M	C	P
0	0.00990	0.00713	0.00984	0.01120	0.01267	0.00707	0.00976	0.01270	0.01434	0.01855	0.03457	0.06974	0.07284	0.01714	0.00854	0.00283	0.00560	0.66413	0.00574	0.00571
1	0.01168	0.00984	0.01150	0.00876	0.01329	0.00759	0.00688	0.01425	0.01344	0.02013	0.08423	0.06027	0.09368	0.00732	0.00533	0.00123	0.00425	0.00612	0.00431	0.61590
2	0.04964	0.01390	0.01436	0.01254	0.01601	0.04667	0.00988	0.11160	0.46904	0.06180	0.04545	0.02280	0.04546	0.00864	0.00692	0.00207	0.04109	0.00685	0.00599	0.00930
3	0.00890	0.00668	0.01001	0.01001	0.01113	0.00779	0.00779	0.01113	0.01001	0.01446	0.01669	0.02448	0.01558	0.04673	0.75634	0.01001	0.01669	0.00668	0.00334	0.00556
4	0.01250	0.03223	0.74875	0.01776	0.02697	0.01447	0.02302	0.01973	0.01315	0.01973	0.01118	0.01315	0.00789	0.00592	0.00592	0.00197	0.00921	0.00460	0.00263	0.00921
5	0.00810	0.00579	0.00780	0.00916	0.00977	0.00549	0.00658	0.00959	0.01262	0.01680	0.06417	0.61477	0.04097	0.01880	0.00805	0.00257	0.00398	0.14397	0.00582	0.00522
6	0.01853	0.01018	0.01246	0.01015	0.01397	0.00928	0.00805	0.10080	0.03495	0.27977	0.02154	0.12425	0.01787	0.02692	0.00660	0.00186	0.00488	0.02462	0.08635	0.18698
7	0.00782	0.00574	0.00735	0.00831	0.00912	0.00528	0.00579	0.00930	0.01316	0.01744	0.14006	0.54633	0.14267	0.01793	0.00780	0.00240	0.00352	0.03882	0.00594	0.00523
8	0.00895	0.00609	0.00802	0.00869	0.00972	0.00565	0.00629	0.01076	0.01399	0.04817	0.21584	0.45133	0.08429	0.01687	0.00776	0.00237	0.00368	0.07985	0.00613	0.00557
9	0.00804	0.00562	0.00738	0.00845	0.00895	0.00539	0.00572	0.00932	0.01200	0.01643	0.07296	0.59912	0.03811	0.07244	0.05836	0.00318	0.00456	0.01546	0.04343	0.00509
10	0.01231	0.01163	0.01968	0.65680	0.14789	0.01399	0.01758	0.01640	0.01272	0.01659	0.01117	0.01643	0.00854	0.00613	0.00622	0.00204	0.00817	0.00554	0.00282	0.00736
11	0.04431	0.01193	0.01586	0.01306	0.01653	0.04728	0.14632	0.03773	0.18872	0.06667	0.10214	0.07034	0.19196	0.01030	0.00683	0.00207	0.00570	0.00915	0.00545	0.00766
12	0.01062	0.00703	0.00976	0.01091	0.01234	0.00688	0.00916	0.01312	0.01408	0.06092	0.03276	0.20422	0.03569	0.01710	0.00834	0.00275	0.00530	0.52727	0.00586	0.00589
13	0.01661	0.04991	0.01602	0.03187	0.04597	0.05624	0.00968	0.15109	0.08550	0.05120	0.01351	0.01457	0.01053	0.00586	0.00528	0.00138	0.00578	0.00460	0.00445	0.41995
14	0.01423	0.01359	0.02314	0.27518	0.51453	0.01449	0.01853	0.01808	0.01362	0.01891	0.01151	0.01581	0.00936	0.00577	0.00619	0.00192	0.00770	0.00555	0.00298	0.00891
15	0.01439	0.04266	0.07148	0.01236	0.05663	0.01072	0.02586	0.06388	0.03609	0.05630	0.06940	0.01652	0.01368	0.00590	0.00529	0.00132	0.00539	0.00488	0.00421	0.48303

[dist]
# distance from previous block
# <min> <max>
0	9

[block]
# block no. 1 follows, 36 sequences, length 46
# corresponding to MSA columns:
# 71-111,118-122
name=unknown_B
#
# <colnr> <probs for GDERKNQSTAVLIFYWHMCP>
#	G	D	E	R	K	N	Q	S	T	A	V	L	I	F	Y	W	H	M	C	P
0	0.01308	0.05942	0.59716	0.01955	0.06378	0.01505	0.10656	0.01969	0.01338	0.01959	0.01128	0.01359	0.00819	0.00580	0.00603	0.00196	0.00917	0.00493	0.00272	0.00910
1	0.00941	0.00663	0.00838	0.00902	0.01024	0.00636	0.00661	0.03091	0.03509	0.04604	0.06238	0.45102	0.14605	0.01868	0.04556	0.00280	0.00460	0.08867	0.00580	0.00574
2	0.01367	0.00961	0.01317	0.01492	0.16013	0.00935	0.00944	0.01792	0.09066	0.13494	0.26452	0.03569	0.16410	0.01058	0.00709	0.00199	0.01947	0.00912	0.00589	0.00775
3	0.02067	0.01832	0.10623	0.01478	0.04212	0.07966	0.01260	0.32153	0.15230	0.12067	0.03626	0.01757	0.01345	0.00748	0.00619	0.00191	0.00689	0.00584	0.00566	0.00985
4	0.01459	0.01043	0.01203	0.01062	0.01353	0.01108	0.00827	0.05833	0.32744	0.10684	0.31375	0.03204	0.03431	0.01006	0.00673	0.00202	0.00426	0.00860	0.00670	0.00837
5	0.00761	0.00550	0.00721	0.00851	0.00901	0.00510	0.00572	0.00878	0.01223	0.01622	0.05579	0.71338	0.08372	0.01911	0.00790	0.00249	0.00357	0.01726	0.00581	0.00510
6	0.01527	0.01457	0.02443	0.06777	0.67526	0.01480	0.01857	0.01970	0.05091	0.02046	0.01239	0.01587	0.01027	0.00573	0.00618	0.00187	0.00731	0.00563	0.00324	0.00974
7	0.01254	0.01213	0.01840	0.68965	0.04035	0.05142	0.01666	0.01725	0.04946	0.01640	0.01173	0.01668	0.00884	0.00635	0.00620	0.00205	0.00828	0.00554	0.00297	0.00709
8	0.01530	0.01163	0.01275	0.01133	0.01462	0.01274	0.00884	0.04344	0.48388	0.09754	0.12085	0.02932	0.09140	0.00960	0.00656	0.00207	0.00459	0.00805	0.00649	0.00900
9	0.02630	0.01162	0.01489	0.01159	0.01631	0.01087	0.00952	0.10630	0.08695	0.60047	0.02360	0.02072	0.01524	0.00776	0.00627	0.00194	0.00544	0.00627	0.00742	0.01053
10	0.04687	0.05894	0.21352	0.01671	0.03761	0.23867	0.07470	0.04427	0.06924	0.03574	0.03267	0.01468	0.01065	0.00687	0.00711	0.00191	0.07298	0.00509	0.00355	0.00824
11	0.07903	0.01290	0.03366	0.01166	0.01598	0.01272	0.00969	0.22190	0.09372	0.31663	0.02069	0.05745	0.01498	0.00811	0.00604	0.00193	0.00552	0.00647	0.06130	0.00961
12	0.00741	0.00628	0.00640	0.00644	0.00846	0.00527	0.00481	0.00901	0.01422	0.01703	0.08174	0.08583	0.69424	0.01583	0.00738	0.00212	0.00317	0.01326	0.00582	0.00527
13	0.00875	0.00594	0.00701	0.00731	0.00742	0.00590	0.00434	0.00906	0.00969	0.01297	0.02259	0.19355	0.02625	0.59489	0.05389	0.00546	0.00593	0.01077	0.00418	0.00411
14	0.05342	0.28641	0.18330	0.01559	0.03993	0.14733	0.08043	0.09035	0.01544	0.01957	0.01046	0.01218	0.00837	0.00588	0.00529	0.00169	0.00833	0.00439	0.00322	0.00842
15	0.01482	0.01489	0.05825	0.17121	0.35278	0.03145	0.03640	0.03814	0.15428	0.02099	0.01453	0.01722	0.01139	0.00638	0.00617	0.00194	0.00722	0.00582	0.02704	0.00906
16	0.77264	0.01271	0.01042	0.00909	0.01302	0.03447	0.03358	0.01856	0.01095	0.02731	0.00885	0.01040	0.00688	0.00578	0.00404	0.00193	0.00521	0.00354	0.00381	0.00682
17	0.79526	0.01182	0.00903	0.00811	0.01187	0.01368	0.00666	0.01818	0.01069	0.02778	0.00910	0.01060	0.00709	0.00584	0.00387	0.00191	0.00475	0.00346	0.03358	0.00671
18	0.00811	0.00622	0.00681	0.00676	0.00810	0.00559	0.00467	0.00945	0.01321	0.01678	0.16358	0.06795	0.39794	0.24101	0.01455	0.00325	0.00398	0.01173	0.00537	0.00492
19	0.00739	0.00619	0.00643	0.00663	0.00850	0.00523	0.00487	0.00891	0.01390	0.01671	0.05930	0.15503	0.64703	0.01628	0.00744	0.00216	0.00322	0.01375	0.00579	0.00523
20	0.01204	0.01135	0.01918	0.71152	0.09531	0.01391	0.01744	0.01616	0.01259	0.01625	0.01112	0.01652	0.00842	0.00618	0.00622	0.00206	0.00824	0.00554	0.00279	0.00714
21	0.01622	0.01676	0.02531	0.05642	0.55788	0.10749	0.08989	0.01983	0.01462	0.01954	0.01153	0.01508	0.00955	0.00565	0.00622	0.00185	0.00823	0.00554	0.00310	0.00930
22	0.00761	0.00596	0.00686	0.00739	0.00870	0.00525	0.00523	0.00908	0.01349	0.01707	0.10880	0.34248	0.38954	0.03296	0.00810	0.00234	0.00338	0.01471	0.00584	0.00520
23	0.01433	0.19553	0.51276	0.01634	0.02413	0.07582	0.04068	0.01991	0.01345	0.01828	0.01055	0.01242	0.00797	0.00581	0.00552	0.00181	0.00885	0.00436	0.00270	0.00876
24	0.02194	0.02690	0.01704	0.01540	0.01840	0.64417	0.01159	0.05591	0.01735	0.01621	0.01049	0.01312	0.00900	0.03828	0.03486	0.00213	0.03226	0.00442	0.00336	0.00717
25	0.00804	0.00543	0.00729	0.00854	0.00889	0.00512	0.00571	0.00876	0.01155	0.01554	0.03145	0.67608	0.03729	0.01944	0.00963	0.09059	0.00379	0.01608	0.02595	0.00483
26	0.82504	0.01205	0.00916	0.00819	0.01205	0.01398	0.00675	0.01832	0.01060	0.02795	0.00868	0.01012	0.00675	0.00578	0.00386	0.00193	0.00482	0.00337	0.00386	0.00675
27	0.01515	0.13252	0.03944	0.01525	0.08107	0.01552	0.06961	0.10681	0.22608	0.02253	0.05723	0.04054	0.01750	0.08469	0.00911	0.00236	0.02932	0.02214	0.00474	0.00840
28	0.01285	0.01237	0.02165	0.33831	0.22768	0.01339	0.12059	0.01711	0.03450	0.01814	0.01561	0.07233	0.03244	0.00748	0.00661	0.00208	0.00774	0.02790	0.00340	0.00782
29	0.01885	0.14835	0.05746	0.03216	0.06023	0.03036	0.12041	0.06348	0.01579	0.22091	0.03487	0.01654	0.01213	0.00628	0.00577	0.00168	0.00677	0.00543	0.00466	0.13789
30	0.00995	0.00773	0.00935	0.01001	0.01142	0.00801	0.00745	0.01545	0.19065	0.01893	0.03338	0.43566	0.07091	0.01620	0.00763	0.00246	0.00427	0.12826	0.00591	0.00637
31	0.01292	0.01107	0.01292	0.00923	0.01477	0.00831	0.00738	0.01569	0.01292	0.02030	0.01107	0.01292	0.00923	0.00461	0.00461	0.00092	0.00461	0.00369	0.00369	0.81912
32	0.00999	0.00753	0.01057	0.01016	0.01099	0.00903	0.00785	0.01175	0.01009	0.01508	0.01580	0.02395	0.01494	0.10307	0.46954	0.04238	0.12769	0.00656	0.08755	0.00549
33	0.01453	0.01380	0.02342	0.14854	0.59770	0.01421	0.01817	0.01826	0.01410	0.01991	0.04836	0.01718	0.01210	0.00602	0.00624	0.00189	0.00732	0.00584	0.00323	0.00921
34	0.01245	0.00922	0.01100	0.01033	0.01296	0.00934	0.02291	0.03873	0.20250	0.07823	0.09329	0.05998	0.23224	0.01293	0.00727	0.00226	0.00463	0.16636	0.00611	0.00725
35	0.02116	0.01679	0.03800	0.01627	0.07529	0.01819	0.01271	0.54428	0.04569	0.03417	0.01516	0.01746	0.01161	0.00799	0.00740	0.00199	0.06482	0.03543	0.00561	0.00999
36	0.01919	0.04902	0.12589	0.01498	0.09532	0.06995	0.01216	0.10315	0.01738	0.25281	0.07029	0.02373	0.10216	0.00828	0.00626	0.00189	0.00640	0.00672	0.00542	0.00898
37	0.01501	0.01702	0.05672	0.01669	0.01782	0.12594	0.03539	0.01683	0.01106	0.01542	0.00868	0.01336	0.00818	0.00983	0.01715	0.00251	0.59730	0.00526	0.00280	0.00705
38	0.64682	0.01423	0.01231	0.01044	0.01448	0.07644	0.05190	0.07239	0.01287	0.02726	0.00948	0.01100	0.00732	0.00593	0.00440	0.00191	0.00586	0.00384	0.00394	0.00718
39	0.01238	0.01091	0.03415	0.04981	0.05637	0.03790	0.08235	0.03028	0.01436	0.06680	0.10514	0.15770	0.13433	0.01228	0.00866	0.00225	0.08658	0.08597	0.00497	0.00682
40	0.01203	0.00847	0.01094	0.01115	0.06663	0.00831	0.00774	0.01714	0.12893	0.09117	0.44476	0.06047	0.08430	0.01143	0.00702	0.00200	0.00384	0.01001	0.00648	0.00719
41	0.01320	0.01306	0.01708	0.01491	0.01528	0.05398	0.01221	0.01472	0.01041	0.01537	0.04691	0.01720	0.01201	0.03685	0.10313	0.00355	0.58458	0.00592	0.00306	0.00656
42	0.01339	0.01261	0.01864	0.40264	0.19367	0.04853	0.01543	0.03794	0.04953	0.01778	0.01330	0.04247	0.01140	0.06567	0.00858	0.00233	0.02901	0.00620	0.00332	0.00756
43	0.01361	0.05295	0.41469	0.04013	0.07956	0.01541	0.11988	0.02104	0.10493	0.02009	0.01299	0.01514	0.00972	0.00636	0.00687	0.00202	0.04701	0.00540	0.00322	0.00900
44	0.25792	0.01102	0.01293	0.01025	0.01479	0.01055	0.00846	0.02689	0.01575	0.53918	0.01999	0.01801	0.01292	0.00716	0.00557	0.00193	0.00516	0.00543	0.00660	0.00949
45	0.04358	0.02015	0.01811	0.05294	0.02019	0.25158	0.03452	0.30517	0.11221	0.02683	0.01386	0.01478	0.01049	0.00723	0.00663	0.00187	0.04087	0.00527	0.00480	0.00891

[dist]
# distance from previous block
# <min> <max>
0	1

[block]
# block no. 2 follows, 36 sequences, length 36
# corresponding to MSA columns:
# 124-159
name=unknown_C
#
# <colnr> <probs for GDERKNQSTAVLIFYWHMCP>
#	G	D	E	R	K	N	Q	S	T	A	V	L	I	F	Y	W	H	M	C	P
0	0.01076	0.00819	0.01188	0.01119	0.01224	0.00997	0.00886	0.01277	0.01029	0.05105	0.01554	0.02270	0.01435	0.05918	0.55667	0.00810	0.16030	0.00649	0.00345	0.00600
1	0.00905	0.00609	0.00707	0.00707	0.00716	0.00619	0.00411	0.00924	0.00914	0.01228	0.01938	0.03939	0.02205	0.71891	0.09301	0.00638	0.00694	0.00886	0.00374	0.00393
2	0.01054	0.00824	0.00941	0.04712	0.01225	0.02982	0.00720	0.02933	0.08239	0.03574	0.19432	0.11611	0.21545	0.05281	0.00843	0.00235	0.00437	0.08755	0.04039	0.00619
3	0.00830	0.00624	0.00733	0.00747	0.00858	0.00597	0.00523	0.00957	0.01198	0.01542	0.07422	0.10598	0.29340	0.25556	0.12971	0.00458	0.00623	0.03449	0.00485	0.00488
4	0.01480	0.01831	0.22251	0.04319	0.14176	0.04550	0.04608	0.04834	0.04500	0.06601	0.01366	0.01663	0.01070	0.01057	0.06678	0.03750	0.07911	0.00550	0.05975	0.00828
5	0.00888	0.00605	0.00677	0.00681	0.00699	0.00595	0.00391	0.00904	0.00957	0.01258	0.02364	0.06247	0.08260	0.69679	0.02905	0.00562	0.00574	0.00964	0.00400	0.00393
6	0.01653	0.53395	0.06358	0.01141	0.01620	0.10463	0.01082	0.03944	0.03986	0.01610	0.01294	0.01491	0.04562	0.04393	0.00595	0.00171	0.00705	0.00444	0.00317	0.00777
7	0.04476	0.00996	0.01183	0.01005	0.01340	0.00988	0.00797	0.05365	0.16741	0.28901	0.13694	0.04827	0.05812	0.00925	0.00625	0.00194	0.00448	0.00769	0.10053	0.00862
8	0.01644	0.01155	0.01369	0.00999	0.01536	0.00941	0.00808	0.07973	0.01519	0.14673	0.01373	0.01452	0.01041	0.00540	0.00504	0.00118	0.00493	0.00430	0.00460	0.60972
9	0.01473	0.01192	0.01365	0.01016	0.01540	0.01018	0.00814	0.08571	0.09378	0.04649	0.01346	0.01452	0.01064	0.00541	0.00501	0.00118	0.00489	0.00433	0.00436	0.62603
10	0.01919	0.01510	0.02079	0.06419	0.16781	0.01620	0.08503	0.27417	0.12902	0.09378	0.01607	0.01713	0.01184	0.00707	0.00683	0.00197	0.03287	0.00604	0.00511	0.00977
11	0.01826	0.02979	0.04197	0.03457	0.22916	0.01431	0.06062	0.21484	0.04203	0.11833	0.01715	0.08766	0.01411	0.00783	0.00633	0.00194	0.00663	0.00690	0.03824	0.00934
12	0.00798	0.00604	0.00738	0.00778	0.00905	0.00544	0.00562	0.00986	0.01450	0.01915	0.26690	0.30861	0.25668	0.01617	0.00760	0.00223	0.00332	0.03415	0.00612	0.00540
13	0.04163	0.13095	0.18878	0.05203	0.06023	0.01522	0.08164	0.07672	0.06719	0.14601	0.01637	0.03691	0.02952	0.00708	0.00623	0.00192	0.02243	0.00586	0.00435	0.00894
14	0.01623	0.33488	0.05123	0.01796	0.14056	0.06636	0.08257	0.05402	0.06970	0.01847	0.01205	0.02834	0.01033	0.00766	0.03052	0.00199	0.04028	0.00506	0.00336	0.00843
15	0.00763	0.00556	0.00714	0.00834	0.00892	0.00513	0.00562	0.00879	0.01226	0.01615	0.05467	0.66016	0.12122	0.03618	0.00841	0.00255	0.00360	0.01684	0.00576	0.00507
16	0.03516	0.04532	0.09878	0.12986	0.12578	0.05677	0.01282	0.03075	0.04283	0.06091	0.04921	0.17000	0.01947	0.00966	0.00643	0.00203	0.00648	0.04468	0.00432	0.04874
17	0.01361	0.27390	0.38685	0.01549	0.05629	0.01684	0.01701	0.01838	0.01319	0.01792	0.01402	0.01910	0.03251	0.00709	0.00560	0.00185	0.00778	0.07114	0.00306	0.00839
18	0.03410	0.06488	0.58951	0.01684	0.02482	0.01449	0.05570	0.01897	0.01339	0.02000	0.06374	0.01554	0.01164	0.00645	0.00626	0.00196	0.02481	0.00515	0.00300	0.00875
19	0.04415	0.00656	0.00843	0.00846	0.00944	0.00720	0.00616	0.01134	0.01037	0.01588	0.01850	0.06567	0.01824	0.21224	0.39920	0.00704	0.01088	0.00753	0.12751	0.00520
20	0.26880	0.03432	0.03783	0.04740	0.10484	0.11432	0.03100	0.13919	0.06701	0.02540	0.01277	0.01503	0.01005	0.00661	0.00533	0.00187	0.00675	0.01803	0.04529	0.00815
21	0.01212	0.01143	0.01932	0.69632	0.10991	0.01393	0.01748	0.01623	0.01262	0.01634	0.01114	0.01650	0.00846	0.00616	0.00622	0.00205	0.00822	0.00554	0.00280	0.00720
22	0.01623	0.67387	0.02976	0.01086	0.01568	0.05825	0.01045	0.01823	0.01265	0.01467	0.00948	0.01144	0.00872	0.00935	0.07616	0.00218	0.00784	0.00368	0.00276	0.00773
23	0.00904	0.08093	0.00992	0.00755	0.00962	0.00745	0.00592	0.01139	0.01590	0.02101	0.42149	0.04795	0.30321	0.01314	0.00703	0.00195	0.00338	0.01120	0.00606	0.00586
24	0.01767	0.67431	0.03064	0.01119	0.01647	0.02389	0.01083	0.11983	0.01505	0.01820	0.00957	0.01071	0.00837	0.00564	0.00432	0.00141	0.00669	0.00366	0.00318	0.00837
25	0.00786	0.00640	0.00700	0.00706	0.00899	0.00554	0.00543	0.00978	0.01477	0.01833	0.17030	0.05876	0.56131	0.01542	0.00748	0.00215	0.00337	0.07868	0.00596	0.00541
26	0.00978	0.00659	0.00781	0.00759	0.00949	0.00577	0.00565	0.01173	0.01511	0.08884	0.24142	0.17431	0.36333	0.01480	0.00735	0.00212	0.00338	0.01274	0.00627	0.00591
27	0.01223	0.01155	0.01952	0.67387	0.13148	0.01396	0.01753	0.01632	0.01268	0.01648	0.01116	0.01646	0.00850	0.00614	0.00622	0.00205	0.00819	0.00554	0.00281	0.00729
28	0.01641	0.01430	0.01979	0.19894	0.10642	0.06826	0.10958	0.17095	0.03273	0.05807	0.05165	0.04269	0.04460	0.00758	0.00644	0.00196	0.00741	0.00674	0.02718	0.00831
29	0.01426	0.01301	0.01937	0.35939	0.13963	0.03036	0.05445	0.08809	0.11833	0.02055	0.01449	0.01884	0.01141	0.00880	0.04354	0.00243	0.00808	0.02302	0.00380	0.00815
30	0.00779	0.00630	0.00676	0.00666	0.00848	0.00545	0.00490	0.00953	0.01452	0.01815	0.19877	0.05575	0.54529	0.07316	0.00921	0.00237	0.00333	0.01245	0.00585	0.00527
31	0.00889	0.00639	0.00874	0.00881	0.00949	0.00704	0.00627	0.01028	0.00977	0.01369	0.01859	0.06686	0.01933	0.30505	0.46370	0.00824	0.01229	0.00806	0.00361	0.00491
32	0.01670	0.01597	0.02344	0.04811	0.57203	0.06771	0.01743	0.08743	0.05072	0.02199	0.01253	0.01549	0.01022	0.00595	0.00615	0.00185	0.00752	0.00552	0.00355	0.00969
33	0.01501	0.01140	0.01759	0.01678	0.12755	0.01099	0.11463	0.07260	0.01622	0.12209	0.16506	0.06547	0.05999	0.00926	0.00731	0.00196	0.03844	0.03672	0.00517	0.08577
34	0.01540	0.06009	0.21371	0.05305	0.03850	0.15559	0.06065	0.01969	0.04053	0.08039	0.08681	0.07473	0.05759	0.00837	0.00629	0.00193	0.00764	0.00696	0.00417	0.00791
35	0.01448	0.07790	0.24579	0.01781	0.14762	0.03519	0.01500	0.04160	0.10849	0.05656	0.05400	0.05766	0.04972	0.00774	0.00608	0.00189	0.00683	0.00646	0.00415	0.04504

[dist]
# distance from previous block
# <min> <max>
1	3

[block]
# block no. 3 follows, 36 sequences, length 30
# corresponding to MSA columns:
# 169-185,198-210
name=unknown_D
#
# <colnr> <probs for GDERKNQSTAVLIFYWHMCP>
#	G	D	E	R	K	N	Q	S	T	A	V	L	I	F	Y	W	H	M	C	P
0	0.01442	0.11948	0.31186	0.01798	0.11300	0.06607	0.05324	0.06117	0.01488	0.02037	0.06884	0.05121	0.01409	0.00705	0.00593	0.00184	0.00775	0.00586	0.02041	0.02454
1	0.01485	0.08476	0.06282	0.03295	0.13491	0.06254	0.08344	0.09157	0.01501	0.02024	0.03229	0.02121	0.01365	0.11141	0.00938	0.00228	0.00709	0.04117	0.00380	0.15464
2	0.01269	0.01152	0.05082	0.01531	0.13112	0.01089	0.04857	0.08073	0.06596	0.03382	0.10182	0.03107	0.12995	0.14860	0.05133	0.00314	0.03713	0.00816	0.00463	0.02272
3	0.01557	0.04208	0.38380	0.01632	0.05490	0.01360	0.04858	0.07103	0.04307	0.10368	0.01353	0.01474	0.00975	0.00606	0.00582	0.00178	0.00761	0.00495	0.00382	0.13931
4	0.01161	0.00581	0.00581	0.00581	0.00726	0.00581	0.00436	0.01452	0.01307	0.02323	0.02033	0.02323	0.01597	0.00726	0.00436	0.00145	0.00290	0.00581	0.81562	0.00581
5	0.01536	0.01341	0.01507	0.04106	0.07021	0.01539	0.01080	0.03148	0.65323	0.02529	0.02386	0.02244	0.01797	0.00816	0.00632	0.00209	0.00523	0.00688	0.00598	0.00976
6	0.00785	0.00556	0.00716	0.00826	0.00882	0.00514	0.00556	0.00868	0.01187	0.01554	0.03604	0.60137	0.13334	0.03882	0.00976	0.06620	0.00376	0.01591	0.00549	0.00487
7	0.01469	0.10047	0.27013	0.01549	0.01989	0.01718	0.01584	0.07420	0.01303	0.04222	0.01071	0.01415	0.00890	0.02864	0.01208	0.00227	0.30486	0.00503	0.00318	0.02704
8	0.01285	0.09633	0.68775	0.01715	0.02603	0.01534	0.02197	0.01964	0.01311	0.01930	0.01097	0.01289	0.00790	0.00587	0.00576	0.00192	0.00899	0.00450	0.00263	0.00910
9	0.01281	0.08974	0.69403	0.01722	0.02613	0.01525	0.02208	0.01965	0.01312	0.01934	0.01099	0.01291	0.00790	0.00587	0.00577	0.00192	0.00901	0.00451	0.00263	0.00912
10	0.01009	0.00748	0.00965	0.01055	0.01196	0.00759	0.00845	0.03383	0.08559	0.01923	0.05308	0.29206	0.05209	0.01664	0.00803	0.00261	0.00486	0.35428	0.00586	0.00606
11	0.01124	0.01017	0.01736	0.02123	0.26632	0.00984	0.10387	0.01378	0.01308	0.01798	0.02365	0.41337	0.02618	0.01281	0.00726	0.00224	0.00583	0.01214	0.00450	0.00717
12	0.01251	0.01073	0.01244	0.00902	0.01430	0.00808	0.00719	0.01520	0.01301	0.02005	0.01488	0.01636	0.06262	0.00543	0.00482	0.00101	0.00451	0.00438	0.00384	0.75962
13	0.01586	0.01098	0.01322	0.00959	0.01499	0.00847	0.00773	0.01856	0.01388	0.16249	0.01372	0.01454	0.01044	0.00522	0.00494	0.00112	0.00475	0.00420	0.00448	0.66081
14	0.02017	0.01103	0.01373	0.01054	0.01537	0.00949	0.00856	0.05794	0.05315	0.35036	0.01936	0.04097	0.01422	0.00711	0.00573	0.00158	0.00505	0.02331	0.00589	0.32644
15	0.00930	0.04519	0.01090	0.00981	0.01105	0.00850	0.00764	0.01135	0.01007	0.01430	0.01651	0.02495	0.01572	0.09836	0.66608	0.00929	0.01541	0.00668	0.00334	0.00555
16	0.01177	0.01107	0.01869	0.76606	0.04291	0.01384	0.01730	0.01592	0.01246	0.01592	0.01107	0.01661	0.00831	0.00623	0.00623	0.00208	0.00831	0.00554	0.00277	0.00692
17	0.01453	0.01384	0.07760	0.02285	0.32704	0.01147	0.03164	0.01790	0.01379	0.07486	0.01509	0.10231	0.01354	0.00708	0.00596	0.00169	0.00626	0.00646	0.00388	0.23221
18	0.01628	0.34258	0.30340	0.01439	0.02116	0.01961	0.03219	0.14471	0.01587	0.02112	0.01084	0.01225	0.00846	0.00594	0.00521	0.00169	0.00776	0.00432	0.00330	0.00893
19	0.00874	0.00637	0.00823	0.00776	0.00926	0.00585	0.00582	0.01161	0.01746	0.02457	0.70434	0.04723	0.09359	0.01289	0.00735	0.00197	0.00295	0.01136	0.00680	0.00585
20	0.01332	0.01462	0.03066	0.02249	0.02779	0.01366	0.57094	0.01785	0.01449	0.01935	0.02010	0.06341	0.08950	0.00771	0.00745	0.00216	0.00913	0.04391	0.00370	0.00776
21	0.01509	0.12659	0.18968	0.02823	0.40388	0.03631	0.07455	0.01942	0.01388	0.01925	0.01119	0.01415	0.00908	0.00560	0.00589	0.00182	0.00806	0.00513	0.00293	0.00927
22	0.00905	0.00650	0.00887	0.01016	0.01125	0.00632	0.00819	0.01126	0.01367	0.01797	0.07093	0.31329	0.06022	0.01774	0.00828	0.00268	0.00478	0.40754	0.00581	0.00550
23	0.00812	0.00626	0.00754	0.00825	0.00968	0.00568	0.00631	0.00994	0.01378	0.01743	0.08494	0.26298	0.34407	0.01699	0.00781	0.00239	0.00387	0.17277	0.00583	0.00535
24	0.01515	0.06386	0.43716	0.05725	0.13698	0.01442	0.05467	0.02072	0.01391	0.10911	0.01285	0.01469	0.00923	0.00604	0.00599	0.00193	0.00833	0.00507	0.00336	0.00927
25	0.01161	0.01382	0.13314	0.06984	0.06084	0.01095	0.12660	0.01586	0.04651	0.04113	0.09743	0.03330	0.25339	0.01010	0.00757	0.00208	0.04523	0.00880	0.00451	0.00729
26	0.21066	0.01204	0.01414	0.01231	0.05247	0.01211	0.00951	0.11372	0.05422	0.39029	0.01935	0.01938	0.01342	0.00750	0.00578	0.00196	0.00549	0.02994	0.00625	0.00946
27	0.01676	0.01567	0.07358	0.07387	0.50069	0.03296	0.03882	0.02095	0.03453	0.11132	0.01361	0.01621	0.01053	0.00598	0.00619	0.00189	0.00744	0.00563	0.00371	0.00963
28	0.01601	0.01477	0.02205	0.16902	0.45110	0.05153	0.01694	0.06401	0.07285	0.04173	0.01317	0.01620	0.01043	0.00614	0.00617	0.00191	0.00747	0.00562	0.00362	0.00925
29	0.10182	0.01447	0.02184	0.08017	0.20925	0.06442	0.17382	0.05313	0.01470	0.07376	0.01558	0.08325	0.02919	0.00749	0.00676	0.00201	0.02921	0.00692	0.00395	0.00827

[dist]
# distance from previous block
# <min> <max>
0	7

[block]
# block no. 4 follows, 36 sequences, length 15
# corresponding to MSA columns:
# 218-232
name=unknown_E
#
# <colnr> <probs for GDERKNQSTAVLIFYWHMCP>
#	G	D	E	R	K	N	Q	S	T	A	V	L	I	F	Y	W	H	M	C	P
0	0.01453	0.01422	0.04284	0.14001	0.48991	0.01440	0.01718	0.02027	0.11520	0.02033	0.01435	0.04388	0.01200	0.00657	0.00626	0.00195	0.00710	0.00617	0.00358	0.00924
1	0.10014	0.01410	0.07802	0.06660	0.20488	0.02579	0.01287	0.05139	0.01352	0.02089	0.02668	0.01556	0.01066	0.01031	0.08643	0.00256	0.03990	0.00498	0.00351	0.21120
2	0.06149	0.01421	0.03651	0.08354	0.49365	0.01409	0.05110	0.04906	0.01475	0.05190	0.03057	0.01798	0.04082	0.00636	0.00618	0.00190	0.00712	0.00597	0.00363	0.00918
3	0.00908	0.00614	0.00747	0.00742	0.00774	0.00625	0.00464	0.00960	0.01007	0.01374	0.09542	0.03816	0.02500	0.56300	0.13252	0.03952	0.00721	0.00880	0.00400	0.00421
4	0.01687	0.05942	0.03974	0.02779	0.39749	0.16156	0.08614	0.03502	0.01504	0.01939	0.01123	0.01417	0.00928	0.00565	0.00593	0.00172	0.00822	0.00513	0.00320	0.07698
5	0.01031	0.00841	0.01199	0.01058	0.01285	0.00866	0.03393	0.01264	0.01082	0.01600	0.01491	0.02159	0.01377	0.06450	0.48219	0.00702	0.04861	0.00602	0.00341	0.20177
6	0.02266	0.02869	0.01771	0.05634	0.02053	0.71616	0.01232	0.02440	0.01738	0.01528	0.00971	0.01152	0.00804	0.00641	0.00565	0.00163	0.01108	0.00409	0.00319	0.00721
7	0.01860	0.01505	0.01648	0.01374	0.01748	0.01742	0.01106	0.30868	0.37124	0.03021	0.01934	0.01888	0.01447	0.00832	0.00780	0.00208	0.08711	0.00630	0.00591	0.00983
8	0.75139	0.01274	0.00978	0.00867	0.01255	0.04572	0.00709	0.01919	0.01126	0.06265	0.00950	0.01071	0.00723	0.00591	0.00405	0.00191	0.00512	0.00354	0.00402	0.00696
9	0.00767	0.00549	0.00739	0.00875	0.00916	0.00522	0.00590	0.00881	0.01182	0.01582	0.03334	0.73420	0.03975	0.02107	0.05049	0.00296	0.00436	0.01709	0.00564	0.00509
10	0.10353	0.48153	0.02587	0.01245	0.05029	0.12028	0.01064	0.04441	0.01380	0.01771	0.00934	0.01082	0.00814	0.00556	0.00443	0.00145	0.00698	0.00364	0.00309	0.06606
11	0.00891	0.00659	0.00955	0.00951	0.01053	0.00747	0.00722	0.01095	0.01046	0.01496	0.06875	0.02779	0.01943	0.12247	0.62553	0.00901	0.01457	0.00726	0.00364	0.00540
12	0.01028	0.08997	0.01259	0.01015	0.01190	0.01008	0.00814	0.01360	0.06204	0.01557	0.01656	0.02281	0.01503	0.03845	0.60101	0.00828	0.01439	0.00632	0.02670	0.00614
13	0.01292	0.01107	0.01292	0.00923	0.01477	0.00831	0.00738	0.01569	0.01292	0.02030	0.01107	0.01292	0.00923	0.00461	0.00461	0.00092	0.00461	0.00369	0.00369	0.81912
14	0.00906	0.00604	0.00680	0.00680	0.00680	0.00604	0.00378	0.00906	0.00906	0.01208	0.01963	0.04077	0.02265	0.78103	0.03171	0.00604	0.00604	0.00906	0.00378	0.00378

[dist]
# distance from previous block
# <min> <max>
0	2

# created by:
# /home/cegg/simao/soft/augustus-3.2.1/scripts/msa2prfl.pl ./align_prep/EOG090W0IMT.fa
