[name]
unknown

[dist]
# distance from previous block
# <min> <max>
0	28

[block]
# block no. 0 follows, 31 sequences, length 13
# corresponding to MSA columns:
# 29-41
name=unknown_A
#
# <colnr> <probs for GDERKNQSTAVLIFYWHMCP>
#	G	D	E	R	K	N	Q	S	T	A	V	L	I	F	Y	W	H	M	C	P
0	0.32039	0.13786	0.04475	0.01274	0.01725	0.13046	0.04103	0.06680	0.04302	0.02535	0.01322	0.01662	0.01097	0.00728	0.00538	0.00198	0.00727	0.03526	0.05416	0.00820
1	0.00996	0.00728	0.00964	0.07120	0.01251	0.00783	0.00692	0.01124	0.01104	0.01492	0.02300	0.08282	0.05420	0.40135	0.23992	0.00714	0.01006	0.00964	0.00415	0.00520
2	0.01731	0.01656	0.05520	0.04892	0.42977	0.04205	0.04787	0.06359	0.04281	0.05537	0.04164	0.02154	0.04068	0.03739	0.00803	0.00226	0.00789	0.00687	0.00424	0.01001
3	0.01576	0.00999	0.01252	0.01147	0.04139	0.00949	0.00843	0.04257	0.10183	0.16164	0.31642	0.03787	0.08316	0.04492	0.00858	0.00228	0.00465	0.00966	0.00695	0.07042
4	0.00887	0.00660	0.00811	0.00845	0.00971	0.00600	0.00597	0.01084	0.01573	0.02101	0.28729	0.29323	0.20696	0.06711	0.01009	0.00270	0.00376	0.01510	0.00663	0.00584
5	0.03103	0.06064	0.03526	0.03685	0.08171	0.01156	0.04340	0.01826	0.05911	0.06356	0.01399	0.01760	0.01161	0.01084	0.01142	0.21458	0.00637	0.00542	0.00401	0.26276
6	0.00882	0.00646	0.00791	0.00872	0.00981	0.00591	0.00615	0.01052	0.01450	0.01921	0.12566	0.40954	0.20583	0.05183	0.00953	0.00273	0.00396	0.04822	0.03896	0.00573
7	0.01479	0.01413	0.02401	0.29056	0.36877	0.01543	0.04578	0.01886	0.01452	0.01995	0.01448	0.01933	0.03197	0.00894	0.03989	0.00258	0.03705	0.00648	0.00335	0.00911
8	0.01020	0.00723	0.00941	0.00943	0.01040	0.00767	0.00677	0.01258	0.03694	0.01782	0.11543	0.07516	0.02853	0.26345	0.28431	0.00689	0.01013	0.03848	0.04346	0.00570
9	0.02018	0.18215	0.07377	0.05376	0.14902	0.08190	0.01500	0.18914	0.10352	0.04513	0.01495	0.01622	0.01157	0.00716	0.00623	0.00195	0.00796	0.00558	0.00467	0.01015
10	0.01825	0.10608	0.20322	0.01485	0.03900	0.01523	0.01440	0.10438	0.04609	0.13570	0.07773	0.02107	0.03923	0.00810	0.00701	0.00197	0.03519	0.00632	0.00510	0.10108
11	0.01786	0.26545	0.24183	0.01870	0.08215	0.04728	0.06460	0.11088	0.04925	0.02291	0.01275	0.01451	0.00997	0.00658	0.00600	0.00191	0.00866	0.00515	0.00372	0.00983
12	0.04858	0.07426	0.01883	0.03252	0.01927	0.10174	0.01155	0.32383	0.05913	0.12921	0.01832	0.05192	0.01405	0.00850	0.00646	0.00201	0.00726	0.00650	0.05597	0.01009

[dist]
# distance from previous block
# <min> <max>
0	2

[block]
# block no. 1 follows, 31 sequences, length 36
# corresponding to MSA columns:
# 44-79
name=unknown_B
#
# <colnr> <probs for GDERKNQSTAVLIFYWHMCP>
#	G	D	E	R	K	N	Q	S	T	A	V	L	I	F	Y	W	H	M	C	P
0	0.01621	0.01675	0.11113	0.01835	0.12596	0.01485	0.02975	0.12394	0.21980	0.02755	0.11187	0.05416	0.03907	0.00926	0.00702	0.00214	0.00650	0.00795	0.00565	0.05210
1	0.02036	0.19216	0.02170	0.01378	0.01784	0.03721	0.01166	0.15554	0.13286	0.12768	0.05478	0.04017	0.01659	0.00908	0.00870	0.00212	0.11598	0.00657	0.00554	0.00967
2	0.01539	0.01372	0.05605	0.08852	0.09903	0.01299	0.09939	0.11206	0.01730	0.02534	0.04997	0.02303	0.05031	0.00797	0.00691	0.00196	0.03030	0.00692	0.21229	0.07056
3	0.01497	0.01497	0.02095	0.01796	0.01796	0.02095	0.01497	0.01646	0.01048	0.01646	0.00898	0.01497	0.00898	0.01197	0.02245	0.00299	0.74704	0.00599	0.00299	0.00748
4	0.01663	0.07888	0.02471	0.01795	0.02199	0.03432	0.22374	0.14293	0.01721	0.02300	0.03576	0.02247	0.01446	0.01472	0.08636	0.10460	0.06379	0.04411	0.00425	0.00811
5	0.00853	0.00649	0.00786	0.00848	0.00976	0.00582	0.00599	0.01033	0.01522	0.01987	0.18849	0.38271	0.26863	0.01854	0.00838	0.00249	0.00365	0.01633	0.00660	0.00582
6	0.00969	0.00682	0.00888	0.00907	0.00958	0.00725	0.00610	0.01077	0.01072	0.01477	0.02220	0.12090	0.02426	0.40006	0.30090	0.00787	0.01083	0.01005	0.00422	0.00507
7	0.01050	0.00731	0.00904	0.00919	0.01092	0.00687	0.00714	0.01278	0.01551	0.04981	0.17474	0.07905	0.23910	0.09590	0.06207	0.00352	0.00555	0.16336	0.03152	0.00614
8	0.01654	0.01586	0.02706	0.11014	0.65179	0.01615	0.02080	0.02065	0.01539	0.02188	0.01280	0.01706	0.01067	0.00617	0.00678	0.00206	0.00822	0.00609	0.00335	0.01052
9	0.01462	0.03205	0.60450	0.02212	0.10589	0.01582	0.04683	0.02192	0.01477	0.04072	0.01279	0.01510	0.00919	0.00648	0.00659	0.00216	0.00982	0.00532	0.00311	0.01020
10	0.01536	0.01571	0.02004	0.01738	0.01775	0.07446	0.01432	0.01696	0.01120	0.01644	0.00985	0.01572	0.00962	0.01474	0.07798	0.00354	0.63247	0.00597	0.00309	0.00741
11	0.02157	0.01506	0.01775	0.07319	0.05369	0.01631	0.01187	0.38512	0.04445	0.10226	0.04188	0.02269	0.01581	0.10947	0.01126	0.02763	0.00713	0.00698	0.00608	0.00980
12	0.01338	0.00967	0.01107	0.00977	0.01250	0.00945	0.00758	0.15564	0.02066	0.05447	0.31752	0.07543	0.24835	0.01387	0.00780	0.00220	0.00433	0.01177	0.00702	0.00750
13	0.01379	0.01484	0.07823	0.54510	0.17961	0.01547	0.01990	0.01852	0.01412	0.01879	0.01231	0.01767	0.00943	0.00666	0.00680	0.00222	0.00900	0.00600	0.00310	0.00845
14	0.01659	0.02289	0.27439	0.05119	0.18097	0.08418	0.01832	0.03902	0.04175	0.07506	0.01747	0.11539	0.01526	0.00878	0.00690	0.00218	0.00844	0.00747	0.00422	0.00954
15	0.01464	0.01557	0.07080	0.02576	0.25234	0.01455	0.14918	0.01997	0.07507	0.02146	0.02299	0.03018	0.09270	0.02903	0.00935	0.00246	0.06282	0.07781	0.00431	0.00901
16	0.01674	0.18478	0.15972	0.01392	0.01887	0.06737	0.04027	0.07490	0.06712	0.02294	0.01538	0.01746	0.01215	0.00744	0.00676	0.00190	0.05636	0.00550	0.20174	0.00870
17	0.01690	0.07115	0.04384	0.01404	0.07060	0.01315	0.01076	0.10732	0.07231	0.07263	0.04036	0.06597	0.03390	0.00789	0.00611	0.00167	0.00589	0.00650	0.00509	0.33390
18	0.08010	0.06814	0.28277	0.07702	0.07510	0.09284	0.04663	0.10758	0.01695	0.02374	0.01360	0.01592	0.02628	0.00718	0.00699	0.00211	0.03845	0.00549	0.00373	0.00939
19	0.01576	0.01490	0.02480	0.03536	0.55108	0.01566	0.01869	0.01934	0.01444	0.02088	0.01323	0.01810	0.01151	0.01287	0.10778	0.00336	0.08272	0.00625	0.00339	0.00986
20	0.01419	0.01216	0.01419	0.01013	0.01621	0.00912	0.00811	0.01723	0.01419	0.02229	0.01216	0.01419	0.01013	0.00507	0.00507	0.00101	0.00507	0.00405	0.00405	0.80139
21	0.01779	0.01390	0.03643	0.10722	0.17679	0.01311	0.01342	0.10520	0.03871	0.12108	0.02093	0.04916	0.06920	0.00814	0.00661	0.00192	0.00663	0.00696	0.00507	0.18172
22	0.55855	0.16637	0.01671	0.01162	0.04622	0.06750	0.00929	0.02073	0.01281	0.02640	0.00975	0.01143	0.00794	0.00629	0.00451	0.00196	0.00632	0.00385	0.00388	0.00788
23	0.01441	0.01379	0.02373	0.47790	0.27442	0.01564	0.04496	0.01884	0.01442	0.01930	0.01246	0.01780	0.00975	0.00655	0.00686	0.00220	0.00887	0.00616	0.00317	0.00876
24	0.01702	0.01470	0.01547	0.01392	0.01779	0.01702	0.01083	0.03635	0.70453	0.02862	0.02785	0.02553	0.02088	0.00928	0.00696	0.00232	0.00541	0.00773	0.00696	0.01083
25	0.00838	0.00608	0.00792	0.00927	0.00988	0.00562	0.00626	0.00972	0.01362	0.01805	0.07448	0.66430	0.09971	0.02073	0.00865	0.00271	0.00389	0.01869	0.00641	0.00562
26	0.00992	0.00669	0.00775	0.00770	0.00788	0.00670	0.00452	0.01028	0.01075	0.01451	0.07673	0.04452	0.02772	0.67008	0.06210	0.00646	0.00685	0.01003	0.00440	0.00441
27	0.01056	0.00722	0.00867	0.00847	0.01049	0.00639	0.00637	0.01284	0.01684	0.07764	0.27662	0.15423	0.32405	0.01612	0.00812	0.00234	0.00374	0.03594	0.00692	0.00646
28	0.00845	0.00642	0.00819	0.03731	0.01120	0.00598	0.00657	0.00990	0.01371	0.01770	0.04417	0.56406	0.20156	0.01990	0.00851	0.00265	0.00405	0.01775	0.00622	0.00569
29	0.16131	0.02924	0.01777	0.01613	0.01978	0.60773	0.01221	0.02607	0.01804	0.01916	0.01039	0.01213	0.00857	0.00693	0.00583	0.00182	0.01112	0.00428	0.00365	0.00784
30	0.00991	0.00771	0.00909	0.00861	0.01065	0.00726	0.00650	0.01422	0.08371	0.02487	0.45502	0.05307	0.25482	0.01454	0.00797	0.00222	0.00351	0.01255	0.00712	0.00667
31	0.01423	0.01231	0.01455	0.01055	0.01631	0.00975	0.00847	0.01719	0.01399	0.02198	0.01199	0.01423	0.01007	0.00544	0.00599	0.00112	0.04466	0.00416	0.00400	0.75902
32	0.01466	0.01244	0.01444	0.01036	0.01641	0.00960	0.00830	0.04414	0.01490	0.02312	0.01233	0.01428	0.01019	0.00519	0.00514	0.00105	0.00516	0.00414	0.00416	0.76999
33	0.00980	0.00723	0.01047	0.01047	0.01151	0.00827	0.00790	0.01188	0.01084	0.01549	0.01881	0.02954	0.01826	0.15678	0.62856	0.01035	0.01658	0.00772	0.00374	0.00582
34	0.01911	0.04722	0.01278	0.00987	0.01329	0.00899	0.00795	0.02187	0.01789	0.31466	0.21564	0.03489	0.09967	0.01203	0.03011	0.00233	0.00502	0.00892	0.10914	0.00865
35	0.01781	0.11496	0.01836	0.01376	0.01782	0.07623	0.01102	0.04902	0.51323	0.02631	0.05118	0.02333	0.01982	0.00881	0.00660	0.00215	0.00619	0.00707	0.00617	0.01017

[dist]
# distance from previous block
# <min> <max>
0	3

[block]
# block no. 2 follows, 31 sequences, length 6
# corresponding to MSA columns:
# 83-88
name=unknown_C
#
# <colnr> <probs for GDERKNQSTAVLIFYWHMCP>
#	G	D	E	R	K	N	Q	S	T	A	V	L	I	F	Y	W	H	M	C	P
0	0.00886	0.00632	0.00842	0.00964	0.01021	0.00611	0.00668	0.01029	0.01316	0.01768	0.06781	0.54828	0.04172	0.09048	0.06722	0.00376	0.00546	0.06635	0.00600	0.00557
1	0.04621	0.01794	0.05207	0.07249	0.31205	0.07015	0.11937	0.09694	0.04084	0.05858	0.01604	0.01869	0.03331	0.00700	0.00689	0.00210	0.00858	0.00651	0.00425	0.01000
2	0.01633	0.05808	0.04572	0.13360	0.17482	0.12604	0.05022	0.02181	0.10143	0.02061	0.06335	0.02035	0.01553	0.01165	0.07288	0.00292	0.04531	0.00652	0.00406	0.00877
3	0.01936	0.00937	0.01195	0.01024	0.01333	0.00851	0.00783	0.04942	0.01738	0.33080	0.11981	0.12756	0.10541	0.12338	0.01155	0.00290	0.00518	0.01045	0.00713	0.00843
4	0.01001	0.00652	0.00763	0.00774	0.00777	0.00649	0.00447	0.00982	0.01008	0.01345	0.02186	0.09432	0.02519	0.63953	0.03219	0.07792	0.00638	0.01028	0.00420	0.00414
5	0.06262	0.02065	0.08911	0.12520	0.06197	0.12846	0.06366	0.24147	0.04975	0.06933	0.01485	0.01654	0.01088	0.00734	0.00666	0.00209	0.00877	0.00588	0.00493	0.00985

[dist]
# distance from previous block
# <min> <max>
1	2

[block]
# block no. 3 follows, 31 sequences, length 11
# corresponding to MSA columns:
# 91-93,96-103
name=unknown_D
#
# <colnr> <probs for GDERKNQSTAVLIFYWHMCP>
#	G	D	E	R	K	N	Q	S	T	A	V	L	I	F	Y	W	H	M	C	P
0	0.01524	0.00838	0.00995	0.00881	0.01139	0.00787	0.00669	0.01852	0.04611	0.15594	0.11540	0.03281	0.07515	0.09715	0.05195	0.00293	0.00523	0.00819	0.25716	0.06511
1	0.74651	0.07157	0.01206	0.00921	0.01357	0.01626	0.00774	0.02014	0.01182	0.02956	0.00952	0.01110	0.00752	0.00631	0.00425	0.00207	0.00545	0.00370	0.00413	0.00752
2	0.04467	0.03441	0.08790	0.04394	0.22067	0.03401	0.03155	0.09775	0.08424	0.04141	0.08517	0.02201	0.04180	0.00784	0.00664	0.00199	0.00707	0.00673	0.00479	0.09542
3	0.00928	0.00698	0.00859	0.00818	0.00997	0.00628	0.00614	0.01213	0.01841	0.02517	0.55072	0.05482	0.22853	0.01483	0.00807	0.00219	0.00329	0.01289	0.00723	0.00628
4	0.01784	0.05431	0.14846	0.04254	0.08706	0.09769	0.13584	0.07300	0.13511	0.04764	0.05050	0.01929	0.01458	0.00763	0.00751	0.00215	0.03809	0.00658	0.00452	0.00964
5	0.02125	0.01802	0.04119	0.12131	0.12097	0.07123	0.03543	0.30061	0.04591	0.07463	0.01560	0.01801	0.01178	0.03072	0.00837	0.00227	0.04111	0.00624	0.00522	0.01013
6	0.00968	0.00699	0.00914	0.00861	0.01022	0.00646	0.00646	0.01291	0.01937	0.02743	0.71328	0.05110	0.06455	0.01399	0.00807	0.00215	0.00323	0.01237	0.00753	0.00646
7	0.01380	0.01246	0.03977	0.01230	0.01523	0.03725	0.04684	0.12274	0.07931	0.02302	0.07054	0.07327	0.18431	0.09146	0.11365	0.00395	0.03727	0.00983	0.00543	0.00757
8	0.00942	0.00649	0.00754	0.00792	0.00819	0.00631	0.00476	0.00984	0.01112	0.01466	0.02895	0.21872	0.07996	0.52640	0.02654	0.00538	0.00576	0.01258	0.00484	0.00461
9	0.02015	0.01544	0.07193	0.01655	0.02103	0.03774	0.14401	0.02477	0.06538	0.25422	0.04131	0.02293	0.04279	0.01030	0.03416	0.00258	0.12091	0.00727	0.03707	0.00946
10	0.01770	0.07570	0.22301	0.01859	0.08329	0.01604	0.07694	0.09860	0.11065	0.08734	0.01731	0.04396	0.01337	0.00757	0.00659	0.00205	0.00783	0.00645	0.02501	0.06201

[dist]
# distance from previous block
# <min> <max>
0	23

[block]
# block no. 4 follows, 31 sequences, length 25
# corresponding to MSA columns:
# 127-151
name=unknown_E
#
# <colnr> <probs for GDERKNQSTAVLIFYWHMCP>
#	G	D	E	R	K	N	Q	S	T	A	V	L	I	F	Y	W	H	M	C	P
0	0.01379	0.03321	0.07975	0.04187	0.05671	0.04093	0.02757	0.06246	0.01664	0.02296	0.12254	0.07064	0.12458	0.00971	0.00668	0.00183	0.00598	0.00821	0.00497	0.24896
1	0.05093	0.06612	0.03947	0.04203	0.20728	0.13655	0.01246	0.01813	0.01423	0.01861	0.03176	0.04527	0.01614	0.20354	0.03348	0.00338	0.00828	0.00699	0.00381	0.04153
2	0.47221	0.01351	0.01438	0.08482	0.12266	0.01519	0.01088	0.06785	0.03196	0.02845	0.02846	0.01614	0.02779	0.00706	0.00532	0.00211	0.00609	0.00512	0.03177	0.00823
3	0.00994	0.00667	0.00766	0.00766	0.00773	0.00674	0.00440	0.01008	0.01001	0.01342	0.02137	0.04374	0.02443	0.71896	0.07482	0.00688	0.00730	0.00980	0.00412	0.00426
4	0.01609	0.01528	0.02591	0.06938	0.63319	0.01538	0.01977	0.01995	0.01530	0.02176	0.01478	0.07454	0.01345	0.00732	0.00693	0.00210	0.00785	0.00714	0.00360	0.01029
5	0.01143	0.00916	0.01139	0.04145	0.04081	0.00931	0.00830	0.01790	0.16038	0.02599	0.43708	0.04488	0.12946	0.01281	0.00774	0.00221	0.00415	0.01115	0.00692	0.00750
6	0.13696	0.01179	0.01457	0.01146	0.01634	0.01099	0.00943	0.05780	0.01862	0.54676	0.02379	0.02147	0.01544	0.00813	0.00636	0.00208	0.00563	0.00637	0.06535	0.01067
7	0.01000	0.00750	0.01075	0.01064	0.01160	0.00869	0.00802	0.01198	0.01079	0.01544	0.01854	0.02957	0.01816	0.17448	0.58257	0.00992	0.04407	0.00774	0.00372	0.00582
8	0.00903	0.00692	0.00827	0.00803	0.00984	0.00616	0.00598	0.01161	0.01769	0.02367	0.44459	0.08789	0.30440	0.01556	0.00810	0.00224	0.00335	0.01345	0.00704	0.00616
9	0.00956	0.00699	0.00897	0.00848	0.01014	0.00640	0.00636	0.01267	0.01907	0.02674	0.66307	0.05225	0.11520	0.01425	0.00807	0.00216	0.00325	0.01253	0.00744	0.00640
10	0.00994	0.00667	0.00765	0.00765	0.00771	0.00673	0.00438	0.01007	0.01000	0.01340	0.02138	0.04382	0.02446	0.72186	0.07196	0.00686	0.00726	0.00981	0.00412	0.00425
11	0.01832	0.08204	0.24209	0.02453	0.20324	0.08215	0.09077	0.05328	0.03704	0.08137	0.01412	0.01621	0.01062	0.00664	0.00660	0.00205	0.00912	0.00576	0.00391	0.01012
12	0.01851	0.09892	0.04514	0.03154	0.41798	0.09327	0.07311	0.07186	0.04332	0.02281	0.01317	0.01616	0.01075	0.00643	0.00657	0.00198	0.00866	0.00586	0.00374	0.01022
13	0.03596	0.03838	0.16721	0.09455	0.02269	0.07760	0.01408	0.12676	0.04996	0.02496	0.09256	0.02082	0.03370	0.00833	0.00704	0.02534	0.00748	0.00624	0.00461	0.14173
14	0.05013	0.01832	0.09020	0.03056	0.05904	0.03501	0.01351	0.33766	0.05527	0.15118	0.01934	0.03882	0.02953	0.00837	0.00674	0.00208	0.00725	0.00660	0.00618	0.03422
15	0.20145	0.08330	0.01779	0.01285	0.01755	0.01798	0.01078	0.35309	0.02272	0.07319	0.01604	0.01856	0.01240	0.00972	0.03438	0.00239	0.00706	0.03383	0.04521	0.00971
16	0.00867	0.00635	0.00814	0.00896	0.00992	0.00582	0.00624	0.01047	0.01509	0.02026	0.22287	0.48148	0.13263	0.01893	0.00847	0.00255	0.00371	0.01693	0.00667	0.00582
17	0.08944	0.19887	0.09026	0.04306	0.09565	0.04576	0.07449	0.09093	0.03621	0.02261	0.01500	0.09635	0.01372	0.00848	0.00716	0.00209	0.05012	0.00682	0.00408	0.00890
18	0.01691	0.01627	0.05922	0.17341	0.38645	0.05586	0.01821	0.02131	0.03100	0.07307	0.06854	0.02012	0.01512	0.00718	0.00685	0.00209	0.00806	0.00652	0.00408	0.00971
19	0.02402	0.01006	0.01353	0.01116	0.01517	0.00878	0.00888	0.02643	0.01829	0.50901	0.09108	0.14913	0.06052	0.01154	0.00735	0.00224	0.00517	0.00982	0.00793	0.00989
20	0.00912	0.00682	0.00982	0.01063	0.01144	0.00646	0.04078	0.01064	0.01327	0.01766	0.03511	0.59589	0.04134	0.07796	0.01080	0.00309	0.00478	0.08266	0.00603	0.00570
21	0.03778	0.01906	0.08233	0.08069	0.26396	0.11252	0.03487	0.12984	0.01843	0.05597	0.01543	0.05982	0.01283	0.00773	0.00670	0.00207	0.00833	0.00661	0.03533	0.00969
22	0.01052	0.00794	0.01138	0.01135	0.01280	0.00762	0.06035	0.03279	0.03805	0.03440	0.03558	0.51620	0.08207	0.04119	0.00969	0.01948	0.00497	0.05126	0.00607	0.00630
23	0.05355	0.15409	0.07964	0.04232	0.18080	0.08673	0.06834	0.09458	0.07709	0.02359	0.01354	0.01562	0.01078	0.00661	0.00616	0.00190	0.00819	0.00546	0.00404	0.06698
24	0.01887	0.03822	0.11313	0.04044	0.10581	0.03765	0.06505	0.17786	0.12576	0.07097	0.01715	0.01979	0.01332	0.05135	0.00936	0.04212	0.00778	0.00646	0.00502	0.03387

[dist]
# distance from previous block
# <min> <max>
7	13

[block]
# block no. 5 follows, 31 sequences, length 14
# corresponding to MSA columns:
# 166-179
name=unknown_F
#
# <colnr> <probs for GDERKNQSTAVLIFYWHMCP>
#	G	D	E	R	K	N	Q	S	T	A	V	L	I	F	Y	W	H	M	C	P
0	0.01322	0.00992	0.01099	0.01001	0.01257	0.05715	0.03373	0.04049	0.01674	0.09169	0.12134	0.13659	0.29557	0.01551	0.03376	0.00254	0.00533	0.01189	0.07398	0.00698
1	0.01311	0.01509	0.13752	0.01817	0.16004	0.01119	0.01319	0.03665	0.04103	0.02199	0.08956	0.19136	0.02475	0.04824	0.00842	0.00230	0.00629	0.00952	0.00479	0.14678
2	0.01568	0.01238	0.01303	0.01182	0.01484	0.03952	0.00904	0.10333	0.28557	0.05365	0.09793	0.13510	0.09673	0.03285	0.00806	0.00239	0.00525	0.01019	0.04386	0.00876
3	0.72958	0.01307	0.01064	0.00932	0.01366	0.01481	0.00768	0.02144	0.01244	0.10032	0.01129	0.01234	0.00837	0.00656	0.00450	0.00212	0.00535	0.00402	0.00466	0.00784
4	0.00933	0.00697	0.00874	0.00950	0.01094	0.00648	0.00735	0.01152	0.01544	0.02005	0.15246	0.23144	0.22774	0.04507	0.00960	0.00280	0.00449	0.20771	0.00644	0.00593
5	0.01750	0.16433	0.18307	0.06137	0.04156	0.04524	0.12315	0.08089	0.03277	0.07310	0.03338	0.04949	0.01386	0.00769	0.00658	0.00204	0.00847	0.01987	0.00425	0.03140
6	0.01513	0.01382	0.02260	0.10477	0.47259	0.01413	0.01741	0.04696	0.01558	0.02173	0.01812	0.17067	0.01786	0.00945	0.00719	0.00221	0.00734	0.00888	0.00412	0.00945
7	0.01164	0.00594	0.00885	0.00895	0.00898	0.00592	0.00597	0.00895	0.00920	0.01226	0.01363	0.07055	0.01414	0.02361	0.02552	0.74687	0.00581	0.00686	0.00320	0.00315
8	0.01358	0.01039	0.01296	0.01353	0.08304	0.01172	0.00945	0.03830	0.07704	0.02282	0.02664	0.04917	0.12412	0.01058	0.00955	0.00215	0.15890	0.00801	0.31056	0.00751
9	0.01859	0.05982	0.11266	0.08016	0.16155	0.04393	0.10531	0.06918	0.07894	0.12055	0.01731	0.05498	0.01367	0.00785	0.00724	0.00216	0.02460	0.00695	0.00469	0.00987
10	0.01620	0.08393	0.48976	0.01967	0.02834	0.05237	0.11919	0.02273	0.01526	0.07057	0.01326	0.01529	0.00952	0.00651	0.00659	0.00211	0.00992	0.00549	0.00340	0.00989
11	0.01004	0.00773	0.01151	0.01136	0.01252	0.00920	0.00889	0.01244	0.01097	0.01591	0.01784	0.02626	0.01668	0.04926	0.69545	0.01058	0.05630	0.00726	0.00363	0.00618
12	0.02214	0.12799	0.10943	0.01778	0.02249	0.47822	0.05673	0.02495	0.01750	0.01757	0.01078	0.01290	0.00889	0.00694	0.00674	0.00186	0.04068	0.00468	0.00334	0.00837
13	0.02163	0.09749	0.11596	0.05562	0.11736	0.10869	0.03400	0.18724	0.02025	0.12893	0.01539	0.01659	0.01128	0.00720	0.00642	0.00198	0.00835	0.00568	0.02981	0.01012

[dist]
# distance from previous block
# <min> <max>
3	4

[block]
# block no. 6 follows, 31 sequences, length 24
# corresponding to MSA columns:
# 185-208
name=unknown_G
#
# <colnr> <probs for GDERKNQSTAVLIFYWHMCP>
#	G	D	E	R	K	N	Q	S	T	A	V	L	I	F	Y	W	H	M	C	P
0	0.02052	0.38889	0.02787	0.01467	0.01931	0.25763	0.03679	0.06312	0.01674	0.01824	0.01164	0.04442	0.01061	0.00730	0.00614	0.00174	0.03735	0.00499	0.00353	0.00850
1	0.01342	0.01718	0.19767	0.07063	0.02076	0.01201	0.01367	0.01823	0.04080	0.04585	0.14057	0.02600	0.07635	0.00903	0.00806	0.00198	0.07367	0.00718	0.00463	0.20230
2	0.04059	0.11260	0.18364	0.02360	0.22026	0.04027	0.05963	0.10024	0.01759	0.07537	0.05119	0.01766	0.01332	0.00702	0.00649	0.00202	0.00824	0.00596	0.00425	0.01005
3	0.01660	0.06164	0.22271	0.02188	0.19406	0.04514	0.03545	0.02151	0.03792	0.10636	0.05111	0.11940	0.01831	0.00909	0.00692	0.00216	0.00776	0.00791	0.00456	0.00951
4	0.01003	0.00771	0.00941	0.01031	0.01166	0.00769	0.00756	0.01438	0.12090	0.01975	0.04005	0.45654	0.12701	0.01866	0.00848	0.00270	0.00446	0.10975	0.00644	0.00651
5	0.01658	0.01953	0.08745	0.03131	0.26844	0.06198	0.34299	0.02153	0.01593	0.02157	0.01394	0.04076	0.01142	0.00652	0.00740	0.00218	0.01006	0.00728	0.00349	0.00965
6	0.01798	0.02074	0.19270	0.02642	0.28383	0.05471	0.05719	0.04843	0.03177	0.10336	0.01624	0.04380	0.01308	0.00750	0.00686	0.00211	0.00840	0.02513	0.00428	0.03548
7	0.01472	0.07743	0.39939	0.09539	0.12454	0.05184	0.04387	0.02058	0.01475	0.02042	0.01476	0.01754	0.03988	0.00813	0.02640	0.00234	0.00964	0.00575	0.00320	0.00943
8	0.00866	0.00690	0.00718	0.00711	0.00927	0.00591	0.00533	0.01071	0.01599	0.02021	0.15017	0.06073	0.57401	0.01615	0.00782	0.00223	0.00341	0.01353	0.06876	0.00591
9	0.01860	0.30851	0.17419	0.01746	0.09029	0.11544	0.01554	0.06433	0.03781	0.04284	0.01256	0.01443	0.01018	0.00866	0.04000	0.00224	0.00908	0.00486	0.00363	0.00936
10	0.01750	0.08608	0.16512	0.01794	0.09828	0.08098	0.03253	0.10810	0.06945	0.06473	0.02276	0.05676	0.07975	0.00958	0.00693	0.00217	0.00777	0.05938	0.00490	0.00930
11	0.00968	0.00713	0.00982	0.00982	0.01083	0.00787	0.00722	0.01148	0.01110	0.01545	0.02312	0.03428	0.07383	0.22047	0.50620	0.00925	0.01432	0.00852	0.00399	0.00561
12	0.01041	0.00766	0.01016	0.01134	0.01306	0.00741	0.00971	0.01329	0.01589	0.02043	0.07443	0.07381	0.16771	0.01837	0.00913	0.00294	0.00562	0.51606	0.00637	0.00621
13	0.02015	0.01916	0.15691	0.02176	0.15740	0.03286	0.08881	0.11264	0.03734	0.18241	0.03971	0.04663	0.01499	0.00805	0.00744	0.00217	0.02905	0.00699	0.00523	0.01031
14	0.06323	0.04695	0.05758	0.02366	0.22195	0.11237	0.07946	0.08593	0.01766	0.10618	0.03220	0.04565	0.01419	0.00802	0.00735	0.00212	0.03582	0.02545	0.00462	0.00961
15	0.01025	0.00799	0.01171	0.01144	0.01249	0.00957	0.00890	0.01248	0.01089	0.01580	0.01765	0.02674	0.01678	0.08523	0.63115	0.01004	0.08378	0.00735	0.00363	0.00613
16	0.01800	0.71729	0.07969	0.01220	0.01833	0.02636	0.01257	0.02056	0.01394	0.01645	0.00969	0.01120	0.00877	0.00589	0.00452	0.00151	0.00749	0.00375	0.00292	0.00886
17	0.01729	0.05756	0.10000	0.07419	0.41327	0.01646	0.12692	0.02186	0.01564	0.07108	0.01374	0.01713	0.01077	0.00628	0.00684	0.00208	0.00872	0.00623	0.00366	0.01027
18	0.03708	0.04057	0.22532	0.22892	0.22599	0.01579	0.05964	0.01980	0.01459	0.02068	0.01447	0.01817	0.03576	0.00682	0.00670	0.00215	0.00890	0.00608	0.00327	0.00928
19	0.01259	0.01758	0.23986	0.01503	0.04521	0.01082	0.06720	0.01716	0.01622	0.05902	0.16428	0.03975	0.19036	0.01157	0.00758	0.00228	0.00670	0.06344	0.00525	0.00810
20	0.01745	0.01677	0.15251	0.13478	0.05656	0.03280	0.01487	0.05470	0.05310	0.16752	0.02321	0.09916	0.05853	0.01019	0.00798	0.00232	0.04646	0.03676	0.00524	0.00908
21	0.01967	0.10296	0.19070	0.05927	0.13803	0.05008	0.07258	0.07837	0.01733	0.16050	0.01605	0.03715	0.01208	0.00728	0.00661	0.00206	0.00842	0.00619	0.00458	0.01008
22	0.01850	0.01906	0.15694	0.15919	0.17903	0.01577	0.12039	0.09656	0.01752	0.12740	0.01526	0.01783	0.01103	0.00685	0.00695	0.00216	0.00879	0.00632	0.00437	0.01006
23	0.07834	0.01399	0.10344	0.04344	0.11774	0.01123	0.05975	0.01950	0.01536	0.16275	0.02799	0.18831	0.10655	0.01147	0.00725	0.00230	0.00645	0.01009	0.00544	0.00860

[dist]
# distance from previous block
# <min> <max>
3	9

[block]
# block no. 7 follows, 31 sequences, length 16
# corresponding to MSA columns:
# 218-233
name=unknown_H
#
# <colnr> <probs for GDERKNQSTAVLIFYWHMCP>
#	G	D	E	R	K	N	Q	S	T	A	V	L	I	F	Y	W	H	M	C	P
0	0.04355	0.07600	0.35635	0.01890	0.05041	0.01512	0.12709	0.02162	0.01542	0.09757	0.05960	0.05712	0.01535	0.00779	0.00680	0.00216	0.00868	0.00685	0.00413	0.00950
1	0.04751	0.04778	0.17190	0.01383	0.04184	0.04881	0.01282	0.02191	0.01676	0.18375	0.15984	0.02370	0.02239	0.00822	0.00647	0.00189	0.00655	0.00670	0.00544	0.15188
2	0.01813	0.63790	0.11745	0.01295	0.01919	0.06288	0.01341	0.02099	0.01426	0.01680	0.00990	0.01146	0.00877	0.00599	0.00474	0.00156	0.00792	0.00387	0.00295	0.00889
3	0.06075	0.38278	0.14939	0.01351	0.01972	0.08799	0.01361	0.02322	0.01530	0.12879	0.01294	0.01377	0.01002	0.00649	0.00533	0.00173	0.00786	0.00450	0.00395	0.03836
4	0.01621	0.43258	0.34876	0.01525	0.02304	0.02199	0.01788	0.02102	0.01415	0.01863	0.01077	0.01255	0.00873	0.00615	0.00535	0.00178	0.00859	0.00429	0.00291	0.00938
5	0.80789	0.01323	0.01006	0.00900	0.01323	0.01535	0.00741	0.02011	0.01164	0.03070	0.00953	0.01111	0.00741	0.00635	0.00423	0.00212	0.00529	0.00370	0.00423	0.00741
6	0.01188	0.00594	0.00891	0.00891	0.00891	0.00594	0.00594	0.00891	0.00891	0.01188	0.01188	0.02080	0.01188	0.02377	0.02674	0.80095	0.00594	0.00594	0.00297	0.00297
7	0.01076	0.00854	0.00985	0.00925	0.01150	0.00842	0.00702	0.01687	0.15759	0.02535	0.40654	0.04974	0.22461	0.01390	0.00785	0.00223	0.00373	0.01197	0.00711	0.00717
8	0.01597	0.01371	0.01542	0.01510	0.06485	0.01547	0.01091	0.03198	0.56026	0.02802	0.12369	0.02855	0.02636	0.00973	0.00710	0.00228	0.00529	0.00828	0.00680	0.01021
9	0.00968	0.00699	0.00914	0.00861	0.01022	0.00646	0.00646	0.01291	0.01937	0.02743	0.71328	0.05110	0.06455	0.01399	0.00807	0.00215	0.00323	0.01237	0.00753	0.00646
10	0.17568	0.01499	0.01505	0.01318	0.01733	0.01723	0.01043	0.11875	0.47902	0.03092	0.02271	0.02147	0.01700	0.00856	0.00640	0.00225	0.00567	0.00673	0.00640	0.01025
11	0.18904	0.01574	0.02288	0.06093	0.46404	0.01654	0.01713	0.09118	0.01639	0.02613	0.01249	0.01567	0.01011	0.00640	0.00623	0.00206	0.00749	0.00558	0.00392	0.01004
12	0.07049	0.04340	0.05914	0.23652	0.26931	0.01636	0.10691	0.04855	0.01557	0.05037	0.01313	0.01701	0.01015	0.00648	0.00670	0.00214	0.00862	0.00608	0.00366	0.00941
13	0.48756	0.01480	0.01641	0.01936	0.21837	0.01629	0.01200	0.09862	0.01517	0.02972	0.01130	0.01342	0.00889	0.00649	0.00527	0.00208	0.00637	0.00468	0.00429	0.00889
14	0.01672	0.01550	0.02305	0.33391	0.29917	0.06361	0.01858	0.05130	0.01576	0.04974	0.01302	0.01735	0.01019	0.00689	0.00737	0.00216	0.03684	0.00601	0.00360	0.00922
15	0.01808	0.01905	0.02055	0.23219	0.17078	0.22284	0.01590	0.07104	0.01710	0.02039	0.03307	0.01892	0.03679	0.00931	0.03494	0.00242	0.03821	0.00612	0.00380	0.00851

[dist]
# distance from previous block
# <min> <max>
2	5

[block]
# block no. 8 follows, 31 sequences, length 14
# corresponding to MSA columns:
# 239-252
name=unknown_I
#
# <colnr> <probs for GDERKNQSTAVLIFYWHMCP>
#	G	D	E	R	K	N	Q	S	T	A	V	L	I	F	Y	W	H	M	C	P
0	0.02203	0.01783	0.15206	0.01655	0.07920	0.01412	0.01413	0.14696	0.09568	0.26926	0.05567	0.02313	0.04481	0.00856	0.00691	0.00214	0.00688	0.00700	0.00639	0.01071
1	0.01401	0.01430	0.02725	0.50079	0.04326	0.01591	0.24734	0.01898	0.01452	0.01898	0.01273	0.01831	0.00955	0.00648	0.00726	0.00229	0.00994	0.00676	0.00318	0.00815
2	0.01859	0.01721	0.02396	0.03175	0.45146	0.05557	0.01754	0.11187	0.15348	0.02598	0.01615	0.01831	0.01281	0.00705	0.00679	0.00208	0.00774	0.00634	0.00455	0.01078
3	0.01479	0.06722	0.62934	0.01926	0.02881	0.01622	0.05531	0.02213	0.01472	0.05191	0.01286	0.01486	0.00911	0.00652	0.00649	0.00214	0.00986	0.00521	0.00316	0.01007
4	0.09521	0.01894	0.01955	0.01702	0.07311	0.07913	0.01287	0.45948	0.06357	0.06984	0.01616	0.01646	0.01171	0.00786	0.00656	0.00205	0.00758	0.00591	0.00615	0.01084
5	0.04363	0.01114	0.01216	0.01081	0.01363	0.04135	0.00837	0.07667	0.15469	0.07238	0.39733	0.03882	0.06772	0.01177	0.00745	0.00216	0.00466	0.01001	0.00709	0.00815
6	0.01203	0.01601	0.15310	0.01364	0.03776	0.07040	0.05740	0.01559	0.01616	0.02090	0.16648	0.06707	0.27439	0.01254	0.00811	0.00224	0.03300	0.01056	0.00525	0.00738
7	0.17543	0.04352	0.02067	0.02027	0.13685	0.32317	0.04816	0.08866	0.01786	0.02319	0.01141	0.01363	0.00924	0.00694	0.00657	0.00197	0.03485	0.00494	0.00392	0.00875
8	0.01536	0.01465	0.02493	0.31636	0.45479	0.01584	0.02022	0.01962	0.01484	0.02044	0.01259	0.01744	0.01016	0.00639	0.00680	0.00213	0.00852	0.00609	0.00325	0.00957
9	0.00847	0.00653	0.00774	0.00831	0.00970	0.00580	0.00590	0.01023	0.01520	0.01961	0.16802	0.35201	0.32100	0.01847	0.00835	0.00248	0.00364	0.01618	0.00656	0.00580
10	0.01408	0.02003	0.25907	0.14258	0.06986	0.01374	0.09534	0.04359	0.01569	0.04326	0.04010	0.06097	0.04815	0.00955	0.00738	0.00235	0.00849	0.09283	0.00421	0.00873
11	0.08370	0.05652	0.20637	0.03673	0.10369	0.03385	0.11609	0.07258	0.04865	0.13253	0.03390	0.01790	0.01261	0.00708	0.00662	0.00212	0.00835	0.00613	0.00462	0.00995
12	0.01726	0.01719	0.02844	0.03977	0.62778	0.04929	0.07688	0.02136	0.01580	0.02206	0.01284	0.01685	0.01071	0.00611	0.00685	0.00204	0.00861	0.00618	0.00340	0.01057
13	0.03509	0.04682	0.33205	0.01485	0.02057	0.03051	0.04305	0.01699	0.01464	0.02052	0.05576	0.18966	0.09989	0.01186	0.00729	0.00233	0.00741	0.03815	0.00448	0.00807

[dist]
# distance from previous block
# <min> <max>
3	16

[block]
# block no. 9 follows, 31 sequences, length 29
# corresponding to MSA columns:
# 269-297
name=unknown_J
#
# <colnr> <probs for GDERKNQSTAVLIFYWHMCP>
#	G	D	E	R	K	N	Q	S	T	A	V	L	I	F	Y	W	H	M	C	P
0	0.07307	0.02517	0.33767	0.04084	0.10032	0.01638	0.26520	0.02148	0.01495	0.02239	0.01270	0.01599	0.00943	0.00619	0.00694	0.00220	0.01005	0.00618	0.00325	0.00961
1	0.01069	0.00660	0.00883	0.00973	0.01071	0.00608	0.00673	0.01217	0.01421	0.08918	0.08610	0.62978	0.04381	0.01958	0.00850	0.00267	0.00410	0.01766	0.00665	0.00624
2	0.01423	0.01273	0.03213	0.04140	0.29530	0.01250	0.02837	0.08477	0.04085	0.02261	0.02482	0.28743	0.04904	0.01242	0.00757	0.00234	0.00643	0.01134	0.00503	0.00869
3	0.10357	0.08367	0.01970	0.01633	0.02000	0.58734	0.01257	0.02577	0.01794	0.01809	0.01034	0.01219	0.00867	0.00704	0.00632	0.00181	0.03283	0.00433	0.00354	0.00793
4	0.00976	0.00666	0.00741	0.00741	0.00764	0.00655	0.00425	0.00994	0.01052	0.01379	0.02637	0.04689	0.09435	0.68475	0.03213	0.00620	0.00631	0.01040	0.00437	0.00431
5	0.00977	0.00733	0.01100	0.01100	0.01222	0.00855	0.00855	0.01222	0.01100	0.01588	0.01833	0.02688	0.01710	0.05131	0.73245	0.01100	0.01833	0.00733	0.00367	0.00611
6	0.01772	0.01505	0.01826	0.18220	0.02566	0.01739	0.03200	0.15402	0.40160	0.02857	0.02173	0.02196	0.01617	0.00842	0.00694	0.00226	0.00683	0.00707	0.00594	0.01019
7	0.00995	0.00663	0.00746	0.00746	0.00746	0.00663	0.00415	0.00995	0.00995	0.01327	0.02156	0.04477	0.02487	0.75957	0.03482	0.00663	0.00663	0.00995	0.00415	0.00415
8	0.01615	0.01845	0.04037	0.02884	0.03576	0.01730	0.69204	0.02191	0.01615	0.02191	0.01384	0.01845	0.01038	0.00577	0.00807	0.00231	0.01153	0.00807	0.00346	0.00923
9	0.00834	0.00685	0.00711	0.00717	0.00913	0.00588	0.00519	0.00993	0.01504	0.01823	0.08611	0.09773	0.58771	0.09223	0.01081	0.00276	0.00380	0.01416	0.00617	0.00562
10	0.01393	0.01319	0.02234	0.56722	0.21516	0.01546	0.01950	0.01836	0.01416	0.01870	0.01234	0.01791	0.00955	0.00665	0.00682	0.00222	0.00887	0.00608	0.00313	0.00841
11	0.01398	0.06238	0.67319	0.01954	0.02938	0.01636	0.04899	0.02163	0.01449	0.02146	0.01223	0.01446	0.00873	0.00645	0.00648	0.00215	0.01006	0.00511	0.00291	0.01003
12	0.10412	0.01759	0.02055	0.01729	0.07172	0.01898	0.04677	0.47920	0.02686	0.10496	0.01636	0.01669	0.01160	0.00777	0.00664	0.00208	0.00738	0.00607	0.00632	0.01103
13	0.01693	0.01626	0.02777	0.04199	0.71689	0.01626	0.02100	0.02100	0.01558	0.02235	0.01287	0.01693	0.01084	0.00610	0.00677	0.00203	0.00813	0.00610	0.00339	0.01084
14	0.01322	0.01103	0.01735	0.04293	0.26991	0.01111	0.01486	0.01674	0.01563	0.02107	0.02711	0.05374	0.02821	0.01393	0.00841	0.00272	0.00704	0.41187	0.00516	0.00798
15	0.01860	0.05051	0.10726	0.02637	0.16805	0.20334	0.25534	0.02359	0.04200	0.02067	0.01298	0.01610	0.01020	0.00638	0.00696	0.00206	0.01052	0.00621	0.00351	0.00936
16	0.01898	0.07714	0.09247	0.01902	0.07171	0.31079	0.04885	0.02166	0.01569	0.01788	0.01333	0.08597	0.01261	0.00914	0.00966	0.00217	0.15467	0.00650	0.00358	0.00817
17	0.00991	0.00897	0.00862	0.00921	0.01073	0.07643	0.00653	0.01138	0.01477	0.01783	0.04853	0.38894	0.32681	0.01828	0.00821	0.00248	0.00457	0.01585	0.00608	0.00588
18	0.01632	0.00925	0.01171	0.01044	0.01324	0.00870	0.00817	0.08375	0.01922	0.20117	0.27886	0.14436	0.09805	0.01369	0.00783	0.00230	0.00462	0.05290	0.00735	0.00807
19	0.01784	0.03968	0.29656	0.01928	0.06683	0.03283	0.10125	0.08423	0.07707	0.09856	0.01569	0.01702	0.01137	0.00685	0.00663	0.00204	0.00857	0.00587	0.00442	0.08741
20	0.00848	0.00606	0.00810	0.00969	0.01015	0.00568	0.00660	0.00977	0.01324	0.01762	0.03763	0.71922	0.04494	0.02130	0.00877	0.00280	0.00409	0.05392	0.00635	0.00560
21	0.01465	0.01211	0.02007	0.67191	0.04423	0.01470	0.01813	0.01903	0.01425	0.08608	0.01360	0.01873	0.00988	0.00700	0.00684	0.00226	0.00880	0.00616	0.00357	0.00799
22	0.01627	0.01833	0.10222	0.03538	0.49347	0.01690	0.08254	0.02059	0.01487	0.02150	0.01241	0.01656	0.01033	0.00684	0.00883	0.00219	0.10112	0.00615	0.00329	0.01019
23	0.01780	0.01687	0.02622	0.03662	0.56694	0.03837	0.01947	0.07999	0.01665	0.02344	0.01274	0.01656	0.01067	0.00688	0.00829	0.00212	0.08019	0.00604	0.00366	0.01049
24	0.00985	0.00672	0.00809	0.00836	0.00863	0.00679	0.00526	0.01042	0.01078	0.01444	0.02391	0.11472	0.02721	0.56908	0.09379	0.00640	0.00741	0.05903	0.00447	0.00462
25	0.01486	0.15580	0.50471	0.01959	0.02850	0.01799	0.12362	0.02150	0.01461	0.02076	0.01205	0.01446	0.00894	0.00628	0.00638	0.00207	0.00985	0.00528	0.00298	0.00975
26	0.01337	0.10001	0.40844	0.13974	0.02867	0.01544	0.03969	0.01913	0.01417	0.01984	0.01581	0.11051	0.01416	0.00865	0.00674	0.00222	0.00884	0.02224	0.00345	0.00886
27	0.02066	0.52782	0.05153	0.01300	0.01871	0.07635	0.01230	0.12127	0.01740	0.06795	0.01187	0.01281	0.00975	0.00648	0.00511	0.00164	0.00770	0.00434	0.00392	0.00937
28	0.01546	0.01461	0.02432	0.03626	0.59745	0.01447	0.01841	0.01909	0.01540	0.02162	0.02014	0.07442	0.08181	0.00829	0.00704	0.00211	0.00738	0.00786	0.00389	0.00997

[dist]
# distance from previous block
# <min> <max>
0	31

[block]
# block no. 10 follows, 31 sequences, length 15
# corresponding to MSA columns:
# 329-343
name=unknown_K
#
# <colnr> <probs for GDERKNQSTAVLIFYWHMCP>
#	G	D	E	R	K	N	Q	S	T	A	V	L	I	F	Y	W	H	M	C	P
0	0.01649	0.03764	0.06665	0.20207	0.32087	0.04202	0.10942	0.05540	0.04227	0.02202	0.01337	0.01728	0.01054	0.00651	0.00687	0.00212	0.00893	0.00624	0.00359	0.00969
1	0.01846	0.01491	0.02481	0.14467	0.50564	0.01513	0.01899	0.02238	0.01591	0.13032	0.01496	0.01812	0.01152	0.00658	0.00680	0.00208	0.00792	0.00622	0.00412	0.01047
2	0.00864	0.00658	0.00800	0.00882	0.01011	0.00594	0.00639	0.01042	0.01487	0.01917	0.12148	0.38090	0.27621	0.01899	0.00850	0.00258	0.00393	0.07621	0.00647	0.00580
3	0.03635	0.13783	0.19108	0.01873	0.02525	0.08305	0.20934	0.03810	0.01640	0.09326	0.03831	0.01949	0.04775	0.00726	0.00672	0.00206	0.00912	0.00653	0.00414	0.00925
4	0.01522	0.05289	0.05835	0.01862	0.02318	0.01275	0.29955	0.01898	0.01553	0.10605	0.04870	0.25200	0.02403	0.01138	0.00787	0.00238	0.00785	0.01130	0.00508	0.00828
5	0.00875	0.00648	0.00826	0.00952	0.01051	0.00600	0.00691	0.01038	0.01407	0.01819	0.04398	0.49652	0.18233	0.02015	0.00872	0.00275	0.00426	0.13015	0.00634	0.00573
6	0.01600	0.01879	0.13524	0.11432	0.53761	0.01608	0.02145	0.02072	0.01520	0.02172	0.01270	0.01669	0.01031	0.00624	0.00674	0.00208	0.00854	0.00593	0.00327	0.01037
7	0.14155	0.01802	0.02607	0.02517	0.19870	0.07578	0.21525	0.10992	0.07675	0.02628	0.01419	0.01677	0.01097	0.00666	0.00674	0.00213	0.00873	0.00632	0.00431	0.00969
8	0.01975	0.01433	0.01877	0.01943	0.14798	0.03431	0.03960	0.16332	0.10750	0.14073	0.04881	0.03296	0.02126	0.01036	0.00748	0.00233	0.00696	0.14808	0.00617	0.00986
9	0.01328	0.01253	0.02118	0.67936	0.10803	0.01530	0.01918	0.01780	0.01385	0.01792	0.01222	0.01812	0.00928	0.00677	0.00683	0.00226	0.00903	0.00608	0.00307	0.00789
10	0.01613	0.01534	0.02096	0.26216	0.23231	0.05711	0.01663	0.02513	0.23642	0.02244	0.01731	0.01986	0.01338	0.00742	0.00682	0.00219	0.00782	0.00652	0.00443	0.00960
11	0.01038	0.00659	0.00729	0.00729	0.00754	0.00659	0.00424	0.01088	0.01063	0.01517	0.02167	0.04178	0.02373	0.64272	0.03015	0.00585	0.00610	0.00939	0.12749	0.00449
12	0.01599	0.01509	0.02473	0.12704	0.52198	0.01501	0.01874	0.01996	0.01512	0.02172	0.01267	0.01667	0.01051	0.00603	0.00652	0.00191	0.00778	0.00578	0.00345	0.13332
13	0.01419	0.01216	0.01419	0.01013	0.01621	0.00912	0.00811	0.01723	0.01419	0.02229	0.01216	0.01419	0.01013	0.00507	0.00507	0.00101	0.00507	0.00405	0.00405	0.80139
14	0.00962	0.00685	0.00825	0.00825	0.00891	0.00697	0.00539	0.01049	0.01108	0.01472	0.02818	0.04364	0.13011	0.46969	0.20253	0.00704	0.00902	0.01000	0.00437	0.00488

[dist]
# distance from previous block
# <min> <max>
0	151

# created by:
# /home/cegg/simao/soft/augustus-3.2.1/scripts/msa2prfl.pl ./align_prep/EOG090W09XP.fa
