[name]
unknown

[dist]
# distance from previous block
# <min> <max>
0	38

[block]
# block no. 0 follows, 34 sequences, length 14
# corresponding to MSA columns:
# 38-51
name=unknown_A
#
# <colnr> <probs for GDERKNQSTAVLIFYWHMCP>
#	G	D	E	R	K	N	Q	S	T	A	V	L	I	F	Y	W	H	M	C	P
0	0.01387	0.16143	0.57841	0.01829	0.06414	0.01686	0.02143	0.02023	0.01361	0.01958	0.01117	0.01320	0.00831	0.00601	0.00581	0.00192	0.00899	0.00460	0.00276	0.00937
1	0.01819	0.01598	0.02394	0.02301	0.18709	0.03392	0.17862	0.13657	0.19130	0.07135	0.01707	0.01847	0.01285	0.00711	0.00725	0.00208	0.03385	0.00660	0.00487	0.00987
2	0.00802	0.00603	0.00717	0.00795	0.00890	0.00546	0.00540	0.00923	0.01297	0.01663	0.06537	0.43198	0.26306	0.10759	0.01094	0.00289	0.00387	0.01557	0.00579	0.00518
3	0.01615	0.01580	0.02560	0.07134	0.67252	0.04491	0.01945	0.01992	0.01478	0.02069	0.01204	0.01587	0.01008	0.00583	0.00638	0.00192	0.00788	0.00569	0.00319	0.00998
4	0.01783	0.09103	0.04575	0.01467	0.01890	0.11422	0.07910	0.13585	0.23650	0.04633	0.02092	0.07552	0.03782	0.00889	0.00653	0.00204	0.00710	0.02675	0.00525	0.00902
5	0.00940	0.00626	0.00705	0.00705	0.00705	0.00626	0.00392	0.00940	0.00940	0.01253	0.02036	0.04228	0.02349	0.77292	0.03289	0.00626	0.00626	0.00940	0.00392	0.00392
6	0.00815	0.00580	0.00736	0.00849	0.00889	0.00545	0.00554	0.00909	0.01194	0.01579	0.03439	0.58983	0.07803	0.16385	0.01292	0.00329	0.00420	0.01639	0.00560	0.00501
7	0.03924	0.01136	0.03027	0.01169	0.03093	0.01148	0.00912	0.08494	0.24609	0.07871	0.11481	0.09973	0.13933	0.01171	0.00705	0.00220	0.00489	0.05184	0.00630	0.00828
8	0.01469	0.13783	0.51891	0.01661	0.02472	0.01699	0.01993	0.07051	0.08080	0.02175	0.01287	0.01428	0.00948	0.00641	0.00591	0.00196	0.00858	0.00489	0.00336	0.00953
9	0.00936	0.00642	0.00783	0.00783	0.00810	0.00669	0.00489	0.00990	0.00963	0.01311	0.01964	0.03831	0.02177	0.60273	0.20072	0.00723	0.00886	0.00882	0.00381	0.00435
10	0.01396	0.00811	0.00980	0.00908	0.01122	0.00833	0.00720	0.05432	0.04399	0.10770	0.11137	0.03158	0.03890	0.01500	0.10472	0.00304	0.02388	0.06897	0.32182	0.00703
11	0.01734	0.04627	0.08222	0.05357	0.23239	0.01442	0.05882	0.09373	0.09704	0.11962	0.07026	0.02183	0.04820	0.00766	0.00655	0.00200	0.00687	0.00677	0.00491	0.00953
12	0.01225	0.01392	0.12743	0.01425	0.01823	0.01107	0.12176	0.03405	0.11940	0.02135	0.04698	0.07931	0.12530	0.01175	0.00739	0.00233	0.00646	0.17128	0.04791	0.00759
13	0.05710	0.64556	0.06169	0.01171	0.01715	0.08422	0.01152	0.01991	0.01347	0.01616	0.00918	0.01062	0.00823	0.00567	0.00436	0.00146	0.00732	0.00357	0.00287	0.00822

[dist]
# distance from previous block
# <min> <max>
2	3

[block]
# block no. 1 follows, 34 sequences, length 87
# corresponding to MSA columns:
# 55-141
name=unknown_B
#
# <colnr> <probs for GDERKNQSTAVLIFYWHMCP>
#	G	D	E	R	K	N	Q	S	T	A	V	L	I	F	Y	W	H	M	C	P
0	0.69133	0.01280	0.01203	0.01098	0.04547	0.01429	0.04456	0.01941	0.01169	0.04949	0.00993	0.01154	0.00764	0.00598	0.00440	0.00197	0.00543	0.00392	0.00404	0.03309
1	0.04933	0.11327	0.04257	0.04801	0.29544	0.14243	0.07877	0.02169	0.07095	0.01977	0.01224	0.01499	0.01006	0.00642	0.00681	0.00191	0.04754	0.00537	0.00343	0.00898
2	0.01600	0.01515	0.02466	0.03608	0.63586	0.01545	0.01853	0.02179	0.11018	0.02191	0.01407	0.01709	0.01152	0.00616	0.00642	0.00196	0.00733	0.00597	0.00365	0.01023
3	0.01367	0.05709	0.05993	0.01203	0.01473	0.08938	0.04564	0.03378	0.04251	0.03975	0.09489	0.04756	0.13445	0.08046	0.03016	0.00267	0.10868	0.00812	0.07755	0.00694
4	0.00929	0.00627	0.00731	0.00740	0.00750	0.00633	0.00433	0.00952	0.00964	0.01294	0.02104	0.08399	0.02411	0.67700	0.08218	0.00634	0.00690	0.00975	0.00401	0.00413
5	0.01410	0.01298	0.02151	0.05210	0.52849	0.01294	0.01627	0.01770	0.01541	0.02195	0.17633	0.04378	0.02264	0.00787	0.00673	0.00197	0.00654	0.00745	0.00416	0.00907
6	0.00923	0.00692	0.01038	0.01038	0.01154	0.00808	0.00808	0.01154	0.01038	0.01500	0.01731	0.02538	0.01615	0.04846	0.74732	0.01038	0.01731	0.00692	0.00346	0.00577
7	0.07149	0.01162	0.01594	0.16970	0.06007	0.01195	0.01164	0.07864	0.01717	0.35258	0.06997	0.02115	0.01620	0.00787	0.00679	0.00204	0.02909	0.00639	0.03043	0.00928
8	0.01784	0.05351	0.14227	0.11082	0.02714	0.13977	0.18165	0.12133	0.05917	0.04311	0.01331	0.01567	0.00998	0.00666	0.00690	0.00201	0.03030	0.00579	0.00390	0.00887
9	0.01503	0.01694	0.03651	0.02634	0.03249	0.01608	0.66189	0.02026	0.01509	0.02050	0.01378	0.01954	0.01086	0.00610	0.00806	0.00223	0.03170	0.03469	0.00336	0.00856
10	0.00813	0.00581	0.00779	0.00929	0.00978	0.00547	0.00644	0.00944	0.01262	0.01678	0.03547	0.69848	0.04217	0.02000	0.00832	0.00266	0.00397	0.08607	0.00599	0.00532
11	0.01504	0.01260	0.01390	0.01292	0.03719	0.01410	0.00971	0.06993	0.50482	0.02720	0.15990	0.02897	0.04617	0.00967	0.00679	0.00214	0.00487	0.00817	0.00655	0.00936
12	0.01767	0.01871	0.02406	0.07091	0.53356	0.18368	0.01804	0.02103	0.01545	0.01966	0.01162	0.01506	0.00971	0.00600	0.00627	0.00187	0.00864	0.00539	0.00321	0.00945
13	0.00795	0.00609	0.00729	0.00797	0.00917	0.00543	0.00560	0.00950	0.01400	0.01805	0.13457	0.41328	0.30207	0.01790	0.00794	0.00238	0.00348	0.01575	0.00614	0.00543
14	0.02899	0.01100	0.01499	0.01150	0.01649	0.00950	0.00950	0.03149	0.01849	0.73709	0.02549	0.02199	0.01599	0.00800	0.00650	0.00200	0.00550	0.00650	0.00800	0.01100
15	0.01462	0.01504	0.02107	0.01770	0.01831	0.04865	0.06492	0.01634	0.01062	0.01594	0.00888	0.01428	0.00857	0.01069	0.01960	0.00273	0.67620	0.00574	0.00288	0.00721
16	0.01220	0.01148	0.01938	0.75739	0.04450	0.01436	0.01794	0.01651	0.01292	0.01651	0.01148	0.01723	0.00861	0.00646	0.00646	0.00215	0.00861	0.00574	0.00287	0.00718
17	0.01322	0.07915	0.69604	0.01796	0.02727	0.01566	0.02308	0.02039	0.01361	0.02014	0.01143	0.01344	0.00819	0.00610	0.00602	0.00201	0.00939	0.00469	0.00273	0.00947
18	0.01496	0.01696	0.03691	0.02651	0.03280	0.01590	0.68117	0.02023	0.01514	0.02053	0.01397	0.04732	0.01111	0.00604	0.00765	0.00220	0.01061	0.00805	0.00338	0.00858
19	0.00948	0.00726	0.00876	0.00827	0.01012	0.00689	0.00624	0.01364	0.08228	0.02430	0.52977	0.04886	0.19293	0.01344	0.00753	0.00208	0.00328	0.01168	0.00684	0.00635
20	0.04602	0.03510	0.03401	0.01265	0.01704	0.04917	0.03672	0.09681	0.07636	0.38820	0.02329	0.10306	0.01791	0.00927	0.00661	0.00207	0.00610	0.02328	0.00664	0.00969
21	0.00847	0.00612	0.00765	0.00863	0.00933	0.00577	0.00599	0.00968	0.01243	0.01620	0.03662	0.43119	0.13644	0.17116	0.01322	0.00334	0.00447	0.10261	0.00557	0.00510
22	0.01272	0.01362	0.10496	0.01194	0.01535	0.03256	0.01045	0.02194	0.29192	0.02207	0.08730	0.05141	0.09915	0.01694	0.13449	0.00357	0.00751	0.02519	0.02885	0.00805
23	0.00800	0.00656	0.00705	0.00693	0.00895	0.00561	0.00520	0.00998	0.01559	0.01950	0.22596	0.05882	0.56822	0.01560	0.00763	0.00215	0.00322	0.01316	0.00627	0.00561
24	0.01565	0.44137	0.33162	0.01433	0.02149	0.04167	0.01651	0.02000	0.01349	0.01744	0.01012	0.01179	0.00825	0.00582	0.00504	0.00167	0.00816	0.00403	0.00277	0.00880
25	0.00787	0.00562	0.00750	0.00900	0.00937	0.00525	0.00600	0.00900	0.01237	0.01649	0.03561	0.76871	0.04274	0.02024	0.00825	0.00262	0.00375	0.01837	0.00600	0.00525
26	0.01727	0.77681	0.03386	0.01106	0.01658	0.02557	0.01106	0.01935	0.01313	0.01520	0.00898	0.01036	0.00829	0.00553	0.00415	0.00138	0.00691	0.00345	0.00276	0.00829
27	0.01698	0.70563	0.03255	0.01161	0.01662	0.02503	0.01134	0.01899	0.01283	0.01523	0.00894	0.01072	0.00831	0.00607	0.00574	0.00152	0.07730	0.00366	0.00277	0.00818
28	0.00837	0.00630	0.00776	0.00809	0.00942	0.00569	0.00587	0.01042	0.01533	0.02042	0.30762	0.28413	0.23434	0.01645	0.00786	0.00229	0.00342	0.03415	0.00642	0.00565
29	0.01815	0.01485	0.07144	0.03686	0.05985	0.05355	0.05547	0.07505	0.03484	0.18472	0.01645	0.02130	0.01345	0.13047	0.03120	0.00304	0.15979	0.00652	0.00467	0.00834
30	0.01598	0.18021	0.38335	0.01542	0.02256	0.01751	0.01747	0.16335	0.01730	0.02385	0.05032	0.01707	0.01249	0.00710	0.00597	0.00192	0.00804	0.02696	0.00385	0.00929
31	0.00959	0.00686	0.00873	0.00870	0.00924	0.00739	0.00592	0.01097	0.02690	0.01435	0.03711	0.05792	0.02252	0.44505	0.25877	0.00711	0.02749	0.02648	0.00400	0.00488
32	0.01954	0.49565	0.02831	0.01404	0.04512	0.26890	0.01187	0.02155	0.01494	0.01563	0.00944	0.01101	0.00838	0.00592	0.00480	0.00150	0.00854	0.00378	0.00297	0.00810
33	0.01829	0.36136	0.20999	0.01432	0.02052	0.11948	0.01473	0.13386	0.01679	0.02081	0.01086	0.01222	0.00871	0.00620	0.00526	0.00168	0.00826	0.00428	0.00344	0.00895
34	0.09790	0.13180	0.33980	0.01587	0.02281	0.03960	0.05625	0.12179	0.07350	0.02393	0.01276	0.01414	0.00952	0.00646	0.00580	0.00194	0.00814	0.00496	0.00377	0.00927
35	0.00786	0.00565	0.00747	0.00892	0.00935	0.00525	0.00596	0.00901	0.01245	0.01652	0.03656	0.74622	0.06460	0.02012	0.00823	0.00261	0.00373	0.01822	0.00600	0.00525
36	0.02480	0.01053	0.01385	0.01098	0.01529	0.00951	0.00893	0.04770	0.05344	0.55451	0.12018	0.02556	0.02214	0.00871	0.00657	0.00199	0.00508	0.00720	0.04295	0.01008
37	0.01450	0.08745	0.43463	0.01726	0.04067	0.05570	0.05395	0.02094	0.05830	0.04210	0.03134	0.01897	0.03234	0.00736	0.00671	0.00205	0.03054	0.03268	0.00353	0.00898
38	0.02452	0.01266	0.01587	0.04482	0.01831	0.01202	0.01031	0.18917	0.02026	0.42139	0.02089	0.02067	0.01427	0.00774	0.00633	0.00188	0.00593	0.02717	0.00678	0.11900
39	0.00826	0.00660	0.00741	0.00729	0.00922	0.00575	0.00553	0.01043	0.01596	0.02043	0.29222	0.05781	0.47373	0.01534	0.00768	0.00216	0.00330	0.03880	0.00638	0.00569
40	0.01380	0.01024	0.01519	0.01280	0.03416	0.00957	0.13027	0.06282	0.03873	0.11829	0.14200	0.07146	0.27103	0.01172	0.00729	0.00211	0.00532	0.01043	0.02525	0.00752
41	0.04077	0.07780	0.12481	0.02050	0.13548	0.21864	0.10345	0.08816	0.01689	0.02130	0.03917	0.01543	0.01127	0.00670	0.00656	0.00188	0.03095	0.00542	0.02617	0.00866
42	0.02414	0.03079	0.01831	0.01665	0.01998	0.74698	0.01248	0.02580	0.01831	0.01581	0.00999	0.01165	0.00832	0.00666	0.00583	0.00166	0.01165	0.00416	0.00333	0.00749
43	0.01794	0.01307	0.01414	0.01230	0.01601	0.01456	0.00968	0.10413	0.48433	0.10732	0.02443	0.02295	0.01800	0.00842	0.00631	0.00206	0.00512	0.00690	0.10243	0.00989
44	0.01272	0.01201	0.02031	0.65939	0.13846	0.01449	0.01820	0.01696	0.01316	0.01714	0.01158	0.01706	0.00883	0.00636	0.00645	0.00212	0.00849	0.00574	0.00292	0.00760
45	0.01220	0.01148	0.01938	0.75739	0.04450	0.01436	0.01794	0.01651	0.01292	0.01651	0.01148	0.01723	0.00861	0.00646	0.00646	0.00215	0.00861	0.00574	0.00287	0.00718
46	0.00925	0.00686	0.01007	0.01007	0.01111	0.00790	0.00768	0.01133	0.01029	0.01476	0.01760	0.02699	0.01685	0.11739	0.67935	0.00999	0.01626	0.00716	0.00350	0.00559
47	0.01464	0.01040	0.01186	0.01054	0.01352	0.01082	0.00819	0.06559	0.27022	0.10805	0.23722	0.05838	0.13094	0.01133	0.00706	0.00212	0.00438	0.00962	0.00679	0.00833
48	0.02179	0.02283	0.01879	0.01776	0.08726	0.37876	0.03384	0.15571	0.08511	0.05384	0.01635	0.01716	0.04720	0.00749	0.00625	0.00185	0.00908	0.00561	0.00455	0.00876
49	0.00830	0.00623	0.00779	0.00887	0.00997	0.00573	0.00655	0.00992	0.01352	0.01731	0.04371	0.43611	0.23439	0.01869	0.00821	0.00257	0.00404	0.14667	0.00599	0.00544
50	0.00931	0.00638	0.00781	0.00813	0.00902	0.00601	0.00555	0.01062	0.01306	0.03732	0.15583	0.25106	0.12756	0.26394	0.01610	0.00366	0.00457	0.05333	0.00557	0.00519
51	0.09031	0.01316	0.01451	0.01229	0.01578	0.01435	0.00974	0.36883	0.04166	0.05894	0.02056	0.19475	0.01909	0.01452	0.07817	0.00293	0.00699	0.00876	0.00591	0.00875
52	0.01677	0.50912	0.20230	0.01350	0.01965	0.08830	0.01436	0.02010	0.01363	0.01654	0.00969	0.01137	0.00827	0.00593	0.00524	0.00161	0.02841	0.00390	0.00281	0.00849
53	0.01129	0.00730	0.00910	0.00894	0.01073	0.00683	0.00658	0.01451	0.06694	0.10399	0.25991	0.28921	0.14935	0.01514	0.00763	0.00226	0.00375	0.01332	0.00663	0.00658
54	0.00862	0.00656	0.00793	0.00765	0.00935	0.00587	0.00571	0.01116	0.01698	0.02293	0.49630	0.07375	0.27479	0.01443	0.00764	0.00210	0.00314	0.01251	0.00672	0.00587
55	0.01517	0.01324	0.02452	0.01857	0.02262	0.01312	0.34573	0.04001	0.03426	0.09376	0.01641	0.02348	0.01400	0.15906	0.09006	0.00383	0.05275	0.00760	0.00407	0.00774
56	0.01397	0.14482	0.61087	0.01720	0.02601	0.01675	0.02158	0.04177	0.01408	0.02030	0.01132	0.01321	0.00829	0.00610	0.00585	0.00194	0.00908	0.00461	0.00285	0.00940
57	0.00877	0.00655	0.00833	0.00944	0.01058	0.00622	0.00713	0.01101	0.03424	0.01778	0.04087	0.41299	0.17684	0.01847	0.00827	0.00262	0.00431	0.20393	0.00600	0.00563
58	0.00787	0.00562	0.00750	0.00900	0.00937	0.00525	0.00600	0.00900	0.01237	0.01649	0.03561	0.76871	0.04274	0.02024	0.00825	0.00262	0.00375	0.01837	0.00600	0.00525
59	0.01340	0.01148	0.01340	0.00957	0.01531	0.00861	0.00766	0.01627	0.01340	0.02105	0.01148	0.01340	0.00957	0.00479	0.00479	0.00096	0.00479	0.00383	0.00383	0.81242
60	0.01922	0.33761	0.04607	0.01389	0.01886	0.11509	0.04834	0.18318	0.09268	0.02297	0.01358	0.03697	0.01127	0.00700	0.00553	0.00173	0.00757	0.00522	0.00423	0.00899
61	0.00922	0.00657	0.00880	0.00889	0.00951	0.00714	0.00619	0.01048	0.01008	0.01404	0.01968	0.07644	0.02083	0.35311	0.40158	0.00818	0.01184	0.00864	0.00380	0.00495
62	0.01522	0.01446	0.02454	0.11262	0.62086	0.01473	0.01887	0.01906	0.01472	0.02090	0.05189	0.01791	0.01288	0.00624	0.00647	0.00195	0.00752	0.00608	0.00338	0.00969
63	0.01406	0.02434	0.38760	0.01776	0.02429	0.03745	0.10340	0.02230	0.14755	0.02096	0.01549	0.01942	0.01227	0.02744	0.00837	0.00229	0.06642	0.03585	0.00372	0.00902
64	0.04582	0.01371	0.02376	0.35681	0.16397	0.01567	0.14484	0.01786	0.01318	0.01849	0.01138	0.01633	0.00905	0.00681	0.00864	0.00220	0.11446	0.00599	0.00304	0.00800
65	0.04025	0.14931	0.38687	0.01517	0.02245	0.01575	0.03804	0.03788	0.05702	0.04334	0.04109	0.01541	0.01147	0.00641	0.00575	0.00183	0.00778	0.00501	0.00357	0.09561
66	0.01097	0.00897	0.00953	0.00888	0.01073	0.07474	0.00668	0.01376	0.01799	0.04478	0.58427	0.04533	0.11326	0.01273	0.00742	0.00201	0.00394	0.01101	0.00669	0.00631
67	0.01264	0.00935	0.01150	0.01001	0.01262	0.00919	0.00780	0.03714	0.05732	0.08221	0.21251	0.11815	0.14254	0.01193	0.00852	0.00203	0.08867	0.00981	0.00577	0.15029
68	0.02497	0.03618	0.01559	0.01153	0.01659	0.05962	0.00944	0.04669	0.01760	0.49959	0.02078	0.01899	0.01378	0.00716	0.00603	0.00174	0.00585	0.00568	0.00662	0.17556
69	0.01599	0.01535	0.02623	0.03966	0.73262	0.01535	0.01983	0.01983	0.01471	0.02111	0.01215	0.01599	0.01023	0.00576	0.00640	0.00192	0.00768	0.00576	0.00320	0.01023
70	0.01727	0.77681	0.03386	0.01106	0.01658	0.02557	0.01106	0.01935	0.01313	0.01520	0.00898	0.01036	0.00829	0.00553	0.00415	0.00138	0.00691	0.00345	0.00276	0.00829
71	0.02366	0.01235	0.01501	0.01182	0.01656	0.01184	0.00962	0.13318	0.12949	0.41247	0.02484	0.02261	0.05272	0.00821	0.00640	0.00193	0.00550	0.00664	0.00703	0.08814
72	0.00800	0.00568	0.00746	0.00884	0.00918	0.00533	0.00583	0.00903	0.01212	0.01617	0.03435	0.70869	0.04115	0.08243	0.01028	0.00292	0.00396	0.01763	0.00583	0.00514
73	0.01727	0.77681	0.03386	0.01106	0.01658	0.02557	0.01106	0.01935	0.01313	0.01520	0.00898	0.01036	0.00829	0.00553	0.00415	0.00138	0.00691	0.00345	0.00276	0.00829
74	0.00897	0.00697	0.00821	0.00783	0.00970	0.00639	0.00589	0.01232	0.05395	0.02296	0.45588	0.05195	0.29706	0.01410	0.00757	0.00209	0.00324	0.01215	0.00669	0.00609
75	0.00924	0.00690	0.01026	0.01026	0.01137	0.00801	0.00792	0.01146	0.01035	0.01490	0.01742	0.02603	0.01643	0.07617	0.71999	0.01023	0.01688	0.00702	0.00348	0.00570
76	0.00806	0.00687	0.00699	0.00698	0.00920	0.00594	0.00530	0.01040	0.04283	0.01790	0.06290	0.06101	0.67959	0.01611	0.00764	0.00221	0.00343	0.03497	0.00602	0.00566
77	0.01344	0.03331	0.70874	0.01834	0.02763	0.04617	0.02339	0.02069	0.01384	0.02026	0.01153	0.01356	0.00819	0.00616	0.00613	0.00203	0.00964	0.00475	0.00275	0.00946
78	0.01419	0.01431	0.02075	0.01750	0.01785	0.01961	0.05067	0.01582	0.01018	0.01582	0.00872	0.01431	0.00855	0.01100	0.02049	0.00279	0.72167	0.00576	0.00285	0.00715
79	0.01220	0.01148	0.01938	0.75739	0.04450	0.01436	0.01794	0.01651	0.01292	0.01651	0.01148	0.01723	0.00861	0.00646	0.00646	0.00215	0.00861	0.00574	0.00287	0.00718
80	0.00794	0.00592	0.00741	0.00848	0.00935	0.00539	0.00588	0.00932	0.01323	0.01719	0.07189	0.55834	0.19964	0.01900	0.00810	0.00251	0.00367	0.03535	0.00604	0.00535
81	0.00900	0.00669	0.00961	0.01044	0.01140	0.00640	0.03704	0.01082	0.01321	0.01754	0.05563	0.48476	0.03938	0.05829	0.00968	0.00287	0.00477	0.20111	0.00579	0.00555
82	0.00996	0.00714	0.00988	0.01133	0.01267	0.00706	0.00961	0.01262	0.01449	0.01886	0.03513	0.17941	0.05374	0.01818	0.00879	0.00290	0.00555	0.57089	0.00596	0.00583
83	0.01385	0.11819	0.53917	0.01902	0.02760	0.01647	0.13696	0.02037	0.01385	0.01988	0.01153	0.01389	0.00847	0.00595	0.00615	0.00199	0.00946	0.00510	0.00282	0.00926
84	0.05364	0.03724	0.05196	0.01560	0.02066	0.13732	0.10980	0.21824	0.02071	0.22307	0.03679	0.01745	0.01284	0.00728	0.00640	0.00194	0.00786	0.00596	0.00558	0.00966
85	0.01257	0.01186	0.02004	0.68813	0.11091	0.01445	0.01813	0.01683	0.01309	0.01695	0.01155	0.01711	0.00877	0.00639	0.00645	0.00213	0.00852	0.00574	0.00290	0.00747
86	0.02032	0.01889	0.01531	0.01370	0.01691	0.30425	0.01060	0.07169	0.11329	0.13417	0.04233	0.08963	0.04059	0.00974	0.00703	0.00203	0.02979	0.04618	0.00530	0.00825

[dist]
# distance from previous block
# <min> <max>
6	9

[block]
# block no. 2 follows, 34 sequences, length 170
# corresponding to MSA columns:
# 152-264,270-326
name=unknown_C
#
# <colnr> <probs for GDERKNQSTAVLIFYWHMCP>
#	G	D	E	R	K	N	Q	S	T	A	V	L	I	F	Y	W	H	M	C	P
0	0.01307	0.01458	0.08334	0.53692	0.06183	0.03956	0.01781	0.01714	0.01279	0.01686	0.01104	0.01624	0.00860	0.00711	0.00852	0.00222	0.11642	0.00559	0.00288	0.00749
1	0.01754	0.67747	0.05601	0.01174	0.01720	0.07220	0.01155	0.02031	0.03700	0.01581	0.00971	0.01102	0.00867	0.00573	0.00440	0.00145	0.00725	0.00367	0.00293	0.00835
2	0.01535	0.01271	0.06332	0.01155	0.01687	0.00960	0.05828	0.01914	0.03922	0.13292	0.07642	0.02095	0.05451	0.00689	0.00579	0.00148	0.00543	0.00588	0.00485	0.43884
3	0.01299	0.01205	0.02011	0.54411	0.14440	0.01414	0.03678	0.04040	0.01374	0.01809	0.01299	0.04859	0.01067	0.00851	0.03412	0.00244	0.00861	0.00637	0.00321	0.00768
4	0.02356	0.02831	0.01760	0.01590	0.01929	0.65676	0.01198	0.02583	0.04154	0.05571	0.01329	0.01437	0.03402	0.00714	0.00595	0.00172	0.01081	0.00472	0.00378	0.00770
5	0.01839	0.01679	0.02323	0.11685	0.33510	0.09152	0.06451	0.13669	0.03512	0.06055	0.01343	0.01618	0.01043	0.00657	0.00681	0.00198	0.02642	0.00580	0.00405	0.00956
6	0.00933	0.00690	0.00922	0.00912	0.00990	0.00762	0.00655	0.01074	0.01035	0.01432	0.02177	0.03384	0.07291	0.30353	0.41127	0.00803	0.03739	0.00828	0.00380	0.00513
7	0.01720	0.01137	0.01379	0.01004	0.01560	0.00883	0.00810	0.01998	0.01464	0.19547	0.01490	0.01549	0.01114	0.00557	0.00520	0.00121	0.00496	0.00448	0.00484	0.61721
8	0.01487	0.01196	0.01472	0.01183	0.04576	0.00996	0.02452	0.06859	0.03119	0.05608	0.01443	0.04495	0.01231	0.00627	0.00541	0.00130	0.00525	0.02489	0.00439	0.59130
9	0.01296	0.03342	0.73944	0.01842	0.02797	0.01501	0.02387	0.02046	0.01364	0.02046	0.01160	0.01364	0.00818	0.00614	0.00614	0.00205	0.00955	0.00477	0.00273	0.00955
10	0.00787	0.00562	0.00750	0.00900	0.00937	0.00525	0.00600	0.00900	0.01237	0.01649	0.03561	0.76871	0.04274	0.02024	0.00825	0.00262	0.00375	0.01837	0.00600	0.00525
11	0.00976	0.00719	0.00953	0.01067	0.01227	0.00695	0.00910	0.01243	0.01486	0.01905	0.05767	0.08861	0.17507	0.01750	0.00862	0.00279	0.00529	0.52081	0.00599	0.00584
12	0.01314	0.01244	0.02108	0.57946	0.21509	0.01460	0.01841	0.01733	0.01336	0.01765	0.01165	0.01692	0.00902	0.00629	0.00644	0.00210	0.00838	0.00575	0.00295	0.00794
13	0.01220	0.01148	0.01938	0.75739	0.04450	0.01436	0.01794	0.01651	0.01292	0.01651	0.01148	0.01723	0.00861	0.00646	0.00646	0.00215	0.00861	0.00574	0.00287	0.00718
14	0.00937	0.00635	0.00749	0.00749	0.00764	0.00650	0.00447	0.00968	0.00953	0.01285	0.01996	0.04005	0.02252	0.67717	0.12731	0.00681	0.00772	0.00907	0.00386	0.00416
15	0.01309	0.05511	0.71886	0.01820	0.02763	0.01531	0.02350	0.02043	0.01363	0.02031	0.01152	0.01355	0.00819	0.00612	0.00608	0.00203	0.00947	0.00474	0.00273	0.00951
16	0.00859	0.00658	0.00787	0.00755	0.00931	0.00586	0.00566	0.01112	0.01698	0.02281	0.48569	0.05337	0.30642	0.01437	0.00763	0.00209	0.00313	0.01240	0.00670	0.00586
17	0.08463	0.00805	0.01074	0.01033	0.01210	0.00917	0.00811	0.03174	0.02840	0.05084	0.01719	0.02355	0.01527	0.03968	0.58969	0.00859	0.01472	0.00655	0.02426	0.00637
18	0.00915	0.00624	0.00704	0.00715	0.00735	0.00613	0.00414	0.00936	0.01003	0.01320	0.02499	0.09573	0.08042	0.65967	0.02914	0.00568	0.00585	0.01037	0.00423	0.00413
19	0.01600	0.01518	0.02537	0.07940	0.64357	0.01561	0.01926	0.04314	0.01498	0.02132	0.01210	0.01598	0.01011	0.00606	0.00692	0.00196	0.03401	0.00575	0.00328	0.00997
20	0.01924	0.39118	0.04536	0.01234	0.01735	0.15258	0.01112	0.02153	0.01469	0.10709	0.01164	0.01270	0.00945	0.00616	0.00549	0.00152	0.03371	0.00413	0.00367	0.11904
21	0.01132	0.00857	0.01065	0.00997	0.01168	0.00843	0.02385	0.07266	0.03760	0.01861	0.02437	0.25807	0.02683	0.25347	0.01569	0.00351	0.02227	0.06807	0.00498	0.10939
22	0.06719	0.04286	0.03965	0.01459	0.01949	0.13134	0.01214	0.47533	0.05481	0.05780	0.01478	0.01501	0.01073	0.00743	0.00616	0.00190	0.00762	0.00542	0.00568	0.01008
23	0.01761	0.18384	0.01915	0.01278	0.01675	0.05143	0.01062	0.07774	0.36220	0.06949	0.02109	0.04095	0.01703	0.00867	0.00651	0.00202	0.02408	0.04318	0.00552	0.00934
24	0.02198	0.01658	0.09799	0.03564	0.01932	0.04928	0.01221	0.23077	0.10564	0.24497	0.03704	0.02089	0.01519	0.00809	0.00645	0.00201	0.00665	0.02554	0.03372	0.01002
25	0.01599	0.01535	0.02623	0.03966	0.73262	0.01535	0.01983	0.01983	0.01471	0.02111	0.01215	0.01599	0.01023	0.00576	0.00640	0.00192	0.00768	0.00576	0.00320	0.01023
26	0.04487	0.01340	0.01586	0.01252	0.01692	0.05019	0.03416	0.16172	0.03814	0.34182	0.04611	0.02206	0.05415	0.00832	0.00698	0.00195	0.03746	0.00658	0.02926	0.05755
27	0.01127	0.00907	0.01126	0.01104	0.02788	0.02565	0.00814	0.05190	0.06416	0.02075	0.22283	0.14851	0.04906	0.08593	0.12809	0.00392	0.07700	0.03171	0.00538	0.00647
28	0.02041	0.01611	0.01706	0.01300	0.01817	0.04615	0.01058	0.43324	0.02393	0.03278	0.03517	0.01563	0.01190	0.00690	0.00592	0.00161	0.00641	0.00527	0.00549	0.27428
29	0.00829	0.00652	0.00749	0.00735	0.00916	0.00572	0.00547	0.01050	0.01611	0.02099	0.34561	0.09494	0.40836	0.01524	0.00766	0.00214	0.00320	0.01307	0.00647	0.00572
30	0.01220	0.01148	0.01938	0.75739	0.04450	0.01436	0.01794	0.01651	0.01292	0.01651	0.01148	0.01723	0.00861	0.00646	0.00646	0.00215	0.00861	0.00574	0.00287	0.00718
31	0.01512	0.40242	0.34117	0.01489	0.02210	0.02010	0.04260	0.01972	0.01348	0.01782	0.01099	0.01383	0.00912	0.00614	0.00528	0.00175	0.00818	0.02364	0.00286	0.00879
32	0.00853	0.00658	0.00778	0.00748	0.00927	0.00583	0.00561	0.01100	0.01683	0.02244	0.45693	0.05397	0.33541	0.01450	0.00763	0.00209	0.00314	0.01249	0.00666	0.00583
33	0.01578	0.01505	0.02562	0.03860	0.70518	0.01505	0.01947	0.01958	0.01472	0.02104	0.01300	0.01816	0.01126	0.00622	0.00649	0.00196	0.00761	0.03182	0.00330	0.01007
34	0.02899	0.01100	0.01499	0.01150	0.01649	0.00950	0.00950	0.03149	0.01849	0.73709	0.02549	0.02199	0.01599	0.00800	0.00650	0.00200	0.00550	0.00650	0.00800	0.01100
35	0.01682	0.20176	0.28492	0.01648	0.02325	0.05740	0.11212	0.07071	0.03791	0.07291	0.01467	0.01600	0.03393	0.00661	0.00597	0.00189	0.00841	0.00540	0.00373	0.00912
36	0.01627	0.01606	0.02055	0.08092	0.12712	0.09422	0.03058	0.09409	0.01415	0.01936	0.01068	0.01510	0.00936	0.01061	0.04448	0.00272	0.37669	0.00564	0.00338	0.00801
37	0.00782	0.00658	0.00681	0.00682	0.00893	0.00556	0.00516	0.00960	0.01497	0.01808	0.10890	0.06158	0.66368	0.01620	0.00768	0.00220	0.00334	0.03451	0.00607	0.00551
38	0.81856	0.01250	0.00950	0.00850	0.01250	0.01449	0.00700	0.01899	0.01100	0.02899	0.00900	0.01050	0.00700	0.00600	0.00400	0.00200	0.00500	0.00350	0.00400	0.00700
39	0.01652	0.01568	0.02659	0.03712	0.63571	0.01574	0.06737	0.06664	0.01581	0.02241	0.01244	0.01606	0.01026	0.00587	0.00649	0.00194	0.00786	0.00589	0.00342	0.01018
40	0.00787	0.00562	0.00750	0.00900	0.00937	0.00525	0.00600	0.00900	0.01237	0.01649	0.03561	0.76871	0.04274	0.02024	0.00825	0.00262	0.00375	0.01837	0.00600	0.00525
41	0.00931	0.00689	0.00874	0.00835	0.01000	0.00645	0.00635	0.01276	0.04232	0.02485	0.60919	0.04992	0.11984	0.01357	0.00765	0.00210	0.00328	0.04531	0.00693	0.00617
42	0.01694	0.01404	0.01490	0.01320	0.01698	0.01611	0.01033	0.07357	0.66033	0.04854	0.02565	0.02355	0.01911	0.00869	0.00657	0.00217	0.00524	0.00720	0.00661	0.01029
43	0.00895	0.00660	0.00837	0.00793	0.00954	0.00602	0.00595	0.01182	0.01784	0.02484	0.64517	0.05003	0.14567	0.01361	0.00762	0.00205	0.00308	0.01193	0.00697	0.00602
44	0.01237	0.01181	0.02041	0.71744	0.04391	0.01446	0.05577	0.01674	0.01305	0.01674	0.01157	0.01724	0.00868	0.00640	0.00652	0.00215	0.00874	0.00585	0.00289	0.00726
45	0.81856	0.01250	0.00950	0.00850	0.01250	0.01449	0.00700	0.01899	0.01100	0.02899	0.00900	0.01050	0.00700	0.00600	0.00400	0.00200	0.00500	0.00350	0.00400	0.00700
46	0.00776	0.00650	0.00676	0.00680	0.00883	0.00549	0.00506	0.00948	0.01487	0.01804	0.11419	0.09979	0.64162	0.01634	0.00767	0.00219	0.00328	0.01375	0.00608	0.00549
47	0.00910	0.00660	0.00858	0.00809	0.00963	0.00608	0.00606	0.01211	0.01819	0.02568	0.71097	0.04865	0.07935	0.01330	0.00762	0.00204	0.00305	0.01174	0.00708	0.00608
48	0.01575	0.01360	0.01430	0.01290	0.01649	0.01567	0.01002	0.03338	0.69401	0.02666	0.02779	0.02556	0.04681	0.00906	0.00662	0.00219	0.00504	0.00755	0.00655	0.01005
49	0.01267	0.01196	0.02022	0.66951	0.12875	0.01448	0.01818	0.01692	0.01314	0.01707	0.01157	0.01708	0.00881	0.00637	0.00645	0.00212	0.00850	0.00574	0.00291	0.00755
50	0.04020	0.00910	0.00997	0.00887	0.01157	0.00935	0.00704	0.09801	0.07983	0.13110	0.02193	0.02508	0.01698	0.00825	0.00544	0.00178	0.00425	0.04349	0.46004	0.00772
51	0.04103	0.01465	0.01538	0.01335	0.01730	0.01679	0.01053	0.16450	0.56703	0.02973	0.02371	0.02205	0.01767	0.00849	0.00648	0.00214	0.00550	0.00691	0.00648	0.01028
52	0.01374	0.16748	0.61220	0.01709	0.02591	0.01691	0.02156	0.02026	0.01355	0.01951	0.01112	0.01305	0.00820	0.00603	0.00578	0.00193	0.00907	0.00454	0.00273	0.00932
53	0.00914	0.00660	0.00864	0.00813	0.00965	0.00610	0.00610	0.01219	0.01829	0.02591	0.72921	0.04827	0.06097	0.01321	0.00762	0.00203	0.00305	0.01169	0.00711	0.00610
54	0.01566	0.01488	0.02529	0.03801	0.68988	0.01488	0.01927	0.01945	0.01472	0.02100	0.01346	0.01937	0.01184	0.00648	0.00655	0.00198	0.00757	0.04636	0.00336	0.00998
55	0.01340	0.01148	0.01340	0.00957	0.01531	0.00861	0.00766	0.01627	0.01340	0.02105	0.01148	0.01340	0.00957	0.00479	0.00479	0.00096	0.00479	0.00383	0.00383	0.81242
56	0.00935	0.00668	0.00919	0.01068	0.01171	0.00652	0.00856	0.01155	0.01383	0.01815	0.03480	0.36409	0.03951	0.01885	0.00864	0.00283	0.00503	0.40841	0.00597	0.00566
57	0.00974	0.00701	0.00957	0.01071	0.01206	0.00684	0.00891	0.01241	0.01501	0.01984	0.14075	0.17406	0.06464	0.01746	0.00858	0.00275	0.00509	0.46260	0.00613	0.00585
58	0.01081	0.00790	0.00988	0.00897	0.01100	0.00777	0.02634	0.03526	0.08980	0.02550	0.46859	0.04126	0.08994	0.01173	0.00702	0.00198	0.00361	0.01023	0.12572	0.00669
59	0.00920	0.00658	0.00848	0.00801	0.00955	0.00607	0.00600	0.01220	0.01801	0.02558	0.68353	0.04786	0.08054	0.01311	0.00751	0.00202	0.00305	0.01155	0.03507	0.00607
60	0.02899	0.01100	0.01499	0.01150	0.01649	0.00950	0.00950	0.03149	0.01849	0.73709	0.02549	0.02199	0.01599	0.00800	0.00650	0.00200	0.00550	0.00650	0.00800	0.01100
61	0.01607	0.01388	0.01461	0.01315	0.01680	0.01607	0.01023	0.03433	0.72094	0.02703	0.02630	0.02411	0.01972	0.00877	0.00657	0.00219	0.00511	0.00731	0.00657	0.01023
62	0.00923	0.00692	0.01038	0.01038	0.01154	0.00808	0.00808	0.01154	0.01038	0.01500	0.01731	0.02538	0.01615	0.04846	0.74732	0.01038	0.01731	0.00692	0.00346	0.00577
63	0.01685	0.01427	0.01505	0.01331	0.01710	0.01644	0.01042	0.09649	0.65752	0.02829	0.02531	0.02332	0.01892	0.00867	0.00656	0.00217	0.00530	0.00717	0.00656	0.01030
64	0.01204	0.00602	0.00602	0.00602	0.00753	0.00602	0.00452	0.01506	0.01355	0.02409	0.02108	0.02409	0.01656	0.00753	0.00452	0.00151	0.00301	0.00602	0.80879	0.00602
65	0.01794	0.70712	0.03253	0.01141	0.01690	0.02506	0.01117	0.08288	0.01471	0.01755	0.00958	0.01084	0.00854	0.00573	0.00436	0.00143	0.00693	0.00367	0.00310	0.00854
66	0.01523	0.01563	0.07600	0.23522	0.05419	0.01476	0.32858	0.01995	0.01468	0.08530	0.04011	0.01852	0.01179	0.00652	0.00751	0.00215	0.03493	0.00681	0.00368	0.00843
67	0.01204	0.00602	0.00602	0.00602	0.00753	0.00602	0.00452	0.01506	0.01355	0.02409	0.02108	0.02409	0.01656	0.00753	0.00452	0.00151	0.00301	0.00602	0.80879	0.00602
68	0.81856	0.01250	0.00950	0.00850	0.01250	0.01449	0.00700	0.01899	0.01100	0.02899	0.00900	0.01050	0.00700	0.00600	0.00400	0.00200	0.00500	0.00350	0.00400	0.00700
69	0.02781	0.01289	0.01617	0.01239	0.01744	0.01230	0.01024	0.21240	0.02166	0.55171	0.02283	0.02027	0.01466	0.00793	0.00649	0.00198	0.00593	0.00632	0.00759	0.01099
70	0.01296	0.03342	0.73944	0.01842	0.02797	0.01501	0.02387	0.02046	0.01364	0.02046	0.01160	0.01364	0.00818	0.00614	0.00614	0.00205	0.00955	0.00477	0.00273	0.00955
71	0.01560	0.01339	0.01421	0.01281	0.01632	0.01540	0.00995	0.03283	0.67336	0.02695	0.07390	0.02574	0.02252	0.00907	0.00665	0.00218	0.00497	0.00760	0.00661	0.00995
72	0.01028	0.00764	0.01080	0.01049	0.01185	0.00878	0.00811	0.05878	0.01168	0.01659	0.01737	0.02572	0.01624	0.08875	0.65470	0.00957	0.01596	0.00699	0.00369	0.00601
73	0.01525	0.01743	0.03813	0.02723	0.03377	0.01634	0.70915	0.02070	0.01525	0.02070	0.01307	0.01743	0.00980	0.00545	0.00763	0.00218	0.01089	0.00763	0.00327	0.00871
74	0.01476	0.01164	0.01357	0.00992	0.01535	0.00932	0.00796	0.06752	0.01511	0.06171	0.03558	0.01660	0.03430	0.00579	0.00518	0.00116	0.00489	0.00466	0.00442	0.66058
75	0.00896	0.00660	0.00838	0.00794	0.00954	0.00602	0.00595	0.01184	0.01786	0.02489	0.64884	0.04995	0.14197	0.01359	0.00762	0.00205	0.00308	0.01192	0.00698	0.00602
76	0.06696	0.02030	0.02169	0.08555	0.02410	0.26260	0.15883	0.10611	0.06774	0.08303	0.01382	0.01560	0.01037	0.00686	0.00675	0.00197	0.02917	0.00566	0.00430	0.00859
77	0.06909	0.01716	0.01845	0.01422	0.01931	0.01880	0.01174	0.61264	0.02825	0.10152	0.01603	0.01581	0.01121	0.00768	0.00633	0.00195	0.00685	0.00575	0.00646	0.01077
78	0.00873	0.00624	0.00848	0.00998	0.01073	0.00599	0.00749	0.01048	0.01322	0.01746	0.03514	0.53328	0.04086	0.01943	0.00848	0.00274	0.00449	0.24531	0.00598	0.00549
79	0.02179	0.01671	0.02038	0.01698	0.06285	0.01814	0.07621	0.44311	0.15989	0.06963	0.01765	0.01769	0.01276	0.00763	0.00659	0.00201	0.00703	0.00630	0.00607	0.01059
80	0.00938	0.00633	0.00737	0.00737	0.00749	0.00644	0.00432	0.00961	0.00949	0.01277	0.02006	0.04063	0.02277	0.70224	0.10259	0.00667	0.00734	0.00915	0.00387	0.00410
81	0.01144	0.00901	0.01166	0.01318	0.05940	0.00931	0.01010	0.01725	0.15598	0.02059	0.03438	0.11206	0.10011	0.01530	0.00811	0.00265	0.00546	0.39113	0.00591	0.00698
82	0.01340	0.01148	0.01340	0.00957	0.01531	0.00861	0.00766	0.01627	0.01340	0.02105	0.01148	0.01340	0.00957	0.00479	0.00479	0.00096	0.00479	0.00383	0.00383	0.81242
83	0.01024	0.00820	0.03023	0.00925	0.01157	0.00686	0.02602	0.01287	0.03235	0.05674	0.19139	0.26791	0.20902	0.01460	0.00743	0.00216	0.00406	0.01283	0.00599	0.08026
84	0.01498	0.03927	0.02024	0.12623	0.02326	0.01318	0.17001	0.08865	0.07173	0.06997	0.06391	0.07482	0.08728	0.00888	0.00714	0.00204	0.02345	0.00809	0.00482	0.08204
85	0.01693	0.15764	0.11310	0.01392	0.03859	0.01471	0.03244	0.04932	0.15395	0.14065	0.02231	0.05317	0.03422	0.00954	0.00654	0.00212	0.00646	0.12025	0.00526	0.00890
86	0.01204	0.00602	0.00602	0.00602	0.00753	0.00602	0.00452	0.01506	0.01355	0.02409	0.02108	0.02409	0.01656	0.00753	0.00452	0.00151	0.00301	0.00602	0.80879	0.00602
87	0.01350	0.01153	0.01334	0.00985	0.01525	0.00921	0.00784	0.01779	0.07856	0.02177	0.03790	0.01560	0.01230	0.00544	0.00505	0.00111	0.00475	0.00442	0.00420	0.71059
88	0.02497	0.01745	0.01899	0.01456	0.01971	0.01907	0.01203	0.64865	0.02929	0.10468	0.01643	0.01611	0.01145	0.00778	0.00647	0.00194	0.00696	0.00588	0.00660	0.01099
89	0.01583	0.49721	0.25856	0.01353	0.02024	0.02167	0.01511	0.02052	0.05203	0.01753	0.01077	0.01217	0.00888	0.00590	0.00492	0.00164	0.00766	0.00409	0.00296	0.00880
90	0.07073	0.58722	0.16303	0.01225	0.01842	0.02286	0.01316	0.01953	0.01308	0.01711	0.00947	0.01098	0.00818	0.00567	0.00451	0.00155	0.00727	0.00370	0.00284	0.00844
91	0.01204	0.00602	0.00602	0.00602	0.00753	0.00602	0.00452	0.01506	0.01355	0.02409	0.02108	0.02409	0.01656	0.00753	0.00452	0.00151	0.00301	0.00602	0.80879	0.00602
92	0.01280	0.01219	0.02091	0.63852	0.13448	0.01455	0.04151	0.01709	0.01323	0.01725	0.01163	0.01707	0.00887	0.00633	0.00649	0.00212	0.00857	0.00581	0.00293	0.00763
93	0.00983	0.00741	0.00898	0.00846	0.01030	0.00706	0.00637	0.04182	0.05627	0.02455	0.50350	0.09079	0.17281	0.01371	0.00756	0.00210	0.00341	0.01194	0.00680	0.00636
94	0.02414	0.03079	0.01831	0.01665	0.01998	0.74698	0.01248	0.02580	0.01831	0.01581	0.00999	0.01165	0.00832	0.00666	0.00583	0.00166	0.01165	0.00416	0.00333	0.00749
95	0.01599	0.01535	0.02623	0.03966	0.73262	0.01535	0.01983	0.01983	0.01471	0.02111	0.01215	0.01599	0.01023	0.00576	0.00640	0.00192	0.00768	0.00576	0.00320	0.01023
96	0.02444	0.01470	0.01683	0.01322	0.01795	0.01542	0.01077	0.36351	0.11778	0.27725	0.02055	0.01979	0.01430	0.03379	0.00738	0.00214	0.00626	0.00637	0.00692	0.01065
97	0.71297	0.01259	0.01041	0.00904	0.01318	0.01427	0.00745	0.04897	0.01249	0.09452	0.01078	0.01176	0.00799	0.00625	0.00433	0.00200	0.00513	0.00387	0.00447	0.00753
98	0.81856	0.01250	0.00950	0.00850	0.01250	0.01449	0.00700	0.01899	0.01100	0.02899	0.00900	0.01050	0.00700	0.00600	0.00400	0.00200	0.00500	0.00350	0.00400	0.00700
99	0.01276	0.01246	0.02065	0.59433	0.06937	0.03536	0.08061	0.01696	0.01358	0.01737	0.03407	0.01930	0.03225	0.00684	0.00662	0.00213	0.00855	0.00628	0.00315	0.00737
100	0.00787	0.00562	0.00750	0.00900	0.00937	0.00525	0.00600	0.00900	0.01237	0.01649	0.03561	0.76871	0.04274	0.02024	0.00825	0.00262	0.00375	0.01837	0.00600	0.00525
101	0.01071	0.03133	0.03473	0.01162	0.01315	0.01067	0.00955	0.03614	0.01118	0.01611	0.01572	0.02285	0.01455	0.03989	0.58714	0.00864	0.10972	0.00656	0.00344	0.00630
102	0.00856	0.00636	0.00896	0.01002	0.01085	0.00600	0.02896	0.01017	0.01300	0.01718	0.03569	0.59367	0.06468	0.01920	0.00833	0.00266	0.00436	0.13996	0.00590	0.00549
103	0.01525	0.01743	0.03813	0.02723	0.03377	0.01634	0.70915	0.02070	0.01525	0.02070	0.01307	0.01743	0.00980	0.00545	0.00763	0.00218	0.01089	0.00763	0.00327	0.00871
104	0.01793	0.01481	0.01566	0.01353	0.01751	0.01694	0.01068	0.18279	0.56945	0.03003	0.02393	0.02222	0.01781	0.00854	0.00655	0.00214	0.00555	0.00698	0.00655	0.01039
105	0.01304	0.01234	0.02090	0.59784	0.19747	0.01458	0.01836	0.01725	0.01332	0.01753	0.01163	0.01695	0.00897	0.00630	0.00645	0.00210	0.00840	0.00575	0.00294	0.00786
106	0.81856	0.01250	0.00950	0.00850	0.01250	0.01449	0.00700	0.01899	0.01100	0.02899	0.00900	0.01050	0.00700	0.00600	0.00400	0.00200	0.00500	0.00350	0.00400	0.00700
107	0.02456	0.01810	0.01939	0.01487	0.02004	0.02004	0.01228	0.71107	0.03038	0.04072	0.01551	0.01551	0.01099	0.00776	0.00646	0.00194	0.00711	0.00582	0.00646	0.01099
108	0.01550	0.01485	0.02534	0.13296	0.64317	0.01522	0.01958	0.01940	0.01448	0.02051	0.01207	0.01615	0.01002	0.00585	0.00640	0.00195	0.00780	0.00576	0.00316	0.00984
109	0.00939	0.00630	0.00723	0.00723	0.00729	0.00636	0.00414	0.00951	0.00945	0.01266	0.02019	0.04136	0.02309	0.73328	0.07198	0.00649	0.00687	0.00926	0.00389	0.00402
110	0.01005	0.00827	0.01154	0.01038	0.01269	0.00785	0.07126	0.01419	0.07278	0.02264	0.35863	0.05000	0.21163	0.01349	0.00771	0.00221	0.00436	0.09751	0.00630	0.00649
111	0.01599	0.01535	0.02623	0.03966	0.73262	0.01535	0.01983	0.01983	0.01471	0.02111	0.01215	0.01599	0.01023	0.00576	0.00640	0.00192	0.00768	0.00576	0.00320	0.01023
112	0.00940	0.00626	0.00705	0.00705	0.00705	0.00626	0.00392	0.00940	0.00940	0.01253	0.02036	0.04228	0.02349	0.77292	0.03289	0.00626	0.00626	0.00940	0.00392	0.00392
113	0.01525	0.01743	0.03813	0.02723	0.03377	0.01634	0.70915	0.02070	0.01525	0.02070	0.01307	0.01743	0.00980	0.00545	0.00763	0.00218	0.01089	0.00763	0.00327	0.00871
114	0.01296	0.03342	0.73944	0.01842	0.02797	0.01501	0.02387	0.02046	0.01364	0.02046	0.01160	0.01364	0.00818	0.00614	0.00614	0.00205	0.00955	0.00477	0.00273	0.00955
115	0.00805	0.00619	0.00739	0.00800	0.00930	0.00553	0.00573	0.00973	0.01426	0.01836	0.14934	0.35974	0.31664	0.01759	0.00794	0.00237	0.00353	0.03866	0.00616	0.00548
116	0.01513	0.01427	0.02418	0.17399	0.57566	0.01482	0.01890	0.01902	0.01433	0.02035	0.01236	0.01653	0.01016	0.00596	0.00634	0.00195	0.00768	0.00576	0.03310	0.00950
117	0.00816	0.00650	0.00737	0.00767	0.00941	0.00571	0.00578	0.01006	0.01491	0.01873	0.15545	0.16898	0.46024	0.01663	0.00785	0.00230	0.00357	0.07897	0.00616	0.00557
118	0.01525	0.01743	0.03813	0.02723	0.03377	0.01634	0.70915	0.02070	0.01525	0.02070	0.01307	0.01743	0.00980	0.00545	0.00763	0.00218	0.01089	0.00763	0.00327	0.00871
119	0.01296	0.03342	0.73944	0.01842	0.02797	0.01501	0.02387	0.02046	0.01364	0.02046	0.01160	0.01364	0.00818	0.00614	0.00614	0.00205	0.00955	0.00477	0.00273	0.00955
120	0.01407	0.03964	0.02030	0.01661	0.01724	0.01903	0.03734	0.01569	0.01039	0.01595	0.00956	0.03602	0.00956	0.01093	0.01918	0.00268	0.65983	0.00595	0.00297	0.03707
121	0.02456	0.01810	0.01939	0.01487	0.02004	0.02004	0.01228	0.71107	0.03038	0.04072	0.01551	0.01551	0.01099	0.00776	0.00646	0.00194	0.00711	0.00582	0.00646	0.01099
122	0.01698	0.72647	0.08164	0.01155	0.01735	0.02485	0.01192	0.01942	0.01316	0.01556	0.00916	0.01059	0.00828	0.00557	0.00428	0.00143	0.00709	0.00354	0.00276	0.00838
123	0.01526	0.01704	0.03656	0.02621	0.03252	0.01605	0.66536	0.03786	0.01575	0.02140	0.03977	0.01853	0.01174	0.00579	0.00760	0.00217	0.01051	0.00773	0.00349	0.00867
124	0.00914	0.00660	0.00864	0.00813	0.00965	0.00610	0.00610	0.01219	0.01829	0.02591	0.72921	0.04827	0.06097	0.01321	0.00762	0.00203	0.00305	0.01169	0.00711	0.00610
125	0.01340	0.01148	0.01340	0.00957	0.01531	0.00861	0.00766	0.01627	0.01340	0.02105	0.01148	0.01340	0.00957	0.00479	0.00479	0.00096	0.00479	0.00383	0.00383	0.81242
126	0.00935	0.00682	0.00884	0.00849	0.01002	0.00642	0.00640	0.01277	0.04001	0.02516	0.64011	0.08795	0.05768	0.01365	0.00768	0.00211	0.00327	0.04013	0.00699	0.00617
127	0.81856	0.01250	0.00950	0.00850	0.01250	0.01449	0.00700	0.01899	0.01100	0.02899	0.00900	0.01050	0.00700	0.00600	0.00400	0.00200	0.00500	0.00350	0.00400	0.00700
128	0.01530	0.05742	0.02076	0.01676	0.01770	0.08378	0.03432	0.01759	0.04059	0.01619	0.00952	0.01422	0.00897	0.01030	0.01791	0.00260	0.60015	0.00553	0.00304	0.00735
129	0.00764	0.00655	0.00655	0.00655	0.00873	0.00545	0.00491	0.00927	0.01473	0.01745	0.06546	0.06218	0.73000	0.01636	0.00764	0.00218	0.00327	0.01364	0.00600	0.00545
130	0.01340	0.01148	0.01340	0.00957	0.01531	0.00861	0.00766	0.01627	0.01340	0.02105	0.01148	0.01340	0.00957	0.00479	0.00479	0.00096	0.00479	0.00383	0.00383	0.81242
131	0.01220	0.01148	0.01938	0.75739	0.04450	0.01436	0.01794	0.01651	0.01292	0.01651	0.01148	0.01723	0.00861	0.00646	0.00646	0.00215	0.00861	0.00574	0.00287	0.00718
132	0.02122	0.01680	0.01971	0.01550	0.02035	0.01853	0.07569	0.44920	0.23150	0.03487	0.01845	0.01821	0.01344	0.00784	0.00660	0.00204	0.00687	0.00642	0.00620	0.01056
133	0.00831	0.00604	0.00791	0.00910	0.00989	0.00564	0.00652	0.00990	0.01343	0.01777	0.09668	0.54853	0.10544	0.01897	0.00823	0.00258	0.00395	0.10960	0.00609	0.00543
134	0.01693	0.01416	0.01505	0.01332	0.01708	0.01622	0.01050	0.12079	0.60242	0.02848	0.02524	0.02503	0.01932	0.00901	0.00666	0.00219	0.00541	0.03551	0.00653	0.01015
135	0.00846	0.00658	0.00769	0.00741	0.00924	0.00581	0.00556	0.01087	0.01668	0.02209	0.42957	0.05455	0.36298	0.01463	0.00763	0.00210	0.00315	0.01257	0.00661	0.00581
136	0.01038	0.00686	0.00908	0.00926	0.01014	0.00711	0.00673	0.01180	0.01129	0.05066	0.02307	0.09227	0.02450	0.32966	0.24772	0.00652	0.00943	0.12377	0.00447	0.00528
137	0.01204	0.00602	0.00602	0.00602	0.00753	0.00602	0.00452	0.01506	0.01355	0.02409	0.02108	0.02409	0.01656	0.00753	0.00452	0.00151	0.00301	0.00602	0.80879	0.00602
138	0.01220	0.01148	0.01938	0.75739	0.04450	0.01436	0.01794	0.01651	0.01292	0.01651	0.01148	0.01723	0.00861	0.00646	0.00646	0.00215	0.00861	0.00574	0.00287	0.00718
