[name]
unknown

[dist]
# distance from previous block
# <min> <max>
0	53

[block]
# block no. 0 follows, 29 sequences, length 46
# corresponding to MSA columns:
# 58-103
name=unknown_A
#
# <colnr> <probs for GDERKNQSTAVLIFYWHMCP>
#	G	D	E	R	K	N	Q	S	T	A	V	L	I	F	Y	W	H	M	C	P
0	0.01147	0.00820	0.01147	0.01311	0.01475	0.00820	0.01147	0.01475	0.01639	0.02131	0.03770	0.08032	0.04098	0.01967	0.00984	0.00328	0.00656	0.65741	0.00656	0.00656
1	0.01574	0.01179	0.01257	0.01145	0.01475	0.01277	0.00886	0.02790	0.38455	0.06578	0.06331	0.03512	0.14594	0.01109	0.00710	0.00226	0.00479	0.00921	0.14566	0.00936
2	0.01760	0.09367	0.44629	0.01811	0.02653	0.04327	0.02087	0.09369	0.09745	0.05325	0.01546	0.01660	0.01122	0.00734	0.00667	0.00218	0.00931	0.00564	0.00420	0.01064
3	0.01513	0.16440	0.59270	0.01885	0.02859	0.01861	0.02380	0.02233	0.01493	0.02152	0.01227	0.01439	0.00904	0.00665	0.00637	0.00212	0.01001	0.00500	0.00301	0.01028
4	0.02798	0.01927	0.02037	0.01579	0.02133	0.06123	0.01296	0.51877	0.03018	0.17097	0.01885	0.01821	0.01299	0.00853	0.00709	0.00213	0.00779	0.00645	0.00724	0.01188
5	0.65737	0.01796	0.13801	0.01135	0.01687	0.01608	0.01109	0.02123	0.01265	0.03024	0.01043	0.01220	0.00795	0.00664	0.00483	0.00221	0.00642	0.00411	0.00415	0.00822
6	0.01444	0.01228	0.01440	0.01044	0.01644	0.00930	0.00832	0.01762	0.01514	0.02357	0.06053	0.01744	0.01448	0.00592	0.00549	0.00114	0.00514	0.00482	0.00447	0.73862
7	0.80005	0.01377	0.01047	0.00936	0.01377	0.01597	0.00771	0.02093	0.01212	0.03195	0.00991	0.01157	0.00771	0.00661	0.00441	0.00220	0.00551	0.00386	0.00441	0.00771
8	0.01147	0.00820	0.01147	0.01311	0.01475	0.00820	0.01147	0.01475	0.01639	0.02131	0.03770	0.08032	0.04098	0.01967	0.00984	0.00328	0.00656	0.65741	0.00656	0.00656
9	0.01762	0.01692	0.02890	0.04371	0.70533	0.01692	0.02185	0.02185	0.01621	0.02326	0.01339	0.01762	0.01128	0.00634	0.00705	0.00211	0.00846	0.00634	0.00352	0.01128
10	0.01011	0.00787	0.00930	0.00917	0.01118	0.00737	0.00697	0.01408	0.06954	0.02426	0.34283	0.10412	0.27587	0.01626	0.00847	0.00243	0.00391	0.06231	0.00720	0.00675
11	0.00875	0.00645	0.00822	0.00960	0.01039	0.00592	0.00661	0.01016	0.01417	0.01848	0.04460	0.60671	0.15472	0.02150	0.00901	0.00283	0.00414	0.04528	0.00661	0.00585
12	0.00902	0.00644	0.00866	0.01031	0.01087	0.00608	0.00721	0.01051	0.01397	0.01856	0.03906	0.66370	0.04635	0.02199	0.00918	0.00294	0.00443	0.09826	0.00660	0.00588
13	0.01090	0.00778	0.01081	0.01245	0.01384	0.00770	0.01047	0.01375	0.01582	0.02066	0.03802	0.21795	0.04225	0.02022	0.00968	0.00320	0.00605	0.52550	0.00657	0.00640
14	0.01904	0.75404	0.03731	0.01218	0.01828	0.02818	0.01218	0.02132	0.01447	0.01675	0.00990	0.01142	0.00914	0.00609	0.00457	0.00152	0.00761	0.00381	0.00305	0.00914
15	0.01682	0.01610	0.02745	0.17594	0.57936	0.01671	0.02145	0.02115	0.01583	0.02229	0.01325	0.01788	0.01094	0.00649	0.00706	0.00216	0.00866	0.00634	0.00346	0.01063
16	0.01560	0.12631	0.37644	0.02171	0.03001	0.01844	0.21816	0.02200	0.01549	0.02183	0.03300	0.01693	0.01129	0.00688	0.00761	0.00223	0.03662	0.00626	0.00334	0.00985
17	0.01771	0.01530	0.01610	0.01449	0.01852	0.01771	0.01127	0.03784	0.69247	0.02979	0.02898	0.02657	0.02174	0.00966	0.00725	0.00242	0.00564	0.00805	0.00725	0.01127
18	0.01727	0.01492	0.01568	0.01415	0.01810	0.01716	0.01099	0.03654	0.66064	0.02929	0.03101	0.02854	0.05378	0.01005	0.00730	0.00241	0.00554	0.00838	0.00722	0.01102
19	0.02707	0.01995	0.02137	0.01638	0.02208	0.02208	0.01353	0.68159	0.03348	0.04488	0.01710	0.01710	0.01211	0.00855	0.00712	0.00214	0.00784	0.00641	0.00712	0.01211
20	0.00922	0.00770	0.00809	0.00791	0.01030	0.00681	0.00596	0.01234	0.05685	0.02128	0.16546	0.06371	0.56539	0.01701	0.00834	0.00238	0.00369	0.01429	0.00684	0.00643
21	0.00922	0.00724	0.00833	0.00806	0.01011	0.00635	0.00604	0.01177	0.01812	0.02373	0.37580	0.06113	0.39598	0.01636	0.00841	0.00232	0.00349	0.01399	0.00720	0.00635
22	0.02707	0.01995	0.02137	0.01638	0.02208	0.02208	0.01353	0.68159	0.03348	0.04488	0.01710	0.01710	0.01211	0.00855	0.00712	0.00214	0.00784	0.00641	0.00712	0.01211
23	0.01079	0.00775	0.01067	0.01226	0.01366	0.00762	0.01026	0.01360	0.01581	0.02059	0.03912	0.21896	0.06325	0.02017	0.00963	0.00317	0.00596	0.50378	0.00657	0.00638
24	0.01865	0.00909	0.01218	0.01054	0.01361	0.00811	0.00820	0.02153	0.01953	0.29932	0.36040	0.11743	0.04522	0.01312	0.00798	0.00230	0.00452	0.01140	0.00809	0.00877
25	0.01044	0.00724	0.00949	0.00949	0.01020	0.00786	0.00658	0.01187	0.01116	0.01588	0.02085	0.03636	0.02151	0.36740	0.36749	0.00880	0.01261	0.00881	0.05053	0.00545
26	0.21043	0.01753	0.01820	0.01427	0.01964	0.01922	0.01178	0.44640	0.02683	0.12306	0.01674	0.01666	0.01174	0.00812	0.00649	0.00216	0.00707	0.00590	0.00669	0.01107
27	0.01686	0.01876	0.03949	0.03135	0.12413	0.01802	0.56656	0.02246	0.01649	0.02264	0.01407	0.01885	0.01081	0.00631	0.00883	0.00239	0.04061	0.00805	0.00357	0.00975
28	0.02583	0.01907	0.02052	0.01597	0.02132	0.02114	0.01308	0.60977	0.07830	0.04252	0.01773	0.01794	0.01279	0.00928	0.00797	0.03401	0.00762	0.00652	0.00697	0.01169
29	0.01512	0.16377	0.59329	0.01886	0.02860	0.01860	0.02381	0.02233	0.01493	0.02152	0.01227	0.01439	0.00904	0.00665	0.00638	0.00213	0.01001	0.00500	0.00301	0.01028
30	0.00954	0.00758	0.00879	0.00939	0.01151	0.00682	0.00765	0.01189	0.01629	0.02000	0.05943	0.07288	0.45841	0.01864	0.00894	0.00273	0.00470	0.25202	0.00659	0.00621
31	0.01056	0.00899	0.01527	0.01389	0.01568	0.00846	0.14714	0.01266	0.01395	0.01868	0.03225	0.51846	0.03723	0.09677	0.01185	0.00322	0.00608	0.01671	0.00573	0.00643
32	0.01559	0.01683	0.03551	0.02636	0.03236	0.01587	0.53960	0.02095	0.01662	0.02238	0.01933	0.05640	0.01734	0.00896	0.00868	0.00257	0.01078	0.12072	0.00422	0.00894
33	0.01677	0.01605	0.02736	0.18468	0.57104	0.01669	0.02143	0.02110	0.01581	0.02223	0.01324	0.01790	0.01091	0.00650	0.00706	0.00217	0.00867	0.00634	0.00345	0.01059
34	0.01428	0.03683	0.71286	0.02030	0.03082	0.01654	0.02631	0.02255	0.01503	0.02255	0.01278	0.01503	0.00902	0.00677	0.00677	0.00226	0.01052	0.00526	0.00301	0.01052
35	0.01008	0.00728	0.00952	0.00896	0.01064	0.00672	0.00672	0.01344	0.02016	0.02855	0.70158	0.05319	0.06719	0.01456	0.00840	0.00224	0.00336	0.01288	0.00784	0.00672
36	0.01022	0.00745	0.01052	0.01052	0.01147	0.00840	0.00775	0.01212	0.01117	0.01585	0.01992	0.03265	0.01983	0.22828	0.54944	0.01030	0.01602	0.00831	0.00394	0.00584
37	0.00868	0.00620	0.00826	0.00991	0.01033	0.00578	0.00661	0.00991	0.01363	0.01818	0.03925	0.74510	0.04710	0.02231	0.00909	0.00289	0.00413	0.02024	0.00661	0.00578
38	0.01005	0.00678	0.00786	0.00816	0.00823	0.00670	0.00473	0.01028	0.01095	0.01460	0.02549	0.17344	0.02974	0.61766	0.03131	0.00617	0.00640	0.01215	0.00473	0.00458
39	0.01466	0.07884	0.64843	0.02016	0.03030	0.01728	0.04909	0.02249	0.01506	0.02222	0.01267	0.01497	0.00909	0.00670	0.00669	0.00222	0.01040	0.00529	0.00303	0.01041
40	0.01343	0.01257	0.02114	0.67657	0.07385	0.01547	0.01934	0.01801	0.01429	0.01840	0.01373	0.04749	0.01104	0.00769	0.00719	0.00238	0.00924	0.00688	0.00331	0.00796
41	0.00850	0.00687	0.00757	0.00814	0.00986	0.00593	0.00582	0.01012	0.01534	0.01887	0.06089	0.29984	0.47839	0.01950	0.00865	0.00257	0.00379	0.01681	0.00661	0.00593
42	0.01904	0.75404	0.03731	0.01218	0.01828	0.02818	0.01218	0.02132	0.01447	0.01675	0.00990	0.01142	0.00914	0.00609	0.00457	0.00152	0.00761	0.00381	0.00305	0.00914
43	0.02562	0.01851	0.01940	0.01537	0.02050	0.06058	0.01250	0.45007	0.10241	0.12526	0.06048	0.02095	0.01699	0.00899	0.00718	0.00216	0.00740	0.00697	0.00719	0.01147
44	0.35834	0.01403	0.01306	0.01186	0.03729	0.06749	0.00904	0.02126	0.03553	0.09024	0.10386	0.02261	0.05830	0.00864	0.00637	0.00208	0.02648	0.00634	0.00532	0.10187
45	0.09966	0.01740	0.01807	0.27913	0.02937	0.16108	0.01419	0.10300	0.03780	0.04701	0.10745	0.02176	0.01804	0.00843	0.00687	0.00219	0.00851	0.00669	0.00482	0.00855

[dist]
# distance from previous block
# <min> <max>
0	4

[block]
# block no. 1 follows, 29 sequences, length 33
# corresponding to MSA columns:
# 108-140
name=unknown_B
#
# <colnr> <probs for GDERKNQSTAVLIFYWHMCP>
#	G	D	E	R	K	N	Q	S	T	A	V	L	I	F	Y	W	H	M	C	P
0	0.02267	0.02420	0.01999	0.01826	0.05281	0.34599	0.03674	0.13222	0.13221	0.02409	0.01608	0.03965	0.01324	0.00942	0.00868	0.04405	0.03936	0.00631	0.00484	0.00919
1	0.01518	0.10080	0.49617	0.01786	0.02638	0.01708	0.02137	0.05428	0.06808	0.02384	0.05641	0.04120	0.01488	0.00797	0.00678	0.00221	0.00910	0.00633	0.00394	0.01014
2	0.28823	0.01526	0.01684	0.18055	0.06381	0.05329	0.01274	0.07911	0.04518	0.04534	0.01306	0.01570	0.01006	0.00716	0.00650	0.00212	0.03311	0.00523	0.00444	0.10225
3	0.00943	0.00680	0.00896	0.01040	0.01125	0.00645	0.00762	0.01116	0.01436	0.01883	0.04057	0.49487	0.09469	0.05624	0.01053	0.00314	0.00483	0.17747	0.00649	0.00592
4	0.01740	0.01716	0.02699	0.16864	0.54357	0.05927	0.02098	0.02158	0.01609	0.02198	0.01311	0.01758	0.01082	0.00655	0.00702	0.00215	0.00891	0.00624	0.00347	0.01048
5	0.01335	0.01232	0.01665	0.01506	0.01571	0.03676	0.01213	0.01526	0.01139	0.01673	0.01418	0.02228	0.01375	0.06520	0.32201	0.00682	0.37290	0.00698	0.00349	0.00702
6	0.00882	0.00630	0.00843	0.01008	0.01056	0.00591	0.00687	0.01017	0.01378	0.01834	0.03916	0.70985	0.04677	0.02217	0.00913	0.00291	0.00426	0.05403	0.00661	0.00582
7	0.01763	0.01685	0.02835	0.04244	0.67550	0.01695	0.02139	0.02255	0.04558	0.02355	0.01407	0.01801	0.01173	0.00649	0.00706	0.00213	0.00834	0.00642	0.00369	0.01128
8	0.01327	0.00664	0.00664	0.00664	0.00830	0.00664	0.00498	0.01659	0.01493	0.02655	0.02323	0.02655	0.01825	0.00830	0.00498	0.00166	0.00332	0.00664	0.78928	0.00664
9	0.00846	0.00705	0.00738	0.00764	0.00973	0.00598	0.00560	0.01017	0.01582	0.01907	0.06699	0.17440	0.59990	0.01870	0.00852	0.00248	0.00369	0.01584	0.00661	0.00598
10	0.01360	0.00831	0.01081	0.00973	0.01206	0.00771	0.00745	0.01755	0.04747	0.12858	0.57552	0.04786	0.05807	0.01352	0.00817	0.00224	0.00385	0.01184	0.00796	0.00770
11	0.01025	0.00686	0.00780	0.00790	0.00792	0.00684	0.00445	0.01033	0.01055	0.01407	0.02345	0.08881	0.02717	0.70580	0.03460	0.00666	0.00674	0.01095	0.00445	0.00440
12	0.00897	0.00693	0.00822	0.00873	0.01030	0.00618	0.00635	0.01096	0.01615	0.02082	0.18371	0.29120	0.32810	0.01885	0.00870	0.00258	0.00387	0.04642	0.00685	0.00610
13	0.01345	0.01266	0.02136	0.73264	0.04904	0.01582	0.01978	0.01819	0.01424	0.01819	0.01266	0.01898	0.00949	0.00712	0.00712	0.00237	0.00949	0.00633	0.00316	0.00791
14	0.01477	0.01266	0.01477	0.01055	0.01687	0.00949	0.00844	0.01793	0.01477	0.02320	0.01266	0.01477	0.01055	0.00527	0.00527	0.00105	0.00527	0.00422	0.00422	0.79328
15	0.01830	0.01559	0.01643	0.01461	0.01874	0.01798	0.01141	0.07804	0.65131	0.03073	0.02824	0.02598	0.02114	0.00959	0.00724	0.00240	0.00577	0.00795	0.00724	0.01132
16	0.01764	0.01760	0.06307	0.10785	0.40008	0.01659	0.12318	0.05679	0.01699	0.04415	0.01403	0.01788	0.01109	0.00652	0.00715	0.00213	0.00893	0.00651	0.00386	0.05795
17	0.01594	0.15713	0.38430	0.02248	0.05875	0.01899	0.20004	0.02238	0.01546	0.02163	0.01274	0.01564	0.00962	0.00642	0.00683	0.00216	0.01033	0.00590	0.00320	0.01006
18	0.02660	0.03394	0.02018	0.01834	0.02201	0.72116	0.01376	0.02843	0.02018	0.01743	0.01101	0.01284	0.00917	0.00734	0.00642	0.00183	0.01284	0.00459	0.00367	0.00825
19	0.00882	0.00723	0.00777	0.00764	0.00987	0.00618	0.00573	0.01100	0.01718	0.02149	0.22467	0.06481	0.54850	0.01719	0.00841	0.00236	0.00355	0.01451	0.00691	0.00618
20	0.09854	0.09312	0.11183	0.03416	0.02141	0.01556	0.11378	0.02243	0.08467	0.10519	0.02115	0.09721	0.04108	0.05230	0.00968	0.00260	0.05309	0.00825	0.00497	0.00897
21	0.01226	0.00866	0.01148	0.08608	0.01596	0.00891	0.00899	0.07737	0.01576	0.04973	0.03198	0.45906	0.03583	0.07386	0.02938	0.00328	0.00587	0.05254	0.00615	0.00684
22	0.00868	0.00620	0.00826	0.00991	0.01033	0.00578	0.00661	0.00991	0.01363	0.01818	0.03925	0.74510	0.04710	0.02231	0.00909	0.00289	0.00413	0.02024	0.00661	0.00578
23	0.02179	0.01294	0.01698	0.01335	0.01764	0.01298	0.08583	0.19981	0.02141	0.19264	0.02172	0.02263	0.01560	0.00822	0.00646	0.00200	0.00617	0.00690	0.30518	0.00974
24	0.05661	0.07489	0.02408	0.13130	0.09775	0.25673	0.10029	0.06044	0.01802	0.02141	0.01475	0.02173	0.01283	0.00817	0.00699	0.00217	0.01015	0.06888	0.00403	0.00878
25	0.01428	0.03683	0.71286	0.02030	0.03082	0.01654	0.02631	0.02255	0.01503	0.02255	0.01278	0.01503	0.00902	0.00677	0.00677	0.00226	0.01052	0.00526	0.00301	0.01052
26	0.00868	0.00620	0.00826	0.00991	0.01033	0.00578	0.00661	0.00991	0.01363	0.01818	0.03925	0.74510	0.04710	0.02231	0.00909	0.00289	0.00413	0.02024	0.00661	0.00578
27	0.01440	0.01381	0.02392	0.56658	0.16798	0.01615	0.05816	0.01913	0.01475	0.01938	0.01289	0.01875	0.00989	0.00691	0.00718	0.00233	0.00945	0.00645	0.00325	0.00862
28	0.01931	0.01813	0.01661	0.05925	0.01951	0.20466	0.01173	0.18927	0.01977	0.02455	0.01631	0.02113	0.01380	0.04907	0.24147	0.00526	0.01271	0.00646	0.04262	0.00839
29	0.01477	0.01266	0.01477	0.01055	0.01687	0.00949	0.00844	0.01793	0.01477	0.02320	0.01266	0.01477	0.01055	0.00527	0.00527	0.00105	0.00527	0.00422	0.00422	0.79328
30	0.01652	0.01579	0.02691	0.22540	0.53225	0.01663	0.02131	0.02089	0.01569	0.02193	0.01320	0.01798	0.01081	0.00655	0.00707	0.00218	0.00873	0.00634	0.00343	0.01039
31	0.01018	0.00759	0.01123	0.01123	0.01243	0.00879	0.00864	0.01258	0.01138	0.01637	0.01927	0.02905	0.01827	0.09353	0.68205	0.01118	0.01837	0.00779	0.00384	0.00624
32	0.65777	0.06075	0.01346	0.01039	0.01506	0.01747	0.00870	0.10087	0.01485	0.03256	0.01078	0.01223	0.00833	0.00681	0.00475	0.00215	0.00592	0.00416	0.00465	0.00833

[dist]
# distance from previous block
# <min> <max>
4	10

[block]
# block no. 2 follows, 29 sequences, length 102
# corresponding to MSA columns:
# 151-196,274-288,290-318,328-339
name=unknown_C
#
# <colnr> <probs for GDERKNQSTAVLIFYWHMCP>
#	G	D	E	R	K	N	Q	S	T	A	V	L	I	F	Y	W	H	M	C	P
0	0.02397	0.01397	0.01682	0.01258	0.01846	0.01250	0.01028	0.16293	0.02084	0.29304	0.01954	0.01891	0.01361	0.00732	0.00639	0.00172	0.00611	0.00581	0.00660	0.32858
1	0.01634	0.01561	0.02659	0.25530	0.50376	0.01658	0.02122	0.02073	0.01561	0.02171	0.01317	0.01804	0.01073	0.00658	0.00707	0.00219	0.00878	0.00634	0.00341	0.01024
2	0.02656	0.01363	0.01659	0.01350	0.01848	0.01362	0.01090	0.06514	0.26494	0.43311	0.02792	0.02476	0.01887	0.00911	0.00719	0.00228	0.00599	0.00745	0.00817	0.01181
3	0.01904	0.75404	0.03731	0.01218	0.01828	0.02818	0.01218	0.02132	0.01447	0.01675	0.00990	0.01142	0.00914	0.00609	0.00457	0.00152	0.00761	0.00381	0.00305	0.00914
4	0.00861	0.00722	0.00748	0.00742	0.00974	0.00609	0.00556	0.01060	0.01669	0.02033	0.14606	0.06673	0.62784	0.01763	0.00841	0.00239	0.00358	0.01478	0.00676	0.00609
5	0.01762	0.01692	0.02890	0.04371	0.70533	0.01692	0.02185	0.02185	0.01621	0.02326	0.01339	0.01762	0.01128	0.00634	0.00705	0.00211	0.00846	0.00634	0.00352	0.01128
6	0.01448	0.01041	0.01214	0.01137	0.01417	0.01081	0.00879	0.05754	0.19005	0.08693	0.06113	0.13688	0.19181	0.02002	0.10846	0.00374	0.00696	0.03934	0.00665	0.00833
7	0.00868	0.00620	0.00826	0.00991	0.01033	0.00578	0.00661	0.00991	0.01363	0.01818	0.03925	0.74510	0.04710	0.02231	0.00909	0.00289	0.00413	0.02024	0.00661	0.00578
8	0.03195	0.01212	0.01652	0.01267	0.01818	0.01047	0.01047	0.03470	0.02038	0.71026	0.02809	0.02424	0.01763	0.00881	0.00716	0.00220	0.00606	0.00716	0.00881	0.01212
9	0.01444	0.06004	0.69100	0.02003	0.03041	0.01691	0.02585	0.02251	0.01502	0.02236	0.01269	0.01492	0.00902	0.00674	0.00669	0.00223	0.01043	0.00521	0.00301	0.01048
10	0.02145	0.01527	0.01563	0.01295	0.01650	0.07331	0.01042	0.27384	0.02256	0.08978	0.01901	0.02059	0.01428	0.00874	0.00779	0.00204	0.07337	0.00639	0.28664	0.00944
11	0.01904	0.75404	0.03731	0.01218	0.01828	0.02818	0.01218	0.02132	0.01447	0.01675	0.00990	0.01142	0.00914	0.00609	0.00457	0.00152	0.00761	0.00381	0.00305	0.00914
12	0.01428	0.03683	0.71286	0.02030	0.03082	0.01654	0.02631	0.02255	0.01503	0.02255	0.01278	0.01503	0.00902	0.00677	0.00677	0.00226	0.01052	0.00526	0.00301	0.01052
13	0.05487	0.01838	0.03227	0.04013	0.03036	0.01878	0.39477	0.19405	0.02049	0.02841	0.01641	0.01967	0.03337	0.00753	0.00882	0.00237	0.05708	0.00770	0.00462	0.00990
14	0.01428	0.03683	0.71286	0.02030	0.03082	0.01654	0.02631	0.02255	0.01503	0.02255	0.01278	0.01503	0.00902	0.00677	0.00677	0.00226	0.01052	0.00526	0.00301	0.01052
15	0.01663	0.01237	0.01419	0.01208	0.01532	0.01302	0.00950	0.24903	0.08399	0.03392	0.37423	0.06807	0.04305	0.01236	0.00788	0.00225	0.00516	0.01051	0.00748	0.00897
16	0.01008	0.00728	0.00952	0.00896	0.01064	0.00672	0.00672	0.01344	0.02016	0.02855	0.70158	0.05319	0.06719	0.01456	0.00840	0.00224	0.00336	0.01288	0.00784	0.00672
17	0.01449	0.01386	0.02391	0.55398	0.18809	0.01615	0.05038	0.01918	0.01478	0.01948	0.01289	0.01871	0.00993	0.00690	0.00716	0.00232	0.00939	0.00643	0.00326	0.00870
18	0.01450	0.06962	0.68197	0.01992	0.03025	0.01707	0.02566	0.02249	0.01501	0.02229	0.01265	0.01487	0.00903	0.00673	0.00666	0.00222	0.01039	0.00520	0.00301	0.01046
19	0.00995	0.00726	0.00924	0.00875	0.01042	0.00667	0.00649	0.01302	0.01936	0.02707	0.61550	0.05423	0.12083	0.04848	0.00967	0.00247	0.00354	0.01295	0.00757	0.00655
20	0.01682	0.01779	0.03401	0.03199	0.23877	0.01842	0.34681	0.02140	0.01546	0.02183	0.01310	0.01801	0.01066	0.00738	0.01093	0.00245	0.15357	0.00734	0.00348	0.00976
21	0.01428	0.03683	0.71286	0.02030	0.03082	0.01654	0.02631	0.02255	0.01503	0.02255	0.01278	0.01503	0.00902	0.00677	0.00677	0.00226	0.01052	0.00526	0.00301	0.01052
22	0.00995	0.00712	0.00887	0.00914	0.00997	0.00704	0.00617	0.01190	0.03259	0.01908	0.17312	0.23143	0.07022	0.27266	0.09435	0.00501	0.00653	0.01337	0.00580	0.00570
23	0.01019	0.00757	0.01112	0.01112	0.01228	0.00872	0.00850	0.01251	0.01135	0.01629	0.01937	0.02962	0.01852	0.11499	0.66093	0.01104	0.01800	0.00787	0.00386	0.00618
24	0.13099	0.01161	0.01477	0.01231	0.01695	0.01078	0.01028	0.02915	0.01853	0.49134	0.02745	0.03297	0.02064	0.01054	0.00729	0.00240	0.00608	0.12762	0.00780	0.01049
25	0.01904	0.75404	0.03731	0.01218	0.01828	0.02818	0.01218	0.02132	0.01447	0.01675	0.00990	0.01142	0.00914	0.00609	0.00457	0.00152	0.00761	0.00381	0.00305	0.00914
26	0.01020	0.00753	0.01095	0.01095	0.01206	0.00863	0.00829	0.01240	0.01130	0.01617	0.01952	0.03046	0.01888	0.14622	0.63019	0.01084	0.01745	0.00799	0.00388	0.00609
27	0.00866	0.00624	0.00822	0.00980	0.01030	0.00579	0.00656	0.00993	0.01374	0.01822	0.04064	0.71637	0.07493	0.02213	0.00906	0.00287	0.00411	0.02002	0.00661	0.00579
28	0.02702	0.01207	0.01545	0.01191	0.01711	0.01064	0.00974	0.07191	0.01979	0.48995	0.02460	0.02267	0.01632	0.00823	0.00664	0.00197	0.00575	0.00663	0.09733	0.12427
29	0.00959	0.00726	0.00886	0.00864	0.01049	0.00654	0.00652	0.01240	0.01859	0.02508	0.46082	0.08252	0.25741	0.01609	0.00849	0.00236	0.00360	0.04093	0.00737	0.00647
30	0.09147	0.09249	0.02116	0.01656	0.02100	0.42923	0.01305	0.18694	0.02225	0.02531	0.01231	0.01365	0.00976	0.00746	0.00626	0.00191	0.01053	0.00490	0.00452	0.00923
31	0.01576	0.01262	0.01546	0.07454	0.01980	0.01011	0.00957	0.01903	0.01508	0.06705	0.01365	0.01575	0.01091	0.00566	0.00556	0.00125	0.00570	0.00459	0.00442	0.67346
32	0.01896	0.02122	0.02131	0.01859	0.01971	0.23661	0.01502	0.02061	0.01375	0.01723	0.00986	0.01474	0.00929	0.01089	0.01816	0.00272	0.51439	0.00573	0.00329	0.00793
33	0.00868	0.00620	0.00826	0.00991	0.01033	0.00578	0.00661	0.00991	0.01363	0.01818	0.03925	0.74510	0.04710	0.02231	0.00909	0.00289	0.00413	0.02024	0.00661	0.00578
34	0.01036	0.00690	0.00777	0.00777	0.00777	0.00690	0.00431	0.01036	0.01036	0.01381	0.02244	0.04660	0.02589	0.74975	0.03624	0.00690	0.00690	0.01036	0.00431	0.00431
35	0.02676	0.01979	0.02120	0.01632	0.02197	0.02194	0.01346	0.66065	0.05491	0.04439	0.01748	0.01740	0.01242	0.00858	0.00713	0.00215	0.00776	0.00646	0.00713	0.01208
36	0.00908	0.00659	0.00819	0.00920	0.00996	0.00613	0.00621	0.01037	0.01391	0.01825	0.07525	0.46869	0.14483	0.14165	0.01347	0.00346	0.00455	0.03828	0.00629	0.00565
37	0.40908	0.02311	0.01544	0.01391	0.01778	0.34000	0.01085	0.02420	0.01576	0.02460	0.01039	0.01234	0.00846	0.00721	0.00620	0.00208	0.04231	0.00430	0.00401	0.00796
38	0.00855	0.00705	0.00754	0.00789	0.00990	0.00603	0.00581	0.01030	0.01575	0.01910	0.06500	0.19467	0.56093	0.01888	0.00858	0.00252	0.00379	0.03509	0.00661	0.00599
39	0.01683	0.01618	0.01597	0.01366	0.04628	0.13333	0.01009	0.03921	0.05314	0.02299	0.07473	0.02031	0.01675	0.04505	0.00815	0.00181	0.03039	0.00579	0.00463	0.42472
40	0.16691	0.01426	0.01488	0.01477	0.06931	0.05305	0.01077	0.04714	0.22624	0.08374	0.02562	0.02850	0.06952	0.00992	0.00720	0.00232	0.02716	0.05368	0.06567	0.00933
41	0.01393	0.00768	0.00794	0.00758	0.00955	0.00783	0.00579	0.06466	0.01620	0.02713	0.02482	0.02782	0.04877	0.01067	0.03572	0.00214	0.00433	0.00704	0.66340	0.00700
42	0.01609	0.01064	0.01313	0.01238	0.01504	0.01088	0.00987	0.16803	0.01974	0.09579	0.06116	0.22316	0.06639	0.01933	0.07083	0.00343	0.00699	0.16221	0.00675	0.00816
43	0.01805	0.05803	0.12797	0.06722	0.04780	0.06021	0.26589	0.02324	0.03616	0.08793	0.01654	0.01956	0.03256	0.00782	0.00940	0.00236	0.09851	0.00711	0.00411	0.00953
44	0.37015	0.06630	0.04813	0.05386	0.01937	0.07595	0.01146	0.10218	0.01685	0.12348	0.01365	0.01484	0.01006	0.00746	0.00637	0.00217	0.03861	0.00498	0.00500	0.00913
45	0.01065	0.00853	0.01049	0.07446	0.01475	0.03751	0.00837	0.04040	0.01482	0.01930	0.03475	0.61864	0.04066	0.01974	0.00872	0.00277	0.00513	0.01776	0.00620	0.00635
46	0.08793	0.04292	0.01809	0.04012	0.04098	0.18109	0.01237	0.17595	0.07665	0.06768	0.01989	0.09082	0.01773	0.01040	0.00752	0.00228	0.02794	0.06473	0.00561	0.00929
47	0.01227	0.00622	0.00920	0.00920	0.00920	0.00622	0.00609	0.00933	0.00933	0.01244	0.01288	0.02292	0.01306	0.06173	0.02826	0.75273	0.00622	0.00640	0.00315	0.00315
48	0.02048	0.09653	0.06026	0.01703	0.02129	0.38497	0.07745	0.02311	0.01768	0.01863	0.01747	0.11851	0.03832	0.00942	0.00684	0.00201	0.01020	0.00746	0.00411	0.04823
49	0.01595	0.01410	0.01987	0.01497	0.02028	0.01292	0.11922	0.09562	0.01680	0.02460	0.01545	0.06970	0.01367	0.00960	0.03844	0.00213	0.05805	0.00662	0.00454	0.42747
50	0.04469	0.24223	0.10865	0.01540	0.02086	0.05095	0.07219	0.05232	0.08076	0.10118	0.06738	0.04244	0.01706	0.00847	0.00730	0.00209	0.04494	0.00665	0.00487	0.00957
51	0.02211	0.01360	0.02001	0.01597	0.01932	0.01485	0.08402	0.04238	0.01637	0.30360	0.02155	0.02372	0.04330	0.04788	0.01410	0.00275	0.24720	0.00745	0.03022	0.00959
52	0.00890	0.00655	0.00919	0.01047	0.01107	0.00612	0.02506	0.01027	0.01372	0.01830	0.03857	0.72520	0.04610	0.02186	0.00907	0.00288	0.00435	0.01992	0.00653	0.00589
53	0.04100	0.06337	0.10211	0.02117	0.02656	0.03579	0.27213	0.06735	0.07764	0.02354	0.01820	0.04292	0.04765	0.00873	0.00989	0.00242	0.11815	0.00777	0.00428	0.00933
54	0.01345	0.01266	0.02136	0.73264	0.04904	0.01582	0.01978	0.01819	0.01424	0.01819	0.01266	0.01898	0.00949	0.00712	0.00712	0.00237	0.00949	0.00633	0.00316	0.00791
55	0.02041	0.01538	0.01627	0.01368	0.01788	0.01722	0.01091	0.27919	0.30910	0.03491	0.02333	0.02295	0.01739	0.00897	0.00676	0.00216	0.00602	0.00715	0.15963	0.01069
56	0.01399	0.00864	0.01082	0.00994	0.01244	0.00812	0.00770	0.01832	0.07177	0.13200	0.39427	0.07047	0.12555	0.01400	0.00811	0.00232	0.00418	0.04659	0.03298	0.00779
57	0.01697	0.01915	0.06065	0.02778	0.03464	0.01759	0.58064	0.06461	0.01766	0.02398	0.01581	0.05644	0.01271	0.00703	0.00830	0.00240	0.01128	0.00878	0.00396	0.00960
58	0.76061	0.01409	0.01102	0.00972	0.01419	0.01629	0.00801	0.05464	0.01321	0.03261	0.01028	0.01185	0.00794	0.00671	0.00455	0.00220	0.00563	0.00399	0.00455	0.00794
59	0.00896	0.00720	0.00803	0.00833	0.01018	0.00638	0.00605	0.01135	0.03558	0.02046	0.14251	0.23669	0.43617	0.01843	0.00855	0.00251	0.00377	0.01587	0.00679	0.00620
60	0.01515	0.01137	0.01237	0.01117	0.01453	0.01176	0.00866	0.05747	0.27737	0.08636	0.09426	0.06561	0.27821	0.01339	0.00781	0.00238	0.00482	0.01122	0.00717	0.00893
61	0.07921	0.01585	0.01838	0.01418	0.01970	0.01620	0.01171	0.33323	0.02591	0.35855	0.02183	0.02011	0.01443	0.00855	0.00697	0.00217	0.00685	0.00660	0.00775	0.01183
62	0.00999	0.00721	0.00946	0.00916	0.01073	0.00668	0.00684	0.01316	0.01947	0.02743	0.62409	0.11515	0.06466	0.01539	0.00850	0.00233	0.00352	0.03189	0.00769	0.00663
63	0.01073	0.00672	0.00899	0.01016	0.01102	0.00620	0.00695	0.01211	0.01423	0.07938	0.03826	0.68135	0.04449	0.02112	0.00892	0.00283	0.00430	0.01909	0.00680	0.00634
64	0.00868	0.00620	0.00826	0.00991	0.01033	0.00578	0.00661	0.00991	0.01363	0.01818	0.03925	0.74510	0.04710	0.02231	0.00909	0.00289	0.00413	0.02024	0.00661	0.00578
65	0.02744	0.01935	0.02100	0.01610	0.02178	0.02119	0.01330	0.63210	0.03248	0.09578	0.01794	0.01764	0.01253	0.00857	0.00713	0.00214	0.00770	0.00647	0.00725	0.01211
66	0.00883	0.00632	0.00816	0.00956	0.01003	0.00591	0.00631	0.00998	0.01343	0.01779	0.03923	0.63896	0.07879	0.09622	0.01182	0.00328	0.00439	0.01897	0.00638	0.00565
67	0.01708	0.01649	0.02853	0.12751	0.59681	0.01683	0.04930	0.02145	0.01600	0.02262	0.01335	0.01786	0.01104	0.00642	0.00712	0.00216	0.00874	0.00643	0.00348	0.01080
68	0.01427	0.01305	0.02128	0.14234	0.38760	0.01339	0.01666	0.01765	0.01513	0.02077	0.02257	0.16572	0.06328	0.04435	0.00888	0.00255	0.00739	0.00982	0.00431	0.00900
69	0.01667	0.01519	0.01459	0.19520	0.02284	0.17110	0.01143	0.03893	0.05067	0.02203	0.01769	0.02224	0.01431	0.04339	0.03835	0.00259	0.00812	0.00637	0.28068	0.00760
70	0.01435	0.01218	0.01430	0.01041	0.01632	0.00925	0.00829	0.01753	0.01524	0.02368	0.07358	0.01816	0.01556	0.00609	0.00555	0.00116	0.00510	0.00498	0.00454	0.72372
71	0.01433	0.00869	0.01101	0.01027	0.01238	0.00865	0.00765	0.01827	0.08037	0.13373	0.18313	0.11412	0.06479	0.12636	0.13575	0.00457	0.00734	0.01083	0.04026	0.00749
72	0.00856	0.00722	0.00742	0.00737	0.00971	0.00607	0.00553	0.01050	0.01658	0.02006	0.12780	0.06717	0.64626	0.01773	0.00841	0.00239	0.00358	0.01484	0.00672	0.00607
73	0.01345	0.01266	0.02136	0.73264	0.04904	0.01582	0.01978	0.01819	0.01424	0.01819	0.01266	0.01898	0.00949	0.00712	0.00712	0.00237	0.00949	0.00633	0.00316	0.00791
74	0.01068	0.00823	0.01186	0.01159	0.01258	0.00977	0.00887	0.01279	0.01125	0.01622	0.01867	0.02939	0.01814	0.14372	0.56734	0.01009	0.08090	0.00787	0.00382	0.00621
75	0.01606	0.01927	0.09591	0.16183	0.11947	0.01734	0.41934	0.02181	0.01610	0.02198	0.01381	0.01861	0.01046	0.00632	0.00786	0.00235	0.01098	0.00749	0.00346	0.00957
76	0.15299	0.01746	0.01741	0.05066	0.02039	0.14034	0.03254	0.13072	0.02037	0.26866	0.02195	0.02143	0.05714	0.00857	0.00669	0.00215	0.00767	0.00655	0.00631	0.01002
77	0.28811	0.02040	0.01733	0.01570	0.05377	0.18104	0.01194	0.24222	0.02149	0.03196	0.01399	0.01712	0.01120	0.00800	0.00616	0.00214	0.00818	0.03460	0.00519	0.00943
78	0.02707	0.01995	0.02137	0.01638	0.02208	0.02208	0.01353	0.68159	0.03348	0.04488	0.01710	0.01710	0.01211	0.00855	0.00712	0.00214	0.00784	0.00641	0.00712	0.01211
79	0.06744	0.10394	0.22545	0.02297	0.15902	0.01791	0.09483	0.08149	0.04813	0.04638	0.03233	0.01740	0.01230	0.00702	0.00668	0.00212	0.00869	0.00604	0.00418	0.03569
80	0.01379	0.00862	0.01135	0.01114	0.01339	0.00800	0.00893	0.01644	0.01646	0.10928	0.15479	0.09815	0.03846	0.11598	0.01239	0.00323	0.00569	0.27083	0.00657	0.07652
81	0.02689	0.01180	0.01483	0.01179	0.01643	0.01102	0.00960	0.09051	0.04896	0.47337	0.02607	0.02417	0.01743	0.00871	0.00669	0.00209	0.00562	0.00702	0.17609	0.01091
82	0.01864	0.01720	0.03184	0.03676	0.43936	0.01668	0.22282	0.02328	0.01676	0.08388	0.01500	0.01869	0.01169	0.00646	0.00748	0.00221	0.00934	0.00705	0.00402	0.01084
83	0.01505	0.08305	0.08547	0.29147	0.05274	0.01645	0.01602	0.02230	0.14815	0.03913	0.02013	0.08168	0.03882	0.00945	0.00799	0.00237	0.04851	0.00781	0.00451	0.00890
84	0.00868	0.00620	0.00826	0.00991	0.01033	0.00578	0.00661	0.00991	0.01363	0.01818	0.03925	0.74510	0.04710	0.02231	0.00909	0.00289	0.00413	0.02024	0.00661	0.00578
85	0.07796	0.01326	0.01680	0.01296	0.01843	0.01234	0.01071	0.11985	0.02162	0.58062	0.02553	0.02252	0.01629	0.00864	0.00699	0.00219	0.00626	0.00686	0.00832	0.01185
86	0.01582	0.05716	0.34598	0.02699	0.23601	0.01726	0.05583	0.02275	0.05648	0.02270	0.01454	0.01864	0.01159	0.00739	0.00768	0.00227	0.04075	0.02614	0.00357	0.01045
87	0.05129	0.01491	0.02472	0.21293	0.38171	0.01583	0.05671	0.02075	0.04391	0.02228	0.01588	0.05977	0.01389	0.00793	0.00723	0.00229	0.00838	0.02596	0.00389	0.00973
88	0.00957	0.00784	0.00852	0.00843	0.01066	0.00715	0.00628	0.01322	0.07651	0.02177	0.17994	0.12573	0.46476	0.01706	0.00837	0.00242	0.00379	0.01451	0.00689	0.00658
89	0.01384	0.11876	0.05113	0.37792	0.03284	0.01662	0.01588	0.01737	0.01329	0.01747	0.01357	0.02101	0.01188	0.08337	0.08969	0.00375	0.08418	0.00644	0.00332	0.00767
90	0.01538	0.21862	0.47195	0.01813	0.02686	0.01916	0.04922	0.02170	0.01476	0.02074	0.01246	0.01501	0.00962	0.00917	0.04620	0.00259	0.01032	0.00515	0.00309	0.00990
91	0.01220	0.01041	0.01501	0.01300	0.01582	0.01031	0.10218	0.01885	0.15314	0.02565	0.31709	0.14104	0.10850	0.01379	0.00827	0.00240	0.00516	0.01251	0.00683	0.00784
92	0.00926	0.00708	0.00852	0.00946	0.01079	0.00655	0.00687	0.01146	0.03493	0.01912	0.04933	0.38795	0.26715	0.04492	0.00982	0.00290	0.00439	0.09687	0.00654	0.00607
93	0.02272	0.02164	0.01912	0.07947	0.02304	0.22157	0.01326	0.23629	0.20922	0.02987	0.01842	0.01894	0.01388	0.00837	0.00689	0.00213	0.00868	0.00634	0.02994	0.01023
94	0.01704	0.01641	0.02827	0.13544	0.59840	0.01680	0.04044	0.02139	0.01597	0.02257	0.01332	0.01785	0.01103	0.00644	0.00710	0.00216	0.00870	0.00640	0.00348	0.01078
95	0.01470	0.10026	0.65311	0.01958	0.02971	0.01757	0.02506	0.02244	0.01498	0.02204	0.01252	0.01471	0.00903	0.00671	0.00657	0.00219	0.01027	0.00513	0.00301	0.01040
96	0.02648	0.01877	0.04208	0.01573	0.02138	0.01962	0.01322	0.49259	0.09797	0.14797	0.01991	0.01913	0.01387	0.00865	0.00713	0.00218	0.00742	0.00666	0.00727	0.01197
97	0.02660	0.02116	0.04899	0.01680	0.04302	0.15627	0.01350	0.30731	0.07393	0.19167	0.01901	0.01853	0.01335	0.00831	0.00699	0.00212	0.00838	0.00629	0.00656	0.01120
98	0.01167	0.00844	0.01040	0.01097	0.01224	0.00844	0.00774	0.11927	0.01686	0.02252	0.03564	0.62658	0.04140	0.02007	0.00877	0.00277	0.00473	0.01799	0.00669	0.00681
99	0.01034	0.00683	0.00776	0.00791	0.00802	0.00679	0.00455	0.01060	0.01085	0.01477	0.02396	0.10746	0.02742	0.65184	0.03243	0.00631	0.00650	0.01106	0.04007	0.00455
100	0.02156	0.26312	0.17489	0.01612	0.04395	0.05228	0.01550	0.16187	0.01971	0.12320	0.01557	0.03512	0.01203	0.00764	0.00623	0.00198	0.00824	0.00570	0.00485	0.01042
101	0.01223	0.00745	0.00898	0.00861	0.00930	0.00740	0.00541	0.01288	0.01179	0.07633	0.05337	0.04311	0.02624	0.58332	0.09894	0.00672	0.00785	0.00992	0.00482	0.00531

[dist]
# distance from previous block
# <min> <max>
3	8

[block]
# block no. 3 follows, 29 sequences, length 45
# corresponding to MSA columns:
# 348-363,365-393
name=unknown_D
#
# <colnr> <probs for GDERKNQSTAVLIFYWHMCP>
#	G	D	E	R	K	N	Q	S	T	A	V	L	I	F	Y	W	H	M	C	P
0	0.02244	0.01465	0.01646	0.01312	0.01802	0.04003	0.01053	0.18770	0.10396	0.21084	0.09498	0.04511	0.02132	0.00913	0.00696	0.00200	0.00620	0.00743	0.00696	0.16217
1	0.01903	0.04526	0.01813	0.01341	0.01873	0.09952	0.03066	0.11361	0.01822	0.07079	0.01497	0.03884	0.01234	0.00845	0.02732	0.00187	0.03268	0.00555	0.00483	0.40580
2	0.01606	0.01305	0.01515	0.01107	0.01721	0.01045	0.00886	0.04448	0.05307	0.05123	0.01433	0.01587	0.01150	0.00578	0.00553	0.00122	0.00542	0.00463	0.00467	0.69042
3	0.00880	0.00652	0.00822	0.00929	0.01023	0.00594	0.00640	0.01042	0.01495	0.01969	0.12924	0.53049	0.17270	0.02052	0.00887	0.00272	0.00394	0.01833	0.00677	0.00594
4	0.00868	0.00620	0.00826	0.00991	0.01033	0.00578	0.00661	0.00991	0.01363	0.01818	0.03925	0.74510	0.04710	0.02231	0.00909	0.00289	0.00413	0.02024	0.00661	0.00578
5	0.00868	0.00620	0.00826	0.00991	0.01033	0.00578	0.00661	0.00991	0.01363	0.01818	0.03925	0.74510	0.04710	0.02231	0.00909	0.00289	0.00413	0.02024	0.00661	0.00578
6	0.00863	0.00717	0.00754	0.00755	0.00977	0.00609	0.00563	0.01059	0.01658	0.02031	0.14638	0.09898	0.59464	0.01782	0.00845	0.00241	0.00360	0.01502	0.00676	0.00609
7	0.00878	0.00635	0.00830	0.00967	0.01031	0.00588	0.00655	0.01023	0.01435	0.01913	0.09775	0.64433	0.08928	0.02138	0.00899	0.00281	0.00403	0.01929	0.00671	0.00588
8	0.01904	0.75404	0.03731	0.01218	0.01828	0.02818	0.01218	0.02132	0.01447	0.01675	0.00990	0.01142	0.00914	0.00609	0.00457	0.00152	0.00761	0.00381	0.00305	0.00914
9	0.01345	0.01266	0.02136	0.73264	0.04904	0.01582	0.01978	0.01819	0.01424	0.01819	0.01266	0.01898	0.00949	0.00712	0.00712	0.00237	0.00949	0.00633	0.00316	0.00791
10	0.01345	0.01266	0.02136	0.73264	0.04904	0.01582	0.01978	0.01819	0.01424	0.01819	0.01266	0.01898	0.00949	0.00712	0.00712	0.00237	0.00949	0.00633	0.00316	0.00791
11	0.01916	0.67922	0.07381	0.01283	0.01915	0.02724	0.01303	0.05309	0.01541	0.01842	0.01040	0.01189	0.00927	0.00625	0.00481	0.00159	0.00779	0.00401	0.00324	0.00936
12	0.01904	0.75404	0.03731	0.01218	0.01828	0.02818	0.01218	0.02132	0.01447	0.01675	0.00990	0.01142	0.00914	0.00609	0.00457	0.00152	0.00761	0.00381	0.00305	0.00914
13	0.01559	0.01263	0.01485	0.01065	0.01694	0.00954	0.00853	0.01874	0.01504	0.05619	0.01340	0.01522	0.01089	0.00544	0.00536	0.00111	0.00531	0.00436	0.00444	0.75577
14	0.00957	0.00729	0.00881	0.00851	0.01044	0.00653	0.00644	0.01240	0.01870	0.02516	0.46630	0.05930	0.28046	0.01591	0.00845	0.00233	0.00355	0.03599	0.00738	0.00647
15	0.01771	0.01530	0.01610	0.01449	0.01852	0.01771	0.01127	0.03784	0.69247	0.02979	0.02898	0.02657	0.02174	0.00966	0.00725	0.00242	0.00564	0.00805	0.00725	0.01127
16	0.01477	0.01266	0.01477	0.01055	0.01687	0.00949	0.00844	0.01793	0.01477	0.02320	0.01266	0.01477	0.01055	0.00527	0.00527	0.00105	0.00527	0.00422	0.00422	0.79328
17	0.00868	0.00620	0.00826	0.00991	0.01033	0.00578	0.00661	0.00991	0.01363	0.01818	0.03925	0.74510	0.04710	0.02231	0.00909	0.00289	0.00413	0.02024	0.00661	0.00578
18	0.00868	0.00620	0.00826	0.00991	0.01033	0.00578	0.00661	0.00991	0.01363	0.01818	0.03925	0.74510	0.04710	0.02231	0.00909	0.00289	0.00413	0.02024	0.00661	0.00578
19	0.02322	0.02684	0.02014	0.01784	0.02089	0.44023	0.01385	0.07199	0.09669	0.02068	0.01314	0.01531	0.01086	0.00880	0.01024	0.00220	0.16864	0.00547	0.00420	0.00877
20	0.01681	0.01921	0.04202	0.03001	0.03721	0.01801	0.67947	0.02281	0.01681	0.02281	0.01441	0.01921	0.01080	0.00600	0.00840	0.00240	0.01200	0.00840	0.00360	0.00960
21	0.01237	0.00618	0.00928	0.00928	0.00928	0.00618	0.00618	0.00928	0.00928	0.01237	0.01237	0.02165	0.01237	0.02474	0.02783	0.79283	0.00618	0.00618	0.00309	0.00309
22	0.01816	0.01552	0.01635	0.01458	0.01869	0.01792	0.01138	0.06857	0.66101	0.03051	0.02841	0.02611	0.02128	0.00961	0.00724	0.00240	0.00574	0.00797	0.00724	0.01131
23	0.01017	0.00763	0.01144	0.01144	0.01272	0.00890	0.00890	0.01272	0.01144	0.01653	0.01907	0.02797	0.01780	0.05340	0.72153	0.01144	0.01907	0.00763	0.00381	0.00636
24	0.01681	0.01921	0.04202	0.03001	0.03721	0.01801	0.67947	0.02281	0.01681	0.02281	0.01441	0.01921	0.01080	0.00600	0.00840	0.00240	0.01200	0.00840	0.00360	0.00960
25	0.03176	0.01243	0.01671	0.01281	0.01833	0.01092	0.01059	0.06006	0.02089	0.68418	0.02766	0.02396	0.01741	0.00880	0.00716	0.00220	0.00613	0.00713	0.00875	0.01212
26	0.01147	0.00820	0.01147	0.01311	0.01475	0.00820	0.01147	0.01475	0.01639	0.02131	0.03770	0.08032	0.04098	0.01967	0.00984	0.00328	0.00656	0.65741	0.00656	0.00656
27	0.01008	0.00728	0.00952	0.00896	0.01064	0.00672	0.00672	0.01344	0.02016	0.02855	0.70158	0.05319	0.06719	0.01456	0.00840	0.00224	0.00336	0.01288	0.00784	0.00672
28	0.01558	0.01558	0.02181	0.01869	0.01869	0.02181	0.01558	0.01714	0.01091	0.01714	0.00935	0.01558	0.00935	0.01246	0.02337	0.00312	0.73672	0.00623	0.00312	0.00779
29	0.01445	0.03564	0.66763	0.02095	0.03125	0.01664	0.07034	0.02257	0.01515	0.02257	0.01289	0.01532	0.00914	0.00671	0.00688	0.00226	0.01062	0.00547	0.00305	0.01046
30	0.00868	0.00620	0.00826	0.00991	0.01033	0.00578	0.00661	0.00991	0.01363	0.01818	0.03925	0.74510	0.04710	0.02231	0.00909	0.00289	0.00413	0.02024	0.00661	0.00578
31	0.00879	0.00628	0.00839	0.01004	0.01050	0.00588	0.00680	0.01010	0.01374	0.01830	0.03919	0.71910	0.04686	0.02221	0.00912	0.00291	0.00423	0.04517	0.00661	0.00581
32	0.01887	0.01759	0.01789	0.01570	0.01967	0.09237	0.03478	0.05970	0.54131	0.02822	0.02521	0.02399	0.01909	0.00938	0.00795	0.00238	0.04106	0.00755	0.00654	0.01076
33	0.00842	0.00721	0.00721	0.00721	0.00962	0.00601	0.00541	0.01022	0.01623	0.01924	0.07213	0.06853	0.70244	0.01803	0.00842	0.00240	0.00361	0.01503	0.00661	0.00601
34	0.05247	0.02670	0.02096	0.09925	0.10266	0.44016	0.01508	0.07697	0.03980	0.02122	0.01239	0.01484	0.01001	0.00749	0.00708	0.00202	0.03276	0.00525	0.00398	0.00892
35	0.02568	0.03219	0.02108	0.02095	0.09233	0.64869	0.01459	0.02776	0.01977	0.01803	0.01125	0.01333	0.00939	0.00724	0.00649	0.00186	0.01239	0.00477	0.00365	0.00857
36	0.02559	0.03242	0.02243	0.01955	0.02358	0.64880	0.08227	0.02786	0.01983	0.01798	0.01136	0.01350	0.00934	0.00720	0.00662	0.00189	0.01276	0.00498	0.00366	0.00839
37	0.01345	0.01266	0.02136	0.73264	0.04904	0.01582	0.01978	0.01819	0.01424	0.01819	0.01266	0.01898	0.00949	0.00712	0.00712	0.00237	0.00949	0.00633	0.00316	0.00791
38	0.01001	0.00723	0.00946	0.00900	0.01062	0.00667	0.00671	0.01327	0.01985	0.02807	0.67045	0.08571	0.06624	0.01492	0.00843	0.00227	0.00340	0.01322	0.00778	0.00667
39	0.02221	0.38448	0.02801	0.01442	0.01943	0.25009	0.01247	0.10941	0.01882	0.02118	0.01193	0.01345	0.01004	0.00694	0.00552	0.00171	0.00910	0.00455	0.04715	0.00910
40	0.00868	0.00620	0.00826	0.00991	0.01033	0.00578	0.00661	0.00991	0.01363	0.01818	0.03925	0.74510	0.04710	0.02231	0.00909	0.00289	0.00413	0.02024	0.00661	0.00578
41	0.05084	0.01881	0.02033	0.01559	0.02127	0.02040	0.01286	0.57975	0.03088	0.08918	0.01739	0.01729	0.01227	0.00833	0.00694	0.00208	0.00750	0.00626	0.00699	0.05506
42	0.11970	0.06760	0.07643	0.08200	0.10977	0.17870	0.04189	0.02179	0.01490	0.02060	0.01109	0.01483	0.00937	0.00821	0.01055	0.00232	0.19263	0.00543	0.00347	0.00870
43	0.01118	0.00915	0.01062	0.06854	0.01416	0.04677	0.00791	0.01435	0.01887	0.02568	0.48592	0.04908	0.14690	0.01375	0.00803	0.00222	0.00442	0.01189	0.04378	0.00680
44	0.01756	0.01470	0.02290	0.02145	0.16989	0.01273	0.13193	0.02142	0.01604	0.09544	0.01475	0.01718	0.01150	0.00601	0.00642	0.00165	0.00725	0.00574	0.00444	0.40100

[dist]
# distance from previous block
# <min> <max>
0	4

[block]
# block no. 4 follows, 29 sequences, length 45
# corresponding to MSA columns:
# 399-443
name=unknown_E
#
# <colnr> <probs for GDERKNQSTAVLIFYWHMCP>
#	G	D	E	R	K	N	Q	S	T	A	V	L	I	F	Y	W	H	M	C	P
0	0.01620	0.32628	0.44022	0.01702	0.02576	0.02123	0.02061	0.02205	0.01481	0.02021	0.01162	0.01358	0.00907	0.00649	0.00588	0.00196	0.00935	0.00467	0.00302	0.00996
1	0.00911	0.00647	0.00855	0.00989	0.01036	0.00624	0.00669	0.01037	0.01320	0.01765	0.03570	0.57874	0.04219	0.11707	0.05947	0.00398	0.00558	0.04694	0.00613	0.00567
2	0.01990	0.01725	0.02676	0.05599	0.52629	0.01771	0.01973	0.15538	0.01979	0.05064	0.01462	0.01778	0.01161	0.00689	0.00707	0.00213	0.00828	0.00638	0.00442	0.01138
3	0.01428	0.03683	0.71286	0.02030	0.03082	0.01654	0.02631	0.02255	0.01503	0.02255	0.01278	0.01503	0.00902	0.00677	0.00677	0.00226	0.01052	0.00526	0.00301	0.01052
4	0.00967	0.00709	0.00906	0.00894	0.01048	0.00649	0.00656	0.01250	0.01864	0.02582	0.52328	0.17186	0.13064	0.01623	0.00852	0.00237	0.00352	0.01435	0.00750	0.00649
5	0.01008	0.00728	0.00952	0.00896	0.01064	0.00672	0.00672	0.01344	0.02016	0.02855	0.70158	0.05319	0.06719	0.01456	0.00840	0.00224	0.00336	0.01288	0.00784	0.00672
6	0.00868	0.00620	0.00826	0.00991	0.01033	0.00578	0.00661	0.00991	0.01363	0.01818	0.03925	0.74510	0.04710	0.02231	0.00909	0.00289	0.00413	0.02024	0.00661	0.00578
7	0.02707	0.01995	0.02137	0.01638	0.02208	0.02208	0.01353	0.68159	0.03348	0.04488	0.01710	0.01710	0.01211	0.00855	0.00712	0.00214	0.00784	0.00641	0.00712	0.01211
8	0.15987	0.01363	0.01604	0.01266	0.01783	0.01343	0.01041	0.13784	0.04447	0.43986	0.04587	0.02198	0.01685	0.00862	0.00673	0.00220	0.00615	0.00670	0.00770	0.01116
9	0.01538	0.17995	0.53984	0.01921	0.02865	0.01896	0.05978	0.02232	0.01502	0.02140	0.01229	0.01454	0.00914	0.00659	0.00641	0.00212	0.01002	0.00514	0.00305	0.01019
10	0.01705	0.01904	0.03461	0.02590	0.03073	0.06283	0.43944	0.02146	0.01525	0.02078	0.01268	0.01773	0.01027	0.00802	0.01276	0.00258	0.22892	0.00752	0.00346	0.00898
