[name]
unknown

[dist]
# distance from previous block
# <min> <max>
49	379

[block]
# block no. 0 follows, 29 sequences, length 6
# corresponding to MSA columns:
# 647-652
name=unknown_A
#
# <colnr> <probs for GDERKNQSTAVLIFYWHMCP>
#	G	D	E	R	K	N	Q	S	T	A	V	L	I	F	Y	W	H	M	C	P
0	0.01874	0.01843	0.02610	0.02271	0.10625	0.13127	0.21868	0.02242	0.01673	0.07918	0.04509	0.05044	0.01501	0.00813	0.00892	0.00216	0.08239	0.00735	0.00439	0.11560
1	0.01388	0.01085	0.01794	0.01520	0.01821	0.01037	0.15489	0.01703	0.01607	0.07718	0.12673	0.14507	0.03305	0.08928	0.01194	0.00304	0.03270	0.15286	0.00582	0.04790
2	0.04059	0.01601	0.01965	0.12014	0.05202	0.08696	0.06974	0.08886	0.01790	0.07920	0.01617	0.02153	0.01325	0.00761	0.00666	0.00189	0.00781	0.05475	0.00477	0.27451
3	0.01689	0.01739	0.03067	0.02261	0.02851	0.07116	0.41333	0.02154	0.01728	0.05659	0.07695	0.02533	0.07167	0.00786	0.00786	0.00219	0.00968	0.00852	0.00453	0.08942
4	0.01234	0.01040	0.01584	0.01431	0.01693	0.01037	0.11493	0.01829	0.12548	0.02377	0.18095	0.21593	0.04042	0.01539	0.00869	0.00268	0.00597	0.15315	0.00650	0.00765
5	0.01115	0.00925	0.01336	0.01189	0.01414	0.00871	0.09747	0.05249	0.01604	0.02092	0.09348	0.26184	0.22252	0.11857	0.01241	0.00315	0.00560	0.01439	0.00601	0.00661

[dist]
# distance from previous block
# <min> <max>
38	106

[block]
# block no. 1 follows, 29 sequences, length 73
# corresponding to MSA columns:
# 808-880
name=unknown_B
#
# <colnr> <probs for GDERKNQSTAVLIFYWHMCP>
#	G	D	E	R	K	N	Q	S	T	A	V	L	I	F	Y	W	H	M	C	P
0	0.19977	0.01335	0.01783	0.04306	0.12279	0.01358	0.06768	0.04353	0.06068	0.14587	0.09671	0.02514	0.05816	0.00872	0.00671	0.00219	0.00641	0.00736	0.02599	0.03447
1	0.01377	0.01574	0.09894	0.01855	0.02388	0.01248	0.26227	0.01862	0.01741	0.02463	0.23986	0.03266	0.03068	0.00954	0.00789	0.00220	0.00782	0.04501	0.00517	0.11288
2	0.01477	0.01266	0.01477	0.01055	0.01687	0.00949	0.00844	0.01793	0.01477	0.02320	0.01266	0.01477	0.01055	0.00527	0.00527	0.00105	0.00527	0.00422	0.00422	0.79328
3	0.01695	0.01623	0.02769	0.15475	0.59955	0.01674	0.02152	0.02126	0.01590	0.02245	0.01328	0.01784	0.01099	0.00647	0.00706	0.00216	0.00863	0.00634	0.00347	0.01074
4	0.01065	0.00865	0.03058	0.01121	0.05087	0.00759	0.00801	0.01401	0.01924	0.02726	0.60478	0.04970	0.06003	0.05470	0.00982	0.00249	0.00405	0.01215	0.00726	0.00696
5	0.01662	0.01589	0.02708	0.21004	0.54688	0.01665	0.02135	0.02097	0.01574	0.02204	0.01322	0.01795	0.01085	0.00653	0.00707	0.00218	0.00871	0.00634	0.00344	0.01047
6	0.01428	0.03683	0.71286	0.02030	0.03082	0.01654	0.02631	0.02255	0.01503	0.02255	0.01278	0.01503	0.00902	0.00677	0.00677	0.00226	0.01052	0.00526	0.00301	0.01052
7	0.03827	0.00751	0.00955	0.00897	0.01075	0.00705	0.00675	0.01370	0.01987	0.02868	0.67690	0.05170	0.06507	0.01427	0.00826	0.00224	0.00344	0.01256	0.00772	0.00675
8	0.01762	0.01692	0.02890	0.04371	0.70533	0.01692	0.02185	0.02185	0.01621	0.02326	0.01339	0.01762	0.01128	0.00634	0.00705	0.00211	0.00846	0.00634	0.00352	0.01128
9	0.01345	0.01266	0.02136	0.73264	0.04904	0.01582	0.01978	0.01819	0.01424	0.01819	0.01266	0.01898	0.00949	0.00712	0.00712	0.00237	0.00949	0.00633	0.00316	0.00791
10	0.02702	0.02145	0.02124	0.01659	0.02207	0.09725	0.01356	0.61136	0.03205	0.04193	0.01644	0.01664	0.01179	0.00842	0.00705	0.00210	0.00837	0.00621	0.00675	0.01170
11	0.02960	0.01159	0.01581	0.01255	0.01758	0.01010	0.01032	0.03231	0.01981	0.63603	0.02921	0.06482	0.02046	0.01012	0.00741	0.00230	0.00599	0.04395	0.00857	0.01148
12	0.01558	0.01558	0.02181	0.01869	0.01869	0.02181	0.01558	0.01714	0.01091	0.01714	0.00935	0.01558	0.00935	0.01246	0.02337	0.00312	0.73672	0.00623	0.00312	0.00779
13	0.02660	0.03394	0.02018	0.01834	0.02201	0.72116	0.01376	0.02843	0.02018	0.01743	0.01101	0.01284	0.00917	0.00734	0.00642	0.00183	0.01284	0.00459	0.00367	0.00825
14	0.03195	0.01212	0.01652	0.01267	0.01818	0.01047	0.01047	0.03470	0.02038	0.71026	0.02809	0.02424	0.01763	0.00881	0.00716	0.00220	0.00606	0.00716	0.00881	0.01212
15	0.00842	0.00721	0.00721	0.00721	0.00962	0.00601	0.00541	0.01022	0.01623	0.01924	0.07213	0.06853	0.70244	0.01803	0.00842	0.00240	0.00361	0.01503	0.00661	0.00601
16	0.01428	0.03683	0.71286	0.02030	0.03082	0.01654	0.02631	0.02255	0.01503	0.02255	0.01278	0.01503	0.00902	0.00677	0.00677	0.00226	0.01052	0.00526	0.00301	0.01052
17	0.01345	0.01266	0.02136	0.73264	0.04904	0.01582	0.01978	0.01819	0.01424	0.01819	0.01266	0.01898	0.00949	0.00712	0.00712	0.00237	0.00949	0.00633	0.00316	0.00791
18	0.01363	0.01285	0.02169	0.70203	0.07820	0.01587	0.01987	0.01836	0.01433	0.01842	0.01269	0.01892	0.00957	0.00708	0.00712	0.00236	0.00945	0.00633	0.00318	0.00806
19	0.01017	0.00763	0.01144	0.01144	0.01272	0.00890	0.00890	0.01272	0.01144	0.01653	0.01907	0.02797	0.01780	0.05340	0.72153	0.01144	0.01907	0.00763	0.00381	0.00636
20	0.01345	0.01266	0.02136	0.73264	0.04904	0.01582	0.01978	0.01819	0.01424	0.01819	0.01266	0.01898	0.00949	0.00712	0.00712	0.00237	0.00949	0.00633	0.00316	0.00791
21	0.01771	0.01530	0.01610	0.01449	0.01852	0.01771	0.01127	0.03784	0.69247	0.02979	0.02898	0.02657	0.02174	0.00966	0.00725	0.00242	0.00564	0.00805	0.00725	0.01127
22	0.02707	0.01995	0.02137	0.01638	0.02208	0.02208	0.01353	0.68159	0.03348	0.04488	0.01710	0.01710	0.01211	0.00855	0.00712	0.00214	0.00784	0.00641	0.00712	0.01211
23	0.00842	0.00721	0.00721	0.00721	0.00962	0.00601	0.00541	0.01022	0.01623	0.01924	0.07213	0.06853	0.70244	0.01803	0.00842	0.00240	0.00361	0.01503	0.00661	0.00601
24	0.02660	0.03394	0.02018	0.01834	0.02201	0.72116	0.01376	0.02843	0.02018	0.01743	0.01101	0.01284	0.00917	0.00734	0.00642	0.00183	0.01284	0.00459	0.00367	0.00825
25	0.02034	0.63464	0.03472	0.01287	0.01890	0.02718	0.01240	0.12871	0.01756	0.02133	0.01107	0.01235	0.00962	0.00649	0.00498	0.00162	0.00765	0.00423	0.00371	0.00962
26	0.01604	0.01435	0.02370	0.18188	0.45459	0.01502	0.01867	0.02023	0.01559	0.02274	0.01484	0.01936	0.01204	0.00682	0.00673	0.00209	0.00784	0.00639	0.13125	0.00982
27	0.00842	0.00721	0.00721	0.00721	0.00962	0.00601	0.00541	0.01022	0.01623	0.01924	0.07213	0.06853	0.70244	0.01803	0.00842	0.00240	0.00361	0.01503	0.00661	0.00601
28	0.01236	0.01081	0.01070	0.00991	0.01242	0.06910	0.00753	0.05348	0.06560	0.02514	0.32158	0.05159	0.29377	0.01456	0.00808	0.00227	0.00467	0.01227	0.00694	0.00721
29	0.01428	0.03683	0.71286	0.02030	0.03082	0.01654	0.02631	0.02255	0.01503	0.02255	0.01278	0.01503	0.00902	0.00677	0.00677	0.00226	0.01052	0.00526	0.00301	0.01052
30	0.00868	0.00620	0.00826	0.00991	0.01033	0.00578	0.00661	0.00991	0.01363	0.01818	0.03925	0.74510	0.04710	0.02231	0.00909	0.00289	0.00413	0.02024	0.00661	0.00578
31	0.01762	0.01692	0.02890	0.04371	0.70533	0.01692	0.02185	0.02185	0.01621	0.02326	0.01339	0.01762	0.01128	0.00634	0.00705	0.00211	0.00846	0.00634	0.00352	0.01128
32	0.02549	0.13911	0.02268	0.01744	0.02147	0.61995	0.01353	0.02740	0.01934	0.01733	0.01084	0.01263	0.00917	0.00716	0.00615	0.00179	0.01208	0.00447	0.00358	0.00838
33	0.00936	0.00728	0.00868	0.00951	0.01126	0.00660	0.00743	0.01147	0.01572	0.01961	0.05503	0.21832	0.36878	0.01943	0.00897	0.00276	0.00458	0.20250	0.00660	0.00612
34	0.00920	0.00710	0.00839	0.00837	0.01017	0.00630	0.00616	0.01162	0.01763	0.02327	0.34991	0.15561	0.32648	0.01707	0.00850	0.00240	0.00357	0.01479	0.00716	0.00630
35	0.01298	0.00794	0.01035	0.00937	0.01161	0.00719	0.00716	0.01617	0.01996	0.12152	0.57313	0.05010	0.09680	0.01397	0.00823	0.00224	0.00374	0.01222	0.00790	0.00742
36	0.80005	0.01377	0.01047	0.00936	0.01377	0.01597	0.00771	0.02093	0.01212	0.03195	0.00991	0.01157	0.00771	0.00661	0.00441	0.00220	0.00551	0.00386	0.00441	0.00771
37	0.01367	0.04535	0.24985	0.01392	0.01950	0.03752	0.01443	0.01997	0.07317	0.02499	0.25175	0.03101	0.03140	0.00992	0.00715	0.00210	0.00675	0.02590	0.02858	0.09308
38	0.02005	0.38230	0.19499	0.01551	0.02260	0.02272	0.04097	0.12851	0.01818	0.07395	0.01325	0.01443	0.01027	0.00684	0.00584	0.00188	0.00840	0.00499	0.00414	0.01018
39	0.03176	0.01242	0.01671	0.01281	0.01833	0.01091	0.01058	0.05963	0.02089	0.68462	0.02767	0.02396	0.01741	0.00880	0.00716	0.00220	0.00613	0.00713	0.00875	0.01212
40	0.01762	0.01692	0.02890	0.04371	0.70533	0.01692	0.02185	0.02185	0.01621	0.02326	0.01339	0.01762	0.01128	0.00634	0.00705	0.00211	0.00846	0.00634	0.00352	0.01128
41	0.00898	0.00641	0.00861	0.01026	0.01080	0.00604	0.00713	0.01044	0.01393	0.01851	0.03908	0.67363	0.04644	0.02202	0.00917	0.00293	0.00439	0.08875	0.00660	0.00587
42	0.02590	0.03278	0.02028	0.01837	0.02180	0.67690	0.01387	0.02772	0.01959	0.01741	0.01090	0.01301	0.00918	0.00766	0.00749	0.00192	0.05866	0.00469	0.00363	0.00823
43	0.01762	0.01692	0.02890	0.04371	0.70533	0.01692	0.02185	0.02185	0.01621	0.02326	0.01339	0.01762	0.01128	0.00634	0.00705	0.00211	0.00846	0.00634	0.00352	0.01128
44	0.02707	0.01995	0.02137	0.01638	0.02208	0.02208	0.01353	0.68159	0.03348	0.04488	0.01710	0.01710	0.01211	0.00855	0.00712	0.00214	0.00784	0.00641	0.00712	0.01211
45	0.06357	0.01155	0.01537	0.01223	0.01714	0.01021	0.00993	0.03143	0.01929	0.60572	0.02848	0.10118	0.02035	0.01017	0.00725	0.00228	0.00583	0.00842	0.00838	0.01124
46	0.00878	0.00723	0.00771	0.00759	0.00984	0.00616	0.00569	0.01092	0.01708	0.02125	0.20831	0.06521	0.56501	0.01728	0.00841	0.00237	0.00355	0.01456	0.00688	0.00616
47	0.00868	0.00620	0.00826	0.00991	0.01033	0.00578	0.00661	0.00991	0.01363	0.01818	0.03925	0.74510	0.04710	0.02231	0.00909	0.00289	0.00413	0.02024	0.00661	0.00578
48	0.01363	0.01285	0.02169	0.70203	0.07820	0.01587	0.01987	0.01836	0.01433	0.01842	0.01269	0.01892	0.00957	0.00708	0.00712	0.00236	0.00945	0.00633	0.00318	0.00806
49	0.01762	0.01692	0.02890	0.04371	0.70533	0.01692	0.02185	0.02185	0.01621	0.02326	0.01339	0.01762	0.01128	0.00634	0.00705	0.00211	0.00846	0.00634	0.00352	0.01128
50	0.02351	0.01546	0.01735	0.01442	0.01920	0.01673	0.01155	0.17628	0.37155	0.21363	0.02617	0.02390	0.01856	0.00920	0.00720	0.00230	0.00622	0.00746	0.00764	0.01168
51	0.00850	0.00718	0.00736	0.00740	0.00969	0.00604	0.00552	0.01036	0.01632	0.01964	0.10079	0.09289	0.64799	0.01803	0.00844	0.00241	0.00361	0.01512	0.00667	0.00604
52	0.01768	0.54899	0.23045	0.01450	0.02186	0.02485	0.01622	0.02167	0.01463	0.01841	0.01072	0.01245	0.00910	0.00628	0.00520	0.00173	0.00845	0.00422	0.00303	0.00953
53	0.01266	0.01093	0.01691	0.01960	0.16353	0.01274	0.01279	0.01541	0.01239	0.01809	0.01626	0.02372	0.01502	0.03656	0.45341	0.00807	0.13350	0.00712	0.00364	0.00766
54	0.00842	0.00721	0.00721	0.00721	0.00962	0.00601	0.00541	0.01022	0.01623	0.01924	0.07213	0.06853	0.70244	0.01803	0.00842	0.00240	0.00361	0.01503	0.00661	0.00601
55	0.01387	0.01309	0.02213	0.66251	0.11585	0.01593	0.01999	0.01857	0.01444	0.01871	0.01273	0.01885	0.00967	0.00704	0.00711	0.00235	0.00939	0.00633	0.00320	0.00825
56	0.01262	0.13583	0.04915	0.01164	0.01356	0.01347	0.00954	0.01438	0.01168	0.01598	0.01715	0.02946	0.01765	0.28012	0.23912	0.00669	0.10409	0.00764	0.00373	0.00650
57	0.00868	0.00620	0.00826	0.00991	0.01033	0.00578	0.00661	0.00991	0.01363	0.01818	0.03925	0.74510	0.04710	0.02231	0.00909	0.00289	0.00413	0.02024	0.00661	0.00578
58	0.01668	0.01896	0.04122	0.05694	0.03767	0.01792	0.65419	0.02263	0.01671	0.02263	0.01434	0.01920	0.01075	0.00605	0.00835	0.00240	0.01191	0.00832	0.00358	0.00954
59	0.02175	0.02593	0.05964	0.17518	0.09606	0.37776	0.01642	0.06791	0.05402	0.02087	0.01303	0.01576	0.01029	0.00736	0.00674	0.00205	0.01085	0.00547	0.00392	0.00901
60	0.02048	0.01892	0.05572	0.02242	0.02872	0.01839	0.33450	0.21634	0.09591	0.06582	0.01769	0.01972	0.01288	0.00738	0.00768	0.00229	0.00948	0.00755	0.02749	0.01060
61	0.02660	0.03394	0.02018	0.01834	0.02201	0.72116	0.01376	0.02843	0.02018	0.01743	0.01101	0.01284	0.00917	0.00734	0.00642	0.00183	0.01284	0.00459	0.00367	0.00825
62	0.02320	0.03967	0.05426	0.01527	0.01966	0.18938	0.01265	0.10563	0.13023	0.18466	0.01964	0.02027	0.01460	0.01392	0.09402	0.00328	0.03744	0.00642	0.00581	0.01000
63	0.01676	0.04793	0.15028	0.17995	0.31908	0.01748	0.07734	0.06488	0.01671	0.02321	0.01333	0.01731	0.01043	0.00669	0.00704	0.00220	0.00927	0.00623	0.00358	0.01027
64	0.00884	0.00631	0.00845	0.01010	0.01058	0.00592	0.00689	0.01019	0.01379	0.01836	0.03916	0.70701	0.04675	0.02216	0.00913	0.00291	0.00427	0.05676	0.00661	0.00583
65	0.01719	0.01647	0.02811	0.11589	0.63657	0.01680	0.02164	0.02147	0.01601	0.02273	0.01332	0.01777	0.01109	0.00643	0.00706	0.00214	0.00857	0.00634	0.00349	0.01093
66	0.02264	0.05786	0.02761	0.08243	0.02801	0.01575	0.25367	0.09317	0.01936	0.26073	0.02008	0.02316	0.01451	0.00798	0.00758	0.00229	0.00880	0.03813	0.00582	0.01040
67	0.01428	0.03683	0.71286	0.02030	0.03082	0.01654	0.02631	0.02255	0.01503	0.02255	0.01278	0.01503	0.00902	0.00677	0.00677	0.00226	0.01052	0.00526	0.00301	0.01052
68	0.02277	0.02805	0.01760	0.01632	0.01946	0.56645	0.01215	0.02461	0.01922	0.01814	0.05044	0.09965	0.05589	0.00996	0.00693	0.00200	0.01089	0.00732	0.00436	0.00778
69	0.01515	0.01101	0.01841	0.01616	0.01959	0.01043	0.15528	0.01885	0.01713	0.11528	0.05521	0.05779	0.07808	0.01496	0.00902	0.00285	0.00736	0.36323	0.00627	0.00794
70	0.02146	0.01363	0.01847	0.14191	0.02427	0.01475	0.03844	0.11292	0.13882	0.23628	0.02165	0.02274	0.01563	0.01443	0.10028	0.00350	0.03723	0.00715	0.00624	0.01021
71	0.00894	0.00640	0.00862	0.01021	0.01075	0.00607	0.00706	0.01038	0.01377	0.01837	0.03846	0.66971	0.04565	0.02314	0.03284	0.00321	0.00482	0.06923	0.00651	0.00586
72	0.01708	0.01692	0.03052	0.10641	0.52480	0.01701	0.13828	0.02168	0.01613	0.02270	0.01350	0.01803	0.01103	0.00636	0.00730	0.00219	0.00919	0.00671	0.00350	0.01066

[dist]
# distance from previous block
# <min> <max>
14	45

[block]
# block no. 2 follows, 29 sequences, length 16
# corresponding to MSA columns:
# 931-946
name=unknown_C
#
# <colnr> <probs for GDERKNQSTAVLIFYWHMCP>
#	G	D	E	R	K	N	Q	S	T	A	V	L	I	F	Y	W	H	M	C	P
0	0.53192	0.01522	0.01289	0.06331	0.01756	0.08265	0.00937	0.02186	0.01405	0.07238	0.03443	0.01467	0.01080	0.00702	0.00517	0.00209	0.00645	0.00464	0.00463	0.06888
1	0.16012	0.01952	0.19648	0.01527	0.02180	0.01389	0.08098	0.05973	0.01652	0.11298	0.01995	0.02264	0.06240	0.00813	0.00658	0.00211	0.00753	0.03282	0.00490	0.13566
2	0.01041	0.06531	0.01127	0.00996	0.01178	0.00886	0.00758	0.01327	0.05383	0.01901	0.04291	0.29203	0.22440	0.05068	0.07994	0.00366	0.00616	0.07644	0.00600	0.00650
3	0.01771	0.01530	0.01610	0.01449	0.01852	0.01771	0.01127	0.03784	0.69247	0.02979	0.02898	0.02657	0.02174	0.00966	0.00725	0.00242	0.00564	0.00805	0.00725	0.01127
4	0.01477	0.01266	0.01477	0.01055	0.01687	0.00949	0.00844	0.01793	0.01477	0.02320	0.01266	0.01477	0.01055	0.00527	0.00527	0.00105	0.00527	0.00422	0.00422	0.79328
5	0.01477	0.01266	0.01477	0.01055	0.01687	0.00949	0.00844	0.01793	0.01477	0.02320	0.01266	0.01477	0.01055	0.00527	0.00527	0.00105	0.00527	0.00422	0.00422	0.79328
6	0.01396	0.01276	0.01996	0.48093	0.03733	0.01636	0.01721	0.01777	0.01348	0.01879	0.01292	0.01892	0.01036	0.00857	0.01093	0.00248	0.18919	0.00634	0.08400	0.00775
7	0.02707	0.01995	0.02137	0.01638	0.02208	0.02208	0.01353	0.68159	0.03348	0.04488	0.01710	0.01710	0.01211	0.00855	0.00712	0.00214	0.00784	0.00641	0.00712	0.01211
8	0.01880	0.71796	0.07130	0.01259	0.01891	0.02759	0.01289	0.02138	0.01450	0.01704	0.01004	0.01160	0.00913	0.00613	0.00468	0.00156	0.00776	0.00388	0.00304	0.00921
9	0.01506	0.04815	0.17321	0.01446	0.01973	0.01413	0.05198	0.12392	0.10308	0.02661	0.11177	0.03659	0.18507	0.01142	0.00759	0.00231	0.00682	0.03324	0.00578	0.00908
10	0.02707	0.01995	0.02137	0.01638	0.02208	0.02208	0.01353	0.68159	0.03348	0.04488	0.01710	0.01710	0.01211	0.00855	0.00712	0.00214	0.00784	0.00641	0.00712	0.01211
11	0.02221	0.12780	0.19506	0.01702	0.02353	0.14467	0.01645	0.27798	0.05794	0.02982	0.01457	0.01554	0.01091	0.00761	0.00656	0.00204	0.00924	0.00553	0.00493	0.01058
12	0.01823	0.01383	0.01584	0.01173	0.01764	0.01200	0.00948	0.15804	0.01919	0.07767	0.01817	0.01907	0.05163	0.00696	0.00598	0.00144	0.00577	0.00552	0.00530	0.52649
13	0.02243	0.01872	0.06890	0.01520	0.02091	0.01828	0.01314	0.45727	0.02685	0.03685	0.01624	0.01763	0.01219	0.01230	0.07734	0.00288	0.00871	0.00608	0.00602	0.14206
14	0.01351	0.01141	0.01604	0.05118	0.01779	0.01247	0.05907	0.09427	0.01586	0.02193	0.02570	0.37281	0.02834	0.01550	0.01109	0.00264	0.14355	0.01311	0.00543	0.06832
15	0.02555	0.07614	0.02204	0.01587	0.02137	0.02176	0.01331	0.59213	0.03102	0.04134	0.01772	0.02029	0.01354	0.00900	0.00708	0.00215	0.00775	0.04361	0.00677	0.01156

[dist]
# distance from previous block
# <min> <max>
20	39

[block]
# block no. 3 follows, 29 sequences, length 36
# corresponding to MSA columns:
# 991-1026
name=unknown_D
#
# <colnr> <probs for GDERKNQSTAVLIFYWHMCP>
#	G	D	E	R	K	N	Q	S	T	A	V	L	I	F	Y	W	H	M	C	P
0	0.09509	0.01705	0.01978	0.06615	0.15484	0.05533	0.01387	0.24397	0.08500	0.03101	0.01712	0.06220	0.01411	0.00841	0.00676	0.00210	0.00742	0.00684	0.00541	0.08753
1	0.05198	0.01532	0.01798	0.01464	0.01906	0.03693	0.07069	0.19431	0.18390	0.07505	0.05162	0.03024	0.14381	0.01045	0.00782	0.00228	0.02719	0.00861	0.00646	0.03165
2	0.01777	0.01667	0.04446	0.01448	0.01807	0.15775	0.05403	0.06329	0.05241	0.08407	0.15125	0.06744	0.05089	0.03277	0.00862	0.00246	0.00753	0.11528	0.00599	0.03476
3	0.08323	0.01389	0.02100	0.25185	0.11967	0.01533	0.08354	0.08261	0.04125	0.02418	0.04854	0.02777	0.07727	0.00930	0.00784	0.00238	0.02998	0.04703	0.00460	0.00873
4	0.71817	0.01363	0.01137	0.04997	0.01596	0.01569	0.00852	0.02146	0.01264	0.06464	0.01096	0.01261	0.00830	0.00675	0.00469	0.00221	0.00576	0.00416	0.00455	0.00794
5	0.01135	0.04959	0.01225	0.01229	0.01407	0.00887	0.01052	0.01422	0.01592	0.02052	0.03843	0.16154	0.08010	0.01915	0.00936	0.00308	0.00612	0.49968	0.00637	0.00657
6	0.13476	0.01229	0.01498	0.15778	0.02232	0.01348	0.01169	0.12592	0.06410	0.06983	0.02340	0.18039	0.02241	0.01207	0.00737	0.00246	0.00654	0.07758	0.00576	0.03487
7	0.02158	0.50458	0.03117	0.01317	0.01900	0.02484	0.01223	0.14846	0.06165	0.08236	0.01403	0.01456	0.01123	0.00702	0.00544	0.00175	0.00740	0.00486	0.00458	0.01009
8	0.01660	0.01714	0.02261	0.01912	0.02011	0.07272	0.05757	0.01966	0.05588	0.01834	0.01106	0.01632	0.01023	0.01149	0.02013	0.00293	0.59011	0.00637	0.00345	0.00816
9	0.02231	0.01712	0.01875	0.05069	0.02161	0.01928	0.01267	0.32618	0.33451	0.06456	0.02280	0.02184	0.01663	0.00900	0.00718	0.00228	0.00683	0.00719	0.00706	0.01152
10	0.01372	0.01293	0.02184	0.68825	0.09133	0.01589	0.01991	0.01843	0.01437	0.01852	0.01270	0.01890	0.00961	0.00707	0.00711	0.00236	0.00943	0.00633	0.00319	0.00813
11	0.00928	0.00671	0.00890	0.01037	0.01120	0.00633	0.00754	0.01105	0.01459	0.01925	0.06396	0.54149	0.08839	0.02123	0.00918	0.00292	0.00457	0.15043	0.00664	0.00599
12	0.05185	0.01437	0.01642	0.01375	0.01846	0.01524	0.01100	0.07999	0.37165	0.28537	0.02715	0.02451	0.01904	0.00916	0.00710	0.00231	0.00594	0.00745	0.00772	0.01152
13	0.00902	0.00652	0.00860	0.01014	0.01085	0.00611	0.00715	0.01056	0.01416	0.01865	0.04128	0.61394	0.09075	0.02168	0.00914	0.00291	0.00441	0.10163	0.00660	0.00590
14	0.01309	0.00665	0.00671	0.00671	0.00826	0.00665	0.00494	0.01619	0.01464	0.02573	0.02318	0.02783	0.01874	0.05565	0.00697	0.00199	0.00355	0.00687	0.73915	0.00649
15	0.15565	0.01030	0.01257	0.01199	0.01532	0.01012	0.01017	0.02157	0.01683	0.22980	0.03187	0.05078	0.06513	0.01403	0.00800	0.00272	0.00606	0.31182	0.00686	0.00840
16	0.01021	0.00693	0.00773	0.00773	0.00790	0.00684	0.00439	0.01035	0.01078	0.01420	0.02606	0.04820	0.07523	0.69639	0.03421	0.00658	0.00666	0.01070	0.00448	0.00444
17	0.01093	0.00785	0.01082	0.01240	0.01388	0.00774	0.01050	0.01384	0.01596	0.02075	0.03918	0.18329	0.06570	0.02002	0.00967	0.00319	0.00607	0.53522	0.00657	0.00642
18	0.00935	0.00655	0.00813	0.00900	0.00941	0.00625	0.00576	0.01030	0.01296	0.01729	0.07468	0.43184	0.06336	0.27987	0.01866	0.00426	0.00505	0.01611	0.00587	0.00533
19	0.09633	0.01151	0.01376	0.01174	0.01576	0.01120	0.00938	0.06174	0.09545	0.32359	0.06937	0.10789	0.09204	0.01180	0.00741	0.00236	0.00547	0.03586	0.00752	0.00979
20	0.00999	0.00702	0.00842	0.00834	0.00954	0.00658	0.00576	0.01202	0.01600	0.02214	0.32348	0.11772	0.13932	0.21477	0.01580	0.00355	0.00443	0.01280	0.05644	0.00587
21	0.00887	0.00657	0.00812	0.00910	0.01003	0.00600	0.00621	0.01035	0.01460	0.01911	0.10896	0.48569	0.18850	0.06991	0.01072	0.00300	0.00413	0.01774	0.00657	0.00582
22	0.02216	0.01149	0.01418	0.01180	0.01590	0.01097	0.00940	0.06909	0.12162	0.34328	0.14500	0.05871	0.11206	0.01147	0.00760	0.00229	0.00529	0.00961	0.00796	0.01012
23	0.01007	0.00702	0.00810	0.00797	0.00862	0.00676	0.00498	0.01103	0.01323	0.01774	0.18064	0.05058	0.11221	0.50129	0.02682	0.00534	0.00573	0.01145	0.00537	0.00505
24	0.02660	0.03394	0.02018	0.01834	0.02201	0.72116	0.01376	0.02843	0.02018	0.01743	0.01101	0.01284	0.00917	0.00734	0.00642	0.00183	0.01284	0.00459	0.00367	0.00825
25	0.01477	0.01266	0.01477	0.01055	0.01687	0.00949	0.00844	0.01793	0.01477	0.02320	0.01266	0.01477	0.01055	0.00527	0.00527	0.00105	0.00527	0.00422	0.00422	0.79328
26	0.00974	0.00664	0.00795	0.00855	0.00871	0.00649	0.00516	0.01019	0.01156	0.01541	0.02861	0.30295	0.03367	0.48278	0.02628	0.00543	0.00589	0.01398	0.00516	0.00485
27	0.50084	0.01506	0.01692	0.07406	0.12149	0.01682	0.04892	0.08620	0.01527	0.03033	0.01161	0.01403	0.00899	0.00677	0.00551	0.00221	0.00686	0.00493	0.00440	0.00880
28	0.01448	0.01180	0.01293	0.01326	0.06042	0.05009	0.00918	0.08167	0.12064	0.04722	0.08045	0.16265	0.18849	0.08451	0.01067	0.00285	0.00571	0.02871	0.00632	0.00795
29	0.01122	0.00723	0.00909	0.00928	0.01034	0.00683	0.00641	0.01278	0.01475	0.06391	0.18204	0.24379	0.06901	0.25675	0.01769	0.00402	0.00513	0.05747	0.00627	0.00598
30	0.00932	0.00670	0.00858	0.00959	0.01038	0.00630	0.00668	0.01091	0.01453	0.01937	0.12851	0.44718	0.09709	0.11611	0.01257	0.00333	0.00457	0.07601	0.00647	0.00581
31	0.09505	0.07082	0.02182	0.01906	0.08770	0.29870	0.05535	0.15467	0.02028	0.02480	0.01345	0.01718	0.01133	0.06937	0.00894	0.00240	0.00985	0.00573	0.00442	0.00908
32	0.09295	0.01931	0.02016	0.12641	0.05862	0.17357	0.05609	0.15542	0.05816	0.07005	0.01804	0.04935	0.03633	0.00868	0.00731	0.00221	0.02596	0.00689	0.00508	0.00939
33	0.13335	0.01191	0.01177	0.01089	0.01336	0.07752	0.00823	0.05175	0.01648	0.09636	0.14579	0.07292	0.04633	0.17484	0.03640	0.00363	0.00672	0.06862	0.00589	0.00725
34	0.22509	0.01572	0.04414	0.12057	0.02225	0.05892	0.01259	0.10142	0.07575	0.09424	0.03998	0.02541	0.01658	0.00940	0.00730	0.00238	0.03349	0.08037	0.00543	0.00899
35	0.07297	0.08329	0.10693	0.14447	0.11225	0.03721	0.01580	0.14877	0.03888	0.04509	0.01457	0.01775	0.01143	0.02922	0.03304	0.00253	0.00857	0.00585	0.00446	0.06693

[dist]
# distance from previous block
# <min> <max>
8	19

[block]
# block no. 4 follows, 29 sequences, length 7
# corresponding to MSA columns:
# 1047-1053
name=unknown_E
#
# <colnr> <probs for GDERKNQSTAVLIFYWHMCP>
#	G	D	E	R	K	N	Q	S	T	A	V	L	I	F	Y	W	H	M	C	P
0	0.01345	0.01266	0.02136	0.73264	0.04904	0.01582	0.01978	0.01819	0.01424	0.01819	0.01266	0.01898	0.00949	0.00712	0.00712	0.00237	0.00949	0.00633	0.00316	0.00791
1	0.01833	0.01759	0.01924	0.19922	0.08438	0.12275	0.01468	0.07364	0.29310	0.02544	0.04450	0.02215	0.01686	0.00849	0.00711	0.00227	0.00800	0.00701	0.00538	0.00986
2	0.01085	0.00864	0.00923	0.00892	0.01135	0.00802	0.00669	0.09587	0.01791	0.02230	0.05853	0.19737	0.48315	0.01768	0.00839	0.00247	0.00425	0.01497	0.00668	0.00674
3	0.00991	0.00809	0.01218	0.01355	0.06286	0.00755	0.05841	0.01180	0.01439	0.01903	0.03969	0.55093	0.12541	0.01937	0.00880	0.00274	0.00497	0.01767	0.00616	0.00650
4	0.04863	0.07782	0.07615	0.04650	0.02156	0.15366	0.03134	0.17353	0.04873	0.07292	0.01799	0.10932	0.01580	0.00990	0.00818	0.00225	0.06349	0.00759	0.00520	0.00943
5	0.01734	0.03718	0.04779	0.01250	0.01561	0.04459	0.01034	0.07452	0.01726	0.16029	0.13424	0.07178	0.02617	0.05806	0.20335	0.00498	0.04104	0.00875	0.00585	0.00836
6	0.04765	0.30024	0.12481	0.01634	0.02205	0.04459	0.10422	0.05242	0.05043	0.02098	0.01342	0.01638	0.01120	0.01286	0.09808	0.00319	0.04271	0.00560	0.00370	0.00914

[dist]
# distance from previous block
# <min> <max>
9	31

[block]
# block no. 5 follows, 29 sequences, length 30
# corresponding to MSA columns:
# 1091-1120
name=unknown_F
#
# <colnr> <probs for GDERKNQSTAVLIFYWHMCP>
#	G	D	E	R	K	N	Q	S	T	A	V	L	I	F	Y	W	H	M	C	P
0	0.12052	0.03936	0.04423	0.01576	0.02093	0.06344	0.03044	0.37308	0.08716	0.07323	0.01672	0.01717	0.01221	0.00835	0.00753	0.00220	0.04461	0.00611	0.00613	0.01083
1	0.07944	0.01818	0.01778	0.01483	0.01952	0.09867	0.01200	0.29330	0.14846	0.07076	0.02039	0.02439	0.01626	0.00936	0.00701	0.00220	0.00744	0.07004	0.00639	0.06359
2	0.01340	0.00912	0.01070	0.01018	0.01235	0.00887	0.00754	0.09514	0.03797	0.07682	0.12282	0.23479	0.19022	0.10050	0.01154	0.00301	0.00496	0.03608	0.00675	0.00724
3	0.00977	0.00677	0.00836	0.00899	0.00960	0.00654	0.00598	0.01049	0.01251	0.01639	0.03436	0.27404	0.12069	0.28866	0.05328	0.06435	0.00607	0.05263	0.00537	0.00515
4	0.00898	0.00671	0.00838	0.00927	0.01042	0.00611	0.00657	0.01081	0.01548	0.02034	0.16031	0.43959	0.20185	0.01987	0.00885	0.00269	0.00399	0.04693	0.00682	0.00603
5	0.01268	0.00662	0.00957	0.00943	0.00975	0.00667	0.00638	0.01067	0.01002	0.03925	0.01472	0.02518	0.01461	0.10996	0.09063	0.60222	0.00743	0.00683	0.00351	0.00387
6	0.01144	0.00777	0.00986	0.01049	0.01188	0.00753	0.00773	0.01457	0.06318	0.06056	0.09658	0.36092	0.08664	0.08935	0.01149	0.00318	0.00494	0.12860	0.00666	0.00664
7	0.01305	0.00951	0.01085	0.01034	0.01268	0.00953	0.00772	0.05410	0.14071	0.06171	0.12719	0.16493	0.20999	0.09433	0.01122	0.00296	0.00488	0.03997	0.00679	0.00754
8	0.02660	0.03394	0.02018	0.01834	0.02201	0.72116	0.01376	0.02843	0.02018	0.01743	0.01101	0.01284	0.00917	0.00734	0.00642	0.00183	0.01284	0.00459	0.00367	0.00825
9	0.01102	0.00770	0.00892	0.00905	0.01065	0.00730	0.00639	0.01409	0.06794	0.05150	0.10877	0.25487	0.22161	0.12864	0.01250	0.00317	0.00449	0.01426	0.05066	0.00648
10	0.01193	0.00846	0.01024	0.01029	0.01233	0.00816	0.00782	0.03187	0.08380	0.06299	0.16875	0.24968	0.19239	0.01719	0.00856	0.00260	0.00452	0.09421	0.00704	0.00717
11	0.00931	0.00678	0.00855	0.00905	0.01012	0.00625	0.00630	0.01128	0.01603	0.02170	0.28386	0.34841	0.13006	0.08516	0.01123	0.00296	0.00404	0.01603	0.00685	0.00602
12	0.00940	0.00657	0.00862	0.00996	0.01063	0.00623	0.00699	0.01105	0.01427	0.01938	0.08227	0.54786	0.04523	0.06185	0.01047	0.00306	0.00448	0.09349	0.04228	0.00589
13	0.11063	0.00947	0.01104	0.01032	0.01314	0.00912	0.00790	0.01947	0.05317	0.19354	0.06784	0.20753	0.15077	0.05573	0.00935	0.00274	0.00502	0.04843	0.00685	0.00794
14	0.40001	0.01087	0.01020	0.00929	0.01239	0.01172	0.00720	0.01907	0.01389	0.09609	0.08552	0.02741	0.02021	0.13842	0.01094	0.00303	0.00544	0.03399	0.07701	0.00732
15	0.28716	0.00912	0.00797	0.00759	0.01020	0.00989	0.00593	0.01810	0.01395	0.02843	0.01859	0.02133	0.01458	0.00771	0.00478	0.00185	0.00408	0.00567	0.51605	0.00701
16	0.00900	0.00638	0.00838	0.00981	0.01027	0.00602	0.00659	0.01026	0.01361	0.01817	0.05636	0.62755	0.04529	0.09474	0.01182	0.00329	0.00449	0.04586	0.00641	0.00570
17	0.01150	0.00792	0.00927	0.00874	0.01091	0.00753	0.00668	0.04403	0.01766	0.04520	0.25662	0.04857	0.25868	0.01860	0.08783	0.00323	0.00549	0.01152	0.13319	0.00684
18	0.01669	0.01597	0.02722	0.19760	0.55873	0.01667	0.02139	0.02104	0.01577	0.02213	0.01323	0.01793	0.01088	0.00652	0.00707	0.00217	0.00869	0.00634	0.00344	0.01053
19	0.00908	0.00656	0.00869	0.01025	0.01096	0.00616	0.00728	0.01066	0.01420	0.01871	0.04087	0.60648	0.08312	0.02167	0.00916	0.00292	0.00447	0.11625	0.00660	0.00591
20	0.00888	0.00640	0.00809	0.00934	0.00990	0.00596	0.00617	0.01001	0.01344	0.01767	0.04026	0.57792	0.11132	0.12374	0.01282	0.00340	0.00447	0.01832	0.00629	0.00560
21	0.01321	0.01000	0.01139	0.02630	0.01346	0.05629	0.00831	0.05240	0.01922	0.06339	0.38989	0.19106	0.05056	0.01515	0.00832	0.00240	0.00487	0.04937	0.00714	0.00724
22	0.01052	0.00819	0.01210	0.01194	0.01306	0.00976	0.00931	0.01292	0.01152	0.01667	0.01940	0.06639	0.01873	0.04842	0.62651	0.01031	0.07569	0.00821	0.00391	0.00644
23	0.64422	0.03721	0.01234	0.01013	0.01454	0.01634	0.00837	0.08689	0.01489	0.03254	0.05751	0.01494	0.01223	0.00733	0.00496	0.00218	0.00566	0.00472	0.00487	0.00813
24	0.01877	0.71396	0.07506	0.01264	0.01898	0.02753	0.01297	0.02139	0.01450	0.01708	0.01006	0.01162	0.00913	0.00613	0.00469	0.00156	0.00778	0.00389	0.00304	0.00922
25	0.01723	0.01363	0.01575	0.01144	0.01764	0.01125	0.00923	0.10925	0.01758	0.05752	0.01397	0.01552	0.01108	0.00588	0.00561	0.00125	0.00566	0.00465	0.00482	0.65104
26	0.01146	0.00882	0.01196	0.01075	0.01325	0.00814	0.05774	0.04434	0.01839	0.04643	0.29323	0.13015	0.25720	0.01564	0.00845	0.00242	0.00462	0.04304	0.00693	0.00702
27	0.06285	0.00743	0.00886	0.00959	0.01109	0.00691	0.00685	0.01161	0.01447	0.02023	0.07157	0.47271	0.15132	0.01899	0.00843	0.00264	0.00429	0.04897	0.00637	0.05481
28	0.01872	0.07151	0.01935	0.01609	0.09686	0.06209	0.01151	0.12417	0.03803	0.05464	0.01524	0.04338	0.01268	0.00703	0.00607	0.00159	0.00673	0.00564	0.00484	0.38382
29	0.02119	0.01484	0.01666	0.01362	0.01789	0.01598	0.01091	0.25061	0.18003	0.11965	0.04326	0.02528	0.04925	0.04335	0.00921	0.00240	0.04512	0.00751	0.05093	0.06232

[dist]
# distance from previous block
# <min> <max>
1	5

[block]
# block no. 6 follows, 29 sequences, length 44
# corresponding to MSA columns:
# 1126-1169
name=unknown_G
#
# <colnr> <probs for GDERKNQSTAVLIFYWHMCP>
#	G	D	E	R	K	N	Q	S	T	A	V	L	I	F	Y	W	H	M	C	P
0	0.02182	0.01424	0.01610	0.01324	0.01714	0.01522	0.01033	0.27238	0.13766	0.15503	0.02240	0.02704	0.01807	0.17369	0.05003	0.00372	0.00751	0.00776	0.00667	0.00996
1	0.08983	0.14349	0.06800	0.01192	0.01559	0.01385	0.03733	0.01910	0.10504	0.02330	0.13228	0.15805	0.06598	0.03655	0.00794	0.00239	0.00578	0.01005	0.04555	0.00795
2	0.01773	0.11292	0.28761	0.01846	0.08824	0.04571	0.01753	0.02297	0.03598	0.12922	0.01965	0.12084	0.01716	0.00959	0.00699	0.00225	0.00822	0.02437	0.00472	0.00983
3	0.00991	0.00701	0.00901	0.00930	0.00991	0.00723	0.00625	0.01112	0.01200	0.01640	0.06379	0.17747	0.04649	0.34767	0.22777	0.00707	0.00962	0.01173	0.00487	0.00537
4	0.01224	0.00862	0.01277	0.13121	0.01752	0.00994	0.00983	0.01251	0.01138	0.01556	0.01823	0.02543	0.06602	0.02440	0.14196	0.35417	0.08685	0.00716	0.02891	0.00531
5	0.01622	0.01528	0.02592	0.37899	0.26327	0.01689	0.08570	0.07113	0.01664	0.02240	0.01342	0.01841	0.01042	0.00686	0.00722	0.00227	0.00927	0.00655	0.00363	0.00952
6	0.01453	0.01278	0.01834	0.07128	0.01846	0.01707	0.01333	0.01506	0.01072	0.01591	0.01043	0.01750	0.01019	0.01541	0.02333	0.21943	0.48036	0.00623	0.00311	0.00651
7	0.01555	0.01481	0.02517	0.38498	0.38023	0.01637	0.02082	0.02004	0.01524	0.02075	0.01303	0.01830	0.01039	0.00673	0.00708	0.00224	0.00897	0.00634	0.00335	0.00961
8	0.01612	0.01552	0.02701	0.32599	0.33611	0.01676	0.09467	0.04250	0.01604	0.02184	0.01333	0.01835	0.01051	0.00670	0.00723	0.00225	0.00926	0.00657	0.00350	0.00973
9	0.01571	0.01721	0.03564	0.09749	0.03477	0.01708	0.50749	0.02086	0.01584	0.02153	0.01587	0.07820	0.01353	0.00794	0.00949	0.00249	0.06711	0.00900	0.00377	0.00898
10	0.09052	0.01350	0.01683	0.01301	0.01846	0.01276	0.01075	0.13751	0.02185	0.55101	0.02492	0.02211	0.01597	0.00860	0.00694	0.00219	0.00630	0.00678	0.00820	0.01178
11	0.05743	0.36049	0.33897	0.01597	0.02386	0.05398	0.01838	0.02218	0.01486	0.02017	0.01125	0.01312	0.00901	0.00648	0.00563	0.00190	0.00905	0.00450	0.00313	0.00965
12	0.01405	0.01227	0.01293	0.01343	0.06590	0.10872	0.02837	0.01609	0.03765	0.04069	0.07854	0.12540	0.05538	0.33666	0.02027	0.00432	0.00718	0.01061	0.00505	0.00651
13	0.01783	0.11239	0.06442	0.01506	0.01799	0.24624	0.01256	0.02012	0.01508	0.01775	0.01518	0.07439	0.01463	0.05397	0.11727	0.00380	0.13064	0.00685	0.03616	0.00769
14	0.00952	0.00698	0.00811	0.00866	0.00965	0.00653	0.00594	0.01070	0.01351	0.01723	0.04278	0.21255	0.23554	0.28822	0.01895	0.00426	0.00526	0.08446	0.00576	0.00540
15	0.02077	0.02044	0.13718	0.04781	0.14793	0.03857	0.03945	0.24465	0.05685	0.08248	0.03646	0.02239	0.03326	0.00855	0.00724	0.00223	0.00823	0.02919	0.00553	0.01080
16	0.01653	0.01620	0.05608	0.16906	0.36171	0.01575	0.10203	0.02154	0.03660	0.05087	0.05031	0.04085	0.01522	0.00754	0.00736	0.00225	0.00862	0.00736	0.00408	0.01003
17	0.55081	0.06118	0.01607	0.03578	0.01785	0.10217	0.05116	0.02172	0.01354	0.02761	0.01039	0.01260	0.00830	0.00690	0.00583	0.00218	0.03941	0.00441	0.00409	0.00799
18	0.01966	0.26679	0.15181	0.01731	0.02317	0.24246	0.08144	0.02327	0.01637	0.01859	0.01192	0.01457	0.00996	0.01025	0.06133	0.00261	0.01111	0.00507	0.00335	0.00894
19	0.05900	0.01139	0.01442	0.01497	0.07819	0.03069	0.01062	0.08179	0.01678	0.09484	0.07602	0.14869	0.02587	0.02094	0.14991	0.00424	0.05075	0.05964	0.04311	0.00814
20	0.04561	0.09630	0.22483	0.01804	0.08043	0.08363	0.01651	0.09770	0.01824	0.10843	0.01843	0.05033	0.03244	0.00861	0.00676	0.00213	0.00841	0.03463	0.00480	0.04375
21	0.08083	0.07829	0.09473	0.05196	0.04701	0.13726	0.24428	0.02519	0.01712	0.13340	0.01509	0.01729	0.01105	0.00687	0.00701	0.00217	0.00999	0.00640	0.00440	0.00966
22	0.05312	0.01359	0.01710	0.01326	0.01869	0.01287	0.01092	0.13833	0.05682	0.54838	0.02584	0.02284	0.01666	0.00875	0.00708	0.00220	0.00631	0.00699	0.00833	0.01194
23	0.01283	0.03319	0.01827	0.15315	0.05108	0.03078	0.07782	0.01606	0.01330	0.01839	0.01764	0.07266	0.01628	0.02852	0.31883	0.00632	0.05907	0.00795	0.04050	0.00737
24	0.04286	0.01427	0.02058	0.19545	0.02775	0.03896	0.11810	0.11809	0.06395	0.08497	0.05059	0.15130	0.02082	0.01052	0.00763	0.00239	0.00784	0.00950	0.00546	0.00896
25	0.09399	0.23014	0.42353	0.01748	0.02601	0.01974	0.05395	0.02207	0.01468	0.02191	0.01179	0.01391	0.00901	0.00653	0.00601	0.00206	0.00930	0.00488	0.00319	0.00982
26	0.01127	0.00739	0.00996	0.01065	0.01179	0.00733	0.00760	0.03549	0.01434	0.06783	0.03351	0.52026	0.03773	0.02732	0.15645	0.00459	0.00749	0.01622	0.00620	0.00657
27	0.01562	0.01395	0.01750	0.08801	0.10914	0.06933	0.01306	0.05632	0.01570	0.05029	0.02571	0.15574	0.10893	0.01275	0.01157	0.00254	0.18851	0.00989	0.02734	0.00810
28	0.01651	0.01648	0.02475	0.34451	0.11400	0.08629	0.13561	0.07106	0.01695	0.02158	0.01535	0.07596	0.01310	0.00817	0.00743	0.00232	0.00960	0.00764	0.00391	0.00879
29	0.01749	0.00915	0.00989	0.00873	0.01142	0.00924	0.00684	0.11034	0.01816	0.11404	0.02299	0.02496	0.01733	0.00839	0.00554	0.00179	0.00428	0.00667	0.58467	0.00807
30	0.00868	0.00620	0.00826	0.00991	0.01033	0.00578	0.00661	0.00991	0.01363	0.01818	0.03925	0.74510	0.04710	0.02231	0.00909	0.00289	0.00413	0.02024	0.00661	0.00578
31	0.01900	0.01807	0.06585	0.09020	0.14070	0.01745	0.28014	0.08148	0.01768	0.10109	0.01527	0.01873	0.01141	0.00738	0.00922	0.00237	0.08229	0.00719	0.00437	0.01010
32	0.01710	0.01226	0.04378	0.01248	0.01597	0.01185	0.01044	0.11525	0.09919	0.11827	0.10957	0.03304	0.02543	0.02012	0.16243	0.00425	0.00873	0.07254	0.07148	0.03581
33	0.01037	0.00680	0.00817	0.00853	0.00902	0.00686	0.00548	0.01142	0.01186	0.01690	0.02587	0.19658	0.02853	0.39880	0.10968	0.00583	0.00727	0.01169	0.11511	0.00522
34	0.65482	0.01611	0.01241	0.01085	0.01533	0.07619	0.00882	0.08983	0.01501	0.03206	0.01075	0.01225	0.00829	0.00687	0.00486	0.00217	0.00637	0.00418	0.00462	0.00821
35	0.01141	0.00993	0.01511	0.31745	0.05711	0.01113	0.01297	0.01459	0.01499	0.01967	0.10423	0.21734	0.11751	0.01346	0.00842	0.00251	0.02817	0.01181	0.00505	0.00712
36	0.02168	0.01657	0.01908	0.01510	0.02025	0.01745	0.03240	0.35128	0.11844	0.05685	0.01952	0.02310	0.01543	0.00897	0.00751	0.00209	0.02863	0.05660	0.00636	0.16267
37	0.00912	0.00663	0.00851	0.00936	0.01023	0.00622	0.00644	0.01079	0.01479	0.01986	0.16727	0.45613	0.11436	0.07834	0.04431	0.00343	0.00484	0.01694	0.00654	0.00590
38	0.01576	0.01356	0.01867	0.01337	0.01979	0.01073	0.10285	0.01931	0.01528	0.05150	0.01354	0.01578	0.01088	0.00552	0.00579	0.00129	0.00625	0.00493	0.00432	0.65088
39	0.07931	0.07806	0.01841	0.01370	0.01827	0.03995	0.03114	0.14672	0.15619	0.20438	0.02485	0.09949	0.03835	0.01012	0.00700	0.00225	0.00653	0.00826	0.00674	0.01030
40	0.09964	0.01850	0.01887	0.01525	0.02032	0.04036	0.01237	0.42638	0.20741	0.03879	0.01941	0.01897	0.01417	0.00862	0.00687	0.00221	0.00716	0.00655	0.00679	0.01135
41	0.09090	0.01414	0.02070	0.43448	0.17554	0.04594	0.01766	0.01904	0.01485	0.02061	0.01707	0.02155	0.06322	0.00776	0.00691	0.00228	0.00858	0.00669	0.00365	0.00845
42	0.01221	0.00878	0.01048	0.01021	0.01197	0.00856	0.00731	0.03653	0.08264	0.03620	0.05489	0.22077	0.06843	0.21279	0.01656	0.03978	0.00555	0.06954	0.00578	0.08101
43	0.19934	0.10813	0.45058	0.01721	0.02570	0.01771	0.04432	0.02205	0.01435	0.02414	0.01186	0.01398	0.00879	0.00663	0.00603	0.00217	0.00909	0.00489	0.00336	0.00968

[dist]
# distance from previous block
# <min> <max>
0	2

[block]
# block no. 7 follows, 29 sequences, length 20
# corresponding to MSA columns:
# 1172-1191
name=unknown_H
#
# <colnr> <probs for GDERKNQSTAVLIFYWHMCP>
#	G	D	E	R	K	N	Q	S	T	A	V	L	I	F	Y	W	H	M	C	P
0	0.01293	0.01007	0.01339	0.11013	0.09333	0.01043	0.01017	0.04194	0.07218	0.03676	0.09524	0.13267	0.14472	0.11209	0.01149	0.00295	0.00579	0.01105	0.06518	0.00751
1	0.01011	0.00712	0.00910	0.00908	0.00999	0.00724	0.00630	0.01129	0.01269	0.01717	0.11176	0.06709	0.11905	0.27884	0.22322	0.06982	0.00935	0.01052	0.00490	0.00538
2	0.01591	0.01196	0.01331	0.01206	0.01493	0.01274	0.00911	0.17625	0.17890	0.04399	0.06424	0.21780	0.09917	0.08318	0.01059	0.00288	0.00558	0.01197	0.00678	0.00866
3	0.05919	0.01239	0.01652	0.01343	0.01770	0.01203	0.06046	0.10785	0.06290	0.30912	0.09068	0.12794	0.02517	0.01097	0.00743	0.00230	0.00604	0.00945	0.03840	0.01003
4	0.01588	0.01306	0.01417	0.01315	0.01635	0.01469	0.01003	0.06098	0.47361	0.02802	0.05687	0.16998	0.02799	0.01226	0.00756	0.00246	0.00526	0.01053	0.03730	0.00986
5	0.06441	0.01133	0.01219	0.01121	0.01426	0.01205	0.00867	0.06479	0.25059	0.04538	0.13626	0.07563	0.16287	0.03307	0.00836	0.00250	0.00495	0.03555	0.03736	0.00858
6	0.01519	0.00763	0.01074	0.01005	0.01094	0.00760	0.00706	0.05407	0.01188	0.08202	0.01419	0.02161	0.01286	0.02218	0.02452	0.66646	0.00628	0.00629	0.00390	0.00453
7	0.01923	0.01807	0.03794	0.02724	0.03417	0.01680	0.57254	0.02471	0.01738	0.13269	0.01659	0.02001	0.01189	0.00645	0.00820	0.00237	0.01105	0.00820	0.00443	0.01001
8	0.01050	0.00757	0.00867	0.00853	0.01001	0.00711	0.00597	0.01278	0.04113	0.03659	0.17812	0.07660	0.24797	0.26694	0.01793	0.00396	0.00497	0.04255	0.00615	0.00595
9	0.00947	0.00721	0.00845	0.00874	0.01023	0.00664	0.00626	0.01179	0.03323	0.02063	0.18873	0.21440	0.28026	0.11524	0.01230	0.00312	0.00431	0.04635	0.00658	0.00605
10	0.01345	0.01266	0.02136	0.73264	0.04904	0.01582	0.01978	0.01819	0.01424	0.01819	0.01266	0.01898	0.00949	0.00712	0.00712	0.00237	0.00949	0.00633	0.00316	0.00791
11	0.01434	0.01489	0.02996	0.02267	0.02774	0.01399	0.43296	0.01886	0.01607	0.02135	0.02543	0.06337	0.08969	0.06641	0.01076	0.00289	0.00963	0.10624	0.00452	0.00823
12	0.01009	0.00734	0.00856	0.00883	0.01014	0.00691	0.00622	0.03180	0.01522	0.02008	0.12427	0.21927	0.22184	0.18829	0.01496	0.00356	0.00477	0.05476	0.03723	0.00590
13	0.00996	0.00732	0.00913	0.01021	0.01099	0.00727	0.00696	0.01307	0.08381	0.01889	0.03575	0.54600	0.04123	0.12356	0.01276	0.00342	0.00477	0.04238	0.00635	0.00618
14	0.01521	0.01533	0.02396	0.01975	0.02103	0.01986	0.12100	0.01758	0.01190	0.01798	0.01117	0.01745	0.01046	0.01568	0.09351	0.00387	0.54633	0.00672	0.00327	0.00793
15	0.01514	0.01492	0.02260	0.50105	0.15455	0.05780	0.01934	0.01930	0.01457	0.01889	0.01234	0.01804	0.00976	0.00756	0.00875	0.00238	0.08507	0.00622	0.00325	0.00848
16	0.01030	0.00706	0.00887	0.00981	0.01080	0.00667	0.00670	0.01244	0.04550	0.05095	0.04023	0.55176	0.10963	0.08014	0.01106	0.00312	0.00446	0.01772	0.00656	0.00624
17	0.01280	0.00863	0.01252	0.01338	0.08337	0.00836	0.00858	0.01265	0.01132	0.01607	0.01423	0.02246	0.01360	0.05902	0.15024	0.40332	0.00868	0.00635	0.00351	0.13090
18	0.00882	0.00693	0.00770	0.00808	0.00966	0.00610	0.00568	0.01039	0.01521	0.01904	0.10366	0.23479	0.41720	0.10003	0.01167	0.00301	0.00409	0.01566	0.00645	0.00582
19	0.64718	0.01645	0.01250	0.01096	0.01541	0.08981	0.00889	0.08369	0.01496	0.03165	0.01070	0.01222	0.00828	0.00687	0.00487	0.00216	0.00649	0.00417	0.00458	0.00818

[dist]
# distance from previous block
# <min> <max>
4	10

[block]
# block no. 8 follows, 29 sequences, length 9
# corresponding to MSA columns:
# 1202-1210
