[name]
unknown

[dist]
# distance from previous block
# <min> <max>
11	81

[block]
# block no. 0 follows, 25 sequences, length 13
# corresponding to MSA columns:
# 102-114
name=unknown_A
#
# <colnr> <probs for GDERKNQSTAVLIFYWHMCP>
#	G	D	E	R	K	N	Q	S	T	A	V	L	I	F	Y	W	H	M	C	P
0	0.01445	0.17366	0.14545	0.01296	0.01718	0.01510	0.01222	0.04237	0.01535	0.02023	0.02612	0.13907	0.07416	0.21192	0.04411	0.00420	0.00827	0.01042	0.00481	0.00796
1	0.27260	0.14137	0.25466	0.01544	0.02306	0.01887	0.01677	0.02579	0.01612	0.12862	0.01494	0.01602	0.01082	0.00753	0.00619	0.00230	0.00839	0.00528	0.00476	0.01047
2	0.11887	0.12425	0.01863	0.01269	0.01732	0.01660	0.01045	0.05336	0.18382	0.10038	0.15077	0.03049	0.05890	0.01048	0.00718	0.00227	0.00599	0.00838	0.00683	0.06235
3	0.01108	0.00831	0.01246	0.01246	0.01385	0.00969	0.00969	0.01385	0.01246	0.01800	0.02077	0.03046	0.01938	0.05815	0.69678	0.01246	0.02077	0.00831	0.00415	0.00692
4	0.02002	0.01950	0.01957	0.05500	0.12001	0.15538	0.01404	0.09015	0.19882	0.02833	0.10629	0.03098	0.08727	0.01074	0.00793	0.00239	0.00813	0.00883	0.00626	0.01034
5	0.01406	0.01170	0.01377	0.01066	0.01584	0.00918	0.00836	0.01739	0.01768	0.02619	0.18100	0.03282	0.10155	0.00976	0.00695	0.00163	0.00503	0.00820	0.00584	0.50241
6	0.01139	0.00975	0.01029	0.01171	0.01251	0.07500	0.00797	0.01280	0.01555	0.01971	0.03967	0.65192	0.04717	0.02267	0.00961	0.00303	0.00544	0.02035	0.00688	0.00657
7	0.01843	0.02059	0.12796	0.02517	0.08145	0.01639	0.28574	0.02527	0.06017	0.08041	0.08304	0.02426	0.01898	0.00804	0.00823	0.00238	0.00985	0.00835	0.00507	0.09022
8	0.01464	0.01378	0.02326	0.70887	0.05340	0.01723	0.02153	0.01981	0.01550	0.01981	0.01378	0.02067	0.01034	0.00775	0.00775	0.00258	0.01034	0.00689	0.00345	0.00861
9	0.01608	0.01378	0.01608	0.01148	0.01837	0.01034	0.00919	0.01952	0.01608	0.02527	0.01378	0.01608	0.01148	0.00574	0.00574	0.00115	0.00574	0.00459	0.00459	0.77491
10	0.02069	0.05235	0.18830	0.01870	0.02414	0.02084	0.01813	0.19074	0.02081	0.06113	0.04117	0.01913	0.01390	0.01016	0.01302	0.00262	0.22811	0.00671	0.00508	0.04427
11	0.05364	0.01374	0.01649	0.04846	0.01957	0.01405	0.01119	0.13049	0.08832	0.22414	0.03118	0.10048	0.08657	0.05109	0.01031	0.00277	0.03281	0.00987	0.00739	0.04745
12	0.01958	0.01288	0.04081	0.01388	0.04388	0.01164	0.01062	0.05765	0.06670	0.20065	0.11882	0.08184	0.11984	0.08912	0.01217	0.00301	0.03068	0.01079	0.00727	0.04815

[dist]
# distance from previous block
# <min> <max>
33	75

[block]
# block no. 1 follows, 25 sequences, length 9
# corresponding to MSA columns:
# 197-205
name=unknown_B
#
# <colnr> <probs for GDERKNQSTAVLIFYWHMCP>
#	G	D	E	R	K	N	Q	S	T	A	V	L	I	F	Y	W	H	M	C	P
0	0.01867	0.07076	0.02673	0.37196	0.21055	0.01965	0.02041	0.12235	0.01944	0.02579	0.01454	0.01933	0.01127	0.00769	0.00752	0.00240	0.00960	0.00670	0.00423	0.01041
1	0.01669	0.01505	0.02110	0.13403	0.17416	0.01485	0.01521	0.02235	0.07855	0.02493	0.04508	0.02069	0.01533	0.00773	0.00809	0.00198	0.05116	0.00645	0.00465	0.32193
2	0.01783	0.01645	0.02756	0.12913	0.50921	0.01690	0.02157	0.02238	0.01730	0.02468	0.01700	0.02478	0.01477	0.00817	0.00776	0.00240	0.00887	0.05048	0.05163	0.01113
3	0.01382	0.01185	0.01650	0.02026	0.16458	0.01231	0.01264	0.01905	0.09929	0.02398	0.08713	0.21127	0.13109	0.01620	0.01015	0.00282	0.05568	0.07627	0.00636	0.00877
4	0.01791	0.01505	0.02472	0.37236	0.25178	0.01688	0.02044	0.02250	0.01667	0.07807	0.01589	0.02093	0.01219	0.00792	0.00830	0.00247	0.03664	0.00699	0.04216	0.01013
5	0.01210	0.00924	0.01124	0.01062	0.01297	0.00869	0.00799	0.01436	0.01716	0.05279	0.14749	0.22316	0.26441	0.01774	0.01028	0.00262	0.06417	0.01496	0.00691	0.09110
6	0.01810	0.01731	0.02950	0.20622	0.52904	0.01814	0.02325	0.02284	0.01714	0.02401	0.01439	0.01955	0.01181	0.00711	0.00769	0.00237	0.00948	0.00690	0.00374	0.01140
7	0.01584	0.06849	0.02406	0.45615	0.10898	0.01706	0.01881	0.02043	0.01585	0.02129	0.01364	0.01903	0.01073	0.00720	0.00715	0.00221	0.00920	0.00625	0.00369	0.15392
8	0.01718	0.01450	0.01591	0.04479	0.01942	0.03905	0.01082	0.07064	0.18179	0.02769	0.02586	0.02893	0.06725	0.01271	0.05152	0.00269	0.00731	0.03395	0.05815	0.26983

[dist]
# distance from previous block
# <min> <max>
3	33

[block]
# block no. 2 follows, 25 sequences, length 32
# corresponding to MSA columns:
# 239-258,270-281
name=unknown_C
#
# <colnr> <probs for GDERKNQSTAVLIFYWHMCP>
#	G	D	E	R	K	N	Q	S	T	A	V	L	I	F	Y	W	H	M	C	P
0	0.01875	0.01972	0.09772	0.03859	0.09371	0.05877	0.10373	0.13090	0.04529	0.02651	0.02232	0.05059	0.06808	0.01248	0.01218	0.09073	0.06746	0.02781	0.00503	0.00964
1	0.14948	0.02017	0.07598	0.12838	0.04837	0.05118	0.03909	0.20636	0.07769	0.05912	0.01688	0.01867	0.01245	0.00820	0.00713	0.00234	0.00863	0.00642	0.00565	0.05778
2	0.02837	0.06293	0.02280	0.03737	0.04266	0.14558	0.03731	0.17793	0.06982	0.24428	0.02122	0.02073	0.01488	0.00877	0.00746	0.00225	0.00891	0.00684	0.00693	0.03298
3	0.01788	0.01729	0.05048	0.26193	0.33981	0.03586	0.02110	0.04013	0.01773	0.04333	0.04029	0.04823	0.01546	0.00839	0.00782	0.00244	0.00932	0.00768	0.00427	0.01057
4	0.01779	0.01835	0.02148	0.07604	0.12640	0.14983	0.08806	0.02218	0.06343	0.02180	0.02564	0.03164	0.10590	0.12587	0.01294	0.00313	0.00923	0.00875	0.00479	0.06674
5	0.02011	0.32319	0.08478	0.09934	0.21239	0.09616	0.01854	0.02395	0.01698	0.02100	0.01256	0.01572	0.01065	0.00703	0.00645	0.00204	0.00963	0.00544	0.00355	0.01048
6	0.01919	0.01842	0.03147	0.04759	0.67914	0.01842	0.02380	0.02380	0.01765	0.02533	0.01458	0.01919	0.01228	0.00691	0.00768	0.00230	0.00921	0.00691	0.00384	0.01228
7	0.01302	0.01133	0.01315	0.01294	0.01449	0.08346	0.00985	0.01548	0.01339	0.01786	0.02012	0.03036	0.01910	0.10800	0.56825	0.01093	0.01894	0.00820	0.00418	0.00696
8	0.08807	0.06875	0.02445	0.04745	0.19786	0.34394	0.01660	0.02812	0.01954	0.07549	0.01406	0.01637	0.01122	0.00768	0.00696	0.00214	0.01101	0.00567	0.00441	0.01020
9	0.01016	0.00789	0.00923	0.00890	0.01108	0.00697	0.00667	0.01305	0.02002	0.02652	0.40619	0.06545	0.34487	0.01756	0.00915	0.00252	0.00378	0.01508	0.00793	0.00697
10	0.01347	0.00673	0.01010	0.01010	0.01010	0.00673	0.00673	0.01010	0.01010	0.01347	0.01347	0.02357	0.01347	0.02694	0.03030	0.77441	0.00673	0.00673	0.00337	0.00337
11	0.01829	0.01273	0.01360	0.01226	0.01566	0.01406	0.00955	0.07966	0.29887	0.05413	0.02744	0.02808	0.02093	0.01205	0.03959	0.00273	0.00602	0.00794	0.31633	0.01008
12	0.02341	0.01798	0.09738	0.12828	0.09733	0.01591	0.01666	0.07391	0.12862	0.23663	0.02356	0.02542	0.01704	0.00923	0.00779	0.00247	0.00808	0.03027	0.00664	0.03342
13	0.16894	0.01920	0.07942	0.01999	0.02667	0.01746	0.20305	0.10111	0.06082	0.19736	0.01973	0.02059	0.01376	0.00807	0.00760	0.00247	0.00900	0.00732	0.00617	0.01127
14	0.00993	0.00726	0.00936	0.01032	0.01142	0.00669	0.00727	0.01204	0.01715	0.02305	0.21492	0.45355	0.12415	0.02144	0.00965	0.00292	0.00431	0.04042	0.00755	0.00663
15	0.01818	0.02176	0.07411	0.03221	0.04022	0.01954	0.62348	0.02482	0.01822	0.02482	0.01561	0.02071	0.01168	0.00657	0.00907	0.00261	0.01300	0.00900	0.00389	0.01050
16	0.01555	0.04011	0.68733	0.02210	0.03356	0.01801	0.02865	0.02455	0.01637	0.02455	0.01391	0.01637	0.00982	0.00737	0.00737	0.00246	0.01146	0.00573	0.00327	0.01146
17	0.01874	0.31447	0.37615	0.01824	0.02735	0.02354	0.02140	0.07459	0.01774	0.02399	0.01304	0.01498	0.01014	0.00723	0.00644	0.00213	0.00996	0.00520	0.00365	0.01100
18	0.02518	0.01403	0.01687	0.01391	0.01855	0.01400	0.01111	0.17379	0.09850	0.28671	0.10351	0.10725	0.05692	0.01240	0.00824	0.00251	0.00631	0.01036	0.00849	0.01138
19	0.00942	0.00687	0.00887	0.01048	0.01116	0.00632	0.00706	0.01083	0.01515	0.01992	0.04659	0.65269	0.11855	0.02379	0.00982	0.00309	0.00444	0.02143	0.00720	0.00632
20	0.01853	0.01537	0.01654	0.01498	0.01907	0.01724	0.01188	0.10189	0.45224	0.03193	0.03630	0.03946	0.09518	0.01262	0.00834	0.00270	0.00628	0.08058	0.00771	0.01116
21	0.01784	0.15256	0.51029	0.02043	0.03030	0.09312	0.02467	0.02503	0.01687	0.02293	0.01320	0.01547	0.00986	0.00731	0.00694	0.00228	0.01121	0.00539	0.00336	0.01095
22	0.02024	0.37841	0.19102	0.01656	0.02371	0.10442	0.01703	0.02709	0.11184	0.02193	0.01472	0.01599	0.01193	0.00754	0.00622	0.00203	0.00941	0.00531	0.00406	0.01054
23	0.01076	0.00769	0.01051	0.01230	0.01333	0.00743	0.00948	0.01307	0.01614	0.02127	0.04201	0.44835	0.04841	0.02305	0.01025	0.00333	0.00564	0.28315	0.00717	0.00666
24	0.03850	0.01583	0.08762	0.20570	0.02677	0.06723	0.01415	0.01898	0.04087	0.02453	0.21160	0.05927	0.13372	0.01244	0.00824	0.00250	0.00741	0.01053	0.00580	0.00831
25	0.24654	0.01895	0.01708	0.01443	0.01920	0.09163	0.01154	0.26057	0.07715	0.03617	0.02295	0.06399	0.06790	0.01038	0.00706	0.00241	0.00757	0.00776	0.00642	0.01031
26	0.01497	0.00850	0.00868	0.00823	0.01040	0.00856	0.00621	0.06943	0.01784	0.02904	0.03044	0.03402	0.09037	0.04432	0.00763	0.00221	0.00424	0.00838	0.58902	0.00753
27	0.27635	0.34364	0.05195	0.01161	0.01704	0.02185	0.01098	0.02229	0.01500	0.02582	0.01328	0.01534	0.01104	0.00725	0.00509	0.00197	0.00689	0.00473	0.12885	0.00904
28	0.15645	0.01191	0.06643	0.01086	0.01404	0.01009	0.00928	0.01699	0.01984	0.03125	0.49552	0.04596	0.05575	0.01352	0.00818	0.00243	0.00474	0.01149	0.00740	0.00786
29	0.01876	0.01464	0.01617	0.01443	0.01826	0.01619	0.01118	0.10842	0.38681	0.05972	0.13601	0.10697	0.03324	0.01268	0.00829	0.00261	0.00587	0.01079	0.00797	0.01097
30	0.04719	0.02061	0.13693	0.14289	0.29006	0.01740	0.12705	0.02243	0.01682	0.02419	0.01651	0.07214	0.01428	0.00838	0.00794	0.00249	0.00992	0.00812	0.00399	0.01065
31	0.08246	0.02039	0.02476	0.12903	0.29820	0.12827	0.01862	0.10722	0.03716	0.02733	0.01588	0.04717	0.01334	0.00836	0.00745	0.00235	0.00952	0.00706	0.00465	0.01078

[dist]
# distance from previous block
# <min> <max>
1	5

[block]
# block no. 3 follows, 25 sequences, length 19
# corresponding to MSA columns:
# 287-297,306-313
name=unknown_D
#
# <colnr> <probs for GDERKNQSTAVLIFYWHMCP>
#	G	D	E	R	K	N	Q	S	T	A	V	L	I	F	Y	W	H	M	C	P
0	0.09392	0.26921	0.16554	0.07322	0.05052	0.08311	0.04769	0.02575	0.08051	0.02333	0.01420	0.01634	0.01133	0.00744	0.00644	0.00216	0.00944	0.00557	0.00402	0.01026
1	0.01411	0.01297	0.02166	0.60572	0.04754	0.01611	0.01978	0.01893	0.01505	0.01954	0.01482	0.02212	0.01168	0.01522	0.10981	0.00405	0.01188	0.00710	0.00355	0.00836
2	0.18032	0.16056	0.02358	0.01634	0.02140	0.31067	0.01328	0.14142	0.02166	0.02750	0.01273	0.01426	0.01024	0.00781	0.00631	0.00208	0.01030	0.00504	0.00472	0.00982
3	0.01121	0.00788	0.01016	0.00959	0.01141	0.00731	0.00719	0.01486	0.02157	0.03095	0.63186	0.05599	0.06962	0.01540	0.00890	0.00240	0.00366	0.01357	0.05919	0.00731
4	0.01555	0.04011	0.68733	0.02210	0.03356	0.01801	0.02865	0.02455	0.01637	0.02455	0.01391	0.01637	0.00982	0.00737	0.00737	0.00246	0.01146	0.00573	0.00327	0.01146
5	0.02828	0.02569	0.02226	0.01820	0.02345	0.23198	0.01453	0.42393	0.03060	0.03784	0.01668	0.01785	0.01254	0.01166	0.04645	0.00280	0.01092	0.00644	0.00639	0.01153
6	0.01108	0.00831	0.01246	0.01246	0.01385	0.00969	0.00969	0.01385	0.01246	0.01800	0.02077	0.03046	0.01938	0.05815	0.69678	0.01246	0.02077	0.00831	0.00415	0.00692
7	0.02300	0.54176	0.03562	0.01497	0.02101	0.17140	0.01372	0.06303	0.01833	0.02025	0.01151	0.01314	0.01015	0.00708	0.00557	0.00177	0.00951	0.00450	0.00373	0.00994
8	0.01098	0.00780	0.01001	0.01008	0.01084	0.00817	0.00686	0.01237	0.01287	0.01764	0.06627	0.08275	0.06166	0.36827	0.27115	0.00850	0.01171	0.01123	0.00500	0.00584
9	0.02125	0.01750	0.01994	0.01816	0.07868	0.01846	0.01325	0.19615	0.29747	0.03454	0.02268	0.02248	0.01718	0.00881	0.00736	0.00219	0.00695	0.00720	0.00676	0.18298
10	0.01162	0.00951	0.01264	0.01425	0.05726	0.00995	0.00970	0.01465	0.05199	0.02149	0.06597	0.41055	0.13567	0.02004	0.01126	0.00300	0.08352	0.04289	0.00664	0.00738
11	0.09543	0.05669	0.02331	0.23752	0.13646	0.05555	0.01730	0.05338	0.01716	0.08897	0.01587	0.04554	0.01297	0.00916	0.00965	0.00253	0.10102	0.00703	0.00462	0.00985
12	0.01194	0.00931	0.01472	0.01351	0.01532	0.01018	0.06832	0.01470	0.01302	0.01873	0.02104	0.03241	0.01997	0.14721	0.50510	0.01032	0.01732	0.00876	0.04117	0.00695
13	0.01971	0.01743	0.05929	0.33587	0.10183	0.01801	0.01875	0.15505	0.04754	0.06563	0.01658	0.02015	0.01225	0.00803	0.00757	0.00237	0.00915	0.00679	0.00501	0.07300
14	0.03801	0.00968	0.01270	0.08342	0.01728	0.01012	0.00978	0.04454	0.01653	0.02311	0.10683	0.38351	0.04041	0.05398	0.01148	0.00308	0.04602	0.03253	0.00642	0.05055
15	0.02515	0.14280	0.05434	0.04873	0.06218	0.36060	0.04079	0.02818	0.01986	0.08571	0.01567	0.01993	0.01300	0.00851	0.00712	0.00215	0.01139	0.03956	0.00455	0.00980
16	0.30172	0.15888	0.08800	0.01536	0.04779	0.05861	0.01343	0.08526	0.01821	0.12596	0.01497	0.01589	0.01113	0.00769	0.00605	0.00223	0.00791	0.00529	0.00526	0.01036
17	0.10228	0.11733	0.19233	0.08251	0.08566	0.05257	0.01840	0.08274	0.07731	0.02660	0.01542	0.01814	0.01209	0.01082	0.04623	0.00292	0.03562	0.00611	0.00444	0.01050
18	0.02003	0.06210	0.08215	0.02069	0.08136	0.21575	0.05126	0.04874	0.01736	0.02088	0.01502	0.04889	0.01359	0.01645	0.08435	0.08909	0.09245	0.00699	0.00405	0.00881

[dist]
# distance from previous block
# <min> <max>
18	37

[block]
# block no. 4 follows, 25 sequences, length 7
# corresponding to MSA columns:
# 355-361
name=unknown_E
#
# <colnr> <probs for GDERKNQSTAVLIFYWHMCP>
#	G	D	E	R	K	N	Q	S	T	A	V	L	I	F	Y	W	H	M	C	P
0	0.01740	0.01912	0.10869	0.34287	0.03716	0.05575	0.01856	0.11212	0.06119	0.02621	0.06560	0.02595	0.05785	0.00943	0.00785	0.00249	0.00930	0.00786	0.00495	0.00968
1	0.19461	0.01426	0.01754	0.21857	0.04926	0.01629	0.01402	0.04506	0.14712	0.07840	0.02072	0.02735	0.01693	0.05468	0.00930	0.00290	0.00771	0.05012	0.00561	0.00957
2	0.06395	0.01846	0.02151	0.06590	0.02382	0.12727	0.08810	0.07971	0.07384	0.07595	0.01816	0.02252	0.01473	0.04179	0.12377	0.00432	0.09570	0.00731	0.02373	0.00949
3	0.02469	0.02520	0.17976	0.09635	0.02987	0.08818	0.05898	0.22523	0.02430	0.14451	0.01816	0.01933	0.01269	0.00842	0.00768	0.00238	0.00994	0.00675	0.00591	0.01167
4	0.02120	0.27587	0.08942	0.05791	0.02794	0.02464	0.14105	0.16798	0.02075	0.02723	0.01393	0.01666	0.01108	0.00789	0.00838	0.00225	0.06437	0.00627	0.00447	0.01073
5	0.01449	0.01342	0.02210	0.55160	0.10254	0.01597	0.01996	0.01926	0.01601	0.02061	0.02051	0.02909	0.06225	0.00949	0.00805	0.00263	0.00954	0.04978	0.00401	0.00868
6	0.18421	0.06993	0.02508	0.13618	0.16447	0.01971	0.07192	0.08195	0.05137	0.02777	0.01458	0.01829	0.01165	0.00952	0.02935	0.00276	0.06015	0.00645	0.00451	0.01015

[dist]
# distance from previous block
# <min> <max>
4	7

[block]
# block no. 5 follows, 25 sequences, length 9
# corresponding to MSA columns:
# 369-377
name=unknown_F
#
# <colnr> <probs for GDERKNQSTAVLIFYWHMCP>
#	G	D	E	R	K	N	Q	S	T	A	V	L	I	F	Y	W	H	M	C	P
0	0.01502	0.01429	0.02334	0.59792	0.04808	0.01828	0.02080	0.01963	0.01492	0.01963	0.01320	0.02007	0.01031	0.00869	0.01060	0.00271	0.12362	0.00687	0.00344	0.00859
1	0.13542	0.00961	0.01073	0.01100	0.01325	0.00947	0.00792	0.01587	0.06087	0.02377	0.03508	0.45206	0.06467	0.01828	0.00844	0.00274	0.00497	0.01603	0.00657	0.09324
2	0.57213	0.01396	0.01298	0.12259	0.02045	0.01626	0.01010	0.02102	0.01335	0.03016	0.01281	0.01817	0.01093	0.08804	0.00916	0.00300	0.00687	0.00543	0.00457	0.00802
3	0.10399	0.01827	0.02911	0.08691	0.31150	0.05005	0.14145	0.02290	0.01657	0.02462	0.01428	0.01923	0.01180	0.01078	0.05355	0.00312	0.06050	0.00703	0.00393	0.01043
4	0.01892	0.02048	0.02356	0.46819	0.09497	0.20291	0.01992	0.02317	0.01744	0.02002	0.01335	0.01873	0.01039	0.00775	0.00754	0.00240	0.01124	0.00637	0.00363	0.00901
5	0.01918	0.05510	0.04254	0.22223	0.05791	0.07446	0.12902	0.11075	0.07716	0.02677	0.04857	0.02281	0.03023	0.00848	0.00781	0.00238	0.00973	0.00760	0.00494	0.04234
6	0.07557	0.02818	0.02325	0.09151	0.04996	0.36978	0.04771	0.17198	0.02373	0.02748	0.01390	0.01618	0.01083	0.00811	0.00724	0.00220	0.01162	0.00587	0.00485	0.01007
7	0.10827	0.02003	0.01885	0.06460	0.02242	0.14323	0.01297	0.20746	0.06493	0.04606	0.04472	0.04671	0.01661	0.00957	0.00806	0.00229	0.04410	0.00711	0.04179	0.07024
8	0.11050	0.04518	0.03515	0.07113	0.12729	0.08778	0.01493	0.04815	0.04515	0.02497	0.02218	0.07928	0.02173	0.02606	0.00959	0.00277	0.04970	0.14600	0.00521	0.02723

[dist]
# distance from previous block
# <min> <max>
0	10

[block]
# block no. 6 follows, 25 sequences, length 41
# corresponding to MSA columns:
# 406-422,427-450
name=unknown_G
#
# <colnr> <probs for GDERKNQSTAVLIFYWHMCP>
#	G	D	E	R	K	N	Q	S	T	A	V	L	I	F	Y	W	H	M	C	P
0	0.04523	0.08205	0.06178	0.04624	0.02270	0.04174	0.08799	0.13813	0.02118	0.02918	0.15286	0.02950	0.06020	0.03011	0.00939	0.00243	0.04093	0.00855	0.00574	0.08408
1	0.02139	0.31235	0.08855	0.05272	0.05497	0.07445	0.04305	0.14774	0.02066	0.02604	0.01655	0.01830	0.04210	0.00796	0.00656	0.00203	0.00908	0.00599	0.00454	0.04497
2	0.08465	0.12774	0.15360	0.01968	0.07651	0.07653	0.01725	0.16079	0.02123	0.10803	0.01581	0.01726	0.01181	0.00846	0.00844	0.00233	0.06746	0.00601	0.00524	0.01119
3	0.01879	0.11480	0.08795	0.05447	0.04616	0.06622	0.16242	0.07738	0.04777	0.02468	0.01613	0.02114	0.01345	0.06696	0.04088	0.00303	0.01029	0.00700	0.00444	0.11606
4	0.01791	0.01620	0.02638	0.15664	0.32442	0.01694	0.06965	0.09039	0.01890	0.02589	0.01923	0.09079	0.01777	0.03510	0.00929	0.00271	0.00904	0.03754	0.00471	0.01049
5	0.30195	0.01578	0.01690	0.01434	0.01824	0.06965	0.07209	0.06723	0.01614	0.02788	0.01642	0.05527	0.01482	0.06893	0.09593	0.00403	0.04248	0.00713	0.03190	0.04288
6	0.05771	0.07738	0.20518	0.01912	0.05810	0.04933	0.04892	0.11820	0.02113	0.18268	0.04891	0.02076	0.01568	0.00841	0.00734	0.00230	0.00894	0.00675	0.00586	0.03730
7	0.04747	0.01359	0.04785	0.01162	0.01732	0.01038	0.00979	0.02112	0.01770	0.10439	0.12785	0.02518	0.02320	0.00828	0.00658	0.00168	0.00563	0.00680	0.06329	0.43030
8	0.01568	0.01502	0.02596	0.55087	0.16845	0.01757	0.05519	0.02081	0.01605	0.02110	0.01403	0.02041	0.01077	0.00753	0.00781	0.00253	0.01027	0.00701	0.00354	0.00939
9	0.01446	0.01298	0.01607	0.01694	0.08875	0.04534	0.01180	0.01835	0.06030	0.02235	0.06342	0.06422	0.17517	0.02019	0.10893	0.00405	0.16420	0.01030	0.07391	0.00826
10	0.00935	0.00752	0.00834	0.00886	0.01077	0.00651	0.00637	0.01121	0.01702	0.02113	0.09898	0.27392	0.45113	0.02088	0.00939	0.00277	0.00409	0.01799	0.00727	0.00651
11	0.01650	0.01635	0.13157	0.01512	0.04984	0.01119	0.01294	0.03836	0.01725	0.10486	0.02779	0.23291	0.05528	0.01289	0.00784	0.00229	0.00663	0.01116	0.00594	0.22330
12	0.02052	0.60400	0.06293	0.01379	0.02050	0.06198	0.01359	0.02332	0.01612	0.01917	0.01124	0.01300	0.01009	0.00665	0.00524	0.00166	0.00847	0.00429	0.00347	0.07997
13	0.00945	0.00675	0.00900	0.01080	0.01125	0.00630	0.00720	0.01080	0.01484	0.01979	0.04274	0.72245	0.05128	0.02429	0.00990	0.00315	0.00450	0.02204	0.00720	0.00630
14	0.02228	0.05142	0.12617	0.01646	0.02213	0.11688	0.01498	0.20365	0.10524	0.06106	0.02474	0.02715	0.06420	0.01017	0.00754	0.00235	0.00860	0.03643	0.06775	0.01080
15	0.01579	0.06500	0.06676	0.01475	0.05008	0.01412	0.01180	0.02518	0.21220	0.04913	0.28691	0.03866	0.05936	0.01199	0.00808	0.00238	0.00578	0.01023	0.00716	0.04463
16	0.07754	0.04065	0.01749	0.01465	0.01898	0.04956	0.01156	0.11101	0.35375	0.06055	0.07750	0.06059	0.05064	0.01122	0.00773	0.00251	0.00654	0.00912	0.00737	0.01103
17	0.10819	0.04720	0.09692	0.01374	0.01892	0.01446	0.01244	0.07492	0.10039	0.17819	0.15501	0.03403	0.07228	0.01129	0.00773	0.00246	0.00654	0.02768	0.00721	0.01039
18	0.14167	0.14668	0.30691	0.01772	0.02558	0.12404	0.01918	0.02647	0.04710	0.05746	0.01426	0.01584	0.01075	0.00757	0.00655	0.00225	0.00997	0.00536	0.00416	0.01047
19	0.05129	0.18771	0.02442	0.14695	0.02580	0.05059	0.01411	0.20206	0.02169	0.02965	0.01587	0.01861	0.01244	0.00839	0.00741	0.00217	0.04116	0.00612	0.12352	0.01003
20	0.02113	0.10037	0.07050	0.01591	0.02178	0.08158	0.01368	0.13252	0.26652	0.03041	0.02083	0.02080	0.01596	0.00856	0.00703	0.00213	0.00780	0.00664	0.00607	0.14979
21	0.01805	0.24021	0.07354	0.01374	0.01885	0.09344	0.01244	0.02194	0.04328	0.04803	0.07554	0.06163	0.08018	0.01272	0.03675	0.00255	0.00827	0.03913	0.00514	0.09456
22	0.02012	0.11208	0.31817	0.01770	0.02560	0.01807	0.01947	0.10049	0.05019	0.11820	0.07112	0.02518	0.01903	0.00938	0.00753	0.00240	0.00897	0.03957	0.00552	0.01120
23	0.01908	0.32764	0.18458	0.01902	0.07311	0.05712	0.04696	0.05107	0.04155	0.02311	0.04500	0.02008	0.04480	0.00815	0.00663	0.00210	0.00913	0.00629	0.00418	0.01040
24	0.01068	0.00785	0.00959	0.00919	0.01089	0.00720	0.00664	0.01344	0.01948	0.02667	0.46073	0.05999	0.18096	0.12678	0.01384	0.00326	0.00431	0.01404	0.00769	0.00676
25	0.09090	0.01333	0.01750	0.01353	0.01943	0.01185	0.01117	0.03666	0.02152	0.63574	0.02910	0.02536	0.01838	0.00942	0.00757	0.00240	0.00655	0.00753	0.00924	0.01284
26	0.02108	0.01604	0.05454	0.16088	0.08796	0.01570	0.04517	0.05823	0.15661	0.17983	0.05278	0.02883	0.06802	0.00990	0.00799	0.00250	0.00783	0.00854	0.00655	0.01103
27	0.01845	0.42787	0.32498	0.01715	0.02591	0.02511	0.02003	0.02381	0.01603	0.02102	0.01216	0.01417	0.00989	0.00696	0.00603	0.00201	0.00968	0.00484	0.00330	0.01061
28	0.01001	0.00794	0.00915	0.00986	0.01194	0.00708	0.00768	0.01226	0.01728	0.02131	0.06398	0.17803	0.42732	0.02079	0.00965	0.00293	0.00479	0.16417	0.00719	0.00665
29	0.03284	0.01396	0.01818	0.01420	0.02003	0.01284	0.01164	0.06618	0.09346	0.58395	0.03015	0.02632	0.01941	0.00968	0.00781	0.00242	0.00664	0.00787	0.00933	0.01309
30	0.02169	0.10470	0.25245	0.05257	0.11236	0.13625	0.02062	0.11166	0.03839	0.05604	0.01521	0.01720	0.01147	0.00780	0.00719	0.00226	0.01045	0.00598	0.00450	0.01119
31	0.01919	0.01842	0.03147	0.04759	0.67914	0.01842	0.02380	0.02380	0.01765	0.02533	0.01458	0.01919	0.01228	0.00691	0.00768	0.00230	0.00921	0.00691	0.00384	0.01228
32	0.00945	0.00675	0.00900	0.01080	0.01125	0.00630	0.00720	0.01080	0.01484	0.01979	0.04274	0.72245	0.05128	0.02429	0.00990	0.00315	0.00450	0.02204	0.00720	0.00630
33	0.02177	0.02118	0.06955	0.03629	0.02200	0.16101	0.04275	0.16228	0.02182	0.06166	0.03877	0.05630	0.01724	0.01320	0.05436	0.00302	0.06577	0.00767	0.11360	0.00976
34	0.01555	0.04011	0.68733	0.02210	0.03356	0.01801	0.02865	0.02455	0.01637	0.02455	0.01391	0.01637	0.00982	0.00737	0.00737	0.00246	0.01146	0.00573	0.00327	0.01146
35	0.04860	0.05562	0.30302	0.08247	0.16580	0.04122	0.02225	0.02684	0.09784	0.05864	0.01677	0.01900	0.01253	0.00779	0.00734	0.00240	0.00973	0.00641	0.00439	0.01132
36	0.01898	0.01844	0.03165	0.04476	0.59597	0.01888	0.05640	0.02347	0.01726	0.02480	0.01431	0.01911	0.01210	0.00739	0.00909	0.00240	0.06227	0.00702	0.00381	0.01190
37	0.01937	0.38801	0.14705	0.02173	0.14992	0.02474	0.01782	0.02575	0.09535	0.02243	0.01459	0.01643	0.01205	0.00729	0.00626	0.00204	0.00875	0.00552	0.00397	0.01094
38	0.01786	0.20624	0.32931	0.01780	0.02548	0.02043	0.01983	0.06573	0.03673	0.04333	0.01749	0.09540	0.01544	0.00970	0.00806	0.00238	0.04644	0.00745	0.00436	0.01054
39	0.00945	0.00675	0.00900	0.01080	0.01125	0.00630	0.00720	0.01080	0.01484	0.01979	0.04274	0.72245	0.05128	0.02429	0.00990	0.00315	0.00450	0.02204	0.00720	0.00630
40	0.00998	0.00786	0.00910	0.00956	0.01161	0.00698	0.00731	0.01233	0.01787	0.02255	0.15123	0.17238	0.39880	0.02009	0.00951	0.00282	0.00447	0.11145	0.00738	0.00671

[dist]
# distance from previous block
# <min> <max>
0	5

[block]
# block no. 7 follows, 25 sequences, length 75
# corresponding to MSA columns:
# 470-544
name=unknown_H
#
# <colnr> <probs for GDERKNQSTAVLIFYWHMCP>
#	G	D	E	R	K	N	Q	S	T	A	V	L	I	F	Y	W	H	M	C	P
0	0.07652	0.04179	0.01735	0.10641	0.10693	0.01320	0.01251	0.03930	0.01874	0.05353	0.26576	0.11902	0.03942	0.01300	0.00899	0.00253	0.03883	0.01112	0.00635	0.00870
1	0.01543	0.01459	0.02468	0.59406	0.16205	0.01743	0.02193	0.02050	0.01588	0.02077	0.01392	0.02041	0.01067	0.00761	0.00774	0.00254	0.01014	0.00689	0.00351	0.00925
2	0.01004	0.00789	0.00906	0.00877	0.01101	0.00692	0.00658	0.01282	0.01973	0.02583	0.36593	0.06657	0.38556	0.01781	0.00915	0.00253	0.00380	0.01524	0.00784	0.00692
3	0.01182	0.00817	0.01029	0.00961	0.01179	0.00738	0.00726	0.01514	0.02119	0.06137	0.53546	0.05939	0.17957	0.01623	0.00908	0.00247	0.00385	0.01414	0.00835	0.00747
4	0.05554	0.19875	0.19116	0.08221	0.02937	0.10397	0.09981	0.04864	0.05326	0.04666	0.01470	0.01704	0.01131	0.00750	0.00694	0.00224	0.01029	0.00601	0.00418	0.01043
5	0.01220	0.00907	0.01043	0.00979	0.01241	0.00846	0.00743	0.01706	0.08874	0.05718	0.32588	0.06039	0.31882	0.01658	0.00896	0.00253	0.00417	0.01416	0.00795	0.00779
6	0.00952	0.00719	0.00880	0.00983	0.01105	0.00647	0.00683	0.01128	0.01639	0.02127	0.11714	0.46482	0.23720	0.02207	0.00961	0.00292	0.00425	0.01956	0.00733	0.00647
7	0.78228	0.01499	0.01140	0.01020	0.01499	0.01739	0.00840	0.02279	0.01320	0.03479	0.01080	0.01260	0.00840	0.00720	0.00480	0.00240	0.00600	0.00420	0.00480	0.00840
8	0.01860	0.01570	0.02485	0.07128	0.35949	0.01572	0.04894	0.05216	0.04984	0.07752	0.05582	0.05771	0.09811	0.01010	0.00811	0.00244	0.00800	0.00927	0.00540	0.01093
9	0.01807	0.11017	0.40816	0.02509	0.11016	0.05077	0.09283	0.05201	0.01780	0.02479	0.01396	0.01676	0.01050	0.00725	0.00734	0.00234	0.01100	0.00609	0.00365	0.01125
10	0.01565	0.01440	0.02360	0.07216	0.38833	0.01431	0.03697	0.01952	0.01754	0.02419	0.07975	0.12148	0.09843	0.01177	0.00839	0.00252	0.00768	0.02817	0.00511	0.01004
11	0.02836	0.01361	0.01731	0.01311	0.01919	0.01166	0.01072	0.06746	0.02105	0.43443	0.02493	0.02313	0.01670	0.00847	0.00712	0.00202	0.00634	0.00682	0.03953	0.22805
12	0.01134	0.00816	0.00923	0.00932	0.01167	0.00713	0.00706	0.01345	0.01758	0.06404	0.09387	0.15007	0.44230	0.04800	0.01053	0.00295	0.00461	0.07442	0.00731	0.00696
13	0.06248	0.16505	0.36432	0.02290	0.12832	0.01983	0.02222	0.02452	0.01648	0.06180	0.01440	0.01684	0.01097	0.00881	0.02765	0.00258	0.01019	0.00572	0.00385	0.01108
14	0.01010	0.00728	0.00855	0.00927	0.01000	0.00683	0.00595	0.01105	0.01404	0.01817	0.04301	0.32559	0.17179	0.29817	0.02130	0.00475	0.00556	0.01666	0.00622	0.00572
15	0.01119	0.00787	0.01023	0.01023	0.01084	0.00848	0.00691	0.01241	0.01180	0.01634	0.02281	0.04178	0.02430	0.43163	0.33002	0.00970	0.01337	0.00996	0.00446	0.00568
16	0.01855	0.06320	0.11599	0.03764	0.35381	0.01947	0.22911	0.02419	0.01760	0.02466	0.01464	0.01902	0.01168	0.00683	0.00796	0.00239	0.01069	0.00734	0.00377	0.01145
17	0.01723	0.03138	0.39984	0.09307	0.18463	0.05711	0.06003	0.02432	0.01701	0.02398	0.01404	0.01754	0.01055	0.00729	0.00755	0.00241	0.01107	0.00626	0.00350	0.01118
18	0.01929	0.01666	0.01753	0.01578	0.02016	0.01929	0.01227	0.04120	0.66513	0.03243	0.03156	0.02893	0.02367	0.01052	0.00789	0.00263	0.00614	0.00877	0.00789	0.01227
19	0.01833	0.01942	0.03868	0.09244	0.27689	0.01898	0.36934	0.02405	0.01784	0.02462	0.01513	0.02026	0.01184	0.00677	0.00849	0.00250	0.01143	0.00814	0.00385	0.01098
20	0.01728	0.01725	0.04919	0.23247	0.40078	0.01756	0.04281	0.02276	0.04184	0.02372	0.01637	0.05360	0.01393	0.00812	0.00785	0.00245	0.00939	0.00773	0.00403	0.01086
21	0.00926	0.00781	0.00802	0.00807	0.01056	0.00657	0.00601	0.01126	0.01773	0.02134	0.10288	0.10339	0.62131	0.01968	0.00920	0.00263	0.00394	0.01652	0.00726	0.00657
22	0.01555	0.04011	0.68733	0.02210	0.03356	0.01801	0.02865	0.02455	0.01637	0.02455	0.01391	0.01637	0.00982	0.00737	0.00737	0.00246	0.01146	0.00573	0.00327	0.01146
23	0.02473	0.02549	0.31821	0.01750	0.02567	0.01490	0.01901	0.06596	0.01988	0.31978	0.02212	0.02261	0.01507	0.04292	0.00912	0.00267	0.00893	0.00699	0.00642	0.01201
24	0.09918	0.44110	0.16121	0.01547	0.02254	0.10587	0.01596	0.02435	0.01635	0.02126	0.01153	0.01340	0.00977	0.00700	0.00566	0.00193	0.00935	0.00456	0.00354	0.00997
25	0.78228	0.01499	0.01140	0.01020	0.01499	0.01739	0.00840	0.02279	0.01320	0.03479	0.01080	0.01260	0.00840	0.00720	0.00480	0.00240	0.00600	0.00420	0.00480	0.00840
26	0.78228	0.01499	0.01140	0.01020	0.01499	0.01739	0.00840	0.02279	0.01320	0.03479	0.01080	0.01260	0.00840	0.00720	0.00480	0.00240	0.00600	0.00420	0.00480	0.00840
27	0.01227	0.00876	0.01223	0.01402	0.01570	0.00873	0.01210	0.01567	0.01762	0.02295	0.04118	0.13495	0.04512	0.02163	0.01065	0.00354	0.00694	0.58172	0.00714	0.00708
28	0.01253	0.00939	0.01168	0.01258	0.01417	0.00961	0.00939	0.05116	0.10713	0.02383	0.03952	0.45826	0.04400	0.02097	0.00967	0.00312	0.00548	0.14252	0.00731	0.00768
29	0.01067	0.00875	0.00951	0.00916	0.01174	0.00803	0.00692	0.01508	0.08335	0.02487	0.23716	0.06550	0.44598	0.01769	0.00903	0.00257	0.00407	0.01497	0.00763	0.00733
30	0.01342	0.01087	0.01451	0.01772	0.09667	0.03692	0.01287	0.01674	0.01783	0.02318	0.06727	0.14572	0.06766	0.01910	0.00996	0.00321	0.00708	0.40484	0.00668	0.00773
31	0.02668	0.03308	0.02428	0.06081	0.08605	0.55853	0.05298	0.02935	0.02101	0.01994	0.01253	0.01522	0.01032	0.00779	0.00722	0.00209	0.01330	0.00551	0.00395	0.00935
32	0.78228	0.01499	0.01140	0.01020	0.01499	0.01739	0.00840	0.02279	0.01320	0.03479	0.01080	0.01260	0.00840	0.00720	0.00480	0.00240	0.00600	0.00420	0.00480	0.00840
33	0.02395	0.01808	0.02200	0.04699	0.08116	0.01964	0.04039	0.31162	0.17144	0.07904	0.02385	0.02422	0.04308	0.01050	0.00901	0.04037	0.00791	0.00789	0.00699	0.01185
34	0.01464	0.01378	0.02326	0.70887	0.05340	0.01723	0.02153	0.01981	0.01550	0.01981	0.01378	0.02067	0.01034	0.00775	0.00775	0.00258	0.01034	0.00689	0.00345	0.00861
35	0.01464	0.01378	0.02326	0.70887	0.05340	0.01723	0.02153	0.01981	0.01550	0.01981	0.01378	0.02067	0.01034	0.00775	0.00775	0.00258	0.01034	0.00689	0.00345	0.00861
36	0.01464	0.01378	0.02326	0.70887	0.05340	0.01723	0.02153	0.01981	0.01550	0.01981	0.01378	0.02067	0.01034	0.00775	0.00775	0.00258	0.01034	0.00689	0.00345	0.00861
37	0.01987	0.01695	0.01786	0.01590	0.02039	0.01956	0.01241	0.07639	0.62899	0.03338	0.03081	0.02834	0.02307	0.01045	0.00788	0.00261	0.00627	0.00866	0.00788	0.01233
38	0.02172	0.01454	0.01727	0.01279	0.01932	0.01226	0.01035	0.08663	0.04446	0.17583	0.01871	0.01914	0.01385	0.00714	0.00648	0.00160	0.00622	0.00571	0.00615	0.49981
39	0.78228	0.01499	0.01140	0.01020	0.01499	0.01739	0.00840	0.02279	0.01320	0.03479	0.01080	0.01260	0.00840	0.00720	0.00480	0.00240	0.00600	0.00420	0.00480	0.00840
40	0.78228	0.01499	0.01140	0.01020	0.01499	0.01739	0.00840	0.02279	0.01320	0.03479	0.01080	0.01260	0.00840	0.00720	0.00480	0.00240	0.00600	0.00420	0.00480	0.00840
41	0.01042	0.00790	0.00960	0.00917	0.01124	0.00708	0.00688	0.01356	0.02064	0.02799	0.49291	0.06302	0.25723	0.01701	0.00915	0.00249	0.00374	0.01474	0.00813	0.00708
42	0.01118	0.00789	0.01034	0.01034	0.01099	0.00854	0.00705	0.01248	0.01183	0.01643	0.02271	0.04121	0.02405	0.41281	0.34850	0.00984	0.01375	0.00988	0.00444	0.00574
43	0.00999	0.00698	0.00884	0.01010	0.01041	0.00666	0.00645	0.01094	0.01378	0.01837	0.03727	0.52201	0.04439	0.23413	0.01872	0.00445	0.00540	0.01883	0.00645	0.00582
44	0.01163	0.00742	0.00927	0.00934	0.00951	0.00757	0.00578	0.01132	0.01130	0.01523	0.02245	0.06719	0.02503	0.48307	0.11243	0.16308	0.00878	0.01040	0.00446	0.00474
45	0.00943	0.00681	0.00893	0.01064	0.01120	0.00631	0.00713	0.01081	0.01500	0.01986	0.04469	0.68710	0.08537	0.02404	0.00986	0.00312	0.00447	0.02173	0.00720	0.00631
46	0.00997	0.00726	0.00939	0.01018	0.01130	0.00668	0.00713	0.01220	0.01762	0.02393	0.27180	0.43145	0.11057	0.02089	0.00957	0.00285	0.00415	0.01871	0.00768	0.00668
47	0.01919	0.01842	0.03147	0.04759	0.67914	0.01842	0.02380	0.02380	0.01765	0.02533	0.01458	0.01919	0.01228	0.00691	0.00768	0.00230	0.00921	0.00691	0.00384	0.01228
48	0.02235	0.02604	0.02442	0.10898	0.05119	0.33190	0.05360	0.02501	0.01756	0.01955	0.01194	0.01637	0.01028	0.00962	0.01313	0.00256	0.23667	0.00612	0.00372	0.00898
49	0.02097	0.47548	0.03345	0.01514	0.02003	0.12425	0.01375	0.02331	0.01602	0.01894	0.01156	0.01423	0.01048	0.00812	0.00875	0.00201	0.12808	0.00487	0.04113	0.00943
50	0.01914	0.33743	0.22222	0.02246	0.13826	0.05484	0.01978	0.02379	0.01632	0.02133	0.01236	0.01507	0.01033	0.00735	0.00740	0.00211	0.05045	0.00527	0.00343	0.01066
51	0.02005	0.08174	0.19929	0.02076	0.05083	0.08919	0.01931	0.11341	0.04491	0.02535	0.01364	0.01697	0.01111	0.00985	0.01331	0.00265	0.24675	0.00624	0.00424	0.01041
52	0.00951	0.00773	0.00842	0.00854	0.01076	0.00665	0.00629	0.01168	0.01805	0.02253	0.17535	0.15080	0.49756	0.01956	0.00925	0.00265	0.00395	0.01666	0.00743	0.00665
53	0.02211	0.09883	0.02177	0.01481	0.02096	0.01932	0.01225	0.25631	0.14258	0.03444	0.01847	0.01895	0.01417	0.00803	0.00679	0.00191	0.00713	0.00618	0.00621	0.26879
54	0.01872	0.02073	0.10428	0.04753	0.07621	0.01786	0.38352	0.02441	0.01767	0.07771	0.01749	0.05391	0.01395	0.00815	0.00956	0.00257	0.05160	0.00878	0.00445	0.04090
55	0.01751	0.16182	0.37060	0.02070	0.06547	0.01959	0.04454	0.02372	0.01660	0.04963	0.04265	0.01819	0.01331	0.00789	0.00804	0.00228	0.05026	0.00606	0.00391	0.05725
56	0.01881	0.14038	0.13733	0.02729	0.22152	0.01830	0.09316	0.02370	0.01779	0.07734	0.04907	0.02862	0.01881	0.00932	0.00780	0.00243	0.00915	0.08368	0.00476	0.01075
57	0.01395	0.01341	0.02158	0.02384	0.20549	0.01289	0.11625	0.01747	0.01769	0.02318	0.07451	0.04666	0.32027	0.01344	0.00952	0.00256	0.04083	0.01195	0.00559	0.00894
58	0.01940	0.05770	0.02869	0.29600	0.19567	0.07251	0.09294	0.09845	0.01938	0.02506	0.01447	0.01912	0.01127	0.00755	0.00768	0.00239	0.01034	0.00687	0.00415	0.01036
59	0.02024	0.02401	0.20245	0.05019	0.05902	0.05404	0.14060	0.10104	0.05217	0.10167	0.02495	0.02617	0.08937	0.00929	0.00805	0.00246	0.00973	0.00821	0.00541	0.01093
60	0.00934	0.00781	0.00814	0.00816	0.01061	0.00660	0.00608	0.01143	0.01793	0.02182	0.13157	0.10304	0.59185	0.01950	0.00920	0.00263	0.00393	0.01641	0.00732	0.00660
61	0.01128	0.00752	0.00846	0.00846	0.00846	0.00752	0.00470	0.01128	0.01128	0.01503	0.02443	0.05074	0.02819	0.72751	0.03946	0.00752	0.00752	0.01128	0.00470	0.00470
62	0.02238	0.04683	0.06084	0.01784	0.02297	0.07787	0.08886	0.21671	0.04564	0.09884	0.02157	0.09253	0.01820	0.01755	0.11108	0.00393	0.01085	0.00875	0.00614	0.01060
63	0.01705	0.10943	0.38311	0.02011	0.02862	0.01883	0.08620	0.07461	0.03632	0.02557	0.03996	0.02055	0.01430	0.03497	0.05452	0.00321	0.01108	0.00675	0.00414	0.01067
64	0.02125	0.54799	0.16258	0.01596	0.02330	0.02775	0.01655	0.02439	0.01705	0.02174	0.01404	0.01673	0.01226	0.00822	0.00635	0.00220	0.00929	0.00526	0.03601	0.01108
65	0.01934	0.01771	0.02880	0.36408	0.27370	0.01912	0.06698	0.05924	0.01884	0.02560	0.01644	0.02263	0.01320	0.00876	0.00863	0.00282	0.01055	0.00766	0.00457	0.01131
66	0.01991	0.01876	0.03152	0.12939	0.44067	0.01883	0.10353	0.02471	0.04502	0.02623	0.01838	0.05091	0.01584	0.00916	0.00878	0.00279	0.01010	0.00848	0.00479	0.01220
67	0.02369	0.02844	0.26251	0.05624	0.09153	0.09655	0.04377	0.05603	0.08567	0.14040	0.02060	0.02254	0.01524	0.00949	0.00840	0.00276	0.01054	0.00728	0.00588	0.01243
68	0.02306	0.01718	0.01856	0.01709	0.05188	0.06820	0.01259	0.13506	0.12933	0.12708	0.10490	0.06384	0.10000	0.01333	0.00985	0.00284	0.04740	0.01029	0.03618	0.01134
69	0.02485	0.02008	0.02111	0.01806	0.02259	0.14884	0.06979	0.07687	0.15449	0.15636	0.06919	0.07318	0.04690	0.01267	0.00900	0.00286	0.00896	0.04516	0.00758	0.01145
70	0.01936	0.09614	0.16384	0.18676	0.28393	0.02026	0.05985	0.02416	0.01785	0.02480	0.01588	0.02100	0.01292	0.00848	0.00825	0.00271	0.01061	0.00711	0.00428	0.01182
71	0.02038	0.06647	0.19889	0.12485	0.13980	0.05069	0.13352	0.07537	0.01948	0.02652	0.01636	0.02116	0.01302	0.00960	0.00958	0.03968	0.01118	0.00735	0.00461	0.01147
72	0.01679	0.01477	0.02253	0.26556	0.20200	0.01604	0.01806	0.01967	0.01709	0.02324	0.05304	0.09401	0.08048	0.01323	0.01147	0.04090	0.06609	0.01005	0.00515	0.00984
73	0.02084	0.01942	0.03192	0.07226	0.63538	0.01924	0.02405	0.02476	0.01867	0.02674	0.01649	0.02188	0.01405	0.00828	0.00849	0.00267	0.00982	0.00750	0.00451	0.01302
74	0.02259	0.07897	0.09620	0.04886	0.17190	0.06541	0.11430	0.02637	0.01956	0.13415	0.04327	0.06209	0.02039	0.01079	0.00877	0.00280	0.00992	0.04612	0.00591	0.01164

[dist]
# distance from previous block
# <min> <max>
2	6

[block]
# block no. 8 follows, 25 sequences, length 10
# corresponding to MSA columns:
# 551-560
name=unknown_I
#
# <colnr> <probs for GDERKNQSTAVLIFYWHMCP>
#	G	D	E	R	K	N	Q	S	T	A	V	L	I	F	Y	W	H	M	C	P
0	0.05704	0.01385	0.02169	0.60232	0.04769	0.01667	0.01964	0.01971	0.01601	0.02143	0.01990	0.02583	0.06776	0.00924	0.00802	0.00271	0.00975	0.00778	0.00411	0.00881
1	0.06395	0.08128	0.12688	0.25259	0.10733	0.04649	0.16158	0.02343	0.01707	0.02363	0.01457	0.01951	0.01136	0.00773	0.00787	0.00257	0.01091	0.00699	0.00393	0.01032
2	0.01777	0.01779	0.03352	0.14689	0.23209	0.01769	0.27102	0.02268	0.01780	0.02436	0.01900	0.07145	0.01688	0.00939	0.00891	0.00274	0.01072	0.04422	0.00448	0.01060
3	0.02075	0.01981	0.06458	0.07960	0.37859	0.07310	0.04496	0.02491	0.01899	0.08957	0.06437	0.02521	0.04213	0.00893	0.00815	0.00249	0.00935	0.00793	0.00507	0.01152
4	0.02081	0.01325	0.01583	0.01419	0.01792	0.01349	0.01124	0.09396	0.18016	0.16744	0.16542	0.09763	0.03760	0.01443	0.00899	0.00282	0.00625	0.09949	0.00841	0.01067
5	0.01686	0.03129	0.39862	0.02811	0.09116	0.01862	0.25401	0.02459	0.01718	0.02472	0.01461	0.01826	0.01074	0.00703	0.00804	0.00250	0.01185	0.00707	0.00356	0.01117
6	0.01668	0.12029	0.49090	0.02298	0.03319	0.01983	0.14144	0.02445	0.01665	0.02384	0.01386	0.01673	0.01020	0.00712	0.00741	0.00239	0.01137	0.00617	0.00340	0.01109
7	0.01035	0.00944	0.06269	0.01140	0.01283	0.00730	0.00875	0.01249	0.01508	0.02093	0.03900	0.60882	0.04538	0.02168	0.00932	0.00298	0.00498	0.01952	0.07026	0.00678
8	0.01505	0.01316	0.02100	0.16593	0.25515	0.01377	0.01784	0.01920	0.01730	0.02311	0.02874	0.04924	0.06772	0.01346	0.00895	0.00287	0.00830	0.24477	0.00524	0.00920
9	0.01770	0.01612	0.02856	0.37784	0.23144	0.01757	0.11197	0.02277	0.01693	0.06200	0.01530	0.02062	0.01164	0.00744	0.00793	0.00250	0.01018	0.00727	0.00400	0.01022

[dist]
# distance from previous block
# <min> <max>
8	18

[block]
# block no. 9 follows, 25 sequences, length 10
# corresponding to MSA columns:
# 580-589
name=unknown_J
#
# <colnr> <probs for GDERKNQSTAVLIFYWHMCP>
#	G	D	E	R	K	N	Q	S	T	A	V	L	I	F	Y	W	H	M	C	P
0	0.01043	0.01211	0.11795	0.01261	0.01483	0.00818	0.01064	0.01301	0.01509	0.02056	0.03811	0.60903	0.04462	0.02157	0.00949	0.00304	0.00562	0.01942	0.00657	0.00713
1	0.01725	0.01592	0.02104	0.01744	0.02118	0.08193	0.13933	0.10627	0.01959	0.02615	0.05533	0.24863	0.02776	0.01370	0.00939	0.00256	0.04611	0.01223	0.04561	0.07260
2	0.02062	0.01793	0.01995	0.01690	0.02158	0.05030	0.05534	0.14062	0.42647	0.03395	0.08659	0.02862	0.02502	0.01042	0.00803	0.00253	0.00714	0.00880	0.00748	0.01170
3	0.01731	0.01534	0.02377	0.55688	0.08748	0.01840	0.02058	0.12181	0.01900	0.02482	0.01461	0.02025	0.01091	0.00795	0.00775	0.00253	0.00998	0.00691	0.00416	0.00958
4	0.17282	0.01668	0.02156	0.08600	0.18071	0.01749	0.01543	0.16190	0.02181	0.20340	0.01881	0.01980	0.01334	0.00826	0.00717	0.00238	0.00787	0.00663	0.00633	0.01162
5	0.01909	0.21151	0.41774	0.01919	0.02859	0.02217	0.02254	0.12521	0.01944	0.02687	0.01388	0.01574	0.01039	0.00749	0.00683	0.00223	0.01019	0.00553	0.00400	0.01136
6	0.01298	0.00946	0.01248	0.01273	0.01382	0.01030	0.00930	0.01614	0.06512	0.06149	0.03458	0.46112	0.03862	0.04423	0.05888	0.00385	0.10404	0.01677	0.00659	0.00748
7	0.01772	0.01318	0.01534	0.01338	0.01722	0.01340	0.01054	0.15351	0.11101	0.05623	0.06152	0.10987	0.06042	0.05074	0.07859	0.00366	0.00780	0.06671	0.00673	0.13245
8	0.01443	0.01032	0.01205	0.01174	0.01446	0.01030	0.00899	0.02149	0.17303	0.08294	0.11986	0.19253	0.20149	0.01728	0.00904	0.00279	0.00510	0.07586	0.00772	0.00860
9	0.01557	0.01439	0.02553	0.12966	0.09643	0.01458	0.19538	0.05344	0.01840	0.02470	0.06025	0.13382	0.02745	0.01304	0.00914	0.00283	0.00905	0.14184	0.00543	0.00906

[dist]
# distance from previous block
# <min> <max>
2	25

[block]
# block no. 10 follows, 25 sequences, length 14
# corresponding to MSA columns:
# 615-628
name=unknown_K
#
# <colnr> <probs for GDERKNQSTAVLIFYWHMCP>
#	G	D	E	R	K	N	Q	S	T	A	V	L	I	F	Y	W	H	M	C	P
0	0.02110	0.02087	0.01918	0.01673	0.02049	0.17718	0.01311	0.08446	0.26229	0.02812	0.08198	0.02467	0.02145	0.01043	0.01014	0.00245	0.10884	0.00765	0.00616	0.06268
1	0.12048	0.00857	0.00999	0.01027	0.01209	0.00843	0.00758	0.01433	0.01781	0.02677	0.29884	0.28375	0.08982	0.01800	0.00886	0.00274	0.00445	0.04276	0.00740	0.00707
2	0.02719	0.02058	0.02198	0.01738	0.02317	0.02298	0.01418	0.51587	0.17760	0.04518	0.02152	0.02093	0.01554	0.00958	0.00779	0.00239	0.00799	0.00738	0.00779	0.01298
