[name]
unknown

[dist]
# distance from previous block
# <min> <max>
0	26

[block]
# block no. 0 follows, 33 sequences, length 21
# corresponding to MSA columns:
# 26-46
name=unknown_A
#
# <colnr> <probs for GDERKNQSTAVLIFYWHMCP>
#	G	D	E	R	K	N	Q	S	T	A	V	L	I	F	Y	W	H	M	C	P
0	0.01061	0.00758	0.01061	0.01212	0.01364	0.00758	0.01061	0.01364	0.01515	0.01970	0.03486	0.07426	0.03789	0.01819	0.00909	0.00303	0.00606	0.68326	0.00606	0.00606
1	0.01320	0.03405	0.73453	0.01876	0.02849	0.01529	0.02432	0.02085	0.01390	0.02085	0.01181	0.01390	0.00834	0.00625	0.00625	0.00208	0.00973	0.00486	0.00278	0.00973
2	0.00938	0.00677	0.00889	0.00847	0.01002	0.00628	0.00643	0.01248	0.01846	0.02607	0.69008	0.05041	0.06092	0.01369	0.00783	0.00212	0.00325	0.04504	0.00719	0.00620
3	0.01760	0.77260	0.03450	0.01126	0.01690	0.02605	0.01126	0.01971	0.01338	0.01549	0.00915	0.01056	0.00845	0.00563	0.00422	0.00141	0.00704	0.00352	0.00282	0.00845
4	0.00940	0.00705	0.01058	0.01058	0.01176	0.00823	0.00823	0.01176	0.01058	0.01528	0.01763	0.02586	0.01646	0.04937	0.74255	0.01058	0.01763	0.00705	0.00353	0.00588
5	0.06698	0.01952	0.10732	0.01499	0.02069	0.01874	0.01346	0.52489	0.04791	0.07661	0.01585	0.01593	0.01118	0.00765	0.00641	0.00200	0.00728	0.00575	0.00607	0.01077
6	0.02287	0.04882	0.01783	0.01322	0.01832	0.05077	0.01084	0.31003	0.09380	0.18621	0.01791	0.01737	0.01273	0.00740	0.00618	0.00181	0.00649	0.00571	0.00617	0.14553
7	0.01952	0.01613	0.01500	0.01316	0.01696	0.14332	0.01025	0.05227	0.38504	0.14401	0.02715	0.02536	0.08439	0.00912	0.00665	0.00210	0.00635	0.00730	0.00630	0.00962
8	0.01227	0.00614	0.00614	0.00614	0.00767	0.00614	0.00460	0.01534	0.01381	0.02454	0.02148	0.02454	0.01687	0.00767	0.00460	0.00153	0.00307	0.00614	0.80518	0.00614
9	0.01806	0.65768	0.07139	0.01225	0.01788	0.09727	0.01213	0.02043	0.01393	0.01585	0.00940	0.01088	0.00845	0.00578	0.00451	0.00147	0.00767	0.00367	0.00287	0.00844
10	0.01358	0.08683	0.45759	0.01596	0.02325	0.01515	0.01863	0.02195	0.13238	0.02169	0.05618	0.02193	0.03781	0.00798	0.00644	0.00211	0.00800	0.03935	0.00396	0.00923
11	0.01630	0.01555	0.02597	0.03870	0.68268	0.01569	0.01959	0.02114	0.05926	0.02189	0.01329	0.01682	0.01104	0.00606	0.00653	0.00197	0.00766	0.00597	0.00348	0.01043
12	0.00779	0.00662	0.00672	0.00680	0.00893	0.00555	0.00506	0.00943	0.01488	0.01773	0.06507	0.10064	0.68867	0.01688	0.00781	0.00225	0.00336	0.01415	0.00611	0.00555
13	0.01433	0.01168	0.01372	0.00983	0.01565	0.00881	0.00788	0.01724	0.01387	0.05178	0.01231	0.01402	0.01003	0.00502	0.00495	0.00102	0.00491	0.00402	0.00408	0.77484
14	0.01214	0.04491	0.33898	0.06138	0.02199	0.01236	0.03359	0.04463	0.03088	0.02031	0.03818	0.22446	0.04239	0.01121	0.00704	0.00227	0.00731	0.03362	0.00429	0.00805
15	0.01559	0.00743	0.00856	0.00777	0.00985	0.00726	0.00593	0.04523	0.01466	0.14298	0.02067	0.02323	0.01582	0.00978	0.00783	0.10872	0.00402	0.00615	0.53178	0.00676
16	0.01613	0.01644	0.05242	0.03872	0.65218	0.01570	0.07052	0.02029	0.01499	0.02145	0.01243	0.01632	0.01032	0.00586	0.00660	0.00198	0.00813	0.00597	0.00325	0.01029
17	0.01663	0.04579	0.22305	0.03008	0.41602	0.01652	0.02004	0.11132	0.01675	0.02378	0.01257	0.01538	0.00988	0.00624	0.00638	0.00198	0.00825	0.00552	0.00355	0.01027
18	0.00945	0.00643	0.00889	0.01021	0.01097	0.00624	0.00776	0.01078	0.01304	0.01719	0.03245	0.40423	0.03714	0.02000	0.01096	0.10974	0.00492	0.26866	0.00566	0.00529
19	0.02954	0.01120	0.01528	0.01171	0.01681	0.00968	0.00968	0.03208	0.01884	0.73213	0.02597	0.02241	0.01630	0.00815	0.00662	0.00204	0.00560	0.00662	0.00815	0.01120
20	0.02056	0.01481	0.02172	0.05929	0.28780	0.01529	0.04529	0.14058	0.08744	0.18897	0.01741	0.01850	0.01271	0.00724	0.00711	0.00206	0.03125	0.00629	0.00527	0.01042

[dist]
# distance from previous block
# <min> <max>
0	2

[block]
# block no. 1 follows, 33 sequences, length 20
# corresponding to MSA columns:
# 49-68
name=unknown_B
#
# <colnr> <probs for GDERKNQSTAVLIFYWHMCP>
#	G	D	E	R	K	N	Q	S	T	A	V	L	I	F	Y	W	H	M	C	P
0	0.01580	0.10787	0.35501	0.01671	0.04785	0.04024	0.05470	0.04203	0.01492	0.06544	0.01255	0.01429	0.00939	0.00604	0.00586	0.00177	0.00819	0.00483	0.00354	0.17296
1	0.53093	0.14078	0.04119	0.00999	0.01423	0.03956	0.00873	0.04100	0.01267	0.02571	0.01186	0.07630	0.01073	0.00737	0.00470	0.00198	0.00577	0.00502	0.00405	0.00744
2	0.01862	0.01557	0.02299	0.08030	0.41846	0.06486	0.03879	0.06642	0.01672	0.12080	0.01577	0.02065	0.01279	0.00721	0.00671	0.00204	0.00781	0.04930	0.00432	0.00985
3	0.00893	0.00633	0.00771	0.00834	0.00896	0.00604	0.00560	0.01000	0.01235	0.01629	0.08116	0.29445	0.11159	0.30851	0.01806	0.00405	0.00492	0.07638	0.00537	0.00497
4	0.01683	0.01804	0.02103	0.01760	0.01943	0.17322	0.09545	0.04149	0.03905	0.01759	0.01120	0.01652	0.01025	0.05807	0.01633	0.00272	0.40827	0.00599	0.00338	0.00754
5	0.01565	0.32224	0.41536	0.01572	0.02344	0.06604	0.01848	0.02075	0.01400	0.01845	0.01067	0.01247	0.00839	0.00605	0.00544	0.00180	0.00882	0.00430	0.00283	0.00909
6	0.02954	0.01120	0.01528	0.01171	0.01681	0.00968	0.00968	0.03208	0.01884	0.73213	0.02597	0.02241	0.01630	0.00815	0.00662	0.00204	0.00560	0.00662	0.00815	0.01120
7	0.00795	0.00601	0.00735	0.00842	0.00935	0.00541	0.00578	0.00925	0.01332	0.01710	0.04539	0.55441	0.24760	0.01944	0.00822	0.00254	0.00367	0.01727	0.00611	0.00541
8	0.06673	0.39647	0.34329	0.01442	0.02177	0.02056	0.01679	0.02019	0.01347	0.01876	0.01033	0.01205	0.00832	0.00594	0.00511	0.00175	0.00811	0.00412	0.00288	0.00893
9	0.01439	0.01286	0.02051	0.01654	0.02036	0.03481	0.23253	0.04440	0.09388	0.06185	0.08102	0.06409	0.11840	0.01113	0.00813	0.00234	0.02866	0.12085	0.00531	0.00793
10	0.00828	0.00592	0.00794	0.00947	0.00997	0.00557	0.00657	0.00962	0.01286	0.01710	0.03614	0.69401	0.04297	0.02038	0.00847	0.00271	0.00405	0.08644	0.00611	0.00542
11	0.00801	0.00577	0.00759	0.00905	0.00952	0.00536	0.00606	0.00918	0.01271	0.01685	0.03766	0.73265	0.07434	0.02045	0.00837	0.00265	0.00380	0.01850	0.00611	0.00536
12	0.02327	0.01470	0.02135	0.01613	0.02125	0.04038	0.17281	0.17800	0.02075	0.32211	0.08216	0.02183	0.01746	0.00791	0.00696	0.00206	0.00727	0.00712	0.00641	0.01008
13	0.00802	0.00573	0.00764	0.00917	0.00955	0.00535	0.00611	0.00917	0.01260	0.01681	0.03628	0.76434	0.04354	0.02062	0.00840	0.00267	0.00382	0.01872	0.00611	0.00535
14	0.01320	0.03405	0.73453	0.01876	0.02849	0.01529	0.02432	0.02085	0.01390	0.02085	0.01181	0.01390	0.00834	0.00625	0.00625	0.00208	0.00973	0.00486	0.00278	0.00973
15	0.01629	0.01564	0.02672	0.04041	0.72757	0.01564	0.02020	0.02020	0.01499	0.02151	0.01238	0.01629	0.01043	0.00587	0.00652	0.00196	0.00782	0.00587	0.00326	0.01043
16	0.01410	0.01546	0.03287	0.02419	0.02965	0.01449	0.57018	0.01881	0.01498	0.02027	0.01771	0.16062	0.01641	0.00843	0.00789	0.00231	0.00971	0.00986	0.00386	0.00820
17	0.01752	0.01389	0.01492	0.01325	0.01709	0.01579	0.01036	0.03473	0.65530	0.08859	0.02672	0.02438	0.01977	0.00886	0.00669	0.00222	0.00524	0.00737	0.00682	0.01049
18	0.01243	0.01170	0.01975	0.75282	0.04534	0.01463	0.01828	0.01682	0.01316	0.01682	0.01170	0.01755	0.00878	0.00658	0.00658	0.00219	0.00878	0.00585	0.00293	0.00731
19	0.01322	0.01107	0.01207	0.01143	0.01414	0.01220	0.00864	0.02528	0.44471	0.02421	0.08522	0.18176	0.10356	0.01249	0.00724	0.00231	0.00457	0.01077	0.00656	0.00855

[dist]
# distance from previous block
# <min> <max>
0	13

[block]
# block no. 2 follows, 33 sequences, length 161
# corresponding to MSA columns:
# 82-242
name=unknown_C
#
# <colnr> <probs for GDERKNQSTAVLIFYWHMCP>
#	G	D	E	R	K	N	Q	S	T	A	V	L	I	F	Y	W	H	M	C	P
0	0.62937	0.01259	0.01113	0.00948	0.01380	0.01388	0.00782	0.04234	0.01337	0.17507	0.01284	0.01327	0.00914	0.00659	0.00467	0.00204	0.00526	0.00427	0.00499	0.00809
1	0.02827	0.01311	0.04367	0.01247	0.01777	0.01141	0.01064	0.12713	0.02037	0.60678	0.02398	0.02114	0.01527	0.00804	0.00660	0.00203	0.00599	0.00645	0.00772	0.01115
2	0.01760	0.77260	0.03450	0.01126	0.01690	0.02605	0.01126	0.01971	0.01338	0.01549	0.00915	0.01056	0.00845	0.00563	0.00422	0.00141	0.00704	0.00352	0.00282	0.00845
3	0.01055	0.00754	0.01053	0.01195	0.01347	0.00752	0.01041	0.01359	0.01531	0.02000	0.06555	0.07314	0.03897	0.01798	0.00903	0.00299	0.00593	0.65337	0.00611	0.00607
4	0.04360	0.00798	0.00989	0.00908	0.01145	0.00739	0.00706	0.01571	0.03747	0.12459	0.35118	0.06368	0.14376	0.01343	0.00825	0.03805	0.00406	0.06217	0.00664	0.03457
5	0.02453	0.01797	0.01923	0.01480	0.01992	0.01986	0.01221	0.67898	0.03029	0.04084	0.01602	0.01614	0.01141	0.00789	0.00651	0.00196	0.00708	0.00594	0.03741	0.01100
6	0.01670	0.01317	0.01385	0.01224	0.01575	0.01495	0.00958	0.11707	0.49474	0.02876	0.02438	0.02344	0.01835	0.00856	0.00629	0.00207	0.00506	0.00700	0.15835	0.00971
7	0.22264	0.01582	0.01651	0.01296	0.01791	0.01724	0.01070	0.42347	0.02403	0.15249	0.01583	0.01562	0.01102	0.00750	0.00597	0.00200	0.00644	0.00545	0.00622	0.01018
8	0.01278	0.01217	0.02089	0.68283	0.08515	0.01476	0.04485	0.01718	0.01336	0.01726	0.01180	0.01749	0.00892	0.00650	0.00662	0.00218	0.00881	0.00593	0.00296	0.00756
9	0.00889	0.00666	0.00825	0.00795	0.00960	0.00602	0.00593	0.01157	0.01748	0.02391	0.53621	0.08907	0.21510	0.01457	0.00780	0.00214	0.00320	0.01272	0.00693	0.00602
10	0.00802	0.00573	0.00764	0.00917	0.00955	0.00535	0.00611	0.00917	0.01260	0.01681	0.03628	0.76434	0.04354	0.02062	0.00840	0.00267	0.00382	0.01872	0.00611	0.00535
11	0.00905	0.00672	0.00843	0.00800	0.00967	0.00610	0.00600	0.01191	0.01801	0.02491	0.61041	0.05163	0.17673	0.01401	0.00777	0.00210	0.00315	0.01225	0.00705	0.00610
12	0.02825	0.01149	0.01524	0.01188	0.01684	0.01033	0.00975	0.03237	0.08702	0.66319	0.02605	0.02262	0.01667	0.00822	0.00663	0.00206	0.00556	0.00670	0.00801	0.01113
13	0.00807	0.00668	0.00707	0.00698	0.00907	0.00568	0.00523	0.01001	0.01570	0.01942	0.19180	0.06066	0.59877	0.01606	0.00778	0.00219	0.00329	0.01352	0.00633	0.00568
14	0.00985	0.00662	0.00832	0.00789	0.00944	0.00620	0.00592	0.01295	0.01776	0.02606	0.59635	0.04470	0.05389	0.01241	0.00719	0.00197	0.00310	0.01086	0.15233	0.00620
15	0.01511	0.02086	0.17392	0.02644	0.05723	0.01635	0.54771	0.02101	0.01520	0.02106	0.01299	0.01696	0.00968	0.00570	0.00743	0.00218	0.01072	0.00714	0.00322	0.00910
16	0.00780	0.00659	0.00675	0.00688	0.00895	0.00554	0.00509	0.00942	0.01480	0.01770	0.06415	0.12193	0.66796	0.01700	0.00783	0.00226	0.00338	0.01430	0.00611	0.00554
17	0.01182	0.00619	0.00638	0.00638	0.00791	0.00614	0.00477	0.01457	0.01364	0.02335	0.02452	0.02742	0.07107	0.01005	0.02708	0.02685	0.00360	0.00675	0.69552	0.00598
18	0.00959	0.00689	0.00898	0.03845	0.03409	0.00706	0.00634	0.01055	0.01090	0.01469	0.02368	0.19851	0.02679	0.43004	0.11407	0.00565	0.00736	0.03699	0.00441	0.00495
19	0.01441	0.14635	0.57989	0.01772	0.02656	0.01718	0.04069	0.04741	0.01453	0.02084	0.01160	0.01357	0.00851	0.00620	0.00600	0.00198	0.00926	0.00478	0.00295	0.00957
20	0.02862	0.01160	0.01539	0.01192	0.01694	0.01041	0.00981	0.05322	0.06057	0.66883	0.02570	0.02233	0.01636	0.00819	0.00662	0.00205	0.00563	0.00665	0.00801	0.01116
21	0.07840	0.01589	0.02417	0.07777	0.45445	0.04398	0.06188	0.07881	0.01635	0.06645	0.01319	0.01620	0.01039	0.00626	0.00641	0.00199	0.00786	0.00580	0.00389	0.00988
22	0.02348	0.02940	0.01932	0.04749	0.07564	0.65801	0.01351	0.02545	0.01816	0.01655	0.01040	0.01243	0.00864	0.00671	0.00601	0.00174	0.01144	0.00443	0.00336	0.00783
23	0.01144	0.00572	0.00858	0.00858	0.00858	0.00572	0.00572	0.00858	0.00858	0.01144	0.01144	0.02001	0.01144	0.02287	0.02573	0.80846	0.00572	0.00572	0.00286	0.00286
24	0.04451	0.10815	0.04636	0.01414	0.01829	0.25555	0.01166	0.19012	0.03569	0.08513	0.01616	0.07120	0.01392	0.03199	0.00706	0.00205	0.00828	0.02613	0.00488	0.00871
25	0.02359	0.00985	0.01348	0.01113	0.01504	0.00878	0.00897	0.02601	0.01731	0.52605	0.06809	0.11182	0.02285	0.01363	0.06789	0.00285	0.00626	0.02936	0.00741	0.00963
26	0.00810	0.00579	0.00773	0.00926	0.00968	0.00542	0.00625	0.00931	0.01268	0.01690	0.03624	0.74253	0.04336	0.02055	0.00842	0.00268	0.00389	0.03972	0.00611	0.00537
27	0.02392	0.03029	0.01830	0.01668	0.01997	0.70953	0.01252	0.02564	0.01830	0.01607	0.01051	0.01249	0.00884	0.00868	0.03874	0.00209	0.01213	0.00437	0.00340	0.00755
28	0.01380	0.13398	0.63981	0.01775	0.02692	0.01674	0.02256	0.02069	0.01383	0.02012	0.01145	0.01345	0.00835	0.00617	0.00598	0.00199	0.00937	0.00468	0.00278	0.00956
29	0.01307	0.01254	0.01668	0.01488	0.01545	0.04806	0.01213	0.01485	0.01064	0.01566	0.01192	0.01838	0.01142	0.02481	0.27792	0.00557	0.45999	0.00615	0.00313	0.00675
30	0.00817	0.00668	0.00721	0.00708	0.00913	0.00572	0.00531	0.01020	0.01593	0.01997	0.23328	0.05976	0.55694	0.01586	0.00778	0.00218	0.00328	0.01339	0.00640	0.00572
31	0.01387	0.01058	0.01262	0.01085	0.01383	0.01082	0.03126	0.14212	0.13706	0.04831	0.31677	0.03971	0.16151	0.01185	0.00734	0.00211	0.00459	0.01014	0.00673	0.00794
32	0.00814	0.00603	0.00761	0.00871	0.00956	0.00551	0.00603	0.00957	0.01355	0.01773	0.08908	0.56101	0.17616	0.01930	0.00826	0.00256	0.00374	0.03582	0.00619	0.00547
33	0.00814	0.00581	0.00777	0.00930	0.00973	0.00545	0.00631	0.00937	0.01272	0.01693	0.03622	0.73361	0.04329	0.02052	0.00843	0.00269	0.00392	0.04831	0.00611	0.00538
34	0.02144	0.01345	0.01559	0.01240	0.01655	0.01393	0.01006	0.35660	0.02472	0.18810	0.22417	0.02696	0.02713	0.00957	0.00694	0.00202	0.00568	0.00782	0.00712	0.00975
35	0.01541	0.01474	0.02512	0.20405	0.57086	0.01541	0.01976	0.01943	0.01457	0.02043	0.01223	0.01658	0.01005	0.00603	0.00653	0.00201	0.00804	0.00586	0.00318	0.00971
36	0.01273	0.01200	0.02028	0.69811	0.09773	0.01470	0.01843	0.01708	0.01330	0.01718	0.01175	0.01745	0.00890	0.00653	0.00658	0.00218	0.00870	0.00585	0.00295	0.00755
37	0.01243	0.01170	0.01975	0.75282	0.04534	0.01463	0.01828	0.01682	0.01316	0.01682	0.01170	0.01755	0.00878	0.00658	0.00658	0.00219	0.00878	0.00585	0.00293	0.00731
38	0.02503	0.01844	0.01976	0.01515	0.02042	0.02042	0.01251	0.70562	0.03095	0.04149	0.01581	0.01581	0.01120	0.00790	0.00659	0.00198	0.00724	0.00593	0.00659	0.01120
39	0.01554	0.01776	0.03885	0.02775	0.03441	0.01665	0.70366	0.02109	0.01554	0.02109	0.01332	0.01776	0.00999	0.00555	0.00777	0.00222	0.01110	0.00777	0.00333	0.00888
40	0.01073	0.00776	0.00957	0.01012	0.01128	0.00775	0.00713	0.12031	0.01553	0.02074	0.03302	0.64489	0.03838	0.01859	0.00811	0.00256	0.00437	0.01667	0.00619	0.00628
41	0.01629	0.01564	0.02672	0.04041	0.72757	0.01564	0.02020	0.02020	0.01499	0.02151	0.01238	0.01629	0.01043	0.00587	0.00652	0.00196	0.00782	0.00587	0.00326	0.01043
42	0.01512	0.01701	0.03648	0.04821	0.03323	0.01626	0.63462	0.02034	0.01518	0.02063	0.01401	0.04646	0.01121	0.00635	0.00820	0.00226	0.03432	0.00807	0.00341	0.00864
43	0.02954	0.01120	0.01528	0.01171	0.01681	0.00968	0.00968	0.03208	0.01884	0.73213	0.02597	0.02241	0.01630	0.00815	0.00662	0.00204	0.00560	0.00662	0.00815	0.01120
44	0.00920	0.00672	0.00864	0.00816	0.00976	0.00616	0.00612	0.01219	0.01836	0.02574	0.67361	0.05026	0.11301	0.01371	0.00777	0.00208	0.00312	0.01206	0.00716	0.00616
45	0.01858	0.01161	0.01366	0.01165	0.01525	0.01205	0.00920	0.08029	0.28018	0.21638	0.22177	0.03022	0.03020	0.00991	0.00697	0.00211	0.00488	0.00836	0.00723	0.00951
46	0.01629	0.01564	0.02672	0.04041	0.72757	0.01564	0.02020	0.02020	0.01499	0.02151	0.01238	0.01629	0.01043	0.00587	0.00652	0.00196	0.00782	0.00587	0.00326	0.01043
47	0.01061	0.00758	0.01061	0.01212	0.01364	0.00758	0.01061	0.01364	0.01515	0.01970	0.03486	0.07426	0.03789	0.01819	0.00909	0.00303	0.00606	0.68326	0.00606	0.00606
48	0.00903	0.00672	0.00841	0.00798	0.00966	0.00609	0.00599	0.01187	0.01796	0.02481	0.60246	0.05180	0.18475	0.01405	0.00777	0.00210	0.00315	0.01227	0.00704	0.00609
49	0.01554	0.01776	0.03885	0.02775	0.03441	0.01665	0.70366	0.02109	0.01554	0.02109	0.01332	0.01776	0.00999	0.00555	0.00777	0.00222	0.01110	0.00777	0.00333	0.00888
50	0.01340	0.03269	0.67639	0.01951	0.02899	0.01540	0.08109	0.02087	0.01404	0.02087	0.01194	0.01422	0.00848	0.00620	0.00638	0.00210	0.00984	0.00511	0.00283	0.00966
51	0.01227	0.00614	0.00614	0.00614	0.00767	0.00614	0.00460	0.01534	0.01381	0.02454	0.02148	0.02454	0.01687	0.00767	0.00460	0.00153	0.00307	0.00614	0.80518	0.00614
52	0.01152	0.00633	0.00704	0.00696	0.00846	0.00639	0.00526	0.01451	0.01411	0.02371	0.12004	0.02817	0.02320	0.01341	0.09221	0.00268	0.00479	0.00706	0.59805	0.00612
53	0.01645	0.01721	0.11662	0.01426	0.01892	0.01646	0.01251	0.07326	0.57564	0.02743	0.02402	0.02253	0.01790	0.00849	0.00663	0.00220	0.00597	0.00699	0.00614	0.01037
54	0.00940	0.00705	0.01058	0.01058	0.01176	0.00823	0.00823	0.01176	0.01058	0.01528	0.01763	0.02586	0.01646	0.04937	0.74255	0.01058	0.01763	0.00705	0.00353	0.00588
55	0.00913	0.00672	0.00854	0.00809	0.00972	0.00613	0.00607	0.01206	0.01820	0.02536	0.64484	0.05089	0.14202	0.01385	0.00777	0.00209	0.00313	0.01215	0.00711	0.00613
56	0.01743	0.72743	0.05443	0.01155	0.01724	0.02543	0.01162	0.02022	0.03515	0.01602	0.00978	0.01109	0.00881	0.00575	0.00436	0.00145	0.00706	0.00368	0.00294	0.00855
57	0.01593	0.01720	0.07106	0.03510	0.49110	0.01589	0.18922	0.02095	0.03848	0.02157	0.01306	0.01679	0.01052	0.00591	0.00682	0.00204	0.00866	0.00633	0.00336	0.01000
58	0.01575	0.01240	0.01384	0.01292	0.01618	0.01389	0.01029	0.02976	0.51323	0.06719	0.02864	0.05627	0.02414	0.01109	0.00722	0.00239	0.00536	0.14336	0.00664	0.00944
59	0.01365	0.01170	0.01365	0.00975	0.01560	0.00878	0.00780	0.01658	0.01365	0.02145	0.01170	0.01365	0.00975	0.00488	0.00488	0.00098	0.00488	0.00390	0.00390	0.80888
60	0.01906	0.43960	0.02674	0.01302	0.01778	0.17557	0.01144	0.04545	0.15640	0.01885	0.01313	0.01382	0.01088	0.00661	0.00516	0.00165	0.00770	0.00454	0.00384	0.00876
61	0.01578	0.01512	0.02580	0.13442	0.63754	0.01551	0.01995	0.01976	0.01475	0.02089	0.01229	0.01646	0.01021	0.00596	0.00653	0.00199	0.00795	0.00586	0.00321	0.01002
62	0.01456	0.18778	0.56891	0.01701	0.02576	0.01739	0.02120	0.02091	0.01392	0.03884	0.01164	0.01343	0.00858	0.00618	0.00584	0.00194	0.00906	0.00463	0.00293	0.00950
63	0.01617	0.01357	0.01439	0.01282	0.01642	0.01538	0.00999	0.09885	0.55581	0.02787	0.04786	0.05179	0.07020	0.00988	0.00685	0.00222	0.00518	0.00824	0.00664	0.00987
64	0.01427	0.01309	0.02243	0.02941	0.41188	0.01298	0.08657	0.01804	0.01510	0.02084	0.02019	0.03634	0.01981	0.01006	0.00753	0.00235	0.00755	0.23856	0.00423	0.00877
65	0.00836	0.00650	0.00763	0.00823	0.00958	0.00591	0.00583	0.01052	0.03853	0.01860	0.12232	0.38459	0.31384	0.01788	0.00803	0.00242	0.00360	0.01568	0.00626	0.00570
66	0.01606	0.01616	0.04841	0.06038	0.66302	0.01563	0.04312	0.02015	0.01492	0.02133	0.01238	0.01631	0.01030	0.00589	0.00655	0.00198	0.00802	0.00590	0.00324	0.01026
67	0.00802	0.00573	0.00764	0.00917	0.00955	0.00535	0.00611	0.00917	0.01260	0.01681	0.03628	0.76434	0.04354	0.02062	0.00840	0.00267	0.00382	0.01872	0.00611	0.00535
68	0.00778	0.00667	0.00667	0.00667	0.00889	0.00556	0.00500	0.00945	0.01501	0.01778	0.06669	0.06336	0.72490	0.01667	0.00778	0.00222	0.00333	0.01389	0.00611	0.00556
69	0.03896	0.40767	0.35854	0.01467	0.02215	0.02073	0.01720	0.02023	0.01356	0.01839	0.01039	0.01211	0.00836	0.00593	0.00516	0.00174	0.00823	0.00415	0.00284	0.00900
70	0.01606	0.01381	0.01461	0.01317	0.01679	0.01592	0.01023	0.03398	0.68464	0.02749	0.05785	0.02566	0.02197	0.00913	0.00675	0.00223	0.00512	0.00764	0.00672	0.01023
71	0.00802	0.00573	0.00764	0.00917	0.00955	0.00535	0.00611	0.00917	0.01260	0.01681	0.03628	0.76434	0.04354	0.02062	0.00840	0.00267	0.00382	0.01872	0.00611	0.00535
72	0.01243	0.01170	0.01975	0.75282	0.04534	0.01463	0.01828	0.01682	0.01316	0.01682	0.01170	0.01755	0.00878	0.00658	0.00658	0.00219	0.00878	0.00585	0.00293	0.00731
73	0.02312	0.01839	0.01810	0.01468	0.01933	0.10373	0.01182	0.41111	0.19985	0.08298	0.01860	0.01799	0.01345	0.00805	0.00654	0.00201	0.00717	0.00616	0.00635	0.01058
74	0.00918	0.00672	0.00861	0.00814	0.00975	0.00615	0.00610	0.01215	0.01831	0.02562	0.66442	0.05046	0.12228	0.01375	0.00777	0.00208	0.00313	0.01209	0.00714	0.00615
75	0.01637	0.01414	0.01489	0.01340	0.01712	0.01637	0.01042	0.03498	0.71568	0.02754	0.02679	0.02456	0.02010	0.00893	0.00670	0.00223	0.00521	0.00744	0.00670	0.01042
76	0.01332	0.03335	0.70760	0.01959	0.05509	0.01530	0.02417	0.02082	0.01394	0.02087	0.01184	0.01399	0.00842	0.00624	0.00626	0.00208	0.00966	0.00490	0.00280	0.00976
77	0.81514	0.01273	0.00968	0.00866	0.01273	0.01477	0.00713	0.01935	0.01120	0.02954	0.00917	0.01069	0.00713	0.00611	0.00407	0.00204	0.00509	0.00356	0.00407	0.00713
78	0.01629	0.01564	0.02672	0.04041	0.72757	0.01564	0.02020	0.02020	0.01499	0.02151	0.01238	0.01629	0.01043	0.00587	0.00652	0.00196	0.00782	0.00587	0.00326	0.01043
79	0.00787	0.00670	0.00679	0.00684	0.00904	0.00562	0.00518	0.00958	0.01501	0.01784	0.06570	0.06369	0.70359	0.01672	0.00782	0.00225	0.00342	0.03465	0.00611	0.00557
80	0.00940	0.00705	0.01058	0.01058	0.01176	0.00823	0.00823	0.01176	0.01058	0.01528	0.01763	0.02586	0.01646	0.04937	0.74255	0.01058	0.01763	0.00705	0.00353	0.00588
81	0.00932	0.00673	0.00880	0.00828	0.00984	0.00621	0.00621	0.01242	0.01863	0.02640	0.72410	0.04918	0.06212	0.01346	0.00776	0.00207	0.00311	0.01191	0.00725	0.00621
82	0.01320	0.03405	0.73453	0.01876	0.02849	0.01529	0.02432	0.02085	0.01390	0.02085	0.01181	0.01390	0.00834	0.00625	0.00625	0.00208	0.00973	0.00486	0.00278	0.00973
83	0.00896	0.00672	0.00830	0.00790	0.00961	0.00606	0.00593	0.01172	0.01778	0.02437	0.56953	0.05251	0.21795	0.01421	0.00777	0.00211	0.00316	0.01237	0.00698	0.00606
84	0.01320	0.03405	0.73453	0.01876	0.02849	0.01529	0.02432	0.02085	0.01390	0.02085	0.01181	0.01390	0.00834	0.00625	0.00625	0.00208	0.00973	0.00486	0.00278	0.00973
85	0.01243	0.01170	0.01975	0.75282	0.04534	0.01463	0.01828	0.01682	0.01316	0.01682	0.01170	0.01755	0.00878	0.00658	0.00658	0.00219	0.00878	0.00585	0.00293	0.00731
86	0.02954	0.01120	0.01528	0.01171	0.01681	0.00968	0.00968	0.03208	0.01884	0.73213	0.02597	0.02241	0.01630	0.00815	0.00662	0.00204	0.00560	0.00662	0.00815	0.01120
87	0.01243	0.01170	0.01975	0.75282	0.04534	0.01463	0.01828	0.01682	0.01316	0.01682	0.01170	0.01755	0.00878	0.00658	0.00658	0.00219	0.00878	0.00585	0.00293	0.00731
88	0.00802	0.00573	0.00764	0.00917	0.00955	0.00535	0.00611	0.00917	0.01260	0.01681	0.03628	0.76434	0.04354	0.02062	0.00840	0.00267	0.00382	0.01872	0.00611	0.00535
89	0.01637	0.01414	0.01489	0.01340	0.01712	0.01637	0.01042	0.03498	0.71568	0.02754	0.02679	0.02456	0.02010	0.00893	0.00670	0.00223	0.00521	0.00744	0.00670	0.01042
90	0.01584	0.01619	0.02212	0.02461	0.24334	0.07805	0.01611	0.01809	0.01235	0.01767	0.00996	0.01480	0.00920	0.00933	0.01552	0.00249	0.45736	0.00567	0.00304	0.00826
91	0.01146	0.01042	0.01583	0.26577	0.18056	0.01101	0.01330	0.01466	0.01439	0.01844	0.03353	0.03843	0.26887	0.01101	0.00721	0.00222	0.00638	0.06482	0.00440	0.00727
92	0.00802	0.00573	0.00764	0.00917	0.00955	0.00535	0.00611	0.00917	0.01260	0.01681	0.03628	0.76434	0.04354	0.02062	0.00840	0.00267	0.00382	0.01872	0.00611	0.00535
93	0.02936	0.01149	0.01546	0.01185	0.01695	0.01010	0.00979	0.05888	0.01932	0.70465	0.02557	0.02214	0.01609	0.00814	0.00662	0.00203	0.00567	0.00659	0.00809	0.01120
94	0.01656	0.25613	0.02892	0.05895	0.47501	0.01891	0.01729	0.01992	0.01441	0.01941	0.01133	0.01452	0.00973	0.00582	0.00579	0.00179	0.00761	0.00512	0.00310	0.00968
95	0.00847	0.00667	0.00778	0.00846	0.01011	0.00597	0.00652	0.01033	0.01451	0.01800	0.05273	0.22166	0.41811	0.01789	0.00822	0.00251	0.00406	0.16629	0.00610	0.00562
96	0.01569	0.01503	0.02563	0.15191	0.62079	0.01548	0.01990	0.01967	0.01470	0.02077	0.01228	0.01649	0.01017	0.00598	0.00653	0.00199	0.00797	0.00586	0.00321	0.00994
97	0.01320	0.03405	0.73453	0.01876	0.02849	0.01529	0.02432	0.02085	0.01390	0.02085	0.01181	0.01390	0.00834	0.00625	0.00625	0.00208	0.00973	0.00486	0.00278	0.00973
98	0.01870	0.02273	0.39497	0.01518	0.02225	0.01220	0.01706	0.02380	0.01559	0.28297	0.01953	0.09353	0.01486	0.00842	0.00661	0.00213	0.00760	0.00692	0.00510	0.00983
99	0.01582	0.47267	0.31879	0.01431	0.02161	0.02168	0.01657	0.02017	0.01359	0.01767	0.01023	0.01192	0.00840	0.00588	0.00505	0.00168	0.00813	0.00407	0.00280	0.00897
100	0.79113	0.01330	0.00995	0.00891	0.01296	0.03686	0.00730	0.01956	0.01143	0.02913	0.00920	0.01073	0.00717	0.00613	0.00413	0.00203	0.00530	0.00359	0.00405	0.00714
101	0.01918	0.60470	0.03091	0.01255	0.01768	0.18827	0.01159	0.02120	0.01457	0.01563	0.00938	0.01086	0.00846	0.00589	0.00461	0.00147	0.00813	0.00368	0.00295	0.00826
102	0.00850	0.00670	0.00767	0.00743	0.00934	0.00587	0.00557	0.01085	0.01671	0.02184	0.37634	0.05668	0.41272	0.01516	0.00777	0.00215	0.00323	0.01296	0.00665	0.00587
103	0.02003	0.01497	0.01482	0.01287	0.01658	0.11268	0.01005	0.09281	0.28497	0.18596	0.06310	0.08080	0.04157	0.00973	0.00679	0.00212	0.00613	0.00797	0.00653	0.00953
104	0.50345	0.01953	0.23951	0.01319	0.04576	0.01479	0.01316	0.02030	0.01247	0.05078	0.01071	0.01233	0.00796	0.00622	0.00495	0.00205	0.00668	0.00417	0.00377	0.00822
105	0.02954	0.01120	0.01528	0.01171	0.01681	0.00968	0.00968	0.03208	0.01884	0.73213	0.02597	0.02241	0.01630	0.00815	0.00662	0.00204	0.00560	0.00662	0.00815	0.01120
106	0.02871	0.01260	0.01548	0.01211	0.01704	0.05649	0.00990	0.03183	0.04572	0.65943	0.02500	0.02182	0.01595	0.00809	0.00658	0.00202	0.00599	0.00650	0.00779	0.01095
107	0.02328	0.04815	0.01884	0.01662	0.08306	0.17958	0.01220	0.19296	0.14720	0.18366	0.01821	0.01781	0.01315	0.00762	0.00637	0.00195	0.00760	0.00588	0.00578	0.01008
108	0.00918	0.00684	0.00793	0.00758	0.00958	0.00599	0.00571	0.01154	0.01681	0.04436	0.36993	0.05549	0.39548	0.01491	0.00774	0.00215	0.00330	0.01274	0.00670	0.00604
109	0.00981	0.00732	0.00950	0.01058	0.01230	0.00701	0.00902	0.01246	0.01511	0.01916	0.04385	0.07118	0.23201	0.01776	0.00872	0.00280	0.00529	0.49413	0.00608	0.00592
110	0.01273	0.01963	0.25143	0.01978	0.02569	0.01311	0.29594	0.01773	0.01421	0.01983	0.01915	0.22176	0.01869	0.00992	0.00746	0.00230	0.00866	0.00985	0.00392	0.00818
111	0.01446	0.03230	0.67929	0.01822	0.02760	0.01486	0.02320	0.02171	0.01428	0.07547	0.01290	0.01455	0.00895	0.00640	0.00628	0.00208	0.00941	0.00500	0.00319	0.00984
112	0.00802	0.00573	0.00764	0.00917	0.00955	0.00535	0.00611	0.00917	0.01260	0.01681	0.03628	0.76434	0.04354	0.02062	0.00840	0.00267	0.00382	0.01872	0.00611	0.00535
113	0.01554	0.01776	0.03885	0.02775	0.03441	0.01665	0.70366	0.02109	0.01554	0.02109	0.01332	0.01776	0.00999	0.00555	0.00777	0.00222	0.01110	0.00777	0.00333	0.00888
114	0.00915	0.00669	0.00859	0.00819	0.00975	0.00613	0.00611	0.01207	0.01813	0.02537	0.64745	0.07747	0.11231	0.01398	0.00779	0.00211	0.00315	0.01232	0.00712	0.00613
115	0.01320	0.03405	0.73453	0.01876	0.02849	0.01529	0.02432	0.02085	0.01390	0.02085	0.01181	0.01390	0.00834	0.00625	0.00625	0.00208	0.00973	0.00486	0.00278	0.00973
116	0.01637	0.01414	0.01489	0.01340	0.01712	0.01637	0.01042	0.03498	0.71568	0.02754	0.02679	0.02456	0.02010	0.00893	0.00670	0.00223	0.00521	0.00744	0.00670	0.01042
117	0.00940	0.00705	0.01058	0.01058	0.01176	0.00823	0.00823	0.01176	0.01058	0.01528	0.01763	0.02586	0.01646	0.04937	0.74255	0.01058	0.01763	0.00705	0.00353	0.00588
118	0.81514	0.01273	0.00968	0.00866	0.01273	0.01477	0.00713	0.01935	0.01120	0.02954	0.00917	0.01069	0.00713	0.00611	0.00407	0.00204	0.00509	0.00356	0.00407	0.00713
119	0.02357	0.01772	0.01894	0.01485	0.01986	0.01974	0.01216	0.59312	0.14582	0.03915	0.01765	0.01727	0.01269	0.00808	0.00660	0.00202	0.00690	0.00618	0.00660	0.01107
120	0.01061	0.00758	0.01061	0.01212	0.01364	0.00758	0.01061	0.01364	0.01515	0.01970	0.03486	0.07426	0.03789	0.01819	0.00909	0.00303	0.00606	0.68326	0.00606	0.00606
121	0.01957	0.33005	0.16252	0.01421	0.02032	0.06273	0.01413	0.21512	0.04023	0.04502	0.01263	0.01353	0.00979	0.00663	0.00552	0.00176	0.00779	0.00471	0.00418	0.00956
122	0.01529	0.01455	0.02445	0.22576	0.52206	0.01540	0.01933	0.01988	0.04117	0.02051	0.01275	0.01694	0.01036	0.00617	0.00654	0.00203	0.00797	0.00592	0.00330	0.00961
123	0.01253	0.01166	0.01928	0.62737	0.09158	0.01412	0.01735	0.01711	0.03505	0.01749	0.01390	0.06865	0.01162	0.00756	0.00671	0.00221	0.00826	0.00678	0.00328	0.00750
124	0.01320	0.03405	0.73453	0.01876	0.02849	0.01529	0.02432	0.02085	0.01390	0.02085	0.01181	0.01390	0.00834	0.00625	0.00625	0.00208	0.00973	0.00486	0.00278	0.00973
125	0.01608	0.01533	0.02611	0.03933	0.70041	0.01533	0.01984	0.01995	0.01500	0.02144	0.01324	0.01850	0.01147	0.00633	0.00662	0.00200	0.00775	0.03164	0.00337	0.01026
126	0.01425	0.00782	0.01038	0.00912	0.01154	0.00706	0.00706	0.01722	0.01869	0.19867	0.55368	0.04264	0.05093	0.01216	0.00749	0.00206	0.00372	0.01062	0.00747	0.00743
127	0.01672	0.02941	0.52180	0.01769	0.02609	0.01681	0.02081	0.22465	0.01897	0.02699	0.01300	0.01447	0.00919	0.00675	0.00635	0.00205	0.00899	0.00518	0.00391	0.01017
128	0.00814	0.00578	0.00760	0.00901	0.00937	0.00543	0.00595	0.00920	0.01237	0.01650	0.03509	0.70895	0.04204	0.07807	0.01033	0.00296	0.00402	0.01801	0.00595	0.00524
129	0.00778	0.00667	0.00667	0.00667	0.00889	0.00556	0.00500	0.00945	0.01501	0.01778	0.06669	0.06336	0.72490	0.01667	0.00778	0.00222	0.00333	0.01389	0.00611	0.00556
130	0.00802	0.00573	0.00764	0.00917	0.00955	0.00535	0.00611	0.00917	0.01260	0.01681	0.03628	0.76434	0.04354	0.02062	0.00840	0.00267	0.00382	0.01872	0.00611	0.00535
131	0.01320	0.03405	0.73453	0.01876	0.02849	0.01529	0.02432	0.02085	0.01390	0.02085	0.01181	0.01390	0.00834	0.00625	0.00625	0.00208	0.00973	0.00486	0.00278	0.00973
132	0.01554	0.01776	0.03885	0.02775	0.03441	0.01665	0.70366	0.02109	0.01554	0.02109	0.01332	0.01776	0.00999	0.00555	0.00777	0.00222	0.01110	0.00777	0.00333	0.00888
133	0.01061	0.00758	0.01061	0.01212	0.01364	0.00758	0.01061	0.01364	0.01515	0.01970	0.03486	0.07426	0.03789	0.01819	0.00909	0.00303	0.00606	0.68326	0.00606	0.00606
134	0.01243	0.01170	0.01975	0.75282	0.04534	0.01463	0.01828	0.01682	0.01316	0.01682	0.01170	0.01755	0.00878	0.00658	0.00658	0.00219	0.00878	0.00585	0.00293	0.00731
135	0.00802	0.00573	0.00764	0.00917	0.00955	0.00535	0.00611	0.00917	0.01260	0.01681	0.03628	0.76434	0.04354	0.02062	0.00840	0.00267	0.00382	0.01872	0.00611	0.00535
136	0.01227	0.00614	0.00614	0.00614	0.00767	0.00614	0.00460	0.01534	0.01381	0.02454	0.02148	0.02454	0.01687	0.00767	0.00460	0.00153	0.00307	0.00614	0.80518	0.00614
137	0.00801	0.00578	0.00758	0.00902	0.00951	0.00536	0.00605	0.00918	0.01274	0.01686	0.03801	0.72453	0.08224	0.02040	0.00837	0.00265	0.00379	0.01844	0.00611	0.00536
138	0.02386	0.00980	0.01333	0.01113	0.01500	0.00859	0.00888	0.02610	0.01726	0.54065	0.02868	0.19724	0.02340	0.01141	0.00712	0.00222	0.00520	0.03285	0.00760	0.00966
139	0.01527	0.01456	0.02431	0.03635	0.64110	0.01443	0.01837	0.01891	0.01499	0.02106	0.01892	0.02196	0.09640	0.00717	0.00667	0.00199	0.00728	0.00683	0.00360	0.00984
140	0.01517	0.01870	0.14078	0.03029	0.33720	0.01603	0.20183	0.01977	0.01438	0.02056	0.01284	0.03777	0.01075	0.00686	0.00844	0.00216	0.08723	0.00658	0.00324	0.00942
141	0.01760	0.77260	0.03450	0.01126	0.01690	0.02605	0.01126	0.01971	0.01338	0.01549	0.00915	0.01056	0.00845	0.00563	0.00422	0.00141	0.00704	0.00352	0.00282	0.00845
142	0.00933	0.00663	0.00881	0.00897	0.00955	0.00713	0.00618	0.01055	0.01035	0.01435	0.02091	0.10967	0.02249	0.35708	0.36036	0.00795	0.01135	0.00935	0.00399	0.00501
143	0.00895	0.00686	0.00830	0.00835	0.01016	0.00620	0.00654	0.01148	0.01659	0.02183	0.34309	0.05924	0.31610	0.01557	0.00801	0.00230	0.00373	0.13418	0.00659	0.00593
144	0.01443	0.01277	0.01975	0.63602	0.04139	0.01554	0.01737	0.12588	0.01598	0.02073	0.01235	0.01728	0.00916	0.00679	0.00658	0.00216	0.00853	0.00586	0.00350	0.00793
145	0.01637	0.01414	0.01489	0.01340	0.01712	0.01637	0.01042	0.03498	0.71568	0.02754	0.02679	0.02456	0.02010	0.00893	0.00670	0.00223	0.00521	0.00744	0.00670	0.01042
146	0.01550	0.01766	0.03827	0.02743	0.03388	0.01676	0.68260	0.02093	0.01537	0.02093	0.01318	0.01766	0.00995	0.00573	0.00819	0.00224	0.03388	0.00771	0.00332	0.00883
147	0.00778	0.00667	0.00667	0.00667	0.00889	0.00556	0.00500	0.00945	0.01501	0.01778	0.06669	0.06336	0.72490	0.01667	0.00778	0.00222	0.00333	0.01389	0.00611	0.00556
148	0.00778	0.00667	0.00667	0.00667	0.00889	0.00556	0.00500	0.00945	0.01501	0.01778	0.06669	0.06336	0.72490	0.01667	0.00778	0.00222	0.00333	0.01389	0.00611	0.00556
149	0.02779	0.01400	0.01701	0.01304	0.01820	0.01383	0.01077	0.29279	0.02353	0.46480	0.02204	0.01985	0.01432	0.00805	0.00661	0.00201	0.00624	0.00635	0.00754	0.01120
150	0.01629	0.01564	0.02672	0.04041	0.72757	0.01564	0.02020	0.02020	0.01499	0.02151	0.01238	0.01629	0.01043	0.00587	0.00652	0.00196	0.00782	0.00587	0.00326	0.01043
151	0.01629	0.01564	0.02672	0.04041	0.72757	0.01564	0.02020	0.02020	0.01499	0.02151	0.01238	0.01629	0.01043	0.00587	0.00652	0.00196	0.00782	0.00587	0.00326	0.01043
152	0.00778	0.00667	0.00667	0.00667	0.00889	0.00556	0.00500	0.00945	0.01501	0.01778	0.06669	0.06336	0.72490	0.01667	0.00778	0.00222	0.00333	0.01389	0.00611	0.00556
153	0.02467	0.02892	0.01887	0.01662	0.02036	0.60511	0.01268	0.15532	0.02099	0.02093	0.01125	0.01262	0.00900	0.00700	0.00606	0.00175	0.01099	0.00456	0.00400	0.00831
154	0.01133	0.00949	0.01042	0.00929	0.01236	0.00910	0.00715	0.01802	0.20259	0.02275	0.18217	0.04209	0.28561	0.01205	0.00702	0.00199	0.00404	0.01016	0.00615	0.13623
155	0.01617	0.01552	0.02650	0.06258	0.70634	0.01561	0.02014	0.02010	0.01493	0.02136	0.01236	0.01633	0.01038	0.00589	0.00652	0.00196	0.00785	0.00587	0.00325	0.01033
156	0.00957	0.00638	0.00718	0.00718	0.00718	0.00638	0.00399	0.00957	0.00957	0.01276	0.02074	0.04308	0.02393	0.76864	0.03351	0.00638	0.00638	0.00957	0.00399	0.00399
157	0.00957	0.00638	0.00718	0.00718	0.00718	0.00638	0.00399	0.00957	0.00957	0.01276	0.02074	0.04308	0.02393	0.76864	0.03351	0.00638	0.00638	0.00957	0.00399	0.00399
158	0.01773	0.25979	0.30181	0.01661	0.04974	0.13517	0.01704	0.09279	0.01632	0.02061	0.01117	0.01283	0.00877	0.00630	0.00562	0.00180	0.00891	0.00450	0.00330	0.00918
159	0.01738	0.56940	0.17500	0.01301	0.01937	0.05057	0.01391	0.02061	0.01387	0.04055	0.01029	0.01168	0.00869	0.00589	0.00478	0.00158	0.00772	0.00392	0.00301	0.00877
160	0.01570	0.12642	0.30817	0.01419	0.02110	0.04672	0.01541	0.02024	0.01435	0.08252	0.01459	0.01593	0.03670	0.00654	0.00611	0.00171	0.02801	0.00492	0.00371	0.21697

[dist]
# distance from previous block
# <min> <max>
0	3

[block]
# block no. 3 follows, 33 sequences, length 18
# corresponding to MSA columns:
# 246-263
name=unknown_D
#
# <colnr> <probs for GDERKNQSTAVLIFYWHMCP>
#	G	D	E	R	K	N	Q	S	T	A	V	L	I	F	Y	W	H	M	C	P
0	0.07995	0.14573	0.30130	0.01588	0.04652	0.09626	0.01625	0.02383	0.06301	0.13064	0.01424	0.01502	0.01039	0.00666	0.00582	0.00193	0.00816	0.00496	0.00407	0.00939
1	0.01539	0.01456	0.02150	0.01721	0.02166	0.01550	0.22077	0.02854	0.43922	0.02500	0.05005	0.02551	0.05718	0.00849	0.00712	0.00222	0.00682	0.00806	0.00566	0.00953
2	0.01530	0.01705	0.03488	0.02553	0.03077	0.01739	0.55749	0.01998	0.01438	0.01998	0.01233	0.01705	0.00970	0.00682	0.01070	0.00236	0.16920	0.00734	0.00323	0.00852
3	0.01723	0.41378	0.19505	0.01309	0.01925	0.01990	0.01384	0.02210	0.07183	0.09272	0.05316	0.01590	0.01321	0.00675	0.00535	0.00174	0.00716	0.00495	0.00393	0.00907
4	0.00802	0.00573	0.00764	0.00917	0.00955	0.00535	0.00611	0.00917	0.01260	0.01681	0.03628	0.76434	0.04354	0.02062	0.00840	0.00267	0.00382	0.01872	0.00611	0.00535
5	0.01629	0.01564	0.02672	0.04041	0.72757	0.01564	0.02020	0.02020	0.01499	0.02151	0.01238	0.01629	0.01043	0.00587	0.00652	0.00196	0.00782	0.00587	0.00326	0.01043
6	0.00917	0.05885	0.08187	0.01026	0.01192	0.00770	0.00826	0.01102	0.01278	0.01712	0.03207	0.64009	0.03773	0.01821	0.00791	0.00253	0.00462	0.01634	0.00556	0.00599
7	0.01629	0.01564	0.02672	0.04041	0.72757	0.01564	0.02020	0.02020	0.01499	0.02151	0.01238	0.01629	0.01043	0.00587	0.00652	0.00196	0.00782	0.00587	0.00326	0.01043
8	0.01154	0.00830	0.01073	0.01064	0.01155	0.00871	0.00749	0.01241	0.01150	0.01624	0.02056	0.03457	0.02087	0.31528	0.45759	0.00911	0.01375	0.00856	0.00437	0.00623
9	0.01148	0.00855	0.01198	0.01190	0.01324	0.00939	0.00906	0.01322	0.01187	0.01717	0.01941	0.02820	0.01811	0.04931	0.71978	0.01066	0.01791	0.00763	0.00420	0.00693
10	0.01749	0.23423	0.09663	0.25003	0.07606	0.11052	0.01601	0.02031	0.01520	0.01885	0.01389	0.04359	0.01212	0.00968	0.03458	0.00257	0.00943	0.00599	0.00379	0.00901
11	0.00799	0.00584	0.00752	0.00887	0.00947	0.00537	0.00598	0.00920	0.01289	0.01692	0.03996	0.67970	0.12581	0.02015	0.00833	0.00262	0.00376	0.01813	0.00611	0.00537
12	0.01061	0.00758	0.01061	0.01212	0.01364	0.00758	0.01061	0.01364	0.01515	0.01970	0.03486	0.07426	0.03789	0.01819	0.00909	0.00303	0.00606	0.68326	0.00606	0.00606
13	0.00857	0.00692	0.00776	0.00818	0.01021	0.00612	0.00656	0.01061	0.01505	0.01832	0.05784	0.06639	0.53399	0.01709	0.00815	0.00245	0.00409	0.19990	0.00610	0.00570
14	0.01633	0.04534	0.37952	0.10437	0.02764	0.01442	0.09034	0.04447	0.01529	0.13830	0.01554	0.05249	0.01168	0.00727	0.00657	0.00211	0.00863	0.00624	0.00403	0.00940
15	0.00824	0.00589	0.00783	0.00902	0.00960	0.00549	0.00613	0.00970	0.01360	0.01839	0.14997	0.64613	0.04661	0.01944	0.00830	0.00257	0.00370	0.01759	0.00630	0.00549
16	0.02150	0.48400	0.02765	0.01209	0.01735	0.09649	0.01107	0.04542	0.01583	0.19256	0.01361	0.01378	0.01047	0.00644	0.00507	0.00161	0.00720	0.00443	0.00431	0.00913
17	0.04132	0.01511	0.05112	0.32094	0.08882	0.01527	0.30571	0.01883	0.01424	0.01953	0.01316	0.04184	0.01049	0.00653	0.00704	0.00219	0.00942	0.00697	0.00326	0.00821

[dist]
# distance from previous block
# <min> <max>
0	1

[block]
# block no. 4 follows, 33 sequences, length 18
# corresponding to MSA columns:
# 265-282
name=unknown_E
#
# <colnr> <probs for GDERKNQSTAVLIFYWHMCP>
#	G	D	E	R	K	N	Q	S	T	A	V	L	I	F	Y	W	H	M	C	P
0	0.01697	0.32679	0.32981	0.01547	0.02245	0.14832	0.01708	0.02136	0.01453	0.01788	0.01047	0.01221	0.00841	0.00610	0.00539	0.00175	0.00904	0.00422	0.00290	0.00885
1	0.40829	0.01421	0.01594	0.01282	0.01747	0.01546	0.08866	0.13509	0.09428	0.11698	0.01476	0.01533	0.01070	0.00690	0.00552	0.00207	0.00621	0.00524	0.00519	0.00886
2	0.02024	0.01452	0.01909	0.01496	0.01905	0.01530	0.10566	0.38355	0.02239	0.07679	0.01648	0.06246	0.01336	0.01140	0.01074	0.16561	0.00715	0.00695	0.00546	0.00883
3	0.01029	0.00807	0.01114	0.01066	0.01128	0.00965	0.00797	0.01177	0.01019	0.01461	0.01709	0.02919	0.01743	0.26136	0.40776	0.00803	0.13683	0.00760	0.00356	0.00552
4	0.00797	0.00595	0.00741	0.00859	0.00940	0.00540	0.00585	0.00923	0.01316	0.01703	0.04333	0.60184	0.20149	0.01971	0.00826	0.00257	0.00371	0.01760	0.00611	0.00540
5	0.02099	0.01975	0.13280	0.02345	0.24176	0.07769	0.03533	0.18483	0.01962	0.15616	0.01544	0.01659	0.01118	0.00690	0.00650	0.00198	0.00801	0.00578	0.00488	0.01036
6	0.01320	0.01088	0.01214	0.01147	0.01405	0.01200	0.00866	0.02501	0.42678	0.02512	0.17509	0.17976	0.03367	0.01225	0.00727	0.00229	0.00449	0.01067	0.00669	0.00851
7	0.01785	0.01019	0.01103	0.00932	0.01232	0.01057	0.00742	0.21206	0.01922	0.11057	0.02039	0.02183	0.01521	0.00779	0.00539	0.00172	0.00454	0.00613	0.48831	0.00815
8	0.01303	0.01231	0.02082	0.64286	0.15064	0.01478	0.01858	0.01734	0.01345	0.01754	0.01181	0.01736	0.00903	0.00647	0.00657	0.00216	0.00863	0.00585	0.00298	0.00779
9	0.01383	0.01356	0.01906	0.01651	0.01665	0.01879	0.01369	0.01537	0.01014	0.01578	0.00967	0.01572	0.00954	0.01587	0.10438	0.00376	0.67174	0.00591	0.00295	0.00705
10	0.01252	0.01185	0.01151	0.01116	0.01254	0.15669	0.00825	0.01425	0.01201	0.01492	0.01677	0.02663	0.01641	0.19136	0.44468	0.00790	0.01411	0.00701	0.00360	0.00584
11	0.01192	0.01132	0.02009	0.46064	0.03524	0.01281	0.12869	0.01575	0.01343	0.01752	0.01767	0.19070	0.01704	0.00967	0.00720	0.00231	0.00801	0.00915	0.00373	0.00712
12	0.02954	0.01120	0.01528	0.01171	0.01681	0.00968	0.00968	0.03208	0.01884	0.73213	0.02597	0.02241	0.01630	0.00815	0.00662	0.00204	0.00560	0.00662	0.00815	0.01120
13	0.00852	0.00653	0.00781	0.00785	0.00944	0.00582	0.00575	0.01075	0.01624	0.02154	0.36107	0.18105	0.30200	0.01591	0.00788	0.00223	0.00332	0.01384	0.00663	0.00582
14	0.15716	0.00862	0.01027	0.00969	0.01218	0.00833	0.00730	0.01777	0.01481	0.22049	0.10906	0.33943	0.03164	0.01372	0.00706	0.00231	0.00446	0.01185	0.00645	0.00740
15	0.01854	0.21502	0.28549	0.01509	0.02178	0.07906	0.01605	0.08564	0.07703	0.10508	0.01432	0.01498	0.01059	0.00675	0.00583	0.00188	0.00813	0.00500	0.00416	0.00959
16	0.02026	0.01421	0.01588	0.01290	0.01758	0.01487	0.01034	0.18689	0.31755	0.15457	0.02161	0.02035	0.01565	0.00788	0.00636	0.00193	0.00570	0.00636	0.00647	0.14265
