[name]
unknown

[dist]
# distance from previous block
# <min> <max>
0	484

[block]
# block no. 0 follows, 35 sequences, length 10
# corresponding to MSA columns:
# 490-499
name=unknown_A
#
# <colnr> <probs for GDERKNQSTAVLIFYWHMCP>
#	G	D	E	R	K	N	Q	S	T	A	V	L	I	F	Y	W	H	M	C	P
0	0.01897	0.01144	0.01377	0.01191	0.01542	0.01174	0.00972	0.17522	0.13627	0.22479	0.09793	0.06630	0.02495	0.01085	0.00703	0.00220	0.00544	0.14036	0.00673	0.00897
1	0.01720	0.09296	0.44172	0.01497	0.02240	0.01371	0.01748	0.02244	0.01472	0.21919	0.01754	0.01773	0.04606	0.00697	0.00602	0.00194	0.00774	0.00547	0.00427	0.00946
2	0.01540	0.14481	0.31895	0.01718	0.09368	0.01480	0.04927	0.02065	0.03813	0.10936	0.10173	0.01879	0.01600	0.00702	0.00604	0.00189	0.00742	0.00583	0.00405	0.00899
3	0.00793	0.00607	0.00730	0.00795	0.00918	0.00544	0.00570	0.00957	0.01393	0.01798	0.14544	0.37651	0.29934	0.01738	0.00782	0.00235	0.00351	0.04517	0.00604	0.00538
4	0.01377	0.01500	0.03175	0.02315	0.02854	0.01418	0.57217	0.01859	0.01495	0.02049	0.10013	0.02139	0.01618	0.00966	0.06739	0.00277	0.01027	0.00791	0.00368	0.00801
5	0.01515	0.09176	0.02309	0.22797	0.37147	0.05295	0.01691	0.04066	0.01449	0.01916	0.01282	0.01879	0.01104	0.00668	0.00621	0.00195	0.00778	0.04918	0.00329	0.00866
6	0.01660	0.01572	0.02404	0.06755	0.55716	0.04643	0.01798	0.08969	0.01576	0.02190	0.01192	0.01542	0.00986	0.00627	0.00719	0.00194	0.05590	0.00559	0.00343	0.00967
7	0.00911	0.00693	0.00963	0.01200	0.08319	0.00664	0.00774	0.01078	0.01284	0.01710	0.05316	0.44497	0.08145	0.08649	0.01017	0.00284	0.00461	0.12923	0.00545	0.00568
8	0.01573	0.01880	0.12035	0.02628	0.13658	0.01610	0.45481	0.09047	0.01620	0.02234	0.01276	0.01626	0.00961	0.00571	0.00701	0.00206	0.00969	0.00669	0.00345	0.00911
9	0.02005	0.01432	0.01729	0.01737	0.14460	0.03292	0.01189	0.25291	0.14622	0.15340	0.02174	0.05296	0.04913	0.00864	0.00654	0.00202	0.00622	0.02606	0.00593	0.00981

[dist]
# distance from previous block
# <min> <max>
0	3

[block]
# block no. 1 follows, 35 sequences, length 22
# corresponding to MSA columns:
# 503-524
name=unknown_B
#
# <colnr> <probs for GDERKNQSTAVLIFYWHMCP>
#	G	D	E	R	K	N	Q	S	T	A	V	L	I	F	Y	W	H	M	C	P
0	0.01432	0.03244	0.63844	0.01783	0.02631	0.12202	0.02181	0.02085	0.01406	0.01943	0.01115	0.01311	0.00806	0.00610	0.00598	0.00195	0.00968	0.00460	0.00276	0.00908
1	0.00875	0.00663	0.00825	0.00843	0.00991	0.00583	0.00592	0.01039	0.01328	0.01815	0.13828	0.43995	0.11725	0.05128	0.00856	0.00237	0.00379	0.01405	0.00565	0.12328
2	0.01515	0.33700	0.28781	0.01985	0.18439	0.01908	0.01735	0.01950	0.01343	0.01811	0.01045	0.01259	0.00854	0.00569	0.00528	0.00171	0.00789	0.00437	0.00280	0.00902
3	0.01681	0.01422	0.01662	0.01847	0.18773	0.10879	0.02589	0.13819	0.03876	0.08597	0.06737	0.15888	0.07455	0.01021	0.00675	0.00203	0.00644	0.00881	0.00517	0.00836
4	0.00905	0.00652	0.00897	0.00913	0.00987	0.00715	0.00659	0.01055	0.01020	0.01424	0.01986	0.08812	0.02079	0.26985	0.44701	0.00811	0.01224	0.03285	0.00381	0.00507
5	0.01609	0.01970	0.13182	0.04962	0.35775	0.09330	0.17730	0.04080	0.01519	0.02043	0.01191	0.01525	0.00944	0.00581	0.00646	0.00194	0.00895	0.00577	0.00319	0.00927
6	0.07116	0.08029	0.02109	0.03365	0.02067	0.18211	0.15641	0.06021	0.15809	0.07762	0.01734	0.04794	0.03042	0.00750	0.00622	0.00194	0.00790	0.00640	0.00457	0.00848
7	0.00990	0.00698	0.00856	0.00866	0.01025	0.00659	0.00637	0.01314	0.07169	0.05908	0.24849	0.29215	0.17998	0.01544	0.00759	0.00226	0.00366	0.03668	0.00637	0.00616
8	0.01483	0.01822	0.09096	0.02664	0.06535	0.01590	0.62938	0.02026	0.01483	0.02032	0.01268	0.01676	0.00952	0.00541	0.00732	0.00212	0.01045	0.00719	0.00316	0.00869
9	0.01650	0.01691	0.02396	0.10664	0.56482	0.12222	0.01824	0.02000	0.01479	0.01952	0.01156	0.01520	0.00962	0.00585	0.00620	0.00187	0.00820	0.00542	0.00313	0.00936
10	0.01537	0.24840	0.25619	0.01352	0.01962	0.01697	0.03182	0.10427	0.05183	0.04543	0.02002	0.02049	0.11512	0.00768	0.00577	0.00183	0.00709	0.00595	0.00399	0.00866
11	0.00914	0.00632	0.00845	0.00874	0.00965	0.00675	0.00636	0.01092	0.01103	0.01599	0.02324	0.17892	0.04814	0.13718	0.37313	0.00662	0.01039	0.00952	0.11418	0.00533
12	0.04522	0.01534	0.02288	0.04416	0.17290	0.07208	0.17409	0.08112	0.01536	0.02127	0.06941	0.04214	0.01498	0.00822	0.00941	0.00216	0.15167	0.02553	0.00386	0.00819
13	0.01542	0.01478	0.02524	0.09411	0.68452	0.01500	0.01933	0.01922	0.01431	0.02038	0.01188	0.01579	0.00993	0.00571	0.00629	0.00190	0.00761	0.00565	0.00312	0.00982
14	0.01951	0.01016	0.01272	0.01116	0.01458	0.00992	0.00886	0.02560	0.19265	0.35388	0.02887	0.15519	0.04482	0.01120	0.00694	0.00221	0.00499	0.07077	0.00693	0.00904
15	0.00905	0.01013	0.11508	0.00951	0.01202	0.00702	0.00847	0.01203	0.01532	0.02102	0.33872	0.20387	0.16028	0.01415	0.00745	0.00218	0.00421	0.03739	0.00589	0.00619
16	0.07757	0.01770	0.02124	0.05110	0.14563	0.15300	0.12245	0.16650	0.03951	0.10039	0.01534	0.01679	0.03024	0.00683	0.00626	0.00192	0.00808	0.00583	0.00456	0.00906
17	0.01293	0.01301	0.02257	0.01829	0.05553	0.02662	0.31815	0.03701	0.09145	0.02069	0.06695	0.09131	0.17707	0.00979	0.00731	0.00214	0.00719	0.00965	0.00466	0.00769
18	0.01275	0.01531	0.12687	0.51243	0.11809	0.01446	0.07574	0.01748	0.01317	0.01762	0.01149	0.01628	0.00867	0.00614	0.00638	0.00208	0.00867	0.00565	0.00287	0.00785
19	0.01633	0.01585	0.03099	0.02551	0.13224	0.01530	0.46739	0.02273	0.10167	0.08271	0.01532	0.01809	0.01139	0.00600	0.00709	0.00209	0.00909	0.00709	0.00399	0.00915
20	0.01407	0.01557	0.02537	0.01954	0.02381	0.11985	0.39464	0.01770	0.01498	0.01889	0.05732	0.16769	0.06199	0.00939	0.00735	0.00214	0.00859	0.00961	0.00410	0.00739
21	0.01075	0.00629	0.00843	0.00919	0.01022	0.00576	0.00639	0.01205	0.01302	0.12186	0.03352	0.66351	0.03814	0.01812	0.00785	0.00249	0.00393	0.01634	0.00617	0.00597

[dist]
# distance from previous block
# <min> <max>
0	2

[block]
# block no. 2 follows, 35 sequences, length 19
# corresponding to MSA columns:
# 527-537,552-559
name=unknown_C
#
# <colnr> <probs for GDERKNQSTAVLIFYWHMCP>
#	G	D	E	R	K	N	Q	S	T	A	V	L	I	F	Y	W	H	M	C	P
0	0.07565	0.42297	0.15695	0.01280	0.01876	0.02125	0.01311	0.17212	0.01655	0.02233	0.01069	0.01188	0.00861	0.00605	0.00491	0.00164	0.00716	0.00414	0.00359	0.00885
1	0.41745	0.01378	0.01516	0.01653	0.17305	0.01510	0.01083	0.13622	0.05600	0.07284	0.01255	0.01377	0.00948	0.00640	0.00514	0.00195	0.00587	0.00470	0.00454	0.00864
2	0.01541	0.18463	0.03651	0.02325	0.02945	0.01803	0.56012	0.02003	0.01452	0.01914	0.01195	0.01559	0.00930	0.00537	0.00674	0.00197	0.00984	0.00659	0.00310	0.00847
3	0.00903	0.00689	0.00887	0.00907	0.01066	0.00611	0.00642	0.01061	0.01220	0.01705	0.02827	0.54402	0.03264	0.01885	0.06926	0.00285	0.00501	0.01397	0.00521	0.18301
4	0.01922	0.02124	0.01834	0.01989	0.17522	0.36318	0.01281	0.07146	0.05690	0.01865	0.01268	0.01703	0.01117	0.09739	0.00998	0.00234	0.05551	0.00542	0.00368	0.00791
5	0.01618	0.02798	0.58418	0.01659	0.02499	0.01355	0.02034	0.02246	0.01444	0.17841	0.01438	0.01519	0.00972	0.00643	0.00610	0.00200	0.00850	0.00506	0.00381	0.00969
6	0.19880	0.02540	0.01616	0.01446	0.01801	0.53722	0.01106	0.07356	0.01725	0.02012	0.00998	0.01146	0.00807	0.00647	0.00537	0.00173	0.00969	0.00406	0.00363	0.00750
7	0.01370	0.01495	0.09310	0.01981	0.18400	0.05461	0.08058	0.04775	0.09923	0.02022	0.03359	0.04069	0.06163	0.01678	0.17011	0.00382	0.00950	0.02371	0.00408	0.00815
8	0.04803	0.01097	0.01121	0.01070	0.01327	0.08381	0.00863	0.05006	0.08116	0.10802	0.05843	0.05839	0.12640	0.02798	0.00755	0.00232	0.00554	0.21161	0.06879	0.00713
9	0.00936	0.00627	0.00834	0.00797	0.00917	0.00585	0.00583	0.01103	0.01567	0.02190	0.54495	0.04185	0.07995	0.01510	0.01128	0.18042	0.00355	0.01025	0.00601	0.00525
10	0.01424	0.01253	0.01825	0.02426	0.35603	0.01303	0.01353	0.05968	0.17075	0.02186	0.02055	0.18820	0.01964	0.02941	0.00740	0.00221	0.00605	0.00886	0.00469	0.00883
11	0.04018	0.15683	0.25786	0.01666	0.08000	0.01498	0.07501	0.06741	0.01435	0.02008	0.01646	0.17995	0.01596	0.00898	0.00623	0.00201	0.00730	0.00774	0.00378	0.00823
12	0.01272	0.03281	0.74418	0.01808	0.02746	0.01473	0.02344	0.02009	0.01339	0.02009	0.01138	0.01339	0.00804	0.00603	0.00603	0.00201	0.00938	0.00469	0.00268	0.00938
13	0.00825	0.00597	0.00825	0.00940	0.01003	0.00596	0.00674	0.00978	0.01195	0.01613	0.03090	0.54387	0.03573	0.02573	0.17131	0.00428	0.00680	0.07827	0.00534	0.00533
14	0.19462	0.27206	0.05743	0.01513	0.07739	0.12206	0.06990	0.03447	0.01410	0.06038	0.01116	0.02547	0.00920	0.00615	0.00508	0.00173	0.00741	0.00456	0.00355	0.00815
15	0.00967	0.01245	0.17047	0.01298	0.05988	0.00821	0.01113	0.01262	0.01312	0.01782	0.03066	0.39520	0.09153	0.01527	0.00757	0.00242	0.00545	0.11202	0.00500	0.00651
16	0.01132	0.01101	0.00977	0.01042	0.01150	0.16893	0.00729	0.01268	0.01384	0.01671	0.07973	0.55372	0.03583	0.01645	0.00753	0.00233	0.00533	0.01450	0.00539	0.00570
17	0.08887	0.01472	0.04306	0.03909	0.36782	0.03683	0.01479	0.05878	0.01579	0.19271	0.01480	0.01628	0.01096	0.00630	0.00599	0.00186	0.00682	0.00545	0.00451	0.05458
18	0.01587	0.05923	0.07986	0.02243	0.29037	0.01408	0.02734	0.08890	0.05311	0.03670	0.01285	0.01497	0.01025	0.00578	0.00571	0.00161	0.00664	0.00503	0.00385	0.24541

[dist]
# distance from previous block
# <min> <max>
0	1

[block]
# block no. 3 follows, 35 sequences, length 66
# corresponding to MSA columns:
# 561-594,603-634
name=unknown_D
#
# <colnr> <probs for GDERKNQSTAVLIFYWHMCP>
#	G	D	E	R	K	N	Q	S	T	A	V	L	I	F	Y	W	H	M	C	P
0	0.12360	0.41635	0.13740	0.01364	0.06215	0.02022	0.01270	0.02104	0.10428	0.01938	0.01159	0.01277	0.00951	0.00600	0.00480	0.00167	0.00676	0.00422	0.00338	0.00852
1	0.10548	0.08786	0.01857	0.01425	0.01839	0.34199	0.03216	0.13581	0.04908	0.11864	0.01331	0.01388	0.00999	0.00678	0.00567	0.00177	0.00854	0.00476	0.00453	0.00854
2	0.01618	0.10337	0.31876	0.02046	0.17991	0.06079	0.01765	0.02197	0.06565	0.09184	0.03513	0.01601	0.01162	0.00649	0.00597	0.00189	0.00792	0.00528	0.00374	0.00936
3	0.00891	0.00648	0.00839	0.00791	0.00944	0.00596	0.00594	0.01185	0.01781	0.02508	0.70532	0.04798	0.08889	0.01310	0.00748	0.00200	0.00300	0.01156	0.00694	0.00596
4	0.00912	0.00657	0.00902	0.00902	0.00975	0.00729	0.00647	0.01058	0.00985	0.01386	0.01807	0.03086	0.01844	0.30883	0.49419	0.00875	0.01311	0.00767	0.00356	0.00501
5	0.01570	0.01507	0.02575	0.03894	0.73748	0.01507	0.01947	0.01947	0.01444	0.02073	0.01193	0.01570	0.01005	0.00565	0.00628	0.00188	0.00754	0.00565	0.00314	0.01005
6	0.01013	0.00732	0.00907	0.00968	0.01074	0.00728	0.00679	0.11264	0.01474	0.01968	0.03207	0.66174	0.03738	0.01808	0.00784	0.00248	0.00416	0.01623	0.00596	0.00598
7	0.00807	0.00646	0.00729	0.00722	0.00895	0.00587	0.00534	0.00984	0.01396	0.01763	0.15246	0.05248	0.47932	0.08097	0.11247	0.00356	0.00532	0.01186	0.00554	0.00537
8	0.82186	0.01227	0.00932	0.00834	0.01227	0.01423	0.00687	0.01865	0.01080	0.02846	0.00883	0.01031	0.00687	0.00589	0.00393	0.00196	0.00491	0.00344	0.00393	0.00687
9	0.01315	0.01128	0.01315	0.00940	0.01503	0.00846	0.00752	0.01597	0.01315	0.02067	0.01128	0.01315	0.00940	0.00470	0.00470	0.00094	0.00470	0.00376	0.00376	0.81583
10	0.00882	0.00646	0.00808	0.00767	0.00927	0.00588	0.00576	0.01159	0.01727	0.02406	0.60658	0.04891	0.16685	0.01331	0.00740	0.00200	0.00303	0.01162	0.02956	0.00588
11	0.00773	0.00552	0.00736	0.00883	0.00920	0.00515	0.00589	0.00883	0.01215	0.01619	0.03497	0.77291	0.04196	0.01987	0.00810	0.00258	0.00368	0.01803	0.00589	0.00515
12	0.00847	0.00647	0.00779	0.00759	0.00928	0.00579	0.00572	0.01093	0.01647	0.02208	0.45806	0.07232	0.29375	0.01439	0.00755	0.00209	0.00319	0.03579	0.00653	0.00574
13	0.01570	0.01507	0.02575	0.03894	0.73748	0.01507	0.01947	0.01947	0.01444	0.02073	0.01193	0.01570	0.01005	0.00565	0.00628	0.00188	0.00754	0.00565	0.00314	0.01005
14	0.01509	0.01660	0.03405	0.02471	0.03071	0.01600	0.61109	0.02229	0.11930	0.02123	0.01474	0.01807	0.01105	0.00583	0.00734	0.00214	0.00986	0.00744	0.00368	0.00877
15	0.01606	0.40742	0.28238	0.01382	0.02048	0.02033	0.01536	0.09872	0.01492	0.01960	0.01069	0.01231	0.00862	0.00708	0.02615	0.00190	0.00801	0.00421	0.00314	0.00881
16	0.00774	0.00562	0.00731	0.00860	0.00915	0.00519	0.00580	0.00893	0.01249	0.01650	0.05445	0.69383	0.10224	0.01938	0.00803	0.00252	0.00362	0.01747	0.00592	0.00519
17	0.01293	0.08399	0.43849	0.01475	0.02147	0.04824	0.01704	0.01955	0.07953	0.02026	0.08670	0.02235	0.09228	0.00798	0.00620	0.00197	0.00760	0.00637	0.00381	0.00849
18	0.01296	0.07427	0.70478	0.01768	0.02684	0.01531	0.02274	0.02003	0.01337	0.01980	0.01124	0.01322	0.00804	0.00599	0.00592	0.00197	0.00923	0.00462	0.00268	0.00931
19	0.02724	0.01275	0.01593	0.01221	0.01717	0.01223	0.01009	0.22311	0.02143	0.54505	0.02228	0.01981	0.01433	0.00779	0.00637	0.00195	0.00584	0.00619	0.00743	0.01079
20	0.01410	0.01339	0.02273	0.30317	0.46112	0.01442	0.01838	0.01795	0.01373	0.01893	0.01238	0.03890	0.01042	0.00633	0.00636	0.00199	0.00776	0.00602	0.00310	0.00880
21	0.01451	0.01688	0.05819	0.02507	0.03116	0.01538	0.63262	0.02003	0.03417	0.02025	0.01439	0.05986	0.01167	0.00628	0.00745	0.00216	0.01010	0.00798	0.00343	0.00843
22	0.02284	0.02843	0.01758	0.01597	0.01927	0.67163	0.01202	0.02624	0.09491	0.01672	0.01155	0.01277	0.00939	0.00676	0.00580	0.00169	0.01074	0.00442	0.00361	0.00765
23	0.00890	0.00648	0.00836	0.00789	0.00943	0.00595	0.00592	0.01181	0.01776	0.02497	0.69630	0.04816	0.09799	0.01314	0.00748	0.00200	0.00301	0.01158	0.00692	0.00595
24	0.20210	0.05926	0.03737	0.03320	0.01716	0.10579	0.01034	0.21072	0.05302	0.11561	0.03182	0.06806	0.01358	0.00794	0.00574	0.00193	0.00655	0.00597	0.00518	0.00865
25	0.01570	0.01507	0.02575	0.03894	0.73748	0.01507	0.01947	0.01947	0.01444	0.02073	0.01193	0.01570	0.01005	0.00565	0.00628	0.00188	0.00754	0.00565	0.00314	0.01005
26	0.01198	0.01128	0.01903	0.76180	0.04369	0.01409	0.01762	0.01621	0.01268	0.01621	0.01128	0.01691	0.00846	0.00634	0.00634	0.00211	0.00846	0.00564	0.00282	0.00705
27	0.00884	0.00684	0.00829	0.00895	0.01074	0.00629	0.00739	0.01112	0.01469	0.01839	0.08128	0.06531	0.37789	0.01660	0.00809	0.00250	0.00443	0.33083	0.00592	0.00561
28	0.01489	0.29346	0.43043	0.01650	0.06327	0.01821	0.01834	0.02003	0.01343	0.04189	0.01096	0.01266	0.00844	0.00586	0.00537	0.00177	0.00823	0.00434	0.00289	0.00903
29	0.00910	0.00667	0.00954	0.00954	0.01044	0.00757	0.00711	0.01091	0.01000	0.01424	0.01759	0.02826	0.01731	0.19425	0.60722	0.00938	0.01481	0.00729	0.00349	0.00530
30	0.00750	0.00643	0.00643	0.00643	0.00857	0.00536	0.00482	0.00910	0.01446	0.01714	0.06427	0.06105	0.73490	0.01607	0.00750	0.00214	0.00321	0.01339	0.00589	0.00536
31	0.02135	0.01833	0.01901	0.03548	0.11288	0.11965	0.01286	0.40464	0.13690	0.03139	0.01565	0.01615	0.01164	0.00734	0.00627	0.00191	0.00739	0.00571	0.00544	0.01001
32	0.17306	0.01469	0.02026	0.02629	0.40901	0.03402	0.01476	0.09798	0.01601	0.11535	0.01330	0.01525	0.01019	0.00622	0.00583	0.00190	0.00680	0.00528	0.00424	0.00954
33	0.01272	0.03281	0.74418	0.01808	0.02746	0.01473	0.02344	0.02009	0.01339	0.02009	0.01138	0.01339	0.00804	0.00603	0.00603	0.00201	0.00938	0.00469	0.00268	0.00938
34	0.00798	0.00588	0.00751	0.00857	0.00940	0.00541	0.00603	0.00947	0.01322	0.01738	0.10302	0.54190	0.15552	0.01846	0.00799	0.00248	0.00370	0.06477	0.00599	0.00531
35	0.01607	0.01673	0.06621	0.05968	0.56801	0.04062	0.06202	0.05593	0.01528	0.02133	0.01203	0.01553	0.00983	0.00581	0.00633	0.00191	0.00797	0.00566	0.00328	0.00976
36	0.01407	0.01279	0.02041	0.53985	0.11507	0.01514	0.04094	0.10434	0.01500	0.01979	0.01180	0.01648	0.00896	0.00655	0.00685	0.00209	0.03297	0.00571	0.00331	0.00789
37	0.01360	0.01063	0.01382	0.01168	0.01469	0.01101	0.08452	0.12074	0.15651	0.02591	0.20106	0.03323	0.08605	0.01008	0.00668	0.00200	0.00498	0.04536	0.13976	0.00769
38	0.03565	0.24902	0.33065	0.01473	0.02134	0.07950	0.01614	0.04200	0.11650	0.01989	0.01262	0.01374	0.00976	0.00631	0.00544	0.00180	0.00798	0.00461	0.00342	0.00892
39	0.06950	0.47538	0.18860	0.01412	0.05935	0.04499	0.01390	0.01984	0.03183	0.01763	0.01005	0.01161	0.00844	0.00572	0.00474	0.00160	0.00739	0.00393	0.00293	0.00846
40	0.01482	0.01288	0.01474	0.05945	0.01718	0.08900	0.04041	0.07533	0.15638	0.05860	0.02285	0.24011	0.02243	0.01203	0.00866	0.00230	0.09392	0.04610	0.00520	0.00761
41	0.00758	0.00611	0.00675	0.00726	0.00879	0.00529	0.00519	0.00901	0.01366	0.01681	0.05409	0.30817	0.49435	0.01739	0.00771	0.00229	0.00338	0.01500	0.00589	0.00529
42	0.03560	0.01685	0.16423	0.01404	0.01935	0.01337	0.06595	0.12870	0.15089	0.16314	0.08832	0.02095	0.01747	0.00770	0.00633	0.00196	0.00644	0.00647	0.02511	0.04715
43	0.09096	0.13696	0.08260	0.03077	0.01949	0.10782	0.04623	0.17234	0.12038	0.10963	0.01514	0.01548	0.01118	0.00688	0.00575	0.00186	0.00727	0.00524	0.00483	0.00919
44	0.00847	0.00655	0.00934	0.00989	0.01100	0.00610	0.04634	0.01016	0.01306	0.01714	0.05395	0.52910	0.12905	0.01809	0.00806	0.00253	0.00428	0.10566	0.00576	0.00548
45	0.01454	0.35393	0.43900	0.01498	0.02266	0.01918	0.01804	0.01962	0.01318	0.01787	0.01028	0.01201	0.00808	0.00577	0.00519	0.00173	0.00826	0.00413	0.00269	0.00885
46	0.01732	0.01659	0.02425	0.07228	0.52472	0.10168	0.05051	0.03893	0.01540	0.05934	0.01248	0.01564	0.01005	0.00595	0.00628	0.00188	0.00806	0.00559	0.00348	0.00956
47	0.01570	0.12851	0.07132	0.03353	0.58773	0.01652	0.01845	0.01944	0.01415	0.01984	0.01144	0.01475	0.00964	0.00564	0.00594	0.00181	0.00754	0.00526	0.00305	0.00973
48	0.01382	0.01483	0.03114	0.02310	0.02839	0.01398	0.55389	0.01862	0.01508	0.02038	0.05713	0.02814	0.01706	0.00786	0.00770	0.00226	0.00943	0.12535	0.00387	0.00795
49	0.01583	0.41809	0.20385	0.01294	0.01862	0.08271	0.01352	0.01944	0.02879	0.03413	0.02795	0.07357	0.01236	0.00712	0.00520	0.00168	0.00742	0.00527	0.00330	0.00820
50	0.01905	0.01474	0.02011	0.02291	0.27925	0.05674	0.05082	0.08792	0.15117	0.16497	0.03515	0.03823	0.01486	0.00739	0.00645	0.00197	0.00678	0.00655	0.00516	0.00980
51	0.01289	0.01211	0.01704	0.01482	0.01550	0.01586	0.03291	0.04423	0.01145	0.01691	0.03747	0.09246	0.03904	0.01556	0.09162	0.00340	0.50899	0.00743	0.00355	0.00676
52	0.01241	0.01197	0.02082	0.65363	0.06228	0.01446	0.07731	0.01663	0.01284	0.01666	0.01133	0.01680	0.00860	0.00639	0.00690	0.00213	0.03292	0.00579	0.00286	0.00726
53	0.01420	0.07403	0.62553	0.01700	0.02562	0.01498	0.02124	0.02127	0.03808	0.07185	0.01271	0.01415	0.00898	0.00621	0.00595	0.00197	0.00879	0.00482	0.00318	0.00943
54	0.02192	0.01893	0.01636	0.01498	0.05560	0.28114	0.01107	0.09845	0.13901	0.19014	0.05137	0.04107	0.01563	0.00796	0.00625	0.00189	0.00764	0.00616	0.00544	0.00898
55	0.00796	0.00575	0.00753	0.00855	0.00922	0.00532	0.00586	0.00945	0.01338	0.01803	0.17160	0.59877	0.07832	0.01836	0.00795	0.00244	0.00353	0.01654	0.00610	0.00532
56	0.10841	0.06636	0.07856	0.01808	0.04681	0.25834	0.19150	0.04117	0.03784	0.05860	0.02837	0.01481	0.01043	0.00633	0.00603	0.00187	0.00913	0.00537	0.00375	0.00823
57	0.01556	0.01590	0.05933	0.03796	0.70429	0.01506	0.01965	0.01950	0.01440	0.02070	0.01191	0.01559	0.00995	0.00567	0.00627	0.00189	0.00762	0.00561	0.00312	0.01002
58	0.00797	0.00575	0.00771	0.00888	0.00938	0.00559	0.00606	0.00920	0.01181	0.01585	0.03254	0.62025	0.05448	0.05619	0.11233	0.00378	0.00562	0.01598	0.00546	0.00517
59	0.04245	0.01715	0.06725	0.06411	0.07893	0.01585	0.55527	0.01984	0.01445	0.02026	0.01236	0.01651	0.00939	0.00564	0.00755	0.00213	0.03226	0.00694	0.00317	0.00851
60	0.01667	0.05230	0.02887	0.05620	0.02704	0.07892	0.39556	0.04275	0.01517	0.07735	0.01400	0.01918	0.01121	0.00705	0.00851	0.00215	0.09131	0.04372	0.00374	0.00829
61	0.01532	0.05568	0.02986	0.02152	0.02674	0.06397	0.46272	0.05808	0.03349	0.02127	0.07300	0.02318	0.01595	0.00721	0.00721	0.00210	0.00919	0.06138	0.00395	0.00819
62	0.00893	0.00610	0.00770	0.00805	0.00849	0.00619	0.00528	0.00963	0.01038	0.01412	0.02436	0.21019	0.05589	0.36030	0.16671	0.05067	0.00747	0.01072	0.02426	0.00457
63	0.08438	0.01674	0.05522	0.02325	0.02924	0.01560	0.55498	0.06287	0.01562	0.02247	0.04631	0.01771	0.01176	0.00591	0.00706	0.00210	0.00957	0.00713	0.00362	0.00846
64	0.01436	0.01526	0.05843	0.02047	0.08146	0.03921	0.30311	0.06832	0.04038	0.02206	0.14221	0.06314	0.02054	0.00835	0.00830	0.00213	0.07179	0.00807	0.00430	0.00811
65	0.01931	0.01228	0.08800	0.01314	0.01744	0.00957	0.08506	0.02240	0.01586	0.36708	0.02620	0.13990	0.04325	0.01073	0.00707	0.00221	0.00609	0.09943	0.00622	0.00875

[dist]
# distance from previous block
# <min> <max>
4	11

# created by:
# /home/cegg/simao/soft/augustus-3.2.1/scripts/msa2prfl.pl ./align_prep/EOG090W0MLJ.fa
