[name]
unknown

[dist]
# distance from previous block
# <min> <max>
0	221

[block]
# block no. 0 follows, 29 sequences, length 33
# corresponding to MSA columns:
# 379-411
name=unknown_A
#
# <colnr> <probs for GDERKNQSTAVLIFYWHMCP>
#	G	D	E	R	K	N	Q	S	T	A	V	L	I	F	Y	W	H	M	C	P
0	0.01044	0.00745	0.01016	0.01139	0.01252	0.00741	0.00903	0.01281	0.01488	0.01975	0.07044	0.24823	0.04066	0.09245	0.07057	0.00414	0.00680	0.33854	0.00620	0.00613
1	0.00968	0.00766	0.00876	0.00841	0.01056	0.00694	0.00633	0.01316	0.05265	0.02419	0.36829	0.05911	0.36654	0.01596	0.00835	0.00233	0.00359	0.01365	0.00723	0.00662
2	0.01299	0.01172	0.04483	0.01140	0.01447	0.01129	0.00922	0.02280	0.27608	0.02763	0.33760	0.04306	0.12264	0.01274	0.00788	0.00233	0.00459	0.01093	0.00724	0.00855
3	0.01618	0.01791	0.03841	0.02802	0.03456	0.01685	0.60062	0.02186	0.01676	0.02263	0.01716	0.02642	0.01437	0.00762	0.00857	0.00250	0.01136	0.08502	0.00395	0.00924
4	0.01405	0.07154	0.59513	0.01855	0.02780	0.01601	0.02328	0.02143	0.01560	0.02294	0.09273	0.01928	0.01579	0.00764	0.00684	0.00221	0.00954	0.00607	0.00357	0.01001
5	0.01904	0.75404	0.03731	0.01218	0.01828	0.02818	0.01218	0.02132	0.01447	0.01675	0.00990	0.01142	0.00914	0.00609	0.00457	0.00152	0.00761	0.00381	0.00305	0.00914
6	0.01771	0.01530	0.01610	0.01449	0.01852	0.01771	0.01127	0.03784	0.69247	0.02979	0.02898	0.02657	0.02174	0.00966	0.00725	0.00242	0.00564	0.00805	0.00725	0.01127
7	0.00890	0.00723	0.00788	0.00772	0.00991	0.00622	0.00579	0.01115	0.01737	0.02193	0.25439	0.06409	0.51851	0.01703	0.00841	0.00236	0.00354	0.01441	0.00697	0.00622
8	0.01036	0.00690	0.00777	0.00777	0.00777	0.00690	0.00431	0.01036	0.01036	0.01381	0.02244	0.04660	0.02589	0.74975	0.03624	0.00690	0.00690	0.01036	0.00431	0.00431
9	0.00971	0.00726	0.00900	0.00857	0.01041	0.00656	0.00643	0.01272	0.01928	0.02647	0.56105	0.05661	0.20902	0.01533	0.00840	0.00228	0.00341	0.01336	0.00756	0.00656
10	0.02590	0.01986	0.02372	0.01793	0.02380	0.02162	0.08925	0.60668	0.03158	0.04237	0.01679	0.01734	0.01196	0.00826	0.00727	0.00217	0.00831	0.00664	0.00672	0.01182
11	0.80005	0.01377	0.01047	0.00936	0.01377	0.01597	0.00771	0.02093	0.01212	0.03195	0.00991	0.01157	0.00771	0.00661	0.00441	0.00220	0.00551	0.00386	0.00441	0.00771
12	0.01147	0.00820	0.01147	0.01311	0.01475	0.00820	0.01147	0.01475	0.01639	0.02131	0.03770	0.08032	0.04098	0.01967	0.00984	0.00328	0.00656	0.65741	0.00656	0.00656
13	0.02196	0.31128	0.02632	0.01452	0.01981	0.21294	0.01238	0.13992	0.04983	0.02321	0.01264	0.01387	0.01040	0.00693	0.00572	0.00170	0.00872	0.00472	0.00426	0.09887
14	0.01556	0.01398	0.05039	0.01142	0.01754	0.01070	0.00962	0.02085	0.08991	0.04565	0.01529	0.01676	0.01217	0.00604	0.00562	0.00132	0.00554	0.00487	0.02952	0.61725
15	0.04336	0.08620	0.12319	0.01812	0.06782	0.09691	0.01540	0.26780	0.06237	0.09163	0.01605	0.01685	0.01183	0.00802	0.00747	0.00214	0.04272	0.00590	0.00545	0.01077
16	0.01378	0.01069	0.01194	0.01115	0.01396	0.01109	0.00854	0.07170	0.22385	0.04632	0.15216	0.14520	0.20279	0.01457	0.00806	0.00245	0.00474	0.03151	0.00711	0.00836
17	0.02179	0.08281	0.02011	0.01526	0.02002	0.07889	0.01234	0.25750	0.35011	0.03282	0.02172	0.02084	0.01627	0.00877	0.00690	0.00219	0.00717	0.00683	0.00654	0.01112
18	0.01428	0.03683	0.71286	0.02030	0.03082	0.01654	0.02631	0.02255	0.01503	0.02255	0.01278	0.01503	0.00902	0.00677	0.00677	0.00226	0.01052	0.00526	0.00301	0.01052
19	0.07996	0.17196	0.31790	0.01635	0.02310	0.01788	0.03603	0.05535	0.01552	0.02266	0.01622	0.07575	0.01480	0.00925	0.00741	0.00228	0.04274	0.06165	0.00395	0.00924
20	0.01812	0.34462	0.35036	0.01602	0.02412	0.02096	0.01860	0.02324	0.01533	0.08941	0.01308	0.01440	0.00994	0.00668	0.00585	0.00193	0.00881	0.00482	0.00361	0.01008
21	0.00851	0.00715	0.00740	0.00748	0.00972	0.00603	0.00556	0.01035	0.01624	0.01961	0.10026	0.11436	0.62666	0.01816	0.00846	0.00243	0.00363	0.01528	0.00667	0.00603
22	0.01911	0.01740	0.11719	0.05174	0.02396	0.05079	0.18296	0.05430	0.01754	0.15065	0.01897	0.02112	0.01376	0.00750	0.00678	0.00210	0.00806	0.00686	0.21986	0.00934
23	0.01743	0.05474	0.16547	0.02400	0.03112	0.04636	0.36934	0.05690	0.11482	0.02435	0.01599	0.01877	0.01196	0.00686	0.00761	0.00230	0.01044	0.00730	0.00416	0.01007
24	0.01492	0.01466	0.02070	0.05000	0.01940	0.02022	0.01505	0.01665	0.01121	0.01721	0.01133	0.05057	0.01150	0.01447	0.05245	0.00344	0.63832	0.00696	0.00331	0.00764
25	0.01036	0.00690	0.00777	0.00777	0.00777	0.00690	0.00431	0.01036	0.01036	0.01381	0.02244	0.04660	0.02589	0.74975	0.03624	0.00690	0.00690	0.01036	0.00431	0.00431
26	0.80005	0.01377	0.01047	0.00936	0.01377	0.01597	0.00771	0.02093	0.01212	0.03195	0.00991	0.01157	0.00771	0.00661	0.00441	0.00220	0.00551	0.00386	0.00441	0.00771
27	0.02994	0.01534	0.01852	0.01420	0.01979	0.01525	0.01173	0.30131	0.02578	0.43603	0.02356	0.02129	0.01535	0.00870	0.00715	0.00218	0.00679	0.00685	0.00812	0.01211
28	0.00843	0.00715	0.00728	0.00739	0.00967	0.00600	0.00549	0.01020	0.01606	0.01917	0.06993	0.11382	0.65857	0.01832	0.00846	0.00244	0.00364	0.01538	0.00661	0.00600
29	0.80005	0.01377	0.01047	0.00936	0.01377	0.01597	0.00771	0.02093	0.01212	0.03195	0.00991	0.01157	0.00771	0.00661	0.00441	0.00220	0.00551	0.00386	0.00441	0.00771
30	0.00941	0.00749	0.00914	0.05673	0.01272	0.00691	0.00700	0.01193	0.01729	0.02256	0.30141	0.13401	0.34476	0.01647	0.00840	0.00239	0.00397	0.01421	0.00684	0.00638
31	0.00842	0.00721	0.00721	0.00721	0.00962	0.00601	0.00541	0.01022	0.01623	0.01924	0.07213	0.06853	0.70244	0.01803	0.00842	0.00240	0.00361	0.01503	0.00661	0.00601
32	0.01762	0.01692	0.02890	0.04371	0.70533	0.01692	0.02185	0.02185	0.01621	0.02326	0.01339	0.01762	0.01128	0.00634	0.00705	0.00211	0.00846	0.00634	0.00352	0.01128

[dist]
# distance from previous block
# <min> <max>
0	18

[block]
# block no. 1 follows, 29 sequences, length 44
# corresponding to MSA columns:
# 430-473
name=unknown_B
#
# <colnr> <probs for GDERKNQSTAVLIFYWHMCP>
#	G	D	E	R	K	N	Q	S	T	A	V	L	I	F	Y	W	H	M	C	P
0	0.01736	0.01762	0.02009	0.05129	0.17915	0.14573	0.04057	0.02419	0.16555	0.02232	0.02469	0.03046	0.08732	0.01033	0.00869	0.00238	0.06280	0.07530	0.00496	0.00922
1	0.01904	0.75404	0.03731	0.01218	0.01828	0.02818	0.01218	0.02132	0.01447	0.01675	0.00990	0.01142	0.00914	0.00609	0.00457	0.00152	0.00761	0.00381	0.00305	0.00914
2	0.01737	0.01666	0.02844	0.08609	0.66496	0.01685	0.02173	0.02163	0.01609	0.02295	0.01335	0.01771	0.01117	0.00639	0.00705	0.00213	0.00852	0.00634	0.00350	0.01107
3	0.01459	0.01382	0.02342	0.54461	0.22816	0.01612	0.02034	0.01919	0.01478	0.01958	0.01286	0.01861	0.00998	0.00691	0.00710	0.00230	0.00921	0.00633	0.00326	0.00883
4	0.01942	0.01614	0.01706	0.01484	0.01917	0.01851	0.01168	0.15513	0.57240	0.03254	0.02682	0.02484	0.01998	0.00946	0.00722	0.00236	0.00604	0.00775	0.00722	0.01142
5	0.40389	0.01523	0.01804	0.01513	0.01952	0.06075	0.14502	0.04202	0.01516	0.02739	0.01685	0.02753	0.01542	0.00929	0.00655	0.00244	0.00759	0.13943	0.00473	0.00804
6	0.01717	0.01646	0.02808	0.11863	0.63396	0.01680	0.02163	0.02146	0.01600	0.02271	0.01331	0.01777	0.01108	0.00643	0.00706	0.00214	0.00857	0.00634	0.00349	0.01091
7	0.01429	0.01224	0.01500	0.07631	0.01949	0.00988	0.00955	0.01754	0.01475	0.02249	0.01469	0.04244	0.01306	0.00667	0.00578	0.00134	0.00568	0.03495	0.00431	0.65954
8	0.01736	0.01665	0.02843	0.08646	0.66461	0.01685	0.02172	0.02163	0.01609	0.02295	0.01335	0.01771	0.01117	0.00639	0.00705	0.00213	0.00852	0.00634	0.00350	0.01107
9	0.00877	0.00723	0.00771	0.00759	0.00984	0.00616	0.00569	0.01091	0.01708	0.02124	0.20774	0.06522	0.56559	0.01728	0.00841	0.00237	0.00355	0.01456	0.00688	0.00616
10	0.01237	0.00618	0.00928	0.00928	0.00928	0.00618	0.00618	0.00928	0.00928	0.01237	0.01237	0.02165	0.01237	0.02474	0.02783	0.79283	0.00618	0.00618	0.00309	0.00309
11	0.01029	0.00755	0.00997	0.01126	0.01276	0.00724	0.00920	0.01287	0.01589	0.02053	0.06777	0.22446	0.15507	0.01979	0.00938	0.00301	0.00541	0.38463	0.00662	0.00630
12	0.01017	0.00763	0.01144	0.01144	0.01272	0.00890	0.00890	0.01272	0.01144	0.01653	0.01907	0.02797	0.01780	0.05340	0.72153	0.01144	0.01907	0.00763	0.00381	0.00636
13	0.01848	0.01926	0.02555	0.11558	0.47490	0.14897	0.01945	0.02222	0.01674	0.02143	0.01517	0.01888	0.03788	0.00708	0.00699	0.00210	0.00921	0.00635	0.00363	0.01012
14	0.01943	0.67777	0.03557	0.01284	0.01855	0.07571	0.01241	0.02166	0.01473	0.01681	0.00996	0.01167	0.00915	0.00641	0.00537	0.00160	0.03427	0.00395	0.00309	0.00903
15	0.01762	0.01692	0.02890	0.04371	0.70533	0.01692	0.02185	0.02185	0.01621	0.02326	0.01339	0.01762	0.01128	0.00634	0.00705	0.00211	0.00846	0.00634	0.00352	0.01128
16	0.01970	0.06764	0.13951	0.01541	0.02042	0.18644	0.03380	0.06428	0.05935	0.10749	0.09530	0.05077	0.06267	0.00997	0.00718	0.00218	0.00837	0.03492	0.00542	0.00918
17	0.01810	0.01549	0.01632	0.01457	0.01867	0.01790	0.01137	0.06492	0.66475	0.03042	0.02848	0.02617	0.02133	0.00961	0.00724	0.00240	0.00573	0.00798	0.00724	0.01131
18	0.80005	0.01377	0.01047	0.00936	0.01377	0.01597	0.00771	0.02093	0.01212	0.03195	0.00991	0.01157	0.00771	0.00661	0.00441	0.00220	0.00551	0.00386	0.00441	0.00771
19	0.01542	0.01410	0.02263	0.05563	0.31232	0.04191	0.09443	0.01903	0.01642	0.04537	0.09142	0.16594	0.02531	0.01098	0.00785	0.00236	0.00757	0.03732	0.00488	0.00911
20	0.07160	0.01685	0.01753	0.01354	0.01914	0.05256	0.01103	0.30947	0.02315	0.03289	0.01536	0.01815	0.01222	0.00749	0.00627	0.00174	0.00686	0.03181	0.00557	0.32678
21	0.01762	0.01692	0.02890	0.04371	0.70533	0.01692	0.02185	0.02185	0.01621	0.02326	0.01339	0.01762	0.01128	0.00634	0.00705	0.00211	0.00846	0.00634	0.00352	0.01128
22	0.80005	0.01377	0.01047	0.00936	0.01377	0.01597	0.00771	0.02093	0.01212	0.03195	0.00991	0.01157	0.00771	0.00661	0.00441	0.00220	0.00551	0.00386	0.00441	0.00771
23	0.01428	0.03683	0.71286	0.02030	0.03082	0.01654	0.02631	0.02255	0.01503	0.02255	0.01278	0.01503	0.00902	0.00677	0.00677	0.00226	0.01052	0.00526	0.00301	0.01052
24	0.03001	0.01155	0.01550	0.01204	0.01715	0.01007	0.00990	0.03282	0.01982	0.63938	0.02759	0.02448	0.01769	0.00876	0.00693	0.00215	0.00577	0.00711	0.08973	0.01155
25	0.01771	0.01530	0.01610	0.01449	0.01852	0.01771	0.01127	0.03784	0.69247	0.02979	0.02898	0.02657	0.02174	0.00966	0.00725	0.00242	0.00564	0.00805	0.00725	0.01127
26	0.00997	0.00727	0.00937	0.00885	0.01057	0.00667	0.00663	0.01323	0.01990	0.02795	0.66073	0.05419	0.10841	0.01478	0.00840	0.00225	0.00338	0.01302	0.00776	0.00667
27	0.01771	0.01530	0.01610	0.01449	0.01852	0.01771	0.01127	0.03784	0.69247	0.02979	0.02898	0.02657	0.02174	0.00966	0.00725	0.00242	0.00564	0.00805	0.00725	0.01127
28	0.01017	0.00763	0.01144	0.01144	0.01272	0.00890	0.00890	0.01272	0.01144	0.01653	0.01907	0.02797	0.01780	0.05340	0.72153	0.01144	0.01907	0.00763	0.00381	0.00636
29	0.01834	0.64921	0.13605	0.01337	0.02011	0.02647	0.01425	0.02150	0.01455	0.01760	0.01032	0.01195	0.00912	0.00619	0.00489	0.00163	0.00804	0.00402	0.00304	0.00934
30	0.01904	0.75404	0.03731	0.01218	0.01828	0.02818	0.01218	0.02132	0.01447	0.01675	0.00990	0.01142	0.00914	0.00609	0.00457	0.00152	0.00761	0.00381	0.00305	0.00914
31	0.02278	0.01553	0.02249	0.01684	0.02268	0.01485	0.15654	0.17100	0.06823	0.22326	0.02163	0.02165	0.03814	0.00791	0.00715	0.00206	0.00749	0.00710	0.00632	0.14635
32	0.02431	0.05682	0.04698	0.01745	0.02115	0.56189	0.01365	0.05289	0.01925	0.01847	0.01195	0.01536	0.01038	0.05573	0.00911	0.00224	0.04523	0.00511	0.00378	0.00825
33	0.03080	0.01268	0.01672	0.01296	0.01838	0.01147	0.01066	0.06463	0.06460	0.63554	0.02764	0.02406	0.01764	0.00886	0.00716	0.00221	0.00611	0.00718	0.00863	0.01206
34	0.03195	0.01212	0.01652	0.01267	0.01818	0.01047	0.01047	0.03470	0.02038	0.71026	0.02809	0.02424	0.01763	0.00881	0.00716	0.00220	0.00606	0.00716	0.00881	0.01212
35	0.01624	0.01550	0.02721	0.43696	0.04206	0.01728	0.20586	0.10896	0.01756	0.02310	0.01375	0.01879	0.01022	0.00700	0.00748	0.00235	0.00998	0.00693	0.00382	0.00896
36	0.02707	0.01995	0.02137	0.01638	0.02208	0.02208	0.01353	0.68159	0.03348	0.04488	0.01710	0.01710	0.01211	0.00855	0.00712	0.00214	0.00784	0.00641	0.00712	0.01211
37	0.03165	0.01260	0.01683	0.01290	0.01842	0.01119	0.01066	0.07484	0.02119	0.66897	0.02741	0.02379	0.01728	0.00880	0.00716	0.00220	0.00617	0.00711	0.00871	0.01212
38	0.00842	0.00721	0.00721	0.00721	0.00962	0.00601	0.00541	0.01022	0.01623	0.01924	0.07213	0.06853	0.70244	0.01803	0.00842	0.00240	0.00361	0.01503	0.00661	0.00601
39	0.05301	0.14977	0.09464	0.02082	0.10992	0.12518	0.10480	0.13351	0.01962	0.07427	0.03881	0.01720	0.01276	0.00730	0.00664	0.00204	0.00908	0.00601	0.00459	0.01004
40	0.01237	0.00618	0.00928	0.00928	0.00928	0.00618	0.00618	0.00928	0.00928	0.01237	0.01237	0.02165	0.01237	0.02474	0.02783	0.79283	0.00618	0.00618	0.00309	0.00309
41	0.01036	0.00690	0.00777	0.00777	0.00777	0.00690	0.00431	0.01036	0.01036	0.01381	0.02244	0.04660	0.02589	0.74975	0.03624	0.00690	0.00690	0.01036	0.00431	0.00431
42	0.01951	0.70935	0.03625	0.01257	0.01851	0.07118	0.01228	0.02176	0.01482	0.01679	0.00997	0.01151	0.00914	0.00617	0.00468	0.00154	0.00794	0.00386	0.00308	0.00908
43	0.64634	0.03921	0.04021	0.01097	0.01564	0.08457	0.00935	0.04273	0.01376	0.03013	0.01036	0.01200	0.00809	0.00673	0.00478	0.00215	0.00655	0.00406	0.00433	0.00806

[dist]
# distance from previous block
# <min> <max>
0	10

[block]
# block no. 2 follows, 29 sequences, length 32
# corresponding to MSA columns:
# 484-515
name=unknown_C
#
# <colnr> <probs for GDERKNQSTAVLIFYWHMCP>
#	G	D	E	R	K	N	Q	S	T	A	V	L	I	F	Y	W	H	M	C	P
0	0.01723	0.01661	0.02865	0.10406	0.62653	0.01686	0.04224	0.02156	0.01606	0.02280	0.01336	0.01779	0.01111	0.00640	0.00710	0.00215	0.00866	0.00641	0.00350	0.01093
1	0.01679	0.41531	0.35636	0.01601	0.02420	0.02268	0.01885	0.02190	0.01474	0.01949	0.01126	0.01313	0.00908	0.00641	0.00561	0.00187	0.00899	0.00449	0.00303	0.00979
2	0.01027	0.00687	0.00779	0.00788	0.00790	0.00685	0.00443	0.01033	0.01052	0.01403	0.02330	0.08260	0.02698	0.71226	0.03484	0.00670	0.00676	0.01086	0.00443	0.00439
3	0.05713	0.02412	0.02334	0.08133	0.29491	0.33561	0.01720	0.02437	0.01751	0.02046	0.01198	0.01522	0.00997	0.00705	0.00714	0.00204	0.03222	0.00543	0.00359	0.00939
4	0.77168	0.01451	0.01082	0.00969	0.01407	0.04184	0.00793	0.02121	0.01241	0.03142	0.00995	0.01161	0.00777	0.00664	0.00448	0.00219	0.00578	0.00388	0.00438	0.00773
5	0.02388	0.01627	0.01697	0.08291	0.02086	0.10663	0.01160	0.20288	0.05281	0.21483	0.02051	0.02185	0.01494	0.04515	0.00820	0.00232	0.00740	0.00667	0.11328	0.01003
6	0.01603	0.01349	0.01623	0.01570	0.07332	0.01445	0.04125	0.05215	0.37733	0.04932	0.06299	0.03581	0.17880	0.01128	0.00759	0.00236	0.00570	0.00964	0.00670	0.00986
7	0.00862	0.00722	0.00750	0.00743	0.00974	0.00610	0.00557	0.01062	0.01672	0.02039	0.14987	0.06663	0.62399	0.01760	0.00841	0.00238	0.00358	0.01476	0.00676	0.00610
8	0.01777	0.01683	0.02829	0.07428	0.65117	0.01705	0.02146	0.04497	0.01673	0.02379	0.01349	0.01767	0.01123	0.00646	0.00706	0.00213	0.00848	0.00635	0.00364	0.01115
9	0.01008	0.00728	0.00952	0.00896	0.01064	0.00672	0.00672	0.01344	0.02016	0.02855	0.70158	0.05319	0.06719	0.01456	0.00840	0.00224	0.00336	0.01288	0.00784	0.00672
10	0.01840	0.01903	0.03702	0.02683	0.03358	0.01859	0.53089	0.12194	0.06934	0.02661	0.01589	0.01944	0.01181	0.00665	0.00813	0.00236	0.01091	0.00808	0.00440	0.01010
11	0.00975	0.00714	0.00938	0.01078	0.01198	0.00677	0.00836	0.01188	0.01511	0.01958	0.04353	0.38108	0.14215	0.02063	0.00928	0.00297	0.00501	0.27191	0.00659	0.00612
12	0.03195	0.01212	0.01652	0.01267	0.01818	0.01047	0.01047	0.03470	0.02038	0.71026	0.02809	0.02424	0.01763	0.00881	0.00716	0.00220	0.00606	0.00716	0.00881	0.01212
13	0.01720	0.01750	0.03073	0.02325	0.02907	0.01788	0.38855	0.02935	0.31097	0.02585	0.02075	0.02241	0.01556	0.00760	0.00790	0.00241	0.00923	0.00825	0.00519	0.01033
14	0.01583	0.01544	0.02507	0.22298	0.24456	0.01815	0.06566	0.02034	0.04759	0.02038	0.01286	0.01796	0.01071	0.00847	0.01191	0.00251	0.22031	0.00654	0.00350	0.00922
15	0.01680	0.01675	0.02771	0.14067	0.42103	0.05237	0.11767	0.02093	0.01578	0.02144	0.01398	0.01996	0.01192	0.06154	0.00939	0.00254	0.00925	0.00686	0.00355	0.00985
16	0.02304	0.25429	0.02564	0.05081	0.02181	0.22482	0.01329	0.22499	0.02180	0.02562	0.01293	0.01462	0.01043	0.00920	0.03546	0.00225	0.00975	0.00511	0.00451	0.00962
17	0.02549	0.06608	0.02081	0.01745	0.02152	0.53574	0.01343	0.11145	0.08165	0.02197	0.01333	0.01454	0.01066	0.00764	0.00649	0.00191	0.01131	0.00509	0.00439	0.00906
18	0.01265	0.00744	0.01036	0.01002	0.01050	0.00790	0.00698	0.04476	0.01101	0.01495	0.01473	0.02518	0.01470	0.11511	0.12913	0.52242	0.02738	0.00691	0.00355	0.00430
19	0.15151	0.01728	0.02418	0.01932	0.04285	0.05907	0.21901	0.18322	0.02013	0.05244	0.03340	0.02410	0.01523	0.04651	0.00876	0.00255	0.00874	0.05718	0.00515	0.00937
20	0.52006	0.01623	0.01559	0.01550	0.09330	0.06871	0.03687	0.08597	0.01560	0.03041	0.01229	0.01571	0.01000	0.00728	0.00547	0.00221	0.00690	0.02872	0.00457	0.00861
21	0.58181	0.01608	0.01380	0.03989	0.06759	0.07819	0.01014	0.05445	0.03655	0.03009	0.01135	0.01316	0.00884	0.00687	0.00510	0.00217	0.00663	0.00446	0.00446	0.00836
22	0.31889	0.01335	0.01759	0.41030	0.07510	0.01595	0.01522	0.01948	0.01354	0.02384	0.01164	0.01602	0.00891	0.00687	0.00606	0.00229	0.00788	0.00537	0.00367	0.00804
23	0.62912	0.01383	0.01202	0.04753	0.01638	0.01596	0.00908	0.06165	0.04544	0.03130	0.01303	0.01706	0.01069	0.00767	0.00517	0.00228	0.00592	0.04303	0.00477	0.00809
24	0.60463	0.01507	0.01310	0.13703	0.02057	0.06819	0.01028	0.02101	0.01309	0.02846	0.01048	0.01296	0.00813	0.00675	0.00503	0.00221	0.00675	0.00434	0.00413	0.00779
25	0.57723	0.01345	0.01321	0.17719	0.02211	0.01561	0.01055	0.02014	0.01275	0.02831	0.01069	0.01345	0.00827	0.00666	0.00508	0.00218	0.00642	0.00445	0.00411	0.04814
26	0.47943	0.01403	0.01514	0.20579	0.05941	0.01638	0.01212	0.05812	0.03640	0.02847	0.01186	0.01467	0.00908	0.00694	0.00552	0.00225	0.00686	0.00493	0.00427	0.00831
27	0.49188	0.01442	0.01489	0.14546	0.05694	0.01647	0.01139	0.09892	0.01536	0.03016	0.01156	0.01403	0.00886	0.00687	0.00540	0.00218	0.00666	0.00476	0.00445	0.03936
28	0.52550	0.01307	0.01217	0.09207	0.01753	0.01504	0.00903	0.07223	0.01381	0.02861	0.01275	0.01830	0.01109	0.12223	0.00988	0.00295	0.00637	0.00535	0.00447	0.00756
29	0.51624	0.01507	0.01298	0.07365	0.01778	0.06770	0.00944	0.07353	0.01459	0.02890	0.01193	0.01569	0.00990	0.06638	0.00760	0.00252	0.00669	0.00487	0.00445	0.04011
30	0.61199	0.01396	0.01313	0.05223	0.06748	0.01587	0.00991	0.05166	0.01391	0.04706	0.01224	0.01581	0.00988	0.00730	0.00517	0.00225	0.00611	0.03121	0.00459	0.00825
31	0.57674	0.04783	0.01315	0.06049	0.01697	0.01576	0.00930	0.04261	0.01359	0.02939	0.01276	0.01804	0.01091	0.00768	0.00518	0.00221	0.00604	0.05741	0.00451	0.04941

[dist]
# distance from previous block
# <min> <max>
25	76

[block]
# block no. 3 follows, 29 sequences, length 8
# corresponding to MSA columns:
# 692,693,696,699,700,724,725,729
name=unknown_D
#
# <colnr> <probs for GDERKNQSTAVLIFYWHMCP>
#	G	D	E	R	K	N	Q	S	T	A	V	L	I	F	Y	W	H	M	C	P
0	0.01345	0.01266	0.02136	0.73264	0.04904	0.01582	0.01978	0.01819	0.01424	0.01819	0.01266	0.01898	0.00949	0.00712	0.00712	0.00237	0.00949	0.00633	0.00316	0.00791
1	0.25379	0.20682	0.33311	0.01498	0.02255	0.01924	0.01718	0.02176	0.01401	0.02397	0.01120	0.01309	0.00865	0.00655	0.00551	0.00206	0.00828	0.00448	0.00344	0.00933
2	0.73228	0.01362	0.01100	0.00966	0.01416	0.01549	0.00795	0.02215	0.01285	0.09180	0.01152	0.01269	0.00859	0.00680	0.00465	0.00220	0.00556	0.00415	0.00480	0.00810
3	0.01904	0.75404	0.03731	0.01218	0.01828	0.02818	0.01218	0.02132	0.01447	0.01675	0.00990	0.01142	0.00914	0.00609	0.00457	0.00152	0.00761	0.00381	0.00305	0.00914
4	0.01237	0.00618	0.00928	0.00928	0.00928	0.00618	0.00618	0.00928	0.00928	0.01237	0.01237	0.02165	0.01237	0.02474	0.02783	0.79283	0.00618	0.00618	0.00309	0.00309
5	0.01576	0.01556	0.02344	0.36247	0.30715	0.06631	0.01931	0.01991	0.01557	0.02023	0.01639	0.02097	0.05168	0.00748	0.00712	0.00223	0.00897	0.00673	0.00355	0.00917
6	0.01327	0.00664	0.00664	0.00664	0.00830	0.00664	0.00498	0.01659	0.01493	0.02655	0.02323	0.02655	0.01825	0.00830	0.00498	0.00166	0.00332	0.00664	0.78928	0.00664
7	0.07407	0.01466	0.01549	0.01217	0.01752	0.04458	0.00967	0.10276	0.11822	0.05647	0.01721	0.04960	0.01408	0.00743	0.00603	0.00164	0.00598	0.00589	0.00532	0.42121

[dist]
# distance from previous block
# <min> <max>
0	2

[block]
# block no. 4 follows, 29 sequences, length 29
# corresponding to MSA columns:
# 732-741,744-762
name=unknown_E
#
# <colnr> <probs for GDERKNQSTAVLIFYWHMCP>
#	G	D	E	R	K	N	Q	S	T	A	V	L	I	F	Y	W	H	M	C	P
0	0.04972	0.26904	0.21870	0.01581	0.02280	0.04981	0.01635	0.20254	0.04614	0.02714	0.01344	0.01462	0.01035	0.00716	0.00605	0.00197	0.00854	0.00512	0.00438	0.01033
1	0.01327	0.00664	0.00664	0.00664	0.00830	0.00664	0.00498	0.01659	0.01493	0.02655	0.02323	0.02655	0.01825	0.00830	0.00498	0.00166	0.00332	0.00664	0.78928	0.00664
2	0.49803	0.01924	0.01446	0.01253	0.01700	0.17120	0.01003	0.13618	0.01755	0.03100	0.01139	0.01280	0.00879	0.00710	0.00531	0.00211	0.00751	0.00445	0.00471	0.00859
3	0.02660	0.03394	0.02018	0.01834	0.02201	0.72116	0.01376	0.02843	0.02018	0.01743	0.01101	0.01284	0.00917	0.00734	0.00642	0.00183	0.01284	0.00459	0.00367	0.00825
4	0.01770	0.01544	0.01724	0.01709	0.07952	0.01764	0.01221	0.03642	0.63240	0.02921	0.02760	0.02577	0.02081	0.00937	0.00723	0.00239	0.00589	0.00790	0.00692	0.01127
5	0.02660	0.03394	0.02018	0.01834	0.02201	0.72116	0.01376	0.02843	0.02018	0.01743	0.01101	0.01284	0.00917	0.00734	0.00642	0.00183	0.01284	0.00459	0.00367	0.00825
6	0.01036	0.00690	0.00777	0.00777	0.00777	0.00690	0.00431	0.01036	0.01036	0.01381	0.02244	0.04660	0.02589	0.74975	0.03624	0.00690	0.00690	0.01036	0.00431	0.00431
7	0.03006	0.01515	0.01840	0.01411	0.01969	0.01496	0.01165	0.28523	0.02545	0.45257	0.02383	0.02147	0.01549	0.00871	0.00715	0.00218	0.00675	0.00687	0.00816	0.01211
8	0.01237	0.00618	0.00928	0.00928	0.00928	0.00618	0.00618	0.00928	0.00928	0.01237	0.01237	0.02165	0.01237	0.02474	0.02783	0.79283	0.00618	0.00618	0.00309	0.00309
9	0.01345	0.01266	0.02136	0.73264	0.04904	0.01582	0.01978	0.01819	0.01424	0.01819	0.01266	0.01898	0.00949	0.00712	0.00712	0.00237	0.00949	0.00633	0.00316	0.00791
10	0.02092	0.17822	0.02855	0.02172	0.10991	0.19960	0.14308	0.05690	0.11007	0.04197	0.01496	0.01678	0.01184	0.00710	0.00666	0.00202	0.00960	0.00601	0.00430	0.00979
11	0.01650	0.02546	0.28639	0.02442	0.03236	0.04445	0.35708	0.02284	0.01629	0.04886	0.01527	0.04897	0.01191	0.00715	0.00770	0.00234	0.01092	0.00756	0.00372	0.00982
12	0.01327	0.00664	0.00664	0.00664	0.00830	0.00664	0.00498	0.01659	0.01493	0.02655	0.02323	0.02655	0.01825	0.00830	0.00498	0.00166	0.00332	0.00664	0.78928	0.00664
13	0.02660	0.03394	0.02018	0.01834	0.02201	0.72116	0.01376	0.02843	0.02018	0.01743	0.01101	0.01284	0.00917	0.00734	0.00642	0.00183	0.01284	0.00459	0.00367	0.00825
14	0.01248	0.01134	0.01869	0.58553	0.04116	0.01378	0.01710	0.01651	0.01412	0.01819	0.01807	0.16678	0.01715	0.01021	0.00752	0.00248	0.00840	0.00916	0.00387	0.00748
15	0.01327	0.00664	0.00664	0.00664	0.00830	0.00664	0.00498	0.01659	0.01493	0.02655	0.02323	0.02655	0.01825	0.00830	0.00498	0.00166	0.00332	0.00664	0.78928	0.00664
16	0.14697	0.02163	0.02330	0.02810	0.31571	0.21899	0.04146	0.07884	0.01816	0.02478	0.01250	0.01529	0.01015	0.00684	0.00650	0.00206	0.00932	0.00552	0.00401	0.00984
17	0.04624	0.02276	0.25362	0.01722	0.02419	0.01626	0.06315	0.16047	0.09885	0.16880	0.01965	0.04492	0.01433	0.00838	0.00710	0.00227	0.00821	0.00692	0.00574	0.01094
18	0.01827	0.10548	0.09678	0.01339	0.01899	0.08200	0.01195	0.10415	0.01788	0.07018	0.01731	0.11196	0.01560	0.00865	0.00634	0.00178	0.00710	0.00692	0.00489	0.28040
19	0.01691	0.01619	0.02762	0.16102	0.59357	0.01673	0.02150	0.02123	0.01588	0.02240	0.01327	0.01786	0.01097	0.00648	0.00706	0.00216	0.00864	0.00634	0.00346	0.01071
20	0.15271	0.01323	0.01436	0.01065	0.01661	0.01129	0.00858	0.05332	0.01529	0.02587	0.01241	0.01433	0.01013	0.00568	0.00522	0.00131	0.00545	0.00427	0.00440	0.61490
21	0.07838	0.21813	0.39526	0.01689	0.02492	0.05006	0.01956	0.04059	0.01543	0.04248	0.01222	0.01408	0.00930	0.00687	0.00647	0.00206	0.02912	0.00486	0.00344	0.00986
22	0.69648	0.11194	0.01403	0.00974	0.01437	0.01759	0.00830	0.02098	0.01243	0.02993	0.00991	0.01155	0.00790	0.00654	0.00443	0.00211	0.00579	0.00385	0.00423	0.00790
23	0.20302	0.11660	0.04407	0.01151	0.01595	0.01351	0.01005	0.02249	0.01625	0.21027	0.08967	0.07901	0.02286	0.01029	0.00658	0.00222	0.00593	0.07085	0.00606	0.04281
24	0.69033	0.01471	0.01131	0.01014	0.01437	0.05277	0.00821	0.04727	0.01347	0.03104	0.01167	0.04718	0.00986	0.00748	0.00485	0.00221	0.00592	0.00479	0.00458	0.00782
25	0.54632	0.01556	0.04926	0.01121	0.01596	0.01637	0.00970	0.14211	0.01639	0.03261	0.01475	0.01617	0.04246	0.00940	0.03396	0.00257	0.00665	0.00509	0.00492	0.00853
26	0.61584	0.04729	0.04665	0.01097	0.01569	0.04909	0.00951	0.06609	0.01416	0.03057	0.01088	0.01269	0.00852	0.00826	0.02771	0.00245	0.00677	0.00425	0.00441	0.00819
27	0.45161	0.09173	0.06065	0.01232	0.01743	0.05063	0.01094	0.15695	0.01744	0.03147	0.01252	0.01519	0.00998	0.00742	0.00540	0.00214	0.00689	0.02560	0.00477	0.00893
28	0.42143	0.07548	0.03565	0.03143	0.01799	0.04170	0.03343	0.10519	0.01650	0.08802	0.01471	0.04133	0.01200	0.00802	0.00570	0.00220	0.00674	0.02863	0.00504	0.00882

[dist]
# distance from previous block
# <min> <max>
37	106

# created by:
# /home/cegg/simao/soft/augustus-3.2.1/scripts/msa2prfl.pl ./align_prep/EOG090W0JKA.fa
