[name]
unknown

[dist]
# distance from previous block
# <min> <max>
0	17

[block]
# block no. 0 follows, 34 sequences, length 14
# corresponding to MSA columns:
# 17-30
name=unknown_A
#
# <colnr> <probs for GDERKNQSTAVLIFYWHMCP>
#	G	D	E	R	K	N	Q	S	T	A	V	L	I	F	Y	W	H	M	C	P
0	0.11827	0.01232	0.01428	0.01191	0.01616	0.01255	0.00979	0.13052	0.14181	0.30219	0.02273	0.02623	0.01729	0.00900	0.00645	0.00211	0.00565	0.09411	0.00661	0.04001
1	0.41146	0.03306	0.01448	0.01311	0.06914	0.04753	0.00977	0.14250	0.08415	0.09844	0.01369	0.01426	0.01013	0.00677	0.00518	0.00197	0.00596	0.00476	0.00495	0.00869
2	0.00908	0.00629	0.00753	0.00790	0.00828	0.00622	0.00506	0.00973	0.01073	0.01418	0.02683	0.17149	0.07347	0.49679	0.06367	0.00534	0.00620	0.06216	0.00454	0.00450
3	0.01993	0.01187	0.01359	0.01116	0.01484	0.04300	0.00892	0.16959	0.04726	0.26707	0.23852	0.03082	0.07500	0.01004	0.00688	0.00200	0.00521	0.00832	0.00701	0.00897
4	0.00809	0.00580	0.00755	0.00869	0.00923	0.00541	0.00584	0.00937	0.01290	0.01727	0.10846	0.62034	0.07064	0.06597	0.00968	0.00277	0.00381	0.01693	0.00599	0.00526
5	0.01461	0.01395	0.02374	0.30070	0.48235	0.01499	0.01914	0.01862	0.01406	0.01944	0.01191	0.01644	0.00965	0.00601	0.00642	0.00200	0.00802	0.00575	0.00308	0.00912
6	0.01090	0.00687	0.00869	0.00840	0.01010	0.00620	0.00617	0.01309	0.01599	0.10364	0.35027	0.20838	0.16136	0.04940	0.00879	0.00238	0.00367	0.01280	0.00663	0.00626
7	0.01562	0.01530	0.02708	0.09215	0.60049	0.01539	0.09903	0.01968	0.01464	0.02072	0.01221	0.01625	0.01006	0.00577	0.00654	0.00197	0.00812	0.00597	0.00318	0.00983
8	0.01831	0.01548	0.01554	0.01348	0.01732	0.06393	0.01066	0.19624	0.45691	0.02924	0.02270	0.02289	0.01735	0.00865	0.00650	0.00210	0.00597	0.03019	0.03661	0.00993
9	0.10836	0.01502	0.02430	0.03607	0.64973	0.01525	0.01835	0.01973	0.01428	0.02202	0.01179	0.01536	0.00986	0.00578	0.00612	0.00193	0.00737	0.00550	0.00329	0.00986
10	0.04885	0.06667	0.01901	0.10253	0.10915	0.13250	0.01287	0.18200	0.17697	0.02528	0.01643	0.05096	0.01329	0.00777	0.00622	0.00197	0.00738	0.00621	0.00482	0.00914
11	0.81856	0.01250	0.00950	0.00850	0.01250	0.01449	0.00700	0.01899	0.01100	0.02899	0.00900	0.01050	0.00700	0.00600	0.00400	0.00200	0.00500	0.00350	0.00400	0.00700
12	0.06406	0.01491	0.02848	0.02112	0.02623	0.01450	0.43973	0.01870	0.01442	0.02094	0.04652	0.02182	0.01388	0.00720	0.00835	0.00214	0.07449	0.05814	0.00372	0.10064
13	0.01641	0.01492	0.02230	0.04407	0.16034	0.09571	0.19248	0.01943	0.01457	0.10088	0.01775	0.05544	0.03896	0.10243	0.01108	0.00263	0.05725	0.02118	0.00411	0.00807

[dist]
# distance from previous block
# <min> <max>
1	2

[block]
# block no. 1 follows, 34 sequences, length 7
# corresponding to MSA columns:
# 33-39
name=unknown_B
#
# <colnr> <probs for GDERKNQSTAVLIFYWHMCP>
#	G	D	E	R	K	N	Q	S	T	A	V	L	I	F	Y	W	H	M	C	P
0	0.00891	0.00651	0.00836	0.00809	0.00955	0.00597	0.00599	0.01166	0.01745	0.02435	0.61123	0.11758	0.11195	0.01412	0.00768	0.00210	0.00313	0.01247	0.00692	0.00597
1	0.01885	0.07882	0.04345	0.05454	0.22470	0.17762	0.01472	0.14270	0.08775	0.02288	0.01341	0.01554	0.01073	0.00819	0.03036	0.00217	0.03491	0.00539	0.00406	0.00920
2	0.23865	0.27161	0.07534	0.01335	0.04589	0.10360	0.01162	0.08123	0.03730	0.02233	0.01053	0.01207	0.00862	0.00638	0.00552	0.00179	0.03809	0.00416	0.00363	0.00826
3	0.00802	0.00569	0.00745	0.00880	0.00914	0.00535	0.00579	0.00904	0.01208	0.01610	0.03410	0.69665	0.04083	0.09490	0.01069	0.00299	0.00400	0.01748	0.00579	0.00512
4	0.01919	0.07500	0.01645	0.01292	0.01667	0.13238	0.01033	0.13732	0.26171	0.09576	0.04664	0.04187	0.01783	0.00867	0.00629	0.00198	0.00646	0.03199	0.05138	0.00916
5	0.05257	0.01781	0.12568	0.01588	0.08475	0.06472	0.04458	0.12896	0.01690	0.07206	0.01300	0.01452	0.00989	0.00598	0.00568	0.00158	0.00695	0.00482	0.00425	0.30941
6	0.01603	0.07809	0.22245	0.02005	0.09366	0.06427	0.14420	0.05227	0.07224	0.04467	0.01350	0.01660	0.01067	0.03732	0.00891	0.00224	0.08441	0.00584	0.00363	0.00893

[dist]
# distance from previous block
# <min> <max>
0	1

[block]
# block no. 2 follows, 34 sequences, length 29
# corresponding to MSA columns:
# 41-48,61,70-89
name=unknown_C
#
# <colnr> <probs for GDERKNQSTAVLIFYWHMCP>
#	G	D	E	R	K	N	Q	S	T	A	V	L	I	F	Y	W	H	M	C	P
0	0.01975	0.17989	0.02148	0.01473	0.04168	0.06886	0.01192	0.27040	0.19557	0.02753	0.01576	0.01620	0.01218	0.00767	0.00713	0.00193	0.06704	0.00556	0.00509	0.00965
1	0.01601	0.01425	0.01607	0.01675	0.11299	0.03679	0.01159	0.03110	0.57050	0.02553	0.02431	0.02507	0.01898	0.00875	0.00665	0.00218	0.00569	0.04084	0.00600	0.00994
2	0.00949	0.00657	0.00805	0.00808	0.00969	0.00586	0.00590	0.01153	0.01555	0.06236	0.28951	0.25182	0.26001	0.01584	0.00773	0.00224	0.00346	0.01385	0.00651	0.00595
3	0.21412	0.01338	0.01576	0.03861	0.09116	0.01440	0.02732	0.19926	0.03355	0.11555	0.01737	0.05646	0.03576	0.04529	0.00783	0.00224	0.03487	0.00642	0.00517	0.02548
4	0.01610	0.19985	0.36718	0.01870	0.08267	0.04066	0.08589	0.02125	0.01432	0.07788	0.01227	0.01407	0.00918	0.00607	0.00586	0.00188	0.00865	0.00495	0.00328	0.00929
5	0.00785	0.00571	0.00741	0.00877	0.00931	0.00527	0.00590	0.00902	0.01259	0.01658	0.03834	0.70403	0.10565	0.01989	0.00819	0.00258	0.00371	0.01794	0.00600	0.00527
6	0.01569	0.01504	0.02567	0.09748	0.67718	0.01527	0.01968	0.01956	0.01457	0.02074	0.01210	0.01609	0.01010	0.00581	0.00640	0.00194	0.00775	0.00576	0.00317	0.00999
7	0.01825	0.07901	0.07539	0.07895	0.04554	0.08359	0.11967	0.08441	0.10212	0.12683	0.04406	0.02132	0.01492	0.00785	0.00704	0.00206	0.03228	0.04292	0.00481	0.00897
8	0.01417	0.01401	0.04370	0.16344	0.38817	0.01395	0.08531	0.01832	0.03641	0.01942	0.02823	0.02052	0.01284	0.10262	0.00989	0.00255	0.00787	0.00654	0.00341	0.00863
9	0.00789	0.00599	0.00728	0.00816	0.00919	0.00538	0.00566	0.00932	0.01356	0.01750	0.09675	0.49123	0.26179	0.01849	0.00801	0.00244	0.00355	0.01637	0.00608	0.00538
10	0.02235	0.01448	0.01680	0.01331	0.01744	0.01570	0.01091	0.37938	0.05040	0.19155	0.09119	0.02076	0.01751	0.00873	0.00789	0.00204	0.07517	0.00662	0.02779	0.00997
11	0.04208	0.06468	0.29665	0.01723	0.02394	0.01590	0.13922	0.12272	0.08943	0.06083	0.03547	0.01706	0.01217	0.00682	0.00634	0.00201	0.00813	0.00590	0.02401	0.00942
12	0.01011	0.00709	0.00939	0.03864	0.04801	0.00660	0.00728	0.01192	0.01408	0.07052	0.09447	0.39624	0.20895	0.01651	0.00778	0.00238	0.00415	0.03378	0.00597	0.00613
13	0.01758	0.01357	0.01461	0.01264	0.01632	0.01522	0.00992	0.15519	0.47000	0.06670	0.05965	0.02428	0.02004	0.03511	0.00743	0.00224	0.00535	0.00724	0.03710	0.00982
14	0.20373	0.13532	0.15635	0.01628	0.07021	0.10464	0.07354	0.08118	0.01550	0.07027	0.01183	0.01339	0.00899	0.00625	0.00550	0.00188	0.00786	0.00473	0.00385	0.00872
15	0.00796	0.00650	0.00697	0.00696	0.00886	0.00558	0.00514	0.00976	0.01503	0.01867	0.17453	0.09683	0.55709	0.04092	0.00850	0.00231	0.00336	0.01342	0.00612	0.00550
16	0.01622	0.07232	0.05777	0.01647	0.12949	0.03438	0.03439	0.12891	0.01651	0.02358	0.01206	0.01401	0.00970	0.00562	0.00545	0.00141	0.00642	0.00460	0.00398	0.40668
17	0.06265	0.01515	0.18331	0.03000	0.01732	0.01069	0.03193	0.04038	0.01546	0.12990	0.13765	0.06537	0.12378	0.00998	0.00721	0.00206	0.03747	0.00820	0.03580	0.03571
18	0.03548	0.10914	0.17097	0.01514	0.02097	0.14790	0.05506	0.13275	0.03596	0.13797	0.01427	0.01496	0.01039	0.00664	0.00592	0.00181	0.00812	0.00510	0.00452	0.06694
19	0.04934	0.03885	0.01902	0.26677	0.04705	0.01384	0.06087	0.10050	0.01659	0.22243	0.03907	0.01957	0.01317	0.03222	0.00774	0.00220	0.03080	0.00624	0.00497	0.00876
20	0.00799	0.00593	0.00748	0.00862	0.00945	0.00543	0.00600	0.00937	0.01315	0.01711	0.06164	0.56789	0.18368	0.01912	0.00814	0.00253	0.00374	0.05134	0.00603	0.00535
21	0.05727	0.01657	0.08465	0.01610	0.01812	0.08388	0.05867	0.01700	0.01209	0.01786	0.04809	0.01754	0.03244	0.01081	0.03295	0.00266	0.43657	0.00603	0.02342	0.00728
22	0.00920	0.00672	0.00794	0.00772	0.00960	0.00594	0.00583	0.01149	0.01629	0.04847	0.34846	0.09262	0.35517	0.01493	0.00766	0.00216	0.00337	0.03392	0.00656	0.00595
23	0.00839	0.00625	0.00869	0.07743	0.01261	0.00616	0.00710	0.00998	0.01297	0.01736	0.09738	0.63345	0.04129	0.01833	0.00803	0.00253	0.00413	0.01660	0.00581	0.00550
24	0.05804	0.01104	0.01290	0.05188	0.01544	0.01180	0.00902	0.22069	0.04150	0.08327	0.12355	0.09530	0.02399	0.06112	0.06281	0.00294	0.00632	0.02952	0.07097	0.00791
25	0.81856	0.01250	0.00950	0.00850	0.01250	0.01449	0.00700	0.01899	0.01100	0.02899	0.00900	0.01050	0.00700	0.00600	0.00400	0.00200	0.00500	0.00350	0.00400	0.00700
26	0.00935	0.00645	0.00801	0.00801	0.00835	0.00679	0.00512	0.01002	0.00968	0.01324	0.01947	0.03739	0.02137	0.56313	0.23977	0.00746	0.00946	0.00868	0.00378	0.00445
27	0.01340	0.01148	0.01340	0.00957	0.01531	0.00861	0.00766	0.01627	0.01340	0.02105	0.01148	0.01340	0.00957	0.00479	0.00479	0.00096	0.00479	0.00383	0.00383	0.81242
28	0.01340	0.01148	0.01340	0.00957	0.01531	0.00861	0.00766	0.01627	0.01340	0.02105	0.01148	0.01340	0.00957	0.00479	0.00479	0.00096	0.00479	0.00383	0.00383	0.81242

[dist]
# distance from previous block
# <min> <max>
0	1

[block]
# block no. 3 follows, 34 sequences, length 8
# corresponding to MSA columns:
# 91-98
name=unknown_D
#
# <colnr> <probs for GDERKNQSTAVLIFYWHMCP>
#	G	D	E	R	K	N	Q	S	T	A	V	L	I	F	Y	W	H	M	C	P
0	0.01516	0.01474	0.02584	0.18446	0.53378	0.01523	0.07765	0.01923	0.01439	0.02014	0.01210	0.01636	0.00987	0.00587	0.00651	0.00199	0.00814	0.00591	0.00314	0.00949
1	0.01666	0.01199	0.03698	0.01231	0.04911	0.00980	0.03746	0.04400	0.03676	0.17850	0.08156	0.02259	0.06896	0.00741	0.00596	0.00157	0.00530	0.00626	0.00527	0.36156
2	0.00812	0.00597	0.00738	0.00823	0.00903	0.00548	0.00558	0.00943	0.01313	0.01725	0.11233	0.47992	0.17561	0.09823	0.01067	0.00286	0.00385	0.01581	0.00590	0.00524
3	0.01874	0.47767	0.05586	0.01227	0.01736	0.12643	0.01142	0.06869	0.03724	0.06058	0.01416	0.01487	0.04723	0.00668	0.00503	0.00159	0.00738	0.00461	0.00370	0.00848
4	0.00960	0.00649	0.00837	0.00915	0.01019	0.00611	0.00652	0.01163	0.03411	0.05574	0.10344	0.49760	0.09202	0.04861	0.00906	0.00267	0.00407	0.07269	0.00614	0.00580
5	0.06866	0.12929	0.05373	0.01476	0.04020	0.08305	0.01229	0.36688	0.11644	0.03079	0.01485	0.01520	0.01114	0.00723	0.00592	0.00188	0.00722	0.00534	0.00525	0.00986
6	0.05508	0.19821	0.02358	0.09867	0.03835	0.20478	0.10292	0.04855	0.01579	0.04141	0.05235	0.01784	0.01299	0.00719	0.00637	0.00187	0.02959	0.03279	0.00374	0.00794
7	0.08653	0.31970	0.09236	0.01343	0.01855	0.16727	0.03534	0.07914	0.01576	0.04723	0.01190	0.04291	0.01018	0.00671	0.00525	0.00169	0.00787	0.00480	0.00367	0.02970

[dist]
# distance from previous block
# <min> <max>
0	3

[block]
# block no. 4 follows, 34 sequences, length 24
# corresponding to MSA columns:
# 103-126
name=unknown_E
#
# <colnr> <probs for GDERKNQSTAVLIFYWHMCP>
#	G	D	E	R	K	N	Q	S	T	A	V	L	I	F	Y	W	H	M	C	P
0	0.03748	0.01224	0.04660	0.06909	0.10121	0.04062	0.02906	0.05518	0.03989	0.14837	0.02643	0.19945	0.09736	0.01127	0.00737	0.00218	0.03112	0.00966	0.02742	0.00800
1	0.01740	0.01534	0.03929	0.01671	0.09661	0.05423	0.04001	0.08853	0.39235	0.07127	0.02210	0.06453	0.01743	0.00855	0.00659	0.00209	0.00623	0.00729	0.00576	0.02768
2	0.00788	0.00582	0.00738	0.00853	0.00927	0.00532	0.00581	0.00918	0.01302	0.01705	0.06900	0.61534	0.16422	0.01928	0.00811	0.00252	0.00364	0.01727	0.00604	0.00532
3	0.05081	0.05326	0.21085	0.03620	0.08883	0.01469	0.08065	0.12104	0.03977	0.16646	0.01685	0.04827	0.01288	0.00753	0.00642	0.00204	0.00756	0.02151	0.00479	0.00958
4	0.01900	0.12974	0.10752	0.07204	0.04514	0.04264	0.01275	0.14799	0.07045	0.16207	0.10848	0.02064	0.01801	0.00784	0.00622	0.00192	0.00670	0.00627	0.00533	0.00927
5	0.01864	0.01206	0.01373	0.03052	0.01569	0.01246	0.00921	0.27670	0.05948	0.15388	0.06751	0.08171	0.14968	0.01057	0.00676	0.00204	0.00534	0.00868	0.05649	0.00885
6	0.76414	0.03965	0.01064	0.00886	0.01289	0.03940	0.00732	0.01923	0.01132	0.02807	0.00903	0.01053	0.00709	0.00600	0.00406	0.00197	0.00529	0.00352	0.00393	0.00706
7	0.00790	0.00635	0.00705	0.00730	0.00900	0.00550	0.00531	0.00962	0.01471	0.01843	0.15197	0.21397	0.48670	0.01677	0.00777	0.00226	0.00334	0.01439	0.00616	0.00550
8	0.01625	0.01433	0.01884	0.02262	0.28828	0.05862	0.03044	0.14379	0.08052	0.02529	0.11168	0.04845	0.05335	0.00849	0.00660	0.00197	0.00648	0.00744	0.04758	0.00900
9	0.02399	0.01966	0.01895	0.01502	0.01983	0.12347	0.01219	0.57270	0.07014	0.03635	0.01537	0.01548	0.01113	0.00766	0.00638	0.00192	0.00764	0.00567	0.00602	0.01044
10	0.81856	0.01250	0.00950	0.00850	0.01250	0.01449	0.00700	0.01899	0.01100	0.02899	0.00900	0.01050	0.00700	0.00600	0.00400	0.00200	0.00500	0.00350	0.00400	0.00700
11	0.01542	0.45647	0.33791	0.01423	0.02149	0.02102	0.01658	0.01983	0.01335	0.01747	0.01011	0.01178	0.00825	0.00579	0.00500	0.00167	0.00805	0.00402	0.00275	0.00883
12	0.01683	0.01398	0.01482	0.01304	0.01675	0.01592	0.01021	0.14173	0.55699	0.02849	0.02626	0.05403	0.04327	0.00932	0.00666	0.00217	0.00532	0.00773	0.00651	0.00999
13	0.00786	0.00569	0.00743	0.00882	0.00933	0.00526	0.00592	0.00902	0.01254	0.01656	0.03775	0.71808	0.09198	0.01996	0.00820	0.00259	0.00371	0.01803	0.00600	0.00526
14	0.00887	0.00680	0.00703	0.00683	0.00918	0.00569	0.00517	0.01056	0.01494	0.05900	0.06315	0.05986	0.68878	0.01588	0.00757	0.00217	0.00340	0.01322	0.00612	0.00577
15	0.00887	0.00648	0.00833	0.00810	0.00955	0.00594	0.00599	0.01158	0.01730	0.02411	0.59358	0.13463	0.11280	0.01430	0.00770	0.00211	0.00315	0.01263	0.00689	0.00594
16	0.01324	0.09000	0.63266	0.07079	0.02826	0.01579	0.02245	0.02009	0.01355	0.01977	0.01138	0.01364	0.00822	0.00611	0.00601	0.00200	0.00928	0.00474	0.00274	0.00928
17	0.01301	0.07490	0.65972	0.01744	0.02633	0.01514	0.02218	0.01996	0.01386	0.02045	0.04973	0.01530	0.01101	0.00648	0.00610	0.00201	0.00905	0.00507	0.00296	0.00929
18	0.01637	0.01534	0.02378	0.05505	0.57074	0.04069	0.01784	0.08245	0.01605	0.02226	0.01405	0.06977	0.01252	0.00703	0.00652	0.00197	0.00751	0.00661	0.00369	0.00976
19	0.01780	0.01510	0.05125	0.03662	0.02284	0.01355	0.21652	0.15853	0.01809	0.11328	0.03584	0.03536	0.01292	0.00669	0.00644	0.00179	0.00736	0.00634	0.00478	0.21889
20	0.01374	0.01123	0.07697	0.03368	0.01511	0.02597	0.02717	0.01665	0.01532	0.13943	0.17182	0.19112	0.06347	0.01165	0.00693	0.00203	0.00510	0.02850	0.02480	0.11932
21	0.01602	0.03448	0.03785	0.01252	0.01680	0.07618	0.03655	0.14646	0.12720	0.02467	0.07387	0.04247	0.03365	0.02996	0.02833	0.00211	0.00653	0.02495	0.00503	0.22437
22	0.01663	0.01533	0.08169	0.01596	0.07901	0.08744	0.09162	0.06980	0.06183	0.12108	0.10733	0.04605	0.05904	0.05989	0.02854	0.00251	0.00721	0.00771	0.03303	0.00829
23	0.05213	0.02074	0.18165	0.01667	0.07135	0.15788	0.05751	0.04121	0.05788	0.11771	0.03518	0.04800	0.03330	0.00754	0.00624	0.00190	0.00788	0.00616	0.00444	0.07464

[dist]
# distance from previous block
# <min> <max>
10	68

[block]
# block no. 5 follows, 34 sequences, length 33
# corresponding to MSA columns:
# 202-234
name=unknown_F
#
# <colnr> <probs for GDERKNQSTAVLIFYWHMCP>
#	G	D	E	R	K	N	Q	S	T	A	V	L	I	F	Y	W	H	M	C	P
0	0.13847	0.01466	0.05254	0.01214	0.01582	0.08692	0.03576	0.12226	0.10294	0.06742	0.11187	0.09699	0.05322	0.03241	0.00719	0.00216	0.00608	0.00793	0.00543	0.02779
1	0.10501	0.27547	0.04627	0.01186	0.01590	0.17028	0.01033	0.03667	0.03746	0.05218	0.04113	0.04706	0.01445	0.03208	0.00623	0.00191	0.00714	0.03573	0.04514	0.00772
2	0.01541	0.01029	0.01167	0.07171	0.01493	0.02895	0.00819	0.11420	0.08635	0.09198	0.03840	0.08883	0.01912	0.10705	0.00943	0.00244	0.00527	0.00764	0.22481	0.04334
3	0.11992	0.03426	0.01544	0.01168	0.01671	0.14478	0.03989	0.01931	0.04062	0.02119	0.01146	0.01321	0.00937	0.00548	0.00505	0.00133	0.00640	0.00414	0.00381	0.47597
4	0.81856	0.01250	0.00950	0.00850	0.01250	0.01449	0.00700	0.01899	0.01100	0.02899	0.00900	0.01050	0.00700	0.00600	0.00400	0.00200	0.00500	0.00350	0.00400	0.00700
5	0.00824	0.00654	0.00728	0.00725	0.00904	0.00573	0.00537	0.01016	0.01523	0.01935	0.23133	0.08423	0.46482	0.06340	0.00929	0.00244	0.00351	0.03512	0.00615	0.00553
6	0.00787	0.00562	0.00750	0.00900	0.00937	0.00525	0.00600	0.00900	0.01237	0.01649	0.03561	0.76871	0.04274	0.02024	0.00825	0.00262	0.00375	0.01837	0.00600	0.00525
7	0.00941	0.00672	0.00926	0.01076	0.01180	0.00657	0.00867	0.01166	0.01389	0.01822	0.03476	0.34705	0.03937	0.01879	0.00866	0.00284	0.00508	0.42483	0.00597	0.00567
8	0.01538	0.01473	0.02513	0.15471	0.62232	0.01519	0.01953	0.01930	0.01443	0.02037	0.01205	0.01619	0.00997	0.00587	0.00641	0.00196	0.00783	0.00575	0.00315	0.00974
9	0.01490	0.01468	0.02575	0.04725	0.36957	0.03582	0.20367	0.01883	0.01466	0.02026	0.01538	0.02388	0.01375	0.04174	0.00811	0.00228	0.00827	0.07984	0.03259	0.00877
10	0.00950	0.02734	0.00933	0.00825	0.01005	0.00699	0.00628	0.01304	0.04948	0.02469	0.60084	0.04779	0.13585	0.01317	0.00748	0.00204	0.00327	0.01150	0.00684	0.00627
11	0.00914	0.00660	0.00864	0.00813	0.00965	0.00610	0.00610	0.01219	0.01829	0.02591	0.72921	0.04827	0.06097	0.01321	0.00762	0.00203	0.00305	0.01169	0.00711	0.00610
12	0.01459	0.01145	0.01352	0.00972	0.01540	0.00868	0.00780	0.01743	0.01379	0.07576	0.01255	0.01405	0.01006	0.00503	0.00492	0.00104	0.00484	0.00403	0.00415	0.75120
13	0.02747	0.01265	0.01596	0.01221	0.01727	0.01189	0.01008	0.18744	0.02107	0.55397	0.02275	0.02023	0.01464	0.00784	0.00644	0.00195	0.00585	0.00626	0.00751	0.03654
14	0.01727	0.77681	0.03386	0.01106	0.01658	0.02557	0.01106	0.01935	0.01313	0.01520	0.00898	0.01036	0.00829	0.00553	0.00415	0.00138	0.00691	0.00345	0.00276	0.00829
15	0.02390	0.05648	0.01885	0.01645	0.01986	0.72215	0.01244	0.02558	0.01813	0.01579	0.00995	0.01161	0.00832	0.00662	0.00577	0.00165	0.01149	0.00414	0.00331	0.00752
16	0.02456	0.01810	0.01939	0.01487	0.02004	0.02004	0.01228	0.71107	0.03038	0.04072	0.01551	0.01551	0.01099	0.00776	0.00646	0.00194	0.00711	0.00582	0.00646	0.01099
17	0.01204	0.00602	0.00602	0.00602	0.00753	0.00602	0.00452	0.01506	0.01355	0.02409	0.02108	0.02409	0.01656	0.00753	0.00452	0.00151	0.00301	0.00602	0.80879	0.00602
18	0.00787	0.00562	0.00750	0.00900	0.00937	0.00525	0.00600	0.00900	0.01237	0.01649	0.03561	0.76871	0.04274	0.02024	0.00825	0.00262	0.00375	0.01837	0.00600	0.00525
19	0.00940	0.00626	0.00705	0.00705	0.00705	0.00626	0.00392	0.00940	0.00940	0.01253	0.02036	0.04228	0.02349	0.77292	0.03289	0.00626	0.00626	0.00940	0.00392	0.00392
20	0.01677	0.01423	0.01500	0.01329	0.01707	0.01640	0.01040	0.08997	0.66417	0.02815	0.02541	0.02340	0.01901	0.00868	0.00657	0.00217	0.00528	0.00718	0.00657	0.01029
21	0.02456	0.01810	0.01939	0.01487	0.02004	0.02004	0.01228	0.71107	0.03038	0.04072	0.01551	0.01551	0.01099	0.00776	0.00646	0.00194	0.00711	0.00582	0.00646	0.01099
22	0.00808	0.00650	0.00720	0.00715	0.00903	0.00562	0.00532	0.01009	0.01560	0.01981	0.25295	0.10272	0.49583	0.01571	0.00767	0.00217	0.00324	0.01338	0.00632	0.00562
23	0.53680	0.01304	0.01197	0.10699	0.01737	0.06002	0.00918	0.01896	0.01197	0.05752	0.01081	0.01331	0.00850	0.00984	0.06617	0.00271	0.02947	0.00432	0.00391	0.00714
24	0.00934	0.00648	0.00816	0.00816	0.00854	0.00687	0.00530	0.01011	0.00972	0.01335	0.01935	0.03667	0.02105	0.53236	0.27012	0.00763	0.00993	0.00857	0.00376	0.00453
25	0.01000	0.00696	0.00894	0.00839	0.01009	0.00648	0.00631	0.01338	0.04043	0.05161	0.62880	0.07430	0.08310	0.01326	0.00757	0.00206	0.00324	0.01168	0.00704	0.00635
26	0.00804	0.00578	0.00757	0.00876	0.00931	0.00538	0.00591	0.00936	0.01301	0.01744	0.11145	0.64474	0.06895	0.04047	0.00885	0.00265	0.00373	0.01722	0.00606	0.00531
27	0.08964	0.02432	0.01740	0.01514	0.01900	0.42988	0.01172	0.18785	0.10176	0.02408	0.01309	0.01391	0.01016	0.00711	0.00591	0.00182	0.00927	0.00486	0.00450	0.00859
28	0.81856	0.01250	0.00950	0.00850	0.01250	0.01449	0.00700	0.01899	0.01100	0.02899	0.00900	0.01050	0.00700	0.00600	0.00400	0.00200	0.00500	0.00350	0.00400	0.00700
29	0.01639	0.01630	0.02378	0.05805	0.57363	0.08870	0.01789	0.03803	0.01543	0.02071	0.01536	0.01849	0.05535	0.00659	0.00642	0.00192	0.00782	0.00609	0.00346	0.00958
30	0.00900	0.00777	0.04183	0.00859	0.01048	0.00637	0.00690	0.01182	0.01673	0.02300	0.48393	0.12220	0.16806	0.01433	0.00768	0.00216	0.00359	0.04297	0.00656	0.00606
31	0.01706	0.66120	0.06467	0.05866	0.01902	0.05652	0.01214	0.01951	0.01337	0.01555	0.00931	0.01100	0.00831	0.00567	0.00446	0.00147	0.00735	0.00369	0.00279	0.00824
32	0.01667	0.06558	0.09747	0.01298	0.01813	0.09573	0.01141	0.10045	0.21101	0.02400	0.03282	0.01706	0.01338	0.00682	0.00576	0.00166	0.00652	0.00532	0.00471	0.25250

[dist]
# distance from previous block
# <min> <max>
1	3

[block]
# block no. 6 follows, 34 sequences, length 100
# corresponding to MSA columns:
# 238-251,263-348
name=unknown_G
#
# <colnr> <probs for GDERKNQSTAVLIFYWHMCP>
#	G	D	E	R	K	N	Q	S	T	A	V	L	I	F	Y	W	H	M	C	P
0	0.14710	0.00988	0.00961	0.00910	0.02999	0.05339	0.00678	0.03572	0.01506	0.07501	0.12874	0.02666	0.07561	0.00865	0.00548	0.00176	0.00437	0.00687	0.31062	0.03959
1	0.19681	0.01362	0.01545	0.01224	0.01670	0.01442	0.01012	0.22562	0.01969	0.32727	0.01775	0.01704	0.01203	0.00774	0.00705	0.00204	0.06266	0.00559	0.00630	0.00984
2	0.03448	0.03924	0.12078	0.01436	0.01994	0.03097	0.08601	0.10049	0.09557	0.07853	0.01543	0.01791	0.01202	0.00684	0.00644	0.00175	0.02962	0.02963	0.00455	0.25545
3	0.01022	0.07148	0.01176	0.01009	0.01135	0.00922	0.00789	0.01206	0.01161	0.01580	0.04696	0.09196	0.02392	0.17912	0.30653	0.00637	0.03815	0.12561	0.00422	0.00566
4	0.01012	0.00723	0.01008	0.01157	0.01293	0.00719	0.00991	0.01289	0.01459	0.01901	0.03437	0.15176	0.03781	0.01812	0.00885	0.00294	0.00570	0.61309	0.00596	0.00587
5	0.01220	0.01148	0.01938	0.75739	0.04450	0.01436	0.01794	0.01651	0.01292	0.01651	0.01148	0.01723	0.00861	0.00646	0.00646	0.00215	0.00861	0.00574	0.00287	0.00718
6	0.01452	0.02274	0.29287	0.02304	0.07428	0.01636	0.29658	0.03617	0.01422	0.02038	0.01187	0.01543	0.00908	0.00661	0.00890	0.00220	0.11661	0.00613	0.00308	0.00894
7	0.00770	0.00648	0.00668	0.00677	0.00880	0.00546	0.00502	0.00935	0.01468	0.01767	0.08533	0.11090	0.66003	0.01653	0.00768	0.00221	0.00330	0.01390	0.00604	0.00546
8	0.00790	0.00656	0.00690	0.00682	0.00889	0.00556	0.00511	0.00977	0.01534	0.01891	0.17936	0.05979	0.61518	0.01582	0.00763	0.00216	0.00323	0.01330	0.00619	0.00556
9	0.02766	0.01106	0.01483	0.01145	0.01626	0.00977	0.00943	0.06080	0.01901	0.66521	0.06534	0.02321	0.01835	0.00828	0.00656	0.00200	0.00543	0.00676	0.00788	0.01072
10	0.01767	0.05021	0.20858	0.01836	0.02400	0.17953	0.16768	0.05647	0.03698	0.06560	0.01454	0.01932	0.01174	0.00747	0.00726	0.00207	0.04308	0.05693	0.00386	0.00866
11	0.01899	0.01848	0.19618	0.01467	0.02028	0.01448	0.03969	0.13579	0.21334	0.18092	0.03812	0.02010	0.01523	0.00919	0.03287	0.00236	0.00721	0.00638	0.00569	0.01002
12	0.00897	0.00654	0.00843	0.00807	0.00957	0.00600	0.00601	0.01181	0.01770	0.02478	0.64330	0.09048	0.10649	0.01383	0.00766	0.00208	0.00310	0.01220	0.00697	0.00600
13	0.07566	0.01382	0.01728	0.06818	0.04655	0.06922	0.05102	0.09624	0.01755	0.33460	0.03778	0.05243	0.01499	0.00834	0.00758	0.00208	0.06487	0.00663	0.00588	0.00933
14	0.06472	0.01611	0.01759	0.03638	0.01942	0.08944	0.03597	0.29370	0.04896	0.26347	0.01859	0.01896	0.01307	0.00782	0.00640	0.00199	0.00701	0.02404	0.00629	0.01007
15	0.01833	0.53049	0.11653	0.01295	0.01857	0.15086	0.01282	0.02101	0.01427	0.03884	0.01000	0.01136	0.00853	0.00588	0.00476	0.00153	0.00802	0.00384	0.00303	0.00839
16	0.01399	0.01313	0.04352	0.06372	0.12244	0.01149	0.02975	0.03287	0.05427	0.02127	0.01386	0.01622	0.02490	0.00606	0.00627	0.00148	0.04407	0.00498	0.03433	0.44138
17	0.01517	0.22017	0.29442	0.01819	0.02491	0.05506	0.18086	0.02001	0.01400	0.01874	0.02694	0.01439	0.00979	0.00632	0.00691	0.00193	0.05522	0.00528	0.00300	0.00869
18	0.01486	0.04504	0.29967	0.01704	0.02328	0.03327	0.11451	0.06693	0.20029	0.02296	0.01791	0.06208	0.01456	0.00802	0.00663	0.00213	0.00794	0.02926	0.00436	0.00925
19	0.00924	0.00688	0.01019	0.01019	0.01127	0.00797	0.00783	0.01141	0.01033	0.01485	0.01749	0.02638	0.01659	0.09116	0.70521	0.01014	0.01666	0.00707	0.00349	0.00566
20	0.02317	0.07533	0.01921	0.01482	0.01906	0.31209	0.01184	0.34779	0.02337	0.02798	0.01315	0.01409	0.01004	0.00715	0.00594	0.00177	0.00869	0.00500	0.05042	0.00911
21	0.01391	0.19632	0.58483	0.01680	0.02547	0.01732	0.02106	0.02022	0.01353	0.01931	0.01102	0.01292	0.00821	0.00600	0.00570	0.00190	0.00897	0.00449	0.00274	0.00927
22	0.19045	0.01171	0.01412	0.01107	0.01588	0.01112	0.00914	0.06784	0.01764	0.55219	0.02154	0.01927	0.01387	0.00757	0.00598	0.00200	0.00549	0.00584	0.00709	0.01018
23	0.00844	0.00656	0.00733	0.00729	0.00892	0.00585	0.00532	0.01020	0.01467	0.01870	0.21100	0.05619	0.41760	0.14250	0.01193	0.00287	0.00387	0.04947	0.00591	0.00537
24	0.00787	0.00562	0.00750	0.00900	0.00937	0.00525	0.00600	0.00900	0.01237	0.01649	0.03561	0.76871	0.04274	0.02024	0.00825	0.00262	0.00375	0.01837	0.00600	0.00525
25	0.81856	0.01250	0.00950	0.00850	0.01250	0.01449	0.00700	0.01899	0.01100	0.02899	0.00900	0.01050	0.00700	0.00600	0.00400	0.00200	0.00500	0.00350	0.00400	0.00700
26	0.01469	0.01410	0.02422	0.28247	0.48089	0.01504	0.03756	0.01873	0.01412	0.01954	0.01195	0.01645	0.00967	0.00599	0.00645	0.00201	0.00808	0.00580	0.00309	0.00916
27	0.01666	0.01442	0.01508	0.01127	0.01670	0.06807	0.00904	0.16861	0.01748	0.02494	0.01225	0.01373	0.00978	0.00558	0.00523	0.00123	0.00582	0.00429	0.00436	0.57545
28	0.02217	0.02764	0.01712	0.01540	0.01884	0.63909	0.01159	0.02392	0.01769	0.01633	0.01396	0.01530	0.05865	0.00719	0.00587	0.00165	0.01055	0.00480	0.00355	0.06870
29	0.02163	0.15899	0.02087	0.06338	0.13266	0.01493	0.01212	0.09421	0.03602	0.30053	0.01789	0.03361	0.01300	0.00718	0.00599	0.00184	0.00640	0.00583	0.00547	0.04745
30	0.01443	0.20632	0.52646	0.01614	0.02434	0.01703	0.01983	0.02035	0.01383	0.04490	0.03267	0.01419	0.01005	0.00627	0.00573	0.00189	0.00859	0.00473	0.00305	0.00920
31	0.00923	0.00692	0.01038	0.01038	0.01154	0.00808	0.00808	0.01154	0.01038	0.01500	0.01731	0.02538	0.01615	0.04846	0.74732	0.01038	0.01731	0.00692	0.00346	0.00577
32	0.01258	0.00629	0.00663	0.00643	0.00809	0.00618	0.00486	0.01557	0.01414	0.05614	0.07590	0.02586	0.01996	0.00799	0.00484	0.00157	0.00313	0.00648	0.71111	0.00625
33	0.02143	0.07893	0.15209	0.01720	0.12252	0.01384	0.01403	0.04309	0.08688	0.33651	0.01907	0.01849	0.01316	0.00728	0.00659	0.00198	0.02523	0.00587	0.00560	0.01022
34	0.01122	0.00561	0.00842	0.00842	0.00842	0.00561	0.00561	0.00842	0.00842	0.01122	0.01122	0.01964	0.01122	0.02245	0.02525	0.81201	0.00561	0.00561	0.00281	0.00281
35	0.00765	0.00649	0.00660	0.00669	0.00876	0.00544	0.00497	0.00926	0.01459	0.01740	0.06375	0.10263	0.69065	0.01659	0.00767	0.00221	0.00330	0.01391	0.00600	0.00544
36	0.01193	0.01164	0.02194	0.11131	0.07669	0.01143	0.27053	0.01542	0.01396	0.01865	0.02358	0.26086	0.05111	0.01162	0.00768	0.00236	0.00744	0.06027	0.00438	0.00721
37	0.01620	0.12266	0.02950	0.05612	0.35383	0.04979	0.20819	0.02074	0.04342	0.02001	0.01242	0.01578	0.01009	0.00583	0.00641	0.00192	0.00857	0.00594	0.00329	0.00931
38	0.01734	0.09292	0.07833	0.01166	0.01740	0.01304	0.01040	0.11390	0.06312	0.11047	0.01446	0.01515	0.01097	0.00603	0.00539	0.00143	0.00583	0.00469	0.00467	0.40279
39	0.01801	0.32369	0.15397	0.01858	0.15092	0.04249	0.01524	0.16479	0.01728	0.02259	0.01143	0.01310	0.00920	0.00618	0.00545	0.00172	0.00770	0.00463	0.00363	0.00941
40	0.02486	0.01762	0.01910	0.01464	0.01980	0.01933	0.01209	0.66551	0.02958	0.08741	0.01618	0.01595	0.01132	0.00777	0.00647	0.00194	0.00700	0.00586	0.00657	0.01099
41	0.01122	0.00561	0.00842	0.00842	0.00842	0.00561	0.00561	0.00842	0.00842	0.01122	0.01122	0.01964	0.01122	0.02245	0.02525	0.81201	0.00561	0.00561	0.00281	0.00281
42	0.81856	0.01250	0.00950	0.00850	0.01250	0.01449	0.00700	0.01899	0.01100	0.02899	0.00900	0.01050	0.00700	0.00600	0.00400	0.00200	0.00500	0.00350	0.00400	0.00700
43	0.81856	0.01250	0.00950	0.00850	0.01250	0.01449	0.00700	0.01899	0.01100	0.02899	0.00900	0.01050	0.00700	0.00600	0.00400	0.00200	0.00500	0.00350	0.00400	0.00700
44	0.02899	0.01100	0.01499	0.01150	0.01649	0.00950	0.00950	0.03149	0.01849	0.73709	0.02549	0.02199	0.01599	0.00800	0.00650	0.00200	0.00550	0.00650	0.00800	0.01100
45	0.00764	0.00655	0.00655	0.00655	0.00873	0.00545	0.00491	0.00927	0.01473	0.01745	0.06546	0.06218	0.73000	0.01636	0.00764	0.00218	0.00327	0.01364	0.00600	0.00545
46	0.01296	0.03342	0.73944	0.01842	0.02797	0.01501	0.02387	0.02046	0.01364	0.02046	0.01160	0.01364	0.00818	0.00614	0.00614	0.00205	0.00955	0.00477	0.00273	0.00955
47	0.00834	0.00599	0.00792	0.00867	0.00948	0.00556	0.00603	0.01018	0.01457	0.01999	0.29316	0.50119	0.04950	0.01763	0.00801	0.00240	0.00349	0.01589	0.00641	0.00556
48	0.05811	0.01539	0.01745	0.01343	0.01849	0.01612	0.01109	0.44524	0.02544	0.28408	0.01874	0.01758	0.01258	0.00777	0.00638	0.00196	0.00646	0.00596	0.00690	0.01083
49	0.00785	0.00655	0.00684	0.00677	0.00886	0.00555	0.00508	0.00969	0.01524	0.01866	0.16027	0.06019	0.63443	0.01591	0.00763	0.00216	0.00324	0.01336	0.00616	0.00555
50	0.00787	0.00562	0.00750	0.00900	0.00937	0.00525	0.00600	0.00900	0.01237	0.01649	0.03561	0.76871	0.04274	0.02024	0.00825	0.00262	0.00375	0.01837	0.00600	0.00525
51	0.02476	0.01778	0.01919	0.01472	0.01988	0.01957	0.01216	0.68066	0.02985	0.07189	0.01596	0.01580	0.01121	0.00777	0.00647	0.00194	0.00704	0.00585	0.00653	0.01099
52	0.04971	0.01932	0.01934	0.09655	0.20909	0.27321	0.01403	0.04173	0.01667	0.15879	0.01387	0.01563	0.01044	0.00704	0.00658	0.02105	0.00860	0.00525	0.00425	0.00883
53	0.01030	0.00813	0.01098	0.01040	0.01086	0.00975	0.00766	0.01151	0.00989	0.01413	0.01672	0.02980	0.01750	0.32856	0.31541	0.00721	0.16474	0.00765	0.00351	0.00530
54	0.00950	0.00729	0.01079	0.01064	0.01170	0.00865	0.00828	0.01169	0.01033	0.01496	0.01692	0.02528	0.01596	0.06786	0.68729	0.00986	0.05686	0.00693	0.00344	0.00578
55	0.81856	0.01250	0.00950	0.00850	0.01250	0.01449	0.00700	0.01899	0.01100	0.02899	0.00900	0.01050	0.00700	0.00600	0.00400	0.00200	0.00500	0.00350	0.00400	0.00700
56	0.00813	0.00624	0.00743	0.00818	0.00944	0.00562	0.00592	0.00970	0.01375	0.01746	0.07822	0.35498	0.32352	0.04300	0.00885	0.00257	0.00382	0.08180	0.00598	0.00540
57	0.01296	0.03342	0.73944	0.01842	0.02797	0.01501	0.02387	0.02046	0.01364	0.02046	0.01160	0.01364	0.00818	0.00614	0.00614	0.00205	0.00955	0.00477	0.00273	0.00955
58	0.00836	0.00663	0.00726	0.00744	0.00916	0.00589	0.00558	0.01000	0.01409	0.01734	0.08383	0.05999	0.49408	0.13307	0.01171	0.00292	0.00410	0.10752	0.00572	0.00532
59	0.02468	0.29279	0.02194	0.01133	0.01653	0.01541	0.01007	0.02702	0.01652	0.47146	0.01942	0.01771	0.01316	0.00709	0.00563	0.00177	0.00602	0.00538	0.00607	0.01000
60	0.00914	0.00660	0.00864	0.00813	0.00965	0.00610	0.00610	0.01219	0.01829	0.02591	0.72921	0.04827	0.06097	0.01321	0.00762	0.00203	0.00305	0.01169	0.00711	0.00610
61	0.00909	0.00656	0.00818	0.00777	0.00939	0.00600	0.00583	0.01192	0.01749	0.02455	0.59028	0.04894	0.15759	0.01335	0.00745	0.00202	0.00308	0.01165	0.05285	0.00600
62	0.01815	0.68177	0.03188	0.01177	0.01702	0.11747	0.01124	0.02017	0.01379	0.01528	0.00911	0.01053	0.00830	0.00567	0.00436	0.00142	0.00751	0.00354	0.00284	0.00819
63	0.01594	0.01273	0.01339	0.01150	0.01511	0.01382	0.00910	0.22378	0.29158	0.02811	0.03461	0.03288	0.22744	0.01069	0.00680	0.00210	0.00509	0.00871	0.02770	0.00892
64	0.01200	0.01034	0.01420	0.01229	0.01523	0.01038	0.10715	0.06339	0.16523	0.02240	0.11317	0.14298	0.21554	0.01293	0.00750	0.00226	0.00521	0.05455	0.00588	0.00737
65	0.02375	0.02939	0.01843	0.01656	0.01986	0.67583	0.01254	0.06462	0.01866	0.01723	0.01024	0.01197	0.00848	0.00691	0.00649	0.00173	0.04183	0.00432	0.00349	0.00767
66	0.18770	0.01123	0.01354	0.01075	0.01537	0.01063	0.00884	0.02847	0.04341	0.54104	0.02202	0.01982	0.01434	0.00760	0.00592	0.00199	0.00529	0.00590	0.03613	0.00998
67	0.01028	0.00828	0.00795	0.00756	0.01001	0.04825	0.00574	0.01204	0.01536	0.07319	0.08397	0.05567	0.60862	0.01505	0.00744	0.00213	0.00392	0.01247	0.00604	0.00602
68	0.00778	0.00655	0.00675	0.00670	0.00882	0.00552	0.00502	0.00955	0.01507	0.01827	0.12941	0.06084	0.66554	0.01606	0.00763	0.00217	0.00325	0.01345	0.00611	0.00552
69	0.02259	0.02814	0.01859	0.01651	0.01988	0.64799	0.05182	0.02457	0.01794	0.01680	0.03711	0.01383	0.01068	0.00687	0.00594	0.00170	0.01094	0.00471	0.03592	0.00745
70	0.01249	0.01178	0.01989	0.70341	0.09626	0.01443	0.01809	0.01676	0.01305	0.01685	0.01153	0.01713	0.00874	0.00641	0.00646	0.00214	0.00854	0.00574	0.00290	0.00741
71	0.00939	0.00630	0.00724	0.00724	0.00730	0.00637	0.00415	0.00952	0.00945	0.01267	0.02018	0.04132	0.02307	0.73144	0.07379	0.00650	0.00690	0.00925	0.00389	0.00402
72	0.81856	0.01250	0.00950	0.00850	0.01250	0.01449	0.00700	0.01899	0.01100	0.02899	0.00900	0.01050	0.00700	0.00600	0.00400	0.00200	0.00500	0.00350	0.00400	0.00700
73	0.01296	0.03342	0.73944	0.01842	0.02797	0.01501	0.02387	0.02046	0.01364	0.02046	0.01160	0.01364	0.00818	0.00614	0.00614	0.00205	0.00955	0.00477	0.00273	0.00955
74	0.01727	0.77681	0.03386	0.01106	0.01658	0.02557	0.01106	0.01935	0.01313	0.01520	0.00898	0.01036	0.00829	0.00553	0.00415	0.00138	0.00691	0.00345	0.00276	0.00829
75	0.01544	0.01612	0.03144	0.07217	0.36797	0.01576	0.34315	0.02006	0.01487	0.02067	0.01255	0.01673	0.00995	0.00565	0.00698	0.00205	0.00924	0.00663	0.00321	0.00936
76	0.01969	0.04984	0.02091	0.04963	0.10739	0.35530	0.03502	0.06358	0.01602	0.01807	0.01033	0.01339	0.00881	0.00768	0.00976	0.00203	0.19624	0.00497	0.00334	0.00799
77	0.00927	0.00678	0.00965	0.00965	0.01055	0.00768	0.00716	0.01106	0.01017	0.01445	0.01798	0.02912	0.01777	0.20848	0.58951	0.00947	0.01487	0.00747	0.00356	0.00536
78	0.37696	0.01364	0.03949	0.01041	0.01514	0.03865	0.00878	0.04049	0.05156	0.17532	0.01415	0.01447	0.01025	0.00641	0.00502	0.00180	0.00553	0.00452	0.00493	0.16246
79	0.01288	0.01291	0.02284	0.01837	0.02174	0.03410	0.30260	0.01675	0.03532	0.01889	0.02190	0.15942	0.03957	0.01283	0.03703	0.00276	0.09448	0.12402	0.00433	0.00727
80	0.01220	0.01148	0.01938	0.75739	0.04450	0.01436	0.01794	0.01651	0.01292	0.01651	0.01148	0.01723	0.00861	0.00646	0.00646	0.00215	0.00861	0.00574	0.00287	0.00718
81	0.09208	0.00789	0.00930	0.00846	0.01064	0.00763	0.00650	0.04201	0.01771	0.06412	0.52503	0.04309	0.11665	0.01229	0.00715	0.00204	0.00356	0.01054	0.00671	0.00659
82	0.00934	0.00624	0.00706	0.00712	0.00713	0.00623	0.00399	0.00938	0.00950	0.01267	0.02091	0.06859	0.02419	0.74567	0.03199	0.00613	0.00617	0.00972	0.00399	0.00396
83	0.00787	0.00562	0.00750	0.00900	0.00937	0.00525	0.00600	0.00900	0.01237	0.01649	0.03561	0.76871	0.04274	0.02024	0.00825	0.00262	0.00375	0.01837	0.00600	0.00525
84	0.00846	0.00644	0.00793	0.00888	0.01021	0.00591	0.00678	0.01027	0.01389	0.01760	0.04605	0.32738	0.29015	0.01820	0.00821	0.00256	0.00416	0.19543	0.00599	0.00551
85	0.00938	0.00634	0.00744	0.00744	0.00758	0.00648	0.00441	0.00965	0.00951	0.01282	0.02000	0.04029	0.02263	0.68761	0.11702	0.00675	0.00756	0.00911	0.00386	0.00413
86	0.01727	0.77681	0.03386	0.01106	0.01658	0.02557	0.01106	0.01935	0.01313	0.01520	0.00898	0.01036	0.00829	0.00553	0.00415	0.00138	0.00691	0.00345	0.00276	0.00829
87	0.81856	0.01250	0.00950	0.00850	0.01250	0.01449	0.00700	0.01899	0.01100	0.02899	0.00900	0.01050	0.00700	0.00600	0.00400	0.00200	0.00500	0.00350	0.00400	0.00700
88	0.00780	0.00655	0.00678	0.00672	0.00883	0.00553	0.00504	0.00960	0.01512	0.01839	0.13898	0.06064	0.65589	0.01601	0.00763	0.00217	0.00325	0.01342	0.00612	0.00553
89	0.01414	0.01414	0.01979	0.01696	0.01696	0.01979	0.01414	0.01555	0.00990	0.01555	0.00848	0.01414	0.00848	0.01131	0.02120	0.00283	0.76110	0.00565	0.00283	0.00707
90	0.00923	0.00692	0.01038	0.01038	0.01154	0.00808	0.00808	0.01154	0.01038	0.01500	0.01731	0.02538	0.01615	0.04846	0.74732	0.01038	0.01731	0.00692	0.00346	0.00577
91	0.01727	0.77681	0.03386	0.01106	0.01658	0.02557	0.01106	0.01935	0.01313	0.01520	0.00898	0.01036	0.00829	0.00553	0.00415	0.00138	0.00691	0.00345	0.00276	0.00829
92	0.01340	0.01148	0.01340	0.00957	0.01531	0.00861	0.00766	0.01627	0.01340	0.02105	0.01148	0.01340	0.00957	0.00479	0.00479	0.00096	0.00479	0.00383	0.00383	0.81242
93	0.00787	0.00562	0.00750	0.00900	0.00937	0.00525	0.00600	0.00900	0.01237	0.01649	0.03561	0.76871	0.04274	0.02024	0.00825	0.00262	0.00375	0.01837	0.00600	0.00525
94	0.00924	0.00688	0.01018	0.01018	0.01126	0.00796	0.00782	0.01140	0.01032	0.01485	0.01750	0.02644	0.01661	0.09365	0.70275	0.01013	0.01662	0.00708	0.00349	0.00565
95	0.00842	0.00612	0.00838	0.03737	0.01129	0.00592	0.00712	0.00995	0.01277	0.01693	0.03450	0.63479	0.04062	0.01936	0.00828	0.00266	0.00427	0.11995	0.00587	0.00543
96	0.01296	0.03342	0.73944	0.01842	0.02797	0.01501	0.02387	0.02046	0.01364	0.02046	0.01160	0.01364	0.00818	0.00614	0.00614	0.00205	0.00955	0.00477	0.00273	0.00955
97	0.01764	0.01475	0.01735	0.01341	0.01847	0.03333	0.06248	0.23788	0.13260	0.02796	0.01606	0.01826	0.01266	0.00694	0.00599	0.00165	0.00625	0.03089	0.00512	0.32030
98	0.01373	0.01152	0.04621	0.01104	0.01360	0.03210	0.00868	0.17608	0.07171	0.04060	0.04783	0.32676	0.09448	0.06358	0.00902	0.00254	0.00529	0.01203	0.00586	0.00733
99	0.06795	0.37494	0.08854	0.01332	0.01861	0.06655	0.05806	0.09757	0.05341	0.02089	0.03113	0.04058	0.01185	0.00681	0.00529	0.00171	0.00725	0.00512	0.00378	0.02664

[dist]
# distance from previous block
# <min> <max>
2	4

[block]
# block no. 7 follows, 34 sequences, length 9
# corresponding to MSA columns:
# 358-366
name=unknown_H
#
# <colnr> <probs for GDERKNQSTAVLIFYWHMCP>
#	G	D	E	R	K	N	Q	S	T	A	V	L	I	F	Y	W	H	M	C	P
0	0.01063	0.00925	0.01189	0.05685	0.01484	0.00827	0.05907	0.05061	0.01534	0.01998	0.07419	0.06512	0.39724	0.01214	0.00695	0.00193	0.00469	0.01038	0.00525	0.16536
1	0.01642	0.01498	0.03005	0.02429	0.10861	0.01403	0.45133	0.02089	0.01567	0.11883	0.06127	0.06108	0.01575	0.00714	0.00736	0.00214	0.00890	0.00810	0.00430	0.00884
2	0.01722	0.01445	0.01526	0.01338	0.01724	0.01661	0.01051	0.12589	0.62752	0.02888	0.02484	0.02294	0.01854	0.00863	0.00656	0.00216	0.00538	0.00710	0.00656	0.01033
3	0.00840	0.00663	0.00771	0.00834	0.01005	0.00594	0.00652	0.01030	0.01438	0.01779	0.05247	0.17960	0.43796	0.01738	0.00807	0.00246	0.00405	0.19042	0.00599	0.00555
4	0.00940	0.00626	0.00705	0.00705	0.00705	0.00626	0.00392	0.00940	0.00940	0.01253	0.02036	0.04228	0.02349	0.77292	0.03289	0.00626	0.00626	0.00940	0.00392	0.00392
5	0.01420	0.01173	0.01445	0.01113	0.01586	0.01013	0.04191	0.12112	0.01589	0.02322	0.01648	0.14875	0.01572	0.00803	0.00580	0.00146	0.00525	0.00691	0.00459	0.50736
6	0.01622	0.01125	0.01322	0.05672	0.01625	0.01184	0.00934	0.12825	0.20620	0.12804	0.17888	0.03376	0.12012	0.01059	0.00698	0.00211	0.00503	0.03000	0.00655	0.00862
7	0.01667	0.19734	0.34981	0.01715	0.06927	0.01852	0.01766	0.16285	0.05058	0.02379	0.01254	0.01393	0.00947	0.00643	0.00579	0.00187	0.00811	0.00487	0.00372	0.00964
8	0.01758	0.57733	0.12833	0.01280	0.01859	0.11870	0.01300	0.02035	0.01388	0.01600	0.00947	0.01098	0.00828	0.00576	0.00464	0.00151	0.00789	0.00373	0.00283	0.00836

[dist]
# distance from previous block
# <min> <max>
0	1

[block]
# block no. 8 follows, 34 sequences, length 58
# corresponding to MSA columns:
# 368-425
name=unknown_I
#
# <colnr> <probs for GDERKNQSTAVLIFYWHMCP>
#	G	D	E	R	K	N	Q	S	T	A	V	L	I	F	Y	W	H	M	C	P
0	0.01389	0.17079	0.25968	0.01592	0.04690	0.05070	0.07449	0.01927	0.06933	0.01907	0.01920	0.10887	0.05466	0.00897	0.00637	0.00203	0.00762	0.04008	0.00385	0.00830
1	0.11266	0.03315	0.05400	0.18376	0.08666	0.09549	0.01320	0.10050	0.06060	0.08152	0.03834	0.04336	0.01338	0.00962	0.04456	0.00244	0.00789	0.00606	0.00442	0.00838
2	0.00953	0.00673	0.00851	0.00838	0.01004	0.00614	0.00639	0.01209	0.01670	0.04720	0.44122	0.12175	0.18621	0.01477	0.00777	0.00221	0.00352	0.07808	0.00671	0.00604
3	0.00859	0.00622	0.00863	0.00943	0.01010	0.00647	0.00672	0.01012	0.01142	0.01565	0.02726	0.40310	0.03076	0.09718	0.29207	0.00591	0.00920	0.03096	0.00485	0.00535
4	0.01210	0.01517	0.14340	0.15677	0.02579	0.01242	0.18628	0.01681	0.03878	0.01941	0.08547	0.13557	0.03944	0.03308	0.00846	0.00237	0.03245	0.02459	0.00413	0.00750
5	0.01432	0.02349	0.32620	0.02283	0.05071	0.01540	0.35004	0.03867	0.01495	0.02108	0.01360	0.01864	0.01060	0.00645	0.00701	0.00215	0.00988	0.04169	0.00327	0.00902
6	0.02899	0.01100	0.01499	0.01150	0.01649	0.00950	0.00950	0.03149	0.01849	0.73709	0.02549	0.02199	0.01599	0.00800	0.00650	0.00200	0.00550	0.00650	0.00800	0.01100
