[name]
unknown

[dist]
# distance from previous block
# <min> <max>
0	320

[block]
# block no. 0 follows, 31 sequences, length 37
# corresponding to MSA columns:
# 499-535
name=unknown_A
#
# <colnr> <probs for GDERKNQSTAVLIFYWHMCP>
#	G	D	E	R	K	N	Q	S	T	A	V	L	I	F	Y	W	H	M	C	P
0	0.04516	0.00956	0.01215	0.05983	0.01550	0.00892	0.00860	0.04321	0.01760	0.14421	0.27120	0.08908	0.07631	0.01173	0.00727	0.00209	0.00481	0.04328	0.00651	0.12298
1	0.00952	0.00667	0.00859	0.00895	0.00940	0.00693	0.00592	0.01050	0.01098	0.01499	0.02439	0.20491	0.02739	0.38482	0.22872	0.00699	0.00936	0.01141	0.00452	0.00504
2	0.01110	0.00889	0.01205	0.03851	0.01480	0.00878	0.04910	0.03742	0.04824	0.02089	0.09174	0.07710	0.22209	0.06611	0.03120	0.00313	0.00600	0.24029	0.00595	0.00662
3	0.01275	0.00638	0.00638	0.00638	0.00797	0.00638	0.00478	0.01594	0.01435	0.02551	0.02232	0.02551	0.01754	0.00797	0.00478	0.00159	0.00319	0.00638	0.79755	0.00638
4	0.06315	0.01488	0.04167	0.01458	0.06914	0.08104	0.02800	0.05669	0.10120	0.05660	0.04723	0.12382	0.05159	0.00954	0.00656	0.00192	0.00628	0.00802	0.00518	0.21291
5	0.01419	0.01216	0.01419	0.01013	0.01621	0.00912	0.00811	0.01723	0.01419	0.02229	0.01216	0.01419	0.01013	0.00507	0.00507	0.00101	0.00507	0.00405	0.00405	0.80139
6	0.01275	0.00638	0.00638	0.00638	0.00797	0.00638	0.00478	0.01594	0.01435	0.02551	0.02232	0.02551	0.01754	0.00797	0.00478	0.00159	0.00319	0.00638	0.79755	0.00638
7	0.80789	0.01323	0.01006	0.00900	0.01323	0.01535	0.00741	0.02011	0.01164	0.03070	0.00953	0.01111	0.00741	0.00635	0.00423	0.00212	0.00529	0.00370	0.00423	0.00741
8	0.00809	0.00693	0.00693	0.00693	0.00924	0.00578	0.00520	0.00982	0.01559	0.01848	0.06931	0.06584	0.71411	0.01733	0.00809	0.00231	0.00347	0.01444	0.00635	0.00578
9	0.04408	0.01260	0.02091	0.60566	0.07515	0.01499	0.04365	0.01899	0.01419	0.06624	0.01317	0.01826	0.00972	0.00686	0.00679	0.00225	0.00880	0.00612	0.00349	0.00808
10	0.00992	0.00676	0.00813	0.00813	0.00836	0.00699	0.00497	0.01038	0.01015	0.01376	0.02095	0.04141	0.02341	0.62647	0.16592	0.00745	0.00883	0.00946	0.00406	0.00451
11	0.02601	0.01916	0.02053	0.01574	0.02122	0.02122	0.01300	0.69408	0.03217	0.04312	0.01643	0.01643	0.01163	0.00821	0.00684	0.00205	0.00753	0.00616	0.00684	0.01163
12	0.02599	0.01980	0.02048	0.01583	0.02121	0.05491	0.01301	0.66248	0.03156	0.04187	0.01615	0.01623	0.01150	0.00816	0.00681	0.00204	0.00776	0.00608	0.00669	0.01146
13	0.01751	0.00913	0.01194	0.01060	0.01378	0.00783	0.00801	0.01956	0.01565	0.27452	0.02927	0.35719	0.02871	0.01381	0.00741	0.00222	0.00484	0.01214	0.00671	0.14919
14	0.02601	0.01916	0.02053	0.01574	0.02122	0.02122	0.01300	0.69408	0.03217	0.04312	0.01643	0.01643	0.01163	0.00821	0.00684	0.00205	0.00753	0.00616	0.00684	0.01163
15	0.01702	0.01470	0.01547	0.01392	0.01779	0.01702	0.01083	0.03635	0.70453	0.02862	0.02785	0.02553	0.02088	0.00928	0.00696	0.00232	0.00541	0.00773	0.00696	0.01083
16	0.00834	0.00595	0.00794	0.00953	0.00992	0.00556	0.00635	0.00953	0.01310	0.01746	0.03771	0.75510	0.04525	0.02143	0.00873	0.00278	0.00397	0.01945	0.00635	0.00556
17	0.01439	0.07669	0.57302	0.02052	0.02987	0.01679	0.13125	0.02163	0.01468	0.02137	0.01236	0.01488	0.00895	0.00634	0.00662	0.00215	0.01017	0.00545	0.00298	0.00989
18	0.03070	0.01164	0.01588	0.01217	0.01746	0.01006	0.01006	0.03334	0.01958	0.72163	0.02699	0.02329	0.01694	0.00847	0.00688	0.00212	0.00582	0.00688	0.00847	0.01164
19	0.01497	0.01497	0.02095	0.01796	0.01796	0.02095	0.01497	0.01646	0.01048	0.01646	0.00898	0.01497	0.00898	0.01197	0.02245	0.00299	0.74704	0.00599	0.00299	0.00748
20	0.01629	0.01725	0.03626	0.12721	0.05995	0.01670	0.55010	0.02171	0.01592	0.04809	0.01408	0.01856	0.01047	0.00603	0.00781	0.00229	0.01087	0.00769	0.00359	0.00915
21	0.01874	0.01728	0.10272	0.01549	0.04268	0.01643	0.01301	0.08327	0.47411	0.10225	0.02450	0.02297	0.01794	0.00867	0.00688	0.00225	0.00628	0.00714	0.00650	0.01089
22	0.01064	0.00843	0.01196	0.01148	0.01229	0.01019	0.00879	0.01249	0.01073	0.01551	0.01741	0.02817	0.01719	0.17170	0.49395	0.00893	0.13295	0.00758	0.00364	0.00598
23	0.00977	0.00733	0.01100	0.01100	0.01222	0.00855	0.00855	0.01222	0.01100	0.01588	0.01833	0.02688	0.01710	0.05131	0.73245	0.01100	0.01833	0.00733	0.00367	0.00611
24	0.01275	0.00638	0.00638	0.00638	0.00797	0.00638	0.00478	0.01594	0.01435	0.02551	0.02232	0.02551	0.01754	0.00797	0.00478	0.00159	0.00319	0.00638	0.79755	0.00638
25	0.02699	0.01758	0.01955	0.01499	0.02043	0.01887	0.01238	0.55503	0.02952	0.18591	0.01865	0.01787	0.01275	0.00827	0.00685	0.00207	0.00717	0.00631	0.00719	0.01164
26	0.01626	0.01702	0.02110	0.01905	0.05115	0.10123	0.01505	0.01791	0.01173	0.01677	0.00934	0.01476	0.00905	0.01114	0.01987	0.00281	0.62918	0.00581	0.00307	0.00769
27	0.01292	0.01216	0.02052	0.74312	0.04712	0.01520	0.01900	0.01748	0.01368	0.01748	0.01216	0.01824	0.00912	0.00684	0.00684	0.00228	0.00912	0.00608	0.00304	0.00760
28	0.01611	0.01461	0.01711	0.07849	0.14252	0.09983	0.01225	0.01958	0.03541	0.06088	0.04316	0.02570	0.07773	0.00853	0.00712	0.00186	0.03444	0.05040	0.00455	0.24970
29	0.09272	0.09190	0.02176	0.18766	0.12546	0.10555	0.03673	0.08367	0.01626	0.02240	0.01188	0.01506	0.00955	0.00666	0.00665	0.00191	0.03643	0.00519	0.00376	0.11880
30	0.04124	0.12007	0.02011	0.04408	0.18967	0.01456	0.01255	0.08117	0.04358	0.13779	0.07313	0.12862	0.04491	0.00999	0.00682	0.00212	0.00630	0.00856	0.00545	0.00927
31	0.04355	0.15870	0.12195	0.01459	0.04204	0.06310	0.03777	0.04149	0.07542	0.04756	0.01744	0.10168	0.01586	0.00864	0.00623	0.00190	0.00711	0.03195	0.00445	0.15857
32	0.10278	0.15778	0.24353	0.01474	0.02152	0.03983	0.01533	0.13905	0.05750	0.04577	0.01347	0.01461	0.01017	0.00675	0.00581	0.00189	0.00778	0.00493	0.00426	0.09249
33	0.15721	0.15748	0.21006	0.08666	0.02301	0.11617	0.01507	0.02143	0.04098	0.02179	0.05236	0.01585	0.01230	0.00695	0.00576	0.00195	0.00819	0.00506	0.00371	0.03803
34	0.12786	0.18480	0.04722	0.01407	0.04413	0.07168	0.01174	0.11115	0.08946	0.20822	0.01718	0.01687	0.01243	0.00738	0.00590	0.00195	0.00700	0.00545	0.00553	0.00998
35	0.21880	0.11528	0.06587	0.01349	0.01850	0.01645	0.07000	0.09654	0.10865	0.10792	0.08792	0.01998	0.01718	0.00787	0.00609	0.00207	0.00653	0.00623	0.00538	0.00923
36	0.08731	0.09265	0.09193	0.01611	0.07302	0.20241	0.01292	0.06618	0.04355	0.09707	0.10605	0.01976	0.01771	0.00789	0.00627	0.00193	0.00797	0.00601	0.00486	0.03842

[dist]
# distance from previous block
# <min> <max>
6	152

[block]
# block no. 1 follows, 31 sequences, length 41
# corresponding to MSA columns:
# 708-748
name=unknown_B
#
# <colnr> <probs for GDERKNQSTAVLIFYWHMCP>
#	G	D	E	R	K	N	Q	S	T	A	V	L	I	F	Y	W	H	M	C	P
0	0.11078	0.01621	0.01870	0.01743	0.10606	0.08734	0.04643	0.13758	0.07368	0.23738	0.02024	0.01998	0.03690	0.00787	0.00655	0.00206	0.00715	0.00635	0.00601	0.03529
1	0.08093	0.01715	0.05938	0.09270	0.36778	0.05320	0.01714	0.04142	0.11956	0.02377	0.01471	0.01735	0.01169	0.00674	0.00647	0.00205	0.00773	0.00590	0.00407	0.05028
2	0.08388	0.01356	0.01673	0.01751	0.14626	0.03315	0.01177	0.08957	0.07103	0.15212	0.02564	0.02794	0.11397	0.00955	0.00763	0.00213	0.04700	0.04277	0.00563	0.08216
3	0.01368	0.00879	0.01160	0.07749	0.03801	0.00826	0.00819	0.01603	0.01571	0.13216	0.20510	0.08260	0.12424	0.15104	0.01250	0.00296	0.00520	0.01030	0.00600	0.07016
4	0.05399	0.01682	0.15047	0.33552	0.13686	0.01422	0.01785	0.01847	0.01404	0.02026	0.01351	0.05548	0.01125	0.00719	0.00651	0.00208	0.00818	0.00623	0.00343	0.10766
5	0.01828	0.01411	0.01693	0.01409	0.01812	0.01534	0.04661	0.12711	0.33869	0.09188	0.11452	0.02578	0.02315	0.00937	0.00781	0.00219	0.04346	0.00775	0.00659	0.05820
6	0.50799	0.01464	0.01360	0.18522	0.02218	0.07879	0.01073	0.01998	0.01295	0.02587	0.01038	0.01308	0.00808	0.00646	0.00507	0.00207	0.00682	0.00435	0.00388	0.04785
7	0.01658	0.01589	0.02712	0.10439	0.65728	0.01616	0.02082	0.02068	0.01541	0.02192	0.01281	0.01705	0.01068	0.00616	0.00678	0.00205	0.00822	0.00609	0.00336	0.01055
8	0.01830	0.01518	0.02928	0.02143	0.02733	0.01378	0.40762	0.02268	0.01637	0.16923	0.01853	0.08403	0.01481	0.00764	0.00753	0.00216	0.00890	0.00836	0.00484	0.10200
9	0.00979	0.00727	0.01068	0.01068	0.01179	0.00838	0.00816	0.01201	0.01090	0.01565	0.01861	0.02847	0.01779	0.11435	0.67036	0.01061	0.01728	0.00756	0.00371	0.00593
10	0.04886	0.01366	0.01749	0.05513	0.06555	0.01362	0.01178	0.14365	0.10200	0.41988	0.02305	0.02134	0.01540	0.00821	0.00680	0.00213	0.00638	0.00667	0.00726	0.01115
11	0.01275	0.00638	0.00638	0.00638	0.00797	0.00638	0.00478	0.01594	0.01435	0.02551	0.02232	0.02551	0.01754	0.00797	0.00478	0.00159	0.00319	0.00638	0.79755	0.00638
12	0.01594	0.01398	0.01501	0.01191	0.01710	0.03692	0.00940	0.04489	0.26198	0.02500	0.01785	0.01825	0.01398	0.00674	0.00584	0.00154	0.00551	0.00545	0.00516	0.46755
13	0.01459	0.01487	0.02465	0.01982	0.02174	0.01828	0.19375	0.01722	0.01209	0.01781	0.01218	0.04208	0.01154	0.03629	0.06168	0.00340	0.45980	0.00719	0.00331	0.00770
14	0.01275	0.00638	0.00638	0.00638	0.00797	0.00638	0.00478	0.01594	0.01435	0.02551	0.02232	0.02551	0.01754	0.00797	0.00478	0.00159	0.00319	0.00638	0.79755	0.00638
15	0.02553	0.01893	0.02026	0.01564	0.02103	0.02099	0.01289	0.65926	0.06776	0.04235	0.01703	0.01691	0.01212	0.00827	0.00685	0.00207	0.00742	0.00624	0.00685	0.01159
16	0.00977	0.00733	0.01100	0.01100	0.01222	0.00855	0.00855	0.01222	0.01100	0.01588	0.01833	0.02688	0.01710	0.05131	0.73245	0.01100	0.01833	0.00733	0.00367	0.00611
17	0.02601	0.01916	0.02053	0.01574	0.02122	0.02122	0.01300	0.69408	0.03217	0.04312	0.01643	0.01643	0.01163	0.00821	0.00684	0.00205	0.00753	0.00616	0.00684	0.01163
18	0.03070	0.01164	0.01588	0.01217	0.01746	0.01006	0.01006	0.03334	0.01958	0.72163	0.02699	0.02329	0.01694	0.00847	0.00688	0.00212	0.00582	0.00688	0.00847	0.01164
19	0.01829	0.76368	0.03585	0.01171	0.01756	0.02707	0.01171	0.02049	0.01390	0.01610	0.00951	0.01097	0.00878	0.00585	0.00439	0.00146	0.00732	0.00366	0.00293	0.00878
20	0.01693	0.01626	0.02777	0.04199	0.71689	0.01626	0.02100	0.02100	0.01558	0.02235	0.01287	0.01693	0.01084	0.00610	0.00677	0.00203	0.00813	0.00610	0.00339	0.01084
21	0.01693	0.01626	0.02777	0.04199	0.71689	0.01626	0.02100	0.02100	0.01558	0.02235	0.01287	0.01693	0.01084	0.00610	0.00677	0.00203	0.00813	0.00610	0.00339	0.01084
22	0.00968	0.00699	0.00914	0.00861	0.01022	0.00646	0.00646	0.01291	0.01937	0.02743	0.71328	0.05110	0.06455	0.01399	0.00807	0.00215	0.00323	0.01237	0.00753	0.00646
23	0.02601	0.01916	0.02053	0.01574	0.02122	0.02122	0.01300	0.69408	0.03217	0.04312	0.01643	0.01643	0.01163	0.00821	0.00684	0.00205	0.00753	0.00616	0.00684	0.01163
24	0.00834	0.00595	0.00794	0.00953	0.00992	0.00556	0.00635	0.00953	0.01310	0.01746	0.03771	0.75510	0.04525	0.02143	0.00873	0.00278	0.00397	0.01945	0.00635	0.00556
25	0.02556	0.03261	0.01939	0.01763	0.02115	0.73210	0.01322	0.02732	0.01939	0.01674	0.01058	0.01234	0.00881	0.00705	0.00617	0.00176	0.01234	0.00441	0.00353	0.00793
26	0.01292	0.01216	0.02052	0.74312	0.04712	0.01520	0.01900	0.01748	0.01368	0.01748	0.01216	0.01824	0.00912	0.00684	0.00684	0.00228	0.00912	0.00608	0.00304	0.00760
27	0.01497	0.01497	0.02095	0.01796	0.01796	0.02095	0.01497	0.01646	0.01048	0.01646	0.00898	0.01497	0.00898	0.01197	0.02245	0.00299	0.74704	0.00599	0.00299	0.00748
28	0.01102	0.00787	0.01102	0.01260	0.01417	0.00787	0.01102	0.01417	0.01575	0.02047	0.03622	0.07717	0.03937	0.01890	0.00945	0.00315	0.00630	0.67084	0.00630	0.00630
29	0.01292	0.01216	0.02052	0.74312	0.04712	0.01520	0.01900	0.01748	0.01368	0.01748	0.01216	0.01824	0.00912	0.00684	0.00684	0.00228	0.00912	0.00608	0.00304	0.00760
30	0.01086	0.00782	0.01080	0.01229	0.01390	0.00776	0.01070	0.01393	0.01574	0.02036	0.03805	0.07655	0.07656	0.01881	0.00937	0.00310	0.00614	0.63467	0.00630	0.00627
31	0.01497	0.01497	0.02095	0.01796	0.01796	0.02095	0.01497	0.01646	0.01048	0.01646	0.00898	0.01497	0.00898	0.01197	0.02245	0.00299	0.74704	0.00599	0.00299	0.00748
32	0.13653	0.01567	0.02119	0.01630	0.02161	0.01622	0.14951	0.20249	0.11984	0.20193	0.01915	0.01907	0.01341	0.00766	0.00674	0.00217	0.00730	0.00660	0.00619	0.01042
33	0.13628	0.01467	0.01594	0.01298	0.01754	0.01579	0.01052	0.25903	0.16458	0.17868	0.08512	0.02222	0.01899	0.00876	0.00661	0.00214	0.00601	0.00686	0.00690	0.01038
34	0.02642	0.01849	0.02012	0.01542	0.02088	0.02022	0.01274	0.63527	0.03105	0.10351	0.01737	0.01704	0.01211	0.00824	0.00685	0.00206	0.00738	0.00622	0.00699	0.01164
35	0.01379	0.01170	0.01374	0.01000	0.01568	0.00888	0.00796	0.01684	0.01465	0.02275	0.07456	0.01747	0.01498	0.00586	0.00533	0.00111	0.00490	0.00479	0.00436	0.73064
36	0.08649	0.01194	0.01421	0.01149	0.01576	0.01162	0.00927	0.12938	0.05820	0.30597	0.18009	0.02852	0.04793	0.00966	0.00688	0.00208	0.00532	0.00789	0.00728	0.05002
37	0.11346	0.01351	0.01683	0.01299	0.01818	0.01269	0.06400	0.12407	0.01742	0.09922	0.01624	0.02108	0.01334	0.00753	0.00651	0.00177	0.02538	0.06435	0.00509	0.34632
38	0.04799	0.01678	0.04126	0.01416	0.01984	0.01642	0.03175	0.36251	0.06173	0.08707	0.01629	0.01668	0.01188	0.00726	0.00632	0.00181	0.00675	0.00568	0.00592	0.22192
39	0.09202	0.01431	0.01555	0.03593	0.01805	0.01469	0.01014	0.23661	0.13027	0.03071	0.06182	0.02156	0.05265	0.00812	0.00626	0.00184	0.00587	0.00641	0.00573	0.23145
40	0.05845	0.01482	0.01636	0.01354	0.01771	0.04888	0.04611	0.21565	0.17186	0.05150	0.06465	0.08872	0.07420	0.01011	0.00695	0.00212	0.00625	0.00841	0.00617	0.07753

[dist]
# distance from previous block
# <min> <max>
0	77

[block]
# block no. 2 follows, 31 sequences, length 17
# corresponding to MSA columns:
# 826-842
name=unknown_C
#
# <colnr> <probs for GDERKNQSTAVLIFYWHMCP>
#	G	D	E	R	K	N	Q	S	T	A	V	L	I	F	Y	W	H	M	C	P
0	0.24716	0.12405	0.06339	0.01315	0.01790	0.06588	0.04875	0.06853	0.12023	0.04612	0.01635	0.07968	0.01398	0.00820	0.00585	0.00205	0.00679	0.00634	0.00476	0.04085
1	0.08450	0.07129	0.08246	0.01440	0.01994	0.12192	0.03180	0.23132	0.02083	0.07541	0.01605	0.01682	0.03658	0.00733	0.00612	0.00183	0.00771	0.00549	0.00504	0.14315
2	0.09415	0.01371	0.01523	0.01259	0.01683	0.04168	0.03067	0.18238	0.05549	0.07479	0.04597	0.13051	0.02012	0.01006	0.00668	0.00201	0.00608	0.04588	0.00576	0.18941
3	0.02116	0.05321	0.04513	0.01612	0.02155	0.18958	0.09543	0.17049	0.04114	0.07313	0.01430	0.01559	0.01086	0.00677	0.00629	0.00176	0.00850	0.00542	0.00477	0.19881
4	0.01541	0.05017	0.22178	0.01763	0.02432	0.04610	0.15398	0.04752	0.01538	0.02191	0.01341	0.04507	0.01108	0.00689	0.00726	0.00187	0.04789	0.00597	0.00369	0.24269
5	0.01898	0.01965	0.19114	0.04137	0.02353	0.06952	0.13038	0.05235	0.01695	0.19852	0.02194	0.07961	0.05492	0.03978	0.00830	0.00238	0.00829	0.00793	0.00515	0.00931
6	0.01673	0.01127	0.01721	0.01363	0.01779	0.01025	0.13403	0.02113	0.06317	0.19299	0.18871	0.03612	0.12261	0.01061	0.00747	0.00213	0.00587	0.03608	0.00642	0.08575
7	0.01718	0.58691	0.20291	0.01360	0.02048	0.02436	0.01500	0.02077	0.01403	0.01745	0.01018	0.01182	0.00875	0.00601	0.00490	0.00163	0.00799	0.00400	0.00292	0.00910
8	0.01292	0.01216	0.02052	0.74312	0.04712	0.01520	0.01900	0.01748	0.01368	0.01748	0.01216	0.01824	0.00912	0.00684	0.00684	0.00228	0.00912	0.00608	0.00304	0.00760
9	0.01007	0.00777	0.01157	0.01139	0.01255	0.00926	0.00892	0.01246	0.01097	0.01592	0.01779	0.02619	0.01664	0.04905	0.69174	0.01054	0.06012	0.00725	0.00363	0.00619
10	0.01275	0.00638	0.00638	0.00638	0.00797	0.00638	0.00478	0.01594	0.01435	0.02551	0.02232	0.02551	0.01754	0.00797	0.00478	0.00159	0.00319	0.00638	0.79755	0.00638
11	0.02014	0.01497	0.02299	0.19390	0.02907	0.01576	0.15868	0.19880	0.04306	0.15281	0.06516	0.02122	0.01566	0.00784	0.00720	0.00219	0.00810	0.00716	0.00554	0.00976
12	0.01957	0.49983	0.08550	0.01400	0.01940	0.19708	0.01327	0.02208	0.01514	0.01671	0.00997	0.01173	0.00879	0.00643	0.00569	0.00165	0.03744	0.00404	0.00307	0.00863
13	0.01275	0.00638	0.00638	0.00638	0.00797	0.00638	0.00478	0.01594	0.01435	0.02551	0.02232	0.02551	0.01754	0.00797	0.00478	0.00159	0.00319	0.00638	0.79755	0.00638
14	0.01829	0.76368	0.03585	0.01171	0.01756	0.02707	0.01171	0.02049	0.01390	0.01610	0.00951	0.01097	0.00878	0.00585	0.00439	0.00146	0.00732	0.00366	0.00293	0.00878
15	0.00809	0.00693	0.00693	0.00693	0.00924	0.00578	0.00520	0.00982	0.01559	0.01848	0.06931	0.06584	0.71411	0.01733	0.00809	0.00231	0.00347	0.01444	0.00635	0.00578
16	0.01306	0.01235	0.02055	0.69312	0.04511	0.01560	0.01872	0.01741	0.01346	0.01741	0.01194	0.01801	0.00911	0.00719	0.00792	0.00233	0.06000	0.00607	0.00304	0.00759

[dist]
# distance from previous block
# <min> <max>
0	7

[block]
# block no. 3 follows, 31 sequences, length 26
# corresponding to MSA columns:
# 850-875
name=unknown_D
#
# <colnr> <probs for GDERKNQSTAVLIFYWHMCP>
#	G	D	E	R	K	N	Q	S	T	A	V	L	I	F	Y	W	H	M	C	P
0	0.00995	0.00663	0.00746	0.00746	0.00746	0.00663	0.00415	0.00995	0.00995	0.01327	0.02156	0.04477	0.02487	0.75957	0.03482	0.00663	0.00663	0.00995	0.00415	0.00415
1	0.02421	0.02020	0.01934	0.01558	0.02031	0.13710	0.01258	0.50226	0.05177	0.03591	0.01603	0.01697	0.01197	0.01178	0.06945	0.00279	0.00918	0.00603	0.00603	0.01052
2	0.02595	0.02099	0.02038	0.01600	0.02121	0.11801	0.01303	0.60329	0.03043	0.03953	0.01563	0.01587	0.01125	0.00805	0.00675	0.00201	0.00818	0.00592	0.00639	0.01113
3	0.01281	0.01059	0.01419	0.01237	0.01521	0.01073	0.08019	0.08792	0.13403	0.02498	0.19601	0.17043	0.14714	0.01498	0.03408	0.00265	0.00565	0.01194	0.00638	0.00774
4	0.01693	0.01626	0.02777	0.04199	0.71689	0.01626	0.02100	0.02100	0.01558	0.02235	0.01287	0.01693	0.01084	0.00610	0.00677	0.00203	0.00813	0.00610	0.00339	0.01084
5	0.01702	0.01470	0.01547	0.01392	0.01779	0.01702	0.01083	0.03635	0.70453	0.02862	0.02785	0.02553	0.02088	0.00928	0.00696	0.00232	0.00541	0.00773	0.00696	0.01083
6	0.00970	0.00699	0.00961	0.00975	0.01052	0.00769	0.00697	0.01127	0.01085	0.01519	0.02102	0.09547	0.02199	0.27249	0.44950	0.00891	0.01339	0.00920	0.00405	0.00544
7	0.01327	0.01251	0.02115	0.68252	0.10501	0.01529	0.01917	0.01778	0.01384	0.01790	0.01222	0.01813	0.00927	0.00678	0.00683	0.00226	0.00903	0.00608	0.00307	0.00788
8	0.03070	0.01164	0.01588	0.01217	0.01746	0.01006	0.01006	0.03334	0.01958	0.72163	0.02699	0.02329	0.01694	0.00847	0.00688	0.00212	0.00582	0.00688	0.00847	0.01164
9	0.01497	0.01497	0.02095	0.01796	0.01796	0.02095	0.01497	0.01646	0.01048	0.01646	0.00898	0.01497	0.00898	0.01197	0.02245	0.00299	0.74704	0.00599	0.00299	0.00748
10	0.01693	0.01626	0.02777	0.04199	0.71689	0.01626	0.02100	0.02100	0.01558	0.02235	0.01287	0.01693	0.01084	0.00610	0.00677	0.00203	0.00813	0.00610	0.00339	0.01084
11	0.01579	0.01212	0.01973	0.01656	0.02029	0.01196	0.18868	0.02222	0.14236	0.11967	0.02776	0.15145	0.02617	0.01263	0.00816	0.00257	0.00708	0.18028	0.00599	0.00853
12	0.01544	0.01575	0.02089	0.01795	0.01810	0.05257	0.01489	0.01695	0.01087	0.01648	0.00905	0.01485	0.00897	0.01176	0.02173	0.00294	0.71438	0.00592	0.00302	0.00750
13	0.00977	0.00733	0.01100	0.01100	0.01222	0.00855	0.00855	0.01222	0.01100	0.01588	0.01833	0.02688	0.01710	0.05131	0.73245	0.01100	0.01833	0.00733	0.00367	0.00611
14	0.01275	0.00638	0.00638	0.00638	0.00797	0.00638	0.00478	0.01594	0.01435	0.02551	0.02232	0.02551	0.01754	0.00797	0.00478	0.00159	0.00319	0.00638	0.79755	0.00638
15	0.02596	0.02063	0.02041	0.01595	0.02121	0.09873	0.01303	0.62138	0.03077	0.04024	0.01579	0.01598	0.01133	0.00809	0.00677	0.00202	0.00805	0.00597	0.00648	0.01123
16	0.02148	0.01691	0.01798	0.01482	0.01949	0.01910	0.01191	0.36259	0.37103	0.03581	0.02218	0.02101	0.01630	0.00875	0.00690	0.00219	0.00646	0.00695	0.00690	0.01123
17	0.01292	0.01216	0.02052	0.74312	0.04712	0.01520	0.01900	0.01748	0.01368	0.01748	0.01216	0.01824	0.00912	0.00684	0.00684	0.00228	0.00912	0.00608	0.00304	0.00760
18	0.01440	0.01441	0.02274	0.11761	0.02392	0.01859	0.10940	0.01700	0.01175	0.01731	0.01090	0.01693	0.00990	0.01381	0.07968	0.00349	0.48100	0.00641	0.00312	0.00762
19	0.08212	0.01116	0.01426	0.06012	0.04695	0.03544	0.05019	0.04104	0.06133	0.05077	0.32159	0.03811	0.06065	0.01127	0.00738	0.00219	0.00549	0.05880	0.00612	0.03501
20	0.06475	0.08768	0.08663	0.04515	0.07638	0.03369	0.01111	0.01668	0.01665	0.04479	0.30177	0.06168	0.08407	0.01120	0.00710	0.00213	0.00564	0.02964	0.00558	0.00767
21	0.20461	0.01664	0.02274	0.02988	0.41876	0.07751	0.05659	0.02089	0.01490	0.02361	0.01301	0.04720	0.01131	0.00688	0.00628	0.00208	0.00784	0.00608	0.00373	0.00945
22	0.04779	0.15469	0.02834	0.01896	0.04905	0.04310	0.22016	0.19506	0.01952	0.02655	0.01317	0.01541	0.01023	0.00639	0.00639	0.00186	0.00846	0.00583	0.00435	0.12466
23	0.04100	0.01322	0.01723	0.01551	0.06043	0.01370	0.06593	0.19007	0.12076	0.11593	0.09639	0.17126	0.02572	0.01129	0.00740	0.00228	0.00613	0.00990	0.00648	0.00938
24	0.09302	0.01243	0.01320	0.01130	0.01527	0.03362	0.00874	0.07291	0.15346	0.06168	0.02365	0.17075	0.04816	0.01037	0.00650	0.00196	0.00532	0.00865	0.00565	0.24334
25	0.04634	0.01484	0.04742	0.01352	0.01858	0.05828	0.07310	0.04990	0.09202	0.13229	0.07910	0.02401	0.03938	0.00810	0.00651	0.00184	0.00645	0.02936	0.00548	0.25346

[dist]
# distance from previous block
# <min> <max>
4	64

[block]
# block no. 4 follows, 31 sequences, length 29
# corresponding to MSA columns:
# 952-980
name=unknown_E
#
# <colnr> <probs for GDERKNQSTAVLIFYWHMCP>
#	G	D	E	R	K	N	Q	S	T	A	V	L	I	F	Y	W	H	M	C	P
0	0.14412	0.01376	0.01769	0.05021	0.02011	0.01338	0.09912	0.10735	0.06738	0.02615	0.01573	0.07540	0.01350	0.00750	0.00608	0.00180	0.00641	0.00642	0.00472	0.30315
1	0.01809	0.05847	0.09829	0.01833	0.02425	0.14316	0.19057	0.08791	0.01725	0.02263	0.01247	0.01510	0.00984	0.00642	0.00714	0.00182	0.04308	0.00555	0.00385	0.21580
2	0.01558	0.01801	0.07358	0.02439	0.03099	0.01581	0.50280	0.02186	0.05989	0.02224	0.01516	0.04038	0.01198	0.00642	0.00755	0.00215	0.01001	0.00771	0.00381	0.10967
3	0.01562	0.01228	0.01444	0.01102	0.01632	0.01057	0.00880	0.05751	0.08271	0.06343	0.01541	0.01723	0.01236	0.01053	0.07903	0.00227	0.00662	0.00502	0.00471	0.55411
4	0.01240	0.00703	0.00816	0.00794	0.00881	0.00683	0.00508	0.01336	0.01203	0.08756	0.02384	0.10923	0.02475	0.47425	0.02397	0.00488	0.00566	0.00993	0.14886	0.00545
5	0.00844	0.00604	0.00804	0.00945	0.00995	0.00563	0.00636	0.00980	0.01360	0.01827	0.09224	0.69827	0.04681	0.02083	0.00868	0.00273	0.00391	0.01888	0.00645	0.00563
6	0.02923	0.01127	0.01536	0.01200	0.01697	0.00976	0.00981	0.03178	0.01916	0.67548	0.02769	0.07124	0.01879	0.00932	0.00700	0.00216	0.00570	0.00770	0.00833	0.01124
7	0.00832	0.00603	0.00786	0.00933	0.00987	0.00557	0.00627	0.00955	0.01328	0.01754	0.04005	0.70406	0.09477	0.02113	0.00868	0.00274	0.00393	0.01908	0.00635	0.00557
8	0.01410	0.01216	0.01460	0.05816	0.01824	0.00952	0.00882	0.01724	0.01415	0.02198	0.01216	0.01445	0.01007	0.00518	0.00518	0.00110	0.00533	0.00419	0.00399	0.74937
9	0.01702	0.01470	0.01547	0.01392	0.01779	0.01702	0.01083	0.03635	0.70453	0.02862	0.02785	0.02553	0.02088	0.00928	0.00696	0.00232	0.00541	0.00773	0.00696	0.01083
10	0.02480	0.03123	0.01934	0.01752	0.02090	0.67684	0.01322	0.02710	0.04057	0.01711	0.01105	0.01287	0.00920	0.00735	0.00694	0.00184	0.04593	0.00458	0.00361	0.00800
11	0.01419	0.01216	0.01419	0.01013	0.01621	0.00912	0.00811	0.01723	0.01419	0.02229	0.01216	0.01419	0.01013	0.00507	0.00507	0.00101	0.00507	0.00405	0.00405	0.80139
12	0.00867	0.00724	0.00767	0.00736	0.00978	0.00607	0.00555	0.01069	0.01607	0.02001	0.16022	0.06073	0.57885	0.01614	0.00791	0.00221	0.00352	0.01354	0.00639	0.05138
13	0.00827	0.00619	0.00769	0.00889	0.00975	0.00561	0.00607	0.00960	0.01371	0.01772	0.04549	0.58525	0.21007	0.02042	0.00857	0.00266	0.00385	0.01821	0.00635	0.00561
14	0.00823	0.00673	0.00726	0.00755	0.00943	0.00577	0.00550	0.00993	0.01529	0.01877	0.09851	0.20596	0.54136	0.01798	0.00822	0.00240	0.00356	0.01535	0.00642	0.00577
15	0.00939	0.00698	0.00874	0.00830	0.01004	0.00633	0.00622	0.01234	0.01867	0.02578	0.59431	0.05383	0.18456	0.01460	0.00807	0.00218	0.00327	0.01275	0.00731	0.00633
16	0.01419	0.01216	0.01419	0.01013	0.01621	0.00912	0.00811	0.01723	0.01419	0.02229	0.01216	0.01419	0.01013	0.00507	0.00507	0.00101	0.00507	0.00405	0.00405	0.80139
17	0.01034	0.00715	0.01011	0.01011	0.01140	0.00814	0.00783	0.01293	0.01164	0.01773	0.01909	0.02661	0.01719	0.04301	0.59309	0.00919	0.01543	0.00715	0.15571	0.00616
18	0.02608	0.01841	0.01999	0.01539	0.02080	0.02017	0.01269	0.61863	0.05375	0.09740	0.01766	0.01729	0.01237	0.00827	0.00685	0.00207	0.00732	0.00627	0.00698	0.01161
19	0.00845	0.00606	0.00784	0.00921	0.00969	0.00566	0.00611	0.00958	0.01298	0.01718	0.03818	0.65907	0.08115	0.08079	0.01080	0.00306	0.00416	0.01840	0.00617	0.00546
20	0.00863	0.00649	0.00755	0.00815	0.00921	0.00589	0.00551	0.00989	0.01369	0.01751	0.08074	0.33464	0.27899	0.16505	0.01361	0.00334	0.00428	0.01544	0.00598	0.00540
21	0.01408	0.01527	0.05501	0.46447	0.04245	0.01596	0.25512	0.01920	0.01457	0.01920	0.01275	0.01817	0.00954	0.00645	0.00726	0.00228	0.01000	0.00674	0.00318	0.00827
22	0.39867	0.01658	0.01499	0.01231	0.01703	0.06994	0.01006	0.25766	0.02019	0.10323	0.01377	0.01428	0.00995	0.00727	0.00555	0.00207	0.00665	0.00493	0.00552	0.00935
23	0.03070	0.01164	0.01588	0.01217	0.01746	0.01006	0.01006	0.03334	0.01958	0.72163	0.02699	0.02329	0.01694	0.00847	0.00688	0.00212	0.00582	0.00688	0.00847	0.01164
24	0.02510	0.01850	0.02000	0.01547	0.02071	0.02051	0.01275	0.65580	0.03098	0.04159	0.01653	0.01701	0.01194	0.01063	0.04758	0.00256	0.00813	0.00623	0.00667	0.01132
25	0.00982	0.00745	0.00886	0.00892	0.01046	0.00715	0.00641	0.01343	0.08531	0.02162	0.26336	0.22233	0.19776	0.06916	0.01058	0.02685	0.00401	0.01373	0.00654	0.00626
26	0.00875	0.00649	0.00782	0.00840	0.00944	0.00593	0.00575	0.01026	0.01438	0.01887	0.16298	0.34989	0.21599	0.12822	0.01231	0.00312	0.00410	0.01552	0.00623	0.00556
27	0.01913	0.01370	0.01653	0.01266	0.01790	0.04139	0.04839	0.08314	0.08017	0.16939	0.07365	0.02044	0.01700	0.00727	0.00623	0.00165	0.00600	0.00608	0.00570	0.35359
28	0.49794	0.01283	0.01243	0.01027	0.01497	0.01351	0.00846	0.04294	0.01492	0.25775	0.01557	0.01539	0.01077	0.00704	0.00521	0.00207	0.00552	0.00483	0.00569	0.04189

[dist]
# distance from previous block
# <min> <max>
4	15

[block]
# block no. 5 follows, 31 sequences, length 24
# corresponding to MSA columns:
# 998-1021
name=unknown_F
#
# <colnr> <probs for GDERKNQSTAVLIFYWHMCP>
#	G	D	E	R	K	N	Q	S	T	A	V	L	I	F	Y	W	H	M	C	P
0	0.09904	0.01279	0.01549	0.03305	0.01802	0.01101	0.04542	0.01968	0.06543	0.04360	0.01356	0.01531	0.01082	0.00570	0.00539	0.00137	0.00561	0.00465	0.00435	0.56972
1	0.01873	0.45715	0.17902	0.01572	0.06991	0.04038	0.01512	0.02231	0.01488	0.09250	0.01222	0.01348	0.00977	0.00632	0.00532	0.00173	0.00794	0.00449	0.00355	0.00949
2	0.07667	0.01515	0.01622	0.01379	0.01815	0.01691	0.01103	0.19259	0.40145	0.10545	0.02394	0.02353	0.01780	0.00900	0.00680	0.00224	0.00598	0.02566	0.00688	0.01074
3	0.02203	0.01175	0.01435	0.01131	0.01618	0.01061	0.00911	0.02769	0.13469	0.34200	0.02267	0.02147	0.01585	0.00764	0.00619	0.00180	0.00527	0.00622	0.09063	0.22255
4	0.01214	0.00638	0.00676	0.00693	0.00838	0.00639	0.00513	0.01508	0.01405	0.02419	0.02376	0.10288	0.02045	0.01149	0.04026	0.00217	0.00400	0.00781	0.67546	0.00628
5	0.00929	0.00653	0.00768	0.00809	0.00854	0.00633	0.00505	0.00993	0.01152	0.01512	0.03156	0.23087	0.11589	0.44349	0.05613	0.00529	0.00607	0.01286	0.00497	0.00480
6	0.01013	0.00732	0.00923	0.01008	0.01113	0.00729	0.00721	0.01329	0.10008	0.01851	0.03554	0.44668	0.09193	0.01963	0.01087	0.10671	0.00459	0.07783	0.00598	0.00597
7	0.00863	0.00614	0.00814	0.00954	0.01005	0.00578	0.00650	0.00997	0.01341	0.01794	0.07166	0.64816	0.04495	0.05643	0.00999	0.00295	0.00418	0.05368	0.00630	0.00558
8	0.01572	0.14182	0.02165	0.01314	0.01926	0.01385	0.09916	0.05102	0.01526	0.02219	0.01213	0.01431	0.01001	0.00545	0.00543	0.00131	0.00642	0.00462	0.00392	0.52334
9	0.05895	0.23646	0.02358	0.01558	0.01979	0.50220	0.01253	0.02508	0.01750	0.01719	0.01023	0.01190	0.00874	0.00668	0.00558	0.00169	0.01061	0.00416	0.00339	0.00815
10	0.80789	0.01323	0.01006	0.00900	0.01323	0.01535	0.00741	0.02011	0.01164	0.03070	0.00953	0.01111	0.00741	0.00635	0.00423	0.00212	0.00529	0.00370	0.00423	0.00741
11	0.02168	0.01689	0.01864	0.01529	0.01988	0.05006	0.04253	0.25661	0.33457	0.09967	0.02210	0.02110	0.01611	0.00864	0.00725	0.00220	0.02225	0.00695	0.00667	0.01091
12	0.00847	0.00607	0.00784	0.00920	0.00966	0.00567	0.00609	0.00958	0.01293	0.01713	0.03783	0.65346	0.07782	0.08993	0.01113	0.00311	0.00419	0.01831	0.00615	0.00544
13	0.01605	0.01763	0.03680	0.08185	0.15302	0.01697	0.52948	0.02144	0.01587	0.02167	0.01356	0.01818	0.01037	0.00590	0.00776	0.00226	0.01078	0.00759	0.00342	0.00939
14	0.01594	0.01211	0.01437	0.01035	0.01635	0.00922	0.00831	0.01893	0.01476	0.09639	0.01373	0.01515	0.01085	0.00543	0.00526	0.00113	0.00515	0.00435	0.00452	0.71771
15	0.00961	0.00706	0.00923	0.01019	0.01157	0.00668	0.00806	0.01203	0.01566	0.02060	0.16164	0.25099	0.15080	0.01846	0.00880	0.00274	0.00469	0.27859	0.00654	0.00605
16	0.02652	0.01360	0.01655	0.01322	0.01816	0.01354	0.01079	0.15834	0.16236	0.43417	0.02539	0.02376	0.01729	0.00884	0.00695	0.00217	0.00607	0.02312	0.00780	0.01134
17	0.01572	0.01518	0.02108	0.16164	0.02655	0.06607	0.14355	0.04268	0.20655	0.02290	0.05160	0.02344	0.01682	0.01037	0.04395	0.00264	0.02995	0.02936	0.00478	0.06518
18	0.14756	0.01229	0.01467	0.01162	0.01648	0.01164	0.00948	0.09915	0.01886	0.43370	0.02390	0.06064	0.03616	0.00883	0.00647	0.00207	0.00570	0.00701	0.00715	0.06662
19	0.01137	0.00930	0.00956	0.01008	0.01143	0.08289	0.00713	0.01301	0.01516	0.05263	0.12168	0.46875	0.12536	0.01786	0.00821	0.00250	0.00479	0.01575	0.00630	0.00624
20	0.07548	0.01498	0.01480	0.01265	0.01643	0.11662	0.00990	0.06024	0.12911	0.15361	0.07411	0.09875	0.02072	0.00971	0.00741	0.00205	0.04364	0.00769	0.00589	0.12623
21	0.07521	0.01470	0.01717	0.06971	0.02049	0.07959	0.06388	0.08396	0.07874	0.16684	0.03560	0.02490	0.06698	0.00859	0.00666	0.00201	0.00689	0.03659	0.00564	0.13587
22	0.01883	0.01519	0.01647	0.03254	0.01835	0.11214	0.05307	0.12369	0.08839	0.12293	0.10722	0.08040	0.06982	0.00995	0.00701	0.00203	0.00669	0.00836	0.00600	0.10090
23	0.01996	0.01459	0.01565	0.01293	0.01715	0.09637	0.02343	0.05184	0.13703	0.20016	0.04574	0.07823	0.03895	0.00926	0.00734	0.00197	0.03847	0.00747	0.00603	0.17743

[dist]
# distance from previous block
# <min> <max>
18	93

[block]
# block no. 6 follows, 31 sequences, length 17
# corresponding to MSA columns:
# 1128-1144
name=unknown_G
#
# <colnr> <probs for GDERKNQSTAVLIFYWHMCP>
#	G	D	E	R	K	N	Q	S	T	A	V	L	I	F	Y	W	H	M	C	P
0	0.08413	0.01651	0.04376	0.11398	0.02295	0.03609	0.01267	0.29620	0.08132	0.09307	0.01706	0.03874	0.01285	0.00794	0.00648	0.00202	0.00709	0.00622	0.00572	0.09519
1	0.11046	0.03724	0.07706	0.07647	0.05311	0.01547	0.08017	0.16271	0.05606	0.10823	0.01620	0.03849	0.01235	0.00737	0.00638	0.00199	0.00726	0.00616	0.00510	0.12170
2	0.03695	0.12202	0.08066	0.12504	0.02380	0.01638	0.05855	0.12967	0.09422	0.10559	0.04075	0.05469	0.04199	0.00892	0.00676	0.00215	0.00727	0.03003	0.00525	0.00932
3	0.25842	0.07131	0.10292	0.01269	0.01818	0.01598	0.01168	0.15081	0.05836	0.16523	0.03440	0.01690	0.01272	0.00743	0.00582	0.00204	0.00650	0.00543	0.00553	0.03766
4	0.05444	0.01508	0.01647	0.01349	0.01787	0.01626	0.01080	0.34563	0.15805	0.07886	0.06261	0.09576	0.02011	0.00988	0.00692	0.00213	0.00615	0.00802	0.00669	0.05477
5	0.10263	0.01334	0.01501	0.01255	0.01686	0.01409	0.01002	0.10253	0.27487	0.26006	0.06281	0.02433	0.01977	0.03090	0.00752	0.00232	0.00568	0.00720	0.00712	0.01039
6	0.01419	0.01216	0.01419	0.01013	0.01621	0.00912	0.00811	0.01723	0.01419	0.02229	0.01216	0.01419	0.01013	0.00507	0.00507	0.00101	0.00507	0.00405	0.00405	0.80139
7	0.00834	0.00595	0.00794	0.00953	0.00992	0.00556	0.00635	0.00953	0.01310	0.01746	0.03771	0.75510	0.04525	0.02143	0.00873	0.00278	0.00397	0.01945	0.00635	0.00556
8	0.01829	0.76368	0.03585	0.01171	0.01756	0.02707	0.01171	0.02049	0.01390	0.01610	0.00951	0.01097	0.00878	0.00585	0.00439	0.00146	0.00732	0.00366	0.00293	0.00878
9	0.00834	0.00595	0.00794	0.00953	0.00992	0.00556	0.00635	0.00953	0.01310	0.01746	0.03771	0.75510	0.04525	0.02143	0.00873	0.00278	0.00397	0.01945	0.00635	0.00556
10	0.02601	0.01916	0.02053	0.01574	0.02122	0.02122	0.01300	0.69408	0.03217	0.04312	0.01643	0.01643	0.01163	0.00821	0.00684	0.00205	0.00753	0.00616	0.00684	0.01163
11	0.00991	0.00689	0.00866	0.00873	0.01017	0.00647	0.00656	0.01261	0.01690	0.02383	0.39707	0.12899	0.10321	0.05690	0.00945	0.00254	0.00387	0.08891	0.09217	0.00615
12	0.01324	0.01240	0.02053	0.65230	0.08507	0.01486	0.01839	0.01767	0.01383	0.01809	0.01220	0.01789	0.00929	0.00668	0.00672	0.00218	0.00879	0.00595	0.00313	0.06079
13	0.05839	0.01272	0.02082	0.61543	0.12751	0.01534	0.01859	0.01806	0.01380	0.01883	0.01210	0.01768	0.00923	0.00672	0.00668	0.00224	0.00878	0.00595	0.00315	0.00799
14	0.06624	0.05917	0.01900	0.06302	0.02085	0.06115	0.01229	0.40181	0.07002	0.03394	0.04786	0.04268	0.01636	0.00913	0.00678	0.00213	0.00728	0.04427	0.00602	0.00999
15	0.01857	0.01729	0.09249	0.01306	0.01903	0.05365	0.01152	0.18477	0.01923	0.07354	0.01500	0.04083	0.01193	0.00690	0.00597	0.00157	0.00664	0.00542	0.00495	0.39765
16	0.01539	0.13020	0.17549	0.01467	0.06017	0.01481	0.01340	0.10187	0.05319	0.04296	0.09904	0.04822	0.11635	0.00944	0.00661	0.00198	0.00659	0.00769	0.00497	0.07696

[dist]
# distance from previous block
# <min> <max>
16	80

[block]
# block no. 7 follows, 31 sequences, length 6
# corresponding to MSA columns:
# 1254-1259
name=unknown_H
#
# <colnr> <probs for GDERKNQSTAVLIFYWHMCP>
#	G	D	E	R	K	N	Q	S	T	A	V	L	I	F	Y	W	H	M	C	P
0	0.01579	0.01238	0.01603	0.10533	0.07016	0.01293	0.01151	0.14680	0.05181	0.05432	0.02124	0.21927	0.02072	0.01125	0.00805	0.00217	0.05395	0.00950	0.00531	0.15145
1	0.05221	0.01253	0.01577	0.06560	0.05156	0.01156	0.01035	0.04022	0.01479	0.08868	0.01459	0.05214	0.01230	0.00717	0.00724	0.00161	0.07350	0.00555	0.00448	0.45815
2	0.17176	0.01468	0.01694	0.10520	0.05389	0.04072	0.01212	0.13665	0.07039	0.14603	0.01607	0.01742	0.01183	0.00792	0.00786	0.00215	0.08630	0.00575	0.03077	0.04556
3	0.16096	0.01624	0.01690	0.01367	0.01821	0.01796	0.01107	0.47820	0.02585	0.03728	0.01824	0.12058	0.01567	0.00977	0.00665	0.00217	0.00663	0.00762	0.00631	0.01003
4	0.01690	0.01386	0.01652	0.10270	0.02128	0.01282	0.01065	0.18182	0.01849	0.02676	0.01320	0.01524	0.01037	0.00605	0.00572	0.00142	0.00617	0.00482	0.00461	0.51061
5	0.05516	0.01758	0.01882	0.14640	0.07452	0.11788	0.01333	0.21607	0.06479	0.05049	0.01460	0.01639	0.01105	0.00709	0.00632	0.00189	0.00781	0.00554	0.00490	0.14938

[dist]
# distance from previous block
# <min> <max>
15	167

[block]
# block no. 8 follows, 31 sequences, length 17
# corresponding to MSA columns:
# 1478-1494
name=unknown_I
#
# <colnr> <probs for GDERKNQSTAVLIFYWHMCP>
#	G	D	E	R	K	N	Q	S	T	A	V	L	I	F	Y	W	H	M	C	P
0	0.07787	0.03175	0.06278	0.04629	0.01822	0.06353	0.01094	0.08859	0.01810	0.23737	0.06976	0.06247	0.08821	0.00969	0.00714	0.00208	0.02665	0.00771	0.00605	0.06478
1	0.13149	0.01375	0.01489	0.04197	0.01766	0.03319	0.00985	0.16923	0.07041	0.12645	0.09591	0.02258	0.04523	0.00832	0.00629	0.00190	0.00587	0.00655	0.00594	0.17254
2	0.05572	0.01022	0.01180	0.01025	0.01361	0.00948	0.00782	0.08227	0.04624	0.08011	0.09631	0.21043	0.09946	0.03020	0.00767	0.00214	0.00481	0.01053	0.00598	0.20496
3	0.04015	0.00843	0.01038	0.00986	0.01240	0.00726	0.00715	0.01371	0.01378	0.06389	0.02838	0.46059	0.03160	0.01518	0.00736	0.00219	0.00446	0.01349	0.00572	0.24403
4	0.01628	0.01154	0.01368	0.01067	0.01553	0.00981	0.00837	0.02107	0.10182	0.12770	0.05472	0.05829	0.01788	0.04506	0.00741	0.00177	0.00515	0.00646	0.00539	0.46142
5	0.01427	0.01138	0.01491	0.01638	0.12683	0.03854	0.03531	0.05171	0.06183	0.07360	0.03023	0.31484	0.09270	0.01369	0.00759	0.00230	0.00570	0.01220	0.00570	0.07029
6	0.01315	0.01020	0.01491	0.01427	0.06839	0.00952	0.08449	0.01663	0.06522	0.07038	0.02776	0.25355	0.07083	0.12949	0.01178	0.00292	0.00590	0.01150	0.00535	0.11375
7	0.04821	0.01721	0.01701	0.01380	0.01870	0.13678	0.03981	0.07933	0.20981	0.06170	0.01737	0.01777	0.01330	0.00709	0.00612	0.00174	0.00693	0.00562	0.00521	0.27649
8	0.01504	0.01233	0.01386	0.01152	0.01578	0.01194	0.00907	0.08903	0.21177	0.02573	0.06769	0.05610	0.05618	0.03337	0.00746	0.00199	0.00528	0.04197	0.00571	0.30816
9	0.01623	0.16334	0.50542	0.01731	0.02597	0.01776	0.02093	0.04888	0.03606	0.06762	0.01337	0.01481	0.00971	0.00666	0.00617	0.00204	0.00909	0.00505	0.00354	0.01005
10	0.00873	0.00630	0.00832	0.00963	0.01036	0.00589	0.00680	0.01034	0.01407	0.01873	0.09971	0.58405	0.08139	0.02028	0.00872	0.00274	0.00412	0.08763	0.00645	0.00573
11	0.09129	0.01274	0.01888	0.01428	0.01972	0.01151	0.10665	0.03065	0.01845	0.56660	0.02372	0.02162	0.01524	0.00791	0.00684	0.00214	0.00659	0.00679	0.00742	0.01096
12	0.00868	0.00625	0.00827	0.00963	0.01030	0.00585	0.00673	0.01023	0.01394	0.01858	0.09327	0.61080	0.07231	0.02045	0.00872	0.00274	0.00410	0.07702	0.00644	0.00570
13	0.01340	0.01265	0.02139	0.65884	0.12764	0.01533	0.01924	0.01790	0.01391	0.01807	0.01225	0.01808	0.00933	0.00675	0.00683	0.00225	0.00900	0.00608	0.00308	0.00799
14	0.01012	0.00842	0.00929	0.01055	0.01144	0.06449	0.00757	0.01167	0.01409	0.01789	0.03634	0.57069	0.06359	0.01976	0.00861	0.00274	0.00498	0.11577	0.00612	0.00587
15	0.02475	0.01314	0.01592	0.01286	0.01741	0.01312	0.01037	0.18359	0.12253	0.37160	0.05979	0.08242	0.02095	0.00985	0.00709	0.00219	0.00588	0.00813	0.00765	0.01077
16	0.02245	0.01952	0.20808	0.01499	0.02123	0.01429	0.01481	0.13537	0.11602	0.29142	0.02190	0.02280	0.01552	0.00853	0.00691	0.00220	0.00722	0.03953	0.00638	0.01085

[dist]
# distance from previous block
# <min> <max>
5	64

[block]
# block no. 9 follows, 31 sequences, length 43
# corresponding to MSA columns:
# 1561-1571,1592-1623
name=unknown_J
#
# <colnr> <probs for GDERKNQSTAVLIFYWHMCP>
#	G	D	E	R	K	N	Q	S	T	A	V	L	I	F	Y	W	H	M	C	P
0	0.04578	0.01284	0.01701	0.01334	0.01800	0.01211	0.08720	0.12550	0.05865	0.07023	0.15141	0.02762	0.02385	0.00882	0.00676	0.00188	0.00600	0.05321	0.00570	0.25407
1	0.01470	0.01246	0.01446	0.01038	0.01643	0.00964	0.00832	0.04653	0.01496	0.02319	0.01234	0.01428	0.01020	0.00520	0.00514	0.00106	0.00517	0.00414	0.00417	0.76720
2	0.16377	0.01751	0.03408	0.02472	0.03109	0.01707	0.54245	0.04357	0.01583	0.02424	0.01312	0.01702	0.00987	0.00596	0.00732	0.00226	0.01024	0.00720	0.00371	0.00897
3	0.00931	0.00698	0.00862	0.00821	0.00999	0.00629	0.00616	0.01218	0.01847	0.02532	0.56100	0.05459	0.21815	0.01478	0.00807	0.00219	0.00328	0.01286	0.00725	0.00629
4	0.00890	0.00652	0.00860	0.00960	0.01011	0.00653	0.00656	0.01012	0.01249	0.01678	0.03391	0.53314	0.06595	0.11454	0.09507	0.00418	0.02955	0.01627	0.00567	0.00552
5	0.00968	0.00699	0.00914	0.00861	0.01022	0.00646	0.00646	0.01291	0.01937	0.02743	0.71328	0.05110	0.06455	0.01399	0.00807	0.00215	0.00323	0.01237	0.00753	0.00646
6	0.01693	0.01626	0.02777	0.04199	0.71689	0.01626	0.02100	0.02100	0.01558	0.02235	0.01287	0.01693	0.01084	0.00610	0.00677	0.00203	0.00813	0.00610	0.00339	0.01084
7	0.01611	0.01779	0.03641	0.02722	0.05537	0.01761	0.55827	0.02226	0.05969	0.02181	0.01422	0.01851	0.01093	0.00663	0.00940	0.00237	0.08477	0.00778	0.00364	0.00921
8	0.80789	0.01323	0.01006	0.00900	0.01323	0.01535	0.00741	0.02011	0.01164	0.03070	0.00953	0.01111	0.00741	0.00635	0.00423	0.00212	0.00529	0.00370	0.00423	0.00741
9	0.01122	0.13434	0.01376	0.00938	0.01171	0.01001	0.00763	0.01427	0.01821	0.02508	0.55149	0.04602	0.05356	0.01293	0.00754	0.00210	0.00411	0.05312	0.00668	0.00684
10	0.02601	0.01916	0.02053	0.01574	0.02122	0.02122	0.01300	0.69408	0.03217	0.04312	0.01643	0.01643	0.01163	0.00821	0.00684	0.00205	0.00753	0.00616	0.00684	0.01163
11	0.01605	0.01536	0.02618	0.19537	0.57037	0.01602	0.02056	0.02023	0.01516	0.02129	0.01271	0.01722	0.01046	0.00626	0.00679	0.00209	0.00834	0.00609	0.00331	0.01013
12	0.01275	0.00638	0.00638	0.00638	0.00797	0.00638	0.00478	0.01594	0.01435	0.02551	0.02232	0.02551	0.01754	0.00797	0.00478	0.00159	0.00319	0.00638	0.79755	0.00638
13	0.01556	0.01505	0.02674	0.07746	0.46792	0.01501	0.12537	0.01972	0.01560	0.02185	0.04147	0.05285	0.01592	0.00784	0.00729	0.00220	0.00826	0.05034	0.00384	0.00971
14	0.01404	0.08606	0.67624	0.01896	0.02877	0.01667	0.02433	0.02158	0.01441	0.02128	0.01209	0.01420	0.00867	0.00645	0.00635	0.00212	0.00992	0.00496	0.00289	0.01002
