[name]
unknown

[dist]
# distance from previous block
# <min> <max>
0	37

[block]
# block no. 0 follows, 33 sequences, length 22
# corresponding to MSA columns:
# 49-70
name=unknown_A
#
# <colnr> <probs for GDERKNQSTAVLIFYWHMCP>
#	G	D	E	R	K	N	Q	S	T	A	V	L	I	F	Y	W	H	M	C	P
0	0.01665	0.03737	0.01723	0.05441	0.05433	0.09463	0.03483	0.11442	0.03511	0.05007	0.06909	0.04624	0.01666	0.00952	0.03203	0.00210	0.05094	0.03160	0.00466	0.22813
1	0.03356	0.01087	0.05101	0.01334	0.10318	0.00957	0.00925	0.01611	0.10766	0.02021	0.08926	0.03742	0.21929	0.08477	0.01084	0.06160	0.00523	0.02919	0.00503	0.08263
2	0.01659	0.27948	0.02264	0.06379	0.09344	0.12224	0.01174	0.01960	0.03457	0.03723	0.07195	0.01878	0.03458	0.00880	0.03110	0.00204	0.03708	0.00557	0.05066	0.03812
3	0.01334	0.01357	0.09621	0.16672	0.04277	0.01205	0.03730	0.10633	0.05105	0.02184	0.03898	0.19933	0.02129	0.05189	0.00846	0.00242	0.00669	0.03208	0.00472	0.07295
4	0.01722	0.06118	0.04777	0.06123	0.12316	0.09897	0.01312	0.18031	0.04283	0.02337	0.01656	0.11574	0.01548	0.04879	0.03039	0.00258	0.08079	0.00748	0.00450	0.00852
5	0.03833	0.00973	0.01050	0.05349	0.01379	0.07632	0.00797	0.01289	0.01336	0.01768	0.02825	0.36645	0.07470	0.01564	0.00877	0.06277	0.00534	0.06731	0.00506	0.11164
6	0.12271	0.01190	0.01308	0.01251	0.06252	0.03250	0.00899	0.15152	0.04834	0.07867	0.09197	0.07798	0.13114	0.05334	0.04192	0.00268	0.00603	0.00851	0.00563	0.03805
7	0.01511	0.01293	0.01309	0.01146	0.01478	0.06992	0.00883	0.14664	0.16615	0.02525	0.09337	0.14925	0.11679	0.01139	0.00689	0.00203	0.00540	0.00955	0.00592	0.11525
8	0.00940	0.00705	0.01058	0.01058	0.01176	0.00823	0.00823	0.01176	0.01058	0.01528	0.01763	0.02586	0.01646	0.04937	0.74255	0.01058	0.01763	0.00705	0.00353	0.00588
9	0.01042	0.00605	0.00831	0.00839	0.00859	0.00608	0.00551	0.00932	0.00980	0.01324	0.05215	0.08386	0.02008	0.22053	0.08122	0.43434	0.00654	0.00812	0.00367	0.00375
10	0.00969	0.00654	0.00751	0.00770	0.00887	0.00614	0.00531	0.01108	0.01293	0.03781	0.06149	0.16954	0.23026	0.23784	0.04475	0.00379	0.00499	0.03082	0.09760	0.00534
11	0.00960	0.00666	0.00835	0.00910	0.00968	0.00654	0.00613	0.04465	0.01271	0.01693	0.02996	0.45778	0.03496	0.22181	0.01583	0.03621	0.00490	0.05754	0.00543	0.00522
12	0.01961	0.00918	0.01180	0.00978	0.01325	0.00818	0.00780	0.03987	0.01826	0.37074	0.23095	0.03549	0.12350	0.01077	0.00697	0.00204	0.00446	0.00905	0.05961	0.00869
13	0.11978	0.00810	0.00917	0.00884	0.01080	0.00809	0.00657	0.01541	0.05272	0.08284	0.21300	0.16205	0.07877	0.10460	0.01019	0.00271	0.00435	0.03784	0.05765	0.00652
14	0.00947	0.00654	0.00820	0.00890	0.00994	0.00613	0.00616	0.01151	0.03997	0.04932	0.10291	0.49803	0.13170	0.06685	0.00974	0.00275	0.00398	0.01590	0.00619	0.00582
15	0.01243	0.01170	0.01975	0.75282	0.04534	0.01463	0.01828	0.01682	0.01316	0.01682	0.01170	0.01755	0.00878	0.00658	0.00658	0.00219	0.00878	0.00585	0.00293	0.00731
16	0.00851	0.00655	0.00724	0.00735	0.00876	0.00588	0.00514	0.00992	0.01387	0.01750	0.12739	0.11456	0.39776	0.20444	0.01429	0.00330	0.00419	0.03240	0.00571	0.00524
17	0.06106	0.00767	0.00926	0.00869	0.01090	0.00704	0.00652	0.01496	0.01594	0.14816	0.25416	0.18286	0.19229	0.04027	0.00835	0.00236	0.00397	0.01213	0.00663	0.00677
18	0.00899	0.00652	0.00838	0.00954	0.01036	0.00623	0.00674	0.04012	0.01380	0.01822	0.03725	0.62093	0.08643	0.01958	0.00835	0.00265	0.00415	0.07994	0.00613	0.00568
19	0.01448	0.01186	0.01244	0.01129	0.01412	0.05424	0.00868	0.02486	0.35071	0.05416	0.29802	0.03335	0.03557	0.01050	0.00699	0.00211	0.00472	0.00892	0.03447	0.00850
20	0.00873	0.00607	0.00739	0.00816	0.00843	0.00583	0.00509	0.00936	0.01130	0.01498	0.03029	0.40601	0.06042	0.36447	0.01992	0.00436	0.00498	0.01433	0.00514	0.00473
21	0.00951	0.00691	0.00845	0.00867	0.01016	0.00645	0.00626	0.01247	0.05690	0.04155	0.26371	0.31655	0.19497	0.01640	0.00791	0.00234	0.00362	0.01446	0.00657	0.00614

[dist]
# distance from previous block
# <min> <max>
0	1

[block]
# block no. 1 follows, 33 sequences, length 151
# corresponding to MSA columns:
# 72-220,226,227
name=unknown_B
#
# <colnr> <probs for GDERKNQSTAVLIFYWHMCP>
#	G	D	E	R	K	N	Q	S	T	A	V	L	I	F	Y	W	H	M	C	P
0	0.01577	0.01777	0.03837	0.02744	0.03406	0.01674	0.68657	0.03802	0.01592	0.02159	0.01338	0.01771	0.01002	0.00561	0.00774	0.00221	0.01100	0.00772	0.00341	0.00894
1	0.01366	0.01198	0.01352	0.07646	0.03499	0.04524	0.01009	0.02401	0.35950	0.02264	0.06780	0.16014	0.04224	0.01460	0.06993	0.00298	0.00652	0.00956	0.00578	0.00835
2	0.81514	0.01273	0.00968	0.00866	0.01273	0.01477	0.00713	0.01935	0.01120	0.02954	0.00917	0.01069	0.00713	0.00611	0.00407	0.00204	0.00509	0.00356	0.00407	0.00713
3	0.00940	0.00705	0.01058	0.01058	0.01176	0.00823	0.00823	0.01176	0.01058	0.01528	0.01763	0.02586	0.01646	0.04937	0.74255	0.01058	0.01763	0.00705	0.00353	0.00588
4	0.00805	0.00664	0.00707	0.00705	0.00908	0.00566	0.00525	0.00993	0.01550	0.01918	0.17522	0.09247	0.58351	0.01631	0.00781	0.00222	0.00332	0.01378	0.00630	0.00566
5	0.01440	0.01440	0.02016	0.01728	0.01728	0.02016	0.01440	0.01584	0.01008	0.01584	0.00864	0.01440	0.00864	0.01152	0.02160	0.00288	0.75659	0.00576	0.00288	0.00720
6	0.01365	0.01170	0.01365	0.00975	0.01560	0.00878	0.00780	0.01658	0.01365	0.02145	0.01170	0.01365	0.00975	0.00488	0.00488	0.00098	0.00488	0.00390	0.00390	0.80888
7	0.01760	0.77260	0.03450	0.01126	0.01690	0.02605	0.01126	0.01971	0.01338	0.01549	0.00915	0.01056	0.00845	0.00563	0.00422	0.00141	0.00704	0.00352	0.00282	0.00845
8	0.01320	0.03405	0.73453	0.01876	0.02849	0.01529	0.02432	0.02085	0.01390	0.02085	0.01181	0.01390	0.00834	0.00625	0.00625	0.00208	0.00973	0.00486	0.00278	0.00973
9	0.00967	0.00686	0.00872	0.00863	0.00901	0.00744	0.00572	0.01049	0.00992	0.01369	0.01933	0.03649	0.02098	0.50749	0.26634	0.00765	0.03442	0.00862	0.00380	0.00471
10	0.00957	0.00638	0.00718	0.00718	0.00718	0.00638	0.00399	0.00957	0.00957	0.01276	0.02074	0.04308	0.02393	0.76864	0.03351	0.00638	0.00638	0.00957	0.00399	0.00399
11	0.01554	0.01776	0.03885	0.02775	0.03441	0.01665	0.70366	0.02109	0.01554	0.02109	0.01332	0.01776	0.00999	0.00555	0.00777	0.00222	0.01110	0.00777	0.00333	0.00888
12	0.02244	0.01774	0.01775	0.01435	0.01881	0.08260	0.01149	0.44495	0.16613	0.05723	0.01816	0.01912	0.01370	0.05507	0.00822	0.00228	0.00714	0.00633	0.00621	0.01028
13	0.00916	0.00709	0.00832	0.00802	0.00984	0.00655	0.00596	0.01250	0.05745	0.02269	0.40811	0.07889	0.28666	0.03914	0.00857	0.00230	0.00344	0.01251	0.00668	0.00613
14	0.01320	0.03405	0.73453	0.01876	0.02849	0.01529	0.02432	0.02085	0.01390	0.02085	0.01181	0.01390	0.00834	0.00625	0.00625	0.00208	0.00973	0.00486	0.00278	0.00973
15	0.00923	0.00673	0.00867	0.00819	0.00978	0.00617	0.00614	0.01225	0.01842	0.02589	0.68487	0.05002	0.10167	0.01365	0.00777	0.00208	0.00312	0.01202	0.00718	0.00617
16	0.01037	0.00740	0.00984	0.00955	0.01146	0.00675	0.03566	0.01263	0.01544	0.06392	0.19372	0.17453	0.24719	0.04997	0.00919	0.00257	0.00441	0.12297	0.00627	0.00616
17	0.02597	0.01548	0.01637	0.01323	0.01790	0.10778	0.01065	0.13969	0.13731	0.41055	0.02243	0.02034	0.01510	0.00806	0.00654	0.00202	0.00661	0.00634	0.00704	0.01061
18	0.78753	0.01293	0.01003	0.00888	0.01300	0.01497	0.00732	0.04333	0.01189	0.02995	0.00940	0.01087	0.00727	0.00617	0.00416	0.00203	0.00517	0.00365	0.00416	0.00727
19	0.01741	0.59578	0.09101	0.01530	0.09495	0.05649	0.01338	0.02016	0.01383	0.01661	0.00977	0.01152	0.00866	0.00576	0.00472	0.00154	0.00757	0.00392	0.00289	0.00873
20	0.01244	0.01153	0.07276	0.05665	0.01587	0.01122	0.01061	0.01564	0.03680	0.06978	0.17238	0.03391	0.11691	0.06608	0.08727	0.00346	0.16775	0.02701	0.00495	0.00700
21	0.00937	0.00636	0.00752	0.00771	0.00786	0.00641	0.00461	0.00970	0.01004	0.01348	0.02243	0.13196	0.02577	0.61517	0.08933	0.00627	0.00700	0.01051	0.00422	0.00432
22	0.10800	0.32935	0.09916	0.09490	0.02213	0.06898	0.05289	0.04601	0.03469	0.04062	0.01125	0.01330	0.00909	0.00643	0.00595	0.00183	0.03892	0.00460	0.00345	0.00846
23	0.00826	0.00633	0.00748	0.00792	0.00924	0.00565	0.00560	0.00996	0.01464	0.01897	0.18874	0.31227	0.31125	0.05152	0.00917	0.00254	0.00360	0.01503	0.00625	0.00555
24	0.01570	0.33583	0.39529	0.01524	0.02290	0.01955	0.01793	0.02130	0.03981	0.04375	0.01177	0.01322	0.00910	0.00616	0.00545	0.00181	0.00831	0.00447	0.00313	0.00928
25	0.01320	0.00932	0.01182	0.01038	0.01237	0.00990	0.00820	0.06902	0.01759	0.09047	0.38041	0.03912	0.12343	0.01239	0.00977	0.00220	0.12964	0.00996	0.03366	0.00715
26	0.01692	0.01519	0.03816	0.03714	0.01697	0.13097	0.01066	0.07683	0.17043	0.08543	0.10173	0.02446	0.02033	0.04987	0.13251	0.00371	0.04813	0.00706	0.00524	0.00826
27	0.01305	0.01221	0.02020	0.48346	0.21285	0.01388	0.01730	0.01701	0.01369	0.01820	0.01527	0.05286	0.04058	0.00740	0.00664	0.00212	0.00795	0.00671	0.00332	0.03530
28	0.01481	0.01274	0.01418	0.01130	0.01625	0.01200	0.00891	0.02439	0.31184	0.02404	0.01811	0.01829	0.01414	0.00660	0.00565	0.00151	0.00502	0.00541	0.00509	0.46974
29	0.01144	0.00572	0.00858	0.00858	0.00858	0.00572	0.00572	0.00858	0.00858	0.01144	0.01144	0.02001	0.01144	0.02287	0.02573	0.80846	0.00572	0.00572	0.00286	0.00286
30	0.01320	0.03405	0.73453	0.01876	0.02849	0.01529	0.02432	0.02085	0.01390	0.02085	0.01181	0.01390	0.00834	0.00625	0.00625	0.00208	0.00973	0.00486	0.00278	0.00973
31	0.00956	0.00643	0.00743	0.00743	0.00752	0.00652	0.00430	0.00974	0.00965	0.01295	0.02051	0.04180	0.02338	0.71521	0.08618	0.00669	0.00722	0.00939	0.00395	0.00413
32	0.02436	0.05558	0.01917	0.01677	0.02024	0.71882	0.01267	0.02607	0.01848	0.01609	0.01014	0.01183	0.00848	0.00675	0.00588	0.00169	0.01171	0.00422	0.00337	0.00766
33	0.01947	0.01645	0.01551	0.01368	0.03985	0.16732	0.01034	0.14058	0.13283	0.11397	0.14599	0.02442	0.04259	0.00878	0.00656	0.00190	0.00664	0.00703	0.00588	0.08020
34	0.01817	0.01520	0.01635	0.01529	0.06023	0.03770	0.01132	0.12118	0.54143	0.05167	0.02399	0.02249	0.01789	0.00853	0.00665	0.00216	0.00584	0.00703	0.00643	0.01047
35	0.01026	0.00747	0.00827	0.00855	0.00898	0.03230	0.00566	0.01095	0.01108	0.01436	0.02360	0.06871	0.02670	0.57295	0.02702	0.00545	0.00644	0.14226	0.00444	0.00456
36	0.01365	0.01170	0.01365	0.00975	0.01560	0.00878	0.00780	0.01658	0.01365	0.02145	0.01170	0.01365	0.00975	0.00488	0.00488	0.00098	0.00488	0.00390	0.00390	0.80888
37	0.00831	0.00663	0.00746	0.00750	0.00936	0.00578	0.00561	0.01037	0.01578	0.02010	0.24165	0.12169	0.46237	0.01620	0.00787	0.00225	0.00340	0.03549	0.00642	0.00573
38	0.01243	0.01170	0.01975	0.75282	0.04534	0.01463	0.01828	0.01682	0.01316	0.01682	0.01170	0.01755	0.00878	0.00658	0.00658	0.00219	0.00878	0.00585	0.00293	0.00731
39	0.02401	0.02013	0.01904	0.01526	0.02005	0.14042	0.01232	0.51945	0.10324	0.03574	0.01606	0.01610	0.01171	0.00783	0.00649	0.00196	0.00780	0.00581	0.00607	0.01052
40	0.01160	0.00815	0.00965	0.00924	0.01162	0.00772	0.00738	0.05632	0.03615	0.07574	0.15445	0.05377	0.33579	0.01693	0.05061	0.00280	0.00510	0.13397	0.00633	0.00669
41	0.01597	0.00978	0.01158	0.01052	0.01306	0.00997	0.00780	0.02265	0.22712	0.18718	0.07076	0.15850	0.04544	0.16445	0.01248	0.00309	0.00512	0.01008	0.00641	0.00804
42	0.00863	0.00667	0.00774	0.00812	0.00956	0.00611	0.00584	0.01083	0.03721	0.01876	0.14804	0.25818	0.32166	0.07972	0.01012	0.00271	0.00388	0.04447	0.00612	0.00564
43	0.01421	0.01238	0.01546	0.01131	0.01682	0.01027	0.04822	0.04828	0.03106	0.02218	0.01372	0.01562	0.02951	0.00571	0.00586	0.00123	0.03311	0.00464	0.00408	0.65635
44	0.01165	0.01016	0.01750	0.01741	0.12007	0.01034	0.14480	0.01412	0.01200	0.01672	0.01741	0.05988	0.01712	0.19901	0.27467	0.02745	0.01137	0.00809	0.00365	0.00659
45	0.00999	0.00674	0.00833	0.00849	0.00981	0.00622	0.00612	0.01176	0.01459	0.05824	0.21098	0.21741	0.17461	0.15377	0.01267	0.00311	0.00431	0.07100	0.00612	0.00574
46	0.07783	0.00877	0.00957	0.00956	0.01161	0.00921	0.00718	0.01740	0.18351	0.02180	0.06850	0.21026	0.14820	0.04120	0.02948	0.00269	0.00471	0.05300	0.07863	0.00689
47	0.00964	0.00659	0.00848	0.00880	0.00999	0.00612	0.00636	0.01166	0.01522	0.04681	0.29580	0.29347	0.09889	0.08493	0.01039	0.00275	0.00399	0.06785	0.00642	0.00584
48	0.45906	0.01322	0.01611	0.16132	0.14459	0.01483	0.04324	0.01946	0.01267	0.04599	0.01091	0.01368	0.00843	0.00620	0.00523	0.00206	0.00658	0.00469	0.00379	0.00794
49	0.00962	0.00786	0.00962	0.00913	0.01134	0.00714	0.03011	0.01268	0.06025	0.01940	0.11322	0.18548	0.31039	0.05654	0.00907	0.00247	0.00428	0.05812	0.00585	0.07743
50	0.04062	0.01216	0.01389	0.01016	0.01572	0.00995	0.00815	0.08096	0.01540	0.02380	0.04162	0.01523	0.01198	0.00556	0.00513	0.00115	0.00503	0.00441	0.00430	0.67479
51	0.00965	0.00655	0.00915	0.00948	0.01021	0.00702	0.00689	0.01079	0.01084	0.01516	0.02143	0.14944	0.02260	0.15383	0.34704	0.11539	0.01085	0.04850	0.03008	0.00510
52	0.06541	0.01367	0.01622	0.04842	0.09409	0.01485	0.01121	0.27448	0.05743	0.06166	0.04481	0.02679	0.13079	0.05645	0.00921	0.00237	0.05010	0.00759	0.00556	0.00890
53	0.00946	0.00671	0.00770	0.00788	0.00870	0.00645	0.00513	0.03356	0.01272	0.01683	0.07846	0.21874	0.15783	0.35675	0.01943	0.00417	0.00494	0.01248	0.02700	0.00505
54	0.00907	0.00618	0.00810	0.00910	0.00989	0.00583	0.00626	0.01038	0.01279	0.04636	0.03642	0.58240	0.10003	0.04983	0.07089	0.00341	0.00511	0.01647	0.00590	0.00560
55	0.01614	0.01998	0.16295	0.17703	0.26193	0.09964	0.06325	0.02102	0.03226	0.04328	0.01298	0.01629	0.01002	0.00637	0.00645	0.00202	0.00881	0.00567	0.02478	0.00913
56	0.06233	0.01025	0.01169	0.10321	0.04760	0.06176	0.00856	0.01532	0.03599	0.06278	0.07510	0.08692	0.08031	0.24705	0.06019	0.00397	0.00698	0.00898	0.00468	0.00633
57	0.01183	0.00713	0.00899	0.00899	0.01060	0.00655	0.00645	0.01387	0.03485	0.12536	0.13448	0.34782	0.14877	0.06914	0.01012	0.02429	0.00418	0.01385	0.00636	0.00637
58	0.02404	0.01873	0.04715	0.01433	0.01901	0.15228	0.01184	0.30074	0.06636	0.20415	0.01897	0.06074	0.01426	0.00849	0.00657	0.00200	0.00749	0.00658	0.00619	0.01008
59	0.08558	0.01158	0.03389	0.01186	0.03371	0.01031	0.02626	0.07978	0.01491	0.02258	0.01936	0.10303	0.03795	0.01360	0.08466	0.00272	0.00682	0.08267	0.00461	0.31412
60	0.01034	0.00782	0.00970	0.00970	0.01078	0.03172	0.00708	0.03178	0.01179	0.01635	0.02182	0.12138	0.03987	0.18542	0.40007	0.00746	0.01193	0.00902	0.05035	0.00565
61	0.04234	0.01117	0.01264	0.01132	0.01436	0.01175	0.00888	0.15671	0.16943	0.10001	0.06519	0.14737	0.09366	0.01251	0.00778	0.03042	0.00515	0.05851	0.03245	0.00833
62	0.01578	0.01805	0.14365	0.12399	0.21863	0.06426	0.01614	0.12226	0.01653	0.02228	0.03275	0.03815	0.01361	0.08848	0.03508	0.00278	0.00845	0.00649	0.00390	0.00873
63	0.03426	0.01071	0.03284	0.03201	0.03865	0.01161	0.03896	0.05638	0.03346	0.06214	0.01879	0.12113	0.01800	0.06392	0.28432	0.00566	0.11744	0.00828	0.00432	0.00712
64	0.00979	0.00652	0.00891	0.00891	0.00965	0.00689	0.00633	0.01021	0.01035	0.01404	0.02222	0.03217	0.09696	0.18852	0.32485	0.21672	0.01057	0.00800	0.00374	0.00466
65	0.01025	0.00694	0.00836	0.00859	0.00911	0.00694	0.00552	0.05851	0.01212	0.01618	0.02536	0.30577	0.02923	0.37579	0.02167	0.07210	0.00544	0.01237	0.00486	0.00491
66	0.30618	0.17056	0.02104	0.01437	0.03984	0.13247	0.09126	0.06170	0.04413	0.04681	0.01157	0.01310	0.00912	0.00633	0.00524	0.00188	0.00749	0.00462	0.00399	0.00829
67	0.01101	0.00872	0.01055	0.01117	0.05888	0.00852	0.00780	0.06342	0.07948	0.02217	0.18218	0.13209	0.28007	0.01474	0.00826	0.02869	0.00435	0.05501	0.00613	0.00678
68	0.01983	0.21604	0.11934	0.01567	0.04482	0.13996	0.01389	0.20205	0.10186	0.02476	0.01360	0.01456	0.01061	0.00706	0.00626	0.00185	0.02895	0.00506	0.00437	0.00947
69	0.00825	0.00623	0.00772	0.00868	0.00973	0.00559	0.00604	0.00964	0.01329	0.01730	0.04259	0.54915	0.20482	0.01903	0.00814	0.00251	0.00381	0.03632	0.00603	0.03513
70	0.01128	0.00953	0.01425	0.20293	0.15330	0.00982	0.01164	0.01395	0.01405	0.03974	0.03376	0.21618	0.21818	0.01281	0.00736	0.00227	0.00574	0.01133	0.00483	0.00704
71	0.13562	0.01648	0.01607	0.03007	0.01822	0.09548	0.02794	0.20261	0.28638	0.02919	0.01827	0.01843	0.01378	0.00830	0.00679	0.02822	0.00663	0.00602	0.02614	0.00937
72	0.01667	0.01359	0.01525	0.01146	0.01692	0.01243	0.00923	0.18274	0.09907	0.02693	0.01443	0.01543	0.01129	0.00607	0.00549	0.00136	0.00548	0.00479	0.00486	0.52651
73	0.00940	0.00705	0.01058	0.01058	0.01176	0.00823	0.00823	0.01176	0.01058	0.01528	0.01763	0.02586	0.01646	0.04937	0.74255	0.01058	0.01763	0.00705	0.00353	0.00588
74	0.01338	0.00916	0.01097	0.01027	0.01219	0.00962	0.00755	0.06692	0.14548	0.08071	0.10582	0.14249	0.02847	0.20161	0.10320	0.00429	0.00676	0.02833	0.00572	0.00706
75	0.00937	0.00690	0.00896	0.00983	0.01073	0.00701	0.00707	0.01231	0.07100	0.01788	0.06020	0.43999	0.03656	0.08554	0.10642	0.00400	0.00617	0.08854	0.00569	0.00584
76	0.00826	0.00605	0.00776	0.00868	0.00953	0.00555	0.00600	0.00988	0.01415	0.01891	0.18256	0.53028	0.13083	0.01866	0.00819	0.00249	0.00361	0.01671	0.00635	0.00555
77	0.01017	0.00709	0.00897	0.00850	0.01024	0.00655	0.00636	0.03056	0.01795	0.05097	0.53734	0.12140	0.13055	0.01420	0.00776	0.00214	0.00340	0.01246	0.00702	0.00637
78	0.04292	0.00697	0.00784	0.00781	0.00878	0.00679	0.00515	0.02848	0.01291	0.01770	0.13869	0.14573	0.14580	0.37344	0.01991	0.00422	0.00499	0.01157	0.00521	0.00510
79	0.01365	0.01170	0.01365	0.00975	0.01560	0.00878	0.00780	0.01658	0.01365	0.02145	0.01170	0.01365	0.00975	0.00488	0.00488	0.00098	0.00488	0.00390	0.00390	0.80888
80	0.01243	0.01170	0.01975	0.75282	0.04534	0.01463	0.01828	0.01682	0.01316	0.01682	0.01170	0.01755	0.00878	0.00658	0.00658	0.00219	0.00878	0.00585	0.00293	0.00731
81	0.00837	0.00594	0.00762	0.00869	0.00915	0.00559	0.00573	0.00948	0.01261	0.01686	0.08543	0.56787	0.06233	0.14676	0.01259	0.00324	0.00419	0.01652	0.00584	0.00519
82	0.01134	0.00760	0.00905	0.00894	0.01058	0.00725	0.00647	0.04424	0.04063	0.07598	0.10299	0.23500	0.19270	0.16013	0.01276	0.00315	0.00462	0.05436	0.00602	0.00618
83	0.01144	0.00781	0.01028	0.01067	0.01257	0.00780	0.00890	0.03631	0.01507	0.05889	0.05366	0.05654	0.15070	0.02213	0.13984	0.00408	0.00749	0.34573	0.03370	0.00640
84	0.01256	0.00769	0.00811	0.00788	0.00976	0.00805	0.00593	0.01849	0.14805	0.02482	0.08178	0.06967	0.02280	0.00915	0.00549	0.00178	0.00352	0.00760	0.53995	0.00691
85	0.05468	0.00793	0.00958	0.00920	0.01140	0.00740	0.00688	0.03415	0.01506	0.17897	0.05411	0.30419	0.14986	0.03689	0.00807	0.00242	0.00434	0.02933	0.06853	0.00700
86	0.00821	0.00608	0.00752	0.00841	0.00927	0.00555	0.00574	0.00959	0.01352	0.01771	0.11191	0.49169	0.18938	0.07105	0.00995	0.00277	0.00382	0.01636	0.00608	0.00539
87	0.02503	0.01844	0.01976	0.01515	0.02042	0.02042	0.01251	0.70562	0.03095	0.04149	0.01581	0.01581	0.01120	0.00790	0.00659	0.00198	0.00724	0.00593	0.00659	0.01120
88	0.00930	0.00633	0.00756	0.00781	0.00798	0.00637	0.00472	0.00970	0.01017	0.01366	0.02306	0.16160	0.02654	0.58090	0.09168	0.00613	0.00695	0.01087	0.00430	0.00438
89	0.00981	0.00743	0.00868	0.00845	0.01028	0.00700	0.00627	0.04993	0.04272	0.02278	0.30875	0.18131	0.25874	0.01513	0.00769	0.00221	0.00361	0.01311	0.02981	0.00628
90	0.02193	0.02236	0.01717	0.01482	0.01858	0.34869	0.01150	0.22292	0.11360	0.02613	0.06856	0.01807	0.01523	0.00794	0.00630	0.00187	0.00860	0.00582	0.04106	0.00886
91	0.01760	0.77260	0.03450	0.01126	0.01690	0.02605	0.01126	0.01971	0.01338	0.01549	0.00915	0.01056	0.00845	0.00563	0.00422	0.00141	0.00704	0.00352	0.00282	0.00845
92	0.00974	0.00663	0.00958	0.00962	0.01048	0.00725	0.00711	0.01075	0.01069	0.01493	0.05106	0.05878	0.04520	0.08410	0.44857	0.18626	0.01253	0.00787	0.00378	0.00507
93	0.01529	0.00909	0.00953	0.00839	0.01082	0.00945	0.00651	0.17173	0.01767	0.04572	0.02215	0.02500	0.04534	0.04420	0.00661	0.00191	0.00425	0.00659	0.53245	0.00729
94	0.00835	0.00606	0.00794	0.00917	0.00989	0.00564	0.00644	0.00989	0.01357	0.01803	0.10245	0.58513	0.09435	0.01945	0.00836	0.00262	0.00392	0.07702	0.00621	0.00551
95	0.01026	0.00716	0.01043	0.02999	0.01206	0.00808	0.00786	0.01212	0.01069	0.03822	0.01789	0.02760	0.01704	0.14328	0.57037	0.04534	0.01494	0.00729	0.00369	0.00570
96	0.01508	0.01453	0.02483	0.24239	0.47821	0.01559	0.04172	0.01907	0.01427	0.01990	0.01205	0.01662	0.00986	0.00631	0.00725	0.00207	0.04183	0.00592	0.00315	0.00934
97	0.00826	0.00694	0.00722	0.00721	0.00941	0.00602	0.00549	0.01059	0.03655	0.01867	0.10226	0.06184	0.63406	0.01632	0.00781	0.00225	0.00350	0.04365	0.00619	0.00577
98	0.01227	0.00614	0.00614	0.00614	0.00767	0.00614	0.00460	0.01534	0.01381	0.02454	0.02148	0.02454	0.01687	0.00767	0.00460	0.00153	0.00307	0.00614	0.80518	0.00614
99	0.01155	0.00900	0.01333	0.20998	0.04387	0.00989	0.02901	0.03797	0.01468	0.02093	0.15720	0.05350	0.04503	0.01708	0.14284	0.00363	0.00792	0.02541	0.14041	0.00676
100	0.01378	0.01088	0.01192	0.01123	0.01360	0.08529	0.03935	0.03301	0.06966	0.10293	0.03651	0.29889	0.17846	0.01482	0.00764	0.00235	0.00542	0.05121	0.00599	0.00705
101	0.01111	0.00955	0.01088	0.01074	0.01203	0.08735	0.00811	0.01315	0.01153	0.01548	0.01787	0.05007	0.01723	0.11381	0.54441	0.00865	0.01497	0.00735	0.02986	0.00587
102	0.51218	0.01599	0.01273	0.05324	0.01639	0.13610	0.00925	0.07479	0.01421	0.02686	0.01055	0.01244	0.00826	0.00664	0.00532	0.00199	0.03099	0.00418	0.04037	0.00751
103	0.01281	0.01670	0.14711	0.04077	0.02615	0.01294	0.35391	0.01738	0.01436	0.01969	0.02006	0.22740	0.01986	0.01028	0.00769	0.00235	0.00862	0.02991	0.00408	0.00791
104	0.01968	0.02299	0.02161	0.14506	0.14811	0.38827	0.07211	0.02261	0.01653	0.01791	0.01117	0.01419	0.00907	0.00637	0.00623	0.00182	0.01015	0.00506	0.00332	0.05772
105	0.01087	0.00821	0.01128	0.01076	0.01193	0.00960	0.00826	0.05318	0.01172	0.01684	0.01736	0.02674	0.01659	0.14536	0.51278	0.00853	0.07565	0.00721	0.03109	0.00604
106	0.01454	0.06092	0.14278	0.27796	0.17562	0.01508	0.09740	0.01916	0.01442	0.05131	0.03519	0.01894	0.03439	0.00681	0.00659	0.00207	0.00842	0.00625	0.00347	0.00869
107	0.01480	0.03611	0.04499	0.01085	0.01388	0.12922	0.00869	0.06372	0.08296	0.06525	0.13827	0.03738	0.21792	0.09541	0.00991	0.00252	0.00601	0.00923	0.00557	0.00728
108	0.01243	0.01170	0.01975	0.75282	0.04534	0.01463	0.01828	0.01682	0.01316	0.01682	0.01170	0.01755	0.00878	0.00658	0.00658	0.00219	0.00878	0.00585	0.00293	0.00731
109	0.00802	0.00573	0.00764	0.00917	0.00955	0.00535	0.00611	0.00917	0.01260	0.01681	0.03628	0.76434	0.04354	0.02062	0.00840	0.00267	0.00382	0.01872	0.00611	0.00535
110	0.01021	0.00801	0.00946	0.00961	0.01135	0.00805	0.00713	0.01571	0.16269	0.02171	0.20414	0.27711	0.15680	0.01563	0.00783	0.00238	0.00400	0.05496	0.00650	0.00670
111	0.01470	0.01022	0.01143	0.01023	0.01339	0.01039	0.00796	0.02310	0.28086	0.13650	0.13298	0.04027	0.25705	0.01196	0.00718	0.00218	0.00437	0.01003	0.00681	0.00838
112	0.00888	0.00627	0.00822	0.00911	0.00961	0.00626	0.00626	0.01007	0.01172	0.01575	0.02919	0.39776	0.03371	0.22586	0.12506	0.00489	0.00678	0.07434	0.00515	0.00513
113	0.16065	0.01179	0.01454	0.01136	0.01629	0.01101	0.00938	0.06048	0.01811	0.58338	0.02270	0.02015	0.01453	0.00780	0.00619	0.00203	0.00559	0.00608	0.00740	0.01052
114	0.02474	0.01830	0.01960	0.01509	0.02031	0.02028	0.01244	0.68364	0.05340	0.04103	0.01617	0.01609	0.01149	0.00794	0.00659	0.00198	0.00718	0.00598	0.00659	0.01117
115	0.02503	0.01844	0.01976	0.01515	0.02042	0.02042	0.01251	0.70562	0.03095	0.04149	0.01581	0.01581	0.01120	0.00790	0.00659	0.00198	0.00724	0.00593	0.00659	0.01120
116	0.01093	0.00702	0.01027	0.01006	0.01118	0.00776	0.00758	0.01225	0.01065	0.05619	0.01731	0.02594	0.01616	0.09518	0.52799	0.14315	0.01412	0.00699	0.00372	0.00555
117	0.00915	0.00676	0.00857	0.00822	0.00987	0.00618	0.00623	0.01204	0.01795	0.02484	0.59737	0.05237	0.15758	0.01414	0.00783	0.00214	0.00327	0.04235	0.00703	0.00611
118	0.01107	0.00835	0.01043	0.01064	0.01265	0.00828	0.00866	0.04588	0.07802	0.02237	0.17961	0.11679	0.11681	0.01552	0.00815	0.00252	0.00489	0.30013	0.00633	0.03291
119	0.00832	0.00609	0.00786	0.00913	0.00977	0.00575	0.00619	0.01013	0.03582	0.01753	0.06032	0.67529	0.08376	0.01978	0.00829	0.00261	0.00381	0.01784	0.00617	0.00555
120	0.01025	0.00795	0.00948	0.00888	0.01090	0.00780	0.00672	0.01571	0.13393	0.02524	0.50516	0.04731	0.15900	0.01321	0.00759	0.00212	0.00349	0.01148	0.00698	0.00681
121	0.00963	0.00706	0.00971	0.00961	0.01034	0.00797	0.00695	0.01113	0.01021	0.01442	0.01842	0.03149	0.01881	0.29874	0.47203	0.00887	0.03778	0.00789	0.00367	0.00526
122	0.39807	0.01197	0.01181	0.01000	0.01403	0.01278	0.00822	0.09963	0.01582	0.20275	0.01672	0.01872	0.01243	0.00755	0.00528	0.00201	0.00526	0.03571	0.10282	0.00842
123	0.01564	0.01278	0.01341	0.01204	0.01546	0.01443	0.00937	0.07177	0.52671	0.02716	0.02911	0.02754	0.08322	0.00942	0.00654	0.00213	0.00491	0.00778	0.10105	0.00952
124	0.01264	0.01199	0.01979	0.67349	0.04232	0.01522	0.01786	0.01671	0.01283	0.01671	0.01137	0.01721	0.00876	0.00711	0.00820	0.00227	0.08943	0.00584	0.00292	0.00730
125	0.01723	0.01444	0.01530	0.01345	0.01730	0.01655	0.01055	0.11871	0.60664	0.02926	0.04822	0.02426	0.02035	0.00895	0.00672	0.00220	0.00540	0.00740	0.00670	0.01038
126	0.00932	0.00628	0.00726	0.00751	0.00757	0.00621	0.00434	0.00951	0.01007	0.01343	0.02328	0.16104	0.02714	0.64631	0.02940	0.00578	0.00596	0.01107	0.00434	0.00421
127	0.02302	0.01744	0.01863	0.01474	0.01965	0.01948	0.01203	0.54982	0.19003	0.03825	0.01836	0.01784	0.01326	0.00814	0.00661	0.00204	0.00677	0.00628	0.00661	0.01102
128	0.02459	0.03138	0.01866	0.01696	0.02035	0.74221	0.01272	0.02629	0.01866	0.01611	0.01018	0.01187	0.00848	0.00678	0.00594	0.00170	0.01187	0.00424	0.00339	0.00763
129	0.02027	0.01528	0.01649	0.01382	0.01816	0.01712	0.01103	0.25136	0.43623	0.09097	0.02318	0.02155	0.01690	0.00853	0.00666	0.00213	0.00590	0.00688	0.00678	0.01074
130	0.00880	0.00667	0.00732	0.00741	0.00915	0.00585	0.00535	0.01034	0.01434	0.03703	0.09382	0.14095	0.47637	0.11492	0.01122	0.00283	0.00391	0.03223	0.00596	0.00553
131	0.01320	0.03405	0.73453	0.01876	0.02849	0.01529	0.02432	0.02085	0.01390	0.02085	0.01181	0.01390	0.00834	0.00625	0.00625	0.00208	0.00973	0.00486	0.00278	0.00973
132	0.00951	0.00694	0.00922	0.01047	0.01164	0.00676	0.00826	0.01217	0.03496	0.01896	0.06840	0.34630	0.08321	0.01858	0.00861	0.00277	0.00484	0.32636	0.00616	0.00588
133	0.01828	0.00941	0.01178	0.01010	0.01348	0.00867	0.00802	0.02252	0.09476	0.32083	0.17910	0.05879	0.17250	0.01173	0.00723	0.00215	0.00454	0.03023	0.00727	0.00861
134	0.00857	0.00596	0.00778	0.00910	0.00960	0.00566	0.00623	0.00986	0.01260	0.01704	0.03411	0.60865	0.04011	0.08638	0.01052	0.00298	0.00420	0.07317	0.04214	0.00532
135	0.01344	0.01005	0.01007	0.00963	0.01150	0.04981	0.00708	0.04306	0.18507	0.02186	0.02337	0.06474	0.02138	0.19383	0.01275	0.00306	0.00527	0.05498	0.25215	0.00688
136	0.02584	0.01769	0.01888	0.01459	0.01975	0.05115	0.01200	0.55044	0.02816	0.16789	0.01743	0.01685	0.01201	0.00790	0.00656	0.00197	0.00715	0.00598	0.00673	0.01104
137	0.01004	0.00684	0.00845	0.00877	0.01003	0.00645	0.00617	0.01224	0.05505	0.05214	0.12956	0.34968	0.17202	0.06136	0.01093	0.07038	0.00411	0.01401	0.00600	0.00579
138	0.00802	0.00573	0.00764	0.00917	0.00955	0.00535	0.00611	0.00917	0.01260	0.01681	0.03628	0.76434	0.04354	0.02062	0.00840	0.00267	0.00382	0.01872	0.00611	0.00535
139	0.00835	0.00638	0.00886	0.00959	0.01051	0.00588	0.03498	0.00982	0.01325	0.01746	0.06460	0.61838	0.12883	0.01923	0.00827	0.00258	0.00403	0.01740	0.00604	0.00555
140	0.01039	0.00741	0.01066	0.01056	0.01168	0.00850	0.00819	0.01245	0.01118	0.03385	0.01940	0.07429	0.01879	0.06337	0.51789	0.03199	0.05744	0.03807	0.04795	0.00593
141	0.00909	0.00689	0.00909	0.00963	0.01034	0.00723	0.00684	0.01091	0.02886	0.01687	0.06818	0.40778	0.07529	0.10274	0.14787	0.00447	0.05317	0.01387	0.00529	0.00560
142	0.01057	0.00772	0.00956	0.00888	0.01082	0.00747	0.00673	0.01542	0.10125	0.04346	0.58573	0.04642	0.09458	0.01298	0.00761	0.00210	0.00343	0.01136	0.00714	0.00680
143	0.02491	0.01434	0.01658	0.01297	0.01767	0.01481	0.01061	0.38076	0.02449	0.28654	0.02080	0.05245	0.01491	0.00854	0.00653	0.00200	0.00619	0.00677	0.06759	0.01055
144	0.03649	0.19327	0.28416	0.09978	0.06329	0.01760	0.05708	0.07433	0.01489	0.02069	0.01202	0.01490	0.00945	0.00958	0.06332	0.00260	0.00928	0.00511	0.00326	0.00890
145	0.01464	0.00860	0.00886	0.00801	0.01028	0.00904	0.00622	0.13447	0.04827	0.02758	0.02074	0.02305	0.01605	0.00777	0.00504	0.00164	0.00388	0.00616	0.63252	0.00720
146	0.01011	0.00734	0.00996	0.01132	0.01282	0.00719	0.00967	0.01285	0.01495	0.01928	0.03838	0.12534	0.11195	0.01821	0.00890	0.00292	0.00560	0.56120	0.00607	0.00595
147	0.01510	0.01088	0.05607	0.04364	0.01496	0.00949	0.00898	0.09480	0.04122	0.15747	0.12089	0.14129	0.18901	0.03444	0.00799	0.00230	0.00503	0.01058	0.02806	0.00779
148	0.01237	0.01196	0.04736	0.10057	0.12471	0.03856	0.01178	0.01581	0.05351	0.01793	0.03795	0.09319	0.05869	0.12021	0.11860	0.00403	0.09103	0.00831	0.02636	0.00707
149	0.02334	0.01729	0.01858	0.01466	0.01960	0.01921	0.01198	0.54136	0.17577	0.06112	0.01847	0.01788	0.01325	0.00813	0.00661	0.00203	0.00676	0.00627	0.00666	0.01103
150	0.04139	0.24615	0.14575	0.01540	0.02044	0.36651	0.01419	0.02292	0.01583	0.01709	0.01008	0.01189	0.00842	0.00650	0.00596	0.00173	0.03428	0.00417	0.00312	0.00820

[dist]
# distance from previous block
# <min> <max>
0	3

[block]
# block no. 2 follows, 33 sequences, length 15
# corresponding to MSA columns:
# 231-245
name=unknown_C
#
# <colnr> <probs for GDERKNQSTAVLIFYWHMCP>
#	G	D	E	R	K	N	Q	S	T	A	V	L	I	F	Y	W	H	M	C	P
0	0.01535	0.01590	0.06466	0.04863	0.25743	0.03644	0.09990	0.04850	0.18936	0.02285	0.02329	0.02452	0.10739	0.00817	0.00686	0.00210	0.00723	0.00745	0.00459	0.00939
1	0.00879	0.00664	0.00811	0.00788	0.00955	0.00597	0.00586	0.01135	0.01719	0.02329	0.48982	0.10138	0.25037	0.01486	0.00781	0.00215	0.00322	0.01293	0.00685	0.00597
2	0.00919	0.00757	0.00824	0.00803	0.00984	0.03379	0.00597	0.01152	0.01674	0.02185	0.38315	0.10669	0.32350	0.01502	0.00775	0.00216	0.00358	0.01292	0.00656	0.00594
3	0.01057	0.00839	0.01264	0.08753	0.08749	0.00929	0.00983	0.01264	0.01198	0.01665	0.06640	0.08717	0.05600	0.06330	0.33129	0.07098	0.03933	0.00838	0.00397	0.00617
4	0.01599	0.01753	0.03164	0.09105	0.17005	0.07062	0.39675	0.02047	0.01497	0.01997	0.01235	0.01671	0.00974	0.00632	0.00851	0.00218	0.07630	0.00679	0.00325	0.00881
5	0.01886	0.13767	0.09014	0.11786	0.14017	0.09190	0.03249	0.20503	0.05987	0.02503	0.01329	0.01528	0.01026	0.00677	0.00614	0.00192	0.00819	0.00539	0.00421	0.00952
6	0.01498	0.33236	0.45178	0.01573	0.02381	0.01964	0.01905	0.02039	0.01369	0.01868	0.01074	0.01255	0.00838	0.00600	0.00543	0.00181	0.00864	0.00432	0.00279	0.00921
7	0.00979	0.00725	0.00979	0.00976	0.01052	0.00810	0.00718	0.01130	0.01071	0.01487	0.02114	0.03645	0.04173	0.29693	0.37014	0.00780	0.05289	0.06440	0.00394	0.00529
8	0.00818	0.00586	0.00756	0.00880	0.00941	0.00540	0.00594	0.00917	0.01271	0.01664	0.03902	0.62887	0.13369	0.02022	0.00927	0.04690	0.00386	0.01735	0.00593	0.00524
9	0.01882	0.06195	0.15057	0.07101	0.07061	0.12033	0.03824	0.17546	0.01857	0.07445	0.01540	0.06218	0.01283	0.00831	0.00740	0.00208	0.05192	0.02627	0.00448	0.00912
10	0.01460	0.20060	0.34748	0.01675	0.07127	0.03824	0.01722	0.04171	0.01417	0.01927	0.01358	0.01950	0.01185	0.06551	0.04026	0.00265	0.00883	0.04460	0.00328	0.00865
11	0.01469	0.01374	0.02317	0.29839	0.44379	0.01481	0.01874	0.01873	0.01427	0.01995	0.01258	0.01715	0.01014	0.00621	0.00645	0.00202	0.00794	0.00587	0.04227	0.00908
12	0.00992	0.00781	0.01157	0.01127	0.01233	0.00946	0.00887	0.01218	0.01053	0.01534	0.01670	0.02468	0.01565	0.04545	0.66789	0.00978	0.09416	0.00692	0.00346	0.00601
13	0.01719	0.18812	0.18819	0.11595	0.09043	0.09989	0.04378	0.07723	0.01576	0.04363	0.01200	0.01456	0.00942	0.00763	0.02554	0.00213	0.03110	0.00507	0.00346	0.00892
14	0.01812	0.01861	0.10248	0.08683	0.29559	0.08143	0.10350	0.05567	0.01610	0.10043	0.01368	0.01648	0.01044	0.00664	0.00735	0.00205	0.04515	0.00593	0.00389	0.00962

[dist]
# distance from previous block
# <min> <max>
0	2

[block]
# block no. 3 follows, 33 sequences, length 60
# corresponding to MSA columns:
# 248-307
name=unknown_D
#
# <colnr> <probs for GDERKNQSTAVLIFYWHMCP>
#	G	D	E	R	K	N	Q	S	T	A	V	L	I	F	Y	W	H	M	C	P
0	0.02750	0.01317	0.03925	0.04532	0.01905	0.01188	0.01100	0.14412	0.02047	0.56176	0.02318	0.02081	0.01485	0.00798	0.00660	0.00204	0.00615	0.00641	0.00748	0.01098
1	0.05659	0.04205	0.13104	0.09299	0.24525	0.04374	0.04798	0.10409	0.05526	0.05965	0.01429	0.03108	0.01120	0.00682	0.00634	0.00200	0.00786	0.00588	0.00410	0.03178
2	0.02004	0.01861	0.01765	0.03560	0.04212	0.15980	0.01206	0.21187	0.30073	0.02788	0.01845	0.01848	0.01399	0.00807	0.00712	0.00204	0.04049	0.00613	0.00556	0.03332
3	0.12846	0.00959	0.01003	0.00884	0.01219	0.00910	0.00688	0.01698	0.10418	0.06887	0.08509	0.06151	0.30183	0.01159	0.00658	0.00199	0.00423	0.00950	0.00574	0.13683
4	0.10371	0.01042	0.01255	0.01201	0.06267	0.01054	0.00865	0.13426	0.01960	0.09090	0.39635	0.03487	0.05554	0.01077	0.00697	0.00204	0.00459	0.00912	0.00655	0.00789
5	0.01423	0.20605	0.57150	0.01702	0.02579	0.01779	0.02128	0.02058	0.01378	0.01960	0.01119	0.01312	0.00836	0.00611	0.00578	0.00193	0.00910	0.00455	0.00279	0.00943
6	0.01371	0.01300	0.02205	0.51789	0.27032	0.01496	0.01892	0.01794	0.01377	0.01837	0.01193	0.01714	0.00932	0.00635	0.00656	0.00212	0.00846	0.00586	0.00304	0.00834
7	0.01382	0.00814	0.01052	0.00933	0.01173	0.00762	0.00720	0.01792	0.06833	0.16618	0.53623	0.04212	0.05005	0.01208	0.00746	0.00208	0.00375	0.01054	0.00739	0.00750
8	0.01562	0.01496	0.02551	0.16448	0.60876	0.01546	0.01987	0.01961	0.01467	0.02069	0.01226	0.01651	0.01014	0.00599	0.00653	0.00200	0.00799	0.00586	0.00320	0.00989
9	0.00887	0.00662	0.00829	0.00853	0.00964	0.00658	0.00612	0.01042	0.01243	0.01638	0.07434	0.14522	0.21010	0.19565	0.21852	0.00558	0.00817	0.03827	0.00498	0.00532
10	0.01110	0.00866	0.01227	0.05302	0.01346	0.01051	0.00893	0.01208	0.01045	0.01488	0.04604	0.02605	0.01681	0.16805	0.24854	0.13913	0.18396	0.00716	0.00348	0.00542
11	0.01570	0.01504	0.02565	0.15010	0.62253	0.01549	0.01991	0.01968	0.01471	0.02079	0.01228	0.01649	0.01017	0.00598	0.00653	0.00199	0.00797	0.00586	0.00321	0.00995
12	0.00842	0.00600	0.00804	0.00952	0.01004	0.00569	0.00667	0.00980	0.01287	0.01709	0.03563	0.64767	0.04218	0.04227	0.00924	0.00283	0.00421	0.11039	0.00604	0.00541
13	0.01391	0.01261	0.02048	0.40430	0.25107	0.01424	0.01728	0.03919	0.03174	0.01977	0.01461	0.03610	0.01232	0.00745	0.00667	0.00215	0.00786	0.04446	0.03548	0.00832
14	0.09483	0.01344	0.01493	0.01516	0.08419	0.10277	0.03260	0.03980	0.09043	0.15064	0.02373	0.17655	0.02230	0.01141	0.00701	0.00227	0.00643	0.09760	0.00565	0.00826
15	0.02070	0.01368	0.01583	0.01295	0.01661	0.01474	0.01037	0.34008	0.03896	0.15920	0.02321	0.12118	0.05747	0.05087	0.00957	0.00241	0.06804	0.00843	0.00634	0.00937
16	0.00801	0.00578	0.00759	0.00903	0.00951	0.00536	0.00605	0.00918	0.01273	0.01686	0.03790	0.72711	0.07973	0.02041	0.00837	0.00265	0.00379	0.01846	0.00611	0.00536
17	0.01354	0.01155	0.01345	0.00984	0.01536	0.00898	0.00783	0.01718	0.04547	0.02199	0.05022	0.01603	0.01300	0.00551	0.00511	0.00109	0.00480	0.00448	0.00420	0.73036
18	0.04348	0.01506	0.01828	0.01547	0.05853	0.04036	0.04957	0.29047	0.04075	0.17754	0.01740	0.04134	0.01308	0.00903	0.00833	0.05830	0.03062	0.00635	0.00581	0.06024
19	0.01455	0.08847	0.02112	0.01634	0.01689	0.02026	0.01373	0.01600	0.01039	0.01570	0.00911	0.01503	0.00916	0.03737	0.02032	0.00286	0.65690	0.00567	0.00291	0.00721
20	0.02435	0.02028	0.01923	0.01532	0.02017	0.13953	0.01240	0.54642	0.07673	0.03632	0.01564	0.01577	0.01137	0.00779	0.00649	0.00195	0.00787	0.00575	0.00607	0.01055
21	0.00851	0.00605	0.00801	0.00904	0.00947	0.00597	0.00606	0.00964	0.01176	0.01586	0.03070	0.52453	0.03595	0.15614	0.12554	0.00454	0.00639	0.01532	0.00534	0.00519
22	0.02138	0.02323	0.02065	0.17667	0.02683	0.37029	0.06574	0.17438	0.01996	0.02226	0.01199	0.01441	0.00926	0.00690	0.00636	0.00191	0.01012	0.00523	0.00399	0.00845
23	0.04146	0.07536	0.02104	0.12725	0.14067	0.15822	0.01469	0.01878	0.01334	0.01730	0.01088	0.03441	0.00987	0.00886	0.01171	0.02400	0.25562	0.00560	0.00317	0.00777
24	0.01224	0.00727	0.00790	0.00766	0.00943	0.00733	0.00581	0.05405	0.04349	0.02504	0.13109	0.08213	0.04564	0.01006	0.00576	0.00181	0.00354	0.02693	0.50629	0.00653
25	0.01182	0.00708	0.00876	0.00860	0.00989	0.00664	0.00602	0.01316	0.01348	0.11109	0.11954	0.16371	0.10589	0.30867	0.01785	0.00394	0.00510	0.06727	0.00569	0.00578
26	0.01368	0.00865	0.01218	0.01197	0.05755	0.00793	0.03903	0.01592	0.01499	0.16155	0.10706	0.20095	0.16478	0.04572	0.07301	0.00310	0.00594	0.01138	0.00594	0.03868
27	0.00859	0.00662	0.00796	0.00863	0.01015	0.00599	0.00658	0.01055	0.01477	0.01880	0.11872	0.24939	0.33480	0.01771	0.00822	0.00249	0.00401	0.15414	0.00622	0.00567
28	0.02757	0.01436	0.01723	0.01321	0.01838	0.01437	0.01091	0.32626	0.02413	0.43049	0.02153	0.01952	0.01407	0.00804	0.00661	0.00201	0.00632	0.00632	0.00747	0.01120
29	0.01933	0.01405	0.01540	0.01304	0.01699	0.01552	0.01028	0.19378	0.39595	0.11443	0.05505	0.02435	0.01960	0.05174	0.00823	0.00237	0.00572	0.00730	0.00672	0.01015
30	0.00815	0.00652	0.00728	0.00744	0.00920	0.00566	0.00545	0.01003	0.01536	0.01943	0.19987	0.18052	0.46860	0.01667	0.00788	0.00227	0.00337	0.01430	0.00635	0.00566
31	0.01550	0.01117	0.01196	0.01076	0.01377	0.01233	0.00836	0.06257	0.37796	0.05493	0.08211	0.02604	0.02195	0.00883	0.00613	0.00198	0.00450	0.00730	0.25303	0.00882
32	0.01019	0.00716	0.00918	0.00854	0.01031	0.00669	0.00645	0.01383	0.04539	0.04876	0.65559	0.04779	0.07851	0.01321	0.00769	0.00208	0.00327	0.01162	0.00722	0.00651
33	0.01490	0.00835	0.01031	0.00938	0.01201	0.00764	0.00723	0.01810	0.06125	0.21696	0.17048	0.11924	0.21388	0.05334	0.00888	0.00245	0.00439	0.04692	0.00681	0.00747
34	0.81514	0.01273	0.00968	0.00866	0.01273	0.01477	0.00713	0.01935	0.01120	0.02954	0.00917	0.01069	0.00713	0.00611	0.00407	0.00204	0.00509	0.00356	0.00407	0.00713
35	0.00905	0.00707	0.00795	0.00769	0.00946	0.00651	0.00560	0.01196	0.05517	0.02070	0.28990	0.05347	0.35839	0.11509	0.01113	0.00272	0.00377	0.01225	0.00626	0.00585
36	0.00957	0.00638	0.00718	0.00718	0.00718	0.00638	0.00399	0.00957	0.00957	0.01276	0.02074	0.04308	0.02393	0.76864	0.03351	0.00638	0.00638	0.00957	0.00399	0.00399
37	0.02459	0.03138	0.01866	0.01696	0.02035	0.74221	0.01272	0.02629	0.01866	0.01611	0.01018	0.01187	0.00848	0.00678	0.00594	0.00170	0.01187	0.00424	0.00339	0.00763
38	0.01243	0.01170	0.01975	0.75282	0.04534	0.01463	0.01828	0.01682	0.01316	0.01682	0.01170	0.01755	0.00878	0.00658	0.00658	0.00219	0.00878	0.00585	0.00293	0.00731
39	0.01365	0.01170	0.01365	0.00975	0.01560	0.00878	0.00780	0.01658	0.01365	0.02145	0.01170	0.01365	0.00975	0.00488	0.00488	0.00098	0.00488	0.00390	0.00390	0.80888
40	0.01637	0.01414	0.01489	0.01340	0.01712	0.01637	0.01042	0.03498	0.71568	0.02754	0.02679	0.02456	0.02010	0.00893	0.00670	0.00223	0.00521	0.00744	0.00670	0.01042
41	0.00957	0.00638	0.00718	0.00718	0.00718	0.00638	0.00399	0.00957	0.00957	0.01276	0.02074	0.04308	0.02393	0.76864	0.03351	0.00638	0.00638	0.00957	0.00399	0.00399
42	0.00898	0.00649	0.00765	0.00802	0.00937	0.00583	0.00566	0.01050	0.01411	0.03996	0.12410	0.29033	0.30495	0.10500	0.01098	0.00285	0.00396	0.02965	0.00606	0.00557
43	0.06669	0.00919	0.01187	0.01026	0.01355	0.00834	0.00801	0.02273	0.01643	0.40410	0.08220	0.22016	0.02660	0.01172	0.00691	0.00218	0.00475	0.01003	0.05557	0.00872
44	0.00956	0.00645	0.00751	0.00751	0.00762	0.00656	0.00440	0.00978	0.00967	0.01301	0.02044	0.04142	0.02321	0.69929	0.10187	0.00679	0.00747	0.00933	0.00394	0.00417
45	0.27770	0.01169	0.01351	0.01075	0.01552	0.01128	0.00887	0.02806	0.01643	0.51019	0.02066	0.01871	0.01340	0.00750	0.00582	0.00204	0.00544	0.00566	0.00686	0.00992
46	0.03979	0.00792	0.00980	0.00931	0.01097	0.00759	0.00665	0.03442	0.01382	0.17226	0.06335	0.20677	0.02897	0.29040	0.01703	0.00385	0.00540	0.05948	0.00578	0.00644
47	0.04330	0.01118	0.01302	0.00987	0.01487	0.00919	0.00782	0.01899	0.05395	0.11659	0.03499	0.02016	0.05101	0.04075	0.00670	0.00156	0.00494	0.00543	0.00483	0.53084
48	0.01335	0.01032	0.01252	0.01029	0.01459	0.00844	0.00823	0.03408	0.01444	0.05249	0.01979	0.13144	0.01956	0.00955	0.00620	0.00163	0.00502	0.11857	0.00483	0.50465
49	0.00864	0.00661	0.00793	0.00780	0.00947	0.00589	0.00577	0.01104	0.01674	0.02239	0.42223	0.12627	0.29469	0.01532	0.00783	0.00219	0.00326	0.01330	0.00673	0.00589
