[name]
unknown

[dist]
# distance from previous block
# <min> <max>
0	34

[block]
# block no. 0 follows, 32 sequences, length 23
# corresponding to MSA columns:
# 35-57
name=unknown_A
#
# <colnr> <probs for GDERKNQSTAVLIFYWHMCP>
#	G	D	E	R	K	N	Q	S	T	A	V	L	I	F	Y	W	H	M	C	P
0	0.01140	0.00906	0.01378	0.24653	0.02419	0.01001	0.01330	0.01493	0.01480	0.01915	0.02801	0.05729	0.02917	0.01477	0.00845	0.00282	0.00706	0.46352	0.00516	0.00658
1	0.02088	0.46409	0.02849	0.01388	0.01868	0.32013	0.01209	0.02286	0.01586	0.01605	0.00976	0.01132	0.00862	0.00623	0.00503	0.00156	0.00921	0.00389	0.00311	0.00827
2	0.01057	0.00810	0.01163	0.01124	0.01231	0.00980	0.00885	0.01291	0.01105	0.01661	0.01714	0.02466	0.01575	0.04083	0.56721	0.00879	0.11480	0.00692	0.08462	0.00620
3	0.01641	0.01460	0.02231	0.06602	0.31331	0.03984	0.06593	0.04104	0.04223	0.06586	0.01861	0.04326	0.04060	0.00913	0.00903	0.00229	0.10109	0.07503	0.00429	0.00914
4	0.01463	0.17241	0.46504	0.01619	0.02392	0.01649	0.01932	0.02036	0.01386	0.05380	0.01300	0.01554	0.01001	0.01214	0.10243	0.00313	0.01024	0.00507	0.00321	0.00922
5	0.01488	0.26819	0.50844	0.01669	0.02528	0.01907	0.02055	0.02088	0.01400	0.01951	0.01118	0.01308	0.00854	0.00617	0.00572	0.00191	0.00904	0.00452	0.00285	0.00950
6	0.01584	0.01810	0.03959	0.02828	0.03507	0.01697	0.69796	0.02149	0.01584	0.02149	0.01357	0.01810	0.01018	0.00566	0.00792	0.00226	0.01131	0.00792	0.00339	0.00905
7	0.01756	0.01652	0.01768	0.03768	0.16793	0.16040	0.01274	0.03852	0.11156	0.06719	0.04528	0.02458	0.10175	0.00922	0.00845	0.00211	0.09447	0.00713	0.05059	0.00865
8	0.05367	0.06248	0.01880	0.01588	0.01959	0.48407	0.01242	0.13439	0.02014	0.02150	0.01377	0.01911	0.01209	0.00820	0.00633	0.00191	0.01022	0.07295	0.00426	0.00823
9	0.01346	0.03471	0.72942	0.01912	0.02904	0.01558	0.02479	0.02125	0.01417	0.02125	0.01204	0.01417	0.00850	0.00637	0.00637	0.00212	0.00992	0.00496	0.00283	0.00992
10	0.00848	0.00671	0.00754	0.00754	0.00932	0.00587	0.00551	0.01047	0.01586	0.02030	0.24793	0.12837	0.43506	0.04982	0.00916	0.00246	0.00352	0.01387	0.00646	0.00576
11	0.01346	0.03471	0.72942	0.01912	0.02904	0.01558	0.02479	0.02125	0.01417	0.02125	0.01204	0.01417	0.00850	0.00637	0.00637	0.00212	0.00992	0.00496	0.00283	0.00992
12	0.02801	0.01096	0.01490	0.01158	0.01641	0.00950	0.00950	0.03066	0.01918	0.65580	0.09686	0.02561	0.02136	0.00886	0.00687	0.00208	0.00545	0.00730	0.00821	0.01090
13	0.00818	0.00584	0.00779	0.00934	0.00973	0.00545	0.00623	0.00934	0.01285	0.01713	0.03698	0.75981	0.04438	0.02102	0.00856	0.00273	0.00389	0.01908	0.00623	0.00545
14	0.01593	0.39885	0.31303	0.01624	0.02376	0.02119	0.08660	0.02070	0.01407	0.01855	0.01084	0.01287	0.00873	0.00599	0.00550	0.00179	0.00869	0.00458	0.00291	0.00918
15	0.02551	0.01879	0.02014	0.01544	0.02081	0.02081	0.01275	0.69996	0.03155	0.04229	0.01611	0.01611	0.01141	0.00805	0.00671	0.00201	0.00738	0.00604	0.00671	0.01141
16	0.00793	0.00680	0.00680	0.00680	0.00906	0.00566	0.00510	0.00963	0.01529	0.01813	0.06797	0.06457	0.71961	0.01699	0.00793	0.00227	0.00340	0.01416	0.00623	0.00566
17	0.00959	0.00719	0.01078	0.01078	0.01198	0.00839	0.00839	0.01198	0.01078	0.01558	0.01797	0.02636	0.01677	0.05032	0.73760	0.01078	0.01797	0.00719	0.00359	0.00599
18	0.01336	0.00840	0.00959	0.00888	0.01070	0.00899	0.00670	0.11680	0.01528	0.02360	0.01997	0.02673	0.01727	0.12734	0.18602	0.00457	0.00784	0.00695	0.37435	0.00665
19	0.64314	0.14379	0.01464	0.00955	0.01402	0.01727	0.00821	0.04681	0.01260	0.02811	0.00961	0.01108	0.00766	0.00622	0.00428	0.00196	0.00562	0.00372	0.00403	0.00766
20	0.01512	0.30700	0.47170	0.01629	0.02465	0.01965	0.01985	0.02082	0.01397	0.01922	0.01103	0.01290	0.00854	0.00614	0.00561	0.00187	0.00890	0.00445	0.00285	0.00943
21	0.00959	0.00682	0.00921	0.01053	0.01148	0.00663	0.00818	0.01164	0.01407	0.01859	0.06541	0.35019	0.04087	0.08201	0.01101	0.00318	0.00514	0.32366	0.00608	0.00571
22	0.01447	0.02686	0.43378	0.02062	0.05186	0.01646	0.13393	0.02245	0.09611	0.02160	0.01379	0.01624	0.01030	0.00711	0.00829	0.00224	0.08498	0.00589	0.00342	0.00962

[dist]
# distance from previous block
# <min> <max>
0	9

[block]
# block no. 1 follows, 32 sequences, length 6
# corresponding to MSA columns:
# 67-72
name=unknown_B
#
# <colnr> <probs for GDERKNQSTAVLIFYWHMCP>
#	G	D	E	R	K	N	Q	S	T	A	V	L	I	F	Y	W	H	M	C	P
0	0.00876	0.00677	0.00803	0.00814	0.00987	0.00604	0.00613	0.01104	0.01638	0.02141	0.30326	0.14582	0.34092	0.01639	0.00810	0.00233	0.00358	0.06444	0.00666	0.00592
1	0.00836	0.00618	0.00786	0.00913	0.00997	0.00569	0.00641	0.00979	0.01353	0.01757	0.04264	0.57080	0.16991	0.02005	0.00851	0.00267	0.00400	0.07516	0.00622	0.00555
2	0.10871	0.11278	0.16723	0.01490	0.02116	0.01749	0.04612	0.23902	0.02039	0.16600	0.01559	0.01588	0.01097	0.00716	0.00613	0.00200	0.00750	0.00548	0.00531	0.01019
3	0.01658	0.01621	0.10486	0.08634	0.08042	0.01510	0.01359	0.11843	0.27792	0.05587	0.09994	0.02503	0.04242	0.00886	0.00688	0.00217	0.00645	0.00744	0.00576	0.00974
4	0.01507	0.19394	0.42520	0.01910	0.06856	0.01824	0.07388	0.02202	0.06498	0.02059	0.01271	0.01466	0.00966	0.00635	0.00609	0.00199	0.00896	0.00514	0.00321	0.00965
5	0.01487	0.01258	0.01528	0.10187	0.02013	0.01082	0.00973	0.08232	0.01554	0.02324	0.01233	0.01462	0.00996	0.00548	0.00535	0.00125	0.00569	0.00442	0.00411	0.63042

[dist]
# distance from previous block
# <min> <max>
0	1

[block]
# block no. 2 follows, 32 sequences, length 14
# corresponding to MSA columns:
# 74-87
name=unknown_C
#
# <colnr> <probs for GDERKNQSTAVLIFYWHMCP>
#	G	D	E	R	K	N	Q	S	T	A	V	L	I	F	Y	W	H	M	C	P
0	0.01332	0.01257	0.01828	0.05948	0.06735	0.01653	0.01354	0.01542	0.01130	0.01695	0.04196	0.01918	0.01310	0.01989	0.18190	0.00458	0.45766	0.00645	0.00331	0.00723
1	0.01558	0.01473	0.02443	0.17338	0.52272	0.01541	0.01906	0.02053	0.05683	0.02157	0.04112	0.01868	0.01297	0.00661	0.00672	0.00206	0.00781	0.00631	0.00363	0.00985
2	0.00976	0.00651	0.00732	0.00732	0.00732	0.00651	0.00407	0.00976	0.00976	0.01301	0.02114	0.04391	0.02439	0.76419	0.03415	0.00651	0.00651	0.00976	0.00407	0.00407
3	0.01959	0.03227	0.02229	0.05959	0.17057	0.01609	0.10345	0.21732	0.08280	0.09954	0.04035	0.02097	0.03811	0.00777	0.00682	0.00206	0.00732	0.00690	0.03616	0.01004
4	0.00812	0.00667	0.00715	0.00732	0.00925	0.00570	0.00538	0.00988	0.01530	0.01883	0.12606	0.16334	0.55926	0.01726	0.00802	0.00232	0.00345	0.01467	0.00634	0.00570
5	0.01548	0.01300	0.01555	0.01143	0.01712	0.01105	0.03314	0.10541	0.04962	0.02491	0.03292	0.01588	0.01212	0.00583	0.00547	0.00126	0.00547	0.00478	0.00454	0.61502
6	0.00820	0.00681	0.00717	0.00708	0.00923	0.00578	0.00531	0.01015	0.01593	0.01963	0.17949	0.06210	0.60715	0.01643	0.00793	0.00224	0.00336	0.01381	0.00643	0.00578
7	0.05677	0.01342	0.02158	0.02633	0.34956	0.01307	0.07600	0.02245	0.01588	0.18074	0.01773	0.02123	0.01369	0.00720	0.00651	0.00203	0.00694	0.03218	0.10692	0.00977
8	0.02021	0.01616	0.01715	0.01437	0.01879	0.01833	0.01147	0.30084	0.43930	0.03374	0.02284	0.02147	0.01686	0.00868	0.00678	0.00217	0.00614	0.00697	0.00678	0.01094
9	0.01454	0.15004	0.53720	0.01728	0.02583	0.01747	0.02105	0.02270	0.09291	0.02115	0.01334	0.01485	0.00987	0.00658	0.00609	0.00203	0.00896	0.00504	0.00329	0.00979
10	0.10370	0.06709	0.52559	0.01639	0.02454	0.01508	0.02001	0.02060	0.01442	0.04430	0.07555	0.01712	0.01354	0.00704	0.00617	0.00208	0.00851	0.00544	0.00356	0.00927
11	0.00963	0.00723	0.00994	0.00985	0.01083	0.00809	0.00730	0.01139	0.01094	0.01524	0.02290	0.03343	0.08142	0.20900	0.48925	0.00880	0.03691	0.00836	0.00392	0.00556
12	0.12957	0.19187	0.28621	0.01849	0.11189	0.09655	0.01719	0.03983	0.01480	0.02142	0.01106	0.01309	0.00872	0.00627	0.00561	0.00190	0.00855	0.00456	0.00326	0.00915
13	0.01605	0.07701	0.11959	0.01331	0.04906	0.01280	0.01156	0.09244	0.04937	0.06840	0.01706	0.08434	0.01454	0.00775	0.00589	0.00169	0.00606	0.00633	0.07626	0.27049

[dist]
# distance from previous block
# <min> <max>
0	9

[block]
# block no. 3 follows, 32 sequences, length 30
# corresponding to MSA columns:
# 97-126
name=unknown_D
#
# <colnr> <probs for GDERKNQSTAVLIFYWHMCP>
#	G	D	E	R	K	N	Q	S	T	A	V	L	I	F	Y	W	H	M	C	P
0	0.24968	0.10006	0.17143	0.03738	0.03988	0.04722	0.01321	0.04174	0.04544	0.10847	0.03018	0.04210	0.01306	0.00768	0.00577	0.00206	0.00701	0.02433	0.00452	0.00877
1	0.06443	0.11898	0.22529	0.01754	0.05864	0.27968	0.01609	0.05752	0.06389	0.02087	0.01222	0.01378	0.00956	0.00673	0.00594	0.00189	0.00957	0.00477	0.00363	0.00899
2	0.81159	0.01298	0.00986	0.00882	0.01298	0.01505	0.00727	0.01972	0.01142	0.03010	0.00934	0.01090	0.00727	0.00623	0.00415	0.00208	0.00519	0.00363	0.00415	0.00727
3	0.00851	0.00604	0.00797	0.00926	0.00968	0.00579	0.00621	0.00966	0.01245	0.01664	0.03410	0.61775	0.04045	0.11158	0.04768	0.00359	0.00497	0.03652	0.00584	0.00533
4	0.05316	0.01425	0.01807	0.01705	0.12405	0.01430	0.01203	0.24571	0.02204	0.33345	0.02015	0.01942	0.01373	0.00777	0.00651	0.00201	0.00643	0.00626	0.05275	0.01085
5	0.01251	0.00625	0.00625	0.00625	0.00782	0.00625	0.00469	0.01563	0.01407	0.02502	0.02189	0.02502	0.01720	0.00782	0.00469	0.00156	0.00313	0.00625	0.80144	0.00625
6	0.01752	0.11779	0.06261	0.16065	0.18546	0.14337	0.07133	0.05544	0.05029	0.02023	0.01266	0.01587	0.01019	0.00769	0.02426	0.00219	0.02435	0.00558	0.00354	0.00896
7	0.00826	0.00604	0.00780	0.00917	0.00984	0.00558	0.00630	0.00958	0.01325	0.01738	0.04064	0.64617	0.12515	0.02043	0.00852	0.00269	0.00393	0.04754	0.00623	0.00551
8	0.01133	0.01454	0.17925	0.01507	0.09540	0.01001	0.01258	0.01584	0.03134	0.02326	0.34493	0.06579	0.03722	0.01574	0.09498	0.00317	0.00714	0.00938	0.00535	0.00767
9	0.00966	0.00653	0.00734	0.00732	0.00747	0.00646	0.00418	0.00983	0.01027	0.01362	0.04200	0.04506	0.05850	0.70860	0.03220	0.00619	0.00627	0.01003	0.00426	0.00420
10	0.04283	0.01729	0.10255	0.01518	0.02001	0.01676	0.05589	0.07169	0.51974	0.02774	0.02336	0.02230	0.01742	0.00840	0.00675	0.00223	0.00636	0.00707	0.00604	0.01037
11	0.00942	0.00701	0.01031	0.01050	0.01156	0.00798	0.00799	0.01159	0.01100	0.01568	0.02035	0.11493	0.02033	0.06942	0.62783	0.00968	0.01592	0.00870	0.00393	0.00587
12	0.01617	0.01390	0.01488	0.01317	0.01715	0.01547	0.01031	0.03270	0.60426	0.02707	0.02573	0.02533	0.01980	0.00891	0.00668	0.00215	0.00530	0.02873	0.00646	0.10583
13	0.01902	0.01665	0.12473	0.01482	0.06367	0.01292	0.01259	0.10421	0.10077	0.16868	0.01729	0.01754	0.01256	0.00679	0.00608	0.00172	0.00639	0.00549	0.00531	0.28275
14	0.01593	0.01909	0.14653	0.08587	0.38610	0.04667	0.01898	0.02281	0.12233	0.02208	0.01541	0.01937	0.01250	0.00705	0.00669	0.00210	0.00809	0.02855	0.00385	0.00998
15	0.00959	0.00719	0.01078	0.01078	0.01198	0.00839	0.00839	0.01198	0.01078	0.01558	0.01797	0.02636	0.01677	0.05032	0.73760	0.01078	0.01797	0.00719	0.00359	0.00599
16	0.01391	0.01193	0.01391	0.00994	0.01590	0.00894	0.00795	0.01690	0.01391	0.02186	0.01193	0.01391	0.00994	0.00497	0.00497	0.00099	0.00497	0.00398	0.00398	0.80521
17	0.01748	0.46517	0.23644	0.01441	0.02110	0.10863	0.01555	0.02123	0.01444	0.01746	0.01025	0.01192	0.00858	0.00607	0.00512	0.00167	0.00857	0.00408	0.00293	0.00889
18	0.05672	0.09219	0.46835	0.01649	0.02426	0.01639	0.01933	0.02353	0.14793	0.02276	0.03956	0.01706	0.01268	0.00710	0.00622	0.00209	0.00830	0.00553	0.00384	0.00967
19	0.01989	0.01129	0.01389	0.01128	0.01571	0.01020	0.00901	0.05547	0.10045	0.28893	0.04764	0.09521	0.04183	0.00957	0.00664	0.00192	0.00524	0.03261	0.00656	0.21667
20	0.01257	0.01048	0.01247	0.00976	0.01441	0.00813	0.00754	0.01518	0.01388	0.02107	0.04338	0.16918	0.01903	0.00861	0.00582	0.00139	0.00468	0.00739	0.00457	0.61046
21	0.10679	0.01291	0.12785	0.01117	0.01461	0.00968	0.03514	0.05038	0.01507	0.02194	0.10224	0.22723	0.18597	0.03893	0.00820	0.00245	0.00540	0.01167	0.00539	0.00694
22	0.00856	0.00677	0.00771	0.00758	0.00948	0.00592	0.00565	0.01082	0.01663	0.02155	0.32406	0.09608	0.42354	0.01591	0.00796	0.00223	0.00333	0.01362	0.00669	0.00592
23	0.01572	0.05239	0.55020	0.01912	0.05634	0.01678	0.02198	0.13012	0.03237	0.02464	0.01298	0.01472	0.00932	0.00667	0.00639	0.00208	0.00925	0.00519	0.00356	0.01016
24	0.00822	0.00674	0.00724	0.00726	0.00928	0.00576	0.00539	0.01013	0.01576	0.01958	0.17857	0.11193	0.55742	0.01671	0.00797	0.00227	0.00339	0.01416	0.00643	0.00576
25	0.01537	0.09638	0.45845	0.01824	0.02622	0.05462	0.10161	0.02183	0.02992	0.04583	0.01336	0.01545	0.00982	0.00648	0.00627	0.00202	0.00927	0.00536	0.05408	0.00941
26	0.01817	0.28938	0.26646	0.01569	0.02216	0.20435	0.01635	0.02304	0.05249	0.01847	0.01148	0.01303	0.00922	0.00644	0.00559	0.00179	0.00927	0.00446	0.00322	0.00895
27	0.03783	0.02113	0.27836	0.03985	0.02377	0.01393	0.08967	0.07417	0.03872	0.07277	0.01546	0.01922	0.01197	0.00721	0.00674	0.00198	0.02455	0.03870	0.03938	0.14459
28	0.01500	0.06293	0.49902	0.01761	0.02548	0.10186	0.04054	0.03780	0.01572	0.02156	0.08680	0.01775	0.01446	0.00721	0.00646	0.00205	0.00932	0.00570	0.00351	0.00923
29	0.02274	0.02736	0.01775	0.01601	0.01898	0.57578	0.01197	0.06027	0.01814	0.01738	0.01189	0.01626	0.01069	0.09809	0.01025	0.00238	0.04773	0.00514	0.00368	0.00751

[dist]
# distance from previous block
# <min> <max>
2	6

[block]
# block no. 4 follows, 32 sequences, length 87
# corresponding to MSA columns:
# 133-219
name=unknown_E
#
# <colnr> <probs for GDERKNQSTAVLIFYWHMCP>
#	G	D	E	R	K	N	Q	S	T	A	V	L	I	F	Y	W	H	M	C	P
0	0.01597	0.07978	0.40165	0.02061	0.14172	0.01559	0.01970	0.05889	0.01573	0.06793	0.03355	0.01602	0.01124	0.00659	0.00625	0.00196	0.00841	0.00534	0.00370	0.06936
1	0.01708	0.12968	0.24368	0.04058	0.06657	0.05520	0.11040	0.02310	0.07185	0.10048	0.06417	0.01874	0.01462	0.00715	0.00649	0.00202	0.00837	0.00614	0.00424	0.00944
2	0.06945	0.01703	0.11716	0.19365	0.25137	0.03795	0.05350	0.02034	0.06641	0.02143	0.03588	0.05820	0.01379	0.00752	0.00666	0.00214	0.00801	0.00674	0.00378	0.00898
3	0.00835	0.00605	0.00783	0.00909	0.00973	0.00562	0.00619	0.00969	0.01338	0.01771	0.07702	0.61692	0.10433	0.04400	0.00931	0.00278	0.00396	0.03633	0.00622	0.00549
4	0.01109	0.00927	0.01426	0.01960	0.23752	0.00904	0.01109	0.01340	0.01404	0.01922	0.05798	0.41654	0.05350	0.01641	0.02649	0.00268	0.00563	0.04977	0.00528	0.00720
5	0.01601	0.20113	0.36433	0.02017	0.11706	0.01807	0.05890	0.02217	0.04913	0.05390	0.01302	0.01487	0.00989	0.00636	0.00606	0.00196	0.00867	0.00516	0.00340	0.00976
6	0.01413	0.01377	0.01822	0.01592	0.01641	0.04166	0.01303	0.01650	0.04027	0.01711	0.05036	0.01901	0.01359	0.03422	0.10049	0.00379	0.55438	0.00648	0.00346	0.00720
7	0.00813	0.00602	0.00760	0.00886	0.00960	0.00549	0.00601	0.00940	0.01332	0.01732	0.04292	0.62660	0.17375	0.02025	0.00844	0.00264	0.00380	0.01813	0.00623	0.00549
8	0.01620	0.03827	0.03831	0.04166	0.18103	0.05314	0.09756	0.03883	0.01592	0.10218	0.02555	0.08141	0.11359	0.01046	0.00811	0.00226	0.04797	0.07416	0.00484	0.00855
9	0.01471	0.06946	0.46658	0.02225	0.12538	0.01635	0.08986	0.04026	0.03598	0.02177	0.01322	0.03065	0.01017	0.00665	0.00652	0.00210	0.00930	0.00573	0.00326	0.00983
10	0.01626	0.01815	0.08237	0.02235	0.02834	0.01690	0.39849	0.04858	0.24513	0.02433	0.01807	0.02003	0.01349	0.00693	0.00740	0.00225	0.00910	0.00753	0.00459	0.00971
11	0.07664	0.00850	0.00991	0.00920	0.01210	0.00776	0.00741	0.01670	0.01625	0.18306	0.10745	0.05129	0.33123	0.01411	0.00758	0.00233	0.00450	0.12008	0.00664	0.00726
12	0.01708	0.12918	0.31695	0.02182	0.12360	0.14234	0.09773	0.03827	0.01570	0.02030	0.01174	0.01419	0.00910	0.00628	0.00626	0.00196	0.00975	0.00517	0.00317	0.00940
13	0.01337	0.03088	0.60663	0.02017	0.07954	0.01495	0.04240	0.02039	0.01438	0.02109	0.01605	0.01799	0.05852	0.00707	0.00655	0.00213	0.00935	0.00576	0.00312	0.00965
14	0.02241	0.02721	0.01746	0.01603	0.01919	0.58677	0.01218	0.04384	0.01884	0.01815	0.06229	0.02010	0.01506	0.00973	0.03063	0.00216	0.01109	0.05522	0.00403	0.00760
15	0.00830	0.00619	0.00777	0.00897	0.00987	0.00566	0.00629	0.00973	0.01359	0.01756	0.04395	0.55334	0.19795	0.01993	0.00847	0.00265	0.00394	0.06406	0.00623	0.00555
16	0.81159	0.01298	0.00986	0.00882	0.01298	0.01505	0.00727	0.01972	0.01142	0.03010	0.00934	0.01090	0.00727	0.00623	0.00415	0.00208	0.00519	0.00363	0.00415	0.00727
17	0.01157	0.01056	0.06134	0.01233	0.01491	0.00944	0.01103	0.01734	0.12611	0.02119	0.03672	0.06188	0.12066	0.01598	0.00851	0.00279	0.00595	0.43858	0.00605	0.00708
18	0.01093	0.01696	0.27029	0.01232	0.01692	0.00969	0.01303	0.01578	0.01724	0.02486	0.46244	0.03708	0.04343	0.01105	0.00736	0.00212	0.00561	0.00953	0.00573	0.00763
19	0.01081	0.00772	0.01081	0.01236	0.01390	0.00772	0.01081	0.01390	0.01545	0.02008	0.03553	0.07569	0.03862	0.01854	0.00927	0.00309	0.00618	0.67717	0.00618	0.00618
20	0.00859	0.00682	0.00772	0.00749	0.00947	0.00595	0.00562	0.01092	0.01686	0.02185	0.34389	0.05845	0.44137	0.01560	0.00792	0.00220	0.00330	0.01330	0.00672	0.00595
21	0.00976	0.00651	0.00732	0.00732	0.00732	0.00651	0.00407	0.00976	0.00976	0.01301	0.02114	0.04391	0.02439	0.76419	0.03415	0.00651	0.00651	0.00976	0.00407	0.00407
22	0.01939	0.01576	0.01669	0.01420	0.01848	0.01795	0.01127	0.23924	0.50222	0.03243	0.02388	0.02230	0.01770	0.00878	0.00679	0.00220	0.00595	0.00711	0.00679	0.01086
23	0.00817	0.00587	0.00775	0.00926	0.00971	0.00546	0.00619	0.00935	0.01292	0.01716	0.03797	0.73754	0.06601	0.02089	0.00854	0.00271	0.00388	0.01892	0.00623	0.00546
24	0.00950	0.00686	0.00897	0.00844	0.01002	0.00633	0.00633	0.01266	0.01899	0.02691	0.71879	0.05012	0.06331	0.01372	0.00791	0.00211	0.00317	0.01213	0.00739	0.00633
25	0.10190	0.01823	0.01914	0.01480	0.02005	0.02025	0.01222	0.63385	0.02959	0.04110	0.01545	0.01560	0.01101	0.00788	0.00646	0.00202	0.00717	0.00581	0.00646	0.01101
26	0.02476	0.01537	0.06947	0.01323	0.01840	0.01411	0.01151	0.25945	0.06471	0.32840	0.02144	0.02023	0.01451	0.00808	0.00651	0.00202	0.00632	0.00637	0.08434	0.01075
27	0.12872	0.01200	0.01479	0.01175	0.01664	0.01139	0.00962	0.03141	0.10537	0.54937	0.02438	0.02158	0.01590	0.00814	0.00642	0.00210	0.00559	0.00645	0.00759	0.01079
28	0.01584	0.01810	0.03959	0.02828	0.03507	0.01697	0.69796	0.02149	0.01584	0.02149	0.01357	0.01810	0.01018	0.00566	0.00792	0.00226	0.01131	0.00792	0.00339	0.00905
29	0.01379	0.08944	0.67762	0.01855	0.02816	0.01640	0.02380	0.02116	0.01413	0.02084	0.01184	0.01391	0.00851	0.00633	0.00622	0.00207	0.00971	0.00486	0.00284	0.00982
30	0.01132	0.00583	0.00865	0.00880	0.00884	0.00579	0.00587	0.00880	0.00914	0.01219	0.01412	0.09226	0.01484	0.02309	0.02451	0.72683	0.00564	0.00711	0.00324	0.00316
31	0.00818	0.00584	0.00779	0.00934	0.00973	0.00545	0.00623	0.00934	0.01285	0.01713	0.03698	0.75981	0.04438	0.02102	0.00856	0.00273	0.00389	0.01908	0.00623	0.00545
32	0.02510	0.03106	0.01909	0.01716	0.02075	0.68706	0.01295	0.07395	0.01989	0.01823	0.01077	0.01238	0.00884	0.00699	0.00610	0.00175	0.01177	0.00444	0.00369	0.00803
33	0.01249	0.01484	0.16468	0.06689	0.01826	0.01129	0.01201	0.02032	0.17393	0.02506	0.29308	0.03200	0.03352	0.01003	0.00695	0.00211	0.00552	0.00856	0.08032	0.00815
34	0.01485	0.01565	0.04487	0.14480	0.25342	0.06473	0.16445	0.01913	0.03256	0.01998	0.01710	0.14465	0.01611	0.00877	0.00722	0.00221	0.00843	0.00854	0.00387	0.00866
35	0.01122	0.00606	0.00885	0.00885	0.00900	0.00621	0.00597	0.00924	0.00909	0.01227	0.01336	0.02342	0.01352	0.09865	0.11476	0.62923	0.00739	0.00638	0.00311	0.00341
36	0.01758	0.70889	0.09132	0.01210	0.01818	0.02566	0.01256	0.02019	0.01368	0.01623	0.00955	0.01104	0.00860	0.00579	0.00447	0.00149	0.00740	0.00370	0.00287	0.00872
37	0.03634	0.15424	0.24815	0.03956	0.15768	0.09004	0.10164	0.05810	0.01583	0.02123	0.01185	0.01443	0.00928	0.00625	0.00619	0.00195	0.00919	0.00526	0.00331	0.00946
38	0.01222	0.01075	0.06433	0.01072	0.01332	0.00957	0.00905	0.01597	0.07166	0.08407	0.11041	0.11432	0.26462	0.03612	0.03070	0.00274	0.08754	0.03894	0.00583	0.00713
39	0.01608	0.01540	0.02628	0.13611	0.63154	0.01580	0.02033	0.02013	0.01503	0.02128	0.01253	0.01678	0.01040	0.00608	0.00665	0.00203	0.00810	0.00598	0.00328	0.01020
40	0.01379	0.01311	0.01912	0.13025	0.23962	0.05966	0.06472	0.03909	0.01521	0.01982	0.02476	0.17528	0.10175	0.02930	0.00798	0.00235	0.00717	0.02464	0.00441	0.00798
41	0.01946	0.14645	0.16129	0.05314	0.10521	0.03825	0.03600	0.08815	0.05698	0.15250	0.01534	0.01657	0.01134	0.00730	0.00739	0.00204	0.06257	0.00562	0.00456	0.00985
42	0.01514	0.01437	0.06332	0.38934	0.09569	0.01440	0.15173	0.01962	0.01463	0.08882	0.01520	0.06083	0.01211	0.00740	0.00703	0.00223	0.00877	0.00713	0.00380	0.00845
43	0.01444	0.14862	0.54711	0.01844	0.02728	0.01745	0.07250	0.02151	0.03494	0.02061	0.01218	0.01425	0.00900	0.00630	0.00618	0.00203	0.00945	0.00504	0.00300	0.00967
44	0.01589	0.07265	0.55096	0.01777	0.02631	0.04174	0.02146	0.04506	0.03617	0.07422	0.01343	0.01495	0.00958	0.00676	0.00665	0.00209	0.02578	0.00513	0.00352	0.00989
45	0.01697	0.02166	0.24014	0.12001	0.04175	0.08665	0.06169	0.08536	0.06662	0.08221	0.01685	0.07642	0.01367	0.00943	0.02885	0.00241	0.00888	0.00689	0.00437	0.00916
46	0.01949	0.01330	0.07072	0.26072	0.09666	0.01217	0.01454	0.02322	0.01630	0.29446	0.05870	0.02347	0.05034	0.00812	0.00682	0.00214	0.00707	0.00694	0.00547	0.00934
47	0.01953	0.07012	0.21698	0.01383	0.01955	0.01202	0.03431	0.02352	0.01639	0.30418	0.06011	0.10020	0.04081	0.00967	0.00687	0.00216	0.00679	0.02760	0.00585	0.00951
48	0.01420	0.01285	0.06587	0.32228	0.06936	0.01244	0.09079	0.01806	0.01453	0.09763	0.03985	0.17450	0.01902	0.00991	0.00725	0.00230	0.00763	0.00913	0.00444	0.00796
49	0.01770	0.01549	0.02487	0.13137	0.53963	0.03906	0.01902	0.02154	0.01554	0.09081	0.01382	0.01724	0.01093	0.00634	0.00664	0.00202	0.00801	0.00600	0.00377	0.01019
50	0.01140	0.01173	0.06024	0.01870	0.13392	0.01008	0.14475	0.01441	0.01426	0.01937	0.04846	0.37835	0.07781	0.01416	0.00793	0.00243	0.00632	0.01334	0.00502	0.00732
51	0.01412	0.01340	0.02312	0.26132	0.35336	0.01421	0.06792	0.01804	0.01456	0.01997	0.03628	0.10274	0.01547	0.00813	0.00701	0.00218	0.00792	0.00779	0.00367	0.00878
52	0.01695	0.02768	0.50031	0.04528	0.07063	0.01451	0.04176	0.02331	0.01524	0.15893	0.01494	0.01626	0.01028	0.00672	0.00652	0.00212	0.00898	0.00550	0.00395	0.01014
53	0.01661	0.09963	0.35553	0.01562	0.04483	0.01380	0.01679	0.02167	0.01576	0.16551	0.10520	0.04789	0.03568	0.00839	0.00655	0.00206	0.00749	0.00684	0.00474	0.00940
54	0.01346	0.03471	0.72942	0.01912	0.02904	0.01558	0.02479	0.02125	0.01417	0.02125	0.01204	0.01417	0.00850	0.00637	0.00637	0.00212	0.00992	0.00496	0.00283	0.00992
55	0.01377	0.08609	0.68079	0.01859	0.02821	0.01635	0.02386	0.02117	0.01413	0.02087	0.01185	0.01393	0.00851	0.00633	0.00623	0.00208	0.00972	0.00486	0.00284	0.00982
56	0.02542	0.01445	0.12437	0.01279	0.01824	0.01031	0.01180	0.02867	0.01781	0.54968	0.02528	0.09313	0.01806	0.00924	0.00687	0.00215	0.00618	0.00767	0.00726	0.01061
57	0.01346	0.03471	0.72942	0.01912	0.02904	0.01558	0.02479	0.02125	0.01417	0.02125	0.01204	0.01417	0.00850	0.00637	0.00637	0.00212	0.00992	0.00496	0.00283	0.00992
58	0.01235	0.01136	0.01905	0.48069	0.03578	0.01347	0.06397	0.01625	0.01369	0.01786	0.01763	0.08626	0.01658	0.00994	0.00820	0.00245	0.04950	0.11398	0.00378	0.00720
59	0.01642	0.01575	0.02690	0.07473	0.69025	0.01589	0.02050	0.02043	0.01519	0.02169	0.01259	0.01667	0.01055	0.00601	0.00665	0.00200	0.00802	0.00598	0.00331	0.01048
60	0.01416	0.01345	0.02282	0.48063	0.30201	0.01530	0.01938	0.01845	0.01412	0.01895	0.01219	0.01740	0.00958	0.00643	0.00668	0.00214	0.00858	0.00597	0.00311	0.00865
61	0.00976	0.00651	0.00732	0.00732	0.00732	0.00651	0.00407	0.00976	0.00976	0.01301	0.02114	0.04391	0.02439	0.76419	0.03415	0.00651	0.00651	0.00976	0.00407	0.00407
62	0.01370	0.03319	0.67613	0.01872	0.02818	0.01567	0.02373	0.02232	0.06610	0.02176	0.01318	0.01498	0.00939	0.00658	0.00641	0.00214	0.00957	0.00515	0.00313	0.00997
63	0.81159	0.01298	0.00986	0.00882	0.01298	0.01505	0.00727	0.01972	0.01142	0.03010	0.00934	0.01090	0.00727	0.00623	0.00415	0.00208	0.00519	0.00363	0.00415	0.00727
64	0.01663	0.01442	0.01532	0.01377	0.01745	0.01680	0.01074	0.03510	0.69038	0.02773	0.02679	0.02474	0.02015	0.00918	0.00726	0.00229	0.02647	0.00754	0.00672	0.01053
65	0.01267	0.01172	0.01919	0.60200	0.07892	0.01386	0.01708	0.01677	0.01352	0.01776	0.01372	0.06950	0.01159	0.00754	0.00671	0.00216	0.00824	0.00673	0.00330	0.06701
66	0.00966	0.00683	0.00882	0.00832	0.00990	0.00633	0.00624	0.01283	0.01872	0.02680	0.68011	0.04873	0.06075	0.01339	0.00773	0.00208	0.00316	0.01181	0.05146	0.00633
67	0.01789	0.01595	0.01579	0.01403	0.01791	0.06746	0.01093	0.08163	0.61418	0.02825	0.02534	0.02350	0.01902	0.00888	0.00676	0.00222	0.00593	0.00725	0.00658	0.01048
68	0.00981	0.00721	0.00932	0.00855	0.01044	0.00651	0.00644	0.01296	0.01864	0.02655	0.66927	0.04758	0.05957	0.01310	0.00771	0.00203	0.00329	0.01156	0.00715	0.06230
69	0.01346	0.03471	0.72942	0.01912	0.02904	0.01558	0.02479	0.02125	0.01417	0.02125	0.01204	0.01417	0.00850	0.00637	0.00637	0.00212	0.00992	0.00496	0.00283	0.00992
70	0.02132	0.01846	0.01767	0.01484	0.01923	0.11210	0.01178	0.30145	0.34755	0.03227	0.02061	0.01976	0.01530	0.00840	0.00668	0.00210	0.00703	0.00654	0.00634	0.01057
71	0.00976	0.00651	0.00732	0.00732	0.00732	0.00651	0.00407	0.00976	0.00976	0.01301	0.02114	0.04391	0.02439	0.76419	0.03415	0.00651	0.00651	0.00976	0.00407	0.00407
72	0.00917	0.00658	0.00873	0.01009	0.01095	0.00631	0.00758	0.01094	0.01365	0.01790	0.03710	0.43788	0.07849	0.07201	0.01056	0.00309	0.00483	0.24247	0.00606	0.00561
73	0.02072	0.01493	0.02053	0.09396	0.28633	0.05743	0.01498	0.08329	0.05635	0.20944	0.04252	0.01993	0.01458	0.00739	0.00665	0.00203	0.00723	0.00640	0.02516	0.01017
74	0.01166	0.00583	0.00874	0.00874	0.00874	0.00583	0.00583	0.00874	0.00874	0.01166	0.01166	0.02040	0.01166	0.02331	0.02622	0.80478	0.00583	0.00583	0.00291	0.00291
75	0.01599	0.01531	0.02612	0.15195	0.61639	0.01578	0.02029	0.02005	0.01499	0.02117	0.01251	0.01681	0.01036	0.00609	0.00665	0.00203	0.00812	0.00598	0.00327	0.01013
76	0.01783	0.01907	0.15424	0.02060	0.13283	0.08387	0.10478	0.02387	0.10161	0.13289	0.01984	0.08321	0.01664	0.00887	0.00706	0.00220	0.00804	0.04822	0.00489	0.00943
77	0.01513	0.05867	0.15014	0.09358	0.29179	0.05844	0.08877	0.01945	0.01485	0.02010	0.01544	0.09737	0.01416	0.00806	0.00685	0.00213	0.00848	0.02393	0.00358	0.00910
78	0.00976	0.00651	0.00732	0.00732	0.00732	0.00651	0.00407	0.00976	0.00976	0.01301	0.02114	0.04391	0.02439	0.76419	0.03415	0.00651	0.00651	0.00976	0.00407	0.00407
79	0.01509	0.24705	0.41181	0.01602	0.02348	0.05705	0.01870	0.02038	0.01427	0.01913	0.01309	0.01801	0.01104	0.00845	0.02809	0.00223	0.00919	0.05475	0.00315	0.00902
80	0.01648	0.10032	0.29529	0.04073	0.02184	0.03421	0.03615	0.02098	0.01535	0.15871	0.04283	0.10094	0.06915	0.00929	0.00668	0.00211	0.00753	0.00770	0.00471	0.00899
81	0.01606	0.20158	0.43262	0.01686	0.02488	0.01880	0.03637	0.09585	0.05607	0.02268	0.01277	0.01431	0.00958	0.00655	0.00600	0.00196	0.00877	0.00498	0.00351	0.00980
82	0.01184	0.01068	0.06469	0.01242	0.01476	0.00962	0.01095	0.01748	0.12849	0.02056	0.03056	0.05867	0.03155	0.11281	0.01188	0.00333	0.00636	0.43068	0.00576	0.00691
83	0.69699	0.01241	0.01020	0.00901	0.01305	0.01404	0.00738	0.02011	0.01253	0.07869	0.06348	0.01466	0.01210	0.00693	0.00461	0.00208	0.00508	0.00449	0.00468	0.00749
84	0.03320	0.00868	0.01146	0.01027	0.01250	0.00876	0.05842	0.01196	0.01406	0.01836	0.06738	0.04757	0.43467	0.02091	0.13403	0.00378	0.08127	0.01130	0.00521	0.00621
85	0.01922	0.01287	0.01508	0.01452	0.07500	0.05088	0.01032	0.02651	0.22123	0.22579	0.02502	0.15037	0.02099	0.01015	0.00686	0.00211	0.00573	0.00867	0.00638	0.09230
86	0.01943	0.01882	0.18186	0.04937	0.35543	0.01419	0.01858	0.02391	0.01603	0.21236	0.01622	0.01778	0.01172	0.00672	0.00661	0.00205	0.00783	0.00596	0.00455	0.01059

[dist]
# distance from previous block
# <min> <max>
4	6

[block]
# block no. 5 follows, 32 sequences, length 28
# corresponding to MSA columns:
# 226-253
name=unknown_F
#
# <colnr> <probs for GDERKNQSTAVLIFYWHMCP>
#	G	D	E	R	K	N	Q	S	T	A	V	L	I	F	Y	W	H	M	C	P
0	0.06046	0.02014	0.10204	0.13940	0.31080	0.16450	0.01767	0.02139	0.01547	0.04231	0.01302	0.03928	0.01080	0.00690	0.00643	0.00202	0.00885	0.00583	0.00354	0.00914
1	0.01680	0.28524	0.35215	0.01546	0.02291	0.01837	0.03918	0.02176	0.01483	0.09955	0.04516	0.01574	0.01202	0.00669	0.00582	0.00188	0.00822	0.00511	0.00369	0.00944
2	0.22113	0.01768	0.04125	0.01559	0.08849	0.13871	0.01147	0.11315	0.12861	0.07759	0.01589	0.01667	0.01197	0.00729	0.00580	0.00200	0.00701	0.00541	0.06521	0.00909
3	0.08300	0.01634	0.02320	0.20950	0.42592	0.08879	0.01822	0.02030	0.01488	0.02088	0.01195	0.01599	0.00973	0.00627	0.00639	0.00203	0.00840	0.00561	0.00332	0.00928
4	0.01661	0.01594	0.02724	0.04119	0.72233	0.01594	0.02059	0.02059	0.01528	0.02192	0.01262	0.01661	0.01063	0.00598	0.00664	0.00199	0.00797	0.00598	0.00332	0.01063
5	0.00859	0.00645	0.00930	0.01017	0.01091	0.00602	0.03792	0.01005	0.01327	0.01778	0.06767	0.69278	0.04369	0.01998	0.00850	0.00268	0.00420	0.01824	0.00615	0.00566
6	0.01669	0.01441	0.01517	0.01365	0.01745	0.01669	0.01062	0.03565	0.71021	0.02807	0.02731	0.02503	0.02048	0.00910	0.00683	0.00228	0.00531	0.00759	0.00683	0.01062
7	0.81159	0.01298	0.00986	0.00882	0.01298	0.01505	0.00727	0.01972	0.01142	0.03010	0.00934	0.01090	0.00727	0.00623	0.00415	0.00208	0.00519	0.00363	0.00415	0.00727
8	0.01361	0.01288	0.02182	0.57963	0.20732	0.01515	0.01910	0.01797	0.01386	0.01828	0.01209	0.01758	0.00935	0.00653	0.00669	0.00218	0.00871	0.00597	0.00306	0.00821
9	0.01366	0.03332	0.67172	0.01989	0.02955	0.01570	0.08111	0.02127	0.01431	0.02127	0.01217	0.01450	0.00864	0.00631	0.00650	0.00214	0.01003	0.00521	0.00288	0.00984
10	0.00840	0.00600	0.00804	0.00960	0.01008	0.00564	0.00661	0.00972	0.01306	0.01738	0.03686	0.70258	0.04390	0.02081	0.00862	0.00276	0.00408	0.07413	0.00622	0.00551
11	0.00976	0.00651	0.00732	0.00732	0.00732	0.00651	0.00407	0.00976	0.00976	0.01301	0.02114	0.04391	0.02439	0.76419	0.03415	0.00651	0.00651	0.00976	0.00407	0.00407
12	0.00972	0.00694	0.00956	0.01111	0.01217	0.00678	0.00891	0.01201	0.01437	0.01885	0.03613	0.35970	0.04101	0.01957	0.00898	0.00294	0.00523	0.40396	0.00620	0.00588
13	0.01634	0.01552	0.02110	0.21614	0.09619	0.07590	0.11207	0.06089	0.20864	0.02315	0.01734	0.01973	0.01321	0.00732	0.00670	0.00212	0.00793	0.00658	0.06410	0.00902
14	0.01794	0.76823	0.03516	0.01148	0.01722	0.02655	0.01148	0.02009	0.01363	0.01579	0.00933	0.01076	0.00861	0.00574	0.00431	0.00144	0.00718	0.00359	0.00287	0.00861
15	0.01997	0.02145	0.02321	0.02503	0.23759	0.26162	0.09241	0.08138	0.10790	0.02263	0.03249	0.01716	0.01261	0.00704	0.00665	0.00197	0.00924	0.00601	0.00422	0.00943
16	0.01752	0.01483	0.01564	0.01382	0.01777	0.01708	0.01082	0.09851	0.64599	0.02941	0.02625	0.02419	0.01962	0.00900	0.00682	0.00225	0.00551	0.00744	0.00682	0.01070
17	0.00828	0.00592	0.00791	0.00947	0.00990	0.00554	0.00641	0.00953	0.01295	0.01725	0.03692	0.73204	0.04414	0.02092	0.00859	0.00274	0.00399	0.04579	0.00623	0.00548
18	0.02051	0.16494	0.01993	0.01456	0.01794	0.45999	0.01137	0.02238	0.01731	0.01726	0.07245	0.09972	0.01726	0.00886	0.00616	0.00182	0.00950	0.00651	0.00399	0.00755
19	0.01529	0.20720	0.35176	0.02051	0.05258	0.01862	0.20141	0.02101	0.01452	0.02002	0.01182	0.01448	0.00905	0.00601	0.00630	0.00199	0.00956	0.00545	0.00301	0.00939
20	0.02551	0.01879	0.02014	0.01544	0.02081	0.02081	0.01275	0.69996	0.03155	0.04229	0.01611	0.01611	0.01141	0.00805	0.00671	0.00201	0.00738	0.00604	0.00671	0.01141
21	0.01794	0.76823	0.03516	0.01148	0.01722	0.02655	0.01148	0.02009	0.01363	0.01579	0.00933	0.01076	0.00861	0.00574	0.00431	0.00144	0.00718	0.00359	0.00287	0.00861
22	0.00810	0.00612	0.00750	0.00861	0.00954	0.00551	0.00590	0.00943	0.01355	0.01742	0.04593	0.55909	0.23932	0.01986	0.00838	0.00259	0.00375	0.01766	0.00623	0.00551
23	0.01616	0.01549	0.02643	0.12125	0.64575	0.01583	0.02037	0.02020	0.01507	0.02138	0.01254	0.01675	0.01044	0.00606	0.00665	0.00202	0.00808	0.00598	0.00328	0.01027
24	0.00974	0.00656	0.00759	0.00759	0.00768	0.00665	0.00440	0.00993	0.00984	0.01321	0.02089	0.04254	0.02380	0.70839	0.08914	0.00684	0.00740	0.00956	0.00403	0.00422
25	0.00818	0.00584	0.00779	0.00934	0.00973	0.00545	0.00623	0.00934	0.01285	0.01713	0.03698	0.75981	0.04438	0.02102	0.00856	0.00273	0.00389	0.01908	0.00623	0.00545
26	0.01454	0.27691	0.19977	0.01354	0.01866	0.05388	0.01382	0.01906	0.05712	0.01867	0.01909	0.15522	0.01913	0.01036	0.00639	0.00209	0.00730	0.08214	0.00411	0.00818
27	0.01598	0.44743	0.33879	0.01482	0.02239	0.02175	0.01730	0.02060	0.01387	0.01818	0.01051	0.01225	0.00856	0.00602	0.00521	0.00174	0.00837	0.00419	0.00285	0.00918

[dist]
# distance from previous block
# <min> <max>
3	14

[block]
# block no. 6 follows, 32 sequences, length 14
# corresponding to MSA columns:
# 268-272,276-284
name=unknown_G
#
# <colnr> <probs for GDERKNQSTAVLIFYWHMCP>
#	G	D	E	R	K	N	Q	S	T	A	V	L	I	F	Y	W	H	M	C	P
0	0.01592	0.01732	0.09283	0.10861	0.59039	0.01581	0.02080	0.02032	0.01499	0.02139	0.01250	0.01650	0.01026	0.00609	0.00662	0.00203	0.00825	0.00588	0.00324	0.01025
1	0.00885	0.00683	0.00808	0.00777	0.00963	0.00606	0.00582	0.01142	0.01747	0.02330	0.45118	0.05606	0.33318	0.01506	0.00792	0.00217	0.00326	0.01297	0.00691	0.00606
2	0.01794	0.76823	0.03516	0.01148	0.01722	0.02655	0.01148	0.02009	0.01363	0.01579	0.00933	0.01076	0.00861	0.00574	0.00431	0.00144	0.00718	0.00359	0.00287	0.00861
3	0.01346	0.03471	0.72942	0.01912	0.02904	0.01558	0.02479	0.02125	0.01417	0.02125	0.01204	0.01417	0.00850	0.00637	0.00637	0.00212	0.00992	0.00496	0.00283	0.00992
4	0.02331	0.08882	0.02072	0.01476	0.01990	0.02066	0.01227	0.52408	0.14396	0.03739	0.01735	0.01711	0.01267	0.00801	0.00650	0.00200	0.00702	0.00607	0.00637	0.01101
5	0.00818	0.00584	0.00779	0.00934	0.00973	0.00545	0.00623	0.00934	0.01285	0.01713	0.03698	0.75981	0.04438	0.02102	0.00856	0.00273	0.00389	0.01908	0.00623	0.00545
6	0.00976	0.00651	0.00732	0.00732	0.00732	0.00651	0.00407	0.00976	0.00976	0.01301	0.02114	0.04391	0.02439	0.76419	0.03415	0.00651	0.00651	0.00976	0.00407	0.00407
7	0.01576	0.01892	0.08077	0.02894	0.09959	0.01679	0.59269	0.02139	0.01568	0.02152	0.01339	0.01772	0.01012	0.00573	0.00770	0.00223	0.01091	0.00755	0.00335	0.00925
8	0.02221	0.37319	0.02622	0.01409	0.01877	0.33947	0.01199	0.02421	0.01652	0.08117	0.01136	0.01246	0.00936	0.00649	0.00530	0.00162	0.00922	0.00420	0.00363	0.00850
9	0.00819	0.00632	0.00750	0.00841	0.00963	0.00564	0.00595	0.00966	0.01398	0.01767	0.04982	0.44128	0.32514	0.01924	0.00833	0.00255	0.00378	0.04511	0.00623	0.00557
10	0.15878	0.38585	0.26432	0.01358	0.02044	0.02080	0.01521	0.02042	0.01342	0.02019	0.01024	0.01193	0.00833	0.00604	0.00497	0.00178	0.00774	0.00406	0.00309	0.00881
11	0.01598	0.52151	0.20169	0.01315	0.01943	0.02199	0.01425	0.01941	0.01369	0.01724	0.01246	0.07859	0.01178	0.00726	0.00519	0.00172	0.00755	0.00531	0.00316	0.00865
12	0.00863	0.00851	0.07224	0.00998	0.01140	0.00638	0.00779	0.01043	0.01319	0.01759	0.03759	0.62947	0.10298	0.01934	0.00831	0.00263	0.00439	0.01736	0.00593	0.00587
13	0.01651	0.49856	0.21787	0.01348	0.02006	0.02218	0.01476	0.04499	0.01476	0.01890	0.05385	0.01428	0.01204	0.00648	0.00517	0.00168	0.00767	0.00457	0.00328	0.00892

[dist]
# distance from previous block
# <min> <max>
10	36

# created by:
# /home/cegg/simao/soft/augustus-3.2.1/scripts/msa2prfl.pl ./align_prep/EOG090W0F78.fa
