[name]
unknown

[dist]
# distance from previous block
# <min> <max>
20	116

[block]
# block no. 0 follows, 27 sequences, length 18
# corresponding to MSA columns:
# 180-197
name=unknown_A
#
# <colnr> <probs for GDERKNQSTAVLIFYWHMCP>
#	G	D	E	R	K	N	Q	S	T	A	V	L	I	F	Y	W	H	M	C	P
0	0.07424	0.03665	0.07393	0.10357	0.18064	0.01730	0.08225	0.10575	0.05600	0.02729	0.01530	0.01840	0.01195	0.00738	0.00744	0.00217	0.03061	0.00636	0.04356	0.09919
1	0.08959	0.06262	0.10955	0.04085	0.04343	0.01295	0.01214	0.02059	0.06378	0.08354	0.07704	0.07877	0.13498	0.01285	0.03522	0.00261	0.00688	0.00906	0.00560	0.09795
2	0.03586	0.01301	0.01367	0.01272	0.01525	0.09849	0.03627	0.06532	0.01756	0.02299	0.09457	0.26562	0.06283	0.08086	0.01096	0.00292	0.00660	0.06091	0.00603	0.07755
3	0.04206	0.05064	0.04609	0.01986	0.09096	0.01969	0.06490	0.23399	0.25351	0.03346	0.02188	0.05341	0.01721	0.00929	0.00745	0.00236	0.00762	0.00785	0.00636	0.01141
4	0.04433	0.14974	0.04859	0.01345	0.01862	0.09591	0.01151	0.06452	0.12810	0.10003	0.04346	0.02335	0.06159	0.00873	0.00653	0.00197	0.00712	0.00670	0.04009	0.12565
5	0.01837	0.13264	0.21321	0.02085	0.12685	0.03914	0.03544	0.07196	0.05787	0.06494	0.04904	0.04302	0.04172	0.00857	0.00701	0.00217	0.00842	0.00706	0.00476	0.04695
6	0.01624	0.15055	0.34230	0.04956	0.08414	0.01928	0.11950	0.02221	0.01549	0.02170	0.01347	0.01776	0.01082	0.04394	0.00927	0.00252	0.04165	0.00617	0.00336	0.01009
7	0.01203	0.00663	0.00945	0.00956	0.00993	0.00645	0.00649	0.01020	0.01164	0.01551	0.08209	0.09577	0.06754	0.02410	0.02394	0.58550	0.00579	0.00909	0.00427	0.00404
8	0.04249	0.07010	0.07135	0.02280	0.13674	0.10337	0.11145	0.11883	0.08202	0.05366	0.04365	0.02052	0.01527	0.00993	0.03659	0.00262	0.00952	0.00692	0.03181	0.01039
9	0.06034	0.07691	0.17605	0.11036	0.05688	0.13185	0.01734	0.11548	0.04235	0.09819	0.01730	0.01879	0.03025	0.00804	0.00693	0.00222	0.00938	0.00614	0.00488	0.01031
10	0.01087	0.00784	0.00928	0.00950	0.01126	0.00725	0.00689	0.01368	0.04684	0.04818	0.15941	0.24812	0.26406	0.08087	0.01143	0.00306	0.00450	0.04326	0.00702	0.00670
11	0.01408	0.01298	0.02143	0.49219	0.14904	0.01511	0.01895	0.01850	0.01539	0.02010	0.01943	0.06485	0.04568	0.00956	0.00778	0.00253	0.00893	0.05101	0.00396	0.00851
12	0.02003	0.04718	0.18725	0.12301	0.13106	0.15023	0.01907	0.10331	0.01917	0.05385	0.01519	0.03514	0.01206	0.01008	0.03931	0.00268	0.01055	0.00637	0.00430	0.01016
13	0.04239	0.11387	0.09617	0.01860	0.07964	0.09867	0.03275	0.16386	0.06311	0.04860	0.02079	0.09024	0.04746	0.01005	0.00794	0.00229	0.04025	0.00793	0.00529	0.01010
14	0.00966	0.00718	0.00891	0.00941	0.01076	0.00655	0.00673	0.01183	0.01700	0.02268	0.26186	0.30825	0.19511	0.05321	0.01045	0.00289	0.00415	0.03983	0.00720	0.00636
15	0.01077	0.00999	0.04471	0.01389	0.05810	0.00851	0.04444	0.01378	0.03557	0.02138	0.10568	0.42255	0.14471	0.01859	0.00894	0.00274	0.00524	0.01676	0.00648	0.00716
16	0.05165	0.10837	0.16067	0.02070	0.09974	0.11450	0.03937	0.11449	0.06433	0.05995	0.01655	0.02053	0.01333	0.00854	0.00779	0.00228	0.04168	0.04032	0.00478	0.01043
17	0.06303	0.02226	0.13227	0.01915	0.08114	0.13489	0.04475	0.11036	0.04547	0.02650	0.05449	0.02422	0.04304	0.01068	0.03178	0.00255	0.03202	0.03584	0.00491	0.08066

[dist]
# distance from previous block
# <min> <max>
1	6

[block]
# block no. 1 follows, 27 sequences, length 16
# corresponding to MSA columns:
# 205,206,209-222
name=unknown_B
#
# <colnr> <probs for GDERKNQSTAVLIFYWHMCP>
#	G	D	E	R	K	N	Q	S	T	A	V	L	I	F	Y	W	H	M	C	P
0	0.00970	0.00738	0.00866	0.00875	0.01028	0.00682	0.00620	0.01158	0.01593	0.02075	0.18882	0.14462	0.29907	0.15064	0.07390	0.00418	0.00577	0.01435	0.00649	0.00611
1	0.02275	0.02267	0.01975	0.01835	0.06287	0.23078	0.01347	0.13738	0.29716	0.02891	0.02057	0.02049	0.01573	0.00869	0.00715	0.00219	0.00872	0.00669	0.00599	0.04965
2	0.03379	0.12774	0.14529	0.03575	0.08595	0.04900	0.03894	0.06914	0.03217	0.06376	0.01870	0.05740	0.03353	0.07854	0.02547	0.00280	0.00855	0.00725	0.00462	0.08163
3	0.02010	0.03958	0.07497	0.01818	0.07148	0.14400	0.04325	0.09673	0.12815	0.06975	0.04174	0.02732	0.07763	0.07104	0.01071	0.00272	0.03946	0.00792	0.00553	0.00973
4	0.02721	0.02697	0.01992	0.01732	0.02176	0.40705	0.01337	0.11046	0.12629	0.13029	0.01799	0.01804	0.01338	0.00843	0.00704	0.00211	0.01046	0.00600	0.00569	0.01022
5	0.00979	0.00744	0.00868	0.00854	0.01027	0.00669	0.00614	0.01207	0.01767	0.02333	0.32468	0.10296	0.30160	0.11244	0.01263	0.00308	0.00414	0.01442	0.00712	0.00633
6	0.02073	0.55707	0.03376	0.01367	0.01939	0.09140	0.01275	0.08336	0.01730	0.02029	0.01181	0.01381	0.01046	0.01017	0.05452	0.00240	0.00931	0.00458	0.00369	0.00953
7	0.05227	0.01495	0.01774	0.01390	0.01902	0.01500	0.01131	0.26527	0.02546	0.33934	0.08652	0.02613	0.02124	0.04616	0.00900	0.00252	0.00676	0.00780	0.00806	0.01154
8	0.01278	0.01115	0.01491	0.01407	0.04471	0.01132	0.06430	0.01944	0.15380	0.02477	0.17869	0.08283	0.24563	0.01471	0.00927	0.00256	0.03813	0.04203	0.00672	0.00820
9	0.01024	0.00802	0.00906	0.00925	0.01112	0.00748	0.00682	0.01342	0.06059	0.02131	0.13310	0.14595	0.34210	0.11337	0.01274	0.00325	0.00468	0.07422	0.00677	0.00652
10	0.01044	0.00809	0.01116	0.01364	0.07583	0.00770	0.00893	0.01264	0.01576	0.02097	0.10480	0.39863	0.13677	0.02134	0.03936	0.00323	0.00555	0.09176	0.00658	0.00682
11	0.25614	0.14421	0.11355	0.01855	0.08522	0.12726	0.05522	0.07686	0.01730	0.02666	0.01216	0.01429	0.00964	0.00704	0.00603	0.00212	0.00891	0.00508	0.00414	0.00962
12	0.08654	0.00967	0.01231	0.01271	0.03840	0.01022	0.00926	0.01631	0.03320	0.07317	0.11332	0.25671	0.08800	0.02096	0.08858	0.00377	0.06812	0.04498	0.00626	0.00751
13	0.01356	0.00698	0.00717	0.00712	0.00885	0.00693	0.00534	0.01702	0.01603	0.02785	0.08013	0.03001	0.02332	0.00920	0.00549	0.00178	0.00346	0.00747	0.71535	0.00693
14	0.14275	0.01495	0.01561	0.05733	0.01883	0.08921	0.05534	0.10431	0.04138	0.02721	0.05810	0.07205	0.11882	0.03771	0.00819	0.00244	0.00694	0.00888	0.09026	0.02968
15	0.07988	0.03501	0.05849	0.03898	0.05230	0.05976	0.06266	0.13710	0.04445	0.12703	0.02274	0.09122	0.04105	0.07337	0.04023	0.00317	0.00844	0.00863	0.00584	0.00964

[dist]
# distance from previous block
# <min> <max>
6	11

[block]
# block no. 2 follows, 27 sequences, length 6
# corresponding to MSA columns:
# 234-239
name=unknown_C
#
# <colnr> <probs for GDERKNQSTAVLIFYWHMCP>
#	G	D	E	R	K	N	Q	S	T	A	V	L	I	F	Y	W	H	M	C	P
0	0.02028	0.12269	0.08027	0.04780	0.16814	0.08994	0.04557	0.09034	0.04816	0.06382	0.01505	0.01800	0.01207	0.01082	0.04890	0.00282	0.09438	0.00626	0.00442	0.01028
1	0.01329	0.00998	0.01253	0.01174	0.01281	0.01129	0.00857	0.08532	0.01429	0.01969	0.02204	0.07729	0.02332	0.33706	0.18823	0.00688	0.09588	0.03847	0.00479	0.00653
2	0.01170	0.00729	0.00942	0.01026	0.01157	0.00660	0.00716	0.01325	0.01538	0.09444	0.04446	0.56211	0.13606	0.02107	0.00915	0.00286	0.00445	0.01882	0.00715	0.00680
3	0.01512	0.01696	0.09617	0.16227	0.15483	0.04652	0.04684	0.02064	0.06915	0.02131	0.01871	0.10000	0.01702	0.01720	0.12122	0.00401	0.05024	0.00846	0.00425	0.00909
4	0.05446	0.02394	0.21833	0.04946	0.05192	0.01885	0.14593	0.18012	0.02066	0.08172	0.01559	0.01794	0.01132	0.00799	0.00884	0.00242	0.06810	0.00667	0.00487	0.01087
5	0.02078	0.02626	0.21433	0.05564	0.10014	0.12681	0.08313	0.14931	0.02053	0.05158	0.01494	0.01743	0.01119	0.00779	0.00800	0.00228	0.04182	0.00627	0.03116	0.01058

[dist]
# distance from previous block
# <min> <max>
0	1

[block]
# block no. 3 follows, 27 sequences, length 19
# corresponding to MSA columns:
# 241-259
name=unknown_D
#
# <colnr> <probs for GDERKNQSTAVLIFYWHMCP>
#	G	D	E	R	K	N	Q	S	T	A	V	L	I	F	Y	W	H	M	C	P
0	0.05003	0.05556	0.03707	0.01320	0.04458	0.03877	0.01014	0.12195	0.01855	0.02500	0.05286	0.13886	0.19014	0.02072	0.12048	0.00392	0.00829	0.01106	0.03070	0.00813
1	0.01982	0.12011	0.11386	0.02909	0.29789	0.06670	0.05757	0.07255	0.03953	0.04823	0.01458	0.01723	0.01158	0.00699	0.00691	0.00209	0.00908	0.00608	0.00419	0.05592
2	0.01160	0.00919	0.01071	0.00974	0.01280	0.00783	0.00728	0.01448	0.03382	0.02243	0.10593	0.18900	0.19727	0.04761	0.00916	0.00240	0.00467	0.03419	0.03544	0.23445
3	0.07191	0.03201	0.02024	0.01802	0.02218	0.58558	0.01367	0.07265	0.02121	0.02134	0.01193	0.01372	0.00976	0.00758	0.00656	0.00192	0.01218	0.00485	0.00415	0.04855
4	0.01196	0.05346	0.04650	0.05457	0.01575	0.00929	0.00945	0.01440	0.01560	0.04936	0.07974	0.38883	0.10971	0.01743	0.00846	0.00260	0.00534	0.03580	0.00626	0.06547
5	0.14158	0.01341	0.01527	0.01229	0.01735	0.04712	0.01000	0.03051	0.01942	0.47949	0.03138	0.02854	0.10117	0.00998	0.00717	0.00230	0.00627	0.00786	0.00795	0.01095
6	0.01579	0.01254	0.01365	0.01252	0.01571	0.01358	0.00951	0.06800	0.34433	0.04634	0.08763	0.11532	0.13512	0.06348	0.01013	0.00285	0.00543	0.01137	0.00725	0.00946
7	0.01406	0.00957	0.01284	0.01437	0.08876	0.00907	0.00960	0.01749	0.04741	0.10573	0.15530	0.17990	0.17339	0.03868	0.03004	0.00301	0.00565	0.07023	0.00691	0.00801
8	0.48363	0.01593	0.01399	0.07908	0.01931	0.08169	0.01029	0.05015	0.01574	0.11085	0.01399	0.01552	0.01034	0.00746	0.00555	0.00225	0.00692	0.00501	0.04351	0.00880
9	0.01772	0.01910	0.06238	0.18754	0.39057	0.07585	0.06968	0.02233	0.01662	0.02228	0.01383	0.01860	0.01123	0.00848	0.03043	0.00259	0.01019	0.00660	0.00359	0.01038
10	0.01031	0.00759	0.01066	0.01121	0.01232	0.00816	0.00844	0.01248	0.01310	0.01801	0.02953	0.19639	0.06173	0.09888	0.39460	0.00824	0.01328	0.07364	0.00510	0.00632
11	0.00940	0.00672	0.00840	0.00960	0.01012	0.00630	0.00626	0.01046	0.01372	0.01806	0.04021	0.52569	0.10217	0.17810	0.01555	0.00388	0.00488	0.01838	0.00637	0.00572
12	0.01498	0.01433	0.02489	0.51733	0.17260	0.01661	0.06511	0.01983	0.01532	0.02025	0.01371	0.01988	0.01067	0.00896	0.03331	0.00277	0.01024	0.00680	0.00343	0.00899
13	0.01223	0.00805	0.01029	0.01083	0.01238	0.00761	0.00790	0.04697	0.01699	0.07286	0.10830	0.45949	0.10375	0.02000	0.00915	0.00284	0.00474	0.07135	0.00722	0.00706
14	0.01099	0.00739	0.00981	0.01010	0.01125	0.00794	0.00743	0.01328	0.01308	0.01947	0.02606	0.15298	0.04038	0.11167	0.35499	0.00755	0.01206	0.01048	0.16675	0.00635
15	0.07402	0.01396	0.01451	0.07184	0.01838	0.12569	0.01089	0.01944	0.04449	0.05865	0.01845	0.02536	0.01624	0.07542	0.37111	0.00752	0.01476	0.00718	0.00444	0.00765
16	0.02164	0.07704	0.01904	0.01533	0.04275	0.09820	0.01168	0.14451	0.09512	0.13122	0.04267	0.07847	0.04301	0.06587	0.01135	0.02824	0.04958	0.00843	0.00616	0.00970
17	0.01662	0.01328	0.01800	0.09249	0.17297	0.06007	0.03581	0.02046	0.03581	0.07287	0.03902	0.06911	0.02008	0.06839	0.07090	0.00347	0.00851	0.03017	0.14328	0.00869
18	0.06702	0.01858	0.06726	0.04862	0.07725	0.12652	0.01412	0.10577	0.04165	0.07549	0.01859	0.02479	0.01561	0.01928	0.15952	0.00442	0.03437	0.05038	0.02146	0.00932

[dist]
# distance from previous block
# <min> <max>
3	14

[block]
# block no. 4 follows, 27 sequences, length 14
# corresponding to MSA columns:
# 274-287
name=unknown_E
#
# <colnr> <probs for GDERKNQSTAVLIFYWHMCP>
#	G	D	E	R	K	N	Q	S	T	A	V	L	I	F	Y	W	H	M	C	P
0	0.05986	0.38961	0.28029	0.01617	0.02365	0.02371	0.01814	0.02236	0.01489	0.02059	0.01139	0.01363	0.00942	0.00713	0.00705	0.00203	0.06225	0.00472	0.00324	0.00987
1	0.01600	0.02559	0.30101	0.06835	0.18635	0.01764	0.13176	0.02205	0.01575	0.02274	0.01449	0.04571	0.01190	0.00806	0.00921	0.00246	0.07996	0.00708	0.00353	0.01036
2	0.02029	0.02171	0.13265	0.05802	0.18177	0.09974	0.07730	0.09183	0.04321	0.08435	0.04676	0.02077	0.01517	0.00793	0.00728	0.00223	0.00908	0.00688	0.06250	0.01052
3	0.01550	0.18079	0.27416	0.02015	0.11706	0.01755	0.04116	0.02023	0.01519	0.02096	0.04409	0.04915	0.01666	0.12344	0.01168	0.00296	0.00890	0.00719	0.00381	0.00936
4	0.00901	0.00742	0.00792	0.00803	0.01023	0.00633	0.00593	0.01103	0.01714	0.02112	0.14604	0.13783	0.54864	0.01882	0.00884	0.00254	0.00379	0.01596	0.00705	0.00633
5	0.01020	0.00991	0.07408	0.01060	0.01256	0.00750	0.00855	0.01245	0.01526	0.02070	0.12733	0.35631	0.14185	0.06286	0.04098	0.03229	0.00563	0.01565	0.02876	0.00652
6	0.04484	0.10324	0.15601	0.06942	0.15448	0.05625	0.05004	0.06125	0.11897	0.04629	0.01693	0.03691	0.01349	0.00815	0.00759	0.00229	0.03202	0.00669	0.00458	0.01055
7	0.01122	0.00910	0.01038	0.01042	0.01239	0.00917	0.00775	0.01628	0.12902	0.02188	0.08647	0.20562	0.28353	0.07149	0.01155	0.00305	0.03167	0.05508	0.00676	0.00717
8	0.01156	0.00746	0.00984	0.00984	0.01109	0.00805	0.00733	0.01359	0.01282	0.01939	0.02371	0.03228	0.05581	0.10187	0.36566	0.08021	0.01238	0.00823	0.20269	0.00617
9	0.02037	0.22441	0.13894	0.08423	0.09063	0.14858	0.03729	0.05969	0.04221	0.03981	0.01341	0.01582	0.01071	0.00744	0.00720	0.00209	0.03777	0.00551	0.00392	0.00999
10	0.04448	0.13889	0.17998	0.01806	0.05773	0.10226	0.05184	0.06645	0.05935	0.04486	0.02027	0.07339	0.05114	0.01182	0.04535	0.00276	0.00952	0.00752	0.00462	0.00970
11	0.00926	0.00689	0.00863	0.00956	0.01067	0.00626	0.00665	0.01108	0.01604	0.02118	0.16777	0.46951	0.18772	0.02083	0.00919	0.00278	0.00404	0.01854	0.00713	0.00626
12	0.01423	0.01266	0.02023	0.30337	0.03236	0.01399	0.09714	0.06629	0.05262	0.02252	0.02548	0.19566	0.05238	0.01252	0.00830	0.00264	0.00811	0.04607	0.00510	0.00829
13	0.10116	0.02254	0.18222	0.07643	0.21813	0.05504	0.06828	0.05875	0.01740	0.06051	0.03252	0.01828	0.01242	0.00758	0.00778	0.00233	0.03759	0.00636	0.00423	0.01045

[dist]
# distance from previous block
# <min> <max>
0	10

[block]
# block no. 5 follows, 27 sequences, length 20
# corresponding to MSA columns:
# 298-317
name=unknown_F
#
# <colnr> <probs for GDERKNQSTAVLIFYWHMCP>
#	G	D	E	R	K	N	Q	S	T	A	V	L	I	F	Y	W	H	M	C	P
0	0.01799	0.11441	0.13278	0.06546	0.32002	0.01787	0.04829	0.04420	0.01698	0.05721	0.01681	0.08414	0.01482	0.00843	0.00724	0.00225	0.00869	0.00758	0.00421	0.01063
1	0.01506	0.01387	0.01618	0.01485	0.01616	0.08587	0.01170	0.05326	0.01416	0.01916	0.01762	0.05060	0.01737	0.09821	0.28189	0.00672	0.22551	0.03024	0.00419	0.00740
2	0.01661	0.01811	0.12715	0.01822	0.10634	0.01282	0.04355	0.02096	0.01588	0.05386	0.01402	0.01649	0.01115	0.00628	0.00671	0.00161	0.02619	0.00524	0.00426	0.47456
3	0.00983	0.00746	0.00918	0.00951	0.01106	0.00694	0.00687	0.01270	0.03801	0.02323	0.26939	0.28876	0.21256	0.02026	0.03660	0.00299	0.00456	0.01622	0.00723	0.00662
4	0.00923	0.00666	0.00878	0.01041	0.01104	0.00622	0.00717	0.01070	0.01457	0.01924	0.04275	0.65173	0.08506	0.02281	0.00949	0.00301	0.00445	0.06368	0.00689	0.00610
5	0.01972	0.67423	0.03679	0.01293	0.01908	0.02833	0.01261	0.02387	0.07838	0.01876	0.01222	0.01341	0.01078	0.00671	0.00503	0.00168	0.00774	0.00439	0.00359	0.00974
6	0.05362	0.04731	0.01930	0.01420	0.01952	0.01453	0.03815	0.16691	0.02213	0.37541	0.02327	0.02355	0.01631	0.05264	0.04680	0.00301	0.00778	0.00717	0.00743	0.04094
7	0.01960	0.08661	0.01935	0.04286	0.04165	0.10356	0.01230	0.18078	0.15246	0.02832	0.02894	0.05181	0.11825	0.01281	0.03291	0.00267	0.00801	0.04127	0.00606	0.00979
8	0.01872	0.01519	0.01640	0.01463	0.01849	0.01711	0.01134	0.16203	0.42615	0.03204	0.02966	0.15535	0.02547	0.01226	0.00788	0.00255	0.00605	0.01038	0.00741	0.01088
9	0.02177	0.01063	0.01257	0.01070	0.01420	0.01031	0.00845	0.10978	0.01991	0.25241	0.02669	0.09486	0.02091	0.01030	0.00667	0.00211	0.00512	0.00846	0.34467	0.00950
10	0.05949	0.03395	0.54821	0.01957	0.02924	0.04544	0.02384	0.04578	0.01689	0.08884	0.01475	0.01637	0.01030	0.00733	0.00696	0.00232	0.01026	0.00560	0.00396	0.01093
11	0.09723	0.02455	0.02124	0.01892	0.04565	0.31705	0.03971	0.08986	0.01908	0.05828	0.01310	0.01576	0.01061	0.00889	0.01056	0.00232	0.16794	0.00569	0.02436	0.00918
12	0.01233	0.00745	0.00898	0.00913	0.01088	0.00685	0.00664	0.01476	0.01681	0.07790	0.16280	0.27836	0.14967	0.01652	0.00808	0.00245	0.00403	0.01441	0.18497	0.00699
13	0.01226	0.00867	0.00987	0.00938	0.01193	0.00791	0.00707	0.04399	0.04080	0.07572	0.18608	0.14732	0.37703	0.01717	0.00866	0.00251	0.00425	0.01464	0.00737	0.00735
14	0.01446	0.01174	0.01598	0.05053	0.01774	0.04266	0.06239	0.01732	0.01626	0.06020	0.14732	0.15659	0.05790	0.01524	0.03183	0.00289	0.13728	0.03975	0.09424	0.00767
15	0.42456	0.01396	0.01424	0.01164	0.01680	0.01453	0.00960	0.06284	0.01754	0.31963	0.01888	0.01805	0.01273	0.00799	0.00598	0.00229	0.00612	0.00564	0.00672	0.01026
16	0.00902	0.00656	0.00851	0.01008	0.01070	0.00605	0.00678	0.01037	0.01446	0.01905	0.04403	0.67416	0.10719	0.02285	0.00941	0.00297	0.00426	0.02061	0.00689	0.00605
17	0.02030	0.01480	0.01600	0.01319	0.01731	0.01593	0.01057	0.33633	0.09448	0.03699	0.13820	0.03170	0.08876	0.01099	0.00747	0.00223	0.00605	0.00888	0.11966	0.01016
18	0.03690	0.00975	0.01188	0.01240	0.04807	0.00950	0.00861	0.07753	0.03894	0.07679	0.10305	0.31343	0.16768	0.01696	0.00848	0.00260	0.00495	0.01479	0.02985	0.00787
19	0.01846	0.01595	0.01679	0.01511	0.01930	0.01846	0.01175	0.03945	0.67938	0.03105	0.03022	0.02770	0.02266	0.01007	0.00755	0.00252	0.00588	0.00839	0.00755	0.01175

[dist]
# distance from previous block
# <min> <max>
0	2

[block]
# block no. 6 follows, 27 sequences, length 16
# corresponding to MSA columns:
# 321-323,325-337
name=unknown_G
#
# <colnr> <probs for GDERKNQSTAVLIFYWHMCP>
#	G	D	E	R	K	N	Q	S	T	A	V	L	I	F	Y	W	H	M	C	P
0	0.01868	0.20157	0.09318	0.11742	0.14057	0.04187	0.05379	0.07877	0.08236	0.02412	0.01472	0.01726	0.01170	0.00716	0.00663	0.00206	0.00871	0.00592	0.00421	0.06929
1	0.01785	0.06346	0.23202	0.15310	0.10160	0.05622	0.05653	0.09725	0.01785	0.02446	0.01373	0.01731	0.01056	0.00783	0.00868	0.00235	0.07550	0.00615	0.02744	0.01010
2	0.01289	0.00645	0.00967	0.00967	0.00967	0.00645	0.00645	0.00967	0.00967	0.01289	0.01289	0.02257	0.01289	0.02579	0.02901	0.78401	0.00645	0.00645	0.00322	0.00322
3	0.01539	0.01611	0.05978	0.27536	0.26973	0.01594	0.09940	0.02009	0.01607	0.02173	0.01968	0.05774	0.06337	0.00860	0.00774	0.00241	0.00916	0.00820	0.00392	0.00958
4	0.01611	0.08259	0.19213	0.11497	0.17386	0.01777	0.15950	0.02154	0.01604	0.02219	0.01599	0.06002	0.01388	0.00835	0.00806	0.00241	0.02911	0.03177	0.00376	0.00996
5	0.31024	0.01456	0.01598	0.01317	0.01774	0.01579	0.05938	0.14884	0.06433	0.08153	0.02140	0.02247	0.06317	0.01130	0.04442	0.00281	0.00721	0.00677	0.06953	0.00938
6	0.01430	0.01209	0.08442	0.01376	0.04289	0.00921	0.04201	0.01708	0.01621	0.12258	0.08136	0.30947	0.11268	0.07339	0.01090	0.00300	0.00599	0.01425	0.00646	0.00794
7	0.04319	0.23104	0.27663	0.02017	0.10227	0.01969	0.04540	0.02356	0.01602	0.07262	0.01370	0.01567	0.01055	0.00679	0.00633	0.00201	0.00894	0.00533	0.00384	0.07627
8	0.00924	0.00676	0.00885	0.01010	0.01090	0.00637	0.00695	0.01086	0.01482	0.01974	0.09096	0.56574	0.11153	0.02464	0.06164	0.00358	0.00536	0.01901	0.00677	0.00617
9	0.00932	0.00681	0.00847	0.00967	0.01045	0.00631	0.00654	0.01062	0.01434	0.01867	0.04460	0.50820	0.15792	0.11443	0.01302	0.00348	0.00467	0.04000	0.00658	0.00590
10	0.01763	0.15568	0.25903	0.02517	0.21533	0.04504	0.02016	0.02340	0.04305	0.04629	0.01624	0.07116	0.01398	0.00825	0.00693	0.00221	0.00902	0.00688	0.00400	0.01056
11	0.01379	0.01484	0.07793	0.01765	0.02153	0.04909	0.15768	0.01793	0.01719	0.02232	0.05605	0.10642	0.08170	0.01538	0.00923	0.00290	0.00827	0.29646	0.00573	0.00790
12	0.01273	0.00964	0.01188	0.01305	0.06440	0.00942	0.00933	0.06050	0.04544	0.02505	0.11897	0.10617	0.23078	0.01594	0.00848	0.00259	0.00517	0.14716	0.09570	0.00761
13	0.01899	0.02012	0.05611	0.08945	0.48815	0.09756	0.02101	0.02459	0.06756	0.02364	0.01483	0.01850	0.01210	0.00708	0.00728	0.00222	0.00930	0.00649	0.00394	0.01110
14	0.06989	0.01161	0.09683	0.01125	0.01375	0.00874	0.00958	0.01383	0.01525	0.02187	0.12204	0.30572	0.10232	0.10197	0.01200	0.00326	0.00563	0.06150	0.00613	0.00684
15	0.02068	0.01641	0.01682	0.01448	0.01859	0.04700	0.01129	0.18576	0.36892	0.05396	0.02538	0.02642	0.01965	0.07167	0.00988	0.00276	0.00669	0.00789	0.06486	0.01088

[dist]
# distance from previous block
# <min> <max>
0	2

[block]
# block no. 7 follows, 27 sequences, length 18
# corresponding to MSA columns:
# 341-358
name=unknown_H
#
# <colnr> <probs for GDERKNQSTAVLIFYWHMCP>
#	G	D	E	R	K	N	Q	S	T	A	V	L	I	F	Y	W	H	M	C	P
0	0.01980	0.01704	0.07007	0.06916	0.08487	0.03938	0.01407	0.08510	0.23062	0.12043	0.05143	0.02862	0.06637	0.00988	0.00754	0.00235	0.00712	0.02415	0.00645	0.04555
1	0.05064	0.01244	0.01426	0.01071	0.01653	0.00973	0.00845	0.01778	0.01526	0.02400	0.01840	0.07286	0.04913	0.00761	0.00593	0.00137	0.00533	0.00624	0.00473	0.64861
2	0.08735	0.09060	0.02007	0.01493	0.01976	0.12323	0.01210	0.23195	0.18684	0.03252	0.01891	0.01919	0.01439	0.00847	0.00663	0.00213	0.00773	0.00628	0.06272	0.03419
3	0.10004	0.01692	0.05819	0.01519	0.01961	0.06073	0.06354	0.13654	0.05515	0.07998	0.08993	0.07814	0.08462	0.01113	0.00879	0.00239	0.06182	0.00896	0.00603	0.04231
4	0.07573	0.07019	0.03877	0.07050	0.07197	0.06284	0.01338	0.15197	0.07952	0.07472	0.01896	0.06035	0.01627	0.06317	0.01018	0.00265	0.04518	0.02106	0.00547	0.04712
5	0.01913	0.01152	0.01401	0.01244	0.01581	0.01158	0.00984	0.10056	0.12199	0.18143	0.19328	0.11645	0.03692	0.01340	0.00818	0.00249	0.00547	0.07210	0.04384	0.00955
6	0.01139	0.00840	0.01178	0.01178	0.01315	0.00941	0.00898	0.04691	0.01351	0.01895	0.02332	0.11946	0.02349	0.09800	0.51286	0.00968	0.01596	0.03159	0.00466	0.00672
7	0.02500	0.02105	0.02026	0.06789	0.02349	0.13537	0.01364	0.40229	0.08609	0.03693	0.01807	0.01895	0.01335	0.00867	0.00712	0.00218	0.00856	0.00653	0.07351	0.01106
8	0.02379	0.01500	0.09201	0.01343	0.01846	0.01222	0.01192	0.09056	0.06325	0.32987	0.05435	0.07929	0.02170	0.01205	0.03470	0.00268	0.00691	0.00847	0.09859	0.01074
9	0.00952	0.00713	0.00884	0.00959	0.01081	0.00665	0.00681	0.01132	0.01537	0.02008	0.11654	0.34760	0.21778	0.07808	0.06469	0.00382	0.00560	0.04697	0.00662	0.00617
10	0.01727	0.00994	0.01161	0.01030	0.01382	0.00904	0.00802	0.02161	0.09255	0.22437	0.07383	0.09130	0.35658	0.01509	0.00829	0.00247	0.00479	0.01265	0.00769	0.00880
11	0.01814	0.01459	0.07456	0.07668	0.04983	0.01312	0.04310	0.09082	0.08876	0.13007	0.10366	0.10700	0.04791	0.01169	0.00786	0.00244	0.00676	0.04022	0.06319	0.00960
12	0.02469	0.01421	0.02043	0.11102	0.16714	0.01414	0.01472	0.08803	0.04816	0.32622	0.02380	0.07645	0.01786	0.00949	0.00759	0.00236	0.00731	0.00818	0.00685	0.01134
13	0.03087	0.01262	0.01650	0.01282	0.01815	0.01137	0.01054	0.08040	0.02164	0.57907	0.02791	0.02498	0.01802	0.00911	0.00722	0.00223	0.00615	0.00735	0.09100	0.01203
14	0.01060	0.00718	0.00809	0.00816	0.00833	0.00709	0.00467	0.01077	0.01131	0.01493	0.02723	0.08073	0.06707	0.66446	0.03480	0.00673	0.00686	0.01155	0.00475	0.00467
15	0.01750	0.04219	0.09404	0.18921	0.14575	0.01614	0.08074	0.09435	0.01804	0.06534	0.01850	0.09677	0.01598	0.01135	0.04022	0.00283	0.00930	0.00831	0.02368	0.00977
16	0.02135	0.05362	0.08167	0.04501	0.04473	0.31141	0.01570	0.04249	0.01815	0.03946	0.04500	0.02245	0.01538	0.00999	0.01058	0.00239	0.15101	0.05646	0.00429	0.00886
17	0.17325	0.13957	0.06415	0.03950	0.06017	0.20060	0.06765	0.07538	0.01820	0.04083	0.01344	0.03465	0.01110	0.00760	0.00635	0.00209	0.00943	0.00569	0.00431	0.02604

[dist]
# distance from previous block
# <min> <max>
1	4

[block]
# block no. 8 follows, 27 sequences, length 12
# corresponding to MSA columns:
# 363-374
name=unknown_I
#
# <colnr> <probs for GDERKNQSTAVLIFYWHMCP>
#	G	D	E	R	K	N	Q	S	T	A	V	L	I	F	Y	W	H	M	C	P
0	0.01655	0.08441	0.08254	0.01408	0.01848	0.05697	0.04881	0.03989	0.01653	0.07456	0.06761	0.07136	0.08236	0.07297	0.04985	0.00311	0.05821	0.00858	0.00510	0.12802
1	0.01927	0.22565	0.23337	0.01753	0.02487	0.06649	0.06804	0.09966	0.01824	0.04495	0.01390	0.01614	0.01089	0.00984	0.04722	0.00258	0.01009	0.00555	0.00407	0.06166
2	0.01083	0.00800	0.00959	0.01011	0.01185	0.00755	0.00740	0.01434	0.07151	0.04221	0.11357	0.34844	0.23636	0.01944	0.00903	0.00276	0.00443	0.05852	0.00714	0.00693
3	0.54732	0.01380	0.01295	0.01087	0.01584	0.01480	0.00896	0.02645	0.01541	0.24738	0.01644	0.01631	0.01137	0.00763	0.00552	0.00230	0.00593	0.00513	0.00607	0.00952
4	0.01299	0.04933	0.01146	0.01017	0.01068	0.00790	0.00722	0.01084	0.01079	0.01419	0.01634	0.07066	0.01705	0.02414	0.02508	0.63529	0.00643	0.05173	0.00370	0.00402
5	0.01744	0.10929	0.21292	0.07179	0.16345	0.05296	0.03413	0.06601	0.06160	0.02415	0.01951	0.02467	0.04902	0.00880	0.00726	0.00231	0.00906	0.05103	0.00435	0.01026
6	0.01278	0.00833	0.01041	0.01060	0.01234	0.00799	0.00773	0.04987	0.01620	0.08435	0.04154	0.35377	0.15804	0.07909	0.07433	0.00396	0.00637	0.04856	0.00669	0.00704
7	0.01015	0.00733	0.00967	0.01102	0.01209	0.00699	0.00832	0.01225	0.01560	0.02053	0.08261	0.39269	0.09730	0.05938	0.01113	0.00328	0.00519	0.22136	0.00683	0.00629
8	0.02005	0.05598	0.16805	0.10272	0.09344	0.20772	0.05267	0.05965	0.06192	0.02261	0.01387	0.01682	0.01092	0.00798	0.00863	0.00229	0.07486	0.00599	0.00396	0.00986
9	0.01492	0.06923	0.47809	0.10486	0.06905	0.01709	0.04439	0.02195	0.01557	0.02238	0.01517	0.06651	0.01243	0.00814	0.00721	0.00237	0.01014	0.00680	0.00347	0.01024
10	0.01436	0.01142	0.01328	0.01299	0.01564	0.04888	0.03034	0.02050	0.13305	0.05159	0.10269	0.09355	0.12662	0.01592	0.00880	0.00277	0.00615	0.24095	0.04245	0.00802
11	0.01564	0.00998	0.01204	0.01129	0.01406	0.00985	0.00890	0.06985	0.07777	0.11463	0.15081	0.12389	0.14188	0.01655	0.03283	0.00288	0.00562	0.10179	0.07139	0.00834

[dist]
# distance from previous block
# <min> <max>
1	5

[block]
# block no. 9 follows, 27 sequences, length 17
# corresponding to MSA columns:
# 380-396
name=unknown_J
#
# <colnr> <probs for GDERKNQSTAVLIFYWHMCP>
#	G	D	E	R	K	N	Q	S	T	A	V	L	I	F	Y	W	H	M	C	P
0	0.18746	0.09100	0.14865	0.10998	0.15725	0.09627	0.01773	0.04776	0.01631	0.02479	0.01236	0.01542	0.00979	0.00722	0.00688	0.00223	0.02995	0.00538	0.00383	0.00972
1	0.01511	0.01356	0.02127	0.28792	0.16316	0.01500	0.04674	0.05438	0.06538	0.02318	0.05248	0.07279	0.05419	0.01250	0.04548	0.00298	0.00887	0.03120	0.00473	0.00907
2	0.01668	0.04065	0.03629	0.01828	0.09664	0.09136	0.05380	0.04859	0.13360	0.02448	0.07156	0.15590	0.02479	0.01328	0.04012	0.00270	0.00790	0.00973	0.00554	0.10812
3	0.01357	0.01125	0.01317	0.01025	0.01511	0.00884	0.00790	0.01642	0.01578	0.02349	0.09996	0.06591	0.08009	0.06246	0.00874	0.00192	0.00517	0.00780	0.00520	0.52698
4	0.01734	0.05247	0.06167	0.02522	0.18835	0.09722	0.11280	0.02161	0.04154	0.02182	0.01770	0.12421	0.01688	0.00998	0.00957	0.00236	0.09496	0.00858	0.00429	0.07144
5	0.01911	0.21664	0.04554	0.04502	0.01900	0.06477	0.01129	0.08839	0.01811	0.06008	0.01818	0.01986	0.03856	0.00771	0.00589	0.00176	0.00696	0.00578	0.15847	0.14888
6	0.01814	0.09982	0.20476	0.08015	0.08175	0.07776	0.01723	0.07001	0.04429	0.06892	0.04491	0.02481	0.08612	0.01099	0.03659	0.00264	0.00921	0.00725	0.00476	0.00988
7	0.01408	0.00933	0.01152	0.01044	0.01296	0.00893	0.00798	0.06677	0.04775	0.09262	0.44489	0.09976	0.11398	0.01485	0.00854	0.00240	0.00430	0.01291	0.00798	0.00802
8	0.01057	0.00769	0.01083	0.01092	0.01188	0.00860	0.00800	0.01251	0.01178	0.01664	0.02185	0.07144	0.02223	0.21924	0.50986	0.01031	0.01599	0.00934	0.00426	0.00608
9	0.01351	0.01409	0.08946	0.04941	0.07792	0.01181	0.06020	0.07598	0.04077	0.02357	0.03574	0.27774	0.14234	0.01543	0.00854	0.00265	0.00670	0.03993	0.00588	0.00834
10	0.02456	0.05570	0.05478	0.01442	0.01964	0.01700	0.01229	0.25923	0.11247	0.19912	0.04521	0.02397	0.01813	0.04293	0.00858	0.00245	0.00699	0.00733	0.06391	0.01127
11	0.01110	0.00779	0.01062	0.01060	0.01155	0.00842	0.00777	0.01197	0.01235	0.01692	0.02832	0.09785	0.12028	0.09496	0.28061	0.17845	0.05027	0.01008	0.02443	0.00568
12	0.00938	0.00677	0.00858	0.00981	0.01050	0.00631	0.00661	0.01072	0.01442	0.01901	0.06724	0.53123	0.11573	0.11254	0.01296	0.00347	0.00466	0.03748	0.00664	0.00592
13	0.01913	0.17888	0.18358	0.07237	0.13195	0.08007	0.07250	0.05216	0.07849	0.04080	0.01492	0.01719	0.01159	0.00726	0.00682	0.00216	0.00954	0.00600	0.00410	0.01049
14	0.01572	0.01838	0.12416	0.08989	0.09747	0.04294	0.06087	0.06280	0.01572	0.02186	0.01708	0.04949	0.03070	0.01952	0.15972	0.00457	0.14854	0.00758	0.00401	0.00897
15	0.05195	0.01185	0.01317	0.03226	0.01507	0.03875	0.00942	0.10121	0.01823	0.05330	0.09195	0.09854	0.08966	0.01374	0.03314	0.00267	0.09650	0.00953	0.21102	0.00804
16	0.07774	0.01679	0.11564	0.07961	0.07864	0.01397	0.06789	0.04780	0.06176	0.11318	0.02323	0.08466	0.04436	0.01166	0.03235	0.00272	0.00810	0.03758	0.03176	0.05056

[dist]
# distance from previous block
# <min> <max>
1	12

[block]
# block no. 10 follows, 27 sequences, length 26
# corresponding to MSA columns:
# 409-432,437,438
name=unknown_K
#
# <colnr> <probs for GDERKNQSTAVLIFYWHMCP>
#	G	D	E	R	K	N	Q	S	T	A	V	L	I	F	Y	W	H	M	C	P
0	0.05317	0.02429	0.21382	0.01948	0.05107	0.08229	0.08469	0.11750	0.06721	0.16233	0.01858	0.01930	0.01313	0.00795	0.00722	0.00228	0.00916	0.00656	0.02889	0.01106
1	0.04473	0.01924	0.08553	0.12127	0.15070	0.10221	0.08136	0.06473	0.04639	0.02353	0.01843	0.08530	0.01673	0.03568	0.04410	0.00304	0.00986	0.03332	0.00450	0.00935
2	0.01023	0.00715	0.00889	0.00973	0.01100	0.00650	0.00685	0.01190	0.01556	0.04691	0.09029	0.44412	0.20454	0.05225	0.01044	0.00302	0.00443	0.04285	0.00696	0.00638
3	0.05419	0.09638	0.42026	0.01738	0.02527	0.01674	0.02021	0.04322	0.04160	0.02350	0.01810	0.06952	0.03384	0.01317	0.07221	0.00322	0.01027	0.00706	0.00398	0.00988
4	0.01748	0.02096	0.16580	0.10480	0.41904	0.01683	0.04698	0.02271	0.01655	0.05041	0.01531	0.04225	0.01259	0.00743	0.00743	0.00230	0.00926	0.00698	0.00386	0.01103
5	0.01026	0.00743	0.00959	0.01087	0.01197	0.00710	0.00822	0.01222	0.01516	0.01968	0.04266	0.33165	0.12815	0.11121	0.01320	0.00361	0.00549	0.23883	0.00657	0.00615
6	0.01005	0.00700	0.00852	0.00922	0.00967	0.00674	0.00591	0.01096	0.01322	0.01758	0.06978	0.31704	0.07111	0.35917	0.02275	0.00494	0.00569	0.03943	0.00583	0.00541
7	0.01795	0.11357	0.13114	0.04635	0.07570	0.08985	0.08149	0.06217	0.04774	0.04331	0.02179	0.09163	0.06427	0.01005	0.00825	0.00232	0.04798	0.00831	0.02665	0.00949
8	0.01109	0.00747	0.00867	0.00862	0.00894	0.00749	0.00517	0.01200	0.03532	0.01639	0.08049	0.07410	0.03061	0.58433	0.03265	0.04899	0.00668	0.01110	0.00494	0.00496
9	0.01091	0.00761	0.00955	0.01030	0.01119	0.00753	0.00708	0.01325	0.07644	0.01872	0.03575	0.38207	0.09112	0.10563	0.01600	0.14034	0.00522	0.03931	0.00603	0.00595
10	0.09780	0.08543	0.25070	0.04370	0.07411	0.06079	0.04315	0.05076	0.01715	0.13397	0.01529	0.01705	0.01116	0.00781	0.00800	0.00230	0.05995	0.00585	0.00456	0.01047
11	0.05697	0.14134	0.12176	0.09577	0.18447	0.04296	0.08171	0.04967	0.04347	0.06546	0.01566	0.04097	0.01266	0.00766	0.00695	0.00222	0.00901	0.00664	0.00429	0.01036
12	0.01553	0.01513	0.01983	0.04366	0.11893	0.07454	0.01461	0.01787	0.01337	0.01865	0.01515	0.05706	0.01480	0.05044	0.18273	0.00517	0.30303	0.00763	0.00377	0.00811
13	0.14344	0.17988	0.14205	0.01602	0.02226	0.16665	0.01513	0.16174	0.02047	0.04939	0.01330	0.01459	0.01023	0.00747	0.00620	0.00206	0.00927	0.00510	0.00463	0.01011
14	0.00980	0.01016	0.07775	0.01022	0.01245	0.00741	0.00833	0.01207	0.01545	0.02015	0.09497	0.33235	0.25684	0.08329	0.01147	0.00310	0.00499	0.01626	0.00640	0.00654
15	0.01245	0.03417	0.01620	0.07087	0.11641	0.01128	0.03405	0.01513	0.01548	0.02075	0.09491	0.17217	0.12201	0.08579	0.04761	0.00355	0.04643	0.06779	0.00546	0.00749
16	0.01165	0.00916	0.01068	0.00979	0.01269	0.00800	0.00733	0.01490	0.04642	0.02284	0.13486	0.16150	0.18889	0.06458	0.00995	0.00255	0.00472	0.04328	0.03575	0.20044
17	0.02084	0.07061	0.04610	0.01630	0.04908	0.04213	0.01304	0.26137	0.11848	0.03157	0.01980	0.02133	0.03700	0.01197	0.04106	0.04212	0.04733	0.00681	0.03639	0.06666
18	0.01917	0.04109	0.12333	0.02283	0.15480	0.07511	0.08226	0.10086	0.06763	0.07228	0.04765	0.05346	0.08736	0.00966	0.00763	0.00231	0.00852	0.00839	0.00533	0.01033
19	0.01759	0.10593	0.18601	0.17293	0.10312	0.06485	0.04369	0.06490	0.01746	0.04504	0.04197	0.03947	0.01435	0.01021	0.03915	0.00269	0.00995	0.00677	0.00414	0.00977
20	0.01324	0.03535	0.04053	0.01136	0.01441	0.00962	0.03365	0.01781	0.06679	0.07737	0.34059	0.08795	0.16836	0.01470	0.00847	0.00244	0.00490	0.03719	0.00731	0.00794
21	0.12471	0.01149	0.01332	0.01124	0.01537	0.01096	0.00896	0.07729	0.01943	0.30122	0.05875	0.10169	0.15965	0.01238	0.00750	0.00238	0.00546	0.01013	0.03843	0.00966
22	0.02064	0.06909	0.13359	0.02268	0.11511	0.17125	0.11610	0.02605	0.05944	0.09355	0.04546	0.02293	0.03786	0.00844	0.00741	0.00225	0.00982	0.02342	0.00479	0.01011
23	0.01780	0.01485	0.07934	0.06986	0.11462	0.01332	0.05395	0.04477	0.04750	0.14198	0.07180	0.14216	0.02409	0.01434	0.05457	0.00310	0.04338	0.00987	0.02915	0.00956
24	0.00951	0.00702	0.00878	0.00960	0.01053	0.00675	0.00658	0.01090	0.01388	0.01818	0.04217	0.37822	0.17595	0.14611	0.11568	0.00490	0.00693	0.01634	0.00607	0.00591
25	0.05776	0.01447	0.02027	0.04584	0.21271	0.04140	0.05349	0.05443	0.05491	0.10813	0.04501	0.10096	0.02151	0.03568	0.00863	0.00255	0.00739	0.04351	0.06159	0.00974

[dist]
# distance from previous block
# <min> <max>
3	11

[block]
# block no. 11 follows, 27 sequences, length 8
# corresponding to MSA columns:
# 452-459
name=unknown_L
#
# <colnr> <probs for GDERKNQSTAVLIFYWHMCP>
#	G	D	E	R	K	N	Q	S	T	A	V	L	I	F	Y	W	H	M	C	P
0	0.05203	0.01623	0.02326	0.11063	0.11159	0.04081	0.12102	0.12825	0.08121	0.02714	0.04972	0.05966	0.05478	0.01186	0.04083	0.00288	0.04470	0.00854	0.00519	0.00968
1	0.20814	0.01365	0.01494	0.01226	0.01695	0.01409	0.00996	0.12560	0.07643	0.27058	0.07556	0.02384	0.01961	0.00911	0.00668	0.00226	0.00594	0.00703	0.07688	0.01050
2	0.01876	0.04606	0.06869	0.14395	0.07737	0.05490	0.06286	0.08322	0.12810	0.08474	0.05880	0.02575	0.04201	0.04245	0.02776	0.00281	0.00863	0.00779	0.00545	0.00992
3	0.01418	0.01452	0.09390	0.01374	0.01730	0.01246	0.03925	0.07001	0.10676	0.02415	0.08087	0.16715	0.05717	0.11527	0.03801	0.00346	0.04416	0.01102	0.00573	0.07089
4	0.02157	0.01508	0.01671	0.01422	0.01863	0.01647	0.01128	0.14689	0.36928	0.13808	0.08609	0.02803	0.02423	0.01011	0.00750	0.00237	0.00602	0.00832	0.04775	0.01137
5	0.01842	0.01620	0.02199	0.12219	0.06925	0.05443	0.08492	0.10650	0.10103	0.05959	0.09049	0.02595	0.04598	0.01141	0.03144	0.00278	0.11428	0.00812	0.00543	0.00963
6	0.00946	0.00746	0.00857	0.00874	0.01072	0.00657	0.00654	0.01179	0.01767	0.02264	0.23339	0.15695	0.39962	0.01853	0.00895	0.00258	0.00394	0.05219	0.00723	0.00647
7	0.09461	0.08915	0.02151	0.04779	0.05811	0.16647	0.01363	0.14859	0.16291	0.06592	0.01760	0.01837	0.01344	0.00848	0.00756	0.00223	0.04150	0.00617	0.00555	0.01042

[dist]
# distance from previous block
# <min> <max>
0	1

[block]
# block no. 12 follows, 27 sequences, length 36
# corresponding to MSA columns:
# 461-496
name=unknown_M
#
# <colnr> <probs for GDERKNQSTAVLIFYWHMCP>
#	G	D	E	R	K	N	Q	S	T	A	V	L	I	F	Y	W	H	M	C	P
0	0.03889	0.11969	0.08068	0.14545	0.14437	0.01745	0.01641	0.04659	0.01564	0.04809	0.01589	0.06260	0.01402	0.01454	0.09470	0.00348	0.07427	0.00707	0.00411	0.03605
1	0.08075	0.01775	0.04564	0.12816	0.10543	0.06443	0.08816	0.14150	0.08485	0.02768	0.01881	0.06107	0.01612	0.01001	0.00833	0.02981	0.00868	0.04797	0.00512	0.00973
2	0.79154	0.01436	0.01091	0.00976	0.01436	0.01665	0.00804	0.02182	0.01263	0.03331	0.01034	0.01206	0.00804	0.00689	0.00459	0.00230	0.00574	0.00402	0.00459	0.00804
3	0.01564	0.01519	0.06969	0.02567	0.26529	0.01403	0.05176	0.01939	0.01664	0.05165	0.13002	0.05421	0.06834	0.05130	0.01120	0.00267	0.08230	0.00912	0.03656	0.00933
4	0.01384	0.00692	0.00692	0.00692	0.00865	0.00692	0.00519	0.01730	0.01557	0.02768	0.02422	0.02768	0.01903	0.00865	0.00519	0.00173	0.00346	0.00692	0.78031	0.00692
5	0.07110	0.01875	0.02353	0.09921	0.10108	0.07362	0.09486	0.24702	0.05073	0.03191	0.04320	0.03698	0.01503	0.00839	0.00734	0.00224	0.00870	0.00717	0.00548	0.05366
6	0.06416	0.01802	0.02076	0.01953	0.09820	0.07935	0.03922	0.20773	0.06880	0.05156	0.04692	0.02230	0.04274	0.00974	0.01006	0.00239	0.12787	0.00722	0.05328	0.01015
7	0.01384	0.00692	0.00692	0.00692	0.00865	0.00692	0.00519	0.01730	0.01557	0.02768	0.02422	0.02768	0.01903	0.00865	0.00519	0.00173	0.00346	0.00692	0.78031	0.00692
8	0.14102	0.01967	0.02383	0.02557	0.21695	0.11552	0.07568	0.14773	0.01978	0.02834	0.01477	0.04165	0.01238	0.00978	0.03112	0.00262	0.05207	0.00670	0.00467	0.01016
9	0.07912	0.01462	0.02325	0.12895	0.05022	0.01563	0.16417	0.07341	0.03926	0.07593	0.04742	0.07253	0.04524	0.01228	0.03940	0.00296	0.06594	0.03531	0.00518	0.00915
10	0.01749	0.01729	0.07827	0.08503	0.12615	0.01714	0.06822	0.07225	0.12884	0.05293	0.04499	0.02448	0.05330	0.01121	0.03445	0.00281	0.12098	0.00775	0.00507	0.03135
11	0.00927	0.00667	0.00884	0.01049	0.01111	0.00624	0.00725	0.01076	0.01456	0.01926	0.04218	0.65463	0.07468	0.02285	0.00951	0.00303	0.00449	0.07118	0.00689	0.00610
12	0.02076	0.07342	0.06780	0.04865	0.06835	0.04108	0.18112	0.11861	0.01956	0.10307	0.01582	0.01814	0.01185	0.00730	0.00790	0.00211	0.03898	0.00656	0.00490	0.14402
13	0.06379	0.04994	0.05186	0.02135	0.11107	0.08719	0.11803	0.10753	0.04515	0.07284	0.01540	0.01750	0.01184	0.00727	0.00742	0.00204	0.03128	0.00615	0.00486	0.16750
14	0.01183	0.00881	0.01065	0.01082	0.03365	0.00844	0.00759	0.01627	0.08997	0.04804	0.28040	0.13611	0.21349	0.07716	0.01108	0.00289	0.00451	0.01373	0.00720	0.00735
15	0.01993	0.06217	0.07116	0.01781	0.08380	0.04372	0.01373	0.13662	0.17783	0.08572	0.08934	0.05438	0.02265	0.04055	0.00957	0.00256	0.04351	0.00826	0.00624	0.01046
16	0.00939	0.00697	0.00855	0.00931	0.01043	0.00636	0.00642	0.01110	0.01577	0.02075	0.16267	0.40034	0.20078	0.08155	0.01159	0.00313	0.00428	0.01759	0.00692	0.00613
17	0.02210	0.01853	0.01918	0.01687	0.04808	0.06761	0.01283	0.27414	0.28147	0.03474	0.02303	0.06111	0.01820	0.00976	0.00741	0.00229	0.00729	0.00787	0.00685	0.06066
18	0.01947	0.18348	0.18642	0.02257	0.12355	0.09785	0.10031	0.04506	0.01739	0.04846	0.01351	0.01595	0.01062	0.00680	0.00666	0.00201	0.00969	0.00567	0.00387	0.08066
19	0.01988	0.11712	0.31385	0.01722	0.02475	0.07461	0.01857	0.10771	0.04651	0.09574	0.06136	0.02083	0.03302	0.00843	0.00701	0.00221	0.00907	0.00650	0.00498	0.01063
20	0.01627	0.18728	0.42205	0.01920	0.02799	0.01941	0.07747	0.04375	0.01645	0.02279	0.01655	0.02023	0.03948	0.00790	0.00691	0.00224	0.00989	0.03021	0.00364	0.01027
21	0.01076	0.00733	0.00876	0.00876	0.00900	0.00756	0.00533	0.01122	0.01099	0.01489	0.02278	0.04520	0.02552	0.62012	0.15477	0.00802	0.00941	0.01030	0.00441	0.00487
22	0.05435	0.08409	0.09667	0.06637	0.07522	0.11421	0.19774	0.10299	0.01937	0.07283	0.01475	0.01750	0.01113	0.00741	0.00787	0.00227	0.03393	0.00658	0.00447	0.01024
23	0.01955	0.11077	0.15233	0.04749	0.17023	0.04745	0.09227	0.07041	0.01831	0.09460	0.01805	0.04840	0.01515	0.00872	0.00741	0.00231	0.00915	0.05219	0.00471	0.01048
24	0.00903	0.00651	0.00856	0.01019	0.01073	0.00604	0.00683	0.01035	0.01435	0.01901	0.04265	0.70076	0.08148	0.02303	0.00944	0.00299	0.00428	0.02083	0.00689	0.00604
25	0.01917	0.01463	0.02105	0.22129	0.13029	0.01586	0.03698	0.16303	0.03929	0.09363	0.04797	0.09399	0.01916	0.03982	0.00897	0.00261	0.00803	0.00874	0.00559	0.00990
26	0.02086	0.12336	0.12923	0.02090	0.09926	0.22779	0.04919	0.06584	0.09261	0.02390	0.06386	0.01936	0.01591	0.00809	0.00696	0.00212	0.00985	0.00634	0.00456	0.01000
27	0.02466	0.09983	0.02158	0.01765	0.10150	0.01703	0.01289	0.20722	0.05111	0.22894	0.09849	0.02446	0.02112	0.00918	0.00721	0.00218	0.00690	0.00745	0.02928	0.01131
28	0.01055	0.00738	0.00862	0.00856	0.00931	0.00711	0.00552	0.01171	0.01410	0.01889	0.18247	0.05423	0.11180	0.46152	0.02670	0.00539	0.00595	0.03911	0.00571	0.00537
29	0.00988	0.00747	0.00973	0.01071	0.01155	0.00742	0.00768	0.01157	0.01502	0.01999	0.09371	0.48204	0.12016	0.04549	0.01128	0.00309	0.04885	0.07140	0.00668	0.00628
30	0.02005	0.11678	0.28657	0.02223	0.09839	0.14178	0.06126	0.07526	0.04378	0.04526	0.01430	0.01631	0.01085	0.00730	0.00691	0.00217	0.01034	0.00577	0.00405	0.01061
31	0.02030	0.01972	0.05251	0.09328	0.32114	0.11673	0.05439	0.02437	0.01756	0.09134	0.01503	0.01809	0.01173	0.00696	0.00711	0.00208	0.00920	0.00623	0.00430	0.10796
32	0.01219	0.00792	0.01021	0.00951	0.01146	0.00725	0.00708	0.01525	0.01993	0.08102	0.53783	0.07814	0.09704	0.05972	0.01047	0.00267	0.00400	0.01319	0.00791	0.00722
33	0.00971	0.05227	0.01017	0.00937	0.01103	0.00762	0.00680	0.01145	0.01576	0.02005	0.09847	0.39613	0.28470	0.01999	0.00887	0.00269	0.00427	0.01749	0.00676	0.00640
34	0.00993	0.00804	0.00968	0.01044	0.04846	0.00714	0.00714	0.01247	0.01817	0.02358	0.28217	0.10372	0.39804	0.01714	0.00873	0.00246	0.00399	0.01472	0.00716	0.00681
