[name]
unknown

[dist]
# distance from previous block
# <min> <max>
34	94

[block]
# block no. 0 follows, 33 sequences, length 24
# corresponding to MSA columns:
# 120-143
name=unknown_A
#
# <colnr> <probs for GDERKNQSTAVLIFYWHMCP>
#	G	D	E	R	K	N	Q	S	T	A	V	L	I	F	Y	W	H	M	C	P
0	0.04661	0.08431	0.14982	0.01760	0.12598	0.01488	0.03838	0.09927	0.10078	0.04093	0.04671	0.02300	0.05424	0.03055	0.03058	0.00238	0.00725	0.02628	0.02115	0.03928
1	0.01775	0.23988	0.09990	0.04599	0.18238	0.03537	0.01470	0.08735	0.05346	0.07517	0.01621	0.01760	0.04864	0.00718	0.00637	0.00188	0.03113	0.00560	0.00409	0.00936
2	0.07108	0.08740	0.28652	0.01502	0.02150	0.01586	0.03989	0.14546	0.06692	0.08076	0.01725	0.03549	0.03927	0.02386	0.00677	0.00210	0.00757	0.00603	0.00454	0.02672
3	0.01554	0.07204	0.15872	0.01537	0.05107	0.12761	0.04552	0.08620	0.05643	0.02145	0.08145	0.04587	0.05521	0.06358	0.05665	0.00287	0.00846	0.02348	0.00440	0.00809
4	0.01487	0.08079	0.04603	0.10837	0.05257	0.07335	0.05723	0.07791	0.03062	0.02138	0.11268	0.02544	0.06641	0.01017	0.02865	0.00228	0.08164	0.03283	0.00440	0.07238
5	0.10192	0.02776	0.01501	0.01252	0.01600	0.07996	0.03288	0.12646	0.12376	0.06512	0.02140	0.02559	0.06372	0.03790	0.03633	0.00254	0.04876	0.05348	0.05268	0.05622
6	0.00961	0.00725	0.00846	0.03189	0.01100	0.00665	0.00632	0.03327	0.01579	0.04001	0.19360	0.13949	0.38461	0.05007	0.00896	0.00245	0.00393	0.03442	0.00622	0.00601
7	0.01360	0.03699	0.01494	0.01225	0.01522	0.01160	0.07386	0.02106	0.22239	0.07133	0.22612	0.08893	0.10726	0.01154	0.00792	0.00220	0.03851	0.01000	0.00622	0.00803
8	0.05701	0.11109	0.01767	0.01272	0.01636	0.14794	0.01039	0.17501	0.01862	0.11785	0.01598	0.04059	0.01268	0.00897	0.02376	0.00209	0.06759	0.00576	0.12932	0.00860
9	0.04226	0.00754	0.00906	0.00881	0.01068	0.00721	0.00658	0.01479	0.05297	0.08741	0.25914	0.18282	0.13081	0.05367	0.00877	0.00244	0.00399	0.04189	0.06260	0.00655
10	0.01918	0.15766	0.12389	0.01594	0.07875	0.01575	0.04473	0.10777	0.06861	0.18022	0.06333	0.02197	0.04272	0.00800	0.00634	0.00197	0.00684	0.02144	0.00527	0.00961
11	0.00899	0.00650	0.00783	0.00799	0.00889	0.00625	0.00543	0.01031	0.01289	0.01712	0.15647	0.14606	0.16791	0.30343	0.08174	0.00458	0.00584	0.03140	0.00528	0.00510
12	0.02326	0.01762	0.01864	0.01464	0.01928	0.04475	0.01201	0.59115	0.02798	0.03760	0.01571	0.01654	0.01154	0.01015	0.04559	0.00243	0.03291	0.00593	0.04185	0.01043
13	0.03481	0.04130	0.09815	0.05713	0.06521	0.08829	0.01245	0.05129	0.03525	0.02084	0.04062	0.05063	0.01357	0.01000	0.05150	0.00229	0.07169	0.00580	0.00392	0.24526
14	0.07207	0.30007	0.05826	0.03273	0.01608	0.07243	0.01020	0.09743	0.01546	0.02146	0.01363	0.01703	0.01160	0.06567	0.00714	0.00201	0.00663	0.00500	0.16727	0.00783
15	0.34751	0.01549	0.05610	0.13431	0.07677	0.05308	0.02914	0.09815	0.01517	0.05363	0.01193	0.01414	0.00901	0.00647	0.00541	0.00199	0.00688	0.00479	0.02324	0.03680
16	0.05826	0.08113	0.13139	0.07099	0.26788	0.01718	0.13465	0.08687	0.01582	0.02267	0.01215	0.01537	0.00960	0.00636	0.00706	0.00204	0.04189	0.00573	0.00349	0.00947
17	0.00947	0.00689	0.00991	0.01027	0.01108	0.00765	0.00769	0.01101	0.01113	0.01553	0.02263	0.21874	0.02416	0.06438	0.40425	0.06955	0.04075	0.04515	0.00427	0.00550
18	0.00931	0.00672	0.00789	0.00826	0.00914	0.00651	0.00556	0.01135	0.04944	0.01727	0.09540	0.25343	0.13844	0.28320	0.01697	0.00382	0.00473	0.03895	0.02832	0.00529
19	0.07438	0.01037	0.01328	0.01083	0.01484	0.00953	0.00865	0.02664	0.05468	0.48892	0.10557	0.07095	0.02322	0.04764	0.00805	0.00231	0.00519	0.00796	0.00737	0.00961
20	0.01022	0.00676	0.00841	0.00821	0.00974	0.00625	0.00605	0.01264	0.01623	0.05501	0.39045	0.13226	0.13019	0.07475	0.00963	0.00249	0.00370	0.03614	0.07477	0.00607
21	0.01536	0.00966	0.01075	0.00963	0.01235	0.01010	0.00750	0.09645	0.15033	0.09690	0.05180	0.05572	0.08125	0.01231	0.05616	0.00251	0.00524	0.00783	0.30022	0.00793
22	0.01666	0.01364	0.01450	0.01275	0.01628	0.01540	0.00989	0.14989	0.48058	0.02805	0.02691	0.05437	0.05729	0.06293	0.00868	0.00249	0.00550	0.00809	0.00643	0.00965
23	0.07628	0.04701	0.07446	0.01555	0.02028	0.16401	0.03507	0.31357	0.02199	0.08106	0.01372	0.01477	0.01017	0.00762	0.00756	0.00201	0.07491	0.00536	0.00503	0.00957

[dist]
# distance from previous block
# <min> <max>
0	3

[block]
# block no. 1 follows, 33 sequences, length 8
# corresponding to MSA columns:
# 148-155
name=unknown_B
#
# <colnr> <probs for GDERKNQSTAVLIFYWHMCP>
#	G	D	E	R	K	N	Q	S	T	A	V	L	I	F	Y	W	H	M	C	P
0	0.01629	0.01564	0.02672	0.04041	0.72757	0.01564	0.02020	0.02020	0.01499	0.02151	0.01238	0.01629	0.01043	0.00587	0.00652	0.00196	0.00782	0.00587	0.00326	0.01043
1	0.01922	0.04197	0.07000	0.05591	0.06016	0.07709	0.24099	0.12557	0.01792	0.12878	0.01584	0.05267	0.01234	0.00751	0.00761	0.00212	0.04352	0.00695	0.00458	0.00926
2	0.00826	0.00601	0.00778	0.00876	0.00954	0.00554	0.00603	0.00984	0.01402	0.01880	0.17531	0.55729	0.11084	0.01884	0.00822	0.00251	0.00363	0.01692	0.00634	0.00554
3	0.03546	0.00829	0.00964	0.00936	0.01116	0.00849	0.00703	0.11272	0.01611	0.02301	0.10636	0.23004	0.09578	0.05275	0.07827	0.00320	0.00564	0.04144	0.13873	0.00652
4	0.00833	0.00618	0.00777	0.00845	0.00950	0.00562	0.00593	0.01011	0.01471	0.01961	0.23009	0.43539	0.17835	0.01791	0.00811	0.00242	0.00353	0.01594	0.00642	0.00562
5	0.01025	0.00705	0.01001	0.00983	0.01041	0.00798	0.00716	0.01079	0.00985	0.01386	0.01614	0.02707	0.01619	0.18161	0.37995	0.20804	0.05842	0.00713	0.00341	0.00484
6	0.01741	0.14390	0.16565	0.10432	0.12447	0.13009	0.04180	0.05955	0.04006	0.05343	0.01386	0.05169	0.01146	0.00717	0.00616	0.00194	0.00852	0.00582	0.00375	0.00894
7	0.03717	0.01112	0.01331	0.04288	0.08099	0.01183	0.00965	0.07184	0.23527	0.05778	0.05428	0.11966	0.12999	0.01153	0.00751	0.02878	0.00512	0.00937	0.05365	0.00828

[dist]
# distance from previous block
# <min> <max>
0	10

[block]
# block no. 2 follows, 33 sequences, length 24
# corresponding to MSA columns:
# 166-189
name=unknown_C
#
# <colnr> <probs for GDERKNQSTAVLIFYWHMCP>
#	G	D	E	R	K	N	Q	S	T	A	V	L	I	F	Y	W	H	M	C	P
0	0.04930	0.14662	0.05834	0.03628	0.05549	0.14411	0.01295	0.08217	0.09722	0.02092	0.01488	0.01687	0.03894	0.00825	0.00914	0.00206	0.16641	0.00554	0.02609	0.00842
1	0.03996	0.00747	0.01049	0.04368	0.01247	0.00735	0.02516	0.01355	0.01194	0.11447	0.02147	0.19441	0.02188	0.10511	0.01668	0.27776	0.00555	0.03909	0.02605	0.00545
2	0.03264	0.01949	0.08922	0.04415	0.21091	0.11427	0.10590	0.08749	0.18249	0.02394	0.01580	0.01751	0.01216	0.00692	0.00658	0.00204	0.00828	0.00614	0.00437	0.00970
3	0.00941	0.00730	0.00975	0.01000	0.01135	0.00697	0.03718	0.03583	0.04229	0.01927	0.09347	0.50101	0.14068	0.01784	0.00812	0.00251	0.00424	0.03064	0.00612	0.00603
4	0.01097	0.00786	0.00944	0.03150	0.01179	0.03573	0.00711	0.01316	0.01579	0.07442	0.27821	0.30852	0.11284	0.01571	0.00786	0.00233	0.00421	0.03981	0.00646	0.00629
5	0.02019	0.01642	0.01868	0.08491	0.10119	0.06720	0.01302	0.38345	0.02305	0.03092	0.01611	0.06878	0.01323	0.00854	0.00731	0.00204	0.04675	0.00670	0.06197	0.00953
6	0.01770	0.01934	0.07105	0.13683	0.08351	0.25110	0.01342	0.04177	0.03775	0.06945	0.08692	0.02310	0.07688	0.00976	0.03136	0.00226	0.00868	0.00668	0.00440	0.00805
7	0.01294	0.01079	0.01718	0.45886	0.10094	0.01244	0.01488	0.01658	0.01360	0.05530	0.01940	0.02401	0.08559	0.02824	0.05859	0.00281	0.00821	0.00692	0.04530	0.00740
8	0.01451	0.03458	0.03846	0.01135	0.01452	0.02492	0.00933	0.07934	0.13486	0.08503	0.08495	0.10972	0.12907	0.01478	0.06316	0.00281	0.03146	0.05428	0.00581	0.05707
9	0.05203	0.00734	0.00893	0.00962	0.01091	0.00729	0.00708	0.03113	0.05061	0.02007	0.10716	0.41944	0.08666	0.04162	0.00884	0.00268	0.00435	0.11210	0.00609	0.00603
10	0.01722	0.05341	0.05427	0.01380	0.06546	0.04602	0.01079	0.05836	0.03936	0.13237	0.09248	0.01960	0.01677	0.00793	0.00764	0.02768	0.05733	0.00580	0.00488	0.26883
11	0.01272	0.01200	0.02027	0.69898	0.09690	0.01470	0.01843	0.01708	0.01330	0.01717	0.01175	0.01746	0.00890	0.00653	0.00658	0.00218	0.00870	0.00585	0.00295	0.00755
12	0.02282	0.01251	0.01619	0.07515	0.05655	0.01259	0.01113	0.13375	0.11426	0.36006	0.05730	0.06078	0.01874	0.00887	0.00677	0.00210	0.00597	0.00741	0.00687	0.01018
13	0.02492	0.01243	0.01538	0.01207	0.01671	0.01194	0.00991	0.20228	0.02144	0.42196	0.07780	0.02429	0.01908	0.00870	0.00665	0.00200	0.00573	0.02953	0.03572	0.04147
14	0.02437	0.01812	0.01939	0.01501	0.02017	0.02011	0.01235	0.65494	0.08270	0.04044	0.01664	0.01647	0.01187	0.00798	0.00659	0.00200	0.00709	0.00604	0.00659	0.01114
15	0.01825	0.01361	0.01980	0.12605	0.29977	0.01424	0.01475	0.15451	0.01809	0.10236	0.01591	0.01838	0.01203	0.00691	0.00624	0.00193	0.00683	0.00600	0.13481	0.00953
16	0.03663	0.00699	0.00845	0.00849	0.01025	0.00644	0.00646	0.01209	0.01607	0.04518	0.31391	0.16486	0.23961	0.01554	0.00784	0.00230	0.00374	0.08252	0.00655	0.00607
17	0.01321	0.01124	0.01771	0.30733	0.18702	0.01228	0.03220	0.01745	0.04161	0.03510	0.04373	0.05014	0.07782	0.00829	0.00654	0.00206	0.00678	0.00740	0.11425	0.00784
18	0.00957	0.00638	0.00718	0.00718	0.00718	0.00638	0.00399	0.00957	0.00957	0.01276	0.02074	0.04308	0.02393	0.76864	0.03351	0.00638	0.00638	0.00957	0.00399	0.00399
19	0.01964	0.01478	0.01564	0.01320	0.01701	0.04748	0.01048	0.23664	0.28362	0.09699	0.05610	0.02440	0.01889	0.04900	0.00841	0.00234	0.02187	0.02503	0.02872	0.00976
20	0.01617	0.01271	0.01601	0.01315	0.05478	0.01152	0.02878	0.07968	0.03870	0.08658	0.01610	0.01749	0.04226	0.00671	0.00692	0.00150	0.06724	0.00525	0.00458	0.47387
21	0.04210	0.18179	0.02236	0.01655	0.09373	0.13562	0.03955	0.24267	0.02030	0.02579	0.01761	0.01862	0.07492	0.00766	0.00598	0.00183	0.00761	0.00586	0.03038	0.00906
22	0.13656	0.05439	0.05960	0.01484	0.01950	0.27312	0.01237	0.27689	0.04628	0.02809	0.01276	0.01367	0.00969	0.00710	0.00588	0.00188	0.00863	0.00489	0.00473	0.00913
23	0.01728	0.26615	0.09861	0.05550	0.15364	0.09693	0.01488	0.06672	0.04636	0.02004	0.03926	0.01523	0.01163	0.00696	0.00688	0.00186	0.06449	0.00512	0.00356	0.00890

[dist]
# distance from previous block
# <min> <max>
1	2

[block]
# block no. 3 follows, 33 sequences, length 17
# corresponding to MSA columns:
# 192-208
name=unknown_D
#
# <colnr> <probs for GDERKNQSTAVLIFYWHMCP>
#	G	D	E	R	K	N	Q	S	T	A	V	L	I	F	Y	W	H	M	C	P
0	0.00917	0.00637	0.00805	0.00851	0.00960	0.00584	0.00595	0.01091	0.01465	0.04259	0.23585	0.38625	0.14172	0.07109	0.00987	0.00268	0.00379	0.01505	0.00635	0.00572
1	0.00887	0.00651	0.00832	0.00830	0.00967	0.00595	0.00606	0.01140	0.01694	0.02339	0.50409	0.20502	0.13030	0.01535	0.00790	0.00222	0.00328	0.01359	0.00688	0.00595
2	0.10974	0.01107	0.01358	0.01096	0.01533	0.01052	0.00891	0.02871	0.09631	0.48503	0.06078	0.02298	0.01821	0.00826	0.00626	0.00202	0.00517	0.00663	0.06952	0.01002
3	0.01835	0.69325	0.03280	0.01187	0.01727	0.10272	0.01142	0.02042	0.01394	0.01556	0.00926	0.01070	0.00845	0.00576	0.00441	0.00144	0.00756	0.00360	0.00288	0.00836
4	0.01607	0.01541	0.02631	0.08241	0.68735	0.01558	0.02009	0.02000	0.01488	0.02123	0.01234	0.01637	0.01033	0.00591	0.00652	0.00197	0.00788	0.00586	0.00324	0.01024
5	0.06825	0.01514	0.01650	0.01347	0.01806	0.01656	0.01088	0.28746	0.28542	0.16470	0.02146	0.02004	0.01527	0.00823	0.00649	0.00209	0.00605	0.00649	0.00678	0.01067
6	0.81514	0.01273	0.00968	0.00866	0.01273	0.01477	0.00713	0.01935	0.01120	0.02954	0.00917	0.01069	0.00713	0.00611	0.00407	0.00204	0.00509	0.00356	0.00407	0.00713
7	0.01746	0.64493	0.03042	0.01085	0.01585	0.02296	0.01039	0.01937	0.01330	0.05816	0.01140	0.01475	0.01058	0.08746	0.00750	0.00198	0.00688	0.00435	0.00326	0.00814
8	0.01568	0.00848	0.01051	0.00934	0.01195	0.00811	0.00723	0.02018	0.09202	0.20433	0.29739	0.07794	0.03627	0.01095	0.00680	0.00201	0.00400	0.00940	0.15954	0.00786
9	0.01117	0.00943	0.01139	0.01111	0.01249	0.05247	0.00844	0.01494	0.08707	0.01724	0.05707	0.09916	0.02156	0.08494	0.42458	0.00726	0.05060	0.00844	0.00431	0.00637
10	0.01268	0.01261	0.08680	0.05000	0.05290	0.02662	0.04488	0.11255	0.01588	0.02127	0.05184	0.29814	0.04880	0.09442	0.01032	0.00278	0.00622	0.03898	0.00515	0.00714
11	0.00971	0.00721	0.00996	0.00982	0.01055	0.00824	0.00717	0.01126	0.01023	0.01449	0.01818	0.03086	0.01848	0.28055	0.47615	0.00883	0.05151	0.00780	0.00364	0.00533
12	0.02047	0.20641	0.02390	0.01667	0.08867	0.06854	0.03719	0.32026	0.02154	0.02806	0.01319	0.01473	0.01039	0.00890	0.04326	0.00220	0.00809	0.00521	0.00467	0.05766
13	0.01199	0.00820	0.00894	0.00877	0.01039	0.02687	0.00638	0.03045	0.08006	0.04948	0.10097	0.14797	0.09661	0.15450	0.01182	0.00292	0.00462	0.04587	0.18689	0.00632
14	0.01605	0.10802	0.22966	0.01792	0.09338	0.07407	0.05198	0.10416	0.05038	0.02276	0.06119	0.01888	0.03269	0.00976	0.05040	0.00244	0.00864	0.00597	0.00403	0.03763
15	0.10172	0.17189	0.23132	0.05313	0.11494	0.07672	0.03419	0.05680	0.01491	0.02128	0.01231	0.04049	0.01021	0.00674	0.00573	0.00191	0.00810	0.00525	0.02355	0.00881
16	0.04347	0.11361	0.08694	0.01685	0.13485	0.01414	0.03081	0.09163	0.03414	0.02223	0.03283	0.07454	0.03051	0.04156	0.04235	0.00242	0.00709	0.02070	0.00422	0.15511

[dist]
# distance from previous block
# <min> <max>
0	3

[block]
# block no. 4 follows, 33 sequences, length 63
# corresponding to MSA columns:
# 213-275
name=unknown_E
#
# <colnr> <probs for GDERKNQSTAVLIFYWHMCP>
#	G	D	E	R	K	N	Q	S	T	A	V	L	I	F	Y	W	H	M	C	P
0	0.05137	0.10309	0.21256	0.01990	0.16449	0.06180	0.01622	0.09630	0.01699	0.15605	0.01505	0.03209	0.01131	0.00698	0.00613	0.00195	0.00783	0.00558	0.00446	0.00983
1	0.01777	0.05390	0.16121	0.05090	0.11895	0.11021	0.01454	0.07031	0.01647	0.10055	0.03817	0.03842	0.01289	0.00699	0.00608	0.00178	0.00761	0.00564	0.00427	0.16334
2	0.49749	0.01217	0.01112	0.00931	0.01368	0.01268	0.00760	0.04552	0.01319	0.02734	0.04989	0.01609	0.01210	0.00669	0.00477	0.00179	0.00505	0.02899	0.00437	0.22015
3	0.01407	0.03930	0.12237	0.11656	0.17647	0.05361	0.10112	0.01918	0.06693	0.01995	0.03629	0.05344	0.10910	0.00865	0.00735	0.00213	0.03342	0.00764	0.00398	0.00846
4	0.01080	0.00782	0.01066	0.01254	0.08274	0.00770	0.00789	0.06570	0.01386	0.01861	0.04755	0.45027	0.05909	0.03700	0.01133	0.12656	0.00482	0.01380	0.00534	0.00594
5	0.00887	0.00670	0.00801	0.00874	0.00994	0.00623	0.00613	0.04709	0.01432	0.01844	0.04428	0.51358	0.24599	0.01875	0.00812	0.00250	0.00386	0.01658	0.00614	0.00573
6	0.00809	0.00576	0.00762	0.00908	0.00944	0.00539	0.00602	0.00918	0.01247	0.01662	0.03558	0.73179	0.04266	0.05438	0.00954	0.00284	0.00394	0.01830	0.00602	0.00529
7	0.77342	0.01265	0.00997	0.00882	0.01295	0.01450	0.00726	0.02003	0.01161	0.06685	0.01006	0.01132	0.00762	0.00622	0.00421	0.00204	0.00512	0.00373	0.00429	0.00735
8	0.01440	0.01440	0.02016	0.01728	0.01728	0.02016	0.01440	0.01584	0.01008	0.01584	0.00864	0.01440	0.00864	0.01152	0.02160	0.00288	0.75659	0.00576	0.00288	0.00720
9	0.00918	0.00743	0.00843	0.00947	0.01038	0.04563	0.00668	0.01069	0.01382	0.01779	0.08913	0.54557	0.11540	0.01874	0.00820	0.00255	0.00431	0.06490	0.00604	0.00561
10	0.02519	0.01818	0.01959	0.01502	0.02028	0.02002	0.01241	0.68106	0.03051	0.06668	0.01618	0.01605	0.01138	0.00791	0.00659	0.00198	0.00718	0.00595	0.00664	0.01120
11	0.01028	0.00834	0.01270	0.01219	0.01436	0.00790	0.08995	0.01320	0.01541	0.02012	0.12654	0.11678	0.16977	0.01600	0.00846	0.00263	0.00558	0.33761	0.00591	0.00626
12	0.00829	0.00614	0.00774	0.00851	0.00950	0.00559	0.00594	0.01000	0.01448	0.01929	0.20692	0.46678	0.17029	0.01819	0.00814	0.00245	0.00356	0.01621	0.00638	0.00559
13	0.00871	0.00641	0.00853	0.00963	0.01033	0.00643	0.00670	0.01100	0.05047	0.01713	0.03264	0.60014	0.03772	0.02482	0.13159	0.00398	0.00621	0.01614	0.00571	0.00571
14	0.01828	0.66486	0.05481	0.01205	0.01766	0.06743	0.01183	0.05740	0.01466	0.01711	0.00966	0.01103	0.00860	0.00584	0.00452	0.00148	0.00742	0.00374	0.00305	0.00859
15	0.01012	0.00717	0.00867	0.00841	0.01037	0.00653	0.00642	0.01305	0.03871	0.06075	0.34717	0.10377	0.27851	0.01494	0.00781	0.00223	0.00364	0.05867	0.00674	0.00632
16	0.00962	0.00728	0.01061	0.01070	0.01204	0.00685	0.06143	0.01190	0.03793	0.03877	0.05658	0.56361	0.09405	0.01808	0.00819	0.00256	0.00449	0.03328	0.00600	0.00603
17	0.00972	0.00768	0.01099	0.00978	0.01186	0.00696	0.07626	0.01148	0.01504	0.01961	0.24116	0.04775	0.31713	0.01571	0.01083	0.13759	0.00455	0.03463	0.00561	0.00565
18	0.01875	0.04335	0.01694	0.01368	0.01798	0.01760	0.01095	0.22194	0.47284	0.03079	0.02253	0.02120	0.01680	0.00838	0.00651	0.00209	0.00584	0.00675	0.00642	0.03866
19	0.04014	0.16726	0.14099	0.04297	0.02157	0.01592	0.08856	0.08633	0.04172	0.05921	0.01423	0.01576	0.02587	0.00630	0.00572	0.00169	0.00720	0.00517	0.00404	0.20933
20	0.01877	0.47359	0.05345	0.01255	0.01734	0.21384	0.01148	0.02107	0.01484	0.01674	0.01073	0.01240	0.00928	0.00616	0.00479	0.00152	0.00803	0.00402	0.08134	0.00805
21	0.14927	0.04760	0.34001	0.01761	0.05700	0.05166	0.08576	0.06077	0.01493	0.04115	0.01370	0.06678	0.01126	0.00731	0.00615	0.00208	0.00835	0.00599	0.00370	0.00891
22	0.01534	0.01483	0.02577	0.20804	0.52670	0.01546	0.05885	0.01945	0.01459	0.02038	0.01228	0.01667	0.01001	0.00602	0.00660	0.00203	0.00823	0.00597	0.00318	0.00960
23	0.00993	0.00766	0.01100	0.01057	0.01143	0.00873	0.02600	0.01158	0.01053	0.01490	0.01878	0.07451	0.01933	0.23681	0.43034	0.00814	0.07214	0.00836	0.00375	0.00552
24	0.00791	0.00658	0.00692	0.00704	0.00903	0.00558	0.00520	0.00963	0.01501	0.01830	0.11033	0.13521	0.60689	0.01685	0.00784	0.00226	0.00337	0.01425	0.00619	0.00558
25	0.00792	0.00652	0.00697	0.00719	0.00906	0.00557	0.00526	0.00960	0.01486	0.01821	0.10633	0.17682	0.56871	0.01710	0.00788	0.00229	0.00340	0.01455	0.00619	0.00557
26	0.01754	0.01472	0.01554	0.01363	0.01756	0.01692	0.01070	0.12566	0.62310	0.02943	0.02531	0.02338	0.01889	0.00879	0.00668	0.00220	0.00549	0.00724	0.00668	0.01053
27	0.01736	0.00967	0.01055	0.00909	0.01197	0.00997	0.00718	0.14420	0.06809	0.12971	0.02148	0.02265	0.01599	0.00787	0.00540	0.00174	0.00434	0.00626	0.48837	0.00809
28	0.01760	0.77260	0.03450	0.01126	0.01690	0.02605	0.01126	0.01971	0.01338	0.01549	0.00915	0.01056	0.00845	0.00563	0.00422	0.00141	0.00704	0.00352	0.00282	0.00845
29	0.01243	0.01170	0.01975	0.75282	0.04534	0.01463	0.01828	0.01682	0.01316	0.01682	0.01170	0.01755	0.00878	0.00658	0.00658	0.00219	0.00878	0.00585	0.00293	0.00731
30	0.01760	0.77260	0.03450	0.01126	0.01690	0.02605	0.01126	0.01971	0.01338	0.01549	0.00915	0.01056	0.00845	0.00563	0.00422	0.00141	0.00704	0.00352	0.00282	0.00845
31	0.01394	0.15807	0.61698	0.01750	0.02655	0.01710	0.02213	0.02066	0.01381	0.01995	0.01137	0.01334	0.00836	0.00615	0.00591	0.00197	0.00928	0.00464	0.00279	0.00951
32	0.01629	0.01564	0.02672	0.04041	0.72757	0.01564	0.02020	0.02020	0.01499	0.02151	0.01238	0.01629	0.01043	0.00587	0.00652	0.00196	0.00782	0.00587	0.00326	0.01043
33	0.00778	0.00667	0.00667	0.00667	0.00889	0.00556	0.00500	0.00945	0.01501	0.01778	0.06669	0.06336	0.72490	0.01667	0.00778	0.00222	0.00333	0.01389	0.00611	0.00556
34	0.01256	0.01183	0.01998	0.72880	0.06834	0.01466	0.01835	0.01693	0.01323	0.01698	0.01172	0.01751	0.00883	0.00656	0.00658	0.00219	0.00874	0.00585	0.00294	0.00742
35	0.00912	0.00672	0.00852	0.00807	0.00971	0.00613	0.00605	0.01203	0.01816	0.02527	0.63767	0.05104	0.14926	0.01388	0.00777	0.00209	0.00314	0.01217	0.00710	0.00613
36	0.02231	0.01709	0.01823	0.01460	0.01938	0.01915	0.01186	0.49483	0.24617	0.03710	0.01926	0.01856	0.01399	0.00823	0.00662	0.00206	0.00660	0.00640	0.00662	0.01095
37	0.01654	0.01657	0.01534	0.07288	0.01816	0.23596	0.02609	0.04618	0.01529	0.01930	0.01610	0.02391	0.01441	0.01250	0.06909	0.00279	0.12269	0.08377	0.16536	0.00708
38	0.00984	0.00731	0.00987	0.00966	0.01026	0.00833	0.00692	0.01115	0.01013	0.01428	0.01827	0.03216	0.01899	0.34410	0.39724	0.00829	0.06635	0.00800	0.00367	0.00519
39	0.01449	0.01167	0.01374	0.00986	0.01567	0.00882	0.00790	0.01740	0.01393	0.05919	0.01246	0.01412	0.01010	0.00505	0.00497	0.00103	0.00491	0.00404	0.00413	0.76652
40	0.02353	0.13623	0.04855	0.01643	0.05152	0.46131	0.01282	0.02575	0.01756	0.12884	0.01267	0.01361	0.00978	0.00677	0.00583	0.00173	0.00991	0.00461	0.00402	0.00852
41	0.01914	0.01288	0.01419	0.01194	0.01588	0.01379	0.00949	0.15171	0.31706	0.14072	0.02291	0.02205	0.01675	0.00818	0.00619	0.00196	0.00524	0.00661	0.15099	0.05232
42	0.01103	0.00841	0.01218	0.01156	0.01262	0.01019	0.00908	0.01311	0.01076	0.04301	0.01662	0.02479	0.01557	0.08256	0.55230	0.00871	0.14072	0.00696	0.00362	0.00620
43	0.02219	0.12566	0.08041	0.01591	0.02020	0.51673	0.01323	0.06841	0.01825	0.01813	0.01248	0.01389	0.03319	0.00700	0.00585	0.00173	0.01048	0.00464	0.00357	0.00807
44	0.00778	0.00667	0.00667	0.00667	0.00889	0.00556	0.00500	0.00945	0.01501	0.01778	0.06669	0.06336	0.72490	0.01667	0.00778	0.00222	0.00333	0.01389	0.00611	0.00556
45	0.01352	0.01667	0.15922	0.01813	0.05178	0.01415	0.14943	0.01730	0.01384	0.04364	0.09504	0.08004	0.03824	0.02822	0.01170	0.00249	0.20304	0.03157	0.00410	0.00789
46	0.06183	0.01581	0.01722	0.05395	0.01987	0.01767	0.01157	0.38866	0.21896	0.07179	0.01903	0.01871	0.01379	0.00803	0.00643	0.00205	0.00643	0.00627	0.03152	0.01040
47	0.00946	0.00682	0.00937	0.00937	0.01013	0.00757	0.00672	0.01098	0.01022	0.01439	0.01874	0.03197	0.01911	0.30468	0.49087	0.00909	0.01364	0.00795	0.00369	0.00521
48	0.01227	0.00614	0.00614	0.00614	0.00767	0.00614	0.00460	0.01534	0.01381	0.02454	0.02148	0.02454	0.01687	0.00767	0.00460	0.00153	0.00307	0.00614	0.80518	0.00614
49	0.00842	0.00637	0.00930	0.01015	0.01087	0.00595	0.04316	0.00980	0.01276	0.01703	0.03506	0.72469	0.04176	0.01982	0.00837	0.00265	0.00421	0.01813	0.00596	0.00553
50	0.81514	0.01273	0.00968	0.00866	0.01273	0.01477	0.00713	0.01935	0.01120	0.02954	0.00917	0.01069	0.00713	0.00611	0.00407	0.00204	0.00509	0.00356	0.00407	0.00713
51	0.01440	0.01440	0.02016	0.01728	0.01728	0.02016	0.01440	0.01584	0.01008	0.01584	0.00864	0.01440	0.00864	0.01152	0.02160	0.00288	0.75659	0.00576	0.00288	0.00720
52	0.07569	0.04244	0.05675	0.08620	0.34247	0.01502	0.01564	0.02221	0.14914	0.04077	0.03704	0.05808	0.01514	0.00761	0.00642	0.00206	0.00685	0.00674	0.00431	0.00944
53	0.01415	0.05972	0.53879	0.01987	0.07585	0.04858	0.05882	0.02101	0.03497	0.02053	0.01309	0.04173	0.01022	0.00679	0.00635	0.00206	0.00931	0.00559	0.00311	0.00945
54	0.00968	0.00637	0.00714	0.00714	0.00720	0.00637	0.00401	0.00980	0.00974	0.01324	0.02077	0.04234	0.02365	0.73816	0.03235	0.00619	0.00625	0.00944	0.03608	0.00407
55	0.00920	0.00672	0.00863	0.00815	0.00976	0.00616	0.00612	0.01219	0.01835	0.02572	0.67208	0.05030	0.11456	0.01371	0.00777	0.00208	0.00312	0.01206	0.00716	0.00616
56	0.02077	0.01663	0.01725	0.01530	0.05454	0.07420	0.01165	0.31588	0.24540	0.05911	0.02004	0.02104	0.01520	0.00839	0.00655	0.00205	0.00666	0.02952	0.04963	0.01018
57	0.18666	0.01811	0.01686	0.06478	0.01946	0.19322	0.03566	0.14957	0.04115	0.04235	0.01238	0.01472	0.00977	0.00835	0.00868	0.04587	0.09473	0.00512	0.02448	0.00806
58	0.00812	0.00629	0.00742	0.00810	0.00943	0.00559	0.00579	0.00973	0.01427	0.01817	0.11002	0.37297	0.34120	0.01819	0.00810	0.00244	0.00362	0.03879	0.00621	0.00554
59	0.08276	0.01765	0.14061	0.01667	0.10392	0.06106	0.01339	0.12057	0.06876	0.16843	0.04248	0.08373	0.01661	0.02533	0.00708	0.00217	0.00694	0.00708	0.00536	0.00940
60	0.00904	0.00961	0.09843	0.00948	0.01127	0.00690	0.00773	0.01088	0.01264	0.01685	0.05827	0.36769	0.14134	0.19281	0.01388	0.00338	0.00506	0.01386	0.00524	0.00564
61	0.00824	0.00595	0.00780	0.00890	0.00957	0.00551	0.00608	0.00976	0.01379	0.01856	0.16036	0.60513	0.07761	0.01917	0.00826	0.00255	0.00367	0.01728	0.00631	0.00551
62	0.06889	0.01472	0.03912	0.01251	0.04139	0.05863	0.00982	0.11142	0.07514	0.02458	0.01459	0.05452	0.01233	0.00674	0.00556	0.00149	0.00589	0.00536	0.00453	0.43275

[dist]
# distance from previous block
# <min> <max>
0	5

[block]
# block no. 5 follows, 33 sequences, length 30
# corresponding to MSA columns:
# 281-310
name=unknown_F
#
# <colnr> <probs for GDERKNQSTAVLIFYWHMCP>
#	G	D	E	R	K	N	Q	S	T	A	V	L	I	F	Y	W	H	M	C	P
0	0.05000	0.11204	0.12919	0.03816	0.12275	0.18441	0.03809	0.13103	0.09043	0.02340	0.01333	0.01488	0.01037	0.00676	0.00605	0.00190	0.00861	0.00521	0.00407	0.00931
1	0.00998	0.00821	0.01029	0.03225	0.01233	0.00878	0.00772	0.01375	0.08629	0.01960	0.16274	0.15183	0.22653	0.02045	0.12857	0.00368	0.07350	0.01152	0.00557	0.00640
2	0.00815	0.00593	0.00770	0.00901	0.00965	0.00549	0.00618	0.00949	0.01316	0.01737	0.06507	0.64326	0.10962	0.01988	0.00835	0.00262	0.00383	0.04366	0.00615	0.00543
3	0.01020	0.00738	0.00884	0.00866	0.01046	0.00702	0.00641	0.01411	0.08544	0.04624	0.32871	0.19245	0.19335	0.01478	0.00765	0.00222	0.00359	0.01290	0.03314	0.00648
4	0.02503	0.01844	0.01976	0.01515	0.02042	0.02042	0.01251	0.70562	0.03095	0.04149	0.01581	0.01581	0.01120	0.00790	0.00659	0.00198	0.00724	0.00593	0.00659	0.01120
5	0.11563	0.01191	0.01298	0.01101	0.01462	0.01254	0.00876	0.17835	0.12534	0.15069	0.09617	0.07194	0.06535	0.00978	0.00642	0.00206	0.00510	0.00793	0.08457	0.00886
6	0.18573	0.01728	0.01771	0.01383	0.01885	0.01927	0.01142	0.56604	0.02694	0.03906	0.01446	0.01477	0.01037	0.00754	0.00607	0.00199	0.00681	0.00545	0.00607	0.01037
7	0.81514	0.01273	0.00968	0.00866	0.01273	0.01477	0.00713	0.01935	0.01120	0.02954	0.00917	0.01069	0.00713	0.00611	0.00407	0.00204	0.00509	0.00356	0.00407	0.00713
8	0.01760	0.77260	0.03450	0.01126	0.01690	0.02605	0.01126	0.01971	0.01338	0.01549	0.00915	0.01056	0.00845	0.00563	0.00422	0.00141	0.00704	0.00352	0.00282	0.00845
9	0.58787	0.01356	0.01453	0.01769	0.21610	0.01502	0.01085	0.01959	0.01228	0.02725	0.01008	0.01229	0.00807	0.00604	0.00477	0.00201	0.00587	0.00422	0.00384	0.00807
10	0.01660	0.01365	0.01454	0.01294	0.01655	0.01556	0.01016	0.10235	0.55622	0.02853	0.05079	0.02619	0.02109	0.00922	0.00669	0.00219	0.00525	0.02980	0.05170	0.00996
11	0.00841	0.00629	0.00757	0.00817	0.00926	0.00574	0.00570	0.00993	0.01392	0.01811	0.14338	0.34340	0.24560	0.10687	0.01112	0.00290	0.00395	0.03826	0.00602	0.00540
12	0.01334	0.01262	0.02134	0.41554	0.25046	0.01405	0.04633	0.01738	0.01405	0.01865	0.01689	0.02313	0.05980	0.00759	0.00682	0.00217	0.00807	0.04020	0.00342	0.00815
13	0.00889	0.00617	0.00746	0.00800	0.00859	0.00585	0.00520	0.00981	0.01227	0.01644	0.09466	0.32232	0.11420	0.27917	0.01744	0.03002	0.00463	0.01356	0.03042	0.00492
14	0.01144	0.00572	0.00858	0.00858	0.00858	0.00572	0.00572	0.00858	0.00858	0.01144	0.01144	0.02001	0.01144	0.02287	0.02573	0.80846	0.00572	0.00572	0.00286	0.00286
15	0.02021	0.45006	0.02766	0.03953	0.01927	0.31152	0.01209	0.02224	0.01548	0.01578	0.00965	0.01133	0.00847	0.00613	0.00499	0.00155	0.00903	0.00389	0.00305	0.00808
16	0.00939	0.00683	0.00939	0.00937	0.01026	0.00753	0.00681	0.01106	0.01074	0.01504	0.04484	0.03305	0.04689	0.25442	0.48486	0.00876	0.01335	0.00821	0.00389	0.00533
17	0.01297	0.01319	0.08468	0.04470	0.20139	0.01152	0.01268	0.06957	0.06347	0.02302	0.16361	0.08857	0.13414	0.01213	0.03305	0.00242	0.00624	0.00934	0.00514	0.00818
18	0.01745	0.07601	0.11552	0.06181	0.07673	0.07574	0.06572	0.10019	0.18021	0.06417	0.01929	0.04571	0.03742	0.00799	0.00648	0.00204	0.00745	0.00671	0.02405	0.00933
19	0.78368	0.01296	0.01008	0.00892	0.01304	0.01499	0.00734	0.04667	0.01199	0.03001	0.00943	0.01090	0.00729	0.00618	0.00417	0.00203	0.00518	0.00366	0.00417	0.00729
20	0.01518	0.01471	0.03961	0.10604	0.35636	0.04155	0.03310	0.04013	0.11169	0.02207	0.04325	0.04770	0.05535	0.00792	0.00667	0.00205	0.00710	0.00717	0.03314	0.00919
21	0.01364	0.02578	0.43939	0.01968	0.02729	0.01461	0.19236	0.04818	0.01487	0.02127	0.01540	0.10813	0.01324	0.00793	0.00692	0.00219	0.00924	0.00736	0.00349	0.00903
22	0.00908	0.00641	0.00794	0.00874	0.00976	0.00603	0.00617	0.02935	0.01430	0.01951	0.11740	0.48321	0.12774	0.01769	0.00788	0.00244	0.00378	0.03773	0.07913	0.00573
23	0.05696	0.01246	0.03975	0.01487	0.07827	0.04267	0.01083	0.08176	0.04021	0.08572	0.02208	0.27029	0.02242	0.01531	0.06030	0.00295	0.12013	0.01019	0.00510	0.00773
24	0.01687	0.01352	0.03743	0.10529	0.09428	0.01393	0.05092	0.19407	0.10109	0.05231	0.05563	0.04163	0.03508	0.00829	0.00643	0.00200	0.00633	0.00708	0.14892	0.00892
25	0.01014	0.00851	0.01125	0.02933	0.05682	0.00905	0.00837	0.01285	0.03735	0.01939	0.18606	0.11287	0.22786	0.04118	0.10478	0.00350	0.09798	0.01102	0.00533	0.00638
26	0.01791	0.30195	0.18949	0.01458	0.02026	0.16904	0.01451	0.07122	0.01563	0.01898	0.01096	0.01299	0.00908	0.00854	0.04260	0.00216	0.03555	0.00442	0.00328	0.03683
27	0.01160	0.00826	0.00932	0.00924	0.01071	0.00866	0.00653	0.04029	0.16394	0.02116	0.07594	0.23786	0.02959	0.17834	0.01273	0.00312	0.00461	0.01110	0.15046	0.00654
28	0.04469	0.01773	0.04091	0.01571	0.05495	0.15288	0.02992	0.13459	0.04662	0.04874	0.01455	0.01947	0.01240	0.03193	0.00926	0.00210	0.11580	0.04824	0.00444	0.15508
29	0.03828	0.15548	0.16113	0.01497	0.03819	0.06373	0.04784	0.07072	0.04082	0.17589	0.01696	0.06477	0.01369	0.03727	0.00767	0.00215	0.03020	0.00636	0.00474	0.00914

[dist]
# distance from previous block
# <min> <max>
14	42

[block]
# block no. 6 follows, 33 sequences, length 12
# corresponding to MSA columns:
# 360-371
name=unknown_G
#
# <colnr> <probs for GDERKNQSTAVLIFYWHMCP>
#	G	D	E	R	K	N	Q	S	T	A	V	L	I	F	Y	W	H	M	C	P
0	0.08106	0.01447	0.01577	0.01289	0.01666	0.01599	0.01029	0.39762	0.06632	0.05734	0.05944	0.06925	0.01787	0.07869	0.02651	0.00268	0.03451	0.00739	0.00602	0.00924
1	0.00934	0.00876	0.04484	0.01086	0.01288	0.00742	0.07917	0.01155	0.01365	0.01808	0.09887	0.31272	0.19015	0.07798	0.06940	0.00337	0.00600	0.01357	0.00539	0.00598
2	0.01021	0.00675	0.00840	0.00863	0.01023	0.00606	0.00632	0.01212	0.01519	0.08176	0.18902	0.32680	0.23327	0.01683	0.00797	0.00238	0.00378	0.04163	0.00653	0.00613
3	0.04939	0.00899	0.01107	0.00945	0.01269	0.00834	0.00752	0.02270	0.03494	0.34194	0.08012	0.04899	0.04877	0.02939	0.00695	0.00208	0.00457	0.03330	0.23031	0.00847
4	0.01310	0.00833	0.01015	0.00928	0.01159	0.00794	0.00717	0.06381	0.04129	0.11375	0.32188	0.08022	0.15189	0.04773	0.00869	0.00236	0.00420	0.05510	0.03446	0.00707
5	0.01754	0.01251	0.01326	0.01174	0.01475	0.05478	0.00913	0.22241	0.09088	0.09178	0.04740	0.21014	0.02396	0.01170	0.00689	0.00215	0.00557	0.03458	0.11039	0.00842
6	0.00933	0.00750	0.03172	0.00860	0.00969	0.00668	0.00609	0.01151	0.04681	0.01759	0.11172	0.29680	0.10869	0.25629	0.01600	0.00367	0.00474	0.01315	0.02794	0.00545
7	0.03327	0.00939	0.01238	0.02975	0.01379	0.01072	0.00904	0.08417	0.01345	0.01928	0.04557	0.06905	0.05228	0.05948	0.38184	0.00662	0.09465	0.00782	0.00422	0.04324
8	0.11819	0.06147	0.07532	0.03815	0.13355	0.08173	0.09324	0.12284	0.03970	0.05877	0.01354	0.01582	0.01048	0.00797	0.02529	0.00223	0.05206	0.00557	0.03503	0.00902
9	0.01445	0.01160	0.01298	0.01133	0.01369	0.03992	0.00871	0.11820	0.09086	0.02263	0.05066	0.07268	0.01902	0.12656	0.07135	0.00334	0.10370	0.00754	0.10139	0.09938
10	0.07080	0.01805	0.03487	0.01755	0.10838	0.18660	0.05330	0.10732	0.11042	0.02428	0.07341	0.04656	0.01746	0.00829	0.00643	0.00197	0.00755	0.02863	0.03292	0.04521
11	0.13948	0.10498	0.09518	0.06272	0.13210	0.01402	0.01261	0.05908	0.01540	0.09647	0.08383	0.09897	0.04111	0.00894	0.00621	0.00204	0.00630	0.00738	0.00473	0.00845

[dist]
# distance from previous block
# <min> <max>
0	2

[block]
# block no. 7 follows, 33 sequences, length 7
# corresponding to MSA columns:
# 374-380
name=unknown_H
#
# <colnr> <probs for GDERKNQSTAVLIFYWHMCP>
#	G	D	E	R	K	N	Q	S	T	A	V	L	I	F	Y	W	H	M	C	P
0	0.08173	0.01056	0.01504	0.04257	0.01652	0.03457	0.11141	0.01591	0.01391	0.09557	0.06775	0.22334	0.07151	0.04828	0.01044	0.04480	0.05366	0.03048	0.00512	0.00682
1	0.00864	0.00647	0.00790	0.00801	0.00939	0.00585	0.00576	0.01077	0.01586	0.02130	0.36177	0.21595	0.22727	0.05376	0.00920	0.00246	0.00349	0.01386	0.00653	0.00573
2	0.00981	0.00765	0.01089	0.01077	0.01156	0.00900	0.00816	0.01161	0.01070	0.01528	0.01965	0.13429	0.02035	0.12399	0.46809	0.00803	0.10163	0.00889	0.00388	0.00574
3	0.04992	0.01816	0.13079	0.08229	0.15923	0.06807	0.06762	0.13079	0.04881	0.02342	0.01690	0.07659	0.03050	0.05806	0.00840	0.00237	0.00791	0.00715	0.00424	0.00879
4	0.01042	0.00744	0.00886	0.00887	0.01078	0.00703	0.00665	0.01372	0.07293	0.06638	0.13363	0.21748	0.29651	0.01813	0.05446	0.00287	0.00477	0.04637	0.00627	0.00641
5	0.01804	0.05486	0.14156	0.01807	0.10292	0.07336	0.04984	0.20771	0.04888	0.04460	0.01728	0.04506	0.03778	0.00973	0.03796	0.00237	0.03007	0.00647	0.04416	0.00929
6	0.11485	0.01406	0.07546	0.06456	0.01697	0.06241	0.01029	0.14186	0.03267	0.02424	0.06731	0.13697	0.08268	0.04478	0.04629	0.00275	0.00678	0.00870	0.03884	0.00751

[dist]
# distance from previous block
# <min> <max>
1	8

[block]
# block no. 8 follows, 33 sequences, length 9
# corresponding to MSA columns:
# 389-395,397,398
name=unknown_I
#
# <colnr> <probs for GDERKNQSTAVLIFYWHMCP>
#	G	D	E	R	K	N	Q	S	T	A	V	L	I	F	Y	W	H	M	C	P
0	0.04174	0.05497	0.13750	0.01638	0.09073	0.01507	0.01356	0.18852	0.11062	0.10192	0.06028	0.07680	0.01850	0.00909	0.00665	0.00210	0.00666	0.03379	0.00551	0.00959
1	0.01323	0.00937	0.01123	0.00993	0.01202	0.00988	0.00771	0.09224	0.04455	0.06775	0.27292	0.03837	0.14376	0.06536	0.01059	0.00243	0.08853	0.00964	0.08342	0.00708
2	0.01818	0.04559	0.13807	0.03921	0.10075	0.13332	0.06234	0.13130	0.09426	0.05268	0.05948	0.01968	0.03748	0.00780	0.00700	0.00202	0.03066	0.00633	0.00461	0.00924
3	0.01292	0.03922	0.04184	0.06741	0.01477	0.05998	0.00869	0.03747	0.03272	0.06264	0.04694	0.17109	0.02363	0.23389	0.11363	0.00453	0.00796	0.00964	0.00466	0.00637
4	0.03753	0.01031	0.04613	0.06979	0.03911	0.00988	0.03757	0.03910	0.03673	0.02112	0.14447	0.18912	0.13933	0.01341	0.00840	0.00233	0.05567	0.05783	0.03532	0.00682
5	0.04393	0.08587	0.06888	0.01905	0.02410	0.01567	0.29851	0.05013	0.04422	0.09155	0.01617	0.04053	0.01323	0.01117	0.07117	0.00291	0.05679	0.03328	0.00420	0.00865
6	0.01478	0.01475	0.08129	0.03774	0.14422	0.07294	0.04975	0.05867	0.05087	0.05961	0.07984	0.12094	0.06856	0.10444	0.01032	0.00265	0.00688	0.00899	0.00483	0.00793
7	0.00880	0.00691	0.00892	0.01039	0.05905	0.00631	0.00678	0.01071	0.01477	0.01947	0.19037	0.35141	0.24807	0.01690	0.00795	0.00236	0.00380	0.01494	0.00616	0.00595
8	0.01719	0.11135	0.04784	0.07492	0.12970	0.09289	0.07349	0.13312	0.05261	0.02355	0.04867	0.03757	0.03393	0.00756	0.00625	0.00189	0.00751	0.00638	0.05326	0.04033

[dist]
# distance from previous block
# <min> <max>
52	69

[block]
# block no. 9 follows, 33 sequences, length 11
# corresponding to MSA columns:
# 475-485
name=unknown_J
#
# <colnr> <probs for GDERKNQSTAVLIFYWHMCP>
#	G	D	E	R	K	N	Q	S	T	A	V	L	I	F	Y	W	H	M	C	P
0	0.03945	0.01417	0.03809	0.01295	0.03742	0.09826	0.02796	0.14828	0.05000	0.08165	0.09428	0.05982	0.02004	0.06583	0.03499	0.06783	0.00689	0.00732	0.06354	0.03124
1	0.01510	0.04183	0.06166	0.01903	0.16866	0.11874	0.05146	0.02022	0.10227	0.02082	0.06949	0.07338	0.05225	0.01077	0.04582	0.00239	0.00763	0.00740	0.03258	0.07852
2	0.01616	0.10650	0.05137	0.03256	0.05723	0.01491	0.10699	0.14193	0.05372	0.02432	0.05211	0.03492	0.01444	0.03365	0.00702	0.00186	0.00683	0.00609	0.00445	0.23293
3	0.01756	0.15821	0.16610	0.04804	0.08550	0.10977	0.01493	0.13279	0.07618	0.02256	0.01598	0.01788	0.04674	0.02681	0.00726	0.00204	0.03285	0.00567	0.00407	0.00905
4	0.01620	0.14262	0.04028	0.01351	0.03693	0.05911	0.03962	0.15558	0.04292	0.04812	0.11790	0.15170	0.02528	0.01191	0.02524	0.00230	0.00665	0.05059	0.00536	0.00817
5	0.00908	0.00723	0.00856	0.00889	0.03544	0.00636	0.00607	0.01093	0.01459	0.01910	0.17087	0.16656	0.33375	0.09624	0.01036	0.00260	0.00399	0.01275	0.00581	0.07085
6	0.01796	0.01658	0.08439	0.01653	0.10723	0.01483	0.01269	0.27335	0.05854	0.02883	0.01634	0.01760	0.03716	0.00830	0.02918	0.00199	0.00694	0.00564	0.00493	0.24100
7	0.01322	0.00991	0.01306	0.01216	0.03971	0.00987	0.05077	0.12365	0.04705	0.05558	0.16978	0.18039	0.13647	0.05486	0.03182	0.00273	0.00551	0.03008	0.00606	0.00732
8	0.00861	0.00577	0.00775	0.00896	0.00926	0.00546	0.00592	0.00911	0.01183	0.01578	0.03173	0.61206	0.03769	0.06735	0.01246	0.11932	0.00425	0.01627	0.00551	0.00490
9	0.00938	0.00675	0.00927	0.00936	0.01010	0.00744	0.00669	0.01087	0.01037	0.01454	0.01982	0.07697	0.02061	0.28718	0.46127	0.00870	0.01304	0.00861	0.00384	0.00522
10	0.01598	0.01532	0.02616	0.09823	0.67220	0.01556	0.02005	0.01993	0.01484	0.02113	0.01233	0.01640	0.01029	0.00592	0.00652	0.00197	0.00790	0.00586	0.00323	0.01018

[dist]
# distance from previous block
# <min> <max>
0	2

[block]
# block no. 10 follows, 33 sequences, length 19
# corresponding to MSA columns:
# 488-506
name=unknown_K
#
# <colnr> <probs for GDERKNQSTAVLIFYWHMCP>
#	G	D	E	R	K	N	Q	S	T	A	V	L	I	F	Y	W	H	M	C	P
0	0.01401	0.01331	0.02259	0.46184	0.32399	0.01504	0.01907	0.01820	0.01391	0.01873	0.01198	0.01704	0.00945	0.00629	0.00656	0.00210	0.00839	0.00586	0.00306	0.00859
1	0.01595	0.04884	0.02496	0.13458	0.53495	0.05058	0.01874	0.01970	0.01485	0.02025	0.01309	0.01872	0.01131	0.00658	0.00652	0.00200	0.00803	0.03743	0.00333	0.00957
2	0.00941	0.00674	0.00889	0.00889	0.00959	0.00729	0.00620	0.01068	0.01033	0.01427	0.02118	0.03520	0.05102	0.36879	0.39387	0.00834	0.01198	0.00848	0.00385	0.00502
3	0.01981	0.61499	0.03068	0.01165	0.01708	0.06359	0.01110	0.02197	0.01451	0.12487	0.01178	0.01244	0.00965	0.00608	0.00469	0.00152	0.00709	0.00403	0.00366	0.00882
4	0.02354	0.14406	0.02111	0.01603	0.01983	0.61023	0.01249	0.04666	0.01824	0.01682	0.01020	0.01180	0.00856	0.00664	0.00570	0.00166	0.01099	0.00418	0.00340	0.00787
5	0.01176	0.12511	0.03523	0.00950	0.01250	0.00990	0.00797	0.01460	0.01633	0.04527	0.37199	0.08875	0.07568	0.01174	0.00691	0.00193	0.00440	0.04221	0.00587	0.10234
6	0.13978	0.01800	0.07814	0.02241	0.11293	0.01715	0.27710	0.18949	0.01837	0.02733	0.01297	0.01566	0.00975	0.00644	0.00696	0.00210	0.02565	0.00618	0.00419	0.00940
7	0.01648	0.24069	0.39606	0.01553	0.02314	0.01843	0.01797	0.10231	0.01604	0.05503	0.01372	0.01495	0.02902	0.00665	0.00578	0.00188	0.00830	0.00494	0.00359	0.00949
8	0.13332	0.09912	0.01329	0.01037	0.01252	0.01135	0.00842	0.01386	0.01101	0.01748	0.01533	0.02173	0.01408	0.03756	0.54192	0.00818	0.01446	0.00610	0.00353	0.00638
9	0.01584	0.01343	0.02168	0.10569	0.04647	0.06784	0.22871	0.01918	0.01508	0.12741	0.02116	0.20542	0.01994	0.01163	0.03093	0.00254	0.00821	0.02607	0.00478	0.00796
10	0.01399	0.05913	0.38734	0.01981	0.13696	0.03261	0.03416	0.01947	0.01516	0.04436	0.13659	0.03741	0.01912	0.00780	0.00655	0.00203	0.00796	0.00660	0.00391	0.00905
11	0.10852	0.01220	0.01855	0.49416	0.06862	0.01386	0.03734	0.01738	0.01317	0.01940	0.01148	0.01609	0.00884	0.00620	0.00606	0.00198	0.00777	0.00534	0.00324	0.12979
12	0.01935	0.01530	0.02415	0.03302	0.53488	0.01530	0.01768	0.10367	0.01748	0.13231	0.01486	0.01717	0.01141	0.00646	0.00654	0.00197	0.00741	0.00599	0.00440	0.01064
13	0.10985	0.01684	0.13037	0.10231	0.37935	0.01446	0.03113	0.01896	0.01415	0.02156	0.01516	0.03794	0.03316	0.00730	0.00643	0.00209	0.00763	0.03866	0.00354	0.00910
14	0.01683	0.05331	0.14588	0.21824	0.04525	0.01470	0.11808	0.04484	0.07590	0.14143	0.01682	0.05140	0.01279	0.00745	0.00668	0.00213	0.00806	0.00670	0.00444	0.00906
15	0.01309	0.01199	0.01824	0.55136	0.03744	0.01394	0.01575	0.01895	0.09693	0.01880	0.01350	0.01779	0.01027	0.00660	0.00634	0.00201	0.00776	0.00574	0.00352	0.12998
16	0.00883	0.00684	0.00827	0.00843	0.01014	0.00594	0.00603	0.01062	0.01429	0.01908	0.14643	0.37829	0.22461	0.01660	0.00772	0.00226	0.00371	0.01462	0.00602	0.10126
17	0.05168	0.03807	0.28610	0.01906	0.14071	0.01462	0.01668	0.12053	0.05070	0.04712	0.03492	0.07551	0.05898	0.00850	0.00653	0.00209	0.00742	0.00705	0.00440	0.00933
18	0.07733	0.03610	0.14204	0.04918	0.08737	0.05390	0.04692	0.15060	0.03568	0.08262	0.13502	0.03836	0.01993	0.00828	0.00654	0.00203	0.00711	0.00689	0.00507	0.00903

[dist]
# distance from previous block
# <min> <max>
0	21

# created by:
# /home/cegg/simao/soft/augustus-3.2.1/scripts/msa2prfl.pl ./align_prep/EOG090W0C3I.fa
