[name]
unknown

[dist]
# distance from previous block
# <min> <max>
11	93

[block]
# block no. 0 follows, 37 sequences, length 86
# corresponding to MSA columns:
# 120-205
name=unknown_A
#
# <colnr> <probs for GDERKNQSTAVLIFYWHMCP>
#	G	D	E	R	K	N	Q	S	T	A	V	L	I	F	Y	W	H	M	C	P
0	0.06443	0.12346	0.21126	0.01562	0.07928	0.04762	0.03012	0.17575	0.06158	0.04074	0.01538	0.03164	0.04478	0.00694	0.00566	0.00181	0.00706	0.00544	0.00409	0.02733
1	0.01456	0.22597	0.31390	0.01496	0.05269	0.03325	0.03258	0.08989	0.01430	0.01940	0.01198	0.03961	0.01020	0.05271	0.00690	0.00196	0.00755	0.00503	0.00322	0.04933
2	0.10270	0.18242	0.23781	0.01517	0.07832	0.05912	0.01424	0.07191	0.03056	0.05173	0.02848	0.01349	0.00984	0.00617	0.00567	0.00173	0.03168	0.00450	0.00350	0.05095
3	0.01263	0.11965	0.29106	0.10279	0.05010	0.03113	0.01510	0.01734	0.04040	0.03672	0.04986	0.09840	0.03164	0.01013	0.04654	0.00236	0.02625	0.00662	0.00354	0.00774
4	0.20912	0.06659	0.20938	0.03167	0.04782	0.01223	0.01179	0.04186	0.01398	0.03845	0.17178	0.02227	0.05816	0.00783	0.00557	0.00187	0.00573	0.00618	0.03031	0.00741
5	0.01207	0.03957	0.13791	0.01497	0.09256	0.01120	0.07516	0.03202	0.08383	0.01891	0.05616	0.04830	0.11741	0.01202	0.05280	0.08216	0.02430	0.00717	0.02068	0.06080
6	0.01578	0.01441	0.04980	0.06803	0.11210	0.06803	0.04666	0.13589	0.03956	0.05888	0.06156	0.05911	0.01469	0.00705	0.00586	0.00165	0.00636	0.00602	0.00439	0.22417
7	0.01446	0.00906	0.01091	0.00881	0.01255	0.00755	0.00689	0.01717	0.03826	0.19361	0.08317	0.06984	0.16330	0.03959	0.00695	0.00177	0.00429	0.00773	0.00542	0.29867
8	0.01777	0.11068	0.03733	0.01503	0.05177	0.08371	0.08912	0.21530	0.05479	0.03974	0.01261	0.01400	0.00979	0.00619	0.00610	0.00161	0.03614	0.00492	0.00423	0.18917
9	0.00890	0.00593	0.00668	0.00668	0.00668	0.00593	0.00371	0.00890	0.00890	0.01187	0.01929	0.04006	0.02225	0.78487	0.03116	0.00593	0.00593	0.00890	0.00371	0.00371
10	0.01520	0.01247	0.03025	0.01003	0.01535	0.04109	0.00824	0.06103	0.01435	0.09151	0.01234	0.01354	0.00966	0.00511	0.00486	0.00111	0.00511	0.00402	0.00412	0.64062
11	0.00850	0.00625	0.00795	0.00753	0.00904	0.00571	0.00565	0.01123	0.01694	0.02362	0.66471	0.04725	0.13709	0.01286	0.00722	0.00194	0.00291	0.01128	0.00662	0.00571
12	0.02692	0.01129	0.01475	0.01131	0.01606	0.01030	0.00934	0.12046	0.01899	0.65824	0.02292	0.02004	0.01454	0.00755	0.00615	0.00189	0.00541	0.00607	0.00739	0.01042
13	0.00986	0.00705	0.00986	0.01127	0.01268	0.00705	0.00986	0.01268	0.01409	0.01832	0.03241	0.06905	0.03523	0.01691	0.00845	0.00282	0.00564	0.70549	0.00564	0.00564
14	0.01063	0.00532	0.00797	0.00797	0.00797	0.00532	0.00532	0.00797	0.00797	0.01063	0.01063	0.01861	0.01063	0.02127	0.02392	0.82190	0.00532	0.00532	0.00266	0.00266
15	0.01637	0.78856	0.03208	0.01047	0.01571	0.02422	0.01047	0.01833	0.01244	0.01440	0.00851	0.00982	0.00786	0.00524	0.00393	0.00131	0.00655	0.00327	0.00262	0.00786
16	0.00809	0.00572	0.00754	0.00871	0.00922	0.00547	0.00612	0.00936	0.01190	0.01582	0.05203	0.54062	0.03764	0.12227	0.01106	0.00299	0.00420	0.13086	0.00544	0.00494
17	0.07967	0.05167	0.22550	0.01696	0.08253	0.37440	0.01474	0.02143	0.01494	0.01789	0.01038	0.01226	0.00821	0.00604	0.00542	0.00171	0.00920	0.00424	0.03499	0.00781
18	0.01387	0.01480	0.02659	0.02046	0.02325	0.01727	0.33424	0.01693	0.01166	0.01693	0.01000	0.01480	0.00860	0.00821	0.01428	0.00240	0.42923	0.00620	0.00287	0.00740
19	0.01141	0.00571	0.00571	0.00571	0.00713	0.00571	0.00428	0.01426	0.01284	0.02282	0.01997	0.02282	0.01569	0.00713	0.00428	0.00143	0.00285	0.00571	0.81886	0.00571
20	0.01637	0.78856	0.03208	0.01047	0.01571	0.02422	0.01047	0.01833	0.01244	0.01440	0.00851	0.00982	0.00786	0.00524	0.00393	0.00131	0.00655	0.00327	0.00262	0.00786
21	0.01322	0.01086	0.01291	0.03023	0.01532	0.00834	0.00759	0.01597	0.01286	0.04765	0.01138	0.01310	0.00927	0.00469	0.00464	0.00098	0.00466	0.00377	0.00375	0.76880
22	0.01472	0.01410	0.02406	0.12597	0.66167	0.01443	0.01857	0.01841	0.01373	0.01947	0.01144	0.01529	0.00951	0.00553	0.00607	0.00184	0.00738	0.00545	0.00299	0.00935
23	0.01485	0.01424	0.02430	0.09879	0.68782	0.01447	0.01864	0.01852	0.01380	0.01963	0.01146	0.01525	0.00957	0.00551	0.00607	0.00184	0.00735	0.00545	0.00300	0.00945
24	0.01141	0.00571	0.00571	0.00571	0.00713	0.00571	0.00428	0.01426	0.01284	0.02282	0.01997	0.02282	0.01569	0.00713	0.00428	0.00143	0.00285	0.00571	0.81886	0.00571
25	0.02215	0.01659	0.01774	0.01386	0.01856	0.01846	0.01137	0.63013	0.12674	0.03678	0.01611	0.01582	0.01156	0.00748	0.00614	0.00187	0.00647	0.00571	0.00614	0.01031
26	0.82811	0.01184	0.00900	0.00805	0.01184	0.01373	0.00663	0.01799	0.01042	0.02746	0.00852	0.00994	0.00663	0.00568	0.00379	0.00189	0.00474	0.00331	0.00379	0.00663
27	0.01174	0.01106	0.01869	0.73322	0.07769	0.01365	0.01709	0.01580	0.01233	0.01586	0.01091	0.01626	0.00824	0.00609	0.00612	0.00203	0.00812	0.00544	0.00274	0.00695
28	0.01515	0.01454	0.02485	0.03757	0.74669	0.01454	0.01879	0.01879	0.01394	0.02000	0.01151	0.01515	0.00970	0.00545	0.00606	0.00182	0.00727	0.00545	0.00303	0.00970
29	0.00746	0.00533	0.00710	0.00852	0.00888	0.00497	0.00568	0.00852	0.01172	0.01563	0.03374	0.78088	0.04049	0.01918	0.00781	0.00249	0.00355	0.01740	0.00568	0.00497
30	0.04548	0.01073	0.01342	0.01094	0.01480	0.01027	0.00883	0.15920	0.01853	0.43188	0.05609	0.13320	0.02019	0.00966	0.00644	0.00200	0.00515	0.02720	0.00682	0.00917
31	0.01171	0.01104	0.01864	0.73895	0.07218	0.01364	0.01708	0.01577	0.01231	0.01583	0.01091	0.01627	0.00823	0.00609	0.00612	0.00203	0.00812	0.00544	0.00273	0.00692
32	0.01142	0.01043	0.01442	0.01364	0.03730	0.01345	0.01038	0.01262	0.01007	0.01475	0.01591	0.17993	0.01780	0.13106	0.01843	0.00311	0.44867	0.02711	0.00356	0.00595
33	0.62462	0.01380	0.01187	0.05244	0.08510	0.08923	0.00888	0.01860	0.01155	0.02485	0.00903	0.01090	0.00713	0.00575	0.00431	0.00186	0.00580	0.00370	0.00359	0.00698
34	0.00778	0.00566	0.00772	0.03856	0.01043	0.00545	0.00640	0.00907	0.01189	0.01580	0.03276	0.70460	0.03888	0.01852	0.00779	0.00249	0.00387	0.06169	0.00556	0.00509
35	0.00777	0.00623	0.00697	0.00698	0.00878	0.00543	0.00529	0.00973	0.01476	0.01871	0.23856	0.08350	0.49592	0.01494	0.00732	0.00209	0.00321	0.05252	0.00596	0.00535
36	0.01466	0.01522	0.08589	0.20371	0.43834	0.01441	0.03618	0.04929	0.03063	0.03548	0.01206	0.01554	0.00951	0.00582	0.00609	0.00189	0.00759	0.00547	0.00323	0.00898
37	0.01706	0.01754	0.01409	0.01257	0.01590	0.26042	0.00965	0.04906	0.33682	0.02132	0.02119	0.02080	0.07014	0.00787	0.00586	0.00180	0.00671	0.00608	0.04535	0.05978
38	0.00746	0.00533	0.00710	0.00852	0.00888	0.00497	0.00568	0.00852	0.01172	0.01563	0.03374	0.78088	0.04049	0.01918	0.00781	0.00249	0.00355	0.01740	0.00568	0.00497
39	0.01321	0.01252	0.02107	0.41445	0.35717	0.01383	0.01745	0.01704	0.01302	0.01775	0.01116	0.01567	0.00888	0.00576	0.00604	0.00190	0.00763	0.00538	0.00289	0.03717
40	0.00757	0.00559	0.00708	0.00802	0.00881	0.00510	0.00552	0.00894	0.01279	0.01687	0.12536	0.56646	0.16401	0.01773	0.00764	0.00235	0.00339	0.01585	0.00581	0.00510
41	0.59012	0.01438	0.01276	0.01412	0.14098	0.10293	0.00937	0.01890	0.01186	0.02467	0.00916	0.01098	0.00731	0.00572	0.00439	0.00184	0.00593	0.00376	0.00358	0.00722
42	0.01613	0.01534	0.03080	0.02235	0.02794	0.01468	0.54803	0.04378	0.05327	0.10535	0.03089	0.01788	0.01156	0.00597	0.00731	0.00205	0.02708	0.00707	0.00395	0.00856
43	0.01298	0.01233	0.02092	0.48116	0.32009	0.01397	0.01770	0.01688	0.01291	0.01736	0.01113	0.01586	0.00877	0.00586	0.00610	0.00195	0.00781	0.00545	0.00284	0.00794
44	0.00890	0.00593	0.00668	0.00668	0.00668	0.00593	0.00371	0.00890	0.00890	0.01187	0.01929	0.04006	0.02225	0.78487	0.03116	0.00593	0.00593	0.00890	0.00371	0.00371
45	0.08814	0.01616	0.01618	0.01256	0.01735	0.15066	0.05809	0.18208	0.01731	0.04168	0.01172	0.01307	0.00911	0.00573	0.00524	0.00143	0.00667	0.00440	0.00419	0.33823
46	0.82811	0.01184	0.00900	0.00805	0.01184	0.01373	0.00663	0.01799	0.01042	0.02746	0.00852	0.00994	0.00663	0.00568	0.00379	0.00189	0.00474	0.00331	0.00379	0.00663
47	0.00749	0.00570	0.00690	0.00769	0.00870	0.00511	0.00535	0.00888	0.01295	0.01672	0.10618	0.47821	0.27328	0.01738	0.00757	0.00230	0.00334	0.01537	0.00578	0.00511
48	0.01102	0.00747	0.00922	0.00845	0.01040	0.00732	0.00644	0.01590	0.11840	0.07265	0.54658	0.03933	0.04664	0.01124	0.00681	0.00191	0.00332	0.00980	0.06047	0.00663
49	0.00746	0.00533	0.00710	0.00852	0.00888	0.00497	0.00568	0.00852	0.01172	0.01563	0.03374	0.78088	0.04049	0.01918	0.00781	0.00249	0.00355	0.01740	0.00568	0.00497
50	0.01781	0.01444	0.01530	0.01298	0.01690	0.01643	0.01032	0.25581	0.50813	0.02978	0.02163	0.02022	0.01602	0.00800	0.00619	0.00200	0.00545	0.00647	0.00619	0.00992
51	0.01269	0.01088	0.01269	0.00907	0.01451	0.00816	0.00725	0.01541	0.01269	0.01995	0.01088	0.01269	0.00907	0.00453	0.00453	0.00091	0.00453	0.00363	0.00363	0.82229
52	0.01192	0.00786	0.00972	0.00898	0.01116	0.00761	0.00701	0.03749	0.09496	0.10724	0.40204	0.06263	0.11736	0.01224	0.00709	0.00205	0.00378	0.07555	0.00652	0.00678
53	0.68501	0.01158	0.00993	0.00856	0.01252	0.01289	0.00705	0.02011	0.01169	0.15677	0.01132	0.01189	0.00815	0.00602	0.00421	0.00189	0.00482	0.00382	0.00447	0.00731
54	0.01422	0.01909	0.23845	0.01649	0.03640	0.04758	0.15391	0.03919	0.18186	0.04953	0.10330	0.02131	0.03592	0.00743	0.00640	0.00197	0.00729	0.00668	0.00441	0.00856
55	0.01400	0.01389	0.02198	0.02775	0.42668	0.05884	0.10043	0.01715	0.01373	0.01881	0.04380	0.10067	0.03373	0.00869	0.02344	0.00214	0.05512	0.00730	0.00353	0.00830
56	0.01220	0.00621	0.00639	0.00620	0.00784	0.00624	0.00469	0.01565	0.04382	0.05149	0.02034	0.02274	0.01580	0.00720	0.00444	0.00147	0.00303	0.00577	0.75243	0.00606
57	0.00850	0.00616	0.00774	0.00748	0.00892	0.00563	0.00556	0.01108	0.01628	0.02276	0.57086	0.10067	0.14482	0.01317	0.00714	0.00196	0.00296	0.01155	0.04112	0.00563
58	0.02348	0.01715	0.01811	0.01396	0.01880	0.04107	0.01150	0.66708	0.02782	0.07649	0.01505	0.01492	0.01059	0.00733	0.00611	0.00183	0.00678	0.00550	0.00611	0.01031
59	0.01295	0.01065	0.01286	0.01019	0.04037	0.00825	0.00775	0.01563	0.01290	0.04300	0.01293	0.04473	0.01137	0.00564	0.00490	0.00110	0.00465	0.02768	0.00388	0.70856
60	0.04824	0.01606	0.10817	0.01497	0.03958	0.08133	0.10280	0.12468	0.10226	0.09715	0.05115	0.11337	0.01810	0.00898	0.00647	0.00203	0.00682	0.04462	0.00495	0.00828
61	0.01637	0.78856	0.03208	0.01047	0.01571	0.02422	0.01047	0.01833	0.01244	0.01440	0.00851	0.00982	0.00786	0.00524	0.00393	0.00131	0.00655	0.00327	0.00262	0.00786
62	0.01292	0.01227	0.02082	0.49247	0.30921	0.01396	0.01768	0.01683	0.01288	0.01729	0.01112	0.01588	0.00874	0.00587	0.00610	0.00196	0.00782	0.00545	0.00284	0.00790
63	0.01680	0.24329	0.29128	0.01426	0.02042	0.11272	0.01513	0.11876	0.03333	0.04350	0.01150	0.01281	0.00886	0.00703	0.02378	0.00189	0.00822	0.00439	0.00343	0.00862
64	0.00737	0.00617	0.00641	0.00642	0.00837	0.00521	0.00479	0.00902	0.01417	0.01721	0.12082	0.08349	0.65886	0.01537	0.00725	0.00207	0.00310	0.01292	0.00578	0.00521
65	0.00881	0.00632	0.00756	0.00734	0.00906	0.00560	0.00547	0.01096	0.01542	0.05295	0.36789	0.12638	0.32551	0.01417	0.00724	0.00204	0.00314	0.01224	0.00625	0.00566
66	0.03530	0.04833	0.22966	0.05102	0.03669	0.04599	0.13361	0.08542	0.03121	0.14718	0.05827	0.04159	0.01382	0.00703	0.00618	0.00192	0.00757	0.00616	0.00435	0.00869
67	0.01766	0.10102	0.15133	0.04268	0.11436	0.01634	0.06060	0.22054	0.09863	0.07771	0.01455	0.01564	0.01080	0.00737	0.02213	0.00202	0.00736	0.00542	0.00447	0.00935
68	0.01509	0.01244	0.01531	0.01595	0.13609	0.05291	0.01065	0.17006	0.01528	0.03774	0.01508	0.05438	0.01397	0.13989	0.08539	0.00341	0.13671	0.00661	0.05564	0.00736
69	0.82811	0.01184	0.00900	0.00805	0.01184	0.01373	0.00663	0.01799	0.01042	0.02746	0.00852	0.00994	0.00663	0.00568	0.00379	0.00189	0.00474	0.00331	0.00379	0.00663
70	0.00998	0.00627	0.00742	0.00736	0.00899	0.00573	0.00550	0.01218	0.01447	0.06877	0.22595	0.16742	0.21449	0.01304	0.00666	0.00197	0.00329	0.03333	0.18139	0.00578
71	0.02656	0.01085	0.01429	0.01100	0.01564	0.00976	0.00907	0.09015	0.01835	0.66446	0.02318	0.02036	0.01476	0.00754	0.00609	0.00187	0.00526	0.00608	0.03447	0.01026
72	0.00866	0.00626	0.00818	0.00770	0.00914	0.00578	0.00578	0.01155	0.01733	0.02455	0.74346	0.04572	0.05776	0.01251	0.00722	0.00193	0.00289	0.01107	0.00674	0.00578
73	0.00825	0.00624	0.00761	0.00727	0.00889	0.00560	0.00545	0.01076	0.01636	0.02224	0.54737	0.04952	0.25528	0.01337	0.00722	0.00197	0.00295	0.01160	0.00644	0.00560
74	0.01637	0.78856	0.03208	0.01047	0.01571	0.02422	0.01047	0.01833	0.01244	0.01440	0.00851	0.00982	0.00786	0.00524	0.00393	0.00131	0.00655	0.00327	0.00262	0.00786
75	0.01141	0.00571	0.00571	0.00571	0.00713	0.00571	0.00428	0.01426	0.01284	0.02282	0.01997	0.02282	0.01569	0.00713	0.00428	0.00143	0.00285	0.00571	0.81886	0.00571
76	0.02327	0.01715	0.01837	0.01408	0.01898	0.01898	0.01163	0.72628	0.02878	0.03858	0.01470	0.01470	0.01041	0.00735	0.00612	0.00184	0.00674	0.00551	0.00612	0.01041
77	0.01063	0.00532	0.00797	0.00797	0.00797	0.00532	0.00532	0.00797	0.00797	0.01063	0.01063	0.01861	0.01063	0.02127	0.02392	0.82190	0.00532	0.00532	0.00266	0.00266
78	0.02746	0.01042	0.01421	0.01089	0.01563	0.00900	0.00900	0.02983	0.01752	0.75093	0.02415	0.02083	0.01515	0.00758	0.00616	0.00189	0.00521	0.00616	0.00758	0.01042
79	0.01327	0.01223	0.02071	0.34264	0.38920	0.01338	0.01691	0.01656	0.01273	0.01739	0.01117	0.01593	0.00913	0.00705	0.00758	0.07044	0.00748	0.00544	0.00287	0.00789
80	0.00747	0.00577	0.00682	0.00749	0.00865	0.00512	0.00526	0.00889	0.01312	0.01675	0.10483	0.41847	0.33530	0.01709	0.00752	0.00226	0.00331	0.01500	0.00577	0.00512
81	0.01586	0.49739	0.19206	0.01455	0.07890	0.02079	0.01397	0.07132	0.01389	0.01778	0.00977	0.01132	0.00818	0.00554	0.00469	0.00153	0.00718	0.00390	0.00291	0.00847
82	0.01398	0.19041	0.52685	0.01566	0.02337	0.04987	0.01890	0.03766	0.03548	0.01881	0.01091	0.01253	0.00818	0.00583	0.00542	0.00179	0.00842	0.00433	0.00282	0.00876
83	0.04675	0.01246	0.01323	0.01186	0.01523	0.01420	0.00924	0.03025	0.62432	0.05404	0.07927	0.02401	0.02107	0.00850	0.00621	0.00205	0.00470	0.00707	0.00623	0.00930
84	0.01368	0.01257	0.04608	0.00980	0.01527	0.04051	0.00820	0.01654	0.01309	0.04808	0.01134	0.01295	0.00919	0.00478	0.00470	0.00102	0.00504	0.00378	0.00371	0.71966
85	0.00976	0.00785	0.00756	0.00756	0.00807	0.06880	0.00467	0.01015	0.01039	0.01297	0.02422	0.11007	0.09683	0.56803	0.02434	0.00485	0.00584	0.00971	0.00405	0.00426

[dist]
# distance from previous block
# <min> <max>
0	6

[block]
# block no. 1 follows, 37 sequences, length 42
# corresponding to MSA columns:
# 212-253
name=unknown_B
#
# <colnr> <probs for GDERKNQSTAVLIFYWHMCP>
#	G	D	E	R	K	N	Q	S	T	A	V	L	I	F	Y	W	H	M	C	P
0	0.10759	0.05591	0.08690	0.01594	0.08888	0.22583	0.01245	0.13459	0.07870	0.09438	0.01322	0.01406	0.00996	0.00665	0.00597	0.00180	0.02949	0.00481	0.00429	0.00858
1	0.01617	0.01248	0.02084	0.36950	0.15397	0.01347	0.10118	0.06280	0.01478	0.15393	0.01385	0.01688	0.00998	0.00623	0.00625	0.00197	0.00764	0.00579	0.00392	0.00836
2	0.01110	0.00708	0.00971	0.01059	0.01220	0.00684	0.00892	0.01355	0.01407	0.08912	0.03318	0.16956	0.06708	0.01627	0.00808	0.00264	0.00517	0.50304	0.00583	0.00598
3	0.01349	0.01273	0.02109	0.32537	0.39601	0.01355	0.01696	0.01721	0.01314	0.01826	0.01120	0.01538	0.00903	0.00563	0.00594	0.00182	0.00736	0.00527	0.00297	0.08761
4	0.09888	0.01413	0.01520	0.01215	0.01662	0.01513	0.00986	0.32166	0.20007	0.11667	0.01733	0.01677	0.01252	0.00713	0.00575	0.00180	0.00564	0.00551	0.00581	0.10138
5	0.01540	0.01295	0.01548	0.08529	0.01899	0.04908	0.04615	0.09243	0.08836	0.06419	0.01348	0.01487	0.01040	0.00566	0.00531	0.00138	0.00581	0.00468	0.00424	0.44584
6	0.01505	0.01625	0.01661	0.01469	0.01562	0.20944	0.01171	0.01645	0.01147	0.01455	0.01007	0.01572	0.00974	0.06503	0.09786	0.00339	0.44160	0.00536	0.00294	0.00647
7	0.13445	0.01161	0.01232	0.00921	0.01421	0.02787	0.00739	0.04910	0.01322	0.02189	0.01094	0.01264	0.00893	0.00496	0.00451	0.00113	0.00478	0.00374	0.02779	0.61932
8	0.01156	0.01088	0.01836	0.77016	0.04216	0.01360	0.01700	0.01564	0.01224	0.01564	0.01088	0.01632	0.00816	0.00612	0.00612	0.00204	0.00816	0.00544	0.00272	0.00680
9	0.00746	0.00533	0.00710	0.00852	0.00888	0.00497	0.00568	0.00852	0.01172	0.01563	0.03374	0.78088	0.04049	0.01918	0.00781	0.00249	0.00355	0.01740	0.00568	0.00497
10	0.00746	0.00533	0.00710	0.00852	0.00888	0.00497	0.00568	0.00852	0.01172	0.01563	0.03374	0.78088	0.04049	0.01918	0.00781	0.00249	0.00355	0.01740	0.00568	0.00497
11	0.01269	0.01088	0.01269	0.00907	0.01451	0.00816	0.00725	0.01541	0.01269	0.01995	0.01088	0.01269	0.00907	0.00453	0.00453	0.00091	0.00453	0.00363	0.00363	0.82229
12	0.00888	0.00595	0.00703	0.00708	0.00720	0.00605	0.00420	0.00905	0.00906	0.01219	0.01928	0.06440	0.02192	0.66574	0.09928	0.02939	0.00682	0.00888	0.00371	0.00389
13	0.00751	0.00535	0.00709	0.00846	0.00880	0.00501	0.00561	0.00854	0.01162	0.01549	0.03323	0.75500	0.03985	0.04592	0.00863	0.00261	0.00363	0.01710	0.00561	0.00493
14	0.00856	0.00625	0.00804	0.00759	0.00908	0.00573	0.00569	0.01135	0.01708	0.02395	0.69306	0.04670	0.10852	0.01274	0.00722	0.00194	0.00290	0.01121	0.00666	0.00573
15	0.02746	0.01042	0.01421	0.01089	0.01563	0.00900	0.00900	0.02983	0.01752	0.75093	0.02415	0.02083	0.01515	0.00758	0.00616	0.00189	0.00521	0.00616	0.00758	0.01042
16	0.02746	0.01042	0.01421	0.01089	0.01563	0.00900	0.00900	0.02983	0.01752	0.75093	0.02415	0.02083	0.01515	0.00758	0.00616	0.00189	0.00521	0.00616	0.00758	0.01042
17	0.02287	0.02917	0.01735	0.01577	0.01892	0.76030	0.01183	0.02444	0.01735	0.01498	0.00946	0.01104	0.00788	0.00631	0.00552	0.00158	0.01104	0.00394	0.00315	0.00710
18	0.01269	0.01088	0.01269	0.00907	0.01451	0.00816	0.00725	0.01541	0.01269	0.01995	0.01088	0.01269	0.00907	0.00453	0.00453	0.00091	0.00453	0.00363	0.00363	0.82229
19	0.00784	0.00647	0.00692	0.00676	0.00874	0.00567	0.00508	0.01026	0.04091	0.01864	0.21137	0.05468	0.56605	0.01458	0.00719	0.00204	0.00312	0.01229	0.00594	0.00547
20	0.02287	0.02917	0.01735	0.01577	0.01892	0.76030	0.01183	0.02444	0.01735	0.01498	0.00946	0.01104	0.00788	0.00631	0.00552	0.00158	0.01104	0.00394	0.00315	0.00710
21	0.00875	0.00653	0.00967	0.00967	0.01071	0.00756	0.00744	0.01082	0.00979	0.01409	0.01655	0.02490	0.01567	0.08510	0.72193	0.00963	0.01584	0.00668	0.00330	0.00537
22	0.82811	0.01184	0.00900	0.00805	0.01184	0.01373	0.00663	0.01799	0.01042	0.02746	0.00852	0.00994	0.00663	0.00568	0.00379	0.00189	0.00474	0.00331	0.00379	0.00663
23	0.01379	0.01316	0.02239	0.31474	0.48014	0.01419	0.01811	0.01760	0.01330	0.01835	0.01127	0.01559	0.00911	0.00571	0.00608	0.00190	0.00761	0.00545	0.00291	0.00860
24	0.01338	0.01086	0.01276	0.00915	0.01456	0.00820	0.00733	0.01608	0.01292	0.05400	0.01150	0.01307	0.00935	0.00468	0.00461	0.00095	0.00456	0.00374	0.00381	0.78448
25	0.01077	0.00587	0.00648	0.00647	0.00777	0.00602	0.00483	0.01338	0.01235	0.02101	0.04704	0.02476	0.01757	0.05272	0.12192	0.00297	0.00509	0.00620	0.62122	0.00557
26	0.01462	0.01572	0.03159	0.02910	0.26195	0.01535	0.46014	0.01909	0.01402	0.01948	0.01188	0.01591	0.00936	0.00554	0.00751	0.00202	0.04848	0.00656	0.00305	0.00864
27	0.00746	0.00533	0.00710	0.00852	0.00888	0.00497	0.00568	0.00852	0.01172	0.01563	0.03374	0.78088	0.04049	0.01918	0.00781	0.00249	0.00355	0.01740	0.00568	0.00497
28	0.02286	0.01694	0.01814	0.01400	0.01883	0.01879	0.01154	0.69111	0.06461	0.03792	0.01521	0.01511	0.01083	0.00740	0.00613	0.00185	0.00664	0.00558	0.00613	0.01037
29	0.01141	0.00571	0.00571	0.00571	0.00713	0.00571	0.00428	0.01426	0.01284	0.02282	0.01997	0.02282	0.01569	0.00713	0.00428	0.00143	0.00285	0.00571	0.81886	0.00571
30	0.00935	0.00641	0.00840	0.00782	0.00938	0.00589	0.00589	0.01222	0.01733	0.05096	0.71730	0.04482	0.05621	0.01233	0.00718	0.00192	0.00297	0.01089	0.00677	0.00594
31	0.01228	0.03166	0.75316	0.01745	0.02649	0.01422	0.02262	0.01939	0.01292	0.01939	0.01099	0.01292	0.00775	0.00582	0.00582	0.00194	0.00905	0.00452	0.00258	0.00905
32	0.02746	0.01042	0.01421	0.01089	0.01563	0.00900	0.00900	0.02983	0.01752	0.75093	0.02415	0.02083	0.01515	0.00758	0.00616	0.00189	0.00521	0.00616	0.00758	0.01042
33	0.00737	0.00594	0.00664	0.00709	0.00858	0.00522	0.00511	0.00880	0.01307	0.01615	0.05115	0.28304	0.49198	0.01800	0.04076	0.00254	0.00383	0.01404	0.00558	0.00512
34	0.02733	0.01063	0.01434	0.01099	0.01573	0.00932	0.00908	0.05231	0.01788	0.72794	0.02384	0.02064	0.01500	0.00757	0.00615	0.00189	0.00526	0.00613	0.00753	0.01042
35	0.02746	0.01042	0.01421	0.01089	0.01563	0.00900	0.00900	0.02983	0.01752	0.75093	0.02415	0.02083	0.01515	0.00758	0.00616	0.00189	0.00521	0.00616	0.00758	0.01042
36	0.02012	0.01166	0.01379	0.01157	0.01541	0.01205	0.00925	0.09579	0.30147	0.31483	0.06056	0.05244	0.01967	0.00875	0.00635	0.00201	0.00504	0.02291	0.00675	0.00958
37	0.00831	0.00583	0.00756	0.00863	0.00912	0.00563	0.00605	0.00947	0.01151	0.01525	0.02991	0.45276	0.03493	0.20698	0.01368	0.00340	0.00456	0.15642	0.00519	0.00480
38	0.00907	0.00714	0.00952	0.00936	0.01054	0.00797	0.00720	0.01139	0.03607	0.01504	0.02616	0.03418	0.15899	0.11887	0.41497	0.00676	0.06391	0.04343	0.00398	0.00545
39	0.00738	0.00622	0.00642	0.00654	0.00852	0.00526	0.00496	0.00898	0.01389	0.01660	0.05958	0.08137	0.68524	0.01569	0.00732	0.00212	0.00325	0.04979	0.00568	0.00519
40	0.01348	0.01074	0.01147	0.01071	0.01344	0.01208	0.00827	0.02585	0.49770	0.02376	0.02607	0.08416	0.04084	0.00951	0.00613	0.00202	0.00437	0.03859	0.15249	0.00830
41	0.82811	0.01184	0.00900	0.00805	0.01184	0.01373	0.00663	0.01799	0.01042	0.02746	0.00852	0.00994	0.00663	0.00568	0.00379	0.00189	0.00474	0.00331	0.00379	0.00663

[dist]
# distance from previous block
# <min> <max>
0	1

[block]
# block no. 2 follows, 37 sequences, length 33
# corresponding to MSA columns:
# 255-287
name=unknown_C
#
# <colnr> <probs for GDERKNQSTAVLIFYWHMCP>
#	G	D	E	R	K	N	Q	S	T	A	V	L	I	F	Y	W	H	M	C	P
0	0.00943	0.00759	0.03160	0.00852	0.00900	0.00778	0.00597	0.01018	0.00924	0.01281	0.01738	0.03367	0.01913	0.55040	0.16038	0.00619	0.08476	0.00799	0.00349	0.00449
1	0.01424	0.01341	0.01987	0.17645	0.21853	0.03907	0.08078	0.05560	0.04961	0.02014	0.03088	0.01588	0.01081	0.00590	0.00611	0.00169	0.02262	0.00533	0.00353	0.20956
2	0.03946	0.24125	0.25872	0.06419	0.07999	0.04876	0.05439	0.09051	0.01460	0.01970	0.01117	0.03076	0.00906	0.00609	0.00540	0.00175	0.00780	0.00479	0.00316	0.00846
3	0.01324	0.06025	0.51408	0.01662	0.06888	0.01338	0.01848	0.03928	0.01382	0.06167	0.03287	0.04594	0.06065	0.00722	0.00598	0.00193	0.00778	0.00585	0.00343	0.00866
4	0.02717	0.01089	0.01450	0.01112	0.01586	0.00970	0.00918	0.07906	0.01832	0.70058	0.02348	0.02040	0.01482	0.00756	0.00615	0.00189	0.00532	0.00611	0.00747	0.01042
5	0.01542	0.04504	0.14603	0.11549	0.13737	0.12336	0.06966	0.07392	0.01510	0.05367	0.01527	0.11069	0.01374	0.00801	0.00627	0.00195	0.00781	0.02940	0.00379	0.00803
6	0.00989	0.00859	0.05764	0.01096	0.04440	0.00777	0.03415	0.01071	0.01008	0.01391	0.01826	0.17061	0.01988	0.24416	0.10658	0.16809	0.04694	0.00885	0.00365	0.00489
7	0.00877	0.00646	0.00936	0.00936	0.01028	0.00739	0.00705	0.01062	0.00970	0.01385	0.01684	0.02648	0.01636	0.15819	0.64978	0.00924	0.01481	0.00691	0.00334	0.00520
8	0.00769	0.00549	0.00737	0.00879	0.00924	0.00517	0.00608	0.00892	0.01195	0.01588	0.03361	0.71257	0.03998	0.01896	0.00787	0.00252	0.00375	0.08344	0.00568	0.00504
9	0.25819	0.10271	0.01680	0.01203	0.01637	0.13072	0.00995	0.30146	0.01933	0.06162	0.01184	0.01249	0.00885	0.00648	0.00511	0.00176	0.00672	0.00441	0.00466	0.00851
10	0.01553	0.01531	0.02381	0.03488	0.66671	0.06190	0.01781	0.01899	0.01410	0.01968	0.01135	0.01478	0.00955	0.00547	0.00596	0.00176	0.00739	0.00527	0.00307	0.04669
11	0.00890	0.00593	0.00668	0.00668	0.00668	0.00593	0.00371	0.00890	0.00890	0.01187	0.01929	0.04006	0.02225	0.78487	0.03116	0.00593	0.00593	0.00890	0.00371	0.00371
12	0.02133	0.01645	0.01934	0.01837	0.15424	0.01796	0.01286	0.55808	0.06325	0.03444	0.01464	0.01521	0.01071	0.00705	0.00612	0.00185	0.00674	0.00557	0.00555	0.01024
13	0.01063	0.00532	0.00797	0.00797	0.00797	0.00532	0.00532	0.00797	0.00797	0.01063	0.01063	0.01861	0.01063	0.02127	0.02392	0.82190	0.00532	0.00532	0.00266	0.00266
14	0.82811	0.01184	0.00900	0.00805	0.01184	0.01373	0.00663	0.01799	0.01042	0.02746	0.00852	0.00994	0.00663	0.00568	0.00379	0.00189	0.00474	0.00331	0.00379	0.00663
15	0.01356	0.01316	0.01932	0.01893	0.12635	0.01719	0.03343	0.01545	0.01043	0.01618	0.00944	0.01435	0.00881	0.00954	0.01660	0.00245	0.58735	0.00545	0.05489	0.00713
16	0.02331	0.01600	0.01753	0.01356	0.01834	0.01742	0.01116	0.58963	0.07245	0.13218	0.01660	0.01603	0.01157	0.00744	0.00613	0.00186	0.00641	0.00569	0.00632	0.01036
17	0.00890	0.00593	0.00668	0.00668	0.00668	0.00593	0.00371	0.00890	0.00890	0.01187	0.01929	0.04006	0.02225	0.78487	0.03116	0.00593	0.00593	0.00890	0.00371	0.00371
18	0.00788	0.00602	0.00721	0.00787	0.00897	0.00555	0.00554	0.00983	0.03819	0.01699	0.10598	0.42055	0.25789	0.04514	0.00840	0.00243	0.00353	0.03108	0.00572	0.00524
19	0.01392	0.12233	0.53268	0.01679	0.04640	0.01556	0.03600	0.04335	0.05828	0.04156	0.01210	0.01360	0.00885	0.00597	0.00567	0.00186	0.00826	0.00469	0.00310	0.00903
20	0.00753	0.00545	0.00712	0.00832	0.00886	0.00504	0.00562	0.00875	0.01225	0.01630	0.08470	0.68384	0.08664	0.01848	0.00774	0.00242	0.00348	0.01668	0.00576	0.00504
21	0.02287	0.02917	0.01735	0.01577	0.01892	0.76030	0.01183	0.02444	0.01735	0.01498	0.00946	0.01104	0.00788	0.00631	0.00552	0.00158	0.01104	0.00394	0.00315	0.00710
22	0.08982	0.05311	0.14212	0.04548	0.16762	0.01596	0.17291	0.18235	0.01694	0.03805	0.01217	0.01442	0.00915	0.00596	0.00600	0.00189	0.00784	0.00543	0.00381	0.00900
23	0.01405	0.19103	0.44519	0.01679	0.07320	0.04431	0.01803	0.02063	0.08611	0.01882	0.01184	0.01334	0.00902	0.00594	0.00546	0.00180	0.00804	0.00454	0.00301	0.00883
24	0.00852	0.00582	0.00750	0.00832	0.00925	0.00533	0.00583	0.00996	0.01295	0.04950	0.11365	0.55066	0.13344	0.01739	0.00762	0.00235	0.00356	0.03711	0.00588	0.00535
25	0.00746	0.00533	0.00710	0.00852	0.00888	0.00497	0.00568	0.00852	0.01172	0.01563	0.03374	0.78088	0.04049	0.01918	0.00781	0.00249	0.00355	0.01740	0.00568	0.00497
26	0.01535	0.33354	0.22741	0.01742	0.14094	0.09146	0.01517	0.01925	0.02750	0.01703	0.01097	0.03812	0.00946	0.00607	0.00514	0.00165	0.00767	0.00460	0.00291	0.00836
27	0.01717	0.03568	0.01574	0.12869	0.14437	0.01105	0.01122	0.06586	0.03709	0.24637	0.05061	0.09854	0.09297	0.00908	0.00638	0.00196	0.00567	0.00782	0.00535	0.00839
28	0.00874	0.00656	0.00984	0.00984	0.01093	0.00765	0.00765	0.01093	0.00984	0.01421	0.01640	0.02405	0.01530	0.04591	0.76062	0.00984	0.01640	0.00656	0.00328	0.00547
29	0.02621	0.01243	0.01545	0.01185	0.01663	0.01199	0.00979	0.23827	0.02089	0.53773	0.02132	0.01900	0.01373	0.00751	0.00615	0.00188	0.00567	0.00596	0.00714	0.01042
30	0.10505	0.04323	0.15137	0.01448	0.07368	0.06215	0.03291	0.05977	0.03179	0.23309	0.03459	0.10023	0.01514	0.00804	0.00595	0.00193	0.00645	0.00661	0.00496	0.00861
31	0.01232	0.00658	0.00667	0.00635	0.00804	0.00672	0.00484	0.06863	0.01405	0.02402	0.01957	0.02220	0.01529	0.00715	0.00442	0.00146	0.00315	0.00569	0.75680	0.00606
32	0.03360	0.04307	0.06334	0.02357	0.29401	0.03873	0.08167	0.11883	0.16464	0.05458	0.01507	0.01649	0.01154	0.00641	0.00607	0.00188	0.00704	0.00574	0.00429	0.00944

[dist]
# distance from previous block
# <min> <max>
0	1

[block]
# block no. 3 follows, 37 sequences, length 17
# corresponding to MSA columns:
# 289-305
name=unknown_D
#
# <colnr> <probs for GDERKNQSTAVLIFYWHMCP>
#	G	D	E	R	K	N	Q	S	T	A	V	L	I	F	Y	W	H	M	C	P
0	0.01925	0.34929	0.02335	0.01290	0.01721	0.25950	0.01097	0.11653	0.10172	0.01914	0.01158	0.01240	0.00949	0.00623	0.00501	0.00156	0.00782	0.00422	0.00369	0.00817
1	0.11940	0.01606	0.01697	0.01315	0.01790	0.01768	0.01086	0.59454	0.02583	0.08573	0.01460	0.01455	0.01028	0.00717	0.00585	0.00185	0.00639	0.00529	0.00594	0.00996
2	0.01675	0.06954	0.23569	0.02120	0.20674	0.01473	0.07863	0.11655	0.01619	0.11465	0.04114	0.01610	0.01159	0.00632	0.00602	0.00186	0.00751	0.00551	0.00402	0.00930
3	0.01576	0.05770	0.49836	0.01596	0.02353	0.01557	0.01860	0.18834	0.03688	0.05369	0.01269	0.01382	0.00899	0.00630	0.00584	0.00189	0.00812	0.00484	0.00373	0.00940
4	0.00810	0.00624	0.00741	0.00711	0.00880	0.00554	0.00533	0.01047	0.01600	0.02140	0.47614	0.05090	0.32704	0.01369	0.00723	0.00198	0.00297	0.01180	0.00632	0.00554
5	0.00779	0.00598	0.00712	0.00734	0.00873	0.00532	0.00532	0.00966	0.01451	0.01904	0.28822	0.24941	0.31854	0.01547	0.00739	0.00213	0.00315	0.01350	0.00605	0.00532
6	0.01794	0.05317	0.24322	0.03750	0.13652	0.06609	0.07588	0.07836	0.01578	0.17914	0.01456	0.01638	0.01058	0.00645	0.00603	0.00188	0.00780	0.01937	0.00417	0.00918
7	0.01522	0.00926	0.05157	0.00931	0.01240	0.00755	0.00780	0.01847	0.03843	0.26660	0.37463	0.03616	0.10583	0.01065	0.00676	0.00193	0.00409	0.00912	0.00667	0.00757
8	0.01445	0.01651	0.03612	0.02580	0.03199	0.01548	0.72446	0.01961	0.01445	0.01961	0.01238	0.01651	0.00929	0.00516	0.00722	0.00206	0.01032	0.00722	0.00310	0.00826
9	0.04320	0.08343	0.07731	0.01640	0.05778	0.38004	0.06135	0.02341	0.05420	0.09886	0.01220	0.01347	0.00942	0.00646	0.00618	0.00174	0.03815	0.00468	0.00371	0.00801
10	0.01667	0.07098	0.13666	0.02554	0.35566	0.08014	0.04796	0.05691	0.06267	0.06926	0.01298	0.01501	0.01009	0.00598	0.00590	0.00182	0.00764	0.00525	0.00362	0.00926
11	0.00875	0.00624	0.00838	0.00845	0.00905	0.00681	0.00591	0.00997	0.00953	0.01329	0.01841	0.06591	0.01939	0.35460	0.41970	0.00786	0.01141	0.00804	0.00357	0.00471
12	0.00744	0.00559	0.00690	0.00788	0.00872	0.00505	0.00541	0.00869	0.01250	0.01616	0.06472	0.56377	0.22902	0.01798	0.00764	0.00236	0.00341	0.01600	0.00572	0.00505
13	0.01504	0.05919	0.43504	0.01751	0.06330	0.03597	0.07941	0.04948	0.04534	0.09346	0.01483	0.01606	0.03505	0.00641	0.00597	0.00191	0.00814	0.00534	0.00358	0.00899
14	0.01636	0.13668	0.24894	0.05378	0.15433	0.07630	0.03386	0.08179	0.05674	0.06615	0.01257	0.01418	0.00951	0.00609	0.00567	0.00180	0.00782	0.00489	0.00356	0.00895
15	0.01795	0.01822	0.27590	0.01280	0.01826	0.04463	0.01326	0.05197	0.01575	0.27749	0.10260	0.02122	0.01735	0.04355	0.00721	0.00207	0.00657	0.00613	0.03834	0.00873
16	0.03257	0.01751	0.14896	0.20030	0.05103	0.04791	0.32799	0.01815	0.01335	0.01814	0.01175	0.01629	0.00913	0.03315	0.00774	0.02015	0.00914	0.00607	0.00295	0.00771

[dist]
# distance from previous block
# <min> <max>
0	152

# created by:
# /home/cegg/simao/soft/augustus-3.2.1/scripts/msa2prfl.pl ./align_prep/EOG090W0EW0.fa
