[name]
unknown

[dist]
# distance from previous block
# <min> <max>
0	31

[block]
# block no. 0 follows, 31 sequences, length 27
# corresponding to MSA columns:
# 70-75,79-93,106-111
name=unknown_A
#
# <colnr> <probs for GDERKNQSTAVLIFYWHMCP>
#	G	D	E	R	K	N	Q	S	T	A	V	L	I	F	Y	W	H	M	C	P
0	0.02425	0.01568	0.01918	0.01519	0.02015	0.01643	0.05359	0.36886	0.07094	0.20550	0.02188	0.02576	0.01664	0.00941	0.00723	0.00223	0.00707	0.08218	0.00698	0.01083
1	0.04435	0.01389	0.01506	0.01272	0.01591	0.03715	0.00991	0.24636	0.11906	0.06911	0.04522	0.02695	0.04180	0.15785	0.06798	0.00372	0.05080	0.00761	0.00579	0.00877
2	0.08981	0.02288	0.02202	0.01833	0.02163	0.30881	0.10742	0.08857	0.01712	0.02120	0.01108	0.01419	0.00923	0.00825	0.01072	0.00223	0.20898	0.00545	0.00376	0.00831
3	0.01094	0.00953	0.01295	0.09599	0.13144	0.03191	0.01032	0.01330	0.01477	0.01919	0.07951	0.31993	0.17226	0.01542	0.00796	0.00244	0.00542	0.03437	0.00548	0.00686
4	0.02601	0.01916	0.02053	0.01574	0.02122	0.02122	0.01300	0.69408	0.03217	0.04312	0.01643	0.01643	0.01163	0.00821	0.00684	0.00205	0.00753	0.00616	0.00684	0.01163
5	0.01702	0.01470	0.01547	0.01392	0.01779	0.01702	0.01083	0.03635	0.70453	0.02862	0.02785	0.02553	0.02088	0.00928	0.00696	0.00232	0.00541	0.00773	0.00696	0.01083
6	0.14576	0.01338	0.02011	0.22138	0.30935	0.01468	0.01606	0.01895	0.01441	0.02277	0.05408	0.01889	0.01339	0.00710	0.00673	0.00212	0.02731	0.00608	0.05871	0.00873
7	0.01433	0.13240	0.63244	0.01846	0.02801	0.01738	0.02347	0.02151	0.01437	0.02092	0.01191	0.01398	0.00868	0.00641	0.00622	0.00207	0.00974	0.00487	0.00289	0.00993
8	0.01387	0.01262	0.02046	0.26275	0.30232	0.01356	0.01647	0.01842	0.03957	0.02220	0.18264	0.02593	0.02362	0.00836	0.00712	0.00215	0.00717	0.00767	0.00440	0.00872
9	0.00834	0.00595	0.00794	0.00953	0.00992	0.00556	0.00635	0.00953	0.01310	0.01746	0.03771	0.75510	0.04525	0.02143	0.00873	0.00278	0.00397	0.01945	0.00635	0.00556
10	0.00832	0.00601	0.00788	0.00937	0.00988	0.00557	0.00628	0.00954	0.01325	0.01752	0.03958	0.71436	0.08479	0.02119	0.00869	0.00275	0.00394	0.01915	0.00635	0.00557
11	0.02083	0.01416	0.01627	0.01350	0.01738	0.01523	0.01078	0.39620	0.02419	0.10684	0.02194	0.16172	0.01947	0.01679	0.10796	0.00344	0.00816	0.00897	0.00648	0.00969
12	0.00842	0.00644	0.00773	0.00848	0.00972	0.00575	0.00595	0.01006	0.01480	0.01910	0.13539	0.41758	0.28794	0.01901	0.00842	0.00253	0.00369	0.01675	0.00650	0.00575
13	0.00838	0.00685	0.00741	0.00746	0.00947	0.00587	0.00552	0.01032	0.01600	0.01992	0.17653	0.12860	0.53959	0.01714	0.00814	0.00233	0.00347	0.01456	0.00655	0.00587
14	0.01911	0.68344	0.03413	0.01223	0.01795	0.06002	0.01186	0.06216	0.01528	0.01779	0.00999	0.01137	0.00896	0.00605	0.00462	0.00151	0.00757	0.00385	0.00320	0.00891
15	0.01829	0.76368	0.03585	0.01171	0.01756	0.02707	0.01171	0.02049	0.01390	0.01610	0.00951	0.01097	0.00878	0.00585	0.00439	0.00146	0.00732	0.00366	0.00293	0.00878
16	0.00855	0.00708	0.00758	0.00783	0.01003	0.00611	0.00612	0.01051	0.01562	0.01880	0.06404	0.06764	0.60677	0.01758	0.00830	0.00244	0.00392	0.11887	0.00634	0.00586
17	0.01422	0.03473	0.69567	0.01935	0.02927	0.01610	0.02478	0.04886	0.01516	0.02253	0.01245	0.01452	0.00879	0.00657	0.00651	0.00216	0.01001	0.00510	0.00305	0.01017
18	0.00854	0.00630	0.00805	0.00937	0.01020	0.00581	0.00659	0.01000	0.01376	0.01791	0.04291	0.57605	0.15779	0.02051	0.00869	0.00273	0.00410	0.07868	0.00635	0.00566
19	0.00822	0.00694	0.00711	0.00707	0.00932	0.00583	0.00530	0.01007	0.01590	0.01921	0.12144	0.06465	0.66153	0.01706	0.00808	0.00230	0.00345	0.01427	0.00645	0.00583
20	0.02801	0.01479	0.01768	0.01368	0.01896	0.01487	0.01126	0.29323	0.06658	0.41239	0.02289	0.02073	0.01509	0.00842	0.00687	0.00210	0.00647	0.00665	0.00774	0.01159
21	0.01693	0.01626	0.02777	0.04199	0.71689	0.01626	0.02100	0.02100	0.01558	0.02235	0.01287	0.01693	0.01084	0.00610	0.00677	0.00203	0.00813	0.00610	0.00339	0.01084
22	0.01372	0.03539	0.72412	0.01950	0.02961	0.01589	0.02528	0.02167	0.01444	0.02167	0.01228	0.01444	0.00867	0.00650	0.00650	0.00217	0.01011	0.00506	0.00289	0.01011
23	0.00867	0.00658	0.00808	0.00914	0.01036	0.00599	0.00670	0.01035	0.01435	0.01828	0.04808	0.41760	0.26875	0.01966	0.00863	0.00268	0.00417	0.11985	0.00634	0.00575
24	0.00812	0.00681	0.00705	0.00724	0.00932	0.00575	0.00534	0.00978	0.01529	0.01836	0.06550	0.14890	0.63351	0.01782	0.00816	0.00237	0.00353	0.01504	0.00635	0.00575
25	0.01403	0.08477	0.67745	0.01897	0.02879	0.01665	0.02436	0.02159	0.01441	0.02129	0.01209	0.01421	0.00867	0.00646	0.00636	0.00212	0.00992	0.00496	0.00289	0.01002
26	0.02469	0.03130	0.02132	0.01866	0.02250	0.66617	0.07583	0.02682	0.01909	0.01722	0.01088	0.01290	0.00896	0.00693	0.00634	0.00181	0.01226	0.00474	0.00352	0.00805

[dist]
# distance from previous block
# <min> <max>
7	11

[block]
# block no. 1 follows, 31 sequences, length 59
# corresponding to MSA columns:
# 123-135,154-199
name=unknown_B
#
# <colnr> <probs for GDERKNQSTAVLIFYWHMCP>
#	G	D	E	R	K	N	Q	S	T	A	V	L	I	F	Y	W	H	M	C	P
0	0.02031	0.01506	0.05077	0.01327	0.01795	0.03935	0.01121	0.12886	0.09036	0.19284	0.05840	0.02220	0.03020	0.00862	0.00806	0.00198	0.07699	0.01929	0.00595	0.18835
1	0.01459	0.17403	0.59310	0.01802	0.02732	0.01802	0.02269	0.02144	0.01434	0.02061	0.01175	0.01378	0.00869	0.00638	0.00610	0.00203	0.00958	0.00479	0.00290	0.00986
2	0.01310	0.01257	0.01996	0.01693	0.01833	0.01557	0.11543	0.01546	0.01175	0.01725	0.01520	0.09822	0.01518	0.02211	0.20039	0.00491	0.36874	0.00810	0.00360	0.00719
3	0.04510	0.01054	0.01302	0.01145	0.01446	0.01058	0.00888	0.07158	0.09544	0.24775	0.12076	0.17877	0.02966	0.05587	0.00960	0.00259	0.03284	0.02540	0.00697	0.00874
4	0.01811	0.09824	0.03294	0.02278	0.02835	0.06496	0.41372	0.03967	0.01625	0.08177	0.01496	0.04762	0.01203	0.00731	0.00861	0.00223	0.06987	0.00750	0.00401	0.00907
5	0.00833	0.00599	0.00790	0.00942	0.00989	0.00557	0.00630	0.00954	0.01320	0.01751	0.03901	0.72676	0.07275	0.02126	0.00871	0.00276	0.00395	0.01924	0.00635	0.00557
6	0.01377	0.01141	0.01262	0.01174	0.01459	0.01254	0.00895	0.02618	0.42189	0.02657	0.20158	0.11264	0.07248	0.01220	0.00749	0.00233	0.00461	0.01052	0.00700	0.00890
7	0.01603	0.30160	0.44530	0.01637	0.02474	0.01977	0.01973	0.02167	0.01444	0.04572	0.01181	0.01350	0.00902	0.00634	0.00574	0.00191	0.00893	0.00461	0.00311	0.00968
8	0.00834	0.00595	0.00794	0.00953	0.00992	0.00556	0.00635	0.00953	0.01310	0.01746	0.03771	0.75510	0.04525	0.02143	0.00873	0.00278	0.00397	0.01945	0.00635	0.00556
9	0.00834	0.00595	0.00794	0.00953	0.00992	0.00556	0.00635	0.00953	0.01310	0.01746	0.03771	0.75510	0.04525	0.02143	0.00873	0.00278	0.00397	0.01945	0.00635	0.00556
10	0.00948	0.00699	0.00887	0.00840	0.01010	0.00637	0.00630	0.01252	0.01889	0.02631	0.63227	0.05296	0.14627	0.01441	0.00807	0.00217	0.00326	0.01263	0.00738	0.00637
11	0.02363	0.01175	0.01505	0.03336	0.01728	0.01129	0.01015	0.14952	0.02080	0.38853	0.09567	0.10694	0.02491	0.01094	0.00734	0.00224	0.00580	0.04720	0.00756	0.01003
12	0.01693	0.01626	0.02777	0.04199	0.71689	0.01626	0.02100	0.02100	0.01558	0.02235	0.01287	0.01693	0.01084	0.00610	0.00677	0.00203	0.00813	0.00610	0.00339	0.01084
13	0.01856	0.73664	0.03524	0.01193	0.01769	0.05314	0.01176	0.02074	0.01410	0.01612	0.00955	0.01102	0.00878	0.00590	0.00446	0.00147	0.00750	0.00369	0.00295	0.00875
14	0.02020	0.02809	0.19220	0.02324	0.15995	0.32457	0.05453	0.05217	0.04314	0.02083	0.01249	0.01473	0.00982	0.00679	0.00653	0.00197	0.01048	0.00529	0.00360	0.00936
15	0.01372	0.03539	0.72412	0.01950	0.02961	0.01589	0.02528	0.02167	0.01444	0.02167	0.01228	0.01444	0.00867	0.00650	0.00650	0.00217	0.01011	0.00506	0.00289	0.01011
16	0.00863	0.00614	0.00779	0.00897	0.00940	0.00578	0.00585	0.00963	0.01263	0.01671	0.03640	0.57679	0.08013	0.16489	0.01377	0.00350	0.00446	0.01731	0.00592	0.00529
17	0.01639	0.01584	0.02568	0.17679	0.54181	0.03545	0.02002	0.02105	0.04079	0.02148	0.01322	0.01738	0.01082	0.00638	0.00678	0.00208	0.00833	0.00611	0.00346	0.01013
18	0.03763	0.12496	0.15928	0.02198	0.15875	0.01718	0.11259	0.10419	0.01774	0.14139	0.01566	0.03187	0.01182	0.00707	0.00658	0.00205	0.00826	0.00620	0.00459	0.01022
19	0.01504	0.01198	0.01335	0.01267	0.01575	0.01321	0.00997	0.02785	0.44001	0.05388	0.03336	0.10706	0.07941	0.01267	0.00764	0.00250	0.00529	0.12234	0.00681	0.00920
20	0.00848	0.00606	0.00810	0.00969	0.01015	0.00568	0.00660	0.00977	0.01324	0.01762	0.03763	0.71910	0.04494	0.02130	0.00877	0.00280	0.00409	0.05404	0.00635	0.00560
21	0.01756	0.02147	0.18538	0.02913	0.33553	0.07297	0.08180	0.04710	0.01674	0.06337	0.05210	0.01837	0.01347	0.00688	0.00686	0.00208	0.00881	0.00630	0.00394	0.01012
22	0.01013	0.00839	0.01325	0.10244	0.06963	0.00838	0.05626	0.01234	0.01380	0.01851	0.05626	0.53277	0.03657	0.01714	0.00828	0.00261	0.00540	0.01577	0.00557	0.00649
23	0.07570	0.01194	0.01567	0.01209	0.01732	0.01067	0.00998	0.05094	0.01947	0.66264	0.02568	0.02239	0.01623	0.00834	0.00673	0.00212	0.00584	0.00668	0.00818	0.01140
24	0.02360	0.12125	0.09711	0.11130	0.02396	0.03568	0.04528	0.07419	0.01817	0.35265	0.01915	0.01891	0.01295	0.00749	0.00652	0.00205	0.00751	0.00606	0.00588	0.01032
25	0.01383	0.03314	0.65071	0.06258	0.06274	0.01587	0.02471	0.02139	0.01445	0.02145	0.01230	0.01478	0.00879	0.00650	0.00653	0.00217	0.00996	0.00516	0.00292	0.01000
26	0.01615	0.01845	0.04037	0.02884	0.03576	0.01730	0.69204	0.02191	0.01615	0.02191	0.01384	0.01845	0.01038	0.00577	0.00807	0.00231	0.01153	0.00807	0.00346	0.00923
27	0.02907	0.01391	0.08357	0.01287	0.01863	0.01061	0.01151	0.03223	0.01909	0.65472	0.02558	0.02244	0.01614	0.00828	0.00684	0.00212	0.00623	0.00671	0.00793	0.01150
28	0.06841	0.05046	0.02684	0.05806	0.47740	0.01629	0.09547	0.02011	0.01496	0.02195	0.01392	0.05931	0.01235	0.00714	0.00718	0.00212	0.02780	0.00682	0.00358	0.00982
29	0.00841	0.00691	0.00741	0.00735	0.00946	0.00590	0.00549	0.01043	0.01626	0.02023	0.19672	0.08632	0.56179	0.01680	0.00810	0.00229	0.00344	0.01420	0.00659	0.00590
30	0.01973	0.11563	0.30229	0.01853	0.04775	0.34291	0.01812	0.02408	0.01667	0.01882	0.01121	0.01318	0.00882	0.00666	0.00612	0.00190	0.01074	0.00464	0.00320	0.00899
31	0.01370	0.01884	0.19879	0.02397	0.18827	0.01407	0.14591	0.01817	0.01448	0.02048	0.01965	0.18008	0.03718	0.01025	0.00858	0.00236	0.06308	0.00937	0.00398	0.00880
32	0.01853	0.01656	0.02638	0.03812	0.61910	0.03928	0.01967	0.04635	0.01659	0.07298	0.01393	0.01722	0.01124	0.00637	0.00676	0.00203	0.00808	0.00610	0.00388	0.01083
33	0.01060	0.00768	0.01047	0.01189	0.01347	0.00755	0.01022	0.01351	0.01559	0.02012	0.03947	0.11253	0.10418	0.01889	0.00928	0.00305	0.00590	0.57308	0.00631	0.00621
34	0.01781	0.50582	0.21193	0.01428	0.02101	0.09157	0.01535	0.02144	0.01457	0.01760	0.01033	0.01200	0.00875	0.00613	0.00510	0.00167	0.00852	0.00409	0.00297	0.00904
35	0.04561	0.01282	0.07641	0.01438	0.06839	0.01047	0.03363	0.02325	0.05697	0.28967	0.10220	0.12951	0.08470	0.01116	0.00728	0.00225	0.00578	0.00963	0.00663	0.00928
36	0.00834	0.00595	0.00794	0.00953	0.00992	0.00556	0.00635	0.00953	0.01310	0.01746	0.03771	0.75510	0.04525	0.02143	0.00873	0.00278	0.00397	0.01945	0.00635	0.00556
37	0.01522	0.01461	0.02514	0.33573	0.41332	0.01585	0.04238	0.01955	0.01480	0.02029	0.01260	0.01753	0.01010	0.00640	0.00684	0.00215	0.00866	0.00615	0.00324	0.00943
38	0.11087	0.01538	0.12930	0.01289	0.01862	0.01136	0.01206	0.02891	0.01759	0.50099	0.02323	0.05474	0.01589	0.00853	0.00662	0.00216	0.00637	0.00683	0.00701	0.01065
39	0.01507	0.02955	0.47777	0.02446	0.13785	0.04350	0.13187	0.02182	0.01509	0.02163	0.01256	0.01540	0.00929	0.00634	0.00678	0.00215	0.01012	0.00568	0.00308	0.01000
40	0.00968	0.00699	0.00914	0.00861	0.01022	0.00646	0.00646	0.01291	0.01937	0.02743	0.71328	0.05110	0.06455	0.01399	0.00807	0.00215	0.00323	0.01237	0.00753	0.00646
41	0.04986	0.20746	0.42041	0.04102	0.04871	0.01865	0.01973	0.05725	0.01532	0.04491	0.01222	0.01407	0.00916	0.00649	0.00594	0.00199	0.00885	0.00485	0.00337	0.00975
42	0.01322	0.01302	0.04401	0.40255	0.17901	0.01379	0.04223	0.01751	0.01516	0.02040	0.12429	0.02481	0.04509	0.00815	0.00710	0.00221	0.00790	0.00743	0.00395	0.00817
43	0.01453	0.01537	0.03004	0.05664	0.02823	0.01602	0.40771	0.01860	0.01413	0.01957	0.01535	0.07926	0.01393	0.05026	0.04306	0.00308	0.15391	0.00857	0.00363	0.00811
44	0.01829	0.76368	0.03585	0.01171	0.01756	0.02707	0.01171	0.02049	0.01390	0.01610	0.00951	0.01097	0.00878	0.00585	0.00439	0.00146	0.00732	0.00366	0.00293	0.00878
45	0.01653	0.01971	0.07710	0.16564	0.06652	0.11114	0.37245	0.02151	0.01590	0.02049	0.01322	0.01750	0.01008	0.00628	0.00731	0.00218	0.01064	0.00685	0.03018	0.00878
46	0.01580	0.38446	0.33940	0.01534	0.02269	0.02115	0.01770	0.02053	0.01391	0.01857	0.01108	0.01330	0.00908	0.00822	0.03587	0.00222	0.03401	0.00451	0.00294	0.00922
47	0.00809	0.00693	0.00693	0.00693	0.00924	0.00578	0.00520	0.00982	0.01559	0.01848	0.06931	0.06584	0.71411	0.01733	0.00809	0.00231	0.00347	0.01444	0.00635	0.00578
48	0.01879	0.02226	0.03126	0.11022	0.03241	0.24705	0.39354	0.02313	0.01690	0.01972	0.01259	0.01646	0.00973	0.00631	0.00731	0.00213	0.01151	0.00666	0.00343	0.00862
49	0.01739	0.01948	0.03314	0.02879	0.16457	0.10959	0.40159	0.02185	0.01585	0.02075	0.01271	0.01700	0.01012	0.00666	0.00911	0.00226	0.08957	0.00699	0.00340	0.00919
50	0.00834	0.00595	0.00794	0.00953	0.00992	0.00556	0.00635	0.00953	0.01310	0.01746	0.03771	0.75510	0.04525	0.02143	0.00873	0.00278	0.00397	0.01945	0.00635	0.00556
51	0.01615	0.01845	0.04037	0.02884	0.03576	0.01730	0.69204	0.02191	0.01615	0.02191	0.01384	0.01845	0.01038	0.00577	0.00807	0.00231	0.01153	0.00807	0.00346	0.00923
52	0.01495	0.01424	0.02399	0.38317	0.33825	0.01580	0.03774	0.02002	0.04686	0.02025	0.01325	0.01801	0.01045	0.00660	0.00685	0.00217	0.00858	0.00622	0.00339	0.00921
53	0.01801	0.01821	0.03437	0.02603	0.06334	0.01831	0.47449	0.15229	0.01879	0.02563	0.01391	0.01771	0.01053	0.00675	0.00892	0.00230	0.06926	0.00744	0.00408	0.00963
54	0.00916	0.00723	0.00849	0.00991	0.01046	0.04042	0.00668	0.01038	0.01340	0.01743	0.03641	0.71946	0.04350	0.02074	0.00861	0.00273	0.00437	0.01873	0.00622	0.00567
55	0.01693	0.01626	0.02777	0.04199	0.71689	0.01626	0.02100	0.02100	0.01558	0.02235	0.01287	0.01693	0.01084	0.00610	0.00677	0.00203	0.00813	0.00610	0.00339	0.01084
56	0.01403	0.11241	0.61564	0.01808	0.02725	0.01665	0.02280	0.02098	0.01417	0.02066	0.01242	0.01553	0.00946	0.04256	0.00763	0.00231	0.00964	0.00514	0.00295	0.00968
57	0.07583	0.01174	0.01554	0.01199	0.01722	0.01036	0.00990	0.03257	0.01912	0.68150	0.02598	0.02258	0.01638	0.00834	0.00673	0.00212	0.00579	0.00670	0.00822	0.01140
58	0.01429	0.03525	0.69030	0.01941	0.02920	0.05025	0.02470	0.02194	0.01468	0.02143	0.01220	0.01434	0.00867	0.00653	0.00648	0.00215	0.01022	0.00502	0.00292	0.01001

[dist]
# distance from previous block
# <min> <max>
0	4

[block]
# block no. 2 follows, 31 sequences, length 71
# corresponding to MSA columns:
# 204-272,283,284
name=unknown_C
#
# <colnr> <probs for GDERKNQSTAVLIFYWHMCP>
#	G	D	E	R	K	N	Q	S	T	A	V	L	I	F	Y	W	H	M	C	P
0	0.01470	0.01590	0.03280	0.02429	0.02943	0.01547	0.51146	0.01921	0.01496	0.02043	0.01699	0.11550	0.01561	0.04981	0.01077	0.00266	0.06834	0.00949	0.00384	0.00833
1	0.00819	0.00691	0.00696	0.00696	0.00914	0.00582	0.00514	0.00983	0.01528	0.01819	0.06668	0.06468	0.67615	0.05821	0.00956	0.00255	0.00364	0.01419	0.00623	0.00569
2	0.00888	0.00672	0.00985	0.01072	0.01152	0.00630	0.04431	0.01040	0.01338	0.01784	0.03633	0.68609	0.04308	0.02046	0.00873	0.00277	0.00448	0.04615	0.00619	0.00579
3	0.02896	0.01443	0.01760	0.01349	0.01885	0.01419	0.01115	0.27793	0.02424	0.47046	0.02308	0.02075	0.01497	0.00837	0.00687	0.00209	0.00645	0.00661	0.00787	0.01164
4	0.01702	0.01470	0.01547	0.01392	0.01779	0.01702	0.01083	0.03635	0.70453	0.02862	0.02785	0.02553	0.02088	0.00928	0.00696	0.00232	0.00541	0.00773	0.00696	0.01083
5	0.03033	0.01222	0.01624	0.01245	0.01775	0.01092	0.01028	0.08445	0.02055	0.66915	0.02617	0.02276	0.01653	0.00845	0.00688	0.00211	0.00595	0.00682	0.00834	0.01164
6	0.00809	0.00693	0.00693	0.00693	0.00924	0.00578	0.00520	0.00982	0.01559	0.01848	0.06931	0.06584	0.71411	0.01733	0.00809	0.00231	0.00347	0.01444	0.00635	0.00578
7	0.00985	0.00703	0.00945	0.00945	0.01014	0.00771	0.00663	0.01123	0.01054	0.01474	0.01974	0.03470	0.02050	0.36091	0.42749	0.00909	0.01321	0.00847	0.00388	0.00525
8	0.01615	0.01845	0.04037	0.02884	0.03576	0.01730	0.69204	0.02191	0.01615	0.02191	0.01384	0.01845	0.01038	0.00577	0.00807	0.00231	0.01153	0.00807	0.00346	0.00923
9	0.06650	0.01172	0.01561	0.01203	0.01727	0.01030	0.00993	0.03273	0.01922	0.68979	0.02619	0.02273	0.01650	0.00837	0.00676	0.00212	0.00580	0.00673	0.00827	0.01145
10	0.01689	0.01725	0.02440	0.25328	0.41640	0.11415	0.01932	0.02079	0.01552	0.02009	0.01234	0.01670	0.01003	0.00645	0.00671	0.00207	0.00901	0.00586	0.00330	0.00945
11	0.01615	0.01845	0.04037	0.02884	0.03576	0.01730	0.69204	0.02191	0.01615	0.02191	0.01384	0.01845	0.01038	0.00577	0.00807	0.00231	0.01153	0.00807	0.00346	0.00923
12	0.01693	0.01626	0.02777	0.04199	0.71689	0.01626	0.02100	0.02100	0.01558	0.02235	0.01287	0.01693	0.01084	0.00610	0.00677	0.00203	0.00813	0.00610	0.00339	0.01084
13	0.00834	0.00595	0.00794	0.00953	0.00992	0.00556	0.00635	0.00953	0.01310	0.01746	0.03771	0.75510	0.04525	0.02143	0.00873	0.00278	0.00397	0.01945	0.00635	0.00556
14	0.02225	0.01570	0.02905	0.02288	0.08199	0.01462	0.34578	0.05720	0.01816	0.29158	0.01893	0.02010	0.01299	0.00694	0.00746	0.00220	0.00889	0.00737	0.00553	0.01039
15	0.02601	0.01916	0.02053	0.01574	0.02122	0.02122	0.01300	0.69408	0.03217	0.04312	0.01643	0.01643	0.01163	0.00821	0.00684	0.00205	0.00753	0.00616	0.00684	0.01163
16	0.00809	0.00693	0.00693	0.00693	0.00924	0.00578	0.00520	0.00982	0.01559	0.01848	0.06931	0.06584	0.71411	0.01733	0.00809	0.00231	0.00347	0.01444	0.00635	0.00578
17	0.02720	0.01928	0.01804	0.01560	0.04384	0.24769	0.01197	0.06444	0.01941	0.38223	0.01933	0.01855	0.01324	0.00815	0.00771	0.00205	0.05899	0.00594	0.00621	0.01011
18	0.01449	0.01436	0.02614	0.43901	0.19982	0.01586	0.15317	0.01917	0.01461	0.01949	0.01266	0.01798	0.00977	0.00645	0.00707	0.00223	0.00937	0.00648	0.00320	0.00867
19	0.03070	0.01164	0.01588	0.01217	0.01746	0.01006	0.01006	0.03334	0.01958	0.72163	0.02699	0.02329	0.01694	0.00847	0.00688	0.00212	0.00582	0.00688	0.00847	0.01164
20	0.02451	0.03084	0.01922	0.01809	0.04573	0.67285	0.01319	0.02643	0.01925	0.01744	0.04304	0.01429	0.01145	0.00734	0.00628	0.00179	0.01177	0.00483	0.00370	0.00797
21	0.01665	0.07940	0.06312	0.07914	0.58486	0.01708	0.02032	0.02078	0.01527	0.02151	0.01252	0.01639	0.01046	0.00614	0.00656	0.00201	0.00822	0.00584	0.00330	0.01044
22	0.01482	0.01514	0.02061	0.59395	0.06305	0.11148	0.01812	0.01886	0.01437	0.01749	0.01184	0.01727	0.00913	0.00706	0.00740	0.00223	0.04048	0.00585	0.00311	0.00774
23	0.01419	0.01216	0.01419	0.01013	0.01621	0.00912	0.00811	0.01723	0.01419	0.02229	0.01216	0.01419	0.01013	0.00507	0.00507	0.00101	0.00507	0.00405	0.00405	0.80139
24	0.00968	0.00699	0.00914	0.00861	0.01022	0.00646	0.00646	0.01291	0.01937	0.02743	0.71328	0.05110	0.06455	0.01399	0.00807	0.00215	0.00323	0.01237	0.00753	0.00646
25	0.05378	0.01638	0.01827	0.01391	0.01939	0.04856	0.04498	0.31808	0.02254	0.05662	0.01518	0.03566	0.01183	0.00721	0.00619	0.00171	0.00683	0.00571	0.00546	0.29171
26	0.02601	0.01916	0.02053	0.01574	0.02122	0.02122	0.01300	0.69408	0.03217	0.04312	0.01643	0.01643	0.01163	0.00821	0.00684	0.00205	0.00753	0.00616	0.00684	0.01163
27	0.01372	0.03539	0.72412	0.01950	0.02961	0.01589	0.02528	0.02167	0.01444	0.02167	0.01228	0.01444	0.00867	0.00650	0.00650	0.00217	0.01011	0.00506	0.00289	0.01011
28	0.01442	0.14724	0.61841	0.01830	0.02776	0.01761	0.02319	0.02148	0.01436	0.02081	0.01185	0.01391	0.00868	0.00640	0.00618	0.00206	0.00968	0.00484	0.00289	0.00991
29	0.00834	0.00595	0.00794	0.00953	0.00992	0.00556	0.00635	0.00953	0.01310	0.01746	0.03771	0.75510	0.04525	0.02143	0.00873	0.00278	0.00397	0.01945	0.00635	0.00556
30	0.00814	0.00693	0.00700	0.00698	0.00927	0.00580	0.00524	0.00992	0.01571	0.01877	0.08981	0.06537	0.69343	0.01722	0.00809	0.00231	0.00346	0.01437	0.00639	0.00580
31	0.01693	0.01626	0.02777	0.04199	0.71689	0.01626	0.02100	0.02100	0.01558	0.02235	0.01287	0.01693	0.01084	0.00610	0.00677	0.00203	0.00813	0.00610	0.00339	0.01084
32	0.00987	0.00694	0.00900	0.00900	0.00953	0.00747	0.00606	0.01093	0.01040	0.01440	0.02015	0.03699	0.02149	0.45164	0.33813	0.00853	0.01172	0.00881	0.00394	0.00500
33	0.03070	0.01164	0.01588	0.01217	0.01746	0.01006	0.01006	0.03334	0.01958	0.72163	0.02699	0.02329	0.01694	0.00847	0.00688	0.00212	0.00582	0.00688	0.00847	0.01164
34	0.01447	0.01423	0.01999	0.01729	0.01741	0.01976	0.01435	0.01605	0.01053	0.01641	0.00988	0.01612	0.00977	0.01578	0.09111	0.00377	0.67658	0.00612	0.00306	0.00735
35	0.01307	0.01231	0.02079	0.71703	0.07205	0.01524	0.01907	0.01761	0.01375	0.01766	0.01219	0.01819	0.00918	0.00681	0.00684	0.00227	0.00908	0.00608	0.00305	0.00772
36	0.00809	0.00693	0.00693	0.00693	0.00924	0.00578	0.00520	0.00982	0.01559	0.01848	0.06931	0.06584	0.71411	0.01733	0.00809	0.00231	0.00347	0.01444	0.00635	0.00578
37	0.02601	0.01916	0.02053	0.01574	0.02122	0.02122	0.01300	0.69408	0.03217	0.04312	0.01643	0.01643	0.01163	0.00821	0.00684	0.00205	0.00753	0.00616	0.00684	0.01163
38	0.07240	0.01350	0.01665	0.01283	0.01811	0.01297	0.01060	0.18767	0.02210	0.52435	0.02355	0.02101	0.01517	0.00829	0.00673	0.00210	0.00619	0.00654	0.00785	0.01141
39	0.02649	0.01719	0.01917	0.01483	0.02016	0.01845	0.01220	0.50415	0.07203	0.19435	0.01952	0.01854	0.01341	0.00834	0.00686	0.00208	0.00701	0.00642	0.00722	0.01159
40	0.02388	0.02982	0.01964	0.01768	0.02065	0.61968	0.01350	0.02560	0.01798	0.01670	0.01032	0.01275	0.00884	0.00783	0.00874	0.00196	0.12848	0.00466	0.00344	0.00786
41	0.03044	0.01206	0.01613	0.01237	0.01767	0.01067	0.01022	0.06973	0.02027	0.68426	0.02641	0.02291	0.01664	0.00845	0.00688	0.00211	0.00592	0.00684	0.00838	0.01164
42	0.00896	0.00696	0.00814	0.00784	0.00977	0.00615	0.00588	0.01150	0.01765	0.02336	0.42009	0.05781	0.36029	0.01551	0.00808	0.00222	0.00334	0.01331	0.00699	0.00615
43	0.01667	0.01015	0.01056	0.00914	0.01188	0.01076	0.00721	0.21624	0.01961	0.03071	0.02058	0.02282	0.01579	0.00804	0.00539	0.00173	0.00447	0.00631	0.56400	0.00793
44	0.03070	0.01164	0.01588	0.01217	0.01746	0.01006	0.01006	0.03334	0.01958	0.72163	0.02699	0.02329	0.01694	0.00847	0.00688	0.00212	0.00582	0.00688	0.00847	0.01164
45	0.01419	0.01216	0.01419	0.01013	0.01621	0.00912	0.00811	0.01723	0.01419	0.02229	0.01216	0.01419	0.01013	0.00507	0.00507	0.00101	0.00507	0.00405	0.00405	0.80139
46	0.00918	0.00738	0.00843	0.00972	0.01043	0.04219	0.00660	0.01045	0.01362	0.01751	0.03893	0.66118	0.09822	0.02037	0.00855	0.00269	0.00435	0.01828	0.00621	0.00569
47	0.01734	0.01486	0.01565	0.01399	0.01791	0.01717	0.01091	0.06002	0.68033	0.02914	0.02743	0.02520	0.02055	0.00924	0.00696	0.00231	0.00549	0.00768	0.00696	0.01086
48	0.01188	0.00594	0.00891	0.00891	0.00891	0.00594	0.00594	0.00891	0.00891	0.01188	0.01188	0.02080	0.01188	0.02377	0.02674	0.80095	0.00594	0.00594	0.00297	0.00297
49	0.01547	0.01605	0.03362	0.02437	0.03024	0.01513	0.55551	0.02073	0.01579	0.02263	0.01552	0.01986	0.01180	0.00620	0.00742	0.00217	0.00988	0.00774	0.16122	0.00866
50	0.01428	0.01532	0.03021	0.02197	0.02786	0.01391	0.46377	0.01888	0.01577	0.02128	0.02463	0.02730	0.15016	0.00797	0.00767	0.00213	0.00906	0.00880	0.00411	0.11489
51	0.80789	0.01323	0.01006	0.00900	0.01323	0.01535	0.00741	0.02011	0.01164	0.03070	0.00953	0.01111	0.00741	0.00635	0.00423	0.00212	0.00529	0.00370	0.00423	0.00741
52	0.01829	0.76368	0.03585	0.01171	0.01756	0.02707	0.01171	0.02049	0.01390	0.01610	0.00951	0.01097	0.00878	0.00585	0.00439	0.00146	0.00732	0.00366	0.00293	0.00878
53	0.01215	0.00996	0.01198	0.00981	0.01390	0.00789	0.00746	0.01471	0.01444	0.02154	0.09233	0.21671	0.02524	0.01039	0.00636	0.00161	0.00458	0.00905	0.00503	0.50486
54	0.01292	0.01216	0.02052	0.74312	0.04712	0.01520	0.01900	0.01748	0.01368	0.01748	0.01216	0.01824	0.00912	0.00684	0.00684	0.00228	0.00912	0.00608	0.00304	0.00760
55	0.01292	0.01216	0.02052	0.74312	0.04712	0.01520	0.01900	0.01748	0.01368	0.01748	0.01216	0.01824	0.00912	0.00684	0.00684	0.00228	0.00912	0.00608	0.00304	0.00760
56	0.01419	0.01216	0.01419	0.01013	0.01621	0.00912	0.00811	0.01723	0.01419	0.02229	0.01216	0.01419	0.01013	0.00507	0.00507	0.00101	0.00507	0.00405	0.00405	0.80139
57	0.00977	0.00733	0.01100	0.01100	0.01222	0.00855	0.00855	0.01222	0.01100	0.01588	0.01833	0.02688	0.01710	0.05131	0.73245	0.01100	0.01833	0.00733	0.00367	0.00611
58	0.01419	0.01216	0.01419	0.01013	0.01621	0.00912	0.00811	0.01723	0.01419	0.02229	0.01216	0.01419	0.01013	0.00507	0.00507	0.00101	0.00507	0.00405	0.00405	0.80139
59	0.01702	0.01470	0.01547	0.01392	0.01779	0.01702	0.01083	0.03635	0.70453	0.02862	0.02785	0.02553	0.02088	0.00928	0.00696	0.00232	0.00541	0.00773	0.00696	0.01083
60	0.01829	0.76368	0.03585	0.01171	0.01756	0.02707	0.01171	0.02049	0.01390	0.01610	0.00951	0.01097	0.00878	0.00585	0.00439	0.00146	0.00732	0.00366	0.00293	0.00878
61	0.00827	0.00690	0.00698	0.00698	0.00907	0.00586	0.00510	0.00983	0.01505	0.01798	0.06469	0.06380	0.64746	0.08910	0.01067	0.00273	0.00377	0.01400	0.00614	0.00562
62	0.01372	0.03539	0.72412	0.01950	0.02961	0.01589	0.02528	0.02167	0.01444	0.02167	0.01228	0.01444	0.00867	0.00650	0.00650	0.00217	0.01011	0.00506	0.00289	0.01011
63	0.01160	0.00853	0.01145	0.01273	0.01452	0.00876	0.01101	0.01632	0.08235	0.02126	0.03541	0.07218	0.03759	0.01797	0.00921	0.00307	0.00621	0.60672	0.00636	0.00674
64	0.01292	0.01216	0.02052	0.74312	0.04712	0.01520	0.01900	0.01748	0.01368	0.01748	0.01216	0.01824	0.00912	0.00684	0.00684	0.00228	0.00912	0.00608	0.00304	0.00760
65	0.01288	0.01293	0.01444	0.01349	0.01546	0.15147	0.09467	0.01496	0.01534	0.01885	0.09484	0.44582	0.03546	0.01587	0.00808	0.00246	0.00652	0.01433	0.00554	0.00658
66	0.80789	0.01323	0.01006	0.00900	0.01323	0.01535	0.00741	0.02011	0.01164	0.03070	0.00953	0.01111	0.00741	0.00635	0.00423	0.00212	0.00529	0.00370	0.00423	0.00741
67	0.01000	0.00653	0.00777	0.00810	0.00854	0.00657	0.00516	0.01096	0.01135	0.01618	0.02471	0.18870	0.02727	0.42305	0.09745	0.00555	0.00679	0.01115	0.11921	0.00497
68	0.00834	0.00595	0.00794	0.00953	0.00992	0.00556	0.00635	0.00953	0.01310	0.01746	0.03771	0.75510	0.04525	0.02143	0.00873	0.00278	0.00397	0.01945	0.00635	0.00556
69	0.80789	0.01323	0.01006	0.00900	0.01323	0.01535	0.00741	0.02011	0.01164	0.03070	0.00953	0.01111	0.00741	0.00635	0.00423	0.00212	0.00529	0.00370	0.00423	0.00741
70	0.01442	0.01369	0.02322	0.48180	0.29675	0.01559	0.01974	0.01879	0.01439	0.01930	0.01242	0.01775	0.00976	0.00656	0.00681	0.00219	0.00875	0.00609	0.00317	0.00881

[dist]
# distance from previous block
# <min> <max>
3	4

[block]
# block no. 3 follows, 31 sequences, length 7
# corresponding to MSA columns:
# 289-295
name=unknown_D
#
# <colnr> <probs for GDERKNQSTAVLIFYWHMCP>
#	G	D	E	R	K	N	Q	S	T	A	V	L	I	F	Y	W	H	M	C	P
0	0.01871	0.01908	0.01634	0.01293	0.01817	0.23363	0.01011	0.07823	0.01733	0.02236	0.01203	0.01381	0.00985	0.00595	0.00556	0.00133	0.00752	0.00434	0.00413	0.48859
1	0.01028	0.00898	0.00924	0.00985	0.01141	0.06814	0.00717	0.01195	0.01463	0.01820	0.04261	0.40312	0.22105	0.01808	0.00824	0.00252	0.00483	0.08072	0.00600	0.04300
2	0.02302	0.02851	0.01775	0.01618	0.01940	0.61614	0.01214	0.02502	0.01938	0.01845	0.12286	0.01853	0.01772	0.00816	0.00647	0.00182	0.01088	0.00568	0.00417	0.00770
3	0.60125	0.01244	0.01062	0.00914	0.01341	0.01346	0.00743	0.01893	0.01282	0.02903	0.08031	0.01560	0.01356	0.00691	0.00475	0.00194	0.00505	0.00463	0.00453	0.13419
4	0.12448	0.01619	0.02726	0.02060	0.02509	0.01742	0.30947	0.05432	0.01461	0.02275	0.01188	0.01596	0.00963	0.00760	0.01112	0.00233	0.21137	0.00640	0.00367	0.08783
5	0.13645	0.01096	0.01121	0.01062	0.01345	0.05381	0.00826	0.03969	0.03972	0.02308	0.09593	0.20191	0.07606	0.01327	0.00716	0.00225	0.00529	0.11149	0.00563	0.13378
6	0.13806	0.00849	0.00994	0.00988	0.01182	0.00850	0.00740	0.01387	0.01441	0.04940	0.14812	0.33954	0.05768	0.01535	0.00815	0.00242	0.03519	0.05094	0.00599	0.06484

[dist]
# distance from previous block
# <min> <max>
11	39

[block]
# block no. 4 follows, 31 sequences, length 13
# corresponding to MSA columns:
# 335-347
name=unknown_E
#
# <colnr> <probs for GDERKNQSTAVLIFYWHMCP>
#	G	D	E	R	K	N	Q	S	T	A	V	L	I	F	Y	W	H	M	C	P
0	0.01726	0.09601	0.45369	0.01716	0.02534	0.01700	0.01993	0.08942	0.08777	0.08934	0.01541	0.01629	0.01100	0.00708	0.00642	0.00210	0.00872	0.00548	0.00422	0.01035
1	0.01093	0.01141	0.08373	0.00987	0.01381	0.00798	0.00856	0.01393	0.01544	0.02158	0.16267	0.12480	0.21559	0.01220	0.00704	0.00191	0.00467	0.01040	0.00549	0.25797
2	0.01668	0.01208	0.01444	0.01044	0.01640	0.00926	0.00840	0.01966	0.01500	0.12773	0.01440	0.01556	0.01116	0.00558	0.00534	0.00118	0.00518	0.00448	0.00472	0.68232
3	0.02258	0.01393	0.01417	0.01210	0.01571	0.14460	0.00944	0.02504	0.01883	0.35642	0.18316	0.10312	0.02930	0.01081	0.00721	0.00213	0.00626	0.00898	0.00710	0.00912
4	0.02519	0.01693	0.02088	0.01601	0.02142	0.01787	0.07801	0.41105	0.09710	0.19355	0.01975	0.01912	0.01367	0.00814	0.00698	0.00212	0.00731	0.00667	0.00690	0.01132
5	0.02067	0.01410	0.02308	0.01748	0.02222	0.03428	0.24761	0.04522	0.05374	0.26456	0.02060	0.02522	0.01594	0.14882	0.01254	0.00303	0.00820	0.00782	0.00563	0.00923
6	0.02100	0.01635	0.02835	0.02077	0.02686	0.01566	0.34098	0.13240	0.05607	0.18773	0.01793	0.01932	0.01264	0.00692	0.00733	0.00213	0.00879	0.00719	0.00539	0.06620
7	0.02565	0.02992	0.01962	0.01725	0.02116	0.58979	0.01318	0.16080	0.02195	0.02202	0.01175	0.01316	0.00938	0.00728	0.00630	0.00182	0.01137	0.00476	0.00419	0.00867
8	0.01615	0.01845	0.04037	0.02884	0.03576	0.01730	0.69204	0.02191	0.01615	0.02191	0.01384	0.01845	0.01038	0.00577	0.00807	0.00231	0.01153	0.00807	0.00346	0.00923
9	0.00995	0.00663	0.00746	0.00746	0.00746	0.00663	0.00415	0.00995	0.00995	0.01327	0.02156	0.04477	0.02487	0.75957	0.03482	0.00663	0.00663	0.00995	0.00415	0.00415
10	0.02874	0.01608	0.01706	0.01358	0.01857	0.12499	0.01099	0.12400	0.04637	0.49186	0.02299	0.02070	0.01507	0.00824	0.00677	0.00206	0.00706	0.00642	0.00741	0.01103
11	0.01188	0.00594	0.00891	0.00891	0.00891	0.00594	0.00594	0.00891	0.00891	0.01188	0.01188	0.02080	0.01188	0.02377	0.02674	0.80095	0.00594	0.00594	0.00297	0.00297
12	0.01589	0.01644	0.01876	0.01645	0.01714	0.12338	0.01321	0.01801	0.04042	0.01674	0.01223	0.04526	0.01228	0.08132	0.02007	0.00312	0.51181	0.00670	0.00347	0.00730

[dist]
# distance from previous block
# <min> <max>
0	1

[block]
# block no. 5 follows, 31 sequences, length 8
# corresponding to MSA columns:
# 349-356
name=unknown_F
#
# <colnr> <probs for GDERKNQSTAVLIFYWHMCP>
#	G	D	E	R	K	N	Q	S	T	A	V	L	I	F	Y	W	H	M	C	P
0	0.02174	0.01596	0.01756	0.01437	0.01864	0.01743	0.01162	0.52244	0.02754	0.03686	0.02168	0.15987	0.01971	0.01138	0.00736	0.00226	0.00678	0.04993	0.00672	0.01015
1	0.80789	0.01323	0.01006	0.00900	0.01323	0.01535	0.00741	0.02011	0.01164	0.03070	0.00953	0.01111	0.00741	0.00635	0.00423	0.00212	0.00529	0.00370	0.00423	0.00741
2	0.01423	0.11558	0.64833	0.01864	0.02828	0.01712	0.02378	0.02154	0.01438	0.02105	0.01197	0.01406	0.00868	0.00643	0.00627	0.00209	0.00980	0.00490	0.00289	0.00996
3	0.00853	0.00654	0.00788	0.00885	0.01012	0.00589	0.00641	0.01014	0.01435	0.01818	0.04980	0.41457	0.30392	0.01957	0.00856	0.00264	0.00403	0.08796	0.00635	0.00572
4	0.01497	0.01497	0.02095	0.01796	0.01796	0.02095	0.01497	0.01646	0.01048	0.01646	0.00898	0.01497	0.00898	0.01197	0.02245	0.00299	0.74704	0.00599	0.00299	0.00748
5	0.01045	0.00762	0.01026	0.01153	0.01315	0.00743	0.00983	0.01333	0.01578	0.02041	0.07337	0.10735	0.12705	0.01858	0.00917	0.00298	0.00568	0.52346	0.00637	0.00620
6	0.02234	0.01814	0.01817	0.01520	0.01959	0.09664	0.01245	0.43245	0.09260	0.03466	0.02052	0.02800	0.01731	0.01015	0.00726	0.00225	0.00763	0.12810	0.00639	0.01017
7	0.08637	0.00889	0.01073	0.01029	0.01249	0.00897	0.00828	0.07500	0.01888	0.02739	0.41413	0.05081	0.04810	0.01399	0.00795	0.00239	0.00458	0.17693	0.00685	0.00697

[dist]
# distance from previous block
# <min> <max>
2	4

[block]
# block no. 6 follows, 31 sequences, length 8
# corresponding to MSA columns:
# 361,362,367-372
name=unknown_G
#
# <colnr> <probs for GDERKNQSTAVLIFYWHMCP>
#	G	D	E	R	K	N	Q	S	T	A	V	L	I	F	Y	W	H	M	C	P
0	0.50386	0.01727	0.01875	0.01505	0.01983	0.11814	0.17456	0.02158	0.01384	0.02657	0.01072	0.01307	0.00833	0.00631	0.00544	0.00211	0.00781	0.00487	0.00394	0.00793
1	0.02425	0.01829	0.01954	0.01538	0.02055	0.02039	0.01258	0.56523	0.16388	0.04028	0.01866	0.01821	0.01345	0.00842	0.00687	0.00211	0.00711	0.00647	0.00687	0.01148
2	0.00929	0.00698	0.00861	0.00820	0.00998	0.00629	0.00615	0.01216	0.01845	0.02526	0.55683	0.05468	0.22236	0.01480	0.00807	0.00219	0.00329	0.01287	0.00724	0.00629
3	0.02489	0.01433	0.01703	0.01286	0.01842	0.01361	0.01056	0.25352	0.02248	0.31301	0.01962	0.01864	0.01340	0.00751	0.00641	0.00181	0.00621	0.00591	0.00679	0.21299
4	0.00940	0.00683	0.00906	0.01030	0.01142	0.00649	0.00793	0.01153	0.01485	0.01953	0.10041	0.38239	0.10858	0.01947	0.00887	0.00281	0.00469	0.25305	0.00644	0.00593
5	0.01815	0.21029	0.35996	0.01709	0.02432	0.21994	0.01861	0.02297	0.01570	0.01894	0.01113	0.01301	0.00873	0.00650	0.00590	0.00188	0.01006	0.00454	0.00308	0.00918
6	0.01909	0.01423	0.01553	0.01366	0.01774	0.01596	0.01071	0.03590	0.60064	0.13373	0.02772	0.02519	0.02029	0.00916	0.00695	0.00229	0.00548	0.00761	0.00719	0.01095
7	0.01657	0.01792	0.02037	0.36300	0.03261	0.19098	0.01646	0.01958	0.01417	0.01702	0.01088	0.01589	0.00901	0.00833	0.01107	0.00235	0.21736	0.00565	0.00314	0.00765

[dist]
# distance from previous block
# <min> <max>
6	12

[block]
# block no. 7 follows, 31 sequences, length 15
# corresponding to MSA columns:
# 388-402
name=unknown_H
#
# <colnr> <probs for GDERKNQSTAVLIFYWHMCP>
#	G	D	E	R	K	N	Q	S	T	A	V	L	I	F	Y	W	H	M	C	P
0	0.01177	0.09935	0.01273	0.00916	0.01147	0.00914	0.00727	0.01484	0.01871	0.06033	0.59371	0.04484	0.05541	0.01272	0.00756	0.00207	0.00385	0.01104	0.00702	0.00699
1	0.01342	0.00833	0.01162	0.01255	0.01457	0.00814	0.01091	0.01651	0.01622	0.10584	0.03510	0.07061	0.03664	0.01763	0.00914	0.00302	0.00624	0.59000	0.00656	0.00695
2	0.02601	0.01916	0.02053	0.01574	0.02122	0.02122	0.01300	0.69408	0.03217	0.04312	0.01643	0.01643	0.01163	0.00821	0.00684	0.00205	0.00753	0.00616	0.00684	0.01163
3	0.01874	0.01555	0.01644	0.01427	0.01845	0.01782	0.01125	0.16253	0.57554	0.03140	0.02565	0.02378	0.01911	0.00908	0.00694	0.00227	0.00582	0.00743	0.00694	0.01098
4	0.01802	0.71986	0.07726	0.01218	0.01828	0.02640	0.01252	0.02056	0.01393	0.01643	0.00968	0.01118	0.00877	0.00589	0.00452	0.00151	0.00748	0.00374	0.00292	0.00886
5	0.02601	0.01916	0.02053	0.01574	0.02122	0.02122	0.01300	0.69408	0.03217	0.04312	0.01643	0.01643	0.01163	0.00821	0.00684	0.00205	0.00753	0.00616	0.00684	0.01163
6	0.02601	0.01916	0.02053	0.01574	0.02122	0.02122	0.01300	0.69408	0.03217	0.04312	0.01643	0.01643	0.01163	0.00821	0.00684	0.00205	0.00753	0.00616	0.00684	0.01163
7	0.02601	0.01916	0.02053	0.01574	0.02122	0.02122	0.01300	0.69408	0.03217	0.04312	0.01643	0.01643	0.01163	0.00821	0.00684	0.00205	0.00753	0.00616	0.00684	0.01163
8	0.02601	0.01916	0.02053	0.01574	0.02122	0.02122	0.01300	0.69408	0.03217	0.04312	0.01643	0.01643	0.01163	0.00821	0.00684	0.00205	0.00753	0.00616	0.00684	0.01163
9	0.02601	0.01916	0.02053	0.01574	0.02122	0.02122	0.01300	0.69408	0.03217	0.04312	0.01643	0.01643	0.01163	0.00821	0.00684	0.00205	0.00753	0.00616	0.00684	0.01163
10	0.02601	0.01916	0.02053	0.01574	0.02122	0.02122	0.01300	0.69408	0.03217	0.04312	0.01643	0.01643	0.01163	0.00821	0.00684	0.00205	0.00753	0.00616	0.00684	0.01163
11	0.02601	0.01916	0.02053	0.01574	0.02122	0.02122	0.01300	0.69408	0.03217	0.04312	0.01643	0.01643	0.01163	0.00821	0.00684	0.00205	0.00753	0.00616	0.00684	0.01163
12	0.01829	0.76368	0.03585	0.01171	0.01756	0.02707	0.01171	0.02049	0.01390	0.01610	0.00951	0.01097	0.00878	0.00585	0.00439	0.00146	0.00732	0.00366	0.00293	0.00878
13	0.02601	0.01916	0.02053	0.01574	0.02122	0.02122	0.01300	0.69408	0.03217	0.04312	0.01643	0.01643	0.01163	0.00821	0.00684	0.00205	0.00753	0.00616	0.00684	0.01163
14	0.01615	0.01845	0.04037	0.02884	0.03576	0.01730	0.69204	0.02191	0.01615	0.02191	0.01384	0.01845	0.01038	0.00577	0.00807	0.00231	0.01153	0.00807	0.00346	0.00923

[dist]
# distance from previous block
# <min> <max>
0	0

# created by:
# /home/cegg/simao/soft/augustus-3.2.1/scripts/msa2prfl.pl ./align_prep/EOG090W0DYP.fa
