[name]
unknown

[dist]
# distance from previous block
# <min> <max>
0	75

[block]
# block no. 0 follows, 36 sequences, length 58
# corresponding to MSA columns:
# 80-123,125-129,132-140
name=unknown_A
#
# <colnr> <probs for GDERKNQSTAVLIFYWHMCP>
#	G	D	E	R	K	N	Q	S	T	A	V	L	I	F	Y	W	H	M	C	P
0	0.04555	0.04634	0.01709	0.01402	0.04186	0.11546	0.01102	0.33394	0.09006	0.09633	0.04470	0.02030	0.01475	0.00802	0.00616	0.00189	0.00679	0.05107	0.00559	0.02908
1	0.16100	0.06457	0.01723	0.01411	0.04160	0.18890	0.07073	0.07785	0.11780	0.04908	0.07698	0.01933	0.01552	0.00746	0.00579	0.00187	0.00708	0.03248	0.00456	0.02607
2	0.00803	0.00645	0.00716	0.00746	0.00903	0.00584	0.00536	0.01040	0.05345	0.01746	0.09611	0.26094	0.43098	0.04210	0.00830	0.00235	0.00347	0.01385	0.00582	0.00545
3	0.00857	0.00636	0.00799	0.00758	0.00916	0.00577	0.00569	0.01128	0.01706	0.02361	0.62499	0.04880	0.17354	0.01325	0.00735	0.00198	0.00298	0.01159	0.00668	0.00577
4	0.01471	0.01681	0.03676	0.02626	0.03256	0.01576	0.71954	0.01996	0.01471	0.01996	0.01261	0.01681	0.00945	0.00525	0.00735	0.00210	0.01050	0.00735	0.00315	0.00840
5	0.00890	0.00668	0.01001	0.01001	0.01113	0.00779	0.00779	0.01113	0.01001	0.01446	0.01669	0.02448	0.01558	0.04673	0.75634	0.01001	0.01669	0.00668	0.00334	0.00556
6	0.00834	0.00632	0.00769	0.00742	0.00903	0.00566	0.00553	0.01080	0.01639	0.02221	0.51052	0.07881	0.26070	0.01391	0.00738	0.00202	0.00303	0.01208	0.00650	0.00566
7	0.00824	0.00614	0.00767	0.00772	0.00907	0.00557	0.00563	0.01049	0.01564	0.02126	0.44151	0.21654	0.19178	0.01490	0.00749	0.00212	0.00314	0.01312	0.00640	0.00557
8	0.00841	0.00619	0.00788	0.00780	0.00915	0.00565	0.00572	0.01085	0.01617	0.02231	0.52623	0.18062	0.14119	0.01435	0.00746	0.00208	0.00309	0.01267	0.00653	0.00565
9	0.01177	0.01107	0.01869	0.76606	0.04291	0.01384	0.01730	0.01592	0.01246	0.01592	0.01107	0.01661	0.00831	0.00623	0.00623	0.00208	0.00831	0.00554	0.00277	0.00692
10	0.36837	0.01409	0.01574	0.01547	0.12944	0.01533	0.02997	0.22878	0.01747	0.09226	0.01251	0.01354	0.00921	0.00640	0.00523	0.00190	0.00603	0.00474	0.00476	0.00876
11	0.01666	0.78478	0.03265	0.01066	0.01599	0.02465	0.01066	0.01866	0.01266	0.01466	0.00866	0.00999	0.00800	0.00533	0.00400	0.00133	0.00666	0.00333	0.00267	0.00800
12	0.00759	0.00542	0.00723	0.00868	0.00904	0.00506	0.00578	0.00868	0.01193	0.01591	0.03434	0.77697	0.04121	0.01952	0.00795	0.00253	0.00361	0.01771	0.00578	0.00506
13	0.00989	0.00763	0.01034	0.08842	0.05399	0.00769	0.00824	0.04172	0.01366	0.03555	0.05360	0.39590	0.16788	0.01536	0.00774	0.00233	0.02149	0.04720	0.00535	0.00603
14	0.04058	0.01600	0.02164	0.07485	0.41789	0.06766	0.01591	0.17123	0.07008	0.02442	0.01314	0.01553	0.01038	0.00629	0.00609	0.00187	0.00736	0.00550	0.00401	0.00956
15	0.01706	0.05524	0.13778	0.01387	0.05380	0.01367	0.01209	0.13331	0.16238	0.14324	0.11258	0.02345	0.05610	0.00844	0.00668	0.00196	0.02694	0.00683	0.00551	0.00906
16	0.00813	0.00579	0.00777	0.00917	0.00973	0.00551	0.00656	0.00953	0.01231	0.01632	0.03359	0.61257	0.03954	0.04397	0.00886	0.00271	0.00412	0.15294	0.00571	0.00515
17	0.27342	0.03712	0.04924	0.02172	0.28088	0.14911	0.02871	0.05448	0.01435	0.02259	0.01046	0.01276	0.00844	0.00588	0.00530	0.00183	0.00738	0.00453	0.00348	0.00833
18	0.01082	0.00541	0.00812	0.00812	0.00812	0.00541	0.00541	0.00812	0.00812	0.01082	0.01082	0.01894	0.01082	0.02165	0.02435	0.81872	0.00541	0.00541	0.00271	0.00271
19	0.01404	0.01179	0.01351	0.00990	0.01526	0.00974	0.00794	0.07923	0.06018	0.02235	0.01233	0.01376	0.00997	0.00511	0.00487	0.00108	0.00483	0.00408	0.00409	0.69595
20	0.00890	0.00622	0.00786	0.00805	0.00933	0.00571	0.00582	0.01084	0.01458	0.04584	0.30303	0.28415	0.16865	0.04613	0.02878	0.00256	0.00383	0.02802	0.00611	0.00558
21	0.82504	0.01205	0.00916	0.00819	0.01205	0.01398	0.00675	0.01832	0.01060	0.02795	0.00868	0.01012	0.00675	0.00578	0.00386	0.00193	0.00482	0.00337	0.00386	0.00675
22	0.02772	0.01099	0.01470	0.01127	0.01610	0.00972	0.00931	0.06887	0.01847	0.70707	0.02404	0.02086	0.01515	0.00770	0.00626	0.00192	0.00539	0.00623	0.00763	0.01060
23	0.00836	0.00618	0.00781	0.00777	0.00912	0.00563	0.00569	0.01074	0.01602	0.02201	0.50135	0.18960	0.15765	0.01450	0.00747	0.00209	0.00310	0.01279	0.00649	0.00563
24	0.00756	0.00632	0.00658	0.00652	0.00854	0.00534	0.00489	0.00932	0.01466	0.01793	0.15408	0.05816	0.64799	0.01537	0.00736	0.00208	0.00313	0.01290	0.00593	0.00534
25	0.02795	0.01060	0.01446	0.01109	0.01591	0.00916	0.00916	0.03036	0.01783	0.74648	0.02458	0.02121	0.01542	0.00771	0.00627	0.00193	0.00530	0.00627	0.00771	0.01060
26	0.01471	0.01681	0.03676	0.02626	0.03256	0.01576	0.71954	0.01996	0.01471	0.01996	0.01261	0.01681	0.00945	0.00525	0.00735	0.00210	0.01050	0.00735	0.00315	0.00840
27	0.02558	0.01035	0.01356	0.01057	0.01496	0.00928	0.00868	0.06616	0.01784	0.61307	0.02350	0.02113	0.01523	0.00764	0.00601	0.00186	0.00507	0.00617	0.11337	0.00998
28	0.01161	0.00581	0.00581	0.00581	0.00726	0.00581	0.00436	0.01452	0.01307	0.02323	0.02033	0.02323	0.01597	0.00726	0.00436	0.00145	0.00290	0.00581	0.81562	0.00581
29	0.01363	0.01363	0.01908	0.01636	0.01636	0.01908	0.01363	0.01499	0.00954	0.01499	0.00818	0.01363	0.00818	0.01091	0.02045	0.00273	0.76963	0.00545	0.00273	0.00682
30	0.05889	0.01066	0.01425	0.01097	0.01576	0.00934	0.00906	0.02990	0.01755	0.71859	0.02396	0.02078	0.01509	0.00764	0.00617	0.00193	0.00528	0.00615	0.00756	0.01045
31	0.01591	0.01015	0.01090	0.00937	0.01220	0.01082	0.00740	0.19998	0.11772	0.06502	0.06905	0.02259	0.01791	0.00788	0.00542	0.00171	0.00433	0.00633	0.39744	0.00786
32	0.01912	0.01256	0.01412	0.01191	0.01573	0.01353	0.00948	0.14388	0.36602	0.19522	0.06663	0.02282	0.01904	0.00831	0.00626	0.00198	0.00510	0.00681	0.05177	0.00969
33	0.02795	0.01060	0.01446	0.01109	0.01591	0.00916	0.00916	0.03036	0.01783	0.74648	0.02458	0.02121	0.01542	0.00771	0.00627	0.00193	0.00530	0.00627	0.00771	0.01060
34	0.01070	0.00696	0.00889	0.00814	0.01005	0.00640	0.00620	0.01387	0.03701	0.09307	0.59057	0.04469	0.11456	0.01241	0.00722	0.00197	0.00324	0.01084	0.00683	0.00638
35	0.01245	0.01099	0.01118	0.01080	0.01330	0.05919	0.00838	0.02128	0.33027	0.02125	0.06014	0.11702	0.17545	0.01243	0.00704	0.00222	0.00488	0.10836	0.00589	0.00749
36	0.01371	0.01475	0.06656	0.01619	0.01698	0.01844	0.01401	0.03634	0.01038	0.01602	0.00884	0.01397	0.00846	0.01158	0.04165	0.00287	0.67391	0.00544	0.00284	0.00705
37	0.00884	0.00631	0.00796	0.00890	0.00989	0.00601	0.00631	0.01117	0.05692	0.03873	0.03700	0.56665	0.12617	0.01785	0.00778	0.00246	0.00384	0.06575	0.00587	0.00560
38	0.01075	0.00879	0.00986	0.00937	0.00997	0.04895	0.00648	0.01255	0.05700	0.01393	0.01761	0.03196	0.01868	0.46786	0.15669	0.00587	0.09712	0.00781	0.00371	0.00503
39	0.01288	0.01041	0.01576	0.05619	0.10633	0.01223	0.03078	0.03441	0.01198	0.06745	0.03577	0.02032	0.01370	0.02499	0.33261	0.00560	0.19163	0.00628	0.00361	0.00705
40	0.01800	0.41186	0.14446	0.01371	0.01916	0.20093	0.02899	0.06547	0.01507	0.01732	0.00980	0.01128	0.00819	0.00583	0.00492	0.00155	0.00829	0.00394	0.00303	0.00818
41	0.01712	0.73455	0.03174	0.01090	0.01621	0.02430	0.01074	0.06466	0.01375	0.01627	0.00907	0.01032	0.00817	0.00547	0.00414	0.00137	0.00668	0.00348	0.00290	0.00817
42	0.01464	0.02258	0.37021	0.01565	0.02251	0.03428	0.08197	0.08463	0.03082	0.05935	0.03213	0.03393	0.03121	0.00671	0.00602	0.00182	0.00771	0.00563	0.00380	0.13438
43	0.01512	0.08787	0.05579	0.01424	0.01667	0.14519	0.04629	0.03491	0.01318	0.03957	0.05211	0.01941	0.05493	0.03221	0.08195	0.00297	0.27090	0.00604	0.00355	0.00708
44	0.01479	0.01259	0.01354	0.01244	0.01571	0.01443	0.00978	0.03057	0.64178	0.02529	0.04312	0.02854	0.02166	0.00944	0.00659	0.00219	0.00496	0.07693	0.00629	0.00935
45	0.01392	0.01360	0.02581	0.05943	0.23271	0.01307	0.31411	0.01790	0.01462	0.04788	0.06508	0.04536	0.09221	0.00750	0.00694	0.00202	0.00783	0.00788	0.00389	0.00825
46	0.01820	0.05301	0.22198	0.01649	0.03844	0.03001	0.14962	0.02317	0.04838	0.25093	0.03738	0.03839	0.01407	0.00726	0.00639	0.00198	0.00751	0.02281	0.00481	0.00916
47	0.00890	0.00668	0.01001	0.01001	0.01113	0.00779	0.00779	0.01113	0.01001	0.01446	0.01669	0.02448	0.01558	0.04673	0.75634	0.01001	0.01669	0.00668	0.00334	0.00556
48	0.00763	0.00545	0.00726	0.00865	0.00905	0.00509	0.00579	0.00877	0.01211	0.01619	0.05645	0.75405	0.04176	0.01931	0.00793	0.00251	0.00359	0.01751	0.00582	0.00509
49	0.02025	0.05923	0.04964	0.02241	0.26094	0.13446	0.04791	0.11770	0.03685	0.16801	0.01463	0.01574	0.01084	0.00645	0.00604	0.00182	0.00764	0.00542	0.00451	0.00949
50	0.01690	0.64145	0.07796	0.01265	0.04510	0.08585	0.01191	0.01927	0.01318	0.01526	0.00903	0.01052	0.00806	0.00547	0.00435	0.00142	0.00725	0.00356	0.00273	0.00808
51	0.00774	0.00559	0.00736	0.00871	0.00925	0.00521	0.00600	0.00897	0.01223	0.01614	0.03604	0.68610	0.08431	0.01914	0.00796	0.00253	0.00373	0.06210	0.00578	0.00512
52	0.01709	0.69395	0.05556	0.01137	0.01665	0.08765	0.01120	0.01923	0.01311	0.01488	0.00883	0.01021	0.00799	0.00544	0.00420	0.00138	0.00715	0.00343	0.00271	0.00797
53	0.02351	0.02624	0.01781	0.01550	0.01918	0.55974	0.01191	0.19050	0.02043	0.04178	0.01132	0.01240	0.00885	0.00671	0.00578	0.00168	0.01003	0.00446	0.00406	0.00812
54	0.01004	0.00717	0.01004	0.01147	0.01291	0.00717	0.01004	0.01291	0.01434	0.01865	0.03299	0.07028	0.03586	0.01721	0.00861	0.00287	0.00574	0.70023	0.00574	0.00574
55	0.01346	0.01339	0.01905	0.08608	0.01883	0.01860	0.01397	0.01508	0.00981	0.01508	0.00845	0.01391	0.00819	0.01047	0.01912	0.00267	0.69883	0.00546	0.00273	0.00683
56	0.01542	0.01480	0.02529	0.03824	0.74217	0.01480	0.01912	0.01912	0.01419	0.02036	0.01172	0.01542	0.00987	0.00555	0.00617	0.00185	0.00740	0.00555	0.00308	0.00987
57	0.00877	0.00632	0.00785	0.00746	0.00903	0.00578	0.00560	0.01149	0.01680	0.02359	0.58534	0.04713	0.16330	0.01286	0.00716	0.00195	0.00297	0.01121	0.05963	0.00578

[dist]
# distance from previous block
# <min> <max>
0	3

[block]
# block no. 1 follows, 36 sequences, length 56
# corresponding to MSA columns:
# 144-199
name=unknown_B
#
# <colnr> <probs for GDERKNQSTAVLIFYWHMCP>
#	G	D	E	R	K	N	Q	S	T	A	V	L	I	F	Y	W	H	M	C	P
0	0.02002	0.00889	0.01168	0.00954	0.01311	0.00774	0.00766	0.02243	0.01723	0.45431	0.20944	0.03347	0.13685	0.01020	0.00670	0.00196	0.00438	0.00857	0.00720	0.00860
1	0.06453	0.03692	0.05961	0.01440	0.12012	0.02656	0.01047	0.03499	0.04393	0.06192	0.01237	0.01395	0.00982	0.00536	0.00507	0.00134	0.00561	0.00432	0.00391	0.46480
2	0.04293	0.55333	0.02793	0.01190	0.01677	0.15537	0.01090	0.08598	0.01506	0.01749	0.00943	0.01069	0.00821	0.00574	0.00450	0.00145	0.00745	0.00367	0.00314	0.00806
3	0.01258	0.07234	0.62460	0.01759	0.04416	0.01453	0.04087	0.01900	0.01312	0.01924	0.01248	0.05900	0.00999	0.00667	0.00598	0.00197	0.00872	0.00542	0.00285	0.00888
4	0.03479	0.05296	0.26578	0.01571	0.05587	0.10086	0.01507	0.09764	0.09877	0.17817	0.01578	0.01593	0.01117	0.00677	0.00593	0.00189	0.00759	0.00525	0.00464	0.00943
5	0.04192	0.04100	0.01687	0.01267	0.01727	0.01556	0.01045	0.41200	0.06181	0.22330	0.06810	0.01897	0.01550	0.00784	0.00619	0.00189	0.00602	0.00612	0.00649	0.01005
6	0.00756	0.00553	0.00712	0.00840	0.00896	0.00508	0.00566	0.00871	0.01220	0.01601	0.03772	0.69269	0.12330	0.01908	0.00788	0.00248	0.00356	0.01718	0.00578	0.00508
7	0.01405	0.01659	0.10056	0.11481	0.13430	0.14960	0.03795	0.01776	0.03587	0.01855	0.08261	0.06312	0.05504	0.00900	0.00736	0.00204	0.05465	0.05517	0.02354	0.00745
8	0.01695	0.09115	0.11465	0.02253	0.24313	0.13760	0.06555	0.03776	0.14829	0.04133	0.01406	0.01565	0.01099	0.00634	0.00596	0.00185	0.00788	0.00540	0.00382	0.00911
9	0.00771	0.00552	0.00734	0.00859	0.00906	0.00514	0.00579	0.00898	0.01249	0.01680	0.10398	0.70477	0.04295	0.01885	0.00789	0.00247	0.00355	0.01708	0.00589	0.00514
10	0.03850	0.03345	0.03396	0.02936	0.08942	0.01412	0.01111	0.21218	0.06823	0.16815	0.03890	0.01851	0.01375	0.00771	0.00732	0.00192	0.08239	0.00588	0.11612	0.00903
11	0.01652	0.10935	0.17857	0.01727	0.11040	0.05291	0.04707	0.09423	0.06087	0.09872	0.01650	0.09343	0.01417	0.00818	0.00667	0.00197	0.03439	0.02573	0.00431	0.00875
12	0.01585	0.01459	0.02149	0.02730	0.41531	0.03733	0.05148	0.09257	0.13874	0.02315	0.05821	0.01885	0.01457	0.00816	0.03310	0.00220	0.00726	0.00624	0.00421	0.00939
13	0.00759	0.00542	0.00723	0.00868	0.00904	0.00506	0.00578	0.00868	0.01193	0.01591	0.03434	0.77697	0.04121	0.01952	0.00795	0.00253	0.00361	0.01771	0.00578	0.00506
14	0.01549	0.16827	0.12629	0.02306	0.27698	0.01681	0.06228	0.07489	0.07561	0.02100	0.02856	0.01727	0.01192	0.00661	0.00624	0.00186	0.02483	0.02931	0.00363	0.00907
15	0.01344	0.08932	0.51368	0.01826	0.05092	0.04173	0.09458	0.01973	0.03194	0.01921	0.01240	0.04465	0.00979	0.00642	0.00601	0.00194	0.00881	0.00540	0.00295	0.00882
16	0.09485	0.14212	0.04552	0.01465	0.03688	0.38086	0.01177	0.04201	0.01569	0.08529	0.01093	0.01234	0.00872	0.00665	0.00645	0.00174	0.06782	0.00428	0.00363	0.00782
17	0.24393	0.15413	0.10550	0.01409	0.06112	0.14950	0.01199	0.07235	0.01445	0.05905	0.01059	0.01212	0.00834	0.00635	0.00588	0.00181	0.05294	0.00420	0.00365	0.00802
18	0.00763	0.00632	0.00668	0.00659	0.00858	0.00537	0.00494	0.00945	0.01482	0.01831	0.18548	0.05753	0.61636	0.01523	0.00736	0.00208	0.00312	0.01281	0.00598	0.00537
19	0.04227	0.14682	0.02235	0.04173	0.25114	0.01518	0.06759	0.07256	0.01464	0.05717	0.01478	0.09426	0.01356	0.00774	0.00664	0.00188	0.04212	0.02650	0.00389	0.05718
20	0.01335	0.01322	0.01855	0.01598	0.01605	0.01842	0.01329	0.01477	0.00957	0.01496	0.00868	0.01427	0.00861	0.01301	0.06377	0.00316	0.72530	0.00552	0.00276	0.00674
21	0.01542	0.01480	0.02529	0.03824	0.74217	0.01480	0.01912	0.01912	0.01419	0.02036	0.01172	0.01542	0.00987	0.00555	0.00617	0.00185	0.00740	0.00555	0.00308	0.00987
22	0.00792	0.00566	0.00758	0.00888	0.00943	0.00533	0.00620	0.00931	0.01259	0.01685	0.08663	0.65431	0.04200	0.01879	0.00797	0.00252	0.00377	0.08321	0.00586	0.00519
23	0.01082	0.00541	0.00812	0.00812	0.00812	0.00541	0.00541	0.00812	0.00812	0.01082	0.01082	0.01894	0.01082	0.02165	0.02435	0.81872	0.00541	0.00541	0.00271	0.00271
24	0.00772	0.00640	0.00680	0.00690	0.00890	0.00548	0.00531	0.00951	0.01445	0.01755	0.10587	0.06003	0.62714	0.01571	0.00748	0.00217	0.00339	0.07800	0.00585	0.00535
25	0.01250	0.03223	0.74875	0.01776	0.02697	0.01447	0.02302	0.01973	0.01315	0.01973	0.01118	0.01315	0.00789	0.00592	0.00592	0.00197	0.00921	0.00460	0.00263	0.00921
26	0.01473	0.01675	0.03641	0.02663	0.05421	0.01573	0.69817	0.01993	0.01469	0.01997	0.01258	0.01676	0.00947	0.00526	0.00732	0.00209	0.01041	0.00730	0.00315	0.00845
27	0.01292	0.01107	0.01292	0.00923	0.01477	0.00831	0.00738	0.01569	0.01292	0.02030	0.01107	0.01292	0.00923	0.00461	0.00461	0.00092	0.00461	0.00369	0.00369	0.81912
28	0.01265	0.05927	0.72302	0.01750	0.02657	0.01484	0.02258	0.01969	0.01314	0.01955	0.01109	0.01304	0.00790	0.00590	0.00585	0.00195	0.00912	0.00456	0.00263	0.00916
29	0.02301	0.06043	0.01827	0.01583	0.01913	0.72625	0.01198	0.02463	0.01745	0.01522	0.00959	0.01119	0.00802	0.00638	0.00555	0.00159	0.01105	0.00399	0.00319	0.00725
30	0.00790	0.00634	0.00699	0.00693	0.00870	0.00559	0.00515	0.00969	0.01434	0.01803	0.18884	0.05486	0.50718	0.07255	0.03800	0.00269	0.00392	0.03127	0.00575	0.00530
31	0.01679	0.01112	0.01343	0.00980	0.01515	0.00878	0.00792	0.03634	0.01450	0.19485	0.01441	0.01496	0.01075	0.00543	0.00505	0.00119	0.00483	0.00436	0.00472	0.60567
32	0.01550	0.01338	0.01409	0.01268	0.01620	0.01550	0.00986	0.03311	0.73091	0.02606	0.02536	0.02325	0.01902	0.00845	0.00634	0.00211	0.00493	0.00704	0.00634	0.00986
33	0.01161	0.00581	0.00581	0.00581	0.00726	0.00581	0.00436	0.01452	0.01307	0.02323	0.02033	0.02323	0.01597	0.00726	0.00436	0.00145	0.00290	0.00581	0.81562	0.00581
34	0.00766	0.00569	0.00715	0.00812	0.00894	0.00518	0.00558	0.00901	0.01291	0.01692	0.10429	0.56645	0.18307	0.01815	0.00778	0.00239	0.00346	0.01621	0.00588	0.00518
35	0.01734	0.00826	0.01100	0.00924	0.01223	0.00733	0.00731	0.01999	0.01760	0.34792	0.39476	0.03567	0.06366	0.01059	0.00686	0.00195	0.00401	0.00909	0.00720	0.00797
36	0.01237	0.00870	0.01011	0.00938	0.01176	0.00874	0.00713	0.03443	0.19879	0.09671	0.23085	0.14506	0.17578	0.01259	0.00704	0.00210	0.00392	0.01085	0.00643	0.00725
37	0.01617	0.01455	0.02464	0.03661	0.69856	0.01446	0.01852	0.01980	0.01441	0.06396	0.01249	0.01577	0.01020	0.00568	0.00617	0.00186	0.00728	0.00559	0.00336	0.00991
38	0.01292	0.01107	0.01292	0.00923	0.01477	0.00831	0.00738	0.01569	0.01292	0.02030	0.01107	0.01292	0.00923	0.00461	0.00461	0.00092	0.00461	0.00369	0.00369	0.81912
39	0.01040	0.00861	0.01095	0.01063	0.01193	0.05339	0.00825	0.03544	0.01107	0.01528	0.01603	0.02345	0.01491	0.06049	0.64598	0.00892	0.03852	0.00650	0.00342	0.00582
40	0.01315	0.01174	0.05661	0.00972	0.01493	0.00841	0.00824	0.01610	0.01346	0.05765	0.06255	0.05012	0.01429	0.00608	0.00511	0.00118	0.00477	0.00503	0.00414	0.63673
41	0.01542	0.01480	0.02529	0.03824	0.74217	0.01480	0.01912	0.01912	0.01419	0.02036	0.01172	0.01542	0.00987	0.00555	0.00617	0.00185	0.00740	0.00555	0.00308	0.00987
42	0.01571	0.25509	0.35227	0.01593	0.02296	0.05122	0.08106	0.10026	0.01520	0.02027	0.01092	0.01266	0.00838	0.00588	0.00550	0.00176	0.00838	0.00456	0.00313	0.00884
43	0.01416	0.10431	0.37363	0.04134	0.13292	0.05240	0.05962	0.03645	0.04326	0.01968	0.02898	0.04186	0.01117	0.00658	0.00596	0.00190	0.00825	0.00552	0.00321	0.00880
44	0.00860	0.00636	0.00802	0.00761	0.00917	0.00579	0.00571	0.01133	0.01712	0.02376	0.63696	0.04857	0.16148	0.01320	0.00735	0.00198	0.00297	0.01155	0.00670	0.00579
45	0.01447	0.01697	0.07524	0.02536	0.10679	0.01614	0.48064	0.01900	0.01367	0.01914	0.01167	0.01589	0.00919	0.00629	0.00938	0.00217	0.13993	0.00667	0.00304	0.00834
46	0.01729	0.03919	0.02312	0.07402	0.44064	0.04606	0.03485	0.18124	0.01769	0.02401	0.01291	0.01673	0.01058	0.00641	0.00620	0.00188	0.00750	0.02629	0.00387	0.00953
47	0.00894	0.00654	0.00931	0.00931	0.01017	0.00740	0.00690	0.01067	0.00980	0.01394	0.01734	0.02806	0.01713	0.20837	0.59683	0.00914	0.01434	0.00720	0.00343	0.00517
48	0.00896	0.00610	0.00718	0.00710	0.00746	0.00597	0.00434	0.00970	0.01121	0.01529	0.19330	0.06239	0.03187	0.57502	0.02519	0.00496	0.00523	0.00983	0.00457	0.00432
49	0.07445	0.01447	0.02388	0.06115	0.66470	0.01471	0.01815	0.01895	0.01387	0.02076	0.01148	0.01507	0.00959	0.00559	0.00600	0.00186	0.00724	0.00539	0.00313	0.00954
50	0.03360	0.06231	0.02402	0.03159	0.53999	0.08797	0.01711	0.01923	0.01389	0.01915	0.01091	0.01439	0.00934	0.00616	0.00736	0.00188	0.08369	0.00521	0.00305	0.00913
51	0.00852	0.00592	0.00758	0.00816	0.00857	0.00599	0.00539	0.00948	0.01051	0.01440	0.02490	0.32934	0.02841	0.30920	0.16661	0.00531	0.00712	0.01192	0.02796	0.00470
52	0.01539	0.01488	0.02573	0.03778	0.71487	0.01484	0.04607	0.01915	0.01421	0.02034	0.01175	0.01547	0.00985	0.00554	0.00621	0.00186	0.00752	0.00562	0.00309	0.00981
53	0.00759	0.00542	0.00723	0.00868	0.00904	0.00506	0.00578	0.00868	0.01193	0.01591	0.03434	0.77697	0.04121	0.01952	0.00795	0.00253	0.00361	0.01771	0.00578	0.00506
54	0.00857	0.00592	0.00736	0.00789	0.00816	0.00592	0.00503	0.00924	0.01027	0.01379	0.02467	0.29027	0.02856	0.42655	0.09817	0.00518	0.00631	0.02922	0.00446	0.00445
55	0.01552	0.01475	0.02496	0.08063	0.65023	0.01496	0.03898	0.04754	0.01471	0.02085	0.01184	0.01551	0.00979	0.00566	0.00621	0.00187	0.00752	0.00561	0.00320	0.00968

[dist]
# distance from previous block
# <min> <max>
0	8

# created by:
# /home/cegg/simao/soft/augustus-3.2.1/scripts/msa2prfl.pl ./align_prep/EOG090W0KKV.fa
