[name]
unknown

[dist]
# distance from previous block
# <min> <max>
0	1127

[block]
# block no. 0 follows, 28 sequences, length 23
# corresponding to MSA columns:
# 1336-1358
name=unknown_A
#
# <colnr> <probs for GDERKNQSTAVLIFYWHMCP>
#	G	D	E	R	K	N	Q	S	T	A	V	L	I	F	Y	W	H	M	C	P
0	0.01052	0.00751	0.01034	0.01202	0.01317	0.00733	0.00963	0.01299	0.01555	0.02041	0.03915	0.35789	0.04445	0.02121	0.00972	0.00318	0.00565	0.38620	0.00672	0.00636
1	0.01758	0.47716	0.29360	0.01560	0.02355	0.02422	0.01795	0.02225	0.01499	0.01936	0.01123	0.01307	0.00928	0.00648	0.00552	0.00184	0.00891	0.00445	0.00309	0.00987
2	0.02167	0.02029	0.20513	0.01886	0.02567	0.01385	0.17866	0.02650	0.01737	0.28173	0.02046	0.02340	0.01483	0.08558	0.01066	0.00282	0.00899	0.00746	0.00562	0.01046
3	0.01925	0.01535	0.01647	0.01464	0.01887	0.01748	0.01144	0.03837	0.63244	0.08472	0.02951	0.02693	0.02185	0.00979	0.00739	0.00245	0.00579	0.00815	0.00753	0.01158
4	0.02763	0.02036	0.02182	0.01672	0.02254	0.02254	0.01382	0.67496	0.03418	0.04581	0.01745	0.01745	0.01236	0.00873	0.00727	0.00218	0.00800	0.00654	0.00727	0.01236
5	0.02412	0.02277	0.02018	0.01700	0.02132	0.21392	0.01349	0.28102	0.19025	0.03177	0.01806	0.01851	0.01373	0.00901	0.00853	0.00225	0.07100	0.00643	0.00597	0.01068
6	0.01858	0.02408	0.14961	0.02012	0.02373	0.15594	0.07050	0.05640	0.01547	0.02055	0.01136	0.01564	0.00972	0.00989	0.01524	0.00265	0.36200	0.00604	0.00353	0.00894
7	0.00909	0.00649	0.00870	0.01039	0.01091	0.00610	0.00715	0.01052	0.01414	0.01881	0.03994	0.68667	0.04757	0.02256	0.00934	0.00298	0.00442	0.07151	0.00674	0.00597
8	0.00886	0.00633	0.00843	0.01012	0.01054	0.00590	0.00675	0.01012	0.01392	0.01856	0.04006	0.73979	0.04808	0.02277	0.00928	0.00295	0.00422	0.02066	0.00675	0.00590
9	0.21170	0.43285	0.06659	0.05071	0.02134	0.02356	0.06419	0.02169	0.01438	0.02183	0.01077	0.01292	0.00911	0.00643	0.00518	0.00188	0.00785	0.00448	0.00350	0.00901
10	0.01474	0.01412	0.02441	0.55693	0.17686	0.01649	0.05450	0.01955	0.01507	0.01983	0.01316	0.01912	0.01012	0.00705	0.00732	0.00237	0.00962	0.00657	0.00333	0.00884
11	0.00872	0.00685	0.00789	0.00872	0.01018	0.00602	0.00613	0.01028	0.01526	0.01910	0.05711	0.39965	0.37722	0.02056	0.00893	0.00270	0.00395	0.01796	0.00675	0.00602
12	0.01579	0.01521	0.02458	0.01756	0.02432	0.01266	0.23563	0.02001	0.01579	0.02355	0.01353	0.01662	0.01086	0.00564	0.00648	0.00155	0.00773	0.00577	0.00409	0.52265
13	0.02573	0.01183	0.01546	0.01190	0.01714	0.00996	0.00962	0.02859	0.01912	0.46118	0.08830	0.02620	0.02148	0.03553	0.00808	0.00216	0.00577	0.00731	0.00768	0.18697
14	0.01808	0.01561	0.01644	0.01479	0.01890	0.01808	0.01151	0.03863	0.68606	0.03041	0.02959	0.02712	0.02219	0.00986	0.00740	0.00247	0.00575	0.00822	0.00740	0.01151
15	0.01373	0.01292	0.02180	0.72707	0.05006	0.01615	0.02019	0.01857	0.01453	0.01857	0.01292	0.01938	0.00969	0.00727	0.00727	0.00242	0.00969	0.00646	0.00323	0.00807
16	0.02176	0.01687	0.01808	0.01528	0.01998	0.01903	0.01216	0.23067	0.45301	0.07166	0.02587	0.02407	0.01899	0.00947	0.00735	0.00237	0.00645	0.00766	0.00745	0.01181
17	0.01507	0.01292	0.01507	0.01077	0.01723	0.00969	0.00861	0.01830	0.01507	0.02369	0.01292	0.01507	0.01077	0.00538	0.00538	0.00108	0.00538	0.00431	0.00431	0.78898
18	0.02763	0.02036	0.02182	0.01672	0.02254	0.02254	0.01382	0.67496	0.03418	0.04581	0.01745	0.01745	0.01236	0.00873	0.00727	0.00218	0.00800	0.00654	0.00727	0.01236
19	0.01507	0.01292	0.01507	0.01077	0.01723	0.00969	0.00861	0.01830	0.01507	0.02369	0.01292	0.01507	0.01077	0.00538	0.00538	0.00108	0.00538	0.00431	0.00431	0.78898
20	0.01353	0.01086	0.01251	0.01162	0.01428	0.01160	0.00884	0.02414	0.30479	0.02900	0.36834	0.08688	0.04742	0.01323	0.00812	0.00241	0.00447	0.01152	0.00766	0.00878
21	0.02016	0.01714	0.06138	0.01463	0.01906	0.03984	0.01214	0.36316	0.02501	0.03354	0.02366	0.24055	0.02301	0.01270	0.00772	0.00235	0.00701	0.01063	0.00653	0.05978
22	0.01165	0.00886	0.01303	0.01337	0.01537	0.00864	0.05303	0.01491	0.01682	0.02208	0.10788	0.07240	0.08372	0.05787	0.01116	0.00332	0.00653	0.46608	0.00652	0.00675

[dist]
# distance from previous block
# <min> <max>
159	524

[block]
# block no. 1 follows, 28 sequences, length 33
# corresponding to MSA columns:
# 2038-2070
name=unknown_B
#
# <colnr> <probs for GDERKNQSTAVLIFYWHMCP>
#	G	D	E	R	K	N	Q	S	T	A	V	L	I	F	Y	W	H	M	C	P
0	0.07362	0.19479	0.07081	0.01472	0.04023	0.05235	0.03435	0.02613	0.09545	0.16047	0.04968	0.01941	0.01562	0.00766	0.00625	0.00193	0.00719	0.00597	0.00536	0.11802
1	0.02170	0.06381	0.01843	0.01454	0.01871	0.14455	0.03153	0.09287	0.12554	0.15444	0.02335	0.10927	0.02022	0.04185	0.00855	0.00243	0.00765	0.03551	0.00619	0.05884
2	0.01627	0.04675	0.06394	0.04502	0.01865	0.06959	0.02853	0.06241	0.12663	0.04145	0.08034	0.05929	0.04236	0.14527	0.01346	0.00310	0.04169	0.00851	0.00534	0.08139
3	0.02400	0.05331	0.13065	0.01563	0.02149	0.08568	0.01430	0.16036	0.12308	0.21859	0.04351	0.02146	0.01652	0.00990	0.02642	0.00247	0.00825	0.00677	0.00649	0.01110
4	0.02372	0.01810	0.01830	0.01585	0.04649	0.17677	0.03369	0.04676	0.06450	0.24206	0.05062	0.02335	0.04651	0.01003	0.02651	0.00232	0.03022	0.00694	0.00615	0.11110
5	0.04457	0.01443	0.06154	0.01300	0.01682	0.04752	0.01080	0.02473	0.20008	0.10154	0.08600	0.06738	0.02590	0.07854	0.04965	0.00327	0.00715	0.06138	0.00622	0.07948
6	0.07861	0.01833	0.09447	0.01524	0.02008	0.06963	0.04068	0.10703	0.16950	0.12966	0.05311	0.07362	0.05176	0.01030	0.00790	0.00237	0.03301	0.00832	0.00628	0.01011
7	0.01913	0.04989	0.05063	0.03540	0.13184	0.13293	0.06659	0.05645	0.10985	0.06738	0.08209	0.02523	0.06508	0.00887	0.00720	0.00212	0.00812	0.00753	0.00528	0.06836
8	0.02029	0.01462	0.01470	0.01230	0.01642	0.09893	0.00958	0.08321	0.08274	0.18351	0.09586	0.03325	0.13155	0.05687	0.00917	0.00240	0.00644	0.00868	0.00666	0.11280
9	0.06247	0.01397	0.07528	0.01204	0.01510	0.05911	0.03890	0.04858	0.01676	0.02284	0.16607	0.04244	0.18955	0.15440	0.01421	0.00326	0.04180	0.01044	0.00558	0.00719
10	0.01843	0.01909	0.17369	0.01486	0.02033	0.06075	0.04032	0.02310	0.04664	0.16649	0.05835	0.05728	0.07958	0.05092	0.00972	0.00248	0.04282	0.00814	0.00555	0.10145
11	0.04499	0.03522	0.08787	0.05054	0.11491	0.01697	0.07654	0.20678	0.04446	0.14180	0.06147	0.02110	0.01632	0.00817	0.00722	0.00220	0.00797	0.00699	0.00591	0.04257
12	0.01899	0.04631	0.21864	0.01822	0.02477	0.06239	0.07605	0.14381	0.22781	0.02913	0.04658	0.02109	0.01639	0.00842	0.00725	0.00229	0.00860	0.00698	0.00546	0.01084
13	0.19366	0.06152	0.04904	0.01366	0.01923	0.01480	0.08054	0.04978	0.07601	0.05370	0.01533	0.01843	0.01245	0.05753	0.00806	0.00220	0.00685	0.00570	0.00475	0.25676
14	0.01992	0.70388	0.03699	0.01283	0.01890	0.07205	0.01254	0.02222	0.01514	0.01715	0.01018	0.01175	0.00933	0.00630	0.00478	0.00157	0.00811	0.00394	0.00315	0.00927
15	0.02344	0.16420	0.25330	0.01588	0.02336	0.01761	0.01681	0.10159	0.01933	0.26740	0.01855	0.01822	0.01272	0.00773	0.00666	0.00212	0.00823	0.00591	0.00567	0.01123
16	0.01057	0.00705	0.00793	0.00793	0.00793	0.00705	0.00440	0.01057	0.01057	0.01409	0.02290	0.04757	0.02643	0.74454	0.03700	0.00705	0.00705	0.01057	0.00440	0.00440
17	0.01943	0.74891	0.03809	0.01244	0.01866	0.02876	0.01244	0.02177	0.01477	0.01710	0.01011	0.01166	0.00933	0.00622	0.00466	0.00155	0.00777	0.00389	0.00311	0.00933
18	0.03000	0.07989	0.01921	0.01327	0.01888	0.01389	0.01114	0.12534	0.02206	0.52727	0.02672	0.02385	0.03651	0.00899	0.00710	0.00218	0.00652	0.00713	0.00815	0.01191
19	0.01057	0.00705	0.00793	0.00793	0.00793	0.00705	0.00440	0.01057	0.01057	0.01409	0.02290	0.04757	0.02643	0.74454	0.03700	0.00705	0.00705	0.01057	0.00440	0.00440
20	0.02989	0.01536	0.01855	0.01438	0.01996	0.01530	0.01183	0.25731	0.07129	0.42958	0.02485	0.02238	0.01633	0.00896	0.00730	0.00224	0.00678	0.00711	0.00829	0.01231
21	0.02980	0.01482	0.02000	0.01675	0.06722	0.01414	0.04143	0.17770	0.02336	0.47930	0.02450	0.02241	0.01597	0.00864	0.00735	0.00224	0.00703	0.00714	0.00800	0.01220
22	0.01799	0.01727	0.02950	0.04462	0.69919	0.01727	0.02231	0.02231	0.01655	0.02375	0.01367	0.01799	0.01151	0.00648	0.00720	0.00216	0.00864	0.00648	0.00360	0.01151
23	0.01057	0.00705	0.00793	0.00793	0.00793	0.00705	0.00440	0.01057	0.01057	0.01409	0.02290	0.04757	0.02643	0.74454	0.03700	0.00705	0.00705	0.01057	0.00440	0.00440
24	0.01686	0.37150	0.39294	0.01683	0.02545	0.02246	0.02009	0.02243	0.01508	0.02024	0.01167	0.01362	0.00926	0.00658	0.00585	0.00195	0.00935	0.00467	0.00309	0.01008
25	0.09650	0.01808	0.02054	0.07882	0.11829	0.04860	0.01430	0.37980	0.02566	0.03590	0.01693	0.05261	0.01346	0.00872	0.00698	0.00221	0.00785	0.00690	0.03711	0.01075
26	0.02151	0.01254	0.01622	0.01565	0.08420	0.01247	0.01112	0.02962	0.20778	0.27888	0.19340	0.03210	0.03113	0.01045	0.00764	0.00231	0.00562	0.00894	0.00776	0.01067
27	0.17956	0.06601	0.02258	0.02120	0.16814	0.01660	0.07586	0.06823	0.07440	0.21000	0.01842	0.01901	0.01328	0.00759	0.00666	0.00221	0.00737	0.00636	0.00576	0.01075
28	0.05127	0.05327	0.17527	0.02172	0.16823	0.04712	0.01683	0.11551	0.01887	0.12202	0.01785	0.06805	0.01464	0.03120	0.00789	0.00233	0.00820	0.00706	0.00506	0.04762
29	0.08120	0.14677	0.08537	0.02124	0.13230	0.07607	0.09388	0.02291	0.05778	0.02264	0.01321	0.01592	0.01081	0.00705	0.00763	0.00201	0.06356	0.00559	0.00388	0.13018
30	0.05868	0.05542	0.19914	0.08000	0.05922	0.16995	0.06719	0.10112	0.06118	0.02522	0.04450	0.01805	0.01330	0.00770	0.00694	0.00219	0.00984	0.00614	0.00436	0.00984
31	0.12859	0.01480	0.04373	0.01368	0.04650	0.06104	0.01076	0.08100	0.06581	0.12784	0.11247	0.03453	0.14397	0.01126	0.00765	0.00230	0.02248	0.03433	0.00636	0.03089
32	0.02360	0.02113	0.01991	0.01663	0.02141	0.18058	0.04059	0.19970	0.26704	0.07999	0.02101	0.02053	0.01556	0.00867	0.00716	0.00220	0.00834	0.00680	0.00639	0.03276

[dist]
# distance from previous block
# <min> <max>
22	75

[block]
# block no. 2 follows, 28 sequences, length 9
# corresponding to MSA columns:
# 2163-2171
name=unknown_C
#
# <colnr> <probs for GDERKNQSTAVLIFYWHMCP>
#	G	D	E	R	K	N	Q	S	T	A	V	L	I	F	Y	W	H	M	C	P
0	0.02202	0.13252	0.06766	0.01384	0.02011	0.01718	0.01231	0.19307	0.06146	0.13991	0.01724	0.01748	0.01272	0.00734	0.00630	0.00180	0.00695	0.00562	0.00575	0.23873
1	0.01587	0.08521	0.01284	0.00939	0.01115	0.01003	0.00649	0.01667	0.01304	0.15134	0.02272	0.03931	0.02298	0.52186	0.02775	0.00552	0.00695	0.00923	0.00518	0.00650
2	0.09566	0.00861	0.01097	0.01092	0.01297	0.00855	0.00810	0.01687	0.01469	0.15574	0.03069	0.38398	0.03212	0.02455	0.14574	0.00444	0.00772	0.01377	0.00641	0.00751
3	0.02553	0.09261	0.02093	0.01415	0.02009	0.01767	0.01186	0.31687	0.02503	0.20307	0.01860	0.01820	0.01314	0.00787	0.00664	0.00191	0.00700	0.00602	0.00668	0.16614
4	0.01177	0.01380	0.14905	0.01425	0.01750	0.00961	0.01382	0.01575	0.01595	0.02143	0.03372	0.18742	0.03649	0.01795	0.00928	0.00307	0.00705	0.40875	0.00598	0.00735
5	0.05477	0.03923	0.02655	0.06439	0.07311	0.04763	0.18692	0.19969	0.17554	0.03067	0.01822	0.01981	0.01365	0.00786	0.00741	0.00230	0.00884	0.00719	0.00548	0.01073
6	0.02587	0.01745	0.12654	0.01571	0.02195	0.01364	0.05790	0.03330	0.15170	0.41812	0.02547	0.02340	0.01698	0.00865	0.00735	0.00231	0.00722	0.00727	0.00739	0.01177
7	0.01507	0.01292	0.01507	0.01077	0.01723	0.00969	0.00861	0.01830	0.01507	0.02369	0.01292	0.01507	0.01077	0.00538	0.00538	0.00108	0.00538	0.00431	0.00431	0.78898
8	0.01513	0.01169	0.01418	0.01141	0.01591	0.01051	0.00903	0.06252	0.05409	0.05277	0.12095	0.02500	0.02216	0.01721	0.14713	0.00357	0.00811	0.00685	0.00535	0.38642

[dist]
# distance from previous block
# <min> <max>
7	20

[block]
# block no. 3 follows, 28 sequences, length 16
# corresponding to MSA columns:
# 2198-2213
name=unknown_D
#
# <colnr> <probs for GDERKNQSTAVLIFYWHMCP>
#	G	D	E	R	K	N	Q	S	T	A	V	L	I	F	Y	W	H	M	C	P
0	0.26942	0.26012	0.10330	0.01262	0.01865	0.01948	0.01224	0.02454	0.04251	0.13258	0.01429	0.01496	0.01079	0.00703	0.00543	0.00200	0.00703	0.00481	0.00470	0.03351
1	0.06457	0.16644	0.02384	0.04912	0.17953	0.10331	0.01371	0.02147	0.01586	0.02196	0.01215	0.01480	0.01026	0.00623	0.00583	0.00165	0.00778	0.00484	0.00379	0.27286
2	0.06546	0.39963	0.12399	0.01488	0.02131	0.02378	0.04021	0.08598	0.11750	0.02379	0.01431	0.01536	0.01151	0.00712	0.00577	0.00193	0.00795	0.00518	0.00424	0.01007
3	0.01057	0.00705	0.00793	0.00793	0.00793	0.00705	0.00440	0.01057	0.01057	0.01409	0.02290	0.04757	0.02643	0.74454	0.03700	0.00705	0.00705	0.01057	0.00440	0.00440
4	0.02691	0.02604	0.02102	0.01745	0.02232	0.31005	0.01379	0.37210	0.06396	0.03334	0.01553	0.01617	0.01165	0.00827	0.00698	0.00207	0.01000	0.00586	0.00581	0.01068
5	0.01000	0.00742	0.00932	0.00885	0.01068	0.00674	0.00663	0.01317	0.01990	0.02755	0.59086	0.05693	0.17408	0.01546	0.00858	0.00231	0.00347	0.01351	0.00779	0.00674
6	0.01206	0.00846	0.00999	0.00927	0.01053	0.00843	0.00632	0.07442	0.01699	0.02340	0.30481	0.04756	0.04281	0.36884	0.02226	0.00459	0.00562	0.01127	0.00619	0.00618
7	0.00859	0.00736	0.00736	0.00736	0.00982	0.00614	0.00552	0.01043	0.01657	0.01964	0.07364	0.06996	0.69624	0.01841	0.00859	0.00245	0.00368	0.01534	0.00675	0.00614
8	0.01680	0.01661	0.02561	0.33384	0.37587	0.06478	0.02084	0.02118	0.01597	0.02113	0.01318	0.01825	0.01059	0.00688	0.00718	0.00225	0.00939	0.00635	0.00345	0.00984
9	0.01507	0.01292	0.01507	0.01077	0.01723	0.00969	0.00861	0.01830	0.01507	0.02369	0.01292	0.01507	0.01077	0.00538	0.00538	0.00108	0.00538	0.00431	0.00431	0.78898
10	0.01727	0.01664	0.02894	0.10626	0.56369	0.01686	0.06637	0.02172	0.01641	0.02315	0.01473	0.02097	0.01261	0.00711	0.00742	0.00225	0.00890	0.03412	0.00370	0.01087
11	0.04966	0.06484	0.37288	0.01732	0.02501	0.04205	0.01920	0.05202	0.14965	0.07382	0.05053	0.01991	0.01538	0.00808	0.00690	0.00227	0.00869	0.00634	0.00484	0.01061
12	0.37378	0.10595	0.15254	0.01372	0.01977	0.04606	0.01339	0.11352	0.05318	0.03006	0.01281	0.01415	0.00976	0.00719	0.00561	0.00217	0.00750	0.00483	0.00457	0.00945
13	0.10377	0.22883	0.14054	0.01550	0.06525	0.04813	0.01372	0.04646	0.01546	0.02193	0.04325	0.05106	0.01695	0.09029	0.04171	0.00305	0.00843	0.03287	0.00416	0.00864
14	0.02022	0.14737	0.10941	0.01725	0.02269	0.09711	0.11087	0.06258	0.07377	0.11895	0.01916	0.08742	0.01623	0.03015	0.00851	0.00237	0.03339	0.00773	0.00508	0.00975
15	0.14074	0.01351	0.01757	0.01540	0.04758	0.01418	0.07692	0.14150	0.06333	0.09622	0.10953	0.06919	0.04073	0.01615	0.10158	0.00357	0.00834	0.00863	0.00609	0.00926

[dist]
# distance from previous block
# <min> <max>
0	31

[block]
# block no. 4 follows, 28 sequences, length 15
# corresponding to MSA columns:
# 2245-2259
name=unknown_E
#
# <colnr> <probs for GDERKNQSTAVLIFYWHMCP>
#	G	D	E	R	K	N	Q	S	T	A	V	L	I	F	Y	W	H	M	C	P
0	0.51707	0.01572	0.09209	0.01132	0.01625	0.01463	0.01038	0.02192	0.01412	0.10023	0.06115	0.01769	0.01405	0.01082	0.05372	0.00290	0.00706	0.00536	0.00501	0.00851
1	0.01594	0.01118	0.01413	0.01160	0.01537	0.01030	0.03650	0.08401	0.01886	0.11221	0.16735	0.07562	0.16013	0.04384	0.00938	0.00234	0.02801	0.01025	0.00650	0.16649
2	0.02025	0.00987	0.01308	0.01127	0.01468	0.00897	0.00890	0.02395	0.04736	0.32112	0.30266	0.09257	0.04209	0.01292	0.00809	0.00237	0.00491	0.03731	0.00826	0.00936
3	0.01465	0.01247	0.01462	0.01072	0.01677	0.00943	0.00849	0.01775	0.01499	0.02334	0.01477	0.06435	0.01330	0.00657	0.00565	0.00120	0.00530	0.00542	0.00447	0.73573
4	0.02010	0.01296	0.02061	0.01608	0.02074	0.01224	0.16508	0.02612	0.10654	0.24682	0.20443	0.03369	0.06039	0.01041	0.00801	0.00234	0.00671	0.00963	0.00717	0.00992
5	0.00883	0.00645	0.00831	0.00980	0.01046	0.00593	0.00660	0.01016	0.01423	0.01868	0.04399	0.66154	0.12380	0.02226	0.00920	0.00289	0.00415	0.02004	0.00675	0.00593
6	0.03261	0.01237	0.01687	0.01293	0.01856	0.01068	0.01068	0.03543	0.02081	0.70423	0.02868	0.02474	0.01799	0.00900	0.00731	0.00225	0.00619	0.00731	0.00900	0.01237
7	0.01507	0.01292	0.01507	0.01077	0.01723	0.00969	0.00861	0.01830	0.01507	0.02369	0.01292	0.01507	0.01077	0.00538	0.00538	0.00108	0.00538	0.00431	0.00431	0.78898
8	0.01507	0.01292	0.01507	0.01077	0.01723	0.00969	0.00861	0.01830	0.01507	0.02369	0.01292	0.01507	0.01077	0.00538	0.00538	0.00108	0.00538	0.00431	0.00431	0.78898
9	0.01659	0.01382	0.01589	0.01149	0.01787	0.01124	0.00924	0.09771	0.01738	0.02636	0.01347	0.01536	0.01096	0.00579	0.00561	0.00121	0.00570	0.00458	0.00467	0.69506
10	0.01738	0.01518	0.02474	0.15613	0.25919	0.01459	0.09589	0.02160	0.01616	0.07343	0.01457	0.01813	0.01140	0.00646	0.00688	0.00195	0.00818	0.00618	0.00414	0.22782
11	0.02100	0.01685	0.02011	0.04875	0.10353	0.01707	0.01323	0.30226	0.07693	0.03350	0.01629	0.01759	0.01241	0.00739	0.00666	0.00185	0.00712	0.00593	0.00569	0.26583
12	0.01822	0.01473	0.02037	0.07179	0.02340	0.01358	0.10310	0.10113	0.06826	0.08001	0.03896	0.01930	0.01426	0.00698	0.00662	0.00175	0.00703	0.00617	0.00521	0.37916
13	0.01621	0.01475	0.02661	0.10053	0.05849	0.01411	0.27543	0.02145	0.04465	0.07038	0.06619	0.03038	0.06167	0.00907	0.00797	0.00232	0.00869	0.06268	0.00496	0.10347
14	0.07354	0.01627	0.01742	0.01479	0.01869	0.11666	0.06634	0.09032	0.13393	0.13003	0.02540	0.09429	0.05702	0.05758	0.05201	0.00318	0.00831	0.00884	0.00609	0.00931

[dist]
# distance from previous block
# <min> <max>
4	16

[block]
# block no. 5 follows, 28 sequences, length 12
# corresponding to MSA columns:
# 2277-2288
name=unknown_F
#
# <colnr> <probs for GDERKNQSTAVLIFYWHMCP>
#	G	D	E	R	K	N	Q	S	T	A	V	L	I	F	Y	W	H	M	C	P
0	0.01509	0.01241	0.01946	0.52346	0.04015	0.01472	0.01707	0.02090	0.07105	0.07315	0.10156	0.02483	0.01878	0.00857	0.00745	0.00240	0.00831	0.00751	0.00461	0.00853
1	0.01212	0.00792	0.00960	0.00905	0.01030	0.00770	0.00613	0.01467	0.04684	0.06228	0.30382	0.04806	0.04330	0.36233	0.02200	0.00456	0.00543	0.01134	0.00632	0.00623
2	0.02715	0.03464	0.02060	0.01873	0.02247	0.71536	0.01404	0.02903	0.02060	0.01779	0.01124	0.01311	0.00936	0.00749	0.00655	0.00187	0.01311	0.00468	0.00375	0.00843
3	0.01507	0.01292	0.01507	0.01077	0.01723	0.00969	0.00861	0.01830	0.01507	0.02369	0.01292	0.01507	0.01077	0.00538	0.00538	0.00108	0.00538	0.00431	0.00431	0.78898
4	0.01057	0.00705	0.00793	0.00793	0.00793	0.00705	0.00440	0.01057	0.01057	0.01409	0.02290	0.04757	0.02643	0.74454	0.03700	0.00705	0.00705	0.01057	0.00440	0.00440
5	0.01789	0.52290	0.25059	0.01507	0.02273	0.02499	0.01702	0.02216	0.01495	0.01898	0.01104	0.01283	0.00929	0.00644	0.00538	0.00179	0.00872	0.00436	0.00310	0.00978
6	0.01794	0.18256	0.02840	0.08077	0.36419	0.04824	0.01780	0.02236	0.05472	0.02125	0.01385	0.01825	0.01201	0.04099	0.00884	0.00232	0.04556	0.00610	0.00370	0.01013
7	0.19941	0.01658	0.01675	0.04654	0.01954	0.05889	0.01149	0.22967	0.09441	0.05619	0.10004	0.02168	0.01904	0.00912	0.00756	0.00225	0.04402	0.00677	0.00610	0.03394
8	0.23097	0.08959	0.09296	0.01480	0.02038	0.04278	0.07302	0.07901	0.06732	0.14903	0.01705	0.01902	0.01287	0.05172	0.00812	0.00249	0.00766	0.00608	0.00535	0.00976
9	0.16948	0.12197	0.15505	0.01236	0.01685	0.01512	0.01175	0.01989	0.08768	0.02206	0.01889	0.04678	0.03637	0.18977	0.01452	0.03464	0.00726	0.00725	0.00439	0.00792
10	0.04752	0.05711	0.08566	0.01193	0.01628	0.01258	0.01028	0.07640	0.06810	0.11431	0.02585	0.05706	0.08635	0.17844	0.01376	0.00321	0.00661	0.00843	0.00560	0.11450
11	0.12503	0.05945	0.10466	0.01508	0.02095	0.01426	0.09639	0.04487	0.04395	0.14157	0.09699	0.02380	0.01956	0.00835	0.00680	0.00209	0.00714	0.02558	0.00555	0.13793

[dist]
# distance from previous block
# <min> <max>
1	19

[block]
# block no. 6 follows, 28 sequences, length 11
# corresponding to MSA columns:
# 2327-2337
name=unknown_G
#
# <colnr> <probs for GDERKNQSTAVLIFYWHMCP>
#	G	D	E	R	K	N	Q	S	T	A	V	L	I	F	Y	W	H	M	C	P
0	0.01972	0.15494	0.13504	0.01525	0.02143	0.01570	0.07317	0.02471	0.05653	0.18504	0.03605	0.05184	0.01620	0.01076	0.04657	0.00256	0.00824	0.00689	0.00531	0.11407
1	0.04019	0.25298	0.18735	0.01770	0.07531	0.01961	0.04801	0.02387	0.09500	0.04090	0.01475	0.01681	0.01183	0.02276	0.00676	0.00203	0.00810	0.00547	0.00405	0.10651
2	0.13582	0.01544	0.07547	0.02927	0.01870	0.03871	0.02765	0.06424	0.05196	0.14137	0.12967	0.02815	0.02363	0.02718	0.00765	0.00226	0.00656	0.04381	0.00604	0.12640
3	0.06212	0.05757	0.19541	0.13597	0.05549	0.01676	0.13120	0.07585	0.01750	0.09705	0.01571	0.01938	0.01176	0.00740	0.00709	0.00224	0.00920	0.02330	0.00444	0.05454
4	0.01539	0.01067	0.01641	0.07618	0.01980	0.01040	0.09880	0.01908	0.04537	0.13253	0.05798	0.14407	0.10347	0.09169	0.01157	0.00312	0.00681	0.12249	0.00621	0.00796
5	0.01747	0.05331	0.19192	0.09024	0.26578	0.01748	0.08117	0.02505	0.10733	0.05544	0.01626	0.01890	0.01241	0.00718	0.00718	0.00226	0.00903	0.00657	0.00419	0.01081
6	0.14259	0.07757	0.02058	0.45170	0.03713	0.01689	0.01611	0.02042	0.05201	0.02180	0.01315	0.01757	0.01015	0.00709	0.00645	0.00222	0.00830	0.00575	0.00374	0.06878
7	0.14652	0.07331	0.04022	0.08580	0.02221	0.01912	0.01272	0.13702	0.32780	0.03086	0.02070	0.02068	0.01557	0.00853	0.00666	0.00230	0.00681	0.00664	0.00602	0.01052
8	0.14657	0.51141	0.14304	0.01332	0.01999	0.02477	0.01405	0.02191	0.01447	0.02063	0.01059	0.01229	0.00907	0.00642	0.00500	0.00179	0.00791	0.00414	0.00333	0.00932
9	0.15337	0.01933	0.01999	0.01555	0.02115	0.02152	0.01284	0.56798	0.03061	0.04365	0.01625	0.01653	0.01163	0.00840	0.00682	0.00219	0.00761	0.00612	0.00682	0.01163
10	0.20598	0.12324	0.03314	0.02204	0.02846	0.01900	0.38412	0.02321	0.01584	0.05859	0.01363	0.01684	0.01037	0.00643	0.00697	0.00226	0.00971	0.00672	0.00406	0.00940

[dist]
# distance from previous block
# <min> <max>
0	1

[block]
# block no. 7 follows, 28 sequences, length 71
# corresponding to MSA columns:
# 2339-2362,2364-2410
name=unknown_H
#
# <colnr> <probs for GDERKNQSTAVLIFYWHMCP>
#	G	D	E	R	K	N	Q	S	T	A	V	L	I	F	Y	W	H	M	C	P
0	0.01640	0.15630	0.54128	0.01901	0.02861	0.01932	0.02342	0.07301	0.01670	0.02378	0.01289	0.01489	0.00947	0.00693	0.00656	0.00217	0.01003	0.00521	0.00340	0.01063
1	0.12865	0.01539	0.01562	0.01405	0.01821	0.01783	0.01099	0.03617	0.59029	0.03072	0.02682	0.02494	0.02015	0.00942	0.00698	0.00243	0.00573	0.00761	0.00698	0.01099
2	0.01507	0.01292	0.01507	0.01077	0.01723	0.00969	0.00861	0.01830	0.01507	0.02369	0.01292	0.01507	0.01077	0.00538	0.00538	0.00108	0.00538	0.00431	0.00431	0.78898
3	0.07561	0.01433	0.02023	0.01460	0.02109	0.01192	0.13981	0.01952	0.01528	0.02429	0.01306	0.01572	0.01060	0.00564	0.00595	0.00144	0.00676	0.00512	0.00420	0.57485
4	0.01808	0.01561	0.01644	0.01479	0.01890	0.01808	0.01151	0.03863	0.68606	0.03041	0.02959	0.02712	0.02219	0.00986	0.00740	0.00247	0.00575	0.00822	0.00740	0.01151
5	0.01507	0.01292	0.01507	0.01077	0.01723	0.00969	0.00861	0.01830	0.01507	0.02369	0.01292	0.01507	0.01077	0.00538	0.00538	0.00108	0.00538	0.00431	0.00431	0.78898
6	0.00886	0.00633	0.00843	0.01012	0.01054	0.00590	0.00675	0.01012	0.01392	0.01856	0.04006	0.73979	0.04808	0.02277	0.00928	0.00295	0.00422	0.02066	0.00675	0.00590
7	0.01056	0.00710	0.00821	0.00821	0.00831	0.00720	0.00476	0.01075	0.01065	0.01430	0.02264	0.04613	0.02580	0.69230	0.08839	0.00740	0.00799	0.01036	0.00437	0.00456
8	0.01943	0.74891	0.03809	0.01244	0.01866	0.02876	0.01244	0.02177	0.01477	0.01710	0.01011	0.01166	0.00933	0.00622	0.00466	0.00155	0.00777	0.00389	0.00311	0.00933
9	0.01531	0.14455	0.60632	0.01947	0.02954	0.01867	0.02469	0.02283	0.01526	0.02213	0.01260	0.01479	0.00923	0.00680	0.00657	0.00219	0.01030	0.00515	0.00308	0.01053
10	0.01943	0.74891	0.03809	0.01244	0.01866	0.02876	0.01244	0.02177	0.01477	0.01710	0.01011	0.01166	0.00933	0.00622	0.00466	0.00155	0.00777	0.00389	0.00311	0.00933
11	0.01080	0.00793	0.01021	0.00973	0.01157	0.00756	0.00742	0.01515	0.05638	0.02874	0.61680	0.05462	0.06434	0.01493	0.00860	0.00236	0.00377	0.05409	0.00788	0.00710
12	0.02763	0.02036	0.02182	0.01672	0.02254	0.02254	0.01382	0.67496	0.03418	0.04581	0.01745	0.01745	0.01236	0.00873	0.00727	0.00218	0.00800	0.00654	0.00727	0.01236
13	0.01607	0.01764	0.03757	0.02736	0.03376	0.01665	0.56276	0.02171	0.01711	0.02333	0.06772	0.02494	0.01689	0.00991	0.04694	0.00297	0.01178	0.03148	0.00412	0.00929
14	0.01507	0.01292	0.01507	0.01077	0.01723	0.00969	0.00861	0.01830	0.01507	0.02369	0.01292	0.01507	0.01077	0.00538	0.00538	0.00108	0.00538	0.00431	0.00431	0.78898
15	0.00886	0.00633	0.00843	0.01012	0.01054	0.00590	0.00675	0.01012	0.01392	0.01856	0.04006	0.73979	0.04808	0.02277	0.00928	0.00295	0.00422	0.02066	0.00675	0.00590
16	0.01458	0.03760	0.70688	0.02072	0.03146	0.01688	0.02686	0.02302	0.01535	0.02302	0.01304	0.01535	0.00921	0.00691	0.00691	0.00230	0.01074	0.00537	0.00307	0.01074
17	0.01861	0.62123	0.10988	0.01323	0.01996	0.02617	0.01376	0.02167	0.01485	0.01820	0.01062	0.01230	0.00941	0.00624	0.00496	0.00160	0.00794	0.00408	0.00319	0.06211
18	0.01056	0.00708	0.00807	0.00807	0.00812	0.00712	0.00458	0.01066	0.01061	0.01420	0.02277	0.04684	0.02611	0.71822	0.06289	0.00722	0.00752	0.01046	0.00439	0.00448
19	0.01507	0.01292	0.01507	0.01077	0.01723	0.00969	0.00861	0.01830	0.01507	0.02369	0.01292	0.01507	0.01077	0.00538	0.00538	0.00108	0.00538	0.00431	0.00431	0.78898
20	0.01373	0.01292	0.02180	0.72707	0.05006	0.01615	0.02019	0.01857	0.01453	0.01857	0.01292	0.01938	0.00969	0.00727	0.00727	0.00242	0.00969	0.00646	0.00323	0.00807
21	0.01133	0.00882	0.01030	0.00999	0.01212	0.00866	0.00743	0.03852	0.11506	0.02556	0.29955	0.18827	0.20402	0.01633	0.00850	0.00248	0.00414	0.01421	0.00735	0.00736
22	0.01576	0.01514	0.01741	0.01752	0.09277	0.07757	0.01241	0.02229	0.16759	0.02232	0.05220	0.02954	0.12635	0.01463	0.06569	0.00315	0.17242	0.00832	0.00513	0.06181
23	0.01074	0.03729	0.01273	0.01171	0.01321	0.00987	0.00922	0.01333	0.01181	0.01688	0.01910	0.02788	0.01782	0.05259	0.68743	0.01128	0.01900	0.00763	0.00386	0.00660
24	0.01771	0.07799	0.01844	0.01408	0.01793	0.01671	0.03297	0.09569	0.30862	0.05747	0.16126	0.03084	0.05344	0.01077	0.00846	0.00235	0.04964	0.00879	0.00680	0.01003
25	0.74315	0.01565	0.05767	0.01031	0.01523	0.01635	0.00915	0.02148	0.01257	0.03197	0.01032	0.01205	0.00796	0.00676	0.00466	0.00225	0.00597	0.00403	0.00440	0.00807
26	0.04300	0.30398	0.02462	0.01262	0.03970	0.01775	0.01068	0.02105	0.01530	0.06730	0.01281	0.01437	0.01062	0.00604	0.00526	0.00142	0.00649	0.00440	0.00413	0.37846
27	0.76592	0.01380	0.01065	0.00954	0.01394	0.01595	0.00783	0.02108	0.01268	0.03248	0.03626	0.01343	0.01019	0.00706	0.00465	0.00225	0.00554	0.00429	0.00463	0.00783
28	0.01263	0.00631	0.00947	0.00947	0.00947	0.00631	0.00631	0.00947	0.00947	0.01263	0.01263	0.02210	0.01263	0.02525	0.02841	0.78851	0.00631	0.00631	0.00316	0.00316
29	0.01489	0.08288	0.66431	0.02019	0.03065	0.01764	0.02594	0.02294	0.01531	0.02264	0.01286	0.01511	0.00922	0.00686	0.00676	0.00225	0.01055	0.00528	0.00307	0.01065
30	0.01167	0.00832	0.01158	0.01319	0.01480	0.00832	0.01145	0.01490	0.01651	0.02148	0.03792	0.08075	0.04128	0.04633	0.01102	0.00348	0.00671	0.62709	0.00661	0.00661
31	0.01698	0.01908	0.03993	0.02898	0.03527	0.01894	0.57845	0.02245	0.01629	0.02245	0.01396	0.01908	0.01082	0.00707	0.01077	0.00256	0.11551	0.00826	0.00361	0.00954
32	0.00886	0.00633	0.00843	0.01012	0.01054	0.00590	0.00675	0.01012	0.01392	0.01856	0.04006	0.73979	0.04808	0.02277	0.00928	0.00295	0.00422	0.02066	0.00675	0.00590
33	0.01373	0.01292	0.02180	0.72707	0.05006	0.01615	0.02019	0.01857	0.01453	0.01857	0.01292	0.01938	0.00969	0.00727	0.00727	0.00242	0.00969	0.00646	0.00323	0.00807
34	0.01688	0.01908	0.04141	0.02968	0.03672	0.01790	0.64451	0.02275	0.01688	0.02290	0.01505	0.02079	0.01168	0.03738	0.00978	0.00265	0.01203	0.00866	0.00371	0.00958
35	0.01507	0.01292	0.01507	0.01077	0.01723	0.00969	0.00861	0.01830	0.01507	0.02369	0.01292	0.01507	0.01077	0.00538	0.00538	0.00108	0.00538	0.00431	0.00431	0.78898
36	0.02576	0.03260	0.01961	0.01787	0.02152	0.66211	0.01341	0.02763	0.02030	0.01793	0.01592	0.01738	0.06093	0.00831	0.00671	0.00192	0.01240	0.00548	0.00397	0.00825
37	0.01776	0.01704	0.02909	0.08159	0.66403	0.01721	0.02219	0.02211	0.01644	0.02347	0.01363	0.01807	0.01142	0.00652	0.00720	0.00217	0.00869	0.00648	0.00358	0.01133
38	0.01799	0.01727	0.02950	0.04462	0.69919	0.01727	0.02231	0.02231	0.01655	0.02375	0.01367	0.01799	0.01151	0.00648	0.00720	0.00216	0.00864	0.00648	0.00360	0.01151
39	0.01799	0.01727	0.02950	0.04462	0.69919	0.01727	0.02231	0.02231	0.01655	0.02375	0.01367	0.01799	0.01151	0.00648	0.00720	0.00216	0.00864	0.00648	0.00360	0.01151
40	0.00859	0.00736	0.00736	0.00736	0.00982	0.00614	0.00552	0.01043	0.01657	0.01964	0.07364	0.06996	0.69624	0.01841	0.00859	0.00245	0.00368	0.01534	0.00675	0.00614
41	0.01808	0.01561	0.01644	0.01479	0.01890	0.01808	0.01151	0.03863	0.68606	0.03041	0.02959	0.02712	0.02219	0.00986	0.00740	0.00247	0.00575	0.00822	0.00740	0.01151
42	0.79588	0.01406	0.01068	0.00956	0.01406	0.01631	0.00787	0.02137	0.01237	0.03261	0.01012	0.01181	0.00787	0.00675	0.00450	0.00225	0.00562	0.00394	0.00450	0.00787
43	0.01716	0.01961	0.04289	0.03064	0.03799	0.01838	0.67279	0.02328	0.01716	0.02328	0.01471	0.01961	0.01103	0.00613	0.00858	0.00245	0.01225	0.00858	0.00368	0.00980
44	0.01373	0.01292	0.02180	0.72707	0.05006	0.01615	0.02019	0.01857	0.01453	0.01857	0.01292	0.01938	0.00969	0.00727	0.00727	0.00242	0.00969	0.00646	0.00323	0.00807
45	0.01056	0.00709	0.00813	0.00813	0.00820	0.00716	0.00466	0.01070	0.01063	0.01425	0.02272	0.04654	0.02598	0.70716	0.07377	0.00730	0.00772	0.01042	0.00438	0.00452
46	0.01263	0.00631	0.00947	0.00947	0.00947	0.00631	0.00631	0.00947	0.00947	0.01263	0.01263	0.02210	0.01263	0.02525	0.02841	0.78851	0.00631	0.00631	0.00316	0.00316
47	0.01799	0.01727	0.02950	0.04462	0.69919	0.01727	0.02231	0.02231	0.01655	0.02375	0.01367	0.01799	0.01151	0.00648	0.00720	0.00216	0.00864	0.00648	0.00360	0.01151
48	0.01799	0.01727	0.02950	0.04462	0.69919	0.01727	0.02231	0.02231	0.01655	0.02375	0.01367	0.01799	0.01151	0.00648	0.00720	0.00216	0.00864	0.00648	0.00360	0.01151
49	0.00892	0.00738	0.00782	0.00771	0.01002	0.00628	0.00578	0.01107	0.01734	0.02147	0.19361	0.06693	0.57513	0.01772	0.00859	0.00242	0.00363	0.01492	0.00699	0.00628
50	0.01064	0.00708	0.00829	0.00827	0.00841	0.00713	0.00486	0.01079	0.01097	0.01477	0.04753	0.04560	0.02693	0.64504	0.07654	0.04022	0.00763	0.01032	0.00446	0.00457
51	0.01068	0.00761	0.00949	0.00900	0.01101	0.00687	0.00683	0.01374	0.01958	0.04893	0.51542	0.05765	0.20588	0.01561	0.00858	0.00235	0.00367	0.03252	0.00772	0.00687
52	0.01552	0.01477	0.02492	0.42826	0.31077	0.01681	0.02090	0.02004	0.01523	0.02062	0.01311	0.01870	0.01042	0.00713	0.00779	0.00234	0.03336	0.00646	0.00338	0.00946
53	0.00884	0.00640	0.00836	0.00994	0.01049	0.00592	0.00666	0.01014	0.01410	0.01863	0.04233	0.69458	0.09183	0.02248	0.00923	0.00292	0.00418	0.02031	0.00675	0.00592
54	0.01270	0.00792	0.01044	0.00962	0.01170	0.00723	0.00728	0.01594	0.02024	0.10384	0.58553	0.08814	0.06184	0.01464	0.00847	0.00232	0.00378	0.01290	0.00804	0.00742
55	0.01183	0.00996	0.01290	0.01210	0.01338	0.03951	0.03135	0.01387	0.01342	0.01828	0.09460	0.06217	0.06831	0.18433	0.27693	0.00691	0.09088	0.02817	0.00471	0.00640
56	0.01707	0.01933	0.04172	0.02980	0.03712	0.01802	0.64492	0.02308	0.01707	0.02330	0.01463	0.01942	0.01102	0.00610	0.00844	0.00239	0.01197	0.00840	0.00370	0.04251
57	0.59245	0.01801	0.01306	0.01160	0.01602	0.15407	0.00928	0.02383	0.01457	0.07502	0.01159	0.01294	0.00885	0.00705	0.00509	0.00217	0.00714	0.00431	0.00465	0.00829
58	0.01927	0.72553	0.06008	0.01271	0.01908	0.02837	0.01291	0.02181	0.01479	0.01730	0.01020	0.01178	0.00932	0.00624	0.00474	0.00158	0.00787	0.00394	0.00311	0.00937
59	0.02295	0.02442	0.01769	0.01555	0.01921	0.38389	0.01193	0.15896	0.02292	0.02616	0.12827	0.02360	0.04280	0.00938	0.00700	0.00201	0.00949	0.00695	0.05800	0.00880
60	0.01475	0.01255	0.01471	0.01066	0.01680	0.00950	0.00849	0.01799	0.01544	0.02406	0.05898	0.01772	0.01467	0.00602	0.00560	0.00116	0.00525	0.00490	0.00456	0.73619
61	0.01053	0.00791	0.00982	0.00939	0.01127	0.00748	0.00701	0.01480	0.06542	0.02741	0.53272	0.10053	0.13733	0.01547	0.00854	0.00236	0.00367	0.01357	0.00773	0.00703
62	0.00934	0.00679	0.00880	0.00957	0.01060	0.00626	0.00669	0.01141	0.01646	0.02236	0.27294	0.44731	0.10520	0.01966	0.00898	0.00268	0.00390	0.01761	0.00719	0.00626
63	0.01716	0.01961	0.04289	0.03064	0.03799	0.01838	0.67279	0.02328	0.01716	0.02328	0.01471	0.01961	0.01103	0.00613	0.00858	0.00245	0.01225	0.00858	0.00368	0.00980
64	0.00886	0.00633	0.00843	0.01012	0.01054	0.00590	0.00675	0.01012	0.01392	0.01856	0.04006	0.73979	0.04808	0.02277	0.00928	0.00295	0.00422	0.02066	0.00675	0.00590
65	0.01000	0.00692	0.00861	0.00914	0.00945	0.00697	0.00579	0.01076	0.01178	0.01589	0.02785	0.26379	0.03213	0.42085	0.12217	0.00639	0.00787	0.01338	0.00507	0.00517
66	0.02715	0.03464	0.02060	0.01873	0.02247	0.71536	0.01404	0.02903	0.02060	0.01779	0.01124	0.01311	0.00936	0.00749	0.00655	0.00187	0.01311	0.00468	0.00375	0.00843
67	0.11048	0.01864	0.02414	0.02053	0.07588	0.09294	0.16607	0.14102	0.10074	0.12433	0.01878	0.04229	0.01427	0.00822	0.00726	0.00228	0.00868	0.00728	0.00570	0.01046
68	0.02163	0.07287	0.07276	0.07089	0.24658	0.01538	0.06085	0.02569	0.01759	0.23185	0.03881	0.02054	0.01473	0.00749	0.00706	0.00213	0.00794	0.00668	0.00534	0.05319
69	0.21406	0.18147	0.08827	0.01600	0.06709	0.04316	0.01342	0.10841	0.15233	0.02837	0.01554	0.01640	0.01208	0.00753	0.00596	0.00212	0.00738	0.00546	0.00490	0.01005
70	0.01924	0.72060	0.06471	0.01277	0.01917	0.02829	0.01301	0.02182	0.01479	0.01734	0.01022	0.01181	0.00932	0.00625	0.00475	0.00158	0.00789	0.00395	0.00311	0.00938

[dist]
# distance from previous block
# <min> <max>
0	2

[block]
# block no. 8 follows, 28 sequences, length 17
# corresponding to MSA columns:
# 2413-2429
name=unknown_I
#
# <colnr> <probs for GDERKNQSTAVLIFYWHMCP>
#	G	D	E	R	K	N	Q	S	T	A	V	L	I	F	Y	W	H	M	C	P
0	0.01776	0.01704	0.02910	0.08086	0.66472	0.01721	0.02220	0.02211	0.01644	0.02347	0.01363	0.01806	0.01142	0.00652	0.00720	0.00217	0.00869	0.00648	0.00358	0.01133
1	0.01821	0.48224	0.13797	0.01769	0.02483	0.02471	0.16087	0.02229	0.01538	0.01935	0.01156	0.01397	0.00969	0.00630	0.00586	0.00186	0.00921	0.00515	0.00323	0.00964
2	0.01507	0.01292	0.01507	0.01077	0.01723	0.00969	0.00861	0.01830	0.01507	0.02369	0.01292	0.01507	0.01077	0.00538	0.00538	0.00108	0.00538	0.00431	0.00431	0.78898
3	0.01048	0.00701	0.00796	0.00805	0.00807	0.00699	0.00453	0.01055	0.01075	0.01434	0.02383	0.08503	0.02760	0.70548	0.03550	0.00683	0.00689	0.01112	0.00453	0.00449
4	0.01722	0.01933	0.04108	0.02955	0.03668	0.01836	0.62747	0.02434	0.06300	0.02377	0.01573	0.02012	0.01179	0.00638	0.00850	0.00245	0.01181	0.00855	0.00393	0.00992
5	0.01458	0.03760	0.70688	0.02072	0.03146	0.01688	0.02686	0.02302	0.01535	0.02302	0.01304	0.01535	0.00921	0.00691	0.00691	0.00230	0.01074	0.00537	0.00307	0.01074
6	0.00886	0.00633	0.00843	0.01012	0.01054	0.00590	0.00675	0.01012	0.01392	0.01856	0.04006	0.73979	0.04808	0.02277	0.00928	0.00295	0.00422	0.02066	0.00675	0.00590
7	0.01507	0.01292	0.01507	0.01077	0.01723	0.00969	0.00861	0.01830	0.01507	0.02369	0.01292	0.01507	0.01077	0.00538	0.00538	0.00108	0.00538	0.00431	0.00431	0.78898
8	0.00886	0.00633	0.00843	0.01012	0.01054	0.00590	0.00675	0.01012	0.01392	0.01856	0.04006	0.73979	0.04808	0.02277	0.00928	0.00295	0.00422	0.02066	0.00675	0.00590
9	0.01502	0.01612	0.03374	0.02508	0.03066	0.01510	0.49433	0.01999	0.01672	0.02270	0.06371	0.16843	0.02228	0.01008	0.00872	0.00254	0.01005	0.01133	0.00458	0.00882
10	0.07498	0.01295	0.01563	0.01187	0.01769	0.01113	0.00963	0.02711	0.06329	0.31124	0.02051	0.01975	0.01440	0.00730	0.00627	0.00174	0.00576	0.00581	0.00651	0.35643
11	0.01692	0.01032	0.01094	0.00962	0.01220	0.01111	0.00758	0.16952	0.01945	0.03102	0.02164	0.02437	0.01678	0.00871	0.00641	0.00187	0.03626	0.00670	0.57045	0.00812
12	0.01038	0.00779	0.01168	0.01168	0.01298	0.00909	0.00909	0.01298	0.01168	0.01687	0.01947	0.02856	0.01817	0.05452	0.71573	0.01168	0.01947	0.00779	0.00389	0.00649
13	0.02688	0.01964	0.02101	0.01619	0.02179	0.02170	0.01335	0.63983	0.03317	0.04481	0.01779	0.01797	0.01270	0.00871	0.00715	0.00216	0.00775	0.00656	0.04879	0.01206
14	0.01020	0.00739	0.00940	0.00892	0.01053	0.00683	0.00655	0.01322	0.01942	0.02718	0.59475	0.05470	0.10522	0.08081	0.01113	0.00273	0.00377	0.01306	0.00760	0.00659
15	0.02594	0.01910	0.02061	0.01613	0.02146	0.02104	0.01318	0.61508	0.03235	0.04336	0.01949	0.08251	0.01558	0.00999	0.00745	0.00225	0.00766	0.00782	0.00722	0.01178
16	0.01601	0.32394	0.37209	0.01615	0.02431	0.02074	0.01908	0.02138	0.01522	0.02031	0.01731	0.01877	0.07114	0.00766	0.00615	0.00201	0.00890	0.00567	0.00342	0.00975

[dist]
# distance from previous block
# <min> <max>
0	5

[block]
# block no. 9 follows, 28 sequences, length 250
# corresponding to MSA columns:
# 2435-2653,2657-2684,2686-2688
name=unknown_J
#
# <colnr> <probs for GDERKNQSTAVLIFYWHMCP>
#	G	D	E	R	K	N	Q	S	T	A	V	L	I	F	Y	W	H	M	C	P
0	0.00956	0.00755	0.00782	0.00765	0.01019	0.00634	0.00577	0.01150	0.01689	0.04550	0.09781	0.06762	0.64492	0.01791	0.00854	0.00244	0.00376	0.01495	0.00689	0.00640
1	0.58829	0.01491	0.01317	0.01110	0.01593	0.01673	0.00915	0.13034	0.01685	0.10628	0.01330	0.01411	0.00969	0.00731	0.00525	0.00224	0.00607	0.00472	0.00543	0.00909
2	0.03261	0.01237	0.01687	0.01293	0.01856	0.01068	0.01068	0.03543	0.02081	0.70423	0.02868	0.02474	0.01799	0.00900	0.00731	0.00225	0.00619	0.00731	0.00900	0.01237
3	0.01716	0.01961	0.04289	0.03064	0.03799	0.01838	0.67279	0.02328	0.01716	0.02328	0.01471	0.01961	0.01103	0.00613	0.00858	0.00245	0.01225	0.00858	0.00368	0.00980
4	0.01716	0.01961	0.04289	0.03064	0.03799	0.01838	0.67279	0.02328	0.01716	0.02328	0.01471	0.01961	0.01103	0.00613	0.00858	0.00245	0.01225	0.00858	0.00368	0.00980
5	0.01048	0.00741	0.00979	0.00979	0.01043	0.00806	0.00673	0.01177	0.01112	0.01547	0.02120	0.03814	0.02234	0.40251	0.37343	0.00934	0.01321	0.00919	0.00415	0.00544
6	0.01943	0.74891	0.03809	0.01244	0.01866	0.02876	0.01244	0.02177	0.01477	0.01710	0.01011	0.01166	0.00933	0.00622	0.00466	0.00155	0.00777	0.00389	0.00311	0.00933
7	0.01946	0.02190	0.03809	0.02793	0.03460	0.13729	0.53491	0.02473	0.01788	0.04829	0.01464	0.01869	0.01101	0.00647	0.00818	0.00234	0.01217	0.00786	0.00389	0.00967
8	0.01048	0.00739	0.00966	0.00966	0.01026	0.00799	0.00656	0.01168	0.01108	0.01538	0.02132	0.03880	0.02262	0.42633	0.35000	0.00918	0.01278	0.00929	0.00417	0.00537
9	0.79588	0.01406	0.01068	0.00956	0.01406	0.01631	0.00787	0.02137	0.01237	0.03261	0.01012	0.01181	0.00787	0.00675	0.00450	0.00225	0.00562	0.00394	0.00450	0.00787
10	0.01799	0.01727	0.02950	0.04462	0.69919	0.01727	0.02231	0.02231	0.01655	0.02375	0.01367	0.01799	0.01151	0.00648	0.00720	0.00216	0.00864	0.00648	0.00360	0.01151
11	0.00859	0.00736	0.00736	0.00736	0.00982	0.00614	0.00552	0.01043	0.01657	0.01964	0.07364	0.06996	0.69624	0.01841	0.00859	0.00245	0.00368	0.01534	0.00675	0.00614
12	0.01057	0.00705	0.00793	0.00793	0.00793	0.00705	0.00440	0.01057	0.01057	0.01409	0.02290	0.04757	0.02643	0.74454	0.03700	0.00705	0.00705	0.01057	0.00440	0.00440
13	0.01808	0.01561	0.01644	0.01479	0.01890	0.01808	0.01151	0.03863	0.68606	0.03041	0.02959	0.02712	0.02219	0.00986	0.00740	0.00247	0.00575	0.00822	0.00740	0.01151
14	0.01022	0.00747	0.00970	0.00983	0.01147	0.00695	0.00758	0.01324	0.01878	0.02576	0.44685	0.13550	0.12292	0.01699	0.00891	0.00256	0.00412	0.12700	0.00751	0.00665
15	0.01799	0.01727	0.02950	0.04462	0.69919	0.01727	0.02231	0.02231	0.01655	0.02375	0.01367	0.01799	0.01151	0.00648	0.00720	0.00216	0.00864	0.00648	0.00360	0.01151
16	0.00891	0.00636	0.00848	0.01009	0.01055	0.00594	0.00675	0.01025	0.01415	0.01893	0.06311	0.71568	0.04880	0.02249	0.00925	0.00293	0.00419	0.02040	0.00679	0.00594
17	0.01716	0.01961	0.04289	0.03064	0.03799	0.01838	0.67279	0.02328	0.01716	0.02328	0.01471	0.01961	0.01103	0.00613	0.00858	0.00245	0.01225	0.00858	0.00368	0.00980
18	0.01039	0.00776	0.01154	0.01154	0.01279	0.00901	0.00891	0.01289	0.01164	0.01677	0.01960	0.02926	0.01848	0.08019	0.69048	0.01151	0.01901	0.00789	0.00391	0.00641
19	0.00922	0.00739	0.00824	0.00803	0.01021	0.00640	0.00602	0.01165	0.01806	0.02317	0.30460	0.06414	0.46308	0.01709	0.00858	0.00239	0.00359	0.01453	0.00722	0.00640
20	0.01080	0.00741	0.00849	0.00846	0.00875	0.00752	0.00503	0.01188	0.03825	0.01553	0.04727	0.06933	0.02815	0.63960	0.05914	0.00673	0.00724	0.01080	0.00471	0.00490
21	0.01038	0.00779	0.01168	0.01168	0.01298	0.00909	0.00909	0.01298	0.01168	0.01687	0.01947	0.02856	0.01817	0.05452	0.71573	0.01168	0.01947	0.00779	0.00389	0.00649
