[name]
unknown

[dist]
# distance from previous block
# <min> <max>
20	1402

[block]
# block no. 0 follows, 31 sequences, length 19
# corresponding to MSA columns:
# 2006-2024
name=unknown_A
#
# <colnr> <probs for GDERKNQSTAVLIFYWHMCP>
#	G	D	E	R	K	N	Q	S	T	A	V	L	I	F	Y	W	H	M	C	P
0	0.07650	0.03622	0.05080	0.08811	0.10764	0.03422	0.08259	0.04138	0.03697	0.05925	0.03838	0.07607	0.01770	0.07924	0.07400	0.00334	0.00835	0.02719	0.03029	0.03177
1	0.05019	0.07738	0.23222	0.02115	0.13514	0.14440	0.05573	0.06483	0.07147	0.02280	0.01334	0.01531	0.01033	0.00669	0.00631	0.00197	0.00907	0.00535	0.00380	0.05251
2	0.09355	0.16527	0.05666	0.05054	0.09656	0.12526	0.01362	0.13358	0.07309	0.02455	0.01583	0.02165	0.01368	0.00827	0.00628	0.00205	0.00796	0.07792	0.00453	0.00913
3	0.23136	0.19226	0.05894	0.01443	0.05571	0.08504	0.01197	0.13133	0.06949	0.07067	0.01355	0.01440	0.01041	0.00695	0.00550	0.00194	0.00723	0.00486	0.00464	0.00931
4	0.01405	0.01223	0.01605	0.01577	0.11512	0.03176	0.03027	0.04746	0.01451	0.02108	0.01559	0.06046	0.01428	0.03915	0.17235	0.00381	0.00902	0.00636	0.00410	0.35659
5	0.01524	0.01652	0.08713	0.28549	0.42128	0.01585	0.02068	0.01982	0.01481	0.02058	0.01257	0.01717	0.01004	0.00639	0.00677	0.00213	0.00865	0.00600	0.00322	0.00964
6	0.00943	0.00694	0.00882	0.00845	0.01009	0.00633	0.00630	0.01238	0.01862	0.02590	0.60475	0.08598	0.14105	0.01473	0.00810	0.00220	0.00329	0.01295	0.00734	0.00633
7	0.01058	0.00706	0.00918	0.00908	0.01068	0.00647	0.00674	0.01317	0.01746	0.06655	0.43546	0.21927	0.10434	0.01587	0.00821	0.00235	0.00370	0.04016	0.00717	0.00650
8	0.01275	0.00638	0.00638	0.00638	0.00797	0.00638	0.00478	0.01594	0.01435	0.02551	0.02232	0.02551	0.01754	0.00797	0.00478	0.00159	0.00319	0.00638	0.79755	0.00638
9	0.01079	0.00883	0.01295	0.01236	0.01334	0.01098	0.00981	0.01305	0.01089	0.01600	0.01649	0.02454	0.01551	0.04359	0.59316	0.00943	0.16129	0.00707	0.00353	0.00638
10	0.01024	0.00753	0.00939	0.00992	0.01126	0.00743	0.00761	0.01319	0.05209	0.01948	0.11940	0.12776	0.13150	0.18089	0.03626	0.00383	0.00569	0.23464	0.00595	0.00594
11	0.01800	0.01518	0.01602	0.01412	0.01816	0.01748	0.01107	0.10828	0.63101	0.03020	0.02660	0.02453	0.01987	0.00916	0.00695	0.00229	0.00565	0.00756	0.00695	0.01092
12	0.02571	0.02801	0.01978	0.01698	0.02117	0.48883	0.01315	0.25549	0.02376	0.02577	0.01258	0.01374	0.00978	0.00745	0.00640	0.00186	0.01069	0.00501	0.00466	0.00920
13	0.01188	0.00594	0.00891	0.00891	0.00891	0.00594	0.00594	0.00891	0.00891	0.01188	0.01188	0.02080	0.01188	0.02377	0.02674	0.80095	0.00594	0.00594	0.00297	0.00297
14	0.07190	0.01302	0.01636	0.01261	0.01788	0.01226	0.01042	0.14610	0.02131	0.56775	0.02423	0.02145	0.01551	0.00831	0.00673	0.00211	0.00609	0.00658	0.00796	0.01141
15	0.01100	0.00726	0.00871	0.00871	0.00925	0.00729	0.00564	0.05092	0.01201	0.01593	0.02414	0.13647	0.04757	0.43670	0.02621	0.13245	0.00610	0.04429	0.00459	0.00476
16	0.00977	0.00733	0.01100	0.01100	0.01222	0.00855	0.00855	0.01222	0.01100	0.01588	0.01833	0.02688	0.01710	0.05131	0.73245	0.01100	0.01833	0.00733	0.00367	0.00611
17	0.01292	0.01216	0.02052	0.74312	0.04712	0.01520	0.01900	0.01748	0.01368	0.01748	0.01216	0.01824	0.00912	0.00684	0.00684	0.00228	0.00912	0.00608	0.00304	0.00760
18	0.01687	0.01594	0.02641	0.10633	0.58691	0.01661	0.02014	0.05141	0.01591	0.02255	0.01277	0.01694	0.01062	0.00655	0.00755	0.00210	0.04438	0.00609	0.00349	0.01040

[dist]
# distance from previous block
# <min> <max>
0	1

[block]
# block no. 1 follows, 31 sequences, length 10
# corresponding to MSA columns:
# 2026-2035
name=unknown_B
#
# <colnr> <probs for GDERKNQSTAVLIFYWHMCP>
#	G	D	E	R	K	N	Q	S	T	A	V	L	I	F	Y	W	H	M	C	P
0	0.01587	0.37999	0.31997	0.01491	0.02221	0.02079	0.01704	0.02145	0.05224	0.01969	0.04829	0.01530	0.01230	0.00673	0.00560	0.00184	0.00816	0.00492	0.00337	0.00933
1	0.52586	0.01308	0.01243	0.01035	0.01498	0.01405	0.00853	0.06189	0.01523	0.24320	0.01527	0.01514	0.01057	0.00710	0.00519	0.00211	0.00558	0.00482	0.00568	0.00894
2	0.01600	0.01590	0.02843	0.03480	0.46131	0.01618	0.16013	0.01999	0.01506	0.02138	0.01440	0.06719	0.01291	0.00761	0.00863	0.00223	0.07705	0.00741	0.00357	0.00983
3	0.00995	0.00663	0.00746	0.00746	0.00746	0.00663	0.00415	0.00995	0.00995	0.01327	0.02156	0.04477	0.02487	0.75957	0.03482	0.00663	0.00663	0.00995	0.00415	0.00415
4	0.01107	0.00730	0.00950	0.00888	0.01057	0.00688	0.00660	0.01380	0.01751	0.07170	0.50566	0.04703	0.08162	0.09213	0.07645	0.00341	0.00513	0.01139	0.00685	0.00651
5	0.01419	0.01216	0.01419	0.01013	0.01621	0.00912	0.00811	0.01723	0.01419	0.02229	0.01216	0.01419	0.01013	0.00507	0.00507	0.00101	0.00507	0.00405	0.00405	0.80139
6	0.01372	0.03539	0.72412	0.01950	0.02961	0.01589	0.02528	0.02167	0.01444	0.02167	0.01228	0.01444	0.00867	0.00650	0.00650	0.00217	0.01011	0.00506	0.00289	0.01011
7	0.01592	0.01701	0.02361	0.13836	0.02612	0.11560	0.14312	0.01883	0.01333	0.01766	0.01133	0.01669	0.00985	0.01220	0.06764	0.00317	0.33227	0.00628	0.00321	0.00779
8	0.00851	0.00644	0.00786	0.00858	0.00978	0.00579	0.00603	0.01024	0.01501	0.01962	0.17288	0.41857	0.24826	0.01882	0.00842	0.00252	0.00368	0.01664	0.00657	0.00579
9	0.01866	0.66101	0.03419	0.01434	0.06969	0.07178	0.01249	0.02096	0.01438	0.01660	0.00983	0.01150	0.00893	0.00595	0.00468	0.00152	0.00770	0.00389	0.00300	0.00888

[dist]
# distance from previous block
# <min> <max>
0	1

[block]
# block no. 2 follows, 31 sequences, length 41
# corresponding to MSA columns:
# 2037-2077
name=unknown_C
#
# <colnr> <probs for GDERKNQSTAVLIFYWHMCP>
#	G	D	E	R	K	N	Q	S	T	A	V	L	I	F	Y	W	H	M	C	P
0	0.04700	0.01496	0.01738	0.03725	0.05923	0.06263	0.04189	0.11678	0.09097	0.08394	0.01618	0.01833	0.01270	0.03622	0.03445	0.00222	0.00718	0.00570	0.00499	0.29001
1	0.04217	0.04380	0.04429	0.39706	0.10248	0.10015	0.01711	0.13122	0.01756	0.02261	0.01258	0.01652	0.00959	0.00696	0.00658	0.00212	0.00898	0.00571	0.00379	0.00874
2	0.00834	0.00595	0.00794	0.00953	0.00992	0.00556	0.00635	0.00953	0.01310	0.01746	0.03771	0.75510	0.04525	0.02143	0.00873	0.00278	0.00397	0.01945	0.00635	0.00556
3	0.01275	0.00638	0.00638	0.00638	0.00797	0.00638	0.00478	0.01594	0.01435	0.02551	0.02232	0.02551	0.01754	0.00797	0.00478	0.00159	0.00319	0.00638	0.79755	0.00638
4	0.01856	0.01546	0.01634	0.01423	0.01838	0.01774	0.01120	0.14898	0.58940	0.03110	0.02589	0.02397	0.01930	0.00910	0.00694	0.00227	0.00578	0.00747	0.00694	0.01097
5	0.01757	0.16509	0.02384	0.01748	0.05826	0.02089	0.01414	0.03951	0.01297	0.08424	0.01124	0.01511	0.00988	0.00996	0.01598	0.00252	0.46362	0.00562	0.00364	0.00846
6	0.00873	0.00696	0.00783	0.00761	0.00964	0.00605	0.00571	0.01107	0.01712	0.02211	0.33029	0.05987	0.45087	0.01597	0.00808	0.00225	0.00337	0.01360	0.00683	0.00605
7	0.00874	0.00696	0.00783	0.00761	0.00964	0.00605	0.00571	0.01108	0.01713	0.02214	0.33217	0.05983	0.44897	0.01596	0.00808	0.00225	0.00337	0.01360	0.00683	0.00605
8	0.00977	0.00733	0.01100	0.01100	0.01222	0.00855	0.00855	0.01222	0.01100	0.01588	0.01833	0.02688	0.01710	0.05131	0.73245	0.01100	0.01833	0.00733	0.00367	0.00611
9	0.02902	0.01433	0.01754	0.01345	0.01880	0.01404	0.01111	0.26941	0.02408	0.47920	0.02322	0.02083	0.01504	0.00838	0.00687	0.00209	0.00643	0.00662	0.00789	0.01164
10	0.00991	0.00677	0.00815	0.00815	0.00839	0.00701	0.00501	0.01039	0.01015	0.01378	0.02092	0.04126	0.02335	0.62061	0.17169	0.00749	0.00893	0.00944	0.00405	0.00453
11	0.05867	0.01198	0.01584	0.01219	0.01745	0.01067	0.01007	0.05772	0.01977	0.67107	0.02596	0.02259	0.01639	0.00838	0.00678	0.00211	0.00587	0.00674	0.00825	0.01149
12	0.16110	0.01674	0.01745	0.01396	0.01892	0.01856	0.01141	0.40839	0.14518	0.09301	0.01807	0.01764	0.01294	0.00810	0.00641	0.00212	0.00663	0.00607	0.00654	0.01076
13	0.00834	0.00595	0.00794	0.00953	0.00992	0.00556	0.00635	0.00953	0.01310	0.01746	0.03771	0.75510	0.04525	0.02143	0.00873	0.00278	0.00397	0.01945	0.00635	0.00556
14	0.02021	0.47930	0.08597	0.01395	0.01963	0.16702	0.01323	0.09381	0.01699	0.01955	0.01068	0.01211	0.00908	0.00640	0.00518	0.00164	0.00857	0.00419	0.00346	0.00902
15	0.01531	0.01222	0.01453	0.01054	0.01636	0.00959	0.00847	0.01827	0.01442	0.06869	0.01304	0.01482	0.01055	0.00553	0.00579	0.00116	0.03088	0.00431	0.00431	0.72120
16	0.01812	0.28728	0.25241	0.04759	0.02307	0.12834	0.01645	0.02219	0.01517	0.06623	0.01277	0.03748	0.01050	0.00714	0.00626	0.00190	0.02940	0.00512	0.00350	0.00908
17	0.01771	0.08385	0.12684	0.01878	0.07294	0.01911	0.06572	0.13762	0.20069	0.02576	0.01644	0.01801	0.01278	0.00839	0.00954	0.00228	0.14254	0.00631	0.00474	0.00995
18	0.00846	0.00600	0.00790	0.00937	0.00974	0.00564	0.00619	0.00956	0.01286	0.01715	0.03650	0.70213	0.04373	0.07648	0.01068	0.00307	0.00417	0.01874	0.00619	0.00545
19	0.01326	0.01251	0.03350	0.01405	0.05174	0.05272	0.04000	0.02108	0.23291	0.02229	0.05897	0.20388	0.12966	0.01377	0.00778	0.00244	0.00573	0.06963	0.00604	0.00805
20	0.01218	0.00772	0.00958	0.00964	0.01187	0.00696	0.00767	0.01447	0.01618	0.11760	0.10389	0.15093	0.29744	0.01676	0.00836	0.00255	0.00459	0.18811	0.00673	0.00676
21	0.01520	0.01495	0.02444	0.09298	0.34454	0.04036	0.11840	0.01951	0.03904	0.02135	0.05986	0.07659	0.04769	0.00867	0.00802	0.00222	0.04483	0.00813	0.00408	0.00915
22	0.01728	0.02468	0.37702	0.01576	0.02373	0.01398	0.01763	0.09373	0.01691	0.11164	0.01453	0.01569	0.01040	0.00656	0.00621	0.00185	0.00800	0.00514	0.00431	0.21495
23	0.01059	0.00716	0.00806	0.00791	0.00817	0.00723	0.00462	0.04017	0.01106	0.01475	0.02197	0.07164	0.02509	0.69713	0.03255	0.00628	0.00657	0.01016	0.00435	0.00453
24	0.01829	0.76368	0.03585	0.01171	0.01756	0.02707	0.01171	0.02049	0.01390	0.01610	0.00951	0.01097	0.00878	0.00585	0.00439	0.00146	0.00732	0.00366	0.00293	0.00878
25	0.01619	0.01322	0.01513	0.01112	0.01685	0.01127	0.00895	0.14508	0.01786	0.02650	0.04937	0.01653	0.01324	0.00613	0.00556	0.00127	0.00544	0.00488	0.00476	0.61066
26	0.01262	0.00663	0.00952	0.00927	0.00955	0.00673	0.00631	0.04449	0.01012	0.01351	0.01212	0.02057	0.01187	0.02296	0.02570	0.75947	0.00602	0.00595	0.00317	0.00342
27	0.02553	0.01071	0.01428	0.01137	0.01583	0.00945	0.00923	0.02878	0.04130	0.54501	0.15385	0.03012	0.05335	0.00985	0.00715	0.00214	0.00524	0.00821	0.00816	0.01044
28	0.01829	0.76368	0.03585	0.01171	0.01756	0.02707	0.01171	0.02049	0.01390	0.01610	0.00951	0.01097	0.00878	0.00585	0.00439	0.00146	0.00732	0.00366	0.00293	0.00878
29	0.00903	0.00722	0.00795	0.00796	0.00995	0.00640	0.00588	0.03474	0.01640	0.02069	0.16985	0.17562	0.46977	0.01712	0.00815	0.00235	0.00365	0.01463	0.00657	0.00606
30	0.01575	0.30086	0.39555	0.01604	0.02392	0.02012	0.01875	0.02280	0.08787	0.02036	0.01292	0.01435	0.01001	0.00656	0.00577	0.00192	0.00858	0.00483	0.00334	0.00970
31	0.02435	0.03012	0.01961	0.01760	0.02079	0.62593	0.01341	0.04892	0.01880	0.01762	0.01059	0.01278	0.00893	0.00766	0.00806	0.00191	0.09669	0.00465	0.00358	0.00801
32	0.04317	0.02632	0.02399	0.02194	0.09764	0.43776	0.13775	0.06509	0.01863	0.02022	0.01168	0.01425	0.00945	0.00695	0.00717	0.00196	0.03827	0.00540	0.00370	0.00867
33	0.00924	0.00654	0.00864	0.00968	0.01025	0.00648	0.00678	0.01059	0.01251	0.01676	0.03154	0.41574	0.03646	0.18683	0.10479	0.00470	0.00666	0.10488	0.00552	0.00542
34	0.00977	0.00733	0.01100	0.01100	0.01222	0.00855	0.00855	0.01222	0.01100	0.01588	0.01833	0.02688	0.01710	0.05131	0.73245	0.01100	0.01833	0.00733	0.00367	0.00611
35	0.01758	0.08682	0.21921	0.04300	0.08792	0.06607	0.18137	0.06322	0.04130	0.07100	0.01531	0.04917	0.01212	0.00728	0.00687	0.00213	0.00927	0.00667	0.00405	0.00964
36	0.01292	0.01216	0.02052	0.74312	0.04712	0.01520	0.01900	0.01748	0.01368	0.01748	0.01216	0.01824	0.00912	0.00684	0.00684	0.00228	0.00912	0.00608	0.00304	0.00760
37	0.01212	0.00857	0.01043	0.00969	0.01192	0.00842	0.00734	0.01787	0.13850	0.07177	0.44984	0.09157	0.10788	0.01357	0.00784	0.00223	0.00385	0.01183	0.00732	0.00744
38	0.01506	0.01257	0.01363	0.01229	0.01560	0.01399	0.00952	0.05391	0.47508	0.02820	0.18703	0.03381	0.07827	0.01087	0.00729	0.00227	0.00486	0.00920	0.00705	0.00951
39	0.02315	0.01834	0.02115	0.04620	0.11181	0.07099	0.03850	0.40013	0.07235	0.07779	0.01738	0.01937	0.01306	0.00815	0.00693	0.00210	0.00787	0.02795	0.00598	0.01079
40	0.01213	0.00841	0.01003	0.01011	0.01194	0.00821	0.00734	0.07993	0.06287	0.06895	0.04029	0.45112	0.16676	0.01764	0.00818	0.00254	0.00444	0.01554	0.00659	0.00697

[dist]
# distance from previous block
# <min> <max>
1	19

[block]
# block no. 3 follows, 31 sequences, length 78
# corresponding to MSA columns:
# 2097-2174
name=unknown_D
#
# <colnr> <probs for GDERKNQSTAVLIFYWHMCP>
#	G	D	E	R	K	N	Q	S	T	A	V	L	I	F	Y	W	H	M	C	P
0	0.01414	0.01101	0.01364	0.01379	0.08153	0.01117	0.00952	0.09157	0.15297	0.04410	0.29817	0.09157	0.07133	0.01180	0.00745	0.00215	0.00482	0.01025	0.00663	0.05239
1	0.01551	0.01436	0.04530	0.13743	0.17307	0.01321	0.04356	0.04571	0.06975	0.04095	0.04822	0.01863	0.01380	0.00663	0.00631	0.00176	0.00690	0.00588	0.00429	0.28874
2	0.01108	0.00790	0.00987	0.00908	0.01108	0.00750	0.00690	0.04119	0.04620	0.04645	0.59548	0.04900	0.10465	0.01366	0.00795	0.00216	0.00357	0.01194	0.00743	0.00692
3	0.00862	0.00624	0.00822	0.00970	0.01036	0.00583	0.00680	0.01007	0.01357	0.01787	0.03965	0.63215	0.08934	0.02087	0.00877	0.00279	0.00420	0.09294	0.00635	0.00566
4	0.00830	0.00611	0.00778	0.00911	0.00981	0.00559	0.00617	0.00957	0.01350	0.01763	0.04277	0.64464	0.15244	0.02078	0.00863	0.00270	0.00389	0.01865	0.00635	0.00559
5	0.17322	0.01390	0.01601	0.01252	0.01766	0.01395	0.01033	0.20325	0.02140	0.41684	0.02100	0.01925	0.01379	0.00801	0.00638	0.00210	0.00617	0.00610	0.00726	0.01086
6	0.00881	0.00653	0.00831	0.00937	0.01044	0.00603	0.00682	0.01059	0.01460	0.01908	0.10944	0.44933	0.18015	0.01952	0.00864	0.00268	0.00414	0.11328	0.00646	0.00580
7	0.80789	0.01323	0.01006	0.00900	0.01323	0.01535	0.00741	0.02011	0.01164	0.03070	0.00953	0.01111	0.00741	0.00635	0.00423	0.00212	0.00529	0.00370	0.00423	0.00741
8	0.80789	0.01323	0.01006	0.00900	0.01323	0.01535	0.00741	0.02011	0.01164	0.03070	0.00953	0.01111	0.00741	0.00635	0.00423	0.00212	0.00529	0.00370	0.00423	0.00741
9	0.01188	0.00594	0.00891	0.00891	0.00891	0.00594	0.00594	0.00891	0.00891	0.01188	0.01188	0.02080	0.01188	0.02377	0.02674	0.80095	0.00594	0.00594	0.00297	0.00297
10	0.01702	0.01470	0.01547	0.01392	0.01779	0.01702	0.01083	0.03635	0.70453	0.02862	0.02785	0.02553	0.02088	0.00928	0.00696	0.00232	0.00541	0.00773	0.00696	0.01083
11	0.01829	0.76368	0.03585	0.01171	0.01756	0.02707	0.01171	0.02049	0.01390	0.01610	0.00951	0.01097	0.00878	0.00585	0.00439	0.00146	0.00732	0.00366	0.00293	0.00878
12	0.02601	0.01916	0.02053	0.01574	0.02122	0.02122	0.01300	0.69408	0.03217	0.04312	0.01643	0.01643	0.01163	0.00821	0.00684	0.00205	0.00753	0.00616	0.00684	0.01163
13	0.02294	0.01441	0.01649	0.01345	0.01799	0.01524	0.01083	0.22872	0.24140	0.23286	0.08981	0.02462	0.02118	0.00918	0.00701	0.00217	0.00595	0.00746	0.00742	0.01088
14	0.77036	0.01416	0.01050	0.00941	0.01361	0.04973	0.00769	0.02046	0.01201	0.03003	0.00958	0.01117	0.00748	0.00638	0.00433	0.00210	0.00563	0.00374	0.00420	0.00743
15	0.01911	0.60687	0.05614	0.01282	0.01848	0.10152	0.01234	0.04381	0.04245	0.01773	0.01067	0.01199	0.00935	0.00622	0.00483	0.00157	0.00788	0.00403	0.00328	0.00891
16	0.01693	0.01626	0.02777	0.04199	0.71689	0.01626	0.02100	0.02100	0.01558	0.02235	0.01287	0.01693	0.01084	0.00610	0.00677	0.00203	0.00813	0.00610	0.00339	0.01084
17	0.00978	0.00730	0.01086	0.01086	0.01203	0.00848	0.00838	0.01213	0.01095	0.01578	0.01845	0.02757	0.01740	0.07879	0.70539	0.01083	0.01787	0.00743	0.00368	0.00603
18	0.02601	0.01916	0.02053	0.01574	0.02122	0.02122	0.01300	0.69408	0.03217	0.04312	0.01643	0.01643	0.01163	0.00821	0.00684	0.00205	0.00753	0.00616	0.00684	0.01163
19	0.01433	0.04369	0.04730	0.53297	0.15032	0.01610	0.01883	0.04018	0.03424	0.01948	0.01275	0.01776	0.00978	0.00678	0.00672	0.00220	0.00877	0.00600	0.00332	0.00847
20	0.00877	0.00627	0.00841	0.00985	0.01048	0.00591	0.00694	0.01035	0.01387	0.01855	0.08530	0.62050	0.04588	0.02059	0.00878	0.00278	0.00421	0.10044	0.00643	0.00571
21	0.01166	0.00745	0.00965	0.00884	0.01087	0.00676	0.00672	0.01472	0.01911	0.09612	0.59671	0.04942	0.10823	0.01368	0.00795	0.00216	0.00350	0.01198	0.00754	0.00692
22	0.24931	0.01747	0.01806	0.01422	0.01933	0.03999	0.03821	0.42285	0.02467	0.07089	0.01469	0.01520	0.01055	0.00756	0.00613	0.00208	0.00711	0.00552	0.00594	0.01022
23	0.02346	0.22000	0.04830	0.01510	0.02052	0.13854	0.01311	0.38329	0.02462	0.03090	0.01349	0.01424	0.01031	0.00734	0.00607	0.00185	0.00834	0.00517	0.00513	0.01022
24	0.19978	0.09279	0.07165	0.07595	0.05361	0.03789	0.01189	0.05485	0.01559	0.10654	0.04195	0.01873	0.01335	0.00728	0.00578	0.00190	0.00666	0.03152	0.00464	0.14762
25	0.04607	0.01449	0.01736	0.01714	0.11858	0.04047	0.03085	0.18849	0.12227	0.11659	0.06120	0.05176	0.12481	0.01003	0.00709	0.00216	0.00635	0.00839	0.00620	0.00970
26	0.02422	0.01684	0.01861	0.03561	0.11400	0.11983	0.01266	0.20578	0.02162	0.25528	0.02049	0.08949	0.01603	0.00908	0.00693	0.00210	0.00745	0.00741	0.00628	0.01030
27	0.01292	0.01216	0.02052	0.74312	0.04712	0.01520	0.01900	0.01748	0.01368	0.01748	0.01216	0.01824	0.00912	0.00684	0.00684	0.00228	0.00912	0.00608	0.00304	0.00760
28	0.01675	0.01374	0.02180	0.43754	0.15223	0.01556	0.04169	0.08122	0.04201	0.08914	0.01474	0.01862	0.01087	0.00705	0.00688	0.00220	0.00844	0.00630	0.00412	0.00907
29	0.01923	0.01813	0.01982	0.09557	0.24088	0.21301	0.01462	0.02238	0.01763	0.10503	0.14406	0.02290	0.02082	0.00819	0.00687	0.00201	0.00821	0.00688	0.00477	0.00899
30	0.00988	0.00660	0.00748	0.00755	0.00757	0.00659	0.00424	0.00993	0.01009	0.01345	0.02226	0.07585	0.02576	0.72727	0.03368	0.00646	0.00652	0.01036	0.00424	0.00421
31	0.01186	0.00754	0.00903	0.00832	0.01068	0.00665	0.00636	0.01442	0.01773	0.11252	0.34765	0.05237	0.31119	0.01437	0.00780	0.00219	0.00365	0.01226	0.03657	0.00685
32	0.04154	0.08820	0.06341	0.04895	0.01995	0.01664	0.01214	0.26899	0.08768	0.15071	0.04133	0.05124	0.06091	0.00918	0.00672	0.00210	0.00667	0.00729	0.00622	0.01012
33	0.13357	0.04984	0.01945	0.01793	0.10764	0.20736	0.01276	0.19424	0.05413	0.11678	0.01509	0.01577	0.01121	0.00737	0.00620	0.00198	0.00824	0.00541	0.00522	0.00981
34	0.01912	0.01029	0.01289	0.01102	0.01443	0.00988	0.00866	0.05644	0.11427	0.28449	0.25573	0.08886	0.06101	0.01169	0.00747	0.00221	0.00476	0.01000	0.00763	0.00914
35	0.01217	0.00806	0.00977	0.00888	0.01126	0.00740	0.00681	0.03698	0.03676	0.09848	0.41977	0.05051	0.23887	0.01403	0.00788	0.00219	0.00376	0.01205	0.00726	0.00709
36	0.19282	0.04673	0.05034	0.01267	0.01747	0.11370	0.01072	0.10961	0.01789	0.15230	0.06158	0.01759	0.01428	0.00755	0.00636	0.00190	0.02886	0.00546	0.00528	0.12689
37	0.00988	0.00665	0.00771	0.00777	0.00786	0.00672	0.00451	0.01008	0.01013	0.01359	0.02194	0.06951	0.02511	0.68681	0.07902	0.00677	0.00729	0.01013	0.00419	0.00432
38	0.00834	0.00595	0.00794	0.00953	0.00992	0.00556	0.00635	0.00953	0.01310	0.01746	0.03771	0.75510	0.04525	0.02143	0.00873	0.00278	0.00397	0.01945	0.00635	0.00556
39	0.01518	0.01494	0.02466	0.34273	0.32389	0.04256	0.07212	0.01941	0.01486	0.01984	0.01336	0.04147	0.01110	0.00693	0.00695	0.00218	0.00885	0.00662	0.00334	0.00903
40	0.01498	0.01303	0.02143	0.41402	0.18729	0.01468	0.04228	0.02013	0.05612	0.05883	0.01628	0.02391	0.01337	0.00795	0.00711	0.00230	0.00833	0.06532	0.00396	0.00867
41	0.01419	0.01388	0.01816	0.01599	0.01643	0.05390	0.01303	0.01582	0.01101	0.01620	0.01161	0.01874	0.01142	0.05616	0.16906	0.00476	0.52298	0.00638	0.00322	0.00706
42	0.39721	0.02093	0.01592	0.01622	0.09426	0.28573	0.01137	0.02279	0.01496	0.02401	0.01027	0.01236	0.00837	0.00679	0.00590	0.00201	0.03478	0.00432	0.00383	0.00799
43	0.00995	0.00663	0.00746	0.00746	0.00746	0.00663	0.00415	0.00995	0.00995	0.01327	0.02156	0.04477	0.02487	0.75957	0.03482	0.00663	0.00663	0.00995	0.00415	0.00415
44	0.04852	0.11285	0.02468	0.04239	0.15754	0.04758	0.06741	0.27009	0.02160	0.08738	0.01461	0.01621	0.01102	0.00734	0.00718	0.00204	0.04031	0.00588	0.00504	0.01034
45	0.80789	0.01323	0.01006	0.00900	0.01323	0.01535	0.00741	0.02011	0.01164	0.03070	0.00953	0.01111	0.00741	0.00635	0.00423	0.00212	0.00529	0.00370	0.00423	0.00741
46	0.00846	0.00607	0.00806	0.00960	0.01011	0.00568	0.00655	0.00976	0.01330	0.01764	0.03851	0.70299	0.06357	0.02120	0.00875	0.00278	0.00407	0.05095	0.00635	0.00560
47	0.01776	0.01615	0.02162	0.01784	0.01948	0.02088	0.04129	0.18528	0.01610	0.02331	0.01103	0.01547	0.00970	0.01079	0.01800	0.00273	0.53391	0.00611	0.00397	0.00859
48	0.00883	0.00627	0.00801	0.00907	0.00960	0.00592	0.00606	0.01004	0.01315	0.01755	0.08617	0.51626	0.06783	0.16199	0.01368	0.00347	0.00449	0.04020	0.00601	0.00539
49	0.01715	0.58247	0.20710	0.01365	0.02056	0.02429	0.01508	0.02078	0.01404	0.01748	0.01020	0.01184	0.00875	0.00601	0.00491	0.00164	0.00801	0.00401	0.00292	0.00911
50	0.01188	0.00594	0.00891	0.00891	0.00891	0.00594	0.00594	0.00891	0.00891	0.01188	0.01188	0.02080	0.01188	0.02377	0.02674	0.80095	0.00594	0.00594	0.00297	0.00297
51	0.02511	0.02973	0.02005	0.01765	0.02135	0.60840	0.03615	0.06221	0.01963	0.05254	0.01173	0.01339	0.00942	0.00732	0.00692	0.00186	0.03948	0.00480	0.00392	0.00833
52	0.00977	0.00733	0.01100	0.01100	0.01222	0.00855	0.00855	0.01222	0.01100	0.01588	0.01833	0.02688	0.01710	0.05131	0.73245	0.01100	0.01833	0.00733	0.00367	0.00611
53	0.01419	0.01216	0.01419	0.01013	0.01621	0.00912	0.00811	0.01723	0.01419	0.02229	0.01216	0.01419	0.01013	0.00507	0.00507	0.00101	0.00507	0.00405	0.00405	0.80139
54	0.06124	0.01184	0.01770	0.06876	0.28475	0.01198	0.01328	0.01885	0.04997	0.05881	0.29183	0.03095	0.03261	0.00956	0.00716	0.00212	0.00584	0.00856	0.00548	0.00873
55	0.01275	0.00638	0.00638	0.00638	0.00797	0.00638	0.00478	0.01594	0.01435	0.02551	0.02232	0.02551	0.01754	0.00797	0.00478	0.00159	0.00319	0.00638	0.79755	0.00638
56	0.01211	0.00654	0.00942	0.00903	0.00962	0.00625	0.00615	0.00972	0.00942	0.01289	0.01191	0.02016	0.01171	0.02196	0.02465	0.72373	0.00586	0.00576	0.00308	0.08005
57	0.01605	0.01816	0.03875	0.02793	0.03427	0.01761	0.63560	0.02146	0.01567	0.02146	0.01344	0.01816	0.01026	0.00628	0.00927	0.00236	0.07284	0.00790	0.00342	0.00908
58	0.02601	0.01916	0.02053	0.01574	0.02122	0.02122	0.01300	0.69408	0.03217	0.04312	0.01643	0.01643	0.01163	0.00821	0.00684	0.00205	0.00753	0.00616	0.00684	0.01163
59	0.02040	0.55163	0.03107	0.01342	0.01860	0.23157	0.01214	0.02247	0.01549	0.01628	0.00982	0.01137	0.00879	0.00620	0.00491	0.00155	0.00877	0.00388	0.00310	0.00853
60	0.01275	0.00638	0.00638	0.00638	0.00797	0.00638	0.00478	0.01594	0.01435	0.02551	0.02232	0.02551	0.01754	0.00797	0.00478	0.00159	0.00319	0.00638	0.79755	0.00638
61	0.02016	0.01719	0.02331	0.15106	0.25582	0.05238	0.04346	0.24887	0.04631	0.05218	0.01490	0.01735	0.01126	0.00717	0.00684	0.00209	0.00826	0.00620	0.00481	0.01037
62	0.01584	0.01504	0.02495	0.15690	0.53631	0.01561	0.01941	0.02061	0.04872	0.02165	0.01618	0.01992	0.04478	0.00691	0.00686	0.00210	0.00794	0.00657	0.00364	0.01005
63	0.80789	0.01323	0.01006	0.00900	0.01323	0.01535	0.00741	0.02011	0.01164	0.03070	0.00953	0.01111	0.00741	0.00635	0.00423	0.00212	0.00529	0.00370	0.00423	0.00741
64	0.01775	0.05020	0.01661	0.01235	0.04254	0.04586	0.00955	0.06543	0.01631	0.10464	0.01400	0.01525	0.01092	0.00585	0.00548	0.00131	0.00589	0.00460	0.00465	0.55081
65	0.02167	0.15702	0.14627	0.03385	0.04667	0.01673	0.01405	0.14443	0.05280	0.22699	0.05875	0.01959	0.01557	0.00782	0.00641	0.00201	0.00716	0.00614	0.00570	0.01036
66	0.02472	0.01926	0.02036	0.01694	0.05468	0.05469	0.01320	0.56911	0.09239	0.03951	0.01702	0.01709	0.01231	0.00815	0.00682	0.00206	0.00759	0.00622	0.00653	0.01134
67	0.01829	0.76368	0.03585	0.01171	0.01756	0.02707	0.01171	0.02049	0.01390	0.01610	0.00951	0.01097	0.00878	0.00585	0.00439	0.00146	0.00732	0.00366	0.00293	0.00878
68	0.01566	0.01480	0.02485	0.19301	0.50952	0.01535	0.01959	0.01975	0.01512	0.02119	0.01382	0.02004	0.01182	0.00684	0.00685	0.00210	0.00814	0.03830	0.00348	0.03976
69	0.01919	0.01334	0.01562	0.01293	0.05094	0.03932	0.00974	0.02406	0.09747	0.19603	0.01766	0.01784	0.01307	0.00654	0.00587	0.00152	0.00573	0.00530	0.00544	0.44237
70	0.02556	0.03261	0.01939	0.01763	0.02115	0.73210	0.01322	0.02732	0.01939	0.01674	0.01058	0.01234	0.00881	0.00705	0.00617	0.00176	0.01234	0.00441	0.00353	0.00793
71	0.00954	0.00649	0.00772	0.00811	0.00826	0.00644	0.00487	0.00993	0.01078	0.01442	0.02546	0.22138	0.02966	0.54784	0.05538	0.00584	0.00642	0.01222	0.00468	0.00457
72	0.05182	0.01457	0.01583	0.01313	0.01769	0.04292	0.01050	0.12395	0.28539	0.24790	0.02583	0.02382	0.04729	0.00887	0.00676	0.00214	0.00601	0.00712	0.00704	0.04141
73	0.01593	0.01551	0.02727	0.07654	0.53310	0.01546	0.10409	0.02011	0.01573	0.02213	0.04907	0.02068	0.03945	0.00690	0.00705	0.00210	0.00820	0.00696	0.00369	0.01005
74	0.00868	0.00610	0.00784	0.00909	0.00940	0.00578	0.00588	0.00962	0.01243	0.01657	0.03429	0.60463	0.04093	0.17780	0.01426	0.00359	0.00453	0.01744	0.00588	0.00526
75	0.00901	0.00677	0.00840	0.00881	0.01027	0.00616	0.00654	0.01125	0.01623	0.02153	0.28236	0.25604	0.23126	0.01747	0.00840	0.00247	0.00381	0.08048	0.00676	0.00600
76	0.01612	0.01793	0.10272	0.16224	0.14594	0.01587	0.32668	0.02134	0.01561	0.06246	0.01469	0.01989	0.01134	0.00667	0.00744	0.00226	0.00988	0.02790	0.00370	0.00933
77	0.01446	0.03435	0.69313	0.01918	0.02908	0.01563	0.02461	0.02218	0.01467	0.05230	0.01292	0.01483	0.00903	0.00659	0.00652	0.00216	0.00992	0.00514	0.00313	0.01018

[dist]
# distance from previous block
# <min> <max>
6	11

[block]
# block no. 4 follows, 31 sequences, length 46
# corresponding to MSA columns:
# 2186-2231
name=unknown_E
#
# <colnr> <probs for GDERKNQSTAVLIFYWHMCP>
#	G	D	E	R	K	N	Q	S	T	A	V	L	I	F	Y	W	H	M	C	P
0	0.05861	0.10556	0.04330	0.12200	0.20498	0.06580	0.01439	0.02036	0.04061	0.02117	0.01237	0.01523	0.01013	0.00609	0.00583	0.00171	0.00740	0.00500	0.00365	0.23581
1	0.00894	0.00636	0.00849	0.00998	0.01058	0.00606	0.00710	0.01043	0.01341	0.01778	0.03647	0.58537	0.04294	0.06454	0.01041	0.00308	0.00457	0.14167	0.00621	0.00561
2	0.01324	0.01254	0.07910	0.01477	0.05319	0.01052	0.08447	0.01863	0.10907	0.07392	0.05712	0.18953	0.16406	0.01365	0.00790	0.00244	0.00600	0.07603	0.00584	0.00796
3	0.00837	0.00607	0.00790	0.00928	0.00988	0.00561	0.00626	0.00968	0.01354	0.01793	0.06607	0.67110	0.10147	0.02081	0.00865	0.00272	0.00390	0.01876	0.00640	0.00561
4	0.22457	0.01354	0.01525	0.01210	0.01710	0.01370	0.00996	0.15140	0.04600	0.39710	0.02070	0.01905	0.01372	0.00792	0.00621	0.00211	0.00599	0.00598	0.00705	0.01055
5	0.01291	0.00809	0.01039	0.00955	0.01182	0.00757	0.00742	0.01683	0.05559	0.12019	0.49752	0.04870	0.09302	0.01354	0.00795	0.00224	0.00393	0.05793	0.00747	0.00734
6	0.08432	0.01390	0.01679	0.01297	0.01824	0.01362	0.01071	0.22114	0.02261	0.47895	0.02274	0.02047	0.01475	0.00825	0.00668	0.00210	0.00627	0.00645	0.00770	0.01134
7	0.00830	0.00669	0.00732	0.00767	0.00941	0.00579	0.00552	0.00994	0.01505	0.01862	0.09893	0.23034	0.49331	0.04040	0.00904	0.00254	0.00367	0.01539	0.00636	0.00571
8	0.02601	0.01916	0.02053	0.01574	0.02122	0.02122	0.01300	0.69408	0.03217	0.04312	0.01643	0.01643	0.01163	0.00821	0.00684	0.00205	0.00753	0.00616	0.00684	0.01163
9	0.80789	0.01323	0.01006	0.00900	0.01323	0.01535	0.00741	0.02011	0.01164	0.03070	0.00953	0.01111	0.00741	0.00635	0.00423	0.00212	0.00529	0.00370	0.00423	0.00741
10	0.00977	0.00733	0.01100	0.01100	0.01222	0.00855	0.00855	0.01222	0.01100	0.01588	0.01833	0.02688	0.01710	0.05131	0.73245	0.01100	0.01833	0.00733	0.00367	0.00611
11	0.01680	0.05158	0.02677	0.08333	0.59114	0.01654	0.01964	0.04564	0.01592	0.02236	0.01361	0.04101	0.01179	0.00672	0.00673	0.00205	0.00799	0.00642	0.00357	0.01039
12	0.01413	0.10104	0.66207	0.01880	0.02852	0.01690	0.02405	0.02156	0.01440	0.02116	0.01203	0.01413	0.00868	0.00644	0.00631	0.00210	0.00986	0.00493	0.00289	0.00999
13	0.00902	0.00697	0.00823	0.00791	0.00981	0.00617	0.00593	0.01163	0.01780	0.02372	0.44636	0.05721	0.33379	0.01537	0.00808	0.00222	0.00333	0.01323	0.00704	0.00617
14	0.00811	0.00685	0.00702	0.00715	0.00930	0.00576	0.00530	0.00979	0.01538	0.01839	0.06657	0.12543	0.65629	0.01768	0.00814	0.00235	0.00351	0.01487	0.00635	0.00576
15	0.01701	0.38044	0.14706	0.01463	0.04061	0.02130	0.01411	0.04385	0.17477	0.02117	0.01597	0.01883	0.01335	0.00753	0.00576	0.00191	0.00733	0.04071	0.00416	0.00950
16	0.01694	0.02001	0.20478	0.07121	0.09986	0.04477	0.08692	0.08185	0.01768	0.09426	0.13589	0.02277	0.01994	0.00834	0.00781	0.00218	0.04352	0.00713	0.00477	0.00936
17	0.17502	0.01244	0.01511	0.01182	0.01693	0.01179	0.00976	0.07533	0.01895	0.54740	0.02303	0.02056	0.01481	0.00806	0.00639	0.00211	0.00584	0.00624	0.00757	0.01085
18	0.00977	0.00733	0.01100	0.01100	0.01222	0.00855	0.00855	0.01222	0.01100	0.01588	0.01833	0.02688	0.01710	0.05131	0.73245	0.01100	0.01833	0.00733	0.00367	0.00611
19	0.01688	0.47163	0.28677	0.01476	0.02209	0.04799	0.01672	0.02116	0.01429	0.01815	0.01056	0.01229	0.00874	0.00613	0.00522	0.00173	0.00852	0.00420	0.00293	0.00924
20	0.00906	0.00653	0.00816	0.00858	0.00950	0.00608	0.00587	0.01078	0.01489	0.02017	0.26653	0.31725	0.11557	0.15365	0.01322	0.00322	0.00416	0.01481	0.00635	0.00562
21	0.09071	0.01223	0.01594	0.09278	0.04786	0.01145	0.02655	0.04111	0.03864	0.23318	0.07913	0.02098	0.01705	0.00746	0.00624	0.00182	0.00595	0.00618	0.00572	0.23901
22	0.01977	0.04270	0.23018	0.03890	0.07566	0.01570	0.08669	0.08695	0.12366	0.18272	0.01850	0.01893	0.01304	0.00741	0.00682	0.00216	0.00808	0.00636	0.00523	0.01056
23	0.00823	0.00635	0.00753	0.00848	0.00965	0.00565	0.00589	0.00964	0.01411	0.01787	0.05046	0.47694	0.31518	0.01978	0.00847	0.00259	0.00377	0.01743	0.00635	0.00565
24	0.07073	0.01812	0.01922	0.01504	0.02018	0.02011	0.01233	0.59594	0.06631	0.04073	0.01736	0.04190	0.01303	0.00861	0.00676	0.00210	0.00716	0.00656	0.00668	0.01114
25	0.01650	0.13496	0.08692	0.18536	0.27620	0.06836	0.05721	0.02099	0.03330	0.01984	0.01233	0.01602	0.01000	0.00654	0.00684	0.00204	0.02829	0.00566	0.00329	0.00936
26	0.01654	0.03497	0.05992	0.01207	0.01531	0.03291	0.01023	0.06623	0.03890	0.16751	0.10296	0.11665	0.12296	0.01589	0.07149	0.00307	0.06852	0.02958	0.00604	0.00824
27	0.01191	0.00738	0.00975	0.00915	0.01101	0.00674	0.00686	0.01478	0.01850	0.10603	0.53826	0.14784	0.05632	0.01441	0.00803	0.00224	0.00363	0.01274	0.00747	0.00693
28	0.01814	0.73959	0.05862	0.01196	0.01796	0.02670	0.01216	0.02052	0.01392	0.01628	0.00960	0.01109	0.00878	0.00587	0.00446	0.00149	0.00741	0.00370	0.00293	0.00882
29	0.00992	0.00676	0.00810	0.00810	0.00832	0.00698	0.00494	0.01036	0.01014	0.01374	0.02097	0.04154	0.02347	0.63160	0.16087	0.00742	0.00875	0.00948	0.00406	0.00450
30	0.01107	0.00756	0.01047	0.01187	0.01330	0.00741	0.00991	0.01375	0.01526	0.04379	0.03625	0.23275	0.03997	0.01913	0.00919	0.00303	0.00574	0.49684	0.00639	0.00631
31	0.02234	0.01681	0.01808	0.01476	0.01952	0.01879	0.01190	0.37216	0.32441	0.07313	0.02197	0.02076	0.01595	0.00869	0.00690	0.00217	0.00652	0.00688	0.00698	0.01128
32	0.01154	0.00740	0.00962	0.00883	0.01074	0.00677	0.00665	0.01455	0.01891	0.08947	0.60430	0.04883	0.07980	0.04159	0.00897	0.00232	0.00360	0.01185	0.00745	0.00682
33	0.01102	0.00787	0.01102	0.01260	0.01417	0.00787	0.01102	0.01417	0.01575	0.02047	0.03622	0.07717	0.03937	0.01890	0.00945	0.00315	0.00630	0.67084	0.00630	0.00630
34	0.02031	0.01593	0.01703	0.01440	0.01882	0.01801	0.01146	0.23639	0.47181	0.06147	0.02433	0.02266	0.01791	0.00892	0.00692	0.00223	0.00607	0.00722	0.00699	0.01111
35	0.00978	0.00730	0.01085	0.01085	0.01203	0.00847	0.00838	0.01213	0.01095	0.01578	0.01845	0.02759	0.01741	0.07966	0.70453	0.01082	0.01786	0.00743	0.00368	0.00603
36	0.01829	0.76368	0.03585	0.01171	0.01756	0.02707	0.01171	0.02049	0.01390	0.01610	0.00951	0.01097	0.00878	0.00585	0.00439	0.00146	0.00732	0.00366	0.00293	0.00878
37	0.00977	0.00733	0.01100	0.01100	0.01222	0.00855	0.00855	0.01222	0.01100	0.01588	0.01833	0.02688	0.01710	0.05131	0.73245	0.01100	0.01833	0.00733	0.00367	0.00611
38	0.01497	0.01497	0.02095	0.01796	0.01796	0.02095	0.01497	0.01646	0.01048	0.01646	0.00898	0.01497	0.00898	0.01197	0.02245	0.00299	0.74704	0.00599	0.00299	0.00748
39	0.80789	0.01323	0.01006	0.00900	0.01323	0.01535	0.00741	0.02011	0.01164	0.03070	0.00953	0.01111	0.00741	0.00635	0.00423	0.00212	0.00529	0.00370	0.00423	0.00741
40	0.09972	0.01448	0.01662	0.01297	0.01814	0.04371	0.01066	0.19069	0.02188	0.46622	0.02218	0.02007	0.01446	0.00815	0.00660	0.00209	0.00646	0.00631	0.00749	0.01110
41	0.01180	0.00600	0.00900	0.00900	0.00905	0.00605	0.00605	0.00905	0.00900	0.01205	0.01215	0.02105	0.01210	0.02490	0.05570	0.76854	0.00645	0.00600	0.00300	0.00310
42	0.01394	0.07029	0.69114	0.01913	0.02903	0.01642	0.02463	0.02161	0.01442	0.02140	0.01214	0.01428	0.00867	0.00647	0.00640	0.00213	0.00998	0.00499	0.00289	0.01005
43	0.15862	0.01749	0.05685	0.14798	0.08515	0.07072	0.03460	0.16549	0.06497	0.04798	0.01393	0.01618	0.01055	0.00742	0.00722	0.00214	0.05145	0.00563	0.00459	0.03103
44	0.01527	0.01684	0.08042	0.07285	0.22464	0.01536	0.24569	0.02183	0.09292	0.02318	0.10310	0.02261	0.01830	0.00741	0.00738	0.00220	0.00857	0.00766	0.00427	0.00948
45	0.01702	0.01440	0.01529	0.01374	0.01748	0.01652	0.01067	0.07820	0.61292	0.02882	0.02776	0.07448	0.02193	0.01004	0.00707	0.00233	0.00546	0.00843	0.00691	0.01052

[dist]
# distance from previous block
# <min> <max>
0	21

[block]
# block no. 5 follows, 31 sequences, length 31
# corresponding to MSA columns:
# 2253-2283
name=unknown_F
#
# <colnr> <probs for GDERKNQSTAVLIFYWHMCP>
#	G	D	E	R	K	N	Q	S	T	A	V	L	I	F	Y	W	H	M	C	P
0	0.02147	0.01370	0.01560	0.01335	0.01768	0.01475	0.01058	0.03537	0.48169	0.25408	0.02757	0.02480	0.01960	0.00902	0.00693	0.00225	0.00555	0.00746	0.00745	0.01109
1	0.01002	0.00753	0.00960	0.01058	0.01225	0.00723	0.00866	0.01303	0.03666	0.02013	0.07757	0.16943	0.20944	0.01834	0.00886	0.00281	0.00508	0.36018	0.00640	0.00621
2	0.01696	0.04458	0.22756	0.02833	0.24304	0.08456	0.19068	0.04290	0.01623	0.02199	0.01275	0.01600	0.00988	0.00628	0.00690	0.00210	0.00991	0.00608	0.00337	0.00992
3	0.01312	0.00845	0.01100	0.01091	0.01256	0.03428	0.00819	0.01513	0.01338	0.12667	0.02617	0.28034	0.02661	0.03255	0.33953	0.00640	0.01113	0.01139	0.00535	0.00685
4	0.00829	0.00613	0.00776	0.00906	0.00980	0.00560	0.00614	0.00958	0.01354	0.01765	0.04336	0.63186	0.16484	0.02070	0.00862	0.00269	0.00388	0.01855	0.00635	0.00560
5	0.00986	0.00733	0.00873	0.00848	0.01044	0.00667	0.00640	0.01298	0.04209	0.04061	0.37393	0.09861	0.29436	0.01551	0.00810	0.00229	0.00361	0.03658	0.00699	0.00644
6	0.11917	0.01903	0.07124	0.02383	0.21961	0.03862	0.07563	0.29425	0.02190	0.03157	0.01388	0.01583	0.01049	0.00701	0.00656	0.00208	0.00809	0.00588	0.00487	0.01046
7	0.13655	0.01041	0.01370	0.08416	0.11752	0.01103	0.01102	0.06371	0.01507	0.02255	0.02555	0.30507	0.02764	0.01414	0.00754	0.00253	0.00588	0.11328	0.00531	0.00735
8	0.80789	0.01323	0.01006	0.00900	0.01323	0.01535	0.00741	0.02011	0.01164	0.03070	0.00953	0.01111	0.00741	0.00635	0.00423	0.00212	0.00529	0.00370	0.00423	0.00741
9	0.06739	0.01143	0.01517	0.01179	0.01680	0.01009	0.00970	0.03141	0.01918	0.64412	0.06934	0.02444	0.01947	0.00871	0.00683	0.00212	0.00563	0.00707	0.00820	0.01111
10	0.01723	0.41335	0.10124	0.11933	0.06778	0.04703	0.03236	0.02062	0.01447	0.03771	0.01122	0.01357	0.00932	0.00613	0.00539	0.00171	0.00800	0.00456	0.00324	0.06574
11	0.01461	0.01369	0.02223	0.36718	0.29209	0.01464	0.01804	0.01875	0.01447	0.02005	0.01242	0.01712	0.00992	0.00629	0.00654	0.00199	0.00812	0.00577	0.00333	0.13276
12	0.07130	0.08963	0.24065	0.02147	0.17014	0.01810	0.01783	0.19106	0.04255	0.05321	0.01408	0.01564	0.01052	0.00694	0.00633	0.00205	0.00815	0.00550	0.00442	0.01043
13	0.01665	0.01596	0.02725	0.09198	0.66913	0.01618	0.02085	0.02075	0.01544	0.02200	0.01282	0.01703	0.01071	0.00615	0.00678	0.00205	0.00820	0.00609	0.00336	0.01061
14	0.00836	0.00618	0.00782	0.00901	0.00981	0.00564	0.00615	0.00975	0.01387	0.01815	0.07769	0.59383	0.16811	0.02031	0.00858	0.00266	0.00384	0.01818	0.00641	0.00564
15	0.00956	0.00820	0.00848	0.00885	0.01041	0.05154	0.00635	0.01137	0.01560	0.01961	0.16950	0.31050	0.31008	0.01757	0.00820	0.00242	0.00416	0.01526	0.00639	0.00595
16	0.01117	0.00758	0.00987	0.01034	0.01200	0.00724	0.00809	0.01434	0.04442	0.06404	0.20867	0.24172	0.10254	0.01717	0.00854	0.00263	0.00461	0.21163	0.00679	0.00661
17	0.63896	0.06373	0.01332	0.03999	0.01576	0.01675	0.00877	0.09228	0.01408	0.03051	0.01037	0.01197	0.00802	0.00654	0.00463	0.00207	0.00582	0.00406	0.00438	0.00796
18	0.00868	0.00680	0.00786	0.00792	0.00969	0.00598	0.00582	0.01085	0.01652	0.02145	0.28934	0.16832	0.38275	0.01680	0.00818	0.00233	0.00346	0.01450	0.00676	0.00598
19	0.01633	0.01278	0.01488	0.01078	0.01676	0.01031	0.00869	0.08132	0.01620	0.06826	0.01349	0.01497	0.01070	0.00557	0.00535	0.00118	0.00534	0.00443	0.00459	0.67807
20	0.00986	0.00689	0.00821	0.00870	0.00917	0.00684	0.00566	0.01120	0.03512	0.01573	0.02880	0.21342	0.05548	0.45628	0.02413	0.00506	0.00582	0.08356	0.00506	0.00499
21	0.00977	0.00733	0.01100	0.01100	0.01222	0.00855	0.00855	0.01222	0.01100	0.01588	0.01833	0.02688	0.01710	0.05131	0.73245	0.01100	0.01833	0.00733	0.00367	0.00611
22	0.77310	0.01316	0.01032	0.00914	0.01342	0.01511	0.00753	0.02070	0.01200	0.06162	0.01031	0.01166	0.00784	0.00645	0.00435	0.00212	0.00532	0.00385	0.00442	0.00760
23	0.01615	0.01845	0.04037	0.02884	0.03576	0.01730	0.69204	0.02191	0.01615	0.02191	0.01384	0.01845	0.01038	0.00577	0.00807	0.00231	0.01153	0.00807	0.00346	0.00923
24	0.02462	0.01743	0.01898	0.01498	0.02010	0.01916	0.01224	0.48675	0.17140	0.11178	0.01993	0.01905	0.01413	0.00846	0.00687	0.00212	0.00691	0.00656	0.00704	0.01147
25	0.00989	0.00688	0.00871	0.00871	0.00913	0.00731	0.00570	0.01075	0.01032	0.01419	0.02042	0.03847	0.02214	0.51035	0.28030	0.00817	0.01075	0.00903	0.00398	0.00484
26	0.01528	0.01356	0.01730	0.27204	0.02804	0.01619	0.01388	0.02816	0.41025	0.02395	0.02191	0.02442	0.01695	0.00886	0.00757	0.00236	0.03359	0.03088	0.00541	0.00940
27	0.00834	0.00595	0.00794	0.00953	0.00992	0.00556	0.00635	0.00953	0.01310	0.01746	0.03771	0.75510	0.04525	0.02143	0.00873	0.00278	0.00397	0.01945	0.00635	0.00556
28	0.02090	0.03780	0.11058	0.06686	0.07681	0.01575	0.03101	0.16481	0.15114	0.18536	0.05372	0.02121	0.01646	0.00815	0.00685	0.00214	0.00711	0.00675	0.00603	0.01056
29	0.01955	0.21916	0.02644	0.10883	0.08174	0.05681	0.07636	0.19898	0.10061	0.02591	0.01454	0.01627	0.01131	0.00707	0.00627	0.00196	0.00808	0.00574	0.00456	0.00979
30	0.03774	0.08534	0.09818	0.01409	0.03643	0.01463	0.02915	0.11182	0.10868	0.08703	0.04720	0.02215	0.01617	0.00790	0.00631	0.00186	0.00653	0.04762	0.00522	0.21593

[dist]
# distance from previous block
# <min> <max>
0	5

[block]
# block no. 6 follows, 31 sequences, length 41
# corresponding to MSA columns:
# 2289-2329
name=unknown_G
#
# <colnr> <probs for GDERKNQSTAVLIFYWHMCP>
#	G	D	E	R	K	N	Q	S	T	A	V	L	I	F	Y	W	H	M	C	P
0	0.01685	0.04135	0.07092	0.09643	0.06346	0.09861	0.10391	0.10630	0.04961	0.05083	0.02175	0.14937	0.05666	0.01008	0.00717	0.00219	0.00792	0.00888	0.00485	0.03287
1	0.01912	0.04655	0.01885	0.08273	0.04216	0.12649	0.02707	0.07973	0.11155	0.10822	0.05221	0.02093	0.03444	0.01008	0.03038	0.00242	0.12275	0.00655	0.00503	0.05274
2	0.54928	0.05731	0.07745	0.01189	0.01687	0.03402	0.04460	0.04368	0.06567	0.02855	0.01163	0.01307	0.00894	0.00661	0.00498	0.00210	0.00640	0.00445	0.00428	0.00823
3	0.01151	0.01385	0.16290	0.01222	0.01609	0.00911	0.02868	0.01482	0.01407	0.04841	0.05099	0.27266	0.09826	0.01839	0.09792	0.00335	0.00740	0.01144	0.00505	0.10288
4	0.67242	0.01568	0.01174	0.01050	0.01443	0.10283	0.00850	0.02080	0.01253	0.02827	0.00963	0.01146	0.00766	0.00672	0.00539	0.00212	0.04384	0.00391	0.00408	0.00748
5	0.02238	0.17189	0.02043	0.01268	0.01746	0.01692	0.01077	0.24645	0.04351	0.20349	0.14141	0.02341	0.02201	0.00883	0.00656	0.00197	0.00623	0.00696	0.00655	0.01009
6	0.01672	0.04547	0.01927	0.03431	0.04784	0.01147	0.09343	0.02009	0.01512	0.10827	0.01411	0.01592	0.01095	0.00570	0.00575	0.00140	0.00629	0.00502	0.00442	0.51844
7	0.02640	0.01404	0.01687	0.01324	0.01820	0.01407	0.01083	0.24724	0.08689	0.38714	0.07271	0.02325	0.01898	0.00885	0.00696	0.00212	0.00615	0.00712	0.00773	0.01119
8	0.01954	0.03785	0.01724	0.01489	0.05871	0.01444	0.02982	0.15277	0.16066	0.16797	0.05573	0.02914	0.09882	0.01209	0.04273	0.00265	0.03940	0.02940	0.00640	0.00975
