[name]
unknown

[dist]
# distance from previous block
# <min> <max>
0	11

[block]
# block no. 0 follows, 29 sequences, length 26
# corresponding to MSA columns:
# 225-250
name=unknown_A
#
# <colnr> <probs for GDERKNQSTAVLIFYWHMCP>
#	G	D	E	R	K	N	Q	S	T	A	V	L	I	F	Y	W	H	M	C	P
0	0.01017	0.00763	0.01144	0.01144	0.01272	0.00890	0.00890	0.01272	0.01144	0.01653	0.01907	0.02797	0.01780	0.05340	0.72153	0.01144	0.01907	0.00763	0.00381	0.00636
1	0.01477	0.01266	0.01477	0.01055	0.01687	0.00949	0.00844	0.01793	0.01477	0.02320	0.01266	0.01477	0.01055	0.00527	0.00527	0.00105	0.00527	0.00422	0.00422	0.79328
2	0.00857	0.00691	0.00763	0.00810	0.00988	0.00597	0.00583	0.01027	0.01562	0.01933	0.08987	0.27164	0.47715	0.01917	0.00862	0.00254	0.00375	0.01650	0.00667	0.00597
3	0.01017	0.00763	0.01144	0.01144	0.01272	0.00890	0.00890	0.01272	0.01144	0.01653	0.01907	0.02797	0.01780	0.05340	0.72153	0.01144	0.01907	0.00763	0.00381	0.00636
4	0.01720	0.01884	0.03942	0.06155	0.07049	0.01805	0.58425	0.05487	0.01748	0.02371	0.01441	0.01901	0.01083	0.00619	0.00822	0.00237	0.01151	0.00811	0.00375	0.00973
5	0.01536	0.01475	0.02566	0.34334	0.33156	0.01602	0.07118	0.01991	0.01559	0.02126	0.04675	0.02008	0.01319	0.00706	0.00725	0.00226	0.00894	0.00682	0.00358	0.00945
6	0.80005	0.01377	0.01047	0.00936	0.01377	0.01597	0.00771	0.02093	0.01212	0.03195	0.00991	0.01157	0.00771	0.00661	0.00441	0.00220	0.00551	0.00386	0.00441	0.00771
7	0.06103	0.03304	0.01975	0.01794	0.02165	0.68978	0.01349	0.02810	0.01982	0.01807	0.01096	0.01278	0.00911	0.00731	0.00633	0.00185	0.01251	0.00455	0.00370	0.00823
8	0.01477	0.01266	0.01477	0.01055	0.01687	0.00949	0.00844	0.01793	0.01477	0.02320	0.01266	0.01477	0.01055	0.00527	0.00527	0.00105	0.00527	0.00422	0.00422	0.79328
9	0.01681	0.01921	0.04202	0.03001	0.03721	0.01801	0.67947	0.02281	0.01681	0.02281	0.01441	0.01921	0.01080	0.00600	0.00840	0.00240	0.01200	0.00840	0.00360	0.00960
10	0.00931	0.00716	0.01057	0.04712	0.01358	0.00688	0.04013	0.01096	0.01382	0.01840	0.03670	0.67327	0.04344	0.02075	0.00896	0.00284	0.00478	0.01897	0.00629	0.00608
11	0.01345	0.01266	0.02136	0.73264	0.04904	0.01582	0.01978	0.01819	0.01424	0.01819	0.01266	0.01898	0.00949	0.00712	0.00712	0.00237	0.00949	0.00633	0.00316	0.00791
12	0.00959	0.00726	0.00885	0.00845	0.01034	0.00651	0.00634	0.01250	0.01901	0.02584	0.51796	0.05766	0.25250	0.01557	0.00840	0.00229	0.00343	0.01350	0.00748	0.00651
13	0.01034	0.00695	0.00800	0.00800	0.00808	0.00703	0.00460	0.01050	0.01042	0.01398	0.02223	0.04544	0.02538	0.70631	0.07899	0.00719	0.00766	0.01019	0.00428	0.00444
14	0.00868	0.00620	0.00826	0.00991	0.01033	0.00578	0.00661	0.00991	0.01363	0.01818	0.03925	0.74510	0.04710	0.02231	0.00909	0.00289	0.00413	0.02024	0.00661	0.00578
15	0.01477	0.01266	0.01477	0.01055	0.01687	0.00949	0.00844	0.01793	0.01477	0.02320	0.01266	0.01477	0.01055	0.00527	0.00527	0.00105	0.00527	0.00422	0.00422	0.79328
16	0.02624	0.06802	0.02099	0.01805	0.02184	0.68836	0.01368	0.02810	0.01991	0.01740	0.01095	0.01277	0.00917	0.00728	0.00633	0.00182	0.01259	0.00455	0.00364	0.00830
17	0.01036	0.00690	0.00777	0.00777	0.00777	0.00690	0.00431	0.01036	0.01036	0.01381	0.02244	0.04660	0.02589	0.74975	0.03624	0.00690	0.00690	0.01036	0.00431	0.00431
18	0.01224	0.00623	0.00918	0.00918	0.00918	0.00623	0.00607	0.00934	0.00934	0.01246	0.01300	0.02320	0.01321	0.06996	0.02835	0.74380	0.00623	0.00644	0.00317	0.00317
19	0.01067	0.00762	0.01055	0.01219	0.01347	0.00750	0.01007	0.01335	0.01559	0.02040	0.03815	0.27245	0.04275	0.02043	0.00962	0.00317	0.00586	0.47326	0.00657	0.00633
20	0.01762	0.01692	0.02890	0.04371	0.70533	0.01692	0.02185	0.02185	0.01621	0.02326	0.01339	0.01762	0.01128	0.00634	0.00705	0.00211	0.00846	0.00634	0.00352	0.01128
21	0.00875	0.00637	0.00828	0.00977	0.01042	0.00589	0.00667	0.01012	0.01399	0.01839	0.04237	0.65531	0.11015	0.02180	0.00905	0.00286	0.00417	0.04319	0.00661	0.00583
22	0.00947	0.00722	0.00870	0.00841	0.01029	0.00645	0.00628	0.01223	0.01860	0.02506	0.46683	0.08480	0.27772	0.01601	0.00843	0.00232	0.00347	0.01388	0.00738	0.00645
23	0.01605	0.01567	0.04796	0.45483	0.22360	0.04941	0.01988	0.02055	0.01535	0.05008	0.01346	0.01841	0.01030	0.00698	0.00706	0.00227	0.00926	0.00625	0.00353	0.00912
24	0.05437	0.01340	0.01512	0.01112	0.01720	0.01117	0.00893	0.06990	0.04826	0.02561	0.01364	0.01535	0.01106	0.00580	0.00547	0.00126	0.00550	0.00455	0.00459	0.65771
25	0.01820	0.08427	0.13156	0.04555	0.17705	0.01752	0.05111	0.07292	0.08028	0.08592	0.01711	0.05471	0.01404	0.00983	0.02809	0.00254	0.08756	0.00701	0.00461	0.01013

[dist]
# distance from previous block
# <min> <max>
0	1

[block]
# block no. 1 follows, 29 sequences, length 84
# corresponding to MSA columns:
# 253-273,275-302,304-338
name=unknown_B
#
# <colnr> <probs for GDERKNQSTAVLIFYWHMCP>
#	G	D	E	R	K	N	Q	S	T	A	V	L	I	F	Y	W	H	M	C	P
0	0.01466	0.05597	0.14618	0.04564	0.02045	0.03448	0.03417	0.04546	0.01419	0.02004	0.04503	0.02354	0.04100	0.09529	0.07338	0.00365	0.21824	0.00702	0.00389	0.05772
1	0.01851	0.02296	0.17265	0.02971	0.34776	0.11573	0.01958	0.02358	0.03670	0.05151	0.01394	0.01666	0.01100	0.00668	0.00674	0.00202	0.00903	0.00574	0.00383	0.08567
2	0.01569	0.01736	0.03714	0.02704	0.03326	0.01628	0.58248	0.02097	0.01624	0.02199	0.01742	0.10023	0.01532	0.03286	0.00942	0.00261	0.01096	0.00978	0.00396	0.00900
3	0.01416	0.01213	0.01478	0.01099	0.01670	0.00932	0.02575	0.01720	0.01470	0.02265	0.01556	0.09332	0.01448	0.00712	0.00576	0.00129	0.00533	0.00605	0.00446	0.68826
4	0.05105	0.01411	0.01846	0.01904	0.18177	0.01256	0.01214	0.04944	0.04934	0.08319	0.01501	0.01679	0.01181	0.00624	0.00600	0.00157	0.00624	0.00524	0.00472	0.43528
5	0.02489	0.03095	0.01899	0.01737	0.02078	0.64123	0.01305	0.02684	0.01935	0.01775	0.01209	0.01448	0.01016	0.01058	0.05603	0.00249	0.01287	0.00488	0.03717	0.00805
6	0.01025	0.00841	0.01120	0.01001	0.01243	0.00769	0.05315	0.01390	0.04598	0.02478	0.39517	0.05537	0.29472	0.01504	0.00836	0.00232	0.00414	0.01316	0.00707	0.00685
7	0.01053	0.00735	0.00964	0.00908	0.01080	0.00677	0.00680	0.01380	0.01993	0.04392	0.66243	0.07718	0.06533	0.01470	0.00839	0.00226	0.00345	0.01301	0.00782	0.00681
8	0.01586	0.01776	0.08290	0.02389	0.07364	0.01638	0.32919	0.02371	0.13897	0.02349	0.01954	0.07312	0.01662	0.00890	0.00884	0.00246	0.05125	0.03603	0.02792	0.00950
9	0.01036	0.00690	0.00777	0.00777	0.00777	0.00690	0.00431	0.01036	0.01036	0.01381	0.02244	0.04660	0.02589	0.74975	0.03624	0.00690	0.00690	0.01036	0.00431	0.00431
10	0.01709	0.01612	0.09488	0.01586	0.01949	0.01554	0.05960	0.11903	0.01757	0.08590	0.02646	0.03163	0.12984	0.01184	0.01215	0.00257	0.21419	0.06334	0.03810	0.00881
11	0.01364	0.00824	0.00947	0.00883	0.01101	0.00820	0.00673	0.01893	0.09743	0.06790	0.29078	0.03688	0.03786	0.01095	0.00672	0.00201	0.00377	0.00929	0.34383	0.00754
12	0.02574	0.01916	0.02066	0.01576	0.02152	0.02073	0.01299	0.61020	0.03147	0.04255	0.01662	0.01685	0.01194	0.00820	0.00692	0.00202	0.00756	0.00618	0.00681	0.09614
13	0.01308	0.01073	0.01272	0.04340	0.01671	0.03944	0.01125	0.01951	0.14876	0.02246	0.03739	0.06322	0.10280	0.01651	0.00893	0.00292	0.00645	0.40973	0.00644	0.00755
14	0.01504	0.03168	0.51963	0.02361	0.05819	0.01692	0.18883	0.02259	0.01552	0.02264	0.01321	0.01617	0.00955	0.00656	0.00718	0.00229	0.01081	0.00609	0.00317	0.01032
15	0.01147	0.00820	0.01147	0.01311	0.01475	0.00820	0.01147	0.01475	0.01639	0.02131	0.03770	0.08032	0.04098	0.01967	0.00984	0.00328	0.00656	0.65741	0.00656	0.00656
16	0.01826	0.01557	0.01641	0.01460	0.01873	0.01797	0.01140	0.07567	0.65374	0.03067	0.02828	0.02601	0.02117	0.00960	0.00724	0.00240	0.00576	0.00795	0.00724	0.01132
17	0.01690	0.12687	0.05906	0.15204	0.38898	0.01852	0.09492	0.02130	0.01564	0.02136	0.01284	0.01700	0.01051	0.00642	0.00683	0.00211	0.00900	0.00615	0.00338	0.01017
18	0.01241	0.01022	0.01511	0.01449	0.04371	0.01187	0.03970	0.01469	0.01293	0.03870	0.06195	0.08553	0.06355	0.08067	0.29372	0.00644	0.17362	0.00923	0.00445	0.00701
19	0.01904	0.75404	0.03731	0.01218	0.01828	0.02818	0.01218	0.02132	0.01447	0.01675	0.00990	0.01142	0.00914	0.00609	0.00457	0.00152	0.00761	0.00381	0.00305	0.00914
20	0.00921	0.00724	0.00832	0.00805	0.01011	0.00635	0.00604	0.01177	0.01812	0.02371	0.37462	0.06116	0.39717	0.01636	0.00841	0.00233	0.00349	0.01399	0.00720	0.00635
21	0.01655	0.01574	0.02622	0.16056	0.53566	0.01635	0.02041	0.02146	0.04470	0.02251	0.01617	0.02018	0.03780	0.00707	0.00712	0.00218	0.00833	0.00675	0.00374	0.01049
22	0.02660	0.03394	0.02018	0.01834	0.02201	0.72116	0.01376	0.02843	0.02018	0.01743	0.01101	0.01284	0.00917	0.00734	0.00642	0.00183	0.01284	0.00459	0.00367	0.00825
23	0.01017	0.00763	0.01144	0.01144	0.01272	0.00890	0.00890	0.01272	0.01144	0.01653	0.01907	0.02797	0.01780	0.05340	0.72153	0.01144	0.01907	0.00763	0.00381	0.00636
24	0.00879	0.00628	0.00839	0.01005	0.01051	0.00588	0.00681	0.01011	0.01375	0.01831	0.03918	0.71780	0.04684	0.02220	0.00912	0.00291	0.00423	0.04641	0.00661	0.00582
25	0.01443	0.03591	0.68315	0.02005	0.03029	0.01659	0.02567	0.02320	0.04391	0.02286	0.01347	0.01553	0.00956	0.00689	0.00679	0.00226	0.01032	0.00538	0.00319	0.01056
26	0.01760	0.01699	0.02930	0.04329	0.68518	0.01695	0.04169	0.02188	0.01623	0.02325	0.01342	0.01767	0.01126	0.00633	0.00709	0.00212	0.00857	0.00641	0.00353	0.01123
27	0.00847	0.00722	0.00730	0.00728	0.00965	0.00604	0.00546	0.01033	0.01637	0.01957	0.09457	0.06798	0.67980	0.01791	0.00842	0.00240	0.00360	0.01495	0.00666	0.00604
28	0.01017	0.00763	0.01144	0.01144	0.01272	0.00890	0.00890	0.01272	0.01144	0.01653	0.01907	0.02797	0.01780	0.05340	0.72153	0.01144	0.01907	0.00763	0.00381	0.00636
29	0.02129	0.02470	0.04683	0.03231	0.39681	0.31292	0.01859	0.02464	0.01784	0.02079	0.01237	0.01553	0.01032	0.00678	0.00678	0.00200	0.01037	0.00557	0.00357	0.00998
30	0.00907	0.00703	0.00827	0.00841	0.01013	0.00622	0.00613	0.01132	0.01712	0.02240	0.29386	0.20273	0.33642	0.01765	0.00855	0.00245	0.00363	0.01532	0.00706	0.00622
31	0.01516	0.04412	0.01687	0.01303	0.06075	0.01120	0.00971	0.01829	0.01470	0.02271	0.01246	0.01484	0.01049	0.00564	0.00603	0.00122	0.03273	0.00441	0.00408	0.68155
32	0.01027	0.00768	0.00968	0.00890	0.01101	0.00686	0.00672	0.01346	0.01936	0.02723	0.58711	0.05182	0.12609	0.01420	0.00816	0.00217	0.00353	0.01244	0.00744	0.06588
33	0.01331	0.00807	0.01054	0.00973	0.01204	0.00735	0.00759	0.01644	0.01952	0.12846	0.48927	0.05259	0.11149	0.01445	0.00834	0.00234	0.00406	0.06920	0.00777	0.00745
34	0.01763	0.36826	0.18239	0.01647	0.02219	0.06542	0.04552	0.02122	0.01431	0.01842	0.01069	0.01350	0.00923	0.00762	0.00920	0.00207	0.15874	0.00488	0.00311	0.00913
35	0.00993	0.00727	0.00931	0.00880	0.01055	0.00666	0.00660	0.01315	0.01980	0.02772	0.64512	0.05457	0.12417	0.01487	0.00840	0.00225	0.00338	0.01307	0.00773	0.00666
36	0.01397	0.01456	0.06286	0.61255	0.12249	0.01599	0.02040	0.01886	0.01451	0.01903	0.01275	0.01860	0.00967	0.00701	0.00709	0.00234	0.00944	0.00627	0.00320	0.00845
37	0.01910	0.01599	0.01688	0.01477	0.01905	0.01836	0.01161	0.13353	0.59451	0.03203	0.02722	0.02516	0.02031	0.00950	0.00723	0.00237	0.00596	0.00781	0.00723	0.01140
38	0.01520	0.01559	0.05559	0.41214	0.14491	0.03845	0.03589	0.02231	0.11991	0.02145	0.03850	0.02071	0.01361	0.00760	0.00717	0.00231	0.00875	0.00677	0.00403	0.00911
39	0.00932	0.00840	0.00792	0.00781	0.01023	0.03759	0.00586	0.01122	0.01664	0.01972	0.10726	0.06515	0.63371	0.01735	0.00833	0.00237	0.00400	0.01444	0.00656	0.00615
40	0.02193	0.01713	0.13543	0.06898	0.09746	0.03498	0.01468	0.02705	0.06232	0.30979	0.08475	0.02591	0.04953	0.00900	0.00723	0.00223	0.00716	0.00753	0.00639	0.01052
41	0.01177	0.01189	0.08776	0.01363	0.01646	0.00960	0.04085	0.01645	0.07145	0.02129	0.03280	0.27455	0.03539	0.01714	0.00882	0.00285	0.00633	0.27762	0.00603	0.03733
42	0.80005	0.01377	0.01047	0.00936	0.01377	0.01597	0.00771	0.02093	0.01212	0.03195	0.00991	0.01157	0.00771	0.00661	0.00441	0.00220	0.00551	0.00386	0.00441	0.00771
43	0.03766	0.05755	0.21520	0.10568	0.26930	0.01675	0.01997	0.06647	0.01663	0.04201	0.01346	0.01648	0.01042	0.00666	0.00664	0.00207	0.00864	0.00569	0.00379	0.07892
44	0.01351	0.01067	0.01155	0.01099	0.01310	0.01165	0.00784	0.02309	0.32290	0.02244	0.03072	0.11334	0.07297	0.25428	0.01695	0.00391	0.00566	0.01055	0.03603	0.00786
45	0.01606	0.01686	0.07530	0.15973	0.48733	0.01597	0.02070	0.02057	0.01577	0.02230	0.04229	0.01955	0.01339	0.00860	0.03362	0.00252	0.00897	0.00659	0.00362	0.01026
46	0.01534	0.01459	0.02508	0.38990	0.21496	0.01608	0.09576	0.04408	0.01567	0.02115	0.01348	0.01880	0.01058	0.00867	0.03640	0.00262	0.00969	0.00655	0.00352	0.03707
47	0.04724	0.28429	0.22837	0.01493	0.02165	0.01865	0.05425	0.02176	0.01532	0.07751	0.03220	0.04424	0.01345	0.00748	0.00597	0.00193	0.00789	0.00585	0.05850	0.03851
48	0.04741	0.01517	0.06945	0.12293	0.02452	0.03848	0.12367	0.04828	0.04120	0.05052	0.06088	0.08923	0.06295	0.06120	0.00998	0.00259	0.03557	0.00878	0.00483	0.08237
49	0.15191	0.01077	0.01248	0.06375	0.04211	0.01159	0.00928	0.02023	0.15388	0.04341	0.21018	0.13128	0.05450	0.04367	0.00857	0.00257	0.00517	0.01041	0.00628	0.00797
50	0.07159	0.04449	0.02222	0.13199	0.27015	0.01559	0.04516	0.06728	0.04205	0.02349	0.01837	0.04244	0.03974	0.01367	0.09065	0.00333	0.00924	0.03495	0.00428	0.00930
51	0.62400	0.01483	0.01395	0.01257	0.04150	0.04520	0.05522	0.02098	0.01301	0.02946	0.01086	0.01312	0.00861	0.00832	0.03228	0.00251	0.00689	0.00445	0.00426	0.03797
52	0.01068	0.00811	0.01183	0.01161	0.01276	0.00963	0.00903	0.01310	0.01151	0.01689	0.01870	0.02774	0.01753	0.07452	0.61756	0.01029	0.06780	0.00759	0.03672	0.00639
53	0.00933	0.00718	0.00853	0.00834	0.01022	0.00638	0.00620	0.01194	0.01817	0.02419	0.40976	0.10724	0.31388	0.01645	0.00845	0.00235	0.00351	0.01423	0.00727	0.00638
54	0.01233	0.01031	0.01133	0.01046	0.01318	0.01071	0.00807	0.03946	0.21347	0.02495	0.18862	0.04930	0.32010	0.01435	0.00867	0.00239	0.03552	0.01191	0.00692	0.00795
55	0.01762	0.01692	0.02890	0.04371	0.70533	0.01692	0.02185	0.02185	0.01621	0.02326	0.01339	0.01762	0.01128	0.00634	0.00705	0.00211	0.00846	0.00634	0.00352	0.01128
56	0.06262	0.28929	0.30095	0.01778	0.06743	0.03888	0.01826	0.02144	0.01450	0.02040	0.01162	0.01417	0.00949	0.00861	0.03410	0.00237	0.05051	0.00486	0.00319	0.00954
57	0.01777	0.54106	0.17463	0.01469	0.04123	0.02435	0.01516	0.02139	0.01465	0.01852	0.01076	0.01255	0.00926	0.00619	0.00514	0.00166	0.00810	0.00421	0.00312	0.05557
58	0.01904	0.75404	0.03731	0.01218	0.01828	0.02818	0.01218	0.02132	0.01447	0.01675	0.00990	0.01142	0.00914	0.00609	0.00457	0.00152	0.00761	0.00381	0.00305	0.00914
59	0.01126	0.00867	0.01095	0.01102	0.04052	0.00854	0.00763	0.01490	0.06685	0.02181	0.23624	0.04372	0.10203	0.18166	0.12579	0.00467	0.00723	0.02746	0.00579	0.06326
60	0.01717	0.01646	0.02809	0.11782	0.63473	0.01680	0.02163	0.02146	0.01600	0.02272	0.01331	0.01777	0.01109	0.00643	0.00706	0.00214	0.00857	0.00634	0.00349	0.01092
61	0.01073	0.01004	0.05942	0.08803	0.01644	0.00878	0.00969	0.01443	0.04356	0.02188	0.20667	0.18620	0.12500	0.04876	0.06211	0.00332	0.00625	0.04094	0.03086	0.00688
62	0.03195	0.01212	0.01652	0.01267	0.01818	0.01047	0.01047	0.03470	0.02038	0.71026	0.02809	0.02424	0.01763	0.00881	0.00716	0.00220	0.00606	0.00716	0.00881	0.01212
63	0.01011	0.00737	0.01043	0.01055	0.01149	0.00825	0.00776	0.01201	0.01136	0.01606	0.02120	0.08179	0.02158	0.20103	0.52465	0.00987	0.01542	0.00909	0.00412	0.00588
64	0.01085	0.00747	0.00964	0.00898	0.01087	0.00682	0.00678	0.01407	0.01988	0.05576	0.62821	0.05312	0.11141	0.01458	0.00835	0.00225	0.00349	0.01280	0.00779	0.00689
65	0.01604	0.01346	0.01448	0.01303	0.01659	0.01506	0.01011	0.05862	0.49422	0.02938	0.14886	0.03411	0.08306	0.01113	0.00753	0.00237	0.00517	0.00937	0.00729	0.01010
66	0.00914	0.00651	0.00869	0.01027	0.01084	0.00617	0.00719	0.01061	0.01388	0.01843	0.03832	0.62300	0.04535	0.05269	0.01034	0.00312	0.00459	0.10857	0.00651	0.00583
67	0.01441	0.04036	0.01508	0.01070	0.01644	0.00992	0.00862	0.01743	0.01477	0.02257	0.01534	0.06076	0.01413	0.00701	0.00569	0.00129	0.00536	0.03702	0.00443	0.67867
68	0.01625	0.05860	0.02596	0.15050	0.42040	0.01654	0.04397	0.02146	0.06286	0.02252	0.04883	0.04978	0.01576	0.00773	0.00713	0.00219	0.00809	0.00728	0.00404	0.01008
69	0.16048	0.20848	0.18233	0.01560	0.04688	0.03805	0.01488	0.05077	0.17116	0.02520	0.01540	0.01626	0.01195	0.00730	0.00590	0.00208	0.00762	0.00535	0.00444	0.00986
70	0.01433	0.02111	0.23883	0.01808	0.04049	0.05557	0.09568	0.01950	0.03606	0.02181	0.10407	0.03186	0.04633	0.06179	0.01143	0.00278	0.08842	0.07885	0.00448	0.00852
71	0.01925	0.01933	0.09972	0.02736	0.27264	0.01817	0.06320	0.15139	0.15472	0.04327	0.01737	0.01919	0.01331	0.00778	0.00789	0.00226	0.04030	0.00673	0.00500	0.01110
72	0.01036	0.00690	0.00777	0.00777	0.00777	0.00690	0.00431	0.01036	0.01036	0.01381	0.02244	0.04660	0.02589	0.74975	0.03624	0.00690	0.00690	0.01036	0.00431	0.00431
73	0.01512	0.02396	0.32488	0.01957	0.09545	0.01582	0.01859	0.02553	0.21140	0.02531	0.10672	0.02361	0.02049	0.00876	0.00770	0.00231	0.03243	0.00720	0.00492	0.01023
74	0.01033	0.00701	0.00829	0.00829	0.00848	0.00719	0.00497	0.01069	0.01051	0.01420	0.02195	0.04393	0.02473	0.64997	0.13444	0.00755	0.00865	0.00996	0.00424	0.00461
75	0.01477	0.01266	0.01477	0.01055	0.01687	0.00949	0.00844	0.01793	0.01477	0.02320	0.01266	0.01477	0.01055	0.00527	0.00527	0.00105	0.00527	0.00422	0.00422	0.79328
76	0.02037	0.45995	0.10730	0.01475	0.02063	0.20227	0.01412	0.02397	0.04488	0.01813	0.01131	0.01283	0.00967	0.00664	0.00540	0.00172	0.00918	0.00435	0.00338	0.00916
77	0.00915	0.00680	0.00839	0.00947	0.01053	0.00628	0.00677	0.01070	0.01439	0.01849	0.04597	0.41621	0.21288	0.08648	0.01147	0.00318	0.00458	0.10606	0.00640	0.00582
78	0.01118	0.00746	0.00822	0.00811	0.00857	0.00763	0.00487	0.01293	0.05822	0.01629	0.02298	0.04305	0.02478	0.61859	0.03087	0.00603	0.00643	0.00980	0.08896	0.00505
79	0.07213	0.04649	0.08163	0.01571	0.05391	0.01391	0.07897	0.06588	0.06345	0.08814	0.01768	0.01891	0.03819	0.00699	0.00627	0.00177	0.00689	0.00589	0.00489	0.31229
80	0.04238	0.07554	0.24350	0.02565	0.23378	0.07829	0.04482	0.05557	0.03464	0.02372	0.03069	0.01680	0.01180	0.00690	0.00666	0.00207	0.00909	0.00578	0.00379	0.04854
81	0.05172	0.16513	0.08873	0.04279	0.31991	0.01853	0.01721	0.04339	0.08396	0.02356	0.04383	0.04136	0.01500	0.00761	0.00656	0.00208	0.00772	0.00652	0.00418	0.01021
82	0.05233	0.06206	0.25691	0.01682	0.04410	0.08562	0.01660	0.07098	0.08900	0.12156	0.04774	0.02326	0.03747	0.00871	0.00691	0.00222	0.00831	0.03416	0.00516	0.01008
83	0.03853	0.07523	0.27103	0.02781	0.27593	0.06625	0.05005	0.02343	0.01616	0.07008	0.01374	0.01632	0.01051	0.00671	0.00673	0.00213	0.00935	0.00575	0.00371	0.01054

[dist]
# distance from previous block
# <min> <max>
0	6

[block]
# block no. 2 follows, 29 sequences, length 18
# corresponding to MSA columns:
# 345-362
name=unknown_C
#
# <colnr> <probs for GDERKNQSTAVLIFYWHMCP>
#	G	D	E	R	K	N	Q	S	T	A	V	L	I	F	Y	W	H	M	C	P
0	0.01723	0.20171	0.31216	0.02045	0.12662	0.01871	0.01910	0.06986	0.01656	0.05336	0.01519	0.07055	0.01289	0.00794	0.00650	0.00210	0.00863	0.00638	0.00393	0.01013
1	0.04963	0.13880	0.37149	0.01716	0.02457	0.01806	0.04271	0.07652	0.04489	0.02330	0.01409	0.01752	0.01123	0.04697	0.05121	0.00295	0.02975	0.00573	0.00374	0.00969
2	0.03488	0.05597	0.21108	0.02617	0.24715	0.01568	0.07269	0.02239	0.04108	0.06774	0.04209	0.02571	0.01660	0.00850	0.00728	0.00230	0.00854	0.07967	0.00437	0.01011
3	0.01818	0.01914	0.10350	0.03821	0.54779	0.01690	0.04924	0.05073	0.01701	0.05042	0.01409	0.01764	0.01129	0.00657	0.00708	0.00215	0.00872	0.00635	0.00383	0.01119
4	0.02331	0.01542	0.01891	0.01639	0.05229	0.01619	0.03630	0.29140	0.11527	0.17955	0.02426	0.07022	0.01960	0.01054	0.00759	0.00236	0.00698	0.07539	0.00711	0.01091
5	0.01042	0.00842	0.01309	0.01360	0.04811	0.00806	0.07078	0.01285	0.01518	0.02057	0.13365	0.40472	0.06728	0.02086	0.06375	0.00338	0.00629	0.06620	0.00614	0.00667
6	0.01740	0.27638	0.19006	0.05338	0.19710	0.07360	0.01813	0.02160	0.01543	0.01995	0.01307	0.04936	0.01149	0.00723	0.00618	0.00197	0.00882	0.00575	0.00338	0.00973
7	0.01639	0.08801	0.42375	0.02022	0.02850	0.07115	0.12508	0.02276	0.01595	0.04468	0.01507	0.02050	0.01204	0.00768	0.00707	0.00226	0.01025	0.05516	0.00362	0.00985
8	0.02070	0.01142	0.01419	0.01232	0.01583	0.01126	0.00982	0.11989	0.07466	0.25981	0.11430	0.10171	0.02999	0.06939	0.01010	0.00279	0.00590	0.09904	0.00746	0.00942
9	0.01817	0.01846	0.09113	0.03969	0.60204	0.01650	0.02158	0.02269	0.01635	0.06438	0.01422	0.01778	0.01145	0.00653	0.00703	0.00213	0.00851	0.00629	0.00379	0.01126
10	0.01909	0.08094	0.12157	0.02668	0.23727	0.04633	0.14202	0.05157	0.01763	0.10816	0.04925	0.02062	0.03151	0.00744	0.00715	0.00215	0.00883	0.00693	0.00452	0.01035
11	0.24466	0.10898	0.05901	0.01671	0.05222	0.17877	0.06404	0.12569	0.01855	0.05219	0.01260	0.01422	0.00973	0.00704	0.00596	0.00204	0.00871	0.00507	0.00448	0.00931
12	0.01128	0.00892	0.01148	0.01082	0.01127	0.01042	0.00776	0.01228	0.01115	0.01550	0.02272	0.03774	0.07203	0.39055	0.17627	0.00672	0.16408	0.00926	0.00413	0.00561
13	0.01724	0.01857	0.07970	0.11576	0.55868	0.04177	0.02168	0.02174	0.01605	0.02245	0.01318	0.01740	0.01084	0.00650	0.00701	0.00214	0.00888	0.00620	0.00345	0.01075
14	0.05054	0.10000	0.10506	0.05284	0.25791	0.04957	0.05810	0.02110	0.01651	0.05995	0.10888	0.05269	0.01996	0.00838	0.00696	0.00214	0.00794	0.00741	0.00446	0.00960
15	0.01201	0.00857	0.01056	0.01098	0.04738	0.00894	0.00673	0.06309	0.01263	0.01716	0.02098	0.03970	0.02271	0.53801	0.14506	0.00702	0.00906	0.00939	0.00441	0.00563
16	0.01237	0.00986	0.03790	0.01500	0.10710	0.00881	0.00978	0.04714	0.01562	0.05400	0.03469	0.45820	0.08519	0.01714	0.00826	0.00259	0.00515	0.01535	0.04848	0.00739
17	0.01814	0.21750	0.28762	0.02305	0.18596	0.01981	0.01982	0.07342	0.01684	0.05558	0.01323	0.01530	0.01023	0.00672	0.00630	0.00202	0.00885	0.00532	0.00373	0.01054

[dist]
# distance from previous block
# <min> <max>
0	2

[block]
# block no. 3 follows, 29 sequences, length 13
# corresponding to MSA columns:
# 365-377
name=unknown_D
#
# <colnr> <probs for GDERKNQSTAVLIFYWHMCP>
#	G	D	E	R	K	N	Q	S	T	A	V	L	I	F	Y	W	H	M	C	P
0	0.02350	0.07373	0.02267	0.02231	0.16227	0.38183	0.01486	0.08605	0.05332	0.04157	0.01343	0.01521	0.01079	0.00723	0.00651	0.00191	0.01027	0.00529	0.00426	0.04300
1	0.05778	0.02039	0.06197	0.02590	0.27282	0.17628	0.05010	0.06669	0.01808	0.02380	0.03797	0.02187	0.06890	0.00806	0.00685	0.00208	0.00870	0.00678	0.05550	0.00947
2	0.01901	0.14347	0.07611	0.02644	0.25402	0.09713	0.07726	0.08059	0.05685	0.02344	0.01497	0.01968	0.01265	0.00764	0.00725	0.00213	0.02757	0.03958	0.00411	0.01012
3	0.01538	0.01671	0.10782	0.42470	0.12805	0.01623	0.04675	0.02138	0.06028	0.04982	0.01449	0.01895	0.01088	0.00734	0.00764	0.00234	0.03195	0.00643	0.00372	0.00914
4	0.01682	0.01413	0.01673	0.03879	0.05315	0.01266	0.01049	0.10871	0.09180	0.02664	0.01508	0.01666	0.01198	0.00631	0.00589	0.00145	0.00596	0.00511	0.00487	0.53676
5	0.52808	0.13335	0.01662	0.04811	0.01733	0.04609	0.00976	0.06474	0.01459	0.05132	0.01116	0.01275	0.00870	0.00678	0.00492	0.00208	0.00651	0.00428	0.00442	0.00840
6	0.01096	0.01022	0.05568	0.01055	0.01290	0.00881	0.00846	0.01626	0.12387	0.02265	0.18773	0.21958	0.17624	0.06531	0.01020	0.00282	0.00479	0.03922	0.00659	0.00715
7	0.01477	0.01266	0.01477	0.01055	0.01687	0.00949	0.00844	0.01793	0.01477	0.02320	0.01266	0.01477	0.01055	0.00527	0.00527	0.00105	0.00527	0.00422	0.00422	0.79328
8	0.55799	0.01656	0.01333	0.01157	0.01607	0.07940	0.00936	0.11685	0.07132	0.03232	0.01259	0.01369	0.00961	0.00720	0.00520	0.00218	0.00650	0.00463	0.00496	0.00867
9	0.01237	0.00618	0.00928	0.00928	0.00928	0.00618	0.00618	0.00928	0.00928	0.01237	0.01237	0.02165	0.01237	0.02474	0.02783	0.79283	0.00618	0.00618	0.00309	0.00309
10	0.01032	0.00705	0.00851	0.00851	0.00877	0.00731	0.00525	0.01083	0.01058	0.01436	0.02175	0.04281	0.02424	0.60817	0.17558	0.00783	0.00938	0.00980	0.00421	0.00473
11	0.10727	0.01693	0.01887	0.09234	0.02270	0.01931	0.01302	0.39039	0.07544	0.03547	0.01978	0.02073	0.05807	0.00922	0.00825	0.00229	0.06672	0.00681	0.00605	0.01035
12	0.00969	0.00767	0.00841	0.00836	0.01011	0.00725	0.00594	0.01239	0.05978	0.01873	0.07257	0.09046	0.39306	0.18772	0.07285	0.00419	0.00577	0.01308	0.00594	0.00602

[dist]
# distance from previous block
# <min> <max>
0	0

# created by:
# /home/cegg/simao/soft/augustus-3.2.1/scripts/msa2prfl.pl ./align_prep/EOG090W0L8E.fa
