[name]
unknown

[dist]
# distance from previous block
# <min> <max>
0	36

[block]
# block no. 0 follows, 36 sequences, length 32
# corresponding to MSA columns:
# 36-67
name=unknown_A
#
# <colnr> <probs for GDERKNQSTAVLIFYWHMCP>
#	G	D	E	R	K	N	Q	S	T	A	V	L	I	F	Y	W	H	M	C	P
0	0.01521	0.01316	0.01464	0.01434	0.06498	0.01503	0.01050	0.03114	0.64606	0.02530	0.02483	0.02512	0.01926	0.00870	0.00644	0.00213	0.00514	0.04228	0.00609	0.00965
1	0.00774	0.00633	0.00683	0.00671	0.00865	0.00542	0.00503	0.00967	0.01509	0.01895	0.23830	0.05648	0.56313	0.01499	0.00736	0.00207	0.00310	0.01266	0.00606	0.00542
2	0.01123	0.00998	0.01397	0.01264	0.01305	0.01304	0.01005	0.01271	0.00964	0.01438	0.01297	0.02156	0.01300	0.13628	0.29171	0.00588	0.38247	0.00643	0.00310	0.00591
3	0.02282	0.02894	0.01772	0.01607	0.01912	0.72120	0.01211	0.02441	0.01727	0.01524	0.00956	0.01135	0.00803	0.00663	0.00632	0.00166	0.04707	0.00408	0.00319	0.00720
4	0.00782	0.00565	0.00726	0.00845	0.00900	0.00527	0.00574	0.00895	0.01203	0.01582	0.03572	0.61270	0.10409	0.08219	0.00990	0.00280	0.00388	0.05213	0.00561	0.00501
5	0.00890	0.00668	0.01001	0.01001	0.01113	0.00779	0.00779	0.01113	0.01001	0.01446	0.01669	0.02448	0.01558	0.04673	0.75634	0.01001	0.01669	0.00668	0.00334	0.00556
6	0.00754	0.00632	0.00658	0.00669	0.00868	0.00536	0.00506	0.00921	0.01424	0.01714	0.08175	0.08533	0.66024	0.01588	0.00744	0.00215	0.00329	0.04598	0.00582	0.00529
7	0.00906	0.00604	0.00680	0.00680	0.00680	0.00604	0.00378	0.00906	0.00906	0.01208	0.01963	0.04077	0.02265	0.78103	0.03171	0.00604	0.00604	0.00906	0.00378	0.00378
8	0.01825	0.61080	0.02949	0.01149	0.01675	0.02344	0.01093	0.17799	0.01643	0.02024	0.01009	0.01112	0.00859	0.00582	0.00450	0.00145	0.00671	0.00385	0.00347	0.00859
9	0.01377	0.01312	0.02231	0.36671	0.42659	0.01437	0.01830	0.01768	0.01341	0.01835	0.01143	0.01596	0.00916	0.00586	0.00620	0.00195	0.00781	0.00554	0.00294	0.00854
10	0.01566	0.01538	0.01356	0.02858	0.01505	0.23897	0.00957	0.07596	0.04295	0.03712	0.03314	0.03886	0.01542	0.11068	0.21607	0.00463	0.05249	0.02522	0.00399	0.00668
11	0.82504	0.01205	0.00916	0.00819	0.01205	0.01398	0.00675	0.01832	0.01060	0.02795	0.00868	0.01012	0.00675	0.00578	0.00386	0.00193	0.00482	0.00337	0.00386	0.00675
12	0.01511	0.01348	0.01476	0.01304	0.01647	0.04051	0.04339	0.03024	0.60891	0.02507	0.06953	0.04273	0.02125	0.00878	0.00647	0.00210	0.00526	0.00749	0.00610	0.00933
13	0.00784	0.00560	0.00752	0.00896	0.00943	0.00528	0.00622	0.00911	0.01218	0.01619	0.03420	0.70469	0.04066	0.01928	0.00802	0.00256	0.00383	0.08752	0.00578	0.00513
14	0.00796	0.00568	0.00765	0.00910	0.00962	0.00538	0.00642	0.00931	0.01229	0.01632	0.03414	0.67092	0.04041	0.01917	0.00805	0.00258	0.00393	0.12013	0.00578	0.00516
15	0.00936	0.00720	0.01031	0.01006	0.01089	0.00853	0.00766	0.01114	0.00981	0.01412	0.01640	0.02617	0.01607	0.16409	0.57054	0.00870	0.08326	0.00696	0.00335	0.00538
16	0.00890	0.00668	0.01001	0.01001	0.01113	0.00779	0.00779	0.01113	0.01001	0.01446	0.01669	0.02448	0.01558	0.04673	0.75634	0.01001	0.01669	0.00668	0.00334	0.00556
17	0.20539	0.01271	0.03662	0.01133	0.01557	0.03733	0.02828	0.05370	0.07362	0.35470	0.03911	0.01845	0.01393	0.00738	0.00611	0.00194	0.02942	0.00564	0.03978	0.00899
18	0.01250	0.03223	0.74875	0.01776	0.02697	0.01447	0.02302	0.01973	0.01315	0.01973	0.01118	0.01315	0.00789	0.00592	0.00592	0.00197	0.00921	0.00460	0.00263	0.00921
19	0.01082	0.00541	0.00812	0.00812	0.00812	0.00541	0.00541	0.00812	0.00812	0.01082	0.01082	0.01894	0.01082	0.02165	0.02435	0.81872	0.00541	0.00541	0.00271	0.00271
20	0.02229	0.02761	0.01693	0.01534	0.01839	0.67799	0.01145	0.04776	0.01745	0.01585	0.01052	0.01344	0.00914	0.06084	0.00747	0.00193	0.01072	0.00442	0.00335	0.00710
21	0.01177	0.01107	0.01869	0.76606	0.04291	0.01384	0.01730	0.01592	0.01246	0.01592	0.01107	0.01661	0.00831	0.00623	0.00623	0.00208	0.00831	0.00554	0.00277	0.00692
22	0.01054	0.00816	0.00960	0.00976	0.01129	0.00852	0.00703	0.05067	0.19442	0.02041	0.09971	0.43503	0.05504	0.03917	0.00813	0.00243	0.00411	0.01340	0.00599	0.00659
23	0.01703	0.01800	0.02324	0.06788	0.54495	0.18282	0.01743	0.02027	0.01489	0.01899	0.01122	0.01453	0.00938	0.00578	0.00605	0.00181	0.00831	0.00520	0.00310	0.00913
24	0.01560	0.01620	0.02990	0.03007	0.32880	0.03499	0.34579	0.05158	0.01502	0.02068	0.01208	0.01586	0.00959	0.00574	0.00730	0.00200	0.04017	0.00635	0.00325	0.00902
25	0.02384	0.01721	0.01855	0.01422	0.01920	0.01896	0.01175	0.69695	0.02889	0.06428	0.01530	0.01518	0.01077	0.00749	0.00623	0.00187	0.00680	0.00563	0.00629	0.01060
26	0.82504	0.01205	0.00916	0.00819	0.01205	0.01398	0.00675	0.01832	0.01060	0.02795	0.00868	0.01012	0.00675	0.00578	0.00386	0.00193	0.00482	0.00337	0.00386	0.00675
27	0.00831	0.00653	0.00767	0.00821	0.00995	0.00589	0.00657	0.01034	0.01426	0.01774	0.08339	0.11100	0.43337	0.01635	0.00780	0.00237	0.00401	0.23499	0.00582	0.00543
28	0.01740	0.01433	0.01516	0.01306	0.01693	0.01638	0.01032	0.19270	0.56822	0.02913	0.02295	0.02132	0.01707	0.00823	0.00632	0.00206	0.00538	0.00671	0.00632	0.01003
29	0.01308	0.01242	0.02118	0.40868	0.30698	0.01377	0.04357	0.01697	0.01333	0.01790	0.01373	0.01958	0.03057	0.00665	0.00638	0.00202	0.00779	0.03430	0.00311	0.00801
30	0.03635	0.13002	0.63393	0.01656	0.02510	0.01579	0.02094	0.01955	0.01302	0.01930	0.01078	0.01265	0.00787	0.00584	0.00561	0.00189	0.00875	0.00440	0.00267	0.00898
31	0.01250	0.03223	0.74875	0.01776	0.02697	0.01447	0.02302	0.01973	0.01315	0.01973	0.01118	0.01315	0.00789	0.00592	0.00592	0.00197	0.00921	0.00460	0.00263	0.00921

[dist]
# distance from previous block
# <min> <max>
0	16

[block]
# block no. 1 follows, 36 sequences, length 24
# corresponding to MSA columns:
# 84-107
name=unknown_B
#
# <colnr> <probs for GDERKNQSTAVLIFYWHMCP>
#	G	D	E	R	K	N	Q	S	T	A	V	L	I	F	Y	W	H	M	C	P
0	0.01250	0.03223	0.74875	0.01776	0.02697	0.01447	0.02302	0.01973	0.01315	0.01973	0.01118	0.01315	0.00789	0.00592	0.00592	0.00197	0.00921	0.00460	0.00263	0.00921
1	0.16365	0.01117	0.01376	0.01075	0.01541	0.01046	0.00887	0.06092	0.01714	0.59061	0.02141	0.01902	0.01372	0.00737	0.00585	0.00193	0.00529	0.00574	0.00698	0.00995
2	0.01542	0.01480	0.02529	0.03824	0.74217	0.01480	0.01912	0.01912	0.01419	0.02036	0.01172	0.01542	0.00987	0.00555	0.00617	0.00185	0.00740	0.00555	0.00308	0.00987
3	0.00759	0.00542	0.00723	0.00868	0.00904	0.00506	0.00578	0.00868	0.01193	0.01591	0.03434	0.77697	0.04121	0.01952	0.00795	0.00253	0.00361	0.01771	0.00578	0.00506
4	0.01099	0.00834	0.01068	0.01151	0.01337	0.00871	0.00980	0.01667	0.15310	0.02001	0.03267	0.06077	0.05975	0.01546	0.00812	0.00269	0.00548	0.53948	0.00586	0.00652
5	0.00890	0.00668	0.01001	0.01001	0.01113	0.00779	0.00779	0.01113	0.01001	0.01446	0.01669	0.02448	0.01558	0.04673	0.75634	0.01001	0.01669	0.00668	0.00334	0.00556
6	0.82504	0.01205	0.00916	0.00819	0.01205	0.01398	0.00675	0.01832	0.01060	0.02795	0.00868	0.01012	0.00675	0.00578	0.00386	0.00193	0.00482	0.00337	0.00386	0.00675
7	0.01114	0.00800	0.01074	0.01171	0.01343	0.00816	0.01019	0.07027	0.01555	0.02032	0.03153	0.06580	0.03381	0.01642	0.00841	0.00279	0.00583	0.64399	0.00578	0.00613
8	0.00759	0.00542	0.00723	0.00868	0.00904	0.00506	0.00578	0.00868	0.01193	0.01591	0.03434	0.77697	0.04121	0.01952	0.00795	0.00253	0.00361	0.01771	0.00578	0.00506
9	0.01044	0.00720	0.00827	0.00785	0.00844	0.00749	0.00497	0.07723	0.01109	0.01492	0.01888	0.03660	0.02076	0.63018	0.10533	0.00606	0.00724	0.00848	0.00396	0.00461
10	0.02368	0.01745	0.01870	0.01434	0.01932	0.01932	0.01184	0.72139	0.02929	0.03927	0.01496	0.01496	0.01060	0.00748	0.00623	0.00187	0.00686	0.00561	0.00623	0.01060
11	0.00740	0.00619	0.00644	0.00664	0.00850	0.00523	0.00488	0.00890	0.01389	0.01670	0.05914	0.15901	0.64316	0.01630	0.00745	0.00216	0.00322	0.01378	0.00579	0.00523
12	0.01542	0.01480	0.02529	0.03824	0.74217	0.01480	0.01912	0.01912	0.01419	0.02036	0.01172	0.01542	0.00987	0.00555	0.00617	0.00185	0.00740	0.00555	0.00308	0.00987
13	0.02293	0.01713	0.01866	0.01507	0.04421	0.01895	0.01198	0.65765	0.06892	0.03786	0.01544	0.01545	0.01105	0.00747	0.00624	0.00188	0.00676	0.00569	0.00613	0.01053
14	0.00906	0.00604	0.00680	0.00680	0.00680	0.00604	0.00378	0.00906	0.00906	0.01208	0.01963	0.04077	0.02265	0.78103	0.03171	0.00604	0.00604	0.00906	0.00378	0.00378
15	0.00876	0.00637	0.00825	0.00778	0.00927	0.00585	0.00583	0.01165	0.01750	0.02466	0.71214	0.04707	0.08573	0.01286	0.00735	0.00197	0.00295	0.01134	0.00682	0.00585
16	0.08179	0.01762	0.01692	0.05649	0.01944	0.14211	0.01141	0.38958	0.06367	0.09408	0.01535	0.01673	0.01140	0.00747	0.00603	0.00189	0.00725	0.02594	0.00547	0.00934
17	0.01464	0.01399	0.02363	0.10048	0.63887	0.01418	0.01814	0.01826	0.01404	0.01976	0.01459	0.01806	0.05127	0.00619	0.00624	0.00188	0.00724	0.00598	0.00321	0.00935
18	0.00760	0.00633	0.00666	0.00678	0.00874	0.00539	0.00514	0.00930	0.01430	0.01732	0.09522	0.08745	0.63752	0.01585	0.00746	0.00216	0.00331	0.05233	0.00584	0.00531
19	0.02368	0.01745	0.01870	0.01434	0.01932	0.01932	0.01184	0.72139	0.02929	0.03927	0.01496	0.01496	0.01060	0.00748	0.00623	0.00187	0.00686	0.00561	0.00623	0.01060
20	0.01292	0.01107	0.01292	0.00923	0.01477	0.00831	0.00738	0.01569	0.01292	0.02030	0.01107	0.01292	0.00923	0.00461	0.00461	0.00092	0.00461	0.00369	0.00369	0.81912
21	0.00937	0.00770	0.01034	0.03942	0.01216	0.00862	0.00804	0.01138	0.03308	0.01694	0.08350	0.42698	0.08782	0.01608	0.01021	0.00248	0.15221	0.05278	0.00517	0.00573
22	0.01644	0.74589	0.06966	0.01103	0.01656	0.02413	0.01130	0.01871	0.01269	0.01492	0.00879	0.01016	0.00799	0.00536	0.00410	0.00137	0.00679	0.00340	0.00266	0.00806
23	0.01367	0.01149	0.01271	0.01019	0.01437	0.03283	0.00809	0.08710	0.11175	0.02343	0.13982	0.02399	0.03926	0.00771	0.00575	0.00149	0.00481	0.03718	0.00497	0.40938

[dist]
# distance from previous block
# <min> <max>
0	4

[block]
# block no. 2 follows, 36 sequences, length 83
# corresponding to MSA columns:
# 112-194
name=unknown_C
#
# <colnr> <probs for GDERKNQSTAVLIFYWHMCP>
#	G	D	E	R	K	N	Q	S	T	A	V	L	I	F	Y	W	H	M	C	P
0	0.01456	0.01392	0.02373	0.20990	0.57725	0.01458	0.01869	0.01837	0.01378	0.01931	0.01157	0.01570	0.00950	0.00571	0.00618	0.00190	0.00762	0.00555	0.00301	0.00917
1	0.01347	0.17140	0.56709	0.01780	0.07250	0.01639	0.02046	0.01949	0.01313	0.01883	0.01075	0.01272	0.00804	0.00579	0.00558	0.00185	0.00861	0.00443	0.00267	0.00903
2	0.82504	0.01205	0.00916	0.00819	0.01205	0.01398	0.00675	0.01832	0.01060	0.02795	0.00868	0.01012	0.00675	0.00578	0.00386	0.00193	0.00482	0.00337	0.00386	0.00675
3	0.00906	0.00604	0.00680	0.00680	0.00680	0.00604	0.00378	0.00906	0.00906	0.01208	0.01963	0.04077	0.02265	0.78103	0.03171	0.00604	0.00604	0.00906	0.00378	0.00378
4	0.00888	0.00689	0.00985	0.01025	0.01109	0.00687	0.04426	0.03394	0.01260	0.01693	0.03117	0.65670	0.03669	0.01787	0.00851	0.00250	0.04306	0.03092	0.00550	0.00553
5	0.01119	0.00922	0.01123	0.01066	0.01186	0.05825	0.00832	0.02982	0.01129	0.01627	0.01566	0.02239	0.01430	0.06044	0.46314	0.00700	0.11335	0.00629	0.11339	0.00592
6	0.00891	0.00666	0.00992	0.00992	0.01100	0.00774	0.00767	0.01106	0.00999	0.01439	0.01678	0.02496	0.01579	0.06844	0.73492	0.00990	0.01637	0.00675	0.00335	0.00551
7	0.01524	0.01461	0.02495	0.07522	0.70664	0.01476	0.01903	0.01896	0.01410	0.02013	0.01169	0.01548	0.00979	0.00559	0.00617	0.00186	0.00745	0.00555	0.00307	0.00972
8	0.01550	0.01338	0.01409	0.01268	0.01620	0.01550	0.00986	0.03311	0.73091	0.02606	0.02536	0.02325	0.01902	0.00845	0.00634	0.00211	0.00493	0.00704	0.00634	0.00986
9	0.02285	0.06846	0.01903	0.01468	0.01900	0.28407	0.01178	0.40678	0.04621	0.02873	0.01299	0.01358	0.00978	0.00700	0.00588	0.00175	0.00836	0.00494	0.00493	0.00920
10	0.01506	0.01443	0.02463	0.11060	0.67265	0.01471	0.01894	0.01880	0.01402	0.01991	0.01166	0.01554	0.00971	0.00562	0.00617	0.00187	0.00749	0.00555	0.00305	0.00958
11	0.00890	0.00668	0.01001	0.01001	0.01113	0.00779	0.00779	0.01113	0.01001	0.01446	0.01669	0.02448	0.01558	0.04673	0.75634	0.01001	0.01669	0.00668	0.00334	0.00556
12	0.02165	0.01148	0.01388	0.01150	0.01560	0.01153	0.00921	0.03026	0.30898	0.40751	0.05151	0.02395	0.03715	0.00840	0.00636	0.00201	0.00501	0.00694	0.00707	0.00999
13	0.00759	0.00542	0.00723	0.00868	0.00904	0.00506	0.00578	0.00868	0.01193	0.01591	0.03434	0.77697	0.04121	0.01952	0.00795	0.00253	0.00361	0.01771	0.00578	0.00506
14	0.01425	0.01466	0.01899	0.01634	0.01654	0.06635	0.01353	0.01563	0.01006	0.01501	0.00827	0.01348	0.00817	0.01062	0.01950	0.00265	0.72099	0.00536	0.00276	0.00684
15	0.00918	0.00652	0.00923	0.00923	0.01025	0.00739	0.00699	0.01121	0.01020	0.01503	0.01738	0.02625	0.01644	0.12844	0.59926	0.00872	0.01412	0.00687	0.08191	0.00538
16	0.00836	0.00587	0.00756	0.00838	0.00883	0.00572	0.00566	0.00946	0.01156	0.01552	0.07418	0.41875	0.03513	0.24049	0.05603	0.00395	0.00516	0.06943	0.00513	0.00482
17	0.01250	0.03223	0.74875	0.01776	0.02697	0.01447	0.02302	0.01973	0.01315	0.01973	0.01118	0.01315	0.00789	0.00592	0.00592	0.00197	0.00921	0.00460	0.00263	0.00921
18	0.01486	0.01272	0.01354	0.01222	0.01555	0.01459	0.00948	0.03108	0.66332	0.02596	0.09297	0.02545	0.02279	0.00886	0.00644	0.00210	0.00474	0.00744	0.00639	0.00948
19	0.03945	0.01147	0.01324	0.00961	0.01503	0.00920	0.00774	0.05970	0.01413	0.06305	0.01201	0.01343	0.00959	0.00500	0.00478	0.00107	0.00480	0.00395	0.00408	0.69868
20	0.02233	0.01643	0.01768	0.01390	0.01861	0.01822	0.01137	0.56712	0.15880	0.06423	0.01726	0.01674	0.01234	0.00767	0.00625	0.00192	0.00644	0.00590	0.00631	0.01046
21	0.82504	0.01205	0.00916	0.00819	0.01205	0.01398	0.00675	0.01832	0.01060	0.02795	0.00868	0.01012	0.00675	0.00578	0.00386	0.00193	0.00482	0.00337	0.00386	0.00675
22	0.00759	0.00542	0.00723	0.00868	0.00904	0.00506	0.00578	0.00868	0.01193	0.01591	0.03434	0.77697	0.04121	0.01952	0.00795	0.00253	0.00361	0.01771	0.00578	0.00506
23	0.01542	0.01480	0.02529	0.03824	0.74217	0.01480	0.01912	0.01912	0.01419	0.02036	0.01172	0.01542	0.00987	0.00555	0.00617	0.00185	0.00740	0.00555	0.00308	0.00987
24	0.00899	0.00601	0.00682	0.00689	0.00691	0.00599	0.00388	0.00904	0.00921	0.01228	0.02038	0.07818	0.02359	0.74234	0.03051	0.00586	0.00592	0.00950	0.00388	0.00384
25	0.00860	0.00636	0.00802	0.00761	0.00917	0.00578	0.00570	0.01133	0.01711	0.02374	0.63563	0.04859	0.16282	0.01320	0.00735	0.00198	0.00297	0.01156	0.00669	0.00578
26	0.00798	0.00579	0.00762	0.00893	0.00963	0.00543	0.00640	0.00940	0.01253	0.01644	0.03666	0.59610	0.10209	0.01881	0.00801	0.00255	0.00393	0.13074	0.00578	0.00519
27	0.02284	0.02900	0.01743	0.01587	0.01902	0.73347	0.01191	0.02447	0.01743	0.01523	0.00984	0.01163	0.00825	0.00764	0.02824	0.00186	0.01140	0.00409	0.00321	0.00717
28	0.01550	0.01338	0.01409	0.01268	0.01620	0.01550	0.00986	0.03311	0.73091	0.02606	0.02536	0.02325	0.01902	0.00845	0.00634	0.00211	0.00493	0.00704	0.00634	0.00986
29	0.01666	0.78478	0.03265	0.01066	0.01599	0.02465	0.01066	0.01866	0.01266	0.01466	0.00866	0.00999	0.00800	0.00533	0.00400	0.00133	0.00666	0.00333	0.00267	0.00800
30	0.01735	0.01906	0.01385	0.01267	0.01552	0.36158	0.00959	0.02321	0.19471	0.01995	0.12351	0.02369	0.07318	0.00859	0.00610	0.00181	0.00736	0.00661	0.05419	0.00745
31	0.06192	0.01637	0.01723	0.01413	0.01797	0.18582	0.10238	0.11028	0.10467	0.14172	0.12382	0.04037	0.01939	0.00810	0.00634	0.00191	0.00709	0.00678	0.00534	0.00839
32	0.02582	0.01219	0.01524	0.01181	0.01650	0.01170	0.00971	0.19411	0.04735	0.52675	0.04662	0.02066	0.01589	0.00786	0.00630	0.00192	0.00558	0.00631	0.00728	0.01041
33	0.01375	0.01398	0.02528	0.01911	0.02350	0.01412	0.37786	0.03842	0.12156	0.02093	0.06971	0.04527	0.06582	0.00801	0.00838	0.00212	0.08291	0.00793	0.00421	0.03711
34	0.32068	0.07337	0.01550	0.01277	0.01636	0.43171	0.00998	0.02203	0.01470	0.01993	0.00921	0.01074	0.00755	0.00611	0.00486	0.00171	0.00855	0.00373	0.00341	0.00710
35	0.01124	0.00766	0.00908	0.00829	0.01027	0.03306	0.00631	0.01390	0.01722	0.10232	0.54911	0.04421	0.13855	0.01235	0.00717	0.00196	0.00352	0.01070	0.00668	0.00636
36	0.01286	0.01222	0.02051	0.52967	0.23208	0.01437	0.01761	0.01674	0.01278	0.01708	0.01110	0.01614	0.00873	0.00628	0.00694	0.00205	0.04674	0.00554	0.00285	0.00772
37	0.01400	0.21210	0.54284	0.01598	0.02398	0.05204	0.01954	0.01972	0.01325	0.01831	0.01051	0.01231	0.00792	0.00580	0.00545	0.00180	0.00870	0.00427	0.00267	0.00882
38	0.00770	0.00560	0.00706	0.00817	0.00874	0.00518	0.00545	0.00875	0.01197	0.01567	0.03691	0.60848	0.13562	0.09117	0.01012	0.00280	0.00378	0.01626	0.00559	0.00497
39	0.00758	0.00545	0.00720	0.00860	0.00902	0.00507	0.00575	0.00868	0.01200	0.01593	0.03526	0.75401	0.06357	0.01940	0.00793	0.00252	0.00360	0.01757	0.00578	0.00507
40	0.01405	0.01513	0.03110	0.06675	0.15982	0.01454	0.49152	0.01859	0.01425	0.01945	0.01428	0.08371	0.01227	0.00662	0.00713	0.00209	0.00921	0.00784	0.00335	0.00829
41	0.01503	0.03326	0.03256	0.06497	0.19495	0.03833	0.48704	0.01969	0.01452	0.01959	0.01215	0.01616	0.00942	0.00541	0.00690	0.00201	0.00962	0.00666	0.00311	0.00862
42	0.00756	0.00582	0.00692	0.00770	0.00881	0.00518	0.00537	0.00894	0.01312	0.01673	0.08173	0.45676	0.31763	0.01770	0.00769	0.00233	0.00340	0.01558	0.00584	0.00518
43	0.00904	0.00688	0.01028	0.01020	0.01128	0.00812	0.00796	0.01124	0.01000	0.01448	0.01644	0.02416	0.01536	0.04567	0.73458	0.00980	0.03895	0.00664	0.00332	0.00560
44	0.07046	0.01478	0.01698	0.12991	0.02167	0.03598	0.01171	0.37109	0.04412	0.19610	0.01636	0.01651	0.01130	0.00724	0.00608	0.00192	0.00666	0.00562	0.00581	0.00968
45	0.01447	0.03519	0.18956	0.02762	0.24079	0.01537	0.34520	0.01963	0.01417	0.01992	0.01195	0.01546	0.00920	0.00549	0.00662	0.00198	0.00922	0.00614	0.00301	0.00901
46	0.00826	0.00635	0.00755	0.00725	0.00897	0.00564	0.00544	0.01068	0.01632	0.02186	0.47960	0.05169	0.32002	0.01390	0.00735	0.00201	0.00302	0.01199	0.00645	0.00564
47	0.00937	0.00632	0.00928	0.00928	0.01004	0.00708	0.00688	0.01024	0.00948	0.01340	0.01557	0.02462	0.01509	0.10578	0.52043	0.19949	0.01310	0.00659	0.00323	0.00473
48	0.00852	0.00622	0.00800	0.00785	0.00920	0.00571	0.00578	0.01107	0.01649	0.02296	0.57809	0.15980	0.10903	0.01402	0.00744	0.00206	0.00306	0.01240	0.00661	0.00571
49	0.01293	0.02956	0.63613	0.02065	0.12057	0.01455	0.04020	0.01966	0.01333	0.01982	0.01129	0.01354	0.00819	0.00585	0.00599	0.00196	0.00901	0.00480	0.00270	0.00927
50	0.00891	0.00664	0.00984	0.00984	0.01089	0.00769	0.00757	0.01101	0.00996	0.01433	0.01685	0.02537	0.01596	0.08689	0.71671	0.00980	0.01611	0.00681	0.00336	0.00547
51	0.01113	0.00692	0.00901	0.00826	0.01019	0.00629	0.00635	0.01391	0.01733	0.11337	0.58268	0.04509	0.09691	0.01247	0.00726	0.00200	0.00334	0.03422	0.00686	0.00642
52	0.00895	0.00660	0.00839	0.00790	0.00948	0.00617	0.00594	0.01230	0.04167	0.02449	0.67059	0.04662	0.10179	0.01279	0.00732	0.00197	0.00302	0.01125	0.00677	0.00597
53	0.01392	0.01320	0.02240	0.30336	0.46405	0.01422	0.01818	0.01776	0.01356	0.01868	0.01214	0.01756	0.01010	0.00616	0.00627	0.00196	0.00768	0.02708	0.00305	0.00866
54	0.02235	0.13538	0.01976	0.01530	0.01880	0.65365	0.01185	0.02401	0.01696	0.01517	0.00950	0.01106	0.00802	0.00627	0.00539	0.00157	0.01060	0.00392	0.00313	0.00733
55	0.01292	0.01107	0.01292	0.00923	0.01477	0.00831	0.00738	0.01569	0.01292	0.02030	0.01107	0.01292	0.00923	0.00461	0.00461	0.00092	0.00461	0.00369	0.00369	0.81912
56	0.00896	0.00590	0.00774	0.00859	0.00945	0.00541	0.00594	0.01036	0.01305	0.06177	0.11238	0.60722	0.08409	0.01783	0.00775	0.00241	0.00362	0.01603	0.00602	0.00550
57	0.01167	0.00584	0.00683	0.00672	0.00783	0.00578	0.00486	0.01290	0.01194	0.03802	0.05095	0.02299	0.01642	0.01178	0.01045	0.24311	0.00371	0.00596	0.51726	0.00502
58	0.07068	0.01768	0.04532	0.03506	0.10930	0.14248	0.14062	0.09864	0.19211	0.04563	0.01554	0.01712	0.01192	0.02223	0.00669	0.00202	0.00778	0.00590	0.00444	0.00883
59	0.00995	0.00779	0.00951	0.00912	0.01149	0.00677	0.00693	0.03352	0.01341	0.01842	0.03062	0.33681	0.12086	0.01406	0.00697	0.00205	0.00426	0.11420	0.00519	0.23810
60	0.39300	0.06712	0.01501	0.01243	0.03440	0.25036	0.00967	0.11371	0.01554	0.02440	0.00989	0.01124	0.00782	0.00618	0.00480	0.00178	0.00730	0.00393	0.00387	0.00757
61	0.01377	0.02621	0.50413	0.01665	0.02412	0.01497	0.04620	0.04935	0.19926	0.02210	0.01504	0.01597	0.01093	0.00661	0.00610	0.00201	0.00807	0.00538	0.00374	0.00940
62	0.01326	0.01083	0.01275	0.00923	0.01454	0.00822	0.00737	0.01602	0.01332	0.04658	0.04685	0.01485	0.01185	0.00512	0.00481	0.00101	0.00456	0.00415	0.00399	0.75069
63	0.00842	0.00648	0.00701	0.00679	0.00887	0.00553	0.00512	0.01030	0.01502	0.04564	0.19512	0.05587	0.57821	0.01488	0.00732	0.00207	0.00319	0.01252	0.00607	0.00558
64	0.01499	0.01664	0.09711	0.02204	0.18175	0.03707	0.19068	0.04532	0.22960	0.02239	0.04236	0.02018	0.03664	0.00703	0.00655	0.00201	0.00744	0.00674	0.00435	0.00910
65	0.02326	0.01704	0.01824	0.01403	0.01889	0.01884	0.01158	0.69628	0.02872	0.03870	0.01515	0.01525	0.01079	0.00747	0.00617	0.00186	0.00672	0.00562	0.03499	0.01043
66	0.01450	0.24988	0.49632	0.01545	0.02321	0.04011	0.01868	0.01990	0.01329	0.04000	0.01081	0.01242	0.00815	0.00582	0.00536	0.00177	0.00841	0.00427	0.00281	0.00884
67	0.00758	0.00548	0.00717	0.00852	0.00900	0.00507	0.00571	0.00869	0.01208	0.01597	0.03625	0.72952	0.08743	0.01927	0.00791	0.00250	0.00358	0.01741	0.00578	0.00507
68	0.00906	0.00604	0.00680	0.00680	0.00680	0.00604	0.00378	0.00906	0.00906	0.01208	0.01963	0.04077	0.02265	0.78103	0.03171	0.00604	0.00604	0.00906	0.00378	0.00378
69	0.01517	0.01597	0.06365	0.03553	0.60650	0.01492	0.11736	0.01927	0.01421	0.02027	0.01182	0.01550	0.00971	0.00553	0.00632	0.00189	0.00793	0.00576	0.00307	0.00963
70	0.01833	0.01490	0.06050	0.01244	0.01640	0.06673	0.01037	0.21025	0.19582	0.13422	0.04149	0.09972	0.07204	0.00956	0.00649	0.00201	0.00591	0.00783	0.00597	0.00900
71	0.01539	0.01485	0.02544	0.03664	0.67797	0.01488	0.05435	0.01971	0.04200	0.02056	0.01229	0.01579	0.01020	0.00565	0.00624	0.00187	0.00746	0.00570	0.00321	0.00979
72	0.00780	0.00561	0.00740	0.00847	0.00907	0.00521	0.00577	0.00923	0.01300	0.01754	0.16008	0.62894	0.06228	0.01822	0.00783	0.00242	0.00348	0.01645	0.00597	0.00521
73	0.01666	0.78478	0.03265	0.01066	0.01599	0.02465	0.01066	0.01866	0.01266	0.01466	0.00866	0.00999	0.00800	0.00533	0.00400	0.00133	0.00666	0.00333	0.00267	0.00800
74	0.03509	0.02442	0.47619	0.01529	0.02249	0.01327	0.01777	0.04415	0.07813	0.14070	0.03552	0.04227	0.01271	0.00714	0.00608	0.00199	0.00764	0.00573	0.00416	0.00925
75	0.00856	0.00588	0.00714	0.00759	0.00783	0.00578	0.00470	0.00915	0.01048	0.01409	0.06089	0.28232	0.03031	0.46333	0.05076	0.00483	0.00550	0.01192	0.00457	0.00437
76	0.00829	0.00639	0.00740	0.00740	0.00900	0.00574	0.00556	0.01027	0.01474	0.01907	0.26786	0.05475	0.37174	0.09847	0.01015	0.00257	0.00368	0.08568	0.00590	0.00534
77	0.01509	0.01447	0.02470	0.10331	0.67965	0.01472	0.01896	0.01884	0.01403	0.01996	0.01166	0.01553	0.00973	0.00561	0.00617	0.00187	0.00748	0.00555	0.00306	0.00961
78	0.01625	0.05210	0.03102	0.05254	0.16072	0.05297	0.43136	0.05937	0.01551	0.04756	0.01263	0.01601	0.00964	0.00562	0.00675	0.00197	0.00932	0.00647	0.00345	0.00875
79	0.02222	0.01598	0.01735	0.01368	0.01827	0.01758	0.01116	0.55451	0.12396	0.08261	0.01776	0.04604	0.01325	0.00809	0.00632	0.00193	0.00637	0.00632	0.00633	0.01028
80	0.01367	0.01148	0.01319	0.00994	0.01472	0.02834	0.00791	0.04093	0.01366	0.04233	0.03033	0.05523	0.01230	0.00618	0.00580	0.00121	0.04366	0.00487	0.00403	0.64021
81	0.00881	0.00651	0.00748	0.00754	0.00915	0.00588	0.00546	0.02696	0.01414	0.04120	0.13839	0.22142	0.37940	0.06642	0.03019	0.00265	0.00396	0.01312	0.00580	0.00550
82	0.01010	0.00712	0.00923	0.00886	0.00936	0.00794	0.00614	0.01099	0.00970	0.03807	0.01779	0.03247	0.01883	0.45451	0.25257	0.00680	0.08310	0.00788	0.00367	0.00485

[dist]
# distance from previous block
# <min> <max>
0	5

# created by:
# /home/cegg/simao/soft/augustus-3.2.1/scripts/msa2prfl.pl ./align_prep/EOG090W0HHE.fa
