[name]
unknown

[dist]
# distance from previous block
# <min> <max>
0	76

[block]
# block no. 0 follows, 29 sequences, length 32
# corresponding to MSA columns:
# 85-116
name=unknown_A
#
# <colnr> <probs for GDERKNQSTAVLIFYWHMCP>
#	G	D	E	R	K	N	Q	S	T	A	V	L	I	F	Y	W	H	M	C	P
0	0.06401	0.12485	0.04928	0.06339	0.12142	0.08119	0.04674	0.12368	0.04761	0.02559	0.08463	0.02408	0.04286	0.01062	0.03752	0.00252	0.00838	0.02748	0.00485	0.00929
1	0.01630	0.07296	0.02389	0.10342	0.29444	0.04383	0.05113	0.04441	0.05532	0.02166	0.01906	0.04981	0.05480	0.05498	0.03223	0.00279	0.03787	0.00760	0.00415	0.00933
2	0.00873	0.00635	0.00812	0.00949	0.01012	0.00587	0.00636	0.00997	0.01377	0.01808	0.04225	0.63158	0.12253	0.05780	0.01035	0.00303	0.00421	0.01915	0.00650	0.00574
3	0.04660	0.03178	0.52949	0.02097	0.05297	0.04637	0.08610	0.02207	0.01527	0.02253	0.01416	0.05389	0.01124	0.00752	0.00694	0.00228	0.01015	0.00631	0.00336	0.01000
4	0.01974	0.05239	0.10392	0.06660	0.17617	0.15792	0.15658	0.07631	0.01825	0.04411	0.01359	0.01655	0.01054	0.00675	0.00700	0.00207	0.01004	0.00612	0.00396	0.05140
5	0.08797	0.08386	0.14982	0.10179	0.17437	0.10239	0.13461	0.02290	0.03637	0.02224	0.01296	0.01622	0.01016	0.00667	0.00673	0.00215	0.00967	0.00592	0.00358	0.00962
6	0.01370	0.00837	0.01018	0.00967	0.01213	0.00755	0.00734	0.04046	0.01769	0.14260	0.16106	0.21283	0.27074	0.01652	0.00836	0.00248	0.00439	0.03933	0.00722	0.00740
7	0.01694	0.05793	0.02421	0.18812	0.26036	0.08943	0.05820	0.05924	0.01663	0.02153	0.01578	0.08472	0.01423	0.01093	0.04882	0.00275	0.00951	0.00750	0.00395	0.00923
8	0.01560	0.10165	0.18875	0.02113	0.07118	0.01695	0.19557	0.05345	0.05194	0.02257	0.01969	0.11765	0.04179	0.00947	0.00811	0.00234	0.03987	0.00867	0.00426	0.00936
9	0.01650	0.02291	0.24235	0.02378	0.03122	0.01592	0.36725	0.02245	0.01608	0.07347	0.01639	0.05078	0.01307	0.04394	0.00922	0.00259	0.01052	0.00795	0.00397	0.00965
10	0.01407	0.01287	0.05531	0.04935	0.01576	0.06707	0.00956	0.06316	0.04094	0.05467	0.05322	0.09498	0.18233	0.17287	0.04168	0.00372	0.00710	0.04860	0.00557	0.00718
11	0.01981	0.05408	0.10898	0.01856	0.08578	0.03644	0.07975	0.12630	0.01940	0.15568	0.04073	0.07331	0.07290	0.01020	0.00807	0.00231	0.03601	0.03613	0.00569	0.00988
12	0.01673	0.12175	0.11224	0.01944	0.12577	0.03892	0.06324	0.11987	0.01802	0.02382	0.04371	0.05703	0.11274	0.01066	0.00895	0.04832	0.03714	0.00799	0.00462	0.00903
13	0.05284	0.02493	0.02019	0.14491	0.02642	0.35516	0.01445	0.20088	0.04848	0.02591	0.01358	0.01556	0.01045	0.00768	0.00669	0.00205	0.01036	0.00549	0.00467	0.00932
14	0.01704	0.09412	0.10650	0.05379	0.18749	0.07910	0.13111	0.04568	0.01626	0.02165	0.03532	0.05637	0.01419	0.00997	0.03648	0.00260	0.07195	0.00714	0.00383	0.00940
15	0.01691	0.09232	0.17445	0.06497	0.28365	0.08081	0.01933	0.02170	0.03449	0.02110	0.01445	0.06219	0.01272	0.00809	0.00803	0.00221	0.06246	0.00663	0.00363	0.00986
16	0.00908	0.00651	0.00844	0.00983	0.01042	0.00613	0.00674	0.01041	0.01370	0.01808	0.03931	0.57473	0.08262	0.09591	0.01188	0.00331	0.00460	0.07621	0.00637	0.00572
17	0.01201	0.00922	0.01027	0.01027	0.01218	0.03674	0.00760	0.04896	0.03979	0.05014	0.06746	0.26512	0.22588	0.05277	0.08920	0.00374	0.00651	0.03903	0.00627	0.00681
18	0.07075	0.04861	0.11288	0.12931	0.05867	0.06154	0.18652	0.08634	0.05662	0.02412	0.01634	0.01944	0.03764	0.00802	0.00817	0.02237	0.03246	0.00679	0.00414	0.00928
19	0.05426	0.14199	0.09724	0.09069	0.13481	0.17189	0.04118	0.06307	0.05335	0.06618	0.01404	0.01610	0.01090	0.00710	0.00644	0.00203	0.00926	0.00555	0.00417	0.00975
20	0.01051	0.00718	0.00900	0.00921	0.01075	0.00660	0.00663	0.01253	0.01596	0.06172	0.20623	0.29404	0.20374	0.05165	0.05754	0.00332	0.00505	0.01516	0.00676	0.00642
21	0.01389	0.01460	0.05081	0.08562	0.20279	0.04312	0.12562	0.01751	0.01596	0.02089	0.05409	0.08634	0.18372	0.04265	0.00903	0.00252	0.00768	0.01010	0.00465	0.00840
22	0.10198	0.02595	0.22984	0.08645	0.08565	0.18169	0.06430	0.04716	0.01659	0.02252	0.01341	0.04642	0.01104	0.00772	0.00719	0.00221	0.03084	0.00608	0.00372	0.00923
23	0.01408	0.02738	0.05064	0.01325	0.04426	0.04627	0.03311	0.04802	0.04444	0.06031	0.03563	0.10642	0.21581	0.13856	0.03870	0.00348	0.05589	0.01086	0.00543	0.00747
24	0.03785	0.00873	0.02815	0.06128	0.05765	0.00819	0.00925	0.01275	0.01488	0.02046	0.10996	0.38930	0.10920	0.01921	0.03904	0.00303	0.00561	0.05275	0.00603	0.00666
25	0.01688	0.01756	0.08594	0.16229	0.31558	0.01617	0.13884	0.04164	0.01679	0.05261	0.05428	0.02028	0.01423	0.00711	0.00737	0.00224	0.00904	0.00704	0.00402	0.01009
26	0.01474	0.03559	0.04505	0.12571	0.20843	0.04428	0.01481	0.04425	0.05550	0.02180	0.04955	0.15850	0.08806	0.01153	0.00844	0.00238	0.04796	0.00991	0.00481	0.00871
27	0.01579	0.01668	0.06669	0.08939	0.32221	0.03988	0.08127	0.02179	0.09483	0.02251	0.02139	0.10130	0.05634	0.00926	0.00747	0.00230	0.00808	0.00864	0.00443	0.00977
28	0.01648	0.10505	0.08481	0.02163	0.18546	0.06750	0.03967	0.06499	0.03532	0.02200	0.01761	0.02273	0.03772	0.01740	0.15696	0.00401	0.01068	0.03093	0.00411	0.05496
29	0.01566	0.04602	0.05024	0.02098	0.16437	0.01423	0.08388	0.05902	0.09852	0.04864	0.04869	0.18109	0.05870	0.01152	0.00825	0.00236	0.03546	0.01029	0.00534	0.03675
30	0.08833	0.05855	0.13724	0.01594	0.04933	0.07314	0.03963	0.13165	0.06102	0.04638	0.08392	0.04082	0.05782	0.00991	0.02181	0.00230	0.00779	0.00723	0.00520	0.06199
31	0.01594	0.14985	0.19370	0.01825	0.10783	0.01723	0.01566	0.05439	0.10304	0.02272	0.04294	0.02237	0.03621	0.07236	0.02555	0.00270	0.03743	0.00661	0.00432	0.05093

[dist]
# distance from previous block
# <min> <max>
3	81

[block]
# block no. 1 follows, 29 sequences, length 60
# corresponding to MSA columns:
# 207-266
name=unknown_B
#
# <colnr> <probs for GDERKNQSTAVLIFYWHMCP>
#	G	D	E	R	K	N	Q	S	T	A	V	L	I	F	Y	W	H	M	C	P
0	0.01572	0.06660	0.03999	0.03904	0.13173	0.11380	0.03430	0.03953	0.03389	0.02116	0.07428	0.05680	0.10268	0.03729	0.08242	0.00321	0.03208	0.00823	0.00462	0.06263
1	0.04268	0.03964	0.04848	0.01735	0.09769	0.10488	0.06258	0.03773	0.01607	0.02105	0.05332	0.34995	0.03014	0.01454	0.00795	0.00248	0.00702	0.03342	0.00533	0.00771
2	0.04099	0.19144	0.04712	0.01372	0.04620	0.03857	0.01140	0.08457	0.04313	0.07772	0.01811	0.05258	0.03496	0.00813	0.00609	0.00177	0.00667	0.03020	0.00488	0.24174
3	0.07615	0.17819	0.02054	0.01378	0.01792	0.28607	0.01108	0.04859	0.01784	0.07736	0.04284	0.04419	0.05992	0.04061	0.00751	0.00211	0.00870	0.00639	0.00464	0.03556
4	0.43267	0.07422	0.01750	0.01560	0.09215	0.10895	0.03947	0.02208	0.01445	0.05013	0.01246	0.04077	0.01046	0.00722	0.00545	0.00208	0.00720	0.00516	0.00430	0.03768
5	0.07708	0.07648	0.11600	0.06428	0.05052	0.13987	0.08132	0.12887	0.01919	0.06491	0.04540	0.01858	0.01354	0.03312	0.00768	0.00223	0.00900	0.00613	0.00463	0.04118
6	0.01448	0.01224	0.01420	0.01063	0.01617	0.00983	0.00836	0.01886	0.06846	0.02369	0.06273	0.01977	0.01607	0.03839	0.00698	0.00150	0.00524	0.00539	0.00472	0.64228
7	0.01023	0.00804	0.01044	0.01128	0.06637	0.00734	0.00758	0.01322	0.01875	0.02554	0.47154	0.05458	0.23884	0.01486	0.00829	0.00228	0.00384	0.01295	0.00715	0.00689
8	0.00854	0.00701	0.00743	0.00775	0.00968	0.00600	0.00560	0.01017	0.01552	0.01883	0.06402	0.19560	0.55277	0.04672	0.00960	0.00267	0.00383	0.01584	0.00652	0.00590
9	0.02049	0.01248	0.01535	0.01125	0.01731	0.00982	0.00911	0.02352	0.01664	0.25203	0.01780	0.01792	0.01290	0.00645	0.00590	0.00144	0.00554	0.00520	0.00575	0.53311
10	0.00956	0.00726	0.00880	0.00841	0.01032	0.00650	0.00631	0.01243	0.01893	0.02564	0.50444	0.05799	0.26615	0.01565	0.00840	0.00229	0.00344	0.01355	0.00745	0.00650
11	0.00876	0.00634	0.00829	0.00967	0.01030	0.00587	0.00654	0.01019	0.01427	0.01900	0.08950	0.65135	0.09066	0.02147	0.00900	0.00281	0.00404	0.01937	0.00670	0.00587
12	0.01008	0.00728	0.00952	0.00896	0.01064	0.00672	0.00672	0.01344	0.02016	0.02855	0.70158	0.05319	0.06719	0.01456	0.00840	0.00224	0.00336	0.01288	0.00784	0.00672
13	0.00972	0.00699	0.00775	0.00778	0.00858	0.00659	0.00488	0.01050	0.01279	0.01649	0.08215	0.08196	0.22009	0.46494	0.02544	0.00516	0.00563	0.01225	0.00529	0.00501
14	0.03047	0.01448	0.01799	0.01379	0.01936	0.01397	0.01139	0.23012	0.02434	0.50926	0.02477	0.02208	0.01596	0.00873	0.00715	0.00218	0.00660	0.00693	0.00830	0.01212
15	0.01327	0.00664	0.00664	0.00664	0.00830	0.00664	0.00498	0.01659	0.01493	0.02655	0.02323	0.02655	0.01825	0.00830	0.00498	0.00166	0.00332	0.00664	0.78928	0.00664
16	0.02572	0.11745	0.02217	0.01763	0.02158	0.64080	0.01358	0.02761	0.01952	0.01735	0.01088	0.01268	0.00917	0.00719	0.00621	0.00180	0.01224	0.00450	0.00360	0.00836
17	0.01345	0.01266	0.02136	0.73264	0.04904	0.01582	0.01978	0.01819	0.01424	0.01819	0.01266	0.01898	0.00949	0.00712	0.00712	0.00237	0.00949	0.00633	0.00316	0.00791
18	0.00940	0.00718	0.00862	0.00842	0.01026	0.00641	0.00625	0.01207	0.01833	0.02457	0.43511	0.10698	0.28792	0.01632	0.00845	0.00234	0.00350	0.01415	0.00732	0.00641
19	0.02170	0.01728	0.01835	0.01530	0.02004	0.01957	0.01224	0.31213	0.41169	0.03622	0.02392	0.02253	0.01763	0.00919	0.00719	0.00230	0.00657	0.00735	0.00719	0.01163
20	0.00974	0.00727	0.00905	0.00860	0.01043	0.00657	0.00645	0.01278	0.01935	0.02665	0.57292	0.05632	0.19703	0.01527	0.00840	0.00227	0.00341	0.01332	0.00759	0.00657
21	0.02054	0.02068	0.07143	0.11775	0.12452	0.11757	0.14545	0.18282	0.02107	0.05536	0.04258	0.01885	0.01324	0.00752	0.00729	0.00219	0.00959	0.00674	0.00474	0.01008
22	0.01490	0.01414	0.02398	0.49281	0.27751	0.01620	0.02050	0.01947	0.01493	0.01996	0.01291	0.01851	0.01011	0.00685	0.00709	0.00228	0.00913	0.00633	0.00329	0.00908
23	0.01417	0.00750	0.00759	0.00727	0.00919	0.00764	0.00553	0.05977	0.01614	0.02774	0.02283	0.02593	0.01785	0.00831	0.00512	0.00169	0.00361	0.00662	0.73849	0.00699
24	0.00866	0.00627	0.00819	0.00972	0.01028	0.00580	0.00652	0.00994	0.01382	0.01825	0.04163	0.69601	0.09465	0.02200	0.00904	0.00286	0.00409	0.01986	0.00661	0.00580
25	0.01913	0.69778	0.06412	0.01275	0.01893	0.05380	0.01282	0.02164	0.01471	0.01701	0.01006	0.01162	0.00913	0.00617	0.00473	0.00156	0.00793	0.00390	0.00307	0.00916
26	0.05497	0.09909	0.02879	0.07925	0.05035	0.24398	0.24683	0.02314	0.01700	0.02020	0.01408	0.06307	0.01223	0.00763	0.00708	0.00214	0.01069	0.00702	0.00376	0.00871
27	0.00868	0.00620	0.00826	0.00991	0.01033	0.00578	0.00661	0.00991	0.01363	0.01818	0.03925	0.74510	0.04710	0.02231	0.00909	0.00289	0.00413	0.02024	0.00661	0.00578
28	0.00886	0.00711	0.00791	0.00797	0.00996	0.00616	0.00588	0.01099	0.01692	0.02146	0.22655	0.14325	0.46663	0.01766	0.00849	0.00242	0.00361	0.01509	0.00692	0.00616
29	0.01719	0.01718	0.03160	0.11890	0.41433	0.01727	0.21201	0.04207	0.01669	0.02321	0.01372	0.01822	0.01096	0.00640	0.00745	0.00223	0.00959	0.00694	0.00362	0.01043
30	0.01031	0.00783	0.01106	0.01115	0.01198	0.00896	0.00829	0.01217	0.01165	0.01648	0.02262	0.16330	0.02383	0.14652	0.43812	0.00858	0.06645	0.01027	0.00436	0.00606
31	0.01345	0.01266	0.02136	0.73264	0.04904	0.01582	0.01978	0.01819	0.01424	0.01819	0.01266	0.01898	0.00949	0.00712	0.00712	0.00237	0.00949	0.00633	0.00316	0.00791
32	0.01477	0.01266	0.01477	0.01055	0.01687	0.00949	0.00844	0.01793	0.01477	0.02320	0.01266	0.01477	0.01055	0.00527	0.00527	0.00105	0.00527	0.00422	0.00422	0.79328
33	0.02471	0.14029	0.02358	0.06639	0.02334	0.21496	0.01382	0.35021	0.02544	0.03097	0.01396	0.01515	0.01064	0.00772	0.00652	0.00197	0.00929	0.00549	0.00525	0.01028
34	0.01979	0.01293	0.01803	0.08912	0.14533	0.01216	0.01271	0.06802	0.01837	0.20771	0.08432	0.02617	0.04688	0.00865	0.00697	0.00199	0.00645	0.02720	0.00592	0.18128
35	0.01639	0.25067	0.43971	0.01740	0.02580	0.06907	0.02058	0.02220	0.01518	0.02032	0.01262	0.03669	0.01026	0.00709	0.00616	0.00203	0.00961	0.00525	0.00318	0.00980
36	0.01670	0.01822	0.03735	0.08266	0.09584	0.01772	0.52137	0.02351	0.06761	0.02303	0.01529	0.01961	0.01157	0.00639	0.00810	0.00237	0.01102	0.00804	0.00384	0.00975
37	0.01036	0.00690	0.00777	0.00777	0.00777	0.00690	0.00431	0.01036	0.01036	0.01381	0.02244	0.04660	0.02589	0.74975	0.03624	0.00690	0.00690	0.01036	0.00431	0.00431
38	0.01477	0.01266	0.01477	0.01055	0.01687	0.00949	0.00844	0.01793	0.01477	0.02320	0.01266	0.01477	0.01055	0.00527	0.00527	0.00105	0.00527	0.00422	0.00422	0.79328
39	0.00842	0.00721	0.00721	0.00721	0.00962	0.00601	0.00541	0.01022	0.01623	0.01924	0.07213	0.06853	0.70244	0.01803	0.00842	0.00240	0.00361	0.01503	0.00661	0.00601
40	0.00871	0.00723	0.00762	0.00752	0.00980	0.00614	0.00564	0.01079	0.01693	0.02090	0.18432	0.06579	0.58923	0.01741	0.00841	0.00238	0.00356	0.01464	0.00683	0.00614
41	0.01008	0.00728	0.00952	0.00896	0.01064	0.00672	0.00672	0.01344	0.02016	0.02855	0.70158	0.05319	0.06719	0.01456	0.00840	0.00224	0.00336	0.01288	0.00784	0.00672
42	0.02664	0.01973	0.02113	0.01630	0.02192	0.02188	0.01343	0.65237	0.06339	0.04419	0.01764	0.01753	0.01255	0.00860	0.00713	0.00215	0.00774	0.00649	0.00713	0.01207
43	0.01665	0.02028	0.08285	0.02942	0.03683	0.01792	0.63971	0.02279	0.01670	0.02279	0.01431	0.01895	0.01070	0.00605	0.00830	0.00239	0.01191	0.00821	0.00357	0.00966
44	0.01904	0.75404	0.03731	0.01218	0.01828	0.02818	0.01218	0.02132	0.01447	0.01675	0.00990	0.01142	0.00914	0.00609	0.00457	0.00152	0.00761	0.00381	0.00305	0.00914
45	0.01327	0.00664	0.00664	0.00664	0.00830	0.00664	0.00498	0.01659	0.01493	0.02655	0.02323	0.02655	0.01825	0.00830	0.00498	0.00166	0.00332	0.00664	0.78928	0.00664
46	0.34711	0.20183	0.06119	0.01365	0.01891	0.14261	0.05195	0.02312	0.01491	0.05246	0.01129	0.01294	0.00899	0.00667	0.00529	0.00199	0.00802	0.00447	0.00399	0.00862
47	0.01688	0.29247	0.02762	0.01625	0.01854	0.02420	0.01431	0.01871	0.01224	0.01699	0.00955	0.01402	0.00927	0.01007	0.01632	0.00252	0.46334	0.00532	0.00309	0.00830
48	0.01720	0.05553	0.35209	0.11450	0.06192	0.09890	0.08880	0.04282	0.01635	0.04424	0.01317	0.01609	0.00977	0.00705	0.00741	0.00222	0.03284	0.00577	0.00351	0.00982
49	0.02066	0.01785	0.13262	0.01817	0.02490	0.01314	0.19868	0.02520	0.01718	0.24864	0.01932	0.04883	0.01419	0.00757	0.00716	0.00207	0.00819	0.00717	0.00546	0.16301
50	0.01771	0.01530	0.01610	0.01449	0.01852	0.01771	0.01127	0.03784	0.69247	0.02979	0.02898	0.02657	0.02174	0.00966	0.00725	0.00242	0.00564	0.00805	0.00725	0.01127
51	0.02012	0.01372	0.01957	0.21690	0.11970	0.01485	0.01500	0.13584	0.04816	0.17535	0.01931	0.02336	0.01467	0.01359	0.09008	0.00335	0.00915	0.03185	0.00551	0.00992
52	0.01864	0.25826	0.20936	0.01970	0.04768	0.11829	0.14112	0.04730	0.03751	0.02111	0.01260	0.01488	0.00999	0.00663	0.00637	0.00199	0.00989	0.00546	0.00352	0.00970
53	0.01280	0.00890	0.01086	0.01012	0.01254	0.00865	0.00784	0.01837	0.11901	0.08060	0.41454	0.05100	0.14339	0.01422	0.00823	0.00236	0.00417	0.05713	0.00757	0.00771
54	0.00855	0.00722	0.00740	0.00735	0.00970	0.00607	0.00551	0.01047	0.01654	0.01997	0.12174	0.06732	0.65238	0.01776	0.00841	0.00239	0.00359	0.01486	0.00671	0.00607
55	0.01550	0.04831	0.11213	0.09967	0.07413	0.01281	0.06145	0.04358	0.01595	0.10417	0.02453	0.26362	0.02450	0.01285	0.00823	0.00250	0.02610	0.03607	0.00531	0.00859
56	0.02310	0.01791	0.02172	0.14108	0.09963	0.01990	0.01525	0.47462	0.02766	0.03709	0.01671	0.04256	0.01278	0.00854	0.00718	0.00220	0.00806	0.00687	0.00604	0.01109
57	0.01019	0.00754	0.01101	0.01101	0.01213	0.00866	0.00836	0.01244	0.01132	0.01621	0.01947	0.03018	0.01876	0.13576	0.64049	0.01091	0.01763	0.00795	0.00387	0.00612
58	0.49656	0.03740	0.06610	0.04048	0.11023	0.01669	0.01194	0.02305	0.09193	0.02892	0.01290	0.01463	0.01002	0.00694	0.00536	0.00221	0.00649	0.00486	0.00443	0.00886
59	0.02075	0.30598	0.11980	0.01769	0.06778	0.16187	0.03529	0.11947	0.01866	0.02266	0.01204	0.01380	0.00982	0.00677	0.00591	0.00182	0.00917	0.00486	0.00386	0.04201

[dist]
# distance from previous block
# <min> <max>
0	3

[block]
# block no. 2 follows, 29 sequences, length 40
# corresponding to MSA columns:
# 270-309
name=unknown_C
#
# <colnr> <probs for GDERKNQSTAVLIFYWHMCP>
#	G	D	E	R	K	N	Q	S	T	A	V	L	I	F	Y	W	H	M	C	P
0	0.01855	0.02354	0.16776	0.02513	0.06995	0.07213	0.32783	0.11315	0.06301	0.02581	0.01508	0.01800	0.01124	0.00686	0.00760	0.00228	0.01059	0.00708	0.00420	0.01023
1	0.00915	0.00701	0.00839	0.00853	0.01019	0.00625	0.00621	0.01147	0.01726	0.02282	0.32290	0.21248	0.29646	0.01756	0.00856	0.00245	0.00362	0.01530	0.00711	0.00625
2	0.01666	0.01429	0.01818	0.01770	0.09011	0.01544	0.06119	0.09936	0.33989	0.02819	0.06405	0.09994	0.06399	0.01118	0.00768	0.00241	0.00628	0.02695	0.00649	0.01003
3	0.01118	0.00943	0.01299	0.03391	0.01407	0.01110	0.00973	0.01304	0.01414	0.01994	0.16216	0.36501	0.03863	0.01734	0.01319	0.00281	0.22486	0.01413	0.00570	0.00664
4	0.00885	0.00723	0.00781	0.00767	0.00988	0.00620	0.00575	0.01106	0.01725	0.02166	0.23615	0.06453	0.53691	0.01713	0.00841	0.00236	0.00354	0.01447	0.00693	0.00620
5	0.01467	0.01940	0.16627	0.25388	0.10704	0.01595	0.21550	0.02017	0.01532	0.02096	0.01534	0.07444	0.01289	0.00782	0.00757	0.00237	0.00992	0.00781	0.00357	0.00912
6	0.01681	0.01921	0.04202	0.03001	0.03721	0.01801	0.67947	0.02281	0.01681	0.02281	0.01441	0.01921	0.01080	0.00600	0.00840	0.00240	0.01200	0.00840	0.00360	0.00960
7	0.01477	0.01266	0.01477	0.01055	0.01687	0.00949	0.00844	0.01793	0.01477	0.02320	0.01266	0.01477	0.01055	0.00527	0.00527	0.00105	0.00527	0.00422	0.00422	0.79328
8	0.01904	0.75404	0.03731	0.01218	0.01828	0.02818	0.01218	0.02132	0.01447	0.01675	0.00990	0.01142	0.00914	0.00609	0.00457	0.00152	0.00761	0.00381	0.00305	0.00914
9	0.01414	0.01493	0.03093	0.02341	0.02838	0.01399	0.45844	0.01857	0.01576	0.02129	0.02257	0.25766	0.02273	0.01136	0.00863	0.00256	0.00942	0.01229	0.00459	0.00835
10	0.02659	0.01969	0.02137	0.04178	0.02304	0.02186	0.01376	0.65806	0.03280	0.04393	0.01694	0.01716	0.01202	0.00850	0.00712	0.00215	0.00789	0.00641	0.00698	0.01196
11	0.01793	0.58629	0.19532	0.01408	0.02121	0.02545	0.01549	0.02161	0.01460	0.01811	0.01057	0.01227	0.00911	0.00625	0.00508	0.00169	0.00830	0.00415	0.00304	0.00946
12	0.00849	0.00722	0.00732	0.00729	0.00966	0.00604	0.00547	0.01037	0.01641	0.01966	0.10069	0.06783	0.67362	0.01788	0.00841	0.00240	0.00360	0.01493	0.00667	0.00604
13	0.01555	0.15710	0.14564	0.03461	0.02112	0.01592	0.04774	0.02207	0.12074	0.02201	0.01626	0.04213	0.01386	0.05167	0.00791	0.00209	0.00725	0.00610	0.00428	0.24596
14	0.00984	0.00732	0.00919	0.00911	0.01070	0.00680	0.00668	0.01312	0.04030	0.02534	0.46749	0.19290	0.14182	0.01639	0.00850	0.00240	0.00362	0.01447	0.00742	0.00659
15	0.01415	0.01214	0.01472	0.01229	0.03914	0.01041	0.00920	0.01807	0.05863	0.02250	0.01769	0.12914	0.01691	0.00866	0.00710	0.00158	0.04734	0.00715	0.00470	0.54850
16	0.01491	0.01307	0.01671	0.10192	0.07428	0.01109	0.01096	0.01886	0.03503	0.02279	0.01320	0.01586	0.01081	0.00571	0.00570	0.00134	0.00605	0.00476	0.00413	0.61285
17	0.01834	0.01520	0.02456	0.14421	0.44152	0.01562	0.01875	0.05988	0.01762	0.09196	0.06833	0.02122	0.01601	0.00747	0.00718	0.00217	0.00795	0.00693	0.00453	0.01053
18	0.01511	0.08723	0.56504	0.02304	0.12622	0.01746	0.02462	0.02236	0.01516	0.02222	0.01265	0.01514	0.00935	0.00666	0.00664	0.00218	0.01001	0.00531	0.00308	0.01053
19	0.01611	0.01499	0.02502	0.03674	0.56613	0.01487	0.01882	0.02017	0.01700	0.02432	0.15129	0.02475	0.02248	0.00799	0.00732	0.00214	0.00744	0.00765	0.00439	0.01037
20	0.01762	0.01692	0.02890	0.04371	0.70533	0.01692	0.02185	0.02185	0.01621	0.02326	0.01339	0.01762	0.01128	0.00634	0.00705	0.00211	0.00846	0.00634	0.00352	0.01128
21	0.01019	0.00697	0.00844	0.00857	0.00882	0.00716	0.00528	0.01073	0.01080	0.01462	0.02316	0.09757	0.02614	0.57329	0.15226	0.00737	0.00879	0.01065	0.00441	0.00478
22	0.01746	0.01675	0.02860	0.07127	0.67907	0.01687	0.02177	0.02171	0.01613	0.02306	0.01336	0.01768	0.01121	0.00638	0.00705	0.00213	0.00850	0.00634	0.00351	0.01114
23	0.80005	0.01377	0.01047	0.00936	0.01377	0.01597	0.00771	0.02093	0.01212	0.03195	0.00991	0.01157	0.00771	0.00661	0.00441	0.00220	0.00551	0.00386	0.00441	0.00771
24	0.01017	0.00763	0.01144	0.01144	0.01272	0.00890	0.00890	0.01272	0.01144	0.01653	0.01907	0.02797	0.01780	0.05340	0.72153	0.01144	0.01907	0.00763	0.00381	0.00636
25	0.01026	0.00727	0.00962	0.00962	0.01026	0.00791	0.00662	0.01154	0.01090	0.01518	0.02074	0.03723	0.02182	0.39944	0.38099	0.00919	0.01303	0.00898	0.00406	0.00534
26	0.01762	0.01692	0.02890	0.04371	0.70533	0.01692	0.02185	0.02185	0.01621	0.02326	0.01339	0.01762	0.01128	0.00634	0.00705	0.00211	0.00846	0.00634	0.00352	0.01128
27	0.00842	0.00721	0.00721	0.00721	0.00962	0.00601	0.00541	0.01022	0.01623	0.01924	0.07213	0.06853	0.70244	0.01803	0.00842	0.00240	0.00361	0.01503	0.00661	0.00601
28	0.03102	0.01361	0.01745	0.01338	0.01892	0.01268	0.01105	0.15819	0.02288	0.58325	0.02599	0.02287	0.01657	0.00876	0.00715	0.00219	0.00640	0.00702	0.00849	0.01212
29	0.01345	0.01266	0.02136	0.73264	0.04904	0.01582	0.01978	0.01819	0.01424	0.01819	0.01266	0.01898	0.00949	0.00712	0.00712	0.00237	0.00949	0.00633	0.00316	0.00791
30	0.01558	0.01558	0.02181	0.01869	0.01869	0.02181	0.01558	0.01714	0.01091	0.01714	0.00935	0.01558	0.00935	0.01246	0.02337	0.00312	0.73672	0.00623	0.00312	0.00779
31	0.01020	0.00753	0.01092	0.01092	0.01201	0.00862	0.00825	0.01238	0.01129	0.01614	0.01955	0.03063	0.01896	0.15285	0.62367	0.01080	0.01734	0.00802	0.00389	0.00607
32	0.50474	0.01592	0.01582	0.08540	0.13916	0.06867	0.01198	0.04333	0.01435	0.02846	0.01111	0.01362	0.00876	0.00673	0.00537	0.00217	0.00703	0.00467	0.00417	0.00854
33	0.01197	0.00633	0.00897	0.00897	0.00897	0.00633	0.00581	0.00949	0.00949	0.01266	0.01439	0.02665	0.01508	0.17002	0.02952	0.63534	0.00633	0.00702	0.00334	0.00334
34	0.03195	0.01212	0.01652	0.01267	0.01818	0.01047	0.01047	0.03470	0.02038	0.71026	0.02809	0.02424	0.01763	0.00881	0.00716	0.00220	0.00606	0.00716	0.00881	0.01212
35	0.00868	0.00620	0.00826	0.00991	0.01033	0.00578	0.00661	0.00991	0.01363	0.01818	0.03925	0.74510	0.04710	0.02231	0.00909	0.00289	0.00413	0.02024	0.00661	0.00578
36	0.02541	0.03182	0.02089	0.04749	0.07546	0.64028	0.01461	0.02754	0.01965	0.01790	0.01125	0.01344	0.00935	0.00725	0.00650	0.00188	0.01238	0.00479	0.00364	0.00847
37	0.01512	0.01449	0.04305	0.01872	0.02248	0.01503	0.21144	0.02195	0.14162	0.04770	0.01992	0.07617	0.01725	0.02026	0.18143	0.00469	0.10664	0.00861	0.00468	0.00874
38	0.01235	0.00970	0.01153	0.01098	0.01337	0.01003	0.00857	0.02043	0.21245	0.02743	0.38623	0.04995	0.08728	0.01401	0.00825	0.00243	0.00444	0.09516	0.00743	0.00796
39	0.01036	0.00690	0.00777	0.00777	0.00777	0.00690	0.00431	0.01036	0.01036	0.01381	0.02244	0.04660	0.02589	0.74975	0.03624	0.00690	0.00690	0.01036	0.00431	0.00431

[dist]
# distance from previous block
# <min> <max>
0	1

[block]
# block no. 3 follows, 29 sequences, length 37
# corresponding to MSA columns:
# 311-347
name=unknown_D
#
# <colnr> <probs for GDERKNQSTAVLIFYWHMCP>
#	G	D	E	R	K	N	Q	S	T	A	V	L	I	F	Y	W	H	M	C	P
0	0.05243	0.02250	0.13931	0.04599	0.12892	0.11359	0.09646	0.13824	0.07520	0.04624	0.01592	0.01932	0.01244	0.00791	0.00763	0.00225	0.03343	0.02737	0.00466	0.01018
1	0.01106	0.00910	0.01457	0.03943	0.03834	0.00894	0.10588	0.01314	0.01369	0.01857	0.08643	0.27439	0.03283	0.23126	0.06589	0.00447	0.00739	0.01314	0.00519	0.00630
2	0.49348	0.04591	0.01525	0.03530	0.05164	0.18153	0.01049	0.02327	0.01472	0.05678	0.01122	0.01294	0.00877	0.00686	0.00522	0.00209	0.00760	0.00437	0.00429	0.00827
3	0.01087	0.00823	0.01107	0.01071	0.01130	0.00954	0.00772	0.01222	0.01092	0.01544	0.01939	0.03448	0.02027	0.34521	0.34939	0.00855	0.09648	0.00863	0.00395	0.00565
4	0.01817	0.21135	0.39640	0.01767	0.02583	0.09982	0.02009	0.09118	0.01739	0.02286	0.01232	0.01411	0.00939	0.00685	0.00622	0.00201	0.00979	0.00495	0.00352	0.01009
5	0.01879	0.01347	0.01472	0.01288	0.01624	0.04022	0.00989	0.10191	0.27669	0.12599	0.06514	0.02955	0.02256	0.13123	0.08486	0.00395	0.00765	0.00822	0.00655	0.00950
6	0.01649	0.00871	0.01150	0.00999	0.01283	0.00780	0.00778	0.01961	0.02007	0.23021	0.47722	0.04521	0.07750	0.01299	0.00803	0.00224	0.00417	0.01127	0.00808	0.00829
7	0.00871	0.00722	0.00762	0.00752	0.00980	0.00614	0.00564	0.01079	0.01692	0.02088	0.18331	0.06582	0.59024	0.01742	0.00841	0.00238	0.00356	0.01465	0.00683	0.00614
8	0.00858	0.00718	0.00748	0.00749	0.00974	0.00607	0.00558	0.01051	0.01650	0.02008	0.13073	0.09525	0.61462	0.01788	0.00844	0.00241	0.00361	0.01504	0.00673	0.00607
9	0.01008	0.00728	0.00952	0.00896	0.01064	0.00672	0.00672	0.01344	0.02016	0.02855	0.70158	0.05319	0.06719	0.01456	0.00840	0.00224	0.00336	0.01288	0.00784	0.00672
10	0.01428	0.03683	0.71286	0.02030	0.03082	0.01654	0.02631	0.02255	0.01503	0.02255	0.01278	0.01503	0.00902	0.00677	0.00677	0.00226	0.01052	0.00526	0.00301	0.01052
11	0.01904	0.75404	0.03731	0.01218	0.01828	0.02818	0.01218	0.02132	0.01447	0.01675	0.00990	0.01142	0.00914	0.00609	0.00457	0.00152	0.00761	0.00381	0.00305	0.00914
12	0.01904	0.75404	0.03731	0.01218	0.01828	0.02818	0.01218	0.02132	0.01447	0.01675	0.00990	0.01142	0.00914	0.00609	0.00457	0.00152	0.00761	0.00381	0.00305	0.00914
13	0.00868	0.00620	0.00826	0.00991	0.01033	0.00578	0.00661	0.00991	0.01363	0.01818	0.03925	0.74510	0.04710	0.02231	0.00909	0.00289	0.00413	0.02024	0.00661	0.00578
14	0.02054	0.40352	0.15386	0.01530	0.02168	0.15803	0.01518	0.09804	0.01783	0.02113	0.01145	0.01299	0.00946	0.00673	0.00561	0.00178	0.00916	0.00451	0.00362	0.00956
15	0.00948	0.00726	0.00869	0.00833	0.01027	0.00646	0.00625	0.01228	0.01874	0.02519	0.47445	0.05872	0.29642	0.01581	0.00840	0.00230	0.00345	0.01365	0.00740	0.00646
16	0.03067	0.01416	0.01779	0.01364	0.01920	0.01350	0.01127	0.20377	0.02380	0.53637	0.02522	0.02237	0.01618	0.00874	0.00715	0.00219	0.00652	0.00696	0.00837	0.01212
17	0.01529	0.01297	0.01505	0.01080	0.01710	0.01003	0.00865	0.04618	0.01556	0.02413	0.01285	0.01486	0.01061	0.00541	0.00535	0.00110	0.00538	0.00431	0.00434	0.76003
18	0.01904	0.75404	0.03731	0.01218	0.01828	0.02818	0.01218	0.02132	0.01447	0.01675	0.00990	0.01142	0.00914	0.00609	0.00457	0.00152	0.00761	0.00381	0.00305	0.00914
19	0.01036	0.00690	0.00777	0.00777	0.00777	0.00690	0.00431	0.01036	0.01036	0.01381	0.02244	0.04660	0.02589	0.74975	0.03624	0.00690	0.00690	0.01036	0.00431	0.00431
20	0.01029	0.00715	0.00900	0.00900	0.00943	0.00757	0.00585	0.01115	0.01072	0.01472	0.02131	0.04035	0.02317	0.51614	0.26615	0.00843	0.01099	0.00944	0.00415	0.00500
21	0.01428	0.03683	0.71286	0.02030	0.03082	0.01654	0.02631	0.02255	0.01503	0.02255	0.01278	0.01503	0.00902	0.00677	0.00677	0.00226	0.01052	0.00526	0.00301	0.01052
22	0.01017	0.00763	0.01144	0.01144	0.01272	0.00890	0.00890	0.01272	0.01144	0.01653	0.01907	0.02797	0.01780	0.05340	0.72153	0.01144	0.01907	0.00763	0.00381	0.00636
23	0.01036	0.00690	0.00777	0.00777	0.00777	0.00690	0.00431	0.01036	0.01036	0.01381	0.02244	0.04660	0.02589	0.74975	0.03624	0.00690	0.00690	0.01036	0.00431	0.00431
24	0.00953	0.00683	0.00895	0.01035	0.01104	0.00654	0.00716	0.03545	0.01454	0.01937	0.03832	0.67785	0.04541	0.02163	0.00906	0.00289	0.00442	0.05795	0.00663	0.00607
25	0.75396	0.01367	0.01083	0.00956	0.01404	0.01564	0.00788	0.02176	0.01261	0.07265	0.01101	0.01233	0.00831	0.00674	0.00457	0.00220	0.00554	0.00405	0.00467	0.00798
26	0.01771	0.01530	0.01610	0.01449	0.01852	0.01771	0.01127	0.03784	0.69247	0.02979	0.02898	0.02657	0.02174	0.00966	0.00725	0.00242	0.00564	0.00805	0.00725	0.01127
27	0.01142	0.00922	0.01327	0.01265	0.01346	0.01139	0.00986	0.01328	0.01124	0.01636	0.01761	0.05309	0.01735	0.09003	0.46242	0.04312	0.17619	0.00792	0.00377	0.00637
28	0.01699	0.01419	0.01845	0.01648	0.10947	0.01236	0.03341	0.08004	0.01682	0.04974	0.01367	0.01587	0.01101	0.00610	0.00645	0.00145	0.03033	0.00501	0.00450	0.53766
29	0.00862	0.00641	0.00805	0.00936	0.01018	0.00583	0.00636	0.00998	0.01417	0.01840	0.04601	0.60589	0.18194	0.02143	0.00895	0.00279	0.00402	0.01917	0.00661	0.00583
30	0.00868	0.00620	0.00826	0.00991	0.01033	0.00578	0.00661	0.00991	0.01363	0.01818	0.03925	0.74510	0.04710	0.02231	0.00909	0.00289	0.00413	0.02024	0.00661	0.00578
31	0.01501	0.01237	0.01894	0.07225	0.24700	0.01248	0.03563	0.05161	0.04053	0.05442	0.16746	0.07745	0.07360	0.01261	0.03099	0.00263	0.00697	0.05352	0.00555	0.00895
32	0.01989	0.01782	0.02689	0.14916	0.16427	0.08130	0.18310	0.11826	0.01918	0.09171	0.01640	0.05018	0.01296	0.00774	0.00745	0.00225	0.00942	0.00739	0.00467	0.00996
33	0.01904	0.75404	0.03731	0.01218	0.01828	0.02818	0.01218	0.02132	0.01447	0.01675	0.00990	0.01142	0.00914	0.00609	0.00457	0.00152	0.00761	0.00381	0.00305	0.00914
34	0.01949	0.06140	0.02047	0.08884	0.09319	0.07861	0.01301	0.19498	0.02027	0.02754	0.01359	0.01573	0.01072	0.00667	0.00619	0.00168	0.00752	0.00524	0.00469	0.31016
35	0.02433	0.01859	0.01983	0.01583	0.02104	0.02080	0.01287	0.49345	0.22608	0.04047	0.02057	0.01986	0.01492	0.00887	0.00716	0.00222	0.00719	0.00689	0.00716	0.01186
36	0.00866	0.00625	0.00821	0.00978	0.01029	0.00580	0.00655	0.00993	0.01376	0.01823	0.04089	0.71134	0.07980	0.02210	0.00906	0.00287	0.00411	0.01998	0.00661	0.00580

[dist]
# distance from previous block
# <min> <max>
0	1

[block]
# block no. 4 follows, 29 sequences, length 80
# corresponding to MSA columns:
# 349-428
name=unknown_E
#
# <colnr> <probs for GDERKNQSTAVLIFYWHMCP>
#	G	D	E	R	K	N	Q	S	T	A	V	L	I	F	Y	W	H	M	C	P
0	0.01327	0.00664	0.00664	0.00664	0.00830	0.00664	0.00498	0.01659	0.01493	0.02655	0.02323	0.02655	0.01825	0.00830	0.00498	0.00166	0.00332	0.00664	0.78928	0.00664
1	0.00975	0.00753	0.00892	0.00852	0.01055	0.00685	0.00641	0.01313	0.04218	0.02524	0.45129	0.05779	0.29454	0.01564	0.00836	0.00231	0.00353	0.01348	0.00738	0.00662
2	0.02707	0.01995	0.02137	0.01638	0.02208	0.02208	0.01353	0.68159	0.03348	0.04488	0.01710	0.01710	0.01211	0.00855	0.00712	0.00214	0.00784	0.00641	0.00712	0.01211
3	0.06329	0.01219	0.01628	0.01253	0.01800	0.01069	0.01035	0.03414	0.02004	0.68259	0.02735	0.02372	0.01722	0.00872	0.00705	0.00220	0.00604	0.00703	0.00863	0.01194
4	0.01237	0.00618	0.00928	0.00928	0.00928	0.00618	0.00618	0.00928	0.00928	0.01237	0.01237	0.02165	0.01237	0.02474	0.02783	0.79283	0.00618	0.00618	0.00309	0.00309
5	0.02660	0.03394	0.02018	0.01834	0.02201	0.72116	0.01376	0.02843	0.02018	0.01743	0.01101	0.01284	0.00917	0.00734	0.00642	0.00183	0.01284	0.00459	0.00367	0.00825
6	0.01904	0.75404	0.03731	0.01218	0.01828	0.02818	0.01218	0.02132	0.01447	0.01675	0.00990	0.01142	0.00914	0.00609	0.00457	0.00152	0.00761	0.00381	0.00305	0.00914
7	0.02660	0.03394	0.02018	0.01834	0.02201	0.72116	0.01376	0.02843	0.02018	0.01743	0.01101	0.01284	0.00917	0.00734	0.00642	0.00183	0.01284	0.00459	0.00367	0.00825
8	0.80005	0.01377	0.01047	0.00936	0.01377	0.01597	0.00771	0.02093	0.01212	0.03195	0.00991	0.01157	0.00771	0.00661	0.00441	0.00220	0.00551	0.00386	0.00441	0.00771
9	0.01762	0.01692	0.02890	0.04371	0.70533	0.01692	0.02185	0.02185	0.01621	0.02326	0.01339	0.01762	0.01128	0.00634	0.00705	0.00211	0.00846	0.00634	0.00352	0.01128
10	0.02068	0.06725	0.15459	0.01904	0.13506	0.01419	0.01522	0.06503	0.03866	0.23510	0.07493	0.04531	0.04727	0.00931	0.00716	0.00221	0.00719	0.02539	0.00597	0.01045
11	0.45390	0.08211	0.04239	0.01448	0.06013	0.05779	0.04773	0.06075	0.01537	0.08950	0.01257	0.01399	0.00949	0.00687	0.00541	0.00213	0.00702	0.00479	0.00464	0.00894
12	0.00896	0.00645	0.00835	0.00949	0.01017	0.00600	0.00642	0.01046	0.01451	0.01945	0.13444	0.56469	0.08614	0.06589	0.01063	0.00302	0.00416	0.01828	0.00664	0.00584
13	0.00929	0.00725	0.00843	0.00813	0.01015	0.00638	0.00610	0.01191	0.01830	0.02414	0.40318	0.06046	0.36834	0.01621	0.00841	0.00232	0.00348	0.01390	0.00726	0.00638
14	0.02020	0.64360	0.03469	0.01313	0.01885	0.13446	0.01243	0.02241	0.01534	0.01686	0.01007	0.01164	0.00914	0.00628	0.00485	0.00157	0.00842	0.00393	0.00314	0.00900
15	0.06947	0.06562	0.25316	0.01531	0.02138	0.03744	0.01576	0.06614	0.09479	0.08552	0.02103	0.10467	0.01851	0.01020	0.00706	0.00232	0.00772	0.06447	0.00515	0.03427
16	0.07558	0.02045	0.05027	0.03858	0.02118	0.15764	0.01354	0.20349	0.08004	0.11326	0.01641	0.01767	0.01231	0.01009	0.03053	0.00255	0.11488	0.00607	0.00548	0.00997
17	0.04980	0.01506	0.05233	0.20688	0.05072	0.01494	0.07657	0.06663	0.04539	0.27621	0.01917	0.02044	0.01323	0.00809	0.00811	0.00233	0.05138	0.00676	0.00574	0.01022
18	0.04135	0.01335	0.01558	0.01150	0.01728	0.01137	0.00929	0.06214	0.01584	0.04692	0.01315	0.01518	0.01071	0.00612	0.00662	0.00134	0.05358	0.00458	0.00449	0.63962
19	0.04832	0.30351	0.31502	0.01652	0.02339	0.02178	0.01844	0.02113	0.01402	0.01985	0.01101	0.01362	0.00907	0.00744	0.00857	0.00212	0.12885	0.00481	0.00310	0.00943
20	0.00944	0.00641	0.00856	0.00997	0.01058	0.00596	0.00673	0.01079	0.01405	0.03988	0.06051	0.70028	0.04684	0.02164	0.00901	0.00285	0.00417	0.01960	0.00672	0.00601
21	0.00868	0.00620	0.00826	0.00991	0.01033	0.00578	0.00661	0.00991	0.01363	0.01818	0.03925	0.74510	0.04710	0.02231	0.00909	0.00289	0.00413	0.02024	0.00661	0.00578
22	0.01093	0.00875	0.01290	0.01246	0.01356	0.01072	0.00984	0.01334	0.01137	0.01662	0.01770	0.02623	0.01661	0.04764	0.62329	0.01027	0.12006	0.00743	0.00372	0.00656
23	0.01345	0.01266	0.02136	0.73264	0.04904	0.01582	0.01978	0.01819	0.01424	0.01819	0.01266	0.01898	0.00949	0.00712	0.00712	0.00237	0.00949	0.00633	0.00316	0.00791
24	0.01942	0.01615	0.01707	0.01484	0.01917	0.01851	0.01169	0.15567	0.57185	0.03255	0.02681	0.02483	0.01997	0.00946	0.00722	0.00236	0.00604	0.00775	0.00722	0.01142
25	0.01904	0.75404	0.03731	0.01218	0.01828	0.02818	0.01218	0.02132	0.01447	0.01675	0.00990	0.01142	0.00914	0.00609	0.00457	0.00152	0.00761	0.00381	0.00305	0.00914
26	0.01036	0.00690	0.00777	0.00777	0.00777	0.00690	0.00431	0.01036	0.01036	0.01381	0.02244	0.04660	0.02589	0.74975	0.03624	0.00690	0.00690	0.01036	0.00431	0.00431
27	0.01036	0.00690	0.00777	0.00777	0.00777	0.00690	0.00431	0.01036	0.01036	0.01381	0.02244	0.04660	0.02589	0.74975	0.03624	0.00690	0.00690	0.01036	0.00431	0.00431
28	0.01527	0.01295	0.01503	0.01078	0.01709	0.01001	0.00865	0.04498	0.01553	0.02409	0.01284	0.01486	0.01061	0.00541	0.00535	0.00110	0.00538	0.00431	0.00434	0.76144
29	0.80005	0.01377	0.01047	0.00936	0.01377	0.01597	0.00771	0.02093	0.01212	0.03195	0.00991	0.01157	0.00771	0.00661	0.00441	0.00220	0.00551	0.00386	0.00441	0.00771
30	0.00868	0.00620	0.00826	0.00991	0.01033	0.00578	0.00661	0.00991	0.01363	0.01818	0.03925	0.74510	0.04710	0.02231	0.00909	0.00289	0.00413	0.02024	0.00661	0.00578
31	0.80005	0.01377	0.01047	0.00936	0.01377	0.01597	0.00771	0.02093	0.01212	0.03195	0.00991	0.01157	0.00771	0.00661	0.00441	0.00220	0.00551	0.00386	0.00441	0.00771
32	0.01237	0.00618	0.00928	0.00928	0.00928	0.00618	0.00618	0.00928	0.00928	0.01237	0.01237	0.02165	0.01237	0.02474	0.02783	0.79283	0.00618	0.00618	0.00309	0.00309
33	0.01116	0.00797	0.01112	0.01276	0.01426	0.00793	0.01094	0.01422	0.01609	0.02096	0.03787	0.15393	0.04166	0.01996	0.00975	0.00324	0.00629	0.58686	0.00656	0.00647
34	0.00919	0.00656	0.00885	0.01050	0.01114	0.00623	0.00750	0.01080	0.01414	0.01875	0.03896	0.62342	0.04598	0.02183	0.00923	0.00296	0.00458	0.13687	0.00660	0.00593
35	0.01790	0.01541	0.01801	0.11869	0.06117	0.01777	0.01326	0.08943	0.50174	0.02907	0.02477	0.02418	0.01859	0.00902	0.00721	0.00237	0.00653	0.00757	0.00645	0.01086
36	0.01639	0.01583	0.02748	0.23938	0.48119	0.01667	0.05770	0.02086	0.01568	0.02179	0.01324	0.01810	0.01074	0.00655	0.00714	0.00220	0.00895	0.00645	0.00343	0.01023
37	0.01955	0.21667	0.21119	0.02080	0.10492	0.04352	0.07686	0.17741	0.01969	0.02623	0.01320	0.01518	0.01021	0.00691	0.00644	0.00202	0.00909	0.00554	0.00412	0.01047
38	0.01020	0.00771	0.00960	0.01065	0.01177	0.00771	0.00754	0.01441	0.11337	0.02045	0.06204	0.55609	0.06460	0.01990	0.00882	0.00281	0.00445	0.05449	0.00674	0.00667
39	0.01237	0.00618	0.00928	0.00928	0.00928	0.00618	0.00618	0.00928	0.00928	0.01237	0.01237	0.02165	0.01237	0.02474	0.02783	0.79283	0.00618	0.00618	0.00309	0.00309
40	0.01724	0.10105	0.04304	0.05644	0.04923	0.06241	0.09031	0.07944	0.09908	0.06539	0.02367	0.17318	0.02263	0.01172	0.00760	0.00240	0.00758	0.07318	0.00547	0.00896
41	0.01451	0.03350	0.59902	0.06213	0.03257	0.01666	0.09826	0.02233	0.01518	0.02233	0.01295	0.01572	0.00924	0.00670	0.00697	0.00228	0.01063	0.00567	0.00308	0.01027
42	0.00865	0.00628	0.00817	0.00968	0.01027	0.00580	0.00651	0.00994	0.01386	0.01827	0.04207	0.68700	0.10337	0.02194	0.00903	0.00285	0.00409	0.01980	0.00661	0.00580
43	0.11769	0.01933	0.15473	0.01475	0.02067	0.01599	0.01395	0.24557	0.02171	0.19273	0.01831	0.01964	0.01321	0.04126	0.05618	0.00301	0.00839	0.00629	0.00604	0.01056
44	0.01447	0.01217	0.01481	0.01139	0.01647	0.01037	0.02963	0.03899	0.08623	0.02569	0.16554	0.02461	0.02417	0.00788	0.00632	0.00153	0.00518	0.00671	0.00539	0.49245
45	0.01710	0.01636	0.02766	0.04162	0.66553	0.01629	0.02091	0.02119	0.01621	0.02303	0.01675	0.02054	0.05082	0.00701	0.00713	0.00213	0.00818	0.00684	0.00370	0.01098
46	0.01237	0.00618	0.00928	0.00928	0.00928	0.00618	0.00618	0.00928	0.00928	0.01237	0.01237	0.02165	0.01237	0.02474	0.02783	0.79283	0.00618	0.00618	0.00309	0.00309
47	0.01477	0.01266	0.01477	0.01055	0.01687	0.00949	0.00844	0.01793	0.01477	0.02320	0.01266	0.01477	0.01055	0.00527	0.00527	0.00105	0.00527	0.00422	0.00422	0.79328
48	0.01713	0.01623	0.02702	0.10890	0.50188	0.01619	0.05624	0.04208	0.01643	0.02340	0.01341	0.01751	0.01101	0.00635	0.00693	0.00204	0.00838	0.00622	0.00368	0.09894
49	0.07197	0.01627	0.01870	0.01441	0.01996	0.01680	0.01190	0.36952	0.02672	0.32750	0.02138	0.01983	0.01422	0.00855	0.00699	0.00217	0.00695	0.00659	0.00769	0.01187
50	0.01027	0.00724	0.00950	0.00950	0.01010	0.00784	0.00647	0.01147	0.01087	0.01509	0.02085	0.03783	0.02208	0.42207	0.35872	0.00904	0.01263	0.00907	0.00408	0.00528
51	0.01203	0.00631	0.00902	0.00902	0.00902	0.00631	0.00587	0.00946	0.00946	0.01261	0.01406	0.02584	0.01464	0.14649	0.02924	0.66084	0.00631	0.00688	0.00330	0.00330
52	0.01904	0.75404	0.03731	0.01218	0.01828	0.02818	0.01218	0.02132	0.01447	0.01675	0.00990	0.01142	0.00914	0.00609	0.00457	0.00152	0.00761	0.00381	0.00305	0.00914
53	0.01904	0.75404	0.03731	0.01218	0.01828	0.02818	0.01218	0.02132	0.01447	0.01675	0.00990	0.01142	0.00914	0.00609	0.00457	0.00152	0.00761	0.00381	0.00305	0.00914
54	0.01237	0.00618	0.00928	0.00928	0.00928	0.00618	0.00618	0.00928	0.00928	0.01237	0.01237	0.02165	0.01237	0.02474	0.02783	0.79283	0.00618	0.00618	0.00309	0.00309
55	0.00861	0.00705	0.00760	0.00783	0.00983	0.00604	0.00573	0.01046	0.01615	0.01991	0.12435	0.18074	0.53412	0.01843	0.00853	0.00247	0.00367	0.01571	0.00672	0.00604
56	0.01345	0.01266	0.02136	0.73264	0.04904	0.01582	0.01978	0.01819	0.01424	0.01819	0.01266	0.01898	0.00949	0.00712	0.00712	0.00237	0.00949	0.00633	0.00316	0.00791
57	0.01883	0.11169	0.03303	0.02397	0.05229	0.15947	0.32352	0.02270	0.01611	0.02000	0.01224	0.01628	0.01003	0.00744	0.01016	0.00230	0.14083	0.00662	0.00346	0.00901
58	0.01477	0.01266	0.01477	0.01055	0.01687	0.00949	0.00844	0.01793	0.01477	0.02320	0.01266	0.01477	0.01055	0.00527	0.00527	0.00105	0.00527	0.00422	0.00422	0.79328
59	0.01529	0.08044	0.51545	0.01887	0.02778	0.01650	0.06288	0.04512	0.01625	0.04353	0.05479	0.01946	0.03726	0.00764	0.00689	0.00221	0.00954	0.00623	0.00377	0.01010
60	0.01845	0.02168	0.03835	0.02805	0.03466	0.13609	0.56767	0.02375	0.01737	0.02191	0.01383	0.01814	0.01053	0.00623	0.00807	0.00231	0.01215	0.00776	0.00361	0.00938
61	0.01416	0.01310	0.02047	0.61203	0.04392	0.01614	0.01835	0.02149	0.12814	0.02014	0.01540	0.02026	0.01155	0.00755	0.00714	0.00238	0.00884	0.00662	0.00385	0.00847
62	0.01632	0.01598	0.02861	0.10417	0.47090	0.01604	0.13078	0.02064	0.01590	0.02227	0.01571	0.08049	0.01410	0.00773	0.00746	0.00225	0.00878	0.00788	0.00377	0.01020
63	0.23713	0.14104	0.12991	0.01521	0.02055	0.30672	0.01383	0.02432	0.01625	0.02215	0.01081	0.01262	0.00874	0.00685	0.00563	0.00195	0.00963	0.00437	0.00367	0.00860
64	0.01345	0.01266	0.02136	0.73264	0.04904	0.01582	0.01978	0.01819	0.01424	0.01819	0.01266	0.01898	0.00949	0.00712	0.00712	0.00237	0.00949	0.00633	0.00316	0.00791
65	0.02908	0.01203	0.01600	0.01246	0.01753	0.01074	0.01022	0.07213	0.02116	0.58933	0.10633	0.02719	0.02309	0.00947	0.00730	0.00220	0.00585	0.00778	0.00859	0.01148
66	0.01327	0.00664	0.00664	0.00664	0.00830	0.00664	0.00498	0.01659	0.01493	0.02655	0.02323	0.02655	0.01825	0.00830	0.00498	0.00166	0.00332	0.00664	0.78928	0.00664
67	0.00847	0.00722	0.00729	0.00728	0.00965	0.00604	0.00546	0.01033	0.01637	0.01956	0.09433	0.06799	0.68005	0.01791	0.00842	0.00240	0.00360	0.01495	0.00666	0.00604
