[name]
unknown

[dist]
# distance from previous block
# <min> <max>
0	47

[block]
# block no. 0 follows, 34 sequences, length 38
# corresponding to MSA columns:
# 47-84
name=unknown_A
#
# <colnr> <probs for GDERKNQSTAVLIFYWHMCP>
#	G	D	E	R	K	N	Q	S	T	A	V	L	I	F	Y	W	H	M	C	P
0	0.01041	0.00744	0.01041	0.01190	0.01339	0.00744	0.01041	0.01339	0.01487	0.01934	0.03421	0.07288	0.03719	0.01785	0.00892	0.00297	0.00595	0.68913	0.00595	0.00595
1	0.00907	0.00613	0.00714	0.00747	0.00755	0.00605	0.00436	0.00931	0.01003	0.01338	0.02363	0.19822	0.02762	0.61135	0.02760	0.00548	0.00572	0.01132	0.00436	0.00420
2	0.00958	0.00732	0.01059	0.01040	0.01133	0.00863	0.00796	0.01154	0.01023	0.01472	0.01710	0.02677	0.01657	0.13764	0.60809	0.00935	0.06591	0.00715	0.00348	0.00562
3	0.00823	0.00616	0.00766	0.00826	0.00941	0.00559	0.00589	0.01005	0.01461	0.01936	0.23162	0.38736	0.20892	0.01735	0.00795	0.00237	0.00351	0.03385	0.00630	0.00555
4	0.00774	0.00655	0.00669	0.00666	0.00879	0.00550	0.00499	0.00948	0.01498	0.01804	0.11167	0.06121	0.68341	0.01614	0.00764	0.00217	0.00326	0.01350	0.00608	0.00550
5	0.81856	0.01250	0.00950	0.00850	0.01250	0.01449	0.00700	0.01899	0.01100	0.02899	0.00900	0.01050	0.00700	0.00600	0.00400	0.00200	0.00500	0.00350	0.00400	0.00700
6	0.00784	0.00573	0.00738	0.00870	0.00929	0.00527	0.00587	0.00903	0.01265	0.01661	0.03918	0.68434	0.12480	0.01978	0.00817	0.00257	0.00369	0.01780	0.00600	0.00527
7	0.81856	0.01250	0.00950	0.00850	0.01250	0.01449	0.00700	0.01899	0.01100	0.02899	0.00900	0.01050	0.00700	0.00600	0.00400	0.00200	0.00500	0.00350	0.00400	0.00700
8	0.00787	0.00562	0.00750	0.00900	0.00937	0.00525	0.00600	0.00900	0.01237	0.01649	0.03561	0.76871	0.04274	0.02024	0.00825	0.00262	0.00375	0.01837	0.00600	0.00525
9	0.74171	0.01267	0.01023	0.00894	0.01304	0.01448	0.00736	0.05046	0.01225	0.06674	0.01015	0.01132	0.00765	0.00618	0.00424	0.00200	0.00512	0.00376	0.00432	0.00739
10	0.01709	0.74475	0.06429	0.01137	0.01707	0.02511	0.01161	0.01940	0.01315	0.01543	0.00910	0.01051	0.00829	0.00555	0.00423	0.00141	0.00702	0.00351	0.00276	0.00835
11	0.02032	0.00993	0.01245	0.01001	0.01401	0.00881	0.00803	0.04768	0.03822	0.37115	0.09737	0.04394	0.07476	0.00898	0.00629	0.00184	0.00471	0.00743	0.09737	0.11670
12	0.01619	0.01744	0.08009	0.03450	0.57844	0.05385	0.01892	0.02145	0.07608	0.02129	0.01322	0.01629	0.01080	0.00610	0.00636	0.00194	0.00781	0.00573	0.00346	0.01004
13	0.01727	0.77681	0.03386	0.01106	0.01658	0.02557	0.01106	0.01935	0.01313	0.01520	0.00898	0.01036	0.00829	0.00553	0.00415	0.00138	0.00691	0.00345	0.00276	0.00829
14	0.00787	0.00655	0.00687	0.00679	0.00887	0.00555	0.00509	0.00972	0.01528	0.01876	0.16793	0.06003	0.62671	0.01588	0.00763	0.00216	0.00324	0.01334	0.00617	0.00555
15	0.01652	0.01410	0.01486	0.01324	0.01697	0.01628	0.01034	0.06992	0.68464	0.02775	0.02573	0.02366	0.01926	0.00871	0.00657	0.00218	0.00522	0.00723	0.00657	0.01027
16	0.00909	0.00660	0.00856	0.00807	0.00962	0.00607	0.00606	0.01209	0.01817	0.02562	0.70609	0.04875	0.08427	0.01332	0.00762	0.00204	0.00306	0.01175	0.00707	0.00607
17	0.01572	0.01507	0.02573	0.09200	0.68244	0.01528	0.01969	0.01959	0.01458	0.02077	0.01210	0.01608	0.01012	0.00581	0.00640	0.00194	0.00774	0.00576	0.00317	0.01001
18	0.81856	0.01250	0.00950	0.00850	0.01250	0.01449	0.00700	0.01899	0.01100	0.02899	0.00900	0.01050	0.00700	0.00600	0.00400	0.00200	0.00500	0.00350	0.00400	0.00700
19	0.00787	0.00562	0.00750	0.00900	0.00937	0.00525	0.00600	0.00900	0.01237	0.01649	0.03561	0.76871	0.04274	0.02024	0.00825	0.00262	0.00375	0.01837	0.00600	0.00525
20	0.01371	0.09601	0.65516	0.01773	0.02673	0.04107	0.02240	0.02055	0.01376	0.01986	0.01132	0.01330	0.00820	0.00611	0.00596	0.00198	0.00940	0.00464	0.00275	0.00937
21	0.00773	0.00658	0.00668	0.00673	0.00889	0.00552	0.00510	0.00942	0.01473	0.01752	0.06437	0.06256	0.70587	0.01642	0.00768	0.00221	0.00337	0.03716	0.00600	0.00547
22	0.00854	0.00658	0.00780	0.00750	0.00928	0.00584	0.00562	0.01103	0.01687	0.02254	0.46467	0.05381	0.32761	0.01447	0.00763	0.00209	0.00314	0.01246	0.00667	0.00584
23	0.01493	0.01427	0.02431	0.24097	0.53962	0.01507	0.01930	0.01890	0.01421	0.01982	0.01197	0.01634	0.00978	0.00595	0.00641	0.00198	0.00794	0.00575	0.00311	0.00938
24	0.01541	0.01501	0.02538	0.17703	0.44719	0.03237	0.10330	0.04050	0.01500	0.02057	0.01297	0.01832	0.01080	0.00637	0.00664	0.00203	0.00827	0.03025	0.00334	0.00925
25	0.01504	0.00690	0.00761	0.00699	0.00911	0.00664	0.00540	0.01796	0.01442	0.15023	0.02186	0.02372	0.01646	0.00761	0.00487	0.00159	0.00345	0.00611	0.66712	0.00690
26	0.01769	0.29944	0.27877	0.01538	0.04003	0.05360	0.01606	0.14863	0.01693	0.04075	0.01167	0.01298	0.00901	0.00628	0.00548	0.00176	0.00808	0.00453	0.00361	0.00932
27	0.01351	0.01266	0.02131	0.51751	0.19201	0.01460	0.04846	0.04188	0.01392	0.01843	0.01213	0.01772	0.00959	0.03129	0.00736	0.00223	0.00838	0.00595	0.00312	0.00794
28	0.00903	0.00660	0.00848	0.00801	0.00958	0.00605	0.00601	0.01197	0.01802	0.02526	0.67803	0.04934	0.11255	0.01345	0.00762	0.00204	0.00307	0.01184	0.00703	0.00605
29	0.00920	0.00678	0.00978	0.00984	0.01079	0.00770	0.00738	0.01113	0.01031	0.01469	0.01844	0.05567	0.01823	0.15480	0.61379	0.00948	0.01516	0.00772	0.00362	0.00547
30	0.00787	0.00562	0.00750	0.00900	0.00937	0.00525	0.00600	0.00900	0.01237	0.01649	0.03561	0.76871	0.04274	0.02024	0.00825	0.00262	0.00375	0.01837	0.00600	0.00525
31	0.01296	0.03342	0.73944	0.01842	0.02797	0.01501	0.02387	0.02046	0.01364	0.02046	0.01160	0.01364	0.00818	0.00614	0.00614	0.00205	0.00955	0.00477	0.00273	0.00955
32	0.05172	0.01386	0.01533	0.01268	0.01681	0.04615	0.01044	0.28705	0.04431	0.22338	0.05358	0.02897	0.04630	0.00981	0.00682	0.00212	0.00623	0.10836	0.00659	0.00948
33	0.00923	0.00692	0.01038	0.01038	0.01154	0.00808	0.00808	0.01154	0.01038	0.01500	0.01731	0.02538	0.01615	0.04846	0.74732	0.01038	0.01731	0.00692	0.00346	0.00577
34	0.01607	0.01388	0.01461	0.01315	0.01680	0.01607	0.01023	0.03433	0.72094	0.02703	0.02630	0.02411	0.01972	0.00877	0.00657	0.00219	0.00511	0.00731	0.00657	0.01023
35	0.02456	0.01810	0.01939	0.01487	0.02004	0.02004	0.01228	0.71107	0.03038	0.04072	0.01551	0.01551	0.01099	0.00776	0.00646	0.00194	0.00711	0.00582	0.00646	0.01099
36	0.00793	0.00659	0.00695	0.00695	0.00902	0.00561	0.00527	0.00979	0.01517	0.01857	0.14640	0.06088	0.62033	0.01603	0.00768	0.00219	0.00335	0.03959	0.00614	0.00555
37	0.00796	0.00568	0.00759	0.00909	0.00950	0.00532	0.00614	0.00914	0.01245	0.01659	0.03557	0.74583	0.04255	0.02016	0.00827	0.00264	0.00382	0.04042	0.00600	0.00527

[dist]
# distance from previous block
# <min> <max>
0	1

[block]
# block no. 1 follows, 34 sequences, length 7
# corresponding to MSA columns:
# 86-92
name=unknown_B
#
# <colnr> <probs for GDERKNQSTAVLIFYWHMCP>
#	G	D	E	R	K	N	Q	S	T	A	V	L	I	F	Y	W	H	M	C	P
0	0.20458	0.01390	0.01414	0.01198	0.01596	0.01561	0.00960	0.16169	0.30204	0.02911	0.01793	0.01790	0.01358	0.00763	0.00630	0.00199	0.03556	0.00571	0.03595	0.07883
1	0.01181	0.00806	0.00923	0.00855	0.01046	0.00836	0.00655	0.04572	0.10566	0.02541	0.31380	0.03464	0.05902	0.01046	0.00679	0.00189	0.02855	0.00875	0.28949	0.00681
2	0.43450	0.01815	0.10590	0.01256	0.01757	0.09550	0.04616	0.11827	0.01523	0.02731	0.01070	0.01224	0.00814	0.00625	0.00504	0.00192	0.00689	0.00429	0.00407	0.04933
3	0.01366	0.01216	0.02131	0.02435	0.28365	0.01194	0.14925	0.01678	0.01423	0.05515	0.04550	0.25192	0.02228	0.01078	0.00780	0.00223	0.03411	0.01029	0.00445	0.00816
4	0.01411	0.08720	0.46301	0.02035	0.11674	0.01630	0.04513	0.02123	0.07486	0.02043	0.01261	0.01475	0.00953	0.00653	0.00694	0.00204	0.05048	0.00517	0.00315	0.00943
5	0.01713	0.15793	0.18243	0.01666	0.10821	0.10067	0.01417	0.02189	0.06582	0.11372	0.09364	0.02063	0.04485	0.00764	0.00607	0.00187	0.00728	0.00609	0.00443	0.00887
6	0.00823	0.00588	0.00791	0.00941	0.00994	0.00556	0.00663	0.00962	0.01273	0.01690	0.03541	0.66977	0.04195	0.01990	0.00834	0.00267	0.00406	0.11374	0.00599	0.00535

[dist]
# distance from previous block
# <min> <max>
0	8

[block]
# block no. 2 follows, 34 sequences, length 27
# corresponding to MSA columns:
# 101-127
name=unknown_C
#
# <colnr> <probs for GDERKNQSTAVLIFYWHMCP>
#	G	D	E	R	K	N	Q	S	T	A	V	L	I	F	Y	W	H	M	C	P
0	0.01332	0.03112	0.64483	0.02058	0.08431	0.01511	0.06058	0.02042	0.01381	0.02053	0.01172	0.01403	0.00844	0.00607	0.00624	0.00204	0.00947	0.00501	0.00279	0.00956
1	0.01516	0.05002	0.30654	0.04669	0.17495	0.04354	0.10165	0.03564	0.03614	0.04641	0.01455	0.01988	0.01183	0.00710	0.00655	0.00207	0.00865	0.05986	0.00356	0.00921
2	0.00966	0.00669	0.00793	0.00794	0.00810	0.00695	0.00498	0.01003	0.00989	0.01327	0.02089	0.04302	0.02374	0.65757	0.05581	0.00601	0.03603	0.06322	0.00402	0.00427
3	0.00924	0.00687	0.01012	0.01012	0.01118	0.00793	0.00775	0.01137	0.01031	0.01480	0.01755	0.02673	0.01674	0.10607	0.69050	0.01006	0.01643	0.00712	0.00350	0.00562
4	0.70614	0.03800	0.01182	0.00979	0.01386	0.07315	0.02871	0.01960	0.01177	0.02726	0.00920	0.01079	0.00723	0.00602	0.00426	0.00196	0.00576	0.00367	0.00388	0.00713
5	0.01273	0.01130	0.01855	0.55182	0.13865	0.01337	0.01639	0.01679	0.01326	0.01820	0.01288	0.01798	0.00993	0.00650	0.00619	0.00203	0.00772	0.00578	0.11247	0.00746
6	0.01651	0.09357	0.12227	0.01643	0.11524	0.03713	0.01308	0.13897	0.06561	0.02404	0.01301	0.01453	0.01024	0.00603	0.00558	0.00156	0.00670	0.00478	0.00411	0.29060
7	0.00793	0.00599	0.00733	0.00820	0.00921	0.00539	0.00569	0.00938	0.01363	0.01768	0.11072	0.49339	0.24521	0.01844	0.00801	0.00244	0.00354	0.01635	0.00611	0.00539
8	0.00887	0.00825	0.03714	0.00828	0.01054	0.00699	0.00651	0.01252	0.09179	0.01874	0.07700	0.19232	0.46611	0.01576	0.00758	0.00226	0.00381	0.01343	0.00597	0.00613
9	0.00869	0.00818	0.05549	0.00897	0.01075	0.00651	0.00706	0.01137	0.04181	0.01909	0.16462	0.37511	0.22516	0.01660	0.00777	0.00235	0.00393	0.01461	0.00601	0.00593
10	0.02899	0.01100	0.01499	0.01150	0.01649	0.00950	0.00950	0.03149	0.01849	0.73709	0.02549	0.02199	0.01599	0.00800	0.00650	0.00200	0.00550	0.00650	0.00800	0.01100
11	0.01689	0.71006	0.09722	0.01172	0.01761	0.02462	0.01221	0.01945	0.01317	0.01567	0.00922	0.01066	0.00828	0.00558	0.00432	0.00144	0.00715	0.00357	0.00276	0.00840
12	0.01220	0.01148	0.01938	0.75739	0.04450	0.01436	0.01794	0.01651	0.01292	0.01651	0.01148	0.01723	0.00861	0.00646	0.00646	0.00215	0.00861	0.00574	0.00287	0.00718
13	0.01489	0.36630	0.42349	0.01512	0.02287	0.01973	0.01813	0.01996	0.01341	0.01811	0.01043	0.01217	0.00823	0.00587	0.00525	0.00175	0.00837	0.00418	0.00274	0.00899
14	0.00832	0.00591	0.00787	0.00927	0.00977	0.00562	0.00647	0.00963	0.01252	0.01663	0.03443	0.62597	0.04073	0.06854	0.00993	0.00291	0.00421	0.11015	0.00586	0.00526
15	0.00953	0.00653	0.00829	0.00785	0.00937	0.00609	0.00588	0.01258	0.01765	0.02567	0.63396	0.04501	0.05499	0.01245	0.00720	0.00196	0.00304	0.01092	0.11495	0.00609
16	0.01296	0.03342	0.73944	0.01842	0.02797	0.01501	0.02387	0.02046	0.01364	0.02046	0.01160	0.01364	0.00818	0.00614	0.00614	0.00205	0.00955	0.00477	0.00273	0.00955
17	0.01868	0.01759	0.02894	0.02136	0.02700	0.04114	0.38916	0.27118	0.04026	0.02782	0.01503	0.04365	0.01164	0.00695	0.00714	0.00209	0.00913	0.00723	0.00462	0.00942
18	0.38175	0.04723	0.06117	0.02832	0.01700	0.24177	0.01057	0.04562	0.01442	0.03733	0.01040	0.01210	0.00820	0.00652	0.00547	0.00189	0.03223	0.00411	0.02634	0.00756
19	0.02474	0.01119	0.01421	0.01116	0.01566	0.01025	0.00912	0.11993	0.01959	0.51805	0.05700	0.02755	0.11311	0.00929	0.00669	0.00202	0.00532	0.00757	0.00749	0.01006
20	0.04882	0.62539	0.12495	0.01210	0.01792	0.02356	0.01267	0.01936	0.01301	0.01646	0.00931	0.01091	0.00823	0.00580	0.00492	0.00154	0.03018	0.00370	0.00281	0.00837
21	0.01502	0.19377	0.40890	0.01548	0.02245	0.06010	0.01775	0.04485	0.01475	0.03353	0.07313	0.01603	0.01303	0.00695	0.00643	0.00190	0.03857	0.00515	0.00339	0.00883
22	0.00803	0.00677	0.00700	0.00702	0.00912	0.00588	0.00523	0.01033	0.04221	0.01806	0.08545	0.10585	0.63430	0.01621	0.00763	0.00221	0.00337	0.01363	0.00606	0.00565
23	0.00793	0.00565	0.00748	0.00892	0.00928	0.00529	0.00591	0.00901	0.01225	0.01633	0.03499	0.73918	0.04195	0.05084	0.00925	0.00277	0.00385	0.01800	0.00591	0.00519
24	0.04238	0.04334	0.12628	0.03788	0.11956	0.01415	0.05213	0.09984	0.10106	0.10709	0.01609	0.01731	0.01198	0.00678	0.00623	0.00186	0.01950	0.00564	0.06859	0.10231
25	0.21032	0.09782	0.16111	0.01710	0.10161	0.19738	0.01422	0.04567	0.01459	0.02132	0.01032	0.01244	0.00830	0.00652	0.00636	0.00191	0.05696	0.00439	0.00338	0.00827
26	0.02647	0.03739	0.03639	0.02864	0.01767	0.01158	0.01039	0.12138	0.01965	0.55773	0.04840	0.02135	0.01631	0.00799	0.00645	0.00198	0.00586	0.00643	0.00733	0.01060

[dist]
# distance from previous block
# <min> <max>
0	1

[block]
# block no. 3 follows, 34 sequences, length 91
# corresponding to MSA columns:
# 129-138,147-151,156-179,182-233
name=unknown_D
#
# <colnr> <probs for GDERKNQSTAVLIFYWHMCP>
#	G	D	E	R	K	N	Q	S	T	A	V	L	I	F	Y	W	H	M	C	P
0	0.04958	0.08264	0.21484	0.06108	0.08906	0.06066	0.05615	0.06000	0.10298	0.02194	0.05885	0.04254	0.05656	0.00791	0.00630	0.00200	0.00750	0.00659	0.00414	0.00868
1	0.01561	0.02108	0.25681	0.02103	0.15581	0.03447	0.10054	0.13676	0.03405	0.02435	0.05757	0.02002	0.05191	0.00734	0.00654	0.00200	0.00797	0.00644	0.03046	0.00924
2	0.01736	0.51958	0.15663	0.01325	0.01908	0.09991	0.01361	0.04112	0.01420	0.01699	0.00974	0.01135	0.00836	0.00600	0.00526	0.00159	0.03066	0.00390	0.00293	0.00848
3	0.00860	0.00658	0.00788	0.00755	0.00932	0.00586	0.00566	0.01113	0.01699	0.02283	0.48770	0.05333	0.30439	0.01436	0.00763	0.00209	0.00313	0.01240	0.00671	0.00586
4	0.05459	0.01080	0.01446	0.01121	0.01598	0.00948	0.00922	0.03000	0.01823	0.67387	0.06380	0.02305	0.01817	0.00822	0.00648	0.00200	0.00535	0.00668	0.00781	0.01059
5	0.00876	0.00605	0.00749	0.00829	0.00857	0.00588	0.00534	0.00949	0.01116	0.01485	0.02840	0.38096	0.03337	0.37098	0.01978	0.00435	0.00508	0.06150	0.00502	0.00468
6	0.00787	0.00562	0.00750	0.00900	0.00937	0.00525	0.00600	0.00900	0.01237	0.01649	0.03561	0.76871	0.04274	0.02024	0.00825	0.00262	0.00375	0.01837	0.00600	0.00525
7	0.00906	0.00660	0.00851	0.00804	0.00960	0.00606	0.00603	0.01202	0.01808	0.02541	0.68994	0.04909	0.10054	0.01340	0.00762	0.00204	0.00306	0.01180	0.00705	0.00606
8	0.00905	0.00660	0.00850	0.00803	0.00959	0.00606	0.00602	0.01201	0.01806	0.02538	0.68725	0.04914	0.10326	0.01341	0.00762	0.00204	0.00306	0.01181	0.00704	0.00606
9	0.81856	0.01250	0.00950	0.00850	0.01250	0.01449	0.00700	0.01899	0.01100	0.02899	0.00900	0.01050	0.00700	0.00600	0.00400	0.00200	0.00500	0.00350	0.00400	0.00700
10	0.01727	0.77681	0.03386	0.01106	0.01658	0.02557	0.01106	0.01935	0.01313	0.01520	0.00898	0.01036	0.00829	0.00553	0.00415	0.00138	0.00691	0.00345	0.00276	0.00829
11	0.01340	0.01148	0.01340	0.00957	0.01531	0.00861	0.00766	0.01627	0.01340	0.02105	0.01148	0.01340	0.00957	0.00479	0.00479	0.00096	0.00479	0.00383	0.00383	0.81242
12	0.00922	0.00619	0.00710	0.00728	0.00732	0.00615	0.00416	0.00935	0.00974	0.01299	0.02215	0.12739	0.02575	0.68474	0.03000	0.00584	0.00597	0.01045	0.00416	0.00407
13	0.76791	0.01285	0.01013	0.00890	0.01298	0.01485	0.00733	0.06314	0.01223	0.02974	0.00941	0.01082	0.00725	0.00611	0.00416	0.00200	0.00513	0.00365	0.00416	0.00725
14	0.02899	0.01100	0.01499	0.01150	0.01649	0.00950	0.00950	0.03149	0.01849	0.73709	0.02549	0.02199	0.01599	0.00800	0.00650	0.00200	0.00550	0.00650	0.00800	0.01100
15	0.01607	0.01388	0.01461	0.01315	0.01680	0.01607	0.01023	0.03433	0.72094	0.02703	0.02630	0.02411	0.01972	0.00877	0.00657	0.00219	0.00511	0.00731	0.00657	0.01023
16	0.01607	0.01388	0.01461	0.01315	0.01680	0.01607	0.01023	0.03433	0.72094	0.02703	0.02630	0.02411	0.01972	0.00877	0.00657	0.00219	0.00511	0.00731	0.00657	0.01023
17	0.01414	0.01414	0.01979	0.01696	0.01696	0.01979	0.01414	0.01555	0.00990	0.01555	0.00848	0.01414	0.00848	0.01131	0.02120	0.00283	0.76110	0.00565	0.00283	0.00707
18	0.01652	0.01372	0.01465	0.01296	0.01656	0.01564	0.01012	0.12527	0.55964	0.02829	0.05260	0.06479	0.02139	0.00943	0.00669	0.00217	0.00523	0.00788	0.00655	0.00990
19	0.01727	0.77681	0.03386	0.01106	0.01658	0.02557	0.01106	0.01935	0.01313	0.01520	0.00898	0.01036	0.00829	0.00553	0.00415	0.00138	0.00691	0.00345	0.00276	0.00829
20	0.00836	0.00601	0.00769	0.00884	0.00946	0.00567	0.00612	0.00959	0.01245	0.01635	0.03595	0.52148	0.10056	0.12613	0.01176	0.00314	0.00432	0.09526	0.00570	0.00516
21	0.00836	0.00640	0.00769	0.00786	0.00937	0.00572	0.00578	0.01048	0.01562	0.02062	0.31798	0.20918	0.29901	0.01601	0.00780	0.00224	0.00337	0.03440	0.00643	0.00568
22	0.00790	0.00574	0.00746	0.00875	0.00933	0.00530	0.00591	0.00914	0.01281	0.01694	0.06513	0.67926	0.10326	0.01963	0.00817	0.00256	0.00368	0.01770	0.00604	0.00530
23	0.01220	0.01148	0.01938	0.75739	0.04450	0.01436	0.01794	0.01651	0.01292	0.01651	0.01148	0.01723	0.00861	0.00646	0.00646	0.00215	0.00861	0.00574	0.00287	0.00718
24	0.02899	0.01100	0.01499	0.01150	0.01649	0.00950	0.00950	0.03149	0.01849	0.73709	0.02549	0.02199	0.01599	0.00800	0.00650	0.00200	0.00550	0.00650	0.00800	0.01100
25	0.01508	0.01458	0.02532	0.20433	0.53456	0.01518	0.05836	0.01911	0.01433	0.02003	0.01205	0.01636	0.00984	0.00590	0.00648	0.00199	0.00807	0.00586	0.00313	0.00944
26	0.01365	0.07401	0.49136	0.02016	0.05787	0.01575	0.14824	0.01990	0.01380	0.01994	0.01240	0.03821	0.00968	0.00656	0.00682	0.00207	0.03177	0.00572	0.00296	0.00914
27	0.01509	0.01409	0.05287	0.09729	0.48815	0.01345	0.01693	0.01853	0.01407	0.05824	0.01507	0.06830	0.01365	0.07601	0.00890	0.00239	0.00734	0.00691	0.00366	0.00907
28	0.38105	0.11574	0.04041	0.01384	0.06852	0.22336	0.01064	0.02148	0.01394	0.04536	0.01012	0.01168	0.00810	0.00618	0.00486	0.00182	0.00749	0.00398	0.00368	0.00775
29	0.00851	0.00662	0.00718	0.00711	0.00914	0.00566	0.00530	0.01035	0.01520	0.03998	0.16155	0.11170	0.55717	0.01593	0.00765	0.00219	0.00334	0.01349	0.00623	0.00570
30	0.04026	0.01615	0.08560	0.02094	0.21506	0.03317	0.08227	0.06175	0.03395	0.02246	0.01236	0.01481	0.00989	0.00562	0.00579	0.00159	0.00696	0.00503	0.00373	0.32261
31	0.01161	0.00871	0.01063	0.00988	0.01184	0.00935	0.00754	0.05932	0.14846	0.02332	0.28515	0.03401	0.03370	0.06593	0.19932	0.00443	0.00755	0.00880	0.05349	0.00696
32	0.01563	0.01789	0.07657	0.07143	0.20322	0.04732	0.38396	0.04119	0.01546	0.02089	0.01324	0.01818	0.01053	0.00612	0.00709	0.00210	0.00966	0.02716	0.00337	0.00898
33	0.00869	0.00659	0.00801	0.00765	0.00937	0.00590	0.00574	0.01131	0.01722	0.02337	0.52959	0.05245	0.26217	0.01416	0.00763	0.00208	0.00312	0.01227	0.00678	0.00590
34	0.00856	0.00658	0.00782	0.00751	0.00929	0.00585	0.00563	0.01105	0.01690	0.02261	0.47045	0.05369	0.32178	0.01444	0.00763	0.00209	0.00314	0.01245	0.00668	0.00585
35	0.01414	0.01414	0.01979	0.01696	0.01696	0.01979	0.01414	0.01555	0.00990	0.01555	0.00848	0.01414	0.00848	0.01131	0.02120	0.00283	0.76110	0.00565	0.00283	0.00707
36	0.02414	0.03079	0.01831	0.01665	0.01998	0.74698	0.01248	0.02580	0.01831	0.01581	0.00999	0.01165	0.00832	0.00666	0.00583	0.00166	0.01165	0.00416	0.00333	0.00749
37	0.02870	0.01145	0.01528	0.01171	0.01672	0.01018	0.00968	0.07530	0.01926	0.69220	0.02485	0.02157	0.01567	0.00798	0.00650	0.00200	0.00560	0.00645	0.00790	0.01100
38	0.02456	0.01810	0.01939	0.01487	0.02004	0.02004	0.01228	0.71107	0.03038	0.04072	0.01551	0.01551	0.01099	0.00776	0.00646	0.00194	0.00711	0.00582	0.00646	0.01099
39	0.00764	0.00655	0.00655	0.00655	0.00873	0.00545	0.00491	0.00927	0.01473	0.01745	0.06546	0.06218	0.73000	0.01636	0.00764	0.00218	0.00327	0.01364	0.00600	0.00545
40	0.00891	0.00649	0.00861	0.00993	0.01098	0.00619	0.00772	0.01087	0.01370	0.01780	0.03853	0.39387	0.12107	0.01878	0.00846	0.00272	0.00462	0.29921	0.00598	0.00557
41	0.02256	0.02708	0.01761	0.01590	0.01935	0.58128	0.01203	0.04780	0.15725	0.01876	0.01337	0.01422	0.01065	0.00711	0.00599	0.00178	0.01023	0.00483	0.00406	0.00813
42	0.02882	0.01127	0.01517	0.01163	0.01663	0.00991	0.00960	0.05786	0.01895	0.71007	0.02510	0.02174	0.01580	0.00799	0.00650	0.00200	0.00556	0.00647	0.00794	0.01100
43	0.00863	0.00658	0.00793	0.00759	0.00934	0.00588	0.00569	0.01120	0.01708	0.02304	0.50359	0.05300	0.28838	0.01428	0.00763	0.00208	0.00312	0.01235	0.00673	0.00588
44	0.69122	0.01339	0.01108	0.00952	0.01371	0.01538	0.00784	0.12999	0.01410	0.03087	0.01004	0.01130	0.00764	0.00628	0.00439	0.00199	0.00534	0.00387	0.00439	0.00764
45	0.01284	0.00679	0.00688	0.00659	0.00833	0.00692	0.00501	0.05955	0.01463	0.02515	0.02072	0.02354	0.01621	0.00754	0.00464	0.00153	0.00327	0.00601	0.75750	0.00634
46	0.01245	0.00642	0.00646	0.00631	0.00794	0.00648	0.00477	0.03786	0.01410	0.02463	0.02090	0.02381	0.01638	0.00754	0.00458	0.00152	0.00315	0.00602	0.78251	0.00618
47	0.81856	0.01250	0.00950	0.00850	0.01250	0.01449	0.00700	0.01899	0.01100	0.02899	0.00900	0.01050	0.00700	0.00600	0.00400	0.00200	0.00500	0.00350	0.00400	0.00700
48	0.00787	0.00562	0.00750	0.00900	0.00937	0.00525	0.00600	0.00900	0.01237	0.01649	0.03561	0.76871	0.04274	0.02024	0.00825	0.00262	0.00375	0.01837	0.00600	0.00525
49	0.01525	0.01743	0.03813	0.02723	0.03377	0.01634	0.70915	0.02070	0.01525	0.02070	0.01307	0.01743	0.00980	0.00545	0.00763	0.00218	0.01089	0.00763	0.00327	0.00871
50	0.00787	0.00562	0.00750	0.00900	0.00937	0.00525	0.00600	0.00900	0.01237	0.01649	0.03561	0.76871	0.04274	0.02024	0.00825	0.00262	0.00375	0.01837	0.00600	0.00525
51	0.00987	0.00795	0.01073	0.01065	0.01190	0.04002	0.00827	0.01215	0.01073	0.01503	0.01699	0.02479	0.01581	0.04665	0.71527	0.01001	0.01706	0.00680	0.00346	0.00584
52	0.02127	0.01867	0.01986	0.07682	0.10313	0.12925	0.01371	0.38418	0.05033	0.02999	0.01376	0.01533	0.01042	0.00762	0.00769	0.00200	0.07568	0.00560	0.00501	0.00969
53	0.00937	0.00636	0.00752	0.00752	0.00768	0.00652	0.00450	0.00970	0.00954	0.01288	0.01993	0.03989	0.02245	0.67031	0.13408	0.00685	0.00783	0.00905	0.00385	0.00418
54	0.81856	0.01250	0.00950	0.00850	0.01250	0.01449	0.00700	0.01899	0.01100	0.02899	0.00900	0.01050	0.00700	0.00600	0.00400	0.00200	0.00500	0.00350	0.00400	0.00700
55	0.01296	0.03342	0.73944	0.01842	0.02797	0.01501	0.02387	0.02046	0.01364	0.02046	0.01160	0.01364	0.00818	0.00614	0.00614	0.00205	0.00955	0.00477	0.00273	0.00955
56	0.01440	0.01232	0.01306	0.01187	0.01516	0.01386	0.00919	0.02923	0.57072	0.02568	0.08883	0.03109	0.11650	0.01013	0.00680	0.00218	0.00470	0.00850	0.00654	0.00926
57	0.00891	0.00660	0.00832	0.00789	0.00951	0.00600	0.00591	0.01174	0.01774	0.02461	0.62711	0.05041	0.16388	0.01369	0.00762	0.00206	0.00308	0.01199	0.00694	0.00600
58	0.02456	0.01810	0.01939	0.01487	0.02004	0.02004	0.01228	0.71107	0.03038	0.04072	0.01551	0.01551	0.01099	0.00776	0.00646	0.00194	0.00711	0.00582	0.00646	0.01099
59	0.00764	0.00655	0.00655	0.00655	0.00873	0.00545	0.00491	0.00927	0.01473	0.01745	0.06546	0.06218	0.73000	0.01636	0.00764	0.00218	0.00327	0.01364	0.00600	0.00545
60	0.01340	0.01148	0.01340	0.00957	0.01531	0.00861	0.00766	0.01627	0.01340	0.02105	0.01148	0.01340	0.00957	0.00479	0.00479	0.00096	0.00479	0.00383	0.00383	0.81242
61	0.00924	0.00671	0.00938	0.00942	0.01024	0.00750	0.00687	0.01088	0.01017	0.01436	0.01865	0.05033	0.01891	0.24811	0.52952	0.00903	0.01388	0.00792	0.00366	0.00524
62	0.01122	0.00561	0.00842	0.00842	0.00842	0.00561	0.00561	0.00842	0.00842	0.01122	0.01122	0.01964	0.01122	0.02245	0.02525	0.81201	0.00561	0.00561	0.00281	0.00281
63	0.01732	0.14631	0.01848	0.01307	0.01716	0.04427	0.01063	0.09132	0.51270	0.02580	0.02178	0.02053	0.01657	0.00804	0.00612	0.00201	0.00583	0.00640	0.00579	0.00986
64	0.03805	0.33438	0.33855	0.01558	0.04396	0.07045	0.01693	0.04062	0.01421	0.01885	0.01048	0.01221	0.00835	0.00596	0.00526	0.00174	0.00837	0.00422	0.00294	0.00889
65	0.01825	0.06460	0.01692	0.01364	0.01760	0.09515	0.01082	0.13131	0.50039	0.02708	0.02189	0.02065	0.01651	0.00819	0.00632	0.00205	0.00622	0.00651	0.00597	0.00992
66	0.01122	0.00561	0.00842	0.00842	0.00842	0.00561	0.00561	0.00842	0.00842	0.01122	0.01122	0.01964	0.01122	0.02245	0.02525	0.81201	0.00561	0.00561	0.00281	0.00281
67	0.01545	0.01677	0.05419	0.05271	0.37253	0.01577	0.33460	0.02016	0.01488	0.02078	0.01254	0.01661	0.00993	0.00565	0.00695	0.00205	0.00923	0.00658	0.00321	0.00944
68	0.01340	0.01148	0.01340	0.00957	0.01531	0.00861	0.00766	0.01627	0.01340	0.02105	0.01148	0.01340	0.00957	0.00479	0.00479	0.00096	0.00479	0.00383	0.00383	0.81242
69	0.01784	0.71726	0.03268	0.01142	0.01685	0.05120	0.01116	0.04948	0.01406	0.01633	0.00930	0.01063	0.00841	0.00566	0.00431	0.00142	0.00709	0.00358	0.00294	0.00838
70	0.02456	0.01810	0.01939	0.01487	0.02004	0.02004	0.01228	0.71107	0.03038	0.04072	0.01551	0.01551	0.01099	0.00776	0.00646	0.00194	0.00711	0.00582	0.00646	0.01099
71	0.00940	0.00626	0.00705	0.00705	0.00705	0.00626	0.00392	0.00940	0.00940	0.01253	0.02036	0.04228	0.02349	0.77292	0.03289	0.00626	0.00626	0.00940	0.00392	0.00392
72	0.00929	0.00668	0.00915	0.00915	0.00987	0.00740	0.00653	0.01074	0.01002	0.01408	0.01844	0.03165	0.01887	0.31707	0.48243	0.00886	0.01321	0.00784	0.00363	0.00508
73	0.01565	0.48123	0.29434	0.01456	0.04046	0.02138	0.01603	0.01977	0.01336	0.01731	0.01004	0.01173	0.00831	0.00576	0.00494	0.00164	0.00791	0.00401	0.00276	0.00881
74	0.01576	0.01511	0.02580	0.08446	0.68966	0.01529	0.01971	0.01962	0.01460	0.02082	0.01211	0.01607	0.01013	0.00580	0.00640	0.00193	0.00773	0.00576	0.00318	0.01004
75	0.00773	0.00655	0.00668	0.00665	0.00879	0.00550	0.00498	0.00946	0.01495	0.01799	0.10720	0.06131	0.68792	0.01617	0.00764	0.00217	0.00326	0.01351	0.00607	0.00550
76	0.01329	0.01022	0.05449	0.03392	0.11839	0.00872	0.00967	0.01640	0.03707	0.12660	0.09646	0.17285	0.17332	0.03341	0.00773	0.00224	0.00495	0.01055	0.06229	0.00743
77	0.09227	0.01651	0.11558	0.01396	0.04008	0.06488	0.01200	0.16897	0.01812	0.19510	0.01943	0.14627	0.01660	0.00960	0.00710	0.00211	0.03922	0.00767	0.00553	0.00900
78	0.02414	0.03079	0.01831	0.01665	0.01998	0.74698	0.01248	0.02580	0.01831	0.01581	0.00999	0.01165	0.00832	0.00666	0.00583	0.00166	0.01165	0.00416	0.00333	0.00749
79	0.01198	0.01011	0.01634	0.39777	0.09881	0.01179	0.01397	0.01526	0.01243	0.03934	0.01532	0.06420	0.01368	0.06533	0.18189	0.00434	0.01003	0.00700	0.00345	0.00695
80	0.01635	0.06548	0.08876	0.06338	0.10771	0.03792	0.21691	0.14024	0.01721	0.04452	0.01643	0.12417	0.01463	0.00826	0.00686	0.00208	0.00818	0.00787	0.00426	0.00878
81	0.01340	0.01331	0.01941	0.53698	0.03649	0.06142	0.01671	0.01686	0.01255	0.01624	0.01068	0.01615	0.00856	0.00761	0.00989	0.00228	0.18576	0.00562	0.00289	0.00717
82	0.37297	0.09416	0.01731	0.01502	0.08465	0.26066	0.03207	0.02144	0.01414	0.02222	0.00975	0.01161	0.00796	0.00613	0.00496	0.00182	0.00785	0.00406	0.00355	0.00765
83	0.00870	0.00623	0.00821	0.00952	0.01017	0.00597	0.00670	0.03189	0.01323	0.01759	0.03481	0.66503	0.04109	0.01957	0.00827	0.00264	0.00411	0.09475	0.00601	0.00551
84	0.01414	0.01414	0.01979	0.01696	0.01696	0.01979	0.01414	0.01555	0.00990	0.01555	0.00848	0.01414	0.00848	0.01131	0.02120	0.00283	0.76110	0.00565	0.00283	0.00707
85	0.01607	0.01388	0.01461	0.01315	0.01680	0.01607	0.01023	0.03433	0.72094	0.02703	0.02630	0.02411	0.01972	0.00877	0.00657	0.00219	0.00511	0.00731	0.00657	0.01023
86	0.00787	0.00562	0.00750	0.00900	0.00937	0.00525	0.00600	0.00900	0.01237	0.01649	0.03561	0.76871	0.04274	0.02024	0.00825	0.00262	0.00375	0.01837	0.00600	0.00525
87	0.01204	0.00602	0.00602	0.00602	0.00753	0.00602	0.00452	0.01506	0.01355	0.02409	0.02108	0.02409	0.01656	0.00753	0.00452	0.00151	0.00301	0.00602	0.80879	0.00602
88	0.00787	0.00562	0.00750	0.00900	0.00937	0.00525	0.00600	0.00900	0.01237	0.01649	0.03561	0.76871	0.04274	0.02024	0.00825	0.00262	0.00375	0.01837	0.00600	0.00525
89	0.00787	0.00562	0.00750	0.00900	0.00937	0.00525	0.00600	0.00900	0.01237	0.01649	0.03561	0.76871	0.04274	0.02024	0.00825	0.00262	0.00375	0.01837	0.00600	0.00525
90	0.04195	0.75328	0.03311	0.01098	0.01646	0.02523	0.01093	0.01934	0.01306	0.01563	0.00898	0.01037	0.00825	0.00554	0.00414	0.00140	0.00685	0.00346	0.00280	0.00825

[dist]
# distance from previous block
# <min> <max>
0	6

[block]
# block no. 4 follows, 34 sequences, length 42
# corresponding to MSA columns:
# 240-281
name=unknown_E
#
# <colnr> <probs for GDERKNQSTAVLIFYWHMCP>
#	G	D	E	R	K	N	Q	S	T	A	V	L	I	F	Y	W	H	M	C	P
0	0.00764	0.00655	0.00655	0.00655	0.00873	0.00545	0.00491	0.00927	0.01473	0.01745	0.06546	0.06218	0.73000	0.01636	0.00764	0.00218	0.00327	0.01364	0.00600	0.00545
1	0.01553	0.01498	0.02588	0.12180	0.62748	0.01527	0.04521	0.01948	0.01453	0.02056	0.01211	0.01619	0.01003	0.00583	0.00645	0.00196	0.00790	0.00582	0.00316	0.00983
2	0.00906	0.00660	0.00852	0.00804	0.00960	0.00606	0.00603	0.01203	0.01809	0.02544	0.69255	0.04903	0.09791	0.01338	0.00762	0.00204	0.00306	0.01179	0.00705	0.00606
3	0.01599	0.01535	0.02623	0.03966	0.73262	0.01535	0.01983	0.01983	0.01471	0.02111	0.01215	0.01599	0.01023	0.00576	0.00640	0.00192	0.00768	0.00576	0.00320	0.01023
4	0.01296	0.03342	0.73944	0.01842	0.02797	0.01501	0.02387	0.02046	0.01364	0.02046	0.01160	0.01364	0.00818	0.00614	0.00614	0.00205	0.00955	0.00477	0.00273	0.00955
5	0.01340	0.01148	0.01340	0.00957	0.01531	0.00861	0.00766	0.01627	0.01340	0.02105	0.01148	0.01340	0.00957	0.00479	0.00479	0.00096	0.00479	0.00383	0.00383	0.81242
6	0.01607	0.01388	0.01461	0.01315	0.01680	0.01607	0.01023	0.03433	0.72094	0.02703	0.02630	0.02411	0.01972	0.00877	0.00657	0.00219	0.00511	0.00731	0.00657	0.01023
7	0.00983	0.01017	0.09311	0.01014	0.01283	0.00720	0.00850	0.01206	0.01297	0.01810	0.04630	0.41466	0.06903	0.01504	0.00788	0.03117	0.00474	0.04028	0.00509	0.17088
8	0.01385	0.03217	0.69913	0.01803	0.02733	0.01470	0.02307	0.02108	0.01391	0.06034	0.01237	0.01411	0.00862	0.00624	0.00616	0.00204	0.00932	0.00487	0.00302	0.00963
9	0.02456	0.01810	0.01939	0.01487	0.02004	0.02004	0.01228	0.71107	0.03038	0.04072	0.01551	0.01551	0.01099	0.00776	0.00646	0.00194	0.00711	0.00582	0.00646	0.01099
10	0.00796	0.00600	0.00740	0.00847	0.00944	0.00545	0.00596	0.00935	0.01321	0.01695	0.04418	0.52014	0.24171	0.01897	0.00811	0.00252	0.00375	0.05908	0.00600	0.00535
11	0.01385	0.01052	0.01232	0.01210	0.01469	0.01146	0.00969	0.02398	0.35774	0.06233	0.03007	0.13826	0.02827	0.01321	0.00756	0.00249	0.00523	0.23163	0.00637	0.00821
12	0.01544	0.01456	0.02414	0.18761	0.54034	0.01530	0.01884	0.03871	0.04355	0.02093	0.01268	0.01657	0.01030	0.00608	0.00642	0.00198	0.00775	0.00582	0.00336	0.00962
13	0.03656	0.01470	0.02477	0.14527	0.61162	0.01518	0.01921	0.01932	0.01435	0.02063	0.01197	0.01603	0.00991	0.00587	0.00634	0.00196	0.00774	0.00570	0.00317	0.00970
14	0.01478	0.01365	0.02237	0.13114	0.50429	0.01403	0.01721	0.04634	0.01552	0.02172	0.09645	0.02132	0.03864	0.00713	0.00659	0.00197	0.00711	0.00669	0.00383	0.00922
15	0.01420	0.01351	0.02269	0.27241	0.45962	0.01437	0.01823	0.01805	0.01413	0.01936	0.01545	0.01944	0.05719	0.00669	0.00650	0.00201	0.00769	0.00627	0.00328	0.00892
16	0.01339	0.04998	0.55215	0.01944	0.05581	0.01508	0.10118	0.02048	0.03623	0.02083	0.04616	0.01605	0.01132	0.00644	0.00635	0.00204	0.00911	0.00551	0.00314	0.00930
17	0.00924	0.00689	0.01021	0.01021	0.01131	0.00798	0.00786	0.01143	0.01033	0.01487	0.01746	0.02625	0.01653	0.08575	0.71054	0.01017	0.01674	0.00705	0.00348	0.00567
18	0.01078	0.01067	0.08569	0.01349	0.01608	0.00869	0.06929	0.01420	0.01449	0.01924	0.03034	0.14231	0.03263	0.01592	0.00846	0.00278	0.00647	0.48660	0.00541	0.00646
19	0.01395	0.11974	0.01629	0.00978	0.01549	0.01101	0.00814	0.01670	0.01336	0.02023	0.01113	0.01297	0.00939	0.00489	0.00469	0.00102	0.00509	0.00378	0.00368	0.69867
20	0.01401	0.01185	0.01373	0.00986	0.01557	0.00924	0.00791	0.05464	0.01434	0.02214	0.01171	0.01352	0.00965	0.00495	0.00488	0.00101	0.00491	0.00394	0.00397	0.76816
21	0.01410	0.01356	0.02311	0.32548	0.33671	0.01512	0.05638	0.01799	0.01364	0.01873	0.01233	0.01819	0.01026	0.00685	0.00776	0.00213	0.06885	0.02715	0.00313	0.00853
22	0.00940	0.00626	0.00705	0.00705	0.00705	0.00626	0.00392	0.00940	0.00940	0.01253	0.02036	0.04228	0.02349	0.77292	0.03289	0.00626	0.00626	0.00940	0.00392	0.00392
23	0.01041	0.00744	0.01041	0.01190	0.01339	0.00744	0.01041	0.01339	0.01487	0.01934	0.03421	0.07288	0.03719	0.01785	0.00892	0.00297	0.00595	0.68913	0.00595	0.00595
24	0.02224	0.01734	0.01806	0.01445	0.01916	0.04137	0.01173	0.50606	0.21765	0.03623	0.01827	0.01773	0.01328	0.00800	0.00647	0.00200	0.00671	0.00617	0.00640	0.01067
25	0.01072	0.00721	0.00907	0.00841	0.01023	0.00687	0.00637	0.01471	0.06242	0.05763	0.59139	0.04345	0.05247	0.01220	0.00723	0.00199	0.00329	0.01068	0.07708	0.00657
26	0.02464	0.01577	0.01832	0.05661	0.10021	0.08066	0.01235	0.26494	0.02188	0.31047	0.01837	0.01787	0.01252	0.00746	0.00641	0.00195	0.00703	0.00593	0.00623	0.01038
27	0.01379	0.09473	0.55901	0.01803	0.02648	0.01612	0.07676	0.02159	0.07514	0.02060	0.01276	0.01457	0.00933	0.00626	0.00612	0.00201	0.00904	0.00511	0.00311	0.00943
28	0.06430	0.01106	0.01475	0.01136	0.01632	0.00972	0.00938	0.03093	0.01816	0.70542	0.02475	0.02148	0.01559	0.00791	0.00639	0.00200	0.00548	0.00636	0.00782	0.01082
29	0.02673	0.01209	0.01525	0.01185	0.01663	0.01143	0.00974	0.14988	0.04982	0.54544	0.02353	0.02106	0.01530	0.00796	0.00638	0.00197	0.00563	0.00639	0.05223	0.01069
30	0.06333	0.27463	0.05708	0.03702	0.05317	0.06387	0.16516	0.02083	0.07512	0.03462	0.01544	0.01723	0.05242	0.00687	0.00639	0.00187	0.03722	0.00573	0.00364	0.00838
31	0.01499	0.01706	0.03706	0.02653	0.03292	0.01597	0.68536	0.02031	0.01523	0.02059	0.01484	0.01894	0.03413	0.00582	0.00763	0.00218	0.01064	0.00783	0.00336	0.00860
32	0.00786	0.00566	0.00746	0.00889	0.00934	0.00526	0.00595	0.00901	0.01247	0.01653	0.03687	0.73902	0.07161	0.02008	0.00822	0.00261	0.00373	0.01817	0.00600	0.00526
33	0.00997	0.00648	0.00845	0.00909	0.01031	0.00595	0.00661	0.01173	0.01422	0.07603	0.13784	0.45786	0.11876	0.01758	0.00802	0.00247	0.00395	0.08244	0.00631	0.00592
34	0.01677	0.01972	0.19409	0.04885	0.15983	0.01541	0.22943	0.06780	0.04563	0.09501	0.01435	0.01679	0.01056	0.00642	0.00716	0.00208	0.03036	0.00624	0.00394	0.00954
35	0.00780	0.00650	0.00680	0.00683	0.00885	0.00551	0.00508	0.00954	0.01494	0.01822	0.12792	0.10016	0.62712	0.01628	0.00767	0.00219	0.00328	0.01371	0.00611	0.00551
36	0.00878	0.00644	0.00753	0.00776	0.00938	0.00566	0.00562	0.01055	0.01480	0.04542	0.17578	0.27184	0.37383	0.01665	0.00778	0.00228	0.00346	0.01445	0.00628	0.00571
37	0.01691	0.18245	0.23213	0.01822	0.11545	0.08084	0.01609	0.03973	0.01450	0.08302	0.01309	0.04879	0.01090	0.00745	0.00756	0.00196	0.09296	0.00548	0.00359	0.00889
38	0.01808	0.01983	0.07987	0.07159	0.37522	0.18170	0.01699	0.06869	0.01654	0.04323	0.01413	0.01670	0.03554	0.00662	0.00630	0.00190	0.00852	0.00562	0.00365	0.00928
39	0.01492	0.01450	0.02408	0.18517	0.46975	0.03236	0.05881	0.01869	0.01425	0.01970	0.03044	0.01782	0.01148	0.03017	0.00775	0.00214	0.02959	0.00609	0.00325	0.00905
40	0.03830	0.09858	0.01966	0.12081	0.07600	0.15737	0.03806	0.09888	0.04595	0.06787	0.01627	0.01836	0.05292	0.02456	0.00700	0.00193	0.02866	0.00571	0.00421	0.07891
41	0.03560	0.09347	0.20752	0.09085	0.07532	0.05772	0.07454	0.07964	0.01578	0.08393	0.01657	0.05907	0.03845	0.00757	0.00623	0.00198	0.00784	0.00636	0.03284	0.00872

[dist]
# distance from previous block
# <min> <max>
1	13

[block]
# block no. 5 follows, 34 sequences, length 45
# corresponding to MSA columns:
# 296-340
name=unknown_F
#
# <colnr> <probs for GDERKNQSTAVLIFYWHMCP>
#	G	D	E	R	K	N	Q	S	T	A	V	L	I	F	Y	W	H	M	C	P
0	0.11487	0.06385	0.10735	0.03322	0.01674	0.01171	0.04023	0.06161	0.01604	0.17555	0.12489	0.07629	0.06210	0.00925	0.00626	0.00200	0.00570	0.00766	0.05650	0.00818
1	0.00843	0.00622	0.00787	0.00836	0.00931	0.00597	0.00585	0.00997	0.01304	0.01739	0.14421	0.32198	0.16483	0.12184	0.12034	0.00408	0.00588	0.01359	0.00552	0.00532
2	0.01993	0.07299	0.03736	0.03836	0.03619	0.23340	0.03710	0.17539	0.20987	0.02462	0.01602	0.01675	0.01234	0.00869	0.03072	0.00218	0.00849	0.00564	0.00482	0.00914
3	0.06938	0.15825	0.27344	0.04273	0.07300	0.01574	0.03587	0.03796	0.03481	0.12872	0.04045	0.01613	0.01191	0.00660	0.00580	0.00189	0.00748	0.00523	0.00406	0.03055
4	0.01798	0.20524	0.10326	0.08381	0.02307	0.08255	0.10560	0.11813	0.03775	0.07739	0.01435	0.05712	0.01178	0.00735	0.00644	0.00191	0.02740	0.00601	0.00412	0.00876
5	0.02078	0.01627	0.01682	0.01375	0.01809	0.04244	0.01107	0.40734	0.26851	0.03403	0.01943	0.01893	0.01429	0.00805	0.00635	0.00199	0.00630	0.00629	0.05896	0.01028
6	0.00913	0.00695	0.00895	0.01031	0.03369	0.00684	0.00689	0.01239	0.09094	0.01855	0.08799	0.58644	0.06050	0.01786	0.00794	0.00250	0.00396	0.01609	0.00606	0.00603
7	0.01605	0.00788	0.00960	0.00838	0.01092	0.00734	0.00651	0.03529	0.01650	0.22258	0.21585	0.03160	0.04844	0.03760	0.00709	0.00199	0.00394	0.00802	0.29698	0.00745
8	0.00889	0.00659	0.00829	0.00786	0.00950	0.00599	0.00590	0.01170	0.01769	0.02450	0.61823	0.05059	0.17283	0.01374	0.00762	0.00206	0.00309	0.01201	0.00693	0.00599
9	0.81856	0.01250	0.00950	0.00850	0.01250	0.01449	0.00700	0.01899	0.01100	0.02899	0.00900	0.01050	0.00700	0.00600	0.00400	0.00200	0.00500	0.00350	0.00400	0.00700
10	0.00891	0.00599	0.00798	0.00896	0.00970	0.00555	0.00615	0.01039	0.01355	0.04653	0.14526	0.62482	0.04457	0.01864	0.00808	0.00251	0.00371	0.01684	0.00625	0.00561
11	0.02745	0.01214	0.01546	0.01191	0.01680	0.01135	0.00982	0.15984	0.02055	0.57552	0.02341	0.02085	0.01507	0.00793	0.00641	0.00197	0.00570	0.00635	0.04068	0.01079
12	0.01220	0.01148	0.01938	0.75739	0.04450	0.01436	0.01794	0.01651	0.01292	0.01651	0.01148	0.01723	0.00861	0.00646	0.00646	0.00215	0.00861	0.00574	0.00287	0.00718
13	0.00889	0.00659	0.00829	0.00786	0.00950	0.00599	0.00590	0.01171	0.01770	0.02450	0.61838	0.05059	0.17268	0.01374	0.00762	0.00206	0.00309	0.01201	0.00693	0.00599
14	0.81856	0.01250	0.00950	0.00850	0.01250	0.01449	0.00700	0.01899	0.01100	0.02899	0.00900	0.01050	0.00700	0.00600	0.00400	0.00200	0.00500	0.00350	0.00400	0.00700
15	0.02130	0.01457	0.01851	0.01458	0.01834	0.01612	0.05891	0.32755	0.02109	0.16096	0.01597	0.01733	0.01171	0.00914	0.01026	0.04925	0.14626	0.00604	0.05276	0.00934
16	0.01627	0.28506	0.18916	0.01402	0.04449	0.06357	0.01358	0.04261	0.04246	0.04988	0.01315	0.05289	0.01121	0.00671	0.00538	0.00165	0.00723	0.00509	0.00364	0.13196
17	0.01795	0.36747	0.04644	0.01274	0.01759	0.06435	0.01139	0.10155	0.25475	0.02223	0.01570	0.01576	0.01246	0.00696	0.00539	0.00175	0.00669	0.00510	0.00450	0.00924
18	0.01525	0.01743	0.03813	0.02723	0.03377	0.01634	0.70915	0.02070	0.01525	0.02070	0.01307	0.01743	0.00980	0.00545	0.00763	0.00218	0.01089	0.00763	0.00327	0.00871
19	0.01459	0.01552	0.05055	0.17410	0.30511	0.03371	0.19636	0.01883	0.01452	0.01978	0.03489	0.01903	0.03801	0.00663	0.00721	0.00207	0.03037	0.00663	0.00335	0.00875
20	0.00777	0.00654	0.00665	0.00663	0.00870	0.00551	0.00492	0.00940	0.01468	0.01763	0.09223	0.06084	0.67491	0.04451	0.00858	0.00233	0.00337	0.01339	0.00597	0.00542
21	0.01356	0.00883	0.01166	0.01209	0.08379	0.00836	0.00819	0.04130	0.04748	0.13688	0.34217	0.08195	0.13493	0.03006	0.00787	0.00217	0.00428	0.01047	0.00652	0.00745
22	0.01878	0.00928	0.01199	0.01008	0.01328	0.00860	0.00801	0.05724	0.03831	0.32945	0.29504	0.03444	0.03416	0.03521	0.00780	0.00217	0.00457	0.03407	0.03905	0.00848
23	0.05398	0.00930	0.00956	0.03428	0.01197	0.02637	0.00707	0.11426	0.05308	0.02606	0.02026	0.02493	0.01638	0.00818	0.00526	0.00175	0.00438	0.05122	0.51467	0.00706
24	0.02034	0.01600	0.01749	0.01490	0.04676	0.01771	0.01154	0.38412	0.29767	0.03359	0.01937	0.01877	0.01428	0.00792	0.00642	0.00199	0.00623	0.00629	0.00624	0.05236
25	0.00786	0.00566	0.00746	0.00890	0.00935	0.00526	0.00595	0.00901	0.01247	0.01653	0.03684	0.73962	0.07103	0.02008	0.00822	0.00261	0.00373	0.01817	0.00600	0.00526
26	0.03557	0.01762	0.12184	0.16098	0.14072	0.01603	0.21384	0.10682	0.01592	0.02228	0.01286	0.03315	0.01018	0.00680	0.00766	0.00213	0.05680	0.00639	0.00357	0.00884
27	0.03453	0.09597	0.42748	0.02060	0.13584	0.01550	0.06109	0.02085	0.01408	0.07526	0.01269	0.01481	0.00940	0.00724	0.02573	0.00219	0.00888	0.00513	0.00329	0.00944
28	0.01041	0.00744	0.01041	0.01190	0.01339	0.00744	0.01041	0.01339	0.01487	0.01934	0.03421	0.07288	0.03719	0.01785	0.00892	0.00297	0.00595	0.68913	0.00595	0.00595
29	0.01784	0.01411	0.04358	0.10852	0.17011	0.01413	0.08564	0.08909	0.12197	0.14704	0.03514	0.04249	0.01481	0.00770	0.00702	0.00207	0.02884	0.00682	0.03368	0.00940
30	0.01800	0.04260	0.12147	0.04148	0.11104	0.11465	0.12909	0.15397	0.08979	0.04137	0.01652	0.01941	0.03212	0.00737	0.00658	0.00201	0.00840	0.03047	0.00440	0.00925
