[name]
unknown

[dist]
# distance from previous block
# <min> <max>
0	52

[block]
# block no. 0 follows, 29 sequences, length 32
# corresponding to MSA columns:
# 62-93
name=unknown_A
#
# <colnr> <probs for GDERKNQSTAVLIFYWHMCP>
#	G	D	E	R	K	N	Q	S	T	A	V	L	I	F	Y	W	H	M	C	P
0	0.01798	0.01686	0.03943	0.08872	0.45314	0.01634	0.04450	0.02232	0.05305	0.02441	0.02030	0.04331	0.04144	0.00945	0.00811	0.00258	0.00862	0.04766	0.00475	0.03705
1	0.01626	0.01301	0.01575	0.01134	0.01762	0.01016	0.02526	0.03998	0.01575	0.06610	0.01379	0.01553	0.01104	0.00561	0.00552	0.00119	0.00557	0.00457	0.00458	0.70137
2	0.01338	0.01126	0.01057	0.00972	0.01268	0.07352	0.00742	0.08160	0.01835	0.05847	0.05500	0.10272	0.47111	0.01563	0.00802	0.00232	0.00509	0.01292	0.00646	0.02375
3	0.01868	0.56661	0.13072	0.01320	0.01965	0.02429	0.01380	0.02190	0.01521	0.06082	0.04824	0.01495	0.01273	0.00681	0.00524	0.00171	0.00771	0.00470	0.00365	0.00939
4	0.15581	0.01743	0.09797	0.01412	0.02005	0.01507	0.04752	0.19476	0.02034	0.11814	0.04562	0.01984	0.03892	0.00787	0.00643	0.00199	0.00691	0.00620	0.00566	0.15935
5	0.01961	0.01755	0.02732	0.03796	0.56171	0.01800	0.02010	0.16054	0.01984	0.02781	0.01417	0.01751	0.01145	0.00681	0.00706	0.00212	0.00833	0.00636	0.00428	0.01145
6	0.01433	0.01355	0.02294	0.58782	0.18700	0.01605	0.02021	0.01896	0.01465	0.01926	0.01281	0.01870	0.00987	0.00696	0.00710	0.00232	0.00928	0.00633	0.00324	0.00862
7	0.01534	0.19569	0.56323	0.01850	0.02804	0.01911	0.02318	0.02228	0.01491	0.02127	0.01214	0.01423	0.00905	0.00662	0.00628	0.00209	0.00988	0.00494	0.00302	0.01022
8	0.01499	0.15413	0.58171	0.01876	0.02830	0.01822	0.02356	0.02213	0.01498	0.02156	0.01301	0.01629	0.00995	0.00702	0.00649	0.00216	0.00993	0.02353	0.00311	0.01018
9	0.01010	0.00701	0.00806	0.00806	0.00848	0.00699	0.00490	0.01057	0.01119	0.01475	0.02825	0.04747	0.10875	0.59057	0.10041	0.00680	0.00770	0.01066	0.00455	0.00473
10	0.01345	0.01266	0.02136	0.73264	0.04904	0.01582	0.01978	0.01819	0.01424	0.01819	0.01266	0.01898	0.00949	0.00712	0.00712	0.00237	0.00949	0.00633	0.00316	0.00791
11	0.01533	0.01439	0.02423	0.24757	0.42671	0.01529	0.01946	0.01936	0.01532	0.02114	0.01617	0.10249	0.01490	0.00843	0.00731	0.00228	0.00827	0.00795	0.00377	0.00963
12	0.01017	0.00763	0.01144	0.01144	0.01272	0.00890	0.00890	0.01272	0.01144	0.01653	0.01907	0.02797	0.01780	0.05340	0.72153	0.01144	0.01907	0.00763	0.00381	0.00636
13	0.00868	0.00620	0.00826	0.00991	0.01033	0.00578	0.00661	0.00991	0.01363	0.01818	0.03925	0.74510	0.04710	0.02231	0.00909	0.00289	0.00413	0.02024	0.00661	0.00578
14	0.01707	0.14554	0.52692	0.01815	0.02740	0.01764	0.02227	0.02377	0.01557	0.10148	0.01411	0.01554	0.01004	0.00690	0.00647	0.00214	0.00955	0.00526	0.00369	0.01049
15	0.01479	0.01549	0.06605	0.46091	0.23619	0.01643	0.02061	0.01947	0.01472	0.01988	0.01274	0.01821	0.00997	0.00709	0.00774	0.00232	0.03883	0.00626	0.00326	0.00904
16	0.17138	0.01560	0.01766	0.01653	0.08231	0.04960	0.01218	0.12950	0.06842	0.17692	0.01752	0.01848	0.01291	0.00865	0.00900	0.00229	0.12111	0.00610	0.05391	0.00994
17	0.70447	0.01453	0.01181	0.01023	0.01480	0.01673	0.00843	0.10262	0.01476	0.03355	0.01080	0.01225	0.00826	0.00685	0.00474	0.00220	0.00580	0.00417	0.00474	0.00826
18	0.01062	0.00738	0.00954	0.00902	0.01081	0.00675	0.00676	0.01375	0.01957	0.04996	0.60534	0.09001	0.10356	0.01499	0.00840	0.00228	0.00350	0.01321	0.00773	0.00680
19	0.00989	0.00727	0.00952	0.01079	0.01211	0.00689	0.00849	0.01219	0.01554	0.02016	0.07409	0.31732	0.15445	0.02012	0.00926	0.00295	0.00504	0.29108	0.00664	0.00619
20	0.01756	0.56845	0.16719	0.01357	0.02025	0.02459	0.01460	0.02108	0.01493	0.01861	0.05296	0.01469	0.01268	0.00674	0.00523	0.00171	0.00792	0.00465	0.00333	0.00926
21	0.05922	0.01367	0.01723	0.01326	0.01876	0.01288	0.01095	0.15764	0.02258	0.55839	0.02533	0.02241	0.01621	0.00868	0.00705	0.00219	0.00638	0.00690	0.00833	0.01195
22	0.00871	0.00632	0.00814	0.00958	0.01016	0.00585	0.00641	0.00996	0.01375	0.01811	0.04170	0.65493	0.10798	0.04950	0.01006	0.00300	0.00419	0.01938	0.00652	0.00575
23	0.01771	0.01530	0.01610	0.01449	0.01852	0.01771	0.01127	0.03784	0.69247	0.02979	0.02898	0.02657	0.02174	0.00966	0.00725	0.00242	0.00564	0.00805	0.00725	0.01127
24	0.01727	0.01649	0.02774	0.10112	0.62158	0.01686	0.02125	0.02219	0.04354	0.02310	0.01396	0.01810	0.01155	0.00655	0.00706	0.00215	0.00843	0.00641	0.00365	0.01099
25	0.01190	0.00767	0.00979	0.00914	0.01121	0.00692	0.00689	0.01483	0.01914	0.09402	0.49616	0.10188	0.15314	0.01505	0.00833	0.00231	0.00372	0.01315	0.00767	0.00708
26	0.00903	0.00642	0.00808	0.00926	0.00971	0.00605	0.00602	0.01003	0.01308	0.01728	0.03768	0.54609	0.08531	0.18315	0.01506	0.00375	0.00471	0.01771	0.00610	0.00547
27	0.01201	0.00822	0.01007	0.00920	0.01149	0.00759	0.00702	0.04795	0.01999	0.07199	0.48576	0.05281	0.19950	0.01463	0.00826	0.00227	0.00382	0.01264	0.00760	0.00719
28	0.04915	0.01672	0.02053	0.15754	0.16893	0.07186	0.01552	0.23090	0.02137	0.02878	0.01771	0.05413	0.01531	0.00922	0.00721	0.00228	0.00817	0.06490	0.03007	0.00973
29	0.00923	0.00656	0.00807	0.00899	0.01005	0.00602	0.00625	0.01103	0.01504	0.02044	0.12565	0.46818	0.16671	0.01925	0.00849	0.00261	0.00386	0.01710	0.08043	0.00602
30	0.01217	0.01129	0.01502	0.01355	0.01583	0.07637	0.08655	0.01489	0.01389	0.01816	0.04662	0.07949	0.10432	0.03591	0.41353	0.00752	0.01427	0.00936	0.00443	0.00684
31	0.01616	0.09092	0.39248	0.07097	0.17935	0.01790	0.02237	0.05472	0.04694	0.02334	0.01361	0.01618	0.01029	0.00686	0.00670	0.00217	0.00939	0.00563	0.00353	0.01051

[dist]
# distance from previous block
# <min> <max>
0	2

[block]
# block no. 1 follows, 29 sequences, length 9
# corresponding to MSA columns:
# 96-104
name=unknown_B
#
# <colnr> <probs for GDERKNQSTAVLIFYWHMCP>
#	G	D	E	R	K	N	Q	S	T	A	V	L	I	F	Y	W	H	M	C	P
0	0.01514	0.25010	0.41133	0.01663	0.02450	0.01875	0.01965	0.02077	0.01486	0.02041	0.01544	0.06870	0.01388	0.00852	0.00647	0.00215	0.00893	0.05075	0.00351	0.00950
1	0.01630	0.01600	0.02852	0.24134	0.42327	0.01675	0.11181	0.02092	0.01572	0.02173	0.01332	0.01824	0.01070	0.00652	0.00726	0.00223	0.00925	0.00662	0.00343	0.01007
2	0.01477	0.01266	0.01477	0.01055	0.01687	0.00949	0.00844	0.01793	0.01477	0.02320	0.01266	0.01477	0.01055	0.00527	0.00527	0.00105	0.00527	0.00422	0.00422	0.79328
3	0.01766	0.16056	0.41410	0.01732	0.02561	0.07871	0.01992	0.02399	0.03934	0.07238	0.01380	0.01527	0.01023	0.00686	0.00630	0.00202	0.00938	0.00512	0.00372	0.05772
4	0.02221	0.45199	0.03013	0.01477	0.01984	0.31885	0.01284	0.02431	0.01686	0.01704	0.01036	0.01202	0.00915	0.00661	0.00535	0.00165	0.00981	0.00413	0.00331	0.00877
5	0.02491	0.01276	0.01610	0.01204	0.01788	0.01072	0.00983	0.06338	0.01888	0.40331	0.02141	0.02012	0.01454	0.00740	0.00642	0.00175	0.00585	0.00596	0.00691	0.31984
6	0.00970	0.00722	0.00916	0.01031	0.01133	0.00700	0.00734	0.01274	0.06665	0.02007	0.08091	0.53696	0.09368	0.02031	0.00893	0.00282	0.00439	0.07742	0.00673	0.00635
7	0.01530	0.17003	0.46976	0.01904	0.02757	0.01870	0.07012	0.02171	0.01494	0.02116	0.01341	0.01785	0.01074	0.00746	0.00736	0.00221	0.04257	0.03696	0.00324	0.00988
8	0.01012	0.00741	0.01018	0.01018	0.01118	0.00818	0.00744	0.01192	0.01144	0.01595	0.02322	0.03552	0.06171	0.24112	0.49124	0.00966	0.01481	0.00882	0.00412	0.00578

[dist]
# distance from previous block
# <min> <max>
0	14

[block]
# block no. 2 follows, 29 sequences, length 9
# corresponding to MSA columns:
# 119-127
name=unknown_C
#
# <colnr> <probs for GDERKNQSTAVLIFYWHMCP>
#	G	D	E	R	K	N	Q	S	T	A	V	L	I	F	Y	W	H	M	C	P
0	0.00912	0.00679	0.00827	0.00894	0.01009	0.00620	0.00626	0.01083	0.01523	0.01996	0.16336	0.35559	0.21778	0.09214	0.01152	0.00306	0.00422	0.03816	0.00660	0.00589
1	0.02054	0.01340	0.01980	0.30792	0.05434	0.01447	0.03858	0.12275	0.01898	0.21744	0.02017	0.08595	0.01569	0.00912	0.00735	0.00233	0.00784	0.00791	0.00569	0.00971
2	0.01921	0.04371	0.04361	0.03927	0.16126	0.08054	0.05013	0.16814	0.04652	0.06400	0.08892	0.06012	0.05392	0.00993	0.00742	0.00223	0.00771	0.03799	0.00558	0.00977
3	0.02114	0.02463	0.02244	0.01918	0.02237	0.37517	0.10728	0.04834	0.01771	0.01937	0.01443	0.06981	0.01349	0.00978	0.01048	0.00232	0.15838	0.03142	0.00400	0.00825
4	0.01405	0.08219	0.01274	0.01036	0.01259	0.00943	0.00776	0.01653	0.04641	0.13385	0.03733	0.39829	0.11935	0.05329	0.00949	0.00276	0.00494	0.01471	0.00654	0.00738
5	0.54133	0.01274	0.01111	0.00974	0.01375	0.01422	0.00791	0.06815	0.01522	0.07042	0.08166	0.01837	0.01559	0.00784	0.00521	0.00215	0.00527	0.00541	0.08586	0.00807
6	0.19291	0.16601	0.09074	0.01177	0.01578	0.01541	0.01074	0.01846	0.05070	0.02357	0.11642	0.14726	0.05610	0.01131	0.00731	0.00226	0.04134	0.00893	0.00503	0.00795
7	0.06186	0.07089	0.11754	0.04554	0.15994	0.03080	0.01497	0.12920	0.01915	0.05456	0.10145	0.02637	0.07625	0.00913	0.00696	0.00213	0.00728	0.02148	0.00513	0.03938
8	0.05879	0.01225	0.01552	0.21265	0.02483	0.01362	0.01223	0.04168	0.21392	0.02433	0.06229	0.13818	0.02330	0.01086	0.00728	0.00234	0.00639	0.02725	0.00556	0.08672

[dist]
# distance from previous block
# <min> <max>
0	5

[block]
# block no. 3 follows, 29 sequences, length 27
# corresponding to MSA columns:
# 133-159
name=unknown_D
#
# <colnr> <probs for GDERKNQSTAVLIFYWHMCP>
#	G	D	E	R	K	N	Q	S	T	A	V	L	I	F	Y	W	H	M	C	P
0	0.00985	0.00769	0.00949	0.00943	0.01110	0.00735	0.00706	0.01204	0.01579	0.02105	0.20988	0.16982	0.24446	0.06162	0.06906	0.00347	0.03525	0.05249	0.00632	0.03678
1	0.08004	0.23714	0.20219	0.04165	0.05110	0.03941	0.03087	0.04122	0.01616	0.14841	0.01453	0.01576	0.01079	0.00718	0.00669	0.00205	0.03519	0.00528	0.00437	0.00999
2	0.01906	0.04780	0.07111	0.09607	0.04442	0.06965	0.05140	0.15371	0.12448	0.07244	0.04340	0.04428	0.01681	0.01274	0.07170	0.00304	0.00897	0.00727	0.03195	0.00972
3	0.00934	0.00674	0.00897	0.01038	0.01124	0.00636	0.00758	0.01118	0.01477	0.01957	0.08373	0.52450	0.08163	0.02102	0.00917	0.00291	0.00456	0.15364	0.00668	0.00602
4	0.01666	0.02072	0.15626	0.10744	0.34436	0.01713	0.16905	0.04077	0.01642	0.02312	0.01354	0.01763	0.01060	0.00649	0.00731	0.00223	0.00972	0.00661	0.00351	0.01044
5	0.01973	0.01925	0.04957	0.04872	0.17729	0.13462	0.08878	0.06739	0.13961	0.07404	0.01928	0.02463	0.01581	0.03048	0.00821	0.00241	0.00879	0.05635	0.00506	0.00998
6	0.01599	0.16434	0.37416	0.06102	0.17228	0.01881	0.02172	0.02262	0.04499	0.02171	0.01308	0.01563	0.01011	0.00670	0.00646	0.00210	0.00927	0.00540	0.00332	0.01032
7	0.00865	0.00630	0.00816	0.00965	0.01026	0.00581	0.00649	0.00994	0.01389	0.01828	0.04246	0.67894	0.11118	0.02189	0.00902	0.00284	0.00408	0.01973	0.00661	0.00581
8	0.01855	0.15750	0.31043	0.01908	0.02680	0.06765	0.12740	0.02515	0.06287	0.09599	0.01518	0.01671	0.01115	0.00698	0.00669	0.00212	0.00959	0.00587	0.00408	0.01019
9	0.01745	0.20435	0.34016	0.01674	0.02434	0.03877	0.04119	0.04890	0.05401	0.07200	0.01747	0.03909	0.04002	0.00789	0.00648	0.00210	0.00877	0.00617	0.00413	0.00999
10	0.02763	0.01240	0.01591	0.01253	0.01737	0.01165	0.01026	0.12710	0.02140	0.49095	0.05526	0.02484	0.01905	0.01152	0.04753	0.00268	0.00674	0.00729	0.06678	0.01114
11	0.01778	0.01950	0.05319	0.13851	0.24684	0.13076	0.09776	0.02378	0.09720	0.02181	0.01678	0.01995	0.03639	0.00769	0.00790	0.00224	0.04144	0.00677	0.00402	0.00969
12	0.02278	0.05744	0.09920	0.01583	0.02115	0.10399	0.08396	0.06624	0.01895	0.26277	0.05048	0.02389	0.06073	0.00891	0.00778	0.00218	0.04009	0.00722	0.03643	0.00999
13	0.01526	0.02269	0.26894	0.22250	0.17188	0.01662	0.04473	0.02316	0.10157	0.02242	0.01500	0.01828	0.01130	0.00712	0.00704	0.00228	0.00925	0.00625	0.00372	0.01001
14	0.00958	0.00828	0.00837	0.00838	0.01045	0.03763	0.00619	0.01162	0.01685	0.02086	0.18949	0.14743	0.46487	0.01741	0.00841	0.00241	0.00403	0.01479	0.00672	0.00622
15	0.01835	0.05874	0.13822	0.07682	0.13558	0.04155	0.18232	0.02447	0.07020	0.10419	0.03779	0.01974	0.01375	0.00747	0.00794	0.00227	0.03913	0.00692	0.00446	0.01008
16	0.01760	0.02570	0.35275	0.19578	0.03219	0.05952	0.02066	0.02457	0.05997	0.12009	0.01588	0.01795	0.01121	0.00737	0.00692	0.00226	0.00945	0.00594	0.00419	0.01001
17	0.00880	0.00628	0.00840	0.01005	0.01052	0.00589	0.00682	0.01012	0.01375	0.01831	0.03918	0.71637	0.04683	0.02219	0.00912	0.00291	0.00424	0.04778	0.00661	0.00582
18	0.01677	0.05696	0.25517	0.10300	0.17018	0.05747	0.14850	0.04252	0.03977	0.02265	0.01367	0.01697	0.01042	0.00673	0.00709	0.00221	0.01003	0.00623	0.00355	0.01010
19	0.06708	0.06844	0.19311	0.08911	0.14559	0.01693	0.11143	0.05349	0.04659	0.11717	0.01572	0.01784	0.01150	0.00705	0.00688	0.00221	0.00884	0.00624	0.00444	0.01034
20	0.01431	0.02333	0.30117	0.06874	0.17005	0.01499	0.12297	0.02005	0.01571	0.02190	0.02338	0.02569	0.12931	0.00852	0.00739	0.00228	0.00907	0.00773	0.00384	0.00960
21	0.01257	0.01249	0.01065	0.01089	0.01266	0.15831	0.00782	0.01430	0.01639	0.01936	0.10993	0.33754	0.21606	0.01718	0.00827	0.00247	0.00577	0.01476	0.00611	0.00647
22	0.02102	0.06134	0.21325	0.06427	0.05062	0.09775	0.06962	0.05229	0.01825	0.20028	0.06706	0.02052	0.01590	0.00791	0.00701	0.00216	0.00883	0.00656	0.00518	0.01017
23	0.04179	0.01637	0.08805	0.09718	0.16276	0.03520	0.01495	0.11862	0.01941	0.13701	0.09566	0.05750	0.06548	0.00960	0.00729	0.00224	0.00728	0.00815	0.00566	0.00982
24	0.04279	0.00788	0.01022	0.01134	0.03597	0.00783	0.00792	0.01270	0.01415	0.04950	0.03877	0.40181	0.15075	0.02328	0.09891	0.00382	0.02946	0.04033	0.00604	0.00654
25	0.01831	0.04988	0.21620	0.06998	0.31350	0.11394	0.04330	0.02328	0.01645	0.04977	0.01337	0.01644	0.01043	0.00672	0.00685	0.00212	0.00968	0.00582	0.00358	0.01037
26	0.06959	0.01628	0.04479	0.01748	0.07793	0.06943	0.11864	0.07832	0.01769	0.06998	0.02409	0.04589	0.11911	0.00878	0.00690	0.00198	0.00742	0.00764	0.00499	0.19307

[dist]
# distance from previous block
# <min> <max>
4	110

# created by:
# /home/cegg/simao/soft/augustus-3.2.1/scripts/msa2prfl.pl ./align_prep/EOG090W0PZH.fa
