[name]
unknown

[dist]
# distance from previous block
# <min> <max>
0	30

[block]
# block no. 0 follows, 31 sequences, length 11
# corresponding to MSA columns:
# 36-46
name=unknown_A
#
# <colnr> <probs for GDERKNQSTAVLIFYWHMCP>
#	G	D	E	R	K	N	Q	S	T	A	V	L	I	F	Y	W	H	M	C	P
0	0.04871	0.22604	0.16546	0.01613	0.02232	0.08033	0.10108	0.05839	0.07934	0.04690	0.01445	0.03897	0.01172	0.00708	0.00607	0.00191	0.00831	0.00572	0.00404	0.05701
1	0.09754	0.12417	0.27003	0.01547	0.04414	0.03599	0.01575	0.10177	0.04117	0.02451	0.01501	0.01639	0.03900	0.00694	0.00589	0.00188	0.00773	0.00521	0.00400	0.12740
2	0.01449	0.07304	0.25435	0.01660	0.02244	0.03451	0.11602	0.02067	0.08036	0.04958	0.07006	0.08538	0.08688	0.00972	0.00766	0.00223	0.03427	0.00837	0.00456	0.00880
3	0.01415	0.17494	0.11731	0.01272	0.01682	0.04311	0.01182	0.05117	0.04158	0.01890	0.01537	0.02074	0.01367	0.06346	0.30074	0.00573	0.01212	0.00601	0.00373	0.05591
4	0.00950	0.00781	0.01276	0.01240	0.01377	0.00730	0.10840	0.01137	0.01355	0.01813	0.03416	0.64547	0.04006	0.01910	0.00863	0.00271	0.00510	0.01776	0.00592	0.00610
5	0.01295	0.00773	0.01047	0.00992	0.01132	0.00810	0.00722	0.01456	0.01190	0.11999	0.02076	0.03267	0.01982	0.29521	0.37795	0.00813	0.01233	0.00819	0.00455	0.00624
6	0.01861	0.34047	0.02450	0.01303	0.01739	0.22651	0.01114	0.02088	0.01621	0.01858	0.11479	0.01779	0.01723	0.00755	0.00616	0.00166	0.03439	0.00529	0.00390	0.08391
7	0.01684	0.01284	0.01591	0.04323	0.06187	0.01074	0.00991	0.06520	0.01604	0.09697	0.01405	0.01564	0.01095	0.00578	0.00556	0.00132	0.00567	0.00471	0.00462	0.58216
8	0.02189	0.10314	0.06396	0.14415	0.04232	0.14676	0.03260	0.17901	0.04742	0.13039	0.01549	0.01674	0.01130	0.00736	0.00647	0.00201	0.00859	0.00570	0.00498	0.00973
9	0.00932	0.00768	0.00962	0.00987	0.01091	0.00798	0.00726	0.01086	0.01392	0.01827	0.08562	0.37460	0.26114	0.01821	0.01052	0.00262	0.11434	0.01536	0.00592	0.00597
10	0.00843	0.00603	0.00802	0.00946	0.00994	0.00562	0.00636	0.00976	0.01354	0.01816	0.08510	0.70571	0.04660	0.02091	0.00869	0.00273	0.00392	0.01895	0.00643	0.00562

[dist]
# distance from previous block
# <min> <max>
10	25

[block]
# block no. 1 follows, 31 sequences, length 11
# corresponding to MSA columns:
# 72-82
name=unknown_B
#
# <colnr> <probs for GDERKNQSTAVLIFYWHMCP>
#	G	D	E	R	K	N	Q	S	T	A	V	L	I	F	Y	W	H	M	C	P
0	0.00872	0.00631	0.00833	0.00981	0.01051	0.00592	0.00697	0.01024	0.01366	0.01798	0.03962	0.60707	0.08946	0.02078	0.00880	0.00280	0.00428	0.11670	0.00634	0.00568
1	0.01208	0.01002	0.01446	0.04554	0.15844	0.00926	0.02827	0.01432	0.01436	0.01995	0.07068	0.16097	0.14353	0.01296	0.00908	0.08125	0.00547	0.01003	0.02981	0.14952
2	0.01236	0.00910	0.01069	0.00959	0.01183	0.00899	0.00727	0.13436	0.02014	0.02748	0.41618	0.07325	0.14369	0.07259	0.00999	0.00253	0.00433	0.01163	0.00693	0.00707
3	0.15560	0.01235	0.01864	0.61136	0.04104	0.01523	0.01692	0.01795	0.01331	0.01985	0.01169	0.01696	0.00881	0.00675	0.00637	0.00225	0.00843	0.00565	0.00325	0.00757
4	0.01419	0.01216	0.01419	0.01013	0.01621	0.00912	0.00811	0.01723	0.01419	0.02229	0.01216	0.01419	0.01013	0.00507	0.00507	0.00101	0.00507	0.00405	0.00405	0.80139
5	0.01235	0.00697	0.00936	0.01000	0.01128	0.00636	0.00702	0.01380	0.01426	0.14385	0.03578	0.62375	0.04017	0.01911	0.00840	0.00266	0.00430	0.01719	0.00673	0.00665
6	0.16035	0.01711	0.02347	0.08628	0.19164	0.08999	0.15432	0.08806	0.01691	0.04547	0.01345	0.01645	0.01039	0.00662	0.00643	0.00208	0.00845	0.00594	0.04742	0.00917
7	0.01671	0.10613	0.01755	0.07556	0.01889	0.01454	0.01043	0.15370	0.09936	0.05366	0.06819	0.09196	0.06045	0.00945	0.00651	0.00191	0.00594	0.00778	0.00549	0.17580
8	0.18800	0.01657	0.08531	0.17385	0.05319	0.01650	0.01406	0.15610	0.13442	0.07313	0.01609	0.01749	0.01177	0.00746	0.00627	0.00218	0.00720	0.00582	0.00506	0.00953
9	0.01829	0.76368	0.03585	0.01171	0.01756	0.02707	0.01171	0.02049	0.01390	0.01610	0.00951	0.01097	0.00878	0.00585	0.00439	0.00146	0.00732	0.00366	0.00293	0.00878
10	0.00978	0.00717	0.01017	0.01008	0.01120	0.00791	0.00756	0.01203	0.01235	0.01759	0.14350	0.03371	0.02670	0.14306	0.50547	0.00880	0.01399	0.00860	0.00443	0.00590

[dist]
# distance from previous block
# <min> <max>
0	1

[block]
# block no. 2 follows, 31 sequences, length 31
# corresponding to MSA columns:
# 84-105,128-136
name=unknown_C
#
# <colnr> <probs for GDERKNQSTAVLIFYWHMCP>
#	G	D	E	R	K	N	Q	S	T	A	V	L	I	F	Y	W	H	M	C	P
0	0.01697	0.01478	0.02430	0.26575	0.42035	0.01577	0.01925	0.05474	0.01606	0.06629	0.01372	0.01773	0.01071	0.00659	0.00681	0.00212	0.00827	0.00614	0.00377	0.00988
1	0.76762	0.01318	0.01059	0.04618	0.01495	0.01534	0.00800	0.01998	0.01175	0.03003	0.00966	0.01147	0.00750	0.00638	0.00437	0.00213	0.00549	0.00382	0.00417	0.00742
2	0.00983	0.00670	0.00802	0.00811	0.00831	0.00686	0.00493	0.01027	0.01028	0.01390	0.02199	0.08227	0.02486	0.61161	0.13795	0.00707	0.00824	0.01009	0.00420	0.00452
3	0.00907	0.00667	0.00865	0.00955	0.01066	0.00613	0.00689	0.01093	0.01464	0.01964	0.14375	0.47643	0.10486	0.01899	0.00852	0.00262	0.00413	0.09481	0.00644	0.03664
4	0.01562	0.01940	0.10014	0.05702	0.03496	0.01679	0.58515	0.02146	0.01598	0.02186	0.03309	0.01899	0.01168	0.00611	0.00788	0.00229	0.01107	0.00784	0.00350	0.00916
5	0.00893	0.00670	0.00815	0.00909	0.01017	0.00620	0.00630	0.03507	0.01445	0.01868	0.04507	0.54968	0.21667	0.01988	0.00850	0.00263	0.00397	0.01766	0.00637	0.00584
6	0.00834	0.00595	0.00794	0.00953	0.00992	0.00556	0.00635	0.00953	0.01310	0.01746	0.03771	0.75510	0.04525	0.02143	0.00873	0.00278	0.00397	0.01945	0.00635	0.00556
7	0.22359	0.01743	0.01737	0.01375	0.01882	0.04615	0.01130	0.43135	0.02522	0.10774	0.01553	0.01562	0.01100	0.00772	0.00616	0.00206	0.00698	0.00555	0.00622	0.01043
8	0.01615	0.01845	0.04037	0.02884	0.03576	0.01730	0.69204	0.02191	0.01615	0.02191	0.01384	0.01845	0.01038	0.00577	0.00807	0.00231	0.01153	0.00807	0.00346	0.00923
9	0.00834	0.00595	0.00794	0.00953	0.00992	0.00556	0.00635	0.00953	0.01310	0.01746	0.03771	0.75510	0.04525	0.02143	0.00873	0.00278	0.00397	0.01945	0.00635	0.00556
10	0.01702	0.01470	0.01547	0.01392	0.01779	0.01702	0.01083	0.03635	0.70453	0.02862	0.02785	0.02553	0.02088	0.00928	0.00696	0.00232	0.00541	0.00773	0.00696	0.01083
11	0.02016	0.14875	0.15117	0.01822	0.07912	0.03796	0.03673	0.22054	0.05884	0.07177	0.01459	0.01595	0.01105	0.00765	0.00784	0.00208	0.07699	0.00566	0.00473	0.01020
12	0.01066	0.00791	0.00975	0.00900	0.01097	0.00755	0.00683	0.05107	0.04212	0.02739	0.58357	0.04992	0.12944	0.01387	0.00797	0.00217	0.00356	0.01210	0.00735	0.00681
13	0.80789	0.01323	0.01006	0.00900	0.01323	0.01535	0.00741	0.02011	0.01164	0.03070	0.00953	0.01111	0.00741	0.00635	0.00423	0.00212	0.00529	0.00370	0.00423	0.00741
14	0.02076	0.12868	0.14184	0.01766	0.04560	0.36660	0.01530	0.04557	0.01699	0.01874	0.01089	0.01314	0.00901	0.00721	0.00761	0.00190	0.08427	0.00468	0.00341	0.04014
15	0.00924	0.00727	0.00858	0.00811	0.01025	0.00644	0.00613	0.01176	0.01690	0.02251	0.34966	0.05394	0.34156	0.01732	0.05397	0.00272	0.00439	0.01249	0.00658	0.05016
16	0.09272	0.01808	0.01748	0.01441	0.01910	0.08735	0.01154	0.31754	0.24599	0.03357	0.01870	0.01838	0.01389	0.00810	0.00648	0.00206	0.00697	0.00616	0.00617	0.05531
17	0.01409	0.01668	0.13080	0.37357	0.22150	0.01521	0.01953	0.01954	0.04557	0.01994	0.01432	0.05336	0.01180	0.00741	0.00687	0.00222	0.00859	0.00665	0.00345	0.00891
18	0.01664	0.12819	0.27318	0.01874	0.11322	0.01654	0.01706	0.06119	0.10951	0.07241	0.06207	0.04931	0.01651	0.00807	0.00654	0.00208	0.00767	0.00661	0.00457	0.00988
19	0.01760	0.08354	0.10115	0.02607	0.09566	0.01720	0.44041	0.02280	0.01608	0.09000	0.01452	0.01776	0.01077	0.00614	0.00737	0.00218	0.01016	0.00710	0.00384	0.00966
20	0.00994	0.00666	0.00760	0.00760	0.00764	0.00671	0.00431	0.01003	0.00999	0.01336	0.02143	0.04409	0.02458	0.73274	0.06125	0.00680	0.00708	0.00985	0.00413	0.00422
21	0.01028	0.08122	0.14092	0.01121	0.01405	0.00949	0.01009	0.01279	0.01352	0.01803	0.03280	0.45683	0.09777	0.04746	0.00894	0.00266	0.00546	0.01450	0.00531	0.00665
22	0.05459	0.07601	0.16362	0.13955	0.06149	0.24109	0.01639	0.05063	0.09350	0.02110	0.01334	0.01547	0.01033	0.00704	0.00628	0.00201	0.00950	0.00526	0.00381	0.00897
23	0.01387	0.01349	0.02378	0.49929	0.07885	0.01542	0.14077	0.01951	0.05838	0.01965	0.04067	0.01994	0.01234	0.00704	0.00712	0.00227	0.00904	0.00679	0.00356	0.00824
24	0.00993	0.00671	0.00785	0.00785	0.00798	0.00684	0.00463	0.01020	0.01006	0.01355	0.02120	0.04282	0.02403	0.68241	0.11082	0.00711	0.00791	0.00966	0.00409	0.00436
25	0.01951	0.05173	0.04043	0.05033	0.10692	0.01459	0.03605	0.09811	0.09972	0.17557	0.01785	0.01995	0.01355	0.01251	0.04939	0.11159	0.06136	0.00642	0.00519	0.00920
26	0.05522	0.01945	0.13819	0.02292	0.16296	0.06723	0.14639	0.06401	0.03671	0.12486	0.01752	0.06584	0.01423	0.00805	0.00704	0.00219	0.00852	0.02424	0.00468	0.00975
27	0.01102	0.00787	0.01102	0.01260	0.01417	0.00787	0.01102	0.01417	0.01575	0.02047	0.03622	0.07717	0.03937	0.01890	0.00945	0.00315	0.00630	0.67084	0.00630	0.00630
28	0.01600	0.01570	0.02822	0.11771	0.48089	0.01585	0.13853	0.02037	0.01547	0.02161	0.01428	0.02076	0.01218	0.00685	0.00716	0.00217	0.00874	0.04405	0.00352	0.00993
29	0.02240	0.01637	0.05950	0.02017	0.14720	0.05772	0.05629	0.09287	0.03972	0.26861	0.01913	0.04134	0.01412	0.00841	0.00845	0.00219	0.08247	0.00679	0.02600	0.01027
30	0.02178	0.01411	0.01662	0.01477	0.06251	0.01520	0.01114	0.26340	0.10455	0.16283	0.02030	0.02063	0.01474	0.00844	0.00743	0.00206	0.05311	0.00651	0.16971	0.01014

[dist]
# distance from previous block
# <min> <max>
0	1

[block]
# block no. 3 follows, 31 sequences, length 13
# corresponding to MSA columns:
# 138-150
name=unknown_D
#
# <colnr> <probs for GDERKNQSTAVLIFYWHMCP>
#	G	D	E	R	K	N	Q	S	T	A	V	L	I	F	Y	W	H	M	C	P
0	0.64934	0.05405	0.03818	0.01051	0.01495	0.09856	0.00894	0.02102	0.01275	0.02803	0.00975	0.01137	0.00769	0.00641	0.00455	0.00204	0.00638	0.00383	0.00404	0.00764
1	0.31183	0.22828	0.01987	0.01171	0.01632	0.01872	0.03108	0.06495	0.12880	0.02578	0.01658	0.01895	0.03920	0.00775	0.00539	0.00202	0.00620	0.03337	0.00462	0.00858
2	0.01018	0.00793	0.01178	0.01154	0.01267	0.00953	0.00906	0.01255	0.01095	0.01593	0.01759	0.02594	0.01647	0.04822	0.67670	0.01037	0.07555	0.00722	0.00361	0.00622
3	0.00980	0.00722	0.01041	0.01041	0.01143	0.00824	0.00783	0.01184	0.01082	0.01545	0.01886	0.02983	0.01838	0.16811	0.61741	0.01028	0.01640	0.00776	0.00374	0.00578
4	0.00934	0.00698	0.00867	0.00825	0.01001	0.00631	0.00619	0.01225	0.01856	0.02551	0.57489	0.05427	0.20414	0.01470	0.00807	0.00219	0.00328	0.01282	0.00728	0.00631
5	0.01379	0.01177	0.01245	0.01144	0.01465	0.01284	0.00882	0.02662	0.44482	0.02561	0.10258	0.03939	0.22296	0.01201	0.00738	0.00230	0.00466	0.01008	0.00684	0.00898
6	0.00956	0.00699	0.00898	0.00848	0.01015	0.00640	0.00636	0.01268	0.01908	0.02677	0.66518	0.05220	0.11307	0.01424	0.00807	0.00216	0.00325	0.01253	0.00744	0.00640
7	0.00849	0.00695	0.00749	0.00735	0.00949	0.00595	0.00551	0.01060	0.01654	0.02073	0.23120	0.06214	0.55082	0.01649	0.00808	0.00227	0.00341	0.01392	0.00665	0.00595
8	0.01340	0.03312	0.66708	0.01863	0.02806	0.01514	0.02378	0.02097	0.01484	0.02213	0.06820	0.01737	0.01312	0.00710	0.00663	0.00217	0.00956	0.00564	0.00326	0.00982
9	0.01829	0.76368	0.03585	0.01171	0.01756	0.02707	0.01171	0.02049	0.01390	0.01610	0.00951	0.01097	0.00878	0.00585	0.00439	0.00146	0.00732	0.00366	0.00293	0.00878
10	0.01352	0.01092	0.01281	0.04574	0.03519	0.01184	0.00943	0.02365	0.33443	0.04242	0.10769	0.21078	0.08682	0.01322	0.00760	0.00240	0.00492	0.01153	0.00658	0.00851
11	0.01668	0.01849	0.07590	0.33567	0.08479	0.16299	0.05080	0.02117	0.03635	0.04872	0.03766	0.01860	0.01219	0.00919	0.04021	0.00254	0.00988	0.00611	0.00371	0.00835
12	0.01693	0.03186	0.01644	0.01697	0.12810	0.09583	0.01134	0.12672	0.14926	0.02591	0.07800	0.06297	0.07688	0.01147	0.03621	0.00243	0.00690	0.00809	0.08878	0.00890

[dist]
# distance from previous block
# <min> <max>
0	4

[block]
# block no. 4 follows, 31 sequences, length 89
# corresponding to MSA columns:
# 155-200,216-218,235-239,249-272,274-282,284,285
name=unknown_E
#
# <colnr> <probs for GDERKNQSTAVLIFYWHMCP>
#	G	D	E	R	K	N	Q	S	T	A	V	L	I	F	Y	W	H	M	C	P
0	0.28807	0.08773	0.04970	0.03628	0.08280	0.18808	0.01240	0.11137	0.04270	0.02608	0.01187	0.01351	0.00934	0.00682	0.00556	0.00197	0.00803	0.00469	0.00422	0.00878
1	0.01654	0.01896	0.12437	0.06123	0.45038	0.01670	0.08069	0.04836	0.03937	0.02280	0.01332	0.01695	0.01072	0.00662	0.00760	0.00214	0.04317	0.00618	0.00355	0.01034
2	0.00875	0.00691	0.00789	0.00774	0.00968	0.00604	0.00577	0.01107	0.01702	0.02210	0.33183	0.09262	0.41594	0.01615	0.00811	0.00227	0.00339	0.01383	0.00684	0.00604
3	0.00823	0.00694	0.00713	0.00708	0.00933	0.00584	0.00531	0.01010	0.01594	0.01930	0.12790	0.06450	0.65501	0.01702	0.00808	0.00230	0.00344	0.01425	0.00646	0.00584
4	0.68088	0.01297	0.01101	0.00952	0.01392	0.01448	0.00784	0.02227	0.01294	0.14361	0.01238	0.01310	0.00897	0.00670	0.00467	0.00212	0.00538	0.00422	0.00493	0.00810
5	0.02650	0.01463	0.01709	0.01332	0.01831	0.01495	0.01093	0.32209	0.05497	0.33354	0.02199	0.02056	0.01483	0.00835	0.00669	0.00205	0.00633	0.00656	0.07515	0.01115
6	0.07163	0.01251	0.01605	0.01237	0.01763	0.01149	0.01022	0.10116	0.02046	0.61444	0.02496	0.02193	0.01588	0.00833	0.00674	0.00211	0.00597	0.00664	0.00807	0.01142
7	0.01911	0.01573	0.01665	0.01435	0.01859	0.01799	0.01133	0.18931	0.54817	0.03199	0.02519	0.02341	0.01873	0.00903	0.00693	0.00226	0.00591	0.00737	0.00693	0.01102
8	0.00834	0.00595	0.00794	0.00953	0.00992	0.00556	0.00635	0.00953	0.01310	0.01746	0.03771	0.75510	0.04525	0.02143	0.00873	0.00278	0.00397	0.01945	0.00635	0.00556
9	0.00983	0.00744	0.00901	0.00864	0.01039	0.00702	0.00639	0.01360	0.06484	0.02456	0.47303	0.08662	0.18252	0.05441	0.00945	0.00246	0.00364	0.01267	0.00703	0.00646
10	0.01078	0.00861	0.00967	0.00920	0.01149	0.00842	0.00694	0.04065	0.13187	0.02390	0.26681	0.11480	0.30114	0.01493	0.00791	0.00229	0.00391	0.01280	0.00686	0.00704
11	0.01372	0.03539	0.72412	0.01950	0.02961	0.01589	0.02528	0.02167	0.01444	0.02167	0.01228	0.01444	0.00867	0.00650	0.00650	0.00217	0.01011	0.00506	0.00289	0.01011
12	0.01457	0.01546	0.03111	0.18675	0.03425	0.01579	0.42344	0.01927	0.01470	0.01982	0.01456	0.04507	0.01220	0.04961	0.03023	0.00283	0.05059	0.00798	0.00348	0.00827
13	0.01693	0.01626	0.02777	0.04199	0.71689	0.01626	0.02100	0.02100	0.01558	0.02235	0.01287	0.01693	0.01084	0.00610	0.00677	0.00203	0.00813	0.00610	0.00339	0.01084
14	0.00998	0.00667	0.00757	0.00762	0.00767	0.00667	0.00435	0.01008	0.01013	0.01348	0.02200	0.04576	0.02531	0.73705	0.03405	0.00653	0.00662	0.03004	0.00421	0.00421
15	0.00809	0.00693	0.00693	0.00693	0.00924	0.00578	0.00520	0.00982	0.01559	0.01848	0.06931	0.06584	0.71411	0.01733	0.00809	0.00231	0.00347	0.01444	0.00635	0.00578
16	0.01497	0.01497	0.02095	0.01796	0.01796	0.02095	0.01497	0.01646	0.01048	0.01646	0.00898	0.01497	0.00898	0.01197	0.02245	0.00299	0.74704	0.00599	0.00299	0.00748
17	0.14992	0.08421	0.05224	0.03759	0.02078	0.44013	0.01289	0.08802	0.01852	0.02168	0.01100	0.01270	0.00885	0.00692	0.00582	0.00186	0.01016	0.00448	0.00386	0.00835
18	0.01275	0.00638	0.00638	0.00638	0.00797	0.00638	0.00478	0.01594	0.01435	0.02551	0.02232	0.02551	0.01754	0.00797	0.00478	0.00159	0.00319	0.00638	0.79755	0.00638
19	0.23537	0.01446	0.01547	0.01231	0.01729	0.04010	0.01011	0.17331	0.02021	0.36545	0.01947	0.01817	0.01296	0.00780	0.00615	0.00209	0.00629	0.00579	0.00681	0.01038
20	0.01038	0.00858	0.00986	0.01075	0.03236	0.05024	0.00746	0.01294	0.03390	0.02128	0.25593	0.36508	0.09492	0.01698	0.00824	0.00246	0.00445	0.04133	0.00649	0.00633
21	0.01307	0.01231	0.02079	0.71718	0.07190	0.01524	0.01907	0.01761	0.01375	0.01766	0.01219	0.01819	0.00918	0.00681	0.00684	0.00227	0.00908	0.00608	0.00305	0.00772
22	0.71550	0.01304	0.01075	0.00937	0.01373	0.01472	0.00772	0.02168	0.01259	0.11283	0.01160	0.01256	0.00854	0.00660	0.00455	0.00212	0.00536	0.00408	0.00474	0.00791
23	0.01338	0.01274	0.02084	0.60505	0.06542	0.01614	0.01843	0.01744	0.01324	0.01749	0.01168	0.01768	0.00916	0.00762	0.00929	0.00238	0.12520	0.00607	0.00304	0.00769
24	0.00839	0.00600	0.00799	0.00949	0.00993	0.00559	0.00635	0.00966	0.01335	0.01786	0.06484	0.72682	0.04602	0.02113	0.00871	0.00275	0.00394	0.01916	0.00640	0.00559
25	0.01372	0.03539	0.72412	0.01950	0.02961	0.01589	0.02528	0.02167	0.01444	0.02167	0.01228	0.01444	0.00867	0.00650	0.00650	0.00217	0.01011	0.00506	0.00289	0.01011
26	0.01829	0.76368	0.03585	0.01171	0.01756	0.02707	0.01171	0.02049	0.01390	0.01610	0.00951	0.01097	0.00878	0.00585	0.00439	0.00146	0.00732	0.00366	0.00293	0.00878
27	0.00960	0.00699	0.00903	0.00852	0.01017	0.00642	0.00639	0.01275	0.01916	0.02696	0.67896	0.05189	0.09917	0.01416	0.00807	0.00216	0.00324	0.01248	0.00747	0.00642
28	0.00968	0.00699	0.00914	0.00861	0.01022	0.00646	0.00646	0.01291	0.01937	0.02743	0.71328	0.05110	0.06455	0.01399	0.00807	0.00215	0.00323	0.01237	0.00753	0.00646
29	0.00968	0.00699	0.00914	0.00861	0.01022	0.00646	0.00646	0.01291	0.01937	0.02743	0.71328	0.05110	0.06455	0.01399	0.00807	0.00215	0.00323	0.01237	0.00753	0.00646
30	0.02479	0.11211	0.02130	0.01681	0.02076	0.59405	0.01303	0.08310	0.01987	0.01891	0.01095	0.01253	0.00905	0.00702	0.00603	0.00175	0.01138	0.00447	0.00374	0.00834
31	0.02109	0.38884	0.02811	0.01610	0.07000	0.21267	0.01292	0.11174	0.04344	0.02075	0.01163	0.01303	0.00976	0.00663	0.00546	0.00169	0.00867	0.00452	0.00379	0.00916
32	0.01741	0.08353	0.13219	0.01647	0.05097	0.09480	0.01413	0.03002	0.39668	0.02429	0.02034	0.02019	0.01556	0.00830	0.00734	0.00218	0.04385	0.00644	0.00524	0.01006
33	0.00977	0.00733	0.01100	0.01100	0.01222	0.00855	0.00855	0.01222	0.01100	0.01588	0.01833	0.02688	0.01710	0.05131	0.73245	0.01100	0.01833	0.00733	0.00367	0.00611
34	0.01292	0.01216	0.02052	0.74312	0.04712	0.01520	0.01900	0.01748	0.01368	0.01748	0.01216	0.01824	0.00912	0.00684	0.00684	0.00228	0.00912	0.00608	0.00304	0.00760
35	0.80789	0.01323	0.01006	0.00900	0.01323	0.01535	0.00741	0.02011	0.01164	0.03070	0.00953	0.01111	0.00741	0.00635	0.00423	0.00212	0.00529	0.00370	0.00423	0.00741
36	0.01677	0.01609	0.02748	0.07013	0.69001	0.01621	0.02092	0.02086	0.01550	0.02216	0.01284	0.01698	0.01077	0.00613	0.00678	0.00204	0.00817	0.00610	0.00337	0.01071
37	0.01699	0.01824	0.03691	0.02671	0.03293	0.01797	0.57257	0.08516	0.01720	0.02348	0.01369	0.01798	0.01039	0.00650	0.00913	0.00234	0.07104	0.00772	0.00374	0.00931
38	0.00834	0.00595	0.00794	0.00953	0.00992	0.00556	0.00635	0.00953	0.01310	0.01746	0.03771	0.75510	0.04525	0.02143	0.00873	0.00278	0.00397	0.01945	0.00635	0.00556
39	0.80789	0.01323	0.01006	0.00900	0.01323	0.01535	0.00741	0.02011	0.01164	0.03070	0.00953	0.01111	0.00741	0.00635	0.00423	0.00212	0.00529	0.00370	0.00423	0.00741
40	0.01689	0.01636	0.02839	0.04134	0.68322	0.01631	0.05417	0.02104	0.01561	0.02233	0.01292	0.01701	0.01081	0.00608	0.00684	0.00205	0.00830	0.00619	0.00339	0.01076
41	0.00834	0.00595	0.00794	0.00953	0.00992	0.00556	0.00635	0.00953	0.01310	0.01746	0.03771	0.75510	0.04525	0.02143	0.00873	0.00278	0.00397	0.01945	0.00635	0.00556
42	0.00842	0.00687	0.00744	0.00745	0.00948	0.00589	0.00553	0.01041	0.01615	0.02017	0.19370	0.11406	0.53667	0.01697	0.00813	0.00231	0.00346	0.01440	0.00658	0.00589
43	0.00948	0.00699	0.00886	0.00839	0.01010	0.00637	0.00630	0.01252	0.01889	0.02630	0.63131	0.05298	0.14723	0.01441	0.00807	0.00217	0.00326	0.01264	0.00738	0.00637
44	0.01332	0.01072	0.01313	0.04898	0.04633	0.03735	0.00994	0.01940	0.15217	0.05187	0.26542	0.12378	0.03877	0.01320	0.00862	0.00240	0.04469	0.08578	0.00638	0.00776
45	0.01686	0.01351	0.01450	0.01298	0.01672	0.01515	0.01011	0.03290	0.57141	0.07414	0.05698	0.02994	0.08434	0.01012	0.00710	0.00230	0.00519	0.00845	0.00703	0.01027
46	0.00902	0.00687	0.00828	0.00813	0.00986	0.00614	0.00602	0.01155	0.01750	0.02348	0.43242	0.12189	0.28236	0.01581	0.00814	0.00226	0.00338	0.01373	0.00702	0.00614
47	0.02033	0.01541	0.01744	0.01571	0.06494	0.01681	0.01171	0.33888	0.20315	0.05926	0.05500	0.08279	0.04752	0.01006	0.00713	0.00220	0.00631	0.00829	0.00667	0.01041
48	0.01101	0.00971	0.01494	0.01457	0.04331	0.03346	0.11987	0.01324	0.01397	0.01870	0.03039	0.50520	0.03462	0.01693	0.00881	0.00262	0.03007	0.04183	0.03016	0.00657
49	0.00834	0.00595	0.00794	0.00953	0.00992	0.00556	0.00635	0.00953	0.01310	0.01746	0.03771	0.75510	0.04525	0.02143	0.00873	0.00278	0.00397	0.01945	0.00635	0.00556
50	0.02979	0.01309	0.01677	0.01286	0.01819	0.01220	0.01062	0.16040	0.02200	0.59115	0.02496	0.02197	0.01592	0.00842	0.00687	0.00210	0.00615	0.00674	0.00816	0.01164
51	0.01526	0.01917	0.14453	0.19126	0.24019	0.01629	0.23179	0.02061	0.01515	0.02101	0.01292	0.01729	0.00995	0.00623	0.00715	0.00220	0.00974	0.00654	0.00325	0.00949
52	0.01424	0.01783	0.17149	0.09916	0.08128	0.01572	0.05286	0.06275	0.01396	0.02005	0.01339	0.01896	0.01145	0.03884	0.15924	0.00429	0.18636	0.00632	0.00346	0.00834
53	0.00851	0.00607	0.00791	0.00925	0.00971	0.00569	0.00614	0.00969	0.01311	0.01747	0.06021	0.65303	0.06096	0.08416	0.01092	0.00307	0.00416	0.01827	0.00620	0.00547
54	0.38567	0.01695	0.01788	0.08359	0.04629	0.11697	0.08218	0.04770	0.01421	0.02507	0.01070	0.01361	0.00856	0.00718	0.00754	0.00220	0.09690	0.00494	0.00387	0.00799
55	0.01275	0.00638	0.00638	0.00638	0.00797	0.00638	0.00478	0.01594	0.01435	0.02551	0.02232	0.02551	0.01754	0.00797	0.00478	0.00159	0.00319	0.00638	0.79755	0.00638
56	0.00977	0.00733	0.01100	0.01100	0.01222	0.00855	0.00855	0.01222	0.01100	0.01588	0.01833	0.02688	0.01710	0.05131	0.73245	0.01100	0.01833	0.00733	0.00367	0.00611
57	0.01693	0.01626	0.02777	0.04199	0.71689	0.01626	0.02100	0.02100	0.01558	0.02235	0.01287	0.01693	0.01084	0.00610	0.00677	0.00203	0.00813	0.00610	0.00339	0.01084
58	0.00971	0.00716	0.00935	0.01051	0.01194	0.00681	0.00847	0.01209	0.01525	0.01970	0.07918	0.24230	0.17470	0.01896	0.00893	0.00284	0.00500	0.34468	0.00639	0.00602
59	0.02379	0.01806	0.01928	0.01529	0.02037	0.02018	0.01247	0.53178	0.19807	0.03954	0.01924	0.01867	0.01392	0.00848	0.00687	0.00212	0.00701	0.00655	0.00687	0.01144
60	0.00834	0.00595	0.00794	0.00953	0.00992	0.00556	0.00635	0.00953	0.01310	0.01746	0.03771	0.75510	0.04525	0.02143	0.00873	0.00278	0.00397	0.01945	0.00635	0.00556
61	0.01757	0.64908	0.14415	0.01293	0.01946	0.02531	0.01384	0.02067	0.01399	0.01697	0.00995	0.01152	0.00876	0.00595	0.00472	0.00157	0.00776	0.00388	0.00292	0.00899
62	0.01275	0.00638	0.00638	0.00638	0.00797	0.00638	0.00478	0.01594	0.01435	0.02551	0.02232	0.02551	0.01754	0.00797	0.00478	0.00159	0.00319	0.00638	0.79755	0.00638
63	0.01615	0.01538	0.02579	0.17851	0.55358	0.01608	0.02014	0.02100	0.04643	0.02168	0.01341	0.01758	0.01095	0.00639	0.00679	0.00209	0.00820	0.00617	0.00348	0.01020
64	0.01829	0.76368	0.03585	0.01171	0.01756	0.02707	0.01171	0.02049	0.01390	0.01610	0.00951	0.01097	0.00878	0.00585	0.00439	0.00146	0.00732	0.00366	0.00293	0.00878
65	0.01768	0.01624	0.02336	0.19977	0.35503	0.06709	0.01792	0.07705	0.01665	0.05036	0.01319	0.01690	0.01048	0.00682	0.00736	0.00207	0.04105	0.00590	0.00383	0.05125
66	0.00948	0.00754	0.00881	0.01022	0.01088	0.04448	0.00711	0.01087	0.01366	0.01768	0.03614	0.65803	0.04281	0.02045	0.00866	0.00276	0.00461	0.07388	0.00620	0.00575
67	0.00847	0.00721	0.00784	0.04631	0.01134	0.00633	0.00604	0.01048	0.01580	0.01916	0.11883	0.06210	0.62351	0.01649	0.00802	0.00230	0.00375	0.01382	0.00627	0.00593
68	0.01601	0.05046	0.01842	0.01714	0.16199	0.01207	0.01124	0.04935	0.01544	0.04470	0.01283	0.01498	0.01049	0.00557	0.00552	0.00133	0.00595	0.00464	0.00412	0.53774
69	0.00987	0.00663	0.00762	0.00769	0.00776	0.00666	0.00442	0.01002	0.01014	0.01356	0.02219	0.07729	0.02553	0.69812	0.06014	0.00662	0.00695	0.01029	0.00423	0.00429
70	0.00977	0.00733	0.01100	0.01100	0.01222	0.00855	0.00855	0.01222	0.01100	0.01588	0.01833	0.02688	0.01710	0.05131	0.73245	0.01100	0.01833	0.00733	0.00367	0.00611
71	0.01471	0.02557	0.39588	0.06672	0.16958	0.01547	0.04816	0.04569	0.04799	0.02313	0.06914	0.01885	0.01434	0.00720	0.00680	0.00215	0.00884	0.00620	0.00373	0.00987
72	0.08252	0.01888	0.01915	0.01623	0.05431	0.07628	0.01255	0.48524	0.07613	0.03712	0.01804	0.01821	0.03770	0.00829	0.00665	0.00206	0.00747	0.00625	0.00620	0.01071
73	0.00827	0.00622	0.00766	0.00882	0.00974	0.00562	0.00604	0.00961	0.01378	0.01774	0.04632	0.56718	0.22761	0.02031	0.00856	0.00265	0.00383	0.01808	0.00635	0.00562
74	0.80789	0.01323	0.01006	0.00900	0.01323	0.01535	0.00741	0.02011	0.01164	0.03070	0.00953	0.01111	0.00741	0.00635	0.00423	0.00212	0.00529	0.00370	0.00423	0.00741
75	0.00984	0.00708	0.00972	0.00972	0.01050	0.00786	0.00696	0.01140	0.01062	0.01494	0.01949	0.03333	0.01990	0.30666	0.48093	0.00942	0.01411	0.00827	0.00384	0.00540
76	0.01693	0.01475	0.02192	0.02956	0.43042	0.03771	0.01611	0.07800	0.03610	0.05331	0.17039	0.02484	0.02334	0.00825	0.00706	0.00206	0.00696	0.00752	0.00491	0.00986
77	0.01184	0.05468	0.01562	0.18366	0.12032	0.01083	0.01192	0.01444	0.01407	0.03434	0.02828	0.34167	0.07177	0.01426	0.00771	0.00245	0.00607	0.04391	0.00500	0.00716
78	0.01302	0.03144	0.62455	0.01783	0.02683	0.01452	0.02255	0.02017	0.01479	0.02165	0.05119	0.02088	0.07545	0.00784	0.00672	0.00218	0.00918	0.00626	0.00343	0.00954
79	0.01438	0.01395	0.05401	0.01298	0.04335	0.01060	0.04173	0.01779	0.01419	0.02201	0.01214	0.01453	0.01005	0.00549	0.00604	0.00125	0.03555	0.00445	0.00390	0.66160
80	0.56679	0.01745	0.03990	0.01146	0.01600	0.11074	0.00963	0.11393	0.01560	0.03022	0.01072	0.01213	0.00822	0.00671	0.00493	0.00206	0.00671	0.00419	0.00445	0.00816
81	0.06214	0.03119	0.01899	0.01715	0.02078	0.67155	0.01294	0.05235	0.01951	0.01840	0.01075	0.01244	0.00885	0.00706	0.00610	0.00179	0.01183	0.00444	0.00368	0.00805
82	0.06706	0.01500	0.01762	0.01357	0.01889	0.01519	0.01121	0.32118	0.02468	0.39122	0.02151	0.01969	0.01415	0.00825	0.00673	0.00209	0.00654	0.00641	0.00755	0.01143
83	0.02556	0.03261	0.01939	0.01763	0.02115	0.73210	0.01322	0.02732	0.01939	0.01674	0.01058	0.01234	0.00881	0.00705	0.00617	0.00176	0.01234	0.00441	0.00353	0.00793
84	0.02201	0.01533	0.01753	0.01415	0.01828	0.01694	0.01146	0.41137	0.05893	0.10674	0.01836	0.02078	0.01415	0.05564	0.12902	0.00384	0.04250	0.00670	0.00618	0.01009
85	0.01044	0.00746	0.01036	0.01193	0.01325	0.00737	0.01001	0.01317	0.01518	0.01982	0.03654	0.22384	0.04064	0.01945	0.00929	0.00307	0.00580	0.52992	0.00631	0.00614
86	0.01929	0.02174	0.02069	0.01742	0.02135	0.30549	0.13014	0.02659	0.20551	0.02135	0.04189	0.02270	0.07249	0.00867	0.00749	0.00211	0.03450	0.00708	0.00479	0.00871
87	0.01020	0.00765	0.00981	0.00978	0.01189	0.00695	0.02799	0.01270	0.01629	0.04473	0.16552	0.10497	0.33157	0.01678	0.00846	0.00254	0.00456	0.19475	0.00653	0.00633
88	0.01292	0.01216	0.02052	0.74312	0.04712	0.01520	0.01900	0.01748	0.01368	0.01748	0.01216	0.01824	0.00912	0.00684	0.00684	0.00228	0.00912	0.00608	0.00304	0.00760

[dist]
# distance from previous block
# <min> <max>
0	50

# created by:
# /home/cegg/simao/soft/augustus-3.2.1/scripts/msa2prfl.pl ./align_prep/EOG090W0FKO.fa
