[name]
unknown

[dist]
# distance from previous block
# <min> <max>
0	82

[block]
# block no. 0 follows, 41 sequences, length 24
# corresponding to MSA columns:
# 82-105
name=unknown_A
#
# <colnr> <probs for GDERKNQSTAVLIFYWHMCP>
#	G	D	E	R	K	N	Q	S	T	A	V	L	I	F	Y	W	H	M	C	P
0	0.04193	0.03827	0.01789	0.01376	0.01772	0.01409	0.13304	0.37546	0.01999	0.02719	0.05764	0.02516	0.01629	0.00835	0.00620	0.00190	0.00634	0.14518	0.00496	0.02862
1	0.10560	0.04046	0.05663	0.22007	0.18703	0.07992	0.03182	0.16030	0.01523	0.03454	0.01083	0.01336	0.00829	0.00574	0.00537	0.00174	0.00706	0.00471	0.00345	0.00785
2	0.14507	0.01348	0.01629	0.01768	0.21464	0.04263	0.02652	0.22962	0.09213	0.02553	0.09152	0.01687	0.01430	0.00673	0.00574	0.00176	0.02130	0.00547	0.00445	0.00824
3	0.02762	0.01290	0.03448	0.02038	0.23271	0.06394	0.16705	0.05009	0.06249	0.03162	0.01736	0.21924	0.01699	0.00876	0.00626	0.00192	0.00652	0.00833	0.00391	0.00743
4	0.01720	0.03998	0.01866	0.21764	0.07947	0.09713	0.06409	0.29810	0.01851	0.05072	0.03505	0.01487	0.01025	0.00628	0.00570	0.00174	0.00718	0.00520	0.00414	0.00811
5	0.01511	0.01281	0.01910	0.22431	0.33411	0.01388	0.01466	0.18156	0.03979	0.04414	0.01270	0.03961	0.01018	0.00621	0.00575	0.00179	0.00666	0.00552	0.00371	0.00838
6	0.21937	0.00995	0.01256	0.21249	0.01976	0.01062	0.00972	0.03285	0.02838	0.24814	0.05568	0.01963	0.01363	0.00701	0.00534	0.00184	0.00539	0.05010	0.00470	0.03287
7	0.00796	0.00540	0.00634	0.00669	0.00678	0.00531	0.00395	0.00823	0.00901	0.01201	0.02156	0.23599	0.02526	0.59433	0.02340	0.00470	0.00496	0.01040	0.00395	0.00378
8	0.01722	0.01162	0.01302	0.01126	0.01480	0.01270	0.00888	0.02973	0.55997	0.21869	0.02309	0.02085	0.01660	0.00758	0.00580	0.00190	0.00462	0.00628	0.00615	0.00923
9	0.01403	0.01346	0.02299	0.06331	0.73609	0.01356	0.01749	0.01744	0.01296	0.01853	0.01074	0.01420	0.00901	0.00512	0.00566	0.00171	0.00683	0.00510	0.00282	0.00896
10	0.01147	0.02959	0.76934	0.01630	0.02476	0.01328	0.02113	0.01811	0.01208	0.01811	0.01026	0.01208	0.00725	0.00543	0.00543	0.00181	0.00845	0.00423	0.00242	0.00845
11	0.01130	0.02450	0.57226	0.21777	0.02859	0.01313	0.01976	0.01720	0.01191	0.01720	0.01024	0.01291	0.00735	0.00551	0.00551	0.00184	0.00824	0.00445	0.00245	0.00790
12	0.01519	0.02439	0.57125	0.01470	0.02210	0.01201	0.01780	0.02067	0.01320	0.21440	0.01349	0.01401	0.00906	0.00587	0.00552	0.00180	0.00751	0.00463	0.00364	0.00879
13	0.00697	0.00498	0.00664	0.00796	0.00830	0.00465	0.00531	0.00796	0.01095	0.01460	0.03153	0.79525	0.03783	0.01792	0.00730	0.00232	0.00332	0.01626	0.00531	0.00465
14	0.00697	0.00498	0.00664	0.00796	0.00830	0.00465	0.00531	0.00796	0.01095	0.01460	0.03153	0.79525	0.03783	0.01792	0.00730	0.00232	0.00332	0.01626	0.00531	0.00465
15	0.00815	0.01143	0.20647	0.01015	0.01261	0.00691	0.00946	0.01062	0.01125	0.01552	0.02596	0.59005	0.02982	0.01465	0.00681	0.00219	0.00466	0.01311	0.00455	0.00564
16	0.01367	0.01495	0.03099	0.02699	0.22205	0.01424	0.55258	0.01812	0.01338	0.01842	0.01136	0.01510	0.00878	0.00489	0.00647	0.00187	0.00890	0.00632	0.00288	0.00807
17	0.01341	0.59371	0.02412	0.00911	0.01307	0.01812	0.00864	0.01547	0.01282	0.01594	0.20507	0.01797	0.01956	0.00668	0.00448	0.00137	0.00522	0.00497	0.00346	0.00683
18	0.00914	0.01184	0.20618	0.00888	0.01109	0.00757	0.00809	0.01088	0.00930	0.01293	0.01599	0.03079	0.01724	0.59106	0.02291	0.00457	0.00631	0.00725	0.00319	0.00477
19	0.02162	0.01967	0.01686	0.01367	0.01772	0.26387	0.01093	0.51007	0.02343	0.02889	0.01215	0.01262	0.00896	0.00655	0.00554	0.00164	0.00760	0.00467	0.00482	0.00872
20	0.01125	0.01078	0.01725	0.58343	0.03301	0.01397	0.01500	0.01439	0.01074	0.01439	0.00947	0.01453	0.00759	0.00684	0.00914	0.00206	0.21223	0.00506	0.00253	0.00633
21	0.01835	0.04878	0.01384	0.01210	0.01469	0.54759	0.00916	0.02015	0.01494	0.01590	0.01138	0.01316	0.00928	0.00606	0.00480	0.00143	0.00816	0.00409	0.21982	0.00632
22	0.00780	0.00562	0.00738	0.00740	0.00848	0.00520	0.00537	0.01005	0.01482	0.02075	0.56934	0.23989	0.04974	0.01332	0.00689	0.00194	0.00286	0.01189	0.00604	0.00520
23	0.02149	0.01589	0.01702	0.01311	0.01764	0.01762	0.01081	0.71986	0.05168	0.03563	0.01406	0.01399	0.00999	0.00690	0.00573	0.00172	0.00623	0.00519	0.00573	0.00970

[dist]
# distance from previous block
# <min> <max>
0	6

[block]
# block no. 1 follows, 41 sequences, length 78
# corresponding to MSA columns:
# 112-189
name=unknown_B
#
# <colnr> <probs for GDERKNQSTAVLIFYWHMCP>
#	G	D	E	R	K	N	Q	S	T	A	V	L	I	F	Y	W	H	M	C	P
0	0.01268	0.01094	0.01146	0.01043	0.01339	0.01228	0.00808	0.02580	0.59987	0.02217	0.03045	0.02831	0.17130	0.00915	0.00601	0.00194	0.00419	0.00763	0.00571	0.00818
1	0.06965	0.01271	0.02095	0.18844	0.56230	0.01336	0.01644	0.01690	0.01247	0.01832	0.01045	0.01405	0.00857	0.00524	0.00553	0.00175	0.00681	0.00496	0.00282	0.00831
2	0.01962	0.01883	0.17280	0.01381	0.01919	0.01682	0.01299	0.59399	0.02383	0.03234	0.01302	0.01339	0.00921	0.00657	0.00566	0.00174	0.00674	0.00496	0.00504	0.00946
3	0.02009	0.01734	0.02035	0.01557	0.02016	0.12582	0.16221	0.47022	0.02229	0.04972	0.01283	0.01375	0.00930	0.00631	0.00585	0.00173	0.00753	0.00529	0.00478	0.00887
4	0.01984	0.00849	0.01145	0.00970	0.01294	0.00758	0.00775	0.02224	0.03568	0.51801	0.04638	0.18378	0.02158	0.01007	0.00625	0.00195	0.00450	0.05704	0.00653	0.00823
5	0.00696	0.00500	0.00661	0.00790	0.00828	0.00465	0.00528	0.00797	0.01101	0.01463	0.03227	0.77449	0.05811	0.01782	0.00729	0.00231	0.00331	0.01614	0.00531	0.00465
6	0.00828	0.00569	0.00695	0.00695	0.00720	0.00593	0.00436	0.00878	0.00853	0.01162	0.01737	0.03382	0.01923	0.61628	0.20967	0.00643	0.00791	0.00779	0.00337	0.00386
7	0.00893	0.00696	0.00974	0.00904	0.01091	0.00725	0.00707	0.01108	0.00974	0.01439	0.01425	0.02028	0.01309	0.03490	0.61657	0.00747	0.01303	0.00556	0.00313	0.17660
8	0.64785	0.01144	0.00957	0.00852	0.01202	0.01325	0.00691	0.03813	0.16395	0.02557	0.01128	0.01190	0.00862	0.00586	0.00407	0.00180	0.00449	0.00385	0.00407	0.00688
9	0.01879	0.02152	0.01440	0.01292	0.01569	0.54261	0.00978	0.06586	0.01688	0.04304	0.16510	0.01755	0.01739	0.00720	0.00554	0.00157	0.00830	0.00522	0.00396	0.00668
10	0.19376	0.01044	0.01253	0.00983	0.01408	0.00996	0.00812	0.07436	0.01571	0.56403	0.01894	0.01697	0.01221	0.00670	0.00529	0.00177	0.00487	0.00516	0.00625	0.00900
11	0.00836	0.00550	0.00659	0.00695	0.00731	0.00529	0.00432	0.00885	0.00973	0.03810	0.02477	0.30173	0.06160	0.46283	0.01966	0.00412	0.00462	0.01118	0.00432	0.00415
12	0.00682	0.00581	0.00588	0.00592	0.00783	0.00487	0.00447	0.00830	0.01304	0.01549	0.05723	0.05529	0.74229	0.01452	0.00679	0.00195	0.00296	0.03037	0.00531	0.00484
13	0.00969	0.00761	0.00898	0.00832	0.01023	0.00779	0.00633	0.01601	0.21859	0.02271	0.51040	0.03767	0.09146	0.01080	0.00649	0.00185	0.00321	0.00939	0.00610	0.00636
14	0.02262	0.01462	0.01630	0.01250	0.01704	0.01566	0.01032	0.58451	0.02455	0.19908	0.01570	0.01501	0.01072	0.00691	0.00573	0.00173	0.00598	0.00528	0.00602	0.00973
15	0.02409	0.01104	0.01395	0.01078	0.01513	0.01047	0.00887	0.17581	0.04315	0.57501	0.03675	0.01885	0.01422	0.00716	0.00577	0.00177	0.00510	0.00575	0.00674	0.00962
16	0.01023	0.00782	0.00872	0.00794	0.01008	0.00762	0.00608	0.16113	0.01646	0.02153	0.22580	0.13333	0.33621	0.01261	0.00661	0.00190	0.00360	0.01071	0.00565	0.00597
17	0.01186	0.01017	0.01186	0.00847	0.01356	0.00762	0.00678	0.01440	0.01186	0.01864	0.01017	0.01186	0.00847	0.00424	0.00424	0.00085	0.00424	0.00339	0.00339	0.83395
18	0.00680	0.00563	0.00597	0.00624	0.00784	0.00479	0.00455	0.00816	0.01261	0.01528	0.05248	0.20820	0.61136	0.01520	0.00687	0.00201	0.00298	0.01294	0.00531	0.00479
19	0.00994	0.00497	0.00745	0.00745	0.00745	0.00497	0.00497	0.00745	0.00745	0.00994	0.00994	0.01739	0.00994	0.01987	0.02235	0.83358	0.00497	0.00497	0.00248	0.00248
20	0.00697	0.00498	0.00664	0.00796	0.00830	0.00465	0.00531	0.00796	0.01095	0.01460	0.03153	0.79525	0.03783	0.01792	0.00730	0.00232	0.00332	0.01626	0.00531	0.00465
21	0.00918	0.00703	0.00877	0.00826	0.00833	0.00813	0.00559	0.00957	0.00847	0.01179	0.01566	0.03126	0.01760	0.58426	0.07785	0.00516	0.16821	0.00748	0.00324	0.00416
22	0.01047	0.00653	0.00953	0.00902	0.00902	0.00756	0.00653	0.00876	0.00772	0.01073	0.00943	0.01638	0.00943	0.01783	0.02161	0.66163	0.16709	0.00498	0.00249	0.00326
23	0.01307	0.01138	0.01716	0.62549	0.03491	0.01375	0.01485	0.16558	0.01464	0.01905	0.01090	0.01494	0.00806	0.00596	0.00572	0.00187	0.00735	0.00510	0.00320	0.00705
24	0.00738	0.00575	0.00630	0.00620	0.00760	0.00510	0.00440	0.00881	0.01277	0.01623	0.20733	0.04864	0.44913	0.17618	0.01138	0.00265	0.00340	0.01091	0.00515	0.00467
25	0.01230	0.01605	0.17308	0.01528	0.01703	0.01664	0.01430	0.01467	0.00945	0.01467	0.00808	0.01242	0.00745	0.00906	0.01601	0.00236	0.62711	0.00484	0.00248	0.00671
26	0.01278	0.01537	0.17091	0.01382	0.01757	0.10631	0.11669	0.03199	0.01351	0.06464	0.02009	0.15621	0.02000	0.01043	0.00660	0.00209	0.00687	0.20322	0.00417	0.00673
27	0.00745	0.00573	0.00694	0.00771	0.00896	0.00521	0.00590	0.00905	0.01239	0.01560	0.04228	0.29954	0.33946	0.01594	0.00723	0.00224	0.00364	0.19455	0.00530	0.00488
28	0.01580	0.47257	0.18723	0.01189	0.01749	0.01960	0.01247	0.16778	0.01488	0.01914	0.00965	0.01075	0.00781	0.00542	0.00448	0.00145	0.00666	0.00374	0.00312	0.00807
29	0.00767	0.00523	0.00676	0.00735	0.00804	0.00483	0.00506	0.00823	0.01123	0.01476	0.11629	0.40523	0.17282	0.01695	0.01025	0.17418	0.00351	0.01244	0.00484	0.00432
30	0.01043	0.00819	0.01190	0.01429	0.16586	0.00859	0.00887	0.07368	0.01188	0.01640	0.01887	0.16849	0.04365	0.06712	0.27519	0.05699	0.00870	0.02117	0.00377	0.00597
31	0.18852	0.01290	0.01356	0.01058	0.01496	0.01342	0.00865	0.32305	0.06458	0.08986	0.01306	0.01334	0.00956	0.00602	0.00494	0.00155	0.00521	0.00446	0.00486	0.19693
32	0.02259	0.01609	0.01615	0.01269	0.01701	0.11755	0.01033	0.48323	0.02305	0.20050	0.01510	0.01459	0.01042	0.00678	0.00565	0.00170	0.00651	0.00509	0.00566	0.00931
33	0.01118	0.00873	0.01378	0.01179	0.01404	0.00843	0.15849	0.08375	0.02456	0.06546	0.05590	0.38962	0.05305	0.06300	0.00827	0.00231	0.00514	0.01148	0.00489	0.00613
34	0.00826	0.00597	0.00671	0.00655	0.00834	0.00516	0.00487	0.00993	0.01355	0.06434	0.18583	0.11914	0.49579	0.03081	0.00723	0.00201	0.00308	0.01165	0.00557	0.00520
35	0.01142	0.00816	0.00982	0.00909	0.01060	0.00871	0.00665	0.17408	0.03906	0.01834	0.01865	0.18362	0.01924	0.19456	0.17211	0.07528	0.00716	0.00836	0.00427	0.02081
36	0.00804	0.00543	0.00632	0.00660	0.00666	0.00536	0.00385	0.00824	0.00886	0.01182	0.02082	0.19423	0.02432	0.63737	0.02460	0.00488	0.00508	0.00996	0.00385	0.00371
37	0.02936	0.00667	0.00792	0.00716	0.00937	0.00590	0.00553	0.01317	0.01470	0.16108	0.30061	0.04212	0.33292	0.01170	0.00643	0.00184	0.00323	0.00991	0.02438	0.00600
38	0.02760	0.00673	0.00860	0.00801	0.01002	0.00604	0.00603	0.01428	0.01417	0.21821	0.23875	0.25119	0.14257	0.01252	0.00658	0.00196	0.00351	0.01092	0.00603	0.00627
39	0.00775	0.00561	0.00733	0.00750	0.00856	0.00519	0.00547	0.00988	0.01438	0.01991	0.48547	0.27014	0.07669	0.01383	0.00696	0.00199	0.00299	0.03929	0.00592	0.00514
40	0.01423	0.01229	0.01293	0.01164	0.01487	0.01423	0.00905	0.03039	0.75297	0.02393	0.02328	0.02134	0.01746	0.00776	0.00582	0.00194	0.00453	0.00647	0.00582	0.00905
41	0.12780	0.00761	0.00862	0.00797	0.01034	0.00727	0.00608	0.02956	0.02948	0.20020	0.04832	0.23002	0.20858	0.02617	0.00652	0.00202	0.00384	0.00986	0.02339	0.00635
42	0.04151	0.00710	0.00894	0.00839	0.01047	0.00656	0.00630	0.01543	0.04575	0.23322	0.14286	0.31311	0.11214	0.01259	0.00652	0.00200	0.00371	0.01098	0.00593	0.00649
43	0.19016	0.01406	0.01438	0.01134	0.01546	0.01560	0.00933	0.52402	0.02200	0.04746	0.01309	0.01350	0.00946	0.00653	0.00514	0.00170	0.00560	0.00475	0.06774	0.00866
44	0.01338	0.01072	0.01128	0.01031	0.01311	0.01222	0.00801	0.02645	0.58315	0.02324	0.02248	0.02230	0.01723	0.00771	0.00549	0.00183	0.00416	0.02226	0.17649	0.00820
45	0.00804	0.00594	0.00824	0.00824	0.00933	0.00643	0.00626	0.00950	0.00981	0.01337	0.02377	0.02930	0.16865	0.06132	0.52674	0.07797	0.01153	0.00734	0.00349	0.00477
46	0.02700	0.00587	0.00763	0.00807	0.00912	0.00550	0.00571	0.01103	0.02490	0.08920	0.18080	0.53506	0.03787	0.01515	0.00693	0.00214	0.00338	0.01358	0.00565	0.00540
47	0.00759	0.00546	0.00728	0.00825	0.00900	0.00515	0.00604	0.00921	0.01236	0.01657	0.15938	0.49845	0.06483	0.01631	0.00730	0.00228	0.00357	0.15060	0.00547	0.00490
48	0.02472	0.01125	0.01421	0.01090	0.01536	0.01066	0.00900	0.20064	0.01891	0.59092	0.02044	0.01809	0.01309	0.00703	0.00574	0.00176	0.00521	0.00561	0.00675	0.00973
49	0.01011	0.00802	0.00923	0.00958	0.01099	0.02651	0.00728	0.01552	0.21151	0.01728	0.02638	0.24833	0.02766	0.13162	0.01029	0.00277	0.00470	0.21123	0.00510	0.00588
50	0.02180	0.00875	0.01190	0.00972	0.01330	0.00763	0.00777	0.02376	0.01525	0.61153	0.02442	0.17998	0.01906	0.00932	0.00607	0.00188	0.00455	0.00793	0.00671	0.00868
51	0.00817	0.00613	0.00919	0.00919	0.01021	0.00715	0.00715	0.01021	0.00919	0.01328	0.01532	0.02247	0.01430	0.04290	0.77631	0.00919	0.01532	0.00613	0.00306	0.00511
52	0.01321	0.01263	0.02151	0.24652	0.55928	0.01334	0.01708	0.01673	0.01258	0.01754	0.01059	0.01446	0.00866	0.00527	0.00568	0.00176	0.00703	0.00509	0.00275	0.00830
53	0.02011	0.18765	0.01906	0.01371	0.01706	0.62014	0.01079	0.02166	0.01526	0.01389	0.00866	0.01008	0.00736	0.00569	0.00485	0.00142	0.00945	0.00355	0.00284	0.00678
54	0.01203	0.01019	0.01126	0.01040	0.01301	0.01158	0.00807	0.02342	0.50564	0.02065	0.02601	0.02583	0.11069	0.01588	0.16536	0.00344	0.00655	0.00710	0.00519	0.00770
55	0.01360	0.01690	0.17760	0.03122	0.61049	0.01353	0.01829	0.01767	0.01283	0.01857	0.01066	0.01373	0.00868	0.00517	0.00562	0.00172	0.00714	0.00492	0.00275	0.00893
56	0.01101	0.01007	0.00847	0.00817	0.00884	0.16505	0.00525	0.01143	0.01000	0.01182	0.01596	0.03095	0.01764	0.59067	0.06786	0.00492	0.00710	0.00723	0.00334	0.00422
57	0.01071	0.00967	0.01457	0.01208	0.01479	0.02355	0.16254	0.03105	0.14378	0.01941	0.20966	0.02917	0.10727	0.01611	0.16576	0.00339	0.00734	0.00799	0.00464	0.00652
58	0.00703	0.00505	0.00669	0.00798	0.00838	0.00471	0.00540	0.00808	0.01107	0.01470	0.03216	0.75520	0.05609	0.01777	0.00730	0.00232	0.00336	0.03672	0.00531	0.00467
59	0.01346	0.01288	0.02196	0.19031	0.61352	0.01341	0.01721	0.01695	0.01270	0.01784	0.01064	0.01438	0.00876	0.00523	0.00567	0.00174	0.00697	0.00509	0.00277	0.00850
60	0.01238	0.01203	0.01635	0.01366	0.01471	0.01547	0.01133	0.01390	0.00940	0.01477	0.00806	0.01238	0.00771	0.00882	0.01576	0.00216	0.62624	0.00467	0.00269	0.17751
61	0.01340	0.01259	0.02035	0.09366	0.54635	0.01228	0.01518	0.01665	0.01265	0.01833	0.01059	0.01378	0.00882	0.00497	0.00537	0.00154	0.00634	0.00474	0.00292	0.17950
62	0.00715	0.00564	0.00645	0.00661	0.00806	0.00494	0.00482	0.00883	0.01343	0.01723	0.23567	0.20499	0.42694	0.01447	0.00687	0.00198	0.00293	0.01249	0.00557	0.00494
63	0.02566	0.00973	0.01327	0.01018	0.01460	0.00841	0.00841	0.02788	0.01637	0.76726	0.02257	0.01947	0.01416	0.00708	0.00575	0.00177	0.00487	0.00575	0.00708	0.00973
64	0.02383	0.00797	0.00998	0.16853	0.01547	0.04313	0.00784	0.02469	0.01479	0.02006	0.45037	0.06178	0.10870	0.01048	0.00641	0.00184	0.00421	0.00910	0.00518	0.00566
65	0.01196	0.01108	0.01850	0.18828	0.45385	0.01155	0.01467	0.01495	0.01226	0.01698	0.01493	0.17600	0.01471	0.00788	0.00601	0.00187	0.00625	0.00740	0.00328	0.00757
66	0.01080	0.01017	0.01716	0.78523	0.03940	0.01271	0.01589	0.01461	0.01144	0.01461	0.01017	0.01525	0.00762	0.00572	0.00572	0.00191	0.00762	0.00508	0.00254	0.00635
67	0.01185	0.02883	0.73688	0.01631	0.02461	0.01319	0.03479	0.01835	0.01221	0.03618	0.01059	0.01232	0.00744	0.00546	0.00547	0.00181	0.00839	0.00431	0.00254	0.00847
68	0.01364	0.40264	0.21913	0.01122	0.01699	0.01645	0.01205	0.01689	0.01184	0.03124	0.00947	0.01099	0.00784	0.00576	0.02089	0.00148	0.00651	0.00355	0.00274	0.17866
69	0.02566	0.00973	0.01327	0.01018	0.01460	0.00841	0.00841	0.02788	0.01637	0.76726	0.02257	0.01947	0.01416	0.00708	0.00575	0.00177	0.00487	0.00575	0.00708	0.00973
70	0.00805	0.00584	0.00758	0.00715	0.00852	0.00538	0.00536	0.01070	0.01608	0.02268	0.73588	0.04315	0.07853	0.01179	0.00675	0.00180	0.00271	0.01040	0.00626	0.00538
71	0.01767	0.01151	0.01307	0.01123	0.01480	0.01244	0.00892	0.04993	0.49874	0.24140	0.02296	0.02161	0.01664	0.00773	0.00585	0.00190	0.00470	0.02354	0.00617	0.00918
72	0.01024	0.00954	0.01530	0.56229	0.09236	0.01115	0.01363	0.01353	0.01190	0.01512	0.02010	0.02339	0.16362	0.00748	0.00593	0.00189	0.00658	0.00653	0.00314	0.00626
73	0.01168	0.07078	0.72993	0.01596	0.02422	0.01378	0.02053	0.01806	0.01205	0.01787	0.01014	0.01192	0.00725	0.00541	0.00534	0.00178	0.00833	0.00416	0.00242	0.00839
74	0.00820	0.00596	0.00795	0.00890	0.01000	0.00571	0.00713	0.01027	0.01296	0.01707	0.13556	0.26409	0.10693	0.01569	0.00746	0.00236	0.00414	0.35912	0.00543	0.00507
75	0.01914	0.01656	0.01543	0.01284	0.01666	0.15042	0.01021	0.35121	0.27808	0.04463	0.01640	0.01591	0.01211	0.00701	0.00566	0.00175	0.00636	0.00536	0.00530	0.00894
76	0.01276	0.01095	0.01821	0.51382	0.17436	0.01245	0.04004	0.03176	0.01257	0.07298	0.01296	0.01668	0.03396	0.00599	0.00578	0.00185	0.00714	0.00543	0.00311	0.00720
77	0.01256	0.01140	0.01986	0.03561	0.39618	0.01112	0.12630	0.01580	0.01368	0.04444	0.16804	0.08367	0.02077	0.00753	0.00619	0.00181	0.00606	0.00736	0.00390	0.00772

[dist]
# distance from previous block
# <min> <max>
2	5

[block]
# block no. 2 follows, 41 sequences, length 60
# corresponding to MSA columns:
# 195-254
name=unknown_C
#
# <colnr> <probs for GDERKNQSTAVLIFYWHMCP>
#	G	D	E	R	K	N	Q	S	T	A	V	L	I	F	Y	W	H	M	C	P
0	0.01416	0.01359	0.02322	0.03511	0.76330	0.01359	0.01755	0.01755	0.01302	0.01869	0.01076	0.01416	0.00906	0.00510	0.00566	0.00170	0.00680	0.00510	0.00283	0.00906
1	0.00866	0.00633	0.00872	0.00945	0.01076	0.00640	0.00791	0.01109	0.01276	0.01696	0.12168	0.05272	0.09421	0.02048	0.15829	0.00375	0.00671	0.43294	0.00497	0.00521
2	0.02071	0.01823	0.01640	0.01334	0.01736	0.19828	0.01069	0.48213	0.11581	0.02926	0.01377	0.01388	0.01014	0.00675	0.00560	0.00169	0.00703	0.00497	0.00507	0.00890
3	0.01256	0.01219	0.01964	0.44695	0.33899	0.03986	0.01641	0.01612	0.01226	0.01628	0.01037	0.01462	0.00821	0.00547	0.00568	0.00180	0.00738	0.00504	0.00268	0.00749
4	0.01416	0.01359	0.02322	0.03511	0.76330	0.01359	0.01755	0.01755	0.01302	0.01869	0.01076	0.01416	0.00906	0.00510	0.00566	0.00170	0.00680	0.00510	0.00283	0.00906
5	0.01425	0.02570	0.62113	0.01510	0.02277	0.01233	0.01864	0.02003	0.01292	0.16497	0.01268	0.01353	0.00860	0.00576	0.00550	0.00180	0.00775	0.00453	0.00333	0.00870
6	0.01339	0.01280	0.02182	0.20765	0.59679	0.01339	0.01717	0.01688	0.01266	0.01775	0.01062	0.01441	0.00873	0.00524	0.00568	0.00175	0.00699	0.00509	0.00276	0.00844
7	0.01377	0.59769	0.04520	0.00978	0.01381	0.04529	0.00927	0.01556	0.01166	0.01383	0.01267	0.16339	0.01332	0.00750	0.00448	0.00146	0.00578	0.00570	0.00302	0.00682
8	0.01222	0.18108	0.62441	0.01503	0.02278	0.01512	0.01891	0.01792	0.01199	0.01720	0.00981	0.01151	0.00726	0.00533	0.00509	0.00170	0.00800	0.00400	0.00242	0.00824
9	0.01080	0.01017	0.01716	0.78523	0.03940	0.01271	0.01589	0.01461	0.01144	0.01461	0.01017	0.01525	0.00762	0.00572	0.00572	0.00191	0.00762	0.00508	0.00254	0.00635
10	0.00685	0.00564	0.00602	0.00627	0.00787	0.00481	0.00457	0.00825	0.01274	0.01554	0.07663	0.19973	0.59520	0.01506	0.00687	0.00200	0.00297	0.01283	0.00534	0.00481
11	0.00810	0.00649	0.00881	0.00931	0.00962	0.00720	0.00673	0.00922	0.01074	0.01479	0.05789	0.60972	0.03258	0.01610	0.00953	0.00234	0.15721	0.01380	0.00480	0.00499
12	0.01078	0.00640	0.00853	0.00827	0.00891	0.00678	0.00577	0.01195	0.15359	0.01268	0.01255	0.01816	0.01141	0.01750	0.01911	0.67056	0.00488	0.00526	0.00314	0.00377
13	0.01275	0.01190	0.01997	0.02979	0.61530	0.01184	0.01515	0.01567	0.01262	0.01789	0.01483	0.16727	0.01470	0.00761	0.00598	0.00182	0.00611	0.00728	0.00332	0.00819
14	0.01416	0.01359	0.02322	0.03511	0.76330	0.01359	0.01755	0.01755	0.01302	0.01869	0.01076	0.01416	0.00906	0.00510	0.00566	0.00170	0.00680	0.00510	0.00283	0.00906
15	0.01893	0.02699	0.16349	0.01474	0.01873	0.60029	0.01280	0.02142	0.01529	0.01486	0.01079	0.01218	0.03295	0.00610	0.00527	0.00156	0.00970	0.00408	0.00292	0.00693
16	0.01177	0.08901	0.71249	0.01580	0.02398	0.01400	0.02026	0.01804	0.01204	0.01776	0.01009	0.01185	0.00725	0.00539	0.00530	0.00177	0.00827	0.00414	0.00242	0.00837
17	0.00810	0.00585	0.00765	0.00720	0.00855	0.00540	0.00540	0.01079	0.01619	0.02294	0.76028	0.04273	0.05397	0.01169	0.00675	0.00180	0.00270	0.01034	0.00630	0.00540
18	0.02548	0.01002	0.01345	0.01031	0.01475	0.00884	0.00852	0.06098	0.01686	0.73347	0.02216	0.01920	0.01395	0.00707	0.00575	0.00177	0.00493	0.00572	0.00702	0.00973
19	0.17654	0.58787	0.08260	0.00984	0.01475	0.01999	0.00996	0.01714	0.01129	0.01621	0.00813	0.00942	0.00711	0.00502	0.00378	0.00138	0.00596	0.00316	0.00266	0.00720
20	0.00937	0.00749	0.01141	0.01374	0.15712	0.00812	0.00853	0.01131	0.00979	0.01394	0.01491	0.02354	0.01444	0.17166	0.49067	0.00707	0.01189	0.00632	0.00309	0.00559
21	0.01147	0.02959	0.76934	0.01630	0.02476	0.01328	0.02113	0.01811	0.01208	0.01811	0.01026	0.01208	0.00725	0.00543	0.00543	0.00181	0.00845	0.00423	0.00242	0.00845
22	0.02566	0.00973	0.01327	0.01018	0.01460	0.00841	0.00841	0.02788	0.01637	0.76726	0.02257	0.01947	0.01416	0.00708	0.00575	0.00177	0.00487	0.00575	0.00708	0.00973
23	0.01647	0.01179	0.01300	0.01135	0.01482	0.01309	0.00893	0.02990	0.60857	0.16964	0.02314	0.02097	0.01681	0.00763	0.00581	0.00191	0.00459	0.00633	0.00607	0.00919
24	0.01279	0.01067	0.01138	0.01038	0.01289	0.01212	0.00779	0.02517	0.57330	0.02137	0.05595	0.02547	0.01978	0.16304	0.01043	0.00264	0.00464	0.00701	0.00538	0.00779
25	0.00823	0.00572	0.00721	0.00725	0.00759	0.00604	0.00472	0.00893	0.00868	0.01190	0.01751	0.05330	0.01914	0.53079	0.27242	0.00665	0.00868	0.00782	0.00339	0.00403
26	0.02174	0.01602	0.01717	0.01316	0.01774	0.01774	0.01087	0.74423	0.02689	0.03605	0.01373	0.01373	0.00973	0.00687	0.00572	0.00172	0.00629	0.00515	0.00572	0.00973
27	0.00702	0.00580	0.00616	0.00607	0.00789	0.00494	0.00455	0.00872	0.01366	0.01692	0.19562	0.05263	0.62239	0.01394	0.00676	0.00191	0.00286	0.01173	0.00550	0.00494
28	0.01095	0.00760	0.00838	0.00760	0.00849	0.00794	0.00492	0.15258	0.01196	0.01598	0.01718	0.03279	0.01863	0.64370	0.02453	0.00479	0.00569	0.00770	0.00391	0.00469
29	0.00789	0.00606	0.00853	0.00853	0.00973	0.00669	0.00660	0.00982	0.00995	0.01370	0.02368	0.02886	0.16067	0.03733	0.62546	0.00777	0.01289	0.00729	0.00350	0.00505
30	0.01850	0.02305	0.01417	0.01298	0.01573	0.62484	0.00974	0.01997	0.01559	0.01428	0.01847	0.01908	0.15510	0.00758	0.00547	0.00156	0.00886	0.00533	0.00341	0.00628
31	0.02137	0.02726	0.01621	0.01474	0.01768	0.77602	0.01105	0.02284	0.01621	0.01400	0.00884	0.01031	0.00737	0.00589	0.00516	0.00147	0.01031	0.00368	0.00295	0.00663
32	0.02307	0.01079	0.01355	0.01073	0.01493	0.01038	0.00875	0.09202	0.16170	0.55658	0.02192	0.01933	0.01441	0.00719	0.00576	0.00180	0.00493	0.00584	0.00671	0.00960
33	0.00724	0.00515	0.00653	0.00749	0.00787	0.00485	0.00490	0.00810	0.01066	0.01413	0.04475	0.58977	0.07592	0.17071	0.01153	0.00292	0.00372	0.01435	0.00497	0.00444
34	0.00831	0.00559	0.00647	0.00647	0.00655	0.00567	0.00376	0.00847	0.00839	0.01126	0.01781	0.03625	0.02028	0.73935	0.08805	0.00583	0.00632	0.00815	0.00343	0.00360
35	0.00702	0.00502	0.00668	0.00793	0.00831	0.00468	0.00531	0.00810	0.01119	0.01499	0.06520	0.76047	0.03858	0.01763	0.00728	0.00230	0.00329	0.01599	0.00536	0.00468
36	0.02227	0.01049	0.01317	0.01061	0.01468	0.01014	0.00860	0.02862	0.23515	0.54648	0.02278	0.02002	0.01514	0.00728	0.00577	0.00182	0.00477	0.00596	0.00671	0.00953
37	0.00820	0.00691	0.00854	0.00831	0.00929	0.00739	0.00624	0.00955	0.01175	0.01550	0.12115	0.22076	0.30758	0.06753	0.01076	0.00237	0.15716	0.01123	0.00475	0.00504
38	0.00825	0.00617	0.00770	0.00726	0.00877	0.00578	0.00546	0.01150	0.05376	0.02210	0.63927	0.04308	0.13570	0.01182	0.00670	0.00182	0.00282	0.01035	0.00616	0.00552
39	0.00822	0.00707	0.00719	0.00694	0.00913	0.00667	0.00527	0.01256	0.15808	0.01711	0.05115	0.04844	0.61523	0.01317	0.00658	0.00193	0.00322	0.01097	0.00541	0.00566
40	0.00776	0.00539	0.00645	0.00686	0.00718	0.00519	0.00427	0.00837	0.01004	0.01337	0.07717	0.29413	0.07265	0.43406	0.01887	0.00398	0.00444	0.01136	0.00440	0.00408
41	0.03425	0.01038	0.01215	0.00985	0.01340	0.01025	0.00793	0.21900	0.04296	0.30978	0.04373	0.06022	0.14102	0.02518	0.00640	0.00188	0.00473	0.00726	0.03144	0.00821
42	0.01908	0.01408	0.01560	0.01238	0.01626	0.01566	0.01014	0.60034	0.02342	0.03158	0.01404	0.01545	0.01062	0.01393	0.15678	0.00318	0.00806	0.00534	0.00520	0.00882
43	0.01095	0.00760	0.00838	0.00760	0.00849	0.00794	0.00492	0.15258	0.01196	0.01598	0.01718	0.03279	0.01863	0.64370	0.02453	0.00479	0.00569	0.00770	0.00391	0.00469
44	0.00795	0.00583	0.00832	0.00858	0.00934	0.00646	0.00632	0.00953	0.00943	0.01326	0.01884	0.17584	0.01973	0.13325	0.53144	0.00739	0.01174	0.00839	0.00355	0.00481
45	0.00784	0.00539	0.00636	0.00680	0.00789	0.00496	0.00484	0.00957	0.01258	0.01759	0.16414	0.33551	0.20705	0.01380	0.00643	0.00194	0.00298	0.01208	0.16729	0.00496
46	0.00702	0.00500	0.00662	0.00790	0.00822	0.00468	0.00524	0.00798	0.01086	0.01448	0.03105	0.76865	0.03723	0.04533	0.00807	0.00244	0.00340	0.01598	0.00524	0.00460
47	0.01301	0.01244	0.02116	0.27371	0.49823	0.01316	0.02995	0.01654	0.01249	0.01738	0.01057	0.01447	0.00858	0.00527	0.00566	0.00175	0.00704	0.00508	0.00276	0.03076
48	0.06926	0.01596	0.01608	0.01303	0.01706	0.11161	0.04353	0.37256	0.20535	0.05394	0.01536	0.01521	0.01126	0.00679	0.00559	0.00176	0.00635	0.00526	0.00518	0.00886
49	0.00967	0.00662	0.00770	0.00730	0.00824	0.00657	0.00492	0.07262	0.01222	0.03284	0.16688	0.07655	0.07460	0.44454	0.01900	0.00391	0.00475	0.03179	0.00456	0.00472
50	0.01638	0.01302	0.01450	0.01173	0.01583	0.01386	0.02560	0.24675	0.34730	0.04689	0.01749	0.01696	0.01303	0.00671	0.00550	0.00165	0.00514	0.00544	0.00528	0.17095
51	0.01174	0.01004	0.01174	0.00846	0.01343	0.00755	0.00674	0.01425	0.01184	0.01854	0.01068	0.03063	0.00918	0.00456	0.00431	0.00088	0.00421	0.00370	0.00343	0.81407
52	0.01934	0.01362	0.01312	0.01111	0.01447	0.16033	0.00865	0.09893	0.14319	0.28151	0.01976	0.07225	0.02949	0.05665	0.00717	0.00198	0.00591	0.00635	0.00543	0.03075
53	0.00876	0.00604	0.00782	0.00755	0.00881	0.00588	0.00561	0.01073	0.01308	0.04807	0.35374	0.03936	0.11729	0.14388	0.16119	0.00390	0.00586	0.04222	0.00508	0.00514
54	0.01968	0.02221	0.01533	0.01356	0.01653	0.52460	0.01034	0.16249	0.01733	0.01813	0.01078	0.01325	0.00903	0.04327	0.07642	0.00240	0.00978	0.00439	0.00352	0.00696
55	0.00865	0.00750	0.04185	0.00943	0.01114	0.00745	0.00771	0.01093	0.00956	0.01397	0.01464	0.02106	0.01347	0.03779	0.67323	0.00812	0.01402	0.00580	0.00307	0.08062
56	0.00857	0.00683	0.00765	0.00732	0.00902	0.00667	0.00541	0.01257	0.13083	0.01831	0.24521	0.04272	0.32268	0.10670	0.04207	0.00263	0.00394	0.00999	0.00536	0.00551
57	0.00784	0.00560	0.00694	0.00710	0.00785	0.00534	0.00485	0.00921	0.01199	0.01631	0.26775	0.19869	0.09881	0.25934	0.04940	0.00344	0.00437	0.02563	0.00496	0.00458
58	0.02012	0.01531	0.01669	0.04908	0.03648	0.03206	0.01095	0.61420	0.05837	0.03307	0.04567	0.01533	0.01181	0.00700	0.00576	0.00173	0.00622	0.00540	0.00548	0.00928
59	0.00868	0.00769	0.00747	0.00738	0.00908	0.07361	0.00556	0.01054	0.01405	0.01761	0.24729	0.09823	0.38700	0.01305	0.00665	0.00190	0.00365	0.04978	0.02560	0.00517

[dist]
# distance from previous block
# <min> <max>
0	32

# created by:
# /home/cegg/simao/soft/augustus-3.2.1/scripts/msa2prfl.pl ./align_prep/EOG090W0H25.fa
