[name]
unknown

[dist]
# distance from previous block
# <min> <max>
0	427

[block]
# block no. 0 follows, 28 sequences, length 7
# corresponding to MSA columns:
# 559-565
name=unknown_A
#
# <colnr> <probs for GDERKNQSTAVLIFYWHMCP>
#	G	D	E	R	K	N	Q	S	T	A	V	L	I	F	Y	W	H	M	C	P
0	0.09509	0.01302	0.01548	0.09580	0.06233	0.01387	0.01133	0.20169	0.02177	0.03063	0.17622	0.03711	0.15357	0.01174	0.00761	0.00232	0.00614	0.02914	0.00634	0.00881
1	0.16228	0.01421	0.02072	0.26354	0.23785	0.01532	0.01653	0.01998	0.01511	0.02392	0.04617	0.01875	0.01293	0.00708	0.00657	0.00215	0.00779	0.00607	0.00394	0.09909
2	0.01799	0.01850	0.02573	0.10286	0.32859	0.10262	0.04117	0.02139	0.01540	0.02086	0.01224	0.01696	0.01051	0.00825	0.01144	0.00239	0.19703	0.00623	0.00350	0.03635
3	0.02130	0.02425	0.02406	0.16147	0.27315	0.33049	0.01820	0.02462	0.01799	0.02010	0.01244	0.01606	0.01021	0.00708	0.00692	0.00208	0.01084	0.00567	0.00359	0.00948
4	0.02130	0.02425	0.02406	0.16147	0.27315	0.33049	0.01820	0.02462	0.01799	0.02010	0.01244	0.01606	0.01021	0.00708	0.00692	0.00208	0.01084	0.00567	0.00359	0.00948
5	0.01635	0.01691	0.03268	0.24600	0.22967	0.01739	0.28974	0.02158	0.01619	0.02199	0.01387	0.01908	0.01076	0.00657	0.00779	0.00236	0.01045	0.00734	0.00352	0.00977
6	0.01693	0.00934	0.01184	0.01106	0.01366	0.00870	0.00829	0.07327	0.01838	0.20622	0.10149	0.35263	0.10510	0.01668	0.00844	0.00258	0.00493	0.01462	0.00752	0.00830

[dist]
# distance from previous block
# <min> <max>
0	3

[block]
# block no. 1 follows, 28 sequences, length 17
# corresponding to MSA columns:
# 569-585
name=unknown_B
#
# <colnr> <probs for GDERKNQSTAVLIFYWHMCP>
#	G	D	E	R	K	N	Q	S	T	A	V	L	I	F	Y	W	H	M	C	P
0	0.02505	0.02708	0.02304	0.02453	0.18650	0.38331	0.01599	0.17923	0.02281	0.02582	0.01329	0.01531	0.01059	0.00754	0.00688	0.00201	0.01082	0.00555	0.00454	0.01010
1	0.01432	0.01426	0.02003	0.18175	0.10924	0.09405	0.10075	0.01750	0.01565	0.01976	0.02467	0.29102	0.04028	0.01314	0.00814	0.00253	0.00810	0.01209	0.00480	0.00791
2	0.01654	0.01800	0.10279	0.02845	0.34884	0.01451	0.01747	0.02155	0.04099	0.02389	0.01392	0.01697	0.01137	0.00626	0.00651	0.00180	0.00760	0.00563	0.00394	0.29296
3	0.01655	0.01655	0.02936	0.02613	0.17506	0.01483	0.27704	0.02117	0.01623	0.02354	0.01380	0.01753	0.01104	0.00592	0.00706	0.00186	0.00884	0.00649	0.00390	0.30711
4	0.01210	0.00931	0.01066	0.01073	0.01272	0.00931	0.00781	0.09671	0.08613	0.02348	0.04472	0.40477	0.20645	0.01857	0.00866	0.00268	0.00471	0.01625	0.00688	0.00735
5	0.01561	0.01567	0.02848	0.02725	0.20009	0.01521	0.27729	0.02191	0.08599	0.02437	0.10260	0.03020	0.10326	0.00913	0.00810	0.00236	0.00857	0.00936	0.00492	0.00963
6	0.02129	0.02056	0.01625	0.01481	0.01817	0.29280	0.01121	0.02749	0.16566	0.10648	0.10723	0.11902	0.02581	0.01115	0.00745	0.00224	0.00825	0.00896	0.00612	0.00906
7	0.01641	0.01778	0.01605	0.19617	0.02475	0.25328	0.01270	0.01880	0.01638	0.01830	0.02319	0.30512	0.02492	0.01354	0.00782	0.00244	0.00868	0.01152	0.00481	0.00733
8	0.01346	0.00922	0.01059	0.01001	0.01289	0.00865	0.00789	0.01829	0.10628	0.10859	0.13589	0.05811	0.36246	0.01585	0.00845	0.00252	0.00461	0.09117	0.00727	0.00779
9	0.01812	0.01715	0.02899	0.11324	0.29913	0.01710	0.17220	0.10184	0.01844	0.02574	0.01420	0.01810	0.01120	0.00663	0.00731	0.00213	0.00912	0.00670	0.00411	0.10856
10	0.01639	0.01593	0.09823	0.28327	0.04613	0.01517	0.01590	0.16592	0.01911	0.02642	0.01893	0.11481	0.01649	0.00974	0.00722	0.00233	0.00789	0.00827	0.10287	0.00898
11	0.48559	0.30773	0.02164	0.01071	0.01590	0.02128	0.00970	0.02153	0.01333	0.02641	0.01012	0.01175	0.00845	0.00654	0.00456	0.00197	0.00648	0.00392	0.00394	0.00845
12	0.01584	0.01337	0.01549	0.01113	0.01755	0.01048	0.00893	0.05843	0.01624	0.02504	0.01320	0.01522	0.01086	0.00559	0.00550	0.00114	0.00554	0.00444	0.00449	0.74152
13	0.01537	0.03117	0.16084	0.18408	0.19763	0.01506	0.05792	0.02029	0.01552	0.05216	0.04059	0.03812	0.02657	0.01375	0.09640	0.00348	0.01038	0.00725	0.00397	0.00946
14	0.02689	0.02267	0.02346	0.01842	0.02390	0.18837	0.09447	0.35360	0.02702	0.12344	0.01709	0.01763	0.01222	0.00814	0.00726	0.00215	0.00952	0.00644	0.00620	0.01109
15	0.01050	0.00734	0.00943	0.00943	0.00995	0.00786	0.00628	0.01153	0.01101	0.01521	0.02153	0.03997	0.02313	0.46878	0.30824	0.00890	0.01201	0.00946	0.00420	0.00524
16	0.01686	0.01499	0.02013	0.03678	0.20981	0.01431	0.01371	0.05122	0.10497	0.02514	0.01536	0.01773	0.01247	0.00686	0.00727	0.00175	0.04529	0.00569	0.00457	0.37510

[dist]
# distance from previous block
# <min> <max>
0	19

[block]
# block no. 2 follows, 28 sequences, length 12
# corresponding to MSA columns:
# 609-620
name=unknown_C
#
# <colnr> <probs for GDERKNQSTAVLIFYWHMCP>
#	G	D	E	R	K	N	Q	S	T	A	V	L	I	F	Y	W	H	M	C	P
0	0.02094	0.30141	0.21071	0.01455	0.02148	0.01899	0.01542	0.02514	0.01700	0.20391	0.06946	0.01950	0.01625	0.00783	0.00628	0.00200	0.00781	0.00593	0.00506	0.01033
1	0.01684	0.08271	0.41892	0.01769	0.02570	0.07160	0.02023	0.10417	0.01856	0.02527	0.06686	0.02178	0.06168	0.00851	0.00700	0.00221	0.00934	0.00661	0.00427	0.01006
2	0.00998	0.00680	0.00810	0.00869	0.00883	0.00665	0.00522	0.01042	0.01173	0.01564	0.02885	0.28733	0.03393	0.49455	0.02740	0.00563	0.00607	0.01407	0.00522	0.00492
3	0.01153	0.00991	0.01455	0.05260	0.01691	0.01063	0.06886	0.01529	0.07656	0.02002	0.03362	0.44879	0.07122	0.01782	0.01058	0.00283	0.08952	0.01569	0.00593	0.00714
4	0.02101	0.01650	0.03087	0.02275	0.02900	0.01556	0.38151	0.02758	0.09157	0.21042	0.02346	0.02465	0.05244	0.00801	0.00810	0.00240	0.00940	0.00857	0.00571	0.01049
5	0.01716	0.01961	0.04289	0.03064	0.03799	0.01838	0.67279	0.02328	0.01716	0.02328	0.01471	0.01961	0.01103	0.00613	0.00858	0.00245	0.01225	0.00858	0.00368	0.00980
6	0.01024	0.00961	0.04559	0.01105	0.01303	0.00914	0.00903	0.01266	0.01374	0.01836	0.03922	0.11280	0.25493	0.03324	0.31144	0.00649	0.06624	0.01147	0.00507	0.00663
7	0.01775	0.01654	0.05024	0.11220	0.06190	0.03698	0.17817	0.02199	0.01616	0.09082	0.01476	0.01788	0.01129	0.00675	0.00778	0.00195	0.04662	0.00623	0.00432	0.27969
8	0.01792	0.01643	0.02096	0.01785	0.01950	0.02141	0.01469	0.10922	0.15844	0.02401	0.01487	0.01851	0.01262	0.01158	0.01814	0.00290	0.48025	0.00678	0.00462	0.00930
9	0.01093	0.00766	0.01002	0.01060	0.01145	0.00793	0.00791	0.01262	0.01294	0.01732	0.02759	0.05555	0.03005	0.35067	0.16827	0.00673	0.00950	0.23156	0.00509	0.00563
10	0.01429	0.05261	0.04965	0.01786	0.11821	0.01230	0.08463	0.04175	0.01567	0.02322	0.02275	0.18438	0.02193	0.01429	0.05681	0.00291	0.02796	0.00990	0.22072	0.00817
11	0.02349	0.01999	0.02715	0.02211	0.07083	0.07893	0.19862	0.27380	0.09147	0.09175	0.01810	0.01933	0.01316	0.00788	0.00759	0.00226	0.00929	0.00719	0.00588	0.01117

[dist]
# distance from previous block
# <min> <max>
0	5

[block]
# block no. 3 follows, 28 sequences, length 11
# corresponding to MSA columns:
# 626-636
name=unknown_D
#
# <colnr> <probs for GDERKNQSTAVLIFYWHMCP>
#	G	D	E	R	K	N	Q	S	T	A	V	L	I	F	Y	W	H	M	C	P
0	0.01474	0.01288	0.04863	0.01243	0.01551	0.01259	0.00989	0.10461	0.22424	0.02736	0.14284	0.17893	0.07496	0.07407	0.01045	0.00287	0.00557	0.01184	0.00684	0.00875
1	0.00948	0.00704	0.00888	0.00947	0.01081	0.00644	0.00688	0.01173	0.01688	0.02258	0.26926	0.33412	0.17964	0.01906	0.00896	0.00266	0.00401	0.05863	0.00717	0.00633
2	0.23468	0.11462	0.31395	0.01726	0.02500	0.01874	0.08206	0.07185	0.01605	0.02673	0.01237	0.01449	0.00927	0.00684	0.00615	0.00220	0.00889	0.00519	0.00385	0.00980
3	0.01311	0.14296	0.06260	0.01099	0.01435	0.06955	0.00950	0.01605	0.01781	0.02278	0.28525	0.09609	0.18505	0.01356	0.00766	0.00221	0.00561	0.01133	0.00608	0.00746
4	0.01466	0.01290	0.01143	0.01075	0.01192	0.13372	0.00714	0.05938	0.01405	0.01714	0.02018	0.03784	0.02177	0.50694	0.08549	0.00618	0.00921	0.00902	0.00444	0.00583
5	0.02191	0.02417	0.08859	0.14189	0.16232	0.26641	0.03976	0.02564	0.01793	0.10221	0.01434	0.01703	0.01093	0.00747	0.00746	0.00216	0.03001	0.00589	0.00418	0.00971
6	0.00906	0.00652	0.00843	0.00974	0.01036	0.00606	0.00653	0.01044	0.01437	0.01914	0.09074	0.60191	0.08869	0.06792	0.01095	0.00313	0.00430	0.01912	0.00669	0.00590
7	0.02230	0.26295	0.08480	0.01684	0.03767	0.18022	0.01477	0.14557	0.03571	0.04492	0.01305	0.01471	0.01054	0.00784	0.00782	0.00202	0.07886	0.00520	0.00433	0.00988
8	0.06436	0.01952	0.19773	0.01332	0.02079	0.01201	0.01339	0.01974	0.01497	0.02408	0.01278	0.01494	0.01017	0.00587	0.00573	0.00147	0.00682	0.00456	0.00399	0.53374
9	0.03735	0.14996	0.09054	0.01505	0.02079	0.10390	0.05463	0.06700	0.07761	0.03992	0.01669	0.07563	0.01451	0.00818	0.00641	0.00188	0.00788	0.00657	0.00466	0.20083
10	0.01687	0.02243	0.18236	0.03083	0.29712	0.06246	0.14262	0.02254	0.03564	0.02312	0.03508	0.06468	0.01502	0.00795	0.00752	0.00229	0.00957	0.00764	0.00394	0.01033

[dist]
# distance from previous block
# <min> <max>
4	16

[block]
# block no. 4 follows, 28 sequences, length 139
# corresponding to MSA columns:
# 671-674,678-812
name=unknown_E
#
# <colnr> <probs for GDERKNQSTAVLIFYWHMCP>
#	G	D	E	R	K	N	Q	S	T	A	V	L	I	F	Y	W	H	M	C	P
0	0.01007	0.00742	0.00941	0.00891	0.01072	0.00676	0.00668	0.01329	0.02005	0.02790	0.61372	0.05635	0.15101	0.01533	0.00858	0.00231	0.00346	0.01343	0.00784	0.00676
1	0.03105	0.01373	0.01757	0.01360	0.01916	0.01285	0.01119	0.12963	0.06082	0.56890	0.02708	0.02381	0.01741	0.00901	0.00731	0.00225	0.00643	0.00725	0.00865	0.01232
2	0.01660	0.01796	0.03372	0.02550	0.02959	0.02011	0.38086	0.02071	0.01448	0.02071	0.01241	0.01796	0.01037	0.00906	0.01537	0.00278	0.33179	0.00759	0.00346	0.00898
3	0.01355	0.00678	0.00678	0.00678	0.00847	0.00678	0.00508	0.01694	0.01524	0.02710	0.02371	0.02710	0.01863	0.00847	0.00508	0.00169	0.00339	0.00678	0.78489	0.00678
4	0.01038	0.00779	0.01168	0.01168	0.01298	0.00909	0.00909	0.01298	0.01168	0.01687	0.01947	0.02856	0.01817	0.05452	0.71573	0.01168	0.01947	0.00779	0.00389	0.00649
5	0.01529	0.01219	0.01422	0.01102	0.01629	0.01000	0.00864	0.05586	0.03609	0.04855	0.02148	0.11666	0.05704	0.00895	0.00633	0.00156	0.00532	0.00751	0.00521	0.54180
6	0.01871	0.18925	0.22093	0.01669	0.04283	0.13390	0.01628	0.02349	0.03622	0.07284	0.11712	0.02119	0.01938	0.00848	0.00722	0.00209	0.03295	0.00639	0.00453	0.00952
7	0.01446	0.19953	0.30144	0.01637	0.05544	0.01667	0.01704	0.01950	0.01626	0.02236	0.14670	0.06090	0.06523	0.00972	0.00692	0.00215	0.00777	0.00791	0.00445	0.00918
8	0.01010	0.00663	0.00844	0.00979	0.01060	0.00634	0.00693	0.01200	0.01448	0.02061	0.03662	0.52821	0.04151	0.01962	0.00851	0.00274	0.00431	0.08335	0.16306	0.00616
9	0.01608	0.01917	0.14216	0.06415	0.27513	0.03646	0.05866	0.06080	0.03729	0.02434	0.06558	0.07645	0.07300	0.00953	0.00758	0.00231	0.00823	0.00859	0.00460	0.00991
10	0.02010	0.02153	0.09325	0.01907	0.04401	0.15276	0.11442	0.08109	0.20138	0.06796	0.02154	0.09277	0.01786	0.00958	0.00753	0.00233	0.00884	0.00830	0.00557	0.01012
11	0.01053	0.00720	0.00872	0.00872	0.00899	0.00748	0.00539	0.01108	0.01080	0.01468	0.02218	0.04357	0.02469	0.59935	0.17981	0.00802	0.00966	0.00999	0.00430	0.00484
12	0.01595	0.01289	0.01516	0.01087	0.01729	0.00974	0.00872	0.01916	0.01536	0.05768	0.01371	0.01556	0.01113	0.00556	0.00548	0.00114	0.00542	0.00446	0.00454	0.75019
13	0.01699	0.01906	0.04094	0.03086	0.08067	0.01794	0.60841	0.02291	0.01723	0.02350	0.03665	0.02062	0.01292	0.00643	0.00849	0.00243	0.01173	0.00859	0.00381	0.00982
14	0.01602	0.02495	0.28168	0.04807	0.10041	0.01828	0.19495	0.02287	0.05493	0.02253	0.01394	0.01767	0.01077	0.00782	0.01028	0.00249	0.13202	0.00671	0.00357	0.01006
15	0.00875	0.00675	0.00800	0.00901	0.01025	0.00600	0.00625	0.01025	0.01499	0.01899	0.05365	0.46869	0.31041	0.02101	0.00900	0.00275	0.00400	0.01851	0.00675	0.00600
16	0.01142	0.00835	0.00999	0.00951	0.01180	0.00777	0.00737	0.03572	0.04170	0.04786	0.37220	0.05872	0.26171	0.01591	0.00859	0.00244	0.00412	0.07023	0.00747	0.00713
17	0.01981	0.68180	0.03638	0.01276	0.01887	0.02802	0.01247	0.05667	0.04227	0.01913	0.01126	0.01257	0.00999	0.00649	0.00491	0.00162	0.00771	0.00420	0.00350	0.00957
18	0.00908	0.00734	0.00910	0.00936	0.01109	0.00648	0.02769	0.01092	0.01575	0.01990	0.09662	0.34243	0.36886	0.01958	0.00887	0.00265	0.00416	0.01717	0.00673	0.00620
19	0.00886	0.00633	0.00843	0.01012	0.01054	0.00590	0.00675	0.01012	0.01392	0.01856	0.04006	0.73979	0.04808	0.02277	0.00928	0.00295	0.00422	0.02066	0.00675	0.00590
20	0.01718	0.01886	0.08731	0.16753	0.32639	0.01756	0.17931	0.05449	0.01709	0.02369	0.01392	0.01840	0.01090	0.00669	0.00752	0.00229	0.00986	0.00689	0.00369	0.01042
21	0.04313	0.01946	0.02041	0.03994	0.10094	0.13497	0.04655	0.08581	0.37036	0.02816	0.02186	0.02186	0.01665	0.00862	0.00719	0.00230	0.00794	0.00713	0.00594	0.01077
22	0.01565	0.01517	0.02089	0.01860	0.03867	0.04080	0.03302	0.03929	0.01263	0.01868	0.01209	0.01854	0.01144	0.02034	0.15895	0.00474	0.50234	0.00666	0.00350	0.00798
23	0.06725	0.02450	0.01973	0.01680	0.02084	0.34076	0.01324	0.13271	0.02124	0.16095	0.01548	0.01642	0.01152	0.00859	0.00883	0.00218	0.09818	0.00568	0.00534	0.00977
24	0.01763	0.01506	0.01582	0.01429	0.01826	0.01732	0.01110	0.03700	0.64223	0.02995	0.03079	0.02848	0.04351	0.01009	0.00736	0.00244	0.00561	0.00840	0.03350	0.01118
25	0.01209	0.00971	0.01107	0.01033	0.01288	0.00984	0.00786	0.01996	0.20598	0.02739	0.37080	0.05017	0.19510	0.01425	0.00825	0.00237	0.00414	0.01225	0.00755	0.00800
26	0.00886	0.00633	0.00843	0.01012	0.01054	0.00590	0.00675	0.01012	0.01392	0.01856	0.04006	0.73979	0.04808	0.02277	0.00928	0.00295	0.00422	0.02066	0.00675	0.00590
27	0.01943	0.59828	0.03425	0.01330	0.01864	0.04833	0.01266	0.04659	0.01534	0.01860	0.01081	0.01287	0.00977	0.00710	0.00683	0.00176	0.08304	0.00437	0.02883	0.00919
28	0.02341	0.02089	0.01946	0.01703	0.06869	0.20334	0.01256	0.18826	0.02203	0.09460	0.01521	0.01630	0.01155	0.00722	0.00649	0.00176	0.00843	0.00542	0.00531	0.25203
29	0.02105	0.19781	0.22941	0.01648	0.02352	0.07221	0.05080	0.02680	0.06626	0.17756	0.01893	0.01920	0.03328	0.00779	0.00661	0.00210	0.00867	0.00609	0.00495	0.01046
30	0.01164	0.00832	0.01161	0.01316	0.01484	0.00829	0.01146	0.01499	0.01694	0.02214	0.07292	0.08054	0.04324	0.01981	0.00996	0.00329	0.00652	0.61687	0.00676	0.00670
31	0.01373	0.01292	0.02180	0.72707	0.05006	0.01615	0.02019	0.01857	0.01453	0.01857	0.01292	0.01938	0.00969	0.00727	0.00727	0.00242	0.00969	0.00646	0.00323	0.00807
32	0.01674	0.01515	0.01385	0.01420	0.01649	0.19201	0.01142	0.01932	0.01756	0.06882	0.03096	0.16933	0.03273	0.01646	0.00881	0.00282	0.00791	0.33189	0.00610	0.00742
33	0.02022	0.01458	0.01688	0.01418	0.01842	0.01590	0.04521	0.14610	0.33617	0.09730	0.02538	0.02478	0.01874	0.00910	0.00696	0.00224	0.00606	0.00756	0.16352	0.01070
34	0.01023	0.00696	0.00797	0.00820	0.00839	0.00684	0.00479	0.01050	0.01135	0.01500	0.02792	0.14399	0.06452	0.60716	0.03169	0.00624	0.00648	0.01221	0.00485	0.00470
35	0.01266	0.00695	0.00758	0.00742	0.00912	0.00680	0.00557	0.01606	0.01670	0.02766	0.20649	0.03450	0.03223	0.01021	0.00603	0.00186	0.00340	0.00851	0.57347	0.00680
36	0.01608	0.01532	0.02605	0.35100	0.40777	0.01677	0.02136	0.02063	0.01565	0.02142	0.01333	0.01861	0.01070	0.00683	0.00723	0.00228	0.00911	0.00647	0.00343	0.00997
37	0.03092	0.01268	0.01666	0.01293	0.01832	0.01144	0.01063	0.07125	0.04508	0.61080	0.02784	0.02452	0.01785	0.00899	0.00721	0.00223	0.00614	0.00727	0.04516	0.01208
38	0.00886	0.00633	0.00843	0.01012	0.01054	0.00590	0.00675	0.01012	0.01392	0.01856	0.04006	0.73979	0.04808	0.02277	0.00928	0.00295	0.00422	0.02066	0.00675	0.00590
39	0.00859	0.00736	0.00736	0.00736	0.00982	0.00614	0.00552	0.01043	0.01657	0.01964	0.07364	0.06996	0.69624	0.01841	0.00859	0.00245	0.00368	0.01534	0.00675	0.00614
40	0.01017	0.00842	0.01388	0.01336	0.01488	0.00788	0.11199	0.01220	0.01443	0.01930	0.03606	0.62599	0.04222	0.02014	0.00917	0.00287	0.00549	0.01875	0.00626	0.00652
41	0.00916	0.00654	0.00878	0.01047	0.01102	0.00617	0.00728	0.01065	0.01422	0.01890	0.03990	0.66968	0.04741	0.02249	0.00936	0.00299	0.00448	0.08777	0.00674	0.00599
42	0.01373	0.01292	0.02180	0.72707	0.05006	0.01615	0.02019	0.01857	0.01453	0.01857	0.01292	0.01938	0.00969	0.00727	0.00727	0.00242	0.00969	0.00646	0.00323	0.00807
43	0.02715	0.03464	0.02060	0.01873	0.02247	0.71536	0.01404	0.02903	0.02060	0.01779	0.01124	0.01311	0.00936	0.00749	0.00655	0.00187	0.01311	0.00468	0.00375	0.00843
44	0.01799	0.01727	0.02950	0.04462	0.69919	0.01727	0.02231	0.02231	0.01655	0.02375	0.01367	0.01799	0.01151	0.00648	0.00720	0.00216	0.00864	0.00648	0.00360	0.01151
45	0.13553	0.02786	0.01873	0.01662	0.02041	0.46911	0.01269	0.10702	0.02027	0.02319	0.01241	0.01536	0.01042	0.04635	0.00853	0.00228	0.03514	0.00517	0.00431	0.00861
46	0.00903	0.00640	0.00838	0.00989	0.01027	0.00602	0.00650	0.01017	0.01357	0.01809	0.03828	0.66780	0.04583	0.09784	0.01216	0.00338	0.00451	0.01961	0.00650	0.00575
47	0.00908	0.00679	0.00844	0.00928	0.01044	0.00615	0.00648	0.01092	0.01588	0.02095	0.18040	0.44502	0.20333	0.02016	0.00898	0.00270	0.00393	0.01790	0.00700	0.00615
48	0.01863	0.02342	0.27461	0.01732	0.04979	0.01552	0.01719	0.08621	0.14285	0.10103	0.01824	0.01881	0.01328	0.00753	0.00678	0.00206	0.00790	0.00605	0.00518	0.16758
49	0.02052	0.01275	0.01563	0.01144	0.01764	0.01000	0.00926	0.02362	0.01685	0.23499	0.01781	0.01808	0.01301	0.00651	0.00598	0.00144	0.00563	0.00524	0.00576	0.54784
50	0.01341	0.01101	0.01230	0.01202	0.01448	0.01200	0.00891	0.02399	0.33573	0.02405	0.03698	0.24754	0.10842	0.05169	0.05000	0.00335	0.00589	0.01288	0.00679	0.00858
51	0.02066	0.47558	0.05909	0.01283	0.01862	0.02275	0.01228	0.05568	0.03970	0.12312	0.08114	0.01875	0.01700	0.00775	0.00576	0.00182	0.00718	0.00564	0.00481	0.00982
52	0.00888	0.00659	0.00828	0.00951	0.01041	0.00600	0.00650	0.01037	0.01480	0.01933	0.08123	0.56792	0.18070	0.02147	0.00910	0.00282	0.00407	0.01919	0.00681	0.00600
53	0.00908	0.00646	0.00856	0.01016	0.01062	0.00608	0.00686	0.01038	0.01387	0.01847	0.03909	0.67272	0.04665	0.06048	0.01077	0.00319	0.00448	0.04961	0.00662	0.00586
54	0.01979	0.02818	0.36009	0.03962	0.02740	0.01910	0.02022	0.26787	0.09101	0.03215	0.01638	0.01746	0.01173	0.00790	0.00710	0.00228	0.00918	0.00613	0.00509	0.01135
55	0.00883	0.00642	0.00833	0.00986	0.01047	0.00593	0.00663	0.01015	0.01417	0.01866	0.04325	0.67616	0.10965	0.02236	0.00921	0.00290	0.00417	0.02016	0.00675	0.00593
56	0.01070	0.00704	0.00788	0.00788	0.00795	0.00704	0.00443	0.01084	0.01077	0.01465	0.02294	0.04670	0.02610	0.71320	0.03564	0.00682	0.00689	0.01041	0.03763	0.00451
57	0.01057	0.00705	0.00793	0.00793	0.00793	0.00705	0.00440	0.01057	0.01057	0.01409	0.02290	0.04757	0.02643	0.74454	0.03700	0.00705	0.00705	0.01057	0.00440	0.00440
58	0.01774	0.02261	0.16602	0.02725	0.08859	0.01851	0.37058	0.08630	0.05644	0.02564	0.01524	0.01875	0.01143	0.00699	0.00846	0.00240	0.03504	0.00749	0.00409	0.01041
59	0.00886	0.00633	0.00843	0.01012	0.01054	0.00590	0.00675	0.01012	0.01392	0.01856	0.04006	0.73979	0.04808	0.02277	0.00928	0.00295	0.00422	0.02066	0.00675	0.00590
60	0.00896	0.00647	0.00851	0.01010	0.01069	0.00602	0.00689	0.01035	0.01419	0.01875	0.04192	0.67348	0.08488	0.02241	0.00927	0.00294	0.00429	0.04717	0.00675	0.00595
61	0.01513	0.01418	0.02338	0.53039	0.17876	0.01689	0.02020	0.03930	0.01536	0.02039	0.01303	0.01886	0.01013	0.00744	0.00812	0.00240	0.04725	0.00646	0.00343	0.00889
62	0.01465	0.00783	0.00795	0.00755	0.00957	0.00800	0.00576	0.06824	0.01672	0.02856	0.02322	0.02635	0.01814	0.00849	0.00525	0.00173	0.00375	0.00676	0.72426	0.00721
63	0.01654	0.01765	0.03448	0.02478	0.03153	0.01627	0.46365	0.02167	0.01630	0.02310	0.01397	0.01822	0.01089	0.00626	0.00849	0.00212	0.04634	0.00733	0.00382	0.21658
64	0.01943	0.74891	0.03809	0.01244	0.01866	0.02876	0.01244	0.02177	0.01477	0.01710	0.01011	0.01166	0.00933	0.00622	0.00466	0.00155	0.00777	0.00389	0.00311	0.00933
65	0.01799	0.01727	0.02950	0.04462	0.69919	0.01727	0.02231	0.02231	0.01655	0.02375	0.01367	0.01799	0.01151	0.00648	0.00720	0.00216	0.00864	0.00648	0.00360	0.01151
66	0.06331	0.02005	0.06743	0.01559	0.02026	0.18737	0.03863	0.04639	0.01900	0.29131	0.05310	0.02205	0.01661	0.04324	0.00965	0.00246	0.06071	0.00676	0.00611	0.00999
67	0.00886	0.00633	0.00843	0.01012	0.01054	0.00590	0.00675	0.01012	0.01392	0.01856	0.04006	0.73979	0.04808	0.02277	0.00928	0.00295	0.00422	0.02066	0.00675	0.00590
68	0.01373	0.01292	0.02180	0.72707	0.05006	0.01615	0.02019	0.01857	0.01453	0.01857	0.01292	0.01938	0.00969	0.00727	0.00727	0.00242	0.00969	0.00646	0.00323	0.00807
69	0.01850	0.02011	0.11978	0.05897	0.10007	0.01768	0.24041	0.10007	0.14307	0.05584	0.01970	0.02172	0.03356	0.00780	0.00772	0.00236	0.00934	0.00767	0.00498	0.01063
70	0.01056	0.00709	0.00814	0.00814	0.00822	0.00716	0.00467	0.01071	0.01063	0.01425	0.02271	0.04648	0.02595	0.70508	0.07581	0.00731	0.00776	0.01041	0.00438	0.00452
71	0.00886	0.00633	0.00843	0.01012	0.01054	0.00590	0.00675	0.01012	0.01392	0.01856	0.04006	0.73979	0.04808	0.02277	0.00928	0.00295	0.00422	0.02066	0.00675	0.00590
72	0.01614	0.02723	0.33529	0.02838	0.13629	0.01755	0.28679	0.02302	0.01626	0.02324	0.01381	0.01747	0.01030	0.00653	0.00763	0.00234	0.01103	0.00683	0.00340	0.01048
73	0.02146	0.02193	0.01804	0.01615	0.02022	0.24107	0.01243	0.06734	0.44090	0.02715	0.02312	0.02216	0.01760	0.00905	0.00712	0.00226	0.00822	0.00700	0.00622	0.01056
74	0.01590	0.01590	0.02226	0.01908	0.01908	0.02226	0.01590	0.01749	0.01113	0.01749	0.00954	0.01590	0.00954	0.01272	0.02385	0.00318	0.73123	0.00636	0.00318	0.00795
75	0.00859	0.00736	0.00736	0.00736	0.00982	0.00614	0.00552	0.01043	0.01657	0.01964	0.07364	0.06996	0.69624	0.01841	0.00859	0.00245	0.00368	0.01534	0.00675	0.00614
76	0.00894	0.00738	0.00785	0.00773	0.01004	0.00629	0.00580	0.01112	0.01740	0.02162	0.20314	0.06669	0.56550	0.01767	0.00859	0.00242	0.00363	0.01488	0.00701	0.00629
77	0.04982	0.01956	0.01744	0.01535	0.01964	0.16791	0.01195	0.06682	0.41671	0.09913	0.02424	0.02283	0.01799	0.00909	0.00710	0.00229	0.00749	0.00712	0.00667	0.01084
78	0.01943	0.74891	0.03809	0.01244	0.01866	0.02876	0.01244	0.02177	0.01477	0.01710	0.01011	0.01166	0.00933	0.00622	0.00466	0.00155	0.00777	0.00389	0.00311	0.00933
79	0.00859	0.00736	0.00736	0.00736	0.00982	0.00614	0.00552	0.01043	0.01657	0.01964	0.07364	0.06996	0.69624	0.01841	0.00859	0.00245	0.00368	0.01534	0.00675	0.00614
80	0.01763	0.01677	0.02845	0.04282	0.66529	0.01677	0.02143	0.02173	0.01626	0.02327	0.01413	0.01944	0.01225	0.04268	0.00866	0.00240	0.00856	0.00668	0.00364	0.01117
81	0.02717	0.03413	0.02064	0.01866	0.02247	0.69060	0.01404	0.05211	0.02108	0.01879	0.01146	0.01326	0.00947	0.00753	0.00658	0.00188	0.01293	0.00475	0.00387	0.00857
82	0.01130	0.00862	0.01076	0.01139	0.01341	0.00850	0.00932	0.01597	0.08506	0.02317	0.14963	0.10845	0.18269	0.01802	0.00919	0.00288	0.00530	0.31233	0.00699	0.00704
83	0.02715	0.03464	0.02060	0.01873	0.02247	0.71536	0.01404	0.02903	0.02060	0.01779	0.01124	0.01311	0.00936	0.00749	0.00655	0.00187	0.01311	0.00468	0.00375	0.00843
84	0.02616	0.01361	0.01676	0.01357	0.01838	0.01336	0.01118	0.19842	0.04609	0.36413	0.08067	0.03257	0.04382	0.01086	0.00773	0.00236	0.00641	0.07471	0.00810	0.01112
85	0.01799	0.01727	0.02950	0.04462	0.69919	0.01727	0.02231	0.02231	0.01655	0.02375	0.01367	0.01799	0.01151	0.00648	0.00720	0.00216	0.00864	0.00648	0.00360	0.01151
86	0.01682	0.01695	0.02732	0.04454	0.06017	0.02094	0.16630	0.05194	0.01405	0.02059	0.01144	0.01704	0.01013	0.01052	0.01816	0.00289	0.47100	0.00689	0.00352	0.00879
87	0.01799	0.01727	0.02950	0.04462	0.69919	0.01727	0.02231	0.02231	0.01655	0.02375	0.01367	0.01799	0.01151	0.00648	0.00720	0.00216	0.00864	0.00648	0.00360	0.01151
88	0.02341	0.38063	0.02907	0.01568	0.02062	0.38277	0.01327	0.02551	0.01778	0.01746	0.01069	0.01241	0.00935	0.00687	0.00564	0.00172	0.01052	0.00430	0.00344	0.00886
89	0.02152	0.01064	0.01434	0.01327	0.01688	0.01004	0.01124	0.02575	0.06237	0.32893	0.03350	0.05268	0.02984	0.01443	0.00864	0.00280	0.00640	0.31939	0.00777	0.00956
90	0.01732	0.01658	0.02829	0.15233	0.59674	0.01709	0.02197	0.02172	0.01623	0.02293	0.01355	0.01821	0.01123	0.00660	0.00721	0.00220	0.00880	0.00647	0.00354	0.01097
91	0.00915	0.00673	0.00857	0.00949	0.01051	0.00616	0.00659	0.01099	0.01583	0.02114	0.19527	0.48386	0.14834	0.02032	0.00902	0.00273	0.00396	0.01816	0.00704	0.00616
92	0.02715	0.03464	0.02060	0.01873	0.02247	0.71536	0.01404	0.02903	0.02060	0.01779	0.01124	0.01311	0.00936	0.00749	0.00655	0.00187	0.01311	0.00468	0.00375	0.00843
93	0.02295	0.01752	0.01880	0.01554	0.02047	0.01966	0.01247	0.31549	0.36963	0.07017	0.02426	0.02279	0.01771	0.00932	0.00734	0.00233	0.00675	0.00745	0.00742	0.01192
94	0.02079	0.01465	0.01636	0.01402	0.01830	0.01599	0.01108	0.11628	0.40646	0.14661	0.11128	0.02889	0.02603	0.01020	0.00751	0.00237	0.00582	0.00847	0.00773	0.01118
95	0.00886	0.00633	0.00843	0.01012	0.01054	0.00590	0.00675	0.01012	0.01392	0.01856	0.04006	0.73979	0.04808	0.02277	0.00928	0.00295	0.00422	0.02066	0.00675	0.00590
96	0.01716	0.01961	0.04289	0.03064	0.03799	0.01838	0.67279	0.02328	0.01716	0.02328	0.01471	0.01961	0.01103	0.00613	0.00858	0.00245	0.01225	0.00858	0.00368	0.00980
97	0.02735	0.03337	0.02053	0.01846	0.02235	0.66582	0.01393	0.05416	0.02113	0.04109	0.01204	0.01365	0.00976	0.00759	0.00661	0.00190	0.01269	0.00484	0.00405	0.00871
98	0.01056	0.00708	0.00807	0.00807	0.00812	0.00713	0.00459	0.01066	0.01061	0.01420	0.02277	0.04684	0.02611	0.71791	0.06319	0.00723	0.00753	0.01046	0.00438	0.00448
99	0.01128	0.00823	0.01112	0.01256	0.01434	0.00806	0.01086	0.01442	0.01671	0.02146	0.04332	0.08034	0.13181	0.01985	0.00984	0.00322	0.00628	0.56297	0.00670	0.00662
100	0.01049	0.00736	0.00951	0.00951	0.01005	0.00791	0.00637	0.01158	0.01104	0.01526	0.02146	0.03957	0.02295	0.45422	0.32257	0.00900	0.01227	0.00940	0.00419	0.00528
101	0.08791	0.01905	0.01946	0.01648	0.04069	0.05515	0.01290	0.37999	0.22533	0.03808	0.02004	0.01966	0.01474	0.00877	0.00704	0.00226	0.00741	0.00673	0.00680	0.01151
102	0.01171	0.00837	0.01171	0.01339	0.01506	0.00837	0.01171	0.01506	0.01673	0.02175	0.03849	0.08199	0.04183	0.02008	0.01004	0.00335	0.00669	0.65027	0.00669	0.00669
103	0.00884	0.00640	0.00836	0.00992	0.01049	0.00592	0.00666	0.01014	0.01411	0.01863	0.04246	0.69207	0.09426	0.02246	0.00923	0.00292	0.00418	0.02029	0.00675	0.00592
104	0.01840	0.01855	0.02866	0.10152	0.55080	0.07963	0.05183	0.02263	0.01676	0.02274	0.01344	0.01775	0.01114	0.00662	0.00721	0.00217	0.00930	0.00641	0.00358	0.01086
105	0.01943	0.74891	0.03809	0.01244	0.01866	0.02876	0.01244	0.02177	0.01477	0.01710	0.01011	0.01166	0.00933	0.00622	0.00466	0.00155	0.00777	0.00389	0.00311	0.00933
106	0.06529	0.01725	0.01909	0.01501	0.02048	0.01842	0.01228	0.37743	0.12898	0.19324	0.02137	0.02024	0.01488	0.00876	0.00710	0.00221	0.00704	0.00677	0.00745	0.03671
107	0.02715	0.03464	0.02060	0.01873	0.02247	0.71536	0.01404	0.02903	0.02060	0.01779	0.01124	0.01311	0.00936	0.00749	0.00655	0.00187	0.01311	0.00468	0.00375	0.00843
108	0.02233	0.01373	0.01670	0.01353	0.03825	0.01261	0.01053	0.12598	0.07456	0.23930	0.08404	0.02319	0.01964	0.00830	0.00679	0.00187	0.00598	0.00679	0.00679	0.26908
109	0.01651	0.01576	0.02683	0.28173	0.47366	0.01688	0.02157	0.02101	0.01585	0.02195	0.01341	0.01847	0.01088	0.00675	0.00722	0.00225	0.00900	0.00647	0.00347	0.01032
110	0.03162	0.01282	0.01701	0.01316	0.01871	0.01149	0.01083	0.05638	0.05928	0.64431	0.02836	0.02464	0.01805	0.00904	0.00731	0.00226	0.00622	0.00734	0.00885	0.01232
111	0.02991	0.01213	0.01626	0.01266	0.01785	0.01072	0.01038	0.05822	0.02131	0.60247	0.10308	0.02777	0.02345	0.00964	0.00745	0.00225	0.00595	0.00793	0.00882	0.01175
112	0.01799	0.01727	0.02950	0.04462	0.69919	0.01727	0.02231	0.02231	0.01655	0.02375	0.01367	0.01799	0.01151	0.00648	0.00720	0.00216	0.00864	0.00648	0.00360	0.01151
113	0.01142	0.00815	0.01137	0.01305	0.01459	0.00811	0.01120	0.01455	0.01644	0.02142	0.03865	0.15040	0.04248	0.02036	0.00996	0.00331	0.00644	0.58479	0.00670	0.00661
114	0.02792	0.01990	0.02153	0.01651	0.02231	0.02186	0.01364	0.63838	0.03341	0.08347	0.01809	0.01787	0.01268	0.00874	0.00727	0.00219	0.00790	0.00659	0.00737	0.01236
115	0.01624	0.00886	0.01142	0.01033	0.01306	0.00804	0.00789	0.01952	0.04072	0.21153	0.31420	0.15932	0.11989	0.01478	0.00831	0.00241	0.00442	0.01286	0.00791	0.00828
116	0.02026	0.68849	0.03650	0.01277	0.01884	0.06245	0.01246	0.02259	0.01526	0.04022	0.01079	0.01217	0.00962	0.00638	0.00485	0.00159	0.00799	0.00404	0.00334	0.00939
117	0.00872	0.00737	0.00754	0.00750	0.00990	0.00619	0.00562	0.01068	0.01687	0.02036	0.12093	0.06876	0.64850	0.01814	0.00859	0.00244	0.00366	0.01517	0.00685	0.00619
118	0.01142	0.00815	0.01137	0.01305	0.01459	0.00811	0.01120	0.01455	0.01644	0.02142	0.03865	0.15040	0.04248	0.02036	0.00996	0.00331	0.00644	0.58479	0.00670	0.00661
119	0.00927	0.00778	0.00809	0.00795	0.01039	0.00682	0.00598	0.01223	0.05048	0.02130	0.14484	0.06597	0.58848	0.01756	0.00853	0.00244	0.00376	0.01473	0.00693	0.00649
120	0.01482	0.05793	0.66090	0.02086	0.03134	0.01729	0.05191	0.02299	0.01540	0.02286	0.01302	0.01541	0.00928	0.00686	0.00691	0.00229	0.01071	0.00545	0.00309	0.01066
121	0.00886	0.00633	0.00843	0.01012	0.01054	0.00590	0.00675	0.01012	0.01392	0.01856	0.04006	0.73979	0.04808	0.02277	0.00928	0.00295	0.00422	0.02066	0.00675	0.00590
122	0.01038	0.00779	0.01168	0.01168	0.01298	0.00909	0.00909	0.01298	0.01168	0.01687	0.01947	0.02856	0.01817	0.05452	0.71573	0.01168	0.01947	0.00779	0.00389	0.00649
123	0.01879	0.01944	0.02651	0.11057	0.45099	0.12936	0.02009	0.02248	0.01642	0.02159	0.01277	0.01714	0.01077	0.00737	0.00883	0.00225	0.08461	0.00618	0.00354	0.01028
124	0.01799	0.01727	0.02950	0.04462	0.69919	0.01727	0.02231	0.02231	0.01655	0.02375	0.01367	0.01799	0.01151	0.00648	0.00720	0.00216	0.00864	0.00648	0.00360	0.01151
125	0.02646	0.03356	0.02131	0.03940	0.02374	0.67402	0.03434	0.02855	0.02032	0.01798	0.01139	0.01349	0.00942	0.00744	0.00664	0.00191	0.01298	0.00485	0.00373	0.00846
126	0.00978	0.00780	0.00881	0.00849	0.01071	0.00703	0.00638	0.01321	0.05111	0.02421	0.33598	0.06119	0.39616	0.01648	0.00852	0.00238	0.00368	0.01406	0.00731	0.00671
127	0.01263	0.00631	0.00947	0.00947	0.00947	0.00631	0.00631	0.00947	0.00947	0.01263	0.01263	0.02210	0.01263	0.02525	0.02841	0.78851	0.00631	0.00631	0.00316	0.00316
128	0.02624	0.03331	0.01995	0.01817	0.02185	0.68057	0.01363	0.02811	0.02040	0.01788	0.01430	0.01590	0.04306	0.00803	0.00665	0.00190	0.01265	0.00520	0.00389	0.00831
129	0.01943	0.74891	0.03809	0.01244	0.01866	0.02876	0.01244	0.02177	0.01477	0.01710	0.01011	0.01166	0.00933	0.00622	0.00466	0.00155	0.00777	0.00389	0.00311	0.00933
130	0.02660	0.01613	0.05973	0.01482	0.02004	0.01523	0.01278	0.17945	0.05724	0.36099	0.04390	0.02233	0.01688	0.00931	0.00898	0.00231	0.08215	0.00705	0.00737	0.03671
131	0.01799	0.01727	0.02950	0.04462	0.69919	0.01727	0.02231	0.02231	0.01655	0.02375	0.01367	0.01799	0.01151	0.00648	0.00720	0.00216	0.00864	0.00648	0.00360	0.01151
132	0.01887	0.01601	0.01688	0.01495	0.01920	0.01845	0.01170	0.09116	0.63224	0.03168	0.02858	0.02632	0.02138	0.00977	0.00739	0.00244	0.00594	0.00808	0.00739	0.01158
133	0.01029	0.00743	0.00972	0.00914	0.01086	0.00686	0.00686	0.01372	0.02058	0.02915	0.69536	0.05430	0.06859	0.01486	0.00857	0.00229	0.00343	0.01315	0.00800	0.00686
134	0.02715	0.03464	0.02060	0.01873	0.02247	0.71536	0.01404	0.02903	0.02060	0.01779	0.01124	0.01311	0.00936	0.00749	0.00655	0.00187	0.01311	0.00468	0.00375	0.00843
135	0.01007	0.00740	0.00932	0.00885	0.01059	0.00677	0.00657	0.01313	0.01960	0.02720	0.58125	0.05616	0.15309	0.04642	0.00979	0.00251	0.00362	0.01334	0.00768	0.00665
136	0.00863	0.00721	0.00752	0.00778	0.00993	0.00610	0.00571	0.01039	0.01617	0.01947	0.06859	0.17068	0.59878	0.01907	0.00869	0.00253	0.00376	0.01614	0.00675	0.00610
137	0.03242	0.01269	0.01706	0.01308	0.01871	0.01115	0.01081	0.06065	0.02133	0.67826	0.02823	0.02445	0.01777	0.00899	0.00731	0.00225	0.00626	0.00728	0.00893	0.01237
138	0.01982	0.09342	0.01937	0.01491	0.01926	0.07010	0.01197	0.13322	0.41990	0.02977	0.02501	0.05273	0.01999	0.00995	0.00718	0.00233	0.00682	0.02681	0.00662	0.01082

[dist]
# distance from previous block
# <min> <max>
0	1

[block]
# block no. 5 follows, 28 sequences, length 23
# corresponding to MSA columns:
# 814-836
name=unknown_F
#
# <colnr> <probs for GDERKNQSTAVLIFYWHMCP>
#	G	D	E	R	K	N	Q	S	T	A	V	L	I	F	Y	W	H	M	C	P
0	0.51044	0.01343	0.01300	0.01082	0.01574	0.01420	0.00892	0.02662	0.01552	0.28378	0.01706	0.01664	0.01166	0.00759	0.00555	0.00225	0.00583	0.00520	0.00618	0.00955
1	0.01260	0.00668	0.00711	0.00745	0.00889	0.00660	0.00542	0.01556	0.01497	0.02537	0.02703	0.17162	0.02460	0.01137	0.00593	0.00195	0.00356	0.00959	0.62710	0.00660
2	0.01225	0.00839	0.00938	0.00894	0.00956	0.00859	0.00548	0.07908	0.01316	0.01757	0.02313	0.07642	0.02598	0.63532	0.03265	0.00636	0.00701	0.01062	0.00481	0.00529
3	0.02690	0.01919	0.02085	0.01608	0.02166	0.02100	0.01325	0.60248	0.03267	0.08036	0.05701	0.01996	0.01590	0.00909	0.00735	0.00219	0.00764	0.00697	0.00741	0.01205
4	0.01773	0.01696	0.02871	0.06865	0.65108	0.01696	0.02175	0.02203	0.01642	0.02355	0.01362	0.01794	0.01142	0.00647	0.00713	0.00213	0.00856	0.00640	0.00361	0.03889
5	0.01160	0.00818	0.00903	0.00870	0.01047	0.00773	0.00607	0.01430	0.06476	0.05814	0.07477	0.05528	0.30568	0.29367	0.01929	0.00421	0.00534	0.03039	0.00609	0.00628
6	0.01735	0.01546	0.01559	0.01431	0.01802	0.05406	0.01105	0.03430	0.55709	0.02822	0.03166	0.07470	0.05683	0.01124	0.00760	0.00249	0.00598	0.02635	0.00711	0.01059
7	0.01799	0.01727	0.02950	0.04462	0.69919	0.01727	0.02231	0.02231	0.01655	0.02375	0.01367	0.01799	0.01151	0.00648	0.00720	0.00216	0.00864	0.00648	0.00360	0.01151
8	0.01214	0.15779	0.01547	0.00981	0.01244	0.01130	0.00799	0.01535	0.01940	0.02671	0.55640	0.04565	0.05657	0.01311	0.00778	0.00214	0.00431	0.01127	0.00701	0.00736
9	0.01294	0.01473	0.15339	0.01608	0.06056	0.01043	0.01431	0.01735	0.03049	0.04475	0.05831	0.18042	0.03433	0.01625	0.00888	0.00289	0.00701	0.30300	0.00592	0.00797
10	0.01116	0.01355	0.15109	0.01149	0.01504	0.00889	0.01091	0.01560	0.01952	0.02791	0.55700	0.04640	0.05655	0.01325	0.00824	0.00229	0.00491	0.01157	0.00700	0.00765
11	0.02634	0.01176	0.01537	0.01239	0.01704	0.01080	0.01001	0.03141	0.10064	0.48643	0.16398	0.03102	0.02876	0.01029	0.00758	0.00228	0.00557	0.00860	0.00860	0.01115
12	0.02664	0.01490	0.01714	0.01345	0.01839	0.01529	0.01101	0.32157	0.02578	0.27377	0.02262	0.02190	0.01557	0.00877	0.00686	0.00211	0.00646	0.00686	0.15963	0.01127
13	0.01376	0.00765	0.01021	0.01070	0.01229	0.00696	0.00766	0.01542	0.01549	0.15774	0.03882	0.55150	0.06335	0.01975	0.00888	0.00281	0.00468	0.03788	0.00720	0.00725
14	0.01771	0.01740	0.02678	0.18000	0.49365	0.06093	0.02086	0.02273	0.04731	0.02263	0.01410	0.01839	0.01150	0.00686	0.00718	0.00221	0.00900	0.00644	0.00371	0.01062
15	0.01237	0.15748	0.01404	0.00884	0.01010	0.01145	0.00603	0.01284	0.01142	0.01470	0.02031	0.04029	0.02296	0.59482	0.03044	0.00593	0.00719	0.00922	0.00414	0.00540
16	0.01017	0.00711	0.00781	0.00781	0.00831	0.00686	0.00463	0.01054	0.01179	0.01522	0.03319	0.05211	0.16225	0.59729	0.03124	0.00612	0.00636	0.01154	0.00488	0.00476
17	0.00950	0.00720	0.00885	0.00999	0.01111	0.00682	0.00700	0.01218	0.05678	0.01965	0.04615	0.53240	0.17763	0.02097	0.00905	0.00284	0.00431	0.04446	0.00679	0.00634
18	0.53510	0.01555	0.01599	0.01763	0.15413	0.01734	0.01160	0.10922	0.01614	0.03259	0.01182	0.01382	0.00921	0.00696	0.00542	0.00222	0.00655	0.00480	0.00469	0.00921
19	0.02128	0.01733	0.02038	0.04660	0.06988	0.02007	0.01405	0.28865	0.22560	0.03356	0.01963	0.02053	0.01491	0.00946	0.00982	0.00242	0.11954	0.00702	0.02825	0.01103
20	0.06638	0.49036	0.03122	0.01418	0.01955	0.23600	0.01266	0.02394	0.01640	0.01820	0.01045	0.01211	0.00926	0.00663	0.00523	0.00169	0.00927	0.00413	0.00338	0.00897
21	0.01720	0.06902	0.25810	0.02387	0.19284	0.01693	0.03898	0.10489	0.01811	0.02565	0.01710	0.01928	0.04993	0.00743	0.00683	0.00206	0.00862	0.00623	0.00413	0.11280
22	0.01397	0.07678	0.43766	0.01715	0.02507	0.01494	0.03955	0.02045	0.01662	0.02415	0.17905	0.02470	0.02381	0.00870	0.00714	0.00219	0.00854	0.00721	0.00435	0.04798

[dist]
# distance from previous block
# <min> <max>
1	27

[block]
# block no. 6 follows, 28 sequences, length 19
# corresponding to MSA columns:
# 865-883
name=unknown_G
#
# <colnr> <probs for GDERKNQSTAVLIFYWHMCP>
#	G	D	E	R	K	N	Q	S	T	A	V	L	I	F	Y	W	H	M	C	P
0	0.01799	0.01727	0.02950	0.04462	0.69919	0.01727	0.02231	0.02231	0.01655	0.02375	0.01367	0.01799	0.01151	0.00648	0.00720	0.00216	0.00864	0.00648	0.00360	0.01151
1	0.01799	0.01727	0.02950	0.04462	0.69919	0.01727	0.02231	0.02231	0.01655	0.02375	0.01367	0.01799	0.01151	0.00648	0.00720	0.00216	0.00864	0.00648	0.00360	0.01151
2	0.01916	0.01615	0.01704	0.01501	0.01931	0.01858	0.01177	0.11057	0.61236	0.03215	0.02821	0.02603	0.02108	0.00973	0.00738	0.00243	0.00601	0.00803	0.00738	0.01160
3	0.01650	0.01575	0.02682	0.28288	0.47257	0.01688	0.02157	0.02100	0.01585	0.02194	0.01341	0.01848	0.01088	0.00675	0.00722	0.00225	0.00900	0.00647	0.00347	0.01031
4	0.01799	0.01727	0.02950	0.04462	0.69919	0.01727	0.02231	0.02231	0.01655	0.02375	0.01367	0.01799	0.01151	0.00648	0.00720	0.00216	0.00864	0.00648	0.00360	0.01151
5	0.01373	0.01292	0.02180	0.72707	0.05006	0.01615	0.02019	0.01857	0.01453	0.01857	0.01292	0.01938	0.00969	0.00727	0.00727	0.00242	0.00969	0.00646	0.00323	0.00807
6	0.10112	0.02588	0.32360	0.02590	0.19589	0.01719	0.08866	0.02427	0.08325	0.02502	0.01473	0.01725	0.01114	0.00700	0.00694	0.00229	0.00931	0.00611	0.00386	0.01060
7	0.01799	0.01727	0.02950	0.04462	0.69919	0.01727	0.02231	0.02231	0.01655	0.02375	0.01367	0.01799	0.01151	0.00648	0.00720	0.00216	0.00864	0.00648	0.00360	0.01151
8	0.01659	0.01806	0.03793	0.02992	0.09796	0.01709	0.53283	0.02222	0.01705	0.02315	0.01742	0.02684	0.01472	0.00781	0.00862	0.00253	0.01125	0.08437	0.00403	0.00960
9	0.00907	0.00649	0.00862	0.00998	0.01059	0.00604	0.00676	0.01065	0.01490	0.02011	0.13641	0.63901	0.05109	0.02161	0.00917	0.00285	0.00410	0.01956	0.00693	0.00604
10	0.01912	0.08131	0.24909	0.02783	0.25376	0.04331	0.06422	0.08542	0.01815	0.06861	0.01450	0.01696	0.01098	0.00698	0.00699	0.00218	0.00944	0.00605	0.00409	0.01101
11	0.01996	0.01849	0.03076	0.03619	0.42391	0.06425	0.17550	0.02438	0.01742	0.09501	0.01534	0.01876	0.01194	0.00673	0.00749	0.00222	0.00954	0.00694	0.00420	0.01099
12	0.01883	0.00930	0.01216	0.01050	0.01376	0.00821	0.00820	0.02164	0.01962	0.29547	0.29845	0.09938	0.12704	0.01362	0.00813	0.00235	0.00462	0.01171	0.00814	0.00888
13	0.01799	0.01727	0.02950	0.04462	0.69919	0.01727	0.02231	0.02231	0.01655	0.02375	0.01367	0.01799	0.01151	0.00648	0.00720	0.00216	0.00864	0.00648	0.00360	0.01151
14	0.01745	0.01801	0.03454	0.07185	0.40081	0.01767	0.28499	0.02252	0.01670	0.02331	0.01405	0.01871	0.01123	0.00637	0.00776	0.00229	0.01015	0.00732	0.00361	0.01066
15	0.01136	0.00978	0.01609	0.01431	0.01665	0.00920	0.14529	0.03767	0.01608	0.02145	0.08736	0.45163	0.09788	0.01780	0.00894	0.00272	0.00592	0.01658	0.00623	0.00705
16	0.01886	0.00917	0.01233	0.01103	0.01369	0.00861	0.00830	0.02093	0.01624	0.28731	0.08659	0.15658	0.02916	0.14658	0.13572	0.00484	0.00805	0.01080	0.00684	0.00837
17	0.07633	0.01272	0.01681	0.01872	0.16152	0.01329	0.01199	0.08182	0.08296	0.06893	0.29873	0.03369	0.03629	0.01095	0.00837	0.00230	0.03955	0.00926	0.00649	0.00926
18	0.01861	0.01885	0.03023	0.04115	0.57737	0.07111	0.09029	0.02293	0.01693	0.02324	0.01359	0.01779	0.01130	0.00652	0.00729	0.00217	0.00936	0.00656	0.00362	0.01110

[dist]
# distance from previous block
# <min> <max>
1	2

[block]
# block no. 7 follows, 28 sequences, length 216
# corresponding to MSA columns:
# 886-1026,1034-1037,1047-1090,1098-1124
name=unknown_H
#
# <colnr> <probs for GDERKNQSTAVLIFYWHMCP>
#	G	D	E	R	K	N	Q	S	T	A	V	L	I	F	Y	W	H	M	C	P
0	0.01845	0.01830	0.02855	0.07184	0.62422	0.06607	0.02164	0.02262	0.01675	0.02311	0.01347	0.01771	0.01129	0.00658	0.00715	0.00215	0.00899	0.00635	0.00359	0.01115
1	0.01828	0.01783	0.02922	0.04379	0.67756	0.03959	0.02204	0.02252	0.01668	0.02356	0.01360	0.01783	0.01145	0.00651	0.00718	0.00215	0.00878	0.00642	0.00360	0.01142
2	0.01902	0.01693	0.02862	0.04239	0.65144	0.01681	0.02149	0.02323	0.01685	0.07149	0.01473	0.01846	0.01197	0.00665	0.00720	0.00217	0.00846	0.00654	0.00398	0.01157
3	0.07043	0.02037	0.05283	0.02564	0.23464	0.08087	0.04164	0.25304	0.07081	0.05492	0.01622	0.01782	0.01226	0.00770	0.00706	0.00219	0.00856	0.00637	0.00539	0.01124
