[name]
unknown

[dist]
# distance from previous block
# <min> <max>
16	66

[block]
# block no. 0 follows, 31 sequences, length 17
# corresponding to MSA columns:
# 80-96
name=unknown_A
#
# <colnr> <probs for GDERKNQSTAVLIFYWHMCP>
#	G	D	E	R	K	N	Q	S	T	A	V	L	I	F	Y	W	H	M	C	P
0	0.01308	0.01103	0.01185	0.01057	0.01316	0.06327	0.02398	0.11915	0.01965	0.02564	0.30537	0.07822	0.22020	0.01510	0.03663	0.00253	0.00548	0.01139	0.00651	0.00720
1	0.01933	0.07630	0.02038	0.02014	0.14994	0.31073	0.01353	0.05523	0.01684	0.01924	0.03512	0.01749	0.01273	0.01585	0.14718	0.00366	0.04860	0.00566	0.00375	0.00831
2	0.01294	0.01047	0.01170	0.01089	0.01298	0.05309	0.00809	0.04664	0.03180	0.04291	0.10673	0.25740	0.05103	0.10210	0.01182	0.00279	0.05744	0.03907	0.00558	0.12456
3	0.05938	0.18635	0.15690	0.01534	0.02144	0.04927	0.04255	0.26120	0.05352	0.02873	0.03379	0.01713	0.03027	0.00756	0.00620	0.00197	0.00790	0.00574	0.00483	0.00992
4	0.03895	0.26920	0.06987	0.01417	0.01899	0.14424	0.01267	0.07430	0.09257	0.10374	0.03320	0.01626	0.01275	0.00765	0.00704	0.00192	0.06330	0.00530	0.00457	0.00930
5	0.01105	0.01133	0.11801	0.01139	0.01376	0.00818	0.01004	0.01360	0.01354	0.04653	0.03022	0.26117	0.05710	0.16742	0.04313	0.00383	0.00661	0.16132	0.00535	0.00641
6	0.00979	0.00696	0.00930	0.00937	0.01002	0.00758	0.00651	0.01110	0.01062	0.01479	0.02058	0.06596	0.02174	0.36292	0.39328	0.00872	0.01255	0.00901	0.00399	0.00522
7	0.01492	0.01485	0.01699	0.04637	0.07058	0.15553	0.09104	0.01835	0.04424	0.04285	0.08003	0.08499	0.15873	0.01682	0.10942	0.00342	0.00906	0.00938	0.00489	0.00756
8	0.01675	0.10817	0.31038	0.01932	0.05825	0.06731	0.10992	0.07249	0.04496	0.04262	0.01676	0.02016	0.03941	0.00761	0.00671	0.00212	0.00912	0.03444	0.00395	0.00958
9	0.00910	0.00679	0.00854	0.00955	0.01049	0.00652	0.00660	0.01189	0.06575	0.01936	0.10553	0.57496	0.10034	0.01946	0.00848	0.00264	0.00396	0.01747	0.00651	0.00606
10	0.01881	0.35053	0.16143	0.01567	0.06832	0.03975	0.01450	0.07175	0.01624	0.10296	0.01500	0.06973	0.01281	0.00768	0.00581	0.00187	0.00764	0.00587	0.00417	0.00946
11	0.01615	0.01690	0.02538	0.05633	0.02507	0.11162	0.27087	0.05079	0.03062	0.02085	0.06756	0.08872	0.01756	0.00999	0.01076	0.03559	0.12469	0.00836	0.00416	0.00803
12	0.03560	0.10177	0.06028	0.08332	0.36912	0.04732	0.06793	0.05364	0.04462	0.02219	0.01294	0.01628	0.01056	0.00664	0.00717	0.00206	0.03916	0.00586	0.00361	0.00991
13	0.08054	0.00801	0.01015	0.00964	0.01056	0.00852	0.03378	0.01192	0.01086	0.01613	0.02068	0.10165	0.02266	0.43744	0.16149	0.00643	0.03052	0.00958	0.00420	0.00524
14	0.05696	0.04683	0.05378	0.01818	0.02373	0.10773	0.21462	0.12091	0.05943	0.08334	0.01541	0.01795	0.01182	0.03673	0.00781	0.00216	0.00874	0.00631	0.00468	0.10289
15	0.01799	0.01708	0.07216	0.01961	0.09349	0.04933	0.14502	0.12194	0.13283	0.07785	0.10666	0.02480	0.04740	0.00875	0.00776	0.00220	0.03223	0.00778	0.00547	0.00965
16	0.01716	0.06609	0.02091	0.03633	0.18470	0.11588	0.03174	0.05877	0.13645	0.02289	0.09353	0.02325	0.05150	0.00902	0.00877	0.00217	0.09992	0.00711	0.00472	0.00909

[dist]
# distance from previous block
# <min> <max>
2	18

[block]
# block no. 1 follows, 31 sequences, length 11
# corresponding to MSA columns:
# 115-125
name=unknown_B
#
# <colnr> <probs for GDERKNQSTAVLIFYWHMCP>
#	G	D	E	R	K	N	Q	S	T	A	V	L	I	F	Y	W	H	M	C	P
0	0.02270	0.01254	0.01457	0.01218	0.01627	0.05139	0.00962	0.06112	0.11801	0.36305	0.07695	0.12532	0.02385	0.01051	0.00710	0.00216	0.00573	0.00882	0.00730	0.05081
1	0.00998	0.00807	0.01095	0.01320	0.11202	0.00748	0.00819	0.01244	0.01632	0.02192	0.27820	0.21676	0.22769	0.01551	0.00804	0.00233	0.00418	0.01370	0.00633	0.00669
2	0.01934	0.65802	0.03347	0.01256	0.01808	0.12897	0.01192	0.02147	0.01469	0.01619	0.00967	0.01117	0.00878	0.00603	0.00465	0.00151	0.00804	0.00377	0.00301	0.00866
3	0.00991	0.00699	0.00853	0.00867	0.01039	0.00626	0.00643	0.01209	0.01634	0.05535	0.25714	0.23304	0.27357	0.01698	0.00826	0.00242	0.00379	0.05080	0.00682	0.00625
4	0.01889	0.55046	0.02927	0.01135	0.01653	0.02176	0.01074	0.02130	0.01548	0.11964	0.10925	0.01830	0.01766	0.00735	0.00526	0.00165	0.00654	0.00533	0.00436	0.00887
5	0.01069	0.01041	0.00897	0.00879	0.01104	0.10616	0.00653	0.01254	0.01633	0.01912	0.12752	0.10987	0.49591	0.01587	0.00787	0.00225	0.00470	0.01322	0.00609	0.00613
6	0.12002	0.00756	0.00823	0.00822	0.00896	0.00794	0.00524	0.01155	0.01056	0.01631	0.02095	0.09939	0.02341	0.51862	0.10063	0.00613	0.00743	0.00963	0.00430	0.00492
7	0.01858	0.00992	0.01230	0.01039	0.01388	0.00924	0.00823	0.05478	0.07479	0.28481	0.24855	0.03976	0.16210	0.01190	0.00748	0.00218	0.00462	0.01004	0.00758	0.00886
8	0.02486	0.13400	0.02140	0.01592	0.02001	0.46583	0.01261	0.06345	0.01900	0.11546	0.01295	0.01397	0.01009	0.00731	0.00663	0.00183	0.03681	0.00479	0.00428	0.00875
9	0.03705	0.01497	0.01948	0.01746	0.09114	0.01601	0.05059	0.23481	0.04511	0.14541	0.03756	0.02153	0.05234	0.00890	0.00896	0.00217	0.10897	0.00688	0.03076	0.04992
10	0.01449	0.30305	0.01988	0.01020	0.01368	0.04983	0.00871	0.01671	0.01584	0.05322	0.19817	0.08569	0.13077	0.04270	0.00767	0.00212	0.00562	0.00905	0.00518	0.00742

[dist]
# distance from previous block
# <min> <max>
0	5

[block]
# block no. 2 follows, 31 sequences, length 19
# corresponding to MSA columns:
# 131-149
name=unknown_C
#
# <colnr> <probs for GDERKNQSTAVLIFYWHMCP>
#	G	D	E	R	K	N	Q	S	T	A	V	L	I	F	Y	W	H	M	C	P
0	0.01339	0.01441	0.07618	0.12580	0.08095	0.01537	0.07492	0.01653	0.01226	0.01764	0.01333	0.02059	0.01213	0.07530	0.16130	0.00458	0.24774	0.00670	0.00329	0.00761
1	0.01360	0.01169	0.01364	0.01328	0.05674	0.08430	0.04662	0.01663	0.03412	0.06178	0.18192	0.13499	0.14446	0.02981	0.00823	0.00230	0.00574	0.05915	0.00586	0.07512
2	0.01689	0.31713	0.17329	0.01449	0.02014	0.11314	0.03283	0.02127	0.05306	0.01861	0.01447	0.02071	0.01311	0.05308	0.00761	0.00216	0.00838	0.06184	0.00363	0.03415
3	0.01585	0.16400	0.54600	0.01754	0.02651	0.01744	0.02167	0.02236	0.01474	0.07486	0.01292	0.01451	0.00933	0.00654	0.00615	0.00204	0.00928	0.00495	0.00333	0.00999
4	0.01034	0.00686	0.00882	0.00915	0.01033	0.00638	0.00652	0.01224	0.01528	0.05867	0.24481	0.31972	0.08647	0.11614	0.01190	0.00306	0.00431	0.05642	0.00653	0.00604
5	0.01407	0.01626	0.20819	0.01401	0.04322	0.01062	0.01299	0.06929	0.01664	0.09761	0.11393	0.26844	0.05995	0.01321	0.00759	0.00236	0.00618	0.01149	0.00570	0.00826
6	0.01738	0.52460	0.13825	0.04618	0.04078	0.02382	0.01449	0.04089	0.03629	0.01840	0.01091	0.01276	0.00931	0.00641	0.00572	0.00172	0.03547	0.00434	0.00319	0.00909
7	0.01188	0.00981	0.01297	0.04175	0.04701	0.00992	0.04647	0.06785	0.10957	0.02192	0.05628	0.33323	0.17296	0.01555	0.00799	0.00247	0.00513	0.01383	0.00608	0.00734
8	0.00881	0.00642	0.00832	0.00911	0.01009	0.00593	0.00643	0.01074	0.01533	0.02071	0.24787	0.45655	0.11017	0.01870	0.00849	0.00256	0.00377	0.03741	0.00671	0.00588
9	0.01293	0.01219	0.01864	0.04489	0.06025	0.01494	0.06963	0.01527	0.01250	0.01805	0.05640	0.10837	0.05008	0.01840	0.12550	0.00397	0.33808	0.00870	0.00396	0.00727
10	0.01789	0.01778	0.02613	0.08666	0.57252	0.09076	0.01975	0.04660	0.01646	0.02221	0.01271	0.01653	0.01054	0.00633	0.00672	0.00202	0.00861	0.00592	0.00351	0.01034
11	0.00862	0.00607	0.00785	0.00916	0.00949	0.00575	0.00596	0.00960	0.01254	0.01673	0.03487	0.63011	0.04166	0.15132	0.01332	0.00346	0.00444	0.01778	0.00596	0.00531
12	0.01292	0.01216	0.02052	0.74312	0.04712	0.01520	0.01900	0.01748	0.01368	0.01748	0.01216	0.01824	0.00912	0.00684	0.00684	0.00228	0.00912	0.00608	0.00304	0.00760
13	0.01336	0.01188	0.05808	0.04829	0.09780	0.01083	0.04936	0.06865	0.05351	0.04839	0.02806	0.33056	0.02970	0.01471	0.00804	0.00255	0.00622	0.10652	0.00564	0.00783
14	0.02082	0.01680	0.02079	0.01642	0.02132	0.01837	0.10754	0.33943	0.25248	0.03424	0.02022	0.02029	0.01489	0.00821	0.00693	0.00215	0.00713	0.00697	0.05430	0.01071
15	0.01835	0.01586	0.09317	0.03799	0.14043	0.01300	0.01348	0.10321	0.04402	0.13186	0.04708	0.02042	0.01497	0.00732	0.00639	0.00181	0.00663	0.02601	0.00513	0.25287
16	0.01578	0.21010	0.39242	0.01832	0.02608	0.06215	0.09949	0.02135	0.01460	0.01973	0.01174	0.01428	0.00913	0.00760	0.02515	0.00224	0.03232	0.00512	0.00303	0.00937
17	0.01940	0.01298	0.01519	0.01457	0.07036	0.01393	0.01054	0.05089	0.37839	0.17073	0.02527	0.02412	0.01848	0.00862	0.00657	0.00213	0.00541	0.00717	0.13495	0.01030
18	0.08469	0.01520	0.01693	0.01439	0.03391	0.01665	0.02463	0.28120	0.22539	0.08725	0.06292	0.02350	0.01863	0.00896	0.00678	0.00217	0.00624	0.02691	0.03331	0.01034

[dist]
# distance from previous block
# <min> <max>
0	1

[block]
# block no. 3 follows, 31 sequences, length 17
# corresponding to MSA columns:
# 151-167
name=unknown_D
#
# <colnr> <probs for GDERKNQSTAVLIFYWHMCP>
#	G	D	E	R	K	N	Q	S	T	A	V	L	I	F	Y	W	H	M	C	P
0	0.03825	0.01121	0.01430	0.01271	0.01599	0.01150	0.05894	0.02397	0.24906	0.12993	0.05760	0.15764	0.11206	0.01280	0.00763	0.00242	0.00543	0.06322	0.00665	0.00871
1	0.00934	0.00674	0.00855	0.00898	0.00997	0.00620	0.00609	0.01091	0.01403	0.01931	0.18807	0.41239	0.04354	0.15432	0.01313	0.00322	0.00436	0.01503	0.00606	0.05975
2	0.01663	0.22289	0.16399	0.01378	0.02023	0.07631	0.03690	0.02034	0.01482	0.04356	0.01262	0.03475	0.01060	0.00634	0.00553	0.00156	0.00752	0.00485	0.00366	0.28312
3	0.02140	0.01510	0.01730	0.06364	0.02011	0.01639	0.01167	0.44240	0.02561	0.08520	0.02179	0.18661	0.01957	0.01117	0.00728	0.00224	0.00669	0.00926	0.00659	0.00997
4	0.01587	0.01306	0.01402	0.01273	0.01602	0.01461	0.00981	0.09999	0.45034	0.02714	0.03057	0.09471	0.07644	0.05961	0.00907	0.00264	0.00547	0.03177	0.00664	0.00948
5	0.01858	0.01658	0.02149	0.01690	0.02088	0.06911	0.11157	0.12313	0.06392	0.06888	0.01405	0.01660	0.01114	0.00828	0.01108	0.00214	0.21949	0.00597	0.00453	0.17569
6	0.06755	0.01617	0.01935	0.01667	0.01777	0.08214	0.01370	0.06966	0.01305	0.01942	0.01042	0.01547	0.00966	0.01377	0.07067	0.00334	0.52417	0.00581	0.00347	0.00774
7	0.02709	0.01087	0.01457	0.01144	0.01618	0.00940	0.00935	0.02970	0.01921	0.60630	0.08369	0.02917	0.08182	0.00967	0.00708	0.00214	0.00541	0.00797	0.00821	0.01073
8	0.00926	0.00700	0.00845	0.00861	0.01006	0.00651	0.00617	0.01207	0.04546	0.02175	0.30279	0.24397	0.21231	0.06210	0.00984	0.00264	0.00379	0.01444	0.00670	0.00609
9	0.01231	0.00758	0.00929	0.00862	0.01080	0.00675	0.00644	0.01462	0.01714	0.12800	0.31850	0.09887	0.24907	0.06930	0.00990	0.00257	0.00399	0.01247	0.00699	0.00680
10	0.01398	0.01324	0.02243	0.55837	0.22361	0.01548	0.01953	0.01841	0.01418	0.01876	0.01235	0.01790	0.00957	0.00664	0.00682	0.00221	0.00886	0.00608	0.00313	0.00845
11	0.01646	0.01553	0.01968	0.01623	0.01977	0.13864	0.16619	0.05392	0.06294	0.06106	0.03899	0.06005	0.04424	0.04721	0.18514	0.00447	0.01110	0.00801	0.02239	0.00797
12	0.00917	0.00653	0.00872	0.00955	0.01011	0.00665	0.00659	0.01048	0.01196	0.01623	0.02910	0.38428	0.03331	0.19532	0.19772	0.00574	0.00829	0.03966	0.00517	0.00541
13	0.00915	0.00717	0.00824	0.00910	0.01007	0.03039	0.00626	0.01049	0.01412	0.01820	0.10102	0.48287	0.17667	0.05020	0.01001	0.02340	0.00425	0.01658	0.00618	0.00563
14	0.01808	0.36424	0.18014	0.03305	0.04120	0.04611	0.06793	0.10123	0.04950	0.02175	0.01232	0.01401	0.00986	0.00650	0.00572	0.00183	0.00841	0.00494	0.00365	0.00953
15	0.01713	0.01527	0.03479	0.01425	0.01643	0.08828	0.01151	0.11439	0.05942	0.06449	0.03381	0.04513	0.04080	0.13414	0.01644	0.00318	0.23556	0.04223	0.00483	0.00791
16	0.29023	0.09440	0.06981	0.02940	0.06068	0.06081	0.01218	0.16810	0.08740	0.04685	0.01382	0.01482	0.01048	0.00710	0.00564	0.00204	0.00703	0.00505	0.00483	0.00935

[dist]
# distance from previous block
# <min> <max>
0	3

[block]
# block no. 4 follows, 31 sequences, length 71
# corresponding to MSA columns:
# 171-241
name=unknown_E
#
# <colnr> <probs for GDERKNQSTAVLIFYWHMCP>
#	G	D	E	R	K	N	Q	S	T	A	V	L	I	F	Y	W	H	M	C	P
0	0.08542	0.16158	0.28605	0.01970	0.06109	0.06557	0.14659	0.04536	0.01553	0.03503	0.01217	0.01451	0.00928	0.00634	0.00623	0.00202	0.00933	0.00534	0.00343	0.00944
1	0.01508	0.15026	0.33844	0.01732	0.02434	0.01626	0.11032	0.02114	0.04876	0.05504	0.04424	0.09645	0.01609	0.00843	0.00670	0.00214	0.00846	0.00729	0.00400	0.00924
2	0.01129	0.00715	0.00919	0.00987	0.01107	0.00676	0.00688	0.01371	0.05351	0.09282	0.05632	0.56529	0.06381	0.04612	0.00935	0.00279	0.00431	0.01672	0.00656	0.00648
3	0.00897	0.00698	0.00853	0.00914	0.01040	0.00664	0.00672	0.01068	0.01451	0.01872	0.10027	0.33294	0.27868	0.04427	0.01002	0.00274	0.03608	0.08167	0.00622	0.00581
4	0.01857	0.07682	0.16486	0.12308	0.04580	0.09700	0.06703	0.17973	0.03640	0.02527	0.01327	0.01561	0.01007	0.00701	0.00691	0.00200	0.02952	0.00556	0.00417	0.07131
5	0.00997	0.00725	0.00875	0.00875	0.01074	0.00651	0.00684	0.01247	0.01697	0.04768	0.28141	0.08500	0.32848	0.01627	0.00829	0.00241	0.00397	0.12512	0.00682	0.00631
6	0.00835	0.00606	0.00789	0.00930	0.00988	0.00560	0.00626	0.00963	0.01345	0.01779	0.05664	0.68424	0.09783	0.02093	0.00867	0.00273	0.00391	0.01889	0.00638	0.00560
7	0.01988	0.17951	0.02440	0.13811	0.12263	0.28162	0.01508	0.04554	0.01646	0.01841	0.01100	0.01402	0.00925	0.00708	0.00736	0.00193	0.07084	0.00495	0.00337	0.00856
8	0.02111	0.45286	0.02897	0.01413	0.01900	0.27177	0.01238	0.05626	0.01663	0.01767	0.01021	0.01182	0.00894	0.00655	0.00560	0.00164	0.02842	0.00410	0.00333	0.00859
9	0.01321	0.01216	0.01909	0.57715	0.04012	0.01382	0.01653	0.01742	0.01379	0.01857	0.01216	0.01732	0.00935	0.00644	0.00644	0.00199	0.00820	0.00562	0.00327	0.18734
10	0.00877	0.00664	0.00816	0.00927	0.01023	0.00624	0.00638	0.01109	0.05239	0.01829	0.04332	0.57955	0.17450	0.01995	0.00851	0.00266	0.00395	0.01781	0.00639	0.00590
11	0.08954	0.05262	0.06714	0.02003	0.04272	0.39100	0.17714	0.02489	0.03594	0.01994	0.01187	0.01427	0.00944	0.00664	0.00646	0.00196	0.01092	0.00538	0.00360	0.00852
12	0.01147	0.00884	0.01161	0.01119	0.01268	0.02827	0.00858	0.06551	0.01276	0.01777	0.01829	0.02746	0.01723	0.11700	0.58778	0.00962	0.01617	0.00742	0.00396	0.00639
13	0.80789	0.01323	0.01006	0.00900	0.01323	0.01535	0.00741	0.02011	0.01164	0.03070	0.00953	0.01111	0.00741	0.00635	0.00423	0.00212	0.00529	0.00370	0.00423	0.00741
14	0.00855	0.00678	0.00769	0.00782	0.00962	0.00592	0.00573	0.01058	0.01616	0.02067	0.23373	0.18177	0.42644	0.01716	0.00819	0.00235	0.00349	0.01476	0.00666	0.00592
15	0.00986	0.00672	0.00781	0.00781	0.00802	0.00680	0.00465	0.01018	0.01026	0.01372	0.02290	0.04364	0.04842	0.65892	0.10717	0.00694	0.00775	0.00983	0.00417	0.00441
16	0.01104	0.00871	0.01037	0.00917	0.01229	0.00716	0.00684	0.01338	0.01463	0.02109	0.10726	0.25122	0.11725	0.01278	0.00689	0.00188	0.00422	0.01114	0.04792	0.32478
17	0.01856	0.73683	0.03525	0.01192	0.01769	0.05297	0.01176	0.02074	0.01410	0.01612	0.00955	0.01102	0.00878	0.00590	0.00446	0.00147	0.00750	0.00369	0.00295	0.00875
18	0.01619	0.16686	0.06089	0.01622	0.04322	0.15849	0.08477	0.01891	0.01403	0.01714	0.01351	0.01921	0.01230	0.07190	0.19366	0.00458	0.07104	0.00601	0.00340	0.00769
19	0.01007	0.00726	0.00950	0.00936	0.00993	0.00796	0.00646	0.01127	0.01088	0.01517	0.05550	0.03674	0.02318	0.40761	0.31226	0.00800	0.04072	0.00887	0.00408	0.00518
20	0.01742	0.02677	0.03435	0.01155	0.01514	0.01329	0.00943	0.17316	0.19811	0.07036	0.07842	0.05160	0.04908	0.00962	0.00650	0.00204	0.00521	0.00786	0.21097	0.00912
21	0.20953	0.01132	0.01234	0.01074	0.01430	0.02662	0.00859	0.05486	0.05007	0.22107	0.02328	0.04650	0.06412	0.01723	0.14652	0.00383	0.00793	0.00705	0.05559	0.00850
22	0.04408	0.02502	0.01609	0.01460	0.01783	0.49724	0.01103	0.06145	0.01874	0.02033	0.01634	0.01797	0.05014	0.00784	0.00600	0.00179	0.00968	0.00541	0.15069	0.00772
23	0.00915	0.00699	0.00899	0.00962	0.01057	0.00703	0.00696	0.01073	0.01331	0.01761	0.06328	0.36037	0.16943	0.08398	0.10844	0.00411	0.04309	0.05493	0.00568	0.00573
24	0.01014	0.00679	0.00880	0.00965	0.01075	0.00634	0.00683	0.01224	0.03301	0.06095	0.10556	0.53801	0.09664	0.01917	0.00849	0.00265	0.00411	0.04707	0.00661	0.00620
25	0.00962	0.00704	0.00929	0.01048	0.01178	0.00671	0.00831	0.01194	0.01514	0.01975	0.09411	0.29603	0.13822	0.01913	0.00891	0.00283	0.00490	0.31339	0.00642	0.00599
26	0.01822	0.70723	0.03413	0.01175	0.01728	0.05153	0.01146	0.02031	0.01394	0.01601	0.01003	0.01237	0.00942	0.03601	0.00567	0.00168	0.00747	0.00394	0.00300	0.00856
27	0.01590	0.06379	0.07195	0.07940	0.10390	0.01674	0.08160	0.06064	0.12555	0.04009	0.01597	0.02031	0.01324	0.05508	0.07710	0.00335	0.13562	0.00666	0.00421	0.00890
28	0.00920	0.00644	0.00825	0.00896	0.00934	0.00647	0.00585	0.01013	0.01153	0.01557	0.02823	0.35876	0.03269	0.31430	0.13739	0.00563	0.00736	0.01376	0.00505	0.00510
29	0.00877	0.00643	0.00795	0.00861	0.00974	0.00588	0.00605	0.01003	0.01410	0.01829	0.11619	0.36728	0.25589	0.02074	0.03897	0.07361	0.00448	0.01543	0.00607	0.00551
30	0.01712	0.01675	0.04291	0.03220	0.42310	0.01751	0.07094	0.06928	0.07595	0.02335	0.01385	0.01738	0.01138	0.00747	0.00945	0.00224	0.12868	0.00635	0.00387	0.01020
31	0.04007	0.02295	0.17793	0.07059	0.17559	0.14727	0.05565	0.08608	0.05859	0.05801	0.01481	0.03568	0.01163	0.00730	0.00669	0.00209	0.00908	0.00609	0.00417	0.00972
32	0.24719	0.01995	0.06327	0.04305	0.26310	0.16948	0.03175	0.02190	0.01497	0.02317	0.01124	0.01411	0.00916	0.00662	0.00649	0.00205	0.03493	0.00502	0.00361	0.00893
33	0.01890	0.27343	0.08633	0.05284	0.07598	0.23189	0.01457	0.02161	0.01527	0.01743	0.01153	0.04268	0.01044	0.00765	0.00763	0.00192	0.09292	0.00521	0.00329	0.00847
34	0.01259	0.00785	0.01008	0.00958	0.01081	0.00823	0.00673	0.01473	0.04596	0.09527	0.02133	0.03496	0.02099	0.38323	0.28033	0.00747	0.01067	0.00855	0.00460	0.00603
35	0.03727	0.03887	0.03535	0.07019	0.09433	0.01205	0.01145	0.02396	0.12954	0.20892	0.13259	0.08530	0.02596	0.01017	0.00704	0.00220	0.00578	0.02584	0.03394	0.00924
36	0.10317	0.03829	0.14752	0.01401	0.01914	0.04407	0.01302	0.25591	0.02047	0.08619	0.01889	0.08270	0.03883	0.01118	0.02732	0.05001	0.00756	0.00709	0.00535	0.00928
37	0.15195	0.01232	0.01523	0.01188	0.01702	0.01152	0.00981	0.06909	0.01906	0.57476	0.02366	0.02099	0.01514	0.00812	0.00646	0.00211	0.00584	0.00634	0.00771	0.01098
38	0.02766	0.01171	0.01532	0.01205	0.01690	0.01066	0.00985	0.05486	0.07322	0.58138	0.06848	0.02499	0.01998	0.00884	0.00690	0.00212	0.00561	0.00724	0.03113	0.01111
39	0.01506	0.06378	0.08160	0.26806	0.26504	0.01642	0.12910	0.01967	0.01477	0.02007	0.01325	0.03846	0.01089	0.00675	0.00689	0.00216	0.00900	0.00657	0.00330	0.00916
40	0.00958	0.00725	0.00889	0.00861	0.01035	0.00673	0.00640	0.01308	0.05028	0.02477	0.48930	0.11804	0.19099	0.01512	0.00808	0.00225	0.00345	0.01322	0.00716	0.00644
41	0.05163	0.01292	0.01647	0.01267	0.01796	0.01203	0.01046	0.14091	0.02142	0.59149	0.02478	0.02183	0.01580	0.00837	0.00680	0.00211	0.00609	0.00667	0.00808	0.01152
42	0.02045	0.01286	0.01490	0.01258	0.01649	0.01347	0.00997	0.16031	0.23224	0.20541	0.12288	0.08361	0.02605	0.01045	0.00716	0.00221	0.00547	0.00874	0.02469	0.01007
43	0.01061	0.01112	0.06732	0.01230	0.01434	0.05204	0.06889	0.01278	0.01379	0.01795	0.03240	0.49117	0.07354	0.05467	0.03081	0.00303	0.00615	0.01529	0.00547	0.00634
44	0.01097	0.00984	0.01684	0.01439	0.01717	0.00905	0.18233	0.01386	0.01506	0.02023	0.10242	0.32772	0.10648	0.01517	0.00830	0.00248	0.00603	0.06826	0.00561	0.04779
45	0.03717	0.00801	0.01067	0.01141	0.01316	0.00790	0.00958	0.01488	0.01597	0.05971	0.14415	0.06535	0.04011	0.07483	0.01089	0.00317	0.00577	0.45441	0.00639	0.00648
46	0.01042	0.05246	0.05284	0.01350	0.06759	0.00889	0.04275	0.01239	0.01326	0.01782	0.03000	0.50875	0.03474	0.08844	0.01067	0.00296	0.00546	0.01522	0.00537	0.00646
47	0.01562	0.01743	0.03713	0.14533	0.03761	0.01696	0.58227	0.02119	0.01575	0.02119	0.01357	0.01842	0.01018	0.00594	0.00787	0.00230	0.01114	0.00775	0.00339	0.00896
48	0.05956	0.12695	0.55585	0.01781	0.02667	0.05828	0.02185	0.02175	0.01450	0.02118	0.01167	0.01369	0.00862	0.00644	0.00608	0.00205	0.00961	0.00476	0.00301	0.00966
49	0.01644	0.39234	0.18835	0.01358	0.01948	0.02036	0.01410	0.09121	0.01585	0.02050	0.01549	0.13373	0.01501	0.00880	0.00585	0.00190	0.00744	0.00682	0.00390	0.00887
50	0.01185	0.02690	0.01024	0.00928	0.01047	0.00865	0.02109	0.02990	0.08168	0.01822	0.02226	0.11001	0.02262	0.31155	0.06250	0.08740	0.00642	0.00930	0.13393	0.00573
51	0.09039	0.11511	0.16526	0.03366	0.05905	0.16094	0.03621	0.13166	0.03714	0.04161	0.01314	0.01556	0.01038	0.03328	0.00753	0.00216	0.02823	0.00530	0.00413	0.00925
52	0.02130	0.04956	0.02071	0.01730	0.01981	0.34108	0.01381	0.11088	0.01747	0.02009	0.01070	0.01384	0.00925	0.00905	0.01244	0.00226	0.29322	0.00522	0.00374	0.00828
53	0.01424	0.04286	0.15101	0.01456	0.07311	0.01168	0.01251	0.01875	0.03902	0.02193	0.01410	0.05507	0.01216	0.00649	0.00572	0.00147	0.00630	0.00536	0.00397	0.48971
54	0.00830	0.00650	0.00753	0.00821	0.00961	0.00572	0.00580	0.00989	0.01471	0.01860	0.09654	0.37505	0.37132	0.01896	0.00838	0.00251	0.00368	0.01656	0.00643	0.00572
55	0.01662	0.01314	0.01411	0.01257	0.01582	0.03039	0.00969	0.13430	0.34200	0.04746	0.12843	0.11088	0.02834	0.03724	0.00821	0.00242	0.00543	0.00945	0.02416	0.00934
56	0.01816	0.01828	0.05966	0.10726	0.13016	0.15929	0.05203	0.08810	0.05271	0.05829	0.09188	0.02295	0.04522	0.00828	0.00680	0.00205	0.00807	0.00695	0.05498	0.00889
57	0.08295	0.01496	0.01559	0.03272	0.01758	0.08963	0.01054	0.19305	0.04477	0.18404	0.05454	0.02289	0.03803	0.03324	0.09058	0.00322	0.02885	0.00680	0.02676	0.00926
58	0.00854	0.00610	0.00798	0.00941	0.00988	0.00572	0.00632	0.00973	0.01305	0.01731	0.03750	0.65952	0.06444	0.07332	0.01058	0.00305	0.00422	0.04165	0.00619	0.00549
59	0.09346	0.01276	0.01443	0.01156	0.01595	0.01289	0.00942	0.22422	0.02142	0.28474	0.02479	0.02386	0.06893	0.00881	0.00637	0.00202	0.00565	0.00689	0.14192	0.00991
60	0.00938	0.00759	0.01027	0.01027	0.01187	0.00711	0.04975	0.01223	0.05562	0.01939	0.09211	0.43550	0.21679	0.01812	0.00837	0.00255	0.00435	0.01622	0.00629	0.00622
61	0.01125	0.00945	0.01553	0.01624	0.10381	0.00985	0.08666	0.01374	0.01227	0.01719	0.02011	0.12102	0.02035	0.14529	0.35754	0.00714	0.01261	0.00922	0.00403	0.00669
62	0.05121	0.01704	0.01889	0.01480	0.01962	0.04629	0.01218	0.40121	0.02556	0.22901	0.01827	0.01788	0.01263	0.00851	0.00813	0.00214	0.07270	0.00620	0.00674	0.01099
63	0.01277	0.00727	0.00749	0.00719	0.00882	0.00731	0.00523	0.05720	0.01485	0.02407	0.02548	0.03122	0.07263	0.13130	0.01007	0.00250	0.00404	0.00757	0.55670	0.00630
64	0.01177	0.01000	0.01465	0.01333	0.01422	0.01250	0.02742	0.01366	0.01146	0.01682	0.06900	0.02480	0.01788	0.05347	0.36264	0.05253	0.25641	0.00730	0.00371	0.00643
65	0.01756	0.01869	0.07669	0.08963	0.31306	0.10776	0.01740	0.07620	0.09009	0.02328	0.01677	0.02342	0.01437	0.00816	0.00698	0.00218	0.00838	0.07536	0.00429	0.00972
66	0.01014	0.00726	0.01024	0.01017	0.01106	0.00823	0.00753	0.01178	0.01076	0.01543	0.01854	0.02989	0.01823	0.19284	0.51062	0.05396	0.03160	0.00773	0.02844	0.00557
67	0.01035	0.00664	0.00865	0.00940	0.01053	0.00606	0.00657	0.01195	0.01460	0.07795	0.11799	0.54693	0.10830	0.01909	0.00844	0.00261	0.00399	0.01710	0.00667	0.00619
68	0.01447	0.06766	0.16026	0.02673	0.33234	0.03086	0.03171	0.01847	0.01481	0.02050	0.01943	0.17713	0.03700	0.00980	0.00703	0.00219	0.00760	0.00885	0.00399	0.00917
69	0.09550	0.17148	0.12029	0.01782	0.05937	0.21774	0.06733	0.06952	0.01675	0.04009	0.01162	0.01371	0.00931	0.00695	0.00695	0.00196	0.05603	0.00495	0.00370	0.00893
70	0.06185	0.01248	0.01347	0.01231	0.04866	0.06626	0.00879	0.04081	0.04764	0.03788	0.01748	0.08626	0.01662	0.11693	0.09671	0.00344	0.00762	0.00705	0.00450	0.29325

[dist]
# distance from previous block
# <min> <max>
8	27

[block]
# block no. 5 follows, 31 sequences, length 22
# corresponding to MSA columns:
# 271-292
name=unknown_F
#
# <colnr> <probs for GDERKNQSTAVLIFYWHMCP>
#	G	D	E	R	K	N	Q	S	T	A	V	L	I	F	Y	W	H	M	C	P
0	0.01670	0.10547	0.26383	0.02455	0.25271	0.01666	0.01903	0.02331	0.08609	0.06498	0.01466	0.01655	0.01124	0.00663	0.00635	0.00200	0.00813	0.00558	0.00388	0.05163
1	0.01898	0.06837	0.04227	0.02336	0.26786	0.05786	0.01464	0.10381	0.05346	0.07908	0.01463	0.01641	0.01144	0.00651	0.00619	0.00177	0.00727	0.00547	0.00451	0.19610
2	0.05476	0.03965	0.15881	0.02022	0.18735	0.01440	0.01511	0.10274	0.04606	0.02574	0.09944	0.02153	0.04008	0.00772	0.00646	0.00192	0.00693	0.00647	0.00460	0.14001
3	0.01463	0.17962	0.58781	0.01796	0.02722	0.01810	0.02259	0.02143	0.01434	0.02056	0.01173	0.01376	0.00869	0.00637	0.00608	0.00203	0.00956	0.00478	0.00290	0.00985
4	0.01220	0.02506	0.46393	0.01548	0.02252	0.01243	0.01839	0.01838	0.01611	0.02346	0.24536	0.02828	0.05114	0.00934	0.00707	0.00217	0.00761	0.00779	0.00454	0.00876
5	0.01139	0.01429	0.15408	0.01637	0.14132	0.00993	0.01250	0.01533	0.01675	0.02310	0.28456	0.04138	0.20817	0.01192	0.00753	0.00217	0.00554	0.01031	0.00556	0.00780
6	0.01644	0.01575	0.02688	0.12844	0.63430	0.01613	0.02075	0.02056	0.01534	0.02175	0.01278	0.01709	0.01063	0.00619	0.00678	0.00206	0.00825	0.00609	0.00334	0.01044
7	0.00925	0.00698	0.00854	0.00815	0.00995	0.00627	0.00611	0.01206	0.01833	0.02499	0.53710	0.05514	0.24226	0.01490	0.00807	0.00220	0.00329	0.01294	0.00721	0.00627
8	0.04908	0.01221	0.02004	0.70973	0.04558	0.01521	0.01847	0.01760	0.01359	0.01808	0.01204	0.01792	0.00904	0.00682	0.00672	0.00227	0.00895	0.00597	0.00309	0.00759
9	0.00968	0.00699	0.00914	0.00861	0.01022	0.00646	0.00646	0.01291	0.01937	0.02743	0.71328	0.05110	0.06455	0.01399	0.00807	0.00215	0.00323	0.01237	0.00753	0.00646
10	0.06703	0.03470	0.05634	0.06651	0.47402	0.05457	0.01835	0.02155	0.03203	0.03971	0.01300	0.01633	0.01061	0.00641	0.00675	0.00201	0.02257	0.00571	0.00364	0.04816
11	0.00987	0.00694	0.00901	0.00901	0.00955	0.00748	0.00608	0.01095	0.01041	0.01441	0.02014	0.03691	0.02146	0.44836	0.34136	0.00855	0.01177	0.00880	0.00393	0.00501
12	0.00840	0.00649	0.00766	0.00832	0.00967	0.00576	0.00588	0.01007	0.01492	0.01912	0.13429	0.37858	0.32877	0.01879	0.00838	0.00250	0.00367	0.01647	0.00650	0.00576
13	0.01264	0.01196	0.02012	0.65883	0.04367	0.01452	0.04153	0.01702	0.01392	0.01772	0.01681	0.02208	0.06586	0.00765	0.00698	0.00228	0.00875	0.00682	0.00332	0.00751
14	0.02513	0.03179	0.01981	0.01884	0.05591	0.69634	0.01361	0.02700	0.01920	0.01702	0.01069	0.01257	0.00891	0.00700	0.00620	0.00178	0.01213	0.00449	0.00352	0.00808
15	0.01467	0.01403	0.07740	0.01269	0.04123	0.01118	0.01037	0.10014	0.03132	0.02336	0.01594	0.06388	0.01440	0.06998	0.07497	0.00278	0.00721	0.00626	0.00445	0.40374
16	0.07324	0.01171	0.09861	0.01116	0.01408	0.00972	0.00969	0.01420	0.01167	0.01806	0.01672	0.02574	0.01584	0.16170	0.37514	0.00724	0.01263	0.00683	0.00375	0.10226
17	0.11035	0.08730	0.11153	0.01051	0.01316	0.03502	0.00900	0.01471	0.01152	0.01715	0.01674	0.03059	0.01764	0.42109	0.03974	0.00477	0.03176	0.00750	0.00379	0.00612
18	0.01870	0.61416	0.03205	0.01244	0.01787	0.08097	0.01172	0.02298	0.09949	0.01769	0.01186	0.01288	0.01027	0.00637	0.00485	0.00159	0.00747	0.00422	0.00347	0.00897
19	0.02017	0.44714	0.05104	0.01321	0.01868	0.07381	0.01219	0.10704	0.11330	0.06317	0.01412	0.01462	0.01130	0.00688	0.00539	0.00174	0.00744	0.00482	0.00434	0.00957
20	0.01672	0.01710	0.02362	0.02062	0.06350	0.07585	0.09857	0.05838	0.01347	0.01910	0.01038	0.01540	0.00941	0.01024	0.01752	0.00270	0.50976	0.00614	0.00334	0.00819
21	0.01211	0.05511	0.05235	0.00906	0.01048	0.00857	0.00659	0.01307	0.01160	0.06985	0.02268	0.12681	0.02482	0.51896	0.02587	0.00522	0.00649	0.01020	0.00461	0.00554

[dist]
# distance from previous block
# <min> <max>
0	5

[block]
# block no. 6 follows, 31 sequences, length 14
# corresponding to MSA columns:
# 298-311
name=unknown_G
#
# <colnr> <probs for GDERKNQSTAVLIFYWHMCP>
#	G	D	E	R	K	N	Q	S	T	A	V	L	I	F	Y	W	H	M	C	P
0	0.01687	0.02079	0.15695	0.05096	0.10310	0.14486	0.05534	0.07093	0.01662	0.03781	0.01725	0.04673	0.03410	0.01255	0.07551	0.00295	0.02960	0.04700	0.00410	0.05599
1	0.06222	0.14294	0.02247	0.02058	0.18910	0.01677	0.04850	0.04166	0.01444	0.02054	0.03935	0.12080	0.06381	0.01039	0.00979	0.00227	0.15367	0.00820	0.00414	0.00836
2	0.00994	0.05272	0.01282	0.01256	0.05543	0.00830	0.05277	0.01175	0.01386	0.01812	0.03743	0.51841	0.13399	0.01794	0.00822	0.00256	0.00485	0.01622	0.00577	0.00635
3	0.00979	0.00731	0.00874	0.00881	0.01044	0.00687	0.00643	0.03366	0.04173	0.02279	0.28574	0.26018	0.21051	0.01642	0.00807	0.00236	0.00372	0.01438	0.03570	0.00635
4	0.80789	0.01323	0.01006	0.00900	0.01323	0.01535	0.00741	0.02011	0.01164	0.03070	0.00953	0.01111	0.00741	0.00635	0.00423	0.00212	0.00529	0.00370	0.00423	0.00741
5	0.01620	0.01699	0.07290	0.13104	0.58494	0.01609	0.02102	0.02059	0.01526	0.02168	0.01274	0.01694	0.01047	0.00622	0.00676	0.00207	0.00839	0.00602	0.00331	0.01037
6	0.02090	0.01412	0.01580	0.01356	0.01786	0.01543	0.01073	0.06497	0.49990	0.20590	0.02712	0.02455	0.01946	0.00903	0.00694	0.00226	0.00561	0.00745	0.00734	0.01107
7	0.00895	0.00629	0.00811	0.00933	0.00974	0.00602	0.00627	0.01005	0.01261	0.01677	0.03384	0.52929	0.04000	0.19190	0.01483	0.00370	0.00480	0.07639	0.00584	0.00530
8	0.01622	0.00956	0.01218	0.01149	0.03838	0.00936	0.00846	0.06760	0.06399	0.17628	0.17222	0.11346	0.09318	0.01616	0.06899	0.04469	0.00593	0.01004	0.05379	0.00804
9	0.01300	0.01023	0.03206	0.10318	0.11053	0.01010	0.01095	0.01626	0.06082	0.05915	0.04359	0.10658	0.06837	0.13376	0.05593	0.07627	0.00711	0.07024	0.00484	0.00702
10	0.01078	0.00734	0.00938	0.00930	0.01072	0.00695	0.02613	0.01230	0.01367	0.06477	0.03911	0.30554	0.20115	0.14545	0.03152	0.00340	0.02320	0.01388	0.05943	0.00600
11	0.42163	0.01486	0.01415	0.01174	0.01638	0.01661	0.00961	0.20699	0.10051	0.10418	0.01536	0.01552	0.01113	0.00742	0.00554	0.00212	0.00597	0.00518	0.00570	0.00940
12	0.01766	0.06119	0.08998	0.12180	0.22997	0.04275	0.04121	0.10075	0.10944	0.05371	0.01675	0.05529	0.01363	0.00780	0.00678	0.00213	0.00794	0.00680	0.00452	0.00990
13	0.14054	0.04037	0.04023	0.01503	0.07367	0.09543	0.01113	0.07849	0.07022	0.10447	0.01788	0.08220	0.01578	0.08258	0.02551	0.00276	0.05616	0.00711	0.00499	0.03544

[dist]
# distance from previous block
# <min> <max>
2	5

[block]
# block no. 7 follows, 31 sequences, length 26
# corresponding to MSA columns:
# 317-342
name=unknown_H
#
# <colnr> <probs for GDERKNQSTAVLIFYWHMCP>
#	G	D	E	R	K	N	Q	S	T	A	V	L	I	F	Y	W	H	M	C	P
0	0.08674	0.41904	0.07400	0.01462	0.05084	0.12339	0.01295	0.08766	0.01656	0.04262	0.01122	0.01259	0.00929	0.00643	0.00519	0.00171	0.00805	0.00432	0.00369	0.00909
1	0.01723	0.01702	0.10679	0.01364	0.01871	0.07255	0.03917	0.06837	0.14662	0.09668	0.11345	0.02526	0.05936	0.00867	0.00669	0.00193	0.00656	0.00719	0.00561	0.16850
2	0.00856	0.00630	0.00809	0.00907	0.00995	0.00583	0.00628	0.01019	0.01436	0.01912	0.14746	0.52512	0.14012	0.02068	0.03231	0.00289	0.00425	0.01725	0.00645	0.00575
3	0.34058	0.01510	0.07001	0.05188	0.05000	0.01508	0.01140	0.10611	0.04634	0.09562	0.03178	0.01691	0.01211	0.00948	0.03948	0.00255	0.03685	0.00541	0.03454	0.00876
4	0.01738	0.04044	0.08640	0.16906	0.15836	0.18596	0.07348	0.02259	0.08319	0.01985	0.01534	0.01839	0.03311	0.00783	0.00750	0.03324	0.00928	0.00612	0.00373	0.00876
5	0.02408	0.02228	0.01918	0.01594	0.02051	0.23208	0.01263	0.36434	0.16246	0.03237	0.01696	0.01702	0.01264	0.00808	0.00667	0.00202	0.00854	0.00595	0.00588	0.01037
6	0.01053	0.00713	0.00903	0.00934	0.01052	0.00738	0.00685	0.03387	0.01411	0.02070	0.08683	0.29892	0.05823	0.02313	0.16160	0.00415	0.02649	0.01222	0.19281	0.00620
7	0.01724	0.01795	0.08374	0.09855	0.11196	0.07464	0.21299	0.04707	0.01584	0.07980	0.01515	0.03925	0.01238	0.04002	0.04267	0.00283	0.06791	0.00709	0.00400	0.00893
8	0.00949	0.00637	0.00830	0.00939	0.01025	0.00584	0.00644	0.01089	0.01392	0.05303	0.07077	0.62682	0.10268	0.02009	0.00855	0.00268	0.00398	0.01807	0.00651	0.00592
9	0.00928	0.00742	0.01010	0.13800	0.01636	0.00744	0.00833	0.01149	0.01468	0.01915	0.13902	0.36764	0.19195	0.01685	0.00816	0.00249	0.00465	0.01494	0.00594	0.00610
10	0.80789	0.01323	0.01006	0.00900	0.01323	0.01535	0.00741	0.02011	0.01164	0.03070	0.00953	0.01111	0.00741	0.00635	0.00423	0.00212	0.00529	0.00370	0.00423	0.00741
11	0.01004	0.00676	0.00901	0.00971	0.01034	0.00677	0.00667	0.04004	0.01270	0.01710	0.02860	0.44888	0.03286	0.08211	0.10302	0.14407	0.00645	0.01426	0.00528	0.00533
12	0.04650	0.00992	0.01153	0.01030	0.01333	0.00972	0.00802	0.07546	0.09851	0.15635	0.18009	0.11657	0.19471	0.01330	0.00757	0.00228	0.00461	0.02606	0.00702	0.00815
13	0.00942	0.00636	0.00859	0.00990	0.01060	0.00602	0.00691	0.01086	0.01343	0.04392	0.03631	0.64738	0.04249	0.02215	0.04211	0.00316	0.00486	0.06335	0.00630	0.00586
14	0.01246	0.04274	0.01456	0.04637	0.01559	0.01141	0.03707	0.06686	0.04459	0.01844	0.01721	0.02490	0.01571	0.08180	0.42963	0.06933	0.03355	0.00709	0.00395	0.00674
15	0.18348	0.08759	0.15674	0.06131	0.19117	0.11486	0.07039	0.02164	0.01485	0.02236	0.01148	0.01427	0.00912	0.00635	0.00600	0.00202	0.00874	0.00511	0.00344	0.00910
16	0.01724	0.01756	0.02711	0.09557	0.50433	0.08307	0.07649	0.02114	0.01557	0.02110	0.01249	0.01664	0.01038	0.00651	0.00761	0.00210	0.04564	0.00610	0.00336	0.01000
17	0.01183	0.00968	0.04138	0.01275	0.04806	0.00912	0.03887	0.04450	0.01277	0.01784	0.04999	0.09315	0.02033	0.12383	0.24185	0.15901	0.01017	0.00842	0.00413	0.04233
18	0.04097	0.19112	0.21288	0.01527	0.02158	0.15871	0.02901	0.04186	0.04295	0.08445	0.01468	0.01573	0.02682	0.00692	0.00592	0.00184	0.00862	0.00508	0.00402	0.07159
19	0.01655	0.11841	0.14622	0.02179	0.18420	0.08473	0.07215	0.05107	0.01599	0.03962	0.01708	0.13255	0.01590	0.00887	0.00668	0.00208	0.00808	0.00774	0.04124	0.00904
20	0.08969	0.00992	0.01232	0.01064	0.01402	0.00935	0.00834	0.04191	0.03972	0.31907	0.18197	0.16036	0.04977	0.01208	0.00728	0.00225	0.00484	0.01028	0.00735	0.00884
21	0.03568	0.01490	0.07629	0.01795	0.13534	0.04875	0.04612	0.07660	0.07422	0.07999	0.04958	0.12355	0.11949	0.01120	0.00728	0.00225	0.00657	0.03627	0.02923	0.00874
22	0.01881	0.05630	0.19273	0.02226	0.15477	0.03392	0.07625	0.18545	0.03689	0.06075	0.01461	0.01686	0.01109	0.00930	0.04150	0.00254	0.04532	0.00601	0.00443	0.01021
23	0.01195	0.00918	0.03858	0.00999	0.01164	0.00833	0.00737	0.07067	0.04174	0.05202	0.08018	0.32105	0.06580	0.22148	0.01544	0.00364	0.00532	0.01334	0.00585	0.00643
24	0.01046	0.00767	0.00902	0.00917	0.01085	0.00738	0.00675	0.05432	0.04436	0.02247	0.17318	0.29479	0.19861	0.01650	0.00796	0.00240	0.00402	0.04091	0.07272	0.00647
25	0.04311	0.08308	0.21409	0.02310	0.15516	0.12092	0.11664	0.02313	0.01580	0.08756	0.01332	0.01568	0.01012	0.00678	0.00726	0.00208	0.04315	0.00566	0.00374	0.00964

[dist]
# distance from previous block
# <min> <max>
2	9

[block]
# block no. 8 follows, 31 sequences, length 18
# corresponding to MSA columns:
# 352-369
name=unknown_I
#
# <colnr> <probs for GDERKNQSTAVLIFYWHMCP>
#	G	D	E	R	K	N	Q	S	T	A	V	L	I	F	Y	W	H	M	C	P
0	0.12953	0.06492	0.11337	0.01708	0.10906	0.01403	0.06617	0.06765	0.03811	0.05179	0.02065	0.10457	0.06105	0.07237	0.00894	0.00251	0.00696	0.00799	0.00461	0.03864
1	0.01594	0.01654	0.09334	0.01955	0.17230	0.08928	0.03610	0.02012	0.04726	0.07692	0.10578	0.02909	0.13127	0.00963	0.00780	0.00210	0.04628	0.00801	0.03135	0.04131
2	0.00899	0.00670	0.00802	0.00832	0.00957	0.00612	0.00586	0.01077	0.01510	0.01989	0.22755	0.22694	0.23717	0.13845	0.01265	0.00312	0.00414	0.03868	0.00631	0.00566
3	0.01321	0.01197	0.01319	0.01229	0.01357	0.09356	0.00942	0.04154	0.01310	0.01745	0.02054	0.06625	0.06320	0.13232	0.26395	0.00598	0.15806	0.00813	0.03577	0.00649
4	0.04990	0.07193	0.10762	0.11877	0.20633	0.09244	0.01681	0.11366	0.01738	0.04917	0.01392	0.04609	0.01150	0.00766	0.00734	0.00210	0.04773	0.00610	0.00406	0.00948
5	0.08488	0.14482	0.43077	0.01833	0.02655	0.01784	0.10898	0.02204	0.04537	0.02193	0.01251	0.01463	0.00935	0.00641	0.00620	0.00208	0.00922	0.00524	0.00327	0.00958
6	0.11298	0.00940	0.01047	0.00940	0.01233	0.00929	0.00732	0.01933	0.10365	0.13093	0.26490	0.04066	0.18196	0.01204	0.00712	0.00217	0.00420	0.01004	0.04405	0.00776
7	0.00881	0.00654	0.00800	0.00846	0.00962	0.00597	0.00591	0.01060	0.01519	0.02017	0.23717	0.32569	0.20599	0.08675	0.01081	0.00285	0.00389	0.01536	0.00649	0.00573
8	0.05784	0.18571	0.22610	0.02071	0.12087	0.05168	0.11338	0.04364	0.01535	0.02140	0.01293	0.04472	0.01084	0.00683	0.00621	0.00197	0.00873	0.00581	0.00347	0.04181
9	0.01021	0.00838	0.04313	0.05960	0.01425	0.00726	0.00885	0.01236	0.01413	0.04707	0.03726	0.46717	0.10531	0.01842	0.00847	0.00270	0.00499	0.11811	0.00604	0.00629
10	0.01522	0.00852	0.01034	0.00931	0.01198	0.00775	0.00716	0.04406	0.01726	0.19436	0.16376	0.09305	0.22945	0.07179	0.00974	0.00259	0.00456	0.04052	0.05111	0.00749
11	0.01636	0.02090	0.19404	0.09465	0.16837	0.04382	0.15703	0.03859	0.03324	0.04865	0.01368	0.01669	0.01039	0.00633	0.00675	0.00202	0.00901	0.00600	0.00371	0.10977
12	0.05032	0.14974	0.10205	0.05148	0.22057	0.12172	0.01601	0.07083	0.06228	0.04483	0.03818	0.01672	0.01255	0.00699	0.00621	0.00195	0.00828	0.00558	0.00408	0.00964
13	0.03389	0.21806	0.05065	0.01169	0.01506	0.01489	0.03963	0.01758	0.06056	0.05524	0.02406	0.10015	0.09605	0.15073	0.04146	0.00329	0.04647	0.00858	0.00453	0.00743
14	0.01481	0.01308	0.01257	0.01313	0.05609	0.15115	0.00896	0.04623	0.01666	0.06728	0.12370	0.29509	0.08401	0.05412	0.00915	0.00254	0.00616	0.01237	0.00582	0.00709
15	0.09533	0.04574	0.25747	0.01875	0.09174	0.06427	0.04717	0.13677	0.04129	0.02635	0.04427	0.01662	0.01236	0.00704	0.00633	0.00201	0.00829	0.00561	0.00425	0.06834
16	0.13711	0.01833	0.09352	0.05094	0.17837	0.08325	0.06853	0.11392	0.01750	0.04653	0.03852	0.01926	0.02921	0.03214	0.00734	0.00221	0.00792	0.00620	0.04005	0.00915
17	0.01460	0.05167	0.03772	0.01802	0.17775	0.01186	0.01151	0.08351	0.04139	0.06041	0.10704	0.22268	0.07415	0.01241	0.00733	0.00224	0.00565	0.01092	0.04079	0.00836

[dist]
# distance from previous block
# <min> <max>
8	50

[block]
# block no. 9 follows, 31 sequences, length 98
# corresponding to MSA columns:
# 420-517
name=unknown_J
#
# <colnr> <probs for GDERKNQSTAVLIFYWHMCP>
#	G	D	E	R	K	N	Q	S	T	A	V	L	I	F	Y	W	H	M	C	P
0	0.03369	0.12564	0.06794	0.01806	0.13006	0.06314	0.05435	0.08764	0.03664	0.04212	0.07730	0.07251	0.04608	0.03861	0.00812	0.00222	0.02757	0.00763	0.05201	0.00867
1	0.01896	0.09858	0.19625	0.02294	0.18478	0.07314	0.05574	0.13529	0.07517	0.05260	0.01464	0.01632	0.01112	0.00693	0.00652	0.00203	0.00863	0.00575	0.00430	0.01030
2	0.18127	0.10448	0.14015	0.01704	0.09857	0.09837	0.01411	0.07368	0.06616	0.09594	0.01420	0.01525	0.01068	0.00689	0.00584	0.00197	0.00769	0.00509	0.00450	0.03810
3	0.02242	0.23137	0.02346	0.01491	0.03818	0.19755	0.01212	0.18442	0.05865	0.07668	0.01433	0.01506	0.01112	0.00713	0.00585	0.00177	0.00820	0.00507	0.02754	0.04416
4	0.00885	0.00640	0.00799	0.00879	0.00959	0.00596	0.00598	0.01027	0.01392	0.01848	0.14086	0.42281	0.13144	0.14250	0.01291	0.00327	0.00430	0.03402	0.00616	0.00551
5	0.01367	0.08774	0.18513	0.01576	0.02051	0.04099	0.12239	0.03812	0.03804	0.02043	0.06092	0.16368	0.05963	0.06587	0.00979	0.00259	0.03269	0.00958	0.00447	0.00799
6	0.04896	0.11058	0.23902	0.02003	0.12260	0.07637	0.03923	0.07281	0.10768	0.05098	0.01556	0.01823	0.01217	0.00736	0.00642	0.00208	0.00844	0.02736	0.00425	0.00988
7	0.01604	0.05406	0.09098	0.01130	0.01490	0.00968	0.00990	0.03681	0.01620	0.20726	0.05290	0.26372	0.13646	0.01414	0.00760	0.00236	0.00541	0.03577	0.00638	0.00812
8	0.00986	0.00766	0.00891	0.00936	0.01102	0.00732	0.00686	0.04186	0.06500	0.02028	0.07001	0.35983	0.27870	0.01812	0.00832	0.00255	0.00417	0.05737	0.00645	0.00636
9	0.01661	0.08635	0.37922	0.01964	0.09323	0.01648	0.04147	0.10078	0.04020	0.06302	0.01582	0.06853	0.01278	0.00786	0.00664	0.00213	0.00859	0.00649	0.00412	0.01001
10	0.04558	0.06719	0.10346	0.01840	0.09159	0.24811	0.03611	0.09083	0.04582	0.11739	0.03921	0.01833	0.03282	0.00767	0.00648	0.00197	0.00893	0.00589	0.00476	0.00943
11	0.01631	0.01471	0.03600	0.11776	0.16094	0.07757	0.07735	0.04425	0.03873	0.08153	0.02033	0.16443	0.01939	0.04760	0.00919	0.00252	0.03008	0.02812	0.00472	0.00848
12	0.00961	0.00691	0.00844	0.00835	0.00997	0.00623	0.00608	0.01191	0.01681	0.04180	0.37026	0.17461	0.23342	0.05304	0.00948	0.00252	0.00366	0.01387	0.00687	0.00615
13	0.01652	0.02126	0.17660	0.10948	0.41893	0.07521	0.02078	0.02173	0.03515	0.02140	0.01290	0.01640	0.01030	0.00643	0.00668	0.00207	0.00893	0.00578	0.00336	0.01009
14	0.01849	0.09389	0.13873	0.04552	0.13063	0.05713	0.13084	0.10721	0.05902	0.06651	0.01487	0.01708	0.01130	0.00709	0.00732	0.00209	0.04089	0.00609	0.03549	0.00980
